1 9.991920e-01 7.080000e-04 1.000000e-04
2 9.987160e-01 1.012000e-03 2.720000e-04
3 9.981080e-01 1.436000e-03 4.560000e-04
4 9.972600e-01 2.000000e-03 7.400000e-04
5 9.963000e-01 2.500000e-03 1.200000e-03
6 9.952960e-01 3.036000e-03 1.668000e-03
7 9.943440e-01 3.276000e-03 2.380000e-03
8 9.933240e-01 3.696000e-03 2.980000e-03
9 9.922520e-01 4.056000e-03 3.692000e-03
10 9.912080e-01 4.332000e-03 4.460000e-03
11 9.901840e-01 4.612000e-03 5.204000e-03
12 9.890440e-01 4.860000e-03 6.096000e-03
13 9.878680e-01 5.180000e-03 6.952000e-03
14 9.866600e-01 5.440000e-03 7.900000e-03
15 9.854720e-01 5.668000e-03 8.860000e-03
16 9.842960e-01 5.792000e-03 9.912000e-03
17 9.830040e-01 5.980000e-03 1.101600e-02
18 9.817760e-01 6.148000e-03 1.207600e-02
19 9.804880e-01 6.376000e-03 1.313600e-02
20 9.793440e-01 6.404000e-03 1.425200e-02
21 9.779200e-01 6.656000e-03 1.542400e-02
22 9.767160e-01 6.736000e-03 1.654800e-02
23 9.754400e-01 6.872000e-03 1.768800e-02
24 9.739840e-01 7.164000e-03 1.885200e-02
25 9.725840e-01 7.312000e-03 2.010400e-02
26 9.712040e-01 7.472000e-03 2.132400e-02
27 9.697640e-01 7.648000e-03 2.258800e-02
28 9.684280e-01 7.632000e-03 2.394000e-02
29 9.670320e-01 7.668000e-03 2.530000e-02
30 9.656360e-01 7.640000e-03 2.672400e-02
31 9.641080e-01 7.812000e-03 2.808000e-02
32 9.625440e-01 7.876000e-03 2.958000e-02
33 9.609520e-01 8.088000e-03 3.096000e-02
34 9.594200e-01 8.144000e-03 3.243600e-02
35 9.578320e-01 8.244000e-03 3.392400e-02
36 9.563840e-01 8.124000e-03 3.549200e-02
37 9.548640e-01 8.160000e-03 3.697600e-02
38 9.533480e-01 8.112000e-03 3.854000e-02
39 9.518280e-01 8.120000e-03 4.005200e-02
40 9.502040e-01 8.352000e-03 4.144400e-02
41 9.486680e-01 8.460000e-03 4.287200e-02
42 9.471440e-01 8.500000e-03 4.435600e-02
43 9.454600e-01 8.740000e-03 4.580000e-02
44 9.440080e-01 8.504000e-03 4.748800e-02
45 9.424440e-01 8.524000e-03 4.903200e-02
46 9.408560e-01 8.680000e-03 5.046400e-02
47 9.393480e-01 8.576000e-03 5.207600e-02
48 9.377400e-01 8.604000e-03 5.365600e-02
49 9.359680e-01 8.740000e-03 5.529200e-02
50 9.343760e-01 8.728000e-03 5.689600e-02
51 9.325880e-01 8.956000e-03 5.845600e-02
52 9.308320e-01 9.052000e-03 6.011600e-02
53 9.291440e-01 9.120000e-03 6.173600e-02
54 9.273760e-01 9.244000e-03 6.338000e-02
55 9.257600e-01 9.368000e-03 6.487200e-02
56 9.239440e-01 9.580000e-03 6.647600e-02
57 9.222720e-01 9.520000e-03 6.820800e-02
58 9.205520e-01 9.604000e-03 6.984400e-02
59 9.187880e-01 9.760000e-03 7.145200e-02
60 9.169560e-01 9.828000e-03 7.321600e-02
61 9.153360e-01 9.800000e-03 7.486400e-02
62 9.133880e-01 9.928000e-03 7.668400e-02
63 9.116400e-01 9.852000e-03 7.850800e-02
64 9.097760e-01 9.944000e-03 8.028000e-02
65 9.079120e-01 1.002400e-02 8.206400e-02
66 9.060160e-01 1.031200e-02 8.367200e-02
67 9.040200e-01 1.046800e-02 8.551200e-02
68 9.021720e-01 1.041200e-02 8.741600e-02
69 9.001560e-01 1.059600e-02 8.924800e-02
70 8.982760e-01 1.064000e-02 9.108400e-02
71 8.964280e-01 1.052000e-02 9.305200e-02
72 8.945800e-01 1.054800e-02 9.487200e-02
73 8.929040e-01 1.051600e-02 9.658000e-02
74 8.912400e-01 1.035600e-02 9.840400e-02
75 8.896720e-01 1.021200e-02 1.001160e-01
76 8.879520e-01 1.028400e-02 1.017640e-01
77 8.864000e-01 1.011600e-02 1.034840e-01
78 8.846880e-01 9.936000e-03 1.053760e-01
79 8.830200e-01 9.864000e-03 1.071160e-01
80 8.815600e-01 9.576000e-03 1.088640e-01
81 8.799280e-01 9.600000e-03 1.104720e-01
82 8.782920e-01 9.564000e-03 1.121440e-01
83 8.767600e-01 9.548000e-03 1.136920e-01
84 8.750240e-01 9.696000e-03 1.152800e-01
85 8.733200e-01 9.740000e-03 1.169400e-01
86 8.718240e-01 9.640000e-03 1.185360e-01
87 8.703040e-01 9.536000e-03 1.201600e-01
88 8.685320e-01 9.696000e-03 1.217720e-01
89 8.668000e-01 9.768000e-03 1.234320e-01
90 8.651240e-01 9.844000e-03 1.250320e-01
91 8.634960e-01 9.740000e-03 1.267640e-01
92 8.618440e-01 9.652000e-03 1.285040e-01
93 8.602880e-01 9.576000e-03 1.301360e-01
94 8.587720e-01 9.244000e-03 1.319840e-01
95 8.573120e-01 9.028000e-03 1.336600e-01
96 8.558200e-01 8.896000e-03 1.352840e-01
97 8.542560e-01 8.836000e-03 1.369080e-01
98 8.527440e-01 8.784000e-03 1.384720e-01
99 8.512480e-01 8.812000e-03 1.399400e-01
100 8.497160e-01 8.816000e-03 1.414680e-01
101 8.481040e-01 9.048000e-03 1.428480e-01
102 8.465240e-01 9.072000e-03 1.444040e-01
103 8.450360e-01 8.952000e-03 1.460120e-01
104 8.435880e-01 8.976000e-03 1.474360e-01
105 8.419840e-01 9.064000e-03 1.489520e-01
106 8.403680e-01 9.076000e-03 1.505560e-01
107 8.387160e-01 9.340000e-03 1.519440e-01
108 8.371360e-01 9.192000e-03 1.536720e-01
109 8.355000e-01 9.332000e-03 1.551680e-01
110 8.337600e-01 9.220000e-03 1.570200e-01
111 8.321000e-01 9.428000e-03 1.584720e-01
112 8.302440e-01 9.676000e-03 1.600800e-01
113 8.285440e-01 9.684000e-03 1.617720e-01
114 8.268440e-01 9.792000e-03 1.633640e-01
115 8.251040e-01 9.884000e-03 1.650120e-01
116 8.234960e-01 9.720000e-03 1.667840e-01
117 8.217920e-01 9.732000e-03 1.684760e-01
118 8.199600e-01 1.007200e-02 1.699680e-01
119 8.182520e-01 1.000800e-02 1.717400e-01
120 8.165760e-01 9.920000e-03 1.735040e-01
121 8.149080e-01 9.788000e-03 1.753040e-01
122 8.133640e-01 9.624000e-03 1.770120e-01
123 8.118440e-01 9.476000e-03 1.786800e-01
124 8.100680e-01 9.636000e-03 1.802960e-01
125 8.084640e-01 9.548000e-03 1.819880e-01
126 8.070080e-01 9.428000e-03 1.835640e-01
127 8.054600e-01 9.408000e-03 1.851320e-01
128 8.039280e-01 9.184000e-03 1.868880e-01
129 8.023760e-01 9.244000e-03 1.883800e-01
130 8.008000e-01 9.224000e-03 1.899760e-01
131 7.991760e-01 9.332000e-03 1.914920e-01
132 7.976520e-01 9.320000e-03 1.930280e-01
133 7.960760e-01 9.224000e-03 1.947000e-01
134 7.946960e-01 8.908000e-03 1.963960e-01
135 7.932120e-01 8.772000e-03 1.980160e-01
136 7.918120e-01 8.656000e-03 1.995320e-01
137 7.902360e-01 8.760000e-03 2.010040e-01
138 7.889400e-01 8.344000e-03 2.027160e-01
139 7.876920e-01 8.172000e-03 2.041360e-01
140 7.863680e-01 7.996000e-03 2.056360e-01
141 7.849640e-01 7.860000e-03 2.071760e-01
142 7.837680e-01 7.680000e-03 2.085520e-01
143 7.824960e-01 7.524000e-03 2.099800e-01
144 7.812560e-01 7.476000e-03 2.112680e-01
145 7.800040e-01 7.456000e-03 2.125400e-01
146 7.786720e-01 7.512000e-03 2.138160e-01
147 7.772920e-01 7.588000e-03 2.151200e-01
148 7.759160e-01 7.628000e-03 2.164560e-01
149 7.746000e-01 7.620000e-03 2.177800e-01
150 7.732440e-01 7.748000e-03 2.190080e-01
151 7.717440e-01 7.832000e-03 2.204240e-01
152 7.703160e-01 8.076000e-03 2.216080e-01
153 7.689600e-01 8.036000e-03 2.230040e-01
154 7.674680e-01 8.112000e-03 2.244200e-01
155 7.659360e-01 8.292000e-03 2.257720e-01
156 7.645480e-01 8.196000e-03 2.272560e-01
157 7.631760e-01 8.112000e-03 2.287120e-01
158 7.616360e-01 8.240000e-03 2.301240e-01
159 7.603960e-01 8.060000e-03 2.315440e-01
160 7.591720e-01 7.896000e-03 2.329320e-01
161 7.577000e-01 8.080000e-03 2.342200e-01
162 7.563000e-01 8.012000e-03 2.356880e-01
163 7.550280e-01 7.776000e-03 2.371960e-01
164 7.535560e-01 7.688000e-03 2.387560e-01
165 7.523240e-01 7.572000e-03 2.401040e-01
166 7.510040e-01 7.608000e-03 2.413880e-01
167 7.497960e-01 7.544000e-03 2.426600e-01
168 7.487040e-01 7.308000e-03 2.439880e-01
169 7.474320e-01 7.268000e-03 2.453000e-01
170 7.460160e-01 7.484000e-03 2.465000e-01
171 7.447000e-01 7.500000e-03 2.478000e-01
172 7.433360e-01 7.552000e-03 2.491120e-01
173 7.419480e-01 7.600000e-03 2.504520e-01
174 7.405560e-01 7.644000e-03 2.518000e-01
175 7.391160e-01 7.768000e-03 2.531160e-01
176 7.378600e-01 7.728000e-03 2.544120e-01
177 7.365480e-01 7.756000e-03 2.556960e-01
178 7.352000e-01 7.772000e-03 2.570280e-01
179 7.338560e-01 7.624000e-03 2.585200e-01
180 7.323720e-01 7.908000e-03 2.597200e-01
181 7.309240e-01 7.880000e-03 2.611960e-01
182 7.294280e-01 7.976000e-03 2.625960e-01
183 7.280320e-01 7.972000e-03 2.639960e-01
184 7.267280e-01 7.848000e-03 2.654240e-01
185 7.254160e-01 7.764000e-03 2.668200e-01
186 7.240480e-01 7.804000e-03 2.681480e-01
187 7.228040e-01 7.632000e-03 2.695640e-01
188 7.215440e-01 7.564000e-03 2.708920e-01
189 7.200320e-01 7.736000e-03 2.722320e-01
190 7.187000e-01 7.652000e-03 2.736480e-01
191 7.173400e-01 7.624000e-03 2.750360e-01
192 7.157800e-01 7.864000e-03 2.763560e-01
193 7.142920e-01 8.012000e-03 2.776960e-01
194 7.128760e-01 8.016000e-03 2.791080e-01
195 7.115840e-01 8.028000e-03 2.803880e-01
196 7.102000e-01 8.076000e-03 2.817240e-01
197 7.088360e-01 8.008000e-03 2.831560e-01
198 7.073760e-01 7.988000e-03 2.846360e-01
199 7.061880e-01 7.660000e-03 2.861520e-01
200 7.050920e-01 7.420000e-03 2.874880e-01
201 7.038400e-01 7.360000e-03 2.888000e-01
202 7.026080e-01 7.280000e-03 2.901120e-01
203 7.013400e-01 7.248000e-03 2.914120e-01
204 7.001000e-01 7.228000e-03 2.926720e-01
205 6.988880e-01 7.172000e-03 2.939400e-01
206 6.978520e-01 6.820000e-03 2.953280e-01
207 6.967280e-01 6.784000e-03 2.964880e-01
208 6.957440e-01 6.536000e-03 2.977200e-01
209 6.945760e-01 6.516000e-03 2.989080e-01
210 6.933840e-01 6.524000e-03 3.000920e-01
211 6.922880e-01 6.368000e-03 3.013440e-01
212 6.911040e-01 6.524000e-03 3.023720e-01
213 6.899120e-01 6.512000e-03 3.035760e-01
214 6.888040e-01 6.356000e-03 3.048400e-01
215 6.877280e-01 6.380000e-03 3.058920e-01
216 6.867680e-01 6.224000e-03 3.070080e-01
217 6.857160e-01 6.036000e-03 3.082480e-01
218 6.847640e-01 5.932000e-03 3.093040e-01
219 6.837720e-01 5.832000e-03 3.103960e-01
220 6.828360e-01 5.744000e-03 3.114200e-01
221 6.819320e-01 5.676000e-03 3.123920e-01
222 6.809880e-01 5.604000e-03 3.134080e-01
223 6.800280e-01 5.544000e-03 3.144280e-01
224 6.791840e-01 5.404000e-03 3.154120e-01
225 6.782120e-01 5.480000e-03 3.163080e-01
226 6.771480e-01 5.608000e-03 3.172440e-01
227 6.761800e-01 5.700000e-03 3.181200e-01
228 6.752600e-01 5.568000e-03 3.191720e-01
229 6.743480e-01 5.496000e-03 3.201560e-01
230 6.734280e-01 5.436000e-03 3.211360e-01
231 6.724080e-01 5.468000e-03 3.221240e-01
232 6.715280e-01 5.396000e-03 3.230760e-01
233 6.706000e-01 5.248000e-03 3.241520e-01
234 6.695040e-01 5.428000e-03 3.250680e-01
235 6.685040e-01 5.600000e-03 3.258960e-01
236 6.674920e-01 5.648000e-03 3.268600e-01
237 6.665080e-01 5.708000e-03 3.277840e-01
238 6.655840e-01 5.676000e-03 3.287400e-01
239 6.646880e-01 5.588000e-03 3.297240e-01
240 6.636880e-01 5.488000e-03 3.308240e-01
241 6.628400e-01 5.328000e-03 3.318320e-01
242 6.619640e-01 5.248000e-03 3.327880e-01
243 6.611680e-01 5.204000e-03 3.336280e-01
244 6.604240e-01 5.096000e-03 3.344800e-01
245 6.595840e-01 4.968000e-03 3.354480e-01
246 6.587880e-01 4.888000e-03 3.363240e-01
247 6.579440e-01 4.880000e-03 3.371760e-01
248 6.570000e-01 4.844000e-03 3.381560e-01
249 6.562160e-01 4.804000e-03 3.389800e-01
250 6.554800e-01 4.652000e-03 3.398680e-01
251 6.546680e-01 4.700000e-03 3.406320e-01
252 6.538960e-01 4.688000e-03 3.414160e-01
253 6.530760e-01 4.732000e-03 3.421920e-01
254 6.522440e-01 4.720000e-03 3.430360e-01
255 6.515360e-01 4.636000e-03 3.438280e-01
256 6.507840e-01 4.596000e-03 3.446200e-01
257 6.501120e-01 4.436000e-03 3.454520e-01
258 6.494400e-01 4.344000e-03 3.462160e-01
259 6.487360e-01 4.364000e-03 3.469000e-01
260 6.479840e-01 4.364000e-03 3.476520e-01
261 6.471480e-01 4.376000e-03 3.484760e-01
262 6.463400e-01 4.404000e-03 3.492560e-01
263 6.456320e-01 4.392000e-03 3.499760e-01
264 6.448960e-01 4.288000e-03 3.508160e-01
265 6.442600e-01 4.132000e-03 3.516080e-01
266 6.436000e-01 4.092000e-03 3.523080e-01
267 6.429760e-01 4.016000e-03 3.530080e-01
268 6.423520e-01 3.956000e-03 3.536920e-01
269 6.417280e-01 3.844000e-03 3.544280e-01
270 6.410800e-01 3.816000e-03 3.551040e-01
271 6.404960e-01 3.736000e-03 3.557680e-01
272 6.398280e-01 3.720000e-03 3.564520e-01
273 6.391880e-01 3.684000e-03 3.571280e-01
274 6.386320e-01 3.560000e-03 3.578080e-01
275 6.380120e-01 3.544000e-03 3.584440e-01
276 6.373480e-01 3.604000e-03 3.590480e-01
277 6.368280e-01 3.456000e-03 3.597160e-01
278 6.362280e-01 3.416000e-03 3.603560e-01
279 6.356800e-01 3.424000e-03 3.608960e-01
280 6.351320e-01 3.412000e-03 3.614560e-01
281 6.345360e-01 3.412000e-03 3.620520e-01
282 6.338680e-01 3.424000e-03 3.627080e-01
283 6.333680e-01 3.400000e-03 3.632320e-01
284 6.328360e-01 3.320000e-03 3.638440e-01
285 6.321560e-01 3.364000e-03 3.644800e-01
286 6.315680e-01 3.364000e-03 3.650680e-01
287 6.310040e-01 3.368000e-03 3.656280e-01
288 6.304640e-01 3.256000e-03 3.662800e-01
289 6.299880e-01 3.196000e-03 3.668160e-01
290 6.295760e-01 2.996000e-03 3.674280e-01
291 6.291320e-01 2.948000e-03 3.679200e-01
292 6.286760e-01 2.916000e-03 3.684080e-01
293 6.281720e-01 2.948000e-03 3.688800e-01
294 6.276360e-01 2.936000e-03 3.694280e-01
295 6.271680e-01 2.888000e-03 3.699440e-01
296 6.267160e-01 2.828000e-03 3.704560e-01
297 6.261000e-01 2.884000e-03 3.710160e-01
298 6.255080e-01 2.968000e-03 3.715240e-01
299 6.249200e-01 3.068000e-03 3.720120e-01
300 6.243320e-01 3.124000e-03 3.725440e-01
301 6.237840e-01 3.148000e-03 3.730680e-01
302 6.233040e-01 3.060000e-03 3.736360e-01
303 6.227680e-01 3.032000e-03 3.742000e-01
304 6.222400e-01 3.004000e-03 3.747560e-01
305 6.217840e-01 2.956000e-03 3.752600e-01
306 6.213440e-01 2.860000e-03 3.757960e-01
307 6.208320e-01 2.824000e-03 3.763440e-01
308 6.204560e-01 2.764000e-03 3.767800e-01
309 6.200320e-01 2.736000e-03 3.772320e-01
310 6.195840e-01 2.784000e-03 3.776320e-01
311 6.191680e-01 2.732000e-03 3.781000e-01
312 6.188360e-01 2.604000e-03 3.785600e-01
313 6.184800e-01 2.572000e-03 3.789480e-01
314 6.181080e-01 2.492000e-03 3.794000e-01
315 6.176520e-01 2.508000e-03 3.798400e-01
316 6.172600e-01 2.424000e-03 3.803160e-01
317 6.169200e-01 2.328000e-03 3.807520e-01
318 6.166440e-01 2.072000e-03 3.812840e-01
319 6.163040e-01 2.048000e-03 3.816480e-01
320 6.159600e-01 2.032000e-03 3.820080e-01
321 6.156560e-01 1.972000e-03 3.823720e-01
322 6.153080e-01 1.988000e-03 3.827040e-01
323 6.149600e-01 1.956000e-03 3.830840e-01
324 6.145960e-01 1.936000e-03 3.834680e-01
325 6.142320e-01 1.952000e-03 3.838160e-01
326 6.139320e-01 1.928000e-03 3.841400e-01
327 6.136200e-01 1.964000e-03 3.844160e-01
328 6.133320e-01 1.976000e-03 3.846920e-01
329 6.130160e-01 1.944000e-03 3.850400e-01
330 6.126840e-01 1.968000e-03 3.853480e-01
331 6.123320e-01 1.996000e-03 3.856720e-01
332 6.120600e-01 1.948000e-03 3.859920e-01
333 6.117440e-01 1.940000e-03 3.863160e-01
334 6.114360e-01 1.968000e-03 3.865960e-01
335 6.110360e-01 2.008000e-03 3.869560e-01
336 6.106440e-01 2.024000e-03 3.873320e-01
337 6.102960e-01 1.988000e-03 3.877160e-01
338 6.099760e-01 2.044000e-03 3.879800e-01
339 6.095880e-01 2.044000e-03 3.883680e-01
340 6.092440e-01 1.988000e-03 3.887680e-01
341 6.089160e-01 1.968000e-03 3.891160e-01
342 6.086520e-01 1.924000e-03 3.894240e-01
343 6.083360e-01 1.904000e-03 3.897600e-01
344 6.080640e-01 1.848000e-03 3.900880e-01
345 6.078280e-01 1.720000e-03 3.904520e-01
346 6.076240e-01 1.640000e-03 3.907360e-01
347 6.074120e-01 1.580000e-03 3.910080e-01
348 6.071560e-01 1.552000e-03 3.912920e-01
349 6.068960e-01 1.504000e-03 3.916000e-01
350 6.067280e-01 1.416000e-03 3.918560e-01
351 6.065160e-01 1.364000e-03 3.921200e-01
352 6.062800e-01 1.368000e-03 3.923520e-01
353 6.061200e-01 1.316000e-03 3.925640e-01
354 6.059000e-01 1.316000e-03 3.927840e-01
355 6.057320e-01 1.308000e-03 3.929600e-01
356 6.055080e-01 1.304000e-03 3.931880e-01
357 6.053200e-01 1.276000e-03 3.934040e-01
358 6.051240e-01 1.216000e-03 3.936600e-01
359 6.049160e-01 1.220000e-03 3.938640e-01
360 6.047600e-01 1.200000e-03 3.940400e-01
361 6.045280e-01 1.220000e-03 3.942520e-01
362 6.042880e-01 1.224000e-03 3.944880e-01
363 6.041040e-01 1.176000e-03 3.947200e-01
364 6.038480e-01 1.220000e-03 3.949320e-01
365 6.035960e-01 1.236000e-03 3.951680e-01
366 6.033760e-01 1.264000e-03 3.953600e-01
367 6.031720e-01 1.232000e-03 3.955960e-01
368 6.029640e-01 1.228000e-03 3.958080e-01
369 6.027360e-01 1.256000e-03 3.960080e-01
370 6.025400e-01 1.276000e-03 3.961840e-01
371 6.023040e-01 1.280000e-03 3.964160e-01
372 6.020680e-01 1.252000e-03 3.966800e-01
373 6.017960e-01 1.288000e-03 3.969160e-01
374 6.015840e-01 1.236000e-03 3.971800e-01
375 6.013400e-01 1.268000e-03 3.973920e-01
376 6.010560e-01 1.300000e-03 3.976440e-01
377 6.008120e-01 1.276000e-03 3.979120e-01
378 6.005560e-01 1.304000e-03 3.981400e-01
379 6.003200e-01 1.336000e-03 3.983440e-01
380 6.000520e-01 1.356000e-03 3.985920e-01
381 5.998360e-01 1.312000e-03 3.988520e-01
382 5.995600e-01 1.400000e-03 3.990400e-01
383 5.993440e-01 1.344000e-03 3.993120e-01
384 5.991040e-01 1.412000e-03 3.994840e-01
385 5.989120e-01 1.356000e-03 3.997320e-01
386 5.987360e-01 1.308000e-03 3.999560e-01
387 5.985120e-01 1.268000e-03 4.002200e-01
388 5.982800e-01 1.300000e-03 4.004200e-01
389 5.980440e-01 1.308000e-03 4.006480e-01
390 5.978160e-01 1.280000e-03 4.009040e-01
391 5.975720e-01 1.328000e-03 4.011000e-01
392 5.972640e-01 1.420000e-03 4.013160e-01
393 5.969440e-01 1.504000e-03 4.015520e-01
394 5.966360e-01 1.548000e-03 4.018160e-01
395 5.963920e-01 1.476000e-03 4.021320e-01
396 5.961080e-01 1.520000e-03 4.023720e-01
397 5.958920e-01 1.468000e-03 4.026400e-01
398 5.955880e-01 1.564000e-03 4.028480e-01
399 5.953880e-01 1.480000e-03 4.031320e-01
400 5.952120e-01 1.348000e-03 4.034400e-01
401 5.949600e-01 1.380000e-03 4.036600e-01
402 5.946880e-01 1.408000e-03 4.039040e-01
403 5.944800e-01 1.340000e-03 4.041800e-01
404 5.942040e-01 1.364000e-03 4.044320e-01
405 5.939840e-01 1.352000e-03 4.046640e-01
406 5.937640e-01 1.312000e-03 4.049240e-01
407 5.935120e-01 1.360000e-03 4.051280e-01
408 5.933400e-01 1.248000e-03 4.054120e-01
409 5.931280e-01 1.204000e-03 4.056680e-01
410 5.929200e-01 1.228000e-03 4.058520e-01
411 5.926560e-01 1.300000e-03 4.060440e-01
412 5.924080e-01 1.360000e-03 4.062320e-01
413 5.921600e-01 1.380000e-03 4.064600e-01
414 5.919040e-01 1.412000e-03 4.066840e-01
415 5.916320e-01 1.428000e-03 4.069400e-01
416 5.914040e-01 1.464000e-03 4.071320e-01
417 5.910760e-01 1.560000e-03 4.073640e-01
418 5.907720e-01 1.584000e-03 4.076440e-01
419 5.904760e-01 1.632000e-03 4.078920e-01
420 5.902240e-01 1.592000e-03 4.081840e-01
421 5.899520e-01 1.584000e-03 4.084640e-01
422 5.896360e-01 1.636000e-03 4.087280e-01
423 5.893080e-01 1.644000e-03 4.090480e-01
424 5.890280e-01 1.620000e-03 4.093520e-01
425 5.887160e-01 1.668000e-03 4.096160e-01
426 5.883560e-01 1.768000e-03 4.098760e-01
427 5.880120e-01 1.812000e-03 4.101760e-01
428 5.877560e-01 1.716000e-03 4.105280e-01
429 5.874000e-01 1.748000e-03 4.108520e-01
430 5.871720e-01 1.668000e-03 4.111600e-01
431 5.869480e-01 1.616000e-03 4.114360e-01
432 5.867160e-01 1.548000e-03 4.117360e-01
433 5.865080e-01 1.440000e-03 4.120520e-01
434 5.863240e-01 1.372000e-03 4.123040e-01
435 5.861120e-01 1.372000e-03 4.125160e-01
436 5.858680e-01 1.384000e-03 4.127480e-01
437 5.856280e-01 1.404000e-03 4.129680e-01
438 5.853800e-01 1.420000e-03 4.132000e-01
439 5.851160e-01 1.400000e-03 4.134840e-01
440 5.848720e-01 1.392000e-03 4.137360e-01
441 5.846280e-01 1.364000e-03 4.140080e-01
442 5.844160e-01 1.392000e-03 4.141920e-01
443 5.841880e-01 1.384000e-03 4.144280e-01
444 5.839920e-01 1.308000e-03 4.147000e-01
445 5.837640e-01 1.352000e-03 4.148840e-01
446 5.835000e-01 1.376000e-03 4.151240e-01
447 5.832280e-01 1.372000e-03 4.154000e-01
448 5.830040e-01 1.340000e-03 4.156560e-01
449 5.827280e-01 1.384000e-03 4.158880e-01
450 5.824480e-01 1.400000e-03 4.161520e-01
451 5.822480e-01 1.296000e-03 4.164560e-01
452 5.820680e-01 1.252000e-03 4.166800e-01
453 5.819160e-01 1.172000e-03 4.169120e-01
454 5.817200e-01 1.144000e-03 4.171360e-01
455 5.815760e-01 1.088000e-03 4.173360e-01
456 5.814400e-01 1.020000e-03 4.175400e-01
457 5.813280e-01 9.880000e-04 4.176840e-01
458 5.812200e-01 9.680000e-04 4.178120e-01
459 5.810760e-01 9.760000e-04 4.179480e-01
460 5.809080e-01 9.640000e-04 4.181280e-01
461 5.807960e-01 9.320000e-04 4.182720e-01
462 5.806880e-01 8.800000e-04 4.184320e-01
463 5.805080e-01 9.360000e-04 4.185560e-01
464 5.803360e-01 9.640000e-04 4.187000e-01
465 5.801840e-01 9.560000e-04 4.188600e-01
466 5.799720e-01 9.760000e-04 4.190520e-01
467 5.797880e-01 9.760000e-04 4.192360e-01
468 5.796400e-01 9.680000e-04 4.193920e-01
469 5.794480e-01 9.360000e-04 4.196160e-01
470 5.792880e-01 9.240000e-04 4.197880e-01
471 5.791120e-01 9.120000e-04 4.199760e-01
472 5.789680e-01 9.360000e-04 4.200960e-01
473 5.788360e-01 9.360000e-04 4.202280e-01
474 5.787040e-01 9.640000e-04 4.203320e-01
475 5.785720e-01 9.640000e-04 4.204640e-01
476 5.784480e-01 8.720000e-04 4.206800e-01
477 5.782800e-01 9.080000e-04 4.208120e-01
478 5.781840e-01 8.480000e-04 4.209680e-01
479 5.780120e-01 8.800000e-04 4.211080e-01
480 5.778680e-01 8.840000e-04 4.212480e-01
481 5.777400e-01 8.920000e-04 4.213680e-01
482 5.776200e-01 8.880000e-04 4.214920e-01
483 5.774320e-01 9.560000e-04 4.216120e-01
484 5.773120e-01 9.040000e-04 4.217840e-01
485 5.772120e-01 8.080000e-04 4.219800e-01
486 5.771040e-01 8.080000e-04 4.220880e-01
487 5.769680e-01 8.240000e-04 4.222080e-01
488 5.768400e-01 8.200000e-04 4.223400e-01
489 5.766640e-01 8.240000e-04 4.225120e-01
490 5.765520e-01 8.280000e-04 4.226200e-01
491 5.764000e-01 8.160000e-04 4.227840e-01
492 5.763240e-01 7.520000e-04 4.229240e-01
493 5.762240e-01 6.840000e-04 4.230920e-01
494 5.761280e-01 6.760000e-04 4.231960e-01
495 5.760160e-01 6.640000e-04 4.233200e-01
496 5.759000e-01 6.560000e-04 4.234440e-01
497 5.757760e-01 6.600000e-04 4.235640e-01
498 5.756920e-01 6.120000e-04 4.236960e-01
499 5.756040e-01 6.120000e-04 4.237840e-01
500 5.755000e-01 6.240000e-04 4.238760e-01
