1 9.992560e-01 6.360000e-04 1.080000e-04
2 9.987200e-01 1.044000e-03 2.360000e-04
3 9.981240e-01 1.400000e-03 4.760000e-04
4 9.973840e-01 1.848000e-03 7.680000e-04
5 9.966240e-01 2.224000e-03 1.152000e-03
6 9.958080e-01 2.640000e-03 1.552000e-03
7 9.950040e-01 2.900000e-03 2.096000e-03
8 9.940880e-01 3.372000e-03 2.540000e-03
9 9.929760e-01 3.920000e-03 3.104000e-03
10 9.918840e-01 4.252000e-03 3.864000e-03
11 9.906960e-01 4.728000e-03 4.576000e-03
12 9.895240e-01 5.164000e-03 5.312000e-03
13 9.883120e-01 5.444000e-03 6.244000e-03
14 9.870160e-01 5.904000e-03 7.080000e-03
15 9.856440e-01 6.252000e-03 8.104000e-03
16 9.842720e-01 6.544000e-03 9.184000e-03
17 9.829160e-01 6.708000e-03 1.037600e-02
18 9.815240e-01 7.084000e-03 1.139200e-02
19 9.800280e-01 7.276000e-03 1.269600e-02
20 9.786960e-01 7.300000e-03 1.400400e-02
21 9.773520e-01 7.356000e-03 1.529200e-02
22 9.760080e-01 7.320000e-03 1.667200e-02
23 9.747680e-01 7.212000e-03 1.802000e-02
24 9.733160e-01 7.436000e-03 1.924800e-02
25 9.717280e-01 7.732000e-03 2.054000e-02
26 9.701440e-01 7.852000e-03 2.200400e-02
27 9.685960e-01 7.968000e-03 2.343600e-02
28 9.670920e-01 8.088000e-03 2.482000e-02
29 9.655920e-01 8.176000e-03 2.623200e-02
30 9.641000e-01 8.024000e-03 2.787600e-02
31 9.627040e-01 8.108000e-03 2.918800e-02
32 9.611960e-01 8.168000e-03 3.063600e-02
33 9.596000e-01 8.248000e-03 3.215200e-02
34 9.580840e-01 8.184000e-03 3.373200e-02
35 9.563880e-01 8.460000e-03 3.515200e-02
36 9.547640e-01 8.612000e-03 3.662400e-02
37 9.531440e-01 8.596000e-03 3.826000e-02
38 9.514600e-01 8.752000e-03 3.978800e-02
39 9.497000e-01 8.996000e-03 4.130400e-02
40 9.479120e-01 8.984000e-03 4.310400e-02
41 9.462560e-01 9.032000e-03 4.471200e-02
42 9.446360e-01 9.128000e-03 4.623600e-02
43 9.429120e-01 9.204000e-03 4.788400e-02
44 9.412240e-01 9.268000e-03 4.950800e-02
45 9.395440e-01 9.248000e-03 5.120800e-02
46 9.378840e-01 9.200000e-03 5.291600e-02
47 9.359400e-01 9.592000e-03 5.446800e-02
48 9.342080e-01 9.648000e-03 5.614400e-02
49 9.323240e-01 9.880000e-03 5.779600e-02
50 9.306440e-01 9.764000e-03 5.959200e-02
51 9.290120e-01 9.660000e-03 6.132800e-02
52 9.273200e-01 9.648000e-03 6.303200e-02
53 9.256800e-01 9.648000e-03 6.467200e-02
54 9.240480e-01 9.584000e-03 6.636800e-02
55 9.223680e-01 9.620000e-03 6.801200e-02
56 9.206800e-01 9.688000e-03 6.963200e-02
57 9.190840e-01 9.644000e-03 7.127200e-02
58 9.173720e-01 9.720000e-03 7.290800e-02
59 9.157760e-01 9.596000e-03 7.462800e-02
60 9.140640e-01 9.576000e-03 7.636000e-02
61 9.124280e-01 9.520000e-03 7.805200e-02
62 9.107320e-01 9.536000e-03 7.973200e-02
63 9.090240e-01 9.628000e-03 8.134800e-02
64 9.074160e-01 9.536000e-03 8.304800e-02
65 9.056960e-01 9.608000e-03 8.469600e-02
66 9.039520e-01 9.616000e-03 8.643200e-02
67 9.022000e-01 9.608000e-03 8.819200e-02
68 9.003840e-01 9.672000e-03 8.994400e-02
69 8.987680e-01 9.608000e-03 9.162400e-02
70 8.970880e-01 9.508000e-03 9.340400e-02
71 8.954200e-01 9.516000e-03 9.506400e-02
72 8.939200e-01 9.488000e-03 9.659200e-02
73 8.924640e-01 9.168000e-03 9.836800e-02
74 8.910600e-01 9.052000e-03 9.988800e-02
75 8.894600e-01 9.152000e-03 1.013880e-01
76 8.879040e-01 9.032000e-03 1.030640e-01
77 8.863960e-01 9.004000e-03 1.046000e-01
78 8.848400e-01 9.008000e-03 1.061520e-01
79 8.834120e-01 9.024000e-03 1.075640e-01
80 8.819000e-01 8.912000e-03 1.091880e-01
81 8.802640e-01 9.084000e-03 1.106520e-01
82 8.787320e-01 8.996000e-03 1.122720e-01
83 8.771040e-01 9.004000e-03 1.138920e-01
84 8.757560e-01 8.832000e-03 1.154120e-01
85 8.745200e-01 8.492000e-03 1.169880e-01
86 8.730000e-01 8.640000e-03 1.183600e-01
87 8.714840e-01 8.684000e-03 1.198320e-01
88 8.699160e-01 8.668000e-03 1.214160e-01
89 8.685880e-01 8.468000e-03 1.229440e-01
90 8.671400e-01 8.444000e-03 1.244160e-01
91 8.659200e-01 8.108000e-03 1.259720e-01
92 8.646480e-01 8.000000e-03 1.273520e-01
93 8.632720e-01 7.940000e-03 1.287880e-01
94 8.617880e-01 7.988000e-03 1.302240e-01
95 8.605680e-01 7.780000e-03 1.316520e-01
96 8.592160e-01 7.808000e-03 1.329760e-01
97 8.577160e-01 7.868000e-03 1.344160e-01
98 8.564600e-01 7.672000e-03 1.358680e-01
99 8.551560e-01 7.632000e-03 1.372120e-01
100 8.538440e-01 7.656000e-03 1.385000e-01
101 8.525440e-01 7.544000e-03 1.399120e-01
102 8.510720e-01 7.604000e-03 1.413240e-01
103 8.496480e-01 7.764000e-03 1.425880e-01
104 8.481760e-01 7.828000e-03 1.439960e-01
105 8.467160e-01 7.800000e-03 1.454840e-01
106 8.452480e-01 7.980000e-03 1.467720e-01
107 8.438120e-01 8.000000e-03 1.481880e-01
108 8.423560e-01 8.052000e-03 1.495920e-01
109 8.407840e-01 8.308000e-03 1.509080e-01
110 8.393800e-01 8.188000e-03 1.524320e-01
111 8.380680e-01 8.140000e-03 1.537920e-01
112 8.366480e-01 8.276000e-03 1.550760e-01
113 8.350480e-01 8.436000e-03 1.565160e-01
114 8.334520e-01 8.644000e-03 1.579040e-01
115 8.319920e-01 8.460000e-03 1.595480e-01
116 8.305760e-01 8.352000e-03 1.610720e-01
117 8.290760e-01 8.404000e-03 1.625200e-01
118 8.276640e-01 8.276000e-03 1.640600e-01
119 8.261960e-01 8.216000e-03 1.655880e-01
120 8.247920e-01 8.096000e-03 1.671120e-01
121 8.232720e-01 8.176000e-03 1.685520e-01
122 8.218400e-01 8.232000e-03 1.699280e-01
123 8.202560e-01 8.404000e-03 1.713400e-01
124 8.188280e-01 8.376000e-03 1.727960e-01
125 8.173400e-01 8.352000e-03 1.743080e-01
126 8.161360e-01 8.052000e-03 1.758120e-01
127 8.147840e-01 8.056000e-03 1.771600e-01
128 8.134040e-01 8.168000e-03 1.784280e-01
129 8.120040e-01 7.996000e-03 1.800000e-01
130 8.107040e-01 7.904000e-03 1.813920e-01
131 8.093080e-01 7.936000e-03 1.827560e-01
132 8.079520e-01 7.872000e-03 1.841760e-01
133 8.067440e-01 7.560000e-03 1.856960e-01
134 8.055160e-01 7.500000e-03 1.869840e-01
135 8.041800e-01 7.576000e-03 1.882440e-01
136 8.029040e-01 7.568000e-03 1.895280e-01
137 8.016840e-01 7.440000e-03 1.908760e-01
138 8.005000e-01 7.260000e-03 1.922400e-01
139 7.994080e-01 7.000000e-03 1.935920e-01
140 7.982520e-01 6.872000e-03 1.948760e-01
141 7.970320e-01 7.020000e-03 1.959480e-01
142 7.959240e-01 6.792000e-03 1.972840e-01
143 7.947760e-01 6.772000e-03 1.984520e-01
144 7.937840e-01 6.612000e-03 1.996040e-01
145 7.927960e-01 6.412000e-03 2.007920e-01
146 7.917760e-01 6.320000e-03 2.019040e-01
147 7.907840e-01 6.300000e-03 2.029160e-01
148 7.897160e-01 6.356000e-03 2.039280e-01
149 7.887960e-01 6.160000e-03 2.050440e-01
150 7.879000e-01 6.020000e-03 2.060800e-01
151 7.869520e-01 5.996000e-03 2.070520e-01
152 7.860360e-01 5.860000e-03 2.081040e-01
153 7.850200e-01 5.888000e-03 2.090920e-01
154 7.840160e-01 5.796000e-03 2.101880e-01
155 7.832000e-01 5.536000e-03 2.112640e-01
156 7.821480e-01 5.696000e-03 2.121560e-01
157 7.811560e-01 5.660000e-03 2.131840e-01
158 7.800680e-01 5.948000e-03 2.139840e-01
159 7.789720e-01 5.944000e-03 2.150840e-01
160 7.779960e-01 5.896000e-03 2.161080e-01
161 7.768760e-01 6.048000e-03 2.170760e-01
162 7.758920e-01 6.032000e-03 2.180760e-01
163 7.749200e-01 5.924000e-03 2.191560e-01
164 7.739480e-01 5.708000e-03 2.203440e-01
165 7.730600e-01 5.620000e-03 2.213200e-01
166 7.722280e-01 5.472000e-03 2.223000e-01
167 7.711560e-01 5.588000e-03 2.232560e-01
168 7.702280e-01 5.576000e-03 2.241960e-01
169 7.693280e-01 5.480000e-03 2.251920e-01
170 7.682840e-01 5.620000e-03 2.260960e-01
171 7.673080e-01 5.684000e-03 2.270080e-01
172 7.663120e-01 5.688000e-03 2.280000e-01
173 7.652560e-01 5.868000e-03 2.288760e-01
174 7.642160e-01 5.936000e-03 2.298480e-01
175 7.631880e-01 5.960000e-03 2.308520e-01
176 7.622320e-01 5.760000e-03 2.320080e-01
177 7.612680e-01 5.736000e-03 2.329960e-01
178 7.601640e-01 5.812000e-03 2.340240e-01
179 7.591480e-01 5.788000e-03 2.350640e-01
180 7.581840e-01 5.684000e-03 2.361320e-01
181 7.569600e-01 5.896000e-03 2.371440e-01
182 7.559400e-01 5.980000e-03 2.380800e-01
183 7.547960e-01 6.072000e-03 2.391320e-01
184 7.536360e-01 6.164000e-03 2.402000e-01
185 7.525320e-01 6.180000e-03 2.412880e-01
186 7.513720e-01 6.208000e-03 2.424200e-01
187 7.501200e-01 6.412000e-03 2.434680e-01
188 7.491320e-01 6.180000e-03 2.446880e-01
189 7.480520e-01 6.184000e-03 2.457640e-01
190 7.469760e-01 6.060000e-03 2.469640e-01
191 7.458680e-01 6.188000e-03 2.479440e-01
192 7.447880e-01 6.164000e-03 2.490480e-01
193 7.437440e-01 6.204000e-03 2.500520e-01
194 7.426400e-01 6.180000e-03 2.511800e-01
195 7.416640e-01 6.000000e-03 2.523360e-01
196 7.407480e-01 5.916000e-03 2.533360e-01
197 7.398760e-01 5.708000e-03 2.544160e-01
198 7.389440e-01 5.620000e-03 2.554360e-01
199 7.379480e-01 5.644000e-03 2.564080e-01
200 7.370680e-01 5.660000e-03 2.572720e-01
201 7.361880e-01 5.548000e-03 2.582640e-01
202 7.352360e-01 5.456000e-03 2.593080e-01
203 7.343600e-01 5.384000e-03 2.602560e-01
204 7.334240e-01 5.396000e-03 2.611800e-01
205 7.325600e-01 5.276000e-03 2.621640e-01
206 7.317520e-01 5.176000e-03 2.630720e-01
207 7.309960e-01 5.056000e-03 2.639480e-01
208 7.301360e-01 4.992000e-03 2.648720e-01
209 7.293520e-01 4.940000e-03 2.657080e-01
210 7.286120e-01 4.728000e-03 2.666600e-01
211 7.279280e-01 4.572000e-03 2.675000e-01
212 7.271520e-01 4.576000e-03 2.682720e-01
213 7.263120e-01 4.596000e-03 2.690920e-01
214 7.254240e-01 4.672000e-03 2.699040e-01
215 7.245520e-01 4.748000e-03 2.707000e-01
216 7.237360e-01 4.696000e-03 2.715680e-01
217 7.229880e-01 4.640000e-03 2.723720e-01
218 7.223240e-01 4.448000e-03 2.732280e-01
219 7.216720e-01 4.256000e-03 2.740720e-01
220 7.209080e-01 4.284000e-03 2.748080e-01
221 7.200960e-01 4.328000e-03 2.755760e-01
222 7.193800e-01 4.260000e-03 2.763600e-01
223 7.186840e-01 4.236000e-03 2.770800e-01
224 7.178840e-01 4.264000e-03 2.778520e-01
225 7.171000e-01 4.252000e-03 2.786480e-01
226 7.162800e-01 4.336000e-03 2.793840e-01
227 7.154320e-01 4.436000e-03 2.801320e-01
228 7.145440e-01 4.516000e-03 2.809400e-01
229 7.137120e-01 4.580000e-03 2.817080e-01
230 7.130360e-01 4.500000e-03 2.824640e-01
231 7.124200e-01 4.308000e-03 2.832720e-01
232 7.117680e-01 4.216000e-03 2.840160e-01
233 7.111200e-01 4.108000e-03 2.847720e-01
234 7.104440e-01 4.012000e-03 2.855440e-01
235 7.097600e-01 3.864000e-03 2.863760e-01
236 7.090960e-01 3.880000e-03 2.870240e-01
237 7.085280e-01 3.800000e-03 2.876720e-01
238 7.079040e-01 3.676000e-03 2.884200e-01
239 7.072720e-01 3.676000e-03 2.890520e-01
240 7.066480e-01 3.684000e-03 2.896680e-01
241 7.059840e-01 3.744000e-03 2.902720e-01
242 7.052880e-01 3.732000e-03 2.909800e-01
243 7.045880e-01 3.752000e-03 2.916600e-01
244 7.039440e-01 3.816000e-03 2.922400e-01
245 7.033280e-01 3.748000e-03 2.929240e-01
246 7.026520e-01 3.748000e-03 2.936000e-01
247 7.019560e-01 3.748000e-03 2.942960e-01
248 7.012720e-01 3.844000e-03 2.948840e-01
249 7.006360e-01 3.836000e-03 2.955280e-01
250 6.999880e-01 3.788000e-03 2.962240e-01
251 6.992960e-01 3.844000e-03 2.968600e-01
252 6.986840e-01 3.812000e-03 2.975040e-01
253 6.981320e-01 3.684000e-03 2.981840e-01
254 6.975560e-01 3.700000e-03 2.987440e-01
255 6.970560e-01 3.568000e-03 2.993760e-01
256 6.964440e-01 3.620000e-03 2.999360e-01
257 6.959120e-01 3.552000e-03 3.005360e-01
258 6.953480e-01 3.464000e-03 3.011880e-01
259 6.946600e-01 3.584000e-03 3.017560e-01
260 6.939480e-01 3.616000e-03 3.024360e-01
261 6.933200e-01 3.712000e-03 3.029680e-01
262 6.926600e-01 3.756000e-03 3.035840e-01
263 6.920240e-01 3.832000e-03 3.041440e-01
264 6.914880e-01 3.724000e-03 3.047880e-01
265 6.908960e-01 3.664000e-03 3.054400e-01
266 6.903880e-01 3.552000e-03 3.060600e-01
267 6.898520e-01 3.516000e-03 3.066320e-01
268 6.893280e-01 3.512000e-03 3.071600e-01
269 6.888480e-01 3.368000e-03 3.077840e-01
270 6.883640e-01 3.176000e-03 3.084600e-01
271 6.878200e-01 3.240000e-03 3.089400e-01
272 6.872400e-01 3.232000e-03 3.095280e-01
273 6.867360e-01 3.180000e-03 3.100840e-01
274 6.862360e-01 3.132000e-03 3.106320e-01
275 6.857400e-01 3.100000e-03 3.111600e-01
276 6.853240e-01 3.012000e-03 3.116640e-01
277 6.848640e-01 3.020000e-03 3.121160e-01
278 6.843640e-01 3.004000e-03 3.126320e-01
279 6.837720e-01 3.036000e-03 3.131920e-01
280 6.832360e-01 3.036000e-03 3.137280e-01
281 6.827720e-01 2.964000e-03 3.142640e-01
282 6.823720e-01 2.844000e-03 3.147840e-01
283 6.819040e-01 2.820000e-03 3.152760e-01
284 6.814520e-01 2.868000e-03 3.156800e-01
285 6.810480e-01 2.704000e-03 3.162480e-01
286 6.805720e-01 2.716000e-03 3.167120e-01
287 6.801800e-01 2.596000e-03 3.172240e-01
288 6.797320e-01 2.544000e-03 3.177240e-01
289 6.793080e-01 2.584000e-03 3.181080e-01
290 6.789320e-01 2.464000e-03 3.186040e-01
291 6.785040e-01 2.480000e-03 3.190160e-01
292 6.780720e-01 2.492000e-03 3.194360e-01
293 6.777760e-01 2.364000e-03 3.198600e-01
294 6.773600e-01 2.312000e-03 3.203280e-01
295 6.770440e-01 2.236000e-03 3.207200e-01
296 6.767000e-01 2.192000e-03 3.211080e-01
297 6.763560e-01 2.136000e-03 3.215080e-01
298 6.761000e-01 1.992000e-03 3.219080e-01
299 6.758000e-01 1.904000e-03 3.222960e-01
300 6.754920e-01 1.868000e-03 3.226400e-01
301 6.751360e-01 1.832000e-03 3.230320e-01
302 6.748360e-01 1.888000e-03 3.232760e-01
303 6.743920e-01 1.916000e-03 3.236920e-01
304 6.740360e-01 1.988000e-03 3.239760e-01
305 6.735520e-01 2.092000e-03 3.243560e-01
306 6.731400e-01 2.152000e-03 3.247080e-01
307 6.728080e-01 2.100000e-03 3.250920e-01
308 6.724920e-01 2.056000e-03 3.254520e-01
309 6.720840e-01 2.152000e-03 3.257640e-01
310 6.716880e-01 2.216000e-03 3.260960e-01
311 6.713040e-01 2.176000e-03 3.265200e-01
312 6.708800e-01 2.228000e-03 3.268920e-01
313 6.704800e-01 2.212000e-03 3.273080e-01
314 6.700520e-01 2.304000e-03 3.276440e-01
315 6.696040e-01 2.396000e-03 3.280000e-01
316 6.692600e-01 2.308000e-03 3.284320e-01
317 6.689000e-01 2.240000e-03 3.288600e-01
318 6.685040e-01 2.260000e-03 3.292360e-01
319 6.681240e-01 2.240000e-03 3.296360e-01
320 6.678080e-01 2.096000e-03 3.300960e-01
321 6.675000e-01 2.012000e-03 3.304880e-01
322 6.671120e-01 1.992000e-03 3.308960e-01
323 6.666680e-01 2.112000e-03 3.312200e-01
324 6.662480e-01 2.172000e-03 3.315800e-01
325 6.657960e-01 2.228000e-03 3.319760e-01
326 6.654080e-01 2.240000e-03 3.323520e-01
327 6.650400e-01 2.228000e-03 3.327320e-01
328 6.646800e-01 2.200000e-03 3.331200e-01
329 6.642600e-01 2.168000e-03 3.335720e-01
330 6.639400e-01 2.096000e-03 3.339640e-01
331 6.635560e-01 2.068000e-03 3.343760e-01
332 6.632120e-01 2.080000e-03 3.347080e-01
333 6.627880e-01 2.108000e-03 3.351040e-01
334 6.624440e-01 2.124000e-03 3.354320e-01
335 6.620400e-01 2.076000e-03 3.358840e-01
336 6.617080e-01 2.056000e-03 3.362360e-01
337 6.613520e-01 2.088000e-03 3.365600e-01
338 6.609840e-01 2.100000e-03 3.369160e-01
339 6.607000e-01 1.968000e-03 3.373320e-01
340 6.604400e-01 1.860000e-03 3.377000e-01
341 6.601760e-01 1.776000e-03 3.380480e-01
342 6.598880e-01 1.768000e-03 3.383440e-01
343 6.596040e-01 1.748000e-03 3.386480e-01
344 6.593720e-01 1.724000e-03 3.389040e-01
345 6.591000e-01 1.696000e-03 3.392040e-01
346 6.588480e-01 1.684000e-03 3.394680e-01
347 6.585560e-01 1.700000e-03 3.397440e-01
348 6.583080e-01 1.640000e-03 3.400520e-01
349 6.580080e-01 1.692000e-03 3.403000e-01
350 6.577120e-01 1.668000e-03 3.406200e-01
351 6.575000e-01 1.580000e-03 3.409200e-01
352 6.572360e-01 1.600000e-03 3.411640e-01
353 6.569600e-01 1.632000e-03 3.414080e-01
354 6.567400e-01 1.584000e-03 3.416760e-01
355 6.565440e-01 1.516000e-03 3.419400e-01
356 6.562440e-01 1.548000e-03 3.422080e-01
357 6.560120e-01 1.500000e-03 3.424880e-01
358 6.557640e-01 1.492000e-03 3.427440e-01
359 6.555320e-01 1.488000e-03 3.429800e-01
360 6.552840e-01 1.464000e-03 3.432520e-01
361 6.550840e-01 1.428000e-03 3.434880e-01
362 6.548680e-01 1.416000e-03 3.437160e-01
363 6.546320e-01 1.432000e-03 3.439360e-01
364 6.544160e-01 1.352000e-03 3.442320e-01
365 6.542160e-01 1.332000e-03 3.444520e-01
366 6.540480e-01 1.252000e-03 3.447000e-01
367 6.538560e-01 1.200000e-03 3.449440e-01
368 6.536400e-01 1.224000e-03 3.451360e-01
369 6.534480e-01 1.208000e-03 3.453440e-01
370 6.532720e-01 1.184000e-03 3.455440e-01
371 6.531200e-01 1.156000e-03 3.457240e-01
372 6.529640e-01 1.084000e-03 3.459520e-01
373 6.527600e-01 1.080000e-03 3.461600e-01
374 6.525160e-01 1.140000e-03 3.463440e-01
375 6.523000e-01 1.204000e-03 3.464960e-01
376 6.521480e-01 1.156000e-03 3.466960e-01
377 6.519960e-01 1.092000e-03 3.469120e-01
378 6.518240e-01 1.080000e-03 3.470960e-01
379 6.516520e-01 1.068000e-03 3.472800e-01
380 6.514960e-01 1.056000e-03 3.474480e-01
381 6.513720e-01 1.024000e-03 3.476040e-01
382 6.511360e-01 1.068000e-03 3.477960e-01
383 6.509640e-01 1.016000e-03 3.480200e-01
384 6.508040e-01 9.880000e-04 3.482080e-01
385 6.506360e-01 9.480000e-04 3.484160e-01
386 6.504160e-01 9.840000e-04 3.486000e-01
387 6.502920e-01 9.160000e-04 3.487920e-01
388 6.501440e-01 9.080000e-04 3.489480e-01
389 6.499640e-01 9.080000e-04 3.491280e-01
390 6.497880e-01 8.880000e-04 3.493240e-01
391 6.496280e-01 8.880000e-04 3.494840e-01
392 6.495040e-01 8.800000e-04 3.496160e-01
393 6.493640e-01 8.680000e-04 3.497680e-01
394 6.492640e-01 8.360000e-04 3.499000e-01
395 6.491760e-01 7.600000e-04 3.500640e-01
396 6.490320e-01 7.960000e-04 3.501720e-01
397 6.489200e-01 7.880000e-04 3.502920e-01
398 6.487880e-01 7.680000e-04 3.504440e-01
399 6.486440e-01 8.040000e-04 3.505520e-01
400 6.485360e-01 7.960000e-04 3.506680e-01
401 6.484040e-01 7.840000e-04 3.508120e-01
402 6.482760e-01 7.840000e-04 3.509400e-01
403 6.481400e-01 7.280000e-04 3.511320e-01
404 6.480000e-01 7.200000e-04 3.512800e-01
405 6.478720e-01 7.480000e-04 3.513800e-01
406 6.477760e-01 7.200000e-04 3.515040e-01
407 6.476720e-01 6.920000e-04 3.516360e-01
408 6.475400e-01 7.240000e-04 3.517360e-01
409 6.474240e-01 7.200000e-04 3.518560e-01
410 6.473120e-01 7.120000e-04 3.519760e-01
411 6.471760e-01 7.240000e-04 3.521000e-01
412 6.469880e-01 8.000000e-04 3.522120e-01
413 6.468040e-01 8.520000e-04 3.523440e-01
414 6.466640e-01 8.840000e-04 3.524520e-01
415 6.464880e-01 9.120000e-04 3.526000e-01
416 6.463600e-01 8.960000e-04 3.527440e-01
417 6.462160e-01 8.960000e-04 3.528880e-01
418 6.461120e-01 8.640000e-04 3.530240e-01
419 6.459800e-01 8.480000e-04 3.531720e-01
420 6.458280e-01 8.480000e-04 3.533240e-01
421 6.457040e-01 8.440000e-04 3.534520e-01
422 6.455280e-01 8.800000e-04 3.535920e-01
423 6.454280e-01 7.680000e-04 3.538040e-01
424 6.452960e-01 7.280000e-04 3.539760e-01
425 6.451920e-01 6.880000e-04 3.541200e-01
426 6.450760e-01 7.120000e-04 3.542120e-01
427 6.449760e-01 6.760000e-04 3.543480e-01
428 6.448480e-01 6.880000e-04 3.544640e-01
429 6.447200e-01 6.920000e-04 3.545880e-01
430 6.445960e-01 7.080000e-04 3.546960e-01
431 6.444840e-01 7.040000e-04 3.548120e-01
432 6.443400e-01 7.040000e-04 3.549560e-01
433 6.442360e-01 6.680000e-04 3.550960e-01
434 6.441080e-01 6.760000e-04 3.552160e-01
435 6.439640e-01 6.600000e-04 3.553760e-01
436 6.438240e-01 6.880000e-04 3.554880e-01
437 6.436840e-01 6.920000e-04 3.556240e-01
438 6.435360e-01 7.160000e-04 3.557480e-01
439 6.433800e-01 7.320000e-04 3.558880e-01
440 6.432680e-01 6.960000e-04 3.560360e-01
441 6.431360e-01 6.760000e-04 3.561880e-01
442 6.430160e-01 6.680000e-04 3.563160e-01
443 6.428400e-01 7.160000e-04 3.564440e-01
444 6.427200e-01 7.040000e-04 3.565760e-01
445 6.425280e-01 7.720000e-04 3.567000e-01
446 6.423680e-01 8.120000e-04 3.568200e-01
447 6.422200e-01 7.880000e-04 3.569920e-01
448 6.420520e-01 7.920000e-04 3.571560e-01
449 6.419120e-01 7.960000e-04 3.572920e-01
450 6.417640e-01 8.160000e-04 3.574200e-01
451 6.415840e-01 8.600000e-04 3.575560e-01
452 6.414680e-01 8.360000e-04 3.576960e-01
453 6.413240e-01 8.080000e-04 3.578680e-01
454 6.412040e-01 7.840000e-04 3.580120e-01
455 6.410760e-01 7.680000e-04 3.581560e-01
456 6.409000e-01 8.120000e-04 3.582880e-01
457 6.407400e-01 8.280000e-04 3.584320e-01
458 6.405280e-01 8.800000e-04 3.585920e-01
459 6.403200e-01 9.200000e-04 3.587600e-01
460 6.401520e-01 9.200000e-04 3.589280e-01
461 6.400080e-01 9.280000e-04 3.590640e-01
462 6.398400e-01 9.720000e-04 3.591880e-01
463 6.397120e-01 8.800000e-04 3.594080e-01
464 6.395720e-01 9.120000e-04 3.595160e-01
465 6.394160e-01 9.080000e-04 3.596760e-01
466 6.392640e-01 9.080000e-04 3.598280e-01
467 6.391520e-01 8.800000e-04 3.599680e-01
468 6.390160e-01 8.560000e-04 3.601280e-01
469 6.388680e-01 8.480000e-04 3.602840e-01
470 6.387360e-01 8.360000e-04 3.604280e-01
471 6.385800e-01 8.240000e-04 3.605960e-01
472 6.384080e-01 8.520000e-04 3.607400e-01
473 6.382600e-01 8.680000e-04 3.608720e-01
474 6.380800e-01 9.000000e-04 3.610200e-01
475 6.379000e-01 9.120000e-04 3.611880e-01
476 6.377880e-01 8.440000e-04 3.613680e-01
477 6.376520e-01 8.760000e-04 3.614720e-01
478 6.374960e-01 9.120000e-04 3.615920e-01
479 6.373400e-01 9.360000e-04 3.617240e-01
480 6.371800e-01 9.440000e-04 3.618760e-01
481 6.369720e-01 9.920000e-04 3.620360e-01
482 6.368280e-01 9.240000e-04 3.622480e-01
483 6.366800e-01 9.280000e-04 3.623920e-01
484 6.365240e-01 9.480000e-04 3.625280e-01
485 6.363640e-01 9.320000e-04 3.627040e-01
486 6.362320e-01 9.080000e-04 3.628600e-01
487 6.361200e-01 8.520000e-04 3.630280e-01
488 6.359760e-01 8.360000e-04 3.631880e-01
489 6.358520e-01 7.880000e-04 3.633600e-01
490 6.357440e-01 7.360000e-04 3.635200e-01
491 6.356360e-01 7.160000e-04 3.636480e-01
492 6.355160e-01 6.960000e-04 3.637880e-01
493 6.353640e-01 7.040000e-04 3.639320e-01
494 6.352480e-01 7.080000e-04 3.640440e-01
495 6.351360e-01 6.400000e-04 3.642240e-01
496 6.350440e-01 6.120000e-04 3.643440e-01
497 6.349800e-01 5.680000e-04 3.644520e-01
498 6.348520e-01 6.120000e-04 3.645360e-01
499 6.347240e-01 6.480000e-04 3.646280e-01
500 6.345600e-01 6.840000e-04 3.647560e-01
