1 9.991000e-01 8.200000e-04 8.000000e-05
2 9.985120e-01 1.188000e-03 3.000000e-04
3 9.978880e-01 1.552000e-03 5.600000e-04
4 9.971120e-01 2.040000e-03 8.480000e-04
5 9.961960e-01 2.512000e-03 1.292000e-03
6 9.952200e-01 3.008000e-03 1.772000e-03
7 9.942480e-01 3.468000e-03 2.284000e-03
8 9.933240e-01 3.728000e-03 2.948000e-03
9 9.922880e-01 4.104000e-03 3.608000e-03
10 9.912440e-01 4.464000e-03 4.292000e-03
11 9.901600e-01 4.696000e-03 5.144000e-03
12 9.890480e-01 5.028000e-03 5.924000e-03
13 9.879000e-01 5.232000e-03 6.868000e-03
14 9.867160e-01 5.424000e-03 7.860000e-03
15 9.853880e-01 5.808000e-03 8.804000e-03
16 9.841000e-01 6.052000e-03 9.848000e-03
17 9.825360e-01 6.532000e-03 1.093200e-02
18 9.810920e-01 6.824000e-03 1.208400e-02
19 9.797040e-01 6.956000e-03 1.334000e-02
20 9.782040e-01 7.172000e-03 1.462400e-02
21 9.767520e-01 7.300000e-03 1.594800e-02
22 9.752480e-01 7.556000e-03 1.719600e-02
23 9.736120e-01 8.000000e-03 1.838800e-02
24 9.719960e-01 8.248000e-03 1.975600e-02
25 9.704200e-01 8.308000e-03 2.127200e-02
26 9.685720e-01 8.752000e-03 2.267600e-02
27 9.668920e-01 9.004000e-03 2.410400e-02
28 9.649800e-01 9.272000e-03 2.574800e-02
29 9.631720e-01 9.324000e-03 2.750400e-02
30 9.612920e-01 9.608000e-03 2.910000e-02
31 9.594000e-01 9.796000e-03 3.080400e-02
32 9.575280e-01 1.001200e-02 3.246000e-02
33 9.555800e-01 1.021200e-02 3.420800e-02
34 9.539360e-01 1.012000e-02 3.594400e-02
35 9.521560e-01 1.008800e-02 3.775600e-02
36 9.504040e-01 1.008000e-02 3.951600e-02
37 9.485640e-01 1.021600e-02 4.122000e-02
38 9.466600e-01 1.045200e-02 4.288800e-02
39 9.447240e-01 1.056000e-02 4.471600e-02
40 9.428320e-01 1.060000e-02 4.656800e-02
41 9.406400e-01 1.092800e-02 4.843200e-02
42 9.385240e-01 1.109600e-02 5.038000e-02
43 9.366520e-01 1.092800e-02 5.242000e-02
44 9.346760e-01 1.108000e-02 5.424400e-02
45 9.325280e-01 1.123600e-02 5.623600e-02
46 9.305640e-01 1.106000e-02 5.837600e-02
47 9.286360e-01 1.129200e-02 6.007200e-02
48 9.266160e-01 1.133200e-02 6.205200e-02
49 9.245680e-01 1.146000e-02 6.397200e-02
50 9.223680e-01 1.164400e-02 6.598800e-02
51 9.201960e-01 1.190000e-02 6.790400e-02
52 9.180120e-01 1.200800e-02 6.998000e-02
53 9.156840e-01 1.230000e-02 7.201600e-02
54 9.133560e-01 1.264000e-02 7.400400e-02
55 9.111000e-01 1.272400e-02 7.617600e-02
56 9.087960e-01 1.273200e-02 7.847200e-02
57 9.066520e-01 1.257600e-02 8.077200e-02
58 9.045440e-01 1.248000e-02 8.297600e-02
59 9.023960e-01 1.248400e-02 8.512000e-02
60 9.002080e-01 1.245600e-02 8.733600e-02
61 8.981560e-01 1.231200e-02 8.953200e-02
62 8.959000e-01 1.256800e-02 9.153200e-02
63 8.935440e-01 1.261600e-02 9.384000e-02
64 8.914520e-01 1.247200e-02 9.607600e-02
65 8.892120e-01 1.272400e-02 9.806400e-02
66 8.872400e-01 1.236000e-02 1.004000e-01
67 8.849760e-01 1.230400e-02 1.027200e-01
68 8.827440e-01 1.236000e-02 1.048960e-01
69 8.806640e-01 1.234400e-02 1.069920e-01
70 8.786760e-01 1.222000e-02 1.091040e-01
71 8.765480e-01 1.226000e-02 1.111920e-01
72 8.746080e-01 1.219600e-02 1.131960e-01
73 8.724720e-01 1.214000e-02 1.153880e-01
74 8.705200e-01 1.196000e-02 1.175200e-01
75 8.683560e-01 1.206800e-02 1.195760e-01
76 8.660840e-01 1.223200e-02 1.216840e-01
77 8.638920e-01 1.234800e-02 1.237600e-01
78 8.618960e-01 1.202000e-02 1.260840e-01
79 8.596360e-01 1.202000e-02 1.283440e-01
80 8.575640e-01 1.204400e-02 1.303920e-01
81 8.556440e-01 1.192800e-02 1.324280e-01
82 8.536720e-01 1.195200e-02 1.343760e-01
83 8.516840e-01 1.192000e-02 1.363960e-01
84 8.494480e-01 1.207200e-02 1.384800e-01
85 8.473680e-01 1.207600e-02 1.405560e-01
86 8.452160e-01 1.198400e-02 1.428000e-01
87 8.432040e-01 1.195600e-02 1.448400e-01
88 8.411440e-01 1.200800e-02 1.468480e-01
89 8.392920e-01 1.166000e-02 1.490480e-01
90 8.372800e-01 1.172000e-02 1.510000e-01
91 8.353920e-01 1.159200e-02 1.530160e-01
92 8.335720e-01 1.142000e-02 1.550080e-01
93 8.317200e-01 1.132800e-02 1.569520e-01
94 8.298560e-01 1.112800e-02 1.590160e-01
95 8.279640e-01 1.102400e-02 1.610120e-01
96 8.262080e-01 1.104400e-02 1.627480e-01
97 8.244120e-01 1.099600e-02 1.645920e-01
98 8.228080e-01 1.075600e-02 1.664360e-01
99 8.210760e-01 1.063600e-02 1.682880e-01
100 8.192880e-01 1.060800e-02 1.701040e-01
101 8.175720e-01 1.055600e-02 1.718720e-01
102 8.158120e-01 1.037200e-02 1.738160e-01
103 8.141880e-01 1.023200e-02 1.755800e-01
104 8.124480e-01 1.021600e-02 1.773360e-01
105 8.107600e-01 1.012400e-02 1.791160e-01
106 8.090840e-01 1.008400e-02 1.808320e-01
107 8.074000e-01 9.964000e-03 1.826360e-01
108 8.058040e-01 9.832000e-03 1.843640e-01
109 8.041520e-01 9.804000e-03 1.860440e-01
110 8.024720e-01 9.664000e-03 1.878640e-01
111 8.008000e-01 9.512000e-03 1.896880e-01
112 7.989800e-01 9.740000e-03 1.912800e-01
113 7.972360e-01 9.784000e-03 1.929800e-01
114 7.954800e-01 9.808000e-03 1.947120e-01
115 7.935960e-01 9.920000e-03 1.964840e-01
116 7.919960e-01 9.892000e-03 1.981120e-01
117 7.903160e-01 9.840000e-03 1.998440e-01
118 7.886280e-01 9.824000e-03 2.015480e-01
119 7.869960e-01 9.692000e-03 2.033120e-01
120 7.853640e-01 9.716000e-03 2.049200e-01
121 7.835600e-01 9.788000e-03 2.066520e-01
122 7.821280e-01 9.448000e-03 2.084240e-01
123 7.806040e-01 9.360000e-03 2.100360e-01
124 7.790440e-01 9.252000e-03 2.117040e-01
125 7.774160e-01 9.332000e-03 2.132520e-01
126 7.757560e-01 9.332000e-03 2.149120e-01
127 7.741560e-01 9.308000e-03 2.165360e-01
128 7.725320e-01 9.284000e-03 2.181840e-01
129 7.708640e-01 9.392000e-03 2.197440e-01
130 7.694160e-01 9.132000e-03 2.214520e-01
131 7.678080e-01 9.084000e-03 2.231080e-01
132 7.664160e-01 8.956000e-03 2.246280e-01
133 7.650080e-01 8.688000e-03 2.263040e-01
134 7.632720e-01 8.840000e-03 2.278880e-01
135 7.618680e-01 8.784000e-03 2.293480e-01
136 7.601880e-01 8.840000e-03 2.309720e-01
137 7.586920e-01 8.832000e-03 2.324760e-01
138 7.572680e-01 8.712000e-03 2.340200e-01
139 7.558000e-01 8.684000e-03 2.355160e-01
140 7.543560e-01 8.672000e-03 2.369720e-01
141 7.529040e-01 8.604000e-03 2.384920e-01
142 7.513240e-01 8.576000e-03 2.401000e-01
143 7.499720e-01 8.352000e-03 2.416760e-01
144 7.485000e-01 8.524000e-03 2.429760e-01
145 7.471080e-01 8.464000e-03 2.444280e-01
146 7.456560e-01 8.296000e-03 2.460480e-01
147 7.440840e-01 8.492000e-03 2.474240e-01
148 7.426280e-01 8.476000e-03 2.488960e-01
149 7.411680e-01 8.440000e-03 2.503920e-01
150 7.396280e-01 8.572000e-03 2.518000e-01
151 7.381880e-01 8.592000e-03 2.532200e-01
152 7.367480e-01 8.520000e-03 2.547320e-01
153 7.352680e-01 8.484000e-03 2.562480e-01
154 7.339320e-01 8.280000e-03 2.577880e-01
155 7.325800e-01 8.096000e-03 2.593240e-01
156 7.312560e-01 7.960000e-03 2.607840e-01
157 7.298120e-01 8.064000e-03 2.621240e-01
158 7.284760e-01 7.852000e-03 2.636720e-01
159 7.271400e-01 7.784000e-03 2.650760e-01
160 7.257360e-01 7.848000e-03 2.664160e-01
161 7.243440e-01 7.916000e-03 2.677400e-01
162 7.228960e-01 8.088000e-03 2.690160e-01
163 7.215960e-01 7.968000e-03 2.704360e-01
164 7.203600e-01 7.792000e-03 2.718480e-01
165 7.190280e-01 7.632000e-03 2.733400e-01
166 7.178160e-01 7.480000e-03 2.747040e-01
167 7.166480e-01 7.280000e-03 2.760720e-01
168 7.154360e-01 7.144000e-03 2.774200e-01
169 7.143520e-01 7.044000e-03 2.786040e-01
170 7.131960e-01 7.044000e-03 2.797600e-01
171 7.118840e-01 7.108000e-03 2.810080e-01
172 7.106360e-01 7.108000e-03 2.822560e-01
173 7.093000e-01 7.056000e-03 2.836440e-01
174 7.080800e-01 6.952000e-03 2.849680e-01
175 7.069320e-01 6.932000e-03 2.861360e-01
176 7.057800e-01 7.040000e-03 2.871800e-01
177 7.045480e-01 7.068000e-03 2.883840e-01
178 7.032840e-01 7.204000e-03 2.895120e-01
179 7.019440e-01 7.332000e-03 2.907240e-01
180 7.008000e-01 7.268000e-03 2.919320e-01
181 6.996480e-01 7.120000e-03 2.932320e-01
182 6.984240e-01 7.052000e-03 2.945240e-01
183 6.972680e-01 7.076000e-03 2.956560e-01
184 6.961160e-01 6.968000e-03 2.969160e-01
185 6.948760e-01 7.076000e-03 2.980480e-01
186 6.936400e-01 7.104000e-03 2.992560e-01
187 6.923480e-01 7.152000e-03 3.005000e-01
188 6.912760e-01 6.936000e-03 3.017880e-01
189 6.902200e-01 6.756000e-03 3.030240e-01
190 6.891640e-01 6.684000e-03 3.041520e-01
191 6.881840e-01 6.548000e-03 3.052680e-01
192 6.870440e-01 6.632000e-03 3.063240e-01
193 6.860320e-01 6.468000e-03 3.075000e-01
194 6.847680e-01 6.544000e-03 3.086880e-01
195 6.835400e-01 6.676000e-03 3.097840e-01
196 6.824920e-01 6.616000e-03 3.108920e-01
197 6.813600e-01 6.668000e-03 3.119720e-01
198 6.802240e-01 6.624000e-03 3.131520e-01
199 6.792640e-01 6.448000e-03 3.142880e-01
200 6.783080e-01 6.128000e-03 3.155640e-01
201 6.774320e-01 6.032000e-03 3.165360e-01
202 6.765080e-01 5.832000e-03 3.176600e-01
203 6.756320e-01 5.732000e-03 3.186360e-01
204 6.747920e-01 5.560000e-03 3.196480e-01
205 6.737560e-01 5.588000e-03 3.206560e-01
206 6.728360e-01 5.600000e-03 3.215640e-01
207 6.718760e-01 5.640000e-03 3.224840e-01
208 6.709000e-01 5.580000e-03 3.235200e-01
209 6.698040e-01 5.648000e-03 3.245480e-01
210 6.688640e-01 5.660000e-03 3.254760e-01
211 6.678600e-01 5.624000e-03 3.265160e-01
212 6.669080e-01 5.680000e-03 3.274120e-01
213 6.659560e-01 5.780000e-03 3.282640e-01
214 6.649480e-01 5.868000e-03 3.291840e-01
215 6.639560e-01 5.712000e-03 3.303320e-01
216 6.627920e-01 5.876000e-03 3.313320e-01
217 6.618680e-01 5.784000e-03 3.323480e-01
218 6.609000e-01 5.712000e-03 3.333880e-01
219 6.600880e-01 5.576000e-03 3.343360e-01
220 6.590800e-01 5.512000e-03 3.354080e-01
221 6.580200e-01 5.572000e-03 3.364080e-01
222 6.569240e-01 5.752000e-03 3.373240e-01
223 6.558640e-01 5.728000e-03 3.384080e-01
224 6.549640e-01 5.756000e-03 3.392800e-01
225 6.540240e-01 5.728000e-03 3.402480e-01
226 6.531360e-01 5.616000e-03 3.412480e-01
227 6.523400e-01 5.484000e-03 3.421760e-01
228 6.516040e-01 5.208000e-03 3.431880e-01
229 6.508760e-01 5.084000e-03 3.440400e-01
230 6.502800e-01 4.724000e-03 3.449960e-01
231 6.496000e-01 4.588000e-03 3.458120e-01
232 6.489120e-01 4.520000e-03 3.465680e-01
233 6.481560e-01 4.516000e-03 3.473280e-01
234 6.473720e-01 4.520000e-03 3.481080e-01
235 6.466680e-01 4.540000e-03 3.487920e-01
236 6.458040e-01 4.556000e-03 3.496400e-01
237 6.450440e-01 4.540000e-03 3.504160e-01
238 6.443160e-01 4.460000e-03 3.512240e-01
239 6.436640e-01 4.352000e-03 3.519840e-01
240 6.429480e-01 4.272000e-03 3.527800e-01
241 6.422120e-01 4.256000e-03 3.535320e-01
242 6.414920e-01 4.120000e-03 3.543880e-01
243 6.409000e-01 4.040000e-03 3.550600e-01
244 6.403160e-01 3.936000e-03 3.557480e-01
245 6.395920e-01 4.004000e-03 3.564040e-01
246 6.388800e-01 4.004000e-03 3.571160e-01
247 6.382040e-01 3.944000e-03 3.578520e-01
248 6.375120e-01 3.944000e-03 3.585440e-01
249 6.368280e-01 3.924000e-03 3.592480e-01
250 6.361520e-01 3.976000e-03 3.598720e-01
251 6.354440e-01 4.120000e-03 3.604360e-01
252 6.348120e-01 4.012000e-03 3.611760e-01
253 6.341480e-01 3.976000e-03 3.618760e-01
254 6.334920e-01 3.964000e-03 3.625440e-01
255 6.328840e-01 3.816000e-03 3.633000e-01
256 6.322800e-01 3.776000e-03 3.639440e-01
257 6.317120e-01 3.720000e-03 3.645680e-01
258 6.311560e-01 3.648000e-03 3.651960e-01
259 6.306160e-01 3.524000e-03 3.658600e-01
260 6.300200e-01 3.544000e-03 3.664360e-01
261 6.293480e-01 3.644000e-03 3.670080e-01
262 6.287680e-01 3.544000e-03 3.676880e-01
263 6.281200e-01 3.620000e-03 3.682600e-01
264 6.274880e-01 3.708000e-03 3.688040e-01
265 6.269560e-01 3.584000e-03 3.694600e-01
266 6.264000e-01 3.460000e-03 3.701400e-01
267 6.258000e-01 3.456000e-03 3.707440e-01
268 6.253280e-01 3.360000e-03 3.713120e-01
269 6.247960e-01 3.220000e-03 3.719840e-01
270 6.242800e-01 3.224000e-03 3.724960e-01
271 6.238080e-01 3.104000e-03 3.730880e-01
272 6.233360e-01 3.008000e-03 3.736560e-01
273 6.228960e-01 2.952000e-03 3.741520e-01
274 6.224320e-01 2.900000e-03 3.746680e-01
275 6.219160e-01 2.920000e-03 3.751640e-01
276 6.214640e-01 2.884000e-03 3.756520e-01
277 6.209480e-01 2.880000e-03 3.761720e-01
278 6.203520e-01 2.960000e-03 3.766880e-01
279 6.198600e-01 2.912000e-03 3.772280e-01
280 6.193880e-01 2.880000e-03 3.777320e-01
281 6.188880e-01 2.872000e-03 3.782400e-01
282 6.184200e-01 2.824000e-03 3.787560e-01
283 6.180320e-01 2.776000e-03 3.791920e-01
284 6.175160e-01 2.808000e-03 3.796760e-01
285 6.170080e-01 2.808000e-03 3.801840e-01
286 6.164360e-01 2.892000e-03 3.806720e-01
287 6.158520e-01 2.940000e-03 3.812080e-01
288 6.153720e-01 2.920000e-03 3.817080e-01
289 6.148840e-01 2.844000e-03 3.822720e-01
290 6.144320e-01 2.820000e-03 3.827480e-01
291 6.138640e-01 2.872000e-03 3.832640e-01
292 6.133160e-01 2.892000e-03 3.837920e-01
293 6.128400e-01 2.912000e-03 3.842480e-01
294 6.123400e-01 2.968000e-03 3.846920e-01
295 6.119000e-01 2.820000e-03 3.852800e-01
296 6.114520e-01 2.816000e-03 3.857320e-01
297 6.110480e-01 2.712000e-03 3.862400e-01
298 6.106200e-01 2.684000e-03 3.866960e-01
299 6.102760e-01 2.544000e-03 3.871800e-01
300 6.098480e-01 2.592000e-03 3.875600e-01
301 6.094040e-01 2.536000e-03 3.880600e-01
302 6.090040e-01 2.476000e-03 3.885200e-01
303 6.085320e-01 2.464000e-03 3.890040e-01
304 6.081560e-01 2.420000e-03 3.894240e-01
305 6.077520e-01 2.372000e-03 3.898760e-01
306 6.073440e-01 2.376000e-03 3.902800e-01
307 6.070000e-01 2.284000e-03 3.907160e-01
308 6.066760e-01 2.164000e-03 3.911600e-01
309 6.062200e-01 2.212000e-03 3.915680e-01
310 6.057560e-01 2.292000e-03 3.919520e-01
311 6.053120e-01 2.324000e-03 3.923640e-01
312 6.048160e-01 2.488000e-03 3.926960e-01
313 6.043480e-01 2.528000e-03 3.931240e-01
314 6.038360e-01 2.644000e-03 3.935200e-01
315 6.033440e-01 2.724000e-03 3.939320e-01
316 6.028800e-01 2.660000e-03 3.944600e-01
317 6.022920e-01 2.676000e-03 3.950320e-01
318 6.017440e-01 2.784000e-03 3.954720e-01
319 6.011800e-01 2.808000e-03 3.960120e-01
320 6.007080e-01 2.816000e-03 3.964760e-01
321 6.002640e-01 2.764000e-03 3.969720e-01
322 5.998360e-01 2.708000e-03 3.974560e-01
323 5.994680e-01 2.572000e-03 3.979600e-01
324 5.990400e-01 2.532000e-03 3.984280e-01
325 5.986160e-01 2.528000e-03 3.988560e-01
326 5.982560e-01 2.464000e-03 3.992800e-01
327 5.978640e-01 2.436000e-03 3.997000e-01
328 5.974440e-01 2.464000e-03 4.000920e-01
329 5.969960e-01 2.560000e-03 4.004440e-01
330 5.965560e-01 2.612000e-03 4.008320e-01
331 5.961160e-01 2.652000e-03 4.012320e-01
332 5.955600e-01 2.792000e-03 4.016480e-01
333 5.950240e-01 2.788000e-03 4.021880e-01
334 5.944920e-01 2.848000e-03 4.026600e-01
335 5.940520e-01 2.808000e-03 4.031400e-01
336 5.936840e-01 2.728000e-03 4.035880e-01
337 5.933120e-01 2.604000e-03 4.040840e-01
338 5.929000e-01 2.524000e-03 4.045760e-01
339 5.925480e-01 2.416000e-03 4.050360e-01
340 5.922000e-01 2.368000e-03 4.054320e-01
341 5.918360e-01 2.320000e-03 4.058440e-01
342 5.915400e-01 2.272000e-03 4.061880e-01
343 5.911640e-01 2.204000e-03 4.066320e-01
344 5.908040e-01 2.176000e-03 4.070200e-01
345 5.904720e-01 2.180000e-03 4.073480e-01
346 5.901000e-01 2.156000e-03 4.077440e-01
347 5.897680e-01 2.116000e-03 4.081160e-01
348 5.894000e-01 2.132000e-03 4.084680e-01
349 5.890240e-01 2.168000e-03 4.088080e-01
350 5.886440e-01 2.196000e-03 4.091600e-01
351 5.882840e-01 2.312000e-03 4.094040e-01
352 5.879560e-01 2.260000e-03 4.097840e-01
353 5.876000e-01 2.144000e-03 4.102560e-01
354 5.871760e-01 2.200000e-03 4.106240e-01
355 5.868240e-01 2.152000e-03 4.110240e-01
356 5.865480e-01 2.016000e-03 4.114360e-01
357 5.862240e-01 1.980000e-03 4.117960e-01
358 5.858160e-01 2.028000e-03 4.121560e-01
359 5.854040e-01 2.056000e-03 4.125400e-01
360 5.850080e-01 2.052000e-03 4.129400e-01
361 5.847320e-01 1.988000e-03 4.132800e-01
362 5.844200e-01 1.936000e-03 4.136440e-01
363 5.841000e-01 1.940000e-03 4.139600e-01
364 5.837680e-01 1.960000e-03 4.142720e-01
365 5.834560e-01 1.900000e-03 4.146440e-01
366 5.830520e-01 2.000000e-03 4.149480e-01
367 5.826200e-01 2.108000e-03 4.152720e-01
368 5.822000e-01 2.128000e-03 4.156720e-01
369 5.817920e-01 2.144000e-03 4.160640e-01
370 5.813880e-01 2.156000e-03 4.164560e-01
371 5.809760e-01 2.196000e-03 4.168280e-01
372 5.805000e-01 2.312000e-03 4.171880e-01
373 5.801320e-01 2.292000e-03 4.175760e-01
374 5.797960e-01 2.244000e-03 4.179600e-01
375 5.794360e-01 2.160000e-03 4.184040e-01
376 5.791080e-01 2.120000e-03 4.187720e-01
377 5.788040e-01 2.088000e-03 4.191080e-01
378 5.784640e-01 2.108000e-03 4.194280e-01
379 5.781400e-01 2.080000e-03 4.197800e-01
380 5.776880e-01 2.188000e-03 4.201240e-01
381 5.773120e-01 2.176000e-03 4.205120e-01
382 5.768560e-01 2.232000e-03 4.209120e-01
383 5.764240e-01 2.260000e-03 4.213160e-01
384 5.760920e-01 2.208000e-03 4.217000e-01
385 5.757560e-01 2.128000e-03 4.221160e-01
386 5.754200e-01 2.168000e-03 4.224120e-01
387 5.751600e-01 2.072000e-03 4.227680e-01
388 5.748760e-01 1.948000e-03 4.231760e-01
389 5.745720e-01 1.872000e-03 4.235560e-01
390 5.742200e-01 1.928000e-03 4.238520e-01
391 5.739040e-01 1.880000e-03 4.242160e-01
392 5.734720e-01 1.988000e-03 4.245400e-01
393 5.731840e-01 1.876000e-03 4.249400e-01
394 5.728800e-01 1.880000e-03 4.252400e-01
395 5.726160e-01 1.836000e-03 4.255480e-01
396 5.723120e-01 1.792000e-03 4.258960e-01
397 5.719920e-01 1.848000e-03 4.261600e-01
398 5.717040e-01 1.844000e-03 4.264520e-01
399 5.714440e-01 1.804000e-03 4.267520e-01
400 5.711280e-01 1.796000e-03 4.270760e-01
401 5.708440e-01 1.796000e-03 4.273600e-01
402 5.704760e-01 1.896000e-03 4.276280e-01
403 5.701440e-01 1.912000e-03 4.279440e-01
404 5.698440e-01 1.880000e-03 4.282760e-01
405 5.695600e-01 1.800000e-03 4.286400e-01
406 5.691800e-01 1.844000e-03 4.289760e-01
407 5.688840e-01 1.840000e-03 4.292760e-01
408 5.685720e-01 1.824000e-03 4.296040e-01
409 5.682840e-01 1.832000e-03 4.298840e-01
410 5.679720e-01 1.836000e-03 4.301920e-01
411 5.677240e-01 1.772000e-03 4.305040e-01
412 5.675200e-01 1.680000e-03 4.308000e-01
413 5.673400e-01 1.620000e-03 4.310400e-01
414 5.671200e-01 1.544000e-03 4.313360e-01
415 5.669120e-01 1.528000e-03 4.315600e-01
416 5.666960e-01 1.468000e-03 4.318360e-01
417 5.665080e-01 1.444000e-03 4.320480e-01
418 5.663200e-01 1.364000e-03 4.323160e-01
419 5.660520e-01 1.444000e-03 4.325040e-01
420 5.658440e-01 1.408000e-03 4.327480e-01
421 5.656040e-01 1.424000e-03 4.329720e-01
422 5.653800e-01 1.384000e-03 4.332360e-01
423 5.651960e-01 1.324000e-03 4.334800e-01
424 5.649400e-01 1.372000e-03 4.336880e-01
425 5.647640e-01 1.308000e-03 4.339280e-01
426 5.645080e-01 1.324000e-03 4.341680e-01
427 5.642680e-01 1.324000e-03 4.344080e-01
428 5.640360e-01 1.336000e-03 4.346280e-01
429 5.638320e-01 1.260000e-03 4.349080e-01
430 5.636920e-01 1.148000e-03 4.351600e-01
431 5.635600e-01 1.048000e-03 4.353920e-01
432 5.633840e-01 1.076000e-03 4.355400e-01
433 5.632120e-01 1.036000e-03 4.357520e-01
434 5.630640e-01 9.880000e-04 4.359480e-01
435 5.628760e-01 1.012000e-03 4.361120e-01
436 5.627480e-01 9.960000e-04 4.362560e-01
437 5.626040e-01 9.280000e-04 4.364680e-01
438 5.623960e-01 9.360000e-04 4.366680e-01
439 5.622320e-01 9.560000e-04 4.368120e-01
440 5.621040e-01 8.680000e-04 4.370280e-01
441 5.619720e-01 8.240000e-04 4.372040e-01
442 5.618440e-01 7.960000e-04 4.373600e-01
443 5.616840e-01 8.120000e-04 4.375040e-01
444 5.615280e-01 8.440000e-04 4.376280e-01
445 5.613440e-01 9.080000e-04 4.377480e-01
446 5.611960e-01 9.200000e-04 4.378840e-01
447 5.610240e-01 9.480000e-04 4.380280e-01
448 5.608800e-01 9.480000e-04 4.381720e-01
449 5.607200e-01 9.640000e-04 4.383160e-01
450 5.605520e-01 9.640000e-04 4.384840e-01
451 5.604320e-01 9.560000e-04 4.386120e-01
452 5.602640e-01 9.760000e-04 4.387600e-01
453 5.600880e-01 9.960000e-04 4.389160e-01
454 5.599240e-01 1.000000e-03 4.390760e-01
455 5.597360e-01 1.044000e-03 4.392200e-01
456 5.595760e-01 1.020000e-03 4.394040e-01
457 5.594160e-01 9.960000e-04 4.395880e-01
458 5.592600e-01 9.680000e-04 4.397720e-01
459 5.590720e-01 9.520000e-04 4.399760e-01
460 5.588960e-01 9.360000e-04 4.401680e-01
461 5.587400e-01 9.280000e-04 4.403320e-01
462 5.585480e-01 9.320000e-04 4.405200e-01
463 5.583280e-01 1.044000e-03 4.406280e-01
464 5.581760e-01 1.028000e-03 4.407960e-01
465 5.579560e-01 1.024000e-03 4.410200e-01
466 5.577800e-01 1.032000e-03 4.411880e-01
467 5.576200e-01 9.760000e-04 4.414040e-01
468 5.574680e-01 9.680000e-04 4.415640e-01
469 5.573480e-01 8.960000e-04 4.417560e-01
470 5.571840e-01 9.520000e-04 4.418640e-01
471 5.570200e-01 9.480000e-04 4.420320e-01
472 5.569360e-01 8.520000e-04 4.422120e-01
473 5.568400e-01 8.240000e-04 4.423360e-01
474 5.567080e-01 7.920000e-04 4.425000e-01
475 5.565920e-01 7.640000e-04 4.426440e-01
476 5.564400e-01 7.480000e-04 4.428120e-01
477 5.562440e-01 8.120000e-04 4.429440e-01
478 5.561120e-01 8.080000e-04 4.430800e-01
479 5.559400e-01 8.280000e-04 4.432320e-01
480 5.557720e-01 8.560000e-04 4.433720e-01
481 5.556480e-01 8.240000e-04 4.435280e-01
482 5.554880e-01 8.920000e-04 4.436200e-01
483 5.553880e-01 8.360000e-04 4.437760e-01
484 5.552600e-01 8.160000e-04 4.439240e-01
485 5.551320e-01 7.880000e-04 4.440800e-01
486 5.549880e-01 7.480000e-04 4.442640e-01
487 5.548560e-01 7.560000e-04 4.443880e-01
488 5.547160e-01 7.920000e-04 4.444920e-01
489 5.545920e-01 7.760000e-04 4.446320e-01
490 5.544880e-01 7.480000e-04 4.447640e-01
491 5.543320e-01 7.960000e-04 4.448720e-01
492 5.541640e-01 8.320000e-04 4.450040e-01
493 5.540040e-01 8.560000e-04 4.451400e-01
494 5.538840e-01 8.640000e-04 4.452520e-01
495 5.537400e-01 8.720000e-04 4.453880e-01
496 5.536320e-01 8.600000e-04 4.455080e-01
497 5.535120e-01 8.400000e-04 4.456480e-01
498 5.533400e-01 8.560000e-04 4.458040e-01
499 5.531800e-01 8.760000e-04 4.459440e-01
500 5.530400e-01 8.640000e-04 4.460960e-01
