1 9.991840e-01 7.360000e-04 8.000000e-05
2 9.986680e-01 1.104000e-03 2.280000e-04
3 9.979560e-01 1.572000e-03 4.720000e-04
4 9.970920e-01 2.136000e-03 7.720000e-04
5 9.961880e-01 2.600000e-03 1.212000e-03
6 9.952880e-01 2.956000e-03 1.756000e-03
7 9.942800e-01 3.408000e-03 2.312000e-03
8 9.933320e-01 3.676000e-03 2.992000e-03
9 9.922360e-01 4.136000e-03 3.628000e-03
10 9.911560e-01 4.532000e-03 4.312000e-03
11 9.900080e-01 4.856000e-03 5.136000e-03
12 9.888040e-01 5.136000e-03 6.060000e-03
13 9.876200e-01 5.452000e-03 6.928000e-03
14 9.864680e-01 5.560000e-03 7.972000e-03
15 9.852160e-01 5.828000e-03 8.956000e-03
16 9.839840e-01 6.068000e-03 9.948000e-03
17 9.826520e-01 6.268000e-03 1.108000e-02
18 9.812160e-01 6.544000e-03 1.224000e-02
19 9.799880e-01 6.608000e-03 1.340400e-02
20 9.787160e-01 6.788000e-03 1.449600e-02
21 9.773400e-01 6.992000e-03 1.566800e-02
22 9.758800e-01 7.364000e-03 1.675600e-02
23 9.743880e-01 7.544000e-03 1.806800e-02
24 9.730360e-01 7.564000e-03 1.940000e-02
25 9.714440e-01 7.848000e-03 2.070800e-02
26 9.698840e-01 7.964000e-03 2.215200e-02
27 9.681960e-01 8.264000e-03 2.354000e-02
28 9.664720e-01 8.652000e-03 2.487600e-02
29 9.648160e-01 8.812000e-03 2.637200e-02
30 9.631040e-01 9.016000e-03 2.788000e-02
31 9.612960e-01 9.276000e-03 2.942800e-02
32 9.594200e-01 9.448000e-03 3.113200e-02
33 9.576880e-01 9.408000e-03 3.290400e-02
34 9.559600e-01 9.492000e-03 3.454800e-02
35 9.542200e-01 9.488000e-03 3.629200e-02
36 9.524840e-01 9.452000e-03 3.806400e-02
37 9.507600e-01 9.448000e-03 3.979200e-02
38 9.490320e-01 9.468000e-03 4.150000e-02
39 9.473520e-01 9.560000e-03 4.308800e-02
40 9.456080e-01 9.480000e-03 4.491200e-02
41 9.438840e-01 9.572000e-03 4.654400e-02
42 9.422360e-01 9.588000e-03 4.817600e-02
43 9.404400e-01 9.656000e-03 4.990400e-02
44 9.386520e-01 9.868000e-03 5.148000e-02
45 9.369320e-01 9.932000e-03 5.313600e-02
46 9.353520e-01 9.824000e-03 5.482400e-02
47 9.336280e-01 9.772000e-03 5.660000e-02
48 9.318800e-01 9.764000e-03 5.835600e-02
49 9.302400e-01 9.644000e-03 6.011600e-02
50 9.285400e-01 9.608000e-03 6.185200e-02
51 9.267760e-01 9.732000e-03 6.349200e-02
52 9.252800e-01 9.496000e-03 6.522400e-02
53 9.235480e-01 9.576000e-03 6.687600e-02
54 9.219920e-01 9.524000e-03 6.848400e-02
55 9.202280e-01 9.568000e-03 7.020400e-02
56 9.186960e-01 9.508000e-03 7.179600e-02
57 9.170520e-01 9.456000e-03 7.349200e-02
58 9.155120e-01 9.416000e-03 7.507200e-02
59 9.139200e-01 9.132000e-03 7.694800e-02
60 9.124640e-01 9.004000e-03 7.853200e-02
61 9.110200e-01 8.932000e-03 8.004800e-02
62 9.094680e-01 8.964000e-03 8.156800e-02
63 9.078760e-01 8.912000e-03 8.321200e-02
64 9.064440e-01 8.684000e-03 8.487200e-02
65 9.049400e-01 8.636000e-03 8.642400e-02
66 9.036200e-01 8.412000e-03 8.796800e-02
67 9.021840e-01 8.388000e-03 8.942800e-02
68 9.007520e-01 8.276000e-03 9.097200e-02
69 8.991960e-01 8.356000e-03 9.244800e-02
70 8.976760e-01 8.448000e-03 9.387600e-02
71 8.962760e-01 8.328000e-03 9.539600e-02
72 8.948560e-01 8.216000e-03 9.692800e-02
73 8.934640e-01 8.172000e-03 9.836400e-02
74 8.919960e-01 8.220000e-03 9.978400e-02
75 8.905640e-01 8.184000e-03 1.012520e-01
76 8.892760e-01 8.072000e-03 1.026520e-01
77 8.878400e-01 8.064000e-03 1.040960e-01
78 8.865120e-01 8.060000e-03 1.054280e-01
79 8.851880e-01 7.936000e-03 1.068760e-01
80 8.837400e-01 8.008000e-03 1.082520e-01
81 8.823960e-01 8.004000e-03 1.096000e-01
82 8.810680e-01 7.668000e-03 1.112640e-01
83 8.798320e-01 7.536000e-03 1.126320e-01
84 8.784360e-01 7.672000e-03 1.138920e-01
85 8.771000e-01 7.692000e-03 1.152080e-01
86 8.757200e-01 7.844000e-03 1.164360e-01
87 8.742080e-01 7.980000e-03 1.178120e-01
88 8.727160e-01 8.124000e-03 1.191600e-01
89 8.711200e-01 8.328000e-03 1.205520e-01
90 8.694080e-01 8.428000e-03 1.221640e-01
91 8.678960e-01 8.556000e-03 1.235480e-01
92 8.663520e-01 8.600000e-03 1.250480e-01
93 8.648480e-01 8.684000e-03 1.264680e-01
94 8.631920e-01 8.892000e-03 1.279160e-01
95 8.616880e-01 8.924000e-03 1.293880e-01
96 8.599800e-01 9.204000e-03 1.308160e-01
97 8.583200e-01 9.108000e-03 1.325720e-01
98 8.563960e-01 9.292000e-03 1.343120e-01
99 8.546880e-01 9.540000e-03 1.357720e-01
100 8.530000e-01 9.564000e-03 1.374360e-01
101 8.512320e-01 9.588000e-03 1.391800e-01
102 8.496760e-01 9.368000e-03 1.409560e-01
103 8.480360e-01 9.356000e-03 1.426080e-01
104 8.465680e-01 9.104000e-03 1.443280e-01
105 8.450600e-01 9.080000e-03 1.458600e-01
106 8.436080e-01 8.940000e-03 1.474520e-01
107 8.421480e-01 8.816000e-03 1.490360e-01
108 8.404720e-01 8.904000e-03 1.506240e-01
109 8.388840e-01 9.108000e-03 1.520080e-01
110 8.373560e-01 9.024000e-03 1.536200e-01
111 8.358760e-01 8.908000e-03 1.552160e-01
112 8.344400e-01 8.780000e-03 1.567800e-01
113 8.329360e-01 8.588000e-03 1.584760e-01
114 8.315600e-01 8.408000e-03 1.600320e-01
115 8.302640e-01 8.216000e-03 1.615200e-01
116 8.289240e-01 8.248000e-03 1.628280e-01
117 8.274840e-01 8.280000e-03 1.642360e-01
118 8.259280e-01 8.516000e-03 1.655560e-01
119 8.245840e-01 8.412000e-03 1.670040e-01
120 8.231200e-01 8.300000e-03 1.685800e-01
121 8.216480e-01 8.380000e-03 1.699720e-01
122 8.203560e-01 8.272000e-03 1.713720e-01
123 8.189000e-01 8.316000e-03 1.727840e-01
124 8.175920e-01 8.124000e-03 1.742840e-01
125 8.161680e-01 8.288000e-03 1.755440e-01
126 8.148440e-01 8.188000e-03 1.769680e-01
127 8.134720e-01 8.032000e-03 1.784960e-01
128 8.122840e-01 7.876000e-03 1.798400e-01
129 8.108800e-01 8.008000e-03 1.811120e-01
130 8.098120e-01 7.632000e-03 1.825560e-01
131 8.086840e-01 7.408000e-03 1.839080e-01
132 8.074800e-01 7.376000e-03 1.851440e-01
133 8.061920e-01 7.352000e-03 1.864560e-01
134 8.051680e-01 7.080000e-03 1.877520e-01
135 8.039120e-01 7.244000e-03 1.888440e-01
136 8.026800e-01 7.264000e-03 1.900560e-01
137 8.015840e-01 7.196000e-03 1.912200e-01
138 8.003800e-01 7.092000e-03 1.925280e-01
139 7.991160e-01 7.188000e-03 1.936960e-01
140 7.978920e-01 7.168000e-03 1.949400e-01
141 7.965760e-01 7.252000e-03 1.961720e-01
142 7.952120e-01 7.228000e-03 1.975600e-01
143 7.939400e-01 7.312000e-03 1.987480e-01
144 7.926280e-01 7.296000e-03 2.000760e-01
145 7.914360e-01 7.200000e-03 2.013640e-01
146 7.901400e-01 7.212000e-03 2.026480e-01
147 7.889440e-01 7.120000e-03 2.039360e-01
148 7.876400e-01 7.172000e-03 2.051880e-01
149 7.862760e-01 7.344000e-03 2.063800e-01
150 7.849880e-01 7.484000e-03 2.075280e-01
151 7.836000e-01 7.632000e-03 2.087680e-01
152 7.823320e-01 7.624000e-03 2.100440e-01
153 7.810960e-01 7.416000e-03 2.114880e-01
154 7.799360e-01 7.232000e-03 2.128320e-01
155 7.787640e-01 7.128000e-03 2.141080e-01
156 7.777040e-01 6.932000e-03 2.153640e-01
157 7.765560e-01 6.900000e-03 2.165440e-01
158 7.756160e-01 6.532000e-03 2.178520e-01
159 7.746400e-01 6.296000e-03 2.190640e-01
160 7.736720e-01 6.160000e-03 2.201680e-01
161 7.728120e-01 5.936000e-03 2.212520e-01
162 7.719040e-01 5.924000e-03 2.221720e-01
163 7.708720e-01 5.944000e-03 2.231840e-01
164 7.697880e-01 5.996000e-03 2.242160e-01
165 7.687160e-01 6.008000e-03 2.252760e-01
166 7.677160e-01 5.876000e-03 2.264080e-01
167 7.666040e-01 5.952000e-03 2.274440e-01
168 7.655600e-01 6.032000e-03 2.284080e-01
169 7.645080e-01 6.036000e-03 2.294560e-01
170 7.634680e-01 6.108000e-03 2.304240e-01
171 7.624000e-01 6.136000e-03 2.314640e-01
172 7.612280e-01 6.268000e-03 2.325040e-01
173 7.600880e-01 6.272000e-03 2.336400e-01
174 7.589680e-01 6.384000e-03 2.346480e-01
175 7.578680e-01 6.464000e-03 2.356680e-01
176 7.566760e-01 6.484000e-03 2.368400e-01
177 7.557000e-01 6.312000e-03 2.379880e-01
178 7.545600e-01 6.344000e-03 2.390960e-01
179 7.535120e-01 6.352000e-03 2.401360e-01
180 7.524520e-01 6.244000e-03 2.413040e-01
181 7.514320e-01 6.068000e-03 2.425000e-01
182 7.503960e-01 6.056000e-03 2.435480e-01
183 7.494680e-01 5.948000e-03 2.445840e-01
184 7.484520e-01 5.892000e-03 2.456560e-01
185 7.473480e-01 5.884000e-03 2.467680e-01
186 7.463400e-01 5.984000e-03 2.476760e-01
187 7.452080e-01 6.024000e-03 2.487680e-01
188 7.440480e-01 6.080000e-03 2.498720e-01
189 7.431320e-01 6.028000e-03 2.508400e-01
190 7.421600e-01 5.952000e-03 2.518880e-01
191 7.412160e-01 5.824000e-03 2.529600e-01
192 7.402200e-01 5.856000e-03 2.539240e-01
193 7.393000e-01 5.744000e-03 2.549560e-01
194 7.383520e-01 5.640000e-03 2.560080e-01
195 7.374400e-01 5.548000e-03 2.570120e-01
196 7.365440e-01 5.468000e-03 2.579880e-01
197 7.355880e-01 5.392000e-03 2.590200e-01
198 7.346440e-01 5.432000e-03 2.599240e-01
199 7.337400e-01 5.220000e-03 2.610400e-01
200 7.329600e-01 5.140000e-03 2.619000e-01
201 7.321520e-01 5.048000e-03 2.628000e-01
202 7.313440e-01 5.072000e-03 2.635840e-01
203 7.305960e-01 5.016000e-03 2.643880e-01
204 7.298560e-01 4.908000e-03 2.652360e-01
205 7.291640e-01 4.756000e-03 2.660800e-01
206 7.284200e-01 4.756000e-03 2.668240e-01
207 7.278640e-01 4.416000e-03 2.677200e-01
208 7.271840e-01 4.328000e-03 2.684880e-01
209 7.266040e-01 4.184000e-03 2.692120e-01
210 7.259400e-01 4.136000e-03 2.699240e-01
211 7.253080e-01 4.036000e-03 2.706560e-01
212 7.247920e-01 3.868000e-03 2.713400e-01
213 7.241760e-01 3.748000e-03 2.720760e-01
214 7.235520e-01 3.740000e-03 2.727080e-01
215 7.228520e-01 3.796000e-03 2.733520e-01
216 7.221040e-01 3.916000e-03 2.739800e-01
217 7.213520e-01 4.036000e-03 2.746120e-01
218 7.207440e-01 3.944000e-03 2.753120e-01
219 7.201160e-01 3.936000e-03 2.759480e-01
220 7.196560e-01 3.724000e-03 2.766200e-01
221 7.191520e-01 3.556000e-03 2.772920e-01
222 7.186320e-01 3.428000e-03 2.779400e-01
223 7.180800e-01 3.404000e-03 2.785160e-01
224 7.175680e-01 3.332000e-03 2.791000e-01
225 7.170960e-01 3.264000e-03 2.796400e-01
226 7.165440e-01 3.192000e-03 2.802640e-01
227 7.160440e-01 3.096000e-03 2.808600e-01
228 7.156160e-01 2.948000e-03 2.814360e-01
229 7.151880e-01 2.884000e-03 2.819280e-01
230 7.146440e-01 2.924000e-03 2.824320e-01
231 7.142040e-01 2.844000e-03 2.829520e-01
232 7.137000e-01 2.848000e-03 2.834520e-01
233 7.131840e-01 2.852000e-03 2.839640e-01
234 7.127240e-01 2.888000e-03 2.843880e-01
235 7.122280e-01 2.816000e-03 2.849560e-01
236 7.118120e-01 2.756000e-03 2.854320e-01
237 7.113240e-01 2.720000e-03 2.859560e-01
238 7.108920e-01 2.656000e-03 2.864520e-01
239 7.104480e-01 2.612000e-03 2.869400e-01
240 7.100440e-01 2.640000e-03 2.873160e-01
241 7.095400e-01 2.700000e-03 2.877600e-01
242 7.090520e-01 2.656000e-03 2.882920e-01
243 7.085240e-01 2.720000e-03 2.887560e-01
244 7.079160e-01 2.836000e-03 2.892480e-01
245 7.074360e-01 2.796000e-03 2.897680e-01
246 7.069200e-01 2.824000e-03 2.902560e-01
247 7.064920e-01 2.688000e-03 2.908200e-01
248 7.060800e-01 2.572000e-03 2.913480e-01
249 7.057440e-01 2.512000e-03 2.917440e-01
250 7.053760e-01 2.456000e-03 2.921680e-01
251 7.049480e-01 2.492000e-03 2.925600e-01
252 7.046400e-01 2.348000e-03 2.930120e-01
253 7.041560e-01 2.408000e-03 2.934360e-01
254 7.037000e-01 2.380000e-03 2.939200e-01
255 7.032000e-01 2.396000e-03 2.944040e-01
256 7.027040e-01 2.452000e-03 2.948440e-01
257 7.022360e-01 2.536000e-03 2.952280e-01
258 7.018040e-01 2.528000e-03 2.956680e-01
259 7.013720e-01 2.536000e-03 2.960920e-01
260 7.008120e-01 2.672000e-03 2.965160e-01
261 7.003560e-01 2.712000e-03 2.969320e-01
262 6.997680e-01 2.804000e-03 2.974280e-01
263 6.993120e-01 2.700000e-03 2.979880e-01
264 6.987840e-01 2.800000e-03 2.984160e-01
265 6.982960e-01 2.732000e-03 2.989720e-01
266 6.978000e-01 2.772000e-03 2.994280e-01
267 6.972720e-01 2.812000e-03 2.999160e-01
268 6.967680e-01 2.844000e-03 3.003880e-01
269 6.962640e-01 2.788000e-03 3.009480e-01
270 6.957960e-01 2.792000e-03 3.014120e-01
271 6.953240e-01 2.828000e-03 3.018480e-01
272 6.947840e-01 2.784000e-03 3.024320e-01
273 6.942560e-01 2.876000e-03 3.028680e-01
274 6.937320e-01 2.920000e-03 3.033480e-01
275 6.932560e-01 2.924000e-03 3.038200e-01
276 6.928000e-01 2.864000e-03 3.043360e-01
277 6.922920e-01 2.888000e-03 3.048200e-01
278 6.918600e-01 2.836000e-03 3.053040e-01
279 6.913480e-01 2.788000e-03 3.058640e-01
280 6.907960e-01 2.824000e-03 3.063800e-01
281 6.902520e-01 2.872000e-03 3.068760e-01
282 6.897800e-01 2.868000e-03 3.073520e-01
283 6.892880e-01 2.856000e-03 3.078560e-01
284 6.887640e-01 2.880000e-03 3.083560e-01
285 6.882440e-01 2.944000e-03 3.088120e-01
286 6.877440e-01 2.884000e-03 3.093720e-01
287 6.872720e-01 2.792000e-03 3.099360e-01
288 6.868120e-01 2.796000e-03 3.103920e-01
289 6.863440e-01 2.736000e-03 3.109200e-01
290 6.858000e-01 2.760000e-03 3.114400e-01
291 6.853320e-01 2.760000e-03 3.119080e-01
292 6.849200e-01 2.700000e-03 3.123800e-01
293 6.844800e-01 2.628000e-03 3.128920e-01
294 6.841440e-01 2.504000e-03 3.133520e-01
295 6.837720e-01 2.464000e-03 3.137640e-01
296 6.833480e-01 2.548000e-03 3.141040e-01
297 6.829280e-01 2.480000e-03 3.145920e-01
298 6.825760e-01 2.360000e-03 3.150640e-01
299 6.821400e-01 2.400000e-03 3.154600e-01
300 6.817000e-01 2.384000e-03 3.159160e-01
301 6.812840e-01 2.412000e-03 3.163040e-01
302 6.808880e-01 2.396000e-03 3.167160e-01
303 6.804640e-01 2.404000e-03 3.171320e-01
304 6.801160e-01 2.320000e-03 3.175640e-01
305 6.796880e-01 2.340000e-03 3.179720e-01
306 6.792680e-01 2.324000e-03 3.184080e-01
307 6.788920e-01 2.348000e-03 3.187600e-01
308 6.784920e-01 2.356000e-03 3.191520e-01
309 6.781200e-01 2.264000e-03 3.196160e-01
310 6.777880e-01 2.124000e-03 3.200880e-01
311 6.773760e-01 2.160000e-03 3.204640e-01
312 6.769520e-01 2.196000e-03 3.208520e-01
313 6.765880e-01 2.132000e-03 3.212800e-01
314 6.762240e-01 2.156000e-03 3.216200e-01
315 6.758240e-01 2.172000e-03 3.220040e-01
316 6.753320e-01 2.300000e-03 3.223680e-01
317 6.749600e-01 2.316000e-03 3.227240e-01
318 6.746480e-01 2.204000e-03 3.231480e-01
319 6.742400e-01 2.280000e-03 3.234800e-01
320 6.738600e-01 2.256000e-03 3.238840e-01
321 6.735240e-01 2.152000e-03 3.243240e-01
322 6.731480e-01 2.192000e-03 3.246600e-01
323 6.728160e-01 2.192000e-03 3.249920e-01
324 6.724440e-01 2.128000e-03 3.254280e-01
325 6.720480e-01 2.180000e-03 3.257720e-01
326 6.717040e-01 2.176000e-03 3.261200e-01
327 6.713560e-01 2.108000e-03 3.265360e-01
328 6.708800e-01 2.144000e-03 3.269760e-01
329 6.705720e-01 2.060000e-03 3.273680e-01
330 6.702000e-01 2.116000e-03 3.276840e-01
331 6.698640e-01 2.112000e-03 3.280240e-01
332 6.694880e-01 2.072000e-03 3.284400e-01
333 6.691800e-01 2.028000e-03 3.287920e-01
334 6.688240e-01 1.944000e-03 3.292320e-01
335 6.685040e-01 1.912000e-03 3.295840e-01
336 6.681920e-01 1.916000e-03 3.298920e-01
337 6.678280e-01 2.024000e-03 3.301480e-01
338 6.674320e-01 2.088000e-03 3.304800e-01
339 6.670520e-01 2.088000e-03 3.308600e-01
340 6.666680e-01 2.120000e-03 3.312120e-01
341 6.663720e-01 2.036000e-03 3.315920e-01
342 6.660240e-01 1.996000e-03 3.319800e-01
343 6.656760e-01 1.956000e-03 3.323680e-01
344 6.653440e-01 1.916000e-03 3.327400e-01
345 6.650240e-01 1.892000e-03 3.330840e-01
346 6.647240e-01 1.856000e-03 3.334200e-01
347 6.643800e-01 1.912000e-03 3.337080e-01
348 6.639640e-01 1.988000e-03 3.340480e-01
349 6.635680e-01 1.972000e-03 3.344600e-01
350 6.631200e-01 2.036000e-03 3.348440e-01
351 6.626840e-01 2.116000e-03 3.352000e-01
352 6.622480e-01 2.180000e-03 3.355720e-01
353 6.618960e-01 2.136000e-03 3.359680e-01
354 6.615160e-01 2.168000e-03 3.363160e-01
355 6.611040e-01 2.156000e-03 3.367400e-01
356 6.606600e-01 2.220000e-03 3.371200e-01
357 6.602920e-01 2.208000e-03 3.375000e-01
358 6.599320e-01 2.256000e-03 3.378120e-01
359 6.595120e-01 2.212000e-03 3.382760e-01
360 6.591960e-01 2.160000e-03 3.386440e-01
361 6.588120e-01 2.160000e-03 3.390280e-01
362 6.584280e-01 2.104000e-03 3.394680e-01
363 6.580600e-01 2.080000e-03 3.398600e-01
364 6.576520e-01 2.108000e-03 3.402400e-01
365 6.573240e-01 2.080000e-03 3.405960e-01
366 6.570160e-01 2.068000e-03 3.409160e-01
367 6.566720e-01 2.040000e-03 3.412880e-01
368 6.564240e-01 1.912000e-03 3.416640e-01
369 6.561240e-01 1.868000e-03 3.420080e-01
370 6.557640e-01 1.960000e-03 3.422760e-01
371 6.554560e-01 1.912000e-03 3.426320e-01
372 6.550760e-01 1.984000e-03 3.429400e-01
373 6.547960e-01 1.892000e-03 3.433120e-01
374 6.545280e-01 1.824000e-03 3.436480e-01
375 6.542840e-01 1.740000e-03 3.439760e-01
376 6.540120e-01 1.700000e-03 3.442880e-01
377 6.537120e-01 1.672000e-03 3.446160e-01
378 6.533920e-01 1.728000e-03 3.448800e-01
379 6.530760e-01 1.724000e-03 3.452000e-01
380 6.527080e-01 1.788000e-03 3.455040e-01
381 6.523520e-01 1.808000e-03 3.458400e-01
382 6.520320e-01 1.832000e-03 3.461360e-01
383 6.516920e-01 1.816000e-03 3.464920e-01
384 6.513200e-01 1.900000e-03 3.467800e-01
385 6.510360e-01 1.916000e-03 3.470480e-01
386 6.507240e-01 1.872000e-03 3.474040e-01
387 6.503960e-01 1.832000e-03 3.477720e-01
388 6.500720e-01 1.904000e-03 3.480240e-01
389 6.497000e-01 1.916000e-03 3.483840e-01
390 6.494000e-01 1.884000e-03 3.487160e-01
391 6.490720e-01 1.884000e-03 3.490440e-01
392 6.486920e-01 1.964000e-03 3.493440e-01
393 6.483360e-01 1.984000e-03 3.496800e-01
394 6.479920e-01 2.000000e-03 3.500080e-01
395 6.477240e-01 1.844000e-03 3.504320e-01
396 6.474520e-01 1.684000e-03 3.508640e-01
397 6.471680e-01 1.740000e-03 3.510920e-01
398 6.469040e-01 1.664000e-03 3.514320e-01
399 6.466440e-01 1.592000e-03 3.517640e-01
400 6.463720e-01 1.620000e-03 3.520080e-01
401 6.461520e-01 1.564000e-03 3.522840e-01
402 6.458720e-01 1.604000e-03 3.525240e-01
403 6.456320e-01 1.492000e-03 3.528760e-01
404 6.453320e-01 1.608000e-03 3.530600e-01
405 6.450440e-01 1.588000e-03 3.533680e-01
406 6.447720e-01 1.604000e-03 3.536240e-01
407 6.444400e-01 1.652000e-03 3.539080e-01
408 6.441240e-01 1.644000e-03 3.542320e-01
409 6.439000e-01 1.596000e-03 3.545040e-01
410 6.436720e-01 1.524000e-03 3.548040e-01
411 6.434240e-01 1.520000e-03 3.550560e-01
412 6.431600e-01 1.532000e-03 3.553080e-01
413 6.428640e-01 1.568000e-03 3.555680e-01
414 6.425560e-01 1.588000e-03 3.558560e-01
415 6.422920e-01 1.600000e-03 3.561080e-01
416 6.420240e-01 1.548000e-03 3.564280e-01
417 6.416960e-01 1.620000e-03 3.566840e-01
418 6.414280e-01 1.636000e-03 3.569360e-01
419 6.411560e-01 1.620000e-03 3.572240e-01
420 6.408200e-01 1.616000e-03 3.575640e-01
421 6.404720e-01 1.704000e-03 3.578240e-01
422 6.401320e-01 1.664000e-03 3.582040e-01
423 6.398440e-01 1.664000e-03 3.584920e-01
424 6.395840e-01 1.672000e-03 3.587440e-01
425 6.393640e-01 1.624000e-03 3.590120e-01
426 6.390920e-01 1.592000e-03 3.593160e-01
427 6.388720e-01 1.536000e-03 3.595920e-01
428 6.386360e-01 1.520000e-03 3.598440e-01
429 6.384080e-01 1.468000e-03 3.601240e-01
430 6.381920e-01 1.476000e-03 3.603320e-01
431 6.379480e-01 1.440000e-03 3.606120e-01
432 6.376840e-01 1.460000e-03 3.608560e-01
433 6.374560e-01 1.452000e-03 3.610920e-01
434 6.371600e-01 1.492000e-03 3.613480e-01
435 6.369480e-01 1.436000e-03 3.616160e-01
436 6.367160e-01 1.424000e-03 3.618600e-01
437 6.364200e-01 1.444000e-03 3.621360e-01
438 6.361720e-01 1.464000e-03 3.623640e-01
439 6.358680e-01 1.524000e-03 3.626080e-01
440 6.356160e-01 1.504000e-03 3.628800e-01
441 6.354120e-01 1.456000e-03 3.631320e-01
442 6.351640e-01 1.460000e-03 3.633760e-01
443 6.348760e-01 1.500000e-03 3.636240e-01
444 6.346080e-01 1.532000e-03 3.638600e-01
445 6.343480e-01 1.560000e-03 3.640920e-01
446 6.339760e-01 1.668000e-03 3.643560e-01
447 6.336680e-01 1.660000e-03 3.646720e-01
448 6.333800e-01 1.720000e-03 3.649000e-01
449 6.330720e-01 1.712000e-03 3.652160e-01
450 6.328200e-01 1.680000e-03 3.655000e-01
451 6.325560e-01 1.628000e-03 3.658160e-01
452 6.323320e-01 1.508000e-03 3.661600e-01
453 6.320160e-01 1.548000e-03 3.664360e-01
454 6.317960e-01 1.532000e-03 3.666720e-01
455 6.315640e-01 1.484000e-03 3.669520e-01
456 6.312800e-01 1.488000e-03 3.672320e-01
457 6.310440e-01 1.484000e-03 3.674720e-01
458 6.307880e-01 1.492000e-03 3.677200e-01
459 6.305200e-01 1.512000e-03 3.679680e-01
460 6.301720e-01 1.580000e-03 3.682480e-01
461 6.299000e-01 1.560000e-03 3.685400e-01
462 6.296920e-01 1.492000e-03 3.688160e-01
463 6.294560e-01 1.520000e-03 3.690240e-01
464 6.292440e-01 1.444000e-03 3.693120e-01
465 6.289240e-01 1.508000e-03 3.695680e-01
466 6.286480e-01 1.484000e-03 3.698680e-01
467 6.284040e-01 1.504000e-03 3.700920e-01
468 6.281120e-01 1.568000e-03 3.703200e-01
469 6.278440e-01 1.572000e-03 3.705840e-01
470 6.275240e-01 1.608000e-03 3.708680e-01
471 6.272000e-01 1.680000e-03 3.711200e-01
472 6.269600e-01 1.612000e-03 3.714280e-01
473 6.267040e-01 1.556000e-03 3.717400e-01
474 6.264240e-01 1.544000e-03 3.720320e-01
475 6.260800e-01 1.596000e-03 3.723240e-01
476 6.258080e-01 1.616000e-03 3.725760e-01
477 6.255080e-01 1.652000e-03 3.728400e-01
478 6.251760e-01 1.712000e-03 3.731120e-01
479 6.249280e-01 1.672000e-03 3.734000e-01
480 6.246040e-01 1.776000e-03 3.736200e-01
481 6.243000e-01 1.768000e-03 3.739320e-01
482 6.240800e-01 1.672000e-03 3.742480e-01
483 6.239040e-01 1.548000e-03 3.745480e-01
484 6.237120e-01 1.488000e-03 3.748000e-01
485 6.235480e-01 1.424000e-03 3.750280e-01
486 6.234080e-01 1.300000e-03 3.752920e-01
487 6.232240e-01 1.256000e-03 3.755200e-01
488 6.230600e-01 1.204000e-03 3.757360e-01
489 6.229280e-01 1.136000e-03 3.759360e-01
490 6.227600e-01 1.092000e-03 3.761480e-01
491 6.226240e-01 1.024000e-03 3.763520e-01
492 6.225000e-01 9.520000e-04 3.765480e-01
493 6.223680e-01 9.240000e-04 3.767080e-01
494 6.222200e-01 8.840000e-04 3.768960e-01
495 6.220760e-01 8.600000e-04 3.770640e-01
496 6.219120e-01 8.840000e-04 3.772040e-01
497 6.216960e-01 9.440000e-04 3.773600e-01
498 6.214800e-01 9.960000e-04 3.775240e-01
499 6.213280e-01 9.880000e-04 3.776840e-01
500 6.211680e-01 1.012000e-03 3.778200e-01
