1 9.991960e-01 7.240000e-04 8.000000e-05
2 9.986440e-01 1.132000e-03 2.240000e-04
3 9.980760e-01 1.468000e-03 4.560000e-04
4 9.973920e-01 1.776000e-03 8.320000e-04
5 9.966280e-01 2.156000e-03 1.216000e-03
6 9.957760e-01 2.624000e-03 1.600000e-03
7 9.949760e-01 2.944000e-03 2.080000e-03
8 9.941800e-01 3.200000e-03 2.620000e-03
9 9.931400e-01 3.600000e-03 3.260000e-03
10 9.922560e-01 3.820000e-03 3.924000e-03
11 9.912960e-01 4.172000e-03 4.532000e-03
12 9.902200e-01 4.536000e-03 5.244000e-03
13 9.891400e-01 4.792000e-03 6.068000e-03
14 9.880960e-01 5.036000e-03 6.868000e-03
15 9.869720e-01 5.384000e-03 7.644000e-03
16 9.858480e-01 5.568000e-03 8.584000e-03
17 9.846280e-01 5.772000e-03 9.600000e-03
18 9.831960e-01 6.160000e-03 1.064400e-02
19 9.818640e-01 6.364000e-03 1.177200e-02
20 9.805760e-01 6.536000e-03 1.288800e-02
21 9.792000e-01 6.696000e-03 1.410400e-02
22 9.777640e-01 7.004000e-03 1.523200e-02
23 9.761840e-01 7.252000e-03 1.656400e-02
24 9.747440e-01 7.372000e-03 1.788400e-02
25 9.732440e-01 7.620000e-03 1.913600e-02
26 9.715880e-01 7.916000e-03 2.049600e-02
27 9.698640e-01 8.312000e-03 2.182400e-02
28 9.682040e-01 8.548000e-03 2.324800e-02
29 9.665720e-01 8.768000e-03 2.466000e-02
30 9.647040e-01 9.128000e-03 2.616800e-02
31 9.627760e-01 9.496000e-03 2.772800e-02
32 9.609360e-01 9.700000e-03 2.936400e-02
33 9.590000e-01 9.916000e-03 3.108400e-02
34 9.569320e-01 1.012400e-02 3.294400e-02
35 9.549520e-01 1.028400e-02 3.476400e-02
36 9.531120e-01 1.028800e-02 3.660000e-02
37 9.511480e-01 1.029200e-02 3.856000e-02
38 9.493760e-01 1.030800e-02 4.031600e-02
39 9.472400e-01 1.058800e-02 4.217200e-02
40 9.452360e-01 1.072800e-02 4.403600e-02
41 9.431840e-01 1.080000e-02 4.601600e-02
42 9.410400e-01 1.106400e-02 4.789600e-02
43 9.390040e-01 1.117600e-02 4.982000e-02
44 9.368640e-01 1.146400e-02 5.167200e-02
45 9.347320e-01 1.147200e-02 5.379600e-02
46 9.326080e-01 1.146800e-02 5.592400e-02
47 9.304200e-01 1.172000e-02 5.786000e-02
48 9.284360e-01 1.171200e-02 5.985200e-02
49 9.262000e-01 1.192000e-02 6.188000e-02
50 9.241040e-01 1.195200e-02 6.394400e-02
51 9.219080e-01 1.197200e-02 6.612000e-02
52 9.197280e-01 1.208000e-02 6.819200e-02
53 9.175280e-01 1.204000e-02 7.043200e-02
54 9.154720e-01 1.198800e-02 7.254000e-02
55 9.134840e-01 1.193600e-02 7.458000e-02
56 9.113560e-01 1.189600e-02 7.674800e-02
57 9.092720e-01 1.189600e-02 7.883200e-02
58 9.072440e-01 1.171600e-02 8.104000e-02
59 9.053200e-01 1.162000e-02 8.306000e-02
60 9.033840e-01 1.146400e-02 8.515200e-02
61 9.013040e-01 1.154400e-02 8.715200e-02
62 8.994520e-01 1.140800e-02 8.914000e-02
63 8.975320e-01 1.127600e-02 9.119200e-02
64 8.955480e-01 1.139200e-02 9.306000e-02
65 8.935200e-01 1.147200e-02 9.500800e-02
66 8.913600e-01 1.162000e-02 9.702000e-02
67 8.894120e-01 1.141600e-02 9.917200e-02
68 8.873400e-01 1.140000e-02 1.012600e-01
69 8.855360e-01 1.128800e-02 1.031760e-01
70 8.835440e-01 1.138000e-02 1.050760e-01
71 8.814920e-01 1.148800e-02 1.070200e-01
72 8.792960e-01 1.159600e-02 1.091080e-01
73 8.772200e-01 1.167200e-02 1.111080e-01
74 8.752800e-01 1.155600e-02 1.131640e-01
75 8.732320e-01 1.163600e-02 1.151320e-01
76 8.711840e-01 1.164000e-02 1.171760e-01
77 8.690760e-01 1.180000e-02 1.191240e-01
78 8.670840e-01 1.176000e-02 1.211560e-01
79 8.650200e-01 1.168800e-02 1.232920e-01
80 8.627320e-01 1.207200e-02 1.251960e-01
81 8.607120e-01 1.197600e-02 1.273120e-01
82 8.585040e-01 1.211600e-02 1.293800e-01
83 8.564800e-01 1.210400e-02 1.314160e-01
84 8.544040e-01 1.214400e-02 1.334520e-01
85 8.524560e-01 1.206400e-02 1.354800e-01
86 8.503840e-01 1.210400e-02 1.375120e-01
87 8.484560e-01 1.198400e-02 1.395600e-01
88 8.463280e-01 1.199200e-02 1.416800e-01
89 8.441680e-01 1.188000e-02 1.439520e-01
90 8.420800e-01 1.190400e-02 1.460160e-01
91 8.400480e-01 1.178400e-02 1.481680e-01
92 8.381320e-01 1.140800e-02 1.504600e-01
93 8.363000e-01 1.133200e-02 1.523680e-01
94 8.345360e-01 1.087200e-02 1.545920e-01
95 8.326760e-01 1.084800e-02 1.564760e-01
96 8.309160e-01 1.074800e-02 1.583360e-01
97 8.291240e-01 1.069200e-02 1.601840e-01
98 8.271440e-01 1.094000e-02 1.619160e-01
99 8.252720e-01 1.094400e-02 1.637840e-01
100 8.235880e-01 1.066000e-02 1.657520e-01
101 8.219240e-01 1.063600e-02 1.674400e-01
102 8.201120e-01 1.051200e-02 1.693760e-01
103 8.184080e-01 1.032800e-02 1.712640e-01
104 8.168560e-01 1.008000e-02 1.730640e-01
105 8.150160e-01 1.020400e-02 1.747800e-01
106 8.131920e-01 1.036800e-02 1.764400e-01
107 8.113400e-01 1.050400e-02 1.781560e-01
108 8.094760e-01 1.056400e-02 1.799600e-01
109 8.077200e-01 1.058000e-02 1.817000e-01
110 8.058720e-01 1.059600e-02 1.835320e-01
111 8.042560e-01 1.038400e-02 1.853600e-01
112 8.026040e-01 1.022800e-02 1.871680e-01
113 8.009560e-01 1.011200e-02 1.889320e-01
114 7.993480e-01 9.888000e-03 1.907640e-01
115 7.979520e-01 9.452000e-03 1.925960e-01
116 7.964760e-01 9.320000e-03 1.942040e-01
117 7.950640e-01 9.156000e-03 1.957800e-01
118 7.935000e-01 9.032000e-03 1.974680e-01
119 7.920280e-01 8.972000e-03 1.990000e-01
120 7.906120e-01 8.776000e-03 2.006120e-01
121 7.891920e-01 8.632000e-03 2.021760e-01
122 7.876160e-01 8.824000e-03 2.035600e-01
123 7.862520e-01 8.704000e-03 2.050440e-01
124 7.847800e-01 8.860000e-03 2.063600e-01
125 7.832960e-01 8.792000e-03 2.079120e-01
126 7.818720e-01 8.628000e-03 2.095000e-01
127 7.803440e-01 8.536000e-03 2.111200e-01
128 7.788320e-01 8.520000e-03 2.126480e-01
129 7.774640e-01 8.364000e-03 2.141720e-01
130 7.760880e-01 8.244000e-03 2.156680e-01
131 7.746280e-01 8.260000e-03 2.171120e-01
132 7.731880e-01 8.280000e-03 2.185320e-01
133 7.717080e-01 8.384000e-03 2.199080e-01
134 7.702400e-01 8.396000e-03 2.213640e-01
135 7.687840e-01 8.460000e-03 2.227560e-01
136 7.674120e-01 8.420000e-03 2.241680e-01
137 7.659800e-01 8.336000e-03 2.256840e-01
138 7.644000e-01 8.388000e-03 2.272120e-01
139 7.627960e-01 8.520000e-03 2.286840e-01
140 7.612360e-01 8.632000e-03 2.301320e-01
141 7.595560e-01 8.856000e-03 2.315880e-01
142 7.578720e-01 9.016000e-03 2.331120e-01
143 7.562160e-01 9.060000e-03 2.347240e-01
144 7.547400e-01 8.992000e-03 2.362680e-01
145 7.531440e-01 9.008000e-03 2.378480e-01
146 7.516640e-01 8.944000e-03 2.393920e-01
147 7.501080e-01 8.988000e-03 2.409040e-01
148 7.486080e-01 8.944000e-03 2.424480e-01
149 7.471400e-01 8.912000e-03 2.439480e-01
150 7.457960e-01 8.788000e-03 2.454160e-01
151 7.443800e-01 8.600000e-03 2.470200e-01
152 7.429680e-01 8.536000e-03 2.484960e-01
153 7.414480e-01 8.612000e-03 2.499400e-01
154 7.401280e-01 8.360000e-03 2.515120e-01
155 7.387720e-01 8.244000e-03 2.529840e-01
156 7.373320e-01 8.236000e-03 2.544320e-01
157 7.359040e-01 8.264000e-03 2.558320e-01
158 7.344960e-01 8.260000e-03 2.572440e-01
159 7.329640e-01 8.156000e-03 2.588800e-01
160 7.315280e-01 8.104000e-03 2.603680e-01
161 7.300520e-01 8.208000e-03 2.617400e-01
162 7.286880e-01 8.192000e-03 2.631200e-01
163 7.272600e-01 8.276000e-03 2.644640e-01
164 7.258360e-01 8.116000e-03 2.660480e-01
165 7.245600e-01 7.944000e-03 2.674960e-01
166 7.232520e-01 7.832000e-03 2.689160e-01
167 7.218800e-01 7.788000e-03 2.703320e-01
168 7.205840e-01 7.596000e-03 2.718200e-01
169 7.193000e-01 7.532000e-03 2.731680e-01
170 7.181240e-01 7.456000e-03 2.744200e-01
171 7.170160e-01 7.336000e-03 2.756480e-01
172 7.157840e-01 7.340000e-03 2.768760e-01
173 7.146920e-01 7.152000e-03 2.781560e-01
174 7.136400e-01 6.912000e-03 2.794480e-01
175 7.124160e-01 7.024000e-03 2.805600e-01
176 7.113680e-01 6.772000e-03 2.818600e-01
177 7.101520e-01 6.840000e-03 2.830080e-01
178 7.089960e-01 6.808000e-03 2.841960e-01
179 7.078760e-01 6.792000e-03 2.853320e-01
180 7.067640e-01 6.640000e-03 2.865960e-01
181 7.057120e-01 6.448000e-03 2.878400e-01
182 7.046360e-01 6.360000e-03 2.890040e-01
183 7.036520e-01 6.216000e-03 2.901320e-01
184 7.025720e-01 6.228000e-03 2.912000e-01
185 7.015000e-01 6.260000e-03 2.922400e-01
186 7.003560e-01 6.284000e-03 2.933600e-01
187 6.992480e-01 6.328000e-03 2.944240e-01
188 6.982840e-01 6.256000e-03 2.954600e-01
189 6.971240e-01 6.388000e-03 2.964880e-01
190 6.960480e-01 6.388000e-03 2.975640e-01
191 6.949960e-01 6.152000e-03 2.988520e-01
192 6.940800e-01 5.968000e-03 2.999520e-01
193 6.931400e-01 5.836000e-03 3.010240e-01
194 6.920800e-01 5.844000e-03 3.020760e-01
195 6.910920e-01 5.912000e-03 3.029960e-01
196 6.900840e-01 5.868000e-03 3.040480e-01
197 6.890320e-01 5.900000e-03 3.050680e-01
198 6.880440e-01 5.836000e-03 3.061200e-01
199 6.870920e-01 5.796000e-03 3.071120e-01
200 6.860720e-01 5.852000e-03 3.080760e-01
201 6.850880e-01 5.732000e-03 3.091800e-01
202 6.842240e-01 5.604000e-03 3.101720e-01
203 6.834680e-01 5.464000e-03 3.110680e-01
204 6.825840e-01 5.392000e-03 3.120240e-01
205 6.816640e-01 5.348000e-03 3.129880e-01
206 6.806760e-01 5.360000e-03 3.139640e-01
207 6.797320e-01 5.380000e-03 3.148880e-01
208 6.788000e-01 5.376000e-03 3.158240e-01
209 6.778440e-01 5.392000e-03 3.167640e-01
210 6.768560e-01 5.404000e-03 3.177400e-01
211 6.758640e-01 5.512000e-03 3.186240e-01
212 6.749280e-01 5.404000e-03 3.196680e-01
213 6.739520e-01 5.492000e-03 3.205560e-01
214 6.730840e-01 5.372000e-03 3.215440e-01
215 6.722160e-01 5.408000e-03 3.223760e-01
216 6.713920e-01 5.400000e-03 3.232080e-01
217 6.705200e-01 5.332000e-03 3.241480e-01
218 6.696720e-01 5.160000e-03 3.251680e-01
219 6.687160e-01 5.200000e-03 3.260840e-01
220 6.676760e-01 5.268000e-03 3.270560e-01
221 6.667960e-01 5.200000e-03 3.280040e-01
222 6.658720e-01 5.276000e-03 3.288520e-01
223 6.650080e-01 5.232000e-03 3.297600e-01
224 6.640960e-01 5.168000e-03 3.307360e-01
225 6.632440e-01 4.976000e-03 3.317800e-01
226 6.625400e-01 4.840000e-03 3.326200e-01
227 6.617200e-01 4.904000e-03 3.333760e-01
228 6.608880e-01 4.924000e-03 3.341880e-01
229 6.599760e-01 4.992000e-03 3.350320e-01
230 6.591120e-01 4.964000e-03 3.359240e-01
231 6.582120e-01 5.072000e-03 3.367160e-01
232 6.573480e-01 5.136000e-03 3.375160e-01
233 6.565080e-01 5.100000e-03 3.383920e-01
234 6.556240e-01 5.012000e-03 3.393640e-01
235 6.548080e-01 4.848000e-03 3.403440e-01
236 6.540600e-01 4.856000e-03 3.410840e-01
237 6.533600e-01 4.776000e-03 3.418640e-01
238 6.526520e-01 4.680000e-03 3.426680e-01
239 6.517320e-01 4.824000e-03 3.434440e-01
240 6.508280e-01 4.840000e-03 3.443320e-01
241 6.500240e-01 4.836000e-03 3.451400e-01
242 6.492600e-01 4.820000e-03 3.459200e-01
243 6.484640e-01 4.700000e-03 3.468360e-01
244 6.476240e-01 4.724000e-03 3.476520e-01
245 6.467480e-01 4.680000e-03 3.485720e-01
246 6.459440e-01 4.736000e-03 3.493200e-01
247 6.450880e-01 4.692000e-03 3.502200e-01
248 6.442640e-01 4.736000e-03 3.510000e-01
249 6.433960e-01 4.820000e-03 3.517840e-01
250 6.424880e-01 4.840000e-03 3.526720e-01
251 6.417520e-01 4.708000e-03 3.535400e-01
252 6.410080e-01 4.720000e-03 3.542720e-01
253 6.402440e-01 4.732000e-03 3.550240e-01
254 6.394400e-01 4.680000e-03 3.558800e-01
255 6.386840e-01 4.548000e-03 3.567680e-01
256 6.378960e-01 4.620000e-03 3.574840e-01
257 6.372280e-01 4.556000e-03 3.582160e-01
258 6.363720e-01 4.592000e-03 3.590360e-01
259 6.356320e-01 4.500000e-03 3.598680e-01
260 6.349400e-01 4.364000e-03 3.606960e-01
261 6.341800e-01 4.408000e-03 3.614120e-01
262 6.334800e-01 4.288000e-03 3.622320e-01
263 6.326840e-01 4.340000e-03 3.629760e-01
264 6.320000e-01 4.308000e-03 3.636920e-01
265 6.313600e-01 4.196000e-03 3.644440e-01
266 6.307680e-01 3.956000e-03 3.652760e-01
267 6.300760e-01 4.048000e-03 3.658760e-01
268 6.293760e-01 4.084000e-03 3.665400e-01
269 6.287680e-01 3.940000e-03 3.672920e-01
270 6.281160e-01 3.944000e-03 3.679400e-01
271 6.274880e-01 3.848000e-03 3.686640e-01
272 6.268640e-01 3.728000e-03 3.694080e-01
273 6.263080e-01 3.632000e-03 3.700600e-01
274 6.257280e-01 3.596000e-03 3.706760e-01
275 6.251000e-01 3.664000e-03 3.712360e-01
276 6.244840e-01 3.640000e-03 3.718760e-01
277 6.239160e-01 3.556000e-03 3.725280e-01
278 6.232720e-01 3.616000e-03 3.731120e-01
279 6.227760e-01 3.468000e-03 3.737560e-01
280 6.221200e-01 3.496000e-03 3.743840e-01
281 6.215840e-01 3.428000e-03 3.749880e-01
282 6.209600e-01 3.468000e-03 3.755720e-01
283 6.204040e-01 3.360000e-03 3.762360e-01
284 6.197720e-01 3.488000e-03 3.767400e-01
285 6.191680e-01 3.440000e-03 3.773920e-01
286 6.186640e-01 3.360000e-03 3.779760e-01
287 6.181160e-01 3.248000e-03 3.786360e-01
288 6.175720e-01 3.280000e-03 3.791480e-01
289 6.170520e-01 3.148000e-03 3.798000e-01
290 6.164960e-01 3.224000e-03 3.802800e-01
291 6.158800e-01 3.364000e-03 3.807560e-01
292 6.153680e-01 3.296000e-03 3.813360e-01
293 6.147640e-01 3.332000e-03 3.819040e-01
294 6.142440e-01 3.236000e-03 3.825200e-01
295 6.137600e-01 3.076000e-03 3.831640e-01
296 6.131520e-01 3.156000e-03 3.836920e-01
297 6.126440e-01 3.052000e-03 3.843040e-01
298 6.122680e-01 2.844000e-03 3.848880e-01
299 6.118200e-01 2.828000e-03 3.853520e-01
300 6.113440e-01 2.864000e-03 3.857920e-01
301 6.109200e-01 2.728000e-03 3.863520e-01
302 6.104680e-01 2.672000e-03 3.868600e-01
303 6.099600e-01 2.732000e-03 3.873080e-01
304 6.094760e-01 2.748000e-03 3.877760e-01
305 6.089920e-01 2.824000e-03 3.881840e-01
306 6.084480e-01 2.772000e-03 3.887800e-01
307 6.080680e-01 2.636000e-03 3.892960e-01
308 6.075920e-01 2.700000e-03 3.897080e-01
309 6.070560e-01 2.696000e-03 3.902480e-01
310 6.065280e-01 2.764000e-03 3.907080e-01
311 6.060240e-01 2.820000e-03 3.911560e-01
312 6.055680e-01 2.832000e-03 3.916000e-01
313 6.050800e-01 2.852000e-03 3.920680e-01
314 6.046080e-01 2.836000e-03 3.925560e-01
315 6.041280e-01 2.776000e-03 3.930960e-01
316 6.036520e-01 2.712000e-03 3.936360e-01
317 6.032120e-01 2.752000e-03 3.940360e-01
318 6.027160e-01 2.812000e-03 3.944720e-01
319 6.022520e-01 2.764000e-03 3.949840e-01
320 6.018480e-01 2.700000e-03 3.954520e-01
321 6.013360e-01 2.744000e-03 3.959200e-01
322 6.008240e-01 2.772000e-03 3.964040e-01
323 6.003640e-01 2.712000e-03 3.969240e-01
324 5.999920e-01 2.648000e-03 3.973600e-01
325 5.995640e-01 2.648000e-03 3.977880e-01
326 5.991360e-01 2.560000e-03 3.983040e-01
327 5.987640e-01 2.472000e-03 3.987640e-01
328 5.983640e-01 2.420000e-03 3.992160e-01
329 5.980480e-01 2.332000e-03 3.996200e-01
330 5.976680e-01 2.368000e-03 3.999640e-01
331 5.974240e-01 2.228000e-03 4.003480e-01
332 5.971320e-01 2.172000e-03 4.006960e-01
333 5.968480e-01 2.052000e-03 4.011000e-01
334 5.965120e-01 2.036000e-03 4.014520e-01
335 5.961560e-01 2.020000e-03 4.018240e-01
336 5.957840e-01 2.048000e-03 4.021680e-01
337 5.954400e-01 2.036000e-03 4.025240e-01
338 5.950400e-01 2.040000e-03 4.029200e-01
339 5.947360e-01 1.928000e-03 4.033360e-01
340 5.944360e-01 1.836000e-03 4.037280e-01
341 5.941000e-01 1.856000e-03 4.040440e-01
342 5.938720e-01 1.780000e-03 4.043480e-01
343 5.935520e-01 1.788000e-03 4.046600e-01
344 5.932080e-01 1.840000e-03 4.049520e-01
345 5.928680e-01 1.852000e-03 4.052800e-01
346 5.926040e-01 1.784000e-03 4.056120e-01
347 5.923520e-01 1.760000e-03 4.058880e-01
348 5.921400e-01 1.676000e-03 4.061840e-01
349 5.918680e-01 1.668000e-03 4.064640e-01
350 5.915720e-01 1.656000e-03 4.067720e-01
351 5.913680e-01 1.528000e-03 4.071040e-01
352 5.911320e-01 1.508000e-03 4.073600e-01
353 5.908760e-01 1.476000e-03 4.076480e-01
354 5.905680e-01 1.536000e-03 4.078960e-01
355 5.903160e-01 1.512000e-03 4.081720e-01
356 5.900280e-01 1.532000e-03 4.084400e-01
357 5.897120e-01 1.584000e-03 4.087040e-01
358 5.893440e-01 1.688000e-03 4.089680e-01
359 5.890560e-01 1.684000e-03 4.092600e-01
360 5.887600e-01 1.700000e-03 4.095400e-01
361 5.884800e-01 1.616000e-03 4.099040e-01
362 5.881960e-01 1.656000e-03 4.101480e-01
363 5.878920e-01 1.688000e-03 4.104200e-01
364 5.876960e-01 1.620000e-03 4.106840e-01
365 5.874640e-01 1.640000e-03 4.108960e-01
366 5.872280e-01 1.584000e-03 4.111880e-01
367 5.869280e-01 1.620000e-03 4.114520e-01
368 5.866760e-01 1.596000e-03 4.117280e-01
369 5.864480e-01 1.528000e-03 4.120240e-01
370 5.862120e-01 1.476000e-03 4.123120e-01
371 5.859800e-01 1.416000e-03 4.126040e-01
372 5.857080e-01 1.448000e-03 4.128440e-01
373 5.854600e-01 1.480000e-03 4.130600e-01
374 5.852080e-01 1.512000e-03 4.132800e-01
375 5.849800e-01 1.444000e-03 4.135760e-01
376 5.847240e-01 1.436000e-03 4.138400e-01
377 5.844600e-01 1.436000e-03 4.141040e-01
378 5.842200e-01 1.436000e-03 4.143440e-01
379 5.839440e-01 1.444000e-03 4.146120e-01
380 5.836880e-01 1.472000e-03 4.148400e-01
381 5.834720e-01 1.460000e-03 4.150680e-01
382 5.832280e-01 1.496000e-03 4.152760e-01
383 5.830440e-01 1.428000e-03 4.155280e-01
384 5.828280e-01 1.376000e-03 4.157960e-01
385 5.826280e-01 1.380000e-03 4.159920e-01
386 5.823960e-01 1.368000e-03 4.162360e-01
387 5.822320e-01 1.348000e-03 4.164200e-01
388 5.820560e-01 1.312000e-03 4.166320e-01
389 5.819000e-01 1.240000e-03 4.168600e-01
390 5.817440e-01 1.168000e-03 4.170880e-01
391 5.815600e-01 1.172000e-03 4.172680e-01
392 5.813720e-01 1.152000e-03 4.174760e-01
393 5.811560e-01 1.116000e-03 4.177280e-01
394 5.810000e-01 1.092000e-03 4.179080e-01
395 5.808360e-01 1.076000e-03 4.180880e-01
396 5.806680e-01 1.068000e-03 4.182640e-01
397 5.804520e-01 1.112000e-03 4.184360e-01
398 5.802760e-01 1.096000e-03 4.186280e-01
399 5.801160e-01 1.108000e-03 4.187760e-01
400 5.799680e-01 1.032000e-03 4.190000e-01
401 5.798320e-01 9.960000e-04 4.191720e-01
402 5.796640e-01 9.600000e-04 4.193760e-01
403 5.795520e-01 9.280000e-04 4.195200e-01
404 5.794560e-01 8.760000e-04 4.196680e-01
405 5.793760e-01 7.920000e-04 4.198320e-01
406 5.792840e-01 7.360000e-04 4.199800e-01
407 5.791760e-01 7.280000e-04 4.200960e-01
408 5.790200e-01 7.520000e-04 4.202280e-01
409 5.788960e-01 7.680000e-04 4.203360e-01
410 5.788200e-01 7.360000e-04 4.204440e-01
411 5.787240e-01 7.240000e-04 4.205520e-01
412 5.785640e-01 7.440000e-04 4.206920e-01
413 5.784240e-01 7.160000e-04 4.208600e-01
414 5.782760e-01 7.360000e-04 4.209880e-01
415 5.781160e-01 7.480000e-04 4.211360e-01
416 5.779520e-01 7.480000e-04 4.213000e-01
417 5.778040e-01 7.920000e-04 4.214040e-01
418 5.776480e-01 7.960000e-04 4.215560e-01
419 5.774720e-01 8.400000e-04 4.216880e-01
420 5.773280e-01 8.360000e-04 4.218360e-01
421 5.771880e-01 8.120000e-04 4.220000e-01
422 5.770440e-01 8.120000e-04 4.221440e-01
423 5.769400e-01 7.560000e-04 4.223040e-01
424 5.768400e-01 7.560000e-04 4.224040e-01
425 5.767200e-01 7.400000e-04 4.225400e-01
426 5.766360e-01 7.120000e-04 4.226520e-01
427 5.765480e-01 6.720000e-04 4.227800e-01
428 5.764480e-01 6.640000e-04 4.228880e-01
429 5.762960e-01 6.600000e-04 4.230440e-01
430 5.762360e-01 6.040000e-04 4.231600e-01
431 5.761440e-01 5.800000e-04 4.232760e-01
432 5.760320e-01 5.960000e-04 4.233720e-01
433 5.759280e-01 5.880000e-04 4.234840e-01
434 5.758120e-01 6.200000e-04 4.235680e-01
435 5.757440e-01 5.520000e-04 4.237040e-01
436 5.756080e-01 5.840000e-04 4.238080e-01
437 5.754760e-01 6.120000e-04 4.239120e-01
438 5.753680e-01 5.720000e-04 4.240600e-01
439 5.752880e-01 5.400000e-04 4.241720e-01
440 5.751760e-01 5.480000e-04 4.242760e-01
441 5.750320e-01 5.960000e-04 4.243720e-01
442 5.749080e-01 6.280000e-04 4.244640e-01
443 5.747640e-01 6.720000e-04 4.245640e-01
444 5.746320e-01 6.840000e-04 4.246840e-01
445 5.745120e-01 6.760000e-04 4.248120e-01
446 5.744200e-01 6.320000e-04 4.249480e-01
447 5.743360e-01 6.160000e-04 4.250480e-01
448 5.742640e-01 5.880000e-04 4.251480e-01
449 5.741640e-01 5.720000e-04 4.252640e-01
450 5.740760e-01 5.320000e-04 4.253920e-01
451 5.739600e-01 5.440000e-04 4.254960e-01
452 5.738840e-01 5.320000e-04 4.255840e-01
453 5.737800e-01 5.280000e-04 4.256920e-01
454 5.737000e-01 5.320000e-04 4.257680e-01
455 5.736040e-01 5.560000e-04 4.258400e-01
456 5.735000e-01 5.480000e-04 4.259520e-01
457 5.734040e-01 5.520000e-04 4.260440e-01
458 5.733000e-01 5.440000e-04 4.261560e-01
459 5.732280e-01 5.240000e-04 4.262480e-01
460 5.731120e-01 5.800000e-04 4.263080e-01
461 5.730080e-01 5.640000e-04 4.264280e-01
462 5.729560e-01 5.320000e-04 4.265120e-01
463 5.728640e-01 5.200000e-04 4.266160e-01
464 5.727840e-01 5.280000e-04 4.266880e-01
465 5.726680e-01 5.480000e-04 4.267840e-01
466 5.725520e-01 5.800000e-04 4.268680e-01
467 5.724600e-01 5.680000e-04 4.269720e-01
468 5.723360e-01 5.960000e-04 4.270680e-01
469 5.722200e-01 5.840000e-04 4.271960e-01
470 5.721120e-01 5.680000e-04 4.273200e-01
471 5.720400e-01 5.200000e-04 4.274400e-01
472 5.719760e-01 4.960000e-04 4.275280e-01
473 5.718960e-01 4.920000e-04 4.276120e-01
474 5.718400e-01 4.440000e-04 4.277160e-01
475 5.717960e-01 4.240000e-04 4.277800e-01
476 5.717560e-01 3.880000e-04 4.278560e-01
477 5.716960e-01 4.040000e-04 4.279000e-01
478 5.716720e-01 3.680000e-04 4.279600e-01
479 5.716280e-01 3.560000e-04 4.280160e-01
480 5.715840e-01 3.200000e-04 4.280960e-01
481 5.715320e-01 3.160000e-04 4.281520e-01
482 5.714880e-01 3.200000e-04 4.281920e-01
483 5.714520e-01 3.040000e-04 4.282440e-01
484 5.714320e-01 2.720000e-04 4.282960e-01
485 5.713920e-01 2.800000e-04 4.283280e-01
486 5.713680e-01 2.400000e-04 4.283920e-01
487 5.713120e-01 2.680000e-04 4.284200e-01
488 5.712680e-01 2.640000e-04 4.284680e-01
489 5.712200e-01 2.560000e-04 4.285240e-01
490 5.711400e-01 2.960000e-04 4.285640e-01
491 5.710920e-01 2.800000e-04 4.286280e-01
492 5.710720e-01 2.640000e-04 4.286640e-01
493 5.710480e-01 2.440000e-04 4.287080e-01
494 5.709960e-01 2.560000e-04 4.287480e-01
495 5.709720e-01 2.320000e-04 4.287960e-01
496 5.709360e-01 2.320000e-04 4.288320e-01
497 5.709040e-01 2.360000e-04 4.288600e-01
498 5.708520e-01 2.480000e-04 4.289000e-01
499 5.708280e-01 2.320000e-04 4.289400e-01
500 5.707960e-01 2.360000e-04 4.289680e-01
