1 9.993320e-01 5.520000e-04 1.160000e-04
2 9.988080e-01 9.880000e-04 2.040000e-04
3 9.982200e-01 1.384000e-03 3.960000e-04
4 9.975920e-01 1.732000e-03 6.760000e-04
5 9.969960e-01 1.980000e-03 1.024000e-03
6 9.961360e-01 2.472000e-03 1.392000e-03
7 9.953480e-01 2.796000e-03 1.856000e-03
8 9.944200e-01 3.176000e-03 2.404000e-03
9 9.934640e-01 3.572000e-03 2.964000e-03
10 9.925040e-01 3.900000e-03 3.596000e-03
11 9.914680e-01 4.244000e-03 4.288000e-03
12 9.902080e-01 4.812000e-03 4.980000e-03
13 9.890040e-01 5.100000e-03 5.896000e-03
14 9.879120e-01 5.300000e-03 6.788000e-03
15 9.867000e-01 5.624000e-03 7.676000e-03
16 9.855240e-01 5.772000e-03 8.704000e-03
17 9.841640e-01 6.088000e-03 9.748000e-03
18 9.829320e-01 6.292000e-03 1.077600e-02
19 9.817440e-01 6.392000e-03 1.186400e-02
20 9.805160e-01 6.452000e-03 1.303200e-02
21 9.792200e-01 6.596000e-03 1.418400e-02
22 9.779640e-01 6.660000e-03 1.537600e-02
23 9.764840e-01 6.996000e-03 1.652000e-02
24 9.751120e-01 7.080000e-03 1.780800e-02
25 9.736120e-01 7.420000e-03 1.896800e-02
26 9.723120e-01 7.464000e-03 2.022400e-02
27 9.709000e-01 7.596000e-03 2.150400e-02
28 9.694440e-01 7.684000e-03 2.287200e-02
29 9.679640e-01 7.756000e-03 2.428000e-02
30 9.662680e-01 8.220000e-03 2.551200e-02
31 9.645920e-01 8.504000e-03 2.690400e-02
32 9.630040e-01 8.760000e-03 2.823600e-02
33 9.612880e-01 8.840000e-03 2.987200e-02
34 9.596320e-01 9.004000e-03 3.136400e-02
35 9.577880e-01 9.328000e-03 3.288400e-02
36 9.560920e-01 9.336000e-03 3.457200e-02
37 9.543520e-01 9.536000e-03 3.611200e-02
38 9.526160e-01 9.672000e-03 3.771200e-02
39 9.511120e-01 9.496000e-03 3.939200e-02
40 9.494000e-01 9.700000e-03 4.090000e-02
41 9.477240e-01 9.612000e-03 4.266400e-02
42 9.461640e-01 9.524000e-03 4.431200e-02
43 9.447360e-01 9.236000e-03 4.602800e-02
44 9.431760e-01 9.160000e-03 4.766400e-02
45 9.416800e-01 9.140000e-03 4.918000e-02
46 9.400840e-01 9.136000e-03 5.078000e-02
47 9.384080e-01 9.188000e-03 5.240400e-02
48 9.367040e-01 9.296000e-03 5.400000e-02
49 9.351240e-01 9.216000e-03 5.566000e-02
50 9.333960e-01 9.468000e-03 5.713600e-02
51 9.317880e-01 9.460000e-03 5.875200e-02
52 9.301080e-01 9.432000e-03 6.046000e-02
53 9.285840e-01 9.376000e-03 6.204000e-02
54 9.271600e-01 9.104000e-03 6.373600e-02
55 9.256560e-01 9.072000e-03 6.527200e-02
56 9.242640e-01 8.852000e-03 6.688400e-02
57 9.228800e-01 8.724000e-03 6.839600e-02
58 9.213200e-01 8.692000e-03 6.998800e-02
59 9.198840e-01 8.644000e-03 7.147200e-02
60 9.182040e-01 8.916000e-03 7.288000e-02
61 9.167640e-01 8.820000e-03 7.441600e-02
62 9.151680e-01 8.896000e-03 7.593600e-02
63 9.136360e-01 8.800000e-03 7.756400e-02
64 9.119920e-01 8.880000e-03 7.912800e-02
65 9.103640e-01 8.948000e-03 8.068800e-02
66 9.087160e-01 9.012000e-03 8.227200e-02
67 9.071680e-01 8.964000e-03 8.386800e-02
68 9.056200e-01 8.864000e-03 8.551600e-02
69 9.042240e-01 8.768000e-03 8.700800e-02
70 9.027640e-01 8.772000e-03 8.846400e-02
71 9.014960e-01 8.452000e-03 9.005200e-02
72 9.000440e-01 8.364000e-03 9.159200e-02
73 8.987240e-01 8.196000e-03 9.308000e-02
74 8.973840e-01 8.064000e-03 9.455200e-02
75 8.962440e-01 7.780000e-03 9.597600e-02
76 8.950320e-01 7.572000e-03 9.739600e-02
77 8.938320e-01 7.440000e-03 9.872800e-02
78 8.926680e-01 7.328000e-03 1.000040e-01
79 8.914560e-01 7.356000e-03 1.011880e-01
80 8.901680e-01 7.408000e-03 1.024240e-01
81 8.888160e-01 7.576000e-03 1.036080e-01
82 8.876720e-01 7.448000e-03 1.048800e-01
83 8.864240e-01 7.404000e-03 1.061720e-01
84 8.850960e-01 7.516000e-03 1.073880e-01
85 8.838560e-01 7.512000e-03 1.086320e-01
86 8.827200e-01 7.296000e-03 1.099840e-01
87 8.814240e-01 7.392000e-03 1.111840e-01
88 8.802080e-01 7.296000e-03 1.124960e-01
89 8.788200e-01 7.464000e-03 1.137160e-01
90 8.775560e-01 7.456000e-03 1.149880e-01
91 8.761960e-01 7.480000e-03 1.163240e-01
92 8.747880e-01 7.564000e-03 1.176480e-01
93 8.736240e-01 7.412000e-03 1.189640e-01
94 8.724280e-01 7.388000e-03 1.201840e-01
95 8.712440e-01 7.240000e-03 1.215160e-01
96 8.699360e-01 7.272000e-03 1.227920e-01
97 8.685480e-01 7.384000e-03 1.240680e-01
98 8.672320e-01 7.444000e-03 1.253240e-01
99 8.658880e-01 7.436000e-03 1.266760e-01
100 8.646880e-01 7.328000e-03 1.279840e-01
101 8.634720e-01 7.256000e-03 1.292720e-01
102 8.622440e-01 7.124000e-03 1.306320e-01
103 8.611200e-01 7.044000e-03 1.318360e-01
104 8.600160e-01 7.036000e-03 1.329480e-01
105 8.588920e-01 6.956000e-03 1.341520e-01
106 8.578120e-01 6.884000e-03 1.353040e-01
107 8.565680e-01 6.936000e-03 1.364960e-01
108 8.555000e-01 6.752000e-03 1.377480e-01
109 8.543680e-01 6.684000e-03 1.389480e-01
110 8.532080e-01 6.628000e-03 1.401640e-01
111 8.521320e-01 6.568000e-03 1.413000e-01
112 8.510680e-01 6.436000e-03 1.424960e-01
113 8.500680e-01 6.324000e-03 1.436080e-01
114 8.491520e-01 6.112000e-03 1.447360e-01
115 8.481760e-01 6.088000e-03 1.457360e-01
116 8.472480e-01 5.924000e-03 1.468280e-01
117 8.463960e-01 5.672000e-03 1.479320e-01
118 8.455360e-01 5.496000e-03 1.489680e-01
119 8.446760e-01 5.344000e-03 1.499800e-01
120 8.436400e-01 5.508000e-03 1.508520e-01
121 8.426200e-01 5.504000e-03 1.518760e-01
122 8.415840e-01 5.632000e-03 1.527840e-01
123 8.406920e-01 5.468000e-03 1.538400e-01
124 8.397200e-01 5.488000e-03 1.547920e-01
125 8.386520e-01 5.468000e-03 1.558800e-01
126 8.377240e-01 5.524000e-03 1.567520e-01
127 8.367600e-01 5.568000e-03 1.576720e-01
128 8.356480e-01 5.692000e-03 1.586600e-01
129 8.347280e-01 5.604000e-03 1.596680e-01
130 8.338040e-01 5.588000e-03 1.606080e-01
131 8.327240e-01 5.708000e-03 1.615680e-01
132 8.317600e-01 5.696000e-03 1.625440e-01
133 8.308880e-01 5.692000e-03 1.634200e-01
134 8.299520e-01 5.664000e-03 1.643840e-01
135 8.290920e-01 5.652000e-03 1.652560e-01
136 8.281840e-01 5.520000e-03 1.662960e-01
137 8.272480e-01 5.528000e-03 1.672240e-01
138 8.263200e-01 5.580000e-03 1.681000e-01
139 8.253360e-01 5.588000e-03 1.690760e-01
140 8.243840e-01 5.576000e-03 1.700400e-01
141 8.233160e-01 5.696000e-03 1.709880e-01
142 8.223640e-01 5.544000e-03 1.720920e-01
143 8.214520e-01 5.516000e-03 1.730320e-01
144 8.206440e-01 5.328000e-03 1.740280e-01
145 8.198800e-01 5.104000e-03 1.750160e-01
146 8.191240e-01 5.048000e-03 1.758280e-01
147 8.182400e-01 5.028000e-03 1.767320e-01
148 8.174640e-01 4.848000e-03 1.776880e-01
149 8.167400e-01 4.788000e-03 1.784720e-01
150 8.158920e-01 4.912000e-03 1.791960e-01
151 8.150480e-01 4.756000e-03 1.801960e-01
152 8.142040e-01 4.724000e-03 1.810720e-01
153 8.132760e-01 4.856000e-03 1.818680e-01
154 8.124960e-01 4.832000e-03 1.826720e-01
155 8.117160e-01 4.720000e-03 1.835640e-01
156 8.108160e-01 4.856000e-03 1.843280e-01
157 8.099280e-01 4.944000e-03 1.851280e-01
158 8.091880e-01 4.904000e-03 1.859080e-01
159 8.084760e-01 4.716000e-03 1.868080e-01
160 8.077880e-01 4.552000e-03 1.876600e-01
161 8.070280e-01 4.560000e-03 1.884120e-01
162 8.063200e-01 4.512000e-03 1.891680e-01
163 8.054760e-01 4.560000e-03 1.899640e-01
164 8.046800e-01 4.556000e-03 1.907640e-01
165 8.038920e-01 4.504000e-03 1.916040e-01
166 8.031040e-01 4.532000e-03 1.923640e-01
167 8.023200e-01 4.508000e-03 1.931720e-01
168 8.016760e-01 4.416000e-03 1.939080e-01
169 8.009120e-01 4.384000e-03 1.947040e-01
170 8.001000e-01 4.584000e-03 1.953160e-01
171 7.992320e-01 4.676000e-03 1.960920e-01
172 7.984760e-01 4.572000e-03 1.969520e-01
173 7.977280e-01 4.464000e-03 1.978080e-01
174 7.970800e-01 4.348000e-03 1.985720e-01
175 7.963680e-01 4.352000e-03 1.992800e-01
176 7.956560e-01 4.316000e-03 2.000280e-01
177 7.949240e-01 4.280000e-03 2.007960e-01
178 7.942400e-01 4.256000e-03 2.015040e-01
179 7.935320e-01 4.236000e-03 2.022320e-01
180 7.927040e-01 4.304000e-03 2.029920e-01
181 7.919040e-01 4.324000e-03 2.037720e-01
182 7.910720e-01 4.408000e-03 2.045200e-01
183 7.902760e-01 4.432000e-03 2.052920e-01
184 7.894760e-01 4.400000e-03 2.061240e-01
185 7.888560e-01 4.208000e-03 2.069360e-01
186 7.881400e-01 4.244000e-03 2.076160e-01
187 7.873920e-01 4.288000e-03 2.083200e-01
188 7.866600e-01 4.220000e-03 2.091200e-01
189 7.858840e-01 4.204000e-03 2.099120e-01
190 7.851960e-01 4.196000e-03 2.106080e-01
191 7.845160e-01 4.060000e-03 2.114240e-01
192 7.837840e-01 4.096000e-03 2.121200e-01
193 7.830520e-01 4.120000e-03 2.128280e-01
194 7.823240e-01 4.096000e-03 2.135800e-01
195 7.817200e-01 4.024000e-03 2.142560e-01
196 7.808520e-01 4.152000e-03 2.149960e-01
197 7.800320e-01 4.312000e-03 2.156560e-01
198 7.792320e-01 4.268000e-03 2.165000e-01
199 7.785200e-01 4.284000e-03 2.171960e-01
200 7.777080e-01 4.328000e-03 2.179640e-01
201 7.768760e-01 4.372000e-03 2.187520e-01
202 7.761560e-01 4.324000e-03 2.195200e-01
203 7.754000e-01 4.308000e-03 2.202920e-01
204 7.746840e-01 4.280000e-03 2.210360e-01
205 7.739680e-01 4.180000e-03 2.218520e-01
206 7.732720e-01 4.104000e-03 2.226240e-01
207 7.725680e-01 4.024000e-03 2.234080e-01
208 7.718400e-01 4.084000e-03 2.240760e-01
209 7.710400e-01 4.200000e-03 2.247600e-01
210 7.703160e-01 4.184000e-03 2.255000e-01
211 7.697000e-01 4.144000e-03 2.261560e-01
212 7.690240e-01 4.020000e-03 2.269560e-01
213 7.682560e-01 4.080000e-03 2.276640e-01
214 7.676200e-01 4.016000e-03 2.283640e-01
215 7.669600e-01 3.996000e-03 2.290440e-01
216 7.662840e-01 3.988000e-03 2.297280e-01
217 7.655280e-01 4.048000e-03 2.304240e-01
218 7.648440e-01 3.980000e-03 2.311760e-01
219 7.641480e-01 3.884000e-03 2.319680e-01
220 7.635760e-01 3.868000e-03 2.325560e-01
221 7.628560e-01 3.900000e-03 2.332440e-01
222 7.621000e-01 4.104000e-03 2.337960e-01
223 7.613760e-01 4.020000e-03 2.346040e-01
224 7.605600e-01 4.164000e-03 2.352760e-01
225 7.596960e-01 4.232000e-03 2.360720e-01
226 7.590600e-01 4.096000e-03 2.368440e-01
227 7.584280e-01 3.964000e-03 2.376080e-01
228 7.577480e-01 3.900000e-03 2.383520e-01
229 7.571080e-01 3.852000e-03 2.390400e-01
230 7.563480e-01 3.980000e-03 2.396720e-01
231 7.555840e-01 3.944000e-03 2.404720e-01
232 7.548840e-01 3.968000e-03 2.411480e-01
233 7.541480e-01 3.944000e-03 2.419080e-01
234 7.534040e-01 4.040000e-03 2.425560e-01
235 7.526680e-01 4.000000e-03 2.433320e-01
236 7.519520e-01 3.980000e-03 2.440680e-01
237 7.513400e-01 3.872000e-03 2.447880e-01
238 7.506320e-01 3.816000e-03 2.455520e-01
239 7.500320e-01 3.776000e-03 2.461920e-01
240 7.493960e-01 3.864000e-03 2.467400e-01
241 7.487120e-01 3.868000e-03 2.474200e-01
242 7.479560e-01 3.860000e-03 2.481840e-01
243 7.474160e-01 3.688000e-03 2.488960e-01
244 7.467200e-01 3.712000e-03 2.495680e-01
245 7.461200e-01 3.652000e-03 2.502280e-01
246 7.455880e-01 3.528000e-03 2.508840e-01
247 7.450200e-01 3.444000e-03 2.515360e-01
248 7.444320e-01 3.400000e-03 2.521680e-01
249 7.439720e-01 3.280000e-03 2.527480e-01
250 7.433360e-01 3.400000e-03 2.532640e-01
251 7.428440e-01 3.344000e-03 2.538120e-01
252 7.423560e-01 3.228000e-03 2.544160e-01
253 7.418240e-01 3.200000e-03 2.549760e-01
254 7.413560e-01 3.100000e-03 2.555440e-01
255 7.408040e-01 3.152000e-03 2.560440e-01
256 7.403120e-01 3.144000e-03 2.565440e-01
257 7.397720e-01 3.116000e-03 2.571120e-01
258 7.391920e-01 3.216000e-03 2.575920e-01
259 7.386080e-01 3.252000e-03 2.581400e-01
260 7.380680e-01 3.224000e-03 2.587080e-01
261 7.375040e-01 3.268000e-03 2.592280e-01
262 7.367720e-01 3.432000e-03 2.597960e-01
263 7.362320e-01 3.396000e-03 2.603720e-01
264 7.355520e-01 3.428000e-03 2.610200e-01
265 7.349320e-01 3.480000e-03 2.615880e-01
266 7.343360e-01 3.464000e-03 2.622000e-01
267 7.337800e-01 3.360000e-03 2.628600e-01
268 7.331320e-01 3.404000e-03 2.634640e-01
269 7.325680e-01 3.388000e-03 2.640440e-01
270 7.320320e-01 3.384000e-03 2.645840e-01
271 7.315600e-01 3.396000e-03 2.650440e-01
272 7.309680e-01 3.364000e-03 2.656680e-01
273 7.305440e-01 3.144000e-03 2.663120e-01
274 7.300200e-01 3.076000e-03 2.669040e-01
275 7.295120e-01 3.068000e-03 2.674200e-01
276 7.290160e-01 3.004000e-03 2.679800e-01
277 7.285000e-01 3.008000e-03 2.684920e-01
278 7.279240e-01 3.116000e-03 2.689600e-01
279 7.274080e-01 3.100000e-03 2.694920e-01
280 7.267800e-01 3.240000e-03 2.699800e-01
281 7.263040e-01 3.168000e-03 2.705280e-01
282 7.258160e-01 3.072000e-03 2.711120e-01
283 7.254320e-01 2.940000e-03 2.716280e-01
284 7.250480e-01 2.780000e-03 2.721720e-01
285 7.246320e-01 2.708000e-03 2.726600e-01
286 7.242080e-01 2.696000e-03 2.730960e-01
287 7.237160e-01 2.744000e-03 2.735400e-01
288 7.232120e-01 2.676000e-03 2.741120e-01
289 7.226480e-01 2.676000e-03 2.746760e-01
290 7.222440e-01 2.636000e-03 2.751200e-01
291 7.217600e-01 2.692000e-03 2.755480e-01
292 7.212360e-01 2.716000e-03 2.760480e-01
293 7.207160e-01 2.804000e-03 2.764800e-01
294 7.201120e-01 2.952000e-03 2.769360e-01
295 7.195280e-01 2.988000e-03 2.774840e-01
296 7.189680e-01 3.080000e-03 2.779520e-01
297 7.183920e-01 3.036000e-03 2.785720e-01
298 7.178640e-01 3.016000e-03 2.791200e-01
299 7.173560e-01 3.000000e-03 2.796440e-01
300 7.167840e-01 3.076000e-03 2.801400e-01
301 7.163160e-01 3.004000e-03 2.806800e-01
302 7.157760e-01 2.936000e-03 2.812880e-01
303 7.152080e-01 3.040000e-03 2.817520e-01
304 7.148120e-01 2.936000e-03 2.822520e-01
305 7.143680e-01 2.876000e-03 2.827560e-01
306 7.138320e-01 2.968000e-03 2.832000e-01
307 7.133160e-01 3.000000e-03 2.836840e-01
308 7.127600e-01 3.076000e-03 2.841640e-01
309 7.123160e-01 3.004000e-03 2.846800e-01
310 7.118840e-01 2.976000e-03 2.851400e-01
311 7.114000e-01 2.976000e-03 2.856240e-01
312 7.109360e-01 2.912000e-03 2.861520e-01
313 7.104880e-01 2.876000e-03 2.866360e-01
314 7.100200e-01 2.752000e-03 2.872280e-01
315 7.095440e-01 2.756000e-03 2.877000e-01
316 7.090880e-01 2.736000e-03 2.881760e-01
317 7.085080e-01 2.804000e-03 2.886880e-01
318 7.080240e-01 2.832000e-03 2.891440e-01
319 7.076120e-01 2.788000e-03 2.896000e-01
320 7.072720e-01 2.652000e-03 2.900760e-01
321 7.068000e-01 2.680000e-03 2.905200e-01
322 7.063600e-01 2.704000e-03 2.909360e-01
323 7.058680e-01 2.704000e-03 2.914280e-01
324 7.053800e-01 2.756000e-03 2.918640e-01
325 7.049440e-01 2.692000e-03 2.923640e-01
326 7.045040e-01 2.664000e-03 2.928320e-01
327 7.040920e-01 2.552000e-03 2.933560e-01
328 7.036440e-01 2.524000e-03 2.938320e-01
329 7.031240e-01 2.532000e-03 2.943440e-01
330 7.026000e-01 2.652000e-03 2.947480e-01
331 7.021600e-01 2.584000e-03 2.952560e-01
332 7.017720e-01 2.520000e-03 2.957080e-01
333 7.013680e-01 2.452000e-03 2.961800e-01
334 7.009120e-01 2.460000e-03 2.966280e-01
335 7.004880e-01 2.448000e-03 2.970640e-01
336 7.000560e-01 2.500000e-03 2.974440e-01
337 6.995960e-01 2.568000e-03 2.978360e-01
338 6.992640e-01 2.428000e-03 2.983080e-01
339 6.988720e-01 2.456000e-03 2.986720e-01
340 6.985400e-01 2.344000e-03 2.991160e-01
341 6.982240e-01 2.228000e-03 2.995480e-01
342 6.978320e-01 2.260000e-03 2.999080e-01
343 6.974480e-01 2.268000e-03 3.002840e-01
344 6.971080e-01 2.264000e-03 3.006280e-01
345 6.967440e-01 2.256000e-03 3.010000e-01
346 6.963960e-01 2.224000e-03 3.013800e-01
347 6.961480e-01 2.112000e-03 3.017400e-01
348 6.958120e-01 2.112000e-03 3.020760e-01
349 6.954320e-01 2.036000e-03 3.025320e-01
350 6.950800e-01 2.072000e-03 3.028480e-01
351 6.947800e-01 1.980000e-03 3.032400e-01
352 6.944280e-01 1.992000e-03 3.035800e-01
353 6.940800e-01 2.000000e-03 3.039200e-01
354 6.937560e-01 1.948000e-03 3.042960e-01
355 6.933520e-01 1.916000e-03 3.047320e-01
356 6.930120e-01 1.904000e-03 3.050840e-01
357 6.927000e-01 1.864000e-03 3.054360e-01
358 6.922720e-01 1.952000e-03 3.057760e-01
359 6.918320e-01 1.920000e-03 3.062480e-01
360 6.914560e-01 1.900000e-03 3.066440e-01
361 6.910640e-01 2.008000e-03 3.069280e-01
362 6.905880e-01 2.152000e-03 3.072600e-01
363 6.901920e-01 2.180000e-03 3.076280e-01
364 6.898400e-01 2.216000e-03 3.079440e-01
365 6.895000e-01 2.200000e-03 3.083000e-01
366 6.891160e-01 2.204000e-03 3.086800e-01
367 6.887800e-01 2.204000e-03 3.090160e-01
368 6.884240e-01 2.152000e-03 3.094240e-01
369 6.881400e-01 2.008000e-03 3.098520e-01
370 6.878840e-01 1.936000e-03 3.101800e-01
371 6.876040e-01 1.884000e-03 3.105120e-01
372 6.872480e-01 1.896000e-03 3.108560e-01
373 6.869920e-01 1.784000e-03 3.112240e-01
374 6.866800e-01 1.780000e-03 3.115400e-01
375 6.863760e-01 1.736000e-03 3.118880e-01
376 6.860560e-01 1.704000e-03 3.122400e-01
377 6.858360e-01 1.616000e-03 3.125480e-01
378 6.855160e-01 1.676000e-03 3.128080e-01
379 6.852320e-01 1.676000e-03 3.130920e-01
380 6.849800e-01 1.648000e-03 3.133720e-01
381 6.846440e-01 1.688000e-03 3.136680e-01
382 6.843920e-01 1.620000e-03 3.139880e-01
383 6.840440e-01 1.664000e-03 3.142920e-01
384 6.837320e-01 1.660000e-03 3.146080e-01
385 6.834480e-01 1.604000e-03 3.149480e-01
386 6.831960e-01 1.556000e-03 3.152480e-01
387 6.828640e-01 1.644000e-03 3.154920e-01
388 6.826120e-01 1.580000e-03 3.158080e-01
389 6.822640e-01 1.636000e-03 3.161000e-01
390 6.820040e-01 1.588000e-03 3.164080e-01
391 6.817120e-01 1.588000e-03 3.167000e-01
392 6.814160e-01 1.580000e-03 3.170040e-01
393 6.811080e-01 1.676000e-03 3.172160e-01
394 6.808120e-01 1.688000e-03 3.175000e-01
395 6.805520e-01 1.652000e-03 3.177960e-01
396 6.803400e-01 1.620000e-03 3.180400e-01
397 6.800760e-01 1.536000e-03 3.183880e-01
398 6.798120e-01 1.564000e-03 3.186240e-01
399 6.795560e-01 1.532000e-03 3.189120e-01
400 6.793000e-01 1.484000e-03 3.192160e-01
401 6.790600e-01 1.420000e-03 3.195200e-01
402 6.788040e-01 1.408000e-03 3.197880e-01
403 6.786000e-01 1.372000e-03 3.200280e-01
404 6.784080e-01 1.304000e-03 3.202880e-01
405 6.781200e-01 1.372000e-03 3.205080e-01
406 6.778800e-01 1.352000e-03 3.207680e-01
407 6.776920e-01 1.276000e-03 3.210320e-01
408 6.775080e-01 1.264000e-03 3.212280e-01
409 6.772840e-01 1.244000e-03 3.214720e-01
410 6.770280e-01 1.248000e-03 3.217240e-01
411 6.768480e-01 1.204000e-03 3.219480e-01
412 6.766880e-01 1.180000e-03 3.221320e-01
413 6.764760e-01 1.172000e-03 3.223520e-01
414 6.762680e-01 1.136000e-03 3.225960e-01
415 6.760960e-01 1.116000e-03 3.227880e-01
416 6.759080e-01 1.124000e-03 3.229680e-01
417 6.757880e-01 1.060000e-03 3.231520e-01
418 6.756400e-01 1.020000e-03 3.233400e-01
419 6.754800e-01 9.920000e-04 3.235280e-01
420 6.753560e-01 9.360000e-04 3.237080e-01
421 6.752320e-01 8.800000e-04 3.238880e-01
422 6.750760e-01 8.920000e-04 3.240320e-01
423 6.749480e-01 8.760000e-04 3.241760e-01
424 6.748160e-01 9.120000e-04 3.242720e-01
425 6.746880e-01 8.920000e-04 3.244200e-01
426 6.745560e-01 8.600000e-04 3.245840e-01
427 6.743960e-01 8.920000e-04 3.247120e-01
428 6.742800e-01 8.160000e-04 3.249040e-01
429 6.741400e-01 8.080000e-04 3.250520e-01
430 6.739960e-01 8.000000e-04 3.252040e-01
431 6.738360e-01 8.000000e-04 3.253640e-01
432 6.736600e-01 8.080000e-04 3.255320e-01
433 6.735920e-01 7.480000e-04 3.256600e-01
434 6.734640e-01 7.680000e-04 3.257680e-01
435 6.733400e-01 7.400000e-04 3.259200e-01
436 6.732120e-01 7.720000e-04 3.260160e-01
437 6.730720e-01 7.800000e-04 3.261480e-01
438 6.729760e-01 7.320000e-04 3.262920e-01
439 6.728120e-01 7.600000e-04 3.264280e-01
440 6.726720e-01 7.480000e-04 3.265800e-01
441 6.725360e-01 7.360000e-04 3.267280e-01
442 6.723600e-01 7.680000e-04 3.268720e-01
443 6.722320e-01 7.880000e-04 3.269800e-01
444 6.720960e-01 7.800000e-04 3.271240e-01
445 6.719480e-01 8.200000e-04 3.272320e-01
446 6.717840e-01 8.520000e-04 3.273640e-01
447 6.716320e-01 8.240000e-04 3.275440e-01
448 6.715040e-01 7.880000e-04 3.277080e-01
449 6.713640e-01 7.840000e-04 3.278520e-01
450 6.712360e-01 7.960000e-04 3.279680e-01
451 6.711360e-01 7.680000e-04 3.280960e-01
452 6.709840e-01 7.960000e-04 3.282200e-01
453 6.708520e-01 7.880000e-04 3.283600e-01
454 6.707600e-01 7.720000e-04 3.284680e-01
455 6.706800e-01 7.080000e-04 3.286120e-01
456 6.705600e-01 6.840000e-04 3.287560e-01
457 6.704080e-01 6.960000e-04 3.288960e-01
458 6.702840e-01 6.920000e-04 3.290240e-01
459 6.701200e-01 7.200000e-04 3.291600e-01
460 6.700000e-01 6.960000e-04 3.293040e-01
461 6.698960e-01 6.640000e-04 3.294400e-01
462 6.697720e-01 6.840000e-04 3.295440e-01
463 6.696200e-01 6.880000e-04 3.296920e-01
464 6.695280e-01 7.000000e-04 3.297720e-01
465 6.694080e-01 7.040000e-04 3.298880e-01
466 6.692640e-01 7.120000e-04 3.300240e-01
467 6.691920e-01 6.360000e-04 3.301720e-01
468 6.691280e-01 6.040000e-04 3.302680e-01
469 6.690480e-01 5.680000e-04 3.303840e-01
470 6.689720e-01 5.600000e-04 3.304680e-01
471 6.688880e-01 5.440000e-04 3.305680e-01
472 6.688360e-01 5.120000e-04 3.306520e-01
473 6.687600e-01 4.920000e-04 3.307480e-01
474 6.686920e-01 4.400000e-04 3.308680e-01
475 6.686200e-01 4.400000e-04 3.309400e-01
476 6.685680e-01 4.040000e-04 3.310280e-01
477 6.684880e-01 4.120000e-04 3.311000e-01
478 6.683960e-01 4.080000e-04 3.311960e-01
479 6.683080e-01 4.200000e-04 3.312720e-01
480 6.681800e-01 5.000000e-04 3.313200e-01
481 6.680640e-01 5.400000e-04 3.313960e-01
482 6.679840e-01 5.360000e-04 3.314800e-01
483 6.679080e-01 5.080000e-04 3.315840e-01
484 6.678280e-01 5.120000e-04 3.316600e-01
485 6.677240e-01 5.320000e-04 3.317440e-01
486 6.676360e-01 4.920000e-04 3.318720e-01
487 6.675960e-01 4.600000e-04 3.319440e-01
488 6.675120e-01 4.680000e-04 3.320200e-01
489 6.674360e-01 4.760000e-04 3.320880e-01
490 6.673160e-01 5.120000e-04 3.321720e-01
491 6.672000e-01 5.720000e-04 3.322280e-01
492 6.670640e-01 6.040000e-04 3.323320e-01
493 6.669480e-01 6.080000e-04 3.324440e-01
494 6.668440e-01 5.920000e-04 3.325640e-01
495 6.667720e-01 5.560000e-04 3.326720e-01
496 6.667160e-01 5.040000e-04 3.327800e-01
497 6.666280e-01 5.040000e-04 3.328680e-01
498 6.665280e-01 5.080000e-04 3.329640e-01
499 6.664240e-01 4.960000e-04 3.330800e-01
500 6.663560e-01 4.840000e-04 3.331600e-01
