1 9.992160e-01 7.080000e-04 7.600000e-05
2 9.986360e-01 1.160000e-03 2.040000e-04
3 9.978880e-01 1.700000e-03 4.120000e-04
4 9.970640e-01 2.224000e-03 7.120000e-04
5 9.962160e-01 2.560000e-03 1.224000e-03
6 9.952480e-01 3.048000e-03 1.704000e-03
7 9.943040e-01 3.480000e-03 2.216000e-03
8 9.931360e-01 4.008000e-03 2.856000e-03
9 9.920000e-01 4.348000e-03 3.652000e-03
10 9.908840e-01 4.668000e-03 4.448000e-03
11 9.897280e-01 5.016000e-03 5.256000e-03
12 9.885000e-01 5.428000e-03 6.072000e-03
13 9.873520e-01 5.568000e-03 7.080000e-03
14 9.860720e-01 5.708000e-03 8.220000e-03
15 9.848160e-01 5.904000e-03 9.280000e-03
16 9.836280e-01 6.132000e-03 1.024000e-02
17 9.822160e-01 6.500000e-03 1.128400e-02
18 9.808560e-01 6.664000e-03 1.248000e-02
19 9.795280e-01 6.844000e-03 1.362800e-02
20 9.782560e-01 6.876000e-03 1.486800e-02
21 9.768200e-01 7.120000e-03 1.606000e-02
22 9.754680e-01 7.188000e-03 1.734400e-02
23 9.739000e-01 7.508000e-03 1.859200e-02
24 9.723280e-01 7.668000e-03 2.000400e-02
25 9.707160e-01 7.852000e-03 2.143200e-02
26 9.690800e-01 8.068000e-03 2.285200e-02
27 9.674080e-01 8.172000e-03 2.442000e-02
28 9.657560e-01 8.248000e-03 2.599600e-02
29 9.639800e-01 8.496000e-03 2.752400e-02
30 9.623680e-01 8.528000e-03 2.910400e-02
31 9.608480e-01 8.564000e-03 3.058800e-02
32 9.592320e-01 8.720000e-03 3.204800e-02
33 9.576200e-01 8.812000e-03 3.356800e-02
34 9.558880e-01 8.988000e-03 3.512400e-02
35 9.541280e-01 9.188000e-03 3.668400e-02
36 9.524400e-01 9.172000e-03 3.838800e-02
37 9.507120e-01 9.320000e-03 3.996800e-02
38 9.489800e-01 9.440000e-03 4.158000e-02
39 9.473200e-01 9.404000e-03 4.327600e-02
40 9.454280e-01 9.540000e-03 4.503200e-02
41 9.437840e-01 9.544000e-03 4.667200e-02
42 9.419560e-01 9.564000e-03 4.848000e-02
43 9.403000e-01 9.640000e-03 5.006000e-02
44 9.385800e-01 9.580000e-03 5.184000e-02
45 9.368240e-01 9.756000e-03 5.342000e-02
46 9.350840e-01 9.780000e-03 5.513600e-02
47 9.332000e-01 1.003200e-02 5.676800e-02
48 9.314080e-01 1.012800e-02 5.846400e-02
49 9.297120e-01 9.940000e-03 6.034800e-02
50 9.280160e-01 9.836000e-03 6.214800e-02
51 9.263920e-01 9.804000e-03 6.380400e-02
52 9.247040e-01 9.736000e-03 6.556000e-02
53 9.230160e-01 9.684000e-03 6.730000e-02
54 9.213320e-01 9.716000e-03 6.895200e-02
55 9.196440e-01 9.664000e-03 7.069200e-02
56 9.179320e-01 9.680000e-03 7.238800e-02
57 9.162840e-01 9.724000e-03 7.399200e-02
58 9.145880e-01 9.676000e-03 7.573600e-02
59 9.128000e-01 9.812000e-03 7.738800e-02
60 9.110800e-01 9.688000e-03 7.923200e-02
61 9.093320e-01 9.880000e-03 8.078800e-02
62 9.075160e-01 1.000800e-02 8.247600e-02
63 9.056880e-01 1.005600e-02 8.425600e-02
64 9.038120e-01 1.011600e-02 8.607200e-02
65 9.019480e-01 1.008400e-02 8.796800e-02
66 9.003040e-01 9.924000e-03 8.977200e-02
67 8.986840e-01 9.996000e-03 9.132000e-02
68 8.969000e-01 1.002800e-02 9.307200e-02
69 8.951520e-01 9.832000e-03 9.501600e-02
70 8.932240e-01 1.010800e-02 9.666800e-02
71 8.913600e-01 1.011200e-02 9.852800e-02
72 8.896320e-01 1.022800e-02 1.001400e-01
73 8.877800e-01 1.035200e-02 1.018680e-01
74 8.859200e-01 1.042000e-02 1.036600e-01
75 8.840600e-01 1.045600e-02 1.054840e-01
76 8.822680e-01 1.038800e-02 1.073440e-01
77 8.803160e-01 1.057600e-02 1.091080e-01
78 8.784920e-01 1.058000e-02 1.109280e-01
79 8.767400e-01 1.055200e-02 1.127080e-01
80 8.749560e-01 1.048800e-02 1.145560e-01
81 8.731160e-01 1.066000e-02 1.162240e-01
82 8.713240e-01 1.072000e-02 1.179560e-01
83 8.695680e-01 1.065200e-02 1.197800e-01
84 8.677880e-01 1.068800e-02 1.215240e-01
85 8.660800e-01 1.045600e-02 1.234640e-01
86 8.642160e-01 1.056400e-02 1.252200e-01
87 8.625560e-01 1.041600e-02 1.270280e-01
88 8.607560e-01 1.042400e-02 1.288200e-01
89 8.589760e-01 1.035200e-02 1.306720e-01
90 8.571080e-01 1.056400e-02 1.323280e-01
91 8.551040e-01 1.065600e-02 1.342400e-01
92 8.531440e-01 1.070000e-02 1.361560e-01
93 8.513840e-01 1.052800e-02 1.380880e-01
94 8.494200e-01 1.071600e-02 1.398640e-01
95 8.475560e-01 1.075200e-02 1.416920e-01
96 8.456240e-01 1.086800e-02 1.435080e-01
97 8.438720e-01 1.061600e-02 1.455120e-01
98 8.420040e-01 1.054800e-02 1.474480e-01
99 8.402920e-01 1.052800e-02 1.491800e-01
100 8.385160e-01 1.057200e-02 1.509120e-01
101 8.368280e-01 1.038800e-02 1.527840e-01
102 8.351680e-01 1.029200e-02 1.545400e-01
103 8.335120e-01 1.025200e-02 1.562360e-01
104 8.320360e-01 9.936000e-03 1.580280e-01
105 8.303960e-01 9.904000e-03 1.597000e-01
106 8.287160e-01 9.912000e-03 1.613720e-01
107 8.270520e-01 9.940000e-03 1.630080e-01
108 8.254320e-01 9.772000e-03 1.647960e-01
109 8.237160e-01 9.888000e-03 1.663960e-01
110 8.222200e-01 9.768000e-03 1.680120e-01
111 8.206520e-01 9.684000e-03 1.696640e-01
112 8.190040e-01 9.508000e-03 1.714880e-01
113 8.174320e-01 9.448000e-03 1.731200e-01
114 8.158120e-01 9.440000e-03 1.747480e-01
115 8.141920e-01 9.472000e-03 1.763360e-01
116 8.126360e-01 9.212000e-03 1.781520e-01
117 8.110440e-01 9.320000e-03 1.796360e-01
118 8.092560e-01 9.492000e-03 1.812520e-01
119 8.076280e-01 9.504000e-03 1.828680e-01
120 8.061400e-01 9.376000e-03 1.844840e-01
121 8.047280e-01 9.164000e-03 1.861080e-01
122 8.032600e-01 9.012000e-03 1.877280e-01
123 8.017640e-01 8.820000e-03 1.894160e-01
124 8.003360e-01 8.800000e-03 1.908640e-01
125 7.990240e-01 8.592000e-03 1.923840e-01
126 7.976480e-01 8.436000e-03 1.939160e-01
127 7.962480e-01 8.384000e-03 1.953680e-01
128 7.949720e-01 8.164000e-03 1.968640e-01
129 7.937440e-01 8.068000e-03 1.981880e-01
130 7.925520e-01 7.868000e-03 1.995800e-01
131 7.913440e-01 7.788000e-03 2.008680e-01
132 7.900960e-01 7.600000e-03 2.023040e-01
133 7.888880e-01 7.412000e-03 2.037000e-01
134 7.875320e-01 7.496000e-03 2.049720e-01
135 7.861360e-01 7.568000e-03 2.062960e-01
136 7.849520e-01 7.324000e-03 2.077240e-01
137 7.837640e-01 7.256000e-03 2.089800e-01
138 7.825000e-01 7.284000e-03 2.102160e-01
139 7.813160e-01 7.084000e-03 2.116000e-01
140 7.801360e-01 7.104000e-03 2.127600e-01
141 7.788120e-01 7.160000e-03 2.140280e-01
142 7.776640e-01 7.060000e-03 2.152760e-01
143 7.764880e-01 6.932000e-03 2.165800e-01
144 7.752120e-01 6.908000e-03 2.178800e-01
145 7.740960e-01 6.808000e-03 2.190960e-01
146 7.728920e-01 6.756000e-03 2.203520e-01
147 7.718480e-01 6.584000e-03 2.215680e-01
148 7.708640e-01 6.400000e-03 2.227360e-01
149 7.699200e-01 6.268000e-03 2.238120e-01
150 7.690080e-01 5.992000e-03 2.250000e-01
151 7.679600e-01 5.988000e-03 2.260520e-01
152 7.669280e-01 5.932000e-03 2.271400e-01
153 7.658880e-01 5.968000e-03 2.281440e-01
154 7.649680e-01 5.768000e-03 2.292640e-01
155 7.638760e-01 5.784000e-03 2.303400e-01
156 7.628280e-01 5.788000e-03 2.313840e-01
157 7.617840e-01 5.832000e-03 2.323840e-01
158 7.607840e-01 5.812000e-03 2.334040e-01
159 7.595960e-01 6.024000e-03 2.343800e-01
160 7.584200e-01 6.248000e-03 2.353320e-01
161 7.572880e-01 6.340000e-03 2.363720e-01
162 7.561120e-01 6.288000e-03 2.376000e-01
163 7.549120e-01 6.428000e-03 2.386600e-01
164 7.536880e-01 6.616000e-03 2.396960e-01
165 7.526640e-01 6.476000e-03 2.408600e-01
166 7.515440e-01 6.516000e-03 2.419400e-01
167 7.503640e-01 6.656000e-03 2.429800e-01
168 7.494600e-01 6.508000e-03 2.440320e-01
169 7.485160e-01 6.232000e-03 2.452520e-01
170 7.475320e-01 6.104000e-03 2.463640e-01
171 7.465280e-01 6.084000e-03 2.473880e-01
172 7.454720e-01 6.072000e-03 2.484560e-01
173 7.445120e-01 6.016000e-03 2.494720e-01
174 7.435640e-01 5.884000e-03 2.505520e-01
175 7.425520e-01 5.960000e-03 2.514880e-01
176 7.415520e-01 5.852000e-03 2.525960e-01
177 7.405040e-01 5.820000e-03 2.536760e-01
178 7.395920e-01 5.736000e-03 2.546720e-01
179 7.386840e-01 5.684000e-03 2.556320e-01
180 7.377000e-01 5.688000e-03 2.566120e-01
181 7.367200e-01 5.712000e-03 2.575680e-01
182 7.358000e-01 5.708000e-03 2.584920e-01
183 7.349520e-01 5.572000e-03 2.594760e-01
184 7.339200e-01 5.648000e-03 2.604320e-01
185 7.329120e-01 5.540000e-03 2.615480e-01
186 7.320920e-01 5.328000e-03 2.625800e-01
187 7.311760e-01 5.244000e-03 2.635800e-01
188 7.301880e-01 5.240000e-03 2.645720e-01
189 7.293720e-01 5.108000e-03 2.655200e-01
190 7.285360e-01 5.036000e-03 2.664280e-01
191 7.275560e-01 5.124000e-03 2.673200e-01
192 7.266720e-01 5.092000e-03 2.682360e-01
193 7.257960e-01 5.032000e-03 2.691720e-01
194 7.249880e-01 4.944000e-03 2.700680e-01
195 7.242040e-01 5.008000e-03 2.707880e-01
196 7.232680e-01 5.084000e-03 2.716480e-01
197 7.223920e-01 5.044000e-03 2.725640e-01
198 7.214720e-01 5.044000e-03 2.734840e-01
199 7.206400e-01 4.996000e-03 2.743640e-01
200 7.197840e-01 4.972000e-03 2.752440e-01
201 7.189120e-01 4.908000e-03 2.761800e-01
202 7.179680e-01 5.012000e-03 2.770200e-01
203 7.170520e-01 5.100000e-03 2.778480e-01
204 7.162120e-01 4.996000e-03 2.787920e-01
205 7.153480e-01 4.984000e-03 2.796680e-01
206 7.146400e-01 4.832000e-03 2.805280e-01
207 7.138440e-01 4.816000e-03 2.813400e-01
208 7.130560e-01 4.800000e-03 2.821440e-01
209 7.122840e-01 4.840000e-03 2.828760e-01
210 7.114040e-01 4.900000e-03 2.836960e-01
211 7.104840e-01 4.968000e-03 2.845480e-01
212 7.097560e-01 4.856000e-03 2.853880e-01
213 7.088720e-01 4.920000e-03 2.862080e-01
214 7.081360e-01 4.780000e-03 2.870840e-01
215 7.073760e-01 4.728000e-03 2.878960e-01
216 7.067040e-01 4.488000e-03 2.888080e-01
217 7.059600e-01 4.416000e-03 2.896240e-01
218 7.052600e-01 4.340000e-03 2.904000e-01
219 7.045920e-01 4.296000e-03 2.911120e-01
220 7.039000e-01 4.288000e-03 2.918120e-01
221 7.032040e-01 4.208000e-03 2.925880e-01
222 7.025320e-01 4.096000e-03 2.933720e-01
223 7.019040e-01 4.012000e-03 2.940840e-01
224 7.012120e-01 3.972000e-03 2.948160e-01
225 7.005600e-01 3.964000e-03 2.954760e-01
226 6.997960e-01 4.096000e-03 2.961080e-01
227 6.990040e-01 4.144000e-03 2.968520e-01
228 6.983000e-01 4.092000e-03 2.976080e-01
229 6.975120e-01 4.116000e-03 2.983720e-01
230 6.969000e-01 4.004000e-03 2.990960e-01
231 6.962200e-01 3.952000e-03 2.998280e-01
232 6.955520e-01 3.900000e-03 3.005480e-01
233 6.948200e-01 3.936000e-03 3.012440e-01
234 6.941240e-01 3.852000e-03 3.020240e-01
235 6.933920e-01 3.880000e-03 3.027280e-01
236 6.928280e-01 3.668000e-03 3.035040e-01
237 6.922000e-01 3.588000e-03 3.042120e-01
238 6.916040e-01 3.536000e-03 3.048600e-01
239 6.909880e-01 3.532000e-03 3.054800e-01
240 6.903680e-01 3.568000e-03 3.060640e-01
241 6.897360e-01 3.564000e-03 3.067000e-01
242 6.892080e-01 3.464000e-03 3.073280e-01
243 6.886160e-01 3.528000e-03 3.078560e-01
244 6.880840e-01 3.476000e-03 3.084400e-01
245 6.875720e-01 3.428000e-03 3.090000e-01
246 6.870320e-01 3.380000e-03 3.095880e-01
247 6.865520e-01 3.272000e-03 3.101760e-01
248 6.860640e-01 3.224000e-03 3.107120e-01
249 6.856000e-01 3.176000e-03 3.112240e-01
250 6.851800e-01 3.028000e-03 3.117920e-01
251 6.847240e-01 3.008000e-03 3.122680e-01
252 6.843160e-01 2.888000e-03 3.127960e-01
253 6.839200e-01 2.788000e-03 3.132920e-01
254 6.834080e-01 2.812000e-03 3.137800e-01
255 6.829200e-01 2.756000e-03 3.143240e-01
256 6.824840e-01 2.740000e-03 3.147760e-01
257 6.819840e-01 2.804000e-03 3.152120e-01
258 6.815240e-01 2.736000e-03 3.157400e-01
259 6.810800e-01 2.692000e-03 3.162280e-01
260 6.805080e-01 2.708000e-03 3.167840e-01
261 6.800560e-01 2.644000e-03 3.173000e-01
262 6.796000e-01 2.736000e-03 3.176640e-01
263 6.791720e-01 2.744000e-03 3.180840e-01
264 6.786680e-01 2.768000e-03 3.185640e-01
265 6.781640e-01 2.772000e-03 3.190640e-01
266 6.776160e-01 2.764000e-03 3.196200e-01
267 6.770320e-01 2.820000e-03 3.201480e-01
268 6.765680e-01 2.824000e-03 3.206080e-01
269 6.760560e-01 2.888000e-03 3.210560e-01
270 6.755480e-01 2.868000e-03 3.215840e-01
271 6.749560e-01 2.948000e-03 3.220960e-01
272 6.743640e-01 3.020000e-03 3.226160e-01
273 6.737560e-01 3.084000e-03 3.231600e-01
274 6.732440e-01 3.012000e-03 3.237440e-01
275 6.728200e-01 2.924000e-03 3.242560e-01
276 6.723240e-01 2.932000e-03 3.247440e-01
277 6.717720e-01 2.956000e-03 3.252720e-01
278 6.712680e-01 2.996000e-03 3.257360e-01
279 6.706800e-01 3.032000e-03 3.262880e-01
280 6.701680e-01 2.960000e-03 3.268720e-01
281 6.696680e-01 2.940000e-03 3.273920e-01
282 6.690480e-01 3.032000e-03 3.279200e-01
283 6.685280e-01 3.000000e-03 3.284720e-01
284 6.680000e-01 2.952000e-03 3.290480e-01
285 6.675920e-01 2.852000e-03 3.295560e-01
286 6.672000e-01 2.720000e-03 3.300800e-01
287 6.668480e-01 2.624000e-03 3.305280e-01
288 6.663600e-01 2.652000e-03 3.309880e-01
289 6.659600e-01 2.580000e-03 3.314600e-01
290 6.654520e-01 2.656000e-03 3.318920e-01
291 6.649800e-01 2.728000e-03 3.322920e-01
292 6.645440e-01 2.756000e-03 3.327000e-01
293 6.640120e-01 2.824000e-03 3.331640e-01
294 6.635040e-01 2.792000e-03 3.337040e-01
295 6.630280e-01 2.808000e-03 3.341640e-01
296 6.625960e-01 2.784000e-03 3.346200e-01
297 6.621720e-01 2.740000e-03 3.350880e-01
298 6.617960e-01 2.652000e-03 3.355520e-01
299 6.613680e-01 2.556000e-03 3.360760e-01
300 6.609640e-01 2.452000e-03 3.365840e-01
301 6.603840e-01 2.652000e-03 3.369640e-01
302 6.598920e-01 2.728000e-03 3.373800e-01
303 6.594280e-01 2.716000e-03 3.378560e-01
304 6.588800e-01 2.748000e-03 3.383720e-01
305 6.582840e-01 2.876000e-03 3.388400e-01
306 6.577160e-01 2.980000e-03 3.393040e-01
307 6.572000e-01 3.136000e-03 3.396640e-01
308 6.566120e-01 3.204000e-03 3.401840e-01
309 6.561080e-01 3.116000e-03 3.407760e-01
310 6.555080e-01 3.200000e-03 3.412920e-01
311 6.550440e-01 3.176000e-03 3.417800e-01
312 6.544480e-01 3.220000e-03 3.423320e-01
313 6.538600e-01 3.276000e-03 3.428640e-01
314 6.533880e-01 3.208000e-03 3.434040e-01
315 6.528040e-01 3.268000e-03 3.439280e-01
316 6.523080e-01 3.236000e-03 3.444560e-01
317 6.518520e-01 3.200000e-03 3.449480e-01
318 6.512840e-01 3.140000e-03 3.455760e-01
319 6.508040e-01 3.076000e-03 3.461200e-01
320 6.502680e-01 3.096000e-03 3.466360e-01
321 6.497880e-01 2.988000e-03 3.472240e-01
322 6.493320e-01 2.892000e-03 3.477760e-01
323 6.488720e-01 2.804000e-03 3.483240e-01
324 6.484560e-01 2.752000e-03 3.487920e-01
325 6.480000e-01 2.656000e-03 3.493440e-01
326 6.475680e-01 2.612000e-03 3.498200e-01
327 6.471320e-01 2.628000e-03 3.502400e-01
328 6.467080e-01 2.592000e-03 3.507000e-01
329 6.462880e-01 2.544000e-03 3.511680e-01
330 6.458640e-01 2.512000e-03 3.516240e-01
331 6.454520e-01 2.480000e-03 3.520680e-01
332 6.450080e-01 2.488000e-03 3.525040e-01
333 6.445960e-01 2.452000e-03 3.529520e-01
334 6.442400e-01 2.396000e-03 3.533640e-01
335 6.437520e-01 2.508000e-03 3.537400e-01
336 6.433040e-01 2.560000e-03 3.541360e-01
337 6.429080e-01 2.492000e-03 3.546000e-01
338 6.423800e-01 2.508000e-03 3.551120e-01
339 6.419960e-01 2.468000e-03 3.555360e-01
340 6.416120e-01 2.420000e-03 3.559680e-01
341 6.411280e-01 2.424000e-03 3.564480e-01
342 6.406320e-01 2.532000e-03 3.568360e-01
343 6.401760e-01 2.532000e-03 3.572920e-01
344 6.398160e-01 2.532000e-03 3.576520e-01
345 6.393320e-01 2.580000e-03 3.580880e-01
346 6.388760e-01 2.572000e-03 3.585520e-01
347 6.384320e-01 2.628000e-03 3.589400e-01
348 6.380160e-01 2.612000e-03 3.593720e-01
349 6.375080e-01 2.704000e-03 3.597880e-01
350 6.368680e-01 2.884000e-03 3.602480e-01
351 6.363640e-01 2.888000e-03 3.607480e-01
352 6.358480e-01 2.896000e-03 3.612560e-01
353 6.354360e-01 2.728000e-03 3.618360e-01
354 6.350640e-01 2.652000e-03 3.622840e-01
355 6.346200e-01 2.564000e-03 3.628160e-01
356 6.341720e-01 2.544000e-03 3.632840e-01
357 6.338800e-01 2.428000e-03 3.636920e-01
358 6.334320e-01 2.416000e-03 3.641520e-01
359 6.330680e-01 2.392000e-03 3.645400e-01
360 6.326640e-01 2.372000e-03 3.649640e-01
361 6.322920e-01 2.420000e-03 3.652880e-01
362 6.318880e-01 2.384000e-03 3.657280e-01
363 6.315360e-01 2.332000e-03 3.661320e-01
364 6.311400e-01 2.320000e-03 3.665400e-01
365 6.307880e-01 2.284000e-03 3.669280e-01
366 6.303800e-01 2.212000e-03 3.674080e-01
367 6.299640e-01 2.276000e-03 3.677600e-01
368 6.296360e-01 2.224000e-03 3.681400e-01
369 6.293520e-01 2.128000e-03 3.685200e-01
370 6.289920e-01 2.180000e-03 3.688280e-01
371 6.286560e-01 2.236000e-03 3.691080e-01
372 6.283000e-01 2.176000e-03 3.695240e-01
373 6.279840e-01 2.160000e-03 3.698560e-01
374 6.276320e-01 2.160000e-03 3.702080e-01
375 6.273040e-01 2.164000e-03 3.705320e-01
376 6.269840e-01 2.072000e-03 3.709440e-01
377 6.266360e-01 2.048000e-03 3.713160e-01
378 6.263440e-01 1.940000e-03 3.717160e-01
379 6.259040e-01 2.040000e-03 3.720560e-01
380 6.255600e-01 2.044000e-03 3.723960e-01
381 6.251560e-01 2.056000e-03 3.727880e-01
382 6.246680e-01 2.144000e-03 3.731880e-01
383 6.243320e-01 2.112000e-03 3.735560e-01
384 6.239720e-01 2.068000e-03 3.739600e-01
385 6.236080e-01 2.112000e-03 3.742800e-01
386 6.232440e-01 2.132000e-03 3.746240e-01
387 6.229400e-01 2.096000e-03 3.749640e-01
388 6.225720e-01 2.108000e-03 3.753200e-01
389 6.222200e-01 2.148000e-03 3.756320e-01
390 6.217880e-01 2.260000e-03 3.759520e-01
391 6.213280e-01 2.364000e-03 3.763080e-01
392 6.209440e-01 2.376000e-03 3.766800e-01
393 6.205400e-01 2.444000e-03 3.770160e-01
394 6.201360e-01 2.460000e-03 3.774040e-01
395 6.197080e-01 2.456000e-03 3.778360e-01
396 6.192320e-01 2.424000e-03 3.783440e-01
397 6.188360e-01 2.344000e-03 3.788200e-01
398 6.184480e-01 2.368000e-03 3.791840e-01
399 6.180800e-01 2.292000e-03 3.796280e-01
400 6.177000e-01 2.280000e-03 3.800200e-01
401 6.172680e-01 2.288000e-03 3.804440e-01
402 6.168760e-01 2.316000e-03 3.808080e-01
403 6.164920e-01 2.296000e-03 3.812120e-01
404 6.161000e-01 2.292000e-03 3.816080e-01
405 6.156960e-01 2.292000e-03 3.820120e-01
406 6.153400e-01 2.260000e-03 3.824000e-01
407 6.149240e-01 2.324000e-03 3.827520e-01
408 6.145880e-01 2.180000e-03 3.832320e-01
409 6.143000e-01 2.072000e-03 3.836280e-01
410 6.140240e-01 1.956000e-03 3.840200e-01
411 6.137440e-01 1.928000e-03 3.843280e-01
412 6.134600e-01 1.896000e-03 3.846440e-01
413 6.131320e-01 1.900000e-03 3.849680e-01
414 6.129040e-01 1.764000e-03 3.853320e-01
415 6.126600e-01 1.688000e-03 3.856520e-01
416 6.124280e-01 1.664000e-03 3.859080e-01
417 6.121760e-01 1.584000e-03 3.862400e-01
418 6.119120e-01 1.544000e-03 3.865440e-01
419 6.116960e-01 1.452000e-03 3.868520e-01
420 6.114360e-01 1.464000e-03 3.871000e-01
421 6.112120e-01 1.432000e-03 3.873560e-01
422 6.109640e-01 1.464000e-03 3.875720e-01
423 6.107040e-01 1.456000e-03 3.878400e-01
424 6.104840e-01 1.416000e-03 3.881000e-01
425 6.102160e-01 1.420000e-03 3.883640e-01
426 6.099680e-01 1.448000e-03 3.885840e-01
427 6.096560e-01 1.484000e-03 3.888600e-01
428 6.093800e-01 1.524000e-03 3.890960e-01
429 6.090440e-01 1.580000e-03 3.893760e-01
430 6.088480e-01 1.516000e-03 3.896360e-01
431 6.086200e-01 1.532000e-03 3.898480e-01
432 6.084160e-01 1.484000e-03 3.901000e-01
433 6.081840e-01 1.432000e-03 3.903840e-01
434 6.079480e-01 1.432000e-03 3.906200e-01
435 6.077320e-01 1.400000e-03 3.908680e-01
436 6.074560e-01 1.452000e-03 3.910920e-01
437 6.072120e-01 1.428000e-03 3.913600e-01
438 6.070040e-01 1.380000e-03 3.916160e-01
439 6.067800e-01 1.292000e-03 3.919280e-01
440 6.065840e-01 1.240000e-03 3.921760e-01
441 6.063760e-01 1.212000e-03 3.924120e-01
442 6.061840e-01 1.112000e-03 3.927040e-01
443 6.059560e-01 1.152000e-03 3.928920e-01
444 6.057840e-01 1.152000e-03 3.930640e-01
445 6.055440e-01 1.228000e-03 3.932280e-01
446 6.053120e-01 1.184000e-03 3.935040e-01
447 6.050640e-01 1.228000e-03 3.937080e-01
448 6.048240e-01 1.208000e-03 3.939680e-01
449 6.046840e-01 1.120000e-03 3.941960e-01
450 6.044600e-01 1.076000e-03 3.944640e-01
451 6.043200e-01 1.044000e-03 3.946360e-01
452 6.041840e-01 9.800000e-04 3.948360e-01
453 6.040440e-01 9.440000e-04 3.950120e-01
454 6.038880e-01 9.240000e-04 3.951880e-01
455 6.037800e-01 8.520000e-04 3.953680e-01
456 6.036560e-01 8.120000e-04 3.955320e-01
457 6.034960e-01 8.320000e-04 3.956720e-01
458 6.033800e-01 7.960000e-04 3.958240e-01
459 6.032400e-01 7.640000e-04 3.959960e-01
460 6.031360e-01 7.440000e-04 3.961200e-01
461 6.030120e-01 7.280000e-04 3.962600e-01
462 6.028760e-01 7.240000e-04 3.964000e-01
463 6.027680e-01 7.120000e-04 3.965200e-01
464 6.026640e-01 6.680000e-04 3.966680e-01
465 6.025040e-01 7.200000e-04 3.967760e-01
466 6.024000e-01 7.000000e-04 3.969000e-01
467 6.023240e-01 6.800000e-04 3.969960e-01
468 6.022320e-01 6.800000e-04 3.970880e-01
469 6.021080e-01 7.040000e-04 3.971880e-01
470 6.019840e-01 6.520000e-04 3.973640e-01
471 6.018840e-01 6.720000e-04 3.974440e-01
472 6.017520e-01 6.560000e-04 3.975920e-01
473 6.016640e-01 6.120000e-04 3.977240e-01
474 6.015200e-01 6.400000e-04 3.978400e-01
475 6.014040e-01 6.520000e-04 3.979440e-01
476 6.012640e-01 6.600000e-04 3.980760e-01
477 6.011880e-01 6.360000e-04 3.981760e-01
478 6.010720e-01 6.560000e-04 3.982720e-01
479 6.009560e-01 6.400000e-04 3.984040e-01
480 6.008520e-01 5.960000e-04 3.985520e-01
481 6.007440e-01 6.120000e-04 3.986440e-01
482 6.006520e-01 5.640000e-04 3.987840e-01
483 6.005880e-01 5.040000e-04 3.989080e-01
484 6.005280e-01 4.680000e-04 3.990040e-01
485 6.004600e-01 4.440000e-04 3.990960e-01
486 6.003640e-01 4.400000e-04 3.991960e-01
487 6.002720e-01 4.760000e-04 3.992520e-01
488 6.001680e-01 5.040000e-04 3.993280e-01
489 6.000880e-01 5.040000e-04 3.994080e-01
490 5.999800e-01 5.000000e-04 3.995200e-01
491 5.999320e-01 4.520000e-04 3.996160e-01
492 5.998560e-01 4.520000e-04 3.996920e-01
493 5.997640e-01 4.640000e-04 3.997720e-01
494 5.996960e-01 4.600000e-04 3.998440e-01
495 5.996200e-01 4.680000e-04 3.999120e-01
496 5.995600e-01 4.320000e-04 4.000080e-01
497 5.995000e-01 4.000000e-04 4.001000e-01
498 5.994160e-01 4.240000e-04 4.001600e-01
499 5.993880e-01 3.600000e-04 4.002520e-01
500 5.993480e-01 3.200000e-04 4.003320e-01
