1 9.992520e-01 6.600000e-04 8.800000e-05
2 9.987960e-01 9.800000e-04 2.240000e-04
3 9.982920e-01 1.292000e-03 4.160000e-04
4 9.976120e-01 1.780000e-03 6.080000e-04
5 9.969160e-01 2.144000e-03 9.400000e-04
6 9.960160e-01 2.612000e-03 1.372000e-03
7 9.950160e-01 3.116000e-03 1.868000e-03
8 9.939040e-01 3.676000e-03 2.420000e-03
9 9.929040e-01 4.024000e-03 3.072000e-03
10 9.918240e-01 4.412000e-03 3.764000e-03
11 9.906320e-01 4.800000e-03 4.568000e-03
12 9.895640e-01 4.924000e-03 5.512000e-03
13 9.884760e-01 5.104000e-03 6.420000e-03
14 9.873320e-01 5.296000e-03 7.372000e-03
15 9.861680e-01 5.592000e-03 8.240000e-03
16 9.850200e-01 5.704000e-03 9.276000e-03
17 9.838320e-01 5.884000e-03 1.028400e-02
18 9.826920e-01 6.008000e-03 1.130000e-02
19 9.815440e-01 6.048000e-03 1.240800e-02
20 9.803440e-01 6.240000e-03 1.341600e-02
21 9.790120e-01 6.444000e-03 1.454400e-02
22 9.778680e-01 6.464000e-03 1.566800e-02
23 9.765840e-01 6.556000e-03 1.686000e-02
24 9.755240e-01 6.520000e-03 1.795600e-02
25 9.742040e-01 6.600000e-03 1.919600e-02
26 9.730040e-01 6.648000e-03 2.034800e-02
27 9.718800e-01 6.464000e-03 2.165600e-02
28 9.706320e-01 6.576000e-03 2.279200e-02
29 9.694680e-01 6.576000e-03 2.395600e-02
30 9.682760e-01 6.572000e-03 2.515200e-02
31 9.670520e-01 6.508000e-03 2.644000e-02
32 9.657920e-01 6.692000e-03 2.751600e-02
33 9.646200e-01 6.720000e-03 2.866000e-02
34 9.633200e-01 6.808000e-03 2.987200e-02
35 9.619560e-01 6.916000e-03 3.112800e-02
36 9.606520e-01 7.000000e-03 3.234800e-02
37 9.594560e-01 6.976000e-03 3.356800e-02
38 9.580640e-01 7.224000e-03 3.471200e-02
39 9.567560e-01 7.244000e-03 3.600000e-02
40 9.555120e-01 7.292000e-03 3.719600e-02
41 9.540960e-01 7.496000e-03 3.840800e-02
42 9.528240e-01 7.368000e-03 3.980800e-02
43 9.514920e-01 7.472000e-03 4.103600e-02
44 9.503240e-01 7.396000e-03 4.228000e-02
45 9.490880e-01 7.288000e-03 4.362400e-02
46 9.478600e-01 7.244000e-03 4.489600e-02
47 9.466240e-01 7.172000e-03 4.620400e-02
48 9.454920e-01 7.208000e-03 4.730000e-02
49 9.443320e-01 7.124000e-03 4.854400e-02
50 9.429720e-01 7.172000e-03 4.985600e-02
51 9.417640e-01 7.136000e-03 5.110000e-02
52 9.405040e-01 7.164000e-03 5.233200e-02
53 9.391040e-01 7.276000e-03 5.362000e-02
54 9.378480e-01 7.264000e-03 5.488800e-02
55 9.365360e-01 7.172000e-03 5.629200e-02
56 9.352080e-01 7.304000e-03 5.748800e-02
57 9.338600e-01 7.364000e-03 5.877600e-02
58 9.327080e-01 7.224000e-03 6.006800e-02
59 9.314840e-01 7.200000e-03 6.131600e-02
60 9.302320e-01 7.196000e-03 6.257200e-02
61 9.288840e-01 7.232000e-03 6.388400e-02
62 9.276120e-01 7.196000e-03 6.519200e-02
63 9.262640e-01 7.328000e-03 6.640800e-02
64 9.250440e-01 7.396000e-03 6.756000e-02
65 9.237120e-01 7.560000e-03 6.872800e-02
66 9.223360e-01 7.600000e-03 7.006400e-02
67 9.208520e-01 7.644000e-03 7.150400e-02
68 9.196280e-01 7.484000e-03 7.288800e-02
69 9.183840e-01 7.472000e-03 7.414400e-02
70 9.171240e-01 7.492000e-03 7.538400e-02
71 9.158080e-01 7.452000e-03 7.674000e-02
72 9.145800e-01 7.376000e-03 7.804400e-02
73 9.131800e-01 7.480000e-03 7.934000e-02
74 9.119000e-01 7.624000e-03 8.047600e-02
75 9.106600e-01 7.572000e-03 8.176800e-02
76 9.094080e-01 7.536000e-03 8.305600e-02
77 9.079640e-01 7.812000e-03 8.422400e-02
78 9.064840e-01 7.884000e-03 8.563200e-02
79 9.051400e-01 7.844000e-03 8.701600e-02
80 9.037280e-01 7.776000e-03 8.849600e-02
81 9.021920e-01 7.988000e-03 8.982000e-02
82 9.006520e-01 8.136000e-03 9.121200e-02
83 8.991080e-01 8.176000e-03 9.271600e-02
84 8.976720e-01 8.020000e-03 9.430800e-02
85 8.961840e-01 8.124000e-03 9.569200e-02
86 8.946720e-01 8.312000e-03 9.701600e-02
87 8.932240e-01 8.220000e-03 9.855600e-02
88 8.918120e-01 8.180000e-03 1.000080e-01
89 8.903320e-01 8.264000e-03 1.014040e-01
90 8.889520e-01 8.132000e-03 1.029160e-01
91 8.874760e-01 8.128000e-03 1.043960e-01
92 8.861120e-01 8.108000e-03 1.057800e-01
93 8.848200e-01 7.996000e-03 1.071840e-01
94 8.835680e-01 7.888000e-03 1.085440e-01
95 8.823680e-01 7.764000e-03 1.098680e-01
96 8.810800e-01 7.628000e-03 1.112920e-01
97 8.797720e-01 7.592000e-03 1.126360e-01
98 8.784440e-01 7.584000e-03 1.139720e-01
99 8.771600e-01 7.648000e-03 1.151920e-01
100 8.758160e-01 7.652000e-03 1.165320e-01
101 8.744440e-01 7.712000e-03 1.178440e-01
102 8.730880e-01 7.668000e-03 1.192440e-01
103 8.717800e-01 7.664000e-03 1.205560e-01
104 8.705680e-01 7.636000e-03 1.217960e-01
105 8.693080e-01 7.716000e-03 1.229760e-01
106 8.680280e-01 7.616000e-03 1.243560e-01
107 8.666560e-01 7.644000e-03 1.257000e-01
108 8.654040e-01 7.492000e-03 1.271040e-01
109 8.640320e-01 7.472000e-03 1.284960e-01
110 8.628000e-01 7.420000e-03 1.297800e-01
111 8.615160e-01 7.388000e-03 1.310960e-01
112 8.602200e-01 7.452000e-03 1.323280e-01
113 8.590000e-01 7.368000e-03 1.336320e-01
114 8.578960e-01 7.116000e-03 1.349880e-01
115 8.567560e-01 6.964000e-03 1.362800e-01
116 8.557240e-01 6.764000e-03 1.375120e-01
117 8.545920e-01 6.704000e-03 1.387040e-01
118 8.535160e-01 6.688000e-03 1.397960e-01
119 8.524040e-01 6.768000e-03 1.408280e-01
120 8.512560e-01 6.788000e-03 1.419560e-01
121 8.501920e-01 6.724000e-03 1.430840e-01
122 8.491120e-01 6.688000e-03 1.442000e-01
123 8.478600e-01 6.768000e-03 1.453720e-01
124 8.467040e-01 6.636000e-03 1.466600e-01
125 8.457600e-01 6.360000e-03 1.478800e-01
126 8.446360e-01 6.288000e-03 1.490760e-01
127 8.434440e-01 6.260000e-03 1.502960e-01
128 8.423160e-01 6.320000e-03 1.513640e-01
129 8.413480e-01 6.260000e-03 1.523920e-01
130 8.403880e-01 6.196000e-03 1.534160e-01
131 8.394040e-01 6.004000e-03 1.545920e-01
132 8.385000e-01 5.860000e-03 1.556400e-01
133 8.374560e-01 5.688000e-03 1.568560e-01
134 8.365720e-01 5.532000e-03 1.578960e-01
135 8.356240e-01 5.496000e-03 1.588800e-01
136 8.346960e-01 5.444000e-03 1.598600e-01
137 8.337000e-01 5.492000e-03 1.608080e-01
138 8.327560e-01 5.468000e-03 1.617760e-01
139 8.316760e-01 5.508000e-03 1.628160e-01
140 8.307400e-01 5.488000e-03 1.637720e-01
141 8.298160e-01 5.432000e-03 1.647520e-01
142 8.288040e-01 5.540000e-03 1.656560e-01
143 8.278600e-01 5.564000e-03 1.665760e-01
144 8.268440e-01 5.604000e-03 1.675520e-01
145 8.258320e-01 5.604000e-03 1.685640e-01
146 8.249640e-01 5.548000e-03 1.694880e-01
147 8.240360e-01 5.416000e-03 1.705480e-01
148 8.231560e-01 5.316000e-03 1.715280e-01
149 8.223120e-01 5.160000e-03 1.725280e-01
150 8.214640e-01 5.120000e-03 1.734160e-01
151 8.205520e-01 5.100000e-03 1.743480e-01
152 8.197360e-01 5.060000e-03 1.752040e-01
153 8.188680e-01 4.952000e-03 1.761800e-01
154 8.180480e-01 4.916000e-03 1.770360e-01
155 8.172400e-01 4.828000e-03 1.779320e-01
156 8.163320e-01 4.816000e-03 1.788520e-01
157 8.154760e-01 4.924000e-03 1.796000e-01
158 8.146720e-01 4.856000e-03 1.804720e-01
159 8.137880e-01 5.032000e-03 1.811800e-01
160 8.128520e-01 5.112000e-03 1.820360e-01
161 8.120320e-01 5.028000e-03 1.829400e-01
162 8.113480e-01 4.828000e-03 1.838240e-01
163 8.105960e-01 4.728000e-03 1.846760e-01
164 8.098520e-01 4.684000e-03 1.854640e-01
165 8.090880e-01 4.588000e-03 1.863240e-01
166 8.083640e-01 4.512000e-03 1.871240e-01
167 8.076720e-01 4.464000e-03 1.878640e-01
168 8.069040e-01 4.468000e-03 1.886280e-01
169 8.061600e-01 4.376000e-03 1.894640e-01
170 8.054760e-01 4.356000e-03 1.901680e-01
171 8.048080e-01 4.300000e-03 1.908920e-01
172 8.040960e-01 4.296000e-03 1.916080e-01
173 8.034160e-01 4.232000e-03 1.923520e-01
174 8.027360e-01 4.128000e-03 1.931360e-01
175 8.020840e-01 4.136000e-03 1.937800e-01
176 8.013920e-01 4.112000e-03 1.944960e-01
177 8.007320e-01 4.024000e-03 1.952440e-01
178 8.000720e-01 3.976000e-03 1.959520e-01
179 7.994560e-01 3.900000e-03 1.966440e-01
180 7.987240e-01 3.988000e-03 1.972880e-01
181 7.979000e-01 4.020000e-03 1.980800e-01
182 7.972320e-01 3.984000e-03 1.987840e-01
183 7.963760e-01 4.144000e-03 1.994800e-01
184 7.955680e-01 4.200000e-03 2.002320e-01
185 7.948480e-01 4.192000e-03 2.009600e-01
186 7.941960e-01 4.160000e-03 2.016440e-01
187 7.935560e-01 4.132000e-03 2.023120e-01
188 7.927920e-01 4.148000e-03 2.030600e-01
189 7.922080e-01 3.972000e-03 2.038200e-01
190 7.915720e-01 3.984000e-03 2.044440e-01
191 7.908360e-01 3.940000e-03 2.052240e-01
192 7.901760e-01 3.940000e-03 2.058840e-01
193 7.895000e-01 3.916000e-03 2.065840e-01
194 7.890240e-01 3.688000e-03 2.072880e-01
195 7.884360e-01 3.680000e-03 2.078840e-01
196 7.879400e-01 3.588000e-03 2.084720e-01
197 7.874160e-01 3.496000e-03 2.090880e-01
198 7.868920e-01 3.400000e-03 2.097080e-01
199 7.863120e-01 3.412000e-03 2.102760e-01
200 7.857360e-01 3.452000e-03 2.108120e-01
201 7.851320e-01 3.404000e-03 2.114640e-01
202 7.845920e-01 3.320000e-03 2.120880e-01
203 7.840720e-01 3.272000e-03 2.126560e-01
204 7.834320e-01 3.364000e-03 2.132040e-01
205 7.828480e-01 3.392000e-03 2.137600e-01
206 7.822280e-01 3.384000e-03 2.143880e-01
207 7.815880e-01 3.464000e-03 2.149480e-01
208 7.810160e-01 3.456000e-03 2.155280e-01
209 7.804560e-01 3.488000e-03 2.160560e-01
210 7.799200e-01 3.460000e-03 2.166200e-01
211 7.793200e-01 3.512000e-03 2.171680e-01
212 7.787000e-01 3.588000e-03 2.177120e-01
213 7.780440e-01 3.668000e-03 2.182880e-01
214 7.774800e-01 3.540000e-03 2.189800e-01
215 7.769440e-01 3.444000e-03 2.196120e-01
216 7.762920e-01 3.524000e-03 2.201840e-01
217 7.757040e-01 3.412000e-03 2.208840e-01
218 7.751320e-01 3.368000e-03 2.215000e-01
219 7.746240e-01 3.320000e-03 2.220560e-01
220 7.741040e-01 3.188000e-03 2.227080e-01
221 7.736640e-01 3.048000e-03 2.232880e-01
222 7.731640e-01 2.976000e-03 2.238600e-01
223 7.726560e-01 2.956000e-03 2.243880e-01
224 7.721400e-01 2.868000e-03 2.249920e-01
225 7.716040e-01 2.908000e-03 2.254880e-01
226 7.710560e-01 2.884000e-03 2.260600e-01
227 7.705280e-01 2.888000e-03 2.265840e-01
228 7.699800e-01 2.880000e-03 2.271400e-01
229 7.694240e-01 2.916000e-03 2.276600e-01
230 7.689080e-01 2.896000e-03 2.281960e-01
231 7.683920e-01 2.792000e-03 2.288160e-01
232 7.678600e-01 2.860000e-03 2.292800e-01
233 7.672920e-01 2.980000e-03 2.297280e-01
234 7.667760e-01 2.948000e-03 2.302760e-01
235 7.663360e-01 2.808000e-03 2.308560e-01
236 7.659240e-01 2.692000e-03 2.313840e-01
237 7.654800e-01 2.644000e-03 2.318760e-01
238 7.650360e-01 2.664000e-03 2.323000e-01
239 7.645880e-01 2.584000e-03 2.328280e-01
240 7.641880e-01 2.544000e-03 2.332680e-01
241 7.637560e-01 2.516000e-03 2.337280e-01
242 7.632480e-01 2.580000e-03 2.341720e-01
243 7.628440e-01 2.472000e-03 2.346840e-01
244 7.624440e-01 2.404000e-03 2.351520e-01
245 7.620680e-01 2.376000e-03 2.355560e-01
246 7.616480e-01 2.384000e-03 2.359680e-01
247 7.612800e-01 2.332000e-03 2.363880e-01
248 7.608400e-01 2.432000e-03 2.367280e-01
249 7.603840e-01 2.444000e-03 2.371720e-01
250 7.599880e-01 2.420000e-03 2.375920e-01
251 7.595000e-01 2.488000e-03 2.380120e-01
252 7.589480e-01 2.620000e-03 2.384320e-01
253 7.584560e-01 2.604000e-03 2.389400e-01
254 7.578920e-01 2.692000e-03 2.394160e-01
255 7.573920e-01 2.732000e-03 2.398760e-01
256 7.569440e-01 2.708000e-03 2.403480e-01
257 7.563960e-01 2.764000e-03 2.408400e-01
258 7.558280e-01 2.768000e-03 2.414040e-01
259 7.553520e-01 2.752000e-03 2.418960e-01
260 7.547600e-01 2.872000e-03 2.423680e-01
261 7.542000e-01 2.924000e-03 2.428760e-01
262 7.535840e-01 3.020000e-03 2.433960e-01
263 7.530360e-01 2.960000e-03 2.440040e-01
264 7.525200e-01 2.980000e-03 2.445000e-01
265 7.519040e-01 3.048000e-03 2.450480e-01
266 7.514040e-01 2.984000e-03 2.456120e-01
267 7.508080e-01 3.076000e-03 2.461160e-01
268 7.501960e-01 3.208000e-03 2.465960e-01
269 7.496920e-01 3.148000e-03 2.471600e-01
270 7.491000e-01 3.248000e-03 2.476520e-01
271 7.486000e-01 3.176000e-03 2.482240e-01
272 7.479680e-01 3.176000e-03 2.488560e-01
273 7.474680e-01 3.140000e-03 2.493920e-01
274 7.468920e-01 3.176000e-03 2.499320e-01
275 7.463400e-01 3.228000e-03 2.504320e-01
276 7.457600e-01 3.248000e-03 2.509920e-01
277 7.450920e-01 3.384000e-03 2.515240e-01
278 7.445000e-01 3.304000e-03 2.521960e-01
279 7.439280e-01 3.320000e-03 2.527520e-01
280 7.434440e-01 3.236000e-03 2.533200e-01
281 7.429200e-01 3.152000e-03 2.539280e-01
282 7.423200e-01 3.236000e-03 2.544440e-01
283 7.417680e-01 3.188000e-03 2.550440e-01
284 7.412280e-01 3.172000e-03 2.556000e-01
285 7.407440e-01 3.040000e-03 2.562160e-01
286 7.403000e-01 2.880000e-03 2.568200e-01
287 7.398120e-01 2.864000e-03 2.573240e-01
288 7.393400e-01 2.824000e-03 2.578360e-01
289 7.388960e-01 2.748000e-03 2.583560e-01
290 7.384960e-01 2.676000e-03 2.588280e-01
291 7.380680e-01 2.668000e-03 2.592640e-01
292 7.376280e-01 2.616000e-03 2.597560e-01
293 7.371600e-01 2.636000e-03 2.602040e-01
294 7.367200e-01 2.640000e-03 2.606400e-01
295 7.362760e-01 2.556000e-03 2.611680e-01
296 7.359600e-01 2.400000e-03 2.616400e-01
297 7.356040e-01 2.404000e-03 2.619920e-01
298 7.352400e-01 2.396000e-03 2.623640e-01
299 7.348760e-01 2.392000e-03 2.627320e-01
300 7.344560e-01 2.432000e-03 2.631120e-01
301 7.341200e-01 2.336000e-03 2.635440e-01
302 7.337680e-01 2.336000e-03 2.638960e-01
303 7.334560e-01 2.240000e-03 2.643040e-01
304 7.330920e-01 2.212000e-03 2.646960e-01
305 7.326800e-01 2.196000e-03 2.651240e-01
306 7.323120e-01 2.120000e-03 2.655680e-01
307 7.319480e-01 2.104000e-03 2.659480e-01
308 7.316120e-01 2.080000e-03 2.663080e-01
309 7.313320e-01 2.016000e-03 2.666520e-01
310 7.308960e-01 2.092000e-03 2.670120e-01
311 7.305120e-01 2.120000e-03 2.673680e-01
312 7.302280e-01 2.028000e-03 2.677440e-01
313 7.298800e-01 1.968000e-03 2.681520e-01
314 7.295880e-01 1.868000e-03 2.685440e-01
315 7.292400e-01 1.948000e-03 2.688120e-01
316 7.288720e-01 1.936000e-03 2.691920e-01
317 7.285480e-01 1.940000e-03 2.695120e-01
318 7.282800e-01 1.852000e-03 2.698680e-01
319 7.279240e-01 1.844000e-03 2.702320e-01
320 7.276000e-01 1.884000e-03 2.705160e-01
321 7.272680e-01 1.836000e-03 2.708960e-01
322 7.269400e-01 1.864000e-03 2.711960e-01
323 7.265560e-01 1.920000e-03 2.715240e-01
324 7.262080e-01 1.972000e-03 2.718200e-01
325 7.258760e-01 1.888000e-03 2.722360e-01
326 7.255200e-01 1.944000e-03 2.725360e-01
327 7.252240e-01 1.880000e-03 2.728960e-01
328 7.249040e-01 1.844000e-03 2.732520e-01
329 7.245160e-01 1.912000e-03 2.735720e-01
330 7.241880e-01 1.960000e-03 2.738520e-01
331 7.238320e-01 2.012000e-03 2.741560e-01
332 7.234360e-01 2.028000e-03 2.745360e-01
333 7.230600e-01 2.076000e-03 2.748640e-01
334 7.226000e-01 2.204000e-03 2.751960e-01
335 7.222400e-01 2.208000e-03 2.755520e-01
336 7.218000e-01 2.260000e-03 2.759400e-01
337 7.214640e-01 2.224000e-03 2.763120e-01
338 7.211280e-01 2.160000e-03 2.767120e-01
339 7.207000e-01 2.152000e-03 2.771480e-01
340 7.203720e-01 2.124000e-03 2.775040e-01
341 7.200240e-01 2.116000e-03 2.778600e-01
342 7.197280e-01 2.092000e-03 2.781800e-01
343 7.194280e-01 2.064000e-03 2.785080e-01
344 7.190560e-01 2.032000e-03 2.789120e-01
345 7.186920e-01 2.072000e-03 2.792360e-01
346 7.183480e-01 2.060000e-03 2.795920e-01
347 7.180360e-01 2.064000e-03 2.799000e-01
348 7.176760e-01 2.076000e-03 2.802480e-01
349 7.173280e-01 2.104000e-03 2.805680e-01
350 7.170000e-01 2.092000e-03 2.809080e-01
351 7.166360e-01 2.116000e-03 2.812480e-01
352 7.163360e-01 2.076000e-03 2.815880e-01
353 7.159880e-01 2.080000e-03 2.819320e-01
354 7.156160e-01 2.088000e-03 2.822960e-01
355 7.152840e-01 2.044000e-03 2.826720e-01
356 7.150120e-01 2.048000e-03 2.829400e-01
357 7.147440e-01 2.016000e-03 2.832400e-01
358 7.144800e-01 1.908000e-03 2.836120e-01
359 7.142000e-01 1.872000e-03 2.839280e-01
360 7.139480e-01 1.780000e-03 2.842720e-01
361 7.136600e-01 1.748000e-03 2.845920e-01
362 7.133760e-01 1.752000e-03 2.848720e-01
363 7.131320e-01 1.640000e-03 2.852280e-01
364 7.128760e-01 1.584000e-03 2.855400e-01
365 7.126160e-01 1.592000e-03 2.857920e-01
366 7.124360e-01 1.512000e-03 2.860520e-01
367 7.121600e-01 1.536000e-03 2.863040e-01
368 7.119120e-01 1.504000e-03 2.865840e-01
369 7.116120e-01 1.532000e-03 2.868560e-01
370 7.112760e-01 1.664000e-03 2.870600e-01
371 7.109240e-01 1.680000e-03 2.873960e-01
372 7.106840e-01 1.620000e-03 2.876960e-01
373 7.104680e-01 1.560000e-03 2.879720e-01
374 7.102120e-01 1.516000e-03 2.882720e-01
375 7.099800e-01 1.496000e-03 2.885240e-01
376 7.097560e-01 1.452000e-03 2.887920e-01
377 7.094720e-01 1.536000e-03 2.889920e-01
378 7.092080e-01 1.552000e-03 2.892400e-01
379 7.089000e-01 1.560000e-03 2.895400e-01
380 7.087120e-01 1.392000e-03 2.898960e-01
381 7.084880e-01 1.408000e-03 2.901040e-01
382 7.082840e-01 1.392000e-03 2.903240e-01
383 7.079880e-01 1.464000e-03 2.905480e-01
384 7.077080e-01 1.476000e-03 2.908160e-01
385 7.074480e-01 1.488000e-03 2.910640e-01
386 7.071640e-01 1.472000e-03 2.913640e-01
387 7.068880e-01 1.520000e-03 2.915920e-01
388 7.066440e-01 1.520000e-03 2.918360e-01
389 7.063920e-01 1.452000e-03 2.921560e-01
390 7.061360e-01 1.460000e-03 2.924040e-01
391 7.058960e-01 1.448000e-03 2.926560e-01
392 7.056800e-01 1.372000e-03 2.929480e-01
393 7.053760e-01 1.432000e-03 2.931920e-01
394 7.051200e-01 1.444000e-03 2.934360e-01
395 7.048440e-01 1.464000e-03 2.936920e-01
396 7.045840e-01 1.500000e-03 2.939160e-01
397 7.043680e-01 1.464000e-03 2.941680e-01
398 7.041240e-01 1.452000e-03 2.944240e-01
399 7.039280e-01 1.432000e-03 2.946400e-01
400 7.037000e-01 1.360000e-03 2.949400e-01
401 7.034240e-01 1.364000e-03 2.952120e-01
402 7.031400e-01 1.424000e-03 2.954360e-01
403 7.028480e-01 1.440000e-03 2.957120e-01
404 7.026120e-01 1.424000e-03 2.959640e-01
405 7.023440e-01 1.428000e-03 2.962280e-01
406 7.020800e-01 1.340000e-03 2.965800e-01
407 7.017400e-01 1.436000e-03 2.968240e-01
408 7.015080e-01 1.392000e-03 2.971000e-01
409 7.012800e-01 1.420000e-03 2.973000e-01
410 7.010240e-01 1.376000e-03 2.976000e-01
411 7.007600e-01 1.396000e-03 2.978440e-01
412 7.004480e-01 1.516000e-03 2.980360e-01
413 7.001920e-01 1.516000e-03 2.982920e-01
414 6.999160e-01 1.520000e-03 2.985640e-01
415 6.996000e-01 1.536000e-03 2.988640e-01
416 6.992760e-01 1.532000e-03 2.991920e-01
417 6.990720e-01 1.468000e-03 2.994600e-01
418 6.988480e-01 1.428000e-03 2.997240e-01
419 6.985560e-01 1.460000e-03 2.999840e-01
420 6.982920e-01 1.524000e-03 3.001840e-01
421 6.980360e-01 1.588000e-03 3.003760e-01
422 6.977440e-01 1.656000e-03 3.006000e-01
423 6.975200e-01 1.588000e-03 3.008920e-01
424 6.972960e-01 1.548000e-03 3.011560e-01
425 6.969960e-01 1.640000e-03 3.013640e-01
426 6.967520e-01 1.636000e-03 3.016120e-01
427 6.965120e-01 1.556000e-03 3.019320e-01
428 6.962800e-01 1.516000e-03 3.022040e-01
429 6.960840e-01 1.436000e-03 3.024800e-01
430 6.958480e-01 1.404000e-03 3.027480e-01
431 6.955560e-01 1.476000e-03 3.029680e-01
432 6.953600e-01 1.424000e-03 3.032160e-01
433 6.951400e-01 1.420000e-03 3.034400e-01
434 6.949840e-01 1.372000e-03 3.036440e-01
435 6.947960e-01 1.280000e-03 3.039240e-01
436 6.945480e-01 1.272000e-03 3.041800e-01
437 6.943160e-01 1.300000e-03 3.043840e-01
438 6.941440e-01 1.224000e-03 3.046320e-01
439 6.939920e-01 1.128000e-03 3.048800e-01
440 6.938440e-01 1.000000e-03 3.051560e-01
441 6.937040e-01 1.004000e-03 3.052920e-01
442 6.935320e-01 9.720000e-04 3.054960e-01
443 6.932720e-01 1.012000e-03 3.057160e-01
444 6.930960e-01 9.960000e-04 3.059080e-01
445 6.929440e-01 9.920000e-04 3.060640e-01
446 6.927920e-01 9.600000e-04 3.062480e-01
447 6.926320e-01 9.560000e-04 3.064120e-01
448 6.924920e-01 9.720000e-04 3.065360e-01
449 6.923280e-01 9.960000e-04 3.066760e-01
450 6.921680e-01 9.680000e-04 3.068640e-01
451 6.920200e-01 8.760000e-04 3.071040e-01
452 6.919120e-01 8.200000e-04 3.072680e-01
453 6.917920e-01 7.880000e-04 3.074200e-01
454 6.916680e-01 7.640000e-04 3.075680e-01
455 6.915520e-01 7.440000e-04 3.077040e-01
456 6.914640e-01 6.960000e-04 3.078400e-01
457 6.913640e-01 6.720000e-04 3.079640e-01
458 6.912520e-01 6.560000e-04 3.080920e-01
459 6.911000e-01 6.840000e-04 3.082160e-01
460 6.909960e-01 6.600000e-04 3.083440e-01
461 6.908840e-01 6.520000e-04 3.084640e-01
462 6.907840e-01 6.560000e-04 3.085600e-01
463 6.907000e-01 6.440000e-04 3.086560e-01
464 6.905480e-01 6.880000e-04 3.087640e-01
465 6.904600e-01 6.720000e-04 3.088680e-01
466 6.903560e-01 6.560000e-04 3.089880e-01
467 6.902120e-01 6.880000e-04 3.091000e-01
468 6.901000e-01 7.240000e-04 3.091760e-01
469 6.899640e-01 7.400000e-04 3.092960e-01
470 6.898440e-01 7.600000e-04 3.093960e-01
471 6.896680e-01 8.000000e-04 3.095320e-01
472 6.895760e-01 7.760000e-04 3.096480e-01
473 6.894720e-01 7.080000e-04 3.098200e-01
474 6.893880e-01 6.640000e-04 3.099480e-01
475 6.893160e-01 6.320000e-04 3.100520e-01
476 6.892120e-01 5.960000e-04 3.101920e-01
477 6.891480e-01 5.360000e-04 3.103160e-01
478 6.890840e-01 5.120000e-04 3.104040e-01
479 6.890560e-01 4.360000e-04 3.105080e-01
480 6.890040e-01 4.480000e-04 3.105480e-01
481 6.889400e-01 4.200000e-04 3.106400e-01
482 6.888920e-01 3.760000e-04 3.107320e-01
483 6.888480e-01 3.440000e-04 3.108080e-01
484 6.888040e-01 3.280000e-04 3.108680e-01
485 6.887200e-01 3.400000e-04 3.109400e-01
486 6.886560e-01 3.400000e-04 3.110040e-01
487 6.886120e-01 3.240000e-04 3.110640e-01
488 6.885560e-01 3.080000e-04 3.111360e-01
489 6.884840e-01 3.400000e-04 3.111760e-01
490 6.884160e-01 3.040000e-04 3.112800e-01
491 6.883680e-01 3.000000e-04 3.113320e-01
492 6.883400e-01 3.000000e-04 3.113600e-01
493 6.883080e-01 2.600000e-04 3.114320e-01
494 6.882760e-01 2.320000e-04 3.114920e-01
495 6.882040e-01 2.640000e-04 3.115320e-01
496 6.881600e-01 2.720000e-04 3.115680e-01
497 6.881200e-01 2.800000e-04 3.116000e-01
498 6.880800e-01 2.600000e-04 3.116600e-01
499 6.880680e-01 2.280000e-04 3.117040e-01
500 6.880200e-01 2.440000e-04 3.117360e-01
