1 9.992400e-01 6.600000e-04 1.000000e-04
2 9.987320e-01 1.044000e-03 2.240000e-04
3 9.980720e-01 1.496000e-03 4.320000e-04
4 9.972960e-01 1.960000e-03 7.440000e-04
5 9.965120e-01 2.404000e-03 1.084000e-03
6 9.957640e-01 2.676000e-03 1.560000e-03
7 9.949360e-01 3.072000e-03 1.992000e-03
8 9.940800e-01 3.384000e-03 2.536000e-03
9 9.931360e-01 3.672000e-03 3.192000e-03
10 9.922440e-01 3.848000e-03 3.908000e-03
11 9.913360e-01 4.064000e-03 4.600000e-03
12 9.904280e-01 4.188000e-03 5.384000e-03
13 9.894000e-01 4.484000e-03 6.116000e-03
14 9.883800e-01 4.692000e-03 6.928000e-03
15 9.873360e-01 4.820000e-03 7.844000e-03
16 9.864000e-01 4.980000e-03 8.620000e-03
17 9.850280e-01 5.520000e-03 9.452000e-03
18 9.838840e-01 5.620000e-03 1.049600e-02
19 9.826200e-01 5.904000e-03 1.147600e-02
20 9.812920e-01 6.156000e-03 1.255200e-02
21 9.799160e-01 6.420000e-03 1.366400e-02
22 9.785120e-01 6.692000e-03 1.479600e-02
23 9.772160e-01 6.860000e-03 1.592400e-02
24 9.758040e-01 7.080000e-03 1.711600e-02
25 9.744000e-01 7.256000e-03 1.834400e-02
26 9.730600e-01 7.420000e-03 1.952000e-02
27 9.716200e-01 7.424000e-03 2.095600e-02
28 9.700760e-01 7.684000e-03 2.224000e-02
29 9.684520e-01 7.912000e-03 2.363600e-02
30 9.667800e-01 8.160000e-03 2.506000e-02
31 9.651280e-01 8.340000e-03 2.653200e-02
32 9.635520e-01 8.388000e-03 2.806000e-02
33 9.619320e-01 8.512000e-03 2.955600e-02
34 9.601000e-01 8.880000e-03 3.102000e-02
35 9.583960e-01 8.976000e-03 3.262800e-02
36 9.568240e-01 8.912000e-03 3.426400e-02
37 9.551160e-01 9.016000e-03 3.586800e-02
38 9.535440e-01 9.068000e-03 3.738800e-02
39 9.517080e-01 9.252000e-03 3.904000e-02
40 9.500680e-01 9.300000e-03 4.063200e-02
41 9.481960e-01 9.616000e-03 4.218800e-02
42 9.465280e-01 9.712000e-03 4.376000e-02
43 9.446280e-01 9.804000e-03 4.556800e-02
44 9.429720e-01 9.716000e-03 4.731200e-02
45 9.411720e-01 9.720000e-03 4.910800e-02
46 9.394280e-01 9.620000e-03 5.095200e-02
47 9.376560e-01 9.796000e-03 5.254800e-02
48 9.358520e-01 9.740000e-03 5.440800e-02
49 9.341320e-01 9.688000e-03 5.618000e-02
50 9.324240e-01 9.752000e-03 5.782400e-02
51 9.305400e-01 9.992000e-03 5.946800e-02
52 9.287680e-01 1.002400e-02 6.120800e-02
53 9.268520e-01 1.011600e-02 6.303200e-02
54 9.251040e-01 1.026400e-02 6.463200e-02
55 9.232760e-01 1.037200e-02 6.635200e-02
56 9.215520e-01 1.027600e-02 6.817200e-02
57 9.195640e-01 1.035200e-02 7.008400e-02
58 9.175640e-01 1.050000e-02 7.193600e-02
59 9.156920e-01 1.050400e-02 7.380400e-02
60 9.139000e-01 1.043600e-02 7.566400e-02
61 9.120960e-01 1.046000e-02 7.744400e-02
62 9.101680e-01 1.056000e-02 7.927200e-02
63 9.082160e-01 1.072000e-02 8.106400e-02
64 9.062120e-01 1.104000e-02 8.274800e-02
65 9.042120e-01 1.110000e-02 8.468800e-02
66 9.021840e-01 1.118000e-02 8.663600e-02
67 9.002080e-01 1.114000e-02 8.865200e-02
68 8.982920e-01 1.113200e-02 9.057600e-02
69 8.962800e-01 1.112400e-02 9.259600e-02
70 8.942840e-01 1.124000e-02 9.447600e-02
71 8.923840e-01 1.104400e-02 9.657200e-02
72 8.903680e-01 1.100400e-02 9.862800e-02
73 8.884440e-01 1.093200e-02 1.006240e-01
74 8.867000e-01 1.066400e-02 1.026360e-01
75 8.850200e-01 1.053200e-02 1.044480e-01
76 8.832520e-01 1.044000e-02 1.063080e-01
77 8.815360e-01 1.034800e-02 1.081160e-01
78 8.798120e-01 1.035200e-02 1.098360e-01
79 8.781120e-01 1.024400e-02 1.116440e-01
80 8.764160e-01 1.020000e-02 1.133840e-01
81 8.747360e-01 1.009600e-02 1.151680e-01
82 8.729880e-01 9.948000e-03 1.170640e-01
83 8.714080e-01 9.864000e-03 1.187280e-01
84 8.696560e-01 9.804000e-03 1.205400e-01
85 8.679520e-01 9.816000e-03 1.222320e-01
86 8.662080e-01 9.944000e-03 1.238480e-01
87 8.644440e-01 9.992000e-03 1.255640e-01
88 8.627240e-01 9.992000e-03 1.272840e-01
89 8.609600e-01 1.009200e-02 1.289480e-01
90 8.591320e-01 1.015200e-02 1.307160e-01
91 8.575840e-01 9.984000e-03 1.324320e-01
92 8.557760e-01 1.009200e-02 1.341320e-01
93 8.540480e-01 1.005600e-02 1.358960e-01
94 8.521960e-01 1.003200e-02 1.377720e-01
95 8.504320e-01 1.003600e-02 1.395320e-01
96 8.486600e-01 1.000000e-02 1.413400e-01
97 8.468560e-01 1.005200e-02 1.430920e-01
98 8.451520e-01 1.002000e-02 1.448280e-01
99 8.434680e-01 9.968000e-03 1.465640e-01
100 8.416840e-01 9.900000e-03 1.484160e-01
101 8.399640e-01 9.832000e-03 1.502040e-01
102 8.382520e-01 9.796000e-03 1.519520e-01
103 8.366840e-01 9.656000e-03 1.536600e-01
104 8.350720e-01 9.420000e-03 1.555080e-01
105 8.334600e-01 9.388000e-03 1.571520e-01
106 8.318760e-01 9.360000e-03 1.587640e-01
107 8.304440e-01 9.052000e-03 1.605040e-01
108 8.287160e-01 9.244000e-03 1.620400e-01
109 8.270840e-01 9.388000e-03 1.635280e-01
110 8.253400e-01 9.472000e-03 1.651880e-01
111 8.234720e-01 9.708000e-03 1.668200e-01
112 8.218400e-01 9.616000e-03 1.685440e-01
113 8.200800e-01 9.624000e-03 1.702960e-01
114 8.183240e-01 9.656000e-03 1.720200e-01
115 8.167240e-01 9.560000e-03 1.737160e-01
116 8.151040e-01 9.512000e-03 1.753840e-01
117 8.134840e-01 9.560000e-03 1.769560e-01
118 8.117320e-01 9.664000e-03 1.786040e-01
119 8.100680e-01 9.532000e-03 1.804000e-01
120 8.082600e-01 9.580000e-03 1.821600e-01
121 8.066840e-01 9.492000e-03 1.838240e-01
122 8.051360e-01 9.512000e-03 1.853520e-01
123 8.036400e-01 9.412000e-03 1.869480e-01
124 8.022040e-01 9.244000e-03 1.885520e-01
125 8.006680e-01 9.144000e-03 1.901880e-01
126 7.992360e-01 9.008000e-03 1.917560e-01
127 7.977480e-01 8.928000e-03 1.933240e-01
128 7.963400e-01 8.780000e-03 1.948800e-01
129 7.950080e-01 8.564000e-03 1.964280e-01
130 7.936080e-01 8.452000e-03 1.979400e-01
131 7.922400e-01 8.476000e-03 1.992840e-01
132 7.908880e-01 8.284000e-03 2.008280e-01
133 7.895200e-01 8.200000e-03 2.022800e-01
134 7.880880e-01 8.168000e-03 2.037440e-01
135 7.866080e-01 8.124000e-03 2.052680e-01
136 7.852560e-01 8.040000e-03 2.067040e-01
137 7.838080e-01 7.972000e-03 2.082200e-01
138 7.825720e-01 7.808000e-03 2.096200e-01
139 7.812200e-01 7.892000e-03 2.108880e-01
140 7.799600e-01 7.748000e-03 2.122920e-01
141 7.787680e-01 7.764000e-03 2.134680e-01
142 7.774400e-01 7.768000e-03 2.147920e-01
143 7.761360e-01 7.728000e-03 2.161360e-01
144 7.747200e-01 7.780000e-03 2.175000e-01
145 7.733640e-01 7.884000e-03 2.187520e-01
146 7.719680e-01 7.968000e-03 2.200640e-01
147 7.704400e-01 8.212000e-03 2.213480e-01
148 7.690760e-01 8.124000e-03 2.228000e-01
149 7.676360e-01 8.152000e-03 2.242120e-01
150 7.661720e-01 8.236000e-03 2.255920e-01
151 7.648200e-01 8.196000e-03 2.269840e-01
152 7.634160e-01 8.140000e-03 2.284440e-01
153 7.620760e-01 8.052000e-03 2.298720e-01
154 7.607600e-01 7.896000e-03 2.313440e-01
155 7.593680e-01 7.920000e-03 2.327120e-01
156 7.580520e-01 7.820000e-03 2.341280e-01
157 7.566760e-01 7.956000e-03 2.353680e-01
158 7.554000e-01 7.740000e-03 2.368600e-01
159 7.540280e-01 7.928000e-03 2.380440e-01
160 7.528520e-01 7.912000e-03 2.392360e-01
161 7.516040e-01 7.820000e-03 2.405760e-01
162 7.503440e-01 7.764000e-03 2.418920e-01
163 7.492080e-01 7.612000e-03 2.431800e-01
164 7.480000e-01 7.596000e-03 2.444040e-01
165 7.467800e-01 7.536000e-03 2.456840e-01
166 7.454720e-01 7.560000e-03 2.469680e-01
167 7.442360e-01 7.508000e-03 2.482560e-01
168 7.429240e-01 7.536000e-03 2.495400e-01
169 7.415080e-01 7.592000e-03 2.509000e-01
170 7.402560e-01 7.528000e-03 2.522160e-01
171 7.388840e-01 7.636000e-03 2.534800e-01
172 7.376880e-01 7.580000e-03 2.547320e-01
173 7.365440e-01 7.404000e-03 2.560520e-01
174 7.354960e-01 7.068000e-03 2.574360e-01
175 7.343760e-01 6.904000e-03 2.587200e-01
176 7.331960e-01 6.860000e-03 2.599440e-01
177 7.321320e-01 6.680000e-03 2.611880e-01
178 7.310560e-01 6.584000e-03 2.623600e-01
179 7.300360e-01 6.444000e-03 2.635200e-01
180 7.290720e-01 6.352000e-03 2.645760e-01
181 7.281520e-01 6.140000e-03 2.657080e-01
182 7.271720e-01 5.996000e-03 2.668320e-01
183 7.261240e-01 6.068000e-03 2.678080e-01
184 7.251600e-01 5.872000e-03 2.689680e-01
185 7.242280e-01 5.700000e-03 2.700720e-01
186 7.233080e-01 5.648000e-03 2.710440e-01
187 7.223240e-01 5.600000e-03 2.720760e-01
188 7.214280e-01 5.520000e-03 2.730520e-01
189 7.205440e-01 5.436000e-03 2.740200e-01
190 7.195880e-01 5.480000e-03 2.749320e-01
191 7.184960e-01 5.656000e-03 2.758480e-01
192 7.175840e-01 5.600000e-03 2.768160e-01
193 7.166760e-01 5.556000e-03 2.777680e-01
194 7.157600e-01 5.588000e-03 2.786520e-01
195 7.149000e-01 5.540000e-03 2.795600e-01
196 7.139960e-01 5.560000e-03 2.804440e-01
197 7.130240e-01 5.536000e-03 2.814400e-01
198 7.120760e-01 5.512000e-03 2.824120e-01
199 7.112720e-01 5.272000e-03 2.834560e-01
200 7.103520e-01 5.272000e-03 2.843760e-01
201 7.094040e-01 5.344000e-03 2.852520e-01
202 7.085280e-01 5.308000e-03 2.861640e-01
203 7.075960e-01 5.368000e-03 2.870360e-01
204 7.067680e-01 5.200000e-03 2.880320e-01
205 7.059560e-01 5.060000e-03 2.889840e-01
206 7.051560e-01 4.944000e-03 2.899000e-01
207 7.044400e-01 4.944000e-03 2.906160e-01
208 7.035440e-01 5.008000e-03 2.914480e-01
209 7.027520e-01 4.908000e-03 2.923400e-01
210 7.018760e-01 4.952000e-03 2.931720e-01
211 7.010200e-01 4.932000e-03 2.940480e-01
212 7.001560e-01 4.932000e-03 2.949120e-01
213 6.993000e-01 5.004000e-03 2.956960e-01
214 6.984720e-01 4.968000e-03 2.965600e-01
215 6.976200e-01 4.964000e-03 2.974160e-01
216 6.967560e-01 4.992000e-03 2.982520e-01
217 6.958520e-01 4.976000e-03 2.991720e-01
218 6.949720e-01 5.004000e-03 3.000240e-01
219 6.940760e-01 5.072000e-03 3.008520e-01
220 6.931640e-01 5.152000e-03 3.016840e-01
221 6.922600e-01 5.160000e-03 3.025800e-01
222 6.913720e-01 5.196000e-03 3.034320e-01
223 6.904800e-01 5.236000e-03 3.042840e-01
224 6.895520e-01 5.284000e-03 3.051640e-01
225 6.887120e-01 5.344000e-03 3.059440e-01
226 6.877280e-01 5.356000e-03 3.069160e-01
227 6.866760e-01 5.444000e-03 3.078800e-01
228 6.859200e-01 5.212000e-03 3.088680e-01
229 6.851720e-01 5.036000e-03 3.097920e-01
230 6.843760e-01 4.900000e-03 3.107240e-01
231 6.837480e-01 4.672000e-03 3.115800e-01
232 6.829320e-01 4.720000e-03 3.123480e-01
233 6.821960e-01 4.740000e-03 3.130640e-01
234 6.815000e-01 4.608000e-03 3.138920e-01
235 6.807360e-01 4.624000e-03 3.146400e-01
236 6.800400e-01 4.556000e-03 3.154040e-01
237 6.793720e-01 4.388000e-03 3.162400e-01
238 6.788000e-01 4.220000e-03 3.169800e-01
239 6.780840e-01 4.224000e-03 3.176920e-01
240 6.774000e-01 4.228000e-03 3.183720e-01
241 6.766960e-01 4.272000e-03 3.190320e-01
242 6.760760e-01 4.168000e-03 3.197560e-01
243 6.754480e-01 4.144000e-03 3.204080e-01
244 6.747320e-01 4.060000e-03 3.212080e-01
245 6.740240e-01 3.876000e-03 3.221000e-01
246 6.734280e-01 3.832000e-03 3.227400e-01
247 6.727920e-01 3.740000e-03 3.234680e-01
248 6.722520e-01 3.552000e-03 3.241960e-01
249 6.716760e-01 3.460000e-03 3.248640e-01
250 6.711040e-01 3.400000e-03 3.254960e-01
251 6.705520e-01 3.308000e-03 3.261400e-01
252 6.699640e-01 3.376000e-03 3.266600e-01
253 6.693920e-01 3.352000e-03 3.272560e-01
254 6.688640e-01 3.284000e-03 3.278520e-01
255 6.683040e-01 3.212000e-03 3.284840e-01
256 6.678080e-01 3.096000e-03 3.290960e-01
257 6.673200e-01 3.044000e-03 3.296360e-01
258 6.668160e-01 3.068000e-03 3.301160e-01
259 6.662520e-01 3.016000e-03 3.307320e-01
260 6.657680e-01 2.932000e-03 3.313000e-01
261 6.652640e-01 3.000000e-03 3.317360e-01
262 6.648040e-01 2.944000e-03 3.322520e-01
263 6.643040e-01 2.892000e-03 3.328040e-01
264 6.637440e-01 3.016000e-03 3.332400e-01
265 6.632080e-01 2.992000e-03 3.338000e-01
266 6.626160e-01 3.008000e-03 3.343760e-01
267 6.621480e-01 2.980000e-03 3.348720e-01
268 6.616640e-01 2.980000e-03 3.353560e-01
269 6.611520e-01 3.032000e-03 3.358160e-01
270 6.607000e-01 2.912000e-03 3.363880e-01
271 6.602360e-01 2.868000e-03 3.368960e-01
272 6.598040e-01 2.784000e-03 3.374120e-01
273 6.593200e-01 2.844000e-03 3.378360e-01
274 6.588440e-01 2.844000e-03 3.383120e-01
275 6.584160e-01 2.776000e-03 3.388080e-01
276 6.579760e-01 2.672000e-03 3.393520e-01
277 6.576080e-01 2.596000e-03 3.397960e-01
278 6.571880e-01 2.516000e-03 3.402960e-01
279 6.567320e-01 2.612000e-03 3.406560e-01
280 6.563080e-01 2.592000e-03 3.411000e-01
281 6.558760e-01 2.596000e-03 3.415280e-01
282 6.554480e-01 2.640000e-03 3.419120e-01
283 6.549960e-01 2.596000e-03 3.424080e-01
284 6.544640e-01 2.692000e-03 3.428440e-01
285 6.539560e-01 2.712000e-03 3.433320e-01
286 6.534200e-01 2.752000e-03 3.438280e-01
287 6.529160e-01 2.748000e-03 3.443360e-01
288 6.522680e-01 2.940000e-03 3.447920e-01
289 6.517720e-01 2.928000e-03 3.453000e-01
290 6.512880e-01 2.888000e-03 3.458240e-01
291 6.507800e-01 2.824000e-03 3.463960e-01
292 6.502280e-01 2.896000e-03 3.468760e-01
293 6.498160e-01 2.792000e-03 3.473920e-01
294 6.492920e-01 2.776000e-03 3.479320e-01
295 6.488320e-01 2.752000e-03 3.484160e-01
296 6.484560e-01 2.656000e-03 3.488880e-01
297 6.480480e-01 2.548000e-03 3.494040e-01
298 6.476160e-01 2.556000e-03 3.498280e-01
299 6.472560e-01 2.444000e-03 3.503000e-01
300 6.468600e-01 2.416000e-03 3.507240e-01
301 6.464880e-01 2.304000e-03 3.512080e-01
302 6.461640e-01 2.224000e-03 3.516120e-01
303 6.458160e-01 2.208000e-03 3.519760e-01
304 6.454880e-01 2.204000e-03 3.523080e-01
305 6.451960e-01 2.080000e-03 3.527240e-01
306 6.449520e-01 1.920000e-03 3.531280e-01
307 6.446280e-01 1.956000e-03 3.534160e-01
308 6.443040e-01 1.984000e-03 3.537120e-01
309 6.439560e-01 2.016000e-03 3.540280e-01
310 6.436080e-01 2.052000e-03 3.543400e-01
311 6.432760e-01 2.012000e-03 3.547120e-01
312 6.428240e-01 2.144000e-03 3.550320e-01
313 6.424000e-01 2.188000e-03 3.554120e-01
314 6.420600e-01 2.212000e-03 3.557280e-01
315 6.417160e-01 2.164000e-03 3.561200e-01
316 6.413200e-01 2.180000e-03 3.565000e-01
317 6.409360e-01 2.188000e-03 3.568760e-01
318 6.405600e-01 2.156000e-03 3.572840e-01
319 6.402640e-01 2.056000e-03 3.576800e-01
320 6.400120e-01 1.956000e-03 3.580320e-01
321 6.396880e-01 1.860000e-03 3.584520e-01
322 6.393600e-01 1.812000e-03 3.588280e-01
323 6.390280e-01 1.808000e-03 3.591640e-01
324 6.387560e-01 1.764000e-03 3.594800e-01
325 6.384760e-01 1.652000e-03 3.598720e-01
326 6.382120e-01 1.580000e-03 3.602080e-01
327 6.380400e-01 1.492000e-03 3.604680e-01
328 6.377840e-01 1.464000e-03 3.607520e-01
329 6.374880e-01 1.500000e-03 3.610120e-01
330 6.373240e-01 1.344000e-03 3.613320e-01
331 6.370840e-01 1.352000e-03 3.615640e-01
332 6.369120e-01 1.308000e-03 3.617800e-01
333 6.366760e-01 1.304000e-03 3.620200e-01
334 6.364200e-01 1.316000e-03 3.622640e-01
335 6.361640e-01 1.308000e-03 3.625280e-01
336 6.359080e-01 1.300000e-03 3.627920e-01
337 6.356280e-01 1.428000e-03 3.629440e-01
338 6.353640e-01 1.424000e-03 3.632120e-01
339 6.351000e-01 1.460000e-03 3.634400e-01
340 6.348440e-01 1.456000e-03 3.637000e-01
341 6.345960e-01 1.440000e-03 3.639640e-01
342 6.343800e-01 1.424000e-03 3.641960e-01
343 6.341360e-01 1.416000e-03 3.644480e-01
344 6.338960e-01 1.416000e-03 3.646880e-01
345 6.337000e-01 1.344000e-03 3.649560e-01
346 6.335400e-01 1.276000e-03 3.651840e-01
347 6.333880e-01 1.184000e-03 3.654280e-01
348 6.332440e-01 1.140000e-03 3.656160e-01
349 6.330720e-01 1.140000e-03 3.657880e-01
350 6.328840e-01 1.096000e-03 3.660200e-01
351 6.327080e-01 1.072000e-03 3.662200e-01
352 6.325640e-01 1.020000e-03 3.664160e-01
353 6.324080e-01 9.560000e-04 3.666360e-01
354 6.322680e-01 9.120000e-04 3.668200e-01
355 6.321040e-01 9.280000e-04 3.669680e-01
356 6.318720e-01 9.920000e-04 3.671360e-01
357 6.316880e-01 1.004000e-03 3.673080e-01
358 6.315080e-01 1.000000e-03 3.674920e-01
359 6.313600e-01 9.560000e-04 3.676840e-01
360 6.311760e-01 9.720000e-04 3.678520e-01
361 6.310000e-01 9.440000e-04 3.680560e-01
362 6.308400e-01 9.000000e-04 3.682600e-01
363 6.306760e-01 9.240000e-04 3.684000e-01
364 6.305160e-01 9.680000e-04 3.685160e-01
365 6.303000e-01 1.004000e-03 3.686960e-01
366 6.301360e-01 1.000000e-03 3.688640e-01
367 6.299960e-01 9.640000e-04 3.690400e-01
368 6.298800e-01 8.960000e-04 3.692240e-01
369 6.297120e-01 9.360000e-04 3.693520e-01
370 6.295440e-01 9.480000e-04 3.695080e-01
371 6.293800e-01 9.640000e-04 3.696560e-01
372 6.291720e-01 9.800000e-04 3.698480e-01
373 6.290360e-01 9.480000e-04 3.700160e-01
374 6.289120e-01 9.320000e-04 3.701560e-01
375 6.287840e-01 8.880000e-04 3.703280e-01
376 6.286200e-01 9.200000e-04 3.704600e-01
377 6.284320e-01 1.000000e-03 3.705680e-01
378 6.282520e-01 1.000000e-03 3.707480e-01
379 6.280560e-01 1.032000e-03 3.709120e-01
380 6.278400e-01 1.076000e-03 3.710840e-01
381 6.277200e-01 9.520000e-04 3.713280e-01
382 6.276120e-01 9.200000e-04 3.714680e-01
383 6.274520e-01 9.120000e-04 3.716360e-01
384 6.272560e-01 9.400000e-04 3.718040e-01
385 6.271160e-01 9.240000e-04 3.719600e-01
386 6.269800e-01 9.200000e-04 3.721000e-01
387 6.268120e-01 9.520000e-04 3.722360e-01
388 6.266680e-01 9.400000e-04 3.723920e-01
389 6.265280e-01 9.080000e-04 3.725640e-01
390 6.264360e-01 8.440000e-04 3.727200e-01
391 6.263200e-01 8.520000e-04 3.728280e-01
392 6.261920e-01 8.800000e-04 3.729280e-01
393 6.260480e-01 8.440000e-04 3.731080e-01
394 6.259360e-01 7.760000e-04 3.732880e-01
395 6.257920e-01 7.760000e-04 3.734320e-01
396 6.256480e-01 7.640000e-04 3.735880e-01
397 6.255080e-01 7.760000e-04 3.737160e-01
398 6.253800e-01 7.240000e-04 3.738960e-01
399 6.252800e-01 6.600000e-04 3.740600e-01
400 6.251760e-01 6.600000e-04 3.741640e-01
401 6.250680e-01 6.440000e-04 3.742880e-01
402 6.249600e-01 6.400000e-04 3.744000e-01
403 6.248640e-01 6.040000e-04 3.745320e-01
404 6.247680e-01 5.680000e-04 3.746640e-01
405 6.246440e-01 6.120000e-04 3.747440e-01
406 6.245800e-01 5.320000e-04 3.748880e-01
407 6.245040e-01 4.800000e-04 3.750160e-01
408 6.244320e-01 4.880000e-04 3.750800e-01
409 6.243320e-01 5.320000e-04 3.751360e-01
410 6.242520e-01 5.320000e-04 3.752160e-01
411 6.241640e-01 5.360000e-04 3.753000e-01
412 6.240640e-01 5.520000e-04 3.753840e-01
413 6.239480e-01 5.600000e-04 3.754920e-01
414 6.238400e-01 6.000000e-04 3.755600e-01
415 6.237720e-01 5.600000e-04 3.756680e-01
416 6.237040e-01 5.040000e-04 3.757920e-01
417 6.236320e-01 5.160000e-04 3.758520e-01
418 6.235160e-01 5.480000e-04 3.759360e-01
419 6.234200e-01 5.440000e-04 3.760360e-01
420 6.233160e-01 5.640000e-04 3.761200e-01
421 6.232240e-01 5.920000e-04 3.761840e-01
422 6.231320e-01 6.040000e-04 3.762640e-01
423 6.230240e-01 6.200000e-04 3.763560e-01
424 6.228880e-01 6.360000e-04 3.764760e-01
425 6.227840e-01 6.400000e-04 3.765760e-01
426 6.226520e-01 6.720000e-04 3.766760e-01
427 6.225600e-01 6.400000e-04 3.768000e-01
428 6.224520e-01 6.120000e-04 3.769360e-01
429 6.223520e-01 5.880000e-04 3.770600e-01
430 6.222560e-01 5.640000e-04 3.771800e-01
431 6.221440e-01 5.560000e-04 3.773000e-01
432 6.220400e-01 5.720000e-04 3.773880e-01
433 6.219360e-01 5.600000e-04 3.775040e-01
434 6.218880e-01 5.400000e-04 3.775720e-01
435 6.218240e-01 4.880000e-04 3.776880e-01
436 6.217320e-01 5.200000e-04 3.777480e-01
437 6.216640e-01 5.160000e-04 3.778200e-01
438 6.216000e-01 5.000000e-04 3.779000e-01
439 6.215000e-01 5.280000e-04 3.779720e-01
440 6.213880e-01 5.600000e-04 3.780520e-01
441 6.212400e-01 6.480000e-04 3.781120e-01
442 6.210800e-01 7.200000e-04 3.782000e-01
443 6.209080e-01 7.600000e-04 3.783320e-01
444 6.207440e-01 8.080000e-04 3.784480e-01
445 6.205920e-01 8.200000e-04 3.785880e-01
446 6.204920e-01 7.640000e-04 3.787440e-01
447 6.203840e-01 7.440000e-04 3.788720e-01
448 6.202800e-01 7.240000e-04 3.789960e-01
449 6.201480e-01 7.280000e-04 3.791240e-01
450 6.199960e-01 7.160000e-04 3.792880e-01
451 6.199000e-01 6.840000e-04 3.794160e-01
452 6.198280e-01 6.680000e-04 3.795040e-01
453 6.197400e-01 6.560000e-04 3.796040e-01
454 6.196480e-01 5.720000e-04 3.797800e-01
455 6.195880e-01 5.240000e-04 3.798880e-01
456 6.195280e-01 5.080000e-04 3.799640e-01
457 6.194760e-01 4.960000e-04 3.800280e-01
458 6.194240e-01 4.680000e-04 3.801080e-01
459 6.193440e-01 4.720000e-04 3.801840e-01
460 6.192560e-01 4.280000e-04 3.803160e-01
461 6.191800e-01 4.400000e-04 3.803800e-01
462 6.190720e-01 4.680000e-04 3.804600e-01
463 6.189800e-01 5.000000e-04 3.805200e-01
464 6.188840e-01 4.960000e-04 3.806200e-01
465 6.188120e-01 4.840000e-04 3.807040e-01
466 6.187200e-01 5.200000e-04 3.807600e-01
467 6.186200e-01 5.600000e-04 3.808200e-01
468 6.185440e-01 5.400000e-04 3.809160e-01
469 6.184600e-01 5.280000e-04 3.810120e-01
470 6.183720e-01 5.440000e-04 3.810840e-01
471 6.182920e-01 5.040000e-04 3.812040e-01
472 6.181840e-01 5.280000e-04 3.812880e-01
473 6.180880e-01 5.320000e-04 3.813800e-01
474 6.180080e-01 5.200000e-04 3.814720e-01
475 6.179200e-01 5.240000e-04 3.815560e-01
476 6.178200e-01 5.600000e-04 3.816200e-01
477 6.177080e-01 5.760000e-04 3.817160e-01
478 6.176040e-01 5.680000e-04 3.818280e-01
479 6.175160e-01 5.760000e-04 3.819080e-01
480 6.174200e-01 5.520000e-04 3.820280e-01
481 6.173320e-01 5.120000e-04 3.821560e-01
482 6.172720e-01 4.800000e-04 3.822480e-01
483 6.171880e-01 4.920000e-04 3.823200e-01
484 6.170840e-01 5.040000e-04 3.824120e-01
485 6.169760e-01 5.240000e-04 3.825000e-01
486 6.168680e-01 5.240000e-04 3.826080e-01
487 6.167760e-01 5.240000e-04 3.827000e-01
488 6.166760e-01 5.560000e-04 3.827680e-01
489 6.165800e-01 5.360000e-04 3.828840e-01
490 6.165120e-01 5.360000e-04 3.829520e-01
491 6.164160e-01 5.560000e-04 3.830280e-01
492 6.163720e-01 5.080000e-04 3.831200e-01
493 6.162880e-01 5.280000e-04 3.831840e-01
494 6.162080e-01 5.120000e-04 3.832800e-01
495 6.161200e-01 5.000000e-04 3.833800e-01
496 6.160400e-01 4.680000e-04 3.834920e-01
497 6.159680e-01 4.480000e-04 3.835840e-01
498 6.158720e-01 4.840000e-04 3.836440e-01
499 6.157920e-01 4.760000e-04 3.837320e-01
500 6.157200e-01 4.960000e-04 3.837840e-01
