1 9.991960e-01 7.240000e-04 8.000000e-05
2 9.986960e-01 1.072000e-03 2.320000e-04
3 9.981480e-01 1.352000e-03 5.000000e-04
4 9.974800e-01 1.704000e-03 8.160000e-04
5 9.967000e-01 2.172000e-03 1.128000e-03
6 9.959200e-01 2.624000e-03 1.456000e-03
7 9.950480e-01 3.004000e-03 1.948000e-03
8 9.941960e-01 3.208000e-03 2.596000e-03
9 9.931800e-01 3.580000e-03 3.240000e-03
10 9.922120e-01 3.836000e-03 3.952000e-03
11 9.909920e-01 4.332000e-03 4.676000e-03
12 9.898360e-01 4.584000e-03 5.580000e-03
13 9.885920e-01 5.024000e-03 6.384000e-03
14 9.874640e-01 5.284000e-03 7.252000e-03
15 9.861680e-01 5.704000e-03 8.128000e-03
16 9.849200e-01 5.792000e-03 9.288000e-03
17 9.836760e-01 6.032000e-03 1.029200e-02
18 9.824600e-01 6.204000e-03 1.133600e-02
19 9.812600e-01 6.320000e-03 1.242000e-02
20 9.799280e-01 6.544000e-03 1.352800e-02
21 9.786440e-01 6.720000e-03 1.463600e-02
22 9.773160e-01 6.828000e-03 1.585600e-02
23 9.760040e-01 7.016000e-03 1.698000e-02
24 9.745280e-01 7.152000e-03 1.832000e-02
25 9.730320e-01 7.464000e-03 1.950400e-02
26 9.715080e-01 7.684000e-03 2.080800e-02
27 9.699240e-01 7.944000e-03 2.213200e-02
28 9.683520e-01 8.076000e-03 2.357200e-02
29 9.671160e-01 8.000000e-03 2.488400e-02
30 9.654360e-01 8.300000e-03 2.626400e-02
31 9.640360e-01 8.280000e-03 2.768400e-02
32 9.624680e-01 8.404000e-03 2.912800e-02
33 9.609320e-01 8.460000e-03 3.060800e-02
34 9.593840e-01 8.400000e-03 3.221600e-02
35 9.578800e-01 8.452000e-03 3.366800e-02
36 9.565440e-01 8.292000e-03 3.516400e-02
37 9.549880e-01 8.324000e-03 3.668800e-02
38 9.533200e-01 8.540000e-03 3.814000e-02
39 9.517360e-01 8.668000e-03 3.959600e-02
40 9.500400e-01 8.904000e-03 4.105600e-02
41 9.484280e-01 9.088000e-03 4.248400e-02
42 9.466160e-01 9.188000e-03 4.419600e-02
43 9.448280e-01 9.412000e-03 4.576000e-02
44 9.430960e-01 9.496000e-03 4.740800e-02
45 9.413520e-01 9.636000e-03 4.901200e-02
46 9.397120e-01 9.636000e-03 5.065200e-02
47 9.380160e-01 9.632000e-03 5.235200e-02
48 9.362440e-01 9.600000e-03 5.415600e-02
49 9.345400e-01 9.668000e-03 5.579200e-02
50 9.327160e-01 9.808000e-03 5.747600e-02
51 9.309240e-01 9.924000e-03 5.915200e-02
52 9.291960e-01 9.924000e-03 6.088000e-02
53 9.273880e-01 1.000400e-02 6.260800e-02
54 9.255520e-01 1.005200e-02 6.439600e-02
55 9.236840e-01 1.016000e-02 6.615600e-02
56 9.216520e-01 1.043200e-02 6.791600e-02
57 9.197680e-01 1.050800e-02 6.972400e-02
58 9.178040e-01 1.070800e-02 7.148800e-02
59 9.158800e-01 1.072000e-02 7.340000e-02
60 9.140200e-01 1.068800e-02 7.529200e-02
61 9.121560e-01 1.063600e-02 7.720800e-02
62 9.103440e-01 1.060400e-02 7.905200e-02
63 9.085920e-01 1.053600e-02 8.087200e-02
64 9.065880e-01 1.070800e-02 8.270400e-02
65 9.047240e-01 1.074800e-02 8.452800e-02
66 9.028080e-01 1.072800e-02 8.646400e-02
67 9.008920e-01 1.060800e-02 8.850000e-02
68 8.989760e-01 1.074800e-02 9.027600e-02
69 8.970840e-01 1.085600e-02 9.206000e-02
70 8.952240e-01 1.080400e-02 9.397200e-02
71 8.933080e-01 1.078400e-02 9.590800e-02
72 8.913800e-01 1.083200e-02 9.778800e-02
73 8.895240e-01 1.072000e-02 9.975600e-02
74 8.876160e-01 1.086000e-02 1.015240e-01
75 8.856600e-01 1.101200e-02 1.033280e-01
76 8.837320e-01 1.089200e-02 1.053760e-01
77 8.817920e-01 1.091600e-02 1.072920e-01
78 8.800680e-01 1.072400e-02 1.092080e-01
79 8.783080e-01 1.075600e-02 1.109360e-01
80 8.765120e-01 1.058800e-02 1.129000e-01
81 8.746560e-01 1.065600e-02 1.146880e-01
82 8.728320e-01 1.064000e-02 1.165280e-01
83 8.710640e-01 1.052400e-02 1.184120e-01
84 8.693000e-01 1.052000e-02 1.201800e-01
85 8.675880e-01 1.038800e-02 1.220240e-01
86 8.657800e-01 1.034400e-02 1.238760e-01
87 8.639680e-01 1.039600e-02 1.256360e-01
88 8.620600e-01 1.032000e-02 1.276200e-01
89 8.604800e-01 1.016000e-02 1.293600e-01
90 8.589440e-01 9.872000e-03 1.311840e-01
91 8.572560e-01 9.692000e-03 1.330520e-01
92 8.554680e-01 9.728000e-03 1.348040e-01
93 8.538360e-01 9.636000e-03 1.365280e-01
94 8.521040e-01 9.752000e-03 1.381440e-01
95 8.504240e-01 9.692000e-03 1.398840e-01
96 8.487000e-01 9.812000e-03 1.414880e-01
97 8.470240e-01 9.884000e-03 1.430920e-01
98 8.453520e-01 9.804000e-03 1.448440e-01
99 8.436720e-01 9.696000e-03 1.466320e-01
100 8.420360e-01 9.828000e-03 1.481360e-01
101 8.404560e-01 9.604000e-03 1.499400e-01
102 8.388520e-01 9.620000e-03 1.515280e-01
103 8.370920e-01 9.680000e-03 1.532280e-01
104 8.354960e-01 9.720000e-03 1.547840e-01
105 8.339680e-01 9.592000e-03 1.564400e-01
106 8.323040e-01 9.576000e-03 1.581200e-01
107 8.307120e-01 9.592000e-03 1.596960e-01
108 8.292400e-01 9.440000e-03 1.613200e-01
109 8.277840e-01 9.280000e-03 1.629360e-01
110 8.262880e-01 9.108000e-03 1.646040e-01
111 8.247360e-01 9.104000e-03 1.661600e-01
112 8.230560e-01 9.292000e-03 1.676520e-01
113 8.213080e-01 9.336000e-03 1.693560e-01
114 8.197080e-01 9.448000e-03 1.708440e-01
115 8.181480e-01 9.512000e-03 1.723400e-01
116 8.163600e-01 9.644000e-03 1.739960e-01
117 8.145080e-01 9.888000e-03 1.756040e-01
118 8.127880e-01 9.924000e-03 1.772880e-01
119 8.110960e-01 9.884000e-03 1.790200e-01
120 8.095640e-01 9.728000e-03 1.807080e-01
121 8.080040e-01 9.408000e-03 1.825880e-01
122 8.065240e-01 9.164000e-03 1.843120e-01
123 8.048560e-01 9.188000e-03 1.859560e-01
124 8.032800e-01 9.160000e-03 1.875600e-01
125 8.018040e-01 9.096000e-03 1.891000e-01
126 8.004360e-01 8.836000e-03 1.907280e-01
127 7.990320e-01 8.824000e-03 1.921440e-01
128 7.977200e-01 8.652000e-03 1.936280e-01
129 7.963680e-01 8.472000e-03 1.951600e-01
130 7.951600e-01 8.192000e-03 1.966480e-01
131 7.939120e-01 8.080000e-03 1.980080e-01
132 7.928240e-01 7.800000e-03 1.993760e-01
133 7.917040e-01 7.472000e-03 2.008240e-01
134 7.905800e-01 7.196000e-03 2.022240e-01
135 7.895880e-01 6.964000e-03 2.034480e-01
136 7.884760e-01 6.820000e-03 2.047040e-01
137 7.873760e-01 6.824000e-03 2.058000e-01
138 7.863120e-01 6.740000e-03 2.069480e-01
139 7.853080e-01 6.500000e-03 2.081920e-01
140 7.842480e-01 6.336000e-03 2.094160e-01
141 7.832040e-01 6.360000e-03 2.104360e-01
142 7.821520e-01 6.272000e-03 2.115760e-01
143 7.810720e-01 6.192000e-03 2.127360e-01
144 7.800320e-01 6.204000e-03 2.137640e-01
145 7.791880e-01 6.020000e-03 2.147920e-01
146 7.782440e-01 5.904000e-03 2.158520e-01
147 7.771240e-01 6.032000e-03 2.168440e-01
148 7.761080e-01 5.920000e-03 2.179720e-01
149 7.749800e-01 5.952000e-03 2.190680e-01
150 7.740520e-01 5.840000e-03 2.201080e-01
151 7.729600e-01 5.920000e-03 2.211200e-01
152 7.719480e-01 5.836000e-03 2.222160e-01
153 7.709480e-01 5.820000e-03 2.232320e-01
154 7.699200e-01 5.812000e-03 2.242680e-01
155 7.690240e-01 5.644000e-03 2.253320e-01
156 7.680800e-01 5.648000e-03 2.262720e-01
157 7.670800e-01 5.764000e-03 2.271560e-01
158 7.660440e-01 5.848000e-03 2.281080e-01
159 7.649560e-01 5.920000e-03 2.291240e-01
160 7.638720e-01 5.888000e-03 2.302400e-01
161 7.628320e-01 5.904000e-03 2.312640e-01
162 7.617880e-01 5.932000e-03 2.322800e-01
163 7.607200e-01 5.988000e-03 2.332920e-01
164 7.597480e-01 5.928000e-03 2.343240e-01
165 7.587840e-01 5.828000e-03 2.353880e-01
166 7.577520e-01 5.836000e-03 2.364120e-01
167 7.567440e-01 5.752000e-03 2.375040e-01
168 7.558200e-01 5.780000e-03 2.384000e-01
169 7.549640e-01 5.732000e-03 2.393040e-01
170 7.540320e-01 5.668000e-03 2.403000e-01
171 7.531200e-01 5.688000e-03 2.411920e-01
172 7.522520e-01 5.588000e-03 2.421600e-01
173 7.514160e-01 5.568000e-03 2.430160e-01
174 7.505960e-01 5.424000e-03 2.439800e-01
175 7.497040e-01 5.360000e-03 2.449360e-01
176 7.488760e-01 5.212000e-03 2.459120e-01
177 7.479240e-01 5.236000e-03 2.468400e-01
178 7.471640e-01 5.164000e-03 2.476720e-01
179 7.463840e-01 5.000000e-03 2.486160e-01
180 7.455280e-01 5.028000e-03 2.494440e-01
181 7.447240e-01 4.876000e-03 2.504000e-01
182 7.438920e-01 4.824000e-03 2.512840e-01
183 7.431320e-01 4.772000e-03 2.520960e-01
184 7.423880e-01 4.668000e-03 2.529440e-01
185 7.415280e-01 4.756000e-03 2.537160e-01
186 7.407200e-01 4.784000e-03 2.544960e-01
187 7.399040e-01 4.828000e-03 2.552680e-01
188 7.391360e-01 4.812000e-03 2.560520e-01
189 7.383840e-01 4.720000e-03 2.568960e-01
190 7.375560e-01 4.656000e-03 2.577880e-01
191 7.368640e-01 4.584000e-03 2.585520e-01
192 7.362000e-01 4.532000e-03 2.592680e-01
193 7.353760e-01 4.564000e-03 2.600600e-01
194 7.347320e-01 4.380000e-03 2.608880e-01
195 7.340920e-01 4.212000e-03 2.616960e-01
196 7.333080e-01 4.296000e-03 2.623960e-01
197 7.324200e-01 4.408000e-03 2.631720e-01
198 7.316960e-01 4.348000e-03 2.639560e-01
199 7.310640e-01 4.248000e-03 2.646880e-01
200 7.302960e-01 4.208000e-03 2.654960e-01
201 7.296360e-01 4.144000e-03 2.662200e-01
202 7.289040e-01 4.120000e-03 2.669760e-01
203 7.281400e-01 4.224000e-03 2.676360e-01
204 7.273640e-01 4.188000e-03 2.684480e-01
205 7.266040e-01 4.244000e-03 2.691520e-01
206 7.258800e-01 4.260000e-03 2.698600e-01
207 7.251960e-01 4.164000e-03 2.706400e-01
208 7.244840e-01 4.148000e-03 2.713680e-01
209 7.237360e-01 4.104000e-03 2.721600e-01
210 7.229480e-01 4.244000e-03 2.728080e-01
211 7.222840e-01 4.248000e-03 2.734680e-01
212 7.215680e-01 4.176000e-03 2.742560e-01
213 7.207520e-01 4.236000e-03 2.750120e-01
214 7.200440e-01 4.280000e-03 2.756760e-01
215 7.193240e-01 4.308000e-03 2.763680e-01
216 7.186280e-01 4.216000e-03 2.771560e-01
217 7.179680e-01 4.152000e-03 2.778800e-01
218 7.173360e-01 4.100000e-03 2.785640e-01
219 7.166640e-01 4.016000e-03 2.793200e-01
220 7.160960e-01 3.908000e-03 2.799960e-01
221 7.155080e-01 3.740000e-03 2.807520e-01
222 7.148920e-01 3.672000e-03 2.814360e-01
223 7.143040e-01 3.628000e-03 2.820680e-01
224 7.137040e-01 3.536000e-03 2.827600e-01
225 7.131120e-01 3.512000e-03 2.833760e-01
226 7.125920e-01 3.320000e-03 2.840880e-01
227 7.120840e-01 3.212000e-03 2.847040e-01
228 7.115080e-01 3.148000e-03 2.853440e-01
229 7.109680e-01 3.124000e-03 2.859080e-01
230 7.103760e-01 3.180000e-03 2.864440e-01
231 7.097520e-01 3.320000e-03 2.869280e-01
232 7.091880e-01 3.300000e-03 2.875120e-01
233 7.086880e-01 3.180000e-03 2.881320e-01
234 7.080640e-01 3.184000e-03 2.887520e-01
235 7.076040e-01 3.128000e-03 2.892680e-01
236 7.071400e-01 3.032000e-03 2.898280e-01
237 7.066720e-01 3.004000e-03 2.903240e-01
238 7.061200e-01 3.064000e-03 2.908160e-01
239 7.055480e-01 3.136000e-03 2.913160e-01
240 7.049720e-01 3.160000e-03 2.918680e-01
241 7.044800e-01 3.104000e-03 2.924160e-01
242 7.039200e-01 3.096000e-03 2.929840e-01
243 7.033600e-01 3.116000e-03 2.935240e-01
244 7.027760e-01 3.112000e-03 2.941120e-01
245 7.022880e-01 2.928000e-03 2.947840e-01
246 7.016920e-01 2.904000e-03 2.954040e-01
247 7.010760e-01 3.048000e-03 2.958760e-01
248 7.006080e-01 2.976000e-03 2.964160e-01
249 7.001840e-01 2.868000e-03 2.969480e-01
250 6.996320e-01 2.916000e-03 2.974520e-01
251 6.992040e-01 2.824000e-03 2.979720e-01
252 6.987080e-01 2.816000e-03 2.984760e-01
253 6.982360e-01 2.752000e-03 2.990120e-01
254 6.977680e-01 2.740000e-03 2.994920e-01
255 6.970960e-01 2.936000e-03 2.999680e-01
256 6.965160e-01 2.976000e-03 3.005080e-01
257 6.960800e-01 2.884000e-03 3.010360e-01
258 6.955880e-01 2.896000e-03 3.015160e-01
259 6.950160e-01 2.956000e-03 3.020280e-01
260 6.945120e-01 2.956000e-03 3.025320e-01
261 6.939440e-01 3.016000e-03 3.030400e-01
262 6.934280e-01 3.080000e-03 3.034920e-01
263 6.929200e-01 3.064000e-03 3.040160e-01
264 6.924240e-01 2.964000e-03 3.046120e-01
265 6.919000e-01 2.968000e-03 3.051320e-01
266 6.914440e-01 2.888000e-03 3.056680e-01
267 6.911040e-01 2.700000e-03 3.061960e-01
268 6.906440e-01 2.708000e-03 3.066480e-01
269 6.902760e-01 2.640000e-03 3.070840e-01
270 6.898120e-01 2.556000e-03 3.076320e-01
271 6.893320e-01 2.620000e-03 3.080480e-01
272 6.889560e-01 2.548000e-03 3.084960e-01
273 6.885240e-01 2.524000e-03 3.089520e-01
274 6.880520e-01 2.604000e-03 3.093440e-01
275 6.875640e-01 2.684000e-03 3.097520e-01
276 6.870360e-01 2.744000e-03 3.102200e-01
277 6.865520e-01 2.732000e-03 3.107160e-01
278 6.859760e-01 2.816000e-03 3.112080e-01
279 6.854720e-01 2.808000e-03 3.117200e-01
280 6.850240e-01 2.784000e-03 3.121920e-01
281 6.844600e-01 2.812000e-03 3.127280e-01
282 6.840240e-01 2.704000e-03 3.132720e-01
283 6.835640e-01 2.704000e-03 3.137320e-01
284 6.830600e-01 2.788000e-03 3.141520e-01
285 6.825280e-01 2.780000e-03 3.146920e-01
286 6.821000e-01 2.688000e-03 3.152120e-01
287 6.815880e-01 2.700000e-03 3.157120e-01
288 6.811280e-01 2.688000e-03 3.161840e-01
289 6.806120e-01 2.716000e-03 3.166720e-01
290 6.800880e-01 2.748000e-03 3.171640e-01
291 6.796400e-01 2.768000e-03 3.175920e-01
292 6.791320e-01 2.744000e-03 3.181240e-01
293 6.786320e-01 2.768000e-03 3.186000e-01
294 6.781880e-01 2.752000e-03 3.190600e-01
295 6.777400e-01 2.744000e-03 3.195160e-01
296 6.772240e-01 2.792000e-03 3.199840e-01
297 6.768200e-01 2.700000e-03 3.204800e-01
298 6.764920e-01 2.544000e-03 3.209640e-01
299 6.761400e-01 2.448000e-03 3.214120e-01
300 6.758080e-01 2.392000e-03 3.218000e-01
301 6.754800e-01 2.236000e-03 3.222840e-01
302 6.751760e-01 2.104000e-03 3.227200e-01
303 6.748240e-01 2.072000e-03 3.231040e-01
304 6.745400e-01 2.000000e-03 3.234600e-01
305 6.741920e-01 1.944000e-03 3.238640e-01
306 6.738840e-01 1.880000e-03 3.242360e-01
307 6.736120e-01 1.840000e-03 3.245480e-01
308 6.733200e-01 1.768000e-03 3.249120e-01
309 6.730040e-01 1.728000e-03 3.252680e-01
310 6.726400e-01 1.760000e-03 3.256000e-01
311 6.723000e-01 1.788000e-03 3.259120e-01
312 6.720160e-01 1.772000e-03 3.262120e-01
313 6.717240e-01 1.740000e-03 3.265360e-01
314 6.714160e-01 1.752000e-03 3.268320e-01
315 6.710840e-01 1.792000e-03 3.271240e-01
316 6.707400e-01 1.804000e-03 3.274560e-01
317 6.704600e-01 1.812000e-03 3.277280e-01
318 6.701280e-01 1.808000e-03 3.280640e-01
319 6.697880e-01 1.820000e-03 3.283920e-01
320 6.695000e-01 1.804000e-03 3.286960e-01
321 6.692160e-01 1.788000e-03 3.289960e-01
322 6.688880e-01 1.844000e-03 3.292680e-01
323 6.685080e-01 1.872000e-03 3.296200e-01
324 6.681920e-01 1.892000e-03 3.299160e-01
325 6.679120e-01 1.852000e-03 3.302360e-01
326 6.676800e-01 1.776000e-03 3.305440e-01
327 6.674360e-01 1.684000e-03 3.308800e-01
328 6.672560e-01 1.620000e-03 3.311240e-01
329 6.670560e-01 1.528000e-03 3.314160e-01
330 6.668040e-01 1.516000e-03 3.316800e-01
331 6.666040e-01 1.388000e-03 3.320080e-01
332 6.663600e-01 1.404000e-03 3.322360e-01
333 6.661360e-01 1.316000e-03 3.325480e-01
334 6.658600e-01 1.348000e-03 3.327920e-01
335 6.656440e-01 1.300000e-03 3.330560e-01
336 6.653800e-01 1.344000e-03 3.332760e-01
337 6.651600e-01 1.372000e-03 3.334680e-01
338 6.649880e-01 1.284000e-03 3.337280e-01
339 6.648400e-01 1.176000e-03 3.339840e-01
340 6.646640e-01 1.160000e-03 3.341760e-01
341 6.645160e-01 1.112000e-03 3.343720e-01
342 6.643000e-01 1.124000e-03 3.345760e-01
343 6.641400e-01 1.044000e-03 3.348160e-01
344 6.639240e-01 1.088000e-03 3.349880e-01
345 6.636600e-01 1.196000e-03 3.351440e-01
346 6.634160e-01 1.232000e-03 3.353520e-01
347 6.632600e-01 1.180000e-03 3.355600e-01
348 6.630480e-01 1.180000e-03 3.357720e-01
349 6.628480e-01 1.200000e-03 3.359520e-01
350 6.626400e-01 1.192000e-03 3.361680e-01
351 6.624200e-01 1.200000e-03 3.363800e-01
352 6.622320e-01 1.164000e-03 3.366040e-01
353 6.620360e-01 1.144000e-03 3.368200e-01
354 6.618520e-01 1.120000e-03 3.370280e-01
355 6.616560e-01 1.124000e-03 3.372200e-01
356 6.614480e-01 1.160000e-03 3.373920e-01
357 6.612520e-01 1.164000e-03 3.375840e-01
358 6.610240e-01 1.180000e-03 3.377960e-01
359 6.608000e-01 1.220000e-03 3.379800e-01
360 6.606160e-01 1.228000e-03 3.381560e-01
361 6.603640e-01 1.288000e-03 3.383480e-01
362 6.601280e-01 1.292000e-03 3.385800e-01
363 6.599440e-01 1.244000e-03 3.388120e-01
364 6.596760e-01 1.332000e-03 3.389920e-01
365 6.594400e-01 1.344000e-03 3.392160e-01
366 6.591640e-01 1.396000e-03 3.394400e-01
367 6.588800e-01 1.428000e-03 3.396920e-01
368 6.585600e-01 1.444000e-03 3.399960e-01
369 6.583720e-01 1.372000e-03 3.402560e-01
370 6.581480e-01 1.368000e-03 3.404840e-01
371 6.578720e-01 1.404000e-03 3.407240e-01
372 6.576400e-01 1.388000e-03 3.409720e-01
373 6.573880e-01 1.424000e-03 3.411880e-01
374 6.571360e-01 1.452000e-03 3.414120e-01
375 6.569120e-01 1.388000e-03 3.417000e-01
376 6.566960e-01 1.364000e-03 3.419400e-01
377 6.564880e-01 1.340000e-03 3.421720e-01
378 6.562720e-01 1.344000e-03 3.423840e-01
379 6.560800e-01 1.268000e-03 3.426520e-01
380 6.559280e-01 1.228000e-03 3.428440e-01
381 6.557200e-01 1.224000e-03 3.430560e-01
382 6.555720e-01 1.160000e-03 3.432680e-01
383 6.554080e-01 1.104000e-03 3.434880e-01
384 6.552480e-01 1.052000e-03 3.437000e-01
385 6.550480e-01 1.068000e-03 3.438840e-01
386 6.548240e-01 1.164000e-03 3.440120e-01
387 6.546720e-01 1.144000e-03 3.441840e-01
388 6.544080e-01 1.216000e-03 3.443760e-01
389 6.541520e-01 1.244000e-03 3.446040e-01
390 6.539240e-01 1.244000e-03 3.448320e-01
391 6.537080e-01 1.220000e-03 3.450720e-01
392 6.535400e-01 1.192000e-03 3.452680e-01
393 6.533800e-01 1.152000e-03 3.454680e-01
394 6.532000e-01 1.148000e-03 3.456520e-01
395 6.530000e-01 1.208000e-03 3.457920e-01
396 6.527680e-01 1.268000e-03 3.459640e-01
397 6.525960e-01 1.224000e-03 3.461800e-01
398 6.524040e-01 1.220000e-03 3.463760e-01
399 6.522320e-01 1.192000e-03 3.465760e-01
400 6.520840e-01 1.168000e-03 3.467480e-01
401 6.519240e-01 1.108000e-03 3.469680e-01
402 6.517000e-01 1.164000e-03 3.471360e-01
403 6.515040e-01 1.156000e-03 3.473400e-01
404 6.513000e-01 1.172000e-03 3.475280e-01
405 6.511040e-01 1.160000e-03 3.477360e-01
406 6.509400e-01 1.140000e-03 3.479200e-01
407 6.506800e-01 1.192000e-03 3.481280e-01
408 6.504320e-01 1.244000e-03 3.483240e-01
409 6.501240e-01 1.336000e-03 3.485400e-01
410 6.498600e-01 1.368000e-03 3.487720e-01
411 6.496360e-01 1.400000e-03 3.489640e-01
412 6.494240e-01 1.400000e-03 3.491760e-01
413 6.492320e-01 1.360000e-03 3.494080e-01
414 6.490600e-01 1.332000e-03 3.496080e-01
415 6.488040e-01 1.384000e-03 3.498120e-01
416 6.485920e-01 1.328000e-03 3.500800e-01
417 6.483960e-01 1.248000e-03 3.503560e-01
418 6.482280e-01 1.232000e-03 3.505400e-01
419 6.480880e-01 1.128000e-03 3.507840e-01
420 6.479440e-01 1.036000e-03 3.510200e-01
421 6.478040e-01 9.440000e-04 3.512520e-01
422 6.476960e-01 8.600000e-04 3.514440e-01
423 6.476480e-01 7.520000e-04 3.516000e-01
424 6.475280e-01 7.520000e-04 3.517200e-01
425 6.474480e-01 7.240000e-04 3.518280e-01
426 6.473120e-01 7.560000e-04 3.519320e-01
427 6.471960e-01 7.880000e-04 3.520160e-01
428 6.470600e-01 7.480000e-04 3.521920e-01
429 6.469440e-01 7.280000e-04 3.523280e-01
430 6.468160e-01 7.200000e-04 3.524640e-01
431 6.466800e-01 7.120000e-04 3.526080e-01
432 6.465360e-01 7.560000e-04 3.527080e-01
433 6.463720e-01 7.800000e-04 3.528480e-01
434 6.462400e-01 7.800000e-04 3.529800e-01
435 6.460920e-01 7.960000e-04 3.531120e-01
436 6.459920e-01 7.320000e-04 3.532760e-01
437 6.458560e-01 7.160000e-04 3.534280e-01
438 6.457120e-01 7.360000e-04 3.535520e-01
439 6.456080e-01 7.400000e-04 3.536520e-01
440 6.454800e-01 6.880000e-04 3.538320e-01
441 6.453560e-01 6.600000e-04 3.539840e-01
442 6.452000e-01 7.080000e-04 3.540920e-01
443 6.450560e-01 7.360000e-04 3.542080e-01
444 6.449440e-01 7.560000e-04 3.543000e-01
445 6.448080e-01 7.360000e-04 3.544560e-01
446 6.446280e-01 8.160000e-04 3.545560e-01
447 6.444680e-01 8.680000e-04 3.546640e-01
448 6.442840e-01 9.200000e-04 3.547960e-01
449 6.440480e-01 1.028000e-03 3.549240e-01
450 6.438440e-01 1.064000e-03 3.550920e-01
451 6.436920e-01 1.080000e-03 3.552280e-01
452 6.434680e-01 1.076000e-03 3.554560e-01
453 6.432520e-01 1.132000e-03 3.556160e-01
454 6.429800e-01 1.192000e-03 3.558280e-01
455 6.428280e-01 1.156000e-03 3.560160e-01
456 6.426600e-01 1.144000e-03 3.561960e-01
457 6.424600e-01 1.144000e-03 3.563960e-01
458 6.422760e-01 1.160000e-03 3.565640e-01
459 6.421240e-01 1.152000e-03 3.567240e-01
460 6.419920e-01 1.104000e-03 3.569040e-01
461 6.417880e-01 1.132000e-03 3.570800e-01
462 6.416600e-01 1.092000e-03 3.572480e-01
463 6.414920e-01 1.040000e-03 3.574680e-01
464 6.413520e-01 9.480000e-04 3.577000e-01
465 6.412240e-01 9.400000e-04 3.578360e-01
466 6.410640e-01 9.280000e-04 3.580080e-01
467 6.408760e-01 9.840000e-04 3.581400e-01
468 6.406920e-01 1.004000e-03 3.583040e-01
469 6.405200e-01 9.800000e-04 3.585000e-01
470 6.403240e-01 9.680000e-04 3.587080e-01
471 6.401920e-01 9.120000e-04 3.588960e-01
472 6.400520e-01 8.880000e-04 3.590600e-01
473 6.398680e-01 9.120000e-04 3.592200e-01
474 6.397080e-01 9.120000e-04 3.593800e-01
475 6.395600e-01 9.120000e-04 3.595280e-01
476 6.393960e-01 9.360000e-04 3.596680e-01
477 6.392200e-01 9.600000e-04 3.598200e-01
478 6.390000e-01 1.032000e-03 3.599680e-01
479 6.388360e-01 1.004000e-03 3.601600e-01
480 6.386800e-01 9.920000e-04 3.603280e-01
481 6.385560e-01 9.960000e-04 3.604480e-01
482 6.383840e-01 1.020000e-03 3.605960e-01
483 6.381600e-01 1.068000e-03 3.607720e-01
484 6.379080e-01 1.152000e-03 3.609400e-01
485 6.377240e-01 1.112000e-03 3.611640e-01
486 6.375840e-01 1.028000e-03 3.613880e-01
487 6.374520e-01 9.840000e-04 3.615640e-01
488 6.373280e-01 9.480000e-04 3.617240e-01
489 6.371520e-01 9.440000e-04 3.619040e-01
490 6.369840e-01 9.760000e-04 3.620400e-01
491 6.368440e-01 9.200000e-04 3.622360e-01
492 6.367600e-01 8.600000e-04 3.623800e-01
493 6.366520e-01 8.120000e-04 3.625360e-01
494 6.365560e-01 7.760000e-04 3.626680e-01
495 6.364560e-01 7.280000e-04 3.628160e-01
496 6.363360e-01 7.160000e-04 3.629480e-01
497 6.362640e-01 6.840000e-04 3.630520e-01
498 6.361280e-01 7.000000e-04 3.631720e-01
499 6.360520e-01 6.640000e-04 3.632840e-01
500 6.359720e-01 6.280000e-04 3.634000e-01
