1 9.992280e-01 6.480000e-04 1.240000e-04
2 9.987840e-01 9.480000e-04 2.680000e-04
3 9.981120e-01 1.404000e-03 4.840000e-04
4 9.974120e-01 1.844000e-03 7.440000e-04
5 9.966360e-01 2.292000e-03 1.072000e-03
6 9.958760e-01 2.608000e-03 1.516000e-03
7 9.951160e-01 2.864000e-03 2.020000e-03
8 9.943360e-01 3.124000e-03 2.540000e-03
9 9.934000e-01 3.492000e-03 3.108000e-03
10 9.925400e-01 3.752000e-03 3.708000e-03
11 9.915280e-01 4.020000e-03 4.452000e-03
12 9.906720e-01 4.120000e-03 5.208000e-03
13 9.896720e-01 4.388000e-03 5.940000e-03
14 9.887200e-01 4.484000e-03 6.796000e-03
15 9.877560e-01 4.612000e-03 7.632000e-03
16 9.866480e-01 4.840000e-03 8.512000e-03
17 9.855920e-01 5.092000e-03 9.316000e-03
18 9.844280e-01 5.376000e-03 1.019600e-02
19 9.833680e-01 5.516000e-03 1.111600e-02
20 9.821680e-01 5.664000e-03 1.216800e-02
21 9.809280e-01 5.884000e-03 1.318800e-02
22 9.796440e-01 6.120000e-03 1.423600e-02
23 9.785480e-01 6.160000e-03 1.529200e-02
24 9.773880e-01 6.116000e-03 1.649600e-02
25 9.762920e-01 6.068000e-03 1.764000e-02
26 9.750800e-01 6.184000e-03 1.873600e-02
27 9.739200e-01 6.240000e-03 1.984000e-02
28 9.728280e-01 6.168000e-03 2.100400e-02
29 9.717360e-01 6.268000e-03 2.199600e-02
30 9.704600e-01 6.432000e-03 2.310800e-02
31 9.692280e-01 6.584000e-03 2.418800e-02
32 9.678880e-01 6.788000e-03 2.532400e-02
33 9.665760e-01 6.876000e-03 2.654800e-02
34 9.652960e-01 7.024000e-03 2.768000e-02
35 9.639920e-01 7.120000e-03 2.888800e-02
36 9.625320e-01 7.320000e-03 3.014800e-02
37 9.609720e-01 7.652000e-03 3.137600e-02
38 9.595840e-01 7.688000e-03 3.272800e-02
39 9.581160e-01 7.784000e-03 3.410000e-02
40 9.567880e-01 7.748000e-03 3.546400e-02
41 9.555400e-01 7.596000e-03 3.686400e-02
42 9.542880e-01 7.496000e-03 3.821600e-02
43 9.530120e-01 7.412000e-03 3.957600e-02
44 9.517480e-01 7.396000e-03 4.085600e-02
45 9.503200e-01 7.544000e-03 4.213600e-02
46 9.490160e-01 7.464000e-03 4.352000e-02
47 9.477800e-01 7.420000e-03 4.480000e-02
48 9.464640e-01 7.488000e-03 4.604800e-02
49 9.452280e-01 7.388000e-03 4.738400e-02
50 9.440480e-01 7.316000e-03 4.863600e-02
51 9.425960e-01 7.540000e-03 4.986400e-02
52 9.411400e-01 7.672000e-03 5.118800e-02
53 9.399480e-01 7.524000e-03 5.252800e-02
54 9.386160e-01 7.604000e-03 5.378000e-02
55 9.371400e-01 7.784000e-03 5.507600e-02
56 9.358440e-01 7.780000e-03 5.637600e-02
57 9.344640e-01 7.832000e-03 5.770400e-02
58 9.330160e-01 7.924000e-03 5.906000e-02
59 9.316040e-01 7.888000e-03 6.050800e-02
60 9.301720e-01 7.988000e-03 6.184000e-02
61 9.288120e-01 7.980000e-03 6.320800e-02
62 9.273640e-01 8.100000e-03 6.453600e-02
63 9.259400e-01 8.212000e-03 6.584800e-02
64 9.245000e-01 8.304000e-03 6.719600e-02
65 9.233160e-01 8.128000e-03 6.855600e-02
66 9.220560e-01 7.976000e-03 6.996800e-02
67 9.206880e-01 8.012000e-03 7.130000e-02
68 9.193600e-01 7.940000e-03 7.270000e-02
69 9.180120e-01 7.924000e-03 7.406400e-02
70 9.165560e-01 7.964000e-03 7.548000e-02
71 9.152960e-01 7.856000e-03 7.684800e-02
72 9.141320e-01 7.724000e-03 7.814400e-02
73 9.129000e-01 7.688000e-03 7.941200e-02
74 9.114960e-01 7.728000e-03 8.077600e-02
75 9.102480e-01 7.740000e-03 8.201200e-02
76 9.088160e-01 7.724000e-03 8.346000e-02
77 9.076680e-01 7.524000e-03 8.480800e-02
78 9.065280e-01 7.292000e-03 8.618000e-02
79 9.052840e-01 7.260000e-03 8.745600e-02
80 9.042200e-01 6.952000e-03 8.882800e-02
81 9.030880e-01 6.868000e-03 9.004400e-02
82 9.019320e-01 6.868000e-03 9.120000e-02
83 9.006240e-01 7.032000e-03 9.234400e-02
84 8.992960e-01 7.076000e-03 9.362800e-02
85 8.982360e-01 6.856000e-03 9.490800e-02
86 8.971200e-01 6.904000e-03 9.597600e-02
87 8.960040e-01 6.836000e-03 9.716000e-02
88 8.947760e-01 6.836000e-03 9.838800e-02
89 8.936280e-01 6.912000e-03 9.946000e-02
90 8.924400e-01 6.908000e-03 1.006520e-01
91 8.912760e-01 6.892000e-03 1.018320e-01
92 8.900440e-01 6.904000e-03 1.030520e-01
93 8.888640e-01 6.972000e-03 1.041640e-01
94 8.875160e-01 7.072000e-03 1.054120e-01
95 8.861920e-01 7.164000e-03 1.066440e-01
96 8.850040e-01 7.080000e-03 1.079160e-01
97 8.838520e-01 6.972000e-03 1.091760e-01
98 8.825200e-01 7.084000e-03 1.103960e-01
99 8.814040e-01 6.960000e-03 1.116360e-01
100 8.801760e-01 6.908000e-03 1.129160e-01
101 8.789280e-01 7.000000e-03 1.140720e-01
102 8.777440e-01 6.984000e-03 1.152720e-01
103 8.765240e-01 6.936000e-03 1.165400e-01
104 8.753880e-01 6.880000e-03 1.177320e-01
105 8.741520e-01 7.004000e-03 1.188440e-01
106 8.729000e-01 7.128000e-03 1.199720e-01
107 8.717200e-01 7.092000e-03 1.211880e-01
108 8.705000e-01 7.100000e-03 1.224000e-01
109 8.692360e-01 7.124000e-03 1.236400e-01
110 8.680440e-01 7.100000e-03 1.248560e-01
111 8.668280e-01 7.084000e-03 1.260880e-01
112 8.656880e-01 6.960000e-03 1.273520e-01
113 8.646680e-01 6.812000e-03 1.285200e-01
114 8.635080e-01 6.772000e-03 1.297200e-01
115 8.623320e-01 6.692000e-03 1.309760e-01
116 8.610920e-01 6.720000e-03 1.321880e-01
117 8.599400e-01 6.716000e-03 1.333440e-01
118 8.587360e-01 6.732000e-03 1.345320e-01
119 8.576640e-01 6.712000e-03 1.356240e-01
120 8.564960e-01 6.664000e-03 1.368400e-01
121 8.553160e-01 6.760000e-03 1.379240e-01
122 8.541760e-01 6.776000e-03 1.390480e-01
123 8.529800e-01 6.728000e-03 1.402920e-01
124 8.518960e-01 6.684000e-03 1.414200e-01
125 8.507360e-01 6.712000e-03 1.425520e-01
126 8.496040e-01 6.648000e-03 1.437480e-01
127 8.485520e-01 6.576000e-03 1.448720e-01
128 8.474800e-01 6.472000e-03 1.460480e-01
129 8.465280e-01 6.300000e-03 1.471720e-01
130 8.455200e-01 6.180000e-03 1.483000e-01
131 8.445560e-01 6.128000e-03 1.493160e-01
132 8.434920e-01 6.052000e-03 1.504560e-01
133 8.424440e-01 6.044000e-03 1.515120e-01
134 8.414000e-01 6.064000e-03 1.525360e-01
135 8.403720e-01 5.880000e-03 1.537480e-01
136 8.394160e-01 5.860000e-03 1.547240e-01
137 8.383920e-01 6.024000e-03 1.555840e-01
138 8.374120e-01 5.940000e-03 1.566480e-01
139 8.364080e-01 5.776000e-03 1.578160e-01
140 8.354760e-01 5.692000e-03 1.588320e-01
141 8.345680e-01 5.492000e-03 1.599400e-01
142 8.336120e-01 5.488000e-03 1.609000e-01
143 8.326560e-01 5.560000e-03 1.617840e-01
144 8.316520e-01 5.512000e-03 1.628360e-01
145 8.306480e-01 5.552000e-03 1.638000e-01
146 8.296120e-01 5.508000e-03 1.648800e-01
147 8.286360e-01 5.504000e-03 1.658600e-01
148 8.276200e-01 5.536000e-03 1.668440e-01
149 8.265840e-01 5.620000e-03 1.677960e-01
150 8.256400e-01 5.636000e-03 1.687240e-01
151 8.245960e-01 5.676000e-03 1.697280e-01
152 8.236160e-01 5.672000e-03 1.707120e-01
153 8.225440e-01 5.804000e-03 1.716520e-01
154 8.216080e-01 5.744000e-03 1.726480e-01
155 8.206640e-01 5.696000e-03 1.736400e-01
156 8.197880e-01 5.596000e-03 1.746160e-01
157 8.187640e-01 5.748000e-03 1.754880e-01
158 8.176920e-01 5.924000e-03 1.763840e-01
159 8.166640e-01 6.024000e-03 1.773120e-01
160 8.156480e-01 6.008000e-03 1.783440e-01
161 8.147120e-01 5.880000e-03 1.794080e-01
162 8.138320e-01 5.800000e-03 1.803680e-01
163 8.129440e-01 5.768000e-03 1.812880e-01
164 8.119840e-01 5.792000e-03 1.822240e-01
165 8.111040e-01 5.712000e-03 1.831840e-01
166 8.101160e-01 5.732000e-03 1.841520e-01
167 8.092880e-01 5.604000e-03 1.851080e-01
168 8.084120e-01 5.544000e-03 1.860440e-01
169 8.075360e-01 5.396000e-03 1.870680e-01
170 8.066920e-01 5.280000e-03 1.880280e-01
171 8.058120e-01 5.184000e-03 1.890040e-01
172 8.048120e-01 5.340000e-03 1.898480e-01
173 8.039000e-01 5.300000e-03 1.908000e-01
174 8.030400e-01 5.192000e-03 1.917680e-01
175 8.021400e-01 5.092000e-03 1.927680e-01
176 8.013840e-01 5.004000e-03 1.936120e-01
177 8.005000e-01 5.024000e-03 1.944760e-01
178 7.996880e-01 4.996000e-03 1.953160e-01
179 7.987760e-01 4.992000e-03 1.962320e-01
180 7.979920e-01 4.888000e-03 1.971200e-01
181 7.972840e-01 4.772000e-03 1.979440e-01
182 7.964880e-01 4.760000e-03 1.987520e-01
183 7.957600e-01 4.620000e-03 1.996200e-01
184 7.949040e-01 4.636000e-03 2.004600e-01
185 7.942120e-01 4.536000e-03 2.012520e-01
186 7.934480e-01 4.584000e-03 2.019680e-01
187 7.926560e-01 4.536000e-03 2.028080e-01
188 7.918880e-01 4.480000e-03 2.036320e-01
189 7.911880e-01 4.284000e-03 2.045280e-01
190 7.905120e-01 4.196000e-03 2.052920e-01
191 7.898320e-01 4.080000e-03 2.060880e-01
192 7.892040e-01 3.920000e-03 2.068760e-01
193 7.885960e-01 3.852000e-03 2.075520e-01
194 7.880600e-01 3.744000e-03 2.081960e-01
195 7.874640e-01 3.784000e-03 2.087520e-01
196 7.869000e-01 3.696000e-03 2.094040e-01
197 7.864520e-01 3.532000e-03 2.100160e-01
198 7.859080e-01 3.452000e-03 2.106400e-01
199 7.853720e-01 3.336000e-03 2.112920e-01
200 7.847480e-01 3.392000e-03 2.118600e-01
201 7.841200e-01 3.420000e-03 2.124600e-01
202 7.835200e-01 3.468000e-03 2.130120e-01
203 7.829680e-01 3.432000e-03 2.136000e-01
204 7.823200e-01 3.568000e-03 2.141120e-01
205 7.816880e-01 3.636000e-03 2.146760e-01
206 7.810280e-01 3.600000e-03 2.153720e-01
207 7.802960e-01 3.704000e-03 2.160000e-01
208 7.795920e-01 3.712000e-03 2.166960e-01
209 7.790040e-01 3.704000e-03 2.172920e-01
210 7.783280e-01 3.820000e-03 2.178520e-01
211 7.777360e-01 3.816000e-03 2.184480e-01
212 7.770680e-01 3.780000e-03 2.191520e-01
213 7.764680e-01 3.704000e-03 2.198280e-01
214 7.757560e-01 3.688000e-03 2.205560e-01
215 7.750720e-01 3.684000e-03 2.212440e-01
216 7.745200e-01 3.648000e-03 2.218320e-01
217 7.738440e-01 3.620000e-03 2.225360e-01
218 7.732600e-01 3.588000e-03 2.231520e-01
219 7.726560e-01 3.556000e-03 2.237880e-01
220 7.720440e-01 3.544000e-03 2.244120e-01
221 7.715360e-01 3.420000e-03 2.250440e-01
222 7.709600e-01 3.440000e-03 2.256000e-01
223 7.703880e-01 3.376000e-03 2.262360e-01
224 7.698200e-01 3.288000e-03 2.268920e-01
225 7.693200e-01 3.176000e-03 2.275040e-01
226 7.687240e-01 3.264000e-03 2.280120e-01
227 7.681800e-01 3.260000e-03 2.285600e-01
228 7.676320e-01 3.228000e-03 2.291400e-01
229 7.670040e-01 3.304000e-03 2.296920e-01
230 7.664200e-01 3.240000e-03 2.303400e-01
231 7.657840e-01 3.296000e-03 2.309200e-01
232 7.651720e-01 3.360000e-03 2.314680e-01
233 7.644160e-01 3.520000e-03 2.320640e-01
234 7.638120e-01 3.552000e-03 2.326360e-01
235 7.630600e-01 3.724000e-03 2.332160e-01
236 7.625120e-01 3.644000e-03 2.338440e-01
237 7.619200e-01 3.564000e-03 2.345160e-01
238 7.614040e-01 3.516000e-03 2.350800e-01
239 7.607480e-01 3.680000e-03 2.355720e-01
240 7.601080e-01 3.692000e-03 2.362000e-01
241 7.595680e-01 3.588000e-03 2.368440e-01
242 7.590800e-01 3.444000e-03 2.374760e-01
243 7.585880e-01 3.240000e-03 2.381720e-01
244 7.580800e-01 3.268000e-03 2.386520e-01
245 7.577400e-01 3.092000e-03 2.391680e-01
246 7.572760e-01 2.948000e-03 2.397760e-01
247 7.567760e-01 2.900000e-03 2.403240e-01
248 7.563360e-01 2.916000e-03 2.407480e-01
249 7.558320e-01 3.044000e-03 2.411240e-01
250 7.553760e-01 2.964000e-03 2.416600e-01
251 7.549040e-01 2.984000e-03 2.421120e-01
252 7.544400e-01 2.860000e-03 2.427000e-01
253 7.539920e-01 2.708000e-03 2.433000e-01
254 7.535640e-01 2.708000e-03 2.437280e-01
255 7.530400e-01 2.808000e-03 2.441520e-01
256 7.524920e-01 2.896000e-03 2.446120e-01
257 7.520400e-01 2.772000e-03 2.451880e-01
258 7.516320e-01 2.676000e-03 2.456920e-01
259 7.511800e-01 2.612000e-03 2.462080e-01
260 7.507600e-01 2.612000e-03 2.466280e-01
261 7.503160e-01 2.624000e-03 2.470600e-01
262 7.499400e-01 2.584000e-03 2.474760e-01
263 7.496280e-01 2.484000e-03 2.478880e-01
264 7.492360e-01 2.412000e-03 2.483520e-01
265 7.488640e-01 2.388000e-03 2.487480e-01
266 7.483520e-01 2.536000e-03 2.491120e-01
267 7.478240e-01 2.628000e-03 2.495480e-01
268 7.473280e-01 2.696000e-03 2.499760e-01
269 7.468080e-01 2.732000e-03 2.504600e-01
270 7.463360e-01 2.724000e-03 2.509400e-01
271 7.458400e-01 2.744000e-03 2.514160e-01
272 7.454720e-01 2.596000e-03 2.519320e-01
273 7.450280e-01 2.576000e-03 2.523960e-01
274 7.445680e-01 2.628000e-03 2.528040e-01
275 7.441440e-01 2.600000e-03 2.532560e-01
276 7.437600e-01 2.480000e-03 2.537600e-01
277 7.433760e-01 2.440000e-03 2.541840e-01
278 7.430640e-01 2.272000e-03 2.546640e-01
279 7.427200e-01 2.224000e-03 2.550560e-01
280 7.424280e-01 2.228000e-03 2.553440e-01
281 7.421440e-01 2.172000e-03 2.556840e-01
282 7.418080e-01 2.116000e-03 2.560760e-01
283 7.415400e-01 2.020000e-03 2.564400e-01
284 7.412600e-01 1.988000e-03 2.567520e-01
285 7.409600e-01 1.924000e-03 2.571160e-01
286 7.406360e-01 1.880000e-03 2.574840e-01
287 7.402600e-01 1.932000e-03 2.578080e-01
288 7.399280e-01 1.868000e-03 2.582040e-01
289 7.396240e-01 1.848000e-03 2.585280e-01
290 7.393360e-01 1.796000e-03 2.588680e-01
291 7.390600e-01 1.744000e-03 2.591960e-01
292 7.388160e-01 1.724000e-03 2.594600e-01
293 7.384560e-01 1.720000e-03 2.598240e-01
294 7.380720e-01 1.844000e-03 2.600840e-01
295 7.376640e-01 1.956000e-03 2.603800e-01
296 7.373400e-01 1.956000e-03 2.607040e-01
297 7.369400e-01 2.040000e-03 2.610200e-01
298 7.365760e-01 2.080000e-03 2.613440e-01
299 7.362080e-01 2.112000e-03 2.616800e-01
300 7.358360e-01 2.184000e-03 2.619800e-01
301 7.354760e-01 2.184000e-03 2.623400e-01
302 7.351400e-01 2.108000e-03 2.627520e-01
303 7.347200e-01 2.204000e-03 2.630760e-01
304 7.343560e-01 2.164000e-03 2.634800e-01
305 7.339720e-01 2.176000e-03 2.638520e-01
306 7.335640e-01 2.196000e-03 2.642400e-01
307 7.332440e-01 2.172000e-03 2.645840e-01
308 7.328760e-01 2.208000e-03 2.649160e-01
309 7.325680e-01 2.152000e-03 2.652800e-01
310 7.321840e-01 2.072000e-03 2.657440e-01
311 7.318480e-01 2.048000e-03 2.661040e-01
312 7.315280e-01 2.008000e-03 2.664640e-01
313 7.311960e-01 1.976000e-03 2.668280e-01
314 7.308320e-01 1.972000e-03 2.671960e-01
315 7.304240e-01 1.984000e-03 2.675920e-01
316 7.301120e-01 1.916000e-03 2.679720e-01
317 7.297600e-01 1.976000e-03 2.682640e-01
318 7.294240e-01 1.964000e-03 2.686120e-01
319 7.290640e-01 1.960000e-03 2.689760e-01
320 7.287320e-01 1.964000e-03 2.693040e-01
321 7.283960e-01 1.964000e-03 2.696400e-01
322 7.280400e-01 1.956000e-03 2.700040e-01
323 7.276760e-01 2.000000e-03 2.703240e-01
324 7.273080e-01 2.028000e-03 2.706640e-01
325 7.270040e-01 1.952000e-03 2.710440e-01
326 7.266240e-01 1.972000e-03 2.714040e-01
327 7.263280e-01 1.952000e-03 2.717200e-01
328 7.260680e-01 1.804000e-03 2.721280e-01
329 7.257560e-01 1.836000e-03 2.724080e-01
330 7.254760e-01 1.808000e-03 2.727160e-01
331 7.251680e-01 1.860000e-03 2.729720e-01
332 7.248200e-01 1.916000e-03 2.732640e-01
333 7.244760e-01 1.912000e-03 2.736120e-01
334 7.241520e-01 1.932000e-03 2.739160e-01
335 7.238240e-01 1.948000e-03 2.742280e-01
336 7.234640e-01 1.940000e-03 2.745960e-01
337 7.231600e-01 1.900000e-03 2.749400e-01
338 7.228640e-01 1.872000e-03 2.752640e-01
339 7.225600e-01 1.844000e-03 2.755960e-01
340 7.222960e-01 1.796000e-03 2.759080e-01
341 7.219680e-01 1.808000e-03 2.762240e-01
342 7.216080e-01 1.836000e-03 2.765560e-01
343 7.212760e-01 1.888000e-03 2.768360e-01
344 7.209200e-01 1.936000e-03 2.771440e-01
345 7.205880e-01 1.968000e-03 2.774440e-01
346 7.202680e-01 1.972000e-03 2.777600e-01
347 7.199280e-01 1.968000e-03 2.781040e-01
348 7.196440e-01 1.896000e-03 2.784600e-01
349 7.193120e-01 1.880000e-03 2.788080e-01
350 7.190400e-01 1.812000e-03 2.791480e-01
351 7.188040e-01 1.772000e-03 2.794240e-01
352 7.185200e-01 1.784000e-03 2.796960e-01
353 7.182720e-01 1.744000e-03 2.799840e-01
354 7.179640e-01 1.768000e-03 2.802680e-01
355 7.176160e-01 1.804000e-03 2.805800e-01
356 7.172760e-01 1.836000e-03 2.808880e-01
357 7.170560e-01 1.712000e-03 2.812320e-01
358 7.167840e-01 1.696000e-03 2.815200e-01
359 7.165280e-01 1.608000e-03 2.818640e-01
360 7.161880e-01 1.684000e-03 2.821280e-01
361 7.159520e-01 1.620000e-03 2.824280e-01
362 7.156720e-01 1.608000e-03 2.827200e-01
363 7.153600e-01 1.608000e-03 2.830320e-01
364 7.150720e-01 1.608000e-03 2.833200e-01
365 7.147480e-01 1.664000e-03 2.835880e-01
366 7.144720e-01 1.564000e-03 2.839640e-01
367 7.141360e-01 1.636000e-03 2.842280e-01
368 7.138320e-01 1.632000e-03 2.845360e-01
369 7.135160e-01 1.672000e-03 2.848120e-01
370 7.132200e-01 1.656000e-03 2.851240e-01
371 7.129600e-01 1.632000e-03 2.854080e-01
372 7.126800e-01 1.660000e-03 2.856600e-01
373 7.123880e-01 1.644000e-03 2.859680e-01
374 7.120560e-01 1.728000e-03 2.862160e-01
375 7.117240e-01 1.788000e-03 2.864880e-01
376 7.113800e-01 1.780000e-03 2.868400e-01
377 7.110320e-01 1.788000e-03 2.871800e-01
378 7.107360e-01 1.712000e-03 2.875520e-01
379 7.104080e-01 1.748000e-03 2.878440e-01
380 7.100280e-01 1.852000e-03 2.881200e-01
381 7.096400e-01 1.876000e-03 2.884840e-01
382 7.092600e-01 1.884000e-03 2.888560e-01
383 7.088920e-01 1.852000e-03 2.892560e-01
384 7.085600e-01 1.848000e-03 2.895920e-01
385 7.082440e-01 1.836000e-03 2.899200e-01
386 7.079400e-01 1.752000e-03 2.903080e-01
387 7.076040e-01 1.792000e-03 2.906040e-01
388 7.073440e-01 1.748000e-03 2.909080e-01
389 7.070480e-01 1.768000e-03 2.911840e-01
390 7.067480e-01 1.760000e-03 2.914920e-01
391 7.064440e-01 1.780000e-03 2.917760e-01
392 7.061920e-01 1.788000e-03 2.920200e-01
393 7.059080e-01 1.792000e-03 2.923000e-01
394 7.056440e-01 1.796000e-03 2.925600e-01
395 7.054560e-01 1.664000e-03 2.928800e-01
396 7.052560e-01 1.556000e-03 2.931880e-01
397 7.050800e-01 1.436000e-03 2.934840e-01
398 7.049000e-01 1.380000e-03 2.937200e-01
399 7.046920e-01 1.340000e-03 2.939680e-01
400 7.044880e-01 1.232000e-03 2.942800e-01
401 7.043280e-01 1.192000e-03 2.944800e-01
402 7.041400e-01 1.192000e-03 2.946680e-01
403 7.039200e-01 1.224000e-03 2.948560e-01
404 7.037360e-01 1.196000e-03 2.950680e-01
405 7.035480e-01 1.188000e-03 2.952640e-01
406 7.033680e-01 1.160000e-03 2.954720e-01
407 7.031840e-01 1.168000e-03 2.956480e-01
408 7.030280e-01 1.100000e-03 2.958720e-01
409 7.027440e-01 1.140000e-03 2.961160e-01
410 7.025600e-01 1.120000e-03 2.963200e-01
411 7.024080e-01 1.080000e-03 2.965120e-01
412 7.022040e-01 1.116000e-03 2.966800e-01
413 7.019920e-01 1.152000e-03 2.968560e-01
414 7.017680e-01 1.164000e-03 2.970680e-01
415 7.015280e-01 1.196000e-03 2.972760e-01
416 7.013320e-01 1.168000e-03 2.975000e-01
417 7.011680e-01 1.100000e-03 2.977320e-01
418 7.010520e-01 1.056000e-03 2.978920e-01
419 7.008800e-01 1.020000e-03 2.981000e-01
420 7.007440e-01 9.840000e-04 2.982720e-01
421 7.005960e-01 9.760000e-04 2.984280e-01
422 7.004000e-01 1.040000e-03 2.985600e-01
423 7.001640e-01 1.048000e-03 2.987880e-01
424 7.000280e-01 9.800000e-04 2.989920e-01
425 6.998640e-01 9.600000e-04 2.991760e-01
426 6.996720e-01 1.024000e-03 2.993040e-01
427 6.995320e-01 9.280000e-04 2.995400e-01
428 6.993520e-01 9.840000e-04 2.996640e-01
429 6.992080e-01 9.560000e-04 2.998360e-01
430 6.990840e-01 9.080000e-04 3.000080e-01
431 6.989040e-01 9.320000e-04 3.001640e-01
432 6.986840e-01 9.720000e-04 3.003440e-01
433 6.984280e-01 1.088000e-03 3.004840e-01
434 6.982000e-01 1.128000e-03 3.006720e-01
435 6.980520e-01 1.064000e-03 3.008840e-01
436 6.978560e-01 1.080000e-03 3.010640e-01
437 6.976120e-01 1.136000e-03 3.012520e-01
438 6.974320e-01 1.136000e-03 3.014320e-01
439 6.971680e-01 1.224000e-03 3.016080e-01
440 6.969600e-01 1.208000e-03 3.018320e-01
441 6.967600e-01 1.188000e-03 3.020520e-01
442 6.965600e-01 1.180000e-03 3.022600e-01
443 6.963440e-01 1.248000e-03 3.024080e-01
444 6.961200e-01 1.228000e-03 3.026520e-01
445 6.959080e-01 1.232000e-03 3.028600e-01
446 6.956440e-01 1.276000e-03 3.030800e-01
447 6.954200e-01 1.284000e-03 3.032960e-01
448 6.952280e-01 1.276000e-03 3.034960e-01
449 6.950640e-01 1.240000e-03 3.036960e-01
450 6.947960e-01 1.284000e-03 3.039200e-01
451 6.945280e-01 1.380000e-03 3.040920e-01
452 6.943520e-01 1.360000e-03 3.042880e-01
453 6.941320e-01 1.356000e-03 3.045120e-01
454 6.939280e-01 1.336000e-03 3.047360e-01
455 6.936400e-01 1.408000e-03 3.049520e-01
456 6.934280e-01 1.396000e-03 3.051760e-01
457 6.931200e-01 1.368000e-03 3.055120e-01
458 6.928720e-01 1.436000e-03 3.056920e-01
459 6.926400e-01 1.408000e-03 3.059520e-01
460 6.924000e-01 1.436000e-03 3.061640e-01
461 6.921000e-01 1.484000e-03 3.064160e-01
462 6.918480e-01 1.412000e-03 3.067400e-01
463 6.916600e-01 1.360000e-03 3.069800e-01
464 6.914560e-01 1.392000e-03 3.071520e-01
465 6.912000e-01 1.392000e-03 3.074080e-01
466 6.909520e-01 1.392000e-03 3.076560e-01
467 6.906920e-01 1.432000e-03 3.078760e-01
468 6.904400e-01 1.420000e-03 3.081400e-01
469 6.902040e-01 1.380000e-03 3.084160e-01
470 6.899560e-01 1.392000e-03 3.086520e-01
471 6.896680e-01 1.468000e-03 3.088640e-01
472 6.894720e-01 1.440000e-03 3.090880e-01
473 6.892520e-01 1.408000e-03 3.093400e-01
474 6.890400e-01 1.396000e-03 3.095640e-01
475 6.887640e-01 1.464000e-03 3.097720e-01
476 6.885720e-01 1.380000e-03 3.100480e-01
477 6.883800e-01 1.340000e-03 3.102800e-01
478 6.881800e-01 1.304000e-03 3.105160e-01
479 6.879520e-01 1.324000e-03 3.107240e-01
480 6.877600e-01 1.300000e-03 3.109400e-01
481 6.875400e-01 1.244000e-03 3.112160e-01
482 6.872800e-01 1.256000e-03 3.114640e-01
483 6.870640e-01 1.268000e-03 3.116680e-01
484 6.868000e-01 1.296000e-03 3.119040e-01
485 6.866480e-01 1.172000e-03 3.121800e-01
486 6.864600e-01 1.192000e-03 3.123480e-01
487 6.863040e-01 1.168000e-03 3.125280e-01
488 6.861040e-01 1.148000e-03 3.127480e-01
489 6.859480e-01 1.136000e-03 3.129160e-01
490 6.857960e-01 1.104000e-03 3.131000e-01
491 6.856280e-01 1.076000e-03 3.132960e-01
492 6.854120e-01 1.120000e-03 3.134680e-01
493 6.852240e-01 1.136000e-03 3.136400e-01
494 6.850760e-01 1.080000e-03 3.138440e-01
495 6.848760e-01 1.112000e-03 3.140120e-01
496 6.847240e-01 1.100000e-03 3.141760e-01
497 6.845400e-01 1.072000e-03 3.143880e-01
498 6.844160e-01 1.056000e-03 3.145280e-01
499 6.842400e-01 1.080000e-03 3.146800e-01
500 6.841200e-01 9.720000e-04 3.149080e-01
