1 9.992200e-01 7.000000e-04 8.000000e-05
2 9.985920e-01 1.164000e-03 2.440000e-04
3 9.978400e-01 1.668000e-03 4.920000e-04
4 9.970880e-01 2.068000e-03 8.440000e-04
5 9.962600e-01 2.496000e-03 1.244000e-03
6 9.954200e-01 2.836000e-03 1.744000e-03
7 9.944120e-01 3.284000e-03 2.304000e-03
8 9.935280e-01 3.496000e-03 2.976000e-03
9 9.926320e-01 3.736000e-03 3.632000e-03
10 9.916560e-01 4.060000e-03 4.284000e-03
11 9.905440e-01 4.368000e-03 5.088000e-03
12 9.893600e-01 4.692000e-03 5.948000e-03
13 9.882640e-01 4.952000e-03 6.784000e-03
14 9.869800e-01 5.284000e-03 7.736000e-03
15 9.860320e-01 5.248000e-03 8.720000e-03
16 9.848080e-01 5.608000e-03 9.584000e-03
17 9.836320e-01 5.672000e-03 1.069600e-02
18 9.824800e-01 5.832000e-03 1.168800e-02
19 9.813600e-01 5.868000e-03 1.277200e-02
20 9.801000e-01 6.060000e-03 1.384000e-02
21 9.788120e-01 6.280000e-03 1.490800e-02
22 9.774160e-01 6.576000e-03 1.600800e-02
23 9.762080e-01 6.608000e-03 1.718400e-02
24 9.748440e-01 6.804000e-03 1.835200e-02
25 9.734680e-01 7.004000e-03 1.952800e-02
26 9.719760e-01 7.216000e-03 2.080800e-02
27 9.703800e-01 7.536000e-03 2.208400e-02
28 9.687280e-01 7.892000e-03 2.338000e-02
29 9.672080e-01 7.980000e-03 2.481200e-02
30 9.655800e-01 8.232000e-03 2.618800e-02
31 9.640160e-01 8.244000e-03 2.774000e-02
32 9.622120e-01 8.672000e-03 2.911600e-02
33 9.605400e-01 8.700000e-03 3.076000e-02
34 9.588680e-01 8.892000e-03 3.224000e-02
35 9.572280e-01 8.984000e-03 3.378800e-02
36 9.556520e-01 8.908000e-03 3.544000e-02
37 9.540720e-01 8.984000e-03 3.694400e-02
38 9.524000e-01 9.284000e-03 3.831600e-02
39 9.505800e-01 9.432000e-03 3.998800e-02
40 9.488760e-01 9.572000e-03 4.155200e-02
41 9.470480e-01 9.708000e-03 4.324400e-02
42 9.451160e-01 9.912000e-03 4.497200e-02
43 9.434080e-01 9.660000e-03 4.693200e-02
44 9.417440e-01 9.636000e-03 4.862000e-02
45 9.399600e-01 9.680000e-03 5.036000e-02
46 9.382040e-01 9.796000e-03 5.200000e-02
47 9.364520e-01 9.772000e-03 5.377600e-02
48 9.346360e-01 9.848000e-03 5.551600e-02
49 9.329000e-01 9.892000e-03 5.720800e-02
50 9.310800e-01 9.980000e-03 5.894000e-02
51 9.293760e-01 9.836000e-03 6.078800e-02
52 9.275880e-01 1.001600e-02 6.239600e-02
53 9.258240e-01 1.011600e-02 6.406000e-02
54 9.240360e-01 1.012800e-02 6.583600e-02
55 9.222360e-01 1.013600e-02 6.762800e-02
56 9.203920e-01 1.019200e-02 6.941600e-02
57 9.185240e-01 1.032400e-02 7.115200e-02
58 9.167120e-01 1.030400e-02 7.298400e-02
59 9.147600e-01 1.044400e-02 7.479600e-02
60 9.130480e-01 1.020800e-02 7.674400e-02
61 9.112160e-01 1.036400e-02 7.842000e-02
62 9.094360e-01 1.028400e-02 8.028000e-02
63 9.075240e-01 1.053600e-02 8.194000e-02
64 9.057320e-01 1.049200e-02 8.377600e-02
65 9.040160e-01 1.035200e-02 8.563200e-02
66 9.020880e-01 1.054000e-02 8.737200e-02
67 9.001080e-01 1.065200e-02 8.924000e-02
68 8.982160e-01 1.073200e-02 9.105200e-02
69 8.963080e-01 1.065600e-02 9.303600e-02
70 8.943560e-01 1.065600e-02 9.498800e-02
71 8.925040e-01 1.061600e-02 9.688000e-02
72 8.906280e-01 1.056800e-02 9.880400e-02
73 8.888400e-01 1.051200e-02 1.006480e-01
74 8.871640e-01 1.036400e-02 1.024720e-01
75 8.855000e-01 1.020000e-02 1.043000e-01
76 8.839200e-01 9.932000e-03 1.061480e-01
77 8.822760e-01 9.884000e-03 1.078400e-01
78 8.806120e-01 9.860000e-03 1.095280e-01
79 8.788320e-01 9.940000e-03 1.112280e-01
80 8.772240e-01 9.896000e-03 1.128800e-01
81 8.755280e-01 9.716000e-03 1.147560e-01
82 8.738240e-01 9.752000e-03 1.164240e-01
83 8.721440e-01 9.636000e-03 1.182200e-01
84 8.704160e-01 9.724000e-03 1.198600e-01
85 8.686600e-01 9.848000e-03 1.214920e-01
86 8.669160e-01 9.920000e-03 1.231640e-01
87 8.651800e-01 9.828000e-03 1.249920e-01
88 8.635960e-01 9.748000e-03 1.266560e-01
89 8.620040e-01 9.624000e-03 1.283720e-01
90 8.603400e-01 9.544000e-03 1.301160e-01
91 8.587680e-01 9.344000e-03 1.318880e-01
92 8.569440e-01 9.496000e-03 1.335600e-01
93 8.552640e-01 9.580000e-03 1.351560e-01
94 8.534920e-01 9.860000e-03 1.366480e-01
95 8.517800e-01 9.860000e-03 1.383600e-01
96 8.500720e-01 9.864000e-03 1.400640e-01
97 8.483400e-01 9.956000e-03 1.417040e-01
98 8.464880e-01 1.000000e-02 1.435120e-01
99 8.448880e-01 9.908000e-03 1.452040e-01
100 8.430600e-01 9.972000e-03 1.469680e-01
101 8.410280e-01 1.023600e-02 1.487360e-01
102 8.390920e-01 1.021600e-02 1.506920e-01
103 8.373160e-01 1.015600e-02 1.525280e-01
104 8.353960e-01 1.022000e-02 1.543840e-01
105 8.335800e-01 1.029600e-02 1.561240e-01
106 8.316320e-01 1.059600e-02 1.577720e-01
107 8.298480e-01 1.046800e-02 1.596840e-01
108 8.280680e-01 1.040400e-02 1.615280e-01
109 8.262840e-01 1.041600e-02 1.633000e-01
110 8.246240e-01 1.043200e-02 1.649440e-01
111 8.228720e-01 1.040000e-02 1.667280e-01
112 8.211880e-01 1.030000e-02 1.685120e-01
113 8.195720e-01 1.024400e-02 1.701840e-01
114 8.179400e-01 1.006000e-02 1.720000e-01
115 8.162840e-01 9.952000e-03 1.737640e-01
116 8.146640e-01 9.888000e-03 1.754480e-01
117 8.130560e-01 9.812000e-03 1.771320e-01
118 8.113880e-01 9.800000e-03 1.788120e-01
119 8.098280e-01 9.660000e-03 1.805120e-01
120 8.081120e-01 9.668000e-03 1.822200e-01
121 8.065200e-01 9.508000e-03 1.839720e-01
122 8.049560e-01 9.368000e-03 1.856760e-01
123 8.034640e-01 9.268000e-03 1.872680e-01
124 8.019680e-01 9.328000e-03 1.887040e-01
125 8.004240e-01 9.140000e-03 1.904360e-01
126 7.988280e-01 9.156000e-03 1.920160e-01
127 7.973040e-01 9.040000e-03 1.936560e-01
128 7.958680e-01 8.948000e-03 1.951840e-01
129 7.943520e-01 8.896000e-03 1.967520e-01
130 7.928080e-01 9.000000e-03 1.981920e-01
131 7.912680e-01 8.832000e-03 1.999000e-01
132 7.897800e-01 8.812000e-03 2.014080e-01
133 7.882920e-01 8.744000e-03 2.029640e-01
134 7.866800e-01 8.800000e-03 2.045200e-01
135 7.852080e-01 8.692000e-03 2.061000e-01
136 7.837200e-01 8.672000e-03 2.076080e-01
137 7.822960e-01 8.652000e-03 2.090520e-01
138 7.809520e-01 8.456000e-03 2.105920e-01
139 7.795080e-01 8.368000e-03 2.121240e-01
140 7.781200e-01 8.356000e-03 2.135240e-01
141 7.766520e-01 8.388000e-03 2.149600e-01
142 7.753280e-01 8.276000e-03 2.163960e-01
143 7.741080e-01 8.056000e-03 2.178360e-01
144 7.728560e-01 7.980000e-03 2.191640e-01
145 7.715760e-01 7.844000e-03 2.205800e-01
146 7.703120e-01 7.660000e-03 2.220280e-01
147 7.690880e-01 7.520000e-03 2.233920e-01
148 7.678160e-01 7.396000e-03 2.247880e-01
149 7.666000e-01 7.456000e-03 2.259440e-01
150 7.653520e-01 7.344000e-03 2.273040e-01
151 7.641560e-01 7.304000e-03 2.285400e-01
152 7.629440e-01 7.204000e-03 2.298520e-01
153 7.616800e-01 7.276000e-03 2.310440e-01
154 7.605560e-01 7.184000e-03 2.322600e-01
155 7.593920e-01 7.100000e-03 2.335080e-01
156 7.582040e-01 7.088000e-03 2.347080e-01
157 7.570160e-01 6.964000e-03 2.360200e-01
158 7.558400e-01 6.868000e-03 2.372920e-01
159 7.547320e-01 6.688000e-03 2.385800e-01
160 7.535720e-01 6.668000e-03 2.397600e-01
161 7.524600e-01 6.464000e-03 2.410760e-01
162 7.513960e-01 6.508000e-03 2.420960e-01
163 7.501800e-01 6.672000e-03 2.431480e-01
164 7.490760e-01 6.576000e-03 2.443480e-01
165 7.479240e-01 6.620000e-03 2.454560e-01
166 7.466880e-01 6.720000e-03 2.465920e-01
167 7.456160e-01 6.608000e-03 2.477760e-01
168 7.444160e-01 6.712000e-03 2.488720e-01
169 7.432920e-01 6.580000e-03 2.501280e-01
170 7.422640e-01 6.532000e-03 2.512040e-01
171 7.413520e-01 6.320000e-03 2.523280e-01
172 7.402120e-01 6.300000e-03 2.534880e-01
173 7.391440e-01 6.260000e-03 2.545960e-01
174 7.380000e-01 6.392000e-03 2.556080e-01
175 7.369320e-01 6.332000e-03 2.567360e-01
176 7.358080e-01 6.268000e-03 2.579240e-01
177 7.347640e-01 6.240000e-03 2.589960e-01
178 7.336320e-01 6.336000e-03 2.600320e-01
179 7.325320e-01 6.280000e-03 2.611880e-01
180 7.315360e-01 6.208000e-03 2.622560e-01
181 7.305560e-01 5.996000e-03 2.634480e-01
182 7.296200e-01 5.804000e-03 2.645760e-01
183 7.286880e-01 5.696000e-03 2.656160e-01
184 7.276200e-01 5.784000e-03 2.665960e-01
185 7.267680e-01 5.700000e-03 2.675320e-01
186 7.257800e-01 5.660000e-03 2.685600e-01
187 7.248000e-01 5.584000e-03 2.696160e-01
188 7.238120e-01 5.600000e-03 2.705880e-01
189 7.228440e-01 5.556000e-03 2.716000e-01
190 7.219520e-01 5.408000e-03 2.726400e-01
191 7.210960e-01 5.360000e-03 2.735440e-01
192 7.203600e-01 5.116000e-03 2.745240e-01
193 7.196040e-01 4.940000e-03 2.754560e-01
194 7.187040e-01 4.988000e-03 2.763080e-01
195 7.177760e-01 5.100000e-03 2.771240e-01
196 7.169040e-01 5.020000e-03 2.780760e-01
197 7.160560e-01 4.976000e-03 2.789680e-01
198 7.151680e-01 5.024000e-03 2.798080e-01
199 7.143440e-01 4.960000e-03 2.806960e-01
200 7.135640e-01 4.892000e-03 2.815440e-01
201 7.128480e-01 4.668000e-03 2.824840e-01
202 7.119880e-01 4.792000e-03 2.832200e-01
203 7.109840e-01 5.012000e-03 2.840040e-01
204 7.101800e-01 4.860000e-03 2.849600e-01
205 7.094960e-01 4.676000e-03 2.858280e-01
206 7.087440e-01 4.572000e-03 2.866840e-01
207 7.080440e-01 4.528000e-03 2.874280e-01
208 7.073440e-01 4.436000e-03 2.882200e-01
209 7.066360e-01 4.332000e-03 2.890320e-01
210 7.058720e-01 4.380000e-03 2.897480e-01
211 7.052120e-01 4.288000e-03 2.905000e-01
212 7.046200e-01 4.064000e-03 2.913160e-01
213 7.038120e-01 4.140000e-03 2.920480e-01
214 7.030600e-01 4.208000e-03 2.927320e-01
215 7.023560e-01 4.168000e-03 2.934760e-01
216 7.016840e-01 4.076000e-03 2.942400e-01
217 7.009560e-01 3.980000e-03 2.950640e-01
218 7.002160e-01 4.044000e-03 2.957400e-01
219 6.994720e-01 4.036000e-03 2.964920e-01
220 6.988040e-01 3.980000e-03 2.972160e-01
221 6.981120e-01 3.920000e-03 2.979680e-01
222 6.974880e-01 3.920000e-03 2.985920e-01
223 6.968440e-01 3.860000e-03 2.992960e-01
224 6.962360e-01 3.776000e-03 2.999880e-01
225 6.954800e-01 3.912000e-03 3.006080e-01
226 6.947240e-01 3.952000e-03 3.013240e-01
227 6.940480e-01 3.960000e-03 3.019920e-01
228 6.933480e-01 3.880000e-03 3.027720e-01
229 6.927240e-01 3.756000e-03 3.035200e-01
230 6.919640e-01 3.892000e-03 3.041440e-01
231 6.912640e-01 3.892000e-03 3.048440e-01
232 6.906280e-01 3.776000e-03 3.055960e-01
233 6.899640e-01 3.680000e-03 3.063560e-01
234 6.892720e-01 3.752000e-03 3.069760e-01
235 6.886080e-01 3.708000e-03 3.076840e-01
236 6.879960e-01 3.636000e-03 3.083680e-01
237 6.872680e-01 3.624000e-03 3.091080e-01
238 6.865920e-01 3.704000e-03 3.097040e-01
239 6.858600e-01 3.848000e-03 3.102920e-01
240 6.851920e-01 3.772000e-03 3.110360e-01
241 6.845400e-01 3.816000e-03 3.116440e-01
242 6.839000e-01 3.752000e-03 3.123480e-01
243 6.832480e-01 3.732000e-03 3.130200e-01
244 6.826000e-01 3.712000e-03 3.136880e-01
245 6.818320e-01 3.820000e-03 3.143480e-01
246 6.811000e-01 3.968000e-03 3.149320e-01
247 6.805000e-01 3.900000e-03 3.156000e-01
248 6.797600e-01 3.920000e-03 3.163200e-01
249 6.791440e-01 3.832000e-03 3.170240e-01
250 6.784800e-01 3.824000e-03 3.176960e-01
251 6.777640e-01 3.832000e-03 3.184040e-01
252 6.771280e-01 3.824000e-03 3.190480e-01
253 6.764680e-01 3.856000e-03 3.196760e-01
254 6.758880e-01 3.792000e-03 3.203200e-01
255 6.752200e-01 3.784000e-03 3.209960e-01
256 6.745560e-01 3.704000e-03 3.217400e-01
257 6.738520e-01 3.748000e-03 3.224000e-01
258 6.732560e-01 3.656000e-03 3.230880e-01
259 6.726760e-01 3.560000e-03 3.237640e-01
260 6.722120e-01 3.364000e-03 3.244240e-01
261 6.717200e-01 3.252000e-03 3.250280e-01
262 6.712120e-01 3.180000e-03 3.256080e-01
263 6.707280e-01 3.136000e-03 3.261360e-01
264 6.702080e-01 3.184000e-03 3.266080e-01
265 6.696320e-01 3.280000e-03 3.270880e-01
266 6.690320e-01 3.292000e-03 3.276760e-01
267 6.683560e-01 3.416000e-03 3.282280e-01
268 6.678440e-01 3.404000e-03 3.287520e-01
269 6.673240e-01 3.316000e-03 3.293600e-01
270 6.667320e-01 3.300000e-03 3.299680e-01
271 6.662200e-01 3.272000e-03 3.305080e-01
272 6.657320e-01 3.124000e-03 3.311440e-01
273 6.652200e-01 3.132000e-03 3.316480e-01
274 6.646920e-01 3.068000e-03 3.322400e-01
275 6.641040e-01 3.132000e-03 3.327640e-01
276 6.635920e-01 3.032000e-03 3.333760e-01
277 6.631360e-01 2.980000e-03 3.338840e-01
278 6.625840e-01 3.084000e-03 3.343320e-01
279 6.621640e-01 3.072000e-03 3.347640e-01
280 6.617200e-01 2.972000e-03 3.353080e-01
281 6.612520e-01 2.896000e-03 3.358520e-01
282 6.608120e-01 2.820000e-03 3.363680e-01
283 6.603840e-01 2.672000e-03 3.369440e-01
284 6.599400e-01 2.624000e-03 3.374360e-01
285 6.594800e-01 2.600000e-03 3.379200e-01
286 6.589560e-01 2.672000e-03 3.383720e-01
287 6.585480e-01 2.644000e-03 3.388080e-01
288 6.581120e-01 2.584000e-03 3.393040e-01
289 6.577280e-01 2.480000e-03 3.397920e-01
290 6.573120e-01 2.472000e-03 3.402160e-01
291 6.569000e-01 2.444000e-03 3.406560e-01
292 6.565080e-01 2.496000e-03 3.409960e-01
293 6.560800e-01 2.472000e-03 3.414480e-01
294 6.556680e-01 2.412000e-03 3.419200e-01
295 6.552520e-01 2.428000e-03 3.423200e-01
296 6.549600e-01 2.264000e-03 3.427760e-01
297 6.544840e-01 2.352000e-03 3.431640e-01
298 6.540960e-01 2.372000e-03 3.435320e-01
299 6.535560e-01 2.448000e-03 3.439960e-01
300 6.530560e-01 2.476000e-03 3.444680e-01
301 6.525760e-01 2.548000e-03 3.448760e-01
302 6.520160e-01 2.656000e-03 3.453280e-01
303 6.514280e-01 2.760000e-03 3.458120e-01
304 6.508360e-01 2.820000e-03 3.463440e-01
305 6.504160e-01 2.800000e-03 3.467840e-01
306 6.500240e-01 2.704000e-03 3.472720e-01
307 6.496040e-01 2.696000e-03 3.477000e-01
308 6.492200e-01 2.652000e-03 3.481280e-01
309 6.487880e-01 2.636000e-03 3.485760e-01
310 6.484160e-01 2.556000e-03 3.490280e-01
311 6.480080e-01 2.572000e-03 3.494200e-01
312 6.476400e-01 2.536000e-03 3.498240e-01
313 6.471880e-01 2.600000e-03 3.502120e-01
314 6.467400e-01 2.588000e-03 3.506720e-01
315 6.463280e-01 2.556000e-03 3.511160e-01
316 6.457880e-01 2.648000e-03 3.515640e-01
317 6.453720e-01 2.608000e-03 3.520200e-01
318 6.448640e-01 2.648000e-03 3.524880e-01
319 6.443360e-01 2.716000e-03 3.529480e-01
320 6.438160e-01 2.772000e-03 3.534120e-01
321 6.433800e-01 2.732000e-03 3.538880e-01
322 6.429520e-01 2.668000e-03 3.543800e-01
323 6.424880e-01 2.736000e-03 3.547760e-01
324 6.420520e-01 2.600000e-03 3.553480e-01
325 6.416320e-01 2.528000e-03 3.558400e-01
326 6.412040e-01 2.600000e-03 3.561960e-01
327 6.408480e-01 2.460000e-03 3.566920e-01
328 6.405320e-01 2.372000e-03 3.570960e-01
329 6.401280e-01 2.328000e-03 3.575440e-01
330 6.398200e-01 2.304000e-03 3.578760e-01
331 6.394320e-01 2.388000e-03 3.581800e-01
332 6.390880e-01 2.304000e-03 3.586080e-01
333 6.388000e-01 2.184000e-03 3.590160e-01
334 6.384000e-01 2.248000e-03 3.593520e-01
335 6.380000e-01 2.276000e-03 3.597240e-01
336 6.376000e-01 2.224000e-03 3.601760e-01
337 6.372480e-01 2.200000e-03 3.605520e-01
338 6.368520e-01 2.168000e-03 3.609800e-01
339 6.365200e-01 2.128000e-03 3.613520e-01
340 6.361880e-01 2.080000e-03 3.617320e-01
341 6.359240e-01 1.980000e-03 3.620960e-01
342 6.355800e-01 1.964000e-03 3.624560e-01
343 6.352960e-01 1.920000e-03 3.627840e-01
344 6.350840e-01 1.812000e-03 3.631040e-01
345 6.348120e-01 1.792000e-03 3.633960e-01
346 6.345240e-01 1.784000e-03 3.636920e-01
347 6.342760e-01 1.700000e-03 3.640240e-01
348 6.339800e-01 1.684000e-03 3.643360e-01
349 6.336920e-01 1.660000e-03 3.646480e-01
350 6.333520e-01 1.728000e-03 3.649200e-01
351 6.330280e-01 1.764000e-03 3.652080e-01
352 6.326840e-01 1.808000e-03 3.655080e-01
353 6.323320e-01 1.884000e-03 3.657840e-01
354 6.319320e-01 1.900000e-03 3.661680e-01
355 6.315640e-01 1.880000e-03 3.665560e-01
356 6.312520e-01 1.884000e-03 3.668640e-01
357 6.309160e-01 1.868000e-03 3.672160e-01
358 6.305640e-01 1.912000e-03 3.675240e-01
359 6.301800e-01 1.896000e-03 3.679240e-01
360 6.297920e-01 1.968000e-03 3.682400e-01
361 6.294080e-01 2.056000e-03 3.685360e-01
362 6.289560e-01 2.144000e-03 3.689000e-01
363 6.285960e-01 2.100000e-03 3.693040e-01
364 6.282480e-01 2.072000e-03 3.696800e-01
365 6.278880e-01 2.044000e-03 3.700680e-01
366 6.275280e-01 2.036000e-03 3.704360e-01
367 6.271760e-01 1.976000e-03 3.708480e-01
368 6.268120e-01 2.008000e-03 3.711800e-01
369 6.264680e-01 2.028000e-03 3.715040e-01
370 6.260880e-01 2.048000e-03 3.718640e-01
371 6.257800e-01 2.040000e-03 3.721800e-01
372 6.254960e-01 1.912000e-03 3.725920e-01
373 6.251560e-01 1.912000e-03 3.729320e-01
374 6.248280e-01 1.860000e-03 3.733120e-01
375 6.245160e-01 1.808000e-03 3.736760e-01
376 6.242320e-01 1.728000e-03 3.740400e-01
377 6.239360e-01 1.760000e-03 3.743040e-01
378 6.236360e-01 1.824000e-03 3.745400e-01
379 6.233040e-01 1.860000e-03 3.748360e-01
380 6.230000e-01 1.820000e-03 3.751800e-01
381 6.226800e-01 1.844000e-03 3.754760e-01
382 6.223160e-01 1.868000e-03 3.758160e-01
383 6.219680e-01 1.868000e-03 3.761640e-01
384 6.216880e-01 1.856000e-03 3.764560e-01
385 6.214120e-01 1.764000e-03 3.768240e-01
386 6.210880e-01 1.756000e-03 3.771560e-01
387 6.208000e-01 1.740000e-03 3.774600e-01
388 6.204640e-01 1.820000e-03 3.777160e-01
389 6.201800e-01 1.828000e-03 3.779920e-01
390 6.199360e-01 1.728000e-03 3.783360e-01
391 6.196200e-01 1.736000e-03 3.786440e-01
392 6.193400e-01 1.716000e-03 3.789440e-01
393 6.190800e-01 1.708000e-03 3.792120e-01
394 6.188200e-01 1.656000e-03 3.795240e-01
395 6.185720e-01 1.624000e-03 3.798040e-01
396 6.182680e-01 1.636000e-03 3.800960e-01
397 6.179760e-01 1.620000e-03 3.804040e-01
398 6.177280e-01 1.572000e-03 3.807000e-01
399 6.174000e-01 1.676000e-03 3.809240e-01
400 6.170640e-01 1.712000e-03 3.812240e-01
401 6.166640e-01 1.816000e-03 3.815200e-01
402 6.163640e-01 1.788000e-03 3.818480e-01
403 6.160520e-01 1.708000e-03 3.822400e-01
404 6.156880e-01 1.740000e-03 3.825720e-01
405 6.154160e-01 1.724000e-03 3.828600e-01
406 6.150360e-01 1.776000e-03 3.831880e-01
407 6.146800e-01 1.836000e-03 3.834840e-01
408 6.143520e-01 1.816000e-03 3.838320e-01
409 6.140080e-01 1.816000e-03 3.841760e-01
410 6.136880e-01 1.832000e-03 3.844800e-01
411 6.133640e-01 1.824000e-03 3.848120e-01
412 6.129880e-01 1.892000e-03 3.851200e-01
413 6.126560e-01 1.884000e-03 3.854600e-01
414 6.123240e-01 1.896000e-03 3.857800e-01
415 6.119720e-01 1.972000e-03 3.860560e-01
416 6.115720e-01 2.004000e-03 3.864240e-01
417 6.111440e-01 2.088000e-03 3.867680e-01
418 6.107680e-01 2.052000e-03 3.871800e-01
419 6.104080e-01 2.020000e-03 3.875720e-01
420 6.101080e-01 1.968000e-03 3.879240e-01
421 6.098200e-01 1.936000e-03 3.882440e-01
422 6.094840e-01 1.944000e-03 3.885720e-01
423 6.092000e-01 1.820000e-03 3.889800e-01
424 6.089400e-01 1.716000e-03 3.893440e-01
425 6.086200e-01 1.716000e-03 3.896640e-01
426 6.083720e-01 1.628000e-03 3.900000e-01
427 6.081400e-01 1.592000e-03 3.902680e-01
428 6.078680e-01 1.596000e-03 3.905360e-01
429 6.074720e-01 1.688000e-03 3.908400e-01
430 6.072120e-01 1.680000e-03 3.911080e-01
431 6.068920e-01 1.752000e-03 3.913560e-01
432 6.066200e-01 1.712000e-03 3.916680e-01
433 6.063560e-01 1.624000e-03 3.920200e-01
434 6.061400e-01 1.548000e-03 3.923120e-01
435 6.059080e-01 1.536000e-03 3.925560e-01
436 6.056560e-01 1.528000e-03 3.928160e-01
437 6.054080e-01 1.488000e-03 3.931040e-01
438 6.052360e-01 1.384000e-03 3.933800e-01
439 6.050360e-01 1.296000e-03 3.936680e-01
440 6.047880e-01 1.288000e-03 3.939240e-01
441 6.045680e-01 1.288000e-03 3.941440e-01
442 6.043320e-01 1.308000e-03 3.943600e-01
443 6.040520e-01 1.384000e-03 3.945640e-01
444 6.038760e-01 1.312000e-03 3.948120e-01
445 6.036560e-01 1.308000e-03 3.950360e-01
446 6.034840e-01 1.252000e-03 3.952640e-01
447 6.032920e-01 1.232000e-03 3.954760e-01
448 6.031360e-01 1.136000e-03 3.957280e-01
449 6.029840e-01 1.108000e-03 3.959080e-01
450 6.027400e-01 1.168000e-03 3.960920e-01
451 6.026080e-01 1.096000e-03 3.962960e-01
452 6.024000e-01 1.080000e-03 3.965200e-01
453 6.022000e-01 1.112000e-03 3.966880e-01
454 6.019840e-01 1.132000e-03 3.968840e-01
455 6.017640e-01 1.164000e-03 3.970720e-01
456 6.015280e-01 1.172000e-03 3.973000e-01
457 6.013080e-01 1.184000e-03 3.975080e-01
458 6.010440e-01 1.224000e-03 3.977320e-01
459 6.007840e-01 1.288000e-03 3.979280e-01
460 6.005560e-01 1.284000e-03 3.981600e-01
461 6.003520e-01 1.284000e-03 3.983640e-01
462 6.000960e-01 1.260000e-03 3.986440e-01
463 5.999240e-01 1.216000e-03 3.988600e-01
464 5.997200e-01 1.244000e-03 3.990360e-01
465 5.995240e-01 1.264000e-03 3.992120e-01
466 5.993000e-01 1.236000e-03 3.994640e-01
467 5.990960e-01 1.224000e-03 3.996800e-01
468 5.988920e-01 1.220000e-03 3.998880e-01
469 5.986880e-01 1.200000e-03 4.001120e-01
470 5.984920e-01 1.144000e-03 4.003640e-01
471 5.983120e-01 1.152000e-03 4.005360e-01
472 5.980960e-01 1.180000e-03 4.007240e-01
473 5.977760e-01 1.328000e-03 4.008960e-01
474 5.974800e-01 1.404000e-03 4.011160e-01
475 5.972240e-01 1.384000e-03 4.013920e-01
476 5.970120e-01 1.328000e-03 4.016600e-01
477 5.968240e-01 1.344000e-03 4.018320e-01
478 5.965680e-01 1.360000e-03 4.020720e-01
479 5.963680e-01 1.280000e-03 4.023520e-01
480 5.961720e-01 1.228000e-03 4.026000e-01
481 5.959480e-01 1.188000e-03 4.028640e-01
482 5.957520e-01 1.196000e-03 4.030520e-01
483 5.955320e-01 1.184000e-03 4.032840e-01
484 5.953280e-01 1.176000e-03 4.034960e-01
485 5.951440e-01 1.140000e-03 4.037160e-01
486 5.949600e-01 1.124000e-03 4.039160e-01
487 5.948040e-01 1.068000e-03 4.041280e-01
488 5.946960e-01 9.880000e-04 4.043160e-01
489 5.945520e-01 9.560000e-04 4.044920e-01
490 5.944160e-01 9.200000e-04 4.046640e-01
491 5.942640e-01 9.680000e-04 4.047680e-01
492 5.941080e-01 9.360000e-04 4.049560e-01
493 5.939800e-01 9.160000e-04 4.051040e-01
494 5.938640e-01 8.800000e-04 4.052560e-01
495 5.937160e-01 8.760000e-04 4.054080e-01
496 5.935440e-01 8.640000e-04 4.055920e-01
497 5.934000e-01 8.040000e-04 4.057960e-01
498 5.932800e-01 8.360000e-04 4.058840e-01
499 5.931320e-01 8.080000e-04 4.060600e-01
500 5.929840e-01 7.960000e-04 4.062200e-01
