1 9.992160e-01 6.840000e-04 1.000000e-04
2 9.987760e-01 1.000000e-03 2.240000e-04
3 9.982360e-01 1.316000e-03 4.480000e-04
4 9.976000e-01 1.676000e-03 7.240000e-04
5 9.968800e-01 2.068000e-03 1.052000e-03
6 9.960160e-01 2.560000e-03 1.424000e-03
7 9.951480e-01 2.940000e-03 1.912000e-03
8 9.942640e-01 3.268000e-03 2.468000e-03
9 9.932640e-01 3.640000e-03 3.096000e-03
10 9.922360e-01 4.000000e-03 3.764000e-03
11 9.910240e-01 4.448000e-03 4.528000e-03
12 9.899840e-01 4.628000e-03 5.388000e-03
13 9.889400e-01 4.824000e-03 6.236000e-03
14 9.878920e-01 4.928000e-03 7.180000e-03
15 9.867600e-01 5.232000e-03 8.008000e-03
16 9.856840e-01 5.256000e-03 9.060000e-03
17 9.846440e-01 5.312000e-03 1.004400e-02
18 9.834720e-01 5.564000e-03 1.096400e-02
19 9.822520e-01 5.784000e-03 1.196400e-02
20 9.809200e-01 6.196000e-03 1.288400e-02
21 9.796760e-01 6.252000e-03 1.407200e-02
22 9.783320e-01 6.512000e-03 1.515600e-02
23 9.771200e-01 6.528000e-03 1.635200e-02
24 9.758680e-01 6.528000e-03 1.760400e-02
25 9.745800e-01 6.616000e-03 1.880400e-02
26 9.731840e-01 6.756000e-03 2.006000e-02
27 9.717080e-01 7.016000e-03 2.127600e-02
28 9.703840e-01 7.164000e-03 2.245200e-02
29 9.687960e-01 7.512000e-03 2.369200e-02
30 9.672320e-01 7.776000e-03 2.499200e-02
31 9.656960e-01 8.116000e-03 2.618800e-02
32 9.641160e-01 8.212000e-03 2.767200e-02
33 9.626440e-01 8.316000e-03 2.904000e-02
34 9.611560e-01 8.348000e-03 3.049600e-02
35 9.595840e-01 8.588000e-03 3.182800e-02
36 9.581240e-01 8.476000e-03 3.340000e-02
37 9.564480e-01 8.600000e-03 3.495200e-02
38 9.548360e-01 8.752000e-03 3.641200e-02
39 9.530240e-01 9.016000e-03 3.796000e-02
40 9.513280e-01 9.124000e-03 3.954800e-02
41 9.497240e-01 9.208000e-03 4.106800e-02
42 9.481000e-01 9.248000e-03 4.265200e-02
43 9.465600e-01 9.204000e-03 4.423600e-02
44 9.448880e-01 9.276000e-03 4.583600e-02
45 9.431400e-01 9.272000e-03 4.758800e-02
46 9.414720e-01 9.300000e-03 4.922800e-02
47 9.399240e-01 9.352000e-03 5.072400e-02
48 9.382240e-01 9.480000e-03 5.229600e-02
49 9.364800e-01 9.636000e-03 5.388400e-02
50 9.347520e-01 9.644000e-03 5.560400e-02
51 9.331360e-01 9.684000e-03 5.718000e-02
52 9.314400e-01 9.688000e-03 5.887200e-02
53 9.297720e-01 9.692000e-03 6.053600e-02
54 9.282840e-01 9.484000e-03 6.223200e-02
55 9.267440e-01 9.248000e-03 6.400800e-02
56 9.251040e-01 9.348000e-03 6.554800e-02
57 9.233000e-01 9.504000e-03 6.719600e-02
58 9.215000e-01 9.540000e-03 6.896000e-02
59 9.196880e-01 9.612000e-03 7.070000e-02
60 9.180800e-01 9.484000e-03 7.243600e-02
61 9.162600e-01 9.772000e-03 7.396800e-02
62 9.145160e-01 9.884000e-03 7.560000e-02
63 9.126320e-01 9.928000e-03 7.744000e-02
64 9.108440e-01 9.972000e-03 7.918400e-02
65 9.091080e-01 9.860000e-03 8.103200e-02
66 9.075120e-01 9.748000e-03 8.274000e-02
67 9.058160e-01 9.660000e-03 8.452400e-02
68 9.043400e-01 9.588000e-03 8.607200e-02
69 9.026560e-01 9.564000e-03 8.778000e-02
70 9.011280e-01 9.560000e-03 8.931200e-02
71 8.994560e-01 9.608000e-03 9.093600e-02
72 8.978520e-01 9.488000e-03 9.266000e-02
73 8.963080e-01 9.488000e-03 9.420400e-02
74 8.945520e-01 9.540000e-03 9.590800e-02
75 8.929000e-01 9.500000e-03 9.760000e-02
76 8.910400e-01 9.752000e-03 9.920800e-02
77 8.891320e-01 1.000400e-02 1.008640e-01
78 8.870960e-01 1.032000e-02 1.025840e-01
79 8.853000e-01 1.024000e-02 1.044600e-01
80 8.834760e-01 1.024800e-02 1.062760e-01
81 8.816320e-01 1.023600e-02 1.081320e-01
82 8.799000e-01 1.017600e-02 1.099240e-01
83 8.781440e-01 1.005600e-02 1.118000e-01
84 8.762840e-01 1.014400e-02 1.135720e-01
85 8.744760e-01 1.018000e-02 1.153440e-01
86 8.727920e-01 1.009200e-02 1.171160e-01
87 8.711120e-01 9.952000e-03 1.189360e-01
88 8.693280e-01 9.932000e-03 1.207400e-01
89 8.675080e-01 1.001200e-02 1.224800e-01
90 8.656640e-01 9.940000e-03 1.243960e-01
91 8.639680e-01 9.912000e-03 1.261200e-01
92 8.621080e-01 1.010400e-02 1.277880e-01
93 8.602760e-01 1.013200e-02 1.295920e-01
94 8.583720e-01 1.034000e-02 1.312880e-01
95 8.567000e-01 1.020800e-02 1.330920e-01
96 8.549080e-01 1.022400e-02 1.348680e-01
97 8.532120e-01 1.010000e-02 1.366880e-01
98 8.513000e-01 1.036400e-02 1.383360e-01
99 8.493520e-01 1.050800e-02 1.401400e-01
100 8.475520e-01 1.034800e-02 1.421000e-01
101 8.456000e-01 1.049200e-02 1.439080e-01
102 8.438560e-01 1.029600e-02 1.458480e-01
103 8.422440e-01 1.004800e-02 1.477080e-01
104 8.406080e-01 9.932000e-03 1.494600e-01
105 8.392440e-01 9.576000e-03 1.511800e-01
106 8.375720e-01 9.448000e-03 1.529800e-01
107 8.359200e-01 9.476000e-03 1.546040e-01
108 8.342920e-01 9.516000e-03 1.561920e-01
109 8.327800e-01 9.252000e-03 1.579680e-01
110 8.309920e-01 9.372000e-03 1.596360e-01
111 8.294240e-01 9.260000e-03 1.613160e-01
112 8.279400e-01 9.188000e-03 1.628720e-01
113 8.261680e-01 9.340000e-03 1.644920e-01
114 8.246760e-01 9.352000e-03 1.659720e-01
115 8.230960e-01 9.316000e-03 1.675880e-01
116 8.214360e-01 9.192000e-03 1.693720e-01
117 8.199360e-01 9.080000e-03 1.709840e-01
118 8.183480e-01 9.036000e-03 1.726160e-01
119 8.166240e-01 9.228000e-03 1.741480e-01
120 8.150400e-01 9.408000e-03 1.755520e-01
121 8.134240e-01 9.288000e-03 1.772880e-01
122 8.117480e-01 9.344000e-03 1.789080e-01
123 8.101720e-01 9.328000e-03 1.805000e-01
124 8.084920e-01 9.468000e-03 1.820400e-01
125 8.067040e-01 9.444000e-03 1.838520e-01
126 8.050560e-01 9.536000e-03 1.854080e-01
127 8.034680e-01 9.360000e-03 1.871720e-01
128 8.019120e-01 9.332000e-03 1.887560e-01
129 8.003080e-01 9.352000e-03 1.903400e-01
130 7.986920e-01 9.280000e-03 1.920280e-01
131 7.971360e-01 9.280000e-03 1.935840e-01
132 7.956600e-01 9.176000e-03 1.951640e-01
133 7.941360e-01 9.136000e-03 1.967280e-01
134 7.926160e-01 9.112000e-03 1.982720e-01
135 7.910600e-01 9.032000e-03 1.999080e-01
136 7.895320e-01 9.164000e-03 2.013040e-01
137 7.879800e-01 9.148000e-03 2.028720e-01
138 7.863240e-01 9.244000e-03 2.044320e-01
139 7.846840e-01 9.256000e-03 2.060600e-01
140 7.831640e-01 9.144000e-03 2.076920e-01
141 7.816520e-01 9.072000e-03 2.092760e-01
142 7.801960e-01 8.896000e-03 2.109080e-01
143 7.786760e-01 8.844000e-03 2.124800e-01
144 7.773520e-01 8.656000e-03 2.139920e-01
145 7.756520e-01 8.880000e-03 2.154680e-01
146 7.739800e-01 8.976000e-03 2.170440e-01
147 7.723480e-01 9.020000e-03 2.186320e-01
148 7.707440e-01 9.056000e-03 2.202000e-01
149 7.693720e-01 8.844000e-03 2.217840e-01
150 7.680640e-01 8.620000e-03 2.233160e-01
151 7.667240e-01 8.504000e-03 2.247720e-01
152 7.654840e-01 8.336000e-03 2.261800e-01
153 7.642880e-01 8.124000e-03 2.275880e-01
154 7.630240e-01 7.916000e-03 2.290600e-01
155 7.618040e-01 7.768000e-03 2.304280e-01
156 7.605520e-01 7.696000e-03 2.317520e-01
157 7.592640e-01 7.584000e-03 2.331520e-01
158 7.578400e-01 7.760000e-03 2.344000e-01
159 7.566880e-01 7.628000e-03 2.356840e-01
160 7.554760e-01 7.636000e-03 2.368880e-01
161 7.540520e-01 7.652000e-03 2.382960e-01
162 7.526800e-01 7.644000e-03 2.396760e-01
163 7.515080e-01 7.552000e-03 2.409400e-01
164 7.502640e-01 7.444000e-03 2.422920e-01
165 7.490280e-01 7.436000e-03 2.435360e-01
166 7.477680e-01 7.460000e-03 2.447720e-01
167 7.465920e-01 7.432000e-03 2.459760e-01
168 7.454200e-01 7.400000e-03 2.471800e-01
169 7.442440e-01 7.356000e-03 2.484000e-01
170 7.430280e-01 7.344000e-03 2.496280e-01
171 7.418600e-01 7.164000e-03 2.509760e-01
172 7.407080e-01 7.144000e-03 2.521480e-01
173 7.395280e-01 7.200000e-03 2.532720e-01
174 7.382360e-01 7.196000e-03 2.545680e-01
175 7.370480e-01 7.232000e-03 2.557200e-01
176 7.358600e-01 7.164000e-03 2.569760e-01
177 7.347120e-01 7.088000e-03 2.582000e-01
178 7.336800e-01 7.016000e-03 2.593040e-01
179 7.325400e-01 6.916000e-03 2.605440e-01
180 7.314200e-01 6.836000e-03 2.617440e-01
181 7.303640e-01 6.752000e-03 2.628840e-01
182 7.292720e-01 6.696000e-03 2.640320e-01
183 7.281920e-01 6.696000e-03 2.651120e-01
184 7.272080e-01 6.636000e-03 2.661560e-01
185 7.261360e-01 6.596000e-03 2.672680e-01
186 7.251520e-01 6.504000e-03 2.683440e-01
187 7.241960e-01 6.256000e-03 2.695480e-01
188 7.232480e-01 6.164000e-03 2.705880e-01
189 7.222720e-01 6.184000e-03 2.715440e-01
190 7.213960e-01 5.960000e-03 2.726440e-01
191 7.204600e-01 5.764000e-03 2.737760e-01
192 7.195440e-01 5.620000e-03 2.748360e-01
193 7.186080e-01 5.420000e-03 2.759720e-01
194 7.177840e-01 5.248000e-03 2.769680e-01
195 7.169840e-01 5.060000e-03 2.779560e-01
196 7.161920e-01 4.916000e-03 2.788920e-01
197 7.153920e-01 4.788000e-03 2.798200e-01
198 7.146200e-01 4.672000e-03 2.807080e-01
199 7.138080e-01 4.696000e-03 2.814960e-01
200 7.130160e-01 4.608000e-03 2.823760e-01
201 7.122040e-01 4.536000e-03 2.832600e-01
202 7.113480e-01 4.636000e-03 2.840160e-01
203 7.105880e-01 4.628000e-03 2.847840e-01
204 7.097920e-01 4.584000e-03 2.856240e-01
205 7.089440e-01 4.676000e-03 2.863800e-01
206 7.081600e-01 4.576000e-03 2.872640e-01
207 7.074080e-01 4.504000e-03 2.880880e-01
208 7.068040e-01 4.348000e-03 2.888480e-01
209 7.060640e-01 4.300000e-03 2.896360e-01
210 7.052240e-01 4.412000e-03 2.903640e-01
211 7.045960e-01 4.272000e-03 2.911320e-01
212 7.038280e-01 4.232000e-03 2.919400e-01
213 7.031520e-01 4.220000e-03 2.926280e-01
214 7.024920e-01 4.192000e-03 2.933160e-01
215 7.019120e-01 4.088000e-03 2.940000e-01
216 7.012000e-01 4.060000e-03 2.947400e-01
217 7.005560e-01 3.996000e-03 2.954480e-01
218 6.998920e-01 4.072000e-03 2.960360e-01
219 6.992600e-01 4.016000e-03 2.967240e-01
220 6.985320e-01 4.012000e-03 2.974560e-01
221 6.979480e-01 3.880000e-03 2.981720e-01
222 6.973200e-01 3.808000e-03 2.988720e-01
223 6.967040e-01 3.720000e-03 2.995760e-01
224 6.960760e-01 3.672000e-03 3.002520e-01
225 6.954720e-01 3.624000e-03 3.009040e-01
226 6.949040e-01 3.556000e-03 3.015400e-01
227 6.942480e-01 3.624000e-03 3.021280e-01
228 6.936320e-01 3.656000e-03 3.027120e-01
229 6.930760e-01 3.504000e-03 3.034200e-01
230 6.925200e-01 3.460000e-03 3.040200e-01
231 6.920840e-01 3.352000e-03 3.045640e-01
232 6.915160e-01 3.320000e-03 3.051640e-01
233 6.909240e-01 3.380000e-03 3.056960e-01
234 6.903520e-01 3.404000e-03 3.062440e-01
235 6.897760e-01 3.380000e-03 3.068440e-01
236 6.892280e-01 3.344000e-03 3.074280e-01
237 6.886040e-01 3.408000e-03 3.079880e-01
238 6.880120e-01 3.352000e-03 3.086360e-01
239 6.874640e-01 3.312000e-03 3.092240e-01
240 6.870040e-01 3.176000e-03 3.098200e-01
241 6.865280e-01 3.076000e-03 3.103960e-01
242 6.860440e-01 3.060000e-03 3.108960e-01
243 6.855560e-01 3.092000e-03 3.113520e-01
244 6.850160e-01 3.096000e-03 3.118880e-01
245 6.843680e-01 3.240000e-03 3.123920e-01
246 6.837880e-01 3.244000e-03 3.129680e-01
247 6.832880e-01 3.068000e-03 3.136440e-01
248 6.827520e-01 3.116000e-03 3.141320e-01
249 6.822560e-01 3.016000e-03 3.147280e-01
250 6.817680e-01 3.036000e-03 3.151960e-01
251 6.813080e-01 2.952000e-03 3.157400e-01
252 6.807320e-01 3.052000e-03 3.162160e-01
253 6.801080e-01 3.184000e-03 3.167080e-01
254 6.795360e-01 3.236000e-03 3.172280e-01
255 6.790080e-01 3.164000e-03 3.178280e-01
256 6.783360e-01 3.276000e-03 3.183880e-01
257 6.777080e-01 3.300000e-03 3.189920e-01
258 6.770760e-01 3.344000e-03 3.195800e-01
259 6.765760e-01 3.292000e-03 3.201320e-01
260 6.759480e-01 3.412000e-03 3.206400e-01
261 6.753200e-01 3.480000e-03 3.212000e-01
262 6.746920e-01 3.456000e-03 3.218520e-01
263 6.740640e-01 3.428000e-03 3.225080e-01
264 6.734120e-01 3.524000e-03 3.230640e-01
265 6.728160e-01 3.528000e-03 3.236560e-01
266 6.722400e-01 3.560000e-03 3.242000e-01
267 6.715560e-01 3.684000e-03 3.247600e-01
268 6.709200e-01 3.700000e-03 3.253800e-01
269 6.702600e-01 3.720000e-03 3.260200e-01
270 6.695880e-01 3.812000e-03 3.266000e-01
271 6.690080e-01 3.624000e-03 3.273680e-01
272 6.683600e-01 3.680000e-03 3.279600e-01
273 6.676520e-01 3.760000e-03 3.285880e-01
274 6.671040e-01 3.664000e-03 3.292320e-01
275 6.664800e-01 3.672000e-03 3.298480e-01
276 6.658680e-01 3.672000e-03 3.304600e-01
277 6.652440e-01 3.612000e-03 3.311440e-01
278 6.646840e-01 3.572000e-03 3.317440e-01
279 6.640800e-01 3.556000e-03 3.323640e-01
280 6.635400e-01 3.476000e-03 3.329840e-01
281 6.630400e-01 3.408000e-03 3.335520e-01
282 6.625600e-01 3.288000e-03 3.341520e-01
283 6.620120e-01 3.180000e-03 3.348080e-01
284 6.615080e-01 3.124000e-03 3.353680e-01
285 6.610440e-01 3.052000e-03 3.359040e-01
286 6.604960e-01 3.084000e-03 3.364200e-01
287 6.600160e-01 3.028000e-03 3.369560e-01
288 6.595320e-01 2.928000e-03 3.375400e-01
289 6.589000e-01 3.096000e-03 3.380040e-01
290 6.583480e-01 3.120000e-03 3.385320e-01
291 6.577920e-01 3.108000e-03 3.391000e-01
292 6.572000e-01 3.180000e-03 3.396200e-01
293 6.566640e-01 3.180000e-03 3.401560e-01
294 6.561200e-01 3.140000e-03 3.407400e-01
295 6.555560e-01 3.188000e-03 3.412560e-01
296 6.550240e-01 3.200000e-03 3.417760e-01
297 6.545000e-01 3.120000e-03 3.423800e-01
298 6.540120e-01 3.056000e-03 3.429320e-01
299 6.534760e-01 3.056000e-03 3.434680e-01
300 6.528720e-01 3.104000e-03 3.440240e-01
301 6.521800e-01 3.288000e-03 3.445320e-01
302 6.514440e-01 3.412000e-03 3.451440e-01
303 6.507280e-01 3.504000e-03 3.457680e-01
304 6.501360e-01 3.476000e-03 3.463880e-01
305 6.495000e-01 3.524000e-03 3.469760e-01
306 6.489280e-01 3.524000e-03 3.475480e-01
307 6.483360e-01 3.452000e-03 3.482120e-01
308 6.476280e-01 3.572000e-03 3.488000e-01
309 6.470600e-01 3.504000e-03 3.494360e-01
310 6.463960e-01 3.620000e-03 3.499840e-01
311 6.456120e-01 3.776000e-03 3.506120e-01
312 6.448880e-01 3.836000e-03 3.512760e-01
313 6.442560e-01 3.728000e-03 3.520160e-01
314 6.436760e-01 3.660000e-03 3.526640e-01
315 6.430640e-01 3.620000e-03 3.533160e-01
316 6.424200e-01 3.600000e-03 3.539800e-01
317 6.418720e-01 3.436000e-03 3.546920e-01
318 6.414080e-01 3.324000e-03 3.552680e-01
319 6.409600e-01 3.208000e-03 3.558320e-01
320 6.404560e-01 3.164000e-03 3.563800e-01
321 6.399760e-01 3.164000e-03 3.568600e-01
322 6.394800e-01 3.140000e-03 3.573800e-01
323 6.390080e-01 3.104000e-03 3.578880e-01
324 6.385800e-01 2.928000e-03 3.584920e-01
325 6.380960e-01 2.872000e-03 3.590320e-01
326 6.376400e-01 2.800000e-03 3.595600e-01
327 6.371480e-01 2.768000e-03 3.600840e-01
328 6.367160e-01 2.736000e-03 3.605480e-01
329 6.363520e-01 2.552000e-03 3.610960e-01
330 6.359840e-01 2.524000e-03 3.614920e-01
331 6.355760e-01 2.484000e-03 3.619400e-01
332 6.351480e-01 2.472000e-03 3.623800e-01
333 6.346760e-01 2.372000e-03 3.629520e-01
334 6.342160e-01 2.396000e-03 3.633880e-01
335 6.338160e-01 2.412000e-03 3.637720e-01
336 6.333520e-01 2.408000e-03 3.642400e-01
337 6.328640e-01 2.512000e-03 3.646240e-01
338 6.324920e-01 2.448000e-03 3.650600e-01
339 6.320920e-01 2.436000e-03 3.654720e-01
340 6.316200e-01 2.420000e-03 3.659600e-01
341 6.312880e-01 2.328000e-03 3.663840e-01
342 6.308520e-01 2.416000e-03 3.667320e-01
343 6.304040e-01 2.516000e-03 3.670800e-01
344 6.299880e-01 2.464000e-03 3.675480e-01
345 6.295560e-01 2.424000e-03 3.680200e-01
346 6.291520e-01 2.408000e-03 3.684400e-01
347 6.287320e-01 2.384000e-03 3.688840e-01
348 6.283480e-01 2.372000e-03 3.692800e-01
349 6.280240e-01 2.260000e-03 3.697160e-01
350 6.274920e-01 2.388000e-03 3.701200e-01
351 6.270360e-01 2.440000e-03 3.705240e-01
352 6.266640e-01 2.380000e-03 3.709560e-01
353 6.262600e-01 2.400000e-03 3.713400e-01
354 6.258320e-01 2.440000e-03 3.717280e-01
355 6.254040e-01 2.432000e-03 3.721640e-01
356 6.250520e-01 2.356000e-03 3.725920e-01
357 6.247120e-01 2.276000e-03 3.730120e-01
358 6.243080e-01 2.252000e-03 3.734400e-01
359 6.240040e-01 2.192000e-03 3.738040e-01
360 6.236320e-01 2.216000e-03 3.741520e-01
361 6.232480e-01 2.256000e-03 3.744960e-01
362 6.229080e-01 2.232000e-03 3.748600e-01
363 6.225560e-01 2.220000e-03 3.752240e-01
364 6.222360e-01 2.164000e-03 3.756000e-01
365 6.218920e-01 2.108000e-03 3.760000e-01
366 6.215360e-01 2.068000e-03 3.763960e-01
367 6.211880e-01 2.080000e-03 3.767320e-01
368 6.208280e-01 2.048000e-03 3.771240e-01
369 6.205400e-01 2.000000e-03 3.774600e-01
370 6.202480e-01 1.924000e-03 3.778280e-01
371 6.200160e-01 1.856000e-03 3.781280e-01
372 6.197120e-01 1.828000e-03 3.784600e-01
373 6.194640e-01 1.772000e-03 3.787640e-01
374 6.191760e-01 1.800000e-03 3.790240e-01
375 6.188440e-01 1.772000e-03 3.793840e-01
376 6.185640e-01 1.748000e-03 3.796880e-01
377 6.182520e-01 1.748000e-03 3.800000e-01
378 6.179480e-01 1.756000e-03 3.802960e-01
379 6.176800e-01 1.700000e-03 3.806200e-01
380 6.173600e-01 1.712000e-03 3.809280e-01
381 6.170640e-01 1.708000e-03 3.812280e-01
382 6.168000e-01 1.664000e-03 3.815360e-01
383 6.165600e-01 1.632000e-03 3.818080e-01
384 6.163240e-01 1.552000e-03 3.821240e-01
385 6.160720e-01 1.524000e-03 3.824040e-01
386 6.157840e-01 1.532000e-03 3.826840e-01
387 6.154720e-01 1.556000e-03 3.829720e-01
388 6.152600e-01 1.540000e-03 3.832000e-01
389 6.149960e-01 1.556000e-03 3.834480e-01
390 6.147160e-01 1.532000e-03 3.837520e-01
391 6.144400e-01 1.504000e-03 3.840560e-01
392 6.141400e-01 1.580000e-03 3.842800e-01
393 6.138360e-01 1.648000e-03 3.845160e-01
394 6.134880e-01 1.728000e-03 3.847840e-01
395 6.131480e-01 1.776000e-03 3.850760e-01
396 6.128360e-01 1.760000e-03 3.854040e-01
397 6.125280e-01 1.764000e-03 3.857080e-01
398 6.122160e-01 1.748000e-03 3.860360e-01
399 6.118600e-01 1.780000e-03 3.863600e-01
400 6.116120e-01 1.732000e-03 3.866560e-01
401 6.114200e-01 1.628000e-03 3.869520e-01
402 6.112040e-01 1.580000e-03 3.872160e-01
403 6.109480e-01 1.520000e-03 3.875320e-01
404 6.106080e-01 1.628000e-03 3.877640e-01
405 6.103320e-01 1.620000e-03 3.880480e-01
406 6.099960e-01 1.688000e-03 3.883160e-01
407 6.096520e-01 1.728000e-03 3.886200e-01
408 6.094320e-01 1.652000e-03 3.889160e-01
409 6.091520e-01 1.632000e-03 3.892160e-01
410 6.089320e-01 1.564000e-03 3.895040e-01
411 6.086520e-01 1.560000e-03 3.897880e-01
412 6.084080e-01 1.560000e-03 3.900320e-01
413 6.081120e-01 1.572000e-03 3.903160e-01
414 6.078680e-01 1.472000e-03 3.906600e-01
415 6.076720e-01 1.408000e-03 3.909200e-01
416 6.073880e-01 1.468000e-03 3.911440e-01
417 6.071920e-01 1.404000e-03 3.914040e-01
418 6.069360e-01 1.424000e-03 3.916400e-01
419 6.066280e-01 1.488000e-03 3.918840e-01
420 6.064360e-01 1.424000e-03 3.921400e-01
421 6.062120e-01 1.412000e-03 3.923760e-01
422 6.059160e-01 1.448000e-03 3.926360e-01
423 6.056040e-01 1.608000e-03 3.927880e-01
424 6.053120e-01 1.604000e-03 3.930840e-01
425 6.049640e-01 1.644000e-03 3.933920e-01
426 6.046280e-01 1.732000e-03 3.936400e-01
427 6.042600e-01 1.820000e-03 3.939200e-01
428 6.038640e-01 1.824000e-03 3.943120e-01
429 6.035200e-01 1.852000e-03 3.946280e-01
430 6.031200e-01 1.896000e-03 3.949840e-01
431 6.028400e-01 1.796000e-03 3.953640e-01
432 6.024960e-01 1.824000e-03 3.956800e-01
433 6.021840e-01 1.800000e-03 3.960160e-01
434 6.018000e-01 1.872000e-03 3.963280e-01
435 6.013480e-01 1.968000e-03 3.966840e-01
436 6.009240e-01 2.036000e-03 3.970400e-01
437 6.005000e-01 2.108000e-03 3.973920e-01
438 6.001400e-01 2.140000e-03 3.977200e-01
439 5.997920e-01 2.136000e-03 3.980720e-01
440 5.994680e-01 2.088000e-03 3.984440e-01
441 5.991040e-01 2.060000e-03 3.988360e-01
442 5.987640e-01 2.060000e-03 3.991760e-01
443 5.984720e-01 2.004000e-03 3.995240e-01
444 5.981240e-01 2.020000e-03 3.998560e-01
445 5.978240e-01 1.912000e-03 4.002640e-01
446 5.975760e-01 1.840000e-03 4.005840e-01
447 5.973040e-01 1.756000e-03 4.009400e-01
448 5.970560e-01 1.688000e-03 4.012560e-01
449 5.968200e-01 1.648000e-03 4.015320e-01
450 5.965320e-01 1.652000e-03 4.018160e-01
451 5.962880e-01 1.580000e-03 4.021320e-01
452 5.960440e-01 1.504000e-03 4.024520e-01
453 5.957160e-01 1.600000e-03 4.026840e-01
454 5.954400e-01 1.576000e-03 4.029840e-01
455 5.952120e-01 1.508000e-03 4.032800e-01
456 5.949720e-01 1.504000e-03 4.035240e-01
457 5.947000e-01 1.520000e-03 4.037800e-01
458 5.944560e-01 1.512000e-03 4.040320e-01
459 5.941400e-01 1.532000e-03 4.043280e-01
460 5.938520e-01 1.512000e-03 4.046360e-01
461 5.935600e-01 1.528000e-03 4.049120e-01
462 5.933400e-01 1.476000e-03 4.051840e-01
463 5.930880e-01 1.444000e-03 4.054680e-01
464 5.927520e-01 1.512000e-03 4.057360e-01
465 5.924800e-01 1.568000e-03 4.059520e-01
466 5.922040e-01 1.520000e-03 4.062760e-01
467 5.919200e-01 1.600000e-03 4.064800e-01
468 5.916800e-01 1.600000e-03 4.067200e-01
469 5.914000e-01 1.620000e-03 4.069800e-01
470 5.911480e-01 1.588000e-03 4.072640e-01
471 5.908800e-01 1.604000e-03 4.075160e-01
472 5.905600e-01 1.660000e-03 4.077800e-01
473 5.902440e-01 1.652000e-03 4.081040e-01
474 5.899440e-01 1.672000e-03 4.083840e-01
475 5.896400e-01 1.656000e-03 4.087040e-01
476 5.893440e-01 1.652000e-03 4.090040e-01
477 5.889760e-01 1.696000e-03 4.093280e-01
478 5.887080e-01 1.708000e-03 4.095840e-01
479 5.884120e-01 1.696000e-03 4.098920e-01
480 5.881200e-01 1.732000e-03 4.101480e-01
481 5.878480e-01 1.692000e-03 4.104600e-01
482 5.875920e-01 1.668000e-03 4.107400e-01
483 5.873600e-01 1.600000e-03 4.110400e-01
484 5.871600e-01 1.564000e-03 4.112760e-01
485 5.869640e-01 1.536000e-03 4.115000e-01
486 5.868240e-01 1.428000e-03 4.117480e-01
487 5.866240e-01 1.360000e-03 4.120160e-01
488 5.864160e-01 1.320000e-03 4.122640e-01
489 5.862160e-01 1.244000e-03 4.125400e-01
490 5.860520e-01 1.188000e-03 4.127600e-01
491 5.858480e-01 1.188000e-03 4.129640e-01
492 5.856520e-01 1.148000e-03 4.132000e-01
493 5.854520e-01 1.136000e-03 4.134120e-01
494 5.853080e-01 1.108000e-03 4.135840e-01
495 5.851440e-01 1.140000e-03 4.137160e-01
496 5.849480e-01 1.152000e-03 4.139000e-01
497 5.848200e-01 1.064000e-03 4.141160e-01
498 5.847160e-01 1.004000e-03 4.142800e-01
499 5.845080e-01 1.040000e-03 4.144520e-01
500 5.843240e-01 1.080000e-03 4.145960e-01
