1 9.993080e-01 5.800000e-04 1.120000e-04
2 9.987760e-01 1.012000e-03 2.120000e-04
3 9.980880e-01 1.492000e-03 4.200000e-04
4 9.974080e-01 1.848000e-03 7.440000e-04
5 9.967080e-01 2.152000e-03 1.140000e-03
6 9.958040e-01 2.572000e-03 1.624000e-03
7 9.948680e-01 2.992000e-03 2.140000e-03
8 9.940200e-01 3.244000e-03 2.736000e-03
9 9.929880e-01 3.700000e-03 3.312000e-03
10 9.920000e-01 4.048000e-03 3.952000e-03
11 9.908560e-01 4.448000e-03 4.696000e-03
12 9.896560e-01 4.900000e-03 5.444000e-03
13 9.883320e-01 5.172000e-03 6.496000e-03
14 9.871480e-01 5.432000e-03 7.420000e-03
15 9.857520e-01 5.732000e-03 8.516000e-03
16 9.844760e-01 5.932000e-03 9.592000e-03
17 9.832640e-01 6.036000e-03 1.070000e-02
18 9.819560e-01 6.264000e-03 1.178000e-02
19 9.808520e-01 6.228000e-03 1.292000e-02
20 9.797240e-01 6.252000e-03 1.402400e-02
21 9.785600e-01 6.328000e-03 1.511200e-02
22 9.772040e-01 6.580000e-03 1.621600e-02
23 9.759960e-01 6.672000e-03 1.733200e-02
24 9.746600e-01 6.872000e-03 1.846800e-02
25 9.733720e-01 6.944000e-03 1.968400e-02
26 9.719560e-01 7.144000e-03 2.090000e-02
27 9.705160e-01 7.308000e-03 2.217600e-02
28 9.691480e-01 7.480000e-03 2.337200e-02
29 9.676480e-01 7.660000e-03 2.469200e-02
30 9.661920e-01 7.696000e-03 2.611200e-02
31 9.646120e-01 7.808000e-03 2.758000e-02
32 9.631200e-01 7.868000e-03 2.901200e-02
33 9.616280e-01 7.992000e-03 3.038000e-02
34 9.601040e-01 8.224000e-03 3.167200e-02
35 9.586520e-01 8.228000e-03 3.312000e-02
36 9.570200e-01 8.492000e-03 3.448800e-02
37 9.555080e-01 8.296000e-03 3.619600e-02
38 9.539760e-01 8.420000e-03 3.760400e-02
39 9.526320e-01 8.152000e-03 3.921600e-02
40 9.511320e-01 8.136000e-03 4.073200e-02
41 9.497280e-01 8.092000e-03 4.218000e-02
42 9.480480e-01 8.432000e-03 4.352000e-02
43 9.463240e-01 8.752000e-03 4.492400e-02
44 9.447360e-01 8.728000e-03 4.653600e-02
45 9.431640e-01 8.656000e-03 4.818000e-02
46 9.415720e-01 8.716000e-03 4.971200e-02
47 9.399240e-01 8.848000e-03 5.122800e-02
48 9.382880e-01 9.016000e-03 5.269600e-02
49 9.366320e-01 9.104000e-03 5.426400e-02
50 9.350320e-01 8.972000e-03 5.599600e-02
51 9.334280e-01 8.888000e-03 5.768400e-02
52 9.317720e-01 9.044000e-03 5.918400e-02
53 9.302840e-01 8.880000e-03 6.083600e-02
54 9.286200e-01 8.900000e-03 6.248000e-02
55 9.270760e-01 8.808000e-03 6.411600e-02
56 9.253480e-01 8.856000e-03 6.579600e-02
57 9.237040e-01 8.904000e-03 6.739200e-02
58 9.219960e-01 9.096000e-03 6.890800e-02
59 9.203040e-01 9.132000e-03 7.056400e-02
60 9.186600e-01 9.160000e-03 7.218000e-02
61 9.170400e-01 9.132000e-03 7.382800e-02
62 9.152680e-01 9.172000e-03 7.556000e-02
63 9.137080e-01 9.096000e-03 7.719600e-02
64 9.120760e-01 9.044000e-03 7.888000e-02
65 9.103960e-01 9.064000e-03 8.054000e-02
66 9.087720e-01 9.124000e-03 8.210400e-02
67 9.072440e-01 9.148000e-03 8.360800e-02
68 9.054760e-01 9.400000e-03 8.512400e-02
69 9.038760e-01 9.488000e-03 8.663600e-02
70 9.022600e-01 9.436000e-03 8.830400e-02
71 9.007000e-01 9.340000e-03 8.996000e-02
72 8.991880e-01 9.284000e-03 9.152800e-02
73 8.976200e-01 9.220000e-03 9.316000e-02
74 8.959120e-01 9.344000e-03 9.474400e-02
75 8.943320e-01 9.260000e-03 9.640800e-02
76 8.927800e-01 9.104000e-03 9.811600e-02
77 8.913000e-01 9.108000e-03 9.959200e-02
78 8.897160e-01 8.940000e-03 1.013440e-01
79 8.880920e-01 8.908000e-03 1.030000e-01
80 8.864960e-01 8.868000e-03 1.046360e-01
81 8.847320e-01 9.116000e-03 1.061520e-01
82 8.830800e-01 9.104000e-03 1.078160e-01
83 8.812640e-01 9.240000e-03 1.094960e-01
84 8.798200e-01 9.164000e-03 1.110160e-01
85 8.780240e-01 9.348000e-03 1.126280e-01
86 8.763640e-01 9.288000e-03 1.143480e-01
87 8.747760e-01 9.208000e-03 1.160160e-01
88 8.729880e-01 9.396000e-03 1.176160e-01
89 8.712800e-01 9.524000e-03 1.191960e-01
90 8.696680e-01 9.408000e-03 1.209240e-01
91 8.680880e-01 9.284000e-03 1.226280e-01
92 8.664560e-01 9.420000e-03 1.241240e-01
93 8.649360e-01 9.344000e-03 1.257200e-01
94 8.632760e-01 9.264000e-03 1.274600e-01
95 8.615960e-01 9.416000e-03 1.289880e-01
96 8.597560e-01 9.568000e-03 1.306760e-01
97 8.580520e-01 9.652000e-03 1.322960e-01
98 8.564240e-01 9.584000e-03 1.339920e-01
99 8.547520e-01 9.552000e-03 1.356960e-01
100 8.531520e-01 9.424000e-03 1.374240e-01
101 8.514760e-01 9.432000e-03 1.390920e-01
102 8.499960e-01 9.156000e-03 1.408480e-01
103 8.484360e-01 9.124000e-03 1.424400e-01
104 8.470560e-01 8.860000e-03 1.440840e-01
105 8.455880e-01 8.804000e-03 1.456080e-01
106 8.442000e-01 8.544000e-03 1.472560e-01
107 8.429000e-01 8.316000e-03 1.487840e-01
108 8.416200e-01 8.160000e-03 1.502200e-01
109 8.401680e-01 8.260000e-03 1.515720e-01
110 8.387360e-01 8.272000e-03 1.529920e-01
111 8.373680e-01 8.116000e-03 1.545160e-01
112 8.360560e-01 7.956000e-03 1.559880e-01
113 8.347840e-01 7.796000e-03 1.574200e-01
114 8.334960e-01 7.828000e-03 1.586760e-01
115 8.322880e-01 7.648000e-03 1.600640e-01
116 8.310160e-01 7.544000e-03 1.614400e-01
117 8.296960e-01 7.620000e-03 1.626840e-01
118 8.283520e-01 7.604000e-03 1.640440e-01
119 8.271320e-01 7.456000e-03 1.654120e-01
120 8.258080e-01 7.580000e-03 1.666120e-01
121 8.245840e-01 7.552000e-03 1.678640e-01
122 8.232760e-01 7.672000e-03 1.690520e-01
123 8.219800e-01 7.652000e-03 1.703680e-01
124 8.208280e-01 7.484000e-03 1.716880e-01
125 8.197160e-01 7.192000e-03 1.730920e-01
126 8.186320e-01 7.092000e-03 1.742760e-01
127 8.174680e-01 6.996000e-03 1.755360e-01
128 8.162680e-01 6.992000e-03 1.767400e-01
129 8.149440e-01 7.216000e-03 1.778400e-01
130 8.135560e-01 7.316000e-03 1.791280e-01
131 8.122480e-01 7.352000e-03 1.804000e-01
132 8.109000e-01 7.444000e-03 1.816560e-01
133 8.095960e-01 7.572000e-03 1.828320e-01
134 8.083360e-01 7.512000e-03 1.841520e-01
135 8.070880e-01 7.372000e-03 1.855400e-01
136 8.058280e-01 7.372000e-03 1.868000e-01
137 8.046000e-01 7.336000e-03 1.880640e-01
138 8.034080e-01 7.232000e-03 1.893600e-01
139 8.022840e-01 7.056000e-03 1.906600e-01
140 8.012200e-01 6.848000e-03 1.919320e-01
141 8.000840e-01 6.716000e-03 1.932000e-01
142 7.991480e-01 6.388000e-03 1.944640e-01
143 7.981720e-01 6.252000e-03 1.955760e-01
144 7.971320e-01 6.208000e-03 1.966600e-01
145 7.960600e-01 6.160000e-03 1.977800e-01
146 7.950320e-01 6.132000e-03 1.988360e-01
147 7.940440e-01 6.104000e-03 1.998520e-01
148 7.930520e-01 5.940000e-03 2.010080e-01
149 7.919960e-01 6.044000e-03 2.019600e-01
150 7.909840e-01 6.024000e-03 2.029920e-01
151 7.899920e-01 5.880000e-03 2.041280e-01
152 7.890080e-01 5.852000e-03 2.051400e-01
153 7.881520e-01 5.624000e-03 2.062240e-01
154 7.873000e-01 5.456000e-03 2.072440e-01
155 7.863640e-01 5.488000e-03 2.081480e-01
156 7.854680e-01 5.412000e-03 2.091200e-01
157 7.843480e-01 5.748000e-03 2.099040e-01
158 7.833360e-01 5.668000e-03 2.109960e-01
159 7.821920e-01 5.792000e-03 2.120160e-01
160 7.810920e-01 5.892000e-03 2.130160e-01
161 7.801720e-01 5.776000e-03 2.140520e-01
162 7.791800e-01 5.748000e-03 2.150720e-01
163 7.782240e-01 5.744000e-03 2.160320e-01
164 7.772840e-01 5.704000e-03 2.170120e-01
165 7.763760e-01 5.704000e-03 2.179200e-01
166 7.754840e-01 5.536000e-03 2.189800e-01
167 7.745560e-01 5.460000e-03 2.199840e-01
168 7.736320e-01 5.280000e-03 2.210880e-01
169 7.727720e-01 5.240000e-03 2.219880e-01
170 7.719800e-01 5.116000e-03 2.229040e-01
171 7.712600e-01 4.980000e-03 2.237600e-01
172 7.705400e-01 4.788000e-03 2.246720e-01
173 7.697760e-01 4.732000e-03 2.254920e-01
174 7.689600e-01 4.684000e-03 2.263560e-01
175 7.681200e-01 4.644000e-03 2.272360e-01
176 7.672360e-01 4.684000e-03 2.280800e-01
177 7.664320e-01 4.640000e-03 2.289280e-01
178 7.657200e-01 4.528000e-03 2.297520e-01
179 7.649560e-01 4.492000e-03 2.305520e-01
180 7.641880e-01 4.404000e-03 2.314080e-01
181 7.634240e-01 4.412000e-03 2.321640e-01
182 7.625680e-01 4.460000e-03 2.329720e-01
183 7.617280e-01 4.568000e-03 2.337040e-01
184 7.608920e-01 4.580000e-03 2.345280e-01
185 7.600720e-01 4.632000e-03 2.352960e-01
186 7.591320e-01 4.872000e-03 2.359960e-01
187 7.582960e-01 4.824000e-03 2.368800e-01
188 7.573720e-01 4.900000e-03 2.377280e-01
189 7.565680e-01 4.868000e-03 2.385640e-01
190 7.557640e-01 4.816000e-03 2.394200e-01
191 7.549800e-01 4.860000e-03 2.401600e-01
192 7.540680e-01 4.940000e-03 2.409920e-01
193 7.532280e-01 4.892000e-03 2.418800e-01
194 7.523000e-01 4.976000e-03 2.427240e-01
195 7.513760e-01 5.004000e-03 2.436200e-01
196 7.504680e-01 5.052000e-03 2.444800e-01
197 7.496800e-01 4.988000e-03 2.453320e-01
198 7.488440e-01 4.920000e-03 2.462360e-01
199 7.479640e-01 4.848000e-03 2.471880e-01
200 7.471880e-01 4.844000e-03 2.479680e-01
201 7.464720e-01 4.668000e-03 2.488600e-01
202 7.457560e-01 4.620000e-03 2.496240e-01
203 7.449800e-01 4.680000e-03 2.503400e-01
204 7.443520e-01 4.468000e-03 2.511800e-01
205 7.437480e-01 4.304000e-03 2.519480e-01
206 7.431640e-01 4.112000e-03 2.527240e-01
207 7.426320e-01 3.940000e-03 2.534280e-01
208 7.419400e-01 3.980000e-03 2.540800e-01
209 7.412720e-01 3.996000e-03 2.547320e-01
210 7.406440e-01 3.860000e-03 2.554960e-01
211 7.400600e-01 3.808000e-03 2.561320e-01
212 7.394680e-01 3.724000e-03 2.568080e-01
213 7.388960e-01 3.652000e-03 2.574520e-01
214 7.383560e-01 3.560000e-03 2.580840e-01
215 7.378120e-01 3.568000e-03 2.586200e-01
216 7.372440e-01 3.496000e-03 2.592600e-01
217 7.366800e-01 3.476000e-03 2.598440e-01
218 7.361400e-01 3.360000e-03 2.605000e-01
219 7.356080e-01 3.304000e-03 2.610880e-01
220 7.351040e-01 3.244000e-03 2.616520e-01
221 7.346040e-01 3.272000e-03 2.621240e-01
222 7.340000e-01 3.292000e-03 2.627080e-01
223 7.333760e-01 3.316000e-03 2.633080e-01
224 7.327640e-01 3.316000e-03 2.639200e-01
225 7.320760e-01 3.448000e-03 2.644760e-01
226 7.314760e-01 3.412000e-03 2.651120e-01
227 7.309120e-01 3.292000e-03 2.657960e-01
228 7.303440e-01 3.328000e-03 2.663280e-01
229 7.297840e-01 3.268000e-03 2.669480e-01
230 7.292400e-01 3.268000e-03 2.674920e-01
231 7.287520e-01 3.216000e-03 2.680320e-01
232 7.282120e-01 3.172000e-03 2.686160e-01
233 7.277400e-01 3.092000e-03 2.691680e-01
234 7.272200e-01 3.112000e-03 2.696680e-01
235 7.267480e-01 3.052000e-03 2.702000e-01
236 7.262440e-01 2.988000e-03 2.707680e-01
237 7.258120e-01 2.892000e-03 2.712960e-01
238 7.253960e-01 2.876000e-03 2.717280e-01
239 7.249240e-01 2.832000e-03 2.722440e-01
240 7.244160e-01 2.772000e-03 2.728120e-01
241 7.239640e-01 2.720000e-03 2.733160e-01
242 7.235720e-01 2.600000e-03 2.738280e-01
243 7.231840e-01 2.504000e-03 2.743120e-01
244 7.227360e-01 2.484000e-03 2.747800e-01
245 7.223160e-01 2.452000e-03 2.752320e-01
246 7.217520e-01 2.584000e-03 2.756640e-01
247 7.211880e-01 2.712000e-03 2.761000e-01
248 7.206520e-01 2.792000e-03 2.765560e-01
249 7.201600e-01 2.816000e-03 2.770240e-01
250 7.197200e-01 2.760000e-03 2.775200e-01
251 7.193000e-01 2.724000e-03 2.779760e-01
252 7.188000e-01 2.756000e-03 2.784440e-01
253 7.182440e-01 2.820000e-03 2.789360e-01
254 7.177520e-01 2.852000e-03 2.793960e-01
255 7.172360e-01 2.944000e-03 2.798200e-01
256 7.166720e-01 2.968000e-03 2.803600e-01
257 7.160560e-01 3.032000e-03 2.809120e-01
258 7.154160e-01 3.168000e-03 2.814160e-01
259 7.148200e-01 3.212000e-03 2.819680e-01
260 7.142320e-01 3.328000e-03 2.824400e-01
261 7.136640e-01 3.396000e-03 2.829400e-01
262 7.130640e-01 3.436000e-03 2.835000e-01
263 7.125440e-01 3.360000e-03 2.840960e-01
264 7.121720e-01 3.076000e-03 2.847520e-01
265 7.117040e-01 3.020000e-03 2.852760e-01
266 7.111440e-01 3.100000e-03 2.857560e-01
267 7.106280e-01 3.064000e-03 2.863080e-01
268 7.102000e-01 2.868000e-03 2.869320e-01
269 7.097600e-01 2.776000e-03 2.874640e-01
270 7.094160e-01 2.612000e-03 2.879720e-01
271 7.090280e-01 2.508000e-03 2.884640e-01
272 7.086640e-01 2.412000e-03 2.889240e-01
273 7.082600e-01 2.444000e-03 2.892960e-01
274 7.079160e-01 2.352000e-03 2.897320e-01
275 7.076000e-01 2.240000e-03 2.901600e-01
276 7.073080e-01 2.128000e-03 2.905640e-01
277 7.070280e-01 2.084000e-03 2.908880e-01
278 7.067000e-01 2.096000e-03 2.912040e-01
279 7.063400e-01 2.164000e-03 2.914960e-01
280 7.059520e-01 2.144000e-03 2.919040e-01
281 7.055640e-01 2.164000e-03 2.922720e-01
282 7.051440e-01 2.128000e-03 2.927280e-01
283 7.047880e-01 2.108000e-03 2.931040e-01
284 7.044120e-01 2.116000e-03 2.934720e-01
285 7.040560e-01 2.096000e-03 2.938480e-01
286 7.036960e-01 2.128000e-03 2.941760e-01
287 7.033840e-01 2.040000e-03 2.945760e-01
288 7.030520e-01 2.052000e-03 2.948960e-01
289 7.027720e-01 1.960000e-03 2.952680e-01
290 7.025000e-01 1.908000e-03 2.955920e-01
291 7.021880e-01 1.856000e-03 2.959560e-01
292 7.019280e-01 1.796000e-03 2.962760e-01
293 7.015840e-01 1.804000e-03 2.966120e-01
294 7.011120e-01 2.008000e-03 2.968800e-01
295 7.007360e-01 1.980000e-03 2.972840e-01
296 7.004560e-01 1.916000e-03 2.976280e-01
297 7.001760e-01 1.884000e-03 2.979400e-01
298 6.997840e-01 1.916000e-03 2.983000e-01
299 6.994120e-01 1.932000e-03 2.986560e-01
300 6.990760e-01 1.908000e-03 2.990160e-01
301 6.987720e-01 1.884000e-03 2.993440e-01
302 6.984880e-01 1.840000e-03 2.996720e-01
303 6.982360e-01 1.724000e-03 3.000400e-01
304 6.979200e-01 1.712000e-03 3.003680e-01
305 6.976280e-01 1.732000e-03 3.006400e-01
306 6.973560e-01 1.680000e-03 3.009640e-01
307 6.970440e-01 1.708000e-03 3.012480e-01
308 6.968240e-01 1.644000e-03 3.015320e-01
309 6.965720e-01 1.632000e-03 3.017960e-01
310 6.962400e-01 1.660000e-03 3.021000e-01
311 6.959120e-01 1.696000e-03 3.023920e-01
312 6.955720e-01 1.764000e-03 3.026640e-01
313 6.952760e-01 1.736000e-03 3.029880e-01
314 6.949200e-01 1.784000e-03 3.032960e-01
315 6.945560e-01 1.836000e-03 3.036080e-01
316 6.941800e-01 1.872000e-03 3.039480e-01
317 6.937960e-01 1.892000e-03 3.043120e-01
318 6.934360e-01 1.924000e-03 3.046400e-01
319 6.930840e-01 1.964000e-03 3.049520e-01
320 6.927360e-01 1.960000e-03 3.053040e-01
321 6.923960e-01 1.924000e-03 3.056800e-01
322 6.920400e-01 1.956000e-03 3.060040e-01
323 6.916520e-01 2.032000e-03 3.063160e-01
324 6.912960e-01 2.020000e-03 3.066840e-01
325 6.909760e-01 1.936000e-03 3.070880e-01
326 6.906960e-01 1.884000e-03 3.074200e-01
327 6.904240e-01 1.864000e-03 3.077120e-01
328 6.901360e-01 1.864000e-03 3.080000e-01
329 6.898720e-01 1.796000e-03 3.083320e-01
330 6.896160e-01 1.720000e-03 3.086640e-01
331 6.893520e-01 1.716000e-03 3.089320e-01
332 6.890640e-01 1.712000e-03 3.092240e-01
333 6.887680e-01 1.672000e-03 3.095600e-01
334 6.884680e-01 1.748000e-03 3.097840e-01
335 6.881560e-01 1.716000e-03 3.101280e-01
336 6.879200e-01 1.640000e-03 3.104400e-01
337 6.876840e-01 1.600000e-03 3.107160e-01
338 6.873640e-01 1.652000e-03 3.109840e-01
339 6.871440e-01 1.664000e-03 3.111920e-01
340 6.869240e-01 1.648000e-03 3.114280e-01
341 6.866280e-01 1.656000e-03 3.117160e-01
342 6.864240e-01 1.560000e-03 3.120160e-01
343 6.862320e-01 1.464000e-03 3.123040e-01
344 6.860440e-01 1.444000e-03 3.125120e-01
345 6.858320e-01 1.412000e-03 3.127560e-01
346 6.856520e-01 1.328000e-03 3.130200e-01
347 6.854800e-01 1.284000e-03 3.132360e-01
348 6.852680e-01 1.256000e-03 3.134760e-01
349 6.851160e-01 1.200000e-03 3.136840e-01
350 6.849280e-01 1.176000e-03 3.138960e-01
351 6.847440e-01 1.128000e-03 3.141280e-01
352 6.845560e-01 1.112000e-03 3.143320e-01
353 6.844040e-01 1.068000e-03 3.145280e-01
354 6.841920e-01 1.124000e-03 3.146840e-01
355 6.840320e-01 1.096000e-03 3.148720e-01
356 6.838840e-01 1.020000e-03 3.150960e-01
357 6.837440e-01 9.760000e-04 3.152800e-01
358 6.835680e-01 9.520000e-04 3.154800e-01
359 6.834520e-01 8.880000e-04 3.156600e-01
360 6.832920e-01 8.440000e-04 3.158640e-01
361 6.831520e-01 8.320000e-04 3.160160e-01
362 6.830200e-01 7.840000e-04 3.161960e-01
363 6.828640e-01 7.800000e-04 3.163560e-01
364 6.827320e-01 7.520000e-04 3.165160e-01
365 6.825960e-01 7.560000e-04 3.166480e-01
366 6.824280e-01 7.680000e-04 3.168040e-01
367 6.823120e-01 7.480000e-04 3.169400e-01
368 6.821760e-01 7.320000e-04 3.170920e-01
369 6.820160e-01 7.440000e-04 3.172400e-01
370 6.818560e-01 7.720000e-04 3.173720e-01
371 6.817200e-01 7.400000e-04 3.175400e-01
372 6.816000e-01 7.160000e-04 3.176840e-01
373 6.814480e-01 7.560000e-04 3.177960e-01
374 6.813520e-01 7.200000e-04 3.179280e-01
375 6.812080e-01 7.440000e-04 3.180480e-01
376 6.810520e-01 7.880000e-04 3.181600e-01
377 6.808960e-01 7.840000e-04 3.183200e-01
378 6.807320e-01 8.200000e-04 3.184480e-01
379 6.805440e-01 8.560000e-04 3.186000e-01
380 6.803680e-01 8.760000e-04 3.187560e-01
381 6.802520e-01 8.440000e-04 3.189040e-01
382 6.801480e-01 8.200000e-04 3.190320e-01
383 6.800240e-01 7.960000e-04 3.191800e-01
384 6.798880e-01 7.720000e-04 3.193400e-01
385 6.797520e-01 7.720000e-04 3.194760e-01
386 6.796080e-01 7.280000e-04 3.196640e-01
387 6.794480e-01 8.080000e-04 3.197440e-01
388 6.792800e-01 8.480000e-04 3.198720e-01
389 6.790800e-01 8.760000e-04 3.200440e-01
390 6.789200e-01 8.640000e-04 3.202160e-01
391 6.787880e-01 8.120000e-04 3.204000e-01
392 6.786520e-01 8.080000e-04 3.205400e-01
393 6.785160e-01 8.200000e-04 3.206640e-01
394 6.784040e-01 7.560000e-04 3.208400e-01
395 6.782200e-01 8.280000e-04 3.209520e-01
396 6.781000e-01 7.960000e-04 3.211040e-01
397 6.779320e-01 8.480000e-04 3.212200e-01
398 6.777160e-01 9.280000e-04 3.213560e-01
399 6.775800e-01 8.920000e-04 3.215280e-01
400 6.774160e-01 8.840000e-04 3.217000e-01
401 6.772040e-01 9.600000e-04 3.218360e-01
402 6.770600e-01 9.120000e-04 3.220280e-01
403 6.769320e-01 8.840000e-04 3.221840e-01
404 6.768040e-01 8.160000e-04 3.223800e-01
405 6.766560e-01 8.160000e-04 3.225280e-01
406 6.765200e-01 7.880000e-04 3.226920e-01
407 6.763880e-01 7.840000e-04 3.228280e-01
408 6.762720e-01 7.680000e-04 3.229600e-01
409 6.761280e-01 7.840000e-04 3.230880e-01
410 6.759520e-01 8.120000e-04 3.232360e-01
411 6.758560e-01 7.600000e-04 3.233840e-01
412 6.757640e-01 7.320000e-04 3.235040e-01
413 6.756880e-01 6.840000e-04 3.236280e-01
414 6.756080e-01 6.560000e-04 3.237360e-01
415 6.755240e-01 5.960000e-04 3.238800e-01
416 6.754360e-01 5.880000e-04 3.239760e-01
417 6.753560e-01 5.640000e-04 3.240800e-01
418 6.752680e-01 5.640000e-04 3.241680e-01
419 6.751720e-01 5.880000e-04 3.242400e-01
420 6.750600e-01 5.960000e-04 3.243440e-01
421 6.749720e-01 5.520000e-04 3.244760e-01
422 6.747960e-01 6.560000e-04 3.245480e-01
423 6.746600e-01 6.920000e-04 3.246480e-01
424 6.745360e-01 7.200000e-04 3.247440e-01
425 6.743680e-01 7.640000e-04 3.248680e-01
426 6.742480e-01 7.560000e-04 3.249960e-01
427 6.740840e-01 8.000000e-04 3.251160e-01
428 6.739240e-01 8.320000e-04 3.252440e-01
429 6.737760e-01 8.520000e-04 3.253720e-01
430 6.736160e-01 8.600000e-04 3.255240e-01
431 6.734240e-01 9.000000e-04 3.256760e-01
432 6.733360e-01 8.120000e-04 3.258520e-01
433 6.732560e-01 7.800000e-04 3.259640e-01
434 6.731720e-01 7.360000e-04 3.260920e-01
435 6.730400e-01 7.440000e-04 3.262160e-01
436 6.729440e-01 6.640000e-04 3.263920e-01
437 6.728720e-01 6.120000e-04 3.265160e-01
438 6.727880e-01 5.560000e-04 3.266560e-01
439 6.726960e-01 5.600000e-04 3.267440e-01
440 6.726440e-01 5.640000e-04 3.267920e-01
441 6.725520e-01 5.320000e-04 3.269160e-01
442 6.724600e-01 5.280000e-04 3.270120e-01
443 6.723840e-01 5.360000e-04 3.270800e-01
444 6.722880e-01 5.320000e-04 3.271800e-01
445 6.722040e-01 5.280000e-04 3.272680e-01
446 6.721280e-01 5.240000e-04 3.273480e-01
447 6.720400e-01 5.320000e-04 3.274280e-01
448 6.719080e-01 5.360000e-04 3.275560e-01
449 6.718640e-01 4.640000e-04 3.276720e-01
450 6.717840e-01 4.640000e-04 3.277520e-01
451 6.717320e-01 4.520000e-04 3.278160e-01
452 6.716520e-01 4.560000e-04 3.278920e-01
453 6.715640e-01 4.400000e-04 3.279960e-01
454 6.715160e-01 4.080000e-04 3.280760e-01
455 6.714280e-01 4.280000e-04 3.281440e-01
456 6.713600e-01 4.200000e-04 3.282200e-01
457 6.712760e-01 4.240000e-04 3.283000e-01
458 6.712200e-01 3.920000e-04 3.283880e-01
459 6.711560e-01 3.680000e-04 3.284760e-01
460 6.710560e-01 4.320000e-04 3.285120e-01
461 6.709600e-01 4.240000e-04 3.286160e-01
462 6.708840e-01 4.040000e-04 3.287120e-01
463 6.708240e-01 4.040000e-04 3.287720e-01
464 6.707720e-01 3.920000e-04 3.288360e-01
465 6.706960e-01 3.760000e-04 3.289280e-01
466 6.706520e-01 3.520000e-04 3.289960e-01
467 6.705680e-01 3.880000e-04 3.290440e-01
468 6.705080e-01 3.760000e-04 3.291160e-01
469 6.704800e-01 3.520000e-04 3.291680e-01
470 6.704520e-01 3.360000e-04 3.292120e-01
471 6.704240e-01 3.240000e-04 3.292520e-01
472 6.703760e-01 3.040000e-04 3.293200e-01
473 6.703280e-01 2.960000e-04 3.293760e-01
474 6.702840e-01 2.840000e-04 3.294320e-01
475 6.702480e-01 2.600000e-04 3.294920e-01
476 6.702120e-01 2.640000e-04 3.295240e-01
477 6.701800e-01 2.280000e-04 3.295920e-01
478 6.701000e-01 2.440000e-04 3.296560e-01
479 6.700240e-01 2.680000e-04 3.297080e-01
480 6.699800e-01 2.640000e-04 3.297560e-01
481 6.699240e-01 2.640000e-04 3.298120e-01
482 6.698840e-01 2.640000e-04 3.298520e-01
483 6.697920e-01 3.040000e-04 3.299040e-01
484 6.697480e-01 2.800000e-04 3.299720e-01
485 6.696760e-01 3.000000e-04 3.300240e-01
486 6.696440e-01 2.600000e-04 3.300960e-01
487 6.696160e-01 2.320000e-04 3.301520e-01
488 6.696000e-01 2.040000e-04 3.301960e-01
489 6.695640e-01 2.040000e-04 3.302320e-01
490 6.695320e-01 2.040000e-04 3.302640e-01
491 6.694680e-01 2.040000e-04 3.303280e-01
492 6.694320e-01 1.960000e-04 3.303720e-01
493 6.694080e-01 1.920000e-04 3.304000e-01
494 6.693720e-01 2.000000e-04 3.304280e-01
495 6.693520e-01 2.080000e-04 3.304400e-01
496 6.693280e-01 1.840000e-04 3.304880e-01
497 6.692960e-01 1.960000e-04 3.305080e-01
498 6.692760e-01 1.840000e-04 3.305400e-01
499 6.692040e-01 2.280000e-04 3.305680e-01
500 6.691920e-01 2.160000e-04 3.305920e-01
