1 9.992080e-01 7.080000e-04 8.400000e-05
2 9.987800e-01 9.440000e-04 2.760000e-04
3 9.981280e-01 1.352000e-03 5.200000e-04
4 9.974640e-01 1.772000e-03 7.640000e-04
5 9.967280e-01 2.116000e-03 1.156000e-03
6 9.960360e-01 2.388000e-03 1.576000e-03
7 9.953720e-01 2.648000e-03 1.980000e-03
8 9.946040e-01 3.004000e-03 2.392000e-03
9 9.937280e-01 3.296000e-03 2.976000e-03
10 9.927840e-01 3.596000e-03 3.620000e-03
11 9.918880e-01 3.828000e-03 4.284000e-03
12 9.908880e-01 4.088000e-03 5.024000e-03
13 9.897800e-01 4.456000e-03 5.764000e-03
14 9.887960e-01 4.512000e-03 6.692000e-03
15 9.877440e-01 4.672000e-03 7.584000e-03
16 9.868960e-01 4.696000e-03 8.408000e-03
17 9.858000e-01 5.092000e-03 9.108000e-03
18 9.845480e-01 5.436000e-03 1.001600e-02
19 9.833360e-01 5.732000e-03 1.093200e-02
20 9.822280e-01 5.840000e-03 1.193200e-02
21 9.809040e-01 6.096000e-03 1.300000e-02
22 9.795640e-01 6.412000e-03 1.402400e-02
23 9.782200e-01 6.760000e-03 1.502000e-02
24 9.767960e-01 6.852000e-03 1.635200e-02
25 9.754840e-01 6.968000e-03 1.754800e-02
26 9.741320e-01 7.196000e-03 1.867200e-02
27 9.727000e-01 7.224000e-03 2.007600e-02
28 9.713600e-01 7.368000e-03 2.127200e-02
29 9.698720e-01 7.364000e-03 2.276400e-02
30 9.684440e-01 7.536000e-03 2.402000e-02
31 9.669760e-01 7.688000e-03 2.533600e-02
32 9.654280e-01 7.932000e-03 2.664000e-02
33 9.641040e-01 7.848000e-03 2.804800e-02
34 9.626240e-01 7.860000e-03 2.951600e-02
35 9.610360e-01 7.920000e-03 3.104400e-02
36 9.596600e-01 8.000000e-03 3.234000e-02
37 9.582480e-01 7.976000e-03 3.377600e-02
38 9.569160e-01 7.932000e-03 3.515200e-02
39 9.553400e-01 8.008000e-03 3.665200e-02
40 9.537920e-01 8.116000e-03 3.809200e-02
41 9.521040e-01 8.448000e-03 3.944800e-02
42 9.504480e-01 8.604000e-03 4.094800e-02
43 9.488960e-01 8.592000e-03 4.251200e-02
44 9.474560e-01 8.492000e-03 4.405200e-02
45 9.461320e-01 8.292000e-03 4.557600e-02
46 9.445000e-01 8.492000e-03 4.700800e-02
47 9.429600e-01 8.544000e-03 4.849600e-02
48 9.414760e-01 8.548000e-03 4.997600e-02
49 9.399200e-01 8.632000e-03 5.144800e-02
50 9.382840e-01 8.760000e-03 5.295600e-02
51 9.368720e-01 8.700000e-03 5.442800e-02
52 9.355800e-01 8.460000e-03 5.596000e-02
53 9.339760e-01 8.544000e-03 5.748000e-02
54 9.324160e-01 8.644000e-03 5.894000e-02
55 9.308960e-01 8.496000e-03 6.060800e-02
56 9.294400e-01 8.452000e-03 6.210800e-02
57 9.278560e-01 8.432000e-03 6.371200e-02
58 9.262160e-01 8.536000e-03 6.524800e-02
59 9.246360e-01 8.644000e-03 6.672000e-02
60 9.232320e-01 8.564000e-03 6.820400e-02
61 9.217560e-01 8.540000e-03 6.970400e-02
62 9.201440e-01 8.520000e-03 7.133600e-02
63 9.186760e-01 8.576000e-03 7.274800e-02
64 9.171080e-01 8.680000e-03 7.421200e-02
65 9.156640e-01 8.608000e-03 7.572800e-02
66 9.141600e-01 8.560000e-03 7.728000e-02
67 9.126280e-01 8.504000e-03 7.886800e-02
68 9.108920e-01 8.792000e-03 8.031600e-02
69 9.093400e-01 8.820000e-03 8.184000e-02
70 9.077120e-01 8.796000e-03 8.349200e-02
71 9.059880e-01 9.056000e-03 8.495600e-02
72 9.040840e-01 9.440000e-03 8.647600e-02
73 9.023360e-01 9.448000e-03 8.821600e-02
74 9.006440e-01 9.568000e-03 8.978800e-02
75 8.989640e-01 9.556000e-03 9.148000e-02
76 8.973880e-01 9.496000e-03 9.311600e-02
77 8.957320e-01 9.472000e-03 9.479600e-02
78 8.942080e-01 9.344000e-03 9.644800e-02
79 8.926840e-01 9.132000e-03 9.818400e-02
80 8.910160e-01 9.072000e-03 9.991200e-02
81 8.893920e-01 9.112000e-03 1.014960e-01
82 8.876560e-01 9.240000e-03 1.031040e-01
83 8.860120e-01 9.056000e-03 1.049320e-01
84 8.843360e-01 9.232000e-03 1.064320e-01
85 8.827040e-01 9.324000e-03 1.079720e-01
86 8.810440e-01 9.312000e-03 1.096440e-01
87 8.795480e-01 9.292000e-03 1.111600e-01
88 8.780200e-01 9.164000e-03 1.128160e-01
89 8.765080e-01 9.160000e-03 1.143320e-01
90 8.749920e-01 9.096000e-03 1.159120e-01
91 8.734360e-01 8.812000e-03 1.177520e-01
92 8.720000e-01 8.744000e-03 1.192560e-01
93 8.705080e-01 8.784000e-03 1.207080e-01
94 8.689920e-01 8.740000e-03 1.222680e-01
95 8.675280e-01 8.696000e-03 1.237760e-01
96 8.660800e-01 8.688000e-03 1.252320e-01
97 8.647160e-01 8.472000e-03 1.268120e-01
98 8.634360e-01 8.216000e-03 1.283480e-01
99 8.621800e-01 7.948000e-03 1.298720e-01
100 8.607240e-01 8.032000e-03 1.312440e-01
101 8.594240e-01 7.952000e-03 1.326240e-01
102 8.579520e-01 8.036000e-03 1.340120e-01
103 8.565160e-01 8.036000e-03 1.354480e-01
104 8.550840e-01 8.044000e-03 1.368720e-01
105 8.536880e-01 8.080000e-03 1.382320e-01
106 8.522800e-01 7.996000e-03 1.397240e-01
107 8.508800e-01 7.940000e-03 1.411800e-01
108 8.494160e-01 7.992000e-03 1.425920e-01
109 8.478280e-01 8.136000e-03 1.440360e-01
110 8.464480e-01 8.004000e-03 1.455480e-01
111 8.450120e-01 8.088000e-03 1.469000e-01
112 8.437360e-01 7.924000e-03 1.483400e-01
113 8.423960e-01 7.960000e-03 1.496440e-01
114 8.410200e-01 7.952000e-03 1.510280e-01
115 8.397880e-01 7.952000e-03 1.522600e-01
116 8.384680e-01 7.924000e-03 1.536080e-01
117 8.372200e-01 7.852000e-03 1.549280e-01
118 8.359280e-01 7.720000e-03 1.563520e-01
119 8.347600e-01 7.560000e-03 1.576800e-01
120 8.334440e-01 7.500000e-03 1.590560e-01
121 8.323000e-01 7.332000e-03 1.603680e-01
122 8.309960e-01 7.412000e-03 1.615920e-01
123 8.296680e-01 7.428000e-03 1.629040e-01
124 8.284360e-01 7.364000e-03 1.642000e-01
125 8.271960e-01 7.380000e-03 1.654240e-01
126 8.259760e-01 7.220000e-03 1.668040e-01
127 8.247120e-01 7.224000e-03 1.680640e-01
128 8.233480e-01 7.332000e-03 1.693200e-01
129 8.220360e-01 7.448000e-03 1.705160e-01
130 8.207480e-01 7.532000e-03 1.717200e-01
131 8.193720e-01 7.620000e-03 1.730080e-01
132 8.180240e-01 7.580000e-03 1.743960e-01
133 8.165760e-01 7.760000e-03 1.756640e-01
134 8.152560e-01 7.780000e-03 1.769640e-01
135 8.138480e-01 7.732000e-03 1.784200e-01
136 8.125040e-01 7.660000e-03 1.798360e-01
137 8.110480e-01 7.732000e-03 1.812200e-01
138 8.097520e-01 7.688000e-03 1.825600e-01
139 8.083600e-01 7.716000e-03 1.839240e-01
140 8.069680e-01 7.840000e-03 1.851920e-01
141 8.056760e-01 7.820000e-03 1.865040e-01
142 8.043800e-01 7.720000e-03 1.879000e-01
143 8.031080e-01 7.748000e-03 1.891440e-01
144 8.017040e-01 7.912000e-03 1.903840e-01
145 8.002960e-01 8.064000e-03 1.916400e-01
146 7.988200e-01 8.244000e-03 1.929360e-01
147 7.973320e-01 8.268000e-03 1.944000e-01
148 7.960400e-01 8.196000e-03 1.957640e-01
149 7.947440e-01 7.988000e-03 1.972680e-01
150 7.934320e-01 7.784000e-03 1.987840e-01
151 7.922520e-01 7.612000e-03 2.001360e-01
152 7.908520e-01 7.616000e-03 2.015320e-01
153 7.896960e-01 7.356000e-03 2.029480e-01
154 7.884520e-01 7.316000e-03 2.042320e-01
155 7.871280e-01 7.376000e-03 2.054960e-01
156 7.858360e-01 7.376000e-03 2.067880e-01
157 7.846600e-01 7.192000e-03 2.081480e-01
158 7.834160e-01 7.096000e-03 2.094880e-01
159 7.821400e-01 7.152000e-03 2.107080e-01
160 7.810160e-01 7.064000e-03 2.119200e-01
161 7.798280e-01 6.992000e-03 2.131800e-01
162 7.787240e-01 6.888000e-03 2.143880e-01
163 7.777720e-01 6.676000e-03 2.155520e-01
164 7.766360e-01 6.520000e-03 2.168440e-01
165 7.754680e-01 6.512000e-03 2.180200e-01
166 7.742640e-01 6.604000e-03 2.191320e-01
167 7.731760e-01 6.484000e-03 2.203400e-01
168 7.720440e-01 6.416000e-03 2.215400e-01
169 7.709440e-01 6.552000e-03 2.225040e-01
170 7.697280e-01 6.572000e-03 2.237000e-01
171 7.686080e-01 6.404000e-03 2.249880e-01
172 7.675040e-01 6.416000e-03 2.260800e-01
173 7.663920e-01 6.476000e-03 2.271320e-01
174 7.651760e-01 6.624000e-03 2.282000e-01
175 7.640040e-01 6.692000e-03 2.293040e-01
176 7.628320e-01 6.608000e-03 2.305600e-01
177 7.617320e-01 6.448000e-03 2.318200e-01
178 7.606400e-01 6.420000e-03 2.329400e-01
179 7.595480e-01 6.316000e-03 2.341360e-01
180 7.583280e-01 6.416000e-03 2.352560e-01
181 7.571960e-01 6.372000e-03 2.364320e-01
182 7.559760e-01 6.592000e-03 2.374320e-01
183 7.547960e-01 6.592000e-03 2.386120e-01
184 7.536360e-01 6.596000e-03 2.397680e-01
185 7.525200e-01 6.496000e-03 2.409840e-01
186 7.514800e-01 6.424000e-03 2.420960e-01
187 7.505080e-01 6.296000e-03 2.431960e-01
188 7.495360e-01 6.188000e-03 2.442760e-01
189 7.483880e-01 6.220000e-03 2.453920e-01
190 7.473200e-01 6.268000e-03 2.464120e-01
191 7.462600e-01 6.268000e-03 2.474720e-01
192 7.452400e-01 6.152000e-03 2.486080e-01
193 7.441600e-01 6.112000e-03 2.497280e-01
194 7.430040e-01 6.232000e-03 2.507640e-01
195 7.420320e-01 6.184000e-03 2.517840e-01
196 7.410400e-01 6.048000e-03 2.529120e-01
197 7.399760e-01 6.112000e-03 2.539120e-01
198 7.389560e-01 6.132000e-03 2.549120e-01
199 7.377480e-01 6.288000e-03 2.559640e-01
200 7.366120e-01 6.392000e-03 2.569960e-01
201 7.353840e-01 6.508000e-03 2.581080e-01
202 7.342080e-01 6.516000e-03 2.592760e-01
203 7.331680e-01 6.436000e-03 2.603960e-01
204 7.322240e-01 6.200000e-03 2.615760e-01
205 7.311280e-01 6.204000e-03 2.626680e-01
206 7.301120e-01 6.076000e-03 2.638120e-01
207 7.290320e-01 6.112000e-03 2.648560e-01
208 7.279240e-01 6.244000e-03 2.658320e-01
209 7.269480e-01 6.076000e-03 2.669760e-01
210 7.258920e-01 6.080000e-03 2.680280e-01
211 7.249080e-01 5.908000e-03 2.691840e-01
212 7.238240e-01 5.956000e-03 2.702200e-01
213 7.229640e-01 5.856000e-03 2.711800e-01
214 7.219280e-01 5.896000e-03 2.721760e-01
215 7.209200e-01 5.964000e-03 2.731160e-01
216 7.198840e-01 6.104000e-03 2.740120e-01
217 7.187960e-01 6.104000e-03 2.751000e-01
218 7.178040e-01 6.072000e-03 2.761240e-01
219 7.167560e-01 5.996000e-03 2.772480e-01
220 7.156680e-01 5.992000e-03 2.783400e-01
221 7.146000e-01 6.052000e-03 2.793480e-01
222 7.135440e-01 6.044000e-03 2.804120e-01
223 7.124480e-01 6.032000e-03 2.815200e-01
224 7.115240e-01 6.016000e-03 2.824600e-01
225 7.104320e-01 6.096000e-03 2.834720e-01
226 7.093560e-01 6.160000e-03 2.844840e-01
227 7.081840e-01 6.172000e-03 2.856440e-01
228 7.069560e-01 6.296000e-03 2.867480e-01
229 7.057920e-01 6.408000e-03 2.878000e-01
230 7.046000e-01 6.612000e-03 2.887880e-01
231 7.034120e-01 6.696000e-03 2.898920e-01
232 7.022200e-01 6.700000e-03 2.910800e-01
233 7.010560e-01 6.724000e-03 2.922200e-01
234 6.999200e-01 6.728000e-03 2.933520e-01
235 6.987120e-01 6.824000e-03 2.944640e-01
236 6.976560e-01 6.616000e-03 2.957280e-01
237 6.966200e-01 6.544000e-03 2.968360e-01
238 6.956200e-01 6.356000e-03 2.980240e-01
239 6.947120e-01 6.196000e-03 2.990920e-01
240 6.938120e-01 6.036000e-03 3.001520e-01
241 6.926440e-01 6.152000e-03 3.012040e-01
242 6.917120e-01 5.988000e-03 3.023000e-01
243 6.906880e-01 6.004000e-03 3.033080e-01
244 6.898200e-01 5.848000e-03 3.043320e-01
245 6.888760e-01 5.628000e-03 3.054960e-01
246 6.879280e-01 5.556000e-03 3.065160e-01
247 6.868320e-01 5.608000e-03 3.075600e-01
248 6.858360e-01 5.564000e-03 3.086000e-01
249 6.848440e-01 5.620000e-03 3.095360e-01
250 6.837960e-01 5.632000e-03 3.105720e-01
251 6.829000e-01 5.492000e-03 3.116080e-01
252 6.818800e-01 5.472000e-03 3.126480e-01
253 6.809120e-01 5.420000e-03 3.136680e-01
254 6.799800e-01 5.444000e-03 3.145760e-01
255 6.788760e-01 5.652000e-03 3.154720e-01
256 6.777960e-01 5.664000e-03 3.165400e-01
257 6.768560e-01 5.736000e-03 3.174080e-01
258 6.759160e-01 5.636000e-03 3.184480e-01
259 6.749840e-01 5.688000e-03 3.193280e-01
260 6.742080e-01 5.588000e-03 3.202040e-01
261 6.734320e-01 5.416000e-03 3.211520e-01
262 6.724080e-01 5.396000e-03 3.221960e-01
263 6.716280e-01 5.216000e-03 3.231560e-01
264 6.708600e-01 5.068000e-03 3.240720e-01
265 6.699440e-01 5.072000e-03 3.249840e-01
266 6.691400e-01 4.828000e-03 3.260320e-01
267 6.683320e-01 4.736000e-03 3.269320e-01
268 6.675440e-01 4.764000e-03 3.276920e-01
269 6.667680e-01 4.656000e-03 3.285760e-01
270 6.660680e-01 4.432000e-03 3.295000e-01
271 6.652920e-01 4.328000e-03 3.303800e-01
272 6.646880e-01 4.232000e-03 3.310800e-01
273 6.640200e-01 4.188000e-03 3.317920e-01
274 6.633560e-01 4.116000e-03 3.325280e-01
275 6.626920e-01 4.028000e-03 3.332800e-01
276 6.620080e-01 4.040000e-03 3.339520e-01
277 6.613600e-01 4.064000e-03 3.345760e-01
278 6.606600e-01 4.040000e-03 3.353000e-01
279 6.599800e-01 3.948000e-03 3.360720e-01
280 6.592920e-01 3.976000e-03 3.367320e-01
281 6.585080e-01 4.020000e-03 3.374720e-01
282 6.578080e-01 4.048000e-03 3.381440e-01
283 6.571200e-01 4.084000e-03 3.387960e-01
284 6.565360e-01 3.992000e-03 3.394720e-01
285 6.557680e-01 4.108000e-03 3.401240e-01
286 6.551200e-01 4.096000e-03 3.407840e-01
287 6.543320e-01 4.088000e-03 3.415800e-01
288 6.535720e-01 4.220000e-03 3.422080e-01
289 6.528040e-01 4.304000e-03 3.428920e-01
290 6.520720e-01 4.312000e-03 3.436160e-01
291 6.513240e-01 4.272000e-03 3.444040e-01
292 6.506440e-01 4.256000e-03 3.451000e-01
293 6.498560e-01 4.260000e-03 3.458840e-01
294 6.491600e-01 4.232000e-03 3.466080e-01
295 6.485280e-01 4.092000e-03 3.473800e-01
296 6.478920e-01 4.048000e-03 3.480600e-01
297 6.472040e-01 4.076000e-03 3.487200e-01
298 6.465280e-01 4.060000e-03 3.494120e-01
299 6.458560e-01 4.024000e-03 3.501200e-01
300 6.451960e-01 4.064000e-03 3.507400e-01
301 6.445680e-01 3.972000e-03 3.514600e-01
302 6.440280e-01 3.840000e-03 3.521320e-01
303 6.434000e-01 3.848000e-03 3.527520e-01
304 6.427840e-01 3.824000e-03 3.533920e-01
305 6.421520e-01 3.832000e-03 3.540160e-01
306 6.415640e-01 3.788000e-03 3.546480e-01
307 6.409320e-01 3.800000e-03 3.552680e-01
308 6.402880e-01 3.780000e-03 3.559320e-01
309 6.396840e-01 3.756000e-03 3.565600e-01
310 6.391920e-01 3.596000e-03 3.572120e-01
311 6.386800e-01 3.468000e-03 3.578520e-01
312 6.381440e-01 3.408000e-03 3.584480e-01
313 6.376440e-01 3.300000e-03 3.590560e-01
314 6.371720e-01 3.300000e-03 3.595280e-01
315 6.366440e-01 3.292000e-03 3.600640e-01
316 6.361400e-01 3.276000e-03 3.605840e-01
317 6.355720e-01 3.280000e-03 3.611480e-01
318 6.349800e-01 3.352000e-03 3.616680e-01
319 6.344400e-01 3.320000e-03 3.622400e-01
320 6.338960e-01 3.248000e-03 3.628560e-01
321 6.334440e-01 3.064000e-03 3.634920e-01
322 6.328880e-01 3.104000e-03 3.640080e-01
323 6.324400e-01 2.952000e-03 3.646080e-01
324 6.319960e-01 2.920000e-03 3.650840e-01
325 6.316160e-01 2.700000e-03 3.656840e-01
326 6.312400e-01 2.624000e-03 3.661360e-01
327 6.308400e-01 2.556000e-03 3.666040e-01
328 6.303320e-01 2.644000e-03 3.670240e-01
329 6.298560e-01 2.580000e-03 3.675640e-01
330 6.295680e-01 2.420000e-03 3.680120e-01
331 6.291760e-01 2.360000e-03 3.684640e-01
332 6.287840e-01 2.412000e-03 3.688040e-01
333 6.284400e-01 2.396000e-03 3.691640e-01
334 6.281360e-01 2.276000e-03 3.695880e-01
335 6.277880e-01 2.220000e-03 3.699920e-01
336 6.273760e-01 2.200000e-03 3.704240e-01
337 6.270520e-01 2.220000e-03 3.707280e-01
338 6.267640e-01 2.092000e-03 3.711440e-01
339 6.265040e-01 1.992000e-03 3.715040e-01
340 6.262040e-01 1.892000e-03 3.719040e-01
341 6.259080e-01 1.832000e-03 3.722600e-01
342 6.255800e-01 1.824000e-03 3.725960e-01
343 6.252600e-01 1.876000e-03 3.728640e-01
344 6.249200e-01 1.880000e-03 3.732000e-01
345 6.245920e-01 1.816000e-03 3.735920e-01
346 6.242360e-01 1.788000e-03 3.739760e-01
347 6.239480e-01 1.796000e-03 3.742560e-01
348 6.236160e-01 1.808000e-03 3.745760e-01
349 6.233720e-01 1.764000e-03 3.748640e-01
350 6.230960e-01 1.704000e-03 3.752000e-01
351 6.228760e-01 1.584000e-03 3.755400e-01
352 6.226160e-01 1.556000e-03 3.758280e-01
353 6.223600e-01 1.556000e-03 3.760840e-01
354 6.221240e-01 1.532000e-03 3.763440e-01
355 6.218360e-01 1.548000e-03 3.766160e-01
356 6.215120e-01 1.592000e-03 3.768960e-01
357 6.212440e-01 1.564000e-03 3.771920e-01
358 6.210000e-01 1.520000e-03 3.774800e-01
359 6.207280e-01 1.528000e-03 3.777440e-01
360 6.204720e-01 1.508000e-03 3.780200e-01
361 6.201800e-01 1.512000e-03 3.783080e-01
362 6.199720e-01 1.432000e-03 3.785960e-01
363 6.197040e-01 1.468000e-03 3.788280e-01
364 6.194560e-01 1.496000e-03 3.790480e-01
365 6.192120e-01 1.404000e-03 3.793840e-01
366 6.190280e-01 1.316000e-03 3.796560e-01
367 6.187840e-01 1.324000e-03 3.798920e-01
368 6.186600e-01 1.192000e-03 3.801480e-01
369 6.185160e-01 1.128000e-03 3.803560e-01
370 6.183760e-01 1.044000e-03 3.805800e-01
371 6.182360e-01 1.000000e-03 3.807640e-01
372 6.181320e-01 9.240000e-04 3.809440e-01
373 6.180000e-01 9.160000e-04 3.810840e-01
374 6.178560e-01 9.200000e-04 3.812240e-01
375 6.176960e-01 9.240000e-04 3.813800e-01
376 6.175360e-01 9.080000e-04 3.815560e-01
377 6.173720e-01 9.240000e-04 3.817040e-01
378 6.171560e-01 1.028000e-03 3.818160e-01
379 6.170120e-01 9.800000e-04 3.820080e-01
380 6.168800e-01 9.120000e-04 3.822080e-01
381 6.167480e-01 9.200000e-04 3.823320e-01
382 6.165800e-01 9.320000e-04 3.824880e-01
383 6.164040e-01 9.600000e-04 3.826360e-01
384 6.162520e-01 9.280000e-04 3.828200e-01
385 6.160440e-01 9.960000e-04 3.829600e-01
386 6.158880e-01 9.600000e-04 3.831520e-01
387 6.157080e-01 9.760000e-04 3.833160e-01
388 6.155760e-01 8.960000e-04 3.835280e-01
389 6.154640e-01 8.520000e-04 3.836840e-01
390 6.152680e-01 9.160000e-04 3.838160e-01
391 6.151160e-01 8.920000e-04 3.839920e-01
392 6.149480e-01 9.120000e-04 3.841400e-01
393 6.147720e-01 9.360000e-04 3.842920e-01
394 6.145480e-01 1.024000e-03 3.844280e-01
395 6.143000e-01 1.072000e-03 3.846280e-01
396 6.141160e-01 1.016000e-03 3.848680e-01
397 6.139560e-01 1.044000e-03 3.850000e-01
398 6.137400e-01 1.104000e-03 3.851560e-01
399 6.135400e-01 1.104000e-03 3.853560e-01
400 6.133480e-01 1.120000e-03 3.855320e-01
401 6.131840e-01 1.120000e-03 3.856960e-01
402 6.129480e-01 1.144000e-03 3.859080e-01
403 6.127880e-01 1.144000e-03 3.860680e-01
404 6.126520e-01 1.100000e-03 3.862480e-01
405 6.124520e-01 1.104000e-03 3.864440e-01
406 6.123280e-01 1.060000e-03 3.866120e-01
407 6.122120e-01 9.840000e-04 3.868040e-01
408 6.120880e-01 9.400000e-04 3.869720e-01
409 6.119440e-01 9.560000e-04 3.871000e-01
410 6.118080e-01 9.800000e-04 3.872120e-01
411 6.116080e-01 9.880000e-04 3.874040e-01
412 6.114640e-01 9.280000e-04 3.876080e-01
413 6.112880e-01 9.560000e-04 3.877560e-01
414 6.111800e-01 9.040000e-04 3.879160e-01
415 6.110440e-01 9.080000e-04 3.880480e-01
416 6.109760e-01 8.400000e-04 3.881840e-01
417 6.108800e-01 7.600000e-04 3.883600e-01
418 6.107920e-01 7.120000e-04 3.884960e-01
419 6.107160e-01 6.560000e-04 3.886280e-01
420 6.106320e-01 6.000000e-04 3.887680e-01
421 6.105400e-01 5.640000e-04 3.888960e-01
422 6.104080e-01 5.720000e-04 3.890200e-01
423 6.103240e-01 5.280000e-04 3.891480e-01
424 6.102400e-01 5.040000e-04 3.892560e-01
425 6.101560e-01 4.920000e-04 3.893520e-01
426 6.100880e-01 4.840000e-04 3.894280e-01
427 6.099840e-01 4.880000e-04 3.895280e-01
428 6.098880e-01 5.360000e-04 3.895760e-01
429 6.098120e-01 5.440000e-04 3.896440e-01
430 6.096800e-01 5.680000e-04 3.897520e-01
431 6.095720e-01 6.040000e-04 3.898240e-01
432 6.094880e-01 5.680000e-04 3.899440e-01
433 6.094080e-01 5.800000e-04 3.900120e-01
434 6.093480e-01 5.440000e-04 3.901080e-01
435 6.092720e-01 5.360000e-04 3.901920e-01
436 6.092000e-01 4.960000e-04 3.903040e-01
437 6.091520e-01 4.560000e-04 3.903920e-01
438 6.090840e-01 4.480000e-04 3.904680e-01
439 6.090000e-01 4.520000e-04 3.905480e-01
440 6.089200e-01 4.560000e-04 3.906240e-01
441 6.088600e-01 4.600000e-04 3.906800e-01
442 6.087760e-01 4.760000e-04 3.907480e-01
443 6.087080e-01 4.960000e-04 3.907960e-01
444 6.086240e-01 4.840000e-04 3.908920e-01
445 6.085160e-01 4.880000e-04 3.909960e-01
446 6.084360e-01 5.160000e-04 3.910480e-01
447 6.083360e-01 5.200000e-04 3.911440e-01
448 6.082080e-01 5.600000e-04 3.912320e-01
449 6.081000e-01 5.680000e-04 3.913320e-01
450 6.079960e-01 5.800000e-04 3.914240e-01
451 6.079280e-01 5.600000e-04 3.915120e-01
452 6.078280e-01 5.280000e-04 3.916440e-01
453 6.077640e-01 5.000000e-04 3.917360e-01
454 6.076880e-01 4.840000e-04 3.918280e-01
455 6.076120e-01 4.920000e-04 3.918960e-01
456 6.075440e-01 4.640000e-04 3.919920e-01
457 6.075000e-01 4.200000e-04 3.920800e-01
458 6.074560e-01 4.040000e-04 3.921400e-01
459 6.074080e-01 3.600000e-04 3.922320e-01
460 6.073400e-01 3.720000e-04 3.922880e-01
461 6.072880e-01 3.640000e-04 3.923480e-01
462 6.072000e-01 4.040000e-04 3.923960e-01
463 6.071040e-01 4.560000e-04 3.924400e-01
464 6.070160e-01 4.320000e-04 3.925520e-01
465 6.069480e-01 4.080000e-04 3.926440e-01
466 6.068560e-01 4.200000e-04 3.927240e-01
467 6.067280e-01 4.720000e-04 3.928000e-01
468 6.066640e-01 4.480000e-04 3.928880e-01
469 6.065880e-01 4.200000e-04 3.929920e-01
470 6.065200e-01 4.120000e-04 3.930680e-01
471 6.064520e-01 3.960000e-04 3.931520e-01
472 6.063880e-01 3.760000e-04 3.932360e-01
473 6.063480e-01 3.440000e-04 3.933080e-01
474 6.062720e-01 3.720000e-04 3.933560e-01
475 6.062280e-01 3.720000e-04 3.934000e-01
476 6.061720e-01 3.680000e-04 3.934600e-01
477 6.061040e-01 3.840000e-04 3.935120e-01
478 6.060600e-01 3.840000e-04 3.935560e-01
479 6.060120e-01 3.440000e-04 3.936440e-01
480 6.059600e-01 3.360000e-04 3.937040e-01
481 6.058960e-01 3.200000e-04 3.937840e-01
482 6.058240e-01 3.360000e-04 3.938400e-01
483 6.057880e-01 3.080000e-04 3.939040e-01
484 6.057400e-01 2.600000e-04 3.940000e-01
485 6.057040e-01 2.240000e-04 3.940720e-01
486 6.056600e-01 2.200000e-04 3.941200e-01
487 6.056400e-01 2.160000e-04 3.941440e-01
488 6.055480e-01 2.840000e-04 3.941680e-01
489 6.054840e-01 3.120000e-04 3.942040e-01
490 6.054320e-01 3.080000e-04 3.942600e-01
491 6.053720e-01 2.880000e-04 3.943400e-01
492 6.053360e-01 2.600000e-04 3.944040e-01
493 6.052560e-01 2.960000e-04 3.944480e-01
494 6.051360e-01 3.760000e-04 3.944880e-01
495 6.050440e-01 4.120000e-04 3.945440e-01
496 6.049520e-01 4.080000e-04 3.946400e-01
497 6.048280e-01 4.520000e-04 3.947200e-01
498 6.047600e-01 4.560000e-04 3.947840e-01
499 6.046960e-01 4.240000e-04 3.948800e-01
500 6.046080e-01 4.440000e-04 3.949480e-01
