1 9.992000e-01 7.080000e-04 9.200000e-05
2 9.986680e-01 1.056000e-03 2.760000e-04
3 9.980000e-01 1.496000e-03 5.040000e-04
4 9.973000e-01 1.892000e-03 8.080000e-04
5 9.966280e-01 2.184000e-03 1.188000e-03
6 9.957800e-01 2.632000e-03 1.588000e-03
7 9.949520e-01 2.936000e-03 2.112000e-03
8 9.939600e-01 3.352000e-03 2.688000e-03
9 9.931040e-01 3.596000e-03 3.300000e-03
10 9.921280e-01 3.972000e-03 3.900000e-03
11 9.911400e-01 4.280000e-03 4.580000e-03
12 9.898720e-01 4.756000e-03 5.372000e-03
13 9.887640e-01 4.928000e-03 6.308000e-03
14 9.876320e-01 5.096000e-03 7.272000e-03
15 9.864680e-01 5.284000e-03 8.248000e-03
16 9.853240e-01 5.468000e-03 9.208000e-03
17 9.840800e-01 5.820000e-03 1.010000e-02
18 9.827760e-01 6.072000e-03 1.115200e-02
19 9.814920e-01 6.248000e-03 1.226000e-02
20 9.803480e-01 6.256000e-03 1.339600e-02
21 9.791080e-01 6.380000e-03 1.451200e-02
22 9.778520e-01 6.592000e-03 1.555600e-02
23 9.766680e-01 6.592000e-03 1.674000e-02
24 9.753960e-01 6.712000e-03 1.789200e-02
25 9.742200e-01 6.692000e-03 1.908800e-02
26 9.728440e-01 6.928000e-03 2.022800e-02
27 9.714000e-01 7.108000e-03 2.149200e-02
28 9.703160e-01 6.880000e-03 2.280400e-02
29 9.691080e-01 6.876000e-03 2.401600e-02
30 9.677960e-01 6.988000e-03 2.521600e-02
31 9.665640e-01 6.956000e-03 2.648000e-02
32 9.652880e-01 7.072000e-03 2.764000e-02
33 9.638600e-01 7.188000e-03 2.895200e-02
34 9.625760e-01 7.136000e-03 3.028800e-02
35 9.611800e-01 7.236000e-03 3.158400e-02
36 9.597520e-01 7.456000e-03 3.279200e-02
37 9.582880e-01 7.736000e-03 3.397600e-02
38 9.570000e-01 7.688000e-03 3.531200e-02
39 9.553840e-01 7.952000e-03 3.666400e-02
40 9.538440e-01 8.128000e-03 3.802800e-02
41 9.524600e-01 7.944000e-03 3.959600e-02
42 9.508240e-01 8.220000e-03 4.095600e-02
43 9.492200e-01 8.300000e-03 4.248000e-02
44 9.475880e-01 8.404000e-03 4.400800e-02
45 9.459360e-01 8.484000e-03 4.558000e-02
46 9.444080e-01 8.564000e-03 4.702800e-02
47 9.430680e-01 8.376000e-03 4.855600e-02
48 9.415840e-01 8.340000e-03 5.007600e-02
49 9.400680e-01 8.480000e-03 5.145200e-02
50 9.386120e-01 8.480000e-03 5.290800e-02
51 9.371120e-01 8.484000e-03 5.440400e-02
52 9.355640e-01 8.532000e-03 5.590400e-02
53 9.340800e-01 8.520000e-03 5.740000e-02
54 9.325160e-01 8.560000e-03 5.892400e-02
55 9.309760e-01 8.600000e-03 6.042400e-02
56 9.294920e-01 8.708000e-03 6.180000e-02
57 9.279600e-01 8.664000e-03 6.337600e-02
58 9.264120e-01 8.816000e-03 6.477200e-02
59 9.246720e-01 9.060000e-03 6.626800e-02
60 9.228400e-01 9.300000e-03 6.786000e-02
61 9.211880e-01 9.280000e-03 6.953200e-02
62 9.196440e-01 9.120000e-03 7.123600e-02
63 9.180680e-01 9.176000e-03 7.275600e-02
64 9.163640e-01 9.244000e-03 7.439200e-02
65 9.148240e-01 9.216000e-03 7.596000e-02
66 9.134120e-01 8.984000e-03 7.760400e-02
67 9.118160e-01 9.052000e-03 7.913200e-02
68 9.101640e-01 9.204000e-03 8.063200e-02
69 9.085200e-01 9.196000e-03 8.228400e-02
70 9.067720e-01 9.360000e-03 8.386800e-02
71 9.051200e-01 9.432000e-03 8.544800e-02
72 9.034120e-01 9.440000e-03 8.714800e-02
73 9.016880e-01 9.564000e-03 8.874800e-02
74 8.999840e-01 9.544000e-03 9.047200e-02
75 8.982960e-01 9.560000e-03 9.214400e-02
76 8.966600e-01 9.552000e-03 9.378800e-02
77 8.949880e-01 9.572000e-03 9.544000e-02
78 8.931600e-01 9.780000e-03 9.706000e-02
79 8.914880e-01 9.560000e-03 9.895200e-02
80 8.897120e-01 9.616000e-03 1.006720e-01
81 8.881600e-01 9.372000e-03 1.024680e-01
82 8.865200e-01 9.364000e-03 1.041160e-01
83 8.847440e-01 9.540000e-03 1.057160e-01
84 8.830680e-01 9.668000e-03 1.072640e-01
85 8.814640e-01 9.588000e-03 1.089480e-01
86 8.798680e-01 9.492000e-03 1.106400e-01
87 8.782080e-01 9.516000e-03 1.122760e-01
88 8.763400e-01 9.704000e-03 1.139560e-01
89 8.747920e-01 9.592000e-03 1.156160e-01
90 8.730480e-01 9.668000e-03 1.172840e-01
91 8.712920e-01 9.804000e-03 1.189040e-01
92 8.694880e-01 1.006800e-02 1.204440e-01
93 8.678680e-01 9.784000e-03 1.223480e-01
94 8.662440e-01 9.628000e-03 1.241280e-01
95 8.644760e-01 9.612000e-03 1.259120e-01
96 8.627720e-01 9.552000e-03 1.276760e-01
97 8.610040e-01 9.696000e-03 1.293000e-01
98 8.592400e-01 9.604000e-03 1.311560e-01
99 8.575560e-01 9.496000e-03 1.329480e-01
100 8.557960e-01 9.568000e-03 1.346360e-01
101 8.540320e-01 9.560000e-03 1.364080e-01
102 8.523400e-01 9.516000e-03 1.381440e-01
103 8.508640e-01 9.328000e-03 1.398080e-01
104 8.493400e-01 9.276000e-03 1.413840e-01
105 8.478720e-01 9.172000e-03 1.429560e-01
106 8.462960e-01 9.188000e-03 1.445160e-01
107 8.447440e-01 9.128000e-03 1.461280e-01
108 8.433440e-01 9.044000e-03 1.476120e-01
109 8.416880e-01 9.160000e-03 1.491520e-01
110 8.401080e-01 9.048000e-03 1.508440e-01
111 8.386120e-01 8.984000e-03 1.524040e-01
112 8.370440e-01 8.864000e-03 1.540920e-01
113 8.355760e-01 8.932000e-03 1.554920e-01
114 8.340920e-01 8.868000e-03 1.570400e-01
115 8.325480e-01 8.960000e-03 1.584920e-01
116 8.311120e-01 8.872000e-03 1.600160e-01
117 8.295280e-01 9.056000e-03 1.614160e-01
118 8.279720e-01 9.108000e-03 1.629200e-01
119 8.264480e-01 9.092000e-03 1.644600e-01
120 8.249880e-01 8.992000e-03 1.660200e-01
121 8.233320e-01 9.184000e-03 1.674840e-01
122 8.218920e-01 9.100000e-03 1.690080e-01
123 8.203280e-01 9.112000e-03 1.705600e-01
124 8.188640e-01 9.028000e-03 1.721080e-01
125 8.174680e-01 8.940000e-03 1.735920e-01
126 8.160000e-01 8.940000e-03 1.750600e-01
127 8.145600e-01 8.828000e-03 1.766120e-01
128 8.130880e-01 8.708000e-03 1.782040e-01
129 8.116160e-01 8.636000e-03 1.797480e-01
130 8.100400e-01 8.720000e-03 1.812400e-01
131 8.085880e-01 8.592000e-03 1.828200e-01
132 8.072000e-01 8.468000e-03 1.843320e-01
133 8.056600e-01 8.568000e-03 1.857720e-01
134 8.041880e-01 8.636000e-03 1.871760e-01
135 8.026320e-01 8.564000e-03 1.888040e-01
136 8.011400e-01 8.692000e-03 1.901680e-01
137 7.997480e-01 8.532000e-03 1.917200e-01
138 7.982920e-01 8.504000e-03 1.932040e-01
139 7.969200e-01 8.496000e-03 1.945840e-01
140 7.954000e-01 8.540000e-03 1.960600e-01
141 7.939040e-01 8.548000e-03 1.975480e-01
142 7.925440e-01 8.332000e-03 1.991240e-01
143 7.911000e-01 8.396000e-03 2.005040e-01
144 7.896280e-01 8.428000e-03 2.019440e-01
145 7.883000e-01 8.240000e-03 2.034600e-01
146 7.870320e-01 8.176000e-03 2.047920e-01
147 7.856360e-01 8.036000e-03 2.063280e-01
148 7.843480e-01 7.760000e-03 2.078920e-01
149 7.831160e-01 7.632000e-03 2.092520e-01
150 7.819800e-01 7.544000e-03 2.104760e-01
151 7.806680e-01 7.512000e-03 2.118200e-01
152 7.793800e-01 7.568000e-03 2.130520e-01
153 7.781920e-01 7.524000e-03 2.142840e-01
154 7.767640e-01 7.672000e-03 2.155640e-01
155 7.755080e-01 7.568000e-03 2.169240e-01
156 7.741320e-01 7.576000e-03 2.182920e-01
157 7.728480e-01 7.464000e-03 2.196880e-01
158 7.716400e-01 7.364000e-03 2.209960e-01
159 7.704040e-01 7.328000e-03 2.222680e-01
160 7.690400e-01 7.476000e-03 2.234840e-01
161 7.676280e-01 7.656000e-03 2.247160e-01
162 7.663120e-01 7.632000e-03 2.260560e-01
163 7.649400e-01 7.620000e-03 2.274400e-01
164 7.636560e-01 7.588000e-03 2.287560e-01
165 7.624040e-01 7.516000e-03 2.300800e-01
166 7.612360e-01 7.448000e-03 2.313160e-01
167 7.600200e-01 7.432000e-03 2.325480e-01
168 7.587080e-01 7.468000e-03 2.338240e-01
169 7.575200e-01 7.416000e-03 2.350640e-01
170 7.562400e-01 7.552000e-03 2.362080e-01
171 7.550120e-01 7.376000e-03 2.376120e-01
172 7.538040e-01 7.244000e-03 2.389520e-01
173 7.525760e-01 7.192000e-03 2.402320e-01
174 7.512840e-01 7.192000e-03 2.415240e-01
175 7.501360e-01 7.072000e-03 2.427920e-01
176 7.489440e-01 6.976000e-03 2.440800e-01
177 7.477160e-01 6.944000e-03 2.453400e-01
178 7.465880e-01 6.896000e-03 2.465160e-01
179 7.454200e-01 6.900000e-03 2.476800e-01
180 7.441920e-01 6.924000e-03 2.488840e-01
181 7.429960e-01 6.876000e-03 2.501280e-01
182 7.419840e-01 6.636000e-03 2.513800e-01
183 7.408320e-01 6.660000e-03 2.525080e-01
184 7.397480e-01 6.620000e-03 2.536320e-01
185 7.387200e-01 6.476000e-03 2.548040e-01
186 7.375400e-01 6.516000e-03 2.559440e-01
187 7.363720e-01 6.444000e-03 2.571840e-01
188 7.352600e-01 6.500000e-03 2.582400e-01
189 7.343560e-01 6.272000e-03 2.593720e-01
190 7.331960e-01 6.336000e-03 2.604680e-01
191 7.320360e-01 6.384000e-03 2.615800e-01
192 7.309760e-01 6.336000e-03 2.626880e-01
193 7.298800e-01 6.348000e-03 2.637720e-01
194 7.286840e-01 6.332000e-03 2.649840e-01
195 7.275600e-01 6.328000e-03 2.661120e-01
196 7.263080e-01 6.480000e-03 2.672120e-01
197 7.251040e-01 6.616000e-03 2.682800e-01
198 7.238920e-01 6.692000e-03 2.694160e-01
199 7.226680e-01 6.688000e-03 2.706440e-01
200 7.215600e-01 6.600000e-03 2.718400e-01
201 7.205040e-01 6.536000e-03 2.729600e-01
202 7.194480e-01 6.428000e-03 2.741240e-01
203 7.184520e-01 6.228000e-03 2.753200e-01
204 7.175240e-01 6.096000e-03 2.763800e-01
205 7.165400e-01 6.020000e-03 2.774400e-01
206 7.155640e-01 5.912000e-03 2.785240e-01
207 7.145560e-01 5.864000e-03 2.795800e-01
208 7.134800e-01 5.824000e-03 2.806960e-01
209 7.124720e-01 5.912000e-03 2.816160e-01
210 7.115440e-01 5.892000e-03 2.825640e-01
211 7.106200e-01 5.800000e-03 2.835800e-01
212 7.096680e-01 5.760000e-03 2.845720e-01
213 7.087840e-01 5.664000e-03 2.855520e-01
214 7.080720e-01 5.336000e-03 2.865920e-01
215 7.071080e-01 5.344000e-03 2.875480e-01
216 7.062440e-01 5.296000e-03 2.884600e-01
217 7.053600e-01 5.248000e-03 2.893920e-01
218 7.045120e-01 5.172000e-03 2.903160e-01
219 7.035960e-01 5.136000e-03 2.912680e-01
220 7.028160e-01 5.040000e-03 2.921440e-01
221 7.019160e-01 5.032000e-03 2.930520e-01
222 7.010440e-01 5.080000e-03 2.938760e-01
223 7.000800e-01 5.208000e-03 2.947120e-01
224 6.992560e-01 5.184000e-03 2.955600e-01
225 6.984960e-01 5.072000e-03 2.964320e-01
226 6.976360e-01 5.080000e-03 2.972840e-01
227 6.968920e-01 5.036000e-03 2.980720e-01
228 6.961360e-01 4.892000e-03 2.989720e-01
229 6.952840e-01 4.892000e-03 2.998240e-01
230 6.945880e-01 4.772000e-03 3.006400e-01
231 6.938320e-01 4.780000e-03 3.013880e-01
232 6.930040e-01 4.780000e-03 3.022160e-01
233 6.921880e-01 4.676000e-03 3.031360e-01
234 6.914320e-01 4.576000e-03 3.039920e-01
235 6.906720e-01 4.540000e-03 3.047880e-01
236 6.899360e-01 4.604000e-03 3.054600e-01
237 6.890640e-01 4.756000e-03 3.061800e-01
238 6.883080e-01 4.672000e-03 3.070200e-01
239 6.874480e-01 4.796000e-03 3.077560e-01
240 6.866720e-01 4.788000e-03 3.085400e-01
241 6.859840e-01 4.652000e-03 3.093640e-01
242 6.852120e-01 4.528000e-03 3.102600e-01
243 6.844000e-01 4.524000e-03 3.110760e-01
244 6.836280e-01 4.548000e-03 3.118240e-01
245 6.828840e-01 4.496000e-03 3.126200e-01
246 6.822280e-01 4.300000e-03 3.134720e-01
247 6.814720e-01 4.248000e-03 3.142800e-01
248 6.806960e-01 4.252000e-03 3.150520e-01
249 6.799080e-01 4.344000e-03 3.157480e-01
250 6.790760e-01 4.524000e-03 3.164000e-01
251 6.783440e-01 4.432000e-03 3.172240e-01
252 6.776200e-01 4.380000e-03 3.180000e-01
253 6.768400e-01 4.400000e-03 3.187600e-01
254 6.760800e-01 4.324000e-03 3.195960e-01
255 6.753320e-01 4.300000e-03 3.203680e-01
256 6.745960e-01 4.164000e-03 3.212400e-01
257 6.738560e-01 4.156000e-03 3.219880e-01
258 6.731320e-01 4.096000e-03 3.227720e-01
259 6.724720e-01 4.060000e-03 3.234680e-01
260 6.717600e-01 4.096000e-03 3.241440e-01
261 6.711520e-01 3.972000e-03 3.248760e-01
262 6.702560e-01 4.156000e-03 3.255880e-01
263 6.695160e-01 4.128000e-03 3.263560e-01
264 6.688640e-01 3.944000e-03 3.271920e-01
265 6.681160e-01 3.992000e-03 3.278920e-01
266 6.673160e-01 4.076000e-03 3.286080e-01
267 6.666520e-01 3.976000e-03 3.293720e-01
268 6.658880e-01 4.064000e-03 3.300480e-01
269 6.651400e-01 4.096000e-03 3.307640e-01
270 6.643840e-01 4.120000e-03 3.314960e-01
271 6.636760e-01 4.140000e-03 3.321840e-01
272 6.628920e-01 4.236000e-03 3.328720e-01
273 6.620960e-01 4.204000e-03 3.337000e-01
274 6.614080e-01 4.132000e-03 3.344600e-01
275 6.607320e-01 4.124000e-03 3.351440e-01
276 6.599800e-01 4.144000e-03 3.358760e-01
277 6.592000e-01 4.128000e-03 3.366720e-01
278 6.584400e-01 4.192000e-03 3.373680e-01
279 6.577120e-01 4.224000e-03 3.380640e-01
280 6.569320e-01 4.184000e-03 3.388840e-01
281 6.561280e-01 4.292000e-03 3.395800e-01
282 6.553760e-01 4.280000e-03 3.403440e-01
283 6.546280e-01 4.312000e-03 3.410600e-01
284 6.539320e-01 4.220000e-03 3.418480e-01
285 6.533000e-01 4.160000e-03 3.425400e-01
286 6.526120e-01 4.132000e-03 3.432560e-01
287 6.519000e-01 4.120000e-03 3.439800e-01
288 6.511960e-01 4.088000e-03 3.447160e-01
289 6.506120e-01 3.920000e-03 3.454680e-01
290 6.500200e-01 3.972000e-03 3.460080e-01
291 6.494360e-01 3.916000e-03 3.466480e-01
292 6.488000e-01 3.900000e-03 3.473000e-01
293 6.481640e-01 3.860000e-03 3.479760e-01
294 6.475800e-01 3.732000e-03 3.486880e-01
295 6.471120e-01 3.508000e-03 3.493800e-01
296 6.465600e-01 3.424000e-03 3.500160e-01
297 6.459000e-01 3.476000e-03 3.506240e-01
298 6.453880e-01 3.376000e-03 3.512360e-01
299 6.448840e-01 3.284000e-03 3.518320e-01
300 6.443200e-01 3.240000e-03 3.524400e-01
301 6.437760e-01 3.148000e-03 3.530760e-01
302 6.432160e-01 3.172000e-03 3.536120e-01
303 6.426880e-01 3.112000e-03 3.542000e-01
304 6.421120e-01 3.160000e-03 3.547280e-01
305 6.416640e-01 3.108000e-03 3.552280e-01
306 6.412000e-01 3.072000e-03 3.557280e-01
307 6.406800e-01 3.060000e-03 3.562600e-01
308 6.402760e-01 2.928000e-03 3.567960e-01
309 6.397880e-01 2.900000e-03 3.573120e-01
310 6.393960e-01 2.728000e-03 3.578760e-01
311 6.389960e-01 2.648000e-03 3.583560e-01
312 6.386000e-01 2.584000e-03 3.588160e-01
313 6.381640e-01 2.584000e-03 3.592520e-01
314 6.377360e-01 2.536000e-03 3.597280e-01
315 6.373280e-01 2.464000e-03 3.602080e-01
316 6.369880e-01 2.336000e-03 3.606760e-01
317 6.366840e-01 2.232000e-03 3.610840e-01
318 6.364000e-01 2.112000e-03 3.614880e-01
319 6.361160e-01 1.996000e-03 3.618880e-01
320 6.358400e-01 1.900000e-03 3.622600e-01
321 6.355440e-01 1.872000e-03 3.625840e-01
322 6.353160e-01 1.836000e-03 3.628480e-01
323 6.350440e-01 1.780000e-03 3.631760e-01
324 6.347920e-01 1.716000e-03 3.634920e-01
325 6.345880e-01 1.668000e-03 3.637440e-01
326 6.343600e-01 1.592000e-03 3.640480e-01
327 6.341720e-01 1.516000e-03 3.643120e-01
328 6.339080e-01 1.528000e-03 3.645640e-01
329 6.337000e-01 1.464000e-03 3.648360e-01
330 6.335000e-01 1.420000e-03 3.650800e-01
331 6.333280e-01 1.396000e-03 3.652760e-01
332 6.331320e-01 1.376000e-03 3.654920e-01
333 6.329640e-01 1.356000e-03 3.656800e-01
334 6.328080e-01 1.312000e-03 3.658800e-01
335 6.325680e-01 1.336000e-03 3.660960e-01
336 6.324000e-01 1.216000e-03 3.663840e-01
337 6.322360e-01 1.136000e-03 3.666280e-01
338 6.320480e-01 1.152000e-03 3.668000e-01
339 6.318880e-01 1.148000e-03 3.669640e-01
340 6.317400e-01 1.152000e-03 3.671080e-01
341 6.314960e-01 1.180000e-03 3.673240e-01
342 6.313400e-01 1.120000e-03 3.675400e-01
343 6.311680e-01 1.084000e-03 3.677480e-01
344 6.310280e-01 1.032000e-03 3.679400e-01
345 6.308720e-01 1.012000e-03 3.681160e-01
346 6.307280e-01 9.800000e-04 3.682920e-01
347 6.305760e-01 9.720000e-04 3.684520e-01
348 6.304440e-01 9.640000e-04 3.685920e-01
349 6.302920e-01 9.600000e-04 3.687480e-01
350 6.301560e-01 9.200000e-04 3.689240e-01
351 6.299960e-01 9.240000e-04 3.690800e-01
352 6.298240e-01 9.360000e-04 3.692400e-01
353 6.296440e-01 9.440000e-04 3.694120e-01
354 6.294880e-01 9.560000e-04 3.695560e-01
355 6.293520e-01 9.600000e-04 3.696880e-01
356 6.292360e-01 9.520000e-04 3.698120e-01
357 6.291120e-01 8.920000e-04 3.699960e-01
358 6.290160e-01 8.760000e-04 3.701080e-01
359 6.288800e-01 8.600000e-04 3.702600e-01
360 6.288040e-01 7.920000e-04 3.704040e-01
361 6.287000e-01 7.680000e-04 3.705320e-01
362 6.286280e-01 7.400000e-04 3.706320e-01
363 6.285320e-01 7.240000e-04 3.707440e-01
364 6.284520e-01 6.840000e-04 3.708640e-01
365 6.283720e-01 6.360000e-04 3.709920e-01
366 6.282680e-01 6.280000e-04 3.711040e-01
367 6.281400e-01 6.280000e-04 3.712320e-01
368 6.280600e-01 6.200000e-04 3.713200e-01
369 6.280040e-01 5.600000e-04 3.714360e-01
370 6.279400e-01 5.160000e-04 3.715440e-01
371 6.278480e-01 5.480000e-04 3.716040e-01
372 6.277640e-01 5.040000e-04 3.717320e-01
373 6.276840e-01 5.240000e-04 3.717920e-01
374 6.275440e-01 5.400000e-04 3.719160e-01
375 6.274360e-01 5.400000e-04 3.720240e-01
376 6.273240e-01 5.720000e-04 3.721040e-01
377 6.272360e-01 5.440000e-04 3.722200e-01
378 6.271240e-01 5.560000e-04 3.723200e-01
379 6.270000e-01 5.640000e-04 3.724360e-01
380 6.268960e-01 5.600000e-04 3.725440e-01
381 6.268040e-01 5.480000e-04 3.726480e-01
382 6.266800e-01 5.440000e-04 3.727760e-01
383 6.265840e-01 5.480000e-04 3.728680e-01
384 6.264640e-01 5.680000e-04 3.729680e-01
385 6.263560e-01 5.640000e-04 3.730800e-01
386 6.262760e-01 5.440000e-04 3.731800e-01
387 6.262120e-01 5.080000e-04 3.732800e-01
388 6.261560e-01 4.840000e-04 3.733600e-01
389 6.260680e-01 5.000000e-04 3.734320e-01
390 6.260080e-01 4.520000e-04 3.735400e-01
391 6.259400e-01 4.440000e-04 3.736160e-01
392 6.258760e-01 4.400000e-04 3.736840e-01
393 6.257960e-01 4.520000e-04 3.737520e-01
394 6.257120e-01 4.560000e-04 3.738320e-01
395 6.256720e-01 4.080000e-04 3.739200e-01
396 6.256160e-01 4.160000e-04 3.739680e-01
397 6.255880e-01 4.040000e-04 3.740080e-01
398 6.255320e-01 4.000000e-04 3.740680e-01
399 6.254920e-01 3.720000e-04 3.741360e-01
400 6.254400e-01 3.600000e-04 3.742000e-01
401 6.253480e-01 4.040000e-04 3.742480e-01
402 6.253280e-01 3.480000e-04 3.743240e-01
403 6.252920e-01 3.280000e-04 3.743800e-01
404 6.252480e-01 3.160000e-04 3.744360e-01
405 6.251880e-01 3.280000e-04 3.744840e-01
406 6.251360e-01 3.320000e-04 3.745320e-01
407 6.251160e-01 2.880000e-04 3.745960e-01
408 6.250680e-01 3.040000e-04 3.746280e-01
409 6.249920e-01 3.200000e-04 3.746880e-01
410 6.248960e-01 3.840000e-04 3.747200e-01
411 6.248160e-01 4.320000e-04 3.747520e-01
412 6.247600e-01 4.080000e-04 3.748320e-01
413 6.247120e-01 4.040000e-04 3.748840e-01
414 6.245760e-01 4.840000e-04 3.749400e-01
415 6.244880e-01 5.000000e-04 3.750120e-01
416 6.244360e-01 4.920000e-04 3.750720e-01
417 6.243480e-01 4.960000e-04 3.751560e-01
418 6.243040e-01 4.600000e-04 3.752360e-01
419 6.242360e-01 4.360000e-04 3.753280e-01
420 6.241840e-01 4.360000e-04 3.753800e-01
421 6.241200e-01 4.080000e-04 3.754720e-01
422 6.240800e-01 3.640000e-04 3.755560e-01
423 6.240360e-01 3.480000e-04 3.756160e-01
424 6.239760e-01 3.640000e-04 3.756600e-01
425 6.239320e-01 3.480000e-04 3.757200e-01
426 6.238920e-01 3.240000e-04 3.757840e-01
427 6.238560e-01 3.120000e-04 3.758320e-01
428 6.238080e-01 3.240000e-04 3.758680e-01
429 6.237400e-01 3.440000e-04 3.759160e-01
430 6.237080e-01 3.000000e-04 3.759920e-01
431 6.236560e-01 2.840000e-04 3.760600e-01
432 6.236280e-01 2.680000e-04 3.761040e-01
433 6.235960e-01 2.520000e-04 3.761520e-01
434 6.235720e-01 2.320000e-04 3.761960e-01
435 6.235320e-01 2.320000e-04 3.762360e-01
436 6.234760e-01 2.440000e-04 3.762800e-01
437 6.234280e-01 2.600000e-04 3.763120e-01
438 6.233800e-01 2.720000e-04 3.763480e-01
439 6.233400e-01 2.600000e-04 3.764000e-01
440 6.232840e-01 2.960000e-04 3.764200e-01
441 6.232240e-01 2.840000e-04 3.764920e-01
442 6.231400e-01 3.000000e-04 3.765600e-01
443 6.230720e-01 3.240000e-04 3.766040e-01
444 6.229760e-01 3.560000e-04 3.766680e-01
445 6.228760e-01 3.960000e-04 3.767280e-01
446 6.228200e-01 4.160000e-04 3.767640e-01
447 6.227680e-01 4.360000e-04 3.767960e-01
448 6.226960e-01 4.320000e-04 3.768720e-01
449 6.226040e-01 4.360000e-04 3.769600e-01
450 6.225480e-01 4.120000e-04 3.770400e-01
451 6.224600e-01 4.240000e-04 3.771160e-01
452 6.224000e-01 4.080000e-04 3.771920e-01
453 6.223200e-01 4.080000e-04 3.772720e-01
454 6.222320e-01 4.480000e-04 3.773200e-01
455 6.221560e-01 4.400000e-04 3.774040e-01
456 6.221000e-01 4.040000e-04 3.774960e-01
457 6.219840e-01 4.760000e-04 3.775400e-01
458 6.218960e-01 4.960000e-04 3.776080e-01
459 6.218160e-01 5.080000e-04 3.776760e-01
460 6.217280e-01 5.040000e-04 3.777680e-01
461 6.216560e-01 4.880000e-04 3.778560e-01
462 6.215800e-01 4.800000e-04 3.779400e-01
463 6.215120e-01 4.240000e-04 3.780640e-01
464 6.214200e-01 4.400000e-04 3.781400e-01
465 6.213520e-01 4.600000e-04 3.781880e-01
466 6.212640e-01 4.760000e-04 3.782600e-01
467 6.211720e-01 4.760000e-04 3.783520e-01
468 6.210920e-01 4.600000e-04 3.784480e-01
469 6.210000e-01 4.640000e-04 3.785360e-01
470 6.209400e-01 4.440000e-04 3.786160e-01
471 6.209000e-01 3.880000e-04 3.787120e-01
472 6.208440e-01 3.560000e-04 3.788000e-01
473 6.208160e-01 3.320000e-04 3.788520e-01
474 6.207600e-01 3.160000e-04 3.789240e-01
475 6.207040e-01 3.080000e-04 3.789880e-01
476 6.206560e-01 2.800000e-04 3.790640e-01
477 6.205720e-01 2.760000e-04 3.791520e-01
478 6.205240e-01 2.720000e-04 3.792040e-01
479 6.204880e-01 2.760000e-04 3.792360e-01
480 6.204280e-01 3.000000e-04 3.792720e-01
481 6.203720e-01 2.960000e-04 3.793320e-01
482 6.203280e-01 2.880000e-04 3.793840e-01
483 6.202960e-01 2.720000e-04 3.794320e-01
484 6.202360e-01 2.880000e-04 3.794760e-01
485 6.202000e-01 2.640000e-04 3.795360e-01
486 6.201520e-01 2.680000e-04 3.795800e-01
487 6.201120e-01 2.520000e-04 3.796360e-01
488 6.200560e-01 2.640000e-04 3.796800e-01
489 6.200280e-01 2.680000e-04 3.797040e-01
490 6.199920e-01 2.520000e-04 3.797560e-01
491 6.199720e-01 2.360000e-04 3.797920e-01
492 6.199240e-01 2.680000e-04 3.798080e-01
493 6.198600e-01 2.960000e-04 3.798440e-01
494 6.198120e-01 2.880000e-04 3.799000e-01
495 6.197400e-01 3.160000e-04 3.799440e-01
496 6.196760e-01 3.320000e-04 3.799920e-01
497 6.196320e-01 3.360000e-04 3.800320e-01
498 6.195600e-01 3.440000e-04 3.800960e-01
499 6.194760e-01 3.920000e-04 3.801320e-01
500 6.194120e-01 4.000000e-04 3.801880e-01
