1 9.991920e-01 6.920000e-04 1.160000e-04
2 9.987080e-01 1.056000e-03 2.360000e-04
3 9.980520e-01 1.448000e-03 5.000000e-04
4 9.973760e-01 1.848000e-03 7.760000e-04
5 9.964920e-01 2.412000e-03 1.096000e-03
6 9.956320e-01 2.872000e-03 1.496000e-03
7 9.946720e-01 3.288000e-03 2.040000e-03
8 9.937440e-01 3.588000e-03 2.668000e-03
9 9.926640e-01 4.040000e-03 3.296000e-03
10 9.916960e-01 4.236000e-03 4.068000e-03
11 9.905720e-01 4.656000e-03 4.772000e-03
12 9.893160e-01 5.064000e-03 5.620000e-03
13 9.882400e-01 5.288000e-03 6.472000e-03
14 9.870080e-01 5.572000e-03 7.420000e-03
15 9.858960e-01 5.752000e-03 8.352000e-03
16 9.846760e-01 5.956000e-03 9.368000e-03
17 9.834000e-01 6.160000e-03 1.044000e-02
18 9.821480e-01 6.332000e-03 1.152000e-02
19 9.808840e-01 6.472000e-03 1.264400e-02
20 9.795360e-01 6.748000e-03 1.371600e-02
21 9.781160e-01 6.940000e-03 1.494400e-02
22 9.767000e-01 7.108000e-03 1.619200e-02
23 9.753800e-01 7.184000e-03 1.743600e-02
24 9.739280e-01 7.200000e-03 1.887200e-02
25 9.724920e-01 7.316000e-03 2.019200e-02
26 9.710040e-01 7.512000e-03 2.148400e-02
27 9.694760e-01 7.752000e-03 2.277200e-02
28 9.679680e-01 7.896000e-03 2.413600e-02
29 9.664440e-01 7.984000e-03 2.557200e-02
30 9.649440e-01 7.988000e-03 2.706800e-02
31 9.633880e-01 8.148000e-03 2.846400e-02
32 9.618320e-01 8.304000e-03 2.986400e-02
33 9.601760e-01 8.668000e-03 3.115600e-02
34 9.584840e-01 8.836000e-03 3.268000e-02
35 9.567320e-01 9.052000e-03 3.421600e-02
36 9.551080e-01 9.064000e-03 3.582800e-02
37 9.534600e-01 9.148000e-03 3.739200e-02
38 9.518680e-01 9.080000e-03 3.905200e-02
39 9.501720e-01 9.168000e-03 4.066000e-02
40 9.483960e-01 9.328000e-03 4.227600e-02
41 9.467640e-01 9.216000e-03 4.402000e-02
42 9.450960e-01 9.332000e-03 4.557200e-02
43 9.432880e-01 9.456000e-03 4.725600e-02
44 9.416600e-01 9.340000e-03 4.900000e-02
45 9.398040e-01 9.604000e-03 5.059200e-02
46 9.380160e-01 9.608000e-03 5.237600e-02
47 9.361640e-01 9.652000e-03 5.418400e-02
48 9.344600e-01 9.600000e-03 5.594000e-02
49 9.328280e-01 9.672000e-03 5.750000e-02
50 9.311400e-01 9.696000e-03 5.916400e-02
51 9.293800e-01 9.704000e-03 6.091600e-02
52 9.276760e-01 9.516000e-03 6.280800e-02
53 9.260720e-01 9.496000e-03 6.443200e-02
54 9.241720e-01 9.588000e-03 6.624000e-02
55 9.225560e-01 9.616000e-03 6.782800e-02
56 9.207800e-01 9.692000e-03 6.952800e-02
57 9.192400e-01 9.604000e-03 7.115600e-02
58 9.178000e-01 9.336000e-03 7.286400e-02
59 9.161640e-01 9.360000e-03 7.447600e-02
60 9.144440e-01 9.160000e-03 7.639600e-02
61 9.128840e-01 9.280000e-03 7.783600e-02
62 9.113320e-01 9.104000e-03 7.956400e-02
63 9.096160e-01 9.132000e-03 8.125200e-02
64 9.080120e-01 9.204000e-03 8.278400e-02
65 9.063840e-01 9.156000e-03 8.446000e-02
66 9.045800e-01 9.260000e-03 8.616000e-02
67 9.028320e-01 9.440000e-03 8.772800e-02
68 9.012040e-01 9.372000e-03 8.942400e-02
69 8.995240e-01 9.432000e-03 9.104400e-02
70 8.977840e-01 9.440000e-03 9.277600e-02
71 8.959040e-01 9.644000e-03 9.445200e-02
72 8.941880e-01 9.540000e-03 9.627200e-02
73 8.923160e-01 9.656000e-03 9.802800e-02
74 8.906120e-01 9.708000e-03 9.968000e-02
75 8.890480e-01 9.552000e-03 1.014000e-01
76 8.872800e-01 9.600000e-03 1.031200e-01
77 8.856640e-01 9.536000e-03 1.048000e-01
78 8.841480e-01 9.356000e-03 1.064960e-01
79 8.825320e-01 9.336000e-03 1.081320e-01
80 8.808160e-01 9.428000e-03 1.097560e-01
81 8.791360e-01 9.408000e-03 1.114560e-01
82 8.774920e-01 9.376000e-03 1.131320e-01
83 8.758040e-01 9.432000e-03 1.147640e-01
84 8.740520e-01 9.544000e-03 1.164040e-01
85 8.723880e-01 9.356000e-03 1.182560e-01
86 8.707440e-01 9.408000e-03 1.198480e-01
87 8.690040e-01 9.580000e-03 1.214160e-01
88 8.673320e-01 9.508000e-03 1.231600e-01
89 8.657600e-01 9.280000e-03 1.249600e-01
90 8.641040e-01 9.280000e-03 1.266160e-01
91 8.625120e-01 9.324000e-03 1.281640e-01
92 8.608720e-01 9.272000e-03 1.298560e-01
93 8.591240e-01 9.292000e-03 1.315840e-01
94 8.574960e-01 9.276000e-03 1.332280e-01
95 8.557360e-01 9.408000e-03 1.348560e-01
96 8.541360e-01 9.376000e-03 1.364880e-01
97 8.525960e-01 9.192000e-03 1.382120e-01
98 8.511840e-01 9.032000e-03 1.397840e-01
99 8.496600e-01 8.972000e-03 1.413680e-01
100 8.481320e-01 9.128000e-03 1.427400e-01
101 8.463960e-01 9.140000e-03 1.444640e-01
102 8.445800e-01 9.416000e-03 1.460040e-01
103 8.429280e-01 9.368000e-03 1.477040e-01
104 8.411920e-01 9.532000e-03 1.492760e-01
105 8.395440e-01 9.604000e-03 1.508520e-01
106 8.378040e-01 9.568000e-03 1.526280e-01
107 8.361920e-01 9.468000e-03 1.543400e-01
108 8.345680e-01 9.428000e-03 1.560040e-01
109 8.329920e-01 9.336000e-03 1.576720e-01
110 8.312800e-01 9.556000e-03 1.591640e-01
111 8.295720e-01 9.508000e-03 1.609200e-01
112 8.279800e-01 9.348000e-03 1.626720e-01
113 8.264120e-01 9.180000e-03 1.644080e-01
114 8.247840e-01 9.328000e-03 1.658880e-01
115 8.232400e-01 9.168000e-03 1.675920e-01
116 8.217360e-01 9.072000e-03 1.691920e-01
117 8.201120e-01 9.140000e-03 1.707480e-01
118 8.185440e-01 9.288000e-03 1.721680e-01
119 8.169520e-01 9.152000e-03 1.738960e-01
120 8.153680e-01 9.020000e-03 1.756120e-01
121 8.137640e-01 9.044000e-03 1.771920e-01
122 8.123040e-01 8.696000e-03 1.790000e-01
123 8.108200e-01 8.724000e-03 1.804560e-01
124 8.093680e-01 8.612000e-03 1.820200e-01
125 8.077080e-01 8.816000e-03 1.834760e-01
126 8.062840e-01 8.660000e-03 1.850560e-01
127 8.048800e-01 8.552000e-03 1.865680e-01
128 8.034560e-01 8.412000e-03 1.881320e-01
129 8.021240e-01 8.288000e-03 1.895880e-01
130 8.008560e-01 8.140000e-03 1.910040e-01
131 7.995400e-01 7.920000e-03 1.925400e-01
132 7.983320e-01 7.836000e-03 1.938320e-01
133 7.970600e-01 7.724000e-03 1.952160e-01
134 7.958120e-01 7.572000e-03 1.966160e-01
135 7.944080e-01 7.632000e-03 1.979600e-01
136 7.930800e-01 7.664000e-03 1.992560e-01
137 7.917880e-01 7.660000e-03 2.005520e-01
138 7.904360e-01 7.520000e-03 2.020440e-01
139 7.892720e-01 7.296000e-03 2.034320e-01
140 7.880520e-01 7.252000e-03 2.046960e-01
141 7.868080e-01 7.252000e-03 2.059400e-01
142 7.855200e-01 7.296000e-03 2.071840e-01
143 7.842960e-01 7.328000e-03 2.083760e-01
144 7.831440e-01 7.152000e-03 2.097040e-01
145 7.818520e-01 7.156000e-03 2.109920e-01
146 7.805160e-01 7.212000e-03 2.122720e-01
147 7.791680e-01 7.364000e-03 2.134680e-01
148 7.778560e-01 7.520000e-03 2.146240e-01
149 7.764560e-01 7.492000e-03 2.160520e-01
150 7.750520e-01 7.536000e-03 2.174120e-01
151 7.737920e-01 7.488000e-03 2.187200e-01
152 7.725120e-01 7.488000e-03 2.200000e-01
153 7.710160e-01 7.712000e-03 2.212720e-01
154 7.696360e-01 7.536000e-03 2.228280e-01
155 7.683440e-01 7.520000e-03 2.241360e-01
156 7.669960e-01 7.508000e-03 2.254960e-01
157 7.655960e-01 7.588000e-03 2.268160e-01
158 7.642680e-01 7.484000e-03 2.282480e-01
159 7.628520e-01 7.548000e-03 2.296000e-01
160 7.615080e-01 7.660000e-03 2.308320e-01
161 7.602360e-01 7.616000e-03 2.321480e-01
162 7.588600e-01 7.736000e-03 2.334040e-01
163 7.575360e-01 7.672000e-03 2.347920e-01
164 7.561640e-01 7.720000e-03 2.361160e-01
165 7.547200e-01 7.840000e-03 2.374400e-01
166 7.532880e-01 7.872000e-03 2.388400e-01
167 7.518800e-01 7.948000e-03 2.401720e-01
168 7.506720e-01 7.732000e-03 2.415960e-01
169 7.492920e-01 7.876000e-03 2.428320e-01
170 7.479560e-01 7.904000e-03 2.441400e-01
171 7.466200e-01 7.792000e-03 2.455880e-01
172 7.454080e-01 7.696000e-03 2.468960e-01
173 7.441320e-01 7.448000e-03 2.484200e-01
174 7.428280e-01 7.416000e-03 2.497560e-01
175 7.417720e-01 7.224000e-03 2.510040e-01
176 7.407480e-01 6.932000e-03 2.523200e-01
177 7.396840e-01 6.812000e-03 2.535040e-01
178 7.385560e-01 6.776000e-03 2.546680e-01
179 7.373080e-01 6.792000e-03 2.559000e-01
180 7.362720e-01 6.656000e-03 2.570720e-01
181 7.352360e-01 6.516000e-03 2.582480e-01
182 7.341720e-01 6.372000e-03 2.594560e-01
183 7.332400e-01 6.140000e-03 2.606200e-01
184 7.321960e-01 6.160000e-03 2.616440e-01
185 7.312320e-01 6.136000e-03 2.626320e-01
186 7.300880e-01 6.164000e-03 2.637480e-01
187 7.289040e-01 6.340000e-03 2.647560e-01
188 7.278440e-01 6.364000e-03 2.657920e-01
189 7.265640e-01 6.376000e-03 2.670600e-01
190 7.255800e-01 6.292000e-03 2.681280e-01
191 7.245760e-01 6.164000e-03 2.692600e-01
192 7.235080e-01 6.256000e-03 2.702360e-01
193 7.225120e-01 6.252000e-03 2.712360e-01
194 7.215520e-01 6.160000e-03 2.722880e-01
195 7.206160e-01 6.028000e-03 2.733560e-01
196 7.195920e-01 5.988000e-03 2.744200e-01
197 7.187280e-01 5.756000e-03 2.755160e-01
198 7.177920e-01 5.772000e-03 2.764360e-01
199 7.167600e-01 5.804000e-03 2.774360e-01
200 7.157400e-01 5.864000e-03 2.783960e-01
201 7.147600e-01 5.808000e-03 2.794320e-01
202 7.138280e-01 5.692000e-03 2.804800e-01
203 7.129000e-01 5.768000e-03 2.813320e-01
204 7.118720e-01 5.676000e-03 2.824520e-01
205 7.111200e-01 5.472000e-03 2.834080e-01
206 7.103840e-01 5.240000e-03 2.843760e-01
207 7.095800e-01 5.160000e-03 2.852600e-01
208 7.088240e-01 4.976000e-03 2.862000e-01
209 7.079800e-01 4.968000e-03 2.870520e-01
210 7.072960e-01 4.720000e-03 2.879840e-01
211 7.065360e-01 4.600000e-03 2.888640e-01
212 7.058280e-01 4.476000e-03 2.896960e-01
213 7.050280e-01 4.540000e-03 2.904320e-01
214 7.044000e-01 4.380000e-03 2.912200e-01
215 7.036680e-01 4.332000e-03 2.920000e-01
216 7.029600e-01 4.220000e-03 2.928200e-01
217 7.022240e-01 4.236000e-03 2.935400e-01
218 7.015440e-01 4.220000e-03 2.942360e-01
219 7.008120e-01 4.276000e-03 2.949120e-01
220 7.001720e-01 4.156000e-03 2.956720e-01
221 6.994760e-01 4.032000e-03 2.964920e-01
222 6.988000e-01 4.048000e-03 2.971520e-01
223 6.981000e-01 3.972000e-03 2.979280e-01
224 6.974840e-01 3.864000e-03 2.986520e-01
225 6.967440e-01 3.908000e-03 2.993480e-01
226 6.961480e-01 3.868000e-03 2.999840e-01
227 6.955120e-01 3.844000e-03 3.006440e-01
228 6.948880e-01 3.780000e-03 3.013320e-01
229 6.942920e-01 3.684000e-03 3.020240e-01
230 6.938200e-01 3.556000e-03 3.026240e-01
231 6.932760e-01 3.440000e-03 3.032840e-01
232 6.927520e-01 3.324000e-03 3.039240e-01
233 6.922440e-01 3.280000e-03 3.044760e-01
234 6.917360e-01 3.184000e-03 3.050800e-01
235 6.911640e-01 3.156000e-03 3.056800e-01
236 6.905840e-01 3.156000e-03 3.062600e-01
237 6.900040e-01 3.148000e-03 3.068480e-01
238 6.893960e-01 3.216000e-03 3.073880e-01
239 6.888560e-01 3.200000e-03 3.079440e-01
240 6.883280e-01 3.168000e-03 3.085040e-01
241 6.876640e-01 3.324000e-03 3.090120e-01
242 6.872360e-01 3.136000e-03 3.096280e-01
243 6.866840e-01 3.160000e-03 3.101560e-01
244 6.861360e-01 3.180000e-03 3.106840e-01
245 6.857000e-01 3.152000e-03 3.111480e-01
246 6.851920e-01 3.096000e-03 3.117120e-01
247 6.847320e-01 3.072000e-03 3.121960e-01
248 6.843720e-01 2.844000e-03 3.127840e-01
249 6.839480e-01 2.768000e-03 3.132840e-01
250 6.835360e-01 2.708000e-03 3.137560e-01
251 6.830120e-01 2.804000e-03 3.141840e-01
252 6.825440e-01 2.752000e-03 3.147040e-01
253 6.820960e-01 2.772000e-03 3.151320e-01
254 6.816720e-01 2.664000e-03 3.156640e-01
255 6.813080e-01 2.556000e-03 3.161360e-01
256 6.808200e-01 2.572000e-03 3.166080e-01
257 6.804200e-01 2.480000e-03 3.171000e-01
258 6.799120e-01 2.592000e-03 3.174960e-01
259 6.794240e-01 2.660000e-03 3.179160e-01
260 6.788920e-01 2.716000e-03 3.183920e-01
261 6.784320e-01 2.772000e-03 3.187960e-01
262 6.779280e-01 2.796000e-03 3.192760e-01
263 6.774480e-01 2.792000e-03 3.197600e-01
264 6.770440e-01 2.672000e-03 3.202840e-01
265 6.765840e-01 2.656000e-03 3.207600e-01
266 6.761200e-01 2.676000e-03 3.212040e-01
267 6.756720e-01 2.632000e-03 3.216960e-01
268 6.751920e-01 2.588000e-03 3.222200e-01
269 6.748280e-01 2.452000e-03 3.227200e-01
270 6.744360e-01 2.400000e-03 3.231640e-01
271 6.739600e-01 2.480000e-03 3.235600e-01
272 6.736040e-01 2.368000e-03 3.240280e-01
273 6.732400e-01 2.368000e-03 3.243920e-01
274 6.728040e-01 2.380000e-03 3.248160e-01
275 6.724320e-01 2.380000e-03 3.251880e-01
276 6.720400e-01 2.344000e-03 3.256160e-01
277 6.716040e-01 2.400000e-03 3.259960e-01
278 6.711320e-01 2.448000e-03 3.264200e-01
279 6.707320e-01 2.368000e-03 3.269000e-01
280 6.703040e-01 2.428000e-03 3.272680e-01
281 6.698760e-01 2.436000e-03 3.276880e-01
282 6.694080e-01 2.552000e-03 3.280400e-01
283 6.690000e-01 2.556000e-03 3.284440e-01
284 6.684880e-01 2.640000e-03 3.288720e-01
285 6.679880e-01 2.728000e-03 3.292840e-01
286 6.674440e-01 2.788000e-03 3.297680e-01
287 6.669720e-01 2.784000e-03 3.302440e-01
288 6.664240e-01 2.848000e-03 3.307280e-01
289 6.659800e-01 2.748000e-03 3.312720e-01
290 6.654600e-01 2.736000e-03 3.318040e-01
291 6.650400e-01 2.680000e-03 3.322800e-01
292 6.645440e-01 2.708000e-03 3.327480e-01
293 6.641040e-01 2.688000e-03 3.332080e-01
294 6.637440e-01 2.544000e-03 3.337120e-01
295 6.633800e-01 2.532000e-03 3.340880e-01
296 6.629760e-01 2.460000e-03 3.345640e-01
297 6.625800e-01 2.376000e-03 3.350440e-01
298 6.621760e-01 2.448000e-03 3.353760e-01
299 6.617640e-01 2.496000e-03 3.357400e-01
300 6.613600e-01 2.428000e-03 3.362120e-01
301 6.610360e-01 2.300000e-03 3.366640e-01
302 6.606960e-01 2.184000e-03 3.371200e-01
303 6.603880e-01 2.116000e-03 3.374960e-01
304 6.600600e-01 2.064000e-03 3.378760e-01
305 6.597360e-01 1.964000e-03 3.383000e-01
306 6.593840e-01 1.952000e-03 3.386640e-01
307 6.589960e-01 1.940000e-03 3.390640e-01
308 6.585400e-01 2.008000e-03 3.394520e-01
309 6.580320e-01 2.152000e-03 3.398160e-01
310 6.575640e-01 2.232000e-03 3.402040e-01
311 6.570880e-01 2.376000e-03 3.405360e-01
312 6.566120e-01 2.380000e-03 3.410080e-01
313 6.562000e-01 2.364000e-03 3.414360e-01
314 6.558040e-01 2.356000e-03 3.418400e-01
315 6.554240e-01 2.312000e-03 3.422640e-01
316 6.550640e-01 2.216000e-03 3.427200e-01
317 6.547640e-01 2.096000e-03 3.431400e-01
318 6.544680e-01 2.028000e-03 3.435040e-01
319 6.541480e-01 2.008000e-03 3.438440e-01
320 6.537360e-01 2.072000e-03 3.441920e-01
321 6.534320e-01 2.024000e-03 3.445440e-01
322 6.531000e-01 2.024000e-03 3.448760e-01
323 6.527880e-01 2.000000e-03 3.452120e-01
324 6.524600e-01 2.012000e-03 3.455280e-01
325 6.521720e-01 1.932000e-03 3.458960e-01
326 6.518680e-01 1.900000e-03 3.462320e-01
327 6.515400e-01 1.884000e-03 3.465760e-01
328 6.512400e-01 1.848000e-03 3.469120e-01
329 6.508440e-01 1.900000e-03 3.472560e-01
330 6.504560e-01 1.988000e-03 3.475560e-01
331 6.500720e-01 2.004000e-03 3.479240e-01
332 6.497560e-01 1.968000e-03 3.482760e-01
333 6.493920e-01 1.976000e-03 3.486320e-01
334 6.490680e-01 1.932000e-03 3.490000e-01
335 6.487360e-01 1.944000e-03 3.493200e-01
336 6.484160e-01 1.960000e-03 3.496240e-01
337 6.480640e-01 1.984000e-03 3.499520e-01
338 6.476880e-01 2.020000e-03 3.502920e-01
339 6.474000e-01 1.976000e-03 3.506240e-01
340 6.471080e-01 1.912000e-03 3.509800e-01
341 6.468560e-01 1.884000e-03 3.512600e-01
342 6.465600e-01 1.864000e-03 3.515760e-01
343 6.462800e-01 1.916000e-03 3.518040e-01
344 6.460160e-01 1.880000e-03 3.521040e-01
345 6.457880e-01 1.816000e-03 3.523960e-01
346 6.455320e-01 1.792000e-03 3.526760e-01
347 6.452520e-01 1.780000e-03 3.529680e-01
348 6.449960e-01 1.768000e-03 3.532360e-01
349 6.446600e-01 1.756000e-03 3.535840e-01
350 6.442760e-01 1.844000e-03 3.538800e-01
351 6.440080e-01 1.828000e-03 3.541640e-01
352 6.437120e-01 1.804000e-03 3.544840e-01
353 6.434040e-01 1.788000e-03 3.548080e-01
354 6.430760e-01 1.828000e-03 3.550960e-01
355 6.427760e-01 1.780000e-03 3.554440e-01
356 6.425040e-01 1.716000e-03 3.557800e-01
357 6.421680e-01 1.720000e-03 3.561120e-01
358 6.418240e-01 1.792000e-03 3.563840e-01
359 6.415200e-01 1.820000e-03 3.566600e-01
360 6.411920e-01 1.820000e-03 3.569880e-01
361 6.407840e-01 1.956000e-03 3.572600e-01
362 6.404840e-01 1.876000e-03 3.576400e-01
363 6.401240e-01 1.888000e-03 3.579880e-01
364 6.398920e-01 1.820000e-03 3.582880e-01
365 6.396200e-01 1.776000e-03 3.586040e-01
366 6.393000e-01 1.816000e-03 3.588840e-01
367 6.390640e-01 1.740000e-03 3.591960e-01
368 6.388600e-01 1.568000e-03 3.595720e-01
369 6.386440e-01 1.560000e-03 3.597960e-01
370 6.383160e-01 1.628000e-03 3.600560e-01
371 6.380200e-01 1.628000e-03 3.603520e-01
372 6.377600e-01 1.588000e-03 3.606520e-01
373 6.375200e-01 1.584000e-03 3.608960e-01
374 6.371600e-01 1.648000e-03 3.611920e-01
375 6.368360e-01 1.676000e-03 3.614880e-01
376 6.365080e-01 1.672000e-03 3.618200e-01
377 6.361360e-01 1.704000e-03 3.621600e-01
378 6.358160e-01 1.680000e-03 3.625040e-01
379 6.354640e-01 1.720000e-03 3.628160e-01
380 6.351800e-01 1.680000e-03 3.631400e-01
381 6.348720e-01 1.760000e-03 3.633680e-01
382 6.344960e-01 1.868000e-03 3.636360e-01
383 6.341560e-01 1.888000e-03 3.639560e-01
384 6.338480e-01 1.840000e-03 3.643120e-01
385 6.335240e-01 1.816000e-03 3.646600e-01
386 6.332160e-01 1.764000e-03 3.650200e-01
387 6.328760e-01 1.796000e-03 3.653280e-01
388 6.325280e-01 1.840000e-03 3.656320e-01
389 6.322320e-01 1.760000e-03 3.660080e-01
390 6.319840e-01 1.704000e-03 3.663120e-01
391 6.317800e-01 1.660000e-03 3.665600e-01
392 6.314720e-01 1.696000e-03 3.668320e-01
393 6.311360e-01 1.704000e-03 3.671600e-01
394 6.308120e-01 1.748000e-03 3.674400e-01
395 6.305560e-01 1.740000e-03 3.677040e-01
396 6.302120e-01 1.744000e-03 3.680440e-01
397 6.298840e-01 1.728000e-03 3.683880e-01
398 6.296520e-01 1.664000e-03 3.686840e-01
399 6.293960e-01 1.596000e-03 3.690080e-01
400 6.291240e-01 1.596000e-03 3.692800e-01
401 6.288680e-01 1.580000e-03 3.695520e-01
402 6.286400e-01 1.500000e-03 3.698600e-01
403 6.283120e-01 1.500000e-03 3.701880e-01
404 6.280280e-01 1.496000e-03 3.704760e-01
405 6.277360e-01 1.520000e-03 3.707440e-01
406 6.274400e-01 1.552000e-03 3.710080e-01
407 6.271240e-01 1.568000e-03 3.713080e-01
408 6.268240e-01 1.584000e-03 3.715920e-01
409 6.264560e-01 1.672000e-03 3.718720e-01
410 6.260760e-01 1.788000e-03 3.721360e-01
411 6.257000e-01 1.864000e-03 3.724360e-01
412 6.253800e-01 1.868000e-03 3.727520e-01
413 6.250800e-01 1.808000e-03 3.731120e-01
414 6.247720e-01 1.780000e-03 3.734480e-01
415 6.244240e-01 1.836000e-03 3.737400e-01
416 6.241200e-01 1.820000e-03 3.740600e-01
417 6.238120e-01 1.860000e-03 3.743280e-01
418 6.235440e-01 1.812000e-03 3.746440e-01
419 6.232560e-01 1.832000e-03 3.749120e-01
420 6.229760e-01 1.772000e-03 3.752520e-01
421 6.226520e-01 1.756000e-03 3.755920e-01
422 6.223560e-01 1.776000e-03 3.758680e-01
423 6.220600e-01 1.788000e-03 3.761520e-01
424 6.217560e-01 1.776000e-03 3.764680e-01
425 6.214920e-01 1.720000e-03 3.767880e-01
426 6.212640e-01 1.628000e-03 3.771080e-01
427 6.209360e-01 1.640000e-03 3.774240e-01
428 6.207360e-01 1.544000e-03 3.777200e-01
429 6.205240e-01 1.524000e-03 3.779520e-01
430 6.203120e-01 1.428000e-03 3.782600e-01
431 6.201400e-01 1.372000e-03 3.784880e-01
432 6.199800e-01 1.280000e-03 3.787400e-01
433 6.198360e-01 1.196000e-03 3.789680e-01
434 6.197480e-01 1.016000e-03 3.792360e-01
435 6.196280e-01 9.560000e-04 3.794160e-01
436 6.194760e-01 9.440000e-04 3.795800e-01
437 6.193120e-01 9.840000e-04 3.797040e-01
438 6.191040e-01 9.960000e-04 3.799000e-01
439 6.189240e-01 9.880000e-04 3.800880e-01
440 6.187320e-01 9.800000e-04 3.802880e-01
441 6.185360e-01 1.016000e-03 3.804480e-01
442 6.183360e-01 1.032000e-03 3.806320e-01
443 6.181440e-01 1.044000e-03 3.808120e-01
444 6.179360e-01 1.076000e-03 3.809880e-01
445 6.177640e-01 1.056000e-03 3.811800e-01
446 6.175960e-01 1.048000e-03 3.813560e-01
447 6.174440e-01 9.760000e-04 3.815800e-01
448 6.172760e-01 9.680000e-04 3.817560e-01
449 6.171120e-01 9.960000e-04 3.818920e-01
450 6.169040e-01 1.016000e-03 3.820800e-01
451 6.167480e-01 9.960000e-04 3.822560e-01
452 6.165600e-01 1.000000e-03 3.824400e-01
453 6.163480e-01 1.024000e-03 3.826280e-01
454 6.161800e-01 1.032000e-03 3.827880e-01
455 6.160160e-01 1.012000e-03 3.829720e-01
456 6.158280e-01 1.072000e-03 3.831000e-01
457 6.156280e-01 1.052000e-03 3.833200e-01
458 6.154320e-01 1.068000e-03 3.835000e-01
459 6.152600e-01 1.096000e-03 3.836440e-01
460 6.150000e-01 1.168000e-03 3.838320e-01
461 6.148040e-01 1.088000e-03 3.841080e-01
462 6.145840e-01 1.096000e-03 3.843200e-01
463 6.143920e-01 1.140000e-03 3.844680e-01
464 6.141800e-01 1.180000e-03 3.846400e-01
465 6.140160e-01 1.152000e-03 3.848320e-01
466 6.138320e-01 1.140000e-03 3.850280e-01
467 6.136800e-01 1.084000e-03 3.852360e-01
468 6.134920e-01 1.080000e-03 3.854280e-01
469 6.133320e-01 1.052000e-03 3.856160e-01
470 6.131400e-01 1.044000e-03 3.858160e-01
471 6.129720e-01 1.044000e-03 3.859840e-01
472 6.128080e-01 1.032000e-03 3.861600e-01
473 6.126520e-01 9.720000e-04 3.863760e-01
474 6.124760e-01 1.008000e-03 3.865160e-01
475 6.123160e-01 1.056000e-03 3.866280e-01
476 6.121600e-01 1.048000e-03 3.867920e-01
477 6.119760e-01 1.060000e-03 3.869640e-01
478 6.117800e-01 1.092000e-03 3.871280e-01
479 6.116280e-01 1.084000e-03 3.872880e-01
480 6.114240e-01 1.092000e-03 3.874840e-01
481 6.112640e-01 1.052000e-03 3.876840e-01
482 6.111680e-01 9.520000e-04 3.878800e-01
483 6.110320e-01 9.040000e-04 3.880640e-01
484 6.109120e-01 8.520000e-04 3.882360e-01
485 6.107840e-01 8.520000e-04 3.883640e-01
486 6.106000e-01 9.160000e-04 3.884840e-01
487 6.104440e-01 9.320000e-04 3.886240e-01
488 6.102600e-01 9.800000e-04 3.887600e-01
489 6.101160e-01 9.440000e-04 3.889400e-01
490 6.100080e-01 9.160000e-04 3.890760e-01
491 6.099040e-01 8.720000e-04 3.892240e-01
492 6.097880e-01 8.080000e-04 3.894040e-01
493 6.097000e-01 7.920000e-04 3.895080e-01
494 6.096080e-01 7.400000e-04 3.896520e-01
495 6.095600e-01 6.640000e-04 3.897760e-01
496 6.094640e-01 6.200000e-04 3.899160e-01
497 6.093800e-01 5.800000e-04 3.900400e-01
498 6.093280e-01 5.560000e-04 3.901160e-01
499 6.092640e-01 5.080000e-04 3.902280e-01
500 6.091640e-01 5.160000e-04 3.903200e-01
