1 9.993200e-01 5.880000e-04 9.200000e-05
2 9.987680e-01 1.040000e-03 1.920000e-04
3 9.982280e-01 1.400000e-03 3.720000e-04
4 9.974440e-01 1.908000e-03 6.480000e-04
5 9.965480e-01 2.436000e-03 1.016000e-03
6 9.956840e-01 2.756000e-03 1.560000e-03
7 9.946440e-01 3.172000e-03 2.184000e-03
8 9.937080e-01 3.544000e-03 2.748000e-03
9 9.926680e-01 3.952000e-03 3.380000e-03
10 9.913520e-01 4.552000e-03 4.096000e-03
11 9.900840e-01 5.076000e-03 4.840000e-03
12 9.888880e-01 5.396000e-03 5.716000e-03
13 9.875680e-01 5.708000e-03 6.724000e-03
14 9.861800e-01 6.116000e-03 7.704000e-03
15 9.848800e-01 6.228000e-03 8.892000e-03
16 9.834960e-01 6.380000e-03 1.012400e-02
17 9.821320e-01 6.620000e-03 1.124800e-02
18 9.808320e-01 6.672000e-03 1.249600e-02
19 9.796280e-01 6.716000e-03 1.365600e-02
20 9.782240e-01 6.824000e-03 1.495200e-02
21 9.767960e-01 6.956000e-03 1.624800e-02
22 9.755160e-01 7.096000e-03 1.738800e-02
23 9.740400e-01 7.364000e-03 1.859600e-02
24 9.726840e-01 7.440000e-03 1.987600e-02
25 9.712680e-01 7.600000e-03 2.113200e-02
26 9.697640e-01 7.772000e-03 2.246400e-02
27 9.683680e-01 7.796000e-03 2.383600e-02
28 9.668720e-01 7.976000e-03 2.515200e-02
29 9.652240e-01 8.172000e-03 2.660400e-02
30 9.634960e-01 8.484000e-03 2.802000e-02
31 9.617280e-01 8.792000e-03 2.948000e-02
32 9.598440e-01 9.052000e-03 3.110400e-02
33 9.580240e-01 9.356000e-03 3.262000e-02
34 9.560800e-01 9.696000e-03 3.422400e-02
35 9.542240e-01 9.736000e-03 3.604000e-02
36 9.522720e-01 1.000800e-02 3.772000e-02
37 9.505160e-01 1.006400e-02 3.942000e-02
38 9.486720e-01 1.024000e-02 4.108800e-02
39 9.469160e-01 1.013200e-02 4.295200e-02
40 9.450400e-01 1.016800e-02 4.479200e-02
41 9.432240e-01 1.015200e-02 4.662400e-02
42 9.415560e-01 1.011600e-02 4.832800e-02
43 9.398040e-01 1.018400e-02 5.001200e-02
44 9.379240e-01 1.030400e-02 5.177200e-02
45 9.361720e-01 1.025200e-02 5.357600e-02
46 9.344360e-01 1.022800e-02 5.533600e-02
47 9.325000e-01 1.043200e-02 5.706800e-02
48 9.304800e-01 1.072400e-02 5.879600e-02
49 9.286480e-01 1.067200e-02 6.068000e-02
50 9.265880e-01 1.083600e-02 6.257600e-02
51 9.247320e-01 1.091600e-02 6.435200e-02
52 9.228160e-01 1.079600e-02 6.638800e-02
53 9.209120e-01 1.100400e-02 6.808400e-02
54 9.187080e-01 1.124000e-02 7.005200e-02
55 9.166600e-01 1.136000e-02 7.198000e-02
56 9.146560e-01 1.122800e-02 7.411600e-02
57 9.124920e-01 1.134800e-02 7.616000e-02
58 9.105320e-01 1.130800e-02 7.816000e-02
59 9.084840e-01 1.141200e-02 8.010400e-02
60 9.065920e-01 1.126400e-02 8.214400e-02
61 9.046280e-01 1.142000e-02 8.395200e-02
62 9.026640e-01 1.140800e-02 8.592800e-02
63 9.005160e-01 1.155600e-02 8.792800e-02
64 8.984480e-01 1.160000e-02 8.995200e-02
65 8.962480e-01 1.188400e-02 9.186800e-02
66 8.941800e-01 1.191200e-02 9.390800e-02
67 8.921680e-01 1.185600e-02 9.597600e-02
68 8.902240e-01 1.184000e-02 9.793600e-02
69 8.882000e-01 1.186400e-02 9.993600e-02
70 8.863320e-01 1.179200e-02 1.018760e-01
71 8.844280e-01 1.169600e-02 1.038760e-01
72 8.823080e-01 1.176000e-02 1.059320e-01
73 8.802800e-01 1.179600e-02 1.079240e-01
74 8.782080e-01 1.184800e-02 1.099440e-01
75 8.760800e-01 1.178800e-02 1.121320e-01
76 8.739800e-01 1.184000e-02 1.141800e-01
77 8.718200e-01 1.187200e-02 1.163080e-01
78 8.698240e-01 1.181600e-02 1.183600e-01
79 8.676840e-01 1.177200e-02 1.205440e-01
80 8.656360e-01 1.178800e-02 1.225760e-01
81 8.636840e-01 1.170000e-02 1.246160e-01
82 8.616240e-01 1.169200e-02 1.266840e-01
83 8.597760e-01 1.143600e-02 1.287880e-01
84 8.579120e-01 1.129600e-02 1.307920e-01
85 8.560200e-01 1.126000e-02 1.327200e-01
86 8.540160e-01 1.135200e-02 1.346320e-01
87 8.520840e-01 1.126400e-02 1.366520e-01
88 8.502680e-01 1.113600e-02 1.385960e-01
89 8.483920e-01 1.099600e-02 1.406120e-01
90 8.465800e-01 1.083600e-02 1.425840e-01
91 8.447120e-01 1.084000e-02 1.444480e-01
92 8.427720e-01 1.074800e-02 1.464800e-01
93 8.407120e-01 1.086000e-02 1.484280e-01
94 8.388440e-01 1.090800e-02 1.502480e-01
95 8.370800e-01 1.081600e-02 1.521040e-01
96 8.352600e-01 1.074800e-02 1.539920e-01
97 8.334200e-01 1.064000e-02 1.559400e-01
98 8.317680e-01 1.045200e-02 1.577800e-01
99 8.298480e-01 1.046400e-02 1.596880e-01
100 8.280400e-01 1.049200e-02 1.614680e-01
101 8.262600e-01 1.040000e-02 1.633400e-01
102 8.243160e-01 1.058800e-02 1.650960e-01
103 8.224400e-01 1.058000e-02 1.669800e-01
104 8.207000e-01 1.033600e-02 1.689640e-01
105 8.190200e-01 1.015200e-02 1.708280e-01
106 8.172680e-01 1.011600e-02 1.726160e-01
107 8.154160e-01 1.012800e-02 1.744560e-01
108 8.137240e-01 9.996000e-03 1.762800e-01
109 8.118120e-01 1.020000e-02 1.779880e-01
110 8.099480e-01 1.022400e-02 1.798280e-01
111 8.082160e-01 1.010800e-02 1.816760e-01
112 8.065600e-01 9.976000e-03 1.834640e-01
113 8.048760e-01 9.960000e-03 1.851640e-01
114 8.033360e-01 9.800000e-03 1.868640e-01
115 8.015320e-01 9.868000e-03 1.886000e-01
116 7.998520e-01 9.848000e-03 1.903000e-01
117 7.981880e-01 9.776000e-03 1.920360e-01
118 7.964280e-01 9.840000e-03 1.937320e-01
119 7.947520e-01 9.712000e-03 1.955360e-01
120 7.930560e-01 9.656000e-03 1.972880e-01
121 7.913880e-01 9.704000e-03 1.989080e-01
122 7.897280e-01 9.720000e-03 2.005520e-01
123 7.880560e-01 9.636000e-03 2.023080e-01
124 7.862880e-01 9.772000e-03 2.039400e-01
125 7.843360e-01 1.003200e-02 2.056320e-01
126 7.825080e-01 1.011200e-02 2.073800e-01
127 7.808040e-01 1.010400e-02 2.090920e-01
128 7.790680e-01 9.980000e-03 2.109520e-01
129 7.774400e-01 9.728000e-03 2.128320e-01
130 7.758120e-01 9.652000e-03 2.145360e-01
131 7.742960e-01 9.520000e-03 2.161840e-01
132 7.726640e-01 9.676000e-03 2.176600e-01
133 7.709880e-01 9.660000e-03 2.193520e-01
134 7.692520e-01 9.704000e-03 2.210440e-01
135 7.675680e-01 9.668000e-03 2.227640e-01
136 7.658800e-01 9.700000e-03 2.244200e-01
137 7.641880e-01 9.788000e-03 2.260240e-01
138 7.624960e-01 9.780000e-03 2.277240e-01
139 7.608280e-01 9.744000e-03 2.294280e-01
140 7.591160e-01 9.832000e-03 2.310520e-01
141 7.576080e-01 9.576000e-03 2.328160e-01
142 7.560640e-01 9.508000e-03 2.344280e-01
143 7.545320e-01 9.296000e-03 2.361720e-01
144 7.529440e-01 9.324000e-03 2.377320e-01
145 7.513000e-01 9.428000e-03 2.392720e-01
146 7.499160e-01 9.172000e-03 2.409120e-01
147 7.482440e-01 9.216000e-03 2.425400e-01
148 7.466800e-01 9.200000e-03 2.441200e-01
149 7.451360e-01 9.152000e-03 2.457120e-01
150 7.436680e-01 9.144000e-03 2.471880e-01
151 7.421840e-01 9.176000e-03 2.486400e-01
152 7.406560e-01 9.076000e-03 2.502680e-01
153 7.390960e-01 8.944000e-03 2.519600e-01
154 7.376480e-01 8.672000e-03 2.536800e-01
155 7.361960e-01 8.668000e-03 2.551360e-01
156 7.347600e-01 8.572000e-03 2.566680e-01
157 7.332400e-01 8.660000e-03 2.581000e-01
158 7.319360e-01 8.532000e-03 2.595320e-01
159 7.305720e-01 8.460000e-03 2.609680e-01
160 7.290920e-01 8.548000e-03 2.623600e-01
161 7.277000e-01 8.440000e-03 2.638600e-01
162 7.263800e-01 8.244000e-03 2.653760e-01
163 7.250720e-01 8.204000e-03 2.667240e-01
164 7.234240e-01 8.504000e-03 2.680720e-01
165 7.221760e-01 8.180000e-03 2.696440e-01
166 7.209560e-01 7.948000e-03 2.710960e-01
167 7.196160e-01 7.936000e-03 2.724480e-01
168 7.181480e-01 7.936000e-03 2.739160e-01
169 7.168880e-01 7.788000e-03 2.753240e-01
170 7.155600e-01 7.804000e-03 2.766360e-01
171 7.142960e-01 7.620000e-03 2.780840e-01
172 7.130640e-01 7.524000e-03 2.794120e-01
173 7.119360e-01 7.220000e-03 2.808440e-01
174 7.108640e-01 6.924000e-03 2.822120e-01
175 7.097880e-01 6.740000e-03 2.834720e-01
176 7.086920e-01 6.644000e-03 2.846640e-01
177 7.076200e-01 6.460000e-03 2.859200e-01
178 7.064720e-01 6.424000e-03 2.871040e-01
179 7.052240e-01 6.520000e-03 2.882560e-01
180 7.041520e-01 6.468000e-03 2.893800e-01
181 7.030560e-01 6.392000e-03 2.905520e-01
182 7.018840e-01 6.492000e-03 2.916240e-01
183 7.006000e-01 6.588000e-03 2.928120e-01
184 6.993800e-01 6.628000e-03 2.939920e-01
185 6.980760e-01 6.696000e-03 2.952280e-01
186 6.968280e-01 6.712000e-03 2.964600e-01
187 6.955840e-01 6.744000e-03 2.976720e-01
188 6.943160e-01 6.808000e-03 2.988760e-01
189 6.930560e-01 6.864000e-03 3.000800e-01
190 6.918920e-01 6.876000e-03 3.012320e-01
191 6.906560e-01 7.004000e-03 3.023400e-01
192 6.894240e-01 6.928000e-03 3.036480e-01
193 6.881080e-01 6.996000e-03 3.048960e-01
194 6.867400e-01 7.152000e-03 3.061080e-01
195 6.854520e-01 7.084000e-03 3.074640e-01
196 6.841200e-01 7.176000e-03 3.087040e-01
197 6.827240e-01 7.324000e-03 3.099520e-01
198 6.814400e-01 7.392000e-03 3.111680e-01
199 6.801560e-01 7.292000e-03 3.125520e-01
200 6.790760e-01 7.100000e-03 3.138240e-01
201 6.780520e-01 6.872000e-03 3.150760e-01
202 6.768600e-01 6.848000e-03 3.162920e-01
203 6.758400e-01 6.692000e-03 3.174680e-01
204 6.746080e-01 6.704000e-03 3.186880e-01
205 6.733880e-01 6.816000e-03 3.197960e-01
206 6.723040e-01 6.656000e-03 3.210400e-01
207 6.711800e-01 6.616000e-03 3.222040e-01
208 6.700240e-01 6.576000e-03 3.234000e-01
209 6.690040e-01 6.500000e-03 3.244960e-01
210 6.680000e-01 6.396000e-03 3.256040e-01
211 6.669880e-01 6.444000e-03 3.265680e-01
212 6.660240e-01 6.424000e-03 3.275520e-01
213 6.651200e-01 6.220000e-03 3.286600e-01
214 6.641760e-01 6.036000e-03 3.297880e-01
215 6.631200e-01 6.028000e-03 3.308520e-01
216 6.621880e-01 5.860000e-03 3.319520e-01
217 6.613680e-01 5.676000e-03 3.329560e-01
218 6.604800e-01 5.632000e-03 3.338880e-01
219 6.594600e-01 5.680000e-03 3.348600e-01
220 6.584680e-01 5.540000e-03 3.359920e-01
221 6.575040e-01 5.464000e-03 3.370320e-01
222 6.565040e-01 5.488000e-03 3.380080e-01
223 6.556640e-01 5.404000e-03 3.389320e-01
224 6.547160e-01 5.412000e-03 3.398720e-01
225 6.537680e-01 5.408000e-03 3.408240e-01
226 6.526520e-01 5.568000e-03 3.417800e-01
227 6.514960e-01 5.672000e-03 3.428320e-01
228 6.505000e-01 5.712000e-03 3.437880e-01
229 6.496240e-01 5.524000e-03 3.448520e-01
230 6.485680e-01 5.588000e-03 3.458440e-01
231 6.475640e-01 5.572000e-03 3.468640e-01
232 6.464360e-01 5.736000e-03 3.478280e-01
233 6.452000e-01 5.920000e-03 3.488800e-01
234 6.440720e-01 5.916000e-03 3.500120e-01
235 6.430200e-01 5.960000e-03 3.510200e-01
236 6.419960e-01 5.920000e-03 3.520840e-01
237 6.409560e-01 5.844000e-03 3.532000e-01
238 6.398960e-01 5.904000e-03 3.542000e-01
239 6.388560e-01 5.812000e-03 3.553320e-01
240 6.378280e-01 5.752000e-03 3.564200e-01
241 6.367680e-01 5.716000e-03 3.575160e-01
242 6.358000e-01 5.648000e-03 3.585520e-01
243 6.347040e-01 5.780000e-03 3.595160e-01
244 6.335640e-01 5.980000e-03 3.604560e-01
245 6.325160e-01 5.968000e-03 3.615160e-01
246 6.314800e-01 5.916000e-03 3.626040e-01
247 6.306240e-01 5.796000e-03 3.635800e-01
248 6.297720e-01 5.600000e-03 3.646280e-01
249 6.289520e-01 5.512000e-03 3.655360e-01
250 6.280720e-01 5.384000e-03 3.665440e-01
251 6.272800e-01 5.236000e-03 3.674840e-01
252 6.264760e-01 5.140000e-03 3.683840e-01
253 6.256320e-01 5.036000e-03 3.693320e-01
254 6.248280e-01 4.940000e-03 3.702320e-01
255 6.240120e-01 4.948000e-03 3.710400e-01
256 6.231880e-01 4.896000e-03 3.719160e-01
257 6.224600e-01 4.752000e-03 3.727880e-01
258 6.217560e-01 4.700000e-03 3.735440e-01
259 6.210480e-01 4.652000e-03 3.743000e-01
260 6.203040e-01 4.624000e-03 3.750720e-01
261 6.195840e-01 4.532000e-03 3.758840e-01
262 6.189240e-01 4.384000e-03 3.766920e-01
263 6.180760e-01 4.460000e-03 3.774640e-01
264 6.174400e-01 4.352000e-03 3.782080e-01
265 6.168320e-01 4.244000e-03 3.789240e-01
266 6.160960e-01 4.184000e-03 3.797200e-01
267 6.154560e-01 4.080000e-03 3.804640e-01
268 6.147360e-01 4.132000e-03 3.811320e-01
269 6.141080e-01 4.072000e-03 3.818200e-01
270 6.136600e-01 3.812000e-03 3.825280e-01
271 6.130880e-01 3.760000e-03 3.831520e-01
272 6.125360e-01 3.684000e-03 3.837800e-01
273 6.119600e-01 3.492000e-03 3.845480e-01
274 6.113880e-01 3.400000e-03 3.852120e-01
275 6.108640e-01 3.260000e-03 3.858760e-01
276 6.102800e-01 3.308000e-03 3.864120e-01
277 6.097840e-01 3.220000e-03 3.869960e-01
278 6.092600e-01 3.188000e-03 3.875520e-01
279 6.086880e-01 3.244000e-03 3.880680e-01
280 6.081920e-01 3.160000e-03 3.886480e-01
281 6.076400e-01 3.180000e-03 3.891800e-01
282 6.071240e-01 3.216000e-03 3.896600e-01
283 6.065440e-01 3.192000e-03 3.902640e-01
284 6.060320e-01 3.196000e-03 3.907720e-01
285 6.056000e-01 3.068000e-03 3.913320e-01
286 6.051560e-01 2.912000e-03 3.919320e-01
287 6.045760e-01 2.928000e-03 3.924960e-01
288 6.041600e-01 2.832000e-03 3.930080e-01
289 6.037000e-01 2.808000e-03 3.934920e-01
290 6.032320e-01 2.760000e-03 3.940080e-01
291 6.028200e-01 2.676000e-03 3.945040e-01
292 6.023320e-01 2.652000e-03 3.950160e-01
293 6.018000e-01 2.668000e-03 3.955320e-01
294 6.014640e-01 2.536000e-03 3.960000e-01
295 6.011280e-01 2.448000e-03 3.964240e-01
296 6.007560e-01 2.400000e-03 3.968440e-01
297 6.003360e-01 2.448000e-03 3.972160e-01
298 5.998960e-01 2.420000e-03 3.976840e-01
299 5.994320e-01 2.464000e-03 3.981040e-01
300 5.990120e-01 2.492000e-03 3.984960e-01
301 5.985120e-01 2.572000e-03 3.989160e-01
302 5.981040e-01 2.552000e-03 3.993440e-01
303 5.976440e-01 2.484000e-03 3.998720e-01
304 5.971840e-01 2.476000e-03 4.003400e-01
305 5.967160e-01 2.472000e-03 4.008120e-01
306 5.963040e-01 2.508000e-03 4.011880e-01
307 5.959160e-01 2.484000e-03 4.016000e-01
308 5.954120e-01 2.516000e-03 4.020720e-01
309 5.949360e-01 2.588000e-03 4.024760e-01
310 5.943960e-01 2.640000e-03 4.029640e-01
311 5.938920e-01 2.660000e-03 4.034480e-01
312 5.934360e-01 2.692000e-03 4.038720e-01
313 5.928960e-01 2.764000e-03 4.043400e-01
314 5.923880e-01 2.820000e-03 4.047920e-01
315 5.919760e-01 2.704000e-03 4.053200e-01
316 5.915600e-01 2.644000e-03 4.057960e-01
317 5.911400e-01 2.652000e-03 4.062080e-01
318 5.906560e-01 2.676000e-03 4.066680e-01
319 5.902160e-01 2.668000e-03 4.071160e-01
320 5.897960e-01 2.640000e-03 4.075640e-01
321 5.892600e-01 2.752000e-03 4.079880e-01
322 5.887760e-01 2.780000e-03 4.084440e-01
323 5.882240e-01 2.928000e-03 4.088480e-01
324 5.877640e-01 2.856000e-03 4.093800e-01
325 5.872760e-01 2.848000e-03 4.098760e-01
326 5.866920e-01 2.852000e-03 4.104560e-01
327 5.861680e-01 2.876000e-03 4.109560e-01
328 5.856600e-01 2.908000e-03 4.114320e-01
329 5.852240e-01 2.780000e-03 4.119960e-01
330 5.848280e-01 2.716000e-03 4.124560e-01
331 5.844040e-01 2.680000e-03 4.129160e-01
332 5.839160e-01 2.696000e-03 4.133880e-01
333 5.835560e-01 2.532000e-03 4.139120e-01
334 5.831200e-01 2.532000e-03 4.143480e-01
335 5.827280e-01 2.484000e-03 4.147880e-01
336 5.822400e-01 2.592000e-03 4.151680e-01
337 5.817880e-01 2.544000e-03 4.156680e-01
338 5.814240e-01 2.440000e-03 4.161360e-01
339 5.811000e-01 2.304000e-03 4.165960e-01
340 5.807560e-01 2.276000e-03 4.169680e-01
341 5.804200e-01 2.268000e-03 4.173120e-01
342 5.801320e-01 2.192000e-03 4.176760e-01
343 5.798080e-01 2.132000e-03 4.180600e-01
344 5.794040e-01 2.216000e-03 4.183800e-01
345 5.790120e-01 2.224000e-03 4.187640e-01
346 5.786320e-01 2.228000e-03 4.191400e-01
347 5.782280e-01 2.192000e-03 4.195800e-01
348 5.778840e-01 2.144000e-03 4.199720e-01
349 5.775280e-01 2.056000e-03 4.204160e-01
350 5.772000e-01 2.032000e-03 4.207680e-01
351 5.768800e-01 1.996000e-03 4.211240e-01
352 5.765880e-01 1.996000e-03 4.214160e-01
353 5.761960e-01 1.972000e-03 4.218320e-01
354 5.758760e-01 1.948000e-03 4.221760e-01
355 5.754800e-01 2.000000e-03 4.225200e-01
356 5.751240e-01 2.008000e-03 4.228680e-01
357 5.747040e-01 2.048000e-03 4.232480e-01
358 5.743120e-01 2.112000e-03 4.235760e-01
359 5.739480e-01 2.076000e-03 4.239760e-01
360 5.735840e-01 2.024000e-03 4.243920e-01
361 5.732080e-01 2.048000e-03 4.247440e-01
362 5.728600e-01 1.980000e-03 4.251600e-01
363 5.725320e-01 1.980000e-03 4.254880e-01
364 5.722640e-01 1.924000e-03 4.258120e-01
365 5.719920e-01 1.872000e-03 4.261360e-01
366 5.718240e-01 1.744000e-03 4.264320e-01
367 5.715720e-01 1.724000e-03 4.267040e-01
368 5.713360e-01 1.600000e-03 4.270640e-01
369 5.710680e-01 1.660000e-03 4.272720e-01
370 5.708520e-01 1.548000e-03 4.276000e-01
371 5.706520e-01 1.492000e-03 4.278560e-01
372 5.704600e-01 1.448000e-03 4.280920e-01
373 5.701840e-01 1.508000e-03 4.283080e-01
374 5.698760e-01 1.548000e-03 4.285760e-01
375 5.696160e-01 1.472000e-03 4.289120e-01
376 5.693680e-01 1.416000e-03 4.292160e-01
377 5.691360e-01 1.432000e-03 4.294320e-01
378 5.688280e-01 1.520000e-03 4.296520e-01
379 5.685000e-01 1.536000e-03 4.299640e-01
380 5.681560e-01 1.676000e-03 4.301680e-01
381 5.678640e-01 1.624000e-03 4.305120e-01
382 5.675960e-01 1.576000e-03 4.308280e-01
383 5.673080e-01 1.616000e-03 4.310760e-01
384 5.669680e-01 1.708000e-03 4.313240e-01
385 5.666480e-01 1.740000e-03 4.316120e-01
386 5.663600e-01 1.744000e-03 4.318960e-01
387 5.660320e-01 1.756000e-03 4.322120e-01
388 5.657400e-01 1.760000e-03 4.325000e-01
389 5.654760e-01 1.756000e-03 4.327680e-01
390 5.651920e-01 1.720000e-03 4.330880e-01
391 5.648920e-01 1.776000e-03 4.333320e-01
392 5.646520e-01 1.744000e-03 4.336040e-01
393 5.643640e-01 1.728000e-03 4.339080e-01
394 5.641560e-01 1.644000e-03 4.342000e-01
395 5.638800e-01 1.660000e-03 4.344600e-01
396 5.636040e-01 1.652000e-03 4.347440e-01
397 5.633080e-01 1.624000e-03 4.350680e-01
398 5.631120e-01 1.556000e-03 4.353320e-01
399 5.629240e-01 1.452000e-03 4.356240e-01
400 5.627400e-01 1.324000e-03 4.359360e-01
401 5.625520e-01 1.284000e-03 4.361640e-01
402 5.623720e-01 1.256000e-03 4.363720e-01
403 5.622320e-01 1.192000e-03 4.365760e-01
404 5.620920e-01 1.160000e-03 4.367480e-01
405 5.619160e-01 1.132000e-03 4.369520e-01
406 5.616720e-01 1.184000e-03 4.371440e-01
407 5.615440e-01 1.104000e-03 4.373520e-01
408 5.613960e-01 1.088000e-03 4.375160e-01
409 5.612600e-01 1.040000e-03 4.377000e-01
410 5.611360e-01 9.640000e-04 4.379000e-01
411 5.610360e-01 8.960000e-04 4.380680e-01
412 5.609000e-01 8.880000e-04 4.382120e-01
413 5.607840e-01 8.000000e-04 4.384160e-01
414 5.606240e-01 8.040000e-04 4.385720e-01
415 5.605200e-01 7.920000e-04 4.386880e-01
416 5.603640e-01 7.760000e-04 4.388600e-01
417 5.602480e-01 7.600000e-04 4.389920e-01
418 5.601280e-01 7.320000e-04 4.391400e-01
419 5.600160e-01 7.120000e-04 4.392720e-01
420 5.598680e-01 7.160000e-04 4.394160e-01
421 5.597280e-01 7.200000e-04 4.395520e-01
422 5.596040e-01 7.040000e-04 4.396920e-01
423 5.594680e-01 7.200000e-04 4.398120e-01
424 5.593040e-01 7.320000e-04 4.399640e-01
425 5.591800e-01 7.200000e-04 4.401000e-01
426 5.590640e-01 7.040000e-04 4.402320e-01
427 5.589560e-01 6.600000e-04 4.403840e-01
428 5.588440e-01 6.520000e-04 4.405040e-01
429 5.587360e-01 6.520000e-04 4.406120e-01
430 5.586280e-01 6.680000e-04 4.407040e-01
431 5.585280e-01 6.200000e-04 4.408520e-01
432 5.584240e-01 6.080000e-04 4.409680e-01
433 5.583520e-01 5.880000e-04 4.410600e-01
434 5.582200e-01 6.280000e-04 4.411520e-01
435 5.581440e-01 5.520000e-04 4.413040e-01
436 5.580200e-01 5.720000e-04 4.414080e-01
437 5.579200e-01 5.640000e-04 4.415160e-01
438 5.578600e-01 5.520000e-04 4.415880e-01
439 5.577920e-01 5.360000e-04 4.416720e-01
440 5.576960e-01 5.520000e-04 4.417520e-01
441 5.576320e-01 5.360000e-04 4.418320e-01
442 5.575560e-01 5.240000e-04 4.419200e-01
443 5.574520e-01 5.640000e-04 4.419840e-01
444 5.573400e-01 5.680000e-04 4.420920e-01
445 5.572280e-01 5.520000e-04 4.422200e-01
446 5.571120e-01 5.800000e-04 4.423080e-01
447 5.570120e-01 5.320000e-04 4.424560e-01
448 5.569040e-01 4.920000e-04 4.426040e-01
449 5.567040e-01 5.880000e-04 4.427080e-01
450 5.566000e-01 6.000000e-04 4.428000e-01
451 5.564400e-01 6.200000e-04 4.429400e-01
452 5.562720e-01 6.720000e-04 4.430560e-01
453 5.561520e-01 6.720000e-04 4.431760e-01
454 5.560160e-01 6.720000e-04 4.433120e-01
455 5.559040e-01 6.680000e-04 4.434280e-01
456 5.558280e-01 6.400000e-04 4.435320e-01
457 5.557200e-01 6.480000e-04 4.436320e-01
458 5.556200e-01 6.600000e-04 4.437200e-01
459 5.555320e-01 6.400000e-04 4.438280e-01
460 5.554360e-01 6.080000e-04 4.439560e-01
461 5.553000e-01 6.600000e-04 4.440400e-01
462 5.552200e-01 6.800000e-04 4.441000e-01
463 5.551240e-01 6.240000e-04 4.442520e-01
464 5.550040e-01 6.040000e-04 4.443920e-01
465 5.548840e-01 6.000000e-04 4.445160e-01
466 5.547920e-01 5.760000e-04 4.446320e-01
467 5.547160e-01 5.160000e-04 4.447680e-01
468 5.545960e-01 5.520000e-04 4.448520e-01
469 5.544840e-01 5.760000e-04 4.449400e-01
470 5.543520e-01 5.960000e-04 4.450520e-01
471 5.542240e-01 5.800000e-04 4.451960e-01
472 5.541200e-01 5.640000e-04 4.453160e-01
473 5.540080e-01 5.960000e-04 4.453960e-01
474 5.538760e-01 6.040000e-04 4.455200e-01
475 5.537640e-01 6.200000e-04 4.456160e-01
476 5.536600e-01 6.120000e-04 4.457280e-01
477 5.535760e-01 5.960000e-04 4.458280e-01
478 5.534920e-01 5.800000e-04 4.459280e-01
479 5.533840e-01 5.880000e-04 4.460280e-01
480 5.532760e-01 6.120000e-04 4.461120e-01
481 5.531680e-01 6.200000e-04 4.462120e-01
482 5.530640e-01 6.320000e-04 4.463040e-01
483 5.529560e-01 6.200000e-04 4.464240e-01
484 5.528600e-01 6.240000e-04 4.465160e-01
485 5.527560e-01 6.040000e-04 4.466400e-01
486 5.526440e-01 5.920000e-04 4.467640e-01
487 5.525880e-01 5.400000e-04 4.468720e-01
488 5.525280e-01 5.080000e-04 4.469640e-01
489 5.524560e-01 4.960000e-04 4.470480e-01
490 5.523840e-01 4.760000e-04 4.471400e-01
491 5.522800e-01 4.800000e-04 4.472400e-01
492 5.521720e-01 4.920000e-04 4.473360e-01
493 5.520640e-01 4.880000e-04 4.474480e-01
494 5.519760e-01 5.080000e-04 4.475160e-01
495 5.518880e-01 4.840000e-04 4.476280e-01
496 5.518040e-01 4.840000e-04 4.477120e-01
497 5.517120e-01 4.920000e-04 4.477960e-01
498 5.516240e-01 5.080000e-04 4.478680e-01
499 5.515520e-01 5.280000e-04 4.479200e-01
500 5.514560e-01 5.280000e-04 4.480160e-01
