1 9.992560e-01 6.440000e-04 1.000000e-04
2 9.987960e-01 9.840000e-04 2.200000e-04
3 9.982480e-01 1.328000e-03 4.240000e-04
4 9.977120e-01 1.600000e-03 6.880000e-04
5 9.970360e-01 1.968000e-03 9.960000e-04
6 9.963440e-01 2.312000e-03 1.344000e-03
7 9.955560e-01 2.648000e-03 1.796000e-03
8 9.948360e-01 2.932000e-03 2.232000e-03
9 9.940880e-01 3.104000e-03 2.808000e-03
10 9.932640e-01 3.380000e-03 3.356000e-03
11 9.924240e-01 3.612000e-03 3.964000e-03
12 9.915280e-01 3.876000e-03 4.596000e-03
13 9.905520e-01 4.140000e-03 5.308000e-03
14 9.894080e-01 4.484000e-03 6.108000e-03
15 9.881640e-01 4.908000e-03 6.928000e-03
16 9.868920e-01 5.344000e-03 7.764000e-03
17 9.856920e-01 5.636000e-03 8.672000e-03
18 9.845760e-01 5.904000e-03 9.520000e-03
19 9.833600e-01 6.148000e-03 1.049200e-02
20 9.821120e-01 6.284000e-03 1.160400e-02
21 9.809360e-01 6.356000e-03 1.270800e-02
22 9.796600e-01 6.492000e-03 1.384800e-02
23 9.784080e-01 6.552000e-03 1.504000e-02
24 9.772240e-01 6.488000e-03 1.628800e-02
25 9.760360e-01 6.640000e-03 1.732400e-02
26 9.749160e-01 6.560000e-03 1.852400e-02
27 9.736520e-01 6.596000e-03 1.975200e-02
28 9.722960e-01 6.876000e-03 2.082800e-02
29 9.707800e-01 7.124000e-03 2.209600e-02
30 9.693480e-01 7.260000e-03 2.339200e-02
31 9.679640e-01 7.384000e-03 2.465200e-02
32 9.665880e-01 7.484000e-03 2.592800e-02
33 9.651320e-01 7.596000e-03 2.727200e-02
34 9.636480e-01 7.700000e-03 2.865200e-02
35 9.621720e-01 7.884000e-03 2.994400e-02
36 9.607400e-01 7.916000e-03 3.134400e-02
37 9.593040e-01 7.968000e-03 3.272800e-02
38 9.579200e-01 8.072000e-03 3.400800e-02
39 9.563640e-01 8.352000e-03 3.528400e-02
40 9.549520e-01 8.324000e-03 3.672400e-02
41 9.535320e-01 8.208000e-03 3.826000e-02
42 9.519600e-01 8.312000e-03 3.972800e-02
43 9.503320e-01 8.532000e-03 4.113600e-02
44 9.487480e-01 8.624000e-03 4.262800e-02
45 9.471920e-01 8.728000e-03 4.408000e-02
46 9.456840e-01 8.728000e-03 4.558800e-02
47 9.441520e-01 8.780000e-03 4.706800e-02
48 9.425520e-01 8.844000e-03 4.860400e-02
49 9.408480e-01 9.076000e-03 5.007600e-02
50 9.391840e-01 9.192000e-03 5.162400e-02
51 9.374480e-01 9.184000e-03 5.336800e-02
52 9.358800e-01 9.120000e-03 5.500000e-02
53 9.341480e-01 9.244000e-03 5.660800e-02
54 9.324720e-01 9.204000e-03 5.832400e-02
55 9.308840e-01 9.308000e-03 5.980800e-02
56 9.291320e-01 9.444000e-03 6.142400e-02
57 9.275000e-01 9.444000e-03 6.305600e-02
58 9.257520e-01 9.556000e-03 6.469200e-02
59 9.240120e-01 9.536000e-03 6.645200e-02
60 9.222520e-01 9.688000e-03 6.806000e-02
61 9.206560e-01 9.552000e-03 6.979200e-02
62 9.189840e-01 9.448000e-03 7.156800e-02
63 9.173760e-01 9.452000e-03 7.317200e-02
64 9.158960e-01 9.216000e-03 7.488800e-02
65 9.143280e-01 9.204000e-03 7.646800e-02
66 9.125440e-01 9.284000e-03 7.817200e-02
67 9.111240e-01 9.088000e-03 7.978800e-02
68 9.096520e-01 9.048000e-03 8.130000e-02
69 9.082560e-01 8.808000e-03 8.293600e-02
70 9.067960e-01 8.680000e-03 8.452400e-02
71 9.053960e-01 8.508000e-03 8.609600e-02
72 9.039160e-01 8.604000e-03 8.748000e-02
73 9.022640e-01 8.716000e-03 8.902000e-02
74 9.006640e-01 8.760000e-03 9.057600e-02
75 8.992320e-01 8.680000e-03 9.208800e-02
76 8.977200e-01 8.704000e-03 9.357600e-02
77 8.961320e-01 8.684000e-03 9.518400e-02
78 8.943960e-01 8.888000e-03 9.671600e-02
79 8.928320e-01 8.960000e-03 9.820800e-02
80 8.910000e-01 9.168000e-03 9.983200e-02
81 8.892680e-01 9.320000e-03 1.014120e-01
82 8.874240e-01 9.488000e-03 1.030880e-01
83 8.857880e-01 9.428000e-03 1.047840e-01
84 8.841240e-01 9.456000e-03 1.064200e-01
85 8.825560e-01 9.328000e-03 1.081160e-01
86 8.809280e-01 9.372000e-03 1.097000e-01
87 8.793600e-01 9.372000e-03 1.112680e-01
88 8.778040e-01 9.164000e-03 1.130320e-01
89 8.762640e-01 9.004000e-03 1.147320e-01
90 8.747560e-01 8.912000e-03 1.163320e-01
91 8.733400e-01 8.728000e-03 1.179320e-01
92 8.719520e-01 8.576000e-03 1.194720e-01
93 8.706760e-01 8.340000e-03 1.209840e-01
94 8.693920e-01 8.280000e-03 1.223280e-01
95 8.680720e-01 8.176000e-03 1.237520e-01
96 8.668000e-01 7.960000e-03 1.252400e-01
97 8.652800e-01 8.052000e-03 1.266680e-01
98 8.638840e-01 8.012000e-03 1.281040e-01
99 8.624720e-01 8.124000e-03 1.294040e-01
100 8.609520e-01 8.184000e-03 1.308640e-01
101 8.595160e-01 8.040000e-03 1.324440e-01
102 8.581440e-01 8.044000e-03 1.338120e-01
103 8.568320e-01 8.064000e-03 1.351040e-01
104 8.555040e-01 7.948000e-03 1.365480e-01
105 8.540800e-01 8.060000e-03 1.378600e-01
106 8.525160e-01 8.224000e-03 1.392600e-01
107 8.510320e-01 8.340000e-03 1.406280e-01
108 8.494240e-01 8.560000e-03 1.420160e-01
109 8.480320e-01 8.572000e-03 1.433960e-01
110 8.466200e-01 8.408000e-03 1.449720e-01
111 8.450480e-01 8.444000e-03 1.465080e-01
112 8.435560e-01 8.436000e-03 1.480080e-01
113 8.420600e-01 8.416000e-03 1.495240e-01
114 8.405720e-01 8.404000e-03 1.510240e-01
115 8.391560e-01 8.380000e-03 1.524640e-01
116 8.376600e-01 8.420000e-03 1.539200e-01
117 8.362120e-01 8.376000e-03 1.554120e-01
118 8.348880e-01 8.348000e-03 1.567640e-01
119 8.335840e-01 8.220000e-03 1.581960e-01
120 8.324200e-01 8.012000e-03 1.595680e-01
121 8.311040e-01 7.996000e-03 1.609000e-01
122 8.297640e-01 7.848000e-03 1.623880e-01
123 8.283600e-01 7.916000e-03 1.637240e-01
124 8.272400e-01 7.564000e-03 1.651960e-01
125 8.258680e-01 7.496000e-03 1.666360e-01
126 8.247160e-01 7.368000e-03 1.679160e-01
127 8.233360e-01 7.484000e-03 1.691800e-01
128 8.220000e-01 7.536000e-03 1.704640e-01
129 8.208240e-01 7.328000e-03 1.718480e-01
130 8.195200e-01 7.312000e-03 1.731680e-01
131 8.183320e-01 7.204000e-03 1.744640e-01
132 8.170320e-01 7.100000e-03 1.758680e-01
133 8.158160e-01 7.128000e-03 1.770560e-01
134 8.144800e-01 7.328000e-03 1.781920e-01
135 8.131920e-01 7.372000e-03 1.794360e-01
136 8.119280e-01 7.308000e-03 1.807640e-01
137 8.106880e-01 7.216000e-03 1.820960e-01
138 8.094840e-01 7.148000e-03 1.833680e-01
139 8.082920e-01 7.100000e-03 1.846080e-01
140 8.069800e-01 7.088000e-03 1.859320e-01
141 8.057880e-01 7.072000e-03 1.871400e-01
142 8.046040e-01 7.132000e-03 1.882640e-01
143 8.033120e-01 7.116000e-03 1.895720e-01
144 8.019960e-01 7.172000e-03 1.908320e-01
145 8.007400e-01 7.188000e-03 1.920720e-01
146 7.994240e-01 7.208000e-03 1.933680e-01
147 7.981120e-01 7.228000e-03 1.946600e-01
148 7.968840e-01 7.164000e-03 1.959520e-01
149 7.957080e-01 7.024000e-03 1.972680e-01
150 7.946160e-01 6.800000e-03 1.985840e-01
151 7.933600e-01 6.812000e-03 1.998280e-01
152 7.922040e-01 6.808000e-03 2.009880e-01
153 7.909960e-01 6.816000e-03 2.021880e-01
154 7.897720e-01 6.888000e-03 2.033400e-01
155 7.885640e-01 6.940000e-03 2.044960e-01
156 7.873760e-01 6.948000e-03 2.056760e-01
157 7.861600e-01 6.872000e-03 2.069680e-01
158 7.850440e-01 6.812000e-03 2.081440e-01
159 7.838080e-01 6.800000e-03 2.093920e-01
160 7.826320e-01 6.864000e-03 2.105040e-01
161 7.814200e-01 6.900000e-03 2.116800e-01
162 7.803040e-01 6.740000e-03 2.129560e-01
163 7.791360e-01 6.776000e-03 2.140880e-01
164 7.779360e-01 6.808000e-03 2.152560e-01
165 7.768320e-01 6.780000e-03 2.163880e-01
166 7.757640e-01 6.636000e-03 2.176000e-01
167 7.746560e-01 6.568000e-03 2.187760e-01
168 7.734640e-01 6.584000e-03 2.199520e-01
169 7.723960e-01 6.568000e-03 2.210360e-01
170 7.711320e-01 6.692000e-03 2.221760e-01
171 7.699040e-01 6.852000e-03 2.232440e-01
172 7.687200e-01 6.904000e-03 2.243760e-01
173 7.675560e-01 6.804000e-03 2.256400e-01
174 7.663400e-01 6.848000e-03 2.268120e-01
175 7.651360e-01 6.856000e-03 2.280080e-01
176 7.639520e-01 6.876000e-03 2.291720e-01
177 7.627920e-01 6.872000e-03 2.303360e-01
178 7.615400e-01 7.052000e-03 2.314080e-01
179 7.604120e-01 7.068000e-03 2.325200e-01
180 7.593040e-01 6.900000e-03 2.337960e-01
181 7.580760e-01 6.856000e-03 2.350680e-01
182 7.569680e-01 6.780000e-03 2.362520e-01
183 7.557960e-01 6.668000e-03 2.375360e-01
184 7.547640e-01 6.576000e-03 2.386600e-01
185 7.536400e-01 6.532000e-03 2.398280e-01
186 7.525920e-01 6.468000e-03 2.409400e-01
187 7.515400e-01 6.444000e-03 2.420160e-01
188 7.504440e-01 6.468000e-03 2.430880e-01
189 7.492840e-01 6.536000e-03 2.441800e-01
190 7.481800e-01 6.656000e-03 2.451640e-01
191 7.469320e-01 6.764000e-03 2.463040e-01
192 7.458040e-01 6.680000e-03 2.475160e-01
193 7.446360e-01 6.624000e-03 2.487400e-01
194 7.434800e-01 6.716000e-03 2.498040e-01
195 7.424280e-01 6.460000e-03 2.511120e-01
196 7.413600e-01 6.360000e-03 2.522800e-01
197 7.403480e-01 6.256000e-03 2.533960e-01
198 7.393200e-01 6.100000e-03 2.545800e-01
199 7.381760e-01 6.168000e-03 2.556560e-01
200 7.370360e-01 6.128000e-03 2.568360e-01
201 7.360480e-01 6.036000e-03 2.579160e-01
202 7.349120e-01 6.112000e-03 2.589760e-01
203 7.338360e-01 6.120000e-03 2.600440e-01
204 7.328040e-01 6.024000e-03 2.611720e-01
205 7.317040e-01 5.984000e-03 2.623120e-01
206 7.306600e-01 6.000000e-03 2.633400e-01
207 7.295240e-01 6.088000e-03 2.643880e-01
208 7.285000e-01 6.000000e-03 2.655000e-01
209 7.275280e-01 5.804000e-03 2.666680e-01
210 7.265080e-01 5.920000e-03 2.675720e-01
211 7.255280e-01 5.880000e-03 2.685920e-01
212 7.245240e-01 5.800000e-03 2.696760e-01
213 7.236160e-01 5.708000e-03 2.706760e-01
214 7.227080e-01 5.660000e-03 2.716320e-01
215 7.217200e-01 5.756000e-03 2.725240e-01
216 7.207040e-01 5.776000e-03 2.735200e-01
217 7.196760e-01 5.832000e-03 2.744920e-01
218 7.187160e-01 5.788000e-03 2.754960e-01
219 7.177880e-01 5.632000e-03 2.765800e-01
220 7.168320e-01 5.656000e-03 2.775120e-01
221 7.159400e-01 5.464000e-03 2.785960e-01
222 7.150080e-01 5.492000e-03 2.795000e-01
223 7.140160e-01 5.616000e-03 2.803680e-01
224 7.131120e-01 5.484000e-03 2.814040e-01
225 7.121400e-01 5.484000e-03 2.823760e-01
226 7.112800e-01 5.380000e-03 2.833400e-01
227 7.103680e-01 5.348000e-03 2.842840e-01
228 7.093720e-01 5.356000e-03 2.852720e-01
229 7.084320e-01 5.324000e-03 2.862440e-01
230 7.075720e-01 5.172000e-03 2.872560e-01
231 7.066120e-01 5.152000e-03 2.882360e-01
232 7.056640e-01 5.168000e-03 2.891680e-01
233 7.047920e-01 5.120000e-03 2.900880e-01
234 7.038800e-01 5.332000e-03 2.907880e-01
235 7.029680e-01 5.304000e-03 2.917280e-01
236 7.021920e-01 5.108000e-03 2.927000e-01
237 7.012280e-01 5.176000e-03 2.935960e-01
238 7.003800e-01 5.112000e-03 2.945080e-01
239 6.994520e-01 5.228000e-03 2.953200e-01
240 6.982960e-01 5.492000e-03 2.962120e-01
241 6.974760e-01 5.388000e-03 2.971360e-01
242 6.965840e-01 5.288000e-03 2.981280e-01
243 6.956440e-01 5.388000e-03 2.989680e-01
244 6.948040e-01 5.212000e-03 2.999840e-01
245 6.940200e-01 5.136000e-03 3.008440e-01
246 6.932880e-01 4.928000e-03 3.017840e-01
247 6.924880e-01 4.804000e-03 3.027080e-01
248 6.918320e-01 4.644000e-03 3.035240e-01
249 6.910600e-01 4.568000e-03 3.043720e-01
250 6.902640e-01 4.560000e-03 3.051760e-01
251 6.894640e-01 4.608000e-03 3.059280e-01
252 6.886640e-01 4.608000e-03 3.067280e-01
253 6.879640e-01 4.620000e-03 3.074160e-01
254 6.872760e-01 4.616000e-03 3.081080e-01
255 6.865920e-01 4.524000e-03 3.088840e-01
256 6.859200e-01 4.440000e-03 3.096400e-01
257 6.851440e-01 4.408000e-03 3.104480e-01
258 6.844520e-01 4.384000e-03 3.111640e-01
259 6.837240e-01 4.388000e-03 3.118880e-01
260 6.831600e-01 4.108000e-03 3.127320e-01
261 6.824720e-01 4.092000e-03 3.134360e-01
262 6.817560e-01 4.032000e-03 3.142120e-01
263 6.811840e-01 3.876000e-03 3.149400e-01
264 6.804720e-01 3.964000e-03 3.155640e-01
265 6.797960e-01 3.904000e-03 3.163000e-01
266 6.791400e-01 3.956000e-03 3.169040e-01
267 6.784560e-01 3.968000e-03 3.175760e-01
268 6.776880e-01 4.116000e-03 3.181960e-01
269 6.768680e-01 4.248000e-03 3.188840e-01
270 6.761560e-01 4.268000e-03 3.195760e-01
271 6.755200e-01 4.156000e-03 3.203240e-01
272 6.748800e-01 4.080000e-03 3.210400e-01
273 6.742480e-01 3.956000e-03 3.217960e-01
274 6.735480e-01 4.032000e-03 3.224200e-01
275 6.729440e-01 3.972000e-03 3.230840e-01
276 6.723760e-01 3.800000e-03 3.238240e-01
277 6.717840e-01 3.760000e-03 3.244560e-01
278 6.712000e-01 3.660000e-03 3.251400e-01
279 6.706040e-01 3.528000e-03 3.258680e-01
280 6.701280e-01 3.368000e-03 3.265040e-01
281 6.694960e-01 3.456000e-03 3.270480e-01
282 6.689080e-01 3.452000e-03 3.276400e-01
283 6.683360e-01 3.416000e-03 3.282480e-01
284 6.677000e-01 3.448000e-03 3.288520e-01
285 6.670440e-01 3.552000e-03 3.294040e-01
286 6.663680e-01 3.592000e-03 3.300400e-01
287 6.657200e-01 3.528000e-03 3.307520e-01
288 6.650120e-01 3.648000e-03 3.313400e-01
289 6.643920e-01 3.640000e-03 3.319680e-01
290 6.637800e-01 3.612000e-03 3.326080e-01
291 6.631240e-01 3.692000e-03 3.331840e-01
292 6.623800e-01 3.688000e-03 3.339320e-01
293 6.616640e-01 3.760000e-03 3.345760e-01
294 6.610400e-01 3.688000e-03 3.352720e-01
295 6.604160e-01 3.692000e-03 3.358920e-01
296 6.598240e-01 3.640000e-03 3.365360e-01
297 6.592920e-01 3.568000e-03 3.371400e-01
298 6.588480e-01 3.416000e-03 3.377360e-01
299 6.583040e-01 3.324000e-03 3.383720e-01
300 6.578440e-01 3.164000e-03 3.389920e-01
301 6.573200e-01 3.104000e-03 3.395760e-01
302 6.568400e-01 3.020000e-03 3.401400e-01
303 6.565080e-01 2.872000e-03 3.406200e-01
304 6.561480e-01 2.756000e-03 3.410960e-01
305 6.557000e-01 2.724000e-03 3.415760e-01
306 6.552960e-01 2.624000e-03 3.420800e-01
307 6.549160e-01 2.516000e-03 3.425680e-01
308 6.544560e-01 2.532000e-03 3.430120e-01
309 6.540680e-01 2.484000e-03 3.434480e-01
310 6.536240e-01 2.456000e-03 3.439200e-01
311 6.531840e-01 2.560000e-03 3.442560e-01
312 6.527320e-01 2.584000e-03 3.446840e-01
313 6.523560e-01 2.528000e-03 3.451160e-01
314 6.519520e-01 2.508000e-03 3.455400e-01
315 6.515120e-01 2.508000e-03 3.459800e-01
316 6.510560e-01 2.568000e-03 3.463760e-01
317 6.506440e-01 2.508000e-03 3.468480e-01
318 6.502160e-01 2.476000e-03 3.473080e-01
319 6.498400e-01 2.476000e-03 3.476840e-01
320 6.494440e-01 2.468000e-03 3.480880e-01
321 6.490160e-01 2.452000e-03 3.485320e-01
322 6.484920e-01 2.512000e-03 3.489960e-01
323 6.480920e-01 2.524000e-03 3.493840e-01
324 6.477400e-01 2.428000e-03 3.498320e-01
325 6.473160e-01 2.424000e-03 3.502600e-01
326 6.469280e-01 2.384000e-03 3.506880e-01
327 6.465480e-01 2.332000e-03 3.511200e-01
328 6.461280e-01 2.304000e-03 3.515680e-01
329 6.457640e-01 2.244000e-03 3.519920e-01
330 6.453640e-01 2.296000e-03 3.523400e-01
331 6.450160e-01 2.248000e-03 3.527360e-01
332 6.446280e-01 2.304000e-03 3.530680e-01
333 6.442840e-01 2.188000e-03 3.535280e-01
334 6.439520e-01 2.168000e-03 3.538800e-01
335 6.436680e-01 2.060000e-03 3.542720e-01
336 6.433800e-01 1.996000e-03 3.546240e-01
337 6.430920e-01 1.920000e-03 3.549880e-01
338 6.427520e-01 1.936000e-03 3.553120e-01
339 6.424000e-01 1.968000e-03 3.556320e-01
340 6.420960e-01 1.896000e-03 3.560080e-01
341 6.417400e-01 1.880000e-03 3.563800e-01
342 6.414200e-01 1.908000e-03 3.566720e-01
343 6.410520e-01 1.912000e-03 3.570360e-01
344 6.407520e-01 1.864000e-03 3.573840e-01
345 6.404480e-01 1.840000e-03 3.577120e-01
346 6.401920e-01 1.836000e-03 3.579720e-01
347 6.399240e-01 1.728000e-03 3.583480e-01
348 6.396280e-01 1.732000e-03 3.586400e-01
349 6.393080e-01 1.724000e-03 3.589680e-01
350 6.390600e-01 1.680000e-03 3.592600e-01
351 6.388200e-01 1.608000e-03 3.595720e-01
352 6.385520e-01 1.596000e-03 3.598520e-01
353 6.382520e-01 1.624000e-03 3.601240e-01
354 6.379120e-01 1.708000e-03 3.603800e-01
355 6.375200e-01 1.724000e-03 3.607560e-01
356 6.372120e-01 1.712000e-03 3.610760e-01
357 6.369360e-01 1.744000e-03 3.613200e-01
358 6.365880e-01 1.648000e-03 3.617640e-01
359 6.362280e-01 1.688000e-03 3.620840e-01
360 6.359560e-01 1.684000e-03 3.623600e-01
361 6.356680e-01 1.680000e-03 3.626520e-01
362 6.354040e-01 1.664000e-03 3.629320e-01
363 6.351160e-01 1.680000e-03 3.632040e-01
364 6.349320e-01 1.600000e-03 3.634680e-01
365 6.346760e-01 1.612000e-03 3.637120e-01
366 6.344280e-01 1.596000e-03 3.639760e-01
367 6.341800e-01 1.600000e-03 3.642200e-01
368 6.339640e-01 1.540000e-03 3.644960e-01
369 6.337000e-01 1.532000e-03 3.647680e-01
370 6.334160e-01 1.528000e-03 3.650560e-01
371 6.332040e-01 1.440000e-03 3.653560e-01
372 6.329720e-01 1.432000e-03 3.655960e-01
373 6.328080e-01 1.344000e-03 3.658480e-01
374 6.326480e-01 1.312000e-03 3.660400e-01
375 6.325000e-01 1.292000e-03 3.662080e-01
376 6.323080e-01 1.256000e-03 3.664360e-01
377 6.320840e-01 1.248000e-03 3.666680e-01
378 6.318800e-01 1.228000e-03 3.668920e-01
379 6.317080e-01 1.208000e-03 3.670840e-01
380 6.314840e-01 1.224000e-03 3.672920e-01
381 6.312760e-01 1.220000e-03 3.675040e-01
382 6.310640e-01 1.260000e-03 3.676760e-01
383 6.308720e-01 1.248000e-03 3.678800e-01
384 6.306360e-01 1.224000e-03 3.681400e-01
385 6.304680e-01 1.152000e-03 3.683800e-01
386 6.302800e-01 1.192000e-03 3.685280e-01
387 6.300680e-01 1.216000e-03 3.687160e-01
388 6.298320e-01 1.228000e-03 3.689400e-01
389 6.295840e-01 1.280000e-03 3.691360e-01
390 6.293400e-01 1.328000e-03 3.693320e-01
391 6.290600e-01 1.376000e-03 3.695640e-01
392 6.288200e-01 1.360000e-03 3.698200e-01
393 6.285880e-01 1.392000e-03 3.700200e-01
394 6.283400e-01 1.420000e-03 3.702400e-01
395 6.280920e-01 1.428000e-03 3.704800e-01
396 6.279120e-01 1.316000e-03 3.707720e-01
397 6.277120e-01 1.304000e-03 3.709840e-01
398 6.275080e-01 1.256000e-03 3.712360e-01
399 6.272840e-01 1.180000e-03 3.715360e-01
400 6.270520e-01 1.200000e-03 3.717480e-01
401 6.268320e-01 1.264000e-03 3.719040e-01
402 6.266080e-01 1.264000e-03 3.721280e-01
403 6.265000e-01 1.192000e-03 3.723080e-01
404 6.263240e-01 1.168000e-03 3.725080e-01
405 6.260960e-01 1.192000e-03 3.727120e-01
406 6.259240e-01 1.176000e-03 3.729000e-01
407 6.257440e-01 1.132000e-03 3.731240e-01
408 6.255720e-01 1.080000e-03 3.733480e-01
409 6.254360e-01 1.084000e-03 3.734800e-01
410 6.252640e-01 1.056000e-03 3.736800e-01
411 6.250960e-01 1.044000e-03 3.738600e-01
412 6.249360e-01 1.064000e-03 3.740000e-01
413 6.247880e-01 1.048000e-03 3.741640e-01
414 6.246200e-01 1.044000e-03 3.743360e-01
415 6.244360e-01 1.024000e-03 3.745400e-01
416 6.242920e-01 9.440000e-04 3.747640e-01
417 6.241120e-01 9.640000e-04 3.749240e-01
418 6.239440e-01 9.680000e-04 3.750880e-01
419 6.238000e-01 9.200000e-04 3.752800e-01
420 6.236480e-01 9.320000e-04 3.754200e-01
421 6.234600e-01 9.240000e-04 3.756160e-01
422 6.232880e-01 9.440000e-04 3.757680e-01
423 6.231640e-01 9.000000e-04 3.759360e-01
424 6.231040e-01 7.960000e-04 3.761000e-01
425 6.229680e-01 8.040000e-04 3.762280e-01
426 6.228200e-01 8.000000e-04 3.763800e-01
427 6.226640e-01 8.240000e-04 3.765120e-01
428 6.225000e-01 8.280000e-04 3.766720e-01
429 6.222920e-01 9.040000e-04 3.768040e-01
430 6.220800e-01 9.880000e-04 3.769320e-01
431 6.219000e-01 9.880000e-04 3.771120e-01
432 6.217560e-01 1.020000e-03 3.772240e-01
433 6.216080e-01 1.024000e-03 3.773680e-01
434 6.214320e-01 1.028000e-03 3.775400e-01
435 6.212920e-01 9.720000e-04 3.777360e-01
436 6.211200e-01 9.800000e-04 3.779000e-01
437 6.209680e-01 9.800000e-04 3.780520e-01
438 6.208520e-01 9.400000e-04 3.782080e-01
439 6.207520e-01 8.760000e-04 3.783720e-01
440 6.206480e-01 8.360000e-04 3.785160e-01
441 6.205400e-01 7.920000e-04 3.786680e-01
442 6.204360e-01 7.200000e-04 3.788440e-01
443 6.203680e-01 6.880000e-04 3.789440e-01
444 6.203120e-01 6.200000e-04 3.790680e-01
445 6.202480e-01 6.040000e-04 3.791480e-01
446 6.201800e-01 5.520000e-04 3.792680e-01
447 6.201120e-01 5.320000e-04 3.793560e-01
448 6.200640e-01 5.280000e-04 3.794080e-01
449 6.200040e-01 5.000000e-04 3.794960e-01
450 6.199480e-01 4.600000e-04 3.795920e-01
451 6.198840e-01 3.960000e-04 3.797200e-01
452 6.198120e-01 3.840000e-04 3.798040e-01
453 6.197440e-01 3.840000e-04 3.798720e-01
454 6.196680e-01 3.880000e-04 3.799440e-01
455 6.195800e-01 3.840000e-04 3.800360e-01
456 6.194760e-01 4.120000e-04 3.801120e-01
457 6.194160e-01 3.960000e-04 3.801880e-01
458 6.193520e-01 3.880000e-04 3.802600e-01
459 6.193000e-01 3.840000e-04 3.803160e-01
460 6.192440e-01 3.720000e-04 3.803840e-01
461 6.192120e-01 3.120000e-04 3.804760e-01
462 6.191560e-01 3.040000e-04 3.805400e-01
463 6.191240e-01 2.760000e-04 3.806000e-01
464 6.190640e-01 2.800000e-04 3.806560e-01
465 6.190240e-01 2.680000e-04 3.807080e-01
466 6.189760e-01 2.800000e-04 3.807440e-01
467 6.189280e-01 2.840000e-04 3.807880e-01
468 6.189000e-01 2.640000e-04 3.808360e-01
469 6.188640e-01 2.640000e-04 3.808720e-01
470 6.188160e-01 2.720000e-04 3.809120e-01
471 6.187920e-01 2.760000e-04 3.809320e-01
472 6.187640e-01 2.520000e-04 3.809840e-01
473 6.187440e-01 2.320000e-04 3.810240e-01
474 6.187160e-01 2.520000e-04 3.810320e-01
475 6.186800e-01 2.200000e-04 3.811000e-01
476 6.186440e-01 2.080000e-04 3.811480e-01
477 6.186360e-01 1.800000e-04 3.811840e-01
478 6.186200e-01 1.640000e-04 3.812160e-01
479 6.185800e-01 1.760000e-04 3.812440e-01
480 6.184920e-01 2.400000e-04 3.812680e-01
481 6.184440e-01 2.240000e-04 3.813320e-01
482 6.184200e-01 2.280000e-04 3.813520e-01
483 6.183760e-01 2.360000e-04 3.813880e-01
484 6.183240e-01 2.560000e-04 3.814200e-01
485 6.182600e-01 2.880000e-04 3.814520e-01
486 6.182280e-01 2.800000e-04 3.814920e-01
487 6.181520e-01 3.040000e-04 3.815440e-01
488 6.180880e-01 3.240000e-04 3.815880e-01
489 6.180440e-01 3.160000e-04 3.816400e-01
490 6.180000e-01 2.960000e-04 3.817040e-01
491 6.179560e-01 2.880000e-04 3.817560e-01
492 6.179240e-01 2.640000e-04 3.818120e-01
493 6.178720e-01 2.640000e-04 3.818640e-01
494 6.178320e-01 2.400000e-04 3.819280e-01
495 6.178000e-01 2.400000e-04 3.819600e-01
496 6.177560e-01 2.320000e-04 3.820120e-01
497 6.177320e-01 2.120000e-04 3.820560e-01
498 6.176880e-01 2.200000e-04 3.820920e-01
499 6.176680e-01 2.080000e-04 3.821240e-01
500 6.176240e-01 2.120000e-04 3.821640e-01
