1 9.991680e-01 7.160000e-04 1.160000e-04
2 9.985400e-01 1.204000e-03 2.560000e-04
3 9.979080e-01 1.576000e-03 5.160000e-04
4 9.971920e-01 1.912000e-03 8.960000e-04
5 9.963760e-01 2.404000e-03 1.220000e-03
6 9.955760e-01 2.804000e-03 1.620000e-03
7 9.946920e-01 3.200000e-03 2.108000e-03
8 9.936400e-01 3.620000e-03 2.740000e-03
9 9.926920e-01 3.884000e-03 3.424000e-03
10 9.915640e-01 4.284000e-03 4.152000e-03
11 9.905640e-01 4.560000e-03 4.876000e-03
12 9.895320e-01 4.848000e-03 5.620000e-03
13 9.884320e-01 5.052000e-03 6.516000e-03
14 9.873280e-01 5.224000e-03 7.448000e-03
15 9.861280e-01 5.544000e-03 8.328000e-03
16 9.847760e-01 5.856000e-03 9.368000e-03
17 9.835120e-01 6.076000e-03 1.041200e-02
18 9.822760e-01 6.200000e-03 1.152400e-02
19 9.809040e-01 6.512000e-03 1.258400e-02
20 9.797000e-01 6.608000e-03 1.369200e-02
21 9.785880e-01 6.544000e-03 1.486800e-02
22 9.772400e-01 6.732000e-03 1.602800e-02
23 9.758680e-01 6.836000e-03 1.729600e-02
24 9.745280e-01 6.884000e-03 1.858800e-02
25 9.731320e-01 7.108000e-03 1.976000e-02
26 9.718120e-01 7.180000e-03 2.100800e-02
27 9.705880e-01 7.120000e-03 2.229200e-02
28 9.693560e-01 7.172000e-03 2.347200e-02
29 9.679320e-01 7.320000e-03 2.474800e-02
30 9.666200e-01 7.360000e-03 2.602000e-02
31 9.650400e-01 7.660000e-03 2.730000e-02
32 9.636760e-01 7.620000e-03 2.870400e-02
33 9.621680e-01 7.720000e-03 3.011200e-02
34 9.608200e-01 7.908000e-03 3.127200e-02
35 9.594040e-01 7.920000e-03 3.267600e-02
36 9.579040e-01 8.008000e-03 3.408800e-02
37 9.564640e-01 7.924000e-03 3.561200e-02
38 9.550280e-01 7.792000e-03 3.718000e-02
39 9.535960e-01 7.868000e-03 3.853600e-02
40 9.523120e-01 7.724000e-03 3.996400e-02
41 9.509480e-01 7.704000e-03 4.134800e-02
42 9.495640e-01 7.620000e-03 4.281600e-02
43 9.482040e-01 7.684000e-03 4.411200e-02
44 9.468040e-01 7.780000e-03 4.541600e-02
45 9.454040e-01 7.872000e-03 4.672400e-02
46 9.440920e-01 7.816000e-03 4.809200e-02
47 9.426600e-01 7.888000e-03 4.945200e-02
48 9.413120e-01 7.960000e-03 5.072800e-02
49 9.398840e-01 8.088000e-03 5.202800e-02
50 9.385680e-01 8.024000e-03 5.340800e-02
51 9.372360e-01 8.048000e-03 5.471600e-02
52 9.358680e-01 7.948000e-03 5.618400e-02
53 9.346000e-01 7.780000e-03 5.762000e-02
54 9.333880e-01 7.628000e-03 5.898400e-02
55 9.320800e-01 7.792000e-03 6.012800e-02
56 9.307080e-01 7.744000e-03 6.154800e-02
57 9.293640e-01 7.648000e-03 6.298800e-02
58 9.279760e-01 7.748000e-03 6.427600e-02
59 9.264560e-01 7.860000e-03 6.568400e-02
60 9.250360e-01 7.936000e-03 6.702800e-02
61 9.235840e-01 8.084000e-03 6.833200e-02
62 9.220120e-01 8.216000e-03 6.977200e-02
63 9.205360e-01 8.300000e-03 7.116400e-02
64 9.190800e-01 8.416000e-03 7.250400e-02
65 9.175840e-01 8.412000e-03 7.400400e-02
66 9.161280e-01 8.428000e-03 7.544400e-02
67 9.146920e-01 8.428000e-03 7.688000e-02
68 9.133240e-01 8.324000e-03 7.835200e-02
69 9.119840e-01 8.236000e-03 7.978000e-02
70 9.105280e-01 8.268000e-03 8.120400e-02
71 9.089640e-01 8.440000e-03 8.259600e-02
72 9.073760e-01 8.636000e-03 8.398800e-02
73 9.059160e-01 8.684000e-03 8.540000e-02
74 9.042720e-01 8.928000e-03 8.680000e-02
75 9.026000e-01 9.032000e-03 8.836800e-02
76 9.009440e-01 9.068000e-03 8.998800e-02
77 8.993760e-01 9.024000e-03 9.160000e-02
78 8.978320e-01 8.992000e-03 9.317600e-02
79 8.963000e-01 9.092000e-03 9.460800e-02
80 8.948680e-01 8.884000e-03 9.624800e-02
81 8.933520e-01 8.960000e-03 9.768800e-02
82 8.917880e-01 8.948000e-03 9.926400e-02
83 8.901840e-01 8.892000e-03 1.009240e-01
84 8.888000e-01 8.640000e-03 1.025600e-01
85 8.873840e-01 8.492000e-03 1.041240e-01
86 8.859880e-01 8.396000e-03 1.056160e-01
87 8.846280e-01 8.260000e-03 1.071120e-01
88 8.832000e-01 8.236000e-03 1.085640e-01
89 8.818640e-01 8.184000e-03 1.099520e-01
90 8.803520e-01 8.168000e-03 1.114800e-01
91 8.789080e-01 8.184000e-03 1.129080e-01
92 8.774000e-01 8.272000e-03 1.143280e-01
93 8.758680e-01 8.444000e-03 1.156880e-01
94 8.744160e-01 8.300000e-03 1.172840e-01
95 8.728800e-01 8.496000e-03 1.186240e-01
96 8.713520e-01 8.508000e-03 1.201400e-01
97 8.699400e-01 8.412000e-03 1.216480e-01
98 8.684720e-01 8.512000e-03 1.230160e-01
99 8.670320e-01 8.560000e-03 1.244080e-01
100 8.655440e-01 8.568000e-03 1.258880e-01
101 8.639160e-01 8.732000e-03 1.273520e-01
102 8.624000e-01 8.712000e-03 1.288880e-01
103 8.608040e-01 8.728000e-03 1.304680e-01
104 8.592080e-01 8.740000e-03 1.320520e-01
105 8.578080e-01 8.660000e-03 1.335320e-01
106 8.563080e-01 8.524000e-03 1.351680e-01
107 8.548120e-01 8.576000e-03 1.366120e-01
108 8.533200e-01 8.632000e-03 1.380480e-01
109 8.518040e-01 8.556000e-03 1.396400e-01
110 8.504600e-01 8.436000e-03 1.411040e-01
111 8.490960e-01 8.284000e-03 1.426200e-01
112 8.477480e-01 8.084000e-03 1.441680e-01
113 8.465680e-01 7.920000e-03 1.455120e-01
114 8.452800e-01 7.812000e-03 1.469080e-01
115 8.440400e-01 7.652000e-03 1.483080e-01
116 8.427680e-01 7.640000e-03 1.495920e-01
117 8.414520e-01 7.528000e-03 1.510200e-01
118 8.401160e-01 7.444000e-03 1.524400e-01
119 8.387880e-01 7.556000e-03 1.536560e-01
120 8.374320e-01 7.588000e-03 1.549800e-01
121 8.360040e-01 7.792000e-03 1.562040e-01
122 8.347640e-01 7.756000e-03 1.574800e-01
123 8.333640e-01 7.780000e-03 1.588560e-01
124 8.320240e-01 7.844000e-03 1.601320e-01
125 8.307640e-01 7.696000e-03 1.615400e-01
126 8.293720e-01 7.780000e-03 1.628480e-01
127 8.280120e-01 7.920000e-03 1.640680e-01
128 8.265840e-01 7.936000e-03 1.654800e-01
129 8.251720e-01 8.020000e-03 1.668080e-01
130 8.238000e-01 8.068000e-03 1.681320e-01
131 8.223360e-01 7.972000e-03 1.696920e-01
132 8.208800e-01 8.008000e-03 1.711120e-01
133 8.196040e-01 7.716000e-03 1.726800e-01
134 8.182760e-01 7.616000e-03 1.741080e-01
135 8.169000e-01 7.496000e-03 1.756040e-01
136 8.156520e-01 7.416000e-03 1.769320e-01
137 8.144480e-01 7.296000e-03 1.782560e-01
138 8.131680e-01 7.336000e-03 1.794960e-01
139 8.121200e-01 7.212000e-03 1.806680e-01
140 8.109800e-01 7.020000e-03 1.820000e-01
141 8.099720e-01 6.880000e-03 1.831480e-01
142 8.087200e-01 6.924000e-03 1.843560e-01
143 8.075560e-01 6.864000e-03 1.855800e-01
144 8.063840e-01 6.772000e-03 1.868440e-01
145 8.053040e-01 6.636000e-03 1.880600e-01
146 8.042600e-01 6.488000e-03 1.892520e-01
147 8.030160e-01 6.548000e-03 1.904360e-01
148 8.018800e-01 6.600000e-03 1.915200e-01
149 8.008480e-01 6.472000e-03 1.926800e-01
150 7.997280e-01 6.564000e-03 1.937080e-01
151 7.985120e-01 6.620000e-03 1.948680e-01
152 7.973560e-01 6.620000e-03 1.960240e-01
153 7.962000e-01 6.660000e-03 1.971400e-01
154 7.951120e-01 6.740000e-03 1.981480e-01
155 7.939760e-01 6.652000e-03 1.993720e-01
156 7.929000e-01 6.428000e-03 2.006720e-01
157 7.918160e-01 6.364000e-03 2.018200e-01
158 7.909360e-01 6.140000e-03 2.029240e-01
159 7.899760e-01 6.092000e-03 2.039320e-01
160 7.888840e-01 6.160000e-03 2.049560e-01
161 7.877440e-01 6.312000e-03 2.059440e-01
162 7.866880e-01 6.448000e-03 2.068640e-01
163 7.855760e-01 6.428000e-03 2.079960e-01
164 7.845680e-01 6.356000e-03 2.090760e-01
165 7.837400e-01 6.036000e-03 2.102240e-01
166 7.828560e-01 5.884000e-03 2.112600e-01
167 7.818800e-01 5.960000e-03 2.121600e-01
168 7.809040e-01 5.944000e-03 2.131520e-01
169 7.798760e-01 6.000000e-03 2.141240e-01
170 7.787400e-01 6.180000e-03 2.150800e-01
171 7.775760e-01 6.312000e-03 2.161120e-01
172 7.764160e-01 6.400000e-03 2.171840e-01
173 7.752400e-01 6.560000e-03 2.182000e-01
174 7.740600e-01 6.568000e-03 2.193720e-01
175 7.729080e-01 6.636000e-03 2.204560e-01
176 7.717200e-01 6.624000e-03 2.216560e-01
177 7.705160e-01 6.616000e-03 2.228680e-01
178 7.694520e-01 6.552000e-03 2.239960e-01
179 7.683520e-01 6.524000e-03 2.251240e-01
180 7.672800e-01 6.488000e-03 2.262320e-01
181 7.663160e-01 6.376000e-03 2.273080e-01
182 7.654240e-01 6.224000e-03 2.283520e-01
183 7.643960e-01 6.256000e-03 2.293480e-01
184 7.634080e-01 6.200000e-03 2.303920e-01
185 7.624440e-01 6.064000e-03 2.314920e-01
186 7.615920e-01 5.844000e-03 2.325640e-01
187 7.604880e-01 5.960000e-03 2.335520e-01
188 7.595000e-01 5.864000e-03 2.346360e-01
189 7.584280e-01 5.856000e-03 2.357160e-01
190 7.574440e-01 5.820000e-03 2.367360e-01
191 7.564480e-01 5.908000e-03 2.376440e-01
192 7.555920e-01 5.716000e-03 2.386920e-01
193 7.547400e-01 5.596000e-03 2.396640e-01
194 7.537040e-01 5.580000e-03 2.407160e-01
195 7.528840e-01 5.440000e-03 2.416760e-01
196 7.518960e-01 5.508000e-03 2.425960e-01
197 7.509240e-01 5.464000e-03 2.436120e-01
198 7.500120e-01 5.496000e-03 2.444920e-01
199 7.490840e-01 5.564000e-03 2.453520e-01
200 7.482200e-01 5.432000e-03 2.463480e-01
201 7.473440e-01 5.380000e-03 2.472760e-01
202 7.464600e-01 5.344000e-03 2.481960e-01
203 7.455640e-01 5.288000e-03 2.491480e-01
204 7.447000e-01 5.228000e-03 2.500720e-01
205 7.438440e-01 5.068000e-03 2.510880e-01
206 7.429120e-01 5.064000e-03 2.520240e-01
207 7.421080e-01 4.932000e-03 2.529600e-01
208 7.413160e-01 4.784000e-03 2.539000e-01
209 7.404720e-01 4.836000e-03 2.546920e-01
210 7.396320e-01 4.840000e-03 2.555280e-01
211 7.387080e-01 4.848000e-03 2.564440e-01
212 7.379720e-01 4.712000e-03 2.573160e-01
213 7.371520e-01 4.700000e-03 2.581480e-01
214 7.363120e-01 4.712000e-03 2.589760e-01
215 7.354400e-01 4.828000e-03 2.597320e-01
216 7.345840e-01 4.808000e-03 2.606080e-01
217 7.337120e-01 4.860000e-03 2.614280e-01
218 7.329520e-01 4.828000e-03 2.622200e-01
219 7.322800e-01 4.664000e-03 2.630560e-01
220 7.315400e-01 4.552000e-03 2.639080e-01
221 7.308600e-01 4.408000e-03 2.647320e-01
222 7.301840e-01 4.300000e-03 2.655160e-01
223 7.294640e-01 4.288000e-03 2.662480e-01
224 7.288240e-01 4.184000e-03 2.669920e-01
225 7.282000e-01 4.112000e-03 2.676880e-01
226 7.275160e-01 4.120000e-03 2.683640e-01
227 7.268520e-01 4.076000e-03 2.690720e-01
228 7.261760e-01 4.044000e-03 2.697800e-01
229 7.254600e-01 4.144000e-03 2.703960e-01
230 7.246520e-01 4.176000e-03 2.711720e-01
231 7.239600e-01 4.072000e-03 2.719680e-01
232 7.233240e-01 4.000000e-03 2.726760e-01
233 7.225200e-01 4.144000e-03 2.733360e-01
234 7.218200e-01 4.056000e-03 2.741240e-01
235 7.211880e-01 4.056000e-03 2.747560e-01
236 7.203760e-01 4.076000e-03 2.755480e-01
237 7.197800e-01 3.956000e-03 2.762640e-01
238 7.191640e-01 3.864000e-03 2.769720e-01
239 7.185120e-01 3.924000e-03 2.775640e-01
240 7.178160e-01 3.964000e-03 2.782200e-01
241 7.170840e-01 4.004000e-03 2.789120e-01
242 7.163960e-01 3.996000e-03 2.796080e-01
243 7.157440e-01 3.864000e-03 2.803920e-01
244 7.150320e-01 3.924000e-03 2.810440e-01
245 7.144000e-01 3.864000e-03 2.817360e-01
246 7.138240e-01 3.632000e-03 2.825440e-01
247 7.132200e-01 3.600000e-03 2.831800e-01
248 7.126080e-01 3.724000e-03 2.836680e-01
249 7.120040e-01 3.660000e-03 2.843360e-01
250 7.113520e-01 3.700000e-03 2.849480e-01
251 7.107480e-01 3.624000e-03 2.856280e-01
252 7.100640e-01 3.632000e-03 2.863040e-01
253 7.094160e-01 3.656000e-03 2.869280e-01
254 7.087920e-01 3.568000e-03 2.876400e-01
255 7.082320e-01 3.568000e-03 2.882000e-01
256 7.074840e-01 3.692000e-03 2.888240e-01
257 7.067920e-01 3.820000e-03 2.893880e-01
258 7.060720e-01 3.904000e-03 2.900240e-01
259 7.053400e-01 4.012000e-03 2.906480e-01
260 7.045840e-01 3.988000e-03 2.914280e-01
261 7.037920e-01 4.116000e-03 2.920920e-01
262 7.030680e-01 4.244000e-03 2.926880e-01
263 7.023680e-01 4.296000e-03 2.933360e-01
264 7.016400e-01 4.208000e-03 2.941520e-01
265 7.009080e-01 4.188000e-03 2.949040e-01
266 7.002120e-01 4.208000e-03 2.955800e-01
267 6.995800e-01 4.124000e-03 2.962960e-01
268 6.988800e-01 4.176000e-03 2.969440e-01
269 6.982600e-01 4.064000e-03 2.976760e-01
270 6.976920e-01 3.924000e-03 2.983840e-01
271 6.971000e-01 3.768000e-03 2.991320e-01
272 6.965200e-01 3.788000e-03 2.996920e-01
273 6.958040e-01 3.876000e-03 3.003200e-01
274 6.951720e-01 3.840000e-03 3.009880e-01
275 6.945600e-01 3.740000e-03 3.017000e-01
276 6.939840e-01 3.668000e-03 3.023480e-01
277 6.934160e-01 3.596000e-03 3.029880e-01
278 6.928520e-01 3.504000e-03 3.036440e-01
279 6.923160e-01 3.416000e-03 3.042680e-01
280 6.916720e-01 3.464000e-03 3.048640e-01
281 6.910920e-01 3.400000e-03 3.055080e-01
282 6.905400e-01 3.348000e-03 3.061120e-01
283 6.900120e-01 3.264000e-03 3.067240e-01
284 6.894080e-01 3.280000e-03 3.073120e-01
285 6.888200e-01 3.252000e-03 3.079280e-01
286 6.882800e-01 3.188000e-03 3.085320e-01
287 6.876520e-01 3.228000e-03 3.091200e-01
288 6.870720e-01 3.228000e-03 3.097000e-01
289 6.865480e-01 3.184000e-03 3.102680e-01
290 6.860360e-01 3.024000e-03 3.109400e-01
291 6.855040e-01 3.020000e-03 3.114760e-01
292 6.850000e-01 3.008000e-03 3.119920e-01
293 6.844720e-01 2.932000e-03 3.125960e-01
294 6.839520e-01 2.884000e-03 3.131640e-01
295 6.834560e-01 2.888000e-03 3.136560e-01
296 6.829960e-01 2.880000e-03 3.141240e-01
297 6.825720e-01 2.828000e-03 3.146000e-01
298 6.821160e-01 2.828000e-03 3.150560e-01
299 6.817120e-01 2.760000e-03 3.155280e-01
300 6.812800e-01 2.796000e-03 3.159240e-01
301 6.808160e-01 2.828000e-03 3.163560e-01
302 6.804600e-01 2.664000e-03 3.168760e-01
303 6.800960e-01 2.564000e-03 3.173400e-01
304 6.797200e-01 2.472000e-03 3.178080e-01
305 6.793400e-01 2.396000e-03 3.182640e-01
306 6.790360e-01 2.236000e-03 3.187280e-01
307 6.787200e-01 2.196000e-03 3.190840e-01
308 6.784000e-01 2.168000e-03 3.194320e-01
309 6.780880e-01 2.176000e-03 3.197360e-01
310 6.778120e-01 2.108000e-03 3.200800e-01
311 6.775080e-01 2.024000e-03 3.204680e-01
312 6.772440e-01 1.852000e-03 3.209040e-01
313 6.770080e-01 1.736000e-03 3.212560e-01
314 6.766600e-01 1.792000e-03 3.215480e-01
315 6.763880e-01 1.748000e-03 3.218640e-01
316 6.761400e-01 1.732000e-03 3.221280e-01
317 6.758160e-01 1.752000e-03 3.224320e-01
318 6.755720e-01 1.692000e-03 3.227360e-01
319 6.752760e-01 1.728000e-03 3.229960e-01
320 6.750040e-01 1.684000e-03 3.233120e-01
321 6.747280e-01 1.672000e-03 3.236000e-01
322 6.745120e-01 1.572000e-03 3.239160e-01
323 6.743040e-01 1.516000e-03 3.241800e-01
324 6.741080e-01 1.448000e-03 3.244440e-01
325 6.738720e-01 1.452000e-03 3.246760e-01
326 6.736840e-01 1.384000e-03 3.249320e-01
327 6.734840e-01 1.336000e-03 3.251800e-01
328 6.733240e-01 1.268000e-03 3.254080e-01
329 6.731200e-01 1.220000e-03 3.256600e-01
330 6.728920e-01 1.232000e-03 3.258760e-01
331 6.727200e-01 1.212000e-03 3.260680e-01
332 6.725200e-01 1.220000e-03 3.262600e-01
333 6.723600e-01 1.188000e-03 3.264520e-01
334 6.721520e-01 1.192000e-03 3.266560e-01
335 6.719960e-01 1.148000e-03 3.268560e-01
336 6.717520e-01 1.148000e-03 3.271000e-01
337 6.715280e-01 1.188000e-03 3.272840e-01
338 6.713440e-01 1.160000e-03 3.274960e-01
339 6.711680e-01 1.140000e-03 3.276920e-01
340 6.709440e-01 1.152000e-03 3.279040e-01
341 6.707440e-01 1.148000e-03 3.281080e-01
342 6.705280e-01 1.172000e-03 3.283000e-01
343 6.703080e-01 1.128000e-03 3.285640e-01
344 6.700600e-01 1.160000e-03 3.287800e-01
345 6.699000e-01 1.120000e-03 3.289800e-01
346 6.696600e-01 1.148000e-03 3.291920e-01
347 6.694240e-01 1.220000e-03 3.293560e-01
348 6.692040e-01 1.208000e-03 3.295880e-01
349 6.689640e-01 1.276000e-03 3.297600e-01
350 6.687440e-01 1.272000e-03 3.299840e-01
351 6.685720e-01 1.204000e-03 3.302240e-01
352 6.683880e-01 1.192000e-03 3.304200e-01
353 6.681840e-01 1.248000e-03 3.305680e-01
354 6.679560e-01 1.256000e-03 3.307880e-01
355 6.677240e-01 1.292000e-03 3.309840e-01
356 6.675080e-01 1.268000e-03 3.312240e-01
357 6.673560e-01 1.192000e-03 3.314520e-01
358 6.672280e-01 1.144000e-03 3.316280e-01
359 6.670560e-01 1.048000e-03 3.318960e-01
360 6.669560e-01 9.400000e-04 3.321040e-01
361 6.668160e-01 8.800000e-04 3.323040e-01
362 6.667440e-01 7.680000e-04 3.324880e-01
363 6.666040e-01 7.600000e-04 3.326360e-01
364 6.665040e-01 6.760000e-04 3.328200e-01
365 6.664080e-01 6.400000e-04 3.329520e-01
366 6.663160e-01 6.120000e-04 3.330720e-01
367 6.662120e-01 6.200000e-04 3.331680e-01
368 6.660880e-01 6.000000e-04 3.333120e-01
369 6.659880e-01 5.840000e-04 3.334280e-01
370 6.659080e-01 5.400000e-04 3.335520e-01
371 6.658080e-01 5.720000e-04 3.336200e-01
372 6.656920e-01 6.080000e-04 3.337000e-01
373 6.655320e-01 6.600000e-04 3.338080e-01
374 6.653920e-01 6.600000e-04 3.339480e-01
375 6.652600e-01 6.600000e-04 3.340800e-01
376 6.651640e-01 6.800000e-04 3.341560e-01
377 6.650120e-01 7.520000e-04 3.342360e-01
378 6.648760e-01 7.440000e-04 3.343800e-01
379 6.647760e-01 7.200000e-04 3.345040e-01
380 6.646720e-01 7.080000e-04 3.346200e-01
381 6.645920e-01 6.560000e-04 3.347520e-01
382 6.644960e-01 6.680000e-04 3.348360e-01
383 6.644080e-01 6.520000e-04 3.349400e-01
384 6.643360e-01 6.440000e-04 3.350200e-01
385 6.642400e-01 6.440000e-04 3.351160e-01
386 6.641680e-01 5.760000e-04 3.352560e-01
387 6.640640e-01 5.640000e-04 3.353720e-01
388 6.639800e-01 5.680000e-04 3.354520e-01
389 6.638320e-01 6.120000e-04 3.355560e-01
390 6.637520e-01 5.960000e-04 3.356520e-01
391 6.636560e-01 5.800000e-04 3.357640e-01
392 6.636000e-01 5.240000e-04 3.358760e-01
393 6.635160e-01 5.120000e-04 3.359720e-01
394 6.634840e-01 4.600000e-04 3.360560e-01
395 6.634480e-01 4.160000e-04 3.361360e-01
396 6.634320e-01 3.600000e-04 3.362080e-01
397 6.634080e-01 3.120000e-04 3.362800e-01
398 6.633600e-01 3.040000e-04 3.363360e-01
399 6.633080e-01 3.040000e-04 3.363880e-01
400 6.632680e-01 2.960000e-04 3.364360e-01
401 6.632160e-01 2.880000e-04 3.364960e-01
402 6.631760e-01 2.800000e-04 3.365440e-01
403 6.631240e-01 2.960000e-04 3.365800e-01
404 6.630800e-01 2.520000e-04 3.366680e-01
405 6.630240e-01 2.640000e-04 3.367120e-01
406 6.629640e-01 2.800000e-04 3.367560e-01
407 6.629360e-01 2.480000e-04 3.368160e-01
408 6.628880e-01 2.600000e-04 3.368520e-01
409 6.628360e-01 2.520000e-04 3.369120e-01
410 6.627920e-01 2.520000e-04 3.369560e-01
411 6.627480e-01 2.680000e-04 3.369840e-01
412 6.626880e-01 2.800000e-04 3.370320e-01
413 6.626560e-01 2.360000e-04 3.371080e-01
414 6.626240e-01 2.160000e-04 3.371600e-01
415 6.625760e-01 2.280000e-04 3.371960e-01
416 6.625080e-01 2.560000e-04 3.372360e-01
417 6.624440e-01 2.800000e-04 3.372760e-01
418 6.623680e-01 3.200000e-04 3.373120e-01
419 6.623120e-01 3.200000e-04 3.373680e-01
420 6.622120e-01 3.720000e-04 3.374160e-01
421 6.621280e-01 3.880000e-04 3.374840e-01
422 6.620280e-01 4.520000e-04 3.375200e-01
423 6.619680e-01 4.560000e-04 3.375760e-01
424 6.618320e-01 4.920000e-04 3.376760e-01
425 6.617240e-01 4.800000e-04 3.377960e-01
426 6.616440e-01 4.800000e-04 3.378760e-01
427 6.615000e-01 5.320000e-04 3.379680e-01
428 6.613400e-01 6.040000e-04 3.380560e-01
429 6.611920e-01 6.520000e-04 3.381560e-01
430 6.610880e-01 6.240000e-04 3.382880e-01
431 6.609320e-01 7.000000e-04 3.383680e-01
432 6.607440e-01 7.800000e-04 3.384760e-01
433 6.605600e-01 8.120000e-04 3.386280e-01
434 6.603960e-01 8.200000e-04 3.387840e-01
435 6.602520e-01 8.120000e-04 3.389360e-01
436 6.601360e-01 7.840000e-04 3.390800e-01
437 6.600120e-01 7.960000e-04 3.391920e-01
438 6.599440e-01 7.440000e-04 3.393120e-01
439 6.598400e-01 7.360000e-04 3.394240e-01
440 6.597160e-01 7.480000e-04 3.395360e-01
441 6.595960e-01 6.920000e-04 3.397120e-01
442 6.594480e-01 6.760000e-04 3.398760e-01
443 6.593360e-01 6.880000e-04 3.399760e-01
444 6.592560e-01 6.200000e-04 3.401240e-01
445 6.591920e-01 6.080000e-04 3.402000e-01
446 6.590760e-01 6.360000e-04 3.402880e-01
447 6.589880e-01 5.880000e-04 3.404240e-01
448 6.589080e-01 5.560000e-04 3.405360e-01
449 6.587680e-01 6.040000e-04 3.406280e-01
450 6.586960e-01 5.600000e-04 3.407440e-01
451 6.585840e-01 5.920000e-04 3.408240e-01
452 6.585160e-01 5.400000e-04 3.409440e-01
453 6.584360e-01 5.360000e-04 3.410280e-01
454 6.583880e-01 5.120000e-04 3.411000e-01
455 6.583400e-01 4.440000e-04 3.412160e-01
456 6.583120e-01 4.040000e-04 3.412840e-01
457 6.582520e-01 3.920000e-04 3.413560e-01
458 6.581840e-01 4.080000e-04 3.414080e-01
459 6.581480e-01 3.680000e-04 3.414840e-01
460 6.581000e-01 3.600000e-04 3.415400e-01
461 6.580600e-01 3.480000e-04 3.415920e-01
462 6.580160e-01 3.440000e-04 3.416400e-01
463 6.579520e-01 3.280000e-04 3.417200e-01
464 6.578800e-01 3.640000e-04 3.417560e-01
465 6.578200e-01 3.160000e-04 3.418640e-01
466 6.577520e-01 3.120000e-04 3.419360e-01
467 6.577160e-01 2.880000e-04 3.419960e-01
468 6.576480e-01 2.880000e-04 3.420640e-01
469 6.575800e-01 2.920000e-04 3.421280e-01
470 6.575320e-01 2.840000e-04 3.421840e-01
471 6.574160e-01 3.480000e-04 3.422360e-01
472 6.573280e-01 4.000000e-04 3.422720e-01
473 6.572600e-01 3.920000e-04 3.423480e-01
474 6.572040e-01 3.640000e-04 3.424320e-01
475 6.571320e-01 3.720000e-04 3.424960e-01
476 6.570680e-01 3.800000e-04 3.425520e-01
477 6.569880e-01 3.960000e-04 3.426160e-01
478 6.568880e-01 3.920000e-04 3.427200e-01
479 6.567760e-01 4.440000e-04 3.427800e-01
480 6.567080e-01 4.360000e-04 3.428560e-01
481 6.566360e-01 4.080000e-04 3.429560e-01
482 6.566000e-01 3.680000e-04 3.430320e-01
483 6.565880e-01 3.080000e-04 3.431040e-01
484 6.565680e-01 2.640000e-04 3.431680e-01
485 6.565280e-01 2.440000e-04 3.432280e-01
486 6.564720e-01 2.640000e-04 3.432640e-01
487 6.564400e-01 2.720000e-04 3.432880e-01
488 6.564120e-01 2.520000e-04 3.433360e-01
489 6.563760e-01 2.480000e-04 3.433760e-01
490 6.563360e-01 2.400000e-04 3.434240e-01
491 6.563000e-01 2.200000e-04 3.434800e-01
492 6.562640e-01 2.440000e-04 3.434920e-01
493 6.562240e-01 2.480000e-04 3.435280e-01
494 6.561720e-01 2.680000e-04 3.435600e-01
495 6.561280e-01 2.800000e-04 3.435920e-01
496 6.561000e-01 2.560000e-04 3.436440e-01
497 6.560880e-01 2.200000e-04 3.436920e-01
498 6.560720e-01 2.080000e-04 3.437200e-01
499 6.560480e-01 1.920000e-04 3.437600e-01
500 6.560360e-01 1.600000e-04 3.438040e-01
