1 9.991960e-01 6.880000e-04 1.160000e-04
2 9.986720e-01 1.056000e-03 2.720000e-04
3 9.979200e-01 1.552000e-03 5.280000e-04
4 9.972080e-01 2.016000e-03 7.760000e-04
5 9.964080e-01 2.444000e-03 1.148000e-03
6 9.955640e-01 2.852000e-03 1.584000e-03
7 9.946640e-01 3.244000e-03 2.092000e-03
8 9.937720e-01 3.552000e-03 2.676000e-03
9 9.927800e-01 3.816000e-03 3.404000e-03
10 9.917120e-01 4.180000e-03 4.108000e-03
11 9.907480e-01 4.408000e-03 4.844000e-03
12 9.895960e-01 4.776000e-03 5.628000e-03
13 9.884160e-01 5.204000e-03 6.380000e-03
14 9.872000e-01 5.496000e-03 7.304000e-03
15 9.858680e-01 5.848000e-03 8.284000e-03
16 9.846000e-01 5.960000e-03 9.440000e-03
17 9.834120e-01 6.024000e-03 1.056400e-02
18 9.820760e-01 6.308000e-03 1.161600e-02
19 9.808120e-01 6.460000e-03 1.272800e-02
20 9.794960e-01 6.564000e-03 1.394000e-02
21 9.783360e-01 6.632000e-03 1.503200e-02
22 9.771600e-01 6.636000e-03 1.620400e-02
23 9.758920e-01 6.704000e-03 1.740400e-02
24 9.745680e-01 6.900000e-03 1.853200e-02
25 9.733400e-01 6.984000e-03 1.967600e-02
26 9.718960e-01 7.248000e-03 2.085600e-02
27 9.705000e-01 7.336000e-03 2.216400e-02
28 9.690680e-01 7.380000e-03 2.355200e-02
29 9.678200e-01 7.296000e-03 2.488400e-02
30 9.664440e-01 7.404000e-03 2.615200e-02
31 9.650160e-01 7.508000e-03 2.747600e-02
32 9.636560e-01 7.612000e-03 2.873200e-02
33 9.620440e-01 7.972000e-03 2.998400e-02
34 9.604360e-01 8.052000e-03 3.151200e-02
35 9.587880e-01 8.268000e-03 3.294400e-02
36 9.571240e-01 8.520000e-03 3.435600e-02
37 9.555840e-01 8.512000e-03 3.590400e-02
38 9.539840e-01 8.672000e-03 3.734400e-02
39 9.524360e-01 8.688000e-03 3.887600e-02
40 9.509680e-01 8.688000e-03 4.034400e-02
41 9.495000e-01 8.620000e-03 4.188000e-02
42 9.479720e-01 8.532000e-03 4.349600e-02
43 9.464840e-01 8.476000e-03 4.504000e-02
44 9.448640e-01 8.772000e-03 4.636400e-02
45 9.432040e-01 8.848000e-03 4.794800e-02
46 9.414800e-01 9.024000e-03 4.949600e-02
47 9.397520e-01 9.152000e-03 5.109600e-02
48 9.379840e-01 9.276000e-03 5.274000e-02
49 9.363360e-01 9.352000e-03 5.431200e-02
50 9.344520e-01 9.472000e-03 5.607600e-02
51 9.327760e-01 9.532000e-03 5.769200e-02
52 9.309000e-01 9.688000e-03 5.941200e-02
53 9.289480e-01 1.001200e-02 6.104000e-02
54 9.271400e-01 9.832000e-03 6.302800e-02
55 9.253880e-01 9.800000e-03 6.481200e-02
56 9.237200e-01 9.712000e-03 6.656800e-02
57 9.219040e-01 9.744000e-03 6.835200e-02
58 9.201160e-01 9.744000e-03 7.014000e-02
59 9.182560e-01 9.776000e-03 7.196800e-02
60 9.163560e-01 9.876000e-03 7.376800e-02
61 9.144560e-01 1.007600e-02 7.546800e-02
62 9.125720e-01 1.015200e-02 7.727600e-02
63 9.107520e-01 1.015600e-02 7.909200e-02
64 9.089240e-01 1.025600e-02 8.082000e-02
65 9.069880e-01 1.034400e-02 8.266800e-02
66 9.051560e-01 1.040000e-02 8.444400e-02
67 9.030920e-01 1.072800e-02 8.618000e-02
68 9.012120e-01 1.086000e-02 8.792800e-02
69 8.994200e-01 1.085200e-02 8.972800e-02
70 8.975000e-01 1.081200e-02 9.168800e-02
71 8.957880e-01 1.062000e-02 9.359200e-02
72 8.940760e-01 1.054400e-02 9.538000e-02
73 8.922800e-01 1.060000e-02 9.712000e-02
74 8.906080e-01 1.036400e-02 9.902800e-02
75 8.887960e-01 1.016000e-02 1.010440e-01
76 8.871000e-01 1.028000e-02 1.026200e-01
77 8.852760e-01 1.034400e-02 1.043800e-01
78 8.834920e-01 1.036000e-02 1.061480e-01
79 8.817400e-01 1.029200e-02 1.079680e-01
80 8.799840e-01 1.025200e-02 1.097640e-01
81 8.780200e-01 1.059200e-02 1.113880e-01
82 8.762640e-01 1.051200e-02 1.132240e-01
83 8.744480e-01 1.046800e-02 1.150840e-01
84 8.726920e-01 1.032400e-02 1.169840e-01
85 8.708880e-01 1.029600e-02 1.188160e-01
86 8.691320e-01 1.016000e-02 1.207080e-01
87 8.672680e-01 1.046000e-02 1.222720e-01
88 8.655360e-01 1.030800e-02 1.241560e-01
89 8.636400e-01 1.043200e-02 1.259280e-01
90 8.618840e-01 1.019600e-02 1.279200e-01
91 8.598640e-01 1.036000e-02 1.297760e-01
92 8.578800e-01 1.054400e-02 1.315760e-01
93 8.562440e-01 1.038000e-02 1.333760e-01
94 8.544560e-01 1.042000e-02 1.351240e-01
95 8.527480e-01 1.033200e-02 1.369200e-01
96 8.508600e-01 1.040000e-02 1.387400e-01
97 8.490480e-01 1.042000e-02 1.405320e-01
98 8.471320e-01 1.052000e-02 1.423480e-01
99 8.454920e-01 1.037600e-02 1.441320e-01
100 8.438120e-01 1.008800e-02 1.461000e-01
101 8.420680e-01 1.003600e-02 1.478960e-01
102 8.401960e-01 1.010400e-02 1.497000e-01
103 8.382920e-01 1.041200e-02 1.512960e-01
104 8.365480e-01 1.025600e-02 1.531960e-01
105 8.348560e-01 1.006800e-02 1.550760e-01
106 8.329760e-01 1.032800e-02 1.566960e-01
107 8.313200e-01 1.018800e-02 1.584920e-01
108 8.294200e-01 1.048400e-02 1.600960e-01
109 8.275600e-01 1.067600e-02 1.617640e-01
110 8.256360e-01 1.076800e-02 1.635960e-01
111 8.239680e-01 1.062000e-02 1.654120e-01
112 8.222440e-01 1.037200e-02 1.673840e-01
113 8.204520e-01 1.050400e-02 1.690440e-01
114 8.188640e-01 1.035200e-02 1.707840e-01
115 8.171760e-01 1.040400e-02 1.724200e-01
116 8.153880e-01 1.043200e-02 1.741800e-01
117 8.137920e-01 1.014400e-02 1.760640e-01
118 8.121160e-01 9.948000e-03 1.779360e-01
119 8.104240e-01 9.928000e-03 1.796480e-01
120 8.088000e-01 9.920000e-03 1.812800e-01
121 8.071920e-01 9.744000e-03 1.830640e-01
122 8.054480e-01 9.808000e-03 1.847440e-01
123 8.036880e-01 9.956000e-03 1.863560e-01
124 8.021520e-01 9.760000e-03 1.880880e-01
125 8.004680e-01 9.680000e-03 1.898520e-01
126 7.988560e-01 9.568000e-03 1.915760e-01
127 7.971120e-01 9.672000e-03 1.932160e-01
128 7.955440e-01 9.544000e-03 1.949120e-01
129 7.938280e-01 9.640000e-03 1.965320e-01
130 7.923720e-01 9.408000e-03 1.982200e-01
131 7.907080e-01 9.416000e-03 1.998760e-01
132 7.890360e-01 9.428000e-03 2.015360e-01
133 7.873280e-01 9.576000e-03 2.030960e-01
134 7.857360e-01 9.520000e-03 2.047440e-01
135 7.842920e-01 9.376000e-03 2.063320e-01
136 7.827120e-01 9.224000e-03 2.080640e-01
137 7.811960e-01 9.144000e-03 2.096600e-01
138 7.796640e-01 9.092000e-03 2.112440e-01
139 7.782000e-01 8.892000e-03 2.129080e-01
140 7.766400e-01 9.032000e-03 2.143280e-01
141 7.750960e-01 9.072000e-03 2.158320e-01
142 7.737240e-01 8.964000e-03 2.173120e-01
143 7.723880e-01 8.860000e-03 2.187520e-01
144 7.710400e-01 8.652000e-03 2.203080e-01
145 7.697640e-01 8.492000e-03 2.217440e-01
146 7.685440e-01 8.148000e-03 2.233080e-01
147 7.672600e-01 8.044000e-03 2.246960e-01
148 7.660720e-01 7.852000e-03 2.260760e-01
149 7.648480e-01 7.752000e-03 2.274000e-01
150 7.637280e-01 7.536000e-03 2.287360e-01
151 7.624960e-01 7.468000e-03 2.300360e-01
152 7.612720e-01 7.308000e-03 2.314200e-01
153 7.599400e-01 7.404000e-03 2.326560e-01
154 7.585640e-01 7.424000e-03 2.340120e-01
155 7.571320e-01 7.596000e-03 2.352720e-01
156 7.556600e-01 7.760000e-03 2.365800e-01
157 7.542960e-01 7.684000e-03 2.380200e-01
158 7.530920e-01 7.516000e-03 2.393920e-01
159 7.518120e-01 7.528000e-03 2.406600e-01
160 7.505360e-01 7.408000e-03 2.420560e-01
161 7.490720e-01 7.532000e-03 2.433960e-01
162 7.477840e-01 7.552000e-03 2.446640e-01
163 7.464720e-01 7.564000e-03 2.459640e-01
164 7.451520e-01 7.784000e-03 2.470640e-01
165 7.437640e-01 7.784000e-03 2.484520e-01
166 7.423960e-01 7.836000e-03 2.497680e-01
167 7.409760e-01 7.948000e-03 2.510760e-01
168 7.396080e-01 8.000000e-03 2.523920e-01
169 7.382120e-01 8.004000e-03 2.537840e-01
170 7.366600e-01 8.284000e-03 2.550560e-01
171 7.352240e-01 8.376000e-03 2.564000e-01
172 7.338240e-01 8.308000e-03 2.578680e-01
173 7.324400e-01 8.144000e-03 2.594160e-01
174 7.310320e-01 8.164000e-03 2.608040e-01
175 7.296560e-01 8.052000e-03 2.622920e-01
176 7.282480e-01 8.060000e-03 2.636920e-01
177 7.268160e-01 8.120000e-03 2.650640e-01
178 7.253040e-01 8.204000e-03 2.664920e-01
179 7.238600e-01 8.192000e-03 2.679480e-01
180 7.224360e-01 8.196000e-03 2.693680e-01
181 7.210920e-01 8.104000e-03 2.708040e-01
182 7.197000e-01 8.088000e-03 2.722120e-01
183 7.184680e-01 7.944000e-03 2.735880e-01
184 7.173240e-01 7.776000e-03 2.749000e-01
185 7.161360e-01 7.552000e-03 2.763120e-01
186 7.148560e-01 7.400000e-03 2.777440e-01
187 7.136560e-01 7.188000e-03 2.791560e-01
188 7.124600e-01 7.128000e-03 2.804120e-01
189 7.113200e-01 7.072000e-03 2.816080e-01
190 7.100560e-01 7.156000e-03 2.827880e-01
191 7.086520e-01 7.356000e-03 2.839920e-01
192 7.073880e-01 7.344000e-03 2.852680e-01
193 7.061040e-01 7.336000e-03 2.865600e-01
194 7.049400e-01 7.024000e-03 2.880360e-01
195 7.037720e-01 7.020000e-03 2.892080e-01
196 7.025560e-01 7.104000e-03 2.903400e-01
197 7.012440e-01 7.188000e-03 2.915680e-01
198 6.999200e-01 7.280000e-03 2.928000e-01
199 6.986480e-01 7.304000e-03 2.940480e-01
200 6.973840e-01 7.296000e-03 2.953200e-01
201 6.961920e-01 7.136000e-03 2.966720e-01
202 6.949840e-01 7.100000e-03 2.979160e-01
203 6.938800e-01 7.012000e-03 2.991080e-01
204 6.926240e-01 7.036000e-03 3.003400e-01
205 6.913800e-01 7.096000e-03 3.015240e-01
206 6.900440e-01 7.052000e-03 3.029040e-01
207 6.888120e-01 7.128000e-03 3.040600e-01
208 6.875600e-01 7.108000e-03 3.053320e-01
209 6.862520e-01 7.136000e-03 3.066120e-01
210 6.850280e-01 7.168000e-03 3.078040e-01
211 6.838120e-01 7.100000e-03 3.090880e-01
212 6.826480e-01 7.028000e-03 3.103240e-01
213 6.815480e-01 6.956000e-03 3.114960e-01
214 6.804680e-01 6.840000e-03 3.126920e-01
215 6.794360e-01 6.608000e-03 3.139560e-01
216 6.783080e-01 6.608000e-03 3.150840e-01
217 6.773200e-01 6.408000e-03 3.162720e-01
218 6.763280e-01 6.308000e-03 3.173640e-01
219 6.753280e-01 6.188000e-03 3.184840e-01
220 6.743520e-01 6.008000e-03 3.196400e-01
221 6.733560e-01 5.880000e-03 3.207640e-01
222 6.723200e-01 5.912000e-03 3.217680e-01
223 6.713160e-01 5.880000e-03 3.228040e-01
224 6.704440e-01 5.780000e-03 3.237760e-01
225 6.695000e-01 5.712000e-03 3.247880e-01
226 6.684760e-01 5.672000e-03 3.258520e-01
227 6.675920e-01 5.572000e-03 3.268360e-01
228 6.666320e-01 5.592000e-03 3.277760e-01
229 6.656680e-01 5.532000e-03 3.288000e-01
230 6.647760e-01 5.400000e-03 3.298240e-01
231 6.638000e-01 5.416000e-03 3.307840e-01
232 6.629560e-01 5.312000e-03 3.317320e-01
233 6.620200e-01 5.264000e-03 3.327160e-01
234 6.611320e-01 5.148000e-03 3.337200e-01
235 6.601960e-01 5.144000e-03 3.346600e-01
236 6.593400e-01 5.040000e-03 3.356200e-01
237 6.584880e-01 5.036000e-03 3.364760e-01
238 6.575760e-01 5.016000e-03 3.374080e-01
239 6.565520e-01 5.188000e-03 3.382600e-01
240 6.557680e-01 5.096000e-03 3.391360e-01
241 6.550560e-01 4.856000e-03 3.400880e-01
242 6.541960e-01 4.876000e-03 3.409280e-01
243 6.533560e-01 4.940000e-03 3.417040e-01
244 6.525200e-01 4.848000e-03 3.426320e-01
245 6.517600e-01 4.724000e-03 3.435160e-01
246 6.510120e-01 4.564000e-03 3.444240e-01
247 6.502240e-01 4.508000e-03 3.452680e-01
248 6.494680e-01 4.448000e-03 3.460840e-01
249 6.487680e-01 4.388000e-03 3.468440e-01
250 6.479760e-01 4.260000e-03 3.477640e-01
251 6.472800e-01 4.140000e-03 3.485800e-01
252 6.465880e-01 4.084000e-03 3.493280e-01
253 6.457480e-01 4.252000e-03 3.500000e-01
254 6.449640e-01 4.316000e-03 3.507200e-01
255 6.441840e-01 4.404000e-03 3.514120e-01
256 6.433160e-01 4.488000e-03 3.521960e-01
257 6.425840e-01 4.452000e-03 3.529640e-01
258 6.419360e-01 4.220000e-03 3.538440e-01
259 6.412080e-01 4.188000e-03 3.546040e-01
260 6.404760e-01 4.200000e-03 3.553240e-01
261 6.396680e-01 4.316000e-03 3.560160e-01
262 6.389440e-01 4.264000e-03 3.567920e-01
263 6.382760e-01 4.180000e-03 3.575440e-01
264 6.374680e-01 4.340000e-03 3.581920e-01
265 6.367320e-01 4.324000e-03 3.589440e-01
266 6.359920e-01 4.296000e-03 3.597120e-01
267 6.352960e-01 4.256000e-03 3.604480e-01
268 6.345240e-01 4.316000e-03 3.611600e-01
269 6.337040e-01 4.284000e-03 3.620120e-01
270 6.329560e-01 4.212000e-03 3.628320e-01
271 6.323200e-01 4.104000e-03 3.635760e-01
272 6.317040e-01 3.972000e-03 3.643240e-01
273 6.310920e-01 3.908000e-03 3.650000e-01
274 6.305080e-01 3.736000e-03 3.657560e-01
275 6.298400e-01 3.764000e-03 3.663960e-01
276 6.291600e-01 3.740000e-03 3.671000e-01
277 6.286840e-01 3.460000e-03 3.678560e-01
278 6.280400e-01 3.516000e-03 3.684440e-01
279 6.274000e-01 3.508000e-03 3.690920e-01
280 6.267920e-01 3.516000e-03 3.696920e-01
281 6.260760e-01 3.652000e-03 3.702720e-01
282 6.253160e-01 3.784000e-03 3.709000e-01
283 6.246240e-01 3.784000e-03 3.715920e-01
284 6.239760e-01 3.760000e-03 3.722640e-01
285 6.233160e-01 3.716000e-03 3.729680e-01
286 6.226560e-01 3.688000e-03 3.736560e-01
287 6.219400e-01 3.740000e-03 3.743200e-01
288 6.212920e-01 3.704000e-03 3.750040e-01
289 6.207160e-01 3.676000e-03 3.756080e-01
290 6.200520e-01 3.656000e-03 3.762920e-01
291 6.194600e-01 3.668000e-03 3.768720e-01
292 6.189040e-01 3.680000e-03 3.774160e-01
293 6.183840e-01 3.564000e-03 3.780520e-01
294 6.178400e-01 3.488000e-03 3.786720e-01
295 6.173320e-01 3.348000e-03 3.793200e-01
296 6.167240e-01 3.392000e-03 3.798840e-01
297 6.162320e-01 3.284000e-03 3.804840e-01
298 6.157360e-01 3.288000e-03 3.809760e-01
299 6.152680e-01 3.196000e-03 3.815360e-01
300 6.148320e-01 3.028000e-03 3.821400e-01
301 6.143800e-01 2.884000e-03 3.827360e-01
302 6.139080e-01 2.824000e-03 3.832680e-01
303 6.134640e-01 2.768000e-03 3.837680e-01
304 6.129960e-01 2.840000e-03 3.841640e-01
305 6.125120e-01 2.904000e-03 3.845840e-01
306 6.120600e-01 2.808000e-03 3.851320e-01
307 6.115720e-01 2.768000e-03 3.856600e-01
308 6.111440e-01 2.748000e-03 3.861080e-01
309 6.106880e-01 2.704000e-03 3.866080e-01
310 6.102480e-01 2.668000e-03 3.870840e-01
311 6.098200e-01 2.664000e-03 3.875160e-01
312 6.093920e-01 2.608000e-03 3.880000e-01
313 6.090440e-01 2.436000e-03 3.885200e-01
314 6.086880e-01 2.392000e-03 3.889200e-01
315 6.082880e-01 2.388000e-03 3.893240e-01
316 6.079480e-01 2.296000e-03 3.897560e-01
317 6.075280e-01 2.320000e-03 3.901520e-01
318 6.072080e-01 2.312000e-03 3.904800e-01
319 6.068240e-01 2.252000e-03 3.909240e-01
320 6.064640e-01 2.216000e-03 3.913200e-01
321 6.061160e-01 2.176000e-03 3.917080e-01
322 6.057400e-01 2.200000e-03 3.920600e-01
323 6.053880e-01 2.188000e-03 3.924240e-01
324 6.050320e-01 2.188000e-03 3.927800e-01
325 6.046680e-01 2.172000e-03 3.931600e-01
326 6.042760e-01 2.132000e-03 3.935920e-01
327 6.039320e-01 2.132000e-03 3.939360e-01
328 6.035840e-01 2.088000e-03 3.943280e-01
329 6.031960e-01 2.068000e-03 3.947360e-01
330 6.028520e-01 2.068000e-03 3.950800e-01
331 6.024920e-01 2.020000e-03 3.954880e-01
332 6.022120e-01 1.924000e-03 3.958640e-01
333 6.019320e-01 1.864000e-03 3.962040e-01
334 6.016720e-01 1.824000e-03 3.965040e-01
335 6.013440e-01 1.868000e-03 3.967880e-01
336 6.010520e-01 1.812000e-03 3.971360e-01
337 6.007840e-01 1.788000e-03 3.974280e-01
338 6.005800e-01 1.696000e-03 3.977240e-01
339 6.003400e-01 1.612000e-03 3.980480e-01
340 6.000880e-01 1.628000e-03 3.982840e-01
341 5.998440e-01 1.580000e-03 3.985760e-01
342 5.996080e-01 1.512000e-03 3.988800e-01
343 5.994360e-01 1.396000e-03 3.991680e-01
344 5.991960e-01 1.424000e-03 3.993800e-01
345 5.989520e-01 1.480000e-03 3.995680e-01
346 5.987200e-01 1.492000e-03 3.997880e-01
347 5.984520e-01 1.464000e-03 4.000840e-01
348 5.982120e-01 1.420000e-03 4.003680e-01
349 5.980000e-01 1.392000e-03 4.006080e-01
350 5.977440e-01 1.392000e-03 4.008640e-01
351 5.975240e-01 1.340000e-03 4.011360e-01
352 5.973280e-01 1.316000e-03 4.013560e-01
353 5.970840e-01 1.320000e-03 4.015960e-01
354 5.968400e-01 1.324000e-03 4.018360e-01
355 5.966480e-01 1.212000e-03 4.021400e-01
356 5.964320e-01 1.232000e-03 4.023360e-01
357 5.962480e-01 1.172000e-03 4.025800e-01
358 5.960440e-01 1.152000e-03 4.028040e-01
359 5.958520e-01 1.152000e-03 4.029960e-01
360 5.956400e-01 1.164000e-03 4.031960e-01
361 5.953880e-01 1.156000e-03 4.034560e-01
362 5.951600e-01 1.212000e-03 4.036280e-01
363 5.949080e-01 1.256000e-03 4.038360e-01
364 5.946800e-01 1.300000e-03 4.040200e-01
365 5.944080e-01 1.320000e-03 4.042720e-01
366 5.941880e-01 1.280000e-03 4.045320e-01
367 5.939440e-01 1.320000e-03 4.047360e-01
368 5.936200e-01 1.448000e-03 4.049320e-01
369 5.934320e-01 1.360000e-03 4.052080e-01
370 5.931840e-01 1.376000e-03 4.054400e-01
371 5.929840e-01 1.308000e-03 4.057080e-01
372 5.927560e-01 1.304000e-03 4.059400e-01
373 5.924640e-01 1.308000e-03 4.062280e-01
374 5.922400e-01 1.260000e-03 4.065000e-01
375 5.919880e-01 1.276000e-03 4.067360e-01
376 5.918120e-01 1.244000e-03 4.069440e-01
377 5.915880e-01 1.248000e-03 4.071640e-01
378 5.913800e-01 1.268000e-03 4.073520e-01
379 5.911880e-01 1.224000e-03 4.075880e-01
380 5.910200e-01 1.216000e-03 4.077640e-01
381 5.908960e-01 1.164000e-03 4.079400e-01
382 5.907040e-01 1.180000e-03 4.081160e-01
383 5.905680e-01 1.108000e-03 4.083240e-01
384 5.903720e-01 1.104000e-03 4.085240e-01
385 5.902120e-01 1.108000e-03 4.086800e-01
386 5.900720e-01 1.060000e-03 4.088680e-01
387 5.898720e-01 1.052000e-03 4.090760e-01
388 5.897120e-01 1.000000e-03 4.092880e-01
389 5.895400e-01 1.004000e-03 4.094560e-01
390 5.893320e-01 1.068000e-03 4.096000e-01
391 5.890840e-01 1.128000e-03 4.097880e-01
392 5.888720e-01 1.164000e-03 4.099640e-01
393 5.886120e-01 1.204000e-03 4.101840e-01
394 5.883680e-01 1.204000e-03 4.104280e-01
395 5.881560e-01 1.160000e-03 4.106840e-01
396 5.879200e-01 1.184000e-03 4.108960e-01
397 5.877200e-01 1.144000e-03 4.111360e-01
398 5.874960e-01 1.176000e-03 4.113280e-01
399 5.873080e-01 1.144000e-03 4.115480e-01
400 5.871440e-01 1.120000e-03 4.117360e-01
401 5.869360e-01 1.196000e-03 4.118680e-01
402 5.867360e-01 1.236000e-03 4.120280e-01
403 5.865400e-01 1.192000e-03 4.122680e-01
404 5.863200e-01 1.192000e-03 4.124880e-01
405 5.860960e-01 1.272000e-03 4.126320e-01
406 5.858720e-01 1.320000e-03 4.128080e-01
407 5.855840e-01 1.436000e-03 4.129800e-01
408 5.854160e-01 1.372000e-03 4.132120e-01
409 5.851920e-01 1.340000e-03 4.134680e-01
410 5.850160e-01 1.308000e-03 4.136760e-01
411 5.848280e-01 1.304000e-03 4.138680e-01
412 5.846520e-01 1.244000e-03 4.141040e-01
413 5.844160e-01 1.268000e-03 4.143160e-01
414 5.842000e-01 1.288000e-03 4.145120e-01
415 5.840240e-01 1.256000e-03 4.147200e-01
416 5.838240e-01 1.252000e-03 4.149240e-01
417 5.836640e-01 1.200000e-03 4.151360e-01
418 5.834280e-01 1.260000e-03 4.153120e-01
419 5.832000e-01 1.280000e-03 4.155200e-01
420 5.829680e-01 1.276000e-03 4.157560e-01
421 5.827600e-01 1.296000e-03 4.159440e-01
422 5.825560e-01 1.284000e-03 4.161600e-01
423 5.823920e-01 1.236000e-03 4.163720e-01
424 5.822320e-01 1.200000e-03 4.165680e-01
425 5.820200e-01 1.256000e-03 4.167240e-01
426 5.818640e-01 1.224000e-03 4.169120e-01
427 5.817040e-01 1.208000e-03 4.170880e-01
428 5.814960e-01 1.172000e-03 4.173320e-01
429 5.813400e-01 1.128000e-03 4.175320e-01
430 5.812320e-01 1.008000e-03 4.177600e-01
431 5.811120e-01 9.560000e-04 4.179320e-01
432 5.809880e-01 9.040000e-04 4.181080e-01
433 5.808240e-01 9.000000e-04 4.182760e-01
434 5.806760e-01 9.000000e-04 4.184240e-01
435 5.805320e-01 9.320000e-04 4.185360e-01
436 5.804320e-01 8.280000e-04 4.187400e-01
437 5.802800e-01 8.320000e-04 4.188880e-01
438 5.801240e-01 8.680000e-04 4.190080e-01
439 5.799600e-01 8.960000e-04 4.191440e-01
440 5.798120e-01 9.000000e-04 4.192880e-01
441 5.796800e-01 8.760000e-04 4.194440e-01
442 5.795280e-01 8.640000e-04 4.196080e-01
443 5.793920e-01 8.160000e-04 4.197920e-01
444 5.792080e-01 8.800000e-04 4.199120e-01
445 5.790480e-01 8.760000e-04 4.200760e-01
446 5.789040e-01 8.640000e-04 4.202320e-01
447 5.787720e-01 8.320000e-04 4.203960e-01
448 5.786320e-01 8.120000e-04 4.205560e-01
449 5.785200e-01 7.960000e-04 4.206840e-01
450 5.784000e-01 7.520000e-04 4.208480e-01
451 5.782920e-01 7.240000e-04 4.209840e-01
452 5.781320e-01 7.440000e-04 4.211240e-01
453 5.780000e-01 7.120000e-04 4.212880e-01
454 5.779000e-01 6.760000e-04 4.214240e-01
455 5.777640e-01 6.720000e-04 4.215640e-01
456 5.775480e-01 7.600000e-04 4.216920e-01
457 5.773560e-01 7.960000e-04 4.218480e-01
458 5.772000e-01 7.720000e-04 4.220280e-01
459 5.770040e-01 8.440000e-04 4.221520e-01
460 5.768240e-01 9.040000e-04 4.222720e-01
461 5.766440e-01 9.480000e-04 4.224080e-01
462 5.764520e-01 9.880000e-04 4.225600e-01
463 5.762520e-01 9.920000e-04 4.227560e-01
464 5.761000e-01 1.000000e-03 4.229000e-01
465 5.759480e-01 9.520000e-04 4.231000e-01
466 5.757240e-01 1.008000e-03 4.232680e-01
467 5.755680e-01 9.680000e-04 4.234640e-01
468 5.754560e-01 9.320000e-04 4.236120e-01
469 5.753360e-01 8.440000e-04 4.238200e-01
470 5.751800e-01 8.600000e-04 4.239600e-01
471 5.750200e-01 8.240000e-04 4.241560e-01
472 5.749000e-01 8.280000e-04 4.242720e-01
473 5.747280e-01 8.800000e-04 4.243920e-01
474 5.745440e-01 8.920000e-04 4.245640e-01
475 5.743480e-01 8.960000e-04 4.247560e-01
476 5.741440e-01 9.600000e-04 4.248960e-01
477 5.739920e-01 8.840000e-04 4.251240e-01
478 5.738160e-01 9.120000e-04 4.252720e-01
479 5.736400e-01 9.320000e-04 4.254280e-01
480 5.734960e-01 8.920000e-04 4.256120e-01
481 5.733240e-01 9.080000e-04 4.257680e-01
482 5.731520e-01 8.960000e-04 4.259520e-01
483 5.729640e-01 9.240000e-04 4.261120e-01
484 5.728280e-01 9.280000e-04 4.262440e-01
485 5.726360e-01 9.480000e-04 4.264160e-01
486 5.724840e-01 8.680000e-04 4.266480e-01
487 5.723000e-01 9.280000e-04 4.267720e-01
488 5.721320e-01 9.520000e-04 4.269160e-01
489 5.719720e-01 9.480000e-04 4.270800e-01
490 5.718600e-01 9.160000e-04 4.272240e-01
491 5.716680e-01 9.880000e-04 4.273440e-01
492 5.714320e-01 1.076000e-03 4.274920e-01
493 5.712240e-01 1.072000e-03 4.277040e-01
494 5.710320e-01 1.128000e-03 4.278400e-01
495 5.708360e-01 1.132000e-03 4.280320e-01
496 5.705920e-01 1.172000e-03 4.282360e-01
497 5.704000e-01 1.192000e-03 4.284080e-01
498 5.701840e-01 1.232000e-03 4.285840e-01
499 5.700000e-01 1.224000e-03 4.287760e-01
500 5.698240e-01 1.148000e-03 4.290280e-01
