1 9.992680e-01 6.480000e-04 8.400000e-05
2 9.988360e-01 9.520000e-04 2.120000e-04
3 9.982120e-01 1.396000e-03 3.920000e-04
4 9.975000e-01 1.836000e-03 6.640000e-04
5 9.968000e-01 2.236000e-03 9.640000e-04
6 9.959680e-01 2.648000e-03 1.384000e-03
7 9.951280e-01 2.992000e-03 1.880000e-03
8 9.942360e-01 3.304000e-03 2.460000e-03
9 9.933720e-01 3.668000e-03 2.960000e-03
10 9.923040e-01 4.056000e-03 3.640000e-03
11 9.911880e-01 4.388000e-03 4.424000e-03
12 9.899480e-01 4.812000e-03 5.240000e-03
13 9.888960e-01 5.000000e-03 6.104000e-03
14 9.876560e-01 5.356000e-03 6.988000e-03
15 9.864760e-01 5.596000e-03 7.928000e-03
16 9.852520e-01 5.836000e-03 8.912000e-03
17 9.839040e-01 6.212000e-03 9.884000e-03
18 9.825800e-01 6.440000e-03 1.098000e-02
19 9.811080e-01 6.724000e-03 1.216800e-02
20 9.797000e-01 6.992000e-03 1.330800e-02
21 9.781680e-01 7.252000e-03 1.458000e-02
22 9.766760e-01 7.416000e-03 1.590800e-02
23 9.751440e-01 7.600000e-03 1.725600e-02
24 9.735160e-01 7.856000e-03 1.862800e-02
25 9.719880e-01 8.024000e-03 1.998800e-02
26 9.706680e-01 7.896000e-03 2.143600e-02
27 9.691360e-01 8.080000e-03 2.278400e-02
28 9.676000e-01 8.272000e-03 2.412800e-02
29 9.661280e-01 8.236000e-03 2.563600e-02
30 9.645320e-01 8.328000e-03 2.714000e-02
31 9.631480e-01 8.332000e-03 2.852000e-02
32 9.616520e-01 8.400000e-03 2.994800e-02
33 9.600240e-01 8.580000e-03 3.139600e-02
34 9.584640e-01 8.556000e-03 3.298000e-02
35 9.571320e-01 8.400000e-03 3.446800e-02
36 9.556480e-01 8.448000e-03 3.590400e-02
37 9.542040e-01 8.432000e-03 3.736400e-02
38 9.525560e-01 8.612000e-03 3.883200e-02
39 9.510520e-01 8.632000e-03 4.031600e-02
40 9.494480e-01 8.700000e-03 4.185200e-02
41 9.479200e-01 8.612000e-03 4.346800e-02
42 9.464480e-01 8.556000e-03 4.499600e-02
43 9.448880e-01 8.660000e-03 4.645200e-02
44 9.434200e-01 8.572000e-03 4.800800e-02
45 9.418000e-01 8.608000e-03 4.959200e-02
46 9.403880e-01 8.580000e-03 5.103200e-02
47 9.388600e-01 8.652000e-03 5.248800e-02
48 9.373440e-01 8.680000e-03 5.397600e-02
49 9.357200e-01 8.824000e-03 5.545600e-02
50 9.341120e-01 8.980000e-03 5.690800e-02
51 9.325400e-01 8.880000e-03 5.858000e-02
52 9.310040e-01 8.896000e-03 6.010000e-02
53 9.294640e-01 8.832000e-03 6.170400e-02
54 9.277880e-01 8.960000e-03 6.325200e-02
55 9.261520e-01 9.068000e-03 6.478000e-02
56 9.244800e-01 9.192000e-03 6.632800e-02
57 9.228440e-01 9.276000e-03 6.788000e-02
58 9.212240e-01 9.364000e-03 6.941200e-02
59 9.195480e-01 9.376000e-03 7.107600e-02
60 9.179920e-01 9.352000e-03 7.265600e-02
61 9.162640e-01 9.328000e-03 7.440800e-02
62 9.146480e-01 9.196000e-03 7.615600e-02
63 9.131200e-01 9.096000e-03 7.778400e-02
64 9.114440e-01 9.172000e-03 7.938400e-02
65 9.098280e-01 9.116000e-03 8.105600e-02
66 9.081120e-01 9.272000e-03 8.261600e-02
67 9.065080e-01 9.112000e-03 8.438000e-02
68 9.049280e-01 9.184000e-03 8.588800e-02
69 9.032640e-01 9.224000e-03 8.751200e-02
70 9.016720e-01 9.228000e-03 8.910000e-02
71 9.000280e-01 9.308000e-03 9.066400e-02
72 8.983520e-01 9.328000e-03 9.232000e-02
73 8.966320e-01 9.272000e-03 9.409600e-02
74 8.948520e-01 9.464000e-03 9.568400e-02
75 8.929880e-01 9.644000e-03 9.736800e-02
76 8.910160e-01 9.904000e-03 9.908000e-02
77 8.892240e-01 1.000800e-02 1.007680e-01
78 8.875800e-01 9.840000e-03 1.025800e-01
79 8.857920e-01 9.980000e-03 1.042280e-01
80 8.840680e-01 9.996000e-03 1.059360e-01
81 8.823280e-01 1.012400e-02 1.075480e-01
82 8.808000e-01 9.892000e-03 1.093080e-01
83 8.791000e-01 9.932000e-03 1.109680e-01
84 8.774760e-01 9.852000e-03 1.126720e-01
85 8.757120e-01 9.872000e-03 1.144160e-01
86 8.740160e-01 9.916000e-03 1.160680e-01
87 8.721560e-01 1.006000e-02 1.177840e-01
88 8.702560e-01 1.023200e-02 1.195120e-01
89 8.683520e-01 1.032400e-02 1.213240e-01
90 8.664400e-01 1.052000e-02 1.230400e-01
91 8.645160e-01 1.062800e-02 1.248560e-01
92 8.626480e-01 1.064800e-02 1.267040e-01
93 8.608440e-01 1.059600e-02 1.285600e-01
94 8.591000e-01 1.036400e-02 1.305360e-01
95 8.573560e-01 1.012000e-02 1.325240e-01
96 8.556240e-01 1.017600e-02 1.342000e-01
97 8.538120e-01 1.012400e-02 1.360640e-01
98 8.519120e-01 1.020800e-02 1.378800e-01
99 8.499360e-01 1.041200e-02 1.396520e-01
100 8.482240e-01 1.033200e-02 1.414440e-01
101 8.462920e-01 1.045600e-02 1.432520e-01
102 8.444560e-01 1.052000e-02 1.450240e-01
103 8.428360e-01 1.021200e-02 1.469520e-01
104 8.410680e-01 1.018000e-02 1.487520e-01
105 8.393880e-01 9.928000e-03 1.506840e-01
106 8.377520e-01 9.808000e-03 1.524400e-01
107 8.358800e-01 1.010000e-02 1.540200e-01
108 8.341640e-01 1.018400e-02 1.556520e-01
109 8.324680e-01 1.002400e-02 1.575080e-01
110 8.307760e-01 9.912000e-03 1.593120e-01
111 8.289560e-01 1.004400e-02 1.610000e-01
112 8.272480e-01 9.980000e-03 1.627720e-01
113 8.253320e-01 1.012800e-02 1.645400e-01
114 8.235640e-01 1.017200e-02 1.662640e-01
115 8.216560e-01 1.020400e-02 1.681400e-01
116 8.197840e-01 1.028400e-02 1.699320e-01
117 8.180080e-01 1.027200e-02 1.717200e-01
118 8.161280e-01 1.035200e-02 1.735200e-01
119 8.142360e-01 1.047600e-02 1.752880e-01
120 8.124840e-01 1.044400e-02 1.770720e-01
121 8.108480e-01 1.018400e-02 1.789680e-01
122 8.092480e-01 1.007600e-02 1.806760e-01
123 8.076880e-01 9.936000e-03 1.823760e-01
124 8.060800e-01 9.708000e-03 1.842120e-01
125 8.045720e-01 9.608000e-03 1.858200e-01
126 8.031480e-01 9.416000e-03 1.874360e-01
127 8.016040e-01 9.240000e-03 1.891560e-01
128 8.000960e-01 9.116000e-03 1.907880e-01
129 7.985480e-01 8.976000e-03 1.924760e-01
130 7.970320e-01 8.976000e-03 1.939920e-01
131 7.955080e-01 8.868000e-03 1.956240e-01
132 7.939160e-01 8.816000e-03 1.972680e-01
133 7.924640e-01 8.712000e-03 1.988240e-01
134 7.908880e-01 8.860000e-03 2.002520e-01
135 7.893040e-01 8.792000e-03 2.019040e-01
136 7.876120e-01 8.924000e-03 2.034640e-01
137 7.861160e-01 9.000000e-03 2.048840e-01
138 7.846520e-01 8.932000e-03 2.064160e-01
139 7.832720e-01 8.876000e-03 2.078520e-01
140 7.818200e-01 8.692000e-03 2.094880e-01
141 7.803320e-01 8.720000e-03 2.109480e-01
142 7.787120e-01 8.772000e-03 2.125160e-01
143 7.772320e-01 8.792000e-03 2.139760e-01
144 7.757240e-01 8.728000e-03 2.155480e-01
145 7.742720e-01 8.636000e-03 2.170920e-01
146 7.728680e-01 8.588000e-03 2.185440e-01
147 7.714200e-01 8.544000e-03 2.200360e-01
148 7.699640e-01 8.600000e-03 2.214360e-01
149 7.685240e-01 8.604000e-03 2.228720e-01
150 7.671760e-01 8.452000e-03 2.243720e-01
151 7.656480e-01 8.444000e-03 2.259080e-01
152 7.644600e-01 8.124000e-03 2.274160e-01
153 7.630000e-01 8.084000e-03 2.289160e-01
154 7.617120e-01 7.868000e-03 2.304200e-01
155 7.604640e-01 7.720000e-03 2.318160e-01
156 7.592680e-01 7.508000e-03 2.332240e-01
157 7.581280e-01 7.288000e-03 2.345840e-01
158 7.570560e-01 7.068000e-03 2.358760e-01
159 7.560200e-01 6.748000e-03 2.372320e-01
160 7.549960e-01 6.628000e-03 2.383760e-01
161 7.540760e-01 6.512000e-03 2.394120e-01
162 7.531000e-01 6.320000e-03 2.405800e-01
163 7.520240e-01 6.220000e-03 2.417560e-01
164 7.511440e-01 5.988000e-03 2.428680e-01
165 7.501800e-01 5.904000e-03 2.439160e-01
166 7.493240e-01 5.680000e-03 2.449960e-01
167 7.484040e-01 5.616000e-03 2.459800e-01
168 7.475800e-01 5.352000e-03 2.470680e-01
169 7.467280e-01 5.192000e-03 2.480800e-01
170 7.460160e-01 5.020000e-03 2.489640e-01
171 7.451720e-01 5.004000e-03 2.498240e-01
172 7.443480e-01 4.928000e-03 2.507240e-01
173 7.435720e-01 4.828000e-03 2.516000e-01
174 7.427880e-01 4.792000e-03 2.524200e-01
175 7.418200e-01 4.840000e-03 2.533400e-01
176 7.409360e-01 4.816000e-03 2.542480e-01
177 7.399040e-01 5.068000e-03 2.550280e-01
178 7.390640e-01 5.024000e-03 2.559120e-01
179 7.381560e-01 5.064000e-03 2.567800e-01
180 7.373120e-01 5.044000e-03 2.576440e-01
181 7.366400e-01 4.776000e-03 2.585840e-01
182 7.359160e-01 4.636000e-03 2.594480e-01
183 7.351520e-01 4.572000e-03 2.602760e-01
184 7.343400e-01 4.576000e-03 2.610840e-01
185 7.336320e-01 4.452000e-03 2.619160e-01
186 7.330120e-01 4.260000e-03 2.627280e-01
187 7.324040e-01 4.088000e-03 2.635080e-01
188 7.317600e-01 4.028000e-03 2.642120e-01
189 7.310240e-01 4.008000e-03 2.649680e-01
190 7.303800e-01 3.952000e-03 2.656680e-01
191 7.296280e-01 3.972000e-03 2.664000e-01
192 7.289720e-01 3.892000e-03 2.671360e-01
193 7.282600e-01 3.972000e-03 2.677680e-01
194 7.275320e-01 4.036000e-03 2.684320e-01
195 7.268360e-01 3.880000e-03 2.692840e-01
196 7.261280e-01 3.936000e-03 2.699360e-01
197 7.253680e-01 4.016000e-03 2.706160e-01
198 7.246320e-01 4.032000e-03 2.713360e-01
199 7.239160e-01 3.928000e-03 2.721560e-01
200 7.232400e-01 3.920000e-03 2.728400e-01
201 7.225840e-01 3.868000e-03 2.735480e-01
202 7.217440e-01 3.996000e-03 2.742600e-01
203 7.210600e-01 3.996000e-03 2.749440e-01
204 7.203520e-01 3.984000e-03 2.756640e-01
205 7.197280e-01 3.944000e-03 2.763280e-01
206 7.189960e-01 4.072000e-03 2.769320e-01
207 7.182920e-01 4.032000e-03 2.776760e-01
208 7.175920e-01 4.076000e-03 2.783320e-01
209 7.169400e-01 4.072000e-03 2.789880e-01
210 7.162480e-01 4.060000e-03 2.796920e-01
211 7.156120e-01 3.968000e-03 2.804200e-01
212 7.149680e-01 3.928000e-03 2.811040e-01
213 7.143160e-01 3.864000e-03 2.818200e-01
214 7.136960e-01 3.724000e-03 2.825800e-01
215 7.130280e-01 3.820000e-03 2.831520e-01
216 7.123440e-01 3.820000e-03 2.838360e-01
217 7.116560e-01 3.980000e-03 2.843640e-01
218 7.109840e-01 3.960000e-03 2.850560e-01
219 7.102680e-01 3.956000e-03 2.857760e-01
220 7.096040e-01 3.860000e-03 2.865360e-01
221 7.090440e-01 3.760000e-03 2.871960e-01
222 7.083200e-01 3.832000e-03 2.878480e-01
223 7.077000e-01 3.796000e-03 2.885040e-01
224 7.070920e-01 3.796000e-03 2.891120e-01
225 7.065360e-01 3.708000e-03 2.897560e-01
226 7.059640e-01 3.628000e-03 2.904080e-01
227 7.053840e-01 3.656000e-03 2.909600e-01
228 7.048040e-01 3.588000e-03 2.916080e-01
229 7.042880e-01 3.556000e-03 2.921560e-01
230 7.037440e-01 3.560000e-03 2.926960e-01
231 7.032480e-01 3.396000e-03 2.933560e-01
232 7.026160e-01 3.440000e-03 2.939440e-01
233 7.020360e-01 3.464000e-03 2.945000e-01
234 7.014920e-01 3.492000e-03 2.950160e-01
235 7.009360e-01 3.400000e-03 2.956640e-01
236 7.004720e-01 3.288000e-03 2.962400e-01
237 6.998760e-01 3.344000e-03 2.967800e-01
238 6.993320e-01 3.304000e-03 2.973640e-01
239 6.989040e-01 3.156000e-03 2.979400e-01
240 6.984200e-01 3.124000e-03 2.984560e-01
241 6.979440e-01 3.092000e-03 2.989640e-01
242 6.973760e-01 3.144000e-03 2.994800e-01
243 6.968600e-01 3.080000e-03 3.000600e-01
244 6.963960e-01 3.028000e-03 3.005760e-01
245 6.958520e-01 3.024000e-03 3.011240e-01
246 6.953240e-01 3.076000e-03 3.016000e-01
247 6.948080e-01 3.056000e-03 3.021360e-01
248 6.942960e-01 3.032000e-03 3.026720e-01
249 6.938240e-01 2.892000e-03 3.032840e-01
250 6.933280e-01 2.880000e-03 3.037920e-01
251 6.928600e-01 2.836000e-03 3.043040e-01
252 6.924720e-01 2.724000e-03 3.048040e-01
253 6.921080e-01 2.664000e-03 3.052280e-01
254 6.916400e-01 2.600000e-03 3.057600e-01
255 6.912200e-01 2.612000e-03 3.061680e-01
256 6.908200e-01 2.552000e-03 3.066280e-01
257 6.904120e-01 2.436000e-03 3.071520e-01
258 6.900160e-01 2.412000e-03 3.075720e-01
259 6.896280e-01 2.368000e-03 3.080040e-01
260 6.892280e-01 2.304000e-03 3.084680e-01
261 6.889200e-01 2.240000e-03 3.088400e-01
262 6.885320e-01 2.208000e-03 3.092600e-01
263 6.882280e-01 2.144000e-03 3.096280e-01
264 6.879120e-01 2.056000e-03 3.100320e-01
265 6.876280e-01 2.004000e-03 3.103680e-01
266 6.873160e-01 2.008000e-03 3.106760e-01
267 6.870360e-01 1.900000e-03 3.110640e-01
268 6.867200e-01 1.880000e-03 3.114000e-01
269 6.864640e-01 1.792000e-03 3.117440e-01
270 6.861920e-01 1.776000e-03 3.120320e-01
271 6.859240e-01 1.772000e-03 3.123040e-01
272 6.856240e-01 1.768000e-03 3.126080e-01
273 6.852840e-01 1.868000e-03 3.128480e-01
274 6.850120e-01 1.820000e-03 3.131680e-01
275 6.846800e-01 1.824000e-03 3.134960e-01
276 6.844160e-01 1.812000e-03 3.137720e-01
277 6.841480e-01 1.692000e-03 3.141600e-01
278 6.838880e-01 1.584000e-03 3.145280e-01
279 6.836480e-01 1.524000e-03 3.148280e-01
280 6.834080e-01 1.480000e-03 3.151120e-01
281 6.831040e-01 1.544000e-03 3.153520e-01
282 6.827800e-01 1.596000e-03 3.156240e-01
283 6.825200e-01 1.568000e-03 3.159120e-01
284 6.822520e-01 1.560000e-03 3.161880e-01
285 6.819760e-01 1.560000e-03 3.164640e-01
286 6.817240e-01 1.544000e-03 3.167320e-01
287 6.814480e-01 1.540000e-03 3.170120e-01
288 6.811960e-01 1.504000e-03 3.173000e-01
289 6.808920e-01 1.500000e-03 3.176080e-01
290 6.806320e-01 1.528000e-03 3.178400e-01
291 6.803600e-01 1.560000e-03 3.180800e-01
292 6.800120e-01 1.616000e-03 3.183720e-01
293 6.796560e-01 1.640000e-03 3.187040e-01
294 6.793560e-01 1.572000e-03 3.190720e-01
295 6.790120e-01 1.620000e-03 3.193680e-01
296 6.787040e-01 1.632000e-03 3.196640e-01
297 6.784800e-01 1.548000e-03 3.199720e-01
298 6.782120e-01 1.524000e-03 3.202640e-01
299 6.779320e-01 1.496000e-03 3.205720e-01
300 6.776840e-01 1.468000e-03 3.208480e-01
301 6.774480e-01 1.448000e-03 3.211040e-01
302 6.771560e-01 1.436000e-03 3.214080e-01
303 6.768480e-01 1.428000e-03 3.217240e-01
304 6.765920e-01 1.400000e-03 3.220080e-01
305 6.763120e-01 1.424000e-03 3.222640e-01
306 6.759600e-01 1.524000e-03 3.225160e-01
307 6.755840e-01 1.668000e-03 3.227480e-01
308 6.753000e-01 1.620000e-03 3.230800e-01
309 6.749560e-01 1.692000e-03 3.233520e-01
310 6.746760e-01 1.632000e-03 3.236920e-01
311 6.743600e-01 1.656000e-03 3.239840e-01
312 6.740920e-01 1.656000e-03 3.242520e-01
313 6.736640e-01 1.744000e-03 3.245920e-01
314 6.733440e-01 1.788000e-03 3.248680e-01
315 6.729680e-01 1.844000e-03 3.251880e-01
316 6.726320e-01 1.872000e-03 3.254960e-01
317 6.723600e-01 1.784000e-03 3.258560e-01
318 6.720760e-01 1.744000e-03 3.261800e-01
319 6.718240e-01 1.708000e-03 3.264680e-01
320 6.716360e-01 1.580000e-03 3.267840e-01
321 6.713040e-01 1.596000e-03 3.271000e-01
322 6.710240e-01 1.608000e-03 3.273680e-01
323 6.708200e-01 1.632000e-03 3.275480e-01
324 6.705160e-01 1.644000e-03 3.278400e-01
325 6.702920e-01 1.524000e-03 3.281840e-01
326 6.700160e-01 1.548000e-03 3.284360e-01
327 6.698440e-01 1.448000e-03 3.287080e-01
328 6.696040e-01 1.444000e-03 3.289520e-01
329 6.693600e-01 1.400000e-03 3.292400e-01
330 6.690680e-01 1.420000e-03 3.295120e-01
331 6.688280e-01 1.424000e-03 3.297480e-01
332 6.685520e-01 1.432000e-03 3.300160e-01
333 6.683480e-01 1.352000e-03 3.303000e-01
334 6.680840e-01 1.448000e-03 3.304680e-01
335 6.678400e-01 1.364000e-03 3.307960e-01
336 6.675760e-01 1.372000e-03 3.310520e-01
337 6.673240e-01 1.360000e-03 3.313160e-01
338 6.671440e-01 1.308000e-03 3.315480e-01
339 6.669160e-01 1.340000e-03 3.317440e-01
340 6.667040e-01 1.240000e-03 3.320560e-01
341 6.664960e-01 1.308000e-03 3.321960e-01
342 6.662080e-01 1.340000e-03 3.324520e-01
343 6.659840e-01 1.336000e-03 3.326800e-01
344 6.657080e-01 1.360000e-03 3.329320e-01
345 6.654320e-01 1.380000e-03 3.331880e-01
346 6.652120e-01 1.424000e-03 3.333640e-01
347 6.649920e-01 1.440000e-03 3.335680e-01
348 6.646360e-01 1.576000e-03 3.337880e-01
349 6.644160e-01 1.508000e-03 3.340760e-01
350 6.641400e-01 1.544000e-03 3.343160e-01
351 6.639080e-01 1.464000e-03 3.346280e-01
352 6.636280e-01 1.480000e-03 3.348920e-01
353 6.633400e-01 1.524000e-03 3.351360e-01
354 6.631040e-01 1.588000e-03 3.353080e-01
355 6.628200e-01 1.620000e-03 3.355600e-01
356 6.625920e-01 1.588000e-03 3.358200e-01
357 6.623480e-01 1.540000e-03 3.361120e-01
358 6.621400e-01 1.480000e-03 3.363800e-01
359 6.618840e-01 1.460000e-03 3.366560e-01
360 6.616960e-01 1.376000e-03 3.369280e-01
361 6.614840e-01 1.364000e-03 3.371520e-01
362 6.612880e-01 1.360000e-03 3.373520e-01
363 6.611120e-01 1.292000e-03 3.375960e-01
364 6.608800e-01 1.316000e-03 3.378040e-01
365 6.606520e-01 1.300000e-03 3.380480e-01
366 6.604880e-01 1.248000e-03 3.382640e-01
367 6.602960e-01 1.220000e-03 3.384840e-01
368 6.600920e-01 1.180000e-03 3.387280e-01
369 6.599160e-01 1.124000e-03 3.389600e-01
370 6.597320e-01 1.120000e-03 3.391480e-01
371 6.595400e-01 1.116000e-03 3.393440e-01
372 6.593680e-01 1.116000e-03 3.395160e-01
373 6.592160e-01 1.108000e-03 3.396760e-01
374 6.589920e-01 1.156000e-03 3.398520e-01
375 6.588080e-01 1.132000e-03 3.400600e-01
376 6.587200e-01 9.960000e-04 3.402840e-01
377 6.585640e-01 9.720000e-04 3.404640e-01
378 6.584360e-01 9.280000e-04 3.406360e-01
379 6.582920e-01 9.120000e-04 3.407960e-01
380 6.581480e-01 8.760000e-04 3.409760e-01
381 6.580280e-01 8.280000e-04 3.411440e-01
382 6.579240e-01 8.120000e-04 3.412640e-01
383 6.578280e-01 7.680000e-04 3.414040e-01
384 6.576560e-01 7.920000e-04 3.415520e-01
385 6.574400e-01 8.720000e-04 3.416880e-01
386 6.572720e-01 8.960000e-04 3.418320e-01
387 6.571440e-01 8.640000e-04 3.419920e-01
388 6.570040e-01 8.440000e-04 3.421520e-01
389 6.568200e-01 8.560000e-04 3.423240e-01
390 6.566640e-01 8.880000e-04 3.424480e-01
391 6.565040e-01 9.320000e-04 3.425640e-01
392 6.564040e-01 8.600000e-04 3.427360e-01
393 6.562880e-01 8.480000e-04 3.428640e-01
394 6.561640e-01 8.600000e-04 3.429760e-01
395 6.560120e-01 8.520000e-04 3.431360e-01
396 6.558720e-01 8.440000e-04 3.432840e-01
397 6.557280e-01 8.240000e-04 3.434480e-01
398 6.555640e-01 8.200000e-04 3.436160e-01
399 6.554120e-01 8.520000e-04 3.437360e-01
400 6.552480e-01 8.440000e-04 3.439080e-01
401 6.550640e-01 8.520000e-04 3.440840e-01
402 6.549240e-01 8.400000e-04 3.442360e-01
403 6.547560e-01 8.680000e-04 3.443760e-01
404 6.546080e-01 8.800000e-04 3.445120e-01
405 6.544280e-01 9.200000e-04 3.446520e-01
406 6.542680e-01 9.200000e-04 3.448120e-01
407 6.540920e-01 9.840000e-04 3.449240e-01
408 6.539600e-01 9.080000e-04 3.451320e-01
409 6.538200e-01 8.760000e-04 3.453040e-01
410 6.536920e-01 8.400000e-04 3.454680e-01
411 6.535600e-01 8.360000e-04 3.456040e-01
412 6.533960e-01 8.480000e-04 3.457560e-01
413 6.532880e-01 7.840000e-04 3.459280e-01
414 6.531600e-01 7.760000e-04 3.460640e-01
415 6.529840e-01 8.360000e-04 3.461800e-01
416 6.528640e-01 8.120000e-04 3.463240e-01
417 6.527560e-01 8.080000e-04 3.464360e-01
418 6.526240e-01 8.120000e-04 3.465640e-01
419 6.525000e-01 7.880000e-04 3.467120e-01
420 6.524080e-01 7.560000e-04 3.468360e-01
421 6.522960e-01 7.120000e-04 3.469920e-01
422 6.522040e-01 6.960000e-04 3.471000e-01
423 6.520880e-01 7.000000e-04 3.472120e-01
424 6.520160e-01 6.440000e-04 3.473400e-01
425 6.519680e-01 6.040000e-04 3.474280e-01
426 6.518800e-01 6.200000e-04 3.475000e-01
427 6.518040e-01 5.880000e-04 3.476080e-01
428 6.517040e-01 6.040000e-04 3.476920e-01
429 6.516560e-01 5.640000e-04 3.477800e-01
430 6.515960e-01 5.440000e-04 3.478600e-01
431 6.515120e-01 5.400000e-04 3.479480e-01
432 6.514400e-01 5.160000e-04 3.480440e-01
433 6.513600e-01 5.360000e-04 3.481040e-01
434 6.512880e-01 5.400000e-04 3.481720e-01
435 6.512120e-01 5.440000e-04 3.482440e-01
436 6.511000e-01 5.440000e-04 3.483560e-01
437 6.510080e-01 5.520000e-04 3.484400e-01
438 6.509600e-01 5.200000e-04 3.485200e-01
439 6.508720e-01 5.120000e-04 3.486160e-01
440 6.508280e-01 4.800000e-04 3.486920e-01
441 6.507120e-01 5.000000e-04 3.487880e-01
442 6.505800e-01 5.240000e-04 3.488960e-01
443 6.505040e-01 5.240000e-04 3.489720e-01
444 6.504080e-01 5.360000e-04 3.490560e-01
445 6.503200e-01 5.480000e-04 3.491320e-01
446 6.502480e-01 5.160000e-04 3.492360e-01
447 6.501760e-01 4.960000e-04 3.493280e-01
448 6.501280e-01 4.400000e-04 3.494320e-01
449 6.500720e-01 4.560000e-04 3.494720e-01
450 6.500120e-01 4.400000e-04 3.495480e-01
451 6.499480e-01 4.280000e-04 3.496240e-01
452 6.498960e-01 3.960000e-04 3.497080e-01
453 6.498480e-01 3.800000e-04 3.497720e-01
454 6.498120e-01 3.240000e-04 3.498640e-01
455 6.497760e-01 3.000000e-04 3.499240e-01
456 6.497200e-01 3.160000e-04 3.499640e-01
457 6.496920e-01 2.880000e-04 3.500200e-01
458 6.496640e-01 2.560000e-04 3.500800e-01
459 6.496400e-01 2.440000e-04 3.501160e-01
460 6.496160e-01 2.280000e-04 3.501560e-01
461 6.495440e-01 2.600000e-04 3.501960e-01
462 6.494800e-01 2.880000e-04 3.502320e-01
463 6.494320e-01 2.880000e-04 3.502800e-01
464 6.493960e-01 2.920000e-04 3.503120e-01
465 6.493640e-01 2.800000e-04 3.503560e-01
466 6.493120e-01 2.800000e-04 3.504080e-01
467 6.492920e-01 2.760000e-04 3.504320e-01
468 6.492640e-01 2.720000e-04 3.504640e-01
469 6.492400e-01 2.640000e-04 3.504960e-01
470 6.492120e-01 2.360000e-04 3.505520e-01
471 6.491840e-01 2.240000e-04 3.505920e-01
472 6.491520e-01 2.160000e-04 3.506320e-01
473 6.491280e-01 2.040000e-04 3.506680e-01
474 6.491000e-01 2.000000e-04 3.507000e-01
475 6.490520e-01 2.040000e-04 3.507440e-01
476 6.490120e-01 2.040000e-04 3.507840e-01
477 6.489680e-01 2.200000e-04 3.508120e-01
478 6.489280e-01 2.280000e-04 3.508440e-01
479 6.489000e-01 2.160000e-04 3.508840e-01
480 6.488440e-01 2.200000e-04 3.509360e-01
481 6.488080e-01 2.200000e-04 3.509720e-01
482 6.487720e-01 2.120000e-04 3.510160e-01
483 6.487320e-01 2.160000e-04 3.510520e-01
484 6.487000e-01 2.000000e-04 3.511000e-01
485 6.486960e-01 1.920000e-04 3.511120e-01
486 6.486800e-01 1.840000e-04 3.511360e-01
487 6.486600e-01 1.720000e-04 3.511680e-01
488 6.486280e-01 1.840000e-04 3.511880e-01
489 6.486120e-01 1.360000e-04 3.512520e-01
490 6.486000e-01 1.240000e-04 3.512760e-01
491 6.485680e-01 1.320000e-04 3.513000e-01
492 6.485400e-01 1.400000e-04 3.513200e-01
493 6.485000e-01 1.640000e-04 3.513360e-01
494 6.484800e-01 1.520000e-04 3.513680e-01
495 6.484440e-01 1.600000e-04 3.513960e-01
496 6.484200e-01 1.640000e-04 3.514160e-01
497 6.483960e-01 1.520000e-04 3.514520e-01
498 6.483800e-01 1.480000e-04 3.514720e-01
499 6.483520e-01 1.400000e-04 3.515080e-01
500 6.483280e-01 1.320000e-04 3.515400e-01
