1 9.991400e-01 7.840000e-04 7.600000e-05
2 9.985720e-01 1.148000e-03 2.800000e-04
3 9.978360e-01 1.644000e-03 5.200000e-04
4 9.970120e-01 2.108000e-03 8.800000e-04
5 9.962360e-01 2.440000e-03 1.324000e-03
6 9.954320e-01 2.716000e-03 1.852000e-03
7 9.945920e-01 3.056000e-03 2.352000e-03
8 9.937320e-01 3.368000e-03 2.900000e-03
9 9.928440e-01 3.640000e-03 3.516000e-03
10 9.918440e-01 3.960000e-03 4.196000e-03
11 9.909480e-01 4.144000e-03 4.908000e-03
12 9.899240e-01 4.476000e-03 5.600000e-03
13 9.886920e-01 4.952000e-03 6.356000e-03
14 9.875280e-01 5.204000e-03 7.268000e-03
15 9.864680e-01 5.368000e-03 8.164000e-03
16 9.852360e-01 5.564000e-03 9.200000e-03
17 9.841000e-01 5.736000e-03 1.016400e-02
18 9.830240e-01 5.772000e-03 1.120400e-02
19 9.817600e-01 6.052000e-03 1.218800e-02
20 9.805400e-01 6.184000e-03 1.327600e-02
21 9.792680e-01 6.384000e-03 1.434800e-02
22 9.778920e-01 6.600000e-03 1.550800e-02
23 9.765440e-01 6.780000e-03 1.667600e-02
24 9.752360e-01 6.888000e-03 1.787600e-02
25 9.739040e-01 7.176000e-03 1.892000e-02
26 9.724480e-01 7.456000e-03 2.009600e-02
27 9.710320e-01 7.532000e-03 2.143600e-02
28 9.695640e-01 7.684000e-03 2.275200e-02
29 9.681240e-01 7.672000e-03 2.420400e-02
30 9.666160e-01 7.828000e-03 2.555600e-02
31 9.653040e-01 7.812000e-03 2.688400e-02
32 9.638720e-01 7.816000e-03 2.831200e-02
33 9.624200e-01 7.940000e-03 2.964000e-02
34 9.609480e-01 8.024000e-03 3.102800e-02
35 9.595640e-01 7.996000e-03 3.244000e-02
36 9.580040e-01 8.232000e-03 3.376400e-02
37 9.563760e-01 8.344000e-03 3.528000e-02
38 9.546280e-01 8.700000e-03 3.667200e-02
39 9.529440e-01 8.952000e-03 3.810400e-02
40 9.512320e-01 9.084000e-03 3.968400e-02
41 9.494200e-01 9.352000e-03 4.122800e-02
42 9.476560e-01 9.512000e-03 4.283200e-02
43 9.458440e-01 9.544000e-03 4.461200e-02
44 9.439440e-01 9.832000e-03 4.622400e-02
45 9.419960e-01 1.004400e-02 4.796000e-02
46 9.401680e-01 1.016000e-02 4.967200e-02
47 9.384280e-01 1.009600e-02 5.147600e-02
48 9.366600e-01 1.000800e-02 5.333200e-02
49 9.348440e-01 1.005200e-02 5.510400e-02
50 9.331880e-01 9.960000e-03 5.685200e-02
51 9.313320e-01 1.008800e-02 5.858000e-02
52 9.294320e-01 1.022800e-02 6.034000e-02
53 9.275840e-01 1.023200e-02 6.218400e-02
54 9.256840e-01 1.040800e-02 6.390800e-02
55 9.238840e-01 1.036400e-02 6.575200e-02
56 9.219880e-01 1.043200e-02 6.758000e-02
57 9.200560e-01 1.059600e-02 6.934800e-02
58 9.183680e-01 1.046000e-02 7.117200e-02
59 9.165800e-01 1.042400e-02 7.299600e-02
60 9.146400e-01 1.058800e-02 7.477200e-02
61 9.127480e-01 1.070400e-02 7.654800e-02
62 9.107920e-01 1.083600e-02 7.837200e-02
63 9.090760e-01 1.071200e-02 8.021200e-02
64 9.075040e-01 1.042400e-02 8.207200e-02
65 9.058080e-01 1.028400e-02 8.390800e-02
66 9.040600e-01 1.017200e-02 8.576800e-02
67 9.022840e-01 1.022400e-02 8.749200e-02
68 9.005160e-01 1.027600e-02 8.920800e-02
69 8.987360e-01 1.016800e-02 9.109600e-02
70 8.970320e-01 1.004400e-02 9.292400e-02
71 8.954720e-01 9.920000e-03 9.460800e-02
72 8.937920e-01 9.808000e-03 9.640000e-02
73 8.919800e-01 9.932000e-03 9.808800e-02
74 8.902080e-01 9.876000e-03 9.991600e-02
75 8.884480e-01 9.904000e-03 1.016480e-01
76 8.867240e-01 9.932000e-03 1.033440e-01
77 8.849680e-01 1.001600e-02 1.050160e-01
78 8.831240e-01 1.008800e-02 1.067880e-01
79 8.812920e-01 1.017600e-02 1.085320e-01
80 8.793960e-01 1.022000e-02 1.103840e-01
81 8.776240e-01 1.022800e-02 1.121480e-01
82 8.758840e-01 1.022000e-02 1.138960e-01
83 8.742360e-01 9.996000e-03 1.157680e-01
84 8.723440e-01 1.009200e-02 1.175640e-01
85 8.704560e-01 1.019600e-02 1.193480e-01
86 8.686800e-01 1.015600e-02 1.211640e-01
87 8.669800e-01 1.020400e-02 1.228160e-01
88 8.652160e-01 1.004000e-02 1.247440e-01
89 8.635160e-01 1.005600e-02 1.264280e-01
90 8.617720e-01 1.000400e-02 1.282240e-01
91 8.600080e-01 9.964000e-03 1.300280e-01
92 8.583000e-01 9.924000e-03 1.317760e-01
93 8.565280e-01 1.000400e-02 1.334680e-01
94 8.548680e-01 9.896000e-03 1.352360e-01
95 8.532040e-01 9.660000e-03 1.371360e-01
96 8.514840e-01 9.716000e-03 1.388000e-01
97 8.497720e-01 9.776000e-03 1.404520e-01
98 8.480320e-01 9.844000e-03 1.421240e-01
99 8.463600e-01 9.748000e-03 1.438920e-01
100 8.446680e-01 9.732000e-03 1.456000e-01
101 8.427600e-01 9.884000e-03 1.473560e-01
102 8.411360e-01 9.676000e-03 1.491880e-01
103 8.395200e-01 9.616000e-03 1.508640e-01
104 8.378760e-01 9.628000e-03 1.524960e-01
105 8.362040e-01 9.512000e-03 1.542840e-01
106 8.343600e-01 9.752000e-03 1.558880e-01
107 8.326600e-01 9.744000e-03 1.575960e-01
108 8.308440e-01 1.001200e-02 1.591440e-01
109 8.291960e-01 1.002400e-02 1.607800e-01
110 8.274480e-01 1.004400e-02 1.625080e-01
111 8.257160e-01 1.006800e-02 1.642160e-01
112 8.240040e-01 1.008400e-02 1.659120e-01
113 8.222920e-01 9.896000e-03 1.678120e-01
114 8.206880e-01 9.692000e-03 1.696200e-01
115 8.190560e-01 9.592000e-03 1.713520e-01
116 8.175360e-01 9.324000e-03 1.731400e-01
117 8.158880e-01 9.344000e-03 1.747680e-01
118 8.142160e-01 9.208000e-03 1.765760e-01
119 8.127080e-01 9.140000e-03 1.781520e-01
120 8.112080e-01 9.092000e-03 1.797000e-01
121 8.096960e-01 8.908000e-03 1.813960e-01
122 8.081560e-01 8.824000e-03 1.830200e-01
123 8.067000e-01 8.812000e-03 1.844880e-01
124 8.050520e-01 8.976000e-03 1.859720e-01
125 8.036080e-01 8.872000e-03 1.875200e-01
126 8.019760e-01 8.976000e-03 1.890480e-01
127 8.005960e-01 8.780000e-03 1.906240e-01
128 7.992520e-01 8.544000e-03 1.922040e-01
129 7.979520e-01 8.280000e-03 1.937680e-01
130 7.966880e-01 8.184000e-03 1.951280e-01
131 7.951960e-01 8.252000e-03 1.965520e-01
132 7.938240e-01 8.132000e-03 1.980440e-01
133 7.924760e-01 8.128000e-03 1.993960e-01
134 7.910600e-01 8.064000e-03 2.008760e-01
135 7.896360e-01 7.996000e-03 2.023680e-01
136 7.881800e-01 8.068000e-03 2.037520e-01
137 7.867360e-01 8.172000e-03 2.050920e-01
138 7.852720e-01 8.180000e-03 2.065480e-01
139 7.837960e-01 8.268000e-03 2.079360e-01
140 7.824960e-01 8.176000e-03 2.093280e-01
141 7.811480e-01 8.100000e-03 2.107520e-01
142 7.798480e-01 7.992000e-03 2.121600e-01
143 7.784600e-01 7.952000e-03 2.135880e-01
144 7.771880e-01 7.888000e-03 2.149240e-01
145 7.757920e-01 7.752000e-03 2.164560e-01
146 7.744840e-01 7.804000e-03 2.177120e-01
147 7.731480e-01 7.800000e-03 2.190520e-01
148 7.719680e-01 7.692000e-03 2.203400e-01
149 7.707600e-01 7.480000e-03 2.217600e-01
150 7.694080e-01 7.500000e-03 2.230920e-01
151 7.683440e-01 7.196000e-03 2.244600e-01
152 7.672160e-01 7.084000e-03 2.257000e-01
153 7.659960e-01 7.116000e-03 2.268880e-01
154 7.648240e-01 7.052000e-03 2.281240e-01
155 7.636160e-01 6.756000e-03 2.296280e-01
156 7.624720e-01 6.688000e-03 2.308400e-01
157 7.613480e-01 6.652000e-03 2.320000e-01
158 7.602160e-01 6.676000e-03 2.331080e-01
159 7.589720e-01 6.656000e-03 2.343720e-01
160 7.577240e-01 6.768000e-03 2.355080e-01
161 7.564480e-01 6.828000e-03 2.367240e-01
162 7.552000e-01 6.840000e-03 2.379600e-01
163 7.539440e-01 6.856000e-03 2.392000e-01
164 7.527560e-01 6.952000e-03 2.402920e-01
165 7.514480e-01 7.040000e-03 2.415120e-01
166 7.502640e-01 7.072000e-03 2.426640e-01
167 7.491880e-01 6.988000e-03 2.438240e-01
168 7.478360e-01 7.196000e-03 2.449680e-01
169 7.466280e-01 7.160000e-03 2.462120e-01
170 7.454440e-01 7.040000e-03 2.475160e-01
171 7.441960e-01 7.036000e-03 2.487680e-01
172 7.430560e-01 6.836000e-03 2.501080e-01
173 7.418960e-01 6.820000e-03 2.512840e-01
174 7.407840e-01 6.772000e-03 2.524440e-01
175 7.395400e-01 6.740000e-03 2.537200e-01
176 7.384360e-01 6.696000e-03 2.548680e-01
177 7.371800e-01 6.792000e-03 2.560280e-01
178 7.360240e-01 6.720000e-03 2.572560e-01
179 7.348160e-01 6.712000e-03 2.584720e-01
180 7.336320e-01 6.784000e-03 2.595840e-01
181 7.324800e-01 6.712000e-03 2.608080e-01
182 7.313920e-01 6.616000e-03 2.619920e-01
183 7.301440e-01 6.668000e-03 2.631880e-01
184 7.290720e-01 6.568000e-03 2.643600e-01
185 7.281280e-01 6.252000e-03 2.656200e-01
186 7.271280e-01 6.244000e-03 2.666280e-01
187 7.261440e-01 6.160000e-03 2.676960e-01
188 7.250920e-01 6.208000e-03 2.687000e-01
189 7.241200e-01 6.076000e-03 2.698040e-01
190 7.230680e-01 6.052000e-03 2.708800e-01
191 7.222600e-01 5.888000e-03 2.718520e-01
192 7.214080e-01 5.652000e-03 2.729400e-01
193 7.205200e-01 5.532000e-03 2.739480e-01
194 7.196920e-01 5.356000e-03 2.749520e-01
195 7.188360e-01 5.284000e-03 2.758800e-01
196 7.178640e-01 5.428000e-03 2.767080e-01
197 7.168800e-01 5.356000e-03 2.777640e-01
198 7.160480e-01 5.296000e-03 2.786560e-01
199 7.151160e-01 5.344000e-03 2.795400e-01
200 7.141240e-01 5.432000e-03 2.804440e-01
201 7.132400e-01 5.300000e-03 2.814600e-01
202 7.125120e-01 5.084000e-03 2.824040e-01
203 7.117240e-01 4.980000e-03 2.832960e-01
204 7.108080e-01 5.060000e-03 2.841320e-01
205 7.099240e-01 5.028000e-03 2.850480e-01
206 7.090400e-01 4.992000e-03 2.859680e-01
207 7.081880e-01 4.988000e-03 2.868240e-01
208 7.073200e-01 4.904000e-03 2.877760e-01
209 7.065240e-01 4.832000e-03 2.886440e-01
210 7.056800e-01 4.852000e-03 2.894680e-01
211 7.048800e-01 4.820000e-03 2.903000e-01
212 7.041200e-01 4.784000e-03 2.910960e-01
213 7.033120e-01 4.788000e-03 2.919000e-01
214 7.024200e-01 4.808000e-03 2.927720e-01
215 7.016480e-01 4.736000e-03 2.936160e-01
216 7.007960e-01 4.764000e-03 2.944400e-01
217 7.000560e-01 4.716000e-03 2.952280e-01
218 6.992360e-01 4.684000e-03 2.960800e-01
219 6.984120e-01 4.768000e-03 2.968200e-01
220 6.974200e-01 5.004000e-03 2.975760e-01
221 6.965600e-01 4.988000e-03 2.984520e-01
222 6.956840e-01 4.924000e-03 2.993920e-01
223 6.949240e-01 4.832000e-03 3.002440e-01
224 6.941120e-01 4.748000e-03 3.011400e-01
225 6.932640e-01 4.852000e-03 3.018840e-01
226 6.924240e-01 4.884000e-03 3.026920e-01
227 6.916240e-01 4.788000e-03 3.035880e-01
228 6.908800e-01 4.668000e-03 3.044520e-01
229 6.900080e-01 4.740000e-03 3.052520e-01
230 6.892520e-01 4.624000e-03 3.061240e-01
231 6.885040e-01 4.532000e-03 3.069640e-01
232 6.877640e-01 4.472000e-03 3.077640e-01
233 6.870600e-01 4.456000e-03 3.084840e-01
234 6.863840e-01 4.480000e-03 3.091360e-01
235 6.857280e-01 4.364000e-03 3.099080e-01
236 6.850440e-01 4.244000e-03 3.107120e-01
237 6.844240e-01 4.280000e-03 3.112960e-01
238 6.836520e-01 4.316000e-03 3.120320e-01
239 6.829440e-01 4.292000e-03 3.127640e-01
240 6.821560e-01 4.328000e-03 3.135160e-01
241 6.814480e-01 4.336000e-03 3.142160e-01
242 6.808320e-01 4.152000e-03 3.150160e-01
243 6.802440e-01 4.048000e-03 3.157080e-01
244 6.795920e-01 4.000000e-03 3.164080e-01
245 6.790200e-01 3.840000e-03 3.171400e-01
246 6.783520e-01 3.864000e-03 3.177840e-01
247 6.778080e-01 3.736000e-03 3.184560e-01
248 6.771280e-01 3.756000e-03 3.191160e-01
249 6.764760e-01 3.804000e-03 3.197200e-01
250 6.759200e-01 3.724000e-03 3.203560e-01
251 6.753000e-01 3.688000e-03 3.210120e-01
252 6.747880e-01 3.580000e-03 3.216320e-01
253 6.742000e-01 3.496000e-03 3.223040e-01
254 6.736120e-01 3.432000e-03 3.229560e-01
255 6.729360e-01 3.468000e-03 3.235960e-01
256 6.723600e-01 3.528000e-03 3.241120e-01
257 6.717600e-01 3.488000e-03 3.247520e-01
258 6.711920e-01 3.412000e-03 3.253960e-01
259 6.706200e-01 3.396000e-03 3.259840e-01
260 6.700160e-01 3.388000e-03 3.265960e-01
261 6.694520e-01 3.308000e-03 3.272400e-01
262 6.689520e-01 3.244000e-03 3.278040e-01
263 6.683840e-01 3.308000e-03 3.283080e-01
264 6.679320e-01 3.148000e-03 3.289200e-01
265 6.674320e-01 3.076000e-03 3.294920e-01
266 6.670080e-01 3.028000e-03 3.299640e-01
267 6.665400e-01 2.884000e-03 3.305760e-01
268 6.662120e-01 2.736000e-03 3.310520e-01
269 6.658120e-01 2.572000e-03 3.316160e-01
270 6.654520e-01 2.500000e-03 3.320480e-01
271 6.650840e-01 2.464000e-03 3.324520e-01
272 6.646480e-01 2.420000e-03 3.329320e-01
273 6.642640e-01 2.368000e-03 3.333680e-01
274 6.639400e-01 2.296000e-03 3.337640e-01
275 6.635240e-01 2.380000e-03 3.340960e-01
276 6.630600e-01 2.432000e-03 3.345080e-01
277 6.626160e-01 2.464000e-03 3.349200e-01
278 6.621880e-01 2.440000e-03 3.353720e-01
279 6.617360e-01 2.400000e-03 3.358640e-01
280 6.613840e-01 2.340000e-03 3.362760e-01
281 6.609280e-01 2.384000e-03 3.366880e-01
282 6.605080e-01 2.408000e-03 3.370840e-01
283 6.601000e-01 2.400000e-03 3.375000e-01
284 6.597120e-01 2.368000e-03 3.379200e-01
285 6.593240e-01 2.400000e-03 3.382760e-01
286 6.589080e-01 2.372000e-03 3.387200e-01
287 6.584640e-01 2.384000e-03 3.391520e-01
288 6.580440e-01 2.428000e-03 3.395280e-01
289 6.577080e-01 2.304000e-03 3.399880e-01
290 6.573640e-01 2.264000e-03 3.403720e-01
291 6.569840e-01 2.236000e-03 3.407800e-01
292 6.566080e-01 2.172000e-03 3.412200e-01
293 6.562360e-01 2.220000e-03 3.415440e-01
294 6.558400e-01 2.220000e-03 3.419400e-01
295 6.554600e-01 2.156000e-03 3.423840e-01
296 6.551040e-01 2.088000e-03 3.428080e-01
297 6.547360e-01 2.144000e-03 3.431200e-01
298 6.543560e-01 2.208000e-03 3.434360e-01
299 6.539480e-01 2.216000e-03 3.438360e-01
300 6.535760e-01 2.236000e-03 3.441880e-01
301 6.532400e-01 2.164000e-03 3.445960e-01
302 6.528800e-01 2.156000e-03 3.449640e-01
303 6.525800e-01 2.156000e-03 3.452640e-01
304 6.522080e-01 2.108000e-03 3.456840e-01
305 6.518720e-01 2.112000e-03 3.460160e-01
306 6.515440e-01 2.048000e-03 3.464080e-01
307 6.512560e-01 1.972000e-03 3.467720e-01
308 6.509760e-01 1.872000e-03 3.471520e-01
309 6.507000e-01 1.856000e-03 3.474440e-01
310 6.503560e-01 1.852000e-03 3.477920e-01
311 6.499920e-01 1.872000e-03 3.481360e-01
312 6.497160e-01 1.884000e-03 3.484000e-01
313 6.493440e-01 1.920000e-03 3.487360e-01
314 6.490440e-01 1.896000e-03 3.490600e-01
315 6.487360e-01 1.872000e-03 3.493920e-01
316 6.483880e-01 1.864000e-03 3.497480e-01
317 6.480840e-01 1.852000e-03 3.500640e-01
318 6.477640e-01 1.812000e-03 3.504240e-01
319 6.475120e-01 1.744000e-03 3.507440e-01
320 6.471720e-01 1.776000e-03 3.510520e-01
321 6.468160e-01 1.852000e-03 3.513320e-01
322 6.464880e-01 1.820000e-03 3.516920e-01
323 6.461800e-01 1.812000e-03 3.520080e-01
324 6.458400e-01 1.852000e-03 3.523080e-01
325 6.454880e-01 1.888000e-03 3.526240e-01
326 6.451680e-01 1.876000e-03 3.529560e-01
327 6.449040e-01 1.848000e-03 3.532480e-01
328 6.445200e-01 1.948000e-03 3.535320e-01
329 6.440880e-01 1.916000e-03 3.539960e-01
330 6.436840e-01 1.956000e-03 3.543600e-01
331 6.433280e-01 1.924000e-03 3.547480e-01
332 6.430080e-01 1.884000e-03 3.551080e-01
333 6.426560e-01 1.932000e-03 3.554120e-01
334 6.423200e-01 1.932000e-03 3.557480e-01
335 6.419600e-01 1.976000e-03 3.560640e-01
336 6.416720e-01 1.924000e-03 3.564040e-01
337 6.413240e-01 1.964000e-03 3.567120e-01
338 6.409520e-01 1.992000e-03 3.570560e-01
339 6.405600e-01 2.032000e-03 3.574080e-01
340 6.401840e-01 2.056000e-03 3.577600e-01
341 6.399080e-01 1.984000e-03 3.581080e-01
342 6.396520e-01 1.888000e-03 3.584600e-01
343 6.394000e-01 1.856000e-03 3.587440e-01
344 6.391280e-01 1.764000e-03 3.591080e-01
345 6.389160e-01 1.700000e-03 3.593840e-01
346 6.386280e-01 1.680000e-03 3.596920e-01
347 6.383720e-01 1.708000e-03 3.599200e-01
348 6.381720e-01 1.644000e-03 3.601840e-01
349 6.379240e-01 1.628000e-03 3.604480e-01
350 6.376800e-01 1.572000e-03 3.607480e-01
351 6.374280e-01 1.484000e-03 3.610880e-01
352 6.371600e-01 1.460000e-03 3.613800e-01
353 6.369800e-01 1.424000e-03 3.615960e-01
354 6.367760e-01 1.416000e-03 3.618080e-01
355 6.364920e-01 1.408000e-03 3.621000e-01
356 6.362440e-01 1.412000e-03 3.623440e-01
357 6.359840e-01 1.464000e-03 3.625520e-01
358 6.356800e-01 1.536000e-03 3.627840e-01
359 6.354600e-01 1.464000e-03 3.630760e-01
360 6.351560e-01 1.516000e-03 3.633280e-01
361 6.348360e-01 1.520000e-03 3.636440e-01
362 6.345680e-01 1.516000e-03 3.639160e-01
363 6.342480e-01 1.520000e-03 3.642320e-01
364 6.339760e-01 1.580000e-03 3.644440e-01
365 6.337720e-01 1.520000e-03 3.647080e-01
366 6.335080e-01 1.500000e-03 3.649920e-01
367 6.333200e-01 1.456000e-03 3.652240e-01
368 6.331080e-01 1.412000e-03 3.654800e-01
369 6.329080e-01 1.336000e-03 3.657560e-01
370 6.327080e-01 1.220000e-03 3.660720e-01
371 6.325320e-01 1.188000e-03 3.662800e-01
372 6.322240e-01 1.324000e-03 3.664520e-01
373 6.319760e-01 1.368000e-03 3.666560e-01
374 6.317240e-01 1.388000e-03 3.668880e-01
375 6.314520e-01 1.448000e-03 3.671000e-01
376 6.311960e-01 1.436000e-03 3.673680e-01
377 6.309280e-01 1.456000e-03 3.676160e-01
378 6.306600e-01 1.456000e-03 3.678840e-01
379 6.303640e-01 1.468000e-03 3.681680e-01
380 6.301520e-01 1.416000e-03 3.684320e-01
381 6.298640e-01 1.496000e-03 3.686400e-01
382 6.296040e-01 1.468000e-03 3.689280e-01
383 6.293680e-01 1.492000e-03 3.691400e-01
384 6.291600e-01 1.404000e-03 3.694360e-01
385 6.289520e-01 1.404000e-03 3.696440e-01
386 6.287600e-01 1.332000e-03 3.699080e-01
387 6.285080e-01 1.324000e-03 3.701680e-01
388 6.282760e-01 1.344000e-03 3.703800e-01
389 6.280000e-01 1.372000e-03 3.706280e-01
390 6.277000e-01 1.388000e-03 3.709120e-01
391 6.274600e-01 1.352000e-03 3.711880e-01
392 6.272600e-01 1.324000e-03 3.714160e-01
393 6.270160e-01 1.336000e-03 3.716480e-01
394 6.267760e-01 1.372000e-03 3.718520e-01
395 6.265320e-01 1.380000e-03 3.720880e-01
396 6.262800e-01 1.364000e-03 3.723560e-01
397 6.260680e-01 1.348000e-03 3.725840e-01
398 6.258400e-01 1.364000e-03 3.727960e-01
399 6.256640e-01 1.308000e-03 3.730280e-01
400 6.254560e-01 1.280000e-03 3.732640e-01
401 6.251960e-01 1.340000e-03 3.734640e-01
402 6.249480e-01 1.344000e-03 3.737080e-01
403 6.246560e-01 1.420000e-03 3.739240e-01
404 6.244600e-01 1.388000e-03 3.741520e-01
405 6.241760e-01 1.456000e-03 3.743680e-01
406 6.239200e-01 1.436000e-03 3.746440e-01
407 6.236600e-01 1.412000e-03 3.749280e-01
408 6.234440e-01 1.384000e-03 3.751720e-01
409 6.232040e-01 1.304000e-03 3.754920e-01
410 6.229840e-01 1.248000e-03 3.757680e-01
411 6.227840e-01 1.208000e-03 3.760080e-01
412 6.225680e-01 1.216000e-03 3.762160e-01
413 6.223720e-01 1.164000e-03 3.764640e-01
414 6.221400e-01 1.224000e-03 3.766360e-01
415 6.219360e-01 1.252000e-03 3.768120e-01
416 6.217120e-01 1.284000e-03 3.770040e-01
417 6.215120e-01 1.236000e-03 3.772520e-01
418 6.212720e-01 1.252000e-03 3.774760e-01
419 6.210680e-01 1.268000e-03 3.776640e-01
420 6.208920e-01 1.204000e-03 3.779040e-01
421 6.206840e-01 1.220000e-03 3.780960e-01
422 6.205320e-01 1.176000e-03 3.782920e-01
423 6.203680e-01 1.052000e-03 3.785800e-01
424 6.202400e-01 1.012000e-03 3.787480e-01
425 6.200640e-01 1.016000e-03 3.789200e-01
426 6.199280e-01 1.000000e-03 3.790720e-01
427 6.197840e-01 9.480000e-04 3.792680e-01
428 6.196240e-01 8.840000e-04 3.794920e-01
429 6.194600e-01 9.160000e-04 3.796240e-01
430 6.192920e-01 8.920000e-04 3.798160e-01
431 6.191240e-01 8.600000e-04 3.800160e-01
432 6.189080e-01 9.200000e-04 3.801720e-01
433 6.187640e-01 9.080000e-04 3.803280e-01
434 6.186280e-01 8.760000e-04 3.804960e-01
435 6.184600e-01 8.240000e-04 3.807160e-01
436 6.182960e-01 8.760000e-04 3.808280e-01
437 6.181320e-01 9.000000e-04 3.809680e-01
438 6.179600e-01 9.240000e-04 3.811160e-01
439 6.178080e-01 9.040000e-04 3.812880e-01
440 6.177080e-01 8.280000e-04 3.814640e-01
441 6.176120e-01 7.840000e-04 3.816040e-01
442 6.174920e-01 8.120000e-04 3.816960e-01
443 6.173640e-01 7.720000e-04 3.818640e-01
444 6.172760e-01 7.280000e-04 3.819960e-01
445 6.171520e-01 7.160000e-04 3.821320e-01
446 6.170400e-01 7.120000e-04 3.822480e-01
447 6.169160e-01 7.120000e-04 3.823720e-01
448 6.168080e-01 6.840000e-04 3.825080e-01
449 6.167520e-01 6.440000e-04 3.826040e-01
450 6.166760e-01 5.960000e-04 3.827280e-01
451 6.166000e-01 5.960000e-04 3.828040e-01
452 6.165240e-01 5.640000e-04 3.829120e-01
453 6.164240e-01 5.680000e-04 3.830080e-01
454 6.163880e-01 4.920000e-04 3.831200e-01
455 6.163000e-01 4.920000e-04 3.832080e-01
456 6.162240e-01 4.960000e-04 3.832800e-01
457 6.161600e-01 4.680000e-04 3.833720e-01
458 6.161000e-01 4.520000e-04 3.834480e-01
459 6.160200e-01 4.440000e-04 3.835360e-01
460 6.159560e-01 4.400000e-04 3.836040e-01
461 6.159040e-01 4.160000e-04 3.836800e-01
462 6.158240e-01 4.160000e-04 3.837600e-01
463 6.157280e-01 4.400000e-04 3.838320e-01
464 6.156480e-01 4.440000e-04 3.839080e-01
465 6.155800e-01 4.640000e-04 3.839560e-01
466 6.155040e-01 4.640000e-04 3.840320e-01
467 6.154360e-01 4.400000e-04 3.841240e-01
468 6.153440e-01 4.600000e-04 3.841960e-01
469 6.152600e-01 4.720000e-04 3.842680e-01
470 6.151760e-01 4.720000e-04 3.843520e-01
471 6.150840e-01 4.920000e-04 3.844240e-01
472 6.150160e-01 4.600000e-04 3.845240e-01
473 6.149520e-01 4.400000e-04 3.846080e-01
474 6.149240e-01 3.760000e-04 3.847000e-01
475 6.148960e-01 3.280000e-04 3.847760e-01
476 6.148520e-01 3.320000e-04 3.848160e-01
477 6.148200e-01 3.120000e-04 3.848680e-01
478 6.147920e-01 2.960000e-04 3.849120e-01
479 6.147680e-01 2.760000e-04 3.849560e-01
480 6.147160e-01 2.920000e-04 3.849920e-01
481 6.146600e-01 3.040000e-04 3.850360e-01
482 6.145960e-01 2.960000e-04 3.851080e-01
483 6.145240e-01 3.200000e-04 3.851560e-01
484 6.144880e-01 3.160000e-04 3.851960e-01
485 6.144040e-01 3.560000e-04 3.852400e-01
486 6.142920e-01 4.320000e-04 3.852760e-01
487 6.141800e-01 4.960000e-04 3.853240e-01
488 6.141160e-01 4.640000e-04 3.854200e-01
489 6.140360e-01 4.840000e-04 3.854800e-01
490 6.139560e-01 4.920000e-04 3.855520e-01
491 6.138760e-01 5.000000e-04 3.856240e-01
492 6.137960e-01 5.040000e-04 3.857000e-01
493 6.137120e-01 5.040000e-04 3.857840e-01
494 6.136400e-01 4.720000e-04 3.858880e-01
495 6.135920e-01 4.320000e-04 3.859760e-01
496 6.135360e-01 4.120000e-04 3.860520e-01
497 6.134880e-01 3.640000e-04 3.861480e-01
498 6.133920e-01 3.800000e-04 3.862280e-01
499 6.133120e-01 4.000000e-04 3.862880e-01
500 6.132480e-01 4.000000e-04 3.863520e-01
