1 9.991880e-01 7.160000e-04 9.600000e-05
2 9.986040e-01 1.140000e-03 2.560000e-04
3 9.981000e-01 1.392000e-03 5.080000e-04
4 9.973200e-01 1.872000e-03 8.080000e-04
5 9.964880e-01 2.308000e-03 1.204000e-03
6 9.956200e-01 2.720000e-03 1.660000e-03
7 9.948360e-01 3.020000e-03 2.144000e-03
8 9.939120e-01 3.400000e-03 2.688000e-03
9 9.929720e-01 3.784000e-03 3.244000e-03
10 9.918360e-01 4.208000e-03 3.956000e-03
11 9.908680e-01 4.336000e-03 4.796000e-03
12 9.897480e-01 4.704000e-03 5.548000e-03
13 9.886160e-01 5.064000e-03 6.320000e-03
14 9.874560e-01 5.268000e-03 7.276000e-03
15 9.861520e-01 5.580000e-03 8.268000e-03
16 9.849440e-01 5.824000e-03 9.232000e-03
17 9.837680e-01 5.940000e-03 1.029200e-02
18 9.824840e-01 6.168000e-03 1.134800e-02
19 9.812160e-01 6.348000e-03 1.243600e-02
20 9.797680e-01 6.712000e-03 1.352000e-02
21 9.783640e-01 6.912000e-03 1.472400e-02
22 9.768240e-01 7.188000e-03 1.598800e-02
23 9.754360e-01 7.196000e-03 1.736800e-02
24 9.739200e-01 7.456000e-03 1.862400e-02
25 9.723440e-01 7.692000e-03 1.996400e-02
26 9.706720e-01 7.968000e-03 2.136000e-02
27 9.691320e-01 8.096000e-03 2.277200e-02
28 9.675760e-01 8.252000e-03 2.417200e-02
29 9.659560e-01 8.380000e-03 2.566400e-02
30 9.643760e-01 8.476000e-03 2.714800e-02
31 9.627240e-01 8.552000e-03 2.872400e-02
32 9.610840e-01 8.852000e-03 3.006400e-02
33 9.593040e-01 9.088000e-03 3.160800e-02
34 9.576720e-01 9.132000e-03 3.319600e-02
35 9.560280e-01 9.248000e-03 3.472400e-02
36 9.544160e-01 9.312000e-03 3.627200e-02
37 9.527800e-01 9.176000e-03 3.804400e-02
38 9.511280e-01 9.236000e-03 3.963600e-02
39 9.493720e-01 9.476000e-03 4.115200e-02
40 9.477280e-01 9.420000e-03 4.285200e-02
41 9.460120e-01 9.504000e-03 4.448400e-02
42 9.442840e-01 9.540000e-03 4.617600e-02
43 9.426880e-01 9.408000e-03 4.790400e-02
44 9.410840e-01 9.384000e-03 4.953200e-02
45 9.395440e-01 9.192000e-03 5.126400e-02
46 9.379680e-01 9.148000e-03 5.288400e-02
47 9.364320e-01 9.204000e-03 5.436400e-02
48 9.347920e-01 9.356000e-03 5.585200e-02
49 9.332120e-01 9.200000e-03 5.758800e-02
50 9.316920e-01 9.176000e-03 5.913200e-02
51 9.301600e-01 9.172000e-03 6.066800e-02
52 9.284920e-01 9.204000e-03 6.230400e-02
53 9.268320e-01 9.368000e-03 6.380000e-02
54 9.252760e-01 9.368000e-03 6.535600e-02
55 9.236720e-01 9.368000e-03 6.696000e-02
56 9.218560e-01 9.664000e-03 6.848000e-02
57 9.200120e-01 9.836000e-03 7.015200e-02
58 9.183040e-01 9.928000e-03 7.176800e-02
59 9.166640e-01 9.844000e-03 7.349200e-02
60 9.150800e-01 9.860000e-03 7.506000e-02
61 9.133600e-01 9.868000e-03 7.677200e-02
62 9.115880e-01 9.928000e-03 7.848400e-02
63 9.097120e-01 1.003600e-02 8.025200e-02
64 9.080160e-01 9.900000e-03 8.208400e-02
65 9.063520e-01 9.864000e-03 8.378400e-02
66 9.046880e-01 9.892000e-03 8.542000e-02
67 9.029320e-01 9.736000e-03 8.733200e-02
68 9.012200e-01 9.804000e-03 8.897600e-02
69 8.995880e-01 9.704000e-03 9.070800e-02
70 8.978400e-01 9.800000e-03 9.236000e-02
71 8.960640e-01 9.800000e-03 9.413600e-02
72 8.942440e-01 9.848000e-03 9.590800e-02
73 8.925240e-01 9.892000e-03 9.758400e-02
74 8.906920e-01 9.960000e-03 9.934800e-02
75 8.888880e-01 9.928000e-03 1.011840e-01
76 8.870280e-01 1.004000e-02 1.029320e-01
77 8.854160e-01 9.864000e-03 1.047200e-01
78 8.837400e-01 9.748000e-03 1.065120e-01
79 8.820960e-01 9.732000e-03 1.081720e-01
80 8.804000e-01 9.812000e-03 1.097880e-01
81 8.787160e-01 9.888000e-03 1.113960e-01
82 8.771920e-01 9.804000e-03 1.130040e-01
83 8.756040e-01 9.676000e-03 1.147200e-01
84 8.740800e-01 9.640000e-03 1.162800e-01
85 8.723880e-01 9.768000e-03 1.178440e-01
86 8.706720e-01 9.888000e-03 1.194400e-01
87 8.690040e-01 9.800000e-03 1.211960e-01
88 8.674560e-01 9.560000e-03 1.229840e-01
89 8.659200e-01 9.384000e-03 1.246960e-01
90 8.641720e-01 9.496000e-03 1.263320e-01
91 8.625240e-01 9.488000e-03 1.279880e-01
92 8.609360e-01 9.452000e-03 1.296120e-01
93 8.594280e-01 9.268000e-03 1.313040e-01
94 8.578760e-01 9.152000e-03 1.329720e-01
95 8.563240e-01 9.032000e-03 1.346440e-01
96 8.549680e-01 8.916000e-03 1.361160e-01
97 8.533440e-01 9.016000e-03 1.376400e-01
98 8.516720e-01 9.120000e-03 1.392080e-01
99 8.500360e-01 9.204000e-03 1.407600e-01
100 8.484840e-01 9.120000e-03 1.423960e-01
101 8.468240e-01 9.168000e-03 1.440080e-01
102 8.452680e-01 9.084000e-03 1.456480e-01
103 8.436840e-01 9.104000e-03 1.472120e-01
104 8.420760e-01 9.080000e-03 1.488440e-01
105 8.406200e-01 8.968000e-03 1.504120e-01
106 8.390320e-01 8.960000e-03 1.520080e-01
107 8.373520e-01 8.988000e-03 1.536600e-01
108 8.358240e-01 9.020000e-03 1.551560e-01
109 8.342760e-01 8.944000e-03 1.567800e-01
110 8.328840e-01 8.888000e-03 1.582280e-01
111 8.312880e-01 8.820000e-03 1.598920e-01
112 8.300080e-01 8.600000e-03 1.613920e-01
113 8.283360e-01 8.688000e-03 1.629760e-01
114 8.267840e-01 8.672000e-03 1.645440e-01
115 8.253800e-01 8.488000e-03 1.661320e-01
116 8.237680e-01 8.588000e-03 1.676440e-01
117 8.222760e-01 8.592000e-03 1.691320e-01
118 8.207240e-01 8.552000e-03 1.707240e-01
119 8.192640e-01 8.592000e-03 1.721440e-01
120 8.176680e-01 8.832000e-03 1.735000e-01
121 8.162240e-01 8.792000e-03 1.749840e-01
122 8.148800e-01 8.568000e-03 1.765520e-01
123 8.134880e-01 8.380000e-03 1.781320e-01
124 8.122840e-01 8.104000e-03 1.796120e-01
125 8.110680e-01 7.824000e-03 1.811080e-01
126 8.098720e-01 7.716000e-03 1.824120e-01
127 8.086440e-01 7.540000e-03 1.838160e-01
128 8.072640e-01 7.596000e-03 1.851400e-01
129 8.060480e-01 7.500000e-03 1.864520e-01
130 8.048720e-01 7.364000e-03 1.877640e-01
131 8.036560e-01 7.396000e-03 1.889480e-01
132 8.024720e-01 7.276000e-03 1.902520e-01
133 8.012520e-01 7.124000e-03 1.916240e-01
134 8.000480e-01 7.088000e-03 1.928640e-01
135 7.987480e-01 7.188000e-03 1.940640e-01
136 7.974320e-01 7.236000e-03 1.953320e-01
137 7.961640e-01 7.200000e-03 1.966360e-01
138 7.948880e-01 7.248000e-03 1.978640e-01
139 7.936800e-01 7.180000e-03 1.991400e-01
140 7.925760e-01 6.940000e-03 2.004840e-01
141 7.913560e-01 6.932000e-03 2.017120e-01
142 7.902280e-01 6.824000e-03 2.029480e-01
143 7.889440e-01 6.824000e-03 2.042320e-01
144 7.879200e-01 6.700000e-03 2.053800e-01
145 7.867000e-01 6.816000e-03 2.064840e-01
146 7.857120e-01 6.616000e-03 2.076720e-01
147 7.846560e-01 6.588000e-03 2.087560e-01
148 7.836120e-01 6.500000e-03 2.098880e-01
149 7.824560e-01 6.472000e-03 2.110720e-01
150 7.813440e-01 6.460000e-03 2.121960e-01
151 7.801960e-01 6.512000e-03 2.132920e-01
152 7.790440e-01 6.560000e-03 2.143960e-01
153 7.781160e-01 6.300000e-03 2.155840e-01
154 7.771480e-01 6.236000e-03 2.166160e-01
155 7.763440e-01 5.888000e-03 2.177680e-01
156 7.753960e-01 5.784000e-03 2.188200e-01
157 7.745120e-01 5.688000e-03 2.198000e-01
158 7.736200e-01 5.664000e-03 2.207160e-01
159 7.726320e-01 5.636000e-03 2.217320e-01
160 7.717280e-01 5.528000e-03 2.227440e-01
161 7.708840e-01 5.360000e-03 2.237560e-01
162 7.700240e-01 5.272000e-03 2.247040e-01
163 7.692040e-01 5.204000e-03 2.255920e-01
164 7.683760e-01 5.136000e-03 2.264880e-01
165 7.675080e-01 5.120000e-03 2.273720e-01
166 7.665800e-01 5.024000e-03 2.283960e-01
167 7.657680e-01 4.892000e-03 2.293400e-01
168 7.649080e-01 4.944000e-03 2.301480e-01
169 7.641680e-01 4.804000e-03 2.310280e-01
170 7.633880e-01 4.724000e-03 2.318880e-01
171 7.626320e-01 4.572000e-03 2.327960e-01
172 7.618400e-01 4.548000e-03 2.336120e-01
173 7.610480e-01 4.592000e-03 2.343600e-01
174 7.603080e-01 4.536000e-03 2.351560e-01
175 7.595200e-01 4.532000e-03 2.359480e-01
176 7.588280e-01 4.436000e-03 2.367360e-01
177 7.581440e-01 4.372000e-03 2.374840e-01
178 7.573240e-01 4.488000e-03 2.381880e-01
179 7.566200e-01 4.468000e-03 2.389120e-01
180 7.558600e-01 4.472000e-03 2.396680e-01
181 7.551000e-01 4.440000e-03 2.404600e-01
182 7.544520e-01 4.304000e-03 2.412440e-01
183 7.537600e-01 4.332000e-03 2.419080e-01
184 7.530040e-01 4.308000e-03 2.426880e-01
185 7.522120e-01 4.312000e-03 2.434760e-01
186 7.514960e-01 4.332000e-03 2.441720e-01
187 7.507640e-01 4.172000e-03 2.450640e-01
188 7.501200e-01 4.180000e-03 2.457000e-01
189 7.493640e-01 4.192000e-03 2.464440e-01
190 7.486400e-01 4.216000e-03 2.471440e-01
191 7.479520e-01 4.200000e-03 2.478480e-01
192 7.472880e-01 4.164000e-03 2.485480e-01
193 7.465680e-01 4.176000e-03 2.492560e-01
194 7.459520e-01 4.160000e-03 2.498880e-01
195 7.452800e-01 4.128000e-03 2.505920e-01
196 7.446400e-01 4.068000e-03 2.512920e-01
197 7.440600e-01 3.964000e-03 2.519760e-01
198 7.433920e-01 3.884000e-03 2.527240e-01
199 7.427080e-01 3.856000e-03 2.534360e-01
200 7.420800e-01 3.916000e-03 2.540040e-01
201 7.414160e-01 3.940000e-03 2.546440e-01
202 7.407320e-01 3.944000e-03 2.553240e-01
203 7.399680e-01 3.972000e-03 2.560600e-01
204 7.393640e-01 3.924000e-03 2.567120e-01
205 7.387480e-01 3.892000e-03 2.573600e-01
206 7.380240e-01 3.828000e-03 2.581480e-01
207 7.373240e-01 3.864000e-03 2.588120e-01
208 7.366200e-01 3.940000e-03 2.594400e-01
209 7.359280e-01 3.940000e-03 2.601320e-01
210 7.352440e-01 3.956000e-03 2.608000e-01
211 7.345400e-01 4.068000e-03 2.613920e-01
212 7.338520e-01 4.008000e-03 2.621400e-01
213 7.330960e-01 4.004000e-03 2.629000e-01
214 7.323600e-01 3.992000e-03 2.636480e-01
215 7.316520e-01 3.968000e-03 2.643800e-01
216 7.310160e-01 3.860000e-03 2.651240e-01
217 7.303320e-01 3.904000e-03 2.657640e-01
218 7.297160e-01 3.880000e-03 2.664040e-01
219 7.291680e-01 3.756000e-03 2.670760e-01
220 7.286040e-01 3.788000e-03 2.676080e-01
221 7.281040e-01 3.808000e-03 2.680880e-01
222 7.275000e-01 3.688000e-03 2.688120e-01
223 7.268880e-01 3.632000e-03 2.694800e-01
224 7.263000e-01 3.616000e-03 2.700840e-01
225 7.257240e-01 3.560000e-03 2.707160e-01
226 7.250520e-01 3.620000e-03 2.713280e-01
227 7.243840e-01 3.688000e-03 2.719280e-01
228 7.236640e-01 3.736000e-03 2.726000e-01
229 7.229680e-01 3.852000e-03 2.731800e-01
230 7.224080e-01 3.804000e-03 2.737880e-01
231 7.216400e-01 3.848000e-03 2.745120e-01
232 7.208480e-01 3.872000e-03 2.752800e-01
233 7.200560e-01 3.964000e-03 2.759800e-01
234 7.193760e-01 3.944000e-03 2.766800e-01
235 7.186480e-01 4.040000e-03 2.773120e-01
236 7.179440e-01 4.120000e-03 2.779360e-01
237 7.172800e-01 4.092000e-03 2.786280e-01
238 7.165760e-01 4.044000e-03 2.793800e-01
239 7.158720e-01 4.032000e-03 2.800960e-01
240 7.152080e-01 4.044000e-03 2.807480e-01
241 7.145760e-01 3.972000e-03 2.814520e-01
242 7.139360e-01 3.912000e-03 2.821520e-01
243 7.131440e-01 4.112000e-03 2.827440e-01
244 7.124840e-01 4.032000e-03 2.834840e-01
245 7.119040e-01 3.948000e-03 2.841480e-01
246 7.112600e-01 3.872000e-03 2.848680e-01
247 7.106760e-01 3.888000e-03 2.854360e-01
248 7.100120e-01 3.796000e-03 2.861920e-01
249 7.093880e-01 3.776000e-03 2.868360e-01
250 7.088840e-01 3.708000e-03 2.874080e-01
251 7.083600e-01 3.680000e-03 2.879600e-01
252 7.077000e-01 3.776000e-03 2.885240e-01
253 7.071840e-01 3.656000e-03 2.891600e-01
254 7.067120e-01 3.532000e-03 2.897560e-01
255 7.062640e-01 3.352000e-03 2.903840e-01
256 7.057760e-01 3.284000e-03 2.909400e-01
257 7.053640e-01 3.048000e-03 2.915880e-01
258 7.049720e-01 2.940000e-03 2.920880e-01
259 7.044840e-01 2.884000e-03 2.926320e-01
260 7.040080e-01 2.808000e-03 2.931840e-01
261 7.035480e-01 2.856000e-03 2.935960e-01
262 7.031400e-01 2.716000e-03 2.941440e-01
263 7.027880e-01 2.680000e-03 2.945320e-01
264 7.024040e-01 2.604000e-03 2.949920e-01
265 7.020240e-01 2.516000e-03 2.954600e-01
266 7.016840e-01 2.464000e-03 2.958520e-01
267 7.013360e-01 2.396000e-03 2.962680e-01
268 7.009640e-01 2.324000e-03 2.967120e-01
269 7.006200e-01 2.260000e-03 2.971200e-01
270 7.002760e-01 2.172000e-03 2.975520e-01
271 6.999480e-01 2.064000e-03 2.979880e-01
272 6.996040e-01 2.004000e-03 2.983920e-01
273 6.991920e-01 2.076000e-03 2.987320e-01
274 6.988320e-01 2.084000e-03 2.990840e-01
275 6.984480e-01 2.072000e-03 2.994800e-01
276 6.981200e-01 2.096000e-03 2.997840e-01
277 6.977440e-01 2.056000e-03 3.002000e-01
278 6.973880e-01 2.080000e-03 3.005320e-01
279 6.970600e-01 2.032000e-03 3.009080e-01
280 6.967200e-01 2.048000e-03 3.012320e-01
281 6.962480e-01 2.180000e-03 3.015720e-01
282 6.958840e-01 2.236000e-03 3.018800e-01
283 6.954480e-01 2.320000e-03 3.022320e-01
284 6.950960e-01 2.224000e-03 3.026800e-01
285 6.947600e-01 2.136000e-03 3.031040e-01
286 6.944080e-01 2.144000e-03 3.034480e-01
287 6.940760e-01 2.120000e-03 3.038040e-01
288 6.936400e-01 2.184000e-03 3.041760e-01
289 6.932120e-01 2.228000e-03 3.045600e-01
290 6.927600e-01 2.232000e-03 3.050080e-01
291 6.923280e-01 2.280000e-03 3.053920e-01
292 6.917480e-01 2.460000e-03 3.057920e-01
293 6.912520e-01 2.500000e-03 3.062480e-01
294 6.908880e-01 2.416000e-03 3.066960e-01
295 6.904520e-01 2.456000e-03 3.070920e-01
296 6.900080e-01 2.520000e-03 3.074720e-01
297 6.895600e-01 2.556000e-03 3.078840e-01
298 6.890560e-01 2.624000e-03 3.083200e-01
299 6.886240e-01 2.604000e-03 3.087720e-01
300 6.881720e-01 2.572000e-03 3.092560e-01
301 6.877680e-01 2.504000e-03 3.097280e-01
302 6.874320e-01 2.388000e-03 3.101800e-01
303 6.870760e-01 2.296000e-03 3.106280e-01
304 6.867120e-01 2.276000e-03 3.110120e-01
305 6.864040e-01 2.200000e-03 3.113960e-01
306 6.860040e-01 2.152000e-03 3.118440e-01
307 6.856960e-01 2.080000e-03 3.122240e-01
308 6.853720e-01 2.012000e-03 3.126160e-01
309 6.850480e-01 1.936000e-03 3.130160e-01
310 6.847760e-01 1.848000e-03 3.133760e-01
311 6.843640e-01 1.904000e-03 3.137320e-01
312 6.840840e-01 1.936000e-03 3.139800e-01
313 6.837680e-01 1.940000e-03 3.142920e-01
314 6.834640e-01 1.896000e-03 3.146400e-01
315 6.830560e-01 1.996000e-03 3.149480e-01
316 6.827520e-01 1.932000e-03 3.153160e-01
317 6.824560e-01 1.892000e-03 3.156520e-01
318 6.821880e-01 1.804000e-03 3.160080e-01
319 6.819560e-01 1.652000e-03 3.163920e-01
320 6.816800e-01 1.708000e-03 3.166120e-01
321 6.813240e-01 1.768000e-03 3.169080e-01
322 6.811120e-01 1.680000e-03 3.172080e-01
323 6.808840e-01 1.664000e-03 3.174520e-01
324 6.806000e-01 1.660000e-03 3.177400e-01
325 6.804200e-01 1.564000e-03 3.180160e-01
326 6.801640e-01 1.556000e-03 3.182800e-01
327 6.798720e-01 1.508000e-03 3.186200e-01
328 6.796280e-01 1.552000e-03 3.188200e-01
329 6.793280e-01 1.584000e-03 3.190880e-01
330 6.790520e-01 1.612000e-03 3.193360e-01
331 6.787920e-01 1.560000e-03 3.196480e-01
332 6.785160e-01 1.584000e-03 3.199000e-01
333 6.782360e-01 1.628000e-03 3.201360e-01
334 6.779600e-01 1.636000e-03 3.204040e-01
335 6.776760e-01 1.660000e-03 3.206640e-01
336 6.774480e-01 1.620000e-03 3.209320e-01
337 6.771600e-01 1.604000e-03 3.212360e-01
338 6.769280e-01 1.540000e-03 3.215320e-01
339 6.766960e-01 1.488000e-03 3.218160e-01
340 6.764480e-01 1.448000e-03 3.221040e-01
341 6.761320e-01 1.512000e-03 3.223560e-01
342 6.758800e-01 1.520000e-03 3.226000e-01
343 6.756200e-01 1.476000e-03 3.229040e-01
344 6.753720e-01 1.444000e-03 3.231840e-01
345 6.751080e-01 1.428000e-03 3.234640e-01
346 6.748360e-01 1.412000e-03 3.237520e-01
347 6.745680e-01 1.476000e-03 3.239560e-01
348 6.742960e-01 1.484000e-03 3.242200e-01
349 6.740520e-01 1.412000e-03 3.245360e-01
350 6.737680e-01 1.440000e-03 3.247920e-01
351 6.735040e-01 1.428000e-03 3.250680e-01
352 6.732320e-01 1.440000e-03 3.253280e-01
353 6.729760e-01 1.460000e-03 3.255640e-01
354 6.727440e-01 1.400000e-03 3.258560e-01
355 6.725000e-01 1.352000e-03 3.261480e-01
356 6.723280e-01 1.352000e-03 3.263200e-01
357 6.721480e-01 1.308000e-03 3.265440e-01
358 6.719200e-01 1.280000e-03 3.268000e-01
359 6.716600e-01 1.328000e-03 3.270120e-01
360 6.714520e-01 1.316000e-03 3.272320e-01
361 6.711600e-01 1.320000e-03 3.275200e-01
362 6.709120e-01 1.340000e-03 3.277480e-01
363 6.707440e-01 1.300000e-03 3.279560e-01
364 6.705240e-01 1.232000e-03 3.282440e-01
365 6.703520e-01 1.160000e-03 3.284880e-01
366 6.701320e-01 1.104000e-03 3.287640e-01
367 6.699240e-01 1.160000e-03 3.289160e-01
368 6.697600e-01 1.108000e-03 3.291320e-01
369 6.695800e-01 1.084000e-03 3.293360e-01
370 6.694560e-01 1.048000e-03 3.294960e-01
371 6.693240e-01 9.600000e-04 3.297160e-01
372 6.691320e-01 1.000000e-03 3.298680e-01
373 6.689960e-01 9.720000e-04 3.300320e-01
374 6.689000e-01 9.480000e-04 3.301520e-01
375 6.687520e-01 9.720000e-04 3.302760e-01
376 6.685840e-01 9.640000e-04 3.304520e-01
377 6.684800e-01 9.120000e-04 3.306080e-01
378 6.683720e-01 8.440000e-04 3.307840e-01
379 6.682480e-01 8.160000e-04 3.309360e-01
380 6.681040e-01 8.160000e-04 3.310800e-01
381 6.679800e-01 7.840000e-04 3.312360e-01
382 6.678600e-01 7.880000e-04 3.313520e-01
383 6.677480e-01 8.160000e-04 3.314360e-01
384 6.676600e-01 7.240000e-04 3.316160e-01
385 6.675520e-01 7.280000e-04 3.317200e-01
386 6.674360e-01 7.280000e-04 3.318360e-01
387 6.673400e-01 7.280000e-04 3.319320e-01
388 6.672400e-01 6.720000e-04 3.320880e-01
389 6.671080e-01 6.920000e-04 3.322000e-01
390 6.669480e-01 6.960000e-04 3.323560e-01
391 6.668120e-01 7.280000e-04 3.324600e-01
392 6.667040e-01 6.960000e-04 3.326000e-01
393 6.665760e-01 7.200000e-04 3.327040e-01
394 6.664480e-01 7.280000e-04 3.328240e-01
395 6.663600e-01 7.200000e-04 3.329200e-01
396 6.662680e-01 6.560000e-04 3.330760e-01
397 6.662000e-01 6.200000e-04 3.331800e-01
398 6.661200e-01 6.040000e-04 3.332760e-01
399 6.659840e-01 6.200000e-04 3.333960e-01
400 6.658520e-01 6.320000e-04 3.335160e-01
401 6.656680e-01 7.000000e-04 3.336320e-01
402 6.654720e-01 7.760000e-04 3.337520e-01
403 6.653320e-01 7.680000e-04 3.339000e-01
404 6.652080e-01 7.440000e-04 3.340480e-01
405 6.650800e-01 7.600000e-04 3.341600e-01
406 6.649640e-01 7.480000e-04 3.342880e-01
407 6.648400e-01 7.480000e-04 3.344120e-01
408 6.647000e-01 7.480000e-04 3.345520e-01
409 6.645400e-01 7.480000e-04 3.347120e-01
410 6.644120e-01 7.080000e-04 3.348800e-01
411 6.642880e-01 6.880000e-04 3.350240e-01
412 6.641680e-01 7.000000e-04 3.351320e-01
413 6.639800e-01 7.400000e-04 3.352800e-01
414 6.638680e-01 6.560000e-04 3.354760e-01
415 6.637360e-01 6.800000e-04 3.355840e-01
416 6.636200e-01 6.800000e-04 3.357000e-01
417 6.634760e-01 7.040000e-04 3.358200e-01
418 6.633400e-01 6.760000e-04 3.359840e-01
419 6.631840e-01 7.360000e-04 3.360800e-01
420 6.630200e-01 7.640000e-04 3.362160e-01
421 6.628360e-01 8.560000e-04 3.363080e-01
422 6.626400e-01 8.960000e-04 3.364640e-01
423 6.625000e-01 8.880000e-04 3.366120e-01
424 6.623400e-01 9.080000e-04 3.367520e-01
425 6.621640e-01 9.200000e-04 3.369160e-01
426 6.620120e-01 9.000000e-04 3.370880e-01
427 6.618240e-01 8.960000e-04 3.372800e-01
428 6.616360e-01 9.400000e-04 3.374240e-01
429 6.614800e-01 9.680000e-04 3.375520e-01
430 6.613360e-01 9.600000e-04 3.377040e-01
431 6.611920e-01 9.280000e-04 3.378800e-01
432 6.609920e-01 9.680000e-04 3.380400e-01
433 6.608600e-01 9.120000e-04 3.382280e-01
434 6.606800e-01 9.480000e-04 3.383720e-01
435 6.604560e-01 1.016000e-03 3.385280e-01
436 6.602720e-01 1.084000e-03 3.386440e-01
437 6.600760e-01 1.100000e-03 3.388240e-01
438 6.599160e-01 1.052000e-03 3.390320e-01
439 6.597840e-01 1.028000e-03 3.391880e-01
440 6.595920e-01 1.008000e-03 3.394000e-01
441 6.594160e-01 9.800000e-04 3.396040e-01
442 6.592640e-01 1.000000e-03 3.397360e-01
443 6.591280e-01 9.680000e-04 3.399040e-01
444 6.589720e-01 8.960000e-04 3.401320e-01
445 6.588760e-01 8.320000e-04 3.402920e-01
446 6.587560e-01 7.880000e-04 3.404560e-01
447 6.586720e-01 7.200000e-04 3.406080e-01
448 6.585560e-01 7.360000e-04 3.407080e-01
449 6.584560e-01 7.120000e-04 3.408320e-01
450 6.583120e-01 7.280000e-04 3.409600e-01
451 6.581560e-01 7.600000e-04 3.410840e-01
452 6.580640e-01 6.960000e-04 3.412400e-01
453 6.579080e-01 7.520000e-04 3.413400e-01
454 6.577920e-01 7.480000e-04 3.414600e-01
455 6.576360e-01 7.600000e-04 3.416040e-01
456 6.574920e-01 7.480000e-04 3.417600e-01
457 6.573760e-01 7.600000e-04 3.418640e-01
458 6.572120e-01 7.680000e-04 3.420200e-01
459 6.571000e-01 7.120000e-04 3.421880e-01
460 6.569520e-01 7.520000e-04 3.422960e-01
461 6.568440e-01 7.480000e-04 3.424080e-01
462 6.567040e-01 7.760000e-04 3.425200e-01
463 6.565880e-01 7.880000e-04 3.426240e-01
464 6.564600e-01 7.800000e-04 3.427600e-01
465 6.563040e-01 7.840000e-04 3.429120e-01
466 6.561600e-01 7.960000e-04 3.430440e-01
467 6.560080e-01 7.600000e-04 3.432320e-01
468 6.558320e-01 7.840000e-04 3.433840e-01
469 6.556800e-01 8.280000e-04 3.434920e-01
470 6.555280e-01 8.240000e-04 3.436480e-01
471 6.554240e-01 7.800000e-04 3.437960e-01
472 6.552600e-01 8.320000e-04 3.439080e-01
473 6.550960e-01 8.440000e-04 3.440600e-01
474 6.549360e-01 8.640000e-04 3.442000e-01
475 6.547520e-01 9.040000e-04 3.443440e-01
476 6.545640e-01 9.600000e-04 3.444760e-01
477 6.543080e-01 1.060000e-03 3.446320e-01
478 6.541320e-01 1.064000e-03 3.448040e-01
479 6.539080e-01 1.088000e-03 3.450040e-01
480 6.537400e-01 1.080000e-03 3.451800e-01
481 6.536040e-01 1.028000e-03 3.453680e-01
482 6.534280e-01 1.044000e-03 3.455280e-01
483 6.532280e-01 1.048000e-03 3.457240e-01
484 6.530160e-01 1.068000e-03 3.459160e-01
485 6.527960e-01 1.084000e-03 3.461200e-01
486 6.526120e-01 1.064000e-03 3.463240e-01
487 6.524080e-01 1.120000e-03 3.464720e-01
488 6.521760e-01 1.172000e-03 3.466520e-01
489 6.520200e-01 1.100000e-03 3.468800e-01
490 6.518440e-01 1.128000e-03 3.470280e-01
491 6.516120e-01 1.140000e-03 3.472480e-01
492 6.513760e-01 1.152000e-03 3.474720e-01
493 6.512080e-01 1.092000e-03 3.477000e-01
494 6.510320e-01 1.092000e-03 3.478760e-01
495 6.508080e-01 1.124000e-03 3.480680e-01
496 6.506520e-01 1.124000e-03 3.482240e-01
497 6.504480e-01 1.100000e-03 3.484520e-01
498 6.502000e-01 1.168000e-03 3.486320e-01
499 6.499840e-01 1.180000e-03 3.488360e-01
500 6.498200e-01 1.100000e-03 3.490800e-01
