1 9.992000e-01 7.000000e-04 1.000000e-04
2 9.987440e-01 1.008000e-03 2.480000e-04
3 9.979640e-01 1.572000e-03 4.640000e-04
4 9.973720e-01 1.796000e-03 8.320000e-04
5 9.966280e-01 2.052000e-03 1.320000e-03
6 9.958600e-01 2.380000e-03 1.760000e-03
7 9.950760e-01 2.768000e-03 2.156000e-03
8 9.942160e-01 3.140000e-03 2.644000e-03
9 9.931240e-01 3.672000e-03 3.204000e-03
10 9.919160e-01 4.264000e-03 3.820000e-03
11 9.907840e-01 4.584000e-03 4.632000e-03
12 9.897400e-01 4.716000e-03 5.544000e-03
13 9.885360e-01 5.068000e-03 6.396000e-03
14 9.872600e-01 5.440000e-03 7.300000e-03
15 9.861240e-01 5.588000e-03 8.288000e-03
16 9.846920e-01 5.920000e-03 9.388000e-03
17 9.834200e-01 6.132000e-03 1.044800e-02
18 9.821160e-01 6.332000e-03 1.155200e-02
19 9.807840e-01 6.476000e-03 1.274000e-02
20 9.792840e-01 6.852000e-03 1.386400e-02
21 9.779240e-01 7.012000e-03 1.506400e-02
22 9.762560e-01 7.352000e-03 1.639200e-02
23 9.747240e-01 7.636000e-03 1.764000e-02
24 9.731560e-01 7.768000e-03 1.907600e-02
25 9.715760e-01 7.992000e-03 2.043200e-02
26 9.698800e-01 8.300000e-03 2.182000e-02
27 9.680720e-01 8.580000e-03 2.334800e-02
28 9.663880e-01 8.864000e-03 2.474800e-02
29 9.645800e-01 9.112000e-03 2.630800e-02
30 9.628000e-01 9.168000e-03 2.803200e-02
31 9.611280e-01 9.132000e-03 2.974000e-02
32 9.593920e-01 9.140000e-03 3.146800e-02
33 9.575720e-01 9.300000e-03 3.312800e-02
34 9.558600e-01 9.164000e-03 3.497600e-02
35 9.540680e-01 9.336000e-03 3.659600e-02
36 9.523520e-01 9.360000e-03 3.828800e-02
37 9.505120e-01 9.484000e-03 4.000400e-02
38 9.488040e-01 9.608000e-03 4.158800e-02
39 9.469720e-01 9.652000e-03 4.337600e-02
40 9.452120e-01 9.896000e-03 4.489200e-02
41 9.432800e-01 1.016000e-02 4.656000e-02
42 9.414800e-01 1.017200e-02 4.834800e-02
43 9.395960e-01 1.019600e-02 5.020800e-02
44 9.377400e-01 1.023600e-02 5.202400e-02
45 9.358520e-01 1.026000e-02 5.388800e-02
46 9.338360e-01 1.044000e-02 5.572400e-02
47 9.321320e-01 1.030000e-02 5.756800e-02
48 9.304000e-01 1.034000e-02 5.926000e-02
49 9.286840e-01 1.012400e-02 6.119200e-02
50 9.269800e-01 9.916000e-03 6.310400e-02
51 9.252440e-01 9.900000e-03 6.485600e-02
52 9.235080e-01 9.924000e-03 6.656800e-02
53 9.217560e-01 9.820000e-03 6.842400e-02
54 9.199840e-01 9.880000e-03 7.013600e-02
55 9.180720e-01 1.007600e-02 7.185200e-02
56 9.159600e-01 1.030000e-02 7.374000e-02
57 9.139240e-01 1.048800e-02 7.558800e-02
58 9.121320e-01 1.057200e-02 7.729600e-02
59 9.102160e-01 1.062800e-02 7.915600e-02
60 9.082400e-01 1.076000e-02 8.100000e-02
61 9.063640e-01 1.078400e-02 8.285200e-02
62 9.042880e-01 1.099600e-02 8.471600e-02
63 9.023960e-01 1.086800e-02 8.673600e-02
64 9.003960e-01 1.105600e-02 8.854800e-02
65 8.985400e-01 1.093600e-02 9.052400e-02
66 8.966160e-01 1.093600e-02 9.244800e-02
67 8.947640e-01 1.074400e-02 9.449200e-02
68 8.928080e-01 1.066400e-02 9.652800e-02
69 8.908760e-01 1.070000e-02 9.842400e-02
70 8.890800e-01 1.068400e-02 1.002360e-01
71 8.871280e-01 1.066000e-02 1.022120e-01
72 8.851320e-01 1.075200e-02 1.041160e-01
73 8.831040e-01 1.087200e-02 1.060240e-01
74 8.813320e-01 1.075200e-02 1.079160e-01
75 8.793880e-01 1.086800e-02 1.097440e-01
76 8.776400e-01 1.080000e-02 1.115600e-01
77 8.757160e-01 1.077200e-02 1.135120e-01
78 8.737560e-01 1.087200e-02 1.153720e-01
79 8.720160e-01 1.084000e-02 1.171440e-01
80 8.700040e-01 1.099600e-02 1.190000e-01
81 8.681280e-01 1.093200e-02 1.209400e-01
82 8.661280e-01 1.099200e-02 1.228800e-01
83 8.642400e-01 1.102400e-02 1.247360e-01
84 8.623840e-01 1.086400e-02 1.267520e-01
85 8.605120e-01 1.075600e-02 1.287320e-01
86 8.585840e-01 1.081200e-02 1.306040e-01
87 8.566880e-01 1.084000e-02 1.324720e-01
88 8.547600e-01 1.089200e-02 1.343480e-01
89 8.528000e-01 1.092400e-02 1.362760e-01
90 8.508960e-01 1.084400e-02 1.382600e-01
91 8.490960e-01 1.067600e-02 1.402280e-01
92 8.472120e-01 1.082800e-02 1.419600e-01
93 8.453040e-01 1.081600e-02 1.438800e-01
94 8.434880e-01 1.082800e-02 1.456840e-01
95 8.416960e-01 1.066000e-02 1.476440e-01
96 8.399200e-01 1.072800e-02 1.493520e-01
97 8.380920e-01 1.064000e-02 1.512680e-01
98 8.362600e-01 1.063600e-02 1.531040e-01
99 8.344440e-01 1.060400e-02 1.549520e-01
100 8.327320e-01 1.048400e-02 1.567840e-01
101 8.310600e-01 1.026400e-02 1.586760e-01
102 8.293320e-01 1.016800e-02 1.605000e-01
103 8.276480e-01 1.005200e-02 1.623000e-01
104 8.260240e-01 9.888000e-03 1.640880e-01
105 8.244720e-01 9.600000e-03 1.659280e-01
106 8.228240e-01 9.604000e-03 1.675720e-01
107 8.213240e-01 9.508000e-03 1.691680e-01
108 8.198920e-01 9.248000e-03 1.708600e-01
109 8.183480e-01 9.232000e-03 1.724200e-01
110 8.168600e-01 9.180000e-03 1.739600e-01
111 8.155560e-01 8.928000e-03 1.755160e-01
112 8.140000e-01 8.944000e-03 1.770560e-01
113 8.125600e-01 8.872000e-03 1.785680e-01
114 8.111880e-01 8.656000e-03 1.801560e-01
115 8.097840e-01 8.592000e-03 1.816240e-01
116 8.083400e-01 8.656000e-03 1.830040e-01
117 8.067200e-01 8.736000e-03 1.845440e-01
118 8.052440e-01 8.704000e-03 1.860520e-01
119 8.038400e-01 8.752000e-03 1.874080e-01
120 8.025360e-01 8.512000e-03 1.889520e-01
121 8.011520e-01 8.464000e-03 1.903840e-01
122 7.997680e-01 8.308000e-03 1.919240e-01
123 7.985280e-01 8.036000e-03 1.934360e-01
124 7.971720e-01 8.052000e-03 1.947760e-01
125 7.956920e-01 8.096000e-03 1.962120e-01
126 7.943600e-01 8.060000e-03 1.975800e-01
127 7.930680e-01 7.840000e-03 1.990920e-01
128 7.917760e-01 7.668000e-03 2.005560e-01
129 7.904280e-01 7.676000e-03 2.018960e-01
130 7.891400e-01 7.580000e-03 2.032800e-01
131 7.877520e-01 7.556000e-03 2.046920e-01
132 7.863960e-01 7.676000e-03 2.059280e-01
133 7.851680e-01 7.556000e-03 2.072760e-01
134 7.840320e-01 7.388000e-03 2.085800e-01
135 7.828080e-01 7.372000e-03 2.098200e-01
136 7.815920e-01 7.364000e-03 2.110440e-01
137 7.802480e-01 7.508000e-03 2.122440e-01
138 7.789000e-01 7.516000e-03 2.135840e-01
139 7.775440e-01 7.568000e-03 2.148880e-01
140 7.763920e-01 7.444000e-03 2.161640e-01
141 7.751560e-01 7.364000e-03 2.174800e-01
142 7.738520e-01 7.412000e-03 2.187360e-01
143 7.725840e-01 7.384000e-03 2.200320e-01
144 7.712960e-01 7.488000e-03 2.212160e-01
145 7.700400e-01 7.312000e-03 2.226480e-01
146 7.689360e-01 7.244000e-03 2.238200e-01
147 7.676640e-01 7.220000e-03 2.251160e-01
148 7.664720e-01 7.168000e-03 2.263600e-01
149 7.652720e-01 7.192000e-03 2.275360e-01
150 7.637720e-01 7.304000e-03 2.289240e-01
151 7.625400e-01 7.232000e-03 2.302280e-01
152 7.611760e-01 7.316000e-03 2.315080e-01
153 7.600320e-01 7.176000e-03 2.327920e-01
154 7.589200e-01 7.100000e-03 2.339800e-01
155 7.578120e-01 6.980000e-03 2.352080e-01
156 7.565440e-01 7.080000e-03 2.363760e-01
157 7.552920e-01 7.136000e-03 2.375720e-01
158 7.540440e-01 7.100000e-03 2.388560e-01
159 7.528160e-01 7.084000e-03 2.401000e-01
160 7.516560e-01 7.028000e-03 2.413160e-01
161 7.505640e-01 6.920000e-03 2.425160e-01
162 7.493400e-01 7.060000e-03 2.436000e-01
163 7.481360e-01 7.100000e-03 2.447640e-01
164 7.470360e-01 6.848000e-03 2.461160e-01
165 7.459400e-01 6.768000e-03 2.472920e-01
166 7.446360e-01 6.972000e-03 2.483920e-01
167 7.435040e-01 6.844000e-03 2.496520e-01
168 7.422760e-01 6.800000e-03 2.509240e-01
169 7.409680e-01 6.772000e-03 2.522600e-01
170 7.397440e-01 6.764000e-03 2.534920e-01
171 7.385920e-01 6.728000e-03 2.546800e-01
172 7.373680e-01 6.708000e-03 2.559240e-01
173 7.361520e-01 6.792000e-03 2.570560e-01
174 7.350360e-01 6.572000e-03 2.583920e-01
175 7.339640e-01 6.468000e-03 2.595680e-01
176 7.328560e-01 6.536000e-03 2.606080e-01
177 7.318320e-01 6.268000e-03 2.619000e-01
178 7.308120e-01 6.208000e-03 2.629800e-01
179 7.296880e-01 6.164000e-03 2.641480e-01
180 7.287040e-01 6.008000e-03 2.652880e-01
181 7.275000e-01 6.200000e-03 2.663000e-01
182 7.263760e-01 6.148000e-03 2.674760e-01
183 7.252000e-01 6.256000e-03 2.685440e-01
184 7.241200e-01 6.308000e-03 2.695720e-01
185 7.230160e-01 6.260000e-03 2.707240e-01
186 7.220040e-01 6.080000e-03 2.719160e-01
187 7.209480e-01 6.096000e-03 2.729560e-01
188 7.199160e-01 5.952000e-03 2.741320e-01
189 7.189160e-01 5.872000e-03 2.752120e-01
190 7.178680e-01 5.888000e-03 2.762440e-01
191 7.169280e-01 5.856000e-03 2.772160e-01
192 7.159680e-01 5.780000e-03 2.782520e-01
193 7.150600e-01 5.644000e-03 2.792960e-01
194 7.142200e-01 5.460000e-03 2.803200e-01
195 7.134600e-01 5.324000e-03 2.812160e-01
196 7.127400e-01 5.120000e-03 2.821400e-01
197 7.118680e-01 5.128000e-03 2.830040e-01
198 7.111440e-01 4.956000e-03 2.839000e-01
199 7.103800e-01 4.924000e-03 2.846960e-01
200 7.095360e-01 4.852000e-03 2.856120e-01
201 7.088040e-01 4.764000e-03 2.864320e-01
202 7.080360e-01 4.712000e-03 2.872520e-01
203 7.072520e-01 4.788000e-03 2.879600e-01
204 7.063160e-01 4.956000e-03 2.887280e-01
205 7.053440e-01 5.128000e-03 2.895280e-01
206 7.045840e-01 4.964000e-03 2.904520e-01
207 7.037480e-01 4.900000e-03 2.913520e-01
208 7.029000e-01 4.940000e-03 2.921600e-01
209 7.021280e-01 4.892000e-03 2.929800e-01
210 7.013440e-01 4.720000e-03 2.939360e-01
211 7.006040e-01 4.632000e-03 2.947640e-01
212 6.999680e-01 4.636000e-03 2.953960e-01
213 6.992040e-01 4.544000e-03 2.962520e-01
214 6.985000e-01 4.396000e-03 2.971040e-01
215 6.978520e-01 4.200000e-03 2.979480e-01
216 6.972280e-01 4.100000e-03 2.986720e-01
217 6.965240e-01 4.044000e-03 2.994320e-01
218 6.958080e-01 4.072000e-03 3.001200e-01
219 6.951760e-01 3.980000e-03 3.008440e-01
220 6.944040e-01 4.056000e-03 3.015400e-01
221 6.938160e-01 3.940000e-03 3.022440e-01
222 6.932240e-01 3.912000e-03 3.028640e-01
223 6.925720e-01 3.816000e-03 3.036120e-01
224 6.919760e-01 3.768000e-03 3.042560e-01
225 6.913080e-01 3.836000e-03 3.048560e-01
226 6.906040e-01 3.912000e-03 3.054840e-01
227 6.900160e-01 3.936000e-03 3.060480e-01
228 6.893680e-01 3.904000e-03 3.067280e-01
229 6.887400e-01 3.848000e-03 3.074120e-01
230 6.880880e-01 3.780000e-03 3.081320e-01
231 6.874240e-01 3.720000e-03 3.088560e-01
232 6.868320e-01 3.728000e-03 3.094400e-01
233 6.861800e-01 3.736000e-03 3.100840e-01
234 6.855320e-01 3.760000e-03 3.107080e-01
235 6.849720e-01 3.744000e-03 3.112840e-01
236 6.843240e-01 3.764000e-03 3.119120e-01
237 6.837520e-01 3.560000e-03 3.126880e-01
238 6.831920e-01 3.512000e-03 3.132960e-01
239 6.826320e-01 3.372000e-03 3.139960e-01
240 6.820400e-01 3.384000e-03 3.145760e-01
241 6.815800e-01 3.228000e-03 3.151920e-01
242 6.811040e-01 3.168000e-03 3.157280e-01
243 6.805320e-01 3.192000e-03 3.162760e-01
244 6.800280e-01 3.120000e-03 3.168520e-01
245 6.795200e-01 3.124000e-03 3.173560e-01
246 6.791240e-01 2.948000e-03 3.179280e-01
247 6.787640e-01 2.832000e-03 3.184040e-01
248 6.783800e-01 2.748000e-03 3.188720e-01
249 6.779680e-01 2.652000e-03 3.193800e-01
250 6.775640e-01 2.608000e-03 3.198280e-01
251 6.772480e-01 2.488000e-03 3.202640e-01
252 6.769200e-01 2.360000e-03 3.207200e-01
253 6.765480e-01 2.340000e-03 3.211120e-01
254 6.761920e-01 2.368000e-03 3.214400e-01
255 6.757880e-01 2.384000e-03 3.218280e-01
256 6.754400e-01 2.408000e-03 3.221520e-01
257 6.750120e-01 2.376000e-03 3.226120e-01
258 6.746440e-01 2.280000e-03 3.230760e-01
259 6.742520e-01 2.296000e-03 3.234520e-01
260 6.738320e-01 2.340000e-03 3.238280e-01
261 6.734800e-01 2.312000e-03 3.242080e-01
262 6.731280e-01 2.216000e-03 3.246560e-01
263 6.728200e-01 2.112000e-03 3.250680e-01
264 6.724800e-01 2.124000e-03 3.253960e-01
265 6.722000e-01 2.036000e-03 3.257640e-01
266 6.718800e-01 2.048000e-03 3.260720e-01
267 6.714280e-01 2.208000e-03 3.263640e-01
268 6.710600e-01 2.196000e-03 3.267440e-01
269 6.707720e-01 2.092000e-03 3.271360e-01
270 6.704480e-01 2.016000e-03 3.275360e-01
271 6.701240e-01 1.976000e-03 3.279000e-01
272 6.698800e-01 1.944000e-03 3.281760e-01
273 6.695560e-01 1.948000e-03 3.284960e-01
274 6.692440e-01 1.932000e-03 3.288240e-01
275 6.689360e-01 1.944000e-03 3.291200e-01
276 6.685920e-01 2.000000e-03 3.294080e-01
277 6.682880e-01 1.928000e-03 3.297840e-01
278 6.679960e-01 1.860000e-03 3.301440e-01
279 6.676720e-01 1.812000e-03 3.305160e-01
280 6.674400e-01 1.704000e-03 3.308560e-01
281 6.671920e-01 1.660000e-03 3.311480e-01
282 6.668320e-01 1.704000e-03 3.314640e-01
283 6.665240e-01 1.720000e-03 3.317560e-01
284 6.663200e-01 1.624000e-03 3.320560e-01
285 6.660640e-01 1.616000e-03 3.323200e-01
286 6.658280e-01 1.536000e-03 3.326360e-01
287 6.656320e-01 1.480000e-03 3.328880e-01
288 6.654080e-01 1.436000e-03 3.331560e-01
289 6.651240e-01 1.496000e-03 3.333800e-01
290 6.648760e-01 1.468000e-03 3.336560e-01
291 6.647080e-01 1.372000e-03 3.339200e-01
292 6.644760e-01 1.340000e-03 3.341840e-01
293 6.641680e-01 1.392000e-03 3.344400e-01
294 6.638880e-01 1.448000e-03 3.346640e-01
295 6.636560e-01 1.408000e-03 3.349360e-01
296 6.634360e-01 1.360000e-03 3.352040e-01
297 6.632560e-01 1.276000e-03 3.354680e-01
298 6.630600e-01 1.216000e-03 3.357240e-01
299 6.628840e-01 1.188000e-03 3.359280e-01
300 6.626480e-01 1.240000e-03 3.361120e-01
301 6.624160e-01 1.292000e-03 3.362920e-01
302 6.621880e-01 1.264000e-03 3.365480e-01
303 6.619880e-01 1.248000e-03 3.367640e-01
304 6.616920e-01 1.372000e-03 3.369360e-01
305 6.613920e-01 1.436000e-03 3.371720e-01
306 6.611720e-01 1.460000e-03 3.373680e-01
307 6.609000e-01 1.504000e-03 3.375960e-01
308 6.605640e-01 1.612000e-03 3.378240e-01
309 6.602640e-01 1.688000e-03 3.380480e-01
310 6.599800e-01 1.640000e-03 3.383800e-01
311 6.596880e-01 1.664000e-03 3.386480e-01
312 6.593760e-01 1.692000e-03 3.389320e-01
313 6.590400e-01 1.752000e-03 3.392080e-01
314 6.587120e-01 1.788000e-03 3.395000e-01
315 6.584080e-01 1.824000e-03 3.397680e-01
316 6.580840e-01 1.872000e-03 3.400440e-01
317 6.577440e-01 1.876000e-03 3.403800e-01
318 6.573880e-01 1.876000e-03 3.407360e-01
319 6.570000e-01 1.928000e-03 3.410720e-01
320 6.566840e-01 1.952000e-03 3.413640e-01
321 6.564680e-01 1.820000e-03 3.417120e-01
322 6.562680e-01 1.668000e-03 3.420640e-01
323 6.559360e-01 1.700000e-03 3.423640e-01
324 6.556800e-01 1.620000e-03 3.427000e-01
325 6.554160e-01 1.604000e-03 3.429800e-01
326 6.551160e-01 1.656000e-03 3.432280e-01
327 6.548400e-01 1.632000e-03 3.435280e-01
328 6.545840e-01 1.600000e-03 3.438160e-01
329 6.543720e-01 1.480000e-03 3.441480e-01
330 6.541160e-01 1.468000e-03 3.444160e-01
331 6.538200e-01 1.448000e-03 3.447320e-01
332 6.536240e-01 1.388000e-03 3.449880e-01
333 6.534080e-01 1.320000e-03 3.452720e-01
334 6.531800e-01 1.344000e-03 3.454760e-01
335 6.529160e-01 1.320000e-03 3.457640e-01
336 6.526920e-01 1.324000e-03 3.459840e-01
337 6.524640e-01 1.292000e-03 3.462440e-01
338 6.522440e-01 1.268000e-03 3.464880e-01
339 6.519960e-01 1.296000e-03 3.467080e-01
340 6.516560e-01 1.360000e-03 3.469840e-01
341 6.514840e-01 1.308000e-03 3.472080e-01
342 6.512400e-01 1.332000e-03 3.474280e-01
343 6.510040e-01 1.364000e-03 3.476320e-01
344 6.507960e-01 1.336000e-03 3.478680e-01
345 6.505480e-01 1.384000e-03 3.480680e-01
346 6.502240e-01 1.432000e-03 3.483440e-01
347 6.499920e-01 1.444000e-03 3.485640e-01
348 6.496840e-01 1.528000e-03 3.487880e-01
349 6.493880e-01 1.580000e-03 3.490320e-01
350 6.490920e-01 1.620000e-03 3.492880e-01
351 6.488520e-01 1.612000e-03 3.495360e-01
352 6.486360e-01 1.520000e-03 3.498440e-01
353 6.484000e-01 1.496000e-03 3.501040e-01
354 6.481880e-01 1.488000e-03 3.503240e-01
355 6.480160e-01 1.444000e-03 3.505400e-01
356 6.477760e-01 1.360000e-03 3.508640e-01
357 6.475320e-01 1.352000e-03 3.511160e-01
358 6.473000e-01 1.336000e-03 3.513640e-01
359 6.470520e-01 1.372000e-03 3.515760e-01
360 6.467840e-01 1.420000e-03 3.517960e-01
361 6.465200e-01 1.440000e-03 3.520400e-01
362 6.463040e-01 1.392000e-03 3.523040e-01
363 6.461240e-01 1.356000e-03 3.525200e-01
364 6.458600e-01 1.376000e-03 3.527640e-01
365 6.455680e-01 1.368000e-03 3.530640e-01
366 6.452960e-01 1.404000e-03 3.533000e-01
367 6.449440e-01 1.572000e-03 3.534840e-01
368 6.446880e-01 1.568000e-03 3.537440e-01
369 6.443400e-01 1.668000e-03 3.539920e-01
370 6.440520e-01 1.628000e-03 3.543200e-01
371 6.437920e-01 1.616000e-03 3.545920e-01
372 6.434520e-01 1.700000e-03 3.548480e-01
373 6.431120e-01 1.812000e-03 3.550760e-01
374 6.428560e-01 1.700000e-03 3.554440e-01
375 6.425720e-01 1.688000e-03 3.557400e-01
376 6.422640e-01 1.704000e-03 3.560320e-01
377 6.419160e-01 1.760000e-03 3.563240e-01
378 6.415760e-01 1.808000e-03 3.566160e-01
379 6.412760e-01 1.816000e-03 3.569080e-01
380 6.409880e-01 1.796000e-03 3.572160e-01
381 6.406640e-01 1.824000e-03 3.575120e-01
382 6.404120e-01 1.760000e-03 3.578280e-01
383 6.401000e-01 1.816000e-03 3.580840e-01
384 6.397760e-01 1.808000e-03 3.584160e-01
385 6.395040e-01 1.768000e-03 3.587280e-01
386 6.392480e-01 1.772000e-03 3.589800e-01
387 6.390520e-01 1.740000e-03 3.592080e-01
388 6.388520e-01 1.644000e-03 3.595040e-01
389 6.386480e-01 1.580000e-03 3.597720e-01
390 6.384680e-01 1.468000e-03 3.600640e-01
391 6.382920e-01 1.388000e-03 3.603200e-01
392 6.380840e-01 1.360000e-03 3.605560e-01
393 6.378680e-01 1.336000e-03 3.607960e-01
394 6.377160e-01 1.276000e-03 3.610080e-01
395 6.375480e-01 1.180000e-03 3.612720e-01
396 6.373520e-01 1.196000e-03 3.614520e-01
397 6.371640e-01 1.180000e-03 3.616560e-01
398 6.369760e-01 1.172000e-03 3.618520e-01
399 6.367880e-01 1.132000e-03 3.620800e-01
400 6.366040e-01 1.112000e-03 3.622840e-01
401 6.364040e-01 1.156000e-03 3.624400e-01
402 6.362080e-01 1.124000e-03 3.626680e-01
403 6.359640e-01 1.156000e-03 3.628800e-01
404 6.357280e-01 1.200000e-03 3.630720e-01
405 6.355200e-01 1.176000e-03 3.633040e-01
406 6.353240e-01 1.204000e-03 3.634720e-01
407 6.350800e-01 1.232000e-03 3.636880e-01
408 6.348320e-01 1.232000e-03 3.639360e-01
409 6.345840e-01 1.288000e-03 3.641280e-01
410 6.343280e-01 1.360000e-03 3.643120e-01
411 6.340040e-01 1.488000e-03 3.645080e-01
412 6.337440e-01 1.456000e-03 3.648000e-01
413 6.334920e-01 1.440000e-03 3.650680e-01
414 6.332760e-01 1.484000e-03 3.652400e-01
415 6.330320e-01 1.476000e-03 3.654920e-01
416 6.328000e-01 1.504000e-03 3.656960e-01
417 6.325360e-01 1.468000e-03 3.659960e-01
418 6.323280e-01 1.428000e-03 3.662440e-01
419 6.320880e-01 1.344000e-03 3.665680e-01
420 6.318800e-01 1.320000e-03 3.668000e-01
421 6.316640e-01 1.296000e-03 3.670400e-01
422 6.313960e-01 1.336000e-03 3.672680e-01
423 6.311440e-01 1.344000e-03 3.675120e-01
424 6.308760e-01 1.368000e-03 3.677560e-01
425 6.305920e-01 1.452000e-03 3.679560e-01
426 6.302920e-01 1.484000e-03 3.682240e-01
427 6.301040e-01 1.456000e-03 3.684400e-01
428 6.298600e-01 1.460000e-03 3.686800e-01
429 6.296240e-01 1.424000e-03 3.689520e-01
430 6.293880e-01 1.368000e-03 3.692440e-01
431 6.291040e-01 1.392000e-03 3.695040e-01
432 6.288600e-01 1.404000e-03 3.697360e-01
433 6.285800e-01 1.400000e-03 3.700200e-01
434 6.282360e-01 1.468000e-03 3.702960e-01
435 6.279560e-01 1.484000e-03 3.705600e-01
436 6.276800e-01 1.480000e-03 3.708400e-01
437 6.274320e-01 1.480000e-03 3.710880e-01
438 6.271000e-01 1.544000e-03 3.713560e-01
439 6.268800e-01 1.564000e-03 3.715560e-01
440 6.266520e-01 1.576000e-03 3.717720e-01
441 6.264120e-01 1.544000e-03 3.720440e-01
442 6.261760e-01 1.508000e-03 3.723160e-01
443 6.259800e-01 1.476000e-03 3.725440e-01
444 6.257040e-01 1.500000e-03 3.727960e-01
445 6.254400e-01 1.496000e-03 3.730640e-01
446 6.252080e-01 1.504000e-03 3.732880e-01
447 6.249840e-01 1.448000e-03 3.735680e-01
448 6.247000e-01 1.532000e-03 3.737680e-01
449 6.244400e-01 1.516000e-03 3.740440e-01
450 6.242080e-01 1.464000e-03 3.743280e-01
451 6.239440e-01 1.468000e-03 3.745880e-01
452 6.236520e-01 1.504000e-03 3.748440e-01
453 6.233160e-01 1.536000e-03 3.751480e-01
454 6.231080e-01 1.480000e-03 3.754120e-01
455 6.228640e-01 1.464000e-03 3.756720e-01
456 6.225920e-01 1.536000e-03 3.758720e-01
457 6.223120e-01 1.544000e-03 3.761440e-01
458 6.220280e-01 1.568000e-03 3.764040e-01
459 6.218080e-01 1.524000e-03 3.766680e-01
460 6.214920e-01 1.604000e-03 3.769040e-01
461 6.211600e-01 1.628000e-03 3.772120e-01
462 6.208520e-01 1.664000e-03 3.774840e-01
463 6.205240e-01 1.672000e-03 3.778040e-01
464 6.201280e-01 1.728000e-03 3.781440e-01
465 6.198440e-01 1.724000e-03 3.784320e-01
466 6.194720e-01 1.788000e-03 3.787400e-01
467 6.191680e-01 1.752000e-03 3.790800e-01
468 6.188160e-01 1.804000e-03 3.793800e-01
469 6.184720e-01 1.828000e-03 3.797000e-01
470 6.181960e-01 1.816000e-03 3.799880e-01
471 6.179720e-01 1.732000e-03 3.802960e-01
472 6.177800e-01 1.608000e-03 3.806120e-01
473 6.175840e-01 1.472000e-03 3.809440e-01
474 6.173440e-01 1.464000e-03 3.811920e-01
475 6.171680e-01 1.400000e-03 3.814320e-01
476 6.169720e-01 1.368000e-03 3.816600e-01
477 6.168000e-01 1.300000e-03 3.819000e-01
478 6.166320e-01 1.236000e-03 3.821320e-01
479 6.164480e-01 1.212000e-03 3.823400e-01
480 6.162200e-01 1.228000e-03 3.825520e-01
481 6.160600e-01 1.168000e-03 3.827720e-01
482 6.158880e-01 1.116000e-03 3.829960e-01
483 6.156240e-01 1.204000e-03 3.831720e-01
484 6.153920e-01 1.280000e-03 3.833280e-01
485 6.151480e-01 1.272000e-03 3.835800e-01
486 6.149200e-01 1.224000e-03 3.838560e-01
487 6.146800e-01 1.256000e-03 3.840640e-01
488 6.144880e-01 1.268000e-03 3.842440e-01
489 6.142960e-01 1.220000e-03 3.844840e-01
490 6.140720e-01 1.252000e-03 3.846760e-01
491 6.137680e-01 1.304000e-03 3.849280e-01
492 6.134760e-01 1.416000e-03 3.851080e-01
493 6.131960e-01 1.392000e-03 3.854120e-01
494 6.129080e-01 1.396000e-03 3.856960e-01
495 6.126360e-01 1.464000e-03 3.859000e-01
496 6.123920e-01 1.480000e-03 3.861280e-01
497 6.121080e-01 1.548000e-03 3.863440e-01
498 6.118400e-01 1.504000e-03 3.866560e-01
499 6.115680e-01 1.552000e-03 3.868800e-01
500 6.113480e-01 1.500000e-03 3.871520e-01
