1 9.991880e-01 6.920000e-04 1.200000e-04
2 9.985760e-01 1.184000e-03 2.400000e-04
3 9.978800e-01 1.620000e-03 5.000000e-04
4 9.971200e-01 2.060000e-03 8.200000e-04
5 9.963200e-01 2.380000e-03 1.300000e-03
6 9.955120e-01 2.704000e-03 1.784000e-03
7 9.945320e-01 3.200000e-03 2.268000e-03
8 9.935040e-01 3.592000e-03 2.904000e-03
9 9.924800e-01 4.012000e-03 3.508000e-03
10 9.915000e-01 4.212000e-03 4.288000e-03
11 9.905120e-01 4.380000e-03 5.108000e-03
12 9.894440e-01 4.648000e-03 5.908000e-03
13 9.884440e-01 4.872000e-03 6.684000e-03
14 9.874560e-01 4.984000e-03 7.560000e-03
15 9.864720e-01 5.056000e-03 8.472000e-03
16 9.854360e-01 5.268000e-03 9.296000e-03
17 9.843040e-01 5.424000e-03 1.027200e-02
18 9.831560e-01 5.676000e-03 1.116800e-02
19 9.818600e-01 6.040000e-03 1.210000e-02
20 9.805920e-01 6.172000e-03 1.323600e-02
21 9.793440e-01 6.312000e-03 1.434400e-02
22 9.781280e-01 6.420000e-03 1.545200e-02
23 9.769920e-01 6.416000e-03 1.659200e-02
24 9.755760e-01 6.700000e-03 1.772400e-02
25 9.742480e-01 6.848000e-03 1.890400e-02
26 9.730720e-01 6.792000e-03 2.013600e-02
27 9.716240e-01 7.092000e-03 2.128400e-02
28 9.702320e-01 7.244000e-03 2.252400e-02
29 9.689720e-01 7.172000e-03 2.385600e-02
30 9.676840e-01 7.156000e-03 2.516000e-02
31 9.663280e-01 7.144000e-03 2.652800e-02
32 9.648320e-01 7.392000e-03 2.777600e-02
33 9.634960e-01 7.464000e-03 2.904000e-02
34 9.620840e-01 7.444000e-03 3.047200e-02
35 9.606400e-01 7.536000e-03 3.182400e-02
36 9.592160e-01 7.680000e-03 3.310400e-02
37 9.578160e-01 7.760000e-03 3.442400e-02
38 9.564880e-01 7.736000e-03 3.577600e-02
39 9.550960e-01 7.696000e-03 3.720800e-02
40 9.537160e-01 7.600000e-03 3.868400e-02
41 9.522680e-01 7.732000e-03 4.000000e-02
42 9.508720e-01 7.620000e-03 4.150800e-02
43 9.494880e-01 7.588000e-03 4.292400e-02
44 9.481360e-01 7.496000e-03 4.436800e-02
45 9.467360e-01 7.664000e-03 4.560000e-02
46 9.453360e-01 7.720000e-03 4.694400e-02
47 9.437880e-01 7.712000e-03 4.850000e-02
48 9.423120e-01 7.888000e-03 4.980000e-02
49 9.409760e-01 7.796000e-03 5.122800e-02
50 9.395320e-01 7.880000e-03 5.258800e-02
51 9.381640e-01 7.852000e-03 5.398400e-02
52 9.366120e-01 8.076000e-03 5.531200e-02
53 9.350480e-01 8.360000e-03 5.659200e-02
54 9.335880e-01 8.360000e-03 5.805200e-02
55 9.321240e-01 8.388000e-03 5.948800e-02
56 9.308520e-01 8.192000e-03 6.095600e-02
57 9.293880e-01 8.248000e-03 6.236400e-02
58 9.279520e-01 8.276000e-03 6.377200e-02
59 9.264960e-01 8.536000e-03 6.496800e-02
60 9.250920e-01 8.472000e-03 6.643600e-02
61 9.235800e-01 8.524000e-03 6.789600e-02
62 9.221160e-01 8.456000e-03 6.942800e-02
63 9.207400e-01 8.392000e-03 7.086800e-02
64 9.193360e-01 8.504000e-03 7.216000e-02
65 9.179760e-01 8.332000e-03 7.369200e-02
66 9.164880e-01 8.372000e-03 7.514000e-02
67 9.151720e-01 8.276000e-03 7.655200e-02
68 9.137600e-01 8.180000e-03 7.806000e-02
69 9.121880e-01 8.356000e-03 7.945600e-02
70 9.108320e-01 8.316000e-03 8.085200e-02
71 9.093920e-01 8.328000e-03 8.228000e-02
72 9.079360e-01 8.312000e-03 8.375200e-02
73 9.062840e-01 8.424000e-03 8.529200e-02
74 9.046520e-01 8.636000e-03 8.671200e-02
75 9.031480e-01 8.524000e-03 8.832800e-02
76 9.016160e-01 8.520000e-03 8.986400e-02
77 9.002200e-01 8.388000e-03 9.139200e-02
78 8.990320e-01 8.124000e-03 9.284400e-02
79 8.976800e-01 8.012000e-03 9.430800e-02
80 8.962800e-01 8.044000e-03 9.567600e-02
81 8.948800e-01 8.068000e-03 9.705200e-02
82 8.934320e-01 8.016000e-03 9.855200e-02
83 8.920720e-01 7.984000e-03 9.994400e-02
84 8.907000e-01 8.080000e-03 1.012200e-01
85 8.893040e-01 8.012000e-03 1.026840e-01
86 8.878200e-01 8.052000e-03 1.041280e-01
87 8.865440e-01 7.868000e-03 1.055880e-01
88 8.852400e-01 7.632000e-03 1.071280e-01
89 8.839560e-01 7.548000e-03 1.084960e-01
90 8.826080e-01 7.552000e-03 1.098400e-01
91 8.812840e-01 7.736000e-03 1.109800e-01
92 8.798800e-01 7.816000e-03 1.123040e-01
93 8.785200e-01 7.820000e-03 1.136600e-01
94 8.770680e-01 7.908000e-03 1.150240e-01
95 8.757680e-01 7.856000e-03 1.163760e-01
96 8.744800e-01 7.788000e-03 1.177320e-01
97 8.731440e-01 7.796000e-03 1.190600e-01
98 8.717640e-01 7.812000e-03 1.204240e-01
99 8.702800e-01 7.788000e-03 1.219320e-01
100 8.691120e-01 7.532000e-03 1.233560e-01
101 8.677160e-01 7.552000e-03 1.247320e-01
102 8.664000e-01 7.572000e-03 1.260280e-01
103 8.649920e-01 7.564000e-03 1.274440e-01
104 8.638240e-01 7.412000e-03 1.287640e-01
105 8.624920e-01 7.416000e-03 1.300920e-01
106 8.610000e-01 7.640000e-03 1.313600e-01
107 8.595760e-01 7.668000e-03 1.327560e-01
108 8.581800e-01 7.764000e-03 1.340560e-01
109 8.567120e-01 7.964000e-03 1.353240e-01
110 8.551200e-01 8.120000e-03 1.367600e-01
111 8.537480e-01 8.164000e-03 1.380880e-01
112 8.523400e-01 8.140000e-03 1.395200e-01
113 8.509000e-01 8.136000e-03 1.409640e-01
114 8.494760e-01 8.176000e-03 1.423480e-01
115 8.480440e-01 8.148000e-03 1.438080e-01
116 8.466200e-01 8.128000e-03 1.452520e-01
117 8.453560e-01 7.968000e-03 1.466760e-01
118 8.440480e-01 7.904000e-03 1.480480e-01
119 8.425440e-01 8.116000e-03 1.493400e-01
120 8.410640e-01 8.052000e-03 1.508840e-01
121 8.396640e-01 8.004000e-03 1.523320e-01
122 8.382440e-01 8.064000e-03 1.536920e-01
123 8.367800e-01 8.108000e-03 1.551120e-01
124 8.354160e-01 8.144000e-03 1.564400e-01
125 8.338240e-01 8.344000e-03 1.578320e-01
126 8.323640e-01 8.424000e-03 1.592120e-01
127 8.307120e-01 8.580000e-03 1.607080e-01
128 8.292360e-01 8.640000e-03 1.621240e-01
129 8.278480e-01 8.436000e-03 1.637160e-01
130 8.264120e-01 8.408000e-03 1.651800e-01
131 8.248680e-01 8.440000e-03 1.666920e-01
132 8.234880e-01 8.404000e-03 1.681080e-01
133 8.220120e-01 8.368000e-03 1.696200e-01
134 8.206920e-01 8.160000e-03 1.711480e-01
135 8.191880e-01 8.200000e-03 1.726120e-01
136 8.177400e-01 8.268000e-03 1.739920e-01
137 8.163320e-01 8.140000e-03 1.755280e-01
138 8.150760e-01 8.016000e-03 1.769080e-01
139 8.136200e-01 7.992000e-03 1.783880e-01
140 8.122040e-01 7.972000e-03 1.798240e-01
141 8.109760e-01 7.924000e-03 1.811000e-01
142 8.096920e-01 7.804000e-03 1.825040e-01
143 8.084600e-01 7.640000e-03 1.839000e-01
144 8.071560e-01 7.764000e-03 1.850800e-01
145 8.057200e-01 7.808000e-03 1.864720e-01
146 8.043720e-01 7.780000e-03 1.878480e-01
147 8.030040e-01 7.800000e-03 1.891960e-01
148 8.017440e-01 7.688000e-03 1.905680e-01
149 8.004240e-01 7.584000e-03 1.919920e-01
150 7.991520e-01 7.548000e-03 1.933000e-01
151 7.978120e-01 7.564000e-03 1.946240e-01
152 7.963920e-01 7.648000e-03 1.959600e-01
153 7.950160e-01 7.704000e-03 1.972800e-01
154 7.938760e-01 7.476000e-03 1.986480e-01
155 7.924480e-01 7.608000e-03 1.999440e-01
156 7.912560e-01 7.524000e-03 2.012200e-01
157 7.900040e-01 7.332000e-03 2.026640e-01
158 7.887880e-01 7.248000e-03 2.039640e-01
159 7.875440e-01 7.216000e-03 2.052400e-01
160 7.864400e-01 7.080000e-03 2.064800e-01
161 7.852840e-01 7.004000e-03 2.077120e-01
162 7.840880e-01 6.920000e-03 2.089920e-01
163 7.829440e-01 6.876000e-03 2.101800e-01
164 7.817680e-01 6.744000e-03 2.114880e-01
165 7.807000e-01 6.668000e-03 2.126320e-01
166 7.794280e-01 6.740000e-03 2.138320e-01
167 7.783520e-01 6.600000e-03 2.150480e-01
168 7.772520e-01 6.528000e-03 2.162200e-01
169 7.761280e-01 6.516000e-03 2.173560e-01
170 7.749680e-01 6.608000e-03 2.184240e-01
171 7.738960e-01 6.500000e-03 2.196040e-01
172 7.727480e-01 6.552000e-03 2.207000e-01
173 7.716240e-01 6.616000e-03 2.217600e-01
174 7.706040e-01 6.368000e-03 2.230280e-01
175 7.695240e-01 6.400000e-03 2.240760e-01
176 7.684720e-01 6.264000e-03 2.252640e-01
177 7.673040e-01 6.316000e-03 2.263800e-01
178 7.661360e-01 6.428000e-03 2.274360e-01
179 7.650240e-01 6.512000e-03 2.284640e-01
180 7.639760e-01 6.404000e-03 2.296200e-01
181 7.627000e-01 6.556000e-03 2.307440e-01
182 7.613480e-01 6.852000e-03 2.318000e-01
183 7.602160e-01 6.812000e-03 2.329720e-01
184 7.591480e-01 6.728000e-03 2.341240e-01
185 7.579040e-01 6.804000e-03 2.352920e-01
186 7.567840e-01 6.788000e-03 2.364280e-01
187 7.557080e-01 6.680000e-03 2.376120e-01
188 7.545480e-01 6.708000e-03 2.387440e-01
189 7.534160e-01 6.700000e-03 2.398840e-01
190 7.521880e-01 6.888000e-03 2.409240e-01
191 7.509760e-01 6.984000e-03 2.420400e-01
192 7.496240e-01 7.168000e-03 2.432080e-01
193 7.483400e-01 7.292000e-03 2.443680e-01
194 7.472000e-01 7.192000e-03 2.456080e-01
195 7.459800e-01 7.176000e-03 2.468440e-01
196 7.449320e-01 6.996000e-03 2.480720e-01
197 7.438360e-01 6.696000e-03 2.494680e-01
198 7.427280e-01 6.660000e-03 2.506120e-01
199 7.417280e-01 6.512000e-03 2.517600e-01
200 7.406880e-01 6.476000e-03 2.528360e-01
201 7.396760e-01 6.396000e-03 2.539280e-01
202 7.385760e-01 6.332000e-03 2.550920e-01
203 7.375680e-01 6.144000e-03 2.562880e-01
204 7.366720e-01 5.956000e-03 2.573720e-01
205 7.356440e-01 5.940000e-03 2.584160e-01
206 7.346320e-01 5.884000e-03 2.594840e-01
207 7.336200e-01 5.852000e-03 2.605280e-01
208 7.325320e-01 5.844000e-03 2.616240e-01
209 7.314280e-01 5.884000e-03 2.626880e-01
210 7.304200e-01 5.784000e-03 2.637960e-01
211 7.293920e-01 5.828000e-03 2.647800e-01
212 7.284600e-01 5.688000e-03 2.658520e-01
213 7.274800e-01 5.660000e-03 2.668600e-01
214 7.264880e-01 5.624000e-03 2.678880e-01
215 7.255720e-01 5.552000e-03 2.688760e-01
216 7.245360e-01 5.556000e-03 2.699080e-01
217 7.235680e-01 5.504000e-03 2.709280e-01
218 7.226920e-01 5.396000e-03 2.719120e-01
219 7.218200e-01 5.288000e-03 2.728920e-01
220 7.209120e-01 5.316000e-03 2.737720e-01
221 7.200040e-01 5.264000e-03 2.747320e-01
222 7.190320e-01 5.256000e-03 2.757120e-01
223 7.181800e-01 5.264000e-03 2.765560e-01
224 7.172760e-01 5.136000e-03 2.775880e-01
225 7.164280e-01 5.152000e-03 2.784200e-01
226 7.154960e-01 5.260000e-03 2.792440e-01
227 7.146320e-01 5.128000e-03 2.802400e-01
228 7.137520e-01 5.164000e-03 2.810840e-01
229 7.128120e-01 5.280000e-03 2.819080e-01
230 7.116840e-01 5.524000e-03 2.827920e-01
231 7.108040e-01 5.484000e-03 2.837120e-01
232 7.098960e-01 5.468000e-03 2.846360e-01
233 7.089520e-01 5.448000e-03 2.856000e-01
234 7.079640e-01 5.576000e-03 2.864600e-01
235 7.070200e-01 5.492000e-03 2.874880e-01
236 7.060440e-01 5.572000e-03 2.883840e-01
237 7.051320e-01 5.424000e-03 2.894440e-01
238 7.041600e-01 5.456000e-03 2.903840e-01
239 7.031640e-01 5.584000e-03 2.912520e-01
240 7.022240e-01 5.604000e-03 2.921720e-01
241 7.011680e-01 5.792000e-03 2.930400e-01
242 7.000920e-01 5.760000e-03 2.941480e-01
243 6.991000e-01 5.668000e-03 2.952320e-01
244 6.981960e-01 5.580000e-03 2.962240e-01
245 6.973640e-01 5.456000e-03 2.971800e-01
246 6.965160e-01 5.304000e-03 2.981800e-01
247 6.956280e-01 5.192000e-03 2.991800e-01
248 6.949040e-01 4.980000e-03 3.001160e-01
249 6.942040e-01 4.876000e-03 3.009200e-01
250 6.933640e-01 4.888000e-03 3.017480e-01
251 6.925200e-01 4.856000e-03 3.026240e-01
252 6.916800e-01 4.876000e-03 3.034440e-01
253 6.908320e-01 4.788000e-03 3.043800e-01
254 6.901440e-01 4.628000e-03 3.052280e-01
255 6.894600e-01 4.468000e-03 3.060720e-01
256 6.887200e-01 4.408000e-03 3.068720e-01
257 6.879600e-01 4.428000e-03 3.076120e-01
258 6.872360e-01 4.336000e-03 3.084280e-01
259 6.865360e-01 4.268000e-03 3.091960e-01
260 6.857680e-01 4.292000e-03 3.099400e-01
261 6.850080e-01 4.328000e-03 3.106640e-01
262 6.842600e-01 4.240000e-03 3.115000e-01
263 6.835120e-01 4.292000e-03 3.121960e-01
264 6.827720e-01 4.252000e-03 3.129760e-01
265 6.821080e-01 4.168000e-03 3.137240e-01
266 6.812640e-01 4.204000e-03 3.145320e-01
267 6.805600e-01 4.204000e-03 3.152360e-01
268 6.797720e-01 4.212000e-03 3.160160e-01
269 6.790920e-01 4.148000e-03 3.167600e-01
270 6.783280e-01 4.184000e-03 3.174880e-01
271 6.774840e-01 4.268000e-03 3.182480e-01
272 6.767640e-01 4.288000e-03 3.189480e-01
273 6.760880e-01 4.344000e-03 3.195680e-01
274 6.754360e-01 4.192000e-03 3.203720e-01
275 6.747360e-01 4.132000e-03 3.211320e-01
276 6.740080e-01 4.132000e-03 3.218600e-01
277 6.732760e-01 4.148000e-03 3.225760e-01
278 6.725960e-01 4.136000e-03 3.232680e-01
279 6.719440e-01 4.060000e-03 3.239960e-01
280 6.713440e-01 3.924000e-03 3.247320e-01
281 6.705880e-01 4.020000e-03 3.253920e-01
282 6.698560e-01 4.036000e-03 3.261080e-01
283 6.692040e-01 3.948000e-03 3.268480e-01
284 6.684960e-01 3.908000e-03 3.275960e-01
285 6.678320e-01 3.872000e-03 3.282960e-01
286 6.672040e-01 3.908000e-03 3.288880e-01
287 6.665080e-01 3.908000e-03 3.295840e-01
288 6.658120e-01 3.872000e-03 3.303160e-01
289 6.651280e-01 3.816000e-03 3.310560e-01
290 6.643320e-01 3.888000e-03 3.317800e-01
291 6.636640e-01 3.920000e-03 3.324160e-01
292 6.629320e-01 3.952000e-03 3.331160e-01
293 6.622120e-01 3.892000e-03 3.338960e-01
294 6.615480e-01 3.928000e-03 3.345240e-01
295 6.608640e-01 3.936000e-03 3.352000e-01
296 6.601320e-01 3.968000e-03 3.359000e-01
297 6.594640e-01 3.984000e-03 3.365520e-01
298 6.587440e-01 3.948000e-03 3.373080e-01
299 6.580960e-01 3.872000e-03 3.380320e-01
300 6.574840e-01 3.900000e-03 3.386160e-01
301 6.568200e-01 3.920000e-03 3.392600e-01
302 6.560600e-01 3.888000e-03 3.400520e-01
303 6.554320e-01 3.880000e-03 3.406880e-01
304 6.547520e-01 3.856000e-03 3.413920e-01
305 6.541040e-01 3.844000e-03 3.420520e-01
306 6.534280e-01 3.872000e-03 3.427000e-01
307 6.528040e-01 3.812000e-03 3.433840e-01
308 6.522040e-01 3.708000e-03 3.440880e-01
309 6.516120e-01 3.644000e-03 3.447440e-01
310 6.510880e-01 3.528000e-03 3.453840e-01
311 6.504960e-01 3.468000e-03 3.460360e-01
312 6.498880e-01 3.496000e-03 3.466160e-01
313 6.493240e-01 3.404000e-03 3.472720e-01
314 6.487920e-01 3.340000e-03 3.478680e-01
315 6.482920e-01 3.252000e-03 3.484560e-01
316 6.478080e-01 3.212000e-03 3.489800e-01
317 6.473280e-01 3.032000e-03 3.496400e-01
318 6.468520e-01 3.000000e-03 3.501480e-01
319 6.462920e-01 3.028000e-03 3.506800e-01
320 6.458720e-01 2.932000e-03 3.511960e-01
321 6.454360e-01 2.868000e-03 3.516960e-01
322 6.449880e-01 2.812000e-03 3.522000e-01
323 6.444960e-01 2.868000e-03 3.526360e-01
324 6.440280e-01 2.820000e-03 3.531520e-01
325 6.435360e-01 2.804000e-03 3.536600e-01
326 6.430440e-01 2.852000e-03 3.541040e-01
327 6.425800e-01 2.872000e-03 3.545480e-01
328 6.421840e-01 2.744000e-03 3.550720e-01
329 6.417320e-01 2.732000e-03 3.555360e-01
330 6.413000e-01 2.748000e-03 3.559520e-01
331 6.409800e-01 2.564000e-03 3.564560e-01
332 6.405960e-01 2.496000e-03 3.569080e-01
333 6.401720e-01 2.456000e-03 3.573720e-01
334 6.398080e-01 2.340000e-03 3.578520e-01
335 6.393480e-01 2.404000e-03 3.582480e-01
336 6.389320e-01 2.324000e-03 3.587440e-01
337 6.386120e-01 2.208000e-03 3.591800e-01
338 6.382480e-01 2.148000e-03 3.596040e-01
339 6.378480e-01 2.156000e-03 3.599960e-01
340 6.374880e-01 2.112000e-03 3.604000e-01
341 6.370760e-01 2.088000e-03 3.608360e-01
342 6.367160e-01 2.064000e-03 3.612200e-01
343 6.363160e-01 2.132000e-03 3.615520e-01
344 6.359400e-01 2.100000e-03 3.619600e-01
345 6.355040e-01 2.156000e-03 3.623400e-01
346 6.351080e-01 2.212000e-03 3.626800e-01
347 6.347240e-01 2.172000e-03 3.631040e-01
348 6.343640e-01 2.128000e-03 3.635080e-01
349 6.339840e-01 2.156000e-03 3.638600e-01
350 6.336480e-01 2.160000e-03 3.641920e-01
351 6.333200e-01 2.056000e-03 3.646240e-01
352 6.329160e-01 2.092000e-03 3.649920e-01
353 6.325360e-01 2.156000e-03 3.653080e-01
354 6.321040e-01 2.212000e-03 3.656840e-01
355 6.316920e-01 2.200000e-03 3.661080e-01
356 6.312600e-01 2.232000e-03 3.665080e-01
357 6.309120e-01 2.240000e-03 3.668480e-01
358 6.305760e-01 2.228000e-03 3.671960e-01
359 6.301760e-01 2.192000e-03 3.676320e-01
360 6.297280e-01 2.308000e-03 3.679640e-01
361 6.293000e-01 2.308000e-03 3.683920e-01
362 6.288680e-01 2.356000e-03 3.687760e-01
363 6.284480e-01 2.340000e-03 3.692120e-01
364 6.280360e-01 2.384000e-03 3.695800e-01
365 6.275400e-01 2.484000e-03 3.699760e-01
366 6.271080e-01 2.508000e-03 3.703840e-01
367 6.266920e-01 2.504000e-03 3.708040e-01
368 6.262520e-01 2.508000e-03 3.712400e-01
369 6.259160e-01 2.408000e-03 3.716760e-01
370 6.255200e-01 2.368000e-03 3.721120e-01
371 6.251120e-01 2.304000e-03 3.725840e-01
372 6.248040e-01 2.180000e-03 3.730160e-01
373 6.245000e-01 2.072000e-03 3.734280e-01
374 6.240800e-01 2.108000e-03 3.738120e-01
375 6.237680e-01 2.052000e-03 3.741800e-01
376 6.233800e-01 2.088000e-03 3.745320e-01
377 6.230680e-01 2.008000e-03 3.749240e-01
378 6.227520e-01 1.944000e-03 3.753040e-01
379 6.223760e-01 1.988000e-03 3.756360e-01
380 6.219200e-01 2.092000e-03 3.759880e-01
381 6.215920e-01 2.080000e-03 3.763280e-01
382 6.212000e-01 2.108000e-03 3.766920e-01
383 6.208000e-01 2.112000e-03 3.770880e-01
384 6.204560e-01 2.076000e-03 3.774680e-01
385 6.201720e-01 2.012000e-03 3.778160e-01
386 6.198200e-01 1.976000e-03 3.782040e-01
387 6.195240e-01 1.932000e-03 3.785440e-01
388 6.191800e-01 1.952000e-03 3.788680e-01
389 6.188960e-01 1.912000e-03 3.791920e-01
390 6.186360e-01 1.820000e-03 3.795440e-01
391 6.183280e-01 1.756000e-03 3.799160e-01
392 6.179920e-01 1.804000e-03 3.802040e-01
393 6.176920e-01 1.784000e-03 3.805240e-01
394 6.173640e-01 1.768000e-03 3.808680e-01
395 6.170440e-01 1.788000e-03 3.811680e-01
396 6.167080e-01 1.844000e-03 3.814480e-01
397 6.163320e-01 1.892000e-03 3.817760e-01
398 6.159160e-01 1.980000e-03 3.821040e-01
399 6.155960e-01 1.872000e-03 3.825320e-01
400 6.153040e-01 1.820000e-03 3.828760e-01
401 6.150120e-01 1.784000e-03 3.832040e-01
402 6.147320e-01 1.776000e-03 3.834920e-01
403 6.144680e-01 1.712000e-03 3.838200e-01
404 6.142000e-01 1.688000e-03 3.841120e-01
405 6.139120e-01 1.756000e-03 3.843320e-01
406 6.136120e-01 1.844000e-03 3.845440e-01
407 6.133840e-01 1.704000e-03 3.849120e-01
408 6.131480e-01 1.628000e-03 3.852240e-01
409 6.128800e-01 1.572000e-03 3.855480e-01
410 6.126280e-01 1.556000e-03 3.858160e-01
411 6.124200e-01 1.492000e-03 3.860880e-01
412 6.121760e-01 1.496000e-03 3.863280e-01
413 6.118880e-01 1.472000e-03 3.866400e-01
414 6.116160e-01 1.472000e-03 3.869120e-01
415 6.114040e-01 1.460000e-03 3.871360e-01
416 6.111840e-01 1.464000e-03 3.873520e-01
417 6.109400e-01 1.416000e-03 3.876440e-01
418 6.107160e-01 1.368000e-03 3.879160e-01
419 6.104760e-01 1.404000e-03 3.881200e-01
420 6.101960e-01 1.452000e-03 3.883520e-01
421 6.099680e-01 1.420000e-03 3.886120e-01
422 6.096800e-01 1.412000e-03 3.889080e-01
423 6.094360e-01 1.468000e-03 3.890960e-01
424 6.092320e-01 1.424000e-03 3.893440e-01
425 6.089560e-01 1.488000e-03 3.895560e-01
426 6.086720e-01 1.532000e-03 3.897960e-01
427 6.083840e-01 1.560000e-03 3.900560e-01
428 6.080960e-01 1.568000e-03 3.903360e-01
429 6.078640e-01 1.564000e-03 3.905720e-01
430 6.076560e-01 1.544000e-03 3.908000e-01
431 6.074560e-01 1.464000e-03 3.910800e-01
432 6.072360e-01 1.424000e-03 3.913400e-01
433 6.069600e-01 1.456000e-03 3.915840e-01
434 6.067120e-01 1.480000e-03 3.918080e-01
435 6.064480e-01 1.512000e-03 3.920400e-01
436 6.062400e-01 1.484000e-03 3.922760e-01
437 6.060040e-01 1.428000e-03 3.925680e-01
438 6.057920e-01 1.404000e-03 3.928040e-01
439 6.055720e-01 1.344000e-03 3.930840e-01
440 6.054000e-01 1.264000e-03 3.933360e-01
441 6.052720e-01 1.156000e-03 3.935720e-01
442 6.051120e-01 1.128000e-03 3.937600e-01
443 6.049360e-01 1.104000e-03 3.939600e-01
444 6.047520e-01 1.120000e-03 3.941280e-01
445 6.045920e-01 1.136000e-03 3.942720e-01
446 6.044560e-01 1.092000e-03 3.944520e-01
447 6.043000e-01 1.072000e-03 3.946280e-01
448 6.041120e-01 1.024000e-03 3.948640e-01
449 6.039720e-01 9.680000e-04 3.950600e-01
450 6.038480e-01 9.320000e-04 3.952200e-01
451 6.036880e-01 9.600000e-04 3.953520e-01
452 6.035080e-01 9.280000e-04 3.955640e-01
453 6.033760e-01 8.680000e-04 3.957560e-01
454 6.031960e-01 8.560000e-04 3.959480e-01
455 6.030600e-01 8.360000e-04 3.961040e-01
456 6.028680e-01 8.480000e-04 3.962840e-01
457 6.027240e-01 8.920000e-04 3.963840e-01
458 6.026320e-01 8.320000e-04 3.965360e-01
459 6.025040e-01 8.040000e-04 3.966920e-01
460 6.023920e-01 7.720000e-04 3.968360e-01
461 6.022640e-01 7.480000e-04 3.969880e-01
462 6.021960e-01 6.600000e-04 3.971440e-01
463 6.020960e-01 6.520000e-04 3.972520e-01
464 6.019720e-01 6.480000e-04 3.973800e-01
465 6.018520e-01 6.240000e-04 3.975240e-01
466 6.016760e-01 6.760000e-04 3.976480e-01
467 6.014760e-01 7.320000e-04 3.977920e-01
468 6.012600e-01 8.360000e-04 3.979040e-01
469 6.010800e-01 8.880000e-04 3.980320e-01
470 6.009120e-01 8.320000e-04 3.982560e-01
471 6.007040e-01 9.040000e-04 3.983920e-01
472 6.005240e-01 9.360000e-04 3.985400e-01
473 6.002880e-01 1.024000e-03 3.986880e-01
474 6.000920e-01 1.052000e-03 3.988560e-01
475 5.998680e-01 1.124000e-03 3.990080e-01
476 5.996320e-01 1.188000e-03 3.991800e-01
477 5.994120e-01 1.236000e-03 3.993520e-01
478 5.992600e-01 1.140000e-03 3.996000e-01
479 5.991240e-01 1.124000e-03 3.997520e-01
480 5.989520e-01 1.084000e-03 3.999640e-01
481 5.987760e-01 1.076000e-03 4.001480e-01
482 5.986400e-01 1.044000e-03 4.003160e-01
483 5.984720e-01 1.016000e-03 4.005120e-01
484 5.983320e-01 9.400000e-04 4.007280e-01
485 5.981640e-01 9.360000e-04 4.009000e-01
486 5.980360e-01 8.680000e-04 4.010960e-01
487 5.978600e-01 9.160000e-04 4.012240e-01
488 5.976760e-01 9.400000e-04 4.013840e-01
489 5.975120e-01 9.160000e-04 4.015720e-01
490 5.973080e-01 9.640000e-04 4.017280e-01
491 5.971000e-01 1.056000e-03 4.018440e-01
492 5.968920e-01 1.104000e-03 4.020040e-01
493 5.966520e-01 1.168000e-03 4.021800e-01
494 5.964480e-01 1.136000e-03 4.024160e-01
495 5.962680e-01 1.120000e-03 4.026120e-01
496 5.960800e-01 1.140000e-03 4.027800e-01
497 5.958400e-01 1.180000e-03 4.029800e-01
498 5.956480e-01 1.184000e-03 4.031680e-01
499 5.954800e-01 1.180000e-03 4.033400e-01
500 5.952880e-01 1.132000e-03 4.035800e-01
