1 9.992120e-01 7.120000e-04 7.600000e-05
2 9.987360e-01 1.056000e-03 2.080000e-04
3 9.981640e-01 1.344000e-03 4.920000e-04
4 9.973720e-01 1.888000e-03 7.400000e-04
5 9.964480e-01 2.432000e-03 1.120000e-03
6 9.955240e-01 2.964000e-03 1.512000e-03
7 9.945440e-01 3.412000e-03 2.044000e-03
8 9.933680e-01 3.860000e-03 2.772000e-03
9 9.923600e-01 4.148000e-03 3.492000e-03
10 9.913960e-01 4.396000e-03 4.208000e-03
11 9.901680e-01 4.812000e-03 5.020000e-03
12 9.888600e-01 5.188000e-03 5.952000e-03
13 9.876520e-01 5.492000e-03 6.856000e-03
14 9.863960e-01 5.836000e-03 7.768000e-03
15 9.852760e-01 5.948000e-03 8.776000e-03
16 9.838600e-01 6.304000e-03 9.836000e-03
17 9.824520e-01 6.424000e-03 1.112400e-02
18 9.812480e-01 6.600000e-03 1.215200e-02
19 9.798000e-01 6.836000e-03 1.336400e-02
20 9.783320e-01 7.024000e-03 1.464400e-02
21 9.770560e-01 7.028000e-03 1.591600e-02
22 9.754880e-01 7.304000e-03 1.720800e-02
23 9.740040e-01 7.508000e-03 1.848800e-02
24 9.724720e-01 7.752000e-03 1.977600e-02
25 9.709040e-01 7.980000e-03 2.111600e-02
26 9.694640e-01 7.964000e-03 2.257200e-02
27 9.679120e-01 8.224000e-03 2.386400e-02
28 9.663800e-01 8.408000e-03 2.521200e-02
29 9.648560e-01 8.460000e-03 2.668400e-02
30 9.631720e-01 8.620000e-03 2.820800e-02
31 9.615920e-01 8.756000e-03 2.965200e-02
32 9.599360e-01 8.840000e-03 3.122400e-02
33 9.583200e-01 8.908000e-03 3.277200e-02
34 9.568440e-01 8.964000e-03 3.419200e-02
35 9.551720e-01 9.116000e-03 3.571200e-02
36 9.534240e-01 9.248000e-03 3.732800e-02
37 9.515960e-01 9.488000e-03 3.891600e-02
38 9.499120e-01 9.524000e-03 4.056400e-02
39 9.482880e-01 9.492000e-03 4.222000e-02
40 9.465600e-01 9.612000e-03 4.382800e-02
41 9.449240e-01 9.628000e-03 4.544800e-02
42 9.433200e-01 9.536000e-03 4.714400e-02
43 9.417080e-01 9.576000e-03 4.871600e-02
44 9.400960e-01 9.472000e-03 5.043200e-02
45 9.384200e-01 9.508000e-03 5.207200e-02
46 9.367880e-01 9.312000e-03 5.390000e-02
47 9.350680e-01 9.408000e-03 5.552400e-02
48 9.334200e-01 9.356000e-03 5.722400e-02
49 9.315600e-01 9.568000e-03 5.887200e-02
50 9.296960e-01 9.836000e-03 6.046800e-02
51 9.279360e-01 9.832000e-03 6.223200e-02
52 9.262840e-01 9.712000e-03 6.400400e-02
53 9.246400e-01 9.708000e-03 6.565200e-02
54 9.229440e-01 9.840000e-03 6.721600e-02
55 9.212280e-01 9.760000e-03 6.901200e-02
56 9.195920e-01 9.668000e-03 7.074000e-02
57 9.178400e-01 9.680000e-03 7.248000e-02
58 9.162160e-01 9.652000e-03 7.413200e-02
59 9.145240e-01 9.608000e-03 7.586800e-02
60 9.127800e-01 9.668000e-03 7.755200e-02
61 9.109600e-01 9.780000e-03 7.926000e-02
62 9.093080e-01 9.784000e-03 8.090800e-02
63 9.075560e-01 9.816000e-03 8.262800e-02
64 9.058680e-01 9.892000e-03 8.424000e-02
65 9.040560e-01 1.020800e-02 8.573600e-02
66 9.023120e-01 1.024800e-02 8.744000e-02
67 9.005320e-01 1.019600e-02 8.927200e-02
68 8.987040e-01 1.041200e-02 9.088400e-02
69 8.969920e-01 1.025200e-02 9.275600e-02
70 8.952160e-01 1.021600e-02 9.456800e-02
71 8.934960e-01 1.018400e-02 9.632000e-02
72 8.917720e-01 1.022400e-02 9.800400e-02
73 8.902200e-01 1.004400e-02 9.973600e-02
74 8.886040e-01 9.952000e-03 1.014440e-01
75 8.868200e-01 9.852000e-03 1.033280e-01
76 8.851600e-01 9.824000e-03 1.050160e-01
77 8.834600e-01 9.768000e-03 1.067720e-01
78 8.817240e-01 9.824000e-03 1.084520e-01
79 8.799400e-01 1.005600e-02 1.100040e-01
80 8.782680e-01 9.824000e-03 1.119080e-01
81 8.764520e-01 9.824000e-03 1.137240e-01
82 8.748480e-01 9.792000e-03 1.153600e-01
83 8.731600e-01 9.920000e-03 1.169200e-01
84 8.715200e-01 9.880000e-03 1.186000e-01
85 8.701720e-01 9.460000e-03 1.203680e-01
86 8.687720e-01 9.172000e-03 1.220560e-01
87 8.672840e-01 8.912000e-03 1.238040e-01
88 8.658400e-01 8.628000e-03 1.255320e-01
89 8.643120e-01 8.576000e-03 1.271120e-01
90 8.628280e-01 8.624000e-03 1.285480e-01
91 8.612240e-01 8.796000e-03 1.299800e-01
92 8.596800e-01 8.780000e-03 1.315400e-01
93 8.580040e-01 8.956000e-03 1.330400e-01
94 8.563400e-01 9.156000e-03 1.345040e-01
95 8.547920e-01 9.056000e-03 1.361520e-01
96 8.533160e-01 8.944000e-03 1.377400e-01
97 8.517360e-01 8.992000e-03 1.392720e-01
98 8.500680e-01 9.056000e-03 1.408760e-01
99 8.483320e-01 9.204000e-03 1.424640e-01
100 8.468120e-01 9.040000e-03 1.441480e-01
101 8.452400e-01 9.000000e-03 1.457600e-01
102 8.438240e-01 8.784000e-03 1.473920e-01
103 8.424200e-01 8.704000e-03 1.488760e-01
104 8.408920e-01 8.664000e-03 1.504440e-01
105 8.395080e-01 8.476000e-03 1.520160e-01
106 8.380280e-01 8.448000e-03 1.535240e-01
107 8.364360e-01 8.628000e-03 1.549360e-01
108 8.346440e-01 8.916000e-03 1.564400e-01
109 8.329920e-01 9.056000e-03 1.579520e-01
110 8.311720e-01 9.276000e-03 1.595520e-01
111 8.295040e-01 9.392000e-03 1.611040e-01
112 8.277640e-01 9.488000e-03 1.627480e-01
113 8.260480e-01 9.400000e-03 1.645520e-01
114 8.243840e-01 9.372000e-03 1.662440e-01
115 8.227240e-01 9.344000e-03 1.679320e-01
116 8.211720e-01 9.320000e-03 1.695080e-01
117 8.196680e-01 9.152000e-03 1.711800e-01
118 8.180800e-01 9.176000e-03 1.727440e-01
119 8.165720e-01 9.084000e-03 1.743440e-01
120 8.149280e-01 9.112000e-03 1.759600e-01
121 8.133920e-01 9.052000e-03 1.775560e-01
122 8.118120e-01 9.020000e-03 1.791680e-01
123 8.101320e-01 9.100000e-03 1.807680e-01
124 8.084160e-01 9.172000e-03 1.824120e-01
125 8.068360e-01 9.304000e-03 1.838600e-01
126 8.052880e-01 9.172000e-03 1.855400e-01
127 8.039400e-01 8.884000e-03 1.871760e-01
128 8.025800e-01 8.832000e-03 1.885880e-01
129 8.010640e-01 8.916000e-03 1.900200e-01
130 7.994680e-01 8.932000e-03 1.916000e-01
131 7.979960e-01 8.840000e-03 1.931640e-01
132 7.964600e-01 8.644000e-03 1.948960e-01
133 7.948440e-01 8.664000e-03 1.964920e-01
134 7.933240e-01 8.612000e-03 1.980640e-01
135 7.917680e-01 8.740000e-03 1.994920e-01
136 7.902080e-01 8.716000e-03 2.010760e-01
137 7.887400e-01 8.724000e-03 2.025360e-01
138 7.871520e-01 8.856000e-03 2.039920e-01
139 7.857720e-01 8.772000e-03 2.054560e-01
140 7.842160e-01 8.808000e-03 2.069760e-01
141 7.826880e-01 8.696000e-03 2.086160e-01
142 7.812320e-01 8.564000e-03 2.102040e-01
143 7.798040e-01 8.404000e-03 2.117920e-01
144 7.783680e-01 8.412000e-03 2.132200e-01
145 7.771000e-01 8.100000e-03 2.148000e-01
146 7.758560e-01 7.940000e-03 2.162040e-01
147 7.744680e-01 8.000000e-03 2.175320e-01
148 7.732560e-01 7.824000e-03 2.189200e-01
149 7.717520e-01 7.888000e-03 2.203600e-01
150 7.703000e-01 8.028000e-03 2.216720e-01
151 7.688520e-01 7.980000e-03 2.231680e-01
152 7.674240e-01 8.016000e-03 2.245600e-01
153 7.660240e-01 7.956000e-03 2.260200e-01
154 7.646920e-01 7.952000e-03 2.273560e-01
155 7.634360e-01 7.840000e-03 2.287240e-01
156 7.622240e-01 7.632000e-03 2.301440e-01
157 7.608480e-01 7.608000e-03 2.315440e-01
158 7.594560e-01 7.740000e-03 2.328040e-01
159 7.582800e-01 7.628000e-03 2.340920e-01
160 7.570520e-01 7.484000e-03 2.354640e-01
161 7.557560e-01 7.532000e-03 2.367120e-01
162 7.545600e-01 7.520000e-03 2.379200e-01
163 7.532040e-01 7.544000e-03 2.392520e-01
164 7.519240e-01 7.460000e-03 2.406160e-01
165 7.507960e-01 7.252000e-03 2.419520e-01
166 7.497840e-01 6.980000e-03 2.432360e-01
167 7.486800e-01 6.840000e-03 2.444800e-01
168 7.475640e-01 6.732000e-03 2.457040e-01
169 7.464040e-01 6.556000e-03 2.470400e-01
170 7.454240e-01 6.300000e-03 2.482760e-01
171 7.442520e-01 6.388000e-03 2.493600e-01
172 7.431800e-01 6.276000e-03 2.505440e-01
173 7.420200e-01 6.288000e-03 2.516920e-01
174 7.409280e-01 6.268000e-03 2.528040e-01
175 7.397280e-01 6.284000e-03 2.539880e-01
176 7.385840e-01 6.320000e-03 2.550960e-01
177 7.373920e-01 6.364000e-03 2.562440e-01
178 7.363080e-01 6.348000e-03 2.573440e-01
179 7.351120e-01 6.360000e-03 2.585280e-01
180 7.339880e-01 6.344000e-03 2.596680e-01
181 7.328240e-01 6.548000e-03 2.606280e-01
182 7.317440e-01 6.464000e-03 2.617920e-01
183 7.307240e-01 6.308000e-03 2.629680e-01
184 7.296160e-01 6.292000e-03 2.640920e-01
185 7.286000e-01 6.276000e-03 2.651240e-01
186 7.275000e-01 6.260000e-03 2.662400e-01
187 7.264560e-01 6.264000e-03 2.672800e-01
188 7.255120e-01 6.168000e-03 2.683200e-01
189 7.245200e-01 6.040000e-03 2.694400e-01
190 7.235520e-01 6.048000e-03 2.704000e-01
191 7.225600e-01 5.952000e-03 2.714880e-01
192 7.217320e-01 5.772000e-03 2.724960e-01
193 7.207760e-01 5.796000e-03 2.734280e-01
194 7.199280e-01 5.704000e-03 2.743680e-01
195 7.190600e-01 5.472000e-03 2.754680e-01
196 7.183600e-01 5.324000e-03 2.763160e-01
197 7.175520e-01 5.140000e-03 2.773080e-01
198 7.167360e-01 5.012000e-03 2.782520e-01
199 7.159280e-01 4.956000e-03 2.791160e-01
200 7.151920e-01 4.912000e-03 2.798960e-01
201 7.143000e-01 5.004000e-03 2.806960e-01
202 7.133720e-01 5.100000e-03 2.815280e-01
203 7.125200e-01 5.040000e-03 2.824400e-01
204 7.117680e-01 4.916000e-03 2.833160e-01
205 7.110040e-01 4.816000e-03 2.841800e-01
206 7.102440e-01 4.840000e-03 2.849160e-01
207 7.093760e-01 4.892000e-03 2.857320e-01
208 7.084760e-01 4.908000e-03 2.866160e-01
209 7.076840e-01 4.816000e-03 2.875000e-01
210 7.069000e-01 4.744000e-03 2.883560e-01
211 7.061600e-01 4.592000e-03 2.892480e-01
212 7.054280e-01 4.560000e-03 2.900120e-01
213 7.046320e-01 4.572000e-03 2.907960e-01
214 7.038000e-01 4.564000e-03 2.916360e-01
215 7.028920e-01 4.708000e-03 2.924000e-01
216 7.021400e-01 4.608000e-03 2.932520e-01
217 7.013600e-01 4.576000e-03 2.940640e-01
218 7.006160e-01 4.512000e-03 2.948720e-01
219 6.998320e-01 4.428000e-03 2.957400e-01
220 6.991360e-01 4.488000e-03 2.963760e-01
221 6.982880e-01 4.668000e-03 2.970440e-01
222 6.973800e-01 4.772000e-03 2.978480e-01
223 6.965520e-01 4.692000e-03 2.987560e-01
224 6.957240e-01 4.716000e-03 2.995600e-01
225 6.949560e-01 4.680000e-03 3.003640e-01
226 6.941760e-01 4.736000e-03 3.010880e-01
227 6.933600e-01 4.712000e-03 3.019280e-01
228 6.924720e-01 4.668000e-03 3.028600e-01
229 6.916960e-01 4.652000e-03 3.036520e-01
230 6.907760e-01 4.756000e-03 3.044680e-01
231 6.899080e-01 4.764000e-03 3.053280e-01
232 6.891240e-01 4.756000e-03 3.061200e-01
233 6.884000e-01 4.696000e-03 3.069040e-01
234 6.876680e-01 4.572000e-03 3.077600e-01
235 6.870160e-01 4.412000e-03 3.085720e-01
236 6.864080e-01 4.240000e-03 3.093520e-01
237 6.857600e-01 4.188000e-03 3.100520e-01
238 6.851400e-01 4.028000e-03 3.108320e-01
239 6.845000e-01 3.932000e-03 3.115680e-01
240 6.839320e-01 3.792000e-03 3.122760e-01
241 6.833560e-01 3.684000e-03 3.129600e-01
242 6.826720e-01 3.724000e-03 3.136040e-01
243 6.819720e-01 3.828000e-03 3.142000e-01
244 6.813720e-01 3.784000e-03 3.148440e-01
245 6.807160e-01 3.784000e-03 3.155000e-01
246 6.800640e-01 3.748000e-03 3.161880e-01
247 6.793640e-01 3.848000e-03 3.167880e-01
248 6.786600e-01 3.856000e-03 3.174840e-01
249 6.779760e-01 3.816000e-03 3.182080e-01
250 6.774000e-01 3.724000e-03 3.188760e-01
251 6.767480e-01 3.780000e-03 3.194720e-01
252 6.761360e-01 3.756000e-03 3.201080e-01
253 6.755200e-01 3.684000e-03 3.207960e-01
254 6.748920e-01 3.692000e-03 3.214160e-01
255 6.741840e-01 3.772000e-03 3.220440e-01
256 6.735120e-01 3.772000e-03 3.227160e-01
257 6.727440e-01 3.836000e-03 3.234200e-01
258 6.721200e-01 3.744000e-03 3.241360e-01
259 6.715320e-01 3.624000e-03 3.248440e-01
260 6.709680e-01 3.588000e-03 3.254440e-01
261 6.704480e-01 3.512000e-03 3.260400e-01
262 6.698200e-01 3.480000e-03 3.267000e-01
263 6.692360e-01 3.516000e-03 3.272480e-01
264 6.686560e-01 3.424000e-03 3.279200e-01
265 6.680520e-01 3.372000e-03 3.285760e-01
266 6.674320e-01 3.428000e-03 3.291400e-01
267 6.667680e-01 3.544000e-03 3.296880e-01
268 6.662240e-01 3.460000e-03 3.303160e-01
269 6.655840e-01 3.536000e-03 3.308800e-01
270 6.649520e-01 3.596000e-03 3.314520e-01
271 6.642240e-01 3.676000e-03 3.321000e-01
272 6.635880e-01 3.632000e-03 3.327800e-01
273 6.630280e-01 3.524000e-03 3.334480e-01
274 6.625480e-01 3.348000e-03 3.341040e-01
275 6.620600e-01 3.268000e-03 3.346720e-01
276 6.615240e-01 3.248000e-03 3.352280e-01
277 6.610560e-01 3.172000e-03 3.357720e-01
278 6.606200e-01 3.148000e-03 3.362320e-01
279 6.601480e-01 3.072000e-03 3.367800e-01
280 6.596840e-01 3.000000e-03 3.373160e-01
281 6.591360e-01 3.004000e-03 3.378600e-01
282 6.586440e-01 2.980000e-03 3.383760e-01
283 6.582000e-01 2.928000e-03 3.388720e-01
284 6.577400e-01 2.880000e-03 3.393800e-01
285 6.572760e-01 2.904000e-03 3.398200e-01
286 6.567960e-01 2.928000e-03 3.402760e-01
287 6.562720e-01 2.952000e-03 3.407760e-01
288 6.557600e-01 2.900000e-03 3.413400e-01
289 6.552760e-01 2.868000e-03 3.418560e-01
290 6.547480e-01 2.832000e-03 3.424200e-01
291 6.542080e-01 2.836000e-03 3.429560e-01
292 6.537120e-01 2.864000e-03 3.434240e-01
293 6.532600e-01 2.828000e-03 3.439120e-01
294 6.526960e-01 2.928000e-03 3.443760e-01
295 6.521480e-01 2.944000e-03 3.449080e-01
296 6.516400e-01 2.912000e-03 3.454480e-01
297 6.511240e-01 2.972000e-03 3.459040e-01
298 6.505120e-01 3.000000e-03 3.464880e-01
299 6.499400e-01 2.984000e-03 3.470760e-01
300 6.493840e-01 2.952000e-03 3.476640e-01
301 6.488440e-01 2.908000e-03 3.482480e-01
302 6.482880e-01 2.904000e-03 3.488080e-01
303 6.478000e-01 2.892000e-03 3.493080e-01
304 6.473320e-01 2.860000e-03 3.498080e-01
305 6.468680e-01 2.840000e-03 3.502920e-01
306 6.462480e-01 2.972000e-03 3.507800e-01
307 6.457200e-01 2.916000e-03 3.513640e-01
308 6.452200e-01 2.848000e-03 3.519320e-01
309 6.447320e-01 2.780000e-03 3.524880e-01
310 6.442480e-01 2.868000e-03 3.528840e-01
311 6.438640e-01 2.700000e-03 3.534360e-01
312 6.433920e-01 2.724000e-03 3.538840e-01
313 6.429360e-01 2.780000e-03 3.542840e-01
314 6.424520e-01 2.808000e-03 3.547400e-01
315 6.420400e-01 2.744000e-03 3.552160e-01
316 6.415480e-01 2.728000e-03 3.557240e-01
317 6.410800e-01 2.736000e-03 3.561840e-01
318 6.406440e-01 2.732000e-03 3.566240e-01
319 6.401200e-01 2.808000e-03 3.570720e-01
320 6.396640e-01 2.796000e-03 3.575400e-01
321 6.391800e-01 2.832000e-03 3.579880e-01
322 6.386640e-01 2.880000e-03 3.584560e-01
323 6.381720e-01 2.828000e-03 3.590000e-01
324 6.377920e-01 2.608000e-03 3.596000e-01
325 6.373120e-01 2.620000e-03 3.600680e-01
326 6.369120e-01 2.500000e-03 3.605880e-01
327 6.364720e-01 2.556000e-03 3.609720e-01
328 6.360560e-01 2.532000e-03 3.614120e-01
329 6.355680e-01 2.616000e-03 3.618160e-01
330 6.351960e-01 2.540000e-03 3.622640e-01
331 6.348320e-01 2.472000e-03 3.626960e-01
332 6.343880e-01 2.512000e-03 3.631000e-01
333 6.338760e-01 2.564000e-03 3.635600e-01
334 6.334680e-01 2.564000e-03 3.639680e-01
335 6.329760e-01 2.620000e-03 3.644040e-01
336 6.325200e-01 2.588000e-03 3.648920e-01
337 6.321920e-01 2.440000e-03 3.653680e-01
338 6.317840e-01 2.464000e-03 3.657520e-01
339 6.313080e-01 2.504000e-03 3.661880e-01
340 6.308240e-01 2.540000e-03 3.666360e-01
341 6.303800e-01 2.492000e-03 3.671280e-01
342 6.298760e-01 2.548000e-03 3.675760e-01
343 6.294120e-01 2.576000e-03 3.680120e-01
344 6.290200e-01 2.528000e-03 3.684520e-01
345 6.286080e-01 2.456000e-03 3.689360e-01
346 6.282200e-01 2.428000e-03 3.693520e-01
347 6.278320e-01 2.412000e-03 3.697560e-01
348 6.274160e-01 2.488000e-03 3.700960e-01
349 6.270480e-01 2.516000e-03 3.704360e-01
350 6.266200e-01 2.520000e-03 3.708600e-01
351 6.262200e-01 2.492000e-03 3.712880e-01
352 6.257760e-01 2.484000e-03 3.717400e-01
353 6.253920e-01 2.396000e-03 3.722120e-01
354 6.249600e-01 2.420000e-03 3.726200e-01
355 6.245040e-01 2.448000e-03 3.730480e-01
356 6.239880e-01 2.556000e-03 3.734560e-01
357 6.235520e-01 2.588000e-03 3.738600e-01
358 6.230320e-01 2.672000e-03 3.742960e-01
359 6.225080e-01 2.732000e-03 3.747600e-01
360 6.221840e-01 2.568000e-03 3.752480e-01
361 6.216400e-01 2.680000e-03 3.756800e-01
362 6.211920e-01 2.740000e-03 3.760680e-01
363 6.208320e-01 2.604000e-03 3.765640e-01
364 6.204920e-01 2.492000e-03 3.770160e-01
365 6.200520e-01 2.552000e-03 3.773960e-01
366 6.197400e-01 2.456000e-03 3.778040e-01
367 6.193440e-01 2.396000e-03 3.782600e-01
368 6.190000e-01 2.376000e-03 3.786240e-01
369 6.185880e-01 2.376000e-03 3.790360e-01
370 6.182680e-01 2.228000e-03 3.795040e-01
371 6.179040e-01 2.200000e-03 3.798960e-01
372 6.175480e-01 2.216000e-03 3.802360e-01
373 6.171080e-01 2.288000e-03 3.806040e-01
374 6.167320e-01 2.324000e-03 3.809440e-01
375 6.162920e-01 2.412000e-03 3.812960e-01
376 6.158960e-01 2.396000e-03 3.817080e-01
377 6.154680e-01 2.480000e-03 3.820520e-01
378 6.150280e-01 2.420000e-03 3.825520e-01
379 6.145960e-01 2.400000e-03 3.830040e-01
380 6.142600e-01 2.364000e-03 3.833760e-01
381 6.138480e-01 2.420000e-03 3.837320e-01
382 6.133800e-01 2.464000e-03 3.841560e-01
383 6.130200e-01 2.364000e-03 3.846160e-01
384 6.126640e-01 2.328000e-03 3.850080e-01
385 6.123040e-01 2.324000e-03 3.853720e-01
386 6.119520e-01 2.272000e-03 3.857760e-01
387 6.115720e-01 2.252000e-03 3.861760e-01
388 6.112120e-01 2.208000e-03 3.865800e-01
389 6.108080e-01 2.208000e-03 3.869840e-01
390 6.104040e-01 2.204000e-03 3.873920e-01
391 6.100720e-01 2.120000e-03 3.878080e-01
392 6.097760e-01 2.036000e-03 3.881880e-01
393 6.094760e-01 1.960000e-03 3.885640e-01
394 6.092080e-01 1.916000e-03 3.888760e-01
395 6.088960e-01 1.920000e-03 3.891840e-01
396 6.085640e-01 1.884000e-03 3.895520e-01
397 6.082640e-01 1.836000e-03 3.899000e-01
398 6.079800e-01 1.688000e-03 3.903320e-01
399 6.077000e-01 1.660000e-03 3.906400e-01
400 6.074320e-01 1.624000e-03 3.909440e-01
401 6.071000e-01 1.660000e-03 3.912400e-01
402 6.068320e-01 1.672000e-03 3.914960e-01
403 6.065800e-01 1.592000e-03 3.918280e-01
404 6.063240e-01 1.632000e-03 3.920440e-01
405 6.060760e-01 1.636000e-03 3.922880e-01
406 6.057720e-01 1.668000e-03 3.925600e-01
407 6.055200e-01 1.664000e-03 3.928160e-01
408 6.052960e-01 1.556000e-03 3.931480e-01
409 6.050880e-01 1.492000e-03 3.934200e-01
410 6.048520e-01 1.400000e-03 3.937480e-01
411 6.046800e-01 1.308000e-03 3.940120e-01
412 6.045080e-01 1.252000e-03 3.942400e-01
413 6.043480e-01 1.180000e-03 3.944720e-01
414 6.041680e-01 1.180000e-03 3.946520e-01
415 6.039640e-01 1.212000e-03 3.948240e-01
416 6.037880e-01 1.176000e-03 3.950360e-01
417 6.035640e-01 1.280000e-03 3.951560e-01
418 6.033120e-01 1.296000e-03 3.953920e-01
419 6.030320e-01 1.352000e-03 3.956160e-01
420 6.027840e-01 1.364000e-03 3.958520e-01
421 6.025200e-01 1.384000e-03 3.960960e-01
422 6.022440e-01 1.384000e-03 3.963720e-01
423 6.020040e-01 1.380000e-03 3.966160e-01
424 6.017480e-01 1.428000e-03 3.968240e-01
425 6.015240e-01 1.392000e-03 3.970840e-01
426 6.011880e-01 1.516000e-03 3.972960e-01
427 6.009080e-01 1.532000e-03 3.975600e-01
428 6.006200e-01 1.556000e-03 3.978240e-01
429 6.003760e-01 1.628000e-03 3.979960e-01
430 6.000680e-01 1.636000e-03 3.982960e-01
431 5.998320e-01 1.552000e-03 3.986160e-01
432 5.995720e-01 1.536000e-03 3.988920e-01
433 5.993040e-01 1.520000e-03 3.991760e-01
434 5.989840e-01 1.556000e-03 3.994600e-01
435 5.986720e-01 1.500000e-03 3.998280e-01
436 5.984440e-01 1.448000e-03 4.001080e-01
437 5.981840e-01 1.372000e-03 4.004440e-01
438 5.979280e-01 1.332000e-03 4.007400e-01
439 5.977200e-01 1.348000e-03 4.009320e-01
440 5.974760e-01 1.380000e-03 4.011440e-01
441 5.972600e-01 1.380000e-03 4.013600e-01
442 5.970640e-01 1.324000e-03 4.016120e-01
443 5.968080e-01 1.300000e-03 4.018920e-01
444 5.965760e-01 1.300000e-03 4.021240e-01
445 5.963280e-01 1.336000e-03 4.023360e-01
446 5.961280e-01 1.300000e-03 4.025720e-01
447 5.958880e-01 1.308000e-03 4.028040e-01
448 5.956720e-01 1.272000e-03 4.030560e-01
449 5.954640e-01 1.300000e-03 4.032360e-01
450 5.952320e-01 1.324000e-03 4.034440e-01
451 5.950480e-01 1.240000e-03 4.037120e-01
452 5.948680e-01 1.232000e-03 4.039000e-01
453 5.946960e-01 1.164000e-03 4.041400e-01
454 5.945200e-01 1.144000e-03 4.043360e-01
455 5.943320e-01 1.172000e-03 4.044960e-01
456 5.941720e-01 1.140000e-03 4.046880e-01
457 5.940320e-01 1.064000e-03 4.049040e-01
458 5.938520e-01 1.028000e-03 4.051200e-01
459 5.936800e-01 1.036000e-03 4.052840e-01
460 5.935400e-01 9.920000e-04 4.054680e-01
461 5.933560e-01 9.880000e-04 4.056560e-01
462 5.931920e-01 9.080000e-04 4.059000e-01
463 5.930440e-01 8.720000e-04 4.060840e-01
464 5.929040e-01 8.760000e-04 4.062200e-01
465 5.927160e-01 9.280000e-04 4.063560e-01
466 5.926000e-01 8.800000e-04 4.065200e-01
467 5.924920e-01 8.240000e-04 4.066840e-01
468 5.923840e-01 7.840000e-04 4.068320e-01
469 5.922840e-01 7.920000e-04 4.069240e-01
470 5.921840e-01 7.800000e-04 4.070360e-01
471 5.920680e-01 7.040000e-04 4.072280e-01
472 5.919840e-01 6.800000e-04 4.073360e-01
473 5.919120e-01 6.040000e-04 4.074840e-01
474 5.918520e-01 5.480000e-04 4.076000e-01
475 5.917800e-01 4.960000e-04 4.077240e-01
476 5.917440e-01 4.320000e-04 4.078240e-01
477 5.917040e-01 4.280000e-04 4.078680e-01
478 5.916680e-01 3.920000e-04 4.079400e-01
479 5.916080e-01 3.840000e-04 4.080080e-01
480 5.915840e-01 3.480000e-04 4.080680e-01
481 5.915520e-01 3.160000e-04 4.081320e-01
482 5.915040e-01 3.040000e-04 4.081920e-01
483 5.914760e-01 2.720000e-04 4.082520e-01
484 5.914520e-01 2.600000e-04 4.082880e-01
485 5.914240e-01 2.280000e-04 4.083480e-01
486 5.913840e-01 2.120000e-04 4.084040e-01
487 5.913720e-01 1.640000e-04 4.084640e-01
488 5.913440e-01 1.680000e-04 4.084880e-01
489 5.913240e-01 1.560000e-04 4.085200e-01
490 5.912880e-01 1.640000e-04 4.085480e-01
491 5.912440e-01 1.720000e-04 4.085840e-01
492 5.912120e-01 1.760000e-04 4.086120e-01
493 5.911640e-01 2.040000e-04 4.086320e-01
494 5.911200e-01 1.960000e-04 4.086840e-01
495 5.910840e-01 2.000000e-04 4.087160e-01
496 5.910320e-01 2.240000e-04 4.087440e-01
497 5.909600e-01 2.640000e-04 4.087760e-01
498 5.908840e-01 2.920000e-04 4.088240e-01
499 5.908400e-01 2.800000e-04 4.088800e-01
500 5.907800e-01 2.920000e-04 4.089280e-01
