1 9.992240e-01 6.760000e-04 1.000000e-04
2 9.987200e-01 1.016000e-03 2.640000e-04
3 9.981160e-01 1.396000e-03 4.880000e-04
4 9.975240e-01 1.676000e-03 8.000000e-04
5 9.967360e-01 2.136000e-03 1.128000e-03
6 9.959200e-01 2.532000e-03 1.548000e-03
7 9.950120e-01 3.028000e-03 1.960000e-03
8 9.941080e-01 3.328000e-03 2.564000e-03
9 9.930520e-01 3.816000e-03 3.132000e-03
10 9.919680e-01 4.224000e-03 3.808000e-03
11 9.909000e-01 4.452000e-03 4.648000e-03
12 9.898040e-01 4.784000e-03 5.412000e-03
13 9.887680e-01 4.976000e-03 6.256000e-03
14 9.878240e-01 5.040000e-03 7.136000e-03
15 9.867080e-01 5.208000e-03 8.084000e-03
16 9.856600e-01 5.344000e-03 8.996000e-03
17 9.845680e-01 5.448000e-03 9.984000e-03
18 9.834920e-01 5.552000e-03 1.095600e-02
19 9.822960e-01 5.796000e-03 1.190800e-02
20 9.810440e-01 6.064000e-03 1.289200e-02
21 9.797240e-01 6.388000e-03 1.388800e-02
22 9.784400e-01 6.552000e-03 1.500800e-02
23 9.771960e-01 6.612000e-03 1.619200e-02
24 9.759560e-01 6.644000e-03 1.740000e-02
25 9.746400e-01 6.856000e-03 1.850400e-02
26 9.732440e-01 7.016000e-03 1.974000e-02
27 9.720520e-01 6.972000e-03 2.097600e-02
28 9.706280e-01 7.148000e-03 2.222400e-02
29 9.692520e-01 7.248000e-03 2.350000e-02
30 9.678360e-01 7.436000e-03 2.472800e-02
31 9.664680e-01 7.488000e-03 2.604400e-02
32 9.652200e-01 7.564000e-03 2.721600e-02
33 9.637920e-01 7.612000e-03 2.859600e-02
34 9.623240e-01 7.804000e-03 2.987200e-02
35 9.609480e-01 7.900000e-03 3.115200e-02
36 9.595560e-01 8.016000e-03 3.242800e-02
37 9.581440e-01 7.988000e-03 3.386800e-02
38 9.567320e-01 8.004000e-03 3.526400e-02
39 9.552480e-01 8.104000e-03 3.664800e-02
40 9.537880e-01 8.216000e-03 3.799600e-02
41 9.521760e-01 8.284000e-03 3.954000e-02
42 9.507240e-01 8.144000e-03 4.113200e-02
43 9.491840e-01 8.268000e-03 4.254800e-02
44 9.476200e-01 8.344000e-03 4.403600e-02
45 9.461440e-01 8.268000e-03 4.558800e-02
46 9.448640e-01 8.200000e-03 4.693600e-02
47 9.432920e-01 8.200000e-03 4.850800e-02
48 9.418000e-01 8.268000e-03 4.993200e-02
49 9.403640e-01 8.260000e-03 5.137600e-02
50 9.387760e-01 8.380000e-03 5.284400e-02
51 9.371200e-01 8.504000e-03 5.437600e-02
52 9.355560e-01 8.512000e-03 5.593200e-02
53 9.340160e-01 8.524000e-03 5.746000e-02
54 9.325600e-01 8.352000e-03 5.908800e-02
55 9.309560e-01 8.488000e-03 6.055600e-02
56 9.294680e-01 8.488000e-03 6.204400e-02
57 9.281480e-01 8.380000e-03 6.347200e-02
58 9.265680e-01 8.456000e-03 6.497600e-02
59 9.250160e-01 8.612000e-03 6.637200e-02
60 9.235480e-01 8.572000e-03 6.788000e-02
61 9.220760e-01 8.620000e-03 6.930400e-02
62 9.204600e-01 8.700000e-03 7.084000e-02
63 9.189360e-01 8.660000e-03 7.240400e-02
64 9.174200e-01 8.612000e-03 7.396800e-02
65 9.159440e-01 8.632000e-03 7.542400e-02
66 9.145760e-01 8.468000e-03 7.695600e-02
67 9.131080e-01 8.468000e-03 7.842400e-02
68 9.117360e-01 8.252000e-03 8.001200e-02
69 9.103880e-01 8.092000e-03 8.152000e-02
70 9.089400e-01 8.196000e-03 8.286400e-02
71 9.074960e-01 8.188000e-03 8.431600e-02
72 9.061680e-01 8.028000e-03 8.580400e-02
73 9.047480e-01 8.160000e-03 8.709200e-02
74 9.034600e-01 7.928000e-03 8.861200e-02
75 9.019640e-01 7.996000e-03 9.004000e-02
76 9.004760e-01 8.188000e-03 9.133600e-02
77 8.991640e-01 8.020000e-03 9.281600e-02
78 8.976800e-01 8.124000e-03 9.419600e-02
79 8.962040e-01 8.292000e-03 9.550400e-02
80 8.948400e-01 8.252000e-03 9.690800e-02
81 8.935280e-01 8.204000e-03 9.826800e-02
82 8.920000e-01 8.312000e-03 9.968800e-02
83 8.905520e-01 8.328000e-03 1.011200e-01
84 8.891160e-01 8.432000e-03 1.024520e-01
85 8.877280e-01 8.424000e-03 1.038480e-01
86 8.863040e-01 8.400000e-03 1.052960e-01
87 8.847720e-01 8.440000e-03 1.067880e-01
88 8.832520e-01 8.304000e-03 1.084440e-01
89 8.816280e-01 8.440000e-03 1.099320e-01
90 8.801600e-01 8.320000e-03 1.115200e-01
91 8.787400e-01 8.276000e-03 1.129840e-01
92 8.775040e-01 8.112000e-03 1.143840e-01
93 8.761400e-01 8.168000e-03 1.156920e-01
94 8.748160e-01 8.088000e-03 1.170960e-01
95 8.735000e-01 8.040000e-03 1.184600e-01
96 8.722600e-01 7.860000e-03 1.198800e-01
97 8.709840e-01 7.776000e-03 1.212400e-01
98 8.696720e-01 7.668000e-03 1.226600e-01
99 8.683320e-01 7.592000e-03 1.240760e-01
100 8.669600e-01 7.728000e-03 1.253120e-01
101 8.655280e-01 7.776000e-03 1.266960e-01
102 8.641840e-01 7.676000e-03 1.281400e-01
103 8.628120e-01 7.804000e-03 1.293840e-01
104 8.613840e-01 7.896000e-03 1.307200e-01
105 8.598880e-01 7.952000e-03 1.321600e-01
106 8.585960e-01 7.752000e-03 1.336520e-01
107 8.572200e-01 7.856000e-03 1.349240e-01
108 8.557680e-01 7.852000e-03 1.363800e-01
109 8.543520e-01 7.772000e-03 1.378760e-01
110 8.531000e-01 7.628000e-03 1.392720e-01
111 8.519320e-01 7.428000e-03 1.406400e-01
112 8.506880e-01 7.384000e-03 1.419280e-01
113 8.494120e-01 7.396000e-03 1.431920e-01
114 8.479440e-01 7.712000e-03 1.443440e-01
115 8.467520e-01 7.556000e-03 1.456920e-01
116 8.454360e-01 7.600000e-03 1.469640e-01
117 8.443040e-01 7.388000e-03 1.483080e-01
118 8.430200e-01 7.352000e-03 1.496280e-01
119 8.416920e-01 7.324000e-03 1.509840e-01
120 8.403520e-01 7.356000e-03 1.522920e-01
121 8.389680e-01 7.408000e-03 1.536240e-01
122 8.376960e-01 7.368000e-03 1.549360e-01
123 8.363600e-01 7.448000e-03 1.561920e-01
124 8.351000e-01 7.424000e-03 1.574760e-01
125 8.338160e-01 7.348000e-03 1.588360e-01
126 8.325360e-01 7.324000e-03 1.601400e-01
127 8.312600e-01 7.300000e-03 1.614400e-01
128 8.298560e-01 7.412000e-03 1.627320e-01
129 8.286160e-01 7.416000e-03 1.639680e-01
130 8.275360e-01 7.232000e-03 1.652320e-01
131 8.264280e-01 6.968000e-03 1.666040e-01
132 8.251680e-01 6.948000e-03 1.678840e-01
133 8.239640e-01 6.916000e-03 1.691200e-01
134 8.227760e-01 7.008000e-03 1.702160e-01
135 8.217440e-01 6.848000e-03 1.714080e-01
136 8.204680e-01 6.820000e-03 1.727120e-01
137 8.192680e-01 6.780000e-03 1.739520e-01
138 8.180800e-01 6.772000e-03 1.751480e-01
139 8.168360e-01 6.860000e-03 1.763040e-01
140 8.157800e-01 6.680000e-03 1.775400e-01
141 8.147320e-01 6.492000e-03 1.787760e-01
142 8.136800e-01 6.364000e-03 1.799560e-01
143 8.126320e-01 6.272000e-03 1.810960e-01
144 8.113880e-01 6.396000e-03 1.822160e-01
145 8.102280e-01 6.348000e-03 1.834240e-01
146 8.091840e-01 6.228000e-03 1.845880e-01
147 8.083040e-01 6.160000e-03 1.855360e-01
148 8.071800e-01 6.200000e-03 1.866200e-01
149 8.060800e-01 6.332000e-03 1.875880e-01
150 8.049320e-01 6.480000e-03 1.885880e-01
151 8.039160e-01 6.424000e-03 1.896600e-01
152 8.029200e-01 6.300000e-03 1.907800e-01
153 8.020360e-01 6.064000e-03 1.919000e-01
154 8.011320e-01 5.968000e-03 1.929000e-01
155 8.001480e-01 5.864000e-03 1.939880e-01
156 7.991720e-01 5.808000e-03 1.950200e-01
157 7.981760e-01 5.820000e-03 1.960040e-01
158 7.972680e-01 5.672000e-03 1.970600e-01
159 7.964240e-01 5.648000e-03 1.979280e-01
160 7.955880e-01 5.424000e-03 1.989880e-01
161 7.947040e-01 5.400000e-03 1.998960e-01
162 7.938240e-01 5.360000e-03 2.008160e-01
163 7.928480e-01 5.416000e-03 2.017360e-01
164 7.919240e-01 5.336000e-03 2.027400e-01
165 7.910280e-01 5.224000e-03 2.037480e-01
166 7.901320e-01 5.280000e-03 2.045880e-01
167 7.893320e-01 5.104000e-03 2.055640e-01
168 7.884680e-01 5.016000e-03 2.065160e-01
169 7.875240e-01 5.132000e-03 2.073440e-01
170 7.867200e-01 5.092000e-03 2.081880e-01
171 7.858640e-01 5.132000e-03 2.090040e-01
172 7.850760e-01 4.968000e-03 2.099560e-01
173 7.843480e-01 4.744000e-03 2.109080e-01
174 7.835360e-01 4.772000e-03 2.116920e-01
175 7.826280e-01 4.916000e-03 2.124560e-01
176 7.817840e-01 4.972000e-03 2.132440e-01
177 7.810680e-01 4.792000e-03 2.141400e-01
178 7.803520e-01 4.628000e-03 2.150200e-01
179 7.795440e-01 4.636000e-03 2.158200e-01
180 7.787520e-01 4.580000e-03 2.166680e-01
181 7.779240e-01 4.652000e-03 2.174240e-01
182 7.771600e-01 4.624000e-03 2.182160e-01
183 7.764600e-01 4.560000e-03 2.189800e-01
184 7.756560e-01 4.496000e-03 2.198480e-01
185 7.749120e-01 4.532000e-03 2.205560e-01
186 7.741960e-01 4.480000e-03 2.213240e-01
187 7.734320e-01 4.340000e-03 2.222280e-01
188 7.726680e-01 4.332000e-03 2.230000e-01
189 7.719280e-01 4.332000e-03 2.237400e-01
190 7.712280e-01 4.364000e-03 2.244080e-01
191 7.704680e-01 4.304000e-03 2.252280e-01
192 7.697840e-01 4.304000e-03 2.259120e-01
193 7.691720e-01 4.156000e-03 2.266720e-01
194 7.685280e-01 4.048000e-03 2.274240e-01
195 7.679200e-01 3.900000e-03 2.281800e-01
196 7.672600e-01 3.892000e-03 2.288480e-01
197 7.666280e-01 3.896000e-03 2.294760e-01
198 7.658720e-01 3.976000e-03 2.301520e-01
199 7.651480e-01 4.104000e-03 2.307480e-01
200 7.645480e-01 4.032000e-03 2.314200e-01
201 7.639240e-01 3.976000e-03 2.321000e-01
202 7.631560e-01 4.068000e-03 2.327760e-01
203 7.625400e-01 3.976000e-03 2.334840e-01
204 7.618720e-01 4.012000e-03 2.341160e-01
205 7.611320e-01 4.004000e-03 2.348640e-01
206 7.603800e-01 4.116000e-03 2.355040e-01
207 7.596440e-01 4.072000e-03 2.362840e-01
208 7.589920e-01 4.004000e-03 2.370040e-01
209 7.583600e-01 3.920000e-03 2.377200e-01
210 7.577960e-01 3.876000e-03 2.383280e-01
211 7.572280e-01 3.736000e-03 2.390360e-01
212 7.566080e-01 3.708000e-03 2.396840e-01
213 7.559560e-01 3.752000e-03 2.402920e-01
214 7.554160e-01 3.648000e-03 2.409360e-01
215 7.547600e-01 3.712000e-03 2.415280e-01
216 7.542080e-01 3.640000e-03 2.421520e-01
217 7.535600e-01 3.620000e-03 2.428200e-01
218 7.528920e-01 3.616000e-03 2.434920e-01
219 7.522840e-01 3.660000e-03 2.440560e-01
220 7.516480e-01 3.648000e-03 2.447040e-01
221 7.510000e-01 3.600000e-03 2.454000e-01
222 7.502880e-01 3.680000e-03 2.460320e-01
223 7.495600e-01 3.824000e-03 2.466160e-01
224 7.488120e-01 3.964000e-03 2.472240e-01
225 7.480560e-01 4.044000e-03 2.479000e-01
226 7.473080e-01 4.036000e-03 2.486560e-01
227 7.466480e-01 4.024000e-03 2.493280e-01
228 7.460400e-01 4.060000e-03 2.499000e-01
229 7.453600e-01 4.032000e-03 2.506080e-01
230 7.446480e-01 4.028000e-03 2.513240e-01
231 7.440280e-01 3.984000e-03 2.519880e-01
232 7.434320e-01 3.908000e-03 2.526600e-01
233 7.428040e-01 3.840000e-03 2.533560e-01
234 7.421400e-01 3.872000e-03 2.539880e-01
235 7.415200e-01 3.936000e-03 2.545440e-01
236 7.407840e-01 4.044000e-03 2.551720e-01
237 7.401560e-01 3.940000e-03 2.559040e-01
238 7.395360e-01 3.904000e-03 2.565600e-01
239 7.389400e-01 3.836000e-03 2.572240e-01
240 7.383680e-01 3.756000e-03 2.578760e-01
241 7.376280e-01 3.748000e-03 2.586240e-01
242 7.369880e-01 3.708000e-03 2.593040e-01
243 7.362360e-01 3.800000e-03 2.599640e-01
244 7.356400e-01 3.764000e-03 2.605960e-01
245 7.349120e-01 3.796000e-03 2.612920e-01
246 7.341120e-01 3.960000e-03 2.619280e-01
247 7.335000e-01 3.916000e-03 2.625840e-01
248 7.327800e-01 3.848000e-03 2.633720e-01
249 7.321720e-01 3.820000e-03 2.640080e-01
250 7.315600e-01 3.784000e-03 2.646560e-01
251 7.309720e-01 3.776000e-03 2.652520e-01
252 7.303640e-01 3.688000e-03 2.659480e-01
253 7.297480e-01 3.616000e-03 2.666360e-01
254 7.291360e-01 3.508000e-03 2.673560e-01
255 7.284480e-01 3.492000e-03 2.680600e-01
256 7.278120e-01 3.480000e-03 2.687080e-01
257 7.271640e-01 3.632000e-03 2.692040e-01
258 7.265040e-01 3.636000e-03 2.698600e-01
259 7.259480e-01 3.464000e-03 2.705880e-01
260 7.253760e-01 3.476000e-03 2.711480e-01
261 7.248120e-01 3.500000e-03 2.716880e-01
262 7.242120e-01 3.444000e-03 2.723440e-01
263 7.235880e-01 3.500000e-03 2.729120e-01
264 7.230040e-01 3.436000e-03 2.735600e-01
265 7.223480e-01 3.520000e-03 2.741320e-01
266 7.217680e-01 3.504000e-03 2.747280e-01
267 7.212760e-01 3.428000e-03 2.752960e-01
268 7.208520e-01 3.216000e-03 2.759320e-01
269 7.202960e-01 3.220000e-03 2.764840e-01
270 7.196840e-01 3.244000e-03 2.770720e-01
271 7.190760e-01 3.272000e-03 2.776520e-01
272 7.185800e-01 3.168000e-03 2.782520e-01
273 7.180320e-01 3.192000e-03 2.787760e-01
274 7.175920e-01 3.016000e-03 2.793920e-01
275 7.171360e-01 2.976000e-03 2.798880e-01
276 7.166960e-01 2.944000e-03 2.803600e-01
277 7.161360e-01 2.964000e-03 2.809000e-01
278 7.157120e-01 2.900000e-03 2.813880e-01
279 7.152320e-01 2.876000e-03 2.818920e-01
280 7.147400e-01 2.780000e-03 2.824800e-01
281 7.142840e-01 2.796000e-03 2.829200e-01
282 7.138520e-01 2.748000e-03 2.834000e-01
283 7.134240e-01 2.660000e-03 2.839160e-01
284 7.130280e-01 2.680000e-03 2.842920e-01
285 7.125720e-01 2.616000e-03 2.848120e-01
286 7.120520e-01 2.644000e-03 2.853040e-01
287 7.116040e-01 2.528000e-03 2.858680e-01
288 7.110960e-01 2.596000e-03 2.863080e-01
289 7.106200e-01 2.648000e-03 2.867320e-01
290 7.101840e-01 2.628000e-03 2.871880e-01
291 7.097600e-01 2.612000e-03 2.876280e-01
292 7.093120e-01 2.584000e-03 2.881040e-01
293 7.088440e-01 2.544000e-03 2.886120e-01
294 7.084080e-01 2.584000e-03 2.890080e-01
295 7.079600e-01 2.640000e-03 2.894000e-01
296 7.073960e-01 2.856000e-03 2.897480e-01
297 7.070000e-01 2.828000e-03 2.901720e-01
298 7.064240e-01 2.856000e-03 2.907200e-01
299 7.059280e-01 2.844000e-03 2.912280e-01
300 7.053600e-01 2.904000e-03 2.917360e-01
301 7.048280e-01 2.992000e-03 2.921800e-01
302 7.043000e-01 2.948000e-03 2.927520e-01
303 7.038280e-01 3.000000e-03 2.931720e-01
304 7.032360e-01 3.100000e-03 2.936640e-01
305 7.027080e-01 3.036000e-03 2.942560e-01
306 7.022040e-01 3.088000e-03 2.947080e-01
307 7.017600e-01 3.020000e-03 2.952200e-01
308 7.012320e-01 3.072000e-03 2.956960e-01
309 7.008000e-01 2.948000e-03 2.962520e-01
310 7.003000e-01 2.988000e-03 2.967120e-01
311 6.997560e-01 2.996000e-03 2.972480e-01
312 6.992640e-01 2.968000e-03 2.977680e-01
313 6.987920e-01 2.880000e-03 2.983280e-01
314 6.983280e-01 2.832000e-03 2.988400e-01
315 6.978400e-01 2.840000e-03 2.993200e-01
316 6.973680e-01 2.844000e-03 2.997880e-01
317 6.968760e-01 2.820000e-03 3.003040e-01
318 6.964800e-01 2.716000e-03 3.008040e-01
319 6.960200e-01 2.672000e-03 3.013080e-01
320 6.956160e-01 2.612000e-03 3.017720e-01
321 6.952120e-01 2.524000e-03 3.022640e-01
322 6.948120e-01 2.480000e-03 3.027080e-01
323 6.944680e-01 2.388000e-03 3.031440e-01
324 6.940120e-01 2.440000e-03 3.035480e-01
325 6.936600e-01 2.332000e-03 3.040080e-01
326 6.933240e-01 2.236000e-03 3.044400e-01
327 6.929560e-01 2.292000e-03 3.047520e-01
328 6.926160e-01 2.308000e-03 3.050760e-01
329 6.922720e-01 2.248000e-03 3.054800e-01
330 6.918000e-01 2.296000e-03 3.059040e-01
331 6.913080e-01 2.368000e-03 3.063240e-01
332 6.909160e-01 2.416000e-03 3.066680e-01
333 6.905680e-01 2.376000e-03 3.070560e-01
334 6.901680e-01 2.360000e-03 3.074720e-01
335 6.898160e-01 2.288000e-03 3.078960e-01
336 6.894600e-01 2.280000e-03 3.082600e-01
337 6.890880e-01 2.184000e-03 3.087280e-01
338 6.887800e-01 2.104000e-03 3.091160e-01
339 6.884200e-01 2.092000e-03 3.094880e-01
340 6.881200e-01 2.068000e-03 3.098120e-01
341 6.877560e-01 2.108000e-03 3.101360e-01
342 6.874480e-01 2.056000e-03 3.104960e-01
343 6.871880e-01 1.940000e-03 3.108720e-01
344 6.869160e-01 1.816000e-03 3.112680e-01
345 6.866160e-01 1.772000e-03 3.116120e-01
346 6.863160e-01 1.784000e-03 3.119000e-01
347 6.860360e-01 1.764000e-03 3.122000e-01
348 6.857320e-01 1.764000e-03 3.125040e-01
349 6.854200e-01 1.760000e-03 3.128200e-01
350 6.850280e-01 1.844000e-03 3.131280e-01
351 6.847240e-01 1.804000e-03 3.134720e-01
352 6.843480e-01 1.824000e-03 3.138280e-01
353 6.840880e-01 1.764000e-03 3.141480e-01
354 6.837800e-01 1.768000e-03 3.144520e-01
355 6.835400e-01 1.628000e-03 3.148320e-01
356 6.832760e-01 1.532000e-03 3.151920e-01
357 6.829720e-01 1.576000e-03 3.154520e-01
358 6.826640e-01 1.680000e-03 3.156560e-01
359 6.823600e-01 1.672000e-03 3.159680e-01
360 6.820560e-01 1.644000e-03 3.163000e-01
361 6.817520e-01 1.672000e-03 3.165760e-01
362 6.814320e-01 1.696000e-03 3.168720e-01
363 6.811480e-01 1.680000e-03 3.171720e-01
364 6.808520e-01 1.644000e-03 3.175040e-01
365 6.805680e-01 1.660000e-03 3.177720e-01
366 6.803240e-01 1.620000e-03 3.180560e-01
367 6.800480e-01 1.628000e-03 3.183240e-01
368 6.797960e-01 1.604000e-03 3.186000e-01
369 6.795520e-01 1.632000e-03 3.188160e-01
370 6.793080e-01 1.592000e-03 3.191000e-01
371 6.790400e-01 1.604000e-03 3.193560e-01
372 6.787200e-01 1.652000e-03 3.196280e-01
373 6.784040e-01 1.716000e-03 3.198800e-01
374 6.780840e-01 1.772000e-03 3.201440e-01
375 6.777400e-01 1.816000e-03 3.204440e-01
376 6.775640e-01 1.684000e-03 3.207520e-01
377 6.773400e-01 1.596000e-03 3.210640e-01
378 6.771120e-01 1.576000e-03 3.213120e-01
379 6.768680e-01 1.588000e-03 3.215440e-01
380 6.765760e-01 1.576000e-03 3.218480e-01
381 6.763760e-01 1.584000e-03 3.220400e-01
382 6.761120e-01 1.584000e-03 3.223040e-01
383 6.758440e-01 1.592000e-03 3.225640e-01
384 6.755240e-01 1.576000e-03 3.229000e-01
385 6.752080e-01 1.600000e-03 3.231920e-01
386 6.749200e-01 1.608000e-03 3.234720e-01
387 6.747040e-01 1.560000e-03 3.237360e-01
388 6.744960e-01 1.452000e-03 3.240520e-01
389 6.742640e-01 1.428000e-03 3.243080e-01
390 6.740400e-01 1.360000e-03 3.246000e-01
391 6.737960e-01 1.372000e-03 3.248320e-01
392 6.736240e-01 1.300000e-03 3.250760e-01
393 6.734680e-01 1.216000e-03 3.253160e-01
394 6.732760e-01 1.180000e-03 3.255440e-01
395 6.731440e-01 1.120000e-03 3.257360e-01
396 6.729920e-01 1.072000e-03 3.259360e-01
397 6.728920e-01 9.720000e-04 3.261360e-01
398 6.728000e-01 8.640000e-04 3.263360e-01
399 6.726800e-01 8.280000e-04 3.264920e-01
400 6.725880e-01 7.800000e-04 3.266320e-01
401 6.725120e-01 6.640000e-04 3.268240e-01
402 6.724280e-01 6.200000e-04 3.269520e-01
403 6.723400e-01 5.880000e-04 3.270720e-01
404 6.722360e-01 5.720000e-04 3.271920e-01
405 6.721560e-01 5.560000e-04 3.272880e-01
406 6.720480e-01 5.720000e-04 3.273800e-01
407 6.719200e-01 6.040000e-04 3.274760e-01
408 6.717920e-01 6.240000e-04 3.275840e-01
409 6.716720e-01 6.240000e-04 3.277040e-01
410 6.716040e-01 5.840000e-04 3.278120e-01
411 6.714920e-01 5.600000e-04 3.279480e-01
412 6.713720e-01 5.720000e-04 3.280560e-01
413 6.713080e-01 5.440000e-04 3.281480e-01
414 6.711840e-01 5.560000e-04 3.282600e-01
415 6.710480e-01 5.800000e-04 3.283720e-01
416 6.708960e-01 6.280000e-04 3.284760e-01
417 6.707040e-01 6.920000e-04 3.286040e-01
418 6.705720e-01 7.160000e-04 3.287120e-01
419 6.704240e-01 7.600000e-04 3.288160e-01
420 6.702440e-01 8.200000e-04 3.289360e-01
421 6.701360e-01 7.720000e-04 3.290920e-01
422 6.700480e-01 6.920000e-04 3.292600e-01
423 6.699640e-01 6.560000e-04 3.293800e-01
424 6.698560e-01 6.640000e-04 3.294800e-01
425 6.697680e-01 6.360000e-04 3.295960e-01
426 6.696520e-01 6.400000e-04 3.297080e-01
427 6.695480e-01 6.000000e-04 3.298520e-01
428 6.694480e-01 5.880000e-04 3.299640e-01
429 6.693560e-01 5.920000e-04 3.300520e-01
430 6.692920e-01 5.560000e-04 3.301520e-01
431 6.692000e-01 5.240000e-04 3.302760e-01
432 6.691240e-01 4.960000e-04 3.303800e-01
433 6.690640e-01 4.600000e-04 3.304760e-01
434 6.690040e-01 4.440000e-04 3.305520e-01
435 6.688640e-01 5.280000e-04 3.306080e-01
436 6.687240e-01 5.600000e-04 3.307160e-01
437 6.686160e-01 6.040000e-04 3.307800e-01
438 6.685000e-01 6.160000e-04 3.308840e-01
439 6.683600e-01 6.240000e-04 3.310160e-01
440 6.682040e-01 6.480000e-04 3.311480e-01
441 6.680560e-01 7.080000e-04 3.312360e-01
442 6.679120e-01 7.240000e-04 3.313640e-01
443 6.677440e-01 7.600000e-04 3.314960e-01
444 6.676120e-01 7.720000e-04 3.316160e-01
445 6.674640e-01 7.640000e-04 3.317720e-01
446 6.673080e-01 7.720000e-04 3.319200e-01
447 6.671360e-01 8.160000e-04 3.320480e-01
448 6.669840e-01 8.520000e-04 3.321640e-01
449 6.668120e-01 8.600000e-04 3.323280e-01
450 6.666640e-01 8.760000e-04 3.324600e-01
451 6.665320e-01 8.520000e-04 3.326160e-01
452 6.663720e-01 8.920000e-04 3.327360e-01
453 6.662240e-01 8.520000e-04 3.329240e-01
454 6.660640e-01 8.640000e-04 3.330720e-01
455 6.659160e-01 8.840000e-04 3.332000e-01
456 6.657840e-01 8.680000e-04 3.333480e-01
457 6.656680e-01 8.400000e-04 3.334920e-01
458 6.655120e-01 8.760000e-04 3.336120e-01
459 6.653240e-01 8.600000e-04 3.338160e-01
460 6.651600e-01 8.440000e-04 3.339960e-01
461 6.650520e-01 7.960000e-04 3.341520e-01
462 6.648960e-01 8.000000e-04 3.343040e-01
463 6.647760e-01 7.880000e-04 3.344360e-01
464 6.646640e-01 7.800000e-04 3.345560e-01
465 6.645520e-01 7.920000e-04 3.346560e-01
466 6.644120e-01 8.080000e-04 3.347800e-01
467 6.642480e-01 8.200000e-04 3.349320e-01
468 6.640920e-01 8.160000e-04 3.350920e-01
469 6.639920e-01 8.000000e-04 3.352080e-01
470 6.638680e-01 7.840000e-04 3.353480e-01
471 6.637160e-01 7.960000e-04 3.354880e-01
472 6.635960e-01 8.080000e-04 3.355960e-01
473 6.635040e-01 7.680000e-04 3.357280e-01
474 6.634120e-01 7.200000e-04 3.358680e-01
475 6.632840e-01 6.920000e-04 3.360240e-01
476 6.631760e-01 6.560000e-04 3.361680e-01
477 6.630520e-01 6.440000e-04 3.363040e-01
478 6.629280e-01 6.760000e-04 3.363960e-01
479 6.628000e-01 6.560000e-04 3.365440e-01
480 6.626840e-01 6.760000e-04 3.366400e-01
481 6.625680e-01 6.840000e-04 3.367480e-01
482 6.624200e-01 7.240000e-04 3.368560e-01
483 6.622800e-01 7.320000e-04 3.369880e-01
484 6.621360e-01 7.440000e-04 3.371200e-01
485 6.619360e-01 7.480000e-04 3.373160e-01
486 6.617800e-01 7.520000e-04 3.374680e-01
487 6.616120e-01 7.960000e-04 3.375920e-01
488 6.614680e-01 8.080000e-04 3.377240e-01
489 6.613080e-01 7.760000e-04 3.379160e-01
490 6.611880e-01 7.640000e-04 3.380480e-01
491 6.610320e-01 7.880000e-04 3.381800e-01
492 6.609440e-01 7.280000e-04 3.383280e-01
493 6.608320e-01 6.920000e-04 3.384760e-01
494 6.607080e-01 7.280000e-04 3.385640e-01
495 6.606040e-01 7.160000e-04 3.386800e-01
496 6.605160e-01 6.800000e-04 3.388040e-01
497 6.603800e-01 7.240000e-04 3.388960e-01
498 6.602560e-01 7.360000e-04 3.390080e-01
499 6.601440e-01 7.200000e-04 3.391360e-01
500 6.599480e-01 7.880000e-04 3.392640e-01
