1 9.991600e-01 7.440000e-04 9.600000e-05
2 9.985920e-01 1.164000e-03 2.440000e-04
3 9.978800e-01 1.652000e-03 4.680000e-04
4 9.971120e-01 2.100000e-03 7.880000e-04
5 9.962400e-01 2.556000e-03 1.204000e-03
6 9.952680e-01 3.108000e-03 1.624000e-03
7 9.942840e-01 3.536000e-03 2.180000e-03
8 9.933480e-01 3.788000e-03 2.864000e-03
9 9.922800e-01 4.212000e-03 3.508000e-03
10 9.911600e-01 4.712000e-03 4.128000e-03
11 9.899760e-01 5.044000e-03 4.980000e-03
12 9.888320e-01 5.400000e-03 5.768000e-03
13 9.875640e-01 5.720000e-03 6.716000e-03
14 9.862120e-01 6.032000e-03 7.756000e-03
15 9.849200e-01 6.260000e-03 8.820000e-03
16 9.835680e-01 6.476000e-03 9.956000e-03
17 9.823960e-01 6.620000e-03 1.098400e-02
18 9.811400e-01 6.784000e-03 1.207600e-02
19 9.800320e-01 6.720000e-03 1.324800e-02
20 9.788280e-01 6.680000e-03 1.449200e-02
21 9.776400e-01 6.676000e-03 1.568400e-02
22 9.763880e-01 6.852000e-03 1.676000e-02
23 9.752520e-01 6.788000e-03 1.796000e-02
24 9.739840e-01 6.808000e-03 1.920800e-02
25 9.725600e-01 6.920000e-03 2.052000e-02
26 9.711200e-01 7.092000e-03 2.178800e-02
27 9.696880e-01 7.244000e-03 2.306800e-02
28 9.681680e-01 7.580000e-03 2.425200e-02
29 9.666800e-01 7.708000e-03 2.561200e-02
30 9.654720e-01 7.684000e-03 2.684400e-02
31 9.639920e-01 7.856000e-03 2.815200e-02
32 9.624720e-01 8.112000e-03 2.941600e-02
33 9.609520e-01 8.168000e-03 3.088000e-02
34 9.594480e-01 8.212000e-03 3.234000e-02
35 9.578880e-01 8.256000e-03 3.385600e-02
36 9.562840e-01 8.400000e-03 3.531600e-02
37 9.546840e-01 8.508000e-03 3.680800e-02
38 9.530840e-01 8.752000e-03 3.816400e-02
39 9.514800e-01 8.672000e-03 3.984800e-02
40 9.498560e-01 8.600000e-03 4.154400e-02
41 9.482040e-01 8.676000e-03 4.312000e-02
42 9.465720e-01 8.748000e-03 4.468000e-02
43 9.449560e-01 8.856000e-03 4.618800e-02
44 9.432160e-01 8.956000e-03 4.782800e-02
45 9.416480e-01 8.936000e-03 4.941600e-02
46 9.399640e-01 8.968000e-03 5.106800e-02
47 9.383120e-01 9.020000e-03 5.266800e-02
48 9.366360e-01 9.004000e-03 5.436000e-02
49 9.351040e-01 8.924000e-03 5.597200e-02
50 9.334720e-01 9.116000e-03 5.741200e-02
51 9.318880e-01 9.144000e-03 5.896800e-02
52 9.302720e-01 9.180000e-03 6.054800e-02
53 9.285080e-01 9.280000e-03 6.221200e-02
54 9.268480e-01 9.412000e-03 6.374000e-02
55 9.250800e-01 9.564000e-03 6.535600e-02
56 9.232920e-01 9.572000e-03 6.713600e-02
57 9.216360e-01 9.516000e-03 6.884800e-02
58 9.201800e-01 9.336000e-03 7.048400e-02
59 9.184880e-01 9.428000e-03 7.208400e-02
60 9.169880e-01 9.344000e-03 7.366800e-02
61 9.152320e-01 9.524000e-03 7.524400e-02
62 9.135920e-01 9.460000e-03 7.694800e-02
63 9.117000e-01 9.712000e-03 7.858800e-02
64 9.099520e-01 9.700000e-03 8.034800e-02
65 9.081680e-01 9.764000e-03 8.206800e-02
66 9.064200e-01 9.788000e-03 8.379200e-02
67 9.046600e-01 9.884000e-03 8.545600e-02
68 9.030240e-01 9.764000e-03 8.721200e-02
69 9.013960e-01 9.716000e-03 8.888800e-02
70 8.997880e-01 9.484000e-03 9.072800e-02
71 8.980240e-01 9.584000e-03 9.239200e-02
72 8.961720e-01 9.772000e-03 9.405600e-02
73 8.945200e-01 9.640000e-03 9.584000e-02
74 8.927720e-01 9.700000e-03 9.752800e-02
75 8.911120e-01 9.764000e-03 9.912400e-02
76 8.894120e-01 9.860000e-03 1.007280e-01
77 8.876400e-01 9.872000e-03 1.024880e-01
78 8.858440e-01 1.010400e-02 1.040520e-01
79 8.839840e-01 1.018800e-02 1.058280e-01
80 8.821000e-01 1.030800e-02 1.075920e-01
81 8.803320e-01 1.051200e-02 1.091560e-01
82 8.785480e-01 1.048000e-02 1.109720e-01
83 8.770040e-01 1.026800e-02 1.127280e-01
84 8.752360e-01 1.020400e-02 1.145600e-01
85 8.735360e-01 1.016400e-02 1.163000e-01
86 8.719120e-01 9.940000e-03 1.181480e-01
87 8.702880e-01 9.812000e-03 1.199000e-01
88 8.687120e-01 9.816000e-03 1.214720e-01
89 8.671200e-01 9.748000e-03 1.231320e-01
90 8.654880e-01 9.708000e-03 1.248040e-01
91 8.639360e-01 9.492000e-03 1.265720e-01
92 8.622400e-01 9.512000e-03 1.282480e-01
93 8.606120e-01 9.496000e-03 1.298920e-01
94 8.590840e-01 9.336000e-03 1.315800e-01
95 8.575000e-01 9.200000e-03 1.333000e-01
96 8.558800e-01 9.012000e-03 1.351080e-01
97 8.543120e-01 8.960000e-03 1.367280e-01
98 8.527400e-01 8.956000e-03 1.383040e-01
99 8.511240e-01 8.940000e-03 1.399360e-01
100 8.494520e-01 9.056000e-03 1.414920e-01
101 8.477960e-01 9.172000e-03 1.430320e-01
102 8.461480e-01 9.404000e-03 1.444480e-01
103 8.444920e-01 9.388000e-03 1.461200e-01
104 8.428520e-01 9.356000e-03 1.477920e-01
105 8.411200e-01 9.460000e-03 1.494200e-01
106 8.396120e-01 9.240000e-03 1.511480e-01
107 8.381480e-01 8.984000e-03 1.528680e-01
108 8.366760e-01 8.924000e-03 1.544000e-01
109 8.350120e-01 9.004000e-03 1.559840e-01
110 8.333720e-01 9.060000e-03 1.575680e-01
111 8.319280e-01 8.928000e-03 1.591440e-01
112 8.305840e-01 8.796000e-03 1.606200e-01
113 8.291400e-01 8.508000e-03 1.623520e-01
114 8.276800e-01 8.608000e-03 1.637120e-01
115 8.263080e-01 8.448000e-03 1.652440e-01
116 8.249320e-01 8.460000e-03 1.666080e-01
117 8.234880e-01 8.608000e-03 1.679040e-01
118 8.221560e-01 8.328000e-03 1.695160e-01
119 8.206240e-01 8.356000e-03 1.710200e-01
120 8.193040e-01 8.164000e-03 1.725320e-01
121 8.178040e-01 8.280000e-03 1.739160e-01
122 8.164760e-01 8.232000e-03 1.752920e-01
123 8.151880e-01 8.168000e-03 1.766440e-01
124 8.139520e-01 7.980000e-03 1.780680e-01
125 8.127640e-01 7.912000e-03 1.793240e-01
126 8.115960e-01 7.720000e-03 1.806840e-01
127 8.104280e-01 7.536000e-03 1.820360e-01
128 8.091640e-01 7.536000e-03 1.833000e-01
129 8.078760e-01 7.468000e-03 1.846560e-01
130 8.066160e-01 7.428000e-03 1.859560e-01
131 8.054800e-01 7.240000e-03 1.872800e-01
132 8.042760e-01 7.300000e-03 1.884240e-01
133 8.030120e-01 7.320000e-03 1.896680e-01
134 8.018040e-01 7.220000e-03 1.909760e-01
135 8.005280e-01 7.240000e-03 1.922320e-01
136 7.994000e-01 7.132000e-03 1.934680e-01
137 7.981600e-01 7.048000e-03 1.947920e-01
138 7.970360e-01 6.952000e-03 1.960120e-01
139 7.959880e-01 6.704000e-03 1.973080e-01
140 7.948760e-01 6.604000e-03 1.985200e-01
141 7.939840e-01 6.400000e-03 1.996160e-01
142 7.930600e-01 6.156000e-03 2.007840e-01
143 7.921080e-01 5.972000e-03 2.019200e-01
144 7.913240e-01 5.752000e-03 2.029240e-01
145 7.903120e-01 5.752000e-03 2.039360e-01
146 7.893440e-01 5.688000e-03 2.049680e-01
147 7.884040e-01 5.604000e-03 2.059920e-01
148 7.874360e-01 5.596000e-03 2.069680e-01
149 7.863360e-01 5.704000e-03 2.079600e-01
150 7.853840e-01 5.648000e-03 2.089680e-01
151 7.845360e-01 5.380000e-03 2.100840e-01
152 7.836640e-01 5.360000e-03 2.109760e-01
153 7.826040e-01 5.428000e-03 2.119680e-01
154 7.816720e-01 5.444000e-03 2.128840e-01
155 7.806800e-01 5.512000e-03 2.138080e-01
156 7.797040e-01 5.424000e-03 2.148720e-01
157 7.788120e-01 5.404000e-03 2.157840e-01
158 7.776760e-01 5.584000e-03 2.167400e-01
159 7.766680e-01 5.640000e-03 2.176920e-01
160 7.757880e-01 5.452000e-03 2.187600e-01
161 7.749960e-01 5.260000e-03 2.197440e-01
162 7.741800e-01 5.180000e-03 2.206400e-01
163 7.732800e-01 5.064000e-03 2.216560e-01
164 7.725200e-01 4.984000e-03 2.224960e-01
165 7.717320e-01 4.836000e-03 2.234320e-01
166 7.709600e-01 4.716000e-03 2.243240e-01
167 7.701120e-01 4.660000e-03 2.252280e-01
168 7.693240e-01 4.624000e-03 2.260520e-01
169 7.685040e-01 4.604000e-03 2.268920e-01
170 7.677800e-01 4.580000e-03 2.276400e-01
171 7.669240e-01 4.536000e-03 2.285400e-01
172 7.661400e-01 4.588000e-03 2.292720e-01
173 7.653640e-01 4.504000e-03 2.301320e-01
174 7.647000e-01 4.356000e-03 2.309440e-01
175 7.639680e-01 4.336000e-03 2.316960e-01
176 7.633240e-01 4.292000e-03 2.323840e-01
177 7.626440e-01 4.308000e-03 2.330480e-01
178 7.619920e-01 4.220000e-03 2.337880e-01
179 7.613640e-01 4.140000e-03 2.344960e-01
180 7.606120e-01 4.120000e-03 2.352680e-01
181 7.599680e-01 4.124000e-03 2.359080e-01
182 7.592520e-01 4.160000e-03 2.365880e-01
183 7.586000e-01 4.060000e-03 2.373400e-01
184 7.579200e-01 4.020000e-03 2.380600e-01
185 7.572360e-01 4.032000e-03 2.387320e-01
186 7.565120e-01 4.096000e-03 2.393920e-01
187 7.557280e-01 4.176000e-03 2.400960e-01
188 7.549000e-01 4.296000e-03 2.408040e-01
189 7.541480e-01 4.232000e-03 2.416200e-01
190 7.534640e-01 4.228000e-03 2.423080e-01
191 7.528080e-01 4.112000e-03 2.430800e-01
192 7.521640e-01 4.064000e-03 2.437720e-01
193 7.515960e-01 3.980000e-03 2.444240e-01
194 7.509320e-01 3.980000e-03 2.450880e-01
195 7.501640e-01 4.052000e-03 2.457840e-01
196 7.493880e-01 4.080000e-03 2.465320e-01
197 7.486920e-01 4.064000e-03 2.472440e-01
198 7.480200e-01 4.044000e-03 2.479360e-01
199 7.473560e-01 3.996000e-03 2.486480e-01
200 7.467120e-01 3.904000e-03 2.493840e-01
201 7.460920e-01 3.768000e-03 2.501400e-01
202 7.454680e-01 3.692000e-03 2.508400e-01
203 7.449080e-01 3.620000e-03 2.514720e-01
204 7.442960e-01 3.544000e-03 2.521600e-01
205 7.437600e-01 3.488000e-03 2.527520e-01
206 7.432480e-01 3.404000e-03 2.533480e-01
207 7.426240e-01 3.464000e-03 2.539120e-01
208 7.421600e-01 3.312000e-03 2.545280e-01
209 7.415720e-01 3.344000e-03 2.550840e-01
210 7.410480e-01 3.260000e-03 2.556920e-01
211 7.405680e-01 3.192000e-03 2.562400e-01
212 7.399480e-01 3.232000e-03 2.568200e-01
213 7.393960e-01 3.236000e-03 2.573680e-01
214 7.387720e-01 3.348000e-03 2.578800e-01
215 7.382280e-01 3.328000e-03 2.584440e-01
216 7.376160e-01 3.364000e-03 2.590200e-01
217 7.369880e-01 3.392000e-03 2.596200e-01
218 7.365240e-01 3.256000e-03 2.602200e-01
219 7.358560e-01 3.404000e-03 2.607400e-01
220 7.352320e-01 3.428000e-03 2.613400e-01
221 7.345560e-01 3.488000e-03 2.619560e-01
222 7.338120e-01 3.600000e-03 2.625880e-01
223 7.330280e-01 3.728000e-03 2.632440e-01
224 7.324480e-01 3.784000e-03 2.637680e-01
225 7.317000e-01 3.872000e-03 2.644280e-01
226 7.310320e-01 3.860000e-03 2.651080e-01
227 7.304160e-01 3.840000e-03 2.657440e-01
228 7.297680e-01 3.840000e-03 2.663920e-01
229 7.291000e-01 3.848000e-03 2.670520e-01
230 7.283880e-01 3.904000e-03 2.677080e-01
231 7.277040e-01 3.908000e-03 2.683880e-01
232 7.270400e-01 3.868000e-03 2.690920e-01
233 7.262400e-01 3.988000e-03 2.697720e-01
234 7.255040e-01 4.088000e-03 2.704080e-01
235 7.247640e-01 4.192000e-03 2.710440e-01
236 7.239320e-01 4.316000e-03 2.717520e-01
237 7.232160e-01 4.252000e-03 2.725320e-01
238 7.224720e-01 4.232000e-03 2.732960e-01
239 7.218120e-01 4.128000e-03 2.740600e-01
240 7.211360e-01 4.140000e-03 2.747240e-01
241 7.204320e-01 4.136000e-03 2.754320e-01
242 7.198080e-01 3.956000e-03 2.762360e-01
243 7.191320e-01 3.948000e-03 2.769200e-01
244 7.184480e-01 3.976000e-03 2.775760e-01
245 7.177560e-01 4.020000e-03 2.782240e-01
246 7.170560e-01 3.940000e-03 2.790040e-01
247 7.163120e-01 3.940000e-03 2.797480e-01
248 7.156800e-01 3.820000e-03 2.805000e-01
249 7.149080e-01 3.940000e-03 2.811520e-01
250 7.142480e-01 3.924000e-03 2.818280e-01
251 7.136160e-01 3.900000e-03 2.824840e-01
252 7.129640e-01 3.892000e-03 2.831440e-01
253 7.122280e-01 3.960000e-03 2.838120e-01
254 7.115920e-01 3.852000e-03 2.845560e-01
255 7.109320e-01 3.788000e-03 2.852800e-01
256 7.101880e-01 3.892000e-03 2.859200e-01
257 7.094920e-01 4.004000e-03 2.865040e-01
258 7.088280e-01 3.964000e-03 2.872080e-01
259 7.081680e-01 4.004000e-03 2.878280e-01
260 7.075680e-01 3.896000e-03 2.885360e-01
261 7.069480e-01 3.888000e-03 2.891640e-01
262 7.063080e-01 3.892000e-03 2.898000e-01
263 7.057120e-01 3.848000e-03 2.904400e-01
264 7.050320e-01 3.880000e-03 2.910880e-01
265 7.044840e-01 3.720000e-03 2.917960e-01
266 7.037520e-01 3.860000e-03 2.923880e-01
267 7.030520e-01 3.920000e-03 2.930280e-01
268 7.023400e-01 3.932000e-03 2.937280e-01
269 7.016480e-01 3.876000e-03 2.944760e-01
270 7.010000e-01 3.856000e-03 2.951440e-01
271 7.004000e-01 3.780000e-03 2.958200e-01
272 6.998320e-01 3.632000e-03 2.965360e-01
273 6.992400e-01 3.628000e-03 2.971320e-01
274 6.986960e-01 3.572000e-03 2.977320e-01
275 6.981040e-01 3.612000e-03 2.982840e-01
276 6.975680e-01 3.556000e-03 2.988760e-01
277 6.970640e-01 3.424000e-03 2.995120e-01
278 6.965880e-01 3.284000e-03 3.001280e-01
279 6.961560e-01 3.116000e-03 3.007280e-01
280 6.956640e-01 3.116000e-03 3.012200e-01
281 6.951400e-01 3.120000e-03 3.017400e-01
282 6.945440e-01 3.172000e-03 3.022840e-01
283 6.940080e-01 3.132000e-03 3.028600e-01
284 6.934040e-01 3.204000e-03 3.033920e-01
285 6.928200e-01 3.184000e-03 3.039960e-01
286 6.922120e-01 3.240000e-03 3.045480e-01
287 6.917200e-01 3.148000e-03 3.051320e-01
288 6.911680e-01 3.072000e-03 3.057600e-01
289 6.907120e-01 3.068000e-03 3.062200e-01
290 6.902000e-01 3.104000e-03 3.066960e-01
291 6.896320e-01 3.084000e-03 3.072840e-01
292 6.890920e-01 3.120000e-03 3.077880e-01
293 6.885800e-01 3.092000e-03 3.083280e-01
294 6.880240e-01 3.172000e-03 3.088040e-01
295 6.875080e-01 3.200000e-03 3.092920e-01
296 6.870560e-01 3.096000e-03 3.098480e-01
297 6.866320e-01 2.996000e-03 3.103720e-01
298 6.861960e-01 2.932000e-03 3.108720e-01
299 6.858000e-01 2.772000e-03 3.114280e-01
300 6.854040e-01 2.732000e-03 3.118640e-01
301 6.849680e-01 2.708000e-03 3.123240e-01
302 6.845440e-01 2.608000e-03 3.128480e-01
303 6.841480e-01 2.572000e-03 3.132800e-01
304 6.837440e-01 2.456000e-03 3.138000e-01
305 6.832800e-01 2.480000e-03 3.142400e-01
306 6.828320e-01 2.432000e-03 3.147360e-01
307 6.824720e-01 2.388000e-03 3.151400e-01
308 6.820800e-01 2.324000e-03 3.155960e-01
309 6.817360e-01 2.260000e-03 3.160040e-01
310 6.813920e-01 2.224000e-03 3.163840e-01
311 6.810440e-01 2.188000e-03 3.167680e-01
312 6.806680e-01 2.160000e-03 3.171720e-01
313 6.803440e-01 2.064000e-03 3.175920e-01
314 6.800000e-01 2.048000e-03 3.179520e-01
315 6.796840e-01 1.964000e-03 3.183520e-01
316 6.793840e-01 1.928000e-03 3.186880e-01
317 6.790280e-01 1.940000e-03 3.190320e-01
318 6.787560e-01 1.840000e-03 3.194040e-01
319 6.785200e-01 1.708000e-03 3.197720e-01
320 6.783160e-01 1.608000e-03 3.200760e-01
321 6.780760e-01 1.556000e-03 3.203680e-01
322 6.777720e-01 1.572000e-03 3.206560e-01
323 6.775160e-01 1.556000e-03 3.209280e-01
324 6.772320e-01 1.568000e-03 3.212000e-01
325 6.768960e-01 1.608000e-03 3.214960e-01
326 6.766680e-01 1.552000e-03 3.217800e-01
327 6.764080e-01 1.528000e-03 3.220640e-01
328 6.761400e-01 1.512000e-03 3.223480e-01
329 6.759080e-01 1.460000e-03 3.226320e-01
330 6.757080e-01 1.372000e-03 3.229200e-01
331 6.755640e-01 1.308000e-03 3.231280e-01
332 6.754040e-01 1.208000e-03 3.233880e-01
333 6.752000e-01 1.200000e-03 3.236000e-01
334 6.749440e-01 1.260000e-03 3.237960e-01
335 6.747520e-01 1.232000e-03 3.240160e-01
336 6.745400e-01 1.220000e-03 3.242400e-01
337 6.743760e-01 1.196000e-03 3.244280e-01
338 6.741760e-01 1.256000e-03 3.245680e-01
339 6.738760e-01 1.324000e-03 3.248000e-01
340 6.736840e-01 1.268000e-03 3.250480e-01
341 6.734240e-01 1.260000e-03 3.253160e-01
342 6.732080e-01 1.312000e-03 3.254800e-01
343 6.729800e-01 1.376000e-03 3.256440e-01
344 6.727000e-01 1.424000e-03 3.258760e-01
345 6.724360e-01 1.424000e-03 3.261400e-01
346 6.722000e-01 1.468000e-03 3.263320e-01
347 6.719400e-01 1.508000e-03 3.265520e-01
348 6.716160e-01 1.596000e-03 3.267880e-01
349 6.713320e-01 1.608000e-03 3.270600e-01
350 6.711280e-01 1.504000e-03 3.273680e-01
351 6.708520e-01 1.548000e-03 3.276000e-01
352 6.706080e-01 1.504000e-03 3.278880e-01
353 6.703960e-01 1.464000e-03 3.281400e-01
354 6.701840e-01 1.436000e-03 3.283800e-01
355 6.699680e-01 1.376000e-03 3.286560e-01
356 6.698040e-01 1.256000e-03 3.289400e-01
357 6.695760e-01 1.252000e-03 3.291720e-01
358 6.693560e-01 1.284000e-03 3.293600e-01
359 6.691480e-01 1.244000e-03 3.296080e-01
360 6.689680e-01 1.184000e-03 3.298480e-01
361 6.687640e-01 1.240000e-03 3.299960e-01
362 6.685080e-01 1.284000e-03 3.302080e-01
363 6.682560e-01 1.268000e-03 3.304760e-01
364 6.680200e-01 1.244000e-03 3.307360e-01
365 6.678240e-01 1.224000e-03 3.309520e-01
366 6.675840e-01 1.288000e-03 3.311280e-01
367 6.674200e-01 1.256000e-03 3.313240e-01
368 6.671840e-01 1.256000e-03 3.315600e-01
369 6.669640e-01 1.236000e-03 3.318000e-01
370 6.667040e-01 1.272000e-03 3.320240e-01
371 6.664920e-01 1.248000e-03 3.322600e-01
372 6.662920e-01 1.240000e-03 3.324680e-01
373 6.660840e-01 1.260000e-03 3.326560e-01
374 6.658360e-01 1.256000e-03 3.329080e-01
375 6.656240e-01 1.224000e-03 3.331520e-01
376 6.654040e-01 1.216000e-03 3.333800e-01
377 6.652440e-01 1.160000e-03 3.335960e-01
378 6.651000e-01 1.072000e-03 3.338280e-01
379 6.649640e-01 1.028000e-03 3.340080e-01
380 6.648200e-01 1.028000e-03 3.341520e-01
381 6.646440e-01 1.028000e-03 3.343280e-01
382 6.644840e-01 1.072000e-03 3.344440e-01
383 6.643240e-01 9.840000e-04 3.346920e-01
384 6.641120e-01 1.052000e-03 3.348360e-01
385 6.639640e-01 1.056000e-03 3.349800e-01
386 6.637320e-01 1.112000e-03 3.351560e-01
387 6.635160e-01 1.156000e-03 3.353280e-01
388 6.632880e-01 1.180000e-03 3.355320e-01
389 6.630800e-01 1.212000e-03 3.357080e-01
390 6.628600e-01 1.208000e-03 3.359320e-01
391 6.626280e-01 1.208000e-03 3.361640e-01
392 6.623840e-01 1.244000e-03 3.363720e-01
393 6.621880e-01 1.200000e-03 3.366120e-01
394 6.619720e-01 1.184000e-03 3.368440e-01
395 6.617920e-01 1.148000e-03 3.370600e-01
396 6.615640e-01 1.192000e-03 3.372440e-01
397 6.614000e-01 1.112000e-03 3.374880e-01
398 6.612400e-01 1.100000e-03 3.376600e-01
399 6.610880e-01 1.084000e-03 3.378280e-01
400 6.609200e-01 1.048000e-03 3.380320e-01
401 6.607800e-01 9.800000e-04 3.382400e-01
402 6.605960e-01 9.600000e-04 3.384440e-01
403 6.604200e-01 9.440000e-04 3.386360e-01
404 6.602920e-01 9.120000e-04 3.387960e-01
405 6.601800e-01 8.640000e-04 3.389560e-01
406 6.600680e-01 8.400000e-04 3.390920e-01
407 6.599440e-01 8.240000e-04 3.392320e-01
408 6.598200e-01 7.960000e-04 3.393840e-01
409 6.596960e-01 7.720000e-04 3.395320e-01
410 6.595600e-01 8.000000e-04 3.396400e-01
411 6.594360e-01 7.760000e-04 3.397880e-01
412 6.593120e-01 7.800000e-04 3.399080e-01
413 6.591920e-01 7.760000e-04 3.400320e-01
414 6.590960e-01 7.280000e-04 3.401760e-01
415 6.589920e-01 7.280000e-04 3.402800e-01
416 6.588400e-01 7.600000e-04 3.404000e-01
417 6.586800e-01 7.960000e-04 3.405240e-01
418 6.585680e-01 7.440000e-04 3.406880e-01
419 6.584760e-01 7.120000e-04 3.408120e-01
420 6.583200e-01 7.480000e-04 3.409320e-01
421 6.582240e-01 6.640000e-04 3.411120e-01
422 6.581000e-01 6.920000e-04 3.412080e-01
423 6.579840e-01 7.040000e-04 3.413120e-01
424 6.578480e-01 7.240000e-04 3.414280e-01
425 6.576880e-01 7.680000e-04 3.415440e-01
426 6.574960e-01 8.160000e-04 3.416880e-01
427 6.573280e-01 8.640000e-04 3.418080e-01
428 6.571560e-01 8.440000e-04 3.420000e-01
429 6.569680e-01 8.880000e-04 3.421440e-01
430 6.567800e-01 8.760000e-04 3.423440e-01
431 6.566120e-01 8.880000e-04 3.425000e-01
432 6.565160e-01 8.680000e-04 3.426160e-01
433 6.564560e-01 7.400000e-04 3.428040e-01
434 6.563640e-01 6.960000e-04 3.429400e-01
435 6.562480e-01 7.360000e-04 3.430160e-01
436 6.561280e-01 7.720000e-04 3.431000e-01
437 6.559760e-01 7.520000e-04 3.432720e-01
438 6.558680e-01 7.320000e-04 3.434000e-01
439 6.557560e-01 7.280000e-04 3.435160e-01
440 6.556080e-01 7.560000e-04 3.436360e-01
441 6.554560e-01 7.840000e-04 3.437600e-01
442 6.552880e-01 8.240000e-04 3.438880e-01
443 6.551200e-01 8.680000e-04 3.440120e-01
444 6.549760e-01 8.600000e-04 3.441640e-01
445 6.548840e-01 8.040000e-04 3.443120e-01
446 6.547480e-01 7.480000e-04 3.445040e-01
447 6.546160e-01 7.760000e-04 3.446080e-01
448 6.544520e-01 8.160000e-04 3.447320e-01
449 6.542920e-01 8.120000e-04 3.448960e-01
450 6.541320e-01 8.240000e-04 3.450440e-01
451 6.540200e-01 8.160000e-04 3.451640e-01
452 6.538920e-01 7.920000e-04 3.453160e-01
453 6.537600e-01 7.960000e-04 3.454440e-01
454 6.536280e-01 7.640000e-04 3.456080e-01
455 6.534840e-01 7.440000e-04 3.457720e-01
456 6.533600e-01 7.680000e-04 3.458720e-01
457 6.532640e-01 7.080000e-04 3.460280e-01
458 6.531440e-01 6.920000e-04 3.461640e-01
459 6.530240e-01 6.800000e-04 3.462960e-01
460 6.528800e-01 7.240000e-04 3.463960e-01
461 6.527560e-01 7.040000e-04 3.465400e-01
462 6.526280e-01 7.200000e-04 3.466520e-01
463 6.524680e-01 7.240000e-04 3.468080e-01
464 6.523120e-01 8.000000e-04 3.468880e-01
465 6.521760e-01 8.320000e-04 3.469920e-01
466 6.520120e-01 8.640000e-04 3.471240e-01
467 6.518440e-01 9.280000e-04 3.472280e-01
468 6.516920e-01 9.360000e-04 3.473720e-01
469 6.515720e-01 9.320000e-04 3.474960e-01
470 6.514600e-01 8.720000e-04 3.476680e-01
471 6.512880e-01 9.040000e-04 3.478080e-01
472 6.511520e-01 8.760000e-04 3.479720e-01
473 6.510120e-01 8.720000e-04 3.481160e-01
474 6.508520e-01 9.080000e-04 3.482400e-01
475 6.506680e-01 9.240000e-04 3.484080e-01
476 6.504760e-01 9.600000e-04 3.485640e-01
477 6.503000e-01 9.480000e-04 3.487520e-01
478 6.501720e-01 9.120000e-04 3.489160e-01
479 6.500360e-01 9.000000e-04 3.490640e-01
480 6.499160e-01 8.800000e-04 3.492040e-01
481 6.497880e-01 8.600000e-04 3.493520e-01
482 6.496560e-01 8.480000e-04 3.494960e-01
483 6.495640e-01 7.920000e-04 3.496440e-01
484 6.494280e-01 8.080000e-04 3.497640e-01
485 6.492920e-01 8.040000e-04 3.499040e-01
486 6.492040e-01 7.800000e-04 3.500160e-01
487 6.491240e-01 7.040000e-04 3.501720e-01
488 6.490320e-01 6.840000e-04 3.502840e-01
489 6.489560e-01 6.760000e-04 3.503680e-01
490 6.488560e-01 6.360000e-04 3.505080e-01
491 6.487520e-01 6.560000e-04 3.505920e-01
492 6.487000e-01 5.960000e-04 3.507040e-01
493 6.486160e-01 5.920000e-04 3.507920e-01
494 6.484720e-01 6.640000e-04 3.508640e-01
495 6.483840e-01 6.440000e-04 3.509720e-01
496 6.483040e-01 6.120000e-04 3.510840e-01
497 6.482360e-01 5.920000e-04 3.511720e-01
498 6.481760e-01 5.560000e-04 3.512680e-01
499 6.480960e-01 4.960000e-04 3.514080e-01
500 6.480280e-01 4.880000e-04 3.514840e-01
