1 9.992160e-01 6.880000e-04 9.600000e-05
2 9.987200e-01 1.028000e-03 2.520000e-04
3 9.980760e-01 1.480000e-03 4.440000e-04
4 9.974960e-01 1.804000e-03 7.000000e-04
5 9.967160e-01 2.236000e-03 1.048000e-03
6 9.960080e-01 2.536000e-03 1.456000e-03
7 9.951640e-01 2.908000e-03 1.928000e-03
8 9.943160e-01 3.232000e-03 2.452000e-03
9 9.934600e-01 3.536000e-03 3.004000e-03
10 9.925520e-01 3.856000e-03 3.592000e-03
11 9.915640e-01 4.164000e-03 4.272000e-03
12 9.906640e-01 4.312000e-03 5.024000e-03
13 9.896600e-01 4.568000e-03 5.772000e-03
14 9.887880e-01 4.616000e-03 6.596000e-03
15 9.877160e-01 4.868000e-03 7.416000e-03
16 9.867720e-01 4.856000e-03 8.372000e-03
17 9.855920e-01 5.260000e-03 9.148000e-03
18 9.844680e-01 5.460000e-03 1.007200e-02
19 9.831880e-01 5.708000e-03 1.110400e-02
20 9.819840e-01 5.824000e-03 1.219200e-02
21 9.808440e-01 5.812000e-03 1.334400e-02
22 9.796560e-01 6.068000e-03 1.427600e-02
23 9.784000e-01 6.136000e-03 1.546400e-02
24 9.772440e-01 6.132000e-03 1.662400e-02
25 9.761160e-01 6.164000e-03 1.772000e-02
26 9.747880e-01 6.380000e-03 1.883200e-02
27 9.736760e-01 6.424000e-03 1.990000e-02
28 9.723960e-01 6.624000e-03 2.098000e-02
29 9.710880e-01 6.772000e-03 2.214000e-02
30 9.698040e-01 6.808000e-03 2.338800e-02
31 9.685680e-01 6.872000e-03 2.456000e-02
32 9.673080e-01 6.936000e-03 2.575600e-02
33 9.660640e-01 6.968000e-03 2.696800e-02
34 9.648120e-01 7.092000e-03 2.809600e-02
35 9.635360e-01 7.148000e-03 2.931600e-02
36 9.622440e-01 7.216000e-03 3.054000e-02
37 9.609120e-01 7.272000e-03 3.181600e-02
38 9.595280e-01 7.264000e-03 3.320800e-02
39 9.580640e-01 7.356000e-03 3.458000e-02
40 9.565880e-01 7.556000e-03 3.585600e-02
41 9.551760e-01 7.660000e-03 3.716400e-02
42 9.537000e-01 7.820000e-03 3.848000e-02
43 9.520720e-01 8.108000e-03 3.982000e-02
44 9.505880e-01 8.084000e-03 4.132800e-02
45 9.490640e-01 8.156000e-03 4.278000e-02
46 9.476880e-01 8.024000e-03 4.428800e-02
47 9.461480e-01 8.120000e-03 4.573200e-02
48 9.446320e-01 8.216000e-03 4.715200e-02
49 9.432520e-01 8.072000e-03 4.867600e-02
50 9.418680e-01 7.940000e-03 5.019200e-02
51 9.403680e-01 8.240000e-03 5.139200e-02
52 9.388320e-01 8.332000e-03 5.283600e-02
53 9.371720e-01 8.512000e-03 5.431600e-02
54 9.356800e-01 8.464000e-03 5.585600e-02
55 9.341880e-01 8.536000e-03 5.727600e-02
56 9.327600e-01 8.364000e-03 5.887600e-02
57 9.311400e-01 8.432000e-03 6.042800e-02
58 9.293800e-01 8.708000e-03 6.191200e-02
59 9.277760e-01 8.828000e-03 6.339600e-02
60 9.263000e-01 8.720000e-03 6.498000e-02
61 9.247280e-01 8.788000e-03 6.648400e-02
62 9.231600e-01 8.732000e-03 6.810800e-02
63 9.216240e-01 8.888000e-03 6.948800e-02
64 9.201520e-01 8.824000e-03 7.102400e-02
65 9.186640e-01 8.816000e-03 7.252000e-02
66 9.171000e-01 8.900000e-03 7.400000e-02
67 9.154440e-01 9.092000e-03 7.546400e-02
68 9.138080e-01 9.240000e-03 7.695200e-02
69 9.123200e-01 9.188000e-03 7.849200e-02
70 9.106920e-01 9.184000e-03 8.012400e-02
71 9.090520e-01 9.148000e-03 8.180000e-02
72 9.074240e-01 9.064000e-03 8.351200e-02
73 9.059000e-01 8.996000e-03 8.510400e-02
74 9.044160e-01 8.808000e-03 8.677600e-02
75 9.028840e-01 8.884000e-03 8.823200e-02
76 9.013680e-01 8.844000e-03 8.978800e-02
77 8.998920e-01 8.708000e-03 9.140000e-02
78 8.982560e-01 8.700000e-03 9.304400e-02
79 8.967120e-01 8.704000e-03 9.458400e-02
80 8.951440e-01 8.720000e-03 9.613600e-02
81 8.933280e-01 9.000000e-03 9.767200e-02
82 8.916680e-01 9.172000e-03 9.916000e-02
83 8.900880e-01 9.248000e-03 1.006640e-01
84 8.884360e-01 9.348000e-03 1.022160e-01
85 8.868960e-01 9.188000e-03 1.039160e-01
86 8.853160e-01 9.012000e-03 1.056720e-01
87 8.837120e-01 9.048000e-03 1.072400e-01
88 8.820760e-01 9.200000e-03 1.087240e-01
89 8.803120e-01 9.392000e-03 1.102960e-01
90 8.786800e-01 9.464000e-03 1.118560e-01
91 8.769440e-01 9.516000e-03 1.135400e-01
92 8.754600e-01 9.176000e-03 1.153640e-01
93 8.739200e-01 9.112000e-03 1.169680e-01
94 8.722200e-01 9.196000e-03 1.185840e-01
95 8.706280e-01 9.232000e-03 1.201400e-01
96 8.689160e-01 9.276000e-03 1.218080e-01
97 8.674240e-01 9.244000e-03 1.233320e-01
98 8.657880e-01 9.252000e-03 1.249600e-01
99 8.642560e-01 9.092000e-03 1.266520e-01
100 8.626480e-01 9.156000e-03 1.281960e-01
101 8.611080e-01 9.148000e-03 1.297440e-01
102 8.592920e-01 9.264000e-03 1.314440e-01
103 8.576920e-01 9.156000e-03 1.331520e-01
104 8.561400e-01 9.080000e-03 1.347800e-01
105 8.546840e-01 8.884000e-03 1.364320e-01
106 8.531400e-01 8.920000e-03 1.379400e-01
107 8.515400e-01 8.976000e-03 1.394840e-01
108 8.499560e-01 8.960000e-03 1.410840e-01
109 8.483480e-01 9.036000e-03 1.426160e-01
110 8.468280e-01 9.072000e-03 1.441000e-01
111 8.451880e-01 9.064000e-03 1.457480e-01
112 8.437800e-01 8.872000e-03 1.473480e-01
113 8.421120e-01 9.036000e-03 1.488520e-01
114 8.404400e-01 9.176000e-03 1.503840e-01
115 8.388880e-01 9.160000e-03 1.519520e-01
116 8.372200e-01 9.300000e-03 1.534800e-01
117 8.356360e-01 9.228000e-03 1.551360e-01
118 8.339920e-01 9.264000e-03 1.567440e-01
119 8.323960e-01 9.124000e-03 1.584800e-01
120 8.307960e-01 9.068000e-03 1.601360e-01
121 8.292320e-01 9.028000e-03 1.617400e-01
122 8.277080e-01 9.080000e-03 1.632120e-01
123 8.261240e-01 9.000000e-03 1.648760e-01
124 8.246040e-01 8.956000e-03 1.664400e-01
125 8.229720e-01 9.160000e-03 1.678680e-01
126 8.213640e-01 9.196000e-03 1.694400e-01
127 8.198280e-01 9.144000e-03 1.710280e-01
128 8.183880e-01 9.092000e-03 1.725200e-01
129 8.169000e-01 8.880000e-03 1.742200e-01
130 8.155560e-01 8.584000e-03 1.758600e-01
131 8.141640e-01 8.584000e-03 1.772520e-01
132 8.127400e-01 8.428000e-03 1.788320e-01
133 8.114400e-01 8.284000e-03 1.802760e-01
134 8.101000e-01 8.156000e-03 1.817440e-01
135 8.088520e-01 8.044000e-03 1.831040e-01
136 8.075560e-01 7.816000e-03 1.846280e-01
137 8.063200e-01 7.704000e-03 1.859760e-01
138 8.049640e-01 7.824000e-03 1.872120e-01
139 8.036040e-01 7.796000e-03 1.886000e-01
140 8.023520e-01 7.692000e-03 1.899560e-01
141 8.011200e-01 7.588000e-03 1.912920e-01
142 7.998360e-01 7.620000e-03 1.925440e-01
143 7.985600e-01 7.552000e-03 1.938880e-01
144 7.971920e-01 7.548000e-03 1.952600e-01
145 7.958000e-01 7.612000e-03 1.965880e-01
146 7.943800e-01 7.720000e-03 1.979000e-01
147 7.929480e-01 7.732000e-03 1.993200e-01
148 7.916840e-01 7.592000e-03 2.007240e-01
149 7.903800e-01 7.648000e-03 2.019720e-01
150 7.889840e-01 7.652000e-03 2.033640e-01
151 7.877520e-01 7.648000e-03 2.046000e-01
152 7.864520e-01 7.620000e-03 2.059280e-01
153 7.851240e-01 7.604000e-03 2.072720e-01
154 7.836400e-01 7.740000e-03 2.086200e-01
155 7.821840e-01 7.856000e-03 2.099600e-01
156 7.807800e-01 7.908000e-03 2.113120e-01
157 7.794320e-01 7.848000e-03 2.127200e-01
158 7.779240e-01 7.980000e-03 2.140960e-01
159 7.764320e-01 8.136000e-03 2.154320e-01
160 7.750480e-01 8.172000e-03 2.167800e-01
161 7.735520e-01 8.124000e-03 2.183240e-01
162 7.720520e-01 8.208000e-03 2.197400e-01
163 7.706920e-01 8.112000e-03 2.211960e-01
164 7.692680e-01 8.040000e-03 2.226920e-01
165 7.679520e-01 7.976000e-03 2.240720e-01
166 7.665200e-01 8.108000e-03 2.253720e-01
167 7.649680e-01 8.244000e-03 2.267880e-01
168 7.635680e-01 8.252000e-03 2.281800e-01
169 7.620360e-01 8.344000e-03 2.296200e-01
170 7.606520e-01 8.160000e-03 2.311880e-01
171 7.593520e-01 8.144000e-03 2.325040e-01
172 7.579240e-01 8.172000e-03 2.339040e-01
173 7.566040e-01 8.092000e-03 2.353040e-01
174 7.551880e-01 8.020000e-03 2.367920e-01
175 7.537800e-01 8.000000e-03 2.382200e-01
176 7.524880e-01 7.996000e-03 2.395160e-01
177 7.511600e-01 8.044000e-03 2.407960e-01
178 7.497680e-01 7.976000e-03 2.422560e-01
179 7.483120e-01 8.108000e-03 2.435800e-01
180 7.467120e-01 8.316000e-03 2.449720e-01
181 7.450720e-01 8.472000e-03 2.464560e-01
182 7.435480e-01 8.524000e-03 2.479280e-01
183 7.420720e-01 8.432000e-03 2.494960e-01
184 7.406400e-01 8.596000e-03 2.507640e-01
185 7.391640e-01 8.744000e-03 2.520920e-01
186 7.378320e-01 8.576000e-03 2.535920e-01
187 7.364400e-01 8.532000e-03 2.550280e-01
188 7.348760e-01 8.616000e-03 2.565080e-01
189 7.334320e-01 8.520000e-03 2.580480e-01
190 7.319880e-01 8.412000e-03 2.596000e-01
191 7.305320e-01 8.412000e-03 2.610560e-01
192 7.289840e-01 8.552000e-03 2.624640e-01
193 7.276520e-01 8.440000e-03 2.639080e-01
194 7.262600e-01 8.376000e-03 2.653640e-01
195 7.247640e-01 8.400000e-03 2.668360e-01
196 7.231800e-01 8.532000e-03 2.682880e-01
197 7.216880e-01 8.604000e-03 2.697080e-01
198 7.202080e-01 8.652000e-03 2.711400e-01
199 7.187040e-01 8.668000e-03 2.726280e-01
200 7.171440e-01 8.840000e-03 2.740160e-01
201 7.153920e-01 9.124000e-03 2.754840e-01
202 7.138800e-01 9.012000e-03 2.771080e-01
203 7.123520e-01 8.912000e-03 2.787360e-01
204 7.109560e-01 8.772000e-03 2.802720e-01
205 7.096280e-01 8.568000e-03 2.818040e-01
206 7.082120e-01 8.408000e-03 2.833800e-01
207 7.068480e-01 8.288000e-03 2.848640e-01
208 7.055200e-01 8.088000e-03 2.863920e-01
209 7.042200e-01 7.920000e-03 2.878600e-01
210 7.029800e-01 7.684000e-03 2.893360e-01
211 7.016360e-01 7.712000e-03 2.906520e-01
212 7.002800e-01 7.672000e-03 2.920480e-01
213 6.990640e-01 7.580000e-03 2.933560e-01
214 6.978600e-01 7.388000e-03 2.947520e-01
215 6.966920e-01 7.236000e-03 2.960720e-01
216 6.955880e-01 7.004000e-03 2.974080e-01
217 6.944400e-01 6.936000e-03 2.986240e-01
218 6.933840e-01 6.820000e-03 2.997960e-01
219 6.923320e-01 6.724000e-03 3.009440e-01
220 6.913720e-01 6.512000e-03 3.021160e-01
221 6.902640e-01 6.520000e-03 3.032160e-01
222 6.891040e-01 6.512000e-03 3.043840e-01
223 6.879120e-01 6.480000e-03 3.056080e-01
224 6.868120e-01 6.552000e-03 3.066360e-01
225 6.857240e-01 6.484000e-03 3.077920e-01
226 6.846960e-01 6.316000e-03 3.089880e-01
227 6.835840e-01 6.340000e-03 3.100760e-01
228 6.823920e-01 6.424000e-03 3.111840e-01
229 6.813760e-01 6.288000e-03 3.123360e-01
230 6.802920e-01 6.288000e-03 3.134200e-01
231 6.791920e-01 6.336000e-03 3.144720e-01
232 6.781560e-01 6.244000e-03 3.156000e-01
233 6.771680e-01 6.084000e-03 3.167480e-01
234 6.762720e-01 5.980000e-03 3.177480e-01
235 6.752920e-01 5.880000e-03 3.188280e-01
236 6.742920e-01 5.884000e-03 3.198240e-01
237 6.732920e-01 5.820000e-03 3.208880e-01
238 6.723080e-01 5.804000e-03 3.218880e-01
239 6.712600e-01 5.940000e-03 3.228000e-01
240 6.702640e-01 5.896000e-03 3.238400e-01
241 6.694000e-01 5.816000e-03 3.247840e-01
242 6.684720e-01 5.780000e-03 3.257480e-01
243 6.676120e-01 5.616000e-03 3.267720e-01
244 6.667640e-01 5.424000e-03 3.278120e-01
245 6.659560e-01 5.260000e-03 3.287840e-01
246 6.651120e-01 5.224000e-03 3.296640e-01
247 6.643200e-01 5.136000e-03 3.305440e-01
248 6.635880e-01 5.008000e-03 3.314040e-01
249 6.627640e-01 5.060000e-03 3.321760e-01
250 6.619400e-01 5.004000e-03 3.330560e-01
251 6.611040e-01 4.964000e-03 3.339320e-01
252 6.602160e-01 4.872000e-03 3.349120e-01
253 6.594640e-01 4.828000e-03 3.357080e-01
254 6.585560e-01 4.860000e-03 3.365840e-01
255 6.576480e-01 4.980000e-03 3.373720e-01
256 6.567480e-01 5.040000e-03 3.382120e-01
257 6.559760e-01 4.912000e-03 3.391120e-01
258 6.551880e-01 4.924000e-03 3.398880e-01
259 6.543440e-01 4.848000e-03 3.408080e-01
260 6.536120e-01 4.724000e-03 3.416640e-01
261 6.528320e-01 4.636000e-03 3.425320e-01
262 6.520120e-01 4.608000e-03 3.433800e-01
263 6.513040e-01 4.536000e-03 3.441600e-01
264 6.505520e-01 4.484000e-03 3.449640e-01
265 6.499600e-01 4.264000e-03 3.457760e-01
266 6.492840e-01 4.120000e-03 3.465960e-01
267 6.486440e-01 4.028000e-03 3.473280e-01
268 6.480280e-01 3.900000e-03 3.480720e-01
269 6.473280e-01 3.992000e-03 3.486800e-01
270 6.465880e-01 3.956000e-03 3.494560e-01
271 6.459880e-01 3.908000e-03 3.501040e-01
272 6.453120e-01 3.916000e-03 3.507720e-01
273 6.446600e-01 3.844000e-03 3.514960e-01
274 6.440280e-01 3.804000e-03 3.521680e-01
275 6.433720e-01 3.840000e-03 3.527880e-01
276 6.427560e-01 3.832000e-03 3.534120e-01
277 6.421960e-01 3.824000e-03 3.539800e-01
278 6.415800e-01 3.768000e-03 3.546520e-01
279 6.409480e-01 3.684000e-03 3.553680e-01
280 6.403560e-01 3.596000e-03 3.560480e-01
281 6.397040e-01 3.576000e-03 3.567200e-01
282 6.390880e-01 3.464000e-03 3.574480e-01
283 6.385440e-01 3.408000e-03 3.580480e-01
284 6.380240e-01 3.364000e-03 3.586120e-01
285 6.374760e-01 3.304000e-03 3.592200e-01
286 6.370560e-01 3.108000e-03 3.598360e-01
287 6.365120e-01 3.156000e-03 3.603320e-01
288 6.360040e-01 3.120000e-03 3.608760e-01
289 6.355720e-01 2.984000e-03 3.614440e-01
290 6.350160e-01 3.080000e-03 3.619040e-01
291 6.345200e-01 3.052000e-03 3.624280e-01
292 6.339360e-01 3.120000e-03 3.629440e-01
293 6.333600e-01 3.188000e-03 3.634520e-01
294 6.327440e-01 3.256000e-03 3.640000e-01
295 6.322400e-01 3.180000e-03 3.645800e-01
296 6.317360e-01 3.152000e-03 3.651120e-01
297 6.311640e-01 3.240000e-03 3.655960e-01
298 6.305760e-01 3.332000e-03 3.660920e-01
299 6.301080e-01 3.184000e-03 3.667080e-01
300 6.295920e-01 3.188000e-03 3.672200e-01
301 6.289960e-01 3.308000e-03 3.676960e-01
302 6.284640e-01 3.348000e-03 3.681880e-01
303 6.280400e-01 3.216000e-03 3.687440e-01
304 6.276120e-01 3.080000e-03 3.693080e-01
305 6.270840e-01 3.104000e-03 3.698120e-01
306 6.265680e-01 3.064000e-03 3.703680e-01
307 6.261200e-01 2.976000e-03 3.709040e-01
308 6.257400e-01 2.824000e-03 3.714360e-01
309 6.252640e-01 2.780000e-03 3.719560e-01
310 6.247800e-01 2.772000e-03 3.724480e-01
311 6.243880e-01 2.696000e-03 3.729160e-01
312 6.239680e-01 2.636000e-03 3.733960e-01
313 6.236360e-01 2.564000e-03 3.738000e-01
314 6.232800e-01 2.444000e-03 3.742760e-01
315 6.229080e-01 2.376000e-03 3.747160e-01
316 6.226000e-01 2.272000e-03 3.751280e-01
317 6.223120e-01 2.116000e-03 3.755720e-01
318 6.219880e-01 2.088000e-03 3.759240e-01
319 6.217400e-01 1.944000e-03 3.763160e-01
320 6.214040e-01 1.956000e-03 3.766400e-01
321 6.210400e-01 1.952000e-03 3.770080e-01
322 6.207440e-01 1.964000e-03 3.772920e-01
323 6.204040e-01 1.992000e-03 3.776040e-01
324 6.200360e-01 1.996000e-03 3.779680e-01
325 6.196640e-01 2.096000e-03 3.782400e-01
326 6.193920e-01 2.028000e-03 3.785800e-01
327 6.190360e-01 1.996000e-03 3.789680e-01
328 6.187400e-01 1.988000e-03 3.792720e-01
329 6.184440e-01 1.860000e-03 3.796960e-01
330 6.180360e-01 1.940000e-03 3.800240e-01
331 6.176640e-01 1.992000e-03 3.803440e-01
332 6.173880e-01 1.960000e-03 3.806520e-01
333 6.170600e-01 1.984000e-03 3.809560e-01
334 6.167200e-01 1.936000e-03 3.813440e-01
335 6.163720e-01 1.972000e-03 3.816560e-01
336 6.160080e-01 1.980000e-03 3.820120e-01
337 6.156560e-01 2.004000e-03 3.823400e-01
338 6.152400e-01 2.056000e-03 3.827040e-01
339 6.148320e-01 2.120000e-03 3.830480e-01
340 6.143080e-01 2.276000e-03 3.834160e-01
341 6.139320e-01 2.220000e-03 3.838480e-01
342 6.135760e-01 2.168000e-03 3.842560e-01
343 6.132320e-01 2.124000e-03 3.846440e-01
344 6.129200e-01 2.060000e-03 3.850200e-01
345 6.125360e-01 2.064000e-03 3.854000e-01
346 6.121840e-01 2.004000e-03 3.858120e-01
347 6.118800e-01 1.908000e-03 3.862120e-01
348 6.116200e-01 1.828000e-03 3.865520e-01
349 6.113560e-01 1.800000e-03 3.868440e-01
350 6.110600e-01 1.772000e-03 3.871680e-01
351 6.108440e-01 1.680000e-03 3.874760e-01
352 6.106680e-01 1.540000e-03 3.877920e-01
353 6.104880e-01 1.396000e-03 3.881160e-01
354 6.102880e-01 1.336000e-03 3.883760e-01
355 6.100440e-01 1.340000e-03 3.886160e-01
356 6.098720e-01 1.296000e-03 3.888320e-01
357 6.096320e-01 1.340000e-03 3.890280e-01
358 6.094440e-01 1.284000e-03 3.892720e-01
359 6.091880e-01 1.324000e-03 3.894880e-01
360 6.089320e-01 1.352000e-03 3.897160e-01
361 6.087360e-01 1.376000e-03 3.898880e-01
362 6.085080e-01 1.424000e-03 3.900680e-01
363 6.083280e-01 1.320000e-03 3.903520e-01
364 6.080680e-01 1.368000e-03 3.905640e-01
365 6.078440e-01 1.392000e-03 3.907640e-01
366 6.076160e-01 1.372000e-03 3.910120e-01
367 6.074320e-01 1.344000e-03 3.912240e-01
368 6.072640e-01 1.288000e-03 3.914480e-01
369 6.070120e-01 1.312000e-03 3.916760e-01
370 6.067840e-01 1.288000e-03 3.919280e-01
371 6.065040e-01 1.336000e-03 3.921600e-01
372 6.062600e-01 1.412000e-03 3.923280e-01
373 6.059920e-01 1.480000e-03 3.925280e-01
374 6.056960e-01 1.524000e-03 3.927800e-01
375 6.054600e-01 1.472000e-03 3.930680e-01
376 6.051600e-01 1.492000e-03 3.933480e-01
377 6.048360e-01 1.548000e-03 3.936160e-01
378 6.046000e-01 1.520000e-03 3.938800e-01
379 6.043520e-01 1.484000e-03 3.941640e-01
380 6.041080e-01 1.472000e-03 3.944200e-01
381 6.039400e-01 1.356000e-03 3.947040e-01
382 6.037480e-01 1.336000e-03 3.949160e-01
383 6.035360e-01 1.236000e-03 3.952280e-01
384 6.033200e-01 1.220000e-03 3.954600e-01
385 6.031520e-01 1.120000e-03 3.957280e-01
386 6.029560e-01 1.108000e-03 3.959360e-01
387 6.027440e-01 1.132000e-03 3.961240e-01
388 6.025040e-01 1.204000e-03 3.962920e-01
389 6.022880e-01 1.200000e-03 3.965120e-01
390 6.021160e-01 1.160000e-03 3.967240e-01
391 6.019440e-01 1.160000e-03 3.968960e-01
392 6.017720e-01 1.120000e-03 3.971080e-01
393 6.016320e-01 1.072000e-03 3.972960e-01
394 6.014760e-01 1.044000e-03 3.974800e-01
395 6.013240e-01 1.040000e-03 3.976360e-01
396 6.012000e-01 9.240000e-04 3.978760e-01
397 6.010920e-01 8.920000e-04 3.980160e-01
398 6.009800e-01 8.680000e-04 3.981520e-01
399 6.008840e-01 8.040000e-04 3.983120e-01
400 6.007880e-01 7.640000e-04 3.984480e-01
401 6.006600e-01 7.640000e-04 3.985760e-01
402 6.005280e-01 7.680000e-04 3.987040e-01
403 6.004240e-01 7.120000e-04 3.988640e-01
404 6.003200e-01 7.200000e-04 3.989600e-01
405 6.001840e-01 7.360000e-04 3.990800e-01
406 6.000400e-01 7.840000e-04 3.991760e-01
407 5.998880e-01 7.880000e-04 3.993240e-01
408 5.997840e-01 7.720000e-04 3.994440e-01
409 5.996600e-01 7.640000e-04 3.995760e-01
410 5.994960e-01 8.040000e-04 3.997000e-01
411 5.993400e-01 8.000000e-04 3.998600e-01
412 5.991880e-01 8.480000e-04 3.999640e-01
413 5.990640e-01 8.160000e-04 4.001200e-01
414 5.989400e-01 8.240000e-04 4.002360e-01
415 5.987840e-01 8.520000e-04 4.003640e-01
416 5.986720e-01 8.040000e-04 4.005240e-01
417 5.985520e-01 7.960000e-04 4.006520e-01
418 5.984160e-01 7.640000e-04 4.008200e-01
419 5.983240e-01 7.200000e-04 4.009560e-01
420 5.982360e-01 6.880000e-04 4.010760e-01
421 5.981520e-01 6.680000e-04 4.011800e-01
422 5.980080e-01 7.200000e-04 4.012720e-01
423 5.978160e-01 8.040000e-04 4.013800e-01
424 5.976840e-01 8.120000e-04 4.015040e-01
425 5.975600e-01 7.800000e-04 4.016600e-01
426 5.974520e-01 7.600000e-04 4.017880e-01
427 5.973680e-01 7.040000e-04 4.019280e-01
428 5.972440e-01 6.800000e-04 4.020760e-01
429 5.971400e-01 6.760000e-04 4.021840e-01
430 5.970320e-01 6.880000e-04 4.022800e-01
431 5.969200e-01 7.000000e-04 4.023800e-01
432 5.967920e-01 7.200000e-04 4.024880e-01
433 5.966720e-01 7.120000e-04 4.026160e-01
434 5.965600e-01 7.160000e-04 4.027240e-01
435 5.964280e-01 6.720000e-04 4.029000e-01
436 5.962960e-01 7.280000e-04 4.029760e-01
437 5.961720e-01 6.960000e-04 4.031320e-01
438 5.960840e-01 6.520000e-04 4.032640e-01
439 5.959680e-01 6.600000e-04 4.033720e-01
440 5.958920e-01 6.040000e-04 4.035040e-01
441 5.958000e-01 5.960000e-04 4.036040e-01
442 5.957280e-01 5.520000e-04 4.037200e-01
443 5.956480e-01 5.440000e-04 4.038080e-01
444 5.955360e-01 5.480000e-04 4.039160e-01
445 5.954280e-01 5.400000e-04 4.040320e-01
446 5.953520e-01 5.200000e-04 4.041280e-01
447 5.952800e-01 5.200000e-04 4.042000e-01
448 5.951680e-01 5.440000e-04 4.042880e-01
449 5.950840e-01 5.280000e-04 4.043880e-01
450 5.949280e-01 5.840000e-04 4.044880e-01
451 5.948080e-01 6.320000e-04 4.045600e-01
452 5.946800e-01 6.200000e-04 4.047000e-01
453 5.945280e-01 6.480000e-04 4.048240e-01
454 5.944280e-01 5.960000e-04 4.049760e-01
455 5.943480e-01 5.800000e-04 4.050720e-01
456 5.942320e-01 5.800000e-04 4.051880e-01
457 5.941120e-01 6.040000e-04 4.052840e-01
458 5.939920e-01 6.400000e-04 4.053680e-01
459 5.938800e-01 6.080000e-04 4.055120e-01
460 5.937920e-01 6.000000e-04 4.056080e-01
461 5.937080e-01 6.080000e-04 4.056840e-01
462 5.936240e-01 5.760000e-04 4.058000e-01
463 5.935200e-01 5.960000e-04 4.058840e-01
464 5.933960e-01 5.920000e-04 4.060120e-01
465 5.933440e-01 5.640000e-04 4.060920e-01
466 5.932680e-01 5.400000e-04 4.061920e-01
467 5.932200e-01 5.040000e-04 4.062760e-01
468 5.931560e-01 4.920000e-04 4.063520e-01
469 5.931120e-01 4.520000e-04 4.064360e-01
470 5.930600e-01 4.320000e-04 4.065080e-01
471 5.929760e-01 4.680000e-04 4.065560e-01
472 5.929160e-01 4.560000e-04 4.066280e-01
473 5.928280e-01 4.520000e-04 4.067200e-01
474 5.927640e-01 4.480000e-04 4.067880e-01
475 5.927040e-01 4.160000e-04 4.068800e-01
476 5.926200e-01 4.280000e-04 4.069520e-01
477 5.925200e-01 4.440000e-04 4.070360e-01
478 5.924400e-01 4.600000e-04 4.071000e-01
479 5.923640e-01 4.320000e-04 4.072040e-01
480 5.923240e-01 3.760000e-04 4.073000e-01
481 5.922840e-01 3.680000e-04 4.073480e-01
482 5.922440e-01 3.440000e-04 4.074120e-01
483 5.921960e-01 3.520000e-04 4.074520e-01
484 5.921440e-01 3.360000e-04 4.075200e-01
485 5.920880e-01 3.400000e-04 4.075720e-01
486 5.920320e-01 3.360000e-04 4.076320e-01
487 5.919560e-01 3.400000e-04 4.077040e-01
488 5.918680e-01 3.600000e-04 4.077720e-01
489 5.918200e-01 3.400000e-04 4.078400e-01
490 5.917720e-01 3.160000e-04 4.079120e-01
491 5.916920e-01 3.480000e-04 4.079600e-01
492 5.916200e-01 3.840000e-04 4.079960e-01
493 5.915480e-01 4.040000e-04 4.080480e-01
494 5.914520e-01 4.120000e-04 4.081360e-01
495 5.914000e-01 4.000000e-04 4.082000e-01
496 5.913520e-01 4.040000e-04 4.082440e-01
497 5.912880e-01 3.800000e-04 4.083320e-01
498 5.912360e-01 3.760000e-04 4.083880e-01
499 5.912080e-01 3.480000e-04 4.084440e-01
500 5.911560e-01 3.560000e-04 4.084880e-01
