1 9.992480e-01 6.440000e-04 1.080000e-04
2 9.989000e-01 8.560000e-04 2.440000e-04
3 9.983200e-01 1.280000e-03 4.000000e-04
4 9.977160e-01 1.612000e-03 6.720000e-04
5 9.970120e-01 1.992000e-03 9.960000e-04
6 9.962480e-01 2.360000e-03 1.392000e-03
7 9.953800e-01 2.796000e-03 1.824000e-03
8 9.945720e-01 3.080000e-03 2.348000e-03
9 9.937320e-01 3.368000e-03 2.900000e-03
10 9.928960e-01 3.652000e-03 3.452000e-03
11 9.920160e-01 3.944000e-03 4.040000e-03
12 9.910800e-01 4.080000e-03 4.840000e-03
13 9.901920e-01 4.232000e-03 5.576000e-03
14 9.893440e-01 4.344000e-03 6.312000e-03
15 9.883440e-01 4.560000e-03 7.096000e-03
16 9.874280e-01 4.708000e-03 7.864000e-03
17 9.863320e-01 4.952000e-03 8.716000e-03
18 9.853440e-01 5.060000e-03 9.596000e-03
19 9.840920e-01 5.460000e-03 1.044800e-02
20 9.828880e-01 5.704000e-03 1.140800e-02
21 9.815680e-01 5.940000e-03 1.249200e-02
22 9.801560e-01 6.220000e-03 1.362400e-02
23 9.789600e-01 6.296000e-03 1.474400e-02
24 9.776200e-01 6.468000e-03 1.591200e-02
25 9.764160e-01 6.532000e-03 1.705200e-02
26 9.751760e-01 6.680000e-03 1.814400e-02
27 9.739840e-01 6.664000e-03 1.935200e-02
28 9.728560e-01 6.648000e-03 2.049600e-02
29 9.716360e-01 6.716000e-03 2.164800e-02
30 9.704760e-01 6.736000e-03 2.278800e-02
31 9.692040e-01 6.852000e-03 2.394400e-02
32 9.679560e-01 6.840000e-03 2.520400e-02
33 9.667240e-01 6.896000e-03 2.638000e-02
34 9.655120e-01 6.836000e-03 2.765200e-02
35 9.642200e-01 7.048000e-03 2.873200e-02
36 9.628920e-01 7.204000e-03 2.990400e-02
37 9.614320e-01 7.360000e-03 3.120800e-02
38 9.601800e-01 7.392000e-03 3.242800e-02
39 9.587320e-01 7.584000e-03 3.368400e-02
40 9.573200e-01 7.548000e-03 3.513200e-02
41 9.561440e-01 7.428000e-03 3.642800e-02
42 9.547320e-01 7.520000e-03 3.774800e-02
43 9.533320e-01 7.672000e-03 3.899600e-02
44 9.519440e-01 7.736000e-03 4.032000e-02
45 9.504360e-01 7.812000e-03 4.175200e-02
46 9.491640e-01 7.588000e-03 4.324800e-02
47 9.477080e-01 7.648000e-03 4.464400e-02
48 9.461240e-01 7.824000e-03 4.605200e-02
49 9.445320e-01 7.976000e-03 4.749200e-02
50 9.429600e-01 8.156000e-03 4.888400e-02
51 9.415760e-01 8.072000e-03 5.035200e-02
52 9.401240e-01 8.064000e-03 5.181200e-02
53 9.386160e-01 8.156000e-03 5.322800e-02
54 9.371520e-01 8.204000e-03 5.464400e-02
55 9.356440e-01 8.224000e-03 5.613200e-02
56 9.341200e-01 8.180000e-03 5.770000e-02
57 9.326000e-01 8.232000e-03 5.916800e-02
58 9.311400e-01 8.348000e-03 6.051200e-02
59 9.296880e-01 8.332000e-03 6.198000e-02
60 9.283080e-01 8.200000e-03 6.349200e-02
61 9.268680e-01 8.228000e-03 6.490400e-02
62 9.253680e-01 8.312000e-03 6.632000e-02
63 9.239160e-01 8.352000e-03 6.773200e-02
64 9.224520e-01 8.416000e-03 6.913200e-02
65 9.208400e-01 8.444000e-03 7.071600e-02
66 9.193960e-01 8.392000e-03 7.221200e-02
67 9.179480e-01 8.456000e-03 7.359600e-02
68 9.163800e-01 8.584000e-03 7.503600e-02
69 9.148680e-01 8.492000e-03 7.664000e-02
70 9.132320e-01 8.576000e-03 7.819200e-02
71 9.116760e-01 8.732000e-03 7.959200e-02
72 9.101360e-01 8.768000e-03 8.109600e-02
73 9.087760e-01 8.712000e-03 8.251200e-02
74 9.073080e-01 8.580000e-03 8.411200e-02
75 9.058640e-01 8.552000e-03 8.558400e-02
76 9.042680e-01 8.588000e-03 8.714400e-02
77 9.028440e-01 8.652000e-03 8.850400e-02
78 9.012760e-01 8.692000e-03 9.003200e-02
79 8.997800e-01 8.592000e-03 9.162800e-02
80 8.982800e-01 8.568000e-03 9.315200e-02
81 8.968240e-01 8.376000e-03 9.480000e-02
82 8.954320e-01 8.292000e-03 9.627600e-02
83 8.942440e-01 8.024000e-03 9.773200e-02
84 8.928200e-01 7.980000e-03 9.920000e-02
85 8.914560e-01 8.108000e-03 1.004360e-01
86 8.899960e-01 8.052000e-03 1.019520e-01
87 8.885920e-01 8.068000e-03 1.033400e-01
88 8.870760e-01 8.180000e-03 1.047440e-01
89 8.853720e-01 8.396000e-03 1.062320e-01
90 8.838000e-01 8.528000e-03 1.076720e-01
91 8.821480e-01 8.736000e-03 1.091160e-01
92 8.806280e-01 8.612000e-03 1.107600e-01
93 8.789960e-01 8.800000e-03 1.122040e-01
94 8.773280e-01 8.940000e-03 1.137320e-01
95 8.757920e-01 8.876000e-03 1.153320e-01
96 8.740880e-01 9.068000e-03 1.168440e-01
97 8.723400e-01 9.204000e-03 1.184560e-01
98 8.706240e-01 9.340000e-03 1.200360e-01
99 8.690000e-01 9.340000e-03 1.216600e-01
100 8.675560e-01 9.180000e-03 1.232640e-01
101 8.660200e-01 9.052000e-03 1.249280e-01
102 8.644760e-01 8.972000e-03 1.265520e-01
103 8.629880e-01 8.924000e-03 1.280880e-01
104 8.614200e-01 8.972000e-03 1.296080e-01
105 8.597080e-01 8.976000e-03 1.313160e-01
106 8.580960e-01 9.028000e-03 1.328760e-01
107 8.565200e-01 8.952000e-03 1.345280e-01
108 8.548440e-01 8.996000e-03 1.361600e-01
109 8.531840e-01 9.168000e-03 1.376480e-01
110 8.515600e-01 9.104000e-03 1.393360e-01
111 8.501160e-01 8.948000e-03 1.409360e-01
112 8.487000e-01 8.748000e-03 1.425520e-01
113 8.473840e-01 8.588000e-03 1.440280e-01
114 8.458240e-01 8.628000e-03 1.455480e-01
115 8.443560e-01 8.536000e-03 1.471080e-01
116 8.430200e-01 8.452000e-03 1.485280e-01
117 8.416320e-01 8.392000e-03 1.499760e-01
118 8.400400e-01 8.512000e-03 1.514480e-01
119 8.385960e-01 8.468000e-03 1.529360e-01
120 8.369600e-01 8.620000e-03 1.544200e-01
121 8.355600e-01 8.472000e-03 1.559680e-01
122 8.341560e-01 8.424000e-03 1.574200e-01
123 8.327880e-01 8.308000e-03 1.589040e-01
124 8.313840e-01 8.316000e-03 1.603000e-01
125 8.298920e-01 8.344000e-03 1.617640e-01
126 8.283120e-01 8.528000e-03 1.631600e-01
127 8.268640e-01 8.440000e-03 1.646960e-01
128 8.252400e-01 8.552000e-03 1.662080e-01
129 8.237160e-01 8.576000e-03 1.677080e-01
130 8.222840e-01 8.552000e-03 1.691640e-01
131 8.207560e-01 8.628000e-03 1.706160e-01
132 8.193080e-01 8.608000e-03 1.720840e-01
133 8.178520e-01 8.540000e-03 1.736080e-01
134 8.163000e-01 8.616000e-03 1.750840e-01
135 8.147840e-01 8.580000e-03 1.766360e-01
136 8.134360e-01 8.484000e-03 1.780800e-01
137 8.118640e-01 8.488000e-03 1.796480e-01
138 8.105640e-01 8.264000e-03 1.811720e-01
139 8.092200e-01 8.152000e-03 1.826280e-01
140 8.078480e-01 7.996000e-03 1.841560e-01
141 8.065480e-01 7.916000e-03 1.855360e-01
142 8.052880e-01 7.860000e-03 1.868520e-01
143 8.038800e-01 7.868000e-03 1.882520e-01
144 8.024320e-01 7.920000e-03 1.896480e-01
145 8.011800e-01 7.928000e-03 1.908920e-01
146 7.997640e-01 7.972000e-03 1.922640e-01
147 7.983320e-01 8.048000e-03 1.936200e-01
148 7.968640e-01 8.072000e-03 1.950640e-01
149 7.955520e-01 8.116000e-03 1.963320e-01
150 7.942560e-01 8.000000e-03 1.977440e-01
151 7.930960e-01 7.700000e-03 1.992040e-01
152 7.918480e-01 7.508000e-03 2.006440e-01
153 7.906120e-01 7.556000e-03 2.018320e-01
154 7.893360e-01 7.616000e-03 2.030480e-01
155 7.881640e-01 7.380000e-03 2.044560e-01
156 7.869120e-01 7.344000e-03 2.057440e-01
157 7.856360e-01 7.428000e-03 2.069360e-01
158 7.843560e-01 7.360000e-03 2.082840e-01
159 7.829960e-01 7.468000e-03 2.095360e-01
160 7.816600e-01 7.512000e-03 2.108280e-01
161 7.805240e-01 7.376000e-03 2.121000e-01
162 7.793040e-01 7.364000e-03 2.133320e-01
163 7.780840e-01 7.296000e-03 2.146200e-01
164 7.767880e-01 7.324000e-03 2.158880e-01
165 7.755760e-01 7.252000e-03 2.171720e-01
166 7.742400e-01 7.364000e-03 2.183960e-01
167 7.729920e-01 7.452000e-03 2.195560e-01
168 7.717480e-01 7.404000e-03 2.208480e-01
169 7.705800e-01 7.200000e-03 2.222200e-01
170 7.694080e-01 7.096000e-03 2.234960e-01
171 7.682160e-01 7.108000e-03 2.246760e-01
172 7.670720e-01 6.944000e-03 2.259840e-01
173 7.658840e-01 6.892000e-03 2.272240e-01
174 7.647040e-01 6.836000e-03 2.284600e-01
175 7.634480e-01 6.932000e-03 2.296200e-01
176 7.621880e-01 6.928000e-03 2.308840e-01
177 7.610640e-01 6.792000e-03 2.321440e-01
178 7.599920e-01 6.808000e-03 2.332000e-01
179 7.589160e-01 6.668000e-03 2.344160e-01
180 7.577160e-01 6.636000e-03 2.356480e-01
181 7.567320e-01 6.632000e-03 2.366360e-01
182 7.557480e-01 6.616000e-03 2.376360e-01
183 7.547680e-01 6.400000e-03 2.388320e-01
184 7.538800e-01 6.192000e-03 2.399280e-01
185 7.529800e-01 6.000000e-03 2.410200e-01
186 7.520760e-01 5.892000e-03 2.420320e-01
187 7.511760e-01 5.788000e-03 2.430360e-01
188 7.502600e-01 5.664000e-03 2.440760e-01
189 7.494800e-01 5.376000e-03 2.451440e-01
190 7.486960e-01 5.260000e-03 2.460440e-01
191 7.478960e-01 5.116000e-03 2.469880e-01
192 7.469520e-01 5.184000e-03 2.478640e-01
193 7.460760e-01 5.216000e-03 2.487080e-01
194 7.452120e-01 5.128000e-03 2.496600e-01
195 7.443640e-01 5.124000e-03 2.505120e-01
196 7.435440e-01 5.052000e-03 2.514040e-01
197 7.427000e-01 5.048000e-03 2.522520e-01
198 7.419320e-01 5.060000e-03 2.530080e-01
199 7.412080e-01 4.956000e-03 2.538360e-01
200 7.404800e-01 4.776000e-03 2.547440e-01
201 7.395800e-01 4.808000e-03 2.556120e-01
202 7.387320e-01 4.836000e-03 2.564320e-01
203 7.378760e-01 4.868000e-03 2.572560e-01
204 7.370680e-01 4.812000e-03 2.581200e-01
205 7.361680e-01 4.812000e-03 2.590200e-01
206 7.351760e-01 4.912000e-03 2.599120e-01
207 7.342640e-01 4.940000e-03 2.607960e-01
208 7.332880e-01 5.036000e-03 2.616760e-01
209 7.324680e-01 4.964000e-03 2.625680e-01
210 7.317160e-01 4.908000e-03 2.633760e-01
211 7.308560e-01 4.864000e-03 2.642800e-01
212 7.300320e-01 4.760000e-03 2.652080e-01
213 7.292360e-01 4.688000e-03 2.660760e-01
214 7.283920e-01 4.704000e-03 2.669040e-01
215 7.275760e-01 4.728000e-03 2.676960e-01
216 7.268360e-01 4.624000e-03 2.685400e-01
217 7.261040e-01 4.576000e-03 2.693200e-01
218 7.253640e-01 4.508000e-03 2.701280e-01
219 7.245760e-01 4.472000e-03 2.709520e-01
220 7.238360e-01 4.464000e-03 2.717000e-01
221 7.231160e-01 4.372000e-03 2.725120e-01
222 7.224600e-01 4.188000e-03 2.733520e-01
223 7.217440e-01 4.128000e-03 2.741280e-01
224 7.209200e-01 4.188000e-03 2.748920e-01
225 7.201960e-01 4.204000e-03 2.756000e-01
226 7.194560e-01 4.236000e-03 2.763080e-01
227 7.187400e-01 4.164000e-03 2.770960e-01
228 7.180480e-01 4.088000e-03 2.778640e-01
229 7.173320e-01 4.016000e-03 2.786520e-01
230 7.167160e-01 3.908000e-03 2.793760e-01
231 7.160120e-01 3.908000e-03 2.800800e-01
232 7.154360e-01 3.804000e-03 2.807600e-01
233 7.149320e-01 3.544000e-03 2.815240e-01
234 7.144480e-01 3.388000e-03 2.821640e-01
235 7.139400e-01 3.312000e-03 2.827480e-01
236 7.134760e-01 3.204000e-03 2.833200e-01
237 7.129720e-01 3.116000e-03 2.839120e-01
238 7.125200e-01 2.968000e-03 2.845120e-01
239 7.121240e-01 2.912000e-03 2.849640e-01
240 7.115920e-01 2.876000e-03 2.855320e-01
241 7.111080e-01 2.856000e-03 2.860360e-01
242 7.106080e-01 2.848000e-03 2.865440e-01
243 7.101240e-01 2.860000e-03 2.870160e-01
244 7.097200e-01 2.828000e-03 2.874520e-01
245 7.093000e-01 2.760000e-03 2.879400e-01
246 7.088040e-01 2.748000e-03 2.884480e-01
247 7.083400e-01 2.720000e-03 2.889400e-01
248 7.078320e-01 2.784000e-03 2.893840e-01
249 7.073200e-01 2.744000e-03 2.899360e-01
250 7.068480e-01 2.768000e-03 2.903840e-01
251 7.063680e-01 2.700000e-03 2.909320e-01
252 7.059080e-01 2.700000e-03 2.913920e-01
253 7.054880e-01 2.680000e-03 2.918320e-01
254 7.050480e-01 2.636000e-03 2.923160e-01
255 7.044960e-01 2.796000e-03 2.927080e-01
256 7.040160e-01 2.820000e-03 2.931640e-01
257 7.036160e-01 2.688000e-03 2.936960e-01
258 7.032520e-01 2.572000e-03 2.941760e-01
259 7.028360e-01 2.524000e-03 2.946400e-01
260 7.024720e-01 2.428000e-03 2.951000e-01
261 7.020080e-01 2.460000e-03 2.955320e-01
262 7.015440e-01 2.576000e-03 2.958800e-01
263 7.011080e-01 2.564000e-03 2.963280e-01
264 7.007280e-01 2.580000e-03 2.966920e-01
265 7.003000e-01 2.572000e-03 2.971280e-01
266 6.999840e-01 2.448000e-03 2.975680e-01
267 6.995960e-01 2.384000e-03 2.980200e-01
268 6.992800e-01 2.272000e-03 2.984480e-01
269 6.989360e-01 2.192000e-03 2.988720e-01
270 6.985880e-01 2.164000e-03 2.992480e-01
271 6.983000e-01 2.100000e-03 2.996000e-01
272 6.979920e-01 2.072000e-03 2.999360e-01
273 6.976200e-01 1.992000e-03 3.003880e-01
274 6.972760e-01 1.980000e-03 3.007440e-01
275 6.969400e-01 1.932000e-03 3.011280e-01
276 6.966680e-01 1.868000e-03 3.014640e-01
277 6.963480e-01 1.876000e-03 3.017760e-01
278 6.960400e-01 1.876000e-03 3.020840e-01
279 6.956800e-01 1.956000e-03 3.023640e-01
280 6.953120e-01 2.000000e-03 3.026880e-01
281 6.949880e-01 1.992000e-03 3.030200e-01
282 6.945840e-01 2.096000e-03 3.033200e-01
283 6.942800e-01 2.028000e-03 3.036920e-01
284 6.939800e-01 1.972000e-03 3.040480e-01
285 6.935560e-01 2.120000e-03 3.043240e-01
286 6.931680e-01 2.088000e-03 3.047440e-01
287 6.928120e-01 2.096000e-03 3.050920e-01
288 6.924480e-01 2.156000e-03 3.053960e-01
289 6.921480e-01 2.016000e-03 3.058360e-01
290 6.918360e-01 2.016000e-03 3.061480e-01
291 6.914960e-01 2.020000e-03 3.064840e-01
292 6.911520e-01 1.992000e-03 3.068560e-01
293 6.907160e-01 2.096000e-03 3.071880e-01
294 6.903880e-01 2.052000e-03 3.075600e-01
295 6.899800e-01 2.044000e-03 3.079760e-01
296 6.895600e-01 2.076000e-03 3.083640e-01
297 6.891560e-01 2.096000e-03 3.087480e-01
298 6.888720e-01 1.956000e-03 3.091720e-01
299 6.885840e-01 1.936000e-03 3.094800e-01
300 6.882400e-01 1.880000e-03 3.098800e-01
301 6.878760e-01 1.956000e-03 3.101680e-01
302 6.875040e-01 1.948000e-03 3.105480e-01
303 6.872560e-01 1.792000e-03 3.109520e-01
304 6.869560e-01 1.784000e-03 3.112600e-01
305 6.866320e-01 1.824000e-03 3.115440e-01
306 6.863680e-01 1.740000e-03 3.118920e-01
307 6.860800e-01 1.680000e-03 3.122400e-01
308 6.858360e-01 1.628000e-03 3.125360e-01
309 6.855400e-01 1.624000e-03 3.128360e-01
310 6.852720e-01 1.544000e-03 3.131840e-01
311 6.849200e-01 1.624000e-03 3.134560e-01
312 6.846080e-01 1.648000e-03 3.137440e-01
313 6.842360e-01 1.736000e-03 3.140280e-01
314 6.838640e-01 1.880000e-03 3.142560e-01
315 6.835560e-01 1.880000e-03 3.145640e-01
316 6.831920e-01 1.936000e-03 3.148720e-01
317 6.828720e-01 1.952000e-03 3.151760e-01
318 6.825360e-01 1.856000e-03 3.156080e-01
319 6.822480e-01 1.832000e-03 3.159200e-01
320 6.819400e-01 1.800000e-03 3.162600e-01
321 6.816200e-01 1.852000e-03 3.165280e-01
322 6.812880e-01 1.892000e-03 3.168200e-01
323 6.810480e-01 1.768000e-03 3.171840e-01
324 6.807160e-01 1.828000e-03 3.174560e-01
325 6.804320e-01 1.796000e-03 3.177720e-01
326 6.801640e-01 1.688000e-03 3.181480e-01
327 6.798520e-01 1.736000e-03 3.184120e-01
328 6.795320e-01 1.696000e-03 3.187720e-01
329 6.792560e-01 1.660000e-03 3.190840e-01
330 6.789720e-01 1.628000e-03 3.194000e-01
331 6.787280e-01 1.556000e-03 3.197160e-01
332 6.784600e-01 1.532000e-03 3.200080e-01
333 6.781600e-01 1.608000e-03 3.202320e-01
334 6.778440e-01 1.632000e-03 3.205240e-01
335 6.776240e-01 1.516000e-03 3.208600e-01
336 6.773840e-01 1.500000e-03 3.211160e-01
337 6.770800e-01 1.548000e-03 3.213720e-01
338 6.768400e-01 1.520000e-03 3.216400e-01
339 6.765920e-01 1.508000e-03 3.219000e-01
340 6.763040e-01 1.552000e-03 3.221440e-01
341 6.760840e-01 1.460000e-03 3.224560e-01
342 6.759160e-01 1.396000e-03 3.226880e-01
343 6.756520e-01 1.452000e-03 3.228960e-01
344 6.753560e-01 1.476000e-03 3.231680e-01
345 6.751120e-01 1.460000e-03 3.234280e-01
346 6.749120e-01 1.400000e-03 3.236880e-01
347 6.746560e-01 1.440000e-03 3.239040e-01
348 6.743800e-01 1.452000e-03 3.241680e-01
349 6.741840e-01 1.420000e-03 3.243960e-01
350 6.739440e-01 1.416000e-03 3.246400e-01
351 6.736520e-01 1.496000e-03 3.248520e-01
352 6.733840e-01 1.512000e-03 3.251040e-01
353 6.731240e-01 1.500000e-03 3.253760e-01
354 6.728840e-01 1.468000e-03 3.256480e-01
355 6.726320e-01 1.472000e-03 3.258960e-01
356 6.724200e-01 1.404000e-03 3.261760e-01
357 6.721640e-01 1.416000e-03 3.264200e-01
358 6.719440e-01 1.420000e-03 3.266360e-01
359 6.717120e-01 1.416000e-03 3.268720e-01
360 6.714800e-01 1.372000e-03 3.271480e-01
361 6.712400e-01 1.364000e-03 3.273960e-01
362 6.709680e-01 1.364000e-03 3.276680e-01
363 6.706960e-01 1.404000e-03 3.279000e-01
364 6.704320e-01 1.448000e-03 3.281200e-01
365 6.701760e-01 1.464000e-03 3.283600e-01
366 6.699520e-01 1.456000e-03 3.285920e-01
367 6.696760e-01 1.444000e-03 3.288800e-01
368 6.694160e-01 1.444000e-03 3.291400e-01
369 6.691480e-01 1.464000e-03 3.293880e-01
370 6.688720e-01 1.488000e-03 3.296400e-01
371 6.685000e-01 1.604000e-03 3.298960e-01
372 6.682200e-01 1.636000e-03 3.301440e-01
373 6.679320e-01 1.612000e-03 3.304560e-01
374 6.676920e-01 1.540000e-03 3.307680e-01
375 6.673840e-01 1.540000e-03 3.310760e-01
376 6.671720e-01 1.484000e-03 3.313440e-01
377 6.668760e-01 1.500000e-03 3.316240e-01
378 6.665760e-01 1.512000e-03 3.319120e-01
379 6.663000e-01 1.528000e-03 3.321720e-01
380 6.660120e-01 1.540000e-03 3.324480e-01
381 6.657400e-01 1.528000e-03 3.327320e-01
382 6.654920e-01 1.496000e-03 3.330120e-01
383 6.652280e-01 1.468000e-03 3.333040e-01
384 6.648880e-01 1.496000e-03 3.336160e-01
385 6.645880e-01 1.548000e-03 3.338640e-01
386 6.641680e-01 1.712000e-03 3.341200e-01
387 6.638360e-01 1.708000e-03 3.344560e-01
388 6.635440e-01 1.716000e-03 3.347400e-01
389 6.632200e-01 1.700000e-03 3.350800e-01
390 6.629120e-01 1.716000e-03 3.353720e-01
391 6.625720e-01 1.780000e-03 3.356480e-01
392 6.622800e-01 1.760000e-03 3.359600e-01
393 6.619360e-01 1.788000e-03 3.362760e-01
394 6.615840e-01 1.864000e-03 3.365520e-01
395 6.611920e-01 1.928000e-03 3.368800e-01
396 6.608680e-01 1.888000e-03 3.372440e-01
397 6.604880e-01 1.972000e-03 3.375400e-01
398 6.601160e-01 1.988000e-03 3.378960e-01
399 6.598360e-01 1.848000e-03 3.383160e-01
400 6.595160e-01 1.844000e-03 3.386400e-01
401 6.591600e-01 1.900000e-03 3.389400e-01
402 6.588840e-01 1.876000e-03 3.392400e-01
403 6.585800e-01 1.844000e-03 3.395760e-01
404 6.582360e-01 1.816000e-03 3.399480e-01
405 6.579720e-01 1.760000e-03 3.402680e-01
406 6.577000e-01 1.772000e-03 3.405280e-01
407 6.574480e-01 1.652000e-03 3.409000e-01
408 6.571880e-01 1.596000e-03 3.412160e-01
409 6.569360e-01 1.588000e-03 3.414760e-01
410 6.567240e-01 1.564000e-03 3.417120e-01
411 6.564800e-01 1.528000e-03 3.419920e-01
412 6.563000e-01 1.416000e-03 3.422840e-01
413 6.561240e-01 1.352000e-03 3.425240e-01
414 6.558480e-01 1.384000e-03 3.427680e-01
415 6.556840e-01 1.308000e-03 3.430080e-01
416 6.554840e-01 1.300000e-03 3.432160e-01
417 6.552760e-01 1.272000e-03 3.434520e-01
418 6.550640e-01 1.276000e-03 3.436600e-01
419 6.548560e-01 1.292000e-03 3.438520e-01
420 6.546440e-01 1.288000e-03 3.440680e-01
421 6.543760e-01 1.368000e-03 3.442560e-01
422 6.541600e-01 1.368000e-03 3.444720e-01
423 6.538880e-01 1.408000e-03 3.447040e-01
424 6.536480e-01 1.424000e-03 3.449280e-01
425 6.534160e-01 1.412000e-03 3.451720e-01
426 6.531520e-01 1.452000e-03 3.453960e-01
427 6.527720e-01 1.568000e-03 3.456600e-01
428 6.525360e-01 1.524000e-03 3.459400e-01
429 6.522960e-01 1.476000e-03 3.462280e-01
430 6.520720e-01 1.432000e-03 3.464960e-01
431 6.518520e-01 1.380000e-03 3.467680e-01
432 6.515680e-01 1.408000e-03 3.470240e-01
433 6.513160e-01 1.372000e-03 3.473120e-01
434 6.510680e-01 1.332000e-03 3.476000e-01
435 6.508480e-01 1.272000e-03 3.478800e-01
436 6.506080e-01 1.220000e-03 3.481720e-01
437 6.503920e-01 1.224000e-03 3.483840e-01
438 6.501240e-01 1.256000e-03 3.486200e-01
439 6.498960e-01 1.240000e-03 3.488640e-01
440 6.497080e-01 1.140000e-03 3.491520e-01
441 6.495200e-01 1.160000e-03 3.493200e-01
442 6.493440e-01 1.124000e-03 3.495320e-01
443 6.491600e-01 1.100000e-03 3.497400e-01
444 6.489480e-01 1.100000e-03 3.499520e-01
445 6.487040e-01 1.144000e-03 3.501520e-01
446 6.484640e-01 1.216000e-03 3.503200e-01
447 6.482800e-01 1.196000e-03 3.505240e-01
448 6.481760e-01 1.112000e-03 3.507120e-01
449 6.479520e-01 1.120000e-03 3.509280e-01
450 6.477320e-01 1.164000e-03 3.511040e-01
451 6.475200e-01 1.156000e-03 3.513240e-01
452 6.473600e-01 1.092000e-03 3.515480e-01
453 6.472080e-01 1.008000e-03 3.517840e-01
454 6.470720e-01 9.720000e-04 3.519560e-01
455 6.469000e-01 9.880000e-04 3.521120e-01
456 6.467520e-01 9.120000e-04 3.523360e-01
457 6.466040e-01 9.200000e-04 3.524760e-01
458 6.464280e-01 9.480000e-04 3.526240e-01
459 6.462600e-01 9.440000e-04 3.527960e-01
460 6.460840e-01 9.840000e-04 3.529320e-01
461 6.458680e-01 1.068000e-03 3.530640e-01
462 6.456640e-01 1.116000e-03 3.532200e-01
463 6.455160e-01 1.100000e-03 3.533840e-01
464 6.453560e-01 1.072000e-03 3.535720e-01
465 6.451760e-01 1.028000e-03 3.537960e-01
466 6.450560e-01 9.800000e-04 3.539640e-01
467 6.448240e-01 1.064000e-03 3.541120e-01
468 6.445920e-01 1.116000e-03 3.542920e-01
469 6.443520e-01 1.176000e-03 3.544720e-01
470 6.441480e-01 1.184000e-03 3.546680e-01
471 6.439320e-01 1.208000e-03 3.548600e-01
472 6.437080e-01 1.164000e-03 3.551280e-01
473 6.435680e-01 1.120000e-03 3.553120e-01
474 6.433600e-01 1.168000e-03 3.554720e-01
475 6.432320e-01 1.084000e-03 3.556840e-01
476 6.430880e-01 1.000000e-03 3.559120e-01
477 6.429040e-01 1.008000e-03 3.560880e-01
478 6.427360e-01 9.920000e-04 3.562720e-01
479 6.425120e-01 1.044000e-03 3.564440e-01
480 6.423440e-01 1.012000e-03 3.566440e-01
481 6.421520e-01 1.048000e-03 3.568000e-01
482 6.419480e-01 1.096000e-03 3.569560e-01
483 6.417600e-01 1.144000e-03 3.570960e-01
484 6.415760e-01 1.096000e-03 3.573280e-01
485 6.414040e-01 1.068000e-03 3.575280e-01
486 6.411880e-01 1.136000e-03 3.576760e-01
487 6.410160e-01 1.068000e-03 3.579160e-01
488 6.408360e-01 1.076000e-03 3.580880e-01
489 6.406160e-01 1.088000e-03 3.582960e-01
490 6.404320e-01 1.092000e-03 3.584760e-01
491 6.402800e-01 1.008000e-03 3.587120e-01
492 6.401360e-01 9.720000e-04 3.588920e-01
493 6.399400e-01 9.960000e-04 3.590640e-01
494 6.397480e-01 9.440000e-04 3.593080e-01
495 6.396120e-01 9.240000e-04 3.594640e-01
496 6.394440e-01 9.120000e-04 3.596440e-01
497 6.392320e-01 9.960000e-04 3.597720e-01
498 6.390760e-01 9.720000e-04 3.599520e-01
499 6.388880e-01 1.004000e-03 3.601080e-01
500 6.386920e-01 1.012000e-03 3.602960e-01
