1 9.991000e-01 8.080000e-04 9.200000e-05
2 9.984720e-01 1.284000e-03 2.440000e-04
3 9.978840e-01 1.612000e-03 5.040000e-04
4 9.971480e-01 2.016000e-03 8.360000e-04
5 9.963760e-01 2.416000e-03 1.208000e-03
6 9.955440e-01 2.812000e-03 1.644000e-03
7 9.946160e-01 3.220000e-03 2.164000e-03
8 9.936800e-01 3.564000e-03 2.756000e-03
9 9.927120e-01 3.936000e-03 3.352000e-03
10 9.917400e-01 4.224000e-03 4.036000e-03
11 9.907160e-01 4.552000e-03 4.732000e-03
12 9.896360e-01 4.828000e-03 5.536000e-03
13 9.885120e-01 5.112000e-03 6.376000e-03
14 9.873760e-01 5.320000e-03 7.304000e-03
15 9.861920e-01 5.600000e-03 8.208000e-03
16 9.850720e-01 5.656000e-03 9.272000e-03
17 9.838960e-01 5.736000e-03 1.036800e-02
18 9.827720e-01 5.844000e-03 1.138400e-02
19 9.815320e-01 6.048000e-03 1.242000e-02
20 9.802320e-01 6.256000e-03 1.351200e-02
21 9.787200e-01 6.600000e-03 1.468000e-02
22 9.773240e-01 6.772000e-03 1.590400e-02
23 9.758640e-01 7.016000e-03 1.712000e-02
24 9.744880e-01 7.160000e-03 1.835200e-02
25 9.729960e-01 7.360000e-03 1.964400e-02
26 9.714440e-01 7.588000e-03 2.096800e-02
27 9.699360e-01 7.804000e-03 2.226000e-02
28 9.684800e-01 7.920000e-03 2.360000e-02
29 9.668880e-01 8.048000e-03 2.506400e-02
30 9.653960e-01 8.096000e-03 2.650800e-02
31 9.638440e-01 8.256000e-03 2.790000e-02
32 9.622280e-01 8.276000e-03 2.949600e-02
33 9.608240e-01 8.292000e-03 3.088400e-02
34 9.593840e-01 8.268000e-03 3.234800e-02
35 9.580080e-01 8.208000e-03 3.378400e-02
36 9.564840e-01 8.272000e-03 3.524400e-02
37 9.549920e-01 8.352000e-03 3.665600e-02
38 9.535320e-01 8.224000e-03 3.824400e-02
39 9.519560e-01 8.416000e-03 3.962800e-02
40 9.504320e-01 8.476000e-03 4.109200e-02
41 9.487600e-01 8.768000e-03 4.247200e-02
42 9.472600e-01 8.756000e-03 4.398400e-02
43 9.457800e-01 8.868000e-03 4.535200e-02
44 9.443760e-01 8.636000e-03 4.698800e-02
45 9.429240e-01 8.652000e-03 4.842400e-02
46 9.413880e-01 8.772000e-03 4.984000e-02
47 9.399920e-01 8.672000e-03 5.133600e-02
48 9.383960e-01 8.840000e-03 5.276400e-02
49 9.366800e-01 9.004000e-03 5.431600e-02
50 9.350000e-01 9.200000e-03 5.580000e-02
51 9.334240e-01 9.220000e-03 5.735600e-02
52 9.318560e-01 9.264000e-03 5.888000e-02
53 9.302360e-01 9.152000e-03 6.061200e-02
54 9.286880e-01 9.116000e-03 6.219600e-02
55 9.272920e-01 8.848000e-03 6.386000e-02
56 9.257440e-01 8.836000e-03 6.542000e-02
57 9.241960e-01 8.924000e-03 6.688000e-02
58 9.226200e-01 8.984000e-03 6.839600e-02
59 9.210480e-01 9.016000e-03 6.993600e-02
60 9.193200e-01 9.172000e-03 7.150800e-02
61 9.174880e-01 9.412000e-03 7.310000e-02
62 9.155640e-01 9.580000e-03 7.485600e-02
63 9.136640e-01 9.796000e-03 7.654000e-02
64 9.118960e-01 9.896000e-03 7.820800e-02
65 9.101880e-01 9.860000e-03 7.995200e-02
66 9.085640e-01 9.712000e-03 8.172400e-02
67 9.066240e-01 9.984000e-03 8.339200e-02
68 9.046520e-01 1.030800e-02 8.504000e-02
69 9.027920e-01 1.026800e-02 8.694000e-02
70 9.011400e-01 1.019600e-02 8.866400e-02
71 8.995280e-01 1.018800e-02 9.028400e-02
72 8.979160e-01 1.010000e-02 9.198400e-02
73 8.963720e-01 1.002800e-02 9.360000e-02
74 8.946640e-01 9.932000e-03 9.540400e-02
75 8.930960e-01 9.724000e-03 9.718000e-02
76 8.912600e-01 9.904000e-03 9.883600e-02
77 8.894520e-01 9.896000e-03 1.006520e-01
78 8.877800e-01 9.712000e-03 1.025080e-01
79 8.860520e-01 9.808000e-03 1.041400e-01
80 8.844560e-01 9.728000e-03 1.058160e-01
81 8.828280e-01 9.648000e-03 1.075240e-01
82 8.810200e-01 9.796000e-03 1.091840e-01
83 8.793560e-01 9.768000e-03 1.108760e-01
84 8.776560e-01 9.648000e-03 1.126960e-01
85 8.759000e-01 9.580000e-03 1.145200e-01
86 8.741400e-01 9.776000e-03 1.160840e-01
87 8.722400e-01 9.980000e-03 1.177800e-01
88 8.704960e-01 9.984000e-03 1.195200e-01
89 8.686440e-01 1.012000e-02 1.212360e-01
90 8.669400e-01 9.992000e-03 1.230680e-01
91 8.649520e-01 1.024400e-02 1.248040e-01
92 8.632480e-01 1.014800e-02 1.266040e-01
93 8.613680e-01 1.022800e-02 1.284040e-01
94 8.595000e-01 1.026800e-02 1.302320e-01
95 8.577440e-01 1.009200e-02 1.321640e-01
96 8.559040e-01 1.020400e-02 1.338920e-01
97 8.539680e-01 1.038400e-02 1.356480e-01
98 8.522960e-01 1.028400e-02 1.374200e-01
99 8.505440e-01 9.972000e-03 1.394840e-01
100 8.488040e-01 9.912000e-03 1.412840e-01
101 8.469760e-01 1.007200e-02 1.429520e-01
102 8.453640e-01 9.896000e-03 1.447400e-01
103 8.435400e-01 9.900000e-03 1.465600e-01
104 8.418760e-01 9.836000e-03 1.482880e-01
105 8.402120e-01 9.772000e-03 1.500160e-01
106 8.384760e-01 9.596000e-03 1.519280e-01
107 8.368000e-01 9.488000e-03 1.537120e-01
108 8.351520e-01 9.544000e-03 1.553040e-01
109 8.333000e-01 9.584000e-03 1.571160e-01
110 8.315480e-01 9.612000e-03 1.588400e-01
111 8.300080e-01 9.376000e-03 1.606160e-01
112 8.283480e-01 9.348000e-03 1.623040e-01
113 8.265840e-01 9.588000e-03 1.638280e-01
114 8.247760e-01 9.732000e-03 1.654920e-01
115 8.230400e-01 9.932000e-03 1.670280e-01
116 8.211080e-01 1.027200e-02 1.686200e-01
117 8.192960e-01 1.032800e-02 1.703760e-01
118 8.174760e-01 1.031200e-02 1.722120e-01
119 8.155880e-01 1.042800e-02 1.739840e-01
120 8.137680e-01 1.042800e-02 1.758040e-01
121 8.119720e-01 1.038800e-02 1.776400e-01
122 8.101080e-01 1.042800e-02 1.794640e-01
123 8.082720e-01 1.040000e-02 1.813280e-01
124 8.064240e-01 1.048400e-02 1.830920e-01
125 8.046360e-01 1.037600e-02 1.849880e-01
126 8.028000e-01 1.034000e-02 1.868600e-01
127 8.010080e-01 1.028000e-02 1.887120e-01
128 7.992320e-01 1.024000e-02 1.905280e-01
129 7.975120e-01 1.020400e-02 1.922840e-01
130 7.959000e-01 1.006400e-02 1.940360e-01
131 7.941320e-01 1.004800e-02 1.958200e-01
132 7.925600e-01 9.844000e-03 1.975960e-01
133 7.908320e-01 9.836000e-03 1.993320e-01
134 7.891240e-01 9.788000e-03 2.010880e-01
135 7.874680e-01 9.840000e-03 2.026920e-01
136 7.857280e-01 9.888000e-03 2.043840e-01
137 7.843480e-01 9.512000e-03 2.061400e-01
138 7.828000e-01 9.404000e-03 2.077960e-01
139 7.813280e-01 9.276000e-03 2.093960e-01
140 7.799480e-01 9.064000e-03 2.109880e-01
141 7.784280e-01 9.008000e-03 2.125640e-01
142 7.769480e-01 8.912000e-03 2.141400e-01
143 7.755280e-01 8.756000e-03 2.157160e-01
144 7.740840e-01 8.608000e-03 2.173080e-01
145 7.727200e-01 8.440000e-03 2.188400e-01
146 7.712120e-01 8.456000e-03 2.203320e-01
147 7.696600e-01 8.504000e-03 2.218360e-01
148 7.683480e-01 8.444000e-03 2.232080e-01
149 7.670280e-01 8.252000e-03 2.247200e-01
150 7.657160e-01 8.072000e-03 2.262120e-01
151 7.644840e-01 7.916000e-03 2.276000e-01
152 7.632000e-01 7.892000e-03 2.289080e-01
153 7.620720e-01 7.524000e-03 2.304040e-01
154 7.609000e-01 7.260000e-03 2.318400e-01
155 7.597120e-01 7.200000e-03 2.330880e-01
156 7.587240e-01 6.976000e-03 2.343000e-01
157 7.576120e-01 6.908000e-03 2.354800e-01
158 7.565000e-01 6.780000e-03 2.367200e-01
159 7.554240e-01 6.640000e-03 2.379360e-01
160 7.544200e-01 6.456000e-03 2.391240e-01
161 7.532560e-01 6.480000e-03 2.402640e-01
162 7.522160e-01 6.392000e-03 2.413920e-01
163 7.511720e-01 6.296000e-03 2.425320e-01
164 7.501600e-01 6.252000e-03 2.435880e-01
165 7.490640e-01 6.196000e-03 2.447400e-01
166 7.479760e-01 6.116000e-03 2.459080e-01
167 7.468680e-01 6.184000e-03 2.469480e-01
168 7.456920e-01 6.296000e-03 2.480120e-01
169 7.445320e-01 6.272000e-03 2.491960e-01
170 7.434120e-01 6.300000e-03 2.502880e-01
171 7.423080e-01 6.376000e-03 2.513160e-01
172 7.411880e-01 6.312000e-03 2.525000e-01
173 7.402200e-01 6.200000e-03 2.535800e-01
174 7.392160e-01 6.132000e-03 2.546520e-01
175 7.382400e-01 6.012000e-03 2.557480e-01
176 7.373520e-01 5.880000e-03 2.567680e-01
177 7.363240e-01 5.844000e-03 2.578320e-01
178 7.353880e-01 5.880000e-03 2.587320e-01
179 7.345160e-01 5.652000e-03 2.598320e-01
180 7.336680e-01 5.524000e-03 2.608080e-01
181 7.328200e-01 5.512000e-03 2.616680e-01
182 7.319040e-01 5.528000e-03 2.625680e-01
183 7.309760e-01 5.548000e-03 2.634760e-01
184 7.301040e-01 5.408000e-03 2.644880e-01
185 7.292400e-01 5.348000e-03 2.654120e-01
186 7.283680e-01 5.308000e-03 2.663240e-01
187 7.274480e-01 5.240000e-03 2.673120e-01
188 7.265600e-01 5.280000e-03 2.681600e-01
189 7.256600e-01 5.228000e-03 2.691120e-01
190 7.249000e-01 5.080000e-03 2.700200e-01
191 7.240280e-01 5.104000e-03 2.708680e-01
192 7.232320e-01 4.920000e-03 2.718480e-01
193 7.226320e-01 4.660000e-03 2.727080e-01
194 7.218560e-01 4.512000e-03 2.736320e-01
195 7.211320e-01 4.396000e-03 2.744720e-01
196 7.202440e-01 4.568000e-03 2.751880e-01
197 7.196000e-01 4.400000e-03 2.760000e-01
198 7.186840e-01 4.488000e-03 2.768280e-01
199 7.176760e-01 4.756000e-03 2.775680e-01
200 7.167040e-01 4.948000e-03 2.783480e-01
201 7.158600e-01 4.852000e-03 2.792880e-01
202 7.150320e-01 4.872000e-03 2.800960e-01
203 7.142600e-01 4.816000e-03 2.809240e-01
204 7.134280e-01 4.848000e-03 2.817240e-01
205 7.126280e-01 4.892000e-03 2.824800e-01
206 7.118760e-01 4.808000e-03 2.833160e-01
207 7.110160e-01 4.880000e-03 2.841040e-01
208 7.101920e-01 4.936000e-03 2.848720e-01
209 7.095160e-01 4.668000e-03 2.858160e-01
210 7.087280e-01 4.632000e-03 2.866400e-01
211 7.078680e-01 4.732000e-03 2.874000e-01
212 7.069960e-01 4.824000e-03 2.881800e-01
213 7.063320e-01 4.608000e-03 2.890600e-01
214 7.056600e-01 4.508000e-03 2.898320e-01
215 7.049120e-01 4.408000e-03 2.906800e-01
216 7.042680e-01 4.272000e-03 2.914600e-01
217 7.035160e-01 4.260000e-03 2.922240e-01
218 7.028080e-01 4.268000e-03 2.929240e-01
219 7.020040e-01 4.324000e-03 2.936720e-01
220 7.013000e-01 4.256000e-03 2.944440e-01
221 7.007200e-01 4.032000e-03 2.952480e-01
222 7.000840e-01 3.988000e-03 2.959280e-01
223 6.993520e-01 4.040000e-03 2.966080e-01
224 6.985800e-01 4.124000e-03 2.972960e-01
225 6.978920e-01 4.068000e-03 2.980400e-01
226 6.971920e-01 4.072000e-03 2.987360e-01
227 6.966080e-01 3.912000e-03 2.994800e-01
228 6.959480e-01 3.852000e-03 3.002000e-01
229 6.952440e-01 3.908000e-03 3.008480e-01
230 6.946400e-01 3.844000e-03 3.015160e-01
231 6.939240e-01 3.780000e-03 3.022960e-01
232 6.931640e-01 3.884000e-03 3.029520e-01
233 6.924160e-01 3.908000e-03 3.036760e-01
234 6.915960e-01 4.028000e-03 3.043760e-01
235 6.908880e-01 4.068000e-03 3.050440e-01
236 6.901720e-01 3.964000e-03 3.058640e-01
237 6.895000e-01 3.960000e-03 3.065400e-01
238 6.888160e-01 3.996000e-03 3.071880e-01
239 6.880560e-01 4.108000e-03 3.078360e-01
240 6.874560e-01 3.976000e-03 3.085680e-01
241 6.867480e-01 3.948000e-03 3.093040e-01
242 6.860680e-01 3.904000e-03 3.100280e-01
243 6.854680e-01 3.752000e-03 3.107800e-01
244 6.849920e-01 3.572000e-03 3.114360e-01
245 6.844920e-01 3.388000e-03 3.121200e-01
246 6.838680e-01 3.432000e-03 3.127000e-01
247 6.831640e-01 3.588000e-03 3.132480e-01
248 6.824240e-01 3.776000e-03 3.138000e-01
249 6.818000e-01 3.780000e-03 3.144200e-01
250 6.811120e-01 3.800000e-03 3.150880e-01
251 6.804640e-01 3.752000e-03 3.157840e-01
252 6.796920e-01 3.784000e-03 3.165240e-01
253 6.788680e-01 3.892000e-03 3.172400e-01
254 6.781640e-01 3.936000e-03 3.179000e-01
255 6.774280e-01 3.988000e-03 3.185840e-01
256 6.767360e-01 3.944000e-03 3.193200e-01
257 6.760720e-01 3.852000e-03 3.200760e-01
258 6.753840e-01 3.768000e-03 3.208480e-01
259 6.748360e-01 3.672000e-03 3.214920e-01
260 6.742120e-01 3.648000e-03 3.221400e-01
261 6.735080e-01 3.696000e-03 3.227960e-01
262 6.727920e-01 3.748000e-03 3.234600e-01
263 6.720120e-01 3.888000e-03 3.241000e-01
264 6.713000e-01 3.916000e-03 3.247840e-01
265 6.706480e-01 3.856000e-03 3.254960e-01
266 6.700600e-01 3.740000e-03 3.262000e-01
267 6.694160e-01 3.708000e-03 3.268760e-01
268 6.687360e-01 3.704000e-03 3.275600e-01
269 6.680560e-01 3.864000e-03 3.280800e-01
270 6.672840e-01 3.936000e-03 3.287800e-01
271 6.666160e-01 4.004000e-03 3.293800e-01
272 6.659680e-01 4.004000e-03 3.300280e-01
273 6.653520e-01 3.932000e-03 3.307160e-01
274 6.646680e-01 3.956000e-03 3.313760e-01
275 6.640120e-01 4.020000e-03 3.319680e-01
276 6.632720e-01 4.128000e-03 3.326000e-01
277 6.626400e-01 4.072000e-03 3.332880e-01
278 6.620560e-01 3.912000e-03 3.340320e-01
279 6.615280e-01 3.804000e-03 3.346680e-01
280 6.608120e-01 3.736000e-03 3.354520e-01
281 6.601880e-01 3.752000e-03 3.360600e-01
282 6.595560e-01 3.716000e-03 3.367280e-01
283 6.589920e-01 3.676000e-03 3.373320e-01
284 6.584440e-01 3.584000e-03 3.379720e-01
285 6.578120e-01 3.556000e-03 3.386320e-01
286 6.572120e-01 3.636000e-03 3.391520e-01
287 6.565480e-01 3.628000e-03 3.398240e-01
288 6.559080e-01 3.612000e-03 3.404800e-01
289 6.553160e-01 3.644000e-03 3.410400e-01
290 6.546800e-01 3.560000e-03 3.417600e-01
291 6.541520e-01 3.480000e-03 3.423680e-01
292 6.535440e-01 3.588000e-03 3.428680e-01
293 6.529240e-01 3.532000e-03 3.435440e-01
294 6.523160e-01 3.568000e-03 3.441160e-01
295 6.517440e-01 3.488000e-03 3.447680e-01
296 6.511960e-01 3.384000e-03 3.454200e-01
297 6.506240e-01 3.368000e-03 3.460080e-01
298 6.501840e-01 3.180000e-03 3.466360e-01
299 6.497560e-01 3.084000e-03 3.471600e-01
300 6.492840e-01 3.008000e-03 3.477080e-01
301 6.488720e-01 2.904000e-03 3.482240e-01
302 6.484280e-01 2.896000e-03 3.486760e-01
303 6.479440e-01 2.928000e-03 3.491280e-01
304 6.474400e-01 2.860000e-03 3.497000e-01
305 6.470160e-01 2.748000e-03 3.502360e-01
306 6.466920e-01 2.648000e-03 3.506600e-01
307 6.462960e-01 2.504000e-03 3.512000e-01
308 6.458480e-01 2.504000e-03 3.516480e-01
309 6.455000e-01 2.416000e-03 3.520840e-01
310 6.451000e-01 2.424000e-03 3.524760e-01
311 6.447280e-01 2.388000e-03 3.528840e-01
312 6.444040e-01 2.272000e-03 3.533240e-01
313 6.439960e-01 2.240000e-03 3.537640e-01
314 6.437480e-01 2.100000e-03 3.541520e-01
315 6.434960e-01 2.004000e-03 3.545000e-01
316 6.431920e-01 2.048000e-03 3.547600e-01
317 6.428480e-01 2.016000e-03 3.551360e-01
318 6.424880e-01 1.996000e-03 3.555160e-01
319 6.421400e-01 1.996000e-03 3.558640e-01
320 6.418080e-01 2.004000e-03 3.561880e-01
321 6.414720e-01 1.984000e-03 3.565440e-01
322 6.411640e-01 1.968000e-03 3.568680e-01
323 6.408240e-01 1.952000e-03 3.572240e-01
324 6.405360e-01 1.920000e-03 3.575440e-01
325 6.402160e-01 1.952000e-03 3.578320e-01
326 6.399760e-01 1.844000e-03 3.581800e-01
327 6.397080e-01 1.864000e-03 3.584280e-01
328 6.394640e-01 1.772000e-03 3.587640e-01
329 6.391560e-01 1.764000e-03 3.590800e-01
330 6.388840e-01 1.748000e-03 3.593680e-01
331 6.385960e-01 1.724000e-03 3.596800e-01
332 6.382520e-01 1.780000e-03 3.599680e-01
333 6.380040e-01 1.728000e-03 3.602680e-01
334 6.377240e-01 1.704000e-03 3.605720e-01
335 6.374600e-01 1.648000e-03 3.608920e-01
336 6.371520e-01 1.648000e-03 3.612000e-01
337 6.368960e-01 1.668000e-03 3.614360e-01
338 6.366360e-01 1.644000e-03 3.617200e-01
339 6.363320e-01 1.684000e-03 3.619840e-01
340 6.360520e-01 1.720000e-03 3.622280e-01
341 6.357040e-01 1.776000e-03 3.625200e-01
342 6.353800e-01 1.792000e-03 3.628280e-01
343 6.350200e-01 1.820000e-03 3.631600e-01
344 6.346120e-01 1.860000e-03 3.635280e-01
345 6.342400e-01 1.832000e-03 3.639280e-01
346 6.339240e-01 1.808000e-03 3.642680e-01
347 6.336720e-01 1.756000e-03 3.645720e-01
348 6.334040e-01 1.728000e-03 3.648680e-01
349 6.330960e-01 1.740000e-03 3.651640e-01
350 6.327880e-01 1.688000e-03 3.655240e-01
351 6.324960e-01 1.720000e-03 3.657840e-01
352 6.322120e-01 1.720000e-03 3.660680e-01
353 6.319440e-01 1.712000e-03 3.663440e-01
354 6.316840e-01 1.720000e-03 3.665960e-01
355 6.314160e-01 1.636000e-03 3.669480e-01
356 6.311720e-01 1.504000e-03 3.673240e-01
357 6.309280e-01 1.468000e-03 3.676040e-01
358 6.306840e-01 1.484000e-03 3.678320e-01
359 6.304000e-01 1.544000e-03 3.680560e-01
360 6.301680e-01 1.496000e-03 3.683360e-01
361 6.299960e-01 1.424000e-03 3.685800e-01
362 6.297320e-01 1.424000e-03 3.688440e-01
363 6.295840e-01 1.328000e-03 3.690880e-01
364 6.293880e-01 1.292000e-03 3.693200e-01
365 6.292320e-01 1.240000e-03 3.695280e-01
366 6.290480e-01 1.212000e-03 3.697400e-01
367 6.288560e-01 1.248000e-03 3.698960e-01
368 6.286880e-01 1.220000e-03 3.700920e-01
369 6.284800e-01 1.192000e-03 3.703280e-01
370 6.283040e-01 1.160000e-03 3.705360e-01
371 6.281040e-01 1.156000e-03 3.707400e-01
372 6.279160e-01 1.132000e-03 3.709520e-01
373 6.277000e-01 1.128000e-03 3.711720e-01
374 6.275480e-01 1.096000e-03 3.713560e-01
375 6.273560e-01 1.108000e-03 3.715360e-01
376 6.271880e-01 1.088000e-03 3.717240e-01
377 6.270080e-01 1.060000e-03 3.719320e-01
378 6.268200e-01 1.044000e-03 3.721360e-01
379 6.266440e-01 1.028000e-03 3.723280e-01
380 6.264640e-01 1.032000e-03 3.725040e-01
381 6.262800e-01 9.880000e-04 3.727320e-01
382 6.260400e-01 1.028000e-03 3.729320e-01
383 6.258360e-01 1.064000e-03 3.731000e-01
384 6.256800e-01 1.052000e-03 3.732680e-01
385 6.255240e-01 1.072000e-03 3.734040e-01
386 6.252880e-01 1.116000e-03 3.735960e-01
387 6.250720e-01 1.136000e-03 3.737920e-01
388 6.248480e-01 1.176000e-03 3.739760e-01
389 6.246560e-01 1.192000e-03 3.741520e-01
390 6.244560e-01 1.168000e-03 3.743760e-01
391 6.242520e-01 1.136000e-03 3.746120e-01
392 6.240200e-01 1.200000e-03 3.747800e-01
393 6.238480e-01 1.176000e-03 3.749760e-01
394 6.236760e-01 1.124000e-03 3.752000e-01
395 6.234880e-01 1.116000e-03 3.753960e-01
396 6.233120e-01 1.120000e-03 3.755680e-01
397 6.231280e-01 1.112000e-03 3.757600e-01
398 6.230280e-01 1.060000e-03 3.759120e-01
399 6.228840e-01 1.012000e-03 3.761040e-01
400 6.226800e-01 1.060000e-03 3.762600e-01
401 6.224920e-01 1.088000e-03 3.764200e-01
402 6.223080e-01 1.036000e-03 3.766560e-01
403 6.221200e-01 1.032000e-03 3.768480e-01
404 6.219840e-01 9.720000e-04 3.770440e-01
405 6.218200e-01 9.800000e-04 3.772000e-01
406 6.216480e-01 9.520000e-04 3.774000e-01
407 6.214880e-01 9.440000e-04 3.775680e-01
408 6.213120e-01 8.840000e-04 3.778040e-01
409 6.211080e-01 9.520000e-04 3.779400e-01
410 6.209840e-01 8.960000e-04 3.781200e-01
411 6.207960e-01 9.360000e-04 3.782680e-01
412 6.206280e-01 9.040000e-04 3.784680e-01
413 6.204760e-01 8.880000e-04 3.786360e-01
414 6.203320e-01 8.880000e-04 3.787800e-01
415 6.202080e-01 8.800000e-04 3.789120e-01
416 6.200840e-01 8.480000e-04 3.790680e-01
417 6.199840e-01 8.040000e-04 3.792120e-01
418 6.198320e-01 8.040000e-04 3.793640e-01
419 6.196800e-01 7.640000e-04 3.795560e-01
420 6.195400e-01 7.800000e-04 3.796800e-01
421 6.194320e-01 7.560000e-04 3.798120e-01
422 6.193280e-01 7.480000e-04 3.799240e-01
423 6.192360e-01 7.200000e-04 3.800440e-01
424 6.191400e-01 6.880000e-04 3.801720e-01
425 6.190400e-01 6.840000e-04 3.802760e-01
426 6.189400e-01 6.640000e-04 3.803960e-01
427 6.188400e-01 6.240000e-04 3.805360e-01
428 6.187160e-01 6.520000e-04 3.806320e-01
429 6.186280e-01 6.280000e-04 3.807440e-01
430 6.185160e-01 6.080000e-04 3.808760e-01
431 6.184080e-01 5.960000e-04 3.809960e-01
432 6.183120e-01 6.240000e-04 3.810640e-01
433 6.182360e-01 5.880000e-04 3.811760e-01
434 6.181160e-01 5.960000e-04 3.812880e-01
435 6.180440e-01 5.840000e-04 3.813720e-01
436 6.179760e-01 5.640000e-04 3.814600e-01
437 6.178680e-01 5.600000e-04 3.815720e-01
438 6.178040e-01 5.320000e-04 3.816640e-01
439 6.177200e-01 5.000000e-04 3.817800e-01
440 6.176760e-01 4.760000e-04 3.818480e-01
441 6.176120e-01 4.800000e-04 3.819080e-01
442 6.175560e-01 4.640000e-04 3.819800e-01
443 6.175240e-01 4.040000e-04 3.820720e-01
444 6.174840e-01 3.760000e-04 3.821400e-01
445 6.174480e-01 3.400000e-04 3.822120e-01
446 6.174160e-01 3.120000e-04 3.822720e-01
447 6.173880e-01 2.600000e-04 3.823520e-01
448 6.173560e-01 2.400000e-04 3.824040e-01
449 6.173320e-01 2.080000e-04 3.824600e-01
450 6.173040e-01 2.160000e-04 3.824800e-01
451 6.172600e-01 2.000000e-04 3.825400e-01
452 6.172080e-01 2.200000e-04 3.825720e-01
453 6.171520e-01 2.400000e-04 3.826080e-01
454 6.171120e-01 2.360000e-04 3.826520e-01
455 6.170680e-01 2.440000e-04 3.826880e-01
456 6.170000e-01 2.760000e-04 3.827240e-01
457 6.169480e-01 2.760000e-04 3.827760e-01
458 6.168920e-01 2.800000e-04 3.828280e-01
459 6.168480e-01 2.880000e-04 3.828640e-01
460 6.168040e-01 2.880000e-04 3.829080e-01
461 6.167560e-01 2.880000e-04 3.829560e-01
462 6.167000e-01 3.040000e-04 3.829960e-01
463 6.166600e-01 3.080000e-04 3.830320e-01
464 6.165920e-01 3.000000e-04 3.831080e-01
465 6.165360e-01 2.880000e-04 3.831760e-01
466 6.164680e-01 3.040000e-04 3.832280e-01
467 6.164120e-01 3.120000e-04 3.832760e-01
468 6.163680e-01 3.040000e-04 3.833280e-01
469 6.163280e-01 3.000000e-04 3.833720e-01
470 6.162640e-01 3.120000e-04 3.834240e-01
471 6.162040e-01 3.240000e-04 3.834720e-01
472 6.161560e-01 3.120000e-04 3.835320e-01
473 6.161080e-01 3.080000e-04 3.835840e-01
474 6.160560e-01 3.200000e-04 3.836240e-01
475 6.159840e-01 3.280000e-04 3.836880e-01
476 6.159200e-01 3.400000e-04 3.837400e-01
477 6.158800e-01 3.160000e-04 3.838040e-01
478 6.158280e-01 3.200000e-04 3.838520e-01
479 6.157760e-01 3.400000e-04 3.838840e-01
480 6.157320e-01 3.360000e-04 3.839320e-01
481 6.156560e-01 3.720000e-04 3.839720e-01
482 6.155400e-01 4.360000e-04 3.840240e-01
483 6.154560e-01 4.400000e-04 3.841040e-01
484 6.153840e-01 4.400000e-04 3.841760e-01
485 6.153360e-01 4.080000e-04 3.842560e-01
486 6.152800e-01 3.920000e-04 3.843280e-01
487 6.152200e-01 3.800000e-04 3.844000e-01
488 6.151320e-01 3.960000e-04 3.844720e-01
489 6.150640e-01 3.840000e-04 3.845520e-01
490 6.150040e-01 3.720000e-04 3.846240e-01
491 6.149400e-01 3.720000e-04 3.846880e-01
492 6.148880e-01 3.520000e-04 3.847600e-01
493 6.148480e-01 3.440000e-04 3.848080e-01
494 6.147880e-01 3.560000e-04 3.848560e-01
495 6.147440e-01 3.400000e-04 3.849160e-01
496 6.146640e-01 3.640000e-04 3.849720e-01
497 6.146360e-01 3.040000e-04 3.850600e-01
498 6.146000e-01 2.840000e-04 3.851160e-01
499 6.145600e-01 2.720000e-04 3.851680e-01
500 6.145120e-01 2.400000e-04 3.852480e-01
