1 9.992000e-01 7.120000e-04 8.800000e-05
2 9.986000e-01 1.148000e-03 2.520000e-04
3 9.978640e-01 1.644000e-03 4.920000e-04
4 9.971040e-01 2.008000e-03 8.880000e-04
5 9.963200e-01 2.356000e-03 1.324000e-03
6 9.954880e-01 2.740000e-03 1.772000e-03
7 9.945880e-01 3.176000e-03 2.236000e-03
8 9.936360e-01 3.600000e-03 2.764000e-03
9 9.926680e-01 3.912000e-03 3.420000e-03
10 9.917600e-01 4.116000e-03 4.124000e-03
11 9.908560e-01 4.236000e-03 4.908000e-03
12 9.898480e-01 4.516000e-03 5.636000e-03
13 9.887520e-01 4.776000e-03 6.472000e-03
14 9.876400e-01 5.004000e-03 7.356000e-03
15 9.865800e-01 5.144000e-03 8.276000e-03
16 9.855280e-01 5.280000e-03 9.192000e-03
17 9.843840e-01 5.460000e-03 1.015600e-02
18 9.832360e-01 5.616000e-03 1.114800e-02
19 9.820800e-01 5.808000e-03 1.211200e-02
20 9.809040e-01 5.900000e-03 1.319600e-02
21 9.797600e-01 5.920000e-03 1.432000e-02
22 9.787840e-01 5.972000e-03 1.524400e-02
23 9.775440e-01 6.116000e-03 1.634000e-02
24 9.763600e-01 6.160000e-03 1.748000e-02
25 9.750800e-01 6.316000e-03 1.860400e-02
26 9.737600e-01 6.492000e-03 1.974800e-02
27 9.725280e-01 6.604000e-03 2.086800e-02
28 9.712320e-01 6.708000e-03 2.206000e-02
29 9.700200e-01 6.684000e-03 2.329600e-02
30 9.687760e-01 6.648000e-03 2.457600e-02
31 9.676320e-01 6.716000e-03 2.565200e-02
32 9.662600e-01 7.056000e-03 2.668400e-02
33 9.649440e-01 7.156000e-03 2.790000e-02
34 9.637200e-01 7.116000e-03 2.916400e-02
35 9.623320e-01 7.236000e-03 3.043200e-02
36 9.609080e-01 7.432000e-03 3.166000e-02
37 9.594880e-01 7.528000e-03 3.298400e-02
38 9.581480e-01 7.452000e-03 3.440000e-02
39 9.568240e-01 7.492000e-03 3.568400e-02
40 9.553320e-01 7.724000e-03 3.694400e-02
41 9.538880e-01 7.752000e-03 3.836000e-02
42 9.525760e-01 7.576000e-03 3.984800e-02
43 9.512680e-01 7.708000e-03 4.102400e-02
44 9.498320e-01 7.708000e-03 4.246000e-02
45 9.484280e-01 7.780000e-03 4.379200e-02
46 9.469960e-01 7.796000e-03 4.520800e-02
47 9.454880e-01 7.980000e-03 4.653200e-02
48 9.440280e-01 7.868000e-03 4.810400e-02
49 9.426160e-01 7.860000e-03 4.952400e-02
50 9.411040e-01 7.944000e-03 5.095200e-02
51 9.395040e-01 8.180000e-03 5.231600e-02
52 9.381600e-01 7.996000e-03 5.384400e-02
53 9.368560e-01 7.868000e-03 5.527600e-02
54 9.352960e-01 8.088000e-03 5.661600e-02
55 9.336800e-01 8.352000e-03 5.796800e-02
56 9.319640e-01 8.576000e-03 5.946000e-02
57 9.302000e-01 8.992000e-03 6.080800e-02
58 9.284800e-01 9.080000e-03 6.244000e-02
59 9.268680e-01 9.140000e-03 6.399200e-02
60 9.252000e-01 9.164000e-03 6.563600e-02
61 9.233880e-01 9.400000e-03 6.721200e-02
62 9.216280e-01 9.620000e-03 6.875200e-02
63 9.196320e-01 9.936000e-03 7.043200e-02
64 9.178240e-01 1.012400e-02 7.205200e-02
65 9.160040e-01 1.031600e-02 7.368000e-02
66 9.142480e-01 1.012000e-02 7.563200e-02
67 9.125200e-01 1.008000e-02 7.740000e-02
68 9.108160e-01 9.956000e-03 7.922800e-02
69 9.091560e-01 9.844000e-03 8.100000e-02
70 9.075680e-01 9.712000e-03 8.272000e-02
71 9.059160e-01 9.600000e-03 8.448400e-02
72 9.042800e-01 9.452000e-03 8.626800e-02
73 9.028360e-01 9.328000e-03 8.783600e-02
74 9.013760e-01 9.256000e-03 8.936800e-02
75 8.997960e-01 9.332000e-03 9.087200e-02
76 8.981000e-01 9.392000e-03 9.250800e-02
77 8.964640e-01 9.492000e-03 9.404400e-02
78 8.947920e-01 9.400000e-03 9.580800e-02
79 8.933280e-01 9.044000e-03 9.762800e-02
80 8.917320e-01 8.972000e-03 9.929600e-02
81 8.902960e-01 8.816000e-03 1.008880e-01
82 8.889040e-01 8.752000e-03 1.023440e-01
83 8.874760e-01 8.512000e-03 1.040120e-01
84 8.859680e-01 8.516000e-03 1.055160e-01
85 8.843880e-01 8.676000e-03 1.069360e-01
86 8.830160e-01 8.572000e-03 1.084120e-01
87 8.815160e-01 8.580000e-03 1.099040e-01
88 8.800120e-01 8.672000e-03 1.113160e-01
89 8.785880e-01 8.648000e-03 1.127640e-01
90 8.770360e-01 8.548000e-03 1.144160e-01
91 8.755160e-01 8.620000e-03 1.158640e-01
92 8.741200e-01 8.596000e-03 1.172840e-01
93 8.726520e-01 8.640000e-03 1.187080e-01
94 8.712720e-01 8.476000e-03 1.202520e-01
95 8.698720e-01 8.532000e-03 1.215960e-01
96 8.686480e-01 8.196000e-03 1.231560e-01
97 8.672080e-01 8.124000e-03 1.246680e-01
98 8.657680e-01 7.996000e-03 1.262360e-01
99 8.642240e-01 8.176000e-03 1.276000e-01
100 8.626880e-01 8.284000e-03 1.290280e-01
101 8.611440e-01 8.280000e-03 1.305760e-01
102 8.598800e-01 8.108000e-03 1.320120e-01
103 8.584440e-01 8.128000e-03 1.334280e-01
104 8.570240e-01 8.184000e-03 1.347920e-01
105 8.556080e-01 8.024000e-03 1.363680e-01
106 8.543280e-01 8.064000e-03 1.376080e-01
107 8.529040e-01 8.076000e-03 1.390200e-01
108 8.515640e-01 8.076000e-03 1.403600e-01
109 8.500760e-01 8.188000e-03 1.417360e-01
110 8.487840e-01 8.048000e-03 1.431680e-01
111 8.474360e-01 7.952000e-03 1.446120e-01
112 8.461120e-01 7.904000e-03 1.459840e-01
113 8.448760e-01 7.784000e-03 1.473400e-01
114 8.436240e-01 7.688000e-03 1.486880e-01
115 8.422920e-01 7.588000e-03 1.501200e-01
116 8.410600e-01 7.468000e-03 1.514720e-01
117 8.398040e-01 7.452000e-03 1.527440e-01
118 8.385680e-01 7.336000e-03 1.540960e-01
119 8.373600e-01 7.288000e-03 1.553520e-01
120 8.361000e-01 7.356000e-03 1.565440e-01
121 8.349360e-01 7.240000e-03 1.578240e-01
122 8.336400e-01 7.212000e-03 1.591480e-01
123 8.323600e-01 7.308000e-03 1.603320e-01
124 8.310800e-01 7.192000e-03 1.617280e-01
125 8.298560e-01 7.116000e-03 1.630280e-01
126 8.286880e-01 7.060000e-03 1.642520e-01
127 8.274840e-01 7.104000e-03 1.654120e-01
128 8.262400e-01 7.028000e-03 1.667320e-01
129 8.250680e-01 6.884000e-03 1.680480e-01
130 8.238880e-01 6.748000e-03 1.693640e-01
131 8.226960e-01 6.632000e-03 1.706720e-01
132 8.214680e-01 6.660000e-03 1.718720e-01
133 8.204320e-01 6.404000e-03 1.731640e-01
134 8.193920e-01 6.348000e-03 1.742600e-01
135 8.181680e-01 6.348000e-03 1.754840e-01
136 8.169120e-01 6.480000e-03 1.766080e-01
137 8.156760e-01 6.632000e-03 1.776920e-01
138 8.143680e-01 6.864000e-03 1.787680e-01
139 8.131160e-01 6.876000e-03 1.800080e-01
140 8.118800e-01 6.808000e-03 1.813120e-01
141 8.107360e-01 6.756000e-03 1.825080e-01
142 8.096760e-01 6.608000e-03 1.837160e-01
143 8.085800e-01 6.636000e-03 1.847840e-01
144 8.074960e-01 6.584000e-03 1.859200e-01
145 8.063280e-01 6.680000e-03 1.869920e-01
146 8.050200e-01 6.852000e-03 1.881280e-01
147 8.038280e-01 6.876000e-03 1.892960e-01
148 8.027640e-01 6.784000e-03 1.904520e-01
149 8.016120e-01 6.740000e-03 1.916480e-01
150 8.003800e-01 6.816000e-03 1.928040e-01
151 7.993400e-01 6.576000e-03 1.940840e-01
152 7.982880e-01 6.508000e-03 1.952040e-01
153 7.972800e-01 6.476000e-03 1.962440e-01
154 7.962760e-01 6.356000e-03 1.973680e-01
155 7.951640e-01 6.360000e-03 1.984760e-01
156 7.941160e-01 6.372000e-03 1.995120e-01
157 7.929680e-01 6.388000e-03 2.006440e-01
158 7.917280e-01 6.516000e-03 2.017560e-01
159 7.906680e-01 6.432000e-03 2.029000e-01
160 7.895360e-01 6.316000e-03 2.041480e-01
161 7.884200e-01 6.400000e-03 2.051800e-01
162 7.871560e-01 6.608000e-03 2.062360e-01
163 7.858800e-01 6.660000e-03 2.074600e-01
164 7.848720e-01 6.548000e-03 2.085800e-01
165 7.837880e-01 6.532000e-03 2.096800e-01
166 7.825920e-01 6.668000e-03 2.107400e-01
167 7.815760e-01 6.540000e-03 2.118840e-01
168 7.804960e-01 6.432000e-03 2.130720e-01
169 7.795240e-01 6.284000e-03 2.141920e-01
170 7.785200e-01 6.160000e-03 2.153200e-01
171 7.775680e-01 6.172000e-03 2.162600e-01
172 7.765840e-01 6.132000e-03 2.172840e-01
173 7.755320e-01 6.048000e-03 2.184200e-01
174 7.745840e-01 5.960000e-03 2.194560e-01
175 7.735120e-01 6.024000e-03 2.204640e-01
176 7.725160e-01 5.920000e-03 2.215640e-01
177 7.715040e-01 5.848000e-03 2.226480e-01
178 7.705280e-01 5.836000e-03 2.236360e-01
179 7.697400e-01 5.448000e-03 2.248120e-01
180 7.689600e-01 5.412000e-03 2.256280e-01
181 7.680160e-01 5.356000e-03 2.266280e-01
182 7.671800e-01 5.200000e-03 2.276200e-01
183 7.663840e-01 5.128000e-03 2.284880e-01
184 7.656040e-01 5.016000e-03 2.293800e-01
185 7.648440e-01 4.920000e-03 2.302360e-01
186 7.639760e-01 5.008000e-03 2.310160e-01
187 7.631240e-01 4.996000e-03 2.318800e-01
188 7.623080e-01 4.928000e-03 2.327640e-01
189 7.614160e-01 4.968000e-03 2.336160e-01
190 7.605200e-01 4.888000e-03 2.345920e-01
191 7.597480e-01 4.904000e-03 2.353480e-01
192 7.588920e-01 4.908000e-03 2.362000e-01
193 7.579720e-01 4.848000e-03 2.371800e-01
194 7.571200e-01 4.880000e-03 2.380000e-01
195 7.563800e-01 4.708000e-03 2.389120e-01
196 7.556040e-01 4.732000e-03 2.396640e-01
197 7.547360e-01 4.752000e-03 2.405120e-01
198 7.538800e-01 4.864000e-03 2.412560e-01
199 7.530640e-01 4.844000e-03 2.420920e-01
200 7.521800e-01 4.944000e-03 2.428760e-01
201 7.513880e-01 4.796000e-03 2.438160e-01
202 7.504920e-01 4.788000e-03 2.447200e-01
203 7.494680e-01 4.908000e-03 2.456240e-01
204 7.484800e-01 4.988000e-03 2.465320e-01
205 7.474640e-01 5.120000e-03 2.474160e-01
206 7.464640e-01 5.228000e-03 2.483080e-01
207 7.454480e-01 5.364000e-03 2.491880e-01
208 7.445200e-01 5.248000e-03 2.502320e-01
209 7.435560e-01 5.156000e-03 2.512880e-01
210 7.426960e-01 5.024000e-03 2.522800e-01
211 7.417480e-01 5.096000e-03 2.531560e-01
212 7.408520e-01 5.068000e-03 2.540800e-01
213 7.399720e-01 4.956000e-03 2.550720e-01
214 7.390640e-01 4.980000e-03 2.559560e-01
215 7.381800e-01 4.940000e-03 2.568800e-01
216 7.372400e-01 5.028000e-03 2.577320e-01
217 7.364160e-01 4.964000e-03 2.586200e-01
218 7.354600e-01 4.940000e-03 2.596000e-01
219 7.346680e-01 4.868000e-03 2.604640e-01
220 7.338040e-01 4.848000e-03 2.613480e-01
221 7.330880e-01 4.804000e-03 2.621080e-01
222 7.323320e-01 4.856000e-03 2.628120e-01
223 7.317360e-01 4.736000e-03 2.635280e-01
224 7.309440e-01 4.796000e-03 2.642600e-01
225 7.302040e-01 4.692000e-03 2.651040e-01
226 7.295800e-01 4.520000e-03 2.659000e-01
227 7.288400e-01 4.484000e-03 2.666760e-01
228 7.281240e-01 4.424000e-03 2.674520e-01
229 7.273800e-01 4.388000e-03 2.682320e-01
230 7.267200e-01 4.256000e-03 2.690240e-01
231 7.260480e-01 4.156000e-03 2.697960e-01
232 7.254320e-01 4.056000e-03 2.705120e-01
233 7.249280e-01 3.852000e-03 2.712200e-01
234 7.243960e-01 3.672000e-03 2.719320e-01
235 7.237920e-01 3.676000e-03 2.725320e-01
236 7.232240e-01 3.644000e-03 2.731320e-01
237 7.226840e-01 3.592000e-03 2.737240e-01
238 7.222280e-01 3.424000e-03 2.743480e-01
239 7.217200e-01 3.280000e-03 2.750000e-01
240 7.212400e-01 3.180000e-03 2.755800e-01
241 7.207720e-01 3.144000e-03 2.760840e-01
242 7.203280e-01 3.040000e-03 2.766320e-01
243 7.198160e-01 2.884000e-03 2.773000e-01
244 7.192960e-01 2.920000e-03 2.777840e-01
245 7.188680e-01 2.860000e-03 2.782720e-01
246 7.184040e-01 2.828000e-03 2.787680e-01
247 7.180000e-01 2.752000e-03 2.792480e-01
248 7.175480e-01 2.712000e-03 2.797400e-01
249 7.171520e-01 2.576000e-03 2.802720e-01
250 7.167320e-01 2.480000e-03 2.807880e-01
251 7.163800e-01 2.396000e-03 2.812240e-01
252 7.158720e-01 2.468000e-03 2.816600e-01
253 7.154720e-01 2.480000e-03 2.820480e-01
254 7.149960e-01 2.476000e-03 2.825280e-01
255 7.145440e-01 2.508000e-03 2.829480e-01
256 7.140040e-01 2.556000e-03 2.834400e-01
257 7.135720e-01 2.492000e-03 2.839360e-01
258 7.130840e-01 2.600000e-03 2.843160e-01
259 7.125720e-01 2.656000e-03 2.847720e-01
260 7.121000e-01 2.728000e-03 2.851720e-01
261 7.117000e-01 2.640000e-03 2.856600e-01
262 7.111480e-01 2.792000e-03 2.860600e-01
263 7.106320e-01 2.796000e-03 2.865720e-01
264 7.102000e-01 2.716000e-03 2.870840e-01
265 7.097560e-01 2.676000e-03 2.875680e-01
266 7.093560e-01 2.556000e-03 2.880880e-01
267 7.089840e-01 2.460000e-03 2.885560e-01
268 7.085840e-01 2.408000e-03 2.890080e-01
269 7.082160e-01 2.404000e-03 2.893800e-01
270 7.078640e-01 2.312000e-03 2.898240e-01
271 7.075000e-01 2.292000e-03 2.902080e-01
272 7.072240e-01 2.132000e-03 2.906440e-01
273 7.068520e-01 2.184000e-03 2.909640e-01
274 7.065040e-01 2.160000e-03 2.913360e-01
275 7.061800e-01 2.116000e-03 2.917040e-01
276 7.057800e-01 2.200000e-03 2.920200e-01
277 7.054240e-01 2.168000e-03 2.924080e-01
278 7.050840e-01 2.020000e-03 2.928960e-01
279 7.047640e-01 1.928000e-03 2.933080e-01
280 7.044080e-01 1.976000e-03 2.936160e-01
281 7.040280e-01 1.960000e-03 2.940120e-01
282 7.036960e-01 2.024000e-03 2.942800e-01
283 7.033480e-01 1.968000e-03 2.946840e-01
284 7.030000e-01 1.936000e-03 2.950640e-01
285 7.026960e-01 1.960000e-03 2.953440e-01
286 7.023520e-01 1.968000e-03 2.956800e-01
287 7.020400e-01 1.980000e-03 2.959800e-01
288 7.017480e-01 1.940000e-03 2.963120e-01
289 7.014360e-01 1.928000e-03 2.966360e-01
290 7.010200e-01 2.008000e-03 2.969720e-01
291 7.007280e-01 1.960000e-03 2.973120e-01
292 7.004240e-01 1.880000e-03 2.976960e-01
293 7.001040e-01 1.844000e-03 2.980520e-01
294 6.997520e-01 1.888000e-03 2.983600e-01
295 6.994160e-01 1.900000e-03 2.986840e-01
296 6.990840e-01 1.868000e-03 2.990480e-01
297 6.987400e-01 1.916000e-03 2.993440e-01
298 6.984120e-01 1.856000e-03 2.997320e-01
299 6.980080e-01 1.940000e-03 3.000520e-01
300 6.976720e-01 1.916000e-03 3.004120e-01
301 6.972480e-01 1.936000e-03 3.008160e-01
302 6.968560e-01 1.972000e-03 3.011720e-01
303 6.964840e-01 2.008000e-03 3.015080e-01
304 6.961640e-01 1.972000e-03 3.018640e-01
305 6.957960e-01 1.952000e-03 3.022520e-01
306 6.954400e-01 1.940000e-03 3.026200e-01
307 6.950760e-01 1.976000e-03 3.029480e-01
308 6.947480e-01 1.968000e-03 3.032840e-01
309 6.943840e-01 1.960000e-03 3.036560e-01
310 6.939840e-01 2.056000e-03 3.039600e-01
311 6.936320e-01 2.140000e-03 3.042280e-01
312 6.933040e-01 2.088000e-03 3.046080e-01
313 6.929720e-01 2.068000e-03 3.049600e-01
314 6.926000e-01 2.092000e-03 3.053080e-01
315 6.921920e-01 2.160000e-03 3.056480e-01
316 6.918640e-01 2.092000e-03 3.060440e-01
317 6.915360e-01 2.044000e-03 3.064200e-01
318 6.911560e-01 2.052000e-03 3.067920e-01
319 6.908880e-01 1.932000e-03 3.071800e-01
320 6.905160e-01 1.924000e-03 3.075600e-01
321 6.902280e-01 1.896000e-03 3.078760e-01
322 6.899480e-01 1.792000e-03 3.082600e-01
323 6.896680e-01 1.744000e-03 3.085880e-01
324 6.893600e-01 1.780000e-03 3.088600e-01
325 6.891120e-01 1.692000e-03 3.091960e-01
326 6.888600e-01 1.632000e-03 3.095080e-01
327 6.886280e-01 1.592000e-03 3.097800e-01
328 6.884120e-01 1.492000e-03 3.100960e-01
329 6.881720e-01 1.416000e-03 3.104120e-01
330 6.879200e-01 1.448000e-03 3.106320e-01
331 6.876520e-01 1.408000e-03 3.109400e-01
332 6.874560e-01 1.352000e-03 3.111920e-01
333 6.872040e-01 1.332000e-03 3.114640e-01
334 6.870000e-01 1.288000e-03 3.117120e-01
335 6.867720e-01 1.332000e-03 3.118960e-01
336 6.865880e-01 1.320000e-03 3.120920e-01
337 6.864000e-01 1.284000e-03 3.123160e-01
338 6.861520e-01 1.308000e-03 3.125400e-01
339 6.859240e-01 1.304000e-03 3.127720e-01
340 6.857000e-01 1.256000e-03 3.130440e-01
341 6.854200e-01 1.340000e-03 3.132400e-01
342 6.852000e-01 1.348000e-03 3.134520e-01
343 6.850200e-01 1.352000e-03 3.136280e-01
344 6.847920e-01 1.292000e-03 3.139160e-01
345 6.845440e-01 1.304000e-03 3.141520e-01
346 6.842880e-01 1.320000e-03 3.143920e-01
347 6.839800e-01 1.360000e-03 3.146600e-01
348 6.837320e-01 1.408000e-03 3.148600e-01
349 6.834640e-01 1.396000e-03 3.151400e-01
350 6.831920e-01 1.396000e-03 3.154120e-01
351 6.829360e-01 1.368000e-03 3.156960e-01
352 6.827560e-01 1.336000e-03 3.159080e-01
353 6.825160e-01 1.352000e-03 3.161320e-01
354 6.822760e-01 1.324000e-03 3.164000e-01
355 6.819840e-01 1.412000e-03 3.166040e-01
356 6.817480e-01 1.392000e-03 3.168600e-01
357 6.814880e-01 1.424000e-03 3.170880e-01
358 6.812800e-01 1.364000e-03 3.173560e-01
359 6.810360e-01 1.416000e-03 3.175480e-01
360 6.807960e-01 1.348000e-03 3.178560e-01
361 6.806040e-01 1.308000e-03 3.180880e-01
362 6.803880e-01 1.324000e-03 3.182880e-01
363 6.801760e-01 1.312000e-03 3.185120e-01
364 6.799640e-01 1.332000e-03 3.187040e-01
365 6.797640e-01 1.288000e-03 3.189480e-01
366 6.795320e-01 1.344000e-03 3.191240e-01
367 6.793560e-01 1.272000e-03 3.193720e-01
368 6.791960e-01 1.216000e-03 3.195880e-01
369 6.789720e-01 1.192000e-03 3.198360e-01
370 6.788240e-01 1.116000e-03 3.200600e-01
371 6.786360e-01 1.052000e-03 3.203120e-01
372 6.784800e-01 1.020000e-03 3.205000e-01
373 6.783120e-01 1.032000e-03 3.206560e-01
374 6.781440e-01 1.032000e-03 3.208240e-01
375 6.779560e-01 1.020000e-03 3.210240e-01
376 6.777920e-01 1.000000e-03 3.212080e-01
377 6.776040e-01 1.000000e-03 3.213960e-01
378 6.773960e-01 1.040000e-03 3.215640e-01
379 6.772480e-01 1.024000e-03 3.217280e-01
380 6.770640e-01 1.000000e-03 3.219360e-01
381 6.768840e-01 1.020000e-03 3.220960e-01
382 6.767120e-01 1.008000e-03 3.222800e-01
383 6.764760e-01 1.044000e-03 3.224800e-01
384 6.762760e-01 1.036000e-03 3.226880e-01
385 6.760440e-01 1.092000e-03 3.228640e-01
386 6.758840e-01 1.072000e-03 3.230440e-01
387 6.756760e-01 1.112000e-03 3.232120e-01
388 6.754640e-01 1.096000e-03 3.234400e-01
389 6.752600e-01 1.132000e-03 3.236080e-01
390 6.750280e-01 1.180000e-03 3.237920e-01
391 6.748000e-01 1.180000e-03 3.240200e-01
392 6.745600e-01 1.208000e-03 3.242320e-01
393 6.743360e-01 1.212000e-03 3.244520e-01
394 6.741920e-01 1.132000e-03 3.246760e-01
395 6.740240e-01 1.144000e-03 3.248320e-01
396 6.739120e-01 1.072000e-03 3.250160e-01
397 6.737840e-01 1.004000e-03 3.252120e-01
398 6.736280e-01 9.760000e-04 3.253960e-01
399 6.734840e-01 9.880000e-04 3.255280e-01
400 6.733200e-01 9.600000e-04 3.257200e-01
401 6.731960e-01 8.960000e-04 3.259080e-01
402 6.731000e-01 8.280000e-04 3.260720e-01
403 6.729480e-01 8.280000e-04 3.262240e-01
404 6.727880e-01 8.400000e-04 3.263720e-01
405 6.726720e-01 8.120000e-04 3.265160e-01
406 6.725240e-01 8.120000e-04 3.266640e-01
407 6.724320e-01 7.560000e-04 3.268120e-01
408 6.723240e-01 6.800000e-04 3.269960e-01
409 6.721920e-01 7.040000e-04 3.271040e-01
410 6.721080e-01 6.280000e-04 3.272640e-01
411 6.719800e-01 6.160000e-04 3.274040e-01
412 6.718800e-01 6.200000e-04 3.275000e-01
413 6.718040e-01 5.480000e-04 3.276480e-01
414 6.717040e-01 5.720000e-04 3.277240e-01
415 6.716120e-01 5.520000e-04 3.278360e-01
416 6.715160e-01 5.440000e-04 3.279400e-01
417 6.714160e-01 5.720000e-04 3.280120e-01
418 6.713360e-01 5.800000e-04 3.280840e-01
419 6.712160e-01 5.920000e-04 3.281920e-01
420 6.710880e-01 6.360000e-04 3.282760e-01
421 6.709520e-01 6.840000e-04 3.283640e-01
422 6.708000e-01 7.040000e-04 3.284960e-01
423 6.706840e-01 6.840000e-04 3.286320e-01
424 6.705920e-01 6.400000e-04 3.287680e-01
425 6.704600e-01 6.560000e-04 3.288840e-01
426 6.703480e-01 6.800000e-04 3.289720e-01
427 6.702320e-01 6.560000e-04 3.291120e-01
428 6.701480e-01 6.200000e-04 3.292320e-01
429 6.700400e-01 6.600000e-04 3.293000e-01
430 6.699360e-01 6.600000e-04 3.294040e-01
431 6.698080e-01 7.040000e-04 3.294880e-01
432 6.697320e-01 6.440000e-04 3.296240e-01
433 6.696600e-01 6.320000e-04 3.297080e-01
434 6.695760e-01 5.800000e-04 3.298440e-01
435 6.694280e-01 6.480000e-04 3.299240e-01
436 6.692840e-01 6.840000e-04 3.300320e-01
437 6.691080e-01 7.520000e-04 3.301400e-01
438 6.689800e-01 7.240000e-04 3.302960e-01
439 6.688520e-01 7.480000e-04 3.304000e-01
440 6.686800e-01 8.080000e-04 3.305120e-01
441 6.685560e-01 7.960000e-04 3.306480e-01
442 6.684040e-01 8.040000e-04 3.307920e-01
443 6.683040e-01 7.360000e-04 3.309600e-01
444 6.681440e-01 7.320000e-04 3.311240e-01
445 6.680240e-01 7.320000e-04 3.312440e-01
446 6.678920e-01 7.200000e-04 3.313880e-01
447 6.677840e-01 7.120000e-04 3.315040e-01
448 6.677240e-01 6.640000e-04 3.316120e-01
449 6.676240e-01 6.240000e-04 3.317520e-01
450 6.675040e-01 6.480000e-04 3.318480e-01
451 6.673600e-01 6.560000e-04 3.319840e-01
452 6.672560e-01 6.280000e-04 3.321160e-01
453 6.671400e-01 6.520000e-04 3.322080e-01
454 6.670240e-01 6.360000e-04 3.323400e-01
455 6.669600e-01 5.320000e-04 3.325080e-01
456 6.669000e-01 4.560000e-04 3.326440e-01
457 6.667960e-01 4.840000e-04 3.327200e-01
458 6.667200e-01 5.160000e-04 3.327640e-01
459 6.666520e-01 4.560000e-04 3.328920e-01
460 6.665760e-01 4.560000e-04 3.329680e-01
461 6.665240e-01 4.240000e-04 3.330520e-01
462 6.664600e-01 4.240000e-04 3.331160e-01
463 6.664280e-01 4.280000e-04 3.331440e-01
464 6.663960e-01 3.920000e-04 3.332120e-01
465 6.663320e-01 4.280000e-04 3.332400e-01
466 6.662360e-01 4.440000e-04 3.333200e-01
467 6.661720e-01 4.320000e-04 3.333960e-01
468 6.661040e-01 4.320000e-04 3.334640e-01
469 6.660240e-01 4.440000e-04 3.335320e-01
470 6.659400e-01 4.680000e-04 3.335920e-01
471 6.658760e-01 4.520000e-04 3.336720e-01
472 6.658040e-01 4.200000e-04 3.337760e-01
473 6.657040e-01 4.440000e-04 3.338520e-01
474 6.656680e-01 4.360000e-04 3.338960e-01
475 6.655720e-01 4.720000e-04 3.339560e-01
476 6.654800e-01 4.760000e-04 3.340440e-01
477 6.653720e-01 4.800000e-04 3.341480e-01
478 6.652760e-01 4.800000e-04 3.342440e-01
479 6.651600e-01 4.800000e-04 3.343600e-01
480 6.650680e-01 4.960000e-04 3.344360e-01
481 6.649480e-01 5.320000e-04 3.345200e-01
482 6.648200e-01 5.760000e-04 3.346040e-01
483 6.647160e-01 5.640000e-04 3.347200e-01
484 6.646000e-01 6.200000e-04 3.347800e-01
485 6.645160e-01 6.000000e-04 3.348840e-01
486 6.644120e-01 6.040000e-04 3.349840e-01
487 6.643200e-01 6.080000e-04 3.350720e-01
488 6.642240e-01 6.320000e-04 3.351440e-01
489 6.641240e-01 5.960000e-04 3.352800e-01
490 6.640480e-01 5.880000e-04 3.353640e-01
491 6.639440e-01 5.880000e-04 3.354680e-01
492 6.637800e-01 6.720000e-04 3.355480e-01
493 6.636560e-01 6.560000e-04 3.356880e-01
494 6.635360e-01 6.800000e-04 3.357840e-01
495 6.634000e-01 6.960000e-04 3.359040e-01
496 6.633040e-01 6.680000e-04 3.360280e-01
497 6.631800e-01 6.800000e-04 3.361400e-01
498 6.630640e-01 7.000000e-04 3.362360e-01
499 6.629680e-01 6.640000e-04 3.363680e-01
500 6.628680e-01 6.320000e-04 3.365000e-01
