1 9.991560e-01 7.360000e-04 1.080000e-04
2 9.986760e-01 1.100000e-03 2.240000e-04
3 9.979400e-01 1.616000e-03 4.440000e-04
4 9.971600e-01 2.028000e-03 8.120000e-04
5 9.963480e-01 2.468000e-03 1.184000e-03
6 9.955000e-01 2.904000e-03 1.596000e-03
7 9.944840e-01 3.372000e-03 2.144000e-03
8 9.933160e-01 3.912000e-03 2.772000e-03
9 9.922200e-01 4.196000e-03 3.584000e-03
10 9.910280e-01 4.584000e-03 4.388000e-03
11 9.898520e-01 4.984000e-03 5.164000e-03
12 9.887480e-01 5.236000e-03 6.016000e-03
13 9.876080e-01 5.376000e-03 7.016000e-03
14 9.864400e-01 5.540000e-03 8.020000e-03
15 9.850440e-01 5.980000e-03 8.976000e-03
16 9.836840e-01 6.296000e-03 1.002000e-02
17 9.824000e-01 6.464000e-03 1.113600e-02
18 9.811040e-01 6.560000e-03 1.233600e-02
19 9.795960e-01 6.932000e-03 1.347200e-02
20 9.781600e-01 7.224000e-03 1.461600e-02
21 9.767800e-01 7.348000e-03 1.587200e-02
22 9.755720e-01 7.316000e-03 1.711200e-02
23 9.742920e-01 7.276000e-03 1.843200e-02
24 9.728560e-01 7.356000e-03 1.978800e-02
25 9.715080e-01 7.356000e-03 2.113600e-02
26 9.701440e-01 7.432000e-03 2.242400e-02
27 9.687280e-01 7.564000e-03 2.370800e-02
28 9.672560e-01 7.852000e-03 2.489200e-02
29 9.657840e-01 8.020000e-03 2.619600e-02
30 9.641720e-01 8.248000e-03 2.758000e-02
31 9.623880e-01 8.580000e-03 2.903200e-02
32 9.607960e-01 8.628000e-03 3.057600e-02
33 9.591480e-01 8.752000e-03 3.210000e-02
34 9.575360e-01 8.864000e-03 3.360000e-02
35 9.558000e-01 9.012000e-03 3.518800e-02
36 9.541360e-01 9.072000e-03 3.679200e-02
37 9.525440e-01 9.008000e-03 3.844800e-02
38 9.508440e-01 9.192000e-03 3.996400e-02
39 9.493560e-01 8.872000e-03 4.177200e-02
40 9.478360e-01 8.884000e-03 4.328000e-02
41 9.462280e-01 9.120000e-03 4.465200e-02
42 9.445760e-01 9.160000e-03 4.626400e-02
43 9.429120e-01 9.236000e-03 4.785200e-02
44 9.412440e-01 9.376000e-03 4.938000e-02
45 9.394120e-01 9.544000e-03 5.104400e-02
46 9.376520e-01 9.520000e-03 5.282800e-02
47 9.358760e-01 9.608000e-03 5.451600e-02
48 9.341640e-01 9.604000e-03 5.623200e-02
49 9.323400e-01 9.624000e-03 5.803600e-02
50 9.307000e-01 9.480000e-03 5.982000e-02
51 9.291080e-01 9.408000e-03 6.148400e-02
52 9.274240e-01 9.436000e-03 6.314000e-02
53 9.257640e-01 9.364000e-03 6.487200e-02
54 9.240440e-01 9.440000e-03 6.651600e-02
55 9.222400e-01 9.556000e-03 6.820400e-02
56 9.206200e-01 9.448000e-03 6.993200e-02
57 9.189840e-01 9.516000e-03 7.150000e-02
58 9.171720e-01 9.692000e-03 7.313600e-02
59 9.155560e-01 9.712000e-03 7.473200e-02
60 9.139960e-01 9.504000e-03 7.650000e-02
61 9.125240e-01 9.360000e-03 7.811600e-02
62 9.107400e-01 9.456000e-03 7.980400e-02
63 9.091600e-01 9.316000e-03 8.152400e-02
64 9.076160e-01 9.296000e-03 8.308800e-02
65 9.060040e-01 9.400000e-03 8.459600e-02
66 9.043800e-01 9.320000e-03 8.630000e-02
67 9.026600e-01 9.492000e-03 8.784800e-02
68 9.008360e-01 9.652000e-03 8.951200e-02
69 8.990440e-01 9.852000e-03 9.110400e-02
70 8.972560e-01 9.904000e-03 9.284000e-02
71 8.953920e-01 9.936000e-03 9.467200e-02
72 8.936400e-01 9.912000e-03 9.644800e-02
73 8.918640e-01 1.004000e-02 9.809600e-02
74 8.900240e-01 9.964000e-03 1.000120e-01
75 8.882840e-01 9.964000e-03 1.017520e-01
76 8.865840e-01 9.900000e-03 1.035160e-01
77 8.848040e-01 9.952000e-03 1.052440e-01
78 8.830280e-01 9.912000e-03 1.070600e-01
79 8.814280e-01 9.700000e-03 1.088720e-01
80 8.796280e-01 9.724000e-03 1.106480e-01
81 8.779360e-01 9.620000e-03 1.124440e-01
82 8.763720e-01 9.364000e-03 1.142640e-01
83 8.747560e-01 9.328000e-03 1.159160e-01
84 8.731840e-01 9.356000e-03 1.174600e-01
85 8.715400e-01 9.436000e-03 1.190240e-01
86 8.698120e-01 9.480000e-03 1.207080e-01
87 8.680040e-01 9.508000e-03 1.224880e-01
88 8.662560e-01 9.740000e-03 1.240040e-01
89 8.645960e-01 9.700000e-03 1.257040e-01
90 8.629400e-01 9.644000e-03 1.274160e-01
91 8.611960e-01 9.816000e-03 1.289880e-01
92 8.594560e-01 9.920000e-03 1.306240e-01
93 8.576880e-01 9.772000e-03 1.325400e-01
94 8.560120e-01 9.696000e-03 1.342920e-01
95 8.544520e-01 9.656000e-03 1.358920e-01
96 8.529920e-01 9.544000e-03 1.374640e-01
97 8.513280e-01 9.388000e-03 1.392840e-01
98 8.497520e-01 9.268000e-03 1.409800e-01
99 8.482320e-01 9.164000e-03 1.426040e-01
100 8.467120e-01 9.160000e-03 1.441280e-01
101 8.452920e-01 9.076000e-03 1.456320e-01
102 8.437240e-01 8.964000e-03 1.473120e-01
103 8.421760e-01 8.960000e-03 1.488640e-01
104 8.406440e-01 8.976000e-03 1.503800e-01
105 8.391240e-01 8.872000e-03 1.520040e-01
106 8.375920e-01 8.836000e-03 1.535720e-01
107 8.360560e-01 8.872000e-03 1.550720e-01
108 8.346720e-01 8.784000e-03 1.565440e-01
109 8.332480e-01 8.676000e-03 1.580760e-01
110 8.317280e-01 8.644000e-03 1.596280e-01
111 8.301640e-01 8.728000e-03 1.611080e-01
112 8.284920e-01 8.920000e-03 1.625880e-01
113 8.269160e-01 8.884000e-03 1.642000e-01
114 8.254840e-01 8.884000e-03 1.656320e-01
115 8.239040e-01 9.064000e-03 1.670320e-01
116 8.223360e-01 8.980000e-03 1.686840e-01
117 8.208160e-01 8.988000e-03 1.701960e-01
118 8.191720e-01 9.172000e-03 1.716560e-01
119 8.175680e-01 9.172000e-03 1.732600e-01
120 8.159760e-01 9.196000e-03 1.748280e-01
121 8.144600e-01 9.120000e-03 1.764200e-01
122 8.129320e-01 9.012000e-03 1.780560e-01
123 8.115120e-01 8.968000e-03 1.795200e-01
124 8.100920e-01 8.824000e-03 1.810840e-01
125 8.085720e-01 8.848000e-03 1.825800e-01
126 8.071600e-01 8.832000e-03 1.840080e-01
127 8.056120e-01 8.864000e-03 1.855240e-01
128 8.042160e-01 8.612000e-03 1.871720e-01
129 8.027720e-01 8.584000e-03 1.886440e-01
130 8.014120e-01 8.308000e-03 1.902800e-01
131 8.000480e-01 8.228000e-03 1.917240e-01
132 7.985400e-01 8.268000e-03 1.931920e-01
133 7.970280e-01 8.348000e-03 1.946240e-01
134 7.955000e-01 8.376000e-03 1.961240e-01
135 7.941560e-01 8.340000e-03 1.975040e-01
136 7.928000e-01 8.280000e-03 1.989200e-01
137 7.914240e-01 8.152000e-03 2.004240e-01
138 7.900160e-01 8.192000e-03 2.017920e-01
139 7.887520e-01 8.008000e-03 2.032400e-01
140 7.874960e-01 7.828000e-03 2.046760e-01
141 7.862160e-01 7.664000e-03 2.061200e-01
142 7.849560e-01 7.532000e-03 2.075120e-01
143 7.836600e-01 7.356000e-03 2.089840e-01
144 7.823120e-01 7.356000e-03 2.103320e-01
145 7.811800e-01 7.184000e-03 2.116360e-01
146 7.798400e-01 7.200000e-03 2.129600e-01
147 7.786000e-01 7.188000e-03 2.142120e-01
148 7.773240e-01 7.256000e-03 2.154200e-01
149 7.760960e-01 7.144000e-03 2.167600e-01
150 7.749560e-01 7.124000e-03 2.179200e-01
151 7.736640e-01 7.084000e-03 2.192520e-01
152 7.724800e-01 7.052000e-03 2.204680e-01
153 7.713040e-01 6.920000e-03 2.217760e-01
154 7.701280e-01 6.928000e-03 2.229440e-01
155 7.689920e-01 6.892000e-03 2.241160e-01
156 7.678960e-01 6.844000e-03 2.252600e-01
157 7.667400e-01 6.892000e-03 2.263680e-01
158 7.656360e-01 6.724000e-03 2.276400e-01
159 7.645600e-01 6.692000e-03 2.287480e-01
160 7.633920e-01 6.712000e-03 2.298960e-01
161 7.622920e-01 6.544000e-03 2.311640e-01
162 7.611120e-01 6.576000e-03 2.323120e-01
163 7.598840e-01 6.608000e-03 2.335080e-01
164 7.586920e-01 6.568000e-03 2.347400e-01
165 7.576160e-01 6.436000e-03 2.359480e-01
166 7.564240e-01 6.408000e-03 2.371680e-01
167 7.554000e-01 6.196000e-03 2.384040e-01
168 7.542400e-01 6.376000e-03 2.393840e-01
169 7.531440e-01 6.336000e-03 2.405200e-01
170 7.520720e-01 6.220000e-03 2.417080e-01
171 7.510000e-01 6.224000e-03 2.427760e-01
172 7.501120e-01 6.156000e-03 2.437320e-01
173 7.490960e-01 6.148000e-03 2.447560e-01
174 7.480640e-01 6.048000e-03 2.458880e-01
175 7.468840e-01 6.140000e-03 2.469760e-01
176 7.459880e-01 6.048000e-03 2.479640e-01
177 7.450840e-01 5.876000e-03 2.490400e-01
178 7.441480e-01 5.836000e-03 2.500160e-01
179 7.431160e-01 5.892000e-03 2.509920e-01
180 7.421600e-01 5.668000e-03 2.521720e-01
181 7.411320e-01 5.760000e-03 2.531080e-01
182 7.401480e-01 5.776000e-03 2.540760e-01
183 7.392680e-01 5.572000e-03 2.551600e-01
184 7.383520e-01 5.552000e-03 2.560960e-01
185 7.373520e-01 5.624000e-03 2.570240e-01
186 7.365080e-01 5.528000e-03 2.579640e-01
187 7.355280e-01 5.536000e-03 2.589360e-01
188 7.346480e-01 5.460000e-03 2.598920e-01
189 7.338280e-01 5.420000e-03 2.607520e-01
190 7.329240e-01 5.408000e-03 2.616680e-01
191 7.320440e-01 5.324000e-03 2.626320e-01
192 7.312200e-01 5.152000e-03 2.636280e-01
193 7.305120e-01 4.912000e-03 2.645760e-01
194 7.297680e-01 4.800000e-03 2.654320e-01
195 7.288400e-01 4.804000e-03 2.663560e-01
196 7.281480e-01 4.628000e-03 2.672240e-01
197 7.273760e-01 4.532000e-03 2.680920e-01
198 7.265800e-01 4.608000e-03 2.688120e-01
199 7.258880e-01 4.476000e-03 2.696360e-01
200 7.252280e-01 4.256000e-03 2.705160e-01
201 7.245120e-01 4.300000e-03 2.711880e-01
202 7.238440e-01 4.184000e-03 2.719720e-01
203 7.232000e-01 4.132000e-03 2.726680e-01
204 7.224720e-01 4.116000e-03 2.734120e-01
205 7.218040e-01 4.100000e-03 2.740960e-01
206 7.211480e-01 4.068000e-03 2.747840e-01
207 7.204280e-01 4.016000e-03 2.755560e-01
208 7.197600e-01 4.012000e-03 2.762280e-01
209 7.191040e-01 4.060000e-03 2.768360e-01
210 7.184720e-01 4.008000e-03 2.775200e-01
211 7.178760e-01 3.856000e-03 2.782680e-01
212 7.171960e-01 3.868000e-03 2.789360e-01
213 7.165640e-01 3.852000e-03 2.795840e-01
214 7.158280e-01 3.972000e-03 2.802000e-01
215 7.150800e-01 3.980000e-03 2.809400e-01
216 7.143800e-01 4.004000e-03 2.816160e-01
217 7.137160e-01 3.904000e-03 2.823800e-01
218 7.130200e-01 3.900000e-03 2.830800e-01
219 7.124440e-01 3.716000e-03 2.838400e-01
220 7.118440e-01 3.756000e-03 2.844000e-01
221 7.111800e-01 3.772000e-03 2.850480e-01
222 7.104200e-01 3.844000e-03 2.857360e-01
223 7.097720e-01 3.880000e-03 2.863480e-01
224 7.091720e-01 3.780000e-03 2.870480e-01
225 7.085120e-01 3.752000e-03 2.877360e-01
226 7.078800e-01 3.732000e-03 2.883880e-01
227 7.072360e-01 3.780000e-03 2.889840e-01
228 7.065320e-01 3.724000e-03 2.897440e-01
229 7.058800e-01 3.708000e-03 2.904120e-01
230 7.052040e-01 3.672000e-03 2.911240e-01
231 7.045560e-01 3.652000e-03 2.917920e-01
232 7.038440e-01 3.736000e-03 2.924200e-01
233 7.031400e-01 3.848000e-03 2.930120e-01
234 7.024680e-01 3.792000e-03 2.937400e-01
235 7.018920e-01 3.660000e-03 2.944480e-01
236 7.011960e-01 3.688000e-03 2.951160e-01
237 7.006400e-01 3.648000e-03 2.957120e-01
238 6.999680e-01 3.656000e-03 2.963760e-01
239 6.993760e-01 3.612000e-03 2.970120e-01
240 6.987080e-01 3.664000e-03 2.976280e-01
241 6.980960e-01 3.668000e-03 2.982360e-01
242 6.975280e-01 3.596000e-03 2.988760e-01
243 6.969520e-01 3.600000e-03 2.994480e-01
244 6.963960e-01 3.620000e-03 2.999840e-01
245 6.958400e-01 3.540000e-03 3.006200e-01
246 6.952080e-01 3.584000e-03 3.012080e-01
247 6.946040e-01 3.624000e-03 3.017720e-01
248 6.939520e-01 3.668000e-03 3.023800e-01
249 6.933480e-01 3.664000e-03 3.029880e-01
250 6.927400e-01 3.656000e-03 3.036040e-01
251 6.921360e-01 3.696000e-03 3.041680e-01
252 6.915440e-01 3.596000e-03 3.048600e-01
253 6.908960e-01 3.584000e-03 3.055200e-01
254 6.903800e-01 3.452000e-03 3.061680e-01
255 6.898200e-01 3.392000e-03 3.067880e-01
256 6.892320e-01 3.404000e-03 3.073640e-01
257 6.886280e-01 3.380000e-03 3.079920e-01
258 6.879960e-01 3.356000e-03 3.086480e-01
259 6.873120e-01 3.428000e-03 3.092600e-01
260 6.866360e-01 3.524000e-03 3.098400e-01
261 6.860480e-01 3.564000e-03 3.103880e-01
262 6.853280e-01 3.620000e-03 3.110520e-01
263 6.847120e-01 3.672000e-03 3.116160e-01
264 6.841040e-01 3.704000e-03 3.121920e-01
265 6.834320e-01 3.752000e-03 3.128160e-01
266 6.827240e-01 3.792000e-03 3.134840e-01
267 6.820280e-01 3.824000e-03 3.141480e-01
268 6.814600e-01 3.772000e-03 3.147680e-01
269 6.808160e-01 3.716000e-03 3.154680e-01
270 6.801240e-01 3.724000e-03 3.161520e-01
271 6.794280e-01 3.848000e-03 3.167240e-01
272 6.787840e-01 3.796000e-03 3.174200e-01
273 6.782000e-01 3.748000e-03 3.180520e-01
274 6.776400e-01 3.740000e-03 3.186200e-01
275 6.771320e-01 3.588000e-03 3.192800e-01
276 6.765800e-01 3.552000e-03 3.198680e-01
277 6.760440e-01 3.528000e-03 3.204280e-01
278 6.755400e-01 3.444000e-03 3.210160e-01
279 6.749280e-01 3.468000e-03 3.216040e-01
280 6.743000e-01 3.440000e-03 3.222600e-01
281 6.736280e-01 3.560000e-03 3.228120e-01
282 6.730480e-01 3.476000e-03 3.234760e-01
283 6.724640e-01 3.396000e-03 3.241400e-01
284 6.718600e-01 3.392000e-03 3.247480e-01
285 6.713600e-01 3.324000e-03 3.253160e-01
286 6.708640e-01 3.268000e-03 3.258680e-01
287 6.703440e-01 3.228000e-03 3.264280e-01
288 6.698760e-01 3.100000e-03 3.270240e-01
289 6.694400e-01 2.956000e-03 3.276040e-01
290 6.689680e-01 2.900000e-03 3.281320e-01
291 6.685640e-01 2.836000e-03 3.286000e-01
292 6.680240e-01 2.872000e-03 3.291040e-01
293 6.676120e-01 2.772000e-03 3.296160e-01
294 6.670840e-01 2.836000e-03 3.300800e-01
295 6.666040e-01 2.852000e-03 3.305440e-01
296 6.661240e-01 2.868000e-03 3.310080e-01
297 6.656360e-01 2.856000e-03 3.315080e-01
298 6.650800e-01 2.896000e-03 3.320240e-01
299 6.645800e-01 2.892000e-03 3.325280e-01
300 6.640240e-01 2.948000e-03 3.330280e-01
301 6.635200e-01 2.912000e-03 3.335680e-01
302 6.629120e-01 3.036000e-03 3.340520e-01
303 6.623840e-01 3.056000e-03 3.345600e-01
304 6.618080e-01 3.144000e-03 3.350480e-01
305 6.613200e-01 3.100000e-03 3.355800e-01
306 6.607720e-01 3.184000e-03 3.360440e-01
307 6.602560e-01 3.120000e-03 3.366240e-01
308 6.597200e-01 3.096000e-03 3.371840e-01
309 6.591960e-01 3.020000e-03 3.377840e-01
310 6.586720e-01 3.040000e-03 3.382880e-01
311 6.582240e-01 3.016000e-03 3.387600e-01
312 6.576920e-01 2.948000e-03 3.393600e-01
313 6.572240e-01 2.896000e-03 3.398800e-01
314 6.567440e-01 2.880000e-03 3.403760e-01
315 6.563600e-01 2.704000e-03 3.409360e-01
316 6.559040e-01 2.664000e-03 3.414320e-01
317 6.554720e-01 2.592000e-03 3.419360e-01
318 6.549880e-01 2.660000e-03 3.423520e-01
319 6.545360e-01 2.616000e-03 3.428480e-01
320 6.540440e-01 2.652000e-03 3.433040e-01
321 6.536200e-01 2.532000e-03 3.438480e-01
322 6.532400e-01 2.488000e-03 3.442720e-01
323 6.528120e-01 2.436000e-03 3.447520e-01
324 6.523720e-01 2.452000e-03 3.451760e-01
325 6.520000e-01 2.404000e-03 3.455960e-01
326 6.515680e-01 2.452000e-03 3.459800e-01
327 6.511200e-01 2.476000e-03 3.464040e-01
328 6.506920e-01 2.480000e-03 3.468280e-01
329 6.502600e-01 2.440000e-03 3.473000e-01
330 6.498720e-01 2.364000e-03 3.477640e-01
331 6.494840e-01 2.372000e-03 3.481440e-01
332 6.491640e-01 2.292000e-03 3.485440e-01
333 6.488400e-01 2.168000e-03 3.489920e-01
334 6.485280e-01 2.092000e-03 3.493800e-01
335 6.481960e-01 2.068000e-03 3.497360e-01
336 6.478040e-01 2.128000e-03 3.500680e-01
337 6.474560e-01 2.080000e-03 3.504640e-01
338 6.471760e-01 2.032000e-03 3.507920e-01
339 6.468080e-01 1.972000e-03 3.512200e-01
340 6.464760e-01 1.940000e-03 3.515840e-01
341 6.461880e-01 1.824000e-03 3.519880e-01
342 6.458880e-01 1.788000e-03 3.523240e-01
343 6.456280e-01 1.764000e-03 3.526080e-01
344 6.453480e-01 1.680000e-03 3.529720e-01
345 6.451480e-01 1.568000e-03 3.532840e-01
346 6.448280e-01 1.604000e-03 3.535680e-01
347 6.445160e-01 1.624000e-03 3.538600e-01
348 6.441880e-01 1.712000e-03 3.541000e-01
349 6.437880e-01 1.824000e-03 3.543880e-01
350 6.433560e-01 1.884000e-03 3.547600e-01
351 6.429400e-01 1.924000e-03 3.551360e-01
352 6.426440e-01 1.896000e-03 3.554600e-01
353 6.422800e-01 1.956000e-03 3.557640e-01
354 6.419360e-01 1.968000e-03 3.560960e-01
355 6.415320e-01 2.008000e-03 3.564600e-01
356 6.410640e-01 2.088000e-03 3.568480e-01
357 6.406440e-01 2.224000e-03 3.571320e-01
358 6.403120e-01 2.120000e-03 3.575680e-01
359 6.399400e-01 2.188000e-03 3.578720e-01
360 6.395120e-01 2.252000e-03 3.582360e-01
361 6.391640e-01 2.136000e-03 3.587000e-01
362 6.389000e-01 2.040000e-03 3.590600e-01
363 6.385800e-01 1.996000e-03 3.594240e-01
364 6.383080e-01 1.912000e-03 3.597800e-01
365 6.380120e-01 1.892000e-03 3.600960e-01
366 6.377400e-01 1.792000e-03 3.604680e-01
367 6.374600e-01 1.760000e-03 3.607800e-01
368 6.371560e-01 1.752000e-03 3.610920e-01
369 6.368680e-01 1.696000e-03 3.614360e-01
370 6.365320e-01 1.780000e-03 3.616880e-01
371 6.361840e-01 1.760000e-03 3.620560e-01
372 6.358480e-01 1.760000e-03 3.623920e-01
373 6.355440e-01 1.776000e-03 3.626800e-01
374 6.352520e-01 1.752000e-03 3.629960e-01
375 6.349600e-01 1.732000e-03 3.633080e-01
376 6.346800e-01 1.756000e-03 3.635640e-01
377 6.343760e-01 1.748000e-03 3.638760e-01
378 6.340840e-01 1.756000e-03 3.641600e-01
379 6.337920e-01 1.788000e-03 3.644200e-01
380 6.334800e-01 1.792000e-03 3.647280e-01
381 6.331880e-01 1.868000e-03 3.649440e-01
382 6.328600e-01 1.936000e-03 3.652040e-01
383 6.325680e-01 1.936000e-03 3.654960e-01
384 6.322840e-01 1.884000e-03 3.658320e-01
385 6.320480e-01 1.788000e-03 3.661640e-01
386 6.317720e-01 1.724000e-03 3.665040e-01
387 6.315200e-01 1.672000e-03 3.668080e-01
388 6.312080e-01 1.684000e-03 3.671080e-01
389 6.309600e-01 1.656000e-03 3.673840e-01
390 6.306760e-01 1.676000e-03 3.676480e-01
391 6.304440e-01 1.636000e-03 3.679200e-01
392 6.301480e-01 1.608000e-03 3.682440e-01
393 6.298520e-01 1.628000e-03 3.685200e-01
394 6.295480e-01 1.640000e-03 3.688120e-01
395 6.292560e-01 1.632000e-03 3.691120e-01
396 6.289800e-01 1.628000e-03 3.693920e-01
397 6.286960e-01 1.636000e-03 3.696680e-01
398 6.283960e-01 1.648000e-03 3.699560e-01
399 6.281640e-01 1.620000e-03 3.702160e-01
400 6.278520e-01 1.608000e-03 3.705400e-01
401 6.276560e-01 1.484000e-03 3.708600e-01
402 6.274400e-01 1.424000e-03 3.711360e-01
403 6.272920e-01 1.324000e-03 3.713840e-01
404 6.270280e-01 1.356000e-03 3.716160e-01
405 6.267840e-01 1.364000e-03 3.718520e-01
406 6.265600e-01 1.340000e-03 3.721000e-01
407 6.262760e-01 1.392000e-03 3.723320e-01
408 6.260160e-01 1.404000e-03 3.725800e-01
409 6.258160e-01 1.344000e-03 3.728400e-01
410 6.256160e-01 1.264000e-03 3.731200e-01
411 6.253840e-01 1.284000e-03 3.733320e-01
412 6.251640e-01 1.300000e-03 3.735360e-01
413 6.249120e-01 1.288000e-03 3.738000e-01
414 6.246840e-01 1.296000e-03 3.740200e-01
415 6.244360e-01 1.280000e-03 3.742840e-01
416 6.241880e-01 1.332000e-03 3.744800e-01
417 6.239400e-01 1.372000e-03 3.746880e-01
418 6.237320e-01 1.348000e-03 3.749200e-01
419 6.235680e-01 1.292000e-03 3.751400e-01
420 6.233280e-01 1.364000e-03 3.753080e-01
421 6.230880e-01 1.292000e-03 3.756200e-01
422 6.228320e-01 1.308000e-03 3.758600e-01
423 6.225840e-01 1.360000e-03 3.760560e-01
424 6.223240e-01 1.384000e-03 3.762920e-01
425 6.221000e-01 1.352000e-03 3.765480e-01
426 6.218440e-01 1.356000e-03 3.768000e-01
427 6.216440e-01 1.296000e-03 3.770600e-01
428 6.214640e-01 1.312000e-03 3.772240e-01
429 6.212760e-01 1.252000e-03 3.774720e-01
430 6.210040e-01 1.288000e-03 3.777080e-01
431 6.207480e-01 1.328000e-03 3.779240e-01
432 6.205280e-01 1.336000e-03 3.781360e-01
433 6.202200e-01 1.368000e-03 3.784120e-01
434 6.200160e-01 1.340000e-03 3.786440e-01
435 6.198200e-01 1.328000e-03 3.788520e-01
436 6.196400e-01 1.284000e-03 3.790760e-01
437 6.194600e-01 1.280000e-03 3.792600e-01
438 6.192320e-01 1.256000e-03 3.795120e-01
439 6.189880e-01 1.324000e-03 3.796880e-01
440 6.187360e-01 1.376000e-03 3.798880e-01
441 6.185160e-01 1.348000e-03 3.801360e-01
442 6.182840e-01 1.356000e-03 3.803600e-01
443 6.179920e-01 1.400000e-03 3.806080e-01
444 6.177360e-01 1.420000e-03 3.808440e-01
445 6.175440e-01 1.336000e-03 3.811200e-01
446 6.173400e-01 1.336000e-03 3.813240e-01
447 6.170640e-01 1.360000e-03 3.815760e-01
448 6.168400e-01 1.328000e-03 3.818320e-01
449 6.166600e-01 1.296000e-03 3.820440e-01
450 6.164360e-01 1.288000e-03 3.822760e-01
451 6.162640e-01 1.212000e-03 3.825240e-01
452 6.160680e-01 1.196000e-03 3.827360e-01
453 6.158600e-01 1.180000e-03 3.829600e-01
454 6.156640e-01 1.180000e-03 3.831560e-01
455 6.154600e-01 1.156000e-03 3.833840e-01
456 6.153080e-01 1.112000e-03 3.835800e-01
457 6.151360e-01 1.092000e-03 3.837720e-01
458 6.149440e-01 1.044000e-03 3.840120e-01
459 6.148000e-01 1.000000e-03 3.842000e-01
460 6.146600e-01 9.960000e-04 3.843440e-01
461 6.145240e-01 9.320000e-04 3.845440e-01
462 6.144080e-01 8.880000e-04 3.847040e-01
463 6.142800e-01 9.000000e-04 3.848200e-01
464 6.141560e-01 8.800000e-04 3.849640e-01
465 6.140120e-01 8.480000e-04 3.851400e-01
466 6.138400e-01 8.920000e-04 3.852680e-01
467 6.137240e-01 8.360000e-04 3.854400e-01
468 6.135960e-01 8.120000e-04 3.855920e-01
469 6.134040e-01 8.640000e-04 3.857320e-01
470 6.132360e-01 8.520000e-04 3.859120e-01
471 6.130560e-01 8.800000e-04 3.860640e-01
472 6.128720e-01 9.160000e-04 3.862120e-01
473 6.127320e-01 9.320000e-04 3.863360e-01
474 6.125720e-01 9.120000e-04 3.865160e-01
475 6.124080e-01 9.040000e-04 3.866880e-01
476 6.122160e-01 9.080000e-04 3.868760e-01
477 6.120080e-01 9.560000e-04 3.870360e-01
478 6.118560e-01 9.480000e-04 3.871960e-01
479 6.116760e-01 9.800000e-04 3.873440e-01
480 6.115200e-01 9.560000e-04 3.875240e-01
481 6.113320e-01 9.880000e-04 3.876800e-01
482 6.111280e-01 1.060000e-03 3.878120e-01
483 6.109880e-01 1.020000e-03 3.879920e-01
484 6.108280e-01 1.024000e-03 3.881480e-01
485 6.106760e-01 9.880000e-04 3.883360e-01
486 6.105320e-01 9.600000e-04 3.885080e-01
487 6.103720e-01 9.160000e-04 3.887120e-01
488 6.101440e-01 9.960000e-04 3.888600e-01
489 6.099720e-01 9.760000e-04 3.890520e-01
490 6.098280e-01 9.680000e-04 3.892040e-01
491 6.096320e-01 9.720000e-04 3.893960e-01
492 6.094280e-01 1.000000e-03 3.895720e-01
493 6.092840e-01 9.400000e-04 3.897760e-01
494 6.091000e-01 9.360000e-04 3.899640e-01
495 6.088720e-01 1.060000e-03 3.900680e-01
496 6.086680e-01 1.016000e-03 3.903160e-01
497 6.084480e-01 1.072000e-03 3.904800e-01
498 6.082280e-01 1.108000e-03 3.906640e-01
499 6.080320e-01 1.156000e-03 3.908120e-01
500 6.078680e-01 1.120000e-03 3.910120e-01
