1 9.990960e-01 8.280000e-04 7.600000e-05
2 9.985920e-01 1.120000e-03 2.880000e-04
3 9.979800e-01 1.492000e-03 5.280000e-04
4 9.972280e-01 1.940000e-03 8.320000e-04
5 9.963720e-01 2.344000e-03 1.284000e-03
6 9.954440e-01 2.788000e-03 1.768000e-03
7 9.945800e-01 3.080000e-03 2.340000e-03
8 9.936600e-01 3.396000e-03 2.944000e-03
9 9.928160e-01 3.652000e-03 3.532000e-03
10 9.919520e-01 3.816000e-03 4.232000e-03
11 9.910200e-01 4.080000e-03 4.900000e-03
12 9.899960e-01 4.292000e-03 5.712000e-03
13 9.889320e-01 4.704000e-03 6.364000e-03
14 9.878480e-01 4.940000e-03 7.212000e-03
15 9.868320e-01 5.176000e-03 7.992000e-03
16 9.857400e-01 5.324000e-03 8.936000e-03
17 9.847200e-01 5.412000e-03 9.868000e-03
18 9.837160e-01 5.500000e-03 1.078400e-02
19 9.826040e-01 5.600000e-03 1.179600e-02
20 9.814880e-01 5.768000e-03 1.274400e-02
21 9.801920e-01 6.080000e-03 1.372800e-02
22 9.788600e-01 6.368000e-03 1.477200e-02
23 9.773960e-01 6.768000e-03 1.583600e-02
24 9.759760e-01 7.004000e-03 1.702000e-02
25 9.744920e-01 7.280000e-03 1.822800e-02
26 9.731680e-01 7.412000e-03 1.942000e-02
27 9.717320e-01 7.584000e-03 2.068400e-02
28 9.704040e-01 7.580000e-03 2.201600e-02
29 9.688760e-01 7.828000e-03 2.329600e-02
30 9.675360e-01 7.808000e-03 2.465600e-02
31 9.661320e-01 7.932000e-03 2.593600e-02
32 9.646160e-01 8.088000e-03 2.729600e-02
33 9.632640e-01 7.932000e-03 2.880400e-02
34 9.617800e-01 8.000000e-03 3.022000e-02
35 9.603720e-01 7.880000e-03 3.174800e-02
36 9.588160e-01 7.948000e-03 3.323600e-02
37 9.572480e-01 8.080000e-03 3.467200e-02
38 9.557480e-01 8.128000e-03 3.612400e-02
39 9.542600e-01 8.224000e-03 3.751600e-02
40 9.527760e-01 8.292000e-03 3.893200e-02
41 9.513760e-01 8.148000e-03 4.047600e-02
42 9.501840e-01 7.836000e-03 4.198000e-02
43 9.486640e-01 8.040000e-03 4.329600e-02
44 9.473320e-01 7.844000e-03 4.482400e-02
45 9.459040e-01 7.968000e-03 4.612800e-02
46 9.445320e-01 7.968000e-03 4.750000e-02
47 9.430280e-01 8.172000e-03 4.880000e-02
48 9.415520e-01 8.084000e-03 5.036400e-02
49 9.400440e-01 8.048000e-03 5.190800e-02
50 9.386080e-01 8.132000e-03 5.326000e-02
51 9.371960e-01 8.096000e-03 5.470800e-02
52 9.357880e-01 8.128000e-03 5.608400e-02
53 9.343520e-01 8.152000e-03 5.749600e-02
54 9.328720e-01 8.232000e-03 5.889600e-02
55 9.314880e-01 8.204000e-03 6.030800e-02
56 9.300560e-01 8.272000e-03 6.167200e-02
57 9.285920e-01 8.268000e-03 6.314000e-02
58 9.271760e-01 8.216000e-03 6.460800e-02
59 9.256400e-01 8.340000e-03 6.602000e-02
60 9.240920e-01 8.356000e-03 6.755200e-02
61 9.225800e-01 8.444000e-03 6.897600e-02
62 9.212640e-01 8.204000e-03 7.053200e-02
63 9.198520e-01 8.040000e-03 7.210800e-02
64 9.183360e-01 8.244000e-03 7.342000e-02
65 9.168440e-01 8.412000e-03 7.474400e-02
66 9.152600e-01 8.456000e-03 7.628400e-02
67 9.138160e-01 8.456000e-03 7.772800e-02
68 9.123000e-01 8.416000e-03 7.928400e-02
69 9.108040e-01 8.428000e-03 8.076800e-02
70 9.091800e-01 8.672000e-03 8.214800e-02
71 9.075280e-01 8.812000e-03 8.366000e-02
72 9.059520e-01 8.860000e-03 8.518800e-02
73 9.042480e-01 8.988000e-03 8.676400e-02
74 9.025520e-01 9.096000e-03 8.835200e-02
75 9.009160e-01 9.132000e-03 8.995200e-02
76 8.992680e-01 9.136000e-03 9.159600e-02
77 8.975440e-01 9.380000e-03 9.307600e-02
78 8.960080e-01 9.400000e-03 9.459200e-02
79 8.944360e-01 9.296000e-03 9.626800e-02
80 8.928080e-01 9.280000e-03 9.791200e-02
81 8.911680e-01 9.196000e-03 9.963600e-02
82 8.897080e-01 9.064000e-03 1.012280e-01
83 8.882640e-01 9.032000e-03 1.027040e-01
84 8.867880e-01 8.920000e-03 1.042920e-01
85 8.851400e-01 8.908000e-03 1.059520e-01
86 8.835440e-01 9.012000e-03 1.074440e-01
87 8.820000e-01 8.860000e-03 1.091400e-01
88 8.804880e-01 8.796000e-03 1.107160e-01
89 8.790800e-01 8.736000e-03 1.121840e-01
90 8.777160e-01 8.656000e-03 1.136280e-01
91 8.762600e-01 8.704000e-03 1.150360e-01
92 8.747920e-01 8.708000e-03 1.165000e-01
93 8.732800e-01 8.676000e-03 1.180440e-01
94 8.717080e-01 8.636000e-03 1.196560e-01
95 8.701200e-01 8.676000e-03 1.212040e-01
96 8.684000e-01 8.816000e-03 1.227840e-01
97 8.668600e-01 8.668000e-03 1.244720e-01
98 8.653480e-01 8.628000e-03 1.260240e-01
99 8.636080e-01 8.776000e-03 1.276160e-01
100 8.620080e-01 8.800000e-03 1.291920e-01
101 8.603200e-01 8.836000e-03 1.308440e-01
102 8.587520e-01 8.736000e-03 1.325120e-01
103 8.572560e-01 8.832000e-03 1.339120e-01
104 8.555640e-01 8.952000e-03 1.354840e-01
105 8.539720e-01 8.992000e-03 1.370360e-01
106 8.523080e-01 9.044000e-03 1.386480e-01
107 8.507000e-01 9.052000e-03 1.402480e-01
108 8.492520e-01 8.812000e-03 1.419360e-01
109 8.476720e-01 8.808000e-03 1.435200e-01
110 8.460880e-01 8.876000e-03 1.450360e-01
111 8.445800e-01 8.836000e-03 1.465840e-01
112 8.430440e-01 8.796000e-03 1.481600e-01
113 8.415360e-01 8.780000e-03 1.496840e-01
114 8.400360e-01 8.660000e-03 1.513040e-01
115 8.385440e-01 8.724000e-03 1.527320e-01
116 8.371000e-01 8.580000e-03 1.543200e-01
117 8.357280e-01 8.364000e-03 1.559080e-01
118 8.344520e-01 8.216000e-03 1.573320e-01
119 8.331440e-01 8.148000e-03 1.587080e-01
120 8.318200e-01 7.988000e-03 1.601920e-01
121 8.306600e-01 7.680000e-03 1.616600e-01
122 8.294560e-01 7.628000e-03 1.629160e-01
123 8.280400e-01 7.736000e-03 1.642240e-01
124 8.266840e-01 7.592000e-03 1.657240e-01
125 8.253520e-01 7.568000e-03 1.670800e-01
126 8.239920e-01 7.624000e-03 1.683840e-01
127 8.227600e-01 7.520000e-03 1.697200e-01
128 8.214400e-01 7.548000e-03 1.710120e-01
129 8.201960e-01 7.400000e-03 1.724040e-01
130 8.188440e-01 7.404000e-03 1.737520e-01
131 8.176640e-01 7.212000e-03 1.751240e-01
132 8.164680e-01 7.172000e-03 1.763600e-01
133 8.152040e-01 7.188000e-03 1.776080e-01
134 8.138960e-01 7.280000e-03 1.788240e-01
135 8.125520e-01 7.340000e-03 1.801080e-01
136 8.113440e-01 7.368000e-03 1.812880e-01
137 8.099280e-01 7.520000e-03 1.825520e-01
138 8.085640e-01 7.508000e-03 1.839280e-01
139 8.073000e-01 7.532000e-03 1.851680e-01
140 8.060120e-01 7.540000e-03 1.864480e-01
141 8.048080e-01 7.412000e-03 1.877800e-01
142 8.035680e-01 7.264000e-03 1.891680e-01
143 8.025560e-01 7.152000e-03 1.902920e-01
144 8.013200e-01 7.152000e-03 1.915280e-01
145 8.001280e-01 7.140000e-03 1.927320e-01
146 7.990520e-01 6.964000e-03 1.939840e-01
147 7.977520e-01 7.132000e-03 1.951160e-01
148 7.965600e-01 7.088000e-03 1.963520e-01
149 7.954680e-01 6.828000e-03 1.977040e-01
150 7.943520e-01 6.732000e-03 1.989160e-01
151 7.931640e-01 6.800000e-03 2.000360e-01
152 7.919720e-01 6.744000e-03 2.012840e-01
153 7.909720e-01 6.636000e-03 2.023920e-01
154 7.898280e-01 6.628000e-03 2.035440e-01
155 7.887400e-01 6.532000e-03 2.047280e-01
156 7.876600e-01 6.508000e-03 2.058320e-01
157 7.866360e-01 6.360000e-03 2.070040e-01
158 7.857160e-01 6.164000e-03 2.081200e-01
159 7.845680e-01 6.280000e-03 2.091520e-01
160 7.834960e-01 6.220000e-03 2.102840e-01
161 7.825120e-01 6.140000e-03 2.113480e-01
162 7.815000e-01 6.024000e-03 2.124760e-01
163 7.803440e-01 6.128000e-03 2.135280e-01
164 7.792480e-01 6.108000e-03 2.146440e-01
165 7.782120e-01 6.008000e-03 2.157800e-01
166 7.770480e-01 6.152000e-03 2.168000e-01
167 7.758240e-01 6.312000e-03 2.178640e-01
168 7.747680e-01 6.320000e-03 2.189120e-01
169 7.735880e-01 6.476000e-03 2.199360e-01
170 7.723920e-01 6.500000e-03 2.211080e-01
171 7.710680e-01 6.608000e-03 2.223240e-01
172 7.698680e-01 6.644000e-03 2.234880e-01
173 7.686600e-01 6.724000e-03 2.246160e-01
174 7.675360e-01 6.672000e-03 2.257920e-01
175 7.663920e-01 6.644000e-03 2.269640e-01
176 7.652640e-01 6.536000e-03 2.282000e-01
177 7.643160e-01 6.328000e-03 2.293560e-01
178 7.632800e-01 6.268000e-03 2.304520e-01
179 7.622120e-01 6.156000e-03 2.316320e-01
180 7.611000e-01 6.156000e-03 2.327440e-01
181 7.600840e-01 6.108000e-03 2.338080e-01
182 7.589960e-01 6.236000e-03 2.347680e-01
183 7.579960e-01 6.152000e-03 2.358520e-01
184 7.569520e-01 6.216000e-03 2.368320e-01
185 7.560240e-01 5.992000e-03 2.379840e-01
186 7.550120e-01 5.960000e-03 2.390280e-01
187 7.540240e-01 5.996000e-03 2.399800e-01
188 7.531480e-01 5.812000e-03 2.410400e-01
189 7.522360e-01 5.800000e-03 2.419640e-01
190 7.511800e-01 5.780000e-03 2.430400e-01
191 7.500880e-01 5.904000e-03 2.440080e-01
192 7.490240e-01 5.864000e-03 2.451120e-01
193 7.481200e-01 5.760000e-03 2.461200e-01
194 7.472520e-01 5.608000e-03 2.471400e-01
195 7.462760e-01 5.604000e-03 2.481200e-01
196 7.454000e-01 5.604000e-03 2.489960e-01
197 7.443800e-01 5.584000e-03 2.500360e-01
198 7.434400e-01 5.672000e-03 2.508880e-01
199 7.425560e-01 5.600000e-03 2.518440e-01
200 7.416760e-01 5.472000e-03 2.528520e-01
201 7.407200e-01 5.492000e-03 2.537880e-01
202 7.398040e-01 5.664000e-03 2.545320e-01
203 7.387720e-01 5.712000e-03 2.555160e-01
204 7.376720e-01 5.784000e-03 2.565440e-01
205 7.366640e-01 5.736000e-03 2.576000e-01
206 7.355080e-01 5.936000e-03 2.585560e-01
207 7.343720e-01 6.048000e-03 2.595800e-01
208 7.332640e-01 6.112000e-03 2.606240e-01
209 7.321720e-01 6.164000e-03 2.616640e-01
210 7.311080e-01 6.104000e-03 2.627880e-01
211 7.301040e-01 6.092000e-03 2.638040e-01
212 7.289080e-01 6.104000e-03 2.649880e-01
213 7.278040e-01 6.112000e-03 2.660840e-01
214 7.268560e-01 6.028000e-03 2.671160e-01
215 7.258480e-01 6.076000e-03 2.680760e-01
216 7.248200e-01 5.960000e-03 2.692200e-01
217 7.238520e-01 5.868000e-03 2.702800e-01
218 7.229600e-01 5.732000e-03 2.713080e-01
219 7.219680e-01 5.712000e-03 2.723200e-01
220 7.210800e-01 5.484000e-03 2.734360e-01
221 7.202440e-01 5.468000e-03 2.742880e-01
222 7.193520e-01 5.420000e-03 2.752280e-01
223 7.185480e-01 5.232000e-03 2.762200e-01
224 7.177400e-01 5.172000e-03 2.770880e-01
225 7.168880e-01 5.116000e-03 2.779960e-01
226 7.160000e-01 5.096000e-03 2.789040e-01
227 7.152080e-01 4.972000e-03 2.798200e-01
228 7.144240e-01 4.804000e-03 2.807720e-01
229 7.136560e-01 4.668000e-03 2.816760e-01
230 7.128560e-01 4.588000e-03 2.825560e-01
231 7.121160e-01 4.512000e-03 2.833720e-01
232 7.112960e-01 4.608000e-03 2.840960e-01
233 7.105200e-01 4.604000e-03 2.848760e-01
234 7.096720e-01 4.632000e-03 2.856960e-01
235 7.087120e-01 4.820000e-03 2.864680e-01
236 7.079320e-01 4.684000e-03 2.873840e-01
237 7.070600e-01 4.704000e-03 2.882360e-01
238 7.060880e-01 4.824000e-03 2.890880e-01
239 7.051480e-01 4.900000e-03 2.899520e-01
240 7.044400e-01 4.768000e-03 2.907920e-01
241 7.037160e-01 4.700000e-03 2.915840e-01
242 7.029360e-01 4.692000e-03 2.923720e-01
243 7.021480e-01 4.696000e-03 2.931560e-01
244 7.013880e-01 4.688000e-03 2.939240e-01
245 7.006240e-01 4.592000e-03 2.947840e-01
246 6.996960e-01 4.700000e-03 2.956040e-01
247 6.988520e-01 4.736000e-03 2.964120e-01
248 6.980560e-01 4.756000e-03 2.971880e-01
249 6.973720e-01 4.584000e-03 2.980440e-01
250 6.966560e-01 4.552000e-03 2.987920e-01
251 6.959240e-01 4.568000e-03 2.995080e-01
252 6.951920e-01 4.588000e-03 3.002200e-01
253 6.944760e-01 4.480000e-03 3.010440e-01
254 6.937440e-01 4.360000e-03 3.018960e-01
255 6.931360e-01 4.204000e-03 3.026600e-01
256 6.924840e-01 4.172000e-03 3.033440e-01
257 6.918560e-01 4.028000e-03 3.041160e-01
258 6.911440e-01 4.064000e-03 3.047920e-01
259 6.904120e-01 4.180000e-03 3.054080e-01
260 6.897560e-01 4.100000e-03 3.061440e-01
261 6.890920e-01 4.056000e-03 3.068520e-01
262 6.883240e-01 4.188000e-03 3.074880e-01
263 6.876800e-01 4.116000e-03 3.082040e-01
264 6.867840e-01 4.268000e-03 3.089480e-01
265 6.860040e-01 4.348000e-03 3.096480e-01
266 6.852040e-01 4.412000e-03 3.103840e-01
267 6.844360e-01 4.396000e-03 3.111680e-01
268 6.835760e-01 4.584000e-03 3.118400e-01
269 6.828240e-01 4.564000e-03 3.126120e-01
270 6.820880e-01 4.448000e-03 3.134640e-01
271 6.814040e-01 4.248000e-03 3.143480e-01
272 6.806280e-01 4.308000e-03 3.150640e-01
273 6.799520e-01 4.232000e-03 3.158160e-01
274 6.792280e-01 4.156000e-03 3.166160e-01
275 6.784400e-01 4.152000e-03 3.174080e-01
276 6.778560e-01 4.072000e-03 3.180720e-01
277 6.770680e-01 4.184000e-03 3.187480e-01
278 6.763920e-01 4.200000e-03 3.194080e-01
279 6.756840e-01 4.188000e-03 3.201280e-01
280 6.751280e-01 4.112000e-03 3.207600e-01
281 6.744680e-01 4.060000e-03 3.214720e-01
282 6.738040e-01 4.060000e-03 3.221360e-01
283 6.730640e-01 4.176000e-03 3.227600e-01
284 6.723480e-01 4.156000e-03 3.234960e-01
285 6.717240e-01 4.032000e-03 3.242440e-01
286 6.710440e-01 4.012000e-03 3.249440e-01
287 6.702960e-01 4.104000e-03 3.256000e-01
288 6.695560e-01 4.068000e-03 3.263760e-01
289 6.688360e-01 4.076000e-03 3.270880e-01
290 6.681840e-01 3.944000e-03 3.278720e-01
291 6.676280e-01 3.660000e-03 3.287120e-01
292 6.669520e-01 3.784000e-03 3.292640e-01
293 6.663600e-01 3.732000e-03 3.299080e-01
294 6.657360e-01 3.672000e-03 3.305920e-01
295 6.651680e-01 3.536000e-03 3.312960e-01
296 6.646480e-01 3.440000e-03 3.319120e-01
297 6.640280e-01 3.436000e-03 3.325360e-01
298 6.634360e-01 3.468000e-03 3.330960e-01
299 6.629360e-01 3.324000e-03 3.337400e-01
300 6.622760e-01 3.384000e-03 3.343400e-01
301 6.617720e-01 3.236000e-03 3.349920e-01
302 6.612480e-01 3.204000e-03 3.355480e-01
303 6.608120e-01 3.068000e-03 3.361200e-01
304 6.602160e-01 3.092000e-03 3.366920e-01
305 6.596720e-01 3.080000e-03 3.372480e-01
306 6.591560e-01 3.036000e-03 3.378080e-01
307 6.586640e-01 3.072000e-03 3.382640e-01
308 6.580640e-01 3.060000e-03 3.388760e-01
309 6.575120e-01 3.076000e-03 3.394120e-01
310 6.567960e-01 3.248000e-03 3.399560e-01
311 6.561560e-01 3.376000e-03 3.404680e-01
312 6.555000e-01 3.400000e-03 3.411000e-01
313 6.547840e-01 3.540000e-03 3.416760e-01
314 6.540760e-01 3.604000e-03 3.423200e-01
315 6.534080e-01 3.624000e-03 3.429680e-01
316 6.526800e-01 3.756000e-03 3.435640e-01
317 6.518880e-01 3.872000e-03 3.442400e-01
318 6.511920e-01 3.884000e-03 3.449240e-01
319 6.505400e-01 3.892000e-03 3.455680e-01
320 6.498560e-01 3.840000e-03 3.463040e-01
321 6.492240e-01 3.732000e-03 3.470440e-01
322 6.486160e-01 3.688000e-03 3.476960e-01
323 6.479960e-01 3.648000e-03 3.483560e-01
324 6.472680e-01 3.800000e-03 3.489320e-01
325 6.467520e-01 3.628000e-03 3.496200e-01
326 6.461400e-01 3.624000e-03 3.502360e-01
327 6.454960e-01 3.644000e-03 3.508600e-01
328 6.449720e-01 3.572000e-03 3.514560e-01
329 6.443880e-01 3.548000e-03 3.520640e-01
330 6.438520e-01 3.508000e-03 3.526400e-01
331 6.432600e-01 3.528000e-03 3.532120e-01
332 6.426360e-01 3.608000e-03 3.537560e-01
333 6.419680e-01 3.616000e-03 3.544160e-01
334 6.413640e-01 3.568000e-03 3.550680e-01
335 6.408320e-01 3.544000e-03 3.556240e-01
336 6.403400e-01 3.428000e-03 3.562320e-01
337 6.398080e-01 3.380000e-03 3.568120e-01
338 6.393360e-01 3.232000e-03 3.574320e-01
339 6.388080e-01 3.212000e-03 3.579800e-01
340 6.382720e-01 3.144000e-03 3.585840e-01
341 6.377160e-01 3.144000e-03 3.591400e-01
342 6.371840e-01 3.164000e-03 3.596520e-01
343 6.367920e-01 2.984000e-03 3.602240e-01
344 6.364360e-01 2.836000e-03 3.607280e-01
345 6.360120e-01 2.720000e-03 3.612680e-01
346 6.355640e-01 2.696000e-03 3.617400e-01
347 6.351720e-01 2.600000e-03 3.622280e-01
348 6.347680e-01 2.552000e-03 3.626800e-01
349 6.344600e-01 2.320000e-03 3.632200e-01
350 6.340640e-01 2.288000e-03 3.636480e-01
351 6.337200e-01 2.216000e-03 3.640640e-01
352 6.333280e-01 2.208000e-03 3.644640e-01
353 6.329800e-01 2.160000e-03 3.648600e-01
354 6.326400e-01 2.108000e-03 3.652520e-01
355 6.323360e-01 2.052000e-03 3.656120e-01
356 6.319760e-01 2.152000e-03 3.658720e-01
357 6.315800e-01 2.176000e-03 3.662440e-01
358 6.312200e-01 2.184000e-03 3.665960e-01
359 6.307880e-01 2.236000e-03 3.669760e-01
360 6.303400e-01 2.224000e-03 3.674360e-01
361 6.300160e-01 2.232000e-03 3.677520e-01
362 6.296840e-01 2.168000e-03 3.681480e-01
363 6.293360e-01 2.168000e-03 3.684960e-01
364 6.289760e-01 2.128000e-03 3.688960e-01
365 6.286040e-01 2.160000e-03 3.692360e-01
366 6.282320e-01 2.104000e-03 3.696640e-01
367 6.279160e-01 2.076000e-03 3.700080e-01
368 6.275600e-01 2.088000e-03 3.703520e-01
369 6.271400e-01 2.140000e-03 3.707200e-01
370 6.267720e-01 2.156000e-03 3.710720e-01
371 6.264320e-01 2.076000e-03 3.714920e-01
372 6.261000e-01 2.056000e-03 3.718440e-01
373 6.257880e-01 1.960000e-03 3.722520e-01
374 6.254800e-01 1.928000e-03 3.725920e-01
375 6.251440e-01 1.916000e-03 3.729400e-01
376 6.248120e-01 1.932000e-03 3.732560e-01
377 6.245720e-01 1.868000e-03 3.735600e-01
378 6.242720e-01 1.896000e-03 3.738320e-01
379 6.239080e-01 1.904000e-03 3.741880e-01
380 6.234840e-01 1.996000e-03 3.745200e-01
381 6.231720e-01 2.004000e-03 3.748240e-01
382 6.227760e-01 2.040000e-03 3.751840e-01
383 6.224640e-01 1.980000e-03 3.755560e-01
384 6.220960e-01 2.052000e-03 3.758520e-01
385 6.217600e-01 2.044000e-03 3.761960e-01
386 6.214120e-01 2.012000e-03 3.765760e-01
387 6.210600e-01 2.032000e-03 3.769080e-01
388 6.207240e-01 2.032000e-03 3.772440e-01
389 6.202800e-01 2.092000e-03 3.776280e-01
390 6.199560e-01 2.028000e-03 3.780160e-01
391 6.196440e-01 2.036000e-03 3.783200e-01
392 6.193000e-01 2.024000e-03 3.786760e-01
393 6.189440e-01 2.056000e-03 3.790000e-01
394 6.185960e-01 2.068000e-03 3.793360e-01
395 6.182200e-01 2.148000e-03 3.796320e-01
396 6.178400e-01 2.064000e-03 3.800960e-01
397 6.175480e-01 1.996000e-03 3.804560e-01
398 6.172320e-01 1.956000e-03 3.808120e-01
399 6.169160e-01 1.892000e-03 3.811920e-01
400 6.166240e-01 1.848000e-03 3.815280e-01
401 6.162480e-01 1.944000e-03 3.818080e-01
402 6.159160e-01 1.932000e-03 3.821520e-01
403 6.156120e-01 1.872000e-03 3.825160e-01
404 6.153560e-01 1.812000e-03 3.828320e-01
405 6.150960e-01 1.776000e-03 3.831280e-01
406 6.149200e-01 1.688000e-03 3.833920e-01
407 6.146440e-01 1.684000e-03 3.836720e-01
408 6.143920e-01 1.680000e-03 3.839280e-01
409 6.141240e-01 1.616000e-03 3.842600e-01
410 6.138920e-01 1.552000e-03 3.845560e-01
411 6.137280e-01 1.436000e-03 3.848360e-01
412 6.135040e-01 1.456000e-03 3.850400e-01
413 6.132800e-01 1.432000e-03 3.852880e-01
414 6.130000e-01 1.428000e-03 3.855720e-01
415 6.127600e-01 1.440000e-03 3.858000e-01
416 6.125400e-01 1.428000e-03 3.860320e-01
417 6.122400e-01 1.520000e-03 3.862400e-01
418 6.119560e-01 1.600000e-03 3.864440e-01
419 6.116520e-01 1.604000e-03 3.867440e-01
420 6.113480e-01 1.608000e-03 3.870440e-01
421 6.110280e-01 1.624000e-03 3.873480e-01
422 6.107560e-01 1.572000e-03 3.876720e-01
423 6.105320e-01 1.520000e-03 3.879480e-01
424 6.103560e-01 1.420000e-03 3.882240e-01
425 6.101160e-01 1.452000e-03 3.884320e-01
426 6.098920e-01 1.380000e-03 3.887280e-01
427 6.097200e-01 1.312000e-03 3.889680e-01
428 6.095240e-01 1.288000e-03 3.891880e-01
429 6.093720e-01 1.232000e-03 3.893960e-01
430 6.092440e-01 1.192000e-03 3.895640e-01
431 6.090960e-01 1.096000e-03 3.898080e-01
432 6.089120e-01 1.112000e-03 3.899760e-01
433 6.087240e-01 1.076000e-03 3.902000e-01
434 6.086200e-01 1.000000e-03 3.903800e-01
435 6.084120e-01 1.036000e-03 3.905520e-01
436 6.082440e-01 1.008000e-03 3.907480e-01
437 6.080320e-01 1.068000e-03 3.909000e-01
438 6.078720e-01 1.060000e-03 3.910680e-01
439 6.077440e-01 1.012000e-03 3.912440e-01
440 6.075840e-01 9.800000e-04 3.914360e-01
441 6.074520e-01 9.280000e-04 3.916200e-01
442 6.073280e-01 8.880000e-04 3.917840e-01
443 6.071880e-01 8.360000e-04 3.919760e-01
444 6.070400e-01 8.480000e-04 3.921120e-01
445 6.069360e-01 7.720000e-04 3.922920e-01
446 6.068000e-01 7.920000e-04 3.924080e-01
447 6.066360e-01 8.160000e-04 3.925480e-01
448 6.065000e-01 8.040000e-04 3.926960e-01
449 6.063360e-01 8.040000e-04 3.928600e-01
450 6.061880e-01 7.880000e-04 3.930240e-01
451 6.060600e-01 7.880000e-04 3.931520e-01
452 6.059040e-01 7.960000e-04 3.933000e-01
453 6.057640e-01 8.240000e-04 3.934120e-01
454 6.056560e-01 7.640000e-04 3.935800e-01
455 6.055480e-01 7.760000e-04 3.936760e-01
456 6.053880e-01 8.240000e-04 3.937880e-01
457 6.052480e-01 8.320000e-04 3.939200e-01
458 6.051200e-01 8.280000e-04 3.940520e-01
459 6.050080e-01 7.880000e-04 3.942040e-01
460 6.048880e-01 7.760000e-04 3.943360e-01
461 6.046960e-01 8.560000e-04 3.944480e-01
462 6.045360e-01 8.680000e-04 3.945960e-01
463 6.043920e-01 8.480000e-04 3.947600e-01
464 6.042920e-01 8.080000e-04 3.949000e-01
465 6.041520e-01 7.760000e-04 3.950720e-01
466 6.040480e-01 7.560000e-04 3.951960e-01
467 6.039440e-01 7.080000e-04 3.953480e-01
468 6.038200e-01 6.840000e-04 3.954960e-01
469 6.037360e-01 6.280000e-04 3.956360e-01
470 6.036400e-01 5.920000e-04 3.957680e-01
471 6.035280e-01 6.160000e-04 3.958560e-01
472 6.033760e-01 6.800000e-04 3.959440e-01
473 6.032720e-01 6.680000e-04 3.960600e-01
474 6.031480e-01 7.040000e-04 3.961480e-01
475 6.030280e-01 7.000000e-04 3.962720e-01
476 6.029120e-01 7.000000e-04 3.963880e-01
477 6.027960e-01 6.720000e-04 3.965320e-01
478 6.026880e-01 7.000000e-04 3.966120e-01
479 6.025640e-01 7.240000e-04 3.967120e-01
480 6.024520e-01 7.440000e-04 3.968040e-01
481 6.023320e-01 7.320000e-04 3.969360e-01
482 6.022200e-01 6.880000e-04 3.970920e-01
483 6.021080e-01 6.720000e-04 3.972200e-01
484 6.020440e-01 6.000000e-04 3.973560e-01
485 6.019640e-01 5.600000e-04 3.974760e-01
486 6.019040e-01 5.240000e-04 3.975720e-01
487 6.018160e-01 5.040000e-04 3.976800e-01
488 6.017200e-01 5.160000e-04 3.977640e-01
489 6.016280e-01 5.200000e-04 3.978520e-01
490 6.015640e-01 5.240000e-04 3.979120e-01
491 6.014880e-01 5.240000e-04 3.979880e-01
492 6.014240e-01 5.120000e-04 3.980640e-01
493 6.013560e-01 4.920000e-04 3.981520e-01
494 6.013160e-01 4.400000e-04 3.982440e-01
495 6.012280e-01 4.880000e-04 3.982840e-01
496 6.011240e-01 4.880000e-04 3.983880e-01
497 6.010600e-01 4.760000e-04 3.984640e-01
498 6.009840e-01 4.680000e-04 3.985480e-01
499 6.009000e-01 4.840000e-04 3.986160e-01
500 6.008080e-01 4.720000e-04 3.987200e-01
