1 9.992200e-01 6.800000e-04 1.000000e-04
2 9.987080e-01 1.024000e-03 2.680000e-04
3 9.980760e-01 1.456000e-03 4.680000e-04
4 9.973960e-01 1.876000e-03 7.280000e-04
5 9.966440e-01 2.260000e-03 1.096000e-03
6 9.958520e-01 2.660000e-03 1.488000e-03
7 9.948680e-01 3.168000e-03 1.964000e-03
8 9.938000e-01 3.636000e-03 2.564000e-03
9 9.927720e-01 3.896000e-03 3.332000e-03
10 9.915200e-01 4.476000e-03 4.004000e-03
11 9.903600e-01 4.816000e-03 4.824000e-03
12 9.892240e-01 5.084000e-03 5.692000e-03
13 9.880360e-01 5.352000e-03 6.612000e-03
14 9.867600e-01 5.656000e-03 7.584000e-03
15 9.854480e-01 5.988000e-03 8.564000e-03
16 9.840520e-01 6.308000e-03 9.640000e-03
17 9.825840e-01 6.628000e-03 1.078800e-02
18 9.811320e-01 6.960000e-03 1.190800e-02
19 9.796360e-01 7.140000e-03 1.322400e-02
20 9.781960e-01 7.340000e-03 1.446400e-02
21 9.765840e-01 7.728000e-03 1.568800e-02
22 9.749840e-01 7.772000e-03 1.724400e-02
23 9.732480e-01 8.136000e-03 1.861600e-02
24 9.716440e-01 8.440000e-03 1.991600e-02
25 9.700840e-01 8.500000e-03 2.141600e-02
26 9.684720e-01 8.668000e-03 2.286000e-02
27 9.666720e-01 9.104000e-03 2.422400e-02
28 9.649640e-01 9.276000e-03 2.576000e-02
29 9.633680e-01 9.180000e-03 2.745200e-02
30 9.618080e-01 9.140000e-03 2.905200e-02
31 9.601880e-01 9.280000e-03 3.053200e-02
32 9.584400e-01 9.496000e-03 3.206400e-02
33 9.568160e-01 9.656000e-03 3.352800e-02
34 9.551440e-01 9.736000e-03 3.512000e-02
35 9.532680e-01 9.908000e-03 3.682400e-02
36 9.515560e-01 9.856000e-03 3.858800e-02
37 9.496800e-01 1.007600e-02 4.024400e-02
38 9.479480e-01 1.001200e-02 4.204000e-02
39 9.461720e-01 9.812000e-03 4.401600e-02
40 9.445920e-01 9.672000e-03 4.573600e-02
41 9.429080e-01 9.652000e-03 4.744000e-02
42 9.410160e-01 9.816000e-03 4.916800e-02
43 9.393000e-01 9.804000e-03 5.089600e-02
44 9.376320e-01 9.752000e-03 5.261600e-02
45 9.358440e-01 9.788000e-03 5.436800e-02
46 9.340160e-01 9.920000e-03 5.606400e-02
47 9.322520e-01 9.932000e-03 5.781600e-02
48 9.303200e-01 1.021600e-02 5.946400e-02
49 9.284280e-01 1.013600e-02 6.143600e-02
50 9.266760e-01 1.002000e-02 6.330400e-02
51 9.250040e-01 9.876000e-03 6.512000e-02
52 9.232040e-01 9.912000e-03 6.688400e-02
53 9.214400e-01 9.936000e-03 6.862400e-02
54 9.196320e-01 1.005200e-02 7.031600e-02
55 9.177080e-01 1.038400e-02 7.190800e-02
56 9.156840e-01 1.081600e-02 7.350000e-02
57 9.138000e-01 1.068800e-02 7.551200e-02
58 9.119080e-01 1.085600e-02 7.723600e-02
59 9.101560e-01 1.064400e-02 7.920000e-02
60 9.083880e-01 1.044000e-02 8.117200e-02
61 9.065440e-01 1.044400e-02 8.301200e-02
62 9.046760e-01 1.038400e-02 8.494000e-02
63 9.029320e-01 1.039200e-02 8.667600e-02
64 9.010960e-01 1.042400e-02 8.848000e-02
65 8.992480e-01 1.036800e-02 9.038400e-02
66 8.974800e-01 1.030400e-02 9.221600e-02
67 8.957160e-01 1.038000e-02 9.390400e-02
68 8.939760e-01 1.024800e-02 9.577600e-02
69 8.921160e-01 1.032400e-02 9.756000e-02
70 8.901920e-01 1.049600e-02 9.931200e-02
71 8.883520e-01 1.046800e-02 1.011800e-01
72 8.865840e-01 1.039200e-02 1.030240e-01
73 8.846240e-01 1.050400e-02 1.048720e-01
74 8.827440e-01 1.050800e-02 1.067480e-01
75 8.810240e-01 1.036400e-02 1.086120e-01
76 8.793560e-01 1.016800e-02 1.104760e-01
77 8.777360e-01 9.956000e-03 1.123080e-01
78 8.760680e-01 9.828000e-03 1.141040e-01
79 8.745080e-01 9.696000e-03 1.157960e-01
80 8.730200e-01 9.452000e-03 1.175280e-01
81 8.714600e-01 9.424000e-03 1.191160e-01
82 8.700960e-01 9.224000e-03 1.206800e-01
83 8.686440e-01 9.040000e-03 1.223160e-01
84 8.672520e-01 8.904000e-03 1.238440e-01
85 8.657880e-01 8.820000e-03 1.253920e-01
86 8.642480e-01 8.772000e-03 1.269800e-01
87 8.625640e-01 8.876000e-03 1.285600e-01
88 8.608000e-01 9.064000e-03 1.301360e-01
89 8.590680e-01 9.224000e-03 1.317080e-01
90 8.574560e-01 9.120000e-03 1.334240e-01
91 8.555800e-01 9.396000e-03 1.350240e-01
92 8.539880e-01 9.416000e-03 1.365960e-01
93 8.523400e-01 9.356000e-03 1.383040e-01
94 8.506760e-01 9.400000e-03 1.399240e-01
95 8.489120e-01 9.472000e-03 1.416160e-01
96 8.471600e-01 9.572000e-03 1.432680e-01
97 8.455480e-01 9.532000e-03 1.449200e-01
98 8.438120e-01 9.628000e-03 1.465600e-01
99 8.419920e-01 9.828000e-03 1.481800e-01
100 8.402400e-01 9.776000e-03 1.499840e-01
101 8.385080e-01 9.828000e-03 1.516640e-01
102 8.366480e-01 9.896000e-03 1.534560e-01
103 8.350800e-01 9.740000e-03 1.551800e-01
104 8.335000e-01 9.684000e-03 1.568160e-01
105 8.318640e-01 9.564000e-03 1.585720e-01
106 8.300480e-01 9.640000e-03 1.603120e-01
107 8.283400e-01 9.732000e-03 1.619280e-01
108 8.266400e-01 9.760000e-03 1.636000e-01
109 8.249080e-01 9.772000e-03 1.653200e-01
110 8.230720e-01 1.002000e-02 1.669080e-01
111 8.212600e-01 1.008800e-02 1.686520e-01
112 8.194880e-01 1.007600e-02 1.704360e-01
113 8.177400e-01 1.007200e-02 1.721880e-01
114 8.159000e-01 1.019600e-02 1.739040e-01
115 8.141440e-01 1.008000e-02 1.757760e-01
116 8.122680e-01 1.000800e-02 1.777240e-01
117 8.103520e-01 1.016400e-02 1.794840e-01
118 8.085440e-01 1.011600e-02 1.813400e-01
119 8.066640e-01 1.030800e-02 1.830280e-01
120 8.050360e-01 1.015600e-02 1.848080e-01
121 8.033240e-01 1.016800e-02 1.865080e-01
122 8.016960e-01 1.010000e-02 1.882040e-01
123 8.000920e-01 9.868000e-03 1.900400e-01
124 7.983520e-01 9.948000e-03 1.917000e-01
125 7.967400e-01 9.852000e-03 1.934080e-01
126 7.950520e-01 9.836000e-03 1.951120e-01
127 7.934000e-01 9.824000e-03 1.967760e-01
128 7.918920e-01 9.540000e-03 1.985680e-01
129 7.901960e-01 9.432000e-03 2.003720e-01
130 7.885920e-01 9.288000e-03 2.021200e-01
131 7.868640e-01 9.348000e-03 2.037880e-01
132 7.853880e-01 9.160000e-03 2.054520e-01
133 7.837400e-01 9.404000e-03 2.068560e-01
134 7.822160e-01 9.384000e-03 2.084000e-01
135 7.806680e-01 9.284000e-03 2.100480e-01
136 7.788960e-01 9.396000e-03 2.117080e-01
137 7.772040e-01 9.508000e-03 2.132880e-01
138 7.756440e-01 9.400000e-03 2.149560e-01
139 7.740800e-01 9.272000e-03 2.166480e-01
140 7.725600e-01 9.004000e-03 2.184360e-01
141 7.708840e-01 9.140000e-03 2.199760e-01
142 7.693560e-01 9.060000e-03 2.215840e-01
143 7.676240e-01 9.304000e-03 2.230720e-01
144 7.659560e-01 9.444000e-03 2.246000e-01
145 7.643440e-01 9.432000e-03 2.262240e-01
146 7.629440e-01 9.252000e-03 2.278040e-01
147 7.613440e-01 9.332000e-03 2.293240e-01
148 7.594800e-01 9.468000e-03 2.310520e-01
149 7.578800e-01 9.400000e-03 2.327200e-01
150 7.562720e-01 9.380000e-03 2.343480e-01
151 7.546720e-01 9.404000e-03 2.359240e-01
152 7.531520e-01 9.276000e-03 2.375720e-01
153 7.517280e-01 9.128000e-03 2.391440e-01
154 7.502200e-01 9.080000e-03 2.407000e-01
155 7.488960e-01 8.896000e-03 2.422080e-01
156 7.473800e-01 8.880000e-03 2.437400e-01
157 7.458120e-01 8.860000e-03 2.453280e-01
158 7.442880e-01 8.884000e-03 2.468280e-01
159 7.427360e-01 9.028000e-03 2.482360e-01
160 7.412160e-01 9.040000e-03 2.497440e-01
161 7.398240e-01 8.836000e-03 2.513400e-01
162 7.384320e-01 8.508000e-03 2.530600e-01
163 7.370480e-01 8.444000e-03 2.545080e-01
164 7.355760e-01 8.460000e-03 2.559640e-01
165 7.342400e-01 8.372000e-03 2.573880e-01
166 7.328520e-01 8.296000e-03 2.588520e-01
167 7.314680e-01 8.256000e-03 2.602760e-01
168 7.303200e-01 8.056000e-03 2.616240e-01
169 7.288840e-01 8.044000e-03 2.630720e-01
170 7.275720e-01 8.048000e-03 2.643800e-01
171 7.262560e-01 7.808000e-03 2.659360e-01
172 7.249280e-01 7.836000e-03 2.672360e-01
173 7.237160e-01 7.644000e-03 2.686400e-01
174 7.225000e-01 7.568000e-03 2.699320e-01
175 7.211960e-01 7.572000e-03 2.712320e-01
176 7.200080e-01 7.456000e-03 2.725360e-01
177 7.187040e-01 7.468000e-03 2.738280e-01
178 7.174920e-01 7.368000e-03 2.751400e-01
179 7.163520e-01 7.236000e-03 2.764120e-01
180 7.151320e-01 7.196000e-03 2.776720e-01
181 7.139400e-01 7.096000e-03 2.789640e-01
182 7.126240e-01 7.088000e-03 2.802880e-01
183 7.112280e-01 7.320000e-03 2.814520e-01
184 7.101440e-01 7.096000e-03 2.827600e-01
185 7.089280e-01 7.100000e-03 2.839720e-01
186 7.076120e-01 7.260000e-03 2.851280e-01
187 7.063400e-01 7.280000e-03 2.863800e-01
188 7.050520e-01 7.460000e-03 2.874880e-01
189 7.037360e-01 7.440000e-03 2.888240e-01
190 7.023040e-01 7.632000e-03 2.900640e-01
191 7.009680e-01 7.504000e-03 2.915280e-01
192 6.996880e-01 7.464000e-03 2.928480e-01
193 6.984680e-01 7.324000e-03 2.942080e-01
194 6.973840e-01 7.156000e-03 2.954600e-01
195 6.962400e-01 7.060000e-03 2.967000e-01
196 6.950480e-01 6.940000e-03 2.980120e-01
197 6.939560e-01 6.900000e-03 2.991440e-01
198 6.927600e-01 6.892000e-03 3.003480e-01
199 6.915680e-01 6.904000e-03 3.015280e-01
200 6.904320e-01 6.788000e-03 3.027800e-01
201 6.891920e-01 6.892000e-03 3.039160e-01
202 6.881280e-01 6.696000e-03 3.051760e-01
203 6.870240e-01 6.524000e-03 3.064520e-01
204 6.858800e-01 6.448000e-03 3.076720e-01
205 6.846840e-01 6.396000e-03 3.089200e-01
206 6.834440e-01 6.484000e-03 3.100720e-01
207 6.823960e-01 6.428000e-03 3.111760e-01
208 6.811760e-01 6.572000e-03 3.122520e-01
209 6.800680e-01 6.532000e-03 3.134000e-01
210 6.789520e-01 6.532000e-03 3.145160e-01
211 6.779320e-01 6.360000e-03 3.157080e-01
212 6.769400e-01 6.256000e-03 3.168040e-01
213 6.758120e-01 6.324000e-03 3.178640e-01
214 6.746960e-01 6.256000e-03 3.190480e-01
215 6.737040e-01 6.224000e-03 3.200720e-01
216 6.726960e-01 6.120000e-03 3.211840e-01
217 6.716240e-01 6.076000e-03 3.223000e-01
218 6.707360e-01 5.864000e-03 3.234000e-01
219 6.698360e-01 5.636000e-03 3.245280e-01
220 6.691280e-01 5.332000e-03 3.255400e-01
221 6.682400e-01 5.292000e-03 3.264680e-01
222 6.674080e-01 5.132000e-03 3.274600e-01
223 6.666040e-01 5.144000e-03 3.282520e-01
224 6.658720e-01 4.860000e-03 3.292680e-01
225 6.651520e-01 4.748000e-03 3.301000e-01
226 6.644640e-01 4.600000e-03 3.309360e-01
227 6.638440e-01 4.460000e-03 3.316960e-01
228 6.629920e-01 4.500000e-03 3.325080e-01
229 6.621560e-01 4.628000e-03 3.332160e-01
230 6.612480e-01 4.696000e-03 3.340560e-01
231 6.605040e-01 4.708000e-03 3.347880e-01
232 6.596360e-01 4.856000e-03 3.355080e-01
233 6.587520e-01 4.832000e-03 3.364160e-01
234 6.579680e-01 4.816000e-03 3.372160e-01
235 6.571800e-01 4.728000e-03 3.380920e-01
236 6.563120e-01 4.756000e-03 3.389320e-01
237 6.555400e-01 4.744000e-03 3.397160e-01
238 6.547280e-01 4.660000e-03 3.406120e-01
239 6.538760e-01 4.652000e-03 3.414720e-01
240 6.530640e-01 4.636000e-03 3.423000e-01
241 6.523080e-01 4.512000e-03 3.431800e-01
242 6.515800e-01 4.524000e-03 3.438960e-01
243 6.507960e-01 4.476000e-03 3.447280e-01
244 6.498520e-01 4.632000e-03 3.455160e-01
245 6.489440e-01 4.772000e-03 3.462840e-01
246 6.481480e-01 4.792000e-03 3.470600e-01
247 6.473280e-01 4.692000e-03 3.479800e-01
248 6.464680e-01 4.704000e-03 3.488280e-01
249 6.455440e-01 4.748000e-03 3.497080e-01
250 6.446400e-01 4.956000e-03 3.504040e-01
251 6.438080e-01 4.964000e-03 3.512280e-01
252 6.431560e-01 4.664000e-03 3.521800e-01
253 6.423040e-01 4.660000e-03 3.530360e-01
254 6.413840e-01 4.820000e-03 3.537960e-01
255 6.405240e-01 4.788000e-03 3.546880e-01
256 6.397000e-01 4.812000e-03 3.554880e-01
257 6.389200e-01 4.696000e-03 3.563840e-01
258 6.381560e-01 4.648000e-03 3.571960e-01
259 6.375240e-01 4.432000e-03 3.580440e-01
260 6.368640e-01 4.332000e-03 3.588040e-01
261 6.361640e-01 4.288000e-03 3.595480e-01
262 6.354200e-01 4.324000e-03 3.602560e-01
263 6.347120e-01 4.272000e-03 3.610160e-01
264 6.340520e-01 4.168000e-03 3.617800e-01
265 6.332560e-01 4.220000e-03 3.625240e-01
266 6.325880e-01 4.184000e-03 3.632280e-01
267 6.318640e-01 4.220000e-03 3.639160e-01
268 6.311920e-01 4.168000e-03 3.646400e-01
269 6.303840e-01 4.264000e-03 3.653520e-01
270 6.297440e-01 4.164000e-03 3.660920e-01
271 6.289760e-01 4.288000e-03 3.667360e-01
272 6.282240e-01 4.276000e-03 3.675000e-01
273 6.274480e-01 4.296000e-03 3.682560e-01
274 6.267560e-01 4.164000e-03 3.690800e-01
275 6.260080e-01 4.184000e-03 3.698080e-01
276 6.252720e-01 4.224000e-03 3.705040e-01
277 6.245320e-01 4.232000e-03 3.712360e-01
278 6.237560e-01 4.296000e-03 3.719480e-01
279 6.230680e-01 4.236000e-03 3.726960e-01
280 6.224880e-01 3.976000e-03 3.735360e-01
281 6.217760e-01 3.968000e-03 3.742560e-01
282 6.209600e-01 4.064000e-03 3.749760e-01
283 6.201920e-01 4.164000e-03 3.756440e-01
284 6.194680e-01 4.100000e-03 3.764320e-01
285 6.188200e-01 4.036000e-03 3.771440e-01
286 6.181240e-01 3.944000e-03 3.779320e-01
287 6.174280e-01 3.844000e-03 3.787280e-01
288 6.166840e-01 3.888000e-03 3.794280e-01
289 6.160960e-01 3.812000e-03 3.800920e-01
290 6.153920e-01 3.828000e-03 3.807800e-01
291 6.146240e-01 3.884000e-03 3.814920e-01
292 6.139640e-01 3.896000e-03 3.821400e-01
293 6.132520e-01 3.960000e-03 3.827880e-01
294 6.124840e-01 4.024000e-03 3.834920e-01
295 6.117400e-01 4.048000e-03 3.842120e-01
296 6.110480e-01 4.020000e-03 3.849320e-01
297 6.103600e-01 3.968000e-03 3.856720e-01
298 6.096760e-01 4.000000e-03 3.863240e-01
299 6.089800e-01 3.972000e-03 3.870480e-01
300 6.082120e-01 4.080000e-03 3.877080e-01
301 6.074480e-01 4.132000e-03 3.884200e-01
302 6.068880e-01 3.980000e-03 3.891320e-01
303 6.061520e-01 3.976000e-03 3.898720e-01
304 6.055240e-01 3.848000e-03 3.906280e-01
305 6.049000e-01 3.672000e-03 3.914280e-01
306 6.042600e-01 3.676000e-03 3.920640e-01
307 6.036680e-01 3.704000e-03 3.926280e-01
308 6.030360e-01 3.624000e-03 3.933400e-01
309 6.023680e-01 3.608000e-03 3.940240e-01
310 6.017360e-01 3.576000e-03 3.946880e-01
311 6.010400e-01 3.664000e-03 3.952960e-01
312 6.003600e-01 3.668000e-03 3.959720e-01
313 5.996560e-01 3.752000e-03 3.965920e-01
314 5.989000e-01 3.856000e-03 3.972440e-01
315 5.981200e-01 3.968000e-03 3.979120e-01
316 5.973280e-01 4.020000e-03 3.986520e-01
317 5.965960e-01 4.068000e-03 3.993360e-01
318 5.959240e-01 4.024000e-03 4.000520e-01
319 5.951400e-01 4.048000e-03 4.008120e-01
320 5.944280e-01 4.056000e-03 4.015160e-01
321 5.937440e-01 4.060000e-03 4.021960e-01
322 5.930520e-01 4.072000e-03 4.028760e-01
323 5.923240e-01 4.188000e-03 4.034880e-01
324 5.916960e-01 4.068000e-03 4.042360e-01
325 5.909880e-01 4.056000e-03 4.049560e-01
326 5.903280e-01 4.092000e-03 4.055800e-01
327 5.895720e-01 4.176000e-03 4.062520e-01
328 5.887520e-01 4.248000e-03 4.070000e-01
329 5.880880e-01 4.220000e-03 4.076920e-01
330 5.873200e-01 4.224000e-03 4.084560e-01
331 5.867160e-01 4.016000e-03 4.092680e-01
332 5.860280e-01 3.916000e-03 4.100560e-01
333 5.854080e-01 3.884000e-03 4.107080e-01
334 5.848200e-01 3.740000e-03 4.114400e-01
335 5.841880e-01 3.724000e-03 4.120880e-01
336 5.837160e-01 3.608000e-03 4.126760e-01
337 5.831280e-01 3.504000e-03 4.133680e-01
338 5.825680e-01 3.400000e-03 4.140320e-01
339 5.820200e-01 3.340000e-03 4.146400e-01
340 5.814000e-01 3.332000e-03 4.152680e-01
341 5.808680e-01 3.272000e-03 4.158600e-01
342 5.803000e-01 3.304000e-03 4.163960e-01
343 5.797320e-01 3.268000e-03 4.170000e-01
344 5.793200e-01 3.072000e-03 4.176080e-01
345 5.788520e-01 3.008000e-03 4.181400e-01
346 5.784560e-01 2.852000e-03 4.186920e-01
347 5.780760e-01 2.688000e-03 4.192360e-01
348 5.777320e-01 2.520000e-03 4.197480e-01
349 5.773400e-01 2.504000e-03 4.201560e-01
350 5.770160e-01 2.368000e-03 4.206160e-01
351 5.767040e-01 2.280000e-03 4.210160e-01
352 5.763080e-01 2.300000e-03 4.213920e-01
353 5.759560e-01 2.228000e-03 4.218160e-01
354 5.756200e-01 2.124000e-03 4.222560e-01
355 5.753120e-01 2.032000e-03 4.226560e-01
356 5.749360e-01 2.052000e-03 4.230120e-01
357 5.745560e-01 2.064000e-03 4.233800e-01
358 5.741720e-01 2.068000e-03 4.237600e-01
359 5.739000e-01 1.976000e-03 4.241240e-01
360 5.736200e-01 1.920000e-03 4.244600e-01
361 5.732960e-01 1.960000e-03 4.247440e-01
362 5.730240e-01 1.888000e-03 4.250880e-01
363 5.727280e-01 1.872000e-03 4.254000e-01
364 5.724880e-01 1.848000e-03 4.256640e-01
365 5.722080e-01 1.788000e-03 4.260040e-01
366 5.719160e-01 1.768000e-03 4.263160e-01
367 5.716600e-01 1.700000e-03 4.266400e-01
368 5.713240e-01 1.724000e-03 4.269520e-01
369 5.710120e-01 1.760000e-03 4.272280e-01
370 5.707520e-01 1.760000e-03 4.274880e-01
371 5.704760e-01 1.700000e-03 4.278240e-01
372 5.702720e-01 1.604000e-03 4.281240e-01
373 5.699480e-01 1.596000e-03 4.284560e-01
374 5.697000e-01 1.580000e-03 4.287200e-01
375 5.694680e-01 1.560000e-03 4.289720e-01
376 5.692240e-01 1.536000e-03 4.292400e-01
377 5.689480e-01 1.504000e-03 4.295480e-01
378 5.686480e-01 1.560000e-03 4.297920e-01
379 5.682840e-01 1.640000e-03 4.300760e-01
380 5.680360e-01 1.588000e-03 4.303760e-01
381 5.678240e-01 1.548000e-03 4.306280e-01
382 5.675640e-01 1.516000e-03 4.309200e-01
383 5.672240e-01 1.576000e-03 4.312000e-01
384 5.669800e-01 1.560000e-03 4.314600e-01
385 5.667680e-01 1.484000e-03 4.317480e-01
386 5.665960e-01 1.416000e-03 4.319880e-01
387 5.664280e-01 1.304000e-03 4.322680e-01
388 5.662280e-01 1.276000e-03 4.324960e-01
389 5.660120e-01 1.296000e-03 4.326920e-01
390 5.658480e-01 1.228000e-03 4.329240e-01
391 5.656880e-01 1.204000e-03 4.331080e-01
392 5.654960e-01 1.220000e-03 4.332840e-01
393 5.652800e-01 1.204000e-03 4.335160e-01
394 5.650120e-01 1.276000e-03 4.337120e-01
395 5.647560e-01 1.336000e-03 4.339080e-01
396 5.645600e-01 1.320000e-03 4.341200e-01
397 5.642720e-01 1.380000e-03 4.343480e-01
398 5.640360e-01 1.380000e-03 4.345840e-01
399 5.637640e-01 1.440000e-03 4.347960e-01
400 5.635320e-01 1.380000e-03 4.350880e-01
401 5.633080e-01 1.360000e-03 4.353320e-01
402 5.630480e-01 1.344000e-03 4.356080e-01
403 5.628320e-01 1.276000e-03 4.358920e-01
404 5.625640e-01 1.280000e-03 4.361560e-01
405 5.623600e-01 1.280000e-03 4.363600e-01
406 5.621560e-01 1.236000e-03 4.366080e-01
407 5.618800e-01 1.272000e-03 4.368480e-01
408 5.616360e-01 1.256000e-03 4.371080e-01
409 5.614520e-01 1.256000e-03 4.372920e-01
410 5.613080e-01 1.188000e-03 4.375040e-01
411 5.611400e-01 1.136000e-03 4.377240e-01
412 5.610120e-01 1.068000e-03 4.379200e-01
413 5.608360e-01 1.080000e-03 4.380840e-01
414 5.606720e-01 1.044000e-03 4.382840e-01
415 5.605240e-01 1.008000e-03 4.384680e-01
416 5.603360e-01 1.076000e-03 4.385880e-01
417 5.601880e-01 9.520000e-04 4.388600e-01
418 5.600240e-01 9.440000e-04 4.390320e-01
419 5.599080e-01 9.280000e-04 4.391640e-01
420 5.597240e-01 9.600000e-04 4.393160e-01
421 5.595640e-01 9.400000e-04 4.394960e-01
422 5.594000e-01 9.640000e-04 4.396360e-01
423 5.592400e-01 9.400000e-04 4.398200e-01
424 5.590960e-01 9.360000e-04 4.399680e-01
425 5.589520e-01 9.000000e-04 4.401480e-01
426 5.587800e-01 9.120000e-04 4.403080e-01
427 5.586160e-01 9.240000e-04 4.404600e-01
428 5.584160e-01 9.400000e-04 4.406440e-01
429 5.582400e-01 9.920000e-04 4.407680e-01
430 5.580800e-01 9.480000e-04 4.409720e-01
431 5.578960e-01 9.520000e-04 4.411520e-01
432 5.577720e-01 8.840000e-04 4.413440e-01
433 5.576440e-01 8.440000e-04 4.415120e-01
434 5.574360e-01 9.080000e-04 4.416560e-01
435 5.573240e-01 8.280000e-04 4.418480e-01
436 5.571920e-01 8.280000e-04 4.419800e-01
437 5.570920e-01 7.480000e-04 4.421600e-01
438 5.569440e-01 7.320000e-04 4.423240e-01
439 5.567720e-01 7.440000e-04 4.424840e-01
440 5.566560e-01 7.560000e-04 4.425880e-01
441 5.565480e-01 7.200000e-04 4.427320e-01
442 5.564520e-01 7.080000e-04 4.428400e-01
443 5.563040e-01 7.200000e-04 4.429760e-01
444 5.561840e-01 7.240000e-04 4.430920e-01
445 5.560600e-01 7.440000e-04 4.431960e-01
446 5.559120e-01 7.680000e-04 4.433200e-01
447 5.558040e-01 7.360000e-04 4.434600e-01
448 5.557120e-01 7.440000e-04 4.435440e-01
449 5.556280e-01 7.280000e-04 4.436440e-01
450 5.555200e-01 6.880000e-04 4.437920e-01
451 5.554400e-01 6.320000e-04 4.439280e-01
452 5.553520e-01 6.200000e-04 4.440280e-01
453 5.552240e-01 6.400000e-04 4.441360e-01
454 5.550880e-01 6.720000e-04 4.442400e-01
455 5.549840e-01 6.200000e-04 4.443960e-01
456 5.548480e-01 6.320000e-04 4.445200e-01
457 5.546960e-01 6.640000e-04 4.446400e-01
458 5.545280e-01 7.280000e-04 4.447440e-01
459 5.544200e-01 7.240000e-04 4.448560e-01
460 5.542680e-01 7.320000e-04 4.450000e-01
461 5.541320e-01 7.560000e-04 4.451120e-01
462 5.539960e-01 7.640000e-04 4.452400e-01
463 5.538680e-01 7.600000e-04 4.453720e-01
464 5.537320e-01 7.320000e-04 4.455360e-01
465 5.536000e-01 7.520000e-04 4.456480e-01
466 5.534760e-01 7.320000e-04 4.457920e-01
467 5.533800e-01 6.520000e-04 4.459680e-01
468 5.532640e-01 6.480000e-04 4.460880e-01
469 5.531600e-01 6.480000e-04 4.461920e-01
470 5.530640e-01 6.320000e-04 4.463040e-01
471 5.529960e-01 5.960000e-04 4.464080e-01
472 5.528960e-01 6.040000e-04 4.465000e-01
473 5.528200e-01 5.880000e-04 4.465920e-01
474 5.527240e-01 5.840000e-04 4.466920e-01
475 5.526320e-01 5.920000e-04 4.467760e-01
476 5.525520e-01 6.160000e-04 4.468320e-01
477 5.524160e-01 6.160000e-04 4.469680e-01
478 5.523200e-01 5.960000e-04 4.470840e-01
479 5.522240e-01 5.720000e-04 4.472040e-01
480 5.521280e-01 5.520000e-04 4.473200e-01
481 5.520040e-01 5.920000e-04 4.474040e-01
482 5.519320e-01 5.280000e-04 4.475400e-01
483 5.518360e-01 5.640000e-04 4.476000e-01
484 5.517640e-01 5.560000e-04 4.476800e-01
485 5.516400e-01 5.920000e-04 4.477680e-01
486 5.515440e-01 5.920000e-04 4.478640e-01
487 5.514400e-01 5.880000e-04 4.479720e-01
488 5.513560e-01 5.840000e-04 4.480600e-01
489 5.511720e-01 6.840000e-04 4.481440e-01
490 5.510520e-01 6.680000e-04 4.482800e-01
491 5.509320e-01 6.560000e-04 4.484120e-01
492 5.508200e-01 6.600000e-04 4.485200e-01
493 5.506800e-01 7.120000e-04 4.486080e-01
494 5.505720e-01 6.840000e-04 4.487440e-01
495 5.504600e-01 6.600000e-04 4.488800e-01
496 5.503320e-01 6.640000e-04 4.490040e-01
497 5.502400e-01 6.200000e-04 4.491400e-01
498 5.501360e-01 6.440000e-04 4.492200e-01
499 5.500480e-01 6.400000e-04 4.493120e-01
500 5.499640e-01 6.080000e-04 4.494280e-01
