1 9.992040e-01 6.760000e-04 1.200000e-04
2 9.986320e-01 1.108000e-03 2.600000e-04
3 9.978880e-01 1.620000e-03 4.920000e-04
4 9.971280e-01 2.076000e-03 7.960000e-04
5 9.963840e-01 2.404000e-03 1.212000e-03
6 9.955480e-01 2.736000e-03 1.716000e-03
7 9.946120e-01 3.236000e-03 2.152000e-03
8 9.937560e-01 3.468000e-03 2.776000e-03
9 9.927440e-01 3.912000e-03 3.344000e-03
10 9.918920e-01 3.980000e-03 4.128000e-03
11 9.909520e-01 4.236000e-03 4.812000e-03
12 9.900400e-01 4.408000e-03 5.552000e-03
13 9.890840e-01 4.552000e-03 6.364000e-03
14 9.881000e-01 4.784000e-03 7.116000e-03
15 9.871800e-01 4.868000e-03 7.952000e-03
16 9.861240e-01 5.176000e-03 8.700000e-03
17 9.850760e-01 5.336000e-03 9.588000e-03
18 9.840200e-01 5.444000e-03 1.053600e-02
19 9.829040e-01 5.520000e-03 1.157600e-02
20 9.817320e-01 5.724000e-03 1.254400e-02
21 9.806880e-01 5.796000e-03 1.351600e-02
22 9.796800e-01 5.804000e-03 1.451600e-02
23 9.784920e-01 5.976000e-03 1.553200e-02
24 9.771720e-01 6.184000e-03 1.664400e-02
25 9.759480e-01 6.396000e-03 1.765600e-02
26 9.747080e-01 6.428000e-03 1.886400e-02
27 9.735800e-01 6.464000e-03 1.995600e-02
28 9.724480e-01 6.396000e-03 2.115600e-02
29 9.712560e-01 6.448000e-03 2.229600e-02
30 9.699040e-01 6.564000e-03 2.353200e-02
31 9.686720e-01 6.668000e-03 2.466000e-02
32 9.673000e-01 6.724000e-03 2.597600e-02
33 9.660200e-01 6.900000e-03 2.708000e-02
34 9.648160e-01 6.908000e-03 2.827600e-02
35 9.635560e-01 6.864000e-03 2.958000e-02
36 9.622520e-01 6.900000e-03 3.084800e-02
37 9.609480e-01 7.056000e-03 3.199600e-02
38 9.596000e-01 7.224000e-03 3.317600e-02
39 9.580920e-01 7.460000e-03 3.444800e-02
40 9.567480e-01 7.440000e-03 3.581200e-02
41 9.555120e-01 7.360000e-03 3.712800e-02
42 9.539440e-01 7.660000e-03 3.839600e-02
43 9.524680e-01 7.620000e-03 3.991200e-02
44 9.511760e-01 7.668000e-03 4.115600e-02
45 9.498000e-01 7.596000e-03 4.260400e-02
46 9.482960e-01 7.716000e-03 4.398800e-02
47 9.468880e-01 7.748000e-03 4.536400e-02
48 9.454560e-01 7.788000e-03 4.675600e-02
49 9.440160e-01 7.868000e-03 4.811600e-02
50 9.424880e-01 8.084000e-03 4.942800e-02
51 9.411200e-01 7.932000e-03 5.094800e-02
52 9.397320e-01 7.832000e-03 5.243600e-02
53 9.382400e-01 7.944000e-03 5.381600e-02
54 9.369160e-01 7.840000e-03 5.524400e-02
55 9.355200e-01 7.972000e-03 5.650800e-02
56 9.340720e-01 8.104000e-03 5.782400e-02
57 9.326560e-01 8.008000e-03 5.933600e-02
58 9.310360e-01 8.108000e-03 6.085600e-02
59 9.295400e-01 8.124000e-03 6.233600e-02
60 9.280720e-01 8.124000e-03 6.380400e-02
61 9.265440e-01 8.316000e-03 6.514000e-02
62 9.251560e-01 8.292000e-03 6.655200e-02
63 9.235600e-01 8.460000e-03 6.798000e-02
64 9.221200e-01 8.464000e-03 6.941600e-02
65 9.206880e-01 8.348000e-03 7.096400e-02
66 9.192560e-01 8.228000e-03 7.251600e-02
67 9.178160e-01 8.260000e-03 7.392400e-02
68 9.163080e-01 8.384000e-03 7.530800e-02
69 9.148240e-01 8.348000e-03 7.682800e-02
70 9.135120e-01 8.196000e-03 7.829200e-02
71 9.122400e-01 8.004000e-03 7.975600e-02
72 9.109680e-01 7.868000e-03 8.116400e-02
73 9.095600e-01 8.032000e-03 8.240800e-02
74 9.081800e-01 7.900000e-03 8.392000e-02
75 9.068640e-01 7.804000e-03 8.533200e-02
76 9.055360e-01 7.816000e-03 8.664800e-02
77 9.043360e-01 7.608000e-03 8.805600e-02
78 9.032080e-01 7.476000e-03 8.931600e-02
79 9.019880e-01 7.364000e-03 9.064800e-02
80 9.008160e-01 7.320000e-03 9.186400e-02
81 8.996080e-01 7.216000e-03 9.317600e-02
82 8.983560e-01 7.148000e-03 9.449600e-02
83 8.970960e-01 7.024000e-03 9.588000e-02
84 8.957800e-01 7.128000e-03 9.709200e-02
85 8.945040e-01 7.188000e-03 9.830800e-02
86 8.933520e-01 7.128000e-03 9.952000e-02
87 8.919120e-01 7.276000e-03 1.008120e-01
88 8.906120e-01 7.388000e-03 1.020000e-01
89 8.891520e-01 7.384000e-03 1.034640e-01
90 8.880000e-01 7.264000e-03 1.047360e-01
91 8.868080e-01 7.156000e-03 1.060360e-01
92 8.856160e-01 7.232000e-03 1.071520e-01
93 8.843920e-01 7.240000e-03 1.083680e-01
94 8.831320e-01 7.260000e-03 1.096080e-01
95 8.819960e-01 7.080000e-03 1.109240e-01
96 8.807520e-01 7.116000e-03 1.121320e-01
97 8.796440e-01 6.956000e-03 1.134000e-01
98 8.784280e-01 6.964000e-03 1.146080e-01
99 8.770400e-01 7.108000e-03 1.158520e-01
100 8.757520e-01 7.160000e-03 1.170880e-01
101 8.744080e-01 7.220000e-03 1.183720e-01
102 8.729600e-01 7.336000e-03 1.197040e-01
103 8.715880e-01 7.504000e-03 1.209080e-01
104 8.701880e-01 7.644000e-03 1.221680e-01
105 8.688120e-01 7.480000e-03 1.237080e-01
106 8.675360e-01 7.568000e-03 1.248960e-01
107 8.662400e-01 7.552000e-03 1.262080e-01
108 8.650480e-01 7.356000e-03 1.275960e-01
109 8.637960e-01 7.240000e-03 1.289640e-01
110 8.624680e-01 7.292000e-03 1.302400e-01
111 8.611960e-01 7.276000e-03 1.315280e-01
112 8.599480e-01 7.196000e-03 1.328560e-01
113 8.586640e-01 7.176000e-03 1.341600e-01
114 8.573760e-01 7.180000e-03 1.354440e-01
115 8.560560e-01 7.260000e-03 1.366840e-01
116 8.548320e-01 7.236000e-03 1.379320e-01
117 8.535360e-01 7.372000e-03 1.390920e-01
118 8.521520e-01 7.436000e-03 1.404120e-01
119 8.508480e-01 7.424000e-03 1.417280e-01
120 8.493040e-01 7.704000e-03 1.429920e-01
121 8.479680e-01 7.588000e-03 1.444440e-01
122 8.465880e-01 7.736000e-03 1.456760e-01
123 8.453720e-01 7.732000e-03 1.468960e-01
124 8.440440e-01 7.748000e-03 1.482080e-01
125 8.426640e-01 7.752000e-03 1.495840e-01
126 8.414560e-01 7.656000e-03 1.508880e-01
127 8.401360e-01 7.580000e-03 1.522840e-01
128 8.388560e-01 7.484000e-03 1.536600e-01
129 8.373920e-01 7.676000e-03 1.549320e-01
130 8.359760e-01 7.664000e-03 1.563600e-01
131 8.345960e-01 7.700000e-03 1.577040e-01
132 8.332680e-01 7.560000e-03 1.591720e-01
133 8.318400e-01 7.692000e-03 1.604680e-01
134 8.305560e-01 7.576000e-03 1.618680e-01
135 8.292720e-01 7.472000e-03 1.632560e-01
136 8.280840e-01 7.376000e-03 1.645400e-01
137 8.270560e-01 7.180000e-03 1.657640e-01
138 8.258680e-01 7.164000e-03 1.669680e-01
139 8.247520e-01 7.020000e-03 1.682280e-01
140 8.237280e-01 6.844000e-03 1.694280e-01
141 8.227040e-01 6.648000e-03 1.706480e-01
142 8.216400e-01 6.532000e-03 1.718280e-01
143 8.205560e-01 6.468000e-03 1.729760e-01
144 8.193840e-01 6.488000e-03 1.741280e-01
145 8.183240e-01 6.316000e-03 1.753600e-01
146 8.172520e-01 6.324000e-03 1.764240e-01
147 8.161840e-01 6.352000e-03 1.774640e-01
148 8.150360e-01 6.340000e-03 1.786240e-01
149 8.137800e-01 6.480000e-03 1.797400e-01
150 8.125520e-01 6.560000e-03 1.808880e-01
151 8.114000e-01 6.544000e-03 1.820560e-01
152 8.101960e-01 6.596000e-03 1.832080e-01
153 8.090240e-01 6.676000e-03 1.843000e-01
154 8.080160e-01 6.400000e-03 1.855840e-01
155 8.068400e-01 6.540000e-03 1.866200e-01
156 8.057480e-01 6.460000e-03 1.877920e-01
157 8.045920e-01 6.488000e-03 1.889200e-01
158 8.034000e-01 6.604000e-03 1.899960e-01
159 8.022480e-01 6.652000e-03 1.911000e-01
160 8.009720e-01 6.724000e-03 1.923040e-01
161 7.997720e-01 6.796000e-03 1.934320e-01
162 7.986000e-01 6.820000e-03 1.945800e-01
163 7.975320e-01 6.692000e-03 1.957760e-01
164 7.964360e-01 6.652000e-03 1.969120e-01
165 7.952800e-01 6.576000e-03 1.981440e-01
166 7.942520e-01 6.440000e-03 1.993080e-01
167 7.931240e-01 6.452000e-03 2.004240e-01
168 7.919440e-01 6.404000e-03 2.016520e-01
169 7.908360e-01 6.416000e-03 2.027480e-01
170 7.897160e-01 6.500000e-03 2.037840e-01
171 7.885160e-01 6.588000e-03 2.048960e-01
172 7.874680e-01 6.500000e-03 2.060320e-01
173 7.865400e-01 6.376000e-03 2.070840e-01
174 7.855200e-01 6.340000e-03 2.081400e-01
175 7.844520e-01 6.408000e-03 2.091400e-01
176 7.832080e-01 6.668000e-03 2.101240e-01
177 7.820400e-01 6.612000e-03 2.113480e-01
178 7.808960e-01 6.584000e-03 2.125200e-01
179 7.798960e-01 6.396000e-03 2.137080e-01
180 7.787920e-01 6.360000e-03 2.148480e-01
181 7.777640e-01 6.124000e-03 2.161120e-01
182 7.766560e-01 6.188000e-03 2.171560e-01
183 7.756920e-01 6.056000e-03 2.182520e-01
184 7.745200e-01 6.088000e-03 2.193920e-01
185 7.735760e-01 6.016000e-03 2.204080e-01
186 7.725800e-01 6.048000e-03 2.213720e-01
187 7.716360e-01 5.912000e-03 2.224520e-01
188 7.705520e-01 5.972000e-03 2.234760e-01
189 7.695360e-01 5.856000e-03 2.246080e-01
190 7.685680e-01 5.804000e-03 2.256280e-01
191 7.676720e-01 5.636000e-03 2.266920e-01
192 7.668040e-01 5.488000e-03 2.277080e-01
193 7.659560e-01 5.400000e-03 2.286440e-01
194 7.651040e-01 5.308000e-03 2.295880e-01
195 7.641720e-01 5.244000e-03 2.305840e-01
196 7.631760e-01 5.372000e-03 2.314520e-01
197 7.622080e-01 5.540000e-03 2.322520e-01
198 7.612440e-01 5.568000e-03 2.331880e-01
199 7.604000e-01 5.476000e-03 2.341240e-01
200 7.594240e-01 5.580000e-03 2.349960e-01
201 7.585280e-01 5.472000e-03 2.360000e-01
202 7.574920e-01 5.560000e-03 2.369480e-01
203 7.565520e-01 5.520000e-03 2.379280e-01
204 7.556600e-01 5.468000e-03 2.388720e-01
205 7.547400e-01 5.464000e-03 2.397960e-01
206 7.538440e-01 5.488000e-03 2.406680e-01
207 7.530120e-01 5.356000e-03 2.416320e-01
208 7.522120e-01 5.240000e-03 2.425480e-01
209 7.512360e-01 5.292000e-03 2.434720e-01
210 7.504480e-01 5.176000e-03 2.443760e-01
211 7.496560e-01 5.036000e-03 2.453080e-01
212 7.488640e-01 4.900000e-03 2.462360e-01
213 7.482000e-01 4.672000e-03 2.471280e-01
214 7.475600e-01 4.460000e-03 2.479800e-01
215 7.469000e-01 4.440000e-03 2.486600e-01
216 7.462520e-01 4.344000e-03 2.494040e-01
217 7.456840e-01 4.200000e-03 2.501160e-01
218 7.449800e-01 4.260000e-03 2.507600e-01
219 7.443120e-01 4.240000e-03 2.514480e-01
220 7.435840e-01 4.176000e-03 2.522400e-01
221 7.428760e-01 4.216000e-03 2.529080e-01
222 7.420000e-01 4.356000e-03 2.536440e-01
223 7.411760e-01 4.336000e-03 2.544880e-01
224 7.403000e-01 4.484000e-03 2.552160e-01
225 7.394480e-01 4.440000e-03 2.561120e-01
226 7.385880e-01 4.564000e-03 2.568480e-01
227 7.377760e-01 4.600000e-03 2.576240e-01
228 7.370120e-01 4.600000e-03 2.583880e-01
229 7.363200e-01 4.520000e-03 2.591600e-01
230 7.356040e-01 4.424000e-03 2.599720e-01
231 7.348800e-01 4.388000e-03 2.607320e-01
232 7.340720e-01 4.472000e-03 2.614560e-01
233 7.333840e-01 4.436000e-03 2.621800e-01
234 7.327640e-01 4.292000e-03 2.629440e-01
235 7.320120e-01 4.232000e-03 2.637560e-01
236 7.313880e-01 4.064000e-03 2.645480e-01
237 7.307160e-01 4.068000e-03 2.652160e-01
238 7.301280e-01 3.908000e-03 2.659640e-01
239 7.294000e-01 3.980000e-03 2.666200e-01
240 7.287240e-01 3.936000e-03 2.673400e-01
241 7.280040e-01 3.984000e-03 2.680120e-01
242 7.273680e-01 3.972000e-03 2.686600e-01
243 7.266840e-01 3.928000e-03 2.693880e-01
244 7.259680e-01 3.996000e-03 2.700360e-01
245 7.253400e-01 3.904000e-03 2.707560e-01
246 7.245800e-01 4.012000e-03 2.714080e-01
247 7.238880e-01 4.016000e-03 2.720960e-01
248 7.232360e-01 4.016000e-03 2.727480e-01
249 7.225720e-01 4.012000e-03 2.734160e-01
250 7.217680e-01 4.072000e-03 2.741600e-01
251 7.210040e-01 4.128000e-03 2.748680e-01
252 7.201640e-01 4.244000e-03 2.755920e-01
253 7.194320e-01 4.268000e-03 2.763000e-01
254 7.186480e-01 4.300000e-03 2.770520e-01
255 7.179840e-01 4.260000e-03 2.777560e-01
256 7.172800e-01 4.228000e-03 2.784920e-01
257 7.165200e-01 4.180000e-03 2.793000e-01
258 7.158120e-01 4.152000e-03 2.800360e-01
259 7.151280e-01 4.100000e-03 2.807720e-01
260 7.144280e-01 4.096000e-03 2.814760e-01
261 7.137760e-01 3.996000e-03 2.822280e-01
262 7.130640e-01 3.992000e-03 2.829440e-01
263 7.123280e-01 3.996000e-03 2.836760e-01
264 7.116640e-01 3.900000e-03 2.844360e-01
265 7.109320e-01 3.952000e-03 2.851160e-01
266 7.102320e-01 3.896000e-03 2.858720e-01
267 7.096120e-01 3.816000e-03 2.865720e-01
268 7.088920e-01 3.880000e-03 2.872280e-01
269 7.082440e-01 3.856000e-03 2.879000e-01
270 7.075400e-01 3.936000e-03 2.885240e-01
271 7.068800e-01 3.864000e-03 2.892560e-01
272 7.061640e-01 3.956000e-03 2.898800e-01
273 7.054400e-01 3.920000e-03 2.906400e-01
274 7.047600e-01 3.964000e-03 2.912760e-01
275 7.041120e-01 3.876000e-03 2.920120e-01
276 7.033800e-01 3.892000e-03 2.927280e-01
277 7.026960e-01 3.904000e-03 2.934000e-01
278 7.021160e-01 3.776000e-03 2.941080e-01
279 7.014960e-01 3.744000e-03 2.947600e-01
280 7.008160e-01 3.780000e-03 2.954040e-01
281 7.001520e-01 3.740000e-03 2.961080e-01
282 6.994920e-01 3.752000e-03 2.967560e-01
283 6.988760e-01 3.660000e-03 2.974640e-01
284 6.981800e-01 3.728000e-03 2.980920e-01
285 6.975840e-01 3.644000e-03 2.987720e-01
286 6.968520e-01 3.816000e-03 2.993320e-01
287 6.961560e-01 3.872000e-03 2.999720e-01
288 6.955280e-01 3.784000e-03 3.006880e-01
289 6.948840e-01 3.732000e-03 3.013840e-01
290 6.942560e-01 3.664000e-03 3.020800e-01
291 6.935480e-01 3.812000e-03 3.026400e-01
292 6.928440e-01 3.804000e-03 3.033520e-01
293 6.921320e-01 3.876000e-03 3.039920e-01
294 6.913800e-01 3.924000e-03 3.046960e-01
295 6.907560e-01 3.824000e-03 3.054200e-01
296 6.901320e-01 3.832000e-03 3.060360e-01
297 6.894360e-01 3.868000e-03 3.066960e-01
298 6.887000e-01 3.896000e-03 3.074040e-01
299 6.880280e-01 3.940000e-03 3.080320e-01
300 6.872280e-01 4.104000e-03 3.086680e-01
301 6.865320e-01 4.096000e-03 3.093720e-01
302 6.857720e-01 4.100000e-03 3.101280e-01
303 6.852120e-01 3.880000e-03 3.109080e-01
304 6.846600e-01 3.804000e-03 3.115360e-01
305 6.841160e-01 3.768000e-03 3.121160e-01
306 6.835720e-01 3.676000e-03 3.127520e-01
307 6.829320e-01 3.668000e-03 3.134000e-01
308 6.822480e-01 3.724000e-03 3.140280e-01
309 6.816960e-01 3.688000e-03 3.146160e-01
310 6.811440e-01 3.608000e-03 3.152480e-01
311 6.805760e-01 3.544000e-03 3.158800e-01
312 6.800400e-01 3.532000e-03 3.164280e-01
313 6.794840e-01 3.436000e-03 3.170800e-01
314 6.789560e-01 3.332000e-03 3.177120e-01
315 6.784000e-01 3.300000e-03 3.183000e-01
316 6.777080e-01 3.448000e-03 3.188440e-01
317 6.770640e-01 3.612000e-03 3.193240e-01
318 6.764960e-01 3.560000e-03 3.199440e-01
319 6.758880e-01 3.544000e-03 3.205680e-01
320 6.753000e-01 3.548000e-03 3.211520e-01
321 6.747080e-01 3.536000e-03 3.217560e-01
322 6.740200e-01 3.556000e-03 3.224240e-01
323 6.734360e-01 3.580000e-03 3.229840e-01
324 6.728880e-01 3.464000e-03 3.236480e-01
325 6.722600e-01 3.520000e-03 3.242200e-01
326 6.716080e-01 3.544000e-03 3.248480e-01
327 6.710440e-01 3.480000e-03 3.254760e-01
328 6.704040e-01 3.568000e-03 3.260280e-01
329 6.699160e-01 3.460000e-03 3.266240e-01
330 6.692760e-01 3.484000e-03 3.272400e-01
331 6.686920e-01 3.508000e-03 3.278000e-01
332 6.680920e-01 3.460000e-03 3.284480e-01
333 6.675120e-01 3.444000e-03 3.290440e-01
334 6.668880e-01 3.464000e-03 3.296480e-01
335 6.662120e-01 3.588000e-03 3.302000e-01
336 6.655800e-01 3.544000e-03 3.308760e-01
337 6.648520e-01 3.648000e-03 3.315000e-01
338 6.641920e-01 3.672000e-03 3.321360e-01
339 6.635440e-01 3.712000e-03 3.327440e-01
340 6.628680e-01 3.676000e-03 3.334560e-01
341 6.621920e-01 3.696000e-03 3.341120e-01
342 6.615200e-01 3.748000e-03 3.347320e-01
343 6.609200e-01 3.708000e-03 3.353720e-01
344 6.602680e-01 3.668000e-03 3.360640e-01
345 6.596920e-01 3.648000e-03 3.366600e-01
346 6.590920e-01 3.564000e-03 3.373440e-01
347 6.585640e-01 3.552000e-03 3.378840e-01
348 6.580240e-01 3.488000e-03 3.384880e-01
349 6.574760e-01 3.508000e-03 3.390160e-01
350 6.569080e-01 3.444000e-03 3.396480e-01
351 6.564760e-01 3.288000e-03 3.402360e-01
352 6.559000e-01 3.276000e-03 3.408240e-01
353 6.553920e-01 3.252000e-03 3.413560e-01
354 6.550000e-01 3.064000e-03 3.419360e-01
355 6.545160e-01 3.012000e-03 3.424720e-01
356 6.539600e-01 3.060000e-03 3.429800e-01
357 6.534520e-01 3.080000e-03 3.434680e-01
358 6.530240e-01 2.984000e-03 3.439920e-01
359 6.525600e-01 2.916000e-03 3.445240e-01
360 6.520400e-01 2.916000e-03 3.450440e-01
361 6.516120e-01 2.808000e-03 3.455800e-01
362 6.510720e-01 2.828000e-03 3.461000e-01
363 6.506640e-01 2.728000e-03 3.466080e-01
364 6.502520e-01 2.692000e-03 3.470560e-01
365 6.498160e-01 2.672000e-03 3.475120e-01
366 6.493600e-01 2.640000e-03 3.480000e-01
367 6.489160e-01 2.656000e-03 3.484280e-01
368 6.485200e-01 2.596000e-03 3.488840e-01
369 6.480960e-01 2.564000e-03 3.493400e-01
370 6.477280e-01 2.572000e-03 3.497000e-01
371 6.473640e-01 2.484000e-03 3.501520e-01
372 6.469920e-01 2.464000e-03 3.505440e-01
373 6.465680e-01 2.460000e-03 3.509720e-01
374 6.461840e-01 2.384000e-03 3.514320e-01
375 6.458320e-01 2.408000e-03 3.517600e-01
376 6.454520e-01 2.376000e-03 3.521720e-01
377 6.451160e-01 2.296000e-03 3.525880e-01
378 6.446640e-01 2.384000e-03 3.529520e-01
379 6.442160e-01 2.468000e-03 3.533160e-01
380 6.438280e-01 2.472000e-03 3.537000e-01
381 6.434360e-01 2.448000e-03 3.541160e-01
382 6.429480e-01 2.556000e-03 3.544960e-01
383 6.425480e-01 2.512000e-03 3.549400e-01
384 6.421840e-01 2.428000e-03 3.553880e-01
385 6.417600e-01 2.456000e-03 3.557840e-01
386 6.413240e-01 2.428000e-03 3.562480e-01
387 6.409480e-01 2.364000e-03 3.566880e-01
388 6.405680e-01 2.352000e-03 3.570800e-01
389 6.402720e-01 2.244000e-03 3.574840e-01
390 6.399680e-01 2.140000e-03 3.578920e-01
391 6.396520e-01 2.080000e-03 3.582680e-01
392 6.394000e-01 2.016000e-03 3.585840e-01
393 6.391120e-01 1.912000e-03 3.589760e-01
394 6.388120e-01 1.904000e-03 3.592840e-01
395 6.386040e-01 1.760000e-03 3.596360e-01
396 6.383400e-01 1.620000e-03 3.600400e-01
397 6.380720e-01 1.556000e-03 3.603720e-01
398 6.378720e-01 1.476000e-03 3.606520e-01
399 6.376240e-01 1.488000e-03 3.608880e-01
400 6.374560e-01 1.388000e-03 3.611560e-01
401 6.371800e-01 1.440000e-03 3.613800e-01
402 6.368800e-01 1.452000e-03 3.616680e-01
403 6.366000e-01 1.444000e-03 3.619560e-01
404 6.363040e-01 1.492000e-03 3.622040e-01
405 6.360400e-01 1.456000e-03 3.625040e-01
406 6.357800e-01 1.488000e-03 3.627320e-01
407 6.355360e-01 1.476000e-03 3.629880e-01
408 6.353040e-01 1.428000e-03 3.632680e-01
409 6.350600e-01 1.420000e-03 3.635200e-01
410 6.348960e-01 1.368000e-03 3.637360e-01
411 6.346760e-01 1.356000e-03 3.639680e-01
412 6.344640e-01 1.320000e-03 3.642160e-01
413 6.342560e-01 1.356000e-03 3.643880e-01
414 6.340080e-01 1.328000e-03 3.646640e-01
415 6.337400e-01 1.404000e-03 3.648560e-01
416 6.335080e-01 1.348000e-03 3.651440e-01
417 6.333000e-01 1.268000e-03 3.654320e-01
418 6.330680e-01 1.308000e-03 3.656240e-01
419 6.328360e-01 1.304000e-03 3.658600e-01
420 6.325840e-01 1.332000e-03 3.660840e-01
421 6.323560e-01 1.328000e-03 3.663160e-01
422 6.321640e-01 1.316000e-03 3.665200e-01
423 6.318840e-01 1.356000e-03 3.667600e-01
424 6.316680e-01 1.328000e-03 3.670040e-01
425 6.314440e-01 1.348000e-03 3.672080e-01
426 6.311760e-01 1.364000e-03 3.674600e-01
427 6.308880e-01 1.424000e-03 3.676880e-01
428 6.305880e-01 1.496000e-03 3.679160e-01
429 6.303080e-01 1.536000e-03 3.681560e-01
430 6.300240e-01 1.540000e-03 3.684360e-01
431 6.297080e-01 1.572000e-03 3.687200e-01
432 6.294800e-01 1.488000e-03 3.690320e-01
433 6.292600e-01 1.524000e-03 3.692160e-01
434 6.290440e-01 1.432000e-03 3.695240e-01
435 6.288400e-01 1.388000e-03 3.697720e-01
436 6.286560e-01 1.320000e-03 3.700240e-01
437 6.284760e-01 1.244000e-03 3.702800e-01
438 6.282440e-01 1.272000e-03 3.704840e-01
439 6.280520e-01 1.252000e-03 3.706960e-01
440 6.278600e-01 1.232000e-03 3.709080e-01
441 6.276280e-01 1.244000e-03 3.711280e-01
442 6.274920e-01 1.140000e-03 3.713680e-01
443 6.273520e-01 1.060000e-03 3.715880e-01
444 6.272160e-01 9.760000e-04 3.718080e-01
445 6.270200e-01 1.068000e-03 3.719120e-01
446 6.268960e-01 1.020000e-03 3.720840e-01
447 6.266920e-01 1.004000e-03 3.723040e-01
448 6.265480e-01 9.640000e-04 3.724880e-01
449 6.264400e-01 9.000000e-04 3.726600e-01
450 6.263080e-01 8.920000e-04 3.728000e-01
451 6.261000e-01 9.440000e-04 3.729560e-01
452 6.260000e-01 9.000000e-04 3.731000e-01
453 6.259040e-01 8.280000e-04 3.732680e-01
454 6.257160e-01 8.720000e-04 3.734120e-01
455 6.255720e-01 8.680000e-04 3.735600e-01
456 6.254520e-01 8.040000e-04 3.737440e-01
457 6.253040e-01 8.040000e-04 3.738920e-01
458 6.251520e-01 8.040000e-04 3.740440e-01
459 6.250280e-01 7.560000e-04 3.742160e-01
460 6.249800e-01 6.800000e-04 3.743400e-01
461 6.248840e-01 6.520000e-04 3.744640e-01
462 6.248240e-01 5.960000e-04 3.745800e-01
463 6.247400e-01 5.440000e-04 3.747160e-01
464 6.246480e-01 5.280000e-04 3.748240e-01
465 6.245840e-01 5.040000e-04 3.749120e-01
466 6.244560e-01 5.240000e-04 3.750200e-01
467 6.243800e-01 4.920000e-04 3.751280e-01
468 6.243040e-01 4.840000e-04 3.752120e-01
469 6.242040e-01 4.760000e-04 3.753200e-01
470 6.241280e-01 4.400000e-04 3.754320e-01
471 6.240760e-01 4.320000e-04 3.754920e-01
472 6.240280e-01 4.280000e-04 3.755440e-01
473 6.239480e-01 4.280000e-04 3.756240e-01
474 6.238480e-01 4.480000e-04 3.757040e-01
475 6.237600e-01 4.680000e-04 3.757720e-01
476 6.236920e-01 4.640000e-04 3.758440e-01
477 6.235880e-01 4.680000e-04 3.759440e-01
478 6.235120e-01 4.720000e-04 3.760160e-01
479 6.234240e-01 4.880000e-04 3.760880e-01
480 6.233640e-01 4.600000e-04 3.761760e-01
481 6.232920e-01 4.640000e-04 3.762440e-01
482 6.232200e-01 4.640000e-04 3.763160e-01
483 6.231280e-01 4.760000e-04 3.763960e-01
484 6.230760e-01 4.640000e-04 3.764600e-01
485 6.230040e-01 4.560000e-04 3.765400e-01
486 6.229480e-01 4.520000e-04 3.766000e-01
487 6.228600e-01 4.600000e-04 3.766800e-01
488 6.228120e-01 4.480000e-04 3.767400e-01
489 6.227240e-01 4.480000e-04 3.768280e-01
490 6.226520e-01 4.520000e-04 3.768960e-01
491 6.226000e-01 4.320000e-04 3.769680e-01
492 6.225360e-01 4.240000e-04 3.770400e-01
493 6.224320e-01 4.440000e-04 3.771240e-01
494 6.223640e-01 4.480000e-04 3.771880e-01
495 6.223160e-01 4.080000e-04 3.772760e-01
496 6.222600e-01 4.040000e-04 3.773360e-01
497 6.221720e-01 4.600000e-04 3.773680e-01
498 6.221000e-01 4.480000e-04 3.774520e-01
499 6.220280e-01 4.520000e-04 3.775200e-01
500 6.219240e-01 4.880000e-04 3.775880e-01
