1 9.991840e-01 7.160000e-04 1.000000e-04
2 9.986040e-01 1.160000e-03 2.360000e-04
3 9.979920e-01 1.500000e-03 5.080000e-04
4 9.972600e-01 1.996000e-03 7.440000e-04
5 9.963680e-01 2.480000e-03 1.152000e-03
6 9.955560e-01 2.852000e-03 1.592000e-03
7 9.946960e-01 3.176000e-03 2.128000e-03
8 9.937720e-01 3.440000e-03 2.788000e-03
9 9.926560e-01 3.936000e-03 3.408000e-03
10 9.915520e-01 4.324000e-03 4.124000e-03
11 9.905080e-01 4.524000e-03 4.968000e-03
12 9.895120e-01 4.696000e-03 5.792000e-03
13 9.885760e-01 4.736000e-03 6.688000e-03
14 9.875960e-01 4.848000e-03 7.556000e-03
15 9.865800e-01 5.028000e-03 8.392000e-03
16 9.855760e-01 5.060000e-03 9.364000e-03
17 9.844280e-01 5.348000e-03 1.022400e-02
18 9.833560e-01 5.500000e-03 1.114400e-02
19 9.823320e-01 5.544000e-03 1.212400e-02
20 9.813080e-01 5.556000e-03 1.313600e-02
21 9.801240e-01 5.716000e-03 1.416000e-02
22 9.791040e-01 5.720000e-03 1.517600e-02
23 9.779040e-01 5.872000e-03 1.622400e-02
24 9.768040e-01 5.936000e-03 1.726000e-02
25 9.755080e-01 6.164000e-03 1.832800e-02
26 9.743440e-01 6.244000e-03 1.941200e-02
27 9.730640e-01 6.492000e-03 2.044400e-02
28 9.719360e-01 6.448000e-03 2.161600e-02
29 9.707400e-01 6.528000e-03 2.273200e-02
30 9.695040e-01 6.716000e-03 2.378000e-02
31 9.681080e-01 6.948000e-03 2.494400e-02
32 9.668720e-01 6.984000e-03 2.614400e-02
33 9.654280e-01 7.336000e-03 2.723600e-02
34 9.640320e-01 7.312000e-03 2.865600e-02
35 9.626800e-01 7.400000e-03 2.992000e-02
36 9.611800e-01 7.508000e-03 3.131200e-02
37 9.598160e-01 7.676000e-03 3.250800e-02
38 9.585080e-01 7.660000e-03 3.383200e-02
39 9.572640e-01 7.640000e-03 3.509600e-02
40 9.559960e-01 7.432000e-03 3.657200e-02
41 9.547160e-01 7.440000e-03 3.784400e-02
42 9.532680e-01 7.544000e-03 3.918800e-02
43 9.520960e-01 7.500000e-03 4.040400e-02
44 9.508560e-01 7.380000e-03 4.176400e-02
45 9.496120e-01 7.296000e-03 4.309200e-02
46 9.483040e-01 7.292000e-03 4.440400e-02
47 9.469040e-01 7.304000e-03 4.579200e-02
48 9.457080e-01 7.244000e-03 4.704800e-02
49 9.446320e-01 7.048000e-03 4.832000e-02
50 9.434560e-01 7.044000e-03 4.950000e-02
51 9.422200e-01 7.040000e-03 5.074000e-02
52 9.409320e-01 7.016000e-03 5.205200e-02
53 9.396800e-01 6.872000e-03 5.344800e-02
54 9.385360e-01 6.892000e-03 5.457200e-02
55 9.374480e-01 6.748000e-03 5.580400e-02
56 9.363000e-01 6.752000e-03 5.694800e-02
57 9.351400e-01 6.660000e-03 5.820000e-02
58 9.340000e-01 6.628000e-03 5.937200e-02
59 9.328920e-01 6.652000e-03 6.045600e-02
60 9.316720e-01 6.708000e-03 6.162000e-02
61 9.303720e-01 6.768000e-03 6.286000e-02
62 9.291640e-01 6.704000e-03 6.413200e-02
63 9.279680e-01 6.804000e-03 6.522800e-02
64 9.268560e-01 6.776000e-03 6.636800e-02
65 9.257120e-01 6.824000e-03 6.746400e-02
66 9.245880e-01 6.720000e-03 6.869200e-02
67 9.233600e-01 6.716000e-03 6.992400e-02
68 9.221000e-01 6.820000e-03 7.108000e-02
69 9.208120e-01 6.896000e-03 7.229200e-02
70 9.194640e-01 7.196000e-03 7.334000e-02
71 9.181360e-01 7.244000e-03 7.462000e-02
72 9.168200e-01 7.272000e-03 7.590800e-02
73 9.153280e-01 7.480000e-03 7.719200e-02
74 9.137920e-01 7.768000e-03 7.844000e-02
75 9.123680e-01 8.008000e-03 7.962400e-02
76 9.108640e-01 8.212000e-03 8.092400e-02
77 9.093200e-01 8.352000e-03 8.232800e-02
78 9.078240e-01 8.276000e-03 8.390000e-02
79 9.062400e-01 8.448000e-03 8.531200e-02
80 9.048040e-01 8.476000e-03 8.672000e-02
81 9.034480e-01 8.404000e-03 8.814800e-02
82 9.018720e-01 8.524000e-03 8.960400e-02
83 9.004600e-01 8.484000e-03 9.105600e-02
84 8.989360e-01 8.464000e-03 9.260000e-02
85 8.973720e-01 8.552000e-03 9.407600e-02
86 8.956440e-01 8.744000e-03 9.561200e-02
87 8.940960e-01 8.788000e-03 9.711600e-02
88 8.926840e-01 8.744000e-03 9.857200e-02
89 8.911960e-01 8.864000e-03 9.994000e-02
90 8.897680e-01 8.624000e-03 1.016080e-01
91 8.884920e-01 8.380000e-03 1.031280e-01
92 8.869920e-01 8.396000e-03 1.046120e-01
93 8.854800e-01 8.468000e-03 1.060520e-01
94 8.840600e-01 8.444000e-03 1.074960e-01
95 8.827160e-01 8.376000e-03 1.089080e-01
96 8.812480e-01 8.268000e-03 1.104840e-01
97 8.798560e-01 8.224000e-03 1.119200e-01
98 8.785160e-01 8.160000e-03 1.133240e-01
99 8.771760e-01 8.108000e-03 1.147160e-01
100 8.758520e-01 7.984000e-03 1.161640e-01
101 8.745840e-01 7.944000e-03 1.174720e-01
102 8.733200e-01 7.856000e-03 1.188240e-01
103 8.720680e-01 7.712000e-03 1.202200e-01
104 8.709040e-01 7.600000e-03 1.214960e-01
105 8.696320e-01 7.440000e-03 1.229280e-01
106 8.684160e-01 7.216000e-03 1.243680e-01
107 8.671360e-01 7.200000e-03 1.256640e-01
108 8.658400e-01 7.212000e-03 1.269480e-01
109 8.646880e-01 7.184000e-03 1.281280e-01
110 8.635120e-01 7.120000e-03 1.293680e-01
111 8.621560e-01 7.348000e-03 1.304960e-01
112 8.609480e-01 7.272000e-03 1.317800e-01
113 8.596680e-01 7.172000e-03 1.331600e-01
114 8.583840e-01 7.272000e-03 1.343440e-01
115 8.573120e-01 7.140000e-03 1.355480e-01
116 8.561360e-01 7.252000e-03 1.366120e-01
117 8.550200e-01 7.100000e-03 1.378800e-01
118 8.539640e-01 6.836000e-03 1.392000e-01
119 8.528720e-01 6.692000e-03 1.404360e-01
120 8.516320e-01 6.736000e-03 1.416320e-01
121 8.504680e-01 6.680000e-03 1.428520e-01
122 8.493600e-01 6.704000e-03 1.439360e-01
123 8.482880e-01 6.644000e-03 1.450680e-01
124 8.472960e-01 6.556000e-03 1.461480e-01
125 8.462520e-01 6.392000e-03 1.473560e-01
126 8.452240e-01 6.264000e-03 1.485120e-01
127 8.441760e-01 6.216000e-03 1.496080e-01
128 8.429600e-01 6.308000e-03 1.507320e-01
129 8.416280e-01 6.452000e-03 1.519200e-01
130 8.405760e-01 6.372000e-03 1.530520e-01
131 8.393120e-01 6.620000e-03 1.540680e-01
132 8.381760e-01 6.644000e-03 1.551800e-01
133 8.369680e-01 6.704000e-03 1.563280e-01
134 8.355720e-01 7.112000e-03 1.573160e-01
135 8.344440e-01 6.956000e-03 1.586000e-01
136 8.332880e-01 6.748000e-03 1.599640e-01
137 8.321760e-01 6.648000e-03 1.611760e-01
138 8.310240e-01 6.596000e-03 1.623800e-01
139 8.299680e-01 6.508000e-03 1.635240e-01
140 8.288000e-01 6.492000e-03 1.647080e-01
141 8.276440e-01 6.556000e-03 1.658000e-01
142 8.264600e-01 6.588000e-03 1.669520e-01
143 8.252840e-01 6.612000e-03 1.681040e-01
144 8.241880e-01 6.564000e-03 1.692480e-01
145 8.230000e-01 6.660000e-03 1.703400e-01
146 8.218600e-01 6.816000e-03 1.713240e-01
147 8.206760e-01 6.728000e-03 1.725960e-01
148 8.195200e-01 6.616000e-03 1.738640e-01
149 8.183400e-01 6.680000e-03 1.749800e-01
150 8.173280e-01 6.496000e-03 1.761760e-01
151 8.161600e-01 6.532000e-03 1.773080e-01
152 8.151360e-01 6.424000e-03 1.784400e-01
153 8.139680e-01 6.556000e-03 1.794760e-01
154 8.129080e-01 6.428000e-03 1.806640e-01
155 8.117600e-01 6.528000e-03 1.817120e-01
156 8.106480e-01 6.648000e-03 1.827040e-01
157 8.095520e-01 6.572000e-03 1.838760e-01
158 8.084160e-01 6.524000e-03 1.850600e-01
159 8.073520e-01 6.500000e-03 1.861480e-01
160 8.063360e-01 6.352000e-03 1.873120e-01
161 8.053040e-01 6.208000e-03 1.884880e-01
162 8.042440e-01 6.136000e-03 1.896200e-01
163 8.032960e-01 6.112000e-03 1.905920e-01
164 8.022480e-01 6.092000e-03 1.916600e-01
165 8.010640e-01 6.240000e-03 1.926960e-01
166 7.999040e-01 6.272000e-03 1.938240e-01
167 7.988080e-01 6.280000e-03 1.949120e-01
168 7.977600e-01 6.236000e-03 1.960040e-01
169 7.967040e-01 6.276000e-03 1.970200e-01
170 7.957360e-01 6.180000e-03 1.980840e-01
171 7.947840e-01 6.096000e-03 1.991200e-01
172 7.936960e-01 6.032000e-03 2.002720e-01
173 7.927640e-01 6.012000e-03 2.012240e-01
174 7.918240e-01 6.012000e-03 2.021640e-01
175 7.907920e-01 5.984000e-03 2.032240e-01
176 7.898760e-01 5.972000e-03 2.041520e-01
177 7.889680e-01 5.744000e-03 2.052880e-01
178 7.880160e-01 5.688000e-03 2.062960e-01
179 7.871640e-01 5.536000e-03 2.073000e-01
180 7.862840e-01 5.440000e-03 2.082760e-01
181 7.853840e-01 5.404000e-03 2.092120e-01
182 7.843760e-01 5.408000e-03 2.102160e-01
183 7.832920e-01 5.584000e-03 2.111240e-01
184 7.822520e-01 5.696000e-03 2.120520e-01
185 7.810840e-01 5.856000e-03 2.130600e-01
186 7.799240e-01 6.020000e-03 2.140560e-01
187 7.786680e-01 6.244000e-03 2.150880e-01
188 7.774800e-01 6.436000e-03 2.160840e-01
189 7.763520e-01 6.524000e-03 2.171240e-01
190 7.752480e-01 6.468000e-03 2.182840e-01
191 7.741280e-01 6.320000e-03 2.195520e-01
192 7.730640e-01 6.168000e-03 2.207680e-01
193 7.720360e-01 6.108000e-03 2.218560e-01
194 7.710280e-01 6.052000e-03 2.229200e-01
195 7.699640e-01 6.056000e-03 2.239800e-01
196 7.690240e-01 6.004000e-03 2.249720e-01
197 7.680840e-01 5.884000e-03 2.260320e-01
198 7.670920e-01 5.848000e-03 2.270600e-01
199 7.661280e-01 5.732000e-03 2.281400e-01
200 7.653080e-01 5.576000e-03 2.291160e-01
201 7.643560e-01 5.568000e-03 2.300760e-01
202 7.634120e-01 5.468000e-03 2.311200e-01
203 7.625320e-01 5.456000e-03 2.320120e-01
204 7.616960e-01 5.272000e-03 2.330320e-01
205 7.608000e-01 5.280000e-03 2.339200e-01
206 7.599360e-01 5.304000e-03 2.347600e-01
207 7.591320e-01 5.124000e-03 2.357440e-01
208 7.582560e-01 5.132000e-03 2.366120e-01
209 7.574280e-01 4.948000e-03 2.376240e-01
210 7.565880e-01 4.936000e-03 2.384760e-01
211 7.558320e-01 4.872000e-03 2.392960e-01
212 7.550960e-01 4.752000e-03 2.401520e-01
213 7.543040e-01 4.608000e-03 2.410880e-01
214 7.535960e-01 4.548000e-03 2.418560e-01
215 7.528720e-01 4.492000e-03 2.426360e-01
216 7.520880e-01 4.468000e-03 2.434440e-01
217 7.512280e-01 4.492000e-03 2.442800e-01
218 7.505000e-01 4.460000e-03 2.450400e-01
219 7.497640e-01 4.392000e-03 2.458440e-01
220 7.490880e-01 4.324000e-03 2.465880e-01
221 7.483400e-01 4.280000e-03 2.473800e-01
222 7.476760e-01 4.160000e-03 2.481640e-01
223 7.469560e-01 4.156000e-03 2.488880e-01
224 7.462840e-01 4.084000e-03 2.496320e-01
225 7.456600e-01 4.024000e-03 2.503160e-01
226 7.449720e-01 4.016000e-03 2.510120e-01
227 7.443280e-01 3.916000e-03 2.517560e-01
228 7.436720e-01 3.896000e-03 2.524320e-01
229 7.429440e-01 3.920000e-03 2.531360e-01
230 7.422480e-01 3.980000e-03 2.537720e-01
231 7.416040e-01 3.964000e-03 2.544320e-01
232 7.407640e-01 4.116000e-03 2.551200e-01
233 7.400760e-01 4.044000e-03 2.558800e-01
234 7.394280e-01 3.972000e-03 2.566000e-01
235 7.387080e-01 3.932000e-03 2.573600e-01
236 7.379280e-01 3.976000e-03 2.580960e-01
237 7.371320e-01 4.084000e-03 2.587840e-01
238 7.363400e-01 4.128000e-03 2.595320e-01
239 7.355760e-01 4.136000e-03 2.602880e-01
240 7.348600e-01 4.096000e-03 2.610440e-01
241 7.341600e-01 4.072000e-03 2.617680e-01
242 7.334920e-01 4.028000e-03 2.624800e-01
243 7.328600e-01 4.028000e-03 2.631120e-01
244 7.322520e-01 3.996000e-03 2.637520e-01
245 7.315320e-01 3.964000e-03 2.645040e-01
246 7.308640e-01 3.864000e-03 2.652720e-01
247 7.301920e-01 3.860000e-03 2.659480e-01
248 7.294880e-01 3.900000e-03 2.666120e-01
249 7.289360e-01 3.728000e-03 2.673360e-01
250 7.283920e-01 3.604000e-03 2.680040e-01
251 7.276360e-01 3.692000e-03 2.686720e-01
252 7.270600e-01 3.556000e-03 2.693840e-01
253 7.264360e-01 3.608000e-03 2.699560e-01
254 7.257800e-01 3.648000e-03 2.705720e-01
255 7.253120e-01 3.504000e-03 2.711840e-01
256 7.247360e-01 3.484000e-03 2.717800e-01
257 7.241720e-01 3.440000e-03 2.723880e-01
258 7.236080e-01 3.420000e-03 2.729720e-01
259 7.230360e-01 3.396000e-03 2.735680e-01
260 7.223840e-01 3.572000e-03 2.740440e-01
261 7.218640e-01 3.492000e-03 2.746440e-01
262 7.212600e-01 3.432000e-03 2.753080e-01
263 7.206480e-01 3.428000e-03 2.759240e-01
264 7.201000e-01 3.308000e-03 2.765920e-01
265 7.195680e-01 3.212000e-03 2.772200e-01
266 7.189840e-01 3.240000e-03 2.777760e-01
267 7.183560e-01 3.264000e-03 2.783800e-01
268 7.177120e-01 3.404000e-03 2.788840e-01
269 7.170200e-01 3.496000e-03 2.794840e-01
270 7.163200e-01 3.592000e-03 2.800880e-01
271 7.157360e-01 3.468000e-03 2.807960e-01
272 7.151360e-01 3.448000e-03 2.814160e-01
273 7.143800e-01 3.600000e-03 2.820200e-01
274 7.138360e-01 3.588000e-03 2.825760e-01
275 7.132960e-01 3.520000e-03 2.831840e-01
276 7.126880e-01 3.480000e-03 2.838320e-01
277 7.120960e-01 3.464000e-03 2.844400e-01
278 7.115960e-01 3.308000e-03 2.850960e-01
279 7.111080e-01 3.228000e-03 2.856640e-01
280 7.105600e-01 3.188000e-03 2.862520e-01
281 7.100080e-01 3.192000e-03 2.868000e-01
282 7.093840e-01 3.264000e-03 2.873520e-01
283 7.086960e-01 3.348000e-03 2.879560e-01
284 7.080920e-01 3.388000e-03 2.885200e-01
285 7.075080e-01 3.368000e-03 2.891240e-01
286 7.069400e-01 3.304000e-03 2.897560e-01
287 7.063400e-01 3.336000e-03 2.903240e-01
288 7.056840e-01 3.436000e-03 2.908800e-01
289 7.051240e-01 3.428000e-03 2.914480e-01
290 7.045880e-01 3.332000e-03 2.920800e-01
291 7.040400e-01 3.284000e-03 2.926760e-01
292 7.033920e-01 3.412000e-03 2.931960e-01
293 7.027920e-01 3.428000e-03 2.937800e-01
294 7.022440e-01 3.372000e-03 2.943840e-01
295 7.016560e-01 3.300000e-03 2.950440e-01
296 7.010480e-01 3.344000e-03 2.956080e-01
297 7.004760e-01 3.320000e-03 2.962040e-01
298 6.998760e-01 3.332000e-03 2.967920e-01
299 6.992800e-01 3.368000e-03 2.973520e-01
300 6.987360e-01 3.360000e-03 2.979040e-01
301 6.982040e-01 3.312000e-03 2.984840e-01
302 6.976640e-01 3.292000e-03 2.990440e-01
303 6.972120e-01 3.184000e-03 2.996040e-01
304 6.967080e-01 3.120000e-03 3.001720e-01
305 6.962000e-01 3.068000e-03 3.007320e-01
306 6.956880e-01 2.988000e-03 3.013240e-01
307 6.951720e-01 2.976000e-03 3.018520e-01
308 6.946600e-01 2.960000e-03 3.023800e-01
309 6.941160e-01 2.996000e-03 3.028880e-01
310 6.935920e-01 2.996000e-03 3.034120e-01
311 6.930720e-01 2.948000e-03 3.039800e-01
312 6.925000e-01 3.012000e-03 3.044880e-01
313 6.919840e-01 2.948000e-03 3.050680e-01
314 6.914560e-01 3.000000e-03 3.055440e-01
315 6.908480e-01 3.132000e-03 3.060200e-01
316 6.902400e-01 3.196000e-03 3.065640e-01
317 6.896960e-01 3.176000e-03 3.071280e-01
318 6.891560e-01 3.164000e-03 3.076800e-01
319 6.887360e-01 3.048000e-03 3.082160e-01
320 6.883480e-01 2.984000e-03 3.086680e-01
321 6.878880e-01 2.920000e-03 3.091920e-01
322 6.874360e-01 2.844000e-03 3.097200e-01
323 6.869480e-01 2.908000e-03 3.101440e-01
324 6.864840e-01 2.908000e-03 3.106080e-01
325 6.860240e-01 2.852000e-03 3.111240e-01
326 6.854360e-01 2.928000e-03 3.116360e-01
327 6.848840e-01 2.996000e-03 3.121200e-01
328 6.843160e-01 2.988000e-03 3.126960e-01
329 6.837680e-01 3.028000e-03 3.132040e-01
330 6.833160e-01 2.936000e-03 3.137480e-01
331 6.827680e-01 2.960000e-03 3.142720e-01
332 6.823760e-01 2.944000e-03 3.146800e-01
333 6.819400e-01 2.896000e-03 3.151640e-01
334 6.815120e-01 2.852000e-03 3.156360e-01
335 6.809520e-01 2.956000e-03 3.160920e-01
336 6.804640e-01 2.848000e-03 3.166880e-01
337 6.800240e-01 2.732000e-03 3.172440e-01
338 6.795880e-01 2.680000e-03 3.177320e-01
339 6.791160e-01 2.704000e-03 3.181800e-01
340 6.787040e-01 2.656000e-03 3.186400e-01
341 6.782640e-01 2.652000e-03 3.190840e-01
342 6.778520e-01 2.632000e-03 3.195160e-01
343 6.773800e-01 2.652000e-03 3.199680e-01
344 6.770040e-01 2.560000e-03 3.204360e-01
345 6.766560e-01 2.504000e-03 3.208400e-01
346 6.762480e-01 2.448000e-03 3.213040e-01
347 6.758160e-01 2.504000e-03 3.216800e-01
348 6.754400e-01 2.464000e-03 3.220960e-01
349 6.749680e-01 2.520000e-03 3.225120e-01
350 6.745720e-01 2.472000e-03 3.229560e-01
351 6.741640e-01 2.480000e-03 3.233560e-01
352 6.738120e-01 2.384000e-03 3.238040e-01
353 6.734280e-01 2.288000e-03 3.242840e-01
354 6.730200e-01 2.284000e-03 3.246960e-01
355 6.726760e-01 2.216000e-03 3.251080e-01
356 6.722880e-01 2.244000e-03 3.254680e-01
357 6.719880e-01 2.136000e-03 3.258760e-01
358 6.717000e-01 2.052000e-03 3.262480e-01
359 6.714280e-01 1.972000e-03 3.266000e-01
360 6.711440e-01 1.888000e-03 3.269680e-01
361 6.708480e-01 1.836000e-03 3.273160e-01
362 6.705720e-01 1.836000e-03 3.275920e-01
363 6.702800e-01 1.844000e-03 3.278760e-01
364 6.699640e-01 1.856000e-03 3.281800e-01
365 6.696160e-01 1.880000e-03 3.285040e-01
366 6.693040e-01 1.876000e-03 3.288200e-01
367 6.690040e-01 1.864000e-03 3.291320e-01
368 6.686320e-01 1.924000e-03 3.294440e-01
369 6.683040e-01 1.952000e-03 3.297440e-01
370 6.679960e-01 1.904000e-03 3.301000e-01
371 6.676960e-01 1.872000e-03 3.304320e-01
372 6.673800e-01 1.896000e-03 3.307240e-01
373 6.671320e-01 1.816000e-03 3.310520e-01
374 6.668360e-01 1.792000e-03 3.313720e-01
375 6.665560e-01 1.748000e-03 3.316960e-01
376 6.662920e-01 1.680000e-03 3.320280e-01
377 6.659560e-01 1.740000e-03 3.323040e-01
378 6.656480e-01 1.764000e-03 3.325880e-01
379 6.653640e-01 1.752000e-03 3.328840e-01
380 6.650960e-01 1.652000e-03 3.332520e-01
381 6.648800e-01 1.624000e-03 3.334960e-01
382 6.645920e-01 1.648000e-03 3.337600e-01
383 6.643320e-01 1.624000e-03 3.340440e-01
384 6.639920e-01 1.692000e-03 3.343160e-01
385 6.637080e-01 1.668000e-03 3.346240e-01
386 6.633760e-01 1.696000e-03 3.349280e-01
387 6.630560e-01 1.668000e-03 3.352760e-01
388 6.627200e-01 1.752000e-03 3.355280e-01
389 6.624000e-01 1.732000e-03 3.358680e-01
390 6.621120e-01 1.748000e-03 3.361400e-01
391 6.617400e-01 1.828000e-03 3.364320e-01
392 6.614000e-01 1.828000e-03 3.367720e-01
393 6.609840e-01 1.916000e-03 3.371000e-01
394 6.606120e-01 1.932000e-03 3.374560e-01
395 6.602480e-01 1.880000e-03 3.378720e-01
396 6.598640e-01 1.928000e-03 3.382080e-01
397 6.596000e-01 1.840000e-03 3.385600e-01
398 6.592880e-01 1.844000e-03 3.388680e-01
399 6.589680e-01 1.836000e-03 3.391960e-01
400 6.587360e-01 1.768000e-03 3.394960e-01
401 6.584280e-01 1.772000e-03 3.398000e-01
402 6.580840e-01 1.824000e-03 3.400920e-01
403 6.577680e-01 1.776000e-03 3.404560e-01
404 6.574920e-01 1.724000e-03 3.407840e-01
405 6.572280e-01 1.760000e-03 3.410120e-01
406 6.568440e-01 1.868000e-03 3.412880e-01
407 6.564640e-01 1.912000e-03 3.416240e-01
408 6.560800e-01 1.960000e-03 3.419600e-01
409 6.557200e-01 1.912000e-03 3.423680e-01
410 6.554160e-01 1.904000e-03 3.426800e-01
411 6.551520e-01 1.888000e-03 3.429600e-01
412 6.548200e-01 1.876000e-03 3.433040e-01
413 6.544880e-01 1.864000e-03 3.436480e-01
414 6.541680e-01 1.892000e-03 3.439400e-01
415 6.538720e-01 1.820000e-03 3.443080e-01
416 6.535440e-01 1.816000e-03 3.446400e-01
417 6.532040e-01 1.860000e-03 3.449360e-01
418 6.529000e-01 1.880000e-03 3.452200e-01
419 6.526440e-01 1.876000e-03 3.454800e-01
420 6.523160e-01 1.836000e-03 3.458480e-01
421 6.520440e-01 1.800000e-03 3.461560e-01
422 6.517320e-01 1.800000e-03 3.464680e-01
423 6.514000e-01 1.784000e-03 3.468160e-01
424 6.511440e-01 1.744000e-03 3.471120e-01
425 6.507920e-01 1.824000e-03 3.473840e-01
426 6.505200e-01 1.732000e-03 3.477480e-01
427 6.501560e-01 1.840000e-03 3.480040e-01
428 6.498720e-01 1.784000e-03 3.483440e-01
429 6.496600e-01 1.696000e-03 3.486440e-01
430 6.493760e-01 1.648000e-03 3.489760e-01
431 6.491120e-01 1.664000e-03 3.492240e-01
432 6.488080e-01 1.628000e-03 3.495640e-01
433 6.484920e-01 1.680000e-03 3.498280e-01
434 6.482160e-01 1.608000e-03 3.501760e-01
435 6.480200e-01 1.556000e-03 3.504240e-01
436 6.477640e-01 1.556000e-03 3.506800e-01
437 6.474880e-01 1.548000e-03 3.509640e-01
438 6.472400e-01 1.496000e-03 3.512640e-01
439 6.470040e-01 1.488000e-03 3.515080e-01
440 6.467640e-01 1.472000e-03 3.517640e-01
441 6.464720e-01 1.516000e-03 3.520120e-01
442 6.461880e-01 1.528000e-03 3.522840e-01
443 6.459400e-01 1.512000e-03 3.525480e-01
444 6.457400e-01 1.432000e-03 3.528280e-01
445 6.454640e-01 1.412000e-03 3.531240e-01
446 6.452120e-01 1.416000e-03 3.533720e-01
447 6.449280e-01 1.412000e-03 3.536600e-01
448 6.446880e-01 1.376000e-03 3.539360e-01
449 6.444000e-01 1.352000e-03 3.542480e-01
450 6.442080e-01 1.356000e-03 3.544360e-01
451 6.439320e-01 1.360000e-03 3.547080e-01
452 6.436880e-01 1.404000e-03 3.549080e-01
453 6.434680e-01 1.328000e-03 3.552040e-01
454 6.432120e-01 1.332000e-03 3.554560e-01
455 6.429840e-01 1.368000e-03 3.556480e-01
456 6.426880e-01 1.384000e-03 3.559280e-01
457 6.424720e-01 1.368000e-03 3.561600e-01
458 6.422600e-01 1.364000e-03 3.563760e-01
459 6.419760e-01 1.424000e-03 3.566000e-01
460 6.417520e-01 1.444000e-03 3.568040e-01
461 6.415360e-01 1.408000e-03 3.570560e-01
462 6.413400e-01 1.364000e-03 3.572960e-01
463 6.411280e-01 1.308000e-03 3.575640e-01
464 6.408800e-01 1.320000e-03 3.578000e-01
465 6.406280e-01 1.356000e-03 3.580160e-01
466 6.404160e-01 1.336000e-03 3.582480e-01
467 6.402240e-01 1.320000e-03 3.584560e-01
468 6.400320e-01 1.268000e-03 3.587000e-01
469 6.398960e-01 1.176000e-03 3.589280e-01
470 6.396960e-01 1.124000e-03 3.591800e-01
471 6.395320e-01 1.092000e-03 3.593760e-01
472 6.393520e-01 1.080000e-03 3.595680e-01
473 6.391760e-01 1.088000e-03 3.597360e-01
474 6.389800e-01 1.100000e-03 3.599200e-01
475 6.387840e-01 1.116000e-03 3.601000e-01
476 6.386200e-01 1.144000e-03 3.602360e-01
477 6.385080e-01 1.076000e-03 3.604160e-01
478 6.383240e-01 1.088000e-03 3.605880e-01
479 6.381960e-01 1.044000e-03 3.607600e-01
480 6.379800e-01 1.048000e-03 3.609720e-01
481 6.378520e-01 1.012000e-03 3.611360e-01
482 6.377280e-01 9.600000e-04 3.613120e-01
483 6.375400e-01 9.760000e-04 3.614840e-01
484 6.373680e-01 9.800000e-04 3.616520e-01
485 6.371880e-01 1.028000e-03 3.617840e-01
486 6.370640e-01 9.680000e-04 3.619680e-01
487 6.368880e-01 9.760000e-04 3.621360e-01
488 6.367480e-01 9.520000e-04 3.623000e-01
489 6.366200e-01 9.280000e-04 3.624520e-01
490 6.365000e-01 9.080000e-04 3.625920e-01
491 6.363560e-01 9.160000e-04 3.627280e-01
492 6.362680e-01 8.360000e-04 3.628960e-01
493 6.361520e-01 7.960000e-04 3.630520e-01
494 6.360560e-01 7.480000e-04 3.631960e-01
495 6.359800e-01 7.000000e-04 3.633200e-01
496 6.359240e-01 6.560000e-04 3.634200e-01
497 6.358360e-01 6.120000e-04 3.635520e-01
498 6.357240e-01 5.960000e-04 3.636800e-01
499 6.356160e-01 5.800000e-04 3.638040e-01
500 6.355480e-01 5.280000e-04 3.639240e-01
