1 9.992080e-01 6.840000e-04 1.080000e-04
2 9.986440e-01 1.104000e-03 2.520000e-04
3 9.980320e-01 1.488000e-03 4.800000e-04
4 9.972840e-01 1.956000e-03 7.600000e-04
5 9.964760e-01 2.332000e-03 1.192000e-03
6 9.956800e-01 2.672000e-03 1.648000e-03
7 9.948840e-01 2.988000e-03 2.128000e-03
8 9.939160e-01 3.372000e-03 2.712000e-03
9 9.929000e-01 3.784000e-03 3.316000e-03
10 9.919680e-01 3.968000e-03 4.064000e-03
11 9.908840e-01 4.256000e-03 4.860000e-03
12 9.899920e-01 4.440000e-03 5.568000e-03
13 9.889680e-01 4.656000e-03 6.376000e-03
14 9.878840e-01 4.908000e-03 7.208000e-03
15 9.867080e-01 5.244000e-03 8.048000e-03
16 9.855480e-01 5.488000e-03 8.964000e-03
17 9.843400e-01 5.704000e-03 9.956000e-03
18 9.832080e-01 5.784000e-03 1.100800e-02
19 9.820080e-01 5.900000e-03 1.209200e-02
20 9.806400e-01 6.144000e-03 1.321600e-02
21 9.792800e-01 6.496000e-03 1.422400e-02
22 9.780280e-01 6.612000e-03 1.536000e-02
23 9.765760e-01 7.032000e-03 1.639200e-02
24 9.751760e-01 7.108000e-03 1.771600e-02
25 9.737600e-01 7.284000e-03 1.895600e-02
26 9.723680e-01 7.416000e-03 2.021600e-02
27 9.709960e-01 7.564000e-03 2.144000e-02
28 9.696960e-01 7.396000e-03 2.290800e-02
29 9.684240e-01 7.328000e-03 2.424800e-02
30 9.670960e-01 7.208000e-03 2.569600e-02
31 9.657160e-01 7.324000e-03 2.696000e-02
32 9.642720e-01 7.400000e-03 2.832800e-02
33 9.627840e-01 7.560000e-03 2.965600e-02
34 9.612680e-01 7.728000e-03 3.100400e-02
35 9.599000e-01 7.804000e-03 3.229600e-02
36 9.584320e-01 7.892000e-03 3.367600e-02
37 9.569600e-01 7.920000e-03 3.512000e-02
38 9.554960e-01 8.012000e-03 3.649200e-02
39 9.541920e-01 7.924000e-03 3.788400e-02
40 9.527600e-01 7.860000e-03 3.938000e-02
41 9.511960e-01 8.044000e-03 4.076000e-02
42 9.498400e-01 7.972000e-03 4.218800e-02
43 9.483840e-01 8.092000e-03 4.352400e-02
44 9.467760e-01 8.236000e-03 4.498800e-02
45 9.452440e-01 8.360000e-03 4.639600e-02
46 9.435760e-01 8.504000e-03 4.792000e-02
47 9.419360e-01 8.624000e-03 4.944000e-02
48 9.402600e-01 8.644000e-03 5.109600e-02
49 9.385200e-01 8.828000e-03 5.265200e-02
50 9.368680e-01 8.916000e-03 5.421600e-02
51 9.352000e-01 9.024000e-03 5.577600e-02
52 9.334760e-01 9.052000e-03 5.747200e-02
53 9.318600e-01 9.176000e-03 5.896400e-02
54 9.299880e-01 9.500000e-03 6.051200e-02
55 9.282400e-01 9.572000e-03 6.218800e-02
56 9.264560e-01 9.632000e-03 6.391200e-02
57 9.247760e-01 9.688000e-03 6.553600e-02
58 9.231280e-01 9.516000e-03 6.735600e-02
59 9.214800e-01 9.528000e-03 6.899200e-02
60 9.197960e-01 9.528000e-03 7.067600e-02
61 9.183120e-01 9.328000e-03 7.236000e-02
62 9.167080e-01 9.260000e-03 7.403200e-02
63 9.149600e-01 9.468000e-03 7.557200e-02
64 9.132920e-01 9.348000e-03 7.736000e-02
65 9.115800e-01 9.284000e-03 7.913600e-02
66 9.101960e-01 9.056000e-03 8.074800e-02
67 9.084680e-01 9.228000e-03 8.230400e-02
68 9.067960e-01 9.328000e-03 8.387600e-02
69 9.050800e-01 9.484000e-03 8.543600e-02
70 9.034120e-01 9.500000e-03 8.708800e-02
71 9.018040e-01 9.464000e-03 8.873200e-02
72 9.002680e-01 9.332000e-03 9.040000e-02
73 8.985720e-01 9.420000e-03 9.200800e-02
74 8.972680e-01 8.980000e-03 9.375200e-02
75 8.959360e-01 8.700000e-03 9.536400e-02
76 8.945920e-01 8.428000e-03 9.698000e-02
77 8.930920e-01 8.348000e-03 9.856000e-02
78 8.917560e-01 8.156000e-03 1.000880e-01
79 8.903840e-01 8.116000e-03 1.015000e-01
80 8.889880e-01 7.968000e-03 1.030440e-01
81 8.875680e-01 7.968000e-03 1.044640e-01
82 8.861280e-01 8.060000e-03 1.058120e-01
83 8.847760e-01 8.040000e-03 1.071840e-01
84 8.835680e-01 7.892000e-03 1.085400e-01
85 8.822160e-01 7.924000e-03 1.098600e-01
86 8.807880e-01 8.016000e-03 1.111960e-01
87 8.792400e-01 8.084000e-03 1.126760e-01
88 8.778120e-01 8.168000e-03 1.140200e-01
89 8.763400e-01 8.208000e-03 1.154520e-01
90 8.749120e-01 8.256000e-03 1.168320e-01
91 8.735960e-01 8.096000e-03 1.183080e-01
92 8.721560e-01 8.140000e-03 1.197040e-01
93 8.707200e-01 8.024000e-03 1.212560e-01
94 8.693440e-01 7.984000e-03 1.226720e-01
95 8.680160e-01 7.872000e-03 1.241120e-01
96 8.665000e-01 8.060000e-03 1.254400e-01
97 8.651640e-01 7.924000e-03 1.269120e-01
98 8.636400e-01 8.064000e-03 1.282960e-01
99 8.622120e-01 8.028000e-03 1.297600e-01
100 8.607600e-01 8.080000e-03 1.311600e-01
101 8.593080e-01 8.044000e-03 1.326480e-01
102 8.579600e-01 7.948000e-03 1.340920e-01
103 8.565160e-01 8.100000e-03 1.353840e-01
104 8.550400e-01 8.368000e-03 1.365920e-01
105 8.533680e-01 8.612000e-03 1.380200e-01
106 8.517160e-01 8.788000e-03 1.394960e-01
107 8.501880e-01 8.712000e-03 1.411000e-01
108 8.485760e-01 8.764000e-03 1.426600e-01
109 8.470400e-01 8.756000e-03 1.442040e-01
110 8.454160e-01 8.944000e-03 1.456400e-01
111 8.437360e-01 9.076000e-03 1.471880e-01
112 8.420640e-01 9.072000e-03 1.488640e-01
113 8.405840e-01 8.816000e-03 1.506000e-01
114 8.391000e-01 8.848000e-03 1.520520e-01
115 8.375600e-01 8.856000e-03 1.535840e-01
116 8.360720e-01 8.792000e-03 1.551360e-01
117 8.346600e-01 8.608000e-03 1.567320e-01
118 8.333320e-01 8.440000e-03 1.582280e-01
119 8.319440e-01 8.360000e-03 1.596960e-01
120 8.304800e-01 8.408000e-03 1.611120e-01
121 8.291760e-01 8.232000e-03 1.625920e-01
122 8.278800e-01 8.100000e-03 1.640200e-01
123 8.264320e-01 8.212000e-03 1.653560e-01
124 8.250840e-01 8.136000e-03 1.667800e-01
125 8.238280e-01 7.840000e-03 1.683320e-01
126 8.225200e-01 7.840000e-03 1.696400e-01
127 8.214440e-01 7.552000e-03 1.710040e-01
128 8.203800e-01 7.248000e-03 1.723720e-01
129 8.193360e-01 6.952000e-03 1.737120e-01
130 8.181520e-01 6.864000e-03 1.749840e-01
131 8.170520e-01 6.736000e-03 1.762120e-01
132 8.158760e-01 6.676000e-03 1.774480e-01
133 8.148800e-01 6.472000e-03 1.786480e-01
134 8.139080e-01 6.324000e-03 1.797680e-01
135 8.128760e-01 6.236000e-03 1.808880e-01
136 8.117800e-01 6.264000e-03 1.819560e-01
137 8.107560e-01 6.212000e-03 1.830320e-01
138 8.096320e-01 6.324000e-03 1.840440e-01
139 8.085040e-01 6.324000e-03 1.851720e-01
140 8.073800e-01 6.316000e-03 1.863040e-01
141 8.064200e-01 6.172000e-03 1.874080e-01
142 8.053480e-01 6.200000e-03 1.884520e-01
143 8.042560e-01 6.152000e-03 1.895920e-01
144 8.032600e-01 6.048000e-03 1.906920e-01
145 8.021440e-01 6.112000e-03 1.917440e-01
146 8.008320e-01 6.312000e-03 1.928560e-01
147 7.996720e-01 6.428000e-03 1.939000e-01
148 7.985160e-01 6.352000e-03 1.951320e-01
149 7.972640e-01 6.456000e-03 1.962800e-01
150 7.961040e-01 6.460000e-03 1.974360e-01
151 7.949880e-01 6.492000e-03 1.985200e-01
152 7.937880e-01 6.528000e-03 1.996840e-01
153 7.925760e-01 6.584000e-03 2.008400e-01
154 7.916440e-01 6.468000e-03 2.018880e-01
155 7.905600e-01 6.472000e-03 2.029680e-01
156 7.894720e-01 6.436000e-03 2.040920e-01
157 7.884960e-01 6.196000e-03 2.053080e-01
158 7.873960e-01 6.220000e-03 2.063840e-01
159 7.863120e-01 6.284000e-03 2.074040e-01
160 7.851480e-01 6.420000e-03 2.084320e-01
161 7.840240e-01 6.436000e-03 2.095400e-01
162 7.829520e-01 6.252000e-03 2.107960e-01
163 7.817760e-01 6.396000e-03 2.118280e-01
164 7.805040e-01 6.476000e-03 2.130200e-01
165 7.793840e-01 6.408000e-03 2.142080e-01
166 7.783600e-01 6.264000e-03 2.153760e-01
167 7.772600e-01 6.312000e-03 2.164280e-01
168 7.760640e-01 6.492000e-03 2.174440e-01
169 7.748120e-01 6.624000e-03 2.185640e-01
170 7.735320e-01 6.832000e-03 2.196360e-01
171 7.724960e-01 6.712000e-03 2.207920e-01
172 7.714440e-01 6.708000e-03 2.218480e-01
173 7.702960e-01 6.688000e-03 2.230160e-01
174 7.693320e-01 6.468000e-03 2.242000e-01
175 7.682200e-01 6.552000e-03 2.252280e-01
176 7.671600e-01 6.440000e-03 2.264000e-01
177 7.658760e-01 6.568000e-03 2.275560e-01
178 7.646800e-01 6.616000e-03 2.287040e-01
179 7.634600e-01 6.764000e-03 2.297760e-01
180 7.621600e-01 6.948000e-03 2.308920e-01
181 7.608800e-01 6.968000e-03 2.321520e-01
182 7.596120e-01 6.952000e-03 2.334360e-01
183 7.583680e-01 7.008000e-03 2.346240e-01
184 7.571640e-01 7.060000e-03 2.357760e-01
185 7.559920e-01 7.072000e-03 2.369360e-01
186 7.549200e-01 6.828000e-03 2.382520e-01
187 7.538040e-01 6.804000e-03 2.393920e-01
188 7.526880e-01 6.688000e-03 2.406240e-01
189 7.515280e-01 6.752000e-03 2.417200e-01
190 7.504920e-01 6.584000e-03 2.429240e-01
191 7.493200e-01 6.608000e-03 2.440720e-01
192 7.481560e-01 6.524000e-03 2.453200e-01
193 7.470160e-01 6.540000e-03 2.464440e-01
194 7.459240e-01 6.460000e-03 2.476160e-01
195 7.448280e-01 6.324000e-03 2.488480e-01
196 7.437880e-01 6.260000e-03 2.499520e-01
197 7.427160e-01 6.248000e-03 2.510360e-01
198 7.417760e-01 6.108000e-03 2.521160e-01
199 7.407960e-01 6.044000e-03 2.531600e-01
200 7.396360e-01 6.088000e-03 2.542760e-01
201 7.385160e-01 6.128000e-03 2.553560e-01
202 7.375080e-01 6.100000e-03 2.563920e-01
203 7.364800e-01 6.124000e-03 2.573960e-01
204 7.354040e-01 6.168000e-03 2.584280e-01
205 7.343280e-01 6.216000e-03 2.594560e-01
206 7.333200e-01 6.144000e-03 2.605360e-01
207 7.323280e-01 6.120000e-03 2.615520e-01
208 7.312720e-01 6.152000e-03 2.625760e-01
209 7.302800e-01 5.960000e-03 2.637600e-01
210 7.292960e-01 5.860000e-03 2.648440e-01
211 7.281720e-01 5.868000e-03 2.659600e-01
212 7.271960e-01 5.740000e-03 2.670640e-01
213 7.261440e-01 5.892000e-03 2.679640e-01
214 7.251520e-01 5.784000e-03 2.690640e-01
215 7.242200e-01 5.720000e-03 2.700600e-01
216 7.232800e-01 5.596000e-03 2.711240e-01
217 7.223800e-01 5.504000e-03 2.721160e-01
218 7.214480e-01 5.488000e-03 2.730640e-01
219 7.204240e-01 5.608000e-03 2.739680e-01
220 7.194800e-01 5.580000e-03 2.749400e-01
221 7.185920e-01 5.516000e-03 2.758920e-01
222 7.177800e-01 5.384000e-03 2.768360e-01
223 7.169360e-01 5.312000e-03 2.777520e-01
224 7.161000e-01 5.296000e-03 2.786040e-01
225 7.152160e-01 5.172000e-03 2.796120e-01
226 7.143840e-01 5.152000e-03 2.804640e-01
227 7.136120e-01 5.088000e-03 2.813000e-01
228 7.128240e-01 4.984000e-03 2.821920e-01
229 7.120440e-01 5.060000e-03 2.828960e-01
230 7.111240e-01 5.048000e-03 2.838280e-01
231 7.103280e-01 4.984000e-03 2.846880e-01
232 7.094640e-01 4.908000e-03 2.856280e-01
233 7.086080e-01 4.892000e-03 2.865000e-01
234 7.078600e-01 4.728000e-03 2.874120e-01
235 7.071000e-01 4.668000e-03 2.882320e-01
236 7.064000e-01 4.544000e-03 2.890560e-01
237 7.057240e-01 4.492000e-03 2.897840e-01
238 7.050000e-01 4.368000e-03 2.906320e-01
239 7.043000e-01 4.260000e-03 2.914400e-01
240 7.036640e-01 4.152000e-03 2.921840e-01
241 7.028800e-01 4.248000e-03 2.928720e-01
242 7.021680e-01 4.224000e-03 2.936080e-01
243 7.015000e-01 4.072000e-03 2.944280e-01
244 7.008720e-01 3.972000e-03 2.951560e-01
245 7.001720e-01 4.052000e-03 2.957760e-01
246 6.994880e-01 4.064000e-03 2.964480e-01
247 6.987960e-01 4.068000e-03 2.971360e-01
248 6.981440e-01 3.988000e-03 2.978680e-01
249 6.975320e-01 3.956000e-03 2.985120e-01
250 6.968240e-01 4.008000e-03 2.991680e-01
251 6.962840e-01 3.868000e-03 2.998480e-01
252 6.956360e-01 3.864000e-03 3.005000e-01
253 6.950400e-01 3.844000e-03 3.011160e-01
254 6.945080e-01 3.656000e-03 3.018360e-01
255 6.938720e-01 3.636000e-03 3.024920e-01
256 6.933360e-01 3.580000e-03 3.030840e-01
257 6.926760e-01 3.596000e-03 3.037280e-01
258 6.921800e-01 3.472000e-03 3.043480e-01
259 6.915960e-01 3.380000e-03 3.050240e-01
260 6.909720e-01 3.376000e-03 3.056520e-01
261 6.904240e-01 3.348000e-03 3.062280e-01
262 6.900080e-01 3.212000e-03 3.067800e-01
263 6.895400e-01 3.132000e-03 3.073280e-01
264 6.889920e-01 3.164000e-03 3.078440e-01
265 6.885600e-01 3.100000e-03 3.083400e-01
266 6.879640e-01 3.080000e-03 3.089560e-01
267 6.873680e-01 3.180000e-03 3.094520e-01
268 6.867560e-01 3.272000e-03 3.099720e-01
269 6.862240e-01 3.196000e-03 3.105800e-01
270 6.856680e-01 3.252000e-03 3.110800e-01
271 6.851520e-01 3.168000e-03 3.116800e-01
272 6.845520e-01 3.256000e-03 3.121920e-01
273 6.839240e-01 3.368000e-03 3.127080e-01
274 6.832760e-01 3.348000e-03 3.133760e-01
275 6.827400e-01 3.220000e-03 3.140400e-01
276 6.821920e-01 3.176000e-03 3.146320e-01
277 6.816240e-01 3.260000e-03 3.151160e-01
278 6.810520e-01 3.220000e-03 3.157280e-01
279 6.805680e-01 3.160000e-03 3.162720e-01
280 6.800440e-01 3.092000e-03 3.168640e-01
281 6.795800e-01 2.968000e-03 3.174520e-01
282 6.790960e-01 2.936000e-03 3.179680e-01
283 6.786600e-01 2.856000e-03 3.184840e-01
284 6.781960e-01 2.812000e-03 3.189920e-01
285 6.777720e-01 2.688000e-03 3.195400e-01
286 6.773600e-01 2.708000e-03 3.199320e-01
287 6.769800e-01 2.656000e-03 3.203640e-01
288 6.765400e-01 2.612000e-03 3.208480e-01
289 6.760200e-01 2.676000e-03 3.213040e-01
290 6.756640e-01 2.536000e-03 3.218000e-01
291 6.752280e-01 2.504000e-03 3.222680e-01
292 6.748080e-01 2.460000e-03 3.227320e-01
293 6.743520e-01 2.504000e-03 3.231440e-01
294 6.740040e-01 2.408000e-03 3.235880e-01
295 6.736240e-01 2.312000e-03 3.240640e-01
296 6.732160e-01 2.260000e-03 3.245240e-01
297 6.728240e-01 2.328000e-03 3.248480e-01
298 6.724120e-01 2.364000e-03 3.252240e-01
299 6.719800e-01 2.368000e-03 3.256520e-01
300 6.715920e-01 2.360000e-03 3.260480e-01
301 6.712000e-01 2.348000e-03 3.264520e-01
302 6.707320e-01 2.376000e-03 3.268920e-01
303 6.702960e-01 2.296000e-03 3.274080e-01
304 6.698000e-01 2.344000e-03 3.278560e-01
305 6.694000e-01 2.272000e-03 3.283280e-01
306 6.690440e-01 2.212000e-03 3.287440e-01
307 6.686200e-01 2.312000e-03 3.290680e-01
308 6.681640e-01 2.356000e-03 3.294800e-01
309 6.677560e-01 2.460000e-03 3.297840e-01
310 6.673680e-01 2.444000e-03 3.301880e-01
311 6.670000e-01 2.440000e-03 3.305600e-01
312 6.666560e-01 2.384000e-03 3.309600e-01
313 6.662920e-01 2.328000e-03 3.313800e-01
314 6.659760e-01 2.264000e-03 3.317600e-01
315 6.656600e-01 2.224000e-03 3.321160e-01
316 6.653200e-01 2.192000e-03 3.324880e-01
317 6.649760e-01 2.160000e-03 3.328640e-01
318 6.646120e-01 2.176000e-03 3.332120e-01
319 6.641920e-01 2.192000e-03 3.336160e-01
320 6.637520e-01 2.220000e-03 3.340280e-01
321 6.633640e-01 2.268000e-03 3.343680e-01
322 6.630520e-01 2.148000e-03 3.348000e-01
323 6.626240e-01 2.156000e-03 3.352200e-01
324 6.622680e-01 2.152000e-03 3.355800e-01
325 6.618040e-01 2.256000e-03 3.359400e-01
326 6.613600e-01 2.296000e-03 3.363440e-01
327 6.609760e-01 2.292000e-03 3.367320e-01
328 6.605920e-01 2.264000e-03 3.371440e-01
329 6.602520e-01 2.196000e-03 3.375520e-01
330 6.599040e-01 2.176000e-03 3.379200e-01
331 6.596040e-01 2.084000e-03 3.383120e-01
332 6.591800e-01 2.092000e-03 3.387280e-01
333 6.588240e-01 2.000000e-03 3.391760e-01
334 6.584840e-01 1.992000e-03 3.395240e-01
335 6.580960e-01 2.056000e-03 3.398480e-01
336 6.577240e-01 1.992000e-03 3.402840e-01
337 6.574280e-01 1.972000e-03 3.406000e-01
338 6.571440e-01 1.840000e-03 3.410160e-01
339 6.568520e-01 1.808000e-03 3.413400e-01
340 6.565720e-01 1.804000e-03 3.416240e-01
341 6.561880e-01 1.860000e-03 3.419520e-01
342 6.558080e-01 1.912000e-03 3.422800e-01
343 6.554760e-01 1.916000e-03 3.426080e-01
344 6.551360e-01 1.936000e-03 3.429280e-01
345 6.547200e-01 2.024000e-03 3.432560e-01
346 6.543640e-01 1.992000e-03 3.436440e-01
347 6.540320e-01 1.936000e-03 3.440320e-01
348 6.537640e-01 1.840000e-03 3.443960e-01
349 6.535440e-01 1.784000e-03 3.446720e-01
350 6.532480e-01 1.732000e-03 3.450200e-01
351 6.530000e-01 1.668000e-03 3.453320e-01
352 6.527920e-01 1.612000e-03 3.455960e-01
353 6.525360e-01 1.632000e-03 3.458320e-01
354 6.522080e-01 1.700000e-03 3.460920e-01
355 6.519320e-01 1.700000e-03 3.463680e-01
356 6.516280e-01 1.708000e-03 3.466640e-01
357 6.513160e-01 1.720000e-03 3.469640e-01
358 6.510480e-01 1.636000e-03 3.473160e-01
359 6.507440e-01 1.688000e-03 3.475680e-01
360 6.504800e-01 1.644000e-03 3.478760e-01
361 6.501480e-01 1.708000e-03 3.481440e-01
362 6.499160e-01 1.668000e-03 3.484160e-01
363 6.496560e-01 1.624000e-03 3.487200e-01
364 6.494720e-01 1.528000e-03 3.490000e-01
365 6.492920e-01 1.424000e-03 3.492840e-01
366 6.491640e-01 1.288000e-03 3.495480e-01
367 6.489800e-01 1.240000e-03 3.497800e-01
368 6.488440e-01 1.184000e-03 3.499720e-01
369 6.485960e-01 1.216000e-03 3.501880e-01
370 6.484480e-01 1.128000e-03 3.504240e-01
371 6.483320e-01 1.056000e-03 3.506120e-01
372 6.481640e-01 1.072000e-03 3.507640e-01
373 6.479800e-01 1.088000e-03 3.509320e-01
374 6.478440e-01 1.024000e-03 3.511320e-01
375 6.476000e-01 1.116000e-03 3.512840e-01
376 6.473840e-01 1.152000e-03 3.514640e-01
377 6.471640e-01 1.116000e-03 3.517200e-01
378 6.469520e-01 1.172000e-03 3.518760e-01
379 6.467320e-01 1.140000e-03 3.521280e-01
380 6.465400e-01 1.168000e-03 3.522920e-01
381 6.463320e-01 1.132000e-03 3.525360e-01
382 6.461520e-01 1.156000e-03 3.526920e-01
383 6.459920e-01 1.100000e-03 3.529080e-01
384 6.458680e-01 1.048000e-03 3.530840e-01
385 6.456880e-01 1.044000e-03 3.532680e-01
386 6.455480e-01 1.020000e-03 3.534320e-01
387 6.453880e-01 1.016000e-03 3.535960e-01
388 6.452120e-01 1.016000e-03 3.537720e-01
389 6.450440e-01 1.032000e-03 3.539240e-01
390 6.449280e-01 9.400000e-04 3.541320e-01
391 6.448160e-01 9.160000e-04 3.542680e-01
392 6.447120e-01 8.760000e-04 3.544120e-01
393 6.445920e-01 8.640000e-04 3.545440e-01
394 6.444600e-01 8.760000e-04 3.546640e-01
395 6.443680e-01 8.320000e-04 3.548000e-01
396 6.442400e-01 7.920000e-04 3.549680e-01
397 6.441200e-01 7.600000e-04 3.551200e-01
398 6.439360e-01 7.920000e-04 3.552720e-01
399 6.438280e-01 7.560000e-04 3.554160e-01
400 6.437320e-01 7.200000e-04 3.555480e-01
401 6.436360e-01 6.920000e-04 3.556720e-01
402 6.435400e-01 6.720000e-04 3.557880e-01
403 6.434560e-01 6.360000e-04 3.559080e-01
404 6.433640e-01 6.440000e-04 3.559920e-01
405 6.432480e-01 6.760000e-04 3.560760e-01
406 6.431840e-01 5.880000e-04 3.562280e-01
407 6.430880e-01 5.560000e-04 3.563560e-01
408 6.429880e-01 5.760000e-04 3.564360e-01
409 6.429040e-01 5.640000e-04 3.565320e-01
410 6.428320e-01 5.080000e-04 3.566600e-01
411 6.427200e-01 5.000000e-04 3.567800e-01
412 6.426040e-01 5.320000e-04 3.568640e-01
413 6.425200e-01 5.120000e-04 3.569680e-01
414 6.424280e-01 5.320000e-04 3.570400e-01
415 6.423360e-01 5.360000e-04 3.571280e-01
416 6.422440e-01 5.440000e-04 3.572120e-01
417 6.422000e-01 4.960000e-04 3.573040e-01
418 6.421440e-01 4.560000e-04 3.574000e-01
419 6.420840e-01 4.360000e-04 3.574800e-01
420 6.420280e-01 4.120000e-04 3.575600e-01
421 6.419960e-01 3.760000e-04 3.576280e-01
422 6.419400e-01 3.720000e-04 3.576880e-01
423 6.418560e-01 4.200000e-04 3.577240e-01
424 6.417960e-01 4.200000e-04 3.577840e-01
425 6.417240e-01 4.160000e-04 3.578600e-01
426 6.416600e-01 4.320000e-04 3.579080e-01
427 6.415720e-01 4.560000e-04 3.579720e-01
428 6.415080e-01 4.200000e-04 3.580720e-01
429 6.414320e-01 4.320000e-04 3.581360e-01
430 6.413240e-01 4.680000e-04 3.582080e-01
431 6.412280e-01 4.960000e-04 3.582760e-01
432 6.411280e-01 5.120000e-04 3.583600e-01
433 6.410280e-01 5.040000e-04 3.584680e-01
434 6.409040e-01 5.600000e-04 3.585360e-01
435 6.408440e-01 4.920000e-04 3.586640e-01
436 6.407680e-01 5.080000e-04 3.587240e-01
437 6.406840e-01 5.080000e-04 3.588080e-01
438 6.406240e-01 4.720000e-04 3.589040e-01
439 6.405600e-01 4.560000e-04 3.589840e-01
440 6.405280e-01 4.320000e-04 3.590400e-01
441 6.404960e-01 4.000000e-04 3.591040e-01
442 6.404440e-01 4.000000e-04 3.591560e-01
443 6.403800e-01 4.360000e-04 3.591840e-01
444 6.403280e-01 4.400000e-04 3.592320e-01
445 6.402000e-01 5.080000e-04 3.592920e-01
446 6.400720e-01 5.520000e-04 3.593760e-01
447 6.399720e-01 5.840000e-04 3.594440e-01
448 6.398640e-01 6.000000e-04 3.595360e-01
449 6.397760e-01 5.920000e-04 3.596320e-01
450 6.397160e-01 5.600000e-04 3.597240e-01
451 6.396160e-01 5.320000e-04 3.598520e-01
452 6.395480e-01 5.120000e-04 3.599400e-01
453 6.394720e-01 5.040000e-04 3.600240e-01
454 6.393880e-01 5.000000e-04 3.601120e-01
455 6.393240e-01 4.680000e-04 3.602080e-01
456 6.392640e-01 4.520000e-04 3.602840e-01
457 6.391920e-01 4.440000e-04 3.603640e-01
458 6.391200e-01 4.320000e-04 3.604480e-01
459 6.390600e-01 4.200000e-04 3.605200e-01
460 6.389960e-01 4.160000e-04 3.605880e-01
461 6.389160e-01 4.520000e-04 3.606320e-01
462 6.388520e-01 4.440000e-04 3.607040e-01
463 6.387800e-01 4.720000e-04 3.607480e-01
464 6.387080e-01 4.840000e-04 3.608080e-01
465 6.386280e-01 4.920000e-04 3.608800e-01
466 6.385200e-01 5.160000e-04 3.609640e-01
467 6.384240e-01 5.040000e-04 3.610720e-01
468 6.383440e-01 5.080000e-04 3.611480e-01
469 6.382840e-01 5.080000e-04 3.612080e-01
470 6.382160e-01 4.880000e-04 3.612960e-01
471 6.381440e-01 4.520000e-04 3.614040e-01
472 6.380800e-01 4.280000e-04 3.614920e-01
473 6.379960e-01 4.200000e-04 3.615840e-01
474 6.379200e-01 4.200000e-04 3.616600e-01
475 6.378600e-01 4.200000e-04 3.617200e-01
476 6.378080e-01 4.120000e-04 3.617800e-01
477 6.377440e-01 4.120000e-04 3.618440e-01
478 6.376600e-01 4.080000e-04 3.619320e-01
479 6.376040e-01 3.920000e-04 3.620040e-01
480 6.375800e-01 3.720000e-04 3.620480e-01
481 6.375400e-01 3.440000e-04 3.621160e-01
482 6.374560e-01 3.640000e-04 3.621800e-01
483 6.373760e-01 4.000000e-04 3.622240e-01
484 6.373160e-01 4.000000e-04 3.622840e-01
485 6.372680e-01 3.800000e-04 3.623520e-01
486 6.371720e-01 4.080000e-04 3.624200e-01
487 6.371000e-01 4.480000e-04 3.624520e-01
488 6.370360e-01 4.520000e-04 3.625120e-01
489 6.369640e-01 4.480000e-04 3.625880e-01
490 6.368920e-01 4.480000e-04 3.626600e-01
491 6.368320e-01 4.320000e-04 3.627360e-01
492 6.367440e-01 4.560000e-04 3.628000e-01
493 6.366800e-01 4.520000e-04 3.628680e-01
494 6.366360e-01 4.160000e-04 3.629480e-01
495 6.365640e-01 4.200000e-04 3.630160e-01
496 6.365000e-01 4.040000e-04 3.630960e-01
497 6.364480e-01 4.080000e-04 3.631440e-01
498 6.363680e-01 4.320000e-04 3.632000e-01
499 6.363080e-01 4.160000e-04 3.632760e-01
500 6.362520e-01 4.080000e-04 3.633400e-01
