1 9.991320e-01 7.680000e-04 1.000000e-04
2 9.986200e-01 1.104000e-03 2.760000e-04
3 9.979920e-01 1.492000e-03 5.160000e-04
4 9.974280e-01 1.780000e-03 7.920000e-04
5 9.967040e-01 2.192000e-03 1.104000e-03
6 9.958680e-01 2.576000e-03 1.556000e-03
7 9.949920e-01 2.968000e-03 2.040000e-03
8 9.940640e-01 3.388000e-03 2.548000e-03
9 9.930760e-01 3.732000e-03 3.192000e-03
10 9.920120e-01 4.128000e-03 3.860000e-03
11 9.909120e-01 4.552000e-03 4.536000e-03
12 9.897600e-01 4.964000e-03 5.276000e-03
13 9.885560e-01 5.276000e-03 6.168000e-03
14 9.874240e-01 5.420000e-03 7.156000e-03
15 9.861160e-01 5.768000e-03 8.116000e-03
16 9.848120e-01 6.072000e-03 9.116000e-03
17 9.834320e-01 6.332000e-03 1.023600e-02
18 9.822240e-01 6.352000e-03 1.142400e-02
19 9.809840e-01 6.432000e-03 1.258400e-02
20 9.796840e-01 6.556000e-03 1.376000e-02
21 9.784560e-01 6.672000e-03 1.487200e-02
22 9.770480e-01 6.772000e-03 1.618000e-02
23 9.756800e-01 6.968000e-03 1.735200e-02
24 9.742880e-01 7.208000e-03 1.850400e-02
25 9.728240e-01 7.376000e-03 1.980000e-02
26 9.713880e-01 7.532000e-03 2.108000e-02
27 9.698400e-01 7.712000e-03 2.244800e-02
28 9.683880e-01 7.756000e-03 2.385600e-02
29 9.669720e-01 7.800000e-03 2.522800e-02
30 9.654840e-01 7.908000e-03 2.660800e-02
31 9.639360e-01 7.984000e-03 2.808000e-02
32 9.624880e-01 7.956000e-03 2.955600e-02
33 9.610080e-01 8.024000e-03 3.096800e-02
34 9.595360e-01 8.116000e-03 3.234800e-02
35 9.580560e-01 8.168000e-03 3.377600e-02
36 9.566680e-01 8.188000e-03 3.514400e-02
37 9.551360e-01 8.380000e-03 3.648400e-02
38 9.535560e-01 8.472000e-03 3.797200e-02
39 9.519520e-01 8.596000e-03 3.945200e-02
40 9.503880e-01 8.664000e-03 4.094800e-02
41 9.487960e-01 8.688000e-03 4.251600e-02
42 9.470520e-01 8.872000e-03 4.407600e-02
43 9.454120e-01 8.896000e-03 4.569200e-02
44 9.438600e-01 8.848000e-03 4.729200e-02
45 9.422040e-01 8.944000e-03 4.885200e-02
46 9.405280e-01 9.152000e-03 5.032000e-02
47 9.388400e-01 9.144000e-03 5.201600e-02
48 9.372400e-01 9.120000e-03 5.364000e-02
49 9.354360e-01 9.352000e-03 5.521200e-02
50 9.338000e-01 9.504000e-03 5.669600e-02
51 9.319760e-01 9.460000e-03 5.856400e-02
52 9.302440e-01 9.516000e-03 6.024000e-02
53 9.284400e-01 9.564000e-03 6.199600e-02
54 9.268440e-01 9.472000e-03 6.368400e-02
55 9.251760e-01 9.380000e-03 6.544400e-02
56 9.236760e-01 9.300000e-03 6.702400e-02
57 9.219240e-01 9.280000e-03 6.879600e-02
58 9.201240e-01 9.460000e-03 7.041600e-02
59 9.185360e-01 9.344000e-03 7.212000e-02
60 9.168080e-01 9.312000e-03 7.388000e-02
61 9.153120e-01 9.256000e-03 7.543200e-02
62 9.137600e-01 9.264000e-03 7.697600e-02
63 9.122040e-01 9.312000e-03 7.848400e-02
64 9.104880e-01 9.340000e-03 8.017200e-02
65 9.088240e-01 9.428000e-03 8.174800e-02
66 9.073480e-01 9.372000e-03 8.328000e-02
67 9.056880e-01 9.520000e-03 8.479200e-02
68 9.040480e-01 9.560000e-03 8.639200e-02
69 9.023280e-01 9.576000e-03 8.809600e-02
70 9.007560e-01 9.412000e-03 8.983200e-02
71 8.990360e-01 9.464000e-03 9.150000e-02
72 8.973520e-01 9.512000e-03 9.313600e-02
73 8.957320e-01 9.484000e-03 9.478400e-02
74 8.940400e-01 9.460000e-03 9.650000e-02
75 8.924720e-01 9.292000e-03 9.823600e-02
76 8.908240e-01 9.280000e-03 9.989600e-02
77 8.892080e-01 9.352000e-03 1.014400e-01
78 8.876880e-01 9.296000e-03 1.030160e-01
79 8.861440e-01 9.288000e-03 1.045680e-01
80 8.847920e-01 9.268000e-03 1.059400e-01
81 8.833200e-01 9.104000e-03 1.075760e-01
82 8.817480e-01 8.972000e-03 1.092800e-01
83 8.802760e-01 8.836000e-03 1.108880e-01
84 8.787800e-01 8.916000e-03 1.123040e-01
85 8.772640e-01 8.880000e-03 1.138560e-01
86 8.756680e-01 8.876000e-03 1.154560e-01
87 8.742840e-01 8.644000e-03 1.170720e-01
88 8.729160e-01 8.520000e-03 1.185640e-01
89 8.714440e-01 8.468000e-03 1.200880e-01
90 8.699520e-01 8.504000e-03 1.215440e-01
91 8.684600e-01 8.560000e-03 1.229800e-01
92 8.670440e-01 8.388000e-03 1.245680e-01
93 8.655440e-01 8.444000e-03 1.260120e-01
94 8.641760e-01 8.344000e-03 1.274800e-01
95 8.627280e-01 8.408000e-03 1.288640e-01
96 8.612600e-01 8.364000e-03 1.303760e-01
97 8.598080e-01 8.444000e-03 1.317480e-01
98 8.583440e-01 8.372000e-03 1.332840e-01
99 8.567760e-01 8.472000e-03 1.347520e-01
100 8.553280e-01 8.568000e-03 1.361040e-01
101 8.538360e-01 8.496000e-03 1.376680e-01
102 8.523040e-01 8.532000e-03 1.391640e-01
103 8.507120e-01 8.612000e-03 1.406760e-01
104 8.492600e-01 8.684000e-03 1.420560e-01
105 8.479320e-01 8.492000e-03 1.435760e-01
106 8.465240e-01 8.256000e-03 1.452200e-01
107 8.451000e-01 8.120000e-03 1.467800e-01
108 8.435760e-01 8.024000e-03 1.484000e-01
109 8.420480e-01 8.172000e-03 1.497800e-01
110 8.406560e-01 8.084000e-03 1.512600e-01
111 8.392080e-01 8.116000e-03 1.526760e-01
112 8.378360e-01 8.012000e-03 1.541520e-01
113 8.364640e-01 8.084000e-03 1.554520e-01
114 8.348920e-01 8.252000e-03 1.568560e-01
115 8.333680e-01 8.296000e-03 1.583360e-01
116 8.319520e-01 8.312000e-03 1.597360e-01
117 8.302800e-01 8.616000e-03 1.611040e-01
118 8.288040e-01 8.580000e-03 1.626160e-01
119 8.270960e-01 8.760000e-03 1.641440e-01
120 8.255480e-01 8.880000e-03 1.655720e-01
121 8.240160e-01 8.656000e-03 1.673280e-01
122 8.224880e-01 8.688000e-03 1.688240e-01
123 8.210720e-01 8.604000e-03 1.703240e-01
124 8.196800e-01 8.492000e-03 1.718280e-01
125 8.182240e-01 8.556000e-03 1.732200e-01
126 8.168640e-01 8.404000e-03 1.747320e-01
127 8.155160e-01 8.432000e-03 1.760520e-01
128 8.141560e-01 8.156000e-03 1.776880e-01
129 8.128800e-01 7.832000e-03 1.792880e-01
130 8.114680e-01 7.696000e-03 1.808360e-01
131 8.101360e-01 7.604000e-03 1.822600e-01
132 8.089280e-01 7.476000e-03 1.835960e-01
133 8.078040e-01 7.192000e-03 1.850040e-01
134 8.064120e-01 7.348000e-03 1.862400e-01
135 8.049840e-01 7.488000e-03 1.875280e-01
136 8.036680e-01 7.596000e-03 1.887360e-01
137 8.023080e-01 7.708000e-03 1.899840e-01
138 8.010120e-01 7.756000e-03 1.912320e-01
139 7.997240e-01 7.640000e-03 1.926360e-01
140 7.984880e-01 7.640000e-03 1.938720e-01
141 7.971920e-01 7.488000e-03 1.953200e-01
142 7.958360e-01 7.484000e-03 1.966800e-01
143 7.946080e-01 7.432000e-03 1.979600e-01
144 7.934440e-01 7.324000e-03 1.992320e-01
145 7.922400e-01 7.268000e-03 2.004920e-01
146 7.911200e-01 7.056000e-03 2.018240e-01
147 7.900480e-01 6.912000e-03 2.030400e-01
148 7.887600e-01 6.976000e-03 2.042640e-01
149 7.876240e-01 6.908000e-03 2.054680e-01
150 7.864680e-01 6.836000e-03 2.066960e-01
151 7.853200e-01 6.748000e-03 2.079320e-01
152 7.842200e-01 6.780000e-03 2.090000e-01
153 7.830640e-01 6.792000e-03 2.101440e-01
154 7.818640e-01 6.788000e-03 2.113480e-01
155 7.808000e-01 6.740000e-03 2.124600e-01
156 7.796840e-01 6.560000e-03 2.137560e-01
157 7.785520e-01 6.488000e-03 2.149600e-01
158 7.774400e-01 6.476000e-03 2.160840e-01
159 7.763080e-01 6.516000e-03 2.171760e-01
160 7.752440e-01 6.508000e-03 2.182480e-01
161 7.741400e-01 6.416000e-03 2.194440e-01
162 7.730000e-01 6.448000e-03 2.205520e-01
163 7.719600e-01 6.432000e-03 2.216080e-01
164 7.709560e-01 6.324000e-03 2.227200e-01
165 7.699480e-01 6.236000e-03 2.238160e-01
166 7.687840e-01 6.292000e-03 2.249240e-01
167 7.677160e-01 6.348000e-03 2.259360e-01
168 7.666600e-01 6.316000e-03 2.270240e-01
169 7.656000e-01 6.284000e-03 2.281160e-01
170 7.644920e-01 6.300000e-03 2.292080e-01
171 7.636120e-01 6.080000e-03 2.303080e-01
172 7.625840e-01 6.040000e-03 2.313760e-01
173 7.615200e-01 6.040000e-03 2.324400e-01
174 7.606000e-01 5.920000e-03 2.334800e-01
175 7.596240e-01 5.820000e-03 2.345560e-01
176 7.586320e-01 5.796000e-03 2.355720e-01
177 7.577320e-01 5.764000e-03 2.365040e-01
178 7.567040e-01 5.772000e-03 2.375240e-01
179 7.557240e-01 5.804000e-03 2.384720e-01
180 7.547760e-01 5.752000e-03 2.394720e-01
181 7.537200e-01 5.692000e-03 2.405880e-01
182 7.526960e-01 5.716000e-03 2.415880e-01
183 7.516320e-01 5.900000e-03 2.424680e-01
184 7.504800e-01 6.032000e-03 2.434880e-01
185 7.493160e-01 6.048000e-03 2.446360e-01
186 7.483600e-01 5.908000e-03 2.457320e-01
187 7.474400e-01 5.788000e-03 2.467720e-01
188 7.463800e-01 5.888000e-03 2.477320e-01
189 7.453520e-01 5.892000e-03 2.487560e-01
190 7.443080e-01 5.800000e-03 2.498920e-01
191 7.433200e-01 5.816000e-03 2.508640e-01
192 7.422560e-01 5.932000e-03 2.518120e-01
193 7.413320e-01 5.724000e-03 2.529440e-01
194 7.403960e-01 5.640000e-03 2.539640e-01
195 7.394960e-01 5.616000e-03 2.548880e-01
196 7.385600e-01 5.624000e-03 2.558160e-01
197 7.376400e-01 5.528000e-03 2.568320e-01
198 7.368840e-01 5.396000e-03 2.577200e-01
199 7.360080e-01 5.296000e-03 2.586960e-01
200 7.351600e-01 5.340000e-03 2.595000e-01
201 7.344000e-01 5.112000e-03 2.604880e-01
202 7.335160e-01 5.104000e-03 2.613800e-01
203 7.328080e-01 4.908000e-03 2.622840e-01
204 7.319240e-01 4.920000e-03 2.631560e-01
205 7.311800e-01 4.812000e-03 2.640080e-01
206 7.304640e-01 4.720000e-03 2.648160e-01
207 7.297560e-01 4.596000e-03 2.656480e-01
208 7.291480e-01 4.472000e-03 2.663800e-01
209 7.284600e-01 4.316000e-03 2.672240e-01
210 7.277080e-01 4.180000e-03 2.681120e-01
211 7.270000e-01 4.072000e-03 2.689280e-01
212 7.263240e-01 4.024000e-03 2.696520e-01
213 7.256760e-01 3.992000e-03 2.703320e-01
214 7.249920e-01 3.940000e-03 2.710680e-01
215 7.242680e-01 3.992000e-03 2.717400e-01
216 7.236040e-01 3.976000e-03 2.724200e-01
217 7.230240e-01 3.920000e-03 2.730560e-01
218 7.224360e-01 3.812000e-03 2.737520e-01
219 7.218520e-01 3.740000e-03 2.744080e-01
220 7.212960e-01 3.488000e-03 2.752160e-01
221 7.207520e-01 3.384000e-03 2.758640e-01
222 7.201160e-01 3.416000e-03 2.764680e-01
223 7.195000e-01 3.548000e-03 2.769520e-01
224 7.189040e-01 3.564000e-03 2.775320e-01
225 7.183920e-01 3.548000e-03 2.780600e-01
226 7.177720e-01 3.608000e-03 2.786200e-01
227 7.172000e-01 3.568000e-03 2.792320e-01
228 7.165600e-01 3.620000e-03 2.798200e-01
229 7.158880e-01 3.620000e-03 2.804920e-01
230 7.153440e-01 3.532000e-03 2.811240e-01
231 7.146920e-01 3.636000e-03 2.816720e-01
232 7.141080e-01 3.648000e-03 2.822440e-01
233 7.134520e-01 3.648000e-03 2.829000e-01
234 7.128760e-01 3.696000e-03 2.834280e-01
235 7.123520e-01 3.620000e-03 2.840280e-01
236 7.118280e-01 3.516000e-03 2.846560e-01
237 7.114040e-01 3.340000e-03 2.852560e-01
238 7.108680e-01 3.304000e-03 2.858280e-01
239 7.103720e-01 3.248000e-03 2.863800e-01
240 7.097760e-01 3.224000e-03 2.870000e-01
241 7.091840e-01 3.240000e-03 2.875760e-01
242 7.086560e-01 3.188000e-03 2.881560e-01
243 7.081320e-01 3.228000e-03 2.886400e-01
244 7.075440e-01 3.256000e-03 2.892000e-01
245 7.070480e-01 3.248000e-03 2.897040e-01
246 7.065200e-01 3.188000e-03 2.902920e-01
247 7.060600e-01 3.140000e-03 2.908000e-01
248 7.055120e-01 3.136000e-03 2.913520e-01
249 7.049600e-01 3.212000e-03 2.918280e-01
250 7.044120e-01 3.204000e-03 2.923840e-01
251 7.038320e-01 3.148000e-03 2.930200e-01
252 7.033240e-01 3.172000e-03 2.935040e-01
253 7.027720e-01 3.156000e-03 2.940720e-01
254 7.022280e-01 3.144000e-03 2.946280e-01
255 7.016600e-01 3.188000e-03 2.951520e-01
256 7.011000e-01 3.216000e-03 2.956840e-01
257 7.005400e-01 3.280000e-03 2.961800e-01
258 7.000160e-01 3.280000e-03 2.967040e-01
259 6.994960e-01 3.252000e-03 2.972520e-01
260 6.989280e-01 3.228000e-03 2.978440e-01
261 6.983120e-01 3.336000e-03 2.983520e-01
262 6.977960e-01 3.288000e-03 2.989160e-01
263 6.972640e-01 3.260000e-03 2.994760e-01
264 6.967880e-01 3.132000e-03 3.000800e-01
265 6.961400e-01 3.184000e-03 3.006760e-01
266 6.955280e-01 3.176000e-03 3.012960e-01
267 6.950000e-01 3.112000e-03 3.018880e-01
268 6.945080e-01 3.088000e-03 3.024040e-01
269 6.939760e-01 3.100000e-03 3.029240e-01
270 6.934640e-01 3.060000e-03 3.034760e-01
271 6.929960e-01 2.968000e-03 3.040360e-01
272 6.924800e-01 3.008000e-03 3.045120e-01
273 6.918920e-01 3.052000e-03 3.050560e-01
274 6.914120e-01 3.032000e-03 3.055560e-01
275 6.909880e-01 2.976000e-03 3.060360e-01
276 6.903720e-01 3.116000e-03 3.065120e-01
277 6.898320e-01 3.104000e-03 3.070640e-01
278 6.893080e-01 3.128000e-03 3.075640e-01
279 6.887680e-01 3.064000e-03 3.081680e-01
280 6.882360e-01 3.060000e-03 3.087040e-01
281 6.876520e-01 3.128000e-03 3.092200e-01
282 6.871240e-01 3.064000e-03 3.098120e-01
283 6.866080e-01 3.084000e-03 3.103080e-01
284 6.860560e-01 3.072000e-03 3.108720e-01
285 6.854160e-01 3.212000e-03 3.113720e-01
286 6.849120e-01 3.072000e-03 3.120160e-01
287 6.844880e-01 2.952000e-03 3.125600e-01
288 6.839920e-01 2.800000e-03 3.132080e-01
289 6.835640e-01 2.752000e-03 3.136840e-01
290 6.830800e-01 2.780000e-03 3.141400e-01
291 6.825240e-01 2.868000e-03 3.146080e-01
292 6.820240e-01 2.888000e-03 3.150880e-01
293 6.814880e-01 2.952000e-03 3.155600e-01
294 6.810280e-01 2.864000e-03 3.161080e-01
295 6.805600e-01 2.828000e-03 3.166120e-01
296 6.800920e-01 2.768000e-03 3.171400e-01
297 6.795800e-01 2.764000e-03 3.176560e-01
298 6.789920e-01 2.816000e-03 3.181920e-01
299 6.785480e-01 2.784000e-03 3.186680e-01
300 6.780920e-01 2.720000e-03 3.191880e-01
301 6.776640e-01 2.636000e-03 3.197000e-01
302 6.772720e-01 2.592000e-03 3.201360e-01
303 6.768560e-01 2.596000e-03 3.205480e-01
304 6.763840e-01 2.552000e-03 3.210640e-01
305 6.759120e-01 2.580000e-03 3.215080e-01
306 6.754800e-01 2.584000e-03 3.219360e-01
307 6.750240e-01 2.552000e-03 3.224240e-01
308 6.745880e-01 2.592000e-03 3.228200e-01
309 6.741880e-01 2.560000e-03 3.232520e-01
310 6.738400e-01 2.460000e-03 3.237000e-01
311 6.734360e-01 2.468000e-03 3.240960e-01
312 6.730120e-01 2.404000e-03 3.245840e-01
313 6.725360e-01 2.496000e-03 3.249680e-01
314 6.721480e-01 2.452000e-03 3.254000e-01
315 6.718000e-01 2.416000e-03 3.257840e-01
316 6.713600e-01 2.412000e-03 3.262280e-01
317 6.710400e-01 2.296000e-03 3.266640e-01
318 6.706680e-01 2.228000e-03 3.271040e-01
319 6.704000e-01 2.072000e-03 3.275280e-01
320 6.701280e-01 2.020000e-03 3.278520e-01
321 6.698760e-01 1.928000e-03 3.281960e-01
322 6.694720e-01 1.980000e-03 3.285480e-01
323 6.692160e-01 1.856000e-03 3.289280e-01
324 6.688160e-01 1.924000e-03 3.292600e-01
325 6.684360e-01 1.908000e-03 3.296560e-01
326 6.680520e-01 1.992000e-03 3.299560e-01
327 6.676920e-01 2.008000e-03 3.303000e-01
328 6.673760e-01 1.936000e-03 3.306880e-01
329 6.671000e-01 1.828000e-03 3.310720e-01
330 6.667600e-01 1.828000e-03 3.314120e-01
331 6.664280e-01 1.892000e-03 3.316800e-01
332 6.661120e-01 1.848000e-03 3.320400e-01
333 6.657800e-01 1.876000e-03 3.323440e-01
334 6.654160e-01 1.896000e-03 3.326880e-01
335 6.650000e-01 1.996000e-03 3.330040e-01
336 6.646360e-01 1.984000e-03 3.333800e-01
337 6.642960e-01 1.940000e-03 3.337640e-01
338 6.640080e-01 1.884000e-03 3.341080e-01
339 6.637080e-01 1.868000e-03 3.344240e-01
340 6.634240e-01 1.816000e-03 3.347600e-01
341 6.629800e-01 1.912000e-03 3.351080e-01
342 6.626680e-01 1.920000e-03 3.354120e-01
343 6.623240e-01 1.928000e-03 3.357480e-01
344 6.620080e-01 1.924000e-03 3.360680e-01
345 6.616080e-01 2.008000e-03 3.363840e-01
346 6.612800e-01 1.988000e-03 3.367320e-01
347 6.608480e-01 2.120000e-03 3.370320e-01
348 6.604520e-01 2.120000e-03 3.374280e-01
349 6.601320e-01 2.068000e-03 3.378000e-01
350 6.598440e-01 2.044000e-03 3.381120e-01
351 6.595160e-01 2.004000e-03 3.384800e-01
352 6.591840e-01 1.924000e-03 3.388920e-01
353 6.588880e-01 1.904000e-03 3.392080e-01
354 6.585160e-01 1.964000e-03 3.395200e-01
355 6.582480e-01 1.876000e-03 3.398760e-01
356 6.579200e-01 1.900000e-03 3.401800e-01
357 6.576160e-01 1.936000e-03 3.404480e-01
358 6.572280e-01 1.952000e-03 3.408200e-01
359 6.570240e-01 1.824000e-03 3.411520e-01
360 6.567120e-01 1.800000e-03 3.414880e-01
361 6.564000e-01 1.692000e-03 3.419080e-01
362 6.561880e-01 1.596000e-03 3.422160e-01
363 6.559680e-01 1.524000e-03 3.425080e-01
364 6.558160e-01 1.512000e-03 3.426720e-01
365 6.555880e-01 1.424000e-03 3.429880e-01
366 6.553600e-01 1.408000e-03 3.432320e-01
367 6.551560e-01 1.416000e-03 3.434280e-01
368 6.549320e-01 1.364000e-03 3.437040e-01
369 6.547200e-01 1.376000e-03 3.439040e-01
370 6.545120e-01 1.332000e-03 3.441560e-01
371 6.542720e-01 1.300000e-03 3.444280e-01
372 6.540200e-01 1.316000e-03 3.446640e-01
373 6.537720e-01 1.336000e-03 3.448920e-01
374 6.535880e-01 1.324000e-03 3.450880e-01
375 6.533600e-01 1.312000e-03 3.453280e-01
376 6.531360e-01 1.328000e-03 3.455360e-01
377 6.529440e-01 1.280000e-03 3.457760e-01
378 6.527080e-01 1.352000e-03 3.459400e-01
379 6.524720e-01 1.352000e-03 3.461760e-01
380 6.522360e-01 1.348000e-03 3.464160e-01
381 6.519920e-01 1.416000e-03 3.465920e-01
382 6.517880e-01 1.396000e-03 3.468160e-01
383 6.515400e-01 1.424000e-03 3.470360e-01
384 6.513120e-01 1.408000e-03 3.472800e-01
385 6.510840e-01 1.392000e-03 3.475240e-01
386 6.508760e-01 1.384000e-03 3.477400e-01
387 6.506440e-01 1.436000e-03 3.479200e-01
388 6.504160e-01 1.392000e-03 3.481920e-01
389 6.502120e-01 1.352000e-03 3.484360e-01
390 6.499600e-01 1.348000e-03 3.486920e-01
391 6.497280e-01 1.360000e-03 3.489120e-01
392 6.495000e-01 1.324000e-03 3.491760e-01
393 6.493160e-01 1.312000e-03 3.493720e-01
394 6.491040e-01 1.280000e-03 3.496160e-01
395 6.489120e-01 1.236000e-03 3.498520e-01
396 6.487240e-01 1.200000e-03 3.500760e-01
397 6.485360e-01 1.184000e-03 3.502800e-01
398 6.483440e-01 1.164000e-03 3.504920e-01
399 6.481600e-01 1.144000e-03 3.506960e-01
400 6.479960e-01 1.088000e-03 3.509160e-01
401 6.478880e-01 9.800000e-04 3.511320e-01
402 6.477520e-01 9.360000e-04 3.513120e-01
403 6.476120e-01 9.120000e-04 3.514760e-01
404 6.474680e-01 9.560000e-04 3.515760e-01
405 6.473200e-01 9.240000e-04 3.517560e-01
406 6.471640e-01 9.080000e-04 3.519280e-01
407 6.470000e-01 9.600000e-04 3.520400e-01
408 6.468320e-01 1.008000e-03 3.521600e-01
409 6.466800e-01 9.760000e-04 3.523440e-01
410 6.465480e-01 9.000000e-04 3.525520e-01
411 6.464400e-01 8.240000e-04 3.527360e-01
412 6.463080e-01 7.920000e-04 3.529000e-01
413 6.462320e-01 7.280000e-04 3.530400e-01
414 6.461440e-01 7.320000e-04 3.531240e-01
415 6.460160e-01 7.560000e-04 3.532280e-01
416 6.459040e-01 7.360000e-04 3.533600e-01
417 6.458120e-01 6.920000e-04 3.534960e-01
418 6.456920e-01 6.920000e-04 3.536160e-01
419 6.455880e-01 6.960000e-04 3.537160e-01
420 6.455000e-01 6.280000e-04 3.538720e-01
421 6.454360e-01 5.960000e-04 3.539680e-01
422 6.453680e-01 5.560000e-04 3.540760e-01
423 6.453160e-01 5.480000e-04 3.541360e-01
424 6.452520e-01 4.920000e-04 3.542560e-01
425 6.451760e-01 5.000000e-04 3.543240e-01
426 6.451280e-01 4.560000e-04 3.544160e-01
427 6.450640e-01 4.240000e-04 3.545120e-01
428 6.450320e-01 3.720000e-04 3.545960e-01
429 6.449760e-01 3.680000e-04 3.546560e-01
430 6.449040e-01 3.880000e-04 3.547080e-01
431 6.448200e-01 4.160000e-04 3.547640e-01
432 6.447400e-01 4.240000e-04 3.548360e-01
433 6.446640e-01 4.360000e-04 3.549000e-01
434 6.446160e-01 4.160000e-04 3.549680e-01
435 6.445640e-01 4.120000e-04 3.550240e-01
436 6.444560e-01 4.360000e-04 3.551080e-01
437 6.443640e-01 4.600000e-04 3.551760e-01
438 6.443000e-01 4.400000e-04 3.552600e-01
439 6.441880e-01 4.680000e-04 3.553440e-01
440 6.440880e-01 4.720000e-04 3.554400e-01
441 6.440000e-01 4.840000e-04 3.555160e-01
442 6.438960e-01 5.200000e-04 3.555840e-01
443 6.438160e-01 5.200000e-04 3.556640e-01
444 6.437280e-01 5.320000e-04 3.557400e-01
445 6.436200e-01 5.360000e-04 3.558440e-01
446 6.435480e-01 5.200000e-04 3.559320e-01
447 6.434880e-01 4.960000e-04 3.560160e-01
448 6.433840e-01 5.120000e-04 3.561040e-01
449 6.433160e-01 4.880000e-04 3.561960e-01
450 6.432280e-01 5.000000e-04 3.562720e-01
451 6.431200e-01 5.320000e-04 3.563480e-01
452 6.430000e-01 5.560000e-04 3.564440e-01
453 6.428600e-01 5.680000e-04 3.565720e-01
454 6.427600e-01 5.720000e-04 3.566680e-01
455 6.426880e-01 5.640000e-04 3.567480e-01
456 6.426080e-01 5.680000e-04 3.568240e-01
457 6.424960e-01 5.840000e-04 3.569200e-01
458 6.424240e-01 5.680000e-04 3.570080e-01
459 6.423720e-01 5.120000e-04 3.571160e-01
460 6.422840e-01 5.160000e-04 3.572000e-01
461 6.421960e-01 5.280000e-04 3.572760e-01
462 6.421040e-01 5.160000e-04 3.573800e-01
463 6.419920e-01 5.480000e-04 3.574600e-01
464 6.418960e-01 5.600000e-04 3.575440e-01
465 6.417720e-01 5.760000e-04 3.576520e-01
466 6.416600e-01 6.120000e-04 3.577280e-01
467 6.415640e-01 6.240000e-04 3.578120e-01
468 6.414120e-01 7.040000e-04 3.578840e-01
469 6.413120e-01 6.440000e-04 3.580440e-01
470 6.412440e-01 5.760000e-04 3.581800e-01
471 6.411280e-01 5.920000e-04 3.582800e-01
472 6.410560e-01 5.440000e-04 3.584000e-01
473 6.410040e-01 5.080000e-04 3.584880e-01
474 6.409400e-01 4.640000e-04 3.585960e-01
475 6.408520e-01 4.680000e-04 3.586800e-01
476 6.407960e-01 4.400000e-04 3.587640e-01
477 6.407200e-01 4.160000e-04 3.588640e-01
478 6.406520e-01 3.840000e-04 3.589640e-01
479 6.405920e-01 3.800000e-04 3.590280e-01
480 6.405360e-01 3.440000e-04 3.591200e-01
481 6.404640e-01 3.480000e-04 3.591880e-01
482 6.403800e-01 3.480000e-04 3.592720e-01
483 6.403240e-01 3.600000e-04 3.593160e-01
484 6.402360e-01 3.640000e-04 3.594000e-01
485 6.401520e-01 3.880000e-04 3.594600e-01
486 6.400960e-01 3.720000e-04 3.595320e-01
487 6.400560e-01 3.400000e-04 3.596040e-01
488 6.399960e-01 3.320000e-04 3.596720e-01
489 6.399280e-01 3.600000e-04 3.597120e-01
490 6.398440e-01 3.800000e-04 3.597760e-01
491 6.397600e-01 4.200000e-04 3.598200e-01
492 6.396880e-01 4.240000e-04 3.598880e-01
493 6.396160e-01 4.120000e-04 3.599720e-01
494 6.395560e-01 4.320000e-04 3.600120e-01
495 6.394840e-01 4.240000e-04 3.600920e-01
496 6.394200e-01 3.920000e-04 3.601880e-01
497 6.393640e-01 3.520000e-04 3.602840e-01
498 6.393160e-01 3.400000e-04 3.603440e-01
499 6.392240e-01 3.760000e-04 3.604000e-01
500 6.391760e-01 3.920000e-04 3.604320e-01
