1 9.991920e-01 7.000000e-04 1.080000e-04
2 9.986880e-01 1.072000e-03 2.400000e-04
3 9.979520e-01 1.604000e-03 4.440000e-04
4 9.971320e-01 2.092000e-03 7.760000e-04
5 9.961480e-01 2.600000e-03 1.252000e-03
6 9.951440e-01 3.024000e-03 1.832000e-03
7 9.942080e-01 3.364000e-03 2.428000e-03
8 9.931440e-01 3.820000e-03 3.036000e-03
9 9.921360e-01 4.128000e-03 3.736000e-03
10 9.910960e-01 4.440000e-03 4.464000e-03
11 9.899200e-01 4.844000e-03 5.236000e-03
12 9.887920e-01 5.124000e-03 6.084000e-03
13 9.877640e-01 5.264000e-03 6.972000e-03
14 9.864760e-01 5.600000e-03 7.924000e-03
15 9.852280e-01 5.904000e-03 8.868000e-03
16 9.840840e-01 5.964000e-03 9.952000e-03
17 9.828000e-01 6.256000e-03 1.094400e-02
18 9.816280e-01 6.380000e-03 1.199200e-02
19 9.804240e-01 6.324000e-03 1.325200e-02
20 9.790960e-01 6.440000e-03 1.446400e-02
21 9.778720e-01 6.448000e-03 1.568000e-02
22 9.766440e-01 6.544000e-03 1.681200e-02
23 9.755040e-01 6.580000e-03 1.791600e-02
24 9.741400e-01 6.748000e-03 1.911200e-02
25 9.726800e-01 6.988000e-03 2.033200e-02
26 9.713280e-01 7.104000e-03 2.156800e-02
27 9.698880e-01 7.316000e-03 2.279600e-02
28 9.682120e-01 7.652000e-03 2.413600e-02
29 9.665840e-01 7.912000e-03 2.550400e-02
30 9.651000e-01 8.024000e-03 2.687600e-02
31 9.636320e-01 8.036000e-03 2.833200e-02
32 9.620800e-01 8.232000e-03 2.968800e-02
33 9.605760e-01 8.340000e-03 3.108400e-02
34 9.590960e-01 8.484000e-03 3.242000e-02
35 9.574960e-01 8.676000e-03 3.382800e-02
36 9.560640e-01 8.436000e-03 3.550000e-02
37 9.543720e-01 8.644000e-03 3.698400e-02
38 9.528400e-01 8.624000e-03 3.853600e-02
39 9.513400e-01 8.548000e-03 4.011200e-02
40 9.498240e-01 8.612000e-03 4.156400e-02
41 9.481720e-01 8.740000e-03 4.308800e-02
42 9.466080e-01 8.788000e-03 4.460400e-02
43 9.452520e-01 8.548000e-03 4.620000e-02
44 9.436000e-01 8.612000e-03 4.778800e-02
45 9.420040e-01 8.720000e-03 4.927600e-02
46 9.403120e-01 8.808000e-03 5.088000e-02
47 9.387000e-01 8.744000e-03 5.255600e-02
48 9.370880e-01 8.764000e-03 5.414800e-02
49 9.354960e-01 8.816000e-03 5.568800e-02
50 9.340040e-01 8.680000e-03 5.731600e-02
51 9.323000e-01 8.860000e-03 5.884000e-02
52 9.307520e-01 8.828000e-03 6.042000e-02
53 9.292120e-01 8.936000e-03 6.185200e-02
54 9.276680e-01 8.880000e-03 6.345200e-02
55 9.260200e-01 8.952000e-03 6.502800e-02
56 9.244120e-01 9.004000e-03 6.658400e-02
57 9.227240e-01 9.212000e-03 6.806400e-02
58 9.211440e-01 9.092000e-03 6.976400e-02
59 9.193800e-01 9.276000e-03 7.134400e-02
60 9.177760e-01 9.204000e-03 7.302000e-02
61 9.160520e-01 9.336000e-03 7.461200e-02
62 9.143400e-01 9.240000e-03 7.642000e-02
63 9.126720e-01 9.184000e-03 7.814400e-02
64 9.111280e-01 9.136000e-03 7.973600e-02
65 9.095920e-01 9.076000e-03 8.133200e-02
66 9.080520e-01 9.108000e-03 8.284000e-02
67 9.064120e-01 9.156000e-03 8.443200e-02
68 9.048960e-01 9.072000e-03 8.603200e-02
69 9.033680e-01 9.196000e-03 8.743600e-02
70 9.016760e-01 9.224000e-03 8.910000e-02
71 9.001040e-01 9.268000e-03 9.062800e-02
72 8.985320e-01 9.272000e-03 9.219600e-02
73 8.970480e-01 9.080000e-03 9.387200e-02
74 8.954240e-01 9.112000e-03 9.546400e-02
75 8.938320e-01 9.148000e-03 9.702000e-02
76 8.921720e-01 9.188000e-03 9.864000e-02
77 8.905520e-01 9.188000e-03 1.002600e-01
78 8.889360e-01 9.240000e-03 1.018240e-01
79 8.873920e-01 9.224000e-03 1.033840e-01
80 8.857840e-01 9.152000e-03 1.050640e-01
81 8.843080e-01 8.944000e-03 1.067480e-01
82 8.826400e-01 9.008000e-03 1.083520e-01
83 8.810520e-01 8.864000e-03 1.100840e-01
84 8.794680e-01 8.908000e-03 1.116240e-01
85 8.778240e-01 9.016000e-03 1.131600e-01
86 8.762720e-01 8.972000e-03 1.147560e-01
87 8.746240e-01 9.136000e-03 1.162400e-01
88 8.729840e-01 9.272000e-03 1.177440e-01
89 8.714640e-01 9.204000e-03 1.193320e-01
90 8.697480e-01 9.140000e-03 1.211120e-01
91 8.681360e-01 9.160000e-03 1.227040e-01
92 8.664360e-01 9.276000e-03 1.242880e-01
93 8.646120e-01 9.540000e-03 1.258480e-01
94 8.628280e-01 9.660000e-03 1.275120e-01
95 8.612040e-01 9.616000e-03 1.291800e-01
96 8.598080e-01 9.284000e-03 1.309080e-01
97 8.582640e-01 9.180000e-03 1.325560e-01
98 8.568040e-01 8.964000e-03 1.342320e-01
99 8.553360e-01 8.748000e-03 1.359160e-01
100 8.538840e-01 8.584000e-03 1.375320e-01
101 8.525040e-01 8.532000e-03 1.389640e-01
102 8.511520e-01 8.400000e-03 1.404480e-01
103 8.498000e-01 8.348000e-03 1.418520e-01
104 8.484440e-01 8.300000e-03 1.432560e-01
105 8.469320e-01 8.320000e-03 1.447480e-01
106 8.456480e-01 8.116000e-03 1.462360e-01
107 8.443920e-01 7.944000e-03 1.476640e-01
108 8.431880e-01 7.796000e-03 1.490160e-01
109 8.419400e-01 7.684000e-03 1.503760e-01
110 8.408040e-01 7.464000e-03 1.517320e-01
111 8.397360e-01 7.092000e-03 1.531720e-01
112 8.386920e-01 7.016000e-03 1.542920e-01
113 8.377120e-01 6.756000e-03 1.555320e-01
114 8.365720e-01 6.760000e-03 1.566680e-01
115 8.354680e-01 6.616000e-03 1.579160e-01
116 8.344360e-01 6.520000e-03 1.590440e-01
117 8.333160e-01 6.540000e-03 1.601440e-01
118 8.323840e-01 6.276000e-03 1.613400e-01
119 8.313520e-01 6.252000e-03 1.623960e-01
120 8.304600e-01 5.976000e-03 1.635640e-01
121 8.295280e-01 5.940000e-03 1.645320e-01
122 8.284920e-01 6.068000e-03 1.654400e-01
123 8.274600e-01 5.948000e-03 1.665920e-01
124 8.263560e-01 6.016000e-03 1.676280e-01
125 8.252040e-01 6.100000e-03 1.686960e-01
126 8.241960e-01 6.124000e-03 1.696800e-01
127 8.232720e-01 5.880000e-03 1.708480e-01
128 8.223240e-01 5.888000e-03 1.717880e-01
129 8.213320e-01 5.728000e-03 1.729400e-01
130 8.204960e-01 5.656000e-03 1.738480e-01
131 8.195760e-01 5.716000e-03 1.747080e-01
132 8.187360e-01 5.516000e-03 1.757480e-01
133 8.176520e-01 5.780000e-03 1.765680e-01
134 8.167080e-01 5.732000e-03 1.775600e-01
135 8.158080e-01 5.604000e-03 1.785880e-01
136 8.148640e-01 5.520000e-03 1.796160e-01
137 8.140400e-01 5.396000e-03 1.805640e-01
138 8.129240e-01 5.580000e-03 1.814960e-01
139 8.120040e-01 5.512000e-03 1.824840e-01
140 8.110920e-01 5.484000e-03 1.834240e-01
141 8.100800e-01 5.544000e-03 1.843760e-01
142 8.090920e-01 5.572000e-03 1.853360e-01
143 8.082120e-01 5.476000e-03 1.863120e-01
144 8.074520e-01 5.244000e-03 1.873040e-01
145 8.066120e-01 5.048000e-03 1.883400e-01
146 8.056720e-01 4.996000e-03 1.893320e-01
147 8.048840e-01 4.960000e-03 1.901560e-01
148 8.040040e-01 5.036000e-03 1.909600e-01
149 8.030440e-01 5.092000e-03 1.918640e-01
150 8.022160e-01 4.964000e-03 1.928200e-01
151 8.014240e-01 4.852000e-03 1.937240e-01
152 8.006440e-01 4.836000e-03 1.945200e-01
153 7.998040e-01 4.840000e-03 1.953560e-01
154 7.990480e-01 4.820000e-03 1.961320e-01
155 7.982520e-01 4.836000e-03 1.969120e-01
156 7.973560e-01 4.840000e-03 1.978040e-01
157 7.965280e-01 4.776000e-03 1.986960e-01
158 7.958040e-01 4.720000e-03 1.994760e-01
159 7.950320e-01 4.700000e-03 2.002680e-01
160 7.942320e-01 4.620000e-03 2.011480e-01
161 7.934120e-01 4.676000e-03 2.019120e-01
162 7.924920e-01 4.836000e-03 2.026720e-01
163 7.916720e-01 4.944000e-03 2.033840e-01
164 7.908600e-01 4.948000e-03 2.041920e-01
165 7.900320e-01 4.920000e-03 2.050480e-01
166 7.891280e-01 4.980000e-03 2.058920e-01
167 7.882720e-01 5.008000e-03 2.067200e-01
168 7.875040e-01 4.848000e-03 2.076480e-01
169 7.866880e-01 4.916000e-03 2.083960e-01
170 7.858200e-01 4.880000e-03 2.093000e-01
171 7.850360e-01 4.816000e-03 2.101480e-01
172 7.842680e-01 4.700000e-03 2.110320e-01
173 7.834680e-01 4.656000e-03 2.118760e-01
174 7.826400e-01 4.588000e-03 2.127720e-01
175 7.818360e-01 4.620000e-03 2.135440e-01
176 7.811440e-01 4.484000e-03 2.143720e-01
177 7.804000e-01 4.552000e-03 2.150480e-01
178 7.797960e-01 4.392000e-03 2.158120e-01
179 7.790920e-01 4.288000e-03 2.166200e-01
180 7.783760e-01 4.364000e-03 2.172600e-01
181 7.777240e-01 4.232000e-03 2.180440e-01
182 7.769480e-01 4.228000e-03 2.188240e-01
183 7.762000e-01 4.296000e-03 2.195040e-01
184 7.754640e-01 4.272000e-03 2.202640e-01
185 7.748560e-01 4.224000e-03 2.209200e-01
186 7.743000e-01 4.028000e-03 2.216720e-01
187 7.736600e-01 3.964000e-03 2.223760e-01
188 7.729640e-01 4.064000e-03 2.229720e-01
189 7.723600e-01 3.992000e-03 2.236480e-01
190 7.716880e-01 4.040000e-03 2.242720e-01
191 7.709920e-01 4.028000e-03 2.249800e-01
192 7.702320e-01 4.072000e-03 2.256960e-01
193 7.696360e-01 3.952000e-03 2.264120e-01
194 7.689800e-01 3.944000e-03 2.270760e-01
195 7.683360e-01 3.944000e-03 2.277200e-01
196 7.676600e-01 3.996000e-03 2.283440e-01
197 7.670320e-01 4.024000e-03 2.289440e-01
198 7.663080e-01 4.040000e-03 2.296520e-01
199 7.655680e-01 4.060000e-03 2.303720e-01
200 7.647760e-01 4.180000e-03 2.310440e-01
201 7.640680e-01 4.200000e-03 2.317320e-01
202 7.633800e-01 4.224000e-03 2.323960e-01
203 7.626320e-01 4.192000e-03 2.331760e-01
204 7.618920e-01 4.172000e-03 2.339360e-01
205 7.612360e-01 3.984000e-03 2.347800e-01
206 7.604680e-01 4.000000e-03 2.355320e-01
207 7.597160e-01 4.048000e-03 2.362360e-01
208 7.589120e-01 4.156000e-03 2.369320e-01
209 7.582840e-01 4.040000e-03 2.376760e-01
210 7.575200e-01 4.072000e-03 2.384080e-01
211 7.567080e-01 4.152000e-03 2.391400e-01
212 7.560240e-01 4.072000e-03 2.399040e-01
213 7.553680e-01 4.036000e-03 2.405960e-01
214 7.545920e-01 4.116000e-03 2.412920e-01
215 7.538440e-01 4.108000e-03 2.420480e-01
216 7.531880e-01 4.028000e-03 2.427840e-01
217 7.526280e-01 3.812000e-03 2.435600e-01
218 7.519400e-01 3.872000e-03 2.441880e-01
219 7.512760e-01 3.800000e-03 2.449240e-01
220 7.506440e-01 3.796000e-03 2.455600e-01
221 7.500600e-01 3.760000e-03 2.461800e-01
222 7.493880e-01 3.880000e-03 2.467320e-01
223 7.487640e-01 3.812000e-03 2.474240e-01
224 7.480360e-01 3.904000e-03 2.480600e-01
225 7.474040e-01 3.828000e-03 2.487680e-01
226 7.466600e-01 3.832000e-03 2.495080e-01
227 7.460440e-01 3.824000e-03 2.501320e-01
228 7.453960e-01 3.788000e-03 2.508160e-01
229 7.447320e-01 3.788000e-03 2.514800e-01
230 7.441080e-01 3.684000e-03 2.522080e-01
231 7.436040e-01 3.548000e-03 2.528480e-01
232 7.429520e-01 3.540000e-03 2.535080e-01
233 7.423400e-01 3.548000e-03 2.541120e-01
234 7.416800e-01 3.616000e-03 2.547040e-01
235 7.410760e-01 3.700000e-03 2.552240e-01
236 7.404480e-01 3.660000e-03 2.558920e-01
237 7.398040e-01 3.592000e-03 2.566040e-01
238 7.392320e-01 3.548000e-03 2.572200e-01
239 7.386680e-01 3.428000e-03 2.579040e-01
240 7.381280e-01 3.392000e-03 2.584800e-01
241 7.376520e-01 3.252000e-03 2.590960e-01
242 7.370720e-01 3.204000e-03 2.597240e-01
243 7.365120e-01 3.172000e-03 2.603160e-01
244 7.359880e-01 3.120000e-03 2.608920e-01
245 7.355400e-01 3.064000e-03 2.613960e-01
246 7.350120e-01 3.112000e-03 2.618760e-01
247 7.344960e-01 3.048000e-03 2.624560e-01
248 7.340040e-01 3.068000e-03 2.629280e-01
249 7.334960e-01 3.012000e-03 2.634920e-01
250 7.330840e-01 2.920000e-03 2.639960e-01
251 7.326200e-01 2.876000e-03 2.645040e-01
252 7.321800e-01 2.780000e-03 2.650400e-01
253 7.318040e-01 2.636000e-03 2.655600e-01
254 7.315160e-01 2.384000e-03 2.661000e-01
255 7.311840e-01 2.360000e-03 2.664560e-01
256 7.308280e-01 2.276000e-03 2.668960e-01
257 7.304160e-01 2.280000e-03 2.673040e-01
258 7.300720e-01 2.288000e-03 2.676400e-01
259 7.296520e-01 2.276000e-03 2.680720e-01
260 7.292160e-01 2.296000e-03 2.684880e-01
261 7.288720e-01 2.288000e-03 2.688400e-01
262 7.283960e-01 2.452000e-03 2.691520e-01
263 7.279440e-01 2.504000e-03 2.695520e-01
264 7.274920e-01 2.480000e-03 2.700280e-01
265 7.269920e-01 2.500000e-03 2.705080e-01
266 7.266240e-01 2.408000e-03 2.709680e-01
267 7.262320e-01 2.392000e-03 2.713760e-01
268 7.258440e-01 2.336000e-03 2.718200e-01
269 7.254920e-01 2.268000e-03 2.722400e-01
270 7.252040e-01 2.180000e-03 2.726160e-01
271 7.248360e-01 2.100000e-03 2.730640e-01
272 7.244960e-01 2.016000e-03 2.734880e-01
273 7.242160e-01 1.992000e-03 2.737920e-01
274 7.239480e-01 1.904000e-03 2.741480e-01
275 7.236400e-01 1.896000e-03 2.744640e-01
276 7.233520e-01 1.756000e-03 2.748920e-01
277 7.230840e-01 1.724000e-03 2.751920e-01
278 7.228200e-01 1.760000e-03 2.754200e-01
279 7.225200e-01 1.712000e-03 2.757680e-01
280 7.221760e-01 1.748000e-03 2.760760e-01
281 7.218760e-01 1.748000e-03 2.763760e-01
282 7.215400e-01 1.832000e-03 2.766280e-01
283 7.212440e-01 1.788000e-03 2.769680e-01
284 7.209240e-01 1.748000e-03 2.773280e-01
285 7.206200e-01 1.700000e-03 2.776800e-01
286 7.203960e-01 1.632000e-03 2.779720e-01
287 7.201280e-01 1.612000e-03 2.782600e-01
288 7.198440e-01 1.668000e-03 2.784880e-01
289 7.195640e-01 1.600000e-03 2.788360e-01
290 7.193160e-01 1.568000e-03 2.791160e-01
291 7.189800e-01 1.592000e-03 2.794280e-01
292 7.186840e-01 1.576000e-03 2.797400e-01
293 7.184600e-01 1.556000e-03 2.799840e-01
294 7.182120e-01 1.500000e-03 2.802880e-01
295 7.179200e-01 1.556000e-03 2.805240e-01
296 7.176040e-01 1.636000e-03 2.807600e-01
297 7.172760e-01 1.664000e-03 2.810600e-01
298 7.170000e-01 1.620000e-03 2.813800e-01
299 7.167200e-01 1.624000e-03 2.816560e-01
300 7.164000e-01 1.720000e-03 2.818800e-01
301 7.160240e-01 1.792000e-03 2.821840e-01
302 7.157160e-01 1.740000e-03 2.825440e-01
303 7.154400e-01 1.780000e-03 2.827800e-01
304 7.150800e-01 1.808000e-03 2.831120e-01
305 7.147360e-01 1.844000e-03 2.834200e-01
306 7.144680e-01 1.836000e-03 2.836960e-01
307 7.141640e-01 1.872000e-03 2.839640e-01
308 7.138280e-01 1.916000e-03 2.842560e-01
309 7.135240e-01 1.836000e-03 2.846400e-01
310 7.132600e-01 1.844000e-03 2.848960e-01
311 7.130080e-01 1.772000e-03 2.852200e-01
312 7.127360e-01 1.784000e-03 2.854800e-01
313 7.125320e-01 1.620000e-03 2.858480e-01
314 7.122840e-01 1.592000e-03 2.861240e-01
315 7.120360e-01 1.536000e-03 2.864280e-01
316 7.118440e-01 1.468000e-03 2.866880e-01
317 7.116160e-01 1.456000e-03 2.869280e-01
318 7.114000e-01 1.428000e-03 2.871720e-01
319 7.111480e-01 1.416000e-03 2.874360e-01
320 7.109360e-01 1.336000e-03 2.877280e-01
321 7.106680e-01 1.404000e-03 2.879280e-01
322 7.103840e-01 1.404000e-03 2.882120e-01
323 7.101120e-01 1.384000e-03 2.885040e-01
324 7.099080e-01 1.348000e-03 2.887440e-01
325 7.096240e-01 1.416000e-03 2.889600e-01
326 7.094000e-01 1.396000e-03 2.892040e-01
327 7.091680e-01 1.380000e-03 2.894520e-01
328 7.089120e-01 1.380000e-03 2.897080e-01
329 7.087000e-01 1.316000e-03 2.899840e-01
330 7.084400e-01 1.352000e-03 2.902080e-01
331 7.081880e-01 1.368000e-03 2.904440e-01
332 7.080000e-01 1.320000e-03 2.906800e-01
333 7.077680e-01 1.360000e-03 2.908720e-01
334 7.075680e-01 1.316000e-03 2.911160e-01
335 7.074000e-01 1.220000e-03 2.913800e-01
336 7.072160e-01 1.204000e-03 2.915800e-01
337 7.070560e-01 1.180000e-03 2.917640e-01
338 7.069120e-01 1.116000e-03 2.919720e-01
339 7.067200e-01 1.112000e-03 2.921680e-01
340 7.065440e-01 1.140000e-03 2.923160e-01
341 7.063640e-01 1.116000e-03 2.925200e-01
342 7.061840e-01 1.124000e-03 2.926920e-01
343 7.059800e-01 1.120000e-03 2.929000e-01
344 7.057680e-01 1.136000e-03 2.930960e-01
345 7.055760e-01 1.144000e-03 2.932800e-01
346 7.053840e-01 1.160000e-03 2.934560e-01
347 7.052440e-01 1.132000e-03 2.936240e-01
348 7.050800e-01 1.128000e-03 2.937920e-01
349 7.049200e-01 1.148000e-03 2.939320e-01
350 7.047920e-01 1.056000e-03 2.941520e-01
351 7.046600e-01 9.920000e-04 2.943480e-01
352 7.045040e-01 9.800000e-04 2.945160e-01
353 7.043360e-01 1.016000e-03 2.946480e-01
354 7.041840e-01 1.024000e-03 2.947920e-01
355 7.040800e-01 1.004000e-03 2.949160e-01
356 7.039360e-01 9.600000e-04 2.951040e-01
357 7.038440e-01 9.160000e-04 2.952400e-01
358 7.036880e-01 9.160000e-04 2.953960e-01
359 7.035120e-01 9.240000e-04 2.955640e-01
360 7.033440e-01 9.240000e-04 2.957320e-01
361 7.031920e-01 9.280000e-04 2.958800e-01
362 7.030640e-01 9.120000e-04 2.960240e-01
363 7.029480e-01 8.840000e-04 2.961680e-01
364 7.027480e-01 9.040000e-04 2.963480e-01
365 7.026080e-01 8.960000e-04 2.964960e-01
366 7.024840e-01 8.760000e-04 2.966400e-01
367 7.023840e-01 8.120000e-04 2.968040e-01
368 7.021840e-01 8.640000e-04 2.969520e-01
369 7.020760e-01 8.280000e-04 2.970960e-01
370 7.019400e-01 7.640000e-04 2.972960e-01
371 7.018160e-01 7.480000e-04 2.974360e-01
372 7.016960e-01 7.680000e-04 2.975360e-01
373 7.015440e-01 8.040000e-04 2.976520e-01
374 7.013840e-01 8.360000e-04 2.977800e-01
375 7.013080e-01 7.880000e-04 2.979040e-01
376 7.011480e-01 8.360000e-04 2.980160e-01
377 7.010000e-01 8.480000e-04 2.981520e-01
378 7.009240e-01 7.800000e-04 2.982960e-01
379 7.008400e-01 7.480000e-04 2.984120e-01
380 7.007400e-01 7.000000e-04 2.985600e-01
381 7.006440e-01 6.720000e-04 2.986840e-01
382 7.005480e-01 6.400000e-04 2.988120e-01
383 7.004600e-01 6.480000e-04 2.988920e-01
384 7.003320e-01 6.640000e-04 2.990040e-01
385 7.001840e-01 6.920000e-04 2.991240e-01
386 7.000760e-01 7.120000e-04 2.992120e-01
387 6.999520e-01 7.200000e-04 2.993280e-01
388 6.998360e-01 7.280000e-04 2.994360e-01
389 6.997040e-01 7.600000e-04 2.995360e-01
390 6.996120e-01 7.360000e-04 2.996520e-01
391 6.994920e-01 7.360000e-04 2.997720e-01
392 6.993920e-01 7.040000e-04 2.999040e-01
393 6.992720e-01 7.120000e-04 3.000160e-01
394 6.991640e-01 6.840000e-04 3.001520e-01
395 6.990200e-01 7.200000e-04 3.002600e-01
396 6.988720e-01 7.320000e-04 3.003960e-01
397 6.987240e-01 7.400000e-04 3.005360e-01
398 6.985760e-01 7.680000e-04 3.006560e-01
399 6.984840e-01 7.240000e-04 3.007920e-01
400 6.983720e-01 6.640000e-04 3.009640e-01
401 6.981880e-01 7.080000e-04 3.011040e-01
402 6.980560e-01 7.120000e-04 3.012320e-01
403 6.979800e-01 6.600000e-04 3.013600e-01
404 6.978480e-01 7.080000e-04 3.014440e-01
405 6.977200e-01 7.240000e-04 3.015560e-01
406 6.975680e-01 7.520000e-04 3.016800e-01
407 6.974360e-01 7.640000e-04 3.018000e-01
408 6.972960e-01 7.920000e-04 3.019120e-01
409 6.971600e-01 7.560000e-04 3.020840e-01
410 6.970640e-01 6.720000e-04 3.022640e-01
411 6.968920e-01 7.560000e-04 3.023520e-01
412 6.967200e-01 7.240000e-04 3.025560e-01
413 6.965400e-01 7.440000e-04 3.027160e-01
414 6.963680e-01 7.760000e-04 3.028560e-01
415 6.962080e-01 8.200000e-04 3.029720e-01
416 6.960200e-01 8.840000e-04 3.030960e-01
417 6.957720e-01 9.800000e-04 3.032480e-01
418 6.955680e-01 1.036000e-03 3.033960e-01
419 6.954000e-01 1.020000e-03 3.035800e-01
420 6.953160e-01 8.960000e-04 3.037880e-01
421 6.951480e-01 9.280000e-04 3.039240e-01
422 6.950400e-01 8.680000e-04 3.040920e-01
423 6.948760e-01 8.880000e-04 3.042360e-01
424 6.947280e-01 8.760000e-04 3.043960e-01
425 6.946080e-01 8.480000e-04 3.045440e-01
426 6.944360e-01 8.800000e-04 3.046840e-01
427 6.942760e-01 8.160000e-04 3.049080e-01
428 6.941400e-01 7.520000e-04 3.051080e-01
429 6.940320e-01 7.360000e-04 3.052320e-01
430 6.938960e-01 7.680000e-04 3.053360e-01
431 6.937600e-01 7.240000e-04 3.055160e-01
432 6.935680e-01 7.880000e-04 3.056440e-01
433 6.934400e-01 8.000000e-04 3.057600e-01
434 6.932960e-01 8.000000e-04 3.059040e-01
435 6.931640e-01 7.960000e-04 3.060400e-01
436 6.930280e-01 7.880000e-04 3.061840e-01
437 6.928320e-01 8.160000e-04 3.063520e-01
438 6.926440e-01 8.720000e-04 3.064840e-01
439 6.924920e-01 8.760000e-04 3.066320e-01
440 6.923440e-01 8.800000e-04 3.067760e-01
441 6.921920e-01 8.920000e-04 3.069160e-01
442 6.920440e-01 8.640000e-04 3.070920e-01
443 6.919280e-01 8.200000e-04 3.072520e-01
444 6.918080e-01 8.040000e-04 3.073880e-01
445 6.916600e-01 8.200000e-04 3.075200e-01
446 6.915360e-01 8.080000e-04 3.076560e-01
447 6.913400e-01 8.440000e-04 3.078160e-01
448 6.912360e-01 8.280000e-04 3.079360e-01
449 6.910600e-01 8.680000e-04 3.080720e-01
450 6.908800e-01 9.240000e-04 3.081960e-01
451 6.906800e-01 9.560000e-04 3.083640e-01
452 6.904920e-01 1.016000e-03 3.084920e-01
453 6.903440e-01 1.016000e-03 3.086400e-01
454 6.901880e-01 9.680000e-04 3.088440e-01
455 6.900360e-01 9.680000e-04 3.089960e-01
456 6.899240e-01 9.240000e-04 3.091520e-01
457 6.897760e-01 9.400000e-04 3.092840e-01
458 6.896200e-01 9.360000e-04 3.094440e-01
459 6.894600e-01 9.600000e-04 3.095800e-01
460 6.893040e-01 9.760000e-04 3.097200e-01
461 6.891000e-01 9.720000e-04 3.099280e-01
462 6.888720e-01 1.032000e-03 3.100960e-01
463 6.887040e-01 1.028000e-03 3.102680e-01
464 6.885800e-01 9.960000e-04 3.104240e-01
465 6.884280e-01 9.640000e-04 3.106080e-01
466 6.882840e-01 8.960000e-04 3.108200e-01
467 6.880840e-01 9.000000e-04 3.110160e-01
468 6.879040e-01 9.320000e-04 3.111640e-01
469 6.877560e-01 9.360000e-04 3.113080e-01
470 6.875880e-01 8.920000e-04 3.115200e-01
471 6.874440e-01 9.120000e-04 3.116440e-01
472 6.872840e-01 9.320000e-04 3.117840e-01
473 6.871320e-01 9.120000e-04 3.119560e-01
474 6.869760e-01 9.080000e-04 3.121160e-01
475 6.867960e-01 9.640000e-04 3.122400e-01
476 6.866640e-01 9.240000e-04 3.124120e-01
477 6.865120e-01 9.040000e-04 3.125840e-01
478 6.863080e-01 9.960000e-04 3.126960e-01
479 6.860800e-01 1.036000e-03 3.128840e-01
480 6.859040e-01 1.028000e-03 3.130680e-01
481 6.857840e-01 9.720000e-04 3.132440e-01
482 6.856000e-01 1.016000e-03 3.133840e-01
483 6.854040e-01 1.000000e-03 3.135960e-01
484 6.852000e-01 1.036000e-03 3.137640e-01
485 6.850440e-01 1.012000e-03 3.139440e-01
486 6.849120e-01 9.680000e-04 3.141200e-01
487 6.847680e-01 9.400000e-04 3.142920e-01
488 6.845960e-01 9.520000e-04 3.144520e-01
489 6.844800e-01 9.280000e-04 3.145920e-01
490 6.843280e-01 9.680000e-04 3.147040e-01
491 6.841640e-01 9.800000e-04 3.148560e-01
492 6.839960e-01 9.840000e-04 3.150200e-01
493 6.838880e-01 9.400000e-04 3.151720e-01
494 6.836960e-01 9.920000e-04 3.153120e-01
495 6.835560e-01 9.600000e-04 3.154840e-01
496 6.833800e-01 9.520000e-04 3.156680e-01
497 6.832240e-01 9.600000e-04 3.158160e-01
498 6.830560e-01 9.720000e-04 3.159720e-01
499 6.828840e-01 9.720000e-04 3.161440e-01
500 6.827040e-01 9.680000e-04 3.163280e-01
