1 9.991880e-01 7.400000e-04 7.200000e-05
2 9.986440e-01 1.140000e-03 2.160000e-04
3 9.979640e-01 1.572000e-03 4.640000e-04
4 9.971160e-01 2.116000e-03 7.680000e-04
5 9.962360e-01 2.636000e-03 1.128000e-03
6 9.953840e-01 2.988000e-03 1.628000e-03
7 9.943640e-01 3.524000e-03 2.112000e-03
8 9.933080e-01 3.968000e-03 2.724000e-03
9 9.921840e-01 4.312000e-03 3.504000e-03
10 9.911160e-01 4.552000e-03 4.332000e-03
11 9.899920e-01 4.900000e-03 5.108000e-03
12 9.887320e-01 5.224000e-03 6.044000e-03
13 9.875960e-01 5.416000e-03 6.988000e-03
14 9.864720e-01 5.628000e-03 7.900000e-03
15 9.852600e-01 5.812000e-03 8.928000e-03
16 9.841360e-01 6.028000e-03 9.836000e-03
17 9.830240e-01 5.972000e-03 1.100400e-02
18 9.818400e-01 5.972000e-03 1.218800e-02
19 9.806040e-01 6.176000e-03 1.322000e-02
20 9.794080e-01 6.264000e-03 1.432800e-02
21 9.780720e-01 6.576000e-03 1.535200e-02
22 9.767680e-01 6.860000e-03 1.637200e-02
23 9.754440e-01 6.940000e-03 1.761600e-02
24 9.738520e-01 7.316000e-03 1.883200e-02
25 9.723480e-01 7.480000e-03 2.017200e-02
26 9.708840e-01 7.652000e-03 2.146400e-02
27 9.693880e-01 7.768000e-03 2.284400e-02
28 9.679800e-01 7.732000e-03 2.428800e-02
29 9.664640e-01 7.952000e-03 2.558400e-02
30 9.649920e-01 7.876000e-03 2.713200e-02
31 9.634200e-01 7.980000e-03 2.860000e-02
32 9.618400e-01 8.140000e-03 3.002000e-02
33 9.602080e-01 8.340000e-03 3.145200e-02
34 9.585120e-01 8.612000e-03 3.287600e-02
35 9.570680e-01 8.596000e-03 3.433600e-02
36 9.555800e-01 8.508000e-03 3.591200e-02
37 9.540240e-01 8.608000e-03 3.736800e-02
38 9.525000e-01 8.548000e-03 3.895200e-02
39 9.510280e-01 8.636000e-03 4.033600e-02
40 9.494080e-01 8.760000e-03 4.183200e-02
41 9.478640e-01 8.728000e-03 4.340800e-02
42 9.464880e-01 8.464000e-03 4.504800e-02
43 9.451400e-01 8.412000e-03 4.644800e-02
44 9.435600e-01 8.712000e-03 4.772800e-02
45 9.419120e-01 8.944000e-03 4.914400e-02
46 9.402200e-01 9.088000e-03 5.069200e-02
47 9.384600e-01 9.244000e-03 5.229600e-02
48 9.368120e-01 9.168000e-03 5.402000e-02
49 9.352240e-01 9.160000e-03 5.561600e-02
50 9.336400e-01 9.100000e-03 5.726000e-02
51 9.320120e-01 9.184000e-03 5.880400e-02
52 9.303200e-01 9.280000e-03 6.040000e-02
53 9.283920e-01 9.572000e-03 6.203600e-02
54 9.266480e-01 9.764000e-03 6.358800e-02
55 9.247840e-01 1.000400e-02 6.521200e-02
56 9.231040e-01 9.940000e-03 6.695600e-02
57 9.213880e-01 9.912000e-03 6.870000e-02
58 9.194960e-01 1.008000e-02 7.042400e-02
59 9.176080e-01 1.023200e-02 7.216000e-02
60 9.158440e-01 1.017200e-02 7.398400e-02
61 9.140720e-01 1.017200e-02 7.575600e-02
62 9.121840e-01 1.026400e-02 7.755200e-02
63 9.102440e-01 1.051600e-02 7.924000e-02
64 9.083840e-01 1.054400e-02 8.107200e-02
65 9.065960e-01 1.047600e-02 8.292800e-02
66 9.045800e-01 1.071200e-02 8.470800e-02
67 9.027720e-01 1.074000e-02 8.648800e-02
68 9.010240e-01 1.065200e-02 8.832400e-02
69 8.990760e-01 1.077200e-02 9.015200e-02
70 8.971880e-01 1.077200e-02 9.204000e-02
71 8.952480e-01 1.073200e-02 9.402000e-02
72 8.934600e-01 1.058400e-02 9.595600e-02
73 8.916840e-01 1.056400e-02 9.775200e-02
74 8.899560e-01 1.042800e-02 9.961600e-02
75 8.883240e-01 1.021600e-02 1.014600e-01
76 8.866560e-01 1.001200e-02 1.033320e-01
77 8.849760e-01 9.840000e-03 1.051840e-01
78 8.831840e-01 9.880000e-03 1.069360e-01
79 8.816120e-01 9.692000e-03 1.086960e-01
80 8.800960e-01 9.452000e-03 1.104520e-01
81 8.786440e-01 9.180000e-03 1.121760e-01
82 8.771080e-01 8.964000e-03 1.139280e-01
83 8.757400e-01 8.764000e-03 1.154960e-01
84 8.743400e-01 8.636000e-03 1.170240e-01
85 8.728760e-01 8.636000e-03 1.184880e-01
86 8.714760e-01 8.548000e-03 1.199760e-01
87 8.699960e-01 8.588000e-03 1.214160e-01
88 8.686000e-01 8.476000e-03 1.229240e-01
89 8.672320e-01 8.280000e-03 1.244880e-01
90 8.658440e-01 8.276000e-03 1.258800e-01
91 8.645200e-01 8.048000e-03 1.274320e-01
92 8.631920e-01 7.908000e-03 1.289000e-01
93 8.618640e-01 7.876000e-03 1.302600e-01
94 8.604600e-01 7.900000e-03 1.316400e-01
95 8.590600e-01 7.956000e-03 1.329840e-01
96 8.576280e-01 8.004000e-03 1.343680e-01
97 8.562280e-01 8.048000e-03 1.357240e-01
98 8.548840e-01 7.972000e-03 1.371440e-01
99 8.534840e-01 7.992000e-03 1.385240e-01
100 8.521000e-01 7.948000e-03 1.399520e-01
101 8.506720e-01 8.052000e-03 1.412760e-01
102 8.493560e-01 8.024000e-03 1.426200e-01
103 8.479720e-01 8.088000e-03 1.439400e-01
104 8.466360e-01 7.996000e-03 1.453680e-01
105 8.452200e-01 8.128000e-03 1.466520e-01
106 8.437960e-01 8.168000e-03 1.480360e-01
107 8.423000e-01 8.260000e-03 1.494400e-01
108 8.409120e-01 8.224000e-03 1.508640e-01
109 8.394520e-01 8.276000e-03 1.522720e-01
110 8.379920e-01 8.300000e-03 1.537080e-01
111 8.367280e-01 8.124000e-03 1.551480e-01
112 8.352600e-01 8.176000e-03 1.565640e-01
113 8.339640e-01 8.052000e-03 1.579840e-01
114 8.325720e-01 8.168000e-03 1.592600e-01
115 8.310640e-01 8.304000e-03 1.606320e-01
116 8.296720e-01 8.416000e-03 1.619120e-01
117 8.281960e-01 8.404000e-03 1.634000e-01
118 8.267280e-01 8.364000e-03 1.649080e-01
119 8.252800e-01 8.316000e-03 1.664040e-01
120 8.238400e-01 8.436000e-03 1.677240e-01
121 8.224840e-01 8.388000e-03 1.691280e-01
122 8.211120e-01 8.304000e-03 1.705840e-01
123 8.197960e-01 8.080000e-03 1.721240e-01
124 8.183720e-01 8.076000e-03 1.735520e-01
125 8.170200e-01 8.044000e-03 1.749360e-01
126 8.156960e-01 8.016000e-03 1.762880e-01
127 8.141720e-01 8.108000e-03 1.777200e-01
128 8.128600e-01 7.940000e-03 1.792000e-01
129 8.115560e-01 7.804000e-03 1.806400e-01
130 8.103840e-01 7.592000e-03 1.820240e-01
131 8.089720e-01 7.692000e-03 1.833360e-01
132 8.075800e-01 7.748000e-03 1.846720e-01
133 8.063000e-01 7.780000e-03 1.859200e-01
134 8.048880e-01 7.744000e-03 1.873680e-01
135 8.035360e-01 7.664000e-03 1.888000e-01
136 8.022400e-01 7.680000e-03 1.900800e-01
137 8.009080e-01 7.716000e-03 1.913760e-01
138 7.996280e-01 7.724000e-03 1.926480e-01
139 7.983160e-01 7.628000e-03 1.940560e-01
140 7.969800e-01 7.620000e-03 1.954000e-01
141 7.956640e-01 7.628000e-03 1.967080e-01
142 7.943160e-01 7.768000e-03 1.979160e-01
143 7.929080e-01 7.888000e-03 1.992040e-01
144 7.915600e-01 7.828000e-03 2.006120e-01
145 7.901600e-01 7.840000e-03 2.020000e-01
146 7.889080e-01 7.744000e-03 2.033480e-01
147 7.874720e-01 7.736000e-03 2.047920e-01
148 7.859960e-01 7.784000e-03 2.062200e-01
149 7.846160e-01 7.744000e-03 2.076400e-01
150 7.831320e-01 7.828000e-03 2.090400e-01
151 7.817920e-01 7.812000e-03 2.103960e-01
152 7.805000e-01 7.732000e-03 2.117680e-01
153 7.791480e-01 7.596000e-03 2.132560e-01
154 7.779200e-01 7.504000e-03 2.145760e-01
155 7.766920e-01 7.404000e-03 2.159040e-01
156 7.755760e-01 7.284000e-03 2.171400e-01
157 7.744160e-01 7.212000e-03 2.183720e-01
158 7.731360e-01 7.264000e-03 2.196000e-01
159 7.719160e-01 7.136000e-03 2.209480e-01
160 7.707920e-01 7.064000e-03 2.221440e-01
161 7.695640e-01 7.012000e-03 2.234240e-01
162 7.684000e-01 6.960000e-03 2.246400e-01
163 7.671960e-01 6.996000e-03 2.258080e-01
164 7.660880e-01 6.832000e-03 2.270800e-01
165 7.649080e-01 6.672000e-03 2.284200e-01
166 7.638320e-01 6.556000e-03 2.296120e-01
167 7.626400e-01 6.708000e-03 2.306520e-01
168 7.615760e-01 6.588000e-03 2.318360e-01
169 7.604360e-01 6.648000e-03 2.329160e-01
170 7.593680e-01 6.576000e-03 2.340560e-01
171 7.583160e-01 6.396000e-03 2.352880e-01
172 7.574360e-01 6.136000e-03 2.364280e-01
173 7.564440e-01 6.028000e-03 2.375280e-01
174 7.555280e-01 5.920000e-03 2.385520e-01
175 7.545560e-01 5.864000e-03 2.395800e-01
176 7.535400e-01 5.852000e-03 2.406080e-01
177 7.524960e-01 5.852000e-03 2.416520e-01
178 7.514720e-01 5.900000e-03 2.426280e-01
179 7.503720e-01 5.960000e-03 2.436680e-01
180 7.491560e-01 6.124000e-03 2.447200e-01
181 7.479760e-01 6.192000e-03 2.458320e-01
182 7.468680e-01 6.260000e-03 2.468720e-01
183 7.458000e-01 6.240000e-03 2.479600e-01
184 7.447480e-01 6.196000e-03 2.490560e-01
185 7.435440e-01 6.344000e-03 2.501120e-01
186 7.423560e-01 6.352000e-03 2.512920e-01
187 7.412600e-01 6.272000e-03 2.524680e-01
188 7.401720e-01 6.248000e-03 2.535800e-01
189 7.390560e-01 6.376000e-03 2.545680e-01
190 7.379200e-01 6.448000e-03 2.556320e-01
191 7.370320e-01 6.240000e-03 2.567280e-01
192 7.359480e-01 6.304000e-03 2.577480e-01
193 7.348760e-01 6.312000e-03 2.588120e-01
194 7.339480e-01 6.112000e-03 2.599400e-01
195 7.329320e-01 6.048000e-03 2.610200e-01
196 7.320800e-01 5.836000e-03 2.620840e-01
197 7.311000e-01 5.840000e-03 2.630600e-01
198 7.301360e-01 5.820000e-03 2.640440e-01
199 7.291840e-01 5.792000e-03 2.650240e-01
200 7.282120e-01 5.724000e-03 2.660640e-01
201 7.272960e-01 5.612000e-03 2.670920e-01
202 7.264640e-01 5.480000e-03 2.680560e-01
203 7.255960e-01 5.468000e-03 2.689360e-01
204 7.246680e-01 5.396000e-03 2.699360e-01
205 7.238680e-01 5.320000e-03 2.708120e-01
206 7.230400e-01 5.172000e-03 2.717880e-01
207 7.221200e-01 5.208000e-03 2.726720e-01
208 7.212120e-01 5.236000e-03 2.735520e-01
209 7.202320e-01 5.292000e-03 2.744760e-01
210 7.194240e-01 5.096000e-03 2.754800e-01
211 7.184960e-01 5.140000e-03 2.763640e-01
212 7.176080e-01 5.172000e-03 2.772200e-01
213 7.167760e-01 5.120000e-03 2.781040e-01
214 7.160120e-01 4.956000e-03 2.790320e-01
215 7.151880e-01 5.008000e-03 2.798040e-01
216 7.143400e-01 4.956000e-03 2.807040e-01
217 7.134600e-01 4.884000e-03 2.816560e-01
218 7.126680e-01 4.732000e-03 2.826000e-01
219 7.117880e-01 4.768000e-03 2.834440e-01
220 7.109280e-01 4.732000e-03 2.843400e-01
221 7.100800e-01 4.756000e-03 2.851640e-01
222 7.092160e-01 4.736000e-03 2.860480e-01
223 7.084520e-01 4.656000e-03 2.868920e-01
224 7.076320e-01 4.696000e-03 2.876720e-01
225 7.068680e-01 4.632000e-03 2.885000e-01
226 7.061200e-01 4.696000e-03 2.891840e-01
227 7.054040e-01 4.544000e-03 2.900520e-01
228 7.047640e-01 4.452000e-03 2.907840e-01
229 7.040800e-01 4.312000e-03 2.916080e-01
230 7.031920e-01 4.456000e-03 2.923520e-01
231 7.024600e-01 4.488000e-03 2.930520e-01
232 7.017600e-01 4.492000e-03 2.937480e-01
233 7.010880e-01 4.332000e-03 2.945800e-01
234 7.003280e-01 4.336000e-03 2.953360e-01
235 6.996280e-01 4.300000e-03 2.960720e-01
236 6.990400e-01 4.108000e-03 2.968520e-01
237 6.984000e-01 3.980000e-03 2.976200e-01
238 6.978720e-01 3.892000e-03 2.982360e-01
239 6.972440e-01 3.912000e-03 2.988440e-01
240 6.966560e-01 3.780000e-03 2.995640e-01
241 6.960640e-01 3.724000e-03 3.002120e-01
242 6.953920e-01 3.668000e-03 3.009400e-01
243 6.947640e-01 3.720000e-03 3.015160e-01
244 6.940240e-01 3.756000e-03 3.022200e-01
245 6.933760e-01 3.728000e-03 3.028960e-01
246 6.928080e-01 3.652000e-03 3.035400e-01
247 6.922160e-01 3.680000e-03 3.041040e-01
248 6.916240e-01 3.644000e-03 3.047320e-01
249 6.910960e-01 3.484000e-03 3.054200e-01
250 6.905040e-01 3.492000e-03 3.060040e-01
251 6.898600e-01 3.512000e-03 3.066280e-01
252 6.892560e-01 3.456000e-03 3.072880e-01
253 6.885760e-01 3.480000e-03 3.079440e-01
254 6.879360e-01 3.520000e-03 3.085440e-01
255 6.873720e-01 3.432000e-03 3.091960e-01
256 6.868640e-01 3.396000e-03 3.097400e-01
257 6.863120e-01 3.272000e-03 3.104160e-01
258 6.857800e-01 3.216000e-03 3.110040e-01
259 6.851320e-01 3.336000e-03 3.115320e-01
260 6.845760e-01 3.336000e-03 3.120880e-01
261 6.839640e-01 3.380000e-03 3.126560e-01
262 6.832920e-01 3.456000e-03 3.132520e-01
263 6.826800e-01 3.520000e-03 3.138000e-01
264 6.820040e-01 3.532000e-03 3.144640e-01
265 6.815200e-01 3.452000e-03 3.150280e-01
266 6.810040e-01 3.368000e-03 3.156280e-01
267 6.803880e-01 3.384000e-03 3.162280e-01
268 6.798520e-01 3.324000e-03 3.168240e-01
269 6.793760e-01 3.204000e-03 3.174200e-01
270 6.788800e-01 3.144000e-03 3.179760e-01
271 6.783800e-01 3.084000e-03 3.185360e-01
272 6.778880e-01 3.048000e-03 3.190640e-01
273 6.774040e-01 2.996000e-03 3.196000e-01
274 6.769760e-01 2.868000e-03 3.201560e-01
275 6.765080e-01 2.884000e-03 3.206080e-01
276 6.760240e-01 2.872000e-03 3.211040e-01
277 6.756240e-01 2.796000e-03 3.215800e-01
278 6.751560e-01 2.720000e-03 3.221240e-01
279 6.747360e-01 2.716000e-03 3.225480e-01
280 6.742840e-01 2.644000e-03 3.230720e-01
281 6.738960e-01 2.612000e-03 3.234920e-01
282 6.734200e-01 2.688000e-03 3.238920e-01
283 6.729520e-01 2.704000e-03 3.243440e-01
284 6.724720e-01 2.688000e-03 3.248400e-01
285 6.719400e-01 2.772000e-03 3.252880e-01
286 6.714560e-01 2.744000e-03 3.258000e-01
287 6.709920e-01 2.744000e-03 3.262640e-01
288 6.705320e-01 2.716000e-03 3.267520e-01
289 6.701160e-01 2.576000e-03 3.273080e-01
290 6.696760e-01 2.580000e-03 3.277440e-01
291 6.692360e-01 2.532000e-03 3.282320e-01
292 6.688400e-01 2.484000e-03 3.286760e-01
293 6.683920e-01 2.484000e-03 3.291240e-01
294 6.680120e-01 2.436000e-03 3.295520e-01
295 6.677040e-01 2.300000e-03 3.299960e-01
296 6.673640e-01 2.204000e-03 3.304320e-01
297 6.670320e-01 2.128000e-03 3.308400e-01
298 6.666360e-01 2.156000e-03 3.312080e-01
299 6.662920e-01 2.100000e-03 3.316080e-01
300 6.659960e-01 2.028000e-03 3.319760e-01
301 6.656840e-01 2.028000e-03 3.322880e-01
302 6.653960e-01 1.984000e-03 3.326200e-01
303 6.651360e-01 1.940000e-03 3.329240e-01
304 6.648480e-01 1.916000e-03 3.332360e-01
305 6.645400e-01 1.908000e-03 3.335520e-01
306 6.641440e-01 1.980000e-03 3.338760e-01
307 6.637920e-01 2.000000e-03 3.342080e-01
308 6.635040e-01 1.948000e-03 3.345480e-01
309 6.631240e-01 1.948000e-03 3.349280e-01
310 6.628840e-01 1.876000e-03 3.352400e-01
311 6.625680e-01 1.876000e-03 3.355560e-01
312 6.622360e-01 1.852000e-03 3.359120e-01
313 6.619120e-01 1.864000e-03 3.362240e-01
314 6.615560e-01 1.936000e-03 3.365080e-01
315 6.612640e-01 1.828000e-03 3.369080e-01
316 6.609880e-01 1.736000e-03 3.372760e-01
317 6.607560e-01 1.664000e-03 3.375800e-01
318 6.604720e-01 1.684000e-03 3.378440e-01
319 6.601000e-01 1.720000e-03 3.381800e-01
320 6.597760e-01 1.776000e-03 3.384480e-01
321 6.593600e-01 1.852000e-03 3.387880e-01
322 6.590280e-01 1.796000e-03 3.391760e-01
323 6.587160e-01 1.800000e-03 3.394840e-01
324 6.584160e-01 1.780000e-03 3.398040e-01
325 6.580640e-01 1.868000e-03 3.400680e-01
326 6.577880e-01 1.876000e-03 3.403360e-01
327 6.574920e-01 1.856000e-03 3.406520e-01
328 6.572160e-01 1.800000e-03 3.409840e-01
329 6.569360e-01 1.780000e-03 3.412840e-01
330 6.565760e-01 1.756000e-03 3.416680e-01
331 6.563040e-01 1.688000e-03 3.420080e-01
332 6.561000e-01 1.620000e-03 3.422800e-01
333 6.556880e-01 1.764000e-03 3.425480e-01
334 6.553960e-01 1.784000e-03 3.428200e-01
335 6.551320e-01 1.704000e-03 3.431640e-01
336 6.548160e-01 1.708000e-03 3.434760e-01
337 6.545280e-01 1.732000e-03 3.437400e-01
338 6.542520e-01 1.708000e-03 3.440400e-01
339 6.540600e-01 1.560000e-03 3.443800e-01
340 6.538520e-01 1.480000e-03 3.446680e-01
341 6.535760e-01 1.500000e-03 3.449240e-01
342 6.534080e-01 1.464000e-03 3.451280e-01
343 6.531440e-01 1.464000e-03 3.453920e-01
344 6.529320e-01 1.420000e-03 3.456480e-01
345 6.526920e-01 1.420000e-03 3.458880e-01
346 6.524160e-01 1.464000e-03 3.461200e-01
347 6.521880e-01 1.464000e-03 3.463480e-01
348 6.519640e-01 1.380000e-03 3.466560e-01
349 6.517720e-01 1.360000e-03 3.468680e-01
350 6.515520e-01 1.360000e-03 3.470880e-01
351 6.513480e-01 1.348000e-03 3.473040e-01
352 6.511760e-01 1.288000e-03 3.475360e-01
353 6.509880e-01 1.252000e-03 3.477600e-01
354 6.507720e-01 1.268000e-03 3.479600e-01
355 6.505240e-01 1.308000e-03 3.481680e-01
356 6.503640e-01 1.268000e-03 3.483680e-01
357 6.501480e-01 1.268000e-03 3.485840e-01
358 6.498800e-01 1.280000e-03 3.488400e-01
359 6.496200e-01 1.288000e-03 3.490920e-01
360 6.494440e-01 1.216000e-03 3.493400e-01
361 6.492480e-01 1.212000e-03 3.495400e-01
362 6.490400e-01 1.212000e-03 3.497480e-01
363 6.488720e-01 1.192000e-03 3.499360e-01
364 6.487360e-01 1.152000e-03 3.501120e-01
365 6.485600e-01 1.132000e-03 3.503080e-01
366 6.484080e-01 1.076000e-03 3.505160e-01
367 6.482600e-01 1.056000e-03 3.506840e-01
368 6.481160e-01 1.024000e-03 3.508600e-01
369 6.479280e-01 1.040000e-03 3.510320e-01
370 6.477520e-01 1.004000e-03 3.512440e-01
371 6.475880e-01 1.000000e-03 3.514120e-01
372 6.474520e-01 9.600000e-04 3.515880e-01
373 6.472480e-01 1.012000e-03 3.517400e-01
374 6.470960e-01 9.920000e-04 3.519120e-01
375 6.469040e-01 9.720000e-04 3.521240e-01
376 6.467600e-01 9.160000e-04 3.523240e-01
377 6.466280e-01 8.960000e-04 3.524760e-01
378 6.464880e-01 8.680000e-04 3.526440e-01
379 6.463680e-01 8.040000e-04 3.528280e-01
380 6.462520e-01 7.760000e-04 3.529720e-01
381 6.461400e-01 7.560000e-04 3.531040e-01
382 6.459800e-01 7.960000e-04 3.532240e-01
383 6.458680e-01 7.880000e-04 3.533440e-01
384 6.457520e-01 8.040000e-04 3.534440e-01
385 6.456480e-01 7.720000e-04 3.535800e-01
386 6.455640e-01 7.560000e-04 3.536800e-01
387 6.454680e-01 7.240000e-04 3.538080e-01
388 6.453680e-01 7.000000e-04 3.539320e-01
389 6.453040e-01 6.400000e-04 3.540560e-01
390 6.452560e-01 6.080000e-04 3.541360e-01
391 6.451120e-01 6.560000e-04 3.542320e-01
392 6.450160e-01 6.480000e-04 3.543360e-01
393 6.449320e-01 5.960000e-04 3.544720e-01
394 6.448400e-01 5.840000e-04 3.545760e-01
395 6.447640e-01 5.800000e-04 3.546560e-01
396 6.446600e-01 5.880000e-04 3.547520e-01
397 6.445720e-01 5.600000e-04 3.548680e-01
398 6.445080e-01 5.320000e-04 3.549600e-01
399 6.444480e-01 5.080000e-04 3.550440e-01
400 6.443480e-01 5.200000e-04 3.551320e-01
401 6.442480e-01 5.480000e-04 3.552040e-01
402 6.441840e-01 5.320000e-04 3.552840e-01
403 6.441320e-01 5.200000e-04 3.553480e-01
404 6.440600e-01 5.120000e-04 3.554280e-01
405 6.439960e-01 4.840000e-04 3.555200e-01
406 6.439120e-01 4.560000e-04 3.556320e-01
407 6.438240e-01 4.560000e-04 3.557200e-01
408 6.437680e-01 4.440000e-04 3.557880e-01
409 6.437200e-01 4.000000e-04 3.558800e-01
410 6.436760e-01 3.680000e-04 3.559560e-01
411 6.436200e-01 3.560000e-04 3.560240e-01
412 6.435920e-01 3.200000e-04 3.560880e-01
413 6.435240e-01 3.160000e-04 3.561600e-01
414 6.434720e-01 3.120000e-04 3.562160e-01
415 6.434120e-01 3.080000e-04 3.562800e-01
416 6.433560e-01 3.080000e-04 3.563360e-01
417 6.433000e-01 3.160000e-04 3.563840e-01
418 6.432000e-01 3.760000e-04 3.564240e-01
419 6.431400e-01 3.640000e-04 3.564960e-01
420 6.430560e-01 3.880000e-04 3.565560e-01
421 6.430160e-01 3.680000e-04 3.566160e-01
422 6.429520e-01 3.680000e-04 3.566800e-01
423 6.429160e-01 3.520000e-04 3.567320e-01
424 6.428480e-01 3.560000e-04 3.567960e-01
425 6.427880e-01 3.600000e-04 3.568520e-01
426 6.427240e-01 3.440000e-04 3.569320e-01
427 6.426800e-01 3.400000e-04 3.569800e-01
428 6.426200e-01 3.400000e-04 3.570400e-01
429 6.425400e-01 3.280000e-04 3.571320e-01
430 6.424760e-01 3.280000e-04 3.571960e-01
431 6.424200e-01 3.160000e-04 3.572640e-01
432 6.423800e-01 3.040000e-04 3.573160e-01
433 6.423160e-01 3.200000e-04 3.573640e-01
434 6.422760e-01 2.960000e-04 3.574280e-01
435 6.422000e-01 3.080000e-04 3.574920e-01
436 6.421200e-01 3.360000e-04 3.575440e-01
437 6.420560e-01 3.320000e-04 3.576120e-01
438 6.419840e-01 3.600000e-04 3.576560e-01
439 6.419040e-01 3.760000e-04 3.577200e-01
440 6.418520e-01 3.800000e-04 3.577680e-01
441 6.417680e-01 4.120000e-04 3.578200e-01
442 6.417160e-01 4.200000e-04 3.578640e-01
443 6.416360e-01 4.400000e-04 3.579240e-01
444 6.415760e-01 4.000000e-04 3.580240e-01
445 6.415040e-01 3.880000e-04 3.581080e-01
446 6.413760e-01 4.520000e-04 3.581720e-01
447 6.412840e-01 4.560000e-04 3.582600e-01
448 6.412200e-01 4.200000e-04 3.583600e-01
449 6.411320e-01 4.240000e-04 3.584440e-01
450 6.410640e-01 4.160000e-04 3.585200e-01
451 6.410320e-01 3.920000e-04 3.585760e-01
452 6.409760e-01 3.680000e-04 3.586560e-01
453 6.409360e-01 3.520000e-04 3.587120e-01
454 6.408920e-01 3.400000e-04 3.587680e-01
455 6.408320e-01 3.600000e-04 3.588080e-01
456 6.407640e-01 3.680000e-04 3.588680e-01
457 6.407080e-01 3.600000e-04 3.589320e-01
458 6.406680e-01 3.480000e-04 3.589840e-01
459 6.406320e-01 3.280000e-04 3.590400e-01
460 6.406000e-01 2.920000e-04 3.591080e-01
461 6.405520e-01 2.880000e-04 3.591600e-01
462 6.405280e-01 2.760000e-04 3.591960e-01
463 6.404600e-01 3.000000e-04 3.592400e-01
464 6.404120e-01 3.120000e-04 3.592760e-01
465 6.403840e-01 3.000000e-04 3.593160e-01
466 6.403320e-01 3.200000e-04 3.593480e-01
467 6.403080e-01 3.000000e-04 3.593920e-01
468 6.402760e-01 2.880000e-04 3.594360e-01
469 6.402400e-01 2.960000e-04 3.594640e-01
470 6.401800e-01 2.640000e-04 3.595560e-01
471 6.401200e-01 2.840000e-04 3.595960e-01
472 6.400840e-01 2.760000e-04 3.596400e-01
473 6.400400e-01 2.520000e-04 3.597080e-01
474 6.400040e-01 2.400000e-04 3.597560e-01
475 6.399600e-01 2.440000e-04 3.597960e-01
476 6.399280e-01 2.440000e-04 3.598280e-01
477 6.398880e-01 2.320000e-04 3.598800e-01
478 6.398440e-01 2.320000e-04 3.599240e-01
479 6.398080e-01 2.440000e-04 3.599480e-01
480 6.397600e-01 2.400000e-04 3.600000e-01
481 6.397240e-01 2.440000e-04 3.600320e-01
482 6.396720e-01 2.480000e-04 3.600800e-01
483 6.396480e-01 2.280000e-04 3.601240e-01
484 6.396200e-01 2.000000e-04 3.601800e-01
485 6.395680e-01 2.040000e-04 3.602280e-01
486 6.395520e-01 1.960000e-04 3.602520e-01
487 6.395440e-01 1.840000e-04 3.602720e-01
488 6.395160e-01 1.880000e-04 3.602960e-01
489 6.394800e-01 1.960000e-04 3.603240e-01
490 6.394440e-01 2.200000e-04 3.603360e-01
491 6.394160e-01 2.000000e-04 3.603840e-01
492 6.393880e-01 1.840000e-04 3.604280e-01
493 6.393400e-01 2.200000e-04 3.604400e-01
494 6.392800e-01 2.200000e-04 3.605000e-01
495 6.392280e-01 1.880000e-04 3.605840e-01
496 6.391800e-01 2.040000e-04 3.606160e-01
497 6.391520e-01 2.000000e-04 3.606480e-01
498 6.391200e-01 2.000000e-04 3.606800e-01
499 6.390560e-01 2.240000e-04 3.607200e-01
500 6.390280e-01 2.240000e-04 3.607480e-01
