1 9.992240e-01 6.560000e-04 1.200000e-04
2 9.986800e-01 1.052000e-03 2.680000e-04
3 9.980840e-01 1.428000e-03 4.880000e-04
4 9.973720e-01 1.804000e-03 8.240000e-04
5 9.965040e-01 2.328000e-03 1.168000e-03
6 9.956240e-01 2.704000e-03 1.672000e-03
7 9.948200e-01 3.028000e-03 2.152000e-03
8 9.938840e-01 3.388000e-03 2.728000e-03
9 9.929160e-01 3.732000e-03 3.352000e-03
10 9.918280e-01 4.216000e-03 3.956000e-03
11 9.908600e-01 4.392000e-03 4.748000e-03
12 9.898640e-01 4.656000e-03 5.480000e-03
13 9.887360e-01 4.944000e-03 6.320000e-03
14 9.875640e-01 5.304000e-03 7.132000e-03
15 9.863080e-01 5.608000e-03 8.084000e-03
16 9.850480e-01 5.840000e-03 9.112000e-03
17 9.837720e-01 5.996000e-03 1.023200e-02
18 9.824960e-01 6.224000e-03 1.128000e-02
19 9.811440e-01 6.476000e-03 1.238000e-02
20 9.797600e-01 6.712000e-03 1.352800e-02
21 9.784360e-01 6.996000e-03 1.456800e-02
22 9.769640e-01 7.092000e-03 1.594400e-02
23 9.755480e-01 7.424000e-03 1.702800e-02
24 9.741800e-01 7.512000e-03 1.830800e-02
25 9.729440e-01 7.380000e-03 1.967600e-02
26 9.716600e-01 7.436000e-03 2.090400e-02
27 9.703400e-01 7.400000e-03 2.226000e-02
28 9.691520e-01 7.304000e-03 2.354400e-02
29 9.678440e-01 7.516000e-03 2.464000e-02
30 9.666640e-01 7.456000e-03 2.588000e-02
31 9.653240e-01 7.524000e-03 2.715200e-02
32 9.638960e-01 7.708000e-03 2.839600e-02
33 9.624880e-01 7.708000e-03 2.980400e-02
34 9.611280e-01 7.724000e-03 3.114800e-02
35 9.597000e-01 7.744000e-03 3.255600e-02
36 9.585640e-01 7.596000e-03 3.384000e-02
37 9.573200e-01 7.532000e-03 3.514800e-02
38 9.559920e-01 7.556000e-03 3.645200e-02
39 9.546440e-01 7.532000e-03 3.782400e-02
40 9.533680e-01 7.584000e-03 3.904800e-02
41 9.520880e-01 7.536000e-03 4.037600e-02
42 9.507080e-01 7.492000e-03 4.180000e-02
43 9.491600e-01 7.672000e-03 4.316800e-02
44 9.477120e-01 7.700000e-03 4.458800e-02
45 9.461720e-01 7.948000e-03 4.588000e-02
46 9.446320e-01 8.100000e-03 4.726800e-02
47 9.430000e-01 8.268000e-03 4.873200e-02
48 9.414720e-01 8.428000e-03 5.010000e-02
49 9.399240e-01 8.492000e-03 5.158400e-02
50 9.384920e-01 8.408000e-03 5.310000e-02
51 9.370440e-01 8.396000e-03 5.456000e-02
52 9.354400e-01 8.528000e-03 5.603200e-02
53 9.338480e-01 8.584000e-03 5.756800e-02
54 9.321760e-01 8.828000e-03 5.899600e-02
55 9.306160e-01 8.748000e-03 6.063600e-02
56 9.290040e-01 8.884000e-03 6.211200e-02
57 9.273440e-01 9.004000e-03 6.365200e-02
58 9.257040e-01 9.068000e-03 6.522800e-02
59 9.239840e-01 9.212000e-03 6.680400e-02
60 9.223680e-01 9.132000e-03 6.850000e-02
61 9.206640e-01 9.320000e-03 7.001600e-02
62 9.188680e-01 9.428000e-03 7.170400e-02
63 9.172720e-01 9.340000e-03 7.338800e-02
64 9.156040e-01 9.492000e-03 7.490400e-02
65 9.140120e-01 9.468000e-03 7.652000e-02
66 9.124120e-01 9.304000e-03 7.828400e-02
67 9.108600e-01 9.256000e-03 7.988400e-02
68 9.093320e-01 9.200000e-03 8.146800e-02
69 9.077480e-01 9.180000e-03 8.307200e-02
70 9.062280e-01 9.188000e-03 8.458400e-02
71 9.046120e-01 9.136000e-03 8.625200e-02
72 9.030520e-01 9.220000e-03 8.772800e-02
73 9.013200e-01 9.292000e-03 8.938800e-02
74 8.997720e-01 9.336000e-03 9.089200e-02
75 8.981080e-01 9.428000e-03 9.246400e-02
76 8.964920e-01 9.468000e-03 9.404000e-02
77 8.947320e-01 9.504000e-03 9.576400e-02
78 8.931360e-01 9.432000e-03 9.743200e-02
79 8.917360e-01 9.244000e-03 9.902000e-02
80 8.901840e-01 9.192000e-03 1.006240e-01
81 8.886920e-01 9.068000e-03 1.022400e-01
82 8.872000e-01 8.824000e-03 1.039760e-01
83 8.855840e-01 8.876000e-03 1.055400e-01
84 8.840040e-01 8.960000e-03 1.070360e-01
85 8.825520e-01 9.004000e-03 1.084440e-01
86 8.811200e-01 8.860000e-03 1.100200e-01
87 8.795520e-01 8.824000e-03 1.116240e-01
88 8.782520e-01 8.612000e-03 1.131360e-01
89 8.766880e-01 8.720000e-03 1.145920e-01
90 8.751240e-01 8.772000e-03 1.161040e-01
91 8.737720e-01 8.484000e-03 1.177440e-01
92 8.722960e-01 8.432000e-03 1.192720e-01
93 8.709120e-01 8.384000e-03 1.207040e-01
94 8.694720e-01 8.416000e-03 1.221120e-01
95 8.679880e-01 8.464000e-03 1.235480e-01
96 8.665000e-01 8.576000e-03 1.249240e-01
97 8.649640e-01 8.676000e-03 1.263600e-01
98 8.634000e-01 8.820000e-03 1.277800e-01
99 8.618000e-01 8.820000e-03 1.293800e-01
100 8.601480e-01 8.824000e-03 1.310280e-01
101 8.585280e-01 8.864000e-03 1.326080e-01
102 8.568560e-01 8.956000e-03 1.341880e-01
103 8.553400e-01 8.936000e-03 1.357240e-01
104 8.537920e-01 9.052000e-03 1.371560e-01
105 8.522120e-01 9.008000e-03 1.387800e-01
106 8.505480e-01 9.136000e-03 1.403160e-01
107 8.489560e-01 9.164000e-03 1.418800e-01
108 8.474400e-01 9.012000e-03 1.435480e-01
109 8.458000e-01 8.964000e-03 1.452360e-01
110 8.441760e-01 8.800000e-03 1.470240e-01
111 8.424000e-01 8.988000e-03 1.486120e-01
112 8.407840e-01 8.960000e-03 1.502560e-01
113 8.391120e-01 9.156000e-03 1.517320e-01
114 8.375160e-01 9.092000e-03 1.533920e-01
115 8.360920e-01 8.988000e-03 1.549200e-01
116 8.344440e-01 9.068000e-03 1.564880e-01
117 8.327760e-01 9.264000e-03 1.579600e-01
118 8.312760e-01 9.000000e-03 1.597240e-01
119 8.298080e-01 8.812000e-03 1.613800e-01
120 8.281560e-01 8.852000e-03 1.629920e-01
121 8.266680e-01 8.812000e-03 1.645200e-01
122 8.252560e-01 8.752000e-03 1.659920e-01
123 8.237680e-01 8.788000e-03 1.674440e-01
124 8.223040e-01 8.688000e-03 1.690080e-01
125 8.207240e-01 8.816000e-03 1.704600e-01
126 8.192640e-01 8.668000e-03 1.720680e-01
127 8.177240e-01 8.764000e-03 1.735120e-01
128 8.163040e-01 8.708000e-03 1.749880e-01
129 8.148720e-01 8.620000e-03 1.765080e-01
130 8.134080e-01 8.616000e-03 1.779760e-01
131 8.119200e-01 8.632000e-03 1.794480e-01
132 8.104840e-01 8.604000e-03 1.809120e-01
133 8.088480e-01 8.780000e-03 1.823720e-01
134 8.073560e-01 8.684000e-03 1.839600e-01
135 8.060040e-01 8.484000e-03 1.855120e-01
136 8.047480e-01 8.308000e-03 1.869440e-01
137 8.033280e-01 8.328000e-03 1.883440e-01
138 8.017800e-01 8.268000e-03 1.899520e-01
139 8.004080e-01 8.184000e-03 1.914080e-01
140 7.988880e-01 8.220000e-03 1.928920e-01
141 7.975560e-01 8.160000e-03 1.942840e-01
142 7.961200e-01 8.224000e-03 1.956560e-01
143 7.946600e-01 8.264000e-03 1.970760e-01
144 7.930960e-01 8.340000e-03 1.985640e-01
145 7.914960e-01 8.412000e-03 2.000920e-01
146 7.899880e-01 8.372000e-03 2.016400e-01
147 7.885520e-01 8.316000e-03 2.031320e-01
148 7.870320e-01 8.412000e-03 2.045560e-01
149 7.856880e-01 8.336000e-03 2.059760e-01
150 7.843440e-01 8.184000e-03 2.074720e-01
151 7.830560e-01 7.888000e-03 2.090560e-01
152 7.819760e-01 7.612000e-03 2.104120e-01
153 7.807760e-01 7.448000e-03 2.117760e-01
154 7.795200e-01 7.396000e-03 2.130840e-01
155 7.783200e-01 7.376000e-03 2.143040e-01
156 7.772400e-01 7.052000e-03 2.157080e-01
157 7.760680e-01 6.924000e-03 2.170080e-01
158 7.748840e-01 6.844000e-03 2.182720e-01
159 7.737760e-01 6.768000e-03 2.194560e-01
160 7.727120e-01 6.684000e-03 2.206040e-01
161 7.715160e-01 6.688000e-03 2.217960e-01
162 7.703760e-01 6.668000e-03 2.229560e-01
163 7.691320e-01 6.724000e-03 2.241440e-01
164 7.678400e-01 6.788000e-03 2.253720e-01
165 7.666360e-01 6.784000e-03 2.265800e-01
166 7.654560e-01 6.820000e-03 2.277240e-01
167 7.641760e-01 6.920000e-03 2.289040e-01
168 7.630480e-01 6.880000e-03 2.300720e-01
169 7.617040e-01 7.020000e-03 2.312760e-01
170 7.602480e-01 7.176000e-03 2.325760e-01
171 7.591000e-01 7.176000e-03 2.337240e-01
172 7.578320e-01 7.288000e-03 2.348800e-01
173 7.564440e-01 7.432000e-03 2.361240e-01
174 7.551160e-01 7.496000e-03 2.373880e-01
175 7.537160e-01 7.616000e-03 2.386680e-01
176 7.523960e-01 7.584000e-03 2.400200e-01
177 7.511880e-01 7.540000e-03 2.412720e-01
178 7.499160e-01 7.456000e-03 2.426280e-01
179 7.486720e-01 7.344000e-03 2.439840e-01
180 7.474120e-01 7.328000e-03 2.452600e-01
181 7.461360e-01 7.204000e-03 2.466600e-01
182 7.448240e-01 7.208000e-03 2.479680e-01
183 7.435320e-01 7.220000e-03 2.492480e-01
184 7.423040e-01 7.184000e-03 2.505120e-01
185 7.409880e-01 7.112000e-03 2.519000e-01
186 7.396680e-01 7.268000e-03 2.530640e-01
187 7.383960e-01 7.376000e-03 2.542280e-01
188 7.372040e-01 7.376000e-03 2.554200e-01
189 7.359720e-01 7.320000e-03 2.567080e-01
190 7.345920e-01 7.448000e-03 2.579600e-01
191 7.333760e-01 7.284000e-03 2.593400e-01
192 7.322640e-01 7.164000e-03 2.605720e-01
193 7.309960e-01 7.196000e-03 2.618080e-01
194 7.296400e-01 7.204000e-03 2.631560e-01
195 7.283640e-01 7.200000e-03 2.644360e-01
196 7.271000e-01 7.156000e-03 2.657440e-01
197 7.258000e-01 7.236000e-03 2.669640e-01
198 7.244800e-01 7.320000e-03 2.682000e-01
199 7.231800e-01 7.316000e-03 2.695040e-01
200 7.218840e-01 7.404000e-03 2.707120e-01
201 7.205680e-01 7.508000e-03 2.719240e-01
202 7.192600e-01 7.472000e-03 2.732680e-01
203 7.178400e-01 7.672000e-03 2.744880e-01
204 7.165560e-01 7.716000e-03 2.757280e-01
205 7.152200e-01 7.692000e-03 2.770880e-01
206 7.138960e-01 7.648000e-03 2.784560e-01
207 7.126840e-01 7.648000e-03 2.796680e-01
208 7.114320e-01 7.524000e-03 2.810440e-01
209 7.102160e-01 7.420000e-03 2.823640e-01
210 7.089920e-01 7.384000e-03 2.836240e-01
211 7.076840e-01 7.400000e-03 2.849160e-01
212 7.065640e-01 7.148000e-03 2.862880e-01
213 7.053960e-01 7.072000e-03 2.875320e-01
214 7.042240e-01 7.028000e-03 2.887480e-01
215 7.030120e-01 7.048000e-03 2.899400e-01
216 7.017680e-01 7.108000e-03 2.911240e-01
217 7.006440e-01 6.920000e-03 2.924360e-01
218 6.996160e-01 6.764000e-03 2.936200e-01
219 6.985320e-01 6.588000e-03 2.948800e-01
220 6.975560e-01 6.328000e-03 2.961160e-01
221 6.965160e-01 6.224000e-03 2.972600e-01
222 6.954640e-01 6.148000e-03 2.983880e-01
223 6.944680e-01 6.112000e-03 2.994200e-01
224 6.935560e-01 5.908000e-03 3.005360e-01
225 6.925000e-01 6.020000e-03 3.014800e-01
226 6.915800e-01 5.872000e-03 3.025480e-01
227 6.905640e-01 5.952000e-03 3.034840e-01
228 6.895760e-01 5.852000e-03 3.045720e-01
229 6.885720e-01 5.804000e-03 3.056240e-01
230 6.875200e-01 5.804000e-03 3.066760e-01
231 6.865920e-01 5.712000e-03 3.076960e-01
232 6.855680e-01 5.832000e-03 3.086000e-01
233 6.847640e-01 5.652000e-03 3.095840e-01
234 6.837920e-01 5.564000e-03 3.106440e-01
235 6.828160e-01 5.568000e-03 3.116160e-01
236 6.817720e-01 5.652000e-03 3.125760e-01
237 6.807920e-01 5.740000e-03 3.134680e-01
238 6.797240e-01 5.756000e-03 3.145200e-01
239 6.787800e-01 5.692000e-03 3.155280e-01
240 6.777320e-01 5.752000e-03 3.165160e-01
241 6.767200e-01 5.796000e-03 3.174840e-01
242 6.756600e-01 5.784000e-03 3.185560e-01
243 6.745280e-01 5.940000e-03 3.195320e-01
244 6.735320e-01 5.860000e-03 3.206080e-01
245 6.724960e-01 5.852000e-03 3.216520e-01
246 6.714480e-01 5.892000e-03 3.226600e-01
247 6.704480e-01 5.828000e-03 3.237240e-01
248 6.694080e-01 5.924000e-03 3.246680e-01
249 6.683120e-01 6.076000e-03 3.256120e-01
250 6.671120e-01 6.228000e-03 3.266600e-01
251 6.660560e-01 6.140000e-03 3.278040e-01
252 6.649880e-01 6.048000e-03 3.289640e-01
253 6.638480e-01 6.152000e-03 3.300000e-01
254 6.627600e-01 6.200000e-03 3.310400e-01
255 6.617760e-01 6.112000e-03 3.321120e-01
256 6.606520e-01 6.216000e-03 3.331320e-01
257 6.595760e-01 6.244000e-03 3.341800e-01
258 6.586680e-01 6.024000e-03 3.353080e-01
259 6.577960e-01 5.852000e-03 3.363520e-01
260 6.567200e-01 5.904000e-03 3.373760e-01
261 6.557360e-01 5.824000e-03 3.384400e-01
262 6.546760e-01 5.880000e-03 3.394440e-01
263 6.536400e-01 5.888000e-03 3.404720e-01
264 6.527280e-01 5.852000e-03 3.414200e-01
265 6.517720e-01 5.756000e-03 3.424720e-01
266 6.508360e-01 5.696000e-03 3.434680e-01
267 6.499280e-01 5.552000e-03 3.445200e-01
268 6.489800e-01 5.680000e-03 3.453400e-01
269 6.480360e-01 5.556000e-03 3.464080e-01
270 6.471200e-01 5.408000e-03 3.474720e-01
271 6.462840e-01 5.408000e-03 3.483080e-01
272 6.454160e-01 5.404000e-03 3.491800e-01
273 6.445080e-01 5.336000e-03 3.501560e-01
274 6.437360e-01 5.156000e-03 3.511080e-01
275 6.430280e-01 4.948000e-03 3.520240e-01
276 6.422720e-01 4.856000e-03 3.528720e-01
277 6.414560e-01 4.864000e-03 3.536800e-01
278 6.406480e-01 4.852000e-03 3.545000e-01
279 6.398960e-01 4.680000e-03 3.554240e-01
280 6.390680e-01 4.692000e-03 3.562400e-01
281 6.382120e-01 4.720000e-03 3.570680e-01
282 6.372880e-01 4.816000e-03 3.578960e-01
283 6.365000e-01 4.780000e-03 3.587200e-01
284 6.356640e-01 4.780000e-03 3.595560e-01
285 6.347720e-01 4.904000e-03 3.603240e-01
286 6.338840e-01 4.932000e-03 3.611840e-01
287 6.330960e-01 4.868000e-03 3.620360e-01
288 6.322400e-01 4.824000e-03 3.629360e-01
289 6.313440e-01 4.856000e-03 3.638000e-01
290 6.305640e-01 4.756000e-03 3.646800e-01
291 6.298360e-01 4.628000e-03 3.655360e-01
292 6.291640e-01 4.496000e-03 3.663400e-01
293 6.284400e-01 4.376000e-03 3.671840e-01
294 6.276880e-01 4.400000e-03 3.679120e-01
295 6.270080e-01 4.348000e-03 3.686440e-01
296 6.262240e-01 4.424000e-03 3.693520e-01
297 6.255600e-01 4.396000e-03 3.700440e-01
298 6.249000e-01 4.344000e-03 3.707560e-01
299 6.242520e-01 4.220000e-03 3.715280e-01
300 6.234840e-01 4.208000e-03 3.723080e-01
301 6.228080e-01 4.084000e-03 3.731080e-01
302 6.220400e-01 4.144000e-03 3.738160e-01
303 6.214720e-01 3.956000e-03 3.745720e-01
304 6.209040e-01 3.812000e-03 3.752840e-01
305 6.202480e-01 3.764000e-03 3.759880e-01
306 6.197240e-01 3.576000e-03 3.767000e-01
307 6.192040e-01 3.548000e-03 3.772480e-01
308 6.186760e-01 3.496000e-03 3.778280e-01
309 6.181480e-01 3.436000e-03 3.784160e-01
310 6.176480e-01 3.360000e-03 3.789920e-01
311 6.170920e-01 3.304000e-03 3.796040e-01
312 6.165600e-01 3.308000e-03 3.801320e-01
313 6.159920e-01 3.348000e-03 3.806600e-01
314 6.153760e-01 3.412000e-03 3.812120e-01
315 6.148640e-01 3.380000e-03 3.817560e-01
316 6.142520e-01 3.424000e-03 3.823240e-01
317 6.137040e-01 3.296000e-03 3.830000e-01
318 6.130760e-01 3.412000e-03 3.835120e-01
319 6.124680e-01 3.456000e-03 3.840760e-01
320 6.117800e-01 3.504000e-03 3.847160e-01
321 6.112560e-01 3.424000e-03 3.853200e-01
322 6.106320e-01 3.424000e-03 3.859440e-01
323 6.101600e-01 3.264000e-03 3.865760e-01
324 6.097480e-01 3.084000e-03 3.871680e-01
325 6.093200e-01 2.968000e-03 3.877120e-01
326 6.088080e-01 2.996000e-03 3.881960e-01
327 6.083600e-01 2.920000e-03 3.887200e-01
328 6.079080e-01 2.884000e-03 3.892080e-01
329 6.074120e-01 2.924000e-03 3.896640e-01
330 6.069160e-01 2.844000e-03 3.902400e-01
331 6.064360e-01 2.868000e-03 3.906960e-01
332 6.059160e-01 2.884000e-03 3.912000e-01
333 6.054640e-01 2.856000e-03 3.916800e-01
334 6.050240e-01 2.788000e-03 3.921880e-01
335 6.046120e-01 2.744000e-03 3.926440e-01
336 6.042040e-01 2.688000e-03 3.931080e-01
337 6.037240e-01 2.744000e-03 3.935320e-01
338 6.031440e-01 2.800000e-03 3.940560e-01
339 6.026520e-01 2.764000e-03 3.945840e-01
340 6.021880e-01 2.720000e-03 3.950920e-01
341 6.017560e-01 2.672000e-03 3.955720e-01
342 6.013360e-01 2.600000e-03 3.960640e-01
343 6.008920e-01 2.604000e-03 3.965040e-01
344 6.005080e-01 2.508000e-03 3.969840e-01
345 6.000560e-01 2.512000e-03 3.974320e-01
346 5.995960e-01 2.536000e-03 3.978680e-01
347 5.991840e-01 2.576000e-03 3.982400e-01
348 5.987880e-01 2.528000e-03 3.986840e-01
349 5.982840e-01 2.644000e-03 3.990720e-01
350 5.977600e-01 2.692000e-03 3.995480e-01
351 5.972400e-01 2.732000e-03 4.000280e-01
352 5.967280e-01 2.840000e-03 4.004320e-01
353 5.963120e-01 2.796000e-03 4.008920e-01
354 5.958400e-01 2.752000e-03 4.014080e-01
355 5.953800e-01 2.708000e-03 4.019120e-01
356 5.949640e-01 2.624000e-03 4.024120e-01
357 5.946160e-01 2.520000e-03 4.028640e-01
358 5.941880e-01 2.564000e-03 4.032480e-01
359 5.936560e-01 2.612000e-03 4.037320e-01
360 5.931040e-01 2.728000e-03 4.041680e-01
361 5.926120e-01 2.720000e-03 4.046680e-01
362 5.921760e-01 2.704000e-03 4.051200e-01
363 5.915680e-01 2.868000e-03 4.055640e-01
364 5.910240e-01 2.844000e-03 4.061320e-01
365 5.905800e-01 2.784000e-03 4.066360e-01
366 5.900880e-01 2.808000e-03 4.071040e-01
367 5.896280e-01 2.812000e-03 4.075600e-01
368 5.891240e-01 2.836000e-03 4.080400e-01
369 5.886720e-01 2.748000e-03 4.085800e-01
370 5.882160e-01 2.700000e-03 4.090840e-01
371 5.878040e-01 2.640000e-03 4.095560e-01
372 5.873680e-01 2.700000e-03 4.099320e-01
373 5.869920e-01 2.604000e-03 4.104040e-01
374 5.866840e-01 2.496000e-03 4.108200e-01
375 5.863680e-01 2.348000e-03 4.112840e-01
376 5.860440e-01 2.272000e-03 4.116840e-01
377 5.857560e-01 2.180000e-03 4.120640e-01
378 5.854800e-01 2.124000e-03 4.123960e-01
379 5.851680e-01 2.076000e-03 4.127560e-01
380 5.848680e-01 2.064000e-03 4.130680e-01
381 5.845600e-01 2.004000e-03 4.134360e-01
382 5.842040e-01 2.028000e-03 4.137680e-01
383 5.838400e-01 2.068000e-03 4.140920e-01
384 5.835120e-01 2.064000e-03 4.144240e-01
385 5.831560e-01 2.028000e-03 4.148160e-01
386 5.828520e-01 2.020000e-03 4.151280e-01
387 5.825040e-01 1.916000e-03 4.155800e-01
388 5.820880e-01 2.008000e-03 4.159040e-01
389 5.817000e-01 2.064000e-03 4.162360e-01
390 5.813400e-01 2.072000e-03 4.165880e-01
391 5.809160e-01 2.152000e-03 4.169320e-01
392 5.804560e-01 2.236000e-03 4.173080e-01
393 5.800240e-01 2.344000e-03 4.176320e-01
394 5.796680e-01 2.328000e-03 4.180040e-01
395 5.792720e-01 2.264000e-03 4.184640e-01
396 5.789040e-01 2.244000e-03 4.188520e-01
397 5.785680e-01 2.192000e-03 4.192400e-01
398 5.782320e-01 2.148000e-03 4.196200e-01
399 5.779280e-01 2.072000e-03 4.200000e-01
400 5.776320e-01 2.048000e-03 4.203200e-01
401 5.773160e-01 1.996000e-03 4.206880e-01
402 5.769920e-01 1.916000e-03 4.210920e-01
403 5.766440e-01 1.968000e-03 4.213880e-01
404 5.763240e-01 1.940000e-03 4.217360e-01
405 5.760160e-01 1.936000e-03 4.220480e-01
406 5.756600e-01 1.932000e-03 4.224080e-01
407 5.753760e-01 1.928000e-03 4.226960e-01
408 5.750920e-01 1.816000e-03 4.230920e-01
409 5.747600e-01 1.876000e-03 4.233640e-01
410 5.744040e-01 1.916000e-03 4.236800e-01
411 5.741360e-01 1.904000e-03 4.239600e-01
412 5.738440e-01 1.860000e-03 4.242960e-01
413 5.735720e-01 1.772000e-03 4.246560e-01
414 5.733040e-01 1.684000e-03 4.250120e-01
415 5.730600e-01 1.700000e-03 4.252400e-01
416 5.727840e-01 1.708000e-03 4.255080e-01
417 5.724560e-01 1.704000e-03 4.258400e-01
418 5.721560e-01 1.680000e-03 4.261640e-01
419 5.718560e-01 1.708000e-03 4.264360e-01
420 5.715840e-01 1.700000e-03 4.267160e-01
421 5.712480e-01 1.756000e-03 4.269960e-01
422 5.709000e-01 1.844000e-03 4.272560e-01
423 5.706200e-01 1.792000e-03 4.275880e-01
424 5.702360e-01 1.848000e-03 4.279160e-01
425 5.699120e-01 1.852000e-03 4.282360e-01
426 5.695400e-01 1.920000e-03 4.285400e-01
427 5.691880e-01 1.984000e-03 4.288280e-01
428 5.688360e-01 1.952000e-03 4.292120e-01
429 5.685120e-01 1.912000e-03 4.295760e-01
430 5.682480e-01 1.812000e-03 4.299400e-01
431 5.678840e-01 1.872000e-03 4.302440e-01
432 5.675400e-01 1.872000e-03 4.305880e-01
433 5.671920e-01 1.916000e-03 4.308920e-01
434 5.669240e-01 1.860000e-03 4.312160e-01
435 5.666360e-01 1.892000e-03 4.314720e-01
436 5.663760e-01 1.748000e-03 4.318760e-01
437 5.661320e-01 1.724000e-03 4.321440e-01
438 5.658960e-01 1.676000e-03 4.324280e-01
439 5.655800e-01 1.740000e-03 4.326800e-01
440 5.653720e-01 1.624000e-03 4.330040e-01
441 5.650880e-01 1.620000e-03 4.332920e-01
442 5.646760e-01 1.800000e-03 4.335240e-01
443 5.643120e-01 1.852000e-03 4.338360e-01
444 5.639680e-01 1.852000e-03 4.341800e-01
445 5.636120e-01 1.940000e-03 4.344480e-01
446 5.632560e-01 1.964000e-03 4.347800e-01
447 5.629360e-01 1.956000e-03 4.351080e-01
448 5.626160e-01 1.964000e-03 4.354200e-01
449 5.622800e-01 1.944000e-03 4.357760e-01
450 5.620520e-01 1.840000e-03 4.361080e-01
451 5.618000e-01 1.760000e-03 4.364400e-01
452 5.615520e-01 1.728000e-03 4.367200e-01
453 5.613000e-01 1.720000e-03 4.369800e-01
454 5.610600e-01 1.736000e-03 4.372040e-01
455 5.607960e-01 1.712000e-03 4.374920e-01
456 5.605520e-01 1.612000e-03 4.378360e-01
457 5.603040e-01 1.556000e-03 4.381400e-01
458 5.600280e-01 1.544000e-03 4.384280e-01
459 5.598120e-01 1.464000e-03 4.387240e-01
460 5.595480e-01 1.484000e-03 4.389680e-01
461 5.593320e-01 1.416000e-03 4.392520e-01
462 5.590960e-01 1.392000e-03 4.395120e-01
463 5.588480e-01 1.384000e-03 4.397680e-01
464 5.585320e-01 1.444000e-03 4.400240e-01
465 5.582520e-01 1.452000e-03 4.402960e-01
466 5.579920e-01 1.440000e-03 4.405680e-01
467 5.577520e-01 1.404000e-03 4.408440e-01
468 5.574640e-01 1.444000e-03 4.410920e-01
469 5.571960e-01 1.480000e-03 4.413240e-01
470 5.568800e-01 1.508000e-03 4.416120e-01
471 5.566360e-01 1.444000e-03 4.419200e-01
472 5.563680e-01 1.536000e-03 4.420960e-01
473 5.561360e-01 1.500000e-03 4.423640e-01
474 5.559120e-01 1.488000e-03 4.426000e-01
475 5.556640e-01 1.528000e-03 4.428080e-01
476 5.554080e-01 1.532000e-03 4.430600e-01
477 5.550640e-01 1.632000e-03 4.433040e-01
478 5.548520e-01 1.556000e-03 4.435920e-01
479 5.546160e-01 1.504000e-03 4.438800e-01
480 5.543040e-01 1.572000e-03 4.441240e-01
481 5.541200e-01 1.480000e-03 4.444000e-01
482 5.538960e-01 1.416000e-03 4.446880e-01
483 5.536400e-01 1.416000e-03 4.449440e-01
484 5.533400e-01 1.480000e-03 4.451800e-01
485 5.530920e-01 1.468000e-03 4.454400e-01
486 5.527840e-01 1.512000e-03 4.457040e-01
487 5.525120e-01 1.536000e-03 4.459520e-01
488 5.522400e-01 1.528000e-03 4.462320e-01
489 5.519680e-01 1.536000e-03 4.464960e-01
490 5.517520e-01 1.492000e-03 4.467560e-01
491 5.515080e-01 1.476000e-03 4.470160e-01
492 5.512080e-01 1.464000e-03 4.473280e-01
493 5.509320e-01 1.464000e-03 4.476040e-01
494 5.505720e-01 1.576000e-03 4.478520e-01
495 5.502720e-01 1.672000e-03 4.480560e-01
496 5.499800e-01 1.608000e-03 4.484120e-01
497 5.497520e-01 1.564000e-03 4.486840e-01
498 5.494160e-01 1.616000e-03 4.489680e-01
499 5.491280e-01 1.576000e-03 4.492960e-01
500 5.488280e-01 1.668000e-03 4.495040e-01
