1 9.992760e-01 6.200000e-04 1.040000e-04
2 9.987800e-01 9.360000e-04 2.840000e-04
3 9.982320e-01 1.324000e-03 4.440000e-04
4 9.975400e-01 1.752000e-03 7.080000e-04
5 9.968000e-01 2.140000e-03 1.060000e-03
6 9.959800e-01 2.576000e-03 1.444000e-03
7 9.951920e-01 2.844000e-03 1.964000e-03
8 9.943200e-01 3.200000e-03 2.480000e-03
9 9.934240e-01 3.552000e-03 3.024000e-03
10 9.923600e-01 3.944000e-03 3.696000e-03
11 9.914720e-01 4.116000e-03 4.412000e-03
12 9.904920e-01 4.464000e-03 5.044000e-03
13 9.894280e-01 4.744000e-03 5.828000e-03
14 9.882520e-01 5.048000e-03 6.700000e-03
15 9.871960e-01 5.272000e-03 7.532000e-03
16 9.861240e-01 5.308000e-03 8.568000e-03
17 9.850400e-01 5.412000e-03 9.548000e-03
18 9.839840e-01 5.456000e-03 1.056000e-02
19 9.830200e-01 5.580000e-03 1.140000e-02
20 9.819400e-01 5.624000e-03 1.243600e-02
21 9.807680e-01 5.764000e-03 1.346800e-02
22 9.796200e-01 5.836000e-03 1.454400e-02
23 9.784480e-01 6.056000e-03 1.549600e-02
24 9.771480e-01 6.284000e-03 1.656800e-02
25 9.759600e-01 6.368000e-03 1.767200e-02
26 9.745480e-01 6.584000e-03 1.886800e-02
27 9.734120e-01 6.560000e-03 2.002800e-02
28 9.722480e-01 6.620000e-03 2.113200e-02
29 9.709960e-01 6.756000e-03 2.224800e-02
30 9.696200e-01 6.900000e-03 2.348000e-02
31 9.683080e-01 6.940000e-03 2.475200e-02
32 9.669680e-01 7.144000e-03 2.588800e-02
33 9.655360e-01 7.344000e-03 2.712000e-02
34 9.641000e-01 7.524000e-03 2.837600e-02
35 9.626680e-01 7.648000e-03 2.968400e-02
36 9.612280e-01 7.700000e-03 3.107200e-02
37 9.597840e-01 7.740000e-03 3.247600e-02
38 9.582560e-01 7.940000e-03 3.380400e-02
39 9.569400e-01 7.908000e-03 3.515200e-02
40 9.556320e-01 7.840000e-03 3.652800e-02
41 9.543480e-01 7.680000e-03 3.797200e-02
42 9.529800e-01 7.744000e-03 3.927600e-02
43 9.515080e-01 7.912000e-03 4.058000e-02
44 9.501200e-01 7.992000e-03 4.188800e-02
45 9.488080e-01 7.948000e-03 4.324400e-02
46 9.475880e-01 7.832000e-03 4.458000e-02
47 9.463520e-01 7.660000e-03 4.598800e-02
48 9.450880e-01 7.524000e-03 4.738800e-02
49 9.437960e-01 7.532000e-03 4.867200e-02
50 9.424200e-01 7.548000e-03 5.003200e-02
51 9.409280e-01 7.804000e-03 5.126800e-02
52 9.395520e-01 7.900000e-03 5.254800e-02
53 9.381960e-01 7.736000e-03 5.406800e-02
54 9.369360e-01 7.568000e-03 5.549600e-02
55 9.354720e-01 7.712000e-03 5.681600e-02
56 9.341240e-01 7.704000e-03 5.817200e-02
57 9.327400e-01 7.660000e-03 5.960000e-02
58 9.312680e-01 7.720000e-03 6.101200e-02
59 9.299240e-01 7.744000e-03 6.233200e-02
60 9.285800e-01 7.724000e-03 6.369600e-02
61 9.272320e-01 7.580000e-03 6.518800e-02
62 9.258960e-01 7.488000e-03 6.661600e-02
63 9.246720e-01 7.332000e-03 6.799600e-02
64 9.233560e-01 7.272000e-03 6.937200e-02
65 9.220840e-01 7.248000e-03 7.066800e-02
66 9.208160e-01 7.088000e-03 7.209600e-02
67 9.195880e-01 7.128000e-03 7.328400e-02
68 9.183720e-01 7.040000e-03 7.458800e-02
69 9.171360e-01 7.040000e-03 7.582400e-02
70 9.159400e-01 7.124000e-03 7.693600e-02
71 9.148080e-01 7.036000e-03 7.815600e-02
72 9.135440e-01 7.132000e-03 7.932400e-02
73 9.123080e-01 7.180000e-03 8.051200e-02
74 9.109280e-01 7.344000e-03 8.172800e-02
75 9.096360e-01 7.384000e-03 8.298000e-02
76 9.084520e-01 7.192000e-03 8.435600e-02
77 9.071440e-01 7.168000e-03 8.568800e-02
78 9.060320e-01 7.000000e-03 8.696800e-02
79 9.048520e-01 6.988000e-03 8.816000e-02
80 9.036680e-01 7.012000e-03 8.932000e-02
81 9.023760e-01 7.128000e-03 9.049600e-02
82 9.011080e-01 7.260000e-03 9.163200e-02
83 8.999000e-01 7.316000e-03 9.278400e-02
84 8.985680e-01 7.432000e-03 9.400000e-02
85 8.972600e-01 7.412000e-03 9.532800e-02
86 8.960160e-01 7.516000e-03 9.646800e-02
87 8.947360e-01 7.432000e-03 9.783200e-02
88 8.933640e-01 7.460000e-03 9.917600e-02
89 8.921360e-01 7.356000e-03 1.005080e-01
90 8.907760e-01 7.456000e-03 1.017680e-01
91 8.895160e-01 7.452000e-03 1.030320e-01
92 8.883880e-01 7.288000e-03 1.043240e-01
93 8.871960e-01 7.192000e-03 1.056120e-01
94 8.858760e-01 7.268000e-03 1.068560e-01
95 8.845040e-01 7.364000e-03 1.081320e-01
96 8.833120e-01 7.328000e-03 1.093600e-01
97 8.820360e-01 7.320000e-03 1.106440e-01
98 8.806560e-01 7.524000e-03 1.118200e-01
99 8.793560e-01 7.408000e-03 1.132360e-01
100 8.780200e-01 7.484000e-03 1.144960e-01
101 8.765840e-01 7.628000e-03 1.157880e-01
102 8.750600e-01 7.768000e-03 1.171720e-01
103 8.736520e-01 7.796000e-03 1.185520e-01
104 8.723600e-01 7.732000e-03 1.199080e-01
105 8.710880e-01 7.692000e-03 1.212200e-01
106 8.697000e-01 7.820000e-03 1.224800e-01
107 8.682360e-01 7.832000e-03 1.239320e-01
108 8.668120e-01 7.964000e-03 1.252240e-01
109 8.654520e-01 7.888000e-03 1.266600e-01
110 8.640360e-01 7.944000e-03 1.280200e-01
111 8.626360e-01 7.948000e-03 1.294160e-01
112 8.612000e-01 7.984000e-03 1.308160e-01
113 8.596680e-01 8.100000e-03 1.322320e-01
114 8.583240e-01 7.976000e-03 1.337000e-01
115 8.570440e-01 7.904000e-03 1.350520e-01
116 8.555560e-01 7.936000e-03 1.365080e-01
117 8.540280e-01 8.032000e-03 1.379400e-01
118 8.525680e-01 8.052000e-03 1.393800e-01
119 8.512040e-01 8.076000e-03 1.407200e-01
120 8.497960e-01 8.020000e-03 1.421840e-01
121 8.484840e-01 8.000000e-03 1.435160e-01
122 8.471040e-01 8.052000e-03 1.448440e-01
123 8.457200e-01 8.016000e-03 1.462640e-01
124 8.442640e-01 8.032000e-03 1.477040e-01
125 8.428360e-01 8.156000e-03 1.490080e-01
126 8.413280e-01 8.164000e-03 1.505080e-01
127 8.398800e-01 8.264000e-03 1.518560e-01
128 8.384800e-01 8.204000e-03 1.533160e-01
129 8.371000e-01 8.220000e-03 1.546800e-01
130 8.357240e-01 7.984000e-03 1.562920e-01
131 8.344920e-01 7.884000e-03 1.576240e-01
132 8.332640e-01 7.672000e-03 1.590640e-01
133 8.321360e-01 7.440000e-03 1.604240e-01
134 8.309080e-01 7.356000e-03 1.617360e-01
135 8.295120e-01 7.456000e-03 1.630320e-01
136 8.283000e-01 7.352000e-03 1.643480e-01
137 8.270880e-01 7.300000e-03 1.656120e-01
138 8.258040e-01 7.240000e-03 1.669560e-01
139 8.244440e-01 7.348000e-03 1.682080e-01
140 8.232520e-01 7.284000e-03 1.694640e-01
141 8.220680e-01 7.148000e-03 1.707840e-01
142 8.208800e-01 7.072000e-03 1.720480e-01
143 8.197920e-01 6.956000e-03 1.732520e-01
144 8.184360e-01 7.160000e-03 1.744040e-01
145 8.172960e-01 7.068000e-03 1.756360e-01
146 8.160720e-01 7.004000e-03 1.769240e-01
147 8.150400e-01 6.824000e-03 1.781360e-01
148 8.137440e-01 7.036000e-03 1.792200e-01
149 8.126120e-01 6.892000e-03 1.804960e-01
150 8.113360e-01 6.960000e-03 1.817040e-01
151 8.101360e-01 6.948000e-03 1.829160e-01
152 8.089680e-01 6.868000e-03 1.841640e-01
153 8.078080e-01 6.856000e-03 1.853360e-01
154 8.066560e-01 6.848000e-03 1.864960e-01
155 8.053440e-01 6.932000e-03 1.877240e-01
156 8.041440e-01 7.044000e-03 1.888120e-01
157 8.029400e-01 7.064000e-03 1.899960e-01
158 8.017400e-01 7.004000e-03 1.912560e-01
159 8.005440e-01 6.952000e-03 1.925040e-01
160 7.993160e-01 6.928000e-03 1.937560e-01
161 7.981200e-01 7.000000e-03 1.948800e-01
162 7.967680e-01 7.096000e-03 1.961360e-01
163 7.955080e-01 7.012000e-03 1.974800e-01
164 7.943200e-01 6.932000e-03 1.987480e-01
165 7.933120e-01 6.700000e-03 1.999880e-01
166 7.921480e-01 6.632000e-03 2.012200e-01
167 7.909760e-01 6.636000e-03 2.023880e-01
168 7.897920e-01 6.680000e-03 2.035280e-01
169 7.887320e-01 6.608000e-03 2.046600e-01
170 7.877000e-01 6.464000e-03 2.058360e-01
171 7.866600e-01 6.400000e-03 2.069400e-01
172 7.856320e-01 6.296000e-03 2.080720e-01
173 7.846560e-01 6.136000e-03 2.092080e-01
174 7.834240e-01 6.304000e-03 2.102720e-01
175 7.822360e-01 6.444000e-03 2.113200e-01
176 7.811600e-01 6.448000e-03 2.123920e-01
177 7.800840e-01 6.416000e-03 2.135000e-01
178 7.790040e-01 6.416000e-03 2.145800e-01
179 7.779480e-01 6.400000e-03 2.156520e-01
180 7.768880e-01 6.436000e-03 2.166760e-01
181 7.758480e-01 6.336000e-03 2.178160e-01
182 7.749120e-01 6.188000e-03 2.189000e-01
183 7.738720e-01 6.208000e-03 2.199200e-01
184 7.729080e-01 6.112000e-03 2.209800e-01
185 7.718240e-01 6.152000e-03 2.220240e-01
186 7.708640e-01 5.980000e-03 2.231560e-01
187 7.697880e-01 5.944000e-03 2.242680e-01
188 7.688000e-01 5.892000e-03 2.253080e-01
189 7.678800e-01 5.796000e-03 2.263240e-01
190 7.669400e-01 5.820000e-03 2.272400e-01
191 7.659560e-01 5.724000e-03 2.283200e-01
192 7.649920e-01 5.680000e-03 2.293280e-01
193 7.640360e-01 5.696000e-03 2.302680e-01
194 7.631160e-01 5.560000e-03 2.313240e-01
195 7.621880e-01 5.540000e-03 2.322720e-01
196 7.612480e-01 5.500000e-03 2.332520e-01
197 7.603840e-01 5.364000e-03 2.342520e-01
198 7.594240e-01 5.344000e-03 2.352320e-01
199 7.585680e-01 5.288000e-03 2.361440e-01
200 7.576840e-01 5.248000e-03 2.370680e-01
201 7.567240e-01 5.336000e-03 2.379400e-01
202 7.557880e-01 5.288000e-03 2.389240e-01
203 7.549880e-01 5.220000e-03 2.397920e-01
204 7.540080e-01 5.328000e-03 2.406640e-01
205 7.532440e-01 5.108000e-03 2.416480e-01
206 7.523680e-01 5.136000e-03 2.424960e-01
207 7.514960e-01 5.224000e-03 2.432800e-01
208 7.505280e-01 5.336000e-03 2.441360e-01
209 7.496040e-01 5.444000e-03 2.449520e-01
210 7.485160e-01 5.544000e-03 2.459400e-01
211 7.475560e-01 5.468000e-03 2.469760e-01
212 7.464520e-01 5.532000e-03 2.480160e-01
213 7.454520e-01 5.572000e-03 2.489760e-01
214 7.444320e-01 5.616000e-03 2.499520e-01
215 7.434000e-01 5.724000e-03 2.508760e-01
216 7.423760e-01 5.776000e-03 2.518480e-01
217 7.413160e-01 5.804000e-03 2.528800e-01
218 7.402840e-01 5.872000e-03 2.538440e-01
219 7.392480e-01 5.984000e-03 2.547680e-01
220 7.383160e-01 5.876000e-03 2.558080e-01
221 7.372960e-01 5.808000e-03 2.568960e-01
222 7.364520e-01 5.636000e-03 2.579120e-01
223 7.355120e-01 5.496000e-03 2.589920e-01
224 7.346280e-01 5.524000e-03 2.598480e-01
225 7.337240e-01 5.444000e-03 2.608320e-01
226 7.327840e-01 5.508000e-03 2.617080e-01
227 7.318800e-01 5.492000e-03 2.626280e-01
228 7.309800e-01 5.504000e-03 2.635160e-01
229 7.302280e-01 5.320000e-03 2.644520e-01
230 7.294200e-01 5.256000e-03 2.653240e-01
231 7.284920e-01 5.236000e-03 2.662720e-01
232 7.276840e-01 5.088000e-03 2.672280e-01
233 7.268120e-01 5.148000e-03 2.680400e-01
234 7.259680e-01 4.984000e-03 2.690480e-01
235 7.251120e-01 4.916000e-03 2.699720e-01
236 7.242360e-01 4.988000e-03 2.707760e-01
237 7.234800e-01 4.888000e-03 2.716320e-01
238 7.225800e-01 4.948000e-03 2.724720e-01
239 7.217240e-01 4.940000e-03 2.733360e-01
240 7.208280e-01 4.876000e-03 2.742960e-01
241 7.199400e-01 4.936000e-03 2.751240e-01
242 7.190120e-01 5.008000e-03 2.759800e-01
243 7.180720e-01 5.072000e-03 2.768560e-01
244 7.170760e-01 5.212000e-03 2.777120e-01
245 7.161400e-01 5.280000e-03 2.785800e-01
246 7.151800e-01 5.372000e-03 2.794480e-01
247 7.142800e-01 5.220000e-03 2.805000e-01
248 7.133640e-01 5.232000e-03 2.814040e-01
249 7.124680e-01 5.200000e-03 2.823320e-01
250 7.116960e-01 5.044000e-03 2.832600e-01
251 7.109240e-01 4.972000e-03 2.841040e-01
252 7.101120e-01 4.824000e-03 2.850640e-01
253 7.093720e-01 4.724000e-03 2.859040e-01
254 7.086520e-01 4.588000e-03 2.867600e-01
255 7.077760e-01 4.764000e-03 2.874600e-01
256 7.069800e-01 4.688000e-03 2.883320e-01
257 7.062920e-01 4.496000e-03 2.892120e-01
258 7.054600e-01 4.480000e-03 2.900600e-01
259 7.047440e-01 4.300000e-03 2.909560e-01
260 7.040560e-01 4.200000e-03 2.917440e-01
261 7.034160e-01 4.080000e-03 2.925040e-01
262 7.027720e-01 3.944000e-03 2.932840e-01
263 7.022680e-01 3.812000e-03 2.939200e-01
264 7.015680e-01 3.872000e-03 2.945600e-01
265 7.009720e-01 3.804000e-03 2.952240e-01
266 7.003720e-01 3.712000e-03 2.959160e-01
267 6.997360e-01 3.764000e-03 2.965000e-01
268 6.991400e-01 3.604000e-03 2.972560e-01
269 6.985160e-01 3.632000e-03 2.978520e-01
270 6.978840e-01 3.548000e-03 2.985680e-01
271 6.973280e-01 3.500000e-03 2.991720e-01
272 6.968400e-01 3.392000e-03 2.997680e-01
273 6.963760e-01 3.216000e-03 3.004080e-01
274 6.958640e-01 3.156000e-03 3.009800e-01
275 6.953760e-01 3.080000e-03 3.015440e-01
276 6.948200e-01 3.204000e-03 3.019760e-01
277 6.942720e-01 3.180000e-03 3.025480e-01
278 6.937120e-01 3.180000e-03 3.031080e-01
279 6.931800e-01 3.144000e-03 3.036760e-01
280 6.926320e-01 3.200000e-03 3.041680e-01
281 6.921320e-01 3.100000e-03 3.047680e-01
282 6.916360e-01 3.032000e-03 3.053320e-01
283 6.911040e-01 2.976000e-03 3.059200e-01
284 6.905560e-01 2.964000e-03 3.064800e-01
285 6.899800e-01 3.016000e-03 3.070040e-01
286 6.893800e-01 3.068000e-03 3.075520e-01
287 6.889880e-01 3.040000e-03 3.079720e-01
288 6.884800e-01 2.988000e-03 3.085320e-01
289 6.879120e-01 3.052000e-03 3.090360e-01
290 6.873080e-01 3.192000e-03 3.095000e-01
291 6.867440e-01 3.196000e-03 3.100600e-01
292 6.862600e-01 3.196000e-03 3.105440e-01
293 6.857400e-01 3.156000e-03 3.111040e-01
294 6.852600e-01 3.060000e-03 3.116800e-01
295 6.847440e-01 3.096000e-03 3.121600e-01
296 6.842360e-01 3.064000e-03 3.127000e-01
297 6.836640e-01 3.140000e-03 3.131960e-01
298 6.831200e-01 3.068000e-03 3.138120e-01
299 6.826440e-01 2.964000e-03 3.143920e-01
300 6.821400e-01 2.992000e-03 3.148680e-01
301 6.815320e-01 3.116000e-03 3.153520e-01
302 6.810560e-01 3.024000e-03 3.159200e-01
303 6.805800e-01 3.008000e-03 3.164120e-01
304 6.800680e-01 3.008000e-03 3.169240e-01
305 6.795640e-01 3.044000e-03 3.173920e-01
306 6.790640e-01 3.004000e-03 3.179320e-01
307 6.785600e-01 2.932000e-03 3.185080e-01
308 6.780320e-01 2.928000e-03 3.190400e-01
309 6.775280e-01 2.940000e-03 3.195320e-01
310 6.769880e-01 3.012000e-03 3.200000e-01
311 6.764040e-01 3.128000e-03 3.204680e-01
312 6.759000e-01 3.032000e-03 3.210680e-01
313 6.753600e-01 3.024000e-03 3.216160e-01
314 6.748840e-01 2.992000e-03 3.221240e-01
315 6.742720e-01 3.160000e-03 3.225680e-01
316 6.737640e-01 3.072000e-03 3.231640e-01
317 6.732720e-01 3.064000e-03 3.236640e-01
318 6.727000e-01 3.132000e-03 3.241680e-01
319 6.721720e-01 3.148000e-03 3.246800e-01
320 6.716440e-01 3.104000e-03 3.252520e-01
321 6.711480e-01 3.036000e-03 3.258160e-01
322 6.706760e-01 2.872000e-03 3.264520e-01
323 6.701720e-01 2.860000e-03 3.269680e-01
324 6.696360e-01 2.824000e-03 3.275400e-01
325 6.691000e-01 2.768000e-03 3.281320e-01
326 6.686640e-01 2.680000e-03 3.286560e-01
327 6.681320e-01 2.724000e-03 3.291440e-01
328 6.675760e-01 2.840000e-03 3.295840e-01
329 6.670080e-01 2.868000e-03 3.301240e-01
330 6.663480e-01 3.060000e-03 3.305920e-01
331 6.657000e-01 3.192000e-03 3.311080e-01
332 6.651120e-01 3.232000e-03 3.316560e-01
333 6.645400e-01 3.268000e-03 3.321920e-01
334 6.639600e-01 3.312000e-03 3.327280e-01
335 6.633680e-01 3.348000e-03 3.332840e-01
336 6.627680e-01 3.376000e-03 3.338560e-01
337 6.621480e-01 3.380000e-03 3.344720e-01
338 6.615360e-01 3.476000e-03 3.349880e-01
339 6.609280e-01 3.500000e-03 3.355720e-01
340 6.603640e-01 3.432000e-03 3.362040e-01
341 6.598360e-01 3.392000e-03 3.367720e-01
342 6.593120e-01 3.308000e-03 3.373800e-01
343 6.587160e-01 3.372000e-03 3.379120e-01
344 6.580160e-01 3.516000e-03 3.384680e-01
345 6.572960e-01 3.660000e-03 3.390440e-01
346 6.566400e-01 3.576000e-03 3.397840e-01
347 6.559960e-01 3.552000e-03 3.404520e-01
348 6.554280e-01 3.516000e-03 3.410560e-01
349 6.548360e-01 3.512000e-03 3.416520e-01
350 6.542920e-01 3.456000e-03 3.422520e-01
351 6.537720e-01 3.320000e-03 3.429080e-01
352 6.533080e-01 3.128000e-03 3.435640e-01
353 6.528960e-01 3.024000e-03 3.440800e-01
354 6.524800e-01 2.896000e-03 3.446240e-01
355 6.520840e-01 2.836000e-03 3.450800e-01
356 6.516160e-01 2.788000e-03 3.455960e-01
357 6.512200e-01 2.640000e-03 3.461400e-01
358 6.508280e-01 2.596000e-03 3.465760e-01
359 6.505480e-01 2.424000e-03 3.470280e-01
360 6.502200e-01 2.280000e-03 3.475000e-01
361 6.498680e-01 2.272000e-03 3.478600e-01
362 6.495440e-01 2.276000e-03 3.481800e-01
363 6.492480e-01 2.112000e-03 3.486400e-01
364 6.488400e-01 2.100000e-03 3.490600e-01
365 6.484560e-01 2.168000e-03 3.493760e-01
366 6.481040e-01 2.048000e-03 3.498480e-01
367 6.477680e-01 1.940000e-03 3.502920e-01
368 6.474120e-01 1.940000e-03 3.506480e-01
369 6.471000e-01 1.892000e-03 3.510080e-01
370 6.467960e-01 1.832000e-03 3.513720e-01
371 6.465200e-01 1.820000e-03 3.516600e-01
372 6.462920e-01 1.660000e-03 3.520480e-01
373 6.460040e-01 1.668000e-03 3.523280e-01
374 6.457120e-01 1.664000e-03 3.526240e-01
375 6.454200e-01 1.600000e-03 3.529800e-01
376 6.451760e-01 1.552000e-03 3.532720e-01
377 6.449080e-01 1.528000e-03 3.535640e-01
378 6.446200e-01 1.516000e-03 3.538640e-01
379 6.443080e-01 1.504000e-03 3.541880e-01
380 6.440960e-01 1.464000e-03 3.544400e-01
381 6.438760e-01 1.420000e-03 3.547040e-01
382 6.436760e-01 1.300000e-03 3.550240e-01
383 6.434480e-01 1.296000e-03 3.552560e-01
384 6.432000e-01 1.332000e-03 3.554680e-01
385 6.429440e-01 1.324000e-03 3.557320e-01
386 6.427200e-01 1.308000e-03 3.559720e-01
387 6.424760e-01 1.300000e-03 3.562240e-01
388 6.422440e-01 1.316000e-03 3.564400e-01
389 6.419680e-01 1.368000e-03 3.566640e-01
390 6.417520e-01 1.400000e-03 3.568480e-01
391 6.415680e-01 1.328000e-03 3.571040e-01
392 6.412800e-01 1.344000e-03 3.573760e-01
393 6.410720e-01 1.332000e-03 3.575960e-01
394 6.408120e-01 1.384000e-03 3.578040e-01
395 6.405520e-01 1.396000e-03 3.580520e-01
396 6.403120e-01 1.376000e-03 3.583120e-01
397 6.400240e-01 1.428000e-03 3.585480e-01
398 6.397680e-01 1.408000e-03 3.588240e-01
399 6.395720e-01 1.344000e-03 3.590840e-01
400 6.393720e-01 1.336000e-03 3.592920e-01
401 6.390680e-01 1.380000e-03 3.595520e-01
402 6.388120e-01 1.428000e-03 3.597600e-01
403 6.385720e-01 1.452000e-03 3.599760e-01
404 6.383320e-01 1.396000e-03 3.602720e-01
405 6.381040e-01 1.380000e-03 3.605160e-01
406 6.378840e-01 1.372000e-03 3.607440e-01
407 6.377160e-01 1.288000e-03 3.609960e-01
408 6.375400e-01 1.200000e-03 3.612600e-01
409 6.373560e-01 1.216000e-03 3.614280e-01
410 6.372280e-01 1.152000e-03 3.616200e-01
411 6.369880e-01 1.144000e-03 3.618680e-01
412 6.368520e-01 1.092000e-03 3.620560e-01
413 6.366920e-01 1.060000e-03 3.622480e-01
414 6.365480e-01 1.024000e-03 3.624280e-01
415 6.363760e-01 1.008000e-03 3.626160e-01
416 6.362240e-01 9.840000e-04 3.627920e-01
417 6.360600e-01 9.760000e-04 3.629640e-01
418 6.359440e-01 9.400000e-04 3.631160e-01
419 6.357960e-01 9.160000e-04 3.632880e-01
420 6.356400e-01 9.080000e-04 3.634520e-01
421 6.355040e-01 8.680000e-04 3.636280e-01
422 6.353520e-01 8.400000e-04 3.638080e-01
423 6.352240e-01 8.320000e-04 3.639440e-01
424 6.350920e-01 8.200000e-04 3.640880e-01
425 6.349120e-01 8.480000e-04 3.642400e-01
426 6.347800e-01 8.120000e-04 3.644080e-01
427 6.346360e-01 8.000000e-04 3.645640e-01
428 6.345000e-01 7.800000e-04 3.647200e-01
429 6.343160e-01 8.640000e-04 3.648200e-01
430 6.341080e-01 9.280000e-04 3.649640e-01
431 6.339520e-01 9.400000e-04 3.651080e-01
432 6.337800e-01 9.280000e-04 3.652920e-01
433 6.336160e-01 9.280000e-04 3.654560e-01
434 6.334040e-01 9.600000e-04 3.656360e-01
435 6.331640e-01 1.044000e-03 3.657920e-01
436 6.328880e-01 1.148000e-03 3.659640e-01
437 6.326360e-01 1.224000e-03 3.661400e-01
438 6.324000e-01 1.244000e-03 3.663560e-01
439 6.321520e-01 1.280000e-03 3.665680e-01
440 6.319280e-01 1.264000e-03 3.668080e-01
441 6.317320e-01 1.244000e-03 3.670240e-01
442 6.315240e-01 1.216000e-03 3.672600e-01
443 6.313480e-01 1.228000e-03 3.674240e-01
444 6.311760e-01 1.132000e-03 3.676920e-01
445 6.309560e-01 1.176000e-03 3.678680e-01
446 6.307600e-01 1.196000e-03 3.680440e-01
447 6.305640e-01 1.160000e-03 3.682760e-01
448 6.303800e-01 1.148000e-03 3.684720e-01
449 6.301480e-01 1.200000e-03 3.686520e-01
450 6.299760e-01 1.188000e-03 3.688360e-01
451 6.297880e-01 1.132000e-03 3.690800e-01
452 6.295520e-01 1.148000e-03 3.693000e-01
453 6.293880e-01 1.088000e-03 3.695240e-01
454 6.292040e-01 1.048000e-03 3.697480e-01
455 6.290000e-01 1.072000e-03 3.699280e-01
456 6.287960e-01 1.056000e-03 3.701480e-01
457 6.286240e-01 1.056000e-03 3.703200e-01
458 6.283880e-01 1.096000e-03 3.705160e-01
459 6.281960e-01 1.044000e-03 3.707600e-01
460 6.280640e-01 1.036000e-03 3.709000e-01
461 6.278760e-01 1.064000e-03 3.710600e-01
462 6.277240e-01 1.020000e-03 3.712560e-01
463 6.276000e-01 9.760000e-04 3.714240e-01
464 6.274440e-01 1.000000e-03 3.715560e-01
465 6.272480e-01 1.040000e-03 3.717120e-01
466 6.270920e-01 1.044000e-03 3.718640e-01
467 6.269520e-01 1.016000e-03 3.720320e-01
468 6.267720e-01 1.032000e-03 3.721960e-01
469 6.265880e-01 1.040000e-03 3.723720e-01
470 6.263600e-01 1.108000e-03 3.725320e-01
471 6.261800e-01 1.108000e-03 3.727120e-01
472 6.259960e-01 1.088000e-03 3.729160e-01
473 6.257960e-01 1.068000e-03 3.731360e-01
474 6.255280e-01 1.160000e-03 3.733120e-01
475 6.253080e-01 1.176000e-03 3.735160e-01
476 6.250840e-01 1.164000e-03 3.737520e-01
477 6.248440e-01 1.184000e-03 3.739720e-01
478 6.246400e-01 1.204000e-03 3.741560e-01
479 6.244400e-01 1.168000e-03 3.743920e-01
480 6.242240e-01 1.144000e-03 3.746320e-01
481 6.239760e-01 1.196000e-03 3.748280e-01
482 6.237200e-01 1.228000e-03 3.750520e-01
483 6.234920e-01 1.252000e-03 3.752560e-01
484 6.233240e-01 1.220000e-03 3.754560e-01
485 6.231160e-01 1.196000e-03 3.756880e-01
486 6.229160e-01 1.212000e-03 3.758720e-01
487 6.227760e-01 1.152000e-03 3.760720e-01
488 6.225280e-01 1.200000e-03 3.762720e-01
489 6.223080e-01 1.200000e-03 3.764920e-01
490 6.221440e-01 1.176000e-03 3.766800e-01
491 6.219640e-01 1.168000e-03 3.768680e-01
492 6.218040e-01 1.060000e-03 3.771360e-01
493 6.216200e-01 1.096000e-03 3.772840e-01
494 6.214280e-01 1.116000e-03 3.774560e-01
495 6.212240e-01 1.176000e-03 3.776000e-01
496 6.210080e-01 1.116000e-03 3.778760e-01
497 6.208360e-01 1.124000e-03 3.780400e-01
498 6.206640e-01 1.108000e-03 3.782280e-01
499 6.205000e-01 1.108000e-03 3.783920e-01
500 6.203880e-01 1.016000e-03 3.785960e-01
