1 9.992560e-01 6.640000e-04 8.000000e-05
2 9.987880e-01 9.880000e-04 2.240000e-04
3 9.982360e-01 1.348000e-03 4.160000e-04
4 9.975640e-01 1.776000e-03 6.600000e-04
5 9.968400e-01 2.152000e-03 1.008000e-03
6 9.958920e-01 2.648000e-03 1.460000e-03
7 9.949520e-01 3.132000e-03 1.916000e-03
8 9.940080e-01 3.448000e-03 2.544000e-03
9 9.930520e-01 3.796000e-03 3.152000e-03
10 9.919760e-01 4.144000e-03 3.880000e-03
11 9.908840e-01 4.456000e-03 4.660000e-03
12 9.897560e-01 4.768000e-03 5.476000e-03
13 9.885640e-01 5.184000e-03 6.252000e-03
14 9.874200e-01 5.408000e-03 7.172000e-03
15 9.862840e-01 5.580000e-03 8.136000e-03
16 9.850600e-01 5.864000e-03 9.076000e-03
17 9.838760e-01 5.916000e-03 1.020800e-02
18 9.825080e-01 6.264000e-03 1.122800e-02
19 9.813400e-01 6.264000e-03 1.239600e-02
20 9.801520e-01 6.372000e-03 1.347600e-02
21 9.788120e-01 6.652000e-03 1.453600e-02
22 9.773440e-01 6.856000e-03 1.580000e-02
23 9.760400e-01 7.032000e-03 1.692800e-02
24 9.746280e-01 7.340000e-03 1.803200e-02
25 9.733120e-01 7.324000e-03 1.936400e-02
26 9.719440e-01 7.524000e-03 2.053200e-02
27 9.703080e-01 7.948000e-03 2.174400e-02
28 9.688480e-01 7.924000e-03 2.322800e-02
29 9.673400e-01 8.148000e-03 2.451200e-02
30 9.657920e-01 8.288000e-03 2.592000e-02
31 9.641760e-01 8.532000e-03 2.729200e-02
32 9.625400e-01 8.484000e-03 2.897600e-02
33 9.609000e-01 8.576000e-03 3.052400e-02
34 9.592480e-01 8.756000e-03 3.199600e-02
35 9.577280e-01 8.764000e-03 3.350800e-02
36 9.561800e-01 8.636000e-03 3.518400e-02
37 9.545720e-01 8.728000e-03 3.670000e-02
38 9.530960e-01 8.680000e-03 3.822400e-02
39 9.514320e-01 8.752000e-03 3.981600e-02
40 9.498440e-01 8.676000e-03 4.148000e-02
41 9.482320e-01 8.820000e-03 4.294800e-02
42 9.466440e-01 8.948000e-03 4.440800e-02
43 9.449720e-01 9.016000e-03 4.601200e-02
44 9.434880e-01 8.940000e-03 4.757200e-02
45 9.418040e-01 9.080000e-03 4.911600e-02
46 9.401360e-01 9.160000e-03 5.070400e-02
47 9.383960e-01 9.096000e-03 5.250800e-02
48 9.366280e-01 9.300000e-03 5.407200e-02
49 9.350280e-01 9.420000e-03 5.555200e-02
50 9.334280e-01 9.384000e-03 5.718800e-02
51 9.317360e-01 9.468000e-03 5.879600e-02
52 9.301640e-01 9.384000e-03 6.045200e-02
53 9.286280e-01 9.168000e-03 6.220400e-02
54 9.270160e-01 9.284000e-03 6.370000e-02
55 9.255760e-01 9.144000e-03 6.528000e-02
56 9.239400e-01 9.292000e-03 6.676800e-02
57 9.222800e-01 9.272000e-03 6.844800e-02
58 9.207720e-01 9.216000e-03 7.001200e-02
59 9.191720e-01 9.240000e-03 7.158800e-02
60 9.174320e-01 9.348000e-03 7.322000e-02
61 9.158720e-01 9.352000e-03 7.477600e-02
62 9.142520e-01 9.400000e-03 7.634800e-02
63 9.126600e-01 9.536000e-03 7.780400e-02
64 9.111640e-01 9.296000e-03 7.954000e-02
65 9.096440e-01 9.160000e-03 8.119600e-02
66 9.083320e-01 8.956000e-03 8.271200e-02
67 9.069200e-01 8.744000e-03 8.433600e-02
68 9.054680e-01 8.584000e-03 8.594800e-02
69 9.039760e-01 8.568000e-03 8.745600e-02
70 9.025480e-01 8.548000e-03 8.890400e-02
71 9.010840e-01 8.556000e-03 9.036000e-02
72 8.995800e-01 8.600000e-03 9.182000e-02
73 8.981800e-01 8.404000e-03 9.341600e-02
74 8.967840e-01 8.168000e-03 9.504800e-02
75 8.952800e-01 8.100000e-03 9.662000e-02
76 8.939440e-01 7.992000e-03 9.806400e-02
77 8.924960e-01 8.108000e-03 9.939600e-02
78 8.910200e-01 8.116000e-03 1.008640e-01
79 8.894920e-01 8.328000e-03 1.021800e-01
80 8.879360e-01 8.424000e-03 1.036400e-01
81 8.866920e-01 8.168000e-03 1.051400e-01
82 8.852560e-01 8.112000e-03 1.066320e-01
83 8.838760e-01 8.144000e-03 1.079800e-01
84 8.824160e-01 8.188000e-03 1.093960e-01
85 8.809840e-01 8.208000e-03 1.108080e-01
86 8.794880e-01 8.168000e-03 1.123440e-01
87 8.779320e-01 8.284000e-03 1.137840e-01
88 8.762880e-01 8.548000e-03 1.151640e-01
89 8.747160e-01 8.616000e-03 1.166680e-01
90 8.731640e-01 8.620000e-03 1.182160e-01
91 8.716280e-01 8.740000e-03 1.196320e-01
92 8.703080e-01 8.532000e-03 1.211600e-01
93 8.687200e-01 8.708000e-03 1.225720e-01
94 8.671240e-01 8.696000e-03 1.241800e-01
95 8.656240e-01 8.752000e-03 1.256240e-01
96 8.640840e-01 8.660000e-03 1.272560e-01
97 8.624080e-01 9.012000e-03 1.285800e-01
98 8.607640e-01 9.036000e-03 1.302000e-01
99 8.590760e-01 9.060000e-03 1.318640e-01
100 8.575560e-01 9.068000e-03 1.333760e-01
101 8.559800e-01 8.964000e-03 1.350560e-01
102 8.543720e-01 9.052000e-03 1.365760e-01
103 8.527880e-01 8.920000e-03 1.382920e-01
104 8.512280e-01 8.832000e-03 1.399400e-01
105 8.496000e-01 8.824000e-03 1.415760e-01
106 8.480600e-01 8.856000e-03 1.430840e-01
107 8.465680e-01 8.728000e-03 1.447040e-01
108 8.450920e-01 8.696000e-03 1.462120e-01
109 8.435160e-01 8.868000e-03 1.476160e-01
110 8.420920e-01 8.664000e-03 1.492440e-01
111 8.405960e-01 8.540000e-03 1.508640e-01
112 8.391280e-01 8.476000e-03 1.523960e-01
113 8.377960e-01 8.280000e-03 1.539240e-01
114 8.364320e-01 8.180000e-03 1.553880e-01
115 8.350640e-01 8.224000e-03 1.567120e-01
116 8.336280e-01 8.120000e-03 1.582520e-01
117 8.322400e-01 8.076000e-03 1.596840e-01
118 8.309520e-01 7.964000e-03 1.610840e-01
119 8.296840e-01 7.748000e-03 1.625680e-01
120 8.284240e-01 7.648000e-03 1.639280e-01
121 8.270840e-01 7.764000e-03 1.651520e-01
122 8.257000e-01 7.812000e-03 1.664880e-01
123 8.245040e-01 7.656000e-03 1.678400e-01
124 8.233000e-01 7.528000e-03 1.691720e-01
125 8.220920e-01 7.304000e-03 1.706040e-01
126 8.207200e-01 7.288000e-03 1.719920e-01
127 8.194560e-01 7.300000e-03 1.732440e-01
128 8.181960e-01 7.384000e-03 1.744200e-01
129 8.166720e-01 7.580000e-03 1.757480e-01
130 8.152800e-01 7.724000e-03 1.769960e-01
131 8.138560e-01 7.808000e-03 1.783360e-01
132 8.124280e-01 8.060000e-03 1.795120e-01
133 8.111160e-01 8.048000e-03 1.808360e-01
134 8.097240e-01 7.968000e-03 1.823080e-01
135 8.084400e-01 7.908000e-03 1.836520e-01
136 8.070480e-01 7.984000e-03 1.849680e-01
137 8.056680e-01 7.988000e-03 1.863440e-01
138 8.041640e-01 8.048000e-03 1.877880e-01
139 8.027160e-01 7.948000e-03 1.893360e-01
140 8.013680e-01 7.968000e-03 1.906640e-01
141 7.999760e-01 7.960000e-03 1.920640e-01
142 7.985760e-01 7.872000e-03 1.935520e-01
143 7.972560e-01 7.792000e-03 1.949520e-01
144 7.959280e-01 7.804000e-03 1.962680e-01
145 7.945960e-01 7.772000e-03 1.976320e-01
146 7.931960e-01 7.780000e-03 1.990240e-01
147 7.918080e-01 7.856000e-03 2.003360e-01
148 7.905520e-01 7.648000e-03 2.018000e-01
149 7.891920e-01 7.728000e-03 2.030800e-01
150 7.878200e-01 7.708000e-03 2.044720e-01
151 7.864600e-01 7.664000e-03 2.058760e-01
152 7.850400e-01 7.696000e-03 2.072640e-01
153 7.835040e-01 7.852000e-03 2.086440e-01
154 7.820920e-01 7.920000e-03 2.099880e-01
155 7.805600e-01 8.168000e-03 2.112720e-01
156 7.792880e-01 8.044000e-03 2.126680e-01
157 7.779840e-01 7.952000e-03 2.140640e-01
158 7.768120e-01 7.748000e-03 2.154400e-01
159 7.756240e-01 7.640000e-03 2.167360e-01
160 7.744760e-01 7.476000e-03 2.180480e-01
161 7.732840e-01 7.212000e-03 2.195040e-01
162 7.721240e-01 7.208000e-03 2.206680e-01
163 7.709760e-01 7.032000e-03 2.219920e-01
164 7.698080e-01 6.928000e-03 2.232640e-01
165 7.686560e-01 6.892000e-03 2.244520e-01
166 7.673840e-01 7.000000e-03 2.256160e-01
167 7.661400e-01 7.000000e-03 2.268600e-01
168 7.648800e-01 6.992000e-03 2.281280e-01
169 7.637080e-01 6.876000e-03 2.294160e-01
170 7.625040e-01 6.796000e-03 2.307000e-01
171 7.613920e-01 6.600000e-03 2.320080e-01
172 7.603520e-01 6.508000e-03 2.331400e-01
173 7.592520e-01 6.472000e-03 2.342760e-01
174 7.583280e-01 6.240000e-03 2.354320e-01
175 7.573480e-01 6.080000e-03 2.365720e-01
176 7.564280e-01 5.980000e-03 2.375920e-01
177 7.554760e-01 5.884000e-03 2.386400e-01
178 7.544800e-01 5.824000e-03 2.396960e-01
179 7.535720e-01 5.820000e-03 2.406080e-01
180 7.526560e-01 5.688000e-03 2.416560e-01
181 7.517560e-01 5.500000e-03 2.427440e-01
182 7.508120e-01 5.528000e-03 2.436600e-01
183 7.498480e-01 5.532000e-03 2.446200e-01
184 7.490000e-01 5.388000e-03 2.456120e-01
185 7.480640e-01 5.488000e-03 2.464480e-01
186 7.471200e-01 5.492000e-03 2.473880e-01
187 7.461000e-01 5.544000e-03 2.483560e-01
188 7.452680e-01 5.372000e-03 2.493600e-01
189 7.444360e-01 5.264000e-03 2.503000e-01
190 7.435440e-01 5.244000e-03 2.512120e-01
191 7.427600e-01 5.080000e-03 2.521600e-01
192 7.420280e-01 4.848000e-03 2.531240e-01
193 7.411360e-01 4.936000e-03 2.539280e-01
194 7.403280e-01 4.736000e-03 2.549360e-01
195 7.396000e-01 4.620000e-03 2.557800e-01
196 7.388520e-01 4.500000e-03 2.566480e-01
197 7.381600e-01 4.340000e-03 2.575000e-01
198 7.374440e-01 4.224000e-03 2.583320e-01
199 7.367960e-01 4.156000e-03 2.590480e-01
200 7.360600e-01 4.232000e-03 2.597080e-01
201 7.353920e-01 4.204000e-03 2.604040e-01
202 7.347760e-01 4.076000e-03 2.611480e-01
203 7.339680e-01 4.148000e-03 2.618840e-01
204 7.332200e-01 4.172000e-03 2.626080e-01
205 7.325480e-01 4.184000e-03 2.632680e-01
206 7.319200e-01 4.092000e-03 2.639880e-01
207 7.312400e-01 4.040000e-03 2.647200e-01
208 7.305400e-01 4.044000e-03 2.654160e-01
209 7.298720e-01 4.004000e-03 2.661240e-01
210 7.292360e-01 3.880000e-03 2.668840e-01
211 7.285600e-01 3.832000e-03 2.676080e-01
212 7.279320e-01 3.768000e-03 2.683000e-01
213 7.272360e-01 3.732000e-03 2.690320e-01
214 7.265600e-01 3.704000e-03 2.697360e-01
215 7.258600e-01 3.812000e-03 2.703280e-01
216 7.251480e-01 3.928000e-03 2.709240e-01
217 7.244680e-01 3.896000e-03 2.716360e-01
218 7.237120e-01 3.980000e-03 2.723080e-01
219 7.230560e-01 3.952000e-03 2.729920e-01
220 7.223040e-01 4.004000e-03 2.736920e-01
221 7.215160e-01 4.108000e-03 2.743760e-01
222 7.207280e-01 4.228000e-03 2.750440e-01
223 7.200320e-01 4.188000e-03 2.757800e-01
224 7.191360e-01 4.348000e-03 2.765160e-01
225 7.184600e-01 4.312000e-03 2.772280e-01
226 7.176160e-01 4.404000e-03 2.779800e-01
227 7.168600e-01 4.392000e-03 2.787480e-01
228 7.161320e-01 4.352000e-03 2.795160e-01
229 7.154080e-01 4.312000e-03 2.802800e-01
230 7.147600e-01 4.140000e-03 2.811000e-01
231 7.139920e-01 4.144000e-03 2.818640e-01
232 7.132440e-01 4.116000e-03 2.826400e-01
233 7.125440e-01 4.040000e-03 2.834160e-01
234 7.119240e-01 3.900000e-03 2.841760e-01
235 7.113680e-01 3.780000e-03 2.848520e-01
236 7.107720e-01 3.732000e-03 2.854960e-01
237 7.101120e-01 3.712000e-03 2.861760e-01
238 7.094840e-01 3.704000e-03 2.868120e-01
239 7.088520e-01 3.756000e-03 2.873920e-01
240 7.083320e-01 3.664000e-03 2.880040e-01
241 7.076560e-01 3.692000e-03 2.886520e-01
242 7.070160e-01 3.664000e-03 2.893200e-01
243 7.064520e-01 3.680000e-03 2.898680e-01
244 7.059080e-01 3.560000e-03 2.905320e-01
245 7.053960e-01 3.500000e-03 2.911040e-01
246 7.048440e-01 3.404000e-03 2.917520e-01
247 7.043360e-01 3.316000e-03 2.923480e-01
248 7.037520e-01 3.304000e-03 2.929440e-01
249 7.032600e-01 3.212000e-03 2.935280e-01
250 7.027200e-01 3.156000e-03 2.941240e-01
251 7.022480e-01 3.044000e-03 2.947080e-01
252 7.016560e-01 3.104000e-03 2.952400e-01
253 7.010760e-01 3.160000e-03 2.957640e-01
254 7.005840e-01 3.068000e-03 2.963480e-01
255 7.000440e-01 2.952000e-03 2.970040e-01
256 6.995240e-01 2.984000e-03 2.974920e-01
257 6.989520e-01 3.020000e-03 2.980280e-01
258 6.984960e-01 2.984000e-03 2.985200e-01
259 6.979640e-01 3.064000e-03 2.989720e-01
260 6.973840e-01 3.104000e-03 2.995120e-01
261 6.968440e-01 3.080000e-03 3.000760e-01
262 6.962600e-01 3.064000e-03 3.006760e-01
263 6.957520e-01 3.036000e-03 3.012120e-01
264 6.951720e-01 3.124000e-03 3.017040e-01
265 6.946440e-01 3.172000e-03 3.021840e-01
266 6.941120e-01 3.224000e-03 3.026640e-01
267 6.934840e-01 3.324000e-03 3.031920e-01
268 6.929360e-01 3.248000e-03 3.038160e-01
269 6.924320e-01 3.148000e-03 3.044200e-01
270 6.920080e-01 3.000000e-03 3.049920e-01
271 6.915240e-01 3.004000e-03 3.054720e-01
272 6.910560e-01 2.924000e-03 3.060200e-01
273 6.906200e-01 2.840000e-03 3.065400e-01
274 6.901640e-01 2.840000e-03 3.069960e-01
275 6.896880e-01 2.808000e-03 3.075040e-01
276 6.892560e-01 2.744000e-03 3.080000e-01
277 6.887480e-01 2.772000e-03 3.084800e-01
278 6.883160e-01 2.784000e-03 3.089000e-01
279 6.878160e-01 2.788000e-03 3.093960e-01
280 6.874120e-01 2.656000e-03 3.099320e-01
281 6.869920e-01 2.668000e-03 3.103400e-01
282 6.864680e-01 2.712000e-03 3.108200e-01
283 6.859640e-01 2.728000e-03 3.113080e-01
284 6.855000e-01 2.712000e-03 3.117880e-01
285 6.850520e-01 2.684000e-03 3.122640e-01
286 6.845720e-01 2.744000e-03 3.126840e-01
287 6.841480e-01 2.632000e-03 3.132200e-01
288 6.836480e-01 2.680000e-03 3.136720e-01
289 6.833000e-01 2.500000e-03 3.142000e-01
290 6.829000e-01 2.468000e-03 3.146320e-01
291 6.824400e-01 2.460000e-03 3.151000e-01
292 6.820080e-01 2.528000e-03 3.154640e-01
293 6.816280e-01 2.400000e-03 3.159720e-01
294 6.812120e-01 2.372000e-03 3.164160e-01
295 6.808440e-01 2.360000e-03 3.167960e-01
296 6.804600e-01 2.416000e-03 3.171240e-01
297 6.801080e-01 2.368000e-03 3.175240e-01
298 6.796920e-01 2.388000e-03 3.179200e-01
299 6.792920e-01 2.336000e-03 3.183720e-01
300 6.788840e-01 2.320000e-03 3.187960e-01
301 6.784360e-01 2.396000e-03 3.191680e-01
302 6.780080e-01 2.296000e-03 3.196960e-01
303 6.775840e-01 2.292000e-03 3.201240e-01
304 6.772440e-01 2.192000e-03 3.205640e-01
305 6.769080e-01 2.176000e-03 3.209160e-01
306 6.765080e-01 2.252000e-03 3.212400e-01
307 6.761000e-01 2.272000e-03 3.216280e-01
308 6.757520e-01 2.168000e-03 3.220800e-01
309 6.754240e-01 2.124000e-03 3.224520e-01
310 6.751120e-01 2.052000e-03 3.228360e-01
311 6.747640e-01 2.028000e-03 3.232080e-01
312 6.744920e-01 1.936000e-03 3.235720e-01
313 6.741760e-01 1.948000e-03 3.238760e-01
314 6.739360e-01 1.848000e-03 3.242160e-01
315 6.735880e-01 1.852000e-03 3.245600e-01
316 6.731600e-01 1.964000e-03 3.248760e-01
317 6.728440e-01 1.956000e-03 3.252000e-01
318 6.725040e-01 1.964000e-03 3.255320e-01
319 6.720720e-01 2.084000e-03 3.258440e-01
320 6.716680e-01 2.084000e-03 3.262480e-01
321 6.712880e-01 2.088000e-03 3.266240e-01
322 6.708800e-01 2.144000e-03 3.269760e-01
323 6.704920e-01 2.180000e-03 3.273280e-01
324 6.701880e-01 2.132000e-03 3.276800e-01
325 6.698920e-01 2.032000e-03 3.280760e-01
326 6.695560e-01 2.032000e-03 3.284120e-01
327 6.692680e-01 1.940000e-03 3.287920e-01
328 6.688880e-01 1.968000e-03 3.291440e-01
329 6.685640e-01 2.000000e-03 3.294360e-01
330 6.683200e-01 1.920000e-03 3.297600e-01
331 6.679200e-01 2.004000e-03 3.300760e-01
332 6.675600e-01 2.036000e-03 3.304040e-01
333 6.671720e-01 2.000000e-03 3.308280e-01
334 6.668760e-01 1.944000e-03 3.311800e-01
335 6.665800e-01 1.924000e-03 3.314960e-01
336 6.662200e-01 1.916000e-03 3.318640e-01
337 6.658400e-01 1.988000e-03 3.321720e-01
338 6.654880e-01 2.020000e-03 3.324920e-01
339 6.651040e-01 2.092000e-03 3.328040e-01
340 6.646080e-01 2.212000e-03 3.331800e-01
341 6.642440e-01 2.188000e-03 3.335680e-01
342 6.639080e-01 2.160000e-03 3.339320e-01
343 6.635400e-01 2.144000e-03 3.343160e-01
344 6.632080e-01 2.096000e-03 3.346960e-01
345 6.629000e-01 2.020000e-03 3.350800e-01
346 6.626120e-01 1.988000e-03 3.354000e-01
347 6.622200e-01 2.076000e-03 3.357040e-01
348 6.618080e-01 2.144000e-03 3.360480e-01
349 6.614160e-01 2.224000e-03 3.363600e-01
350 6.610240e-01 2.204000e-03 3.367720e-01
351 6.607400e-01 2.112000e-03 3.371480e-01
352 6.603480e-01 2.124000e-03 3.375280e-01
353 6.600120e-01 2.100000e-03 3.378880e-01
354 6.596600e-01 2.052000e-03 3.382880e-01
355 6.593560e-01 1.964000e-03 3.386800e-01
356 6.590120e-01 1.940000e-03 3.390480e-01
357 6.587200e-01 1.912000e-03 3.393680e-01
358 6.584840e-01 1.764000e-03 3.397520e-01
359 6.581600e-01 1.812000e-03 3.400280e-01
360 6.579040e-01 1.784000e-03 3.403120e-01
361 6.575680e-01 1.864000e-03 3.405680e-01
362 6.572400e-01 1.944000e-03 3.408160e-01
363 6.569280e-01 1.948000e-03 3.411240e-01
364 6.566720e-01 1.876000e-03 3.414520e-01
365 6.563080e-01 1.908000e-03 3.417840e-01
366 6.559720e-01 1.888000e-03 3.421400e-01
367 6.556640e-01 1.908000e-03 3.424280e-01
368 6.553520e-01 1.860000e-03 3.427880e-01
369 6.550920e-01 1.800000e-03 3.431080e-01
370 6.548160e-01 1.784000e-03 3.434000e-01
371 6.544600e-01 1.780000e-03 3.437600e-01
372 6.541080e-01 1.800000e-03 3.440920e-01
373 6.537840e-01 1.800000e-03 3.444160e-01
374 6.534840e-01 1.804000e-03 3.447120e-01
375 6.531440e-01 1.840000e-03 3.450160e-01
376 6.528240e-01 1.900000e-03 3.452760e-01
377 6.526080e-01 1.824000e-03 3.455680e-01
378 6.523920e-01 1.732000e-03 3.458760e-01
379 6.522440e-01 1.636000e-03 3.461200e-01
380 6.519840e-01 1.640000e-03 3.463760e-01
381 6.516840e-01 1.660000e-03 3.466560e-01
382 6.514360e-01 1.640000e-03 3.469240e-01
383 6.511760e-01 1.668000e-03 3.471560e-01
384 6.508600e-01 1.664000e-03 3.474760e-01
385 6.505960e-01 1.624000e-03 3.477800e-01
386 6.503000e-01 1.652000e-03 3.480480e-01
387 6.500200e-01 1.656000e-03 3.483240e-01
388 6.497400e-01 1.604000e-03 3.486560e-01
389 6.495120e-01 1.568000e-03 3.489200e-01
390 6.492760e-01 1.532000e-03 3.491920e-01
391 6.490640e-01 1.440000e-03 3.494960e-01
392 6.488600e-01 1.412000e-03 3.497280e-01
393 6.486640e-01 1.348000e-03 3.499880e-01
394 6.484240e-01 1.340000e-03 3.502360e-01
395 6.482400e-01 1.248000e-03 3.505120e-01
396 6.480880e-01 1.168000e-03 3.507440e-01
397 6.479200e-01 1.108000e-03 3.509720e-01
398 6.477760e-01 1.004000e-03 3.512200e-01
399 6.476760e-01 9.240000e-04 3.514000e-01
400 6.476160e-01 8.240000e-04 3.515600e-01
401 6.474960e-01 7.800000e-04 3.517240e-01
402 6.473800e-01 7.640000e-04 3.518560e-01
403 6.472360e-01 8.040000e-04 3.519600e-01
404 6.471320e-01 7.640000e-04 3.521040e-01
405 6.470000e-01 7.720000e-04 3.522280e-01
406 6.468320e-01 7.800000e-04 3.523880e-01
407 6.467200e-01 7.480000e-04 3.525320e-01
408 6.465840e-01 7.640000e-04 3.526520e-01
409 6.464920e-01 6.840000e-04 3.528240e-01
410 6.464080e-01 6.360000e-04 3.529560e-01
411 6.463240e-01 6.280000e-04 3.530480e-01
412 6.462080e-01 6.200000e-04 3.531720e-01
413 6.460680e-01 6.680000e-04 3.532640e-01
414 6.459480e-01 6.840000e-04 3.533680e-01
415 6.458320e-01 6.800000e-04 3.534880e-01
416 6.456880e-01 6.960000e-04 3.536160e-01
417 6.455480e-01 7.480000e-04 3.537040e-01
418 6.454680e-01 7.000000e-04 3.538320e-01
419 6.453480e-01 7.280000e-04 3.539240e-01
420 6.452480e-01 6.960000e-04 3.540560e-01
421 6.451360e-01 6.360000e-04 3.542280e-01
422 6.450280e-01 6.640000e-04 3.543080e-01
423 6.449240e-01 6.800000e-04 3.543960e-01
424 6.447960e-01 7.200000e-04 3.544840e-01
425 6.446480e-01 7.600000e-04 3.545920e-01
426 6.445080e-01 7.760000e-04 3.547160e-01
427 6.443880e-01 7.800000e-04 3.548320e-01
428 6.442360e-01 7.800000e-04 3.549840e-01
429 6.441360e-01 7.560000e-04 3.551080e-01
430 6.440480e-01 7.000000e-04 3.552520e-01
431 6.439640e-01 6.440000e-04 3.553920e-01
432 6.438640e-01 6.560000e-04 3.554800e-01
433 6.437480e-01 6.760000e-04 3.555760e-01
434 6.436200e-01 6.800000e-04 3.557000e-01
435 6.434920e-01 7.000000e-04 3.558080e-01
436 6.433680e-01 6.720000e-04 3.559600e-01
437 6.432680e-01 6.360000e-04 3.560960e-01
438 6.431360e-01 6.720000e-04 3.561920e-01
439 6.430120e-01 6.720000e-04 3.563160e-01
440 6.428600e-01 6.880000e-04 3.564520e-01
441 6.427400e-01 6.840000e-04 3.565760e-01
442 6.426040e-01 7.520000e-04 3.566440e-01
443 6.424960e-01 6.760000e-04 3.568280e-01
444 6.423880e-01 7.000000e-04 3.569120e-01
445 6.423360e-01 6.200000e-04 3.570440e-01
446 6.422240e-01 6.120000e-04 3.571640e-01
447 6.421000e-01 5.960000e-04 3.573040e-01
448 6.419680e-01 6.480000e-04 3.573840e-01
449 6.418400e-01 6.760000e-04 3.574840e-01
450 6.416720e-01 7.520000e-04 3.575760e-01
451 6.415560e-01 7.600000e-04 3.576840e-01
452 6.413920e-01 7.640000e-04 3.578440e-01
453 6.412280e-01 8.040000e-04 3.579680e-01
454 6.410920e-01 8.240000e-04 3.580840e-01
455 6.409160e-01 8.520000e-04 3.582320e-01
456 6.408320e-01 8.040000e-04 3.583640e-01
457 6.406640e-01 8.280000e-04 3.585080e-01
458 6.404920e-01 8.720000e-04 3.586360e-01
459 6.403640e-01 8.840000e-04 3.587520e-01
460 6.402440e-01 8.360000e-04 3.589200e-01
461 6.401200e-01 8.000000e-04 3.590800e-01
462 6.399400e-01 8.200000e-04 3.592400e-01
463 6.398440e-01 7.880000e-04 3.593680e-01
464 6.396680e-01 8.040000e-04 3.595280e-01
465 6.395600e-01 7.320000e-04 3.597080e-01
466 6.394560e-01 7.080000e-04 3.598360e-01
467 6.393440e-01 7.080000e-04 3.599480e-01
468 6.392480e-01 7.080000e-04 3.600440e-01
469 6.391480e-01 7.000000e-04 3.601520e-01
470 6.390680e-01 6.640000e-04 3.602680e-01
471 6.389880e-01 6.120000e-04 3.604000e-01
472 6.389200e-01 5.720000e-04 3.605080e-01
473 6.388560e-01 5.400000e-04 3.606040e-01
474 6.387640e-01 4.840000e-04 3.607520e-01
475 6.387120e-01 4.360000e-04 3.608520e-01
476 6.386520e-01 3.800000e-04 3.609680e-01
477 6.385840e-01 3.720000e-04 3.610440e-01
478 6.385560e-01 3.520000e-04 3.610920e-01
479 6.385400e-01 3.080000e-04 3.611520e-01
480 6.385200e-01 2.880000e-04 3.611920e-01
481 6.384360e-01 3.320000e-04 3.612320e-01
482 6.383920e-01 3.480000e-04 3.612600e-01
483 6.383240e-01 3.520000e-04 3.613240e-01
484 6.382520e-01 3.280000e-04 3.614200e-01
485 6.381840e-01 3.400000e-04 3.614760e-01
486 6.381320e-01 3.320000e-04 3.615360e-01
487 6.380840e-01 3.320000e-04 3.615840e-01
488 6.380080e-01 3.520000e-04 3.616400e-01
489 6.379400e-01 3.480000e-04 3.617120e-01
490 6.378440e-01 3.960000e-04 3.617600e-01
491 6.377760e-01 3.880000e-04 3.618360e-01
492 6.376960e-01 3.960000e-04 3.619080e-01
493 6.375960e-01 4.200000e-04 3.619840e-01
494 6.375240e-01 3.800000e-04 3.620960e-01
495 6.374320e-01 4.080000e-04 3.621600e-01
496 6.373680e-01 3.880000e-04 3.622440e-01
497 6.372520e-01 4.480000e-04 3.623000e-01
498 6.371400e-01 4.920000e-04 3.623680e-01
499 6.370240e-01 4.960000e-04 3.624800e-01
500 6.369400e-01 5.360000e-04 3.625240e-01
