1 9.991840e-01 7.120000e-04 1.040000e-04
2 9.986200e-01 1.120000e-03 2.600000e-04
3 9.979560e-01 1.544000e-03 5.000000e-04
4 9.973280e-01 1.892000e-03 7.800000e-04
5 9.965240e-01 2.388000e-03 1.088000e-03
6 9.956400e-01 2.876000e-03 1.484000e-03
7 9.947320e-01 3.276000e-03 1.992000e-03
8 9.938280e-01 3.576000e-03 2.596000e-03
9 9.928000e-01 3.932000e-03 3.268000e-03
10 9.918600e-01 4.084000e-03 4.056000e-03
11 9.908880e-01 4.244000e-03 4.868000e-03
12 9.897000e-01 4.636000e-03 5.664000e-03
13 9.885960e-01 4.896000e-03 6.508000e-03
14 9.873680e-01 5.224000e-03 7.408000e-03
15 9.863440e-01 5.228000e-03 8.428000e-03
16 9.852640e-01 5.412000e-03 9.324000e-03
17 9.840560e-01 5.688000e-03 1.025600e-02
18 9.828400e-01 5.796000e-03 1.136400e-02
19 9.816520e-01 5.928000e-03 1.242000e-02
20 9.804880e-01 6.112000e-03 1.340000e-02
21 9.792880e-01 6.232000e-03 1.448000e-02
22 9.780160e-01 6.344000e-03 1.564000e-02
23 9.767280e-01 6.496000e-03 1.677600e-02
24 9.752720e-01 6.824000e-03 1.790400e-02
25 9.738840e-01 7.012000e-03 1.910400e-02
26 9.727360e-01 6.800000e-03 2.046400e-02
27 9.714520e-01 6.864000e-03 2.168400e-02
28 9.701600e-01 6.888000e-03 2.295200e-02
29 9.687760e-01 7.084000e-03 2.414000e-02
30 9.672160e-01 7.476000e-03 2.530800e-02
31 9.656920e-01 7.604000e-03 2.670400e-02
32 9.642800e-01 7.628000e-03 2.809200e-02
33 9.628840e-01 7.672000e-03 2.944400e-02
34 9.614160e-01 7.768000e-03 3.081600e-02
35 9.600880e-01 7.704000e-03 3.220800e-02
36 9.587400e-01 7.680000e-03 3.358000e-02
37 9.573520e-01 7.780000e-03 3.486800e-02
38 9.560160e-01 7.868000e-03 3.611600e-02
39 9.545360e-01 8.028000e-03 3.743600e-02
40 9.531920e-01 7.892000e-03 3.891600e-02
41 9.518800e-01 7.776000e-03 4.034400e-02
42 9.506160e-01 7.696000e-03 4.168800e-02
43 9.494480e-01 7.664000e-03 4.288800e-02
44 9.481280e-01 7.636000e-03 4.423600e-02
45 9.469880e-01 7.464000e-03 4.554800e-02
46 9.457640e-01 7.412000e-03 4.682400e-02
47 9.445600e-01 7.248000e-03 4.819200e-02
48 9.432640e-01 7.352000e-03 4.938400e-02
49 9.420680e-01 7.184000e-03 5.074800e-02
50 9.408720e-01 7.088000e-03 5.204000e-02
51 9.395840e-01 7.004000e-03 5.341200e-02
52 9.383720e-01 6.972000e-03 5.465600e-02
53 9.371680e-01 6.896000e-03 5.593600e-02
54 9.358760e-01 7.020000e-03 5.710400e-02
55 9.347200e-01 7.060000e-03 5.822000e-02
56 9.335760e-01 7.000000e-03 5.942400e-02
57 9.323520e-01 7.036000e-03 6.061200e-02
58 9.310760e-01 7.040000e-03 6.188400e-02
59 9.297720e-01 7.108000e-03 6.312000e-02
60 9.285720e-01 7.040000e-03 6.438800e-02
61 9.272960e-01 7.168000e-03 6.553600e-02
62 9.258880e-01 7.480000e-03 6.663200e-02
63 9.245400e-01 7.440000e-03 6.802000e-02
64 9.232880e-01 7.376000e-03 6.933600e-02
65 9.220160e-01 7.372000e-03 7.061200e-02
66 9.207880e-01 7.348000e-03 7.186400e-02
67 9.194240e-01 7.416000e-03 7.316000e-02
68 9.181160e-01 7.552000e-03 7.433200e-02
69 9.169000e-01 7.604000e-03 7.549600e-02
70 9.157000e-01 7.500000e-03 7.680000e-02
71 9.144280e-01 7.428000e-03 7.814400e-02
72 9.131280e-01 7.420000e-03 7.945200e-02
73 9.120200e-01 7.316000e-03 8.066400e-02
74 9.107200e-01 7.200000e-03 8.208000e-02
75 9.095040e-01 7.176000e-03 8.332000e-02
76 9.081440e-01 7.212000e-03 8.464400e-02
77 9.068480e-01 7.252000e-03 8.590000e-02
78 9.054920e-01 7.276000e-03 8.723200e-02
79 9.039800e-01 7.488000e-03 8.853200e-02
80 9.024680e-01 7.648000e-03 8.988400e-02
81 9.011040e-01 7.692000e-03 9.120400e-02
82 8.998240e-01 7.648000e-03 9.252800e-02
83 8.985000e-01 7.700000e-03 9.380000e-02
84 8.972120e-01 7.668000e-03 9.512000e-02
85 8.959880e-01 7.568000e-03 9.644400e-02
86 8.944560e-01 7.836000e-03 9.770800e-02
87 8.930040e-01 7.984000e-03 9.901200e-02
88 8.915520e-01 8.024000e-03 1.004240e-01
89 8.902400e-01 7.956000e-03 1.018040e-01
90 8.889000e-01 7.756000e-03 1.033440e-01
91 8.875800e-01 7.840000e-03 1.045800e-01
92 8.861600e-01 7.992000e-03 1.058480e-01
93 8.847720e-01 7.948000e-03 1.072800e-01
94 8.834760e-01 8.000000e-03 1.085240e-01
95 8.822680e-01 7.852000e-03 1.098800e-01
96 8.811400e-01 7.576000e-03 1.112840e-01
97 8.798440e-01 7.696000e-03 1.124600e-01
98 8.786840e-01 7.528000e-03 1.137880e-01
99 8.772840e-01 7.660000e-03 1.150560e-01
100 8.758680e-01 7.672000e-03 1.164600e-01
101 8.745200e-01 7.704000e-03 1.177760e-01
102 8.732760e-01 7.628000e-03 1.190960e-01
103 8.719160e-01 7.604000e-03 1.204800e-01
104 8.705960e-01 7.532000e-03 1.218720e-01
105 8.693840e-01 7.312000e-03 1.233040e-01
106 8.681760e-01 7.288000e-03 1.245360e-01
107 8.667920e-01 7.388000e-03 1.258200e-01
108 8.655800e-01 7.252000e-03 1.271680e-01
109 8.643200e-01 7.292000e-03 1.283880e-01
110 8.630000e-01 7.204000e-03 1.297960e-01
111 8.617760e-01 7.168000e-03 1.310560e-01
112 8.605240e-01 7.120000e-03 1.323560e-01
113 8.591800e-01 7.176000e-03 1.336440e-01
114 8.578960e-01 7.064000e-03 1.350400e-01
115 8.567040e-01 7.088000e-03 1.362080e-01
116 8.554560e-01 7.064000e-03 1.374800e-01
117 8.543240e-01 6.944000e-03 1.387320e-01
118 8.533840e-01 6.772000e-03 1.398440e-01
119 8.523000e-01 6.576000e-03 1.411240e-01
120 8.512520e-01 6.476000e-03 1.422720e-01
121 8.501560e-01 6.448000e-03 1.433960e-01
122 8.489440e-01 6.568000e-03 1.444880e-01
123 8.478520e-01 6.560000e-03 1.455880e-01
124 8.468720e-01 6.512000e-03 1.466160e-01
125 8.457520e-01 6.496000e-03 1.477520e-01
126 8.446440e-01 6.448000e-03 1.489080e-01
127 8.436160e-01 6.436000e-03 1.499480e-01
128 8.425480e-01 6.244000e-03 1.512080e-01
129 8.415000e-01 6.320000e-03 1.521800e-01
130 8.405000e-01 6.336000e-03 1.531640e-01
131 8.394960e-01 6.172000e-03 1.543320e-01
132 8.384400e-01 6.196000e-03 1.553640e-01
133 8.373720e-01 6.156000e-03 1.564720e-01
134 8.363320e-01 6.140000e-03 1.575280e-01
135 8.352400e-01 6.176000e-03 1.585840e-01
136 8.341320e-01 6.268000e-03 1.596000e-01
137 8.331840e-01 6.120000e-03 1.606960e-01
138 8.321320e-01 6.132000e-03 1.617360e-01
139 8.309960e-01 6.232000e-03 1.627720e-01
140 8.299040e-01 6.244000e-03 1.638520e-01
141 8.287320e-01 6.348000e-03 1.649200e-01
142 8.276160e-01 6.280000e-03 1.661040e-01
143 8.263920e-01 6.304000e-03 1.673040e-01
144 8.252800e-01 6.324000e-03 1.683960e-01
145 8.241040e-01 6.372000e-03 1.695240e-01
146 8.229960e-01 6.368000e-03 1.706360e-01
147 8.218600e-01 6.300000e-03 1.718400e-01
148 8.205640e-01 6.412000e-03 1.730240e-01
149 8.193680e-01 6.436000e-03 1.741960e-01
150 8.182920e-01 6.480000e-03 1.752280e-01
151 8.171960e-01 6.496000e-03 1.763080e-01
152 8.159680e-01 6.524000e-03 1.775080e-01
153 8.148480e-01 6.496000e-03 1.786560e-01
154 8.136880e-01 6.644000e-03 1.796680e-01
155 8.125400e-01 6.572000e-03 1.808880e-01
156 8.114720e-01 6.404000e-03 1.821240e-01
157 8.103360e-01 6.440000e-03 1.832240e-01
158 8.093400e-01 6.312000e-03 1.843480e-01
159 8.084080e-01 6.152000e-03 1.854400e-01
160 8.073520e-01 6.168000e-03 1.864800e-01
161 8.061840e-01 6.348000e-03 1.874680e-01
162 8.052280e-01 6.140000e-03 1.886320e-01
163 8.042240e-01 6.040000e-03 1.897360e-01
164 8.031760e-01 6.052000e-03 1.907720e-01
165 8.021000e-01 6.124000e-03 1.917760e-01
166 8.010200e-01 6.184000e-03 1.927960e-01
167 8.000760e-01 6.100000e-03 1.938240e-01
168 7.991040e-01 6.036000e-03 1.948600e-01
169 7.981440e-01 5.984000e-03 1.958720e-01
170 7.971480e-01 5.848000e-03 1.970040e-01
171 7.960640e-01 5.944000e-03 1.979920e-01
172 7.950600e-01 5.868000e-03 1.990720e-01
173 7.940600e-01 5.948000e-03 1.999920e-01
174 7.930960e-01 5.920000e-03 2.009840e-01
175 7.920240e-01 6.016000e-03 2.019600e-01
176 7.910200e-01 6.000000e-03 2.029800e-01
177 7.900080e-01 6.012000e-03 2.039800e-01
178 7.889080e-01 6.032000e-03 2.050600e-01
179 7.878840e-01 5.920000e-03 2.061960e-01
180 7.868560e-01 5.936000e-03 2.072080e-01
181 7.858040e-01 5.952000e-03 2.082440e-01
182 7.848200e-01 5.912000e-03 2.092680e-01
183 7.837160e-01 6.040000e-03 2.102440e-01
184 7.825960e-01 6.092000e-03 2.113120e-01
185 7.816200e-01 6.072000e-03 2.123080e-01
186 7.806600e-01 5.976000e-03 2.133640e-01
187 7.796480e-01 5.864000e-03 2.144880e-01
188 7.786400e-01 5.916000e-03 2.154440e-01
189 7.776840e-01 5.848000e-03 2.164680e-01
190 7.766080e-01 5.824000e-03 2.175680e-01
191 7.755480e-01 5.780000e-03 2.186720e-01
192 7.745440e-01 5.812000e-03 2.196440e-01
193 7.734000e-01 5.984000e-03 2.206160e-01
194 7.722880e-01 6.092000e-03 2.216200e-01
195 7.711240e-01 6.184000e-03 2.226920e-01
196 7.701840e-01 6.100000e-03 2.237160e-01
197 7.692320e-01 6.028000e-03 2.247400e-01
198 7.681840e-01 6.000000e-03 2.258160e-01
199 7.672200e-01 5.900000e-03 2.268800e-01
200 7.661640e-01 5.788000e-03 2.280480e-01
201 7.651760e-01 5.748000e-03 2.290760e-01
202 7.642000e-01 5.748000e-03 2.300520e-01
203 7.632040e-01 5.740000e-03 2.310560e-01
204 7.621720e-01 5.864000e-03 2.319640e-01
205 7.610720e-01 5.860000e-03 2.330680e-01
206 7.600040e-01 5.840000e-03 2.341560e-01
207 7.590240e-01 5.776000e-03 2.352000e-01
208 7.581440e-01 5.652000e-03 2.362040e-01
209 7.571720e-01 5.592000e-03 2.372360e-01
210 7.562680e-01 5.572000e-03 2.381600e-01
211 7.554080e-01 5.352000e-03 2.392400e-01
212 7.545520e-01 5.184000e-03 2.402640e-01
213 7.536960e-01 5.112000e-03 2.411920e-01
214 7.528240e-01 5.000000e-03 2.421760e-01
215 7.519400e-01 5.044000e-03 2.430160e-01
216 7.510400e-01 5.076000e-03 2.438840e-01
217 7.501600e-01 5.000000e-03 2.448400e-01
218 7.492560e-01 5.004000e-03 2.457400e-01
219 7.483840e-01 4.948000e-03 2.466680e-01
220 7.475040e-01 4.984000e-03 2.475120e-01
221 7.466480e-01 4.956000e-03 2.483960e-01
222 7.457920e-01 4.852000e-03 2.493560e-01
223 7.450480e-01 4.784000e-03 2.501680e-01
224 7.441760e-01 4.868000e-03 2.509560e-01
225 7.433880e-01 4.808000e-03 2.518040e-01
226 7.424840e-01 4.872000e-03 2.526440e-01
227 7.417360e-01 4.748000e-03 2.535160e-01
228 7.410320e-01 4.628000e-03 2.543400e-01
229 7.402800e-01 4.628000e-03 2.550920e-01
230 7.395960e-01 4.524000e-03 2.558800e-01
231 7.387840e-01 4.476000e-03 2.567400e-01
232 7.380680e-01 4.392000e-03 2.575400e-01
233 7.373400e-01 4.448000e-03 2.582120e-01
234 7.366360e-01 4.336000e-03 2.590280e-01
235 7.359360e-01 4.276000e-03 2.597880e-01
236 7.352880e-01 4.268000e-03 2.604440e-01
237 7.346520e-01 4.136000e-03 2.612120e-01
238 7.339360e-01 4.112000e-03 2.619520e-01
239 7.333280e-01 4.052000e-03 2.626200e-01
240 7.326640e-01 4.032000e-03 2.633040e-01
241 7.320440e-01 3.976000e-03 2.639800e-01
242 7.314200e-01 3.900000e-03 2.646800e-01
243 7.308040e-01 3.768000e-03 2.654280e-01
244 7.301680e-01 3.756000e-03 2.660760e-01
245 7.295680e-01 3.628000e-03 2.668040e-01
246 7.289720e-01 3.644000e-03 2.673840e-01
247 7.283040e-01 3.720000e-03 2.679760e-01
248 7.275760e-01 3.876000e-03 2.685480e-01
249 7.269000e-01 3.856000e-03 2.692440e-01
250 7.261640e-01 3.972000e-03 2.698640e-01
251 7.255360e-01 3.924000e-03 2.705400e-01
252 7.248400e-01 3.924000e-03 2.712360e-01
253 7.241840e-01 3.832000e-03 2.719840e-01
254 7.235120e-01 3.832000e-03 2.726560e-01
255 7.228760e-01 3.776000e-03 2.733480e-01
256 7.223040e-01 3.740000e-03 2.739560e-01
257 7.217400e-01 3.672000e-03 2.745880e-01
258 7.211120e-01 3.640000e-03 2.752480e-01
259 7.205720e-01 3.560000e-03 2.758680e-01
260 7.200480e-01 3.476000e-03 2.764760e-01
261 7.194320e-01 3.496000e-03 2.770720e-01
262 7.189760e-01 3.320000e-03 2.777040e-01
263 7.184520e-01 3.288000e-03 2.782600e-01
264 7.179600e-01 3.232000e-03 2.788080e-01
265 7.173720e-01 3.304000e-03 2.793240e-01
266 7.168960e-01 3.220000e-03 2.798840e-01
267 7.163360e-01 3.168000e-03 2.804960e-01
268 7.157720e-01 3.164000e-03 2.810640e-01
269 7.151760e-01 3.212000e-03 2.816120e-01
270 7.146400e-01 3.192000e-03 2.821680e-01
271 7.140120e-01 3.284000e-03 2.827040e-01
272 7.135200e-01 3.208000e-03 2.832720e-01
273 7.130440e-01 3.140000e-03 2.838160e-01
274 7.126000e-01 2.972000e-03 2.844280e-01
275 7.120640e-01 3.012000e-03 2.849240e-01
276 7.115120e-01 3.032000e-03 2.854560e-01
277 7.110280e-01 3.004000e-03 2.859680e-01
278 7.105840e-01 2.944000e-03 2.864720e-01
279 7.101480e-01 2.840000e-03 2.870120e-01
280 7.097360e-01 2.732000e-03 2.875320e-01
281 7.092880e-01 2.664000e-03 2.880480e-01
282 7.088400e-01 2.672000e-03 2.884880e-01
283 7.084200e-01 2.620000e-03 2.889600e-01
284 7.080240e-01 2.548000e-03 2.894280e-01
285 7.076080e-01 2.528000e-03 2.898640e-01
286 7.072560e-01 2.380000e-03 2.903640e-01
287 7.069120e-01 2.268000e-03 2.908200e-01
288 7.065200e-01 2.204000e-03 2.912760e-01
289 7.060560e-01 2.252000e-03 2.916920e-01
290 7.056840e-01 2.236000e-03 2.920800e-01
291 7.053800e-01 2.124000e-03 2.924960e-01
292 7.050040e-01 2.116000e-03 2.928800e-01
293 7.047000e-01 2.000000e-03 2.933000e-01
294 7.043760e-01 1.948000e-03 2.936760e-01
295 7.040800e-01 1.940000e-03 2.939800e-01
296 7.037320e-01 1.964000e-03 2.943040e-01
297 7.033800e-01 1.960000e-03 2.946600e-01
298 7.030800e-01 1.924000e-03 2.949960e-01
299 7.028440e-01 1.732000e-03 2.954240e-01
300 7.026240e-01 1.664000e-03 2.957120e-01
301 7.024160e-01 1.520000e-03 2.960640e-01
302 7.021920e-01 1.452000e-03 2.963560e-01
303 7.019560e-01 1.396000e-03 2.966480e-01
304 7.017440e-01 1.396000e-03 2.968600e-01
305 7.015240e-01 1.384000e-03 2.970920e-01
306 7.013280e-01 1.332000e-03 2.973400e-01
307 7.010960e-01 1.308000e-03 2.975960e-01
308 7.008960e-01 1.312000e-03 2.977920e-01
309 7.006440e-01 1.336000e-03 2.980200e-01
310 7.004720e-01 1.300000e-03 2.982280e-01
311 7.002800e-01 1.256000e-03 2.984640e-01
312 7.000720e-01 1.264000e-03 2.986640e-01
313 6.998600e-01 1.256000e-03 2.988840e-01
314 6.996240e-01 1.220000e-03 2.991560e-01
315 6.993880e-01 1.284000e-03 2.993280e-01
316 6.991000e-01 1.364000e-03 2.995360e-01
317 6.987920e-01 1.464000e-03 2.997440e-01
318 6.985200e-01 1.460000e-03 3.000200e-01
319 6.981320e-01 1.592000e-03 3.002760e-01
320 6.977560e-01 1.708000e-03 3.005360e-01
321 6.973520e-01 1.860000e-03 3.007880e-01
322 6.969480e-01 1.952000e-03 3.011000e-01
323 6.964760e-01 2.076000e-03 3.014480e-01
324 6.959720e-01 2.260000e-03 3.017680e-01
325 6.954960e-01 2.260000e-03 3.022440e-01
326 6.950640e-01 2.288000e-03 3.026480e-01
327 6.946600e-01 2.280000e-03 3.030600e-01
328 6.941600e-01 2.344000e-03 3.034960e-01
329 6.937320e-01 2.348000e-03 3.039200e-01
330 6.933360e-01 2.320000e-03 3.043440e-01
331 6.929240e-01 2.256000e-03 3.048200e-01
332 6.925000e-01 2.272000e-03 3.052280e-01
333 6.921000e-01 2.212000e-03 3.056880e-01
334 6.916520e-01 2.228000e-03 3.061200e-01
335 6.911560e-01 2.340000e-03 3.065040e-01
336 6.907920e-01 2.320000e-03 3.068880e-01
337 6.904520e-01 2.248000e-03 3.073000e-01
338 6.901200e-01 2.148000e-03 3.077320e-01
339 6.897800e-01 2.124000e-03 3.080960e-01
340 6.894520e-01 2.044000e-03 3.085040e-01
341 6.890840e-01 2.036000e-03 3.088800e-01
342 6.887400e-01 2.048000e-03 3.092120e-01
343 6.884600e-01 1.984000e-03 3.095560e-01
344 6.880640e-01 2.056000e-03 3.098800e-01
345 6.877520e-01 2.060000e-03 3.101880e-01
346 6.874160e-01 2.032000e-03 3.105520e-01
347 6.870600e-01 2.080000e-03 3.108600e-01
348 6.867400e-01 2.012000e-03 3.112480e-01
349 6.864000e-01 2.032000e-03 3.115680e-01
350 6.860160e-01 2.096000e-03 3.118880e-01
351 6.855840e-01 2.164000e-03 3.122520e-01
352 6.851560e-01 2.212000e-03 3.126320e-01
353 6.847760e-01 2.232000e-03 3.129920e-01
354 6.843560e-01 2.240000e-03 3.134040e-01
355 6.839720e-01 2.224000e-03 3.138040e-01
356 6.835360e-01 2.280000e-03 3.141840e-01
357 6.831520e-01 2.248000e-03 3.146000e-01
358 6.827720e-01 2.260000e-03 3.149680e-01
359 6.824120e-01 2.208000e-03 3.153800e-01
360 6.820720e-01 2.204000e-03 3.157240e-01
361 6.817480e-01 2.184000e-03 3.160680e-01
362 6.813480e-01 2.152000e-03 3.165000e-01
363 6.809960e-01 2.204000e-03 3.168000e-01
364 6.806560e-01 2.204000e-03 3.171400e-01
365 6.802520e-01 2.244000e-03 3.175040e-01
366 6.798520e-01 2.228000e-03 3.179200e-01
367 6.794800e-01 2.196000e-03 3.183240e-01
368 6.791520e-01 2.172000e-03 3.186760e-01
369 6.788560e-01 2.064000e-03 3.190800e-01
370 6.785960e-01 1.972000e-03 3.194320e-01
371 6.782040e-01 2.052000e-03 3.197440e-01
372 6.778320e-01 2.060000e-03 3.201080e-01
373 6.775400e-01 1.988000e-03 3.204720e-01
374 6.772440e-01 1.968000e-03 3.207880e-01
375 6.770000e-01 1.952000e-03 3.210480e-01
376 6.766960e-01 1.916000e-03 3.213880e-01
377 6.763680e-01 1.876000e-03 3.217560e-01
378 6.760720e-01 1.796000e-03 3.221320e-01
379 6.757680e-01 1.816000e-03 3.224160e-01
380 6.754000e-01 1.844000e-03 3.227560e-01
381 6.750880e-01 1.844000e-03 3.230680e-01
382 6.747960e-01 1.764000e-03 3.234400e-01
383 6.744800e-01 1.744000e-03 3.237760e-01
384 6.742080e-01 1.740000e-03 3.240520e-01
385 6.739120e-01 1.732000e-03 3.243560e-01
386 6.735720e-01 1.788000e-03 3.246400e-01
387 6.731840e-01 1.876000e-03 3.249400e-01
388 6.728800e-01 1.868000e-03 3.252520e-01
389 6.725720e-01 1.856000e-03 3.255720e-01
390 6.722880e-01 1.844000e-03 3.258680e-01
391 6.719880e-01 1.800000e-03 3.262120e-01
392 6.717160e-01 1.728000e-03 3.265560e-01
393 6.714680e-01 1.740000e-03 3.267920e-01
394 6.712400e-01 1.668000e-03 3.270920e-01
395 6.709880e-01 1.620000e-03 3.273920e-01
396 6.707640e-01 1.552000e-03 3.276840e-01
397 6.705440e-01 1.492000e-03 3.279640e-01
398 6.702680e-01 1.528000e-03 3.282040e-01
399 6.699560e-01 1.552000e-03 3.284920e-01
400 6.697280e-01 1.540000e-03 3.287320e-01
401 6.695160e-01 1.460000e-03 3.290240e-01
402 6.693080e-01 1.396000e-03 3.292960e-01
403 6.690720e-01 1.396000e-03 3.295320e-01
404 6.688520e-01 1.420000e-03 3.297280e-01
405 6.686240e-01 1.388000e-03 3.299880e-01
406 6.683920e-01 1.364000e-03 3.302440e-01
407 6.681440e-01 1.324000e-03 3.305320e-01
408 6.679560e-01 1.304000e-03 3.307400e-01
409 6.677200e-01 1.280000e-03 3.310000e-01
410 6.674560e-01 1.348000e-03 3.311960e-01
411 6.672520e-01 1.308000e-03 3.314400e-01
412 6.669600e-01 1.336000e-03 3.317040e-01
413 6.666760e-01 1.356000e-03 3.319680e-01
414 6.664880e-01 1.252000e-03 3.322600e-01
415 6.663360e-01 1.192000e-03 3.324720e-01
416 6.661320e-01 1.264000e-03 3.326040e-01
417 6.659640e-01 1.216000e-03 3.328200e-01
418 6.657360e-01 1.236000e-03 3.330280e-01
419 6.655200e-01 1.208000e-03 3.332720e-01
420 6.653200e-01 1.208000e-03 3.334720e-01
421 6.650920e-01 1.224000e-03 3.336840e-01
422 6.648640e-01 1.220000e-03 3.339160e-01
423 6.647040e-01 1.180000e-03 3.341160e-01
424 6.644880e-01 1.204000e-03 3.343080e-01
425 6.642720e-01 1.256000e-03 3.344720e-01
426 6.641000e-01 1.240000e-03 3.346600e-01
427 6.638840e-01 1.216000e-03 3.349000e-01
428 6.637080e-01 1.216000e-03 3.350760e-01
429 6.634800e-01 1.252000e-03 3.352680e-01
430 6.633240e-01 1.220000e-03 3.354560e-01
431 6.630840e-01 1.236000e-03 3.356800e-01
432 6.628480e-01 1.212000e-03 3.359400e-01
433 6.626480e-01 1.224000e-03 3.361280e-01
434 6.624600e-01 1.128000e-03 3.364120e-01
435 6.622520e-01 1.156000e-03 3.365920e-01
436 6.620520e-01 1.176000e-03 3.367720e-01
437 6.618960e-01 1.184000e-03 3.369200e-01
438 6.616640e-01 1.232000e-03 3.371040e-01
439 6.614960e-01 1.204000e-03 3.373000e-01
440 6.613480e-01 1.160000e-03 3.374920e-01
441 6.610360e-01 1.288000e-03 3.376760e-01
442 6.607800e-01 1.332000e-03 3.378880e-01
443 6.605320e-01 1.364000e-03 3.381040e-01
444 6.603040e-01 1.372000e-03 3.383240e-01
445 6.601120e-01 1.312000e-03 3.385760e-01
446 6.599120e-01 1.316000e-03 3.387720e-01
447 6.596840e-01 1.336000e-03 3.389800e-01
448 6.594840e-01 1.372000e-03 3.391440e-01
449 6.592680e-01 1.352000e-03 3.393800e-01
450 6.590400e-01 1.384000e-03 3.395760e-01
451 6.588040e-01 1.420000e-03 3.397760e-01
452 6.586080e-01 1.364000e-03 3.400280e-01
453 6.584400e-01 1.292000e-03 3.402680e-01
454 6.582960e-01 1.212000e-03 3.404920e-01
455 6.581360e-01 1.208000e-03 3.406560e-01
456 6.579720e-01 1.096000e-03 3.409320e-01
457 6.578480e-01 1.060000e-03 3.410920e-01
458 6.577040e-01 1.040000e-03 3.412560e-01
459 6.575520e-01 9.840000e-04 3.414640e-01
460 6.573960e-01 1.000000e-03 3.416040e-01
461 6.572000e-01 1.032000e-03 3.417680e-01
462 6.570200e-01 1.024000e-03 3.419560e-01
463 6.568960e-01 9.640000e-04 3.421400e-01
464 6.567240e-01 9.520000e-04 3.423240e-01
465 6.565880e-01 9.280000e-04 3.424840e-01
466 6.564720e-01 8.800000e-04 3.426480e-01
467 6.563560e-01 8.240000e-04 3.428200e-01
468 6.562080e-01 8.200000e-04 3.429720e-01
469 6.560960e-01 7.520000e-04 3.431520e-01
470 6.559440e-01 7.800000e-04 3.432760e-01
471 6.558120e-01 7.680000e-04 3.434200e-01
472 6.556720e-01 7.760000e-04 3.435520e-01
473 6.555200e-01 8.200000e-04 3.436600e-01
474 6.553840e-01 7.880000e-04 3.438280e-01
475 6.553080e-01 7.120000e-04 3.439800e-01
476 6.551760e-01 7.440000e-04 3.440800e-01
477 6.550600e-01 7.280000e-04 3.442120e-01
478 6.549320e-01 7.280000e-04 3.443400e-01
479 6.547960e-01 7.680000e-04 3.444360e-01
480 6.546960e-01 7.400000e-04 3.445640e-01
481 6.545720e-01 7.240000e-04 3.447040e-01
482 6.545040e-01 6.400000e-04 3.448560e-01
483 6.544680e-01 5.440000e-04 3.449880e-01
484 6.543920e-01 5.360000e-04 3.450720e-01
485 6.543040e-01 5.200000e-04 3.451760e-01
486 6.542480e-01 4.800000e-04 3.452720e-01
487 6.541720e-01 4.720000e-04 3.453560e-01
488 6.540920e-01 4.880000e-04 3.454200e-01
489 6.540080e-01 4.840000e-04 3.455080e-01
490 6.539280e-01 4.960000e-04 3.455760e-01
491 6.538240e-01 5.480000e-04 3.456280e-01
492 6.537240e-01 5.520000e-04 3.457240e-01
493 6.536080e-01 5.920000e-04 3.458000e-01
494 6.535480e-01 5.560000e-04 3.458960e-01
495 6.534760e-01 5.160000e-04 3.460080e-01
496 6.534200e-01 4.680000e-04 3.461120e-01
497 6.533800e-01 4.400000e-04 3.461800e-01
498 6.533080e-01 4.200000e-04 3.462720e-01
499 6.532400e-01 4.080000e-04 3.463520e-01
500 6.531720e-01 4.120000e-04 3.464160e-01
