1 9.991880e-01 7.320000e-04 8.000000e-05
2 9.986040e-01 1.152000e-03 2.440000e-04
3 9.979200e-01 1.612000e-03 4.680000e-04
4 9.970760e-01 2.132000e-03 7.920000e-04
5 9.962000e-01 2.584000e-03 1.216000e-03
6 9.952040e-01 3.168000e-03 1.628000e-03
7 9.942720e-01 3.508000e-03 2.220000e-03
8 9.932920e-01 3.828000e-03 2.880000e-03
9 9.922200e-01 4.128000e-03 3.652000e-03
10 9.910000e-01 4.616000e-03 4.384000e-03
11 9.898880e-01 4.856000e-03 5.256000e-03
12 9.887160e-01 5.080000e-03 6.204000e-03
13 9.875160e-01 5.368000e-03 7.116000e-03
14 9.863200e-01 5.608000e-03 8.072000e-03
15 9.850040e-01 5.816000e-03 9.180000e-03
16 9.838200e-01 5.972000e-03 1.020800e-02
17 9.826600e-01 6.040000e-03 1.130000e-02
18 9.813440e-01 6.184000e-03 1.247200e-02
19 9.801800e-01 6.228000e-03 1.359200e-02
20 9.790200e-01 6.392000e-03 1.458800e-02
21 9.777800e-01 6.624000e-03 1.559600e-02
22 9.763040e-01 6.984000e-03 1.671200e-02
23 9.748400e-01 7.208000e-03 1.795200e-02
24 9.735320e-01 7.132000e-03 1.933600e-02
25 9.719560e-01 7.556000e-03 2.048800e-02
26 9.704040e-01 7.748000e-03 2.184800e-02
27 9.688160e-01 7.852000e-03 2.333200e-02
28 9.672080e-01 8.072000e-03 2.472000e-02
29 9.657080e-01 8.140000e-03 2.615200e-02
30 9.641680e-01 8.188000e-03 2.764400e-02
31 9.625960e-01 8.300000e-03 2.910400e-02
32 9.609400e-01 8.528000e-03 3.053200e-02
33 9.594480e-01 8.604000e-03 3.194800e-02
34 9.578000e-01 8.748000e-03 3.345200e-02
35 9.561080e-01 8.876000e-03 3.501600e-02
36 9.542240e-01 9.296000e-03 3.648000e-02
37 9.523560e-01 9.648000e-03 3.799600e-02
38 9.505360e-01 9.808000e-03 3.965600e-02
39 9.488320e-01 9.648000e-03 4.152000e-02
40 9.470840e-01 9.444000e-03 4.347200e-02
41 9.454080e-01 9.428000e-03 4.516400e-02
42 9.437240e-01 9.440000e-03 4.683600e-02
43 9.419760e-01 9.404000e-03 4.862000e-02
44 9.401600e-01 9.480000e-03 5.036000e-02
45 9.386000e-01 9.404000e-03 5.199600e-02
46 9.368760e-01 9.688000e-03 5.343600e-02
47 9.352800e-01 9.652000e-03 5.506800e-02
48 9.333600e-01 9.880000e-03 5.676000e-02
49 9.314800e-01 1.000000e-02 5.852000e-02
50 9.294080e-01 1.022400e-02 6.036800e-02
51 9.277000e-01 1.015600e-02 6.214400e-02
52 9.258240e-01 1.033200e-02 6.384400e-02
53 9.239080e-01 1.037200e-02 6.572000e-02
54 9.219720e-01 1.056800e-02 6.746000e-02
55 9.201200e-01 1.050400e-02 6.937600e-02
56 9.182320e-01 1.062000e-02 7.114800e-02
57 9.162840e-01 1.076800e-02 7.294800e-02
58 9.143200e-01 1.086400e-02 7.481600e-02
59 9.125600e-01 1.086000e-02 7.658000e-02
60 9.107040e-01 1.084400e-02 7.845200e-02
61 9.089160e-01 1.079200e-02 8.029200e-02
62 9.070720e-01 1.071600e-02 8.221200e-02
63 9.053240e-01 1.052400e-02 8.415200e-02
64 9.034920e-01 1.042400e-02 8.608400e-02
65 9.017120e-01 1.048800e-02 8.780000e-02
66 8.998840e-01 1.050400e-02 8.961200e-02
67 8.979080e-01 1.062800e-02 9.146400e-02
68 8.962560e-01 1.025200e-02 9.349200e-02
69 8.946080e-01 9.948000e-03 9.544400e-02
70 8.929720e-01 9.740000e-03 9.728800e-02
71 8.912040e-01 9.880000e-03 9.891600e-02
72 8.895240e-01 9.772000e-03 1.007040e-01
73 8.878760e-01 9.768000e-03 1.023560e-01
74 8.862080e-01 9.672000e-03 1.041200e-01
75 8.843280e-01 9.864000e-03 1.058080e-01
76 8.825560e-01 9.888000e-03 1.075560e-01
77 8.807560e-01 1.000000e-02 1.092440e-01
78 8.790160e-01 1.004800e-02 1.109360e-01
79 8.773760e-01 9.872000e-03 1.127520e-01
80 8.756240e-01 9.808000e-03 1.145680e-01
81 8.739560e-01 9.736000e-03 1.163080e-01
82 8.725240e-01 9.492000e-03 1.179840e-01
83 8.708720e-01 9.564000e-03 1.195640e-01
84 8.692880e-01 9.536000e-03 1.211760e-01
85 8.675480e-01 9.544000e-03 1.229080e-01
86 8.659160e-01 9.448000e-03 1.246360e-01
87 8.642400e-01 9.504000e-03 1.262560e-01
88 8.625200e-01 9.496000e-03 1.279840e-01
89 8.607560e-01 9.588000e-03 1.296560e-01
90 8.591280e-01 9.496000e-03 1.313760e-01
91 8.573680e-01 9.540000e-03 1.330920e-01
92 8.557680e-01 9.356000e-03 1.348760e-01
93 8.542040e-01 9.308000e-03 1.364880e-01
94 8.525840e-01 9.308000e-03 1.381080e-01
95 8.509800e-01 9.364000e-03 1.396560e-01
96 8.493000e-01 9.368000e-03 1.413320e-01
97 8.475680e-01 9.432000e-03 1.430000e-01
98 8.459440e-01 9.384000e-03 1.446720e-01
99 8.443480e-01 9.488000e-03 1.461640e-01
100 8.426400e-01 9.480000e-03 1.478800e-01
101 8.409280e-01 9.504000e-03 1.495680e-01
102 8.394520e-01 9.356000e-03 1.511920e-01
103 8.378320e-01 9.344000e-03 1.528240e-01
104 8.361400e-01 9.432000e-03 1.544280e-01
105 8.345160e-01 9.420000e-03 1.560640e-01
106 8.328560e-01 9.388000e-03 1.577560e-01
107 8.312640e-01 9.408000e-03 1.593280e-01
108 8.297160e-01 9.228000e-03 1.610560e-01
109 8.280400e-01 9.336000e-03 1.626240e-01
110 8.265160e-01 9.292000e-03 1.641920e-01
111 8.249080e-01 9.240000e-03 1.658520e-01
112 8.232920e-01 9.032000e-03 1.676760e-01
113 8.218280e-01 8.968000e-03 1.692040e-01
114 8.203840e-01 8.992000e-03 1.706240e-01
115 8.187160e-01 9.156000e-03 1.721280e-01
116 8.171600e-01 9.224000e-03 1.736160e-01
117 8.155080e-01 9.324000e-03 1.751680e-01
118 8.138080e-01 9.420000e-03 1.767720e-01
119 8.122880e-01 9.272000e-03 1.784400e-01
120 8.108040e-01 9.228000e-03 1.799680e-01
121 8.092800e-01 9.244000e-03 1.814760e-01
122 8.077640e-01 9.228000e-03 1.830080e-01
123 8.062240e-01 9.256000e-03 1.845200e-01
124 8.048560e-01 8.984000e-03 1.861600e-01
125 8.033200e-01 8.920000e-03 1.877600e-01
126 8.018360e-01 8.944000e-03 1.892200e-01
127 8.004720e-01 8.796000e-03 1.907320e-01
128 7.988600e-01 8.908000e-03 1.922320e-01
129 7.973800e-01 8.768000e-03 1.938520e-01
130 7.959840e-01 8.688000e-03 1.953280e-01
131 7.945520e-01 8.684000e-03 1.967640e-01
132 7.930680e-01 8.632000e-03 1.983000e-01
133 7.917200e-01 8.432000e-03 1.998480e-01
134 7.902200e-01 8.588000e-03 2.011920e-01
135 7.888600e-01 8.456000e-03 2.026840e-01
136 7.874200e-01 8.484000e-03 2.040960e-01
137 7.859360e-01 8.564000e-03 2.055000e-01
138 7.844800e-01 8.484000e-03 2.070360e-01
139 7.830640e-01 8.428000e-03 2.085080e-01
140 7.815240e-01 8.452000e-03 2.100240e-01
141 7.801000e-01 8.328000e-03 2.115720e-01
142 7.786320e-01 8.332000e-03 2.130360e-01
143 7.771320e-01 8.444000e-03 2.144240e-01
144 7.756320e-01 8.472000e-03 2.158960e-01
145 7.740600e-01 8.640000e-03 2.173000e-01
146 7.726280e-01 8.672000e-03 2.187000e-01
147 7.711160e-01 8.740000e-03 2.201440e-01
148 7.696680e-01 8.712000e-03 2.216200e-01
149 7.682520e-01 8.700000e-03 2.230480e-01
150 7.669520e-01 8.352000e-03 2.246960e-01
151 7.655040e-01 8.368000e-03 2.261280e-01
152 7.642880e-01 8.208000e-03 2.275040e-01
153 7.629320e-01 8.236000e-03 2.288320e-01
154 7.615160e-01 8.168000e-03 2.303160e-01
155 7.601080e-01 8.180000e-03 2.317120e-01
156 7.588720e-01 8.056000e-03 2.330720e-01
157 7.574160e-01 8.116000e-03 2.344680e-01
158 7.560160e-01 8.096000e-03 2.358880e-01
159 7.547960e-01 7.840000e-03 2.373640e-01
160 7.535240e-01 7.880000e-03 2.385960e-01
161 7.523160e-01 7.676000e-03 2.400080e-01
162 7.510560e-01 7.648000e-03 2.412960e-01
163 7.499920e-01 7.436000e-03 2.425720e-01
164 7.489800e-01 7.168000e-03 2.438520e-01
165 7.479120e-01 6.876000e-03 2.452120e-01
166 7.469000e-01 6.736000e-03 2.463640e-01
167 7.459880e-01 6.560000e-03 2.474520e-01
168 7.448720e-01 6.516000e-03 2.486120e-01
169 7.438200e-01 6.424000e-03 2.497560e-01
170 7.427680e-01 6.388000e-03 2.508440e-01
171 7.415880e-01 6.404000e-03 2.520080e-01
172 7.404720e-01 6.484000e-03 2.530440e-01
173 7.393120e-01 6.468000e-03 2.542200e-01
174 7.379360e-01 6.576000e-03 2.554880e-01
175 7.367040e-01 6.664000e-03 2.566320e-01
176 7.356560e-01 6.492000e-03 2.578520e-01
177 7.345480e-01 6.460000e-03 2.589920e-01
178 7.333760e-01 6.488000e-03 2.601360e-01
179 7.324440e-01 6.276000e-03 2.612800e-01
180 7.313640e-01 6.284000e-03 2.623520e-01
181 7.301640e-01 6.460000e-03 2.633760e-01
182 7.290600e-01 6.436000e-03 2.645040e-01
183 7.279360e-01 6.328000e-03 2.657360e-01
184 7.267520e-01 6.572000e-03 2.666760e-01
185 7.256600e-01 6.552000e-03 2.677880e-01
186 7.244560e-01 6.668000e-03 2.688760e-01
187 7.233160e-01 6.536000e-03 2.701480e-01
188 7.221640e-01 6.664000e-03 2.711720e-01
189 7.211000e-01 6.492000e-03 2.724080e-01
190 7.199000e-01 6.456000e-03 2.736440e-01
191 7.188040e-01 6.336000e-03 2.748600e-01
192 7.178520e-01 6.156000e-03 2.759920e-01
193 7.168360e-01 6.052000e-03 2.771120e-01
194 7.157200e-01 6.084000e-03 2.781960e-01
195 7.147600e-01 5.928000e-03 2.793120e-01
196 7.137320e-01 5.844000e-03 2.804240e-01
197 7.126920e-01 5.876000e-03 2.814320e-01
198 7.118960e-01 5.564000e-03 2.825400e-01
199 7.110880e-01 5.344000e-03 2.835680e-01
200 7.101480e-01 5.440000e-03 2.844120e-01
201 7.090640e-01 5.576000e-03 2.853600e-01
202 7.081960e-01 5.452000e-03 2.863520e-01
203 7.073520e-01 5.316000e-03 2.873320e-01
204 7.065280e-01 5.312000e-03 2.881600e-01
205 7.056000e-01 5.264000e-03 2.891360e-01
206 7.046440e-01 5.324000e-03 2.900320e-01
207 7.036560e-01 5.356000e-03 2.909880e-01
208 7.028240e-01 5.136000e-03 2.920400e-01
209 7.019120e-01 5.228000e-03 2.928600e-01
210 7.009680e-01 5.316000e-03 2.937160e-01
211 7.000720e-01 5.372000e-03 2.945560e-01
212 6.991440e-01 5.324000e-03 2.955320e-01
213 6.983400e-01 5.132000e-03 2.965280e-01
214 6.975320e-01 4.988000e-03 2.974800e-01
215 6.966720e-01 5.024000e-03 2.983040e-01
216 6.957080e-01 5.064000e-03 2.992280e-01
217 6.948960e-01 5.016000e-03 3.000880e-01
218 6.941160e-01 4.868000e-03 3.010160e-01
219 6.933080e-01 4.804000e-03 3.018880e-01
220 6.923280e-01 4.952000e-03 3.027200e-01
221 6.915000e-01 4.904000e-03 3.035960e-01
222 6.907440e-01 4.768000e-03 3.044880e-01
223 6.898840e-01 4.704000e-03 3.054120e-01
224 6.890240e-01 4.788000e-03 3.061880e-01
225 6.880880e-01 4.936000e-03 3.069760e-01
226 6.872600e-01 4.932000e-03 3.078080e-01
227 6.864720e-01 4.788000e-03 3.087400e-01
228 6.856400e-01 4.840000e-03 3.095200e-01
229 6.848360e-01 4.740000e-03 3.104240e-01
230 6.840800e-01 4.688000e-03 3.112320e-01
231 6.832520e-01 4.648000e-03 3.121000e-01
232 6.824600e-01 4.660000e-03 3.128800e-01
233 6.817080e-01 4.656000e-03 3.136360e-01
234 6.809640e-01 4.592000e-03 3.144440e-01
235 6.802200e-01 4.532000e-03 3.152480e-01
236 6.794520e-01 4.548000e-03 3.160000e-01
237 6.787040e-01 4.556000e-03 3.167400e-01
238 6.780160e-01 4.516000e-03 3.174680e-01
239 6.772040e-01 4.540000e-03 3.182560e-01
240 6.764320e-01 4.520000e-03 3.190480e-01
241 6.757240e-01 4.436000e-03 3.198400e-01
242 6.749400e-01 4.400000e-03 3.206600e-01
243 6.741640e-01 4.328000e-03 3.215080e-01
244 6.733840e-01 4.316000e-03 3.223000e-01
245 6.727080e-01 4.284000e-03 3.230080e-01
246 6.719240e-01 4.304000e-03 3.237720e-01
247 6.711880e-01 4.204000e-03 3.246080e-01
248 6.704520e-01 4.164000e-03 3.253840e-01
249 6.696840e-01 4.100000e-03 3.262160e-01
250 6.689440e-01 4.084000e-03 3.269720e-01
251 6.683480e-01 4.012000e-03 3.276400e-01
252 6.676760e-01 4.004000e-03 3.283200e-01
253 6.670080e-01 3.996000e-03 3.289960e-01
254 6.662880e-01 3.988000e-03 3.297240e-01
255 6.654960e-01 4.016000e-03 3.304880e-01
256 6.648640e-01 3.940000e-03 3.311960e-01
257 6.642640e-01 3.852000e-03 3.318840e-01
258 6.636240e-01 3.812000e-03 3.325640e-01
259 6.630200e-01 3.812000e-03 3.331680e-01
260 6.624280e-01 3.720000e-03 3.338520e-01
261 6.617960e-01 3.660000e-03 3.345440e-01
262 6.612840e-01 3.476000e-03 3.352400e-01
263 6.606760e-01 3.484000e-03 3.358400e-01
264 6.600120e-01 3.620000e-03 3.363680e-01
265 6.595040e-01 3.516000e-03 3.369800e-01
266 6.590120e-01 3.420000e-03 3.375680e-01
267 6.584080e-01 3.384000e-03 3.382080e-01
268 6.577920e-01 3.492000e-03 3.387160e-01
269 6.571720e-01 3.564000e-03 3.392640e-01
270 6.564960e-01 3.540000e-03 3.399640e-01
271 6.557880e-01 3.580000e-03 3.406320e-01
272 6.550360e-01 3.680000e-03 3.412840e-01
273 6.542840e-01 3.840000e-03 3.418760e-01
274 6.536680e-01 3.788000e-03 3.425440e-01
275 6.529320e-01 3.896000e-03 3.431720e-01
276 6.522160e-01 3.924000e-03 3.438600e-01
277 6.514800e-01 3.864000e-03 3.446560e-01
278 6.507160e-01 3.992000e-03 3.452920e-01
279 6.500160e-01 3.996000e-03 3.459880e-01
280 6.493160e-01 4.044000e-03 3.466400e-01
281 6.487000e-01 3.928000e-03 3.473720e-01
282 6.480160e-01 3.976000e-03 3.480080e-01
283 6.473960e-01 3.952000e-03 3.486520e-01
284 6.468360e-01 3.772000e-03 3.493920e-01
285 6.463280e-01 3.656000e-03 3.500160e-01
286 6.458080e-01 3.536000e-03 3.506560e-01
287 6.452760e-01 3.472000e-03 3.512520e-01
288 6.447080e-01 3.444000e-03 3.518480e-01
289 6.441960e-01 3.364000e-03 3.524400e-01
290 6.437080e-01 3.256000e-03 3.530360e-01
291 6.431720e-01 3.268000e-03 3.535600e-01
292 6.426280e-01 3.352000e-03 3.540200e-01
293 6.421200e-01 3.264000e-03 3.546160e-01
294 6.414880e-01 3.364000e-03 3.551480e-01
295 6.408960e-01 3.320000e-03 3.557840e-01
296 6.403160e-01 3.344000e-03 3.563400e-01
297 6.397560e-01 3.368000e-03 3.568760e-01
298 6.392520e-01 3.212000e-03 3.575360e-01
299 6.387720e-01 3.056000e-03 3.581720e-01
300 6.382840e-01 2.960000e-03 3.587560e-01
301 6.379200e-01 2.820000e-03 3.592600e-01
302 6.374400e-01 2.864000e-03 3.596960e-01
303 6.369760e-01 2.836000e-03 3.601880e-01
304 6.365120e-01 2.808000e-03 3.606800e-01
305 6.360480e-01 2.896000e-03 3.610560e-01
306 6.354840e-01 3.008000e-03 3.615080e-01
307 6.349320e-01 3.076000e-03 3.619920e-01
308 6.344760e-01 2.936000e-03 3.625880e-01
309 6.340440e-01 2.836000e-03 3.631200e-01
310 6.335560e-01 2.836000e-03 3.636080e-01
311 6.330960e-01 2.840000e-03 3.640640e-01
312 6.326480e-01 2.816000e-03 3.645360e-01
313 6.321800e-01 2.804000e-03 3.650160e-01
314 6.317560e-01 2.764000e-03 3.654800e-01
315 6.312640e-01 2.824000e-03 3.659120e-01
316 6.307720e-01 2.836000e-03 3.663920e-01
317 6.303600e-01 2.716000e-03 3.669240e-01
318 6.298560e-01 2.796000e-03 3.673480e-01
319 6.293440e-01 2.780000e-03 3.678760e-01
320 6.288960e-01 2.708000e-03 3.683960e-01
321 6.284120e-01 2.772000e-03 3.688160e-01
322 6.279600e-01 2.700000e-03 3.693400e-01
323 6.275160e-01 2.732000e-03 3.697520e-01
324 6.270560e-01 2.688000e-03 3.702560e-01
325 6.265280e-01 2.732000e-03 3.707400e-01
326 6.260800e-01 2.696000e-03 3.712240e-01
327 6.256800e-01 2.652000e-03 3.716680e-01
328 6.252680e-01 2.652000e-03 3.720800e-01
329 6.248920e-01 2.548000e-03 3.725600e-01
330 6.245280e-01 2.440000e-03 3.730320e-01
331 6.241440e-01 2.464000e-03 3.733920e-01
332 6.237560e-01 2.496000e-03 3.737480e-01
333 6.233080e-01 2.488000e-03 3.742040e-01
334 6.229160e-01 2.436000e-03 3.746480e-01
335 6.226240e-01 2.308000e-03 3.750680e-01
336 6.222400e-01 2.344000e-03 3.754160e-01
337 6.218360e-01 2.328000e-03 3.758360e-01
338 6.214480e-01 2.324000e-03 3.762280e-01
339 6.211360e-01 2.244000e-03 3.766200e-01
340 6.208040e-01 2.184000e-03 3.770120e-01
341 6.204840e-01 2.080000e-03 3.774360e-01
342 6.201760e-01 1.980000e-03 3.778440e-01
343 6.199080e-01 1.908000e-03 3.781840e-01
344 6.196920e-01 1.788000e-03 3.785200e-01
345 6.194160e-01 1.720000e-03 3.788640e-01
346 6.191760e-01 1.672000e-03 3.791520e-01
347 6.188760e-01 1.656000e-03 3.794680e-01
348 6.185760e-01 1.692000e-03 3.797320e-01
349 6.183200e-01 1.608000e-03 3.800720e-01
350 6.181000e-01 1.556000e-03 3.803440e-01
351 6.178160e-01 1.532000e-03 3.806520e-01
352 6.175920e-01 1.456000e-03 3.809520e-01
353 6.173720e-01 1.456000e-03 3.811720e-01
354 6.171120e-01 1.472000e-03 3.814160e-01
355 6.168600e-01 1.432000e-03 3.817080e-01
356 6.166120e-01 1.432000e-03 3.819560e-01
357 6.163240e-01 1.444000e-03 3.822320e-01
358 6.159760e-01 1.584000e-03 3.824400e-01
359 6.157480e-01 1.528000e-03 3.827240e-01
360 6.154360e-01 1.592000e-03 3.829720e-01
361 6.151480e-01 1.596000e-03 3.832560e-01
362 6.149320e-01 1.572000e-03 3.834960e-01
363 6.147240e-01 1.492000e-03 3.837840e-01
364 6.144640e-01 1.488000e-03 3.840480e-01
365 6.142560e-01 1.460000e-03 3.842840e-01
366 6.140800e-01 1.336000e-03 3.845840e-01
367 6.139080e-01 1.256000e-03 3.848360e-01
368 6.137000e-01 1.224000e-03 3.850760e-01
369 6.134720e-01 1.228000e-03 3.853000e-01
370 6.132880e-01 1.152000e-03 3.855600e-01
371 6.130480e-01 1.260000e-03 3.856920e-01
372 6.127680e-01 1.312000e-03 3.859200e-01
373 6.125080e-01 1.332000e-03 3.861600e-01
374 6.122640e-01 1.388000e-03 3.863480e-01
375 6.119880e-01 1.408000e-03 3.866040e-01
376 6.117280e-01 1.376000e-03 3.868960e-01
377 6.115160e-01 1.364000e-03 3.871200e-01
378 6.112240e-01 1.408000e-03 3.873680e-01
379 6.110400e-01 1.344000e-03 3.876160e-01
380 6.108680e-01 1.300000e-03 3.878320e-01
381 6.107080e-01 1.236000e-03 3.880560e-01
382 6.105280e-01 1.204000e-03 3.882680e-01
383 6.103360e-01 1.216000e-03 3.884480e-01
384 6.101600e-01 1.180000e-03 3.886600e-01
385 6.099440e-01 1.192000e-03 3.888640e-01
386 6.097600e-01 1.116000e-03 3.891240e-01
387 6.095320e-01 1.084000e-03 3.893840e-01
388 6.093960e-01 1.020000e-03 3.895840e-01
389 6.092400e-01 1.000000e-03 3.897600e-01
390 6.090720e-01 9.800000e-04 3.899480e-01
391 6.089400e-01 9.000000e-04 3.901600e-01
392 6.088000e-01 9.160000e-04 3.902840e-01
393 6.086600e-01 8.840000e-04 3.904560e-01
394 6.085040e-01 8.960000e-04 3.906000e-01
395 6.083920e-01 8.800000e-04 3.907280e-01
396 6.082520e-01 8.920000e-04 3.908560e-01
397 6.080240e-01 9.600000e-04 3.910160e-01
398 6.078760e-01 9.440000e-04 3.911800e-01
399 6.076960e-01 9.960000e-04 3.913080e-01
400 6.074640e-01 1.040000e-03 3.914960e-01
401 6.072760e-01 1.064000e-03 3.916600e-01
402 6.071040e-01 1.080000e-03 3.918160e-01
403 6.069200e-01 1.080000e-03 3.920000e-01
404 6.067600e-01 1.076000e-03 3.921640e-01
405 6.065680e-01 1.096000e-03 3.923360e-01
406 6.064120e-01 1.064000e-03 3.925240e-01
407 6.062720e-01 9.960000e-04 3.927320e-01
408 6.061440e-01 9.880000e-04 3.928680e-01
409 6.059840e-01 1.028000e-03 3.929880e-01
410 6.058320e-01 1.024000e-03 3.931440e-01
411 6.056520e-01 1.032000e-03 3.933160e-01
412 6.055000e-01 9.640000e-04 3.935360e-01
413 6.053120e-01 9.560000e-04 3.937320e-01
414 6.051200e-01 9.680000e-04 3.939120e-01
415 6.049400e-01 1.032000e-03 3.940280e-01
416 6.047400e-01 1.044000e-03 3.942160e-01
417 6.044960e-01 1.120000e-03 3.943840e-01
418 6.042920e-01 1.136000e-03 3.945720e-01
419 6.040520e-01 1.200000e-03 3.947480e-01
420 6.037840e-01 1.236000e-03 3.949800e-01
421 6.035920e-01 1.204000e-03 3.952040e-01
422 6.033840e-01 1.196000e-03 3.954200e-01
423 6.031320e-01 1.220000e-03 3.956480e-01
424 6.028520e-01 1.336000e-03 3.958120e-01
425 6.025880e-01 1.336000e-03 3.960760e-01
426 6.023920e-01 1.352000e-03 3.962560e-01
427 6.021720e-01 1.364000e-03 3.964640e-01
428 6.020160e-01 1.224000e-03 3.967600e-01
429 6.017680e-01 1.276000e-03 3.969560e-01
430 6.015280e-01 1.300000e-03 3.971720e-01
431 6.013200e-01 1.340000e-03 3.973400e-01
432 6.011160e-01 1.308000e-03 3.975760e-01
433 6.008440e-01 1.396000e-03 3.977600e-01
434 6.006680e-01 1.332000e-03 3.980000e-01
435 6.004360e-01 1.352000e-03 3.982120e-01
436 6.001880e-01 1.356000e-03 3.984560e-01
437 5.999320e-01 1.384000e-03 3.986840e-01
438 5.996520e-01 1.432000e-03 3.989160e-01
439 5.993680e-01 1.480000e-03 3.991520e-01
440 5.991440e-01 1.484000e-03 3.993720e-01
441 5.989600e-01 1.400000e-03 3.996400e-01
442 5.987760e-01 1.368000e-03 3.998560e-01
443 5.985080e-01 1.400000e-03 4.000920e-01
444 5.983120e-01 1.364000e-03 4.003240e-01
445 5.981040e-01 1.368000e-03 4.005280e-01
446 5.978840e-01 1.360000e-03 4.007560e-01
447 5.977600e-01 1.256000e-03 4.009840e-01
448 5.975560e-01 1.232000e-03 4.012120e-01
449 5.974040e-01 1.144000e-03 4.014520e-01
450 5.972240e-01 1.140000e-03 4.016360e-01
451 5.971080e-01 1.096000e-03 4.017960e-01
452 5.969800e-01 9.960000e-04 4.020240e-01
453 5.968480e-01 9.760000e-04 4.021760e-01
454 5.966800e-01 1.000000e-03 4.023200e-01
455 5.964680e-01 1.064000e-03 4.024680e-01
456 5.962800e-01 1.080000e-03 4.026400e-01
457 5.960840e-01 1.088000e-03 4.028280e-01
458 5.959120e-01 1.092000e-03 4.029960e-01
459 5.957040e-01 1.136000e-03 4.031600e-01
460 5.955080e-01 1.092000e-03 4.034000e-01
461 5.953800e-01 1.004000e-03 4.036160e-01
462 5.952120e-01 9.760000e-04 4.038120e-01
463 5.950680e-01 9.840000e-04 4.039480e-01
464 5.949600e-01 9.360000e-04 4.041040e-01
465 5.948360e-01 9.040000e-04 4.042600e-01
466 5.946760e-01 9.080000e-04 4.044160e-01
467 5.945320e-01 8.840000e-04 4.045840e-01
468 5.944120e-01 8.560000e-04 4.047320e-01
469 5.942400e-01 8.680000e-04 4.048920e-01
470 5.941320e-01 8.040000e-04 4.050640e-01
471 5.939840e-01 8.120000e-04 4.052040e-01
472 5.938480e-01 8.360000e-04 4.053160e-01
473 5.937400e-01 7.640000e-04 4.054960e-01
474 5.936440e-01 6.960000e-04 4.056600e-01
475 5.935240e-01 6.720000e-04 4.058040e-01
476 5.933960e-01 6.640000e-04 4.059400e-01
477 5.933000e-01 6.560000e-04 4.060440e-01
478 5.931760e-01 6.600000e-04 4.061640e-01
479 5.930320e-01 6.960000e-04 4.062720e-01
480 5.929360e-01 6.440000e-04 4.064200e-01
481 5.928240e-01 6.360000e-04 4.065400e-01
482 5.927320e-01 6.080000e-04 4.066600e-01
483 5.926400e-01 5.960000e-04 4.067640e-01
484 5.925320e-01 6.200000e-04 4.068480e-01
485 5.924000e-01 6.040000e-04 4.069960e-01
486 5.923360e-01 5.960000e-04 4.070680e-01
487 5.922440e-01 6.120000e-04 4.071440e-01
488 5.921480e-01 5.800000e-04 4.072720e-01
489 5.920360e-01 5.600000e-04 4.074040e-01
490 5.919480e-01 5.640000e-04 4.074880e-01
491 5.918520e-01 5.520000e-04 4.075960e-01
492 5.917520e-01 5.520000e-04 4.076960e-01
493 5.916480e-01 5.720000e-04 4.077800e-01
494 5.915600e-01 5.400000e-04 4.079000e-01
495 5.914560e-01 5.280000e-04 4.080160e-01
496 5.913480e-01 5.640000e-04 4.080880e-01
497 5.912360e-01 5.760000e-04 4.081880e-01
498 5.911400e-01 5.760000e-04 4.082840e-01
499 5.910080e-01 6.360000e-04 4.083560e-01
500 5.909360e-01 5.800000e-04 4.084840e-01
