1 9.992080e-01 6.920000e-04 1.000000e-04
2 9.986360e-01 1.128000e-03 2.360000e-04
3 9.979680e-01 1.552000e-03 4.800000e-04
4 9.972480e-01 2.012000e-03 7.400000e-04
5 9.964640e-01 2.424000e-03 1.112000e-03
6 9.955360e-01 2.904000e-03 1.560000e-03
7 9.947280e-01 3.172000e-03 2.100000e-03
8 9.936920e-01 3.556000e-03 2.752000e-03
9 9.928000e-01 3.768000e-03 3.432000e-03
10 9.916720e-01 4.172000e-03 4.156000e-03
11 9.904840e-01 4.616000e-03 4.900000e-03
12 9.892360e-01 5.020000e-03 5.744000e-03
13 9.879800e-01 5.364000e-03 6.656000e-03
14 9.865880e-01 5.820000e-03 7.592000e-03
15 9.852480e-01 5.920000e-03 8.832000e-03
16 9.839840e-01 6.136000e-03 9.880000e-03
17 9.827280e-01 6.384000e-03 1.088800e-02
18 9.813280e-01 6.620000e-03 1.205200e-02
19 9.799440e-01 6.764000e-03 1.329200e-02
20 9.786560e-01 6.812000e-03 1.453200e-02
21 9.771920e-01 7.136000e-03 1.567200e-02
22 9.757720e-01 7.196000e-03 1.703200e-02
23 9.741920e-01 7.476000e-03 1.833200e-02
24 9.727320e-01 7.648000e-03 1.962000e-02
25 9.712720e-01 7.748000e-03 2.098000e-02
26 9.696920e-01 7.928000e-03 2.238000e-02
27 9.683320e-01 7.828000e-03 2.384000e-02
28 9.667840e-01 7.932000e-03 2.528400e-02
29 9.652120e-01 8.148000e-03 2.664000e-02
30 9.637560e-01 8.084000e-03 2.816000e-02
31 9.622280e-01 8.232000e-03 2.954000e-02
32 9.607440e-01 8.296000e-03 3.096000e-02
33 9.591720e-01 8.448000e-03 3.238000e-02
34 9.576760e-01 8.468000e-03 3.385600e-02
35 9.562000e-01 8.360000e-03 3.544000e-02
36 9.546680e-01 8.400000e-03 3.693200e-02
37 9.531240e-01 8.464000e-03 3.841200e-02
38 9.515960e-01 8.596000e-03 3.980800e-02
39 9.500680e-01 8.596000e-03 4.133600e-02
40 9.484320e-01 8.836000e-03 4.273200e-02
41 9.468040e-01 8.900000e-03 4.429600e-02
42 9.450080e-01 9.100000e-03 4.589200e-02
43 9.432360e-01 9.292000e-03 4.747200e-02
44 9.414920e-01 9.436000e-03 4.907200e-02
45 9.396760e-01 9.536000e-03 5.078800e-02
46 9.378840e-01 9.676000e-03 5.244000e-02
47 9.361840e-01 9.516000e-03 5.430000e-02
48 9.346320e-01 9.476000e-03 5.589200e-02
49 9.330400e-01 9.328000e-03 5.763200e-02
50 9.313640e-01 9.492000e-03 5.914400e-02
51 9.297120e-01 9.380000e-03 6.090800e-02
52 9.281440e-01 9.244000e-03 6.261200e-02
53 9.263640e-01 9.348000e-03 6.428800e-02
54 9.247240e-01 9.212000e-03 6.606400e-02
55 9.231960e-01 9.228000e-03 6.757600e-02
56 9.214640e-01 9.252000e-03 6.928400e-02
57 9.198640e-01 9.188000e-03 7.094800e-02
58 9.181000e-01 9.376000e-03 7.252400e-02
59 9.165640e-01 9.204000e-03 7.423200e-02
60 9.148120e-01 9.312000e-03 7.587600e-02
61 9.130160e-01 9.460000e-03 7.752400e-02
62 9.114280e-01 9.408000e-03 7.916400e-02
63 9.098400e-01 9.292000e-03 8.086800e-02
64 9.082920e-01 9.240000e-03 8.246800e-02
65 9.064120e-01 9.524000e-03 8.406400e-02
66 9.048040e-01 9.408000e-03 8.578800e-02
67 9.032040e-01 9.368000e-03 8.742800e-02
68 9.013680e-01 9.452000e-03 8.918000e-02
69 8.998080e-01 9.340000e-03 9.085200e-02
70 8.980360e-01 9.444000e-03 9.252000e-02
71 8.964160e-01 9.444000e-03 9.414000e-02
72 8.945840e-01 9.636000e-03 9.578000e-02
73 8.928800e-01 9.580000e-03 9.754000e-02
74 8.911240e-01 9.568000e-03 9.930800e-02
75 8.893160e-01 9.616000e-03 1.010680e-01
76 8.876400e-01 9.584000e-03 1.027760e-01
77 8.860240e-01 9.520000e-03 1.044560e-01
78 8.842120e-01 9.648000e-03 1.061400e-01
79 8.825120e-01 9.652000e-03 1.078360e-01
80 8.808240e-01 9.660000e-03 1.095160e-01
81 8.792040e-01 9.532000e-03 1.112640e-01
82 8.774120e-01 9.724000e-03 1.128640e-01
83 8.755440e-01 9.956000e-03 1.145000e-01
84 8.737000e-01 1.007200e-02 1.162280e-01
85 8.719160e-01 9.908000e-03 1.181760e-01
86 8.700560e-01 1.000000e-02 1.199440e-01
87 8.682120e-01 9.900000e-03 1.218880e-01
88 8.663560e-01 1.003200e-02 1.236120e-01
89 8.644960e-01 9.828000e-03 1.256760e-01
90 8.627440e-01 9.952000e-03 1.273040e-01
91 8.609360e-01 9.988000e-03 1.290760e-01
92 8.592680e-01 9.884000e-03 1.308480e-01
93 8.575880e-01 9.768000e-03 1.326440e-01
94 8.558560e-01 9.676000e-03 1.344680e-01
95 8.542200e-01 9.684000e-03 1.360960e-01
96 8.523680e-01 9.824000e-03 1.378080e-01
97 8.505760e-01 9.960000e-03 1.394640e-01
98 8.487840e-01 1.002000e-02 1.411960e-01
99 8.470360e-01 9.928000e-03 1.430360e-01
100 8.453480e-01 9.828000e-03 1.448240e-01
101 8.438480e-01 9.576000e-03 1.465760e-01
102 8.421840e-01 9.568000e-03 1.482480e-01
103 8.407240e-01 9.252000e-03 1.500240e-01
104 8.392160e-01 9.232000e-03 1.515520e-01
105 8.378160e-01 9.024000e-03 1.531600e-01
106 8.364120e-01 8.884000e-03 1.547040e-01
107 8.349320e-01 8.860000e-03 1.562080e-01
108 8.335280e-01 8.716000e-03 1.577560e-01
109 8.321920e-01 8.512000e-03 1.592960e-01
110 8.307920e-01 8.464000e-03 1.607440e-01
111 8.293720e-01 8.392000e-03 1.622360e-01
112 8.279000e-01 8.456000e-03 1.636440e-01
113 8.264360e-01 8.576000e-03 1.649880e-01
114 8.250080e-01 8.600000e-03 1.663920e-01
115 8.236320e-01 8.636000e-03 1.677320e-01
116 8.221760e-01 8.676000e-03 1.691480e-01
117 8.208840e-01 8.404000e-03 1.707120e-01
118 8.195280e-01 8.300000e-03 1.721720e-01
119 8.182080e-01 8.124000e-03 1.736680e-01
120 8.168320e-01 8.016000e-03 1.751520e-01
121 8.155120e-01 7.844000e-03 1.766440e-01
122 8.143240e-01 7.716000e-03 1.779600e-01
123 8.128880e-01 7.700000e-03 1.794120e-01
124 8.117720e-01 7.448000e-03 1.807800e-01
125 8.106280e-01 7.288000e-03 1.820840e-01
126 8.094280e-01 7.332000e-03 1.832400e-01
127 8.083800e-01 6.964000e-03 1.846560e-01
128 8.073560e-01 6.688000e-03 1.859560e-01
129 8.064120e-01 6.516000e-03 1.870720e-01
130 8.053480e-01 6.424000e-03 1.882280e-01
131 8.042480e-01 6.432000e-03 1.893200e-01
132 8.031880e-01 6.248000e-03 1.905640e-01
133 8.020720e-01 6.128000e-03 1.918000e-01
134 8.011440e-01 6.020000e-03 1.928360e-01
135 8.001800e-01 5.876000e-03 1.939440e-01
136 7.991200e-01 5.904000e-03 1.949760e-01
137 7.980960e-01 5.924000e-03 1.959800e-01
138 7.971040e-01 5.900000e-03 1.969960e-01
139 7.961240e-01 5.912000e-03 1.979640e-01
140 7.953560e-01 5.596000e-03 1.990480e-01
141 7.944120e-01 5.676000e-03 1.999120e-01
142 7.935720e-01 5.612000e-03 2.008160e-01
143 7.924280e-01 5.864000e-03 2.017080e-01
144 7.913280e-01 5.996000e-03 2.026760e-01
145 7.903800e-01 5.900000e-03 2.037200e-01
146 7.893680e-01 5.868000e-03 2.047640e-01
147 7.882040e-01 6.040000e-03 2.057560e-01
148 7.871800e-01 5.960000e-03 2.068600e-01
149 7.861280e-01 5.984000e-03 2.078880e-01
150 7.851080e-01 5.904000e-03 2.089880e-01
151 7.839680e-01 6.028000e-03 2.100040e-01
152 7.830360e-01 5.896000e-03 2.110680e-01
153 7.821360e-01 5.840000e-03 2.120240e-01
154 7.810000e-01 6.028000e-03 2.129720e-01
155 7.799840e-01 5.996000e-03 2.140200e-01
156 7.788920e-01 6.084000e-03 2.150240e-01
157 7.778320e-01 6.092000e-03 2.160760e-01
158 7.768080e-01 6.156000e-03 2.170360e-01
159 7.758080e-01 6.180000e-03 2.180120e-01
160 7.747880e-01 6.120000e-03 2.190920e-01
161 7.736800e-01 6.132000e-03 2.201880e-01
162 7.727520e-01 5.980000e-03 2.212680e-01
163 7.717640e-01 5.936000e-03 2.223000e-01
164 7.709560e-01 5.664000e-03 2.233800e-01
165 7.700280e-01 5.588000e-03 2.243840e-01
166 7.691680e-01 5.420000e-03 2.254120e-01
167 7.683000e-01 5.424000e-03 2.262760e-01
168 7.672320e-01 5.628000e-03 2.271400e-01
169 7.662400e-01 5.692000e-03 2.280680e-01
170 7.650680e-01 5.800000e-03 2.291320e-01
171 7.641240e-01 5.728000e-03 2.301480e-01
172 7.631160e-01 5.712000e-03 2.311720e-01
173 7.621520e-01 5.616000e-03 2.322320e-01
174 7.612160e-01 5.596000e-03 2.331880e-01
175 7.601960e-01 5.680000e-03 2.341240e-01
176 7.593280e-01 5.456000e-03 2.352160e-01
177 7.583840e-01 5.396000e-03 2.362200e-01
178 7.574640e-01 5.440000e-03 2.370960e-01
179 7.564080e-01 5.564000e-03 2.380280e-01
180 7.554440e-01 5.528000e-03 2.390280e-01
181 7.545560e-01 5.408000e-03 2.400360e-01
182 7.536800e-01 5.312000e-03 2.410080e-01
183 7.528160e-01 5.268000e-03 2.419160e-01
184 7.520000e-01 5.136000e-03 2.428640e-01
185 7.509400e-01 5.264000e-03 2.437960e-01
186 7.499920e-01 5.276000e-03 2.447320e-01
187 7.490680e-01 5.328000e-03 2.456040e-01
188 7.481440e-01 5.340000e-03 2.465160e-01
189 7.472360e-01 5.312000e-03 2.474520e-01
190 7.463640e-01 5.232000e-03 2.484040e-01
191 7.453360e-01 5.352000e-03 2.493120e-01
192 7.443840e-01 5.260000e-03 2.503560e-01
193 7.435480e-01 5.064000e-03 2.513880e-01
194 7.426080e-01 5.112000e-03 2.522800e-01
195 7.417960e-01 5.012000e-03 2.531920e-01
196 7.408960e-01 5.032000e-03 2.540720e-01
197 7.400480e-01 5.060000e-03 2.548920e-01
198 7.392120e-01 5.008000e-03 2.557800e-01
199 7.384560e-01 4.984000e-03 2.565600e-01
200 7.376720e-01 4.924000e-03 2.574040e-01
201 7.368800e-01 4.808000e-03 2.583120e-01
202 7.361440e-01 4.676000e-03 2.591800e-01
203 7.353600e-01 4.648000e-03 2.599920e-01
204 7.345440e-01 4.604000e-03 2.608520e-01
205 7.337800e-01 4.500000e-03 2.617200e-01
206 7.331200e-01 4.436000e-03 2.624440e-01
207 7.322480e-01 4.520000e-03 2.632320e-01
208 7.314400e-01 4.524000e-03 2.640360e-01
209 7.306720e-01 4.576000e-03 2.647520e-01
210 7.298600e-01 4.596000e-03 2.655440e-01
211 7.290920e-01 4.496000e-03 2.664120e-01
212 7.283960e-01 4.412000e-03 2.671920e-01
213 7.275920e-01 4.424000e-03 2.679840e-01
214 7.268920e-01 4.396000e-03 2.687120e-01
215 7.260960e-01 4.376000e-03 2.695280e-01
216 7.254080e-01 4.300000e-03 2.702920e-01
217 7.249120e-01 4.072000e-03 2.710160e-01
218 7.243040e-01 3.980000e-03 2.717160e-01
219 7.237680e-01 3.824000e-03 2.724080e-01
220 7.232200e-01 3.812000e-03 2.729680e-01
221 7.227080e-01 3.632000e-03 2.736600e-01
222 7.222480e-01 3.384000e-03 2.743680e-01
223 7.217000e-01 3.348000e-03 2.749520e-01
224 7.210920e-01 3.452000e-03 2.754560e-01
225 7.205280e-01 3.416000e-03 2.760560e-01
226 7.199600e-01 3.424000e-03 2.766160e-01
227 7.194360e-01 3.320000e-03 2.772440e-01
228 7.189640e-01 3.208000e-03 2.778280e-01
229 7.184160e-01 3.268000e-03 2.783160e-01
230 7.179040e-01 3.216000e-03 2.788800e-01
231 7.173240e-01 3.208000e-03 2.794680e-01
232 7.168280e-01 3.120000e-03 2.800520e-01
233 7.162600e-01 3.148000e-03 2.805920e-01
234 7.156400e-01 3.152000e-03 2.812080e-01
235 7.151000e-01 3.152000e-03 2.817480e-01
236 7.145880e-01 3.056000e-03 2.823560e-01
237 7.141000e-01 2.940000e-03 2.829600e-01
238 7.135960e-01 2.880000e-03 2.835240e-01
239 7.130760e-01 2.848000e-03 2.840760e-01
240 7.125600e-01 2.864000e-03 2.845760e-01
241 7.119960e-01 2.940000e-03 2.850640e-01
242 7.113720e-01 3.012000e-03 2.856160e-01
243 7.108360e-01 3.028000e-03 2.861360e-01
244 7.103400e-01 2.952000e-03 2.867080e-01
245 7.097920e-01 3.020000e-03 2.871880e-01
246 7.092520e-01 3.024000e-03 2.877240e-01
247 7.087800e-01 2.968000e-03 2.882520e-01
248 7.083320e-01 2.896000e-03 2.887720e-01
249 7.078440e-01 2.912000e-03 2.892440e-01
250 7.073560e-01 2.896000e-03 2.897480e-01
251 7.068840e-01 2.864000e-03 2.902520e-01
252 7.064640e-01 2.852000e-03 2.906840e-01
253 7.060080e-01 2.804000e-03 2.911880e-01
254 7.055600e-01 2.836000e-03 2.916040e-01
255 7.051440e-01 2.772000e-03 2.920840e-01
256 7.047040e-01 2.732000e-03 2.925640e-01
257 7.042120e-01 2.776000e-03 2.930120e-01
258 7.037440e-01 2.784000e-03 2.934720e-01
259 7.033320e-01 2.660000e-03 2.940080e-01
260 7.029400e-01 2.496000e-03 2.945640e-01
261 7.025000e-01 2.452000e-03 2.950480e-01
262 7.020800e-01 2.420000e-03 2.955000e-01
263 7.016400e-01 2.472000e-03 2.958880e-01
264 7.011680e-01 2.460000e-03 2.963720e-01
265 7.007040e-01 2.476000e-03 2.968200e-01
266 7.002320e-01 2.504000e-03 2.972640e-01
267 6.998200e-01 2.492000e-03 2.976880e-01
268 6.993920e-01 2.544000e-03 2.980640e-01
269 6.989480e-01 2.516000e-03 2.985360e-01
270 6.985440e-01 2.448000e-03 2.990080e-01
271 6.981320e-01 2.436000e-03 2.994320e-01
272 6.977400e-01 2.464000e-03 2.997960e-01
273 6.973120e-01 2.504000e-03 3.001840e-01
274 6.969600e-01 2.440000e-03 3.006000e-01
275 6.964760e-01 2.476000e-03 3.010480e-01
276 6.960880e-01 2.344000e-03 3.015680e-01
277 6.957000e-01 2.332000e-03 3.019680e-01
278 6.952760e-01 2.320000e-03 3.024040e-01
279 6.947920e-01 2.444000e-03 3.027640e-01
280 6.942480e-01 2.640000e-03 3.031120e-01
281 6.937920e-01 2.652000e-03 3.035560e-01
282 6.931880e-01 2.756000e-03 3.040560e-01
283 6.926520e-01 2.752000e-03 3.045960e-01
284 6.922280e-01 2.608000e-03 3.051640e-01
285 6.917920e-01 2.656000e-03 3.055520e-01
286 6.913360e-01 2.640000e-03 3.060240e-01
287 6.909520e-01 2.600000e-03 3.064480e-01
288 6.904160e-01 2.656000e-03 3.069280e-01
289 6.898920e-01 2.764000e-03 3.073440e-01
290 6.894080e-01 2.792000e-03 3.078000e-01
291 6.889640e-01 2.768000e-03 3.082680e-01
292 6.884440e-01 2.844000e-03 3.087120e-01
293 6.879200e-01 2.868000e-03 3.092120e-01
294 6.874400e-01 2.800000e-03 3.097600e-01
295 6.869440e-01 2.824000e-03 3.102320e-01
296 6.864920e-01 2.812000e-03 3.106960e-01
297 6.861200e-01 2.684000e-03 3.111960e-01
298 6.857520e-01 2.580000e-03 3.116680e-01
299 6.853440e-01 2.576000e-03 3.120800e-01
300 6.849200e-01 2.568000e-03 3.125120e-01
301 6.844400e-01 2.560000e-03 3.130000e-01
302 6.840960e-01 2.504000e-03 3.134000e-01
303 6.837720e-01 2.384000e-03 3.138440e-01
304 6.833640e-01 2.372000e-03 3.142640e-01
305 6.829400e-01 2.376000e-03 3.146840e-01
306 6.825720e-01 2.332000e-03 3.150960e-01
307 6.822760e-01 2.244000e-03 3.154800e-01
308 6.819080e-01 2.192000e-03 3.159000e-01
309 6.815280e-01 2.192000e-03 3.162800e-01
310 6.810720e-01 2.248000e-03 3.166800e-01
311 6.806680e-01 2.328000e-03 3.170040e-01
312 6.802080e-01 2.364000e-03 3.174280e-01
313 6.798560e-01 2.276000e-03 3.178680e-01
314 6.794920e-01 2.260000e-03 3.182480e-01
315 6.790840e-01 2.300000e-03 3.186160e-01
316 6.787280e-01 2.204000e-03 3.190680e-01
317 6.784120e-01 2.160000e-03 3.194280e-01
318 6.780360e-01 2.152000e-03 3.198120e-01
319 6.776520e-01 2.188000e-03 3.201600e-01
320 6.772640e-01 2.148000e-03 3.205880e-01
321 6.769360e-01 2.088000e-03 3.209760e-01
322 6.765400e-01 2.116000e-03 3.213440e-01
323 6.761400e-01 2.156000e-03 3.217040e-01
324 6.758440e-01 2.104000e-03 3.220520e-01
325 6.754560e-01 2.156000e-03 3.223880e-01
326 6.751480e-01 2.080000e-03 3.227720e-01
327 6.748120e-01 2.112000e-03 3.230760e-01
328 6.744000e-01 2.180000e-03 3.234200e-01
329 6.740920e-01 2.100000e-03 3.238080e-01
330 6.737440e-01 2.036000e-03 3.242200e-01
331 6.734200e-01 1.996000e-03 3.245840e-01
332 6.730920e-01 1.952000e-03 3.249560e-01
333 6.727600e-01 1.948000e-03 3.252920e-01
334 6.724600e-01 1.896000e-03 3.256440e-01
335 6.721240e-01 1.932000e-03 3.259440e-01
336 6.717520e-01 1.996000e-03 3.262520e-01
337 6.714280e-01 1.964000e-03 3.266080e-01
338 6.710280e-01 2.028000e-03 3.269440e-01
339 6.706600e-01 1.996000e-03 3.273440e-01
340 6.703160e-01 1.972000e-03 3.277120e-01
341 6.700200e-01 1.940000e-03 3.280400e-01
342 6.696760e-01 1.908000e-03 3.284160e-01
343 6.694120e-01 1.844000e-03 3.287440e-01
344 6.691320e-01 1.816000e-03 3.290520e-01
345 6.687200e-01 1.900000e-03 3.293800e-01
346 6.683400e-01 1.984000e-03 3.296760e-01
347 6.680920e-01 1.844000e-03 3.300640e-01
348 6.678040e-01 1.836000e-03 3.303600e-01
349 6.674840e-01 1.864000e-03 3.306520e-01
350 6.672640e-01 1.752000e-03 3.309840e-01
351 6.670080e-01 1.712000e-03 3.312800e-01
352 6.667400e-01 1.704000e-03 3.315560e-01
353 6.664680e-01 1.648000e-03 3.318840e-01
354 6.662640e-01 1.612000e-03 3.321240e-01
355 6.660400e-01 1.524000e-03 3.324360e-01
356 6.658160e-01 1.528000e-03 3.326560e-01
357 6.655440e-01 1.520000e-03 3.329360e-01
358 6.652960e-01 1.492000e-03 3.332120e-01
359 6.650200e-01 1.532000e-03 3.334480e-01
360 6.647400e-01 1.576000e-03 3.336840e-01
361 6.644680e-01 1.572000e-03 3.339600e-01
362 6.642080e-01 1.508000e-03 3.342840e-01
363 6.639440e-01 1.540000e-03 3.345160e-01
364 6.636760e-01 1.532000e-03 3.347920e-01
365 6.634080e-01 1.532000e-03 3.350600e-01
366 6.631720e-01 1.512000e-03 3.353160e-01
367 6.628160e-01 1.580000e-03 3.356040e-01
368 6.624720e-01 1.644000e-03 3.358840e-01
369 6.621240e-01 1.728000e-03 3.361480e-01
370 6.618000e-01 1.776000e-03 3.364240e-01
371 6.615360e-01 1.724000e-03 3.367400e-01
372 6.612400e-01 1.740000e-03 3.370200e-01
373 6.609600e-01 1.700000e-03 3.373400e-01
374 6.606480e-01 1.712000e-03 3.376400e-01
375 6.603400e-01 1.748000e-03 3.379120e-01
376 6.600560e-01 1.724000e-03 3.382200e-01
377 6.597760e-01 1.756000e-03 3.384680e-01
378 6.594360e-01 1.740000e-03 3.388240e-01
379 6.591520e-01 1.756000e-03 3.390920e-01
380 6.589000e-01 1.676000e-03 3.394240e-01
381 6.586440e-01 1.564000e-03 3.397920e-01
382 6.584400e-01 1.560000e-03 3.400000e-01
383 6.581840e-01 1.544000e-03 3.402720e-01
384 6.578600e-01 1.560000e-03 3.405800e-01
385 6.576440e-01 1.552000e-03 3.408040e-01
386 6.573760e-01 1.516000e-03 3.411080e-01
387 6.571360e-01 1.472000e-03 3.413920e-01
388 6.569000e-01 1.432000e-03 3.416680e-01
389 6.567680e-01 1.348000e-03 3.418840e-01
390 6.565840e-01 1.288000e-03 3.421280e-01
391 6.563880e-01 1.288000e-03 3.423240e-01
392 6.561360e-01 1.344000e-03 3.425200e-01
393 6.559360e-01 1.308000e-03 3.427560e-01
394 6.557280e-01 1.320000e-03 3.429520e-01
395 6.554960e-01 1.296000e-03 3.432080e-01
396 6.552760e-01 1.296000e-03 3.434280e-01
397 6.551080e-01 1.228000e-03 3.436640e-01
398 6.549240e-01 1.252000e-03 3.438240e-01
399 6.547000e-01 1.252000e-03 3.440480e-01
400 6.545360e-01 1.196000e-03 3.442680e-01
401 6.543160e-01 1.216000e-03 3.444680e-01
402 6.541520e-01 1.180000e-03 3.446680e-01
403 6.539280e-01 1.244000e-03 3.448280e-01
404 6.537360e-01 1.248000e-03 3.450160e-01
405 6.535280e-01 1.248000e-03 3.452240e-01
406 6.533280e-01 1.196000e-03 3.454760e-01
407 6.531160e-01 1.180000e-03 3.457040e-01
408 6.529080e-01 1.228000e-03 3.458640e-01
409 6.526720e-01 1.244000e-03 3.460840e-01
410 6.524520e-01 1.184000e-03 3.463640e-01
411 6.522240e-01 1.204000e-03 3.465720e-01
412 6.519840e-01 1.240000e-03 3.467760e-01
413 6.517680e-01 1.212000e-03 3.470200e-01
414 6.515320e-01 1.268000e-03 3.472000e-01
415 6.512400e-01 1.336000e-03 3.474240e-01
416 6.509720e-01 1.352000e-03 3.476760e-01
417 6.507360e-01 1.304000e-03 3.479600e-01
418 6.504800e-01 1.324000e-03 3.481960e-01
419 6.502720e-01 1.344000e-03 3.483840e-01
420 6.500200e-01 1.424000e-03 3.485560e-01
421 6.498000e-01 1.452000e-03 3.487480e-01
422 6.494960e-01 1.528000e-03 3.489760e-01
423 6.492280e-01 1.544000e-03 3.492280e-01
424 6.489600e-01 1.544000e-03 3.494960e-01
425 6.486880e-01 1.552000e-03 3.497600e-01
426 6.484640e-01 1.504000e-03 3.500320e-01
427 6.482440e-01 1.464000e-03 3.502920e-01
428 6.480320e-01 1.420000e-03 3.505480e-01
429 6.478280e-01 1.376000e-03 3.507960e-01
430 6.475720e-01 1.444000e-03 3.509840e-01
431 6.473280e-01 1.432000e-03 3.512400e-01
432 6.471360e-01 1.392000e-03 3.514720e-01
433 6.469760e-01 1.336000e-03 3.516880e-01
434 6.467440e-01 1.344000e-03 3.519120e-01
435 6.465120e-01 1.356000e-03 3.521320e-01
436 6.462080e-01 1.440000e-03 3.523520e-01
437 6.459640e-01 1.432000e-03 3.526040e-01
438 6.457680e-01 1.384000e-03 3.528480e-01
439 6.456120e-01 1.292000e-03 3.530960e-01
440 6.453960e-01 1.248000e-03 3.533560e-01
441 6.451800e-01 1.264000e-03 3.535560e-01
442 6.449680e-01 1.248000e-03 3.537840e-01
443 6.447480e-01 1.252000e-03 3.540000e-01
444 6.445680e-01 1.228000e-03 3.542040e-01
445 6.443480e-01 1.212000e-03 3.544400e-01
446 6.441040e-01 1.244000e-03 3.546520e-01
447 6.438760e-01 1.256000e-03 3.548680e-01
448 6.436760e-01 1.196000e-03 3.551280e-01
449 6.434640e-01 1.192000e-03 3.553440e-01
450 6.432720e-01 1.180000e-03 3.555480e-01
451 6.431000e-01 1.152000e-03 3.557480e-01
452 6.429040e-01 1.144000e-03 3.559520e-01
453 6.427400e-01 1.100000e-03 3.561600e-01
454 6.425680e-01 1.076000e-03 3.563560e-01
455 6.423640e-01 1.084000e-03 3.565520e-01
456 6.422160e-01 1.032000e-03 3.567520e-01
457 6.420840e-01 1.000000e-03 3.569160e-01
458 6.418600e-01 1.092000e-03 3.570480e-01
459 6.416680e-01 1.044000e-03 3.572880e-01
460 6.415080e-01 9.920000e-04 3.575000e-01
461 6.413160e-01 1.040000e-03 3.576440e-01
462 6.411000e-01 1.092000e-03 3.578080e-01
463 6.409280e-01 1.088000e-03 3.579840e-01
464 6.407720e-01 1.080000e-03 3.581480e-01
465 6.405920e-01 1.096000e-03 3.583120e-01
466 6.403840e-01 1.076000e-03 3.585400e-01
467 6.402200e-01 1.064000e-03 3.587160e-01
468 6.400600e-01 1.028000e-03 3.589120e-01
469 6.399000e-01 1.048000e-03 3.590520e-01
470 6.397480e-01 1.028000e-03 3.592240e-01
471 6.396000e-01 9.920000e-04 3.594080e-01
472 6.394280e-01 9.960000e-04 3.595760e-01
473 6.393200e-01 9.080000e-04 3.597720e-01
474 6.391880e-01 8.680000e-04 3.599440e-01
475 6.390720e-01 8.480000e-04 3.600800e-01
476 6.389120e-01 9.040000e-04 3.601840e-01
477 6.387800e-01 8.440000e-04 3.603760e-01
478 6.386440e-01 7.880000e-04 3.605680e-01
479 6.385440e-01 7.200000e-04 3.607360e-01
480 6.384960e-01 6.440000e-04 3.608600e-01
481 6.384360e-01 6.280000e-04 3.609360e-01
482 6.383320e-01 6.440000e-04 3.610240e-01
483 6.382480e-01 6.240000e-04 3.611280e-01
484 6.381760e-01 5.840000e-04 3.612400e-01
485 6.380680e-01 5.680000e-04 3.613640e-01
486 6.379760e-01 5.520000e-04 3.614720e-01
487 6.378560e-01 5.640000e-04 3.615800e-01
488 6.377760e-01 5.280000e-04 3.616960e-01
489 6.376920e-01 5.480000e-04 3.617600e-01
490 6.375800e-01 5.640000e-04 3.618560e-01
491 6.374680e-01 5.720000e-04 3.619600e-01
492 6.373320e-01 6.280000e-04 3.620400e-01
493 6.372320e-01 6.200000e-04 3.621480e-01
494 6.371520e-01 5.480000e-04 3.623000e-01
495 6.370760e-01 5.280000e-04 3.623960e-01
496 6.370040e-01 4.800000e-04 3.625160e-01
497 6.369720e-01 4.040000e-04 3.626240e-01
498 6.369080e-01 4.160000e-04 3.626760e-01
499 6.368320e-01 4.120000e-04 3.627560e-01
500 6.367600e-01 4.160000e-04 3.628240e-01
