1 9.992080e-01 6.800000e-04 1.120000e-04
2 9.987320e-01 1.016000e-03 2.520000e-04
3 9.981240e-01 1.388000e-03 4.880000e-04
4 9.974000e-01 1.848000e-03 7.520000e-04
5 9.965720e-01 2.344000e-03 1.084000e-03
6 9.957200e-01 2.716000e-03 1.564000e-03
7 9.947760e-01 3.196000e-03 2.028000e-03
8 9.938320e-01 3.588000e-03 2.580000e-03
9 9.927600e-01 4.016000e-03 3.224000e-03
10 9.915920e-01 4.504000e-03 3.904000e-03
11 9.904200e-01 4.900000e-03 4.680000e-03
12 9.891040e-01 5.408000e-03 5.488000e-03
13 9.878920e-01 5.704000e-03 6.404000e-03
14 9.865400e-01 6.020000e-03 7.440000e-03
15 9.852200e-01 6.224000e-03 8.556000e-03
16 9.839240e-01 6.432000e-03 9.644000e-03
17 9.825320e-01 6.552000e-03 1.091600e-02
18 9.810280e-01 6.924000e-03 1.204800e-02
19 9.797000e-01 7.084000e-03 1.321600e-02
20 9.781880e-01 7.312000e-03 1.450000e-02
21 9.767520e-01 7.448000e-03 1.580000e-02
22 9.753760e-01 7.496000e-03 1.712800e-02
23 9.739800e-01 7.544000e-03 1.847600e-02
24 9.725080e-01 7.736000e-03 1.975600e-02
25 9.708360e-01 8.032000e-03 2.113200e-02
26 9.693480e-01 8.076000e-03 2.257600e-02
27 9.678040e-01 8.216000e-03 2.398000e-02
28 9.663040e-01 8.220000e-03 2.547600e-02
29 9.647800e-01 8.296000e-03 2.692400e-02
30 9.631640e-01 8.484000e-03 2.835200e-02
31 9.614440e-01 8.748000e-03 2.980800e-02
32 9.596640e-01 9.036000e-03 3.130000e-02
33 9.580240e-01 9.104000e-03 3.287200e-02
34 9.563160e-01 9.204000e-03 3.448000e-02
35 9.545840e-01 9.244000e-03 3.617200e-02
36 9.527600e-01 9.436000e-03 3.780400e-02
37 9.512040e-01 9.452000e-03 3.934400e-02
38 9.494920e-01 9.488000e-03 4.102000e-02
39 9.476080e-01 9.660000e-03 4.273200e-02
40 9.459080e-01 9.556000e-03 4.453600e-02
41 9.440960e-01 9.716000e-03 4.618800e-02
42 9.422800e-01 9.756000e-03 4.796400e-02
43 9.405680e-01 9.676000e-03 4.975600e-02
44 9.388520e-01 9.648000e-03 5.150000e-02
45 9.371120e-01 9.724000e-03 5.316400e-02
46 9.355040e-01 9.708000e-03 5.478800e-02
47 9.336840e-01 9.832000e-03 5.648400e-02
48 9.318560e-01 9.940000e-03 5.820400e-02
49 9.300880e-01 1.000800e-02 5.990400e-02
50 9.284720e-01 9.880000e-03 6.164800e-02
51 9.268760e-01 9.776000e-03 6.334800e-02
52 9.252520e-01 9.640000e-03 6.510800e-02
53 9.235320e-01 9.752000e-03 6.671600e-02
54 9.218040e-01 9.692000e-03 6.850400e-02
55 9.202320e-01 9.660000e-03 7.010800e-02
56 9.186200e-01 9.592000e-03 7.178800e-02
57 9.168960e-01 9.540000e-03 7.356400e-02
58 9.151240e-01 9.736000e-03 7.514000e-02
59 9.134840e-01 9.712000e-03 7.680400e-02
60 9.118720e-01 9.588000e-03 7.854000e-02
61 9.102640e-01 9.552000e-03 8.018400e-02
62 9.085080e-01 9.632000e-03 8.186000e-02
63 9.066560e-01 9.808000e-03 8.353600e-02
64 9.049400e-01 9.736000e-03 8.532400e-02
65 9.030920e-01 9.880000e-03 8.702800e-02
66 9.013880e-01 9.932000e-03 8.868000e-02
67 8.995440e-01 1.012000e-02 9.033600e-02
68 8.980080e-01 9.920000e-03 9.207200e-02
69 8.964080e-01 9.856000e-03 9.373600e-02
70 8.947720e-01 9.796000e-03 9.543200e-02
71 8.932560e-01 9.584000e-03 9.716000e-02
72 8.917040e-01 9.452000e-03 9.884400e-02
73 8.899960e-01 9.596000e-03 1.004080e-01
74 8.885600e-01 9.408000e-03 1.020320e-01
75 8.869760e-01 9.220000e-03 1.038040e-01
76 8.853440e-01 9.400000e-03 1.052560e-01
77 8.837840e-01 9.424000e-03 1.067920e-01
78 8.822000e-01 9.488000e-03 1.083120e-01
79 8.807360e-01 9.388000e-03 1.098760e-01
80 8.791480e-01 9.396000e-03 1.114560e-01
81 8.775840e-01 9.272000e-03 1.131440e-01
82 8.759160e-01 9.372000e-03 1.147120e-01
83 8.743240e-01 9.312000e-03 1.163640e-01
84 8.726840e-01 9.276000e-03 1.180400e-01
85 8.712120e-01 9.284000e-03 1.195040e-01
86 8.696760e-01 9.120000e-03 1.212040e-01
87 8.682960e-01 8.952000e-03 1.227520e-01
88 8.668720e-01 8.860000e-03 1.242680e-01
89 8.653600e-01 8.864000e-03 1.257760e-01
90 8.639320e-01 8.712000e-03 1.273560e-01
91 8.624840e-01 8.600000e-03 1.289160e-01
92 8.609760e-01 8.668000e-03 1.303560e-01
93 8.596040e-01 8.536000e-03 1.318600e-01
94 8.581720e-01 8.496000e-03 1.333320e-01
95 8.566400e-01 8.592000e-03 1.347680e-01
96 8.552640e-01 8.304000e-03 1.364320e-01
97 8.539720e-01 8.196000e-03 1.378320e-01
98 8.527600e-01 7.920000e-03 1.393200e-01
99 8.514240e-01 7.924000e-03 1.406520e-01
100 8.500720e-01 7.860000e-03 1.420680e-01
101 8.486600e-01 7.892000e-03 1.434480e-01
102 8.473160e-01 7.852000e-03 1.448320e-01
103 8.458760e-01 7.824000e-03 1.463000e-01
104 8.444360e-01 8.004000e-03 1.475600e-01
105 8.429440e-01 8.036000e-03 1.490200e-01
106 8.414720e-01 8.096000e-03 1.504320e-01
107 8.400120e-01 8.100000e-03 1.518880e-01
108 8.386640e-01 8.084000e-03 1.532520e-01
109 8.371560e-01 8.108000e-03 1.547360e-01
110 8.356440e-01 8.140000e-03 1.562160e-01
111 8.343040e-01 8.052000e-03 1.576440e-01
112 8.329440e-01 8.008000e-03 1.590480e-01
113 8.315200e-01 8.048000e-03 1.604320e-01
114 8.301520e-01 7.896000e-03 1.619520e-01
115 8.287680e-01 7.892000e-03 1.633400e-01
116 8.273640e-01 7.876000e-03 1.647600e-01
117 8.259800e-01 7.844000e-03 1.661760e-01
118 8.245360e-01 7.816000e-03 1.676480e-01
119 8.231280e-01 7.856000e-03 1.690160e-01
120 8.218880e-01 7.860000e-03 1.702520e-01
121 8.205480e-01 7.876000e-03 1.715760e-01
122 8.193200e-01 7.784000e-03 1.728960e-01
123 8.180480e-01 7.708000e-03 1.742440e-01
124 8.168680e-01 7.564000e-03 1.755680e-01
125 8.155080e-01 7.576000e-03 1.769160e-01
126 8.143480e-01 7.440000e-03 1.782120e-01
127 8.130280e-01 7.344000e-03 1.796280e-01
128 8.116960e-01 7.268000e-03 1.810360e-01
129 8.104720e-01 7.224000e-03 1.823040e-01
130 8.091640e-01 7.252000e-03 1.835840e-01
131 8.079520e-01 7.140000e-03 1.849080e-01
132 8.066520e-01 7.136000e-03 1.862120e-01
133 8.054360e-01 7.092000e-03 1.874720e-01
134 8.043160e-01 7.004000e-03 1.886800e-01
135 8.032840e-01 6.816000e-03 1.899000e-01
136 8.021360e-01 6.752000e-03 1.911120e-01
137 8.009240e-01 6.772000e-03 1.923040e-01
138 7.998080e-01 6.656000e-03 1.935360e-01
139 7.987480e-01 6.592000e-03 1.946600e-01
140 7.975960e-01 6.380000e-03 1.960240e-01
141 7.964000e-01 6.388000e-03 1.972120e-01
142 7.951880e-01 6.488000e-03 1.983240e-01
143 7.939920e-01 6.536000e-03 1.994720e-01
144 7.929200e-01 6.504000e-03 2.005760e-01
145 7.916840e-01 6.628000e-03 2.016880e-01
146 7.905040e-01 6.628000e-03 2.028680e-01
147 7.894520e-01 6.532000e-03 2.040160e-01
148 7.882520e-01 6.572000e-03 2.051760e-01
149 7.872880e-01 6.352000e-03 2.063600e-01
150 7.862240e-01 6.392000e-03 2.073840e-01
151 7.852880e-01 6.312000e-03 2.084000e-01
152 7.841880e-01 6.340000e-03 2.094720e-01
153 7.831600e-01 6.196000e-03 2.106440e-01
154 7.819760e-01 6.300000e-03 2.117240e-01
155 7.809480e-01 6.104000e-03 2.129480e-01
156 7.798920e-01 6.112000e-03 2.139960e-01
157 7.787320e-01 6.236000e-03 2.150320e-01
158 7.777240e-01 6.184000e-03 2.160920e-01
159 7.766560e-01 6.220000e-03 2.171240e-01
160 7.755840e-01 6.108000e-03 2.183080e-01
161 7.745240e-01 6.156000e-03 2.193200e-01
162 7.734360e-01 6.088000e-03 2.204760e-01
163 7.723680e-01 6.180000e-03 2.214520e-01
164 7.713680e-01 6.124000e-03 2.225080e-01
165 7.702760e-01 6.140000e-03 2.235840e-01
166 7.692280e-01 6.160000e-03 2.246120e-01
167 7.680960e-01 6.260000e-03 2.256440e-01
168 7.669200e-01 6.396000e-03 2.266840e-01
169 7.657680e-01 6.512000e-03 2.277200e-01
170 7.645760e-01 6.628000e-03 2.287960e-01
171 7.633680e-01 6.692000e-03 2.299400e-01
172 7.622320e-01 6.600000e-03 2.311680e-01
173 7.609800e-01 6.812000e-03 2.322080e-01
174 7.596960e-01 6.868000e-03 2.334360e-01
175 7.584560e-01 6.856000e-03 2.346880e-01
176 7.571760e-01 6.840000e-03 2.359840e-01
177 7.559480e-01 6.868000e-03 2.371840e-01
178 7.548240e-01 6.736000e-03 2.384400e-01
179 7.536800e-01 6.740000e-03 2.395800e-01
180 7.524920e-01 6.800000e-03 2.407080e-01
181 7.513240e-01 6.760000e-03 2.419160e-01
182 7.502240e-01 6.724000e-03 2.430520e-01
183 7.490720e-01 6.672000e-03 2.442560e-01
184 7.479920e-01 6.600000e-03 2.454080e-01
185 7.468720e-01 6.544000e-03 2.465840e-01
186 7.457680e-01 6.528000e-03 2.477040e-01
187 7.445600e-01 6.524000e-03 2.489160e-01
188 7.433600e-01 6.608000e-03 2.500320e-01
189 7.421840e-01 6.684000e-03 2.511320e-01
190 7.411120e-01 6.552000e-03 2.523360e-01
191 7.401120e-01 6.404000e-03 2.534840e-01
192 7.390000e-01 6.328000e-03 2.546720e-01
193 7.380000e-01 6.248000e-03 2.557520e-01
194 7.370400e-01 6.184000e-03 2.567760e-01
195 7.361120e-01 5.980000e-03 2.579080e-01
196 7.351920e-01 5.860000e-03 2.589480e-01
197 7.342000e-01 5.804000e-03 2.599960e-01
198 7.332320e-01 5.760000e-03 2.610080e-01
199 7.322800e-01 5.700000e-03 2.620200e-01
200 7.313560e-01 5.660000e-03 2.629840e-01
201 7.304600e-01 5.572000e-03 2.639680e-01
202 7.295400e-01 5.568000e-03 2.648920e-01
203 7.287280e-01 5.392000e-03 2.658800e-01
204 7.279280e-01 5.200000e-03 2.668720e-01
205 7.271000e-01 5.064000e-03 2.678360e-01
206 7.262840e-01 5.032000e-03 2.686840e-01
207 7.254720e-01 4.984000e-03 2.695440e-01
208 7.246360e-01 4.988000e-03 2.703760e-01
209 7.239080e-01 4.820000e-03 2.712720e-01
210 7.230960e-01 4.772000e-03 2.721320e-01
211 7.223800e-01 4.696000e-03 2.729240e-01
212 7.215360e-01 4.720000e-03 2.737440e-01
213 7.207720e-01 4.620000e-03 2.746080e-01
214 7.200760e-01 4.568000e-03 2.753560e-01
215 7.192280e-01 4.624000e-03 2.761480e-01
216 7.184440e-01 4.600000e-03 2.769560e-01
217 7.176680e-01 4.576000e-03 2.777560e-01
218 7.168880e-01 4.552000e-03 2.785600e-01
219 7.160680e-01 4.580000e-03 2.793520e-01
220 7.153800e-01 4.456000e-03 2.801640e-01
221 7.146600e-01 4.380000e-03 2.809600e-01
222 7.139000e-01 4.388000e-03 2.817120e-01
223 7.131080e-01 4.436000e-03 2.824560e-01
224 7.123800e-01 4.448000e-03 2.831720e-01
225 7.116480e-01 4.472000e-03 2.838800e-01
226 7.109360e-01 4.380000e-03 2.846840e-01
227 7.102240e-01 4.380000e-03 2.853960e-01
228 7.095560e-01 4.292000e-03 2.861520e-01
229 7.087560e-01 4.264000e-03 2.869800e-01
230 7.080280e-01 4.204000e-03 2.877680e-01
231 7.072720e-01 4.244000e-03 2.884840e-01
232 7.065280e-01 4.216000e-03 2.892560e-01
233 7.058600e-01 4.188000e-03 2.899520e-01
234 7.051560e-01 4.188000e-03 2.906560e-01
235 7.044600e-01 4.140000e-03 2.914000e-01
236 7.037880e-01 4.084000e-03 2.921280e-01
237 7.031000e-01 4.024000e-03 2.928760e-01
238 7.024200e-01 3.984000e-03 2.935960e-01
239 7.018280e-01 3.872000e-03 2.943000e-01
240 7.012360e-01 3.804000e-03 2.949600e-01
241 7.005520e-01 3.752000e-03 2.956960e-01
242 6.999440e-01 3.700000e-03 2.963560e-01
243 6.992960e-01 3.700000e-03 2.970040e-01
244 6.986320e-01 3.688000e-03 2.976800e-01
245 6.981240e-01 3.492000e-03 2.983840e-01
246 6.975680e-01 3.412000e-03 2.990200e-01
247 6.970640e-01 3.396000e-03 2.995400e-01
248 6.964960e-01 3.396000e-03 3.001080e-01
249 6.960080e-01 3.332000e-03 3.006600e-01
250 6.955480e-01 3.180000e-03 3.012720e-01
251 6.950760e-01 3.104000e-03 3.018200e-01
252 6.945000e-01 3.104000e-03 3.023960e-01
253 6.939360e-01 3.108000e-03 3.029560e-01
254 6.934320e-01 3.076000e-03 3.034920e-01
255 6.929120e-01 3.052000e-03 3.040360e-01
256 6.923480e-01 3.132000e-03 3.045200e-01
257 6.917400e-01 3.164000e-03 3.050960e-01
258 6.911040e-01 3.248000e-03 3.056480e-01
259 6.904880e-01 3.324000e-03 3.061880e-01
260 6.898080e-01 3.364000e-03 3.068280e-01
261 6.891200e-01 3.504000e-03 3.073760e-01
262 6.884160e-01 3.564000e-03 3.080200e-01
263 6.877520e-01 3.556000e-03 3.086920e-01
264 6.871080e-01 3.668000e-03 3.092240e-01
265 6.863720e-01 3.800000e-03 3.098280e-01
266 6.856240e-01 3.896000e-03 3.104800e-01
267 6.848840e-01 3.900000e-03 3.112160e-01
268 6.842520e-01 3.824000e-03 3.119240e-01
269 6.836280e-01 3.768000e-03 3.126040e-01
270 6.830520e-01 3.696000e-03 3.132520e-01
271 6.824520e-01 3.568000e-03 3.139800e-01
272 6.818360e-01 3.572000e-03 3.145920e-01
273 6.811760e-01 3.604000e-03 3.152200e-01
274 6.806480e-01 3.448000e-03 3.159040e-01
275 6.801080e-01 3.404000e-03 3.164880e-01
276 6.795960e-01 3.408000e-03 3.169960e-01
277 6.790240e-01 3.384000e-03 3.175920e-01
278 6.784160e-01 3.404000e-03 3.181800e-01
279 6.778480e-01 3.492000e-03 3.186600e-01
280 6.772960e-01 3.436000e-03 3.192680e-01
281 6.767040e-01 3.452000e-03 3.198440e-01
282 6.761520e-01 3.404000e-03 3.204440e-01
283 6.755720e-01 3.428000e-03 3.210000e-01
284 6.750800e-01 3.348000e-03 3.215720e-01
285 6.744280e-01 3.412000e-03 3.221600e-01
286 6.738720e-01 3.376000e-03 3.227520e-01
287 6.733280e-01 3.404000e-03 3.232680e-01
288 6.727520e-01 3.360000e-03 3.238880e-01
289 6.722600e-01 3.252000e-03 3.244880e-01
290 6.717600e-01 3.184000e-03 3.250560e-01
291 6.711840e-01 3.196000e-03 3.256200e-01
292 6.706760e-01 3.116000e-03 3.262080e-01
293 6.701960e-01 3.052000e-03 3.267520e-01
294 6.696920e-01 3.024000e-03 3.272840e-01
295 6.691800e-01 3.060000e-03 3.277600e-01
296 6.687120e-01 3.064000e-03 3.282240e-01
297 6.682120e-01 3.028000e-03 3.287600e-01
298 6.677680e-01 3.052000e-03 3.291800e-01
299 6.670600e-01 3.240000e-03 3.297000e-01
300 6.664200e-01 3.336000e-03 3.302440e-01
301 6.657880e-01 3.388000e-03 3.308240e-01
302 6.653520e-01 3.192000e-03 3.314560e-01
303 6.649080e-01 2.996000e-03 3.320960e-01
304 6.643760e-01 2.992000e-03 3.326320e-01
305 6.638920e-01 2.960000e-03 3.331480e-01
306 6.633120e-01 3.012000e-03 3.336760e-01
307 6.627880e-01 2.984000e-03 3.342280e-01
308 6.623120e-01 2.908000e-03 3.347800e-01
309 6.616840e-01 3.000000e-03 3.353160e-01
310 6.610800e-01 3.076000e-03 3.358440e-01
311 6.606000e-01 3.068000e-03 3.363320e-01
312 6.600480e-01 3.072000e-03 3.368800e-01
313 6.594640e-01 3.116000e-03 3.374200e-01
314 6.589400e-01 3.116000e-03 3.379440e-01
315 6.583400e-01 3.188000e-03 3.384720e-01
316 6.578160e-01 3.140000e-03 3.390440e-01
317 6.571840e-01 3.196000e-03 3.396200e-01
318 6.565480e-01 3.240000e-03 3.402120e-01
319 6.558520e-01 3.344000e-03 3.408040e-01
320 6.553800e-01 3.260000e-03 3.413600e-01
321 6.547400e-01 3.328000e-03 3.419320e-01
322 6.542040e-01 3.284000e-03 3.425120e-01
323 6.536720e-01 3.252000e-03 3.430760e-01
324 6.531440e-01 3.212000e-03 3.436440e-01
325 6.525400e-01 3.296000e-03 3.441640e-01
326 6.520600e-01 3.256000e-03 3.446840e-01
327 6.515960e-01 3.140000e-03 3.452640e-01
328 6.510760e-01 3.100000e-03 3.458240e-01
329 6.505520e-01 3.088000e-03 3.463600e-01
330 6.501120e-01 2.932000e-03 3.469560e-01
331 6.496280e-01 2.836000e-03 3.475360e-01
332 6.490760e-01 2.872000e-03 3.480520e-01
333 6.486720e-01 2.740000e-03 3.485880e-01
334 6.482440e-01 2.628000e-03 3.491280e-01
335 6.478120e-01 2.648000e-03 3.495400e-01
336 6.473800e-01 2.584000e-03 3.500360e-01
337 6.468760e-01 2.576000e-03 3.505480e-01
338 6.463640e-01 2.624000e-03 3.510120e-01
339 6.458880e-01 2.552000e-03 3.515600e-01
340 6.454360e-01 2.524000e-03 3.520400e-01
341 6.450160e-01 2.432000e-03 3.525520e-01
342 6.445720e-01 2.432000e-03 3.529960e-01
343 6.440800e-01 2.584000e-03 3.533360e-01
344 6.434800e-01 2.720000e-03 3.538000e-01
345 6.430200e-01 2.648000e-03 3.543320e-01
346 6.426120e-01 2.580000e-03 3.548080e-01
347 6.422240e-01 2.528000e-03 3.552480e-01
348 6.419160e-01 2.384000e-03 3.557000e-01
349 6.416120e-01 2.288000e-03 3.561000e-01
350 6.412640e-01 2.228000e-03 3.565080e-01
351 6.409240e-01 2.184000e-03 3.568920e-01
352 6.406760e-01 1.980000e-03 3.573440e-01
353 6.404120e-01 1.956000e-03 3.576320e-01
354 6.401800e-01 1.836000e-03 3.579840e-01
355 6.398560e-01 1.836000e-03 3.583080e-01
356 6.395120e-01 1.880000e-03 3.586080e-01
357 6.391520e-01 1.916000e-03 3.589320e-01
358 6.388280e-01 1.908000e-03 3.592640e-01
359 6.384680e-01 1.916000e-03 3.596160e-01
360 6.381360e-01 1.928000e-03 3.599360e-01
361 6.377440e-01 1.988000e-03 3.602680e-01
362 6.373640e-01 2.016000e-03 3.606200e-01
363 6.370480e-01 1.996000e-03 3.609560e-01
364 6.367120e-01 2.052000e-03 3.612360e-01
365 6.363560e-01 2.136000e-03 3.615080e-01
366 6.359720e-01 2.120000e-03 3.619080e-01
367 6.355800e-01 2.176000e-03 3.622440e-01
368 6.351760e-01 2.180000e-03 3.626440e-01
369 6.348840e-01 2.076000e-03 3.630400e-01
370 6.345880e-01 2.060000e-03 3.633520e-01
371 6.342080e-01 2.136000e-03 3.636560e-01
372 6.338560e-01 2.120000e-03 3.640240e-01
373 6.335160e-01 2.164000e-03 3.643200e-01
374 6.332280e-01 2.052000e-03 3.647200e-01
375 6.329080e-01 2.056000e-03 3.650360e-01
376 6.326280e-01 2.000000e-03 3.653720e-01
377 6.323440e-01 1.940000e-03 3.657160e-01
378 6.320480e-01 1.860000e-03 3.660920e-01
379 6.318040e-01 1.812000e-03 3.663840e-01
380 6.315120e-01 1.724000e-03 3.667640e-01
381 6.312560e-01 1.704000e-03 3.670400e-01
382 6.309080e-01 1.748000e-03 3.673440e-01
383 6.305960e-01 1.764000e-03 3.676400e-01
384 6.303200e-01 1.640000e-03 3.680400e-01
385 6.300400e-01 1.636000e-03 3.683240e-01
386 6.297400e-01 1.696000e-03 3.685640e-01
387 6.294680e-01 1.684000e-03 3.688480e-01
388 6.291240e-01 1.776000e-03 3.691000e-01
389 6.287360e-01 1.852000e-03 3.694120e-01
390 6.283840e-01 1.904000e-03 3.697120e-01
391 6.280840e-01 1.880000e-03 3.700360e-01
392 6.277640e-01 1.884000e-03 3.703520e-01
393 6.274000e-01 1.896000e-03 3.707040e-01
394 6.269880e-01 1.980000e-03 3.710320e-01
395 6.265560e-01 2.016000e-03 3.714280e-01
396 6.261360e-01 2.048000e-03 3.718160e-01
397 6.256920e-01 2.168000e-03 3.721400e-01
398 6.253280e-01 2.124000e-03 3.725480e-01
399 6.249920e-01 2.040000e-03 3.729680e-01
400 6.246160e-01 2.080000e-03 3.733040e-01
401 6.242840e-01 2.012000e-03 3.737040e-01
402 6.239720e-01 1.924000e-03 3.741040e-01
403 6.235440e-01 2.016000e-03 3.744400e-01
404 6.231640e-01 2.044000e-03 3.747920e-01
405 6.228320e-01 2.020000e-03 3.751480e-01
406 6.225000e-01 1.988000e-03 3.755120e-01
407 6.221440e-01 1.976000e-03 3.758800e-01
408 6.218080e-01 1.956000e-03 3.762360e-01
409 6.214640e-01 1.956000e-03 3.765800e-01
410 6.211360e-01 1.880000e-03 3.769840e-01
411 6.208560e-01 1.800000e-03 3.773440e-01
412 6.205520e-01 1.792000e-03 3.776560e-01
413 6.202760e-01 1.820000e-03 3.779040e-01
414 6.199280e-01 1.788000e-03 3.782840e-01
415 6.196000e-01 1.788000e-03 3.786120e-01
416 6.192560e-01 1.784000e-03 3.789600e-01
417 6.189680e-01 1.748000e-03 3.792840e-01
418 6.186800e-01 1.760000e-03 3.795600e-01
419 6.184200e-01 1.704000e-03 3.798760e-01
420 6.181760e-01 1.656000e-03 3.801680e-01
421 6.179160e-01 1.660000e-03 3.804240e-01
422 6.176920e-01 1.624000e-03 3.806840e-01
423 6.174360e-01 1.604000e-03 3.809600e-01
424 6.171640e-01 1.608000e-03 3.812280e-01
425 6.169200e-01 1.572000e-03 3.815080e-01
426 6.166840e-01 1.588000e-03 3.817280e-01
427 6.164360e-01 1.524000e-03 3.820400e-01
428 6.161600e-01 1.540000e-03 3.823000e-01
429 6.158560e-01 1.608000e-03 3.825360e-01
430 6.155920e-01 1.556000e-03 3.828520e-01
431 6.153320e-01 1.584000e-03 3.830840e-01
432 6.151240e-01 1.496000e-03 3.833800e-01
433 6.148560e-01 1.476000e-03 3.836680e-01
434 6.145880e-01 1.512000e-03 3.839000e-01
435 6.143440e-01 1.448000e-03 3.842080e-01
436 6.141520e-01 1.372000e-03 3.844760e-01
437 6.139400e-01 1.404000e-03 3.846560e-01
438 6.137360e-01 1.372000e-03 3.848920e-01
439 6.134960e-01 1.380000e-03 3.851240e-01
440 6.132680e-01 1.356000e-03 3.853760e-01
441 6.129360e-01 1.484000e-03 3.855800e-01
442 6.126160e-01 1.500000e-03 3.858840e-01
443 6.122240e-01 1.652000e-03 3.861240e-01
444 6.118920e-01 1.656000e-03 3.864520e-01
445 6.116080e-01 1.640000e-03 3.867520e-01
446 6.113120e-01 1.624000e-03 3.870640e-01
447 6.110280e-01 1.628000e-03 3.873440e-01
448 6.107880e-01 1.560000e-03 3.876520e-01
449 6.105520e-01 1.536000e-03 3.879120e-01
450 6.103000e-01 1.524000e-03 3.881760e-01
451 6.100760e-01 1.460000e-03 3.884640e-01
452 6.098360e-01 1.488000e-03 3.886760e-01
453 6.095760e-01 1.448000e-03 3.889760e-01
454 6.093920e-01 1.416000e-03 3.891920e-01
455 6.091320e-01 1.392000e-03 3.894760e-01
456 6.089120e-01 1.364000e-03 3.897240e-01
457 6.086320e-01 1.348000e-03 3.900200e-01
458 6.084160e-01 1.344000e-03 3.902400e-01
459 6.081480e-01 1.344000e-03 3.905080e-01
460 6.079680e-01 1.252000e-03 3.907800e-01
461 6.077280e-01 1.296000e-03 3.909760e-01
462 6.075000e-01 1.308000e-03 3.911920e-01
463 6.072040e-01 1.408000e-03 3.913880e-01
464 6.069280e-01 1.424000e-03 3.916480e-01
465 6.066280e-01 1.440000e-03 3.919320e-01
466 6.063720e-01 1.428000e-03 3.922000e-01
467 6.061760e-01 1.348000e-03 3.924760e-01
468 6.059120e-01 1.344000e-03 3.927440e-01
469 6.057000e-01 1.276000e-03 3.930240e-01
470 6.054720e-01 1.276000e-03 3.932520e-01
471 6.052720e-01 1.268000e-03 3.934600e-01
472 6.050120e-01 1.304000e-03 3.936840e-01
473 6.048360e-01 1.320000e-03 3.938440e-01
474 6.046320e-01 1.328000e-03 3.940400e-01
475 6.044120e-01 1.328000e-03 3.942600e-01
476 6.041720e-01 1.348000e-03 3.944800e-01
477 6.039440e-01 1.364000e-03 3.946920e-01
478 6.037560e-01 1.324000e-03 3.949200e-01
479 6.035160e-01 1.336000e-03 3.951480e-01
480 6.033120e-01 1.336000e-03 3.953520e-01
481 6.030840e-01 1.332000e-03 3.955840e-01
482 6.028920e-01 1.268000e-03 3.958400e-01
483 6.026920e-01 1.260000e-03 3.960480e-01
484 6.024480e-01 1.284000e-03 3.962680e-01
485 6.021760e-01 1.300000e-03 3.965240e-01
486 6.019320e-01 1.308000e-03 3.967600e-01
487 6.017440e-01 1.252000e-03 3.970040e-01
488 6.015720e-01 1.208000e-03 3.972200e-01
489 6.013680e-01 1.120000e-03 3.975120e-01
490 6.011480e-01 1.132000e-03 3.977200e-01
491 6.009520e-01 1.132000e-03 3.979160e-01
492 6.008240e-01 1.068000e-03 3.981080e-01
493 6.006640e-01 1.024000e-03 3.983120e-01
494 6.004760e-01 1.020000e-03 3.985040e-01
495 6.003040e-01 1.048000e-03 3.986480e-01
496 6.000880e-01 1.064000e-03 3.988480e-01
497 5.999040e-01 1.096000e-03 3.990000e-01
498 5.997400e-01 1.088000e-03 3.991720e-01
499 5.995040e-01 1.124000e-03 3.993720e-01
500 5.992040e-01 1.284000e-03 3.995120e-01
