1 9.991280e-01 7.800000e-04 9.200000e-05
2 9.986400e-01 1.096000e-03 2.640000e-04
3 9.980200e-01 1.512000e-03 4.680000e-04
4 9.971720e-01 2.008000e-03 8.200000e-04
5 9.964240e-01 2.348000e-03 1.228000e-03
6 9.957000e-01 2.644000e-03 1.656000e-03
7 9.948480e-01 2.952000e-03 2.200000e-03
8 9.938960e-01 3.296000e-03 2.808000e-03
9 9.928920e-01 3.688000e-03 3.420000e-03
10 9.918560e-01 4.008000e-03 4.136000e-03
11 9.907840e-01 4.344000e-03 4.872000e-03
12 9.897040e-01 4.572000e-03 5.724000e-03
13 9.886080e-01 4.788000e-03 6.604000e-03
14 9.873880e-01 5.156000e-03 7.456000e-03
15 9.861360e-01 5.564000e-03 8.300000e-03
16 9.848760e-01 5.772000e-03 9.352000e-03
17 9.835480e-01 6.020000e-03 1.043200e-02
18 9.822400e-01 6.256000e-03 1.150400e-02
19 9.810120e-01 6.372000e-03 1.261600e-02
20 9.794200e-01 6.852000e-03 1.372800e-02
21 9.780800e-01 6.956000e-03 1.496400e-02
22 9.766480e-01 7.068000e-03 1.628400e-02
23 9.753200e-01 7.096000e-03 1.758400e-02
24 9.737840e-01 7.392000e-03 1.882400e-02
25 9.723480e-01 7.444000e-03 2.020800e-02
26 9.710840e-01 7.364000e-03 2.155200e-02
27 9.697360e-01 7.440000e-03 2.282400e-02
28 9.684160e-01 7.320000e-03 2.426400e-02
29 9.669160e-01 7.508000e-03 2.557600e-02
30 9.653720e-01 7.632000e-03 2.699600e-02
31 9.639800e-01 7.700000e-03 2.832000e-02
32 9.625640e-01 7.880000e-03 2.955600e-02
33 9.611920e-01 7.852000e-03 3.095600e-02
34 9.596680e-01 7.908000e-03 3.242400e-02
35 9.579840e-01 8.292000e-03 3.372400e-02
36 9.565160e-01 8.324000e-03 3.516000e-02
37 9.549320e-01 8.584000e-03 3.648400e-02
38 9.532560e-01 8.728000e-03 3.801600e-02
39 9.517240e-01 8.768000e-03 3.950800e-02
40 9.501480e-01 8.876000e-03 4.097600e-02
41 9.487640e-01 8.784000e-03 4.245200e-02
42 9.473440e-01 8.732000e-03 4.392400e-02
43 9.456400e-01 8.920000e-03 4.544000e-02
44 9.441120e-01 8.836000e-03 4.705200e-02
45 9.423840e-01 9.104000e-03 4.851200e-02
46 9.407640e-01 9.068000e-03 5.016800e-02
47 9.393400e-01 8.748000e-03 5.191200e-02
48 9.376320e-01 8.916000e-03 5.345200e-02
49 9.359960e-01 8.992000e-03 5.501200e-02
50 9.343040e-01 9.100000e-03 5.659600e-02
51 9.326600e-01 9.148000e-03 5.819200e-02
52 9.308920e-01 9.244000e-03 5.986400e-02
53 9.292840e-01 9.156000e-03 6.156000e-02
54 9.276560e-01 9.296000e-03 6.304800e-02
55 9.260480e-01 9.236000e-03 6.471600e-02
56 9.245240e-01 9.132000e-03 6.634400e-02
57 9.230160e-01 9.088000e-03 6.789600e-02
58 9.216520e-01 8.936000e-03 6.941200e-02
59 9.201040e-01 8.936000e-03 7.096000e-02
60 9.186640e-01 8.856000e-03 7.248000e-02
61 9.172800e-01 8.680000e-03 7.404000e-02
62 9.157840e-01 8.572000e-03 7.564400e-02
63 9.143760e-01 8.492000e-03 7.713200e-02
64 9.130280e-01 8.468000e-03 7.850400e-02
65 9.115520e-01 8.444000e-03 8.000400e-02
66 9.102480e-01 8.232000e-03 8.152000e-02
67 9.087440e-01 8.272000e-03 8.298400e-02
68 9.073280e-01 8.272000e-03 8.440000e-02
69 9.057360e-01 8.444000e-03 8.582000e-02
70 9.041480e-01 8.556000e-03 8.729600e-02
71 9.026280e-01 8.492000e-03 8.888000e-02
72 9.012080e-01 8.344000e-03 9.044800e-02
73 8.998920e-01 8.180000e-03 9.192800e-02
74 8.984520e-01 8.316000e-03 9.323200e-02
75 8.970560e-01 8.276000e-03 9.466800e-02
76 8.955160e-01 8.356000e-03 9.612800e-02
77 8.941160e-01 8.196000e-03 9.768800e-02
78 8.925920e-01 8.316000e-03 9.909200e-02
79 8.910320e-01 8.416000e-03 1.005520e-01
80 8.894480e-01 8.484000e-03 1.020680e-01
81 8.880320e-01 8.424000e-03 1.035440e-01
82 8.863720e-01 8.568000e-03 1.050600e-01
83 8.850040e-01 8.556000e-03 1.064400e-01
84 8.834480e-01 8.684000e-03 1.078680e-01
85 8.818160e-01 8.836000e-03 1.093480e-01
86 8.802840e-01 8.784000e-03 1.109320e-01
87 8.788960e-01 8.708000e-03 1.123960e-01
88 8.774080e-01 8.608000e-03 1.139840e-01
89 8.760880e-01 8.428000e-03 1.154840e-01
90 8.745000e-01 8.564000e-03 1.169360e-01
91 8.729720e-01 8.592000e-03 1.184360e-01
92 8.713840e-01 8.696000e-03 1.199200e-01
93 8.698560e-01 8.732000e-03 1.214120e-01
94 8.683120e-01 8.880000e-03 1.228080e-01
95 8.669840e-01 8.672000e-03 1.243440e-01
96 8.654080e-01 8.728000e-03 1.258640e-01
97 8.638040e-01 8.868000e-03 1.273280e-01
98 8.622840e-01 8.836000e-03 1.288800e-01
99 8.606560e-01 8.960000e-03 1.303840e-01
100 8.591480e-01 8.724000e-03 1.321280e-01
101 8.576000e-01 8.664000e-03 1.337360e-01
102 8.560360e-01 8.700000e-03 1.352640e-01
103 8.544200e-01 8.864000e-03 1.367160e-01
104 8.529640e-01 8.708000e-03 1.383280e-01
105 8.514240e-01 8.604000e-03 1.399720e-01
106 8.498800e-01 8.672000e-03 1.414480e-01
107 8.482640e-01 8.712000e-03 1.430240e-01
108 8.466280e-01 8.808000e-03 1.445640e-01
109 8.449760e-01 8.908000e-03 1.461160e-01
110 8.431880e-01 9.072000e-03 1.477400e-01
111 8.416440e-01 8.964000e-03 1.493920e-01
112 8.400560e-01 9.072000e-03 1.508720e-01
113 8.383880e-01 9.136000e-03 1.524760e-01
114 8.369560e-01 8.980000e-03 1.540640e-01
115 8.355720e-01 8.732000e-03 1.556960e-01
116 8.343840e-01 8.356000e-03 1.572600e-01
117 8.330240e-01 8.244000e-03 1.587320e-01
118 8.316600e-01 8.228000e-03 1.601120e-01
119 8.301800e-01 8.328000e-03 1.614920e-01
120 8.288440e-01 8.172000e-03 1.629840e-01
121 8.273520e-01 8.356000e-03 1.642920e-01
122 8.260320e-01 8.132000e-03 1.658360e-01
123 8.245200e-01 8.136000e-03 1.673440e-01
124 8.231040e-01 8.256000e-03 1.686400e-01
125 8.218160e-01 7.992000e-03 1.701920e-01
126 8.205800e-01 7.752000e-03 1.716680e-01
127 8.193480e-01 7.564000e-03 1.730880e-01
128 8.181920e-01 7.352000e-03 1.744560e-01
129 8.169320e-01 7.312000e-03 1.757560e-01
130 8.158200e-01 7.116000e-03 1.770640e-01
131 8.147560e-01 6.992000e-03 1.782520e-01
132 8.136040e-01 6.956000e-03 1.794400e-01
133 8.124080e-01 6.932000e-03 1.806600e-01
134 8.111720e-01 6.988000e-03 1.818400e-01
135 8.100600e-01 6.916000e-03 1.830240e-01
136 8.089400e-01 6.872000e-03 1.841880e-01
137 8.076920e-01 6.904000e-03 1.854040e-01
138 8.064920e-01 6.960000e-03 1.865480e-01
139 8.052920e-01 6.996000e-03 1.877120e-01
140 8.041360e-01 6.876000e-03 1.889880e-01
141 8.029440e-01 6.844000e-03 1.902120e-01
142 8.018040e-01 6.740000e-03 1.914560e-01
143 8.006920e-01 6.620000e-03 1.926880e-01
144 7.996200e-01 6.564000e-03 1.938160e-01
145 7.984520e-01 6.560000e-03 1.949880e-01
146 7.973720e-01 6.540000e-03 1.960880e-01
147 7.962640e-01 6.424000e-03 1.973120e-01
148 7.952040e-01 6.384000e-03 1.984120e-01
149 7.939560e-01 6.600000e-03 1.994440e-01
150 7.928000e-01 6.544000e-03 2.006560e-01
151 7.916240e-01 6.612000e-03 2.017640e-01
152 7.904400e-01 6.572000e-03 2.029880e-01
153 7.891920e-01 6.648000e-03 2.041600e-01
154 7.881440e-01 6.580000e-03 2.052760e-01
155 7.872200e-01 6.444000e-03 2.063360e-01
156 7.862120e-01 6.404000e-03 2.073840e-01
157 7.852800e-01 6.092000e-03 2.086280e-01
158 7.842960e-01 6.020000e-03 2.096840e-01
159 7.833000e-01 5.840000e-03 2.108600e-01
160 7.823880e-01 5.700000e-03 2.119120e-01
161 7.814360e-01 5.732000e-03 2.128320e-01
162 7.805400e-01 5.680000e-03 2.137800e-01
163 7.796440e-01 5.520000e-03 2.148360e-01
164 7.787960e-01 5.360000e-03 2.158440e-01
165 7.778520e-01 5.372000e-03 2.167760e-01
166 7.769720e-01 5.344000e-03 2.176840e-01
167 7.759560e-01 5.408000e-03 2.186360e-01
168 7.750040e-01 5.372000e-03 2.196240e-01
169 7.740440e-01 5.444000e-03 2.205120e-01
170 7.730240e-01 5.488000e-03 2.214880e-01
171 7.720760e-01 5.436000e-03 2.224880e-01
172 7.711200e-01 5.504000e-03 2.233760e-01
173 7.700560e-01 5.584000e-03 2.243600e-01
174 7.689400e-01 5.676000e-03 2.253840e-01
175 7.679480e-01 5.656000e-03 2.263960e-01
176 7.670320e-01 5.612000e-03 2.273560e-01
177 7.660720e-01 5.640000e-03 2.282880e-01
178 7.650400e-01 5.608000e-03 2.293520e-01
179 7.641480e-01 5.552000e-03 2.303000e-01
180 7.631640e-01 5.664000e-03 2.311720e-01
181 7.620400e-01 5.756000e-03 2.322040e-01
182 7.611480e-01 5.600000e-03 2.332520e-01
183 7.603160e-01 5.368000e-03 2.343160e-01
184 7.595240e-01 5.236000e-03 2.352400e-01
185 7.586240e-01 5.240000e-03 2.361360e-01
186 7.578440e-01 5.092000e-03 2.370640e-01
187 7.569040e-01 5.100000e-03 2.379960e-01
188 7.561600e-01 4.868000e-03 2.389720e-01
189 7.553120e-01 4.912000e-03 2.397760e-01
190 7.545080e-01 4.772000e-03 2.407200e-01
191 7.536880e-01 4.792000e-03 2.415200e-01
192 7.529760e-01 4.696000e-03 2.423280e-01
193 7.522360e-01 4.564000e-03 2.432000e-01
194 7.514800e-01 4.440000e-03 2.440800e-01
195 7.507800e-01 4.336000e-03 2.448840e-01
196 7.500560e-01 4.276000e-03 2.456680e-01
197 7.494160e-01 4.196000e-03 2.463880e-01
198 7.487560e-01 4.132000e-03 2.471120e-01
199 7.480560e-01 4.116000e-03 2.478280e-01
200 7.474240e-01 4.144000e-03 2.484320e-01
201 7.467320e-01 4.180000e-03 2.490880e-01
202 7.460480e-01 4.088000e-03 2.498640e-01
203 7.453760e-01 4.024000e-03 2.506000e-01
204 7.447720e-01 3.860000e-03 2.513680e-01
205 7.441600e-01 3.900000e-03 2.519400e-01
206 7.434080e-01 3.908000e-03 2.526840e-01
207 7.427680e-01 3.836000e-03 2.533960e-01
208 7.420600e-01 3.888000e-03 2.540520e-01
209 7.413560e-01 3.844000e-03 2.548000e-01
210 7.407040e-01 3.892000e-03 2.554040e-01
211 7.400720e-01 3.912000e-03 2.560160e-01
212 7.393360e-01 3.916000e-03 2.567480e-01
213 7.387320e-01 3.732000e-03 2.575360e-01
214 7.379960e-01 3.824000e-03 2.581800e-01
215 7.373920e-01 3.788000e-03 2.588200e-01
216 7.367120e-01 3.840000e-03 2.594480e-01
217 7.359520e-01 3.992000e-03 2.600560e-01
218 7.351800e-01 4.076000e-03 2.607440e-01
219 7.344400e-01 4.092000e-03 2.614680e-01
220 7.336840e-01 4.128000e-03 2.621880e-01
221 7.329920e-01 4.124000e-03 2.628840e-01
222 7.322600e-01 4.180000e-03 2.635600e-01
223 7.316160e-01 4.084000e-03 2.643000e-01
224 7.309560e-01 4.024000e-03 2.650200e-01
225 7.303520e-01 3.916000e-03 2.657320e-01
226 7.297360e-01 3.932000e-03 2.663320e-01
227 7.290320e-01 3.916000e-03 2.670520e-01
228 7.283800e-01 3.960000e-03 2.676600e-01
229 7.277720e-01 3.852000e-03 2.683760e-01
230 7.271240e-01 3.872000e-03 2.690040e-01
231 7.264440e-01 3.912000e-03 2.696440e-01
232 7.256960e-01 4.068000e-03 2.702360e-01
233 7.250000e-01 4.100000e-03 2.709000e-01
234 7.243080e-01 4.012000e-03 2.716800e-01
235 7.235800e-01 4.044000e-03 2.723760e-01
236 7.228640e-01 3.952000e-03 2.731840e-01
237 7.222120e-01 3.812000e-03 2.739760e-01
238 7.215120e-01 3.804000e-03 2.746840e-01
239 7.209200e-01 3.740000e-03 2.753400e-01
240 7.202560e-01 3.688000e-03 2.760560e-01
241 7.197160e-01 3.616000e-03 2.766680e-01
242 7.191560e-01 3.556000e-03 2.772880e-01
243 7.186880e-01 3.416000e-03 2.778960e-01
244 7.181720e-01 3.320000e-03 2.785080e-01
245 7.177040e-01 3.160000e-03 2.791360e-01
246 7.171560e-01 3.220000e-03 2.796240e-01
247 7.166520e-01 3.152000e-03 2.801960e-01
248 7.160840e-01 3.140000e-03 2.807760e-01
249 7.154160e-01 3.288000e-03 2.812960e-01
250 7.149800e-01 3.268000e-03 2.817520e-01
251 7.144800e-01 3.240000e-03 2.822800e-01
252 7.139520e-01 3.172000e-03 2.828760e-01
253 7.134640e-01 3.120000e-03 2.834160e-01
254 7.130040e-01 3.052000e-03 2.839440e-01
255 7.124520e-01 3.096000e-03 2.844520e-01
256 7.119840e-01 3.000000e-03 2.850160e-01
257 7.115680e-01 2.952000e-03 2.854800e-01
258 7.110640e-01 2.932000e-03 2.860040e-01
259 7.104840e-01 2.896000e-03 2.866200e-01
260 7.099800e-01 2.868000e-03 2.871520e-01
261 7.094520e-01 2.928000e-03 2.876200e-01
262 7.089200e-01 2.940000e-03 2.881400e-01
263 7.083720e-01 2.976000e-03 2.886520e-01
264 7.078680e-01 2.908000e-03 2.892240e-01
265 7.074200e-01 2.828000e-03 2.897520e-01
266 7.069400e-01 2.808000e-03 2.902520e-01
267 7.064480e-01 2.884000e-03 2.906680e-01
268 7.059680e-01 2.916000e-03 2.911160e-01
269 7.054000e-01 2.996000e-03 2.916040e-01
270 7.048760e-01 3.044000e-03 2.920800e-01
271 7.043240e-01 3.068000e-03 2.926080e-01
272 7.037680e-01 3.112000e-03 2.931200e-01
273 7.032080e-01 3.140000e-03 2.936520e-01
274 7.025400e-01 3.276000e-03 2.941840e-01
275 7.019400e-01 3.272000e-03 2.947880e-01
276 7.013200e-01 3.304000e-03 2.953760e-01
277 7.007400e-01 3.220000e-03 2.960400e-01
278 7.001360e-01 3.288000e-03 2.965760e-01
279 6.996240e-01 3.236000e-03 2.971400e-01
280 6.991120e-01 3.196000e-03 2.976920e-01
281 6.986120e-01 3.172000e-03 2.982160e-01
282 6.980640e-01 3.196000e-03 2.987400e-01
283 6.974880e-01 3.176000e-03 2.993360e-01
284 6.968880e-01 3.232000e-03 2.998800e-01
285 6.962480e-01 3.404000e-03 3.003480e-01
286 6.956560e-01 3.408000e-03 3.009360e-01
287 6.950960e-01 3.348000e-03 3.015560e-01
288 6.944280e-01 3.408000e-03 3.021640e-01
289 6.938080e-01 3.376000e-03 3.028160e-01
290 6.930440e-01 3.596000e-03 3.033600e-01
291 6.924120e-01 3.560000e-03 3.040280e-01
292 6.918280e-01 3.456000e-03 3.047160e-01
293 6.911920e-01 3.452000e-03 3.053560e-01
294 6.906480e-01 3.440000e-03 3.059120e-01
295 6.901280e-01 3.336000e-03 3.065360e-01
296 6.896240e-01 3.224000e-03 3.071520e-01
297 6.890160e-01 3.196000e-03 3.077880e-01
298 6.884880e-01 3.144000e-03 3.083680e-01
299 6.880200e-01 3.068000e-03 3.089120e-01
300 6.874880e-01 3.028000e-03 3.094840e-01
301 6.869640e-01 3.064000e-03 3.099720e-01
302 6.864440e-01 3.060000e-03 3.104960e-01
303 6.859920e-01 2.908000e-03 3.111000e-01
304 6.856080e-01 2.788000e-03 3.116040e-01
305 6.852280e-01 2.680000e-03 3.120920e-01
306 6.848720e-01 2.516000e-03 3.126120e-01
307 6.845000e-01 2.520000e-03 3.129800e-01
308 6.841200e-01 2.512000e-03 3.133680e-01
309 6.836640e-01 2.504000e-03 3.138320e-01
310 6.832440e-01 2.444000e-03 3.143120e-01
311 6.827960e-01 2.444000e-03 3.147600e-01
312 6.823080e-01 2.456000e-03 3.152360e-01
313 6.819600e-01 2.288000e-03 3.157520e-01
314 6.814800e-01 2.336000e-03 3.161840e-01
315 6.810240e-01 2.424000e-03 3.165520e-01
316 6.805160e-01 2.492000e-03 3.169920e-01
317 6.800400e-01 2.492000e-03 3.174680e-01
318 6.796040e-01 2.508000e-03 3.178880e-01
319 6.791320e-01 2.504000e-03 3.183640e-01
320 6.787240e-01 2.532000e-03 3.187440e-01
321 6.782200e-01 2.552000e-03 3.192280e-01
322 6.777400e-01 2.572000e-03 3.196880e-01
323 6.773040e-01 2.572000e-03 3.201240e-01
324 6.768040e-01 2.608000e-03 3.205880e-01
325 6.762840e-01 2.692000e-03 3.210240e-01
326 6.757640e-01 2.712000e-03 3.215240e-01
327 6.753000e-01 2.648000e-03 3.220520e-01
328 6.748720e-01 2.640000e-03 3.224880e-01
329 6.743560e-01 2.688000e-03 3.229560e-01
330 6.739440e-01 2.684000e-03 3.233720e-01
331 6.735000e-01 2.628000e-03 3.238720e-01
332 6.730360e-01 2.608000e-03 3.243560e-01
333 6.726160e-01 2.544000e-03 3.248400e-01
334 6.721120e-01 2.580000e-03 3.253080e-01
335 6.715720e-01 2.684000e-03 3.257440e-01
336 6.710720e-01 2.732000e-03 3.261960e-01
337 6.707120e-01 2.588000e-03 3.267000e-01
338 6.702680e-01 2.552000e-03 3.271800e-01
339 6.698080e-01 2.596000e-03 3.275960e-01
340 6.693720e-01 2.584000e-03 3.280440e-01
341 6.690400e-01 2.556000e-03 3.284040e-01
342 6.686080e-01 2.544000e-03 3.288480e-01
343 6.682160e-01 2.544000e-03 3.292400e-01
344 6.678560e-01 2.476000e-03 3.296680e-01
345 6.674320e-01 2.456000e-03 3.301120e-01
346 6.670160e-01 2.428000e-03 3.305560e-01
347 6.666080e-01 2.452000e-03 3.309400e-01
348 6.661600e-01 2.544000e-03 3.312960e-01
349 6.657440e-01 2.560000e-03 3.316960e-01
350 6.653240e-01 2.516000e-03 3.321600e-01
351 6.648960e-01 2.480000e-03 3.326240e-01
352 6.644120e-01 2.532000e-03 3.330560e-01
353 6.639960e-01 2.496000e-03 3.335080e-01
354 6.636320e-01 2.448000e-03 3.339200e-01
355 6.632760e-01 2.372000e-03 3.343520e-01
356 6.628360e-01 2.424000e-03 3.347400e-01
357 6.623880e-01 2.396000e-03 3.352160e-01
358 6.619040e-01 2.504000e-03 3.355920e-01
359 6.614520e-01 2.516000e-03 3.360320e-01
360 6.610160e-01 2.572000e-03 3.364120e-01
361 6.605480e-01 2.612000e-03 3.368400e-01
362 6.600480e-01 2.648000e-03 3.373040e-01
363 6.595920e-01 2.632000e-03 3.377760e-01
364 6.592200e-01 2.556000e-03 3.382240e-01
365 6.588240e-01 2.548000e-03 3.386280e-01
366 6.583320e-01 2.608000e-03 3.390600e-01
367 6.578880e-01 2.584000e-03 3.395280e-01
368 6.573720e-01 2.712000e-03 3.399160e-01
369 6.568000e-01 2.784000e-03 3.404160e-01
370 6.563680e-01 2.844000e-03 3.407880e-01
371 6.559280e-01 2.804000e-03 3.412680e-01
372 6.554840e-01 2.756000e-03 3.417600e-01
373 6.550520e-01 2.708000e-03 3.422400e-01
374 6.545360e-01 2.796000e-03 3.426680e-01
375 6.541080e-01 2.716000e-03 3.431760e-01
376 6.536560e-01 2.680000e-03 3.436640e-01
377 6.532360e-01 2.648000e-03 3.441160e-01
378 6.528080e-01 2.620000e-03 3.445720e-01
379 6.524360e-01 2.528000e-03 3.450360e-01
380 6.520000e-01 2.484000e-03 3.455160e-01
381 6.515640e-01 2.460000e-03 3.459760e-01
382 6.510920e-01 2.488000e-03 3.464200e-01
383 6.506800e-01 2.408000e-03 3.469120e-01
384 6.502880e-01 2.400000e-03 3.473120e-01
385 6.498560e-01 2.440000e-03 3.477040e-01
386 6.494520e-01 2.388000e-03 3.481600e-01
387 6.491440e-01 2.240000e-03 3.486160e-01
388 6.487840e-01 2.208000e-03 3.490080e-01
389 6.484000e-01 2.232000e-03 3.493680e-01
390 6.480240e-01 2.240000e-03 3.497360e-01
391 6.477160e-01 2.108000e-03 3.501760e-01
392 6.474600e-01 1.988000e-03 3.505520e-01
393 6.471600e-01 1.948000e-03 3.508920e-01
394 6.468800e-01 1.900000e-03 3.512200e-01
395 6.466280e-01 1.796000e-03 3.515760e-01
396 6.462760e-01 1.868000e-03 3.518560e-01
397 6.458960e-01 1.988000e-03 3.521160e-01
398 6.455800e-01 1.936000e-03 3.524840e-01
399 6.452160e-01 1.980000e-03 3.528040e-01
400 6.449120e-01 1.892000e-03 3.531960e-01
401 6.445760e-01 1.860000e-03 3.535640e-01
402 6.442120e-01 1.900000e-03 3.538880e-01
403 6.438800e-01 1.920000e-03 3.542000e-01
404 6.435880e-01 1.852000e-03 3.545600e-01
405 6.433000e-01 1.808000e-03 3.548920e-01
406 6.429840e-01 1.796000e-03 3.552200e-01
407 6.427080e-01 1.764000e-03 3.555280e-01
408 6.424160e-01 1.720000e-03 3.558640e-01
409 6.421280e-01 1.724000e-03 3.561480e-01
410 6.418960e-01 1.576000e-03 3.565280e-01
411 6.416240e-01 1.580000e-03 3.567960e-01
412 6.413760e-01 1.560000e-03 3.570640e-01
413 6.410600e-01 1.612000e-03 3.573280e-01
414 6.407320e-01 1.660000e-03 3.576080e-01
415 6.404400e-01 1.680000e-03 3.578800e-01
416 6.401520e-01 1.616000e-03 3.582320e-01
417 6.398760e-01 1.564000e-03 3.585600e-01
418 6.395680e-01 1.600000e-03 3.588320e-01
419 6.392880e-01 1.584000e-03 3.591280e-01
420 6.390560e-01 1.528000e-03 3.594160e-01
421 6.388480e-01 1.480000e-03 3.596720e-01
422 6.385920e-01 1.496000e-03 3.599120e-01
423 6.382800e-01 1.532000e-03 3.601880e-01
424 6.380520e-01 1.484000e-03 3.604640e-01
425 6.377800e-01 1.464000e-03 3.607560e-01
426 6.374960e-01 1.516000e-03 3.609880e-01
427 6.372960e-01 1.448000e-03 3.612560e-01
428 6.370040e-01 1.400000e-03 3.615960e-01
429 6.367760e-01 1.328000e-03 3.618960e-01
430 6.365320e-01 1.348000e-03 3.621200e-01
431 6.363320e-01 1.272000e-03 3.623960e-01
432 6.360720e-01 1.348000e-03 3.625800e-01
433 6.358880e-01 1.292000e-03 3.628200e-01
434 6.356720e-01 1.300000e-03 3.630280e-01
435 6.354440e-01 1.308000e-03 3.632480e-01
436 6.352280e-01 1.292000e-03 3.634800e-01
437 6.350400e-01 1.276000e-03 3.636840e-01
438 6.348200e-01 1.288000e-03 3.638920e-01
439 6.345720e-01 1.316000e-03 3.641120e-01
440 6.343440e-01 1.340000e-03 3.643160e-01
441 6.341680e-01 1.292000e-03 3.645400e-01
442 6.340120e-01 1.212000e-03 3.647760e-01
443 6.338800e-01 1.176000e-03 3.649440e-01
444 6.336600e-01 1.196000e-03 3.651440e-01
445 6.334720e-01 1.192000e-03 3.653360e-01
446 6.332480e-01 1.172000e-03 3.655800e-01
447 6.330640e-01 1.224000e-03 3.657120e-01
448 6.329120e-01 1.164000e-03 3.659240e-01
449 6.327040e-01 1.176000e-03 3.661200e-01
450 6.325160e-01 1.196000e-03 3.662880e-01
451 6.322480e-01 1.304000e-03 3.664480e-01
452 6.319840e-01 1.352000e-03 3.666640e-01
453 6.317320e-01 1.304000e-03 3.669640e-01
454 6.314360e-01 1.400000e-03 3.671640e-01
455 6.311920e-01 1.384000e-03 3.674240e-01
456 6.309600e-01 1.368000e-03 3.676720e-01
457 6.307320e-01 1.320000e-03 3.679480e-01
458 6.305360e-01 1.288000e-03 3.681760e-01
459 6.303320e-01 1.312000e-03 3.683560e-01
460 6.301240e-01 1.276000e-03 3.686000e-01
461 6.299200e-01 1.304000e-03 3.687760e-01
462 6.297080e-01 1.260000e-03 3.690320e-01
463 6.295280e-01 1.232000e-03 3.692400e-01
464 6.293080e-01 1.232000e-03 3.694600e-01
465 6.291960e-01 1.104000e-03 3.697000e-01
466 6.289760e-01 1.104000e-03 3.699200e-01
467 6.287560e-01 1.104000e-03 3.701400e-01
468 6.285680e-01 1.024000e-03 3.704080e-01
469 6.284120e-01 1.008000e-03 3.705800e-01
470 6.282600e-01 1.016000e-03 3.707240e-01
471 6.280400e-01 1.080000e-03 3.708800e-01
472 6.279000e-01 1.044000e-03 3.710560e-01
473 6.276720e-01 1.124000e-03 3.712040e-01
474 6.273840e-01 1.236000e-03 3.713800e-01
475 6.271800e-01 1.228000e-03 3.715920e-01
476 6.269760e-01 1.236000e-03 3.717880e-01
477 6.268160e-01 1.188000e-03 3.719960e-01
478 6.266600e-01 1.180000e-03 3.721600e-01
479 6.264720e-01 1.148000e-03 3.723800e-01
480 6.263000e-01 1.100000e-03 3.726000e-01
481 6.261120e-01 1.116000e-03 3.727720e-01
482 6.259440e-01 1.124000e-03 3.729320e-01
483 6.257640e-01 1.112000e-03 3.731240e-01
484 6.255800e-01 1.100000e-03 3.733200e-01
485 6.254440e-01 1.028000e-03 3.735280e-01
486 6.253440e-01 9.360000e-04 3.737200e-01
487 6.252280e-01 9.040000e-04 3.738680e-01
488 6.251320e-01 8.240000e-04 3.740440e-01
489 6.250160e-01 7.600000e-04 3.742240e-01
490 6.248960e-01 7.320000e-04 3.743720e-01
491 6.248240e-01 6.840000e-04 3.744920e-01
492 6.247240e-01 6.680000e-04 3.746080e-01
493 6.246200e-01 6.560000e-04 3.747240e-01
494 6.245520e-01 5.800000e-04 3.748680e-01
495 6.244760e-01 5.640000e-04 3.749600e-01
496 6.243760e-01 5.840000e-04 3.750400e-01
497 6.242840e-01 5.280000e-04 3.751880e-01
498 6.241760e-01 5.440000e-04 3.752800e-01
499 6.240640e-01 5.640000e-04 3.753720e-01
500 6.239480e-01 5.480000e-04 3.755040e-01
