1 9.992240e-01 6.520000e-04 1.240000e-04
2 9.986800e-01 1.076000e-03 2.440000e-04
3 9.980800e-01 1.440000e-03 4.800000e-04
4 9.973480e-01 1.864000e-03 7.880000e-04
5 9.965960e-01 2.208000e-03 1.196000e-03
6 9.958400e-01 2.576000e-03 1.584000e-03
7 9.948320e-01 3.172000e-03 1.996000e-03
8 9.937920e-01 3.592000e-03 2.616000e-03
9 9.927000e-01 3.952000e-03 3.348000e-03
10 9.916080e-01 4.332000e-03 4.060000e-03
11 9.904120e-01 4.788000e-03 4.800000e-03
12 9.891400e-01 5.160000e-03 5.700000e-03
13 9.879000e-01 5.440000e-03 6.660000e-03
14 9.865600e-01 5.772000e-03 7.668000e-03
15 9.851720e-01 6.100000e-03 8.728000e-03
16 9.839640e-01 6.168000e-03 9.868000e-03
17 9.825880e-01 6.424000e-03 1.098800e-02
18 9.811000e-01 6.756000e-03 1.214400e-02
19 9.796640e-01 7.016000e-03 1.332000e-02
20 9.782440e-01 7.152000e-03 1.460400e-02
21 9.768560e-01 7.384000e-03 1.576000e-02
22 9.753320e-01 7.532000e-03 1.713600e-02
23 9.737440e-01 7.752000e-03 1.850400e-02
24 9.721400e-01 8.096000e-03 1.976400e-02
25 9.706120e-01 8.208000e-03 2.118000e-02
26 9.690400e-01 8.352000e-03 2.260800e-02
27 9.675880e-01 8.352000e-03 2.406000e-02
28 9.661440e-01 8.364000e-03 2.549200e-02
29 9.647080e-01 8.192000e-03 2.710000e-02
30 9.633200e-01 8.060000e-03 2.862000e-02
31 9.619720e-01 7.952000e-03 3.007600e-02
32 9.607080e-01 7.892000e-03 3.140000e-02
33 9.593400e-01 7.884000e-03 3.277600e-02
34 9.579720e-01 8.012000e-03 3.401600e-02
35 9.567360e-01 7.832000e-03 3.543200e-02
36 9.554600e-01 7.712000e-03 3.682800e-02
37 9.538480e-01 7.980000e-03 3.817200e-02
38 9.523400e-01 8.144000e-03 3.951600e-02
39 9.508200e-01 8.288000e-03 4.089200e-02
40 9.492520e-01 8.336000e-03 4.241200e-02
41 9.475960e-01 8.532000e-03 4.387200e-02
42 9.462120e-01 8.492000e-03 4.529600e-02
43 9.448120e-01 8.460000e-03 4.672800e-02
44 9.434280e-01 8.376000e-03 4.819600e-02
45 9.418680e-01 8.520000e-03 4.961200e-02
46 9.402160e-01 8.704000e-03 5.108000e-02
47 9.386520e-01 8.812000e-03 5.253600e-02
48 9.371760e-01 8.784000e-03 5.404000e-02
49 9.355800e-01 8.748000e-03 5.567200e-02
50 9.339320e-01 8.824000e-03 5.724400e-02
51 9.322200e-01 8.848000e-03 5.893200e-02
52 9.306520e-01 8.844000e-03 6.050400e-02
53 9.290080e-01 8.892000e-03 6.210000e-02
54 9.276760e-01 8.644000e-03 6.368000e-02
55 9.264640e-01 8.280000e-03 6.525600e-02
56 9.250320e-01 8.320000e-03 6.664800e-02
57 9.235880e-01 8.256000e-03 6.815600e-02
58 9.220920e-01 8.244000e-03 6.966400e-02
59 9.206280e-01 8.220000e-03 7.115200e-02
60 9.192760e-01 8.084000e-03 7.264000e-02
61 9.176720e-01 8.404000e-03 7.392400e-02
62 9.160760e-01 8.616000e-03 7.530800e-02
63 9.144440e-01 8.600000e-03 7.695600e-02
64 9.128800e-01 8.632000e-03 7.848800e-02
65 9.114760e-01 8.520000e-03 8.000400e-02
66 9.099520e-01 8.636000e-03 8.141200e-02
67 9.085000e-01 8.624000e-03 8.287600e-02
68 9.069640e-01 8.596000e-03 8.444000e-02
69 9.053720e-01 8.772000e-03 8.585600e-02
70 9.037880e-01 8.848000e-03 8.736400e-02
71 9.021480e-01 8.964000e-03 8.888800e-02
72 9.005400e-01 8.952000e-03 9.050800e-02
73 8.988680e-01 9.072000e-03 9.206000e-02
74 8.970440e-01 9.268000e-03 9.368800e-02
75 8.953240e-01 9.192000e-03 9.548400e-02
76 8.937680e-01 9.136000e-03 9.709600e-02
77 8.918720e-01 9.320000e-03 9.880800e-02
78 8.901440e-01 9.404000e-03 1.004520e-01
79 8.885800e-01 9.224000e-03 1.021960e-01
80 8.867880e-01 9.492000e-03 1.037200e-01
81 8.850560e-01 9.480000e-03 1.054640e-01
82 8.832640e-01 9.536000e-03 1.072000e-01
83 8.814080e-01 9.760000e-03 1.088320e-01
84 8.795360e-01 9.888000e-03 1.105760e-01
85 8.777800e-01 9.856000e-03 1.123640e-01
86 8.760720e-01 9.852000e-03 1.140760e-01
87 8.744800e-01 9.712000e-03 1.158080e-01
88 8.726120e-01 9.836000e-03 1.175520e-01
89 8.708320e-01 9.776000e-03 1.193920e-01
90 8.690280e-01 1.000400e-02 1.209680e-01
91 8.672000e-01 1.020000e-02 1.226000e-01
92 8.652560e-01 1.040400e-02 1.243400e-01
93 8.635400e-01 1.034800e-02 1.261120e-01
94 8.615680e-01 1.052800e-02 1.279040e-01
95 8.598360e-01 1.044800e-02 1.297160e-01
96 8.580200e-01 1.046800e-02 1.315120e-01
97 8.562320e-01 1.042400e-02 1.333440e-01
98 8.543440e-01 1.036400e-02 1.352920e-01
99 8.525480e-01 1.019200e-02 1.372600e-01
100 8.508920e-01 1.014800e-02 1.389600e-01
101 8.492800e-01 9.948000e-03 1.407720e-01
102 8.477040e-01 9.844000e-03 1.424520e-01
103 8.462240e-01 9.512000e-03 1.442640e-01
104 8.446760e-01 9.260000e-03 1.460640e-01
105 8.431680e-01 9.148000e-03 1.476840e-01
106 8.416800e-01 9.072000e-03 1.492480e-01
107 8.402400e-01 8.828000e-03 1.509320e-01
108 8.388560e-01 8.664000e-03 1.524800e-01
109 8.373440e-01 8.636000e-03 1.540200e-01
110 8.359560e-01 8.548000e-03 1.554960e-01
111 8.344360e-01 8.632000e-03 1.569320e-01
112 8.329560e-01 8.580000e-03 1.584640e-01
113 8.315400e-01 8.536000e-03 1.599240e-01
114 8.300240e-01 8.456000e-03 1.615200e-01
115 8.283800e-01 8.688000e-03 1.629320e-01
116 8.268280e-01 8.672000e-03 1.645000e-01
117 8.253040e-01 8.624000e-03 1.660720e-01
118 8.239720e-01 8.432000e-03 1.675960e-01
119 8.224800e-01 8.452000e-03 1.690680e-01
120 8.208960e-01 8.532000e-03 1.705720e-01
121 8.194800e-01 8.432000e-03 1.720880e-01
122 8.180320e-01 8.508000e-03 1.734600e-01
123 8.166840e-01 8.312000e-03 1.750040e-01
124 8.153080e-01 8.312000e-03 1.763800e-01
125 8.137520e-01 8.484000e-03 1.777640e-01
126 8.122360e-01 8.600000e-03 1.791640e-01
127 8.108400e-01 8.632000e-03 1.805280e-01
128 8.093240e-01 8.628000e-03 1.820480e-01
129 8.079120e-01 8.556000e-03 1.835320e-01
130 8.063480e-01 8.664000e-03 1.849880e-01
131 8.048800e-01 8.584000e-03 1.865360e-01
132 8.034920e-01 8.524000e-03 1.879840e-01
133 8.019760e-01 8.532000e-03 1.894920e-01
134 8.005800e-01 8.460000e-03 1.909600e-01
135 7.991600e-01 8.420000e-03 1.924200e-01
136 7.976920e-01 8.496000e-03 1.938120e-01
137 7.962360e-01 8.532000e-03 1.952320e-01
138 7.947440e-01 8.580000e-03 1.966760e-01
139 7.934120e-01 8.548000e-03 1.980400e-01
140 7.918680e-01 8.632000e-03 1.995000e-01
141 7.904360e-01 8.576000e-03 2.009880e-01
142 7.889120e-01 8.640000e-03 2.024480e-01
143 7.873760e-01 8.616000e-03 2.040080e-01
144 7.859720e-01 8.564000e-03 2.054640e-01
145 7.845800e-01 8.400000e-03 2.070200e-01
146 7.831680e-01 8.352000e-03 2.084800e-01
147 7.817640e-01 8.284000e-03 2.099520e-01
148 7.804160e-01 8.212000e-03 2.113720e-01
149 7.792560e-01 7.984000e-03 2.127600e-01
150 7.778880e-01 7.924000e-03 2.141880e-01
151 7.764760e-01 7.924000e-03 2.156000e-01
152 7.751840e-01 7.860000e-03 2.169560e-01
153 7.738360e-01 7.640000e-03 2.185240e-01
154 7.724320e-01 7.796000e-03 2.197720e-01
155 7.710600e-01 7.752000e-03 2.211880e-01
156 7.696120e-01 7.872000e-03 2.225160e-01
157 7.681840e-01 7.864000e-03 2.239520e-01
158 7.669360e-01 7.712000e-03 2.253520e-01
159 7.655960e-01 7.760000e-03 2.266440e-01
160 7.643280e-01 7.688000e-03 2.279840e-01
161 7.629520e-01 7.736000e-03 2.293120e-01
162 7.614920e-01 7.824000e-03 2.306840e-01
163 7.601920e-01 7.800000e-03 2.320080e-01
164 7.588480e-01 7.648000e-03 2.335040e-01
165 7.575280e-01 7.700000e-03 2.347720e-01
166 7.561800e-01 7.616000e-03 2.362040e-01
167 7.549400e-01 7.420000e-03 2.376400e-01
168 7.536720e-01 7.328000e-03 2.390000e-01
169 7.523800e-01 7.212000e-03 2.404080e-01
170 7.510400e-01 7.220000e-03 2.417400e-01
171 7.496560e-01 7.340000e-03 2.430040e-01
172 7.483440e-01 7.408000e-03 2.442480e-01
173 7.470080e-01 7.464000e-03 2.455280e-01
174 7.455400e-01 7.632000e-03 2.468280e-01
175 7.441520e-01 7.720000e-03 2.481280e-01
176 7.428080e-01 7.636000e-03 2.495560e-01
177 7.414480e-01 7.648000e-03 2.509040e-01
178 7.399040e-01 7.888000e-03 2.522080e-01
179 7.384080e-01 7.824000e-03 2.537680e-01
180 7.371840e-01 7.580000e-03 2.552360e-01
181 7.357680e-01 7.712000e-03 2.565200e-01
182 7.343440e-01 7.756000e-03 2.579000e-01
183 7.328680e-01 7.800000e-03 2.593320e-01
184 7.314120e-01 7.932000e-03 2.606560e-01
185 7.300520e-01 8.000000e-03 2.619480e-01
186 7.286640e-01 8.028000e-03 2.633080e-01
187 7.272160e-01 8.064000e-03 2.647200e-01
188 7.258280e-01 8.064000e-03 2.661080e-01
189 7.244680e-01 8.072000e-03 2.674600e-01
190 7.231360e-01 7.956000e-03 2.689080e-01
191 7.218000e-01 7.896000e-03 2.703040e-01
192 7.205320e-01 7.756000e-03 2.717120e-01
193 7.191200e-01 7.764000e-03 2.731160e-01
194 7.178560e-01 7.648000e-03 2.744960e-01
195 7.166280e-01 7.568000e-03 2.758040e-01
196 7.153800e-01 7.476000e-03 2.771440e-01
197 7.143280e-01 7.316000e-03 2.783560e-01
198 7.130640e-01 7.312000e-03 2.796240e-01
199 7.118800e-01 7.252000e-03 2.808680e-01
200 7.107240e-01 7.116000e-03 2.821600e-01
201 7.095440e-01 6.988000e-03 2.834680e-01
202 7.082280e-01 7.064000e-03 2.847080e-01
203 7.070760e-01 6.936000e-03 2.859880e-01
204 7.059880e-01 6.888000e-03 2.871240e-01
205 7.047760e-01 6.864000e-03 2.883600e-01
206 7.035680e-01 6.808000e-03 2.896240e-01
207 7.023880e-01 6.784000e-03 2.908280e-01
208 7.013360e-01 6.604000e-03 2.920600e-01
209 7.001920e-01 6.444000e-03 2.933640e-01
210 6.992080e-01 6.432000e-03 2.943600e-01
211 6.981360e-01 6.328000e-03 2.955360e-01
212 6.969440e-01 6.364000e-03 2.966920e-01
213 6.958760e-01 6.284000e-03 2.978400e-01
214 6.948360e-01 6.252000e-03 2.989120e-01
215 6.938800e-01 6.104000e-03 3.000160e-01
216 6.928560e-01 5.952000e-03 3.011920e-01
217 6.918200e-01 5.984000e-03 3.021960e-01
218 6.907440e-01 5.968000e-03 3.032880e-01
219 6.897120e-01 5.972000e-03 3.043160e-01
220 6.886240e-01 6.080000e-03 3.052960e-01
221 6.877120e-01 5.844000e-03 3.064440e-01
222 6.867120e-01 5.840000e-03 3.074480e-01
223 6.858400e-01 5.736000e-03 3.084240e-01
224 6.849120e-01 5.696000e-03 3.093920e-01
225 6.839000e-01 5.692000e-03 3.104080e-01
226 6.829600e-01 5.720000e-03 3.113200e-01
227 6.819800e-01 5.584000e-03 3.124360e-01
228 6.809920e-01 5.504000e-03 3.135040e-01
229 6.800480e-01 5.520000e-03 3.144320e-01
230 6.790760e-01 5.512000e-03 3.154120e-01
231 6.781680e-01 5.424000e-03 3.164080e-01
232 6.772640e-01 5.436000e-03 3.173000e-01
233 6.763400e-01 5.392000e-03 3.182680e-01
234 6.753040e-01 5.448000e-03 3.192480e-01
235 6.743240e-01 5.564000e-03 3.201120e-01
236 6.733320e-01 5.584000e-03 3.210840e-01
237 6.723320e-01 5.672000e-03 3.219960e-01
238 6.713520e-01 5.760000e-03 3.228880e-01
239 6.704720e-01 5.576000e-03 3.239520e-01
240 6.695960e-01 5.508000e-03 3.248960e-01
241 6.687040e-01 5.272000e-03 3.260240e-01
242 6.679840e-01 5.076000e-03 3.269400e-01
243 6.671960e-01 5.000000e-03 3.278040e-01
244 6.664440e-01 4.920000e-03 3.286360e-01
245 6.656560e-01 4.844000e-03 3.295000e-01
246 6.648400e-01 4.760000e-03 3.304000e-01
247 6.641080e-01 4.684000e-03 3.312080e-01
248 6.633800e-01 4.712000e-03 3.319080e-01
249 6.625600e-01 4.756000e-03 3.326840e-01
250 6.617240e-01 4.812000e-03 3.334640e-01
251 6.609320e-01 4.768000e-03 3.343000e-01
252 6.601920e-01 4.708000e-03 3.351000e-01
253 6.594880e-01 4.584000e-03 3.359280e-01
254 6.587360e-01 4.492000e-03 3.367720e-01
255 6.579760e-01 4.440000e-03 3.375840e-01
256 6.571120e-01 4.512000e-03 3.383760e-01
257 6.562680e-01 4.456000e-03 3.392760e-01
258 6.556080e-01 4.264000e-03 3.401280e-01
259 6.549600e-01 4.244000e-03 3.407960e-01
260 6.542360e-01 4.336000e-03 3.414280e-01
261 6.535960e-01 4.196000e-03 3.422080e-01
262 6.529080e-01 4.148000e-03 3.429440e-01
263 6.523440e-01 3.968000e-03 3.436880e-01
264 6.516680e-01 4.020000e-03 3.443120e-01
265 6.509640e-01 4.052000e-03 3.449840e-01
266 6.502720e-01 4.028000e-03 3.457000e-01
267 6.494960e-01 4.124000e-03 3.463800e-01
268 6.488040e-01 4.168000e-03 3.470280e-01
269 6.481640e-01 4.060000e-03 3.477760e-01
270 6.475160e-01 4.020000e-03 3.484640e-01
271 6.467920e-01 3.992000e-03 3.492160e-01
272 6.460000e-01 4.048000e-03 3.499520e-01
273 6.453160e-01 3.972000e-03 3.507120e-01
274 6.446360e-01 4.064000e-03 3.513000e-01
275 6.439760e-01 4.100000e-03 3.519240e-01
276 6.432200e-01 4.160000e-03 3.526200e-01
277 6.424320e-01 4.184000e-03 3.533840e-01
278 6.417800e-01 4.124000e-03 3.540960e-01
279 6.409960e-01 4.292000e-03 3.547120e-01
280 6.402800e-01 4.276000e-03 3.554440e-01
281 6.394840e-01 4.312000e-03 3.562040e-01
282 6.388200e-01 4.176000e-03 3.570040e-01
283 6.380560e-01 4.240000e-03 3.577040e-01
284 6.373320e-01 4.208000e-03 3.584600e-01
285 6.365400e-01 4.328000e-03 3.591320e-01
286 6.358200e-01 4.388000e-03 3.597920e-01
287 6.351320e-01 4.360000e-03 3.605080e-01
288 6.343080e-01 4.308000e-03 3.613840e-01
289 6.334760e-01 4.396000e-03 3.621280e-01
290 6.328480e-01 4.248000e-03 3.629040e-01
291 6.321440e-01 4.220000e-03 3.636360e-01
292 6.313560e-01 4.164000e-03 3.644800e-01
293 6.306840e-01 4.072000e-03 3.652440e-01
294 6.299080e-01 4.120000e-03 3.659720e-01
295 6.291880e-01 4.160000e-03 3.666520e-01
296 6.285160e-01 4.192000e-03 3.672920e-01
297 6.278160e-01 4.140000e-03 3.680440e-01
298 6.270040e-01 4.224000e-03 3.687720e-01
299 6.262080e-01 4.260000e-03 3.695320e-01
300 6.255080e-01 4.252000e-03 3.702400e-01
301 6.247120e-01 4.312000e-03 3.709760e-01
302 6.240520e-01 4.180000e-03 3.717680e-01
303 6.233280e-01 4.236000e-03 3.724360e-01
304 6.226240e-01 4.204000e-03 3.731720e-01
305 6.219560e-01 4.148000e-03 3.738960e-01
306 6.211520e-01 4.300000e-03 3.745480e-01
307 6.203880e-01 4.260000e-03 3.753520e-01
308 6.195840e-01 4.320000e-03 3.760960e-01
309 6.189640e-01 4.208000e-03 3.768280e-01
310 6.183720e-01 3.972000e-03 3.776560e-01
311 6.177440e-01 3.948000e-03 3.783080e-01
312 6.171240e-01 3.788000e-03 3.790880e-01
313 6.164240e-01 3.924000e-03 3.796520e-01
314 6.157080e-01 3.924000e-03 3.803680e-01
315 6.150160e-01 3.880000e-03 3.811040e-01
316 6.142800e-01 3.956000e-03 3.817640e-01
317 6.136360e-01 3.868000e-03 3.824960e-01
318 6.129880e-01 3.804000e-03 3.832080e-01
319 6.123200e-01 3.804000e-03 3.838760e-01
320 6.116840e-01 3.856000e-03 3.844600e-01
321 6.110600e-01 3.844000e-03 3.850960e-01
322 6.103960e-01 3.800000e-03 3.858040e-01
323 6.096400e-01 3.928000e-03 3.864320e-01
324 6.089840e-01 3.848000e-03 3.871680e-01
325 6.083040e-01 3.860000e-03 3.878360e-01
326 6.076880e-01 3.760000e-03 3.885520e-01
327 6.071600e-01 3.700000e-03 3.891400e-01
328 6.065480e-01 3.636000e-03 3.898160e-01
329 6.059120e-01 3.668000e-03 3.904200e-01
330 6.051960e-01 3.836000e-03 3.909680e-01
331 6.046200e-01 3.744000e-03 3.916360e-01
332 6.039840e-01 3.636000e-03 3.923800e-01
333 6.033720e-01 3.608000e-03 3.930200e-01
334 6.027360e-01 3.656000e-03 3.936080e-01
335 6.021080e-01 3.644000e-03 3.942480e-01
336 6.014600e-01 3.624000e-03 3.949160e-01
337 6.008920e-01 3.584000e-03 3.955240e-01
338 6.002040e-01 3.632000e-03 3.961640e-01
339 5.996920e-01 3.524000e-03 3.967840e-01
340 5.990240e-01 3.552000e-03 3.974240e-01
341 5.985120e-01 3.520000e-03 3.979680e-01
342 5.980320e-01 3.380000e-03 3.985880e-01
343 5.975480e-01 3.332000e-03 3.991200e-01
344 5.970880e-01 3.176000e-03 3.997360e-01
345 5.966360e-01 3.096000e-03 4.002680e-01
346 5.961000e-01 3.060000e-03 4.008400e-01
347 5.955840e-01 3.056000e-03 4.013600e-01
348 5.950800e-01 3.056000e-03 4.018640e-01
349 5.946360e-01 2.968000e-03 4.023960e-01
350 5.940680e-01 3.028000e-03 4.029040e-01
351 5.936280e-01 2.888000e-03 4.034840e-01
352 5.930720e-01 2.912000e-03 4.040160e-01
353 5.926160e-01 2.864000e-03 4.045200e-01
354 5.922360e-01 2.756000e-03 4.050080e-01
355 5.918040e-01 2.732000e-03 4.054640e-01
356 5.914520e-01 2.568000e-03 4.059800e-01
357 5.910520e-01 2.572000e-03 4.063760e-01
358 5.906280e-01 2.588000e-03 4.067840e-01
359 5.902400e-01 2.460000e-03 4.073000e-01
360 5.898320e-01 2.472000e-03 4.076960e-01
361 5.894840e-01 2.416000e-03 4.081000e-01
362 5.891080e-01 2.336000e-03 4.085560e-01
363 5.888000e-01 2.244000e-03 4.089560e-01
364 5.885200e-01 2.108000e-03 4.093720e-01
365 5.881280e-01 2.120000e-03 4.097520e-01
366 5.877920e-01 2.104000e-03 4.101040e-01
367 5.874760e-01 2.036000e-03 4.104880e-01
368 5.871840e-01 1.980000e-03 4.108360e-01
369 5.869160e-01 1.956000e-03 4.111280e-01
370 5.866240e-01 1.856000e-03 4.115200e-01
371 5.863600e-01 1.768000e-03 4.118720e-01
372 5.859760e-01 1.836000e-03 4.121880e-01
373 5.856040e-01 1.852000e-03 4.125440e-01
374 5.852960e-01 1.872000e-03 4.128320e-01
375 5.849760e-01 1.836000e-03 4.131880e-01
376 5.845400e-01 1.900000e-03 4.135600e-01
377 5.841840e-01 1.884000e-03 4.139320e-01
378 5.838840e-01 1.876000e-03 4.142400e-01
379 5.835560e-01 1.884000e-03 4.145600e-01
380 5.831800e-01 1.916000e-03 4.149040e-01
381 5.828160e-01 1.928000e-03 4.152560e-01
382 5.824960e-01 1.880000e-03 4.156240e-01
383 5.822000e-01 1.796000e-03 4.160040e-01
384 5.819120e-01 1.744000e-03 4.163440e-01
385 5.816120e-01 1.752000e-03 4.166360e-01
386 5.812880e-01 1.788000e-03 4.169240e-01
387 5.809600e-01 1.808000e-03 4.172320e-01
388 5.805720e-01 1.872000e-03 4.175560e-01
389 5.802480e-01 1.832000e-03 4.179200e-01
390 5.799840e-01 1.792000e-03 4.182240e-01
391 5.796560e-01 1.836000e-03 4.185080e-01
392 5.793680e-01 1.812000e-03 4.188200e-01
393 5.791360e-01 1.732000e-03 4.191320e-01
394 5.788560e-01 1.712000e-03 4.194320e-01
395 5.785840e-01 1.708000e-03 4.197080e-01
396 5.783040e-01 1.716000e-03 4.199800e-01
397 5.781120e-01 1.644000e-03 4.202440e-01
398 5.779040e-01 1.548000e-03 4.205480e-01
399 5.776240e-01 1.560000e-03 4.208160e-01
400 5.773200e-01 1.600000e-03 4.210800e-01
401 5.770560e-01 1.584000e-03 4.213600e-01
402 5.767400e-01 1.580000e-03 4.216800e-01
403 5.763720e-01 1.640000e-03 4.219880e-01
404 5.761160e-01 1.656000e-03 4.222280e-01
405 5.757560e-01 1.732000e-03 4.225120e-01
406 5.754400e-01 1.704000e-03 4.228560e-01
407 5.752160e-01 1.620000e-03 4.231640e-01
408 5.749360e-01 1.628000e-03 4.234360e-01
409 5.746560e-01 1.672000e-03 4.236720e-01
410 5.742720e-01 1.756000e-03 4.239720e-01
411 5.739520e-01 1.724000e-03 4.243240e-01
412 5.736600e-01 1.736000e-03 4.246040e-01
413 5.734360e-01 1.644000e-03 4.249200e-01
414 5.731040e-01 1.628000e-03 4.252680e-01
415 5.727720e-01 1.668000e-03 4.255600e-01
416 5.724640e-01 1.724000e-03 4.258120e-01
417 5.721720e-01 1.668000e-03 4.261600e-01
418 5.718640e-01 1.712000e-03 4.264240e-01
419 5.715720e-01 1.732000e-03 4.266960e-01
420 5.712320e-01 1.824000e-03 4.269440e-01
421 5.708960e-01 1.860000e-03 4.272440e-01
422 5.706160e-01 1.780000e-03 4.276040e-01
423 5.703120e-01 1.764000e-03 4.279240e-01
424 5.700080e-01 1.760000e-03 4.282320e-01
425 5.697400e-01 1.676000e-03 4.285840e-01
426 5.694960e-01 1.624000e-03 4.288800e-01
427 5.692880e-01 1.520000e-03 4.291920e-01
428 5.690960e-01 1.456000e-03 4.294480e-01
429 5.689440e-01 1.404000e-03 4.296520e-01
430 5.687600e-01 1.356000e-03 4.298840e-01
431 5.685960e-01 1.288000e-03 4.301160e-01
432 5.684000e-01 1.276000e-03 4.303240e-01
433 5.681840e-01 1.264000e-03 4.305520e-01
434 5.680320e-01 1.156000e-03 4.308120e-01
435 5.678680e-01 1.128000e-03 4.310040e-01
436 5.677240e-01 1.088000e-03 4.311880e-01
437 5.675920e-01 1.016000e-03 4.313920e-01
438 5.674040e-01 1.016000e-03 4.315800e-01
439 5.672840e-01 9.480000e-04 4.317680e-01
440 5.671760e-01 8.920000e-04 4.319320e-01
441 5.670800e-01 7.800000e-04 4.321400e-01
442 5.669440e-01 7.360000e-04 4.323200e-01
443 5.668400e-01 7.240000e-04 4.324360e-01
444 5.667480e-01 6.640000e-04 4.325880e-01
445 5.666600e-01 6.360000e-04 4.327040e-01
446 5.665720e-01 6.120000e-04 4.328160e-01
447 5.664400e-01 6.720000e-04 4.328880e-01
448 5.663400e-01 6.600000e-04 4.330000e-01
449 5.662560e-01 6.280000e-04 4.331160e-01
450 5.661680e-01 6.080000e-04 4.332240e-01
451 5.660720e-01 6.080000e-04 4.333200e-01
452 5.659760e-01 5.960000e-04 4.334280e-01
453 5.658840e-01 6.080000e-04 4.335080e-01
454 5.657840e-01 6.120000e-04 4.336040e-01
455 5.656640e-01 6.480000e-04 4.336880e-01
456 5.655520e-01 6.760000e-04 4.337720e-01
457 5.654400e-01 6.480000e-04 4.339120e-01
458 5.653160e-01 6.680000e-04 4.340160e-01
459 5.652240e-01 6.360000e-04 4.341400e-01
460 5.651040e-01 6.480000e-04 4.342480e-01
461 5.650280e-01 6.320000e-04 4.343400e-01
462 5.649240e-01 6.040000e-04 4.344720e-01
463 5.648000e-01 6.200000e-04 4.345800e-01
464 5.646520e-01 6.600000e-04 4.346880e-01
465 5.645440e-01 6.680000e-04 4.347880e-01
466 5.644240e-01 7.000000e-04 4.348760e-01
467 5.643440e-01 6.520000e-04 4.350040e-01
468 5.642520e-01 6.360000e-04 4.351120e-01
469 5.641600e-01 5.960000e-04 4.352440e-01
470 5.640920e-01 5.440000e-04 4.353640e-01
471 5.639720e-01 6.000000e-04 4.354280e-01
472 5.638720e-01 5.840000e-04 4.355440e-01
473 5.638000e-01 5.800000e-04 4.356200e-01
474 5.636680e-01 5.640000e-04 4.357680e-01
475 5.635800e-01 5.560000e-04 4.358640e-01
476 5.635200e-01 5.120000e-04 4.359680e-01
477 5.634520e-01 4.840000e-04 4.360640e-01
478 5.634040e-01 4.480000e-04 4.361480e-01
479 5.633720e-01 4.320000e-04 4.361960e-01
480 5.633160e-01 3.920000e-04 4.362920e-01
481 5.632560e-01 3.600000e-04 4.363840e-01
482 5.632080e-01 3.320000e-04 4.364600e-01
483 5.631400e-01 3.440000e-04 4.365160e-01
484 5.631040e-01 3.080000e-04 4.365880e-01
485 5.630520e-01 3.000000e-04 4.366480e-01
486 5.630080e-01 2.880000e-04 4.367040e-01
487 5.629480e-01 3.160000e-04 4.367360e-01
488 5.629080e-01 2.880000e-04 4.368040e-01
489 5.628160e-01 3.280000e-04 4.368560e-01
490 5.627520e-01 3.520000e-04 4.368960e-01
491 5.626600e-01 3.920000e-04 4.369480e-01
492 5.625720e-01 3.880000e-04 4.370400e-01
493 5.624480e-01 4.160000e-04 4.371360e-01
494 5.623560e-01 4.000000e-04 4.372440e-01
495 5.622520e-01 4.560000e-04 4.372920e-01
496 5.621680e-01 4.360000e-04 4.373960e-01
497 5.620360e-01 4.760000e-04 4.374880e-01
498 5.619480e-01 4.840000e-04 4.375680e-01
499 5.618840e-01 4.560000e-04 4.376600e-01
500 5.618360e-01 4.440000e-04 4.377200e-01
