1 9.992120e-01 6.960000e-04 9.200000e-05
2 9.987160e-01 1.064000e-03 2.200000e-04
3 9.979840e-01 1.584000e-03 4.320000e-04
4 9.971840e-01 2.072000e-03 7.440000e-04
5 9.963480e-01 2.480000e-03 1.172000e-03
6 9.952520e-01 3.116000e-03 1.632000e-03
7 9.942560e-01 3.612000e-03 2.132000e-03
8 9.932200e-01 3.940000e-03 2.840000e-03
9 9.921840e-01 4.280000e-03 3.536000e-03
10 9.910920e-01 4.556000e-03 4.352000e-03
11 9.899480e-01 4.756000e-03 5.296000e-03
12 9.888280e-01 5.024000e-03 6.148000e-03
13 9.876440e-01 5.248000e-03 7.108000e-03
14 9.865080e-01 5.364000e-03 8.128000e-03
15 9.853480e-01 5.568000e-03 9.084000e-03
16 9.842360e-01 5.648000e-03 1.011600e-02
17 9.828280e-01 6.036000e-03 1.113600e-02
18 9.814760e-01 6.308000e-03 1.221600e-02
19 9.802640e-01 6.392000e-03 1.334400e-02
20 9.788760e-01 6.732000e-03 1.439200e-02
21 9.775200e-01 6.976000e-03 1.550400e-02
22 9.761040e-01 7.164000e-03 1.673200e-02
23 9.746840e-01 7.372000e-03 1.794400e-02
24 9.732480e-01 7.440000e-03 1.931200e-02
25 9.716680e-01 7.672000e-03 2.066000e-02
26 9.701520e-01 7.968000e-03 2.188000e-02
27 9.687360e-01 8.060000e-03 2.320400e-02
28 9.673160e-01 8.020000e-03 2.466400e-02
29 9.658360e-01 8.096000e-03 2.606800e-02
30 9.644920e-01 7.900000e-03 2.760800e-02
31 9.630480e-01 7.884000e-03 2.906800e-02
32 9.616080e-01 8.044000e-03 3.034800e-02
33 9.601760e-01 8.068000e-03 3.175600e-02
34 9.588480e-01 8.004000e-03 3.314800e-02
35 9.574360e-01 7.800000e-03 3.476400e-02
36 9.560920e-01 7.788000e-03 3.612000e-02
37 9.547480e-01 7.796000e-03 3.745600e-02
38 9.534000e-01 7.768000e-03 3.883200e-02
39 9.519920e-01 7.792000e-03 4.021600e-02
40 9.504880e-01 8.000000e-03 4.151200e-02
41 9.490320e-01 8.096000e-03 4.287200e-02
42 9.475720e-01 8.148000e-03 4.428000e-02
43 9.461000e-01 8.140000e-03 4.576000e-02
44 9.447360e-01 8.100000e-03 4.716400e-02
45 9.431520e-01 8.248000e-03 4.860000e-02
46 9.416320e-01 8.292000e-03 5.007600e-02
47 9.401600e-01 8.228000e-03 5.161200e-02
48 9.387880e-01 8.180000e-03 5.303200e-02
49 9.373240e-01 8.392000e-03 5.428400e-02
50 9.358880e-01 8.336000e-03 5.577600e-02
51 9.344080e-01 8.368000e-03 5.722400e-02
52 9.329480e-01 8.352000e-03 5.870000e-02
53 9.314040e-01 8.456000e-03 6.014000e-02
54 9.299560e-01 8.400000e-03 6.164400e-02
55 9.286080e-01 8.336000e-03 6.305600e-02
56 9.271480e-01 8.340000e-03 6.451200e-02
57 9.257400e-01 8.292000e-03 6.596800e-02
58 9.242920e-01 8.252000e-03 6.745600e-02
59 9.230800e-01 8.024000e-03 6.889600e-02
60 9.215840e-01 8.076000e-03 7.034000e-02
61 9.201640e-01 7.852000e-03 7.198400e-02
62 9.188240e-01 7.900000e-03 7.327600e-02
63 9.174360e-01 7.952000e-03 7.461200e-02
64 9.161400e-01 7.900000e-03 7.596000e-02
65 9.146640e-01 8.064000e-03 7.727200e-02
66 9.132960e-01 8.108000e-03 7.859600e-02
67 9.118720e-01 8.104000e-03 8.002400e-02
68 9.104520e-01 8.160000e-03 8.138800e-02
69 9.090400e-01 8.156000e-03 8.280400e-02
70 9.075480e-01 8.204000e-03 8.424800e-02
71 9.061760e-01 8.124000e-03 8.570000e-02
72 9.047160e-01 8.144000e-03 8.714000e-02
73 9.033360e-01 8.248000e-03 8.841600e-02
74 9.017960e-01 8.324000e-03 8.988000e-02
75 9.003320e-01 8.256000e-03 9.141200e-02
76 8.988560e-01 8.388000e-03 9.275600e-02
77 8.973000e-01 8.476000e-03 9.422400e-02
78 8.957600e-01 8.540000e-03 9.570000e-02
79 8.941720e-01 8.648000e-03 9.718000e-02
80 8.926640e-01 8.732000e-03 9.860400e-02
81 8.911840e-01 8.668000e-03 1.001480e-01
82 8.894480e-01 8.896000e-03 1.016560e-01
83 8.878240e-01 8.872000e-03 1.033040e-01
84 8.863960e-01 8.720000e-03 1.048840e-01
85 8.848520e-01 8.800000e-03 1.063480e-01
86 8.832360e-01 8.948000e-03 1.078160e-01
87 8.818200e-01 8.876000e-03 1.093040e-01
88 8.803600e-01 8.824000e-03 1.108160e-01
89 8.789160e-01 8.652000e-03 1.124320e-01
90 8.773920e-01 8.624000e-03 1.139840e-01
91 8.761000e-01 8.332000e-03 1.155680e-01
92 8.746760e-01 8.316000e-03 1.170080e-01
93 8.733280e-01 8.100000e-03 1.185720e-01
94 8.720040e-01 8.004000e-03 1.199920e-01
95 8.705720e-01 7.928000e-03 1.215000e-01
96 8.692400e-01 7.872000e-03 1.228880e-01
97 8.678440e-01 7.848000e-03 1.243080e-01
98 8.666240e-01 7.708000e-03 1.256680e-01
99 8.652640e-01 7.716000e-03 1.270200e-01
100 8.638640e-01 7.736000e-03 1.284000e-01
101 8.623200e-01 8.048000e-03 1.296320e-01
102 8.609360e-01 7.948000e-03 1.311160e-01
103 8.595360e-01 7.840000e-03 1.326240e-01
104 8.579680e-01 8.076000e-03 1.339560e-01
105 8.565160e-01 8.140000e-03 1.353440e-01
106 8.550840e-01 8.060000e-03 1.368560e-01
107 8.537360e-01 7.928000e-03 1.383360e-01
108 8.525040e-01 7.820000e-03 1.396760e-01
109 8.511160e-01 7.864000e-03 1.410200e-01
110 8.499280e-01 7.760000e-03 1.423120e-01
111 8.487400e-01 7.588000e-03 1.436720e-01
112 8.474840e-01 7.540000e-03 1.449760e-01
113 8.461040e-01 7.608000e-03 1.462880e-01
114 8.447520e-01 7.752000e-03 1.474960e-01
115 8.434000e-01 7.724000e-03 1.488760e-01
116 8.419960e-01 7.816000e-03 1.501880e-01
117 8.406080e-01 7.920000e-03 1.514720e-01
118 8.394200e-01 7.700000e-03 1.528800e-01
119 8.382840e-01 7.556000e-03 1.541600e-01
120 8.370240e-01 7.608000e-03 1.553680e-01
121 8.357000e-01 7.564000e-03 1.567360e-01
122 8.345680e-01 7.440000e-03 1.579920e-01
123 8.334360e-01 7.312000e-03 1.592520e-01
124 8.322760e-01 7.308000e-03 1.604160e-01
125 8.310480e-01 7.336000e-03 1.616160e-01
126 8.296760e-01 7.452000e-03 1.628720e-01
127 8.283080e-01 7.576000e-03 1.641160e-01
128 8.269160e-01 7.716000e-03 1.653680e-01
129 8.255320e-01 7.672000e-03 1.667960e-01
130 8.242120e-01 7.708000e-03 1.680800e-01
131 8.230240e-01 7.576000e-03 1.694000e-01
132 8.218440e-01 7.420000e-03 1.707360e-01
133 8.204960e-01 7.432000e-03 1.720720e-01
134 8.192480e-01 7.376000e-03 1.733760e-01
135 8.180560e-01 7.280000e-03 1.746640e-01
136 8.167880e-01 7.332000e-03 1.758800e-01
137 8.154960e-01 7.364000e-03 1.771400e-01
138 8.140600e-01 7.512000e-03 1.784280e-01
139 8.127040e-01 7.476000e-03 1.798200e-01
140 8.114440e-01 7.444000e-03 1.811120e-01
141 8.101520e-01 7.368000e-03 1.824800e-01
142 8.089400e-01 7.276000e-03 1.837840e-01
143 8.076640e-01 7.248000e-03 1.850880e-01
144 8.063040e-01 7.140000e-03 1.865560e-01
145 8.050560e-01 7.216000e-03 1.877280e-01
146 8.039640e-01 7.104000e-03 1.889320e-01
147 8.027400e-01 7.064000e-03 1.901960e-01
148 8.015680e-01 7.052000e-03 1.913800e-01
149 8.004400e-01 6.980000e-03 1.925800e-01
150 7.993320e-01 6.912000e-03 1.937560e-01
151 7.982040e-01 6.852000e-03 1.949440e-01
152 7.971200e-01 6.820000e-03 1.960600e-01
153 7.959400e-01 6.908000e-03 1.971520e-01
154 7.948280e-01 6.856000e-03 1.983160e-01
155 7.936920e-01 6.872000e-03 1.994360e-01
156 7.926160e-01 6.716000e-03 2.006680e-01
157 7.913720e-01 6.816000e-03 2.018120e-01
158 7.901440e-01 6.804000e-03 2.030520e-01
159 7.888840e-01 6.816000e-03 2.043000e-01
160 7.877200e-01 6.856000e-03 2.054240e-01
161 7.865840e-01 6.752000e-03 2.066640e-01
162 7.854240e-01 6.780000e-03 2.077960e-01
163 7.844000e-01 6.656000e-03 2.089440e-01
164 7.831800e-01 6.748000e-03 2.100720e-01
165 7.819360e-01 6.796000e-03 2.112680e-01
166 7.807200e-01 6.888000e-03 2.123920e-01
167 7.796080e-01 6.720000e-03 2.136720e-01
168 7.786240e-01 6.528000e-03 2.148480e-01
169 7.774720e-01 6.484000e-03 2.160440e-01
170 7.763760e-01 6.572000e-03 2.170520e-01
171 7.753320e-01 6.412000e-03 2.182560e-01
172 7.743520e-01 6.224000e-03 2.194240e-01
173 7.732480e-01 6.208000e-03 2.205440e-01
174 7.722600e-01 6.076000e-03 2.216640e-01
175 7.712240e-01 6.176000e-03 2.226000e-01
176 7.700920e-01 6.296000e-03 2.236120e-01
177 7.690480e-01 6.264000e-03 2.246880e-01
178 7.680880e-01 6.048000e-03 2.258640e-01
179 7.670640e-01 6.056000e-03 2.268800e-01
180 7.660360e-01 5.980000e-03 2.279840e-01
181 7.651360e-01 5.884000e-03 2.289800e-01
182 7.642880e-01 5.724000e-03 2.299880e-01
183 7.634240e-01 5.560000e-03 2.310160e-01
184 7.624800e-01 5.588000e-03 2.319320e-01
185 7.616200e-01 5.516000e-03 2.328640e-01
186 7.607760e-01 5.484000e-03 2.337400e-01
187 7.598400e-01 5.536000e-03 2.346240e-01
188 7.589200e-01 5.544000e-03 2.355360e-01
189 7.579880e-01 5.572000e-03 2.364400e-01
190 7.571960e-01 5.412000e-03 2.373920e-01
191 7.563120e-01 5.332000e-03 2.383560e-01
192 7.554480e-01 5.284000e-03 2.392680e-01
193 7.546560e-01 5.248000e-03 2.400960e-01
194 7.537040e-01 5.252000e-03 2.410440e-01
195 7.528640e-01 5.168000e-03 2.419680e-01
196 7.520320e-01 5.168000e-03 2.428000e-01
197 7.510680e-01 5.172000e-03 2.437600e-01
198 7.501160e-01 5.236000e-03 2.446480e-01
199 7.492360e-01 5.228000e-03 2.455360e-01
200 7.483760e-01 5.176000e-03 2.464480e-01
201 7.474880e-01 5.096000e-03 2.474160e-01
202 7.466480e-01 5.196000e-03 2.481560e-01
203 7.457040e-01 5.184000e-03 2.491120e-01
204 7.448640e-01 5.084000e-03 2.500520e-01
205 7.441080e-01 5.016000e-03 2.508760e-01
206 7.432160e-01 5.072000e-03 2.517120e-01
207 7.423400e-01 4.988000e-03 2.526720e-01
208 7.416240e-01 4.848000e-03 2.535280e-01
209 7.408480e-01 4.692000e-03 2.544600e-01
210 7.400320e-01 4.700000e-03 2.552680e-01
211 7.392520e-01 4.624000e-03 2.561240e-01
212 7.383920e-01 4.604000e-03 2.570040e-01
213 7.373800e-01 4.816000e-03 2.578040e-01
214 7.364200e-01 5.012000e-03 2.585680e-01
215 7.354080e-01 5.120000e-03 2.594720e-01
216 7.345120e-01 5.172000e-03 2.603160e-01
217 7.335640e-01 5.224000e-03 2.612120e-01
218 7.327560e-01 5.088000e-03 2.621560e-01
219 7.320080e-01 4.900000e-03 2.630920e-01
220 7.312080e-01 4.784000e-03 2.640080e-01
221 7.304560e-01 4.744000e-03 2.648000e-01
222 7.298000e-01 4.620000e-03 2.655800e-01
223 7.290880e-01 4.548000e-03 2.663640e-01
224 7.284200e-01 4.488000e-03 2.670920e-01
225 7.275800e-01 4.488000e-03 2.679320e-01
226 7.268000e-01 4.544000e-03 2.686560e-01
227 7.259680e-01 4.640000e-03 2.693920e-01
228 7.252280e-01 4.608000e-03 2.701640e-01
229 7.242800e-01 4.688000e-03 2.710320e-01
230 7.234800e-01 4.656000e-03 2.718640e-01
231 7.227000e-01 4.632000e-03 2.726680e-01
232 7.218760e-01 4.516000e-03 2.736080e-01
233 7.210320e-01 4.488000e-03 2.744800e-01
234 7.201640e-01 4.588000e-03 2.752480e-01
235 7.194000e-01 4.496000e-03 2.761040e-01
236 7.187520e-01 4.312000e-03 2.769360e-01
237 7.180600e-01 4.332000e-03 2.776080e-01
238 7.173400e-01 4.372000e-03 2.782880e-01
239 7.165440e-01 4.412000e-03 2.790440e-01
240 7.158840e-01 4.236000e-03 2.798800e-01
241 7.151920e-01 4.244000e-03 2.805640e-01
242 7.144960e-01 4.172000e-03 2.813320e-01
243 7.139440e-01 4.016000e-03 2.820400e-01
244 7.134000e-01 3.868000e-03 2.827320e-01
245 7.128240e-01 3.776000e-03 2.834000e-01
246 7.122800e-01 3.668000e-03 2.840520e-01
247 7.116560e-01 3.604000e-03 2.847400e-01
248 7.110720e-01 3.532000e-03 2.853960e-01
249 7.104400e-01 3.640000e-03 2.859200e-01
250 7.097600e-01 3.708000e-03 2.865320e-01
251 7.091600e-01 3.668000e-03 2.871720e-01
252 7.085760e-01 3.592000e-03 2.878320e-01
253 7.078680e-01 3.676000e-03 2.884560e-01
254 7.071760e-01 3.660000e-03 2.891640e-01
255 7.064600e-01 3.712000e-03 2.898280e-01
256 7.057920e-01 3.680000e-03 2.905280e-01
257 7.051080e-01 3.756000e-03 2.911360e-01
258 7.044680e-01 3.764000e-03 2.917680e-01
259 7.037080e-01 3.828000e-03 2.924640e-01
260 7.029640e-01 3.876000e-03 2.931600e-01
261 7.022680e-01 3.880000e-03 2.938520e-01
262 7.015920e-01 3.872000e-03 2.945360e-01
263 7.008560e-01 3.916000e-03 2.952280e-01
264 7.000800e-01 3.964000e-03 2.959560e-01
265 6.994360e-01 3.876000e-03 2.966880e-01
266 6.986480e-01 4.056000e-03 2.972960e-01
267 6.979080e-01 4.060000e-03 2.980320e-01
268 6.971720e-01 4.100000e-03 2.987280e-01
269 6.964520e-01 4.116000e-03 2.994320e-01
270 6.957080e-01 4.100000e-03 3.001920e-01
271 6.949680e-01 4.116000e-03 3.009160e-01
272 6.942960e-01 4.112000e-03 3.015920e-01
273 6.935880e-01 4.056000e-03 3.023560e-01
274 6.929400e-01 4.068000e-03 3.029920e-01
275 6.922800e-01 4.016000e-03 3.037040e-01
276 6.915680e-01 4.040000e-03 3.043920e-01
277 6.909040e-01 4.036000e-03 3.050600e-01
278 6.901720e-01 4.080000e-03 3.057480e-01
279 6.894240e-01 4.084000e-03 3.064920e-01
280 6.885840e-01 4.268000e-03 3.071480e-01
281 6.878760e-01 4.196000e-03 3.079280e-01
282 6.870360e-01 4.328000e-03 3.086360e-01
283 6.863960e-01 4.160000e-03 3.094440e-01
284 6.856840e-01 4.204000e-03 3.101120e-01
285 6.849200e-01 4.204000e-03 3.108760e-01
286 6.841200e-01 4.292000e-03 3.115880e-01
287 6.832880e-01 4.344000e-03 3.123680e-01
288 6.825520e-01 4.388000e-03 3.130600e-01
289 6.817920e-01 4.364000e-03 3.138440e-01
290 6.809840e-01 4.304000e-03 3.147120e-01
291 6.802360e-01 4.376000e-03 3.153880e-01
292 6.795400e-01 4.316000e-03 3.161440e-01
293 6.788200e-01 4.212000e-03 3.169680e-01
294 6.781240e-01 4.248000e-03 3.176280e-01
295 6.774360e-01 4.204000e-03 3.183600e-01
296 6.767480e-01 4.172000e-03 3.190800e-01
297 6.761320e-01 4.076000e-03 3.197920e-01
298 6.755680e-01 3.936000e-03 3.204960e-01
299 6.749240e-01 3.824000e-03 3.212520e-01
300 6.743480e-01 3.764000e-03 3.218880e-01
301 6.737760e-01 3.620000e-03 3.226040e-01
302 6.732200e-01 3.512000e-03 3.232680e-01
303 6.726720e-01 3.448000e-03 3.238800e-01
304 6.721400e-01 3.416000e-03 3.244440e-01
305 6.716960e-01 3.272000e-03 3.250320e-01
306 6.711440e-01 3.340000e-03 3.255160e-01
307 6.706640e-01 3.284000e-03 3.260520e-01
308 6.701680e-01 3.256000e-03 3.265760e-01
309 6.696240e-01 3.256000e-03 3.271200e-01
310 6.690280e-01 3.280000e-03 3.276920e-01
311 6.683840e-01 3.348000e-03 3.282680e-01
312 6.677800e-01 3.440000e-03 3.287800e-01
313 6.671760e-01 3.432000e-03 3.293920e-01
314 6.665880e-01 3.436000e-03 3.299760e-01
315 6.660400e-01 3.380000e-03 3.305800e-01
316 6.655440e-01 3.268000e-03 3.311880e-01
317 6.650320e-01 3.220000e-03 3.317480e-01
318 6.645560e-01 3.204000e-03 3.322400e-01
319 6.640320e-01 3.148000e-03 3.328200e-01
320 6.635440e-01 3.120000e-03 3.333360e-01
321 6.630040e-01 3.144000e-03 3.338520e-01
322 6.625320e-01 3.048000e-03 3.344200e-01
323 6.620640e-01 3.004000e-03 3.349320e-01
324 6.615320e-01 3.000000e-03 3.354680e-01
325 6.610400e-01 2.972000e-03 3.359880e-01
326 6.605800e-01 2.888000e-03 3.365320e-01
327 6.600680e-01 2.892000e-03 3.370400e-01
328 6.596160e-01 2.756000e-03 3.376280e-01
329 6.590760e-01 2.868000e-03 3.380560e-01
330 6.585000e-01 2.920000e-03 3.385800e-01
331 6.580920e-01 2.772000e-03 3.391360e-01
332 6.575840e-01 2.844000e-03 3.395720e-01
333 6.571160e-01 2.768000e-03 3.401160e-01
334 6.566600e-01 2.756000e-03 3.405840e-01
335 6.562600e-01 2.652000e-03 3.410880e-01
336 6.557720e-01 2.648000e-03 3.415800e-01
337 6.553120e-01 2.724000e-03 3.419640e-01
338 6.548480e-01 2.764000e-03 3.423880e-01
339 6.543840e-01 2.820000e-03 3.427960e-01
340 6.539480e-01 2.780000e-03 3.432720e-01
341 6.535160e-01 2.640000e-03 3.438440e-01
342 6.530880e-01 2.552000e-03 3.443600e-01
343 6.526440e-01 2.544000e-03 3.448120e-01
344 6.522160e-01 2.500000e-03 3.452840e-01
345 6.518640e-01 2.388000e-03 3.457480e-01
346 6.515080e-01 2.328000e-03 3.461640e-01
347 6.511720e-01 2.268000e-03 3.465600e-01
348 6.507600e-01 2.252000e-03 3.469880e-01
349 6.503880e-01 2.276000e-03 3.473360e-01
350 6.500440e-01 2.236000e-03 3.477200e-01
351 6.496720e-01 2.264000e-03 3.480640e-01
352 6.492640e-01 2.304000e-03 3.484320e-01
353 6.489360e-01 2.244000e-03 3.488200e-01
354 6.486040e-01 2.200000e-03 3.491960e-01
355 6.482800e-01 2.132000e-03 3.495880e-01
356 6.479760e-01 2.048000e-03 3.499760e-01
357 6.476200e-01 2.012000e-03 3.503680e-01
358 6.472880e-01 2.016000e-03 3.506960e-01
359 6.469960e-01 1.936000e-03 3.510680e-01
360 6.466560e-01 1.948000e-03 3.513960e-01
361 6.463560e-01 1.936000e-03 3.517080e-01
362 6.460040e-01 1.936000e-03 3.520600e-01
363 6.456520e-01 2.000000e-03 3.523480e-01
364 6.453040e-01 1.984000e-03 3.527120e-01
365 6.449160e-01 1.976000e-03 3.531080e-01
366 6.445120e-01 2.088000e-03 3.534000e-01
367 6.441680e-01 2.060000e-03 3.537720e-01
368 6.438080e-01 2.016000e-03 3.541760e-01
369 6.435240e-01 1.968000e-03 3.545080e-01
370 6.431760e-01 1.924000e-03 3.549000e-01
371 6.428520e-01 1.924000e-03 3.552240e-01
372 6.425520e-01 1.892000e-03 3.555560e-01
373 6.421960e-01 1.880000e-03 3.559240e-01
374 6.418520e-01 1.876000e-03 3.562720e-01
375 6.415040e-01 1.928000e-03 3.565680e-01
376 6.412560e-01 1.864000e-03 3.568800e-01
377 6.409000e-01 1.928000e-03 3.571720e-01
378 6.406360e-01 1.836000e-03 3.575280e-01
379 6.403280e-01 1.784000e-03 3.578880e-01
380 6.399720e-01 1.812000e-03 3.582160e-01
381 6.397240e-01 1.788000e-03 3.584880e-01
382 6.393680e-01 1.796000e-03 3.588360e-01
383 6.390680e-01 1.776000e-03 3.591560e-01
384 6.387120e-01 1.780000e-03 3.595080e-01
385 6.384360e-01 1.792000e-03 3.597720e-01
386 6.381280e-01 1.788000e-03 3.600840e-01
387 6.378600e-01 1.660000e-03 3.604800e-01
388 6.375880e-01 1.592000e-03 3.608200e-01
389 6.373120e-01 1.580000e-03 3.611080e-01
390 6.370160e-01 1.528000e-03 3.614560e-01
391 6.367680e-01 1.536000e-03 3.616960e-01
392 6.365160e-01 1.544000e-03 3.619400e-01
393 6.362680e-01 1.580000e-03 3.621520e-01
394 6.359800e-01 1.632000e-03 3.623880e-01
395 6.357120e-01 1.616000e-03 3.626720e-01
396 6.354680e-01 1.580000e-03 3.629520e-01
397 6.352480e-01 1.532000e-03 3.632200e-01
398 6.350360e-01 1.428000e-03 3.635360e-01
399 6.348240e-01 1.400000e-03 3.637760e-01
400 6.345560e-01 1.436000e-03 3.640080e-01
401 6.342880e-01 1.480000e-03 3.642320e-01
402 6.340280e-01 1.480000e-03 3.644920e-01
403 6.338160e-01 1.436000e-03 3.647480e-01
404 6.335640e-01 1.452000e-03 3.649840e-01
405 6.333720e-01 1.376000e-03 3.652520e-01
406 6.332120e-01 1.284000e-03 3.655040e-01
407 6.330080e-01 1.264000e-03 3.657280e-01
408 6.328960e-01 1.116000e-03 3.659880e-01
409 6.327520e-01 1.100000e-03 3.661480e-01
410 6.326000e-01 1.088000e-03 3.663120e-01
411 6.324680e-01 1.048000e-03 3.664840e-01
412 6.323200e-01 1.028000e-03 3.666520e-01
413 6.322360e-01 9.480000e-04 3.668160e-01
414 6.320880e-01 9.160000e-04 3.669960e-01
415 6.318840e-01 9.680000e-04 3.671480e-01
416 6.316960e-01 9.640000e-04 3.673400e-01
417 6.315160e-01 9.680000e-04 3.675160e-01
418 6.313560e-01 9.760000e-04 3.676680e-01
419 6.312200e-01 9.320000e-04 3.678480e-01
420 6.310560e-01 9.360000e-04 3.680080e-01
421 6.308400e-01 9.800000e-04 3.681800e-01
422 6.306880e-01 9.440000e-04 3.683680e-01
423 6.305280e-01 9.480000e-04 3.685240e-01
424 6.304000e-01 9.080000e-04 3.686920e-01
425 6.302560e-01 8.720000e-04 3.688720e-01
426 6.300800e-01 8.920000e-04 3.690280e-01
427 6.299480e-01 8.680000e-04 3.691840e-01
428 6.297560e-01 9.040000e-04 3.693400e-01
429 6.296000e-01 8.880000e-04 3.695120e-01
430 6.294400e-01 8.560000e-04 3.697040e-01
431 6.292760e-01 8.880000e-04 3.698360e-01
432 6.290640e-01 9.160000e-04 3.700200e-01
433 6.289160e-01 9.360000e-04 3.701480e-01
434 6.287240e-01 9.160000e-04 3.703600e-01
435 6.285360e-01 9.080000e-04 3.705560e-01
436 6.283880e-01 8.960000e-04 3.707160e-01
437 6.282000e-01 9.200000e-04 3.708800e-01
438 6.280520e-01 8.800000e-04 3.710680e-01
439 6.279440e-01 8.080000e-04 3.712480e-01
440 6.278320e-01 8.160000e-04 3.713520e-01
441 6.276680e-01 8.440000e-04 3.714880e-01
442 6.275240e-01 8.560000e-04 3.716200e-01
443 6.273520e-01 8.960000e-04 3.717520e-01
444 6.272400e-01 8.400000e-04 3.719200e-01
445 6.271120e-01 8.920000e-04 3.719960e-01
446 6.269760e-01 9.000000e-04 3.721240e-01
447 6.268360e-01 8.960000e-04 3.722680e-01
448 6.266400e-01 9.320000e-04 3.724280e-01
449 6.264960e-01 9.080000e-04 3.725960e-01
450 6.263360e-01 9.080000e-04 3.727560e-01
451 6.262000e-01 8.800000e-04 3.729200e-01
452 6.260720e-01 8.560000e-04 3.730720e-01
453 6.259000e-01 8.960000e-04 3.732040e-01
454 6.257280e-01 8.800000e-04 3.733920e-01
455 6.256240e-01 8.600000e-04 3.735160e-01
456 6.255320e-01 8.120000e-04 3.736560e-01
457 6.253920e-01 8.360000e-04 3.737720e-01
458 6.252400e-01 8.680000e-04 3.738920e-01
459 6.250960e-01 8.760000e-04 3.740280e-01
460 6.249400e-01 8.400000e-04 3.742200e-01
461 6.247720e-01 8.840000e-04 3.743440e-01
462 6.246160e-01 8.960000e-04 3.744880e-01
463 6.244520e-01 8.920000e-04 3.746560e-01
464 6.242640e-01 8.920000e-04 3.748440e-01
465 6.240720e-01 9.200000e-04 3.750080e-01
466 6.239080e-01 9.480000e-04 3.751440e-01
467 6.237760e-01 8.920000e-04 3.753320e-01
468 6.235760e-01 9.200000e-04 3.755040e-01
469 6.233600e-01 9.880000e-04 3.756520e-01
470 6.231920e-01 9.920000e-04 3.758160e-01
471 6.229680e-01 1.076000e-03 3.759560e-01
472 6.227960e-01 1.068000e-03 3.761360e-01
473 6.226520e-01 1.028000e-03 3.763200e-01
474 6.224120e-01 1.076000e-03 3.765120e-01
475 6.222360e-01 1.020000e-03 3.767440e-01
476 6.220760e-01 1.008000e-03 3.769160e-01
477 6.219400e-01 1.008000e-03 3.770520e-01
478 6.217640e-01 1.012000e-03 3.772240e-01
479 6.216080e-01 9.840000e-04 3.774080e-01
480 6.214520e-01 9.560000e-04 3.775920e-01
481 6.212840e-01 9.400000e-04 3.777760e-01
482 6.210800e-01 1.012000e-03 3.779080e-01
483 6.208920e-01 1.024000e-03 3.780840e-01
484 6.206920e-01 1.032000e-03 3.782760e-01
485 6.204920e-01 1.060000e-03 3.784480e-01
486 6.202640e-01 1.056000e-03 3.786800e-01
487 6.200640e-01 1.048000e-03 3.788880e-01
488 6.198800e-01 1.040000e-03 3.790800e-01
489 6.196520e-01 1.104000e-03 3.792440e-01
490 6.194840e-01 1.040000e-03 3.794760e-01
491 6.192320e-01 1.104000e-03 3.796640e-01
492 6.190800e-01 1.104000e-03 3.798160e-01
493 6.188760e-01 1.100000e-03 3.800240e-01
494 6.186320e-01 1.144000e-03 3.802240e-01
495 6.184440e-01 1.088000e-03 3.804680e-01
496 6.182880e-01 1.088000e-03 3.806240e-01
497 6.180480e-01 1.176000e-03 3.807760e-01
498 6.178920e-01 1.128000e-03 3.809800e-01
499 6.177440e-01 1.088000e-03 3.811680e-01
500 6.176120e-01 1.052000e-03 3.813360e-01
