1 9.991800e-01 6.640000e-04 1.560000e-04
2 9.986040e-01 1.096000e-03 3.000000e-04
3 9.980880e-01 1.376000e-03 5.360000e-04
4 9.974880e-01 1.628000e-03 8.840000e-04
5 9.968480e-01 1.952000e-03 1.200000e-03
6 9.960920e-01 2.300000e-03 1.608000e-03
7 9.953000e-01 2.764000e-03 1.936000e-03
8 9.944960e-01 3.004000e-03 2.500000e-03
9 9.935680e-01 3.452000e-03 2.980000e-03
10 9.927120e-01 3.668000e-03 3.620000e-03
11 9.917440e-01 4.000000e-03 4.256000e-03
12 9.909120e-01 4.108000e-03 4.980000e-03
13 9.899880e-01 4.252000e-03 5.760000e-03
14 9.889960e-01 4.520000e-03 6.484000e-03
15 9.878040e-01 4.756000e-03 7.440000e-03
16 9.867120e-01 5.012000e-03 8.276000e-03
17 9.856400e-01 5.252000e-03 9.108000e-03
18 9.846120e-01 5.380000e-03 1.000800e-02
19 9.834360e-01 5.536000e-03 1.102800e-02
20 9.821160e-01 5.928000e-03 1.195600e-02
21 9.808000e-01 6.176000e-03 1.302400e-02
22 9.796080e-01 6.240000e-03 1.415200e-02
23 9.786040e-01 6.320000e-03 1.507600e-02
24 9.774960e-01 6.204000e-03 1.630000e-02
25 9.761720e-01 6.512000e-03 1.731600e-02
26 9.750320e-01 6.516000e-03 1.845200e-02
27 9.738360e-01 6.580000e-03 1.958400e-02
28 9.727200e-01 6.572000e-03 2.070800e-02
29 9.715040e-01 6.624000e-03 2.187200e-02
30 9.700480e-01 6.912000e-03 2.304000e-02
31 9.688240e-01 6.880000e-03 2.429600e-02
32 9.673000e-01 7.112000e-03 2.558800e-02
33 9.658360e-01 7.288000e-03 2.687600e-02
34 9.644360e-01 7.380000e-03 2.818400e-02
35 9.630280e-01 7.512000e-03 2.946000e-02
36 9.617080e-01 7.520000e-03 3.077200e-02
37 9.602360e-01 7.796000e-03 3.196800e-02
38 9.588520e-01 7.908000e-03 3.324000e-02
39 9.575880e-01 7.792000e-03 3.462000e-02
40 9.565080e-01 7.440000e-03 3.605200e-02
41 9.553440e-01 7.272000e-03 3.738400e-02
42 9.541280e-01 7.256000e-03 3.861600e-02
43 9.529080e-01 7.232000e-03 3.986000e-02
44 9.517600e-01 7.256000e-03 4.098400e-02
45 9.503560e-01 7.372000e-03 4.227200e-02
46 9.490280e-01 7.360000e-03 4.361200e-02
47 9.476040e-01 7.552000e-03 4.484400e-02
48 9.461640e-01 7.700000e-03 4.613600e-02
49 9.445360e-01 7.884000e-03 4.758000e-02
50 9.430600e-01 8.132000e-03 4.880800e-02
51 9.415360e-01 8.248000e-03 5.021600e-02
52 9.400640e-01 8.216000e-03 5.172000e-02
53 9.383480e-01 8.404000e-03 5.324800e-02
54 9.367600e-01 8.380000e-03 5.486000e-02
55 9.352720e-01 8.476000e-03 5.625200e-02
56 9.338000e-01 8.464000e-03 5.773600e-02
57 9.321160e-01 8.560000e-03 5.932400e-02
58 9.305880e-01 8.652000e-03 6.076000e-02
59 9.291920e-01 8.664000e-03 6.214400e-02
60 9.276680e-01 8.668000e-03 6.366400e-02
61 9.261920e-01 8.512000e-03 6.529600e-02
62 9.247120e-01 8.384000e-03 6.690400e-02
63 9.232240e-01 8.360000e-03 6.841600e-02
64 9.216240e-01 8.564000e-03 6.981200e-02
65 9.201240e-01 8.608000e-03 7.126800e-02
66 9.185800e-01 8.724000e-03 7.269600e-02
67 9.170600e-01 8.648000e-03 7.429200e-02
68 9.154360e-01 8.744000e-03 7.582000e-02
69 9.139920e-01 8.716000e-03 7.729200e-02
70 9.124440e-01 8.764000e-03 7.879200e-02
71 9.108160e-01 8.684000e-03 8.050000e-02
72 9.092960e-01 8.632000e-03 8.207200e-02
73 9.078680e-01 8.524000e-03 8.360800e-02
74 9.064000e-01 8.592000e-03 8.500800e-02
75 9.048160e-01 8.640000e-03 8.654400e-02
76 9.032880e-01 8.716000e-03 8.799600e-02
77 9.018200e-01 8.628000e-03 8.955200e-02
78 9.003280e-01 8.584000e-03 9.108800e-02
79 8.989360e-01 8.524000e-03 9.254000e-02
80 8.973880e-01 8.576000e-03 9.403600e-02
81 8.959840e-01 8.444000e-03 9.557200e-02
82 8.945680e-01 8.384000e-03 9.704800e-02
83 8.932800e-01 8.224000e-03 9.849600e-02
84 8.921080e-01 7.924000e-03 9.996800e-02
85 8.907520e-01 7.892000e-03 1.013560e-01
86 8.895120e-01 7.712000e-03 1.027760e-01
87 8.883840e-01 7.588000e-03 1.040280e-01
88 8.871560e-01 7.488000e-03 1.053560e-01
89 8.860720e-01 7.304000e-03 1.066240e-01
90 8.848280e-01 7.328000e-03 1.078440e-01
91 8.836200e-01 7.356000e-03 1.090240e-01
92 8.824560e-01 7.108000e-03 1.104360e-01
93 8.811080e-01 7.152000e-03 1.117400e-01
94 8.798160e-01 7.104000e-03 1.130800e-01
95 8.786320e-01 7.000000e-03 1.143680e-01
96 8.773880e-01 7.068000e-03 1.155440e-01
97 8.761360e-01 7.120000e-03 1.167440e-01
98 8.748280e-01 7.188000e-03 1.179840e-01
99 8.735440e-01 7.140000e-03 1.193160e-01
100 8.722280e-01 7.112000e-03 1.206600e-01
101 8.708360e-01 7.220000e-03 1.219440e-01
102 8.695240e-01 7.156000e-03 1.233200e-01
103 8.681440e-01 7.232000e-03 1.246240e-01
104 8.667640e-01 7.392000e-03 1.258440e-01
105 8.653200e-01 7.532000e-03 1.271480e-01
106 8.638600e-01 7.712000e-03 1.284280e-01
107 8.625320e-01 7.776000e-03 1.296920e-01
108 8.611680e-01 7.712000e-03 1.311200e-01
109 8.598280e-01 7.644000e-03 1.325280e-01
110 8.585000e-01 7.604000e-03 1.338960e-01
111 8.571960e-01 7.536000e-03 1.352680e-01
112 8.559680e-01 7.556000e-03 1.364760e-01
113 8.546040e-01 7.700000e-03 1.376960e-01
114 8.533760e-01 7.504000e-03 1.391200e-01
115 8.520360e-01 7.532000e-03 1.404320e-01
116 8.507360e-01 7.448000e-03 1.418160e-01
117 8.493880e-01 7.504000e-03 1.431080e-01
118 8.481080e-01 7.512000e-03 1.443800e-01
119 8.469040e-01 7.480000e-03 1.456160e-01
120 8.455800e-01 7.504000e-03 1.469160e-01
121 8.443400e-01 7.324000e-03 1.483360e-01
122 8.432120e-01 7.092000e-03 1.496960e-01
123 8.420360e-01 7.120000e-03 1.508440e-01
124 8.407960e-01 7.148000e-03 1.520560e-01
125 8.394440e-01 7.220000e-03 1.533360e-01
126 8.381600e-01 7.152000e-03 1.546880e-01
127 8.367200e-01 7.284000e-03 1.559960e-01
128 8.354960e-01 7.164000e-03 1.573400e-01
129 8.342840e-01 7.108000e-03 1.586080e-01
130 8.330400e-01 7.016000e-03 1.599440e-01
131 8.319400e-01 6.796000e-03 1.612640e-01
132 8.307760e-01 6.828000e-03 1.623960e-01
133 8.296080e-01 6.760000e-03 1.636320e-01
134 8.284040e-01 6.784000e-03 1.648120e-01
135 8.271760e-01 6.800000e-03 1.660240e-01
136 8.259440e-01 6.804000e-03 1.672520e-01
137 8.247600e-01 6.740000e-03 1.685000e-01
138 8.235400e-01 6.708000e-03 1.697520e-01
139 8.224600e-01 6.608000e-03 1.709320e-01
140 8.214440e-01 6.428000e-03 1.721280e-01
141 8.203040e-01 6.444000e-03 1.732520e-01
142 8.192920e-01 6.360000e-03 1.743480e-01
143 8.182480e-01 6.292000e-03 1.754600e-01
144 8.171920e-01 6.176000e-03 1.766320e-01
145 8.161760e-01 6.164000e-03 1.776600e-01
146 8.151280e-01 6.120000e-03 1.787520e-01
147 8.141720e-01 6.036000e-03 1.797920e-01
148 8.130080e-01 6.136000e-03 1.808560e-01
149 8.117680e-01 6.316000e-03 1.819160e-01
150 8.107360e-01 6.352000e-03 1.829120e-01
151 8.096320e-01 6.444000e-03 1.839240e-01
152 8.085160e-01 6.528000e-03 1.849560e-01
153 8.074160e-01 6.452000e-03 1.861320e-01
154 8.062760e-01 6.432000e-03 1.872920e-01
155 8.052200e-01 6.464000e-03 1.883160e-01
156 8.041080e-01 6.488000e-03 1.894040e-01
157 8.029680e-01 6.432000e-03 1.906000e-01
158 8.018840e-01 6.428000e-03 1.916880e-01
159 8.008520e-01 6.364000e-03 1.927840e-01
160 7.996640e-01 6.500000e-03 1.938360e-01
161 7.985640e-01 6.264000e-03 1.951720e-01
162 7.973840e-01 6.320000e-03 1.962960e-01
163 7.962720e-01 6.304000e-03 1.974240e-01
164 7.951680e-01 6.316000e-03 1.985160e-01
165 7.941840e-01 6.136000e-03 1.996800e-01
166 7.931720e-01 6.020000e-03 2.008080e-01
167 7.921400e-01 5.908000e-03 2.019520e-01
168 7.912720e-01 5.816000e-03 2.029120e-01
169 7.902400e-01 5.960000e-03 2.038000e-01
170 7.891840e-01 5.924000e-03 2.048920e-01
171 7.881240e-01 5.880000e-03 2.059960e-01
172 7.870040e-01 6.064000e-03 2.069320e-01
173 7.858520e-01 6.176000e-03 2.079720e-01
174 7.847480e-01 6.152000e-03 2.091000e-01
175 7.836240e-01 6.220000e-03 2.101560e-01
176 7.825640e-01 6.200000e-03 2.112360e-01
177 7.815200e-01 6.112000e-03 2.123680e-01
178 7.804800e-01 6.108000e-03 2.134120e-01
179 7.795000e-01 5.960000e-03 2.145400e-01
180 7.786080e-01 6.024000e-03 2.153680e-01
181 7.776080e-01 5.984000e-03 2.164080e-01
182 7.766560e-01 5.912000e-03 2.174320e-01
183 7.757600e-01 5.788000e-03 2.184520e-01
184 7.746680e-01 5.976000e-03 2.193560e-01
185 7.735880e-01 5.968000e-03 2.204440e-01
186 7.726960e-01 5.964000e-03 2.213400e-01
187 7.716040e-01 6.012000e-03 2.223840e-01
188 7.705680e-01 6.020000e-03 2.234120e-01
189 7.694960e-01 6.024000e-03 2.244800e-01
190 7.685240e-01 5.916000e-03 2.255600e-01
191 7.676760e-01 5.748000e-03 2.265760e-01
192 7.667560e-01 5.632000e-03 2.276120e-01
193 7.658520e-01 5.496000e-03 2.286520e-01
194 7.649440e-01 5.480000e-03 2.295760e-01
195 7.640200e-01 5.348000e-03 2.306320e-01
196 7.631120e-01 5.272000e-03 2.316160e-01
197 7.621640e-01 5.340000e-03 2.324960e-01
198 7.612200e-01 5.372000e-03 2.334080e-01
199 7.602160e-01 5.404000e-03 2.343800e-01
200 7.591680e-01 5.584000e-03 2.352480e-01
201 7.582240e-01 5.592000e-03 2.361840e-01
202 7.571560e-01 5.680000e-03 2.371640e-01
203 7.561880e-01 5.648000e-03 2.381640e-01
204 7.551680e-01 5.696000e-03 2.391360e-01
205 7.542080e-01 5.596000e-03 2.401960e-01
206 7.530760e-01 5.620000e-03 2.413040e-01
207 7.520320e-01 5.688000e-03 2.422800e-01
208 7.509600e-01 5.656000e-03 2.433840e-01
209 7.499520e-01 5.648000e-03 2.444000e-01
210 7.487880e-01 5.868000e-03 2.453440e-01
211 7.476440e-01 5.872000e-03 2.464840e-01
212 7.464880e-01 5.956000e-03 2.475560e-01
213 7.453520e-01 6.136000e-03 2.485120e-01
214 7.440760e-01 6.228000e-03 2.496960e-01
215 7.428800e-01 6.368000e-03 2.507520e-01
216 7.417640e-01 6.292000e-03 2.519440e-01
217 7.404880e-01 6.392000e-03 2.531200e-01
218 7.393680e-01 6.344000e-03 2.542880e-01
219 7.382960e-01 6.344000e-03 2.553600e-01
220 7.370960e-01 6.356000e-03 2.565480e-01
221 7.360280e-01 6.300000e-03 2.576720e-01
222 7.347760e-01 6.424000e-03 2.588000e-01
223 7.335160e-01 6.592000e-03 2.598920e-01
224 7.324720e-01 6.484000e-03 2.610440e-01
225 7.314080e-01 6.388000e-03 2.622040e-01
226 7.303840e-01 6.268000e-03 2.633480e-01
227 7.292680e-01 6.352000e-03 2.643800e-01
228 7.281360e-01 6.332000e-03 2.655320e-01
229 7.271880e-01 6.216000e-03 2.665960e-01
230 7.262240e-01 5.964000e-03 2.678120e-01
231 7.252640e-01 5.816000e-03 2.689200e-01
232 7.243440e-01 5.848000e-03 2.698080e-01
233 7.233680e-01 5.824000e-03 2.708080e-01
234 7.223040e-01 5.812000e-03 2.718840e-01
235 7.212120e-01 5.996000e-03 2.727920e-01
236 7.199160e-01 6.280000e-03 2.738040e-01
237 7.187920e-01 6.340000e-03 2.748680e-01
238 7.176280e-01 6.344000e-03 2.760280e-01
239 7.165560e-01 6.228000e-03 2.772160e-01
240 7.155280e-01 6.196000e-03 2.782760e-01
241 7.146480e-01 5.956000e-03 2.793960e-01
242 7.137000e-01 5.900000e-03 2.804000e-01
243 7.129240e-01 5.536000e-03 2.815400e-01
244 7.120480e-01 5.456000e-03 2.824960e-01
245 7.111880e-01 5.344000e-03 2.834680e-01
246 7.103360e-01 5.300000e-03 2.843640e-01
247 7.095320e-01 5.172000e-03 2.852960e-01
248 7.087000e-01 5.116000e-03 2.861840e-01
249 7.078640e-01 5.092000e-03 2.870440e-01
250 7.069560e-01 5.148000e-03 2.878960e-01
251 7.061120e-01 5.172000e-03 2.887160e-01
252 7.052680e-01 4.944000e-03 2.897880e-01
253 7.045160e-01 4.796000e-03 2.906880e-01
254 7.036240e-01 4.856000e-03 2.915200e-01
255 7.028120e-01 4.800000e-03 2.923880e-01
256 7.020080e-01 4.744000e-03 2.932480e-01
257 7.011400e-01 4.796000e-03 2.940640e-01
258 7.003960e-01 4.760000e-03 2.948440e-01
259 6.996000e-01 4.788000e-03 2.956120e-01
260 6.987320e-01 4.784000e-03 2.964840e-01
261 6.979080e-01 4.756000e-03 2.973360e-01
262 6.970480e-01 4.780000e-03 2.981720e-01
263 6.962320e-01 4.756000e-03 2.990120e-01
264 6.953360e-01 4.816000e-03 2.998480e-01
265 6.944120e-01 4.808000e-03 3.007800e-01
266 6.935000e-01 4.728000e-03 3.017720e-01
267 6.926200e-01 4.764000e-03 3.026160e-01
268 6.916040e-01 4.932000e-03 3.034640e-01
269 6.906600e-01 5.044000e-03 3.042960e-01
270 6.896880e-01 5.088000e-03 3.052240e-01
271 6.887960e-01 5.064000e-03 3.061400e-01
272 6.879920e-01 5.072000e-03 3.069360e-01
273 6.871720e-01 5.032000e-03 3.077960e-01
274 6.863400e-01 5.024000e-03 3.086360e-01
275 6.855400e-01 4.900000e-03 3.095600e-01
276 6.846960e-01 4.880000e-03 3.104240e-01
277 6.840160e-01 4.736000e-03 3.112480e-01
278 6.832320e-01 4.744000e-03 3.120240e-01
279 6.824760e-01 4.684000e-03 3.128400e-01
280 6.817480e-01 4.656000e-03 3.135960e-01
281 6.810680e-01 4.612000e-03 3.143200e-01
282 6.803200e-01 4.552000e-03 3.151280e-01
283 6.796560e-01 4.472000e-03 3.158720e-01
284 6.788640e-01 4.548000e-03 3.165880e-01
285 6.781040e-01 4.540000e-03 3.173560e-01
286 6.773360e-01 4.480000e-03 3.181840e-01
287 6.766760e-01 4.332000e-03 3.189920e-01
288 6.759400e-01 4.368000e-03 3.196920e-01
289 6.752080e-01 4.316000e-03 3.204760e-01
290 6.744480e-01 4.288000e-03 3.212640e-01
291 6.738280e-01 4.140000e-03 3.220320e-01
292 6.731560e-01 4.032000e-03 3.228120e-01
293 6.722840e-01 4.284000e-03 3.234320e-01
294 6.716040e-01 4.196000e-03 3.242000e-01
295 6.708480e-01 4.252000e-03 3.249000e-01
296 6.701720e-01 4.172000e-03 3.256560e-01
297 6.696400e-01 3.940000e-03 3.264200e-01
298 6.689400e-01 3.916000e-03 3.271440e-01
299 6.683280e-01 3.924000e-03 3.277480e-01
300 6.675560e-01 3.960000e-03 3.284840e-01
301 6.669800e-01 3.808000e-03 3.292120e-01
302 6.662840e-01 3.892000e-03 3.298240e-01
303 6.655560e-01 3.904000e-03 3.305400e-01
304 6.649360e-01 3.900000e-03 3.311640e-01
305 6.643720e-01 3.764000e-03 3.318640e-01
306 6.638920e-01 3.596000e-03 3.325120e-01
307 6.633000e-01 3.560000e-03 3.331400e-01
308 6.626880e-01 3.496000e-03 3.338160e-01
309 6.620880e-01 3.476000e-03 3.344360e-01
310 6.614520e-01 3.528000e-03 3.350200e-01
311 6.608040e-01 3.568000e-03 3.356280e-01
312 6.602080e-01 3.564000e-03 3.362280e-01
313 6.595840e-01 3.508000e-03 3.369080e-01
314 6.589880e-01 3.472000e-03 3.375400e-01
315 6.584280e-01 3.460000e-03 3.381120e-01
316 6.578600e-01 3.440000e-03 3.387000e-01
317 6.573480e-01 3.348000e-03 3.393040e-01
318 6.567480e-01 3.320000e-03 3.399320e-01
319 6.563280e-01 3.212000e-03 3.404600e-01
320 6.557880e-01 3.236000e-03 3.409760e-01
321 6.552440e-01 3.144000e-03 3.416120e-01
322 6.547840e-01 3.108000e-03 3.421080e-01
323 6.542920e-01 3.088000e-03 3.426200e-01
324 6.538480e-01 2.980000e-03 3.431720e-01
325 6.533320e-01 3.060000e-03 3.436080e-01
326 6.528720e-01 2.952000e-03 3.441760e-01
327 6.523920e-01 3.060000e-03 3.445480e-01
328 6.519640e-01 2.976000e-03 3.450600e-01
329 6.515280e-01 2.916000e-03 3.455560e-01
330 6.510840e-01 2.848000e-03 3.460680e-01
331 6.506080e-01 2.908000e-03 3.464840e-01
332 6.500640e-01 2.940000e-03 3.469960e-01
333 6.495800e-01 2.932000e-03 3.474880e-01
334 6.490200e-01 2.992000e-03 3.479880e-01
335 6.484920e-01 3.088000e-03 3.484200e-01
336 6.479320e-01 2.988000e-03 3.490800e-01
337 6.473520e-01 3.084000e-03 3.495640e-01
338 6.467800e-01 3.144000e-03 3.500760e-01
339 6.461400e-01 3.132000e-03 3.507280e-01
340 6.455640e-01 3.228000e-03 3.512080e-01
341 6.450960e-01 3.108000e-03 3.517960e-01
342 6.446200e-01 3.044000e-03 3.523360e-01
343 6.440080e-01 3.168000e-03 3.528240e-01
344 6.434440e-01 3.168000e-03 3.533880e-01
345 6.429800e-01 3.064000e-03 3.539560e-01
346 6.425000e-01 3.048000e-03 3.544520e-01
347 6.419520e-01 3.080000e-03 3.549680e-01
348 6.413800e-01 3.076000e-03 3.555440e-01
349 6.409040e-01 3.004000e-03 3.560920e-01
350 6.404160e-01 2.904000e-03 3.566800e-01
351 6.398960e-01 2.936000e-03 3.571680e-01
352 6.394320e-01 2.836000e-03 3.577320e-01
353 6.389240e-01 2.776000e-03 3.583000e-01
354 6.385080e-01 2.752000e-03 3.587400e-01
355 6.380840e-01 2.652000e-03 3.592640e-01
356 6.376280e-01 2.660000e-03 3.597120e-01
357 6.373360e-01 2.468000e-03 3.601960e-01
358 6.368680e-01 2.528000e-03 3.606040e-01
359 6.364800e-01 2.500000e-03 3.610200e-01
360 6.360480e-01 2.492000e-03 3.614600e-01
361 6.355920e-01 2.416000e-03 3.619920e-01
362 6.351720e-01 2.440000e-03 3.623880e-01
363 6.347520e-01 2.448000e-03 3.628000e-01
364 6.343080e-01 2.400000e-03 3.632920e-01
365 6.338600e-01 2.368000e-03 3.637720e-01
366 6.335560e-01 2.248000e-03 3.641960e-01
367 6.331560e-01 2.236000e-03 3.646080e-01
368 6.327880e-01 2.284000e-03 3.649280e-01
369 6.324200e-01 2.256000e-03 3.653240e-01
370 6.320600e-01 2.220000e-03 3.657200e-01
371 6.316960e-01 2.208000e-03 3.660960e-01
372 6.313720e-01 2.088000e-03 3.665400e-01
373 6.309720e-01 2.144000e-03 3.668840e-01
374 6.306440e-01 2.092000e-03 3.672640e-01
375 6.302160e-01 2.052000e-03 3.677320e-01
376 6.298520e-01 2.020000e-03 3.681280e-01
377 6.295120e-01 1.992000e-03 3.684960e-01
378 6.291520e-01 1.996000e-03 3.688520e-01
379 6.287960e-01 2.028000e-03 3.691760e-01
380 6.285360e-01 1.952000e-03 3.695120e-01
381 6.281920e-01 1.928000e-03 3.698800e-01
382 6.278400e-01 1.928000e-03 3.702320e-01
383 6.274640e-01 1.948000e-03 3.705880e-01
384 6.270880e-01 2.004000e-03 3.709080e-01
385 6.267040e-01 2.024000e-03 3.712720e-01
386 6.263400e-01 1.976000e-03 3.716840e-01
387 6.259720e-01 2.040000e-03 3.719880e-01
388 6.256840e-01 1.924000e-03 3.723920e-01
389 6.253960e-01 1.872000e-03 3.727320e-01
390 6.250440e-01 1.864000e-03 3.730920e-01
391 6.247040e-01 1.888000e-03 3.734080e-01
392 6.243400e-01 1.900000e-03 3.737600e-01
393 6.241040e-01 1.792000e-03 3.741040e-01
394 6.238520e-01 1.732000e-03 3.744160e-01
395 6.235360e-01 1.764000e-03 3.747000e-01
396 6.232120e-01 1.772000e-03 3.750160e-01
397 6.229280e-01 1.716000e-03 3.753560e-01
398 6.225880e-01 1.772000e-03 3.756400e-01
399 6.221880e-01 1.824000e-03 3.759880e-01
400 6.218680e-01 1.788000e-03 3.763440e-01
401 6.215440e-01 1.800000e-03 3.766560e-01
402 6.211920e-01 1.876000e-03 3.769320e-01
403 6.207960e-01 1.924000e-03 3.772800e-01
404 6.205120e-01 1.876000e-03 3.776120e-01
405 6.201880e-01 1.880000e-03 3.779320e-01
406 6.198600e-01 1.864000e-03 3.782760e-01
407 6.195920e-01 1.784000e-03 3.786240e-01
408 6.191960e-01 1.888000e-03 3.789160e-01
409 6.189000e-01 1.816000e-03 3.792840e-01
410 6.185920e-01 1.784000e-03 3.796240e-01
411 6.183640e-01 1.700000e-03 3.799360e-01
412 6.180800e-01 1.628000e-03 3.802920e-01
413 6.178120e-01 1.632000e-03 3.805560e-01
414 6.175320e-01 1.632000e-03 3.808360e-01
415 6.172600e-01 1.612000e-03 3.811280e-01
416 6.169720e-01 1.640000e-03 3.813880e-01
417 6.166840e-01 1.616000e-03 3.817000e-01
418 6.164840e-01 1.524000e-03 3.819920e-01
419 6.162480e-01 1.508000e-03 3.822440e-01
420 6.160720e-01 1.456000e-03 3.824720e-01
421 6.158560e-01 1.396000e-03 3.827480e-01
422 6.156840e-01 1.336000e-03 3.829800e-01
423 6.154680e-01 1.368000e-03 3.831640e-01
424 6.152960e-01 1.312000e-03 3.833920e-01
425 6.151000e-01 1.336000e-03 3.835640e-01
426 6.148680e-01 1.356000e-03 3.837760e-01
427 6.146440e-01 1.404000e-03 3.839520e-01
428 6.144080e-01 1.392000e-03 3.842000e-01
429 6.141600e-01 1.372000e-03 3.844680e-01
430 6.139760e-01 1.364000e-03 3.846600e-01
431 6.137200e-01 1.380000e-03 3.849000e-01
432 6.134960e-01 1.384000e-03 3.851200e-01
433 6.133080e-01 1.324000e-03 3.853680e-01
434 6.131320e-01 1.276000e-03 3.855920e-01
435 6.129360e-01 1.244000e-03 3.858200e-01
436 6.127240e-01 1.244000e-03 3.860320e-01
437 6.124360e-01 1.276000e-03 3.862880e-01
438 6.122280e-01 1.224000e-03 3.865480e-01
439 6.120040e-01 1.264000e-03 3.867320e-01
440 6.118280e-01 1.236000e-03 3.869360e-01
441 6.116480e-01 1.168000e-03 3.871840e-01
442 6.114320e-01 1.196000e-03 3.873720e-01
443 6.112320e-01 1.204000e-03 3.875640e-01
444 6.110520e-01 1.188000e-03 3.877600e-01
445 6.108400e-01 1.180000e-03 3.879800e-01
446 6.106280e-01 1.200000e-03 3.881720e-01
447 6.103880e-01 1.236000e-03 3.883760e-01
448 6.102480e-01 1.152000e-03 3.886000e-01
449 6.100880e-01 1.108000e-03 3.888040e-01
450 6.099240e-01 1.048000e-03 3.890280e-01
451 6.097200e-01 1.096000e-03 3.891840e-01
452 6.095200e-01 1.124000e-03 3.893560e-01
453 6.092840e-01 1.144000e-03 3.895720e-01
454 6.091200e-01 1.108000e-03 3.897720e-01
455 6.089640e-01 1.104000e-03 3.899320e-01
456 6.087840e-01 1.144000e-03 3.900720e-01
457 6.085920e-01 1.100000e-03 3.903080e-01
458 6.083800e-01 1.116000e-03 3.905040e-01
459 6.082280e-01 1.084000e-03 3.906880e-01
460 6.080880e-01 1.036000e-03 3.908760e-01
461 6.078920e-01 1.096000e-03 3.910120e-01
462 6.077080e-01 1.104000e-03 3.911880e-01
463 6.075080e-01 1.116000e-03 3.913760e-01
464 6.073440e-01 1.120000e-03 3.915360e-01
465 6.071760e-01 1.044000e-03 3.917800e-01
466 6.070200e-01 1.040000e-03 3.919400e-01
467 6.068840e-01 9.360000e-04 3.921800e-01
468 6.067680e-01 9.040000e-04 3.923280e-01
469 6.066240e-01 9.120000e-04 3.924640e-01
470 6.064800e-01 8.920000e-04 3.926280e-01
471 6.063400e-01 8.760000e-04 3.927840e-01
472 6.061960e-01 8.840000e-04 3.929200e-01
473 6.061160e-01 8.160000e-04 3.930680e-01
474 6.059760e-01 8.040000e-04 3.932200e-01
475 6.058400e-01 7.720000e-04 3.933880e-01
476 6.057440e-01 7.560000e-04 3.935000e-01
477 6.055760e-01 8.160000e-04 3.936080e-01
478 6.054400e-01 7.880000e-04 3.937720e-01
479 6.053240e-01 7.560000e-04 3.939200e-01
480 6.051960e-01 7.320000e-04 3.940720e-01
481 6.050640e-01 6.920000e-04 3.942440e-01
482 6.049080e-01 7.040000e-04 3.943880e-01
483 6.048200e-01 6.920000e-04 3.944880e-01
484 6.047280e-01 6.200000e-04 3.946520e-01
485 6.046080e-01 6.040000e-04 3.947880e-01
486 6.044760e-01 6.560000e-04 3.948680e-01
487 6.043080e-01 7.040000e-04 3.949880e-01
488 6.041640e-01 7.320000e-04 3.951040e-01
489 6.039640e-01 8.200000e-04 3.952160e-01
490 6.038480e-01 8.080000e-04 3.953440e-01
491 6.037280e-01 7.840000e-04 3.954880e-01
492 6.036080e-01 7.760000e-04 3.956160e-01
493 6.035080e-01 7.360000e-04 3.957560e-01
494 6.033960e-01 7.160000e-04 3.958880e-01
495 6.032320e-01 7.720000e-04 3.959960e-01
496 6.031360e-01 7.480000e-04 3.961160e-01
497 6.030520e-01 6.880000e-04 3.962600e-01
498 6.029720e-01 6.560000e-04 3.963720e-01
499 6.028560e-01 6.560000e-04 3.964880e-01
500 6.028000e-01 6.120000e-04 3.965880e-01
