1 9.992440e-01 6.640000e-04 9.200000e-05
2 9.987720e-01 9.560000e-04 2.720000e-04
3 9.982280e-01 1.264000e-03 5.080000e-04
4 9.975400e-01 1.696000e-03 7.640000e-04
5 9.968400e-01 2.048000e-03 1.112000e-03
6 9.960120e-01 2.524000e-03 1.464000e-03
7 9.952040e-01 2.864000e-03 1.932000e-03
8 9.942040e-01 3.368000e-03 2.428000e-03
9 9.933160e-01 3.672000e-03 3.012000e-03
10 9.923200e-01 4.032000e-03 3.648000e-03
11 9.914120e-01 4.200000e-03 4.388000e-03
12 9.903600e-01 4.496000e-03 5.144000e-03
13 9.894200e-01 4.520000e-03 6.060000e-03
14 9.883880e-01 4.796000e-03 6.816000e-03
15 9.873680e-01 5.048000e-03 7.584000e-03
16 9.862440e-01 5.244000e-03 8.512000e-03
17 9.852280e-01 5.308000e-03 9.464000e-03
18 9.839760e-01 5.652000e-03 1.037200e-02
19 9.827400e-01 5.932000e-03 1.132800e-02
20 9.815800e-01 6.068000e-03 1.235200e-02
21 9.803800e-01 6.240000e-03 1.338000e-02
22 9.791000e-01 6.304000e-03 1.459600e-02
23 9.776640e-01 6.620000e-03 1.571600e-02
24 9.764000e-01 6.588000e-03 1.701200e-02
25 9.751560e-01 6.648000e-03 1.819600e-02
26 9.737640e-01 6.960000e-03 1.927600e-02
27 9.725240e-01 6.972000e-03 2.050400e-02
28 9.710960e-01 7.160000e-03 2.174400e-02
29 9.696240e-01 7.332000e-03 2.304400e-02
30 9.682760e-01 7.276000e-03 2.444800e-02
31 9.669600e-01 7.176000e-03 2.586400e-02
32 9.654920e-01 7.384000e-03 2.712400e-02
33 9.639400e-01 7.524000e-03 2.853600e-02
34 9.625680e-01 7.564000e-03 2.986800e-02
35 9.611640e-01 7.692000e-03 3.114400e-02
36 9.596520e-01 7.780000e-03 3.256800e-02
37 9.581720e-01 7.968000e-03 3.386000e-02
38 9.566280e-01 8.104000e-03 3.526800e-02
39 9.549080e-01 8.256000e-03 3.683600e-02
40 9.533800e-01 8.428000e-03 3.819200e-02
41 9.518400e-01 8.500000e-03 3.966000e-02
42 9.502600e-01 8.500000e-03 4.124000e-02
43 9.488280e-01 8.468000e-03 4.270400e-02
44 9.473120e-01 8.600000e-03 4.408800e-02
45 9.458000e-01 8.704000e-03 4.549600e-02
46 9.443440e-01 8.532000e-03 4.712400e-02
47 9.429760e-01 8.536000e-03 4.848800e-02
48 9.414920e-01 8.552000e-03 4.995600e-02
49 9.398000e-01 8.716000e-03 5.148400e-02
50 9.380520e-01 8.880000e-03 5.306800e-02
51 9.363840e-01 8.904000e-03 5.471200e-02
52 9.346960e-01 8.940000e-03 5.636400e-02
53 9.331480e-01 8.992000e-03 5.786000e-02
54 9.316120e-01 8.980000e-03 5.940800e-02
55 9.299800e-01 9.108000e-03 6.091200e-02
56 9.282640e-01 9.188000e-03 6.254800e-02
57 9.266600e-01 9.124000e-03 6.421600e-02
58 9.249240e-01 9.296000e-03 6.578000e-02
59 9.231600e-01 9.368000e-03 6.747200e-02
60 9.213240e-01 9.516000e-03 6.916000e-02
61 9.197160e-01 9.472000e-03 7.081200e-02
62 9.181600e-01 9.336000e-03 7.250400e-02
63 9.163960e-01 9.504000e-03 7.410000e-02
64 9.147200e-01 9.576000e-03 7.570400e-02
65 9.130840e-01 9.620000e-03 7.729600e-02
66 9.115120e-01 9.560000e-03 7.892800e-02
67 9.098880e-01 9.560000e-03 8.055200e-02
68 9.082040e-01 9.728000e-03 8.206800e-02
69 9.066320e-01 9.660000e-03 8.370800e-02
70 9.048840e-01 9.776000e-03 8.534000e-02
71 9.032000e-01 9.624000e-03 8.717600e-02
72 9.015520e-01 9.664000e-03 8.878400e-02
73 8.999440e-01 9.636000e-03 9.042000e-02
74 8.984640e-01 9.412000e-03 9.212400e-02
75 8.967360e-01 9.528000e-03 9.373600e-02
76 8.951840e-01 9.368000e-03 9.544800e-02
77 8.935240e-01 9.356000e-03 9.712000e-02
78 8.919520e-01 9.440000e-03 9.860800e-02
79 8.904480e-01 9.428000e-03 1.001240e-01
80 8.887120e-01 9.608000e-03 1.016800e-01
81 8.869760e-01 9.672000e-03 1.033520e-01
82 8.854720e-01 9.448000e-03 1.050800e-01
83 8.839680e-01 9.284000e-03 1.067480e-01
84 8.823320e-01 9.368000e-03 1.083000e-01
85 8.808000e-01 9.256000e-03 1.099440e-01
86 8.791880e-01 9.148000e-03 1.116640e-01
87 8.775600e-01 9.240000e-03 1.132000e-01
88 8.759400e-01 9.344000e-03 1.147160e-01
89 8.742760e-01 9.356000e-03 1.163680e-01
90 8.727320e-01 9.136000e-03 1.181320e-01
91 8.710000e-01 9.300000e-03 1.197000e-01
92 8.693480e-01 9.372000e-03 1.212800e-01
93 8.676840e-01 9.348000e-03 1.229680e-01
94 8.660720e-01 9.396000e-03 1.245320e-01
95 8.643840e-01 9.472000e-03 1.261440e-01
96 8.627160e-01 9.612000e-03 1.276720e-01
97 8.612560e-01 9.416000e-03 1.293280e-01
98 8.596720e-01 9.508000e-03 1.308200e-01
99 8.581200e-01 9.408000e-03 1.324720e-01
100 8.565000e-01 9.396000e-03 1.341040e-01
101 8.548040e-01 9.440000e-03 1.357560e-01
102 8.530200e-01 9.612000e-03 1.373680e-01
103 8.513200e-01 9.640000e-03 1.390400e-01
104 8.497640e-01 9.364000e-03 1.408720e-01
105 8.480600e-01 9.420000e-03 1.425200e-01
106 8.464600e-01 9.320000e-03 1.442200e-01
107 8.449680e-01 9.072000e-03 1.459600e-01
108 8.436240e-01 9.004000e-03 1.473720e-01
109 8.419480e-01 8.980000e-03 1.490720e-01
110 8.403400e-01 9.032000e-03 1.506280e-01
111 8.388000e-01 9.004000e-03 1.521960e-01
112 8.372720e-01 8.960000e-03 1.537680e-01
113 8.358040e-01 8.888000e-03 1.553080e-01
114 8.342880e-01 8.924000e-03 1.567880e-01
115 8.327880e-01 9.036000e-03 1.581760e-01
116 8.312360e-01 8.988000e-03 1.597760e-01
117 8.297000e-01 8.988000e-03 1.613120e-01
118 8.283400e-01 8.748000e-03 1.629120e-01
119 8.268120e-01 8.732000e-03 1.644560e-01
120 8.254360e-01 8.364000e-03 1.662000e-01
121 8.239960e-01 8.320000e-03 1.676840e-01
122 8.225080e-01 8.368000e-03 1.691240e-01
123 8.211720e-01 8.336000e-03 1.704920e-01
124 8.198440e-01 8.224000e-03 1.719320e-01
125 8.186480e-01 8.096000e-03 1.732560e-01
126 8.174680e-01 7.748000e-03 1.747840e-01
127 8.161600e-01 7.664000e-03 1.761760e-01
128 8.148040e-01 7.668000e-03 1.775280e-01
129 8.136320e-01 7.484000e-03 1.788840e-01
130 8.124120e-01 7.356000e-03 1.802320e-01
131 8.111160e-01 7.348000e-03 1.815360e-01
132 8.097440e-01 7.428000e-03 1.828280e-01
133 8.085600e-01 7.252000e-03 1.841880e-01
134 8.074000e-01 7.172000e-03 1.854280e-01
135 8.061440e-01 7.204000e-03 1.866520e-01
136 8.048960e-01 7.176000e-03 1.879280e-01
137 8.037560e-01 7.056000e-03 1.891880e-01
138 8.026280e-01 7.012000e-03 1.903600e-01
139 8.013520e-01 7.112000e-03 1.915360e-01
140 8.001640e-01 6.992000e-03 1.928440e-01
141 7.990120e-01 6.892000e-03 1.940960e-01
142 7.979000e-01 6.800000e-03 1.953000e-01
143 7.967240e-01 6.780000e-03 1.964960e-01
144 7.954080e-01 6.804000e-03 1.977880e-01
145 7.942960e-01 6.732000e-03 1.989720e-01
146 7.931840e-01 6.604000e-03 2.002120e-01
147 7.919480e-01 6.796000e-03 2.012560e-01
148 7.908240e-01 6.856000e-03 2.023200e-01
149 7.895920e-01 6.872000e-03 2.035360e-01
150 7.884560e-01 6.960000e-03 2.045840e-01
151 7.872120e-01 7.000000e-03 2.057880e-01
152 7.860360e-01 6.884000e-03 2.070800e-01
153 7.848960e-01 6.824000e-03 2.082800e-01
154 7.837320e-01 6.780000e-03 2.094880e-01
155 7.825800e-01 6.740000e-03 2.106800e-01
156 7.813520e-01 6.740000e-03 2.119080e-01
157 7.801600e-01 6.724000e-03 2.131160e-01
158 7.791040e-01 6.700000e-03 2.141960e-01
159 7.780080e-01 6.620000e-03 2.153720e-01
160 7.769400e-01 6.396000e-03 2.166640e-01
161 7.757920e-01 6.436000e-03 2.177720e-01
162 7.747920e-01 6.444000e-03 2.187640e-01
163 7.737120e-01 6.396000e-03 2.198920e-01
164 7.726600e-01 6.352000e-03 2.209880e-01
165 7.717320e-01 6.288000e-03 2.219800e-01
166 7.708080e-01 6.024000e-03 2.231680e-01
167 7.698360e-01 6.072000e-03 2.240920e-01
168 7.689480e-01 5.916000e-03 2.251360e-01
169 7.679360e-01 5.952000e-03 2.261120e-01
170 7.670280e-01 5.708000e-03 2.272640e-01
171 7.661520e-01 5.640000e-03 2.282080e-01
172 7.652280e-01 5.640000e-03 2.291320e-01
173 7.643360e-01 5.588000e-03 2.300760e-01
174 7.633640e-01 5.672000e-03 2.309640e-01
175 7.624200e-01 5.564000e-03 2.320160e-01
176 7.613760e-01 5.556000e-03 2.330680e-01
177 7.603920e-01 5.592000e-03 2.340160e-01
178 7.593280e-01 5.612000e-03 2.350600e-01
179 7.581880e-01 5.756000e-03 2.360560e-01
180 7.570440e-01 5.884000e-03 2.370720e-01
181 7.559160e-01 5.936000e-03 2.381480e-01
182 7.548040e-01 6.004000e-03 2.391920e-01
183 7.537400e-01 5.976000e-03 2.402840e-01
184 7.527880e-01 5.864000e-03 2.413480e-01
185 7.518080e-01 5.760000e-03 2.424320e-01
186 7.506640e-01 5.880000e-03 2.434560e-01
187 7.496800e-01 5.876000e-03 2.444440e-01
188 7.486680e-01 5.912000e-03 2.454200e-01
189 7.477320e-01 5.844000e-03 2.464240e-01
190 7.467600e-01 5.808000e-03 2.474320e-01
191 7.458440e-01 5.660000e-03 2.484960e-01
192 7.448120e-01 5.676000e-03 2.495120e-01
193 7.438520e-01 5.720000e-03 2.504280e-01
194 7.429280e-01 5.728000e-03 2.513440e-01
195 7.421120e-01 5.456000e-03 2.524320e-01
196 7.411800e-01 5.436000e-03 2.533840e-01
197 7.403040e-01 5.364000e-03 2.543320e-01
198 7.393120e-01 5.408000e-03 2.552800e-01
199 7.383800e-01 5.348000e-03 2.562720e-01
200 7.374120e-01 5.376000e-03 2.572120e-01
201 7.363480e-01 5.500000e-03 2.581520e-01
202 7.354840e-01 5.412000e-03 2.591040e-01
203 7.345920e-01 5.340000e-03 2.600680e-01
204 7.336520e-01 5.192000e-03 2.611560e-01
205 7.327800e-01 5.200000e-03 2.620200e-01
206 7.318400e-01 5.208000e-03 2.629520e-01
207 7.307760e-01 5.416000e-03 2.638080e-01
208 7.298840e-01 5.336000e-03 2.647800e-01
209 7.289800e-01 5.256000e-03 2.657640e-01
210 7.279440e-01 5.344000e-03 2.667120e-01
211 7.270040e-01 5.384000e-03 2.676120e-01
212 7.261120e-01 5.284000e-03 2.686040e-01
213 7.251920e-01 5.280000e-03 2.695280e-01
214 7.242400e-01 5.324000e-03 2.704360e-01
215 7.232800e-01 5.308000e-03 2.714120e-01
216 7.223960e-01 5.196000e-03 2.724080e-01
217 7.215760e-01 5.068000e-03 2.733560e-01
218 7.207680e-01 4.900000e-03 2.743320e-01
219 7.200160e-01 4.756000e-03 2.752280e-01
220 7.191960e-01 4.664000e-03 2.761400e-01
221 7.184400e-01 4.644000e-03 2.769160e-01
222 7.176360e-01 4.580000e-03 2.777840e-01
223 7.168720e-01 4.660000e-03 2.784680e-01
224 7.160160e-01 4.776000e-03 2.792080e-01
225 7.151640e-01 4.736000e-03 2.801000e-01
226 7.143480e-01 4.672000e-03 2.809800e-01
227 7.135760e-01 4.628000e-03 2.817960e-01
228 7.127360e-01 4.656000e-03 2.826080e-01
229 7.119560e-01 4.660000e-03 2.833840e-01
230 7.112520e-01 4.616000e-03 2.841320e-01
231 7.104200e-01 4.560000e-03 2.850200e-01
232 7.095080e-01 4.672000e-03 2.858200e-01
233 7.086080e-01 4.736000e-03 2.866560e-01
234 7.077080e-01 4.720000e-03 2.875720e-01
235 7.067960e-01 4.788000e-03 2.884160e-01
236 7.058280e-01 4.892000e-03 2.892800e-01
237 7.050000e-01 4.840000e-03 2.901600e-01
238 7.041720e-01 4.808000e-03 2.910200e-01
239 7.033000e-01 4.776000e-03 2.919240e-01
240 7.025240e-01 4.740000e-03 2.927360e-01
241 7.017000e-01 4.708000e-03 2.935920e-01
242 7.008280e-01 4.772000e-03 2.944000e-01
243 6.999520e-01 4.816000e-03 2.952320e-01
244 6.991320e-01 4.728000e-03 2.961400e-01
245 6.983480e-01 4.660000e-03 2.969920e-01
246 6.975720e-01 4.592000e-03 2.978360e-01
247 6.969480e-01 4.476000e-03 2.985760e-01
248 6.962920e-01 4.364000e-03 2.993440e-01
249 6.954680e-01 4.340000e-03 3.001920e-01
250 6.947520e-01 4.324000e-03 3.009240e-01
251 6.939080e-01 4.416000e-03 3.016760e-01
252 6.930720e-01 4.432000e-03 3.024960e-01
253 6.922520e-01 4.412000e-03 3.033360e-01
254 6.914960e-01 4.392000e-03 3.041120e-01
255 6.908080e-01 4.284000e-03 3.049080e-01
256 6.901120e-01 4.248000e-03 3.056400e-01
257 6.894600e-01 4.140000e-03 3.064000e-01
258 6.888000e-01 4.120000e-03 3.070800e-01
259 6.882000e-01 4.068000e-03 3.077320e-01
260 6.875080e-01 4.036000e-03 3.084560e-01
261 6.868600e-01 3.992000e-03 3.091480e-01
262 6.861920e-01 3.908000e-03 3.099000e-01
263 6.854440e-01 3.944000e-03 3.106120e-01
264 6.847120e-01 3.940000e-03 3.113480e-01
265 6.840640e-01 3.940000e-03 3.119960e-01
266 6.833440e-01 4.016000e-03 3.126400e-01
267 6.827080e-01 4.004000e-03 3.132880e-01
268 6.819680e-01 3.900000e-03 3.141320e-01
269 6.812560e-01 3.936000e-03 3.148080e-01
270 6.805600e-01 4.024000e-03 3.154160e-01
271 6.798560e-01 3.996000e-03 3.161480e-01
272 6.791240e-01 4.020000e-03 3.168560e-01
273 6.783320e-01 4.136000e-03 3.175320e-01
274 6.774800e-01 4.296000e-03 3.182240e-01
275 6.766760e-01 4.288000e-03 3.190360e-01
276 6.759600e-01 4.260000e-03 3.197800e-01
277 6.753560e-01 4.104000e-03 3.205400e-01
278 6.746240e-01 4.124000e-03 3.212520e-01
279 6.738240e-01 4.192000e-03 3.219840e-01
280 6.731920e-01 4.080000e-03 3.227280e-01
281 6.724240e-01 4.152000e-03 3.234240e-01
282 6.718040e-01 4.132000e-03 3.240640e-01
283 6.710240e-01 4.116000e-03 3.248600e-01
284 6.703720e-01 4.096000e-03 3.255320e-01
285 6.696520e-01 4.120000e-03 3.262280e-01
286 6.689200e-01 4.040000e-03 3.270400e-01
287 6.682880e-01 3.944000e-03 3.277680e-01
288 6.675880e-01 3.904000e-03 3.285080e-01
289 6.669800e-01 3.836000e-03 3.291840e-01
290 6.663560e-01 3.708000e-03 3.299360e-01
291 6.657720e-01 3.720000e-03 3.305080e-01
292 6.651200e-01 3.732000e-03 3.311480e-01
293 6.645080e-01 3.696000e-03 3.317960e-01
294 6.637600e-01 3.800000e-03 3.324400e-01
295 6.630680e-01 3.824000e-03 3.331080e-01
296 6.624200e-01 3.848000e-03 3.337320e-01
297 6.617600e-01 3.828000e-03 3.344120e-01
298 6.612000e-01 3.704000e-03 3.350960e-01
299 6.606520e-01 3.584000e-03 3.357640e-01
300 6.599080e-01 3.724000e-03 3.363680e-01
301 6.592360e-01 3.796000e-03 3.369680e-01
302 6.585600e-01 3.840000e-03 3.376000e-01
303 6.578040e-01 3.868000e-03 3.383280e-01
304 6.570560e-01 3.924000e-03 3.390200e-01
305 6.563600e-01 3.860000e-03 3.397800e-01
306 6.556000e-01 3.940000e-03 3.404600e-01
307 6.549120e-01 3.940000e-03 3.411480e-01
308 6.542520e-01 3.916000e-03 3.418320e-01
309 6.535920e-01 3.924000e-03 3.424840e-01
310 6.530320e-01 3.820000e-03 3.431480e-01
311 6.524360e-01 3.740000e-03 3.438240e-01
312 6.519080e-01 3.664000e-03 3.444280e-01
313 6.513440e-01 3.664000e-03 3.449920e-01
314 6.507440e-01 3.700000e-03 3.455560e-01
315 6.502040e-01 3.556000e-03 3.462400e-01
316 6.497080e-01 3.484000e-03 3.468080e-01
317 6.491760e-01 3.512000e-03 3.473120e-01
318 6.487120e-01 3.364000e-03 3.479240e-01
319 6.482840e-01 3.260000e-03 3.484560e-01
320 6.477040e-01 3.352000e-03 3.489440e-01
321 6.471960e-01 3.256000e-03 3.495480e-01
322 6.467120e-01 3.196000e-03 3.500920e-01
323 6.462600e-01 3.060000e-03 3.506800e-01
324 6.458240e-01 3.016000e-03 3.511600e-01
325 6.453640e-01 2.928000e-03 3.517080e-01
326 6.448920e-01 2.916000e-03 3.521920e-01
327 6.443760e-01 2.920000e-03 3.527040e-01
328 6.440240e-01 2.740000e-03 3.532360e-01
329 6.436280e-01 2.644000e-03 3.537280e-01
330 6.433440e-01 2.492000e-03 3.541640e-01
331 6.428960e-01 2.536000e-03 3.545680e-01
332 6.424760e-01 2.560000e-03 3.549640e-01
333 6.420600e-01 2.512000e-03 3.554280e-01
334 6.416960e-01 2.416000e-03 3.558880e-01
335 6.413080e-01 2.448000e-03 3.562440e-01
336 6.409320e-01 2.384000e-03 3.566840e-01
337 6.405600e-01 2.336000e-03 3.571040e-01
338 6.400760e-01 2.380000e-03 3.575440e-01
339 6.396840e-01 2.340000e-03 3.579760e-01
340 6.393440e-01 2.304000e-03 3.583520e-01
341 6.390160e-01 2.260000e-03 3.587240e-01
342 6.387280e-01 2.156000e-03 3.591160e-01
343 6.384040e-01 2.112000e-03 3.594840e-01
344 6.380720e-01 2.092000e-03 3.598360e-01
345 6.377320e-01 2.108000e-03 3.601600e-01
346 6.374920e-01 1.988000e-03 3.605200e-01
347 6.371920e-01 1.976000e-03 3.608320e-01
348 6.369280e-01 1.912000e-03 3.611600e-01
349 6.366600e-01 1.852000e-03 3.614880e-01
350 6.364560e-01 1.780000e-03 3.617640e-01
351 6.361840e-01 1.784000e-03 3.620320e-01
352 6.358840e-01 1.788000e-03 3.623280e-01
353 6.356200e-01 1.772000e-03 3.626080e-01
354 6.353120e-01 1.808000e-03 3.628800e-01
355 6.350320e-01 1.776000e-03 3.631920e-01
356 6.347960e-01 1.688000e-03 3.635160e-01
357 6.345200e-01 1.736000e-03 3.637440e-01
358 6.341880e-01 1.772000e-03 3.640400e-01
359 6.339720e-01 1.660000e-03 3.643680e-01
360 6.337400e-01 1.572000e-03 3.646880e-01
361 6.334480e-01 1.544000e-03 3.650080e-01
362 6.331320e-01 1.600000e-03 3.652680e-01
363 6.328760e-01 1.568000e-03 3.655560e-01
364 6.325880e-01 1.608000e-03 3.658040e-01
365 6.322960e-01 1.588000e-03 3.661160e-01
366 6.319840e-01 1.628000e-03 3.663880e-01
367 6.317080e-01 1.540000e-03 3.667520e-01
368 6.314800e-01 1.460000e-03 3.670600e-01
369 6.312720e-01 1.420000e-03 3.673080e-01
370 6.310040e-01 1.400000e-03 3.675960e-01
371 6.307720e-01 1.404000e-03 3.678240e-01
372 6.305640e-01 1.376000e-03 3.680600e-01
373 6.303200e-01 1.380000e-03 3.683000e-01
374 6.301360e-01 1.376000e-03 3.684880e-01
375 6.299440e-01 1.332000e-03 3.687240e-01
376 6.297160e-01 1.296000e-03 3.689880e-01
377 6.295360e-01 1.204000e-03 3.692600e-01
378 6.293480e-01 1.152000e-03 3.695000e-01
379 6.291440e-01 1.188000e-03 3.696680e-01
380 6.289480e-01 1.176000e-03 3.698760e-01
381 6.287520e-01 1.160000e-03 3.700880e-01
382 6.285440e-01 1.168000e-03 3.702880e-01
383 6.283240e-01 1.164000e-03 3.705120e-01
384 6.282040e-01 1.064000e-03 3.707320e-01
385 6.280440e-01 1.064000e-03 3.708920e-01
386 6.278080e-01 1.132000e-03 3.710600e-01
387 6.276160e-01 1.124000e-03 3.712600e-01
388 6.274360e-01 1.100000e-03 3.714640e-01
389 6.272160e-01 1.120000e-03 3.716640e-01
390 6.270160e-01 1.180000e-03 3.718040e-01
391 6.268280e-01 1.184000e-03 3.719880e-01
392 6.266480e-01 1.152000e-03 3.722000e-01
393 6.264200e-01 1.164000e-03 3.724160e-01
394 6.261880e-01 1.168000e-03 3.726440e-01
395 6.260000e-01 1.172000e-03 3.728280e-01
396 6.258080e-01 1.184000e-03 3.730080e-01
397 6.255640e-01 1.252000e-03 3.731840e-01
398 6.253400e-01 1.200000e-03 3.734600e-01
399 6.251920e-01 1.148000e-03 3.736600e-01
400 6.249840e-01 1.112000e-03 3.739040e-01
401 6.247680e-01 1.140000e-03 3.740920e-01
402 6.246320e-01 1.020000e-03 3.743480e-01
403 6.244600e-01 9.960000e-04 3.745440e-01
404 6.242040e-01 1.080000e-03 3.747160e-01
405 6.240240e-01 1.084000e-03 3.748920e-01
406 6.237840e-01 1.108000e-03 3.751080e-01
407 6.236400e-01 1.040000e-03 3.753200e-01
408 6.234760e-01 1.020000e-03 3.755040e-01
409 6.232880e-01 9.960000e-04 3.757160e-01
410 6.231040e-01 1.016000e-03 3.758800e-01
411 6.229360e-01 1.016000e-03 3.760480e-01
412 6.227120e-01 1.060000e-03 3.762280e-01
413 6.225320e-01 1.044000e-03 3.764240e-01
414 6.223400e-01 1.068000e-03 3.765920e-01
415 6.221840e-01 1.008000e-03 3.768080e-01
416 6.219920e-01 9.920000e-04 3.770160e-01
417 6.218280e-01 9.600000e-04 3.772120e-01
418 6.217000e-01 8.960000e-04 3.774040e-01
419 6.215880e-01 8.320000e-04 3.775800e-01
420 6.214040e-01 8.680000e-04 3.777280e-01
421 6.212440e-01 9.160000e-04 3.778400e-01
422 6.210520e-01 9.560000e-04 3.779920e-01
423 6.208680e-01 9.880000e-04 3.781440e-01
424 6.206200e-01 1.040000e-03 3.783400e-01
425 6.204120e-01 1.060000e-03 3.785280e-01
426 6.202480e-01 1.052000e-03 3.787000e-01
427 6.201000e-01 1.012000e-03 3.788880e-01
428 6.199840e-01 9.600000e-04 3.790560e-01
429 6.198920e-01 8.760000e-04 3.792320e-01
430 6.197560e-01 8.640000e-04 3.793800e-01
431 6.196240e-01 8.840000e-04 3.794920e-01
432 6.195040e-01 8.880000e-04 3.796080e-01
433 6.193440e-01 8.600000e-04 3.797960e-01
434 6.192120e-01 8.520000e-04 3.799360e-01
435 6.190800e-01 8.280000e-04 3.800920e-01
436 6.189600e-01 7.760000e-04 3.802640e-01
437 6.188520e-01 7.560000e-04 3.803920e-01
438 6.187320e-01 7.600000e-04 3.805080e-01
439 6.185920e-01 7.680000e-04 3.806400e-01
440 6.184080e-01 8.400000e-04 3.807520e-01
441 6.182840e-01 8.240000e-04 3.808920e-01
442 6.181280e-01 8.440000e-04 3.810280e-01
443 6.179720e-01 8.920000e-04 3.811360e-01
444 6.178280e-01 8.920000e-04 3.812800e-01
445 6.176840e-01 8.400000e-04 3.814760e-01
446 6.175280e-01 8.680000e-04 3.816040e-01
447 6.174040e-01 8.360000e-04 3.817600e-01
448 6.173400e-01 7.920000e-04 3.818680e-01
449 6.172480e-01 7.600000e-04 3.819920e-01
450 6.171640e-01 7.280000e-04 3.821080e-01
451 6.171200e-01 6.040000e-04 3.822760e-01
452 6.170400e-01 5.760000e-04 3.823840e-01
453 6.169280e-01 5.760000e-04 3.824960e-01
454 6.168200e-01 5.760000e-04 3.826040e-01
455 6.167400e-01 5.480000e-04 3.827120e-01
456 6.166600e-01 5.120000e-04 3.828280e-01
457 6.166240e-01 4.560000e-04 3.829200e-01
458 6.165480e-01 4.680000e-04 3.829840e-01
459 6.164400e-01 5.120000e-04 3.830480e-01
460 6.163240e-01 5.280000e-04 3.831480e-01
461 6.162080e-01 5.480000e-04 3.832440e-01
462 6.160760e-01 5.800000e-04 3.833440e-01
463 6.159400e-01 6.280000e-04 3.834320e-01
464 6.158040e-01 6.400000e-04 3.835560e-01
465 6.156440e-01 7.160000e-04 3.836400e-01
466 6.154680e-01 7.280000e-04 3.838040e-01
467 6.153200e-01 7.600000e-04 3.839200e-01
468 6.151520e-01 8.040000e-04 3.840440e-01
469 6.150040e-01 8.080000e-04 3.841880e-01
470 6.148080e-01 8.520000e-04 3.843400e-01
471 6.147040e-01 7.960000e-04 3.845000e-01
472 6.145840e-01 7.560000e-04 3.846600e-01
473 6.144280e-01 8.080000e-04 3.847640e-01
474 6.143000e-01 7.680000e-04 3.849320e-01
475 6.141800e-01 7.280000e-04 3.850920e-01
476 6.140480e-01 7.440000e-04 3.852080e-01
477 6.139200e-01 7.640000e-04 3.853160e-01
478 6.138040e-01 7.840000e-04 3.854120e-01
479 6.137120e-01 7.560000e-04 3.855320e-01
480 6.136000e-01 7.320000e-04 3.856680e-01
481 6.135200e-01 6.560000e-04 3.858240e-01
482 6.134360e-01 6.240000e-04 3.859400e-01
483 6.133400e-01 5.920000e-04 3.860680e-01
484 6.132360e-01 5.880000e-04 3.861760e-01
485 6.131320e-01 5.760000e-04 3.862920e-01
486 6.130400e-01 5.720000e-04 3.863880e-01
487 6.129720e-01 5.280000e-04 3.865000e-01
488 6.129160e-01 4.960000e-04 3.865880e-01
489 6.128720e-01 4.600000e-04 3.866680e-01
490 6.127600e-01 5.240000e-04 3.867160e-01
491 6.126840e-01 5.360000e-04 3.867800e-01
492 6.125680e-01 5.520000e-04 3.868800e-01
493 6.125080e-01 5.240000e-04 3.869680e-01
494 6.124160e-01 5.240000e-04 3.870600e-01
495 6.123480e-01 5.080000e-04 3.871440e-01
496 6.122720e-01 5.040000e-04 3.872240e-01
497 6.121840e-01 4.880000e-04 3.873280e-01
498 6.120880e-01 5.080000e-04 3.874040e-01
499 6.119840e-01 5.320000e-04 3.874840e-01
500 6.119280e-01 5.040000e-04 3.875680e-01
