1 9.992240e-01 6.720000e-04 1.040000e-04
2 9.986440e-01 1.088000e-03 2.680000e-04
3 9.980800e-01 1.416000e-03 5.040000e-04
4 9.973640e-01 1.824000e-03 8.120000e-04
5 9.966080e-01 2.228000e-03 1.164000e-03
6 9.955960e-01 2.780000e-03 1.624000e-03
7 9.945080e-01 3.260000e-03 2.232000e-03
8 9.935680e-01 3.660000e-03 2.772000e-03
9 9.925400e-01 3.992000e-03 3.468000e-03
10 9.913600e-01 4.576000e-03 4.064000e-03
11 9.901000e-01 4.924000e-03 4.976000e-03
12 9.888080e-01 5.376000e-03 5.816000e-03
13 9.874240e-01 5.820000e-03 6.756000e-03
14 9.860720e-01 6.044000e-03 7.884000e-03
15 9.846040e-01 6.376000e-03 9.020000e-03
16 9.832760e-01 6.576000e-03 1.014800e-02
17 9.819520e-01 6.876000e-03 1.117200e-02
18 9.805600e-01 6.952000e-03 1.248800e-02
19 9.790640e-01 7.244000e-03 1.369200e-02
20 9.776120e-01 7.456000e-03 1.493200e-02
21 9.761360e-01 7.520000e-03 1.634400e-02
22 9.746080e-01 7.764000e-03 1.762800e-02
23 9.730120e-01 7.868000e-03 1.912000e-02
24 9.714360e-01 8.156000e-03 2.040800e-02
25 9.698160e-01 8.304000e-03 2.188000e-02
26 9.682440e-01 8.464000e-03 2.329200e-02
27 9.667760e-01 8.412000e-03 2.481200e-02
28 9.651720e-01 8.552000e-03 2.627600e-02
29 9.635800e-01 8.664000e-03 2.775600e-02
30 9.620520e-01 8.636000e-03 2.931200e-02
31 9.603640e-01 8.820000e-03 3.081600e-02
32 9.585600e-01 8.840000e-03 3.260000e-02
33 9.569000e-01 8.900000e-03 3.420000e-02
34 9.551160e-01 9.100000e-03 3.578400e-02
35 9.533360e-01 9.212000e-03 3.745200e-02
36 9.516320e-01 9.196000e-03 3.917200e-02
37 9.498880e-01 9.324000e-03 4.078800e-02
38 9.480360e-01 9.460000e-03 4.250400e-02
39 9.463640e-01 9.368000e-03 4.426800e-02
40 9.445520e-01 9.540000e-03 4.590800e-02
41 9.428080e-01 9.612000e-03 4.758000e-02
42 9.409840e-01 9.844000e-03 4.917200e-02
43 9.392640e-01 9.896000e-03 5.084000e-02
44 9.374760e-01 1.004400e-02 5.248000e-02
45 9.356560e-01 1.002400e-02 5.432000e-02
46 9.338560e-01 1.018800e-02 5.595600e-02
47 9.319160e-01 1.034400e-02 5.774000e-02
48 9.301200e-01 1.029600e-02 5.958400e-02
49 9.282800e-01 1.037600e-02 6.134400e-02
50 9.263600e-01 1.046800e-02 6.317200e-02
51 9.245640e-01 1.038400e-02 6.505200e-02
52 9.229320e-01 1.015600e-02 6.691200e-02
53 9.211520e-01 1.019200e-02 6.865600e-02
54 9.192520e-01 1.026000e-02 7.048800e-02
55 9.172280e-01 1.047200e-02 7.230000e-02
56 9.154200e-01 1.044000e-02 7.414000e-02
57 9.135640e-01 1.036000e-02 7.607600e-02
58 9.118520e-01 1.024400e-02 7.790400e-02
59 9.101240e-01 1.020800e-02 7.966800e-02
60 9.083800e-01 1.020400e-02 8.141600e-02
61 9.066280e-01 1.030800e-02 8.306400e-02
62 9.046640e-01 1.043600e-02 8.490000e-02
63 9.029120e-01 1.032400e-02 8.676400e-02
64 9.011840e-01 1.025600e-02 8.856000e-02
65 8.994240e-01 1.022400e-02 9.035200e-02
66 8.972760e-01 1.063200e-02 9.209200e-02
67 8.954080e-01 1.057200e-02 9.402000e-02
68 8.933400e-01 1.083200e-02 9.582800e-02
69 8.914280e-01 1.094800e-02 9.762400e-02
70 8.897240e-01 1.080400e-02 9.947200e-02
71 8.878520e-01 1.089600e-02 1.012520e-01
72 8.857640e-01 1.105600e-02 1.031800e-01
73 8.838560e-01 1.102000e-02 1.051240e-01
74 8.818880e-01 1.117600e-02 1.069360e-01
75 8.798280e-01 1.127600e-02 1.088960e-01
76 8.777720e-01 1.136000e-02 1.108680e-01
77 8.755480e-01 1.158800e-02 1.128640e-01
78 8.735440e-01 1.158000e-02 1.148760e-01
79 8.714960e-01 1.161600e-02 1.168880e-01
80 8.694960e-01 1.153200e-02 1.189720e-01
81 8.674960e-01 1.152000e-02 1.209840e-01
82 8.653840e-01 1.154800e-02 1.230680e-01
83 8.635400e-01 1.146000e-02 1.250000e-01
84 8.616120e-01 1.134800e-02 1.270400e-01
85 8.595920e-01 1.145600e-02 1.289520e-01
86 8.574200e-01 1.161600e-02 1.309640e-01
87 8.553720e-01 1.158800e-02 1.330400e-01
88 8.534720e-01 1.132400e-02 1.352040e-01
89 8.514760e-01 1.138400e-02 1.371400e-01
90 8.496240e-01 1.114000e-02 1.392360e-01
91 8.477800e-01 1.094000e-02 1.412800e-01
92 8.460320e-01 1.086000e-02 1.431080e-01
93 8.442720e-01 1.080800e-02 1.449200e-01
94 8.426640e-01 1.054400e-02 1.467920e-01
95 8.409800e-01 1.040400e-02 1.486160e-01
96 8.392680e-01 1.028000e-02 1.504520e-01
97 8.372440e-01 1.052000e-02 1.522360e-01
98 8.354280e-01 1.049600e-02 1.540760e-01
99 8.336400e-01 1.042000e-02 1.559400e-01
100 8.320720e-01 1.030800e-02 1.576200e-01
101 8.304160e-01 1.012000e-02 1.594640e-01
102 8.288200e-01 9.852000e-03 1.613280e-01
103 8.272400e-01 9.756000e-03 1.630040e-01
104 8.256640e-01 9.628000e-03 1.647080e-01
105 8.242560e-01 9.292000e-03 1.664520e-01
106 8.227120e-01 9.308000e-03 1.679800e-01
107 8.211080e-01 9.100000e-03 1.697920e-01
108 8.195520e-01 9.104000e-03 1.713440e-01
109 8.182520e-01 8.916000e-03 1.728320e-01
110 8.169760e-01 8.736000e-03 1.742880e-01
111 8.156880e-01 8.536000e-03 1.757760e-01
112 8.142320e-01 8.432000e-03 1.773360e-01
113 8.129960e-01 8.128000e-03 1.788760e-01
114 8.116360e-01 8.036000e-03 1.803280e-01
115 8.104600e-01 7.856000e-03 1.816840e-01
116 8.091240e-01 7.756000e-03 1.831200e-01
117 8.078720e-01 7.520000e-03 1.846080e-01
118 8.066360e-01 7.564000e-03 1.858000e-01
119 8.054960e-01 7.304000e-03 1.872000e-01
120 8.043880e-01 7.180000e-03 1.884320e-01
121 8.030960e-01 7.228000e-03 1.896760e-01
122 8.018880e-01 7.264000e-03 1.908480e-01
123 8.004920e-01 7.400000e-03 1.921080e-01
124 7.992640e-01 7.436000e-03 1.933000e-01
125 7.980280e-01 7.400000e-03 1.945720e-01
126 7.967560e-01 7.324000e-03 1.959200e-01
127 7.954640e-01 7.260000e-03 1.972760e-01
128 7.940560e-01 7.328000e-03 1.986160e-01
129 7.928560e-01 7.368000e-03 1.997760e-01
130 7.916000e-01 7.420000e-03 2.009800e-01
131 7.904040e-01 7.388000e-03 2.022080e-01
132 7.891400e-01 7.420000e-03 2.034400e-01
133 7.879080e-01 7.260000e-03 2.048320e-01
134 7.867320e-01 7.180000e-03 2.060880e-01
135 7.856480e-01 7.092000e-03 2.072600e-01
136 7.843640e-01 7.144000e-03 2.084920e-01
137 7.831480e-01 7.088000e-03 2.097640e-01
138 7.820720e-01 6.928000e-03 2.110000e-01
139 7.810280e-01 6.748000e-03 2.122240e-01
140 7.799880e-01 6.504000e-03 2.135080e-01
141 7.788880e-01 6.408000e-03 2.147040e-01
142 7.778720e-01 6.212000e-03 2.159160e-01
143 7.770040e-01 5.972000e-03 2.170240e-01
144 7.759320e-01 6.016000e-03 2.180520e-01
145 7.749640e-01 5.864000e-03 2.191720e-01
146 7.738960e-01 5.936000e-03 2.201680e-01
147 7.726720e-01 6.184000e-03 2.211440e-01
148 7.714520e-01 6.348000e-03 2.222000e-01
149 7.702080e-01 6.416000e-03 2.233760e-01
150 7.689320e-01 6.472000e-03 2.245960e-01
151 7.677320e-01 6.456000e-03 2.258120e-01
152 7.666040e-01 6.504000e-03 2.268920e-01
153 7.653680e-01 6.644000e-03 2.279880e-01
154 7.641960e-01 6.648000e-03 2.291560e-01
155 7.630040e-01 6.716000e-03 2.302800e-01
156 7.617560e-01 6.800000e-03 2.314440e-01
157 7.605760e-01 6.688000e-03 2.327360e-01
158 7.594200e-01 6.656000e-03 2.339240e-01
159 7.580280e-01 6.920000e-03 2.350520e-01
160 7.567840e-01 6.888000e-03 2.363280e-01
161 7.554400e-01 7.024000e-03 2.375360e-01
162 7.540360e-01 7.244000e-03 2.387200e-01
163 7.529400e-01 7.068000e-03 2.399920e-01
164 7.517320e-01 7.148000e-03 2.411200e-01
165 7.506080e-01 7.080000e-03 2.423120e-01
166 7.494480e-01 6.988000e-03 2.435640e-01
167 7.484880e-01 6.664000e-03 2.448480e-01
168 7.473760e-01 6.604000e-03 2.460200e-01
169 7.462000e-01 6.600000e-03 2.472000e-01
170 7.451040e-01 6.576000e-03 2.483200e-01
171 7.438960e-01 6.640000e-03 2.494640e-01
172 7.428880e-01 6.388000e-03 2.507240e-01
173 7.417720e-01 6.408000e-03 2.518200e-01
174 7.407360e-01 6.304000e-03 2.529600e-01
175 7.396640e-01 6.360000e-03 2.539760e-01
176 7.386880e-01 6.220000e-03 2.550920e-01
177 7.374720e-01 6.392000e-03 2.561360e-01
178 7.363440e-01 6.308000e-03 2.573480e-01
179 7.353480e-01 6.188000e-03 2.584640e-01
180 7.344320e-01 5.996000e-03 2.595720e-01
181 7.334560e-01 5.876000e-03 2.606680e-01
182 7.326000e-01 5.660000e-03 2.617400e-01
183 7.316640e-01 5.556000e-03 2.627800e-01
184 7.306760e-01 5.476000e-03 2.638480e-01
185 7.298800e-01 5.292000e-03 2.648280e-01
186 7.288960e-01 5.316000e-03 2.657880e-01
187 7.280880e-01 5.176000e-03 2.667360e-01
188 7.271680e-01 5.144000e-03 2.676880e-01
189 7.262960e-01 5.016000e-03 2.686880e-01
190 7.254320e-01 5.028000e-03 2.695400e-01
191 7.246560e-01 4.952000e-03 2.703920e-01
192 7.239120e-01 4.864000e-03 2.712240e-01
193 7.231400e-01 4.756000e-03 2.721040e-01
194 7.222960e-01 4.832000e-03 2.728720e-01
195 7.214240e-01 4.828000e-03 2.737480e-01
196 7.206600e-01 4.776000e-03 2.745640e-01
197 7.198360e-01 4.764000e-03 2.754000e-01
198 7.192000e-01 4.616000e-03 2.761840e-01
199 7.184880e-01 4.524000e-03 2.769880e-01
200 7.176960e-01 4.480000e-03 2.778240e-01
201 7.169640e-01 4.444000e-03 2.785920e-01
202 7.161840e-01 4.404000e-03 2.794120e-01
203 7.153880e-01 4.400000e-03 2.802120e-01
204 7.146680e-01 4.404000e-03 2.809280e-01
205 7.138720e-01 4.428000e-03 2.817000e-01
206 7.130520e-01 4.436000e-03 2.825120e-01
207 7.122720e-01 4.392000e-03 2.833360e-01
208 7.114720e-01 4.532000e-03 2.839960e-01
209 7.106880e-01 4.440000e-03 2.848720e-01
210 7.100480e-01 4.328000e-03 2.856240e-01
211 7.092880e-01 4.392000e-03 2.863200e-01
212 7.085320e-01 4.384000e-03 2.870840e-01
213 7.076960e-01 4.316000e-03 2.879880e-01
214 7.068880e-01 4.392000e-03 2.887200e-01
215 7.061840e-01 4.296000e-03 2.895200e-01
216 7.053560e-01 4.340000e-03 2.903040e-01
217 7.045000e-01 4.428000e-03 2.910720e-01
218 7.038480e-01 4.416000e-03 2.917360e-01
219 7.030680e-01 4.408000e-03 2.925240e-01
220 7.022120e-01 4.544000e-03 2.932440e-01
221 7.013400e-01 4.616000e-03 2.940440e-01
222 7.006040e-01 4.616000e-03 2.947800e-01
223 6.997600e-01 4.728000e-03 2.955120e-01
224 6.989360e-01 4.728000e-03 2.963360e-01
225 6.980520e-01 4.772000e-03 2.971760e-01
226 6.972600e-01 4.744000e-03 2.979960e-01
227 6.965080e-01 4.660000e-03 2.988320e-01
228 6.958320e-01 4.608000e-03 2.995600e-01
229 6.951320e-01 4.448000e-03 3.004200e-01
230 6.942080e-01 4.640000e-03 3.011520e-01
231 6.933960e-01 4.608000e-03 3.019960e-01
232 6.925080e-01 4.700000e-03 3.027920e-01
233 6.917280e-01 4.644000e-03 3.036280e-01
234 6.910320e-01 4.588000e-03 3.043800e-01
235 6.902160e-01 4.628000e-03 3.051560e-01
236 6.895040e-01 4.472000e-03 3.060240e-01
237 6.887960e-01 4.392000e-03 3.068120e-01
238 6.880720e-01 4.348000e-03 3.075800e-01
239 6.873880e-01 4.312000e-03 3.083000e-01
240 6.867640e-01 4.216000e-03 3.090200e-01
241 6.860960e-01 4.156000e-03 3.097480e-01
242 6.854320e-01 4.156000e-03 3.104120e-01
243 6.848440e-01 3.992000e-03 3.111640e-01
244 6.843400e-01 3.868000e-03 3.117920e-01
245 6.836760e-01 3.868000e-03 3.124560e-01
246 6.830880e-01 3.736000e-03 3.131760e-01
247 6.825600e-01 3.632000e-03 3.138080e-01
248 6.820360e-01 3.456000e-03 3.145080e-01
249 6.814400e-01 3.424000e-03 3.151360e-01
250 6.808400e-01 3.520000e-03 3.156400e-01
251 6.802440e-01 3.484000e-03 3.162720e-01
252 6.795480e-01 3.592000e-03 3.168600e-01
253 6.789120e-01 3.544000e-03 3.175440e-01
254 6.781840e-01 3.668000e-03 3.181480e-01
255 6.776040e-01 3.632000e-03 3.187640e-01
256 6.770440e-01 3.596000e-03 3.193600e-01
257 6.764960e-01 3.464000e-03 3.200400e-01
258 6.758280e-01 3.480000e-03 3.206920e-01
259 6.752840e-01 3.336000e-03 3.213800e-01
260 6.747080e-01 3.420000e-03 3.218720e-01
261 6.740880e-01 3.440000e-03 3.224720e-01
262 6.734640e-01 3.472000e-03 3.230640e-01
263 6.728800e-01 3.456000e-03 3.236640e-01
264 6.723120e-01 3.436000e-03 3.242520e-01
265 6.717120e-01 3.456000e-03 3.248320e-01
266 6.710800e-01 3.432000e-03 3.254880e-01
267 6.705040e-01 3.376000e-03 3.261200e-01
268 6.698720e-01 3.444000e-03 3.266840e-01
269 6.694000e-01 3.328000e-03 3.272720e-01
270 6.688760e-01 3.312000e-03 3.278120e-01
271 6.683960e-01 3.212000e-03 3.283920e-01
272 6.678840e-01 3.256000e-03 3.288600e-01
273 6.673440e-01 3.236000e-03 3.294200e-01
274 6.668320e-01 3.160000e-03 3.300080e-01
275 6.663200e-01 3.136000e-03 3.305440e-01
276 6.659080e-01 3.104000e-03 3.309880e-01
277 6.654240e-01 2.996000e-03 3.315800e-01
278 6.649040e-01 2.992000e-03 3.321040e-01
279 6.643160e-01 3.060000e-03 3.326240e-01
280 6.638360e-01 3.028000e-03 3.331360e-01
281 6.633400e-01 3.004000e-03 3.336560e-01
282 6.627840e-01 3.084000e-03 3.341320e-01
283 6.621880e-01 3.192000e-03 3.346200e-01
284 6.615960e-01 3.228000e-03 3.351760e-01
285 6.610120e-01 3.212000e-03 3.357760e-01
286 6.605080e-01 3.168000e-03 3.363240e-01
287 6.599960e-01 3.164000e-03 3.368400e-01
288 6.595040e-01 3.108000e-03 3.373880e-01
289 6.590840e-01 3.024000e-03 3.378920e-01
290 6.585760e-01 3.044000e-03 3.383800e-01
291 6.580600e-01 3.048000e-03 3.388920e-01
292 6.575600e-01 3.000000e-03 3.394400e-01
293 6.570960e-01 2.920000e-03 3.399840e-01
294 6.565840e-01 2.908000e-03 3.405080e-01
295 6.561040e-01 2.864000e-03 3.410320e-01
296 6.555960e-01 2.864000e-03 3.415400e-01
297 6.551400e-01 2.868000e-03 3.419920e-01
298 6.546120e-01 2.916000e-03 3.424720e-01
299 6.541480e-01 2.864000e-03 3.429880e-01
300 6.536680e-01 2.768000e-03 3.435640e-01
301 6.531520e-01 2.828000e-03 3.440200e-01
302 6.526720e-01 2.776000e-03 3.445520e-01
303 6.522560e-01 2.736000e-03 3.450080e-01
304 6.518280e-01 2.664000e-03 3.455080e-01
305 6.514360e-01 2.612000e-03 3.459520e-01
306 6.509360e-01 2.660000e-03 3.464040e-01
307 6.504320e-01 2.688000e-03 3.468800e-01
308 6.499040e-01 2.744000e-03 3.473520e-01
309 6.494040e-01 2.808000e-03 3.477880e-01
310 6.488920e-01 2.908000e-03 3.482000e-01
311 6.483760e-01 2.912000e-03 3.487120e-01
312 6.478400e-01 2.936000e-03 3.492240e-01
313 6.472720e-01 3.004000e-03 3.497240e-01
314 6.467200e-01 3.088000e-03 3.501920e-01
315 6.462160e-01 3.056000e-03 3.507280e-01
316 6.457120e-01 3.044000e-03 3.512440e-01
317 6.451800e-01 3.040000e-03 3.517800e-01
318 6.446400e-01 3.052000e-03 3.523080e-01
319 6.440680e-01 3.096000e-03 3.528360e-01
320 6.435080e-01 3.084000e-03 3.534080e-01
321 6.428840e-01 3.240000e-03 3.538760e-01
322 6.423080e-01 3.252000e-03 3.544400e-01
323 6.418320e-01 3.112000e-03 3.550560e-01
324 6.414480e-01 2.980000e-03 3.555720e-01
325 6.409720e-01 2.928000e-03 3.561000e-01
326 6.404560e-01 2.936000e-03 3.566080e-01
327 6.399600e-01 3.024000e-03 3.570160e-01
328 6.395920e-01 2.900000e-03 3.575080e-01
329 6.391960e-01 2.700000e-03 3.581040e-01
330 6.388520e-01 2.572000e-03 3.585760e-01
331 6.383800e-01 2.596000e-03 3.590240e-01
332 6.378280e-01 2.736000e-03 3.594360e-01
333 6.373000e-01 2.816000e-03 3.598840e-01
334 6.368040e-01 2.816000e-03 3.603800e-01
335 6.362480e-01 2.876000e-03 3.608760e-01
336 6.356560e-01 2.880000e-03 3.614640e-01
337 6.351600e-01 2.840000e-03 3.620000e-01
338 6.346680e-01 2.824000e-03 3.625080e-01
339 6.342120e-01 2.824000e-03 3.629640e-01
340 6.337280e-01 2.844000e-03 3.634280e-01
341 6.332520e-01 2.904000e-03 3.638440e-01
342 6.328200e-01 2.772000e-03 3.644080e-01
343 6.323200e-01 2.780000e-03 3.649000e-01
344 6.318760e-01 2.816000e-03 3.653080e-01
345 6.314600e-01 2.720000e-03 3.658200e-01
346 6.309760e-01 2.720000e-03 3.663040e-01
347 6.305200e-01 2.708000e-03 3.667720e-01
348 6.300400e-01 2.672000e-03 3.672880e-01
349 6.295640e-01 2.696000e-03 3.677400e-01
350 6.289880e-01 2.748000e-03 3.682640e-01
351 6.283760e-01 2.848000e-03 3.687760e-01
352 6.278080e-01 2.976000e-03 3.692160e-01
353 6.271400e-01 3.128000e-03 3.697320e-01
354 6.265520e-01 3.156000e-03 3.702920e-01
355 6.259080e-01 3.264000e-03 3.708280e-01
356 6.252920e-01 3.324000e-03 3.713840e-01
357 6.246360e-01 3.328000e-03 3.720360e-01
358 6.240120e-01 3.332000e-03 3.726560e-01
359 6.235080e-01 3.304000e-03 3.731880e-01
360 6.229040e-01 3.352000e-03 3.737440e-01
361 6.223640e-01 3.320000e-03 3.743160e-01
362 6.217560e-01 3.356000e-03 3.748880e-01
363 6.211960e-01 3.312000e-03 3.754920e-01
364 6.206520e-01 3.296000e-03 3.760520e-01
365 6.200960e-01 3.256000e-03 3.766480e-01
366 6.195800e-01 3.184000e-03 3.772360e-01
367 6.191160e-01 3.128000e-03 3.777560e-01
368 6.186320e-01 3.044000e-03 3.783240e-01
369 6.181040e-01 3.044000e-03 3.788520e-01
370 6.176720e-01 2.968000e-03 3.793600e-01
371 6.172680e-01 2.888000e-03 3.798440e-01
372 6.167760e-01 2.936000e-03 3.802880e-01
373 6.163160e-01 2.852000e-03 3.808320e-01
374 6.158800e-01 2.768000e-03 3.813520e-01
375 6.155120e-01 2.648000e-03 3.818400e-01
376 6.149840e-01 2.728000e-03 3.822880e-01
377 6.145160e-01 2.760000e-03 3.827240e-01
378 6.139280e-01 2.860000e-03 3.832120e-01
379 6.134120e-01 2.860000e-03 3.837280e-01
380 6.128480e-01 3.028000e-03 3.841240e-01
381 6.123520e-01 3.008000e-03 3.846400e-01
382 6.118360e-01 2.968000e-03 3.851960e-01
383 6.113320e-01 2.992000e-03 3.856760e-01
384 6.109080e-01 2.932000e-03 3.861600e-01
385 6.104360e-01 2.940000e-03 3.866240e-01
386 6.099320e-01 2.896000e-03 3.871720e-01
387 6.095720e-01 2.804000e-03 3.876240e-01
388 6.091840e-01 2.700000e-03 3.881160e-01
389 6.087640e-01 2.660000e-03 3.885760e-01
390 6.083080e-01 2.648000e-03 3.890440e-01
391 6.078800e-01 2.608000e-03 3.895120e-01
392 6.075480e-01 2.420000e-03 3.900320e-01
393 6.071840e-01 2.352000e-03 3.904640e-01
394 6.068000e-01 2.380000e-03 3.908200e-01
395 6.064160e-01 2.336000e-03 3.912480e-01
396 6.060760e-01 2.256000e-03 3.916680e-01
397 6.057320e-01 2.220000e-03 3.920480e-01
398 6.055000e-01 2.092000e-03 3.924080e-01
399 6.052160e-01 2.000000e-03 3.927840e-01
400 6.049360e-01 1.920000e-03 3.931440e-01
401 6.046320e-01 1.952000e-03 3.934160e-01
402 6.043000e-01 1.944000e-03 3.937560e-01
403 6.039640e-01 1.928000e-03 3.941080e-01
404 6.037000e-01 1.888000e-03 3.944120e-01
405 6.033280e-01 1.940000e-03 3.947320e-01
406 6.030000e-01 1.952000e-03 3.950480e-01
407 6.027160e-01 1.932000e-03 3.953520e-01
408 6.024600e-01 1.840000e-03 3.957000e-01
409 6.021360e-01 1.864000e-03 3.960000e-01
410 6.017920e-01 1.908000e-03 3.963000e-01
411 6.014360e-01 1.908000e-03 3.966560e-01
412 6.010920e-01 1.944000e-03 3.969640e-01
413 6.007240e-01 1.984000e-03 3.972920e-01
414 6.003000e-01 2.084000e-03 3.976160e-01
415 5.999120e-01 2.108000e-03 3.979800e-01
416 5.994880e-01 2.088000e-03 3.984240e-01
417 5.990640e-01 2.160000e-03 3.987760e-01
418 5.987040e-01 2.116000e-03 3.991800e-01
419 5.983280e-01 2.116000e-03 3.995560e-01
420 5.979880e-01 2.068000e-03 3.999440e-01
421 5.976320e-01 2.072000e-03 4.002960e-01
422 5.972320e-01 2.120000e-03 4.006480e-01
423 5.969080e-01 2.112000e-03 4.009800e-01
424 5.965640e-01 2.092000e-03 4.013440e-01
425 5.962000e-01 2.108000e-03 4.016920e-01
426 5.959160e-01 2.040000e-03 4.020440e-01
427 5.956000e-01 2.040000e-03 4.023600e-01
428 5.952560e-01 2.024000e-03 4.027200e-01
429 5.949120e-01 2.028000e-03 4.030600e-01
430 5.945720e-01 2.084000e-03 4.033440e-01
431 5.942280e-01 2.028000e-03 4.037440e-01
432 5.938080e-01 2.120000e-03 4.040720e-01
433 5.934360e-01 2.144000e-03 4.044200e-01
434 5.930440e-01 2.148000e-03 4.048080e-01
435 5.927040e-01 2.068000e-03 4.052280e-01
436 5.923720e-01 2.032000e-03 4.055960e-01
437 5.920360e-01 1.960000e-03 4.060040e-01
438 5.916640e-01 1.992000e-03 4.063440e-01
439 5.912800e-01 1.996000e-03 4.067240e-01
440 5.908280e-01 2.024000e-03 4.071480e-01
441 5.903440e-01 2.184000e-03 4.074720e-01
442 5.899240e-01 2.220000e-03 4.078560e-01
443 5.896240e-01 2.116000e-03 4.082600e-01
444 5.892720e-01 2.108000e-03 4.086200e-01
445 5.889560e-01 2.072000e-03 4.089720e-01
446 5.885560e-01 2.068000e-03 4.093760e-01
447 5.881480e-01 2.144000e-03 4.097080e-01
448 5.877440e-01 2.148000e-03 4.101080e-01
449 5.873280e-01 2.172000e-03 4.105000e-01
450 5.869560e-01 2.196000e-03 4.108480e-01
451 5.865800e-01 2.192000e-03 4.112280e-01
452 5.861720e-01 2.292000e-03 4.115360e-01
453 5.858400e-01 2.252000e-03 4.119080e-01
454 5.855040e-01 2.208000e-03 4.122880e-01
455 5.850720e-01 2.252000e-03 4.126760e-01
456 5.847680e-01 2.152000e-03 4.130800e-01
457 5.843880e-01 2.152000e-03 4.134600e-01
458 5.840400e-01 2.136000e-03 4.138240e-01
459 5.836800e-01 2.116000e-03 4.142040e-01
460 5.833560e-01 2.052000e-03 4.145920e-01
461 5.830000e-01 2.052000e-03 4.149480e-01
462 5.826880e-01 2.064000e-03 4.152480e-01
463 5.823800e-01 2.040000e-03 4.155800e-01
464 5.820800e-01 2.020000e-03 4.159000e-01
465 5.817240e-01 1.940000e-03 4.163360e-01
466 5.813520e-01 1.980000e-03 4.166680e-01
467 5.810120e-01 2.000000e-03 4.169880e-01
468 5.806520e-01 1.996000e-03 4.173520e-01
469 5.802520e-01 2.020000e-03 4.177280e-01
470 5.799120e-01 1.972000e-03 4.181160e-01
471 5.795640e-01 1.988000e-03 4.184480e-01
472 5.792040e-01 1.996000e-03 4.188000e-01
473 5.789440e-01 1.888000e-03 4.191680e-01
474 5.787320e-01 1.716000e-03 4.195520e-01
475 5.784760e-01 1.624000e-03 4.199000e-01
476 5.782440e-01 1.572000e-03 4.201840e-01
477 5.780560e-01 1.460000e-03 4.204840e-01
478 5.778760e-01 1.396000e-03 4.207280e-01
479 5.776880e-01 1.264000e-03 4.210480e-01
480 5.775240e-01 1.172000e-03 4.213040e-01
481 5.773640e-01 1.124000e-03 4.215120e-01
482 5.771920e-01 1.124000e-03 4.216840e-01
483 5.770440e-01 1.108000e-03 4.218480e-01
484 5.769160e-01 1.032000e-03 4.220520e-01
485 5.767480e-01 1.012000e-03 4.222400e-01
486 5.765280e-01 1.004000e-03 4.224680e-01
487 5.763880e-01 9.520000e-04 4.226600e-01
488 5.762880e-01 9.200000e-04 4.227920e-01
489 5.761840e-01 8.760000e-04 4.229400e-01
490 5.760640e-01 8.320000e-04 4.231040e-01
491 5.759840e-01 7.440000e-04 4.232720e-01
492 5.758800e-01 7.400000e-04 4.233800e-01
493 5.757760e-01 7.280000e-04 4.234960e-01
494 5.756760e-01 7.080000e-04 4.236160e-01
495 5.755480e-01 7.360000e-04 4.237160e-01
496 5.754240e-01 7.160000e-04 4.238600e-01
497 5.752800e-01 7.160000e-04 4.240040e-01
498 5.751200e-01 7.400000e-04 4.241400e-01
499 5.750240e-01 7.160000e-04 4.242600e-01
500 5.748920e-01 7.080000e-04 4.244000e-01
