1 9.992600e-01 6.600000e-04 8.000000e-05
2 9.986240e-01 1.132000e-03 2.440000e-04
3 9.979080e-01 1.584000e-03 5.080000e-04
4 9.972200e-01 1.908000e-03 8.720000e-04
5 9.964000e-01 2.360000e-03 1.240000e-03
6 9.955080e-01 2.760000e-03 1.732000e-03
7 9.945160e-01 3.200000e-03 2.284000e-03
8 9.937000e-01 3.408000e-03 2.892000e-03
9 9.927760e-01 3.700000e-03 3.524000e-03
10 9.919360e-01 3.864000e-03 4.200000e-03
11 9.909960e-01 4.108000e-03 4.896000e-03
12 9.900240e-01 4.324000e-03 5.652000e-03
13 9.890920e-01 4.416000e-03 6.492000e-03
14 9.880920e-01 4.616000e-03 7.292000e-03
15 9.870120e-01 4.864000e-03 8.124000e-03
16 9.858720e-01 5.112000e-03 9.016000e-03
17 9.848840e-01 5.244000e-03 9.872000e-03
18 9.838080e-01 5.388000e-03 1.080400e-02
19 9.826840e-01 5.580000e-03 1.173600e-02
20 9.815040e-01 5.752000e-03 1.274400e-02
21 9.804200e-01 5.852000e-03 1.372800e-02
22 9.792680e-01 5.924000e-03 1.480800e-02
23 9.780680e-01 5.940000e-03 1.599200e-02
24 9.769720e-01 6.036000e-03 1.699200e-02
25 9.758240e-01 6.168000e-03 1.800800e-02
26 9.747080e-01 6.252000e-03 1.904000e-02
27 9.734640e-01 6.456000e-03 2.008000e-02
28 9.723960e-01 6.392000e-03 2.121200e-02
29 9.710960e-01 6.568000e-03 2.233600e-02
30 9.697600e-01 6.856000e-03 2.338400e-02
31 9.685360e-01 6.760000e-03 2.470400e-02
32 9.672480e-01 6.868000e-03 2.588400e-02
33 9.659840e-01 6.960000e-03 2.705600e-02
34 9.645600e-01 7.112000e-03 2.832800e-02
35 9.631360e-01 7.292000e-03 2.957200e-02
36 9.617840e-01 7.344000e-03 3.087200e-02
37 9.605240e-01 7.300000e-03 3.217600e-02
38 9.591160e-01 7.372000e-03 3.351200e-02
39 9.577000e-01 7.428000e-03 3.487200e-02
40 9.562960e-01 7.444000e-03 3.626000e-02
41 9.547600e-01 7.668000e-03 3.757200e-02
42 9.534040e-01 7.672000e-03 3.892400e-02
43 9.518120e-01 7.860000e-03 4.032800e-02
44 9.503600e-01 7.968000e-03 4.167200e-02
45 9.489520e-01 7.960000e-03 4.308800e-02
46 9.473640e-01 8.060000e-03 4.457600e-02
47 9.458880e-01 8.196000e-03 4.591600e-02
48 9.444440e-01 8.264000e-03 4.729200e-02
49 9.430240e-01 8.192000e-03 4.878400e-02
50 9.415800e-01 8.288000e-03 5.013200e-02
51 9.400480e-01 8.344000e-03 5.160800e-02
52 9.387120e-01 8.160000e-03 5.312800e-02
53 9.373320e-01 8.040000e-03 5.462800e-02
54 9.360560e-01 7.904000e-03 5.604000e-02
55 9.347720e-01 7.844000e-03 5.738400e-02
56 9.333720e-01 7.828000e-03 5.880000e-02
57 9.319680e-01 7.796000e-03 6.023600e-02
58 9.306920e-01 7.756000e-03 6.155200e-02
59 9.293160e-01 7.792000e-03 6.289200e-02
60 9.279040e-01 7.812000e-03 6.428400e-02
61 9.263960e-01 7.876000e-03 6.572800e-02
62 9.249960e-01 7.944000e-03 6.706000e-02
63 9.235760e-01 7.936000e-03 6.848800e-02
64 9.220840e-01 8.184000e-03 6.973200e-02
65 9.205520e-01 8.224000e-03 7.122400e-02
66 9.190320e-01 8.296000e-03 7.267200e-02
67 9.175280e-01 8.276000e-03 7.419600e-02
68 9.159520e-01 8.296000e-03 7.575200e-02
69 9.144680e-01 8.424000e-03 7.710800e-02
70 9.128800e-01 8.352000e-03 7.876800e-02
71 9.115600e-01 8.120000e-03 8.032000e-02
72 9.100720e-01 8.184000e-03 8.174400e-02
73 9.086560e-01 8.164000e-03 8.318000e-02
74 9.073600e-01 7.960000e-03 8.468000e-02
75 9.061840e-01 7.868000e-03 8.594800e-02
76 9.049160e-01 7.812000e-03 8.727200e-02
77 9.035400e-01 7.800000e-03 8.866000e-02
78 9.022480e-01 7.652000e-03 9.010000e-02
79 9.009000e-01 7.712000e-03 9.138800e-02
80 8.993920e-01 7.896000e-03 9.271200e-02
81 8.980040e-01 7.860000e-03 9.413600e-02
82 8.965640e-01 7.880000e-03 9.555600e-02
83 8.949960e-01 8.072000e-03 9.693200e-02
84 8.935680e-01 8.104000e-03 9.832800e-02
85 8.921800e-01 8.228000e-03 9.959200e-02
86 8.906760e-01 8.128000e-03 1.011960e-01
87 8.892600e-01 8.104000e-03 1.026360e-01
88 8.878200e-01 8.216000e-03 1.039640e-01
89 8.862640e-01 8.308000e-03 1.054280e-01
90 8.848840e-01 8.192000e-03 1.069240e-01
91 8.833480e-01 8.360000e-03 1.082920e-01
92 8.819640e-01 8.188000e-03 1.098480e-01
93 8.805080e-01 8.260000e-03 1.112320e-01
94 8.790640e-01 8.380000e-03 1.125560e-01
95 8.776440e-01 8.272000e-03 1.140840e-01
96 8.763360e-01 8.228000e-03 1.154360e-01
97 8.751120e-01 8.004000e-03 1.168840e-01
98 8.738520e-01 7.912000e-03 1.182360e-01
99 8.726360e-01 7.784000e-03 1.195800e-01
100 8.711160e-01 7.880000e-03 1.210040e-01
101 8.696800e-01 7.964000e-03 1.223560e-01
102 8.684240e-01 7.776000e-03 1.238000e-01
103 8.669440e-01 7.772000e-03 1.252840e-01
104 8.655960e-01 7.740000e-03 1.266640e-01
105 8.644000e-01 7.608000e-03 1.279920e-01
106 8.630200e-01 7.636000e-03 1.293440e-01
107 8.616360e-01 7.596000e-03 1.307680e-01
108 8.601880e-01 7.788000e-03 1.320240e-01
109 8.587840e-01 7.876000e-03 1.333400e-01
110 8.575680e-01 7.844000e-03 1.345880e-01
111 8.563400e-01 7.740000e-03 1.359200e-01
112 8.550480e-01 7.720000e-03 1.372320e-01
113 8.538120e-01 7.580000e-03 1.386080e-01
114 8.526360e-01 7.456000e-03 1.399080e-01
115 8.512760e-01 7.548000e-03 1.411760e-01
116 8.499000e-01 7.676000e-03 1.424240e-01
117 8.485960e-01 7.712000e-03 1.436920e-01
118 8.472480e-01 7.612000e-03 1.451400e-01
119 8.456880e-01 7.856000e-03 1.464560e-01
120 8.443600e-01 7.996000e-03 1.476440e-01
121 8.428160e-01 8.116000e-03 1.490680e-01
122 8.412800e-01 8.272000e-03 1.504480e-01
123 8.397360e-01 8.240000e-03 1.520240e-01
124 8.383720e-01 8.088000e-03 1.535400e-01
125 8.370280e-01 8.016000e-03 1.549560e-01
126 8.355440e-01 8.116000e-03 1.563400e-01
127 8.343320e-01 7.880000e-03 1.577880e-01
128 8.329840e-01 7.792000e-03 1.592240e-01
129 8.315920e-01 7.768000e-03 1.606400e-01
130 8.302560e-01 7.856000e-03 1.618880e-01
131 8.289640e-01 7.780000e-03 1.632560e-01
132 8.276440e-01 7.820000e-03 1.645360e-01
133 8.264560e-01 7.592000e-03 1.659520e-01
134 8.250720e-01 7.596000e-03 1.673320e-01
135 8.238520e-01 7.428000e-03 1.687200e-01
136 8.226040e-01 7.312000e-03 1.700840e-01
137 8.214360e-01 7.212000e-03 1.713520e-01
138 8.201560e-01 7.260000e-03 1.725840e-01
139 8.189840e-01 7.228000e-03 1.737880e-01
140 8.178320e-01 7.148000e-03 1.750200e-01
141 8.167040e-01 7.080000e-03 1.762160e-01
142 8.156960e-01 6.940000e-03 1.773640e-01
143 8.145560e-01 6.940000e-03 1.785040e-01
144 8.134320e-01 6.908000e-03 1.796600e-01
145 8.122480e-01 7.004000e-03 1.807480e-01
146 8.110920e-01 6.980000e-03 1.819280e-01
147 8.100080e-01 6.976000e-03 1.830160e-01
148 8.089640e-01 6.956000e-03 1.840800e-01
149 8.078720e-01 6.864000e-03 1.852640e-01
150 8.068160e-01 6.776000e-03 1.864080e-01
151 8.057480e-01 6.812000e-03 1.874400e-01
152 8.046160e-01 6.792000e-03 1.885920e-01
153 8.033880e-01 6.904000e-03 1.897080e-01
154 8.023640e-01 6.688000e-03 1.909480e-01
155 8.013440e-01 6.520000e-03 1.921360e-01
156 8.002800e-01 6.500000e-03 1.932200e-01
157 7.990880e-01 6.484000e-03 1.944280e-01
158 7.981200e-01 6.232000e-03 1.956480e-01
159 7.972080e-01 6.024000e-03 1.967680e-01
160 7.961440e-01 5.928000e-03 1.979280e-01
161 7.950560e-01 6.056000e-03 1.988880e-01
162 7.940120e-01 6.092000e-03 1.998960e-01
163 7.931080e-01 5.988000e-03 2.009040e-01
164 7.920800e-01 5.996000e-03 2.019240e-01
165 7.910720e-01 6.004000e-03 2.029240e-01
166 7.900720e-01 5.960000e-03 2.039680e-01
167 7.891560e-01 5.800000e-03 2.050440e-01
168 7.882720e-01 5.664000e-03 2.060640e-01
169 7.873120e-01 5.640000e-03 2.070480e-01
170 7.862400e-01 5.664000e-03 2.080960e-01
171 7.852760e-01 5.676000e-03 2.090480e-01
172 7.842200e-01 5.812000e-03 2.099680e-01
173 7.832480e-01 5.796000e-03 2.109560e-01
174 7.822800e-01 5.800000e-03 2.119200e-01
175 7.812520e-01 5.896000e-03 2.128520e-01
176 7.802160e-01 6.032000e-03 2.137520e-01
177 7.789880e-01 6.256000e-03 2.147560e-01
178 7.778560e-01 6.268000e-03 2.158760e-01
179 7.768160e-01 6.244000e-03 2.169400e-01
180 7.758320e-01 6.124000e-03 2.180440e-01
181 7.749480e-01 5.904000e-03 2.191480e-01
182 7.740400e-01 5.808000e-03 2.201520e-01
183 7.731040e-01 5.724000e-03 2.211720e-01
184 7.722440e-01 5.664000e-03 2.220920e-01
185 7.713160e-01 5.632000e-03 2.230520e-01
186 7.703520e-01 5.628000e-03 2.240200e-01
187 7.693720e-01 5.624000e-03 2.250040e-01
188 7.683160e-01 5.756000e-03 2.259280e-01
189 7.672800e-01 5.748000e-03 2.269720e-01
190 7.661960e-01 5.776000e-03 2.280280e-01
191 7.651480e-01 5.724000e-03 2.291280e-01
192 7.641000e-01 5.808000e-03 2.300920e-01
193 7.630840e-01 5.760000e-03 2.311560e-01
194 7.621520e-01 5.648000e-03 2.322000e-01
195 7.611400e-01 5.676000e-03 2.331840e-01
196 7.602240e-01 5.592000e-03 2.341840e-01
197 7.592440e-01 5.592000e-03 2.351640e-01
198 7.583240e-01 5.620000e-03 2.360560e-01
199 7.573640e-01 5.492000e-03 2.371440e-01
200 7.563600e-01 5.540000e-03 2.381000e-01
201 7.553080e-01 5.616000e-03 2.390760e-01
202 7.543600e-01 5.516000e-03 2.401240e-01
203 7.533120e-01 5.708000e-03 2.409800e-01
204 7.522760e-01 5.784000e-03 2.419400e-01
205 7.512320e-01 5.848000e-03 2.429200e-01
206 7.502440e-01 5.764000e-03 2.439920e-01
207 7.494360e-01 5.588000e-03 2.449760e-01
208 7.484800e-01 5.532000e-03 2.459880e-01
209 7.475920e-01 5.420000e-03 2.469880e-01
210 7.465520e-01 5.612000e-03 2.478360e-01
211 7.456080e-01 5.648000e-03 2.487440e-01
212 7.448000e-01 5.460000e-03 2.497400e-01
213 7.438800e-01 5.536000e-03 2.505840e-01
214 7.430560e-01 5.392000e-03 2.515520e-01
215 7.422800e-01 5.256000e-03 2.524640e-01
216 7.413400e-01 5.216000e-03 2.534440e-01
217 7.404400e-01 5.196000e-03 2.543640e-01
218 7.394800e-01 5.224000e-03 2.552960e-01
219 7.386400e-01 5.140000e-03 2.562200e-01
220 7.377040e-01 5.152000e-03 2.571440e-01
221 7.367360e-01 5.164000e-03 2.581000e-01
222 7.358840e-01 5.148000e-03 2.589680e-01
223 7.349920e-01 5.240000e-03 2.597680e-01
224 7.341080e-01 5.156000e-03 2.607360e-01
225 7.331800e-01 5.192000e-03 2.616280e-01
226 7.322960e-01 5.152000e-03 2.625520e-01
227 7.313560e-01 5.228000e-03 2.634160e-01
228 7.305520e-01 4.968000e-03 2.644800e-01
229 7.298160e-01 4.880000e-03 2.653040e-01
230 7.290200e-01 4.840000e-03 2.661400e-01
231 7.282840e-01 4.692000e-03 2.670240e-01
232 7.274480e-01 4.648000e-03 2.679040e-01
233 7.267080e-01 4.564000e-03 2.687280e-01
234 7.258160e-01 4.552000e-03 2.696320e-01
235 7.249320e-01 4.640000e-03 2.704280e-01
236 7.239560e-01 4.796000e-03 2.712480e-01
237 7.231000e-01 4.796000e-03 2.721040e-01
238 7.221440e-01 4.956000e-03 2.729000e-01
239 7.213160e-01 4.732000e-03 2.739520e-01
240 7.205720e-01 4.636000e-03 2.747920e-01
241 7.198200e-01 4.556000e-03 2.756240e-01
242 7.191200e-01 4.472000e-03 2.764080e-01
243 7.183280e-01 4.528000e-03 2.771440e-01
244 7.175360e-01 4.540000e-03 2.779240e-01
245 7.167600e-01 4.460000e-03 2.787800e-01
246 7.160160e-01 4.392000e-03 2.795920e-01
247 7.153240e-01 4.304000e-03 2.803720e-01
248 7.146720e-01 4.200000e-03 2.811280e-01
249 7.139600e-01 4.188000e-03 2.818520e-01
250 7.132680e-01 4.176000e-03 2.825560e-01
251 7.124600e-01 4.260000e-03 2.832800e-01
252 7.117480e-01 4.208000e-03 2.840440e-01
253 7.110280e-01 4.248000e-03 2.847240e-01
254 7.102720e-01 4.268000e-03 2.854600e-01
255 7.095480e-01 4.228000e-03 2.862240e-01
256 7.088000e-01 4.184000e-03 2.870160e-01
257 7.080080e-01 4.272000e-03 2.877200e-01
258 7.072120e-01 4.260000e-03 2.885280e-01
259 7.064160e-01 4.424000e-03 2.891600e-01
260 7.056640e-01 4.384000e-03 2.899520e-01
261 7.049280e-01 4.396000e-03 2.906760e-01
262 7.041400e-01 4.400000e-03 2.914600e-01
263 7.035760e-01 4.308000e-03 2.921160e-01
264 7.029800e-01 4.152000e-03 2.928680e-01
265 7.023760e-01 3.996000e-03 2.936280e-01
266 7.017920e-01 3.848000e-03 2.943600e-01
267 7.011320e-01 3.776000e-03 2.950920e-01
268 7.004320e-01 3.876000e-03 2.956920e-01
269 6.998240e-01 3.860000e-03 2.963160e-01
270 6.992520e-01 3.788000e-03 2.969600e-01
271 6.985880e-01 3.828000e-03 2.975840e-01
272 6.980720e-01 3.684000e-03 2.982440e-01
273 6.974680e-01 3.668000e-03 2.988640e-01
274 6.968200e-01 3.724000e-03 2.994560e-01
275 6.962240e-01 3.664000e-03 3.001120e-01
276 6.956440e-01 3.560000e-03 3.007960e-01
277 6.951680e-01 3.416000e-03 3.014160e-01
278 6.946160e-01 3.368000e-03 3.020160e-01
279 6.940560e-01 3.416000e-03 3.025280e-01
280 6.934800e-01 3.436000e-03 3.030840e-01
281 6.927880e-01 3.536000e-03 3.036760e-01
282 6.922080e-01 3.436000e-03 3.043560e-01
283 6.916200e-01 3.436000e-03 3.049440e-01
284 6.910240e-01 3.496000e-03 3.054800e-01
285 6.904160e-01 3.528000e-03 3.060560e-01
286 6.898400e-01 3.512000e-03 3.066480e-01
287 6.892520e-01 3.492000e-03 3.072560e-01
288 6.886280e-01 3.464000e-03 3.079080e-01
289 6.881080e-01 3.348000e-03 3.085440e-01
290 6.876120e-01 3.204000e-03 3.091840e-01
291 6.870760e-01 3.160000e-03 3.097640e-01
292 6.865480e-01 3.116000e-03 3.103360e-01
293 6.860800e-01 3.016000e-03 3.109040e-01
294 6.856920e-01 2.896000e-03 3.114120e-01
295 6.852000e-01 2.836000e-03 3.119640e-01
296 6.848600e-01 2.776000e-03 3.123640e-01
297 6.844280e-01 2.764000e-03 3.128080e-01
298 6.840320e-01 2.676000e-03 3.132920e-01
299 6.836640e-01 2.548000e-03 3.137880e-01
300 6.832800e-01 2.476000e-03 3.142440e-01
301 6.827840e-01 2.504000e-03 3.147120e-01
302 6.823240e-01 2.524000e-03 3.151520e-01
303 6.819240e-01 2.488000e-03 3.155880e-01
304 6.815160e-01 2.500000e-03 3.159840e-01
305 6.810840e-01 2.464000e-03 3.164520e-01
306 6.806760e-01 2.440000e-03 3.168840e-01
307 6.802760e-01 2.380000e-03 3.173440e-01
308 6.797800e-01 2.480000e-03 3.177400e-01
309 6.793480e-01 2.384000e-03 3.182680e-01
310 6.789200e-01 2.428000e-03 3.186520e-01
311 6.785200e-01 2.460000e-03 3.190200e-01
312 6.780800e-01 2.424000e-03 3.194960e-01
313 6.777320e-01 2.356000e-03 3.199120e-01
314 6.773160e-01 2.372000e-03 3.203120e-01
315 6.768960e-01 2.380000e-03 3.207240e-01
316 6.765840e-01 2.276000e-03 3.211400e-01
317 6.762000e-01 2.364000e-03 3.214360e-01
318 6.757560e-01 2.392000e-03 3.218520e-01
319 6.752840e-01 2.476000e-03 3.222400e-01
320 6.748040e-01 2.552000e-03 3.226440e-01
321 6.742560e-01 2.616000e-03 3.231280e-01
322 6.738880e-01 2.612000e-03 3.235000e-01
323 6.734760e-01 2.588000e-03 3.239360e-01
324 6.729920e-01 2.604000e-03 3.244040e-01
325 6.725080e-01 2.600000e-03 3.248920e-01
326 6.719840e-01 2.728000e-03 3.252880e-01
327 6.715640e-01 2.700000e-03 3.257360e-01
328 6.710800e-01 2.736000e-03 3.261840e-01
329 6.706240e-01 2.680000e-03 3.266960e-01
330 6.702760e-01 2.484000e-03 3.272400e-01
331 6.699280e-01 2.472000e-03 3.276000e-01
332 6.696200e-01 2.364000e-03 3.280160e-01
333 6.692600e-01 2.340000e-03 3.284000e-01
334 6.689000e-01 2.356000e-03 3.287440e-01
335 6.685240e-01 2.360000e-03 3.291160e-01
336 6.680840e-01 2.316000e-03 3.296000e-01
337 6.676920e-01 2.296000e-03 3.300120e-01
338 6.673960e-01 2.172000e-03 3.304320e-01
339 6.670680e-01 2.196000e-03 3.307360e-01
340 6.666920e-01 2.112000e-03 3.311960e-01
341 6.663480e-01 2.064000e-03 3.315880e-01
342 6.659400e-01 2.020000e-03 3.320400e-01
343 6.656120e-01 1.972000e-03 3.324160e-01
344 6.653200e-01 1.908000e-03 3.327720e-01
345 6.649720e-01 1.984000e-03 3.330440e-01
346 6.646160e-01 1.988000e-03 3.333960e-01
347 6.642000e-01 2.024000e-03 3.337760e-01
348 6.637840e-01 2.092000e-03 3.341240e-01
349 6.633920e-01 2.132000e-03 3.344760e-01
350 6.630320e-01 2.120000e-03 3.348480e-01
351 6.627320e-01 2.016000e-03 3.352520e-01
352 6.623920e-01 2.008000e-03 3.356000e-01
353 6.620520e-01 2.012000e-03 3.359360e-01
354 6.617440e-01 1.948000e-03 3.363080e-01
355 6.614440e-01 1.916000e-03 3.366400e-01
356 6.611720e-01 1.824000e-03 3.370040e-01
357 6.609040e-01 1.792000e-03 3.373040e-01
358 6.606320e-01 1.684000e-03 3.376840e-01
359 6.603240e-01 1.720000e-03 3.379560e-01
360 6.599880e-01 1.760000e-03 3.382520e-01
361 6.597640e-01 1.704000e-03 3.385320e-01
362 6.595040e-01 1.684000e-03 3.388120e-01
363 6.592080e-01 1.704000e-03 3.390880e-01
364 6.589000e-01 1.712000e-03 3.393880e-01
365 6.585760e-01 1.720000e-03 3.397040e-01
366 6.582800e-01 1.780000e-03 3.399400e-01
367 6.580080e-01 1.752000e-03 3.402400e-01
368 6.577000e-01 1.748000e-03 3.405520e-01
369 6.574200e-01 1.648000e-03 3.409320e-01
370 6.570920e-01 1.692000e-03 3.412160e-01
371 6.567160e-01 1.752000e-03 3.415320e-01
372 6.563920e-01 1.760000e-03 3.418480e-01
373 6.561040e-01 1.644000e-03 3.422520e-01
374 6.557560e-01 1.656000e-03 3.425880e-01
375 6.554520e-01 1.668000e-03 3.428800e-01
376 6.551200e-01 1.712000e-03 3.431680e-01
377 6.548520e-01 1.672000e-03 3.434760e-01
378 6.544920e-01 1.748000e-03 3.437600e-01
379 6.541560e-01 1.784000e-03 3.440600e-01
380 6.538240e-01 1.820000e-03 3.443560e-01
381 6.535560e-01 1.716000e-03 3.447280e-01
382 6.532600e-01 1.728000e-03 3.450120e-01
383 6.530280e-01 1.624000e-03 3.453480e-01
384 6.528080e-01 1.524000e-03 3.456680e-01
385 6.526040e-01 1.480000e-03 3.459160e-01
386 6.523880e-01 1.456000e-03 3.461560e-01
387 6.521160e-01 1.460000e-03 3.464240e-01
388 6.518880e-01 1.432000e-03 3.466800e-01
389 6.516640e-01 1.384000e-03 3.469520e-01
390 6.514640e-01 1.364000e-03 3.471720e-01
391 6.512120e-01 1.372000e-03 3.474160e-01
392 6.509520e-01 1.388000e-03 3.476600e-01
393 6.506760e-01 1.444000e-03 3.478800e-01
394 6.504160e-01 1.420000e-03 3.481640e-01
395 6.501760e-01 1.432000e-03 3.483920e-01
396 6.499640e-01 1.388000e-03 3.486480e-01
397 6.497760e-01 1.360000e-03 3.488640e-01
398 6.495400e-01 1.396000e-03 3.490640e-01
399 6.492680e-01 1.460000e-03 3.492720e-01
400 6.490000e-01 1.476000e-03 3.495240e-01
401 6.487720e-01 1.440000e-03 3.497880e-01
402 6.485640e-01 1.392000e-03 3.500440e-01
403 6.483200e-01 1.396000e-03 3.502840e-01
404 6.481160e-01 1.332000e-03 3.505520e-01
405 6.478760e-01 1.328000e-03 3.507960e-01
406 6.476240e-01 1.308000e-03 3.510680e-01
407 6.474360e-01 1.268000e-03 3.512960e-01
408 6.472000e-01 1.280000e-03 3.515200e-01
409 6.470600e-01 1.200000e-03 3.517400e-01
410 6.468640e-01 1.176000e-03 3.519600e-01
411 6.466720e-01 1.168000e-03 3.521600e-01
412 6.464520e-01 1.192000e-03 3.523560e-01
413 6.462560e-01 1.232000e-03 3.525120e-01
414 6.459920e-01 1.276000e-03 3.527320e-01
415 6.458280e-01 1.224000e-03 3.529480e-01
416 6.456320e-01 1.216000e-03 3.531520e-01
417 6.454720e-01 1.192000e-03 3.533360e-01
418 6.453200e-01 1.096000e-03 3.535840e-01
419 6.451400e-01 1.084000e-03 3.537760e-01
420 6.450160e-01 1.048000e-03 3.539360e-01
421 6.448960e-01 9.440000e-04 3.541600e-01
422 6.447800e-01 9.000000e-04 3.543200e-01
423 6.446760e-01 8.760000e-04 3.544480e-01
424 6.445120e-01 9.120000e-04 3.545760e-01
425 6.443240e-01 9.440000e-04 3.547320e-01
426 6.441320e-01 9.400000e-04 3.549280e-01
427 6.439640e-01 9.360000e-04 3.551000e-01
428 6.438560e-01 9.120000e-04 3.552320e-01
429 6.437720e-01 8.280000e-04 3.554000e-01
430 6.436600e-01 7.840000e-04 3.555560e-01
431 6.435640e-01 7.520000e-04 3.556840e-01
432 6.434160e-01 7.760000e-04 3.558080e-01
433 6.432960e-01 7.480000e-04 3.559560e-01
434 6.431680e-01 7.600000e-04 3.560720e-01
435 6.430480e-01 7.840000e-04 3.561680e-01
436 6.429360e-01 7.800000e-04 3.562840e-01
437 6.428520e-01 7.080000e-04 3.564400e-01
438 6.427760e-01 6.600000e-04 3.565640e-01
439 6.426920e-01 6.560000e-04 3.566520e-01
440 6.426040e-01 6.000000e-04 3.567960e-01
441 6.425440e-01 5.680000e-04 3.568880e-01
442 6.424800e-01 5.520000e-04 3.569680e-01
443 6.424000e-01 5.560000e-04 3.570440e-01
444 6.423160e-01 5.480000e-04 3.571360e-01
445 6.422440e-01 5.240000e-04 3.572320e-01
446 6.421720e-01 5.320000e-04 3.572960e-01
447 6.420680e-01 5.200000e-04 3.574120e-01
448 6.419800e-01 5.080000e-04 3.575120e-01
449 6.418960e-01 5.160000e-04 3.575880e-01
450 6.418240e-01 5.000000e-04 3.576760e-01
451 6.417040e-01 5.200000e-04 3.577760e-01
452 6.416040e-01 5.320000e-04 3.578640e-01
453 6.415160e-01 5.400000e-04 3.579440e-01
454 6.414400e-01 5.120000e-04 3.580480e-01
455 6.413240e-01 5.400000e-04 3.581360e-01
456 6.412200e-01 5.760000e-04 3.582040e-01
457 6.411080e-01 5.800000e-04 3.583120e-01
458 6.409040e-01 6.760000e-04 3.584200e-01
459 6.407960e-01 6.680000e-04 3.585360e-01
460 6.406960e-01 6.520000e-04 3.586520e-01
461 6.405800e-01 6.600000e-04 3.587600e-01
462 6.404560e-01 6.640000e-04 3.588800e-01
463 6.403680e-01 6.360000e-04 3.589960e-01
464 6.402040e-01 6.960000e-04 3.591000e-01
465 6.401000e-01 7.000000e-04 3.592000e-01
466 6.400040e-01 6.760000e-04 3.593200e-01
467 6.398840e-01 6.680000e-04 3.594480e-01
468 6.397840e-01 6.280000e-04 3.595880e-01
469 6.396560e-01 6.360000e-04 3.597080e-01
470 6.395240e-01 6.520000e-04 3.598240e-01
471 6.393840e-01 6.680000e-04 3.599480e-01
472 6.392960e-01 6.400000e-04 3.600640e-01
473 6.392040e-01 6.480000e-04 3.601480e-01
474 6.390680e-01 6.680000e-04 3.602640e-01
475 6.389720e-01 6.680000e-04 3.603600e-01
476 6.388880e-01 6.320000e-04 3.604800e-01
477 6.388280e-01 6.080000e-04 3.605640e-01
478 6.387400e-01 5.840000e-04 3.606760e-01
479 6.386240e-01 5.680000e-04 3.608080e-01
480 6.384880e-01 6.120000e-04 3.609000e-01
481 6.383160e-01 6.680000e-04 3.610160e-01
482 6.382080e-01 6.720000e-04 3.611200e-01
483 6.381120e-01 6.520000e-04 3.612360e-01
484 6.380560e-01 5.960000e-04 3.613480e-01
485 6.379720e-01 5.840000e-04 3.614440e-01
486 6.378520e-01 5.880000e-04 3.615600e-01
487 6.377680e-01 5.280000e-04 3.617040e-01
488 6.376280e-01 5.720000e-04 3.618000e-01
489 6.375200e-01 5.840000e-04 3.618960e-01
490 6.373680e-01 6.640000e-04 3.619680e-01
491 6.372160e-01 6.760000e-04 3.621080e-01
492 6.370920e-01 7.200000e-04 3.621880e-01
493 6.369600e-01 7.160000e-04 3.623240e-01
494 6.368360e-01 7.200000e-04 3.624440e-01
495 6.366920e-01 7.520000e-04 3.625560e-01
496 6.365680e-01 7.640000e-04 3.626680e-01
497 6.364320e-01 7.560000e-04 3.628120e-01
498 6.362840e-01 7.400000e-04 3.629760e-01
499 6.361800e-01 7.400000e-04 3.630800e-01
500 6.359880e-01 8.200000e-04 3.631920e-01
