1 9.992520e-01 6.680000e-04 8.000000e-05
2 9.987480e-01 1.060000e-03 1.920000e-04
3 9.981520e-01 1.484000e-03 3.640000e-04
4 9.973440e-01 1.972000e-03 6.840000e-04
5 9.965040e-01 2.400000e-03 1.096000e-03
6 9.955760e-01 2.868000e-03 1.556000e-03
7 9.946640e-01 3.276000e-03 2.060000e-03
8 9.936280e-01 3.656000e-03 2.716000e-03
9 9.925080e-01 4.140000e-03 3.352000e-03
10 9.912800e-01 4.608000e-03 4.112000e-03
11 9.900920e-01 5.072000e-03 4.836000e-03
12 9.888920e-01 5.452000e-03 5.656000e-03
13 9.877360e-01 5.696000e-03 6.568000e-03
14 9.864960e-01 5.968000e-03 7.536000e-03
15 9.852760e-01 6.136000e-03 8.588000e-03
16 9.842200e-01 6.060000e-03 9.720000e-03
17 9.829040e-01 6.252000e-03 1.084400e-02
18 9.814200e-01 6.676000e-03 1.190400e-02
19 9.798400e-01 7.036000e-03 1.312400e-02
20 9.782640e-01 7.404000e-03 1.433200e-02
21 9.767080e-01 7.648000e-03 1.564400e-02
22 9.751120e-01 7.884000e-03 1.700400e-02
23 9.733320e-01 8.300000e-03 1.836800e-02
24 9.715920e-01 8.520000e-03 1.988800e-02
25 9.698400e-01 8.748000e-03 2.141200e-02
26 9.680360e-01 9.024000e-03 2.294000e-02
27 9.663840e-01 9.192000e-03 2.442400e-02
28 9.646880e-01 9.304000e-03 2.600800e-02
29 9.627920e-01 9.508000e-03 2.770000e-02
30 9.609920e-01 9.664000e-03 2.934400e-02
31 9.591480e-01 9.796000e-03 3.105600e-02
32 9.571480e-01 1.011200e-02 3.274000e-02
33 9.552840e-01 1.020000e-02 3.451600e-02
34 9.533320e-01 1.034000e-02 3.632800e-02
35 9.513920e-01 1.044000e-02 3.816800e-02
36 9.495160e-01 1.036400e-02 4.012000e-02
37 9.475840e-01 1.047200e-02 4.194400e-02
38 9.457320e-01 1.048400e-02 4.378400e-02
39 9.439080e-01 1.046000e-02 4.563200e-02
40 9.419800e-01 1.073600e-02 4.728400e-02
41 9.400720e-01 1.073200e-02 4.919600e-02
42 9.382000e-01 1.071600e-02 5.108400e-02
43 9.362080e-01 1.086400e-02 5.292800e-02
44 9.342240e-01 1.097200e-02 5.480400e-02
45 9.321160e-01 1.137200e-02 5.651200e-02
46 9.302440e-01 1.129200e-02 5.846400e-02
47 9.281800e-01 1.112800e-02 6.069200e-02
48 9.261280e-01 1.123600e-02 6.263600e-02
49 9.243200e-01 1.100000e-02 6.468000e-02
50 9.223720e-01 1.102400e-02 6.660400e-02
51 9.205760e-01 1.077200e-02 6.865200e-02
52 9.187400e-01 1.074400e-02 7.051600e-02
53 9.167440e-01 1.099600e-02 7.226000e-02
54 9.148120e-01 1.104800e-02 7.414000e-02
55 9.128240e-01 1.096000e-02 7.621600e-02
56 9.109240e-01 1.090800e-02 7.816800e-02
57 9.090400e-01 1.091200e-02 8.004800e-02
58 9.071160e-01 1.099200e-02 8.189200e-02
59 9.050640e-01 1.102000e-02 8.391600e-02
60 9.030040e-01 1.104800e-02 8.594800e-02
61 9.008760e-01 1.128800e-02 8.783600e-02
62 8.987000e-01 1.152400e-02 8.977600e-02
63 8.969280e-01 1.126800e-02 9.180400e-02
64 8.947160e-01 1.161600e-02 9.366800e-02
65 8.927200e-01 1.163600e-02 9.564400e-02
66 8.907600e-01 1.158400e-02 9.765600e-02
67 8.886160e-01 1.173600e-02 9.964800e-02
68 8.866240e-01 1.164800e-02 1.017280e-01
69 8.846040e-01 1.159200e-02 1.038040e-01
70 8.823360e-01 1.174000e-02 1.059240e-01
71 8.802040e-01 1.190400e-02 1.078920e-01
72 8.782040e-01 1.171200e-02 1.100840e-01
73 8.759080e-01 1.198000e-02 1.121120e-01
74 8.737000e-01 1.210000e-02 1.142000e-01
75 8.715200e-01 1.220000e-02 1.162800e-01
76 8.693080e-01 1.216000e-02 1.185320e-01
77 8.672760e-01 1.202000e-02 1.207040e-01
78 8.653040e-01 1.184000e-02 1.228560e-01
79 8.632480e-01 1.188400e-02 1.248680e-01
80 8.611080e-01 1.181200e-02 1.270800e-01
81 8.591960e-01 1.164800e-02 1.291560e-01
82 8.572160e-01 1.166800e-02 1.311160e-01
83 8.552880e-01 1.152800e-02 1.331840e-01
84 8.535880e-01 1.129200e-02 1.351200e-01
85 8.516040e-01 1.132000e-02 1.370760e-01
86 8.498880e-01 1.111200e-02 1.390000e-01
87 8.478800e-01 1.120400e-02 1.409160e-01
88 8.459200e-01 1.119200e-02 1.428880e-01
89 8.440080e-01 1.110400e-02 1.448880e-01
90 8.421040e-01 1.110400e-02 1.467920e-01
91 8.402600e-01 1.101600e-02 1.487240e-01
92 8.383160e-01 1.110000e-02 1.505840e-01
93 8.362320e-01 1.125600e-02 1.525120e-01
94 8.343080e-01 1.135200e-02 1.543400e-01
95 8.323840e-01 1.152000e-02 1.560960e-01
96 8.304920e-01 1.150000e-02 1.580080e-01
97 8.285760e-01 1.145600e-02 1.599680e-01
98 8.266280e-01 1.144000e-02 1.619320e-01
99 8.244880e-01 1.155200e-02 1.639600e-01
100 8.224240e-01 1.157200e-02 1.660040e-01
101 8.204320e-01 1.150000e-02 1.680680e-01
102 8.185040e-01 1.138000e-02 1.701160e-01
103 8.167600e-01 1.124400e-02 1.719960e-01
104 8.151720e-01 1.084000e-02 1.739880e-01
105 8.133600e-01 1.081200e-02 1.758280e-01
106 8.116080e-01 1.067200e-02 1.777200e-01
107 8.098920e-01 1.054400e-02 1.795640e-01
108 8.081400e-01 1.046000e-02 1.814000e-01
109 8.063320e-01 1.053600e-02 1.831320e-01
110 8.046000e-01 1.055200e-02 1.848480e-01
111 8.028480e-01 1.046000e-02 1.866920e-01
112 8.012080e-01 1.026800e-02 1.885240e-01
113 7.994240e-01 1.021200e-02 1.903640e-01
114 7.976280e-01 1.007200e-02 1.923000e-01
115 7.959560e-01 9.908000e-03 1.941360e-01
116 7.941120e-01 1.003600e-02 1.958520e-01
117 7.923880e-01 1.002800e-02 1.975840e-01
118 7.905000e-01 1.012000e-02 1.993800e-01
119 7.887640e-01 1.024000e-02 2.009960e-01
120 7.870240e-01 1.014000e-02 2.028360e-01
121 7.853360e-01 9.892000e-03 2.047720e-01
122 7.836800e-01 9.968000e-03 2.063520e-01
123 7.820240e-01 9.932000e-03 2.080440e-01
124 7.804480e-01 9.904000e-03 2.096480e-01
125 7.787320e-01 9.848000e-03 2.114200e-01
126 7.772040e-01 9.780000e-03 2.130160e-01
127 7.757320e-01 9.536000e-03 2.147320e-01
128 7.742560e-01 9.404000e-03 2.163400e-01
129 7.726840e-01 9.392000e-03 2.179240e-01
130 7.711960e-01 9.144000e-03 2.196600e-01
131 7.697120e-01 9.096000e-03 2.211920e-01
132 7.682920e-01 8.960000e-03 2.227480e-01
133 7.669120e-01 8.732000e-03 2.243560e-01
134 7.655600e-01 8.608000e-03 2.258320e-01
135 7.640680e-01 8.684000e-03 2.272480e-01
136 7.625320e-01 8.756000e-03 2.287120e-01
137 7.609560e-01 8.872000e-03 2.301720e-01
138 7.593520e-01 8.884000e-03 2.317640e-01
139 7.578240e-01 9.008000e-03 2.331680e-01
140 7.561920e-01 9.000000e-03 2.348080e-01
141 7.546720e-01 9.056000e-03 2.362720e-01
142 7.531280e-01 9.084000e-03 2.377880e-01
143 7.514640e-01 9.300000e-03 2.392360e-01
144 7.498280e-01 9.252000e-03 2.409200e-01
145 7.482360e-01 9.216000e-03 2.425480e-01
146 7.467080e-01 9.132000e-03 2.441600e-01
147 7.453680e-01 9.072000e-03 2.455600e-01
148 7.439320e-01 8.916000e-03 2.471520e-01
149 7.424480e-01 8.812000e-03 2.487400e-01
150 7.408760e-01 8.804000e-03 2.503200e-01
151 7.395080e-01 8.496000e-03 2.519960e-01
152 7.380160e-01 8.528000e-03 2.534560e-01
153 7.364840e-01 8.584000e-03 2.549320e-01
154 7.349960e-01 8.500000e-03 2.565040e-01
155 7.335880e-01 8.444000e-03 2.579680e-01
156 7.322160e-01 8.416000e-03 2.593680e-01
157 7.309720e-01 8.284000e-03 2.607440e-01
158 7.295680e-01 8.284000e-03 2.621480e-01
159 7.282120e-01 8.108000e-03 2.636800e-01
160 7.268840e-01 7.988000e-03 2.651280e-01
161 7.254760e-01 8.020000e-03 2.665040e-01
162 7.241440e-01 7.916000e-03 2.679400e-01
163 7.227000e-01 7.848000e-03 2.694520e-01
164 7.213240e-01 7.872000e-03 2.708040e-01
165 7.199680e-01 7.868000e-03 2.721640e-01
166 7.187040e-01 7.672000e-03 2.736240e-01
167 7.174360e-01 7.544000e-03 2.750200e-01
168 7.160440e-01 7.516000e-03 2.764400e-01
169 7.148080e-01 7.424000e-03 2.777680e-01
170 7.134720e-01 7.376000e-03 2.791520e-01
171 7.123200e-01 7.216000e-03 2.804640e-01
172 7.110120e-01 7.348000e-03 2.816400e-01
173 7.096680e-01 7.288000e-03 2.830440e-01
174 7.084440e-01 7.188000e-03 2.843680e-01
175 7.072480e-01 7.060000e-03 2.856920e-01
176 7.060600e-01 7.120000e-03 2.868200e-01
177 7.047840e-01 7.156000e-03 2.880600e-01
178 7.034800e-01 7.164000e-03 2.893560e-01
179 7.023720e-01 7.112000e-03 2.905160e-01
180 7.012440e-01 7.036000e-03 2.917200e-01
181 7.001080e-01 6.976000e-03 2.929160e-01
182 6.989760e-01 6.916000e-03 2.941080e-01
183 6.976640e-01 6.996000e-03 2.953400e-01
184 6.964320e-01 7.012000e-03 2.965560e-01
185 6.952120e-01 7.084000e-03 2.977040e-01
186 6.939960e-01 7.096000e-03 2.989080e-01
187 6.926280e-01 7.136000e-03 3.002360e-01
188 6.913680e-01 7.200000e-03 3.014320e-01
189 6.901920e-01 7.232000e-03 3.025760e-01
190 6.889120e-01 7.252000e-03 3.038360e-01
191 6.877640e-01 7.056000e-03 3.051800e-01
192 6.867680e-01 6.828000e-03 3.064040e-01
193 6.856400e-01 6.708000e-03 3.076520e-01
194 6.845120e-01 6.568000e-03 3.089200e-01
195 6.833560e-01 6.612000e-03 3.100320e-01
196 6.822480e-01 6.424000e-03 3.113280e-01
197 6.811960e-01 6.328000e-03 3.124760e-01
198 6.801680e-01 6.256000e-03 3.135760e-01
199 6.791880e-01 6.280000e-03 3.145320e-01
200 6.782160e-01 6.084000e-03 3.157000e-01
201 6.772200e-01 5.972000e-03 3.168080e-01
202 6.761600e-01 5.920000e-03 3.179200e-01
203 6.752040e-01 5.872000e-03 3.189240e-01
204 6.742080e-01 5.820000e-03 3.199720e-01
205 6.733200e-01 5.724000e-03 3.209560e-01
206 6.723320e-01 5.660000e-03 3.220080e-01
207 6.713840e-01 5.616000e-03 3.230000e-01
208 6.705440e-01 5.400000e-03 3.240560e-01
209 6.696040e-01 5.340000e-03 3.250560e-01
210 6.686840e-01 5.336000e-03 3.259800e-01
211 6.677640e-01 5.388000e-03 3.268480e-01
212 6.667800e-01 5.440000e-03 3.277800e-01
213 6.658920e-01 5.348000e-03 3.287600e-01
214 6.649520e-01 5.380000e-03 3.296680e-01
215 6.640520e-01 5.340000e-03 3.306080e-01
216 6.632320e-01 5.152000e-03 3.316160e-01
217 6.624760e-01 5.000000e-03 3.325240e-01
218 6.617520e-01 4.800000e-03 3.334480e-01
219 6.609280e-01 4.748000e-03 3.343240e-01
220 6.602120e-01 4.728000e-03 3.350600e-01
221 6.594720e-01 4.684000e-03 3.358440e-01
222 6.587520e-01 4.628000e-03 3.366200e-01
223 6.580600e-01 4.596000e-03 3.373440e-01
224 6.573880e-01 4.484000e-03 3.381280e-01
225 6.565880e-01 4.472000e-03 3.389400e-01
226 6.558560e-01 4.368000e-03 3.397760e-01
227 6.552040e-01 4.304000e-03 3.404920e-01
228 6.546120e-01 4.248000e-03 3.411400e-01
229 6.539560e-01 4.220000e-03 3.418240e-01
230 6.533640e-01 4.088000e-03 3.425480e-01
231 6.527360e-01 4.048000e-03 3.432160e-01
232 6.521320e-01 3.948000e-03 3.439200e-01
233 6.515520e-01 3.784000e-03 3.446640e-01
234 6.509800e-01 3.576000e-03 3.454440e-01
235 6.504400e-01 3.464000e-03 3.460960e-01
236 6.499320e-01 3.404000e-03 3.466640e-01
237 6.494640e-01 3.276000e-03 3.472600e-01
238 6.488440e-01 3.336000e-03 3.478200e-01
239 6.483040e-01 3.272000e-03 3.484240e-01
240 6.477960e-01 3.224000e-03 3.489800e-01
241 6.472800e-01 3.160000e-03 3.495600e-01
242 6.467920e-01 3.044000e-03 3.501640e-01
243 6.462240e-01 3.140000e-03 3.506360e-01
244 6.456800e-01 3.096000e-03 3.512240e-01
245 6.451280e-01 3.184000e-03 3.516880e-01
246 6.445640e-01 3.172000e-03 3.522640e-01
247 6.439440e-01 3.196000e-03 3.528600e-01
248 6.433520e-01 3.252000e-03 3.533960e-01
249 6.428600e-01 3.184000e-03 3.539560e-01
250 6.423120e-01 3.188000e-03 3.545000e-01
251 6.418200e-01 3.116000e-03 3.550640e-01
252 6.413520e-01 3.068000e-03 3.555800e-01
253 6.409320e-01 2.944000e-03 3.561240e-01
254 6.404960e-01 2.924000e-03 3.565800e-01
255 6.400560e-01 2.904000e-03 3.570400e-01
256 6.396440e-01 2.852000e-03 3.575040e-01
257 6.391640e-01 2.828000e-03 3.580080e-01
258 6.387480e-01 2.780000e-03 3.584720e-01
259 6.382600e-01 2.816000e-03 3.589240e-01
260 6.377520e-01 2.916000e-03 3.593320e-01
261 6.372680e-01 2.936000e-03 3.597960e-01
262 6.367560e-01 2.896000e-03 3.603480e-01
263 6.361600e-01 2.956000e-03 3.608840e-01
264 6.355400e-01 3.000000e-03 3.614600e-01
265 6.349400e-01 3.124000e-03 3.619360e-01
266 6.343760e-01 3.080000e-03 3.625440e-01
267 6.338600e-01 3.056000e-03 3.630840e-01
268 6.333560e-01 3.024000e-03 3.636200e-01
269 6.329520e-01 2.912000e-03 3.641360e-01
270 6.326200e-01 2.732000e-03 3.646480e-01
271 6.322760e-01 2.584000e-03 3.651400e-01
272 6.319040e-01 2.512000e-03 3.655840e-01
273 6.314080e-01 2.604000e-03 3.659880e-01
274 6.310040e-01 2.496000e-03 3.665000e-01
275 6.306280e-01 2.476000e-03 3.668960e-01
276 6.303280e-01 2.308000e-03 3.673640e-01
277 6.299160e-01 2.340000e-03 3.677440e-01
278 6.295520e-01 2.348000e-03 3.681000e-01
279 6.292000e-01 2.300000e-03 3.685000e-01
280 6.288680e-01 2.240000e-03 3.688920e-01
281 6.286120e-01 2.048000e-03 3.693400e-01
282 6.283760e-01 1.940000e-03 3.696840e-01
283 6.280680e-01 1.932000e-03 3.700000e-01
284 6.278360e-01 1.848000e-03 3.703160e-01
285 6.276160e-01 1.740000e-03 3.706440e-01
286 6.273440e-01 1.684000e-03 3.709720e-01
287 6.270960e-01 1.612000e-03 3.712920e-01
288 6.269120e-01 1.496000e-03 3.715920e-01
289 6.266840e-01 1.444000e-03 3.718720e-01
290 6.264880e-01 1.380000e-03 3.721320e-01
291 6.263440e-01 1.260000e-03 3.723960e-01
292 6.261960e-01 1.160000e-03 3.726440e-01
293 6.260840e-01 1.072000e-03 3.728440e-01
294 6.258960e-01 1.064000e-03 3.730400e-01
295 6.257280e-01 1.048000e-03 3.732240e-01
296 6.255600e-01 1.016000e-03 3.734240e-01
297 6.253640e-01 1.056000e-03 3.735800e-01
298 6.251920e-01 1.052000e-03 3.737560e-01
299 6.249640e-01 1.120000e-03 3.739160e-01
300 6.247680e-01 1.092000e-03 3.741400e-01
301 6.246040e-01 1.116000e-03 3.742800e-01
302 6.244760e-01 1.060000e-03 3.744640e-01
303 6.242840e-01 1.104000e-03 3.746120e-01
304 6.241560e-01 1.052000e-03 3.747920e-01
305 6.240440e-01 9.760000e-04 3.749800e-01
306 6.239000e-01 9.400000e-04 3.751600e-01
307 6.237600e-01 9.120000e-04 3.753280e-01
308 6.236080e-01 8.680000e-04 3.755240e-01
309 6.234920e-01 8.320000e-04 3.756760e-01
310 6.233360e-01 8.280000e-04 3.758360e-01
311 6.232280e-01 7.960000e-04 3.759760e-01
312 6.231160e-01 7.800000e-04 3.761040e-01
313 6.229640e-01 8.160000e-04 3.762200e-01
314 6.228080e-01 8.160000e-04 3.763760e-01
315 6.226640e-01 8.160000e-04 3.765200e-01
316 6.225440e-01 8.080000e-04 3.766480e-01
317 6.223880e-01 8.360000e-04 3.767760e-01
318 6.222440e-01 7.840000e-04 3.769720e-01
319 6.221280e-01 8.000000e-04 3.770720e-01
320 6.219760e-01 8.200000e-04 3.772040e-01
321 6.218560e-01 7.920000e-04 3.773520e-01
322 6.217840e-01 7.320000e-04 3.774840e-01
323 6.217000e-01 6.680000e-04 3.776320e-01
324 6.215880e-01 6.640000e-04 3.777480e-01
325 6.214640e-01 6.680000e-04 3.778680e-01
326 6.213760e-01 5.840000e-04 3.780400e-01
327 6.212640e-01 5.960000e-04 3.781400e-01
328 6.211680e-01 5.720000e-04 3.782600e-01
329 6.210960e-01 5.280000e-04 3.783760e-01
330 6.209840e-01 5.240000e-04 3.784920e-01
331 6.209040e-01 5.360000e-04 3.785600e-01
332 6.208520e-01 4.880000e-04 3.786600e-01
333 6.207640e-01 5.080000e-04 3.787280e-01
334 6.206920e-01 5.160000e-04 3.787920e-01
335 6.205880e-01 5.520000e-04 3.788600e-01
336 6.205120e-01 5.000000e-04 3.789880e-01
337 6.204320e-01 5.120000e-04 3.790560e-01
338 6.203640e-01 5.040000e-04 3.791320e-01
339 6.202760e-01 4.920000e-04 3.792320e-01
340 6.201760e-01 5.360000e-04 3.792880e-01
341 6.200800e-01 5.720000e-04 3.793480e-01
342 6.199800e-01 5.840000e-04 3.794360e-01
343 6.198720e-01 6.080000e-04 3.795200e-01
344 6.197720e-01 5.960000e-04 3.796320e-01
345 6.196720e-01 5.800000e-04 3.797480e-01
346 6.195400e-01 6.280000e-04 3.798320e-01
347 6.194680e-01 5.760000e-04 3.799560e-01
348 6.193840e-01 5.520000e-04 3.800640e-01
349 6.193040e-01 5.640000e-04 3.801320e-01
350 6.191880e-01 5.960000e-04 3.802160e-01
351 6.190960e-01 5.960000e-04 3.803080e-01
352 6.190200e-01 5.520000e-04 3.804280e-01
353 6.189440e-01 5.760000e-04 3.804800e-01
354 6.188680e-01 5.720000e-04 3.805600e-01
355 6.187560e-01 5.680000e-04 3.806760e-01
356 6.186280e-01 6.000000e-04 3.807720e-01
357 6.185080e-01 6.360000e-04 3.808560e-01
358 6.183720e-01 6.720000e-04 3.809560e-01
359 6.183160e-01 6.080000e-04 3.810760e-01
360 6.182480e-01 5.800000e-04 3.811720e-01
361 6.181560e-01 5.960000e-04 3.812480e-01
362 6.180920e-01 5.440000e-04 3.813640e-01
363 6.180320e-01 5.080000e-04 3.814600e-01
364 6.180040e-01 4.680000e-04 3.815280e-01
365 6.179720e-01 4.080000e-04 3.816200e-01
366 6.179000e-01 4.280000e-04 3.816720e-01
367 6.178560e-01 3.760000e-04 3.817680e-01
368 6.177840e-01 3.680000e-04 3.818480e-01
369 6.176960e-01 4.080000e-04 3.818960e-01
370 6.176240e-01 4.080000e-04 3.819680e-01
371 6.175240e-01 4.080000e-04 3.820680e-01
372 6.174480e-01 3.960000e-04 3.821560e-01
373 6.173520e-01 4.120000e-04 3.822360e-01
374 6.173000e-01 3.880000e-04 3.823120e-01
375 6.172400e-01 3.600000e-04 3.824000e-01
376 6.171960e-01 3.480000e-04 3.824560e-01
377 6.171480e-01 3.440000e-04 3.825080e-01
378 6.171200e-01 3.320000e-04 3.825480e-01
379 6.170520e-01 3.440000e-04 3.826040e-01
380 6.170000e-01 3.480000e-04 3.826520e-01
381 6.169640e-01 3.280000e-04 3.827080e-01
382 6.169160e-01 3.080000e-04 3.827760e-01
383 6.168640e-01 3.080000e-04 3.828280e-01
384 6.168200e-01 3.040000e-04 3.828760e-01
385 6.167360e-01 3.440000e-04 3.829200e-01
386 6.166600e-01 3.760000e-04 3.829640e-01
387 6.166240e-01 3.360000e-04 3.830400e-01
388 6.165720e-01 3.320000e-04 3.830960e-01
389 6.165320e-01 3.200000e-04 3.831480e-01
390 6.164760e-01 3.160000e-04 3.832080e-01
391 6.164120e-01 3.400000e-04 3.832480e-01
392 6.163080e-01 3.720000e-04 3.833200e-01
393 6.162120e-01 3.840000e-04 3.834040e-01
394 6.161400e-01 3.920000e-04 3.834680e-01
395 6.160240e-01 4.240000e-04 3.835520e-01
396 6.159040e-01 4.760000e-04 3.836200e-01
397 6.158360e-01 4.560000e-04 3.837080e-01
398 6.157200e-01 5.160000e-04 3.837640e-01
399 6.156440e-01 5.160000e-04 3.838400e-01
400 6.155640e-01 4.960000e-04 3.839400e-01
401 6.155160e-01 4.520000e-04 3.840320e-01
402 6.154480e-01 4.480000e-04 3.841040e-01
403 6.153920e-01 4.240000e-04 3.841840e-01
404 6.152880e-01 4.560000e-04 3.842560e-01
405 6.152040e-01 4.640000e-04 3.843320e-01
406 6.151520e-01 4.000000e-04 3.844480e-01
407 6.150640e-01 4.240000e-04 3.845120e-01
408 6.150320e-01 3.720000e-04 3.845960e-01
409 6.149760e-01 3.400000e-04 3.846840e-01
410 6.149280e-01 3.320000e-04 3.847400e-01
411 6.148800e-01 3.240000e-04 3.847960e-01
412 6.148040e-01 3.160000e-04 3.848800e-01
413 6.147520e-01 3.000000e-04 3.849480e-01
414 6.146960e-01 2.800000e-04 3.850240e-01
415 6.146440e-01 2.800000e-04 3.850760e-01
416 6.145800e-01 2.880000e-04 3.851320e-01
417 6.145280e-01 2.720000e-04 3.852000e-01
418 6.144560e-01 2.760000e-04 3.852680e-01
419 6.144200e-01 2.840000e-04 3.852960e-01
420 6.143880e-01 2.640000e-04 3.853480e-01
421 6.143480e-01 2.400000e-04 3.854120e-01
422 6.142840e-01 2.720000e-04 3.854440e-01
423 6.142400e-01 2.520000e-04 3.855080e-01
424 6.142200e-01 2.240000e-04 3.855560e-01
425 6.141920e-01 2.080000e-04 3.856000e-01
426 6.141600e-01 1.920000e-04 3.856480e-01
427 6.141280e-01 1.840000e-04 3.856880e-01
428 6.140880e-01 2.000000e-04 3.857120e-01
429 6.140360e-01 2.160000e-04 3.857480e-01
430 6.139640e-01 2.440000e-04 3.857920e-01
431 6.138920e-01 2.600000e-04 3.858480e-01
432 6.138400e-01 2.680000e-04 3.858920e-01
433 6.137600e-01 2.960000e-04 3.859440e-01
434 6.137000e-01 3.160000e-04 3.859840e-01
435 6.136360e-01 2.920000e-04 3.860720e-01
436 6.135200e-01 3.280000e-04 3.861520e-01
437 6.134200e-01 3.680000e-04 3.862120e-01
438 6.133720e-01 3.600000e-04 3.862680e-01
439 6.132760e-01 3.880000e-04 3.863360e-01
440 6.132040e-01 3.960000e-04 3.864000e-01
441 6.131280e-01 3.920000e-04 3.864800e-01
442 6.130760e-01 3.640000e-04 3.865600e-01
443 6.130440e-01 3.640000e-04 3.865920e-01
444 6.130200e-01 3.080000e-04 3.866720e-01
445 6.129720e-01 2.960000e-04 3.867320e-01
446 6.129480e-01 2.800000e-04 3.867720e-01
447 6.129000e-01 2.840000e-04 3.868160e-01
448 6.128200e-01 3.040000e-04 3.868760e-01
449 6.127400e-01 3.240000e-04 3.869360e-01
450 6.126800e-01 3.160000e-04 3.870040e-01
451 6.125960e-01 3.520000e-04 3.870520e-01
452 6.125480e-01 3.160000e-04 3.871360e-01
453 6.124960e-01 2.760000e-04 3.872280e-01
454 6.124360e-01 2.760000e-04 3.872880e-01
455 6.123360e-01 3.280000e-04 3.873360e-01
456 6.122760e-01 3.360000e-04 3.873880e-01
457 6.122120e-01 3.520000e-04 3.874360e-01
458 6.121440e-01 3.560000e-04 3.875000e-01
459 6.120880e-01 3.720000e-04 3.875400e-01
460 6.120160e-01 4.000000e-04 3.875840e-01
461 6.119440e-01 4.080000e-04 3.876480e-01
462 6.118560e-01 4.200000e-04 3.877240e-01
463 6.117320e-01 4.680000e-04 3.878000e-01
464 6.116720e-01 4.560000e-04 3.878720e-01
465 6.115960e-01 4.360000e-04 3.879680e-01
466 6.115040e-01 4.680000e-04 3.880280e-01
467 6.114160e-01 4.720000e-04 3.881120e-01
468 6.113480e-01 4.720000e-04 3.881800e-01
469 6.112640e-01 4.640000e-04 3.882720e-01
470 6.112080e-01 4.440000e-04 3.883480e-01
471 6.111280e-01 4.800000e-04 3.883920e-01
472 6.110320e-01 4.960000e-04 3.884720e-01
473 6.109880e-01 4.280000e-04 3.885840e-01
474 6.109280e-01 4.160000e-04 3.886560e-01
475 6.108560e-01 4.440000e-04 3.887000e-01
476 6.107160e-01 4.680000e-04 3.888160e-01
477 6.106480e-01 4.560000e-04 3.888960e-01
478 6.105560e-01 4.920000e-04 3.889520e-01
479 6.104480e-01 5.200000e-04 3.890320e-01
480 6.103520e-01 5.320000e-04 3.891160e-01
481 6.102880e-01 5.320000e-04 3.891800e-01
482 6.102240e-01 5.280000e-04 3.892480e-01
483 6.101640e-01 5.000000e-04 3.893360e-01
484 6.100800e-01 4.920000e-04 3.894280e-01
485 6.100160e-01 4.360000e-04 3.895480e-01
486 6.099440e-01 4.400000e-04 3.896160e-01
487 6.099040e-01 4.040000e-04 3.896920e-01
488 6.098680e-01 3.520000e-04 3.897800e-01
489 6.098080e-01 3.440000e-04 3.898480e-01
490 6.097520e-01 3.200000e-04 3.899280e-01
491 6.097080e-01 3.160000e-04 3.899760e-01
492 6.096440e-01 3.120000e-04 3.900440e-01
493 6.095800e-01 3.320000e-04 3.900880e-01
494 6.095160e-01 3.440000e-04 3.901400e-01
495 6.094640e-01 3.320000e-04 3.902040e-01
496 6.094080e-01 3.320000e-04 3.902600e-01
497 6.093440e-01 3.080000e-04 3.903480e-01
498 6.092800e-01 3.480000e-04 3.903720e-01
499 6.092000e-01 3.800000e-04 3.904200e-01
500 6.091360e-01 3.760000e-04 3.904880e-01
