1 9.992640e-01 6.760000e-04 6.000000e-05
2 9.987040e-01 1.104000e-03 1.920000e-04
3 9.980560e-01 1.484000e-03 4.600000e-04
4 9.974080e-01 1.816000e-03 7.760000e-04
5 9.967000e-01 2.184000e-03 1.116000e-03
6 9.959120e-01 2.548000e-03 1.540000e-03
7 9.950800e-01 2.864000e-03 2.056000e-03
8 9.941120e-01 3.328000e-03 2.560000e-03
9 9.932120e-01 3.552000e-03 3.236000e-03
10 9.921320e-01 4.012000e-03 3.856000e-03
11 9.910800e-01 4.420000e-03 4.500000e-03
12 9.900520e-01 4.648000e-03 5.300000e-03
13 9.889680e-01 4.788000e-03 6.244000e-03
14 9.878320e-01 5.020000e-03 7.148000e-03
15 9.866840e-01 5.280000e-03 8.036000e-03
16 9.856120e-01 5.444000e-03 8.944000e-03
17 9.844960e-01 5.568000e-03 9.936000e-03
18 9.832800e-01 5.836000e-03 1.088400e-02
19 9.819360e-01 6.176000e-03 1.188800e-02
20 9.804240e-01 6.564000e-03 1.301200e-02
21 9.790360e-01 6.748000e-03 1.421600e-02
22 9.775480e-01 6.920000e-03 1.553200e-02
23 9.762920e-01 6.884000e-03 1.682400e-02
24 9.748360e-01 7.156000e-03 1.800800e-02
25 9.733840e-01 7.500000e-03 1.911600e-02
26 9.720000e-01 7.520000e-03 2.048000e-02
27 9.703160e-01 7.924000e-03 2.176000e-02
28 9.687400e-01 8.156000e-03 2.310400e-02
29 9.671120e-01 8.480000e-03 2.440800e-02
30 9.654600e-01 8.604000e-03 2.593600e-02
31 9.637640e-01 8.728000e-03 2.750800e-02
32 9.619320e-01 9.068000e-03 2.900000e-02
33 9.601440e-01 9.356000e-03 3.050000e-02
34 9.585600e-01 9.276000e-03 3.216400e-02
35 9.569160e-01 9.424000e-03 3.366000e-02
36 9.551960e-01 9.412000e-03 3.539200e-02
37 9.535120e-01 9.544000e-03 3.694400e-02
38 9.518120e-01 9.452000e-03 3.873600e-02
39 9.502080e-01 9.508000e-03 4.028400e-02
40 9.484160e-01 9.552000e-03 4.203200e-02
41 9.467360e-01 9.376000e-03 4.388800e-02
42 9.450880e-01 9.424000e-03 4.548800e-02
43 9.434120e-01 9.392000e-03 4.719600e-02
44 9.415120e-01 9.740000e-03 4.874800e-02
45 9.396600e-01 9.876000e-03 5.046400e-02
46 9.379880e-01 9.856000e-03 5.215600e-02
47 9.361840e-01 9.880000e-03 5.393600e-02
48 9.344880e-01 9.892000e-03 5.562000e-02
49 9.327520e-01 9.900000e-03 5.734800e-02
50 9.309480e-01 9.996000e-03 5.905600e-02
51 9.292440e-01 1.003200e-02 6.072400e-02
52 9.274160e-01 1.014400e-02 6.244000e-02
53 9.257040e-01 1.006000e-02 6.423600e-02
54 9.238960e-01 1.014000e-02 6.596400e-02
55 9.220960e-01 1.021600e-02 6.768800e-02
56 9.202760e-01 1.026800e-02 6.945600e-02
57 9.184960e-01 1.029600e-02 7.120800e-02
58 9.167120e-01 1.022800e-02 7.306000e-02
59 9.149760e-01 1.015600e-02 7.486800e-02
60 9.133240e-01 9.932000e-03 7.674400e-02
61 9.115320e-01 1.003200e-02 7.843600e-02
62 9.098040e-01 1.018400e-02 8.001200e-02
63 9.080080e-01 1.023200e-02 8.176000e-02
64 9.063080e-01 1.014800e-02 8.354400e-02
65 9.046160e-01 1.010800e-02 8.527600e-02
66 9.026360e-01 1.031600e-02 8.704800e-02
67 9.008040e-01 1.031600e-02 8.888000e-02
68 8.988840e-01 1.050000e-02 9.061600e-02
69 8.971800e-01 1.052000e-02 9.230000e-02
70 8.955040e-01 1.031200e-02 9.418400e-02
71 8.936960e-01 1.049200e-02 9.581200e-02
72 8.918640e-01 1.046000e-02 9.767600e-02
73 8.900160e-01 1.035600e-02 9.962800e-02
74 8.881920e-01 1.028000e-02 1.015280e-01
75 8.862760e-01 1.047200e-02 1.032520e-01
76 8.844120e-01 1.039600e-02 1.051920e-01
77 8.826120e-01 1.042400e-02 1.069640e-01
78 8.809760e-01 1.026000e-02 1.087640e-01
79 8.792880e-01 1.012400e-02 1.105880e-01
80 8.776120e-01 9.984000e-03 1.124040e-01
81 8.760920e-01 9.788000e-03 1.141200e-01
82 8.743920e-01 9.684000e-03 1.159240e-01
83 8.726720e-01 9.612000e-03 1.177160e-01
84 8.710000e-01 9.660000e-03 1.193400e-01
85 8.692720e-01 9.724000e-03 1.210040e-01
86 8.676160e-01 9.552000e-03 1.228320e-01
87 8.659480e-01 9.544000e-03 1.245080e-01
88 8.643400e-01 9.460000e-03 1.262000e-01
89 8.626600e-01 9.564000e-03 1.277760e-01
90 8.610400e-01 9.612000e-03 1.293480e-01
91 8.594840e-01 9.464000e-03 1.310520e-01
92 8.580600e-01 9.340000e-03 1.326000e-01
93 8.567800e-01 8.980000e-03 1.342400e-01
94 8.553920e-01 8.916000e-03 1.356920e-01
95 8.538720e-01 8.852000e-03 1.372760e-01
96 8.522560e-01 8.964000e-03 1.387800e-01
97 8.506880e-01 8.964000e-03 1.403480e-01
98 8.490080e-01 9.104000e-03 1.418880e-01
99 8.472560e-01 9.188000e-03 1.435560e-01
100 8.455480e-01 9.280000e-03 1.451720e-01
101 8.437920e-01 9.448000e-03 1.467600e-01
102 8.421520e-01 9.488000e-03 1.483600e-01
103 8.404600e-01 9.540000e-03 1.500000e-01
104 8.388280e-01 9.536000e-03 1.516360e-01
105 8.372920e-01 9.300000e-03 1.534080e-01
106 8.356840e-01 9.272000e-03 1.550440e-01
107 8.341000e-01 9.304000e-03 1.565960e-01
108 8.324400e-01 9.460000e-03 1.581000e-01
109 8.307760e-01 9.440000e-03 1.597840e-01
110 8.291280e-01 9.412000e-03 1.614600e-01
111 8.274200e-01 9.444000e-03 1.631360e-01
112 8.257920e-01 9.416000e-03 1.647920e-01
113 8.240200e-01 9.584000e-03 1.663960e-01
114 8.222520e-01 9.792000e-03 1.679560e-01
115 8.205440e-01 9.808000e-03 1.696480e-01
116 8.188280e-01 9.928000e-03 1.712440e-01
117 8.170800e-01 9.884000e-03 1.730360e-01
118 8.153960e-01 9.828000e-03 1.747760e-01
119 8.136400e-01 9.832000e-03 1.765280e-01
120 8.119720e-01 9.720000e-03 1.783080e-01
121 8.103360e-01 9.692000e-03 1.799720e-01
122 8.085760e-01 9.752000e-03 1.816720e-01
123 8.070320e-01 9.500000e-03 1.834680e-01
124 8.054640e-01 9.432000e-03 1.851040e-01
125 8.039720e-01 9.308000e-03 1.867200e-01
126 8.025360e-01 9.120000e-03 1.883440e-01
127 8.009920e-01 8.900000e-03 1.901080e-01
128 7.994400e-01 8.888000e-03 1.916720e-01
129 7.978480e-01 8.972000e-03 1.931800e-01
130 7.963920e-01 8.800000e-03 1.948080e-01
131 7.950280e-01 8.620000e-03 1.963520e-01
132 7.935600e-01 8.600000e-03 1.978400e-01
133 7.921000e-01 8.612000e-03 1.992880e-01
134 7.907160e-01 8.500000e-03 2.007840e-01
135 7.892920e-01 8.388000e-03 2.023200e-01
136 7.879600e-01 8.176000e-03 2.038640e-01
137 7.866920e-01 8.088000e-03 2.052200e-01
138 7.852600e-01 8.088000e-03 2.066520e-01
139 7.837920e-01 8.216000e-03 2.079920e-01
140 7.824120e-01 8.100000e-03 2.094880e-01
141 7.810360e-01 7.956000e-03 2.110080e-01
142 7.797520e-01 7.780000e-03 2.124680e-01
143 7.784760e-01 7.784000e-03 2.137400e-01
144 7.771880e-01 7.656000e-03 2.151560e-01
145 7.758760e-01 7.724000e-03 2.164000e-01
146 7.745240e-01 7.856000e-03 2.176200e-01
147 7.732840e-01 7.800000e-03 2.189160e-01
148 7.719560e-01 7.788000e-03 2.202560e-01
149 7.706800e-01 7.720000e-03 2.216000e-01
150 7.693960e-01 7.744000e-03 2.228600e-01
151 7.679520e-01 7.660000e-03 2.243880e-01
152 7.665760e-01 7.680000e-03 2.257440e-01
153 7.652640e-01 7.596000e-03 2.271400e-01
154 7.638880e-01 7.596000e-03 2.285160e-01
155 7.624880e-01 7.732000e-03 2.297800e-01
156 7.611000e-01 7.824000e-03 2.310760e-01
157 7.597360e-01 7.764000e-03 2.325000e-01
158 7.584840e-01 7.624000e-03 2.338920e-01
159 7.574000e-01 7.352000e-03 2.352480e-01
160 7.562880e-01 7.204000e-03 2.365080e-01
161 7.552440e-01 7.040000e-03 2.377160e-01
162 7.541360e-01 6.896000e-03 2.389680e-01
163 7.529680e-01 6.864000e-03 2.401680e-01
164 7.518080e-01 7.024000e-03 2.411680e-01
165 7.507440e-01 6.864000e-03 2.423920e-01
166 7.495480e-01 6.868000e-03 2.435840e-01
167 7.483680e-01 6.812000e-03 2.448200e-01
168 7.472080e-01 6.772000e-03 2.460200e-01
169 7.460480e-01 6.736000e-03 2.472160e-01
170 7.449120e-01 6.764000e-03 2.483240e-01
171 7.436360e-01 6.896000e-03 2.494680e-01
172 7.425840e-01 6.840000e-03 2.505760e-01
173 7.415320e-01 6.632000e-03 2.518360e-01
174 7.404160e-01 6.524000e-03 2.530600e-01
175 7.394720e-01 6.400000e-03 2.541280e-01
176 7.384440e-01 6.200000e-03 2.553560e-01
177 7.374840e-01 6.112000e-03 2.564040e-01
178 7.364240e-01 6.024000e-03 2.575520e-01
179 7.354720e-01 5.960000e-03 2.585680e-01
180 7.345760e-01 5.776000e-03 2.596480e-01
181 7.335880e-01 5.728000e-03 2.606840e-01
182 7.325720e-01 5.816000e-03 2.616120e-01
183 7.317960e-01 5.480000e-03 2.627240e-01
184 7.309200e-01 5.364000e-03 2.637160e-01
185 7.300840e-01 5.240000e-03 2.646760e-01
186 7.292920e-01 5.016000e-03 2.656920e-01
187 7.284320e-01 4.936000e-03 2.666320e-01
188 7.276240e-01 4.852000e-03 2.675240e-01
189 7.267720e-01 4.820000e-03 2.684080e-01
190 7.257720e-01 4.924000e-03 2.693040e-01
191 7.249240e-01 4.964000e-03 2.701120e-01
192 7.241120e-01 4.892000e-03 2.709960e-01
193 7.233400e-01 4.828000e-03 2.718320e-01
194 7.224080e-01 4.888000e-03 2.727040e-01
195 7.214720e-01 4.900000e-03 2.736280e-01
196 7.206000e-01 4.836000e-03 2.745640e-01
197 7.196760e-01 4.956000e-03 2.753680e-01
198 7.187680e-01 5.000000e-03 2.762320e-01
199 7.178640e-01 5.052000e-03 2.770840e-01
200 7.169720e-01 5.108000e-03 2.779200e-01
201 7.161560e-01 5.080000e-03 2.787640e-01
202 7.152960e-01 5.044000e-03 2.796600e-01
203 7.143680e-01 5.020000e-03 2.806120e-01
204 7.136440e-01 4.952000e-03 2.814040e-01
205 7.127960e-01 5.004000e-03 2.822000e-01
206 7.121000e-01 4.820000e-03 2.830800e-01
207 7.111920e-01 4.928000e-03 2.838800e-01
208 7.103480e-01 5.028000e-03 2.846240e-01
209 7.095240e-01 4.900000e-03 2.855760e-01
210 7.087240e-01 4.920000e-03 2.863560e-01
211 7.078640e-01 4.924000e-03 2.872120e-01
212 7.070560e-01 4.844000e-03 2.881000e-01
213 7.060640e-01 4.928000e-03 2.890080e-01
214 7.053960e-01 4.688000e-03 2.899160e-01
215 7.045000e-01 4.736000e-03 2.907640e-01
216 7.036480e-01 4.764000e-03 2.915880e-01
217 7.028680e-01 4.640000e-03 2.924920e-01
218 7.021360e-01 4.640000e-03 2.932240e-01
219 7.013000e-01 4.736000e-03 2.939640e-01
220 7.004000e-01 4.832000e-03 2.947680e-01
221 6.996600e-01 4.792000e-03 2.955480e-01
222 6.988200e-01 4.796000e-03 2.963840e-01
223 6.980320e-01 4.880000e-03 2.970880e-01
224 6.972440e-01 4.828000e-03 2.979280e-01
225 6.963920e-01 4.760000e-03 2.988480e-01
226 6.956760e-01 4.660000e-03 2.996640e-01
227 6.948480e-01 4.680000e-03 3.004720e-01
228 6.939760e-01 4.780000e-03 3.012440e-01
229 6.930840e-01 4.856000e-03 3.020600e-01
230 6.922560e-01 4.812000e-03 3.029320e-01
231 6.914800e-01 4.744000e-03 3.037760e-01
232 6.906960e-01 4.768000e-03 3.045360e-01
233 6.898640e-01 4.720000e-03 3.054160e-01
234 6.891400e-01 4.728000e-03 3.061320e-01
235 6.881640e-01 4.916000e-03 3.069200e-01
236 6.871960e-01 5.060000e-03 3.077440e-01
237 6.863120e-01 4.984000e-03 3.087040e-01
238 6.854720e-01 5.020000e-03 3.095080e-01
239 6.846640e-01 5.028000e-03 3.103080e-01
240 6.838320e-01 4.972000e-03 3.111960e-01
241 6.831080e-01 4.848000e-03 3.120440e-01
242 6.824680e-01 4.692000e-03 3.128400e-01
243 6.817560e-01 4.580000e-03 3.136640e-01
244 6.810400e-01 4.516000e-03 3.144440e-01
245 6.803360e-01 4.404000e-03 3.152600e-01
246 6.796640e-01 4.276000e-03 3.160600e-01
247 6.790160e-01 4.136000e-03 3.168480e-01
248 6.783920e-01 4.100000e-03 3.175080e-01
249 6.777920e-01 4.004000e-03 3.182040e-01
250 6.771880e-01 3.880000e-03 3.189320e-01
251 6.765480e-01 3.904000e-03 3.195480e-01
252 6.760160e-01 3.812000e-03 3.201720e-01
253 6.754200e-01 3.728000e-03 3.208520e-01
254 6.748800e-01 3.616000e-03 3.215040e-01
255 6.742960e-01 3.552000e-03 3.221520e-01
256 6.736640e-01 3.480000e-03 3.228560e-01
257 6.731640e-01 3.456000e-03 3.233800e-01
258 6.724680e-01 3.540000e-03 3.239920e-01
259 6.718920e-01 3.572000e-03 3.245360e-01
260 6.712640e-01 3.640000e-03 3.250960e-01
261 6.706480e-01 3.640000e-03 3.257120e-01
262 6.699080e-01 3.820000e-03 3.262720e-01
263 6.692360e-01 3.768000e-03 3.269960e-01
264 6.685600e-01 3.740000e-03 3.277000e-01
265 6.678880e-01 3.764000e-03 3.283480e-01
266 6.671600e-01 3.904000e-03 3.289360e-01
267 6.664600e-01 3.944000e-03 3.295960e-01
268 6.657080e-01 3.908000e-03 3.303840e-01
269 6.649120e-01 3.996000e-03 3.310920e-01
270 6.642080e-01 3.932000e-03 3.318600e-01
271 6.634680e-01 4.056000e-03 3.324760e-01
272 6.627840e-01 4.012000e-03 3.332040e-01
273 6.621280e-01 3.920000e-03 3.339520e-01
274 6.615720e-01 3.796000e-03 3.346320e-01
275 6.609800e-01 3.704000e-03 3.353160e-01
276 6.603760e-01 3.704000e-03 3.359200e-01
277 6.597080e-01 3.720000e-03 3.365720e-01
278 6.590880e-01 3.680000e-03 3.372320e-01
279 6.584400e-01 3.728000e-03 3.378320e-01
280 6.578240e-01 3.688000e-03 3.384880e-01
281 6.571880e-01 3.668000e-03 3.391440e-01
282 6.565600e-01 3.656000e-03 3.397840e-01
283 6.560480e-01 3.532000e-03 3.404200e-01
284 6.554360e-01 3.552000e-03 3.410120e-01
285 6.548840e-01 3.480000e-03 3.416360e-01
286 6.543000e-01 3.348000e-03 3.423520e-01
287 6.536960e-01 3.336000e-03 3.429680e-01
288 6.531720e-01 3.316000e-03 3.435120e-01
289 6.526520e-01 3.172000e-03 3.441760e-01
290 6.520240e-01 3.148000e-03 3.448280e-01
291 6.514440e-01 3.228000e-03 3.453280e-01
292 6.508280e-01 3.296000e-03 3.458760e-01
293 6.503640e-01 3.208000e-03 3.464280e-01
294 6.498640e-01 3.120000e-03 3.470160e-01
295 6.493920e-01 3.056000e-03 3.475520e-01
296 6.489160e-01 3.044000e-03 3.480400e-01
297 6.485160e-01 2.880000e-03 3.486040e-01
298 6.481200e-01 2.804000e-03 3.490760e-01
299 6.477600e-01 2.584000e-03 3.496560e-01
300 6.473600e-01 2.596000e-03 3.500440e-01
301 6.469880e-01 2.544000e-03 3.504680e-01
302 6.466160e-01 2.476000e-03 3.509080e-01
303 6.462480e-01 2.372000e-03 3.513800e-01
304 6.458640e-01 2.408000e-03 3.517280e-01
305 6.455120e-01 2.328000e-03 3.521600e-01
306 6.450960e-01 2.236000e-03 3.526680e-01
307 6.447040e-01 2.216000e-03 3.530800e-01
308 6.444120e-01 2.164000e-03 3.534240e-01
309 6.440400e-01 2.180000e-03 3.537800e-01
310 6.435640e-01 2.228000e-03 3.542080e-01
311 6.432400e-01 2.176000e-03 3.545840e-01
312 6.429200e-01 2.084000e-03 3.549960e-01
313 6.425240e-01 2.124000e-03 3.553520e-01
314 6.421480e-01 2.088000e-03 3.557640e-01
315 6.417640e-01 2.072000e-03 3.561640e-01
316 6.413720e-01 2.096000e-03 3.565320e-01
317 6.409920e-01 2.128000e-03 3.568800e-01
318 6.406000e-01 2.196000e-03 3.572040e-01
319 6.402560e-01 2.208000e-03 3.575360e-01
320 6.398800e-01 2.168000e-03 3.579520e-01
321 6.395880e-01 2.112000e-03 3.583000e-01
322 6.392080e-01 2.092000e-03 3.587000e-01
323 6.388840e-01 2.064000e-03 3.590520e-01
324 6.385360e-01 2.040000e-03 3.594240e-01
325 6.381880e-01 2.016000e-03 3.597960e-01
326 6.378760e-01 1.952000e-03 3.601720e-01
327 6.375120e-01 2.032000e-03 3.604560e-01
328 6.371720e-01 2.076000e-03 3.607520e-01
329 6.367600e-01 2.132000e-03 3.611080e-01
330 6.363720e-01 2.124000e-03 3.615040e-01
331 6.361480e-01 1.988000e-03 3.618640e-01
332 6.357400e-01 2.036000e-03 3.622240e-01
333 6.354440e-01 2.028000e-03 3.625280e-01
334 6.351160e-01 2.024000e-03 3.628600e-01
335 6.348400e-01 1.928000e-03 3.632320e-01
336 6.345720e-01 1.900000e-03 3.635280e-01
337 6.342200e-01 1.908000e-03 3.638720e-01
338 6.338680e-01 1.956000e-03 3.641760e-01
339 6.335840e-01 1.992000e-03 3.644240e-01
340 6.332440e-01 1.920000e-03 3.648360e-01
341 6.328800e-01 1.980000e-03 3.651400e-01
342 6.325640e-01 1.936000e-03 3.655000e-01
343 6.321720e-01 1.956000e-03 3.658720e-01
344 6.318640e-01 1.872000e-03 3.662640e-01
345 6.315720e-01 1.828000e-03 3.666000e-01
346 6.312160e-01 1.856000e-03 3.669280e-01
347 6.308680e-01 1.924000e-03 3.672080e-01
348 6.305040e-01 1.976000e-03 3.675200e-01
349 6.301360e-01 1.972000e-03 3.678920e-01
350 6.297760e-01 1.928000e-03 3.682960e-01
351 6.294320e-01 1.940000e-03 3.686280e-01
352 6.292120e-01 1.744000e-03 3.690440e-01
353 6.289440e-01 1.680000e-03 3.693760e-01
354 6.286680e-01 1.628000e-03 3.697040e-01
355 6.284120e-01 1.564000e-03 3.700240e-01
356 6.281400e-01 1.484000e-03 3.703760e-01
357 6.278680e-01 1.504000e-03 3.706280e-01
358 6.276080e-01 1.480000e-03 3.709120e-01
359 6.273520e-01 1.500000e-03 3.711480e-01
360 6.270760e-01 1.556000e-03 3.713680e-01
361 6.267520e-01 1.664000e-03 3.715840e-01
362 6.264640e-01 1.672000e-03 3.718640e-01
363 6.261760e-01 1.616000e-03 3.722080e-01
364 6.258720e-01 1.576000e-03 3.725520e-01
365 6.255880e-01 1.580000e-03 3.728320e-01
366 6.252360e-01 1.644000e-03 3.731200e-01
367 6.249400e-01 1.616000e-03 3.734440e-01
368 6.246520e-01 1.572000e-03 3.737760e-01
369 6.243560e-01 1.616000e-03 3.740280e-01
370 6.240840e-01 1.588000e-03 3.743280e-01
371 6.238720e-01 1.476000e-03 3.746520e-01
372 6.236640e-01 1.472000e-03 3.748640e-01
373 6.234160e-01 1.488000e-03 3.750960e-01
374 6.231680e-01 1.460000e-03 3.753720e-01
375 6.229320e-01 1.400000e-03 3.756680e-01
376 6.227080e-01 1.388000e-03 3.759040e-01
377 6.225560e-01 1.312000e-03 3.761320e-01
378 6.223360e-01 1.348000e-03 3.763160e-01
379 6.220760e-01 1.372000e-03 3.765520e-01
380 6.218520e-01 1.356000e-03 3.767920e-01
381 6.216720e-01 1.296000e-03 3.770320e-01
382 6.215400e-01 1.208000e-03 3.772520e-01
383 6.213680e-01 1.172000e-03 3.774600e-01
384 6.212480e-01 1.092000e-03 3.776600e-01
385 6.211040e-01 1.032000e-03 3.778640e-01
386 6.209240e-01 1.056000e-03 3.780200e-01
387 6.207960e-01 1.012000e-03 3.781920e-01
388 6.206560e-01 1.020000e-03 3.783240e-01
389 6.204720e-01 1.044000e-03 3.784840e-01
390 6.203160e-01 1.004000e-03 3.786800e-01
391 6.200920e-01 1.040000e-03 3.788680e-01
392 6.198920e-01 1.020000e-03 3.790880e-01
393 6.196440e-01 1.108000e-03 3.792480e-01
394 6.194400e-01 1.112000e-03 3.794480e-01
395 6.192880e-01 1.060000e-03 3.796520e-01
396 6.191360e-01 9.720000e-04 3.798920e-01
397 6.189840e-01 9.480000e-04 3.800680e-01
398 6.188320e-01 9.360000e-04 3.802320e-01
399 6.186360e-01 9.880000e-04 3.803760e-01
400 6.184640e-01 9.760000e-04 3.805600e-01
401 6.182680e-01 1.028000e-03 3.807040e-01
402 6.180440e-01 1.132000e-03 3.808240e-01
403 6.177840e-01 1.212000e-03 3.810040e-01
404 6.175440e-01 1.228000e-03 3.812280e-01
405 6.173000e-01 1.272000e-03 3.814280e-01
406 6.170440e-01 1.300000e-03 3.816560e-01
407 6.168000e-01 1.312000e-03 3.818880e-01
408 6.165800e-01 1.288000e-03 3.821320e-01
409 6.163640e-01 1.228000e-03 3.824080e-01
410 6.161360e-01 1.240000e-03 3.826240e-01
411 6.158720e-01 1.288000e-03 3.828400e-01
412 6.155880e-01 1.352000e-03 3.830600e-01
413 6.152800e-01 1.420000e-03 3.833000e-01
414 6.149440e-01 1.516000e-03 3.835400e-01
415 6.145920e-01 1.628000e-03 3.837800e-01
416 6.143000e-01 1.684000e-03 3.840160e-01
417 6.139880e-01 1.764000e-03 3.842480e-01
418 6.137400e-01 1.696000e-03 3.845640e-01
419 6.135200e-01 1.648000e-03 3.848320e-01
420 6.133120e-01 1.544000e-03 3.851440e-01
421 6.130920e-01 1.512000e-03 3.853960e-01
422 6.128320e-01 1.528000e-03 3.856400e-01
423 6.126160e-01 1.496000e-03 3.858880e-01
424 6.123840e-01 1.472000e-03 3.861440e-01
425 6.121520e-01 1.464000e-03 3.863840e-01
426 6.119280e-01 1.496000e-03 3.865760e-01
427 6.115880e-01 1.536000e-03 3.868760e-01
428 6.113160e-01 1.532000e-03 3.871520e-01
429 6.110520e-01 1.520000e-03 3.874280e-01
430 6.108160e-01 1.508000e-03 3.876760e-01
431 6.106360e-01 1.428000e-03 3.879360e-01
432 6.104160e-01 1.388000e-03 3.881960e-01
433 6.102280e-01 1.296000e-03 3.884760e-01
434 6.100440e-01 1.248000e-03 3.887080e-01
435 6.098480e-01 1.184000e-03 3.889680e-01
436 6.096760e-01 1.164000e-03 3.891600e-01
437 6.094600e-01 1.212000e-03 3.893280e-01
438 6.092800e-01 1.220000e-03 3.895000e-01
439 6.090480e-01 1.188000e-03 3.897640e-01
440 6.088320e-01 1.192000e-03 3.899760e-01
441 6.086520e-01 1.176000e-03 3.901720e-01
442 6.084320e-01 1.212000e-03 3.903560e-01
443 6.082120e-01 1.224000e-03 3.905640e-01
444 6.080400e-01 1.184000e-03 3.907760e-01
445 6.079080e-01 1.100000e-03 3.909920e-01
446 6.077960e-01 1.044000e-03 3.911600e-01
447 6.076120e-01 1.048000e-03 3.913400e-01
448 6.074640e-01 1.008000e-03 3.915280e-01
449 6.073600e-01 9.240000e-04 3.917160e-01
450 6.072600e-01 8.680000e-04 3.918720e-01
451 6.071720e-01 7.920000e-04 3.920360e-01
452 6.070800e-01 7.640000e-04 3.921560e-01
453 6.069960e-01 7.320000e-04 3.922720e-01
454 6.068920e-01 6.880000e-04 3.924200e-01
455 6.068000e-01 6.680000e-04 3.925320e-01
456 6.067040e-01 6.480000e-04 3.926480e-01
457 6.066200e-01 6.320000e-04 3.927480e-01
458 6.065280e-01 5.920000e-04 3.928800e-01
459 6.063760e-01 6.320000e-04 3.929920e-01
460 6.062800e-01 6.080000e-04 3.931120e-01
461 6.061880e-01 6.040000e-04 3.932080e-01
462 6.060680e-01 6.120000e-04 3.933200e-01
463 6.059680e-01 5.840000e-04 3.934480e-01
464 6.058400e-01 6.120000e-04 3.935480e-01
465 6.057000e-01 6.200000e-04 3.936800e-01
466 6.055800e-01 6.080000e-04 3.938120e-01
467 6.054560e-01 6.320000e-04 3.939120e-01
468 6.053720e-01 6.200000e-04 3.940080e-01
469 6.052720e-01 6.000000e-04 3.941280e-01
470 6.052040e-01 5.720000e-04 3.942240e-01
471 6.050960e-01 5.480000e-04 3.943560e-01
472 6.049840e-01 5.480000e-04 3.944680e-01
473 6.048680e-01 5.760000e-04 3.945560e-01
474 6.047720e-01 5.520000e-04 3.946760e-01
475 6.046760e-01 5.720000e-04 3.947520e-01
476 6.045800e-01 5.640000e-04 3.948560e-01
477 6.044960e-01 5.560000e-04 3.949480e-01
478 6.043800e-01 6.080000e-04 3.950120e-01
479 6.043000e-01 6.040000e-04 3.950960e-01
480 6.041840e-01 6.200000e-04 3.951960e-01
481 6.040720e-01 6.320000e-04 3.952960e-01
482 6.039680e-01 5.960000e-04 3.954360e-01
483 6.038880e-01 5.880000e-04 3.955240e-01
484 6.037720e-01 6.000000e-04 3.956280e-01
485 6.036640e-01 6.200000e-04 3.957160e-01
486 6.035320e-01 6.760000e-04 3.957920e-01
487 6.033760e-01 6.960000e-04 3.959280e-01
488 6.032840e-01 6.680000e-04 3.960480e-01
489 6.031880e-01 6.640000e-04 3.961480e-01
490 6.030640e-01 6.720000e-04 3.962640e-01
491 6.029520e-01 6.640000e-04 3.963840e-01
492 6.028840e-01 6.080000e-04 3.965080e-01
493 6.028000e-01 5.680000e-04 3.966320e-01
494 6.027360e-01 5.320000e-04 3.967320e-01
495 6.026520e-01 5.120000e-04 3.968360e-01
496 6.025600e-01 5.160000e-04 3.969240e-01
497 6.024280e-01 5.360000e-04 3.970360e-01
498 6.023000e-01 5.720000e-04 3.971280e-01
499 6.022080e-01 5.840000e-04 3.972080e-01
500 6.021040e-01 6.000000e-04 3.972960e-01
