1 9.991280e-01 7.800000e-04 9.200000e-05
2 9.985120e-01 1.192000e-03 2.960000e-04
3 9.977720e-01 1.660000e-03 5.680000e-04
4 9.969280e-01 2.196000e-03 8.760000e-04
5 9.960600e-01 2.660000e-03 1.280000e-03
6 9.950800e-01 3.116000e-03 1.804000e-03
7 9.939760e-01 3.708000e-03 2.316000e-03
8 9.929320e-01 4.020000e-03 3.048000e-03
9 9.918320e-01 4.460000e-03 3.708000e-03
10 9.905640e-01 4.948000e-03 4.488000e-03
11 9.891880e-01 5.528000e-03 5.284000e-03
12 9.877720e-01 5.964000e-03 6.264000e-03
13 9.863680e-01 6.296000e-03 7.336000e-03
14 9.850120e-01 6.556000e-03 8.432000e-03
15 9.835120e-01 6.968000e-03 9.520000e-03
16 9.821800e-01 7.192000e-03 1.062800e-02
17 9.807040e-01 7.388000e-03 1.190800e-02
18 9.792200e-01 7.540000e-03 1.324000e-02
19 9.776720e-01 7.700000e-03 1.462800e-02
20 9.761720e-01 7.700000e-03 1.612800e-02
21 9.746360e-01 7.880000e-03 1.748400e-02
22 9.731880e-01 8.096000e-03 1.871600e-02
23 9.717120e-01 8.064000e-03 2.022400e-02
24 9.699600e-01 8.376000e-03 2.166400e-02
25 9.684000e-01 8.528000e-03 2.307200e-02
26 9.669480e-01 8.432000e-03 2.462000e-02
27 9.654880e-01 8.488000e-03 2.602400e-02
28 9.639320e-01 8.640000e-03 2.742800e-02
29 9.624280e-01 8.796000e-03 2.877600e-02
30 9.607920e-01 8.908000e-03 3.030000e-02
31 9.591600e-01 8.952000e-03 3.188800e-02
32 9.576120e-01 8.968000e-03 3.342000e-02
33 9.559800e-01 9.104000e-03 3.491600e-02
34 9.543640e-01 9.160000e-03 3.647600e-02
35 9.527560e-01 9.152000e-03 3.809200e-02
36 9.512440e-01 9.168000e-03 3.958800e-02
37 9.497880e-01 9.084000e-03 4.112800e-02
38 9.481920e-01 9.032000e-03 4.277600e-02
39 9.467280e-01 8.912000e-03 4.436000e-02
40 9.451920e-01 9.052000e-03 4.575600e-02
41 9.434960e-01 9.140000e-03 4.736400e-02
42 9.416920e-01 9.356000e-03 4.895200e-02
43 9.400280e-01 9.348000e-03 5.062400e-02
44 9.382440e-01 9.572000e-03 5.218400e-02
45 9.365200e-01 9.640000e-03 5.384000e-02
46 9.347840e-01 9.640000e-03 5.557600e-02
47 9.331160e-01 9.556000e-03 5.732800e-02
48 9.314800e-01 9.556000e-03 5.896400e-02
49 9.296880e-01 9.764000e-03 6.054800e-02
50 9.278200e-01 9.912000e-03 6.226800e-02
51 9.258920e-01 9.980000e-03 6.412800e-02
52 9.242040e-01 9.936000e-03 6.586000e-02
53 9.224960e-01 9.884000e-03 6.762000e-02
54 9.208760e-01 9.656000e-03 6.946800e-02
55 9.193200e-01 9.484000e-03 7.119600e-02
56 9.177400e-01 9.496000e-03 7.276400e-02
57 9.162000e-01 9.296000e-03 7.450400e-02
58 9.148160e-01 9.068000e-03 7.611600e-02
59 9.132400e-01 8.980000e-03 7.778000e-02
60 9.115480e-01 9.256000e-03 7.919600e-02
61 9.096880e-01 9.556000e-03 8.075600e-02
62 9.080320e-01 9.548000e-03 8.242000e-02
63 9.060920e-01 9.880000e-03 8.402800e-02
64 9.043360e-01 9.888000e-03 8.577600e-02
65 9.024200e-01 1.000400e-02 8.757600e-02
66 9.007240e-01 9.892000e-03 8.938400e-02
67 8.990520e-01 9.840000e-03 9.110800e-02
68 8.973080e-01 9.756000e-03 9.293600e-02
69 8.954000e-01 9.916000e-03 9.468400e-02
70 8.937040e-01 9.792000e-03 9.650400e-02
71 8.920000e-01 9.872000e-03 9.812800e-02
72 8.903120e-01 9.820000e-03 9.986800e-02
73 8.887560e-01 9.700000e-03 1.015440e-01
74 8.871040e-01 9.724000e-03 1.031720e-01
75 8.853800e-01 9.752000e-03 1.048680e-01
76 8.837280e-01 9.644000e-03 1.066280e-01
77 8.822040e-01 9.464000e-03 1.083320e-01
78 8.805760e-01 9.556000e-03 1.098680e-01
79 8.790000e-01 9.444000e-03 1.115560e-01
80 8.773040e-01 9.488000e-03 1.132080e-01
81 8.756520e-01 9.528000e-03 1.148200e-01
82 8.736960e-01 9.816000e-03 1.164880e-01
83 8.719480e-01 9.764000e-03 1.182880e-01
84 8.703600e-01 9.700000e-03 1.199400e-01
85 8.688480e-01 9.668000e-03 1.214840e-01
86 8.672240e-01 9.664000e-03 1.231120e-01
87 8.654320e-01 9.800000e-03 1.247680e-01
88 8.637400e-01 9.888000e-03 1.263720e-01
89 8.619200e-01 1.006400e-02 1.280160e-01
90 8.601280e-01 1.008000e-02 1.297920e-01
91 8.583960e-01 1.003600e-02 1.315680e-01
92 8.567600e-01 9.880000e-03 1.333600e-01
93 8.549120e-01 1.000000e-02 1.350880e-01
94 8.531280e-01 9.968000e-03 1.369040e-01
95 8.512640e-01 1.006800e-02 1.386680e-01
96 8.494560e-01 9.988000e-03 1.405560e-01
97 8.476960e-01 9.920000e-03 1.423840e-01
98 8.459440e-01 1.005200e-02 1.440040e-01
99 8.439840e-01 1.020000e-02 1.458160e-01
100 8.422960e-01 1.008800e-02 1.476160e-01
101 8.405520e-01 1.010000e-02 1.493480e-01
102 8.387480e-01 1.012800e-02 1.511240e-01
103 8.367560e-01 1.033600e-02 1.529080e-01
104 8.349720e-01 1.032800e-02 1.547000e-01
105 8.331000e-01 1.043600e-02 1.564640e-01
106 8.313240e-01 1.036000e-02 1.583160e-01
107 8.294840e-01 1.041200e-02 1.601040e-01
108 8.278240e-01 1.023200e-02 1.619440e-01
109 8.260800e-01 1.027200e-02 1.636480e-01
110 8.244240e-01 9.936000e-03 1.656400e-01
111 8.227520e-01 9.952000e-03 1.672960e-01
112 8.210120e-01 9.948000e-03 1.690400e-01
113 8.194160e-01 9.828000e-03 1.707560e-01
114 8.177080e-01 9.868000e-03 1.724240e-01
115 8.158720e-01 9.964000e-03 1.741640e-01
116 8.141840e-01 9.944000e-03 1.758720e-01
117 8.124480e-01 9.844000e-03 1.777080e-01
118 8.107760e-01 9.856000e-03 1.793680e-01
119 8.092040e-01 9.468000e-03 1.813280e-01
120 8.075760e-01 9.332000e-03 1.830920e-01
121 8.061480e-01 9.112000e-03 1.847400e-01
122 8.047920e-01 8.812000e-03 1.863960e-01
123 8.033960e-01 8.572000e-03 1.880320e-01
124 8.019200e-01 8.528000e-03 1.895520e-01
125 8.003920e-01 8.532000e-03 1.910760e-01
126 7.989960e-01 8.400000e-03 1.926040e-01
127 7.975240e-01 8.372000e-03 1.941040e-01
128 7.961560e-01 8.364000e-03 1.954800e-01
129 7.946080e-01 8.484000e-03 1.969080e-01
130 7.931640e-01 8.500000e-03 1.983360e-01
131 7.915600e-01 8.620000e-03 1.998200e-01
132 7.900040e-01 8.700000e-03 2.012960e-01
133 7.884560e-01 8.756000e-03 2.027880e-01
134 7.869400e-01 8.748000e-03 2.043120e-01
135 7.853920e-01 8.832000e-03 2.057760e-01
136 7.839480e-01 8.724000e-03 2.073280e-01
137 7.825760e-01 8.704000e-03 2.087200e-01
138 7.811560e-01 8.648000e-03 2.101960e-01
139 7.796800e-01 8.656000e-03 2.116640e-01
140 7.781240e-01 8.628000e-03 2.132480e-01
141 7.767440e-01 8.608000e-03 2.146480e-01
142 7.751280e-01 8.776000e-03 2.160960e-01
143 7.735120e-01 8.968000e-03 2.175200e-01
144 7.718640e-01 8.940000e-03 2.191960e-01
145 7.703240e-01 8.832000e-03 2.208440e-01
146 7.688160e-01 8.812000e-03 2.223720e-01
147 7.672080e-01 8.840000e-03 2.239520e-01
148 7.659760e-01 8.560000e-03 2.254640e-01
149 7.645480e-01 8.472000e-03 2.269800e-01
150 7.632000e-01 8.360000e-03 2.284400e-01
151 7.618440e-01 8.328000e-03 2.298280e-01
152 7.604240e-01 8.224000e-03 2.313520e-01
153 7.591640e-01 8.104000e-03 2.327320e-01
154 7.578160e-01 8.024000e-03 2.341600e-01
155 7.565680e-01 7.812000e-03 2.356200e-01
156 7.552320e-01 7.868000e-03 2.369000e-01
157 7.541080e-01 7.740000e-03 2.381520e-01
158 7.528680e-01 7.628000e-03 2.395040e-01
159 7.517560e-01 7.464000e-03 2.407800e-01
160 7.505360e-01 7.356000e-03 2.421080e-01
161 7.494440e-01 7.276000e-03 2.432800e-01
162 7.481960e-01 7.332000e-03 2.444720e-01
163 7.470440e-01 7.188000e-03 2.457680e-01
164 7.459840e-01 6.952000e-03 2.470640e-01
165 7.448920e-01 6.908000e-03 2.482000e-01
166 7.437400e-01 6.848000e-03 2.494120e-01
167 7.425920e-01 6.828000e-03 2.505800e-01
168 7.414680e-01 6.636000e-03 2.518960e-01
169 7.404280e-01 6.624000e-03 2.529480e-01
170 7.392440e-01 6.652000e-03 2.541040e-01
171 7.380040e-01 6.560000e-03 2.554360e-01
172 7.369320e-01 6.612000e-03 2.564560e-01
173 7.357120e-01 6.664000e-03 2.576240e-01
174 7.344200e-01 6.896000e-03 2.586840e-01
175 7.332520e-01 6.768000e-03 2.599800e-01
176 7.320560e-01 6.744000e-03 2.612000e-01
177 7.308480e-01 6.792000e-03 2.623600e-01
178 7.297400e-01 6.720000e-03 2.635400e-01
179 7.286600e-01 6.468000e-03 2.648720e-01
180 7.275680e-01 6.484000e-03 2.659480e-01
181 7.264600e-01 6.388000e-03 2.671520e-01
182 7.254400e-01 6.384000e-03 2.681760e-01
183 7.243200e-01 6.432000e-03 2.692480e-01
184 7.232120e-01 6.456000e-03 2.703320e-01
185 7.220520e-01 6.480000e-03 2.714680e-01
186 7.209000e-01 6.444000e-03 2.726560e-01
187 7.198520e-01 6.292000e-03 2.738560e-01
188 7.188480e-01 6.156000e-03 2.749960e-01
189 7.178080e-01 6.084000e-03 2.761080e-01
190 7.168000e-01 6.024000e-03 2.771760e-01
191 7.157440e-01 5.980000e-03 2.782760e-01
192 7.147320e-01 5.980000e-03 2.792880e-01
193 7.137480e-01 6.016000e-03 2.802360e-01
194 7.126440e-01 6.156000e-03 2.812000e-01
195 7.116120e-01 6.052000e-03 2.823360e-01
196 7.106120e-01 5.992000e-03 2.833960e-01
197 7.096360e-01 5.892000e-03 2.844720e-01
198 7.088320e-01 5.740000e-03 2.854280e-01
199 7.078920e-01 5.580000e-03 2.865280e-01
200 7.069600e-01 5.556000e-03 2.874840e-01
201 7.059840e-01 5.512000e-03 2.885040e-01
202 7.049800e-01 5.504000e-03 2.895160e-01
203 7.040360e-01 5.392000e-03 2.905720e-01
204 7.031520e-01 5.340000e-03 2.915080e-01
205 7.022800e-01 5.280000e-03 2.924400e-01
206 7.012800e-01 5.440000e-03 2.932800e-01
207 7.002520e-01 5.468000e-03 2.942800e-01
208 6.992400e-01 5.412000e-03 2.953480e-01
209 6.982840e-01 5.432000e-03 2.962840e-01
210 6.972680e-01 5.500000e-03 2.972320e-01
211 6.962880e-01 5.512000e-03 2.982000e-01
212 6.954200e-01 5.516000e-03 2.990640e-01
213 6.943720e-01 5.504000e-03 3.001240e-01
214 6.934120e-01 5.544000e-03 3.010440e-01
215 6.924680e-01 5.492000e-03 3.020400e-01
216 6.915520e-01 5.504000e-03 3.029440e-01
217 6.905840e-01 5.544000e-03 3.038720e-01
218 6.896960e-01 5.444000e-03 3.048600e-01
219 6.888480e-01 5.372000e-03 3.057800e-01
220 6.878240e-01 5.412000e-03 3.067640e-01
221 6.869480e-01 5.448000e-03 3.076040e-01
222 6.860800e-01 5.416000e-03 3.085040e-01
223 6.851960e-01 5.432000e-03 3.093720e-01
224 6.843080e-01 5.300000e-03 3.103920e-01
225 6.834280e-01 5.200000e-03 3.113720e-01
226 6.825360e-01 5.236000e-03 3.122280e-01
227 6.816840e-01 5.172000e-03 3.131440e-01
228 6.808480e-01 5.128000e-03 3.140240e-01
229 6.799440e-01 5.176000e-03 3.148800e-01
230 6.790520e-01 5.108000e-03 3.158400e-01
231 6.781880e-01 5.028000e-03 3.167840e-01
232 6.773200e-01 5.088000e-03 3.175920e-01
233 6.764560e-01 5.052000e-03 3.184920e-01
234 6.757080e-01 4.832000e-03 3.194600e-01
235 6.748200e-01 4.832000e-03 3.203480e-01
236 6.739200e-01 4.932000e-03 3.211480e-01
237 6.731000e-01 5.016000e-03 3.218840e-01
238 6.722840e-01 4.928000e-03 3.227880e-01
239 6.714520e-01 4.948000e-03 3.236000e-01
240 6.706680e-01 4.880000e-03 3.244520e-01
241 6.699240e-01 4.776000e-03 3.253000e-01
242 6.689880e-01 4.860000e-03 3.261520e-01
243 6.681400e-01 4.928000e-03 3.269320e-01
244 6.672840e-01 4.896000e-03 3.278200e-01
245 6.665600e-01 4.748000e-03 3.286920e-01
246 6.658560e-01 4.600000e-03 3.295440e-01
247 6.651120e-01 4.592000e-03 3.302960e-01
248 6.643120e-01 4.600000e-03 3.310880e-01
249 6.635120e-01 4.620000e-03 3.318680e-01
250 6.626720e-01 4.624000e-03 3.327040e-01
251 6.618640e-01 4.684000e-03 3.334520e-01
252 6.611080e-01 4.604000e-03 3.342880e-01
253 6.603320e-01 4.616000e-03 3.350520e-01
254 6.596080e-01 4.576000e-03 3.358160e-01
255 6.587920e-01 4.636000e-03 3.365720e-01
256 6.580000e-01 4.624000e-03 3.373760e-01
257 6.572440e-01 4.668000e-03 3.380880e-01
258 6.564480e-01 4.616000e-03 3.389360e-01
259 6.557160e-01 4.548000e-03 3.397360e-01
260 6.549320e-01 4.496000e-03 3.405720e-01
261 6.542480e-01 4.420000e-03 3.413320e-01
262 6.536280e-01 4.268000e-03 3.421040e-01
263 6.529760e-01 4.168000e-03 3.428560e-01
264 6.522920e-01 4.124000e-03 3.435840e-01
265 6.516120e-01 4.108000e-03 3.442800e-01
266 6.508440e-01 4.224000e-03 3.449320e-01
267 6.502000e-01 4.064000e-03 3.457360e-01
268 6.494880e-01 4.096000e-03 3.464160e-01
269 6.487080e-01 4.204000e-03 3.470880e-01
270 6.479480e-01 4.240000e-03 3.478120e-01
271 6.472320e-01 4.148000e-03 3.486200e-01
272 6.464240e-01 4.224000e-03 3.493520e-01
273 6.456200e-01 4.288000e-03 3.500920e-01
274 6.449280e-01 4.144000e-03 3.509280e-01
275 6.442520e-01 4.080000e-03 3.516680e-01
276 6.434680e-01 4.060000e-03 3.524720e-01
277 6.425800e-01 4.224000e-03 3.531960e-01
278 6.417160e-01 4.324000e-03 3.539600e-01
279 6.409320e-01 4.284000e-03 3.547840e-01
280 6.401560e-01 4.324000e-03 3.555200e-01
281 6.394280e-01 4.204000e-03 3.563680e-01
282 6.386560e-01 4.220000e-03 3.571240e-01
283 6.379360e-01 4.244000e-03 3.578200e-01
284 6.372520e-01 4.204000e-03 3.585440e-01
285 6.365000e-01 4.180000e-03 3.593200e-01
286 6.358280e-01 4.116000e-03 3.600560e-01
287 6.352320e-01 4.040000e-03 3.607280e-01
288 6.345960e-01 3.928000e-03 3.614760e-01
289 6.340600e-01 3.800000e-03 3.621400e-01
290 6.334080e-01 3.788000e-03 3.628040e-01
291 6.328400e-01 3.700000e-03 3.634600e-01
292 6.322640e-01 3.600000e-03 3.641360e-01
293 6.316920e-01 3.548000e-03 3.647600e-01
294 6.311160e-01 3.460000e-03 3.654240e-01
295 6.306120e-01 3.368000e-03 3.660200e-01
296 6.301280e-01 3.248000e-03 3.666240e-01
297 6.296640e-01 3.164000e-03 3.671720e-01
298 6.292080e-01 3.072000e-03 3.677200e-01
299 6.287160e-01 3.056000e-03 3.682280e-01
300 6.282560e-01 2.988000e-03 3.687560e-01
301 6.277840e-01 2.992000e-03 3.692240e-01
302 6.272920e-01 2.920000e-03 3.697880e-01
303 6.268480e-01 2.864000e-03 3.702880e-01
304 6.264120e-01 2.792000e-03 3.707960e-01
305 6.258880e-01 2.796000e-03 3.713160e-01
306 6.253840e-01 2.844000e-03 3.717720e-01
307 6.249040e-01 2.788000e-03 3.723080e-01
308 6.244680e-01 2.740000e-03 3.727920e-01
309 6.240200e-01 2.788000e-03 3.731920e-01
310 6.235120e-01 2.816000e-03 3.736720e-01
311 6.230080e-01 2.776000e-03 3.742160e-01
312 6.225520e-01 2.740000e-03 3.747080e-01
313 6.220960e-01 2.676000e-03 3.752280e-01
314 6.215640e-01 2.752000e-03 3.756840e-01
315 6.210920e-01 2.752000e-03 3.761560e-01
316 6.205680e-01 2.800000e-03 3.766320e-01
317 6.200160e-01 2.876000e-03 3.771080e-01
318 6.195680e-01 2.868000e-03 3.775640e-01
319 6.191120e-01 2.824000e-03 3.780640e-01
320 6.187560e-01 2.692000e-03 3.785520e-01
321 6.183600e-01 2.660000e-03 3.789800e-01
322 6.179000e-01 2.652000e-03 3.794480e-01
323 6.175480e-01 2.556000e-03 3.798960e-01
324 6.171760e-01 2.472000e-03 3.803520e-01
325 6.167760e-01 2.436000e-03 3.807880e-01
326 6.163760e-01 2.404000e-03 3.812200e-01
327 6.160160e-01 2.396000e-03 3.815880e-01
328 6.157160e-01 2.272000e-03 3.820120e-01
329 6.154080e-01 2.180000e-03 3.824120e-01
330 6.150640e-01 2.128000e-03 3.828080e-01
331 6.146920e-01 2.124000e-03 3.831840e-01
332 6.143080e-01 2.184000e-03 3.835080e-01
333 6.139600e-01 2.200000e-03 3.838400e-01
334 6.136280e-01 2.168000e-03 3.842040e-01
335 6.132000e-01 2.208000e-03 3.845920e-01
336 6.127400e-01 2.268000e-03 3.849920e-01
337 6.123720e-01 2.220000e-03 3.854080e-01
338 6.120440e-01 2.148000e-03 3.858080e-01
339 6.116760e-01 2.192000e-03 3.861320e-01
340 6.112200e-01 2.220000e-03 3.865600e-01
341 6.108680e-01 2.156000e-03 3.869760e-01
342 6.105600e-01 2.112000e-03 3.873280e-01
343 6.102360e-01 2.072000e-03 3.876920e-01
344 6.097920e-01 2.160000e-03 3.880480e-01
345 6.094800e-01 2.100000e-03 3.884200e-01
346 6.091880e-01 1.972000e-03 3.888400e-01
347 6.087520e-01 2.028000e-03 3.892200e-01
348 6.083280e-01 2.156000e-03 3.895160e-01
349 6.079080e-01 2.188000e-03 3.899040e-01
350 6.075120e-01 2.248000e-03 3.902400e-01
351 6.071760e-01 2.192000e-03 3.906320e-01
352 6.068480e-01 2.164000e-03 3.909880e-01
353 6.064720e-01 2.128000e-03 3.914000e-01
354 6.061480e-01 2.012000e-03 3.918400e-01
355 6.058760e-01 1.964000e-03 3.921600e-01
356 6.056280e-01 1.888000e-03 3.924840e-01
357 6.053360e-01 1.824000e-03 3.928400e-01
358 6.050560e-01 1.800000e-03 3.931440e-01
359 6.047520e-01 1.748000e-03 3.935000e-01
360 6.045000e-01 1.648000e-03 3.938520e-01
361 6.042240e-01 1.676000e-03 3.941000e-01
362 6.039280e-01 1.688000e-03 3.943840e-01
363 6.036800e-01 1.624000e-03 3.946960e-01
364 6.034560e-01 1.572000e-03 3.949720e-01
365 6.031960e-01 1.496000e-03 3.953080e-01
366 6.029680e-01 1.476000e-03 3.955560e-01
367 6.027920e-01 1.436000e-03 3.957720e-01
368 6.025400e-01 1.444000e-03 3.960160e-01
369 6.022520e-01 1.488000e-03 3.962600e-01
370 6.020280e-01 1.484000e-03 3.964880e-01
371 6.017400e-01 1.492000e-03 3.967680e-01
372 6.014120e-01 1.580000e-03 3.970080e-01
373 6.011160e-01 1.628000e-03 3.972560e-01
374 6.007880e-01 1.648000e-03 3.975640e-01
375 6.005240e-01 1.648000e-03 3.978280e-01
376 6.002360e-01 1.688000e-03 3.980760e-01
377 5.999760e-01 1.704000e-03 3.983200e-01
378 5.997000e-01 1.712000e-03 3.985880e-01
379 5.993960e-01 1.668000e-03 3.989360e-01
380 5.990720e-01 1.712000e-03 3.992160e-01
381 5.987640e-01 1.724000e-03 3.995120e-01
382 5.984960e-01 1.720000e-03 3.997840e-01
383 5.981440e-01 1.744000e-03 4.001120e-01
384 5.978040e-01 1.796000e-03 4.004000e-01
385 5.974960e-01 1.800000e-03 4.007040e-01
386 5.972000e-01 1.740000e-03 4.010600e-01
387 5.968360e-01 1.804000e-03 4.013600e-01
388 5.965200e-01 1.812000e-03 4.016680e-01
389 5.961200e-01 1.880000e-03 4.020000e-01
390 5.958240e-01 1.836000e-03 4.023400e-01
391 5.955400e-01 1.840000e-03 4.026200e-01
392 5.952360e-01 1.840000e-03 4.029240e-01
393 5.949200e-01 1.844000e-03 4.032360e-01
394 5.946200e-01 1.844000e-03 4.035360e-01
395 5.943320e-01 1.824000e-03 4.038440e-01
396 5.940040e-01 1.820000e-03 4.041760e-01
397 5.938040e-01 1.812000e-03 4.043840e-01
398 5.935560e-01 1.728000e-03 4.047160e-01
399 5.933440e-01 1.648000e-03 4.050080e-01
400 5.931560e-01 1.524000e-03 4.053200e-01
401 5.929280e-01 1.472000e-03 4.056000e-01
402 5.927040e-01 1.412000e-03 4.058840e-01
403 5.925320e-01 1.332000e-03 4.061360e-01
404 5.923240e-01 1.360000e-03 4.063160e-01
405 5.921240e-01 1.260000e-03 4.066160e-01
406 5.919560e-01 1.196000e-03 4.068480e-01
407 5.918000e-01 1.120000e-03 4.070800e-01
408 5.915560e-01 1.152000e-03 4.072920e-01
409 5.914080e-01 1.104000e-03 4.074880e-01
410 5.912200e-01 1.100000e-03 4.076800e-01
411 5.910120e-01 1.140000e-03 4.078480e-01
412 5.907640e-01 1.216000e-03 4.080200e-01
413 5.905560e-01 1.220000e-03 4.082240e-01
414 5.903400e-01 1.212000e-03 4.084480e-01
415 5.901320e-01 1.212000e-03 4.086560e-01
416 5.898880e-01 1.264000e-03 4.088480e-01
417 5.896880e-01 1.260000e-03 4.090520e-01
418 5.894280e-01 1.296000e-03 4.092760e-01
419 5.892400e-01 1.232000e-03 4.095280e-01
420 5.890240e-01 1.208000e-03 4.097680e-01
421 5.888000e-01 1.168000e-03 4.100320e-01
422 5.885880e-01 1.128000e-03 4.102840e-01
423 5.883680e-01 1.164000e-03 4.104680e-01
424 5.881440e-01 1.196000e-03 4.106600e-01
425 5.879200e-01 1.256000e-03 4.108240e-01
426 5.877320e-01 1.220000e-03 4.110480e-01
427 5.875360e-01 1.132000e-03 4.113320e-01
428 5.873640e-01 1.160000e-03 4.114760e-01
429 5.871080e-01 1.208000e-03 4.116840e-01
430 5.869000e-01 1.188000e-03 4.119120e-01
431 5.866760e-01 1.188000e-03 4.121360e-01
432 5.863680e-01 1.276000e-03 4.123560e-01
433 5.860560e-01 1.356000e-03 4.125880e-01
434 5.858520e-01 1.268000e-03 4.128800e-01
435 5.856560e-01 1.196000e-03 4.131480e-01
436 5.854080e-01 1.256000e-03 4.133360e-01
437 5.851680e-01 1.244000e-03 4.135880e-01
438 5.850280e-01 1.192000e-03 4.137800e-01
439 5.848360e-01 1.132000e-03 4.140320e-01
440 5.846840e-01 1.088000e-03 4.142280e-01
441 5.844960e-01 1.108000e-03 4.143960e-01
442 5.843560e-01 1.072000e-03 4.145720e-01
443 5.841520e-01 1.120000e-03 4.147280e-01
444 5.839520e-01 1.104000e-03 4.149440e-01
445 5.838120e-01 1.052000e-03 4.151360e-01
446 5.836080e-01 1.076000e-03 4.153160e-01
447 5.834120e-01 1.064000e-03 4.155240e-01
448 5.832520e-01 1.060000e-03 4.156880e-01
449 5.830880e-01 1.008000e-03 4.159040e-01
450 5.829080e-01 1.012000e-03 4.160800e-01
451 5.827560e-01 1.000000e-03 4.162440e-01
452 5.825520e-01 1.028000e-03 4.164200e-01
453 5.823720e-01 1.056000e-03 4.165720e-01
454 5.821240e-01 1.108000e-03 4.167680e-01
455 5.819440e-01 1.088000e-03 4.169680e-01
456 5.817800e-01 1.040000e-03 4.171800e-01
457 5.815720e-01 1.124000e-03 4.173040e-01
458 5.813960e-01 1.116000e-03 4.174880e-01
459 5.812320e-01 1.056000e-03 4.177120e-01
460 5.810600e-01 1.044000e-03 4.178960e-01
461 5.808840e-01 1.012000e-03 4.181040e-01
462 5.807240e-01 9.880000e-04 4.182880e-01
463 5.805680e-01 9.520000e-04 4.184800e-01
464 5.804000e-01 9.160000e-04 4.186840e-01
465 5.802440e-01 8.840000e-04 4.188720e-01
466 5.800720e-01 8.800000e-04 4.190480e-01
467 5.798880e-01 8.880000e-04 4.192240e-01
468 5.797280e-01 9.080000e-04 4.193640e-01
469 5.796080e-01 8.760000e-04 4.195160e-01
470 5.794080e-01 9.000000e-04 4.196920e-01
471 5.792400e-01 9.200000e-04 4.198400e-01
472 5.791040e-01 9.120000e-04 4.199840e-01
473 5.789880e-01 8.560000e-04 4.201560e-01
474 5.788560e-01 8.080000e-04 4.203360e-01
475 5.787640e-01 7.440000e-04 4.204920e-01
476 5.786680e-01 6.960000e-04 4.206360e-01
477 5.785920e-01 6.760000e-04 4.207320e-01
478 5.785040e-01 6.360000e-04 4.208600e-01
479 5.784480e-01 5.800000e-04 4.209720e-01
480 5.783600e-01 5.520000e-04 4.210880e-01
481 5.782960e-01 5.120000e-04 4.211920e-01
482 5.782240e-01 5.000000e-04 4.212760e-01
483 5.781640e-01 4.680000e-04 4.213680e-01
484 5.781040e-01 4.560000e-04 4.214400e-01
485 5.780440e-01 4.200000e-04 4.215360e-01
486 5.779600e-01 4.120000e-04 4.216280e-01
487 5.778680e-01 4.320000e-04 4.217000e-01
488 5.777840e-01 4.160000e-04 4.218000e-01
489 5.777160e-01 4.040000e-04 4.218800e-01
490 5.775960e-01 4.400000e-04 4.219640e-01
491 5.775040e-01 4.520000e-04 4.220440e-01
492 5.774400e-01 4.320000e-04 4.221280e-01
493 5.773520e-01 4.240000e-04 4.222240e-01
494 5.772600e-01 4.280000e-04 4.223120e-01
495 5.771800e-01 4.400000e-04 4.223800e-01
496 5.770920e-01 4.360000e-04 4.224720e-01
497 5.769960e-01 4.080000e-04 4.225960e-01
498 5.769120e-01 4.520000e-04 4.226360e-01
499 5.768400e-01 4.280000e-04 4.227320e-01
500 5.767560e-01 4.360000e-04 4.228080e-01
