1 9.992800e-01 6.000000e-04 1.200000e-04
2 9.988040e-01 9.600000e-04 2.360000e-04
3 9.981320e-01 1.392000e-03 4.760000e-04
4 9.974640e-01 1.800000e-03 7.360000e-04
5 9.967560e-01 2.180000e-03 1.064000e-03
6 9.959520e-01 2.568000e-03 1.480000e-03
7 9.950000e-01 2.996000e-03 2.004000e-03
8 9.942000e-01 3.312000e-03 2.488000e-03
9 9.932800e-01 3.648000e-03 3.072000e-03
10 9.922280e-01 4.088000e-03 3.684000e-03
11 9.913240e-01 4.284000e-03 4.392000e-03
12 9.902920e-01 4.616000e-03 5.092000e-03
13 9.891280e-01 5.052000e-03 5.820000e-03
14 9.879360e-01 5.248000e-03 6.816000e-03
15 9.866800e-01 5.548000e-03 7.772000e-03
16 9.854840e-01 5.748000e-03 8.768000e-03
17 9.843120e-01 5.848000e-03 9.840000e-03
18 9.831320e-01 5.960000e-03 1.090800e-02
19 9.819000e-01 6.120000e-03 1.198000e-02
20 9.805520e-01 6.468000e-03 1.298000e-02
21 9.792760e-01 6.540000e-03 1.418400e-02
22 9.779680e-01 6.764000e-03 1.526800e-02
23 9.765840e-01 7.000000e-03 1.641600e-02
24 9.752000e-01 7.180000e-03 1.762000e-02
25 9.737600e-01 7.460000e-03 1.878000e-02
26 9.723960e-01 7.576000e-03 2.002800e-02
27 9.708640e-01 7.732000e-03 2.140400e-02
28 9.693480e-01 7.868000e-03 2.278400e-02
29 9.677680e-01 8.036000e-03 2.419600e-02
30 9.661000e-01 8.432000e-03 2.546800e-02
31 9.644720e-01 8.664000e-03 2.686400e-02
32 9.627560e-01 8.904000e-03 2.834000e-02
33 9.612320e-01 8.852000e-03 2.991600e-02
34 9.595840e-01 8.968000e-03 3.144800e-02
35 9.580200e-01 8.920000e-03 3.306000e-02
36 9.565920e-01 8.636000e-03 3.477200e-02
37 9.550760e-01 8.568000e-03 3.635600e-02
38 9.536240e-01 8.484000e-03 3.789200e-02
39 9.522680e-01 8.272000e-03 3.946000e-02
40 9.510120e-01 8.232000e-03 4.075600e-02
41 9.495640e-01 8.280000e-03 4.215600e-02
42 9.480480e-01 8.236000e-03 4.371600e-02
43 9.465560e-01 8.432000e-03 4.501200e-02
44 9.450520e-01 8.496000e-03 4.645200e-02
45 9.434560e-01 8.520000e-03 4.802400e-02
46 9.418120e-01 8.756000e-03 4.943200e-02
47 9.402000e-01 8.664000e-03 5.113600e-02
48 9.385520e-01 8.740000e-03 5.270800e-02
49 9.369120e-01 8.868000e-03 5.422000e-02
50 9.353840e-01 8.796000e-03 5.582000e-02
51 9.337760e-01 8.896000e-03 5.732800e-02
52 9.321400e-01 8.948000e-03 5.891200e-02
53 9.304680e-01 9.096000e-03 6.043600e-02
54 9.286760e-01 9.304000e-03 6.202000e-02
55 9.269840e-01 9.392000e-03 6.362400e-02
56 9.253920e-01 9.216000e-03 6.539200e-02
57 9.236200e-01 9.392000e-03 6.698800e-02
58 9.220360e-01 9.260000e-03 6.870400e-02
59 9.206200e-01 9.024000e-03 7.035600e-02
60 9.191200e-01 8.980000e-03 7.190000e-02
61 9.174560e-01 9.088000e-03 7.345600e-02
62 9.158240e-01 9.088000e-03 7.508800e-02
63 9.143200e-01 9.132000e-03 7.654800e-02
64 9.127240e-01 9.168000e-03 7.810800e-02
65 9.111240e-01 9.148000e-03 7.972800e-02
66 9.094120e-01 9.280000e-03 8.130800e-02
67 9.077680e-01 9.272000e-03 8.296000e-02
68 9.061320e-01 9.380000e-03 8.448800e-02
69 9.044440e-01 9.332000e-03 8.622400e-02
70 9.028880e-01 9.240000e-03 8.787200e-02
71 9.011800e-01 9.364000e-03 8.945600e-02
72 8.995280e-01 9.220000e-03 9.125200e-02
73 8.979280e-01 9.104000e-03 9.296800e-02
74 8.964120e-01 9.004000e-03 9.458400e-02
75 8.948520e-01 9.028000e-03 9.612000e-02
76 8.932760e-01 9.000000e-03 9.772400e-02
77 8.917440e-01 8.872000e-03 9.938400e-02
78 8.902960e-01 8.712000e-03 1.009920e-01
79 8.888800e-01 8.560000e-03 1.025600e-01
80 8.875080e-01 8.492000e-03 1.040000e-01
81 8.859080e-01 8.572000e-03 1.055200e-01
82 8.845880e-01 8.392000e-03 1.070200e-01
83 8.832320e-01 8.300000e-03 1.084680e-01
84 8.818080e-01 8.292000e-03 1.099000e-01
85 8.804920e-01 8.212000e-03 1.112960e-01
86 8.791560e-01 8.104000e-03 1.127400e-01
87 8.777520e-01 8.196000e-03 1.140520e-01
88 8.764240e-01 8.036000e-03 1.155400e-01
89 8.750040e-01 8.036000e-03 1.169600e-01
90 8.734920e-01 8.028000e-03 1.184800e-01
91 8.720760e-01 8.096000e-03 1.198280e-01
92 8.706880e-01 8.116000e-03 1.211960e-01
93 8.690720e-01 8.228000e-03 1.227000e-01
94 8.675720e-01 8.236000e-03 1.241920e-01
95 8.660320e-01 8.180000e-03 1.257880e-01
96 8.644960e-01 8.380000e-03 1.271240e-01
97 8.630560e-01 8.404000e-03 1.285400e-01
98 8.614440e-01 8.520000e-03 1.300360e-01
99 8.598960e-01 8.548000e-03 1.315560e-01
100 8.584760e-01 8.436000e-03 1.330880e-01
101 8.570400e-01 8.400000e-03 1.345600e-01
102 8.556880e-01 8.284000e-03 1.360280e-01
103 8.541880e-01 8.416000e-03 1.373960e-01
104 8.529840e-01 8.144000e-03 1.388720e-01
105 8.516080e-01 8.172000e-03 1.402200e-01
106 8.502280e-01 8.128000e-03 1.416440e-01
107 8.488360e-01 8.104000e-03 1.430600e-01
108 8.475400e-01 7.980000e-03 1.444800e-01
109 8.461600e-01 8.092000e-03 1.457480e-01
110 8.446640e-01 8.120000e-03 1.472160e-01
111 8.433360e-01 8.040000e-03 1.486240e-01
112 8.419000e-01 8.064000e-03 1.500360e-01
113 8.405080e-01 8.008000e-03 1.514840e-01
114 8.392280e-01 7.876000e-03 1.528960e-01
115 8.378840e-01 7.872000e-03 1.542440e-01
116 8.367200e-01 7.596000e-03 1.556840e-01
117 8.355160e-01 7.416000e-03 1.570680e-01
118 8.342920e-01 7.280000e-03 1.584280e-01
119 8.331560e-01 7.084000e-03 1.597600e-01
120 8.318840e-01 7.064000e-03 1.610520e-01
121 8.305760e-01 7.180000e-03 1.622440e-01
122 8.294440e-01 7.052000e-03 1.635040e-01
123 8.282120e-01 7.108000e-03 1.646800e-01
124 8.267720e-01 7.352000e-03 1.658760e-01
125 8.255320e-01 7.240000e-03 1.672280e-01
126 8.243160e-01 7.240000e-03 1.684440e-01
127 8.230960e-01 7.168000e-03 1.697360e-01
128 8.220080e-01 7.108000e-03 1.708840e-01
129 8.209640e-01 6.828000e-03 1.722080e-01
130 8.199160e-01 6.712000e-03 1.733720e-01
131 8.189360e-01 6.548000e-03 1.745160e-01
132 8.179520e-01 6.268000e-03 1.757800e-01
133 8.168280e-01 6.352000e-03 1.768200e-01
134 8.157600e-01 6.300000e-03 1.779400e-01
135 8.147280e-01 6.236000e-03 1.790360e-01
136 8.134840e-01 6.344000e-03 1.801720e-01
137 8.124800e-01 6.256000e-03 1.812640e-01
138 8.112880e-01 6.348000e-03 1.823640e-01
139 8.102520e-01 6.232000e-03 1.835160e-01
140 8.091680e-01 6.220000e-03 1.846120e-01
141 8.080760e-01 6.124000e-03 1.858000e-01
142 8.071480e-01 5.832000e-03 1.870200e-01
143 8.061880e-01 5.784000e-03 1.880280e-01
144 8.052800e-01 5.656000e-03 1.890640e-01
145 8.043520e-01 5.512000e-03 1.901360e-01
146 8.035360e-01 5.440000e-03 1.910240e-01
147 8.026800e-01 5.324000e-03 1.919960e-01
148 8.018000e-01 5.196000e-03 1.930040e-01
149 8.008720e-01 5.232000e-03 1.938960e-01
150 7.998760e-01 5.328000e-03 1.947960e-01
151 7.989360e-01 5.252000e-03 1.958120e-01
152 7.980000e-01 5.192000e-03 1.968080e-01
153 7.970760e-01 5.156000e-03 1.977680e-01
154 7.961880e-01 5.164000e-03 1.986480e-01
155 7.953120e-01 5.108000e-03 1.995800e-01
156 7.944120e-01 5.068000e-03 2.005200e-01
157 7.935160e-01 5.128000e-03 2.013560e-01
158 7.926600e-01 5.036000e-03 2.023040e-01
159 7.918880e-01 4.872000e-03 2.032400e-01
160 7.910160e-01 4.936000e-03 2.040480e-01
161 7.902720e-01 4.724000e-03 2.050040e-01
162 7.895720e-01 4.692000e-03 2.057360e-01
163 7.887480e-01 4.716000e-03 2.065360e-01
164 7.879360e-01 4.704000e-03 2.073600e-01
165 7.871760e-01 4.592000e-03 2.082320e-01
166 7.864200e-01 4.460000e-03 2.091200e-01
167 7.857640e-01 4.296000e-03 2.099400e-01
168 7.848600e-01 4.404000e-03 2.107360e-01
169 7.840080e-01 4.520000e-03 2.114720e-01
170 7.832720e-01 4.448000e-03 2.122800e-01
171 7.825320e-01 4.424000e-03 2.130440e-01
172 7.817120e-01 4.428000e-03 2.138600e-01
173 7.809560e-01 4.408000e-03 2.146360e-01
174 7.801120e-01 4.440000e-03 2.154480e-01
175 7.793640e-01 4.472000e-03 2.161640e-01
176 7.785320e-01 4.568000e-03 2.169000e-01
177 7.776640e-01 4.672000e-03 2.176640e-01
178 7.769800e-01 4.584000e-03 2.184360e-01
179 7.763000e-01 4.468000e-03 2.192320e-01
180 7.755560e-01 4.408000e-03 2.200360e-01
181 7.748040e-01 4.340000e-03 2.208560e-01
182 7.740880e-01 4.332000e-03 2.215800e-01
183 7.734400e-01 4.280000e-03 2.222800e-01
184 7.728080e-01 4.172000e-03 2.230200e-01
185 7.719680e-01 4.164000e-03 2.238680e-01
186 7.711920e-01 4.296000e-03 2.245120e-01
187 7.703520e-01 4.408000e-03 2.252400e-01
188 7.695880e-01 4.416000e-03 2.259960e-01
189 7.686720e-01 4.624000e-03 2.267040e-01
190 7.678560e-01 4.640000e-03 2.275040e-01
191 7.670840e-01 4.576000e-03 2.283400e-01
192 7.662680e-01 4.536000e-03 2.291960e-01
193 7.654520e-01 4.532000e-03 2.300160e-01
194 7.647400e-01 4.468000e-03 2.307920e-01
195 7.641040e-01 4.296000e-03 2.316000e-01
196 7.636120e-01 4.040000e-03 2.323480e-01
197 7.630520e-01 3.896000e-03 2.330520e-01
198 7.624960e-01 3.776000e-03 2.337280e-01
199 7.619600e-01 3.660000e-03 2.343800e-01
200 7.613640e-01 3.696000e-03 2.349400e-01
201 7.607840e-01 3.640000e-03 2.355760e-01
202 7.601760e-01 3.656000e-03 2.361680e-01
203 7.597040e-01 3.468000e-03 2.368280e-01
204 7.592240e-01 3.332000e-03 2.374440e-01
205 7.587080e-01 3.220000e-03 2.380720e-01
206 7.582120e-01 3.096000e-03 2.386920e-01
207 7.576880e-01 3.024000e-03 2.392880e-01
208 7.572120e-01 2.984000e-03 2.398040e-01
209 7.568320e-01 2.804000e-03 2.403640e-01
210 7.563360e-01 2.832000e-03 2.408320e-01
211 7.559720e-01 2.660000e-03 2.413680e-01
212 7.554960e-01 2.632000e-03 2.418720e-01
213 7.550520e-01 2.608000e-03 2.423400e-01
214 7.546520e-01 2.568000e-03 2.427800e-01
215 7.543400e-01 2.488000e-03 2.431720e-01
216 7.539840e-01 2.420000e-03 2.435960e-01
217 7.536080e-01 2.284000e-03 2.441080e-01
218 7.532760e-01 2.204000e-03 2.445200e-01
219 7.529120e-01 2.236000e-03 2.448520e-01
220 7.525440e-01 2.200000e-03 2.452560e-01
221 7.521200e-01 2.280000e-03 2.456000e-01
222 7.516320e-01 2.368000e-03 2.460000e-01
223 7.510880e-01 2.540000e-03 2.463720e-01
224 7.505800e-01 2.548000e-03 2.468720e-01
225 7.500520e-01 2.580000e-03 2.473680e-01
226 7.496880e-01 2.476000e-03 2.478360e-01
227 7.492880e-01 2.396000e-03 2.483160e-01
228 7.488640e-01 2.376000e-03 2.487600e-01
229 7.484800e-01 2.312000e-03 2.492080e-01
230 7.480880e-01 2.280000e-03 2.496320e-01
231 7.477400e-01 2.196000e-03 2.500640e-01
232 7.474000e-01 2.064000e-03 2.505360e-01
233 7.470360e-01 2.084000e-03 2.508800e-01
234 7.466720e-01 2.104000e-03 2.512240e-01
235 7.462920e-01 2.092000e-03 2.516160e-01
236 7.459080e-01 2.100000e-03 2.519920e-01
237 7.455200e-01 2.124000e-03 2.523560e-01
238 7.451720e-01 2.080000e-03 2.527480e-01
239 7.447560e-01 2.092000e-03 2.531520e-01
240 7.443600e-01 2.092000e-03 2.535480e-01
241 7.439800e-01 2.128000e-03 2.538920e-01
242 7.434840e-01 2.300000e-03 2.542160e-01
243 7.430080e-01 2.372000e-03 2.546200e-01
244 7.425920e-01 2.352000e-03 2.550560e-01
245 7.421520e-01 2.380000e-03 2.554680e-01
246 7.417320e-01 2.316000e-03 2.559520e-01
247 7.413160e-01 2.296000e-03 2.563880e-01
248 7.409080e-01 2.312000e-03 2.567800e-01
249 7.404600e-01 2.352000e-03 2.571880e-01
250 7.400240e-01 2.436000e-03 2.575400e-01
251 7.395560e-01 2.492000e-03 2.579520e-01
252 7.390920e-01 2.524000e-03 2.583840e-01
253 7.386000e-01 2.656000e-03 2.587440e-01
254 7.380960e-01 2.688000e-03 2.592160e-01
255 7.375640e-01 2.732000e-03 2.597040e-01
256 7.371680e-01 2.644000e-03 2.601880e-01
257 7.367520e-01 2.572000e-03 2.606760e-01
258 7.364720e-01 2.396000e-03 2.611320e-01
259 7.361160e-01 2.328000e-03 2.615560e-01
260 7.358160e-01 2.192000e-03 2.619920e-01
261 7.355280e-01 2.128000e-03 2.623440e-01
262 7.351960e-01 2.068000e-03 2.627360e-01
263 7.349000e-01 1.972000e-03 2.631280e-01
264 7.346000e-01 1.884000e-03 2.635160e-01
265 7.343040e-01 1.808000e-03 2.638880e-01
266 7.340680e-01 1.740000e-03 2.641920e-01
267 7.336760e-01 1.824000e-03 2.645000e-01
268 7.333280e-01 1.828000e-03 2.648440e-01
269 7.329840e-01 1.796000e-03 2.652200e-01
270 7.327080e-01 1.768000e-03 2.655240e-01
271 7.324160e-01 1.760000e-03 2.658240e-01
272 7.320920e-01 1.744000e-03 2.661640e-01
273 7.317320e-01 1.812000e-03 2.664560e-01
274 7.313480e-01 1.844000e-03 2.668080e-01
275 7.310000e-01 1.876000e-03 2.671240e-01
276 7.306160e-01 1.892000e-03 2.674920e-01
277 7.302160e-01 1.944000e-03 2.678400e-01
278 7.298120e-01 2.016000e-03 2.681720e-01
279 7.294160e-01 2.056000e-03 2.685280e-01
280 7.290280e-01 2.012000e-03 2.689600e-01
281 7.286680e-01 2.008000e-03 2.693240e-01
282 7.282640e-01 2.072000e-03 2.696640e-01
283 7.280120e-01 1.924000e-03 2.700640e-01
284 7.276480e-01 1.968000e-03 2.703840e-01
285 7.272960e-01 1.936000e-03 2.707680e-01
286 7.269920e-01 1.840000e-03 2.711680e-01
287 7.266000e-01 1.908000e-03 2.714920e-01
288 7.262400e-01 1.892000e-03 2.718680e-01
289 7.259120e-01 1.924000e-03 2.721640e-01
290 7.256360e-01 1.880000e-03 2.724840e-01
291 7.252600e-01 1.924000e-03 2.728160e-01
292 7.249480e-01 1.944000e-03 2.731080e-01
293 7.246240e-01 1.936000e-03 2.734400e-01
294 7.243160e-01 1.892000e-03 2.737920e-01
295 7.239360e-01 1.964000e-03 2.741000e-01
296 7.236400e-01 1.860000e-03 2.745000e-01
297 7.232800e-01 1.888000e-03 2.748320e-01
298 7.229360e-01 1.928000e-03 2.751360e-01
299 7.225640e-01 1.976000e-03 2.754600e-01
300 7.222440e-01 1.972000e-03 2.757840e-01
301 7.219160e-01 1.964000e-03 2.761200e-01
302 7.214720e-01 2.060000e-03 2.764680e-01
303 7.210400e-01 2.112000e-03 2.768480e-01
304 7.206960e-01 2.068000e-03 2.772360e-01
305 7.203920e-01 2.020000e-03 2.775880e-01
306 7.201320e-01 1.956000e-03 2.779120e-01
307 7.198200e-01 1.920000e-03 2.782600e-01
308 7.195720e-01 1.896000e-03 2.785320e-01
309 7.193040e-01 1.840000e-03 2.788560e-01
310 7.190160e-01 1.768000e-03 2.792160e-01
311 7.186640e-01 1.840000e-03 2.794960e-01
312 7.184120e-01 1.812000e-03 2.797760e-01
313 7.180880e-01 1.848000e-03 2.800640e-01
314 7.177720e-01 1.848000e-03 2.803800e-01
315 7.175120e-01 1.704000e-03 2.807840e-01
316 7.172720e-01 1.632000e-03 2.810960e-01
317 7.170840e-01 1.588000e-03 2.813280e-01
318 7.167760e-01 1.668000e-03 2.815560e-01
319 7.164600e-01 1.720000e-03 2.818200e-01
320 7.161840e-01 1.676000e-03 2.821400e-01
321 7.159400e-01 1.576000e-03 2.824840e-01
322 7.155680e-01 1.656000e-03 2.827760e-01
323 7.152200e-01 1.684000e-03 2.830960e-01
324 7.148520e-01 1.788000e-03 2.833600e-01
325 7.145320e-01 1.812000e-03 2.836560e-01
326 7.141880e-01 1.860000e-03 2.839520e-01
327 7.138640e-01 1.848000e-03 2.842880e-01
328 7.135320e-01 1.856000e-03 2.846120e-01
329 7.132560e-01 1.804000e-03 2.849400e-01
330 7.129680e-01 1.824000e-03 2.852080e-01
331 7.127080e-01 1.752000e-03 2.855400e-01
332 7.123520e-01 1.812000e-03 2.858360e-01
333 7.120120e-01 1.816000e-03 2.861720e-01
334 7.116600e-01 1.812000e-03 2.865280e-01
335 7.113600e-01 1.772000e-03 2.868680e-01
336 7.109800e-01 1.820000e-03 2.872000e-01
337 7.106400e-01 1.844000e-03 2.875160e-01
338 7.103360e-01 1.824000e-03 2.878400e-01
339 7.100480e-01 1.732000e-03 2.882200e-01
340 7.097320e-01 1.748000e-03 2.885200e-01
341 7.093680e-01 1.808000e-03 2.888240e-01
342 7.090400e-01 1.836000e-03 2.891240e-01
343 7.087920e-01 1.792000e-03 2.894160e-01
344 7.084200e-01 1.852000e-03 2.897280e-01
345 7.079720e-01 2.004000e-03 2.900240e-01
346 7.075960e-01 2.028000e-03 2.903760e-01
347 7.073440e-01 1.976000e-03 2.906800e-01
348 7.069200e-01 2.092000e-03 2.909880e-01
349 7.064480e-01 2.228000e-03 2.913240e-01
350 7.059920e-01 2.380000e-03 2.916280e-01
351 7.055840e-01 2.352000e-03 2.920640e-01
352 7.052160e-01 2.268000e-03 2.925160e-01
353 7.048280e-01 2.296000e-03 2.928760e-01
354 7.044920e-01 2.308000e-03 2.932000e-01
355 7.041520e-01 2.268000e-03 2.935800e-01
356 7.037880e-01 2.200000e-03 2.940120e-01
357 7.034760e-01 2.104000e-03 2.944200e-01
358 7.031720e-01 2.084000e-03 2.947440e-01
359 7.028600e-01 2.052000e-03 2.950880e-01
360 7.025520e-01 2.032000e-03 2.954160e-01
361 7.022640e-01 1.972000e-03 2.957640e-01
362 7.020240e-01 1.880000e-03 2.960960e-01
363 7.017040e-01 1.944000e-03 2.963520e-01
364 7.014000e-01 1.908000e-03 2.966920e-01
365 7.011560e-01 1.844000e-03 2.970000e-01
366 7.008760e-01 1.836000e-03 2.972880e-01
367 7.004760e-01 1.912000e-03 2.976120e-01
368 7.001440e-01 1.936000e-03 2.979200e-01
369 6.998360e-01 1.956000e-03 2.982080e-01
370 6.995960e-01 1.836000e-03 2.985680e-01
371 6.993760e-01 1.748000e-03 2.988760e-01
372 6.991520e-01 1.624000e-03 2.992240e-01
373 6.989080e-01 1.636000e-03 2.994560e-01
374 6.986440e-01 1.612000e-03 2.997440e-01
375 6.983880e-01 1.604000e-03 3.000080e-01
376 6.981440e-01 1.592000e-03 3.002640e-01
377 6.978480e-01 1.604000e-03 3.005480e-01
378 6.975880e-01 1.572000e-03 3.008400e-01
379 6.973040e-01 1.564000e-03 3.011320e-01
380 6.969600e-01 1.676000e-03 3.013640e-01
381 6.966840e-01 1.644000e-03 3.016720e-01
382 6.963320e-01 1.664000e-03 3.020040e-01
383 6.960080e-01 1.676000e-03 3.023160e-01
384 6.957400e-01 1.692000e-03 3.025680e-01
385 6.953680e-01 1.796000e-03 3.028360e-01
386 6.950960e-01 1.752000e-03 3.031520e-01
387 6.947400e-01 1.852000e-03 3.034080e-01
388 6.944480e-01 1.836000e-03 3.037160e-01
389 6.941360e-01 1.840000e-03 3.040240e-01
390 6.938440e-01 1.804000e-03 3.043520e-01
391 6.935760e-01 1.772000e-03 3.046520e-01
392 6.933560e-01 1.708000e-03 3.049360e-01
393 6.931000e-01 1.644000e-03 3.052560e-01
394 6.928760e-01 1.564000e-03 3.055600e-01
395 6.926160e-01 1.552000e-03 3.058320e-01
396 6.922920e-01 1.560000e-03 3.061480e-01
397 6.919840e-01 1.500000e-03 3.065160e-01
398 6.917800e-01 1.420000e-03 3.068000e-01
399 6.915920e-01 1.320000e-03 3.070880e-01
400 6.913760e-01 1.308000e-03 3.073160e-01
401 6.911960e-01 1.248000e-03 3.075560e-01
402 6.909840e-01 1.300000e-03 3.077160e-01
403 6.907440e-01 1.332000e-03 3.079240e-01
404 6.905200e-01 1.260000e-03 3.082200e-01
405 6.903120e-01 1.248000e-03 3.084400e-01
406 6.900800e-01 1.260000e-03 3.086600e-01
407 6.898360e-01 1.284000e-03 3.088800e-01
408 6.895840e-01 1.316000e-03 3.091000e-01
409 6.892760e-01 1.376000e-03 3.093480e-01
410 6.890000e-01 1.400000e-03 3.096000e-01
411 6.887680e-01 1.400000e-03 3.098320e-01
412 6.885520e-01 1.368000e-03 3.100800e-01
413 6.883440e-01 1.356000e-03 3.103000e-01
414 6.881720e-01 1.288000e-03 3.105400e-01
415 6.879960e-01 1.256000e-03 3.107480e-01
416 6.878400e-01 1.192000e-03 3.109680e-01
417 6.876360e-01 1.160000e-03 3.112040e-01
418 6.874480e-01 1.140000e-03 3.114120e-01
419 6.872680e-01 1.132000e-03 3.116000e-01
420 6.871160e-01 1.072000e-03 3.118120e-01
421 6.869480e-01 1.024000e-03 3.120280e-01
422 6.867680e-01 1.040000e-03 3.121920e-01
423 6.866000e-01 1.076000e-03 3.123240e-01
424 6.864640e-01 1.016000e-03 3.125200e-01
425 6.863360e-01 9.440000e-04 3.127200e-01
426 6.861640e-01 9.720000e-04 3.128640e-01
427 6.859840e-01 1.004000e-03 3.130120e-01
428 6.858160e-01 9.600000e-04 3.132240e-01
429 6.856600e-01 9.520000e-04 3.133880e-01
430 6.855280e-01 9.440000e-04 3.135280e-01
431 6.854040e-01 9.160000e-04 3.136800e-01
432 6.852560e-01 8.960000e-04 3.138480e-01
433 6.851080e-01 8.880000e-04 3.140040e-01
434 6.849560e-01 9.160000e-04 3.141280e-01
435 6.847840e-01 9.320000e-04 3.142840e-01
436 6.846760e-01 8.720000e-04 3.144520e-01
437 6.845520e-01 8.240000e-04 3.146240e-01
438 6.843960e-01 8.280000e-04 3.147760e-01
439 6.842040e-01 9.000000e-04 3.148960e-01
440 6.840320e-01 9.280000e-04 3.150400e-01
441 6.838280e-01 9.680000e-04 3.152040e-01
442 6.836440e-01 9.920000e-04 3.153640e-01
443 6.834720e-01 9.520000e-04 3.155760e-01
444 6.833000e-01 9.320000e-04 3.157680e-01
445 6.831520e-01 8.840000e-04 3.159640e-01
446 6.829840e-01 9.080000e-04 3.161080e-01
447 6.827720e-01 9.560000e-04 3.162720e-01
448 6.826160e-01 8.920000e-04 3.164920e-01
449 6.824400e-01 9.080000e-04 3.166520e-01
450 6.822880e-01 9.200000e-04 3.167920e-01
451 6.821360e-01 8.880000e-04 3.169760e-01
452 6.820120e-01 8.600000e-04 3.171280e-01
453 6.818880e-01 8.760000e-04 3.172360e-01
454 6.816960e-01 9.280000e-04 3.173760e-01
455 6.815080e-01 9.240000e-04 3.175680e-01
456 6.813800e-01 8.760000e-04 3.177440e-01
457 6.812320e-01 8.120000e-04 3.179560e-01
458 6.811360e-01 7.960000e-04 3.180680e-01
459 6.810080e-01 8.040000e-04 3.181880e-01
460 6.808200e-01 8.760000e-04 3.183040e-01
461 6.806680e-01 8.360000e-04 3.184960e-01
462 6.805280e-01 8.720000e-04 3.186000e-01
463 6.803400e-01 9.360000e-04 3.187240e-01
464 6.801920e-01 9.600000e-04 3.188480e-01
465 6.800360e-01 9.760000e-04 3.189880e-01
466 6.798760e-01 9.640000e-04 3.191600e-01
467 6.795960e-01 1.068000e-03 3.193360e-01
468 6.793760e-01 1.100000e-03 3.195240e-01
469 6.791960e-01 1.088000e-03 3.197160e-01
470 6.789760e-01 1.128000e-03 3.198960e-01
471 6.788000e-01 1.104000e-03 3.200960e-01
472 6.786520e-01 1.128000e-03 3.202200e-01
473 6.784760e-01 1.120000e-03 3.204040e-01
474 6.783320e-01 1.048000e-03 3.206200e-01
475 6.782120e-01 9.560000e-04 3.208320e-01
476 6.780640e-01 9.240000e-04 3.210120e-01
477 6.778440e-01 9.960000e-04 3.211600e-01
478 6.777040e-01 9.640000e-04 3.213320e-01
479 6.775520e-01 9.440000e-04 3.215040e-01
480 6.774040e-01 9.240000e-04 3.216720e-01
481 6.772480e-01 8.960000e-04 3.218560e-01
482 6.770960e-01 8.920000e-04 3.220120e-01
483 6.769320e-01 8.840000e-04 3.221840e-01
484 6.767480e-01 8.960000e-04 3.223560e-01
485 6.766240e-01 8.600000e-04 3.225160e-01
486 6.765280e-01 8.280000e-04 3.226440e-01
487 6.763920e-01 8.280000e-04 3.227800e-01
488 6.762920e-01 7.920000e-04 3.229160e-01
489 6.761800e-01 7.960000e-04 3.230240e-01
490 6.760880e-01 7.560000e-04 3.231560e-01
491 6.759760e-01 7.520000e-04 3.232720e-01
492 6.758720e-01 7.240000e-04 3.234040e-01
493 6.757920e-01 6.960000e-04 3.235120e-01
494 6.757000e-01 6.360000e-04 3.236640e-01
495 6.755920e-01 6.400000e-04 3.237680e-01
496 6.754600e-01 6.560000e-04 3.238840e-01
497 6.753400e-01 6.680000e-04 3.239920e-01
498 6.752080e-01 6.640000e-04 3.241280e-01
499 6.750480e-01 7.160000e-04 3.242360e-01
500 6.749280e-01 7.360000e-04 3.243360e-01
