1 9.992960e-01 5.720000e-04 1.320000e-04
2 9.988440e-01 9.240000e-04 2.320000e-04
3 9.982320e-01 1.356000e-03 4.120000e-04
4 9.975280e-01 1.804000e-03 6.680000e-04
5 9.966240e-01 2.268000e-03 1.108000e-03
6 9.958760e-01 2.592000e-03 1.532000e-03
7 9.950480e-01 3.008000e-03 1.944000e-03
8 9.941040e-01 3.416000e-03 2.480000e-03
9 9.931360e-01 3.768000e-03 3.096000e-03
10 9.921560e-01 4.044000e-03 3.800000e-03
11 9.910920e-01 4.364000e-03 4.544000e-03
12 9.900520e-01 4.624000e-03 5.324000e-03
13 9.890160e-01 4.852000e-03 6.132000e-03
14 9.878760e-01 5.112000e-03 7.012000e-03
15 9.867480e-01 5.456000e-03 7.796000e-03
16 9.854560e-01 5.788000e-03 8.756000e-03
17 9.841920e-01 6.024000e-03 9.784000e-03
18 9.828120e-01 6.248000e-03 1.094000e-02
19 9.814560e-01 6.484000e-03 1.206000e-02
20 9.801000e-01 6.676000e-03 1.322400e-02
21 9.788000e-01 6.672000e-03 1.452800e-02
22 9.773840e-01 6.976000e-03 1.564000e-02
23 9.760160e-01 7.248000e-03 1.673600e-02
24 9.745880e-01 7.512000e-03 1.790000e-02
25 9.731040e-01 7.684000e-03 1.921200e-02
26 9.716680e-01 7.820000e-03 2.051200e-02
27 9.701560e-01 7.956000e-03 2.188800e-02
28 9.686200e-01 8.100000e-03 2.328000e-02
29 9.671000e-01 8.184000e-03 2.471600e-02
30 9.654240e-01 8.344000e-03 2.623200e-02
31 9.639160e-01 8.520000e-03 2.756400e-02
32 9.622840e-01 8.740000e-03 2.897600e-02
33 9.607640e-01 8.632000e-03 3.060400e-02
34 9.591720e-01 8.772000e-03 3.205600e-02
35 9.575120e-01 8.916000e-03 3.357200e-02
36 9.557680e-01 9.120000e-03 3.511200e-02
37 9.541800e-01 9.160000e-03 3.666000e-02
38 9.525760e-01 9.124000e-03 3.830000e-02
39 9.508600e-01 9.248000e-03 3.989200e-02
40 9.492200e-01 9.212000e-03 4.156800e-02
41 9.475520e-01 9.328000e-03 4.312000e-02
42 9.458720e-01 9.504000e-03 4.462400e-02
43 9.440280e-01 9.800000e-03 4.617200e-02
44 9.423280e-01 9.808000e-03 4.786400e-02
45 9.406280e-01 9.672000e-03 4.970000e-02
46 9.390400e-01 9.572000e-03 5.138800e-02
47 9.373160e-01 9.580000e-03 5.310400e-02
48 9.356000e-01 9.600000e-03 5.480000e-02
49 9.338560e-01 9.616000e-03 5.652800e-02
50 9.320680e-01 9.756000e-03 5.817600e-02
51 9.304080e-01 9.664000e-03 5.992800e-02
52 9.286400e-01 9.664000e-03 6.169600e-02
53 9.268040e-01 9.756000e-03 6.344000e-02
54 9.251120e-01 9.616000e-03 6.527200e-02
55 9.235240e-01 9.408000e-03 6.706800e-02
56 9.220040e-01 9.324000e-03 6.867200e-02
57 9.204520e-01 9.316000e-03 7.023200e-02
58 9.187880e-01 9.344000e-03 7.186800e-02
59 9.171600e-01 9.324000e-03 7.351600e-02
60 9.154000e-01 9.524000e-03 7.507600e-02
61 9.136640e-01 9.504000e-03 7.683200e-02
62 9.118680e-01 9.480000e-03 7.865200e-02
63 9.101560e-01 9.508000e-03 8.033600e-02
64 9.084080e-01 9.660000e-03 8.193200e-02
65 9.068160e-01 9.612000e-03 8.357200e-02
66 9.051080e-01 9.572000e-03 8.532000e-02
67 9.032040e-01 9.804000e-03 8.699200e-02
68 9.013880e-01 9.872000e-03 8.874000e-02
69 8.996240e-01 1.000400e-02 9.037200e-02
70 8.976720e-01 1.024000e-02 9.208800e-02
71 8.959480e-01 1.010800e-02 9.394400e-02
72 8.941000e-01 1.016000e-02 9.574000e-02
73 8.922400e-01 1.019200e-02 9.756800e-02
74 8.904000e-01 1.039200e-02 9.920800e-02
75 8.885760e-01 1.040800e-02 1.010160e-01
76 8.866120e-01 1.051600e-02 1.028720e-01
77 8.847600e-01 1.045600e-02 1.047840e-01
78 8.827840e-01 1.065600e-02 1.065600e-01
79 8.810560e-01 1.042400e-02 1.085200e-01
80 8.792880e-01 1.028800e-02 1.104240e-01
81 8.775000e-01 1.034000e-02 1.121600e-01
82 8.756240e-01 1.042400e-02 1.139520e-01
83 8.738040e-01 1.018000e-02 1.160160e-01
84 8.722360e-01 9.992000e-03 1.177720e-01
85 8.705520e-01 9.968000e-03 1.194800e-01
86 8.687760e-01 9.988000e-03 1.212360e-01
87 8.670240e-01 1.001200e-02 1.229640e-01
88 8.651760e-01 1.021200e-02 1.246120e-01
89 8.634240e-01 1.014800e-02 1.264280e-01
90 8.616120e-01 1.017600e-02 1.282120e-01
91 8.597720e-01 1.020000e-02 1.300280e-01
92 8.579640e-01 1.020800e-02 1.318280e-01
93 8.562520e-01 1.006400e-02 1.336840e-01
94 8.544440e-01 9.960000e-03 1.355960e-01
95 8.527760e-01 9.920000e-03 1.373040e-01
96 8.512080e-01 9.784000e-03 1.390080e-01
97 8.495520e-01 9.848000e-03 1.406000e-01
98 8.479720e-01 9.800000e-03 1.422280e-01
99 8.463400e-01 9.528000e-03 1.441320e-01
100 8.446560e-01 9.588000e-03 1.457560e-01
101 8.430600e-01 9.516000e-03 1.474240e-01
102 8.416080e-01 9.260000e-03 1.491320e-01
103 8.400960e-01 9.188000e-03 1.507160e-01
104 8.386640e-01 9.036000e-03 1.523000e-01
105 8.371040e-01 9.032000e-03 1.538640e-01
106 8.356440e-01 8.844000e-03 1.555120e-01
107 8.341720e-01 8.752000e-03 1.570760e-01
108 8.326440e-01 8.732000e-03 1.586240e-01
109 8.310480e-01 8.888000e-03 1.600640e-01
110 8.294800e-01 8.900000e-03 1.616200e-01
111 8.278920e-01 8.912000e-03 1.631960e-01
112 8.263840e-01 8.816000e-03 1.648000e-01
113 8.248080e-01 8.820000e-03 1.663720e-01
114 8.232440e-01 8.808000e-03 1.679480e-01
115 8.217640e-01 8.660000e-03 1.695760e-01
116 8.203440e-01 8.520000e-03 1.711360e-01
117 8.189040e-01 8.508000e-03 1.725880e-01
118 8.172800e-01 8.704000e-03 1.740160e-01
119 8.157080e-01 8.872000e-03 1.754200e-01
120 8.142040e-01 8.828000e-03 1.769680e-01
121 8.126360e-01 8.796000e-03 1.785680e-01
122 8.112160e-01 8.708000e-03 1.800760e-01
123 8.098040e-01 8.484000e-03 1.817120e-01
124 8.084280e-01 8.216000e-03 1.833560e-01
125 8.070720e-01 8.160000e-03 1.847680e-01
126 8.056880e-01 8.132000e-03 1.861800e-01
127 8.042200e-01 8.088000e-03 1.876920e-01
128 8.027040e-01 8.296000e-03 1.890000e-01
129 8.010880e-01 8.612000e-03 1.903000e-01
130 7.995360e-01 8.616000e-03 1.918480e-01
131 7.980360e-01 8.620000e-03 1.933440e-01
132 7.963760e-01 8.804000e-03 1.948200e-01
133 7.950000e-01 8.624000e-03 1.963760e-01
134 7.935000e-01 8.532000e-03 1.979680e-01
135 7.921520e-01 8.436000e-03 1.994120e-01
136 7.906040e-01 8.520000e-03 2.008760e-01
137 7.891760e-01 8.516000e-03 2.023080e-01
138 7.879440e-01 8.232000e-03 2.038240e-01
139 7.864480e-01 8.288000e-03 2.052640e-01
140 7.852280e-01 8.076000e-03 2.066960e-01
141 7.838440e-01 8.044000e-03 2.081120e-01
142 7.825720e-01 7.880000e-03 2.095480e-01
143 7.813400e-01 7.752000e-03 2.109080e-01
144 7.800720e-01 7.656000e-03 2.122720e-01
145 7.788120e-01 7.528000e-03 2.136600e-01
146 7.775640e-01 7.416000e-03 2.150200e-01
147 7.762160e-01 7.540000e-03 2.162440e-01
148 7.749440e-01 7.512000e-03 2.175440e-01
149 7.737000e-01 7.480000e-03 2.188200e-01
150 7.722560e-01 7.560000e-03 2.201840e-01
151 7.709640e-01 7.620000e-03 2.214160e-01
152 7.697320e-01 7.512000e-03 2.227560e-01
153 7.684000e-01 7.488000e-03 2.241120e-01
154 7.670520e-01 7.572000e-03 2.253760e-01
155 7.659400e-01 7.416000e-03 2.266440e-01
156 7.646640e-01 7.312000e-03 2.280240e-01
157 7.632920e-01 7.328000e-03 2.293800e-01
158 7.620440e-01 7.276000e-03 2.306800e-01
159 7.607280e-01 7.296000e-03 2.319760e-01
160 7.595360e-01 7.288000e-03 2.331760e-01
161 7.582680e-01 7.420000e-03 2.343120e-01
162 7.570720e-01 7.348000e-03 2.355800e-01
163 7.559720e-01 7.172000e-03 2.368560e-01
164 7.547360e-01 7.176000e-03 2.380880e-01
165 7.535160e-01 7.080000e-03 2.394040e-01
166 7.524120e-01 6.928000e-03 2.406600e-01
167 7.513920e-01 6.768000e-03 2.418400e-01
168 7.502680e-01 6.724000e-03 2.430080e-01
169 7.491160e-01 6.676000e-03 2.442080e-01
170 7.480160e-01 6.500000e-03 2.454840e-01
171 7.470200e-01 6.388000e-03 2.465920e-01
172 7.460120e-01 6.344000e-03 2.476440e-01
173 7.450080e-01 6.320000e-03 2.486720e-01
174 7.438760e-01 6.368000e-03 2.497560e-01
175 7.428160e-01 6.412000e-03 2.507720e-01
176 7.417400e-01 6.372000e-03 2.518880e-01
177 7.407920e-01 6.324000e-03 2.528840e-01
178 7.398400e-01 6.268000e-03 2.538920e-01
179 7.388520e-01 6.164000e-03 2.549840e-01
180 7.379520e-01 5.944000e-03 2.561040e-01
181 7.370840e-01 5.776000e-03 2.571400e-01
182 7.362280e-01 5.476000e-03 2.582960e-01
183 7.353800e-01 5.344000e-03 2.592760e-01
184 7.345680e-01 5.180000e-03 2.602520e-01
185 7.337440e-01 5.144000e-03 2.611120e-01
186 7.328280e-01 5.044000e-03 2.621280e-01
187 7.320840e-01 4.840000e-03 2.630760e-01
188 7.311960e-01 4.844000e-03 2.639600e-01
189 7.303640e-01 4.776000e-03 2.648600e-01
190 7.295080e-01 4.764000e-03 2.657280e-01
191 7.287120e-01 4.852000e-03 2.664360e-01
192 7.278400e-01 4.860000e-03 2.673000e-01
193 7.268400e-01 4.992000e-03 2.681680e-01
194 7.259560e-01 5.044000e-03 2.690000e-01
195 7.250400e-01 5.152000e-03 2.698080e-01
196 7.241640e-01 5.148000e-03 2.706880e-01
197 7.233320e-01 5.132000e-03 2.715360e-01
198 7.224880e-01 5.052000e-03 2.724600e-01
199 7.216040e-01 5.036000e-03 2.733600e-01
200 7.207960e-01 4.996000e-03 2.742080e-01
201 7.199720e-01 4.960000e-03 2.750680e-01
202 7.191120e-01 4.932000e-03 2.759560e-01
203 7.182120e-01 5.016000e-03 2.767720e-01
204 7.173560e-01 5.004000e-03 2.776400e-01
205 7.164960e-01 4.912000e-03 2.785920e-01
206 7.156600e-01 4.864000e-03 2.794760e-01
207 7.150480e-01 4.668000e-03 2.802840e-01
208 7.142240e-01 4.784000e-03 2.809920e-01
209 7.134560e-01 4.716000e-03 2.818280e-01
210 7.127720e-01 4.584000e-03 2.826440e-01
211 7.121080e-01 4.596000e-03 2.832960e-01
212 7.113800e-01 4.584000e-03 2.840360e-01
213 7.106400e-01 4.516000e-03 2.848440e-01
214 7.098760e-01 4.476000e-03 2.856480e-01
215 7.091240e-01 4.464000e-03 2.864120e-01
216 7.082920e-01 4.608000e-03 2.871000e-01
217 7.076440e-01 4.464000e-03 2.878920e-01
218 7.070000e-01 4.364000e-03 2.886360e-01
219 7.062840e-01 4.308000e-03 2.894080e-01
220 7.055680e-01 4.320000e-03 2.901120e-01
221 7.048840e-01 4.204000e-03 2.909120e-01
222 7.042400e-01 4.076000e-03 2.916840e-01
223 7.036040e-01 4.008000e-03 2.923880e-01
224 7.029720e-01 3.912000e-03 2.931160e-01
225 7.023760e-01 3.860000e-03 2.937640e-01
226 7.016920e-01 3.868000e-03 2.944400e-01
227 7.009760e-01 3.872000e-03 2.951520e-01
228 7.002240e-01 3.932000e-03 2.958440e-01
229 6.995400e-01 3.992000e-03 2.964680e-01
230 6.988040e-01 4.100000e-03 2.970960e-01
231 6.980840e-01 4.096000e-03 2.978200e-01
232 6.974200e-01 4.136000e-03 2.984440e-01
233 6.967200e-01 4.092000e-03 2.991880e-01
234 6.959520e-01 4.140000e-03 2.999080e-01
235 6.952560e-01 4.060000e-03 3.006840e-01
236 6.945280e-01 4.048000e-03 3.014240e-01
237 6.938080e-01 4.096000e-03 3.020960e-01
238 6.931160e-01 4.000000e-03 3.028840e-01
239 6.925200e-01 3.868000e-03 3.036120e-01
240 6.918920e-01 3.808000e-03 3.043000e-01
241 6.912360e-01 3.816000e-03 3.049480e-01
242 6.906640e-01 3.692000e-03 3.056440e-01
243 6.900040e-01 3.744000e-03 3.062520e-01
244 6.893560e-01 3.704000e-03 3.069400e-01
245 6.887480e-01 3.708000e-03 3.075440e-01
246 6.881120e-01 3.688000e-03 3.082000e-01
247 6.875320e-01 3.640000e-03 3.088280e-01
248 6.868640e-01 3.684000e-03 3.094520e-01
249 6.863200e-01 3.628000e-03 3.100520e-01
250 6.857440e-01 3.540000e-03 3.107160e-01
251 6.851640e-01 3.484000e-03 3.113520e-01
252 6.845440e-01 3.476000e-03 3.119800e-01
253 6.839400e-01 3.452000e-03 3.126080e-01
254 6.833360e-01 3.488000e-03 3.131760e-01
255 6.827600e-01 3.420000e-03 3.138200e-01
256 6.822120e-01 3.340000e-03 3.144480e-01
257 6.817160e-01 3.208000e-03 3.150760e-01
258 6.812080e-01 3.160000e-03 3.156320e-01
259 6.806760e-01 3.120000e-03 3.162040e-01
260 6.801000e-01 3.184000e-03 3.167160e-01
261 6.795680e-01 3.076000e-03 3.173560e-01
262 6.790960e-01 2.960000e-03 3.179440e-01
263 6.785680e-01 2.940000e-03 3.184920e-01
264 6.781200e-01 2.920000e-03 3.189600e-01
265 6.776360e-01 2.876000e-03 3.194880e-01
266 6.772400e-01 2.816000e-03 3.199440e-01
267 6.767640e-01 2.812000e-03 3.204240e-01
268 6.762800e-01 2.796000e-03 3.209240e-01
269 6.758400e-01 2.772000e-03 3.213880e-01
270 6.753920e-01 2.744000e-03 3.218640e-01
271 6.748880e-01 2.760000e-03 3.223520e-01
272 6.743880e-01 2.708000e-03 3.229040e-01
273 6.739560e-01 2.680000e-03 3.233640e-01
274 6.734280e-01 2.836000e-03 3.237360e-01
275 6.729480e-01 2.800000e-03 3.242520e-01
276 6.725280e-01 2.756000e-03 3.247160e-01
277 6.719720e-01 2.844000e-03 3.251840e-01
278 6.715160e-01 2.796000e-03 3.256880e-01
279 6.711000e-01 2.732000e-03 3.261680e-01
280 6.707280e-01 2.688000e-03 3.265840e-01
281 6.703160e-01 2.680000e-03 3.270040e-01
282 6.700600e-01 2.508000e-03 3.274320e-01
283 6.696960e-01 2.424000e-03 3.278800e-01
284 6.693200e-01 2.364000e-03 3.283160e-01
285 6.689680e-01 2.348000e-03 3.286840e-01
286 6.685960e-01 2.308000e-03 3.290960e-01
287 6.681160e-01 2.420000e-03 3.294640e-01
288 6.677440e-01 2.392000e-03 3.298640e-01
289 6.672040e-01 2.544000e-03 3.302520e-01
290 6.667240e-01 2.628000e-03 3.306480e-01
291 6.662360e-01 2.692000e-03 3.310720e-01
292 6.657320e-01 2.764000e-03 3.315040e-01
293 6.651880e-01 2.844000e-03 3.319680e-01
294 6.646440e-01 2.904000e-03 3.324520e-01
295 6.641920e-01 2.852000e-03 3.329560e-01
296 6.637200e-01 2.832000e-03 3.334480e-01
297 6.633000e-01 2.688000e-03 3.340120e-01
298 6.627880e-01 2.768000e-03 3.344440e-01
299 6.623080e-01 2.752000e-03 3.349400e-01
300 6.618480e-01 2.700000e-03 3.354520e-01
301 6.613160e-01 2.776000e-03 3.359080e-01
302 6.607680e-01 2.908000e-03 3.363240e-01
303 6.602640e-01 2.928000e-03 3.368080e-01
304 6.597560e-01 2.940000e-03 3.373040e-01
305 6.592960e-01 2.876000e-03 3.378280e-01
306 6.588440e-01 2.776000e-03 3.383800e-01
307 6.584680e-01 2.652000e-03 3.388800e-01
308 6.580560e-01 2.640000e-03 3.393040e-01
309 6.577040e-01 2.616000e-03 3.396800e-01
310 6.573320e-01 2.556000e-03 3.401120e-01
311 6.569840e-01 2.480000e-03 3.405360e-01
312 6.566240e-01 2.400000e-03 3.409760e-01
313 6.561800e-01 2.520000e-03 3.413000e-01
314 6.557600e-01 2.492000e-03 3.417480e-01
315 6.554160e-01 2.440000e-03 3.421440e-01
316 6.550520e-01 2.380000e-03 3.425680e-01
317 6.546200e-01 2.400000e-03 3.429800e-01
318 6.542520e-01 2.368000e-03 3.433800e-01
319 6.538040e-01 2.384000e-03 3.438120e-01
320 6.533640e-01 2.420000e-03 3.442160e-01
321 6.529760e-01 2.380000e-03 3.446440e-01
322 6.525600e-01 2.324000e-03 3.451160e-01
323 6.521640e-01 2.292000e-03 3.455440e-01
324 6.517120e-01 2.348000e-03 3.459400e-01
325 6.512880e-01 2.332000e-03 3.463800e-01
326 6.509200e-01 2.284000e-03 3.467960e-01
327 6.505240e-01 2.292000e-03 3.471840e-01
328 6.501840e-01 2.184000e-03 3.476320e-01
329 6.498240e-01 2.180000e-03 3.479960e-01
330 6.494520e-01 2.168000e-03 3.483800e-01
331 6.489880e-01 2.244000e-03 3.487680e-01
332 6.485600e-01 2.284000e-03 3.491560e-01
333 6.482480e-01 2.224000e-03 3.495280e-01
334 6.477480e-01 2.284000e-03 3.499680e-01
335 6.473360e-01 2.324000e-03 3.503400e-01
336 6.468640e-01 2.348000e-03 3.507880e-01
337 6.464120e-01 2.408000e-03 3.511800e-01
338 6.459560e-01 2.536000e-03 3.515080e-01
339 6.454320e-01 2.596000e-03 3.519720e-01
340 6.449240e-01 2.612000e-03 3.524640e-01
341 6.443880e-01 2.676000e-03 3.529360e-01
342 6.439520e-01 2.580000e-03 3.534680e-01
343 6.434120e-01 2.668000e-03 3.539200e-01
344 6.429440e-01 2.620000e-03 3.544360e-01
345 6.424720e-01 2.592000e-03 3.549360e-01
346 6.420200e-01 2.664000e-03 3.553160e-01
347 6.416840e-01 2.584000e-03 3.557320e-01
348 6.413120e-01 2.580000e-03 3.561080e-01
349 6.409520e-01 2.532000e-03 3.565160e-01
350 6.406000e-01 2.492000e-03 3.569080e-01
351 6.402480e-01 2.460000e-03 3.572920e-01
352 6.399560e-01 2.280000e-03 3.577640e-01
353 6.395800e-01 2.308000e-03 3.581120e-01
354 6.392160e-01 2.284000e-03 3.585000e-01
355 6.387960e-01 2.292000e-03 3.589120e-01
356 6.384640e-01 2.240000e-03 3.592960e-01
357 6.381120e-01 2.192000e-03 3.596960e-01
358 6.377960e-01 2.088000e-03 3.601160e-01
359 6.374480e-01 2.088000e-03 3.604640e-01
360 6.371600e-01 1.980000e-03 3.608600e-01
361 6.368520e-01 1.928000e-03 3.612200e-01
362 6.365640e-01 1.852000e-03 3.615840e-01
363 6.363400e-01 1.736000e-03 3.619240e-01
364 6.360880e-01 1.636000e-03 3.622760e-01
365 6.359000e-01 1.544000e-03 3.625560e-01
366 6.357360e-01 1.444000e-03 3.628200e-01
367 6.355400e-01 1.416000e-03 3.630440e-01
368 6.353240e-01 1.436000e-03 3.632400e-01
369 6.350480e-01 1.436000e-03 3.635160e-01
370 6.347680e-01 1.444000e-03 3.637880e-01
371 6.344800e-01 1.496000e-03 3.640240e-01
372 6.341840e-01 1.584000e-03 3.642320e-01
373 6.338960e-01 1.524000e-03 3.645800e-01
374 6.336320e-01 1.476000e-03 3.648920e-01
375 6.333560e-01 1.472000e-03 3.651720e-01
376 6.331680e-01 1.440000e-03 3.653920e-01
377 6.329960e-01 1.348000e-03 3.656560e-01
378 6.327280e-01 1.388000e-03 3.658840e-01
379 6.325400e-01 1.308000e-03 3.661520e-01
380 6.324200e-01 1.196000e-03 3.663840e-01
381 6.322480e-01 1.200000e-03 3.665520e-01
382 6.320720e-01 1.164000e-03 3.667640e-01
383 6.319520e-01 1.096000e-03 3.669520e-01
384 6.317800e-01 1.112000e-03 3.671080e-01
385 6.315800e-01 1.108000e-03 3.673120e-01
386 6.313800e-01 1.136000e-03 3.674840e-01
387 6.311680e-01 1.152000e-03 3.676800e-01
388 6.309320e-01 1.172000e-03 3.678960e-01
389 6.307560e-01 1.124000e-03 3.681200e-01
390 6.306040e-01 1.088000e-03 3.683080e-01
391 6.304160e-01 1.120000e-03 3.684640e-01
392 6.301920e-01 1.148000e-03 3.686600e-01
393 6.299640e-01 1.188000e-03 3.688480e-01
394 6.297680e-01 1.188000e-03 3.690440e-01
395 6.295520e-01 1.204000e-03 3.692440e-01
396 6.293000e-01 1.196000e-03 3.695040e-01
397 6.290240e-01 1.296000e-03 3.696800e-01
398 6.287520e-01 1.316000e-03 3.699320e-01
399 6.284920e-01 1.384000e-03 3.701240e-01
400 6.282280e-01 1.364000e-03 3.704080e-01
401 6.279840e-01 1.384000e-03 3.706320e-01
402 6.277200e-01 1.420000e-03 3.708600e-01
403 6.274800e-01 1.452000e-03 3.710680e-01
404 6.273080e-01 1.356000e-03 3.713360e-01
405 6.271120e-01 1.296000e-03 3.715920e-01
406 6.269720e-01 1.192000e-03 3.718360e-01
407 6.267720e-01 1.180000e-03 3.720480e-01
408 6.265640e-01 1.136000e-03 3.723000e-01
409 6.263560e-01 1.196000e-03 3.724480e-01
410 6.261520e-01 1.192000e-03 3.726560e-01
411 6.259360e-01 1.236000e-03 3.728280e-01
412 6.256760e-01 1.304000e-03 3.730200e-01
413 6.254160e-01 1.360000e-03 3.732240e-01
414 6.251880e-01 1.360000e-03 3.734520e-01
415 6.249680e-01 1.324000e-03 3.737080e-01
416 6.247560e-01 1.364000e-03 3.738800e-01
417 6.245400e-01 1.352000e-03 3.741080e-01
418 6.243760e-01 1.288000e-03 3.743360e-01
419 6.242240e-01 1.212000e-03 3.745640e-01
420 6.240640e-01 1.212000e-03 3.747240e-01
421 6.238800e-01 1.200000e-03 3.749200e-01
422 6.236680e-01 1.172000e-03 3.751600e-01
423 6.234520e-01 1.176000e-03 3.753720e-01
424 6.232360e-01 1.156000e-03 3.756080e-01
425 6.229920e-01 1.176000e-03 3.758320e-01
426 6.227600e-01 1.196000e-03 3.760440e-01
427 6.225680e-01 1.216000e-03 3.762160e-01
428 6.223280e-01 1.256000e-03 3.764160e-01
429 6.220800e-01 1.288000e-03 3.766320e-01
430 6.218840e-01 1.264000e-03 3.768520e-01
431 6.217040e-01 1.184000e-03 3.771120e-01
432 6.215560e-01 1.112000e-03 3.773320e-01
433 6.214000e-01 1.084000e-03 3.775160e-01
434 6.212680e-01 1.016000e-03 3.777160e-01
435 6.210640e-01 1.048000e-03 3.778880e-01
436 6.208920e-01 1.068000e-03 3.780400e-01
437 6.207160e-01 1.052000e-03 3.782320e-01
438 6.205360e-01 1.048000e-03 3.784160e-01
439 6.203200e-01 1.072000e-03 3.786080e-01
440 6.201120e-01 1.060000e-03 3.788280e-01
441 6.199440e-01 1.016000e-03 3.790400e-01
442 6.197120e-01 1.056000e-03 3.792320e-01
443 6.195400e-01 1.044000e-03 3.794160e-01
444 6.193600e-01 1.028000e-03 3.796120e-01
445 6.191360e-01 1.048000e-03 3.798160e-01
446 6.189440e-01 1.064000e-03 3.799920e-01
447 6.187960e-01 9.600000e-04 3.802440e-01
448 6.185760e-01 9.720000e-04 3.804520e-01
449 6.184080e-01 9.760000e-04 3.806160e-01
450 6.182160e-01 9.920000e-04 3.807920e-01
451 6.180200e-01 9.840000e-04 3.809960e-01
452 6.178920e-01 9.240000e-04 3.811840e-01
453 6.176920e-01 9.440000e-04 3.813640e-01
454 6.174960e-01 1.012000e-03 3.814920e-01
455 6.173440e-01 9.880000e-04 3.816680e-01
456 6.171120e-01 1.068000e-03 3.818200e-01
457 6.169400e-01 1.056000e-03 3.820040e-01
458 6.167560e-01 1.080000e-03 3.821640e-01
459 6.166040e-01 1.052000e-03 3.823440e-01
460 6.163960e-01 1.140000e-03 3.824640e-01
461 6.162040e-01 1.136000e-03 3.826600e-01
462 6.160360e-01 1.116000e-03 3.828480e-01
463 6.158720e-01 1.080000e-03 3.830480e-01
464 6.156920e-01 1.104000e-03 3.832040e-01
465 6.155000e-01 1.104000e-03 3.833960e-01
466 6.153040e-01 1.080000e-03 3.836160e-01
467 6.150760e-01 1.148000e-03 3.837760e-01
468 6.148760e-01 1.140000e-03 3.839840e-01
469 6.147320e-01 1.088000e-03 3.841800e-01
470 6.145200e-01 1.076000e-03 3.844040e-01
471 6.143560e-01 1.064000e-03 3.845800e-01
472 6.141840e-01 1.088000e-03 3.847280e-01
473 6.140400e-01 1.052000e-03 3.849080e-01
474 6.139040e-01 1.040000e-03 3.850560e-01
475 6.138080e-01 9.680000e-04 3.852240e-01
476 6.136880e-01 9.640000e-04 3.853480e-01
477 6.135360e-01 9.760000e-04 3.854880e-01
478 6.133440e-01 9.680000e-04 3.856880e-01
479 6.131840e-01 9.840000e-04 3.858320e-01
480 6.130920e-01 8.880000e-04 3.860200e-01
481 6.129800e-01 8.280000e-04 3.861920e-01
482 6.128120e-01 8.200000e-04 3.863680e-01
483 6.126040e-01 8.560000e-04 3.865400e-01
484 6.124640e-01 8.600000e-04 3.866760e-01
485 6.123200e-01 8.360000e-04 3.868440e-01
486 6.121800e-01 8.360000e-04 3.869840e-01
487 6.119640e-01 9.120000e-04 3.871240e-01
488 6.117840e-01 9.400000e-04 3.872760e-01
489 6.115480e-01 1.016000e-03 3.874360e-01
490 6.113160e-01 1.084000e-03 3.876000e-01
491 6.111200e-01 1.112000e-03 3.877680e-01
492 6.109320e-01 1.116000e-03 3.879520e-01
493 6.107160e-01 1.124000e-03 3.881600e-01
494 6.105480e-01 1.108000e-03 3.883440e-01
495 6.103400e-01 1.104000e-03 3.885560e-01
496 6.101320e-01 1.112000e-03 3.887560e-01
497 6.099960e-01 1.060000e-03 3.889440e-01
498 6.098520e-01 1.024000e-03 3.891240e-01
499 6.096960e-01 9.800000e-04 3.893240e-01
500 6.095840e-01 9.440000e-04 3.894720e-01
