1 9.992000e-01 7.160000e-04 8.400000e-05
2 9.986200e-01 1.144000e-03 2.360000e-04
3 9.978920e-01 1.612000e-03 4.960000e-04
4 9.970240e-01 2.120000e-03 8.560000e-04
5 9.960960e-01 2.656000e-03 1.248000e-03
6 9.951480e-01 3.048000e-03 1.804000e-03
7 9.942160e-01 3.436000e-03 2.348000e-03
8 9.930880e-01 3.904000e-03 3.008000e-03
9 9.920080e-01 4.328000e-03 3.664000e-03
10 9.908480e-01 4.744000e-03 4.408000e-03
11 9.896200e-01 5.164000e-03 5.216000e-03
12 9.883920e-01 5.480000e-03 6.128000e-03
13 9.869680e-01 6.032000e-03 7.000000e-03
14 9.855320e-01 6.440000e-03 8.028000e-03
15 9.840120e-01 6.760000e-03 9.228000e-03
16 9.825040e-01 6.976000e-03 1.052000e-02
17 9.808680e-01 7.460000e-03 1.167200e-02
18 9.793640e-01 7.608000e-03 1.302800e-02
19 9.778280e-01 7.904000e-03 1.426800e-02
20 9.762440e-01 7.968000e-03 1.578800e-02
21 9.745680e-01 8.264000e-03 1.716800e-02
22 9.731200e-01 8.204000e-03 1.867600e-02
23 9.716440e-01 8.224000e-03 2.013200e-02
24 9.702240e-01 8.152000e-03 2.162400e-02
25 9.684800e-01 8.532000e-03 2.298800e-02
26 9.668000e-01 8.680000e-03 2.452000e-02
27 9.650920e-01 8.872000e-03 2.603600e-02
28 9.632440e-01 9.052000e-03 2.770400e-02
29 9.614880e-01 9.160000e-03 2.935200e-02
30 9.596000e-01 9.320000e-03 3.108000e-02
31 9.578000e-01 9.408000e-03 3.279200e-02
32 9.558000e-01 9.876000e-03 3.432400e-02
33 9.540440e-01 9.872000e-03 3.608400e-02
34 9.521880e-01 9.976000e-03 3.783600e-02
35 9.499720e-01 1.047200e-02 3.955600e-02
36 9.478720e-01 1.068400e-02 4.144400e-02
37 9.458760e-01 1.068800e-02 4.343600e-02
38 9.439720e-01 1.067600e-02 4.535200e-02
39 9.419080e-01 1.076400e-02 4.732800e-02
40 9.399360e-01 1.084400e-02 4.922000e-02
41 9.379800e-01 1.091200e-02 5.110800e-02
42 9.358680e-01 1.098800e-02 5.314400e-02
43 9.338600e-01 1.111600e-02 5.502400e-02
44 9.318760e-01 1.113200e-02 5.699200e-02
45 9.298720e-01 1.113600e-02 5.899200e-02
46 9.279960e-01 1.108400e-02 6.092000e-02
47 9.259680e-01 1.107600e-02 6.295600e-02
48 9.238680e-01 1.123600e-02 6.489600e-02
49 9.219000e-01 1.137200e-02 6.672800e-02
50 9.196000e-01 1.172000e-02 6.868000e-02
51 9.173880e-01 1.187600e-02 7.073600e-02
52 9.152840e-01 1.184000e-02 7.287600e-02
53 9.130960e-01 1.198400e-02 7.492000e-02
54 9.111440e-01 1.198000e-02 7.687600e-02
55 9.089840e-01 1.206400e-02 7.895200e-02
56 9.067320e-01 1.231600e-02 8.095200e-02
57 9.043320e-01 1.269600e-02 8.297200e-02
58 9.021680e-01 1.251200e-02 8.532000e-02
59 8.998360e-01 1.261200e-02 8.755200e-02
60 8.975720e-01 1.264000e-02 8.978800e-02
61 8.953280e-01 1.275600e-02 9.191600e-02
62 8.932040e-01 1.263600e-02 9.416000e-02
63 8.910160e-01 1.275200e-02 9.623200e-02
64 8.889880e-01 1.269600e-02 9.831600e-02
65 8.870640e-01 1.240800e-02 1.005280e-01
66 8.850040e-01 1.236400e-02 1.026320e-01
67 8.828200e-01 1.244400e-02 1.047360e-01
68 8.808560e-01 1.234800e-02 1.067960e-01
69 8.785640e-01 1.245600e-02 1.089800e-01
70 8.766040e-01 1.233600e-02 1.110600e-01
71 8.745800e-01 1.225200e-02 1.131680e-01
72 8.724080e-01 1.240800e-02 1.151840e-01
73 8.701760e-01 1.252000e-02 1.173040e-01
74 8.681280e-01 1.222000e-02 1.196520e-01
75 8.660720e-01 1.212800e-02 1.218000e-01
76 8.640600e-01 1.191200e-02 1.240280e-01
77 8.620120e-01 1.179200e-02 1.261960e-01
78 8.598800e-01 1.192400e-02 1.281960e-01
79 8.577680e-01 1.193200e-02 1.303000e-01
80 8.554960e-01 1.213600e-02 1.323680e-01
81 8.532800e-01 1.217200e-02 1.345480e-01
82 8.513520e-01 1.194000e-02 1.367080e-01
83 8.494960e-01 1.155600e-02 1.389480e-01
84 8.474520e-01 1.154800e-02 1.410000e-01
85 8.453480e-01 1.162800e-02 1.430240e-01
86 8.432800e-01 1.170800e-02 1.450120e-01
87 8.412720e-01 1.176400e-02 1.469640e-01
88 8.391520e-01 1.196800e-02 1.488800e-01
89 8.371560e-01 1.186000e-02 1.509840e-01
90 8.350400e-01 1.194400e-02 1.530160e-01
91 8.329720e-01 1.197600e-02 1.550520e-01
92 8.309680e-01 1.186800e-02 1.571640e-01
93 8.287240e-01 1.192400e-02 1.593520e-01
94 8.267520e-01 1.191600e-02 1.613320e-01
95 8.249240e-01 1.171600e-02 1.633600e-01
96 8.230040e-01 1.160400e-02 1.653920e-01
97 8.209480e-01 1.170000e-02 1.673520e-01
98 8.188480e-01 1.179200e-02 1.693600e-01
99 8.168000e-01 1.182400e-02 1.713760e-01
100 8.147000e-01 1.168000e-02 1.736200e-01
101 8.126520e-01 1.171200e-02 1.756360e-01
102 8.107800e-01 1.158000e-02 1.776400e-01
103 8.087920e-01 1.152400e-02 1.796840e-01
104 8.067120e-01 1.158400e-02 1.817040e-01
105 8.047200e-01 1.159600e-02 1.836840e-01
106 8.026920e-01 1.161200e-02 1.856960e-01
107 8.007400e-01 1.159200e-02 1.876680e-01
108 7.988760e-01 1.147600e-02 1.896480e-01
109 7.966960e-01 1.178400e-02 1.915200e-01
110 7.945400e-01 1.166400e-02 1.937960e-01
111 7.926240e-01 1.161600e-02 1.957600e-01
112 7.906600e-01 1.156800e-02 1.977720e-01
113 7.887120e-01 1.152000e-02 1.997680e-01
114 7.868080e-01 1.139200e-02 2.018000e-01
115 7.850040e-01 1.132000e-02 2.036760e-01
116 7.829800e-01 1.141600e-02 2.056040e-01
117 7.811000e-01 1.128400e-02 2.076160e-01
118 7.792120e-01 1.125600e-02 2.095320e-01
119 7.773320e-01 1.116400e-02 2.115040e-01
120 7.754120e-01 1.112000e-02 2.134680e-01
121 7.734640e-01 1.110400e-02 2.154320e-01
122 7.715800e-01 1.112800e-02 2.172920e-01
123 7.695680e-01 1.122000e-02 2.192120e-01
124 7.676360e-01 1.113600e-02 2.212280e-01
125 7.657200e-01 1.110800e-02 2.231720e-01
126 7.636360e-01 1.121200e-02 2.251520e-01
127 7.615880e-01 1.152800e-02 2.268840e-01
128 7.595320e-01 1.152000e-02 2.289480e-01
129 7.574880e-01 1.159200e-02 2.309200e-01
130 7.553880e-01 1.172800e-02 2.328840e-01
131 7.534080e-01 1.160400e-02 2.349880e-01
132 7.512720e-01 1.177200e-02 2.369560e-01
133 7.490680e-01 1.207200e-02 2.388600e-01
134 7.467960e-01 1.229200e-02 2.409120e-01
135 7.444200e-01 1.244800e-02 2.431320e-01
136 7.422080e-01 1.252400e-02 2.452680e-01
137 7.400440e-01 1.260800e-02 2.473480e-01
138 7.378440e-01 1.258800e-02 2.495680e-01
139 7.356280e-01 1.261600e-02 2.517560e-01
140 7.335520e-01 1.244000e-02 2.540080e-01
141 7.316440e-01 1.230800e-02 2.560480e-01
142 7.297640e-01 1.190800e-02 2.583280e-01
143 7.277720e-01 1.185600e-02 2.603720e-01
144 7.258600e-01 1.169600e-02 2.624440e-01
145 7.239360e-01 1.152800e-02 2.645360e-01
146 7.220560e-01 1.130800e-02 2.666360e-01
147 7.202960e-01 1.114000e-02 2.685640e-01
148 7.183160e-01 1.114400e-02 2.705400e-01
149 7.164320e-01 1.105600e-02 2.725120e-01
150 7.147200e-01 1.082000e-02 2.744600e-01
151 7.130400e-01 1.054000e-02 2.764200e-01
152 7.113400e-01 1.051600e-02 2.781440e-01
153 7.097040e-01 1.033600e-02 2.799600e-01
154 7.080320e-01 1.019600e-02 2.817720e-01
155 7.063880e-01 1.023600e-02 2.833760e-01
156 7.047400e-01 9.976000e-03 2.852840e-01
157 7.031680e-01 9.876000e-03 2.869560e-01
158 7.015720e-01 9.748000e-03 2.886800e-01
159 7.001200e-01 9.524000e-03 2.903560e-01
160 6.985520e-01 9.464000e-03 2.919840e-01
161 6.971880e-01 9.116000e-03 2.936960e-01
162 6.957200e-01 8.932000e-03 2.953480e-01
163 6.942840e-01 8.772000e-03 2.969440e-01
164 6.928800e-01 8.604000e-03 2.985160e-01
165 6.915440e-01 8.436000e-03 3.000200e-01
166 6.902640e-01 8.244000e-03 3.014920e-01
167 6.890080e-01 8.100000e-03 3.028920e-01
168 6.877760e-01 7.992000e-03 3.042320e-01
169 6.865800e-01 7.760000e-03 3.056600e-01
170 6.854120e-01 7.640000e-03 3.069480e-01
171 6.842920e-01 7.396000e-03 3.083120e-01
172 6.832920e-01 7.064000e-03 3.096440e-01
173 6.822320e-01 6.956000e-03 3.108120e-01
174 6.809560e-01 7.088000e-03 3.119560e-01
175 6.797440e-01 7.132000e-03 3.131240e-01
176 6.785640e-01 7.132000e-03 3.143040e-01
177 6.772880e-01 7.136000e-03 3.155760e-01
178 6.760000e-01 7.184000e-03 3.168160e-01
179 6.747720e-01 7.156000e-03 3.180720e-01
180 6.735880e-01 7.100000e-03 3.193120e-01
181 6.724320e-01 6.992000e-03 3.205760e-01
182 6.712280e-01 6.932000e-03 3.218400e-01
183 6.700480e-01 6.792000e-03 3.231600e-01
184 6.688080e-01 6.828000e-03 3.243640e-01
185 6.678040e-01 6.632000e-03 3.255640e-01
186 6.667720e-01 6.580000e-03 3.266480e-01
187 6.657880e-01 6.536000e-03 3.276760e-01
188 6.647480e-01 6.356000e-03 3.288960e-01
189 6.638360e-01 6.152000e-03 3.300120e-01
190 6.627560e-01 6.236000e-03 3.310080e-01
191 6.617640e-01 6.240000e-03 3.319960e-01
192 6.607560e-01 6.180000e-03 3.330640e-01
193 6.597240e-01 6.072000e-03 3.342040e-01
194 6.588440e-01 5.848000e-03 3.353080e-01
195 6.578600e-01 5.792000e-03 3.363480e-01
196 6.570960e-01 5.508000e-03 3.373960e-01
197 6.562280e-01 5.312000e-03 3.384600e-01
198 6.554840e-01 5.084000e-03 3.394320e-01
199 6.546120e-01 5.096000e-03 3.402920e-01
200 6.537400e-01 5.064000e-03 3.411960e-01
201 6.529680e-01 5.032000e-03 3.420000e-01
202 6.521440e-01 4.972000e-03 3.428840e-01
203 6.512360e-01 5.000000e-03 3.437640e-01
204 6.503480e-01 4.884000e-03 3.447680e-01
205 6.495120e-01 4.992000e-03 3.454960e-01
206 6.486440e-01 5.072000e-03 3.462840e-01
207 6.478360e-01 4.936000e-03 3.472280e-01
208 6.470280e-01 4.900000e-03 3.480720e-01
209 6.461880e-01 4.948000e-03 3.488640e-01
210 6.454400e-01 4.844000e-03 3.497160e-01
211 6.446080e-01 4.820000e-03 3.505720e-01
212 6.437520e-01 4.872000e-03 3.513760e-01
213 6.427960e-01 5.004000e-03 3.522000e-01
214 6.418800e-01 5.056000e-03 3.530640e-01
215 6.411000e-01 4.904000e-03 3.539960e-01
216 6.402960e-01 4.920000e-03 3.547840e-01
217 6.394640e-01 4.916000e-03 3.556200e-01
218 6.385560e-01 4.916000e-03 3.565280e-01
219 6.377800e-01 4.852000e-03 3.573680e-01
220 6.369920e-01 4.768000e-03 3.582400e-01
221 6.360760e-01 4.812000e-03 3.591120e-01
222 6.352440e-01 4.724000e-03 3.600320e-01
223 6.344360e-01 4.684000e-03 3.608800e-01
224 6.335720e-01 4.740000e-03 3.616880e-01
225 6.327880e-01 4.628000e-03 3.625840e-01
226 6.319480e-01 4.648000e-03 3.634040e-01
227 6.310720e-01 4.708000e-03 3.642200e-01
228 6.301480e-01 4.812000e-03 3.650400e-01
229 6.293360e-01 4.852000e-03 3.658120e-01
230 6.284600e-01 4.888000e-03 3.666520e-01
231 6.276000e-01 4.880000e-03 3.675200e-01
232 6.268120e-01 4.832000e-03 3.683560e-01
233 6.261440e-01 4.704000e-03 3.691520e-01
234 6.253320e-01 4.816000e-03 3.698520e-01
235 6.245920e-01 4.740000e-03 3.706680e-01
236 6.237840e-01 4.668000e-03 3.715480e-01
237 6.229200e-01 4.672000e-03 3.724080e-01
238 6.219520e-01 4.768000e-03 3.732800e-01
239 6.212000e-01 4.648000e-03 3.741520e-01
240 6.204560e-01 4.592000e-03 3.749520e-01
241 6.197200e-01 4.588000e-03 3.756920e-01
242 6.189800e-01 4.576000e-03 3.764440e-01
243 6.182480e-01 4.500000e-03 3.772520e-01
244 6.174640e-01 4.496000e-03 3.780400e-01
245 6.166960e-01 4.468000e-03 3.788360e-01
246 6.159640e-01 4.392000e-03 3.796440e-01
247 6.152000e-01 4.404000e-03 3.803960e-01
248 6.143280e-01 4.524000e-03 3.811480e-01
249 6.135960e-01 4.472000e-03 3.819320e-01
250 6.128720e-01 4.380000e-03 3.827480e-01
251 6.122960e-01 4.284000e-03 3.834200e-01
252 6.116840e-01 4.116000e-03 3.842000e-01
253 6.110520e-01 4.080000e-03 3.848680e-01
254 6.102960e-01 4.124000e-03 3.855800e-01
255 6.096120e-01 4.008000e-03 3.863800e-01
256 6.088800e-01 4.064000e-03 3.870560e-01
257 6.082440e-01 3.992000e-03 3.877640e-01
258 6.077040e-01 3.816000e-03 3.884800e-01
259 6.071360e-01 3.728000e-03 3.891360e-01
260 6.066120e-01 3.552000e-03 3.898360e-01
261 6.060080e-01 3.576000e-03 3.904160e-01
262 6.053720e-01 3.580000e-03 3.910480e-01
263 6.047200e-01 3.596000e-03 3.916840e-01
264 6.041760e-01 3.564000e-03 3.922600e-01
265 6.036120e-01 3.504000e-03 3.928840e-01
266 6.030120e-01 3.592000e-03 3.933960e-01
267 6.024360e-01 3.524000e-03 3.940400e-01
268 6.018800e-01 3.464000e-03 3.946560e-01
269 6.013240e-01 3.400000e-03 3.952760e-01
270 6.006360e-01 3.520000e-03 3.958440e-01
271 5.999680e-01 3.620000e-03 3.964120e-01
272 5.994400e-01 3.504000e-03 3.970560e-01
273 5.988680e-01 3.504000e-03 3.976280e-01
274 5.983400e-01 3.440000e-03 3.982200e-01
275 5.978080e-01 3.268000e-03 3.989240e-01
276 5.972640e-01 3.244000e-03 3.994920e-01
277 5.967440e-01 3.280000e-03 3.999760e-01
278 5.962240e-01 3.316000e-03 4.004600e-01
279 5.956800e-01 3.304000e-03 4.010160e-01
280 5.951280e-01 3.300000e-03 4.015720e-01
281 5.945640e-01 3.292000e-03 4.021440e-01
282 5.940440e-01 3.220000e-03 4.027360e-01
283 5.935560e-01 3.128000e-03 4.033160e-01
284 5.930960e-01 3.036000e-03 4.038680e-01
285 5.926160e-01 2.944000e-03 4.044400e-01
286 5.921240e-01 2.872000e-03 4.050040e-01
287 5.916320e-01 2.808000e-03 4.055600e-01
288 5.911960e-01 2.756000e-03 4.060480e-01
289 5.906320e-01 2.848000e-03 4.065200e-01
290 5.901800e-01 2.680000e-03 4.071400e-01
291 5.896600e-01 2.728000e-03 4.076120e-01
292 5.891400e-01 2.760000e-03 4.081000e-01
293 5.886400e-01 2.764000e-03 4.085960e-01
294 5.881440e-01 2.836000e-03 4.090200e-01
295 5.876080e-01 2.884000e-03 4.095080e-01
296 5.871560e-01 2.800000e-03 4.100440e-01
297 5.866800e-01 2.832000e-03 4.104880e-01
298 5.862280e-01 2.852000e-03 4.109200e-01
299 5.857760e-01 2.876000e-03 4.113480e-01
300 5.853520e-01 2.844000e-03 4.118040e-01
301 5.848600e-01 2.756000e-03 4.123840e-01
302 5.844560e-01 2.724000e-03 4.128200e-01
303 5.840760e-01 2.652000e-03 4.132720e-01
304 5.837720e-01 2.464000e-03 4.137640e-01
305 5.833400e-01 2.484000e-03 4.141760e-01
306 5.829400e-01 2.364000e-03 4.146960e-01
307 5.825280e-01 2.380000e-03 4.150920e-01
308 5.821400e-01 2.420000e-03 4.154400e-01
309 5.817000e-01 2.428000e-03 4.158720e-01
310 5.811720e-01 2.568000e-03 4.162600e-01
311 5.806320e-01 2.664000e-03 4.167040e-01
312 5.801120e-01 2.680000e-03 4.172080e-01
313 5.796080e-01 2.724000e-03 4.176680e-01
314 5.791160e-01 2.788000e-03 4.180960e-01
315 5.786200e-01 2.836000e-03 4.185440e-01
316 5.780960e-01 2.788000e-03 4.191160e-01
317 5.775920e-01 2.796000e-03 4.196120e-01
318 5.771080e-01 2.780000e-03 4.201120e-01
319 5.765640e-01 2.888000e-03 4.205480e-01
320 5.760120e-01 3.024000e-03 4.209640e-01
321 5.755000e-01 3.008000e-03 4.214920e-01
322 5.749160e-01 3.128000e-03 4.219560e-01
323 5.743160e-01 3.104000e-03 4.225800e-01
324 5.738120e-01 3.028000e-03 4.231600e-01
325 5.733600e-01 3.036000e-03 4.236040e-01
326 5.727160e-01 3.188000e-03 4.240960e-01
327 5.722000e-01 3.172000e-03 4.246280e-01
328 5.715960e-01 3.192000e-03 4.252120e-01
329 5.711000e-01 3.180000e-03 4.257200e-01
330 5.704520e-01 3.276000e-03 4.262720e-01
331 5.699800e-01 3.144000e-03 4.268760e-01
332 5.694240e-01 3.220000e-03 4.273560e-01
333 5.688680e-01 3.156000e-03 4.279760e-01
334 5.683960e-01 3.120000e-03 4.284840e-01
335 5.679080e-01 3.116000e-03 4.289760e-01
336 5.674280e-01 3.056000e-03 4.295160e-01
337 5.668600e-01 3.152000e-03 4.299880e-01
338 5.663160e-01 3.220000e-03 4.304640e-01
339 5.658040e-01 3.136000e-03 4.310600e-01
340 5.653160e-01 3.064000e-03 4.316200e-01
341 5.648200e-01 2.988000e-03 4.321920e-01
342 5.643200e-01 2.844000e-03 4.328360e-01
343 5.639600e-01 2.648000e-03 4.333920e-01
344 5.634880e-01 2.740000e-03 4.337720e-01
345 5.631360e-01 2.664000e-03 4.342000e-01
346 5.627720e-01 2.532000e-03 4.346960e-01
347 5.624280e-01 2.432000e-03 4.351400e-01
348 5.620520e-01 2.384000e-03 4.355640e-01
349 5.616880e-01 2.336000e-03 4.359760e-01
350 5.614080e-01 2.180000e-03 4.364120e-01
351 5.610960e-01 2.100000e-03 4.368040e-01
352 5.608240e-01 2.024000e-03 4.371520e-01
353 5.605360e-01 1.988000e-03 4.374760e-01
354 5.602520e-01 1.876000e-03 4.378720e-01
355 5.600120e-01 1.764000e-03 4.382240e-01
356 5.597320e-01 1.748000e-03 4.385200e-01
357 5.594360e-01 1.760000e-03 4.388040e-01
358 5.592160e-01 1.688000e-03 4.390960e-01
359 5.589400e-01 1.728000e-03 4.393320e-01
360 5.586400e-01 1.716000e-03 4.396440e-01
361 5.584120e-01 1.672000e-03 4.399160e-01
362 5.581400e-01 1.692000e-03 4.401680e-01
363 5.578680e-01 1.644000e-03 4.404880e-01
364 5.576320e-01 1.596000e-03 4.407720e-01
365 5.573680e-01 1.600000e-03 4.410320e-01
366 5.570560e-01 1.620000e-03 4.413240e-01
367 5.568280e-01 1.524000e-03 4.416480e-01
368 5.565880e-01 1.524000e-03 4.418880e-01
369 5.563440e-01 1.500000e-03 4.421560e-01
370 5.560720e-01 1.548000e-03 4.423800e-01
371 5.558040e-01 1.532000e-03 4.426640e-01
372 5.555400e-01 1.568000e-03 4.428920e-01
373 5.553080e-01 1.548000e-03 4.431440e-01
374 5.549880e-01 1.524000e-03 4.434880e-01
375 5.547080e-01 1.520000e-03 4.437720e-01
376 5.544960e-01 1.520000e-03 4.439840e-01
377 5.542360e-01 1.512000e-03 4.442520e-01
378 5.539720e-01 1.528000e-03 4.445000e-01
379 5.537200e-01 1.540000e-03 4.447400e-01
380 5.534480e-01 1.532000e-03 4.450200e-01
381 5.532360e-01 1.496000e-03 4.452680e-01
382 5.530160e-01 1.428000e-03 4.455560e-01
383 5.528000e-01 1.384000e-03 4.458160e-01
384 5.525720e-01 1.412000e-03 4.460160e-01
385 5.523040e-01 1.436000e-03 4.462600e-01
386 5.520440e-01 1.444000e-03 4.465120e-01
387 5.518200e-01 1.432000e-03 4.467480e-01
388 5.515240e-01 1.444000e-03 4.470320e-01
389 5.513200e-01 1.432000e-03 4.472480e-01
390 5.510560e-01 1.448000e-03 4.474960e-01
391 5.507960e-01 1.476000e-03 4.477280e-01
392 5.505280e-01 1.480000e-03 4.479920e-01
393 5.502000e-01 1.584000e-03 4.482160e-01
394 5.499320e-01 1.564000e-03 4.485040e-01
395 5.497280e-01 1.492000e-03 4.487800e-01
396 5.495240e-01 1.436000e-03 4.490400e-01
397 5.492720e-01 1.456000e-03 4.492720e-01
398 5.490200e-01 1.428000e-03 4.495520e-01
399 5.488240e-01 1.416000e-03 4.497600e-01
400 5.486280e-01 1.356000e-03 4.500160e-01
401 5.484400e-01 1.304000e-03 4.502560e-01
402 5.482440e-01 1.328000e-03 4.504280e-01
403 5.479920e-01 1.360000e-03 4.506480e-01
404 5.478120e-01 1.312000e-03 4.508760e-01
405 5.475840e-01 1.336000e-03 4.510800e-01
406 5.473400e-01 1.376000e-03 4.512840e-01
407 5.471280e-01 1.348000e-03 4.515240e-01
408 5.469120e-01 1.316000e-03 4.517720e-01
409 5.467240e-01 1.328000e-03 4.519480e-01
410 5.465360e-01 1.300000e-03 4.521640e-01
411 5.463240e-01 1.324000e-03 4.523520e-01
412 5.461040e-01 1.324000e-03 4.525720e-01
413 5.458920e-01 1.324000e-03 4.527840e-01
414 5.457120e-01 1.280000e-03 4.530080e-01
415 5.455840e-01 1.180000e-03 4.532360e-01
416 5.454040e-01 1.136000e-03 4.534600e-01
417 5.452600e-01 1.136000e-03 4.536040e-01
418 5.450800e-01 1.088000e-03 4.538320e-01
419 5.449080e-01 1.048000e-03 4.540440e-01
420 5.447400e-01 1.052000e-03 4.542080e-01
421 5.445440e-01 1.048000e-03 4.544080e-01
422 5.444160e-01 9.920000e-04 4.545920e-01
423 5.442640e-01 1.016000e-03 4.547200e-01
424 5.441040e-01 9.920000e-04 4.549040e-01
425 5.439400e-01 9.880000e-04 4.550720e-01
426 5.437880e-01 9.200000e-04 4.552920e-01
427 5.436440e-01 9.080000e-04 4.554480e-01
428 5.434440e-01 9.400000e-04 4.556160e-01
429 5.432920e-01 9.080000e-04 4.558000e-01
430 5.431480e-01 9.120000e-04 4.559400e-01
431 5.429760e-01 9.360000e-04 4.560880e-01
432 5.428600e-01 9.280000e-04 4.562120e-01
433 5.427200e-01 8.760000e-04 4.564040e-01
434 5.425440e-01 8.960000e-04 4.565600e-01
435 5.424240e-01 8.880000e-04 4.566880e-01
436 5.422920e-01 8.400000e-04 4.568680e-01
437 5.421280e-01 8.840000e-04 4.569880e-01
438 5.419480e-01 9.160000e-04 4.571360e-01
439 5.417480e-01 9.640000e-04 4.572880e-01
440 5.415320e-01 1.008000e-03 4.574600e-01
441 5.413440e-01 1.016000e-03 4.576400e-01
442 5.411480e-01 1.012000e-03 4.578400e-01
443 5.409600e-01 1.044000e-03 4.579960e-01
444 5.407680e-01 1.080000e-03 4.581520e-01
445 5.406040e-01 1.112000e-03 4.582840e-01
446 5.404880e-01 1.036000e-03 4.584760e-01
447 5.402960e-01 1.080000e-03 4.586240e-01
448 5.401280e-01 1.096000e-03 4.587760e-01
449 5.399640e-01 1.040000e-03 4.589960e-01
450 5.397800e-01 1.032000e-03 4.591880e-01
451 5.396240e-01 1.004000e-03 4.593720e-01
452 5.394600e-01 9.960000e-04 4.595440e-01
453 5.392960e-01 9.760000e-04 4.597280e-01
454 5.391080e-01 9.800000e-04 4.599120e-01
455 5.389160e-01 1.004000e-03 4.600800e-01
456 5.387200e-01 9.880000e-04 4.602920e-01
457 5.385400e-01 9.240000e-04 4.605360e-01
458 5.383840e-01 9.280000e-04 4.606880e-01
459 5.382240e-01 9.160000e-04 4.608600e-01
460 5.380480e-01 9.360000e-04 4.610160e-01
461 5.378560e-01 1.000000e-03 4.611440e-01
462 5.376640e-01 9.840000e-04 4.613520e-01
463 5.374800e-01 9.920000e-04 4.615280e-01
464 5.373400e-01 9.800000e-04 4.616800e-01
465 5.371760e-01 9.400000e-04 4.618840e-01
466 5.370800e-01 8.680000e-04 4.620520e-01
467 5.369720e-01 8.560000e-04 4.621720e-01
468 5.369000e-01 8.160000e-04 4.622840e-01
469 5.366960e-01 8.960000e-04 4.624080e-01
470 5.365760e-01 8.240000e-04 4.626000e-01
471 5.364080e-01 8.400000e-04 4.627520e-01
472 5.362560e-01 8.320000e-04 4.629120e-01
473 5.361320e-01 8.280000e-04 4.630400e-01
474 5.359920e-01 8.320000e-04 4.631760e-01
475 5.358160e-01 9.120000e-04 4.632720e-01
476 5.356400e-01 9.240000e-04 4.634360e-01
477 5.355120e-01 8.360000e-04 4.636520e-01
478 5.353880e-01 8.120000e-04 4.638000e-01
479 5.352680e-01 7.560000e-04 4.639760e-01
480 5.351560e-01 7.200000e-04 4.641240e-01
481 5.350320e-01 7.320000e-04 4.642360e-01
482 5.348880e-01 7.800000e-04 4.643320e-01
483 5.347080e-01 8.440000e-04 4.644480e-01
484 5.345560e-01 8.320000e-04 4.646120e-01
485 5.344720e-01 7.920000e-04 4.647360e-01
486 5.343440e-01 7.880000e-04 4.648680e-01
487 5.342720e-01 7.120000e-04 4.650160e-01
488 5.341200e-01 7.240000e-04 4.651560e-01
489 5.339800e-01 6.920000e-04 4.653280e-01
490 5.338640e-01 7.000000e-04 4.654360e-01
491 5.337440e-01 7.040000e-04 4.655520e-01
492 5.336240e-01 6.960000e-04 4.656800e-01
493 5.334840e-01 6.720000e-04 4.658440e-01
494 5.333400e-01 6.600000e-04 4.660000e-01
495 5.331800e-01 6.840000e-04 4.661360e-01
496 5.330760e-01 6.520000e-04 4.662720e-01
497 5.329840e-01 6.640000e-04 4.663520e-01
498 5.328920e-01 6.480000e-04 4.664600e-01
499 5.328120e-01 6.200000e-04 4.665680e-01
500 5.327240e-01 5.920000e-04 4.666840e-01
