1 9.991280e-01 7.840000e-04 8.800000e-05
2 9.985000e-01 1.256000e-03 2.440000e-04
3 9.977840e-01 1.712000e-03 5.040000e-04
4 9.969080e-01 2.204000e-03 8.880000e-04
5 9.961480e-01 2.528000e-03 1.324000e-03
6 9.951560e-01 3.084000e-03 1.760000e-03
7 9.941400e-01 3.520000e-03 2.340000e-03
8 9.931400e-01 3.896000e-03 2.964000e-03
9 9.922360e-01 4.032000e-03 3.732000e-03
10 9.911960e-01 4.292000e-03 4.512000e-03
11 9.901280e-01 4.504000e-03 5.368000e-03
12 9.890800e-01 4.748000e-03 6.172000e-03
13 9.879280e-01 5.048000e-03 7.024000e-03
14 9.867360e-01 5.416000e-03 7.848000e-03
15 9.854880e-01 5.728000e-03 8.784000e-03
16 9.842840e-01 5.908000e-03 9.808000e-03
17 9.829680e-01 6.204000e-03 1.082800e-02
18 9.815840e-01 6.460000e-03 1.195600e-02
19 9.801360e-01 6.832000e-03 1.303200e-02
20 9.787200e-01 7.140000e-03 1.414000e-02
21 9.773440e-01 7.120000e-03 1.553600e-02
22 9.759000e-01 7.320000e-03 1.678000e-02
23 9.743200e-01 7.624000e-03 1.805600e-02
24 9.730360e-01 7.560000e-03 1.940400e-02
25 9.716040e-01 7.688000e-03 2.070800e-02
26 9.701200e-01 7.832000e-03 2.204800e-02
27 9.686400e-01 8.104000e-03 2.325600e-02
28 9.670400e-01 8.456000e-03 2.450400e-02
29 9.652960e-01 8.628000e-03 2.607600e-02
30 9.637560e-01 8.636000e-03 2.760800e-02
31 9.620360e-01 8.888000e-03 2.907600e-02
32 9.601960e-01 9.120000e-03 3.068400e-02
33 9.583880e-01 9.304000e-03 3.230800e-02
34 9.567200e-01 9.300000e-03 3.398000e-02
35 9.550000e-01 9.440000e-03 3.556000e-02
36 9.532200e-01 9.608000e-03 3.717200e-02
37 9.515520e-01 9.688000e-03 3.876000e-02
38 9.496680e-01 9.772000e-03 4.056000e-02
39 9.479800e-01 9.828000e-03 4.219200e-02
40 9.463760e-01 9.768000e-03 4.385600e-02
41 9.445720e-01 9.776000e-03 4.565200e-02
42 9.428520e-01 9.860000e-03 4.728800e-02
43 9.410080e-01 9.940000e-03 4.905200e-02
44 9.392560e-01 9.876000e-03 5.086800e-02
45 9.376120e-01 9.648000e-03 5.274000e-02
46 9.359360e-01 9.628000e-03 5.443600e-02
47 9.342440e-01 9.688000e-03 5.606800e-02
48 9.324640e-01 9.728000e-03 5.780800e-02
49 9.304960e-01 9.848000e-03 5.965600e-02
50 9.287480e-01 9.932000e-03 6.132000e-02
51 9.269120e-01 9.960000e-03 6.312800e-02
52 9.252160e-01 9.900000e-03 6.488400e-02
53 9.234480e-01 1.002400e-02 6.652800e-02
54 9.216720e-01 1.000000e-02 6.832800e-02
55 9.198680e-01 1.008000e-02 7.005200e-02
56 9.182360e-01 1.006000e-02 7.170400e-02
57 9.163560e-01 1.026400e-02 7.338000e-02
58 9.146160e-01 1.013200e-02 7.525200e-02
59 9.126680e-01 1.024000e-02 7.709200e-02
60 9.109560e-01 1.013600e-02 7.890800e-02
61 9.091640e-01 1.010000e-02 8.073600e-02
62 9.073120e-01 1.029600e-02 8.239200e-02
63 9.052600e-01 1.058400e-02 8.415600e-02
64 9.033320e-01 1.060400e-02 8.606400e-02
65 9.013240e-01 1.082400e-02 8.785200e-02
66 8.991720e-01 1.113200e-02 8.969600e-02
67 8.973000e-01 1.119600e-02 9.150400e-02
68 8.952440e-01 1.128400e-02 9.347200e-02
69 8.930360e-01 1.160800e-02 9.535600e-02
70 8.908800e-01 1.174400e-02 9.737600e-02
71 8.889040e-01 1.167200e-02 9.942400e-02
72 8.868600e-01 1.174000e-02 1.014000e-01
73 8.848520e-01 1.164400e-02 1.035040e-01
74 8.828400e-01 1.160800e-02 1.055520e-01
75 8.809440e-01 1.146800e-02 1.075880e-01
76 8.791480e-01 1.124800e-02 1.096040e-01
77 8.772680e-01 1.108800e-02 1.116440e-01
78 8.754600e-01 1.086400e-02 1.136760e-01
79 8.736360e-01 1.086000e-02 1.155040e-01
80 8.718400e-01 1.078400e-02 1.173760e-01
81 8.701160e-01 1.060400e-02 1.192800e-01
82 8.684200e-01 1.042000e-02 1.211600e-01
83 8.667360e-01 1.020800e-02 1.230560e-01
84 8.650640e-01 1.016400e-02 1.247720e-01
85 8.632800e-01 1.020800e-02 1.265120e-01
86 8.614600e-01 1.021600e-02 1.283240e-01
87 8.596320e-01 1.035600e-02 1.300120e-01
88 8.579920e-01 1.024000e-02 1.317680e-01
89 8.564560e-01 1.001200e-02 1.335320e-01
90 8.548080e-01 9.900000e-03 1.352920e-01
91 8.532320e-01 9.796000e-03 1.369720e-01
92 8.516560e-01 9.676000e-03 1.386680e-01
93 8.500480e-01 9.596000e-03 1.403560e-01
94 8.483960e-01 9.488000e-03 1.421160e-01
95 8.469320e-01 9.260000e-03 1.438080e-01
96 8.454280e-01 9.020000e-03 1.455520e-01
97 8.438320e-01 8.992000e-03 1.471760e-01
98 8.421080e-01 9.080000e-03 1.488120e-01
99 8.404680e-01 9.164000e-03 1.503680e-01
100 8.387280e-01 9.264000e-03 1.520080e-01
101 8.371240e-01 9.300000e-03 1.535760e-01
102 8.353560e-01 9.356000e-03 1.552880e-01
103 8.338280e-01 9.368000e-03 1.568040e-01
104 8.322640e-01 9.252000e-03 1.584840e-01
105 8.307280e-01 9.204000e-03 1.600680e-01
106 8.292240e-01 9.056000e-03 1.617200e-01
107 8.277080e-01 9.020000e-03 1.632720e-01
108 8.262440e-01 8.816000e-03 1.649400e-01
109 8.246280e-01 8.956000e-03 1.664160e-01
110 8.230080e-01 9.024000e-03 1.679680e-01
111 8.213400e-01 9.144000e-03 1.695160e-01
112 8.200120e-01 8.892000e-03 1.710960e-01
113 8.187480e-01 8.512000e-03 1.727400e-01
114 8.173640e-01 8.500000e-03 1.741360e-01
115 8.158000e-01 8.488000e-03 1.757120e-01
116 8.144160e-01 8.360000e-03 1.772240e-01
117 8.129680e-01 8.236000e-03 1.787960e-01
118 8.115360e-01 8.132000e-03 1.803320e-01
119 8.102520e-01 8.044000e-03 1.817040e-01
120 8.087800e-01 8.164000e-03 1.830560e-01
121 8.073520e-01 8.224000e-03 1.844240e-01
122 8.059160e-01 8.228000e-03 1.858560e-01
123 8.044120e-01 8.428000e-03 1.871600e-01
124 8.029440e-01 8.328000e-03 1.887280e-01
125 8.015640e-01 8.284000e-03 1.901520e-01
126 8.002720e-01 8.180000e-03 1.915480e-01
127 7.989920e-01 8.036000e-03 1.929720e-01
128 7.976880e-01 7.896000e-03 1.944160e-01
129 7.964080e-01 7.804000e-03 1.957880e-01
130 7.950280e-01 7.792000e-03 1.971800e-01
131 7.936080e-01 7.836000e-03 1.985560e-01
132 7.921840e-01 7.932000e-03 1.998840e-01
133 7.907400e-01 8.032000e-03 2.012280e-01
134 7.894120e-01 8.016000e-03 2.025720e-01
135 7.880240e-01 7.968000e-03 2.040080e-01
136 7.866800e-01 7.936000e-03 2.053840e-01
137 7.852680e-01 7.828000e-03 2.069040e-01
138 7.839960e-01 7.664000e-03 2.083400e-01
139 7.825920e-01 7.760000e-03 2.096480e-01
140 7.813200e-01 7.660000e-03 2.110200e-01
141 7.800920e-01 7.592000e-03 2.123160e-01
142 7.789320e-01 7.464000e-03 2.136040e-01
143 7.776480e-01 7.400000e-03 2.149520e-01
144 7.764200e-01 7.240000e-03 2.163400e-01
145 7.752320e-01 7.184000e-03 2.175840e-01
146 7.741880e-01 6.968000e-03 2.188440e-01
147 7.729640e-01 6.988000e-03 2.200480e-01
148 7.717760e-01 6.948000e-03 2.212760e-01
149 7.706040e-01 6.956000e-03 2.224400e-01
150 7.693080e-01 7.008000e-03 2.236840e-01
151 7.681480e-01 6.880000e-03 2.249720e-01
152 7.668240e-01 7.028000e-03 2.261480e-01
153 7.656760e-01 6.932000e-03 2.273920e-01
154 7.646040e-01 6.728000e-03 2.286680e-01
155 7.634800e-01 6.624000e-03 2.298960e-01
156 7.624360e-01 6.468000e-03 2.310960e-01
157 7.615240e-01 6.220000e-03 2.322560e-01
158 7.606120e-01 6.012000e-03 2.333760e-01
159 7.595480e-01 6.104000e-03 2.343480e-01
160 7.583800e-01 6.192000e-03 2.354280e-01
161 7.572200e-01 6.296000e-03 2.364840e-01
162 7.561640e-01 6.284000e-03 2.375520e-01
163 7.549680e-01 6.492000e-03 2.385400e-01
164 7.538880e-01 6.356000e-03 2.397560e-01
165 7.527000e-01 6.516000e-03 2.407840e-01
166 7.516000e-01 6.352000e-03 2.420480e-01
167 7.504000e-01 6.484000e-03 2.431160e-01
168 7.493600e-01 6.340000e-03 2.443000e-01
169 7.484240e-01 6.152000e-03 2.454240e-01
170 7.475120e-01 6.000000e-03 2.464880e-01
171 7.463440e-01 5.956000e-03 2.477000e-01
172 7.453560e-01 5.824000e-03 2.488200e-01
173 7.443680e-01 5.712000e-03 2.499200e-01
174 7.434160e-01 5.688000e-03 2.508960e-01
175 7.424280e-01 5.728000e-03 2.518440e-01
176 7.413480e-01 5.760000e-03 2.528920e-01
177 7.403120e-01 5.752000e-03 2.539360e-01
178 7.393560e-01 5.700000e-03 2.549440e-01
179 7.383920e-01 5.632000e-03 2.559760e-01
180 7.374320e-01 5.652000e-03 2.569160e-01
181 7.365000e-01 5.676000e-03 2.578240e-01
182 7.356120e-01 5.476000e-03 2.589120e-01
183 7.346520e-01 5.588000e-03 2.597600e-01
184 7.337760e-01 5.596000e-03 2.606280e-01
185 7.327800e-01 5.596000e-03 2.616240e-01
186 7.317880e-01 5.708000e-03 2.625040e-01
187 7.307800e-01 5.640000e-03 2.635800e-01
188 7.297920e-01 5.624000e-03 2.645840e-01
189 7.289120e-01 5.452000e-03 2.656360e-01
190 7.279680e-01 5.496000e-03 2.665360e-01
191 7.270800e-01 5.376000e-03 2.675440e-01
192 7.262960e-01 5.132000e-03 2.685720e-01
193 7.254520e-01 5.044000e-03 2.695040e-01
194 7.248000e-01 4.856000e-03 2.703440e-01
195 7.239440e-01 4.812000e-03 2.712440e-01
196 7.230960e-01 4.712000e-03 2.721920e-01
197 7.223440e-01 4.660000e-03 2.729960e-01
198 7.215840e-01 4.596000e-03 2.738200e-01
199 7.208800e-01 4.456000e-03 2.746640e-01
200 7.200640e-01 4.520000e-03 2.754160e-01
201 7.193200e-01 4.508000e-03 2.761720e-01
202 7.185800e-01 4.496000e-03 2.769240e-01
203 7.177920e-01 4.532000e-03 2.776760e-01
204 7.169920e-01 4.624000e-03 2.783840e-01
205 7.162520e-01 4.484000e-03 2.792640e-01
206 7.154680e-01 4.524000e-03 2.800080e-01
207 7.147240e-01 4.452000e-03 2.808240e-01
208 7.140040e-01 4.416000e-03 2.815800e-01
209 7.132560e-01 4.336000e-03 2.824080e-01
210 7.124480e-01 4.432000e-03 2.831200e-01
211 7.117000e-01 4.424000e-03 2.838760e-01
212 7.109240e-01 4.520000e-03 2.845560e-01
213 7.101920e-01 4.504000e-03 2.853040e-01
214 7.095160e-01 4.336000e-03 2.861480e-01
215 7.088200e-01 4.268000e-03 2.869120e-01
216 7.080920e-01 4.244000e-03 2.876640e-01
217 7.074320e-01 4.120000e-03 2.884480e-01
218 7.066720e-01 4.144000e-03 2.891840e-01
219 7.061200e-01 3.980000e-03 2.899000e-01
220 7.054360e-01 4.032000e-03 2.905320e-01
221 7.048160e-01 3.892000e-03 2.912920e-01
222 7.042960e-01 3.772000e-03 2.919320e-01
223 7.037160e-01 3.716000e-03 2.925680e-01
224 7.031880e-01 3.572000e-03 2.932400e-01
225 7.027320e-01 3.428000e-03 2.938400e-01
226 7.021880e-01 3.428000e-03 2.943840e-01
227 7.015880e-01 3.392000e-03 2.950200e-01
228 7.009880e-01 3.416000e-03 2.955960e-01
229 7.004200e-01 3.384000e-03 2.961960e-01
230 6.998760e-01 3.272000e-03 2.968520e-01
231 6.993880e-01 3.216000e-03 2.973960e-01
232 6.987920e-01 3.216000e-03 2.979920e-01
233 6.982520e-01 3.184000e-03 2.985640e-01
234 6.977520e-01 3.132000e-03 2.991160e-01
235 6.971600e-01 3.200000e-03 2.996400e-01
236 6.966000e-01 3.132000e-03 3.002680e-01
237 6.960320e-01 3.164000e-03 3.008040e-01
238 6.955320e-01 3.120000e-03 3.013480e-01
239 6.948920e-01 3.276000e-03 3.018320e-01
240 6.942480e-01 3.320000e-03 3.024320e-01
241 6.937240e-01 3.264000e-03 3.030120e-01
242 6.930880e-01 3.352000e-03 3.035600e-01
243 6.925120e-01 3.388000e-03 3.041000e-01
244 6.919480e-01 3.388000e-03 3.046640e-01
245 6.914400e-01 3.328000e-03 3.052320e-01
246 6.908840e-01 3.296000e-03 3.058200e-01
247 6.903560e-01 3.276000e-03 3.063680e-01
248 6.899080e-01 3.152000e-03 3.069400e-01
249 6.893520e-01 3.140000e-03 3.075080e-01
250 6.889280e-01 2.980000e-03 3.080920e-01
251 6.884000e-01 2.968000e-03 3.086320e-01
252 6.880880e-01 2.756000e-03 3.091560e-01
253 6.876400e-01 2.760000e-03 3.096000e-01
254 6.871520e-01 2.788000e-03 3.100600e-01
255 6.865040e-01 2.984000e-03 3.105120e-01
256 6.859360e-01 3.004000e-03 3.110600e-01
257 6.853280e-01 3.112000e-03 3.115600e-01
258 6.848040e-01 3.144000e-03 3.120520e-01
259 6.842040e-01 3.212000e-03 3.125840e-01
260 6.837800e-01 3.056000e-03 3.131640e-01
261 6.832840e-01 3.040000e-03 3.136760e-01
262 6.828160e-01 2.988000e-03 3.141960e-01
263 6.823960e-01 2.876000e-03 3.147280e-01
264 6.819560e-01 2.764000e-03 3.152800e-01
265 6.815560e-01 2.720000e-03 3.157240e-01
266 6.811200e-01 2.684000e-03 3.161960e-01
267 6.808080e-01 2.492000e-03 3.167000e-01
268 6.804600e-01 2.344000e-03 3.171960e-01
269 6.801320e-01 2.288000e-03 3.175800e-01
270 6.798200e-01 2.192000e-03 3.179880e-01
271 6.795160e-01 2.100000e-03 3.183840e-01
272 6.792040e-01 2.108000e-03 3.186880e-01
273 6.788600e-01 2.060000e-03 3.190800e-01
274 6.785160e-01 2.052000e-03 3.194320e-01
275 6.781840e-01 2.032000e-03 3.197840e-01
276 6.778040e-01 2.024000e-03 3.201720e-01
277 6.775040e-01 1.964000e-03 3.205320e-01
278 6.771360e-01 1.972000e-03 3.208920e-01
279 6.768480e-01 1.952000e-03 3.212000e-01
280 6.765240e-01 1.956000e-03 3.215200e-01
281 6.761640e-01 1.960000e-03 3.218760e-01
282 6.758640e-01 1.952000e-03 3.221840e-01
283 6.756640e-01 1.812000e-03 3.225240e-01
284 6.754040e-01 1.812000e-03 3.227840e-01
285 6.750760e-01 1.844000e-03 3.230800e-01
286 6.747600e-01 1.856000e-03 3.233840e-01
287 6.744680e-01 1.796000e-03 3.237360e-01
288 6.741960e-01 1.752000e-03 3.240520e-01
289 6.739720e-01 1.672000e-03 3.243560e-01
290 6.736640e-01 1.632000e-03 3.247040e-01
291 6.733680e-01 1.636000e-03 3.249960e-01
292 6.730240e-01 1.692000e-03 3.252840e-01
293 6.726440e-01 1.800000e-03 3.255560e-01
294 6.723480e-01 1.808000e-03 3.258440e-01
295 6.720640e-01 1.808000e-03 3.261280e-01
296 6.718040e-01 1.740000e-03 3.264560e-01
297 6.715160e-01 1.744000e-03 3.267400e-01
298 6.711440e-01 1.756000e-03 3.271000e-01
299 6.708960e-01 1.756000e-03 3.273480e-01
300 6.705960e-01 1.804000e-03 3.276000e-01
301 6.702960e-01 1.764000e-03 3.279400e-01
302 6.699640e-01 1.744000e-03 3.282920e-01
303 6.696440e-01 1.736000e-03 3.286200e-01
304 6.693560e-01 1.744000e-03 3.289000e-01
305 6.691360e-01 1.688000e-03 3.291760e-01
306 6.688600e-01 1.652000e-03 3.294880e-01
307 6.686160e-01 1.636000e-03 3.297480e-01
308 6.684200e-01 1.588000e-03 3.299920e-01
309 6.682080e-01 1.504000e-03 3.302880e-01
310 6.679280e-01 1.524000e-03 3.305480e-01
311 6.677280e-01 1.500000e-03 3.307720e-01
312 6.674880e-01 1.496000e-03 3.310160e-01
313 6.672880e-01 1.428000e-03 3.312840e-01
314 6.671040e-01 1.288000e-03 3.316080e-01
315 6.669400e-01 1.240000e-03 3.318200e-01
316 6.667000e-01 1.292000e-03 3.320080e-01
317 6.665000e-01 1.252000e-03 3.322480e-01
318 6.663240e-01 1.188000e-03 3.324880e-01
319 6.661280e-01 1.168000e-03 3.327040e-01
320 6.659920e-01 1.088000e-03 3.329200e-01
321 6.657880e-01 1.108000e-03 3.331040e-01
322 6.655880e-01 1.128000e-03 3.332840e-01
323 6.653840e-01 1.120000e-03 3.334960e-01
324 6.651480e-01 1.132000e-03 3.337200e-01
325 6.649040e-01 1.176000e-03 3.339200e-01
326 6.646320e-01 1.204000e-03 3.341640e-01
327 6.643720e-01 1.268000e-03 3.343600e-01
328 6.641960e-01 1.200000e-03 3.346040e-01
329 6.639320e-01 1.224000e-03 3.348440e-01
330 6.637160e-01 1.228000e-03 3.350560e-01
331 6.635240e-01 1.200000e-03 3.352760e-01
332 6.633000e-01 1.180000e-03 3.355200e-01
333 6.631280e-01 1.160000e-03 3.357120e-01
334 6.630120e-01 1.048000e-03 3.359400e-01
335 6.628080e-01 1.060000e-03 3.361320e-01
336 6.626760e-01 9.880000e-04 3.363360e-01
337 6.625400e-01 9.800000e-04 3.364800e-01
338 6.623920e-01 9.960000e-04 3.366120e-01
339 6.621880e-01 1.012000e-03 3.368000e-01
340 6.620240e-01 9.840000e-04 3.369920e-01
341 6.618560e-01 9.800000e-04 3.371640e-01
342 6.617120e-01 9.720000e-04 3.373160e-01
343 6.615840e-01 9.440000e-04 3.374720e-01
344 6.614200e-01 9.160000e-04 3.376640e-01
345 6.613160e-01 8.440000e-04 3.378400e-01
346 6.612560e-01 7.640000e-04 3.379800e-01
347 6.611640e-01 7.640000e-04 3.380720e-01
348 6.610560e-01 7.520000e-04 3.381920e-01
349 6.609400e-01 7.080000e-04 3.383520e-01
350 6.607760e-01 7.560000e-04 3.384680e-01
351 6.606960e-01 7.080000e-04 3.385960e-01
352 6.605560e-01 7.200000e-04 3.387240e-01
353 6.604280e-01 7.160000e-04 3.388560e-01
354 6.603120e-01 7.160000e-04 3.389720e-01
355 6.601880e-01 7.240000e-04 3.390880e-01
356 6.600560e-01 7.320000e-04 3.392120e-01
357 6.599440e-01 7.520000e-04 3.393040e-01
358 6.598120e-01 7.520000e-04 3.394360e-01
359 6.596840e-01 7.600000e-04 3.395560e-01
360 6.595240e-01 8.200000e-04 3.396560e-01
361 6.593520e-01 8.520000e-04 3.397960e-01
362 6.592200e-01 8.160000e-04 3.399640e-01
363 6.591320e-01 7.400000e-04 3.401280e-01
364 6.590400e-01 6.840000e-04 3.402760e-01
365 6.589240e-01 7.160000e-04 3.403600e-01
366 6.587680e-01 7.440000e-04 3.404880e-01
367 6.586800e-01 6.800000e-04 3.406400e-01
368 6.584840e-01 7.800000e-04 3.407360e-01
369 6.583440e-01 7.600000e-04 3.408960e-01
370 6.581480e-01 8.360000e-04 3.410160e-01
371 6.580240e-01 8.240000e-04 3.411520e-01
372 6.578800e-01 8.040000e-04 3.413160e-01
373 6.577560e-01 7.640000e-04 3.414800e-01
374 6.576160e-01 7.600000e-04 3.416240e-01
375 6.574920e-01 7.160000e-04 3.417920e-01
376 6.573600e-01 7.240000e-04 3.419160e-01
377 6.572760e-01 6.840000e-04 3.420400e-01
378 6.571760e-01 6.840000e-04 3.421400e-01
379 6.570480e-01 6.800000e-04 3.422720e-01
380 6.569120e-01 7.160000e-04 3.423720e-01
381 6.568000e-01 7.080000e-04 3.424920e-01
382 6.566560e-01 7.360000e-04 3.426080e-01
383 6.565440e-01 6.800000e-04 3.427760e-01
384 6.563760e-01 7.160000e-04 3.429080e-01
385 6.562560e-01 7.520000e-04 3.429920e-01
386 6.561120e-01 7.440000e-04 3.431440e-01
387 6.559440e-01 8.000000e-04 3.432560e-01
388 6.558000e-01 8.280000e-04 3.433720e-01
389 6.556040e-01 8.800000e-04 3.435160e-01
390 6.554240e-01 9.160000e-04 3.436600e-01
391 6.552480e-01 9.560000e-04 3.437960e-01
392 6.550920e-01 9.640000e-04 3.439440e-01
393 6.549080e-01 9.960000e-04 3.440960e-01
394 6.547520e-01 1.004000e-03 3.442440e-01
395 6.545640e-01 9.920000e-04 3.444440e-01
396 6.544520e-01 9.840000e-04 3.445640e-01
397 6.543520e-01 9.360000e-04 3.447120e-01
398 6.541960e-01 9.280000e-04 3.448760e-01
399 6.540920e-01 8.560000e-04 3.450520e-01
400 6.539400e-01 8.680000e-04 3.451920e-01
401 6.537680e-01 9.040000e-04 3.453280e-01
402 6.535760e-01 9.640000e-04 3.454600e-01
403 6.534120e-01 9.640000e-04 3.456240e-01
404 6.532560e-01 9.960000e-04 3.457480e-01
405 6.531160e-01 9.480000e-04 3.459360e-01
406 6.529480e-01 9.560000e-04 3.460960e-01
407 6.527760e-01 9.880000e-04 3.462360e-01
408 6.526240e-01 9.600000e-04 3.464160e-01
409 6.524240e-01 1.028000e-03 3.465480e-01
410 6.522880e-01 9.800000e-04 3.467320e-01
411 6.521400e-01 9.800000e-04 3.468800e-01
412 6.520160e-01 9.680000e-04 3.470160e-01
413 6.519040e-01 9.200000e-04 3.471760e-01
414 6.517600e-01 9.040000e-04 3.473360e-01
415 6.515640e-01 9.480000e-04 3.474880e-01
416 6.514280e-01 8.880000e-04 3.476840e-01
417 6.513120e-01 8.400000e-04 3.478480e-01
418 6.511960e-01 8.240000e-04 3.479800e-01
419 6.510880e-01 8.200000e-04 3.480920e-01
420 6.509560e-01 8.040000e-04 3.482400e-01
421 6.508280e-01 7.960000e-04 3.483760e-01
422 6.507120e-01 7.680000e-04 3.485200e-01
423 6.505960e-01 7.480000e-04 3.486560e-01
424 6.504720e-01 7.520000e-04 3.487760e-01
425 6.503200e-01 8.080000e-04 3.488720e-01
426 6.502120e-01 7.960000e-04 3.489920e-01
427 6.500560e-01 8.520000e-04 3.490920e-01
428 6.499240e-01 8.200000e-04 3.492560e-01
429 6.498280e-01 7.640000e-04 3.494080e-01
430 6.497040e-01 7.440000e-04 3.495520e-01
431 6.495360e-01 8.080000e-04 3.496560e-01
432 6.494200e-01 8.080000e-04 3.497720e-01
433 6.493160e-01 7.200000e-04 3.499640e-01
434 6.492160e-01 6.840000e-04 3.501000e-01
435 6.490840e-01 6.720000e-04 3.502440e-01
436 6.489760e-01 6.480000e-04 3.503760e-01
437 6.488400e-01 6.520000e-04 3.505080e-01
438 6.487080e-01 6.760000e-04 3.506160e-01
439 6.485720e-01 7.200000e-04 3.507080e-01
440 6.484880e-01 7.120000e-04 3.508000e-01
441 6.483400e-01 7.120000e-04 3.509480e-01
442 6.482240e-01 6.960000e-04 3.510800e-01
443 6.481240e-01 6.920000e-04 3.511840e-01
444 6.480000e-01 7.000000e-04 3.513000e-01
445 6.478480e-01 7.560000e-04 3.513960e-01
446 6.476520e-01 8.240000e-04 3.515240e-01
447 6.475400e-01 8.080000e-04 3.516520e-01
448 6.473720e-01 8.400000e-04 3.517880e-01
449 6.471600e-01 8.920000e-04 3.519480e-01
450 6.469920e-01 9.000000e-04 3.521080e-01
451 6.467920e-01 9.400000e-04 3.522680e-01
452 6.466600e-01 8.880000e-04 3.524520e-01
453 6.465000e-01 9.160000e-04 3.525840e-01
454 6.463480e-01 9.440000e-04 3.527080e-01
455 6.461640e-01 9.600000e-04 3.528760e-01
456 6.459600e-01 9.640000e-04 3.530760e-01
457 6.457200e-01 1.036000e-03 3.532440e-01
458 6.455400e-01 1.004000e-03 3.534560e-01
459 6.453480e-01 1.048000e-03 3.536040e-01
460 6.452160e-01 9.920000e-04 3.537920e-01
461 6.450200e-01 1.024000e-03 3.539560e-01
462 6.448640e-01 9.880000e-04 3.541480e-01
463 6.447440e-01 9.640000e-04 3.542920e-01
464 6.446120e-01 8.600000e-04 3.545280e-01
465 6.444400e-01 8.960000e-04 3.546640e-01
466 6.443280e-01 8.240000e-04 3.548480e-01
467 6.441920e-01 7.960000e-04 3.550120e-01
468 6.440440e-01 8.160000e-04 3.551400e-01
469 6.438600e-01 8.560000e-04 3.552840e-01
470 6.437440e-01 8.200000e-04 3.554360e-01
471 6.436160e-01 8.200000e-04 3.555640e-01
472 6.434920e-01 8.080000e-04 3.557000e-01
473 6.433480e-01 8.080000e-04 3.558440e-01
474 6.432200e-01 8.000000e-04 3.559800e-01
475 6.430760e-01 8.240000e-04 3.561000e-01
476 6.429440e-01 8.200000e-04 3.562360e-01
477 6.428120e-01 8.000000e-04 3.563880e-01
478 6.427000e-01 8.080000e-04 3.564920e-01
479 6.425560e-01 7.880000e-04 3.566560e-01
480 6.424040e-01 7.880000e-04 3.568080e-01
481 6.422440e-01 8.000000e-04 3.569560e-01
482 6.421160e-01 8.000000e-04 3.570840e-01
483 6.419440e-01 8.080000e-04 3.572480e-01
484 6.417880e-01 7.920000e-04 3.574200e-01
485 6.416720e-01 7.560000e-04 3.575720e-01
486 6.415680e-01 7.240000e-04 3.577080e-01
487 6.414320e-01 7.480000e-04 3.578200e-01
488 6.413080e-01 7.240000e-04 3.579680e-01
489 6.411960e-01 7.240000e-04 3.580800e-01
490 6.410320e-01 8.080000e-04 3.581600e-01
491 6.409080e-01 8.240000e-04 3.582680e-01
492 6.407760e-01 8.120000e-04 3.584120e-01
493 6.406840e-01 7.440000e-04 3.585720e-01
494 6.405360e-01 7.760000e-04 3.586880e-01
495 6.404040e-01 7.920000e-04 3.588040e-01
496 6.402560e-01 7.800000e-04 3.589640e-01
497 6.401520e-01 7.240000e-04 3.591240e-01
498 6.400320e-01 7.240000e-04 3.592440e-01
499 6.398960e-01 7.480000e-04 3.593560e-01
500 6.398000e-01 7.120000e-04 3.594880e-01
