1 9.991960e-01 6.920000e-04 1.120000e-04
2 9.986920e-01 1.060000e-03 2.480000e-04
3 9.979840e-01 1.560000e-03 4.560000e-04
4 9.971000e-01 2.092000e-03 8.080000e-04
5 9.961920e-01 2.596000e-03 1.212000e-03
6 9.953080e-01 2.936000e-03 1.756000e-03
7 9.942800e-01 3.324000e-03 2.396000e-03
8 9.932040e-01 3.780000e-03 3.016000e-03
9 9.920760e-01 4.180000e-03 3.744000e-03
10 9.909000e-01 4.528000e-03 4.572000e-03
11 9.897080e-01 4.904000e-03 5.388000e-03
12 9.887120e-01 5.020000e-03 6.268000e-03
13 9.875280e-01 5.356000e-03 7.116000e-03
14 9.863160e-01 5.688000e-03 7.996000e-03
15 9.850360e-01 5.928000e-03 9.036000e-03
16 9.837800e-01 6.080000e-03 1.014000e-02
17 9.824560e-01 6.260000e-03 1.128400e-02
18 9.812480e-01 6.332000e-03 1.242000e-02
19 9.798720e-01 6.600000e-03 1.352800e-02
20 9.785080e-01 6.768000e-03 1.472400e-02
21 9.771200e-01 6.928000e-03 1.595200e-02
22 9.757200e-01 7.192000e-03 1.708800e-02
23 9.742600e-01 7.388000e-03 1.835200e-02
24 9.727760e-01 7.588000e-03 1.963600e-02
25 9.713560e-01 7.604000e-03 2.104000e-02
26 9.699040e-01 7.728000e-03 2.236800e-02
27 9.684520e-01 7.856000e-03 2.369200e-02
28 9.669480e-01 8.148000e-03 2.490400e-02
29 9.653960e-01 8.220000e-03 2.638400e-02
30 9.638560e-01 8.260000e-03 2.788400e-02
31 9.623240e-01 8.352000e-03 2.932400e-02
32 9.606200e-01 8.632000e-03 3.074800e-02
33 9.590640e-01 8.580000e-03 3.235600e-02
34 9.574320e-01 8.768000e-03 3.380000e-02
35 9.558040e-01 8.836000e-03 3.536000e-02
36 9.542240e-01 8.860000e-03 3.691600e-02
37 9.528320e-01 8.768000e-03 3.840000e-02
38 9.511960e-01 8.980000e-03 3.982400e-02
39 9.495480e-01 9.012000e-03 4.144000e-02
40 9.479360e-01 9.092000e-03 4.297200e-02
41 9.462840e-01 9.120000e-03 4.459600e-02
42 9.447800e-01 8.992000e-03 4.622800e-02
43 9.430920e-01 9.088000e-03 4.782000e-02
44 9.414200e-01 9.092000e-03 4.948800e-02
45 9.396880e-01 9.152000e-03 5.116000e-02
46 9.379640e-01 9.360000e-03 5.267600e-02
47 9.361560e-01 9.496000e-03 5.434800e-02
48 9.344800e-01 9.396000e-03 5.612400e-02
49 9.326840e-01 9.560000e-03 5.775600e-02
50 9.309280e-01 9.572000e-03 5.950000e-02
51 9.291840e-01 9.616000e-03 6.120000e-02
52 9.273760e-01 9.728000e-03 6.289600e-02
53 9.254360e-01 9.984000e-03 6.458000e-02
54 9.236080e-01 1.006800e-02 6.632400e-02
55 9.219560e-01 9.976000e-03 6.806800e-02
56 9.202720e-01 9.964000e-03 6.976400e-02
57 9.184720e-01 9.996000e-03 7.153200e-02
58 9.167040e-01 1.010000e-02 7.319600e-02
59 9.148280e-01 1.018400e-02 7.498800e-02
60 9.129080e-01 1.014000e-02 7.695200e-02
61 9.110840e-01 1.018800e-02 7.872800e-02
62 9.092680e-01 1.022400e-02 8.050800e-02
63 9.073000e-01 1.031600e-02 8.238400e-02
64 9.053120e-01 1.047200e-02 8.421600e-02
65 9.035120e-01 1.036800e-02 8.612000e-02
66 9.015840e-01 1.043200e-02 8.798400e-02
67 8.996400e-01 1.058800e-02 8.977200e-02
68 8.976080e-01 1.086800e-02 9.152400e-02
69 8.955240e-01 1.093600e-02 9.354000e-02
70 8.935320e-01 1.117200e-02 9.529600e-02
71 8.915360e-01 1.132400e-02 9.714000e-02
72 8.896680e-01 1.120800e-02 9.912400e-02
73 8.877720e-01 1.105200e-02 1.011760e-01
74 8.858440e-01 1.114800e-02 1.030080e-01
75 8.839520e-01 1.112400e-02 1.049240e-01
76 8.818320e-01 1.121200e-02 1.069560e-01
77 8.799560e-01 1.126000e-02 1.087840e-01
78 8.781360e-01 1.106400e-02 1.108000e-01
79 8.762000e-01 1.100400e-02 1.127960e-01
80 8.742840e-01 1.092800e-02 1.147880e-01
81 8.724840e-01 1.090000e-02 1.166160e-01
82 8.704040e-01 1.105600e-02 1.185400e-01
83 8.684120e-01 1.116000e-02 1.204280e-01
84 8.665800e-01 1.104800e-02 1.223720e-01
85 8.646080e-01 1.118400e-02 1.242080e-01
86 8.627280e-01 1.115200e-02 1.261200e-01
87 8.607560e-01 1.121600e-02 1.280280e-01
88 8.589000e-01 1.114800e-02 1.299520e-01
89 8.571040e-01 1.093600e-02 1.319600e-01
90 8.551680e-01 1.097200e-02 1.338600e-01
91 8.529680e-01 1.123200e-02 1.358000e-01
92 8.510360e-01 1.116800e-02 1.377960e-01
93 8.490480e-01 1.114400e-02 1.398080e-01
94 8.472480e-01 1.110000e-02 1.416520e-01
95 8.455000e-01 1.087200e-02 1.436280e-01
96 8.438200e-01 1.075200e-02 1.454280e-01
97 8.420680e-01 1.058400e-02 1.473480e-01
98 8.401400e-01 1.068000e-02 1.491800e-01
99 8.383480e-01 1.066400e-02 1.509880e-01
100 8.363800e-01 1.075600e-02 1.528640e-01
101 8.345320e-01 1.096800e-02 1.545000e-01
102 8.325880e-01 1.106400e-02 1.563480e-01
103 8.306320e-01 1.110400e-02 1.582640e-01
104 8.288000e-01 1.110400e-02 1.600960e-01
105 8.269160e-01 1.109600e-02 1.619880e-01
106 8.249560e-01 1.108000e-02 1.639640e-01
107 8.230560e-01 1.113200e-02 1.658120e-01
108 8.211680e-01 1.106800e-02 1.677640e-01
109 8.195160e-01 1.074800e-02 1.697360e-01
110 8.177600e-01 1.059200e-02 1.716480e-01
111 8.161520e-01 1.051200e-02 1.733360e-01
112 8.144680e-01 1.047600e-02 1.750560e-01
113 8.128720e-01 1.030000e-02 1.768280e-01
114 8.112560e-01 1.015200e-02 1.785920e-01
115 8.096680e-01 9.952000e-03 1.803800e-01
116 8.082240e-01 9.692000e-03 1.820840e-01
117 8.064640e-01 9.796000e-03 1.837400e-01
118 8.048200e-01 9.692000e-03 1.854880e-01
119 8.031600e-01 9.700000e-03 1.871400e-01
120 8.016320e-01 9.568000e-03 1.888000e-01
121 8.000680e-01 9.400000e-03 1.905320e-01
122 7.984400e-01 9.328000e-03 1.922320e-01
123 7.970240e-01 9.028000e-03 1.939480e-01
124 7.955600e-01 8.992000e-03 1.954480e-01
125 7.942200e-01 8.840000e-03 1.969400e-01
126 7.928440e-01 8.596000e-03 1.985600e-01
127 7.912920e-01 8.728000e-03 1.999800e-01
128 7.897480e-01 8.656000e-03 2.015960e-01
129 7.882920e-01 8.564000e-03 2.031440e-01
130 7.868840e-01 8.504000e-03 2.046120e-01
131 7.855120e-01 8.420000e-03 2.060680e-01
132 7.839920e-01 8.524000e-03 2.074840e-01
133 7.824880e-01 8.512000e-03 2.090000e-01
134 7.809240e-01 8.556000e-03 2.105200e-01
135 7.794320e-01 8.460000e-03 2.121080e-01
136 7.779160e-01 8.556000e-03 2.135280e-01
137 7.765760e-01 8.572000e-03 2.148520e-01
138 7.748080e-01 8.836000e-03 2.163560e-01
139 7.730640e-01 8.860000e-03 2.180760e-01
140 7.713600e-01 8.900000e-03 2.197400e-01
141 7.697520e-01 8.988000e-03 2.212600e-01
142 7.681840e-01 9.156000e-03 2.226600e-01
143 7.663880e-01 9.260000e-03 2.243520e-01
144 7.646600e-01 9.368000e-03 2.259720e-01
145 7.631280e-01 9.360000e-03 2.275120e-01
146 7.615440e-01 9.340000e-03 2.291160e-01
147 7.599480e-01 9.360000e-03 2.306920e-01
148 7.582760e-01 9.472000e-03 2.322520e-01
149 7.566160e-01 9.392000e-03 2.339920e-01
150 7.550640e-01 9.348000e-03 2.355880e-01
151 7.537080e-01 9.108000e-03 2.371840e-01
152 7.523360e-01 8.804000e-03 2.388600e-01
153 7.509720e-01 8.696000e-03 2.403320e-01
154 7.497480e-01 8.432000e-03 2.418200e-01
155 7.483280e-01 8.372000e-03 2.433000e-01
156 7.467720e-01 8.456000e-03 2.447720e-01
157 7.453920e-01 8.276000e-03 2.463320e-01
158 7.440720e-01 8.132000e-03 2.477960e-01
159 7.426640e-01 8.052000e-03 2.492840e-01
160 7.412360e-01 8.004000e-03 2.507600e-01
161 7.399280e-01 7.936000e-03 2.521360e-01
162 7.387880e-01 7.648000e-03 2.535640e-01
163 7.374960e-01 7.692000e-03 2.548120e-01
164 7.362080e-01 7.564000e-03 2.562280e-01
165 7.350280e-01 7.540000e-03 2.574320e-01
166 7.337080e-01 7.568000e-03 2.587240e-01
167 7.324000e-01 7.420000e-03 2.601800e-01
168 7.310120e-01 7.540000e-03 2.614480e-01
169 7.296680e-01 7.652000e-03 2.626800e-01
170 7.283040e-01 7.552000e-03 2.641440e-01
171 7.270440e-01 7.536000e-03 2.654200e-01
172 7.259360e-01 7.364000e-03 2.667000e-01
173 7.246480e-01 7.248000e-03 2.681040e-01
174 7.234400e-01 7.228000e-03 2.693320e-01
175 7.222080e-01 7.080000e-03 2.707120e-01
176 7.210920e-01 6.976000e-03 2.719320e-01
177 7.199360e-01 6.912000e-03 2.731520e-01
178 7.187560e-01 6.868000e-03 2.743760e-01
179 7.175920e-01 6.852000e-03 2.755560e-01
180 7.164080e-01 6.844000e-03 2.767480e-01
181 7.152320e-01 6.824000e-03 2.779440e-01
182 7.140080e-01 6.844000e-03 2.791480e-01
183 7.127720e-01 6.892000e-03 2.803360e-01
184 7.114600e-01 6.928000e-03 2.816120e-01
185 7.102320e-01 7.000000e-03 2.827680e-01
186 7.090200e-01 6.904000e-03 2.840760e-01
187 7.078960e-01 6.888000e-03 2.852160e-01
188 7.067600e-01 6.880000e-03 2.863600e-01
189 7.055680e-01 6.848000e-03 2.875840e-01
190 7.043240e-01 6.828000e-03 2.888480e-01
191 7.029480e-01 7.012000e-03 2.900400e-01
192 7.016600e-01 7.100000e-03 2.912400e-01
193 7.002400e-01 7.236000e-03 2.925240e-01
194 6.989800e-01 7.244000e-03 2.937760e-01
195 6.976440e-01 7.236000e-03 2.951200e-01
196 6.963080e-01 7.380000e-03 2.963120e-01
197 6.950600e-01 7.296000e-03 2.976440e-01
198 6.937560e-01 7.244000e-03 2.990000e-01
199 6.925760e-01 7.120000e-03 3.003040e-01
200 6.913760e-01 7.148000e-03 3.014760e-01
201 6.900840e-01 7.244000e-03 3.026720e-01
202 6.888840e-01 7.116000e-03 3.040000e-01
203 6.876400e-01 7.072000e-03 3.052880e-01
204 6.864280e-01 7.096000e-03 3.064760e-01
205 6.852720e-01 7.056000e-03 3.076720e-01
206 6.841280e-01 6.920000e-03 3.089520e-01
207 6.829480e-01 6.824000e-03 3.102280e-01
208 6.819720e-01 6.652000e-03 3.113760e-01
209 6.809240e-01 6.644000e-03 3.124320e-01
210 6.798160e-01 6.720000e-03 3.134640e-01
211 6.787960e-01 6.584000e-03 3.146200e-01
212 6.777760e-01 6.580000e-03 3.156440e-01
213 6.767240e-01 6.436000e-03 3.168400e-01
214 6.756720e-01 6.400000e-03 3.179280e-01
215 6.745440e-01 6.440000e-03 3.190160e-01
216 6.733600e-01 6.520000e-03 3.201200e-01
217 6.722640e-01 6.572000e-03 3.211640e-01
218 6.712160e-01 6.468000e-03 3.223160e-01
219 6.699080e-01 6.672000e-03 3.234200e-01
220 6.687560e-01 6.608000e-03 3.246360e-01
221 6.676320e-01 6.600000e-03 3.257680e-01
222 6.666080e-01 6.468000e-03 3.269240e-01
223 6.654760e-01 6.388000e-03 3.281360e-01
224 6.645080e-01 6.284000e-03 3.292080e-01
225 6.635280e-01 6.168000e-03 3.303040e-01
226 6.625040e-01 6.128000e-03 3.313680e-01
227 6.614360e-01 6.116000e-03 3.324480e-01
228 6.604720e-01 6.052000e-03 3.334760e-01
229 6.595040e-01 5.976000e-03 3.345200e-01
230 6.585800e-01 5.868000e-03 3.355520e-01
231 6.576840e-01 5.728000e-03 3.365880e-01
232 6.567480e-01 5.648000e-03 3.376040e-01
233 6.558560e-01 5.512000e-03 3.386320e-01
234 6.550480e-01 5.392000e-03 3.395600e-01
235 6.540480e-01 5.436000e-03 3.405160e-01
236 6.531440e-01 5.508000e-03 3.413480e-01
237 6.523280e-01 5.452000e-03 3.422200e-01
238 6.513240e-01 5.484000e-03 3.431920e-01
239 6.503280e-01 5.520000e-03 3.441520e-01
240 6.493720e-01 5.404000e-03 3.452240e-01
241 6.482840e-01 5.676000e-03 3.460400e-01
242 6.472760e-01 5.556000e-03 3.471680e-01
243 6.462640e-01 5.640000e-03 3.480960e-01
244 6.452200e-01 5.680000e-03 3.491000e-01
245 6.441760e-01 5.892000e-03 3.499320e-01
246 6.432040e-01 5.804000e-03 3.509920e-01
247 6.421880e-01 5.776000e-03 3.520360e-01
248 6.412200e-01 5.728000e-03 3.530520e-01
249 6.404320e-01 5.564000e-03 3.540040e-01
250 6.395680e-01 5.552000e-03 3.548800e-01
251 6.387840e-01 5.292000e-03 3.559240e-01
252 6.379480e-01 5.280000e-03 3.567720e-01
253 6.370760e-01 5.188000e-03 3.577360e-01
254 6.362200e-01 5.088000e-03 3.586920e-01
255 6.353520e-01 5.100000e-03 3.595480e-01
256 6.345200e-01 5.008000e-03 3.604720e-01
257 6.336600e-01 4.892000e-03 3.614480e-01
258 6.328960e-01 4.856000e-03 3.622480e-01
259 6.321560e-01 4.808000e-03 3.630360e-01
260 6.313560e-01 4.820000e-03 3.638240e-01
261 6.306920e-01 4.756000e-03 3.645520e-01
262 6.299400e-01 4.620000e-03 3.654400e-01
263 6.292640e-01 4.568000e-03 3.661680e-01
264 6.285120e-01 4.516000e-03 3.669720e-01
265 6.278520e-01 4.352000e-03 3.677960e-01
266 6.272480e-01 4.216000e-03 3.685360e-01
267 6.265840e-01 4.068000e-03 3.693480e-01
268 6.259960e-01 3.888000e-03 3.701160e-01
269 6.253040e-01 3.888000e-03 3.708080e-01
270 6.245160e-01 3.972000e-03 3.715120e-01
271 6.238800e-01 3.948000e-03 3.721720e-01
272 6.232640e-01 3.932000e-03 3.728040e-01
273 6.226640e-01 3.744000e-03 3.735920e-01
274 6.219520e-01 3.824000e-03 3.742240e-01
275 6.213880e-01 3.788000e-03 3.748240e-01
276 6.208320e-01 3.708000e-03 3.754600e-01
277 6.202520e-01 3.668000e-03 3.760800e-01
278 6.196000e-01 3.656000e-03 3.767440e-01
279 6.190480e-01 3.548000e-03 3.774040e-01
280 6.183920e-01 3.552000e-03 3.780560e-01
281 6.178720e-01 3.352000e-03 3.787760e-01
282 6.173080e-01 3.360000e-03 3.793320e-01
283 6.167160e-01 3.352000e-03 3.799320e-01
284 6.162120e-01 3.176000e-03 3.806120e-01
285 6.156720e-01 3.168000e-03 3.811600e-01
286 6.152120e-01 3.128000e-03 3.816600e-01
287 6.146360e-01 3.184000e-03 3.821800e-01
288 6.141160e-01 3.196000e-03 3.826880e-01
289 6.135000e-01 3.212000e-03 3.832880e-01
290 6.128200e-01 3.312000e-03 3.838680e-01
291 6.120960e-01 3.408000e-03 3.844960e-01
292 6.116120e-01 3.272000e-03 3.851160e-01
293 6.111360e-01 3.232000e-03 3.856320e-01
294 6.106640e-01 3.204000e-03 3.861320e-01
295 6.100720e-01 3.240000e-03 3.866880e-01
296 6.095880e-01 3.080000e-03 3.873320e-01
297 6.091160e-01 3.088000e-03 3.877960e-01
298 6.085280e-01 3.080000e-03 3.883920e-01
299 6.079560e-01 3.108000e-03 3.889360e-01
300 6.075320e-01 2.916000e-03 3.895520e-01
301 6.070640e-01 2.768000e-03 3.901680e-01
302 6.066600e-01 2.712000e-03 3.906280e-01
303 6.061840e-01 2.664000e-03 3.911520e-01
304 6.057200e-01 2.660000e-03 3.916200e-01
305 6.052320e-01 2.608000e-03 3.921600e-01
306 6.048240e-01 2.552000e-03 3.926240e-01
307 6.043280e-01 2.628000e-03 3.930440e-01
308 6.038520e-01 2.664000e-03 3.934840e-01
309 6.034200e-01 2.656000e-03 3.939240e-01
310 6.030120e-01 2.488000e-03 3.945000e-01
311 6.025320e-01 2.520000e-03 3.949480e-01
312 6.020080e-01 2.584000e-03 3.954080e-01
313 6.015760e-01 2.596000e-03 3.958280e-01
314 6.011320e-01 2.552000e-03 3.963160e-01
315 6.006520e-01 2.596000e-03 3.967520e-01
316 6.002800e-01 2.492000e-03 3.972280e-01
317 5.997760e-01 2.552000e-03 3.976720e-01
318 5.993160e-01 2.556000e-03 3.981280e-01
319 5.988920e-01 2.448000e-03 3.986600e-01
320 5.984480e-01 2.528000e-03 3.990240e-01
321 5.980520e-01 2.448000e-03 3.995000e-01
322 5.975560e-01 2.452000e-03 3.999920e-01
323 5.971360e-01 2.452000e-03 4.004120e-01
324 5.967400e-01 2.420000e-03 4.008400e-01
325 5.962200e-01 2.496000e-03 4.012840e-01
326 5.958600e-01 2.520000e-03 4.016200e-01
327 5.955240e-01 2.420000e-03 4.020560e-01
328 5.951960e-01 2.352000e-03 4.024520e-01
329 5.947840e-01 2.384000e-03 4.028320e-01
330 5.944200e-01 2.324000e-03 4.032560e-01
331 5.940200e-01 2.320000e-03 4.036600e-01
332 5.936440e-01 2.368000e-03 4.039880e-01
333 5.932440e-01 2.368000e-03 4.043880e-01
334 5.928160e-01 2.280000e-03 4.049040e-01
335 5.924480e-01 2.288000e-03 4.052640e-01
336 5.919560e-01 2.388000e-03 4.056560e-01
337 5.915720e-01 2.304000e-03 4.061240e-01
338 5.911880e-01 2.280000e-03 4.065320e-01
339 5.907520e-01 2.336000e-03 4.069120e-01
340 5.903560e-01 2.368000e-03 4.072760e-01
341 5.899560e-01 2.344000e-03 4.077000e-01
342 5.895520e-01 2.360000e-03 4.080880e-01
343 5.891240e-01 2.372000e-03 4.085040e-01
344 5.887360e-01 2.352000e-03 4.089120e-01
345 5.882840e-01 2.404000e-03 4.093120e-01
346 5.878880e-01 2.452000e-03 4.096600e-01
347 5.874920e-01 2.444000e-03 4.100640e-01
348 5.871800e-01 2.308000e-03 4.105120e-01
349 5.868600e-01 2.260000e-03 4.108800e-01
350 5.865120e-01 2.236000e-03 4.112520e-01
351 5.862440e-01 2.084000e-03 4.116720e-01
352 5.859360e-01 2.036000e-03 4.120280e-01
353 5.857120e-01 1.928000e-03 4.123600e-01
354 5.854640e-01 1.840000e-03 4.126960e-01
355 5.851760e-01 1.808000e-03 4.130160e-01
356 5.848560e-01 1.844000e-03 4.133000e-01
357 5.846440e-01 1.732000e-03 4.136240e-01
358 5.843920e-01 1.676000e-03 4.139320e-01
359 5.841280e-01 1.628000e-03 4.142440e-01
360 5.838720e-01 1.620000e-03 4.145080e-01
361 5.835480e-01 1.672000e-03 4.147800e-01
362 5.832920e-01 1.656000e-03 4.150520e-01
363 5.830280e-01 1.656000e-03 4.153160e-01
364 5.827400e-01 1.716000e-03 4.155440e-01
365 5.823320e-01 1.848000e-03 4.158200e-01
366 5.820480e-01 1.824000e-03 4.161280e-01
367 5.817560e-01 1.860000e-03 4.163840e-01
368 5.815000e-01 1.860000e-03 4.166400e-01
369 5.812440e-01 1.816000e-03 4.169400e-01
370 5.809480e-01 1.780000e-03 4.172720e-01
371 5.806560e-01 1.716000e-03 4.176280e-01
372 5.804440e-01 1.656000e-03 4.179000e-01
373 5.802000e-01 1.636000e-03 4.181640e-01
374 5.799240e-01 1.672000e-03 4.184040e-01
375 5.796440e-01 1.700000e-03 4.186560e-01
376 5.793520e-01 1.692000e-03 4.189560e-01
377 5.790320e-01 1.728000e-03 4.192400e-01
378 5.787360e-01 1.804000e-03 4.194600e-01
379 5.784120e-01 1.892000e-03 4.196960e-01
380 5.781080e-01 1.880000e-03 4.200120e-01
381 5.777680e-01 1.868000e-03 4.203640e-01
382 5.775200e-01 1.804000e-03 4.206760e-01
383 5.772480e-01 1.764000e-03 4.209880e-01
384 5.769800e-01 1.776000e-03 4.212440e-01
385 5.766800e-01 1.756000e-03 4.215640e-01
386 5.763960e-01 1.776000e-03 4.218280e-01
387 5.761480e-01 1.704000e-03 4.221480e-01
388 5.759120e-01 1.632000e-03 4.224560e-01
389 5.756200e-01 1.636000e-03 4.227440e-01
390 5.753520e-01 1.612000e-03 4.230360e-01
391 5.750520e-01 1.656000e-03 4.232920e-01
392 5.747840e-01 1.660000e-03 4.235560e-01
393 5.745800e-01 1.596000e-03 4.238240e-01
394 5.743280e-01 1.568000e-03 4.241040e-01
395 5.740680e-01 1.516000e-03 4.244160e-01
396 5.738520e-01 1.504000e-03 4.246440e-01
397 5.736120e-01 1.444000e-03 4.249440e-01
398 5.734280e-01 1.336000e-03 4.252360e-01
399 5.732680e-01 1.268000e-03 4.254640e-01
400 5.730600e-01 1.280000e-03 4.256600e-01
401 5.728840e-01 1.236000e-03 4.258800e-01
402 5.726560e-01 1.196000e-03 4.261480e-01
403 5.724040e-01 1.212000e-03 4.263840e-01
404 5.722200e-01 1.184000e-03 4.265960e-01
405 5.720240e-01 1.172000e-03 4.268040e-01
406 5.718480e-01 1.148000e-03 4.270040e-01
407 5.716400e-01 1.136000e-03 4.272240e-01
408 5.714080e-01 1.160000e-03 4.274320e-01
409 5.711320e-01 1.208000e-03 4.276600e-01
410 5.709080e-01 1.200000e-03 4.278920e-01
411 5.706800e-01 1.248000e-03 4.280720e-01
412 5.704600e-01 1.312000e-03 4.282280e-01
413 5.701960e-01 1.372000e-03 4.284320e-01
414 5.700440e-01 1.336000e-03 4.286200e-01
415 5.698360e-01 1.324000e-03 4.288400e-01
416 5.695640e-01 1.332000e-03 4.291040e-01
417 5.693360e-01 1.344000e-03 4.293200e-01
418 5.691320e-01 1.328000e-03 4.295400e-01
419 5.689200e-01 1.324000e-03 4.297560e-01
420 5.687560e-01 1.280000e-03 4.299640e-01
421 5.686000e-01 1.192000e-03 4.302080e-01
422 5.684280e-01 1.176000e-03 4.303960e-01
423 5.682240e-01 1.184000e-03 4.305920e-01
424 5.680040e-01 1.172000e-03 4.308240e-01
425 5.678360e-01 1.136000e-03 4.310280e-01
426 5.676760e-01 1.088000e-03 4.312360e-01
427 5.674360e-01 1.120000e-03 4.314440e-01
428 5.672800e-01 1.096000e-03 4.316240e-01
429 5.671240e-01 1.068000e-03 4.318080e-01
430 5.669320e-01 1.072000e-03 4.319960e-01
431 5.667840e-01 1.096000e-03 4.321200e-01
432 5.666160e-01 1.040000e-03 4.323440e-01
433 5.664080e-01 1.076000e-03 4.325160e-01
434 5.662280e-01 1.084000e-03 4.326880e-01
435 5.660800e-01 1.024000e-03 4.328960e-01
436 5.659120e-01 1.000000e-03 4.330880e-01
437 5.657560e-01 9.800000e-04 4.332640e-01
438 5.655680e-01 1.008000e-03 4.334240e-01
439 5.654320e-01 9.920000e-04 4.335760e-01
440 5.652800e-01 9.440000e-04 4.337760e-01
441 5.650880e-01 9.800000e-04 4.339320e-01
442 5.648920e-01 1.056000e-03 4.340520e-01
443 5.647640e-01 9.440000e-04 4.342920e-01
444 5.646160e-01 9.040000e-04 4.344800e-01
445 5.644800e-01 9.160000e-04 4.346040e-01
446 5.643120e-01 9.280000e-04 4.347600e-01
447 5.642280e-01 8.760000e-04 4.348960e-01
448 5.641160e-01 8.160000e-04 4.350680e-01
449 5.639960e-01 7.520000e-04 4.352520e-01
450 5.638520e-01 7.560000e-04 4.353920e-01
451 5.637480e-01 7.160000e-04 4.355360e-01
452 5.636520e-01 6.880000e-04 4.356600e-01
453 5.635360e-01 7.000000e-04 4.357640e-01
454 5.634040e-01 7.200000e-04 4.358760e-01
455 5.633080e-01 6.760000e-04 4.360160e-01
456 5.632000e-01 6.760000e-04 4.361240e-01
457 5.630800e-01 6.480000e-04 4.362720e-01
458 5.629800e-01 6.320000e-04 4.363880e-01
459 5.628240e-01 6.880000e-04 4.364880e-01
460 5.627280e-01 6.600000e-04 4.366120e-01
461 5.626240e-01 6.520000e-04 4.367240e-01
462 5.625080e-01 6.560000e-04 4.368360e-01
463 5.623800e-01 6.800000e-04 4.369400e-01
464 5.622440e-01 6.520000e-04 4.371040e-01
465 5.621320e-01 6.560000e-04 4.372120e-01
466 5.620160e-01 6.560000e-04 4.373280e-01
467 5.619360e-01 5.880000e-04 4.374760e-01
468 5.618160e-01 5.880000e-04 4.375960e-01
469 5.616960e-01 6.240000e-04 4.376800e-01
470 5.615880e-01 6.400000e-04 4.377720e-01
471 5.613520e-01 7.440000e-04 4.379040e-01
472 5.611840e-01 8.080000e-04 4.380080e-01
473 5.610280e-01 8.280000e-04 4.381440e-01
474 5.608440e-01 8.600000e-04 4.382960e-01
475 5.606880e-01 9.040000e-04 4.384080e-01
476 5.605240e-01 9.440000e-04 4.385320e-01
477 5.604000e-01 8.920000e-04 4.387080e-01
478 5.602560e-01 9.000000e-04 4.388440e-01
479 5.601320e-01 8.560000e-04 4.390120e-01
480 5.599680e-01 8.680000e-04 4.391640e-01
481 5.598200e-01 8.800000e-04 4.393000e-01
482 5.596680e-01 8.800000e-04 4.394520e-01
483 5.595320e-01 9.000000e-04 4.395680e-01
484 5.593960e-01 8.680000e-04 4.397360e-01
485 5.592360e-01 8.720000e-04 4.398920e-01
486 5.591080e-01 8.760000e-04 4.400160e-01
487 5.590000e-01 8.600000e-04 4.401400e-01
488 5.588920e-01 8.200000e-04 4.402880e-01
489 5.587760e-01 7.960000e-04 4.404280e-01
490 5.586920e-01 7.520000e-04 4.405560e-01
491 5.585680e-01 7.520000e-04 4.406800e-01
492 5.584360e-01 7.440000e-04 4.408200e-01
493 5.583640e-01 6.560000e-04 4.409800e-01
494 5.583040e-01 6.080000e-04 4.410880e-01
495 5.582200e-01 5.960000e-04 4.411840e-01
496 5.581480e-01 5.480000e-04 4.413040e-01
497 5.580480e-01 5.680000e-04 4.413840e-01
498 5.579640e-01 5.400000e-04 4.414960e-01
499 5.578600e-01 5.440000e-04 4.415960e-01
500 5.577920e-01 5.240000e-04 4.416840e-01
