1 9.991400e-01 7.600000e-04 1.000000e-04
2 9.984920e-01 1.228000e-03 2.800000e-04
3 9.978760e-01 1.584000e-03 5.400000e-04
4 9.971440e-01 1.980000e-03 8.760000e-04
5 9.962720e-01 2.500000e-03 1.228000e-03
6 9.953560e-01 2.904000e-03 1.740000e-03
7 9.943440e-01 3.336000e-03 2.320000e-03
8 9.932480e-01 3.828000e-03 2.924000e-03
9 9.921080e-01 4.240000e-03 3.652000e-03
10 9.910600e-01 4.564000e-03 4.376000e-03
11 9.897400e-01 5.020000e-03 5.240000e-03
12 9.885080e-01 5.264000e-03 6.228000e-03
13 9.873440e-01 5.492000e-03 7.164000e-03
14 9.860640e-01 5.828000e-03 8.108000e-03
15 9.847120e-01 6.160000e-03 9.128000e-03
16 9.833360e-01 6.452000e-03 1.021200e-02
17 9.821680e-01 6.548000e-03 1.128400e-02
18 9.807000e-01 6.892000e-03 1.240800e-02
19 9.793000e-01 7.184000e-03 1.351600e-02
20 9.778240e-01 7.352000e-03 1.482400e-02
21 9.765760e-01 7.320000e-03 1.610400e-02
22 9.751280e-01 7.384000e-03 1.748800e-02
23 9.736760e-01 7.560000e-03 1.876400e-02
24 9.721760e-01 7.784000e-03 2.004000e-02
25 9.704160e-01 8.192000e-03 2.139200e-02
26 9.688360e-01 8.320000e-03 2.284400e-02
27 9.671040e-01 8.536000e-03 2.436000e-02
28 9.652600e-01 8.920000e-03 2.582000e-02
29 9.632240e-01 9.412000e-03 2.736400e-02
30 9.614720e-01 9.416000e-03 2.911200e-02
31 9.597400e-01 9.532000e-03 3.072800e-02
32 9.579840e-01 9.564000e-03 3.245200e-02
33 9.562600e-01 9.632000e-03 3.410800e-02
34 9.547040e-01 9.628000e-03 3.566800e-02
35 9.528800e-01 9.856000e-03 3.726400e-02
36 9.510440e-01 1.000400e-02 3.895200e-02
37 9.494120e-01 9.832000e-03 4.075600e-02
38 9.476880e-01 9.756000e-03 4.255600e-02
39 9.458760e-01 9.752000e-03 4.437200e-02
40 9.439960e-01 9.888000e-03 4.611600e-02
41 9.419520e-01 1.036000e-02 4.768800e-02
42 9.398680e-01 1.064800e-02 4.948400e-02
43 9.376560e-01 1.100800e-02 5.133600e-02
44 9.356080e-01 1.118800e-02 5.320400e-02
45 9.336640e-01 1.108000e-02 5.525600e-02
46 9.317000e-01 1.092400e-02 5.737600e-02
47 9.296240e-01 1.120000e-02 5.917600e-02
48 9.275160e-01 1.141200e-02 6.107200e-02
49 9.252320e-01 1.175200e-02 6.301600e-02
50 9.231480e-01 1.186000e-02 6.499200e-02
51 9.210480e-01 1.170800e-02 6.724400e-02
52 9.187120e-01 1.201600e-02 6.927200e-02
53 9.164400e-01 1.215200e-02 7.140800e-02
54 9.142840e-01 1.206400e-02 7.365200e-02
55 9.120200e-01 1.220000e-02 7.578000e-02
56 9.100080e-01 1.212400e-02 7.786800e-02
57 9.078240e-01 1.224400e-02 7.993200e-02
58 9.055240e-01 1.242000e-02 8.205600e-02
59 9.032720e-01 1.255600e-02 8.417200e-02
60 9.010920e-01 1.254000e-02 8.636800e-02
61 8.988160e-01 1.256000e-02 8.862400e-02
62 8.967320e-01 1.250400e-02 9.076400e-02
63 8.947360e-01 1.219600e-02 9.306800e-02
64 8.923080e-01 1.249200e-02 9.520000e-02
65 8.899160e-01 1.261200e-02 9.747200e-02
66 8.876400e-01 1.271600e-02 9.964400e-02
67 8.853960e-01 1.262800e-02 1.019760e-01
68 8.832520e-01 1.257200e-02 1.041760e-01
69 8.811880e-01 1.265600e-02 1.061560e-01
70 8.786680e-01 1.289600e-02 1.084360e-01
71 8.762920e-01 1.292000e-02 1.107880e-01
72 8.739760e-01 1.300000e-02 1.130240e-01
73 8.713840e-01 1.334000e-02 1.152760e-01
74 8.690120e-01 1.325200e-02 1.177360e-01
75 8.665280e-01 1.359600e-02 1.198760e-01
76 8.641200e-01 1.379200e-02 1.220880e-01
77 8.618640e-01 1.362800e-02 1.245080e-01
78 8.596040e-01 1.360000e-02 1.267960e-01
79 8.573560e-01 1.360400e-02 1.290400e-01
80 8.550720e-01 1.354000e-02 1.313880e-01
81 8.526920e-01 1.361600e-02 1.336920e-01
82 8.504920e-01 1.338000e-02 1.361280e-01
83 8.481800e-01 1.342800e-02 1.383920e-01
84 8.460040e-01 1.315200e-02 1.408440e-01
85 8.438320e-01 1.310000e-02 1.430680e-01
86 8.417560e-01 1.284400e-02 1.454000e-01
87 8.394880e-01 1.288800e-02 1.476240e-01
88 8.371680e-01 1.293200e-02 1.499000e-01
89 8.351520e-01 1.266400e-02 1.521840e-01
90 8.329840e-01 1.264400e-02 1.543720e-01
91 8.309680e-01 1.247600e-02 1.565560e-01
92 8.287880e-01 1.258800e-02 1.586240e-01
93 8.266920e-01 1.270800e-02 1.606000e-01
94 8.245640e-01 1.249200e-02 1.629440e-01
95 8.223880e-01 1.246400e-02 1.651480e-01
96 8.203480e-01 1.243200e-02 1.672200e-01
97 8.182000e-01 1.218000e-02 1.696200e-01
98 8.162400e-01 1.196400e-02 1.717960e-01
99 8.143600e-01 1.162000e-02 1.740200e-01
100 8.126040e-01 1.143200e-02 1.759640e-01
101 8.106840e-01 1.135600e-02 1.779600e-01
102 8.088200e-01 1.144000e-02 1.797400e-01
103 8.068600e-01 1.134000e-02 1.818000e-01
104 8.047200e-01 1.132400e-02 1.839560e-01
105 8.027920e-01 1.130400e-02 1.859040e-01
106 8.007480e-01 1.132000e-02 1.879320e-01
107 7.986880e-01 1.136800e-02 1.899440e-01
108 7.966800e-01 1.135600e-02 1.919640e-01
109 7.946280e-01 1.133600e-02 1.940360e-01
110 7.928080e-01 1.120000e-02 1.959920e-01
111 7.909720e-01 1.098400e-02 1.980440e-01
112 7.892080e-01 1.105200e-02 1.997400e-01
113 7.874040e-01 1.089600e-02 2.017000e-01
114 7.856280e-01 1.091600e-02 2.034560e-01
115 7.839480e-01 1.065600e-02 2.053960e-01
116 7.823480e-01 1.036800e-02 2.072840e-01
117 7.805040e-01 1.042800e-02 2.090680e-01
118 7.785680e-01 1.062400e-02 2.108080e-01
119 7.768160e-01 1.054400e-02 2.126400e-01
120 7.750720e-01 1.043600e-02 2.144920e-01
121 7.733840e-01 1.039600e-02 2.162200e-01
122 7.714520e-01 1.052000e-02 2.180280e-01
123 7.695200e-01 1.057200e-02 2.199080e-01
124 7.677880e-01 1.045600e-02 2.217560e-01
125 7.660040e-01 1.026400e-02 2.237320e-01
126 7.641520e-01 1.020400e-02 2.256440e-01
127 7.621680e-01 1.032800e-02 2.275040e-01
128 7.601680e-01 1.038400e-02 2.294480e-01
129 7.584720e-01 1.033600e-02 2.311920e-01
130 7.565120e-01 1.051600e-02 2.329720e-01
131 7.543960e-01 1.078800e-02 2.348160e-01
132 7.524320e-01 1.094000e-02 2.366280e-01
133 7.503040e-01 1.115600e-02 2.385400e-01
134 7.482280e-01 1.121200e-02 2.405600e-01
135 7.462760e-01 1.116800e-02 2.425560e-01
136 7.442720e-01 1.123600e-02 2.444920e-01
137 7.423080e-01 1.129600e-02 2.463960e-01
138 7.403840e-01 1.129200e-02 2.483240e-01
139 7.385480e-01 1.115600e-02 2.502960e-01
140 7.367040e-01 1.099600e-02 2.523000e-01
141 7.349640e-01 1.075600e-02 2.542800e-01
142 7.331360e-01 1.076800e-02 2.560960e-01
143 7.313760e-01 1.075600e-02 2.578680e-01
144 7.295600e-01 1.062400e-02 2.598160e-01
145 7.279360e-01 1.033600e-02 2.617280e-01
146 7.262840e-01 1.022800e-02 2.634880e-01
147 7.246160e-01 1.011200e-02 2.652720e-01
148 7.230440e-01 9.928000e-03 2.670280e-01
149 7.215800e-01 9.780000e-03 2.686400e-01
150 7.199680e-01 9.676000e-03 2.703560e-01
151 7.183080e-01 9.572000e-03 2.721200e-01
152 7.167600e-01 9.292000e-03 2.739480e-01
153 7.151760e-01 9.304000e-03 2.755200e-01
154 7.136680e-01 9.128000e-03 2.772040e-01
155 7.121720e-01 9.000000e-03 2.788280e-01
156 7.106320e-01 8.964000e-03 2.804040e-01
157 7.090280e-01 9.012000e-03 2.819600e-01
158 7.075200e-01 8.972000e-03 2.835080e-01
159 7.060080e-01 8.936000e-03 2.850560e-01
160 7.046240e-01 8.812000e-03 2.865640e-01
161 7.032320e-01 8.516000e-03 2.882520e-01
162 7.017280e-01 8.516000e-03 2.897560e-01
163 7.002520e-01 8.500000e-03 2.912480e-01
164 6.989360e-01 8.392000e-03 2.926720e-01
165 6.975240e-01 8.316000e-03 2.941600e-01
166 6.963040e-01 8.020000e-03 2.956760e-01
167 6.948120e-01 8.136000e-03 2.970520e-01
168 6.934880e-01 8.052000e-03 2.984600e-01
169 6.921360e-01 8.040000e-03 2.998240e-01
170 6.906280e-01 8.168000e-03 3.012040e-01
171 6.892400e-01 8.128000e-03 3.026320e-01
172 6.876400e-01 8.208000e-03 3.041520e-01
173 6.864000e-01 8.016000e-03 3.055840e-01
174 6.851160e-01 7.824000e-03 3.070600e-01
175 6.839240e-01 7.584000e-03 3.084920e-01
176 6.827280e-01 7.404000e-03 3.098680e-01
177 6.813760e-01 7.324000e-03 3.113000e-01
178 6.801440e-01 7.348000e-03 3.125080e-01
179 6.789240e-01 7.276000e-03 3.138000e-01
180 6.777920e-01 7.148000e-03 3.150600e-01
181 6.765120e-01 7.016000e-03 3.164720e-01
182 6.752640e-01 6.936000e-03 3.178000e-01
183 6.740440e-01 6.860000e-03 3.190960e-01
184 6.728240e-01 6.864000e-03 3.203120e-01
185 6.715880e-01 6.768000e-03 3.216440e-01
186 6.703040e-01 6.920000e-03 3.227760e-01
187 6.690360e-01 7.044000e-03 3.239200e-01
188 6.677520e-01 7.240000e-03 3.250080e-01
189 6.666440e-01 7.112000e-03 3.262440e-01
190 6.654280e-01 7.036000e-03 3.275360e-01
191 6.642080e-01 6.968000e-03 3.288240e-01
192 6.629800e-01 7.000000e-03 3.300200e-01
193 6.619240e-01 6.736000e-03 3.313400e-01
194 6.608600e-01 6.628000e-03 3.325120e-01
195 6.597480e-01 6.612000e-03 3.336400e-01
196 6.585840e-01 6.516000e-03 3.349000e-01
197 6.575080e-01 6.492000e-03 3.360000e-01
198 6.562680e-01 6.660000e-03 3.370720e-01
199 6.549920e-01 6.740000e-03 3.382680e-01
200 6.539160e-01 6.692000e-03 3.393920e-01
201 6.529440e-01 6.484000e-03 3.405720e-01
202 6.518200e-01 6.424000e-03 3.417560e-01
203 6.507040e-01 6.416000e-03 3.428800e-01
204 6.496440e-01 6.300000e-03 3.440560e-01
205 6.486280e-01 6.252000e-03 3.451200e-01
206 6.477280e-01 6.036000e-03 3.462360e-01
207 6.467280e-01 5.996000e-03 3.472760e-01
208 6.456960e-01 5.956000e-03 3.483480e-01
209 6.446800e-01 5.876000e-03 3.494440e-01
210 6.438400e-01 5.696000e-03 3.504640e-01
211 6.428920e-01 5.688000e-03 3.514200e-01
212 6.419720e-01 5.644000e-03 3.523840e-01
213 6.410280e-01 5.668000e-03 3.533040e-01
214 6.400640e-01 5.596000e-03 3.543400e-01
215 6.391520e-01 5.532000e-03 3.553160e-01
216 6.382760e-01 5.400000e-03 3.563240e-01
217 6.374520e-01 5.324000e-03 3.572240e-01
218 6.365400e-01 5.300000e-03 3.581600e-01
219 6.357320e-01 5.176000e-03 3.590920e-01
220 6.349160e-01 5.128000e-03 3.599560e-01
221 6.340600e-01 5.116000e-03 3.608240e-01
222 6.332680e-01 5.016000e-03 3.617160e-01
223 6.324120e-01 5.056000e-03 3.625320e-01
224 6.315920e-01 5.084000e-03 3.633240e-01
225 6.307880e-01 4.956000e-03 3.642560e-01
226 6.299200e-01 4.928000e-03 3.651520e-01
227 6.290280e-01 5.024000e-03 3.659480e-01
228 6.280920e-01 5.008000e-03 3.669000e-01
229 6.271640e-01 4.944000e-03 3.678920e-01
230 6.262440e-01 5.012000e-03 3.687440e-01
231 6.254120e-01 4.972000e-03 3.696160e-01
232 6.246400e-01 4.796000e-03 3.705640e-01
233 6.238080e-01 4.896000e-03 3.712960e-01
234 6.230360e-01 4.784000e-03 3.721800e-01
235 6.222360e-01 4.804000e-03 3.729600e-01
236 6.214600e-01 4.724000e-03 3.738160e-01
237 6.206320e-01 4.764000e-03 3.746040e-01
238 6.196720e-01 4.952000e-03 3.753760e-01
239 6.187720e-01 4.996000e-03 3.762320e-01
240 6.179320e-01 5.040000e-03 3.770280e-01
241 6.171160e-01 5.036000e-03 3.778480e-01
242 6.161920e-01 5.052000e-03 3.787560e-01
243 6.153720e-01 4.960000e-03 3.796680e-01
244 6.146560e-01 4.848000e-03 3.804960e-01
245 6.140200e-01 4.668000e-03 3.813120e-01
246 6.133200e-01 4.560000e-03 3.821200e-01
247 6.125160e-01 4.556000e-03 3.829280e-01
248 6.118520e-01 4.484000e-03 3.836640e-01
249 6.112360e-01 4.280000e-03 3.844840e-01
250 6.106320e-01 4.148000e-03 3.852200e-01
251 6.100200e-01 4.036000e-03 3.859440e-01
252 6.094720e-01 3.872000e-03 3.866560e-01
253 6.087960e-01 3.908000e-03 3.872960e-01
254 6.081240e-01 3.908000e-03 3.879680e-01
255 6.075040e-01 3.892000e-03 3.886040e-01
256 6.068880e-01 3.908000e-03 3.892040e-01
257 6.063200e-01 3.848000e-03 3.898320e-01
258 6.056920e-01 3.828000e-03 3.904800e-01
259 6.050480e-01 3.800000e-03 3.911520e-01
260 6.044400e-01 3.716000e-03 3.918440e-01
261 6.038520e-01 3.756000e-03 3.923920e-01
262 6.033240e-01 3.604000e-03 3.930720e-01
263 6.027560e-01 3.564000e-03 3.936800e-01
264 6.021840e-01 3.472000e-03 3.943440e-01
265 6.016480e-01 3.400000e-03 3.949520e-01
266 6.011480e-01 3.304000e-03 3.955480e-01
267 6.006640e-01 3.152000e-03 3.961840e-01
268 6.002440e-01 3.044000e-03 3.967120e-01
269 5.997320e-01 3.012000e-03 3.972560e-01
270 5.991600e-01 3.056000e-03 3.977840e-01
271 5.986440e-01 3.076000e-03 3.982800e-01
272 5.981560e-01 2.996000e-03 3.988480e-01
273 5.975920e-01 3.060000e-03 3.993480e-01
274 5.971600e-01 2.928000e-03 3.999120e-01
275 5.967000e-01 2.904000e-03 4.003960e-01
276 5.961960e-01 2.972000e-03 4.008320e-01
277 5.957680e-01 2.928000e-03 4.013040e-01
278 5.953560e-01 2.772000e-03 4.018720e-01
279 5.949200e-01 2.776000e-03 4.023040e-01
280 5.944600e-01 2.760000e-03 4.027800e-01
281 5.940640e-01 2.732000e-03 4.032040e-01
282 5.936560e-01 2.732000e-03 4.036120e-01
283 5.931200e-01 2.852000e-03 4.040280e-01
284 5.926840e-01 2.812000e-03 4.045040e-01
285 5.922800e-01 2.768000e-03 4.049520e-01
286 5.917960e-01 2.740000e-03 4.054640e-01
287 5.914280e-01 2.636000e-03 4.059360e-01
288 5.909080e-01 2.732000e-03 4.063600e-01
289 5.904560e-01 2.692000e-03 4.068520e-01
290 5.900160e-01 2.680000e-03 4.073040e-01
291 5.895520e-01 2.736000e-03 4.077120e-01
292 5.890920e-01 2.704000e-03 4.082040e-01
293 5.886840e-01 2.584000e-03 4.087320e-01
294 5.883080e-01 2.512000e-03 4.091800e-01
295 5.879200e-01 2.472000e-03 4.096080e-01
296 5.874880e-01 2.488000e-03 4.100240e-01
297 5.870720e-01 2.520000e-03 4.104080e-01
298 5.866680e-01 2.436000e-03 4.108960e-01
299 5.862320e-01 2.452000e-03 4.113160e-01
300 5.858640e-01 2.424000e-03 4.117120e-01
301 5.854840e-01 2.452000e-03 4.120640e-01
302 5.850760e-01 2.416000e-03 4.125080e-01
303 5.846600e-01 2.436000e-03 4.129040e-01
304 5.842720e-01 2.388000e-03 4.133400e-01
305 5.838760e-01 2.420000e-03 4.137040e-01
306 5.835560e-01 2.336000e-03 4.141080e-01
307 5.831200e-01 2.376000e-03 4.145040e-01
308 5.826640e-01 2.344000e-03 4.149920e-01
309 5.822960e-01 2.296000e-03 4.154080e-01
310 5.819360e-01 2.300000e-03 4.157640e-01
311 5.816400e-01 2.156000e-03 4.162040e-01
312 5.813600e-01 1.992000e-03 4.166480e-01
313 5.809920e-01 2.016000e-03 4.169920e-01
314 5.806520e-01 2.028000e-03 4.173200e-01
315 5.803400e-01 1.996000e-03 4.176640e-01
316 5.800720e-01 1.908000e-03 4.180200e-01
317 5.797040e-01 1.900000e-03 4.183960e-01
318 5.794320e-01 1.864000e-03 4.187040e-01
319 5.791560e-01 1.820000e-03 4.190240e-01
320 5.788840e-01 1.756000e-03 4.193600e-01
321 5.786320e-01 1.724000e-03 4.196440e-01
322 5.783200e-01 1.728000e-03 4.199520e-01
323 5.779960e-01 1.704000e-03 4.203000e-01
324 5.777240e-01 1.732000e-03 4.205440e-01
325 5.774200e-01 1.728000e-03 4.208520e-01
326 5.771000e-01 1.724000e-03 4.211760e-01
327 5.768040e-01 1.716000e-03 4.214800e-01
328 5.764760e-01 1.720000e-03 4.218040e-01
329 5.761400e-01 1.744000e-03 4.221160e-01
330 5.758000e-01 1.788000e-03 4.224120e-01
331 5.754920e-01 1.824000e-03 4.226840e-01
332 5.751480e-01 1.864000e-03 4.229880e-01
333 5.748040e-01 1.900000e-03 4.232960e-01
334 5.745040e-01 1.904000e-03 4.235920e-01
335 5.741160e-01 1.972000e-03 4.239120e-01
336 5.737680e-01 2.020000e-03 4.242120e-01
337 5.734960e-01 1.948000e-03 4.245560e-01
338 5.731720e-01 1.948000e-03 4.248800e-01
339 5.728760e-01 1.792000e-03 4.253320e-01
340 5.726360e-01 1.744000e-03 4.256200e-01
341 5.723360e-01 1.744000e-03 4.259200e-01
342 5.720480e-01 1.716000e-03 4.262360e-01
343 5.717720e-01 1.716000e-03 4.265120e-01
344 5.715280e-01 1.672000e-03 4.268000e-01
345 5.712440e-01 1.692000e-03 4.270640e-01
346 5.709560e-01 1.672000e-03 4.273720e-01
347 5.707080e-01 1.652000e-03 4.276400e-01
348 5.704440e-01 1.628000e-03 4.279280e-01
349 5.702840e-01 1.528000e-03 4.281880e-01
350 5.701040e-01 1.416000e-03 4.284800e-01
351 5.698840e-01 1.352000e-03 4.287640e-01
352 5.696760e-01 1.328000e-03 4.289960e-01
353 5.694800e-01 1.296000e-03 4.292240e-01
354 5.692800e-01 1.216000e-03 4.295040e-01
355 5.690880e-01 1.240000e-03 4.296720e-01
356 5.688760e-01 1.224000e-03 4.299000e-01
357 5.686840e-01 1.216000e-03 4.301000e-01
358 5.684720e-01 1.204000e-03 4.303240e-01
359 5.682840e-01 1.184000e-03 4.305320e-01
360 5.680360e-01 1.216000e-03 4.307480e-01
361 5.678720e-01 1.196000e-03 4.309320e-01
362 5.676400e-01 1.200000e-03 4.311600e-01
363 5.674280e-01 1.176000e-03 4.313960e-01
364 5.672240e-01 1.164000e-03 4.316120e-01
365 5.669800e-01 1.208000e-03 4.318120e-01
366 5.667080e-01 1.292000e-03 4.320000e-01
367 5.664480e-01 1.272000e-03 4.322800e-01
368 5.661520e-01 1.352000e-03 4.324960e-01
369 5.658400e-01 1.376000e-03 4.327840e-01
370 5.655600e-01 1.408000e-03 4.330320e-01
371 5.653280e-01 1.372000e-03 4.333000e-01
372 5.651640e-01 1.304000e-03 4.335320e-01
373 5.650280e-01 1.256000e-03 4.337160e-01
374 5.648520e-01 1.212000e-03 4.339360e-01
375 5.646640e-01 1.204000e-03 4.341320e-01
376 5.644680e-01 1.208000e-03 4.343240e-01
377 5.642680e-01 1.156000e-03 4.345760e-01
378 5.640560e-01 1.192000e-03 4.347520e-01
379 5.638560e-01 1.152000e-03 4.349920e-01
380 5.636840e-01 1.132000e-03 4.351840e-01
381 5.634560e-01 1.168000e-03 4.353760e-01
382 5.632640e-01 1.168000e-03 4.355680e-01
383 5.631280e-01 1.096000e-03 4.357760e-01
384 5.629560e-01 1.104000e-03 4.359400e-01
385 5.627800e-01 1.128000e-03 4.360920e-01
386 5.626320e-01 1.088000e-03 4.362800e-01
387 5.624720e-01 1.064000e-03 4.364640e-01
388 5.622560e-01 1.152000e-03 4.365920e-01
389 5.621160e-01 1.060000e-03 4.368240e-01
390 5.619040e-01 1.088000e-03 4.370080e-01
391 5.617440e-01 1.072000e-03 4.371840e-01
392 5.615480e-01 1.084000e-03 4.373680e-01
393 5.613680e-01 1.068000e-03 4.375640e-01
394 5.611760e-01 1.076000e-03 4.377480e-01
395 5.609880e-01 1.120000e-03 4.378920e-01
396 5.607440e-01 1.164000e-03 4.380920e-01
397 5.605640e-01 1.124000e-03 4.383120e-01
398 5.603560e-01 1.128000e-03 4.385160e-01
399 5.601280e-01 1.112000e-03 4.387600e-01
400 5.600000e-01 1.052000e-03 4.389480e-01
401 5.597960e-01 1.012000e-03 4.391920e-01
402 5.596000e-01 1.044000e-03 4.393560e-01
403 5.594480e-01 1.016000e-03 4.395360e-01
404 5.593080e-01 9.960000e-04 4.396960e-01
405 5.591160e-01 1.024000e-03 4.398600e-01
406 5.589360e-01 9.960000e-04 4.400680e-01
407 5.588120e-01 9.280000e-04 4.402600e-01
408 5.586520e-01 8.920000e-04 4.404560e-01
409 5.585520e-01 8.360000e-04 4.406120e-01
410 5.584320e-01 8.160000e-04 4.407520e-01
411 5.582920e-01 8.320000e-04 4.408760e-01
412 5.581720e-01 7.920000e-04 4.410360e-01
413 5.580320e-01 7.920000e-04 4.411760e-01
414 5.578480e-01 8.360000e-04 4.413160e-01
415 5.576400e-01 9.240000e-04 4.414360e-01
416 5.574520e-01 9.120000e-04 4.416360e-01
417 5.572880e-01 9.320000e-04 4.417800e-01
418 5.570920e-01 9.520000e-04 4.419560e-01
419 5.569000e-01 1.000000e-03 4.421000e-01
420 5.566960e-01 9.840000e-04 4.423200e-01
421 5.564760e-01 1.064000e-03 4.424600e-01
422 5.562280e-01 1.136000e-03 4.426360e-01
423 5.559920e-01 1.180000e-03 4.428280e-01
424 5.558160e-01 1.180000e-03 4.430040e-01
425 5.556280e-01 1.208000e-03 4.431640e-01
426 5.554720e-01 1.172000e-03 4.433560e-01
427 5.553080e-01 1.140000e-03 4.435520e-01
428 5.551600e-01 1.108000e-03 4.437320e-01
429 5.550480e-01 9.840000e-04 4.439680e-01
430 5.549120e-01 9.520000e-04 4.441360e-01
431 5.547400e-01 9.280000e-04 4.443320e-01
432 5.545280e-01 9.560000e-04 4.445160e-01
433 5.543840e-01 9.200000e-04 4.446960e-01
434 5.542320e-01 9.360000e-04 4.448320e-01
435 5.539960e-01 1.028000e-03 4.449760e-01
436 5.538480e-01 9.960000e-04 4.451560e-01
437 5.537120e-01 9.840000e-04 4.453040e-01
438 5.536000e-01 9.320000e-04 4.454680e-01
439 5.534720e-01 8.600000e-04 4.456680e-01
440 5.533320e-01 7.880000e-04 4.458800e-01
441 5.531800e-01 8.520000e-04 4.459680e-01
442 5.529680e-01 9.440000e-04 4.460880e-01
443 5.528400e-01 9.360000e-04 4.462240e-01
444 5.527120e-01 9.040000e-04 4.463840e-01
445 5.525480e-01 9.040000e-04 4.465480e-01
446 5.524240e-01 8.800000e-04 4.466960e-01
447 5.522600e-01 8.440000e-04 4.468960e-01
448 5.521120e-01 8.720000e-04 4.470160e-01
449 5.519760e-01 8.440000e-04 4.471800e-01
450 5.518160e-01 8.600000e-04 4.473240e-01
451 5.517160e-01 8.640000e-04 4.474200e-01
452 5.515960e-01 8.160000e-04 4.475880e-01
453 5.515240e-01 7.240000e-04 4.477520e-01
454 5.514320e-01 7.120000e-04 4.478560e-01
455 5.513320e-01 7.400000e-04 4.479280e-01
456 5.512160e-01 7.240000e-04 4.480600e-01
457 5.511040e-01 6.880000e-04 4.482080e-01
458 5.509760e-01 6.920000e-04 4.483320e-01
459 5.508280e-01 7.200000e-04 4.484520e-01
460 5.506920e-01 7.400000e-04 4.485680e-01
461 5.505240e-01 7.800000e-04 4.486960e-01
462 5.504160e-01 7.800000e-04 4.488040e-01
463 5.502720e-01 8.200000e-04 4.489080e-01
464 5.501640e-01 7.440000e-04 4.490920e-01
465 5.500200e-01 7.800000e-04 4.492000e-01
466 5.499120e-01 7.240000e-04 4.493640e-01
467 5.498080e-01 6.960000e-04 4.494960e-01
468 5.497000e-01 6.440000e-04 4.496560e-01
469 5.495880e-01 6.360000e-04 4.497760e-01
470 5.494800e-01 6.440000e-04 4.498760e-01
471 5.493720e-01 6.480000e-04 4.499800e-01
472 5.493000e-01 6.160000e-04 4.500840e-01
473 5.492440e-01 5.320000e-04 4.502240e-01
474 5.491720e-01 5.280000e-04 4.503000e-01
475 5.491000e-01 5.040000e-04 4.503960e-01
476 5.489880e-01 5.160000e-04 4.504960e-01
477 5.489040e-01 5.240000e-04 4.505720e-01
478 5.488040e-01 5.360000e-04 4.506600e-01
479 5.486680e-01 5.680000e-04 4.507640e-01
480 5.485840e-01 5.280000e-04 4.508880e-01
481 5.484920e-01 5.240000e-04 4.509840e-01
482 5.484680e-01 4.480000e-04 4.510840e-01
483 5.484320e-01 4.240000e-04 4.511440e-01
484 5.483640e-01 4.240000e-04 4.512120e-01
485 5.483400e-01 3.400000e-04 4.513200e-01
486 5.483080e-01 3.360000e-04 4.513560e-01
487 5.483000e-01 2.840000e-04 4.514160e-01
488 5.482720e-01 2.560000e-04 4.514720e-01
489 5.482480e-01 2.400000e-04 4.515120e-01
490 5.482160e-01 2.320000e-04 4.515520e-01
491 5.481920e-01 2.240000e-04 4.515840e-01
492 5.481480e-01 2.400000e-04 4.516120e-01
493 5.480960e-01 2.520000e-04 4.516520e-01
494 5.480600e-01 2.080000e-04 4.517320e-01
495 5.480120e-01 2.320000e-04 4.517560e-01
496 5.479720e-01 2.360000e-04 4.517920e-01
497 5.479480e-01 2.280000e-04 4.518240e-01
498 5.479120e-01 2.160000e-04 4.518720e-01
499 5.478640e-01 2.280000e-04 4.519080e-01
500 5.478400e-01 2.080000e-04 4.519520e-01
