1 9.991880e-01 7.120000e-04 1.000000e-04
2 9.986880e-01 1.048000e-03 2.640000e-04
3 9.980760e-01 1.456000e-03 4.680000e-04
4 9.974400e-01 1.848000e-03 7.120000e-04
5 9.967160e-01 2.180000e-03 1.104000e-03
6 9.958800e-01 2.596000e-03 1.524000e-03
7 9.949840e-01 3.024000e-03 1.992000e-03
8 9.938720e-01 3.660000e-03 2.468000e-03
9 9.928440e-01 4.028000e-03 3.128000e-03
10 9.916840e-01 4.416000e-03 3.900000e-03
11 9.905080e-01 4.872000e-03 4.620000e-03
12 9.892800e-01 5.252000e-03 5.468000e-03
13 9.879800e-01 5.516000e-03 6.504000e-03
14 9.865080e-01 5.944000e-03 7.548000e-03
15 9.852080e-01 6.244000e-03 8.548000e-03
16 9.838000e-01 6.624000e-03 9.576000e-03
17 9.822000e-01 7.052000e-03 1.074800e-02
18 9.806400e-01 7.464000e-03 1.189600e-02
19 9.789880e-01 7.848000e-03 1.316400e-02
20 9.773960e-01 7.996000e-03 1.460800e-02
21 9.755600e-01 8.452000e-03 1.598800e-02
22 9.741280e-01 8.580000e-03 1.729200e-02
23 9.725400e-01 8.580000e-03 1.888000e-02
24 9.710280e-01 8.576000e-03 2.039600e-02
25 9.693960e-01 8.732000e-03 2.187200e-02
26 9.678880e-01 8.684000e-03 2.342800e-02
27 9.663200e-01 8.824000e-03 2.485600e-02
28 9.646640e-01 8.948000e-03 2.638800e-02
29 9.629000e-01 9.192000e-03 2.790800e-02
30 9.610960e-01 9.372000e-03 2.953200e-02
31 9.593760e-01 9.556000e-03 3.106800e-02
32 9.574120e-01 9.800000e-03 3.278800e-02
33 9.554840e-01 9.960000e-03 3.455600e-02
34 9.535800e-01 1.020400e-02 3.621600e-02
35 9.516120e-01 1.042000e-02 3.796800e-02
36 9.496200e-01 1.052000e-02 3.986000e-02
37 9.476200e-01 1.064400e-02 4.173600e-02
38 9.455720e-01 1.074800e-02 4.368000e-02
39 9.435880e-01 1.082800e-02 4.558400e-02
40 9.416440e-01 1.093600e-02 4.742000e-02
41 9.396680e-01 1.095600e-02 4.937600e-02
42 9.374560e-01 1.127600e-02 5.126800e-02
43 9.354440e-01 1.128400e-02 5.327200e-02
44 9.334200e-01 1.132400e-02 5.525600e-02
45 9.316080e-01 1.112400e-02 5.726800e-02
46 9.295560e-01 1.120000e-02 5.924400e-02
47 9.276600e-01 1.108800e-02 6.125200e-02
48 9.256120e-01 1.114000e-02 6.324800e-02
49 9.233680e-01 1.157200e-02 6.506000e-02
50 9.212680e-01 1.174400e-02 6.698800e-02
51 9.191600e-01 1.165600e-02 6.918400e-02
52 9.171360e-01 1.173200e-02 7.113200e-02
53 9.150640e-01 1.178400e-02 7.315200e-02
54 9.129800e-01 1.180800e-02 7.521200e-02
55 9.109760e-01 1.177600e-02 7.724800e-02
56 9.089160e-01 1.173200e-02 7.935200e-02
57 9.068360e-01 1.186800e-02 8.129600e-02
58 9.049680e-01 1.162000e-02 8.341200e-02
59 9.029640e-01 1.169600e-02 8.534000e-02
60 9.010320e-01 1.162400e-02 8.734400e-02
61 8.989720e-01 1.172000e-02 8.930800e-02
62 8.971360e-01 1.156000e-02 9.130400e-02
63 8.952760e-01 1.138800e-02 9.333600e-02
64 8.932760e-01 1.134800e-02 9.537600e-02
65 8.912880e-01 1.138400e-02 9.732800e-02
66 8.892960e-01 1.146000e-02 9.924400e-02
67 8.872960e-01 1.136400e-02 1.013400e-01
68 8.851360e-01 1.168000e-02 1.031840e-01
69 8.831920e-01 1.163600e-02 1.051720e-01
70 8.811240e-01 1.172000e-02 1.071560e-01
71 8.790600e-01 1.172800e-02 1.092120e-01
72 8.769880e-01 1.184400e-02 1.111680e-01
73 8.751880e-01 1.158000e-02 1.132320e-01
74 8.732240e-01 1.144400e-02 1.153320e-01
75 8.713000e-01 1.146400e-02 1.172360e-01
76 8.691640e-01 1.163200e-02 1.192040e-01
77 8.670680e-01 1.160000e-02 1.213320e-01
78 8.650720e-01 1.168000e-02 1.232480e-01
79 8.631680e-01 1.134000e-02 1.254920e-01
80 8.611240e-01 1.142800e-02 1.274480e-01
81 8.592360e-01 1.133600e-02 1.294280e-01
82 8.572840e-01 1.134000e-02 1.313760e-01
83 8.552560e-01 1.141600e-02 1.333280e-01
84 8.530360e-01 1.150800e-02 1.354560e-01
85 8.509200e-01 1.174800e-02 1.373320e-01
86 8.489080e-01 1.165600e-02 1.394360e-01
87 8.468320e-01 1.154400e-02 1.416240e-01
88 8.449720e-01 1.140400e-02 1.436240e-01
89 8.428920e-01 1.136000e-02 1.457480e-01
90 8.408680e-01 1.136800e-02 1.477640e-01
91 8.391000e-01 1.110800e-02 1.497920e-01
92 8.371640e-01 1.114000e-02 1.516960e-01
93 8.353120e-01 1.104800e-02 1.536400e-01
94 8.334800e-01 1.093600e-02 1.555840e-01
95 8.316520e-01 1.098000e-02 1.573680e-01
96 8.297760e-01 1.100400e-02 1.592200e-01
97 8.279240e-01 1.099600e-02 1.610800e-01
98 8.259640e-01 1.105600e-02 1.629800e-01
99 8.242320e-01 1.089600e-02 1.648720e-01
100 8.225000e-01 1.084000e-02 1.666600e-01
101 8.207000e-01 1.086000e-02 1.684400e-01
102 8.189320e-01 1.068000e-02 1.703880e-01
103 8.171640e-01 1.046400e-02 1.723720e-01
104 8.154000e-01 1.033600e-02 1.742640e-01
105 8.134680e-01 1.045600e-02 1.760760e-01
106 8.116160e-01 1.048800e-02 1.778960e-01
107 8.097840e-01 1.040400e-02 1.798120e-01
108 8.079200e-01 1.050000e-02 1.815800e-01
109 8.060240e-01 1.051600e-02 1.834600e-01
110 8.041320e-01 1.049200e-02 1.853760e-01
111 8.021680e-01 1.058400e-02 1.872480e-01
112 8.003320e-01 1.061200e-02 1.890560e-01
113 7.984280e-01 1.060800e-02 1.909640e-01
114 7.964400e-01 1.080000e-02 1.927600e-01
115 7.945280e-01 1.095600e-02 1.945160e-01
116 7.926440e-01 1.102800e-02 1.963280e-01
117 7.905880e-01 1.119200e-02 1.982200e-01
118 7.887160e-01 1.115200e-02 2.001320e-01
119 7.867680e-01 1.109200e-02 2.021400e-01
120 7.848600e-01 1.114800e-02 2.039920e-01
121 7.832640e-01 1.088400e-02 2.058520e-01
122 7.816800e-01 1.067600e-02 2.076440e-01
123 7.798640e-01 1.072000e-02 2.094160e-01
124 7.782200e-01 1.058400e-02 2.111960e-01
125 7.764640e-01 1.038400e-02 2.131520e-01
126 7.746400e-01 1.038000e-02 2.149800e-01
127 7.728880e-01 1.024800e-02 2.168640e-01
128 7.710840e-01 1.024800e-02 2.186680e-01
129 7.694880e-01 1.013600e-02 2.203760e-01
130 7.677920e-01 1.014400e-02 2.220640e-01
131 7.661640e-01 1.004400e-02 2.237920e-01
132 7.645280e-01 1.003600e-02 2.254360e-01
133 7.628400e-01 9.988000e-03 2.271720e-01
134 7.612360e-01 9.764000e-03 2.290000e-01
135 7.595480e-01 9.624000e-03 2.308280e-01
136 7.579400e-01 9.544000e-03 2.325160e-01
137 7.563600e-01 9.460000e-03 2.341800e-01
138 7.547080e-01 9.512000e-03 2.357800e-01
139 7.529360e-01 9.512000e-03 2.375520e-01
140 7.513120e-01 9.448000e-03 2.392400e-01
141 7.496280e-01 9.464000e-03 2.409080e-01
142 7.480600e-01 9.488000e-03 2.424520e-01
143 7.463920e-01 9.560000e-03 2.440480e-01
144 7.447120e-01 9.540000e-03 2.457480e-01
145 7.429640e-01 9.592000e-03 2.474440e-01
146 7.413360e-01 9.640000e-03 2.490240e-01
147 7.397560e-01 9.600000e-03 2.506440e-01
148 7.381280e-01 9.496000e-03 2.523760e-01
149 7.366520e-01 9.244000e-03 2.541040e-01
150 7.350920e-01 9.232000e-03 2.556760e-01
151 7.335800e-01 9.088000e-03 2.573320e-01
152 7.320480e-01 8.832000e-03 2.591200e-01
153 7.303880e-01 9.048000e-03 2.605640e-01
154 7.291160e-01 8.716000e-03 2.621680e-01
155 7.278760e-01 8.372000e-03 2.637520e-01
156 7.265040e-01 8.312000e-03 2.651840e-01
157 7.251600e-01 8.260000e-03 2.665800e-01
158 7.238480e-01 8.312000e-03 2.678400e-01
159 7.223120e-01 8.380000e-03 2.693080e-01
160 7.209400e-01 8.272000e-03 2.707880e-01
161 7.194160e-01 8.328000e-03 2.722560e-01
162 7.179920e-01 8.360000e-03 2.736480e-01
163 7.163440e-01 8.440000e-03 2.752160e-01
164 7.150480e-01 8.204000e-03 2.767480e-01
165 7.136800e-01 8.116000e-03 2.782040e-01
166 7.123080e-01 8.072000e-03 2.796200e-01
167 7.107160e-01 8.208000e-03 2.810760e-01
168 7.092560e-01 8.240000e-03 2.825040e-01
169 7.080080e-01 8.080000e-03 2.839120e-01
170 7.066680e-01 7.948000e-03 2.853840e-01
171 7.054120e-01 7.768000e-03 2.868200e-01
172 7.041520e-01 7.628000e-03 2.882200e-01
173 7.027640e-01 7.784000e-03 2.894520e-01
174 7.014880e-01 7.656000e-03 2.908560e-01
175 7.003040e-01 7.484000e-03 2.922120e-01
176 6.990120e-01 7.524000e-03 2.934640e-01
177 6.978480e-01 7.404000e-03 2.947480e-01
178 6.966320e-01 7.420000e-03 2.959480e-01
179 6.954400e-01 7.416000e-03 2.971440e-01
180 6.942240e-01 7.332000e-03 2.984440e-01
181 6.930760e-01 7.260000e-03 2.996640e-01
182 6.919360e-01 7.148000e-03 3.009160e-01
183 6.907680e-01 6.996000e-03 3.022360e-01
184 6.895600e-01 6.980000e-03 3.034600e-01
185 6.882680e-01 7.136000e-03 3.045960e-01
186 6.870880e-01 7.052000e-03 3.058600e-01
187 6.859040e-01 7.080000e-03 3.070160e-01
188 6.845080e-01 7.224000e-03 3.082680e-01
189 6.833200e-01 7.092000e-03 3.095880e-01
190 6.820280e-01 7.176000e-03 3.107960e-01
191 6.807320e-01 7.132000e-03 3.121360e-01
192 6.795240e-01 7.080000e-03 3.133960e-01
193 6.783520e-01 6.988000e-03 3.146600e-01
194 6.771000e-01 7.048000e-03 3.158520e-01
195 6.758720e-01 6.992000e-03 3.171360e-01
196 6.746160e-01 7.064000e-03 3.183200e-01
197 6.732720e-01 7.260000e-03 3.194680e-01
198 6.720880e-01 7.196000e-03 3.207160e-01
199 6.706920e-01 7.348000e-03 3.219600e-01
200 6.694200e-01 7.364000e-03 3.232160e-01
201 6.680640e-01 7.324000e-03 3.246120e-01
202 6.668880e-01 7.016000e-03 3.260960e-01
203 6.655560e-01 7.088000e-03 3.273560e-01
204 6.644080e-01 7.024000e-03 3.285680e-01
205 6.632400e-01 6.976000e-03 3.297840e-01
206 6.621520e-01 6.896000e-03 3.309520e-01
207 6.610400e-01 6.812000e-03 3.321480e-01
208 6.598120e-01 6.876000e-03 3.333120e-01
209 6.588080e-01 6.616000e-03 3.345760e-01
210 6.577880e-01 6.520000e-03 3.356920e-01
211 6.567520e-01 6.424000e-03 3.368240e-01
212 6.556800e-01 6.368000e-03 3.379520e-01
213 6.547280e-01 6.164000e-03 3.391080e-01
214 6.538800e-01 5.844000e-03 3.402760e-01
215 6.528320e-01 5.868000e-03 3.413000e-01
216 6.519680e-01 5.744000e-03 3.422880e-01
217 6.510680e-01 5.712000e-03 3.432200e-01
218 6.501840e-01 5.644000e-03 3.441720e-01
219 6.493560e-01 5.492000e-03 3.451520e-01
220 6.484840e-01 5.276000e-03 3.462400e-01
221 6.477800e-01 5.048000e-03 3.471720e-01
222 6.470440e-01 4.904000e-03 3.480520e-01
223 6.462880e-01 4.848000e-03 3.488640e-01
224 6.456960e-01 4.632000e-03 3.496720e-01
225 6.449400e-01 4.576000e-03 3.504840e-01
226 6.441840e-01 4.596000e-03 3.512200e-01
227 6.434240e-01 4.508000e-03 3.520680e-01
228 6.427400e-01 4.432000e-03 3.528280e-01
229 6.419680e-01 4.468000e-03 3.535640e-01
230 6.412080e-01 4.488000e-03 3.543040e-01
231 6.403560e-01 4.596000e-03 3.550480e-01
232 6.395480e-01 4.500000e-03 3.559520e-01
233 6.388480e-01 4.380000e-03 3.567720e-01
234 6.380560e-01 4.412000e-03 3.575320e-01
235 6.372360e-01 4.468000e-03 3.582960e-01
236 6.364880e-01 4.428000e-03 3.590840e-01
237 6.356320e-01 4.448000e-03 3.599200e-01
238 6.347960e-01 4.512000e-03 3.606920e-01
239 6.339400e-01 4.552000e-03 3.615080e-01
240 6.332480e-01 4.344000e-03 3.624080e-01
241 6.325840e-01 4.196000e-03 3.632200e-01
242 6.319240e-01 4.120000e-03 3.639560e-01
243 6.313640e-01 3.968000e-03 3.646680e-01
244 6.307960e-01 3.868000e-03 3.653360e-01
245 6.302480e-01 3.704000e-03 3.660480e-01
246 6.296920e-01 3.552000e-03 3.667560e-01
247 6.290160e-01 3.620000e-03 3.673640e-01
248 6.283760e-01 3.668000e-03 3.679560e-01
249 6.277520e-01 3.608000e-03 3.686400e-01
250 6.271200e-01 3.616000e-03 3.692640e-01
251 6.265160e-01 3.560000e-03 3.699240e-01
252 6.259120e-01 3.528000e-03 3.705600e-01
253 6.253400e-01 3.512000e-03 3.711480e-01
254 6.247440e-01 3.532000e-03 3.717240e-01
255 6.241560e-01 3.424000e-03 3.724200e-01
256 6.235520e-01 3.400000e-03 3.730480e-01
257 6.229880e-01 3.392000e-03 3.736200e-01
258 6.224360e-01 3.328000e-03 3.742360e-01
259 6.218400e-01 3.352000e-03 3.748080e-01
260 6.212440e-01 3.388000e-03 3.753680e-01
261 6.206920e-01 3.292000e-03 3.760160e-01
262 6.201120e-01 3.340000e-03 3.765480e-01
263 6.194720e-01 3.380000e-03 3.771480e-01
264 6.188640e-01 3.452000e-03 3.776840e-01
265 6.183040e-01 3.388000e-03 3.783080e-01
266 6.177400e-01 3.428000e-03 3.788320e-01
267 6.171320e-01 3.372000e-03 3.794960e-01
268 6.166160e-01 3.260000e-03 3.801240e-01
269 6.160880e-01 3.228000e-03 3.806840e-01
270 6.155800e-01 3.204000e-03 3.812160e-01
271 6.150760e-01 3.208000e-03 3.817160e-01
272 6.145560e-01 3.124000e-03 3.823200e-01
273 6.140880e-01 3.068000e-03 3.828440e-01
274 6.135640e-01 3.092000e-03 3.833440e-01
275 6.130680e-01 3.064000e-03 3.838680e-01
276 6.125560e-01 3.056000e-03 3.843880e-01
277 6.120880e-01 2.984000e-03 3.849280e-01
278 6.117040e-01 2.776000e-03 3.855200e-01
279 6.112720e-01 2.704000e-03 3.860240e-01
280 6.108720e-01 2.636000e-03 3.864920e-01
281 6.103840e-01 2.692000e-03 3.869240e-01
282 6.099720e-01 2.640000e-03 3.873880e-01
283 6.095480e-01 2.620000e-03 3.878320e-01
284 6.090640e-01 2.668000e-03 3.882680e-01
285 6.086880e-01 2.552000e-03 3.887600e-01
286 6.082920e-01 2.528000e-03 3.891800e-01
287 6.078280e-01 2.572000e-03 3.896000e-01
288 6.074120e-01 2.548000e-03 3.900400e-01
289 6.070400e-01 2.428000e-03 3.905320e-01
290 6.065880e-01 2.416000e-03 3.909960e-01
291 6.061520e-01 2.428000e-03 3.914200e-01
292 6.057360e-01 2.416000e-03 3.918480e-01
293 6.052960e-01 2.436000e-03 3.922680e-01
294 6.048320e-01 2.504000e-03 3.926640e-01
295 6.044640e-01 2.428000e-03 3.931080e-01
296 6.041040e-01 2.368000e-03 3.935280e-01
297 6.037640e-01 2.324000e-03 3.939120e-01
298 6.034200e-01 2.264000e-03 3.943160e-01
299 6.030680e-01 2.272000e-03 3.946600e-01
300 6.026000e-01 2.320000e-03 3.950800e-01
301 6.022240e-01 2.336000e-03 3.954400e-01
302 6.018320e-01 2.296000e-03 3.958720e-01
303 6.014120e-01 2.220000e-03 3.963680e-01
304 6.010280e-01 2.168000e-03 3.968040e-01
305 6.007040e-01 2.064000e-03 3.972320e-01
306 6.003480e-01 2.084000e-03 3.975680e-01
307 5.999200e-01 2.132000e-03 3.979480e-01
308 5.994600e-01 2.224000e-03 3.983160e-01
309 5.990160e-01 2.280000e-03 3.987040e-01
310 5.985320e-01 2.376000e-03 3.990920e-01
311 5.981040e-01 2.444000e-03 3.994520e-01
312 5.977080e-01 2.436000e-03 3.998560e-01
313 5.973440e-01 2.332000e-03 4.003240e-01
314 5.969480e-01 2.388000e-03 4.006640e-01
315 5.965440e-01 2.400000e-03 4.010560e-01
316 5.961480e-01 2.364000e-03 4.014880e-01
317 5.957400e-01 2.336000e-03 4.019240e-01
318 5.954600e-01 2.216000e-03 4.023240e-01
319 5.951120e-01 2.140000e-03 4.027480e-01
320 5.947240e-01 2.172000e-03 4.031040e-01
321 5.943440e-01 2.136000e-03 4.035200e-01
322 5.939560e-01 2.156000e-03 4.038880e-01
323 5.935120e-01 2.184000e-03 4.043040e-01
324 5.931680e-01 2.152000e-03 4.046800e-01
325 5.927960e-01 2.136000e-03 4.050680e-01
326 5.924120e-01 2.144000e-03 4.054440e-01
327 5.920360e-01 2.136000e-03 4.058280e-01
328 5.917120e-01 2.076000e-03 4.062120e-01
329 5.913400e-01 2.068000e-03 4.065920e-01
330 5.910040e-01 2.008000e-03 4.069880e-01
331 5.906160e-01 2.060000e-03 4.073240e-01
332 5.902800e-01 2.068000e-03 4.076520e-01
333 5.899600e-01 2.036000e-03 4.080040e-01
334 5.896920e-01 1.920000e-03 4.083880e-01
335 5.894080e-01 1.896000e-03 4.086960e-01
336 5.891520e-01 1.836000e-03 4.090120e-01
337 5.888160e-01 1.860000e-03 4.093240e-01
338 5.885200e-01 1.836000e-03 4.096440e-01
339 5.882120e-01 1.740000e-03 4.100480e-01
340 5.879320e-01 1.740000e-03 4.103280e-01
341 5.876360e-01 1.804000e-03 4.105600e-01
342 5.874400e-01 1.692000e-03 4.108680e-01
343 5.872000e-01 1.688000e-03 4.111120e-01
344 5.869600e-01 1.616000e-03 4.114240e-01
345 5.867240e-01 1.584000e-03 4.116920e-01
346 5.864240e-01 1.596000e-03 4.119800e-01
347 5.861800e-01 1.552000e-03 4.122680e-01
348 5.859920e-01 1.440000e-03 4.125680e-01
349 5.857960e-01 1.388000e-03 4.128160e-01
350 5.855640e-01 1.376000e-03 4.130600e-01
351 5.852840e-01 1.432000e-03 4.132840e-01
352 5.850200e-01 1.468000e-03 4.135120e-01
353 5.847760e-01 1.432000e-03 4.137920e-01
354 5.845000e-01 1.476000e-03 4.140240e-01
355 5.842560e-01 1.448000e-03 4.142960e-01
356 5.839880e-01 1.460000e-03 4.145520e-01
357 5.837320e-01 1.476000e-03 4.147920e-01
358 5.834920e-01 1.436000e-03 4.150720e-01
359 5.832560e-01 1.392000e-03 4.153520e-01
360 5.830400e-01 1.368000e-03 4.155920e-01
361 5.827680e-01 1.400000e-03 4.158320e-01
362 5.825600e-01 1.392000e-03 4.160480e-01
363 5.823560e-01 1.376000e-03 4.162680e-01
364 5.821120e-01 1.324000e-03 4.165640e-01
365 5.819040e-01 1.332000e-03 4.167640e-01
366 5.816400e-01 1.404000e-03 4.169560e-01
367 5.814240e-01 1.428000e-03 4.171480e-01
368 5.811640e-01 1.424000e-03 4.174120e-01
369 5.809320e-01 1.420000e-03 4.176480e-01
370 5.807360e-01 1.348000e-03 4.179160e-01
371 5.805000e-01 1.392000e-03 4.181080e-01
372 5.802760e-01 1.424000e-03 4.183000e-01
373 5.800040e-01 1.460000e-03 4.185360e-01
374 5.797400e-01 1.456000e-03 4.188040e-01
375 5.794680e-01 1.456000e-03 4.190760e-01
376 5.792200e-01 1.428000e-03 4.193520e-01
377 5.789520e-01 1.472000e-03 4.195760e-01
378 5.787120e-01 1.396000e-03 4.198920e-01
379 5.784840e-01 1.368000e-03 4.201480e-01
380 5.782880e-01 1.316000e-03 4.203960e-01
381 5.780560e-01 1.392000e-03 4.205520e-01
382 5.778160e-01 1.380000e-03 4.208040e-01
383 5.775840e-01 1.392000e-03 4.210240e-01
384 5.772960e-01 1.408000e-03 4.212960e-01
385 5.770080e-01 1.428000e-03 4.215640e-01
386 5.767640e-01 1.412000e-03 4.218240e-01
387 5.765240e-01 1.448000e-03 4.220280e-01
388 5.762440e-01 1.440000e-03 4.223160e-01
389 5.760280e-01 1.380000e-03 4.225920e-01
390 5.758080e-01 1.368000e-03 4.228240e-01
391 5.755680e-01 1.392000e-03 4.230400e-01
392 5.753480e-01 1.364000e-03 4.232880e-01
393 5.751080e-01 1.368000e-03 4.235240e-01
394 5.749080e-01 1.292000e-03 4.238000e-01
395 5.746480e-01 1.344000e-03 4.240080e-01
396 5.744280e-01 1.320000e-03 4.242520e-01
397 5.742440e-01 1.272000e-03 4.244840e-01
398 5.740320e-01 1.208000e-03 4.247600e-01
399 5.738280e-01 1.260000e-03 4.249120e-01
400 5.736800e-01 1.164000e-03 4.251560e-01
401 5.735080e-01 1.148000e-03 4.253440e-01
402 5.733800e-01 1.060000e-03 4.255600e-01
403 5.732680e-01 1.008000e-03 4.257240e-01
404 5.731080e-01 9.600000e-04 4.259320e-01
405 5.729560e-01 9.200000e-04 4.261240e-01
406 5.728040e-01 9.080000e-04 4.262880e-01
407 5.726480e-01 9.160000e-04 4.264360e-01
408 5.724800e-01 8.720000e-04 4.266480e-01
409 5.723360e-01 8.840000e-04 4.267800e-01
410 5.721960e-01 8.640000e-04 4.269400e-01
411 5.720600e-01 8.440000e-04 4.270960e-01
412 5.718840e-01 8.600000e-04 4.272560e-01
413 5.716960e-01 8.560000e-04 4.274480e-01
414 5.715400e-01 8.440000e-04 4.276160e-01
415 5.713640e-01 8.840000e-04 4.277520e-01
416 5.711840e-01 9.000000e-04 4.279160e-01
417 5.709880e-01 9.200000e-04 4.280920e-01
418 5.707640e-01 9.600000e-04 4.282760e-01
419 5.706000e-01 9.560000e-04 4.284440e-01
420 5.703760e-01 9.920000e-04 4.286320e-01
421 5.702040e-01 1.012000e-03 4.287840e-01
422 5.700280e-01 1.028000e-03 4.289440e-01
423 5.698440e-01 1.084000e-03 4.290720e-01
424 5.696040e-01 1.112000e-03 4.292840e-01
425 5.694000e-01 1.124000e-03 4.294760e-01
426 5.691760e-01 1.192000e-03 4.296320e-01
427 5.689680e-01 1.232000e-03 4.298000e-01
428 5.687200e-01 1.232000e-03 4.300480e-01
429 5.684320e-01 1.304000e-03 4.302640e-01
430 5.682360e-01 1.240000e-03 4.305240e-01
431 5.679800e-01 1.336000e-03 4.306840e-01
432 5.678000e-01 1.296000e-03 4.309040e-01
433 5.676200e-01 1.264000e-03 4.311160e-01
434 5.673960e-01 1.228000e-03 4.313760e-01
435 5.672400e-01 1.136000e-03 4.316240e-01
436 5.670880e-01 1.136000e-03 4.317760e-01
437 5.668680e-01 1.140000e-03 4.319920e-01
438 5.666720e-01 1.156000e-03 4.321720e-01
439 5.664960e-01 1.140000e-03 4.323640e-01
440 5.663320e-01 1.048000e-03 4.326200e-01
441 5.661680e-01 1.008000e-03 4.328240e-01
442 5.659440e-01 1.064000e-03 4.329920e-01
443 5.657880e-01 1.072000e-03 4.331400e-01
444 5.656000e-01 1.072000e-03 4.333280e-01
445 5.654160e-01 1.072000e-03 4.335120e-01
446 5.653120e-01 9.960000e-04 4.336920e-01
447 5.650880e-01 1.020000e-03 4.338920e-01
448 5.649000e-01 1.072000e-03 4.340280e-01
449 5.647200e-01 1.032000e-03 4.342480e-01
450 5.646040e-01 9.480000e-04 4.344480e-01
451 5.644240e-01 9.480000e-04 4.346280e-01
452 5.643000e-01 8.840000e-04 4.348160e-01
453 5.641560e-01 9.160000e-04 4.349280e-01
454 5.639600e-01 9.640000e-04 4.350760e-01
455 5.638160e-01 9.440000e-04 4.352400e-01
456 5.636880e-01 9.400000e-04 4.353720e-01
457 5.635240e-01 9.600000e-04 4.355160e-01
458 5.633720e-01 8.960000e-04 4.357320e-01
459 5.632240e-01 8.600000e-04 4.359160e-01
460 5.631320e-01 7.800000e-04 4.360880e-01
461 5.630400e-01 7.800000e-04 4.361800e-01
462 5.629720e-01 7.440000e-04 4.362840e-01
463 5.628640e-01 7.120000e-04 4.364240e-01
464 5.627320e-01 6.880000e-04 4.365800e-01
465 5.626520e-01 6.200000e-04 4.367280e-01
466 5.625920e-01 5.840000e-04 4.368240e-01
467 5.625120e-01 5.720000e-04 4.369160e-01
468 5.624480e-01 5.240000e-04 4.370280e-01
469 5.623600e-01 5.080000e-04 4.371320e-01
470 5.623000e-01 5.160000e-04 4.371840e-01
471 5.622480e-01 4.640000e-04 4.372880e-01
472 5.621680e-01 4.520000e-04 4.373800e-01
473 5.620440e-01 4.480000e-04 4.375080e-01
474 5.619400e-01 4.920000e-04 4.375680e-01
475 5.618080e-01 5.400000e-04 4.376520e-01
476 5.617560e-01 5.000000e-04 4.377440e-01
477 5.616480e-01 5.160000e-04 4.378360e-01
478 5.615680e-01 5.000000e-04 4.379320e-01
479 5.614080e-01 5.600000e-04 4.380320e-01
480 5.613000e-01 5.480000e-04 4.381520e-01
481 5.612080e-01 5.400000e-04 4.382520e-01
482 5.610880e-01 5.600000e-04 4.383520e-01
483 5.609840e-01 5.720000e-04 4.384440e-01
484 5.609160e-01 5.600000e-04 4.385240e-01
485 5.608400e-01 5.560000e-04 4.386040e-01
486 5.607600e-01 5.680000e-04 4.386720e-01
487 5.607000e-01 4.880000e-04 4.388120e-01
488 5.606400e-01 4.560000e-04 4.389040e-01
489 5.605960e-01 4.360000e-04 4.389680e-01
490 5.605320e-01 4.240000e-04 4.390440e-01
491 5.604720e-01 4.040000e-04 4.391240e-01
492 5.604160e-01 3.800000e-04 4.392040e-01
493 5.603360e-01 4.200000e-04 4.392440e-01
494 5.603000e-01 3.720000e-04 4.393280e-01
495 5.602320e-01 3.760000e-04 4.393920e-01
496 5.601760e-01 3.560000e-04 4.394680e-01
497 5.601160e-01 3.680000e-04 4.395160e-01
498 5.600280e-01 3.760000e-04 4.395960e-01
499 5.599800e-01 3.680000e-04 4.396520e-01
500 5.599160e-01 3.200000e-04 4.397640e-01
