1 9.991760e-01 7.320000e-04 9.200000e-05
2 9.986200e-01 1.132000e-03 2.480000e-04
3 9.979920e-01 1.560000e-03 4.480000e-04
4 9.972560e-01 1.924000e-03 8.200000e-04
5 9.965640e-01 2.256000e-03 1.180000e-03
6 9.956800e-01 2.680000e-03 1.640000e-03
7 9.947720e-01 3.116000e-03 2.112000e-03
8 9.937680e-01 3.556000e-03 2.676000e-03
9 9.927480e-01 3.928000e-03 3.324000e-03
10 9.917680e-01 4.172000e-03 4.060000e-03
11 9.907240e-01 4.452000e-03 4.824000e-03
12 9.895880e-01 4.784000e-03 5.628000e-03
13 9.884000e-01 5.092000e-03 6.508000e-03
14 9.871360e-01 5.396000e-03 7.468000e-03
15 9.858080e-01 5.808000e-03 8.384000e-03
16 9.845120e-01 6.100000e-03 9.388000e-03
17 9.831040e-01 6.448000e-03 1.044800e-02
18 9.818880e-01 6.428000e-03 1.168400e-02
19 9.805800e-01 6.584000e-03 1.283600e-02
20 9.792200e-01 6.876000e-03 1.390400e-02
21 9.778920e-01 6.956000e-03 1.515200e-02
22 9.764960e-01 7.124000e-03 1.638000e-02
23 9.752360e-01 7.172000e-03 1.759200e-02
24 9.737160e-01 7.488000e-03 1.879600e-02
25 9.722520e-01 7.696000e-03 2.005200e-02
26 9.707440e-01 7.844000e-03 2.141200e-02
27 9.692440e-01 7.964000e-03 2.279200e-02
28 9.676120e-01 8.276000e-03 2.411200e-02
29 9.662040e-01 8.188000e-03 2.560800e-02
30 9.647640e-01 8.204000e-03 2.703200e-02
31 9.634200e-01 8.092000e-03 2.848800e-02
32 9.618960e-01 8.208000e-03 2.989600e-02
33 9.605080e-01 8.216000e-03 3.127600e-02
34 9.591640e-01 8.020000e-03 3.281600e-02
35 9.576840e-01 8.060000e-03 3.425600e-02
36 9.560600e-01 8.252000e-03 3.568800e-02
37 9.545720e-01 8.224000e-03 3.720400e-02
38 9.528400e-01 8.608000e-03 3.855200e-02
39 9.514400e-01 8.544000e-03 4.001600e-02
40 9.498920e-01 8.584000e-03 4.152400e-02
41 9.483000e-01 8.660000e-03 4.304000e-02
42 9.468520e-01 8.528000e-03 4.462000e-02
43 9.453720e-01 8.468000e-03 4.616000e-02
44 9.438920e-01 8.536000e-03 4.757200e-02
45 9.424480e-01 8.556000e-03 4.899600e-02
46 9.409520e-01 8.520000e-03 5.052800e-02
47 9.396640e-01 8.376000e-03 5.196000e-02
48 9.382120e-01 8.348000e-03 5.344000e-02
49 9.368960e-01 8.264000e-03 5.484000e-02
50 9.353920e-01 8.396000e-03 5.621200e-02
51 9.339240e-01 8.460000e-03 5.761600e-02
52 9.324440e-01 8.356000e-03 5.920000e-02
53 9.309520e-01 8.328000e-03 6.072000e-02
54 9.295120e-01 8.224000e-03 6.226400e-02
55 9.280800e-01 8.296000e-03 6.362400e-02
56 9.265040e-01 8.516000e-03 6.498000e-02
57 9.250520e-01 8.420000e-03 6.652800e-02
58 9.236640e-01 8.212000e-03 6.812400e-02
59 9.222160e-01 8.364000e-03 6.942000e-02
60 9.205920e-01 8.640000e-03 7.076800e-02
61 9.190440e-01 8.648000e-03 7.230800e-02
62 9.175080e-01 8.632000e-03 7.386000e-02
63 9.159840e-01 8.708000e-03 7.530800e-02
64 9.144920e-01 8.740000e-03 7.676800e-02
65 9.131440e-01 8.632000e-03 7.822400e-02
66 9.116200e-01 8.596000e-03 7.978400e-02
67 9.101760e-01 8.520000e-03 8.130400e-02
68 9.086320e-01 8.480000e-03 8.288800e-02
69 9.071440e-01 8.476000e-03 8.438000e-02
70 9.056160e-01 8.660000e-03 8.572400e-02
71 9.040920e-01 8.600000e-03 8.730800e-02
72 9.026480e-01 8.444000e-03 8.890800e-02
73 9.012680e-01 8.388000e-03 9.034400e-02
74 8.997160e-01 8.460000e-03 9.182400e-02
75 8.980880e-01 8.524000e-03 9.338800e-02
76 8.965120e-01 8.544000e-03 9.494400e-02
77 8.948440e-01 8.760000e-03 9.639600e-02
78 8.933920e-01 8.676000e-03 9.793200e-02
79 8.918840e-01 8.604000e-03 9.951200e-02
80 8.903920e-01 8.712000e-03 1.008960e-01
81 8.888160e-01 8.764000e-03 1.024200e-01
82 8.871840e-01 8.908000e-03 1.039080e-01
83 8.856480e-01 8.952000e-03 1.054000e-01
84 8.840720e-01 9.008000e-03 1.069200e-01
85 8.824680e-01 9.032000e-03 1.085000e-01
86 8.810360e-01 8.976000e-03 1.099880e-01
87 8.795640e-01 8.928000e-03 1.115080e-01
88 8.781320e-01 8.884000e-03 1.129840e-01
89 8.766480e-01 8.712000e-03 1.146400e-01
90 8.753000e-01 8.440000e-03 1.162600e-01
91 8.739960e-01 8.396000e-03 1.176080e-01
92 8.724600e-01 8.548000e-03 1.189920e-01
93 8.710200e-01 8.552000e-03 1.204280e-01
94 8.696760e-01 8.496000e-03 1.218280e-01
95 8.682000e-01 8.452000e-03 1.233480e-01
96 8.667400e-01 8.356000e-03 1.249040e-01
97 8.652640e-01 8.432000e-03 1.263040e-01
98 8.638200e-01 8.496000e-03 1.276840e-01
99 8.624000e-01 8.516000e-03 1.290840e-01
100 8.610400e-01 8.448000e-03 1.305120e-01
101 8.598200e-01 8.264000e-03 1.319160e-01
102 8.584080e-01 8.212000e-03 1.333800e-01
103 8.569840e-01 8.252000e-03 1.347640e-01
104 8.556800e-01 8.172000e-03 1.361480e-01
105 8.543120e-01 8.080000e-03 1.376080e-01
106 8.529800e-01 8.092000e-03 1.389280e-01
107 8.517480e-01 7.920000e-03 1.403320e-01
108 8.504760e-01 7.868000e-03 1.416560e-01
109 8.490080e-01 7.924000e-03 1.430680e-01
110 8.477640e-01 7.748000e-03 1.444880e-01
111 8.464680e-01 7.708000e-03 1.458240e-01
112 8.452480e-01 7.568000e-03 1.471840e-01
113 8.440160e-01 7.428000e-03 1.485560e-01
114 8.428280e-01 7.352000e-03 1.498200e-01
115 8.417760e-01 6.996000e-03 1.512280e-01
116 8.406800e-01 6.812000e-03 1.525080e-01
117 8.395440e-01 6.772000e-03 1.536840e-01
118 8.384920e-01 6.616000e-03 1.548920e-01
119 8.373800e-01 6.616000e-03 1.560040e-01
120 8.363680e-01 6.452000e-03 1.571800e-01
121 8.354160e-01 6.316000e-03 1.582680e-01
122 8.344560e-01 6.192000e-03 1.593520e-01
123 8.335040e-01 6.080000e-03 1.604160e-01
124 8.325320e-01 5.992000e-03 1.614760e-01
125 8.315240e-01 5.892000e-03 1.625840e-01
126 8.306640e-01 5.740000e-03 1.635960e-01
127 8.296360e-01 5.752000e-03 1.646120e-01
128 8.287280e-01 5.604000e-03 1.656680e-01
129 8.279120e-01 5.432000e-03 1.666560e-01
130 8.270560e-01 5.356000e-03 1.675880e-01
131 8.261040e-01 5.428000e-03 1.684680e-01
132 8.252280e-01 5.276000e-03 1.694960e-01
133 8.243640e-01 5.176000e-03 1.704600e-01
134 8.235000e-01 5.092000e-03 1.714080e-01
135 8.225720e-01 5.036000e-03 1.723920e-01
136 8.217800e-01 4.920000e-03 1.733000e-01
137 8.208280e-01 5.000000e-03 1.741720e-01
138 8.200120e-01 5.024000e-03 1.749640e-01
139 8.191080e-01 5.152000e-03 1.757400e-01
140 8.180400e-01 5.288000e-03 1.766720e-01
141 8.170800e-01 5.416000e-03 1.775040e-01
142 8.161760e-01 5.388000e-03 1.784360e-01
143 8.152320e-01 5.400000e-03 1.793680e-01
144 8.142680e-01 5.476000e-03 1.802560e-01
145 8.134360e-01 5.312000e-03 1.812520e-01
146 8.125320e-01 5.196000e-03 1.822720e-01
147 8.116120e-01 5.136000e-03 1.832520e-01
148 8.107760e-01 5.080000e-03 1.841440e-01
149 8.098400e-01 5.152000e-03 1.850080e-01
150 8.090760e-01 5.012000e-03 1.859120e-01
151 8.081560e-01 5.036000e-03 1.868080e-01
152 8.072120e-01 5.044000e-03 1.877440e-01
153 8.063640e-01 5.084000e-03 1.885520e-01
154 8.055000e-01 4.960000e-03 1.895400e-01
155 8.046120e-01 5.044000e-03 1.903440e-01
156 8.039200e-01 4.888000e-03 1.911920e-01
157 8.030160e-01 4.928000e-03 1.920560e-01
158 8.021720e-01 4.848000e-03 1.929800e-01
159 8.013120e-01 4.832000e-03 1.938560e-01
160 8.006120e-01 4.676000e-03 1.947120e-01
161 7.998680e-01 4.604000e-03 1.955280e-01
162 7.991200e-01 4.620000e-03 1.962600e-01
163 7.983040e-01 4.616000e-03 1.970800e-01
164 7.976160e-01 4.564000e-03 1.978200e-01
165 7.968960e-01 4.504000e-03 1.986000e-01
166 7.960920e-01 4.588000e-03 1.993200e-01
167 7.953480e-01 4.428000e-03 2.002240e-01
168 7.946120e-01 4.376000e-03 2.010120e-01
169 7.937720e-01 4.456000e-03 2.017720e-01
170 7.930560e-01 4.464000e-03 2.024800e-01
171 7.923840e-01 4.456000e-03 2.031600e-01
172 7.915640e-01 4.500000e-03 2.039360e-01
173 7.908680e-01 4.416000e-03 2.047160e-01
174 7.903480e-01 4.172000e-03 2.054800e-01
175 7.896920e-01 4.108000e-03 2.062000e-01
176 7.890200e-01 3.984000e-03 2.069960e-01
177 7.884440e-01 3.944000e-03 2.076120e-01
178 7.876920e-01 4.032000e-03 2.082760e-01
179 7.870520e-01 4.016000e-03 2.089320e-01
180 7.864680e-01 3.968000e-03 2.095640e-01
181 7.859240e-01 3.800000e-03 2.102760e-01
182 7.853160e-01 3.664000e-03 2.110200e-01
183 7.846520e-01 3.716000e-03 2.116320e-01
184 7.840240e-01 3.716000e-03 2.122600e-01
185 7.833440e-01 3.740000e-03 2.129160e-01
186 7.825520e-01 3.892000e-03 2.135560e-01
187 7.819360e-01 3.820000e-03 2.142440e-01
188 7.813040e-01 3.804000e-03 2.148920e-01
189 7.807080e-01 3.712000e-03 2.155800e-01
190 7.801400e-01 3.632000e-03 2.162280e-01
191 7.796360e-01 3.500000e-03 2.168640e-01
192 7.790000e-01 3.492000e-03 2.175080e-01
193 7.783880e-01 3.444000e-03 2.181680e-01
194 7.777200e-01 3.492000e-03 2.187880e-01
195 7.770880e-01 3.556000e-03 2.193560e-01
196 7.765040e-01 3.496000e-03 2.200000e-01
197 7.759320e-01 3.500000e-03 2.205680e-01
198 7.752440e-01 3.572000e-03 2.211840e-01
199 7.746720e-01 3.488000e-03 2.218400e-01
200 7.741080e-01 3.320000e-03 2.225720e-01
201 7.735320e-01 3.232000e-03 2.232360e-01
202 7.730120e-01 3.168000e-03 2.238200e-01
203 7.725600e-01 3.144000e-03 2.242960e-01
204 7.720560e-01 3.116000e-03 2.248280e-01
205 7.714960e-01 3.148000e-03 2.253560e-01
206 7.710240e-01 3.108000e-03 2.258680e-01
207 7.705040e-01 2.992000e-03 2.265040e-01
208 7.699800e-01 2.944000e-03 2.270760e-01
209 7.695840e-01 2.792000e-03 2.276240e-01
210 7.691680e-01 2.728000e-03 2.281040e-01
211 7.687600e-01 2.668000e-03 2.285720e-01
212 7.683280e-01 2.640000e-03 2.290320e-01
213 7.677840e-01 2.644000e-03 2.295720e-01
214 7.673240e-01 2.640000e-03 2.300360e-01
215 7.668120e-01 2.696000e-03 2.304920e-01
216 7.662320e-01 2.888000e-03 2.308800e-01
217 7.657880e-01 2.836000e-03 2.313760e-01
218 7.652720e-01 2.824000e-03 2.319040e-01
219 7.647000e-01 2.852000e-03 2.324480e-01
220 7.641160e-01 2.868000e-03 2.330160e-01
221 7.634720e-01 2.968000e-03 2.335600e-01
222 7.628440e-01 3.140000e-03 2.340160e-01
223 7.622360e-01 3.236000e-03 2.345280e-01
224 7.617000e-01 3.220000e-03 2.350800e-01
225 7.611840e-01 3.196000e-03 2.356200e-01
226 7.606160e-01 3.144000e-03 2.362400e-01
227 7.600960e-01 3.108000e-03 2.367960e-01
228 7.595120e-01 3.112000e-03 2.373760e-01
229 7.589920e-01 3.092000e-03 2.379160e-01
230 7.584920e-01 3.160000e-03 2.383480e-01
231 7.580480e-01 3.160000e-03 2.387920e-01
232 7.574880e-01 3.148000e-03 2.393640e-01
233 7.569560e-01 3.092000e-03 2.399520e-01
234 7.564560e-01 2.996000e-03 2.405480e-01
235 7.559880e-01 2.800000e-03 2.412120e-01
236 7.555200e-01 2.792000e-03 2.416880e-01
237 7.550200e-01 2.816000e-03 2.421640e-01
238 7.545720e-01 2.764000e-03 2.426640e-01
239 7.540760e-01 2.788000e-03 2.431360e-01
240 7.535720e-01 2.748000e-03 2.436800e-01
241 7.530320e-01 2.836000e-03 2.441320e-01
242 7.523720e-01 3.012000e-03 2.446160e-01
243 7.516920e-01 3.116000e-03 2.451920e-01
244 7.510040e-01 3.300000e-03 2.456960e-01
245 7.503360e-01 3.368000e-03 2.462960e-01
246 7.497800e-01 3.348000e-03 2.468720e-01
247 7.492520e-01 3.360000e-03 2.473880e-01
248 7.487240e-01 3.236000e-03 2.480400e-01
249 7.481960e-01 3.124000e-03 2.486800e-01
250 7.476760e-01 3.128000e-03 2.491960e-01
251 7.470200e-01 3.184000e-03 2.497960e-01
252 7.464120e-01 3.308000e-03 2.502800e-01
253 7.458360e-01 3.328000e-03 2.508360e-01
254 7.452720e-01 3.324000e-03 2.514040e-01
255 7.447640e-01 3.256000e-03 2.519800e-01
256 7.441560e-01 3.256000e-03 2.525880e-01
257 7.435880e-01 3.264000e-03 2.531480e-01
258 7.430120e-01 3.284000e-03 2.537040e-01
259 7.423320e-01 3.344000e-03 2.543240e-01
260 7.417080e-01 3.296000e-03 2.549960e-01
261 7.411600e-01 3.264000e-03 2.555760e-01
262 7.406000e-01 3.296000e-03 2.561040e-01
263 7.400160e-01 3.344000e-03 2.566400e-01
264 7.393360e-01 3.412000e-03 2.572520e-01
265 7.388600e-01 3.208000e-03 2.579320e-01
266 7.383920e-01 3.060000e-03 2.585480e-01
267 7.378760e-01 3.004000e-03 2.591200e-01
268 7.373440e-01 3.000000e-03 2.596560e-01
269 7.369400e-01 2.840000e-03 2.602200e-01
270 7.364520e-01 2.828000e-03 2.607200e-01
271 7.360360e-01 2.800000e-03 2.611640e-01
272 7.356320e-01 2.760000e-03 2.616080e-01
273 7.351240e-01 2.796000e-03 2.620800e-01
274 7.346280e-01 2.792000e-03 2.625800e-01
275 7.341520e-01 2.816000e-03 2.630320e-01
276 7.337560e-01 2.752000e-03 2.634920e-01
277 7.333040e-01 2.820000e-03 2.638760e-01
278 7.329240e-01 2.612000e-03 2.644640e-01
279 7.324720e-01 2.632000e-03 2.648960e-01
280 7.320200e-01 2.628000e-03 2.653520e-01
281 7.314480e-01 2.780000e-03 2.657720e-01
282 7.309560e-01 2.784000e-03 2.662600e-01
283 7.304720e-01 2.824000e-03 2.667040e-01
284 7.299600e-01 2.804000e-03 2.672360e-01
285 7.294800e-01 2.756000e-03 2.677640e-01
286 7.289240e-01 2.800000e-03 2.682760e-01
287 7.284280e-01 2.764000e-03 2.688080e-01
288 7.279440e-01 2.768000e-03 2.692880e-01
289 7.274000e-01 2.884000e-03 2.697160e-01
290 7.268080e-01 2.960000e-03 2.702320e-01
291 7.261880e-01 3.064000e-03 2.707480e-01
292 7.257000e-01 3.092000e-03 2.712080e-01
293 7.252120e-01 2.932000e-03 2.718560e-01
294 7.247200e-01 2.888000e-03 2.723920e-01
295 7.242240e-01 2.864000e-03 2.729120e-01
296 7.238320e-01 2.760000e-03 2.734080e-01
297 7.233120e-01 2.840000e-03 2.738480e-01
298 7.228440e-01 2.884000e-03 2.742720e-01
299 7.224760e-01 2.788000e-03 2.747360e-01
300 7.220280e-01 2.720000e-03 2.752520e-01
301 7.215840e-01 2.668000e-03 2.757480e-01
302 7.211320e-01 2.648000e-03 2.762200e-01
303 7.206800e-01 2.624000e-03 2.766960e-01
304 7.202880e-01 2.604000e-03 2.771080e-01
305 7.197840e-01 2.648000e-03 2.775680e-01
306 7.192920e-01 2.652000e-03 2.780560e-01
307 7.188040e-01 2.768000e-03 2.784280e-01
308 7.182920e-01 2.844000e-03 2.788640e-01
309 7.178000e-01 2.864000e-03 2.793360e-01
310 7.173720e-01 2.892000e-03 2.797360e-01
311 7.169040e-01 2.900000e-03 2.801960e-01
312 7.164720e-01 2.872000e-03 2.806560e-01
313 7.159920e-01 2.824000e-03 2.811840e-01
314 7.156520e-01 2.700000e-03 2.816480e-01
315 7.152920e-01 2.628000e-03 2.820800e-01
316 7.149480e-01 2.544000e-03 2.825080e-01
317 7.146560e-01 2.420000e-03 2.829240e-01
318 7.143840e-01 2.308000e-03 2.833080e-01
319 7.140920e-01 2.240000e-03 2.836680e-01
320 7.138040e-01 2.160000e-03 2.840360e-01
321 7.135000e-01 2.080000e-03 2.844200e-01
322 7.131240e-01 2.068000e-03 2.848080e-01
323 7.129080e-01 1.908000e-03 2.851840e-01
324 7.125920e-01 1.892000e-03 2.855160e-01
325 7.123080e-01 1.776000e-03 2.859160e-01
326 7.121240e-01 1.652000e-03 2.862240e-01
327 7.118120e-01 1.680000e-03 2.865080e-01
328 7.115640e-01 1.660000e-03 2.867760e-01
329 7.113240e-01 1.632000e-03 2.870440e-01
330 7.110640e-01 1.556000e-03 2.873800e-01
331 7.107840e-01 1.596000e-03 2.876200e-01
332 7.104960e-01 1.672000e-03 2.878320e-01
333 7.102360e-01 1.680000e-03 2.880840e-01
334 7.099760e-01 1.652000e-03 2.883720e-01
335 7.096880e-01 1.672000e-03 2.886400e-01
336 7.093680e-01 1.668000e-03 2.889640e-01
337 7.090920e-01 1.652000e-03 2.892560e-01
338 7.088440e-01 1.544000e-03 2.896120e-01
339 7.085760e-01 1.528000e-03 2.898960e-01
340 7.083560e-01 1.508000e-03 2.901360e-01
341 7.080840e-01 1.496000e-03 2.904200e-01
342 7.077840e-01 1.480000e-03 2.907360e-01
343 7.075440e-01 1.460000e-03 2.909960e-01
344 7.073240e-01 1.420000e-03 2.912560e-01
345 7.070680e-01 1.412000e-03 2.915200e-01
346 7.067640e-01 1.476000e-03 2.917600e-01
347 7.064200e-01 1.580000e-03 2.920000e-01
348 7.060720e-01 1.680000e-03 2.922480e-01
349 7.057920e-01 1.708000e-03 2.925000e-01
350 7.055240e-01 1.608000e-03 2.928680e-01
351 7.052320e-01 1.632000e-03 2.931360e-01
352 7.050080e-01 1.608000e-03 2.933840e-01
353 7.047040e-01 1.632000e-03 2.936640e-01
354 7.045200e-01 1.548000e-03 2.939320e-01
355 7.042240e-01 1.568000e-03 2.942080e-01
356 7.038320e-01 1.672000e-03 2.944960e-01
357 7.035280e-01 1.672000e-03 2.948000e-01
358 7.032480e-01 1.664000e-03 2.950880e-01
359 7.028920e-01 1.724000e-03 2.953840e-01
360 7.025640e-01 1.756000e-03 2.956800e-01
361 7.022440e-01 1.812000e-03 2.959440e-01
362 7.019680e-01 1.748000e-03 2.962840e-01
363 7.016760e-01 1.720000e-03 2.966040e-01
364 7.014080e-01 1.692000e-03 2.969000e-01
365 7.011360e-01 1.696000e-03 2.971680e-01
366 7.008720e-01 1.620000e-03 2.975080e-01
367 7.006520e-01 1.516000e-03 2.978320e-01
368 7.004680e-01 1.400000e-03 2.981320e-01
369 7.002760e-01 1.336000e-03 2.983880e-01
370 7.000600e-01 1.316000e-03 2.986240e-01
371 6.999000e-01 1.288000e-03 2.988120e-01
372 6.997280e-01 1.196000e-03 2.990760e-01
373 6.995840e-01 1.140000e-03 2.992760e-01
374 6.993920e-01 1.132000e-03 2.994760e-01
375 6.992000e-01 1.152000e-03 2.996480e-01
376 6.990080e-01 1.172000e-03 2.998200e-01
377 6.988440e-01 1.152000e-03 3.000040e-01
378 6.986680e-01 1.148000e-03 3.001840e-01
379 6.984480e-01 1.168000e-03 3.003840e-01
380 6.982160e-01 1.188000e-03 3.005960e-01
381 6.979120e-01 1.288000e-03 3.008000e-01
382 6.977080e-01 1.256000e-03 3.010360e-01
383 6.974960e-01 1.208000e-03 3.012960e-01
384 6.973400e-01 1.160000e-03 3.015000e-01
385 6.971680e-01 1.120000e-03 3.017120e-01
386 6.970120e-01 1.020000e-03 3.019680e-01
387 6.968640e-01 1.032000e-03 3.021040e-01
388 6.966880e-01 1.008000e-03 3.023040e-01
389 6.965160e-01 9.840000e-04 3.025000e-01
390 6.963320e-01 1.024000e-03 3.026440e-01
391 6.961440e-01 1.008000e-03 3.028480e-01
392 6.959560e-01 1.024000e-03 3.030200e-01
393 6.957240e-01 1.072000e-03 3.032040e-01
394 6.955200e-01 1.080000e-03 3.034000e-01
395 6.953040e-01 1.108000e-03 3.035880e-01
396 6.950560e-01 1.152000e-03 3.037920e-01
397 6.948920e-01 1.112000e-03 3.039960e-01
398 6.946920e-01 1.120000e-03 3.041880e-01
399 6.944800e-01 1.132000e-03 3.043880e-01
400 6.943160e-01 1.132000e-03 3.045520e-01
401 6.941200e-01 1.080000e-03 3.048000e-01
402 6.939560e-01 1.084000e-03 3.049600e-01
403 6.938000e-01 1.028000e-03 3.051720e-01
404 6.936600e-01 1.020000e-03 3.053200e-01
405 6.935120e-01 1.044000e-03 3.054440e-01
406 6.934040e-01 9.560000e-04 3.056400e-01
407 6.932480e-01 9.640000e-04 3.057880e-01
408 6.930640e-01 1.004000e-03 3.059320e-01
409 6.929360e-01 9.480000e-04 3.061160e-01
410 6.927640e-01 9.320000e-04 3.063040e-01
411 6.926120e-01 9.160000e-04 3.064720e-01
412 6.924720e-01 8.880000e-04 3.066400e-01
413 6.923080e-01 8.600000e-04 3.068320e-01
414 6.921320e-01 8.600000e-04 3.070080e-01
415 6.920200e-01 8.200000e-04 3.071600e-01
416 6.918680e-01 8.680000e-04 3.072640e-01
417 6.917280e-01 7.920000e-04 3.074800e-01
418 6.915840e-01 8.080000e-04 3.076080e-01
419 6.915080e-01 7.440000e-04 3.077480e-01
420 6.913600e-01 7.560000e-04 3.078840e-01
421 6.912360e-01 7.360000e-04 3.080280e-01
422 6.910200e-01 8.280000e-04 3.081520e-01
423 6.908600e-01 8.120000e-04 3.083280e-01
424 6.907160e-01 8.400000e-04 3.084440e-01
425 6.905240e-01 8.880000e-04 3.085880e-01
426 6.903720e-01 8.960000e-04 3.087320e-01
427 6.902680e-01 8.720000e-04 3.088600e-01
428 6.900320e-01 9.320000e-04 3.090360e-01
429 6.898440e-01 9.480000e-04 3.092080e-01
430 6.897200e-01 8.920000e-04 3.093880e-01
431 6.895640e-01 9.520000e-04 3.094840e-01
432 6.894040e-01 9.720000e-04 3.096240e-01
433 6.892640e-01 9.400000e-04 3.097960e-01
434 6.890880e-01 9.520000e-04 3.099600e-01
435 6.889480e-01 8.920000e-04 3.101600e-01
436 6.887880e-01 9.080000e-04 3.103040e-01
437 6.886120e-01 9.440000e-04 3.104440e-01
438 6.885000e-01 8.680000e-04 3.106320e-01
439 6.883640e-01 8.760000e-04 3.107600e-01
440 6.882440e-01 8.640000e-04 3.108920e-01
441 6.881240e-01 8.160000e-04 3.110600e-01
442 6.879760e-01 8.240000e-04 3.112000e-01
443 6.878720e-01 7.800000e-04 3.113480e-01
444 6.877640e-01 7.560000e-04 3.114800e-01
445 6.876520e-01 7.320000e-04 3.116160e-01
446 6.875600e-01 6.920000e-04 3.117480e-01
447 6.875040e-01 6.200000e-04 3.118760e-01
448 6.874320e-01 5.960000e-04 3.119720e-01
449 6.873640e-01 5.400000e-04 3.120960e-01
450 6.873120e-01 4.720000e-04 3.122160e-01
451 6.872160e-01 4.720000e-04 3.123120e-01
452 6.871320e-01 4.720000e-04 3.123960e-01
453 6.870560e-01 4.520000e-04 3.124920e-01
454 6.869480e-01 4.800000e-04 3.125720e-01
455 6.868400e-01 4.520000e-04 3.127080e-01
456 6.867600e-01 4.440000e-04 3.127960e-01
457 6.866800e-01 4.360000e-04 3.128840e-01
458 6.865800e-01 4.640000e-04 3.129560e-01
459 6.864960e-01 4.520000e-04 3.130520e-01
460 6.864240e-01 4.600000e-04 3.131160e-01
461 6.863440e-01 4.560000e-04 3.132000e-01
462 6.862720e-01 4.600000e-04 3.132680e-01
463 6.861800e-01 4.600000e-04 3.133600e-01
464 6.860800e-01 5.000000e-04 3.134200e-01
465 6.859880e-01 5.000000e-04 3.135120e-01
466 6.858840e-01 5.280000e-04 3.135880e-01
467 6.857960e-01 5.240000e-04 3.136800e-01
468 6.857120e-01 5.040000e-04 3.137840e-01
469 6.856480e-01 5.160000e-04 3.138360e-01
470 6.855960e-01 4.840000e-04 3.139200e-01
471 6.855080e-01 4.880000e-04 3.140040e-01
472 6.854480e-01 4.480000e-04 3.141040e-01
473 6.853600e-01 4.720000e-04 3.141680e-01
474 6.852920e-01 4.680000e-04 3.142400e-01
475 6.852080e-01 4.960000e-04 3.142960e-01
476 6.850960e-01 5.200000e-04 3.143840e-01
477 6.850240e-01 4.920000e-04 3.144840e-01
478 6.849440e-01 4.920000e-04 3.145640e-01
479 6.848360e-01 5.080000e-04 3.146560e-01
480 6.847720e-01 4.480000e-04 3.147800e-01
481 6.847000e-01 4.240000e-04 3.148760e-01
482 6.846600e-01 3.800000e-04 3.149600e-01
483 6.845920e-01 3.840000e-04 3.150240e-01
484 6.845360e-01 3.600000e-04 3.151040e-01
485 6.844760e-01 3.760000e-04 3.151480e-01
486 6.844240e-01 3.400000e-04 3.152360e-01
487 6.843640e-01 3.520000e-04 3.152840e-01
488 6.843280e-01 3.400000e-04 3.153320e-01
489 6.842680e-01 3.440000e-04 3.153880e-01
490 6.841920e-01 3.600000e-04 3.154480e-01
491 6.841200e-01 3.760000e-04 3.155040e-01
492 6.840520e-01 3.840000e-04 3.155640e-01
493 6.840040e-01 3.480000e-04 3.156480e-01
494 6.839760e-01 3.000000e-04 3.157240e-01
495 6.839480e-01 2.880000e-04 3.157640e-01
496 6.839120e-01 2.840000e-04 3.158040e-01
497 6.838560e-01 2.840000e-04 3.158600e-01
498 6.837840e-01 2.880000e-04 3.159280e-01
499 6.837360e-01 2.800000e-04 3.159840e-01
500 6.836920e-01 2.680000e-04 3.160400e-01
