1 9.992320e-01 6.440000e-04 1.240000e-04
2 9.987720e-01 9.600000e-04 2.680000e-04
3 9.981880e-01 1.360000e-03 4.520000e-04
4 9.975800e-01 1.704000e-03 7.160000e-04
5 9.968200e-01 2.084000e-03 1.096000e-03
6 9.962920e-01 2.192000e-03 1.516000e-03
7 9.954480e-01 2.576000e-03 1.976000e-03
8 9.946640e-01 2.888000e-03 2.448000e-03
9 9.938760e-01 3.100000e-03 3.024000e-03
10 9.930800e-01 3.316000e-03 3.604000e-03
11 9.922800e-01 3.540000e-03 4.180000e-03
12 9.915640e-01 3.556000e-03 4.880000e-03
13 9.905680e-01 3.876000e-03 5.556000e-03
14 9.896840e-01 4.044000e-03 6.272000e-03
15 9.887480e-01 4.256000e-03 6.996000e-03
16 9.878760e-01 4.340000e-03 7.784000e-03
17 9.869400e-01 4.508000e-03 8.552000e-03
18 9.857760e-01 4.880000e-03 9.344000e-03
19 9.846680e-01 4.956000e-03 1.037600e-02
20 9.834680e-01 5.232000e-03 1.130000e-02
21 9.823080e-01 5.528000e-03 1.216400e-02
22 9.812200e-01 5.732000e-03 1.304800e-02
23 9.801200e-01 5.784000e-03 1.409600e-02
24 9.789680e-01 5.944000e-03 1.508800e-02
25 9.778320e-01 6.140000e-03 1.602800e-02
26 9.767360e-01 6.096000e-03 1.716800e-02
27 9.755480e-01 6.168000e-03 1.828400e-02
28 9.743040e-01 6.312000e-03 1.938400e-02
29 9.730760e-01 6.404000e-03 2.052000e-02
30 9.718000e-01 6.608000e-03 2.159200e-02
31 9.705400e-01 6.604000e-03 2.285600e-02
32 9.693320e-01 6.552000e-03 2.411600e-02
33 9.681120e-01 6.572000e-03 2.531600e-02
34 9.668680e-01 6.640000e-03 2.649200e-02
35 9.656520e-01 6.692000e-03 2.765600e-02
36 9.643840e-01 6.784000e-03 2.883200e-02
37 9.632320e-01 6.856000e-03 2.991200e-02
38 9.619800e-01 6.944000e-03 3.107600e-02
39 9.606400e-01 7.136000e-03 3.222400e-02
40 9.593840e-01 7.260000e-03 3.335600e-02
41 9.581680e-01 7.216000e-03 3.461600e-02
42 9.568040e-01 7.320000e-03 3.587600e-02
43 9.554720e-01 7.324000e-03 3.720400e-02
44 9.540480e-01 7.372000e-03 3.858000e-02
45 9.526880e-01 7.524000e-03 3.978800e-02
46 9.511800e-01 7.672000e-03 4.114800e-02
47 9.496760e-01 7.856000e-03 4.246800e-02
48 9.482160e-01 7.960000e-03 4.382400e-02
49 9.467920e-01 8.032000e-03 4.517600e-02
50 9.453720e-01 8.132000e-03 4.649600e-02
51 9.438920e-01 8.160000e-03 4.794800e-02
52 9.423360e-01 8.204000e-03 4.946000e-02
53 9.409040e-01 8.236000e-03 5.086000e-02
54 9.395240e-01 8.164000e-03 5.231200e-02
55 9.381400e-01 8.208000e-03 5.365200e-02
56 9.366520e-01 8.252000e-03 5.509600e-02
57 9.352600e-01 8.188000e-03 5.655200e-02
58 9.338360e-01 8.204000e-03 5.796000e-02
59 9.324240e-01 8.124000e-03 5.945200e-02
60 9.308240e-01 8.484000e-03 6.069200e-02
61 9.293000e-01 8.476000e-03 6.222400e-02
62 9.277480e-01 8.492000e-03 6.376000e-02
63 9.262400e-01 8.520000e-03 6.524000e-02
64 9.247560e-01 8.448000e-03 6.679600e-02
65 9.231840e-01 8.680000e-03 6.813600e-02
66 9.216320e-01 8.592000e-03 6.977600e-02
67 9.201720e-01 8.604000e-03 7.122400e-02
68 9.188120e-01 8.428000e-03 7.276000e-02
69 9.173320e-01 8.464000e-03 7.420400e-02
70 9.158360e-01 8.444000e-03 7.572000e-02
71 9.144960e-01 8.360000e-03 7.714400e-02
72 9.130880e-01 8.244000e-03 7.866800e-02
73 9.117920e-01 8.104000e-03 8.010400e-02
74 9.105240e-01 8.064000e-03 8.141200e-02
75 9.091880e-01 7.900000e-03 8.291200e-02
76 9.077320e-01 8.168000e-03 8.410000e-02
77 9.062480e-01 8.228000e-03 8.552400e-02
78 9.048760e-01 8.244000e-03 8.688000e-02
79 9.034960e-01 8.140000e-03 8.836400e-02
80 9.018880e-01 8.380000e-03 8.973200e-02
81 9.005200e-01 8.268000e-03 9.121200e-02
82 8.990680e-01 8.256000e-03 9.267600e-02
83 8.976320e-01 8.176000e-03 9.419200e-02
84 8.961960e-01 8.108000e-03 9.569600e-02
85 8.948640e-01 8.004000e-03 9.713200e-02
86 8.935160e-01 7.864000e-03 9.862000e-02
87 8.921520e-01 7.936000e-03 9.991200e-02
88 8.906200e-01 8.176000e-03 1.012040e-01
89 8.891720e-01 8.216000e-03 1.026120e-01
90 8.876640e-01 8.296000e-03 1.040400e-01
91 8.861640e-01 8.376000e-03 1.054600e-01
92 8.845600e-01 8.420000e-03 1.070200e-01
93 8.830680e-01 8.352000e-03 1.085800e-01
94 8.816440e-01 8.328000e-03 1.100280e-01
95 8.801200e-01 8.276000e-03 1.116040e-01
96 8.786800e-01 8.344000e-03 1.129760e-01
97 8.772200e-01 8.420000e-03 1.143600e-01
98 8.757160e-01 8.464000e-03 1.158200e-01
99 8.741720e-01 8.680000e-03 1.171480e-01
100 8.728240e-01 8.464000e-03 1.187120e-01
101 8.713280e-01 8.556000e-03 1.201160e-01
102 8.698200e-01 8.620000e-03 1.215600e-01
103 8.683640e-01 8.628000e-03 1.230080e-01
104 8.669680e-01 8.672000e-03 1.243600e-01
105 8.654880e-01 8.648000e-03 1.258640e-01
106 8.639280e-01 8.756000e-03 1.273160e-01
107 8.624840e-01 8.676000e-03 1.288400e-01
108 8.610520e-01 8.624000e-03 1.303240e-01
109 8.596360e-01 8.456000e-03 1.319080e-01
110 8.582960e-01 8.416000e-03 1.332880e-01
111 8.567960e-01 8.520000e-03 1.346840e-01
112 8.555720e-01 8.292000e-03 1.361360e-01
113 8.541720e-01 8.312000e-03 1.375160e-01
114 8.528160e-01 8.184000e-03 1.390000e-01
115 8.514520e-01 8.136000e-03 1.404120e-01
116 8.500640e-01 8.036000e-03 1.419000e-01
117 8.486680e-01 7.936000e-03 1.433960e-01
118 8.473600e-01 7.744000e-03 1.448960e-01
119 8.461080e-01 7.676000e-03 1.462160e-01
120 8.447960e-01 7.672000e-03 1.475320e-01
121 8.434800e-01 7.584000e-03 1.489360e-01
122 8.421920e-01 7.544000e-03 1.502640e-01
123 8.408840e-01 7.592000e-03 1.515240e-01
124 8.396960e-01 7.428000e-03 1.528760e-01
125 8.383280e-01 7.440000e-03 1.542320e-01
126 8.371280e-01 7.260000e-03 1.556120e-01
127 8.359040e-01 7.156000e-03 1.569400e-01
128 8.347640e-01 7.000000e-03 1.582360e-01
129 8.337320e-01 6.832000e-03 1.594360e-01
130 8.326960e-01 6.756000e-03 1.605480e-01
131 8.315080e-01 6.736000e-03 1.617560e-01
132 8.303240e-01 6.744000e-03 1.629320e-01
133 8.291600e-01 6.860000e-03 1.639800e-01
134 8.279200e-01 6.832000e-03 1.652480e-01
135 8.267560e-01 6.828000e-03 1.664160e-01
136 8.257040e-01 6.780000e-03 1.675160e-01
137 8.245080e-01 6.776000e-03 1.687160e-01
138 8.233360e-01 6.816000e-03 1.698480e-01
139 8.221520e-01 6.860000e-03 1.709880e-01
140 8.209920e-01 6.912000e-03 1.720960e-01
141 8.199800e-01 6.736000e-03 1.732840e-01
142 8.190160e-01 6.512000e-03 1.744720e-01
143 8.180560e-01 6.316000e-03 1.756280e-01
144 8.169720e-01 6.252000e-03 1.767760e-01
145 8.160120e-01 6.076000e-03 1.779120e-01
146 8.148800e-01 6.172000e-03 1.789480e-01
147 8.138320e-01 6.136000e-03 1.800320e-01
148 8.127680e-01 6.140000e-03 1.810920e-01
149 8.117960e-01 6.144000e-03 1.820600e-01
150 8.107200e-01 6.140000e-03 1.831400e-01
151 8.097160e-01 6.044000e-03 1.842400e-01
152 8.086840e-01 6.028000e-03 1.852880e-01
153 8.075720e-01 6.188000e-03 1.862400e-01
154 8.066040e-01 6.112000e-03 1.872840e-01
155 8.055480e-01 6.120000e-03 1.883320e-01
156 8.045600e-01 6.096000e-03 1.893440e-01
157 8.035040e-01 5.984000e-03 1.905120e-01
158 8.025320e-01 6.000000e-03 1.914680e-01
159 8.015120e-01 6.008000e-03 1.924800e-01
160 8.005960e-01 5.768000e-03 1.936360e-01
161 7.995960e-01 5.792000e-03 1.946120e-01
162 7.986560e-01 5.708000e-03 1.956360e-01
163 7.977880e-01 5.564000e-03 1.966480e-01
164 7.969880e-01 5.332000e-03 1.976800e-01
165 7.961960e-01 5.180000e-03 1.986240e-01
166 7.953800e-01 5.120000e-03 1.995000e-01
167 7.945280e-01 5.140000e-03 2.003320e-01
168 7.934600e-01 5.292000e-03 2.012480e-01
169 7.924800e-01 5.408000e-03 2.021120e-01
170 7.914160e-01 5.500000e-03 2.030840e-01
171 7.905280e-01 5.436000e-03 2.040360e-01
172 7.895480e-01 5.400000e-03 2.050520e-01
173 7.886120e-01 5.508000e-03 2.058800e-01
174 7.876000e-01 5.524000e-03 2.068760e-01
175 7.866200e-01 5.472000e-03 2.079080e-01
176 7.857080e-01 5.376000e-03 2.089160e-01
177 7.848280e-01 5.340000e-03 2.098320e-01
178 7.840840e-01 5.116000e-03 2.108000e-01
179 7.832280e-01 5.172000e-03 2.116000e-01
180 7.823560e-01 5.176000e-03 2.124680e-01
181 7.815920e-01 5.044000e-03 2.133640e-01
182 7.807680e-01 4.992000e-03 2.142400e-01
183 7.799200e-01 5.000000e-03 2.150800e-01
184 7.790040e-01 5.112000e-03 2.158840e-01
185 7.780400e-01 5.116000e-03 2.168440e-01
186 7.771760e-01 5.056000e-03 2.177680e-01
187 7.763480e-01 5.028000e-03 2.186240e-01
188 7.755680e-01 4.904000e-03 2.195280e-01
189 7.748440e-01 4.648000e-03 2.205080e-01
190 7.741960e-01 4.576000e-03 2.212280e-01
191 7.734920e-01 4.424000e-03 2.220840e-01
192 7.728120e-01 4.316000e-03 2.228720e-01
193 7.721160e-01 4.312000e-03 2.235720e-01
194 7.714000e-01 4.336000e-03 2.242640e-01
195 7.706800e-01 4.456000e-03 2.248640e-01
196 7.699480e-01 4.552000e-03 2.255000e-01
197 7.692600e-01 4.380000e-03 2.263600e-01
198 7.685960e-01 4.240000e-03 2.271640e-01
199 7.679200e-01 4.224000e-03 2.278560e-01
200 7.672480e-01 4.108000e-03 2.286440e-01
201 7.665800e-01 4.008000e-03 2.294120e-01
202 7.659000e-01 3.984000e-03 2.301160e-01
203 7.653160e-01 3.836000e-03 2.308480e-01
204 7.645600e-01 3.852000e-03 2.315880e-01
205 7.637920e-01 3.980000e-03 2.322280e-01
206 7.630640e-01 3.988000e-03 2.329480e-01
207 7.622920e-01 4.064000e-03 2.336440e-01
208 7.615800e-01 4.084000e-03 2.343360e-01
209 7.607960e-01 4.140000e-03 2.350640e-01
210 7.601000e-01 4.084000e-03 2.358160e-01
211 7.592240e-01 4.280000e-03 2.364960e-01
212 7.583720e-01 4.328000e-03 2.373000e-01
213 7.576400e-01 4.248000e-03 2.381120e-01
214 7.569520e-01 4.220000e-03 2.388280e-01
215 7.561800e-01 4.264000e-03 2.395560e-01
216 7.555040e-01 4.168000e-03 2.403280e-01
217 7.548080e-01 4.056000e-03 2.411360e-01
218 7.540760e-01 4.128000e-03 2.417960e-01
219 7.535240e-01 3.972000e-03 2.425040e-01
220 7.527960e-01 3.964000e-03 2.432400e-01
221 7.521320e-01 3.924000e-03 2.439440e-01
222 7.514320e-01 3.928000e-03 2.446400e-01
223 7.507120e-01 3.964000e-03 2.453240e-01
224 7.500200e-01 3.932000e-03 2.460480e-01
225 7.493440e-01 3.900000e-03 2.467560e-01
226 7.486840e-01 3.924000e-03 2.473920e-01
227 7.479680e-01 4.072000e-03 2.479600e-01
228 7.473600e-01 3.996000e-03 2.486440e-01
229 7.467400e-01 3.960000e-03 2.493000e-01
230 7.459840e-01 4.092000e-03 2.499240e-01
231 7.452920e-01 4.048000e-03 2.506600e-01
232 7.445960e-01 4.056000e-03 2.513480e-01
233 7.439480e-01 4.024000e-03 2.520280e-01
234 7.433640e-01 3.896000e-03 2.527400e-01
235 7.426200e-01 3.904000e-03 2.534760e-01
236 7.420520e-01 3.860000e-03 2.540880e-01
237 7.414000e-01 3.844000e-03 2.547560e-01
238 7.408200e-01 3.776000e-03 2.554040e-01
239 7.402080e-01 3.724000e-03 2.560680e-01
240 7.395480e-01 3.828000e-03 2.566240e-01
241 7.388880e-01 3.776000e-03 2.573360e-01
242 7.382000e-01 3.828000e-03 2.579720e-01
243 7.375760e-01 3.796000e-03 2.586280e-01
244 7.369160e-01 3.784000e-03 2.593000e-01
245 7.362440e-01 3.824000e-03 2.599320e-01
246 7.354640e-01 4.004000e-03 2.605320e-01
247 7.346920e-01 4.064000e-03 2.612440e-01
248 7.339480e-01 4.052000e-03 2.620000e-01
249 7.331000e-01 4.180000e-03 2.627200e-01
250 7.324280e-01 4.096000e-03 2.634760e-01
251 7.316400e-01 4.224000e-03 2.641360e-01
252 7.309680e-01 4.176000e-03 2.648560e-01
253 7.302920e-01 4.112000e-03 2.655960e-01
254 7.295200e-01 4.128000e-03 2.663520e-01
255 7.288680e-01 3.980000e-03 2.671520e-01
256 7.282400e-01 4.000000e-03 2.677600e-01
257 7.276040e-01 4.016000e-03 2.683800e-01
258 7.270120e-01 3.972000e-03 2.690160e-01
259 7.264440e-01 3.800000e-03 2.697560e-01
260 7.258240e-01 3.720000e-03 2.704560e-01
261 7.252080e-01 3.712000e-03 2.710800e-01
262 7.246240e-01 3.656000e-03 2.717200e-01
263 7.241080e-01 3.512000e-03 2.723800e-01
264 7.235040e-01 3.492000e-03 2.730040e-01
265 7.230040e-01 3.364000e-03 2.736320e-01
266 7.225160e-01 3.224000e-03 2.742600e-01
267 7.219840e-01 3.192000e-03 2.748240e-01
268 7.214720e-01 3.132000e-03 2.753960e-01
269 7.209440e-01 3.068000e-03 2.759880e-01
270 7.203640e-01 3.124000e-03 2.765120e-01
271 7.198120e-01 3.108000e-03 2.770800e-01
272 7.193280e-01 3.000000e-03 2.776720e-01
273 7.188080e-01 2.968000e-03 2.782240e-01
274 7.183280e-01 2.936000e-03 2.787360e-01
275 7.178240e-01 2.948000e-03 2.792280e-01
276 7.172960e-01 2.968000e-03 2.797360e-01
277 7.167680e-01 3.068000e-03 2.801640e-01
278 7.161760e-01 3.164000e-03 2.806600e-01
279 7.155880e-01 3.240000e-03 2.811720e-01
280 7.150960e-01 3.196000e-03 2.817080e-01
281 7.145200e-01 3.252000e-03 2.822280e-01
282 7.139360e-01 3.180000e-03 2.828840e-01
283 7.133120e-01 3.260000e-03 2.834280e-01
284 7.126640e-01 3.272000e-03 2.840640e-01
285 7.121040e-01 3.256000e-03 2.846400e-01
286 7.115280e-01 3.228000e-03 2.852440e-01
287 7.110280e-01 3.132000e-03 2.858400e-01
288 7.104920e-01 3.096000e-03 2.864120e-01
289 7.099400e-01 3.036000e-03 2.870240e-01
290 7.095000e-01 3.008000e-03 2.874920e-01
291 7.090440e-01 2.964000e-03 2.879920e-01
292 7.085640e-01 3.024000e-03 2.884120e-01
293 7.080400e-01 3.012000e-03 2.889480e-01
294 7.073760e-01 3.196000e-03 2.894280e-01
295 7.068400e-01 3.112000e-03 2.900480e-01
296 7.063680e-01 2.984000e-03 2.906480e-01
297 7.058560e-01 2.948000e-03 2.911960e-01
298 7.053280e-01 2.992000e-03 2.916800e-01
299 7.048280e-01 2.924000e-03 2.922480e-01
300 7.043400e-01 2.880000e-03 2.927800e-01
301 7.038960e-01 2.840000e-03 2.932640e-01
302 7.035320e-01 2.696000e-03 2.937720e-01
303 7.031560e-01 2.592000e-03 2.942520e-01
304 7.027120e-01 2.588000e-03 2.947000e-01
305 7.022520e-01 2.572000e-03 2.951760e-01
306 7.018480e-01 2.564000e-03 2.955880e-01
307 7.013760e-01 2.640000e-03 2.959840e-01
308 7.009440e-01 2.624000e-03 2.964320e-01
309 7.005280e-01 2.604000e-03 2.968680e-01
310 7.001080e-01 2.560000e-03 2.973320e-01
311 6.996760e-01 2.452000e-03 2.978720e-01
312 6.992600e-01 2.416000e-03 2.983240e-01
313 6.988240e-01 2.432000e-03 2.987440e-01
314 6.984320e-01 2.440000e-03 2.991280e-01
315 6.980520e-01 2.400000e-03 2.995480e-01
316 6.976600e-01 2.392000e-03 2.999480e-01
317 6.972040e-01 2.460000e-03 3.003360e-01
318 6.968040e-01 2.476000e-03 3.007200e-01
319 6.964200e-01 2.464000e-03 3.011160e-01
320 6.959880e-01 2.492000e-03 3.015200e-01
321 6.955960e-01 2.420000e-03 3.019840e-01
322 6.951960e-01 2.412000e-03 3.023920e-01
323 6.947960e-01 2.416000e-03 3.027880e-01
324 6.943000e-01 2.556000e-03 3.031440e-01
325 6.938160e-01 2.568000e-03 3.036160e-01
326 6.933920e-01 2.564000e-03 3.040440e-01
327 6.929160e-01 2.628000e-03 3.044560e-01
328 6.924560e-01 2.640000e-03 3.049040e-01
329 6.920640e-01 2.576000e-03 3.053600e-01
330 6.916880e-01 2.512000e-03 3.058000e-01
331 6.912480e-01 2.480000e-03 3.062720e-01
332 6.908360e-01 2.504000e-03 3.066600e-01
333 6.904600e-01 2.416000e-03 3.071240e-01
334 6.901160e-01 2.336000e-03 3.075480e-01
335 6.897000e-01 2.372000e-03 3.079280e-01
336 6.892800e-01 2.388000e-03 3.083320e-01
337 6.889360e-01 2.244000e-03 3.088200e-01
338 6.886000e-01 2.196000e-03 3.092040e-01
339 6.882440e-01 2.204000e-03 3.095520e-01
340 6.878240e-01 2.204000e-03 3.099720e-01
341 6.874400e-01 2.216000e-03 3.103440e-01
342 6.871240e-01 2.100000e-03 3.107760e-01
343 6.868160e-01 2.088000e-03 3.110960e-01
344 6.865240e-01 1.980000e-03 3.114960e-01
345 6.861760e-01 1.968000e-03 3.118560e-01
346 6.858400e-01 1.992000e-03 3.121680e-01
347 6.855400e-01 1.944000e-03 3.125160e-01
348 6.852120e-01 1.960000e-03 3.128280e-01
349 6.849000e-01 2.000000e-03 3.131000e-01
350 6.845960e-01 1.984000e-03 3.134200e-01
351 6.842120e-01 2.012000e-03 3.137760e-01
352 6.838960e-01 2.004000e-03 3.141000e-01
353 6.836280e-01 1.960000e-03 3.144120e-01
354 6.833360e-01 1.872000e-03 3.147920e-01
355 6.830600e-01 1.804000e-03 3.151360e-01
356 6.828280e-01 1.764000e-03 3.154080e-01
357 6.825760e-01 1.716000e-03 3.157080e-01
358 6.822960e-01 1.628000e-03 3.160760e-01
359 6.820760e-01 1.516000e-03 3.164080e-01
360 6.818680e-01 1.444000e-03 3.166880e-01
361 6.816480e-01 1.392000e-03 3.169600e-01
362 6.814200e-01 1.384000e-03 3.171960e-01
363 6.812080e-01 1.332000e-03 3.174600e-01
364 6.809320e-01 1.392000e-03 3.176760e-01
365 6.806960e-01 1.384000e-03 3.179200e-01
366 6.805080e-01 1.352000e-03 3.181400e-01
367 6.803160e-01 1.344000e-03 3.183400e-01
368 6.801320e-01 1.356000e-03 3.185120e-01
369 6.799120e-01 1.332000e-03 3.187560e-01
370 6.797160e-01 1.300000e-03 3.189840e-01
371 6.795400e-01 1.244000e-03 3.192160e-01
372 6.793200e-01 1.224000e-03 3.194560e-01
373 6.791240e-01 1.224000e-03 3.196520e-01
374 6.789480e-01 1.180000e-03 3.198720e-01
375 6.787680e-01 1.132000e-03 3.201000e-01
376 6.786480e-01 1.048000e-03 3.203040e-01
377 6.784920e-01 1.008000e-03 3.205000e-01
378 6.783720e-01 9.760000e-04 3.206520e-01
379 6.782160e-01 9.800000e-04 3.208040e-01
380 6.780320e-01 1.024000e-03 3.209440e-01
381 6.778600e-01 1.048000e-03 3.210920e-01
382 6.776960e-01 1.004000e-03 3.213000e-01
383 6.775280e-01 9.680000e-04 3.215040e-01
384 6.773680e-01 9.600000e-04 3.216720e-01
385 6.771600e-01 9.480000e-04 3.218920e-01
386 6.770080e-01 9.200000e-04 3.220720e-01
387 6.768400e-01 9.240000e-04 3.222360e-01
388 6.766600e-01 9.720000e-04 3.223680e-01
389 6.764560e-01 1.032000e-03 3.225120e-01
390 6.762480e-01 1.112000e-03 3.226400e-01
391 6.760800e-01 1.092000e-03 3.228280e-01
392 6.758680e-01 1.100000e-03 3.230320e-01
393 6.756520e-01 1.164000e-03 3.231840e-01
394 6.754360e-01 1.168000e-03 3.233960e-01
395 6.752440e-01 1.188000e-03 3.235680e-01
396 6.749720e-01 1.252000e-03 3.237760e-01
397 6.747400e-01 1.264000e-03 3.239960e-01
398 6.744920e-01 1.276000e-03 3.242320e-01
399 6.742880e-01 1.236000e-03 3.244760e-01
400 6.740600e-01 1.240000e-03 3.247000e-01
401 6.738600e-01 1.188000e-03 3.249520e-01
402 6.736720e-01 1.204000e-03 3.251240e-01
403 6.734080e-01 1.236000e-03 3.253560e-01
404 6.731920e-01 1.236000e-03 3.255720e-01
405 6.730080e-01 1.176000e-03 3.258160e-01
406 6.728080e-01 1.180000e-03 3.260120e-01
407 6.726040e-01 1.204000e-03 3.261920e-01
408 6.723640e-01 1.240000e-03 3.263960e-01
409 6.720760e-01 1.332000e-03 3.265920e-01
410 6.718200e-01 1.384000e-03 3.267960e-01
411 6.715400e-01 1.428000e-03 3.270320e-01
412 6.712760e-01 1.380000e-03 3.273440e-01
413 6.710280e-01 1.364000e-03 3.276080e-01
414 6.707680e-01 1.316000e-03 3.279160e-01
415 6.705640e-01 1.292000e-03 3.281440e-01
416 6.703520e-01 1.256000e-03 3.283920e-01
417 6.701840e-01 1.200000e-03 3.286160e-01
418 6.699920e-01 1.240000e-03 3.287680e-01
419 6.697840e-01 1.264000e-03 3.289520e-01
420 6.695320e-01 1.344000e-03 3.291240e-01
421 6.693320e-01 1.316000e-03 3.293520e-01
422 6.690880e-01 1.304000e-03 3.296080e-01
423 6.688920e-01 1.268000e-03 3.298400e-01
424 6.686640e-01 1.264000e-03 3.300720e-01
425 6.685000e-01 1.216000e-03 3.302840e-01
426 6.682920e-01 1.224000e-03 3.304840e-01
427 6.680600e-01 1.228000e-03 3.307120e-01
428 6.678840e-01 1.204000e-03 3.309120e-01
429 6.676760e-01 1.188000e-03 3.311360e-01
430 6.674640e-01 1.180000e-03 3.313560e-01
431 6.671840e-01 1.300000e-03 3.315160e-01
432 6.669440e-01 1.308000e-03 3.317480e-01
433 6.667480e-01 1.276000e-03 3.319760e-01
434 6.665320e-01 1.240000e-03 3.322280e-01
435 6.663400e-01 1.188000e-03 3.324720e-01
436 6.661520e-01 1.176000e-03 3.326720e-01
437 6.659000e-01 1.208000e-03 3.328920e-01
438 6.656880e-01 1.200000e-03 3.331120e-01
439 6.655400e-01 1.112000e-03 3.333480e-01
440 6.653880e-01 1.036000e-03 3.335760e-01
441 6.651880e-01 1.052000e-03 3.337600e-01
442 6.650080e-01 1.056000e-03 3.339360e-01
443 6.648400e-01 1.072000e-03 3.340880e-01
444 6.646960e-01 1.032000e-03 3.342720e-01
445 6.645800e-01 1.000000e-03 3.344200e-01
446 6.644080e-01 1.008000e-03 3.345840e-01
447 6.642440e-01 9.920000e-04 3.347640e-01
448 6.641160e-01 9.520000e-04 3.349320e-01
449 6.639840e-01 9.240000e-04 3.350920e-01
450 6.638480e-01 9.160000e-04 3.352360e-01
451 6.637280e-01 8.880000e-04 3.353840e-01
452 6.636320e-01 8.080000e-04 3.355600e-01
453 6.635280e-01 7.440000e-04 3.357280e-01
454 6.634120e-01 7.000000e-04 3.358880e-01
455 6.633560e-01 6.400000e-04 3.360040e-01
456 6.632240e-01 6.400000e-04 3.361360e-01
457 6.631200e-01 6.240000e-04 3.362560e-01
458 6.630160e-01 5.880000e-04 3.363960e-01
459 6.629360e-01 5.560000e-04 3.365080e-01
460 6.628920e-01 4.680000e-04 3.366400e-01
461 6.628000e-01 4.640000e-04 3.367360e-01
462 6.627040e-01 4.720000e-04 3.368240e-01
463 6.626040e-01 5.000000e-04 3.368960e-01
464 6.624760e-01 5.480000e-04 3.369760e-01
465 6.623760e-01 5.480000e-04 3.370760e-01
466 6.623000e-01 5.400000e-04 3.371600e-01
467 6.622000e-01 5.480000e-04 3.372520e-01
468 6.620880e-01 5.560000e-04 3.373560e-01
469 6.620160e-01 5.440000e-04 3.374400e-01
470 6.619040e-01 5.600000e-04 3.375360e-01
471 6.618440e-01 5.280000e-04 3.376280e-01
472 6.617360e-01 5.360000e-04 3.377280e-01
473 6.616160e-01 5.680000e-04 3.378160e-01
474 6.614960e-01 6.000000e-04 3.379040e-01
475 6.613760e-01 6.440000e-04 3.379800e-01
476 6.612760e-01 6.720000e-04 3.380520e-01
477 6.611680e-01 6.720000e-04 3.381600e-01
478 6.610560e-01 7.040000e-04 3.382400e-01
479 6.609160e-01 7.160000e-04 3.383680e-01
480 6.607680e-01 7.480000e-04 3.384840e-01
481 6.606160e-01 7.720000e-04 3.386120e-01
482 6.605200e-01 7.320000e-04 3.387480e-01
483 6.604160e-01 7.240000e-04 3.388600e-01
484 6.602960e-01 7.120000e-04 3.389920e-01
485 6.601400e-01 7.360000e-04 3.391240e-01
486 6.599680e-01 8.120000e-04 3.392200e-01
487 6.597880e-01 8.560000e-04 3.393560e-01
488 6.595880e-01 8.560000e-04 3.395560e-01
489 6.594160e-01 8.600000e-04 3.397240e-01
490 6.592400e-01 8.800000e-04 3.398800e-01
491 6.590920e-01 8.680000e-04 3.400400e-01
492 6.589440e-01 8.480000e-04 3.402080e-01
493 6.587840e-01 8.800000e-04 3.403360e-01
494 6.585920e-01 8.960000e-04 3.405120e-01
495 6.584160e-01 8.920000e-04 3.406920e-01
496 6.582800e-01 8.480000e-04 3.408720e-01
497 6.581760e-01 8.240000e-04 3.410000e-01
498 6.580800e-01 7.320000e-04 3.411880e-01
499 6.578840e-01 7.960000e-04 3.413200e-01
500 6.576840e-01 8.480000e-04 3.414680e-01
