1 9.991600e-01 7.720000e-04 6.800000e-05
2 9.985720e-01 1.184000e-03 2.440000e-04
3 9.978960e-01 1.604000e-03 5.000000e-04
4 9.971280e-01 2.076000e-03 7.960000e-04
5 9.961600e-01 2.704000e-03 1.136000e-03
6 9.951800e-01 3.192000e-03 1.628000e-03
7 9.941720e-01 3.612000e-03 2.216000e-03
8 9.931240e-01 3.908000e-03 2.968000e-03
9 9.922160e-01 4.104000e-03 3.680000e-03
10 9.911880e-01 4.476000e-03 4.336000e-03
11 9.901480e-01 4.688000e-03 5.164000e-03
12 9.888560e-01 5.128000e-03 6.016000e-03
13 9.875800e-01 5.540000e-03 6.880000e-03
14 9.861920e-01 5.904000e-03 7.904000e-03
15 9.848080e-01 6.288000e-03 8.904000e-03
16 9.833320e-01 6.696000e-03 9.972000e-03
17 9.819760e-01 6.880000e-03 1.114400e-02
18 9.804560e-01 7.116000e-03 1.242800e-02
19 9.790120e-01 7.276000e-03 1.371200e-02
20 9.774040e-01 7.524000e-03 1.507200e-02
21 9.758600e-01 7.816000e-03 1.632400e-02
22 9.742360e-01 8.204000e-03 1.756000e-02
23 9.726640e-01 8.228000e-03 1.910800e-02
24 9.709600e-01 8.404000e-03 2.063600e-02
25 9.693640e-01 8.560000e-03 2.207600e-02
26 9.677320e-01 8.736000e-03 2.353200e-02
27 9.658400e-01 9.020000e-03 2.514000e-02
28 9.641400e-01 9.076000e-03 2.678400e-02
29 9.622960e-01 9.352000e-03 2.835200e-02
30 9.602960e-01 9.796000e-03 2.990800e-02
31 9.584160e-01 9.944000e-03 3.164000e-02
32 9.564400e-01 1.016000e-02 3.340000e-02
33 9.546120e-01 1.021200e-02 3.517600e-02
34 9.526920e-01 1.043600e-02 3.687200e-02
35 9.508040e-01 1.043200e-02 3.876400e-02
36 9.489360e-01 1.045600e-02 4.060800e-02
37 9.471320e-01 1.029200e-02 4.257600e-02
38 9.452480e-01 1.036000e-02 4.439200e-02
39 9.434200e-01 1.025200e-02 4.632800e-02
40 9.415520e-01 1.025600e-02 4.819200e-02
41 9.397520e-01 1.027200e-02 4.997600e-02
42 9.379200e-01 1.023600e-02 5.184400e-02
43 9.360160e-01 1.029200e-02 5.369200e-02
44 9.340560e-01 1.022800e-02 5.571600e-02
45 9.322840e-01 1.016400e-02 5.755200e-02
46 9.304760e-01 1.018000e-02 5.934400e-02
47 9.283600e-01 1.048800e-02 6.115200e-02
48 9.264000e-01 1.050000e-02 6.310000e-02
49 9.245640e-01 1.041600e-02 6.502000e-02
50 9.227800e-01 1.035600e-02 6.686400e-02
51 9.208080e-01 1.037200e-02 6.882000e-02
52 9.188200e-01 1.046400e-02 7.071600e-02
53 9.167720e-01 1.060800e-02 7.262000e-02
54 9.147640e-01 1.085200e-02 7.438400e-02
55 9.127960e-01 1.082000e-02 7.638400e-02
56 9.109880e-01 1.066400e-02 7.834800e-02
57 9.091240e-01 1.073600e-02 8.014000e-02
58 9.074160e-01 1.058400e-02 8.200000e-02
59 9.056440e-01 1.059200e-02 8.376400e-02
60 9.039040e-01 1.057200e-02 8.552400e-02
61 9.022320e-01 1.043200e-02 8.733600e-02
62 9.005520e-01 1.036000e-02 8.908800e-02
63 8.987760e-01 1.034000e-02 9.088400e-02
64 8.968440e-01 1.043200e-02 9.272400e-02
65 8.949040e-01 1.053600e-02 9.456000e-02
66 8.931760e-01 1.047600e-02 9.634800e-02
67 8.914320e-01 1.029600e-02 9.827200e-02
68 8.899160e-01 1.003200e-02 1.000520e-01
69 8.882760e-01 9.964000e-03 1.017600e-01
70 8.864440e-01 1.008400e-02 1.034720e-01
71 8.844760e-01 1.023200e-02 1.052920e-01
72 8.825400e-01 1.049200e-02 1.069680e-01
73 8.807560e-01 1.037600e-02 1.088680e-01
74 8.787600e-01 1.057200e-02 1.106680e-01
75 8.771360e-01 1.045200e-02 1.124120e-01
76 8.752320e-01 1.043600e-02 1.143320e-01
77 8.733520e-01 1.048400e-02 1.161640e-01
78 8.715080e-01 1.041600e-02 1.180760e-01
79 8.697640e-01 1.030400e-02 1.199320e-01
80 8.677840e-01 1.043600e-02 1.217800e-01
81 8.658440e-01 1.057200e-02 1.235840e-01
82 8.639000e-01 1.048800e-02 1.256120e-01
83 8.618440e-01 1.065200e-02 1.275040e-01
84 8.598360e-01 1.069200e-02 1.294720e-01
85 8.578800e-01 1.076000e-02 1.313600e-01
86 8.560840e-01 1.071200e-02 1.332040e-01
87 8.542440e-01 1.053200e-02 1.352240e-01
88 8.524880e-01 1.042800e-02 1.370840e-01
89 8.505400e-01 1.064400e-02 1.388160e-01
90 8.486720e-01 1.064800e-02 1.406800e-01
91 8.468080e-01 1.070000e-02 1.424920e-01
92 8.447400e-01 1.076800e-02 1.444920e-01
93 8.430520e-01 1.066800e-02 1.462800e-01
94 8.412440e-01 1.060000e-02 1.481560e-01
95 8.395640e-01 1.029600e-02 1.501400e-01
96 8.380520e-01 9.988000e-03 1.519600e-01
97 8.361960e-01 1.001600e-02 1.537880e-01
98 8.345360e-01 9.860000e-03 1.556040e-01
99 8.328000e-01 9.884000e-03 1.573160e-01
100 8.310280e-01 9.864000e-03 1.591080e-01
101 8.291080e-01 1.000800e-02 1.608840e-01
102 8.274000e-01 1.005600e-02 1.625440e-01
103 8.257200e-01 9.900000e-03 1.643800e-01
104 8.238960e-01 9.968000e-03 1.661360e-01
105 8.222160e-01 9.848000e-03 1.679360e-01
106 8.207600e-01 9.624000e-03 1.696160e-01
107 8.190760e-01 9.556000e-03 1.713680e-01
108 8.175600e-01 9.476000e-03 1.729640e-01
109 8.161040e-01 9.332000e-03 1.745640e-01
110 8.144600e-01 9.444000e-03 1.760960e-01
111 8.129480e-01 9.260000e-03 1.777920e-01
112 8.113480e-01 9.272000e-03 1.793800e-01
113 8.097440e-01 9.264000e-03 1.809920e-01
114 8.081280e-01 9.260000e-03 1.826120e-01
115 8.064840e-01 9.192000e-03 1.843240e-01
116 8.049120e-01 9.224000e-03 1.858640e-01
117 8.033000e-01 9.332000e-03 1.873680e-01
118 8.015760e-01 9.484000e-03 1.889400e-01
119 8.000680e-01 9.232000e-03 1.907000e-01
120 7.985360e-01 9.340000e-03 1.921240e-01
121 7.969560e-01 9.472000e-03 1.935720e-01
122 7.952920e-01 9.492000e-03 1.952160e-01
123 7.937080e-01 9.432000e-03 1.968600e-01
124 7.922000e-01 9.180000e-03 1.986200e-01
125 7.908320e-01 8.972000e-03 2.001960e-01
126 7.893720e-01 8.864000e-03 2.017640e-01
127 7.878320e-01 8.868000e-03 2.033000e-01
128 7.861880e-01 9.036000e-03 2.047760e-01
129 7.847080e-01 8.824000e-03 2.064680e-01
130 7.831880e-01 8.836000e-03 2.079760e-01
131 7.817040e-01 8.812000e-03 2.094840e-01
132 7.803040e-01 8.764000e-03 2.109320e-01
133 7.788200e-01 8.788000e-03 2.123920e-01
134 7.773200e-01 8.772000e-03 2.139080e-01
135 7.759120e-01 8.628000e-03 2.154600e-01
136 7.746160e-01 8.392000e-03 2.169920e-01
137 7.731840e-01 8.384000e-03 2.184320e-01
138 7.715360e-01 8.620000e-03 2.198440e-01
139 7.699800e-01 8.588000e-03 2.214320e-01
140 7.685120e-01 8.656000e-03 2.228320e-01
141 7.671160e-01 8.468000e-03 2.244160e-01
142 7.657200e-01 8.392000e-03 2.258880e-01
143 7.641840e-01 8.376000e-03 2.274400e-01
144 7.626920e-01 8.380000e-03 2.289280e-01
145 7.612440e-01 8.408000e-03 2.303480e-01
146 7.599000e-01 8.372000e-03 2.317280e-01
147 7.584360e-01 8.368000e-03 2.331960e-01
148 7.569960e-01 8.356000e-03 2.346480e-01
149 7.554280e-01 8.416000e-03 2.361560e-01
150 7.538360e-01 8.428000e-03 2.377360e-01
151 7.521680e-01 8.664000e-03 2.391680e-01
152 7.504840e-01 8.804000e-03 2.407120e-01
153 7.488920e-01 8.772000e-03 2.423360e-01
154 7.473120e-01 8.860000e-03 2.438280e-01
155 7.456440e-01 8.940000e-03 2.454160e-01
156 7.442160e-01 8.824000e-03 2.469600e-01
157 7.426920e-01 8.848000e-03 2.484600e-01
158 7.409920e-01 8.916000e-03 2.500920e-01
159 7.394280e-01 8.916000e-03 2.516560e-01
160 7.378120e-01 8.916000e-03 2.532720e-01
161 7.363240e-01 8.764000e-03 2.549120e-01
162 7.347440e-01 8.760000e-03 2.564960e-01
163 7.330200e-01 9.112000e-03 2.578680e-01
164 7.315120e-01 9.028000e-03 2.594600e-01
165 7.297360e-01 9.268000e-03 2.609960e-01
166 7.281320e-01 9.196000e-03 2.626720e-01
167 7.265520e-01 9.272000e-03 2.641760e-01
168 7.250800e-01 9.064000e-03 2.658560e-01
169 7.236160e-01 8.904000e-03 2.674800e-01
170 7.221000e-01 8.860000e-03 2.690400e-01
171 7.205400e-01 8.792000e-03 2.706680e-01
172 7.189240e-01 8.956000e-03 2.721200e-01
173 7.174720e-01 8.844000e-03 2.736840e-01
174 7.160320e-01 8.616000e-03 2.753520e-01
175 7.147440e-01 8.380000e-03 2.768760e-01
176 7.134480e-01 8.240000e-03 2.783120e-01
177 7.121680e-01 7.952000e-03 2.798800e-01
178 7.108080e-01 8.032000e-03 2.811600e-01
179 7.094560e-01 8.000000e-03 2.825440e-01
180 7.080560e-01 7.996000e-03 2.839480e-01
181 7.067240e-01 8.012000e-03 2.852640e-01
182 7.054400e-01 7.824000e-03 2.867360e-01
183 7.042160e-01 7.776000e-03 2.880080e-01
184 7.030520e-01 7.568000e-03 2.893800e-01
185 7.016880e-01 7.544000e-03 2.907680e-01
186 7.004240e-01 7.392000e-03 2.921840e-01
187 6.991040e-01 7.392000e-03 2.935040e-01
188 6.978520e-01 7.320000e-03 2.948280e-01
189 6.966320e-01 7.272000e-03 2.960960e-01
190 6.954040e-01 7.220000e-03 2.973760e-01
191 6.939280e-01 7.492000e-03 2.985800e-01
192 6.926280e-01 7.464000e-03 2.999080e-01
193 6.914640e-01 7.360000e-03 3.011760e-01
194 6.903560e-01 7.104000e-03 3.025400e-01
195 6.890840e-01 7.152000e-03 3.037640e-01
196 6.880680e-01 7.008000e-03 3.049240e-01
197 6.869280e-01 6.964000e-03 3.061080e-01
198 6.858720e-01 6.764000e-03 3.073640e-01
199 6.846600e-01 6.908000e-03 3.084320e-01
200 6.834960e-01 6.960000e-03 3.095440e-01
201 6.824040e-01 6.768000e-03 3.108280e-01
202 6.812000e-01 6.700000e-03 3.121000e-01
203 6.801480e-01 6.604000e-03 3.132480e-01
204 6.789800e-01 6.652000e-03 3.143680e-01
205 6.777400e-01 6.732000e-03 3.155280e-01
206 6.765240e-01 6.692000e-03 3.167840e-01
207 6.752920e-01 6.688000e-03 3.180200e-01
208 6.740480e-01 6.808000e-03 3.191440e-01
209 6.728880e-01 6.764000e-03 3.203480e-01
210 6.716560e-01 6.832000e-03 3.215120e-01
211 6.704440e-01 6.852000e-03 3.227040e-01
212 6.691400e-01 6.968000e-03 3.238920e-01
213 6.679840e-01 6.968000e-03 3.250480e-01
214 6.667080e-01 7.080000e-03 3.262120e-01
215 6.654400e-01 7.116000e-03 3.274440e-01
216 6.641160e-01 7.196000e-03 3.286880e-01
217 6.629840e-01 7.104000e-03 3.299120e-01
218 6.619080e-01 6.864000e-03 3.312280e-01
219 6.608760e-01 6.660000e-03 3.324640e-01
220 6.598760e-01 6.596000e-03 3.335280e-01
221 6.587440e-01 6.620000e-03 3.346360e-01
222 6.576400e-01 6.548000e-03 3.358120e-01
223 6.566320e-01 6.468000e-03 3.369000e-01
224 6.555440e-01 6.408000e-03 3.380480e-01
225 6.545160e-01 6.424000e-03 3.390600e-01
226 6.534520e-01 6.488000e-03 3.400600e-01
227 6.523720e-01 6.376000e-03 3.412520e-01
228 6.513520e-01 6.216000e-03 3.424320e-01
229 6.502600e-01 6.256000e-03 3.434840e-01
230 6.490600e-01 6.444000e-03 3.444960e-01
231 6.479760e-01 6.432000e-03 3.455920e-01
232 6.469800e-01 6.428000e-03 3.465920e-01
233 6.459520e-01 6.388000e-03 3.476600e-01
234 6.449320e-01 6.320000e-03 3.487480e-01
235 6.439960e-01 6.216000e-03 3.497880e-01
236 6.431640e-01 5.872000e-03 3.509640e-01
237 6.424080e-01 5.580000e-03 3.520120e-01
238 6.414960e-01 5.484000e-03 3.530200e-01
239 6.407480e-01 5.180000e-03 3.540720e-01
240 6.398520e-01 5.172000e-03 3.549760e-01
241 6.390200e-01 5.064000e-03 3.559160e-01
242 6.381400e-01 5.008000e-03 3.568520e-01
243 6.372240e-01 5.108000e-03 3.576680e-01
244 6.363000e-01 5.096000e-03 3.586040e-01
245 6.354280e-01 4.976000e-03 3.595960e-01
246 6.347560e-01 4.852000e-03 3.603920e-01
247 6.340560e-01 4.668000e-03 3.612760e-01
248 6.332080e-01 4.752000e-03 3.620400e-01
249 6.324680e-01 4.680000e-03 3.628520e-01
250 6.317240e-01 4.528000e-03 3.637480e-01
251 6.309680e-01 4.460000e-03 3.645720e-01
252 6.301960e-01 4.488000e-03 3.653160e-01
253 6.294960e-01 4.376000e-03 3.661280e-01
254 6.286640e-01 4.468000e-03 3.668680e-01
255 6.278440e-01 4.520000e-03 3.676360e-01
256 6.270720e-01 4.444000e-03 3.684840e-01
257 6.262800e-01 4.464000e-03 3.692560e-01
258 6.255720e-01 4.464000e-03 3.699640e-01
259 6.249200e-01 4.364000e-03 3.707160e-01
260 6.242800e-01 4.292000e-03 3.714280e-01
261 6.235920e-01 4.272000e-03 3.721360e-01
262 6.229360e-01 4.188000e-03 3.728760e-01
263 6.221760e-01 4.216000e-03 3.736080e-01
264 6.215000e-01 4.088000e-03 3.744120e-01
265 6.208960e-01 3.940000e-03 3.751640e-01
266 6.201440e-01 3.984000e-03 3.758720e-01
267 6.195000e-01 3.920000e-03 3.765800e-01
268 6.187360e-01 4.008000e-03 3.772560e-01
269 6.181800e-01 3.808000e-03 3.780120e-01
270 6.176120e-01 3.620000e-03 3.787680e-01
271 6.169880e-01 3.608000e-03 3.794040e-01
272 6.163440e-01 3.620000e-03 3.800360e-01
273 6.158480e-01 3.560000e-03 3.805920e-01
274 6.153000e-01 3.492000e-03 3.812080e-01
275 6.146880e-01 3.496000e-03 3.818160e-01
276 6.140720e-01 3.476000e-03 3.824520e-01
277 6.135240e-01 3.456000e-03 3.830200e-01
278 6.129800e-01 3.388000e-03 3.836320e-01
279 6.124760e-01 3.288000e-03 3.842360e-01
280 6.119880e-01 3.132000e-03 3.848800e-01
281 6.113720e-01 3.228000e-03 3.854000e-01
282 6.108920e-01 3.176000e-03 3.859320e-01
283 6.103400e-01 3.164000e-03 3.864960e-01
284 6.098760e-01 3.048000e-03 3.870760e-01
285 6.092640e-01 3.140000e-03 3.875960e-01
286 6.087280e-01 3.152000e-03 3.881200e-01
287 6.081240e-01 3.168000e-03 3.887080e-01
288 6.076520e-01 3.120000e-03 3.892280e-01
289 6.071840e-01 3.080000e-03 3.897360e-01
290 6.067000e-01 2.976000e-03 3.903240e-01
291 6.062360e-01 2.928000e-03 3.908360e-01
292 6.057600e-01 2.904000e-03 3.913360e-01
293 6.052400e-01 2.900000e-03 3.918600e-01
294 6.047400e-01 2.908000e-03 3.923520e-01
295 6.043200e-01 2.832000e-03 3.928480e-01
296 6.038360e-01 2.800000e-03 3.933640e-01
297 6.034120e-01 2.696000e-03 3.938920e-01
298 6.028800e-01 2.768000e-03 3.943520e-01
299 6.024000e-01 2.736000e-03 3.948640e-01
300 6.018920e-01 2.680000e-03 3.954280e-01
301 6.014800e-01 2.652000e-03 3.958680e-01
302 6.010040e-01 2.648000e-03 3.963480e-01
303 6.005240e-01 2.644000e-03 3.968320e-01
304 6.000400e-01 2.640000e-03 3.973200e-01
305 5.996000e-01 2.616000e-03 3.977840e-01
306 5.991560e-01 2.740000e-03 3.981040e-01
307 5.987240e-01 2.704000e-03 3.985720e-01
308 5.982800e-01 2.676000e-03 3.990440e-01
309 5.977880e-01 2.716000e-03 3.994960e-01
310 5.973920e-01 2.636000e-03 3.999720e-01
311 5.970840e-01 2.448000e-03 4.004680e-01
312 5.967360e-01 2.412000e-03 4.008520e-01
313 5.963400e-01 2.452000e-03 4.012080e-01
314 5.960080e-01 2.384000e-03 4.016080e-01
315 5.956520e-01 2.296000e-03 4.020520e-01
316 5.954120e-01 2.168000e-03 4.024200e-01
317 5.950680e-01 2.092000e-03 4.028400e-01
318 5.947280e-01 2.060000e-03 4.032120e-01
319 5.944320e-01 2.044000e-03 4.035240e-01
320 5.941480e-01 2.004000e-03 4.038480e-01
321 5.938160e-01 1.912000e-03 4.042720e-01
322 5.934520e-01 1.960000e-03 4.045880e-01
323 5.930520e-01 2.052000e-03 4.048960e-01
324 5.926880e-01 2.080000e-03 4.052320e-01
325 5.922400e-01 2.144000e-03 4.056160e-01
326 5.918880e-01 2.084000e-03 4.060280e-01
327 5.914720e-01 2.136000e-03 4.063920e-01
328 5.911320e-01 2.140000e-03 4.067280e-01
329 5.907680e-01 2.124000e-03 4.071080e-01
330 5.904800e-01 1.996000e-03 4.075240e-01
331 5.901800e-01 1.952000e-03 4.078680e-01
332 5.899200e-01 1.884000e-03 4.081960e-01
333 5.896400e-01 1.796000e-03 4.085640e-01
334 5.893000e-01 1.852000e-03 4.088480e-01
335 5.889560e-01 1.892000e-03 4.091520e-01
336 5.886520e-01 1.844000e-03 4.095040e-01
337 5.883640e-01 1.808000e-03 4.098280e-01
338 5.881480e-01 1.724000e-03 4.101280e-01
339 5.878640e-01 1.744000e-03 4.103920e-01
340 5.876280e-01 1.696000e-03 4.106760e-01
341 5.873920e-01 1.724000e-03 4.108840e-01
342 5.872040e-01 1.592000e-03 4.112040e-01
343 5.869560e-01 1.580000e-03 4.114640e-01
344 5.866960e-01 1.552000e-03 4.117520e-01
345 5.865040e-01 1.464000e-03 4.120320e-01
346 5.862800e-01 1.436000e-03 4.122840e-01
347 5.860680e-01 1.436000e-03 4.124960e-01
348 5.858680e-01 1.368000e-03 4.127640e-01
349 5.857040e-01 1.320000e-03 4.129760e-01
350 5.855080e-01 1.316000e-03 4.131760e-01
351 5.853280e-01 1.304000e-03 4.133680e-01
352 5.851520e-01 1.296000e-03 4.135520e-01
353 5.849480e-01 1.280000e-03 4.137720e-01
354 5.847480e-01 1.244000e-03 4.140080e-01
355 5.845960e-01 1.200000e-03 4.142040e-01
356 5.843720e-01 1.244000e-03 4.143840e-01
357 5.841960e-01 1.200000e-03 4.146040e-01
358 5.840200e-01 1.172000e-03 4.148080e-01
359 5.838880e-01 1.100000e-03 4.150120e-01
360 5.837400e-01 1.076000e-03 4.151840e-01
361 5.835480e-01 1.080000e-03 4.153720e-01
362 5.833360e-01 1.116000e-03 4.155480e-01
363 5.832120e-01 1.112000e-03 4.156760e-01
364 5.830160e-01 1.160000e-03 4.158240e-01
365 5.828440e-01 1.164000e-03 4.159920e-01
366 5.826720e-01 1.116000e-03 4.162120e-01
367 5.824880e-01 1.112000e-03 4.164000e-01
368 5.823240e-01 1.076000e-03 4.166000e-01
369 5.821080e-01 1.084000e-03 4.168080e-01
370 5.819440e-01 1.076000e-03 4.169800e-01
371 5.817960e-01 1.020000e-03 4.171840e-01
372 5.815800e-01 1.020000e-03 4.174000e-01
373 5.814240e-01 1.012000e-03 4.175640e-01
374 5.813000e-01 9.760000e-04 4.177240e-01
375 5.811920e-01 9.400000e-04 4.178680e-01
376 5.811040e-01 8.600000e-04 4.180360e-01
377 5.809800e-01 8.520000e-04 4.181680e-01
378 5.808240e-01 8.360000e-04 4.183400e-01
379 5.807400e-01 7.880000e-04 4.184720e-01
380 5.806360e-01 7.720000e-04 4.185920e-01
381 5.804920e-01 7.480000e-04 4.187600e-01
382 5.803800e-01 7.280000e-04 4.188920e-01
383 5.802720e-01 7.280000e-04 4.190000e-01
384 5.802000e-01 6.840000e-04 4.191160e-01
385 5.800920e-01 6.680000e-04 4.192400e-01
386 5.800160e-01 5.880000e-04 4.193960e-01
387 5.799000e-01 5.920000e-04 4.195080e-01
388 5.797920e-01 5.680000e-04 4.196400e-01
389 5.797280e-01 5.400000e-04 4.197320e-01
390 5.796520e-01 5.280000e-04 4.198200e-01
391 5.795840e-01 4.880000e-04 4.199280e-01
392 5.794800e-01 4.960000e-04 4.200240e-01
393 5.794000e-01 5.080000e-04 4.200920e-01
394 5.793560e-01 4.800000e-04 4.201640e-01
395 5.792920e-01 4.800000e-04 4.202280e-01
396 5.792360e-01 4.560000e-04 4.203080e-01
397 5.791440e-01 4.400000e-04 4.204160e-01
398 5.790560e-01 4.440000e-04 4.205000e-01
399 5.789680e-01 4.640000e-04 4.205680e-01
400 5.788680e-01 4.960000e-04 4.206360e-01
401 5.787840e-01 4.880000e-04 4.207280e-01
402 5.787120e-01 4.640000e-04 4.208240e-01
403 5.786200e-01 4.840000e-04 4.208960e-01
404 5.785040e-01 5.280000e-04 4.209680e-01
405 5.783320e-01 6.240000e-04 4.210440e-01
406 5.782120e-01 6.000000e-04 4.211880e-01
407 5.780960e-01 5.880000e-04 4.213160e-01
408 5.779640e-01 6.040000e-04 4.214320e-01
409 5.778600e-01 5.880000e-04 4.215520e-01
410 5.777520e-01 5.800000e-04 4.216680e-01
411 5.776440e-01 5.720000e-04 4.217840e-01
412 5.775480e-01 5.640000e-04 4.218880e-01
413 5.774680e-01 5.240000e-04 4.220080e-01
414 5.774160e-01 5.080000e-04 4.220760e-01
415 5.773160e-01 4.800000e-04 4.222040e-01
416 5.772600e-01 4.360000e-04 4.223040e-01
417 5.772400e-01 3.880000e-04 4.223720e-01
418 5.771720e-01 3.520000e-04 4.224760e-01
419 5.771080e-01 3.800000e-04 4.225120e-01
420 5.770200e-01 4.000000e-04 4.225800e-01
421 5.769400e-01 4.120000e-04 4.226480e-01
422 5.768520e-01 4.160000e-04 4.227320e-01
423 5.768120e-01 3.760000e-04 4.228120e-01
424 5.767480e-01 3.920000e-04 4.228600e-01
425 5.767040e-01 3.320000e-04 4.229640e-01
426 5.766800e-01 2.800000e-04 4.230400e-01
427 5.766600e-01 2.360000e-04 4.231040e-01
428 5.766160e-01 2.520000e-04 4.231320e-01
429 5.765760e-01 2.200000e-04 4.232040e-01
430 5.765360e-01 2.080000e-04 4.232560e-01
431 5.764960e-01 2.240000e-04 4.232800e-01
432 5.764760e-01 1.880000e-04 4.233360e-01
433 5.764280e-01 1.960000e-04 4.233760e-01
434 5.763960e-01 1.800000e-04 4.234240e-01
435 5.763640e-01 1.840000e-04 4.234520e-01
436 5.763520e-01 1.680000e-04 4.234800e-01
437 5.763440e-01 1.560000e-04 4.235000e-01
438 5.763120e-01 1.520000e-04 4.235360e-01
439 5.762960e-01 1.520000e-04 4.235520e-01
440 5.762320e-01 1.760000e-04 4.235920e-01
441 5.762000e-01 1.760000e-04 4.236240e-01
442 5.761560e-01 1.920000e-04 4.236520e-01
443 5.761120e-01 2.160000e-04 4.236720e-01
444 5.760680e-01 2.160000e-04 4.237160e-01
445 5.760280e-01 2.200000e-04 4.237520e-01
446 5.759800e-01 2.480000e-04 4.237720e-01
447 5.759360e-01 2.400000e-04 4.238240e-01
448 5.759040e-01 2.200000e-04 4.238760e-01
449 5.758760e-01 2.120000e-04 4.239120e-01
450 5.758360e-01 2.160000e-04 4.239480e-01
451 5.758000e-01 2.080000e-04 4.239920e-01
452 5.757320e-01 2.400000e-04 4.240280e-01
453 5.756880e-01 2.320000e-04 4.240800e-01
454 5.756360e-01 2.600000e-04 4.241040e-01
455 5.755960e-01 2.520000e-04 4.241520e-01
456 5.755680e-01 2.480000e-04 4.241840e-01
457 5.755520e-01 2.360000e-04 4.242120e-01
458 5.755160e-01 2.320000e-04 4.242520e-01
459 5.755000e-01 2.160000e-04 4.242840e-01
460 5.754760e-01 2.160000e-04 4.243080e-01
461 5.754280e-01 2.360000e-04 4.243360e-01
462 5.754080e-01 2.200000e-04 4.243720e-01
463 5.753680e-01 2.200000e-04 4.244120e-01
464 5.753120e-01 2.400000e-04 4.244480e-01
465 5.752680e-01 2.520000e-04 4.244800e-01
466 5.752240e-01 2.480000e-04 4.245280e-01
467 5.751840e-01 2.360000e-04 4.245800e-01
468 5.751440e-01 2.320000e-04 4.246240e-01
469 5.751000e-01 2.240000e-04 4.246760e-01
470 5.750680e-01 2.120000e-04 4.247200e-01
471 5.750280e-01 2.320000e-04 4.247400e-01
472 5.750040e-01 2.400000e-04 4.247560e-01
473 5.750000e-01 1.920000e-04 4.248080e-01
474 5.749880e-01 1.760000e-04 4.248360e-01
475 5.749760e-01 1.640000e-04 4.248600e-01
476 5.749640e-01 1.440000e-04 4.248920e-01
477 5.749400e-01 1.320000e-04 4.249280e-01
478 5.749160e-01 1.280000e-04 4.249560e-01
479 5.749000e-01 1.320000e-04 4.249680e-01
480 5.748680e-01 1.400000e-04 4.249920e-01
481 5.748440e-01 1.400000e-04 4.250160e-01
482 5.748200e-01 1.360000e-04 4.250440e-01
483 5.748120e-01 1.200000e-04 4.250680e-01
484 5.747880e-01 1.320000e-04 4.250800e-01
485 5.747720e-01 1.360000e-04 4.250920e-01
486 5.747600e-01 1.280000e-04 4.251120e-01
487 5.747400e-01 1.280000e-04 4.251320e-01
488 5.747160e-01 1.280000e-04 4.251560e-01
489 5.747000e-01 1.200000e-04 4.251800e-01
490 5.746920e-01 1.040000e-04 4.252040e-01
491 5.746640e-01 1.000000e-04 4.252360e-01
492 5.746440e-01 1.120000e-04 4.252440e-01
493 5.746080e-01 1.480000e-04 4.252440e-01
494 5.745840e-01 1.400000e-04 4.252760e-01
495 5.745680e-01 1.400000e-04 4.252920e-01
496 5.745480e-01 1.360000e-04 4.253160e-01
497 5.745280e-01 1.400000e-04 4.253320e-01
498 5.745200e-01 1.160000e-04 4.253640e-01
499 5.745000e-01 1.120000e-04 4.253880e-01
500 5.744600e-01 1.360000e-04 4.254040e-01
