1 9.992360e-01 6.400000e-04 1.240000e-04
2 9.987560e-01 9.800000e-04 2.640000e-04
3 9.981560e-01 1.356000e-03 4.880000e-04
4 9.974400e-01 1.840000e-03 7.200000e-04
5 9.966400e-01 2.280000e-03 1.080000e-03
6 9.957080e-01 2.732000e-03 1.560000e-03
7 9.947480e-01 3.192000e-03 2.060000e-03
8 9.937440e-01 3.628000e-03 2.628000e-03
9 9.927720e-01 3.936000e-03 3.292000e-03
10 9.917440e-01 4.284000e-03 3.972000e-03
11 9.906720e-01 4.516000e-03 4.812000e-03
12 9.894920e-01 4.876000e-03 5.632000e-03
13 9.883080e-01 5.100000e-03 6.592000e-03
14 9.872320e-01 5.216000e-03 7.552000e-03
15 9.860720e-01 5.476000e-03 8.452000e-03
16 9.848800e-01 5.672000e-03 9.448000e-03
17 9.837240e-01 5.852000e-03 1.042400e-02
18 9.826320e-01 5.932000e-03 1.143600e-02
19 9.813040e-01 6.180000e-03 1.251600e-02
20 9.797360e-01 6.576000e-03 1.368800e-02
21 9.784800e-01 6.752000e-03 1.476800e-02
22 9.771880e-01 6.812000e-03 1.600000e-02
23 9.759040e-01 6.868000e-03 1.722800e-02
24 9.744760e-01 7.016000e-03 1.850800e-02
25 9.730520e-01 7.208000e-03 1.974000e-02
26 9.716360e-01 7.416000e-03 2.094800e-02
27 9.700440e-01 7.836000e-03 2.212000e-02
28 9.685880e-01 7.900000e-03 2.351200e-02
29 9.671480e-01 8.048000e-03 2.480400e-02
30 9.656400e-01 8.216000e-03 2.614400e-02
31 9.642560e-01 8.096000e-03 2.764800e-02
32 9.627960e-01 8.048000e-03 2.915600e-02
33 9.614600e-01 8.064000e-03 3.047600e-02
34 9.601200e-01 7.932000e-03 3.194800e-02
35 9.585040e-01 8.176000e-03 3.332000e-02
36 9.571680e-01 8.104000e-03 3.472800e-02
37 9.557680e-01 8.160000e-03 3.607200e-02
38 9.542280e-01 8.232000e-03 3.754000e-02
39 9.526880e-01 8.332000e-03 3.898000e-02
40 9.511520e-01 8.524000e-03 4.032400e-02
41 9.496520e-01 8.488000e-03 4.186000e-02
42 9.479920e-01 8.704000e-03 4.330400e-02
43 9.463520e-01 8.792000e-03 4.485600e-02
44 9.445880e-01 9.060000e-03 4.635200e-02
45 9.430480e-01 8.900000e-03 4.805200e-02
46 9.414360e-01 8.868000e-03 4.969600e-02
47 9.397520e-01 8.920000e-03 5.132800e-02
48 9.381520e-01 8.868000e-03 5.298000e-02
49 9.363560e-01 9.048000e-03 5.459600e-02
50 9.346920e-01 9.076000e-03 5.623200e-02
51 9.330160e-01 9.160000e-03 5.782400e-02
52 9.314800e-01 9.100000e-03 5.942000e-02
53 9.299160e-01 9.064000e-03 6.102000e-02
54 9.282840e-01 9.196000e-03 6.252000e-02
55 9.266480e-01 9.204000e-03 6.414800e-02
56 9.251480e-01 9.060000e-03 6.579200e-02
57 9.237120e-01 8.900000e-03 6.738800e-02
58 9.220680e-01 8.904000e-03 6.902800e-02
59 9.205680e-01 8.824000e-03 7.060800e-02
60 9.190080e-01 8.732000e-03 7.226000e-02
61 9.173880e-01 8.968000e-03 7.364400e-02
62 9.158840e-01 8.956000e-03 7.516000e-02
63 9.143240e-01 8.928000e-03 7.674800e-02
64 9.126120e-01 9.140000e-03 7.824800e-02
65 9.109480e-01 9.084000e-03 7.996800e-02
66 9.093920e-01 8.940000e-03 8.166800e-02
67 9.078000e-01 8.964000e-03 8.323600e-02
68 9.064280e-01 8.852000e-03 8.472000e-02
69 9.046200e-01 9.184000e-03 8.619600e-02
70 9.028560e-01 9.292000e-03 8.785200e-02
71 9.012800e-01 9.164000e-03 8.955600e-02
72 8.997880e-01 9.128000e-03 9.108400e-02
73 8.980640e-01 9.164000e-03 9.277200e-02
74 8.964080e-01 9.272000e-03 9.432000e-02
75 8.947520e-01 9.244000e-03 9.600400e-02
76 8.930440e-01 9.396000e-03 9.756000e-02
77 8.914440e-01 9.412000e-03 9.914400e-02
78 8.896120e-01 9.640000e-03 1.007480e-01
79 8.879160e-01 9.616000e-03 1.024680e-01
80 8.861880e-01 9.748000e-03 1.040640e-01
81 8.845720e-01 9.636000e-03 1.057920e-01
82 8.829160e-01 9.624000e-03 1.074600e-01
83 8.812360e-01 9.580000e-03 1.091840e-01
84 8.797600e-01 9.336000e-03 1.109040e-01
85 8.781920e-01 9.252000e-03 1.125560e-01
86 8.766920e-01 9.124000e-03 1.141840e-01
87 8.750800e-01 9.104000e-03 1.158160e-01
88 8.735640e-01 8.960000e-03 1.174760e-01
89 8.719640e-01 9.024000e-03 1.190120e-01
90 8.703440e-01 9.036000e-03 1.206200e-01
91 8.689640e-01 8.924000e-03 1.221120e-01
92 8.674760e-01 8.852000e-03 1.236720e-01
93 8.660200e-01 8.648000e-03 1.253320e-01
94 8.646000e-01 8.496000e-03 1.269040e-01
95 8.631760e-01 8.564000e-03 1.282600e-01
96 8.616880e-01 8.520000e-03 1.297920e-01
97 8.602600e-01 8.412000e-03 1.313280e-01
98 8.588120e-01 8.324000e-03 1.328640e-01
99 8.574400e-01 8.236000e-03 1.343240e-01
100 8.561040e-01 8.056000e-03 1.358400e-01
101 8.548160e-01 7.956000e-03 1.372280e-01
102 8.534520e-01 7.960000e-03 1.385880e-01
103 8.520200e-01 7.904000e-03 1.400760e-01
104 8.507160e-01 7.764000e-03 1.415200e-01
105 8.494840e-01 7.648000e-03 1.428680e-01
106 8.481160e-01 7.696000e-03 1.441880e-01
107 8.467600e-01 7.716000e-03 1.455240e-01
108 8.454720e-01 7.656000e-03 1.468720e-01
109 8.442800e-01 7.600000e-03 1.481200e-01
110 8.429560e-01 7.572000e-03 1.494720e-01
111 8.415120e-01 7.700000e-03 1.507880e-01
112 8.403160e-01 7.520000e-03 1.521640e-01
113 8.389320e-01 7.692000e-03 1.533760e-01
114 8.374480e-01 7.960000e-03 1.545920e-01
115 8.359760e-01 8.036000e-03 1.559880e-01
116 8.345760e-01 8.128000e-03 1.572960e-01
117 8.332360e-01 8.152000e-03 1.586120e-01
118 8.318480e-01 8.148000e-03 1.600040e-01
119 8.304800e-01 8.152000e-03 1.613680e-01
120 8.290840e-01 8.140000e-03 1.627760e-01
121 8.277080e-01 8.120000e-03 1.641720e-01
122 8.263800e-01 8.080000e-03 1.655400e-01
123 8.250640e-01 8.136000e-03 1.668000e-01
124 8.236960e-01 8.072000e-03 1.682320e-01
125 8.221440e-01 8.184000e-03 1.696720e-01
126 8.207000e-01 8.192000e-03 1.711080e-01
127 8.193800e-01 8.176000e-03 1.724440e-01
128 8.181160e-01 7.992000e-03 1.738920e-01
129 8.166680e-01 8.016000e-03 1.753160e-01
130 8.153240e-01 8.060000e-03 1.766160e-01
131 8.141120e-01 7.804000e-03 1.780840e-01
132 8.129040e-01 7.692000e-03 1.794040e-01
133 8.114720e-01 7.780000e-03 1.807480e-01
134 8.100960e-01 7.920000e-03 1.819840e-01
135 8.087840e-01 7.980000e-03 1.832360e-01
136 8.074560e-01 7.784000e-03 1.847600e-01
137 8.062440e-01 7.604000e-03 1.861520e-01
138 8.049920e-01 7.588000e-03 1.874200e-01
139 8.038240e-01 7.540000e-03 1.886360e-01
140 8.026880e-01 7.224000e-03 1.900880e-01
141 8.013040e-01 7.324000e-03 1.913720e-01
142 8.000800e-01 7.268000e-03 1.926520e-01
143 7.988160e-01 7.272000e-03 1.939120e-01
144 7.976360e-01 7.184000e-03 1.951800e-01
145 7.964840e-01 7.180000e-03 1.963360e-01
146 7.953480e-01 7.084000e-03 1.975680e-01
147 7.942640e-01 6.860000e-03 1.988760e-01
148 7.932440e-01 6.704000e-03 2.000520e-01
149 7.921440e-01 6.564000e-03 2.012920e-01
150 7.911680e-01 6.440000e-03 2.023920e-01
151 7.901720e-01 6.280000e-03 2.035480e-01
152 7.893080e-01 6.124000e-03 2.045680e-01
153 7.883520e-01 5.904000e-03 2.057440e-01
154 7.873960e-01 5.828000e-03 2.067760e-01
155 7.864720e-01 5.756000e-03 2.077720e-01
156 7.855160e-01 5.784000e-03 2.087000e-01
157 7.845920e-01 5.724000e-03 2.096840e-01
158 7.837200e-01 5.508000e-03 2.107720e-01
159 7.827520e-01 5.380000e-03 2.118680e-01
160 7.818560e-01 5.388000e-03 2.127560e-01
161 7.808840e-01 5.420000e-03 2.136960e-01
162 7.799320e-01 5.324000e-03 2.147440e-01
163 7.789080e-01 5.348000e-03 2.157440e-01
164 7.779360e-01 5.364000e-03 2.167000e-01
165 7.768160e-01 5.524000e-03 2.176600e-01
166 7.757520e-01 5.568000e-03 2.186800e-01
167 7.746400e-01 5.688000e-03 2.196720e-01
168 7.737280e-01 5.528000e-03 2.207440e-01
169 7.729320e-01 5.456000e-03 2.216120e-01
170 7.720040e-01 5.456000e-03 2.225400e-01
171 7.711080e-01 5.484000e-03 2.234080e-01
172 7.701840e-01 5.336000e-03 2.244800e-01
173 7.691960e-01 5.372000e-03 2.254320e-01
174 7.683680e-01 5.348000e-03 2.262840e-01
175 7.674440e-01 5.408000e-03 2.271480e-01
176 7.667360e-01 5.128000e-03 2.281360e-01
177 7.658800e-01 5.096000e-03 2.290240e-01
178 7.650080e-01 5.184000e-03 2.298080e-01
179 7.641720e-01 5.180000e-03 2.306480e-01
180 7.631600e-01 5.284000e-03 2.315560e-01
181 7.622720e-01 5.268000e-03 2.324600e-01
182 7.613480e-01 5.296000e-03 2.333560e-01
183 7.604240e-01 5.380000e-03 2.341960e-01
184 7.594600e-01 5.408000e-03 2.351320e-01
185 7.584680e-01 5.524000e-03 2.360080e-01
186 7.575040e-01 5.464000e-03 2.370320e-01
187 7.565680e-01 5.432000e-03 2.380000e-01
188 7.556680e-01 5.352000e-03 2.389800e-01
189 7.547880e-01 5.328000e-03 2.398840e-01
190 7.538920e-01 5.228000e-03 2.408800e-01
191 7.529680e-01 5.276000e-03 2.417560e-01
192 7.519800e-01 5.268000e-03 2.427520e-01
193 7.509720e-01 5.332000e-03 2.436960e-01
194 7.500600e-01 5.372000e-03 2.445680e-01
195 7.491920e-01 5.240000e-03 2.455680e-01
196 7.483320e-01 5.224000e-03 2.464440e-01
197 7.474240e-01 5.240000e-03 2.473360e-01
198 7.464680e-01 5.368000e-03 2.481640e-01
199 7.455280e-01 5.276000e-03 2.491960e-01
200 7.447040e-01 5.224000e-03 2.500720e-01
201 7.437840e-01 5.292000e-03 2.509240e-01
202 7.427560e-01 5.412000e-03 2.518320e-01
203 7.417520e-01 5.500000e-03 2.527480e-01
204 7.407040e-01 5.532000e-03 2.537640e-01
205 7.398200e-01 5.384000e-03 2.547960e-01
206 7.388600e-01 5.340000e-03 2.558000e-01
207 7.379640e-01 5.180000e-03 2.568560e-01
208 7.371920e-01 4.980000e-03 2.578280e-01
209 7.361840e-01 5.108000e-03 2.587080e-01
210 7.351960e-01 5.068000e-03 2.597360e-01
211 7.341560e-01 5.076000e-03 2.607680e-01
212 7.332400e-01 5.112000e-03 2.616480e-01
213 7.323040e-01 5.200000e-03 2.624960e-01
214 7.314560e-01 5.128000e-03 2.634160e-01
215 7.307680e-01 4.888000e-03 2.643440e-01
216 7.300320e-01 4.724000e-03 2.652440e-01
217 7.292440e-01 4.612000e-03 2.661440e-01
218 7.284400e-01 4.688000e-03 2.668720e-01
219 7.276680e-01 4.608000e-03 2.677240e-01
220 7.269040e-01 4.548000e-03 2.685480e-01
221 7.261440e-01 4.528000e-03 2.693280e-01
222 7.252480e-01 4.676000e-03 2.700760e-01
223 7.245040e-01 4.604000e-03 2.708920e-01
224 7.238400e-01 4.492000e-03 2.716680e-01
225 7.229920e-01 4.596000e-03 2.724120e-01
226 7.221160e-01 4.596000e-03 2.732880e-01
227 7.212880e-01 4.688000e-03 2.740240e-01
228 7.203720e-01 4.756000e-03 2.748720e-01
229 7.195720e-01 4.800000e-03 2.756280e-01
230 7.187560e-01 4.840000e-03 2.764040e-01
231 7.178120e-01 4.944000e-03 2.772440e-01
232 7.169000e-01 4.996000e-03 2.781040e-01
233 7.160320e-01 4.976000e-03 2.789920e-01
234 7.153480e-01 4.820000e-03 2.798320e-01
235 7.146640e-01 4.656000e-03 2.806800e-01
236 7.139920e-01 4.556000e-03 2.814520e-01
237 7.132480e-01 4.484000e-03 2.822680e-01
238 7.124960e-01 4.436000e-03 2.830680e-01
239 7.117920e-01 4.288000e-03 2.839200e-01
240 7.110160e-01 4.392000e-03 2.845920e-01
241 7.102520e-01 4.396000e-03 2.853520e-01
242 7.094880e-01 4.364000e-03 2.861480e-01
243 7.089040e-01 4.176000e-03 2.869200e-01
244 7.081680e-01 4.172000e-03 2.876600e-01
245 7.073600e-01 4.220000e-03 2.884200e-01
246 7.066360e-01 4.236000e-03 2.891280e-01
247 7.057760e-01 4.408000e-03 2.898160e-01
248 7.049920e-01 4.404000e-03 2.906040e-01
249 7.041320e-01 4.556000e-03 2.913120e-01
250 7.033720e-01 4.628000e-03 2.920000e-01
251 7.026480e-01 4.580000e-03 2.927720e-01
252 7.017720e-01 4.636000e-03 2.935920e-01
253 7.010200e-01 4.584000e-03 2.943960e-01
254 7.002520e-01 4.532000e-03 2.952160e-01
255 6.996160e-01 4.460000e-03 2.959240e-01
256 6.988560e-01 4.460000e-03 2.966840e-01
257 6.981920e-01 4.376000e-03 2.974320e-01
258 6.973880e-01 4.428000e-03 2.981840e-01
259 6.968040e-01 4.224000e-03 2.989720e-01
260 6.961200e-01 4.128000e-03 2.997520e-01
261 6.955480e-01 4.008000e-03 3.004440e-01
262 6.949560e-01 4.000000e-03 3.010440e-01
263 6.943240e-01 3.912000e-03 3.017640e-01
264 6.936360e-01 3.896000e-03 3.024680e-01
265 6.928280e-01 4.020000e-03 3.031520e-01
266 6.920880e-01 4.056000e-03 3.038560e-01
267 6.914240e-01 3.940000e-03 3.046360e-01
268 6.907400e-01 4.016000e-03 3.052440e-01
269 6.900760e-01 4.032000e-03 3.058920e-01
270 6.894880e-01 3.928000e-03 3.065840e-01
271 6.888760e-01 3.816000e-03 3.073080e-01
272 6.882720e-01 3.732000e-03 3.079960e-01
273 6.877000e-01 3.736000e-03 3.085640e-01
274 6.871720e-01 3.656000e-03 3.091720e-01
275 6.864680e-01 3.736000e-03 3.097960e-01
276 6.857920e-01 3.820000e-03 3.103880e-01
277 6.851720e-01 3.712000e-03 3.111160e-01
278 6.845440e-01 3.756000e-03 3.117000e-01
279 6.839880e-01 3.584000e-03 3.124280e-01
280 6.835080e-01 3.480000e-03 3.130120e-01
281 6.830080e-01 3.372000e-03 3.136200e-01
282 6.825320e-01 3.264000e-03 3.142040e-01
283 6.818960e-01 3.332000e-03 3.147720e-01
284 6.812960e-01 3.300000e-03 3.154040e-01
285 6.807360e-01 3.300000e-03 3.159640e-01
286 6.801720e-01 3.320000e-03 3.165080e-01
287 6.796200e-01 3.292000e-03 3.170880e-01
288 6.789920e-01 3.392000e-03 3.176160e-01
289 6.784080e-01 3.416000e-03 3.181760e-01
290 6.779440e-01 3.308000e-03 3.187480e-01
291 6.774080e-01 3.200000e-03 3.193920e-01
292 6.768640e-01 3.248000e-03 3.198880e-01
293 6.763400e-01 3.196000e-03 3.204640e-01
294 6.757480e-01 3.176000e-03 3.210760e-01
295 6.751640e-01 3.228000e-03 3.216080e-01
296 6.746480e-01 3.124000e-03 3.222280e-01
297 6.741600e-01 3.064000e-03 3.227760e-01
298 6.736440e-01 3.072000e-03 3.232840e-01
299 6.731200e-01 3.088000e-03 3.237920e-01
300 6.726720e-01 3.008000e-03 3.243200e-01
301 6.722160e-01 2.892000e-03 3.248920e-01
302 6.717400e-01 2.916000e-03 3.253440e-01
303 6.711760e-01 2.988000e-03 3.258360e-01
304 6.706440e-01 2.932000e-03 3.264240e-01
305 6.701880e-01 2.852000e-03 3.269600e-01
306 6.697080e-01 2.780000e-03 3.275120e-01
307 6.692840e-01 2.828000e-03 3.278880e-01
308 6.687560e-01 2.928000e-03 3.283160e-01
309 6.683080e-01 2.872000e-03 3.288200e-01
310 6.678560e-01 2.808000e-03 3.293360e-01
311 6.674440e-01 2.728000e-03 3.298280e-01
312 6.670120e-01 2.720000e-03 3.302680e-01
313 6.665200e-01 2.712000e-03 3.307680e-01
314 6.660760e-01 2.712000e-03 3.312120e-01
315 6.655840e-01 2.684000e-03 3.317320e-01
316 6.651760e-01 2.592000e-03 3.322320e-01
317 6.647920e-01 2.488000e-03 3.327200e-01
318 6.643840e-01 2.460000e-03 3.331560e-01
319 6.638920e-01 2.500000e-03 3.336080e-01
320 6.634560e-01 2.536000e-03 3.340080e-01
321 6.629200e-01 2.688000e-03 3.343920e-01
322 6.625360e-01 2.536000e-03 3.349280e-01
323 6.620800e-01 2.488000e-03 3.354320e-01
324 6.616440e-01 2.464000e-03 3.358920e-01
325 6.612560e-01 2.452000e-03 3.362920e-01
326 6.608720e-01 2.372000e-03 3.367560e-01
327 6.604360e-01 2.444000e-03 3.371200e-01
328 6.599480e-01 2.516000e-03 3.375360e-01
329 6.595080e-01 2.548000e-03 3.379440e-01
330 6.590520e-01 2.468000e-03 3.384800e-01
331 6.586320e-01 2.448000e-03 3.389200e-01
332 6.582240e-01 2.452000e-03 3.393240e-01
333 6.578440e-01 2.396000e-03 3.397600e-01
334 6.574880e-01 2.400000e-03 3.401120e-01
335 6.571800e-01 2.292000e-03 3.405280e-01
336 6.568480e-01 2.248000e-03 3.409040e-01
337 6.564800e-01 2.176000e-03 3.413440e-01
338 6.561840e-01 2.132000e-03 3.416840e-01
339 6.558800e-01 2.100000e-03 3.420200e-01
340 6.555120e-01 2.112000e-03 3.423760e-01
341 6.551720e-01 2.076000e-03 3.427520e-01
342 6.548640e-01 2.064000e-03 3.430720e-01
343 6.545320e-01 1.972000e-03 3.434960e-01
344 6.541760e-01 1.976000e-03 3.438480e-01
345 6.538720e-01 1.920000e-03 3.442080e-01
346 6.535840e-01 1.792000e-03 3.446240e-01
347 6.533080e-01 1.804000e-03 3.448880e-01
348 6.530840e-01 1.668000e-03 3.452480e-01
349 6.528600e-01 1.612000e-03 3.455280e-01
350 6.526400e-01 1.520000e-03 3.458400e-01
351 6.523640e-01 1.496000e-03 3.461400e-01
352 6.521480e-01 1.452000e-03 3.464000e-01
353 6.519360e-01 1.436000e-03 3.466280e-01
354 6.517240e-01 1.392000e-03 3.468840e-01
355 6.514760e-01 1.368000e-03 3.471560e-01
356 6.512800e-01 1.364000e-03 3.473560e-01
357 6.510480e-01 1.340000e-03 3.476120e-01
358 6.508520e-01 1.312000e-03 3.478360e-01
359 6.505880e-01 1.364000e-03 3.480480e-01
360 6.503040e-01 1.412000e-03 3.482840e-01
361 6.500320e-01 1.432000e-03 3.485360e-01
362 6.497800e-01 1.376000e-03 3.488440e-01
363 6.495400e-01 1.460000e-03 3.490000e-01
364 6.492680e-01 1.464000e-03 3.492680e-01
365 6.490040e-01 1.448000e-03 3.495480e-01
366 6.486200e-01 1.584000e-03 3.497960e-01
367 6.483320e-01 1.608000e-03 3.500600e-01
368 6.480120e-01 1.660000e-03 3.503280e-01
369 6.477320e-01 1.676000e-03 3.505920e-01
370 6.473200e-01 1.776000e-03 3.509040e-01
371 6.469800e-01 1.812000e-03 3.512080e-01
372 6.466120e-01 1.896000e-03 3.514920e-01
373 6.462280e-01 1.992000e-03 3.517800e-01
374 6.457520e-01 2.144000e-03 3.521040e-01
375 6.453320e-01 2.188000e-03 3.524800e-01
376 6.449720e-01 2.112000e-03 3.529160e-01
377 6.445560e-01 2.084000e-03 3.533600e-01
378 6.442720e-01 2.016000e-03 3.537120e-01
379 6.439800e-01 1.948000e-03 3.540720e-01
380 6.437480e-01 1.848000e-03 3.544040e-01
381 6.433800e-01 1.872000e-03 3.547480e-01
382 6.430200e-01 1.944000e-03 3.550360e-01
383 6.426920e-01 1.872000e-03 3.554360e-01
384 6.423120e-01 1.948000e-03 3.557400e-01
385 6.420120e-01 1.908000e-03 3.560800e-01
386 6.416720e-01 1.904000e-03 3.564240e-01
387 6.413280e-01 1.940000e-03 3.567320e-01
388 6.409760e-01 1.948000e-03 3.570760e-01
389 6.406280e-01 1.932000e-03 3.574400e-01
390 6.403880e-01 1.872000e-03 3.577400e-01
391 6.401520e-01 1.764000e-03 3.580840e-01
392 6.398920e-01 1.692000e-03 3.584160e-01
393 6.396120e-01 1.708000e-03 3.586800e-01
394 6.393520e-01 1.692000e-03 3.589560e-01
395 6.390720e-01 1.680000e-03 3.592480e-01
396 6.388480e-01 1.652000e-03 3.595000e-01
397 6.386680e-01 1.592000e-03 3.597400e-01
398 6.383800e-01 1.592000e-03 3.600280e-01
399 6.381760e-01 1.532000e-03 3.602920e-01
400 6.380320e-01 1.412000e-03 3.605560e-01
401 6.378280e-01 1.396000e-03 3.607760e-01
402 6.377120e-01 1.296000e-03 3.609920e-01
403 6.375440e-01 1.244000e-03 3.612120e-01
404 6.373680e-01 1.192000e-03 3.614400e-01
405 6.371440e-01 1.224000e-03 3.616320e-01
406 6.369360e-01 1.184000e-03 3.618800e-01
407 6.367600e-01 1.156000e-03 3.620840e-01
408 6.365120e-01 1.132000e-03 3.623560e-01
409 6.362920e-01 1.160000e-03 3.625480e-01
410 6.361160e-01 1.148000e-03 3.627360e-01
411 6.359880e-01 1.040000e-03 3.629720e-01
412 6.357680e-01 1.068000e-03 3.631640e-01
413 6.356080e-01 1.044000e-03 3.633480e-01
414 6.354400e-01 1.076000e-03 3.634840e-01
415 6.352160e-01 1.104000e-03 3.636800e-01
416 6.350560e-01 1.072000e-03 3.638720e-01
417 6.348480e-01 1.128000e-03 3.640240e-01
418 6.346640e-01 1.124000e-03 3.642120e-01
419 6.344520e-01 1.172000e-03 3.643760e-01
420 6.342760e-01 1.160000e-03 3.645640e-01
421 6.341120e-01 1.108000e-03 3.647800e-01
422 6.339280e-01 1.104000e-03 3.649680e-01
423 6.337320e-01 1.112000e-03 3.651560e-01
424 6.335400e-01 1.108000e-03 3.653520e-01
425 6.333800e-01 1.000000e-03 3.656200e-01
426 6.331800e-01 1.060000e-03 3.657600e-01
427 6.330440e-01 9.960000e-04 3.659600e-01
428 6.328920e-01 9.960000e-04 3.661120e-01
429 6.327200e-01 9.920000e-04 3.662880e-01
430 6.326120e-01 9.440000e-04 3.664440e-01
431 6.324880e-01 9.320000e-04 3.665800e-01
432 6.323280e-01 8.920000e-04 3.667800e-01
433 6.322240e-01 8.440000e-04 3.669320e-01
434 6.321080e-01 8.240000e-04 3.670680e-01
435 6.319640e-01 8.200000e-04 3.672160e-01
436 6.319000e-01 7.360000e-04 3.673640e-01
437 6.318280e-01 7.160000e-04 3.674560e-01
438 6.317440e-01 6.960000e-04 3.675600e-01
439 6.316160e-01 7.280000e-04 3.676560e-01
440 6.315120e-01 7.160000e-04 3.677720e-01
441 6.314040e-01 6.920000e-04 3.679040e-01
442 6.313080e-01 6.840000e-04 3.680080e-01
443 6.311840e-01 6.960000e-04 3.681200e-01
444 6.311000e-01 6.920000e-04 3.682080e-01
445 6.310200e-01 6.640000e-04 3.683160e-01
446 6.309000e-01 6.680000e-04 3.684320e-01
447 6.307560e-01 7.160000e-04 3.685280e-01
448 6.306480e-01 7.000000e-04 3.686520e-01
449 6.304920e-01 7.640000e-04 3.687440e-01
450 6.302960e-01 8.280000e-04 3.688760e-01
451 6.300960e-01 9.080000e-04 3.689960e-01
452 6.299640e-01 8.680000e-04 3.691680e-01
453 6.298520e-01 8.200000e-04 3.693280e-01
454 6.297640e-01 7.920000e-04 3.694440e-01
455 6.296480e-01 7.720000e-04 3.695800e-01
456 6.295440e-01 7.480000e-04 3.697080e-01
457 6.294320e-01 7.560000e-04 3.698120e-01
458 6.293200e-01 7.400000e-04 3.699400e-01
459 6.291720e-01 7.560000e-04 3.700720e-01
460 6.290480e-01 7.040000e-04 3.702480e-01
461 6.289240e-01 6.880000e-04 3.703880e-01
462 6.288160e-01 6.640000e-04 3.705200e-01
463 6.286840e-01 6.760000e-04 3.706400e-01
464 6.285240e-01 7.360000e-04 3.707400e-01
465 6.284120e-01 7.080000e-04 3.708800e-01
466 6.282520e-01 7.240000e-04 3.710240e-01
467 6.281360e-01 6.760000e-04 3.711880e-01
468 6.280600e-01 6.400000e-04 3.713000e-01
469 6.279960e-01 5.840000e-04 3.714200e-01
470 6.278720e-01 6.480000e-04 3.714800e-01
471 6.277760e-01 6.040000e-04 3.716200e-01
472 6.276720e-01 6.120000e-04 3.717160e-01
473 6.275040e-01 6.760000e-04 3.718200e-01
474 6.273880e-01 6.760000e-04 3.719360e-01
475 6.272120e-01 7.120000e-04 3.720760e-01
476 6.270680e-01 7.520000e-04 3.721800e-01
477 6.269040e-01 7.880000e-04 3.723080e-01
478 6.267080e-01 8.600000e-04 3.724320e-01
479 6.265480e-01 8.680000e-04 3.725840e-01
480 6.263640e-01 9.000000e-04 3.727360e-01
481 6.262000e-01 9.160000e-04 3.728840e-01
482 6.260240e-01 9.320000e-04 3.730440e-01
483 6.258800e-01 8.960000e-04 3.732240e-01
484 6.257640e-01 8.840000e-04 3.733520e-01
485 6.256360e-01 8.600000e-04 3.735040e-01
486 6.255360e-01 8.040000e-04 3.736600e-01
487 6.254160e-01 7.840000e-04 3.738000e-01
488 6.252920e-01 7.800000e-04 3.739280e-01
489 6.251560e-01 7.800000e-04 3.740640e-01
490 6.250240e-01 7.720000e-04 3.742040e-01
491 6.249000e-01 7.480000e-04 3.743520e-01
492 6.247560e-01 7.720000e-04 3.744720e-01
493 6.246480e-01 7.640000e-04 3.745880e-01
494 6.245440e-01 7.240000e-04 3.747320e-01
495 6.244360e-01 7.200000e-04 3.748440e-01
496 6.243280e-01 7.000000e-04 3.749720e-01
497 6.242320e-01 6.560000e-04 3.751120e-01
498 6.241640e-01 6.320000e-04 3.752040e-01
499 6.240760e-01 6.120000e-04 3.753120e-01
500 6.240120e-01 5.920000e-04 3.753960e-01
