1 9.991320e-01 7.720000e-04 9.600000e-05
2 9.985600e-01 1.184000e-03 2.560000e-04
3 9.979640e-01 1.564000e-03 4.720000e-04
4 9.972360e-01 2.032000e-03 7.320000e-04
5 9.964520e-01 2.436000e-03 1.112000e-03
6 9.956480e-01 2.796000e-03 1.556000e-03
7 9.946320e-01 3.340000e-03 2.028000e-03
8 9.936120e-01 3.820000e-03 2.568000e-03
9 9.925600e-01 4.200000e-03 3.240000e-03
10 9.914920e-01 4.368000e-03 4.140000e-03
11 9.903080e-01 4.876000e-03 4.816000e-03
12 9.891120e-01 5.224000e-03 5.664000e-03
13 9.879960e-01 5.444000e-03 6.560000e-03
14 9.869080e-01 5.552000e-03 7.540000e-03
15 9.857360e-01 5.720000e-03 8.544000e-03
16 9.845600e-01 5.828000e-03 9.612000e-03
17 9.834040e-01 5.888000e-03 1.070800e-02
18 9.820760e-01 6.184000e-03 1.174000e-02
19 9.807920e-01 6.288000e-03 1.292000e-02
20 9.793760e-01 6.544000e-03 1.408000e-02
21 9.779120e-01 6.844000e-03 1.524400e-02
22 9.764440e-01 7.016000e-03 1.654000e-02
23 9.750040e-01 7.228000e-03 1.776800e-02
24 9.735760e-01 7.392000e-03 1.903200e-02
25 9.721440e-01 7.524000e-03 2.033200e-02
26 9.707080e-01 7.504000e-03 2.178800e-02
27 9.693440e-01 7.540000e-03 2.311600e-02
28 9.678200e-01 7.864000e-03 2.431600e-02
29 9.663400e-01 8.000000e-03 2.566000e-02
30 9.646920e-01 8.184000e-03 2.712400e-02
31 9.632360e-01 8.132000e-03 2.863200e-02
32 9.616480e-01 8.340000e-03 3.001200e-02
33 9.602160e-01 8.268000e-03 3.151600e-02
34 9.584600e-01 8.664000e-03 3.287600e-02
35 9.567640e-01 8.984000e-03 3.425200e-02
36 9.546800e-01 9.576000e-03 3.574400e-02
37 9.525520e-01 9.820000e-03 3.762800e-02
38 9.505800e-01 1.005200e-02 3.936800e-02
39 9.486320e-01 1.020800e-02 4.116000e-02
40 9.466040e-01 1.037600e-02 4.302000e-02
41 9.447400e-01 1.039600e-02 4.486400e-02
42 9.427720e-01 1.059600e-02 4.663200e-02
43 9.407560e-01 1.078800e-02 4.845600e-02
44 9.386680e-01 1.104000e-02 5.029200e-02
45 9.367080e-01 1.091200e-02 5.238000e-02
46 9.347720e-01 1.087200e-02 5.435600e-02
47 9.328160e-01 1.104400e-02 5.614000e-02
48 9.308080e-01 1.106000e-02 5.813200e-02
49 9.287760e-01 1.100800e-02 6.021600e-02
50 9.268000e-01 1.107200e-02 6.212800e-02
51 9.248080e-01 1.114000e-02 6.405200e-02
52 9.230520e-01 1.096000e-02 6.598800e-02
53 9.209120e-01 1.134800e-02 6.774000e-02
54 9.187880e-01 1.124000e-02 6.997200e-02
55 9.167720e-01 1.125200e-02 7.197600e-02
56 9.146760e-01 1.141600e-02 7.390800e-02
57 9.125240e-01 1.158400e-02 7.589200e-02
58 9.104000e-01 1.173200e-02 7.786800e-02
59 9.081360e-01 1.194000e-02 7.992400e-02
60 9.060160e-01 1.206400e-02 8.192000e-02
61 9.039280e-01 1.204800e-02 8.402400e-02
62 9.016720e-01 1.226400e-02 8.606400e-02
63 8.996720e-01 1.218400e-02 8.814400e-02
64 8.976800e-01 1.211200e-02 9.020800e-02
65 8.954520e-01 1.234800e-02 9.220000e-02
66 8.933560e-01 1.236800e-02 9.427600e-02
67 8.911840e-01 1.243600e-02 9.638000e-02
68 8.890240e-01 1.229200e-02 9.868400e-02
69 8.869560e-01 1.194800e-02 1.010960e-01
70 8.848760e-01 1.198800e-02 1.031360e-01
71 8.827920e-01 1.201600e-02 1.051920e-01
72 8.806360e-01 1.215200e-02 1.072120e-01
73 8.785120e-01 1.206400e-02 1.094240e-01
74 8.763200e-01 1.229600e-02 1.113840e-01
75 8.741960e-01 1.218400e-02 1.136200e-01
76 8.720440e-01 1.221600e-02 1.157400e-01
77 8.699720e-01 1.217200e-02 1.178560e-01
78 8.676600e-01 1.228000e-02 1.200600e-01
79 8.654160e-01 1.229600e-02 1.222880e-01
80 8.631920e-01 1.243600e-02 1.243720e-01
81 8.610840e-01 1.239200e-02 1.265240e-01
82 8.588800e-01 1.246000e-02 1.286600e-01
83 8.564720e-01 1.282000e-02 1.307080e-01
84 8.541280e-01 1.302000e-02 1.328520e-01
85 8.520640e-01 1.281200e-02 1.351240e-01
86 8.498000e-01 1.274800e-02 1.374520e-01
87 8.478080e-01 1.250800e-02 1.396840e-01
88 8.458640e-01 1.242000e-02 1.417160e-01
89 8.437880e-01 1.249600e-02 1.437160e-01
90 8.417120e-01 1.234000e-02 1.459480e-01
91 8.397600e-01 1.202000e-02 1.482200e-01
92 8.376920e-01 1.191600e-02 1.503920e-01
93 8.356280e-01 1.184800e-02 1.525240e-01
94 8.336880e-01 1.185200e-02 1.544600e-01
95 8.317400e-01 1.174800e-02 1.565120e-01
96 8.299000e-01 1.149200e-02 1.586080e-01
97 8.280240e-01 1.138800e-02 1.605880e-01
98 8.261600e-01 1.128000e-02 1.625600e-01
99 8.242640e-01 1.118800e-02 1.645480e-01
100 8.223760e-01 1.099600e-02 1.666280e-01
101 8.205320e-01 1.101200e-02 1.684560e-01
102 8.186720e-01 1.081600e-02 1.705120e-01
103 8.167080e-01 1.096400e-02 1.723280e-01
104 8.148280e-01 1.089200e-02 1.742800e-01
105 8.131640e-01 1.077200e-02 1.760640e-01
106 8.111200e-01 1.087600e-02 1.780040e-01
107 8.090520e-01 1.107200e-02 1.798760e-01
108 8.069880e-01 1.128800e-02 1.817240e-01
109 8.050920e-01 1.102800e-02 1.838800e-01
110 8.032840e-01 1.090800e-02 1.858080e-01
111 8.013240e-01 1.096400e-02 1.877120e-01
112 7.993800e-01 1.096000e-02 1.896600e-01
113 7.975440e-01 1.102400e-02 1.914320e-01
114 7.957840e-01 1.083600e-02 1.933800e-01
115 7.940640e-01 1.060800e-02 1.953280e-01
116 7.923320e-01 1.045200e-02 1.972160e-01
117 7.903800e-01 1.069600e-02 1.989240e-01
118 7.887880e-01 1.042000e-02 2.007920e-01
119 7.869680e-01 1.036000e-02 2.026720e-01
120 7.850840e-01 1.050400e-02 2.044120e-01
121 7.832600e-01 1.043200e-02 2.063080e-01
122 7.814120e-01 1.057200e-02 2.080160e-01
123 7.796760e-01 1.056800e-02 2.097560e-01
124 7.777680e-01 1.064000e-02 2.115920e-01
125 7.760240e-01 1.060000e-02 2.133760e-01
126 7.742960e-01 1.044000e-02 2.152640e-01
127 7.725920e-01 1.028000e-02 2.171280e-01
128 7.708880e-01 1.012400e-02 2.189880e-01
129 7.691000e-01 1.026000e-02 2.206400e-01
130 7.674200e-01 1.004800e-02 2.225320e-01
131 7.658240e-01 9.784000e-03 2.243920e-01
132 7.641000e-01 9.772000e-03 2.261280e-01
133 7.622400e-01 9.748000e-03 2.280120e-01
134 7.604280e-01 9.960000e-03 2.296120e-01
135 7.586680e-01 9.892000e-03 2.314400e-01
136 7.569880e-01 9.828000e-03 2.331840e-01
137 7.552960e-01 9.744000e-03 2.349600e-01
138 7.537240e-01 9.692000e-03 2.365840e-01
139 7.520480e-01 9.624000e-03 2.383280e-01
140 7.503360e-01 9.620000e-03 2.400440e-01
141 7.486920e-01 9.492000e-03 2.418160e-01
142 7.472520e-01 9.300000e-03 2.434480e-01
143 7.456880e-01 9.384000e-03 2.449280e-01
144 7.440600e-01 9.408000e-03 2.465320e-01
145 7.424200e-01 9.536000e-03 2.480440e-01
146 7.409960e-01 9.356000e-03 2.496480e-01
147 7.394440e-01 9.324000e-03 2.512320e-01
148 7.379520e-01 9.164000e-03 2.528840e-01
149 7.364560e-01 9.120000e-03 2.544240e-01
150 7.350720e-01 8.868000e-03 2.560600e-01
151 7.338000e-01 8.716000e-03 2.574840e-01
152 7.322880e-01 8.756000e-03 2.589560e-01
153 7.309280e-01 8.488000e-03 2.605840e-01
154 7.295200e-01 8.408000e-03 2.620720e-01
155 7.281480e-01 8.420000e-03 2.634320e-01
156 7.267440e-01 8.400000e-03 2.648560e-01
157 7.253680e-01 8.272000e-03 2.663600e-01
158 7.239240e-01 8.236000e-03 2.678400e-01
159 7.223360e-01 8.420000e-03 2.692440e-01
160 7.209600e-01 8.372000e-03 2.706680e-01
161 7.195520e-01 8.344000e-03 2.721040e-01
162 7.180760e-01 8.368000e-03 2.735560e-01
163 7.165520e-01 8.348000e-03 2.751000e-01
164 7.151800e-01 8.276000e-03 2.765440e-01
165 7.136840e-01 8.308000e-03 2.780080e-01
166 7.123400e-01 8.196000e-03 2.794640e-01
167 7.109320e-01 8.148000e-03 2.809200e-01
168 7.096880e-01 7.904000e-03 2.824080e-01
169 7.084160e-01 7.800000e-03 2.837840e-01
170 7.071560e-01 7.692000e-03 2.851520e-01
171 7.059160e-01 7.532000e-03 2.865520e-01
172 7.046040e-01 7.564000e-03 2.878320e-01
173 7.034200e-01 7.460000e-03 2.891200e-01
174 7.020360e-01 7.584000e-03 2.903800e-01
175 7.007320e-01 7.576000e-03 2.916920e-01
176 6.994400e-01 7.400000e-03 2.931600e-01
177 6.981640e-01 7.308000e-03 2.945280e-01
178 6.968080e-01 7.276000e-03 2.959160e-01
179 6.954800e-01 7.364000e-03 2.971560e-01
180 6.943960e-01 7.120000e-03 2.984840e-01
181 6.931560e-01 7.104000e-03 2.997400e-01
182 6.919440e-01 7.088000e-03 3.009680e-01
183 6.908840e-01 6.932000e-03 3.021840e-01
184 6.897640e-01 6.848000e-03 3.033880e-01
185 6.887880e-01 6.612000e-03 3.046000e-01
186 6.877320e-01 6.460000e-03 3.058080e-01
187 6.867120e-01 6.396000e-03 3.068920e-01
188 6.856680e-01 6.308000e-03 3.080240e-01
189 6.847120e-01 6.080000e-03 3.092080e-01
190 6.838560e-01 5.820000e-03 3.103240e-01
191 6.828400e-01 5.932000e-03 3.112280e-01
192 6.819200e-01 5.800000e-03 3.122800e-01
193 6.808000e-01 5.852000e-03 3.133480e-01
194 6.798400e-01 5.844000e-03 3.143160e-01
195 6.788840e-01 5.748000e-03 3.153680e-01
196 6.779440e-01 5.716000e-03 3.163400e-01
197 6.770520e-01 5.636000e-03 3.173120e-01
198 6.761240e-01 5.664000e-03 3.182120e-01
199 6.751480e-01 5.688000e-03 3.191640e-01
200 6.742320e-01 5.644000e-03 3.201240e-01
201 6.732960e-01 5.600000e-03 3.211040e-01
202 6.722480e-01 5.724000e-03 3.220280e-01
203 6.712320e-01 5.728000e-03 3.230400e-01
204 6.702280e-01 5.768000e-03 3.240040e-01
205 6.691640e-01 5.804000e-03 3.250320e-01
206 6.681400e-01 5.860000e-03 3.260000e-01
207 6.671760e-01 5.812000e-03 3.270120e-01
208 6.659520e-01 6.180000e-03 3.278680e-01
209 6.647760e-01 6.368000e-03 3.288560e-01
210 6.636360e-01 6.292000e-03 3.300720e-01
211 6.624600e-01 6.424000e-03 3.311160e-01
212 6.613320e-01 6.392000e-03 3.322760e-01
213 6.602440e-01 6.348000e-03 3.334080e-01
214 6.591840e-01 6.208000e-03 3.346080e-01
215 6.580680e-01 6.280000e-03 3.356520e-01
216 6.570520e-01 6.192000e-03 3.367560e-01
217 6.560360e-01 6.220000e-03 3.377440e-01
218 6.550400e-01 6.088000e-03 3.388720e-01
219 6.539480e-01 6.096000e-03 3.399560e-01
220 6.530200e-01 6.016000e-03 3.409640e-01
221 6.520040e-01 6.000000e-03 3.419960e-01
222 6.509840e-01 6.008000e-03 3.430080e-01
223 6.500200e-01 5.892000e-03 3.440880e-01
224 6.489640e-01 5.988000e-03 3.450480e-01
225 6.479320e-01 5.860000e-03 3.462080e-01
226 6.468640e-01 5.908000e-03 3.472280e-01
227 6.458280e-01 5.768000e-03 3.484040e-01
228 6.448440e-01 5.692000e-03 3.494640e-01
229 6.437520e-01 5.744000e-03 3.505040e-01
230 6.427880e-01 5.656000e-03 3.515560e-01
231 6.416960e-01 5.716000e-03 3.525880e-01
232 6.407440e-01 5.632000e-03 3.536240e-01
233 6.398080e-01 5.576000e-03 3.546160e-01
234 6.387920e-01 5.708000e-03 3.555000e-01
235 6.377480e-01 5.812000e-03 3.564400e-01
236 6.367480e-01 5.848000e-03 3.574040e-01
237 6.359240e-01 5.608000e-03 3.584680e-01
238 6.350840e-01 5.512000e-03 3.594040e-01
239 6.343440e-01 5.324000e-03 3.603320e-01
240 6.336000e-01 5.140000e-03 3.612600e-01
241 6.327640e-01 5.068000e-03 3.621680e-01
242 6.319680e-01 5.000000e-03 3.630320e-01
243 6.311240e-01 5.032000e-03 3.638440e-01
244 6.303040e-01 4.924000e-03 3.647720e-01
245 6.294280e-01 5.008000e-03 3.655640e-01
246 6.287200e-01 4.884000e-03 3.663960e-01
247 6.280440e-01 4.724000e-03 3.672320e-01
248 6.273520e-01 4.560000e-03 3.680880e-01
249 6.265680e-01 4.504000e-03 3.689280e-01
250 6.257280e-01 4.600000e-03 3.696720e-01
251 6.250520e-01 4.464000e-03 3.704840e-01
252 6.243520e-01 4.424000e-03 3.712240e-01
253 6.235600e-01 4.436000e-03 3.720040e-01
254 6.228000e-01 4.452000e-03 3.727480e-01
255 6.221480e-01 4.256000e-03 3.735960e-01
256 6.214560e-01 4.208000e-03 3.743360e-01
257 6.207040e-01 4.260000e-03 3.750360e-01
258 6.200880e-01 4.152000e-03 3.757600e-01
259 6.194800e-01 3.980000e-03 3.765400e-01
260 6.188880e-01 3.944000e-03 3.771680e-01
261 6.182760e-01 3.828000e-03 3.778960e-01
262 6.176480e-01 3.752000e-03 3.786000e-01
263 6.170280e-01 3.712000e-03 3.792600e-01
264 6.162720e-01 3.784000e-03 3.799440e-01
265 6.155880e-01 3.856000e-03 3.805560e-01
266 6.149600e-01 3.892000e-03 3.811480e-01
267 6.143080e-01 3.900000e-03 3.817920e-01
268 6.137480e-01 3.828000e-03 3.824240e-01
269 6.130360e-01 3.932000e-03 3.830320e-01
270 6.125360e-01 3.640000e-03 3.838240e-01
271 6.119560e-01 3.584000e-03 3.844600e-01
272 6.113440e-01 3.612000e-03 3.850440e-01
273 6.107960e-01 3.496000e-03 3.857080e-01
274 6.102280e-01 3.420000e-03 3.863520e-01
275 6.096560e-01 3.400000e-03 3.869440e-01
276 6.091840e-01 3.288000e-03 3.875280e-01
277 6.086560e-01 3.184000e-03 3.881600e-01
278 6.081360e-01 3.172000e-03 3.886920e-01
279 6.076320e-01 3.080000e-03 3.892880e-01
280 6.071320e-01 3.072000e-03 3.897960e-01
281 6.066120e-01 3.048000e-03 3.903400e-01
282 6.060440e-01 3.056000e-03 3.909000e-01
283 6.054160e-01 3.144000e-03 3.914400e-01
284 6.049040e-01 3.152000e-03 3.919440e-01
285 6.044240e-01 3.032000e-03 3.925440e-01
286 6.038440e-01 3.084000e-03 3.930720e-01
287 6.032720e-01 3.156000e-03 3.935720e-01
288 6.025920e-01 3.248000e-03 3.941600e-01
289 6.020600e-01 3.264000e-03 3.946760e-01
290 6.015160e-01 3.236000e-03 3.952480e-01
291 6.009600e-01 3.172000e-03 3.958680e-01
292 6.004360e-01 3.076000e-03 3.964880e-01
293 5.999920e-01 2.976000e-03 3.970320e-01
294 5.995480e-01 2.932000e-03 3.975200e-01
295 5.990720e-01 2.840000e-03 3.980880e-01
296 5.986840e-01 2.764000e-03 3.985520e-01
297 5.983120e-01 2.680000e-03 3.990080e-01
298 5.978320e-01 2.648000e-03 3.995200e-01
299 5.974280e-01 2.600000e-03 3.999720e-01
300 5.969960e-01 2.536000e-03 4.004680e-01
301 5.966240e-01 2.436000e-03 4.009400e-01
302 5.962200e-01 2.404000e-03 4.013760e-01
303 5.958920e-01 2.280000e-03 4.018280e-01
304 5.955920e-01 2.168000e-03 4.022400e-01
305 5.952320e-01 2.068000e-03 4.027000e-01
306 5.949120e-01 1.980000e-03 4.031080e-01
307 5.945360e-01 2.028000e-03 4.034360e-01
308 5.942400e-01 2.016000e-03 4.037440e-01
309 5.939280e-01 1.996000e-03 4.040760e-01
310 5.935520e-01 2.004000e-03 4.044440e-01
311 5.932280e-01 1.948000e-03 4.048240e-01
312 5.928960e-01 2.008000e-03 4.050960e-01
313 5.925880e-01 1.868000e-03 4.055440e-01
314 5.922720e-01 1.852000e-03 4.058760e-01
315 5.920040e-01 1.828000e-03 4.061680e-01
316 5.917040e-01 1.788000e-03 4.065080e-01
317 5.914000e-01 1.804000e-03 4.067960e-01
318 5.910480e-01 1.832000e-03 4.071200e-01
319 5.907160e-01 1.856000e-03 4.074280e-01
320 5.904280e-01 1.864000e-03 4.077080e-01
321 5.901480e-01 1.736000e-03 4.081160e-01
322 5.897760e-01 1.804000e-03 4.084200e-01
323 5.894760e-01 1.812000e-03 4.087120e-01
324 5.891800e-01 1.784000e-03 4.090360e-01
325 5.888200e-01 1.760000e-03 4.094200e-01
326 5.884960e-01 1.736000e-03 4.097680e-01
327 5.881240e-01 1.816000e-03 4.100600e-01
328 5.878240e-01 1.824000e-03 4.103520e-01
329 5.874600e-01 1.860000e-03 4.106800e-01
330 5.870400e-01 1.972000e-03 4.109880e-01
331 5.867360e-01 1.912000e-03 4.113520e-01
332 5.864760e-01 1.772000e-03 4.117520e-01
333 5.861680e-01 1.784000e-03 4.120480e-01
334 5.858400e-01 1.844000e-03 4.123160e-01
335 5.855000e-01 1.852000e-03 4.126480e-01
336 5.852240e-01 1.844000e-03 4.129320e-01
337 5.849440e-01 1.768000e-03 4.132880e-01
338 5.846880e-01 1.748000e-03 4.135640e-01
339 5.843880e-01 1.740000e-03 4.138720e-01
340 5.841000e-01 1.668000e-03 4.142320e-01
341 5.838480e-01 1.596000e-03 4.145560e-01
342 5.835920e-01 1.600000e-03 4.148080e-01
343 5.833080e-01 1.604000e-03 4.150880e-01
344 5.830760e-01 1.564000e-03 4.153600e-01
345 5.828680e-01 1.480000e-03 4.156520e-01
346 5.826760e-01 1.412000e-03 4.159120e-01
347 5.825200e-01 1.324000e-03 4.161560e-01
348 5.823480e-01 1.268000e-03 4.163840e-01
349 5.821520e-01 1.292000e-03 4.165560e-01
350 5.819320e-01 1.276000e-03 4.167920e-01
351 5.816720e-01 1.288000e-03 4.170400e-01
352 5.814560e-01 1.288000e-03 4.172560e-01
353 5.812720e-01 1.212000e-03 4.175160e-01
354 5.810200e-01 1.268000e-03 4.177120e-01
355 5.808200e-01 1.316000e-03 4.178640e-01
356 5.806400e-01 1.260000e-03 4.181000e-01
357 5.804240e-01 1.304000e-03 4.182720e-01
358 5.802400e-01 1.260000e-03 4.185000e-01
359 5.800320e-01 1.268000e-03 4.187000e-01
360 5.798360e-01 1.252000e-03 4.189120e-01
361 5.796040e-01 1.252000e-03 4.191440e-01
362 5.794720e-01 1.156000e-03 4.193720e-01
363 5.793360e-01 1.064000e-03 4.196000e-01
364 5.791800e-01 1.040000e-03 4.197800e-01
365 5.790080e-01 1.020000e-03 4.199720e-01
366 5.788840e-01 9.560000e-04 4.201600e-01
367 5.787200e-01 9.760000e-04 4.203040e-01
368 5.785080e-01 9.920000e-04 4.205000e-01
369 5.782800e-01 1.044000e-03 4.206760e-01
370 5.780920e-01 1.064000e-03 4.208440e-01
371 5.778880e-01 1.060000e-03 4.210520e-01
372 5.777280e-01 1.044000e-03 4.212280e-01
373 5.775240e-01 1.060000e-03 4.214160e-01
374 5.773680e-01 1.052000e-03 4.215800e-01
375 5.771760e-01 1.060000e-03 4.217640e-01
376 5.770560e-01 1.008000e-03 4.219360e-01
377 5.769160e-01 9.720000e-04 4.221120e-01
378 5.767720e-01 9.840000e-04 4.222440e-01
379 5.766040e-01 9.680000e-04 4.224280e-01
380 5.764720e-01 9.440000e-04 4.225840e-01
381 5.763440e-01 9.200000e-04 4.227360e-01
382 5.761720e-01 9.160000e-04 4.229120e-01
383 5.760880e-01 8.880000e-04 4.230240e-01
384 5.759440e-01 8.720000e-04 4.231840e-01
385 5.757640e-01 8.800000e-04 4.233560e-01
386 5.756200e-01 8.920000e-04 4.234880e-01
387 5.754520e-01 9.280000e-04 4.236200e-01
388 5.753160e-01 9.040000e-04 4.237800e-01
389 5.750840e-01 9.760000e-04 4.239400e-01
390 5.749360e-01 9.800000e-04 4.240840e-01
391 5.747920e-01 9.760000e-04 4.242320e-01
392 5.746680e-01 9.240000e-04 4.244080e-01
393 5.744360e-01 9.960000e-04 4.245680e-01
394 5.742920e-01 9.440000e-04 4.247640e-01
395 5.741200e-01 9.240000e-04 4.249560e-01
396 5.739360e-01 9.080000e-04 4.251560e-01
397 5.737760e-01 9.280000e-04 4.252960e-01
398 5.736480e-01 9.280000e-04 4.254240e-01
399 5.734400e-01 9.560000e-04 4.256040e-01
400 5.732320e-01 1.020000e-03 4.257480e-01
401 5.730800e-01 1.004000e-03 4.259160e-01
402 5.729440e-01 9.560000e-04 4.261000e-01
403 5.728240e-01 8.800000e-04 4.262960e-01
404 5.726600e-01 9.160000e-04 4.264240e-01
405 5.725520e-01 8.720000e-04 4.265760e-01
406 5.723640e-01 9.080000e-04 4.267280e-01
407 5.721960e-01 9.240000e-04 4.268800e-01
408 5.720680e-01 8.800000e-04 4.270520e-01
409 5.718920e-01 8.680000e-04 4.272400e-01
410 5.717280e-01 8.960000e-04 4.273760e-01
411 5.715120e-01 9.720000e-04 4.275160e-01
412 5.713000e-01 1.028000e-03 4.276720e-01
413 5.710960e-01 1.104000e-03 4.278000e-01
414 5.708720e-01 1.136000e-03 4.279920e-01
415 5.706640e-01 1.116000e-03 4.282200e-01
416 5.704560e-01 1.144000e-03 4.284000e-01
417 5.702400e-01 1.144000e-03 4.286160e-01
418 5.700680e-01 1.108000e-03 4.288240e-01
419 5.699440e-01 1.024000e-03 4.290320e-01
420 5.697640e-01 1.048000e-03 4.291880e-01
421 5.695400e-01 1.088000e-03 4.293720e-01
422 5.694360e-01 9.920000e-04 4.295720e-01
423 5.693200e-01 9.680000e-04 4.297120e-01
424 5.690960e-01 9.880000e-04 4.299160e-01
425 5.689280e-01 9.880000e-04 4.300840e-01
426 5.687600e-01 9.480000e-04 4.302920e-01
427 5.685600e-01 9.640000e-04 4.304760e-01
428 5.683760e-01 9.960000e-04 4.306280e-01
429 5.680840e-01 1.112000e-03 4.308040e-01
430 5.679280e-01 1.080000e-03 4.309920e-01
431 5.677200e-01 1.148000e-03 4.311320e-01
432 5.674600e-01 1.220000e-03 4.313200e-01
433 5.672440e-01 1.160000e-03 4.315960e-01
434 5.670200e-01 1.148000e-03 4.318320e-01
435 5.668080e-01 1.144000e-03 4.320480e-01
436 5.666240e-01 1.132000e-03 4.322440e-01
437 5.664440e-01 1.128000e-03 4.324280e-01
438 5.662280e-01 1.152000e-03 4.326200e-01
439 5.660640e-01 1.084000e-03 4.328520e-01
440 5.658520e-01 1.064000e-03 4.330840e-01
441 5.657000e-01 1.032000e-03 4.332680e-01
442 5.655320e-01 9.760000e-04 4.334920e-01
443 5.653480e-01 1.000000e-03 4.336520e-01
444 5.652160e-01 1.000000e-03 4.337840e-01
445 5.650440e-01 9.720000e-04 4.339840e-01
446 5.648320e-01 1.004000e-03 4.341640e-01
447 5.646600e-01 9.640000e-04 4.343760e-01
448 5.644680e-01 1.016000e-03 4.345160e-01
449 5.642800e-01 1.016000e-03 4.347040e-01
450 5.641120e-01 9.720000e-04 4.349160e-01
451 5.640080e-01 9.320000e-04 4.350600e-01
452 5.639000e-01 8.760000e-04 4.352240e-01
453 5.637640e-01 8.160000e-04 4.354200e-01
454 5.636080e-01 8.560000e-04 4.355360e-01
455 5.634960e-01 8.200000e-04 4.356840e-01
456 5.633760e-01 8.040000e-04 4.358200e-01
457 5.632680e-01 7.560000e-04 4.359760e-01
458 5.631520e-01 7.560000e-04 4.360920e-01
459 5.630480e-01 7.080000e-04 4.362440e-01
460 5.629200e-01 7.280000e-04 4.363520e-01
461 5.628160e-01 6.760000e-04 4.365080e-01
462 5.627360e-01 6.400000e-04 4.366240e-01
463 5.626240e-01 6.520000e-04 4.367240e-01
464 5.625200e-01 6.080000e-04 4.368720e-01
465 5.624200e-01 5.800000e-04 4.370000e-01
466 5.623440e-01 5.440000e-04 4.371120e-01
467 5.622640e-01 5.240000e-04 4.372120e-01
468 5.621760e-01 5.240000e-04 4.373000e-01
469 5.620840e-01 5.400000e-04 4.373760e-01
470 5.619360e-01 5.840000e-04 4.374800e-01
471 5.618280e-01 5.600000e-04 4.376120e-01
472 5.617320e-01 5.600000e-04 4.377080e-01
473 5.616280e-01 5.760000e-04 4.377960e-01
474 5.615400e-01 5.400000e-04 4.379200e-01
475 5.613960e-01 5.760000e-04 4.380280e-01
476 5.612600e-01 6.240000e-04 4.381160e-01
477 5.611720e-01 6.360000e-04 4.381920e-01
478 5.610440e-01 6.400000e-04 4.383160e-01
479 5.609320e-01 6.160000e-04 4.384520e-01
480 5.608280e-01 6.600000e-04 4.385120e-01
481 5.607440e-01 6.200000e-04 4.386360e-01
482 5.606720e-01 5.960000e-04 4.387320e-01
483 5.605480e-01 5.960000e-04 4.388560e-01
484 5.604520e-01 6.200000e-04 4.389280e-01
485 5.603720e-01 5.560000e-04 4.390720e-01
486 5.603160e-01 5.400000e-04 4.391440e-01
487 5.602280e-01 5.520000e-04 4.392200e-01
488 5.601560e-01 5.040000e-04 4.393400e-01
489 5.601000e-01 4.680000e-04 4.394320e-01
490 5.600520e-01 4.280000e-04 4.395200e-01
491 5.600000e-01 4.200000e-04 4.395800e-01
492 5.599520e-01 4.080000e-04 4.396400e-01
493 5.599200e-01 3.720000e-04 4.397080e-01
494 5.598960e-01 3.320000e-04 4.397720e-01
495 5.598440e-01 3.440000e-04 4.398120e-01
496 5.597760e-01 3.560000e-04 4.398680e-01
497 5.597200e-01 3.600000e-04 4.399200e-01
498 5.596480e-01 3.920000e-04 4.399600e-01
499 5.595800e-01 4.040000e-04 4.400160e-01
500 5.595040e-01 3.960000e-04 4.401000e-01
