1 9.992640e-01 6.560000e-04 8.000000e-05
2 9.986960e-01 1.112000e-03 1.920000e-04
3 9.980520e-01 1.556000e-03 3.920000e-04
4 9.972920e-01 1.976000e-03 7.320000e-04
5 9.964680e-01 2.380000e-03 1.152000e-03
6 9.957560e-01 2.624000e-03 1.620000e-03
7 9.949560e-01 2.900000e-03 2.144000e-03
8 9.940560e-01 3.272000e-03 2.672000e-03
9 9.930360e-01 3.684000e-03 3.280000e-03
10 9.920400e-01 3.984000e-03 3.976000e-03
11 9.910160e-01 4.352000e-03 4.632000e-03
12 9.900080e-01 4.568000e-03 5.424000e-03
13 9.889560e-01 4.760000e-03 6.284000e-03
14 9.878760e-01 4.960000e-03 7.164000e-03
15 9.868640e-01 4.976000e-03 8.160000e-03
16 9.856480e-01 5.336000e-03 9.016000e-03
17 9.844480e-01 5.512000e-03 1.004000e-02
18 9.834240e-01 5.576000e-03 1.100000e-02
19 9.823240e-01 5.704000e-03 1.197200e-02
20 9.811360e-01 5.848000e-03 1.301600e-02
21 9.800480e-01 6.016000e-03 1.393600e-02
22 9.790320e-01 5.928000e-03 1.504000e-02
23 9.780760e-01 5.884000e-03 1.604000e-02
24 9.769040e-01 6.004000e-03 1.709200e-02
25 9.758720e-01 6.016000e-03 1.811200e-02
26 9.746440e-01 6.132000e-03 1.922400e-02
27 9.734880e-01 6.212000e-03 2.030000e-02
28 9.723840e-01 6.144000e-03 2.147200e-02
29 9.712280e-01 6.280000e-03 2.249200e-02
30 9.701400e-01 6.288000e-03 2.357200e-02
31 9.691760e-01 6.096000e-03 2.472800e-02
32 9.681320e-01 6.080000e-03 2.578800e-02
33 9.669200e-01 6.196000e-03 2.688400e-02
34 9.657440e-01 6.284000e-03 2.797200e-02
35 9.644960e-01 6.492000e-03 2.901200e-02
36 9.629560e-01 6.884000e-03 3.016000e-02
37 9.617640e-01 6.900000e-03 3.133600e-02
38 9.603240e-01 7.052000e-03 3.262400e-02
39 9.590000e-01 7.152000e-03 3.384800e-02
40 9.576840e-01 7.200000e-03 3.511600e-02
41 9.563120e-01 7.324000e-03 3.636400e-02
42 9.549720e-01 7.376000e-03 3.765200e-02
43 9.535840e-01 7.516000e-03 3.890000e-02
44 9.520200e-01 7.752000e-03 4.022800e-02
45 9.506760e-01 7.608000e-03 4.171600e-02
46 9.492200e-01 7.768000e-03 4.301200e-02
47 9.476600e-01 7.908000e-03 4.443200e-02
48 9.462720e-01 7.900000e-03 4.582800e-02
49 9.448080e-01 7.868000e-03 4.732400e-02
50 9.432240e-01 8.064000e-03 4.871200e-02
51 9.417920e-01 8.016000e-03 5.019200e-02
52 9.402600e-01 8.168000e-03 5.157200e-02
53 9.386760e-01 8.304000e-03 5.302000e-02
54 9.372880e-01 8.276000e-03 5.443600e-02
55 9.358400e-01 8.412000e-03 5.574800e-02
56 9.343560e-01 8.420000e-03 5.722400e-02
57 9.327520e-01 8.596000e-03 5.865200e-02
58 9.312840e-01 8.556000e-03 6.016000e-02
59 9.297240e-01 8.668000e-03 6.160800e-02
60 9.282280e-01 8.692000e-03 6.308000e-02
61 9.266360e-01 8.732000e-03 6.463200e-02
62 9.251320e-01 8.608000e-03 6.626000e-02
63 9.235360e-01 8.592000e-03 6.787200e-02
64 9.221320e-01 8.664000e-03 6.920400e-02
65 9.205440e-01 8.700000e-03 7.075600e-02
66 9.190840e-01 8.632000e-03 7.228400e-02
67 9.176080e-01 8.504000e-03 7.388800e-02
68 9.163120e-01 8.348000e-03 7.534000e-02
69 9.150280e-01 8.112000e-03 7.686000e-02
70 9.135840e-01 8.148000e-03 7.826800e-02
71 9.122720e-01 8.164000e-03 7.956400e-02
72 9.107760e-01 8.220000e-03 8.100400e-02
73 9.093360e-01 8.208000e-03 8.245600e-02
74 9.079120e-01 8.220000e-03 8.386800e-02
75 9.063040e-01 8.400000e-03 8.529600e-02
76 9.048720e-01 8.384000e-03 8.674400e-02
77 9.033640e-01 8.504000e-03 8.813200e-02
78 9.019240e-01 8.452000e-03 8.962400e-02
79 9.003920e-01 8.524000e-03 9.108400e-02
80 8.989360e-01 8.512000e-03 9.255200e-02
81 8.973640e-01 8.576000e-03 9.406000e-02
82 8.959080e-01 8.432000e-03 9.566000e-02
83 8.943880e-01 8.404000e-03 9.720800e-02
84 8.929080e-01 8.408000e-03 9.868400e-02
85 8.914880e-01 8.420000e-03 1.000920e-01
86 8.900320e-01 8.308000e-03 1.016600e-01
87 8.885800e-01 8.420000e-03 1.030000e-01
88 8.870080e-01 8.572000e-03 1.044200e-01
89 8.855440e-01 8.504000e-03 1.059520e-01
90 8.840760e-01 8.476000e-03 1.074480e-01
91 8.825600e-01 8.572000e-03 1.088680e-01
92 8.810480e-01 8.584000e-03 1.103680e-01
93 8.797480e-01 8.312000e-03 1.119400e-01
94 8.781920e-01 8.344000e-03 1.134640e-01
95 8.767880e-01 8.332000e-03 1.148800e-01
96 8.754640e-01 8.168000e-03 1.163680e-01
97 8.740560e-01 8.164000e-03 1.177800e-01
98 8.725800e-01 8.264000e-03 1.191560e-01
99 8.711280e-01 8.308000e-03 1.205640e-01
100 8.696320e-01 8.436000e-03 1.219320e-01
101 8.680800e-01 8.444000e-03 1.234760e-01
102 8.666240e-01 8.384000e-03 1.249920e-01
103 8.651360e-01 8.416000e-03 1.264480e-01
104 8.636400e-01 8.340000e-03 1.280200e-01
105 8.621400e-01 8.348000e-03 1.295120e-01
106 8.606960e-01 8.308000e-03 1.309960e-01
107 8.591360e-01 8.352000e-03 1.325120e-01
108 8.576240e-01 8.388000e-03 1.339880e-01
109 8.561280e-01 8.484000e-03 1.353880e-01
110 8.547120e-01 8.480000e-03 1.368080e-01
111 8.532360e-01 8.508000e-03 1.382560e-01
112 8.519560e-01 8.400000e-03 1.396440e-01
113 8.505000e-01 8.388000e-03 1.411120e-01
114 8.490440e-01 8.352000e-03 1.426040e-01
115 8.476840e-01 8.280000e-03 1.440360e-01
116 8.462000e-01 8.220000e-03 1.455800e-01
117 8.448800e-01 8.116000e-03 1.470040e-01
118 8.436720e-01 7.696000e-03 1.486320e-01
119 8.422200e-01 7.704000e-03 1.500760e-01
120 8.408000e-01 7.788000e-03 1.514120e-01
121 8.392480e-01 7.964000e-03 1.527880e-01
122 8.378600e-01 7.924000e-03 1.542160e-01
123 8.364440e-01 7.940000e-03 1.556160e-01
124 8.350880e-01 7.904000e-03 1.570080e-01
125 8.337320e-01 7.884000e-03 1.583840e-01
126 8.322400e-01 8.020000e-03 1.597400e-01
127 8.310240e-01 7.792000e-03 1.611840e-01
128 8.297480e-01 7.700000e-03 1.625520e-01
129 8.286240e-01 7.432000e-03 1.639440e-01
130 8.273640e-01 7.436000e-03 1.652000e-01
131 8.260200e-01 7.408000e-03 1.665720e-01
132 8.246760e-01 7.448000e-03 1.678760e-01
133 8.234240e-01 7.488000e-03 1.690880e-01
134 8.220600e-01 7.480000e-03 1.704600e-01
135 8.206800e-01 7.596000e-03 1.717240e-01
136 8.192960e-01 7.660000e-03 1.730440e-01
137 8.179600e-01 7.712000e-03 1.743280e-01
138 8.164920e-01 7.912000e-03 1.755960e-01
139 8.151400e-01 7.880000e-03 1.769800e-01
140 8.136280e-01 8.052000e-03 1.783200e-01
141 8.122080e-01 7.944000e-03 1.798480e-01
142 8.109160e-01 7.904000e-03 1.811800e-01
143 8.093600e-01 8.132000e-03 1.825080e-01
144 8.080280e-01 7.924000e-03 1.840480e-01
145 8.065880e-01 8.044000e-03 1.853680e-01
146 8.052640e-01 7.900000e-03 1.868360e-01
147 8.039120e-01 7.896000e-03 1.881920e-01
148 8.025560e-01 7.976000e-03 1.894680e-01
149 8.013000e-01 7.844000e-03 1.908560e-01
150 8.000320e-01 7.624000e-03 1.923440e-01
151 7.987200e-01 7.744000e-03 1.935360e-01
152 7.973640e-01 7.652000e-03 1.949840e-01
153 7.961200e-01 7.520000e-03 1.963600e-01
154 7.948800e-01 7.480000e-03 1.976400e-01
155 7.935680e-01 7.548000e-03 1.988840e-01
156 7.922920e-01 7.372000e-03 2.003360e-01
157 7.910320e-01 7.472000e-03 2.014960e-01
158 7.898800e-01 7.384000e-03 2.027360e-01
159 7.888440e-01 7.084000e-03 2.040720e-01
160 7.877160e-01 6.948000e-03 2.053360e-01
161 7.866240e-01 6.800000e-03 2.065760e-01
162 7.856160e-01 6.620000e-03 2.077640e-01
163 7.844800e-01 6.596000e-03 2.089240e-01
164 7.834880e-01 6.404000e-03 2.101080e-01
165 7.823400e-01 6.452000e-03 2.112080e-01
166 7.812600e-01 6.340000e-03 2.124000e-01
167 7.801960e-01 6.224000e-03 2.135800e-01
168 7.793160e-01 5.948000e-03 2.147360e-01
169 7.782480e-01 5.980000e-03 2.157720e-01
170 7.771440e-01 6.072000e-03 2.167840e-01
171 7.761000e-01 6.092000e-03 2.178080e-01
172 7.751120e-01 5.980000e-03 2.189080e-01
173 7.741560e-01 5.828000e-03 2.200160e-01
174 7.732000e-01 5.840000e-03 2.209600e-01
175 7.720400e-01 6.076000e-03 2.218840e-01
176 7.709800e-01 6.048000e-03 2.229720e-01
177 7.699240e-01 6.036000e-03 2.240400e-01
178 7.688560e-01 6.064000e-03 2.250800e-01
179 7.678520e-01 6.020000e-03 2.261280e-01
180 7.668280e-01 5.980000e-03 2.271920e-01
181 7.658600e-01 5.988000e-03 2.281520e-01
182 7.648040e-01 5.896000e-03 2.293000e-01
183 7.639320e-01 5.812000e-03 2.302560e-01
184 7.630200e-01 5.732000e-03 2.312480e-01
185 7.618960e-01 5.796000e-03 2.323080e-01
186 7.608480e-01 5.856000e-03 2.332960e-01
187 7.597680e-01 5.932000e-03 2.343000e-01
188 7.586120e-01 6.072000e-03 2.353160e-01
189 7.576160e-01 6.000000e-03 2.363840e-01
190 7.566400e-01 5.872000e-03 2.374880e-01
191 7.555360e-01 5.992000e-03 2.384720e-01
192 7.545160e-01 5.944000e-03 2.395400e-01
193 7.535040e-01 5.912000e-03 2.405840e-01
194 7.524880e-01 5.924000e-03 2.415880e-01
195 7.514400e-01 5.968000e-03 2.425920e-01
196 7.502920e-01 6.096000e-03 2.436120e-01
197 7.491320e-01 6.256000e-03 2.446120e-01
198 7.480320e-01 6.328000e-03 2.456400e-01
199 7.468960e-01 6.256000e-03 2.468480e-01
200 7.458280e-01 6.156000e-03 2.480160e-01
201 7.448360e-01 6.052000e-03 2.491120e-01
202 7.437280e-01 6.024000e-03 2.502480e-01
203 7.426800e-01 6.036000e-03 2.512840e-01
204 7.416640e-01 6.012000e-03 2.523240e-01
205 7.406440e-01 6.076000e-03 2.532800e-01
206 7.396000e-01 6.060000e-03 2.543400e-01
207 7.386240e-01 6.024000e-03 2.553520e-01
208 7.375880e-01 6.028000e-03 2.563840e-01
209 7.366200e-01 5.916000e-03 2.574640e-01
210 7.356480e-01 5.924000e-03 2.584280e-01
211 7.347040e-01 5.856000e-03 2.594400e-01
212 7.337760e-01 5.708000e-03 2.605160e-01
213 7.327160e-01 5.828000e-03 2.614560e-01
214 7.316800e-01 5.816000e-03 2.625040e-01
215 7.306200e-01 5.888000e-03 2.634920e-01
216 7.296280e-01 5.900000e-03 2.644720e-01
217 7.286520e-01 5.752000e-03 2.655960e-01
218 7.277080e-01 5.704000e-03 2.665880e-01
219 7.267880e-01 5.696000e-03 2.675160e-01
220 7.258960e-01 5.704000e-03 2.684000e-01
221 7.248600e-01 5.628000e-03 2.695120e-01
222 7.237840e-01 5.764000e-03 2.704520e-01
223 7.228240e-01 5.716000e-03 2.714600e-01
224 7.218960e-01 5.708000e-03 2.723960e-01
225 7.209640e-01 5.720000e-03 2.733160e-01
226 7.200840e-01 5.680000e-03 2.742360e-01
227 7.190160e-01 5.796000e-03 2.751880e-01
228 7.181360e-01 5.604000e-03 2.762600e-01
229 7.172320e-01 5.540000e-03 2.772280e-01
230 7.162080e-01 5.580000e-03 2.782120e-01
231 7.153120e-01 5.500000e-03 2.791880e-01
232 7.142840e-01 5.540000e-03 2.801760e-01
233 7.133120e-01 5.492000e-03 2.811960e-01
234 7.123360e-01 5.500000e-03 2.821640e-01
235 7.114400e-01 5.492000e-03 2.830680e-01
236 7.104160e-01 5.524000e-03 2.840600e-01
237 7.094920e-01 5.528000e-03 2.849800e-01
238 7.086200e-01 5.444000e-03 2.859360e-01
239 7.076800e-01 5.512000e-03 2.868080e-01
240 7.067400e-01 5.476000e-03 2.877840e-01
241 7.059520e-01 5.248000e-03 2.888000e-01
242 7.050720e-01 5.204000e-03 2.897240e-01
243 7.042200e-01 5.136000e-03 2.906440e-01
244 7.033800e-01 5.132000e-03 2.914880e-01
245 7.025520e-01 5.072000e-03 2.923760e-01
246 7.017320e-01 4.992000e-03 2.932760e-01
247 7.008880e-01 4.968000e-03 2.941440e-01
248 7.000720e-01 4.956000e-03 2.949720e-01
249 6.993120e-01 4.836000e-03 2.958520e-01
250 6.984560e-01 4.796000e-03 2.967480e-01
251 6.975400e-01 4.748000e-03 2.977120e-01
252 6.966680e-01 4.880000e-03 2.984520e-01
253 6.958280e-01 4.912000e-03 2.992600e-01
254 6.949840e-01 4.872000e-03 3.001440e-01
255 6.940880e-01 4.960000e-03 3.009520e-01
256 6.932560e-01 4.936000e-03 3.018080e-01
257 6.922720e-01 4.996000e-03 3.027320e-01
258 6.914880e-01 4.852000e-03 3.036600e-01
259 6.906760e-01 4.828000e-03 3.044960e-01
260 6.899560e-01 4.608000e-03 3.054360e-01
261 6.892120e-01 4.532000e-03 3.062560e-01
262 6.885000e-01 4.408000e-03 3.070920e-01
263 6.878480e-01 4.320000e-03 3.078320e-01
264 6.872400e-01 4.180000e-03 3.085800e-01
265 6.865040e-01 4.256000e-03 3.092400e-01
266 6.857760e-01 4.232000e-03 3.099920e-01
267 6.850680e-01 4.060000e-03 3.108720e-01
268 6.844320e-01 3.996000e-03 3.115720e-01
269 6.837480e-01 3.940000e-03 3.123120e-01
270 6.831240e-01 3.828000e-03 3.130480e-01
271 6.824960e-01 3.792000e-03 3.137120e-01
272 6.819080e-01 3.696000e-03 3.143960e-01
273 6.812320e-01 3.824000e-03 3.149440e-01
274 6.805080e-01 3.884000e-03 3.156080e-01
275 6.798520e-01 3.800000e-03 3.163480e-01
276 6.792720e-01 3.756000e-03 3.169720e-01
277 6.786840e-01 3.640000e-03 3.176760e-01
278 6.781080e-01 3.648000e-03 3.182440e-01
279 6.774600e-01 3.652000e-03 3.188880e-01
280 6.768600e-01 3.620000e-03 3.195200e-01
281 6.762120e-01 3.644000e-03 3.201440e-01
282 6.755120e-01 3.692000e-03 3.207960e-01
283 6.749680e-01 3.604000e-03 3.214280e-01
284 6.744440e-01 3.476000e-03 3.220800e-01
285 6.738720e-01 3.484000e-03 3.226440e-01
286 6.732800e-01 3.476000e-03 3.232440e-01
287 6.727200e-01 3.464000e-03 3.238160e-01
288 6.720520e-01 3.548000e-03 3.244000e-01
289 6.714360e-01 3.636000e-03 3.249280e-01
290 6.708760e-01 3.524000e-03 3.256000e-01
291 6.703640e-01 3.332000e-03 3.263040e-01
292 6.698880e-01 3.232000e-03 3.268800e-01
293 6.693960e-01 3.172000e-03 3.274320e-01
294 6.688400e-01 3.184000e-03 3.279760e-01
295 6.683480e-01 3.180000e-03 3.284720e-01
296 6.678080e-01 3.156000e-03 3.290360e-01
297 6.672600e-01 3.156000e-03 3.295840e-01
298 6.667480e-01 3.076000e-03 3.301760e-01
299 6.661960e-01 3.172000e-03 3.306320e-01
300 6.657000e-01 3.180000e-03 3.311200e-01
301 6.652440e-01 3.100000e-03 3.316560e-01
302 6.648040e-01 2.984000e-03 3.322120e-01
303 6.643000e-01 2.984000e-03 3.327160e-01
304 6.638600e-01 2.900000e-03 3.332400e-01
305 6.634160e-01 2.832000e-03 3.337520e-01
306 6.630360e-01 2.712000e-03 3.342520e-01
307 6.626240e-01 2.612000e-03 3.347640e-01
308 6.622880e-01 2.536000e-03 3.351760e-01
309 6.619200e-01 2.484000e-03 3.355960e-01
310 6.615840e-01 2.360000e-03 3.360560e-01
311 6.612400e-01 2.288000e-03 3.364720e-01
312 6.608360e-01 2.264000e-03 3.369000e-01
313 6.604520e-01 2.288000e-03 3.372600e-01
314 6.600440e-01 2.264000e-03 3.376920e-01
315 6.596640e-01 2.248000e-03 3.380880e-01
316 6.593120e-01 2.160000e-03 3.385280e-01
317 6.589200e-01 2.160000e-03 3.389200e-01
318 6.586000e-01 2.120000e-03 3.392800e-01
319 6.582560e-01 2.056000e-03 3.396880e-01
320 6.579240e-01 2.056000e-03 3.400200e-01
321 6.576120e-01 2.016000e-03 3.403720e-01
322 6.572920e-01 1.984000e-03 3.407240e-01
323 6.570600e-01 1.812000e-03 3.411280e-01
324 6.567240e-01 1.800000e-03 3.414760e-01
325 6.564520e-01 1.764000e-03 3.417840e-01
326 6.561400e-01 1.720000e-03 3.421400e-01
327 6.558000e-01 1.748000e-03 3.424520e-01
328 6.554640e-01 1.808000e-03 3.427280e-01
329 6.551560e-01 1.824000e-03 3.430200e-01
330 6.548040e-01 1.852000e-03 3.433440e-01
331 6.543840e-01 1.940000e-03 3.436760e-01
332 6.540880e-01 1.944000e-03 3.439680e-01
333 6.537680e-01 1.944000e-03 3.442880e-01
334 6.534640e-01 1.912000e-03 3.446240e-01
335 6.532040e-01 1.792000e-03 3.450040e-01
336 6.529760e-01 1.668000e-03 3.453560e-01
337 6.527560e-01 1.632000e-03 3.456120e-01
338 6.525200e-01 1.636000e-03 3.458440e-01
339 6.522280e-01 1.636000e-03 3.461360e-01
340 6.519880e-01 1.564000e-03 3.464480e-01
341 6.518320e-01 1.516000e-03 3.466520e-01
342 6.516120e-01 1.476000e-03 3.469120e-01
343 6.513600e-01 1.440000e-03 3.472000e-01
344 6.510600e-01 1.508000e-03 3.474320e-01
345 6.508160e-01 1.516000e-03 3.476680e-01
346 6.505560e-01 1.492000e-03 3.479520e-01
347 6.502880e-01 1.528000e-03 3.481840e-01
348 6.499880e-01 1.600000e-03 3.484120e-01
349 6.496720e-01 1.652000e-03 3.486760e-01
350 6.493640e-01 1.676000e-03 3.489600e-01
351 6.489800e-01 1.788000e-03 3.492320e-01
352 6.486600e-01 1.792000e-03 3.495480e-01
353 6.483160e-01 1.820000e-03 3.498640e-01
354 6.479840e-01 1.828000e-03 3.501880e-01
355 6.476840e-01 1.824000e-03 3.504920e-01
356 6.473360e-01 1.904000e-03 3.507600e-01
357 6.470040e-01 1.916000e-03 3.510800e-01
358 6.466760e-01 1.944000e-03 3.513800e-01
359 6.463480e-01 1.948000e-03 3.517040e-01
360 6.460280e-01 1.940000e-03 3.520320e-01
361 6.457160e-01 1.940000e-03 3.523440e-01
362 6.454160e-01 1.936000e-03 3.526480e-01
363 6.451120e-01 1.908000e-03 3.529800e-01
364 6.447920e-01 1.924000e-03 3.532840e-01
365 6.444440e-01 1.968000e-03 3.535880e-01
366 6.441680e-01 1.816000e-03 3.540160e-01
367 6.439080e-01 1.640000e-03 3.544520e-01
368 6.436640e-01 1.604000e-03 3.547320e-01
369 6.434400e-01 1.644000e-03 3.549160e-01
370 6.431640e-01 1.660000e-03 3.551760e-01
371 6.428600e-01 1.636000e-03 3.555040e-01
372 6.426000e-01 1.608000e-03 3.557920e-01
373 6.423360e-01 1.596000e-03 3.560680e-01
374 6.420720e-01 1.528000e-03 3.564000e-01
375 6.417680e-01 1.576000e-03 3.566560e-01
376 6.415280e-01 1.556000e-03 3.569160e-01
377 6.412360e-01 1.548000e-03 3.572160e-01
378 6.409960e-01 1.572000e-03 3.574320e-01
379 6.407840e-01 1.528000e-03 3.576880e-01
380 6.405800e-01 1.400000e-03 3.580200e-01
381 6.404040e-01 1.328000e-03 3.582680e-01
382 6.401880e-01 1.356000e-03 3.584560e-01
383 6.399440e-01 1.384000e-03 3.586720e-01
384 6.397400e-01 1.328000e-03 3.589320e-01
385 6.395040e-01 1.284000e-03 3.592120e-01
386 6.392560e-01 1.256000e-03 3.594880e-01
387 6.390200e-01 1.248000e-03 3.597320e-01
388 6.388000e-01 1.224000e-03 3.599760e-01
389 6.385600e-01 1.228000e-03 3.602120e-01
390 6.383800e-01 1.172000e-03 3.604480e-01
391 6.381280e-01 1.216000e-03 3.606560e-01
392 6.378800e-01 1.236000e-03 3.608840e-01
393 6.376680e-01 1.236000e-03 3.610960e-01
394 6.374440e-01 1.312000e-03 3.612440e-01
395 6.372280e-01 1.296000e-03 3.614760e-01
396 6.370000e-01 1.320000e-03 3.616800e-01
397 6.367280e-01 1.356000e-03 3.619160e-01
398 6.364640e-01 1.336000e-03 3.622000e-01
399 6.362720e-01 1.292000e-03 3.624360e-01
400 6.360320e-01 1.312000e-03 3.626560e-01
401 6.357880e-01 1.324000e-03 3.628880e-01
402 6.355360e-01 1.400000e-03 3.630640e-01
403 6.353280e-01 1.380000e-03 3.632920e-01
404 6.351000e-01 1.384000e-03 3.635160e-01
405 6.348360e-01 1.404000e-03 3.637600e-01
406 6.345880e-01 1.368000e-03 3.640440e-01
407 6.343760e-01 1.368000e-03 3.642560e-01
408 6.341520e-01 1.320000e-03 3.645280e-01
409 6.339520e-01 1.272000e-03 3.647760e-01
410 6.337320e-01 1.272000e-03 3.649960e-01
411 6.335320e-01 1.256000e-03 3.652120e-01
412 6.332920e-01 1.240000e-03 3.654680e-01
413 6.331360e-01 1.212000e-03 3.656520e-01
414 6.329240e-01 1.188000e-03 3.658880e-01
415 6.325920e-01 1.296000e-03 3.661120e-01
416 6.323480e-01 1.288000e-03 3.663640e-01
417 6.320240e-01 1.356000e-03 3.666200e-01
418 6.317080e-01 1.412000e-03 3.668800e-01
419 6.314280e-01 1.492000e-03 3.670800e-01
420 6.310480e-01 1.576000e-03 3.673760e-01
421 6.307240e-01 1.664000e-03 3.676120e-01
422 6.304480e-01 1.664000e-03 3.678880e-01
423 6.301000e-01 1.724000e-03 3.681760e-01
424 6.298240e-01 1.692000e-03 3.684840e-01
425 6.295240e-01 1.708000e-03 3.687680e-01
426 6.292840e-01 1.696000e-03 3.690200e-01
427 6.289440e-01 1.768000e-03 3.692880e-01
428 6.286320e-01 1.816000e-03 3.695520e-01
429 6.283400e-01 1.820000e-03 3.698400e-01
430 6.281120e-01 1.748000e-03 3.701400e-01
431 6.278000e-01 1.768000e-03 3.704320e-01
432 6.275520e-01 1.712000e-03 3.707360e-01
433 6.273040e-01 1.700000e-03 3.709960e-01
434 6.270120e-01 1.676000e-03 3.713120e-01
435 6.267120e-01 1.684000e-03 3.716040e-01
436 6.265240e-01 1.576000e-03 3.719000e-01
437 6.262680e-01 1.460000e-03 3.722720e-01
438 6.260560e-01 1.364000e-03 3.725800e-01
439 6.258360e-01 1.308000e-03 3.728560e-01
440 6.256000e-01 1.328000e-03 3.730720e-01
441 6.253400e-01 1.372000e-03 3.732880e-01
442 6.251080e-01 1.404000e-03 3.734880e-01
443 6.248680e-01 1.384000e-03 3.737480e-01
444 6.246280e-01 1.364000e-03 3.740080e-01
445 6.244120e-01 1.356000e-03 3.742320e-01
446 6.241400e-01 1.384000e-03 3.744760e-01
447 6.239760e-01 1.360000e-03 3.746640e-01
448 6.237680e-01 1.324000e-03 3.749080e-01
449 6.235920e-01 1.264000e-03 3.751440e-01
450 6.234000e-01 1.240000e-03 3.753600e-01
451 6.231560e-01 1.272000e-03 3.755720e-01
452 6.228960e-01 1.304000e-03 3.758000e-01
453 6.226160e-01 1.320000e-03 3.760640e-01
454 6.223400e-01 1.376000e-03 3.762840e-01
455 6.221680e-01 1.324000e-03 3.765080e-01
456 6.220320e-01 1.256000e-03 3.767120e-01
457 6.218520e-01 1.228000e-03 3.769200e-01
458 6.216760e-01 1.180000e-03 3.771440e-01
459 6.214880e-01 1.124000e-03 3.773880e-01
460 6.212680e-01 1.120000e-03 3.776120e-01
461 6.211080e-01 1.108000e-03 3.777840e-01
462 6.208960e-01 1.148000e-03 3.779560e-01
463 6.207360e-01 1.104000e-03 3.781600e-01
464 6.205800e-01 1.052000e-03 3.783680e-01
465 6.203480e-01 1.120000e-03 3.785320e-01
466 6.201080e-01 1.144000e-03 3.787480e-01
467 6.199200e-01 1.128000e-03 3.789520e-01
468 6.197200e-01 1.124000e-03 3.791560e-01
469 6.195960e-01 1.104000e-03 3.793000e-01
470 6.194360e-01 1.048000e-03 3.795160e-01
471 6.192160e-01 1.084000e-03 3.797000e-01
472 6.189960e-01 1.100000e-03 3.799040e-01
473 6.187800e-01 1.176000e-03 3.800440e-01
474 6.186040e-01 1.128000e-03 3.802680e-01
475 6.183920e-01 1.104000e-03 3.805040e-01
476 6.182480e-01 1.060000e-03 3.806920e-01
477 6.180400e-01 1.068000e-03 3.808920e-01
478 6.178600e-01 1.044000e-03 3.810960e-01
479 6.177040e-01 1.004000e-03 3.812920e-01
480 6.175480e-01 1.012000e-03 3.814400e-01
481 6.173960e-01 9.720000e-04 3.816320e-01
482 6.172200e-01 9.680000e-04 3.818120e-01
483 6.170480e-01 9.600000e-04 3.819920e-01
484 6.168400e-01 1.004000e-03 3.821560e-01
485 6.166320e-01 1.024000e-03 3.823440e-01
486 6.164120e-01 1.048000e-03 3.825400e-01
487 6.162680e-01 1.020000e-03 3.827120e-01
488 6.161200e-01 9.800000e-04 3.829000e-01
489 6.159960e-01 9.280000e-04 3.830760e-01
490 6.158840e-01 8.960000e-04 3.832200e-01
491 6.157600e-01 8.760000e-04 3.833640e-01
492 6.156040e-01 9.040000e-04 3.834920e-01
493 6.154560e-01 8.640000e-04 3.836800e-01
494 6.152960e-01 8.520000e-04 3.838520e-01
495 6.152040e-01 7.880000e-04 3.840080e-01
496 6.150880e-01 7.520000e-04 3.841600e-01
497 6.149480e-01 7.480000e-04 3.843040e-01
498 6.148640e-01 6.960000e-04 3.844400e-01
499 6.147160e-01 7.400000e-04 3.845440e-01
500 6.145880e-01 7.440000e-04 3.846680e-01
