1 9.992520e-01 6.440000e-04 1.040000e-04
2 9.987520e-01 9.880000e-04 2.600000e-04
3 9.980960e-01 1.428000e-03 4.760000e-04
4 9.974560e-01 1.828000e-03 7.160000e-04
5 9.967120e-01 2.240000e-03 1.048000e-03
6 9.959240e-01 2.608000e-03 1.468000e-03
7 9.951640e-01 2.808000e-03 2.028000e-03
8 9.942440e-01 3.288000e-03 2.468000e-03
9 9.933400e-01 3.632000e-03 3.028000e-03
10 9.924560e-01 3.908000e-03 3.636000e-03
11 9.915400e-01 4.092000e-03 4.368000e-03
12 9.905680e-01 4.356000e-03 5.076000e-03
13 9.894840e-01 4.720000e-03 5.796000e-03
14 9.885240e-01 4.896000e-03 6.580000e-03
15 9.873680e-01 5.096000e-03 7.536000e-03
16 9.861920e-01 5.284000e-03 8.524000e-03
17 9.849960e-01 5.468000e-03 9.536000e-03
18 9.837200e-01 5.664000e-03 1.061600e-02
19 9.825880e-01 5.840000e-03 1.157200e-02
20 9.814600e-01 5.924000e-03 1.261600e-02
21 9.804000e-01 5.964000e-03 1.363600e-02
22 9.793520e-01 6.052000e-03 1.459600e-02
23 9.781080e-01 6.228000e-03 1.566400e-02
24 9.769840e-01 6.316000e-03 1.670000e-02
25 9.758000e-01 6.460000e-03 1.774000e-02
26 9.747360e-01 6.360000e-03 1.890400e-02
27 9.734640e-01 6.484000e-03 2.005200e-02
28 9.722480e-01 6.624000e-03 2.112800e-02
29 9.709960e-01 6.692000e-03 2.231200e-02
30 9.698520e-01 6.720000e-03 2.342800e-02
31 9.684240e-01 6.944000e-03 2.463200e-02
32 9.671320e-01 7.072000e-03 2.579600e-02
33 9.657200e-01 7.188000e-03 2.709200e-02
34 9.642200e-01 7.268000e-03 2.851200e-02
35 9.625800e-01 7.652000e-03 2.976800e-02
36 9.609040e-01 7.916000e-03 3.118000e-02
37 9.593960e-01 8.148000e-03 3.245600e-02
38 9.576280e-01 8.516000e-03 3.385600e-02
39 9.561000e-01 8.572000e-03 3.532800e-02
40 9.545960e-01 8.508000e-03 3.689600e-02
41 9.529840e-01 8.732000e-03 3.828400e-02
42 9.512960e-01 8.808000e-03 3.989600e-02
43 9.495680e-01 8.984000e-03 4.144800e-02
44 9.477520e-01 9.152000e-03 4.309600e-02
45 9.460720e-01 9.156000e-03 4.477200e-02
46 9.443760e-01 9.200000e-03 4.642400e-02
47 9.427920e-01 9.196000e-03 4.801200e-02
48 9.411000e-01 9.292000e-03 4.960800e-02
49 9.393960e-01 9.452000e-03 5.115200e-02
50 9.375240e-01 9.740000e-03 5.273600e-02
51 9.358960e-01 9.552000e-03 5.455200e-02
52 9.344120e-01 9.268000e-03 5.632000e-02
53 9.327720e-01 9.268000e-03 5.796000e-02
54 9.312080e-01 9.268000e-03 5.952400e-02
55 9.295440e-01 9.376000e-03 6.108000e-02
56 9.278840e-01 9.296000e-03 6.282000e-02
57 9.261360e-01 9.408000e-03 6.445600e-02
58 9.242640e-01 9.708000e-03 6.602800e-02
59 9.225880e-01 9.600000e-03 6.781200e-02
60 9.208760e-01 9.700000e-03 6.942400e-02
61 9.190920e-01 9.680000e-03 7.122800e-02
62 9.173200e-01 9.760000e-03 7.292000e-02
63 9.157760e-01 9.596000e-03 7.462800e-02
64 9.141200e-01 9.732000e-03 7.614800e-02
65 9.124800e-01 9.628000e-03 7.789200e-02
66 9.107000e-01 9.776000e-03 7.952400e-02
67 9.086760e-01 9.976000e-03 8.134800e-02
68 9.068600e-01 1.001200e-02 8.312800e-02
69 9.050280e-01 1.006800e-02 8.490400e-02
70 9.031720e-01 1.014800e-02 8.668000e-02
71 9.013240e-01 1.010000e-02 8.857600e-02
72 8.995800e-01 1.001600e-02 9.040400e-02
73 8.978040e-01 1.011600e-02 9.208000e-02
74 8.960840e-01 1.008800e-02 9.382800e-02
75 8.943280e-01 1.002800e-02 9.564400e-02
76 8.926200e-01 9.988000e-03 9.739200e-02
77 8.908680e-01 1.008800e-02 9.904400e-02
78 8.891640e-01 1.000000e-02 1.008360e-01
79 8.876480e-01 9.756000e-03 1.025960e-01
80 8.860240e-01 9.704000e-03 1.042720e-01
81 8.843440e-01 9.612000e-03 1.060440e-01
82 8.826480e-01 9.640000e-03 1.077120e-01
83 8.811280e-01 9.516000e-03 1.093560e-01
84 8.794960e-01 9.564000e-03 1.109400e-01
85 8.779720e-01 9.360000e-03 1.126680e-01
86 8.763960e-01 9.256000e-03 1.143480e-01
87 8.750080e-01 8.976000e-03 1.160160e-01
88 8.732880e-01 9.124000e-03 1.175880e-01
89 8.716440e-01 9.152000e-03 1.192040e-01
90 8.701280e-01 9.076000e-03 1.207960e-01
91 8.686640e-01 8.960000e-03 1.223760e-01
92 8.670360e-01 8.968000e-03 1.239960e-01
93 8.655120e-01 8.836000e-03 1.256520e-01
94 8.639800e-01 8.828000e-03 1.271920e-01
95 8.624360e-01 8.788000e-03 1.287760e-01
96 8.608200e-01 8.824000e-03 1.303560e-01
97 8.593080e-01 8.736000e-03 1.319560e-01
98 8.576920e-01 8.880000e-03 1.334280e-01
99 8.560720e-01 8.908000e-03 1.350200e-01
100 8.544040e-01 9.040000e-03 1.365560e-01
101 8.527040e-01 9.208000e-03 1.380880e-01
102 8.509560e-01 9.296000e-03 1.397480e-01
103 8.492960e-01 9.248000e-03 1.414560e-01
104 8.478560e-01 9.168000e-03 1.429760e-01
105 8.462200e-01 9.256000e-03 1.445240e-01
106 8.445960e-01 9.144000e-03 1.462600e-01
107 8.429880e-01 9.196000e-03 1.478160e-01
108 8.415880e-01 8.988000e-03 1.494240e-01
109 8.400760e-01 8.884000e-03 1.510400e-01
110 8.385800e-01 8.680000e-03 1.527400e-01
111 8.371320e-01 8.644000e-03 1.542240e-01
112 8.356640e-01 8.508000e-03 1.558280e-01
113 8.343200e-01 8.428000e-03 1.572520e-01
114 8.330800e-01 8.252000e-03 1.586680e-01
115 8.316280e-01 8.268000e-03 1.601040e-01
116 8.302920e-01 8.176000e-03 1.615320e-01
117 8.288680e-01 8.172000e-03 1.629600e-01
118 8.274760e-01 8.108000e-03 1.644160e-01
119 8.260600e-01 8.164000e-03 1.657760e-01
120 8.245680e-01 8.240000e-03 1.671920e-01
121 8.229680e-01 8.432000e-03 1.686000e-01
122 8.213920e-01 8.492000e-03 1.701160e-01
123 8.199760e-01 8.368000e-03 1.716560e-01
124 8.185120e-01 8.400000e-03 1.730880e-01
125 8.170240e-01 8.556000e-03 1.744200e-01
126 8.156080e-01 8.408000e-03 1.759840e-01
127 8.142360e-01 8.120000e-03 1.776440e-01
128 8.127760e-01 8.136000e-03 1.790880e-01
129 8.114840e-01 7.912000e-03 1.806040e-01
130 8.101040e-01 7.840000e-03 1.820560e-01
131 8.086360e-01 7.920000e-03 1.834440e-01
132 8.072800e-01 7.820000e-03 1.849000e-01
133 8.059520e-01 7.768000e-03 1.862800e-01
134 8.046520e-01 7.656000e-03 1.876920e-01
135 8.033800e-01 7.588000e-03 1.890320e-01
136 8.020000e-01 7.676000e-03 1.903240e-01
137 8.005920e-01 7.748000e-03 1.916600e-01
138 7.991840e-01 7.996000e-03 1.928200e-01
139 7.978520e-01 8.084000e-03 1.940640e-01
140 7.966080e-01 7.964000e-03 1.954280e-01
141 7.951720e-01 7.980000e-03 1.968480e-01
142 7.938560e-01 7.984000e-03 1.981600e-01
143 7.926280e-01 7.716000e-03 1.996560e-01
144 7.913760e-01 7.676000e-03 2.009480e-01
145 7.900640e-01 7.664000e-03 2.022720e-01
146 7.887800e-01 7.588000e-03 2.036320e-01
147 7.874960e-01 7.596000e-03 2.049080e-01
148 7.861960e-01 7.624000e-03 2.061800e-01
149 7.848880e-01 7.688000e-03 2.074240e-01
150 7.835520e-01 7.604000e-03 2.088440e-01
151 7.822760e-01 7.568000e-03 2.101560e-01
152 7.810880e-01 7.352000e-03 2.115600e-01
153 7.799240e-01 7.244000e-03 2.128320e-01
154 7.786720e-01 7.208000e-03 2.141200e-01
155 7.775000e-01 7.016000e-03 2.154840e-01
156 7.763280e-01 7.004000e-03 2.166680e-01
157 7.750920e-01 7.084000e-03 2.178240e-01
158 7.738920e-01 7.012000e-03 2.190960e-01
159 7.727800e-01 6.912000e-03 2.203080e-01
160 7.717800e-01 6.784000e-03 2.214360e-01
161 7.707040e-01 6.708000e-03 2.225880e-01
162 7.696040e-01 6.748000e-03 2.236480e-01
163 7.684560e-01 6.676000e-03 2.248680e-01
164 7.673320e-01 6.644000e-03 2.260240e-01
165 7.661600e-01 6.544000e-03 2.272960e-01
166 7.650920e-01 6.464000e-03 2.284440e-01
167 7.641400e-01 6.236000e-03 2.296240e-01
168 7.629200e-01 6.392000e-03 2.306880e-01
169 7.619400e-01 6.292000e-03 2.317680e-01
170 7.608400e-01 6.328000e-03 2.328320e-01
171 7.598680e-01 6.152000e-03 2.339800e-01
172 7.587080e-01 6.224000e-03 2.350680e-01
173 7.577400e-01 6.192000e-03 2.360680e-01
174 7.567080e-01 6.160000e-03 2.371320e-01
175 7.556400e-01 6.120000e-03 2.382400e-01
176 7.544640e-01 6.152000e-03 2.393840e-01
177 7.534280e-01 6.000000e-03 2.405720e-01
178 7.523880e-01 5.968000e-03 2.416440e-01
179 7.514760e-01 5.752000e-03 2.427720e-01
180 7.504120e-01 5.844000e-03 2.437440e-01
181 7.494280e-01 5.776000e-03 2.447960e-01
182 7.483960e-01 5.856000e-03 2.457480e-01
183 7.473640e-01 5.940000e-03 2.466960e-01
184 7.463040e-01 5.988000e-03 2.477080e-01
185 7.453320e-01 5.840000e-03 2.488280e-01
186 7.442880e-01 5.916000e-03 2.497960e-01
187 7.433880e-01 5.788000e-03 2.508240e-01
188 7.424120e-01 5.672000e-03 2.519160e-01
189 7.414320e-01 5.748000e-03 2.528200e-01
190 7.404200e-01 5.712000e-03 2.538680e-01
191 7.393720e-01 5.752000e-03 2.548760e-01
192 7.382400e-01 5.852000e-03 2.559080e-01
193 7.372680e-01 5.804000e-03 2.569280e-01
194 7.364000e-01 5.640000e-03 2.579600e-01
195 7.354520e-01 5.580000e-03 2.589680e-01
196 7.345680e-01 5.432000e-03 2.600000e-01
197 7.338000e-01 5.224000e-03 2.609760e-01
198 7.329200e-01 5.200000e-03 2.618800e-01
199 7.320680e-01 5.180000e-03 2.627520e-01
200 7.313240e-01 5.028000e-03 2.636480e-01
201 7.305320e-01 4.876000e-03 2.645920e-01
202 7.296800e-01 4.916000e-03 2.654040e-01
203 7.288320e-01 4.916000e-03 2.662520e-01
204 7.280960e-01 4.796000e-03 2.671080e-01
205 7.273040e-01 4.692000e-03 2.680040e-01
206 7.266240e-01 4.552000e-03 2.688240e-01
207 7.258880e-01 4.516000e-03 2.695960e-01
208 7.252000e-01 4.416000e-03 2.703840e-01
209 7.245240e-01 4.284000e-03 2.711920e-01
210 7.238120e-01 4.208000e-03 2.719800e-01
211 7.230720e-01 4.232000e-03 2.726960e-01
212 7.223800e-01 4.240000e-03 2.733800e-01
213 7.217320e-01 4.132000e-03 2.741360e-01
214 7.211040e-01 4.088000e-03 2.748080e-01
215 7.205080e-01 4.032000e-03 2.754600e-01
216 7.198840e-01 4.040000e-03 2.760760e-01
217 7.191280e-01 4.092000e-03 2.767800e-01
218 7.184560e-01 4.140000e-03 2.774040e-01
219 7.177680e-01 4.104000e-03 2.781280e-01
220 7.171640e-01 3.952000e-03 2.788840e-01
221 7.165080e-01 3.920000e-03 2.795720e-01
222 7.158720e-01 3.900000e-03 2.802280e-01
223 7.151920e-01 3.912000e-03 2.808960e-01
224 7.145440e-01 3.896000e-03 2.815600e-01
225 7.139120e-01 3.932000e-03 2.821560e-01
226 7.132640e-01 3.928000e-03 2.828080e-01
227 7.126120e-01 3.920000e-03 2.834680e-01
228 7.119440e-01 3.948000e-03 2.841080e-01
229 7.113880e-01 3.872000e-03 2.847400e-01
230 7.107400e-01 3.912000e-03 2.853480e-01
231 7.100200e-01 3.948000e-03 2.860320e-01
232 7.093920e-01 3.916000e-03 2.866920e-01
233 7.087040e-01 3.856000e-03 2.874400e-01
234 7.081360e-01 3.748000e-03 2.881160e-01
235 7.075280e-01 3.640000e-03 2.888320e-01
236 7.069960e-01 3.436000e-03 2.895680e-01
237 7.064760e-01 3.368000e-03 2.901560e-01
238 7.058760e-01 3.460000e-03 2.906640e-01
239 7.053000e-01 3.384000e-03 2.913160e-01
240 7.046840e-01 3.400000e-03 2.919160e-01
241 7.041960e-01 3.256000e-03 2.925480e-01
242 7.036440e-01 3.180000e-03 2.931760e-01
243 7.031240e-01 3.188000e-03 2.936880e-01
244 7.026280e-01 3.144000e-03 2.942280e-01
245 7.020360e-01 3.188000e-03 2.947760e-01
246 7.015240e-01 3.168000e-03 2.953080e-01
247 7.010240e-01 3.188000e-03 2.957880e-01
248 7.004320e-01 3.212000e-03 2.963560e-01
249 6.998200e-01 3.344000e-03 2.968360e-01
250 6.992640e-01 3.300000e-03 2.974360e-01
251 6.986280e-01 3.356000e-03 2.980160e-01
252 6.980840e-01 3.232000e-03 2.986840e-01
253 6.975560e-01 3.200000e-03 2.992440e-01
254 6.969000e-01 3.280000e-03 2.998200e-01
255 6.963040e-01 3.348000e-03 3.003480e-01
256 6.956360e-01 3.420000e-03 3.009440e-01
257 6.949560e-01 3.440000e-03 3.016040e-01
258 6.942920e-01 3.536000e-03 3.021720e-01
259 6.938040e-01 3.424000e-03 3.027720e-01
260 6.931880e-01 3.472000e-03 3.033400e-01
261 6.925920e-01 3.472000e-03 3.039360e-01
262 6.920680e-01 3.368000e-03 3.045640e-01
263 6.914720e-01 3.428000e-03 3.051000e-01
264 6.908960e-01 3.408000e-03 3.056960e-01
265 6.903240e-01 3.364000e-03 3.063120e-01
266 6.897240e-01 3.348000e-03 3.069280e-01
267 6.891560e-01 3.268000e-03 3.075760e-01
268 6.885440e-01 3.288000e-03 3.081680e-01
269 6.878800e-01 3.304000e-03 3.088160e-01
270 6.873000e-01 3.236000e-03 3.094640e-01
271 6.867640e-01 3.180000e-03 3.100560e-01
272 6.862560e-01 3.164000e-03 3.105800e-01
273 6.857640e-01 3.108000e-03 3.111280e-01
274 6.852760e-01 3.096000e-03 3.116280e-01
275 6.847800e-01 3.144000e-03 3.120760e-01
276 6.843200e-01 2.980000e-03 3.127000e-01
277 6.837760e-01 2.956000e-03 3.132680e-01
278 6.833080e-01 2.928000e-03 3.137640e-01
279 6.828640e-01 2.904000e-03 3.142320e-01
280 6.824560e-01 2.772000e-03 3.147720e-01
281 6.820120e-01 2.728000e-03 3.152600e-01
282 6.815600e-01 2.596000e-03 3.158440e-01
283 6.811400e-01 2.572000e-03 3.162880e-01
284 6.807480e-01 2.532000e-03 3.167200e-01
285 6.802400e-01 2.600000e-03 3.171600e-01
286 6.798400e-01 2.592000e-03 3.175680e-01
287 6.793840e-01 2.688000e-03 3.179280e-01
288 6.788960e-01 2.712000e-03 3.183920e-01
289 6.783960e-01 2.720000e-03 3.188840e-01
290 6.779440e-01 2.652000e-03 3.194040e-01
291 6.775040e-01 2.544000e-03 3.199520e-01
292 6.771160e-01 2.484000e-03 3.204000e-01
293 6.766440e-01 2.468000e-03 3.208880e-01
294 6.761840e-01 2.472000e-03 3.213440e-01
295 6.757160e-01 2.464000e-03 3.218200e-01
296 6.752720e-01 2.496000e-03 3.222320e-01
297 6.748280e-01 2.512000e-03 3.226600e-01
298 6.743840e-01 2.468000e-03 3.231480e-01
299 6.740080e-01 2.452000e-03 3.235400e-01
300 6.735400e-01 2.460000e-03 3.240000e-01
301 6.731240e-01 2.464000e-03 3.244120e-01
302 6.727800e-01 2.384000e-03 3.248360e-01
303 6.723800e-01 2.352000e-03 3.252680e-01
304 6.719160e-01 2.456000e-03 3.256280e-01
305 6.715000e-01 2.416000e-03 3.260840e-01
306 6.710800e-01 2.376000e-03 3.265440e-01
307 6.706160e-01 2.464000e-03 3.269200e-01
308 6.700960e-01 2.536000e-03 3.273680e-01
309 6.696480e-01 2.544000e-03 3.278080e-01
310 6.691480e-01 2.660000e-03 3.281920e-01
311 6.686520e-01 2.684000e-03 3.286640e-01
312 6.682440e-01 2.620000e-03 3.291360e-01
313 6.677360e-01 2.636000e-03 3.296280e-01
314 6.672680e-01 2.712000e-03 3.300200e-01
315 6.667360e-01 2.812000e-03 3.304520e-01
316 6.663240e-01 2.732000e-03 3.309440e-01
317 6.659040e-01 2.660000e-03 3.314360e-01
318 6.655360e-01 2.556000e-03 3.319080e-01
319 6.651720e-01 2.492000e-03 3.323360e-01
320 6.647520e-01 2.452000e-03 3.327960e-01
321 6.643240e-01 2.400000e-03 3.332760e-01
322 6.640640e-01 2.252000e-03 3.336840e-01
323 6.637800e-01 2.120000e-03 3.341000e-01
324 6.634200e-01 2.140000e-03 3.344400e-01
325 6.631000e-01 2.124000e-03 3.347760e-01
326 6.627720e-01 2.040000e-03 3.351880e-01
327 6.624360e-01 1.972000e-03 3.355920e-01
328 6.620920e-01 2.008000e-03 3.359000e-01
329 6.617880e-01 2.008000e-03 3.362040e-01
330 6.615480e-01 1.956000e-03 3.364960e-01
331 6.612520e-01 1.920000e-03 3.368280e-01
332 6.610000e-01 1.792000e-03 3.372080e-01
333 6.607360e-01 1.756000e-03 3.375080e-01
334 6.605040e-01 1.700000e-03 3.377960e-01
335 6.602080e-01 1.704000e-03 3.380880e-01
336 6.599080e-01 1.688000e-03 3.384040e-01
337 6.596400e-01 1.624000e-03 3.387360e-01
338 6.593720e-01 1.624000e-03 3.390040e-01
339 6.590880e-01 1.592000e-03 3.393200e-01
340 6.587280e-01 1.684000e-03 3.395880e-01
341 6.583840e-01 1.728000e-03 3.398880e-01
342 6.580840e-01 1.724000e-03 3.401920e-01
343 6.577680e-01 1.692000e-03 3.405400e-01
344 6.574480e-01 1.728000e-03 3.408240e-01
345 6.571240e-01 1.784000e-03 3.410920e-01
346 6.567760e-01 1.844000e-03 3.413800e-01
347 6.564320e-01 1.856000e-03 3.417120e-01
348 6.560920e-01 1.900000e-03 3.420080e-01
349 6.556400e-01 1.972000e-03 3.423880e-01
350 6.553480e-01 1.884000e-03 3.427680e-01
351 6.550240e-01 1.868000e-03 3.431080e-01
352 6.546760e-01 1.844000e-03 3.434800e-01
353 6.543680e-01 1.748000e-03 3.438840e-01
354 6.540560e-01 1.728000e-03 3.442160e-01
355 6.537280e-01 1.732000e-03 3.445400e-01
356 6.533200e-01 1.776000e-03 3.449040e-01
357 6.530080e-01 1.764000e-03 3.452280e-01
358 6.526240e-01 1.796000e-03 3.455800e-01
359 6.523320e-01 1.736000e-03 3.459320e-01
360 6.520320e-01 1.776000e-03 3.461920e-01
361 6.517000e-01 1.772000e-03 3.465280e-01
362 6.513560e-01 1.740000e-03 3.469040e-01
363 6.510000e-01 1.756000e-03 3.472440e-01
364 6.506720e-01 1.784000e-03 3.475440e-01
365 6.503320e-01 1.836000e-03 3.478320e-01
366 6.499800e-01 1.824000e-03 3.481960e-01
367 6.496120e-01 1.924000e-03 3.484640e-01
368 6.493000e-01 1.964000e-03 3.487360e-01
369 6.489840e-01 1.912000e-03 3.491040e-01
370 6.486600e-01 1.948000e-03 3.493920e-01
371 6.482920e-01 1.972000e-03 3.497360e-01
372 6.479760e-01 1.936000e-03 3.500880e-01
373 6.476840e-01 1.912000e-03 3.504040e-01
374 6.474200e-01 1.864000e-03 3.507160e-01
375 6.471200e-01 1.876000e-03 3.510040e-01
376 6.467880e-01 1.880000e-03 3.513320e-01
377 6.465000e-01 1.852000e-03 3.516480e-01
378 6.462080e-01 1.848000e-03 3.519440e-01
379 6.458880e-01 1.840000e-03 3.522720e-01
380 6.455680e-01 1.836000e-03 3.525960e-01
381 6.453120e-01 1.780000e-03 3.529080e-01
382 6.450240e-01 1.780000e-03 3.531960e-01
383 6.448040e-01 1.644000e-03 3.535520e-01
384 6.446080e-01 1.584000e-03 3.538080e-01
385 6.443600e-01 1.600000e-03 3.540400e-01
386 6.440960e-01 1.540000e-03 3.543640e-01
387 6.438440e-01 1.544000e-03 3.546120e-01
388 6.435880e-01 1.512000e-03 3.549000e-01
389 6.432920e-01 1.560000e-03 3.551480e-01
390 6.430720e-01 1.520000e-03 3.554080e-01
391 6.428600e-01 1.476000e-03 3.556640e-01
392 6.426480e-01 1.380000e-03 3.559720e-01
393 6.423760e-01 1.424000e-03 3.562000e-01
394 6.421120e-01 1.464000e-03 3.564240e-01
395 6.418960e-01 1.404000e-03 3.567000e-01
396 6.416200e-01 1.436000e-03 3.569440e-01
397 6.413520e-01 1.456000e-03 3.571920e-01
398 6.410320e-01 1.512000e-03 3.574560e-01
399 6.407760e-01 1.512000e-03 3.577120e-01
400 6.404640e-01 1.576000e-03 3.579600e-01
401 6.401400e-01 1.672000e-03 3.581880e-01
402 6.398400e-01 1.720000e-03 3.584400e-01
403 6.395040e-01 1.748000e-03 3.587480e-01
404 6.392120e-01 1.680000e-03 3.591080e-01
405 6.388440e-01 1.788000e-03 3.593680e-01
406 6.385560e-01 1.712000e-03 3.597320e-01
407 6.382960e-01 1.704000e-03 3.600000e-01
408 6.380320e-01 1.692000e-03 3.602760e-01
409 6.377720e-01 1.692000e-03 3.605360e-01
410 6.375680e-01 1.612000e-03 3.608200e-01
411 6.373440e-01 1.576000e-03 3.610800e-01
412 6.371280e-01 1.492000e-03 3.613800e-01
413 6.368640e-01 1.496000e-03 3.616400e-01
414 6.365960e-01 1.472000e-03 3.619320e-01
415 6.363040e-01 1.536000e-03 3.621600e-01
416 6.360320e-01 1.516000e-03 3.624520e-01
417 6.357520e-01 1.452000e-03 3.627960e-01
418 6.355360e-01 1.412000e-03 3.630520e-01
419 6.353120e-01 1.348000e-03 3.633400e-01
420 6.350440e-01 1.396000e-03 3.635600e-01
421 6.347680e-01 1.412000e-03 3.638200e-01
422 6.345360e-01 1.368000e-03 3.640960e-01
423 6.343400e-01 1.348000e-03 3.643120e-01
424 6.341560e-01 1.260000e-03 3.645840e-01
425 6.339440e-01 1.268000e-03 3.647880e-01
426 6.337160e-01 1.316000e-03 3.649680e-01
427 6.334600e-01 1.340000e-03 3.652000e-01
428 6.331760e-01 1.380000e-03 3.654440e-01
429 6.329640e-01 1.376000e-03 3.656600e-01
430 6.326800e-01 1.408000e-03 3.659120e-01
431 6.324480e-01 1.432000e-03 3.661200e-01
432 6.322200e-01 1.388000e-03 3.663920e-01
433 6.319600e-01 1.392000e-03 3.666480e-01
434 6.317360e-01 1.392000e-03 3.668720e-01
435 6.315000e-01 1.376000e-03 3.671240e-01
436 6.312880e-01 1.372000e-03 3.673400e-01
437 6.310600e-01 1.396000e-03 3.675440e-01
438 6.308400e-01 1.376000e-03 3.677840e-01
439 6.306200e-01 1.372000e-03 3.680080e-01
440 6.303880e-01 1.388000e-03 3.682240e-01
441 6.301240e-01 1.376000e-03 3.685000e-01
442 6.299040e-01 1.392000e-03 3.687040e-01
443 6.296160e-01 1.428000e-03 3.689560e-01
444 6.292360e-01 1.552000e-03 3.692120e-01
445 6.289520e-01 1.548000e-03 3.695000e-01
446 6.286720e-01 1.528000e-03 3.698000e-01
447 6.284560e-01 1.476000e-03 3.700680e-01
448 6.282120e-01 1.460000e-03 3.703280e-01
449 6.279840e-01 1.448000e-03 3.705680e-01
450 6.277960e-01 1.408000e-03 3.707960e-01
451 6.275600e-01 1.400000e-03 3.710400e-01
452 6.273760e-01 1.304000e-03 3.713200e-01
453 6.271800e-01 1.324000e-03 3.714960e-01
454 6.270160e-01 1.300000e-03 3.716840e-01
455 6.268680e-01 1.244000e-03 3.718880e-01
456 6.266640e-01 1.204000e-03 3.721320e-01
457 6.264920e-01 1.168000e-03 3.723400e-01
458 6.263320e-01 1.144000e-03 3.725240e-01
459 6.261480e-01 1.116000e-03 3.727360e-01
460 6.259400e-01 1.148000e-03 3.729120e-01
461 6.258120e-01 1.092000e-03 3.730960e-01
462 6.256480e-01 1.052000e-03 3.733000e-01
463 6.254600e-01 1.080000e-03 3.734600e-01
464 6.253400e-01 1.024000e-03 3.736360e-01
465 6.251280e-01 1.004000e-03 3.738680e-01
466 6.249880e-01 9.320000e-04 3.740800e-01
467 6.247920e-01 9.440000e-04 3.742640e-01
468 6.246640e-01 9.440000e-04 3.743920e-01
469 6.244840e-01 9.640000e-04 3.745520e-01
470 6.243000e-01 9.920000e-04 3.747080e-01
471 6.240840e-01 1.028000e-03 3.748880e-01
472 6.239120e-01 1.048000e-03 3.750400e-01
473 6.236560e-01 1.112000e-03 3.752320e-01
474 6.234600e-01 1.124000e-03 3.754160e-01
475 6.232680e-01 1.144000e-03 3.755880e-01
476 6.231120e-01 1.092000e-03 3.757960e-01
477 6.229400e-01 1.096000e-03 3.759640e-01
478 6.227560e-01 1.084000e-03 3.761600e-01
479 6.225920e-01 1.056000e-03 3.763520e-01
480 6.224160e-01 1.044000e-03 3.765400e-01
481 6.222040e-01 1.072000e-03 3.767240e-01
482 6.220400e-01 1.064000e-03 3.768960e-01
483 6.218040e-01 1.128000e-03 3.770680e-01
484 6.216120e-01 1.140000e-03 3.772480e-01
485 6.213600e-01 1.200000e-03 3.774400e-01
486 6.211320e-01 1.260000e-03 3.776080e-01
487 6.208800e-01 1.304000e-03 3.778160e-01
488 6.207000e-01 1.232000e-03 3.780680e-01
489 6.205240e-01 1.232000e-03 3.782440e-01
490 6.202880e-01 1.260000e-03 3.784520e-01
491 6.200520e-01 1.296000e-03 3.786520e-01
492 6.198520e-01 1.292000e-03 3.788560e-01
493 6.195920e-01 1.276000e-03 3.791320e-01
494 6.193120e-01 1.348000e-03 3.793400e-01
495 6.191080e-01 1.308000e-03 3.795840e-01
496 6.188680e-01 1.340000e-03 3.797920e-01
497 6.186320e-01 1.308000e-03 3.800600e-01
498 6.184800e-01 1.220000e-03 3.803000e-01
499 6.182200e-01 1.292000e-03 3.804880e-01
500 6.180080e-01 1.288000e-03 3.807040e-01
