1 9.992240e-01 6.440000e-04 1.320000e-04
2 9.987840e-01 9.360000e-04 2.800000e-04
3 9.982040e-01 1.372000e-03 4.240000e-04
4 9.975440e-01 1.764000e-03 6.920000e-04
5 9.968520e-01 2.152000e-03 9.960000e-04
6 9.959640e-01 2.628000e-03 1.408000e-03
7 9.950200e-01 2.992000e-03 1.988000e-03
8 9.940400e-01 3.388000e-03 2.572000e-03
9 9.930200e-01 3.720000e-03 3.260000e-03
10 9.919320e-01 4.144000e-03 3.924000e-03
11 9.907320e-01 4.592000e-03 4.676000e-03
12 9.894880e-01 4.972000e-03 5.540000e-03
13 9.882080e-01 5.316000e-03 6.476000e-03
14 9.869000e-01 5.644000e-03 7.456000e-03
15 9.855360e-01 5.888000e-03 8.576000e-03
16 9.842360e-01 6.168000e-03 9.596000e-03
17 9.827880e-01 6.492000e-03 1.072000e-02
18 9.813600e-01 6.720000e-03 1.192000e-02
19 9.800000e-01 6.940000e-03 1.306000e-02
20 9.786720e-01 7.040000e-03 1.428800e-02
21 9.774440e-01 7.072000e-03 1.548400e-02
22 9.761680e-01 7.240000e-03 1.659200e-02
23 9.748560e-01 7.300000e-03 1.784400e-02
24 9.734240e-01 7.496000e-03 1.908000e-02
25 9.719800e-01 7.760000e-03 2.026000e-02
26 9.704680e-01 7.916000e-03 2.161600e-02
27 9.690320e-01 7.996000e-03 2.297200e-02
28 9.674280e-01 8.204000e-03 2.436800e-02
29 9.658680e-01 8.276000e-03 2.585600e-02
30 9.641360e-01 8.668000e-03 2.719600e-02
31 9.626640e-01 8.528000e-03 2.880800e-02
32 9.611400e-01 8.508000e-03 3.035200e-02
33 9.597040e-01 8.304000e-03 3.199200e-02
34 9.581800e-01 8.240000e-03 3.358000e-02
35 9.568760e-01 8.020000e-03 3.510400e-02
36 9.554040e-01 8.120000e-03 3.647600e-02
37 9.539320e-01 8.192000e-03 3.787600e-02
38 9.523200e-01 8.372000e-03 3.930800e-02
39 9.508880e-01 8.224000e-03 4.088800e-02
40 9.492640e-01 8.516000e-03 4.222000e-02
41 9.477880e-01 8.612000e-03 4.360000e-02
42 9.461880e-01 8.676000e-03 4.513600e-02
43 9.447400e-01 8.676000e-03 4.658400e-02
44 9.431280e-01 8.828000e-03 4.804400e-02
45 9.414160e-01 8.988000e-03 4.959600e-02
46 9.399080e-01 8.932000e-03 5.116000e-02
47 9.383480e-01 8.876000e-03 5.277600e-02
48 9.368160e-01 8.888000e-03 5.429600e-02
49 9.354240e-01 8.700000e-03 5.587600e-02
50 9.338280e-01 8.616000e-03 5.755600e-02
51 9.323520e-01 8.600000e-03 5.904800e-02
52 9.308320e-01 8.656000e-03 6.051200e-02
53 9.292360e-01 8.616000e-03 6.214800e-02
54 9.277160e-01 8.624000e-03 6.366000e-02
55 9.262160e-01 8.560000e-03 6.522400e-02
56 9.246960e-01 8.544000e-03 6.676000e-02
57 9.231080e-01 8.676000e-03 6.821600e-02
58 9.215200e-01 8.696000e-03 6.978400e-02
59 9.201480e-01 8.468000e-03 7.138400e-02
60 9.186240e-01 8.564000e-03 7.281200e-02
61 9.169840e-01 8.596000e-03 7.442000e-02
62 9.154640e-01 8.588000e-03 7.594800e-02
63 9.139880e-01 8.508000e-03 7.750400e-02
64 9.125160e-01 8.552000e-03 7.893200e-02
65 9.109160e-01 8.704000e-03 8.038000e-02
66 9.094600e-01 8.692000e-03 8.184800e-02
67 9.077680e-01 8.968000e-03 8.326400e-02
68 9.061640e-01 8.972000e-03 8.486400e-02
69 9.047560e-01 8.892000e-03 8.635200e-02
70 9.032400e-01 8.876000e-03 8.788400e-02
71 9.017760e-01 8.728000e-03 8.949600e-02
72 9.004200e-01 8.524000e-03 9.105600e-02
73 8.990640e-01 8.316000e-03 9.262000e-02
74 8.976240e-01 8.336000e-03 9.404000e-02
75 8.960560e-01 8.416000e-03 9.552800e-02
76 8.944160e-01 8.580000e-03 9.700400e-02
77 8.926560e-01 8.876000e-03 9.846800e-02
78 8.909560e-01 9.032000e-03 1.000120e-01
79 8.892560e-01 9.160000e-03 1.015840e-01
80 8.875520e-01 9.208000e-03 1.032400e-01
81 8.857840e-01 9.320000e-03 1.048960e-01
82 8.840360e-01 9.380000e-03 1.065840e-01
83 8.824400e-01 9.336000e-03 1.082240e-01
84 8.809560e-01 9.216000e-03 1.098280e-01
85 8.794080e-01 9.100000e-03 1.114920e-01
86 8.778760e-01 9.036000e-03 1.130880e-01
87 8.764520e-01 9.024000e-03 1.145240e-01
88 8.749440e-01 8.980000e-03 1.160760e-01
89 8.734520e-01 8.884000e-03 1.176640e-01
90 8.718600e-01 8.892000e-03 1.192480e-01
91 8.703120e-01 8.880000e-03 1.208080e-01
92 8.686480e-01 9.016000e-03 1.223360e-01
93 8.670760e-01 9.040000e-03 1.238840e-01
94 8.654200e-01 8.984000e-03 1.255960e-01
95 8.639280e-01 8.856000e-03 1.272160e-01
96 8.623040e-01 8.976000e-03 1.287200e-01
97 8.606120e-01 9.140000e-03 1.302480e-01
98 8.590960e-01 9.120000e-03 1.317840e-01
99 8.573560e-01 9.384000e-03 1.332600e-01
100 8.555000e-01 9.476000e-03 1.350240e-01
101 8.538560e-01 9.356000e-03 1.367880e-01
102 8.522560e-01 9.388000e-03 1.383560e-01
103 8.507200e-01 9.472000e-03 1.398080e-01
104 8.491160e-01 9.324000e-03 1.415600e-01
105 8.475640e-01 9.248000e-03 1.431880e-01
106 8.461040e-01 9.136000e-03 1.447600e-01
107 8.446360e-01 8.956000e-03 1.464080e-01
108 8.431280e-01 9.032000e-03 1.478400e-01
109 8.414720e-01 9.124000e-03 1.494040e-01
110 8.398600e-01 9.140000e-03 1.510000e-01
111 8.382880e-01 9.000000e-03 1.527120e-01
112 8.366280e-01 9.012000e-03 1.543600e-01
113 8.349880e-01 9.140000e-03 1.558720e-01
114 8.332800e-01 9.088000e-03 1.576320e-01
115 8.316680e-01 9.108000e-03 1.592240e-01
116 8.300760e-01 9.036000e-03 1.608880e-01
117 8.283800e-01 9.200000e-03 1.624200e-01
118 8.267680e-01 9.168000e-03 1.640640e-01
119 8.250840e-01 9.356000e-03 1.655600e-01
120 8.234160e-01 9.320000e-03 1.672640e-01
121 8.217880e-01 9.300000e-03 1.689120e-01
122 8.201560e-01 9.212000e-03 1.706320e-01
123 8.185040e-01 9.212000e-03 1.722840e-01
124 8.168480e-01 9.268000e-03 1.738840e-01
125 8.153840e-01 9.148000e-03 1.754680e-01
126 8.138920e-01 9.124000e-03 1.769840e-01
127 8.125160e-01 9.048000e-03 1.784360e-01
128 8.110600e-01 8.928000e-03 1.800120e-01
129 8.095440e-01 8.968000e-03 1.814880e-01
130 8.080320e-01 8.996000e-03 1.829720e-01
131 8.064080e-01 9.036000e-03 1.845560e-01
132 8.048040e-01 9.052000e-03 1.861440e-01
133 8.032480e-01 9.100000e-03 1.876520e-01
134 8.017920e-01 9.024000e-03 1.891840e-01
135 8.004440e-01 8.796000e-03 1.907600e-01
136 7.990080e-01 8.752000e-03 1.922400e-01
137 7.975360e-01 8.688000e-03 1.937760e-01
138 7.962040e-01 8.344000e-03 1.954520e-01
139 7.947280e-01 8.336000e-03 1.969360e-01
140 7.933440e-01 8.168000e-03 1.984880e-01
141 7.919240e-01 8.192000e-03 1.998840e-01
142 7.905360e-01 8.104000e-03 2.013600e-01
143 7.891040e-01 8.188000e-03 2.027080e-01
144 7.878160e-01 8.024000e-03 2.041600e-01
145 7.864160e-01 7.928000e-03 2.056560e-01
146 7.851440e-01 7.884000e-03 2.069720e-01
147 7.838720e-01 7.824000e-03 2.083040e-01
148 7.824000e-01 7.912000e-03 2.096880e-01
149 7.807160e-01 8.196000e-03 2.110880e-01
150 7.793760e-01 8.084000e-03 2.125400e-01
151 7.780160e-01 8.108000e-03 2.138760e-01
152 7.767040e-01 7.960000e-03 2.153360e-01
153 7.753360e-01 7.968000e-03 2.166960e-01
154 7.740800e-01 7.736000e-03 2.181840e-01
155 7.726480e-01 7.824000e-03 2.195280e-01
156 7.714240e-01 7.556000e-03 2.210200e-01
157 7.702600e-01 7.400000e-03 2.223400e-01
158 7.689960e-01 7.416000e-03 2.235880e-01
159 7.677200e-01 7.356000e-03 2.249240e-01
160 7.664640e-01 7.312000e-03 2.262240e-01
161 7.653200e-01 7.108000e-03 2.275720e-01
162 7.640960e-01 7.152000e-03 2.287520e-01
163 7.628800e-01 7.036000e-03 2.300840e-01
164 7.619240e-01 6.732000e-03 2.313440e-01
165 7.607280e-01 6.692000e-03 2.325800e-01
166 7.596280e-01 6.580000e-03 2.337920e-01
167 7.585560e-01 6.504000e-03 2.349400e-01
168 7.574520e-01 6.452000e-03 2.360960e-01
169 7.563840e-01 6.340000e-03 2.372760e-01
170 7.552560e-01 6.304000e-03 2.384400e-01
171 7.541280e-01 6.420000e-03 2.394520e-01
172 7.529920e-01 6.524000e-03 2.404840e-01
173 7.518400e-01 6.456000e-03 2.417040e-01
174 7.508320e-01 6.284000e-03 2.428840e-01
175 7.498200e-01 6.192000e-03 2.439880e-01
176 7.487520e-01 6.200000e-03 2.450480e-01
177 7.476920e-01 6.168000e-03 2.461400e-01
178 7.465200e-01 6.268000e-03 2.472120e-01
179 7.454960e-01 6.104000e-03 2.484000e-01
180 7.443320e-01 6.208000e-03 2.494600e-01
181 7.433240e-01 6.120000e-03 2.505560e-01
182 7.423000e-01 6.104000e-03 2.515960e-01
183 7.413280e-01 6.100000e-03 2.525720e-01
184 7.402840e-01 6.136000e-03 2.535800e-01
185 7.392600e-01 5.996000e-03 2.547440e-01
186 7.383800e-01 5.792000e-03 2.558280e-01
187 7.374720e-01 5.684000e-03 2.568440e-01
188 7.364800e-01 5.688000e-03 2.578320e-01
189 7.355560e-01 5.592000e-03 2.588520e-01
190 7.347640e-01 5.400000e-03 2.598360e-01
191 7.339480e-01 5.308000e-03 2.607440e-01
192 7.331440e-01 5.160000e-03 2.616960e-01
193 7.323880e-01 4.980000e-03 2.626320e-01
194 7.317160e-01 4.816000e-03 2.634680e-01
195 7.308920e-01 4.880000e-03 2.642280e-01
196 7.301040e-01 4.872000e-03 2.650240e-01
197 7.292480e-01 4.868000e-03 2.658840e-01
198 7.284000e-01 4.864000e-03 2.667360e-01
199 7.274960e-01 4.912000e-03 2.675920e-01
200 7.266600e-01 4.824000e-03 2.685160e-01
201 7.259160e-01 4.688000e-03 2.693960e-01
202 7.252120e-01 4.548000e-03 2.702400e-01
203 7.244560e-01 4.592000e-03 2.709520e-01
204 7.237040e-01 4.564000e-03 2.717320e-01
205 7.229960e-01 4.540000e-03 2.724640e-01
206 7.222000e-01 4.624000e-03 2.731760e-01
207 7.215040e-01 4.596000e-03 2.739000e-01
208 7.207240e-01 4.620000e-03 2.746560e-01
209 7.198720e-01 4.644000e-03 2.754840e-01
210 7.192040e-01 4.548000e-03 2.762480e-01
211 7.183960e-01 4.520000e-03 2.770840e-01
212 7.175120e-01 4.544000e-03 2.779440e-01
213 7.167240e-01 4.588000e-03 2.786880e-01
214 7.159920e-01 4.568000e-03 2.794400e-01
215 7.152760e-01 4.436000e-03 2.802880e-01
216 7.146160e-01 4.296000e-03 2.810880e-01
217 7.139160e-01 4.268000e-03 2.818160e-01
218 7.132640e-01 4.228000e-03 2.825080e-01
219 7.126000e-01 4.092000e-03 2.833080e-01
220 7.117680e-01 4.228000e-03 2.840040e-01
221 7.110240e-01 4.220000e-03 2.847560e-01
222 7.103080e-01 4.176000e-03 2.855160e-01
223 7.095960e-01 4.276000e-03 2.861280e-01
224 7.089320e-01 4.160000e-03 2.869080e-01
225 7.081160e-01 4.180000e-03 2.877040e-01
226 7.075400e-01 4.040000e-03 2.884200e-01
227 7.069080e-01 3.896000e-03 2.891960e-01
228 7.063040e-01 3.904000e-03 2.897920e-01
229 7.057240e-01 3.728000e-03 2.905480e-01
230 7.051840e-01 3.728000e-03 2.910880e-01
231 7.046200e-01 3.676000e-03 2.917040e-01
232 7.039800e-01 3.604000e-03 2.924160e-01
233 7.034240e-01 3.544000e-03 2.930320e-01
234 7.028200e-01 3.580000e-03 2.936000e-01
235 7.022880e-01 3.496000e-03 2.942160e-01
236 7.018200e-01 3.464000e-03 2.947160e-01
237 7.013080e-01 3.396000e-03 2.952960e-01
238 7.008880e-01 3.220000e-03 2.958920e-01
239 7.004720e-01 3.076000e-03 2.964520e-01
240 7.000360e-01 2.948000e-03 2.970160e-01
241 6.996240e-01 2.904000e-03 2.974720e-01
242 6.991920e-01 2.836000e-03 2.979720e-01
243 6.987400e-01 2.684000e-03 2.985760e-01
244 6.983000e-01 2.644000e-03 2.990560e-01
245 6.978400e-01 2.672000e-03 2.994880e-01
246 6.974000e-01 2.576000e-03 3.000240e-01
247 6.969520e-01 2.576000e-03 3.004720e-01
248 6.965200e-01 2.576000e-03 3.009040e-01
249 6.959360e-01 2.692000e-03 3.013720e-01
250 6.955800e-01 2.596000e-03 3.018240e-01
251 6.951040e-01 2.672000e-03 3.022240e-01
252 6.945880e-01 2.728000e-03 3.026840e-01
253 6.941080e-01 2.740000e-03 3.031520e-01
254 6.937480e-01 2.676000e-03 3.035760e-01
255 6.933560e-01 2.604000e-03 3.040400e-01
256 6.928640e-01 2.632000e-03 3.045040e-01
257 6.923840e-01 2.592000e-03 3.050240e-01
258 6.918440e-01 2.732000e-03 3.054240e-01
259 6.913600e-01 2.728000e-03 3.059120e-01
260 6.909640e-01 2.624000e-03 3.064120e-01
261 6.904960e-01 2.552000e-03 3.069520e-01
262 6.901120e-01 2.440000e-03 3.074480e-01
263 6.897720e-01 2.376000e-03 3.078520e-01
264 6.893480e-01 2.384000e-03 3.082680e-01
265 6.889200e-01 2.396000e-03 3.086840e-01
266 6.885600e-01 2.352000e-03 3.090880e-01
267 6.881960e-01 2.260000e-03 3.095440e-01
268 6.878280e-01 2.200000e-03 3.099720e-01
269 6.873920e-01 2.220000e-03 3.103880e-01
270 6.870720e-01 2.164000e-03 3.107640e-01
271 6.866960e-01 2.120000e-03 3.111840e-01
272 6.862440e-01 2.204000e-03 3.115520e-01
273 6.858880e-01 2.176000e-03 3.119360e-01
274 6.855560e-01 2.144000e-03 3.123000e-01
275 6.851760e-01 2.212000e-03 3.126120e-01
276 6.848600e-01 2.152000e-03 3.129880e-01
277 6.845520e-01 2.104000e-03 3.133440e-01
278 6.841960e-01 2.112000e-03 3.136920e-01
279 6.839280e-01 2.004000e-03 3.140680e-01
280 6.835840e-01 2.076000e-03 3.143400e-01
281 6.831960e-01 2.056000e-03 3.147480e-01
282 6.828880e-01 2.012000e-03 3.151000e-01
283 6.825920e-01 1.968000e-03 3.154400e-01
284 6.822720e-01 1.940000e-03 3.157880e-01
285 6.820440e-01 1.840000e-03 3.161160e-01
286 6.817360e-01 1.832000e-03 3.164320e-01
287 6.814320e-01 1.828000e-03 3.167400e-01
288 6.811120e-01 1.808000e-03 3.170800e-01
289 6.808480e-01 1.760000e-03 3.173920e-01
290 6.805240e-01 1.800000e-03 3.176760e-01
291 6.801480e-01 1.828000e-03 3.180240e-01
292 6.798000e-01 1.856000e-03 3.183440e-01
293 6.794400e-01 1.912000e-03 3.186480e-01
294 6.791200e-01 1.868000e-03 3.190120e-01
295 6.787720e-01 1.908000e-03 3.193200e-01
296 6.784080e-01 1.960000e-03 3.196320e-01
297 6.780600e-01 1.960000e-03 3.199800e-01
298 6.777160e-01 1.912000e-03 3.203720e-01
299 6.774040e-01 1.876000e-03 3.207200e-01
300 6.770200e-01 1.944000e-03 3.210360e-01
301 6.767000e-01 1.924000e-03 3.213760e-01
302 6.764160e-01 1.924000e-03 3.216600e-01
303 6.760600e-01 1.932000e-03 3.220080e-01
304 6.756600e-01 1.948000e-03 3.223920e-01
305 6.753440e-01 1.876000e-03 3.227800e-01
306 6.750040e-01 1.868000e-03 3.231280e-01
307 6.746800e-01 1.880000e-03 3.234400e-01
308 6.743520e-01 1.884000e-03 3.237640e-01
309 6.740080e-01 1.956000e-03 3.240360e-01
310 6.736480e-01 1.984000e-03 3.243680e-01
311 6.733240e-01 1.936000e-03 3.247400e-01
312 6.730360e-01 1.896000e-03 3.250680e-01
313 6.726160e-01 2.000000e-03 3.253840e-01
314 6.722880e-01 1.992000e-03 3.257200e-01
315 6.718840e-01 2.000000e-03 3.261160e-01
316 6.716040e-01 1.940000e-03 3.264560e-01
317 6.713320e-01 1.844000e-03 3.268240e-01
318 6.710680e-01 1.824000e-03 3.271080e-01
319 6.708120e-01 1.800000e-03 3.273880e-01
320 6.705160e-01 1.796000e-03 3.276880e-01
321 6.702920e-01 1.688000e-03 3.280200e-01
322 6.700560e-01 1.648000e-03 3.282960e-01
323 6.698400e-01 1.556000e-03 3.286040e-01
324 6.695320e-01 1.556000e-03 3.289120e-01
325 6.693360e-01 1.500000e-03 3.291640e-01
326 6.691440e-01 1.432000e-03 3.294240e-01
327 6.688880e-01 1.424000e-03 3.296880e-01
328 6.686480e-01 1.456000e-03 3.298960e-01
329 6.684120e-01 1.452000e-03 3.301360e-01
330 6.682160e-01 1.392000e-03 3.303920e-01
331 6.679200e-01 1.428000e-03 3.306520e-01
332 6.676920e-01 1.424000e-03 3.308840e-01
333 6.674800e-01 1.380000e-03 3.311400e-01
334 6.672600e-01 1.376000e-03 3.313640e-01
335 6.669680e-01 1.432000e-03 3.316000e-01
336 6.667080e-01 1.384000e-03 3.319080e-01
337 6.664360e-01 1.376000e-03 3.321880e-01
338 6.661640e-01 1.388000e-03 3.324480e-01
339 6.659320e-01 1.340000e-03 3.327280e-01
340 6.656200e-01 1.412000e-03 3.329680e-01
341 6.653960e-01 1.404000e-03 3.332000e-01
342 6.651480e-01 1.392000e-03 3.334600e-01
343 6.649160e-01 1.404000e-03 3.336800e-01
344 6.646360e-01 1.456000e-03 3.339080e-01
345 6.643880e-01 1.476000e-03 3.341360e-01
346 6.641520e-01 1.472000e-03 3.343760e-01
347 6.639280e-01 1.416000e-03 3.346560e-01
348 6.636120e-01 1.452000e-03 3.349360e-01
349 6.634200e-01 1.348000e-03 3.352320e-01
350 6.631800e-01 1.352000e-03 3.354680e-01
351 6.630120e-01 1.376000e-03 3.356120e-01
352 6.627720e-01 1.364000e-03 3.358640e-01
353 6.625720e-01 1.284000e-03 3.361440e-01
354 6.623320e-01 1.264000e-03 3.364040e-01
355 6.621160e-01 1.216000e-03 3.366680e-01
356 6.618920e-01 1.252000e-03 3.368560e-01
357 6.617200e-01 1.216000e-03 3.370640e-01
358 6.615280e-01 1.240000e-03 3.372320e-01
359 6.612800e-01 1.280000e-03 3.374400e-01
360 6.610360e-01 1.272000e-03 3.376920e-01
361 6.607960e-01 1.292000e-03 3.379120e-01
362 6.605600e-01 1.296000e-03 3.381440e-01
363 6.603400e-01 1.240000e-03 3.384200e-01
364 6.601120e-01 1.232000e-03 3.386560e-01
365 6.599440e-01 1.160000e-03 3.388960e-01
366 6.597680e-01 1.136000e-03 3.390960e-01
367 6.595200e-01 1.160000e-03 3.393200e-01
368 6.593280e-01 1.112000e-03 3.395600e-01
369 6.591240e-01 1.108000e-03 3.397680e-01
370 6.588320e-01 1.220000e-03 3.399480e-01
371 6.586240e-01 1.212000e-03 3.401640e-01
372 6.584000e-01 1.244000e-03 3.403560e-01
373 6.581720e-01 1.232000e-03 3.405960e-01
374 6.579760e-01 1.196000e-03 3.408280e-01
375 6.577920e-01 1.116000e-03 3.410920e-01
376 6.575320e-01 1.172000e-03 3.412960e-01
377 6.573000e-01 1.188000e-03 3.415120e-01
378 6.571040e-01 1.184000e-03 3.417120e-01
379 6.568960e-01 1.208000e-03 3.418960e-01
380 6.566640e-01 1.228000e-03 3.421080e-01
381 6.564240e-01 1.300000e-03 3.422760e-01
382 6.561920e-01 1.260000e-03 3.425480e-01
383 6.559360e-01 1.308000e-03 3.427560e-01
384 6.556680e-01 1.328000e-03 3.430040e-01
385 6.554640e-01 1.304000e-03 3.432320e-01
386 6.552920e-01 1.256000e-03 3.434520e-01
387 6.550560e-01 1.336000e-03 3.436080e-01
388 6.547680e-01 1.424000e-03 3.438080e-01
389 6.545640e-01 1.440000e-03 3.439960e-01
390 6.543320e-01 1.448000e-03 3.442200e-01
391 6.540360e-01 1.492000e-03 3.444720e-01
392 6.538000e-01 1.512000e-03 3.446880e-01
393 6.535440e-01 1.528000e-03 3.449280e-01
394 6.533160e-01 1.448000e-03 3.452360e-01
395 6.531160e-01 1.384000e-03 3.455000e-01
396 6.528920e-01 1.344000e-03 3.457640e-01
397 6.526840e-01 1.272000e-03 3.460440e-01
398 6.525520e-01 1.192000e-03 3.462560e-01
399 6.523400e-01 1.248000e-03 3.464120e-01
400 6.521880e-01 1.156000e-03 3.466560e-01
401 6.520160e-01 1.104000e-03 3.468800e-01
402 6.518400e-01 1.068000e-03 3.470920e-01
403 6.515760e-01 1.076000e-03 3.473480e-01
404 6.513840e-01 1.072000e-03 3.475440e-01
405 6.511960e-01 1.048000e-03 3.477560e-01
406 6.509840e-01 1.104000e-03 3.479120e-01
407 6.507520e-01 1.144000e-03 3.481040e-01
408 6.505120e-01 1.216000e-03 3.482720e-01
409 6.502640e-01 1.224000e-03 3.485120e-01
410 6.500200e-01 1.244000e-03 3.487360e-01
411 6.497480e-01 1.288000e-03 3.489640e-01
412 6.495040e-01 1.316000e-03 3.491800e-01
413 6.492840e-01 1.292000e-03 3.494240e-01
414 6.491120e-01 1.196000e-03 3.496920e-01
415 6.488440e-01 1.248000e-03 3.499080e-01
416 6.486840e-01 1.220000e-03 3.500960e-01
417 6.484920e-01 1.168000e-03 3.503400e-01
418 6.483600e-01 1.084000e-03 3.505560e-01
419 6.481760e-01 1.048000e-03 3.507760e-01
420 6.480320e-01 1.048000e-03 3.509200e-01
421 6.478080e-01 1.064000e-03 3.511280e-01
422 6.476840e-01 1.012000e-03 3.513040e-01
423 6.475200e-01 1.008000e-03 3.514720e-01
424 6.472920e-01 1.064000e-03 3.516440e-01
425 6.471160e-01 1.040000e-03 3.518440e-01
426 6.469640e-01 1.004000e-03 3.520320e-01
427 6.467680e-01 1.000000e-03 3.522320e-01
428 6.465920e-01 9.640000e-04 3.524440e-01
429 6.464320e-01 9.400000e-04 3.526280e-01
430 6.462560e-01 9.760000e-04 3.527680e-01
431 6.461200e-01 9.600000e-04 3.529200e-01
432 6.459400e-01 9.320000e-04 3.531280e-01
433 6.457040e-01 1.008000e-03 3.532880e-01
434 6.454760e-01 1.072000e-03 3.534520e-01
435 6.453120e-01 1.064000e-03 3.536240e-01
436 6.450680e-01 1.140000e-03 3.537920e-01
437 6.448480e-01 1.104000e-03 3.540480e-01
438 6.446640e-01 1.112000e-03 3.542240e-01
439 6.444080e-01 1.080000e-03 3.545120e-01
440 6.442120e-01 1.088000e-03 3.547000e-01
441 6.440680e-01 1.024000e-03 3.549080e-01
442 6.439400e-01 9.880000e-04 3.550720e-01
443 6.437720e-01 9.960000e-04 3.552320e-01
444 6.435440e-01 1.104000e-03 3.553520e-01
445 6.433320e-01 1.144000e-03 3.555240e-01
446 6.431720e-01 1.080000e-03 3.557480e-01
447 6.429440e-01 1.160000e-03 3.558960e-01
448 6.427560e-01 1.164000e-03 3.560800e-01
449 6.425560e-01 1.188000e-03 3.562560e-01
450 6.424000e-01 1.104000e-03 3.564960e-01
451 6.421760e-01 1.100000e-03 3.567240e-01
452 6.420520e-01 1.036000e-03 3.569120e-01
453 6.419360e-01 9.240000e-04 3.571400e-01
454 6.418000e-01 8.760000e-04 3.573240e-01
455 6.416640e-01 8.600000e-04 3.574760e-01
456 6.415200e-01 8.920000e-04 3.575880e-01
457 6.414120e-01 8.000000e-04 3.577880e-01
458 6.413120e-01 7.200000e-04 3.579680e-01
459 6.412360e-01 6.240000e-04 3.581400e-01
460 6.411600e-01 5.800000e-04 3.582600e-01
461 6.411160e-01 5.520000e-04 3.583320e-01
462 6.410440e-01 5.280000e-04 3.584280e-01
463 6.409800e-01 4.800000e-04 3.585400e-01
464 6.408880e-01 5.120000e-04 3.586000e-01
465 6.408040e-01 5.080000e-04 3.586880e-01
466 6.406880e-01 5.160000e-04 3.587960e-01
467 6.405760e-01 5.480000e-04 3.588760e-01
468 6.405200e-01 5.200000e-04 3.589600e-01
469 6.404760e-01 4.960000e-04 3.590280e-01
470 6.403920e-01 4.800000e-04 3.591280e-01
471 6.403360e-01 4.680000e-04 3.591960e-01
472 6.402600e-01 4.600000e-04 3.592800e-01
473 6.402040e-01 4.360000e-04 3.593600e-01
474 6.401400e-01 3.920000e-04 3.594680e-01
475 6.400560e-01 4.120000e-04 3.595320e-01
476 6.399720e-01 4.280000e-04 3.596000e-01
477 6.398800e-01 4.440000e-04 3.596760e-01
478 6.397800e-01 4.720000e-04 3.597480e-01
479 6.397200e-01 4.280000e-04 3.598520e-01
480 6.396440e-01 4.320000e-04 3.599240e-01
481 6.395760e-01 4.000000e-04 3.600240e-01
482 6.395280e-01 3.880000e-04 3.600840e-01
483 6.394880e-01 3.440000e-04 3.601680e-01
484 6.394360e-01 3.240000e-04 3.602400e-01
485 6.393400e-01 3.600000e-04 3.603000e-01
486 6.392600e-01 3.760000e-04 3.603640e-01
487 6.391440e-01 4.240000e-04 3.604320e-01
488 6.390240e-01 4.680000e-04 3.605080e-01
489 6.389320e-01 4.560000e-04 3.606120e-01
490 6.388400e-01 4.680000e-04 3.606920e-01
491 6.387280e-01 5.000000e-04 3.607720e-01
492 6.386200e-01 4.920000e-04 3.608880e-01
493 6.385280e-01 4.800000e-04 3.609920e-01
494 6.384680e-01 4.560000e-04 3.610760e-01
495 6.384120e-01 4.360000e-04 3.611520e-01
496 6.383360e-01 4.360000e-04 3.612280e-01
497 6.382720e-01 4.280000e-04 3.613000e-01
498 6.382080e-01 4.680000e-04 3.613240e-01
499 6.381680e-01 4.240000e-04 3.614080e-01
500 6.380960e-01 4.360000e-04 3.614680e-01
