1 9.992960e-01 6.320000e-04 7.200000e-05
2 9.987600e-01 1.016000e-03 2.240000e-04
3 9.982320e-01 1.276000e-03 4.920000e-04
4 9.976280e-01 1.576000e-03 7.960000e-04
5 9.969560e-01 2.004000e-03 1.040000e-03
6 9.962960e-01 2.296000e-03 1.408000e-03
7 9.955400e-01 2.548000e-03 1.912000e-03
8 9.946560e-01 2.936000e-03 2.408000e-03
9 9.937320e-01 3.340000e-03 2.928000e-03
10 9.928280e-01 3.768000e-03 3.404000e-03
11 9.917800e-01 4.120000e-03 4.100000e-03
12 9.907520e-01 4.424000e-03 4.824000e-03
13 9.897000e-01 4.636000e-03 5.664000e-03
14 9.885800e-01 4.924000e-03 6.496000e-03
15 9.875880e-01 5.064000e-03 7.348000e-03
16 9.866320e-01 5.076000e-03 8.292000e-03
17 9.856840e-01 5.104000e-03 9.212000e-03
18 9.847000e-01 5.200000e-03 1.010000e-02
19 9.837360e-01 5.312000e-03 1.095200e-02
20 9.825760e-01 5.536000e-03 1.188800e-02
21 9.813840e-01 5.548000e-03 1.306800e-02
22 9.801240e-01 5.852000e-03 1.402400e-02
23 9.789560e-01 6.024000e-03 1.502000e-02
24 9.777800e-01 6.028000e-03 1.619200e-02
25 9.765880e-01 6.212000e-03 1.720000e-02
26 9.754520e-01 6.316000e-03 1.823200e-02
27 9.743160e-01 6.412000e-03 1.927200e-02
28 9.730920e-01 6.512000e-03 2.039600e-02
29 9.718880e-01 6.596000e-03 2.151600e-02
30 9.704240e-01 6.840000e-03 2.273600e-02
31 9.691320e-01 6.912000e-03 2.395600e-02
32 9.679360e-01 6.908000e-03 2.515600e-02
33 9.667640e-01 6.832000e-03 2.640400e-02
34 9.654480e-01 6.880000e-03 2.767200e-02
35 9.641680e-01 6.988000e-03 2.884400e-02
36 9.627120e-01 7.188000e-03 3.010000e-02
37 9.612680e-01 7.384000e-03 3.134800e-02
38 9.598680e-01 7.556000e-03 3.257600e-02
39 9.586520e-01 7.516000e-03 3.383200e-02
40 9.572480e-01 7.516000e-03 3.523600e-02
41 9.557200e-01 7.764000e-03 3.651600e-02
42 9.542520e-01 7.864000e-03 3.788400e-02
43 9.526560e-01 8.004000e-03 3.934000e-02
44 9.511200e-01 8.296000e-03 4.058400e-02
45 9.495440e-01 8.232000e-03 4.222400e-02
46 9.480280e-01 8.352000e-03 4.362000e-02
47 9.464640e-01 8.244000e-03 4.529200e-02
48 9.449640e-01 8.356000e-03 4.668000e-02
49 9.433240e-01 8.368000e-03 4.830800e-02
50 9.417560e-01 8.476000e-03 4.976800e-02
51 9.402920e-01 8.448000e-03 5.126000e-02
52 9.388200e-01 8.460000e-03 5.272000e-02
53 9.374400e-01 8.452000e-03 5.410800e-02
54 9.361640e-01 8.240000e-03 5.559600e-02
55 9.347920e-01 8.160000e-03 5.704800e-02
56 9.333960e-01 8.092000e-03 5.851200e-02
57 9.321160e-01 7.884000e-03 6.000000e-02
58 9.306880e-01 7.916000e-03 6.139600e-02
59 9.293280e-01 7.812000e-03 6.286000e-02
60 9.279480e-01 7.752000e-03 6.430000e-02
61 9.263920e-01 7.920000e-03 6.568800e-02
62 9.247760e-01 8.116000e-03 6.710800e-02
63 9.230960e-01 8.412000e-03 6.849200e-02
64 9.216480e-01 8.316000e-03 7.003600e-02
65 9.200640e-01 8.356000e-03 7.158000e-02
66 9.185880e-01 8.200000e-03 7.321200e-02
67 9.168760e-01 8.456000e-03 7.466800e-02
68 9.153280e-01 8.628000e-03 7.604400e-02
69 9.137520e-01 8.620000e-03 7.762800e-02
70 9.119240e-01 9.004000e-03 7.907200e-02
71 9.104720e-01 8.860000e-03 8.066800e-02
72 9.087560e-01 8.908000e-03 8.233600e-02
73 9.071880e-01 9.004000e-03 8.380800e-02
74 9.056560e-01 8.900000e-03 8.544400e-02
75 9.040160e-01 8.924000e-03 8.706000e-02
76 9.024000e-01 9.040000e-03 8.856000e-02
77 9.008200e-01 9.076000e-03 9.010400e-02
78 8.991880e-01 8.984000e-03 9.182800e-02
79 8.976560e-01 8.960000e-03 9.338400e-02
80 8.961160e-01 8.924000e-03 9.496000e-02
81 8.945000e-01 8.976000e-03 9.652400e-02
82 8.928680e-01 9.124000e-03 9.800800e-02
83 8.914160e-01 8.996000e-03 9.958800e-02
84 8.899120e-01 8.960000e-03 1.011280e-01
85 8.882920e-01 9.048000e-03 1.026600e-01
86 8.868080e-01 8.976000e-03 1.042160e-01
87 8.852400e-01 8.932000e-03 1.058280e-01
88 8.836440e-01 8.920000e-03 1.074360e-01
89 8.822320e-01 8.696000e-03 1.090720e-01
90 8.809440e-01 8.492000e-03 1.105640e-01
91 8.796680e-01 8.336000e-03 1.119960e-01
92 8.784040e-01 8.056000e-03 1.135400e-01
93 8.771720e-01 7.880000e-03 1.149480e-01
94 8.758320e-01 7.848000e-03 1.163200e-01
95 8.745880e-01 7.768000e-03 1.176440e-01
96 8.734640e-01 7.500000e-03 1.190360e-01
97 8.721840e-01 7.560000e-03 1.202560e-01
98 8.707720e-01 7.764000e-03 1.214640e-01
99 8.694960e-01 7.680000e-03 1.228240e-01
100 8.681200e-01 7.760000e-03 1.241200e-01
101 8.668240e-01 7.744000e-03 1.254320e-01
102 8.654480e-01 7.748000e-03 1.268040e-01
103 8.640080e-01 7.784000e-03 1.282080e-01
104 8.626840e-01 7.788000e-03 1.295280e-01
105 8.613280e-01 7.856000e-03 1.308160e-01
106 8.599680e-01 7.748000e-03 1.322840e-01
107 8.585960e-01 7.728000e-03 1.336760e-01
108 8.572760e-01 7.560000e-03 1.351640e-01
109 8.561360e-01 7.404000e-03 1.364600e-01
110 8.548120e-01 7.476000e-03 1.377120e-01
111 8.535280e-01 7.544000e-03 1.389280e-01
112 8.523080e-01 7.432000e-03 1.402600e-01
113 8.511840e-01 7.272000e-03 1.415440e-01
114 8.499000e-01 7.212000e-03 1.428880e-01
115 8.487080e-01 7.240000e-03 1.440520e-01
116 8.476000e-01 7.120000e-03 1.452800e-01
117 8.466120e-01 6.988000e-03 1.464000e-01
118 8.453480e-01 7.068000e-03 1.475840e-01
119 8.442480e-01 6.968000e-03 1.487840e-01
120 8.430720e-01 6.912000e-03 1.500160e-01
121 8.419520e-01 6.836000e-03 1.512120e-01
122 8.408880e-01 6.632000e-03 1.524800e-01
123 8.398720e-01 6.528000e-03 1.536000e-01
124 8.388240e-01 6.456000e-03 1.547200e-01
125 8.376800e-01 6.404000e-03 1.559160e-01
126 8.367200e-01 6.360000e-03 1.569200e-01
127 8.355760e-01 6.304000e-03 1.581200e-01
128 8.344760e-01 6.276000e-03 1.592480e-01
129 8.334040e-01 6.236000e-03 1.603600e-01
130 8.322440e-01 6.324000e-03 1.614320e-01
131 8.311360e-01 6.396000e-03 1.624680e-01
132 8.301000e-01 6.336000e-03 1.635640e-01
133 8.292560e-01 6.064000e-03 1.646800e-01
134 8.283160e-01 5.988000e-03 1.656960e-01
135 8.271960e-01 5.972000e-03 1.668320e-01
136 8.263840e-01 5.716000e-03 1.679000e-01
137 8.254640e-01 5.712000e-03 1.688240e-01
138 8.245640e-01 5.596000e-03 1.698400e-01
139 8.236960e-01 5.532000e-03 1.707720e-01
140 8.226520e-01 5.572000e-03 1.717760e-01
141 8.218160e-01 5.392000e-03 1.727920e-01
142 8.209200e-01 5.212000e-03 1.738680e-01
143 8.201000e-01 5.056000e-03 1.748440e-01
144 8.192840e-01 4.980000e-03 1.757360e-01
145 8.185000e-01 4.868000e-03 1.766320e-01
146 8.176440e-01 4.868000e-03 1.774880e-01
147 8.167400e-01 4.920000e-03 1.783400e-01
148 8.157880e-01 4.952000e-03 1.792600e-01
149 8.149440e-01 4.916000e-03 1.801400e-01
150 8.140480e-01 4.884000e-03 1.810680e-01
151 8.131280e-01 4.932000e-03 1.819400e-01
152 8.122200e-01 4.952000e-03 1.828280e-01
153 8.112200e-01 5.112000e-03 1.836680e-01
154 8.103200e-01 5.104000e-03 1.845760e-01
155 8.094920e-01 5.072000e-03 1.854360e-01
156 8.086000e-01 4.956000e-03 1.864440e-01
157 8.077720e-01 4.924000e-03 1.873040e-01
158 8.069720e-01 4.876000e-03 1.881520e-01
159 8.061240e-01 4.960000e-03 1.889160e-01
160 8.053000e-01 4.936000e-03 1.897640e-01
161 8.044280e-01 4.984000e-03 1.905880e-01
162 8.035680e-01 4.972000e-03 1.914600e-01
163 8.026920e-01 4.948000e-03 1.923600e-01
164 8.019720e-01 4.792000e-03 1.932360e-01
165 8.011480e-01 4.776000e-03 1.940760e-01
166 8.003800e-01 4.760000e-03 1.948600e-01
167 7.998000e-01 4.560000e-03 1.956400e-01
168 7.990520e-01 4.472000e-03 1.964760e-01
169 7.982800e-01 4.420000e-03 1.973000e-01
170 7.974720e-01 4.452000e-03 1.980760e-01
171 7.967640e-01 4.376000e-03 1.988600e-01
172 7.959920e-01 4.360000e-03 1.996480e-01
173 7.952720e-01 4.360000e-03 2.003680e-01
174 7.944480e-01 4.404000e-03 2.011480e-01
175 7.937600e-01 4.324000e-03 2.019160e-01
176 7.930760e-01 4.240000e-03 2.026840e-01
177 7.922920e-01 4.292000e-03 2.034160e-01
178 7.916200e-01 4.252000e-03 2.041280e-01
179 7.909400e-01 4.176000e-03 2.048840e-01
180 7.901880e-01 4.160000e-03 2.056520e-01
181 7.895040e-01 4.096000e-03 2.064000e-01
182 7.887760e-01 4.016000e-03 2.072080e-01
183 7.881480e-01 3.904000e-03 2.079480e-01
184 7.875160e-01 3.916000e-03 2.085680e-01
185 7.867880e-01 4.060000e-03 2.091520e-01
186 7.860800e-01 3.992000e-03 2.099280e-01
187 7.853320e-01 4.040000e-03 2.106280e-01
188 7.846160e-01 4.044000e-03 2.113400e-01
189 7.838680e-01 4.136000e-03 2.119960e-01
190 7.831760e-01 4.140000e-03 2.126840e-01
191 7.824680e-01 4.144000e-03 2.133880e-01
192 7.818200e-01 4.012000e-03 2.141680e-01
193 7.811600e-01 3.992000e-03 2.148480e-01
194 7.805520e-01 3.920000e-03 2.155280e-01
195 7.798440e-01 3.944000e-03 2.162120e-01
196 7.792040e-01 3.912000e-03 2.168840e-01
197 7.786400e-01 3.728000e-03 2.176320e-01
198 7.780720e-01 3.684000e-03 2.182440e-01
199 7.774560e-01 3.616000e-03 2.189280e-01
200 7.767800e-01 3.640000e-03 2.195800e-01
201 7.762200e-01 3.552000e-03 2.202280e-01
202 7.756560e-01 3.468000e-03 2.208760e-01
203 7.751320e-01 3.392000e-03 2.214760e-01
204 7.746680e-01 3.276000e-03 2.220560e-01
205 7.741760e-01 3.240000e-03 2.225840e-01
206 7.736600e-01 3.208000e-03 2.231320e-01
207 7.732080e-01 3.084000e-03 2.237080e-01
208 7.727280e-01 3.104000e-03 2.241680e-01
209 7.722560e-01 3.048000e-03 2.246960e-01
210 7.719040e-01 2.948000e-03 2.251480e-01
211 7.714720e-01 2.828000e-03 2.257000e-01
212 7.710560e-01 2.764000e-03 2.261800e-01
213 7.706080e-01 2.740000e-03 2.266520e-01
214 7.700960e-01 2.764000e-03 2.271400e-01
215 7.696520e-01 2.720000e-03 2.276280e-01
216 7.691560e-01 2.692000e-03 2.281520e-01
217 7.687160e-01 2.652000e-03 2.286320e-01
218 7.682240e-01 2.728000e-03 2.290480e-01
219 7.676720e-01 2.788000e-03 2.295400e-01
220 7.671800e-01 2.744000e-03 2.300760e-01
221 7.665360e-01 2.916000e-03 2.305480e-01
222 7.660120e-01 2.900000e-03 2.310880e-01
223 7.654880e-01 2.892000e-03 2.316200e-01
224 7.649040e-01 3.048000e-03 2.320480e-01
225 7.644040e-01 3.080000e-03 2.325160e-01
226 7.638320e-01 3.096000e-03 2.330720e-01
227 7.633280e-01 3.056000e-03 2.336160e-01
228 7.628360e-01 3.056000e-03 2.341080e-01
229 7.621720e-01 3.124000e-03 2.347040e-01
230 7.616920e-01 3.028000e-03 2.352800e-01
231 7.612120e-01 3.028000e-03 2.357600e-01
232 7.606760e-01 3.136000e-03 2.361880e-01
233 7.600520e-01 3.156000e-03 2.367920e-01
234 7.596120e-01 3.056000e-03 2.373320e-01
235 7.591600e-01 3.004000e-03 2.378360e-01
236 7.586720e-01 2.960000e-03 2.383680e-01
237 7.582320e-01 2.856000e-03 2.389120e-01
238 7.577640e-01 2.764000e-03 2.394720e-01
239 7.572320e-01 2.864000e-03 2.399040e-01
240 7.567240e-01 2.880000e-03 2.403960e-01
241 7.561680e-01 2.944000e-03 2.408880e-01
242 7.556320e-01 2.960000e-03 2.414080e-01
243 7.550480e-01 3.012000e-03 2.419400e-01
244 7.544440e-01 3.060000e-03 2.424960e-01
245 7.539040e-01 3.004000e-03 2.430920e-01
246 7.533040e-01 3.080000e-03 2.436160e-01
247 7.526560e-01 3.140000e-03 2.442040e-01
248 7.520120e-01 3.216000e-03 2.447720e-01
249 7.514000e-01 3.264000e-03 2.453360e-01
250 7.507960e-01 3.292000e-03 2.459120e-01
251 7.503040e-01 3.196000e-03 2.465000e-01
252 7.497800e-01 3.128000e-03 2.470920e-01
253 7.492040e-01 3.112000e-03 2.476840e-01
254 7.485280e-01 3.240000e-03 2.482320e-01
255 7.480440e-01 3.108000e-03 2.488480e-01
256 7.474960e-01 3.124000e-03 2.493800e-01
257 7.469120e-01 3.092000e-03 2.499960e-01
258 7.463880e-01 3.052000e-03 2.505600e-01
259 7.459240e-01 3.040000e-03 2.510360e-01
260 7.455000e-01 2.920000e-03 2.515800e-01
261 7.449240e-01 2.984000e-03 2.520920e-01
262 7.443200e-01 3.076000e-03 2.526040e-01
263 7.438040e-01 3.060000e-03 2.531360e-01
264 7.433200e-01 2.924000e-03 2.537560e-01
265 7.428520e-01 2.816000e-03 2.543320e-01
266 7.424440e-01 2.800000e-03 2.547560e-01
267 7.419080e-01 2.824000e-03 2.552680e-01
268 7.414200e-01 2.804000e-03 2.557760e-01
269 7.409640e-01 2.796000e-03 2.562400e-01
270 7.405320e-01 2.660000e-03 2.568080e-01
271 7.399880e-01 2.772000e-03 2.572400e-01
272 7.395680e-01 2.800000e-03 2.576320e-01
273 7.390360e-01 2.836000e-03 2.581280e-01
274 7.385640e-01 2.864000e-03 2.585720e-01
275 7.381200e-01 2.748000e-03 2.591320e-01
276 7.377400e-01 2.692000e-03 2.595680e-01
277 7.372960e-01 2.728000e-03 2.599760e-01
278 7.368040e-01 2.772000e-03 2.604240e-01
279 7.363800e-01 2.684000e-03 2.609360e-01
280 7.358960e-01 2.672000e-03 2.614320e-01
281 7.354320e-01 2.660000e-03 2.619080e-01
282 7.349240e-01 2.708000e-03 2.623680e-01
283 7.343680e-01 2.784000e-03 2.628480e-01
284 7.339440e-01 2.804000e-03 2.632520e-01
285 7.335200e-01 2.700000e-03 2.637800e-01
286 7.329760e-01 2.780000e-03 2.642440e-01
287 7.324960e-01 2.736000e-03 2.647680e-01
288 7.320800e-01 2.696000e-03 2.652240e-01
289 7.316640e-01 2.680000e-03 2.656560e-01
290 7.312080e-01 2.596000e-03 2.661960e-01
291 7.308200e-01 2.540000e-03 2.666400e-01
292 7.303960e-01 2.536000e-03 2.670680e-01
293 7.299520e-01 2.576000e-03 2.674720e-01
294 7.295440e-01 2.524000e-03 2.679320e-01
295 7.290880e-01 2.532000e-03 2.683800e-01
296 7.286840e-01 2.548000e-03 2.687680e-01
297 7.281680e-01 2.672000e-03 2.691600e-01
298 7.276440e-01 2.692000e-03 2.696640e-01
299 7.271040e-01 2.732000e-03 2.701640e-01
300 7.266560e-01 2.680000e-03 2.706640e-01
301 7.262120e-01 2.652000e-03 2.711360e-01
302 7.257840e-01 2.628000e-03 2.715880e-01
303 7.253600e-01 2.520000e-03 2.721200e-01
304 7.248800e-01 2.604000e-03 2.725160e-01
305 7.243360e-01 2.712000e-03 2.729520e-01
306 7.237720e-01 2.764000e-03 2.734640e-01
307 7.232600e-01 2.792000e-03 2.739480e-01
308 7.227880e-01 2.740000e-03 2.744720e-01
309 7.222240e-01 2.760000e-03 2.750160e-01
310 7.217280e-01 2.784000e-03 2.754880e-01
311 7.211800e-01 2.876000e-03 2.759440e-01
312 7.207280e-01 2.844000e-03 2.764280e-01
313 7.202200e-01 2.808000e-03 2.769720e-01
314 7.196320e-01 2.948000e-03 2.774200e-01
315 7.190720e-01 2.988000e-03 2.779400e-01
316 7.185200e-01 3.048000e-03 2.784320e-01
317 7.179160e-01 3.052000e-03 2.790320e-01
318 7.172920e-01 3.116000e-03 2.795920e-01
319 7.167840e-01 3.140000e-03 2.800760e-01
320 7.162920e-01 3.036000e-03 2.806720e-01
321 7.157920e-01 2.924000e-03 2.812840e-01
322 7.152760e-01 2.956000e-03 2.817680e-01
323 7.148120e-01 2.920000e-03 2.822680e-01
324 7.142720e-01 2.920000e-03 2.828080e-01
325 7.138000e-01 2.824000e-03 2.833760e-01
326 7.134080e-01 2.792000e-03 2.838000e-01
327 7.129600e-01 2.792000e-03 2.842480e-01
328 7.125240e-01 2.768000e-03 2.847080e-01
329 7.120160e-01 2.740000e-03 2.852440e-01
330 7.115800e-01 2.616000e-03 2.858040e-01
331 7.111480e-01 2.608000e-03 2.862440e-01
332 7.106800e-01 2.668000e-03 2.866520e-01
333 7.101760e-01 2.780000e-03 2.870440e-01
334 7.096640e-01 2.872000e-03 2.874640e-01
335 7.092440e-01 2.824000e-03 2.879320e-01
336 7.087400e-01 2.796000e-03 2.884640e-01
337 7.083720e-01 2.728000e-03 2.889000e-01
338 7.080600e-01 2.636000e-03 2.893040e-01
339 7.076600e-01 2.616000e-03 2.897240e-01
340 7.072440e-01 2.576000e-03 2.901800e-01
341 7.068920e-01 2.456000e-03 2.906520e-01
342 7.065480e-01 2.420000e-03 2.910320e-01
343 7.061880e-01 2.348000e-03 2.914640e-01
344 7.058160e-01 2.340000e-03 2.918440e-01
345 7.054640e-01 2.296000e-03 2.922400e-01
346 7.051440e-01 2.120000e-03 2.927360e-01
347 7.047440e-01 2.220000e-03 2.930360e-01
348 7.043080e-01 2.264000e-03 2.934280e-01
349 7.039200e-01 2.272000e-03 2.938080e-01
350 7.035800e-01 2.204000e-03 2.942160e-01
351 7.032120e-01 2.136000e-03 2.946520e-01
352 7.028240e-01 2.112000e-03 2.950640e-01
353 7.024680e-01 2.108000e-03 2.954240e-01
354 7.021480e-01 2.028000e-03 2.958240e-01
355 7.018600e-01 1.940000e-03 2.962000e-01
356 7.015920e-01 1.844000e-03 2.965640e-01
357 7.013760e-01 1.732000e-03 2.968920e-01
358 7.011520e-01 1.640000e-03 2.972080e-01
359 7.008360e-01 1.664000e-03 2.975000e-01
360 7.004560e-01 1.732000e-03 2.978120e-01
361 7.000920e-01 1.828000e-03 2.980800e-01
362 6.997800e-01 1.800000e-03 2.984200e-01
363 6.994880e-01 1.772000e-03 2.987400e-01
364 6.991800e-01 1.796000e-03 2.990240e-01
365 6.988480e-01 1.768000e-03 2.993840e-01
366 6.985400e-01 1.804000e-03 2.996560e-01
367 6.981720e-01 1.876000e-03 2.999520e-01
368 6.977840e-01 1.952000e-03 3.002640e-01
369 6.974200e-01 1.912000e-03 3.006680e-01
370 6.970280e-01 1.952000e-03 3.010200e-01
371 6.966720e-01 1.932000e-03 3.013960e-01
372 6.963320e-01 1.948000e-03 3.017200e-01
373 6.960040e-01 1.928000e-03 3.020680e-01
374 6.956920e-01 1.920000e-03 3.023880e-01
375 6.953920e-01 1.944000e-03 3.026640e-01
376 6.949960e-01 2.000000e-03 3.030040e-01
377 6.946640e-01 1.980000e-03 3.033560e-01
378 6.942720e-01 2.036000e-03 3.036920e-01
379 6.939040e-01 1.980000e-03 3.041160e-01
380 6.935200e-01 1.996000e-03 3.044840e-01
381 6.931440e-01 2.036000e-03 3.048200e-01
382 6.928360e-01 1.980000e-03 3.051840e-01
383 6.924320e-01 1.988000e-03 3.055800e-01
384 6.920120e-01 2.076000e-03 3.059120e-01
385 6.916240e-01 2.120000e-03 3.062560e-01
386 6.912240e-01 2.188000e-03 3.065880e-01
387 6.909120e-01 2.136000e-03 3.069520e-01
388 6.905320e-01 2.084000e-03 3.073840e-01
389 6.901960e-01 2.088000e-03 3.077160e-01
390 6.898120e-01 2.068000e-03 3.081200e-01
391 6.894120e-01 2.152000e-03 3.084360e-01
392 6.890720e-01 2.144000e-03 3.087840e-01
393 6.887160e-01 2.168000e-03 3.091160e-01
394 6.883240e-01 2.184000e-03 3.094920e-01
395 6.879200e-01 2.288000e-03 3.097920e-01
396 6.875200e-01 2.260000e-03 3.102200e-01
397 6.871760e-01 2.156000e-03 3.106680e-01
398 6.868000e-01 2.168000e-03 3.110320e-01
399 6.864840e-01 2.108000e-03 3.114080e-01
400 6.861520e-01 2.088000e-03 3.117600e-01
401 6.858040e-01 1.980000e-03 3.122160e-01
402 6.854920e-01 1.956000e-03 3.125520e-01
403 6.851720e-01 1.944000e-03 3.128840e-01
404 6.848840e-01 1.912000e-03 3.132040e-01
405 6.846160e-01 1.840000e-03 3.135440e-01
406 6.843480e-01 1.800000e-03 3.138520e-01
407 6.841120e-01 1.720000e-03 3.141680e-01
408 6.838080e-01 1.716000e-03 3.144760e-01
409 6.834880e-01 1.644000e-03 3.148680e-01
410 6.832560e-01 1.640000e-03 3.151040e-01
411 6.829800e-01 1.600000e-03 3.154200e-01
412 6.826880e-01 1.588000e-03 3.157240e-01
413 6.824000e-01 1.556000e-03 3.160440e-01
414 6.821200e-01 1.552000e-03 3.163280e-01
415 6.817960e-01 1.620000e-03 3.165840e-01
416 6.814440e-01 1.688000e-03 3.168680e-01
417 6.811280e-01 1.736000e-03 3.171360e-01
418 6.808120e-01 1.792000e-03 3.173960e-01
419 6.804720e-01 1.820000e-03 3.177080e-01
420 6.801960e-01 1.756000e-03 3.180480e-01
421 6.798760e-01 1.800000e-03 3.183240e-01
422 6.795240e-01 1.824000e-03 3.186520e-01
423 6.792320e-01 1.788000e-03 3.189800e-01
424 6.789000e-01 1.820000e-03 3.192800e-01
425 6.785920e-01 1.816000e-03 3.195920e-01
426 6.782760e-01 1.768000e-03 3.199560e-01
427 6.779920e-01 1.748000e-03 3.202600e-01
428 6.777800e-01 1.688000e-03 3.205320e-01
429 6.775240e-01 1.652000e-03 3.208240e-01
430 6.772120e-01 1.680000e-03 3.211080e-01
431 6.769000e-01 1.680000e-03 3.214200e-01
432 6.766840e-01 1.592000e-03 3.217240e-01
433 6.763600e-01 1.692000e-03 3.219480e-01
434 6.760600e-01 1.692000e-03 3.222480e-01
435 6.758200e-01 1.716000e-03 3.224640e-01
436 6.755560e-01 1.676000e-03 3.227680e-01
437 6.751840e-01 1.700000e-03 3.231160e-01
438 6.748640e-01 1.708000e-03 3.234280e-01
439 6.745720e-01 1.720000e-03 3.237080e-01
440 6.742480e-01 1.820000e-03 3.239320e-01
441 6.738320e-01 1.920000e-03 3.242480e-01
442 6.734360e-01 1.992000e-03 3.245720e-01
443 6.731000e-01 1.960000e-03 3.249400e-01
444 6.728000e-01 1.872000e-03 3.253280e-01
445 6.725080e-01 1.764000e-03 3.257280e-01
446 6.722400e-01 1.752000e-03 3.260080e-01
447 6.719360e-01 1.800000e-03 3.262640e-01
448 6.716640e-01 1.772000e-03 3.265640e-01
449 6.713760e-01 1.708000e-03 3.269160e-01
450 6.711200e-01 1.668000e-03 3.272120e-01
451 6.708680e-01 1.580000e-03 3.275520e-01
452 6.705960e-01 1.584000e-03 3.278200e-01
453 6.703920e-01 1.588000e-03 3.280200e-01
454 6.701280e-01 1.596000e-03 3.282760e-01
455 6.699440e-01 1.496000e-03 3.285600e-01
456 6.697440e-01 1.404000e-03 3.288520e-01
457 6.694760e-01 1.448000e-03 3.290760e-01
458 6.692080e-01 1.472000e-03 3.293200e-01
459 6.689280e-01 1.504000e-03 3.295680e-01
460 6.687120e-01 1.432000e-03 3.298560e-01
461 6.684600e-01 1.404000e-03 3.301360e-01
462 6.682600e-01 1.328000e-03 3.304120e-01
463 6.680800e-01 1.324000e-03 3.305960e-01
464 6.678600e-01 1.280000e-03 3.308600e-01
465 6.676080e-01 1.268000e-03 3.311240e-01
466 6.673440e-01 1.296000e-03 3.313600e-01
467 6.671000e-01 1.256000e-03 3.316440e-01
468 6.667720e-01 1.332000e-03 3.318960e-01
469 6.664560e-01 1.356000e-03 3.321880e-01
470 6.661520e-01 1.428000e-03 3.324200e-01
471 6.658280e-01 1.500000e-03 3.326720e-01
472 6.655360e-01 1.540000e-03 3.329240e-01
473 6.652000e-01 1.620000e-03 3.331800e-01
474 6.648160e-01 1.752000e-03 3.334320e-01
475 6.644440e-01 1.828000e-03 3.337280e-01
476 6.640800e-01 1.828000e-03 3.340920e-01
477 6.637240e-01 1.848000e-03 3.344280e-01
478 6.633560e-01 1.908000e-03 3.347360e-01
479 6.629600e-01 1.976000e-03 3.350640e-01
480 6.626400e-01 1.936000e-03 3.354240e-01
481 6.622320e-01 1.904000e-03 3.358640e-01
482 6.618680e-01 1.944000e-03 3.361880e-01
483 6.613920e-01 2.072000e-03 3.365360e-01
484 6.609640e-01 2.148000e-03 3.368880e-01
485 6.606040e-01 2.152000e-03 3.372440e-01
486 6.602120e-01 2.180000e-03 3.376080e-01
487 6.597720e-01 2.212000e-03 3.380160e-01
488 6.593600e-01 2.200000e-03 3.384400e-01
489 6.589360e-01 2.236000e-03 3.388280e-01
490 6.585000e-01 2.320000e-03 3.391800e-01
491 6.580920e-01 2.344000e-03 3.395640e-01
492 6.575880e-01 2.436000e-03 3.399760e-01
493 6.571800e-01 2.360000e-03 3.404600e-01
494 6.566720e-01 2.512000e-03 3.408160e-01
495 6.561760e-01 2.560000e-03 3.412640e-01
496 6.557240e-01 2.532000e-03 3.417440e-01
497 6.553520e-01 2.476000e-03 3.421720e-01
498 6.550000e-01 2.384000e-03 3.426160e-01
499 6.547040e-01 2.304000e-03 3.429920e-01
500 6.543880e-01 2.220000e-03 3.433920e-01
