1 9.992000e-01 7.160000e-04 8.400000e-05
2 9.986440e-01 1.128000e-03 2.280000e-04
3 9.979440e-01 1.624000e-03 4.320000e-04
4 9.970760e-01 2.084000e-03 8.400000e-04
5 9.963160e-01 2.460000e-03 1.224000e-03
6 9.955640e-01 2.744000e-03 1.692000e-03
7 9.946800e-01 3.084000e-03 2.236000e-03
8 9.936880e-01 3.400000e-03 2.912000e-03
9 9.927400e-01 3.728000e-03 3.532000e-03
10 9.917360e-01 4.068000e-03 4.196000e-03
11 9.906840e-01 4.316000e-03 5.000000e-03
12 9.896160e-01 4.632000e-03 5.752000e-03
13 9.884600e-01 4.928000e-03 6.612000e-03
14 9.872560e-01 5.232000e-03 7.512000e-03
15 9.863080e-01 5.228000e-03 8.464000e-03
16 9.851080e-01 5.436000e-03 9.456000e-03
17 9.839200e-01 5.744000e-03 1.033600e-02
18 9.827440e-01 5.888000e-03 1.136800e-02
19 9.815600e-01 5.912000e-03 1.252800e-02
20 9.804520e-01 6.056000e-03 1.349200e-02
21 9.793440e-01 5.968000e-03 1.468800e-02
22 9.783360e-01 5.876000e-03 1.578800e-02
23 9.770640e-01 6.044000e-03 1.689200e-02
24 9.757080e-01 6.304000e-03 1.798800e-02
25 9.744120e-01 6.616000e-03 1.897200e-02
26 9.730400e-01 6.824000e-03 2.013600e-02
27 9.718120e-01 6.776000e-03 2.141200e-02
28 9.705080e-01 6.772000e-03 2.272000e-02
29 9.693640e-01 6.720000e-03 2.391600e-02
30 9.681320e-01 6.700000e-03 2.516800e-02
31 9.669480e-01 6.544000e-03 2.650800e-02
32 9.656760e-01 6.600000e-03 2.772400e-02
33 9.644160e-01 6.740000e-03 2.884400e-02
34 9.631400e-01 6.864000e-03 2.999600e-02
35 9.617640e-01 7.140000e-03 3.109600e-02
36 9.603800e-01 7.328000e-03 3.229200e-02
37 9.588720e-01 7.528000e-03 3.360000e-02
38 9.574320e-01 7.620000e-03 3.494800e-02
39 9.560120e-01 7.756000e-03 3.623200e-02
40 9.547040e-01 7.692000e-03 3.760400e-02
41 9.532760e-01 7.888000e-03 3.883600e-02
42 9.520080e-01 7.696000e-03 4.029600e-02
43 9.506160e-01 7.732000e-03 4.165200e-02
44 9.491880e-01 7.744000e-03 4.306800e-02
45 9.478240e-01 7.820000e-03 4.435600e-02
46 9.464760e-01 7.780000e-03 4.574400e-02
47 9.450560e-01 7.784000e-03 4.716000e-02
48 9.435360e-01 7.992000e-03 4.847200e-02
49 9.422960e-01 7.776000e-03 4.992800e-02
50 9.408040e-01 7.856000e-03 5.134000e-02
51 9.394480e-01 7.856000e-03 5.269600e-02
52 9.380760e-01 7.872000e-03 5.405200e-02
53 9.368160e-01 7.760000e-03 5.542400e-02
54 9.354600e-01 7.656000e-03 5.688400e-02
55 9.340960e-01 7.708000e-03 5.819600e-02
56 9.326960e-01 7.748000e-03 5.955600e-02
57 9.312480e-01 7.876000e-03 6.087600e-02
58 9.298120e-01 7.904000e-03 6.228400e-02
59 9.283600e-01 7.936000e-03 6.370400e-02
60 9.269680e-01 7.996000e-03 6.503600e-02
61 9.255600e-01 7.992000e-03 6.644800e-02
62 9.242240e-01 7.888000e-03 6.788800e-02
63 9.227960e-01 7.912000e-03 6.929200e-02
64 9.213880e-01 7.904000e-03 7.070800e-02
65 9.199440e-01 7.952000e-03 7.210400e-02
66 9.185720e-01 7.960000e-03 7.346800e-02
67 9.171840e-01 7.996000e-03 7.482000e-02
68 9.158440e-01 7.884000e-03 7.627200e-02
69 9.145960e-01 7.636000e-03 7.776800e-02
70 9.133440e-01 7.624000e-03 7.903200e-02
71 9.121920e-01 7.476000e-03 8.033200e-02
72 9.108000e-01 7.556000e-03 8.164400e-02
73 9.096000e-01 7.444000e-03 8.295600e-02
74 9.083840e-01 7.240000e-03 8.437600e-02
75 9.071560e-01 7.200000e-03 8.564400e-02
76 9.060200e-01 7.096000e-03 8.688400e-02
77 9.048560e-01 7.052000e-03 8.809200e-02
78 9.036360e-01 6.888000e-03 8.947600e-02
79 9.023840e-01 6.860000e-03 9.075600e-02
80 9.012040e-01 6.820000e-03 9.197600e-02
81 9.000360e-01 6.732000e-03 9.323200e-02
82 8.988480e-01 6.804000e-03 9.434800e-02
83 8.976080e-01 6.868000e-03 9.552400e-02
84 8.964920e-01 6.748000e-03 9.676000e-02
85 8.953000e-01 6.812000e-03 9.788800e-02
86 8.941480e-01 6.780000e-03 9.907200e-02
87 8.928440e-01 6.952000e-03 1.002040e-01
88 8.917440e-01 6.900000e-03 1.013560e-01
89 8.905520e-01 6.908000e-03 1.025400e-01
90 8.892680e-01 6.952000e-03 1.037800e-01
91 8.881920e-01 6.768000e-03 1.050400e-01
92 8.870600e-01 6.688000e-03 1.062520e-01
93 8.858800e-01 6.796000e-03 1.073240e-01
94 8.847400e-01 6.840000e-03 1.084200e-01
95 8.834960e-01 6.936000e-03 1.095680e-01
96 8.823360e-01 6.988000e-03 1.106760e-01
97 8.810200e-01 6.976000e-03 1.120040e-01
98 8.798200e-01 6.892000e-03 1.132880e-01
99 8.786200e-01 6.824000e-03 1.145560e-01
100 8.773560e-01 6.816000e-03 1.158280e-01
101 8.761520e-01 6.944000e-03 1.169040e-01
102 8.751640e-01 6.752000e-03 1.180840e-01
103 8.739640e-01 6.760000e-03 1.192760e-01
104 8.727440e-01 6.720000e-03 1.205360e-01
105 8.716320e-01 6.636000e-03 1.217320e-01
106 8.703960e-01 6.756000e-03 1.228480e-01
107 8.691720e-01 6.820000e-03 1.240080e-01
108 8.679720e-01 6.736000e-03 1.252920e-01
109 8.667640e-01 6.816000e-03 1.264200e-01
110 8.655800e-01 6.740000e-03 1.276800e-01
111 8.644800e-01 6.720000e-03 1.288000e-01
112 8.632560e-01 6.732000e-03 1.300120e-01
113 8.620520e-01 6.808000e-03 1.311400e-01
114 8.610200e-01 6.636000e-03 1.323440e-01
115 8.598800e-01 6.564000e-03 1.335560e-01
116 8.587680e-01 6.500000e-03 1.347320e-01
117 8.576480e-01 6.560000e-03 1.357920e-01
118 8.566360e-01 6.532000e-03 1.368320e-01
119 8.554600e-01 6.612000e-03 1.379280e-01
120 8.544480e-01 6.524000e-03 1.390280e-01
121 8.533200e-01 6.508000e-03 1.401720e-01
122 8.522120e-01 6.492000e-03 1.412960e-01
123 8.508280e-01 6.660000e-03 1.425120e-01
124 8.495440e-01 6.784000e-03 1.436720e-01
125 8.483840e-01 6.768000e-03 1.448480e-01
126 8.471320e-01 6.752000e-03 1.461160e-01
127 8.462080e-01 6.460000e-03 1.473320e-01
128 8.452240e-01 6.392000e-03 1.483840e-01
129 8.441960e-01 6.312000e-03 1.494920e-01
130 8.431600e-01 6.240000e-03 1.506000e-01
131 8.421320e-01 6.172000e-03 1.516960e-01
132 8.411040e-01 6.012000e-03 1.528840e-01
133 8.402360e-01 5.856000e-03 1.539080e-01
134 8.392640e-01 5.856000e-03 1.548800e-01
135 8.382040e-01 5.840000e-03 1.559560e-01
136 8.371760e-01 5.876000e-03 1.569480e-01
137 8.360080e-01 6.016000e-03 1.579760e-01
138 8.349200e-01 5.964000e-03 1.591160e-01
139 8.337480e-01 6.020000e-03 1.602320e-01
140 8.325560e-01 6.192000e-03 1.612520e-01
141 8.314840e-01 6.088000e-03 1.624280e-01
142 8.302440e-01 6.208000e-03 1.635480e-01
143 8.290280e-01 6.360000e-03 1.646120e-01
144 8.278960e-01 6.412000e-03 1.656920e-01
145 8.266440e-01 6.416000e-03 1.669400e-01
146 8.255840e-01 6.324000e-03 1.680920e-01
147 8.244560e-01 6.324000e-03 1.692200e-01
148 8.233480e-01 6.308000e-03 1.703440e-01
149 8.223440e-01 6.232000e-03 1.714240e-01
150 8.214320e-01 5.980000e-03 1.725880e-01
151 8.204760e-01 5.872000e-03 1.736520e-01
152 8.194680e-01 5.896000e-03 1.746360e-01
153 8.184960e-01 5.788000e-03 1.757160e-01
154 8.175080e-01 5.720000e-03 1.767720e-01
155 8.165640e-01 5.724000e-03 1.777120e-01
156 8.154400e-01 5.832000e-03 1.787280e-01
157 8.143600e-01 5.784000e-03 1.798560e-01
158 8.133560e-01 5.672000e-03 1.809720e-01
159 8.123600e-01 5.692000e-03 1.819480e-01
160 8.113520e-01 5.720000e-03 1.829280e-01
161 8.103040e-01 5.660000e-03 1.840360e-01
162 8.091880e-01 5.772000e-03 1.850400e-01
163 8.083760e-01 5.508000e-03 1.861160e-01
164 8.074120e-01 5.464000e-03 1.871240e-01
165 8.064520e-01 5.584000e-03 1.879640e-01
166 8.054960e-01 5.656000e-03 1.888480e-01
167 8.044360e-01 5.760000e-03 1.898040e-01
168 8.033080e-01 5.832000e-03 1.908600e-01
169 8.023480e-01 5.784000e-03 1.918680e-01
170 8.013800e-01 5.788000e-03 1.928320e-01
171 8.003240e-01 5.836000e-03 1.938400e-01
172 7.992960e-01 5.840000e-03 1.948640e-01
173 7.983120e-01 5.820000e-03 1.958680e-01
174 7.973560e-01 5.700000e-03 1.969440e-01
175 7.963640e-01 5.776000e-03 1.978600e-01
176 7.955280e-01 5.608000e-03 1.988640e-01
177 7.946120e-01 5.588000e-03 1.998000e-01
178 7.937120e-01 5.492000e-03 2.007960e-01
179 7.928280e-01 5.280000e-03 2.018920e-01
180 7.920320e-01 5.120000e-03 2.028480e-01
181 7.912480e-01 5.080000e-03 2.036720e-01
182 7.904200e-01 5.032000e-03 2.045480e-01
183 7.897040e-01 5.020000e-03 2.052760e-01
184 7.888400e-01 5.076000e-03 2.060840e-01
185 7.880520e-01 5.056000e-03 2.068920e-01
186 7.871680e-01 5.072000e-03 2.077600e-01
187 7.864320e-01 4.940000e-03 2.086280e-01
188 7.856320e-01 4.908000e-03 2.094600e-01
189 7.849760e-01 4.716000e-03 2.103080e-01
190 7.843920e-01 4.464000e-03 2.111440e-01
191 7.837600e-01 4.316000e-03 2.119240e-01
192 7.831760e-01 4.128000e-03 2.126960e-01
193 7.826720e-01 3.956000e-03 2.133720e-01
194 7.821360e-01 3.708000e-03 2.141560e-01
195 7.816080e-01 3.676000e-03 2.147160e-01
196 7.810640e-01 3.604000e-03 2.153320e-01
197 7.805000e-01 3.608000e-03 2.158920e-01
198 7.799400e-01 3.544000e-03 2.165160e-01
199 7.793160e-01 3.632000e-03 2.170520e-01
200 7.786560e-01 3.636000e-03 2.177080e-01
201 7.780360e-01 3.660000e-03 2.183040e-01
202 7.774800e-01 3.556000e-03 2.189640e-01
203 7.769600e-01 3.484000e-03 2.195560e-01
204 7.764520e-01 3.368000e-03 2.201800e-01
205 7.758880e-01 3.320000e-03 2.207920e-01
206 7.752560e-01 3.360000e-03 2.213840e-01
207 7.747840e-01 3.284000e-03 2.219320e-01
208 7.741800e-01 3.344000e-03 2.224760e-01
209 7.737000e-01 3.212000e-03 2.230880e-01
210 7.732120e-01 3.092000e-03 2.236960e-01
211 7.727320e-01 2.992000e-03 2.242760e-01
212 7.722920e-01 2.836000e-03 2.248720e-01
213 7.717440e-01 2.960000e-03 2.252960e-01
214 7.711720e-01 3.020000e-03 2.258080e-01
215 7.705280e-01 3.076000e-03 2.263960e-01
216 7.699240e-01 3.064000e-03 2.270120e-01
217 7.692880e-01 3.232000e-03 2.274800e-01
218 7.687560e-01 3.156000e-03 2.280880e-01
219 7.682320e-01 3.108000e-03 2.286600e-01
220 7.676120e-01 3.244000e-03 2.291440e-01
221 7.670600e-01 3.256000e-03 2.296840e-01
222 7.664720e-01 3.216000e-03 2.303120e-01
223 7.658760e-01 3.248000e-03 2.308760e-01
224 7.653480e-01 3.168000e-03 2.314840e-01
225 7.647440e-01 3.176000e-03 2.320800e-01
226 7.640960e-01 3.268000e-03 2.326360e-01
227 7.635400e-01 3.272000e-03 2.331880e-01
228 7.629080e-01 3.308000e-03 2.337840e-01
229 7.622520e-01 3.316000e-03 2.344320e-01
230 7.616760e-01 3.348000e-03 2.349760e-01
231 7.611280e-01 3.312000e-03 2.355600e-01
232 7.605760e-01 3.304000e-03 2.361200e-01
233 7.600680e-01 3.300000e-03 2.366320e-01
234 7.594520e-01 3.320000e-03 2.372280e-01
235 7.588920e-01 3.264000e-03 2.378440e-01
236 7.583760e-01 3.232000e-03 2.383920e-01
237 7.578960e-01 3.204000e-03 2.389000e-01
238 7.572560e-01 3.200000e-03 2.395440e-01
239 7.566720e-01 3.204000e-03 2.401240e-01
240 7.561960e-01 3.112000e-03 2.406920e-01
241 7.557040e-01 3.000000e-03 2.412960e-01
242 7.552360e-01 2.948000e-03 2.418160e-01
243 7.546760e-01 2.936000e-03 2.423880e-01
244 7.542440e-01 2.832000e-03 2.429240e-01
245 7.537040e-01 2.860000e-03 2.434360e-01
246 7.531680e-01 2.860000e-03 2.439720e-01
247 7.526800e-01 2.924000e-03 2.443960e-01
248 7.521720e-01 2.928000e-03 2.449000e-01
249 7.516160e-01 2.980000e-03 2.454040e-01
250 7.511360e-01 2.916000e-03 2.459480e-01
251 7.507080e-01 2.888000e-03 2.464040e-01
252 7.501640e-01 2.896000e-03 2.469400e-01
253 7.497040e-01 2.816000e-03 2.474800e-01
254 7.492960e-01 2.772000e-03 2.479320e-01
255 7.489520e-01 2.616000e-03 2.484320e-01
256 7.485480e-01 2.520000e-03 2.489320e-01
257 7.481440e-01 2.480000e-03 2.493760e-01
258 7.477920e-01 2.416000e-03 2.497920e-01
259 7.473400e-01 2.500000e-03 2.501600e-01
260 7.469240e-01 2.440000e-03 2.506360e-01
261 7.464720e-01 2.436000e-03 2.510920e-01
262 7.460800e-01 2.348000e-03 2.515720e-01
263 7.457640e-01 2.320000e-03 2.519160e-01
264 7.453560e-01 2.364000e-03 2.522800e-01
265 7.449200e-01 2.392000e-03 2.526880e-01
266 7.444520e-01 2.448000e-03 2.531000e-01
267 7.440360e-01 2.460000e-03 2.535040e-01
268 7.436360e-01 2.476000e-03 2.538880e-01
269 7.431440e-01 2.448000e-03 2.544080e-01
270 7.427440e-01 2.388000e-03 2.548680e-01
271 7.423880e-01 2.312000e-03 2.553000e-01
272 7.420120e-01 2.296000e-03 2.556920e-01
273 7.417240e-01 2.156000e-03 2.561200e-01
274 7.414040e-01 2.104000e-03 2.564920e-01
275 7.410120e-01 2.104000e-03 2.568840e-01
276 7.406720e-01 2.120000e-03 2.572080e-01
277 7.403040e-01 2.156000e-03 2.575400e-01
278 7.399440e-01 2.184000e-03 2.578720e-01
279 7.395680e-01 2.148000e-03 2.582840e-01
280 7.392240e-01 2.136000e-03 2.586400e-01
281 7.388760e-01 2.104000e-03 2.590200e-01
282 7.385000e-01 2.136000e-03 2.593640e-01
283 7.381920e-01 2.136000e-03 2.596720e-01
284 7.379240e-01 2.032000e-03 2.600440e-01
285 7.376760e-01 1.924000e-03 2.604000e-01
286 7.373560e-01 1.884000e-03 2.607600e-01
287 7.370600e-01 1.872000e-03 2.610680e-01
288 7.368000e-01 1.844000e-03 2.613560e-01
289 7.365480e-01 1.740000e-03 2.617120e-01
290 7.362400e-01 1.816000e-03 2.619440e-01
291 7.359600e-01 1.800000e-03 2.622400e-01
292 7.356400e-01 1.804000e-03 2.625560e-01
293 7.353120e-01 1.768000e-03 2.629200e-01
294 7.350320e-01 1.684000e-03 2.632840e-01
295 7.347920e-01 1.656000e-03 2.635520e-01
296 7.345480e-01 1.592000e-03 2.638600e-01
297 7.342720e-01 1.612000e-03 2.641160e-01
298 7.340640e-01 1.548000e-03 2.643880e-01
299 7.338200e-01 1.584000e-03 2.645960e-01
300 7.336360e-01 1.464000e-03 2.649000e-01
301 7.334120e-01 1.444000e-03 2.651440e-01
302 7.332520e-01 1.364000e-03 2.653840e-01
303 7.330240e-01 1.284000e-03 2.656920e-01
304 7.328440e-01 1.212000e-03 2.659440e-01
305 7.326280e-01 1.196000e-03 2.661760e-01
306 7.324600e-01 1.148000e-03 2.663920e-01
307 7.322360e-01 1.176000e-03 2.665880e-01
308 7.320480e-01 1.152000e-03 2.668000e-01
309 7.318120e-01 1.176000e-03 2.670120e-01
310 7.315720e-01 1.264000e-03 2.671640e-01
311 7.313800e-01 1.224000e-03 2.673960e-01
312 7.312160e-01 1.196000e-03 2.675880e-01
313 7.309400e-01 1.272000e-03 2.677880e-01
314 7.307120e-01 1.316000e-03 2.679720e-01
315 7.304400e-01 1.364000e-03 2.681960e-01
316 7.302280e-01 1.376000e-03 2.683960e-01
317 7.299280e-01 1.452000e-03 2.686200e-01
318 7.296480e-01 1.428000e-03 2.689240e-01
319 7.293320e-01 1.512000e-03 2.691560e-01
320 7.290880e-01 1.504000e-03 2.694080e-01
321 7.288120e-01 1.524000e-03 2.696640e-01
322 7.285040e-01 1.524000e-03 2.699720e-01
323 7.282160e-01 1.520000e-03 2.702640e-01
324 7.279520e-01 1.532000e-03 2.705160e-01
325 7.276800e-01 1.600000e-03 2.707200e-01
326 7.274000e-01 1.644000e-03 2.709560e-01
327 7.271760e-01 1.620000e-03 2.712040e-01
328 7.268480e-01 1.688000e-03 2.714640e-01
329 7.265400e-01 1.780000e-03 2.716800e-01
330 7.261880e-01 1.852000e-03 2.719600e-01
331 7.258680e-01 1.928000e-03 2.722040e-01
332 7.255160e-01 1.928000e-03 2.725560e-01
333 7.252040e-01 1.900000e-03 2.728960e-01
334 7.248680e-01 1.888000e-03 2.732440e-01
335 7.245480e-01 1.852000e-03 2.736000e-01
336 7.241840e-01 1.856000e-03 2.739600e-01
337 7.238480e-01 1.880000e-03 2.742720e-01
338 7.235040e-01 1.808000e-03 2.746880e-01
339 7.231840e-01 1.804000e-03 2.750120e-01
340 7.228560e-01 1.808000e-03 2.753360e-01
341 7.224960e-01 1.832000e-03 2.756720e-01
342 7.221160e-01 1.856000e-03 2.760280e-01
343 7.218240e-01 1.828000e-03 2.763480e-01
344 7.215440e-01 1.776000e-03 2.766800e-01
345 7.212520e-01 1.772000e-03 2.769760e-01
346 7.209720e-01 1.724000e-03 2.773040e-01
347 7.206200e-01 1.788000e-03 2.775920e-01
348 7.203320e-01 1.760000e-03 2.779080e-01
349 7.200160e-01 1.748000e-03 2.782360e-01
350 7.197480e-01 1.664000e-03 2.785880e-01
351 7.194920e-01 1.684000e-03 2.788240e-01
352 7.191640e-01 1.740000e-03 2.790960e-01
353 7.188720e-01 1.764000e-03 2.793640e-01
354 7.185880e-01 1.744000e-03 2.796680e-01
355 7.182280e-01 1.788000e-03 2.799840e-01
356 7.179400e-01 1.660000e-03 2.804000e-01
357 7.176920e-01 1.628000e-03 2.806800e-01
358 7.174280e-01 1.556000e-03 2.810160e-01
359 7.171640e-01 1.508000e-03 2.813280e-01
360 7.168960e-01 1.520000e-03 2.815840e-01
361 7.166840e-01 1.436000e-03 2.818800e-01
362 7.164720e-01 1.400000e-03 2.821280e-01
363 7.162600e-01 1.348000e-03 2.823920e-01
364 7.159680e-01 1.384000e-03 2.826480e-01
365 7.157800e-01 1.320000e-03 2.829000e-01
366 7.155080e-01 1.348000e-03 2.831440e-01
367 7.152760e-01 1.348000e-03 2.833760e-01
368 7.149960e-01 1.384000e-03 2.836200e-01
369 7.146800e-01 1.436000e-03 2.838840e-01
370 7.144560e-01 1.408000e-03 2.841360e-01
371 7.142200e-01 1.396000e-03 2.843840e-01
372 7.139320e-01 1.412000e-03 2.846560e-01
373 7.136440e-01 1.364000e-03 2.849920e-01
374 7.134680e-01 1.320000e-03 2.852120e-01
375 7.131680e-01 1.388000e-03 2.854440e-01
376 7.129760e-01 1.372000e-03 2.856520e-01
377 7.127680e-01 1.332000e-03 2.859000e-01
378 7.125520e-01 1.312000e-03 2.861360e-01
379 7.123440e-01 1.324000e-03 2.863320e-01
380 7.121200e-01 1.364000e-03 2.865160e-01
381 7.118440e-01 1.432000e-03 2.867240e-01
382 7.115440e-01 1.492000e-03 2.869640e-01
383 7.112680e-01 1.520000e-03 2.872120e-01
384 7.110040e-01 1.520000e-03 2.874760e-01
385 7.107960e-01 1.456000e-03 2.877480e-01
386 7.105240e-01 1.436000e-03 2.880400e-01
387 7.102200e-01 1.476000e-03 2.883040e-01
388 7.099480e-01 1.464000e-03 2.885880e-01
389 7.097360e-01 1.404000e-03 2.888600e-01
390 7.094600e-01 1.388000e-03 2.891520e-01
391 7.092200e-01 1.364000e-03 2.894160e-01
392 7.089720e-01 1.372000e-03 2.896560e-01
393 7.087840e-01 1.324000e-03 2.898920e-01
394 7.085560e-01 1.304000e-03 2.901400e-01
395 7.083480e-01 1.292000e-03 2.903600e-01
396 7.080920e-01 1.280000e-03 2.906280e-01
397 7.078800e-01 1.236000e-03 2.908840e-01
398 7.076760e-01 1.208000e-03 2.911160e-01
399 7.074720e-01 1.224000e-03 2.913040e-01
400 7.073240e-01 1.152000e-03 2.915240e-01
401 7.070600e-01 1.216000e-03 2.917240e-01
402 7.068600e-01 1.180000e-03 2.919600e-01
403 7.066520e-01 1.152000e-03 2.921960e-01
404 7.065280e-01 1.088000e-03 2.923840e-01
405 7.062760e-01 1.108000e-03 2.926160e-01
406 7.061120e-01 1.056000e-03 2.928320e-01
407 7.059440e-01 1.072000e-03 2.929840e-01
408 7.057280e-01 1.080000e-03 2.931920e-01
409 7.055320e-01 1.076000e-03 2.933920e-01
410 7.052720e-01 1.172000e-03 2.935560e-01
411 7.050080e-01 1.208000e-03 2.937840e-01
412 7.047960e-01 1.220000e-03 2.939840e-01
413 7.045760e-01 1.200000e-03 2.942240e-01
414 7.043720e-01 1.204000e-03 2.944240e-01
415 7.042000e-01 1.176000e-03 2.946240e-01
416 7.040000e-01 1.136000e-03 2.948640e-01
417 7.037880e-01 1.176000e-03 2.950360e-01
418 7.035920e-01 1.204000e-03 2.952040e-01
419 7.034120e-01 1.148000e-03 2.954400e-01
420 7.032040e-01 1.136000e-03 2.956600e-01
421 7.029720e-01 1.160000e-03 2.958680e-01
422 7.027520e-01 1.156000e-03 2.960920e-01
423 7.025760e-01 1.152000e-03 2.962720e-01
424 7.024120e-01 1.100000e-03 2.964880e-01
425 7.022480e-01 1.100000e-03 2.966520e-01
426 7.020240e-01 1.104000e-03 2.968720e-01
427 7.018640e-01 1.056000e-03 2.970800e-01
428 7.016200e-01 1.120000e-03 2.972600e-01
429 7.014600e-01 1.112000e-03 2.974280e-01
430 7.012280e-01 1.112000e-03 2.976600e-01
431 7.009960e-01 1.164000e-03 2.978400e-01
432 7.007880e-01 1.184000e-03 2.980280e-01
433 7.005360e-01 1.228000e-03 2.982360e-01
434 7.003240e-01 1.256000e-03 2.984200e-01
435 7.001000e-01 1.240000e-03 2.986600e-01
436 6.998960e-01 1.224000e-03 2.988800e-01
437 6.996960e-01 1.180000e-03 2.991240e-01
438 6.994840e-01 1.172000e-03 2.993440e-01
439 6.992440e-01 1.172000e-03 2.995840e-01
440 6.990840e-01 1.136000e-03 2.997800e-01
441 6.988840e-01 1.148000e-03 2.999680e-01
442 6.986840e-01 1.192000e-03 3.001240e-01
443 6.985080e-01 1.196000e-03 3.002960e-01
444 6.983320e-01 1.188000e-03 3.004800e-01
445 6.981120e-01 1.220000e-03 3.006680e-01
446 6.979120e-01 1.188000e-03 3.009000e-01
447 6.977640e-01 1.140000e-03 3.010960e-01
448 6.976160e-01 1.088000e-03 3.012960e-01
449 6.974840e-01 1.036000e-03 3.014800e-01
450 6.973280e-01 9.920000e-04 3.016800e-01
451 6.972000e-01 9.200000e-04 3.018800e-01
452 6.970440e-01 9.080000e-04 3.020480e-01
453 6.968560e-01 9.200000e-04 3.022240e-01
454 6.966640e-01 9.720000e-04 3.023640e-01
455 6.965240e-01 9.200000e-04 3.025560e-01
456 6.963720e-01 9.040000e-04 3.027240e-01
457 6.962120e-01 9.160000e-04 3.028720e-01
458 6.959800e-01 9.840000e-04 3.030360e-01
459 6.958240e-01 9.160000e-04 3.032600e-01
460 6.956320e-01 9.880000e-04 3.033800e-01
461 6.954680e-01 1.004000e-03 3.035280e-01
462 6.953240e-01 1.008000e-03 3.036680e-01
463 6.951480e-01 9.960000e-04 3.038560e-01
464 6.950280e-01 9.080000e-04 3.040640e-01
465 6.949200e-01 8.560000e-04 3.042240e-01
466 6.947440e-01 8.800000e-04 3.043760e-01
467 6.946160e-01 8.600000e-04 3.045240e-01
468 6.944960e-01 8.240000e-04 3.046800e-01
469 6.943560e-01 7.840000e-04 3.048600e-01
470 6.942200e-01 8.200000e-04 3.049600e-01
471 6.940200e-01 8.760000e-04 3.051040e-01
472 6.939160e-01 8.400000e-04 3.052440e-01
473 6.937880e-01 8.120000e-04 3.054000e-01
474 6.937080e-01 7.600000e-04 3.055320e-01
475 6.936280e-01 6.920000e-04 3.056800e-01
476 6.935760e-01 6.080000e-04 3.058160e-01
477 6.935200e-01 5.480000e-04 3.059320e-01
478 6.934640e-01 4.640000e-04 3.060720e-01
479 6.933880e-01 4.640000e-04 3.061480e-01
480 6.932840e-01 4.880000e-04 3.062280e-01
481 6.932000e-01 4.880000e-04 3.063120e-01
482 6.931000e-01 4.920000e-04 3.064080e-01
483 6.930200e-01 4.680000e-04 3.065120e-01
484 6.929480e-01 4.520000e-04 3.066000e-01
485 6.928480e-01 4.640000e-04 3.066880e-01
486 6.927640e-01 4.800000e-04 3.067560e-01
487 6.926560e-01 5.200000e-04 3.068240e-01
488 6.925440e-01 4.960000e-04 3.069600e-01
489 6.924520e-01 5.000000e-04 3.070480e-01
490 6.923760e-01 4.920000e-04 3.071320e-01
491 6.922760e-01 5.040000e-04 3.072200e-01
492 6.921040e-01 5.840000e-04 3.073120e-01
493 6.920040e-01 5.560000e-04 3.074400e-01
494 6.918800e-01 6.120000e-04 3.075080e-01
495 6.917520e-01 6.520000e-04 3.075960e-01
496 6.916200e-01 6.400000e-04 3.077400e-01
497 6.915360e-01 6.120000e-04 3.078520e-01
498 6.914840e-01 5.680000e-04 3.079480e-01
499 6.913960e-01 5.520000e-04 3.080520e-01
500 6.913040e-01 5.480000e-04 3.081480e-01
