1 9.992240e-01 6.960000e-04 8.000000e-05
2 9.987800e-01 9.840000e-04 2.360000e-04
3 9.981720e-01 1.392000e-03 4.360000e-04
4 9.975840e-01 1.680000e-03 7.360000e-04
5 9.967960e-01 2.244000e-03 9.600000e-04
6 9.958000e-01 2.800000e-03 1.400000e-03
7 9.947800e-01 3.320000e-03 1.900000e-03
8 9.937440e-01 3.844000e-03 2.412000e-03
9 9.926280e-01 4.296000e-03 3.076000e-03
10 9.914040e-01 4.624000e-03 3.972000e-03
11 9.901320e-01 5.084000e-03 4.784000e-03
12 9.889480e-01 5.440000e-03 5.612000e-03
13 9.875520e-01 5.800000e-03 6.648000e-03
14 9.860760e-01 6.180000e-03 7.744000e-03
15 9.847760e-01 6.404000e-03 8.820000e-03
16 9.832480e-01 6.676000e-03 1.007600e-02
17 9.817840e-01 6.928000e-03 1.128800e-02
18 9.802080e-01 7.224000e-03 1.256800e-02
19 9.787800e-01 7.332000e-03 1.388800e-02
20 9.771840e-01 7.652000e-03 1.516400e-02
21 9.755880e-01 7.780000e-03 1.663200e-02
22 9.739520e-01 8.096000e-03 1.795200e-02
23 9.723680e-01 8.220000e-03 1.941200e-02
24 9.707560e-01 8.424000e-03 2.082000e-02
25 9.692240e-01 8.400000e-03 2.237600e-02
26 9.675920e-01 8.548000e-03 2.386000e-02
27 9.659040e-01 8.736000e-03 2.536000e-02
28 9.641200e-01 9.000000e-03 2.688000e-02
29 9.622880e-01 9.332000e-03 2.838000e-02
30 9.605880e-01 9.448000e-03 2.996400e-02
31 9.587400e-01 9.648000e-03 3.161200e-02
32 9.569400e-01 9.832000e-03 3.322800e-02
33 9.552000e-01 9.816000e-03 3.498400e-02
34 9.536240e-01 9.680000e-03 3.669600e-02
35 9.518560e-01 9.788000e-03 3.835600e-02
36 9.500120e-01 9.772000e-03 4.021600e-02
37 9.483480e-01 9.744000e-03 4.190800e-02
38 9.465280e-01 1.007200e-02 4.340000e-02
39 9.447840e-01 1.023600e-02 4.498000e-02
40 9.428760e-01 1.039600e-02 4.672800e-02
41 9.412240e-01 1.022400e-02 4.855200e-02
42 9.395480e-01 1.009600e-02 5.035600e-02
43 9.377720e-01 1.011600e-02 5.211200e-02
44 9.357280e-01 1.030800e-02 5.396400e-02
45 9.339200e-01 1.039200e-02 5.568800e-02
46 9.320280e-01 1.052800e-02 5.744400e-02
47 9.300480e-01 1.062400e-02 5.932800e-02
48 9.280400e-01 1.086400e-02 6.109600e-02
49 9.260280e-01 1.098400e-02 6.298800e-02
50 9.239320e-01 1.106400e-02 6.500400e-02
51 9.219880e-01 1.107600e-02 6.693600e-02
52 9.198560e-01 1.129200e-02 6.885200e-02
53 9.178520e-01 1.136400e-02 7.078400e-02
54 9.158560e-01 1.135600e-02 7.278800e-02
55 9.139720e-01 1.132800e-02 7.470000e-02
56 9.118760e-01 1.156400e-02 7.656000e-02
57 9.098800e-01 1.150800e-02 7.861200e-02
58 9.079720e-01 1.134400e-02 8.068400e-02
59 9.057920e-01 1.158800e-02 8.262000e-02
60 9.039600e-01 1.124400e-02 8.479600e-02
61 9.020120e-01 1.130000e-02 8.668800e-02
62 8.999760e-01 1.139600e-02 8.862800e-02
63 8.979560e-01 1.126000e-02 9.078400e-02
64 8.958600e-01 1.136000e-02 9.278000e-02
65 8.937880e-01 1.137200e-02 9.484000e-02
66 8.919120e-01 1.116800e-02 9.692000e-02
67 8.899200e-01 1.108400e-02 9.899600e-02
68 8.879800e-01 1.112000e-02 1.009000e-01
69 8.858160e-01 1.144000e-02 1.027440e-01
70 8.837360e-01 1.155200e-02 1.047120e-01
71 8.818760e-01 1.131600e-02 1.068080e-01
72 8.799920e-01 1.113600e-02 1.088720e-01
73 8.782280e-01 1.090000e-02 1.108720e-01
74 8.762040e-01 1.089200e-02 1.129040e-01
75 8.743320e-01 1.080000e-02 1.148680e-01
76 8.723240e-01 1.098400e-02 1.166920e-01
77 8.702680e-01 1.122800e-02 1.185040e-01
78 8.683000e-01 1.124400e-02 1.204560e-01
79 8.661360e-01 1.148800e-02 1.223760e-01
80 8.642320e-01 1.137600e-02 1.243920e-01
81 8.621400e-01 1.151600e-02 1.263440e-01
82 8.601440e-01 1.148400e-02 1.283720e-01
83 8.580640e-01 1.155200e-02 1.303840e-01
84 8.560760e-01 1.162800e-02 1.322960e-01
85 8.540000e-01 1.172800e-02 1.342720e-01
86 8.518880e-01 1.178400e-02 1.363280e-01
87 8.497000e-01 1.193600e-02 1.383640e-01
88 8.476320e-01 1.196400e-02 1.404040e-01
89 8.454520e-01 1.202400e-02 1.425240e-01
90 8.434120e-01 1.194000e-02 1.446480e-01
91 8.414400e-01 1.185200e-02 1.467080e-01
92 8.393840e-01 1.199600e-02 1.486200e-01
93 8.373480e-01 1.188000e-02 1.507720e-01
94 8.353160e-01 1.188400e-02 1.528000e-01
95 8.333800e-01 1.173200e-02 1.548880e-01
96 8.313880e-01 1.166800e-02 1.569440e-01
97 8.292600e-01 1.178000e-02 1.589600e-01
98 8.272240e-01 1.189200e-02 1.608840e-01
99 8.252600e-01 1.178800e-02 1.629520e-01
100 8.232800e-01 1.173200e-02 1.649880e-01
101 8.213840e-01 1.154000e-02 1.670760e-01
102 8.195840e-01 1.132400e-02 1.690920e-01
103 8.176520e-01 1.131600e-02 1.710320e-01
104 8.159560e-01 1.103200e-02 1.730120e-01
105 8.139320e-01 1.106000e-02 1.750080e-01
106 8.119240e-01 1.108000e-02 1.769960e-01
107 8.100080e-01 1.098800e-02 1.790040e-01
108 8.079840e-01 1.127200e-02 1.807440e-01
109 8.057960e-01 1.148000e-02 1.827240e-01
110 8.038080e-01 1.161600e-02 1.845760e-01
111 8.016680e-01 1.158800e-02 1.867440e-01
112 7.998160e-01 1.123600e-02 1.889480e-01
113 7.978040e-01 1.124400e-02 1.909520e-01
114 7.960680e-01 1.100800e-02 1.929240e-01
115 7.940160e-01 1.110800e-02 1.948760e-01
116 7.921760e-01 1.100800e-02 1.968160e-01
117 7.904600e-01 1.077200e-02 1.987680e-01
118 7.887240e-01 1.065600e-02 2.006200e-01
119 7.869520e-01 1.052800e-02 2.025200e-01
120 7.852760e-01 1.027200e-02 2.044520e-01
121 7.835600e-01 1.028400e-02 2.061560e-01
122 7.818400e-01 1.018800e-02 2.079720e-01
123 7.800880e-01 1.009200e-02 2.098200e-01
124 7.783000e-01 1.001600e-02 2.116840e-01
125 7.765080e-01 9.920000e-03 2.135720e-01
126 7.747280e-01 1.002800e-02 2.152440e-01
127 7.729840e-01 1.003600e-02 2.169800e-01
128 7.712320e-01 1.006800e-02 2.187000e-01
129 7.693200e-01 1.030400e-02 2.203760e-01
130 7.675880e-01 1.030800e-02 2.221040e-01
131 7.657600e-01 1.018000e-02 2.240600e-01
132 7.639480e-01 1.019200e-02 2.258600e-01
133 7.621560e-01 1.010000e-02 2.277440e-01
134 7.604160e-01 1.019600e-02 2.293880e-01
135 7.585200e-01 1.034400e-02 2.311360e-01
136 7.567920e-01 1.033600e-02 2.328720e-01
137 7.551800e-01 1.019600e-02 2.346240e-01
138 7.534320e-01 1.019600e-02 2.363720e-01
139 7.516400e-01 1.017200e-02 2.381880e-01
140 7.499200e-01 1.015600e-02 2.399240e-01
141 7.481800e-01 1.016800e-02 2.416520e-01
142 7.465240e-01 1.004400e-02 2.434320e-01
143 7.448960e-01 9.792000e-03 2.453120e-01
144 7.434520e-01 9.440000e-03 2.471080e-01
145 7.420120e-01 9.244000e-03 2.487440e-01
146 7.405800e-01 9.076000e-03 2.503440e-01
147 7.391440e-01 8.888000e-03 2.519680e-01
148 7.377040e-01 8.784000e-03 2.535120e-01
149 7.363200e-01 8.628000e-03 2.550520e-01
150 7.348360e-01 8.608000e-03 2.565560e-01
151 7.334160e-01 8.544000e-03 2.580400e-01
152 7.320760e-01 8.368000e-03 2.595560e-01
153 7.305920e-01 8.436000e-03 2.609720e-01
154 7.291040e-01 8.552000e-03 2.623440e-01
155 7.278720e-01 8.204000e-03 2.639240e-01
156 7.265360e-01 8.136000e-03 2.653280e-01
157 7.250440e-01 8.120000e-03 2.668360e-01
158 7.236320e-01 8.120000e-03 2.682480e-01
159 7.222440e-01 8.032000e-03 2.697240e-01
160 7.210680e-01 7.860000e-03 2.710720e-01
161 7.198600e-01 7.776000e-03 2.723640e-01
162 7.187640e-01 7.508000e-03 2.737280e-01
163 7.177720e-01 7.144000e-03 2.750840e-01
164 7.167280e-01 6.900000e-03 2.763720e-01
165 7.157000e-01 6.736000e-03 2.775640e-01
166 7.146920e-01 6.580000e-03 2.787280e-01
167 7.136360e-01 6.540000e-03 2.798240e-01
168 7.126600e-01 6.484000e-03 2.808560e-01
169 7.117520e-01 6.228000e-03 2.820200e-01
170 7.106520e-01 6.204000e-03 2.831440e-01
171 7.095320e-01 6.248000e-03 2.842200e-01
172 7.084400e-01 6.256000e-03 2.853040e-01
173 7.073560e-01 6.272000e-03 2.863720e-01
174 7.064240e-01 6.168000e-03 2.874080e-01
175 7.054720e-01 5.984000e-03 2.885440e-01
176 7.044840e-01 5.936000e-03 2.895800e-01
177 7.035840e-01 5.772000e-03 2.906440e-01
178 7.026280e-01 5.760000e-03 2.916120e-01
179 7.016280e-01 5.708000e-03 2.926640e-01
180 7.007040e-01 5.664000e-03 2.936320e-01
181 6.997920e-01 5.488000e-03 2.947200e-01
182 6.989560e-01 5.356000e-03 2.956880e-01
183 6.980680e-01 5.376000e-03 2.965560e-01
184 6.972360e-01 5.204000e-03 2.975600e-01
185 6.962760e-01 5.332000e-03 2.983920e-01
186 6.953800e-01 5.296000e-03 2.993240e-01
187 6.945200e-01 5.232000e-03 3.002480e-01
188 6.935160e-01 5.352000e-03 3.011320e-01
189 6.924960e-01 5.424000e-03 3.020800e-01
190 6.915680e-01 5.324000e-03 3.031080e-01
191 6.905520e-01 5.376000e-03 3.040720e-01
192 6.896040e-01 5.456000e-03 3.049400e-01
193 6.886560e-01 5.520000e-03 3.058240e-01
194 6.877000e-01 5.528000e-03 3.067720e-01
195 6.867480e-01 5.476000e-03 3.077760e-01
196 6.858040e-01 5.424000e-03 3.087720e-01
197 6.848840e-01 5.344000e-03 3.097720e-01
198 6.840360e-01 5.368000e-03 3.105960e-01
199 6.833000e-01 5.152000e-03 3.115480e-01
200 6.823280e-01 5.396000e-03 3.122760e-01
201 6.813280e-01 5.420000e-03 3.132520e-01
202 6.803520e-01 5.332000e-03 3.143160e-01
203 6.793000e-01 5.396000e-03 3.153040e-01
204 6.783600e-01 5.424000e-03 3.162160e-01
205 6.773200e-01 5.496000e-03 3.171840e-01
206 6.762680e-01 5.636000e-03 3.180960e-01
207 6.752200e-01 5.740000e-03 3.190400e-01
208 6.741640e-01 5.764000e-03 3.200720e-01
209 6.730040e-01 5.960000e-03 3.210360e-01
210 6.720000e-01 5.800000e-03 3.222000e-01
211 6.710680e-01 5.616000e-03 3.233160e-01
212 6.702160e-01 5.476000e-03 3.243080e-01
213 6.692120e-01 5.572000e-03 3.252160e-01
214 6.682880e-01 5.600000e-03 3.261120e-01
215 6.673600e-01 5.500000e-03 3.271400e-01
216 6.664600e-01 5.424000e-03 3.281160e-01
217 6.656080e-01 5.424000e-03 3.289680e-01
218 6.646480e-01 5.504000e-03 3.298480e-01
219 6.636480e-01 5.548000e-03 3.308040e-01
220 6.626840e-01 5.548000e-03 3.317680e-01
221 6.616040e-01 5.716000e-03 3.326800e-01
222 6.608080e-01 5.484000e-03 3.337080e-01
223 6.598280e-01 5.544000e-03 3.346280e-01
224 6.589040e-01 5.536000e-03 3.355600e-01
225 6.579600e-01 5.416000e-03 3.366240e-01
226 6.571720e-01 5.280000e-03 3.375480e-01
227 6.563040e-01 5.320000e-03 3.383760e-01
228 6.554360e-01 5.200000e-03 3.393640e-01
229 6.546320e-01 5.044000e-03 3.403240e-01
230 6.538440e-01 4.992000e-03 3.411640e-01
231 6.530040e-01 4.956000e-03 3.420400e-01
232 6.521200e-01 4.992000e-03 3.428880e-01
233 6.512240e-01 5.044000e-03 3.437320e-01
234 6.502720e-01 5.064000e-03 3.446640e-01
235 6.494560e-01 4.960000e-03 3.455840e-01
236 6.486760e-01 4.780000e-03 3.465440e-01
237 6.478360e-01 4.860000e-03 3.473040e-01
238 6.471080e-01 4.748000e-03 3.481440e-01
239 6.462680e-01 4.880000e-03 3.488520e-01
240 6.453400e-01 4.956000e-03 3.497040e-01
241 6.444960e-01 4.932000e-03 3.505720e-01
242 6.437400e-01 4.884000e-03 3.513760e-01
243 6.430440e-01 4.720000e-03 3.522360e-01
244 6.423000e-01 4.572000e-03 3.531280e-01
245 6.416000e-01 4.520000e-03 3.538800e-01
246 6.408720e-01 4.548000e-03 3.545800e-01
247 6.401280e-01 4.500000e-03 3.553720e-01
248 6.393480e-01 4.516000e-03 3.561360e-01
249 6.386880e-01 4.296000e-03 3.570160e-01
250 6.381080e-01 4.128000e-03 3.577640e-01
251 6.374480e-01 4.116000e-03 3.584360e-01
252 6.367120e-01 4.100000e-03 3.591880e-01
253 6.359520e-01 4.148000e-03 3.599000e-01
254 6.351240e-01 4.192000e-03 3.606840e-01
255 6.344480e-01 4.124000e-03 3.614280e-01
256 6.338000e-01 4.020000e-03 3.621800e-01
257 6.331640e-01 3.980000e-03 3.628560e-01
258 6.325520e-01 3.856000e-03 3.635920e-01
259 6.320440e-01 3.620000e-03 3.643360e-01
260 6.314720e-01 3.556000e-03 3.649720e-01
261 6.308120e-01 3.672000e-03 3.655160e-01
262 6.301840e-01 3.640000e-03 3.661760e-01
263 6.296160e-01 3.604000e-03 3.667800e-01
264 6.290120e-01 3.484000e-03 3.675040e-01
265 6.283600e-01 3.568000e-03 3.680720e-01
266 6.277480e-01 3.556000e-03 3.686960e-01
267 6.271720e-01 3.544000e-03 3.692840e-01
268 6.266080e-01 3.460000e-03 3.699320e-01
269 6.261440e-01 3.300000e-03 3.705560e-01
270 6.256080e-01 3.228000e-03 3.711640e-01
271 6.249960e-01 3.288000e-03 3.717160e-01
272 6.244080e-01 3.224000e-03 3.723680e-01
273 6.238920e-01 3.208000e-03 3.729000e-01
274 6.232720e-01 3.248000e-03 3.734800e-01
275 6.227520e-01 3.196000e-03 3.740520e-01
276 6.221480e-01 3.276000e-03 3.745760e-01
277 6.216120e-01 3.220000e-03 3.751680e-01
278 6.210800e-01 3.164000e-03 3.757560e-01
279 6.205160e-01 3.112000e-03 3.763720e-01
280 6.200360e-01 2.980000e-03 3.769840e-01
281 6.195520e-01 2.960000e-03 3.774880e-01
282 6.189960e-01 3.008000e-03 3.779960e-01
283 6.184120e-01 3.016000e-03 3.785720e-01
284 6.179040e-01 2.960000e-03 3.791360e-01
285 6.172920e-01 3.060000e-03 3.796480e-01
286 6.167040e-01 3.116000e-03 3.801800e-01
287 6.161280e-01 3.152000e-03 3.807200e-01
288 6.156240e-01 3.104000e-03 3.812720e-01
289 6.151200e-01 3.016000e-03 3.818640e-01
290 6.145640e-01 3.008000e-03 3.824280e-01
291 6.139640e-01 3.072000e-03 3.829640e-01
292 6.133120e-01 3.164000e-03 3.835240e-01
293 6.126520e-01 3.256000e-03 3.840920e-01
294 6.120000e-01 3.368000e-03 3.846320e-01
295 6.115200e-01 3.296000e-03 3.851840e-01
296 6.109240e-01 3.300000e-03 3.857760e-01
297 6.103360e-01 3.280000e-03 3.863840e-01
298 6.097440e-01 3.300000e-03 3.869560e-01
299 6.092080e-01 3.176000e-03 3.876160e-01
300 6.087920e-01 3.104000e-03 3.881040e-01
301 6.083080e-01 3.004000e-03 3.886880e-01
302 6.077600e-01 2.992000e-03 3.892480e-01
303 6.072520e-01 2.968000e-03 3.897800e-01
304 6.067680e-01 2.952000e-03 3.902800e-01
305 6.062520e-01 2.892000e-03 3.908560e-01
306 6.057800e-01 2.864000e-03 3.913560e-01
307 6.051960e-01 3.004000e-03 3.918000e-01
308 6.047160e-01 2.960000e-03 3.923240e-01
309 6.041760e-01 2.984000e-03 3.928400e-01
310 6.036080e-01 2.996000e-03 3.933960e-01
311 6.030880e-01 3.000000e-03 3.939120e-01
312 6.026080e-01 3.028000e-03 3.943640e-01
313 6.021280e-01 3.044000e-03 3.948280e-01
314 6.016240e-01 3.020000e-03 3.953560e-01
315 6.010440e-01 3.124000e-03 3.958320e-01
316 6.005600e-01 3.020000e-03 3.964200e-01
317 6.000080e-01 3.008000e-03 3.969840e-01
318 5.995080e-01 2.960000e-03 3.975320e-01
319 5.991440e-01 2.808000e-03 3.980480e-01
320 5.987600e-01 2.672000e-03 3.985680e-01
321 5.983560e-01 2.624000e-03 3.990200e-01
322 5.979040e-01 2.612000e-03 3.994840e-01
323 5.975600e-01 2.476000e-03 3.999640e-01
324 5.972160e-01 2.376000e-03 4.004080e-01
325 5.968440e-01 2.304000e-03 4.008520e-01
326 5.964560e-01 2.224000e-03 4.013200e-01
327 5.960880e-01 2.212000e-03 4.017000e-01
328 5.957600e-01 2.184000e-03 4.020560e-01
329 5.953440e-01 2.196000e-03 4.024600e-01
330 5.949760e-01 2.240000e-03 4.027840e-01
331 5.946680e-01 2.148000e-03 4.031840e-01
332 5.942360e-01 2.224000e-03 4.035400e-01
333 5.937160e-01 2.340000e-03 4.039440e-01
334 5.932840e-01 2.396000e-03 4.043200e-01
335 5.928800e-01 2.332000e-03 4.047880e-01
336 5.924600e-01 2.376000e-03 4.051640e-01
337 5.921520e-01 2.192000e-03 4.056560e-01
338 5.917800e-01 2.116000e-03 4.061040e-01
339 5.914640e-01 2.080000e-03 4.064560e-01
340 5.911960e-01 1.948000e-03 4.068560e-01
341 5.909000e-01 1.888000e-03 4.072120e-01
342 5.906160e-01 1.828000e-03 4.075560e-01
343 5.902560e-01 1.844000e-03 4.079000e-01
344 5.898960e-01 1.912000e-03 4.081920e-01
345 5.895360e-01 1.904000e-03 4.085600e-01
346 5.891000e-01 2.000000e-03 4.089000e-01
347 5.887480e-01 2.008000e-03 4.092440e-01
348 5.883560e-01 2.040000e-03 4.096040e-01
349 5.880200e-01 2.028000e-03 4.099520e-01
350 5.876360e-01 2.048000e-03 4.103160e-01
351 5.873080e-01 2.064000e-03 4.106280e-01
352 5.869400e-01 2.080000e-03 4.109800e-01
353 5.866080e-01 2.072000e-03 4.113200e-01
354 5.862440e-01 2.048000e-03 4.117080e-01
355 5.859720e-01 1.964000e-03 4.120640e-01
356 5.856320e-01 1.944000e-03 4.124240e-01
357 5.852880e-01 1.988000e-03 4.127240e-01
358 5.850080e-01 1.888000e-03 4.131040e-01
359 5.847280e-01 1.844000e-03 4.134280e-01
360 5.844880e-01 1.700000e-03 4.138120e-01
361 5.842480e-01 1.640000e-03 4.141120e-01
362 5.839760e-01 1.612000e-03 4.144120e-01
363 5.836440e-01 1.648000e-03 4.147080e-01
364 5.833640e-01 1.628000e-03 4.150080e-01
365 5.830440e-01 1.648000e-03 4.153080e-01
366 5.828160e-01 1.564000e-03 4.156200e-01
367 5.824800e-01 1.608000e-03 4.159120e-01
368 5.821800e-01 1.604000e-03 4.162160e-01
369 5.819600e-01 1.556000e-03 4.164840e-01
370 5.817080e-01 1.520000e-03 4.167720e-01
371 5.814920e-01 1.492000e-03 4.170160e-01
372 5.812320e-01 1.468000e-03 4.173000e-01
373 5.809800e-01 1.468000e-03 4.175520e-01
374 5.806880e-01 1.500000e-03 4.178120e-01
375 5.803960e-01 1.580000e-03 4.180240e-01
376 5.801360e-01 1.624000e-03 4.182400e-01
377 5.798680e-01 1.584000e-03 4.185480e-01
378 5.796400e-01 1.480000e-03 4.188800e-01
379 5.793800e-01 1.460000e-03 4.191600e-01
380 5.791640e-01 1.392000e-03 4.194440e-01
381 5.789120e-01 1.404000e-03 4.196840e-01
382 5.786120e-01 1.484000e-03 4.199040e-01
383 5.782760e-01 1.576000e-03 4.201480e-01
384 5.779840e-01 1.596000e-03 4.204200e-01
385 5.776880e-01 1.660000e-03 4.206520e-01
386 5.773600e-01 1.676000e-03 4.209640e-01
387 5.769440e-01 1.792000e-03 4.212640e-01
388 5.766480e-01 1.764000e-03 4.215880e-01
389 5.763560e-01 1.764000e-03 4.218800e-01
390 5.760320e-01 1.772000e-03 4.221960e-01
391 5.757080e-01 1.764000e-03 4.225280e-01
392 5.753880e-01 1.744000e-03 4.228680e-01
393 5.751520e-01 1.676000e-03 4.231720e-01
394 5.749080e-01 1.624000e-03 4.234680e-01
395 5.746120e-01 1.644000e-03 4.237440e-01
396 5.743000e-01 1.636000e-03 4.240640e-01
397 5.740080e-01 1.680000e-03 4.243120e-01
398 5.738080e-01 1.564000e-03 4.246280e-01
399 5.735640e-01 1.516000e-03 4.249200e-01
400 5.733360e-01 1.544000e-03 4.251200e-01
401 5.730560e-01 1.604000e-03 4.253400e-01
402 5.727880e-01 1.604000e-03 4.256080e-01
403 5.725080e-01 1.608000e-03 4.258840e-01
404 5.722880e-01 1.548000e-03 4.261640e-01
405 5.720240e-01 1.512000e-03 4.264640e-01
406 5.717840e-01 1.508000e-03 4.267080e-01
407 5.715080e-01 1.536000e-03 4.269560e-01
408 5.712920e-01 1.524000e-03 4.271840e-01
409 5.710320e-01 1.468000e-03 4.275000e-01
410 5.708240e-01 1.444000e-03 4.277320e-01
411 5.705840e-01 1.412000e-03 4.280040e-01
412 5.703360e-01 1.380000e-03 4.282840e-01
413 5.700360e-01 1.436000e-03 4.285280e-01
414 5.697320e-01 1.480000e-03 4.287880e-01
415 5.695080e-01 1.468000e-03 4.290240e-01
416 5.693000e-01 1.412000e-03 4.292880e-01
417 5.690640e-01 1.452000e-03 4.294840e-01
418 5.688080e-01 1.464000e-03 4.297280e-01
419 5.685480e-01 1.408000e-03 4.300440e-01
420 5.683000e-01 1.404000e-03 4.302960e-01
421 5.680640e-01 1.372000e-03 4.305640e-01
422 5.678960e-01 1.296000e-03 4.308080e-01
423 5.676960e-01 1.236000e-03 4.310680e-01
424 5.675120e-01 1.144000e-03 4.313440e-01
425 5.673480e-01 1.136000e-03 4.315160e-01
426 5.671320e-01 1.192000e-03 4.316760e-01
427 5.669640e-01 1.184000e-03 4.318520e-01
428 5.667720e-01 1.132000e-03 4.320960e-01
429 5.666080e-01 1.116000e-03 4.322760e-01
430 5.663920e-01 1.156000e-03 4.324520e-01
431 5.662400e-01 1.112000e-03 4.326480e-01
432 5.660640e-01 1.140000e-03 4.327960e-01
433 5.658520e-01 1.164000e-03 4.329840e-01
434 5.656760e-01 1.136000e-03 4.331880e-01
435 5.654600e-01 1.132000e-03 4.334080e-01
436 5.652400e-01 1.168000e-03 4.335920e-01
437 5.650480e-01 1.112000e-03 4.338400e-01
438 5.648760e-01 1.108000e-03 4.340160e-01
439 5.647520e-01 1.052000e-03 4.341960e-01
440 5.646080e-01 9.880000e-04 4.344040e-01
441 5.644600e-01 9.600000e-04 4.345800e-01
442 5.643480e-01 9.440000e-04 4.347080e-01
443 5.641880e-01 9.160000e-04 4.348960e-01
444 5.640400e-01 9.040000e-04 4.350560e-01
445 5.638400e-01 1.012000e-03 4.351480e-01
446 5.636640e-01 9.960000e-04 4.353400e-01
447 5.634680e-01 1.024000e-03 4.355080e-01
448 5.633120e-01 1.008000e-03 4.356800e-01
449 5.630800e-01 1.064000e-03 4.358560e-01
450 5.629680e-01 9.680000e-04 4.360640e-01
451 5.628440e-01 9.160000e-04 4.362400e-01
452 5.626240e-01 9.600000e-04 4.364160e-01
453 5.624600e-01 9.480000e-04 4.365920e-01
454 5.622920e-01 9.320000e-04 4.367760e-01
455 5.621520e-01 8.960000e-04 4.369520e-01
456 5.619680e-01 8.920000e-04 4.371400e-01
457 5.618360e-01 8.680000e-04 4.372960e-01
458 5.616960e-01 8.440000e-04 4.374600e-01
459 5.616040e-01 7.440000e-04 4.376520e-01
460 5.614080e-01 8.200000e-04 4.377720e-01
461 5.612680e-01 8.400000e-04 4.378920e-01
462 5.611480e-01 8.720000e-04 4.379800e-01
463 5.610240e-01 8.200000e-04 4.381560e-01
464 5.609160e-01 7.840000e-04 4.383000e-01
465 5.607600e-01 8.200000e-04 4.384200e-01
466 5.606160e-01 8.240000e-04 4.385600e-01
467 5.605000e-01 7.720000e-04 4.387280e-01
468 5.603640e-01 7.360000e-04 4.389000e-01
469 5.602720e-01 6.920000e-04 4.390360e-01
470 5.601360e-01 7.160000e-04 4.391480e-01
471 5.599880e-01 7.280000e-04 4.392840e-01
472 5.598800e-01 6.640000e-04 4.394560e-01
473 5.597880e-01 6.520000e-04 4.395600e-01
474 5.596680e-01 6.560000e-04 4.396760e-01
475 5.595720e-01 6.200000e-04 4.398080e-01
476 5.594760e-01 6.520000e-04 4.398720e-01
477 5.593760e-01 6.280000e-04 4.399960e-01
478 5.592560e-01 6.440000e-04 4.401000e-01
479 5.591440e-01 6.320000e-04 4.402240e-01
480 5.590480e-01 6.680000e-04 4.402840e-01
481 5.589320e-01 6.280000e-04 4.404400e-01
482 5.588360e-01 5.880000e-04 4.405760e-01
483 5.587560e-01 5.840000e-04 4.406600e-01
484 5.586320e-01 6.200000e-04 4.407480e-01
485 5.585240e-01 6.240000e-04 4.408520e-01
486 5.584360e-01 6.240000e-04 4.409400e-01
487 5.583280e-01 6.280000e-04 4.410440e-01
488 5.582320e-01 6.040000e-04 4.411640e-01
489 5.581400e-01 6.000000e-04 4.412600e-01
490 5.580120e-01 5.920000e-04 4.413960e-01
491 5.579200e-01 5.760000e-04 4.415040e-01
492 5.578200e-01 6.000000e-04 4.415800e-01
493 5.577040e-01 6.640000e-04 4.416320e-01
494 5.575600e-01 6.880000e-04 4.417520e-01
495 5.574680e-01 6.560000e-04 4.418760e-01
496 5.573520e-01 6.320000e-04 4.420160e-01
497 5.572640e-01 6.480000e-04 4.420880e-01
498 5.572080e-01 5.760000e-04 4.422160e-01
499 5.571200e-01 5.600000e-04 4.423200e-01
500 5.570520e-01 5.640000e-04 4.423840e-01
