1 9.991920e-01 7.080000e-04 1.000000e-04
2 9.985840e-01 1.160000e-03 2.560000e-04
3 9.979480e-01 1.580000e-03 4.720000e-04
4 9.971120e-01 2.068000e-03 8.200000e-04
5 9.963000e-01 2.496000e-03 1.204000e-03
6 9.953760e-01 2.920000e-03 1.704000e-03
7 9.944560e-01 3.252000e-03 2.292000e-03
8 9.934160e-01 3.712000e-03 2.872000e-03
9 9.923880e-01 4.060000e-03 3.552000e-03
10 9.912600e-01 4.456000e-03 4.284000e-03
11 9.899680e-01 4.984000e-03 5.048000e-03
12 9.886240e-01 5.384000e-03 5.992000e-03
13 9.873520e-01 5.580000e-03 7.068000e-03
14 9.860640e-01 5.952000e-03 7.984000e-03
15 9.846600e-01 6.268000e-03 9.072000e-03
16 9.833240e-01 6.420000e-03 1.025600e-02
17 9.820000e-01 6.512000e-03 1.148800e-02
18 9.806800e-01 6.828000e-03 1.249200e-02
19 9.792040e-01 7.044000e-03 1.375200e-02
20 9.776280e-01 7.436000e-03 1.493600e-02
21 9.760960e-01 7.676000e-03 1.622800e-02
22 9.745960e-01 7.864000e-03 1.754000e-02
23 9.731720e-01 7.896000e-03 1.893200e-02
24 9.717000e-01 8.056000e-03 2.024400e-02
25 9.698560e-01 8.560000e-03 2.158400e-02
26 9.683440e-01 8.628000e-03 2.302800e-02
27 9.665600e-01 8.824000e-03 2.461600e-02
28 9.649560e-01 8.980000e-03 2.606400e-02
29 9.633760e-01 9.012000e-03 2.761200e-02
30 9.619080e-01 8.968000e-03 2.912400e-02
31 9.603280e-01 9.032000e-03 3.064000e-02
32 9.587240e-01 9.052000e-03 3.222400e-02
33 9.570160e-01 9.140000e-03 3.384400e-02
34 9.554000e-01 9.040000e-03 3.556000e-02
35 9.537040e-01 9.056000e-03 3.724000e-02
36 9.520800e-01 9.172000e-03 3.874800e-02
37 9.503560e-01 9.348000e-03 4.029600e-02
38 9.487440e-01 9.244000e-03 4.201200e-02
39 9.470840e-01 9.276000e-03 4.364000e-02
40 9.452640e-01 9.592000e-03 4.514400e-02
41 9.436480e-01 9.572000e-03 4.678000e-02
42 9.419240e-01 9.696000e-03 4.838000e-02
43 9.399720e-01 9.948000e-03 5.008000e-02
44 9.380480e-01 1.014000e-02 5.181200e-02
45 9.363160e-01 1.003600e-02 5.364800e-02
46 9.346240e-01 9.972000e-03 5.540400e-02
47 9.330920e-01 9.704000e-03 5.720400e-02
48 9.314760e-01 9.528000e-03 5.899600e-02
49 9.298200e-01 9.676000e-03 6.050400e-02
50 9.282960e-01 9.428000e-03 6.227600e-02
51 9.264840e-01 9.536000e-03 6.398000e-02
52 9.247360e-01 9.488000e-03 6.577600e-02
53 9.230080e-01 9.556000e-03 6.743600e-02
54 9.212720e-01 9.600000e-03 6.912800e-02
55 9.195000e-01 9.616000e-03 7.088400e-02
56 9.177240e-01 9.628000e-03 7.264800e-02
57 9.159880e-01 9.664000e-03 7.434800e-02
58 9.142760e-01 9.796000e-03 7.592800e-02
59 9.125920e-01 9.732000e-03 7.767600e-02
60 9.108040e-01 9.892000e-03 7.930400e-02
61 9.089360e-01 9.980000e-03 8.108400e-02
62 9.073520e-01 9.892000e-03 8.275600e-02
63 9.056160e-01 9.804000e-03 8.458000e-02
64 9.039320e-01 9.668000e-03 8.640000e-02
65 9.022800e-01 9.760000e-03 8.796000e-02
66 9.004840e-01 9.744000e-03 8.977200e-02
67 8.987240e-01 9.808000e-03 9.146800e-02
68 8.969080e-01 9.904000e-03 9.318800e-02
69 8.951880e-01 9.800000e-03 9.501200e-02
70 8.935160e-01 9.792000e-03 9.669200e-02
71 8.917520e-01 9.840000e-03 9.840800e-02
72 8.899480e-01 9.824000e-03 1.002280e-01
73 8.883040e-01 9.724000e-03 1.019720e-01
74 8.865680e-01 9.728000e-03 1.037040e-01
75 8.847680e-01 9.652000e-03 1.055800e-01
76 8.829680e-01 9.720000e-03 1.073120e-01
77 8.812400e-01 9.772000e-03 1.089880e-01
78 8.795240e-01 9.784000e-03 1.106920e-01
79 8.777600e-01 9.760000e-03 1.124800e-01
80 8.760160e-01 9.788000e-03 1.141960e-01
81 8.742200e-01 9.720000e-03 1.160600e-01
82 8.723920e-01 9.908000e-03 1.177000e-01
83 8.707280e-01 9.796000e-03 1.194760e-01
84 8.689360e-01 9.920000e-03 1.211440e-01
85 8.672320e-01 9.924000e-03 1.228440e-01
86 8.653880e-01 1.027200e-02 1.243400e-01
87 8.634200e-01 1.030800e-02 1.262720e-01
88 8.617240e-01 1.020800e-02 1.280680e-01
89 8.599040e-01 1.027200e-02 1.298240e-01
90 8.581000e-01 1.030000e-02 1.316000e-01
91 8.562240e-01 1.035200e-02 1.334240e-01
92 8.544040e-01 1.035200e-02 1.352440e-01
93 8.526200e-01 1.051600e-02 1.368640e-01
94 8.507840e-01 1.053600e-02 1.386800e-01
95 8.491120e-01 1.044000e-02 1.404480e-01
96 8.473840e-01 1.030800e-02 1.423080e-01
97 8.456680e-01 1.030000e-02 1.440320e-01
98 8.438720e-01 1.034400e-02 1.457840e-01
99 8.421680e-01 1.028000e-02 1.475520e-01
100 8.405200e-01 1.016000e-02 1.493200e-01
101 8.386880e-01 1.032400e-02 1.509880e-01
102 8.370400e-01 1.009200e-02 1.528680e-01
103 8.352320e-01 1.011600e-02 1.546520e-01
104 8.334720e-01 1.016800e-02 1.563600e-01
105 8.319400e-01 9.932000e-03 1.581280e-01
106 8.302880e-01 9.928000e-03 1.597840e-01
107 8.284880e-01 9.908000e-03 1.616040e-01
108 8.269480e-01 9.748000e-03 1.633040e-01
109 8.253280e-01 9.708000e-03 1.649640e-01
110 8.236760e-01 9.752000e-03 1.665720e-01
111 8.221280e-01 9.692000e-03 1.681800e-01
112 8.205880e-01 9.596000e-03 1.698160e-01
113 8.190560e-01 9.444000e-03 1.715000e-01
114 8.174800e-01 9.348000e-03 1.731720e-01
115 8.158600e-01 9.396000e-03 1.747440e-01
116 8.143720e-01 9.332000e-03 1.762960e-01
117 8.127600e-01 9.320000e-03 1.779200e-01
118 8.113320e-01 9.080000e-03 1.795880e-01
119 8.099200e-01 9.000000e-03 1.810800e-01
120 8.082800e-01 9.120000e-03 1.826000e-01
121 8.068360e-01 8.976000e-03 1.841880e-01
122 8.051680e-01 9.116000e-03 1.857160e-01
123 8.035480e-01 9.048000e-03 1.874040e-01
124 8.018040e-01 9.096000e-03 1.891000e-01
125 8.000280e-01 9.344000e-03 1.906280e-01
126 7.983400e-01 9.400000e-03 1.922600e-01
127 7.968160e-01 9.364000e-03 1.938200e-01
128 7.953320e-01 9.232000e-03 1.954360e-01
129 7.937880e-01 9.232000e-03 1.969800e-01
130 7.923360e-01 9.200000e-03 1.984640e-01
131 7.906720e-01 9.232000e-03 2.000960e-01
132 7.890920e-01 9.224000e-03 2.016840e-01
133 7.876080e-01 9.176000e-03 2.032160e-01
134 7.862880e-01 8.740000e-03 2.049720e-01
135 7.849360e-01 8.548000e-03 2.065160e-01
136 7.835040e-01 8.548000e-03 2.079480e-01
137 7.820640e-01 8.412000e-03 2.095240e-01
138 7.807560e-01 8.252000e-03 2.109920e-01
139 7.795280e-01 7.992000e-03 2.124800e-01
140 7.782520e-01 7.940000e-03 2.138080e-01
141 7.769200e-01 7.804000e-03 2.152760e-01
142 7.755920e-01 7.804000e-03 2.166040e-01
143 7.743040e-01 7.716000e-03 2.179800e-01
144 7.728400e-01 7.792000e-03 2.193680e-01
145 7.713760e-01 7.992000e-03 2.206320e-01
146 7.700960e-01 7.736000e-03 2.221680e-01
147 7.688680e-01 7.652000e-03 2.234800e-01
148 7.675800e-01 7.624000e-03 2.247960e-01
149 7.664160e-01 7.424000e-03 2.261600e-01
150 7.652080e-01 7.320000e-03 2.274720e-01
151 7.640680e-01 7.160000e-03 2.287720e-01
152 7.628760e-01 7.076000e-03 2.300480e-01
153 7.615760e-01 7.208000e-03 2.312160e-01
154 7.603640e-01 7.184000e-03 2.324520e-01
155 7.590640e-01 7.240000e-03 2.336960e-01
156 7.578800e-01 7.120000e-03 2.350000e-01
157 7.565560e-01 7.156000e-03 2.362880e-01
158 7.552400e-01 7.084000e-03 2.376760e-01
159 7.541320e-01 6.912000e-03 2.389560e-01
160 7.529800e-01 6.808000e-03 2.402120e-01
161 7.518640e-01 6.840000e-03 2.412960e-01
162 7.507280e-01 6.756000e-03 2.425160e-01
163 7.497120e-01 6.548000e-03 2.437400e-01
164 7.486320e-01 6.420000e-03 2.449480e-01
165 7.476000e-01 6.368000e-03 2.460320e-01
166 7.464000e-01 6.436000e-03 2.471640e-01
167 7.453000e-01 6.320000e-03 2.483800e-01
168 7.441960e-01 6.240000e-03 2.495640e-01
169 7.430720e-01 6.276000e-03 2.506520e-01
170 7.419600e-01 6.328000e-03 2.517120e-01
171 7.408320e-01 6.364000e-03 2.528040e-01
172 7.398480e-01 6.288000e-03 2.538640e-01
173 7.387120e-01 6.536000e-03 2.547520e-01
174 7.377400e-01 6.356000e-03 2.559040e-01
175 7.366840e-01 6.356000e-03 2.569600e-01
176 7.356520e-01 6.280000e-03 2.580680e-01
177 7.347560e-01 6.092000e-03 2.591520e-01
178 7.338760e-01 5.972000e-03 2.601520e-01
179 7.329800e-01 5.820000e-03 2.612000e-01
180 7.320280e-01 5.800000e-03 2.621720e-01
181 7.311720e-01 5.672000e-03 2.631560e-01
182 7.303640e-01 5.424000e-03 2.642120e-01
183 7.294880e-01 5.316000e-03 2.651960e-01
184 7.285400e-01 5.348000e-03 2.661120e-01
185 7.277240e-01 5.220000e-03 2.670560e-01
186 7.269640e-01 5.088000e-03 2.679480e-01
187 7.260520e-01 5.132000e-03 2.688160e-01
188 7.252160e-01 5.036000e-03 2.697480e-01
189 7.243800e-01 4.924000e-03 2.706960e-01
190 7.237680e-01 4.708000e-03 2.715240e-01
191 7.230840e-01 4.632000e-03 2.722840e-01
192 7.223120e-01 4.616000e-03 2.730720e-01
193 7.215640e-01 4.572000e-03 2.738640e-01
194 7.207440e-01 4.624000e-03 2.746320e-01
195 7.199120e-01 4.648000e-03 2.754400e-01
196 7.190640e-01 4.664000e-03 2.762720e-01
197 7.181880e-01 4.700000e-03 2.771120e-01
198 7.173440e-01 4.704000e-03 2.779520e-01
199 7.164440e-01 4.640000e-03 2.789160e-01
200 7.155560e-01 4.756000e-03 2.796880e-01
201 7.148440e-01 4.660000e-03 2.804960e-01
202 7.141440e-01 4.496000e-03 2.813600e-01
203 7.133800e-01 4.532000e-03 2.820880e-01
204 7.126040e-01 4.556000e-03 2.828400e-01
205 7.119960e-01 4.396000e-03 2.836080e-01
206 7.111600e-01 4.460000e-03 2.843800e-01
207 7.104080e-01 4.392000e-03 2.852000e-01
208 7.095720e-01 4.372000e-03 2.860560e-01
209 7.089080e-01 4.260000e-03 2.868320e-01
210 7.082120e-01 4.328000e-03 2.874600e-01
211 7.074600e-01 4.332000e-03 2.882080e-01
212 7.066680e-01 4.408000e-03 2.889240e-01
213 7.059720e-01 4.360000e-03 2.896680e-01
214 7.052800e-01 4.396000e-03 2.903240e-01
215 7.045400e-01 4.280000e-03 2.911800e-01
216 7.037480e-01 4.376000e-03 2.918760e-01
217 7.029600e-01 4.368000e-03 2.926720e-01
218 7.021720e-01 4.416000e-03 2.934120e-01
219 7.013280e-01 4.392000e-03 2.942800e-01
220 7.006000e-01 4.292000e-03 2.951080e-01
221 6.997760e-01 4.396000e-03 2.958280e-01
222 6.989520e-01 4.508000e-03 2.965400e-01
223 6.981080e-01 4.492000e-03 2.974000e-01
224 6.972560e-01 4.524000e-03 2.982200e-01
225 6.963680e-01 4.660000e-03 2.989720e-01
226 6.956960e-01 4.564000e-03 2.997400e-01
227 6.949600e-01 4.500000e-03 3.005400e-01
228 6.941720e-01 4.460000e-03 3.013680e-01
229 6.933680e-01 4.560000e-03 3.020720e-01
230 6.925800e-01 4.592000e-03 3.028280e-01
231 6.918440e-01 4.600000e-03 3.035560e-01
232 6.910560e-01 4.588000e-03 3.043560e-01
233 6.904200e-01 4.492000e-03 3.050880e-01
234 6.896320e-01 4.572000e-03 3.057960e-01
235 6.888640e-01 4.420000e-03 3.067160e-01
236 6.882640e-01 4.284000e-03 3.074520e-01
237 6.876040e-01 4.192000e-03 3.082040e-01
238 6.869800e-01 4.112000e-03 3.089080e-01
239 6.863400e-01 4.096000e-03 3.095640e-01
240 6.856760e-01 4.092000e-03 3.102320e-01
241 6.850840e-01 4.036000e-03 3.108800e-01
242 6.844080e-01 4.024000e-03 3.115680e-01
243 6.837520e-01 3.952000e-03 3.122960e-01
244 6.830360e-01 3.992000e-03 3.129720e-01
245 6.823760e-01 3.948000e-03 3.136760e-01
246 6.816640e-01 3.932000e-03 3.144040e-01
247 6.810120e-01 3.900000e-03 3.150880e-01
248 6.803400e-01 3.848000e-03 3.158120e-01
249 6.795840e-01 3.896000e-03 3.165200e-01
250 6.789080e-01 3.916000e-03 3.171760e-01
251 6.781760e-01 3.956000e-03 3.178680e-01
252 6.775640e-01 3.892000e-03 3.185440e-01
253 6.769000e-01 3.868000e-03 3.192320e-01
254 6.761960e-01 3.976000e-03 3.198280e-01
255 6.755280e-01 4.036000e-03 3.204360e-01
256 6.748240e-01 4.048000e-03 3.211280e-01
257 6.741400e-01 3.988000e-03 3.218720e-01
258 6.734480e-01 3.984000e-03 3.225680e-01
259 6.726000e-01 4.140000e-03 3.232600e-01
260 6.718960e-01 4.180000e-03 3.239240e-01
261 6.711840e-01 4.160000e-03 3.246560e-01
262 6.704560e-01 4.172000e-03 3.253720e-01
263 6.697920e-01 4.060000e-03 3.261480e-01
264 6.691680e-01 4.016000e-03 3.268160e-01
265 6.684640e-01 4.048000e-03 3.274880e-01
266 6.678080e-01 3.980000e-03 3.282120e-01
267 6.671160e-01 3.976000e-03 3.289080e-01
268 6.664880e-01 3.896000e-03 3.296160e-01
269 6.658200e-01 3.880000e-03 3.303000e-01
270 6.651320e-01 3.864000e-03 3.310040e-01
271 6.644360e-01 3.924000e-03 3.316400e-01
272 6.637560e-01 3.980000e-03 3.322640e-01
273 6.631160e-01 3.856000e-03 3.330280e-01
274 6.625040e-01 3.720000e-03 3.337760e-01
275 6.617160e-01 3.924000e-03 3.343600e-01
276 6.610400e-01 3.880000e-03 3.350800e-01
277 6.602960e-01 3.940000e-03 3.357640e-01
278 6.594760e-01 4.060000e-03 3.364640e-01
279 6.586400e-01 4.208000e-03 3.371520e-01
280 6.579720e-01 4.084000e-03 3.379440e-01
281 6.573120e-01 4.052000e-03 3.386360e-01
282 6.566880e-01 3.872000e-03 3.394400e-01
283 6.561480e-01 3.624000e-03 3.402280e-01
284 6.555840e-01 3.556000e-03 3.408600e-01
285 6.551240e-01 3.348000e-03 3.415280e-01
286 6.545840e-01 3.272000e-03 3.421440e-01
287 6.540040e-01 3.276000e-03 3.427200e-01
288 6.534880e-01 3.176000e-03 3.433360e-01
289 6.529960e-01 3.168000e-03 3.438360e-01
290 6.524040e-01 3.228000e-03 3.443680e-01
291 6.518480e-01 3.128000e-03 3.450240e-01
292 6.513840e-01 3.032000e-03 3.455840e-01
293 6.509040e-01 2.904000e-03 3.461920e-01
294 6.503680e-01 2.932000e-03 3.467000e-01
295 6.498280e-01 2.920000e-03 3.472520e-01
296 6.492680e-01 2.948000e-03 3.477840e-01
297 6.488280e-01 2.848000e-03 3.483240e-01
298 6.483640e-01 2.824000e-03 3.488120e-01
299 6.478440e-01 2.904000e-03 3.492520e-01
300 6.473680e-01 2.924000e-03 3.497080e-01
301 6.469720e-01 2.792000e-03 3.502360e-01
302 6.465480e-01 2.720000e-03 3.507320e-01
303 6.461160e-01 2.772000e-03 3.511120e-01
304 6.457960e-01 2.556000e-03 3.516480e-01
305 6.454600e-01 2.456000e-03 3.520840e-01
306 6.451800e-01 2.312000e-03 3.525080e-01
307 6.448360e-01 2.252000e-03 3.529120e-01
308 6.443800e-01 2.284000e-03 3.533360e-01
309 6.439920e-01 2.288000e-03 3.537200e-01
310 6.435680e-01 2.328000e-03 3.541040e-01
311 6.431520e-01 2.288000e-03 3.545600e-01
312 6.427480e-01 2.296000e-03 3.549560e-01
313 6.423480e-01 2.244000e-03 3.554080e-01
314 6.420440e-01 2.164000e-03 3.557920e-01
315 6.417360e-01 2.076000e-03 3.561880e-01
316 6.414080e-01 2.044000e-03 3.565480e-01
317 6.410800e-01 2.044000e-03 3.568760e-01
318 6.407480e-01 2.088000e-03 3.571640e-01
319 6.403840e-01 2.072000e-03 3.575440e-01
320 6.399960e-01 2.128000e-03 3.578760e-01
321 6.395640e-01 2.208000e-03 3.582280e-01
322 6.392240e-01 2.108000e-03 3.586680e-01
323 6.388120e-01 2.168000e-03 3.590200e-01
324 6.383960e-01 2.160000e-03 3.594440e-01
325 6.379720e-01 2.156000e-03 3.598720e-01
326 6.375040e-01 2.240000e-03 3.602560e-01
327 6.370920e-01 2.260000e-03 3.606480e-01
328 6.367240e-01 2.196000e-03 3.610800e-01
329 6.362600e-01 2.264000e-03 3.614760e-01
330 6.358680e-01 2.236000e-03 3.618960e-01
331 6.355240e-01 2.176000e-03 3.623000e-01
332 6.351680e-01 2.160000e-03 3.626720e-01
333 6.347720e-01 2.192000e-03 3.630360e-01
334 6.343640e-01 2.268000e-03 3.633680e-01
335 6.340520e-01 2.196000e-03 3.637520e-01
336 6.336080e-01 2.180000e-03 3.642120e-01
337 6.332520e-01 2.116000e-03 3.646320e-01
338 6.329360e-01 2.076000e-03 3.649880e-01
339 6.325400e-01 2.136000e-03 3.653240e-01
340 6.321400e-01 2.216000e-03 3.656440e-01
341 6.317480e-01 2.236000e-03 3.660160e-01
342 6.313840e-01 2.208000e-03 3.664080e-01
343 6.311080e-01 2.128000e-03 3.667640e-01
344 6.307720e-01 2.108000e-03 3.671200e-01
345 6.304160e-01 2.104000e-03 3.674800e-01
346 6.301200e-01 2.032000e-03 3.678480e-01
347 6.297760e-01 1.992000e-03 3.682320e-01
348 6.294440e-01 1.928000e-03 3.686280e-01
349 6.291720e-01 1.876000e-03 3.689520e-01
350 6.289160e-01 1.844000e-03 3.692400e-01
351 6.285680e-01 1.828000e-03 3.696040e-01
352 6.282920e-01 1.764000e-03 3.699440e-01
353 6.280400e-01 1.704000e-03 3.702560e-01
354 6.277840e-01 1.660000e-03 3.705560e-01
355 6.275200e-01 1.628000e-03 3.708520e-01
356 6.273000e-01 1.592000e-03 3.711080e-01
357 6.270400e-01 1.580000e-03 3.713800e-01
358 6.267280e-01 1.624000e-03 3.716480e-01
359 6.264880e-01 1.600000e-03 3.719120e-01
360 6.262080e-01 1.592000e-03 3.722000e-01
361 6.260280e-01 1.456000e-03 3.725160e-01
362 6.258520e-01 1.356000e-03 3.727920e-01
363 6.256280e-01 1.340000e-03 3.730320e-01
364 6.254800e-01 1.248000e-03 3.732720e-01
365 6.252520e-01 1.256000e-03 3.734920e-01
366 6.249920e-01 1.336000e-03 3.736720e-01
367 6.247600e-01 1.304000e-03 3.739360e-01
368 6.245160e-01 1.360000e-03 3.741240e-01
369 6.243120e-01 1.328000e-03 3.743600e-01
370 6.241480e-01 1.332000e-03 3.745200e-01
371 6.239600e-01 1.268000e-03 3.747720e-01
372 6.237960e-01 1.212000e-03 3.749920e-01
373 6.236400e-01 1.192000e-03 3.751680e-01
374 6.234760e-01 1.156000e-03 3.753680e-01
375 6.233400e-01 1.096000e-03 3.755640e-01
376 6.231560e-01 1.120000e-03 3.757240e-01
377 6.230040e-01 1.056000e-03 3.759400e-01
378 6.228000e-01 1.096000e-03 3.761040e-01
379 6.225920e-01 1.096000e-03 3.763120e-01
380 6.223680e-01 1.156000e-03 3.764760e-01
381 6.221560e-01 1.192000e-03 3.766520e-01
382 6.219880e-01 1.164000e-03 3.768480e-01
383 6.218000e-01 1.116000e-03 3.770840e-01
384 6.216480e-01 1.088000e-03 3.772640e-01
385 6.214760e-01 1.084000e-03 3.774400e-01
386 6.213000e-01 1.032000e-03 3.776680e-01
387 6.211440e-01 1.036000e-03 3.778200e-01
388 6.209600e-01 1.060000e-03 3.779800e-01
389 6.207400e-01 1.136000e-03 3.781240e-01
390 6.205600e-01 1.104000e-03 3.783360e-01
391 6.203800e-01 1.108000e-03 3.785120e-01
392 6.202680e-01 1.060000e-03 3.786720e-01
393 6.201520e-01 1.000000e-03 3.788480e-01
394 6.199720e-01 1.056000e-03 3.789720e-01
395 6.198520e-01 1.024000e-03 3.791240e-01
396 6.197200e-01 9.800000e-04 3.793000e-01
397 6.195880e-01 9.320000e-04 3.794800e-01
398 6.194280e-01 9.560000e-04 3.796160e-01
399 6.192920e-01 9.400000e-04 3.797680e-01
400 6.191880e-01 8.600000e-04 3.799520e-01
401 6.191080e-01 8.120000e-04 3.800800e-01
402 6.190000e-01 7.720000e-04 3.802280e-01
403 6.188760e-01 7.840000e-04 3.803400e-01
404 6.187480e-01 7.440000e-04 3.805080e-01
405 6.186360e-01 7.160000e-04 3.806480e-01
406 6.185400e-01 7.080000e-04 3.807520e-01
407 6.183840e-01 7.280000e-04 3.808880e-01
408 6.182440e-01 7.320000e-04 3.810240e-01
409 6.181120e-01 7.480000e-04 3.811400e-01
410 6.179520e-01 7.960000e-04 3.812520e-01
411 6.178320e-01 7.520000e-04 3.814160e-01
412 6.176800e-01 8.000000e-04 3.815200e-01
413 6.175200e-01 8.320000e-04 3.816480e-01
414 6.173680e-01 8.360000e-04 3.817960e-01
415 6.172320e-01 8.280000e-04 3.819400e-01
416 6.170600e-01 8.520000e-04 3.820880e-01
417 6.169360e-01 7.920000e-04 3.822720e-01
418 6.167640e-01 7.920000e-04 3.824440e-01
419 6.165800e-01 8.560000e-04 3.825640e-01
420 6.163080e-01 9.400000e-04 3.827520e-01
421 6.161120e-01 9.760000e-04 3.829120e-01
422 6.159640e-01 9.240000e-04 3.831120e-01
423 6.158400e-01 8.920000e-04 3.832680e-01
424 6.157040e-01 9.000000e-04 3.833960e-01
425 6.155480e-01 8.680000e-04 3.835840e-01
426 6.154000e-01 8.800000e-04 3.837200e-01
427 6.152920e-01 8.440000e-04 3.838640e-01
428 6.151560e-01 8.520000e-04 3.839920e-01
429 6.150360e-01 7.760000e-04 3.841880e-01
430 6.148880e-01 8.400000e-04 3.842720e-01
431 6.147600e-01 8.400000e-04 3.844000e-01
432 6.146360e-01 7.960000e-04 3.845680e-01
433 6.145000e-01 8.120000e-04 3.846880e-01
434 6.144080e-01 7.880000e-04 3.848040e-01
435 6.142640e-01 8.240000e-04 3.849120e-01
436 6.141080e-01 8.360000e-04 3.850560e-01
437 6.139360e-01 8.720000e-04 3.851920e-01
438 6.138080e-01 8.520000e-04 3.853400e-01
439 6.136640e-01 8.760000e-04 3.854600e-01
440 6.134920e-01 9.120000e-04 3.855960e-01
441 6.133680e-01 8.560000e-04 3.857760e-01
442 6.132480e-01 8.520000e-04 3.859000e-01
443 6.130840e-01 8.640000e-04 3.860520e-01
444 6.128960e-01 9.200000e-04 3.861840e-01
445 6.127200e-01 8.960000e-04 3.863840e-01
446 6.125840e-01 9.120000e-04 3.865040e-01
447 6.124560e-01 8.680000e-04 3.866760e-01
448 6.122640e-01 9.280000e-04 3.868080e-01
449 6.121160e-01 9.360000e-04 3.869480e-01
450 6.119680e-01 9.280000e-04 3.871040e-01
451 6.117680e-01 9.320000e-04 3.873000e-01
452 6.115880e-01 9.600000e-04 3.874520e-01
453 6.113320e-01 1.040000e-03 3.876280e-01
454 6.111160e-01 1.076000e-03 3.878080e-01
455 6.109320e-01 1.108000e-03 3.879600e-01
456 6.107440e-01 1.152000e-03 3.881040e-01
457 6.104960e-01 1.196000e-03 3.883080e-01
458 6.102440e-01 1.292000e-03 3.884640e-01
459 6.099480e-01 1.348000e-03 3.887040e-01
460 6.096760e-01 1.364000e-03 3.889600e-01
461 6.095120e-01 1.276000e-03 3.892120e-01
462 6.092560e-01 1.308000e-03 3.894360e-01
463 6.090880e-01 1.236000e-03 3.896760e-01
464 6.088600e-01 1.268000e-03 3.898720e-01
465 6.086400e-01 1.284000e-03 3.900760e-01
466 6.083960e-01 1.344000e-03 3.902600e-01
467 6.080960e-01 1.392000e-03 3.905120e-01
468 6.078800e-01 1.308000e-03 3.908120e-01
469 6.077280e-01 1.240000e-03 3.910320e-01
470 6.075160e-01 1.196000e-03 3.912880e-01
471 6.073000e-01 1.192000e-03 3.915080e-01
472 6.071120e-01 1.144000e-03 3.917440e-01
473 6.069120e-01 1.168000e-03 3.919200e-01
474 6.067440e-01 1.124000e-03 3.921320e-01
475 6.066040e-01 1.056000e-03 3.923400e-01
476 6.064800e-01 1.008000e-03 3.925120e-01
477 6.063360e-01 9.520000e-04 3.927120e-01
478 6.062200e-01 9.400000e-04 3.928400e-01
479 6.061080e-01 8.880000e-04 3.930040e-01
480 6.059920e-01 8.600000e-04 3.931480e-01
481 6.058920e-01 8.360000e-04 3.932720e-01
482 6.058040e-01 7.920000e-04 3.934040e-01
483 6.056680e-01 8.000000e-04 3.935320e-01
484 6.055320e-01 7.880000e-04 3.936800e-01
485 6.054200e-01 7.680000e-04 3.938120e-01
486 6.052640e-01 7.680000e-04 3.939680e-01
487 6.051080e-01 7.680000e-04 3.941240e-01
488 6.049840e-01 7.200000e-04 3.942960e-01
489 6.048360e-01 7.120000e-04 3.944520e-01
490 6.047000e-01 7.200000e-04 3.945800e-01
491 6.045840e-01 7.040000e-04 3.947120e-01
492 6.045160e-01 6.760000e-04 3.948080e-01
493 6.043640e-01 7.160000e-04 3.949200e-01
494 6.042600e-01 7.160000e-04 3.950240e-01
495 6.041240e-01 7.360000e-04 3.951400e-01
496 6.040200e-01 6.560000e-04 3.953240e-01
497 6.039440e-01 6.240000e-04 3.954320e-01
498 6.038640e-01 6.040000e-04 3.955320e-01
499 6.038080e-01 5.720000e-04 3.956200e-01
500 6.037560e-01 5.280000e-04 3.957160e-01
