1 9.991160e-01 7.680000e-04 1.160000e-04
2 9.985720e-01 1.140000e-03 2.880000e-04
3 9.978680e-01 1.604000e-03 5.280000e-04
4 9.970960e-01 2.084000e-03 8.200000e-04
5 9.962360e-01 2.544000e-03 1.220000e-03
6 9.953400e-01 2.980000e-03 1.680000e-03
7 9.943560e-01 3.412000e-03 2.232000e-03
8 9.934120e-01 3.676000e-03 2.912000e-03
9 9.923920e-01 4.120000e-03 3.488000e-03
10 9.913240e-01 4.412000e-03 4.264000e-03
11 9.901440e-01 4.780000e-03 5.076000e-03
12 9.890200e-01 4.976000e-03 6.004000e-03
13 9.876560e-01 5.468000e-03 6.876000e-03
14 9.863160e-01 5.708000e-03 7.976000e-03
15 9.849840e-01 5.948000e-03 9.068000e-03
16 9.837920e-01 5.996000e-03 1.021200e-02
17 9.825400e-01 6.100000e-03 1.136000e-02
18 9.813400e-01 6.244000e-03 1.241600e-02
19 9.800440e-01 6.548000e-03 1.340800e-02
20 9.785640e-01 6.832000e-03 1.460400e-02
21 9.771880e-01 6.940000e-03 1.587200e-02
22 9.758000e-01 7.032000e-03 1.716800e-02
23 9.743760e-01 7.268000e-03 1.835600e-02
24 9.730960e-01 7.308000e-03 1.959600e-02
25 9.716600e-01 7.444000e-03 2.089600e-02
26 9.700720e-01 7.712000e-03 2.221600e-02
27 9.686720e-01 7.916000e-03 2.341200e-02
28 9.670640e-01 8.040000e-03 2.489600e-02
29 9.655720e-01 8.152000e-03 2.627600e-02
30 9.639200e-01 8.420000e-03 2.766000e-02
31 9.623040e-01 8.548000e-03 2.914800e-02
32 9.606560e-01 8.812000e-03 3.053200e-02
33 9.589440e-01 8.912000e-03 3.214400e-02
34 9.572440e-01 9.112000e-03 3.364400e-02
35 9.554800e-01 9.360000e-03 3.516000e-02
36 9.536360e-01 9.648000e-03 3.671600e-02
37 9.518280e-01 9.816000e-03 3.835600e-02
38 9.503280e-01 9.676000e-03 3.999600e-02
39 9.486360e-01 9.652000e-03 4.171200e-02
40 9.468800e-01 9.820000e-03 4.330000e-02
41 9.450840e-01 9.960000e-03 4.495600e-02
42 9.434080e-01 9.912000e-03 4.668000e-02
43 9.416520e-01 9.896000e-03 4.845200e-02
44 9.398360e-01 9.996000e-03 5.016800e-02
45 9.381880e-01 9.916000e-03 5.189600e-02
46 9.364360e-01 1.006400e-02 5.350000e-02
47 9.346320e-01 1.010400e-02 5.526400e-02
48 9.328640e-01 1.000800e-02 5.712800e-02
49 9.310360e-01 9.960000e-03 5.900400e-02
50 9.293640e-01 9.804000e-03 6.083200e-02
51 9.278160e-01 9.620000e-03 6.256400e-02
52 9.262280e-01 9.504000e-03 6.426800e-02
53 9.246640e-01 9.440000e-03 6.589600e-02
54 9.229760e-01 9.444000e-03 6.758000e-02
55 9.213280e-01 9.344000e-03 6.932800e-02
56 9.196160e-01 9.516000e-03 7.086800e-02
57 9.179280e-01 9.496000e-03 7.257600e-02
58 9.161120e-01 9.712000e-03 7.417600e-02
59 9.142440e-01 9.940000e-03 7.581600e-02
60 9.126120e-01 9.804000e-03 7.758400e-02
61 9.109320e-01 9.816000e-03 7.925200e-02
62 9.090560e-01 9.848000e-03 8.109600e-02
63 9.074400e-01 9.736000e-03 8.282400e-02
64 9.056320e-01 9.896000e-03 8.447200e-02
65 9.038720e-01 9.836000e-03 8.629200e-02
66 9.022400e-01 9.772000e-03 8.798800e-02
67 9.003640e-01 9.948000e-03 8.968800e-02
68 8.986200e-01 9.920000e-03 9.146000e-02
69 8.967920e-01 1.000000e-02 9.320800e-02
70 8.948880e-01 1.008400e-02 9.502800e-02
71 8.930720e-01 1.017600e-02 9.675200e-02
72 8.913880e-01 1.010400e-02 9.850800e-02
73 8.896240e-01 1.014400e-02 1.002320e-01
74 8.880520e-01 1.000400e-02 1.019440e-01
75 8.863680e-01 9.972000e-03 1.036600e-01
76 8.847280e-01 1.006400e-02 1.052080e-01
77 8.831520e-01 9.868000e-03 1.069800e-01
78 8.815040e-01 9.756000e-03 1.087400e-01
79 8.799280e-01 9.792000e-03 1.102800e-01
80 8.782240e-01 9.720000e-03 1.120560e-01
81 8.766280e-01 9.596000e-03 1.137760e-01
82 8.750920e-01 9.404000e-03 1.155040e-01
83 8.734840e-01 9.372000e-03 1.171440e-01
84 8.719000e-01 9.300000e-03 1.188000e-01
85 8.702000e-01 9.316000e-03 1.204840e-01
86 8.685080e-01 9.408000e-03 1.220840e-01
87 8.669600e-01 9.336000e-03 1.237040e-01
88 8.654000e-01 9.220000e-03 1.253800e-01
89 8.639640e-01 9.052000e-03 1.269840e-01
90 8.624280e-01 8.984000e-03 1.285880e-01
91 8.608720e-01 9.008000e-03 1.301200e-01
92 8.593160e-01 9.012000e-03 1.316720e-01
93 8.579520e-01 8.908000e-03 1.331400e-01
94 8.564360e-01 8.800000e-03 1.347640e-01
95 8.548640e-01 8.912000e-03 1.362240e-01
96 8.533920e-01 8.876000e-03 1.377320e-01
97 8.518720e-01 8.748000e-03 1.393800e-01
98 8.505120e-01 8.528000e-03 1.409600e-01
99 8.491160e-01 8.488000e-03 1.423960e-01
100 8.475720e-01 8.508000e-03 1.439200e-01
101 8.460680e-01 8.444000e-03 1.454880e-01
102 8.443680e-01 8.632000e-03 1.470000e-01
103 8.427600e-01 8.560000e-03 1.486800e-01
104 8.412880e-01 8.628000e-03 1.500840e-01
105 8.399760e-01 8.480000e-03 1.515440e-01
106 8.383000e-01 8.616000e-03 1.530840e-01
107 8.369040e-01 8.540000e-03 1.545560e-01
108 8.354760e-01 8.524000e-03 1.560000e-01
109 8.339040e-01 8.520000e-03 1.575760e-01
110 8.323520e-01 8.528000e-03 1.591200e-01
111 8.307120e-01 8.548000e-03 1.607400e-01
112 8.291200e-01 8.508000e-03 1.623720e-01
113 8.277840e-01 8.336000e-03 1.638800e-01
114 8.263240e-01 8.364000e-03 1.653120e-01
115 8.248400e-01 8.364000e-03 1.667960e-01
116 8.235720e-01 8.164000e-03 1.682640e-01
117 8.222520e-01 8.044000e-03 1.697040e-01
118 8.208280e-01 8.004000e-03 1.711680e-01
119 8.194600e-01 7.900000e-03 1.726400e-01
120 8.180800e-01 7.840000e-03 1.740800e-01
121 8.168560e-01 7.692000e-03 1.754520e-01
122 8.155200e-01 7.704000e-03 1.767760e-01
123 8.141200e-01 7.668000e-03 1.782120e-01
124 8.127800e-01 7.632000e-03 1.795880e-01
125 8.113920e-01 7.724000e-03 1.808840e-01
126 8.100240e-01 7.704000e-03 1.822720e-01
127 8.087520e-01 7.716000e-03 1.835320e-01
128 8.072800e-01 7.728000e-03 1.849920e-01
129 8.058240e-01 7.676000e-03 1.865000e-01
130 8.042400e-01 7.844000e-03 1.879160e-01
131 8.027920e-01 7.776000e-03 1.894320e-01
132 8.012720e-01 8.024000e-03 1.907040e-01
133 7.997520e-01 8.152000e-03 1.920960e-01
134 7.981240e-01 8.384000e-03 1.934920e-01
135 7.967760e-01 8.244000e-03 1.949800e-01
136 7.952920e-01 8.292000e-03 1.964160e-01
137 7.937400e-01 8.332000e-03 1.979280e-01
138 7.923160e-01 8.300000e-03 1.993840e-01
139 7.909760e-01 8.156000e-03 2.008680e-01
140 7.895960e-01 8.008000e-03 2.023960e-01
141 7.881480e-01 8.068000e-03 2.037840e-01
142 7.867480e-01 8.104000e-03 2.051480e-01
143 7.853560e-01 8.024000e-03 2.066200e-01
144 7.839880e-01 7.968000e-03 2.080440e-01
145 7.825520e-01 8.044000e-03 2.094040e-01
146 7.810920e-01 8.208000e-03 2.107000e-01
147 7.796640e-01 8.208000e-03 2.121280e-01
148 7.783160e-01 8.184000e-03 2.135000e-01
149 7.769360e-01 8.140000e-03 2.149240e-01
150 7.754360e-01 8.152000e-03 2.164120e-01
151 7.739000e-01 8.336000e-03 2.177640e-01
152 7.723240e-01 8.408000e-03 2.192680e-01
153 7.708360e-01 8.540000e-03 2.206240e-01
154 7.694720e-01 8.500000e-03 2.220280e-01
155 7.681560e-01 8.272000e-03 2.235720e-01
156 7.668240e-01 8.220000e-03 2.249560e-01
157 7.655360e-01 8.060000e-03 2.264040e-01
158 7.642720e-01 7.952000e-03 2.277760e-01
159 7.630000e-01 7.872000e-03 2.291280e-01
160 7.615080e-01 7.960000e-03 2.305320e-01
161 7.600640e-01 7.980000e-03 2.319560e-01
162 7.587920e-01 7.920000e-03 2.332880e-01
163 7.575240e-01 7.724000e-03 2.347520e-01
164 7.564120e-01 7.508000e-03 2.360800e-01
165 7.552520e-01 7.356000e-03 2.373920e-01
166 7.540480e-01 7.232000e-03 2.387200e-01
167 7.529520e-01 6.996000e-03 2.400520e-01
168 7.519320e-01 6.856000e-03 2.412120e-01
169 7.508320e-01 6.760000e-03 2.424080e-01
170 7.496240e-01 6.848000e-03 2.435280e-01
171 7.484640e-01 6.888000e-03 2.446480e-01
172 7.473760e-01 6.864000e-03 2.457600e-01
173 7.462680e-01 6.732000e-03 2.470000e-01
174 7.450400e-01 6.840000e-03 2.481200e-01
175 7.437800e-01 6.804000e-03 2.494160e-01
176 7.427080e-01 6.652000e-03 2.506400e-01
177 7.414760e-01 6.704000e-03 2.518200e-01
178 7.403480e-01 6.568000e-03 2.530840e-01
179 7.392080e-01 6.484000e-03 2.543080e-01
180 7.381960e-01 6.416000e-03 2.553880e-01
181 7.371160e-01 6.492000e-03 2.563920e-01
182 7.360960e-01 6.380000e-03 2.575240e-01
183 7.350320e-01 6.276000e-03 2.586920e-01
184 7.340240e-01 6.216000e-03 2.597600e-01
185 7.329480e-01 6.176000e-03 2.608760e-01
186 7.319440e-01 6.056000e-03 2.620000e-01
187 7.309120e-01 5.936000e-03 2.631520e-01
188 7.297880e-01 6.000000e-03 2.642120e-01
189 7.286680e-01 6.032000e-03 2.653000e-01
190 7.275280e-01 6.084000e-03 2.663880e-01
191 7.264280e-01 6.012000e-03 2.675600e-01
192 7.253800e-01 6.032000e-03 2.685880e-01
193 7.243160e-01 6.048000e-03 2.696360e-01
194 7.232680e-01 6.064000e-03 2.706680e-01
195 7.223080e-01 5.880000e-03 2.718120e-01
196 7.213000e-01 5.784000e-03 2.729160e-01
197 7.204520e-01 5.612000e-03 2.739360e-01
198 7.195640e-01 5.584000e-03 2.748520e-01
199 7.186520e-01 5.632000e-03 2.757160e-01
200 7.176960e-01 5.580000e-03 2.767240e-01
201 7.168360e-01 5.516000e-03 2.776480e-01
202 7.160600e-01 5.312000e-03 2.786280e-01
203 7.152600e-01 5.220000e-03 2.795200e-01
204 7.144360e-01 5.092000e-03 2.804720e-01
205 7.136600e-01 4.936000e-03 2.814040e-01
206 7.129000e-01 4.804000e-03 2.822960e-01
207 7.120600e-01 4.764000e-03 2.831760e-01
208 7.112280e-01 4.784000e-03 2.839880e-01
209 7.102800e-01 4.836000e-03 2.848840e-01
210 7.093600e-01 4.952000e-03 2.856880e-01
211 7.085080e-01 4.916000e-03 2.865760e-01
212 7.077200e-01 4.792000e-03 2.874880e-01
213 7.068600e-01 4.840000e-03 2.883000e-01
214 7.060920e-01 4.900000e-03 2.890080e-01
215 7.052200e-01 4.968000e-03 2.898120e-01
216 7.043920e-01 4.964000e-03 2.906440e-01
217 7.036120e-01 5.000000e-03 2.913880e-01
218 7.027520e-01 4.972000e-03 2.922760e-01
219 7.018960e-01 4.916000e-03 2.931880e-01
220 7.011560e-01 4.800000e-03 2.940440e-01
221 7.002640e-01 4.812000e-03 2.949240e-01
222 6.994800e-01 4.708000e-03 2.958120e-01
223 6.986880e-01 4.660000e-03 2.966520e-01
224 6.979960e-01 4.480000e-03 2.975240e-01
225 6.973160e-01 4.332000e-03 2.983520e-01
226 6.965520e-01 4.356000e-03 2.990920e-01
227 6.957240e-01 4.368000e-03 2.999080e-01
228 6.949320e-01 4.364000e-03 3.007040e-01
229 6.940800e-01 4.384000e-03 3.015360e-01
230 6.932240e-01 4.496000e-03 3.022800e-01
231 6.925200e-01 4.420000e-03 3.030600e-01
232 6.916600e-01 4.484000e-03 3.038560e-01
233 6.909680e-01 4.420000e-03 3.046120e-01
234 6.901800e-01 4.420000e-03 3.054000e-01
235 6.895080e-01 4.244000e-03 3.062480e-01
236 6.888440e-01 4.136000e-03 3.070200e-01
237 6.882520e-01 4.052000e-03 3.076960e-01
238 6.875720e-01 4.012000e-03 3.084160e-01
239 6.868120e-01 4.036000e-03 3.091520e-01
240 6.861280e-01 3.976000e-03 3.098960e-01
241 6.852200e-01 4.184000e-03 3.105960e-01
242 6.845040e-01 4.092000e-03 3.114040e-01
243 6.837160e-01 4.172000e-03 3.121120e-01
244 6.829480e-01 4.212000e-03 3.128400e-01
245 6.821160e-01 4.396000e-03 3.134880e-01
246 6.812200e-01 4.512000e-03 3.142680e-01
247 6.802880e-01 4.680000e-03 3.150320e-01
248 6.793400e-01 4.816000e-03 3.158440e-01
249 6.784560e-01 4.904000e-03 3.166400e-01
250 6.775160e-01 4.984000e-03 3.175000e-01
251 6.767400e-01 4.868000e-03 3.183920e-01
252 6.758440e-01 4.864000e-03 3.192920e-01
253 6.750320e-01 4.740000e-03 3.202280e-01
254 6.742360e-01 4.780000e-03 3.209840e-01
255 6.735480e-01 4.656000e-03 3.217960e-01
256 6.728880e-01 4.464000e-03 3.226480e-01
257 6.722160e-01 4.292000e-03 3.234920e-01
258 6.714040e-01 4.352000e-03 3.242440e-01
259 6.706320e-01 4.396000e-03 3.249720e-01
260 6.698640e-01 4.368000e-03 3.257680e-01
261 6.689880e-01 4.404000e-03 3.266080e-01
262 6.682840e-01 4.352000e-03 3.273640e-01
263 6.675200e-01 4.344000e-03 3.281360e-01
264 6.666520e-01 4.424000e-03 3.289240e-01
265 6.658520e-01 4.444000e-03 3.297040e-01
266 6.649720e-01 4.600000e-03 3.304280e-01
267 6.641400e-01 4.568000e-03 3.312920e-01
268 6.634080e-01 4.528000e-03 3.320640e-01
269 6.626000e-01 4.596000e-03 3.328040e-01
270 6.619080e-01 4.508000e-03 3.335840e-01
271 6.611440e-01 4.432000e-03 3.344240e-01
272 6.603680e-01 4.348000e-03 3.352840e-01
273 6.597240e-01 4.260000e-03 3.360160e-01
274 6.589360e-01 4.312000e-03 3.367520e-01
275 6.581520e-01 4.376000e-03 3.374720e-01
276 6.573640e-01 4.292000e-03 3.383440e-01
277 6.565400e-01 4.420000e-03 3.390400e-01
278 6.557720e-01 4.356000e-03 3.398720e-01
279 6.549640e-01 4.468000e-03 3.405680e-01
280 6.541520e-01 4.532000e-03 3.413160e-01
281 6.531560e-01 4.708000e-03 3.421360e-01
282 6.522120e-01 4.844000e-03 3.429440e-01
283 6.513280e-01 4.948000e-03 3.437240e-01
284 6.505280e-01 4.924000e-03 3.445480e-01
285 6.496000e-01 5.004000e-03 3.453960e-01
286 6.487680e-01 4.904000e-03 3.463280e-01
287 6.479840e-01 4.816000e-03 3.472000e-01
288 6.471880e-01 4.740000e-03 3.480720e-01
289 6.464640e-01 4.604000e-03 3.489320e-01
290 6.457480e-01 4.440000e-03 3.498120e-01
291 6.449680e-01 4.460000e-03 3.505720e-01
292 6.442760e-01 4.428000e-03 3.512960e-01
293 6.435480e-01 4.340000e-03 3.521120e-01
294 6.427200e-01 4.344000e-03 3.529360e-01
295 6.418840e-01 4.312000e-03 3.538040e-01
296 6.410880e-01 4.336000e-03 3.545760e-01
297 6.403560e-01 4.364000e-03 3.552800e-01
298 6.396440e-01 4.284000e-03 3.560720e-01
299 6.388480e-01 4.300000e-03 3.568520e-01
300 6.380280e-01 4.360000e-03 3.576120e-01
301 6.372520e-01 4.384000e-03 3.583640e-01
302 6.365000e-01 4.412000e-03 3.590880e-01
303 6.357600e-01 4.432000e-03 3.598080e-01
304 6.350360e-01 4.332000e-03 3.606320e-01
305 6.342920e-01 4.292000e-03 3.614160e-01
306 6.336040e-01 4.184000e-03 3.622120e-01
307 6.329720e-01 4.008000e-03 3.630200e-01
308 6.322720e-01 4.080000e-03 3.636480e-01
309 6.316240e-01 4.008000e-03 3.643680e-01
310 6.309600e-01 3.988000e-03 3.650520e-01
311 6.304720e-01 3.852000e-03 3.656760e-01
312 6.299600e-01 3.580000e-03 3.664600e-01
313 6.293200e-01 3.560000e-03 3.671200e-01
314 6.287720e-01 3.428000e-03 3.678000e-01
315 6.282320e-01 3.312000e-03 3.684560e-01
316 6.276800e-01 3.324000e-03 3.689960e-01
317 6.270560e-01 3.368000e-03 3.695760e-01
318 6.265600e-01 3.260000e-03 3.701800e-01
319 6.260400e-01 3.244000e-03 3.707160e-01
320 6.254880e-01 3.240000e-03 3.712720e-01
321 6.249840e-01 3.148000e-03 3.718680e-01
322 6.245240e-01 3.044000e-03 3.724320e-01
323 6.240760e-01 2.968000e-03 3.729560e-01
324 6.235400e-01 3.052000e-03 3.734080e-01
325 6.231080e-01 2.960000e-03 3.739320e-01
326 6.226560e-01 2.888000e-03 3.744560e-01
327 6.221200e-01 2.896000e-03 3.749840e-01
328 6.215800e-01 2.920000e-03 3.755000e-01
329 6.211000e-01 2.892000e-03 3.760080e-01
330 6.205520e-01 2.892000e-03 3.765560e-01
331 6.201000e-01 2.888000e-03 3.770120e-01
332 6.197440e-01 2.816000e-03 3.774400e-01
333 6.193720e-01 2.736000e-03 3.778920e-01
334 6.189600e-01 2.648000e-03 3.783920e-01
335 6.186160e-01 2.424000e-03 3.789600e-01
336 6.182360e-01 2.416000e-03 3.793480e-01
337 6.178400e-01 2.408000e-03 3.797520e-01
338 6.174680e-01 2.372000e-03 3.801600e-01
339 6.171400e-01 2.276000e-03 3.805840e-01
340 6.167920e-01 2.236000e-03 3.809720e-01
341 6.164520e-01 2.172000e-03 3.813760e-01
342 6.160560e-01 2.220000e-03 3.817240e-01
343 6.156520e-01 2.244000e-03 3.821040e-01
344 6.152120e-01 2.284000e-03 3.825040e-01
345 6.148520e-01 2.236000e-03 3.829120e-01
346 6.145080e-01 2.080000e-03 3.834120e-01
347 6.141360e-01 2.028000e-03 3.838360e-01
348 6.137800e-01 2.056000e-03 3.841640e-01
349 6.134800e-01 1.976000e-03 3.845440e-01
350 6.132640e-01 1.892000e-03 3.848440e-01
351 6.129760e-01 1.780000e-03 3.852440e-01
352 6.126280e-01 1.780000e-03 3.855920e-01
353 6.123480e-01 1.752000e-03 3.859000e-01
354 6.119880e-01 1.772000e-03 3.862400e-01
355 6.117200e-01 1.776000e-03 3.865040e-01
356 6.114280e-01 1.740000e-03 3.868320e-01
357 6.111720e-01 1.656000e-03 3.871720e-01
358 6.108520e-01 1.668000e-03 3.874800e-01
359 6.105000e-01 1.692000e-03 3.878080e-01
360 6.101440e-01 1.772000e-03 3.880840e-01
361 6.098520e-01 1.776000e-03 3.883720e-01
362 6.094720e-01 1.884000e-03 3.886440e-01
363 6.091360e-01 1.832000e-03 3.890320e-01
364 6.088000e-01 1.880000e-03 3.893200e-01
365 6.084880e-01 1.860000e-03 3.896520e-01
366 6.081840e-01 1.804000e-03 3.900120e-01
367 6.079000e-01 1.768000e-03 3.903320e-01
368 6.076440e-01 1.748000e-03 3.906080e-01
369 6.074400e-01 1.620000e-03 3.909400e-01
370 6.072280e-01 1.504000e-03 3.912680e-01
371 6.069760e-01 1.480000e-03 3.915440e-01
372 6.067080e-01 1.484000e-03 3.918080e-01
373 6.064880e-01 1.424000e-03 3.920880e-01
374 6.063000e-01 1.356000e-03 3.923440e-01
375 6.060600e-01 1.356000e-03 3.925840e-01
376 6.057800e-01 1.352000e-03 3.928680e-01
377 6.055240e-01 1.408000e-03 3.930680e-01
378 6.053120e-01 1.392000e-03 3.932960e-01
379 6.050040e-01 1.504000e-03 3.934920e-01
380 6.047480e-01 1.500000e-03 3.937520e-01
381 6.045240e-01 1.440000e-03 3.940360e-01
382 6.043120e-01 1.432000e-03 3.942560e-01
383 6.040600e-01 1.464000e-03 3.944760e-01
384 6.038800e-01 1.424000e-03 3.946960e-01
385 6.036920e-01 1.368000e-03 3.949400e-01
386 6.034880e-01 1.304000e-03 3.952080e-01
387 6.033160e-01 1.244000e-03 3.954400e-01
388 6.030920e-01 1.276000e-03 3.956320e-01
389 6.029040e-01 1.188000e-03 3.959080e-01
390 6.026960e-01 1.176000e-03 3.961280e-01
391 6.024960e-01 1.208000e-03 3.962960e-01
392 6.023240e-01 1.144000e-03 3.965320e-01
393 6.021280e-01 1.144000e-03 3.967280e-01
394 6.019760e-01 1.076000e-03 3.969480e-01
395 6.018280e-01 1.064000e-03 3.971080e-01
396 6.016840e-01 1.064000e-03 3.972520e-01
397 6.014960e-01 1.068000e-03 3.974360e-01
398 6.012760e-01 1.084000e-03 3.976400e-01
399 6.010840e-01 1.104000e-03 3.978120e-01
400 6.008680e-01 1.116000e-03 3.980160e-01
401 6.007040e-01 1.120000e-03 3.981760e-01
402 6.005520e-01 1.068000e-03 3.983800e-01
403 6.003520e-01 1.096000e-03 3.985520e-01
404 6.001520e-01 1.064000e-03 3.987840e-01
405 5.999640e-01 1.072000e-03 3.989640e-01
406 5.997960e-01 1.048000e-03 3.991560e-01
407 5.996120e-01 1.024000e-03 3.993640e-01
408 5.994840e-01 9.560000e-04 3.995600e-01
409 5.993320e-01 9.480000e-04 3.997200e-01
410 5.991960e-01 9.440000e-04 3.998600e-01
411 5.990560e-01 8.880000e-04 4.000560e-01
412 5.989560e-01 8.280000e-04 4.002160e-01
413 5.988000e-01 8.320000e-04 4.003680e-01
414 5.986600e-01 8.040000e-04 4.005360e-01
415 5.985680e-01 7.720000e-04 4.006600e-01
416 5.984400e-01 7.680000e-04 4.007920e-01
417 5.983560e-01 7.400000e-04 4.009040e-01
418 5.982600e-01 7.320000e-04 4.010080e-01
419 5.981480e-01 7.360000e-04 4.011160e-01
420 5.980200e-01 6.960000e-04 4.012840e-01
421 5.978880e-01 7.160000e-04 4.013960e-01
422 5.977160e-01 7.560000e-04 4.015280e-01
423 5.975880e-01 7.360000e-04 4.016760e-01
424 5.974880e-01 7.160000e-04 4.017960e-01
425 5.973840e-01 7.000000e-04 4.019160e-01
426 5.973080e-01 6.760000e-04 4.020160e-01
427 5.972040e-01 6.840000e-04 4.021120e-01
428 5.970960e-01 6.760000e-04 4.022280e-01
429 5.969360e-01 7.560000e-04 4.023080e-01
430 5.967760e-01 8.000000e-04 4.024240e-01
431 5.966280e-01 8.200000e-04 4.025520e-01
432 5.964840e-01 8.520000e-04 4.026640e-01
433 5.963760e-01 8.200000e-04 4.028040e-01
434 5.962200e-01 8.160000e-04 4.029640e-01
435 5.960600e-01 8.280000e-04 4.031120e-01
436 5.959680e-01 7.720000e-04 4.032600e-01
437 5.958640e-01 7.200000e-04 4.034160e-01
438 5.957680e-01 6.880000e-04 4.035440e-01
439 5.956760e-01 6.360000e-04 4.036880e-01
440 5.955880e-01 6.440000e-04 4.037680e-01
441 5.954760e-01 6.600000e-04 4.038640e-01
442 5.954120e-01 6.000000e-04 4.039880e-01
443 5.952720e-01 6.480000e-04 4.040800e-01
444 5.951800e-01 6.480000e-04 4.041720e-01
445 5.950760e-01 6.200000e-04 4.043040e-01
446 5.949280e-01 6.360000e-04 4.044360e-01
447 5.948640e-01 5.640000e-04 4.045720e-01
448 5.947200e-01 6.080000e-04 4.046720e-01
449 5.945880e-01 6.320000e-04 4.047800e-01
450 5.944680e-01 6.240000e-04 4.049080e-01
451 5.944000e-01 5.920000e-04 4.050080e-01
452 5.943240e-01 5.600000e-04 4.051160e-01
453 5.942600e-01 5.120000e-04 4.052280e-01
454 5.941600e-01 5.440000e-04 4.052960e-01
455 5.940600e-01 5.440000e-04 4.053960e-01
456 5.940040e-01 5.160000e-04 4.054800e-01
457 5.939560e-01 4.920000e-04 4.055520e-01
458 5.938800e-01 4.680000e-04 4.056520e-01
459 5.937920e-01 4.880000e-04 4.057200e-01
460 5.937080e-01 4.640000e-04 4.058280e-01
461 5.936400e-01 4.720000e-04 4.058880e-01
462 5.935360e-01 4.720000e-04 4.059920e-01
463 5.934840e-01 4.240000e-04 4.060920e-01
464 5.934240e-01 4.080000e-04 4.061680e-01
465 5.933560e-01 3.840000e-04 4.062600e-01
466 5.932760e-01 3.960000e-04 4.063280e-01
467 5.932240e-01 3.880000e-04 4.063880e-01
468 5.931680e-01 4.080000e-04 4.064240e-01
469 5.931160e-01 3.960000e-04 4.064880e-01
470 5.930520e-01 3.800000e-04 4.065680e-01
471 5.929800e-01 3.960000e-04 4.066240e-01
472 5.929040e-01 4.000000e-04 4.066960e-01
473 5.928480e-01 3.720000e-04 4.067800e-01
474 5.927840e-01 3.840000e-04 4.068320e-01
475 5.927240e-01 4.000000e-04 4.068760e-01
476 5.926800e-01 3.760000e-04 4.069440e-01
477 5.926160e-01 3.800000e-04 4.070040e-01
478 5.925600e-01 3.840000e-04 4.070560e-01
479 5.924800e-01 4.080000e-04 4.071120e-01
480 5.923520e-01 4.560000e-04 4.071920e-01
481 5.922920e-01 4.560000e-04 4.072520e-01
482 5.922160e-01 4.480000e-04 4.073360e-01
483 5.921880e-01 3.880000e-04 4.074240e-01
484 5.921080e-01 3.920000e-04 4.075000e-01
485 5.920200e-01 4.040000e-04 4.075760e-01
486 5.919920e-01 3.520000e-04 4.076560e-01
487 5.919320e-01 3.760000e-04 4.076920e-01
488 5.918600e-01 3.520000e-04 4.077880e-01
489 5.918120e-01 3.360000e-04 4.078520e-01
490 5.917440e-01 3.400000e-04 4.079160e-01
491 5.916920e-01 3.200000e-04 4.079880e-01
492 5.916440e-01 2.920000e-04 4.080640e-01
493 5.916120e-01 2.880000e-04 4.081000e-01
494 5.915440e-01 3.000000e-04 4.081560e-01
495 5.914960e-01 2.920000e-04 4.082120e-01
496 5.914480e-01 2.920000e-04 4.082600e-01
497 5.914000e-01 2.560000e-04 4.083440e-01
498 5.913600e-01 2.640000e-04 4.083760e-01
499 5.913040e-01 2.640000e-04 4.084320e-01
500 5.912120e-01 3.040000e-04 4.084840e-01
