1 9.991840e-01 7.160000e-04 1.000000e-04
2 9.986520e-01 1.080000e-03 2.680000e-04
3 9.981040e-01 1.348000e-03 5.480000e-04
4 9.974840e-01 1.716000e-03 8.000000e-04
5 9.967280e-01 2.156000e-03 1.116000e-03
6 9.959080e-01 2.556000e-03 1.536000e-03
7 9.950720e-01 2.952000e-03 1.976000e-03
8 9.941720e-01 3.260000e-03 2.568000e-03
9 9.932680e-01 3.576000e-03 3.156000e-03
10 9.921040e-01 4.132000e-03 3.764000e-03
11 9.909280e-01 4.468000e-03 4.604000e-03
12 9.897360e-01 4.872000e-03 5.392000e-03
13 9.884160e-01 5.400000e-03 6.184000e-03
14 9.871520e-01 5.716000e-03 7.132000e-03
15 9.860000e-01 5.680000e-03 8.320000e-03
16 9.846240e-01 6.032000e-03 9.344000e-03
17 9.833880e-01 6.156000e-03 1.045600e-02
18 9.822120e-01 6.220000e-03 1.156800e-02
19 9.809880e-01 6.356000e-03 1.265600e-02
20 9.795120e-01 6.636000e-03 1.385200e-02
21 9.780840e-01 6.928000e-03 1.498800e-02
22 9.765480e-01 7.272000e-03 1.618000e-02
23 9.749920e-01 7.512000e-03 1.749600e-02
24 9.734920e-01 7.648000e-03 1.886000e-02
25 9.717120e-01 7.988000e-03 2.030000e-02
26 9.702160e-01 8.080000e-03 2.170400e-02
27 9.687920e-01 8.032000e-03 2.317600e-02
28 9.672840e-01 8.348000e-03 2.436800e-02
29 9.656880e-01 8.328000e-03 2.598400e-02
30 9.642160e-01 8.320000e-03 2.746400e-02
31 9.625920e-01 8.608000e-03 2.880000e-02
32 9.610360e-01 8.696000e-03 3.026800e-02
33 9.594240e-01 8.800000e-03 3.177600e-02
34 9.577560e-01 8.844000e-03 3.340000e-02
35 9.558440e-01 9.168000e-03 3.498800e-02
36 9.539840e-01 9.524000e-03 3.649200e-02
37 9.521880e-01 9.640000e-03 3.817200e-02
38 9.503080e-01 9.868000e-03 3.982400e-02
39 9.484440e-01 9.988000e-03 4.156800e-02
40 9.465960e-01 1.005600e-02 4.334800e-02
41 9.448120e-01 1.013600e-02 4.505200e-02
42 9.427320e-01 1.036800e-02 4.690000e-02
43 9.408440e-01 1.042400e-02 4.873200e-02
44 9.392280e-01 1.031200e-02 5.046000e-02
45 9.372240e-01 1.043600e-02 5.234000e-02
46 9.353280e-01 1.055600e-02 5.411600e-02
47 9.336000e-01 1.058000e-02 5.582000e-02
48 9.318200e-01 1.050800e-02 5.767200e-02
49 9.298000e-01 1.066000e-02 5.954000e-02
50 9.279320e-01 1.056000e-02 6.150800e-02
51 9.260960e-01 1.055200e-02 6.335200e-02
52 9.243000e-01 1.050000e-02 6.520000e-02
53 9.225320e-01 1.044800e-02 6.702000e-02
54 9.208000e-01 1.033600e-02 6.886400e-02
55 9.189360e-01 1.042800e-02 7.063600e-02
56 9.173640e-01 1.018000e-02 7.245600e-02
57 9.155360e-01 1.022000e-02 7.424400e-02
58 9.137080e-01 1.046000e-02 7.583200e-02
59 9.118120e-01 1.044400e-02 7.774400e-02
60 9.098720e-01 1.058800e-02 7.954000e-02
61 9.080080e-01 1.053200e-02 8.146000e-02
62 9.061200e-01 1.054800e-02 8.333200e-02
63 9.043000e-01 1.051200e-02 8.518800e-02
64 9.024600e-01 1.072400e-02 8.681600e-02
65 9.005320e-01 1.084000e-02 8.862800e-02
66 8.985640e-01 1.092000e-02 9.051600e-02
67 8.967040e-01 1.090000e-02 9.239600e-02
68 8.949240e-01 1.072000e-02 9.435600e-02
69 8.931400e-01 1.062000e-02 9.624000e-02
70 8.913160e-01 1.059600e-02 9.808800e-02
71 8.895800e-01 1.047200e-02 9.994800e-02
72 8.878880e-01 1.040800e-02 1.017040e-01
73 8.860920e-01 1.047600e-02 1.034320e-01
74 8.841560e-01 1.054400e-02 1.053000e-01
75 8.823320e-01 1.057200e-02 1.070960e-01
76 8.804520e-01 1.067200e-02 1.088760e-01
77 8.785920e-01 1.060000e-02 1.108080e-01
78 8.768400e-01 1.057600e-02 1.125840e-01
79 8.749800e-01 1.065600e-02 1.143640e-01
80 8.730560e-01 1.072000e-02 1.162240e-01
81 8.712280e-01 1.068400e-02 1.180880e-01
82 8.695120e-01 1.056000e-02 1.199280e-01
83 8.678240e-01 1.040400e-02 1.217720e-01
84 8.660640e-01 1.030800e-02 1.236280e-01
85 8.642800e-01 1.035200e-02 1.253680e-01
86 8.622920e-01 1.048000e-02 1.272280e-01
87 8.607480e-01 1.036400e-02 1.288880e-01
88 8.588960e-01 1.032400e-02 1.307800e-01
89 8.572480e-01 1.014000e-02 1.326120e-01
90 8.554640e-01 1.019600e-02 1.343400e-01
91 8.537160e-01 1.007200e-02 1.362120e-01
92 8.519560e-01 1.007600e-02 1.379680e-01
93 8.503040e-01 9.900000e-03 1.397960e-01
94 8.486320e-01 9.776000e-03 1.415920e-01
95 8.467440e-01 1.002800e-02 1.432280e-01
96 8.451800e-01 9.772000e-03 1.450480e-01
97 8.434320e-01 9.880000e-03 1.466880e-01
98 8.415360e-01 1.011200e-02 1.483520e-01
99 8.397080e-01 1.014800e-02 1.501440e-01
100 8.379280e-01 1.006400e-02 1.520080e-01
101 8.361320e-01 1.016400e-02 1.537040e-01
102 8.343880e-01 1.014000e-02 1.554720e-01
103 8.327080e-01 1.002800e-02 1.572640e-01
104 8.310480e-01 1.005600e-02 1.588960e-01
105 8.292480e-01 1.020000e-02 1.605520e-01
106 8.277160e-01 9.832000e-03 1.624520e-01
107 8.258840e-01 9.972000e-03 1.641440e-01
108 8.243200e-01 9.696000e-03 1.659840e-01
109 8.226000e-01 9.712000e-03 1.676880e-01
110 8.208320e-01 9.748000e-03 1.694200e-01
111 8.190480e-01 9.884000e-03 1.710680e-01
112 8.171960e-01 1.007200e-02 1.727320e-01
113 8.154440e-01 1.008400e-02 1.744720e-01
114 8.138000e-01 9.888000e-03 1.763120e-01
115 8.122120e-01 9.744000e-03 1.780440e-01
116 8.104920e-01 9.924000e-03 1.795840e-01
117 8.091200e-01 9.460000e-03 1.814200e-01
118 8.075560e-01 9.432000e-03 1.830120e-01
119 8.061360e-01 9.408000e-03 1.844560e-01
120 8.045840e-01 9.476000e-03 1.859400e-01
121 8.030880e-01 9.344000e-03 1.875680e-01
122 8.016200e-01 9.140000e-03 1.892400e-01
123 8.000400e-01 9.200000e-03 1.907600e-01
124 7.984360e-01 9.172000e-03 1.923920e-01
125 7.967920e-01 9.208000e-03 1.940000e-01
126 7.952040e-01 9.204000e-03 1.955920e-01
127 7.936160e-01 9.092000e-03 1.972920e-01
128 7.923040e-01 8.816000e-03 1.988800e-01
129 7.909560e-01 8.504000e-03 2.005400e-01
130 7.894840e-01 8.540000e-03 2.019760e-01
131 7.880400e-01 8.544000e-03 2.034160e-01
132 7.867120e-01 8.360000e-03 2.049280e-01
133 7.852040e-01 8.528000e-03 2.062680e-01
134 7.837720e-01 8.376000e-03 2.078520e-01
135 7.823880e-01 8.300000e-03 2.093120e-01
136 7.810160e-01 8.040000e-03 2.109440e-01
137 7.797560e-01 7.928000e-03 2.123160e-01
138 7.784320e-01 7.924000e-03 2.136440e-01
139 7.770640e-01 8.012000e-03 2.149240e-01
140 7.756440e-01 7.956000e-03 2.164000e-01
141 7.741720e-01 8.016000e-03 2.178120e-01
142 7.726440e-01 8.100000e-03 2.192560e-01
143 7.712000e-01 8.052000e-03 2.207480e-01
144 7.698640e-01 7.904000e-03 2.222320e-01
145 7.684440e-01 8.000000e-03 2.235560e-01
146 7.669840e-01 8.088000e-03 2.249280e-01
147 7.657600e-01 7.884000e-03 2.263560e-01
148 7.644560e-01 7.828000e-03 2.277160e-01
149 7.631800e-01 7.744000e-03 2.290760e-01
150 7.618800e-01 7.724000e-03 2.303960e-01
151 7.605640e-01 7.692000e-03 2.317440e-01
152 7.591920e-01 7.700000e-03 2.331080e-01
153 7.578200e-01 7.776000e-03 2.344040e-01
154 7.566440e-01 7.648000e-03 2.357080e-01
155 7.554440e-01 7.536000e-03 2.370200e-01
156 7.543360e-01 7.512000e-03 2.381520e-01
157 7.533440e-01 7.172000e-03 2.394840e-01
158 7.522040e-01 7.100000e-03 2.406960e-01
159 7.510640e-01 7.028000e-03 2.419080e-01
160 7.499600e-01 6.760000e-03 2.432800e-01
161 7.490240e-01 6.464000e-03 2.445120e-01
162 7.479280e-01 6.296000e-03 2.457760e-01
163 7.467920e-01 6.320000e-03 2.468880e-01
164 7.457360e-01 6.344000e-03 2.479200e-01
165 7.445880e-01 6.416000e-03 2.489960e-01
166 7.435040e-01 6.420000e-03 2.500760e-01
167 7.423520e-01 6.508000e-03 2.511400e-01
168 7.411800e-01 6.580000e-03 2.522400e-01
169 7.400920e-01 6.468000e-03 2.534400e-01
170 7.390680e-01 6.384000e-03 2.545480e-01
171 7.379800e-01 6.212000e-03 2.558080e-01
172 7.370400e-01 6.096000e-03 2.568640e-01
173 7.359680e-01 6.196000e-03 2.578360e-01
174 7.349800e-01 6.032000e-03 2.589880e-01
175 7.340560e-01 5.844000e-03 2.601000e-01
176 7.329440e-01 5.992000e-03 2.610640e-01
177 7.318520e-01 6.168000e-03 2.619800e-01
178 7.308520e-01 6.156000e-03 2.629920e-01
179 7.297320e-01 6.252000e-03 2.640160e-01
180 7.286280e-01 6.312000e-03 2.650600e-01
181 7.276560e-01 6.216000e-03 2.661280e-01
182 7.266680e-01 6.036000e-03 2.672960e-01
183 7.255960e-01 6.092000e-03 2.683120e-01
184 7.244360e-01 6.220000e-03 2.693440e-01
185 7.234200e-01 6.040000e-03 2.705400e-01
186 7.223680e-01 5.992000e-03 2.716400e-01
187 7.213360e-01 5.924000e-03 2.727400e-01
188 7.204200e-01 5.760000e-03 2.738200e-01
189 7.194800e-01 5.744000e-03 2.747760e-01
190 7.185120e-01 5.632000e-03 2.758560e-01
191 7.175760e-01 5.508000e-03 2.769160e-01
192 7.166400e-01 5.436000e-03 2.779240e-01
193 7.157440e-01 5.336000e-03 2.789200e-01
194 7.147960e-01 5.332000e-03 2.798720e-01
195 7.138960e-01 5.296000e-03 2.808080e-01
196 7.129840e-01 5.252000e-03 2.817640e-01
197 7.121280e-01 5.176000e-03 2.826960e-01
198 7.113040e-01 5.000000e-03 2.836960e-01
199 7.104480e-01 4.940000e-03 2.846120e-01
200 7.095600e-01 4.884000e-03 2.855560e-01
201 7.086720e-01 4.972000e-03 2.863560e-01
202 7.078480e-01 4.956000e-03 2.871960e-01
203 7.068960e-01 5.052000e-03 2.880520e-01
204 7.059920e-01 5.088000e-03 2.889200e-01
205 7.049680e-01 5.216000e-03 2.898160e-01
206 7.039320e-01 5.324000e-03 2.907440e-01
207 7.030480e-01 5.252000e-03 2.917000e-01
208 7.021320e-01 5.280000e-03 2.925880e-01
209 7.012080e-01 5.280000e-03 2.935120e-01
210 7.002040e-01 5.436000e-03 2.943600e-01
211 6.993040e-01 5.516000e-03 2.951800e-01
212 6.982520e-01 5.620000e-03 2.961280e-01
213 6.972120e-01 5.676000e-03 2.971120e-01
214 6.960960e-01 5.792000e-03 2.981120e-01
215 6.951240e-01 5.732000e-03 2.991440e-01
216 6.941520e-01 5.748000e-03 3.001000e-01
217 6.932000e-01 5.708000e-03 3.010920e-01
218 6.922440e-01 5.632000e-03 3.021240e-01
219 6.913960e-01 5.500000e-03 3.031040e-01
220 6.905600e-01 5.416000e-03 3.040240e-01
221 6.896680e-01 5.424000e-03 3.049080e-01
222 6.887840e-01 5.292000e-03 3.059240e-01
223 6.879120e-01 5.152000e-03 3.069360e-01
224 6.869600e-01 5.164000e-03 3.078760e-01
225 6.860560e-01 5.236000e-03 3.087080e-01
226 6.851600e-01 5.272000e-03 3.095680e-01
227 6.841960e-01 5.304000e-03 3.105000e-01
228 6.832840e-01 5.296000e-03 3.114200e-01
229 6.823560e-01 5.348000e-03 3.122960e-01
230 6.814640e-01 5.168000e-03 3.133680e-01
231 6.805760e-01 5.200000e-03 3.142240e-01
232 6.795440e-01 5.380000e-03 3.150760e-01
233 6.785880e-01 5.380000e-03 3.160320e-01
234 6.776600e-01 5.372000e-03 3.169680e-01
235 6.767080e-01 5.472000e-03 3.178200e-01
236 6.759280e-01 5.220000e-03 3.188520e-01
237 6.750520e-01 5.116000e-03 3.198320e-01
238 6.743000e-01 4.960000e-03 3.207400e-01
239 6.734760e-01 4.964000e-03 3.215600e-01
240 6.726920e-01 4.808000e-03 3.225000e-01
241 6.718040e-01 4.796000e-03 3.234000e-01
242 6.710200e-01 4.696000e-03 3.242840e-01
243 6.702480e-01 4.708000e-03 3.250440e-01
244 6.696000e-01 4.608000e-03 3.257920e-01
245 6.688840e-01 4.556000e-03 3.265600e-01
246 6.682480e-01 4.356000e-03 3.273960e-01
247 6.676280e-01 4.236000e-03 3.281360e-01
248 6.670280e-01 4.124000e-03 3.288480e-01
249 6.663320e-01 4.216000e-03 3.294520e-01
250 6.656040e-01 4.144000e-03 3.302520e-01
251 6.649760e-01 4.060000e-03 3.309640e-01
252 6.642800e-01 4.020000e-03 3.317000e-01
253 6.636200e-01 4.008000e-03 3.323720e-01
254 6.628880e-01 4.076000e-03 3.330360e-01
255 6.621520e-01 4.156000e-03 3.336920e-01
256 6.614640e-01 4.108000e-03 3.344280e-01
257 6.606960e-01 4.188000e-03 3.351160e-01
258 6.599800e-01 4.092000e-03 3.359280e-01
259 6.593000e-01 4.072000e-03 3.366280e-01
260 6.586760e-01 3.968000e-03 3.373560e-01
261 6.579360e-01 4.020000e-03 3.380440e-01
262 6.571800e-01 4.072000e-03 3.387480e-01
263 6.564280e-01 4.124000e-03 3.394480e-01
264 6.557280e-01 4.124000e-03 3.401480e-01
265 6.550680e-01 4.068000e-03 3.408640e-01
266 6.542120e-01 4.260000e-03 3.415280e-01
267 6.534320e-01 4.204000e-03 3.423640e-01
268 6.527280e-01 4.164000e-03 3.431080e-01
269 6.521440e-01 3.964000e-03 3.438920e-01
270 6.514720e-01 3.888000e-03 3.446400e-01
271 6.507880e-01 3.932000e-03 3.452800e-01
272 6.502360e-01 3.788000e-03 3.459760e-01
273 6.495920e-01 3.744000e-03 3.466640e-01
274 6.490120e-01 3.728000e-03 3.472600e-01
275 6.483760e-01 3.668000e-03 3.479560e-01
276 6.478640e-01 3.524000e-03 3.486120e-01
277 6.473600e-01 3.472000e-03 3.491680e-01
278 6.468120e-01 3.364000e-03 3.498240e-01
279 6.462160e-01 3.428000e-03 3.503560e-01
280 6.455200e-01 3.520000e-03 3.509600e-01
281 6.450080e-01 3.420000e-03 3.515720e-01
282 6.444880e-01 3.412000e-03 3.521000e-01
283 6.438520e-01 3.412000e-03 3.527360e-01
284 6.432360e-01 3.460000e-03 3.533040e-01
285 6.426640e-01 3.480000e-03 3.538560e-01
286 6.420320e-01 3.468000e-03 3.545000e-01
287 6.413720e-01 3.568000e-03 3.550600e-01
288 6.406680e-01 3.668000e-03 3.556640e-01
289 6.400240e-01 3.680000e-03 3.562960e-01
290 6.393480e-01 3.720000e-03 3.569320e-01
291 6.387560e-01 3.652000e-03 3.575920e-01
292 6.380560e-01 3.720000e-03 3.582240e-01
293 6.374520e-01 3.620000e-03 3.589280e-01
294 6.368400e-01 3.684000e-03 3.594760e-01
295 6.363560e-01 3.528000e-03 3.601160e-01
296 6.357160e-01 3.620000e-03 3.606640e-01
297 6.351520e-01 3.504000e-03 3.613440e-01
298 6.345640e-01 3.460000e-03 3.619760e-01
299 6.339120e-01 3.584000e-03 3.625040e-01
300 6.333800e-01 3.464000e-03 3.631560e-01
301 6.328200e-01 3.408000e-03 3.637720e-01
302 6.322640e-01 3.348000e-03 3.643880e-01
303 6.317560e-01 3.300000e-03 3.649440e-01
304 6.311720e-01 3.332000e-03 3.654960e-01
305 6.306280e-01 3.336000e-03 3.660360e-01
306 6.300720e-01 3.364000e-03 3.665640e-01
307 6.295080e-01 3.352000e-03 3.671400e-01
308 6.289680e-01 3.268000e-03 3.677640e-01
309 6.284760e-01 3.260000e-03 3.682640e-01
310 6.279600e-01 3.208000e-03 3.688320e-01
311 6.274240e-01 3.180000e-03 3.693960e-01
312 6.268320e-01 3.220000e-03 3.699480e-01
313 6.263000e-01 3.188000e-03 3.705120e-01
314 6.257120e-01 3.312000e-03 3.709760e-01
315 6.251960e-01 3.224000e-03 3.715800e-01
316 6.246800e-01 3.220000e-03 3.721000e-01
317 6.242040e-01 3.080000e-03 3.727160e-01
318 6.237640e-01 2.972000e-03 3.732640e-01
319 6.233600e-01 2.824000e-03 3.738160e-01
320 6.228800e-01 2.840000e-03 3.742800e-01
321 6.224920e-01 2.764000e-03 3.747440e-01
322 6.220480e-01 2.744000e-03 3.752080e-01
323 6.216240e-01 2.648000e-03 3.757280e-01
324 6.211920e-01 2.640000e-03 3.761680e-01
325 6.207080e-01 2.704000e-03 3.765880e-01
326 6.202080e-01 2.704000e-03 3.770880e-01
327 6.196960e-01 2.748000e-03 3.775560e-01
328 6.192160e-01 2.756000e-03 3.780280e-01
329 6.187960e-01 2.712000e-03 3.784920e-01
330 6.183840e-01 2.660000e-03 3.789560e-01
331 6.179880e-01 2.500000e-03 3.795120e-01
332 6.175920e-01 2.420000e-03 3.799880e-01
333 6.171440e-01 2.460000e-03 3.803960e-01
334 6.167360e-01 2.464000e-03 3.808000e-01
335 6.163760e-01 2.420000e-03 3.812040e-01
336 6.159160e-01 2.476000e-03 3.816080e-01
337 6.155320e-01 2.460000e-03 3.820080e-01
338 6.151360e-01 2.484000e-03 3.823800e-01
339 6.147680e-01 2.448000e-03 3.827840e-01
340 6.143720e-01 2.380000e-03 3.832480e-01
341 6.138160e-01 2.472000e-03 3.837120e-01
342 6.133280e-01 2.616000e-03 3.840560e-01
343 6.128360e-01 2.620000e-03 3.845440e-01
344 6.124400e-01 2.540000e-03 3.850200e-01
345 6.119800e-01 2.508000e-03 3.855120e-01
346 6.114440e-01 2.632000e-03 3.859240e-01
347 6.110560e-01 2.592000e-03 3.863520e-01
348 6.107200e-01 2.396000e-03 3.868840e-01
349 6.103320e-01 2.356000e-03 3.873120e-01
350 6.100440e-01 2.304000e-03 3.876520e-01
351 6.097200e-01 2.296000e-03 3.879840e-01
352 6.094400e-01 2.208000e-03 3.883520e-01
353 6.091000e-01 2.120000e-03 3.887800e-01
354 6.087880e-01 1.992000e-03 3.892200e-01
355 6.085600e-01 1.884000e-03 3.895560e-01
356 6.082960e-01 1.784000e-03 3.899200e-01
357 6.079920e-01 1.804000e-03 3.902040e-01
358 6.076680e-01 1.884000e-03 3.904480e-01
359 6.074040e-01 1.800000e-03 3.907960e-01
360 6.071320e-01 1.756000e-03 3.911120e-01
361 6.068640e-01 1.784000e-03 3.913520e-01
362 6.065800e-01 1.796000e-03 3.916240e-01
363 6.062960e-01 1.756000e-03 3.919480e-01
364 6.060040e-01 1.720000e-03 3.922760e-01
365 6.057800e-01 1.668000e-03 3.925520e-01
366 6.054840e-01 1.648000e-03 3.928680e-01
367 6.052560e-01 1.596000e-03 3.931480e-01
368 6.050600e-01 1.508000e-03 3.934320e-01
369 6.048400e-01 1.468000e-03 3.936920e-01
370 6.046080e-01 1.472000e-03 3.939200e-01
371 6.043240e-01 1.500000e-03 3.941760e-01
372 6.040960e-01 1.484000e-03 3.944200e-01
373 6.038200e-01 1.472000e-03 3.947080e-01
374 6.035120e-01 1.540000e-03 3.949480e-01
375 6.032360e-01 1.484000e-03 3.952800e-01
376 6.029480e-01 1.580000e-03 3.954720e-01
377 6.027240e-01 1.484000e-03 3.957920e-01
378 6.023880e-01 1.580000e-03 3.960320e-01
379 6.021440e-01 1.540000e-03 3.963160e-01
380 6.018200e-01 1.540000e-03 3.966400e-01
381 6.015920e-01 1.488000e-03 3.969200e-01
382 6.013520e-01 1.456000e-03 3.971920e-01
383 6.010040e-01 1.548000e-03 3.974480e-01
384 6.007960e-01 1.436000e-03 3.977680e-01
385 6.006200e-01 1.340000e-03 3.980400e-01
386 6.004160e-01 1.328000e-03 3.982560e-01
387 6.001520e-01 1.384000e-03 3.984640e-01
388 5.998840e-01 1.432000e-03 3.986840e-01
389 5.996080e-01 1.468000e-03 3.989240e-01
390 5.992920e-01 1.512000e-03 3.991960e-01
391 5.990120e-01 1.576000e-03 3.994120e-01
392 5.987640e-01 1.500000e-03 3.997360e-01
393 5.984760e-01 1.520000e-03 4.000040e-01
394 5.981920e-01 1.532000e-03 4.002760e-01
395 5.979280e-01 1.528000e-03 4.005440e-01
396 5.975960e-01 1.600000e-03 4.008040e-01
397 5.973120e-01 1.600000e-03 4.010880e-01
398 5.969320e-01 1.748000e-03 4.013200e-01
399 5.966680e-01 1.688000e-03 4.016440e-01
400 5.964200e-01 1.640000e-03 4.019400e-01
401 5.962720e-01 1.480000e-03 4.022480e-01
402 5.961080e-01 1.376000e-03 4.025160e-01
403 5.959200e-01 1.380000e-03 4.027000e-01
404 5.957480e-01 1.240000e-03 4.030120e-01
405 5.956320e-01 1.112000e-03 4.032560e-01
406 5.954680e-01 1.092000e-03 4.034400e-01
407 5.952960e-01 1.056000e-03 4.036480e-01
408 5.951560e-01 1.032000e-03 4.038120e-01
409 5.949440e-01 1.060000e-03 4.039960e-01
410 5.947640e-01 1.048000e-03 4.041880e-01
411 5.945880e-01 9.800000e-04 4.044320e-01
412 5.944800e-01 9.560000e-04 4.045640e-01
413 5.943720e-01 8.880000e-04 4.047400e-01
414 5.942000e-01 9.120000e-04 4.048880e-01
415 5.940240e-01 9.520000e-04 4.050240e-01
416 5.938600e-01 9.680000e-04 4.051720e-01
417 5.936880e-01 9.920000e-04 4.053200e-01
418 5.935400e-01 9.760000e-04 4.054840e-01
419 5.933960e-01 9.480000e-04 4.056560e-01
420 5.932480e-01 9.520000e-04 4.058000e-01
421 5.930920e-01 9.320000e-04 4.059760e-01
422 5.930160e-01 8.480000e-04 4.061360e-01
423 5.928440e-01 8.360000e-04 4.063200e-01
424 5.926760e-01 8.600000e-04 4.064640e-01
425 5.925320e-01 8.920000e-04 4.065760e-01
426 5.923960e-01 8.800000e-04 4.067240e-01
427 5.922720e-01 8.760000e-04 4.068520e-01
428 5.920880e-01 9.200000e-04 4.069920e-01
429 5.918960e-01 9.840000e-04 4.071200e-01
430 5.917840e-01 8.960000e-04 4.073200e-01
431 5.916040e-01 9.160000e-04 4.074800e-01
432 5.914840e-01 8.800000e-04 4.076360e-01
433 5.914120e-01 7.880000e-04 4.078000e-01
434 5.912520e-01 8.560000e-04 4.078920e-01
435 5.910160e-01 9.040000e-04 4.080800e-01
436 5.908720e-01 9.280000e-04 4.082000e-01
437 5.907160e-01 9.400000e-04 4.083440e-01
438 5.905080e-01 1.000000e-03 4.084920e-01
439 5.903880e-01 9.320000e-04 4.086800e-01
440 5.901800e-01 1.004000e-03 4.088160e-01
441 5.899920e-01 9.880000e-04 4.090200e-01
442 5.898320e-01 1.004000e-03 4.091640e-01
443 5.896960e-01 9.640000e-04 4.093400e-01
444 5.895440e-01 9.720000e-04 4.094840e-01
445 5.893800e-01 9.720000e-04 4.096480e-01
446 5.892640e-01 9.400000e-04 4.097960e-01
447 5.890920e-01 9.560000e-04 4.099520e-01
448 5.889440e-01 9.520000e-04 4.101040e-01
449 5.887840e-01 9.800000e-04 4.102360e-01
450 5.886160e-01 1.020000e-03 4.103640e-01
451 5.884640e-01 9.760000e-04 4.105600e-01
452 5.882560e-01 1.016000e-03 4.107280e-01
453 5.880640e-01 1.020000e-03 4.109160e-01
454 5.879240e-01 9.920000e-04 4.110840e-01
455 5.877920e-01 9.680000e-04 4.112400e-01
456 5.876680e-01 8.920000e-04 4.114400e-01
457 5.875520e-01 8.400000e-04 4.116080e-01
458 5.874360e-01 7.920000e-04 4.117720e-01
459 5.873280e-01 7.640000e-04 4.119080e-01
460 5.872200e-01 7.280000e-04 4.120520e-01
461 5.871040e-01 7.400000e-04 4.121560e-01
462 5.869560e-01 7.480000e-04 4.122960e-01
463 5.868040e-01 7.640000e-04 4.124320e-01
464 5.866680e-01 7.960000e-04 4.125360e-01
465 5.864960e-01 8.400000e-04 4.126640e-01
466 5.863600e-01 8.400000e-04 4.128000e-01
467 5.861480e-01 8.840000e-04 4.129680e-01
468 5.859600e-01 9.160000e-04 4.131240e-01
469 5.857480e-01 9.760000e-04 4.132760e-01
470 5.855720e-01 1.016000e-03 4.134120e-01
471 5.853440e-01 1.052000e-03 4.136040e-01
472 5.851480e-01 1.096000e-03 4.137560e-01
473 5.849880e-01 1.080000e-03 4.139320e-01
474 5.847760e-01 1.100000e-03 4.141240e-01
475 5.846120e-01 1.020000e-03 4.143680e-01
476 5.844920e-01 9.720000e-04 4.145360e-01
477 5.843120e-01 9.800000e-04 4.147080e-01
478 5.842000e-01 9.080000e-04 4.148920e-01
479 5.840200e-01 9.480000e-04 4.150320e-01
480 5.838440e-01 9.400000e-04 4.152160e-01
481 5.836800e-01 9.240000e-04 4.153960e-01
482 5.834400e-01 9.400000e-04 4.156200e-01
483 5.832360e-01 9.880000e-04 4.157760e-01
484 5.830240e-01 1.028000e-03 4.159480e-01
485 5.828880e-01 9.920000e-04 4.161200e-01
486 5.827600e-01 9.480000e-04 4.162920e-01
487 5.826320e-01 9.080000e-04 4.164600e-01
488 5.825040e-01 8.760000e-04 4.166200e-01
489 5.823960e-01 8.440000e-04 4.167600e-01
490 5.823240e-01 7.760000e-04 4.169000e-01
491 5.822080e-01 7.960000e-04 4.169960e-01
492 5.820920e-01 7.720000e-04 4.171360e-01
493 5.819920e-01 7.480000e-04 4.172600e-01
494 5.819000e-01 7.200000e-04 4.173800e-01
495 5.818240e-01 6.760000e-04 4.175000e-01
496 5.817640e-01 6.000000e-04 4.176360e-01
497 5.816840e-01 5.520000e-04 4.177640e-01
498 5.816520e-01 4.760000e-04 4.178720e-01
499 5.815640e-01 4.840000e-04 4.179520e-01
500 5.814880e-01 4.880000e-04 4.180240e-01
