1 9.992360e-01 6.600000e-04 1.040000e-04
2 9.987440e-01 1.032000e-03 2.240000e-04
3 9.981400e-01 1.396000e-03 4.640000e-04
4 9.974160e-01 1.824000e-03 7.600000e-04
5 9.966480e-01 2.296000e-03 1.056000e-03
6 9.958760e-01 2.656000e-03 1.468000e-03
7 9.949360e-01 3.032000e-03 2.032000e-03
8 9.940280e-01 3.424000e-03 2.548000e-03
9 9.930680e-01 3.720000e-03 3.212000e-03
10 9.920080e-01 4.124000e-03 3.868000e-03
11 9.910600e-01 4.272000e-03 4.668000e-03
12 9.900760e-01 4.448000e-03 5.476000e-03
13 9.891600e-01 4.556000e-03 6.284000e-03
14 9.881640e-01 4.724000e-03 7.112000e-03
15 9.871480e-01 4.788000e-03 8.064000e-03
16 9.861880e-01 4.964000e-03 8.848000e-03
17 9.852360e-01 5.024000e-03 9.740000e-03
18 9.841400e-01 5.276000e-03 1.058400e-02
19 9.829200e-01 5.444000e-03 1.163600e-02
20 9.817440e-01 5.576000e-03 1.268000e-02
21 9.805680e-01 5.828000e-03 1.360400e-02
22 9.793680e-01 5.980000e-03 1.465200e-02
23 9.781600e-01 6.120000e-03 1.572000e-02
24 9.768120e-01 6.492000e-03 1.669600e-02
25 9.755720e-01 6.636000e-03 1.779200e-02
26 9.741400e-01 6.884000e-03 1.897600e-02
27 9.729200e-01 6.880000e-03 2.020000e-02
28 9.716760e-01 6.952000e-03 2.137200e-02
29 9.704680e-01 6.924000e-03 2.260800e-02
30 9.692640e-01 6.924000e-03 2.381200e-02
31 9.679920e-01 7.048000e-03 2.496000e-02
32 9.665720e-01 7.208000e-03 2.622000e-02
33 9.652480e-01 7.204000e-03 2.754800e-02
34 9.638960e-01 7.404000e-03 2.870000e-02
35 9.624280e-01 7.548000e-03 3.002400e-02
36 9.609520e-01 7.676000e-03 3.137200e-02
37 9.596440e-01 7.696000e-03 3.266000e-02
38 9.580520e-01 7.884000e-03 3.406400e-02
39 9.564840e-01 8.100000e-03 3.541600e-02
40 9.549640e-01 8.252000e-03 3.678400e-02
41 9.533400e-01 8.556000e-03 3.810400e-02
42 9.518440e-01 8.560000e-03 3.959600e-02
43 9.503120e-01 8.600000e-03 4.108800e-02
44 9.485600e-01 8.836000e-03 4.260400e-02
45 9.470360e-01 8.804000e-03 4.416000e-02
46 9.454320e-01 8.836000e-03 4.573200e-02
47 9.438680e-01 9.012000e-03 4.712000e-02
48 9.422360e-01 9.104000e-03 4.866000e-02
49 9.407720e-01 8.976000e-03 5.025200e-02
50 9.392080e-01 8.944000e-03 5.184800e-02
51 9.376720e-01 8.916000e-03 5.341200e-02
52 9.361120e-01 8.964000e-03 5.492400e-02
53 9.344560e-01 9.092000e-03 5.645200e-02
54 9.328680e-01 9.040000e-03 5.809200e-02
55 9.313800e-01 8.908000e-03 5.971200e-02
56 9.298120e-01 8.892000e-03 6.129600e-02
57 9.282880e-01 8.832000e-03 6.288000e-02
58 9.268600e-01 8.712000e-03 6.442800e-02
59 9.253280e-01 8.628000e-03 6.604400e-02
60 9.238000e-01 8.636000e-03 6.756400e-02
61 9.222000e-01 8.820000e-03 6.898000e-02
62 9.205960e-01 8.744000e-03 7.066000e-02
63 9.189760e-01 8.876000e-03 7.214800e-02
64 9.175000e-01 8.888000e-03 7.361200e-02
65 9.159720e-01 8.968000e-03 7.506000e-02
66 9.143040e-01 9.048000e-03 7.664800e-02
67 9.127280e-01 8.992000e-03 7.828000e-02
68 9.109920e-01 9.092000e-03 7.991600e-02
69 9.094720e-01 9.072000e-03 8.145600e-02
70 9.079520e-01 9.060000e-03 8.298800e-02
71 9.065200e-01 8.896000e-03 8.458400e-02
72 9.050240e-01 8.924000e-03 8.605200e-02
73 9.036320e-01 8.780000e-03 8.758800e-02
74 9.022720e-01 8.560000e-03 8.916800e-02
75 9.008080e-01 8.592000e-03 9.060000e-02
76 8.994280e-01 8.424000e-03 9.214800e-02
77 8.980240e-01 8.364000e-03 9.361200e-02
78 8.965280e-01 8.384000e-03 9.508800e-02
79 8.951840e-01 8.172000e-03 9.664400e-02
80 8.938840e-01 8.044000e-03 9.807200e-02
81 8.925080e-01 7.988000e-03 9.950400e-02
82 8.911520e-01 7.936000e-03 1.009120e-01
83 8.898000e-01 7.832000e-03 1.023680e-01
84 8.884840e-01 7.872000e-03 1.036440e-01
85 8.871960e-01 7.780000e-03 1.050240e-01
86 8.858680e-01 7.656000e-03 1.064760e-01
87 8.845360e-01 7.772000e-03 1.076920e-01
88 8.831920e-01 7.912000e-03 1.088960e-01
89 8.820800e-01 7.712000e-03 1.102080e-01
90 8.808200e-01 7.716000e-03 1.114640e-01
91 8.794200e-01 7.820000e-03 1.127600e-01
92 8.781560e-01 7.752000e-03 1.140920e-01
93 8.768680e-01 7.520000e-03 1.156120e-01
94 8.755320e-01 7.664000e-03 1.168040e-01
95 8.742480e-01 7.620000e-03 1.181320e-01
96 8.729160e-01 7.652000e-03 1.194320e-01
97 8.717400e-01 7.540000e-03 1.207200e-01
98 8.706080e-01 7.368000e-03 1.220240e-01
99 8.694360e-01 7.384000e-03 1.231800e-01
100 8.683520e-01 7.136000e-03 1.245120e-01
101 8.671320e-01 7.032000e-03 1.258360e-01
102 8.659720e-01 6.940000e-03 1.270880e-01
103 8.649080e-01 6.772000e-03 1.283200e-01
104 8.638240e-01 6.680000e-03 1.294960e-01
105 8.626240e-01 6.728000e-03 1.306480e-01
106 8.614520e-01 6.756000e-03 1.317920e-01
107 8.602480e-01 6.856000e-03 1.328960e-01
108 8.591320e-01 6.828000e-03 1.340400e-01
109 8.579920e-01 6.728000e-03 1.352800e-01
110 8.567200e-01 6.760000e-03 1.365200e-01
111 8.556720e-01 6.588000e-03 1.377400e-01
112 8.546360e-01 6.532000e-03 1.388320e-01
113 8.534880e-01 6.556000e-03 1.399560e-01
114 8.524240e-01 6.408000e-03 1.411680e-01
115 8.512800e-01 6.448000e-03 1.422720e-01
116 8.501040e-01 6.548000e-03 1.433480e-01
117 8.491000e-01 6.380000e-03 1.445200e-01
118 8.479200e-01 6.528000e-03 1.455520e-01
119 8.469520e-01 6.428000e-03 1.466200e-01
120 8.459880e-01 6.192000e-03 1.478200e-01
121 8.449720e-01 6.152000e-03 1.488760e-01
122 8.441000e-01 5.896000e-03 1.500040e-01
123 8.431360e-01 5.820000e-03 1.510440e-01
124 8.421280e-01 5.704000e-03 1.521680e-01
125 8.411280e-01 5.792000e-03 1.530800e-01
126 8.401520e-01 5.776000e-03 1.540720e-01
127 8.390440e-01 5.796000e-03 1.551600e-01
128 8.381080e-01 5.720000e-03 1.561720e-01
129 8.371080e-01 5.668000e-03 1.572240e-01
130 8.363040e-01 5.452000e-03 1.582440e-01
131 8.353960e-01 5.392000e-03 1.592120e-01
132 8.345440e-01 5.300000e-03 1.601560e-01
133 8.335160e-01 5.452000e-03 1.610320e-01
134 8.324720e-01 5.612000e-03 1.619160e-01
135 8.313480e-01 5.680000e-03 1.629720e-01
136 8.302640e-01 5.704000e-03 1.640320e-01
137 8.292760e-01 5.696000e-03 1.650280e-01
138 8.283520e-01 5.524000e-03 1.661240e-01
139 8.274720e-01 5.400000e-03 1.671280e-01
140 8.265760e-01 5.296000e-03 1.681280e-01
141 8.258040e-01 5.176000e-03 1.690200e-01
142 8.250640e-01 4.968000e-03 1.699680e-01
143 8.243360e-01 4.816000e-03 1.708480e-01
144 8.236280e-01 4.668000e-03 1.717040e-01
145 8.230280e-01 4.448000e-03 1.725240e-01
146 8.222440e-01 4.432000e-03 1.733240e-01
147 8.214680e-01 4.456000e-03 1.740760e-01
148 8.207280e-01 4.300000e-03 1.749720e-01
149 8.199680e-01 4.328000e-03 1.757040e-01
150 8.191240e-01 4.428000e-03 1.764480e-01
151 8.183160e-01 4.452000e-03 1.772320e-01
152 8.174680e-01 4.536000e-03 1.779960e-01
153 8.164880e-01 4.788000e-03 1.787240e-01
154 8.156360e-01 4.704000e-03 1.796600e-01
155 8.149440e-01 4.648000e-03 1.804080e-01
156 8.141520e-01 4.664000e-03 1.811840e-01
157 8.133160e-01 4.720000e-03 1.819640e-01
158 8.124520e-01 4.724000e-03 1.828240e-01
159 8.117040e-01 4.656000e-03 1.836400e-01
160 8.109080e-01 4.644000e-03 1.844480e-01
161 8.101800e-01 4.616000e-03 1.852040e-01
162 8.093600e-01 4.680000e-03 1.859600e-01
163 8.085200e-01 4.716000e-03 1.867640e-01
164 8.076480e-01 4.800000e-03 1.875520e-01
165 8.066400e-01 4.864000e-03 1.884960e-01
166 8.058080e-01 4.860000e-03 1.893320e-01
167 8.048840e-01 4.920000e-03 1.901960e-01
168 8.039640e-01 4.996000e-03 1.910400e-01
169 8.030360e-01 4.968000e-03 1.919960e-01
170 8.020920e-01 5.072000e-03 1.928360e-01
171 8.011760e-01 5.088000e-03 1.937360e-01
172 8.003680e-01 5.004000e-03 1.946280e-01
173 7.996400e-01 4.912000e-03 1.954480e-01
174 7.988600e-01 4.804000e-03 1.963360e-01
175 7.980320e-01 4.772000e-03 1.971960e-01
176 7.972800e-01 4.696000e-03 1.980240e-01
177 7.965800e-01 4.660000e-03 1.987600e-01
178 7.958200e-01 4.552000e-03 1.996280e-01
179 7.951320e-01 4.424000e-03 2.004440e-01
180 7.944000e-01 4.352000e-03 2.012480e-01
181 7.936440e-01 4.360000e-03 2.019960e-01
182 7.927920e-01 4.440000e-03 2.027680e-01
183 7.919880e-01 4.500000e-03 2.035120e-01
184 7.912200e-01 4.540000e-03 2.042400e-01
185 7.904040e-01 4.508000e-03 2.050880e-01
186 7.896160e-01 4.400000e-03 2.059840e-01
187 7.888240e-01 4.416000e-03 2.067600e-01
188 7.880760e-01 4.372000e-03 2.075520e-01
189 7.872680e-01 4.472000e-03 2.082600e-01
190 7.866320e-01 4.240000e-03 2.091280e-01
191 7.859520e-01 4.200000e-03 2.098480e-01
192 7.853600e-01 4.064000e-03 2.105760e-01
193 7.847000e-01 4.040000e-03 2.112600e-01
194 7.840120e-01 3.992000e-03 2.119960e-01
195 7.833720e-01 3.948000e-03 2.126800e-01
196 7.827000e-01 3.976000e-03 2.133240e-01
197 7.819840e-01 4.044000e-03 2.139720e-01
198 7.813880e-01 3.848000e-03 2.147640e-01
199 7.807680e-01 3.824000e-03 2.154080e-01
200 7.802040e-01 3.812000e-03 2.159840e-01
201 7.795600e-01 3.748000e-03 2.166920e-01
202 7.788640e-01 3.768000e-03 2.173680e-01
203 7.781840e-01 3.800000e-03 2.180160e-01
204 7.774920e-01 3.800000e-03 2.187080e-01
205 7.766560e-01 3.984000e-03 2.193600e-01
206 7.759120e-01 4.088000e-03 2.200000e-01
207 7.751880e-01 4.120000e-03 2.206920e-01
208 7.744280e-01 4.212000e-03 2.213600e-01
209 7.737560e-01 4.120000e-03 2.221240e-01
210 7.729920e-01 4.064000e-03 2.229440e-01
211 7.722440e-01 4.108000e-03 2.236480e-01
212 7.715600e-01 4.104000e-03 2.243360e-01
213 7.708840e-01 4.120000e-03 2.249960e-01
214 7.700880e-01 4.184000e-03 2.257280e-01
215 7.694240e-01 4.196000e-03 2.263800e-01
216 7.687120e-01 4.220000e-03 2.270680e-01
217 7.679920e-01 4.312000e-03 2.276960e-01
218 7.672600e-01 4.388000e-03 2.283520e-01
219 7.665400e-01 4.320000e-03 2.291400e-01
220 7.658640e-01 4.280000e-03 2.298560e-01
221 7.651000e-01 4.288000e-03 2.306120e-01
222 7.643640e-01 4.360000e-03 2.312760e-01
223 7.636840e-01 4.344000e-03 2.319720e-01
224 7.630240e-01 4.308000e-03 2.326680e-01
225 7.623320e-01 4.216000e-03 2.334520e-01
226 7.614720e-01 4.280000e-03 2.342480e-01
227 7.608440e-01 4.124000e-03 2.350320e-01
228 7.602160e-01 4.076000e-03 2.357080e-01
229 7.596360e-01 3.904000e-03 2.364600e-01
230 7.590240e-01 3.820000e-03 2.371560e-01
231 7.585240e-01 3.648000e-03 2.378280e-01
232 7.579800e-01 3.540000e-03 2.384800e-01
233 7.573960e-01 3.580000e-03 2.390240e-01
234 7.568680e-01 3.504000e-03 2.396280e-01
235 7.563080e-01 3.476000e-03 2.402160e-01
236 7.557200e-01 3.464000e-03 2.408160e-01
237 7.550880e-01 3.464000e-03 2.414480e-01
238 7.545040e-01 3.476000e-03 2.420200e-01
239 7.538680e-01 3.468000e-03 2.426640e-01
240 7.532720e-01 3.496000e-03 2.432320e-01
241 7.526400e-01 3.388000e-03 2.439720e-01
242 7.519560e-01 3.580000e-03 2.444640e-01
243 7.512920e-01 3.644000e-03 2.450640e-01
244 7.506400e-01 3.608000e-03 2.457520e-01
245 7.501080e-01 3.492000e-03 2.464000e-01
246 7.495400e-01 3.516000e-03 2.469440e-01
247 7.488440e-01 3.612000e-03 2.475440e-01
248 7.481720e-01 3.660000e-03 2.481680e-01
249 7.474800e-01 3.792000e-03 2.487280e-01
250 7.468520e-01 3.816000e-03 2.493320e-01
251 7.462200e-01 3.760000e-03 2.500200e-01
252 7.456920e-01 3.600000e-03 2.507080e-01
253 7.450760e-01 3.596000e-03 2.513280e-01
254 7.444680e-01 3.584000e-03 2.519480e-01
255 7.438880e-01 3.604000e-03 2.525080e-01
256 7.433720e-01 3.512000e-03 2.531160e-01
257 7.428440e-01 3.456000e-03 2.537000e-01
258 7.422400e-01 3.428000e-03 2.543320e-01
259 7.416240e-01 3.436000e-03 2.549400e-01
260 7.410120e-01 3.500000e-03 2.554880e-01
261 7.403920e-01 3.596000e-03 2.560120e-01
262 7.398760e-01 3.508000e-03 2.566160e-01
263 7.393240e-01 3.404000e-03 2.572720e-01
264 7.388120e-01 3.304000e-03 2.578840e-01
265 7.382920e-01 3.328000e-03 2.583800e-01
266 7.377640e-01 3.200000e-03 2.590360e-01
267 7.372960e-01 3.096000e-03 2.596080e-01
268 7.368000e-01 3.080000e-03 2.601200e-01
269 7.363160e-01 2.988000e-03 2.606960e-01
270 7.358280e-01 2.968000e-03 2.612040e-01
271 7.352400e-01 2.952000e-03 2.618080e-01
272 7.347440e-01 2.936000e-03 2.623200e-01
273 7.342440e-01 2.852000e-03 2.629040e-01
274 7.337880e-01 2.908000e-03 2.633040e-01
275 7.333280e-01 2.820000e-03 2.638520e-01
276 7.328840e-01 2.764000e-03 2.643520e-01
277 7.325240e-01 2.712000e-03 2.647640e-01
278 7.321040e-01 2.688000e-03 2.652080e-01
279 7.316480e-01 2.692000e-03 2.656600e-01
280 7.311240e-01 2.692000e-03 2.661840e-01
281 7.306960e-01 2.600000e-03 2.667040e-01
282 7.302680e-01 2.596000e-03 2.671360e-01
283 7.298120e-01 2.564000e-03 2.676240e-01
284 7.293680e-01 2.580000e-03 2.680520e-01
285 7.289080e-01 2.620000e-03 2.684720e-01
286 7.284680e-01 2.508000e-03 2.690240e-01
287 7.280560e-01 2.508000e-03 2.694360e-01
288 7.276800e-01 2.484000e-03 2.698360e-01
289 7.273360e-01 2.396000e-03 2.702680e-01
290 7.269280e-01 2.420000e-03 2.706520e-01
291 7.265800e-01 2.388000e-03 2.710320e-01
292 7.261360e-01 2.420000e-03 2.714440e-01
293 7.256760e-01 2.480000e-03 2.718440e-01
294 7.252080e-01 2.496000e-03 2.722960e-01
295 7.247360e-01 2.580000e-03 2.726840e-01
296 7.243240e-01 2.488000e-03 2.731880e-01
297 7.238200e-01 2.568000e-03 2.736120e-01
298 7.233440e-01 2.636000e-03 2.740200e-01
299 7.228920e-01 2.616000e-03 2.744920e-01
300 7.224520e-01 2.532000e-03 2.750160e-01
301 7.219880e-01 2.612000e-03 2.754000e-01
302 7.214800e-01 2.660000e-03 2.758600e-01
303 7.209720e-01 2.696000e-03 2.763320e-01
304 7.205320e-01 2.612000e-03 2.768560e-01
305 7.200720e-01 2.636000e-03 2.772920e-01
306 7.196280e-01 2.580000e-03 2.777920e-01
307 7.192240e-01 2.536000e-03 2.782400e-01
308 7.188320e-01 2.460000e-03 2.787080e-01
309 7.184120e-01 2.444000e-03 2.791440e-01
310 7.180080e-01 2.396000e-03 2.795960e-01
311 7.176280e-01 2.392000e-03 2.799800e-01
312 7.172040e-01 2.356000e-03 2.804400e-01
313 7.168560e-01 2.328000e-03 2.808160e-01
314 7.164800e-01 2.264000e-03 2.812560e-01
315 7.160760e-01 2.264000e-03 2.816600e-01
316 7.156480e-01 2.220000e-03 2.821320e-01
317 7.152040e-01 2.276000e-03 2.825200e-01
318 7.148440e-01 2.240000e-03 2.829160e-01
319 7.145240e-01 2.076000e-03 2.834000e-01
320 7.141560e-01 2.008000e-03 2.838360e-01
321 7.137040e-01 2.148000e-03 2.841480e-01
322 7.133040e-01 2.184000e-03 2.845120e-01
323 7.129240e-01 2.196000e-03 2.848800e-01
324 7.124960e-01 2.228000e-03 2.852760e-01
325 7.122120e-01 2.084000e-03 2.857040e-01
326 7.117960e-01 2.124000e-03 2.860800e-01
327 7.113120e-01 2.208000e-03 2.864800e-01
328 7.109720e-01 2.172000e-03 2.868560e-01
329 7.105880e-01 2.176000e-03 2.872360e-01
330 7.102160e-01 2.156000e-03 2.876280e-01
331 7.098440e-01 2.164000e-03 2.879920e-01
332 7.094800e-01 2.108000e-03 2.884120e-01
333 7.091080e-01 2.044000e-03 2.888480e-01
334 7.087520e-01 2.096000e-03 2.891520e-01
335 7.084320e-01 2.080000e-03 2.894880e-01
336 7.080320e-01 2.112000e-03 2.898560e-01
337 7.076560e-01 2.152000e-03 2.901920e-01
338 7.072160e-01 2.252000e-03 2.905320e-01
339 7.067760e-01 2.288000e-03 2.909360e-01
340 7.063680e-01 2.256000e-03 2.913760e-01
341 7.059320e-01 2.296000e-03 2.917720e-01
342 7.055160e-01 2.328000e-03 2.921560e-01
343 7.050280e-01 2.416000e-03 2.925560e-01
344 7.046680e-01 2.260000e-03 2.930720e-01
345 7.043080e-01 2.164000e-03 2.935280e-01
346 7.039480e-01 2.088000e-03 2.939640e-01
347 7.036200e-01 2.052000e-03 2.943280e-01
348 7.032160e-01 2.160000e-03 2.946240e-01
349 7.028280e-01 2.156000e-03 2.950160e-01
350 7.024960e-01 2.104000e-03 2.954000e-01
351 7.021720e-01 1.988000e-03 2.958400e-01
352 7.018520e-01 2.024000e-03 2.961240e-01
353 7.015280e-01 1.996000e-03 2.964760e-01
354 7.012320e-01 1.928000e-03 2.968400e-01
355 7.009120e-01 1.860000e-03 2.972280e-01
356 7.006560e-01 1.756000e-03 2.975880e-01
357 7.003520e-01 1.748000e-03 2.979000e-01
358 7.000240e-01 1.780000e-03 2.981960e-01
359 6.996680e-01 1.768000e-03 2.985640e-01
360 6.993680e-01 1.776000e-03 2.988560e-01
361 6.990760e-01 1.760000e-03 2.991640e-01
362 6.988200e-01 1.672000e-03 2.995080e-01
363 6.985640e-01 1.576000e-03 2.998600e-01
364 6.982720e-01 1.608000e-03 3.001200e-01
365 6.980400e-01 1.540000e-03 3.004200e-01
366 6.977520e-01 1.572000e-03 3.006760e-01
367 6.974840e-01 1.576000e-03 3.009400e-01
368 6.972360e-01 1.508000e-03 3.012560e-01
369 6.969880e-01 1.504000e-03 3.015080e-01
370 6.966720e-01 1.564000e-03 3.017640e-01
371 6.964120e-01 1.560000e-03 3.020280e-01
372 6.962040e-01 1.484000e-03 3.023120e-01
373 6.959640e-01 1.476000e-03 3.025600e-01
374 6.957080e-01 1.492000e-03 3.028000e-01
375 6.954680e-01 1.508000e-03 3.030240e-01
376 6.952160e-01 1.488000e-03 3.032960e-01
377 6.949920e-01 1.396000e-03 3.036120e-01
378 6.947360e-01 1.452000e-03 3.038120e-01
379 6.944320e-01 1.528000e-03 3.040400e-01
380 6.941880e-01 1.476000e-03 3.043360e-01
381 6.939280e-01 1.468000e-03 3.046040e-01
382 6.936920e-01 1.456000e-03 3.048520e-01
383 6.934040e-01 1.472000e-03 3.051240e-01
384 6.931360e-01 1.484000e-03 3.053800e-01
385 6.928800e-01 1.464000e-03 3.056560e-01
386 6.926400e-01 1.460000e-03 3.059000e-01
387 6.924080e-01 1.424000e-03 3.061680e-01
388 6.921760e-01 1.396000e-03 3.064280e-01
389 6.919440e-01 1.388000e-03 3.066680e-01
390 6.917800e-01 1.336000e-03 3.068840e-01
391 6.914800e-01 1.400000e-03 3.071200e-01
392 6.912440e-01 1.396000e-03 3.073600e-01
393 6.909760e-01 1.376000e-03 3.076480e-01
394 6.907840e-01 1.300000e-03 3.079160e-01
395 6.905600e-01 1.284000e-03 3.081560e-01
396 6.903520e-01 1.252000e-03 3.083960e-01
397 6.901440e-01 1.244000e-03 3.086120e-01
398 6.899240e-01 1.244000e-03 3.088320e-01
399 6.896920e-01 1.268000e-03 3.090400e-01
400 6.894360e-01 1.288000e-03 3.092760e-01
401 6.892120e-01 1.344000e-03 3.094440e-01
402 6.890160e-01 1.352000e-03 3.096320e-01
403 6.887200e-01 1.436000e-03 3.098440e-01
404 6.885080e-01 1.320000e-03 3.101720e-01
405 6.882960e-01 1.328000e-03 3.103760e-01
406 6.880880e-01 1.328000e-03 3.105840e-01
407 6.878440e-01 1.316000e-03 3.108400e-01
408 6.875800e-01 1.340000e-03 3.110800e-01
409 6.873560e-01 1.300000e-03 3.113440e-01
410 6.871320e-01 1.284000e-03 3.115840e-01
411 6.869120e-01 1.300000e-03 3.117880e-01
412 6.866240e-01 1.328000e-03 3.120480e-01
413 6.863440e-01 1.372000e-03 3.122840e-01
414 6.861360e-01 1.332000e-03 3.125320e-01
415 6.859480e-01 1.272000e-03 3.127800e-01
416 6.857160e-01 1.288000e-03 3.129960e-01
417 6.854960e-01 1.292000e-03 3.132120e-01
418 6.852760e-01 1.312000e-03 3.134120e-01
419 6.850920e-01 1.280000e-03 3.136280e-01
420 6.849000e-01 1.276000e-03 3.138240e-01
421 6.847160e-01 1.236000e-03 3.140480e-01
422 6.844000e-01 1.328000e-03 3.142720e-01
423 6.841400e-01 1.348000e-03 3.145120e-01
424 6.839320e-01 1.276000e-03 3.147920e-01
425 6.837000e-01 1.256000e-03 3.150440e-01
426 6.834760e-01 1.260000e-03 3.152640e-01
427 6.832240e-01 1.244000e-03 3.155320e-01
428 6.829840e-01 1.244000e-03 3.157720e-01
429 6.826520e-01 1.368000e-03 3.159800e-01
430 6.823800e-01 1.404000e-03 3.162160e-01
431 6.821200e-01 1.376000e-03 3.165040e-01
432 6.818120e-01 1.468000e-03 3.167200e-01
433 6.815760e-01 1.500000e-03 3.169240e-01
434 6.812880e-01 1.464000e-03 3.172480e-01
435 6.810920e-01 1.404000e-03 3.175040e-01
436 6.808400e-01 1.432000e-03 3.177280e-01
437 6.805320e-01 1.500000e-03 3.179680e-01
438 6.802480e-01 1.552000e-03 3.182000e-01
439 6.799640e-01 1.540000e-03 3.184960e-01
440 6.796920e-01 1.560000e-03 3.187480e-01
441 6.794520e-01 1.548000e-03 3.190000e-01
442 6.791360e-01 1.596000e-03 3.192680e-01
443 6.788320e-01 1.644000e-03 3.195240e-01
444 6.784680e-01 1.724000e-03 3.198080e-01
445 6.780720e-01 1.800000e-03 3.201280e-01
446 6.777240e-01 1.860000e-03 3.204160e-01
447 6.773920e-01 1.836000e-03 3.207720e-01
448 6.770400e-01 1.860000e-03 3.211000e-01
449 6.766640e-01 1.932000e-03 3.214040e-01
450 6.763600e-01 1.900000e-03 3.217400e-01
451 6.760720e-01 1.872000e-03 3.220560e-01
452 6.757080e-01 1.884000e-03 3.224080e-01
453 6.754120e-01 1.832000e-03 3.227560e-01
454 6.750640e-01 1.876000e-03 3.230600e-01
455 6.747720e-01 1.888000e-03 3.233400e-01
456 6.744760e-01 1.852000e-03 3.236720e-01
457 6.741720e-01 1.824000e-03 3.240040e-01
458 6.738400e-01 1.852000e-03 3.243080e-01
459 6.735320e-01 1.896000e-03 3.245720e-01
460 6.731800e-01 1.876000e-03 3.249440e-01
461 6.729320e-01 1.812000e-03 3.252560e-01
462 6.726360e-01 1.828000e-03 3.255360e-01
463 6.722360e-01 1.920000e-03 3.258440e-01
464 6.718920e-01 1.852000e-03 3.262560e-01
465 6.714120e-01 1.972000e-03 3.266160e-01
466 6.710560e-01 1.932000e-03 3.270120e-01
467 6.707360e-01 1.908000e-03 3.273560e-01
468 6.703640e-01 1.936000e-03 3.277000e-01
469 6.700920e-01 1.872000e-03 3.280360e-01
470 6.698160e-01 1.808000e-03 3.283760e-01
471 6.695120e-01 1.784000e-03 3.287040e-01
472 6.692760e-01 1.704000e-03 3.290200e-01
473 6.689480e-01 1.796000e-03 3.292560e-01
474 6.687000e-01 1.764000e-03 3.295360e-01
475 6.684360e-01 1.688000e-03 3.298760e-01
476 6.681800e-01 1.656000e-03 3.301640e-01
477 6.679320e-01 1.620000e-03 3.304480e-01
478 6.676600e-01 1.656000e-03 3.306840e-01
479 6.673560e-01 1.668000e-03 3.309760e-01
480 6.670080e-01 1.744000e-03 3.312480e-01
481 6.667520e-01 1.652000e-03 3.315960e-01
482 6.664480e-01 1.700000e-03 3.318520e-01
483 6.661840e-01 1.716000e-03 3.321000e-01
484 6.658800e-01 1.772000e-03 3.323480e-01
485 6.656440e-01 1.740000e-03 3.326160e-01
486 6.654400e-01 1.624000e-03 3.329360e-01
487 6.651840e-01 1.596000e-03 3.332200e-01
488 6.649560e-01 1.516000e-03 3.335280e-01
489 6.647640e-01 1.420000e-03 3.338160e-01
490 6.645600e-01 1.344000e-03 3.340960e-01
491 6.643560e-01 1.340000e-03 3.343040e-01
492 6.641160e-01 1.376000e-03 3.345080e-01
493 6.639480e-01 1.320000e-03 3.347320e-01
494 6.638040e-01 1.196000e-03 3.350000e-01
495 6.635920e-01 1.184000e-03 3.352240e-01
496 6.634320e-01 1.120000e-03 3.354480e-01
497 6.632640e-01 1.108000e-03 3.356280e-01
498 6.630680e-01 1.156000e-03 3.357760e-01
499 6.628520e-01 1.192000e-03 3.359560e-01
500 6.626800e-01 1.092000e-03 3.362280e-01
