1 9.991920e-01 7.200000e-04 8.800000e-05
2 9.986040e-01 1.148000e-03 2.480000e-04
3 9.979600e-01 1.596000e-03 4.440000e-04
4 9.971800e-01 2.072000e-03 7.480000e-04
5 9.964480e-01 2.384000e-03 1.168000e-03
6 9.956720e-01 2.732000e-03 1.596000e-03
7 9.948160e-01 3.104000e-03 2.080000e-03
8 9.939400e-01 3.424000e-03 2.636000e-03
9 9.929360e-01 3.824000e-03 3.240000e-03
10 9.918880e-01 4.124000e-03 3.988000e-03
11 9.909120e-01 4.276000e-03 4.812000e-03
12 9.899480e-01 4.548000e-03 5.504000e-03
13 9.888440e-01 4.828000e-03 6.328000e-03
14 9.876840e-01 5.080000e-03 7.236000e-03
15 9.866000e-01 5.200000e-03 8.200000e-03
16 9.853440e-01 5.500000e-03 9.156000e-03
17 9.840640e-01 5.820000e-03 1.011600e-02
18 9.827280e-01 6.024000e-03 1.124800e-02
19 9.812840e-01 6.420000e-03 1.229600e-02
20 9.801360e-01 6.400000e-03 1.346400e-02
21 9.788760e-01 6.560000e-03 1.456400e-02
22 9.776360e-01 6.596000e-03 1.576800e-02
23 9.764360e-01 6.644000e-03 1.692000e-02
24 9.751480e-01 6.680000e-03 1.817200e-02
25 9.738120e-01 6.844000e-03 1.934400e-02
26 9.724920e-01 6.996000e-03 2.051200e-02
27 9.711920e-01 7.104000e-03 2.170400e-02
28 9.697480e-01 7.336000e-03 2.291600e-02
29 9.683280e-01 7.476000e-03 2.419600e-02
30 9.667840e-01 7.696000e-03 2.552000e-02
31 9.653160e-01 7.824000e-03 2.686000e-02
32 9.638760e-01 7.836000e-03 2.828800e-02
33 9.625240e-01 7.708000e-03 2.976800e-02
34 9.610640e-01 7.648000e-03 3.128800e-02
35 9.597880e-01 7.564000e-03 3.264800e-02
36 9.584640e-01 7.560000e-03 3.397600e-02
37 9.570960e-01 7.604000e-03 3.530000e-02
38 9.555680e-01 7.856000e-03 3.657600e-02
39 9.539760e-01 8.084000e-03 3.794000e-02
40 9.522800e-01 8.156000e-03 3.956400e-02
41 9.506920e-01 8.356000e-03 4.095200e-02
42 9.490840e-01 8.584000e-03 4.233200e-02
43 9.474840e-01 8.624000e-03 4.389200e-02
44 9.458800e-01 8.640000e-03 4.548000e-02
45 9.444160e-01 8.544000e-03 4.704000e-02
46 9.430680e-01 8.340000e-03 4.859200e-02
47 9.416400e-01 8.332000e-03 5.002800e-02
48 9.400880e-01 8.264000e-03 5.164800e-02
49 9.387240e-01 8.156000e-03 5.312000e-02
50 9.372800e-01 8.296000e-03 5.442400e-02
51 9.357440e-01 8.376000e-03 5.588000e-02
52 9.342880e-01 8.244000e-03 5.746800e-02
53 9.328800e-01 8.156000e-03 5.896400e-02
54 9.313240e-01 8.276000e-03 6.040000e-02
55 9.298000e-01 8.404000e-03 6.179600e-02
56 9.283760e-01 8.344000e-03 6.328000e-02
57 9.270040e-01 8.336000e-03 6.466000e-02
58 9.256040e-01 8.284000e-03 6.611200e-02
59 9.242240e-01 8.256000e-03 6.752000e-02
60 9.228000e-01 8.204000e-03 6.899600e-02
61 9.212280e-01 8.392000e-03 7.038000e-02
62 9.198840e-01 8.236000e-03 7.188000e-02
63 9.185080e-01 8.200000e-03 7.329200e-02
64 9.171360e-01 8.140000e-03 7.472400e-02
65 9.159760e-01 7.692000e-03 7.633200e-02
66 9.147000e-01 7.560000e-03 7.774000e-02
67 9.134880e-01 7.516000e-03 7.899600e-02
68 9.121520e-01 7.536000e-03 8.031200e-02
69 9.108840e-01 7.364000e-03 8.175200e-02
70 9.095120e-01 7.548000e-03 8.294000e-02
71 9.080760e-01 7.664000e-03 8.426000e-02
72 9.067000e-01 7.612000e-03 8.568800e-02
73 9.053040e-01 7.804000e-03 8.689200e-02
74 9.039960e-01 7.816000e-03 8.818800e-02
75 9.025600e-01 8.108000e-03 8.933200e-02
76 9.012280e-01 8.068000e-03 9.070400e-02
77 8.999000e-01 7.972000e-03 9.212800e-02
78 8.984600e-01 8.044000e-03 9.349600e-02
79 8.970760e-01 7.988000e-03 9.493600e-02
80 8.955840e-01 8.000000e-03 9.641600e-02
81 8.942720e-01 7.908000e-03 9.782000e-02
82 8.929800e-01 7.744000e-03 9.927600e-02
83 8.915680e-01 7.880000e-03 1.005520e-01
84 8.899880e-01 8.080000e-03 1.019320e-01
85 8.885720e-01 7.940000e-03 1.034880e-01
86 8.872920e-01 7.884000e-03 1.048240e-01
87 8.857040e-01 8.076000e-03 1.062200e-01
88 8.841920e-01 8.192000e-03 1.076160e-01
89 8.827280e-01 8.264000e-03 1.090080e-01
90 8.813120e-01 8.164000e-03 1.105240e-01
91 8.799520e-01 8.044000e-03 1.120040e-01
92 8.785680e-01 8.008000e-03 1.134240e-01
93 8.771520e-01 8.056000e-03 1.147920e-01
94 8.756840e-01 8.152000e-03 1.161640e-01
95 8.743960e-01 8.080000e-03 1.175240e-01
96 8.730680e-01 8.068000e-03 1.188640e-01
97 8.717320e-01 8.008000e-03 1.202600e-01
98 8.704480e-01 7.964000e-03 1.215880e-01
99 8.689840e-01 8.120000e-03 1.228960e-01
100 8.676320e-01 8.056000e-03 1.243120e-01
101 8.660880e-01 8.212000e-03 1.257000e-01
102 8.647160e-01 8.204000e-03 1.270800e-01
103 8.632440e-01 8.168000e-03 1.285880e-01
104 8.618480e-01 8.108000e-03 1.300440e-01
105 8.606040e-01 7.960000e-03 1.314360e-01
106 8.591120e-01 8.004000e-03 1.328840e-01
107 8.577600e-01 8.108000e-03 1.341320e-01
108 8.565000e-01 7.972000e-03 1.355280e-01
109 8.551480e-01 8.028000e-03 1.368240e-01
110 8.538360e-01 7.948000e-03 1.382160e-01
111 8.524240e-01 7.984000e-03 1.395920e-01
112 8.511280e-01 7.840000e-03 1.410320e-01
113 8.500520e-01 7.432000e-03 1.425160e-01
114 8.487160e-01 7.472000e-03 1.438120e-01
115 8.474160e-01 7.476000e-03 1.451080e-01
116 8.461360e-01 7.436000e-03 1.464280e-01
117 8.449600e-01 7.324000e-03 1.477160e-01
118 8.438160e-01 7.160000e-03 1.490240e-01
119 8.426400e-01 7.100000e-03 1.502600e-01
120 8.414400e-01 7.028000e-03 1.515320e-01
121 8.401480e-01 7.084000e-03 1.527680e-01
122 8.389120e-01 7.084000e-03 1.540040e-01
123 8.376360e-01 7.136000e-03 1.552280e-01
124 8.362680e-01 7.264000e-03 1.564680e-01
125 8.350440e-01 7.160000e-03 1.577960e-01
126 8.336440e-01 7.244000e-03 1.591120e-01
127 8.323000e-01 7.344000e-03 1.603560e-01
128 8.309520e-01 7.384000e-03 1.616640e-01
129 8.296200e-01 7.368000e-03 1.630120e-01
130 8.283120e-01 7.388000e-03 1.643000e-01
131 8.270800e-01 7.328000e-03 1.655920e-01
132 8.258240e-01 7.432000e-03 1.667440e-01
133 8.245600e-01 7.380000e-03 1.680600e-01
134 8.232440e-01 7.484000e-03 1.692720e-01
135 8.219480e-01 7.356000e-03 1.706960e-01
136 8.206480e-01 7.440000e-03 1.719120e-01
137 8.193480e-01 7.452000e-03 1.732000e-01
138 8.180680e-01 7.416000e-03 1.745160e-01
139 8.167440e-01 7.452000e-03 1.758040e-01
140 8.153440e-01 7.512000e-03 1.771440e-01
141 8.139520e-01 7.588000e-03 1.784600e-01
142 8.125600e-01 7.592000e-03 1.798480e-01
143 8.112640e-01 7.508000e-03 1.812280e-01
144 8.099920e-01 7.324000e-03 1.826840e-01
145 8.086920e-01 7.352000e-03 1.839560e-01
146 8.074480e-01 7.396000e-03 1.851560e-01
147 8.062520e-01 7.264000e-03 1.864840e-01
148 8.048320e-01 7.296000e-03 1.878720e-01
149 8.036080e-01 7.416000e-03 1.889760e-01
150 8.021280e-01 7.608000e-03 1.902640e-01
151 8.008040e-01 7.660000e-03 1.915360e-01
152 7.993520e-01 7.768000e-03 1.928800e-01
153 7.980880e-01 7.656000e-03 1.942560e-01
154 7.967040e-01 7.764000e-03 1.955320e-01
155 7.953880e-01 7.896000e-03 1.967160e-01
156 7.940000e-01 7.920000e-03 1.980800e-01
157 7.926720e-01 7.880000e-03 1.994480e-01
158 7.914560e-01 7.728000e-03 2.008160e-01
159 7.901800e-01 7.732000e-03 2.020880e-01
160 7.890680e-01 7.556000e-03 2.033760e-01
161 7.877960e-01 7.560000e-03 2.046440e-01
162 7.865320e-01 7.340000e-03 2.061280e-01
163 7.852840e-01 7.196000e-03 2.075200e-01
164 7.841560e-01 7.036000e-03 2.088080e-01
165 7.830040e-01 6.868000e-03 2.101280e-01
166 7.818120e-01 6.768000e-03 2.114200e-01
167 7.804280e-01 6.876000e-03 2.126960e-01
168 7.792840e-01 6.836000e-03 2.138800e-01
169 7.781040e-01 6.804000e-03 2.150920e-01
170 7.769720e-01 6.776000e-03 2.162520e-01
171 7.758160e-01 6.840000e-03 2.173440e-01
172 7.746040e-01 6.884000e-03 2.185120e-01
173 7.733440e-01 6.868000e-03 2.197880e-01
174 7.719840e-01 7.156000e-03 2.208600e-01
175 7.706320e-01 7.300000e-03 2.220680e-01
176 7.692800e-01 7.200000e-03 2.235200e-01
177 7.680440e-01 7.120000e-03 2.248360e-01
178 7.668000e-01 7.096000e-03 2.261040e-01
179 7.654760e-01 7.152000e-03 2.273720e-01
180 7.643960e-01 6.868000e-03 2.287360e-01
181 7.632480e-01 6.836000e-03 2.299160e-01
182 7.620360e-01 6.872000e-03 2.310920e-01
183 7.609600e-01 6.744000e-03 2.322960e-01
184 7.595920e-01 6.952000e-03 2.334560e-01
185 7.584560e-01 6.792000e-03 2.347520e-01
186 7.573280e-01 6.704000e-03 2.359680e-01
187 7.561880e-01 6.700000e-03 2.371120e-01
188 7.550720e-01 6.508000e-03 2.384200e-01
189 7.538640e-01 6.644000e-03 2.394920e-01
190 7.528120e-01 6.496000e-03 2.406920e-01
191 7.517080e-01 6.420000e-03 2.418720e-01
192 7.505880e-01 6.308000e-03 2.431040e-01
193 7.495640e-01 6.276000e-03 2.441600e-01
194 7.486080e-01 6.184000e-03 2.452080e-01
195 7.475800e-01 6.144000e-03 2.462760e-01
196 7.465720e-01 6.068000e-03 2.473600e-01
197 7.454240e-01 6.132000e-03 2.484440e-01
198 7.441600e-01 6.268000e-03 2.495720e-01
199 7.430720e-01 6.188000e-03 2.507400e-01
200 7.421240e-01 6.084000e-03 2.517920e-01
201 7.411160e-01 6.100000e-03 2.527840e-01
202 7.400240e-01 6.216000e-03 2.537600e-01
203 7.391000e-01 6.112000e-03 2.547880e-01
204 7.381240e-01 6.028000e-03 2.558480e-01
205 7.371840e-01 5.980000e-03 2.568360e-01
206 7.362400e-01 5.892000e-03 2.578680e-01
207 7.354520e-01 5.704000e-03 2.588440e-01
208 7.346160e-01 5.548000e-03 2.598360e-01
209 7.337520e-01 5.376000e-03 2.608720e-01
210 7.329480e-01 5.216000e-03 2.618360e-01
211 7.322000e-01 5.036000e-03 2.627640e-01
212 7.314360e-01 4.876000e-03 2.636880e-01
213 7.306880e-01 4.748000e-03 2.645640e-01
214 7.297880e-01 4.836000e-03 2.653760e-01
215 7.290920e-01 4.716000e-03 2.661920e-01
216 7.283720e-01 4.580000e-03 2.670480e-01
217 7.275640e-01 4.600000e-03 2.678360e-01
218 7.267280e-01 4.604000e-03 2.686680e-01
219 7.259840e-01 4.512000e-03 2.695040e-01
220 7.251800e-01 4.404000e-03 2.704160e-01
221 7.244000e-01 4.512000e-03 2.710880e-01
222 7.236400e-01 4.456000e-03 2.719040e-01
223 7.229200e-01 4.448000e-03 2.726320e-01
224 7.221160e-01 4.400000e-03 2.734840e-01
225 7.214360e-01 4.348000e-03 2.742160e-01
226 7.207880e-01 4.276000e-03 2.749360e-01
227 7.200520e-01 4.196000e-03 2.757520e-01
228 7.193560e-01 4.116000e-03 2.765280e-01
229 7.187920e-01 3.876000e-03 2.773320e-01
230 7.181800e-01 3.808000e-03 2.780120e-01
231 7.175160e-01 3.848000e-03 2.786360e-01
232 7.168840e-01 3.824000e-03 2.792920e-01
233 7.163320e-01 3.736000e-03 2.799320e-01
234 7.157080e-01 3.732000e-03 2.805600e-01
235 7.150320e-01 3.732000e-03 2.812360e-01
236 7.143880e-01 3.736000e-03 2.818760e-01
237 7.138320e-01 3.584000e-03 2.825840e-01
238 7.133000e-01 3.416000e-03 2.832840e-01
239 7.127360e-01 3.392000e-03 2.838720e-01
240 7.121560e-01 3.328000e-03 2.845160e-01
241 7.115400e-01 3.396000e-03 2.850640e-01
242 7.109600e-01 3.440000e-03 2.856000e-01
243 7.103640e-01 3.456000e-03 2.861800e-01
244 7.096640e-01 3.604000e-03 2.867320e-01
245 7.091080e-01 3.576000e-03 2.873160e-01
246 7.085160e-01 3.532000e-03 2.879520e-01
247 7.079000e-01 3.536000e-03 2.885640e-01
248 7.071880e-01 3.580000e-03 2.892320e-01
249 7.065360e-01 3.628000e-03 2.898360e-01
250 7.059480e-01 3.616000e-03 2.904360e-01
251 7.053760e-01 3.644000e-03 2.909800e-01
252 7.047760e-01 3.648000e-03 2.915760e-01
253 7.042560e-01 3.588000e-03 2.921560e-01
254 7.037000e-01 3.572000e-03 2.927280e-01
255 7.031080e-01 3.612000e-03 2.932800e-01
256 7.025280e-01 3.624000e-03 2.938480e-01
257 7.019640e-01 3.524000e-03 2.945120e-01
258 7.014400e-01 3.448000e-03 2.951120e-01
259 7.008880e-01 3.332000e-03 2.957800e-01
260 7.003920e-01 3.216000e-03 2.963920e-01
261 6.998480e-01 3.252000e-03 2.969000e-01
262 6.991840e-01 3.372000e-03 2.974440e-01
263 6.986640e-01 3.280000e-03 2.980560e-01
264 6.982000e-01 3.200000e-03 2.986000e-01
265 6.976840e-01 3.076000e-03 2.992400e-01
266 6.971920e-01 2.976000e-03 2.998320e-01
267 6.967120e-01 3.008000e-03 3.002800e-01
268 6.961680e-01 3.040000e-03 3.007920e-01
269 6.956040e-01 3.088000e-03 3.013080e-01
270 6.950560e-01 3.136000e-03 3.018080e-01
271 6.945760e-01 3.008000e-03 3.024160e-01
272 6.940680e-01 3.004000e-03 3.029280e-01
273 6.935640e-01 3.060000e-03 3.033760e-01
274 6.930560e-01 3.092000e-03 3.038520e-01
275 6.924160e-01 3.248000e-03 3.043360e-01
276 6.918440e-01 3.244000e-03 3.049120e-01
277 6.913960e-01 3.152000e-03 3.054520e-01
278 6.908480e-01 3.160000e-03 3.059920e-01
279 6.903320e-01 3.124000e-03 3.065440e-01
280 6.899000e-01 2.964000e-03 3.071360e-01
281 6.895400e-01 2.848000e-03 3.076120e-01
282 6.891440e-01 2.728000e-03 3.081280e-01
283 6.887440e-01 2.764000e-03 3.084920e-01
284 6.883480e-01 2.652000e-03 3.090000e-01
285 6.879280e-01 2.624000e-03 3.094480e-01
286 6.874280e-01 2.676000e-03 3.098960e-01
287 6.869040e-01 2.756000e-03 3.103400e-01
288 6.864440e-01 2.768000e-03 3.107880e-01
289 6.858960e-01 2.776000e-03 3.113280e-01
290 6.854560e-01 2.772000e-03 3.117720e-01
291 6.849440e-01 2.696000e-03 3.123600e-01
292 6.845520e-01 2.592000e-03 3.128560e-01
293 6.840840e-01 2.508000e-03 3.134080e-01
294 6.836160e-01 2.484000e-03 3.139000e-01
295 6.831680e-01 2.484000e-03 3.143480e-01
296 6.826600e-01 2.500000e-03 3.148400e-01
297 6.822520e-01 2.504000e-03 3.152440e-01
298 6.817120e-01 2.564000e-03 3.157240e-01
299 6.812800e-01 2.468000e-03 3.162520e-01
300 6.807440e-01 2.536000e-03 3.167200e-01
301 6.802560e-01 2.532000e-03 3.172120e-01
302 6.797440e-01 2.536000e-03 3.177200e-01
303 6.793480e-01 2.472000e-03 3.181800e-01
304 6.788320e-01 2.488000e-03 3.186800e-01
305 6.783480e-01 2.520000e-03 3.191320e-01
306 6.778320e-01 2.644000e-03 3.195240e-01
307 6.772800e-01 2.704000e-03 3.200160e-01
308 6.767120e-01 2.804000e-03 3.204840e-01
309 6.762160e-01 2.812000e-03 3.209720e-01
310 6.757680e-01 2.816000e-03 3.214160e-01
311 6.753640e-01 2.704000e-03 3.219320e-01
312 6.749040e-01 2.712000e-03 3.223840e-01
313 6.744800e-01 2.672000e-03 3.228480e-01
314 6.740360e-01 2.664000e-03 3.233000e-01
315 6.735480e-01 2.676000e-03 3.237760e-01
316 6.731480e-01 2.668000e-03 3.241840e-01
317 6.727440e-01 2.592000e-03 3.246640e-01
318 6.722960e-01 2.628000e-03 3.250760e-01
319 6.718320e-01 2.612000e-03 3.255560e-01
320 6.714400e-01 2.584000e-03 3.259760e-01
321 6.710240e-01 2.484000e-03 3.264920e-01
322 6.706000e-01 2.456000e-03 3.269440e-01
323 6.701680e-01 2.476000e-03 3.273560e-01
324 6.697360e-01 2.444000e-03 3.278200e-01
325 6.693160e-01 2.360000e-03 3.283240e-01
326 6.688960e-01 2.360000e-03 3.287440e-01
327 6.684920e-01 2.412000e-03 3.290960e-01
328 6.680880e-01 2.372000e-03 3.295400e-01
329 6.677000e-01 2.340000e-03 3.299600e-01
330 6.672360e-01 2.444000e-03 3.303200e-01
331 6.666840e-01 2.612000e-03 3.307040e-01
332 6.662040e-01 2.620000e-03 3.311760e-01
333 6.657840e-01 2.640000e-03 3.315760e-01
334 6.654000e-01 2.588000e-03 3.320120e-01
335 6.649680e-01 2.532000e-03 3.325000e-01
336 6.644920e-01 2.588000e-03 3.329200e-01
337 6.640560e-01 2.592000e-03 3.333520e-01
338 6.635960e-01 2.596000e-03 3.338080e-01
339 6.632320e-01 2.544000e-03 3.342240e-01
340 6.627040e-01 2.576000e-03 3.347200e-01
341 6.623000e-01 2.568000e-03 3.351320e-01
342 6.618760e-01 2.556000e-03 3.355680e-01
343 6.614080e-01 2.584000e-03 3.360080e-01
344 6.609240e-01 2.648000e-03 3.364280e-01
345 6.604360e-01 2.660000e-03 3.369040e-01
346 6.598960e-01 2.692000e-03 3.374120e-01
347 6.594160e-01 2.708000e-03 3.378760e-01
348 6.589640e-01 2.660000e-03 3.383760e-01
349 6.584760e-01 2.696000e-03 3.388280e-01
350 6.580360e-01 2.644000e-03 3.393200e-01
351 6.575920e-01 2.572000e-03 3.398360e-01
352 6.572000e-01 2.436000e-03 3.403640e-01
353 6.567000e-01 2.516000e-03 3.407840e-01
354 6.562280e-01 2.536000e-03 3.412360e-01
355 6.557800e-01 2.572000e-03 3.416480e-01
356 6.553400e-01 2.528000e-03 3.421320e-01
357 6.549000e-01 2.532000e-03 3.425680e-01
358 6.543560e-01 2.648000e-03 3.429960e-01
359 6.538680e-01 2.640000e-03 3.434920e-01
360 6.534080e-01 2.636000e-03 3.439560e-01
361 6.530040e-01 2.552000e-03 3.444440e-01
362 6.526040e-01 2.456000e-03 3.449400e-01
363 6.522200e-01 2.464000e-03 3.453160e-01
364 6.518360e-01 2.380000e-03 3.457840e-01
365 6.514560e-01 2.332000e-03 3.462120e-01
366 6.510480e-01 2.340000e-03 3.466120e-01
367 6.507280e-01 2.216000e-03 3.470560e-01
368 6.503600e-01 2.184000e-03 3.474560e-01
369 6.500000e-01 2.168000e-03 3.478320e-01
370 6.496760e-01 2.108000e-03 3.482160e-01
371 6.492240e-01 2.116000e-03 3.486600e-01
372 6.488720e-01 2.128000e-03 3.490000e-01
373 6.485520e-01 2.080000e-03 3.493680e-01
374 6.482280e-01 2.100000e-03 3.496720e-01
375 6.478960e-01 2.080000e-03 3.500240e-01
376 6.475600e-01 2.036000e-03 3.504040e-01
377 6.470840e-01 2.148000e-03 3.507680e-01
378 6.466760e-01 2.188000e-03 3.511360e-01
379 6.462920e-01 2.200000e-03 3.515080e-01
380 6.459000e-01 2.220000e-03 3.518800e-01
381 6.454200e-01 2.312000e-03 3.522680e-01
382 6.449960e-01 2.284000e-03 3.527200e-01
383 6.446640e-01 2.212000e-03 3.531240e-01
384 6.443320e-01 2.072000e-03 3.535960e-01
385 6.440480e-01 1.976000e-03 3.539760e-01
386 6.437680e-01 1.936000e-03 3.542960e-01
387 6.434600e-01 1.876000e-03 3.546640e-01
388 6.431880e-01 1.828000e-03 3.549840e-01
389 6.428360e-01 1.868000e-03 3.552960e-01
390 6.426040e-01 1.804000e-03 3.555920e-01
391 6.422680e-01 1.836000e-03 3.558960e-01
392 6.420080e-01 1.780000e-03 3.562120e-01
393 6.416600e-01 1.844000e-03 3.564960e-01
394 6.412680e-01 1.968000e-03 3.567640e-01
395 6.409000e-01 1.980000e-03 3.571200e-01
396 6.405680e-01 1.960000e-03 3.574720e-01
397 6.402600e-01 1.912000e-03 3.578280e-01
398 6.399320e-01 1.868000e-03 3.582000e-01
399 6.396200e-01 1.888000e-03 3.584920e-01
400 6.394000e-01 1.732000e-03 3.588680e-01
401 6.391840e-01 1.640000e-03 3.591760e-01
402 6.389240e-01 1.664000e-03 3.594120e-01
403 6.386240e-01 1.656000e-03 3.597200e-01
404 6.383400e-01 1.676000e-03 3.599840e-01
405 6.380280e-01 1.628000e-03 3.603440e-01
406 6.377120e-01 1.676000e-03 3.606120e-01
407 6.373400e-01 1.740000e-03 3.609200e-01
408 6.370960e-01 1.636000e-03 3.612680e-01
409 6.368240e-01 1.600000e-03 3.615760e-01
410 6.365200e-01 1.648000e-03 3.618320e-01
411 6.362280e-01 1.656000e-03 3.621160e-01
412 6.359760e-01 1.640000e-03 3.623840e-01
413 6.356720e-01 1.636000e-03 3.626920e-01
414 6.354080e-01 1.580000e-03 3.630120e-01
415 6.351480e-01 1.580000e-03 3.632720e-01
416 6.349160e-01 1.524000e-03 3.635600e-01
417 6.346200e-01 1.552000e-03 3.638280e-01
418 6.343160e-01 1.600000e-03 3.640840e-01
419 6.339680e-01 1.660000e-03 3.643720e-01
420 6.336280e-01 1.668000e-03 3.647040e-01
421 6.332840e-01 1.700000e-03 3.650160e-01
422 6.329760e-01 1.748000e-03 3.652760e-01
423 6.325800e-01 1.848000e-03 3.655720e-01
424 6.322600e-01 1.852000e-03 3.658880e-01
425 6.319360e-01 1.772000e-03 3.662920e-01
426 6.316880e-01 1.660000e-03 3.666520e-01
427 6.314400e-01 1.632000e-03 3.669280e-01
428 6.311400e-01 1.656000e-03 3.672040e-01
429 6.308760e-01 1.672000e-03 3.674520e-01
430 6.305800e-01 1.672000e-03 3.677480e-01
431 6.303320e-01 1.576000e-03 3.680920e-01
432 6.300960e-01 1.536000e-03 3.683680e-01
433 6.298560e-01 1.500000e-03 3.686440e-01
434 6.296080e-01 1.504000e-03 3.688880e-01
435 6.293160e-01 1.512000e-03 3.691720e-01
436 6.290120e-01 1.492000e-03 3.694960e-01
437 6.287720e-01 1.476000e-03 3.697520e-01
438 6.284560e-01 1.520000e-03 3.700240e-01
439 6.281120e-01 1.600000e-03 3.702880e-01
440 6.278200e-01 1.612000e-03 3.705680e-01
441 6.275480e-01 1.580000e-03 3.708720e-01
442 6.272920e-01 1.528000e-03 3.711800e-01
443 6.269880e-01 1.544000e-03 3.714680e-01
444 6.267520e-01 1.568000e-03 3.716800e-01
445 6.265280e-01 1.500000e-03 3.719720e-01
446 6.262360e-01 1.556000e-03 3.722080e-01
447 6.260440e-01 1.424000e-03 3.725320e-01
448 6.258440e-01 1.396000e-03 3.727600e-01
449 6.255800e-01 1.388000e-03 3.730320e-01
450 6.253960e-01 1.348000e-03 3.732560e-01
451 6.252760e-01 1.216000e-03 3.735080e-01
452 6.251480e-01 1.128000e-03 3.737240e-01
453 6.249600e-01 1.124000e-03 3.739160e-01
454 6.247840e-01 1.076000e-03 3.741400e-01
455 6.246280e-01 1.040000e-03 3.743320e-01
456 6.244240e-01 1.072000e-03 3.745040e-01
457 6.242160e-01 1.124000e-03 3.746600e-01
458 6.239680e-01 1.180000e-03 3.748520e-01
459 6.237760e-01 1.116000e-03 3.751080e-01
460 6.235760e-01 1.112000e-03 3.753120e-01
461 6.234160e-01 1.088000e-03 3.754960e-01
462 6.232480e-01 1.084000e-03 3.756680e-01
463 6.230600e-01 1.072000e-03 3.758680e-01
464 6.228640e-01 1.040000e-03 3.760960e-01
465 6.226920e-01 1.016000e-03 3.762920e-01
466 6.225560e-01 1.000000e-03 3.764440e-01
467 6.223600e-01 1.008000e-03 3.766320e-01
468 6.221560e-01 1.056000e-03 3.767880e-01
469 6.219720e-01 1.052000e-03 3.769760e-01
470 6.217720e-01 1.100000e-03 3.771280e-01
471 6.215760e-01 1.092000e-03 3.773320e-01
472 6.214120e-01 1.068000e-03 3.775200e-01
473 6.212800e-01 1.032000e-03 3.776880e-01
474 6.211640e-01 9.720000e-04 3.778640e-01
475 6.210400e-01 9.160000e-04 3.780440e-01
476 6.209480e-01 9.080000e-04 3.781440e-01
477 6.208880e-01 8.360000e-04 3.782760e-01
478 6.207960e-01 7.320000e-04 3.784720e-01
479 6.206880e-01 7.400000e-04 3.785720e-01
480 6.205640e-01 7.680000e-04 3.786680e-01
481 6.204480e-01 7.840000e-04 3.787680e-01
482 6.203680e-01 7.160000e-04 3.789160e-01
483 6.202560e-01 6.920000e-04 3.790520e-01
484 6.201360e-01 7.000000e-04 3.791640e-01
485 6.200320e-01 6.880000e-04 3.792800e-01
486 6.199320e-01 6.480000e-04 3.794200e-01
487 6.197920e-01 6.640000e-04 3.795440e-01
488 6.196880e-01 6.520000e-04 3.796600e-01
489 6.195920e-01 6.120000e-04 3.797960e-01
490 6.195040e-01 6.200000e-04 3.798760e-01
491 6.194160e-01 6.040000e-04 3.799800e-01
492 6.193040e-01 6.080000e-04 3.800880e-01
493 6.192040e-01 5.800000e-04 3.802160e-01
494 6.190880e-01 6.240000e-04 3.802880e-01
495 6.189600e-01 6.360000e-04 3.804040e-01
496 6.188680e-01 6.440000e-04 3.804880e-01
497 6.187680e-01 6.520000e-04 3.805800e-01
498 6.186920e-01 6.040000e-04 3.807040e-01
499 6.186080e-01 5.600000e-04 3.808320e-01
500 6.185040e-01 5.600000e-04 3.809360e-01
