1 9.992000e-01 6.960000e-04 1.040000e-04
2 9.986840e-01 1.076000e-03 2.400000e-04
3 9.981280e-01 1.408000e-03 4.640000e-04
4 9.975080e-01 1.800000e-03 6.920000e-04
5 9.966800e-01 2.240000e-03 1.080000e-03
6 9.959120e-01 2.544000e-03 1.544000e-03
7 9.951840e-01 2.780000e-03 2.036000e-03
8 9.943600e-01 2.996000e-03 2.644000e-03
9 9.935080e-01 3.280000e-03 3.212000e-03
10 9.926840e-01 3.468000e-03 3.848000e-03
11 9.918160e-01 3.740000e-03 4.444000e-03
12 9.908920e-01 4.008000e-03 5.100000e-03
13 9.898840e-01 4.280000e-03 5.836000e-03
14 9.887920e-01 4.580000e-03 6.628000e-03
15 9.878080e-01 4.704000e-03 7.488000e-03
16 9.866960e-01 4.944000e-03 8.360000e-03
17 9.856520e-01 5.036000e-03 9.312000e-03
18 9.846800e-01 5.120000e-03 1.020000e-02
19 9.836400e-01 5.260000e-03 1.110000e-02
20 9.826760e-01 5.288000e-03 1.203600e-02
21 9.816080e-01 5.452000e-03 1.294000e-02
22 9.805720e-01 5.512000e-03 1.391600e-02
23 9.794520e-01 5.784000e-03 1.476400e-02
24 9.784040e-01 5.784000e-03 1.581200e-02
25 9.771840e-01 5.924000e-03 1.689200e-02
26 9.760960e-01 5.896000e-03 1.800800e-02
27 9.749680e-01 5.976000e-03 1.905600e-02
28 9.737960e-01 6.104000e-03 2.010000e-02
29 9.724800e-01 6.276000e-03 2.124400e-02
30 9.714560e-01 6.236000e-03 2.230800e-02
31 9.702560e-01 6.376000e-03 2.336800e-02
32 9.690120e-01 6.492000e-03 2.449600e-02
33 9.677960e-01 6.616000e-03 2.558800e-02
34 9.665840e-01 6.616000e-03 2.680000e-02
35 9.653880e-01 6.556000e-03 2.805600e-02
36 9.641600e-01 6.588000e-03 2.925200e-02
37 9.628800e-01 6.788000e-03 3.033200e-02
38 9.615880e-01 6.888000e-03 3.152400e-02
39 9.602720e-01 6.996000e-03 3.273200e-02
40 9.589320e-01 7.064000e-03 3.400400e-02
41 9.575960e-01 7.188000e-03 3.521600e-02
42 9.562840e-01 7.256000e-03 3.646000e-02
43 9.550240e-01 7.192000e-03 3.778400e-02
44 9.536360e-01 7.380000e-03 3.898400e-02
45 9.523400e-01 7.292000e-03 4.036800e-02
46 9.509520e-01 7.460000e-03 4.158800e-02
47 9.495800e-01 7.372000e-03 4.304800e-02
48 9.484040e-01 7.244000e-03 4.435200e-02
49 9.470600e-01 7.360000e-03 4.558000e-02
50 9.457960e-01 7.312000e-03 4.689200e-02
51 9.445160e-01 7.368000e-03 4.811600e-02
52 9.432120e-01 7.360000e-03 4.942800e-02
53 9.419560e-01 7.308000e-03 5.073600e-02
54 9.407480e-01 7.188000e-03 5.206400e-02
55 9.396120e-01 7.084000e-03 5.330400e-02
56 9.383240e-01 7.048000e-03 5.462800e-02
57 9.372000e-01 6.932000e-03 5.586800e-02
58 9.360680e-01 6.924000e-03 5.700800e-02
59 9.348840e-01 6.904000e-03 5.821200e-02
60 9.336880e-01 6.772000e-03 5.954000e-02
61 9.325440e-01 6.760000e-03 6.069600e-02
62 9.313520e-01 6.720000e-03 6.192800e-02
63 9.301920e-01 6.684000e-03 6.312400e-02
64 9.290680e-01 6.572000e-03 6.436000e-02
65 9.277400e-01 6.764000e-03 6.549600e-02
66 9.263520e-01 6.848000e-03 6.680000e-02
67 9.249000e-01 7.132000e-03 6.796800e-02
68 9.235600e-01 7.328000e-03 6.911200e-02
69 9.222240e-01 7.424000e-03 7.035200e-02
70 9.208960e-01 7.380000e-03 7.172400e-02
71 9.195920e-01 7.344000e-03 7.306400e-02
72 9.183480e-01 7.344000e-03 7.430800e-02
73 9.172280e-01 7.196000e-03 7.557600e-02
74 9.159840e-01 7.200000e-03 7.681600e-02
75 9.147560e-01 7.152000e-03 7.809200e-02
76 9.134280e-01 7.072000e-03 7.950000e-02
77 9.122200e-01 7.056000e-03 8.072400e-02
78 9.110640e-01 6.936000e-03 8.200000e-02
79 9.097720e-01 7.060000e-03 8.316800e-02
80 9.086200e-01 7.092000e-03 8.428800e-02
81 9.074080e-01 7.108000e-03 8.548400e-02
82 9.062240e-01 6.976000e-03 8.680000e-02
83 9.049320e-01 7.016000e-03 8.805200e-02
84 9.036240e-01 7.192000e-03 8.918400e-02
85 9.021120e-01 7.416000e-03 9.047200e-02
86 9.006960e-01 7.560000e-03 9.174400e-02
87 8.993880e-01 7.672000e-03 9.294000e-02
88 8.979080e-01 7.788000e-03 9.430400e-02
89 8.963240e-01 8.024000e-03 9.565200e-02
90 8.948120e-01 8.180000e-03 9.700800e-02
91 8.933080e-01 8.224000e-03 9.846800e-02
92 8.921040e-01 8.008000e-03 9.988800e-02
93 8.907520e-01 7.988000e-03 1.012600e-01
94 8.894840e-01 7.832000e-03 1.026840e-01
95 8.882080e-01 7.768000e-03 1.040240e-01
96 8.868160e-01 7.872000e-03 1.053120e-01
97 8.856120e-01 7.572000e-03 1.068160e-01
98 8.845520e-01 7.368000e-03 1.080800e-01
99 8.833960e-01 7.256000e-03 1.093480e-01
100 8.822320e-01 7.124000e-03 1.106440e-01
101 8.810680e-01 7.016000e-03 1.119160e-01
102 8.800560e-01 6.752000e-03 1.131920e-01
103 8.788520e-01 6.732000e-03 1.144160e-01
104 8.776560e-01 6.632000e-03 1.157120e-01
105 8.763560e-01 6.768000e-03 1.168760e-01
106 8.751240e-01 6.848000e-03 1.180280e-01
107 8.737840e-01 6.980000e-03 1.192360e-01
108 8.725080e-01 6.996000e-03 1.204960e-01
109 8.712680e-01 7.000000e-03 1.217320e-01
110 8.699840e-01 7.048000e-03 1.229680e-01
111 8.689040e-01 6.916000e-03 1.241800e-01
112 8.677840e-01 6.828000e-03 1.253880e-01
113 8.667280e-01 6.788000e-03 1.264840e-01
114 8.655960e-01 6.768000e-03 1.276360e-01
115 8.642520e-01 6.976000e-03 1.287720e-01
116 8.632080e-01 6.756000e-03 1.300360e-01
117 8.621160e-01 6.672000e-03 1.312120e-01
118 8.609840e-01 6.604000e-03 1.324120e-01
119 8.599320e-01 6.624000e-03 1.334440e-01
120 8.588520e-01 6.456000e-03 1.346920e-01
121 8.577880e-01 6.308000e-03 1.359040e-01
122 8.566920e-01 6.224000e-03 1.370840e-01
123 8.555960e-01 6.244000e-03 1.381600e-01
124 8.545440e-01 6.228000e-03 1.392280e-01
125 8.535200e-01 6.104000e-03 1.403760e-01
126 8.526720e-01 5.820000e-03 1.415080e-01
127 8.518320e-01 5.648000e-03 1.425200e-01
128 8.509120e-01 5.544000e-03 1.435440e-01
129 8.500520e-01 5.400000e-03 1.445480e-01
130 8.492400e-01 5.304000e-03 1.454560e-01
131 8.483440e-01 5.288000e-03 1.463680e-01
132 8.474680e-01 5.276000e-03 1.472560e-01
133 8.465440e-01 5.236000e-03 1.482200e-01
134 8.455960e-01 5.380000e-03 1.490240e-01
135 8.447520e-01 5.412000e-03 1.498360e-01
136 8.437400e-01 5.540000e-03 1.507200e-01
137 8.428560e-01 5.472000e-03 1.516720e-01
138 8.419840e-01 5.368000e-03 1.526480e-01
139 8.408760e-01 5.452000e-03 1.536720e-01
140 8.398880e-01 5.436000e-03 1.546760e-01
141 8.390080e-01 5.448000e-03 1.555440e-01
142 8.380200e-01 5.520000e-03 1.564600e-01
143 8.370400e-01 5.444000e-03 1.575160e-01
144 8.360680e-01 5.492000e-03 1.584400e-01
145 8.351880e-01 5.428000e-03 1.593840e-01
146 8.342400e-01 5.488000e-03 1.602720e-01
147 8.333480e-01 5.356000e-03 1.612960e-01
148 8.324320e-01 5.312000e-03 1.622560e-01
149 8.315040e-01 5.300000e-03 1.631960e-01
150 8.305240e-01 5.256000e-03 1.642200e-01
151 8.294960e-01 5.412000e-03 1.650920e-01
152 8.285360e-01 5.392000e-03 1.660720e-01
153 8.275320e-01 5.488000e-03 1.669800e-01
154 8.264760e-01 5.576000e-03 1.679480e-01
155 8.255400e-01 5.536000e-03 1.689240e-01
156 8.245840e-01 5.576000e-03 1.698400e-01
157 8.237280e-01 5.392000e-03 1.708800e-01
158 8.227800e-01 5.332000e-03 1.718880e-01
159 8.219560e-01 5.172000e-03 1.728720e-01
160 8.211560e-01 5.056000e-03 1.737880e-01
161 8.202120e-01 5.056000e-03 1.747320e-01
162 8.193600e-01 5.028000e-03 1.756120e-01
163 8.184880e-01 4.984000e-03 1.765280e-01
164 8.175800e-01 4.988000e-03 1.774320e-01
165 8.166720e-01 5.016000e-03 1.783120e-01
166 8.159080e-01 5.016000e-03 1.790760e-01
167 8.151120e-01 4.940000e-03 1.799480e-01
168 8.142160e-01 4.940000e-03 1.808440e-01
169 8.132560e-01 4.940000e-03 1.818040e-01
170 8.124120e-01 4.940000e-03 1.826480e-01
171 8.115680e-01 4.824000e-03 1.836080e-01
172 8.107000e-01 4.876000e-03 1.844240e-01
173 8.098360e-01 4.864000e-03 1.853000e-01
174 8.089720e-01 4.864000e-03 1.861640e-01
175 8.080840e-01 4.912000e-03 1.870040e-01
176 8.072360e-01 4.964000e-03 1.878000e-01
177 8.062640e-01 5.104000e-03 1.886320e-01
178 8.054440e-01 5.040000e-03 1.895160e-01
179 8.045160e-01 4.972000e-03 1.905120e-01
180 8.036080e-01 4.980000e-03 1.914120e-01
181 8.026760e-01 5.108000e-03 1.922160e-01
182 8.018040e-01 4.988000e-03 1.932080e-01
183 8.009440e-01 5.024000e-03 1.940320e-01
184 7.999760e-01 5.104000e-03 1.949200e-01
185 7.991040e-01 5.112000e-03 1.957840e-01
186 7.980920e-01 5.172000e-03 1.967360e-01
187 7.971600e-01 5.260000e-03 1.975800e-01
188 7.962880e-01 5.276000e-03 1.984360e-01
189 7.953560e-01 5.300000e-03 1.993440e-01
190 7.944320e-01 5.244000e-03 2.003240e-01
191 7.935160e-01 5.276000e-03 2.012080e-01
192 7.926880e-01 5.144000e-03 2.021680e-01
193 7.918360e-01 5.176000e-03 2.029880e-01
194 7.909880e-01 5.148000e-03 2.038640e-01
195 7.900720e-01 5.104000e-03 2.048240e-01
196 7.893400e-01 4.952000e-03 2.057080e-01
197 7.885320e-01 4.876000e-03 2.065920e-01
198 7.876760e-01 4.848000e-03 2.074760e-01
199 7.868800e-01 4.780000e-03 2.083400e-01
200 7.860400e-01 4.884000e-03 2.090760e-01
201 7.852200e-01 4.724000e-03 2.100560e-01
202 7.845120e-01 4.592000e-03 2.108960e-01
203 7.838080e-01 4.596000e-03 2.115960e-01
204 7.829680e-01 4.648000e-03 2.123840e-01
205 7.822320e-01 4.648000e-03 2.131200e-01
206 7.815120e-01 4.536000e-03 2.139520e-01
207 7.808280e-01 4.424000e-03 2.147480e-01
208 7.799680e-01 4.520000e-03 2.155120e-01
209 7.791880e-01 4.472000e-03 2.163400e-01
210 7.784480e-01 4.416000e-03 2.171360e-01
211 7.775920e-01 4.484000e-03 2.179240e-01
212 7.768440e-01 4.496000e-03 2.186600e-01
213 7.760520e-01 4.528000e-03 2.194200e-01
214 7.753200e-01 4.532000e-03 2.201480e-01
215 7.745480e-01 4.532000e-03 2.209200e-01
216 7.736560e-01 4.628000e-03 2.217160e-01
217 7.728120e-01 4.692000e-03 2.224960e-01
218 7.720600e-01 4.592000e-03 2.233480e-01
219 7.714200e-01 4.420000e-03 2.241600e-01
220 7.706480e-01 4.412000e-03 2.249400e-01
221 7.698560e-01 4.492000e-03 2.256520e-01
222 7.690120e-01 4.504000e-03 2.264840e-01
223 7.683280e-01 4.388000e-03 2.272840e-01
224 7.675800e-01 4.396000e-03 2.280240e-01
225 7.668800e-01 4.332000e-03 2.287880e-01
226 7.662240e-01 4.248000e-03 2.295280e-01
227 7.655680e-01 4.116000e-03 2.303160e-01
228 7.648720e-01 4.064000e-03 2.310640e-01
229 7.641480e-01 4.160000e-03 2.316920e-01
230 7.634920e-01 4.144000e-03 2.323640e-01
231 7.629160e-01 4.020000e-03 2.330640e-01
232 7.622360e-01 4.008000e-03 2.337560e-01
233 7.615520e-01 4.024000e-03 2.344240e-01
234 7.609520e-01 3.904000e-03 2.351440e-01
235 7.603000e-01 3.900000e-03 2.358000e-01
236 7.595560e-01 4.100000e-03 2.363440e-01
237 7.589120e-01 4.084000e-03 2.370040e-01
238 7.582280e-01 4.004000e-03 2.377680e-01
239 7.575080e-01 3.888000e-03 2.386040e-01
240 7.568160e-01 3.896000e-03 2.392880e-01
241 7.562720e-01 3.732000e-03 2.399960e-01
242 7.557280e-01 3.672000e-03 2.406000e-01
243 7.550920e-01 3.732000e-03 2.411760e-01
244 7.544600e-01 3.744000e-03 2.417960e-01
245 7.538240e-01 3.640000e-03 2.425360e-01
246 7.531840e-01 3.700000e-03 2.431160e-01
247 7.525880e-01 3.592000e-03 2.438200e-01
248 7.520000e-01 3.580000e-03 2.444200e-01
249 7.513680e-01 3.580000e-03 2.450520e-01
250 7.507440e-01 3.512000e-03 2.457440e-01
251 7.502000e-01 3.384000e-03 2.464160e-01
252 7.495800e-01 3.400000e-03 2.470200e-01
253 7.489400e-01 3.408000e-03 2.476520e-01
254 7.484040e-01 3.276000e-03 2.483200e-01
255 7.478400e-01 3.292000e-03 2.488680e-01
256 7.472320e-01 3.284000e-03 2.494840e-01
257 7.466600e-01 3.272000e-03 2.500680e-01
258 7.461320e-01 3.256000e-03 2.506120e-01
259 7.455200e-01 3.276000e-03 2.512040e-01
260 7.450520e-01 3.140000e-03 2.518080e-01
261 7.445520e-01 3.132000e-03 2.523160e-01
262 7.440400e-01 3.156000e-03 2.528040e-01
263 7.435120e-01 3.084000e-03 2.534040e-01
264 7.429800e-01 3.084000e-03 2.539360e-01
265 7.424080e-01 3.120000e-03 2.544720e-01
266 7.418800e-01 3.040000e-03 2.550800e-01
267 7.412680e-01 3.072000e-03 2.556600e-01
268 7.407200e-01 3.056000e-03 2.562240e-01
269 7.400760e-01 3.208000e-03 2.567160e-01
270 7.394880e-01 3.212000e-03 2.573000e-01
271 7.390240e-01 3.064000e-03 2.579120e-01
272 7.384360e-01 3.124000e-03 2.584400e-01
273 7.379880e-01 3.028000e-03 2.589840e-01
274 7.374440e-01 3.032000e-03 2.595240e-01
275 7.368560e-01 3.104000e-03 2.600400e-01
276 7.364040e-01 2.976000e-03 2.606200e-01
277 7.359720e-01 2.868000e-03 2.611600e-01
278 7.355120e-01 2.832000e-03 2.616560e-01
279 7.350840e-01 2.796000e-03 2.621200e-01
280 7.346720e-01 2.708000e-03 2.626200e-01
281 7.342480e-01 2.660000e-03 2.630920e-01
282 7.338960e-01 2.548000e-03 2.635560e-01
283 7.335760e-01 2.388000e-03 2.640360e-01
284 7.332360e-01 2.284000e-03 2.644800e-01
285 7.329160e-01 2.208000e-03 2.648760e-01
286 7.325520e-01 2.156000e-03 2.652920e-01
287 7.322080e-01 2.104000e-03 2.656880e-01
288 7.318560e-01 2.076000e-03 2.660680e-01
289 7.314800e-01 2.080000e-03 2.664400e-01
290 7.311240e-01 2.072000e-03 2.668040e-01
291 7.307560e-01 1.964000e-03 2.672800e-01
292 7.304880e-01 1.880000e-03 2.676320e-01
293 7.301120e-01 1.924000e-03 2.679640e-01
294 7.297840e-01 1.916000e-03 2.683000e-01
295 7.294000e-01 1.996000e-03 2.686040e-01
296 7.289920e-01 2.052000e-03 2.689560e-01
297 7.286160e-01 2.088000e-03 2.692960e-01
298 7.282960e-01 2.048000e-03 2.696560e-01
299 7.279800e-01 1.980000e-03 2.700400e-01
300 7.276560e-01 1.940000e-03 2.704040e-01
301 7.273240e-01 1.928000e-03 2.707480e-01
302 7.270160e-01 1.888000e-03 2.710960e-01
303 7.267360e-01 1.824000e-03 2.714400e-01
304 7.264360e-01 1.784000e-03 2.717800e-01
305 7.261840e-01 1.764000e-03 2.720520e-01
306 7.259080e-01 1.732000e-03 2.723600e-01
307 7.256040e-01 1.756000e-03 2.726400e-01
308 7.253360e-01 1.744000e-03 2.729200e-01
309 7.250880e-01 1.680000e-03 2.732320e-01
310 7.247920e-01 1.644000e-03 2.735640e-01
311 7.244280e-01 1.684000e-03 2.738880e-01
312 7.240720e-01 1.784000e-03 2.741440e-01
313 7.237600e-01 1.800000e-03 2.744400e-01
314 7.233880e-01 1.888000e-03 2.747240e-01
315 7.230360e-01 1.912000e-03 2.750520e-01
316 7.226600e-01 1.896000e-03 2.754440e-01
317 7.223320e-01 1.888000e-03 2.757800e-01
318 7.220080e-01 1.868000e-03 2.761240e-01
319 7.215800e-01 2.000000e-03 2.764200e-01
320 7.212920e-01 1.916000e-03 2.767920e-01
321 7.210040e-01 1.844000e-03 2.771520e-01
322 7.207720e-01 1.732000e-03 2.774960e-01
323 7.205400e-01 1.696000e-03 2.777640e-01
324 7.203480e-01 1.624000e-03 2.780280e-01
325 7.201560e-01 1.564000e-03 2.782800e-01
326 7.199600e-01 1.460000e-03 2.785800e-01
327 7.197920e-01 1.364000e-03 2.788440e-01
328 7.196360e-01 1.224000e-03 2.791400e-01
329 7.194560e-01 1.156000e-03 2.793880e-01
330 7.192960e-01 1.144000e-03 2.795600e-01
331 7.191600e-01 1.064000e-03 2.797760e-01
332 7.190120e-01 1.028000e-03 2.799600e-01
333 7.188760e-01 9.760000e-04 2.801480e-01
334 7.187160e-01 9.760000e-04 2.803080e-01
335 7.185760e-01 9.320000e-04 2.804920e-01
336 7.184080e-01 9.800000e-04 2.806120e-01
337 7.182760e-01 9.280000e-04 2.807960e-01
338 7.181120e-01 9.080000e-04 2.809800e-01
339 7.180120e-01 8.480000e-04 2.811400e-01
340 7.178880e-01 8.120000e-04 2.813000e-01
341 7.177400e-01 8.120000e-04 2.814480e-01
342 7.175960e-01 8.160000e-04 2.815880e-01
343 7.174960e-01 7.640000e-04 2.817400e-01
344 7.173840e-01 7.640000e-04 2.818520e-01
345 7.172720e-01 7.360000e-04 2.819920e-01
346 7.171560e-01 7.400000e-04 2.821040e-01
347 7.170160e-01 7.560000e-04 2.822280e-01
348 7.168920e-01 7.360000e-04 2.823720e-01
349 7.167560e-01 7.360000e-04 2.825080e-01
350 7.166600e-01 7.040000e-04 2.826360e-01
351 7.164680e-01 8.080000e-04 2.827240e-01
352 7.163200e-01 8.400000e-04 2.828400e-01
353 7.161880e-01 8.200000e-04 2.829920e-01
354 7.160880e-01 7.760000e-04 2.831360e-01
355 7.159000e-01 7.960000e-04 2.833040e-01
356 7.157960e-01 7.760000e-04 2.834280e-01
357 7.156360e-01 7.960000e-04 2.835680e-01
358 7.154760e-01 8.120000e-04 2.837120e-01
359 7.153200e-01 8.240000e-04 2.838560e-01
360 7.151720e-01 8.480000e-04 2.839800e-01
361 7.149800e-01 8.520000e-04 2.841680e-01
362 7.147920e-01 8.920000e-04 2.843160e-01
363 7.146600e-01 8.840000e-04 2.844560e-01
364 7.144520e-01 9.160000e-04 2.846320e-01
365 7.142440e-01 9.360000e-04 2.848200e-01
366 7.140360e-01 9.360000e-04 2.850280e-01
367 7.138400e-01 9.560000e-04 2.852040e-01
368 7.136560e-01 9.960000e-04 2.853480e-01
369 7.134920e-01 1.000000e-03 2.855080e-01
370 7.133200e-01 9.560000e-04 2.857240e-01
371 7.131480e-01 9.720000e-04 2.858800e-01
372 7.129520e-01 9.960000e-04 2.860520e-01
373 7.128160e-01 9.600000e-04 2.862240e-01
374 7.126400e-01 9.520000e-04 2.864080e-01
375 7.125200e-01 9.240000e-04 2.865560e-01
376 7.123680e-01 8.680000e-04 2.867640e-01
377 7.122240e-01 8.840000e-04 2.868920e-01
378 7.120480e-01 9.000000e-04 2.870520e-01
379 7.118600e-01 9.360000e-04 2.872040e-01
380 7.117080e-01 9.480000e-04 2.873440e-01
381 7.115760e-01 9.320000e-04 2.874920e-01
382 7.114600e-01 8.720000e-04 2.876680e-01
383 7.113320e-01 8.160000e-04 2.878520e-01
384 7.111240e-01 8.480000e-04 2.880280e-01
385 7.109560e-01 9.000000e-04 2.881440e-01
386 7.107640e-01 9.480000e-04 2.882880e-01
387 7.106600e-01 8.560000e-04 2.884840e-01
388 7.105320e-01 8.200000e-04 2.886480e-01
389 7.104040e-01 8.240000e-04 2.887720e-01
390 7.102600e-01 8.040000e-04 2.889360e-01
391 7.101200e-01 8.080000e-04 2.890720e-01
392 7.099760e-01 8.080000e-04 2.892160e-01
393 7.097960e-01 8.440000e-04 2.893600e-01
394 7.096400e-01 8.360000e-04 2.895240e-01
395 7.095040e-01 8.560000e-04 2.896400e-01
396 7.093440e-01 8.480000e-04 2.898080e-01
397 7.092040e-01 8.560000e-04 2.899400e-01
398 7.090800e-01 8.640000e-04 2.900560e-01
399 7.089200e-01 8.880000e-04 2.901920e-01
400 7.087920e-01 8.120000e-04 2.903960e-01
401 7.086560e-01 7.920000e-04 2.905520e-01
402 7.085640e-01 7.640000e-04 2.906720e-01
403 7.084440e-01 7.760000e-04 2.907800e-01
404 7.082880e-01 7.920000e-04 2.909200e-01
405 7.081080e-01 7.880000e-04 2.911040e-01
406 7.079600e-01 7.520000e-04 2.912880e-01
407 7.078080e-01 7.920000e-04 2.914000e-01
408 7.076680e-01 8.200000e-04 2.915120e-01
409 7.075200e-01 8.280000e-04 2.916520e-01
410 7.073520e-01 8.240000e-04 2.918240e-01
411 7.072160e-01 8.200000e-04 2.919640e-01
412 7.070240e-01 8.680000e-04 2.921080e-01
413 7.068840e-01 8.200000e-04 2.922960e-01
414 7.067640e-01 7.800000e-04 2.924560e-01
415 7.066160e-01 7.960000e-04 2.925880e-01
416 7.064800e-01 8.080000e-04 2.927120e-01
417 7.063840e-01 7.760000e-04 2.928400e-01
418 7.062800e-01 7.440000e-04 2.929760e-01
419 7.061520e-01 7.320000e-04 2.931160e-01
420 7.060480e-01 7.360000e-04 2.932160e-01
421 7.059520e-01 6.520000e-04 2.933960e-01
422 7.058080e-01 6.960000e-04 2.934960e-01
423 7.056760e-01 6.800000e-04 2.936440e-01
424 7.055720e-01 6.640000e-04 2.937640e-01
425 7.054840e-01 6.400000e-04 2.938760e-01
426 7.053640e-01 6.240000e-04 2.940120e-01
427 7.052560e-01 6.480000e-04 2.940960e-01
428 7.051880e-01 6.120000e-04 2.942000e-01
429 7.051200e-01 5.920000e-04 2.942880e-01
430 7.050600e-01 5.400000e-04 2.944000e-01
431 7.049800e-01 5.120000e-04 2.945080e-01
432 7.049000e-01 5.160000e-04 2.945840e-01
433 7.048040e-01 4.960000e-04 2.947000e-01
434 7.047240e-01 4.640000e-04 2.948120e-01
435 7.046520e-01 4.560000e-04 2.948920e-01
436 7.045680e-01 4.560000e-04 2.949760e-01
437 7.045240e-01 4.360000e-04 2.950400e-01
438 7.044520e-01 4.160000e-04 2.951320e-01
439 7.043840e-01 4.200000e-04 2.951960e-01
440 7.043000e-01 4.280000e-04 2.952720e-01
441 7.042400e-01 3.720000e-04 2.953880e-01
442 7.041920e-01 3.480000e-04 2.954600e-01
443 7.041160e-01 3.440000e-04 2.955400e-01
444 7.040400e-01 3.560000e-04 2.956040e-01
445 7.039520e-01 4.000000e-04 2.956480e-01
446 7.038840e-01 4.160000e-04 2.957000e-01
447 7.038000e-01 4.120000e-04 2.957880e-01
448 7.037160e-01 3.960000e-04 2.958880e-01
449 7.036560e-01 4.000000e-04 2.959440e-01
450 7.035960e-01 3.760000e-04 2.960280e-01
451 7.035440e-01 3.680000e-04 2.960880e-01
452 7.035040e-01 3.520000e-04 2.961440e-01
453 7.034480e-01 3.440000e-04 2.962080e-01
454 7.033880e-01 3.800000e-04 2.962320e-01
455 7.033200e-01 3.760000e-04 2.963040e-01
456 7.032640e-01 3.680000e-04 2.963680e-01
457 7.032160e-01 3.840000e-04 2.964000e-01
458 7.031480e-01 4.000000e-04 2.964520e-01
459 7.030640e-01 4.280000e-04 2.965080e-01
460 7.029720e-01 4.440000e-04 2.965840e-01
461 7.029120e-01 4.400000e-04 2.966480e-01
462 7.028480e-01 4.440000e-04 2.967080e-01
463 7.027680e-01 4.360000e-04 2.967960e-01
464 7.026840e-01 4.280000e-04 2.968880e-01
465 7.026200e-01 4.440000e-04 2.969360e-01
466 7.025560e-01 4.400000e-04 2.970040e-01
467 7.025080e-01 3.840000e-04 2.971080e-01
468 7.024440e-01 3.960000e-04 2.971600e-01
469 7.024000e-01 3.520000e-04 2.972480e-01
470 7.023360e-01 3.520000e-04 2.973120e-01
471 7.022760e-01 3.600000e-04 2.973640e-01
472 7.022320e-01 3.400000e-04 2.974280e-01
473 7.021720e-01 3.480000e-04 2.974800e-01
474 7.021280e-01 3.320000e-04 2.975400e-01
475 7.020800e-01 3.160000e-04 2.976040e-01
476 7.020160e-01 3.120000e-04 2.976720e-01
477 7.019560e-01 3.280000e-04 2.977160e-01
478 7.019080e-01 2.960000e-04 2.977960e-01
479 7.018480e-01 3.000000e-04 2.978520e-01
480 7.017840e-01 3.160000e-04 2.979000e-01
481 7.017560e-01 3.040000e-04 2.979400e-01
482 7.017080e-01 3.000000e-04 2.979920e-01
483 7.016400e-01 3.280000e-04 2.980320e-01
484 7.016000e-01 2.920000e-04 2.981080e-01
485 7.015400e-01 2.960000e-04 2.981640e-01
486 7.015040e-01 2.880000e-04 2.982080e-01
487 7.014760e-01 2.800000e-04 2.982440e-01
488 7.014200e-01 2.800000e-04 2.983000e-01
489 7.013680e-01 3.040000e-04 2.983280e-01
490 7.013120e-01 3.160000e-04 2.983720e-01
491 7.012800e-01 2.880000e-04 2.984320e-01
492 7.012280e-01 3.040000e-04 2.984680e-01
493 7.011680e-01 3.200000e-04 2.985120e-01
494 7.010880e-01 3.560000e-04 2.985560e-01
495 7.010280e-01 3.600000e-04 2.986120e-01
496 7.009800e-01 3.400000e-04 2.986800e-01
497 7.008840e-01 3.880000e-04 2.987280e-01
498 7.008280e-01 3.920000e-04 2.987800e-01
499 7.007440e-01 4.000000e-04 2.988560e-01
500 7.006680e-01 4.040000e-04 2.989280e-01
