1 9.992920e-01 6.000000e-04 1.080000e-04
2 9.989160e-01 8.720000e-04 2.120000e-04
3 9.983360e-01 1.264000e-03 4.000000e-04
4 9.976520e-01 1.696000e-03 6.520000e-04
5 9.969200e-01 2.092000e-03 9.880000e-04
6 9.959600e-01 2.652000e-03 1.388000e-03
7 9.951120e-01 3.028000e-03 1.860000e-03
8 9.942000e-01 3.356000e-03 2.444000e-03
9 9.932960e-01 3.660000e-03 3.044000e-03
10 9.922040e-01 4.128000e-03 3.668000e-03
11 9.911400e-01 4.428000e-03 4.432000e-03
12 9.900720e-01 4.716000e-03 5.212000e-03
13 9.889240e-01 4.968000e-03 6.108000e-03
14 9.879160e-01 5.104000e-03 6.980000e-03
15 9.868240e-01 5.312000e-03 7.864000e-03
16 9.856520e-01 5.556000e-03 8.792000e-03
17 9.845240e-01 5.744000e-03 9.732000e-03
18 9.832720e-01 5.840000e-03 1.088800e-02
19 9.820400e-01 6.096000e-03 1.186400e-02
20 9.806760e-01 6.424000e-03 1.290000e-02
21 9.795040e-01 6.436000e-03 1.406000e-02
22 9.783920e-01 6.444000e-03 1.516400e-02
23 9.771240e-01 6.528000e-03 1.634800e-02
24 9.759560e-01 6.700000e-03 1.734400e-02
25 9.745400e-01 6.996000e-03 1.846400e-02
26 9.731880e-01 7.084000e-03 1.972800e-02
27 9.717040e-01 7.404000e-03 2.089200e-02
28 9.703240e-01 7.464000e-03 2.221200e-02
29 9.691880e-01 7.316000e-03 2.349600e-02
30 9.678440e-01 7.300000e-03 2.485600e-02
31 9.665240e-01 7.364000e-03 2.611200e-02
32 9.649720e-01 7.656000e-03 2.737200e-02
33 9.633720e-01 8.012000e-03 2.861600e-02
34 9.618760e-01 8.116000e-03 3.000800e-02
35 9.604360e-01 8.192000e-03 3.137200e-02
36 9.589920e-01 8.428000e-03 3.258000e-02
37 9.575520e-01 8.268000e-03 3.418000e-02
38 9.559800e-01 8.388000e-03 3.563200e-02
39 9.544840e-01 8.476000e-03 3.704000e-02
40 9.529280e-01 8.524000e-03 3.854800e-02
41 9.512600e-01 8.808000e-03 3.993200e-02
42 9.495160e-01 8.868000e-03 4.161600e-02
43 9.479880e-01 8.920000e-03 4.309200e-02
44 9.463600e-01 9.028000e-03 4.461200e-02
45 9.446360e-01 9.188000e-03 4.617600e-02
46 9.430240e-01 9.124000e-03 4.785200e-02
47 9.412920e-01 9.152000e-03 4.955600e-02
48 9.396200e-01 9.200000e-03 5.118000e-02
49 9.380520e-01 9.216000e-03 5.273200e-02
50 9.364000e-01 9.208000e-03 5.439200e-02
51 9.346240e-01 9.448000e-03 5.592800e-02
52 9.328360e-01 9.376000e-03 5.778800e-02
53 9.312560e-01 9.100000e-03 5.964400e-02
54 9.296880e-01 9.052000e-03 6.126000e-02
55 9.279720e-01 9.040000e-03 6.298800e-02
56 9.264920e-01 8.888000e-03 6.462000e-02
57 9.248480e-01 9.036000e-03 6.611600e-02
58 9.232680e-01 9.008000e-03 6.772400e-02
59 9.216560e-01 8.952000e-03 6.939200e-02
60 9.199960e-01 9.088000e-03 7.091600e-02
61 9.183480e-01 9.164000e-03 7.248800e-02
62 9.166760e-01 9.292000e-03 7.403200e-02
63 9.150680e-01 9.132000e-03 7.580000e-02
64 9.133120e-01 9.208000e-03 7.748000e-02
65 9.116000e-01 9.252000e-03 7.914800e-02
66 9.099560e-01 9.356000e-03 8.068800e-02
67 9.083480e-01 9.396000e-03 8.225600e-02
68 9.067240e-01 9.340000e-03 8.393600e-02
69 9.050920e-01 9.324000e-03 8.558400e-02
70 9.034560e-01 9.392000e-03 8.715200e-02
71 9.020000e-01 9.276000e-03 8.872400e-02
72 9.004720e-01 9.192000e-03 9.033600e-02
73 8.989760e-01 9.168000e-03 9.185600e-02
74 8.973400e-01 9.120000e-03 9.354000e-02
75 8.957600e-01 8.988000e-03 9.525200e-02
76 8.943000e-01 8.908000e-03 9.679200e-02
77 8.929200e-01 8.744000e-03 9.833600e-02
78 8.914640e-01 8.564000e-03 9.997200e-02
79 8.899880e-01 8.584000e-03 1.014280e-01
80 8.885600e-01 8.480000e-03 1.029600e-01
81 8.870760e-01 8.552000e-03 1.043720e-01
82 8.857800e-01 8.464000e-03 1.057560e-01
83 8.843600e-01 8.396000e-03 1.072440e-01
84 8.828120e-01 8.392000e-03 1.087960e-01
85 8.814080e-01 8.192000e-03 1.104000e-01
86 8.800760e-01 8.128000e-03 1.117960e-01
87 8.788080e-01 7.984000e-03 1.132080e-01
88 8.774480e-01 7.924000e-03 1.146280e-01
89 8.760720e-01 7.976000e-03 1.159520e-01
90 8.747520e-01 7.944000e-03 1.173040e-01
91 8.732440e-01 7.956000e-03 1.188000e-01
92 8.720000e-01 7.788000e-03 1.202120e-01
93 8.706960e-01 7.776000e-03 1.215280e-01
94 8.693720e-01 7.764000e-03 1.228640e-01
95 8.681640e-01 7.680000e-03 1.241560e-01
96 8.667920e-01 7.772000e-03 1.254360e-01
97 8.653840e-01 7.796000e-03 1.268200e-01
98 8.640280e-01 7.756000e-03 1.282160e-01
99 8.627960e-01 7.612000e-03 1.295920e-01
100 8.615480e-01 7.608000e-03 1.308440e-01
101 8.602120e-01 7.660000e-03 1.321280e-01
102 8.589320e-01 7.596000e-03 1.334720e-01
103 8.575520e-01 7.680000e-03 1.347680e-01
104 8.561960e-01 7.632000e-03 1.361720e-01
105 8.548000e-01 7.748000e-03 1.374520e-01
106 8.534400e-01 7.700000e-03 1.388600e-01
107 8.521120e-01 7.680000e-03 1.402080e-01
108 8.507520e-01 7.592000e-03 1.416560e-01
109 8.494160e-01 7.504000e-03 1.430800e-01
110 8.482440e-01 7.240000e-03 1.445160e-01
111 8.469880e-01 7.176000e-03 1.458360e-01
112 8.456240e-01 7.160000e-03 1.472160e-01
113 8.441240e-01 7.356000e-03 1.485200e-01
114 8.425640e-01 7.660000e-03 1.497760e-01
115 8.409680e-01 7.904000e-03 1.511280e-01
116 8.395000e-01 7.860000e-03 1.526400e-01
117 8.380000e-01 8.044000e-03 1.539560e-01
118 8.364280e-01 8.156000e-03 1.554160e-01
119 8.349000e-01 8.368000e-03 1.567320e-01
120 8.334040e-01 8.424000e-03 1.581720e-01
121 8.320320e-01 8.436000e-03 1.595320e-01
122 8.307560e-01 8.136000e-03 1.611080e-01
123 8.293000e-01 8.172000e-03 1.625280e-01
124 8.280440e-01 8.060000e-03 1.638960e-01
125 8.266960e-01 7.908000e-03 1.653960e-01
126 8.253320e-01 8.004000e-03 1.666640e-01
127 8.239440e-01 8.048000e-03 1.680080e-01
128 8.225240e-01 8.064000e-03 1.694120e-01
129 8.213080e-01 7.980000e-03 1.707120e-01
130 8.200000e-01 7.864000e-03 1.721360e-01
131 8.187760e-01 7.768000e-03 1.734560e-01
132 8.174720e-01 7.780000e-03 1.747480e-01
133 8.162040e-01 7.736000e-03 1.760600e-01
134 8.148840e-01 7.680000e-03 1.774360e-01
135 8.135480e-01 7.544000e-03 1.789080e-01
136 8.122480e-01 7.552000e-03 1.802000e-01
137 8.109840e-01 7.512000e-03 1.815040e-01
138 8.097840e-01 7.348000e-03 1.828680e-01
139 8.086040e-01 7.308000e-03 1.840880e-01
140 8.074880e-01 7.128000e-03 1.853840e-01
141 8.063200e-01 7.080000e-03 1.866000e-01
142 8.051480e-01 7.000000e-03 1.878520e-01
143 8.039680e-01 7.016000e-03 1.890160e-01
144 8.028480e-01 7.048000e-03 1.901040e-01
145 8.016840e-01 6.896000e-03 1.914200e-01
146 8.006560e-01 6.684000e-03 1.926600e-01
147 7.996080e-01 6.464000e-03 1.939280e-01
148 7.984560e-01 6.480000e-03 1.950640e-01
149 7.973360e-01 6.404000e-03 1.962600e-01
150 7.963120e-01 6.300000e-03 1.973880e-01
151 7.951760e-01 6.236000e-03 1.985880e-01
152 7.939760e-01 6.356000e-03 1.996680e-01
153 7.927840e-01 6.468000e-03 2.007480e-01
154 7.915960e-01 6.524000e-03 2.018800e-01
155 7.905960e-01 6.448000e-03 2.029560e-01
156 7.895320e-01 6.420000e-03 2.040480e-01
157 7.885360e-01 6.192000e-03 2.052720e-01
158 7.874720e-01 6.204000e-03 2.063240e-01
159 7.864080e-01 6.220000e-03 2.073720e-01
160 7.852080e-01 6.384000e-03 2.084080e-01
161 7.840920e-01 6.436000e-03 2.094720e-01
162 7.829280e-01 6.472000e-03 2.106000e-01
163 7.818680e-01 6.352000e-03 2.117800e-01
164 7.806440e-01 6.340000e-03 2.130160e-01
165 7.794920e-01 6.284000e-03 2.142240e-01
166 7.782960e-01 6.332000e-03 2.153720e-01
167 7.772120e-01 6.328000e-03 2.164600e-01
168 7.760000e-01 6.500000e-03 2.175000e-01
169 7.749720e-01 6.392000e-03 2.186360e-01
170 7.739840e-01 6.268000e-03 2.197480e-01
171 7.729120e-01 6.248000e-03 2.208400e-01
172 7.718000e-01 6.336000e-03 2.218640e-01
173 7.707200e-01 6.312000e-03 2.229680e-01
174 7.697240e-01 6.220000e-03 2.240560e-01
175 7.686600e-01 6.120000e-03 2.252200e-01
176 7.676880e-01 5.960000e-03 2.263520e-01
177 7.666480e-01 5.948000e-03 2.274040e-01
178 7.655240e-01 6.008000e-03 2.284680e-01
179 7.643480e-01 6.096000e-03 2.295560e-01
180 7.633840e-01 6.040000e-03 2.305760e-01
181 7.622840e-01 6.164000e-03 2.315520e-01
182 7.612360e-01 6.084000e-03 2.326800e-01
183 7.603280e-01 6.048000e-03 2.336240e-01
184 7.592760e-01 6.004000e-03 2.347200e-01
185 7.582080e-01 5.880000e-03 2.359120e-01
186 7.571960e-01 5.800000e-03 2.370040e-01
187 7.561800e-01 5.764000e-03 2.380560e-01
188 7.552160e-01 5.672000e-03 2.391120e-01
189 7.541920e-01 5.656000e-03 2.401520e-01
190 7.532320e-01 5.500000e-03 2.412680e-01
191 7.523080e-01 5.384000e-03 2.423080e-01
192 7.515240e-01 5.348000e-03 2.431280e-01
193 7.507360e-01 5.168000e-03 2.440960e-01
194 7.498000e-01 5.268000e-03 2.449320e-01
195 7.488640e-01 5.288000e-03 2.458480e-01
196 7.478880e-01 5.304000e-03 2.468080e-01
197 7.469600e-01 5.252000e-03 2.477880e-01
198 7.461800e-01 5.180000e-03 2.486400e-01
199 7.452920e-01 5.212000e-03 2.494960e-01
200 7.442800e-01 5.332000e-03 2.503880e-01
201 7.432720e-01 5.412000e-03 2.513160e-01
202 7.423880e-01 5.384000e-03 2.522280e-01
203 7.414720e-01 5.452000e-03 2.530760e-01
204 7.404520e-01 5.544000e-03 2.540040e-01
205 7.395560e-01 5.400000e-03 2.550440e-01
206 7.387080e-01 5.272000e-03 2.560200e-01
207 7.378560e-01 5.168000e-03 2.569760e-01
208 7.370280e-01 5.084000e-03 2.578880e-01
209 7.361800e-01 5.080000e-03 2.587400e-01
210 7.352760e-01 5.112000e-03 2.596120e-01
211 7.342880e-01 5.308000e-03 2.604040e-01
212 7.334400e-01 5.228000e-03 2.613320e-01
213 7.325920e-01 5.188000e-03 2.622200e-01
214 7.317280e-01 5.236000e-03 2.630360e-01
215 7.307640e-01 5.264000e-03 2.639720e-01
216 7.298840e-01 5.232000e-03 2.648840e-01
217 7.289920e-01 5.184000e-03 2.658240e-01
218 7.282400e-01 5.004000e-03 2.667560e-01
219 7.274920e-01 4.880000e-03 2.676280e-01
220 7.266160e-01 4.988000e-03 2.683960e-01
221 7.257840e-01 4.944000e-03 2.692720e-01
222 7.249600e-01 4.884000e-03 2.701560e-01
223 7.242120e-01 4.836000e-03 2.709520e-01
224 7.235120e-01 4.708000e-03 2.717800e-01
225 7.227560e-01 4.676000e-03 2.725680e-01
226 7.220160e-01 4.600000e-03 2.733840e-01
227 7.211840e-01 4.588000e-03 2.742280e-01
228 7.204600e-01 4.512000e-03 2.750280e-01
229 7.196520e-01 4.596000e-03 2.757520e-01
230 7.187440e-01 4.748000e-03 2.765080e-01
231 7.180200e-01 4.644000e-03 2.773360e-01
232 7.172200e-01 4.652000e-03 2.781280e-01
233 7.163000e-01 4.836000e-03 2.788640e-01
234 7.154920e-01 4.684000e-03 2.798240e-01
235 7.147240e-01 4.592000e-03 2.806840e-01
236 7.138920e-01 4.612000e-03 2.814960e-01
237 7.130960e-01 4.608000e-03 2.822960e-01
238 7.123400e-01 4.536000e-03 2.831240e-01
239 7.114640e-01 4.628000e-03 2.839080e-01
240 7.107720e-01 4.584000e-03 2.846440e-01
241 7.100560e-01 4.540000e-03 2.854040e-01
242 7.093160e-01 4.496000e-03 2.861880e-01
243 7.085080e-01 4.552000e-03 2.869400e-01
244 7.077400e-01 4.448000e-03 2.878120e-01
245 7.068920e-01 4.504000e-03 2.886040e-01
246 7.060760e-01 4.500000e-03 2.894240e-01
247 7.052560e-01 4.524000e-03 2.902200e-01
248 7.044680e-01 4.528000e-03 2.910040e-01
249 7.036840e-01 4.592000e-03 2.917240e-01
250 7.029760e-01 4.500000e-03 2.925240e-01
251 7.022200e-01 4.460000e-03 2.933200e-01
252 7.014120e-01 4.408000e-03 2.941800e-01
253 7.006520e-01 4.308000e-03 2.950400e-01
254 6.999320e-01 4.264000e-03 2.958040e-01
255 6.991560e-01 4.292000e-03 2.965520e-01
256 6.983240e-01 4.372000e-03 2.973040e-01
257 6.975880e-01 4.244000e-03 2.981680e-01
258 6.968000e-01 4.224000e-03 2.989760e-01
259 6.959000e-01 4.336000e-03 2.997640e-01
260 6.951600e-01 4.260000e-03 3.005800e-01
261 6.945360e-01 4.132000e-03 3.013320e-01
262 6.938600e-01 4.168000e-03 3.019720e-01
263 6.931960e-01 4.132000e-03 3.026720e-01
264 6.925680e-01 4.144000e-03 3.032880e-01
265 6.919120e-01 4.040000e-03 3.040480e-01
266 6.912320e-01 4.024000e-03 3.047440e-01
267 6.905800e-01 4.008000e-03 3.054120e-01
268 6.897640e-01 4.136000e-03 3.061000e-01
269 6.889480e-01 4.284000e-03 3.067680e-01
270 6.880920e-01 4.464000e-03 3.074440e-01
271 6.871960e-01 4.576000e-03 3.082280e-01
272 6.863240e-01 4.740000e-03 3.089360e-01
273 6.854200e-01 4.876000e-03 3.097040e-01
274 6.845520e-01 4.900000e-03 3.105480e-01
275 6.836440e-01 4.892000e-03 3.114640e-01
276 6.829120e-01 4.788000e-03 3.123000e-01
277 6.819440e-01 4.864000e-03 3.131920e-01
278 6.811040e-01 4.856000e-03 3.140400e-01
279 6.803040e-01 4.844000e-03 3.148520e-01
280 6.793600e-01 4.936000e-03 3.157040e-01
281 6.785360e-01 4.944000e-03 3.165200e-01
282 6.777960e-01 4.848000e-03 3.173560e-01
283 6.769040e-01 4.916000e-03 3.181800e-01
284 6.759520e-01 5.016000e-03 3.190320e-01
285 6.750120e-01 5.164000e-03 3.198240e-01
286 6.741960e-01 5.092000e-03 3.207120e-01
287 6.732480e-01 5.188000e-03 3.215640e-01
288 6.724800e-01 4.972000e-03 3.225480e-01
289 6.716600e-01 4.972000e-03 3.233680e-01
290 6.708040e-01 4.980000e-03 3.242160e-01
291 6.699840e-01 4.920000e-03 3.250960e-01
292 6.691480e-01 4.868000e-03 3.259840e-01
293 6.683760e-01 4.772000e-03 3.268520e-01
294 6.677000e-01 4.672000e-03 3.276280e-01
295 6.670080e-01 4.648000e-03 3.283440e-01
296 6.662480e-01 4.556000e-03 3.291960e-01
297 6.654560e-01 4.592000e-03 3.299520e-01
298 6.647520e-01 4.500000e-03 3.307480e-01
299 6.640440e-01 4.432000e-03 3.315240e-01
300 6.633080e-01 4.380000e-03 3.323120e-01
301 6.625000e-01 4.496000e-03 3.330040e-01
302 6.617440e-01 4.512000e-03 3.337440e-01
303 6.610640e-01 4.508000e-03 3.344280e-01
304 6.603640e-01 4.524000e-03 3.351120e-01
305 6.596120e-01 4.436000e-03 3.359520e-01
306 6.588800e-01 4.360000e-03 3.367600e-01
307 6.580000e-01 4.440000e-03 3.375600e-01
308 6.572400e-01 4.404000e-03 3.383560e-01
309 6.563600e-01 4.604000e-03 3.390360e-01
310 6.556000e-01 4.608000e-03 3.397920e-01
311 6.549000e-01 4.468000e-03 3.406320e-01
312 6.540880e-01 4.520000e-03 3.413920e-01
313 6.531960e-01 4.600000e-03 3.422040e-01
314 6.524160e-01 4.696000e-03 3.428880e-01
315 6.516800e-01 4.656000e-03 3.436640e-01
316 6.508320e-01 4.640000e-03 3.445280e-01
317 6.501160e-01 4.504000e-03 3.453800e-01
318 6.493200e-01 4.512000e-03 3.461680e-01
319 6.484920e-01 4.620000e-03 3.468880e-01
320 6.477440e-01 4.604000e-03 3.476520e-01
321 6.470560e-01 4.428000e-03 3.485160e-01
322 6.463000e-01 4.300000e-03 3.494000e-01
323 6.456920e-01 4.168000e-03 3.501400e-01
324 6.450920e-01 4.096000e-03 3.508120e-01
325 6.444000e-01 3.988000e-03 3.516120e-01
326 6.437600e-01 3.932000e-03 3.523080e-01
327 6.430400e-01 3.992000e-03 3.529680e-01
328 6.422920e-01 4.056000e-03 3.536520e-01
329 6.415760e-01 4.008000e-03 3.544160e-01
330 6.410600e-01 3.868000e-03 3.550720e-01
331 6.403760e-01 3.900000e-03 3.557240e-01
332 6.397400e-01 3.788000e-03 3.564720e-01
333 6.390320e-01 3.836000e-03 3.571320e-01
334 6.383840e-01 3.776000e-03 3.578400e-01
335 6.377880e-01 3.764000e-03 3.584480e-01
336 6.370960e-01 3.848000e-03 3.590560e-01
337 6.364000e-01 3.868000e-03 3.597320e-01
338 6.359000e-01 3.688000e-03 3.604120e-01
339 6.352840e-01 3.696000e-03 3.610200e-01
340 6.346520e-01 3.668000e-03 3.616800e-01
341 6.340520e-01 3.608000e-03 3.623400e-01
342 6.333920e-01 3.704000e-03 3.629040e-01
343 6.327320e-01 3.560000e-03 3.637080e-01
344 6.321480e-01 3.552000e-03 3.643000e-01
345 6.316440e-01 3.368000e-03 3.649880e-01
346 6.311400e-01 3.220000e-03 3.656400e-01
347 6.307160e-01 3.072000e-03 3.662120e-01
348 6.301800e-01 3.100000e-03 3.667200e-01
349 6.297680e-01 2.892000e-03 3.673400e-01
350 6.294080e-01 2.732000e-03 3.678600e-01
351 6.290440e-01 2.592000e-03 3.683640e-01
352 6.287160e-01 2.496000e-03 3.687880e-01
353 6.284120e-01 2.344000e-03 3.692440e-01
354 6.280720e-01 2.256000e-03 3.696720e-01
355 6.276480e-01 2.332000e-03 3.700200e-01
356 6.272520e-01 2.348000e-03 3.704000e-01
357 6.268920e-01 2.236000e-03 3.708720e-01
358 6.265360e-01 2.260000e-03 3.712040e-01
359 6.262160e-01 2.224000e-03 3.715600e-01
360 6.258840e-01 2.196000e-03 3.719200e-01
361 6.254800e-01 2.208000e-03 3.723120e-01
362 6.250960e-01 2.192000e-03 3.727120e-01
363 6.248440e-01 2.036000e-03 3.731200e-01
364 6.245040e-01 1.964000e-03 3.735320e-01
365 6.242200e-01 1.872000e-03 3.739080e-01
366 6.239360e-01 1.804000e-03 3.742600e-01
367 6.235800e-01 1.808000e-03 3.746120e-01
368 6.232720e-01 1.832000e-03 3.748960e-01
369 6.229560e-01 1.860000e-03 3.751840e-01
370 6.226800e-01 1.796000e-03 3.755240e-01
371 6.224120e-01 1.724000e-03 3.758640e-01
372 6.221640e-01 1.644000e-03 3.761920e-01
373 6.219480e-01 1.552000e-03 3.765000e-01
374 6.217200e-01 1.504000e-03 3.767760e-01
375 6.215160e-01 1.444000e-03 3.770400e-01
376 6.212520e-01 1.428000e-03 3.773200e-01
377 6.210920e-01 1.348000e-03 3.775600e-01
378 6.208480e-01 1.336000e-03 3.778160e-01
379 6.205720e-01 1.400000e-03 3.780280e-01
380 6.202840e-01 1.432000e-03 3.782840e-01
381 6.200720e-01 1.428000e-03 3.785000e-01
382 6.198240e-01 1.384000e-03 3.787920e-01
383 6.195200e-01 1.484000e-03 3.789960e-01
384 6.192440e-01 1.492000e-03 3.792640e-01
385 6.190000e-01 1.436000e-03 3.795640e-01
386 6.187400e-01 1.472000e-03 3.797880e-01
387 6.184040e-01 1.552000e-03 3.800440e-01
388 6.181240e-01 1.540000e-03 3.803360e-01
389 6.178440e-01 1.576000e-03 3.805800e-01
390 6.175280e-01 1.600000e-03 3.808720e-01
391 6.172760e-01 1.540000e-03 3.811840e-01
392 6.170200e-01 1.548000e-03 3.814320e-01
393 6.167920e-01 1.480000e-03 3.817280e-01
394 6.165440e-01 1.432000e-03 3.820240e-01
395 6.163280e-01 1.444000e-03 3.822280e-01
396 6.160560e-01 1.516000e-03 3.824280e-01
397 6.158800e-01 1.436000e-03 3.826840e-01
398 6.156880e-01 1.364000e-03 3.829480e-01
399 6.154360e-01 1.376000e-03 3.831880e-01
400 6.151800e-01 1.384000e-03 3.834360e-01
401 6.149640e-01 1.372000e-03 3.836640e-01
402 6.147120e-01 1.352000e-03 3.839360e-01
403 6.144560e-01 1.420000e-03 3.841240e-01
404 6.142360e-01 1.416000e-03 3.843480e-01
405 6.140080e-01 1.420000e-03 3.845720e-01
406 6.137920e-01 1.364000e-03 3.848440e-01
407 6.135520e-01 1.356000e-03 3.850920e-01
408 6.132720e-01 1.420000e-03 3.853080e-01
409 6.130600e-01 1.396000e-03 3.855440e-01
410 6.127840e-01 1.416000e-03 3.858000e-01
411 6.126280e-01 1.312000e-03 3.860600e-01
412 6.124720e-01 1.252000e-03 3.862760e-01
413 6.123080e-01 1.244000e-03 3.864480e-01
414 6.121120e-01 1.184000e-03 3.867040e-01
415 6.119600e-01 1.156000e-03 3.868840e-01
416 6.118560e-01 1.040000e-03 3.871040e-01
417 6.117400e-01 9.640000e-04 3.872960e-01
418 6.116720e-01 8.120000e-04 3.875160e-01
419 6.115160e-01 8.160000e-04 3.876680e-01
420 6.114400e-01 7.560000e-04 3.878040e-01
421 6.112800e-01 7.760000e-04 3.879440e-01
422 6.111320e-01 7.680000e-04 3.881000e-01
423 6.109880e-01 7.680000e-04 3.882440e-01
424 6.108080e-01 8.200000e-04 3.883720e-01
425 6.106560e-01 8.480000e-04 3.884960e-01
426 6.104960e-01 8.560000e-04 3.886480e-01
427 6.102840e-01 9.040000e-04 3.888120e-01
428 6.101080e-01 9.080000e-04 3.889840e-01
429 6.099200e-01 9.360000e-04 3.891440e-01
430 6.097800e-01 9.320000e-04 3.892880e-01
431 6.096200e-01 9.280000e-04 3.894520e-01
432 6.094160e-01 1.020000e-03 3.895640e-01
433 6.092680e-01 9.960000e-04 3.897360e-01
434 6.090640e-01 1.016000e-03 3.899200e-01
435 6.088520e-01 1.024000e-03 3.901240e-01
436 6.086280e-01 1.032000e-03 3.903400e-01
437 6.084600e-01 1.004000e-03 3.905360e-01
438 6.082560e-01 1.020000e-03 3.907240e-01
439 6.080640e-01 1.008000e-03 3.909280e-01
440 6.078760e-01 1.068000e-03 3.910560e-01
441 6.076480e-01 1.064000e-03 3.912880e-01
442 6.074720e-01 1.060000e-03 3.914680e-01
443 6.073200e-01 1.056000e-03 3.916240e-01
444 6.071200e-01 1.000000e-03 3.918800e-01
445 6.069240e-01 1.000000e-03 3.920760e-01
446 6.067160e-01 1.036000e-03 3.922480e-01
447 6.065040e-01 1.056000e-03 3.924400e-01
448 6.063040e-01 1.052000e-03 3.926440e-01
449 6.061000e-01 1.040000e-03 3.928600e-01
450 6.058600e-01 1.112000e-03 3.930280e-01
451 6.056280e-01 1.168000e-03 3.932040e-01
452 6.053560e-01 1.260000e-03 3.933840e-01
453 6.050840e-01 1.332000e-03 3.935840e-01
454 6.048520e-01 1.360000e-03 3.937880e-01
455 6.045640e-01 1.420000e-03 3.940160e-01
456 6.043080e-01 1.456000e-03 3.942360e-01
457 6.040320e-01 1.464000e-03 3.945040e-01
458 6.037880e-01 1.432000e-03 3.947800e-01
459 6.035520e-01 1.428000e-03 3.950200e-01
460 6.033960e-01 1.328000e-03 3.952760e-01
461 6.031840e-01 1.256000e-03 3.955600e-01
462 6.030040e-01 1.220000e-03 3.957760e-01
463 6.028040e-01 1.220000e-03 3.959760e-01
464 6.025840e-01 1.236000e-03 3.961800e-01
465 6.023960e-01 1.264000e-03 3.963400e-01
466 6.022160e-01 1.220000e-03 3.965640e-01
467 6.020120e-01 1.216000e-03 3.967720e-01
468 6.018640e-01 1.176000e-03 3.969600e-01
469 6.016720e-01 1.136000e-03 3.971920e-01
470 6.015040e-01 1.092000e-03 3.974040e-01
471 6.012200e-01 1.232000e-03 3.975480e-01
472 6.009840e-01 1.256000e-03 3.977600e-01
473 6.007320e-01 1.260000e-03 3.980080e-01
474 6.004200e-01 1.324000e-03 3.982560e-01
475 6.001880e-01 1.364000e-03 3.984480e-01
476 5.999640e-01 1.380000e-03 3.986560e-01
477 5.996760e-01 1.416000e-03 3.989080e-01
478 5.994080e-01 1.424000e-03 3.991680e-01
479 5.991440e-01 1.424000e-03 3.994320e-01
480 5.988640e-01 1.424000e-03 3.997120e-01
481 5.986560e-01 1.352000e-03 3.999920e-01
482 5.983880e-01 1.392000e-03 4.002200e-01
483 5.980960e-01 1.468000e-03 4.004360e-01
484 5.978360e-01 1.436000e-03 4.007280e-01
485 5.975960e-01 1.420000e-03 4.009840e-01
486 5.973960e-01 1.356000e-03 4.012480e-01
487 5.971920e-01 1.304000e-03 4.015040e-01
488 5.969200e-01 1.344000e-03 4.017360e-01
489 5.966920e-01 1.356000e-03 4.019520e-01
490 5.964640e-01 1.352000e-03 4.021840e-01
491 5.962080e-01 1.348000e-03 4.024440e-01
492 5.959480e-01 1.428000e-03 4.026240e-01
493 5.956600e-01 1.476000e-03 4.028640e-01
494 5.954320e-01 1.472000e-03 4.030960e-01
495 5.951920e-01 1.428000e-03 4.033800e-01
496 5.949880e-01 1.392000e-03 4.036200e-01
497 5.947680e-01 1.348000e-03 4.038840e-01
498 5.945000e-01 1.420000e-03 4.040800e-01
499 5.941880e-01 1.484000e-03 4.043280e-01
500 5.939360e-01 1.476000e-03 4.045880e-01
