1 9.992000e-01 7.040000e-04 9.600000e-05
2 9.986360e-01 1.144000e-03 2.200000e-04
3 9.979920e-01 1.512000e-03 4.960000e-04
4 9.971360e-01 2.068000e-03 7.960000e-04
5 9.963360e-01 2.464000e-03 1.200000e-03
6 9.954080e-01 2.964000e-03 1.628000e-03
7 9.945080e-01 3.332000e-03 2.160000e-03
8 9.934360e-01 3.732000e-03 2.832000e-03
9 9.924640e-01 4.000000e-03 3.536000e-03
10 9.915760e-01 4.152000e-03 4.272000e-03
11 9.905800e-01 4.340000e-03 5.080000e-03
12 9.895760e-01 4.568000e-03 5.856000e-03
13 9.884800e-01 4.816000e-03 6.704000e-03
14 9.874720e-01 4.876000e-03 7.652000e-03
15 9.863920e-01 5.140000e-03 8.468000e-03
16 9.853280e-01 5.260000e-03 9.412000e-03
17 9.841880e-01 5.428000e-03 1.038400e-02
18 9.830960e-01 5.516000e-03 1.138800e-02
19 9.817360e-01 5.864000e-03 1.240000e-02
20 9.804200e-01 6.136000e-03 1.344400e-02
21 9.791320e-01 6.308000e-03 1.456000e-02
22 9.778600e-01 6.484000e-03 1.565600e-02
23 9.764640e-01 6.768000e-03 1.676800e-02
24 9.750240e-01 7.024000e-03 1.795200e-02
25 9.736400e-01 7.160000e-03 1.920000e-02
26 9.721680e-01 7.388000e-03 2.044400e-02
27 9.708040e-01 7.396000e-03 2.180000e-02
28 9.694520e-01 7.440000e-03 2.310800e-02
29 9.680000e-01 7.704000e-03 2.429600e-02
30 9.664400e-01 7.884000e-03 2.567600e-02
31 9.648800e-01 8.012000e-03 2.710800e-02
32 9.632200e-01 8.280000e-03 2.850000e-02
33 9.617120e-01 8.324000e-03 2.996400e-02
34 9.601920e-01 8.292000e-03 3.151600e-02
35 9.584520e-01 8.500000e-03 3.304800e-02
36 9.569480e-01 8.420000e-03 3.463200e-02
37 9.553520e-01 8.444000e-03 3.620400e-02
38 9.537040e-01 8.644000e-03 3.765200e-02
39 9.520040e-01 8.748000e-03 3.924800e-02
40 9.503880e-01 8.788000e-03 4.082400e-02
41 9.486920e-01 8.968000e-03 4.234000e-02
42 9.467960e-01 9.304000e-03 4.390000e-02
43 9.449920e-01 9.500000e-03 4.550800e-02
44 9.432000e-01 9.604000e-03 4.719600e-02
45 9.412360e-01 9.792000e-03 4.897200e-02
46 9.395360e-01 9.796000e-03 5.066800e-02
47 9.377880e-01 9.772000e-03 5.244000e-02
48 9.358560e-01 1.002400e-02 5.412000e-02
49 9.339720e-01 1.014800e-02 5.588000e-02
50 9.321320e-01 1.031200e-02 5.755600e-02
51 9.303040e-01 1.027600e-02 5.942000e-02
52 9.284560e-01 1.031600e-02 6.122800e-02
53 9.267520e-01 1.026400e-02 6.298400e-02
54 9.246960e-01 1.041600e-02 6.488800e-02
55 9.229240e-01 1.046000e-02 6.661600e-02
56 9.211280e-01 1.048400e-02 6.838800e-02
57 9.192520e-01 1.063600e-02 7.011200e-02
58 9.173600e-01 1.058800e-02 7.205200e-02
59 9.154840e-01 1.064800e-02 7.386800e-02
60 9.136600e-01 1.063200e-02 7.570800e-02
61 9.116480e-01 1.087200e-02 7.748000e-02
62 9.098800e-01 1.077600e-02 7.934400e-02
63 9.082400e-01 1.047600e-02 8.128400e-02
64 9.066640e-01 1.018400e-02 8.315200e-02
65 9.049120e-01 1.015200e-02 8.493600e-02
66 9.030680e-01 1.027200e-02 8.666000e-02
67 9.013720e-01 1.010800e-02 8.852000e-02
68 8.995440e-01 1.021600e-02 9.024000e-02
69 8.977360e-01 1.017600e-02 9.208800e-02
70 8.960200e-01 1.006400e-02 9.391600e-02
71 8.942400e-01 1.009200e-02 9.566800e-02
72 8.924760e-01 1.012400e-02 9.740000e-02
73 8.907800e-01 9.932000e-03 9.928800e-02
74 8.888480e-01 1.016800e-02 1.009840e-01
75 8.871040e-01 1.014800e-02 1.027480e-01
76 8.855000e-01 9.996000e-03 1.045040e-01
77 8.839120e-01 9.848000e-03 1.062400e-01
78 8.823040e-01 9.676000e-03 1.080200e-01
79 8.807680e-01 9.600000e-03 1.096320e-01
80 8.791960e-01 9.360000e-03 1.114440e-01
81 8.775680e-01 9.308000e-03 1.131240e-01
82 8.761640e-01 9.176000e-03 1.146600e-01
83 8.745760e-01 9.280000e-03 1.161440e-01
84 8.731560e-01 9.060000e-03 1.177840e-01
85 8.716400e-01 9.072000e-03 1.192880e-01
86 8.701560e-01 8.940000e-03 1.209040e-01
87 8.687120e-01 8.876000e-03 1.224120e-01
88 8.672280e-01 8.868000e-03 1.239040e-01
89 8.657920e-01 8.808000e-03 1.254000e-01
90 8.643920e-01 8.712000e-03 1.268960e-01
91 8.628360e-01 8.740000e-03 1.284240e-01
92 8.612960e-01 8.784000e-03 1.299200e-01
93 8.598040e-01 8.916000e-03 1.312800e-01
94 8.582640e-01 8.960000e-03 1.327760e-01
95 8.568360e-01 8.964000e-03 1.342000e-01
96 8.553280e-01 8.972000e-03 1.357000e-01
97 8.539440e-01 8.720000e-03 1.373360e-01
98 8.525280e-01 8.664000e-03 1.388080e-01
99 8.511960e-01 8.468000e-03 1.403360e-01
100 8.497760e-01 8.392000e-03 1.418320e-01
101 8.482840e-01 8.404000e-03 1.433120e-01
102 8.469880e-01 8.296000e-03 1.447160e-01
103 8.457560e-01 7.992000e-03 1.462520e-01
104 8.443840e-01 8.060000e-03 1.475560e-01
105 8.431320e-01 7.924000e-03 1.489440e-01
106 8.418080e-01 7.932000e-03 1.502600e-01
107 8.404560e-01 7.920000e-03 1.516240e-01
108 8.390840e-01 7.928000e-03 1.529880e-01
109 8.379120e-01 7.740000e-03 1.543480e-01
110 8.366760e-01 7.756000e-03 1.555680e-01
111 8.354200e-01 7.700000e-03 1.568800e-01
112 8.340760e-01 7.604000e-03 1.583200e-01
113 8.327120e-01 7.568000e-03 1.597200e-01
114 8.314400e-01 7.476000e-03 1.610840e-01
115 8.302760e-01 7.360000e-03 1.623640e-01
116 8.289360e-01 7.396000e-03 1.636680e-01
117 8.277400e-01 7.248000e-03 1.650120e-01
118 8.266280e-01 7.108000e-03 1.662640e-01
119 8.253920e-01 7.164000e-03 1.674440e-01
120 8.241240e-01 7.132000e-03 1.687440e-01
121 8.229320e-01 7.060000e-03 1.700080e-01
122 8.217200e-01 7.008000e-03 1.712720e-01
123 8.205120e-01 7.072000e-03 1.724160e-01
124 8.192680e-01 7.052000e-03 1.736800e-01
125 8.181240e-01 6.960000e-03 1.749160e-01
126 8.170720e-01 6.696000e-03 1.762320e-01
127 8.160400e-01 6.552000e-03 1.774080e-01
128 8.149480e-01 6.504000e-03 1.785480e-01
129 8.137840e-01 6.676000e-03 1.795400e-01
130 8.127360e-01 6.684000e-03 1.805800e-01
131 8.116800e-01 6.548000e-03 1.817720e-01
132 8.106200e-01 6.432000e-03 1.829480e-01
133 8.096120e-01 6.324000e-03 1.840640e-01
134 8.085360e-01 6.276000e-03 1.851880e-01
135 8.074000e-01 6.348000e-03 1.862520e-01
136 8.063080e-01 6.268000e-03 1.874240e-01
137 8.052680e-01 6.264000e-03 1.884680e-01
138 8.043880e-01 6.004000e-03 1.896080e-01
139 8.034120e-01 5.840000e-03 1.907480e-01
140 8.024600e-01 5.824000e-03 1.917160e-01
141 8.015480e-01 5.700000e-03 1.927520e-01
142 8.006680e-01 5.608000e-03 1.937240e-01
143 7.996760e-01 5.592000e-03 1.947320e-01
144 7.987480e-01 5.452000e-03 1.958000e-01
145 7.978680e-01 5.416000e-03 1.967160e-01
146 7.969000e-01 5.428000e-03 1.976720e-01
147 7.958400e-01 5.628000e-03 1.985320e-01
148 7.948320e-01 5.684000e-03 1.994840e-01
149 7.938880e-01 5.692000e-03 2.004200e-01
150 7.927880e-01 5.732000e-03 2.014800e-01
151 7.916960e-01 5.764000e-03 2.025400e-01
152 7.907400e-01 5.804000e-03 2.034560e-01
153 7.897280e-01 5.820000e-03 2.044520e-01
154 7.887200e-01 5.832000e-03 2.054480e-01
155 7.876880e-01 5.768000e-03 2.065440e-01
156 7.865160e-01 6.004000e-03 2.074800e-01
157 7.854320e-01 5.972000e-03 2.085960e-01
158 7.843440e-01 6.008000e-03 2.096480e-01
159 7.831160e-01 6.232000e-03 2.106520e-01
160 7.819800e-01 6.324000e-03 2.116960e-01
161 7.808440e-01 6.268000e-03 2.128880e-01
162 7.797520e-01 6.316000e-03 2.139320e-01
163 7.786600e-01 6.244000e-03 2.150960e-01
164 7.772920e-01 6.460000e-03 2.162480e-01
165 7.759800e-01 6.696000e-03 2.173240e-01
166 7.748800e-01 6.676000e-03 2.184440e-01
167 7.737480e-01 6.616000e-03 2.196360e-01
168 7.725560e-01 6.696000e-03 2.207480e-01
169 7.714440e-01 6.708000e-03 2.218480e-01
170 7.704080e-01 6.684000e-03 2.229080e-01
171 7.691600e-01 6.688000e-03 2.241520e-01
172 7.680760e-01 6.488000e-03 2.254360e-01
173 7.670240e-01 6.380000e-03 2.265960e-01
174 7.660640e-01 6.092000e-03 2.278440e-01
175 7.648960e-01 6.192000e-03 2.289120e-01
176 7.638840e-01 6.124000e-03 2.299920e-01
177 7.627440e-01 6.280000e-03 2.309760e-01
178 7.615920e-01 6.304000e-03 2.321040e-01
179 7.604600e-01 6.244000e-03 2.332960e-01
180 7.594520e-01 6.144000e-03 2.344040e-01
181 7.585040e-01 5.976000e-03 2.355200e-01
182 7.574280e-01 5.952000e-03 2.366200e-01
183 7.564040e-01 6.004000e-03 2.375920e-01
184 7.552200e-01 6.128000e-03 2.386520e-01
185 7.540240e-01 6.176000e-03 2.398000e-01
186 7.529280e-01 6.180000e-03 2.408920e-01
187 7.517960e-01 6.188000e-03 2.420160e-01
188 7.507760e-01 6.124000e-03 2.431000e-01
189 7.497320e-01 6.132000e-03 2.441360e-01
190 7.485160e-01 6.268000e-03 2.452160e-01
191 7.475680e-01 6.120000e-03 2.463120e-01
192 7.466040e-01 6.012000e-03 2.473840e-01
193 7.455720e-01 5.868000e-03 2.485600e-01
194 7.446920e-01 5.660000e-03 2.496480e-01
195 7.437480e-01 5.676000e-03 2.505760e-01
196 7.427960e-01 5.624000e-03 2.515800e-01
197 7.418840e-01 5.540000e-03 2.525760e-01
198 7.408760e-01 5.588000e-03 2.535360e-01
199 7.398560e-01 5.732000e-03 2.544120e-01
200 7.386800e-01 5.968000e-03 2.553520e-01
201 7.376520e-01 5.948000e-03 2.564000e-01
202 7.365040e-01 6.172000e-03 2.573240e-01
203 7.354920e-01 6.004000e-03 2.585040e-01
204 7.344920e-01 5.960000e-03 2.595480e-01
205 7.334080e-01 6.052000e-03 2.605400e-01
206 7.323520e-01 6.116000e-03 2.615320e-01
207 7.313440e-01 6.164000e-03 2.624920e-01
208 7.304280e-01 5.992000e-03 2.635800e-01
209 7.294800e-01 5.860000e-03 2.646600e-01
210 7.286560e-01 5.576000e-03 2.657680e-01
211 7.276800e-01 5.628000e-03 2.666920e-01
212 7.267440e-01 5.512000e-03 2.677440e-01
213 7.258080e-01 5.436000e-03 2.687560e-01
214 7.247000e-01 5.540000e-03 2.697600e-01
215 7.237640e-01 5.488000e-03 2.707480e-01
216 7.228240e-01 5.536000e-03 2.716400e-01
217 7.217480e-01 5.680000e-03 2.725720e-01
218 7.205880e-01 5.772000e-03 2.736400e-01
219 7.196560e-01 5.772000e-03 2.745720e-01
220 7.187480e-01 5.652000e-03 2.756000e-01
221 7.177280e-01 5.660000e-03 2.766120e-01
222 7.169080e-01 5.532000e-03 2.775600e-01
223 7.159720e-01 5.476000e-03 2.785520e-01
224 7.151000e-01 5.404000e-03 2.794960e-01
225 7.142120e-01 5.348000e-03 2.804400e-01
226 7.134080e-01 5.228000e-03 2.813640e-01
227 7.125520e-01 5.212000e-03 2.822360e-01
228 7.115920e-01 5.232000e-03 2.831760e-01
229 7.106200e-01 5.236000e-03 2.841440e-01
230 7.097240e-01 5.140000e-03 2.851360e-01
231 7.087640e-01 5.308000e-03 2.859280e-01
232 7.079200e-01 5.220000e-03 2.868600e-01
233 7.069960e-01 5.240000e-03 2.877640e-01
234 7.061200e-01 5.184000e-03 2.886960e-01
235 7.053120e-01 5.112000e-03 2.895760e-01
236 7.045600e-01 4.888000e-03 2.905520e-01
237 7.038400e-01 4.732000e-03 2.914280e-01
238 7.030600e-01 4.720000e-03 2.922200e-01
239 7.022080e-01 4.732000e-03 2.930600e-01
240 7.014000e-01 4.632000e-03 2.939680e-01
241 7.006680e-01 4.484000e-03 2.948480e-01
242 6.999720e-01 4.476000e-03 2.955520e-01
243 6.991040e-01 4.548000e-03 2.963480e-01
244 6.983440e-01 4.556000e-03 2.971000e-01
245 6.975560e-01 4.548000e-03 2.978960e-01
246 6.968000e-01 4.488000e-03 2.987120e-01
247 6.960040e-01 4.544000e-03 2.994520e-01
248 6.952280e-01 4.552000e-03 3.002200e-01
249 6.944280e-01 4.616000e-03 3.009560e-01
250 6.936880e-01 4.588000e-03 3.017240e-01
251 6.928480e-01 4.616000e-03 3.025360e-01
252 6.920360e-01 4.644000e-03 3.033200e-01
253 6.912120e-01 4.704000e-03 3.040840e-01
254 6.902600e-01 4.844000e-03 3.048960e-01
255 6.894120e-01 4.804000e-03 3.057840e-01
256 6.886360e-01 4.736000e-03 3.066280e-01
257 6.878440e-01 4.668000e-03 3.074880e-01
258 6.870240e-01 4.760000e-03 3.082160e-01
259 6.862000e-01 4.788000e-03 3.090120e-01
260 6.852880e-01 4.932000e-03 3.097800e-01
261 6.843880e-01 4.980000e-03 3.106320e-01
262 6.835560e-01 4.896000e-03 3.115480e-01
263 6.826920e-01 4.804000e-03 3.125040e-01
264 6.819240e-01 4.816000e-03 3.132600e-01
265 6.812160e-01 4.656000e-03 3.141280e-01
266 6.804760e-01 4.544000e-03 3.149800e-01
267 6.798320e-01 4.408000e-03 3.157600e-01
268 6.791080e-01 4.304000e-03 3.165880e-01
269 6.783680e-01 4.404000e-03 3.172280e-01
270 6.775800e-01 4.464000e-03 3.179560e-01
271 6.769480e-01 4.232000e-03 3.188200e-01
272 6.762280e-01 4.244000e-03 3.195280e-01
273 6.755160e-01 4.188000e-03 3.202960e-01
274 6.747600e-01 4.220000e-03 3.210200e-01
275 6.739840e-01 4.244000e-03 3.217720e-01
276 6.732320e-01 4.276000e-03 3.224920e-01
277 6.724480e-01 4.328000e-03 3.232240e-01
278 6.716440e-01 4.348000e-03 3.240080e-01
279 6.709240e-01 4.268000e-03 3.248080e-01
280 6.701720e-01 4.344000e-03 3.254840e-01
281 6.694280e-01 4.312000e-03 3.262600e-01
282 6.688040e-01 4.192000e-03 3.270040e-01
283 6.682160e-01 4.040000e-03 3.277440e-01
284 6.676320e-01 3.924000e-03 3.284440e-01
285 6.670080e-01 3.900000e-03 3.290920e-01
286 6.664640e-01 3.752000e-03 3.297840e-01
287 6.657440e-01 3.840000e-03 3.304160e-01
288 6.650560e-01 3.892000e-03 3.310520e-01
289 6.643440e-01 3.944000e-03 3.317120e-01
290 6.637240e-01 3.848000e-03 3.324280e-01
291 6.632480e-01 3.788000e-03 3.329640e-01
292 6.626120e-01 3.688000e-03 3.337000e-01
293 6.620280e-01 3.660000e-03 3.343120e-01
294 6.613360e-01 3.656000e-03 3.350080e-01
295 6.607960e-01 3.564000e-03 3.356400e-01
296 6.602320e-01 3.488000e-03 3.362800e-01
297 6.597280e-01 3.380000e-03 3.368920e-01
298 6.592400e-01 3.304000e-03 3.374560e-01
299 6.587400e-01 3.268000e-03 3.379920e-01
300 6.582240e-01 3.248000e-03 3.385280e-01
301 6.576360e-01 3.276000e-03 3.390880e-01
302 6.570360e-01 3.304000e-03 3.396600e-01
303 6.565160e-01 3.188000e-03 3.402960e-01
304 6.561120e-01 3.052000e-03 3.408360e-01
305 6.556040e-01 2.988000e-03 3.414080e-01
306 6.551880e-01 2.852000e-03 3.419600e-01
307 6.547360e-01 2.736000e-03 3.425280e-01
308 6.542680e-01 2.800000e-03 3.429320e-01
309 6.538400e-01 2.704000e-03 3.434560e-01
310 6.533640e-01 2.736000e-03 3.439000e-01
311 6.528560e-01 2.816000e-03 3.443280e-01
312 6.523240e-01 2.848000e-03 3.448280e-01
313 6.519200e-01 2.768000e-03 3.453120e-01
314 6.515080e-01 2.604000e-03 3.458880e-01
315 6.511240e-01 2.556000e-03 3.463200e-01
316 6.507080e-01 2.500000e-03 3.467920e-01
317 6.502960e-01 2.508000e-03 3.471960e-01
318 6.499280e-01 2.384000e-03 3.476880e-01
319 6.495480e-01 2.424000e-03 3.480280e-01
320 6.491400e-01 2.384000e-03 3.484760e-01
321 6.487400e-01 2.380000e-03 3.488800e-01
322 6.483120e-01 2.392000e-03 3.492960e-01
323 6.478280e-01 2.460000e-03 3.497120e-01
324 6.474400e-01 2.324000e-03 3.502360e-01
325 6.470800e-01 2.296000e-03 3.506240e-01
326 6.466760e-01 2.332000e-03 3.509920e-01
327 6.461960e-01 2.444000e-03 3.513600e-01
328 6.457720e-01 2.468000e-03 3.517600e-01
329 6.453560e-01 2.428000e-03 3.522160e-01
330 6.449000e-01 2.480000e-03 3.526200e-01
331 6.444960e-01 2.404000e-03 3.531000e-01
332 6.440600e-01 2.348000e-03 3.535920e-01
333 6.436360e-01 2.272000e-03 3.540920e-01
334 6.432560e-01 2.292000e-03 3.544520e-01
335 6.428680e-01 2.252000e-03 3.548800e-01
336 6.424480e-01 2.268000e-03 3.552840e-01
337 6.421120e-01 2.252000e-03 3.556360e-01
338 6.417240e-01 2.240000e-03 3.560360e-01
339 6.413160e-01 2.308000e-03 3.563760e-01
340 6.409040e-01 2.352000e-03 3.567440e-01
341 6.403960e-01 2.492000e-03 3.571120e-01
342 6.399960e-01 2.460000e-03 3.575440e-01
343 6.396040e-01 2.456000e-03 3.579400e-01
344 6.392200e-01 2.468000e-03 3.583120e-01
345 6.387800e-01 2.428000e-03 3.587920e-01
346 6.383040e-01 2.480000e-03 3.592160e-01
347 6.378880e-01 2.456000e-03 3.596560e-01
348 6.374600e-01 2.408000e-03 3.601320e-01
349 6.370600e-01 2.372000e-03 3.605680e-01
350 6.367120e-01 2.232000e-03 3.610560e-01
351 6.364320e-01 2.148000e-03 3.614200e-01
352 6.360840e-01 2.060000e-03 3.618560e-01
353 6.357400e-01 2.044000e-03 3.622160e-01
354 6.355200e-01 1.960000e-03 3.625200e-01
355 6.352080e-01 1.856000e-03 3.629360e-01
356 6.348600e-01 1.824000e-03 3.633160e-01
357 6.346120e-01 1.780000e-03 3.636080e-01
358 6.342760e-01 1.784000e-03 3.639400e-01
359 6.339960e-01 1.744000e-03 3.642600e-01
360 6.337480e-01 1.652000e-03 3.646000e-01
361 6.335080e-01 1.608000e-03 3.648840e-01
362 6.333080e-01 1.524000e-03 3.651680e-01
363 6.331120e-01 1.448000e-03 3.654400e-01
364 6.329800e-01 1.344000e-03 3.656760e-01
365 6.327720e-01 1.336000e-03 3.658920e-01
366 6.325680e-01 1.352000e-03 3.660800e-01
367 6.324160e-01 1.264000e-03 3.663200e-01
368 6.322640e-01 1.204000e-03 3.665320e-01
369 6.320560e-01 1.244000e-03 3.667000e-01
370 6.318400e-01 1.268000e-03 3.668920e-01
371 6.316640e-01 1.200000e-03 3.671360e-01
372 6.314960e-01 1.172000e-03 3.673320e-01
373 6.313480e-01 1.140000e-03 3.675120e-01
374 6.311440e-01 1.144000e-03 3.677120e-01
375 6.309120e-01 1.176000e-03 3.679120e-01
376 6.306920e-01 1.168000e-03 3.681400e-01
377 6.304760e-01 1.184000e-03 3.683400e-01
378 6.301920e-01 1.248000e-03 3.685600e-01
379 6.298920e-01 1.316000e-03 3.687920e-01
380 6.296520e-01 1.316000e-03 3.690320e-01
381 6.294680e-01 1.248000e-03 3.692840e-01
382 6.292440e-01 1.240000e-03 3.695160e-01
383 6.290080e-01 1.260000e-03 3.697320e-01
384 6.288160e-01 1.188000e-03 3.699960e-01
385 6.286360e-01 1.220000e-03 3.701440e-01
386 6.283960e-01 1.204000e-03 3.704000e-01
387 6.282160e-01 1.160000e-03 3.706240e-01
388 6.279800e-01 1.180000e-03 3.708400e-01
389 6.278280e-01 1.152000e-03 3.710200e-01
390 6.276880e-01 1.088000e-03 3.712240e-01
391 6.275600e-01 9.800000e-04 3.714600e-01
392 6.274040e-01 9.640000e-04 3.716320e-01
393 6.272680e-01 9.520000e-04 3.717800e-01
394 6.271080e-01 9.400000e-04 3.719520e-01
395 6.269520e-01 9.280000e-04 3.721200e-01
396 6.267640e-01 9.000000e-04 3.723360e-01
397 6.266440e-01 8.520000e-04 3.725040e-01
398 6.264320e-01 8.880000e-04 3.726800e-01
399 6.262640e-01 9.560000e-04 3.727800e-01
400 6.261400e-01 9.280000e-04 3.729320e-01
401 6.259360e-01 9.640000e-04 3.731000e-01
402 6.257560e-01 9.680000e-04 3.732760e-01
403 6.255400e-01 1.024000e-03 3.734360e-01
404 6.253440e-01 1.084000e-03 3.735720e-01
405 6.251120e-01 1.120000e-03 3.737680e-01
406 6.249200e-01 1.144000e-03 3.739360e-01
407 6.246880e-01 1.140000e-03 3.741720e-01
408 6.245040e-01 1.164000e-03 3.743320e-01
409 6.243040e-01 1.180000e-03 3.745160e-01
410 6.241720e-01 1.076000e-03 3.747520e-01
411 6.240080e-01 1.024000e-03 3.749680e-01
412 6.238560e-01 1.032000e-03 3.751120e-01
413 6.237440e-01 9.440000e-04 3.753120e-01
414 6.235640e-01 9.440000e-04 3.754920e-01
415 6.234120e-01 9.200000e-04 3.756680e-01
416 6.232480e-01 9.000000e-04 3.758520e-01
417 6.230640e-01 9.600000e-04 3.759760e-01
418 6.228960e-01 9.680000e-04 3.761360e-01
419 6.227120e-01 1.020000e-03 3.762680e-01
420 6.225400e-01 1.040000e-03 3.764200e-01
421 6.223080e-01 1.096000e-03 3.765960e-01
422 6.221560e-01 1.044000e-03 3.768000e-01
423 6.219680e-01 1.044000e-03 3.769880e-01
424 6.218560e-01 9.520000e-04 3.771920e-01
425 6.217560e-01 8.680000e-04 3.773760e-01
426 6.216320e-01 8.640000e-04 3.775040e-01
427 6.215080e-01 8.040000e-04 3.776880e-01
428 6.214160e-01 7.800000e-04 3.778040e-01
429 6.212480e-01 7.920000e-04 3.779600e-01
430 6.211160e-01 7.920000e-04 3.780920e-01
431 6.210120e-01 7.400000e-04 3.782480e-01
432 6.209120e-01 7.440000e-04 3.783440e-01
433 6.208000e-01 7.320000e-04 3.784680e-01
434 6.206840e-01 7.160000e-04 3.786000e-01
435 6.205880e-01 6.960000e-04 3.787160e-01
436 6.204960e-01 6.920000e-04 3.788120e-01
437 6.203360e-01 7.440000e-04 3.789200e-01
438 6.201960e-01 7.600000e-04 3.790440e-01
439 6.200880e-01 7.560000e-04 3.791560e-01
440 6.199840e-01 7.600000e-04 3.792560e-01
441 6.198120e-01 8.120000e-04 3.793760e-01
442 6.196400e-01 8.120000e-04 3.795480e-01
443 6.194760e-01 8.080000e-04 3.797160e-01
444 6.193120e-01 8.160000e-04 3.798720e-01
445 6.192400e-01 7.520000e-04 3.800080e-01
446 6.190880e-01 7.760000e-04 3.801360e-01
447 6.189560e-01 7.760000e-04 3.802680e-01
448 6.188400e-01 8.120000e-04 3.803480e-01
449 6.186480e-01 8.760000e-04 3.804760e-01
450 6.185000e-01 8.880000e-04 3.806120e-01
451 6.183560e-01 8.640000e-04 3.807800e-01
452 6.181400e-01 9.080000e-04 3.809520e-01
453 6.179880e-01 9.440000e-04 3.810680e-01
454 6.177600e-01 1.008000e-03 3.812320e-01
455 6.176280e-01 9.520000e-04 3.814200e-01
456 6.174960e-01 8.560000e-04 3.816480e-01
457 6.173640e-01 8.320000e-04 3.818040e-01
458 6.172480e-01 7.960000e-04 3.819560e-01
459 6.171120e-01 7.920000e-04 3.820960e-01
460 6.169600e-01 7.760000e-04 3.822640e-01
461 6.167960e-01 8.520000e-04 3.823520e-01
462 6.166400e-01 8.120000e-04 3.825480e-01
463 6.164960e-01 7.800000e-04 3.827240e-01
464 6.163680e-01 7.200000e-04 3.829120e-01
465 6.162680e-01 6.800000e-04 3.830520e-01
466 6.161800e-01 6.280000e-04 3.831920e-01
467 6.160400e-01 6.720000e-04 3.832880e-01
468 6.159080e-01 7.120000e-04 3.833800e-01
469 6.157720e-01 6.920000e-04 3.835360e-01
470 6.156800e-01 6.960000e-04 3.836240e-01
471 6.155320e-01 7.120000e-04 3.837560e-01
472 6.153920e-01 7.520000e-04 3.838560e-01
473 6.153120e-01 7.080000e-04 3.839800e-01
474 6.152080e-01 6.920000e-04 3.841000e-01
475 6.150880e-01 7.280000e-04 3.841840e-01
476 6.149440e-01 7.400000e-04 3.843160e-01
477 6.148160e-01 7.560000e-04 3.844280e-01
478 6.146960e-01 7.360000e-04 3.845680e-01
479 6.145800e-01 7.480000e-04 3.846720e-01
480 6.144800e-01 7.080000e-04 3.848120e-01
481 6.143560e-01 6.960000e-04 3.849480e-01
482 6.142960e-01 6.160000e-04 3.850880e-01
483 6.141920e-01 6.360000e-04 3.851720e-01
484 6.140680e-01 6.360000e-04 3.852960e-01
485 6.139320e-01 6.920000e-04 3.853760e-01
486 6.138200e-01 6.920000e-04 3.854880e-01
487 6.137120e-01 6.680000e-04 3.856200e-01
488 6.135880e-01 6.720000e-04 3.857400e-01
489 6.135080e-01 6.400000e-04 3.858520e-01
490 6.133760e-01 6.840000e-04 3.859400e-01
491 6.132880e-01 6.520000e-04 3.860600e-01
492 6.131920e-01 6.400000e-04 3.861680e-01
493 6.131080e-01 6.040000e-04 3.862880e-01
494 6.130320e-01 5.600000e-04 3.864080e-01
495 6.129600e-01 5.080000e-04 3.865320e-01
496 6.128920e-01 4.840000e-04 3.866240e-01
497 6.128440e-01 4.520000e-04 3.867040e-01
498 6.127960e-01 4.080000e-04 3.867960e-01
499 6.126880e-01 4.560000e-04 3.868560e-01
500 6.126120e-01 4.680000e-04 3.869200e-01
