1 9.992720e-01 6.040000e-04 1.240000e-04
2 9.987200e-01 1.028000e-03 2.520000e-04
3 9.981160e-01 1.428000e-03 4.560000e-04
4 9.975000e-01 1.764000e-03 7.360000e-04
5 9.967040e-01 2.216000e-03 1.080000e-03
6 9.959520e-01 2.580000e-03 1.468000e-03
7 9.951120e-01 2.884000e-03 2.004000e-03
8 9.942360e-01 3.212000e-03 2.552000e-03
9 9.931760e-01 3.648000e-03 3.176000e-03
10 9.922600e-01 3.932000e-03 3.808000e-03
11 9.911320e-01 4.344000e-03 4.524000e-03
12 9.901600e-01 4.556000e-03 5.284000e-03
13 9.889120e-01 4.964000e-03 6.124000e-03
14 9.876800e-01 5.288000e-03 7.032000e-03
15 9.864880e-01 5.648000e-03 7.864000e-03
16 9.851320e-01 6.092000e-03 8.776000e-03
17 9.838120e-01 6.344000e-03 9.844000e-03
18 9.824160e-01 6.604000e-03 1.098000e-02
19 9.810240e-01 6.796000e-03 1.218000e-02
20 9.795800e-01 6.980000e-03 1.344000e-02
21 9.782160e-01 7.136000e-03 1.464800e-02
22 9.769000e-01 7.204000e-03 1.589600e-02
23 9.754760e-01 7.428000e-03 1.709600e-02
24 9.740360e-01 7.520000e-03 1.844400e-02
25 9.724800e-01 7.760000e-03 1.976000e-02
26 9.710120e-01 7.796000e-03 2.119200e-02
27 9.695880e-01 7.940000e-03 2.247200e-02
28 9.680960e-01 8.052000e-03 2.385200e-02
29 9.666400e-01 8.232000e-03 2.512800e-02
30 9.650600e-01 8.352000e-03 2.658800e-02
31 9.635320e-01 8.440000e-03 2.802800e-02
32 9.618400e-01 8.580000e-03 2.958000e-02
33 9.602360e-01 8.756000e-03 3.100800e-02
34 9.586840e-01 8.624000e-03 3.269200e-02
35 9.572200e-01 8.444000e-03 3.433600e-02
36 9.556280e-01 8.492000e-03 3.588000e-02
37 9.538680e-01 8.972000e-03 3.716000e-02
38 9.522160e-01 9.064000e-03 3.872000e-02
39 9.506600e-01 9.020000e-03 4.032000e-02
40 9.490360e-01 9.048000e-03 4.191600e-02
41 9.473360e-01 9.028000e-03 4.363600e-02
42 9.455920e-01 9.268000e-03 4.514000e-02
43 9.440680e-01 9.152000e-03 4.678000e-02
44 9.424760e-01 9.112000e-03 4.841200e-02
45 9.409760e-01 9.088000e-03 4.993600e-02
46 9.392600e-01 9.288000e-03 5.145200e-02
47 9.375680e-01 9.296000e-03 5.313600e-02
48 9.358760e-01 9.340000e-03 5.478400e-02
49 9.343080e-01 9.244000e-03 5.644800e-02
50 9.326640e-01 9.316000e-03 5.802000e-02
51 9.309160e-01 9.456000e-03 5.962800e-02
52 9.293840e-01 9.404000e-03 6.121200e-02
53 9.276960e-01 9.288000e-03 6.301600e-02
54 9.259600e-01 9.364000e-03 6.467600e-02
55 9.244080e-01 9.272000e-03 6.632000e-02
56 9.225360e-01 9.584000e-03 6.788000e-02
57 9.209080e-01 9.584000e-03 6.950800e-02
58 9.192040e-01 9.628000e-03 7.116800e-02
59 9.174040e-01 9.592000e-03 7.300400e-02
60 9.156680e-01 9.604000e-03 7.472800e-02
61 9.140240e-01 9.600000e-03 7.637600e-02
62 9.124640e-01 9.472000e-03 7.806400e-02
63 9.108640e-01 9.296000e-03 7.984000e-02
64 9.093080e-01 9.160000e-03 8.153200e-02
65 9.078000e-01 9.108000e-03 8.309200e-02
66 9.062720e-01 9.064000e-03 8.466400e-02
67 9.047720e-01 9.120000e-03 8.610800e-02
68 9.032520e-01 8.972000e-03 8.777600e-02
69 9.018080e-01 8.880000e-03 8.931200e-02
70 9.003480e-01 8.808000e-03 9.084400e-02
71 8.988520e-01 8.792000e-03 9.235600e-02
72 8.973160e-01 8.672000e-03 9.401200e-02
73 8.957680e-01 8.636000e-03 9.559600e-02
74 8.940800e-01 8.832000e-03 9.708800e-02
75 8.925760e-01 8.840000e-03 9.858400e-02
76 8.911480e-01 8.736000e-03 1.001160e-01
77 8.895000e-01 8.876000e-03 1.016240e-01
78 8.879880e-01 8.912000e-03 1.031000e-01
79 8.864680e-01 8.876000e-03 1.046560e-01
80 8.849840e-01 8.808000e-03 1.062080e-01
81 8.834720e-01 8.872000e-03 1.076560e-01
82 8.819200e-01 8.756000e-03 1.093240e-01
83 8.803000e-01 8.824000e-03 1.108760e-01
84 8.787440e-01 8.720000e-03 1.125360e-01
85 8.770840e-01 8.900000e-03 1.140160e-01
86 8.755960e-01 8.964000e-03 1.154400e-01
87 8.740600e-01 8.896000e-03 1.170440e-01
88 8.724440e-01 8.872000e-03 1.186840e-01
89 8.709520e-01 8.856000e-03 1.201920e-01
90 8.694440e-01 8.824000e-03 1.217320e-01
91 8.678520e-01 8.872000e-03 1.232760e-01
92 8.663800e-01 8.708000e-03 1.249120e-01
93 8.649000e-01 8.744000e-03 1.263560e-01
94 8.634960e-01 8.664000e-03 1.278400e-01
95 8.618280e-01 8.716000e-03 1.294560e-01
96 8.602720e-01 8.728000e-03 1.310000e-01
97 8.588840e-01 8.584000e-03 1.325320e-01
98 8.575120e-01 8.452000e-03 1.340360e-01
99 8.558600e-01 8.648000e-03 1.354920e-01
100 8.543160e-01 8.788000e-03 1.368960e-01
101 8.528440e-01 8.644000e-03 1.385120e-01
102 8.514280e-01 8.612000e-03 1.399600e-01
103 8.500520e-01 8.440000e-03 1.415080e-01
104 8.486200e-01 8.424000e-03 1.429560e-01
105 8.471560e-01 8.408000e-03 1.444360e-01
106 8.457400e-01 8.424000e-03 1.458360e-01
107 8.442800e-01 8.400000e-03 1.473200e-01
108 8.430560e-01 8.112000e-03 1.488320e-01
109 8.418400e-01 7.904000e-03 1.502560e-01
110 8.406560e-01 7.608000e-03 1.517360e-01
111 8.394640e-01 7.448000e-03 1.530880e-01
112 8.383960e-01 7.168000e-03 1.544360e-01
113 8.370600e-01 7.272000e-03 1.556680e-01
114 8.358760e-01 7.136000e-03 1.569880e-01
115 8.345440e-01 7.144000e-03 1.583120e-01
116 8.332920e-01 7.280000e-03 1.594280e-01
117 8.320760e-01 7.232000e-03 1.606920e-01
118 8.308760e-01 7.144000e-03 1.619800e-01
119 8.295080e-01 7.380000e-03 1.631120e-01
120 8.282600e-01 7.296000e-03 1.644440e-01
121 8.270240e-01 7.320000e-03 1.656560e-01
122 8.257760e-01 7.272000e-03 1.669520e-01
123 8.246520e-01 7.156000e-03 1.681920e-01
124 8.234760e-01 7.032000e-03 1.694920e-01
125 8.223920e-01 6.904000e-03 1.707040e-01
126 8.212320e-01 6.828000e-03 1.719400e-01
127 8.201840e-01 6.732000e-03 1.730840e-01
128 8.191000e-01 6.584000e-03 1.743160e-01
129 8.179320e-01 6.600000e-03 1.754680e-01
130 8.168240e-01 6.616000e-03 1.765600e-01
131 8.157080e-01 6.624000e-03 1.776680e-01
132 8.145360e-01 6.568000e-03 1.788960e-01
133 8.134000e-01 6.552000e-03 1.800480e-01
134 8.122000e-01 6.644000e-03 1.811560e-01
135 8.109480e-01 6.804000e-03 1.822480e-01
136 8.099160e-01 6.644000e-03 1.834400e-01
137 8.087680e-01 6.612000e-03 1.846200e-01
138 8.076880e-01 6.792000e-03 1.855200e-01
139 8.066680e-01 6.612000e-03 1.867200e-01
140 8.055920e-01 6.500000e-03 1.879080e-01
141 8.045080e-01 6.424000e-03 1.890680e-01
142 8.033520e-01 6.372000e-03 1.902760e-01
143 8.024760e-01 6.120000e-03 1.914040e-01
144 8.015360e-01 6.040000e-03 1.924240e-01
145 8.004640e-01 6.012000e-03 1.935240e-01
146 7.995200e-01 6.012000e-03 1.944680e-01
147 7.986040e-01 5.848000e-03 1.955480e-01
148 7.976520e-01 5.764000e-03 1.965840e-01
149 7.968000e-01 5.660000e-03 1.975400e-01
150 7.958680e-01 5.580000e-03 1.985520e-01
151 7.949960e-01 5.524000e-03 1.994800e-01
152 7.941600e-01 5.408000e-03 2.004320e-01
153 7.932640e-01 5.392000e-03 2.013440e-01
154 7.923040e-01 5.536000e-03 2.021600e-01
155 7.914160e-01 5.464000e-03 2.031200e-01
156 7.905560e-01 5.408000e-03 2.040360e-01
157 7.898200e-01 5.212000e-03 2.049680e-01
158 7.890000e-01 5.140000e-03 2.058600e-01
159 7.881360e-01 5.108000e-03 2.067560e-01
160 7.872080e-01 5.076000e-03 2.077160e-01
161 7.863840e-01 5.016000e-03 2.086000e-01
162 7.855840e-01 4.952000e-03 2.094640e-01
163 7.847600e-01 4.864000e-03 2.103760e-01
164 7.840200e-01 4.808000e-03 2.111720e-01
165 7.831720e-01 4.924000e-03 2.119040e-01
166 7.825240e-01 4.660000e-03 2.128160e-01
167 7.818360e-01 4.480000e-03 2.136840e-01
168 7.810640e-01 4.444000e-03 2.144920e-01
169 7.803400e-01 4.372000e-03 2.152880e-01
170 7.796560e-01 4.324000e-03 2.160200e-01
171 7.789440e-01 4.292000e-03 2.167640e-01
172 7.781440e-01 4.264000e-03 2.175920e-01
173 7.773400e-01 4.268000e-03 2.183920e-01
174 7.765560e-01 4.284000e-03 2.191600e-01
175 7.758400e-01 4.308000e-03 2.198520e-01
176 7.750480e-01 4.296000e-03 2.206560e-01
177 7.743360e-01 4.280000e-03 2.213840e-01
178 7.735880e-01 4.248000e-03 2.221640e-01
179 7.728360e-01 4.236000e-03 2.229280e-01
180 7.720640e-01 4.308000e-03 2.236280e-01
181 7.712360e-01 4.376000e-03 2.243880e-01
182 7.704040e-01 4.396000e-03 2.252000e-01
183 7.695840e-01 4.464000e-03 2.259520e-01
184 7.688280e-01 4.440000e-03 2.267320e-01
185 7.680360e-01 4.452000e-03 2.275120e-01
186 7.671600e-01 4.444000e-03 2.283960e-01
187 7.663480e-01 4.472000e-03 2.291800e-01
188 7.655600e-01 4.496000e-03 2.299440e-01
189 7.647080e-01 4.548000e-03 2.307440e-01
190 7.639520e-01 4.484000e-03 2.315640e-01
191 7.632280e-01 4.372000e-03 2.324000e-01
192 7.623840e-01 4.492000e-03 2.331240e-01
193 7.615320e-01 4.612000e-03 2.338560e-01
194 7.608160e-01 4.572000e-03 2.346120e-01
195 7.600720e-01 4.476000e-03 2.354520e-01
196 7.593400e-01 4.416000e-03 2.362440e-01
197 7.586200e-01 4.332000e-03 2.370480e-01
198 7.579200e-01 4.232000e-03 2.378480e-01
199 7.571560e-01 4.296000e-03 2.385480e-01
200 7.564080e-01 4.260000e-03 2.393320e-01
201 7.557280e-01 4.224000e-03 2.400480e-01
202 7.550800e-01 4.044000e-03 2.408760e-01
203 7.543600e-01 4.076000e-03 2.415640e-01
204 7.536640e-01 4.012000e-03 2.423240e-01
205 7.530920e-01 3.832000e-03 2.430760e-01
206 7.524520e-01 3.808000e-03 2.437400e-01
207 7.517920e-01 3.836000e-03 2.443720e-01
208 7.510920e-01 3.908000e-03 2.450000e-01
209 7.504400e-01 3.876000e-03 2.456840e-01
210 7.498040e-01 3.876000e-03 2.463200e-01
211 7.492200e-01 3.840000e-03 2.469400e-01
212 7.485320e-01 3.832000e-03 2.476360e-01
213 7.479400e-01 3.812000e-03 2.482480e-01
214 7.472160e-01 3.908000e-03 2.488760e-01
215 7.464000e-01 4.064000e-03 2.495360e-01
216 7.457240e-01 4.004000e-03 2.502720e-01
217 7.450520e-01 3.872000e-03 2.510760e-01
218 7.444000e-01 3.836000e-03 2.517640e-01
219 7.436480e-01 3.892000e-03 2.524600e-01
220 7.429600e-01 3.928000e-03 2.531120e-01
221 7.422320e-01 4.060000e-03 2.537080e-01
222 7.414960e-01 4.104000e-03 2.544000e-01
223 7.409360e-01 3.772000e-03 2.552920e-01
224 7.401560e-01 3.852000e-03 2.559920e-01
225 7.394440e-01 3.864000e-03 2.566920e-01
226 7.386960e-01 3.944000e-03 2.573600e-01
227 7.380200e-01 3.884000e-03 2.580960e-01
228 7.373840e-01 3.892000e-03 2.587240e-01
229 7.367800e-01 3.848000e-03 2.593720e-01
230 7.362800e-01 3.736000e-03 2.599840e-01
231 7.357760e-01 3.608000e-03 2.606160e-01
232 7.352160e-01 3.560000e-03 2.612240e-01
233 7.347200e-01 3.376000e-03 2.619040e-01
234 7.342720e-01 3.260000e-03 2.624680e-01
235 7.337760e-01 3.220000e-03 2.630040e-01
236 7.332840e-01 3.196000e-03 2.635200e-01
237 7.327360e-01 3.204000e-03 2.640600e-01
238 7.322440e-01 3.160000e-03 2.645960e-01
239 7.316480e-01 3.172000e-03 2.651800e-01
240 7.311040e-01 3.192000e-03 2.657040e-01
241 7.306000e-01 3.156000e-03 2.662440e-01
242 7.300240e-01 3.128000e-03 2.668480e-01
243 7.295480e-01 3.012000e-03 2.674400e-01
244 7.291080e-01 3.008000e-03 2.678840e-01
245 7.286520e-01 2.940000e-03 2.684080e-01
246 7.281280e-01 2.868000e-03 2.690040e-01
247 7.275920e-01 2.924000e-03 2.694840e-01
248 7.270640e-01 2.948000e-03 2.699880e-01
249 7.266560e-01 2.860000e-03 2.704840e-01
250 7.261720e-01 2.852000e-03 2.709760e-01
251 7.256160e-01 2.944000e-03 2.714400e-01
252 7.250320e-01 3.036000e-03 2.719320e-01
253 7.245000e-01 3.072000e-03 2.724280e-01
254 7.239680e-01 3.072000e-03 2.729600e-01
255 7.233760e-01 3.192000e-03 2.734320e-01
256 7.227640e-01 3.180000e-03 2.740560e-01
257 7.222600e-01 3.116000e-03 2.746240e-01
258 7.217680e-01 3.036000e-03 2.751960e-01
259 7.212480e-01 3.096000e-03 2.756560e-01
260 7.207120e-01 3.040000e-03 2.762480e-01
261 7.200720e-01 3.144000e-03 2.767840e-01
262 7.194240e-01 3.252000e-03 2.773240e-01
263 7.188800e-01 3.164000e-03 2.779560e-01
264 7.183240e-01 3.208000e-03 2.784680e-01
265 7.177720e-01 3.136000e-03 2.790920e-01
266 7.172840e-01 3.108000e-03 2.796080e-01
267 7.167440e-01 3.120000e-03 2.801360e-01
268 7.161760e-01 3.104000e-03 2.807200e-01
269 7.156440e-01 3.036000e-03 2.813200e-01
270 7.150360e-01 3.004000e-03 2.819600e-01
271 7.144280e-01 3.092000e-03 2.824800e-01
272 7.138360e-01 3.180000e-03 2.829840e-01
273 7.133800e-01 3.128000e-03 2.834920e-01
274 7.128960e-01 3.016000e-03 2.840880e-01
275 7.124160e-01 2.940000e-03 2.846440e-01
276 7.119400e-01 2.920000e-03 2.851400e-01
277 7.114520e-01 2.940000e-03 2.856080e-01
278 7.109640e-01 3.008000e-03 2.860280e-01
279 7.104760e-01 3.048000e-03 2.864760e-01
280 7.099800e-01 3.016000e-03 2.870040e-01
281 7.094080e-01 3.076000e-03 2.875160e-01
282 7.089560e-01 3.060000e-03 2.879840e-01
283 7.084640e-01 2.972000e-03 2.885640e-01
284 7.080560e-01 2.916000e-03 2.890280e-01
285 7.075240e-01 2.940000e-03 2.895360e-01
286 7.070680e-01 2.916000e-03 2.900160e-01
287 7.066240e-01 2.852000e-03 2.905240e-01
288 7.060840e-01 2.896000e-03 2.910200e-01
289 7.056040e-01 2.884000e-03 2.915120e-01
290 7.049960e-01 2.924000e-03 2.920800e-01
291 7.043880e-01 3.024000e-03 2.925880e-01
292 7.038200e-01 2.984000e-03 2.931960e-01
293 7.033120e-01 2.904000e-03 2.937840e-01
294 7.027920e-01 2.908000e-03 2.943000e-01
295 7.022200e-01 2.944000e-03 2.948360e-01
296 7.017200e-01 2.880000e-03 2.954000e-01
297 7.013560e-01 2.760000e-03 2.958840e-01
298 7.008680e-01 2.752000e-03 2.963800e-01
299 7.005040e-01 2.728000e-03 2.967680e-01
300 7.000800e-01 2.608000e-03 2.973120e-01
301 6.997080e-01 2.496000e-03 2.977960e-01
302 6.992960e-01 2.452000e-03 2.982520e-01
303 6.989440e-01 2.384000e-03 2.986720e-01
304 6.985840e-01 2.304000e-03 2.991120e-01
305 6.981840e-01 2.364000e-03 2.994520e-01
306 6.978240e-01 2.344000e-03 2.998320e-01
307 6.973600e-01 2.416000e-03 3.002240e-01
308 6.968480e-01 2.520000e-03 3.006320e-01
309 6.963920e-01 2.532000e-03 3.010760e-01
310 6.959400e-01 2.536000e-03 3.015240e-01
311 6.954080e-01 2.592000e-03 3.020000e-01
312 6.949840e-01 2.512000e-03 3.025040e-01
313 6.945040e-01 2.508000e-03 3.029880e-01
314 6.940640e-01 2.564000e-03 3.033720e-01
315 6.936920e-01 2.508000e-03 3.038000e-01
316 6.932720e-01 2.412000e-03 3.043160e-01
317 6.928720e-01 2.312000e-03 3.048160e-01
318 6.923960e-01 2.376000e-03 3.052280e-01
319 6.920320e-01 2.348000e-03 3.056200e-01
320 6.916880e-01 2.320000e-03 3.059920e-01
321 6.912360e-01 2.344000e-03 3.064200e-01
322 6.908760e-01 2.244000e-03 3.068800e-01
323 6.905560e-01 2.184000e-03 3.072600e-01
324 6.902200e-01 2.084000e-03 3.076960e-01
325 6.899440e-01 1.992000e-03 3.080640e-01
326 6.896200e-01 1.980000e-03 3.084000e-01
327 6.892720e-01 1.928000e-03 3.088000e-01
328 6.889240e-01 1.908000e-03 3.091680e-01
329 6.886320e-01 1.848000e-03 3.095200e-01
330 6.883040e-01 1.848000e-03 3.098480e-01
331 6.879720e-01 1.872000e-03 3.101560e-01
332 6.876280e-01 1.888000e-03 3.104840e-01
333 6.872280e-01 1.968000e-03 3.108040e-01
334 6.868840e-01 1.988000e-03 3.111280e-01
335 6.866000e-01 1.924000e-03 3.114760e-01
336 6.863480e-01 1.796000e-03 3.118560e-01
337 6.861320e-01 1.756000e-03 3.121120e-01
338 6.858360e-01 1.736000e-03 3.124280e-01
339 6.855400e-01 1.720000e-03 3.127400e-01
340 6.852360e-01 1.744000e-03 3.130200e-01
341 6.849680e-01 1.676000e-03 3.133560e-01
342 6.847400e-01 1.628000e-03 3.136320e-01
343 6.844800e-01 1.556000e-03 3.139640e-01
344 6.842240e-01 1.548000e-03 3.142280e-01
345 6.839440e-01 1.592000e-03 3.144640e-01
346 6.836720e-01 1.544000e-03 3.147840e-01
347 6.834120e-01 1.464000e-03 3.151240e-01
348 6.831240e-01 1.508000e-03 3.153680e-01
349 6.828680e-01 1.508000e-03 3.156240e-01
350 6.826040e-01 1.500000e-03 3.158960e-01
351 6.822920e-01 1.552000e-03 3.161560e-01
352 6.819720e-01 1.600000e-03 3.164280e-01
353 6.817280e-01 1.476000e-03 3.167960e-01
354 6.814960e-01 1.440000e-03 3.170640e-01
355 6.812840e-01 1.348000e-03 3.173680e-01
356 6.810480e-01 1.348000e-03 3.176040e-01
357 6.808320e-01 1.344000e-03 3.178240e-01
358 6.806160e-01 1.348000e-03 3.180360e-01
359 6.804520e-01 1.268000e-03 3.182800e-01
360 6.802840e-01 1.200000e-03 3.185160e-01
361 6.801240e-01 1.132000e-03 3.187440e-01
362 6.799560e-01 1.104000e-03 3.189400e-01
363 6.798000e-01 1.084000e-03 3.191160e-01
364 6.796240e-01 1.048000e-03 3.193280e-01
365 6.794120e-01 1.100000e-03 3.194880e-01
366 6.792080e-01 1.144000e-03 3.196480e-01
367 6.789680e-01 1.188000e-03 3.198440e-01
368 6.787280e-01 1.240000e-03 3.200320e-01
369 6.784920e-01 1.252000e-03 3.202560e-01
370 6.782320e-01 1.312000e-03 3.204560e-01
371 6.779560e-01 1.352000e-03 3.206920e-01
372 6.777120e-01 1.364000e-03 3.209240e-01
373 6.774440e-01 1.432000e-03 3.211240e-01
374 6.771760e-01 1.476000e-03 3.213480e-01
375 6.769320e-01 1.512000e-03 3.215560e-01
376 6.766960e-01 1.448000e-03 3.218560e-01
377 6.764760e-01 1.396000e-03 3.221280e-01
378 6.762400e-01 1.364000e-03 3.223960e-01
379 6.760120e-01 1.344000e-03 3.226440e-01
380 6.758280e-01 1.304000e-03 3.228680e-01
381 6.756240e-01 1.304000e-03 3.230720e-01
382 6.754400e-01 1.288000e-03 3.232720e-01
383 6.751840e-01 1.292000e-03 3.235240e-01
384 6.750280e-01 1.272000e-03 3.237000e-01
385 6.748120e-01 1.312000e-03 3.238760e-01
386 6.745640e-01 1.324000e-03 3.241120e-01
387 6.743720e-01 1.264000e-03 3.243640e-01
388 6.741760e-01 1.228000e-03 3.245960e-01
389 6.739920e-01 1.172000e-03 3.248360e-01
390 6.737920e-01 1.136000e-03 3.250720e-01
391 6.736120e-01 1.128000e-03 3.252600e-01
392 6.734200e-01 1.100000e-03 3.254800e-01
393 6.732320e-01 1.096000e-03 3.256720e-01
394 6.730200e-01 1.100000e-03 3.258800e-01
395 6.727840e-01 1.124000e-03 3.260920e-01
396 6.726120e-01 1.116000e-03 3.262720e-01
397 6.723920e-01 1.176000e-03 3.264320e-01
398 6.722000e-01 1.144000e-03 3.266560e-01
399 6.720040e-01 1.172000e-03 3.268240e-01
400 6.718320e-01 1.108000e-03 3.270600e-01
401 6.716960e-01 1.012000e-03 3.272920e-01
402 6.715400e-01 1.036000e-03 3.274240e-01
403 6.712560e-01 1.048000e-03 3.276960e-01
404 6.710400e-01 1.020000e-03 3.279400e-01
405 6.708240e-01 1.052000e-03 3.281240e-01
406 6.706280e-01 1.068000e-03 3.283040e-01
407 6.704000e-01 1.080000e-03 3.285200e-01
408 6.702920e-01 1.012000e-03 3.286960e-01
409 6.700800e-01 1.072000e-03 3.288480e-01
410 6.698360e-01 1.140000e-03 3.290240e-01
411 6.696240e-01 1.088000e-03 3.292880e-01
412 6.694240e-01 1.096000e-03 3.294800e-01
413 6.691840e-01 1.156000e-03 3.296600e-01
414 6.689760e-01 1.160000e-03 3.298640e-01
415 6.687920e-01 1.180000e-03 3.300280e-01
416 6.686280e-01 1.112000e-03 3.302600e-01
417 6.684120e-01 1.116000e-03 3.304720e-01
418 6.681800e-01 1.168000e-03 3.306520e-01
419 6.679960e-01 1.120000e-03 3.308840e-01
420 6.677920e-01 1.128000e-03 3.310800e-01
421 6.676000e-01 1.104000e-03 3.312960e-01
422 6.673840e-01 1.100000e-03 3.315160e-01
423 6.672160e-01 1.040000e-03 3.317440e-01
424 6.671000e-01 9.880000e-04 3.319120e-01
425 6.669640e-01 9.640000e-04 3.320720e-01
426 6.668000e-01 9.640000e-04 3.322360e-01
427 6.666200e-01 9.880000e-04 3.323920e-01
428 6.664760e-01 9.720000e-04 3.325520e-01
429 6.662520e-01 1.052000e-03 3.326960e-01
430 6.660400e-01 1.120000e-03 3.328400e-01
431 6.659480e-01 1.012000e-03 3.330400e-01
432 6.657800e-01 1.000000e-03 3.332200e-01
433 6.656640e-01 9.720000e-04 3.333640e-01
434 6.655640e-01 8.920000e-04 3.335440e-01
435 6.654680e-01 8.640000e-04 3.336680e-01
436 6.653160e-01 8.400000e-04 3.338440e-01
437 6.652040e-01 7.720000e-04 3.340240e-01
438 6.651040e-01 7.400000e-04 3.341560e-01
439 6.649680e-01 7.360000e-04 3.342960e-01
440 6.648520e-01 7.400000e-04 3.344080e-01
441 6.647480e-01 7.120000e-04 3.345400e-01
442 6.646520e-01 6.720000e-04 3.346760e-01
443 6.644880e-01 7.440000e-04 3.347680e-01
444 6.643440e-01 7.640000e-04 3.348920e-01
445 6.642440e-01 7.880000e-04 3.349680e-01
446 6.641600e-01 7.560000e-04 3.350840e-01
447 6.640440e-01 7.400000e-04 3.352160e-01
448 6.639280e-01 7.240000e-04 3.353480e-01
449 6.637840e-01 7.720000e-04 3.354440e-01
450 6.636560e-01 7.840000e-04 3.355600e-01
451 6.635400e-01 7.600000e-04 3.357000e-01
452 6.633640e-01 7.800000e-04 3.358560e-01
453 6.632880e-01 7.480000e-04 3.359640e-01
454 6.631400e-01 7.800000e-04 3.360800e-01
455 6.630080e-01 7.760000e-04 3.362160e-01
456 6.628440e-01 8.200000e-04 3.363360e-01
457 6.627520e-01 7.760000e-04 3.364720e-01
458 6.626480e-01 7.360000e-04 3.366160e-01
459 6.625480e-01 7.120000e-04 3.367400e-01
460 6.624560e-01 7.000000e-04 3.368440e-01
461 6.623320e-01 7.200000e-04 3.369480e-01
462 6.621600e-01 7.640000e-04 3.370760e-01
463 6.620200e-01 7.800000e-04 3.372000e-01
464 6.619120e-01 7.520000e-04 3.373360e-01
465 6.618080e-01 7.000000e-04 3.374920e-01
466 6.617360e-01 6.400000e-04 3.376240e-01
467 6.616640e-01 6.120000e-04 3.377240e-01
468 6.615440e-01 5.920000e-04 3.378640e-01
469 6.614920e-01 5.680000e-04 3.379400e-01
470 6.613840e-01 5.400000e-04 3.380760e-01
471 6.613000e-01 5.000000e-04 3.382000e-01
472 6.612360e-01 4.880000e-04 3.382760e-01
473 6.611640e-01 4.640000e-04 3.383720e-01
474 6.610880e-01 4.760000e-04 3.384360e-01
475 6.610040e-01 4.760000e-04 3.385200e-01
476 6.609400e-01 4.520000e-04 3.386080e-01
477 6.608880e-01 4.000000e-04 3.387120e-01
478 6.608440e-01 3.520000e-04 3.388040e-01
479 6.608000e-01 3.400000e-04 3.388600e-01
480 6.607440e-01 3.320000e-04 3.389240e-01
481 6.606960e-01 3.040000e-04 3.390000e-01
482 6.606640e-01 2.880000e-04 3.390480e-01
483 6.606280e-01 2.840000e-04 3.390880e-01
484 6.605880e-01 2.840000e-04 3.391280e-01
485 6.605200e-01 2.920000e-04 3.391880e-01
486 6.604600e-01 2.960000e-04 3.392440e-01
487 6.604160e-01 2.720000e-04 3.393120e-01
488 6.603640e-01 2.800000e-04 3.393560e-01
489 6.603120e-01 2.840000e-04 3.394040e-01
490 6.602840e-01 2.360000e-04 3.394800e-01
491 6.602720e-01 1.960000e-04 3.395320e-01
492 6.602480e-01 1.960000e-04 3.395560e-01
493 6.602360e-01 1.760000e-04 3.395880e-01
494 6.602120e-01 1.720000e-04 3.396160e-01
495 6.601640e-01 1.840000e-04 3.396520e-01
496 6.601520e-01 1.760000e-04 3.396720e-01
497 6.601240e-01 1.640000e-04 3.397120e-01
498 6.601120e-01 1.520000e-04 3.397360e-01
499 6.601120e-01 1.320000e-04 3.397560e-01
500 6.600680e-01 1.560000e-04 3.397760e-01
