1 9.992280e-01 6.800000e-04 9.200000e-05
2 9.987640e-01 1.020000e-03 2.160000e-04
3 9.982360e-01 1.348000e-03 4.160000e-04
4 9.976040e-01 1.712000e-03 6.840000e-04
5 9.968200e-01 2.180000e-03 1.000000e-03
6 9.959440e-01 2.580000e-03 1.476000e-03
7 9.949680e-01 3.016000e-03 2.016000e-03
8 9.939760e-01 3.456000e-03 2.568000e-03
9 9.929560e-01 3.868000e-03 3.176000e-03
10 9.918880e-01 4.164000e-03 3.948000e-03
11 9.907120e-01 4.636000e-03 4.652000e-03
12 9.894200e-01 5.088000e-03 5.492000e-03
13 9.880800e-01 5.548000e-03 6.372000e-03
14 9.868120e-01 5.884000e-03 7.304000e-03
15 9.853520e-01 6.240000e-03 8.408000e-03
16 9.839960e-01 6.392000e-03 9.612000e-03
17 9.826120e-01 6.684000e-03 1.070400e-02
18 9.812400e-01 6.820000e-03 1.194000e-02
19 9.798600e-01 6.964000e-03 1.317600e-02
20 9.783880e-01 7.244000e-03 1.436800e-02
21 9.769120e-01 7.508000e-03 1.558000e-02
22 9.752440e-01 7.800000e-03 1.695600e-02
23 9.738080e-01 7.860000e-03 1.833200e-02
24 9.723880e-01 7.796000e-03 1.981600e-02
25 9.709480e-01 7.868000e-03 2.118400e-02
26 9.693840e-01 7.932000e-03 2.268400e-02
27 9.677600e-01 8.084000e-03 2.415600e-02
28 9.663280e-01 8.132000e-03 2.554000e-02
29 9.646960e-01 8.328000e-03 2.697600e-02
30 9.630400e-01 8.484000e-03 2.847600e-02
31 9.614040e-01 8.688000e-03 2.990800e-02
32 9.595280e-01 8.992000e-03 3.148000e-02
33 9.581760e-01 8.808000e-03 3.301600e-02
34 9.565160e-01 8.912000e-03 3.457200e-02
35 9.548920e-01 8.944000e-03 3.616400e-02
36 9.529440e-01 9.280000e-03 3.777600e-02
37 9.510280e-01 9.520000e-03 3.945200e-02
38 9.492240e-01 9.760000e-03 4.101600e-02
39 9.472840e-01 1.003200e-02 4.268400e-02
40 9.454160e-01 1.005600e-02 4.452800e-02
41 9.432640e-01 1.044400e-02 4.629200e-02
42 9.413920e-01 1.054400e-02 4.806400e-02
43 9.395120e-01 1.054400e-02 4.994400e-02
44 9.375000e-01 1.067600e-02 5.182400e-02
45 9.353960e-01 1.092800e-02 5.367600e-02
46 9.333760e-01 1.093600e-02 5.568800e-02
47 9.315040e-01 1.097200e-02 5.752400e-02
48 9.294040e-01 1.111200e-02 5.948400e-02
49 9.274720e-01 1.116000e-02 6.136800e-02
50 9.254880e-01 1.114400e-02 6.336800e-02
51 9.235080e-01 1.118800e-02 6.530400e-02
52 9.215840e-01 1.122800e-02 6.718800e-02
53 9.196360e-01 1.120000e-02 6.916400e-02
54 9.175080e-01 1.143600e-02 7.105600e-02
55 9.153640e-01 1.137600e-02 7.326000e-02
56 9.133880e-01 1.137600e-02 7.523600e-02
57 9.114360e-01 1.142400e-02 7.714000e-02
58 9.095160e-01 1.129600e-02 7.918800e-02
59 9.074280e-01 1.140000e-02 8.117200e-02
60 9.054200e-01 1.135600e-02 8.322400e-02
61 9.034000e-01 1.146800e-02 8.513200e-02
62 9.013760e-01 1.137200e-02 8.725200e-02
63 8.993520e-01 1.135200e-02 8.929600e-02
64 8.975040e-01 1.122000e-02 9.127600e-02
65 8.956200e-01 1.112000e-02 9.326000e-02
66 8.938040e-01 1.096400e-02 9.523200e-02
67 8.919520e-01 1.078000e-02 9.726800e-02
68 8.900720e-01 1.077600e-02 9.915200e-02
69 8.882240e-01 1.070800e-02 1.010680e-01
70 8.864040e-01 1.064800e-02 1.029480e-01
71 8.845160e-01 1.069200e-02 1.047920e-01
72 8.825720e-01 1.080000e-02 1.066280e-01
73 8.806720e-01 1.077200e-02 1.085560e-01
74 8.786640e-01 1.063200e-02 1.107040e-01
75 8.768880e-01 1.052400e-02 1.125880e-01
76 8.752400e-01 1.045600e-02 1.143040e-01
77 8.735480e-01 1.034000e-02 1.161120e-01
78 8.717840e-01 1.026800e-02 1.179480e-01
79 8.701240e-01 1.014000e-02 1.197360e-01
80 8.685000e-01 9.900000e-03 1.216000e-01
81 8.668200e-01 9.828000e-03 1.233520e-01
82 8.653120e-01 9.676000e-03 1.250120e-01
83 8.636560e-01 9.632000e-03 1.267120e-01
84 8.618560e-01 9.764000e-03 1.283800e-01
85 8.602720e-01 9.728000e-03 1.300000e-01
86 8.586800e-01 9.580000e-03 1.317400e-01
87 8.570920e-01 9.468000e-03 1.334400e-01
88 8.556320e-01 9.328000e-03 1.350400e-01
89 8.541160e-01 9.160000e-03 1.367240e-01
90 8.525840e-01 9.220000e-03 1.381960e-01
91 8.509320e-01 9.376000e-03 1.396920e-01
92 8.493480e-01 9.380000e-03 1.412720e-01
93 8.476240e-01 9.492000e-03 1.428840e-01
94 8.458960e-01 9.684000e-03 1.444200e-01
95 8.444240e-01 9.524000e-03 1.460520e-01
96 8.427640e-01 9.480000e-03 1.477560e-01
97 8.412360e-01 9.216000e-03 1.495480e-01
98 8.399640e-01 8.880000e-03 1.511560e-01
99 8.383680e-01 8.952000e-03 1.526800e-01
100 8.369720e-01 8.708000e-03 1.543200e-01
101 8.356280e-01 8.440000e-03 1.559320e-01
102 8.341080e-01 8.488000e-03 1.574040e-01
103 8.326560e-01 8.344000e-03 1.590000e-01
104 8.312520e-01 8.332000e-03 1.604160e-01
105 8.299000e-01 8.216000e-03 1.618840e-01
106 8.284640e-01 8.292000e-03 1.632440e-01
107 8.271040e-01 8.256000e-03 1.646400e-01
108 8.257840e-01 8.184000e-03 1.660320e-01
109 8.244880e-01 7.888000e-03 1.676240e-01
110 8.232280e-01 7.820000e-03 1.689520e-01
111 8.218000e-01 7.812000e-03 1.703880e-01
112 8.205000e-01 7.820000e-03 1.716800e-01
113 8.191400e-01 7.932000e-03 1.729280e-01
114 8.178720e-01 7.768000e-03 1.743600e-01
115 8.166000e-01 7.604000e-03 1.757960e-01
116 8.152120e-01 7.684000e-03 1.771040e-01
117 8.138480e-01 7.708000e-03 1.784440e-01
118 8.126320e-01 7.432000e-03 1.799360e-01
119 8.113120e-01 7.444000e-03 1.812440e-01
120 8.100520e-01 7.416000e-03 1.825320e-01
121 8.088880e-01 7.240000e-03 1.838720e-01
122 8.078160e-01 7.104000e-03 1.850800e-01
123 8.065560e-01 7.160000e-03 1.862840e-01
124 8.053920e-01 7.044000e-03 1.875640e-01
125 8.043160e-01 6.912000e-03 1.887720e-01
126 8.032880e-01 6.664000e-03 1.900480e-01
127 8.022200e-01 6.608000e-03 1.911720e-01
128 8.012040e-01 6.416000e-03 1.923800e-01
129 8.001960e-01 6.220000e-03 1.935840e-01
130 7.991360e-01 6.152000e-03 1.947120e-01
131 7.980920e-01 6.120000e-03 1.957880e-01
132 7.971040e-01 6.092000e-03 1.968040e-01
133 7.960360e-01 6.100000e-03 1.978640e-01
134 7.949800e-01 6.100000e-03 1.989200e-01
135 7.940280e-01 5.988000e-03 1.999840e-01
136 7.929840e-01 5.996000e-03 2.010200e-01
137 7.919320e-01 5.940000e-03 2.021280e-01
138 7.909200e-01 5.928000e-03 2.031520e-01
139 7.898880e-01 5.944000e-03 2.041680e-01
140 7.888200e-01 5.976000e-03 2.052040e-01
141 7.878120e-01 5.960000e-03 2.062280e-01
142 7.867200e-01 6.020000e-03 2.072600e-01
143 7.856400e-01 5.936000e-03 2.084240e-01
144 7.845440e-01 5.876000e-03 2.095800e-01
145 7.835560e-01 5.848000e-03 2.105960e-01
146 7.825440e-01 5.728000e-03 2.117280e-01
147 7.815400e-01 5.720000e-03 2.127400e-01
148 7.805520e-01 5.828000e-03 2.136200e-01
149 7.796560e-01 5.684000e-03 2.146600e-01
150 7.787400e-01 5.680000e-03 2.155800e-01
151 7.778040e-01 5.648000e-03 2.165480e-01
152 7.767720e-01 5.724000e-03 2.175040e-01
153 7.757920e-01 5.688000e-03 2.185200e-01
154 7.747880e-01 5.752000e-03 2.194600e-01
155 7.738840e-01 5.732000e-03 2.203840e-01
156 7.728840e-01 5.832000e-03 2.212840e-01
157 7.720280e-01 5.676000e-03 2.222960e-01
158 7.710520e-01 5.736000e-03 2.232120e-01
159 7.701000e-01 5.720000e-03 2.241800e-01
160 7.691200e-01 5.640000e-03 2.252400e-01
161 7.682440e-01 5.496000e-03 2.262600e-01
162 7.672240e-01 5.612000e-03 2.271640e-01
163 7.664040e-01 5.496000e-03 2.281000e-01
164 7.655000e-01 5.428000e-03 2.290720e-01
165 7.645920e-01 5.364000e-03 2.300440e-01
166 7.636040e-01 5.540000e-03 2.308560e-01
167 7.624680e-01 5.632000e-03 2.319000e-01
168 7.614200e-01 5.688000e-03 2.328920e-01
169 7.603800e-01 5.696000e-03 2.339240e-01
170 7.593960e-01 5.740000e-03 2.348640e-01
171 7.584600e-01 5.768000e-03 2.357720e-01
172 7.574840e-01 5.788000e-03 2.367280e-01
173 7.565440e-01 5.680000e-03 2.377760e-01
174 7.556760e-01 5.632000e-03 2.386920e-01
175 7.548200e-01 5.580000e-03 2.396000e-01
176 7.540240e-01 5.424000e-03 2.405520e-01
177 7.532040e-01 5.304000e-03 2.414920e-01
178 7.523560e-01 5.280000e-03 2.423640e-01
179 7.515880e-01 5.100000e-03 2.433120e-01
180 7.508120e-01 4.980000e-03 2.442080e-01
181 7.499320e-01 4.916000e-03 2.451520e-01
182 7.491240e-01 4.848000e-03 2.460280e-01
183 7.482920e-01 4.856000e-03 2.468520e-01
184 7.474800e-01 4.828000e-03 2.476920e-01
185 7.466280e-01 4.856000e-03 2.485160e-01
186 7.457600e-01 4.940000e-03 2.493000e-01
187 7.449160e-01 4.932000e-03 2.501520e-01
188 7.440800e-01 4.936000e-03 2.509840e-01
189 7.432080e-01 4.968000e-03 2.518240e-01
190 7.424360e-01 4.856000e-03 2.527080e-01
191 7.415200e-01 4.952000e-03 2.535280e-01
192 7.407320e-01 4.792000e-03 2.544760e-01
193 7.398760e-01 4.768000e-03 2.553560e-01
194 7.391280e-01 4.696000e-03 2.561760e-01
195 7.383400e-01 4.756000e-03 2.569040e-01
196 7.374880e-01 4.776000e-03 2.577360e-01
197 7.367240e-01 4.792000e-03 2.584840e-01
198 7.358800e-01 4.780000e-03 2.593400e-01
199 7.351080e-01 4.704000e-03 2.601880e-01
200 7.343880e-01 4.592000e-03 2.610200e-01
201 7.336760e-01 4.516000e-03 2.618080e-01
202 7.329160e-01 4.468000e-03 2.626160e-01
203 7.322080e-01 4.340000e-03 2.634520e-01
204 7.313840e-01 4.424000e-03 2.641920e-01
205 7.306080e-01 4.488000e-03 2.649040e-01
206 7.299800e-01 4.416000e-03 2.656040e-01
207 7.293440e-01 4.244000e-03 2.664120e-01
208 7.286360e-01 4.292000e-03 2.670720e-01
209 7.279560e-01 4.352000e-03 2.676920e-01
210 7.272240e-01 4.292000e-03 2.684840e-01
211 7.264640e-01 4.220000e-03 2.693160e-01
212 7.257720e-01 4.164000e-03 2.700640e-01
213 7.251040e-01 4.244000e-03 2.706520e-01
214 7.243360e-01 4.272000e-03 2.713920e-01
215 7.237400e-01 4.216000e-03 2.720440e-01
216 7.230960e-01 4.152000e-03 2.727520e-01
217 7.224560e-01 4.160000e-03 2.733840e-01
218 7.217760e-01 4.148000e-03 2.740760e-01
219 7.211800e-01 3.948000e-03 2.748720e-01
220 7.205360e-01 3.940000e-03 2.755240e-01
221 7.199520e-01 3.836000e-03 2.762120e-01
222 7.192720e-01 3.848000e-03 2.768800e-01
223 7.185960e-01 3.848000e-03 2.775560e-01
224 7.178560e-01 3.956000e-03 2.781880e-01
225 7.170560e-01 3.952000e-03 2.789920e-01
226 7.163680e-01 3.948000e-03 2.796840e-01
227 7.156240e-01 4.040000e-03 2.803360e-01
228 7.148800e-01 4.076000e-03 2.810440e-01
229 7.142680e-01 3.968000e-03 2.817640e-01
230 7.135760e-01 3.916000e-03 2.825080e-01
231 7.129200e-01 3.860000e-03 2.832200e-01
232 7.121760e-01 3.936000e-03 2.838880e-01
233 7.115120e-01 3.920000e-03 2.845680e-01
234 7.108040e-01 3.972000e-03 2.852240e-01
235 7.100680e-01 3.972000e-03 2.859600e-01
236 7.092680e-01 4.072000e-03 2.866600e-01
237 7.085560e-01 4.036000e-03 2.874080e-01
238 7.079400e-01 3.864000e-03 2.881960e-01
239 7.073160e-01 3.744000e-03 2.889400e-01
240 7.067480e-01 3.624000e-03 2.896280e-01
241 7.060760e-01 3.656000e-03 2.902680e-01
242 7.054880e-01 3.568000e-03 2.909440e-01
243 7.048440e-01 3.592000e-03 2.915640e-01
244 7.042920e-01 3.516000e-03 2.921920e-01
245 7.036680e-01 3.444000e-03 2.928880e-01
246 7.030200e-01 3.588000e-03 2.933920e-01
247 7.024040e-01 3.564000e-03 2.940320e-01
248 7.017000e-01 3.612000e-03 2.946880e-01
249 7.010760e-01 3.604000e-03 2.953200e-01
250 7.005320e-01 3.556000e-03 2.959120e-01
251 6.998720e-01 3.616000e-03 2.965120e-01
252 6.992920e-01 3.520000e-03 2.971880e-01
253 6.987480e-01 3.512000e-03 2.977400e-01
254 6.982720e-01 3.460000e-03 2.982680e-01
255 6.977000e-01 3.460000e-03 2.988400e-01
256 6.971960e-01 3.400000e-03 2.994040e-01
257 6.966280e-01 3.404000e-03 2.999680e-01
258 6.960280e-01 3.336000e-03 3.006360e-01
259 6.954160e-01 3.356000e-03 3.012280e-01
260 6.948800e-01 3.332000e-03 3.017880e-01
261 6.942520e-01 3.416000e-03 3.023320e-01
262 6.936880e-01 3.372000e-03 3.029400e-01
263 6.931720e-01 3.300000e-03 3.035280e-01
264 6.926160e-01 3.276000e-03 3.041080e-01
265 6.921400e-01 3.152000e-03 3.047080e-01
266 6.917240e-01 3.072000e-03 3.052040e-01
267 6.911400e-01 3.116000e-03 3.057440e-01
268 6.906560e-01 3.072000e-03 3.062720e-01
269 6.901480e-01 3.076000e-03 3.067760e-01
270 6.896320e-01 3.076000e-03 3.072920e-01
271 6.890800e-01 3.088000e-03 3.078320e-01
272 6.885960e-01 3.088000e-03 3.083160e-01
273 6.880160e-01 3.200000e-03 3.087840e-01
274 6.875560e-01 3.148000e-03 3.092960e-01
275 6.869840e-01 3.204000e-03 3.098120e-01
276 6.865440e-01 3.112000e-03 3.103440e-01
277 6.860360e-01 3.036000e-03 3.109280e-01
278 6.854640e-01 3.080000e-03 3.114560e-01
279 6.848720e-01 3.120000e-03 3.120080e-01
280 6.843800e-01 2.956000e-03 3.126640e-01
281 6.839560e-01 2.864000e-03 3.131800e-01
282 6.833440e-01 3.028000e-03 3.136280e-01
283 6.828640e-01 3.012000e-03 3.141240e-01
284 6.822840e-01 3.104000e-03 3.146120e-01
285 6.817520e-01 3.036000e-03 3.152120e-01
286 6.810840e-01 3.160000e-03 3.157560e-01
287 6.805360e-01 3.156000e-03 3.163080e-01
288 6.799720e-01 3.192000e-03 3.168360e-01
289 6.793440e-01 3.300000e-03 3.173560e-01
290 6.787800e-01 3.316000e-03 3.179040e-01
291 6.782240e-01 3.184000e-03 3.185920e-01
292 6.776880e-01 3.104000e-03 3.192080e-01
293 6.771240e-01 3.108000e-03 3.197680e-01
294 6.766640e-01 3.008000e-03 3.203280e-01
295 6.762120e-01 2.936000e-03 3.208520e-01
296 6.756960e-01 2.904000e-03 3.214000e-01
297 6.752680e-01 2.756000e-03 3.219760e-01
298 6.748240e-01 2.712000e-03 3.224640e-01
299 6.743600e-01 2.796000e-03 3.228440e-01
300 6.738960e-01 2.728000e-03 3.233760e-01
301 6.733840e-01 2.784000e-03 3.238320e-01
302 6.729280e-01 2.776000e-03 3.242960e-01
303 6.724360e-01 2.804000e-03 3.247600e-01
304 6.719560e-01 2.828000e-03 3.252160e-01
305 6.715280e-01 2.740000e-03 3.257320e-01
306 6.710800e-01 2.748000e-03 3.261720e-01
307 6.706240e-01 2.800000e-03 3.265760e-01
308 6.702080e-01 2.656000e-03 3.271360e-01
309 6.697400e-01 2.652000e-03 3.276080e-01
310 6.693400e-01 2.560000e-03 3.281000e-01
311 6.689320e-01 2.540000e-03 3.285280e-01
312 6.684880e-01 2.540000e-03 3.289720e-01
313 6.680760e-01 2.512000e-03 3.294120e-01
314 6.676640e-01 2.428000e-03 3.299080e-01
315 6.672840e-01 2.380000e-03 3.303360e-01
316 6.670080e-01 2.312000e-03 3.306800e-01
317 6.666000e-01 2.280000e-03 3.311200e-01
318 6.661960e-01 2.360000e-03 3.314440e-01
319 6.657800e-01 2.380000e-03 3.318400e-01
320 6.652640e-01 2.540000e-03 3.321960e-01
321 6.648400e-01 2.460000e-03 3.327000e-01
322 6.645400e-01 2.348000e-03 3.331120e-01
323 6.641680e-01 2.328000e-03 3.335040e-01
324 6.638280e-01 2.300000e-03 3.338720e-01
325 6.634920e-01 2.236000e-03 3.342720e-01
326 6.631400e-01 2.160000e-03 3.347000e-01
327 6.627600e-01 2.168000e-03 3.350720e-01
328 6.624760e-01 2.108000e-03 3.354160e-01
329 6.621160e-01 2.128000e-03 3.357560e-01
330 6.617640e-01 2.112000e-03 3.361240e-01
331 6.613840e-01 2.136000e-03 3.364800e-01
332 6.609000e-01 2.224000e-03 3.368760e-01
333 6.605880e-01 2.112000e-03 3.373000e-01
334 6.602320e-01 2.116000e-03 3.376520e-01
335 6.598120e-01 2.168000e-03 3.380200e-01
336 6.595240e-01 2.076000e-03 3.384000e-01
337 6.592440e-01 1.972000e-03 3.387840e-01
338 6.589640e-01 1.884000e-03 3.391520e-01
339 6.587400e-01 1.744000e-03 3.395160e-01
340 6.584600e-01 1.712000e-03 3.398280e-01
341 6.581800e-01 1.700000e-03 3.401200e-01
342 6.578560e-01 1.700000e-03 3.404440e-01
343 6.575120e-01 1.760000e-03 3.407280e-01
344 6.572240e-01 1.756000e-03 3.410200e-01
345 6.569120e-01 1.792000e-03 3.412960e-01
346 6.566040e-01 1.816000e-03 3.415800e-01
347 6.562840e-01 1.800000e-03 3.419160e-01
348 6.559520e-01 1.840000e-03 3.422080e-01
349 6.555640e-01 1.836000e-03 3.426000e-01
350 6.552640e-01 1.844000e-03 3.428920e-01
351 6.549440e-01 1.852000e-03 3.432040e-01
352 6.546040e-01 1.924000e-03 3.434720e-01
353 6.541800e-01 1.964000e-03 3.438560e-01
354 6.538400e-01 1.904000e-03 3.442560e-01
355 6.535520e-01 1.812000e-03 3.446360e-01
356 6.533360e-01 1.708000e-03 3.449560e-01
357 6.530120e-01 1.768000e-03 3.452200e-01
358 6.527520e-01 1.672000e-03 3.455760e-01
359 6.524720e-01 1.652000e-03 3.458760e-01
360 6.521840e-01 1.656000e-03 3.461600e-01
361 6.518480e-01 1.664000e-03 3.464880e-01
362 6.516280e-01 1.616000e-03 3.467560e-01
363 6.512840e-01 1.780000e-03 3.469360e-01
364 6.509760e-01 1.732000e-03 3.472920e-01
365 6.506840e-01 1.756000e-03 3.475600e-01
366 6.503640e-01 1.772000e-03 3.478640e-01
367 6.501320e-01 1.688000e-03 3.481800e-01
368 6.498480e-01 1.692000e-03 3.484600e-01
369 6.495520e-01 1.676000e-03 3.487720e-01
370 6.493120e-01 1.592000e-03 3.490960e-01
371 6.490800e-01 1.488000e-03 3.494320e-01
372 6.488520e-01 1.460000e-03 3.496880e-01
373 6.486520e-01 1.392000e-03 3.499560e-01
374 6.484080e-01 1.424000e-03 3.501680e-01
375 6.481480e-01 1.428000e-03 3.504240e-01
376 6.478960e-01 1.396000e-03 3.507080e-01
377 6.476080e-01 1.456000e-03 3.509360e-01
378 6.472800e-01 1.512000e-03 3.512080e-01
379 6.469720e-01 1.600000e-03 3.514280e-01
380 6.466880e-01 1.652000e-03 3.516600e-01
381 6.464080e-01 1.616000e-03 3.519760e-01
382 6.461360e-01 1.652000e-03 3.522120e-01
383 6.458280e-01 1.696000e-03 3.524760e-01
384 6.455600e-01 1.664000e-03 3.527760e-01
385 6.452960e-01 1.664000e-03 3.530400e-01
386 6.450360e-01 1.624000e-03 3.533400e-01
387 6.447960e-01 1.600000e-03 3.536040e-01
388 6.445760e-01 1.540000e-03 3.538840e-01
389 6.443400e-01 1.508000e-03 3.541520e-01
390 6.440920e-01 1.524000e-03 3.543840e-01
391 6.438520e-01 1.548000e-03 3.546000e-01
392 6.435840e-01 1.548000e-03 3.548680e-01
393 6.433000e-01 1.548000e-03 3.551520e-01
394 6.430600e-01 1.560000e-03 3.553800e-01
395 6.428320e-01 1.532000e-03 3.556360e-01
396 6.426680e-01 1.476000e-03 3.558560e-01
397 6.424680e-01 1.432000e-03 3.561000e-01
398 6.422280e-01 1.404000e-03 3.563680e-01
399 6.419560e-01 1.396000e-03 3.566480e-01
400 6.417280e-01 1.396000e-03 3.568760e-01
401 6.415640e-01 1.352000e-03 3.570840e-01
402 6.413760e-01 1.296000e-03 3.573280e-01
403 6.410960e-01 1.368000e-03 3.575360e-01
404 6.408760e-01 1.356000e-03 3.577680e-01
405 6.405480e-01 1.440000e-03 3.580120e-01
406 6.403040e-01 1.384000e-03 3.583120e-01
407 6.400560e-01 1.396000e-03 3.585480e-01
408 6.398560e-01 1.352000e-03 3.587920e-01
409 6.396400e-01 1.352000e-03 3.590080e-01
410 6.393880e-01 1.392000e-03 3.592200e-01
411 6.391920e-01 1.396000e-03 3.594120e-01
412 6.389760e-01 1.328000e-03 3.596960e-01
413 6.387880e-01 1.320000e-03 3.598920e-01
414 6.385680e-01 1.316000e-03 3.601160e-01
415 6.383960e-01 1.292000e-03 3.603120e-01
416 6.382240e-01 1.252000e-03 3.605240e-01
417 6.380800e-01 1.216000e-03 3.607040e-01
418 6.378400e-01 1.216000e-03 3.609440e-01
419 6.376000e-01 1.228000e-03 3.611720e-01
420 6.374720e-01 1.124000e-03 3.614040e-01
421 6.372960e-01 1.116000e-03 3.615880e-01
422 6.371160e-01 1.092000e-03 3.617920e-01
423 6.369760e-01 9.960000e-04 3.620280e-01
424 6.368240e-01 9.960000e-04 3.621800e-01
425 6.366320e-01 9.960000e-04 3.623720e-01
426 6.364760e-01 1.020000e-03 3.625040e-01
427 6.362640e-01 1.036000e-03 3.627000e-01
428 6.360360e-01 1.072000e-03 3.628920e-01
429 6.358480e-01 1.056000e-03 3.630960e-01
430 6.357120e-01 9.480000e-04 3.633400e-01
431 6.355880e-01 9.120000e-04 3.635000e-01
432 6.354160e-01 9.360000e-04 3.636480e-01
433 6.352320e-01 9.800000e-04 3.637880e-01
434 6.350320e-01 1.000000e-03 3.639680e-01
435 6.348680e-01 9.920000e-04 3.641400e-01
436 6.347160e-01 9.960000e-04 3.642880e-01
437 6.345400e-01 1.008000e-03 3.644520e-01
438 6.343400e-01 1.020000e-03 3.646400e-01
439 6.342280e-01 9.480000e-04 3.648240e-01
440 6.340800e-01 9.080000e-04 3.650120e-01
441 6.339080e-01 9.600000e-04 3.651320e-01
442 6.337120e-01 9.880000e-04 3.653000e-01
443 6.335600e-01 9.760000e-04 3.654640e-01
444 6.333520e-01 9.640000e-04 3.656840e-01
445 6.332080e-01 9.440000e-04 3.658480e-01
446 6.330440e-01 1.004000e-03 3.659520e-01
447 6.328160e-01 1.048000e-03 3.661360e-01
448 6.326120e-01 1.048000e-03 3.663400e-01
449 6.324280e-01 1.028000e-03 3.665440e-01
450 6.322520e-01 9.920000e-04 3.667560e-01
451 6.321320e-01 9.840000e-04 3.668840e-01
452 6.320040e-01 9.720000e-04 3.670240e-01
453 6.318880e-01 9.600000e-04 3.671520e-01
454 6.317720e-01 8.560000e-04 3.673720e-01
455 6.315960e-01 8.680000e-04 3.675360e-01
456 6.314960e-01 8.080000e-04 3.676960e-01
457 6.313440e-01 8.320000e-04 3.678240e-01
458 6.312320e-01 7.960000e-04 3.679720e-01
459 6.311080e-01 7.400000e-04 3.681520e-01
460 6.309840e-01 7.680000e-04 3.682480e-01
461 6.309120e-01 6.840000e-04 3.684040e-01
462 6.308360e-01 6.400000e-04 3.685240e-01
463 6.307800e-01 6.080000e-04 3.686120e-01
464 6.307120e-01 5.960000e-04 3.686920e-01
465 6.306280e-01 6.000000e-04 3.687720e-01
466 6.305800e-01 5.160000e-04 3.689040e-01
467 6.305280e-01 4.600000e-04 3.690120e-01
468 6.305120e-01 3.800000e-04 3.691080e-01
469 6.304320e-01 4.040000e-04 3.691640e-01
470 6.303560e-01 4.160000e-04 3.692280e-01
471 6.302720e-01 4.240000e-04 3.693040e-01
472 6.302400e-01 3.760000e-04 3.693840e-01
473 6.301720e-01 4.120000e-04 3.694160e-01
474 6.301040e-01 4.240000e-04 3.694720e-01
475 6.300320e-01 4.040000e-04 3.695640e-01
476 6.299800e-01 3.960000e-04 3.696240e-01
477 6.299200e-01 3.880000e-04 3.696920e-01
478 6.298600e-01 3.760000e-04 3.697640e-01
479 6.297680e-01 4.200000e-04 3.698120e-01
480 6.296880e-01 4.400000e-04 3.698720e-01
481 6.296280e-01 3.960000e-04 3.699760e-01
482 6.295720e-01 3.720000e-04 3.700560e-01
483 6.295000e-01 3.800000e-04 3.701200e-01
484 6.294280e-01 3.920000e-04 3.701800e-01
485 6.293400e-01 4.000000e-04 3.702600e-01
486 6.292440e-01 4.240000e-04 3.703320e-01
487 6.291640e-01 4.360000e-04 3.704000e-01
488 6.290600e-01 4.720000e-04 3.704680e-01
489 6.289480e-01 5.160000e-04 3.705360e-01
490 6.288360e-01 5.480000e-04 3.706160e-01
491 6.287680e-01 5.200000e-04 3.707120e-01
492 6.286760e-01 5.120000e-04 3.708120e-01
493 6.285840e-01 5.200000e-04 3.708960e-01
494 6.284800e-01 5.400000e-04 3.709800e-01
495 6.283880e-01 5.160000e-04 3.710960e-01
496 6.282800e-01 5.320000e-04 3.711880e-01
497 6.282120e-01 5.120000e-04 3.712760e-01
498 6.280920e-01 5.760000e-04 3.713320e-01
499 6.279920e-01 5.920000e-04 3.714160e-01
500 6.278840e-01 5.880000e-04 3.715280e-01
