1 9.991680e-01 7.240000e-04 1.080000e-04
2 9.986400e-01 1.100000e-03 2.600000e-04
3 9.980920e-01 1.436000e-03 4.720000e-04
4 9.973560e-01 1.852000e-03 7.920000e-04
5 9.966120e-01 2.280000e-03 1.108000e-03
6 9.956360e-01 2.852000e-03 1.512000e-03
7 9.947640e-01 3.284000e-03 1.952000e-03
8 9.937520e-01 3.700000e-03 2.548000e-03
9 9.928040e-01 4.040000e-03 3.156000e-03
10 9.918440e-01 4.252000e-03 3.904000e-03
11 9.908960e-01 4.392000e-03 4.712000e-03
12 9.898640e-01 4.632000e-03 5.504000e-03
13 9.888400e-01 4.776000e-03 6.384000e-03
14 9.877640e-01 4.988000e-03 7.248000e-03
15 9.866440e-01 5.288000e-03 8.068000e-03
16 9.855640e-01 5.456000e-03 8.980000e-03
17 9.845080e-01 5.560000e-03 9.932000e-03
18 9.834760e-01 5.480000e-03 1.104400e-02
19 9.824320e-01 5.552000e-03 1.201600e-02
20 9.812040e-01 5.832000e-03 1.296400e-02
21 9.798840e-01 6.160000e-03 1.395600e-02
22 9.785240e-01 6.336000e-03 1.514000e-02
23 9.773760e-01 6.388000e-03 1.623600e-02
24 9.759000e-01 6.628000e-03 1.747200e-02
25 9.744400e-01 6.900000e-03 1.866000e-02
26 9.728720e-01 7.156000e-03 1.997200e-02
27 9.715160e-01 7.264000e-03 2.122000e-02
28 9.701360e-01 7.344000e-03 2.252000e-02
29 9.687800e-01 7.396000e-03 2.382400e-02
30 9.671840e-01 7.688000e-03 2.512800e-02
31 9.655800e-01 7.980000e-03 2.644000e-02
32 9.639240e-01 8.212000e-03 2.786400e-02
33 9.622960e-01 8.360000e-03 2.934400e-02
34 9.608000e-01 8.536000e-03 3.066400e-02
35 9.594080e-01 8.508000e-03 3.208400e-02
36 9.578880e-01 8.464000e-03 3.364800e-02
37 9.563400e-01 8.552000e-03 3.510800e-02
38 9.546080e-01 8.772000e-03 3.662000e-02
39 9.530480e-01 8.780000e-03 3.817200e-02
40 9.513000e-01 9.052000e-03 3.964800e-02
41 9.496200e-01 9.188000e-03 4.119200e-02
42 9.480200e-01 9.092000e-03 4.288800e-02
43 9.465320e-01 9.024000e-03 4.444400e-02
44 9.447600e-01 9.268000e-03 4.597200e-02
45 9.430680e-01 9.204000e-03 4.772800e-02
46 9.412520e-01 9.388000e-03 4.936000e-02
47 9.395320e-01 9.604000e-03 5.086400e-02
48 9.379160e-01 9.588000e-03 5.249600e-02
49 9.361840e-01 9.536000e-03 5.428000e-02
50 9.344600e-01 9.600000e-03 5.594000e-02
51 9.328040e-01 9.604000e-03 5.759200e-02
52 9.310960e-01 9.636000e-03 5.926800e-02
53 9.292640e-01 9.788000e-03 6.094800e-02
54 9.274760e-01 9.808000e-03 6.271600e-02
55 9.256760e-01 9.760000e-03 6.456400e-02
56 9.238520e-01 9.760000e-03 6.638800e-02
57 9.220960e-01 9.768000e-03 6.813600e-02
58 9.202960e-01 9.852000e-03 6.985200e-02
59 9.184600e-01 9.952000e-03 7.158800e-02
60 9.165920e-01 1.008800e-02 7.332000e-02
61 9.148840e-01 1.006800e-02 7.504800e-02
62 9.131640e-01 9.980000e-03 7.685600e-02
63 9.112640e-01 1.013200e-02 7.860400e-02
64 9.095640e-01 1.001600e-02 8.042000e-02
65 9.078880e-01 9.972000e-03 8.214000e-02
66 9.062640e-01 9.800000e-03 8.393600e-02
67 9.045320e-01 9.652000e-03 8.581600e-02
68 9.027960e-01 9.720000e-03 8.748400e-02
69 9.011840e-01 9.652000e-03 8.916400e-02
70 8.995880e-01 9.492000e-03 9.092000e-02
71 8.980920e-01 9.460000e-03 9.244800e-02
72 8.964680e-01 9.392000e-03 9.414000e-02
73 8.950320e-01 9.104000e-03 9.586400e-02
74 8.934440e-01 8.864000e-03 9.769200e-02
75 8.920360e-01 8.572000e-03 9.939200e-02
76 8.906760e-01 8.236000e-03 1.010880e-01
77 8.892840e-01 8.140000e-03 1.025760e-01
78 8.879120e-01 8.120000e-03 1.039680e-01
79 8.866840e-01 7.892000e-03 1.054240e-01
80 8.851720e-01 8.060000e-03 1.067680e-01
81 8.838000e-01 8.076000e-03 1.081240e-01
82 8.822760e-01 8.264000e-03 1.094600e-01
83 8.806600e-01 8.536000e-03 1.108040e-01
84 8.793440e-01 8.460000e-03 1.121960e-01
85 8.778240e-01 8.504000e-03 1.136720e-01
86 8.761720e-01 8.672000e-03 1.151560e-01
87 8.744480e-01 8.948000e-03 1.166040e-01
88 8.728600e-01 8.916000e-03 1.182240e-01
89 8.714960e-01 8.736000e-03 1.197680e-01
90 8.699440e-01 8.736000e-03 1.213200e-01
91 8.683880e-01 8.836000e-03 1.227760e-01
92 8.667480e-01 8.948000e-03 1.243040e-01
93 8.650840e-01 9.052000e-03 1.258640e-01
94 8.634240e-01 9.176000e-03 1.274000e-01
95 8.618160e-01 9.064000e-03 1.291200e-01
96 8.602400e-01 8.948000e-03 1.308120e-01
97 8.586920e-01 8.972000e-03 1.323360e-01
98 8.570160e-01 9.072000e-03 1.339120e-01
99 8.553000e-01 9.312000e-03 1.353880e-01
100 8.535400e-01 9.336000e-03 1.371240e-01
101 8.518680e-01 9.376000e-03 1.387560e-01
102 8.500640e-01 9.640000e-03 1.402960e-01
103 8.485080e-01 9.544000e-03 1.419480e-01
104 8.467960e-01 9.692000e-03 1.435120e-01
105 8.451880e-01 9.672000e-03 1.451400e-01
106 8.435400e-01 9.736000e-03 1.467240e-01
107 8.417880e-01 9.628000e-03 1.485840e-01
108 8.401960e-01 9.576000e-03 1.502280e-01
109 8.385960e-01 9.696000e-03 1.517080e-01
110 8.369120e-01 9.744000e-03 1.533440e-01
111 8.353640e-01 9.584000e-03 1.550520e-01
112 8.337040e-01 9.492000e-03 1.568040e-01
113 8.321920e-01 9.336000e-03 1.584720e-01
114 8.305960e-01 9.360000e-03 1.600440e-01
115 8.290760e-01 9.148000e-03 1.617760e-01
116 8.275280e-01 9.200000e-03 1.632720e-01
117 8.260720e-01 9.104000e-03 1.648240e-01
118 8.246280e-01 8.940000e-03 1.664320e-01
119 8.231400e-01 8.896000e-03 1.679640e-01
120 8.216200e-01 8.912000e-03 1.694680e-01
121 8.201760e-01 8.736000e-03 1.710880e-01
122 8.186720e-01 8.648000e-03 1.726800e-01
123 8.173800e-01 8.464000e-03 1.741560e-01
124 8.159840e-01 8.352000e-03 1.756640e-01
125 8.144720e-01 8.468000e-03 1.770600e-01
126 8.130640e-01 8.456000e-03 1.784800e-01
127 8.116200e-01 8.452000e-03 1.799280e-01
128 8.102320e-01 8.368000e-03 1.814000e-01
129 8.086440e-01 8.596000e-03 1.827600e-01
130 8.073520e-01 8.308000e-03 1.843400e-01
131 8.059040e-01 8.216000e-03 1.858800e-01
132 8.045560e-01 8.096000e-03 1.873480e-01
133 8.032240e-01 7.904000e-03 1.888720e-01
134 8.018440e-01 7.896000e-03 1.902600e-01
135 8.005640e-01 7.752000e-03 1.916840e-01
136 7.992160e-01 7.704000e-03 1.930800e-01
137 7.979360e-01 7.776000e-03 1.942880e-01
138 7.966000e-01 7.776000e-03 1.956240e-01
139 7.953360e-01 7.756000e-03 1.969080e-01
140 7.939760e-01 7.724000e-03 1.983000e-01
141 7.925920e-01 7.716000e-03 1.996920e-01
142 7.912440e-01 7.696000e-03 2.010600e-01
143 7.898920e-01 7.704000e-03 2.024040e-01
144 7.885480e-01 7.676000e-03 2.037760e-01
145 7.871760e-01 7.740000e-03 2.050840e-01
146 7.860320e-01 7.560000e-03 2.064080e-01
147 7.849320e-01 7.356000e-03 2.077120e-01
148 7.837480e-01 7.156000e-03 2.090960e-01
149 7.827440e-01 6.892000e-03 2.103640e-01
150 7.816360e-01 6.808000e-03 2.115560e-01
151 7.804040e-01 6.760000e-03 2.128360e-01
152 7.792840e-01 6.756000e-03 2.139600e-01
153 7.782240e-01 6.604000e-03 2.151720e-01
154 7.772880e-01 6.436000e-03 2.162760e-01
155 7.764680e-01 6.160000e-03 2.173720e-01
156 7.755080e-01 5.968000e-03 2.185240e-01
157 7.746240e-01 5.828000e-03 2.195480e-01
158 7.736600e-01 5.772000e-03 2.205680e-01
159 7.727560e-01 5.740000e-03 2.215040e-01
160 7.718080e-01 5.616000e-03 2.225760e-01
161 7.708520e-01 5.516000e-03 2.236320e-01
162 7.698840e-01 5.548000e-03 2.245680e-01
163 7.689280e-01 5.540000e-03 2.255320e-01
164 7.680400e-01 5.472000e-03 2.264880e-01
165 7.672560e-01 5.352000e-03 2.273920e-01
166 7.665360e-01 5.172000e-03 2.282920e-01
167 7.658480e-01 4.952000e-03 2.292000e-01
168 7.650520e-01 4.952000e-03 2.299960e-01
169 7.642960e-01 4.840000e-03 2.308640e-01
170 7.635680e-01 4.744000e-03 2.316880e-01
171 7.627960e-01 4.728000e-03 2.324760e-01
172 7.620560e-01 4.632000e-03 2.333120e-01
173 7.613320e-01 4.480000e-03 2.341880e-01
174 7.606120e-01 4.260000e-03 2.351280e-01
175 7.598520e-01 4.236000e-03 2.359120e-01
176 7.591360e-01 4.280000e-03 2.365840e-01
177 7.583440e-01 4.360000e-03 2.372960e-01
178 7.576000e-01 4.360000e-03 2.380400e-01
179 7.568640e-01 4.208000e-03 2.389280e-01
180 7.561920e-01 4.116000e-03 2.396920e-01
181 7.555520e-01 4.016000e-03 2.404320e-01
182 7.550240e-01 3.872000e-03 2.411040e-01
183 7.544120e-01 3.816000e-03 2.417720e-01
184 7.538200e-01 3.816000e-03 2.423640e-01
185 7.533000e-01 3.664000e-03 2.430360e-01
186 7.527640e-01 3.616000e-03 2.436200e-01
187 7.521800e-01 3.580000e-03 2.442400e-01
188 7.516480e-01 3.472000e-03 2.448800e-01
189 7.510520e-01 3.460000e-03 2.454880e-01
190 7.504000e-01 3.452000e-03 2.461480e-01
191 7.498320e-01 3.460000e-03 2.467080e-01
192 7.492520e-01 3.440000e-03 2.473080e-01
193 7.486080e-01 3.476000e-03 2.479160e-01
194 7.479200e-01 3.548000e-03 2.485320e-01
195 7.473040e-01 3.500000e-03 2.491960e-01
196 7.467760e-01 3.424000e-03 2.498000e-01
197 7.462280e-01 3.440000e-03 2.503320e-01
198 7.455440e-01 3.496000e-03 2.509600e-01
199 7.450280e-01 3.424000e-03 2.515480e-01
200 7.444560e-01 3.452000e-03 2.520920e-01
201 7.438240e-01 3.384000e-03 2.527920e-01
202 7.432360e-01 3.376000e-03 2.533880e-01
203 7.426280e-01 3.352000e-03 2.540200e-01
204 7.419680e-01 3.520000e-03 2.545120e-01
205 7.413760e-01 3.480000e-03 2.551440e-01
206 7.408040e-01 3.432000e-03 2.557640e-01
207 7.402320e-01 3.416000e-03 2.563520e-01
208 7.397360e-01 3.304000e-03 2.569600e-01
209 7.392080e-01 3.272000e-03 2.575200e-01
210 7.387520e-01 3.136000e-03 2.581120e-01
211 7.383160e-01 3.020000e-03 2.586640e-01
212 7.379120e-01 2.912000e-03 2.591760e-01
213 7.374840e-01 2.760000e-03 2.597560e-01
214 7.371280e-01 2.708000e-03 2.601640e-01
215 7.367600e-01 2.564000e-03 2.606760e-01
216 7.364040e-01 2.468000e-03 2.611280e-01
217 7.360640e-01 2.380000e-03 2.615560e-01
218 7.356720e-01 2.384000e-03 2.619440e-01
219 7.352440e-01 2.388000e-03 2.623680e-01
220 7.347880e-01 2.484000e-03 2.627280e-01
221 7.344000e-01 2.440000e-03 2.631600e-01
222 7.339760e-01 2.448000e-03 2.635760e-01
223 7.335400e-01 2.468000e-03 2.639920e-01
224 7.330760e-01 2.464000e-03 2.644600e-01
225 7.326520e-01 2.476000e-03 2.648720e-01
226 7.322440e-01 2.496000e-03 2.652600e-01
227 7.318000e-01 2.436000e-03 2.657640e-01
228 7.313800e-01 2.416000e-03 2.662040e-01
229 7.310520e-01 2.312000e-03 2.666360e-01
230 7.306480e-01 2.308000e-03 2.670440e-01
231 7.302400e-01 2.276000e-03 2.674840e-01
232 7.298520e-01 2.264000e-03 2.678840e-01
233 7.294920e-01 2.196000e-03 2.683120e-01
234 7.291280e-01 2.060000e-03 2.688120e-01
235 7.287800e-01 2.024000e-03 2.691960e-01
236 7.284560e-01 2.048000e-03 2.694960e-01
237 7.280400e-01 2.040000e-03 2.699200e-01
238 7.277120e-01 1.984000e-03 2.703040e-01
239 7.273440e-01 2.084000e-03 2.705720e-01
240 7.269960e-01 2.108000e-03 2.708960e-01
241 7.265560e-01 2.196000e-03 2.712480e-01
242 7.261320e-01 2.272000e-03 2.715960e-01
243 7.257440e-01 2.280000e-03 2.719760e-01
244 7.253440e-01 2.292000e-03 2.723640e-01
245 7.248640e-01 2.368000e-03 2.727680e-01
246 7.243560e-01 2.440000e-03 2.732040e-01
247 7.238240e-01 2.548000e-03 2.736280e-01
248 7.233000e-01 2.564000e-03 2.741360e-01
249 7.227880e-01 2.652000e-03 2.745600e-01
250 7.222760e-01 2.668000e-03 2.750560e-01
251 7.218160e-01 2.684000e-03 2.755000e-01
252 7.213680e-01 2.648000e-03 2.759840e-01
253 7.209680e-01 2.592000e-03 2.764400e-01
254 7.205640e-01 2.580000e-03 2.768560e-01
255 7.201840e-01 2.488000e-03 2.773280e-01
256 7.198080e-01 2.384000e-03 2.778080e-01
257 7.194400e-01 2.380000e-03 2.781800e-01
258 7.190400e-01 2.424000e-03 2.785360e-01
259 7.186240e-01 2.400000e-03 2.789760e-01
260 7.182320e-01 2.408000e-03 2.793600e-01
261 7.178000e-01 2.428000e-03 2.797720e-01
262 7.174160e-01 2.416000e-03 2.801680e-01
263 7.170880e-01 2.360000e-03 2.805520e-01
264 7.167640e-01 2.244000e-03 2.809920e-01
265 7.164520e-01 2.164000e-03 2.813840e-01
266 7.161560e-01 2.040000e-03 2.818040e-01
267 7.159480e-01 1.952000e-03 2.821000e-01
268 7.156040e-01 1.932000e-03 2.824640e-01
269 7.153320e-01 1.812000e-03 2.828560e-01
270 7.150760e-01 1.728000e-03 2.831960e-01
271 7.148880e-01 1.624000e-03 2.834880e-01
272 7.146200e-01 1.632000e-03 2.837480e-01
273 7.143720e-01 1.552000e-03 2.840760e-01
274 7.142040e-01 1.436000e-03 2.843600e-01
275 7.139520e-01 1.424000e-03 2.846240e-01
276 7.137840e-01 1.384000e-03 2.848320e-01
277 7.136080e-01 1.232000e-03 2.851600e-01
278 7.134520e-01 1.180000e-03 2.853680e-01
279 7.132880e-01 1.132000e-03 2.855800e-01
280 7.131280e-01 1.140000e-03 2.857320e-01
281 7.129520e-01 1.128000e-03 2.859200e-01
282 7.127960e-01 1.104000e-03 2.861000e-01
283 7.126200e-01 1.088000e-03 2.862920e-01
284 7.124360e-01 1.124000e-03 2.864400e-01
285 7.122240e-01 1.112000e-03 2.866640e-01
286 7.120040e-01 1.140000e-03 2.868560e-01
287 7.117840e-01 1.168000e-03 2.870480e-01
288 7.116400e-01 1.092000e-03 2.872680e-01
289 7.114640e-01 1.028000e-03 2.875080e-01
290 7.112840e-01 1.000000e-03 2.877160e-01
291 7.111120e-01 1.004000e-03 2.878840e-01
292 7.109640e-01 9.520000e-04 2.880840e-01
293 7.107880e-01 9.400000e-04 2.882720e-01
294 7.106120e-01 9.880000e-04 2.884000e-01
295 7.104560e-01 9.280000e-04 2.886160e-01
296 7.102800e-01 9.200000e-04 2.888000e-01
297 7.101080e-01 9.160000e-04 2.889760e-01
298 7.099360e-01 9.080000e-04 2.891560e-01
299 7.097520e-01 9.280000e-04 2.893200e-01
300 7.095960e-01 9.520000e-04 2.894520e-01
301 7.093960e-01 9.800000e-04 2.896240e-01
302 7.091880e-01 9.840000e-04 2.898280e-01
303 7.089800e-01 1.024000e-03 2.899960e-01
304 7.087680e-01 1.064000e-03 2.901680e-01
305 7.085360e-01 1.068000e-03 2.903960e-01
306 7.083040e-01 1.104000e-03 2.905920e-01
307 7.080760e-01 1.120000e-03 2.908040e-01
308 7.078680e-01 1.148000e-03 2.909840e-01
309 7.077000e-01 1.084000e-03 2.912160e-01
310 7.075280e-01 1.072000e-03 2.914000e-01
311 7.073800e-01 1.024000e-03 2.915960e-01
312 7.072240e-01 9.960000e-04 2.917800e-01
313 7.070480e-01 9.960000e-04 2.919560e-01
314 7.069360e-01 9.600000e-04 2.921040e-01
315 7.067360e-01 1.004000e-03 2.922600e-01
316 7.064920e-01 1.076000e-03 2.924320e-01
317 7.062720e-01 1.100000e-03 2.926280e-01
318 7.060600e-01 1.084000e-03 2.928560e-01
319 7.058480e-01 1.060000e-03 2.930920e-01
320 7.056840e-01 1.044000e-03 2.932720e-01
321 7.054440e-01 1.076000e-03 2.934800e-01
322 7.051440e-01 1.172000e-03 2.936840e-01
323 7.049640e-01 1.184000e-03 2.938520e-01
324 7.047320e-01 1.220000e-03 2.940480e-01
325 7.045280e-01 1.160000e-03 2.943120e-01
326 7.043360e-01 1.116000e-03 2.945480e-01
327 7.041200e-01 1.132000e-03 2.947480e-01
328 7.039080e-01 1.084000e-03 2.950080e-01
329 7.037000e-01 1.092000e-03 2.952080e-01
330 7.035520e-01 1.060000e-03 2.953880e-01
331 7.033360e-01 1.112000e-03 2.955520e-01
332 7.031480e-01 1.088000e-03 2.957640e-01
333 7.029200e-01 1.180000e-03 2.959000e-01
334 7.027400e-01 1.132000e-03 2.961280e-01
335 7.025960e-01 1.060000e-03 2.963440e-01
336 7.023720e-01 1.128000e-03 2.965000e-01
337 7.022400e-01 1.036000e-03 2.967240e-01
338 7.021000e-01 1.000000e-03 2.969000e-01
339 7.019320e-01 9.720000e-04 2.970960e-01
340 7.017360e-01 9.840000e-04 2.972800e-01
341 7.015520e-01 1.000000e-03 2.974480e-01
342 7.013680e-01 9.880000e-04 2.976440e-01
343 7.012080e-01 9.640000e-04 2.978280e-01
344 7.010720e-01 9.520000e-04 2.979760e-01
345 7.009280e-01 9.520000e-04 2.981200e-01
346 7.007560e-01 9.480000e-04 2.982960e-01
347 7.005600e-01 9.360000e-04 2.985040e-01
348 7.003400e-01 9.840000e-04 2.986760e-01
349 7.001280e-01 9.760000e-04 2.988960e-01
350 6.999560e-01 9.680000e-04 2.990760e-01
351 6.998120e-01 9.440000e-04 2.992440e-01
352 6.996720e-01 9.280000e-04 2.994000e-01
353 6.995360e-01 9.480000e-04 2.995160e-01
354 6.993760e-01 9.480000e-04 2.996760e-01
355 6.992280e-01 9.800000e-04 2.997920e-01
356 6.990600e-01 9.640000e-04 2.999760e-01
357 6.988640e-01 9.560000e-04 3.001800e-01
358 6.986880e-01 9.520000e-04 3.003600e-01
359 6.985600e-01 9.640000e-04 3.004760e-01
360 6.984040e-01 9.520000e-04 3.006440e-01
361 6.983360e-01 8.560000e-04 3.008080e-01
362 6.982440e-01 8.440000e-04 3.009120e-01
363 6.981360e-01 7.760000e-04 3.010880e-01
364 6.980560e-01 7.400000e-04 3.012040e-01
365 6.979600e-01 7.200000e-04 3.013200e-01
366 6.978560e-01 7.440000e-04 3.014000e-01
367 6.977840e-01 6.840000e-04 3.015320e-01
368 6.976840e-01 6.600000e-04 3.016560e-01
369 6.975880e-01 6.200000e-04 3.017920e-01
370 6.975040e-01 5.800000e-04 3.019160e-01
371 6.974160e-01 6.000000e-04 3.019840e-01
372 6.973200e-01 5.520000e-04 3.021280e-01
373 6.972520e-01 5.600000e-04 3.021880e-01
374 6.971120e-01 5.920000e-04 3.022960e-01
375 6.970120e-01 5.960000e-04 3.023920e-01
376 6.969240e-01 5.480000e-04 3.025280e-01
377 6.968040e-01 5.680000e-04 3.026280e-01
378 6.966720e-01 6.040000e-04 3.027240e-01
379 6.965280e-01 6.280000e-04 3.028440e-01
380 6.963760e-01 6.800000e-04 3.029440e-01
381 6.962480e-01 6.640000e-04 3.030880e-01
382 6.961320e-01 6.680000e-04 3.032000e-01
383 6.960360e-01 6.720000e-04 3.032920e-01
384 6.959360e-01 6.560000e-04 3.034080e-01
385 6.958160e-01 6.920000e-04 3.034920e-01
386 6.957240e-01 6.960000e-04 3.035800e-01
387 6.956440e-01 6.880000e-04 3.036680e-01
388 6.955040e-01 7.320000e-04 3.037640e-01
389 6.954040e-01 7.040000e-04 3.038920e-01
390 6.952840e-01 7.040000e-04 3.040120e-01
391 6.951920e-01 7.120000e-04 3.040960e-01
392 6.951320e-01 6.800000e-04 3.041880e-01
393 6.950680e-01 6.200000e-04 3.043120e-01
394 6.949680e-01 6.440000e-04 3.043880e-01
395 6.948320e-01 6.800000e-04 3.044880e-01
396 6.947400e-01 6.280000e-04 3.046320e-01
397 6.946120e-01 6.080000e-04 3.047800e-01
398 6.945200e-01 6.360000e-04 3.048440e-01
399 6.944440e-01 5.920000e-04 3.049640e-01
400 6.943560e-01 5.520000e-04 3.050920e-01
401 6.942640e-01 5.960000e-04 3.051400e-01
402 6.941440e-01 6.080000e-04 3.052480e-01
403 6.940440e-01 6.040000e-04 3.053520e-01
404 6.939000e-01 6.200000e-04 3.054800e-01
405 6.937480e-01 6.480000e-04 3.056040e-01
406 6.936200e-01 6.680000e-04 3.057120e-01
407 6.935200e-01 6.200000e-04 3.058600e-01
408 6.934200e-01 6.080000e-04 3.059720e-01
409 6.933200e-01 6.120000e-04 3.060680e-01
410 6.932240e-01 5.560000e-04 3.062200e-01
411 6.930960e-01 5.760000e-04 3.063280e-01
412 6.930040e-01 5.920000e-04 3.064040e-01
413 6.929040e-01 6.040000e-04 3.064920e-01
414 6.928040e-01 5.920000e-04 3.066040e-01
415 6.926880e-01 6.360000e-04 3.066760e-01
416 6.925600e-01 6.720000e-04 3.067680e-01
417 6.924440e-01 6.680000e-04 3.068880e-01
418 6.923520e-01 6.240000e-04 3.070240e-01
419 6.922560e-01 5.680000e-04 3.071760e-01
420 6.921160e-01 5.920000e-04 3.072920e-01
421 6.919920e-01 6.280000e-04 3.073800e-01
422 6.918880e-01 6.320000e-04 3.074800e-01
423 6.917680e-01 6.440000e-04 3.075880e-01
424 6.916360e-01 6.720000e-04 3.076920e-01
425 6.915400e-01 6.800000e-04 3.077800e-01
426 6.914000e-01 7.520000e-04 3.078480e-01
427 6.912560e-01 7.800000e-04 3.079640e-01
428 6.911080e-01 8.040000e-04 3.080880e-01
429 6.910080e-01 7.520000e-04 3.082400e-01
430 6.909160e-01 7.120000e-04 3.083720e-01
431 6.908200e-01 6.760000e-04 3.085040e-01
432 6.907120e-01 6.880000e-04 3.086000e-01
433 6.906280e-01 6.680000e-04 3.087040e-01
434 6.905440e-01 6.240000e-04 3.088320e-01
435 6.904680e-01 6.160000e-04 3.089160e-01
436 6.903280e-01 6.480000e-04 3.090240e-01
437 6.901920e-01 6.480000e-04 3.091600e-01
438 6.900240e-01 6.760000e-04 3.093000e-01
439 6.899000e-01 7.000000e-04 3.094000e-01
440 6.897720e-01 7.000000e-04 3.095280e-01
441 6.896120e-01 7.320000e-04 3.096560e-01
442 6.894720e-01 7.480000e-04 3.097800e-01
443 6.893160e-01 8.240000e-04 3.098600e-01
444 6.891680e-01 8.120000e-04 3.100200e-01
445 6.890080e-01 8.440000e-04 3.101480e-01
446 6.888600e-01 8.040000e-04 3.103360e-01
447 6.887200e-01 8.080000e-04 3.104720e-01
448 6.886160e-01 7.760000e-04 3.106080e-01
449 6.885120e-01 7.680000e-04 3.107200e-01
450 6.884200e-01 7.280000e-04 3.108520e-01
451 6.883240e-01 7.160000e-04 3.109600e-01
452 6.882320e-01 7.160000e-04 3.110520e-01
453 6.881560e-01 6.560000e-04 3.111880e-01
454 6.880280e-01 6.560000e-04 3.113160e-01
455 6.879600e-01 6.160000e-04 3.114240e-01
456 6.878480e-01 6.280000e-04 3.115240e-01
457 6.877560e-01 6.160000e-04 3.116280e-01
458 6.876360e-01 6.080000e-04 3.117560e-01
459 6.875600e-01 5.600000e-04 3.118800e-01
460 6.874600e-01 5.640000e-04 3.119760e-01
461 6.873360e-01 6.080000e-04 3.120560e-01
462 6.872240e-01 5.840000e-04 3.121920e-01
463 6.871400e-01 5.560000e-04 3.123040e-01
464 6.870560e-01 5.440000e-04 3.124000e-01
465 6.869960e-01 4.720000e-04 3.125320e-01
466 6.869280e-01 4.960000e-04 3.125760e-01
467 6.868800e-01 4.360000e-04 3.126840e-01
468 6.867800e-01 4.680000e-04 3.127520e-01
469 6.866960e-01 4.400000e-04 3.128640e-01
470 6.866200e-01 4.560000e-04 3.129240e-01
471 6.865160e-01 4.600000e-04 3.130240e-01
472 6.864600e-01 4.520000e-04 3.130880e-01
473 6.864080e-01 4.200000e-04 3.131720e-01
474 6.863720e-01 3.840000e-04 3.132440e-01
475 6.862880e-01 3.720000e-04 3.133400e-01
476 6.862040e-01 3.800000e-04 3.134160e-01
477 6.861440e-01 3.880000e-04 3.134680e-01
478 6.860800e-01 3.920000e-04 3.135280e-01
479 6.860200e-01 3.600000e-04 3.136200e-01
480 6.859400e-01 3.720000e-04 3.136880e-01
481 6.858720e-01 3.600000e-04 3.137680e-01
482 6.858360e-01 3.240000e-04 3.138400e-01
483 6.857840e-01 3.400000e-04 3.138760e-01
484 6.857440e-01 3.080000e-04 3.139480e-01
485 6.856760e-01 3.360000e-04 3.139880e-01
486 6.856520e-01 3.240000e-04 3.140240e-01
487 6.856240e-01 3.040000e-04 3.140720e-01
488 6.856040e-01 2.600000e-04 3.141360e-01
489 6.855720e-01 2.520000e-04 3.141760e-01
490 6.855440e-01 2.240000e-04 3.142320e-01
491 6.855120e-01 2.240000e-04 3.142640e-01
492 6.855000e-01 2.040000e-04 3.142960e-01
493 6.854800e-01 2.000000e-04 3.143200e-01
494 6.854440e-01 2.040000e-04 3.143520e-01
495 6.854120e-01 2.200000e-04 3.143680e-01
496 6.853640e-01 2.440000e-04 3.143920e-01
497 6.853560e-01 2.320000e-04 3.144120e-01
498 6.853520e-01 1.880000e-04 3.144600e-01
499 6.853440e-01 1.640000e-04 3.144920e-01
500 6.853400e-01 1.520000e-04 3.145080e-01
