1 9.993320e-01 5.640000e-04 1.040000e-04
2 9.988320e-01 9.520000e-04 2.160000e-04
3 9.982200e-01 1.356000e-03 4.240000e-04
4 9.975680e-01 1.664000e-03 7.680000e-04
5 9.969240e-01 2.004000e-03 1.072000e-03
6 9.962240e-01 2.308000e-03 1.468000e-03
7 9.953640e-01 2.764000e-03 1.872000e-03
8 9.945280e-01 3.092000e-03 2.380000e-03
9 9.937640e-01 3.300000e-03 2.936000e-03
10 9.929040e-01 3.540000e-03 3.556000e-03
11 9.920280e-01 3.764000e-03 4.208000e-03
12 9.910160e-01 4.080000e-03 4.904000e-03
13 9.901640e-01 4.156000e-03 5.680000e-03
14 9.892520e-01 4.252000e-03 6.496000e-03
15 9.882960e-01 4.488000e-03 7.216000e-03
16 9.873120e-01 4.708000e-03 7.980000e-03
17 9.863040e-01 4.820000e-03 8.876000e-03
18 9.853840e-01 4.888000e-03 9.728000e-03
19 9.843240e-01 5.072000e-03 1.060400e-02
20 9.833280e-01 5.236000e-03 1.143600e-02
21 9.821120e-01 5.516000e-03 1.237200e-02
22 9.810120e-01 5.604000e-03 1.338400e-02
23 9.797920e-01 5.852000e-03 1.435600e-02
24 9.785040e-01 6.088000e-03 1.540800e-02
25 9.772800e-01 6.352000e-03 1.636800e-02
26 9.760160e-01 6.408000e-03 1.757600e-02
27 9.747600e-01 6.456000e-03 1.878400e-02
28 9.734600e-01 6.620000e-03 1.992000e-02
29 9.722760e-01 6.620000e-03 2.110400e-02
30 9.709360e-01 6.700000e-03 2.236400e-02
31 9.695400e-01 6.872000e-03 2.358800e-02
32 9.681400e-01 6.992000e-03 2.486800e-02
33 9.667040e-01 7.184000e-03 2.611200e-02
34 9.652800e-01 7.304000e-03 2.741600e-02
35 9.637560e-01 7.572000e-03 2.867200e-02
36 9.623800e-01 7.596000e-03 3.002400e-02
37 9.610960e-01 7.628000e-03 3.127600e-02
38 9.597440e-01 7.660000e-03 3.259600e-02
39 9.583880e-01 7.632000e-03 3.398000e-02
40 9.569360e-01 7.788000e-03 3.527600e-02
41 9.555320e-01 7.912000e-03 3.655600e-02
42 9.541840e-01 8.012000e-03 3.780400e-02
43 9.528240e-01 7.988000e-03 3.918800e-02
44 9.512680e-01 8.108000e-03 4.062400e-02
45 9.497480e-01 8.252000e-03 4.200000e-02
46 9.481480e-01 8.484000e-03 4.336800e-02
47 9.463920e-01 8.824000e-03 4.478400e-02
48 9.447560e-01 8.996000e-03 4.624800e-02
49 9.431920e-01 9.016000e-03 4.779200e-02
50 9.415520e-01 9.048000e-03 4.940000e-02
51 9.399360e-01 9.048000e-03 5.101600e-02
52 9.383120e-01 9.112000e-03 5.257600e-02
53 9.366280e-01 9.276000e-03 5.409600e-02
54 9.349160e-01 9.332000e-03 5.575200e-02
55 9.334640e-01 9.104000e-03 5.743200e-02
56 9.318320e-01 9.132000e-03 5.903600e-02
57 9.301000e-01 9.352000e-03 6.054800e-02
58 9.285520e-01 9.176000e-03 6.227200e-02
59 9.269360e-01 9.196000e-03 6.386800e-02
60 9.252640e-01 9.232000e-03 6.550400e-02
61 9.236280e-01 9.380000e-03 6.699200e-02
62 9.219680e-01 9.416000e-03 6.861600e-02
63 9.204120e-01 9.264000e-03 7.032400e-02
64 9.188120e-01 9.180000e-03 7.200800e-02
65 9.172440e-01 9.132000e-03 7.362400e-02
66 9.158040e-01 8.948000e-03 7.524800e-02
67 9.142280e-01 9.080000e-03 7.669200e-02
68 9.126400e-01 9.012000e-03 7.834800e-02
69 9.109880e-01 9.060000e-03 7.995200e-02
70 9.096400e-01 8.840000e-03 8.152000e-02
71 9.082040e-01 8.560000e-03 8.323600e-02
72 9.066280e-01 8.716000e-03 8.465600e-02
73 9.051080e-01 8.680000e-03 8.621200e-02
74 9.036200e-01 8.576000e-03 8.780400e-02
75 9.020520e-01 8.600000e-03 8.934800e-02
76 9.005800e-01 8.604000e-03 9.081600e-02
77 8.989600e-01 8.732000e-03 9.230800e-02
78 8.974360e-01 8.776000e-03 9.378800e-02
79 8.956920e-01 9.020000e-03 9.528800e-02
80 8.942840e-01 8.764000e-03 9.695200e-02
81 8.928840e-01 8.612000e-03 9.850400e-02
82 8.913680e-01 8.716000e-03 9.991600e-02
83 8.899000e-01 8.696000e-03 1.014040e-01
84 8.885280e-01 8.588000e-03 1.028840e-01
85 8.872840e-01 8.348000e-03 1.043680e-01
86 8.859480e-01 8.308000e-03 1.057440e-01
87 8.846560e-01 8.112000e-03 1.072320e-01
88 8.832440e-01 8.164000e-03 1.085920e-01
89 8.818840e-01 8.132000e-03 1.099840e-01
90 8.804720e-01 8.168000e-03 1.113600e-01
91 8.792360e-01 7.900000e-03 1.128640e-01
92 8.779040e-01 7.824000e-03 1.142720e-01
93 8.764760e-01 7.948000e-03 1.155760e-01
94 8.751000e-01 7.920000e-03 1.169800e-01
95 8.738000e-01 7.804000e-03 1.183960e-01
96 8.725320e-01 7.716000e-03 1.197520e-01
97 8.710560e-01 7.724000e-03 1.212200e-01
98 8.696680e-01 7.740000e-03 1.225920e-01
99 8.684960e-01 7.596000e-03 1.239080e-01
100 8.673600e-01 7.500000e-03 1.251400e-01
101 8.659560e-01 7.524000e-03 1.265200e-01
102 8.647920e-01 7.436000e-03 1.277720e-01
103 8.635120e-01 7.340000e-03 1.291480e-01
104 8.622560e-01 7.388000e-03 1.303560e-01
105 8.609480e-01 7.480000e-03 1.315720e-01
106 8.596640e-01 7.524000e-03 1.328120e-01
107 8.584440e-01 7.500000e-03 1.340560e-01
108 8.570760e-01 7.544000e-03 1.353800e-01
109 8.557560e-01 7.656000e-03 1.365880e-01
110 8.545000e-01 7.756000e-03 1.377440e-01
111 8.530960e-01 7.924000e-03 1.389800e-01
112 8.518920e-01 7.704000e-03 1.404040e-01
113 8.507040e-01 7.544000e-03 1.417520e-01
114 8.494680e-01 7.448000e-03 1.430840e-01
115 8.482640e-01 7.360000e-03 1.443760e-01
116 8.470800e-01 7.224000e-03 1.456960e-01
117 8.458280e-01 7.192000e-03 1.469800e-01
118 8.446920e-01 7.028000e-03 1.482800e-01
119 8.435400e-01 6.960000e-03 1.495000e-01
120 8.424320e-01 6.748000e-03 1.508200e-01
121 8.413040e-01 6.696000e-03 1.520000e-01
122 8.402520e-01 6.648000e-03 1.531000e-01
123 8.391640e-01 6.588000e-03 1.542480e-01
124 8.380680e-01 6.508000e-03 1.554240e-01
125 8.369560e-01 6.604000e-03 1.564400e-01
126 8.359000e-01 6.456000e-03 1.576440e-01
127 8.347840e-01 6.484000e-03 1.587320e-01
128 8.337240e-01 6.408000e-03 1.598680e-01
129 8.325000e-01 6.480000e-03 1.610200e-01
130 8.312480e-01 6.608000e-03 1.621440e-01
131 8.300920e-01 6.588000e-03 1.633200e-01
132 8.290000e-01 6.508000e-03 1.644920e-01
133 8.280280e-01 6.476000e-03 1.654960e-01
134 8.269200e-01 6.324000e-03 1.667560e-01
135 8.259800e-01 6.132000e-03 1.678880e-01
136 8.249280e-01 6.264000e-03 1.688080e-01
137 8.238160e-01 6.288000e-03 1.698960e-01
138 8.228640e-01 6.088000e-03 1.710480e-01
139 8.218600e-01 6.028000e-03 1.721120e-01
140 8.208800e-01 5.924000e-03 1.731960e-01
141 8.198320e-01 6.044000e-03 1.741240e-01
142 8.187400e-01 6.064000e-03 1.751960e-01
143 8.176160e-01 5.984000e-03 1.764000e-01
144 8.165560e-01 5.892000e-03 1.775520e-01
145 8.155560e-01 5.876000e-03 1.785680e-01
146 8.145080e-01 5.856000e-03 1.796360e-01
147 8.134800e-01 5.924000e-03 1.805960e-01
148 8.123440e-01 6.060000e-03 1.815960e-01
149 8.113400e-01 5.968000e-03 1.826920e-01
150 8.102800e-01 6.104000e-03 1.836160e-01
151 8.091960e-01 6.116000e-03 1.846880e-01
152 8.081640e-01 6.016000e-03 1.858200e-01
153 8.071920e-01 5.912000e-03 1.868960e-01
154 8.060880e-01 5.936000e-03 1.879760e-01
155 8.050480e-01 6.052000e-03 1.889000e-01
156 8.041280e-01 5.792000e-03 1.900800e-01
157 8.032440e-01 5.672000e-03 1.910840e-01
158 8.022080e-01 5.664000e-03 1.921280e-01
159 8.011640e-01 5.668000e-03 1.931680e-01
160 8.002160e-01 5.620000e-03 1.941640e-01
161 7.992600e-01 5.628000e-03 1.951120e-01
162 7.984000e-01 5.592000e-03 1.960080e-01
163 7.974760e-01 5.612000e-03 1.969120e-01
164 7.965800e-01 5.464000e-03 1.979560e-01
165 7.956520e-01 5.504000e-03 1.988440e-01
166 7.946920e-01 5.524000e-03 1.997840e-01
167 7.938320e-01 5.452000e-03 2.007160e-01
168 7.930680e-01 5.296000e-03 2.016360e-01
169 7.922440e-01 5.220000e-03 2.025360e-01
170 7.914360e-01 4.984000e-03 2.035800e-01
171 7.907240e-01 4.868000e-03 2.044080e-01
172 7.899120e-01 4.844000e-03 2.052440e-01
173 7.892080e-01 4.652000e-03 2.061400e-01
174 7.884240e-01 4.616000e-03 2.069600e-01
175 7.877000e-01 4.520000e-03 2.077800e-01
176 7.869440e-01 4.504000e-03 2.085520e-01
177 7.861680e-01 4.472000e-03 2.093600e-01
178 7.854720e-01 4.288000e-03 2.102400e-01
179 7.848360e-01 4.240000e-03 2.109240e-01
180 7.840840e-01 4.320000e-03 2.115960e-01
181 7.833720e-01 4.220000e-03 2.124080e-01
182 7.826200e-01 4.324000e-03 2.130560e-01
183 7.819080e-01 4.256000e-03 2.138360e-01
184 7.812840e-01 4.008000e-03 2.147080e-01
185 7.806160e-01 3.972000e-03 2.154120e-01
186 7.798800e-01 4.076000e-03 2.160440e-01
187 7.791800e-01 4.060000e-03 2.167600e-01
188 7.785920e-01 4.000000e-03 2.174080e-01
189 7.778680e-01 3.976000e-03 2.181560e-01
190 7.772320e-01 3.884000e-03 2.188840e-01
191 7.765920e-01 3.864000e-03 2.195440e-01
192 7.759400e-01 3.832000e-03 2.202280e-01
193 7.753240e-01 3.816000e-03 2.208600e-01
194 7.745600e-01 3.896000e-03 2.215440e-01
195 7.739520e-01 3.852000e-03 2.221960e-01
196 7.732320e-01 3.912000e-03 2.228560e-01
197 7.724680e-01 3.952000e-03 2.235800e-01
198 7.717360e-01 3.944000e-03 2.243200e-01
199 7.709640e-01 4.088000e-03 2.249480e-01
200 7.701720e-01 4.116000e-03 2.257120e-01
201 7.693920e-01 4.112000e-03 2.264960e-01
202 7.685720e-01 4.228000e-03 2.272000e-01
203 7.677640e-01 4.232000e-03 2.280040e-01
204 7.669160e-01 4.308000e-03 2.287760e-01
205 7.661200e-01 4.304000e-03 2.295760e-01
206 7.652320e-01 4.488000e-03 2.302800e-01
207 7.643680e-01 4.616000e-03 2.310160e-01
208 7.634960e-01 4.632000e-03 2.318720e-01
209 7.626120e-01 4.816000e-03 2.325720e-01
210 7.617160e-01 4.864000e-03 2.334200e-01
211 7.608360e-01 4.964000e-03 2.342000e-01
212 7.600080e-01 5.048000e-03 2.349440e-01
213 7.592160e-01 4.916000e-03 2.358680e-01
214 7.583600e-01 4.888000e-03 2.367520e-01
215 7.575720e-01 4.816000e-03 2.376120e-01
216 7.567600e-01 4.776000e-03 2.384640e-01
217 7.560320e-01 4.736000e-03 2.392320e-01
218 7.553280e-01 4.560000e-03 2.401120e-01
219 7.545880e-01 4.556000e-03 2.408560e-01
220 7.538800e-01 4.436000e-03 2.416840e-01
221 7.531600e-01 4.328000e-03 2.425120e-01
222 7.524520e-01 4.304000e-03 2.432440e-01
223 7.516720e-01 4.320000e-03 2.440080e-01
224 7.509320e-01 4.396000e-03 2.446720e-01
225 7.502000e-01 4.376000e-03 2.454240e-01
226 7.494640e-01 4.340000e-03 2.461960e-01
227 7.485960e-01 4.396000e-03 2.470080e-01
228 7.479000e-01 4.260000e-03 2.478400e-01
229 7.472240e-01 4.156000e-03 2.486200e-01
230 7.465160e-01 4.200000e-03 2.492840e-01
231 7.457600e-01 4.236000e-03 2.500040e-01
232 7.450480e-01 4.196000e-03 2.507560e-01
233 7.442720e-01 4.212000e-03 2.515160e-01
234 7.434920e-01 4.284000e-03 2.522240e-01
235 7.426960e-01 4.376000e-03 2.529280e-01
236 7.418600e-01 4.376000e-03 2.537640e-01
237 7.410440e-01 4.484000e-03 2.544720e-01
238 7.402920e-01 4.472000e-03 2.552360e-01
239 7.396320e-01 4.348000e-03 2.560200e-01
240 7.389600e-01 4.220000e-03 2.568200e-01
241 7.381600e-01 4.296000e-03 2.575440e-01
242 7.374320e-01 4.304000e-03 2.582640e-01
243 7.366800e-01 4.360000e-03 2.589600e-01
244 7.360160e-01 4.300000e-03 2.596840e-01
245 7.353360e-01 4.260000e-03 2.604040e-01
246 7.347040e-01 4.164000e-03 2.611320e-01
247 7.339200e-01 4.144000e-03 2.619360e-01
248 7.332160e-01 4.140000e-03 2.626440e-01
249 7.325600e-01 4.068000e-03 2.633720e-01
250 7.318960e-01 4.068000e-03 2.640360e-01
251 7.311560e-01 4.180000e-03 2.646640e-01
252 7.304640e-01 4.148000e-03 2.653880e-01
253 7.297360e-01 4.124000e-03 2.661400e-01
254 7.290760e-01 4.072000e-03 2.668520e-01
255 7.284320e-01 4.040000e-03 2.675280e-01
256 7.277640e-01 4.052000e-03 2.681840e-01
257 7.269360e-01 4.172000e-03 2.688920e-01
258 7.262240e-01 4.224000e-03 2.695520e-01
259 7.254800e-01 4.120000e-03 2.704000e-01
260 7.248360e-01 4.132000e-03 2.710320e-01
261 7.242120e-01 4.012000e-03 2.717760e-01
262 7.235280e-01 3.976000e-03 2.724960e-01
263 7.229840e-01 3.784000e-03 2.732320e-01
264 7.223640e-01 3.772000e-03 2.738640e-01
265 7.217320e-01 3.668000e-03 2.746000e-01
266 7.211880e-01 3.588000e-03 2.752240e-01
267 7.204960e-01 3.640000e-03 2.758640e-01
268 7.198600e-01 3.596000e-03 2.765440e-01
269 7.192800e-01 3.568000e-03 2.771520e-01
270 7.186880e-01 3.524000e-03 2.777880e-01
271 7.181080e-01 3.484000e-03 2.784080e-01
272 7.175560e-01 3.472000e-03 2.789720e-01
273 7.170520e-01 3.416000e-03 2.795320e-01
274 7.164760e-01 3.384000e-03 2.801400e-01
275 7.159280e-01 3.312000e-03 2.807600e-01
276 7.154320e-01 3.264000e-03 2.813040e-01
277 7.149520e-01 3.264000e-03 2.817840e-01
278 7.143320e-01 3.316000e-03 2.823520e-01
279 7.136720e-01 3.364000e-03 2.829640e-01
280 7.130240e-01 3.384000e-03 2.835920e-01
281 7.124040e-01 3.404000e-03 2.841920e-01
282 7.116840e-01 3.428000e-03 2.848880e-01
283 7.111320e-01 3.352000e-03 2.855160e-01
284 7.104160e-01 3.400000e-03 2.861840e-01
285 7.098320e-01 3.440000e-03 2.867280e-01
286 7.091960e-01 3.536000e-03 2.872680e-01
287 7.086880e-01 3.380000e-03 2.879320e-01
288 7.080800e-01 3.400000e-03 2.885200e-01
289 7.074680e-01 3.404000e-03 2.891280e-01
290 7.069280e-01 3.380000e-03 2.896920e-01
291 7.063320e-01 3.504000e-03 2.901640e-01
292 7.057320e-01 3.512000e-03 2.907560e-01
293 7.049280e-01 3.684000e-03 2.913880e-01
294 7.042440e-01 3.704000e-03 2.920520e-01
295 7.035840e-01 3.780000e-03 2.926360e-01
296 7.029800e-01 3.760000e-03 2.932600e-01
297 7.023560e-01 3.684000e-03 2.939600e-01
298 7.017360e-01 3.612000e-03 2.946520e-01
299 7.011840e-01 3.500000e-03 2.953160e-01
300 7.006200e-01 3.456000e-03 2.959240e-01
301 7.002240e-01 3.256000e-03 2.965200e-01
302 6.996120e-01 3.292000e-03 2.970960e-01
303 6.991240e-01 3.212000e-03 2.976640e-01
304 6.986720e-01 3.112000e-03 2.982160e-01
305 6.981960e-01 3.108000e-03 2.986960e-01
306 6.977520e-01 3.004000e-03 2.992440e-01
307 6.972520e-01 3.028000e-03 2.997200e-01
308 6.967840e-01 2.976000e-03 3.002400e-01
309 6.963560e-01 2.924000e-03 3.007200e-01
310 6.959200e-01 2.892000e-03 3.011880e-01
311 6.954680e-01 2.876000e-03 3.016560e-01
312 6.949400e-01 2.884000e-03 3.021760e-01
313 6.945560e-01 2.744000e-03 3.027000e-01
314 6.940960e-01 2.740000e-03 3.031640e-01
315 6.935880e-01 2.744000e-03 3.036680e-01
316 6.931360e-01 2.768000e-03 3.040960e-01
317 6.926800e-01 2.752000e-03 3.045680e-01
318 6.921880e-01 2.736000e-03 3.050760e-01
319 6.917320e-01 2.740000e-03 3.055280e-01
320 6.912800e-01 2.652000e-03 3.060680e-01
321 6.908680e-01 2.644000e-03 3.064880e-01
322 6.904880e-01 2.612000e-03 3.069000e-01
323 6.900920e-01 2.508000e-03 3.074000e-01
324 6.897240e-01 2.356000e-03 3.079200e-01
325 6.894720e-01 2.192000e-03 3.083360e-01
326 6.890600e-01 2.188000e-03 3.087520e-01
327 6.886880e-01 2.176000e-03 3.091360e-01
328 6.883480e-01 2.120000e-03 3.095320e-01
329 6.880040e-01 2.084000e-03 3.099120e-01
330 6.876120e-01 2.136000e-03 3.102520e-01
331 6.871960e-01 2.188000e-03 3.106160e-01
332 6.867520e-01 2.268000e-03 3.109800e-01
333 6.862720e-01 2.324000e-03 3.114040e-01
334 6.857920e-01 2.456000e-03 3.117520e-01
335 6.853160e-01 2.580000e-03 3.121040e-01
336 6.848160e-01 2.652000e-03 3.125320e-01
337 6.843080e-01 2.676000e-03 3.130160e-01
338 6.838280e-01 2.652000e-03 3.135200e-01
339 6.832920e-01 2.676000e-03 3.140320e-01
340 6.828400e-01 2.664000e-03 3.144960e-01
341 6.824240e-01 2.544000e-03 3.150320e-01
342 6.819120e-01 2.588000e-03 3.155000e-01
343 6.815000e-01 2.564000e-03 3.159360e-01
344 6.811240e-01 2.496000e-03 3.163800e-01
345 6.806760e-01 2.480000e-03 3.168440e-01
346 6.802240e-01 2.508000e-03 3.172680e-01
347 6.797680e-01 2.548000e-03 3.176840e-01
348 6.792760e-01 2.600000e-03 3.181240e-01
349 6.788480e-01 2.588000e-03 3.185640e-01
350 6.783560e-01 2.656000e-03 3.189880e-01
351 6.779440e-01 2.608000e-03 3.194480e-01
352 6.775120e-01 2.620000e-03 3.198680e-01
353 6.770200e-01 2.584000e-03 3.203960e-01
354 6.766080e-01 2.632000e-03 3.207600e-01
355 6.761480e-01 2.628000e-03 3.212240e-01
356 6.757080e-01 2.612000e-03 3.216800e-01
357 6.752440e-01 2.660000e-03 3.220960e-01
358 6.747920e-01 2.636000e-03 3.225720e-01
359 6.743920e-01 2.524000e-03 3.230840e-01
360 6.740480e-01 2.372000e-03 3.235800e-01
361 6.737280e-01 2.240000e-03 3.240320e-01
362 6.733760e-01 2.228000e-03 3.243960e-01
363 6.729800e-01 2.228000e-03 3.247920e-01
364 6.726000e-01 2.196000e-03 3.252040e-01
365 6.722320e-01 2.200000e-03 3.255680e-01
366 6.718840e-01 2.140000e-03 3.259760e-01
367 6.715680e-01 2.096000e-03 3.263360e-01
368 6.712480e-01 2.092000e-03 3.266600e-01
369 6.708280e-01 2.120000e-03 3.270520e-01
370 6.704840e-01 2.116000e-03 3.274000e-01
371 6.701880e-01 2.072000e-03 3.277400e-01
372 6.698200e-01 2.052000e-03 3.281280e-01
373 6.694360e-01 2.028000e-03 3.285360e-01
374 6.690120e-01 2.112000e-03 3.288760e-01
375 6.686480e-01 2.112000e-03 3.292400e-01
376 6.682400e-01 2.160000e-03 3.296000e-01
377 6.678560e-01 2.152000e-03 3.299920e-01
378 6.674280e-01 2.204000e-03 3.303680e-01
379 6.670480e-01 2.220000e-03 3.307320e-01
380 6.666960e-01 2.152000e-03 3.311520e-01
381 6.663760e-01 2.096000e-03 3.315280e-01
382 6.659720e-01 2.096000e-03 3.319320e-01
383 6.655720e-01 2.144000e-03 3.322840e-01
384 6.652120e-01 2.116000e-03 3.326720e-01
385 6.649120e-01 2.032000e-03 3.330560e-01
386 6.645960e-01 2.044000e-03 3.333600e-01
387 6.642440e-01 2.052000e-03 3.337040e-01
388 6.639320e-01 2.032000e-03 3.340360e-01
389 6.635880e-01 2.012000e-03 3.344000e-01
390 6.632720e-01 2.016000e-03 3.347120e-01
391 6.629360e-01 1.992000e-03 3.350720e-01
392 6.625720e-01 2.032000e-03 3.353960e-01
393 6.621040e-01 2.136000e-03 3.357600e-01
394 6.617360e-01 2.128000e-03 3.361360e-01
395 6.614320e-01 2.024000e-03 3.365440e-01
396 6.611600e-01 1.908000e-03 3.369320e-01
397 6.608080e-01 1.904000e-03 3.372880e-01
398 6.605160e-01 1.896000e-03 3.375880e-01
399 6.602720e-01 1.808000e-03 3.379200e-01
400 6.600000e-01 1.744000e-03 3.382560e-01
401 6.597080e-01 1.772000e-03 3.385200e-01
402 6.594720e-01 1.748000e-03 3.387800e-01
403 6.591600e-01 1.712000e-03 3.391280e-01
404 6.588240e-01 1.756000e-03 3.394200e-01
405 6.585400e-01 1.692000e-03 3.397680e-01
406 6.582200e-01 1.732000e-03 3.400480e-01
407 6.579320e-01 1.724000e-03 3.403440e-01
408 6.577360e-01 1.560000e-03 3.407040e-01
409 6.574960e-01 1.512000e-03 3.409920e-01
410 6.572360e-01 1.504000e-03 3.412600e-01
411 6.569040e-01 1.536000e-03 3.415600e-01
412 6.566720e-01 1.540000e-03 3.417880e-01
413 6.563920e-01 1.548000e-03 3.420600e-01
414 6.560880e-01 1.564000e-03 3.423480e-01
415 6.558480e-01 1.588000e-03 3.425640e-01
416 6.556040e-01 1.548000e-03 3.428480e-01
417 6.553640e-01 1.512000e-03 3.431240e-01
418 6.551200e-01 1.500000e-03 3.433800e-01
419 6.548560e-01 1.492000e-03 3.436520e-01
420 6.545440e-01 1.512000e-03 3.439440e-01
421 6.542960e-01 1.536000e-03 3.441680e-01
422 6.540000e-01 1.560000e-03 3.444400e-01
423 6.536520e-01 1.600000e-03 3.447480e-01
424 6.533480e-01 1.616000e-03 3.450360e-01
425 6.530720e-01 1.624000e-03 3.453040e-01
426 6.527720e-01 1.704000e-03 3.455240e-01
427 6.525120e-01 1.652000e-03 3.458360e-01
428 6.522640e-01 1.556000e-03 3.461800e-01
429 6.520360e-01 1.524000e-03 3.464400e-01
430 6.517400e-01 1.548000e-03 3.467120e-01
431 6.515080e-01 1.568000e-03 3.469240e-01
432 6.512240e-01 1.580000e-03 3.471960e-01
433 6.510080e-01 1.552000e-03 3.474400e-01
434 6.507280e-01 1.560000e-03 3.477120e-01
435 6.504760e-01 1.552000e-03 3.479720e-01
436 6.502840e-01 1.456000e-03 3.482600e-01
437 6.500400e-01 1.416000e-03 3.485440e-01
438 6.498000e-01 1.404000e-03 3.487960e-01
439 6.495400e-01 1.436000e-03 3.490240e-01
440 6.492960e-01 1.392000e-03 3.493120e-01
441 6.490240e-01 1.424000e-03 3.495520e-01
442 6.487720e-01 1.464000e-03 3.497640e-01
443 6.485240e-01 1.476000e-03 3.500000e-01
444 6.482480e-01 1.484000e-03 3.502680e-01
445 6.480440e-01 1.448000e-03 3.505080e-01
446 6.478000e-01 1.476000e-03 3.507240e-01
447 6.475520e-01 1.480000e-03 3.509680e-01
448 6.472280e-01 1.528000e-03 3.512440e-01
449 6.469720e-01 1.492000e-03 3.515360e-01
450 6.466760e-01 1.536000e-03 3.517880e-01
451 6.464280e-01 1.488000e-03 3.520840e-01
452 6.461760e-01 1.504000e-03 3.523200e-01
453 6.459680e-01 1.480000e-03 3.525520e-01
454 6.457080e-01 1.468000e-03 3.528240e-01
455 6.454600e-01 1.528000e-03 3.530120e-01
456 6.451720e-01 1.568000e-03 3.532600e-01
457 6.449480e-01 1.500000e-03 3.535520e-01
458 6.447280e-01 1.464000e-03 3.538080e-01
459 6.445400e-01 1.416000e-03 3.540440e-01
460 6.443640e-01 1.304000e-03 3.543320e-01
461 6.441840e-01 1.260000e-03 3.545560e-01
462 6.439640e-01 1.288000e-03 3.547480e-01
463 6.437720e-01 1.272000e-03 3.549560e-01
464 6.435400e-01 1.308000e-03 3.551520e-01
465 6.433120e-01 1.320000e-03 3.553680e-01
466 6.431000e-01 1.308000e-03 3.555920e-01
467 6.428840e-01 1.288000e-03 3.558280e-01
468 6.426280e-01 1.312000e-03 3.560600e-01
469 6.424280e-01 1.260000e-03 3.563120e-01
470 6.421680e-01 1.268000e-03 3.565640e-01
471 6.418920e-01 1.300000e-03 3.568080e-01
472 6.416600e-01 1.296000e-03 3.570440e-01
473 6.414080e-01 1.336000e-03 3.572560e-01
474 6.411600e-01 1.304000e-03 3.575360e-01
475 6.409440e-01 1.340000e-03 3.577160e-01
476 6.406160e-01 1.416000e-03 3.579680e-01
477 6.403200e-01 1.516000e-03 3.581640e-01
478 6.400520e-01 1.528000e-03 3.584200e-01
479 6.397240e-01 1.576000e-03 3.587000e-01
480 6.394760e-01 1.544000e-03 3.589800e-01
481 6.392200e-01 1.480000e-03 3.593000e-01
482 6.389840e-01 1.460000e-03 3.595560e-01
483 6.387360e-01 1.452000e-03 3.598120e-01
484 6.384360e-01 1.488000e-03 3.600760e-01
485 6.381560e-01 1.544000e-03 3.603000e-01
486 6.379120e-01 1.532000e-03 3.605560e-01
487 6.376080e-01 1.592000e-03 3.608000e-01
488 6.373680e-01 1.524000e-03 3.611080e-01
489 6.371960e-01 1.420000e-03 3.613840e-01
490 6.370200e-01 1.372000e-03 3.616080e-01
491 6.367840e-01 1.408000e-03 3.618080e-01
492 6.365840e-01 1.416000e-03 3.620000e-01
493 6.363160e-01 1.452000e-03 3.622320e-01
494 6.360600e-01 1.448000e-03 3.624920e-01
495 6.358880e-01 1.320000e-03 3.627920e-01
496 6.357400e-01 1.280000e-03 3.629800e-01
497 6.355680e-01 1.220000e-03 3.632120e-01
498 6.353480e-01 1.208000e-03 3.634440e-01
499 6.351080e-01 1.212000e-03 3.636800e-01
500 6.349400e-01 1.188000e-03 3.638720e-01
