1 9.993600e-01 5.200000e-04 1.200000e-04
2 9.988880e-01 8.120000e-04 3.000000e-04
3 9.983480e-01 1.168000e-03 4.840000e-04
4 9.978680e-01 1.420000e-03 7.120000e-04
5 9.971360e-01 1.896000e-03 9.680000e-04
6 9.963560e-01 2.312000e-03 1.332000e-03
7 9.955800e-01 2.696000e-03 1.724000e-03
8 9.947280e-01 3.068000e-03 2.204000e-03
9 9.938840e-01 3.328000e-03 2.788000e-03
10 9.930280e-01 3.608000e-03 3.364000e-03
11 9.920600e-01 3.860000e-03 4.080000e-03
12 9.911640e-01 4.000000e-03 4.836000e-03
13 9.901280e-01 4.280000e-03 5.592000e-03
14 9.891600e-01 4.576000e-03 6.264000e-03
15 9.882120e-01 4.696000e-03 7.092000e-03
16 9.871320e-01 4.792000e-03 8.076000e-03
17 9.860680e-01 5.008000e-03 8.924000e-03
18 9.849040e-01 5.280000e-03 9.816000e-03
19 9.838080e-01 5.408000e-03 1.078400e-02
20 9.826200e-01 5.748000e-03 1.163200e-02
21 9.813760e-01 5.900000e-03 1.272400e-02
22 9.801320e-01 6.108000e-03 1.376000e-02
23 9.789480e-01 6.128000e-03 1.492400e-02
24 9.776280e-01 6.296000e-03 1.607600e-02
25 9.763920e-01 6.356000e-03 1.725200e-02
26 9.751440e-01 6.592000e-03 1.826400e-02
27 9.737880e-01 6.868000e-03 1.934400e-02
28 9.723080e-01 7.076000e-03 2.061600e-02
29 9.707640e-01 7.468000e-03 2.176800e-02
30 9.693600e-01 7.480000e-03 2.316000e-02
31 9.679160e-01 7.580000e-03 2.450400e-02
32 9.665040e-01 7.568000e-03 2.592800e-02
33 9.650960e-01 7.628000e-03 2.727600e-02
34 9.638120e-01 7.484000e-03 2.870400e-02
35 9.623600e-01 7.596000e-03 3.004400e-02
36 9.609400e-01 7.660000e-03 3.140000e-02
37 9.593600e-01 7.836000e-03 3.280400e-02
38 9.579120e-01 8.004000e-03 3.408400e-02
39 9.563640e-01 8.072000e-03 3.556400e-02
40 9.548480e-01 8.096000e-03 3.705600e-02
41 9.533200e-01 8.104000e-03 3.857600e-02
42 9.517720e-01 8.224000e-03 4.000400e-02
43 9.501960e-01 8.340000e-03 4.146400e-02
44 9.486960e-01 8.328000e-03 4.297600e-02
45 9.472480e-01 8.208000e-03 4.454400e-02
46 9.457080e-01 8.260000e-03 4.603200e-02
47 9.442680e-01 8.308000e-03 4.742400e-02
48 9.428720e-01 8.148000e-03 4.898000e-02
49 9.413960e-01 8.220000e-03 5.038400e-02
50 9.401080e-01 8.244000e-03 5.164800e-02
51 9.388000e-01 8.128000e-03 5.307200e-02
52 9.373360e-01 8.308000e-03 5.435600e-02
53 9.359680e-01 8.248000e-03 5.578400e-02
54 9.344400e-01 8.412000e-03 5.714800e-02
55 9.331320e-01 8.204000e-03 5.866400e-02
56 9.316160e-01 8.348000e-03 6.003600e-02
57 9.303440e-01 8.096000e-03 6.156000e-02
58 9.290280e-01 8.052000e-03 6.292000e-02
59 9.277760e-01 7.928000e-03 6.429600e-02
60 9.265320e-01 7.812000e-03 6.565600e-02
61 9.252400e-01 7.808000e-03 6.695200e-02
62 9.237480e-01 7.952000e-03 6.830000e-02
63 9.223760e-01 7.848000e-03 6.977600e-02
64 9.210400e-01 7.840000e-03 7.112000e-02
65 9.196920e-01 7.856000e-03 7.245200e-02
66 9.184080e-01 7.748000e-03 7.384400e-02
67 9.168760e-01 7.936000e-03 7.518800e-02
68 9.153240e-01 7.948000e-03 7.672800e-02
69 9.137480e-01 8.164000e-03 7.808800e-02
70 9.121520e-01 8.436000e-03 7.941200e-02
71 9.106720e-01 8.412000e-03 8.091600e-02
72 9.092960e-01 8.388000e-03 8.231600e-02
73 9.080680e-01 8.180000e-03 8.375200e-02
74 9.067920e-01 7.940000e-03 8.526800e-02
75 9.055400e-01 7.832000e-03 8.662800e-02
76 9.044000e-01 7.420000e-03 8.818000e-02
77 9.031640e-01 7.320000e-03 8.951600e-02
78 9.017240e-01 7.416000e-03 9.086000e-02
79 9.002760e-01 7.572000e-03 9.215200e-02
80 8.990520e-01 7.484000e-03 9.346400e-02
81 8.978000e-01 7.328000e-03 9.487200e-02
82 8.965120e-01 7.404000e-03 9.608400e-02
83 8.950520e-01 7.612000e-03 9.733600e-02
84 8.938280e-01 7.496000e-03 9.867600e-02
85 8.925480e-01 7.564000e-03 9.988800e-02
86 8.911120e-01 7.672000e-03 1.012160e-01
87 8.896680e-01 7.788000e-03 1.025440e-01
88 8.883720e-01 7.744000e-03 1.038840e-01
89 8.870480e-01 7.696000e-03 1.052560e-01
90 8.858240e-01 7.548000e-03 1.066280e-01
91 8.846040e-01 7.448000e-03 1.079480e-01
92 8.834440e-01 7.136000e-03 1.094200e-01
93 8.823360e-01 6.904000e-03 1.107600e-01
94 8.811800e-01 6.896000e-03 1.119240e-01
95 8.798760e-01 7.064000e-03 1.130600e-01
96 8.786800e-01 7.060000e-03 1.142600e-01
97 8.774640e-01 6.980000e-03 1.155560e-01
98 8.761360e-01 7.132000e-03 1.167320e-01
99 8.747080e-01 7.400000e-03 1.178920e-01
100 8.733760e-01 7.424000e-03 1.192000e-01
101 8.721240e-01 7.296000e-03 1.205800e-01
102 8.708120e-01 7.336000e-03 1.218520e-01
103 8.696240e-01 7.184000e-03 1.231920e-01
104 8.684920e-01 7.060000e-03 1.244480e-01
105 8.673480e-01 7.016000e-03 1.256360e-01
106 8.660840e-01 6.968000e-03 1.269480e-01
107 8.648120e-01 7.056000e-03 1.281320e-01
108 8.634920e-01 7.280000e-03 1.292280e-01
109 8.622960e-01 7.248000e-03 1.304560e-01
110 8.610640e-01 7.232000e-03 1.317040e-01
111 8.599560e-01 7.116000e-03 1.329280e-01
112 8.588040e-01 7.056000e-03 1.341400e-01
113 8.575440e-01 7.132000e-03 1.353240e-01
114 8.562040e-01 7.148000e-03 1.366480e-01
115 8.549160e-01 7.132000e-03 1.379520e-01
116 8.538440e-01 7.044000e-03 1.391120e-01
117 8.524720e-01 7.128000e-03 1.404000e-01
118 8.512280e-01 7.144000e-03 1.416280e-01
119 8.498360e-01 7.224000e-03 1.429400e-01
120 8.486760e-01 7.100000e-03 1.442240e-01
121 8.474400e-01 7.032000e-03 1.455280e-01
122 8.463080e-01 6.976000e-03 1.467160e-01
123 8.450520e-01 7.064000e-03 1.478840e-01
124 8.439760e-01 6.808000e-03 1.492160e-01
125 8.428280e-01 6.868000e-03 1.503040e-01
126 8.415640e-01 6.868000e-03 1.515680e-01
127 8.402960e-01 7.040000e-03 1.526640e-01
128 8.390880e-01 7.056000e-03 1.538560e-01
129 8.379320e-01 6.916000e-03 1.551520e-01
130 8.366360e-01 6.948000e-03 1.564160e-01
131 8.354880e-01 6.880000e-03 1.576320e-01
132 8.343040e-01 6.932000e-03 1.587640e-01
133 8.331520e-01 6.900000e-03 1.599480e-01
134 8.320320e-01 6.724000e-03 1.612440e-01
135 8.309040e-01 6.612000e-03 1.624840e-01
136 8.298760e-01 6.508000e-03 1.636160e-01
137 8.289520e-01 6.408000e-03 1.646400e-01
138 8.277520e-01 6.412000e-03 1.658360e-01
139 8.266240e-01 6.372000e-03 1.670040e-01
140 8.255240e-01 6.324000e-03 1.681520e-01
141 8.245040e-01 6.132000e-03 1.693640e-01
142 8.235480e-01 5.988000e-03 1.704640e-01
143 8.226080e-01 5.832000e-03 1.715600e-01
144 8.215480e-01 5.904000e-03 1.725480e-01
145 8.206040e-01 5.820000e-03 1.735760e-01
146 8.196160e-01 5.792000e-03 1.745920e-01
147 8.185400e-01 5.876000e-03 1.755840e-01
148 8.175320e-01 5.760000e-03 1.767080e-01
149 8.166080e-01 5.648000e-03 1.777440e-01
150 8.156680e-01 5.644000e-03 1.786880e-01
151 8.147880e-01 5.480000e-03 1.797320e-01
152 8.139680e-01 5.372000e-03 1.806600e-01
153 8.131360e-01 5.276000e-03 1.815880e-01
154 8.123240e-01 5.148000e-03 1.825280e-01
155 8.115400e-01 5.164000e-03 1.832960e-01
156 8.106600e-01 5.116000e-03 1.842240e-01
157 8.097880e-01 5.144000e-03 1.850680e-01
158 8.087640e-01 5.296000e-03 1.859400e-01
159 8.077200e-01 5.448000e-03 1.868320e-01
160 8.068360e-01 5.428000e-03 1.877360e-01
161 8.058440e-01 5.520000e-03 1.886360e-01
162 8.049160e-01 5.492000e-03 1.895920e-01
163 8.040520e-01 5.304000e-03 1.906440e-01
164 8.031920e-01 5.300000e-03 1.915080e-01
165 8.023480e-01 5.148000e-03 1.925040e-01
166 8.015400e-01 5.060000e-03 1.934000e-01
167 8.006440e-01 5.072000e-03 1.942840e-01
168 7.997720e-01 5.016000e-03 1.952120e-01
169 7.988360e-01 5.100000e-03 1.960640e-01
170 7.979360e-01 5.088000e-03 1.969760e-01
171 7.970080e-01 5.088000e-03 1.979040e-01
172 7.961920e-01 4.988000e-03 1.988200e-01
173 7.954280e-01 4.772000e-03 1.998000e-01
174 7.946240e-01 4.796000e-03 2.005800e-01
175 7.938520e-01 4.664000e-03 2.014840e-01
176 7.931240e-01 4.608000e-03 2.022680e-01
177 7.923640e-01 4.500000e-03 2.031360e-01
178 7.915840e-01 4.444000e-03 2.039720e-01
179 7.907000e-01 4.448000e-03 2.048520e-01
180 7.898640e-01 4.500000e-03 2.056360e-01
181 7.891200e-01 4.524000e-03 2.063560e-01
182 7.883200e-01 4.548000e-03 2.071320e-01
183 7.875520e-01 4.580000e-03 2.078680e-01
184 7.866280e-01 4.712000e-03 2.086600e-01
185 7.857360e-01 4.748000e-03 2.095160e-01
186 7.848240e-01 4.764000e-03 2.104120e-01
187 7.840600e-01 4.732000e-03 2.112080e-01
188 7.831400e-01 4.788000e-03 2.120720e-01
189 7.823200e-01 4.836000e-03 2.128440e-01
190 7.815840e-01 4.676000e-03 2.137400e-01
191 7.808720e-01 4.572000e-03 2.145560e-01
192 7.801280e-01 4.492000e-03 2.153800e-01
193 7.794160e-01 4.408000e-03 2.161760e-01
194 7.786200e-01 4.460000e-03 2.169200e-01
195 7.779680e-01 4.348000e-03 2.176840e-01
196 7.773400e-01 4.232000e-03 2.184280e-01
197 7.767040e-01 4.184000e-03 2.191120e-01
198 7.760040e-01 4.092000e-03 2.199040e-01
199 7.752920e-01 4.096000e-03 2.206120e-01
200 7.745880e-01 4.024000e-03 2.213880e-01
201 7.740080e-01 3.784000e-03 2.222080e-01
202 7.734640e-01 3.676000e-03 2.228600e-01
203 7.728680e-01 3.580000e-03 2.235520e-01
204 7.723280e-01 3.492000e-03 2.241800e-01
205 7.717720e-01 3.432000e-03 2.247960e-01
206 7.712280e-01 3.380000e-03 2.253920e-01
207 7.707080e-01 3.328000e-03 2.259640e-01
208 7.700400e-01 3.348000e-03 2.266120e-01
209 7.694600e-01 3.344000e-03 2.271960e-01
210 7.687320e-01 3.500000e-03 2.277680e-01
211 7.680760e-01 3.564000e-03 2.283600e-01
212 7.674560e-01 3.560000e-03 2.289840e-01
213 7.668800e-01 3.448000e-03 2.296720e-01
214 7.663680e-01 3.384000e-03 2.302480e-01
215 7.658480e-01 3.320000e-03 2.308320e-01
216 7.652680e-01 3.364000e-03 2.313680e-01
217 7.647040e-01 3.368000e-03 2.319280e-01
218 7.641880e-01 3.288000e-03 2.325240e-01
219 7.636160e-01 3.312000e-03 2.330720e-01
220 7.630840e-01 3.236000e-03 2.336800e-01
221 7.627080e-01 3.052000e-03 2.342400e-01
222 7.622280e-01 3.024000e-03 2.347480e-01
223 7.617640e-01 3.052000e-03 2.351840e-01
224 7.613760e-01 2.928000e-03 2.356960e-01
225 7.609600e-01 2.876000e-03 2.361640e-01
226 7.604720e-01 2.860000e-03 2.366680e-01
227 7.600360e-01 2.840000e-03 2.371240e-01
228 7.595520e-01 2.804000e-03 2.376440e-01
229 7.589640e-01 2.860000e-03 2.381760e-01
230 7.584600e-01 2.888000e-03 2.386520e-01
231 7.579160e-01 2.852000e-03 2.392320e-01
232 7.574520e-01 2.848000e-03 2.397000e-01
233 7.569480e-01 2.980000e-03 2.400720e-01
234 7.564360e-01 3.004000e-03 2.405600e-01
235 7.558960e-01 2.956000e-03 2.411480e-01
236 7.553800e-01 2.888000e-03 2.417320e-01
237 7.549000e-01 2.900000e-03 2.422000e-01
238 7.543600e-01 2.940000e-03 2.427000e-01
239 7.537200e-01 3.024000e-03 2.432560e-01
240 7.532000e-01 3.040000e-03 2.437600e-01
241 7.527240e-01 3.048000e-03 2.442280e-01
242 7.522400e-01 2.928000e-03 2.448320e-01
243 7.518240e-01 2.808000e-03 2.453680e-01
244 7.513880e-01 2.736000e-03 2.458760e-01
245 7.509040e-01 2.776000e-03 2.463200e-01
246 7.503760e-01 2.820000e-03 2.468040e-01
247 7.498120e-01 2.868000e-03 2.473200e-01
248 7.492960e-01 2.860000e-03 2.478440e-01
249 7.487440e-01 2.920000e-03 2.483360e-01
250 7.482200e-01 2.900000e-03 2.488800e-01
251 7.477520e-01 2.868000e-03 2.493800e-01
252 7.473040e-01 2.840000e-03 2.498560e-01
253 7.467840e-01 2.864000e-03 2.503520e-01
254 7.462600e-01 2.876000e-03 2.508640e-01
255 7.457160e-01 2.852000e-03 2.514320e-01
256 7.451680e-01 2.912000e-03 2.519200e-01
257 7.446440e-01 2.896000e-03 2.524600e-01
258 7.441320e-01 2.848000e-03 2.530200e-01
259 7.435800e-01 2.908000e-03 2.535120e-01
260 7.430000e-01 2.956000e-03 2.540440e-01
261 7.424680e-01 2.980000e-03 2.545520e-01
262 7.419680e-01 2.908000e-03 2.551240e-01
263 7.414440e-01 2.916000e-03 2.556400e-01
264 7.408640e-01 3.048000e-03 2.560880e-01
265 7.402800e-01 3.080000e-03 2.566400e-01
266 7.397760e-01 3.020000e-03 2.572040e-01
267 7.392680e-01 2.984000e-03 2.577480e-01
268 7.387080e-01 3.040000e-03 2.582520e-01
269 7.382040e-01 3.036000e-03 2.587600e-01
270 7.377520e-01 3.036000e-03 2.592120e-01
271 7.372800e-01 2.972000e-03 2.597480e-01
272 7.366840e-01 3.068000e-03 2.602480e-01
273 7.361360e-01 3.052000e-03 2.608120e-01
274 7.356000e-01 3.024000e-03 2.613760e-01
275 7.350640e-01 2.948000e-03 2.619880e-01
276 7.344920e-01 2.968000e-03 2.625400e-01
277 7.339560e-01 3.036000e-03 2.630080e-01
278 7.333920e-01 3.080000e-03 2.635280e-01
279 7.327720e-01 3.188000e-03 2.640400e-01
280 7.322000e-01 3.284000e-03 2.645160e-01
281 7.315520e-01 3.400000e-03 2.650480e-01
282 7.310400e-01 3.308000e-03 2.656520e-01
283 7.304800e-01 3.284000e-03 2.662360e-01
284 7.299560e-01 3.240000e-03 2.668040e-01
285 7.293560e-01 3.320000e-03 2.673240e-01
286 7.288600e-01 3.176000e-03 2.679640e-01
287 7.283200e-01 3.128000e-03 2.685520e-01
288 7.278080e-01 3.028000e-03 2.691640e-01
289 7.272320e-01 3.112000e-03 2.696560e-01
290 7.267280e-01 3.100000e-03 2.701720e-01
291 7.261720e-01 3.124000e-03 2.707040e-01
292 7.256960e-01 3.104000e-03 2.712000e-01
293 7.252280e-01 3.000000e-03 2.717720e-01
294 7.247200e-01 2.912000e-03 2.723680e-01
295 7.241200e-01 3.000000e-03 2.728800e-01
296 7.235320e-01 3.132000e-03 2.733360e-01
297 7.229880e-01 3.196000e-03 2.738160e-01
298 7.225400e-01 3.176000e-03 2.742840e-01
299 7.220160e-01 3.196000e-03 2.747880e-01
300 7.215360e-01 3.148000e-03 2.753160e-01
301 7.210640e-01 3.052000e-03 2.758840e-01
302 7.205680e-01 3.092000e-03 2.763400e-01
303 7.199480e-01 3.240000e-03 2.768120e-01
304 7.194040e-01 3.208000e-03 2.773880e-01
305 7.187760e-01 3.296000e-03 2.779280e-01
306 7.182240e-01 3.312000e-03 2.784640e-01
307 7.176320e-01 3.372000e-03 2.789960e-01
308 7.170840e-01 3.320000e-03 2.795960e-01
309 7.166080e-01 3.320000e-03 2.800720e-01
310 7.160280e-01 3.336000e-03 2.806360e-01
311 7.154400e-01 3.344000e-03 2.812160e-01
312 7.148840e-01 3.220000e-03 2.818960e-01
313 7.143520e-01 3.180000e-03 2.824680e-01
314 7.139400e-01 3.092000e-03 2.829680e-01
315 7.135280e-01 2.936000e-03 2.835360e-01
316 7.131600e-01 2.784000e-03 2.840560e-01
317 7.127560e-01 2.708000e-03 2.845360e-01
318 7.123400e-01 2.680000e-03 2.849800e-01
319 7.119000e-01 2.664000e-03 2.854360e-01
320 7.114160e-01 2.684000e-03 2.859000e-01
321 7.109840e-01 2.640000e-03 2.863760e-01
322 7.104480e-01 2.720000e-03 2.868320e-01
323 7.099920e-01 2.704000e-03 2.873040e-01
324 7.094440e-01 2.848000e-03 2.877080e-01
325 7.089640e-01 2.904000e-03 2.881320e-01
326 7.084200e-01 2.956000e-03 2.886240e-01
327 7.079160e-01 2.920000e-03 2.891640e-01
328 7.074400e-01 2.896000e-03 2.896640e-01
329 7.069720e-01 2.780000e-03 2.902480e-01
330 7.063560e-01 2.884000e-03 2.907600e-01
331 7.057480e-01 3.016000e-03 2.912360e-01
332 7.052240e-01 3.008000e-03 2.917680e-01
333 7.047000e-01 3.064000e-03 2.922360e-01
334 7.042640e-01 2.928000e-03 2.928080e-01
335 7.037520e-01 2.892000e-03 2.933560e-01
336 7.032000e-01 2.936000e-03 2.938640e-01
337 7.027840e-01 2.776000e-03 2.944400e-01
338 7.023720e-01 2.704000e-03 2.949240e-01
339 7.019640e-01 2.656000e-03 2.953800e-01
340 7.015720e-01 2.616000e-03 2.958120e-01
341 7.011520e-01 2.576000e-03 2.962720e-01
342 7.007440e-01 2.588000e-03 2.966680e-01
343 7.002960e-01 2.588000e-03 2.971160e-01
344 6.998000e-01 2.584000e-03 2.976160e-01
345 6.993760e-01 2.524000e-03 2.981000e-01
346 6.988640e-01 2.624000e-03 2.985120e-01
347 6.983880e-01 2.632000e-03 2.989800e-01
348 6.978880e-01 2.676000e-03 2.994360e-01
349 6.973640e-01 2.732000e-03 2.999040e-01
350 6.968960e-01 2.776000e-03 3.003280e-01
351 6.963400e-01 2.864000e-03 3.007960e-01
352 6.958880e-01 2.776000e-03 3.013360e-01
353 6.953360e-01 2.788000e-03 3.018760e-01
354 6.948360e-01 2.772000e-03 3.023920e-01
355 6.944120e-01 2.656000e-03 3.029320e-01
356 6.939440e-01 2.672000e-03 3.033840e-01
357 6.935200e-01 2.668000e-03 3.038120e-01
358 6.931120e-01 2.512000e-03 3.043760e-01
359 6.927160e-01 2.420000e-03 3.048640e-01
360 6.923800e-01 2.328000e-03 3.052920e-01
361 6.919880e-01 2.312000e-03 3.057000e-01
362 6.916960e-01 2.216000e-03 3.060880e-01
363 6.912520e-01 2.268000e-03 3.064800e-01
364 6.909320e-01 2.244000e-03 3.068240e-01
365 6.905000e-01 2.256000e-03 3.072440e-01
366 6.900840e-01 2.180000e-03 3.077360e-01
367 6.896440e-01 2.244000e-03 3.081120e-01
368 6.892720e-01 2.216000e-03 3.085120e-01
369 6.888040e-01 2.328000e-03 3.088680e-01
370 6.884840e-01 2.216000e-03 3.093000e-01
371 6.881360e-01 2.184000e-03 3.096800e-01
372 6.878360e-01 2.056000e-03 3.101080e-01
373 6.874640e-01 2.080000e-03 3.104560e-01
374 6.871160e-01 2.064000e-03 3.108200e-01
375 6.868040e-01 2.056000e-03 3.111400e-01
376 6.864520e-01 2.056000e-03 3.114920e-01
377 6.860960e-01 2.088000e-03 3.118160e-01
378 6.858200e-01 2.020000e-03 3.121600e-01
379 6.854360e-01 2.080000e-03 3.124840e-01
380 6.850520e-01 2.068000e-03 3.128800e-01
381 6.847680e-01 2.084000e-03 3.131480e-01
382 6.844320e-01 2.076000e-03 3.134920e-01
383 6.841160e-01 2.032000e-03 3.138520e-01
384 6.837440e-01 2.068000e-03 3.141880e-01
385 6.834800e-01 1.988000e-03 3.145320e-01
386 6.831520e-01 1.980000e-03 3.148680e-01
387 6.827440e-01 2.040000e-03 3.152160e-01
388 6.823800e-01 2.056000e-03 3.155640e-01
389 6.820440e-01 2.004000e-03 3.159520e-01
390 6.817800e-01 1.916000e-03 3.163040e-01
391 6.814840e-01 1.880000e-03 3.166360e-01
392 6.812480e-01 1.780000e-03 3.169720e-01
393 6.810120e-01 1.700000e-03 3.172880e-01
394 6.808040e-01 1.596000e-03 3.176000e-01
395 6.805880e-01 1.520000e-03 3.178920e-01
396 6.803680e-01 1.476000e-03 3.181560e-01
397 6.801480e-01 1.472000e-03 3.183800e-01
398 6.799600e-01 1.380000e-03 3.186600e-01
399 6.797440e-01 1.352000e-03 3.189040e-01
400 6.795520e-01 1.328000e-03 3.191200e-01
401 6.793600e-01 1.284000e-03 3.193560e-01
402 6.791480e-01 1.300000e-03 3.195520e-01
403 6.790120e-01 1.212000e-03 3.197760e-01
404 6.788360e-01 1.208000e-03 3.199560e-01
405 6.786560e-01 1.172000e-03 3.201720e-01
406 6.785000e-01 1.156000e-03 3.203440e-01
407 6.783080e-01 1.120000e-03 3.205720e-01
408 6.781280e-01 1.072000e-03 3.208000e-01
409 6.779560e-01 1.100000e-03 3.209440e-01
410 6.778360e-01 1.032000e-03 3.211320e-01
411 6.776320e-01 1.020000e-03 3.213480e-01
412 6.774600e-01 9.760000e-04 3.215640e-01
413 6.772960e-01 9.600000e-04 3.217440e-01
414 6.771600e-01 9.040000e-04 3.219360e-01
415 6.770280e-01 8.360000e-04 3.221360e-01
416 6.768360e-01 8.720000e-04 3.222920e-01
417 6.766680e-01 9.000000e-04 3.224320e-01
418 6.765160e-01 9.120000e-04 3.225720e-01
419 6.763240e-01 9.520000e-04 3.227240e-01
420 6.761240e-01 9.240000e-04 3.229520e-01
421 6.759880e-01 8.960000e-04 3.231160e-01
422 6.758240e-01 9.280000e-04 3.232480e-01
423 6.756640e-01 9.160000e-04 3.234200e-01
424 6.755000e-01 8.880000e-04 3.236120e-01
425 6.753680e-01 8.480000e-04 3.237840e-01
426 6.752360e-01 8.400000e-04 3.239240e-01
427 6.751000e-01 8.080000e-04 3.240920e-01
428 6.749880e-01 7.680000e-04 3.242440e-01
429 6.748120e-01 8.080000e-04 3.243800e-01
430 6.746280e-01 8.560000e-04 3.245160e-01
431 6.744800e-01 8.560000e-04 3.246640e-01
432 6.743320e-01 8.920000e-04 3.247760e-01
433 6.742240e-01 7.800000e-04 3.249960e-01
434 6.741200e-01 7.720000e-04 3.251080e-01
435 6.740240e-01 6.880000e-04 3.252880e-01
436 6.739240e-01 6.880000e-04 3.253880e-01
437 6.737800e-01 7.160000e-04 3.255040e-01
438 6.736240e-01 7.400000e-04 3.256360e-01
439 6.734480e-01 7.600000e-04 3.257920e-01
440 6.733440e-01 7.320000e-04 3.259240e-01
441 6.732440e-01 7.320000e-04 3.260240e-01
442 6.731080e-01 7.400000e-04 3.261520e-01
443 6.729960e-01 7.440000e-04 3.262600e-01
444 6.729000e-01 7.200000e-04 3.263800e-01
445 6.727680e-01 7.480000e-04 3.264840e-01
446 6.726120e-01 7.440000e-04 3.266440e-01
447 6.724400e-01 7.920000e-04 3.267680e-01
448 6.722880e-01 7.880000e-04 3.269240e-01
449 6.721640e-01 7.720000e-04 3.270640e-01
450 6.720120e-01 8.080000e-04 3.271800e-01
451 6.718680e-01 8.440000e-04 3.272880e-01
452 6.716960e-01 9.120000e-04 3.273920e-01
453 6.715760e-01 8.440000e-04 3.275800e-01
454 6.713720e-01 9.320000e-04 3.276960e-01
455 6.712240e-01 9.200000e-04 3.278560e-01
456 6.710400e-01 9.040000e-04 3.280560e-01
457 6.707920e-01 9.920000e-04 3.282160e-01
458 6.706200e-01 9.880000e-04 3.283920e-01
459 6.704440e-01 9.960000e-04 3.285600e-01
460 6.702440e-01 1.048000e-03 3.287080e-01
461 6.700680e-01 1.060000e-03 3.288720e-01
462 6.699160e-01 1.036000e-03 3.290480e-01
463 6.697240e-01 1.092000e-03 3.291840e-01
464 6.694920e-01 1.136000e-03 3.293720e-01
465 6.692280e-01 1.252000e-03 3.295200e-01
466 6.690440e-01 1.208000e-03 3.297480e-01
467 6.688160e-01 1.228000e-03 3.299560e-01
468 6.685880e-01 1.244000e-03 3.301680e-01
469 6.683960e-01 1.248000e-03 3.303560e-01
470 6.681880e-01 1.272000e-03 3.305400e-01
471 6.679800e-01 1.300000e-03 3.307200e-01
472 6.677840e-01 1.244000e-03 3.309720e-01
473 6.676200e-01 1.196000e-03 3.311840e-01
474 6.673960e-01 1.208000e-03 3.313960e-01
475 6.671600e-01 1.272000e-03 3.315680e-01
476 6.669960e-01 1.248000e-03 3.317560e-01
477 6.667920e-01 1.268000e-03 3.319400e-01
478 6.666320e-01 1.212000e-03 3.321560e-01
479 6.664720e-01 1.188000e-03 3.323400e-01
480 6.662320e-01 1.240000e-03 3.325280e-01
481 6.660120e-01 1.232000e-03 3.327560e-01
482 6.658280e-01 1.204000e-03 3.329680e-01
483 6.656160e-01 1.184000e-03 3.332000e-01
484 6.654080e-01 1.212000e-03 3.333800e-01
485 6.651280e-01 1.236000e-03 3.336360e-01
486 6.648760e-01 1.268000e-03 3.338560e-01
487 6.646080e-01 1.376000e-03 3.340160e-01
488 6.642920e-01 1.464000e-03 3.342440e-01
489 6.640000e-01 1.528000e-03 3.344720e-01
490 6.636880e-01 1.628000e-03 3.346840e-01
491 6.633680e-01 1.632000e-03 3.350000e-01
492 6.631000e-01 1.572000e-03 3.353280e-01
493 6.628000e-01 1.656000e-03 3.355440e-01
494 6.625120e-01 1.660000e-03 3.358280e-01
495 6.622160e-01 1.608000e-03 3.361760e-01
496 6.619720e-01 1.604000e-03 3.364240e-01
497 6.617000e-01 1.628000e-03 3.366720e-01
498 6.614440e-01 1.664000e-03 3.368920e-01
499 6.612360e-01 1.596000e-03 3.371680e-01
500 6.609440e-01 1.592000e-03 3.374640e-01
