1 9.992640e-01 6.640000e-04 7.200000e-05
2 9.987680e-01 9.880000e-04 2.440000e-04
3 9.980880e-01 1.432000e-03 4.800000e-04
4 9.974160e-01 1.868000e-03 7.160000e-04
5 9.966720e-01 2.256000e-03 1.072000e-03
6 9.958440e-01 2.636000e-03 1.520000e-03
7 9.949400e-01 3.076000e-03 1.984000e-03
8 9.940880e-01 3.368000e-03 2.544000e-03
9 9.932200e-01 3.692000e-03 3.088000e-03
10 9.922680e-01 3.900000e-03 3.832000e-03
11 9.912200e-01 4.168000e-03 4.612000e-03
12 9.901200e-01 4.472000e-03 5.408000e-03
13 9.889160e-01 4.888000e-03 6.196000e-03
14 9.879520e-01 5.000000e-03 7.048000e-03
15 9.868240e-01 5.180000e-03 7.996000e-03
16 9.857400e-01 5.368000e-03 8.892000e-03
17 9.844320e-01 5.688000e-03 9.880000e-03
18 9.833400e-01 5.824000e-03 1.083600e-02
19 9.820800e-01 6.040000e-03 1.188000e-02
20 9.809120e-01 6.156000e-03 1.293200e-02
21 9.796160e-01 6.316000e-03 1.406800e-02
22 9.784480e-01 6.276000e-03 1.527600e-02
23 9.772920e-01 6.376000e-03 1.633200e-02
24 9.759760e-01 6.664000e-03 1.736000e-02
25 9.745840e-01 6.864000e-03 1.855200e-02
26 9.733160e-01 7.004000e-03 1.968000e-02
27 9.720640e-01 7.144000e-03 2.079200e-02
28 9.705960e-01 7.308000e-03 2.209600e-02
29 9.691240e-01 7.428000e-03 2.344800e-02
30 9.676080e-01 7.716000e-03 2.467600e-02
31 9.660480e-01 7.820000e-03 2.613200e-02
32 9.643400e-01 8.048000e-03 2.761200e-02
33 9.627840e-01 8.144000e-03 2.907200e-02
34 9.610720e-01 8.248000e-03 3.068000e-02
35 9.594080e-01 8.520000e-03 3.207200e-02
36 9.576760e-01 8.644000e-03 3.368000e-02
37 9.560200e-01 8.892000e-03 3.508800e-02
38 9.543000e-01 9.120000e-03 3.658000e-02
39 9.524720e-01 9.260000e-03 3.826800e-02
40 9.508320e-01 9.192000e-03 3.997600e-02
41 9.492840e-01 9.020000e-03 4.169600e-02
42 9.476560e-01 9.028000e-03 4.331600e-02
43 9.460160e-01 9.148000e-03 4.483600e-02
44 9.443320e-01 9.316000e-03 4.635200e-02
45 9.426200e-01 9.348000e-03 4.803200e-02
46 9.406520e-01 9.696000e-03 4.965200e-02
47 9.389360e-01 9.628000e-03 5.143600e-02
48 9.371000e-01 9.648000e-03 5.325200e-02
49 9.353320e-01 9.688000e-03 5.498000e-02
50 9.337080e-01 9.628000e-03 5.666400e-02
51 9.320640e-01 9.604000e-03 5.833200e-02
52 9.305160e-01 9.572000e-03 5.991200e-02
53 9.288200e-01 9.576000e-03 6.160400e-02
54 9.270880e-01 9.592000e-03 6.332000e-02
55 9.251800e-01 9.892000e-03 6.492800e-02
56 9.233840e-01 9.868000e-03 6.674800e-02
57 9.215640e-01 9.992000e-03 6.844400e-02
58 9.196800e-01 1.021600e-02 7.010400e-02
59 9.178800e-01 1.029200e-02 7.182800e-02
60 9.159000e-01 1.045200e-02 7.364800e-02
61 9.140000e-01 1.054400e-02 7.545600e-02
62 9.120840e-01 1.055600e-02 7.736000e-02
63 9.102040e-01 1.059200e-02 7.920400e-02
64 9.083120e-01 1.058000e-02 8.110800e-02
65 9.064720e-01 1.058400e-02 8.294400e-02
66 9.046800e-01 1.045200e-02 8.486800e-02
67 9.027960e-01 1.057600e-02 8.662800e-02
68 9.010000e-01 1.051200e-02 8.848800e-02
69 8.991640e-01 1.063200e-02 9.020400e-02
70 8.973360e-01 1.054400e-02 9.212000e-02
71 8.955840e-01 1.052000e-02 9.389600e-02
72 8.938360e-01 1.037200e-02 9.579200e-02
73 8.920840e-01 1.045200e-02 9.746400e-02
74 8.903560e-01 1.033200e-02 9.931200e-02
75 8.886840e-01 1.016800e-02 1.011480e-01
76 8.870120e-01 1.009200e-02 1.028960e-01
77 8.851960e-01 1.010400e-02 1.047000e-01
78 8.834800e-01 9.960000e-03 1.065600e-01
79 8.817520e-01 1.004800e-02 1.082000e-01
80 8.800680e-01 9.956000e-03 1.099760e-01
81 8.785640e-01 9.672000e-03 1.117640e-01
82 8.769680e-01 9.560000e-03 1.134720e-01
83 8.756200e-01 9.348000e-03 1.150320e-01
84 8.741960e-01 9.264000e-03 1.165400e-01
85 8.727360e-01 9.184000e-03 1.180800e-01
86 8.711280e-01 9.280000e-03 1.195920e-01
87 8.696480e-01 9.044000e-03 1.213080e-01
88 8.681000e-01 9.080000e-03 1.228200e-01
89 8.666720e-01 8.908000e-03 1.244200e-01
90 8.650760e-01 8.896000e-03 1.260280e-01
91 8.634800e-01 8.824000e-03 1.276960e-01
92 8.619080e-01 8.832000e-03 1.292600e-01
93 8.602880e-01 8.900000e-03 1.308120e-01
94 8.588000e-01 8.892000e-03 1.323080e-01
95 8.574400e-01 8.708000e-03 1.338520e-01
96 8.560360e-01 8.484000e-03 1.354800e-01
97 8.544840e-01 8.632000e-03 1.368840e-01
98 8.530600e-01 8.636000e-03 1.383040e-01
99 8.516680e-01 8.364000e-03 1.399680e-01
100 8.502440e-01 8.364000e-03 1.413920e-01
101 8.487000e-01 8.384000e-03 1.429160e-01
102 8.472240e-01 8.296000e-03 1.444800e-01
103 8.457560e-01 8.244000e-03 1.460000e-01
104 8.442840e-01 8.236000e-03 1.474800e-01
105 8.426200e-01 8.492000e-03 1.488880e-01
106 8.410880e-01 8.616000e-03 1.502960e-01
107 8.396480e-01 8.476000e-03 1.518760e-01
108 8.382920e-01 8.340000e-03 1.533680e-01
109 8.367680e-01 8.352000e-03 1.548800e-01
110 8.353920e-01 8.212000e-03 1.563960e-01
111 8.339040e-01 8.276000e-03 1.578200e-01
112 8.325000e-01 8.264000e-03 1.592360e-01
113 8.310200e-01 8.356000e-03 1.606240e-01
114 8.295320e-01 8.280000e-03 1.621880e-01
115 8.280400e-01 8.380000e-03 1.635800e-01
116 8.264920e-01 8.576000e-03 1.649320e-01
117 8.249480e-01 8.560000e-03 1.664920e-01
118 8.234480e-01 8.624000e-03 1.679280e-01
119 8.220040e-01 8.432000e-03 1.695640e-01
120 8.205880e-01 8.432000e-03 1.709800e-01
121 8.191720e-01 8.564000e-03 1.722640e-01
122 8.176960e-01 8.580000e-03 1.737240e-01
123 8.163120e-01 8.516000e-03 1.751720e-01
124 8.148880e-01 8.416000e-03 1.766960e-01
125 8.134520e-01 8.424000e-03 1.781240e-01
126 8.120240e-01 8.432000e-03 1.795440e-01
127 8.106000e-01 8.280000e-03 1.811200e-01
128 8.091800e-01 8.332000e-03 1.824880e-01
129 8.077720e-01 8.288000e-03 1.839400e-01
130 8.064120e-01 8.136000e-03 1.854520e-01
131 8.049920e-01 8.060000e-03 1.869480e-01
132 8.035720e-01 7.936000e-03 1.884920e-01
133 8.022160e-01 7.940000e-03 1.898440e-01
134 8.008200e-01 7.984000e-03 1.911960e-01
135 7.994080e-01 8.060000e-03 1.925320e-01
136 7.979800e-01 8.072000e-03 1.939480e-01
137 7.964880e-01 8.328000e-03 1.951840e-01
138 7.948400e-01 8.600000e-03 1.965600e-01
139 7.932360e-01 8.732000e-03 1.980320e-01
140 7.917640e-01 8.700000e-03 1.995360e-01
141 7.904000e-01 8.532000e-03 2.010680e-01
142 7.890400e-01 8.372000e-03 2.025880e-01
143 7.875360e-01 8.548000e-03 2.039160e-01
144 7.861920e-01 8.448000e-03 2.053600e-01
145 7.847280e-01 8.420000e-03 2.068520e-01
146 7.835360e-01 8.248000e-03 2.082160e-01
147 7.821080e-01 8.220000e-03 2.096720e-01
148 7.806880e-01 8.264000e-03 2.110480e-01
149 7.793320e-01 8.208000e-03 2.124600e-01
150 7.778200e-01 8.196000e-03 2.139840e-01
151 7.762040e-01 8.280000e-03 2.155160e-01
152 7.746080e-01 8.504000e-03 2.168880e-01
153 7.729200e-01 8.768000e-03 2.183120e-01
154 7.713760e-01 8.832000e-03 2.197920e-01
155 7.699520e-01 8.588000e-03 2.214600e-01
156 7.684640e-01 8.572000e-03 2.229640e-01
157 7.670560e-01 8.600000e-03 2.243440e-01
158 7.655400e-01 8.372000e-03 2.260880e-01
159 7.642920e-01 8.192000e-03 2.275160e-01
160 7.630080e-01 8.052000e-03 2.289400e-01
161 7.615000e-01 8.204000e-03 2.302960e-01
162 7.600640e-01 8.196000e-03 2.317400e-01
163 7.585320e-01 8.292000e-03 2.331760e-01
164 7.570800e-01 8.192000e-03 2.347280e-01
165 7.557320e-01 8.092000e-03 2.361760e-01
166 7.543280e-01 8.084000e-03 2.375880e-01
167 7.529880e-01 7.968000e-03 2.390440e-01
168 7.516400e-01 7.800000e-03 2.405600e-01
169 7.503520e-01 7.748000e-03 2.419000e-01
170 7.490520e-01 7.648000e-03 2.433000e-01
171 7.477960e-01 7.540000e-03 2.446640e-01
172 7.465520e-01 7.548000e-03 2.459000e-01
173 7.452880e-01 7.408000e-03 2.473040e-01
174 7.440440e-01 7.432000e-03 2.485240e-01
175 7.430040e-01 7.168000e-03 2.498280e-01
176 7.418320e-01 7.092000e-03 2.510760e-01
177 7.407800e-01 6.976000e-03 2.522440e-01
178 7.395520e-01 6.836000e-03 2.536120e-01
179 7.384800e-01 6.696000e-03 2.548240e-01
180 7.373160e-01 6.616000e-03 2.560680e-01
181 7.362520e-01 6.440000e-03 2.573080e-01
182 7.352360e-01 6.304000e-03 2.584600e-01
183 7.343040e-01 6.172000e-03 2.595240e-01
184 7.333680e-01 6.060000e-03 2.605720e-01
185 7.324600e-01 5.960000e-03 2.615800e-01
186 7.315960e-01 5.680000e-03 2.627240e-01
187 7.306680e-01 5.740000e-03 2.635920e-01
188 7.297560e-01 5.624000e-03 2.646200e-01
189 7.288640e-01 5.672000e-03 2.654640e-01
190 7.278600e-01 5.708000e-03 2.664320e-01
191 7.268680e-01 5.680000e-03 2.674520e-01
192 7.259520e-01 5.592000e-03 2.684560e-01
193 7.250840e-01 5.444000e-03 2.694720e-01
194 7.240880e-01 5.532000e-03 2.703800e-01
195 7.230600e-01 5.572000e-03 2.713680e-01
196 7.221440e-01 5.532000e-03 2.723240e-01
197 7.212200e-01 5.508000e-03 2.732720e-01
198 7.201600e-01 5.716000e-03 2.741240e-01
199 7.191960e-01 5.608000e-03 2.751960e-01
200 7.182760e-01 5.576000e-03 2.761480e-01
201 7.172440e-01 5.632000e-03 2.771240e-01
202 7.161880e-01 5.652000e-03 2.781600e-01
203 7.152480e-01 5.612000e-03 2.791400e-01
204 7.142800e-01 5.604000e-03 2.801160e-01
205 7.132760e-01 5.728000e-03 2.809960e-01
206 7.122920e-01 5.656000e-03 2.820520e-01
207 7.113760e-01 5.588000e-03 2.830360e-01
208 7.103680e-01 5.628000e-03 2.840040e-01
209 7.094560e-01 5.476000e-03 2.850680e-01
210 7.085360e-01 5.472000e-03 2.859920e-01
211 7.076160e-01 5.368000e-03 2.870160e-01
212 7.066680e-01 5.372000e-03 2.879600e-01
213 7.058200e-01 5.336000e-03 2.888440e-01
214 7.048880e-01 5.368000e-03 2.897440e-01
215 7.038920e-01 5.484000e-03 2.906240e-01
216 7.028960e-01 5.520000e-03 2.915840e-01
217 7.019760e-01 5.508000e-03 2.925160e-01
218 7.010560e-01 5.416000e-03 2.935280e-01
219 7.001640e-01 5.324000e-03 2.945120e-01
220 6.992240e-01 5.300000e-03 2.954760e-01
221 6.982960e-01 5.296000e-03 2.964080e-01
222 6.973440e-01 5.236000e-03 2.974200e-01
223 6.964760e-01 5.172000e-03 2.983520e-01
224 6.955680e-01 5.192000e-03 2.992400e-01
225 6.947160e-01 5.176000e-03 3.001080e-01
226 6.938400e-01 5.104000e-03 3.010560e-01
227 6.930160e-01 5.028000e-03 3.019560e-01
228 6.921720e-01 4.968000e-03 3.028600e-01
229 6.913640e-01 4.924000e-03 3.037120e-01
230 6.905720e-01 4.840000e-03 3.045880e-01
231 6.898000e-01 4.740000e-03 3.054600e-01
232 6.889760e-01 4.736000e-03 3.062880e-01
233 6.880680e-01 4.848000e-03 3.070840e-01
234 6.871560e-01 4.916000e-03 3.079280e-01
235 6.862640e-01 4.864000e-03 3.088720e-01
236 6.854600e-01 4.776000e-03 3.097640e-01
237 6.846240e-01 4.776000e-03 3.106000e-01
238 6.837800e-01 4.744000e-03 3.114760e-01
239 6.829200e-01 4.796000e-03 3.122840e-01
240 6.821200e-01 4.736000e-03 3.131440e-01
241 6.812960e-01 4.772000e-03 3.139320e-01
242 6.803640e-01 4.800000e-03 3.148360e-01
243 6.796440e-01 4.632000e-03 3.157240e-01
244 6.788680e-01 4.640000e-03 3.164920e-01
245 6.780960e-01 4.564000e-03 3.173400e-01
246 6.772960e-01 4.616000e-03 3.180880e-01
247 6.765320e-01 4.572000e-03 3.188960e-01
248 6.758440e-01 4.436000e-03 3.197200e-01
249 6.750520e-01 4.536000e-03 3.204120e-01
250 6.742240e-01 4.672000e-03 3.211040e-01
251 6.733480e-01 4.828000e-03 3.218240e-01
252 6.723880e-01 4.832000e-03 3.227800e-01
253 6.717200e-01 4.708000e-03 3.235720e-01
254 6.709160e-01 4.736000e-03 3.243480e-01
255 6.700320e-01 4.788000e-03 3.251800e-01
256 6.693760e-01 4.648000e-03 3.259760e-01
257 6.687680e-01 4.500000e-03 3.267320e-01
258 6.679760e-01 4.536000e-03 3.274880e-01
259 6.671440e-01 4.536000e-03 3.283200e-01
260 6.664400e-01 4.452000e-03 3.291080e-01
261 6.656880e-01 4.428000e-03 3.298840e-01
262 6.647960e-01 4.568000e-03 3.306360e-01
263 6.639480e-01 4.580000e-03 3.314720e-01
264 6.633200e-01 4.364000e-03 3.323160e-01
265 6.626640e-01 4.272000e-03 3.330640e-01
266 6.619640e-01 4.272000e-03 3.337640e-01
267 6.612160e-01 4.232000e-03 3.345520e-01
268 6.603960e-01 4.344000e-03 3.352600e-01
269 6.596080e-01 4.356000e-03 3.360360e-01
270 6.587720e-01 4.504000e-03 3.367240e-01
271 6.579240e-01 4.492000e-03 3.375840e-01
272 6.570680e-01 4.536000e-03 3.383960e-01
273 6.563360e-01 4.448000e-03 3.392160e-01
274 6.556920e-01 4.284000e-03 3.400240e-01
275 6.549720e-01 4.188000e-03 3.408400e-01
276 6.543520e-01 4.076000e-03 3.415720e-01
277 6.536520e-01 4.092000e-03 3.422560e-01
278 6.530400e-01 3.988000e-03 3.429720e-01
279 6.523480e-01 4.028000e-03 3.436240e-01
280 6.516600e-01 4.028000e-03 3.443120e-01
281 6.510080e-01 3.852000e-03 3.451400e-01
282 6.503120e-01 3.904000e-03 3.457840e-01
283 6.496440e-01 3.908000e-03 3.464480e-01
284 6.489280e-01 3.960000e-03 3.471120e-01
285 6.482200e-01 3.980000e-03 3.478000e-01
286 6.475040e-01 3.952000e-03 3.485440e-01
287 6.467960e-01 3.952000e-03 3.492520e-01
288 6.461240e-01 3.964000e-03 3.499120e-01
289 6.454560e-01 3.968000e-03 3.505760e-01
290 6.447240e-01 3.992000e-03 3.512840e-01
291 6.439320e-01 4.072000e-03 3.519960e-01
292 6.432440e-01 4.076000e-03 3.526800e-01
293 6.425000e-01 4.108000e-03 3.533920e-01
294 6.418040e-01 4.044000e-03 3.541520e-01
295 6.409920e-01 4.084000e-03 3.549240e-01
296 6.403080e-01 3.976000e-03 3.557160e-01
297 6.396080e-01 3.960000e-03 3.564320e-01
298 6.389760e-01 3.836000e-03 3.571880e-01
299 6.383440e-01 3.764000e-03 3.578920e-01
300 6.377680e-01 3.680000e-03 3.585520e-01
301 6.372280e-01 3.532000e-03 3.592400e-01
302 6.367720e-01 3.316000e-03 3.599120e-01
303 6.362640e-01 3.228000e-03 3.605080e-01
304 6.357320e-01 3.228000e-03 3.610400e-01
305 6.352320e-01 3.084000e-03 3.616840e-01
306 6.346560e-01 3.080000e-03 3.622640e-01
307 6.340280e-01 3.184000e-03 3.627880e-01
308 6.333360e-01 3.284000e-03 3.633800e-01
309 6.327600e-01 3.244000e-03 3.639960e-01
310 6.321640e-01 3.204000e-03 3.646320e-01
311 6.316920e-01 3.132000e-03 3.651760e-01
312 6.313040e-01 2.988000e-03 3.657080e-01
313 6.308160e-01 2.932000e-03 3.662520e-01
314 6.303560e-01 2.884000e-03 3.667600e-01
315 6.298360e-01 2.976000e-03 3.671880e-01
316 6.293200e-01 3.028000e-03 3.676520e-01
317 6.288400e-01 3.064000e-03 3.680960e-01
318 6.284080e-01 2.996000e-03 3.685960e-01
319 6.278640e-01 3.072000e-03 3.690640e-01
320 6.273320e-01 3.076000e-03 3.695920e-01
321 6.268360e-01 2.996000e-03 3.701680e-01
322 6.263120e-01 2.964000e-03 3.707240e-01
323 6.257600e-01 2.964000e-03 3.712760e-01
324 6.252200e-01 2.976000e-03 3.718040e-01
325 6.247680e-01 2.884000e-03 3.723480e-01
326 6.242840e-01 2.812000e-03 3.729040e-01
327 6.237560e-01 2.820000e-03 3.734240e-01
328 6.232840e-01 2.772000e-03 3.739440e-01
329 6.227240e-01 2.868000e-03 3.744080e-01
330 6.222080e-01 2.832000e-03 3.749600e-01
331 6.216600e-01 2.888000e-03 3.754520e-01
332 6.211360e-01 2.840000e-03 3.760240e-01
333 6.206680e-01 2.864000e-03 3.764680e-01
334 6.201600e-01 2.896000e-03 3.769440e-01
335 6.196840e-01 2.888000e-03 3.774280e-01
336 6.192280e-01 2.756000e-03 3.780160e-01
337 6.188160e-01 2.680000e-03 3.785040e-01
338 6.182520e-01 2.772000e-03 3.789760e-01
339 6.178760e-01 2.600000e-03 3.795240e-01
340 6.175120e-01 2.536000e-03 3.799520e-01
341 6.171440e-01 2.496000e-03 3.803600e-01
342 6.167400e-01 2.492000e-03 3.807680e-01
343 6.163440e-01 2.460000e-03 3.811960e-01
344 6.159520e-01 2.492000e-03 3.815560e-01
345 6.155600e-01 2.472000e-03 3.819680e-01
346 6.152000e-01 2.412000e-03 3.823880e-01
347 6.148240e-01 2.304000e-03 3.828720e-01
348 6.144520e-01 2.268000e-03 3.832800e-01
349 6.140920e-01 2.248000e-03 3.836600e-01
350 6.137600e-01 2.208000e-03 3.840320e-01
351 6.133640e-01 2.232000e-03 3.844040e-01
352 6.129760e-01 2.248000e-03 3.847760e-01
353 6.126400e-01 2.152000e-03 3.852080e-01
354 6.122200e-01 2.200000e-03 3.855800e-01
355 6.118120e-01 2.204000e-03 3.859840e-01
356 6.114040e-01 2.224000e-03 3.863720e-01
357 6.110600e-01 2.196000e-03 3.867440e-01
358 6.107360e-01 2.192000e-03 3.870720e-01
359 6.103440e-01 2.248000e-03 3.874080e-01
360 6.099320e-01 2.236000e-03 3.878320e-01
361 6.095440e-01 2.232000e-03 3.882240e-01
362 6.092240e-01 2.152000e-03 3.886240e-01
363 6.088640e-01 2.176000e-03 3.889600e-01
364 6.085000e-01 2.208000e-03 3.892920e-01
365 6.081840e-01 2.136000e-03 3.896800e-01
366 6.078120e-01 2.136000e-03 3.900520e-01
367 6.074760e-01 2.112000e-03 3.904120e-01
368 6.071080e-01 2.080000e-03 3.908120e-01
369 6.067880e-01 2.044000e-03 3.911680e-01
370 6.064960e-01 2.068000e-03 3.914360e-01
371 6.062080e-01 1.976000e-03 3.918160e-01
372 6.058640e-01 1.936000e-03 3.922000e-01
373 6.055680e-01 1.908000e-03 3.925240e-01
374 6.052080e-01 1.944000e-03 3.928480e-01
375 6.048600e-01 1.956000e-03 3.931840e-01
376 6.044880e-01 1.932000e-03 3.935800e-01
377 6.042120e-01 1.880000e-03 3.939080e-01
378 6.039080e-01 1.876000e-03 3.942160e-01
379 6.036080e-01 1.884000e-03 3.945080e-01
380 6.032480e-01 1.892000e-03 3.948600e-01
381 6.029080e-01 1.892000e-03 3.952000e-01
382 6.026200e-01 1.832000e-03 3.955480e-01
383 6.022880e-01 1.832000e-03 3.958800e-01
384 6.020280e-01 1.780000e-03 3.961920e-01
385 6.017440e-01 1.760000e-03 3.964960e-01
386 6.014920e-01 1.676000e-03 3.968320e-01
387 6.012040e-01 1.648000e-03 3.971480e-01
388 6.009360e-01 1.616000e-03 3.974480e-01
389 6.006240e-01 1.632000e-03 3.977440e-01
390 6.003680e-01 1.532000e-03 3.981000e-01
391 6.000480e-01 1.540000e-03 3.984120e-01
392 5.997320e-01 1.540000e-03 3.987280e-01
393 5.994280e-01 1.560000e-03 3.990120e-01
394 5.991400e-01 1.584000e-03 3.992760e-01
395 5.988600e-01 1.580000e-03 3.995600e-01
396 5.985800e-01 1.660000e-03 3.997600e-01
397 5.982960e-01 1.668000e-03 4.000360e-01
398 5.980400e-01 1.584000e-03 4.003760e-01
399 5.976680e-01 1.664000e-03 4.006680e-01
400 5.973280e-01 1.724000e-03 4.009480e-01
401 5.969200e-01 1.860000e-03 4.012200e-01
402 5.966200e-01 1.812000e-03 4.015680e-01
403 5.962240e-01 1.940000e-03 4.018360e-01
404 5.958200e-01 2.008000e-03 4.021720e-01
405 5.954960e-01 1.964000e-03 4.025400e-01
406 5.951840e-01 2.004000e-03 4.028120e-01
407 5.949160e-01 1.948000e-03 4.031360e-01
408 5.946480e-01 1.864000e-03 4.034880e-01
409 5.942600e-01 1.928000e-03 4.038120e-01
410 5.940040e-01 1.836000e-03 4.041600e-01
411 5.936840e-01 1.832000e-03 4.044840e-01
412 5.933760e-01 1.756000e-03 4.048680e-01
413 5.930480e-01 1.752000e-03 4.052000e-01
414 5.927320e-01 1.772000e-03 4.054960e-01
415 5.924400e-01 1.748000e-03 4.058120e-01
416 5.921720e-01 1.672000e-03 4.061560e-01
417 5.918920e-01 1.688000e-03 4.064200e-01
418 5.916080e-01 1.648000e-03 4.067440e-01
419 5.913400e-01 1.652000e-03 4.070080e-01
420 5.910080e-01 1.688000e-03 4.073040e-01
421 5.907040e-01 1.740000e-03 4.075560e-01
422 5.903480e-01 1.780000e-03 4.078720e-01
423 5.899000e-01 1.924000e-03 4.081760e-01
424 5.894080e-01 2.040000e-03 4.085520e-01
425 5.890160e-01 2.080000e-03 4.089040e-01
426 5.887240e-01 1.964000e-03 4.093120e-01
427 5.883560e-01 1.996000e-03 4.096480e-01
428 5.880320e-01 1.972000e-03 4.099960e-01
429 5.877000e-01 2.008000e-03 4.102920e-01
430 5.873840e-01 1.956000e-03 4.106600e-01
431 5.870520e-01 1.960000e-03 4.109880e-01
432 5.867600e-01 1.940000e-03 4.113000e-01
433 5.865080e-01 1.844000e-03 4.116480e-01
434 5.861920e-01 1.828000e-03 4.119800e-01
435 5.859000e-01 1.792000e-03 4.123080e-01
436 5.856160e-01 1.776000e-03 4.126080e-01
437 5.852800e-01 1.828000e-03 4.128920e-01
438 5.849400e-01 1.820000e-03 4.132400e-01
439 5.846040e-01 1.824000e-03 4.135720e-01
440 5.843120e-01 1.756000e-03 4.139320e-01
441 5.839640e-01 1.836000e-03 4.142000e-01
442 5.836760e-01 1.896000e-03 4.144280e-01
443 5.833560e-01 1.800000e-03 4.148440e-01
444 5.830800e-01 1.728000e-03 4.151920e-01
445 5.828720e-01 1.648000e-03 4.154800e-01
446 5.826480e-01 1.576000e-03 4.157760e-01
447 5.824200e-01 1.512000e-03 4.160680e-01
448 5.821960e-01 1.508000e-03 4.162960e-01
449 5.819760e-01 1.496000e-03 4.165280e-01
450 5.817320e-01 1.444000e-03 4.168240e-01
451 5.814920e-01 1.444000e-03 4.170640e-01
452 5.812400e-01 1.484000e-03 4.172760e-01
453 5.810160e-01 1.480000e-03 4.175040e-01
454 5.807920e-01 1.456000e-03 4.177520e-01
455 5.805320e-01 1.500000e-03 4.179680e-01
456 5.802960e-01 1.464000e-03 4.182400e-01
457 5.800280e-01 1.476000e-03 4.184960e-01
458 5.797760e-01 1.444000e-03 4.187800e-01
459 5.795480e-01 1.416000e-03 4.190360e-01
460 5.792720e-01 1.476000e-03 4.192520e-01
461 5.790520e-01 1.448000e-03 4.195000e-01
462 5.788000e-01 1.420000e-03 4.197800e-01
463 5.786200e-01 1.336000e-03 4.200440e-01
464 5.783840e-01 1.288000e-03 4.203280e-01
465 5.781320e-01 1.332000e-03 4.205360e-01
466 5.779080e-01 1.344000e-03 4.207480e-01
467 5.777320e-01 1.304000e-03 4.209640e-01
468 5.775280e-01 1.280000e-03 4.211920e-01
469 5.773120e-01 1.280000e-03 4.214080e-01
470 5.771480e-01 1.296000e-03 4.215560e-01
471 5.769200e-01 1.288000e-03 4.217920e-01
472 5.766920e-01 1.272000e-03 4.220360e-01
473 5.765280e-01 1.216000e-03 4.222560e-01
474 5.763400e-01 1.192000e-03 4.224680e-01
475 5.761200e-01 1.244000e-03 4.226360e-01
476 5.759360e-01 1.144000e-03 4.229200e-01
477 5.757560e-01 1.140000e-03 4.231040e-01
478 5.755600e-01 1.112000e-03 4.233280e-01
479 5.753800e-01 1.140000e-03 4.234800e-01
480 5.751360e-01 1.188000e-03 4.236760e-01
481 5.749240e-01 1.212000e-03 4.238640e-01
482 5.747600e-01 1.152000e-03 4.240880e-01
483 5.745920e-01 1.176000e-03 4.242320e-01
484 5.744080e-01 1.168000e-03 4.244240e-01
485 5.742400e-01 1.124000e-03 4.246360e-01
486 5.740440e-01 1.116000e-03 4.248400e-01
487 5.739000e-01 1.076000e-03 4.250240e-01
488 5.737080e-01 1.072000e-03 4.252200e-01
489 5.734680e-01 1.124000e-03 4.254080e-01
490 5.733160e-01 1.068000e-03 4.256160e-01
491 5.731520e-01 1.036000e-03 4.258120e-01
492 5.730120e-01 1.020000e-03 4.259680e-01
493 5.729200e-01 9.120000e-04 4.261680e-01
494 5.727800e-01 9.360000e-04 4.262840e-01
495 5.726240e-01 9.440000e-04 4.264320e-01
496 5.724640e-01 9.240000e-04 4.266120e-01
497 5.723120e-01 9.040000e-04 4.267840e-01
498 5.721360e-01 9.120000e-04 4.269520e-01
499 5.720120e-01 8.840000e-04 4.271040e-01
500 5.718560e-01 9.000000e-04 4.272440e-01
