1 9.991760e-01 7.560000e-04 6.800000e-05
2 9.985960e-01 1.176000e-03 2.280000e-04
3 9.978360e-01 1.692000e-03 4.720000e-04
4 9.971120e-01 2.128000e-03 7.600000e-04
5 9.962400e-01 2.644000e-03 1.116000e-03
6 9.953000e-01 3.052000e-03 1.648000e-03
7 9.944280e-01 3.428000e-03 2.144000e-03
8 9.933160e-01 3.864000e-03 2.820000e-03
9 9.921920e-01 4.308000e-03 3.500000e-03
10 9.911240e-01 4.632000e-03 4.244000e-03
11 9.900560e-01 4.820000e-03 5.124000e-03
12 9.888600e-01 5.108000e-03 6.032000e-03
13 9.876240e-01 5.452000e-03 6.924000e-03
14 9.864440e-01 5.792000e-03 7.764000e-03
15 9.852320e-01 6.064000e-03 8.704000e-03
16 9.840280e-01 6.132000e-03 9.840000e-03
17 9.827640e-01 6.296000e-03 1.094000e-02
18 9.813600e-01 6.568000e-03 1.207200e-02
19 9.799240e-01 6.888000e-03 1.318800e-02
20 9.784640e-01 7.236000e-03 1.430000e-02
21 9.769960e-01 7.412000e-03 1.559200e-02
22 9.755720e-01 7.648000e-03 1.678000e-02
23 9.740800e-01 7.700000e-03 1.822000e-02
24 9.724160e-01 8.052000e-03 1.953200e-02
25 9.707720e-01 8.248000e-03 2.098000e-02
26 9.691840e-01 8.400000e-03 2.241600e-02
27 9.676440e-01 8.324000e-03 2.403200e-02
28 9.660840e-01 8.400000e-03 2.551600e-02
29 9.644040e-01 8.608000e-03 2.698800e-02
30 9.628400e-01 8.640000e-03 2.852000e-02
31 9.612760e-01 8.696000e-03 3.002800e-02
32 9.597760e-01 8.864000e-03 3.136000e-02
33 9.581520e-01 8.960000e-03 3.288800e-02
34 9.563480e-01 9.212000e-03 3.444000e-02
35 9.545000e-01 9.340000e-03 3.616000e-02
36 9.527520e-01 9.292000e-03 3.795600e-02
37 9.510000e-01 9.520000e-03 3.948000e-02
38 9.492600e-01 9.452000e-03 4.128800e-02
39 9.474440e-01 9.632000e-03 4.292400e-02
40 9.456480e-01 9.788000e-03 4.456400e-02
41 9.438200e-01 9.732000e-03 4.644800e-02
42 9.419920e-01 9.740000e-03 4.826800e-02
43 9.402800e-01 9.680000e-03 5.004000e-02
44 9.385160e-01 9.684000e-03 5.180000e-02
45 9.366720e-01 9.700000e-03 5.362800e-02
46 9.349560e-01 9.828000e-03 5.521600e-02
47 9.333160e-01 9.716000e-03 5.696800e-02
48 9.317080e-01 9.592000e-03 5.870000e-02
49 9.301240e-01 9.596000e-03 6.028000e-02
50 9.286440e-01 9.436000e-03 6.192000e-02
51 9.271000e-01 9.352000e-03 6.354800e-02
52 9.255960e-01 9.252000e-03 6.515200e-02
53 9.240720e-01 9.260000e-03 6.666800e-02
54 9.224520e-01 9.140000e-03 6.840800e-02
55 9.209720e-01 9.064000e-03 6.996400e-02
56 9.195040e-01 9.032000e-03 7.146400e-02
57 9.179240e-01 9.048000e-03 7.302800e-02
58 9.162440e-01 9.044000e-03 7.471200e-02
59 9.146360e-01 9.032000e-03 7.633200e-02
60 9.131520e-01 8.968000e-03 7.788000e-02
61 9.116200e-01 9.008000e-03 7.937200e-02
62 9.100720e-01 8.864000e-03 8.106400e-02
63 9.085280e-01 8.888000e-03 8.258400e-02
64 9.069960e-01 8.888000e-03 8.411600e-02
65 9.055080e-01 8.776000e-03 8.571600e-02
66 9.040400e-01 8.856000e-03 8.710400e-02
67 9.024240e-01 8.864000e-03 8.871200e-02
68 9.008800e-01 8.928000e-03 9.019200e-02
69 8.992560e-01 8.844000e-03 9.190000e-02
70 8.977720e-01 8.724000e-03 9.350400e-02
71 8.962360e-01 8.648000e-03 9.511600e-02
72 8.945840e-01 8.768000e-03 9.664800e-02
73 8.929280e-01 8.796000e-03 9.827600e-02
74 8.911920e-01 8.976000e-03 9.983200e-02
75 8.894760e-01 8.984000e-03 1.015400e-01
76 8.878120e-01 9.048000e-03 1.031400e-01
77 8.862040e-01 9.040000e-03 1.047560e-01
78 8.845680e-01 9.156000e-03 1.062760e-01
79 8.830080e-01 9.124000e-03 1.078680e-01
80 8.815440e-01 8.996000e-03 1.094600e-01
81 8.801000e-01 8.868000e-03 1.110320e-01
82 8.786960e-01 8.676000e-03 1.126280e-01
83 8.771640e-01 8.744000e-03 1.140920e-01
84 8.756320e-01 8.816000e-03 1.155520e-01
85 8.741360e-01 8.836000e-03 1.170280e-01
86 8.726640e-01 8.712000e-03 1.186240e-01
87 8.712000e-01 8.676000e-03 1.201240e-01
88 8.699040e-01 8.444000e-03 1.216520e-01
89 8.683520e-01 8.484000e-03 1.231640e-01
90 8.669520e-01 8.564000e-03 1.244840e-01
91 8.654720e-01 8.484000e-03 1.260440e-01
92 8.640240e-01 8.488000e-03 1.274880e-01
93 8.625440e-01 8.392000e-03 1.290640e-01
94 8.611480e-01 8.228000e-03 1.306240e-01
95 8.597920e-01 8.188000e-03 1.320200e-01
96 8.585320e-01 8.048000e-03 1.334200e-01
97 8.572200e-01 7.900000e-03 1.348800e-01
98 8.558960e-01 7.784000e-03 1.363200e-01
99 8.545640e-01 7.664000e-03 1.377720e-01
100 8.531040e-01 7.936000e-03 1.389600e-01
101 8.516200e-01 8.028000e-03 1.403520e-01
102 8.501840e-01 8.148000e-03 1.416680e-01
103 8.488760e-01 8.040000e-03 1.430840e-01
104 8.475480e-01 8.036000e-03 1.444160e-01
105 8.462600e-01 7.904000e-03 1.458360e-01
106 8.450000e-01 7.908000e-03 1.470920e-01
107 8.436640e-01 7.840000e-03 1.484960e-01
108 8.422520e-01 7.852000e-03 1.498960e-01
109 8.408440e-01 7.936000e-03 1.512200e-01
110 8.394080e-01 7.960000e-03 1.526320e-01
111 8.381440e-01 7.828000e-03 1.540280e-01
112 8.367720e-01 7.804000e-03 1.554240e-01
113 8.353720e-01 7.940000e-03 1.566880e-01
114 8.341200e-01 7.908000e-03 1.579720e-01
115 8.326960e-01 8.004000e-03 1.593000e-01
116 8.313920e-01 7.920000e-03 1.606880e-01
117 8.300520e-01 7.856000e-03 1.620920e-01
118 8.286880e-01 7.888000e-03 1.634240e-01
119 8.274240e-01 7.832000e-03 1.647440e-01
120 8.259400e-01 7.972000e-03 1.660880e-01
121 8.245360e-01 7.944000e-03 1.675200e-01
122 8.231040e-01 7.964000e-03 1.689320e-01
123 8.216280e-01 8.044000e-03 1.703280e-01
124 8.202280e-01 8.056000e-03 1.717160e-01
125 8.188600e-01 8.112000e-03 1.730280e-01
126 8.173080e-01 8.176000e-03 1.745160e-01
127 8.158960e-01 8.124000e-03 1.759800e-01
128 8.145800e-01 7.984000e-03 1.774360e-01
129 8.132640e-01 7.876000e-03 1.788600e-01
130 8.120280e-01 7.740000e-03 1.802320e-01
131 8.107920e-01 7.580000e-03 1.816280e-01
132 8.095200e-01 7.568000e-03 1.829120e-01
133 8.082160e-01 7.644000e-03 1.841400e-01
134 8.068960e-01 7.636000e-03 1.854680e-01
135 8.056880e-01 7.472000e-03 1.868400e-01
136 8.044920e-01 7.396000e-03 1.881120e-01
137 8.033440e-01 7.144000e-03 1.895120e-01
138 8.021520e-01 7.088000e-03 1.907600e-01
139 8.009480e-01 7.060000e-03 1.919920e-01
140 7.996400e-01 7.228000e-03 1.931320e-01
141 7.984680e-01 7.076000e-03 1.944560e-01
142 7.973360e-01 6.932000e-03 1.957320e-01
143 7.961640e-01 6.924000e-03 1.969120e-01
144 7.949760e-01 6.736000e-03 1.982880e-01
145 7.938440e-01 6.764000e-03 1.993920e-01
146 7.925800e-01 6.796000e-03 2.006240e-01
147 7.912680e-01 6.864000e-03 2.018680e-01
148 7.899360e-01 6.888000e-03 2.031760e-01
149 7.887120e-01 6.816000e-03 2.044720e-01
150 7.874520e-01 6.800000e-03 2.057480e-01
151 7.860520e-01 7.068000e-03 2.068800e-01
152 7.846440e-01 7.220000e-03 2.081360e-01
153 7.832440e-01 7.296000e-03 2.094600e-01
154 7.819040e-01 7.364000e-03 2.107320e-01
155 7.805880e-01 7.228000e-03 2.121840e-01
156 7.794280e-01 7.156000e-03 2.134160e-01
157 7.781640e-01 7.196000e-03 2.146400e-01
158 7.768040e-01 7.308000e-03 2.158880e-01
159 7.755160e-01 7.372000e-03 2.171120e-01
160 7.742000e-01 7.348000e-03 2.184520e-01
161 7.731160e-01 7.196000e-03 2.196880e-01
162 7.719680e-01 7.112000e-03 2.209200e-01
163 7.708000e-01 7.040000e-03 2.221600e-01
164 7.695920e-01 7.056000e-03 2.233520e-01
165 7.684600e-01 6.952000e-03 2.245880e-01
166 7.673200e-01 6.816000e-03 2.258640e-01
167 7.661440e-01 6.852000e-03 2.270040e-01
168 7.649880e-01 6.768000e-03 2.282440e-01
169 7.638520e-01 6.756000e-03 2.293920e-01
170 7.625760e-01 6.940000e-03 2.304840e-01
171 7.613560e-01 6.940000e-03 2.317040e-01
172 7.599680e-01 7.084000e-03 2.329480e-01
173 7.587680e-01 7.012000e-03 2.342200e-01
174 7.574880e-01 7.040000e-03 2.354720e-01
175 7.562120e-01 7.120000e-03 2.366680e-01
176 7.550640e-01 7.004000e-03 2.379320e-01
177 7.538720e-01 7.048000e-03 2.390800e-01
178 7.526720e-01 7.128000e-03 2.402000e-01
179 7.515600e-01 7.080000e-03 2.413600e-01
180 7.502960e-01 7.104000e-03 2.426000e-01
181 7.492360e-01 6.960000e-03 2.438040e-01
182 7.481240e-01 6.868000e-03 2.450080e-01
183 7.469400e-01 6.996000e-03 2.460640e-01
184 7.457400e-01 6.924000e-03 2.473360e-01
185 7.445360e-01 6.916000e-03 2.485480e-01
186 7.434440e-01 6.852000e-03 2.497040e-01
187 7.423080e-01 6.904000e-03 2.507880e-01
188 7.412120e-01 6.724000e-03 2.520640e-01
189 7.401200e-01 6.728000e-03 2.531520e-01
190 7.389920e-01 6.660000e-03 2.543480e-01
191 7.378200e-01 6.652000e-03 2.555280e-01
192 7.368520e-01 6.444000e-03 2.567040e-01
193 7.357560e-01 6.392000e-03 2.578520e-01
194 7.346560e-01 6.208000e-03 2.591360e-01
195 7.335320e-01 6.296000e-03 2.601720e-01
196 7.325000e-01 6.116000e-03 2.613840e-01
197 7.314160e-01 6.112000e-03 2.624720e-01
198 7.304040e-01 6.040000e-03 2.635560e-01
199 7.293960e-01 5.940000e-03 2.646640e-01
200 7.285160e-01 5.756000e-03 2.657280e-01
201 7.275200e-01 5.804000e-03 2.666760e-01
202 7.265680e-01 5.780000e-03 2.676520e-01
203 7.256080e-01 5.808000e-03 2.685840e-01
204 7.245880e-01 5.796000e-03 2.696160e-01
205 7.237280e-01 5.592000e-03 2.706800e-01
206 7.227600e-01 5.600000e-03 2.716400e-01
207 7.218520e-01 5.500000e-03 2.726480e-01
208 7.208920e-01 5.524000e-03 2.735840e-01
209 7.199440e-01 5.640000e-03 2.744160e-01
210 7.190400e-01 5.492000e-03 2.754680e-01
211 7.179960e-01 5.540000e-03 2.764640e-01
212 7.169480e-01 5.576000e-03 2.774760e-01
213 7.159800e-01 5.548000e-03 2.784720e-01
214 7.150200e-01 5.620000e-03 2.793600e-01
215 7.140560e-01 5.548000e-03 2.803960e-01
216 7.132040e-01 5.492000e-03 2.813040e-01
217 7.123760e-01 5.328000e-03 2.822960e-01
218 7.115160e-01 5.248000e-03 2.832360e-01
219 7.106160e-01 5.272000e-03 2.841120e-01
220 7.097120e-01 5.312000e-03 2.849760e-01
221 7.088840e-01 5.256000e-03 2.858600e-01
222 7.079520e-01 5.356000e-03 2.866920e-01
223 7.070760e-01 5.324000e-03 2.876000e-01
224 7.061880e-01 5.296000e-03 2.885160e-01
225 7.053440e-01 5.284000e-03 2.893720e-01
226 7.044920e-01 5.220000e-03 2.902880e-01
227 7.035560e-01 5.244000e-03 2.912000e-01
228 7.027680e-01 5.148000e-03 2.920840e-01
229 7.020040e-01 4.980000e-03 2.930160e-01
230 7.012120e-01 4.928000e-03 2.938600e-01
231 7.004120e-01 4.824000e-03 2.947640e-01
232 6.996160e-01 4.688000e-03 2.956960e-01
233 6.989320e-01 4.488000e-03 2.965800e-01
234 6.981240e-01 4.476000e-03 2.974000e-01
235 6.974640e-01 4.312000e-03 2.982240e-01
236 6.966640e-01 4.464000e-03 2.988720e-01
237 6.958160e-01 4.500000e-03 2.996840e-01
238 6.950600e-01 4.504000e-03 3.004360e-01
239 6.943280e-01 4.448000e-03 3.012240e-01
240 6.937160e-01 4.232000e-03 3.020520e-01
241 6.931480e-01 4.040000e-03 3.028120e-01
242 6.924960e-01 4.044000e-03 3.034600e-01
243 6.919080e-01 3.860000e-03 3.042320e-01
244 6.913000e-01 3.844000e-03 3.048560e-01
245 6.906560e-01 3.836000e-03 3.055080e-01
246 6.900120e-01 3.760000e-03 3.062280e-01
247 6.892600e-01 3.944000e-03 3.067960e-01
248 6.886880e-01 3.812000e-03 3.075000e-01
249 6.879960e-01 3.812000e-03 3.081920e-01
250 6.873440e-01 3.812000e-03 3.088440e-01
251 6.867000e-01 3.836000e-03 3.094640e-01
252 6.859800e-01 3.808000e-03 3.102120e-01
253 6.853360e-01 3.828000e-03 3.108360e-01
254 6.846400e-01 3.864000e-03 3.114960e-01
255 6.839160e-01 3.856000e-03 3.122280e-01
256 6.832120e-01 3.912000e-03 3.128760e-01
257 6.825640e-01 3.900000e-03 3.135360e-01
258 6.818040e-01 3.992000e-03 3.142040e-01
259 6.811200e-01 3.996000e-03 3.148840e-01
260 6.804640e-01 4.024000e-03 3.155120e-01
261 6.797680e-01 4.024000e-03 3.162080e-01
262 6.791320e-01 3.956000e-03 3.169120e-01
263 6.784680e-01 3.968000e-03 3.175640e-01
264 6.778600e-01 3.864000e-03 3.182760e-01
265 6.772800e-01 3.836000e-03 3.188840e-01
266 6.766440e-01 3.772000e-03 3.195840e-01
267 6.759200e-01 3.744000e-03 3.203360e-01
268 6.753400e-01 3.620000e-03 3.210400e-01
269 6.747720e-01 3.516000e-03 3.217120e-01
270 6.742360e-01 3.460000e-03 3.223040e-01
271 6.736680e-01 3.436000e-03 3.228960e-01
272 6.730840e-01 3.468000e-03 3.234480e-01
273 6.724720e-01 3.504000e-03 3.240240e-01
274 6.718280e-01 3.520000e-03 3.246520e-01
275 6.711840e-01 3.544000e-03 3.252720e-01
276 6.705160e-01 3.556000e-03 3.259280e-01
277 6.698560e-01 3.600000e-03 3.265440e-01
278 6.692000e-01 3.584000e-03 3.272160e-01
279 6.684920e-01 3.784000e-03 3.277240e-01
280 6.678000e-01 3.828000e-03 3.283720e-01
281 6.671800e-01 3.820000e-03 3.290000e-01
282 6.665360e-01 3.752000e-03 3.297120e-01
283 6.659800e-01 3.696000e-03 3.303240e-01
284 6.653760e-01 3.660000e-03 3.309640e-01
285 6.647360e-01 3.736000e-03 3.315280e-01
286 6.640720e-01 3.724000e-03 3.322040e-01
287 6.634080e-01 3.764000e-03 3.328280e-01
288 6.628280e-01 3.744000e-03 3.334280e-01
289 6.621320e-01 3.740000e-03 3.341280e-01
290 6.615600e-01 3.696000e-03 3.347440e-01
291 6.609640e-01 3.692000e-03 3.353440e-01
292 6.604360e-01 3.572000e-03 3.359920e-01
293 6.598520e-01 3.512000e-03 3.366360e-01
294 6.593440e-01 3.416000e-03 3.372400e-01
295 6.588080e-01 3.304000e-03 3.378880e-01
296 6.582480e-01 3.372000e-03 3.383800e-01
297 6.577960e-01 3.116000e-03 3.390880e-01
298 6.572880e-01 2.992000e-03 3.397200e-01
299 6.568520e-01 2.984000e-03 3.401640e-01
300 6.564000e-01 2.924000e-03 3.406760e-01
301 6.559560e-01 2.852000e-03 3.411920e-01
302 6.555560e-01 2.768000e-03 3.416760e-01
303 6.551680e-01 2.700000e-03 3.421320e-01
304 6.547240e-01 2.636000e-03 3.426400e-01
305 6.543120e-01 2.624000e-03 3.430640e-01
306 6.538600e-01 2.664000e-03 3.434760e-01
307 6.534280e-01 2.708000e-03 3.438640e-01
308 6.529640e-01 2.684000e-03 3.443520e-01
309 6.525720e-01 2.552000e-03 3.448760e-01
310 6.521560e-01 2.500000e-03 3.453440e-01
311 6.517200e-01 2.476000e-03 3.458040e-01
312 6.513680e-01 2.412000e-03 3.462200e-01
313 6.510760e-01 2.288000e-03 3.466360e-01
314 6.507720e-01 2.172000e-03 3.470560e-01
315 6.504520e-01 2.072000e-03 3.474760e-01
316 6.501960e-01 1.948000e-03 3.478560e-01
317 6.498920e-01 1.908000e-03 3.482000e-01
318 6.495600e-01 1.904000e-03 3.485360e-01
319 6.491920e-01 1.928000e-03 3.488800e-01
320 6.488480e-01 1.928000e-03 3.492240e-01
321 6.485160e-01 1.964000e-03 3.495200e-01
322 6.481800e-01 1.976000e-03 3.498440e-01
323 6.478960e-01 1.956000e-03 3.501480e-01
324 6.476120e-01 1.884000e-03 3.505040e-01
325 6.473080e-01 1.880000e-03 3.508120e-01
326 6.469880e-01 1.868000e-03 3.511440e-01
327 6.466720e-01 1.852000e-03 3.514760e-01
328 6.463840e-01 1.812000e-03 3.518040e-01
329 6.461160e-01 1.780000e-03 3.521040e-01
330 6.457720e-01 1.860000e-03 3.523680e-01
331 6.454800e-01 1.832000e-03 3.526880e-01
332 6.451200e-01 1.888000e-03 3.529920e-01
333 6.447200e-01 1.940000e-03 3.533400e-01
334 6.443560e-01 2.000000e-03 3.536440e-01
335 6.440160e-01 1.948000e-03 3.540360e-01
336 6.436240e-01 1.996000e-03 3.543800e-01
337 6.432720e-01 1.980000e-03 3.547480e-01
338 6.428640e-01 2.076000e-03 3.550600e-01
339 6.425360e-01 2.076000e-03 3.553880e-01
340 6.422200e-01 2.028000e-03 3.557520e-01
341 6.418880e-01 2.012000e-03 3.561000e-01
342 6.415360e-01 2.036000e-03 3.564280e-01
343 6.411440e-01 2.060000e-03 3.567960e-01
344 6.406720e-01 2.196000e-03 3.571320e-01
345 6.402560e-01 2.212000e-03 3.575320e-01
346 6.398520e-01 2.264000e-03 3.578840e-01
347 6.394360e-01 2.308000e-03 3.582560e-01
348 6.390600e-01 2.252000e-03 3.586880e-01
349 6.386720e-01 2.256000e-03 3.590720e-01
350 6.382560e-01 2.348000e-03 3.593960e-01
351 6.378760e-01 2.384000e-03 3.597400e-01
352 6.375240e-01 2.292000e-03 3.601840e-01
353 6.372000e-01 2.256000e-03 3.605440e-01
354 6.368400e-01 2.248000e-03 3.609120e-01
355 6.364800e-01 2.140000e-03 3.613800e-01
356 6.361040e-01 2.132000e-03 3.617640e-01
357 6.358480e-01 1.992000e-03 3.621600e-01
358 6.355800e-01 1.972000e-03 3.624480e-01
359 6.353400e-01 1.884000e-03 3.627760e-01
360 6.350560e-01 1.804000e-03 3.631400e-01
361 6.348040e-01 1.748000e-03 3.634480e-01
362 6.344560e-01 1.800000e-03 3.637440e-01
363 6.340760e-01 1.792000e-03 3.641320e-01
364 6.337400e-01 1.864000e-03 3.643960e-01
365 6.334200e-01 1.784000e-03 3.647960e-01
366 6.331120e-01 1.832000e-03 3.650560e-01
367 6.327080e-01 1.916000e-03 3.653760e-01
368 6.323800e-01 1.944000e-03 3.656760e-01
369 6.320480e-01 1.904000e-03 3.660480e-01
370 6.316800e-01 1.936000e-03 3.663840e-01
371 6.313880e-01 1.932000e-03 3.666800e-01
372 6.310560e-01 1.924000e-03 3.670200e-01
373 6.307320e-01 1.916000e-03 3.673520e-01
374 6.304080e-01 1.952000e-03 3.676400e-01
375 6.300760e-01 1.940000e-03 3.679840e-01
376 6.297200e-01 1.920000e-03 3.683600e-01
377 6.294560e-01 1.912000e-03 3.686320e-01
378 6.291000e-01 1.916000e-03 3.689840e-01
379 6.287760e-01 1.848000e-03 3.693760e-01
380 6.284000e-01 1.872000e-03 3.697280e-01
381 6.280200e-01 1.892000e-03 3.700880e-01
382 6.276840e-01 1.896000e-03 3.704200e-01
383 6.272160e-01 2.056000e-03 3.707280e-01
384 6.268280e-01 2.048000e-03 3.711240e-01
385 6.265240e-01 2.008000e-03 3.714680e-01
386 6.261440e-01 2.060000e-03 3.717960e-01
387 6.258120e-01 2.040000e-03 3.721480e-01
388 6.254640e-01 2.040000e-03 3.724960e-01
389 6.251800e-01 1.932000e-03 3.728880e-01
390 6.248560e-01 1.864000e-03 3.732800e-01
391 6.245040e-01 1.912000e-03 3.735840e-01
392 6.241720e-01 1.892000e-03 3.739360e-01
393 6.239040e-01 1.836000e-03 3.742600e-01
394 6.235960e-01 1.860000e-03 3.745440e-01
395 6.232720e-01 1.884000e-03 3.748440e-01
396 6.229040e-01 1.896000e-03 3.752000e-01
397 6.225120e-01 1.984000e-03 3.755040e-01
398 6.221920e-01 2.000000e-03 3.758080e-01
399 6.218760e-01 1.940000e-03 3.761840e-01
400 6.215920e-01 1.844000e-03 3.765640e-01
401 6.213240e-01 1.808000e-03 3.768680e-01
402 6.210840e-01 1.744000e-03 3.771720e-01
403 6.208200e-01 1.724000e-03 3.774560e-01
404 6.205400e-01 1.708000e-03 3.777520e-01
405 6.203040e-01 1.668000e-03 3.780280e-01
406 6.199760e-01 1.724000e-03 3.783000e-01
407 6.197360e-01 1.672000e-03 3.785920e-01
408 6.195240e-01 1.596000e-03 3.788800e-01
409 6.193000e-01 1.532000e-03 3.791680e-01
410 6.190360e-01 1.576000e-03 3.793880e-01
411 6.187600e-01 1.588000e-03 3.796520e-01
412 6.184840e-01 1.588000e-03 3.799280e-01
413 6.181920e-01 1.584000e-03 3.802240e-01
414 6.179200e-01 1.552000e-03 3.805280e-01
415 6.176880e-01 1.588000e-03 3.807240e-01
416 6.174680e-01 1.480000e-03 3.810520e-01
417 6.172920e-01 1.380000e-03 3.813280e-01
418 6.170880e-01 1.332000e-03 3.815800e-01
419 6.168920e-01 1.376000e-03 3.817320e-01
420 6.166560e-01 1.360000e-03 3.819840e-01
421 6.164280e-01 1.324000e-03 3.822480e-01
422 6.162360e-01 1.328000e-03 3.824360e-01
423 6.159920e-01 1.336000e-03 3.826720e-01
424 6.158120e-01 1.236000e-03 3.829520e-01
425 6.156040e-01 1.192000e-03 3.832040e-01
426 6.154040e-01 1.192000e-03 3.834040e-01
427 6.152200e-01 1.192000e-03 3.835880e-01
428 6.149960e-01 1.184000e-03 3.838200e-01
429 6.146760e-01 1.308000e-03 3.840160e-01
430 6.143720e-01 1.380000e-03 3.842480e-01
431 6.141160e-01 1.396000e-03 3.844880e-01
432 6.138120e-01 1.492000e-03 3.846960e-01
433 6.134760e-01 1.584000e-03 3.849400e-01
434 6.132560e-01 1.492000e-03 3.852520e-01
435 6.129800e-01 1.484000e-03 3.855360e-01
436 6.127400e-01 1.512000e-03 3.857480e-01
437 6.124600e-01 1.540000e-03 3.860000e-01
438 6.122840e-01 1.444000e-03 3.862720e-01
439 6.120320e-01 1.464000e-03 3.865040e-01
440 6.117520e-01 1.512000e-03 3.867360e-01
441 6.114800e-01 1.536000e-03 3.869840e-01
442 6.111480e-01 1.600000e-03 3.872520e-01
443 6.107960e-01 1.576000e-03 3.876280e-01
444 6.105120e-01 1.588000e-03 3.879000e-01
445 6.102960e-01 1.604000e-03 3.881000e-01
446 6.100080e-01 1.636000e-03 3.883560e-01
447 6.097360e-01 1.568000e-03 3.886960e-01
448 6.094880e-01 1.524000e-03 3.889880e-01
449 6.092320e-01 1.516000e-03 3.892520e-01
450 6.089680e-01 1.552000e-03 3.894800e-01
451 6.086840e-01 1.584000e-03 3.897320e-01
452 6.084040e-01 1.616000e-03 3.899800e-01
453 6.081720e-01 1.600000e-03 3.902280e-01
454 6.079520e-01 1.520000e-03 3.905280e-01
455 6.076880e-01 1.552000e-03 3.907600e-01
456 6.075000e-01 1.424000e-03 3.910760e-01
457 6.072920e-01 1.404000e-03 3.913040e-01
458 6.070760e-01 1.396000e-03 3.915280e-01
459 6.068800e-01 1.340000e-03 3.917800e-01
460 6.066680e-01 1.348000e-03 3.919840e-01
461 6.064880e-01 1.268000e-03 3.922440e-01
462 6.063040e-01 1.248000e-03 3.924480e-01
463 6.061160e-01 1.200000e-03 3.926840e-01
464 6.059880e-01 1.136000e-03 3.928760e-01
465 6.058240e-01 1.096000e-03 3.930800e-01
466 6.056960e-01 1.040000e-03 3.932640e-01
467 6.055320e-01 1.020000e-03 3.934480e-01
468 6.053920e-01 9.400000e-04 3.936680e-01
469 6.052560e-01 9.320000e-04 3.938120e-01
470 6.051400e-01 8.560000e-04 3.940040e-01
471 6.050200e-01 8.520000e-04 3.941280e-01
472 6.048880e-01 8.520000e-04 3.942600e-01
473 6.047720e-01 8.400000e-04 3.943880e-01
474 6.045480e-01 9.640000e-04 3.944880e-01
475 6.043800e-01 9.800000e-04 3.946400e-01
476 6.041840e-01 1.004000e-03 3.948120e-01
477 6.040200e-01 1.000000e-03 3.949800e-01
478 6.038600e-01 1.012000e-03 3.951280e-01
479 6.036920e-01 1.056000e-03 3.952520e-01
480 6.035120e-01 1.016000e-03 3.954720e-01
481 6.033360e-01 9.800000e-04 3.956840e-01
482 6.031280e-01 1.020000e-03 3.958520e-01
483 6.029120e-01 1.088000e-03 3.960000e-01
484 6.027160e-01 1.096000e-03 3.961880e-01
485 6.025840e-01 1.008000e-03 3.964080e-01
486 6.024600e-01 1.000000e-03 3.965400e-01
487 6.023280e-01 9.760000e-04 3.966960e-01
488 6.021920e-01 9.160000e-04 3.968920e-01
489 6.020480e-01 9.080000e-04 3.970440e-01
490 6.018800e-01 9.600000e-04 3.971600e-01
491 6.017400e-01 9.360000e-04 3.973240e-01
492 6.015680e-01 9.160000e-04 3.975160e-01
493 6.014680e-01 8.280000e-04 3.977040e-01
494 6.013600e-01 8.000000e-04 3.978400e-01
495 6.012280e-01 7.760000e-04 3.979960e-01
496 6.010880e-01 7.560000e-04 3.981560e-01
497 6.010080e-01 6.680000e-04 3.983240e-01
498 6.009320e-01 6.720000e-04 3.983960e-01
499 6.008320e-01 6.720000e-04 3.984960e-01
500 6.007000e-01 6.800000e-04 3.986200e-01
