1 9.991400e-01 7.840000e-04 7.600000e-05
2 9.985800e-01 1.236000e-03 1.840000e-04
3 9.978360e-01 1.748000e-03 4.160000e-04
4 9.968560e-01 2.312000e-03 8.320000e-04
5 9.958520e-01 2.900000e-03 1.248000e-03
6 9.949440e-01 3.260000e-03 1.796000e-03
7 9.939280e-01 3.684000e-03 2.388000e-03
8 9.928120e-01 4.116000e-03 3.072000e-03
9 9.916160e-01 4.592000e-03 3.792000e-03
10 9.904240e-01 4.948000e-03 4.628000e-03
11 9.890240e-01 5.520000e-03 5.456000e-03
12 9.876640e-01 5.820000e-03 6.516000e-03
13 9.862360e-01 6.200000e-03 7.564000e-03
14 9.849120e-01 6.404000e-03 8.684000e-03
15 9.834800e-01 6.752000e-03 9.768000e-03
16 9.820280e-01 7.056000e-03 1.091600e-02
17 9.806160e-01 7.192000e-03 1.219200e-02
18 9.790680e-01 7.368000e-03 1.356400e-02
19 9.776800e-01 7.628000e-03 1.469200e-02
20 9.760520e-01 7.920000e-03 1.602800e-02
21 9.747040e-01 7.776000e-03 1.752000e-02
22 9.730920e-01 7.944000e-03 1.896400e-02
23 9.715200e-01 8.204000e-03 2.027600e-02
24 9.700480e-01 8.228000e-03 2.172400e-02
25 9.683280e-01 8.548000e-03 2.312400e-02
26 9.665320e-01 8.912000e-03 2.455600e-02
27 9.648040e-01 9.000000e-03 2.619600e-02
28 9.630960e-01 9.072000e-03 2.783200e-02
29 9.612480e-01 9.248000e-03 2.950400e-02
30 9.595480e-01 9.276000e-03 3.117600e-02
31 9.578040e-01 9.240000e-03 3.295600e-02
32 9.559560e-01 9.432000e-03 3.461200e-02
33 9.540400e-01 9.648000e-03 3.631200e-02
34 9.523240e-01 9.580000e-03 3.809600e-02
35 9.506400e-01 9.608000e-03 3.975200e-02
36 9.488640e-01 9.740000e-03 4.139600e-02
37 9.470320e-01 9.944000e-03 4.302400e-02
38 9.451320e-01 1.014400e-02 4.472400e-02
39 9.432280e-01 1.024400e-02 4.652800e-02
40 9.413240e-01 1.042800e-02 4.824800e-02
41 9.392720e-01 1.067200e-02 5.005600e-02
42 9.375360e-01 1.040400e-02 5.206000e-02
43 9.355520e-01 1.066800e-02 5.378000e-02
44 9.335440e-01 1.084400e-02 5.561200e-02
45 9.317240e-01 1.074400e-02 5.753200e-02
46 9.297040e-01 1.090400e-02 5.939200e-02
47 9.278880e-01 1.081600e-02 6.129600e-02
48 9.261760e-01 1.071600e-02 6.310800e-02
49 9.244760e-01 1.058400e-02 6.494000e-02
50 9.227200e-01 1.046800e-02 6.681200e-02
51 9.210640e-01 1.034000e-02 6.859600e-02
52 9.194520e-01 1.006800e-02 7.048000e-02
53 9.178480e-01 9.764000e-03 7.238800e-02
54 9.162880e-01 9.496000e-03 7.421600e-02
55 9.148160e-01 9.256000e-03 7.592800e-02
56 9.133400e-01 9.124000e-03 7.753600e-02
57 9.119320e-01 8.952000e-03 7.911600e-02
58 9.105560e-01 8.804000e-03 8.064000e-02
59 9.090680e-01 8.724000e-03 8.220800e-02
60 9.076280e-01 8.648000e-03 8.372400e-02
61 9.062240e-01 8.424000e-03 8.535200e-02
62 9.048200e-01 8.320000e-03 8.686000e-02
63 9.033240e-01 8.384000e-03 8.829200e-02
64 9.019520e-01 8.364000e-03 8.968400e-02
65 9.004040e-01 8.476000e-03 9.112000e-02
66 8.989440e-01 8.480000e-03 9.257600e-02
67 8.975480e-01 8.420000e-03 9.403200e-02
68 8.962160e-01 8.256000e-03 9.552800e-02
69 8.947480e-01 8.220000e-03 9.703200e-02
70 8.932720e-01 8.324000e-03 9.840400e-02
71 8.919000e-01 8.256000e-03 9.984400e-02
72 8.902480e-01 8.468000e-03 1.012840e-01
73 8.887160e-01 8.424000e-03 1.028600e-01
74 8.872440e-01 8.544000e-03 1.042120e-01
75 8.856720e-01 8.716000e-03 1.056120e-01
76 8.840480e-01 8.956000e-03 1.069960e-01
77 8.824320e-01 9.016000e-03 1.085520e-01
78 8.807560e-01 9.120000e-03 1.101240e-01
79 8.790480e-01 9.136000e-03 1.118160e-01
80 8.775000e-01 9.020000e-03 1.134800e-01
81 8.759200e-01 8.996000e-03 1.150840e-01
82 8.742320e-01 9.192000e-03 1.165760e-01
83 8.724520e-01 9.316000e-03 1.182320e-01
84 8.706600e-01 9.460000e-03 1.198800e-01
85 8.690480e-01 9.300000e-03 1.216520e-01
86 8.673880e-01 9.324000e-03 1.232880e-01
87 8.655720e-01 9.556000e-03 1.248720e-01
88 8.638280e-01 9.552000e-03 1.266200e-01
89 8.620280e-01 9.732000e-03 1.282400e-01
90 8.603800e-01 9.668000e-03 1.299520e-01
91 8.586080e-01 9.672000e-03 1.317200e-01
92 8.567400e-01 9.736000e-03 1.335240e-01
93 8.551360e-01 9.476000e-03 1.353880e-01
94 8.536160e-01 9.324000e-03 1.370600e-01
95 8.520880e-01 9.184000e-03 1.387280e-01
96 8.504760e-01 9.260000e-03 1.402640e-01
97 8.490360e-01 9.016000e-03 1.419480e-01
98 8.475320e-01 8.872000e-03 1.435960e-01
99 8.459720e-01 8.900000e-03 1.451280e-01
100 8.444000e-01 8.968000e-03 1.466320e-01
101 8.428480e-01 8.932000e-03 1.482200e-01
102 8.412000e-01 9.092000e-03 1.497080e-01
103 8.396800e-01 9.080000e-03 1.512400e-01
104 8.381920e-01 9.012000e-03 1.527960e-01
105 8.365480e-01 9.084000e-03 1.543680e-01
106 8.348680e-01 9.164000e-03 1.559680e-01
107 8.332840e-01 9.016000e-03 1.577000e-01
108 8.316760e-01 9.164000e-03 1.591600e-01
109 8.299800e-01 9.256000e-03 1.607640e-01
110 8.283840e-01 9.108000e-03 1.625080e-01
111 8.269640e-01 9.016000e-03 1.640200e-01
112 8.253320e-01 9.120000e-03 1.655480e-01
113 8.238520e-01 8.968000e-03 1.671800e-01
114 8.223440e-01 8.900000e-03 1.687560e-01
115 8.209200e-01 8.828000e-03 1.702520e-01
116 8.194160e-01 8.820000e-03 1.717640e-01
117 8.179160e-01 8.564000e-03 1.735200e-01
118 8.165400e-01 8.416000e-03 1.750440e-01
119 8.150520e-01 8.456000e-03 1.764920e-01
120 8.136640e-01 8.388000e-03 1.779480e-01
121 8.123240e-01 8.256000e-03 1.794200e-01
122 8.108920e-01 8.216000e-03 1.808920e-01
123 8.095120e-01 8.292000e-03 1.821960e-01
124 8.081040e-01 8.304000e-03 1.835920e-01
125 8.065880e-01 8.484000e-03 1.849280e-01
126 8.050920e-01 8.536000e-03 1.863720e-01
127 8.036560e-01 8.552000e-03 1.877920e-01
128 8.022400e-01 8.492000e-03 1.892680e-01
129 8.008600e-01 8.388000e-03 1.907520e-01
130 7.993960e-01 8.492000e-03 1.921120e-01
131 7.979640e-01 8.464000e-03 1.935720e-01
132 7.966960e-01 8.220000e-03 1.950840e-01
133 7.952080e-01 8.304000e-03 1.964880e-01
134 7.938640e-01 8.192000e-03 1.979440e-01
135 7.923880e-01 8.212000e-03 1.994000e-01
136 7.910960e-01 8.056000e-03 2.008480e-01
137 7.897640e-01 7.904000e-03 2.023320e-01
138 7.883800e-01 7.916000e-03 2.037040e-01
139 7.870840e-01 7.840000e-03 2.050760e-01
140 7.858240e-01 7.924000e-03 2.062520e-01
141 7.843480e-01 8.084000e-03 2.075680e-01
142 7.831520e-01 7.952000e-03 2.088960e-01
143 7.818160e-01 7.780000e-03 2.104040e-01
144 7.804800e-01 7.760000e-03 2.117600e-01
145 7.791240e-01 7.768000e-03 2.131080e-01
146 7.778120e-01 7.604000e-03 2.145840e-01
147 7.766440e-01 7.468000e-03 2.158880e-01
148 7.753560e-01 7.488000e-03 2.171560e-01
149 7.738480e-01 7.588000e-03 2.185640e-01
150 7.726320e-01 7.392000e-03 2.199760e-01
151 7.714240e-01 7.236000e-03 2.213400e-01
152 7.701920e-01 7.236000e-03 2.225720e-01
153 7.688960e-01 7.344000e-03 2.237600e-01
154 7.677240e-01 7.268000e-03 2.250080e-01
155 7.665560e-01 7.200000e-03 2.262440e-01
156 7.655080e-01 7.132000e-03 2.273600e-01
157 7.642240e-01 7.184000e-03 2.285920e-01
158 7.630640e-01 7.064000e-03 2.298720e-01
159 7.618320e-01 7.088000e-03 2.310800e-01
160 7.606880e-01 7.004000e-03 2.323080e-01
161 7.594800e-01 7.120000e-03 2.334000e-01
162 7.583040e-01 7.052000e-03 2.346440e-01
163 7.570800e-01 7.012000e-03 2.359080e-01
164 7.558120e-01 7.092000e-03 2.370960e-01
165 7.547120e-01 6.928000e-03 2.383600e-01
166 7.535560e-01 6.868000e-03 2.395760e-01
167 7.523880e-01 6.744000e-03 2.408680e-01
168 7.513120e-01 6.712000e-03 2.419760e-01
169 7.501760e-01 6.672000e-03 2.431520e-01
170 7.490480e-01 6.532000e-03 2.444200e-01
171 7.479200e-01 6.412000e-03 2.456680e-01
172 7.468040e-01 6.448000e-03 2.467480e-01
173 7.456960e-01 6.348000e-03 2.479560e-01
174 7.446120e-01 6.268000e-03 2.491200e-01
175 7.436200e-01 6.200000e-03 2.501800e-01
176 7.425080e-01 6.276000e-03 2.512160e-01
177 7.414560e-01 6.324000e-03 2.522200e-01
178 7.405760e-01 5.892000e-03 2.535320e-01
179 7.397360e-01 5.684000e-03 2.545800e-01
180 7.388760e-01 5.556000e-03 2.555680e-01
181 7.379800e-01 5.484000e-03 2.565360e-01
182 7.370200e-01 5.460000e-03 2.575200e-01
183 7.361880e-01 5.228000e-03 2.585840e-01
184 7.353800e-01 5.120000e-03 2.595000e-01
185 7.346720e-01 5.040000e-03 2.602880e-01
186 7.338800e-01 4.968000e-03 2.611520e-01
187 7.330640e-01 4.988000e-03 2.619480e-01
188 7.322800e-01 4.824000e-03 2.628960e-01
189 7.314760e-01 4.712000e-03 2.638120e-01
190 7.306880e-01 4.664000e-03 2.646480e-01
191 7.299360e-01 4.596000e-03 2.654680e-01
192 7.292080e-01 4.576000e-03 2.662160e-01
193 7.284200e-01 4.584000e-03 2.669960e-01
194 7.276680e-01 4.568000e-03 2.677640e-01
195 7.269000e-01 4.520000e-03 2.685800e-01
196 7.262160e-01 4.428000e-03 2.693560e-01
197 7.254720e-01 4.424000e-03 2.701040e-01
198 7.248000e-01 4.276000e-03 2.709240e-01
199 7.241680e-01 4.176000e-03 2.716560e-01
200 7.234640e-01 4.204000e-03 2.723320e-01
201 7.227480e-01 4.160000e-03 2.730920e-01
202 7.220560e-01 4.224000e-03 2.737200e-01
203 7.213680e-01 4.120000e-03 2.745120e-01
204 7.208080e-01 3.920000e-03 2.752720e-01
205 7.201680e-01 3.912000e-03 2.759200e-01
206 7.193920e-01 3.968000e-03 2.766400e-01
207 7.187080e-01 4.016000e-03 2.772760e-01
208 7.180400e-01 3.932000e-03 2.780280e-01
209 7.173000e-01 4.060000e-03 2.786400e-01
210 7.166640e-01 3.952000e-03 2.793840e-01
211 7.158920e-01 4.012000e-03 2.800960e-01
212 7.151160e-01 4.024000e-03 2.808600e-01
213 7.145360e-01 3.856000e-03 2.816080e-01
214 7.139080e-01 3.808000e-03 2.822840e-01
215 7.132480e-01 3.852000e-03 2.829000e-01
216 7.126040e-01 3.844000e-03 2.835520e-01
217 7.120440e-01 3.708000e-03 2.842480e-01
218 7.113600e-01 3.760000e-03 2.848800e-01
219 7.106640e-01 3.752000e-03 2.855840e-01
220 7.099320e-01 3.776000e-03 2.862920e-01
221 7.092640e-01 3.792000e-03 2.869440e-01
222 7.085760e-01 3.800000e-03 2.876240e-01
223 7.079640e-01 3.724000e-03 2.883120e-01
224 7.073320e-01 3.696000e-03 2.889720e-01
225 7.066920e-01 3.724000e-03 2.895840e-01
226 7.060320e-01 3.644000e-03 2.903240e-01
227 7.054360e-01 3.680000e-03 2.908840e-01
228 7.048240e-01 3.580000e-03 2.915960e-01
229 7.042320e-01 3.540000e-03 2.922280e-01
230 7.036040e-01 3.484000e-03 2.929120e-01
231 7.029840e-01 3.508000e-03 2.935080e-01
232 7.024080e-01 3.484000e-03 2.941080e-01
233 7.018320e-01 3.344000e-03 2.948240e-01
234 7.011760e-01 3.408000e-03 2.954160e-01
235 7.005280e-01 3.416000e-03 2.960560e-01
236 6.999880e-01 3.312000e-03 2.967000e-01
237 6.993560e-01 3.320000e-03 2.973240e-01
238 6.988200e-01 3.248000e-03 2.979320e-01
239 6.983200e-01 3.120000e-03 2.985600e-01
240 6.977400e-01 3.116000e-03 2.991440e-01
241 6.970960e-01 3.220000e-03 2.996840e-01
242 6.965120e-01 3.124000e-03 3.003640e-01
243 6.959640e-01 3.040000e-03 3.009960e-01
244 6.953880e-01 3.104000e-03 3.015080e-01
245 6.947400e-01 3.224000e-03 3.020360e-01
246 6.942200e-01 3.156000e-03 3.026240e-01
247 6.937320e-01 3.040000e-03 3.032280e-01
248 6.932400e-01 3.072000e-03 3.036880e-01
249 6.928240e-01 2.904000e-03 3.042720e-01
250 6.924160e-01 2.768000e-03 3.048160e-01
251 6.919040e-01 2.696000e-03 3.054000e-01
252 6.914600e-01 2.632000e-03 3.059080e-01
253 6.909040e-01 2.700000e-03 3.063960e-01
254 6.904200e-01 2.680000e-03 3.069000e-01
255 6.899560e-01 2.648000e-03 3.073960e-01
256 6.895000e-01 2.668000e-03 3.078320e-01
257 6.890000e-01 2.696000e-03 3.083040e-01
258 6.885400e-01 2.660000e-03 3.088000e-01
259 6.880480e-01 2.708000e-03 3.092440e-01
260 6.875160e-01 2.788000e-03 3.096960e-01
261 6.870000e-01 2.888000e-03 3.101120e-01
262 6.864880e-01 2.916000e-03 3.105960e-01
263 6.859640e-01 2.920000e-03 3.111160e-01
264 6.854600e-01 2.948000e-03 3.115920e-01
265 6.849880e-01 2.904000e-03 3.121080e-01
266 6.845240e-01 2.788000e-03 3.126880e-01
267 6.840080e-01 2.820000e-03 3.131720e-01
268 6.835240e-01 2.800000e-03 3.136760e-01
269 6.830160e-01 2.812000e-03 3.141720e-01
270 6.824840e-01 2.928000e-03 3.145880e-01
271 6.819800e-01 2.864000e-03 3.151560e-01
272 6.814240e-01 2.912000e-03 3.156640e-01
273 6.809120e-01 2.876000e-03 3.162120e-01
274 6.803640e-01 2.964000e-03 3.166720e-01
275 6.799000e-01 2.864000e-03 3.172360e-01
276 6.793480e-01 2.896000e-03 3.177560e-01
277 6.787960e-01 2.940000e-03 3.182640e-01
278 6.783880e-01 2.852000e-03 3.187600e-01
279 6.778560e-01 2.880000e-03 3.192640e-01
280 6.774240e-01 2.820000e-03 3.197560e-01
281 6.768800e-01 2.856000e-03 3.202640e-01
282 6.763160e-01 2.916000e-03 3.207680e-01
283 6.758480e-01 2.840000e-03 3.213120e-01
284 6.754560e-01 2.676000e-03 3.218680e-01
285 6.749680e-01 2.680000e-03 3.223520e-01
286 6.744680e-01 2.704000e-03 3.228280e-01
287 6.740320e-01 2.680000e-03 3.232880e-01
288 6.735280e-01 2.668000e-03 3.238040e-01
289 6.731440e-01 2.644000e-03 3.242120e-01
290 6.726680e-01 2.668000e-03 3.246640e-01
291 6.722240e-01 2.668000e-03 3.251080e-01
292 6.717840e-01 2.632000e-03 3.255840e-01
293 6.713480e-01 2.572000e-03 3.260800e-01
294 6.709120e-01 2.524000e-03 3.265640e-01
295 6.705400e-01 2.420000e-03 3.270400e-01
296 6.701960e-01 2.348000e-03 3.274560e-01
297 6.699000e-01 2.236000e-03 3.278640e-01
298 6.695120e-01 2.204000e-03 3.282840e-01
299 6.692040e-01 2.104000e-03 3.286920e-01
300 6.688480e-01 2.060000e-03 3.290920e-01
301 6.685080e-01 2.056000e-03 3.294360e-01
302 6.681320e-01 2.012000e-03 3.298560e-01
303 6.677360e-01 2.004000e-03 3.302600e-01
304 6.673080e-01 2.096000e-03 3.305960e-01
305 6.670000e-01 2.084000e-03 3.309160e-01
306 6.666120e-01 2.132000e-03 3.312560e-01
307 6.662240e-01 2.160000e-03 3.316160e-01
308 6.658760e-01 2.192000e-03 3.319320e-01
309 6.655080e-01 2.196000e-03 3.322960e-01
310 6.651680e-01 2.152000e-03 3.326800e-01
311 6.647760e-01 2.148000e-03 3.330760e-01
312 6.644160e-01 2.116000e-03 3.334680e-01
313 6.640920e-01 2.096000e-03 3.338120e-01
314 6.637200e-01 2.100000e-03 3.341800e-01
315 6.632720e-01 2.204000e-03 3.345240e-01
316 6.628480e-01 2.228000e-03 3.349240e-01
317 6.623720e-01 2.272000e-03 3.353560e-01
318 6.619640e-01 2.296000e-03 3.357400e-01
319 6.616640e-01 2.176000e-03 3.361600e-01
320 6.613160e-01 2.096000e-03 3.365880e-01
321 6.608640e-01 2.168000e-03 3.369680e-01
322 6.604520e-01 2.296000e-03 3.372520e-01
323 6.600760e-01 2.264000e-03 3.376600e-01
324 6.595920e-01 2.340000e-03 3.380680e-01
325 6.591640e-01 2.344000e-03 3.384920e-01
326 6.586720e-01 2.336000e-03 3.389920e-01
327 6.582400e-01 2.344000e-03 3.394160e-01
328 6.577840e-01 2.380000e-03 3.398360e-01
329 6.573080e-01 2.448000e-03 3.402440e-01
330 6.568000e-01 2.512000e-03 3.406880e-01
331 6.564160e-01 2.380000e-03 3.412040e-01
332 6.559960e-01 2.324000e-03 3.416800e-01
333 6.555960e-01 2.356000e-03 3.420480e-01
334 6.551160e-01 2.360000e-03 3.425240e-01
335 6.546560e-01 2.412000e-03 3.429320e-01
336 6.542440e-01 2.392000e-03 3.433640e-01
337 6.539320e-01 2.300000e-03 3.437680e-01
338 6.535160e-01 2.320000e-03 3.441640e-01
339 6.530880e-01 2.332000e-03 3.445800e-01
340 6.526840e-01 2.344000e-03 3.449720e-01
341 6.522360e-01 2.320000e-03 3.454440e-01
342 6.518720e-01 2.296000e-03 3.458320e-01
343 6.514440e-01 2.352000e-03 3.462040e-01
344 6.510280e-01 2.368000e-03 3.466040e-01
345 6.506120e-01 2.356000e-03 3.470320e-01
346 6.501400e-01 2.380000e-03 3.474800e-01
347 6.497600e-01 2.276000e-03 3.479640e-01
348 6.494480e-01 2.180000e-03 3.483720e-01
349 6.490560e-01 2.180000e-03 3.487640e-01
350 6.486800e-01 2.136000e-03 3.491840e-01
351 6.483560e-01 2.124000e-03 3.495200e-01
352 6.479720e-01 2.236000e-03 3.497920e-01
353 6.475680e-01 2.248000e-03 3.501840e-01
354 6.471560e-01 2.268000e-03 3.505760e-01
355 6.467680e-01 2.268000e-03 3.509640e-01
356 6.463720e-01 2.296000e-03 3.513320e-01
357 6.459960e-01 2.216000e-03 3.517880e-01
358 6.456560e-01 2.136000e-03 3.522080e-01
359 6.452120e-01 2.160000e-03 3.526280e-01
360 6.448600e-01 2.204000e-03 3.529360e-01
361 6.444960e-01 2.232000e-03 3.532720e-01
362 6.441800e-01 2.196000e-03 3.536240e-01
363 6.437960e-01 2.252000e-03 3.539520e-01
364 6.433800e-01 2.288000e-03 3.543320e-01
365 6.429760e-01 2.320000e-03 3.547040e-01
366 6.425280e-01 2.420000e-03 3.550520e-01
367 6.421680e-01 2.316000e-03 3.555160e-01
368 6.416760e-01 2.368000e-03 3.559560e-01
369 6.413080e-01 2.344000e-03 3.563480e-01
370 6.409720e-01 2.264000e-03 3.567640e-01
371 6.406480e-01 2.196000e-03 3.571560e-01
372 6.402480e-01 2.196000e-03 3.575560e-01
373 6.398640e-01 2.236000e-03 3.579000e-01
374 6.395400e-01 2.196000e-03 3.582640e-01
375 6.391960e-01 2.168000e-03 3.586360e-01
376 6.389200e-01 2.060000e-03 3.590200e-01
377 6.386040e-01 2.012000e-03 3.593840e-01
378 6.383480e-01 1.932000e-03 3.597200e-01
379 6.380520e-01 1.932000e-03 3.600160e-01
380 6.377920e-01 1.844000e-03 3.603640e-01
381 6.375000e-01 1.792000e-03 3.607080e-01
382 6.372680e-01 1.700000e-03 3.610320e-01
383 6.370360e-01 1.640000e-03 3.613240e-01
384 6.367760e-01 1.628000e-03 3.615960e-01
385 6.365560e-01 1.544000e-03 3.619000e-01
386 6.362440e-01 1.576000e-03 3.621800e-01
387 6.360040e-01 1.536000e-03 3.624600e-01
388 6.357800e-01 1.508000e-03 3.627120e-01
389 6.355200e-01 1.508000e-03 3.629720e-01
390 6.353040e-01 1.492000e-03 3.632040e-01
391 6.350680e-01 1.456000e-03 3.634760e-01
392 6.348960e-01 1.352000e-03 3.637520e-01
393 6.347040e-01 1.316000e-03 3.639800e-01
394 6.345400e-01 1.244000e-03 3.642160e-01
395 6.343360e-01 1.264000e-03 3.644000e-01
396 6.341600e-01 1.216000e-03 3.646240e-01
397 6.340040e-01 1.176000e-03 3.648200e-01
398 6.338240e-01 1.128000e-03 3.650480e-01
399 6.336480e-01 1.072000e-03 3.652800e-01
400 6.333960e-01 1.116000e-03 3.654880e-01
401 6.331960e-01 1.124000e-03 3.656800e-01
402 6.329920e-01 1.108000e-03 3.659000e-01
403 6.327400e-01 1.164000e-03 3.660960e-01
404 6.325040e-01 1.176000e-03 3.663200e-01
405 6.322960e-01 1.152000e-03 3.665520e-01
406 6.320720e-01 1.132000e-03 3.667960e-01
407 6.318800e-01 1.192000e-03 3.669280e-01
408 6.316560e-01 1.208000e-03 3.671360e-01
409 6.314720e-01 1.216000e-03 3.673120e-01
410 6.312600e-01 1.244000e-03 3.674960e-01
411 6.310360e-01 1.280000e-03 3.676840e-01
412 6.307440e-01 1.348000e-03 3.679080e-01
413 6.305360e-01 1.332000e-03 3.681320e-01
414 6.303080e-01 1.352000e-03 3.683400e-01
415 6.300880e-01 1.324000e-03 3.685880e-01
416 6.298880e-01 1.276000e-03 3.688360e-01
417 6.297080e-01 1.256000e-03 3.690360e-01
418 6.295200e-01 1.228000e-03 3.692520e-01
419 6.293640e-01 1.136000e-03 3.695000e-01
420 6.291600e-01 1.172000e-03 3.696680e-01
421 6.289200e-01 1.196000e-03 3.698840e-01
422 6.287600e-01 1.196000e-03 3.700440e-01
423 6.285400e-01 1.184000e-03 3.702760e-01
424 6.283440e-01 1.168000e-03 3.704880e-01
425 6.281320e-01 1.176000e-03 3.706920e-01
426 6.279680e-01 1.112000e-03 3.709200e-01
427 6.278280e-01 1.028000e-03 3.711440e-01
428 6.276720e-01 1.000000e-03 3.713280e-01
429 6.275200e-01 9.720000e-04 3.715080e-01
430 6.273360e-01 9.960000e-04 3.716680e-01
431 6.271440e-01 9.920000e-04 3.718640e-01
432 6.269880e-01 1.008000e-03 3.720040e-01
433 6.267600e-01 1.040000e-03 3.722000e-01
434 6.265400e-01 1.104000e-03 3.723560e-01
435 6.262960e-01 1.144000e-03 3.725600e-01
436 6.261120e-01 1.092000e-03 3.727960e-01
437 6.259320e-01 1.092000e-03 3.729760e-01
438 6.257480e-01 1.060000e-03 3.731920e-01
439 6.256080e-01 1.000000e-03 3.733920e-01
440 6.254600e-01 9.320000e-04 3.736080e-01
441 6.253280e-01 9.040000e-04 3.737680e-01
442 6.251320e-01 9.160000e-04 3.739520e-01
443 6.250160e-01 8.600000e-04 3.741240e-01
444 6.249240e-01 8.480000e-04 3.742280e-01
445 6.247440e-01 8.680000e-04 3.743880e-01
446 6.245880e-01 8.360000e-04 3.745760e-01
447 6.244960e-01 7.960000e-04 3.747080e-01
448 6.244040e-01 7.760000e-04 3.748200e-01
449 6.243040e-01 7.320000e-04 3.749640e-01
450 6.242040e-01 6.640000e-04 3.751320e-01
451 6.241400e-01 6.240000e-04 3.752360e-01
452 6.240800e-01 5.560000e-04 3.753640e-01
453 6.240320e-01 4.920000e-04 3.754760e-01
454 6.239960e-01 4.440000e-04 3.755600e-01
455 6.239400e-01 4.360000e-04 3.756240e-01
456 6.238840e-01 4.000000e-04 3.757160e-01
457 6.237920e-01 3.960000e-04 3.758120e-01
458 6.236920e-01 4.080000e-04 3.759000e-01
459 6.236160e-01 4.120000e-04 3.759720e-01
460 6.235400e-01 4.240000e-04 3.760360e-01
461 6.234920e-01 3.880000e-04 3.761200e-01
462 6.234200e-01 3.840000e-04 3.761960e-01
463 6.233360e-01 3.960000e-04 3.762680e-01
464 6.232600e-01 4.000000e-04 3.763400e-01
465 6.231720e-01 3.920000e-04 3.764360e-01
466 6.231080e-01 3.760000e-04 3.765160e-01
467 6.230400e-01 3.920000e-04 3.765680e-01
468 6.229400e-01 4.200000e-04 3.766400e-01
469 6.228680e-01 3.960000e-04 3.767360e-01
470 6.228160e-01 3.480000e-04 3.768360e-01
471 6.227680e-01 3.480000e-04 3.768840e-01
472 6.227200e-01 3.360000e-04 3.769440e-01
473 6.227000e-01 3.160000e-04 3.769840e-01
474 6.226800e-01 2.760000e-04 3.770440e-01
475 6.226320e-01 2.840000e-04 3.770840e-01
476 6.225760e-01 3.120000e-04 3.771120e-01
477 6.225320e-01 3.000000e-04 3.771680e-01
478 6.224960e-01 3.200000e-04 3.771840e-01
479 6.224360e-01 3.040000e-04 3.772600e-01
480 6.223680e-01 3.240000e-04 3.773080e-01
481 6.223200e-01 3.200000e-04 3.773600e-01
482 6.222440e-01 3.480000e-04 3.774080e-01
483 6.221960e-01 3.480000e-04 3.774560e-01
484 6.221440e-01 3.320000e-04 3.775240e-01
485 6.220960e-01 2.800000e-04 3.776240e-01
486 6.220480e-01 2.680000e-04 3.776840e-01
487 6.219920e-01 2.720000e-04 3.777360e-01
488 6.219440e-01 2.640000e-04 3.777920e-01
489 6.219200e-01 2.240000e-04 3.778560e-01
490 6.218800e-01 2.280000e-04 3.778920e-01
491 6.218560e-01 2.200000e-04 3.779240e-01
492 6.218120e-01 2.280000e-04 3.779600e-01
493 6.217800e-01 2.240000e-04 3.779960e-01
494 6.217440e-01 2.160000e-04 3.780400e-01
495 6.217080e-01 2.280000e-04 3.780640e-01
496 6.216920e-01 2.080000e-04 3.781000e-01
497 6.216800e-01 2.000000e-04 3.781200e-01
498 6.216720e-01 1.720000e-04 3.781560e-01
499 6.216400e-01 1.680000e-04 3.781920e-01
500 6.216160e-01 1.560000e-04 3.782280e-01
