1 9.992440e-01 7.080000e-04 4.800000e-05
2 9.986720e-01 1.152000e-03 1.760000e-04
3 9.977840e-01 1.824000e-03 3.920000e-04
4 9.970080e-01 2.292000e-03 7.000000e-04
5 9.960480e-01 2.824000e-03 1.128000e-03
6 9.951760e-01 3.220000e-03 1.604000e-03
7 9.941600e-01 3.616000e-03 2.224000e-03
8 9.930520e-01 4.128000e-03 2.820000e-03
9 9.918960e-01 4.496000e-03 3.608000e-03
10 9.905520e-01 5.060000e-03 4.388000e-03
11 9.893280e-01 5.396000e-03 5.276000e-03
12 9.881560e-01 5.588000e-03 6.256000e-03
13 9.869040e-01 5.880000e-03 7.216000e-03
14 9.856840e-01 6.012000e-03 8.304000e-03
15 9.842600e-01 6.380000e-03 9.360000e-03
16 9.829320e-01 6.576000e-03 1.049200e-02
17 9.814960e-01 6.752000e-03 1.175200e-02
18 9.801120e-01 7.024000e-03 1.286400e-02
19 9.786920e-01 7.116000e-03 1.419200e-02
20 9.774840e-01 7.176000e-03 1.534000e-02
21 9.760080e-01 7.336000e-03 1.665600e-02
22 9.745760e-01 7.564000e-03 1.786000e-02
23 9.731960e-01 7.568000e-03 1.923600e-02
24 9.716320e-01 7.820000e-03 2.054800e-02
25 9.700000e-01 8.088000e-03 2.191200e-02
26 9.685520e-01 8.064000e-03 2.338400e-02
27 9.669720e-01 8.236000e-03 2.479200e-02
28 9.653000e-01 8.472000e-03 2.622800e-02
29 9.637080e-01 8.404000e-03 2.788800e-02
30 9.622640e-01 8.216000e-03 2.952000e-02
31 9.607960e-01 8.296000e-03 3.090800e-02
32 9.591560e-01 8.388000e-03 3.245600e-02
33 9.575560e-01 8.464000e-03 3.398000e-02
34 9.559320e-01 8.668000e-03 3.540000e-02
35 9.543240e-01 8.700000e-03 3.697600e-02
36 9.528360e-01 8.580000e-03 3.858400e-02
37 9.512600e-01 8.720000e-03 4.002000e-02
38 9.497240e-01 8.792000e-03 4.148400e-02
39 9.481640e-01 8.884000e-03 4.295200e-02
40 9.462520e-01 9.240000e-03 4.450800e-02
41 9.444960e-01 9.428000e-03 4.607600e-02
42 9.425680e-01 9.616000e-03 4.781600e-02
43 9.408240e-01 9.696000e-03 4.948000e-02
44 9.389320e-01 9.780000e-03 5.128800e-02
45 9.372000e-01 9.776000e-03 5.302400e-02
46 9.354520e-01 9.688000e-03 5.486000e-02
47 9.338160e-01 9.596000e-03 5.658800e-02
48 9.319120e-01 9.832000e-03 5.825600e-02
49 9.300120e-01 9.924000e-03 6.006400e-02
50 9.280160e-01 1.019200e-02 6.179200e-02
51 9.260640e-01 1.046800e-02 6.346800e-02
52 9.240240e-01 1.068000e-02 6.529600e-02
53 9.220840e-01 1.063200e-02 6.728400e-02
54 9.202640e-01 1.067200e-02 6.906400e-02
55 9.184200e-01 1.068800e-02 7.089200e-02
56 9.166000e-01 1.058000e-02 7.282000e-02
57 9.148400e-01 1.046800e-02 7.469200e-02
58 9.128880e-01 1.052400e-02 7.658800e-02
59 9.110560e-01 1.075600e-02 7.818800e-02
60 9.093360e-01 1.056400e-02 8.010000e-02
61 9.076040e-01 1.053600e-02 8.186000e-02
62 9.057880e-01 1.046800e-02 8.374400e-02
63 9.039080e-01 1.044800e-02 8.564400e-02
64 9.020240e-01 1.044400e-02 8.753200e-02
65 9.002720e-01 1.044400e-02 8.928400e-02
66 8.984440e-01 1.028400e-02 9.127200e-02
67 8.967040e-01 1.016000e-02 9.313600e-02
68 8.950480e-01 9.872000e-03 9.508000e-02
69 8.933520e-01 9.840000e-03 9.680800e-02
70 8.916400e-01 9.952000e-03 9.840800e-02
71 8.898560e-01 9.928000e-03 1.002160e-01
72 8.882640e-01 9.808000e-03 1.019280e-01
73 8.864640e-01 1.002400e-02 1.035120e-01
74 8.848880e-01 9.828000e-03 1.052840e-01
75 8.831560e-01 9.956000e-03 1.068880e-01
76 8.814960e-01 9.820000e-03 1.086840e-01
77 8.797120e-01 9.856000e-03 1.104320e-01
78 8.782120e-01 9.716000e-03 1.120720e-01
79 8.764800e-01 9.720000e-03 1.138000e-01
80 8.747680e-01 9.752000e-03 1.154800e-01
81 8.731800e-01 9.672000e-03 1.171480e-01
82 8.716760e-01 9.496000e-03 1.188280e-01
83 8.699840e-01 9.440000e-03 1.205760e-01
84 8.683600e-01 9.520000e-03 1.221200e-01
85 8.668800e-01 9.224000e-03 1.238960e-01
86 8.652960e-01 9.360000e-03 1.253440e-01
87 8.635640e-01 9.428000e-03 1.270080e-01
88 8.620000e-01 9.436000e-03 1.285640e-01
89 8.602320e-01 9.356000e-03 1.304120e-01
90 8.586000e-01 9.424000e-03 1.319760e-01
91 8.571480e-01 9.204000e-03 1.336480e-01
92 8.556120e-01 9.148000e-03 1.352400e-01
93 8.540240e-01 9.044000e-03 1.369320e-01
94 8.525200e-01 9.004000e-03 1.384760e-01
95 8.509720e-01 8.832000e-03 1.401960e-01
96 8.495840e-01 8.648000e-03 1.417680e-01
97 8.481400e-01 8.656000e-03 1.432040e-01
98 8.467120e-01 8.612000e-03 1.446760e-01
99 8.451600e-01 8.608000e-03 1.462320e-01
100 8.435680e-01 8.792000e-03 1.476400e-01
101 8.422000e-01 8.628000e-03 1.491720e-01
102 8.407800e-01 8.632000e-03 1.505880e-01
103 8.393920e-01 8.504000e-03 1.521040e-01
104 8.380800e-01 8.324000e-03 1.535960e-01
105 8.366920e-01 8.156000e-03 1.551520e-01
106 8.353840e-01 8.048000e-03 1.565680e-01
107 8.341720e-01 7.824000e-03 1.580040e-01
108 8.330600e-01 7.664000e-03 1.592760e-01
109 8.318280e-01 7.572000e-03 1.606000e-01
110 8.305800e-01 7.516000e-03 1.619040e-01
111 8.293840e-01 7.404000e-03 1.632120e-01
112 8.282600e-01 7.304000e-03 1.644360e-01
113 8.269600e-01 7.212000e-03 1.658280e-01
114 8.258440e-01 7.100000e-03 1.670560e-01
115 8.246440e-01 7.132000e-03 1.682240e-01
116 8.234920e-01 7.048000e-03 1.694600e-01
117 8.223600e-01 6.912000e-03 1.707280e-01
118 8.210440e-01 6.960000e-03 1.719960e-01
119 8.196920e-01 7.020000e-03 1.732880e-01
120 8.182920e-01 7.156000e-03 1.745520e-01
121 8.170200e-01 7.160000e-03 1.758200e-01
122 8.157600e-01 7.052000e-03 1.771880e-01
123 8.145600e-01 7.012000e-03 1.784280e-01
124 8.132880e-01 7.068000e-03 1.796440e-01
125 8.121400e-01 6.956000e-03 1.809040e-01
126 8.110680e-01 6.876000e-03 1.820560e-01
127 8.099160e-01 6.832000e-03 1.832520e-01
128 8.089080e-01 6.788000e-03 1.843040e-01
129 8.077000e-01 6.876000e-03 1.854240e-01
130 8.064640e-01 7.032000e-03 1.865040e-01
131 8.052800e-01 7.012000e-03 1.877080e-01
132 8.040240e-01 7.024000e-03 1.889520e-01
133 8.027760e-01 7.152000e-03 1.900720e-01
134 8.015840e-01 7.168000e-03 1.912480e-01
135 8.003040e-01 7.184000e-03 1.925120e-01
136 7.991360e-01 7.116000e-03 1.937480e-01
137 7.979320e-01 7.008000e-03 1.950600e-01
138 7.967480e-01 7.060000e-03 1.961920e-01
139 7.954440e-01 7.108000e-03 1.974480e-01
140 7.940960e-01 7.308000e-03 1.985960e-01
141 7.928720e-01 7.348000e-03 1.997800e-01
142 7.915480e-01 7.440000e-03 2.010120e-01
143 7.901640e-01 7.532000e-03 2.023040e-01
144 7.888040e-01 7.504000e-03 2.036920e-01
145 7.875280e-01 7.464000e-03 2.050080e-01
146 7.861640e-01 7.516000e-03 2.063200e-01
147 7.847640e-01 7.668000e-03 2.075680e-01
148 7.834440e-01 7.656000e-03 2.089000e-01
149 7.820080e-01 7.828000e-03 2.101640e-01
150 7.805120e-01 7.888000e-03 2.116000e-01
151 7.792320e-01 7.832000e-03 2.129360e-01
152 7.779040e-01 7.760000e-03 2.143360e-01
153 7.765080e-01 7.736000e-03 2.157560e-01
154 7.751920e-01 7.692000e-03 2.171160e-01
155 7.738200e-01 7.740000e-03 2.184400e-01
156 7.725080e-01 7.692000e-03 2.198000e-01
157 7.711440e-01 7.688000e-03 2.211680e-01
158 7.697080e-01 7.836000e-03 2.224560e-01
159 7.683920e-01 7.760000e-03 2.238480e-01
160 7.671320e-01 7.616000e-03 2.252520e-01
161 7.655920e-01 7.772000e-03 2.266360e-01
162 7.641840e-01 7.816000e-03 2.280000e-01
163 7.628520e-01 7.824000e-03 2.293240e-01
164 7.614680e-01 7.896000e-03 2.306360e-01
165 7.603000e-01 7.612000e-03 2.320880e-01
166 7.590120e-01 7.560000e-03 2.334280e-01
167 7.578680e-01 7.392000e-03 2.347400e-01
168 7.567120e-01 7.284000e-03 2.360040e-01
169 7.555760e-01 7.144000e-03 2.372800e-01
170 7.544560e-01 6.956000e-03 2.385880e-01
171 7.534360e-01 6.692000e-03 2.398720e-01
172 7.524160e-01 6.460000e-03 2.411240e-01
173 7.513800e-01 6.364000e-03 2.422560e-01
174 7.502760e-01 6.340000e-03 2.433840e-01
175 7.491640e-01 6.408000e-03 2.444280e-01
176 7.481400e-01 6.404000e-03 2.454560e-01
177 7.469080e-01 6.448000e-03 2.466440e-01
178 7.457680e-01 6.460000e-03 2.477720e-01
179 7.445080e-01 6.620000e-03 2.488720e-01
180 7.433400e-01 6.504000e-03 2.501560e-01
181 7.422160e-01 6.524000e-03 2.512600e-01
182 7.410040e-01 6.656000e-03 2.523400e-01
183 7.397600e-01 6.704000e-03 2.535360e-01
184 7.385640e-01 6.648000e-03 2.547880e-01
185 7.374560e-01 6.636000e-03 2.559080e-01
186 7.362880e-01 6.632000e-03 2.570800e-01
187 7.350000e-01 6.804000e-03 2.581960e-01
188 7.337720e-01 6.804000e-03 2.594240e-01
189 7.327200e-01 6.716000e-03 2.605640e-01
190 7.316200e-01 6.604000e-03 2.617760e-01
191 7.305560e-01 6.540000e-03 2.629040e-01
192 7.293640e-01 6.424000e-03 2.642120e-01
193 7.283760e-01 6.188000e-03 2.654360e-01
194 7.272760e-01 6.128000e-03 2.665960e-01
195 7.262600e-01 6.156000e-03 2.675840e-01
196 7.252280e-01 6.132000e-03 2.686400e-01
197 7.242400e-01 6.036000e-03 2.697240e-01
198 7.233480e-01 5.844000e-03 2.708080e-01
199 7.224000e-01 5.860000e-03 2.717400e-01
200 7.214600e-01 5.828000e-03 2.727120e-01
201 7.203880e-01 5.932000e-03 2.736800e-01
202 7.193960e-01 5.844000e-03 2.747600e-01
203 7.184280e-01 5.852000e-03 2.757200e-01
204 7.174840e-01 5.772000e-03 2.767440e-01
205 7.165280e-01 5.620000e-03 2.778520e-01
206 7.155560e-01 5.580000e-03 2.788640e-01
207 7.146520e-01 5.576000e-03 2.797720e-01
208 7.137000e-01 5.556000e-03 2.807440e-01
209 7.127880e-01 5.488000e-03 2.817240e-01
210 7.117880e-01 5.584000e-03 2.826280e-01
211 7.109040e-01 5.520000e-03 2.835760e-01
212 7.099920e-01 5.484000e-03 2.845240e-01
213 7.091480e-01 5.436000e-03 2.854160e-01
214 7.082080e-01 5.468000e-03 2.863240e-01
215 7.072600e-01 5.440000e-03 2.873000e-01
216 7.063280e-01 5.440000e-03 2.882320e-01
217 7.053360e-01 5.472000e-03 2.891920e-01
218 7.044200e-01 5.480000e-03 2.901000e-01
219 7.034160e-01 5.500000e-03 2.910840e-01
220 7.024680e-01 5.560000e-03 2.919720e-01
221 7.014600e-01 5.636000e-03 2.929040e-01
222 7.004080e-01 5.692000e-03 2.939000e-01
223 6.993680e-01 5.828000e-03 2.948040e-01
224 6.983480e-01 5.820000e-03 2.958320e-01
225 6.972080e-01 5.964000e-03 2.968280e-01
226 6.962160e-01 5.980000e-03 2.978040e-01
227 6.952320e-01 5.908000e-03 2.988600e-01
228 6.940640e-01 6.012000e-03 2.999240e-01
229 6.930320e-01 5.888000e-03 3.010800e-01
230 6.921160e-01 5.724000e-03 3.021600e-01
231 6.911720e-01 5.564000e-03 3.032640e-01
232 6.901280e-01 5.700000e-03 3.041720e-01
233 6.892880e-01 5.556000e-03 3.051560e-01
234 6.883720e-01 5.552000e-03 3.060760e-01
235 6.873880e-01 5.488000e-03 3.071240e-01
236 6.865040e-01 5.480000e-03 3.080160e-01
237 6.854920e-01 5.464000e-03 3.090440e-01
238 6.845840e-01 5.456000e-03 3.099600e-01
239 6.835400e-01 5.452000e-03 3.110080e-01
240 6.824680e-01 5.584000e-03 3.119480e-01
241 6.815360e-01 5.508000e-03 3.129560e-01
242 6.805680e-01 5.516000e-03 3.139160e-01
243 6.796240e-01 5.608000e-03 3.147680e-01
244 6.786400e-01 5.560000e-03 3.158000e-01
245 6.777920e-01 5.444000e-03 3.167640e-01
246 6.769000e-01 5.372000e-03 3.177280e-01
247 6.760880e-01 5.156000e-03 3.187560e-01
248 6.752160e-01 5.148000e-03 3.196360e-01
249 6.743040e-01 5.104000e-03 3.205920e-01
250 6.734960e-01 5.016000e-03 3.214880e-01
251 6.727440e-01 4.884000e-03 3.223720e-01
252 6.719200e-01 4.940000e-03 3.231400e-01
253 6.711040e-01 4.904000e-03 3.239920e-01
254 6.704920e-01 4.628000e-03 3.248800e-01
255 6.697680e-01 4.472000e-03 3.257600e-01
256 6.690040e-01 4.472000e-03 3.265240e-01
257 6.681960e-01 4.628000e-03 3.271760e-01
258 6.673960e-01 4.592000e-03 3.280120e-01
259 6.667000e-01 4.472000e-03 3.288280e-01
260 6.658760e-01 4.508000e-03 3.296160e-01
261 6.651720e-01 4.464000e-03 3.303640e-01
262 6.644240e-01 4.360000e-03 3.312160e-01
263 6.636480e-01 4.388000e-03 3.319640e-01
264 6.628680e-01 4.388000e-03 3.327440e-01
265 6.622000e-01 4.392000e-03 3.334080e-01
266 6.614760e-01 4.384000e-03 3.341400e-01
267 6.608320e-01 4.356000e-03 3.348120e-01
268 6.601480e-01 4.312000e-03 3.355400e-01
269 6.593800e-01 4.308000e-03 3.363120e-01
270 6.587400e-01 4.120000e-03 3.371400e-01
271 6.580880e-01 4.068000e-03 3.378440e-01
272 6.573880e-01 4.056000e-03 3.385560e-01
273 6.567400e-01 3.996000e-03 3.392640e-01
274 6.560080e-01 4.148000e-03 3.398440e-01
275 6.553320e-01 4.076000e-03 3.405920e-01
276 6.545560e-01 4.116000e-03 3.413280e-01
277 6.538240e-01 4.192000e-03 3.419840e-01
278 6.530440e-01 4.216000e-03 3.427400e-01
279 6.523320e-01 4.272000e-03 3.433960e-01
280 6.515520e-01 4.324000e-03 3.441240e-01
281 6.509520e-01 4.208000e-03 3.448400e-01
282 6.503240e-01 4.084000e-03 3.455920e-01
283 6.496280e-01 4.196000e-03 3.461760e-01
284 6.489400e-01 4.136000e-03 3.469240e-01
285 6.481640e-01 4.092000e-03 3.477440e-01
286 6.474080e-01 4.068000e-03 3.485240e-01
287 6.467520e-01 3.956000e-03 3.492920e-01
288 6.461240e-01 3.816000e-03 3.500600e-01
289 6.455200e-01 3.828000e-03 3.506520e-01
290 6.448920e-01 3.724000e-03 3.513840e-01
291 6.442440e-01 3.772000e-03 3.519840e-01
292 6.435960e-01 3.640000e-03 3.527640e-01
293 6.429560e-01 3.644000e-03 3.534000e-01
294 6.423160e-01 3.668000e-03 3.540160e-01
295 6.417320e-01 3.620000e-03 3.546480e-01
296 6.410360e-01 3.668000e-03 3.552960e-01
297 6.403320e-01 3.724000e-03 3.559440e-01
298 6.397400e-01 3.568000e-03 3.566920e-01
299 6.391520e-01 3.588000e-03 3.572600e-01
300 6.385360e-01 3.544000e-03 3.579200e-01
301 6.379640e-01 3.464000e-03 3.585720e-01
302 6.372960e-01 3.604000e-03 3.591000e-01
303 6.367480e-01 3.512000e-03 3.597400e-01
304 6.361800e-01 3.432000e-03 3.603880e-01
305 6.356800e-01 3.380000e-03 3.609400e-01
306 6.351640e-01 3.336000e-03 3.615000e-01
307 6.346440e-01 3.272000e-03 3.620840e-01
308 6.340720e-01 3.260000e-03 3.626680e-01
309 6.334800e-01 3.260000e-03 3.632600e-01
310 6.330400e-01 3.072000e-03 3.638880e-01
311 6.324160e-01 3.168000e-03 3.644160e-01
312 6.319400e-01 3.112000e-03 3.649480e-01
313 6.315080e-01 2.992000e-03 3.655000e-01
314 6.310320e-01 2.952000e-03 3.660160e-01
315 6.304720e-01 3.024000e-03 3.665040e-01
316 6.299120e-01 3.012000e-03 3.670760e-01
317 6.294040e-01 3.012000e-03 3.675840e-01
318 6.289480e-01 2.980000e-03 3.680720e-01
319 6.284280e-01 2.940000e-03 3.686320e-01
320 6.279600e-01 2.864000e-03 3.691760e-01
321 6.275400e-01 2.776000e-03 3.696840e-01
322 6.271280e-01 2.724000e-03 3.701480e-01
323 6.267240e-01 2.680000e-03 3.705960e-01
324 6.263080e-01 2.560000e-03 3.711320e-01
325 6.259400e-01 2.456000e-03 3.716040e-01
326 6.256160e-01 2.404000e-03 3.719800e-01
327 6.252720e-01 2.336000e-03 3.723920e-01
328 6.248960e-01 2.336000e-03 3.727680e-01
329 6.245240e-01 2.328000e-03 3.731480e-01
330 6.241160e-01 2.252000e-03 3.736320e-01
331 6.237760e-01 2.240000e-03 3.739840e-01
332 6.234160e-01 2.200000e-03 3.743840e-01
333 6.230120e-01 2.136000e-03 3.748520e-01
334 6.225960e-01 2.196000e-03 3.752080e-01
335 6.222600e-01 2.132000e-03 3.756080e-01
336 6.218800e-01 2.116000e-03 3.760040e-01
337 6.215480e-01 2.084000e-03 3.763680e-01
338 6.212080e-01 2.020000e-03 3.767720e-01
339 6.208880e-01 2.004000e-03 3.771080e-01
340 6.206160e-01 1.920000e-03 3.774640e-01
341 6.202880e-01 1.908000e-03 3.778040e-01
342 6.199840e-01 1.804000e-03 3.782120e-01
343 6.196400e-01 1.804000e-03 3.785560e-01
344 6.192800e-01 1.864000e-03 3.788560e-01
345 6.189200e-01 1.972000e-03 3.791080e-01
346 6.185960e-01 1.940000e-03 3.794640e-01
347 6.182640e-01 1.928000e-03 3.798080e-01
348 6.179320e-01 1.896000e-03 3.801720e-01
349 6.176400e-01 1.860000e-03 3.805000e-01
350 6.172880e-01 1.888000e-03 3.808240e-01
351 6.170000e-01 1.852000e-03 3.811480e-01
352 6.165760e-01 1.940000e-03 3.814840e-01
353 6.162320e-01 1.964000e-03 3.818040e-01
354 6.159600e-01 1.832000e-03 3.822080e-01
355 6.157200e-01 1.776000e-03 3.825040e-01
356 6.155320e-01 1.676000e-03 3.827920e-01
357 6.152560e-01 1.584000e-03 3.831600e-01
358 6.150000e-01 1.516000e-03 3.834840e-01
359 6.147760e-01 1.472000e-03 3.837520e-01
360 6.146040e-01 1.344000e-03 3.840520e-01
361 6.143840e-01 1.304000e-03 3.843120e-01
362 6.141480e-01 1.304000e-03 3.845480e-01
363 6.139360e-01 1.260000e-03 3.848040e-01
364 6.137640e-01 1.232000e-03 3.850040e-01
365 6.135360e-01 1.260000e-03 3.852040e-01
366 6.133080e-01 1.264000e-03 3.854280e-01
367 6.131240e-01 1.224000e-03 3.856520e-01
368 6.128640e-01 1.264000e-03 3.858720e-01
369 6.126960e-01 1.232000e-03 3.860720e-01
370 6.124800e-01 1.228000e-03 3.862920e-01
371 6.122120e-01 1.296000e-03 3.864920e-01
372 6.120160e-01 1.236000e-03 3.867480e-01
373 6.118440e-01 1.212000e-03 3.869440e-01
374 6.116360e-01 1.204000e-03 3.871600e-01
375 6.114280e-01 1.216000e-03 3.873560e-01
376 6.112400e-01 1.204000e-03 3.875560e-01
377 6.110400e-01 1.208000e-03 3.877520e-01
378 6.107920e-01 1.244000e-03 3.879640e-01
379 6.105280e-01 1.268000e-03 3.882040e-01
380 6.102480e-01 1.264000e-03 3.884880e-01
381 6.099760e-01 1.292000e-03 3.887320e-01
382 6.096920e-01 1.376000e-03 3.889320e-01
383 6.094240e-01 1.388000e-03 3.891880e-01
384 6.091240e-01 1.416000e-03 3.894600e-01
385 6.089000e-01 1.352000e-03 3.897480e-01
386 6.086760e-01 1.368000e-03 3.899560e-01
387 6.084480e-01 1.368000e-03 3.901840e-01
388 6.081680e-01 1.352000e-03 3.904800e-01
389 6.079600e-01 1.352000e-03 3.906880e-01
390 6.077120e-01 1.384000e-03 3.909040e-01
391 6.074320e-01 1.436000e-03 3.911320e-01
392 6.072280e-01 1.376000e-03 3.913960e-01
393 6.070240e-01 1.328000e-03 3.916480e-01
394 6.068200e-01 1.236000e-03 3.919440e-01
395 6.066200e-01 1.204000e-03 3.921760e-01
396 6.064560e-01 1.204000e-03 3.923400e-01
397 6.062440e-01 1.264000e-03 3.924920e-01
398 6.060280e-01 1.248000e-03 3.927240e-01
399 6.058360e-01 1.220000e-03 3.929440e-01
400 6.055840e-01 1.216000e-03 3.932000e-01
401 6.053280e-01 1.316000e-03 3.933560e-01
402 6.051200e-01 1.296000e-03 3.935840e-01
403 6.049000e-01 1.264000e-03 3.938360e-01
404 6.046880e-01 1.216000e-03 3.940960e-01
405 6.044840e-01 1.192000e-03 3.943240e-01
406 6.043080e-01 1.156000e-03 3.945360e-01
407 6.041000e-01 1.160000e-03 3.947400e-01
408 6.038400e-01 1.176000e-03 3.949840e-01
409 6.035840e-01 1.248000e-03 3.951680e-01
410 6.033440e-01 1.252000e-03 3.954040e-01
411 6.031680e-01 1.204000e-03 3.956280e-01
412 6.029200e-01 1.256000e-03 3.958240e-01
413 6.026520e-01 1.276000e-03 3.960720e-01
414 6.024840e-01 1.184000e-03 3.963320e-01
415 6.023040e-01 1.164000e-03 3.965320e-01
416 6.021000e-01 1.180000e-03 3.967200e-01
417 6.018960e-01 1.184000e-03 3.969200e-01
418 6.017280e-01 1.164000e-03 3.971080e-01
419 6.014920e-01 1.224000e-03 3.972840e-01
420 6.013240e-01 1.176000e-03 3.975000e-01
421 6.011880e-01 1.136000e-03 3.976760e-01
422 6.010080e-01 1.128000e-03 3.978640e-01
423 6.008040e-01 1.116000e-03 3.980800e-01
424 6.006040e-01 1.132000e-03 3.982640e-01
425 6.004360e-01 1.132000e-03 3.984320e-01
426 6.002280e-01 1.136000e-03 3.986360e-01
427 6.000720e-01 1.108000e-03 3.988200e-01
428 5.998880e-01 1.124000e-03 3.989880e-01
429 5.997200e-01 1.064000e-03 3.992160e-01
430 5.995600e-01 1.104000e-03 3.993360e-01
431 5.994240e-01 1.044000e-03 3.995320e-01
432 5.992840e-01 9.920000e-04 3.997240e-01
433 5.991600e-01 9.520000e-04 3.998880e-01
434 5.989960e-01 9.680000e-04 4.000360e-01
435 5.988360e-01 9.520000e-04 4.002120e-01
436 5.986480e-01 9.720000e-04 4.003800e-01
437 5.984600e-01 9.560000e-04 4.005840e-01
438 5.982720e-01 9.160000e-04 4.008120e-01
439 5.980800e-01 9.600000e-04 4.009600e-01
440 5.979200e-01 9.520000e-04 4.011280e-01
441 5.978040e-01 8.680000e-04 4.013280e-01
442 5.976680e-01 8.840000e-04 4.014480e-01
443 5.975760e-01 8.480000e-04 4.015760e-01
444 5.974600e-01 7.920000e-04 4.017480e-01
445 5.973440e-01 7.560000e-04 4.019000e-01
446 5.972360e-01 7.320000e-04 4.020320e-01
447 5.971480e-01 7.120000e-04 4.021400e-01
448 5.970000e-01 7.480000e-04 4.022520e-01
449 5.968760e-01 7.120000e-04 4.024120e-01
450 5.967760e-01 6.680000e-04 4.025560e-01
451 5.967000e-01 6.600000e-04 4.026400e-01
452 5.966200e-01 6.440000e-04 4.027360e-01
453 5.965400e-01 6.240000e-04 4.028360e-01
454 5.964240e-01 6.480000e-04 4.029280e-01
455 5.963560e-01 5.920000e-04 4.030520e-01
456 5.962640e-01 6.000000e-04 4.031360e-01
457 5.961880e-01 5.640000e-04 4.032480e-01
458 5.961240e-01 5.280000e-04 4.033480e-01
459 5.960640e-01 5.120000e-04 4.034240e-01
460 5.959880e-01 5.400000e-04 4.034720e-01
461 5.959000e-01 5.240000e-04 4.035760e-01
462 5.957880e-01 5.600000e-04 4.036520e-01
463 5.956800e-01 5.720000e-04 4.037480e-01
464 5.955680e-01 5.960000e-04 4.038360e-01
465 5.954640e-01 6.360000e-04 4.039000e-01
466 5.953240e-01 6.720000e-04 4.040040e-01
467 5.951600e-01 7.000000e-04 4.041400e-01
468 5.950120e-01 7.160000e-04 4.042720e-01
469 5.948720e-01 7.120000e-04 4.044160e-01
470 5.947120e-01 7.600000e-04 4.045280e-01
471 5.946240e-01 7.280000e-04 4.046480e-01
472 5.944800e-01 7.360000e-04 4.047840e-01
473 5.943640e-01 6.920000e-04 4.049440e-01
474 5.942640e-01 6.560000e-04 4.050800e-01
475 5.941800e-01 6.200000e-04 4.052000e-01
476 5.940400e-01 6.280000e-04 4.053320e-01
477 5.938840e-01 6.760000e-04 4.054400e-01
478 5.937280e-01 6.920000e-04 4.055800e-01
479 5.936160e-01 6.440000e-04 4.057400e-01
480 5.934800e-01 6.880000e-04 4.058320e-01
481 5.933960e-01 6.800000e-04 4.059240e-01
482 5.932960e-01 6.640000e-04 4.060400e-01
483 5.931400e-01 7.000000e-04 4.061600e-01
484 5.930240e-01 6.760000e-04 4.063000e-01
485 5.929000e-01 7.000000e-04 4.064000e-01
486 5.927440e-01 7.400000e-04 4.065160e-01
487 5.926200e-01 7.360000e-04 4.066440e-01
488 5.925160e-01 7.120000e-04 4.067720e-01
489 5.924040e-01 6.960000e-04 4.069000e-01
490 5.923440e-01 5.840000e-04 4.070720e-01
491 5.922840e-01 5.480000e-04 4.071680e-01
492 5.921960e-01 5.520000e-04 4.072520e-01
493 5.921120e-01 5.360000e-04 4.073520e-01
494 5.920520e-01 5.080000e-04 4.074400e-01
495 5.919720e-01 5.120000e-04 4.075160e-01
496 5.918840e-01 5.320000e-04 4.075840e-01
497 5.918080e-01 5.160000e-04 4.076760e-01
498 5.917560e-01 4.880000e-04 4.077560e-01
499 5.917280e-01 4.080000e-04 4.078640e-01
500 5.916960e-01 3.760000e-04 4.079280e-01
