1 9.991280e-01 7.400000e-04 1.320000e-04
2 9.986480e-01 1.080000e-03 2.720000e-04
3 9.979960e-01 1.440000e-03 5.640000e-04
4 9.974120e-01 1.712000e-03 8.760000e-04
5 9.967200e-01 2.036000e-03 1.244000e-03
6 9.959760e-01 2.388000e-03 1.636000e-03
7 9.952400e-01 2.688000e-03 2.072000e-03
8 9.945840e-01 2.924000e-03 2.492000e-03
9 9.937800e-01 3.144000e-03 3.076000e-03
10 9.929560e-01 3.400000e-03 3.644000e-03
11 9.921360e-01 3.584000e-03 4.280000e-03
12 9.911680e-01 3.928000e-03 4.904000e-03
13 9.901600e-01 4.184000e-03 5.656000e-03
14 9.892240e-01 4.260000e-03 6.516000e-03
15 9.882800e-01 4.444000e-03 7.276000e-03
16 9.873280e-01 4.668000e-03 8.004000e-03
17 9.864040e-01 4.740000e-03 8.856000e-03
18 9.853080e-01 4.968000e-03 9.724000e-03
19 9.842280e-01 5.180000e-03 1.059200e-02
20 9.832080e-01 5.348000e-03 1.144400e-02
21 9.821320e-01 5.472000e-03 1.239600e-02
22 9.809920e-01 5.600000e-03 1.340800e-02
23 9.798560e-01 5.800000e-03 1.434400e-02
24 9.786080e-01 5.988000e-03 1.540400e-02
25 9.774040e-01 6.132000e-03 1.646400e-02
26 9.761000e-01 6.236000e-03 1.766400e-02
27 9.748160e-01 6.364000e-03 1.882000e-02
28 9.736840e-01 6.304000e-03 2.001200e-02
29 9.726680e-01 6.176000e-03 2.115600e-02
30 9.716160e-01 6.128000e-03 2.225600e-02
31 9.704800e-01 6.136000e-03 2.338400e-02
32 9.693200e-01 6.284000e-03 2.439600e-02
33 9.682440e-01 6.232000e-03 2.552400e-02
34 9.670520e-01 6.360000e-03 2.658800e-02
35 9.658920e-01 6.388000e-03 2.772000e-02
36 9.648000e-01 6.356000e-03 2.884400e-02
37 9.636760e-01 6.408000e-03 2.991600e-02
38 9.625760e-01 6.340000e-03 3.108400e-02
39 9.613320e-01 6.504000e-03 3.216400e-02
40 9.602840e-01 6.432000e-03 3.328400e-02
41 9.590600e-01 6.548000e-03 3.439200e-02
42 9.577440e-01 6.628000e-03 3.562800e-02
43 9.565200e-01 6.716000e-03 3.676400e-02
44 9.551480e-01 6.872000e-03 3.798000e-02
45 9.537680e-01 6.976000e-03 3.925600e-02
46 9.524240e-01 7.084000e-03 4.049200e-02
47 9.510000e-01 7.192000e-03 4.180800e-02
48 9.496600e-01 7.276000e-03 4.306400e-02
49 9.484400e-01 7.272000e-03 4.428800e-02
50 9.470520e-01 7.348000e-03 4.560000e-02
51 9.456120e-01 7.468000e-03 4.692000e-02
52 9.441520e-01 7.652000e-03 4.819600e-02
53 9.428440e-01 7.600000e-03 4.955600e-02
54 9.415360e-01 7.564000e-03 5.090000e-02
55 9.401720e-01 7.720000e-03 5.210800e-02
56 9.386160e-01 7.960000e-03 5.342400e-02
57 9.372560e-01 7.912000e-03 5.483200e-02
58 9.358560e-01 7.928000e-03 5.621600e-02
59 9.344560e-01 7.984000e-03 5.756000e-02
60 9.330160e-01 8.012000e-03 5.897200e-02
61 9.317720e-01 7.820000e-03 6.040800e-02
62 9.304480e-01 7.848000e-03 6.170400e-02
63 9.293600e-01 7.632000e-03 6.300800e-02
64 9.280160e-01 7.704000e-03 6.428000e-02
65 9.266960e-01 7.680000e-03 6.562400e-02
66 9.253000e-01 7.772000e-03 6.692800e-02
67 9.239160e-01 7.800000e-03 6.828400e-02
68 9.225680e-01 7.796000e-03 6.963600e-02
69 9.212760e-01 7.768000e-03 7.095600e-02
70 9.200120e-01 7.612000e-03 7.237600e-02
71 9.185800e-01 7.628000e-03 7.379200e-02
72 9.172560e-01 7.700000e-03 7.504400e-02
73 9.158960e-01 7.616000e-03 7.648800e-02
74 9.145080e-01 7.680000e-03 7.781200e-02
75 9.130960e-01 7.648000e-03 7.925600e-02
76 9.117560e-01 7.552000e-03 8.069200e-02
77 9.104480e-01 7.488000e-03 8.206400e-02
78 9.090440e-01 7.552000e-03 8.340400e-02
79 9.077480e-01 7.544000e-03 8.470800e-02
80 9.065280e-01 7.408000e-03 8.606400e-02
81 9.052680e-01 7.424000e-03 8.730800e-02
82 9.038880e-01 7.480000e-03 8.863200e-02
83 9.027160e-01 7.404000e-03 8.988000e-02
84 9.012240e-01 7.648000e-03 9.112800e-02
85 8.997720e-01 7.864000e-03 9.236400e-02
86 8.983200e-01 7.940000e-03 9.374000e-02
87 8.968000e-01 8.152000e-03 9.504800e-02
88 8.953280e-01 8.200000e-03 9.647200e-02
89 8.938000e-01 8.416000e-03 9.778400e-02
90 8.922960e-01 8.436000e-03 9.926800e-02
91 8.908840e-01 8.388000e-03 1.007280e-01
92 8.893840e-01 8.372000e-03 1.022440e-01
93 8.879200e-01 8.428000e-03 1.036520e-01
94 8.863920e-01 8.580000e-03 1.050280e-01
95 8.847320e-01 8.632000e-03 1.066360e-01
96 8.833240e-01 8.580000e-03 1.080960e-01
97 8.817920e-01 8.508000e-03 1.097000e-01
98 8.803280e-01 8.464000e-03 1.112080e-01
99 8.789120e-01 8.384000e-03 1.127040e-01
100 8.775360e-01 8.344000e-03 1.141200e-01
101 8.761440e-01 8.184000e-03 1.156720e-01
102 8.747200e-01 8.192000e-03 1.170880e-01
103 8.733960e-01 8.072000e-03 1.185320e-01
104 8.720680e-01 8.072000e-03 1.198600e-01
105 8.706920e-01 8.032000e-03 1.212760e-01
106 8.692880e-01 8.092000e-03 1.226200e-01
107 8.677840e-01 8.132000e-03 1.240840e-01
108 8.662480e-01 8.240000e-03 1.255120e-01
109 8.649640e-01 7.936000e-03 1.271000e-01
110 8.635960e-01 7.880000e-03 1.285240e-01
111 8.622440e-01 7.820000e-03 1.299360e-01
112 8.607920e-01 7.996000e-03 1.312120e-01
113 8.595080e-01 7.904000e-03 1.325880e-01
114 8.579280e-01 8.072000e-03 1.340000e-01
115 8.564720e-01 8.092000e-03 1.354360e-01
116 8.549400e-01 8.256000e-03 1.368040e-01
117 8.533480e-01 8.500000e-03 1.381520e-01
118 8.518720e-01 8.600000e-03 1.395280e-01
119 8.505200e-01 8.392000e-03 1.410880e-01
120 8.489600e-01 8.456000e-03 1.425840e-01
121 8.475400e-01 8.320000e-03 1.441400e-01
122 8.461360e-01 8.332000e-03 1.455320e-01
123 8.447320e-01 8.504000e-03 1.467640e-01
124 8.433440e-01 8.336000e-03 1.483200e-01
125 8.418120e-01 8.368000e-03 1.498200e-01
126 8.404000e-01 8.300000e-03 1.513000e-01
127 8.391240e-01 8.068000e-03 1.528080e-01
128 8.377480e-01 7.996000e-03 1.542560e-01
129 8.365040e-01 7.712000e-03 1.557840e-01
130 8.352120e-01 7.700000e-03 1.570880e-01
131 8.339960e-01 7.500000e-03 1.585040e-01
132 8.328320e-01 7.332000e-03 1.598360e-01
133 8.316560e-01 7.140000e-03 1.612040e-01
134 8.303640e-01 7.252000e-03 1.623840e-01
135 8.293040e-01 7.116000e-03 1.635800e-01
136 8.280480e-01 7.208000e-03 1.647440e-01
137 8.268640e-01 7.168000e-03 1.659680e-01
138 8.258240e-01 7.012000e-03 1.671640e-01
139 8.247160e-01 6.944000e-03 1.683400e-01
140 8.236560e-01 6.796000e-03 1.695480e-01
141 8.225560e-01 6.668000e-03 1.707760e-01
142 8.215360e-01 6.528000e-03 1.719360e-01
143 8.204960e-01 6.432000e-03 1.730720e-01
144 8.194240e-01 6.312000e-03 1.742640e-01
145 8.185040e-01 6.172000e-03 1.753240e-01
146 8.174160e-01 6.228000e-03 1.763560e-01
147 8.162640e-01 6.244000e-03 1.774920e-01
148 8.153480e-01 6.136000e-03 1.785160e-01
149 8.144520e-01 6.012000e-03 1.795360e-01
150 8.135800e-01 5.848000e-03 1.805720e-01
151 8.126480e-01 5.700000e-03 1.816520e-01
152 8.116800e-01 5.668000e-03 1.826520e-01
153 8.107920e-01 5.664000e-03 1.835440e-01
154 8.098240e-01 5.664000e-03 1.845120e-01
155 8.088600e-01 5.664000e-03 1.854760e-01
156 8.079480e-01 5.500000e-03 1.865520e-01
157 8.070520e-01 5.464000e-03 1.874840e-01
158 8.061960e-01 5.324000e-03 1.884800e-01
159 8.052240e-01 5.408000e-03 1.893680e-01
160 8.043360e-01 5.400000e-03 1.902640e-01
161 8.034480e-01 5.376000e-03 1.911760e-01
162 8.026240e-01 5.264000e-03 1.921120e-01
163 8.017560e-01 5.244000e-03 1.930000e-01
164 8.007960e-01 5.288000e-03 1.939160e-01
165 7.999640e-01 5.228000e-03 1.948080e-01
166 7.991280e-01 5.124000e-03 1.957480e-01
167 7.983120e-01 4.968000e-03 1.967200e-01
168 7.974200e-01 5.044000e-03 1.975360e-01
169 7.965520e-01 5.044000e-03 1.984040e-01
170 7.956280e-01 5.016000e-03 1.993560e-01
171 7.948080e-01 4.912000e-03 2.002800e-01
172 7.940240e-01 4.864000e-03 2.011120e-01
173 7.932360e-01 4.860000e-03 2.019040e-01
174 7.924280e-01 4.916000e-03 2.026560e-01
175 7.915600e-01 4.936000e-03 2.035040e-01
176 7.907960e-01 4.752000e-03 2.044520e-01
177 7.900200e-01 4.620000e-03 2.053600e-01
178 7.892960e-01 4.540000e-03 2.061640e-01
179 7.885160e-01 4.556000e-03 2.069280e-01
180 7.877280e-01 4.540000e-03 2.077320e-01
181 7.869360e-01 4.640000e-03 2.084240e-01
182 7.862320e-01 4.552000e-03 2.092160e-01
183 7.854760e-01 4.480000e-03 2.100440e-01
184 7.846360e-01 4.476000e-03 2.108880e-01
185 7.838560e-01 4.468000e-03 2.116760e-01
186 7.830720e-01 4.460000e-03 2.124680e-01
187 7.824360e-01 4.288000e-03 2.132760e-01
188 7.816000e-01 4.440000e-03 2.139600e-01
189 7.808520e-01 4.392000e-03 2.147560e-01
190 7.801440e-01 4.368000e-03 2.154880e-01
191 7.794800e-01 4.280000e-03 2.162400e-01
192 7.787320e-01 4.268000e-03 2.170000e-01
193 7.779600e-01 4.276000e-03 2.177640e-01
194 7.771880e-01 4.340000e-03 2.184720e-01
195 7.764720e-01 4.364000e-03 2.191640e-01
196 7.758200e-01 4.208000e-03 2.199720e-01
197 7.751200e-01 4.172000e-03 2.207080e-01
198 7.744560e-01 4.052000e-03 2.214920e-01
199 7.736800e-01 4.116000e-03 2.222040e-01
200 7.729280e-01 4.184000e-03 2.228880e-01
201 7.720960e-01 4.260000e-03 2.236440e-01
202 7.712720e-01 4.440000e-03 2.242880e-01
203 7.704760e-01 4.440000e-03 2.250840e-01
204 7.697800e-01 4.524000e-03 2.256960e-01
205 7.689800e-01 4.436000e-03 2.265840e-01
206 7.682720e-01 4.360000e-03 2.273680e-01
207 7.674560e-01 4.456000e-03 2.280880e-01
208 7.666960e-01 4.472000e-03 2.288320e-01
209 7.660480e-01 4.380000e-03 2.295720e-01
210 7.653640e-01 4.332000e-03 2.303040e-01
211 7.646800e-01 4.284000e-03 2.310360e-01
212 7.639800e-01 4.264000e-03 2.317560e-01
213 7.633320e-01 4.228000e-03 2.324400e-01
214 7.627480e-01 4.180000e-03 2.330720e-01
215 7.621320e-01 4.104000e-03 2.337640e-01
216 7.614880e-01 3.948000e-03 2.345640e-01
217 7.608920e-01 3.768000e-03 2.353400e-01
218 7.603560e-01 3.600000e-03 2.360440e-01
219 7.598720e-01 3.464000e-03 2.366640e-01
220 7.592520e-01 3.484000e-03 2.372640e-01
221 7.587400e-01 3.388000e-03 2.378720e-01
222 7.582160e-01 3.400000e-03 2.383840e-01
223 7.576520e-01 3.336000e-03 2.390120e-01
224 7.572040e-01 3.160000e-03 2.396360e-01
225 7.567800e-01 3.040000e-03 2.401800e-01
226 7.562000e-01 3.104000e-03 2.406960e-01
227 7.557800e-01 3.004000e-03 2.412160e-01
228 7.552160e-01 2.984000e-03 2.418000e-01
229 7.548320e-01 2.828000e-03 2.423400e-01
230 7.542760e-01 2.964000e-03 2.427600e-01
231 7.538080e-01 2.980000e-03 2.432120e-01
232 7.533480e-01 2.916000e-03 2.437360e-01
233 7.528960e-01 2.836000e-03 2.442680e-01
234 7.524320e-01 2.844000e-03 2.447240e-01
235 7.519080e-01 2.940000e-03 2.451520e-01
236 7.514000e-01 2.976000e-03 2.456240e-01
237 7.508720e-01 2.956000e-03 2.461720e-01
238 7.503360e-01 3.012000e-03 2.466520e-01
239 7.498240e-01 3.008000e-03 2.471680e-01
240 7.493320e-01 2.988000e-03 2.476800e-01
241 7.487840e-01 2.964000e-03 2.482520e-01
242 7.482720e-01 2.948000e-03 2.487800e-01
243 7.477920e-01 2.956000e-03 2.492520e-01
244 7.473120e-01 2.904000e-03 2.497840e-01
245 7.468240e-01 2.928000e-03 2.502480e-01
246 7.464600e-01 2.864000e-03 2.506760e-01
247 7.459560e-01 2.816000e-03 2.512280e-01
248 7.455080e-01 2.752000e-03 2.517400e-01
249 7.450600e-01 2.692000e-03 2.522480e-01
250 7.446120e-01 2.620000e-03 2.527680e-01
251 7.441640e-01 2.636000e-03 2.532000e-01
252 7.436760e-01 2.676000e-03 2.536480e-01
253 7.431520e-01 2.656000e-03 2.541920e-01
254 7.426040e-01 2.764000e-03 2.546320e-01
255 7.420120e-01 2.916000e-03 2.550720e-01
256 7.414800e-01 2.860000e-03 2.556600e-01
257 7.409960e-01 2.896000e-03 2.561080e-01
258 7.405440e-01 2.824000e-03 2.566320e-01
259 7.399960e-01 2.944000e-03 2.570600e-01
260 7.394280e-01 2.968000e-03 2.576040e-01
261 7.389520e-01 2.972000e-03 2.580760e-01
262 7.385280e-01 2.920000e-03 2.585520e-01
263 7.380440e-01 2.864000e-03 2.590920e-01
264 7.375880e-01 2.832000e-03 2.595800e-01
265 7.371920e-01 2.724000e-03 2.600840e-01
266 7.368880e-01 2.532000e-03 2.605800e-01
267 7.364640e-01 2.512000e-03 2.610240e-01
268 7.359960e-01 2.584000e-03 2.614200e-01
269 7.356280e-01 2.588000e-03 2.617840e-01
270 7.351720e-01 2.576000e-03 2.622520e-01
271 7.347760e-01 2.528000e-03 2.626960e-01
272 7.343920e-01 2.452000e-03 2.631560e-01
273 7.340040e-01 2.356000e-03 2.636400e-01
274 7.335600e-01 2.448000e-03 2.639920e-01
275 7.331840e-01 2.448000e-03 2.643680e-01
276 7.328000e-01 2.352000e-03 2.648480e-01
277 7.324040e-01 2.328000e-03 2.652680e-01
278 7.320120e-01 2.260000e-03 2.657280e-01
279 7.316400e-01 2.244000e-03 2.661160e-01
280 7.312800e-01 2.224000e-03 2.664960e-01
281 7.309240e-01 2.256000e-03 2.668200e-01
282 7.304840e-01 2.408000e-03 2.671080e-01
283 7.301560e-01 2.368000e-03 2.674760e-01
284 7.297120e-01 2.348000e-03 2.679400e-01
285 7.292800e-01 2.396000e-03 2.683240e-01
286 7.288800e-01 2.340000e-03 2.687800e-01
287 7.285160e-01 2.272000e-03 2.692120e-01
288 7.281800e-01 2.228000e-03 2.695920e-01
289 7.278840e-01 2.128000e-03 2.699880e-01
290 7.275240e-01 2.108000e-03 2.703680e-01
291 7.272680e-01 1.964000e-03 2.707680e-01
292 7.269680e-01 1.936000e-03 2.710960e-01
293 7.266200e-01 1.908000e-03 2.714720e-01
294 7.263320e-01 1.896000e-03 2.717720e-01
295 7.259960e-01 1.908000e-03 2.720960e-01
296 7.257400e-01 1.840000e-03 2.724200e-01
297 7.253880e-01 1.844000e-03 2.727680e-01
298 7.251320e-01 1.716000e-03 2.731520e-01
299 7.248000e-01 1.708000e-03 2.734920e-01
300 7.244560e-01 1.708000e-03 2.738360e-01
301 7.241800e-01 1.636000e-03 2.741840e-01
302 7.239880e-01 1.552000e-03 2.744600e-01
303 7.237080e-01 1.600000e-03 2.746920e-01
304 7.234560e-01 1.636000e-03 2.749080e-01
305 7.230880e-01 1.676000e-03 2.752360e-01
306 7.228600e-01 1.628000e-03 2.755120e-01
307 7.225280e-01 1.712000e-03 2.757600e-01
308 7.221720e-01 1.768000e-03 2.760600e-01
309 7.218760e-01 1.776000e-03 2.763480e-01
310 7.216560e-01 1.696000e-03 2.766480e-01
311 7.214200e-01 1.656000e-03 2.769240e-01
312 7.211960e-01 1.632000e-03 2.771720e-01
313 7.209320e-01 1.612000e-03 2.774560e-01
314 7.207680e-01 1.484000e-03 2.777480e-01
315 7.205200e-01 1.484000e-03 2.779960e-01
316 7.203600e-01 1.344000e-03 2.782960e-01
317 7.201000e-01 1.364000e-03 2.785360e-01
318 7.198200e-01 1.356000e-03 2.788240e-01
319 7.196200e-01 1.284000e-03 2.790960e-01
320 7.194640e-01 1.196000e-03 2.793400e-01
321 7.192520e-01 1.188000e-03 2.795600e-01
322 7.190440e-01 1.208000e-03 2.797480e-01
323 7.188440e-01 1.192000e-03 2.799640e-01
324 7.186760e-01 1.160000e-03 2.801640e-01
325 7.185120e-01 1.132000e-03 2.803560e-01
326 7.183480e-01 1.104000e-03 2.805480e-01
327 7.181440e-01 1.092000e-03 2.807640e-01
328 7.180000e-01 1.032000e-03 2.809680e-01
329 7.178400e-01 1.008000e-03 2.811520e-01
330 7.177160e-01 9.480000e-04 2.813360e-01
331 7.175480e-01 9.160000e-04 2.815360e-01
332 7.173680e-01 9.400000e-04 2.816920e-01
333 7.170880e-01 1.016000e-03 2.818960e-01
334 7.168440e-01 1.124000e-03 2.820320e-01
335 7.166200e-01 1.092000e-03 2.822880e-01
336 7.164240e-01 1.144000e-03 2.824320e-01
337 7.162000e-01 1.216000e-03 2.825840e-01
338 7.159760e-01 1.224000e-03 2.828000e-01
339 7.157640e-01 1.208000e-03 2.830280e-01
340 7.155880e-01 1.156000e-03 2.832560e-01
341 7.154400e-01 1.088000e-03 2.834720e-01
342 7.152840e-01 1.060000e-03 2.836560e-01
343 7.150520e-01 1.092000e-03 2.838560e-01
344 7.149240e-01 1.044000e-03 2.840320e-01
345 7.147600e-01 9.880000e-04 2.842520e-01
346 7.145880e-01 1.004000e-03 2.844080e-01
347 7.143840e-01 9.880000e-04 2.846280e-01
348 7.142560e-01 9.640000e-04 2.847800e-01
349 7.141160e-01 9.320000e-04 2.849520e-01
350 7.139480e-01 9.320000e-04 2.851200e-01
351 7.137440e-01 9.960000e-04 2.852600e-01
352 7.135760e-01 9.720000e-04 2.854520e-01
353 7.134560e-01 9.160000e-04 2.856280e-01
354 7.133160e-01 8.680000e-04 2.858160e-01
355 7.131960e-01 8.760000e-04 2.859280e-01
356 7.130360e-01 9.320000e-04 2.860320e-01
357 7.128880e-01 8.560000e-04 2.862560e-01
358 7.127520e-01 8.800000e-04 2.863680e-01
359 7.126200e-01 8.640000e-04 2.865160e-01
360 7.124800e-01 8.360000e-04 2.866840e-01
361 7.123040e-01 8.720000e-04 2.868240e-01
362 7.121720e-01 8.360000e-04 2.869920e-01
363 7.120120e-01 8.560000e-04 2.871320e-01
364 7.119200e-01 7.840000e-04 2.872960e-01
365 7.117680e-01 7.840000e-04 2.874480e-01
366 7.116840e-01 7.080000e-04 2.876080e-01
367 7.116200e-01 6.520000e-04 2.877280e-01
368 7.115120e-01 6.160000e-04 2.878720e-01
369 7.113920e-01 6.600000e-04 2.879480e-01
370 7.112760e-01 6.680000e-04 2.880560e-01
371 7.111880e-01 6.280000e-04 2.881840e-01
372 7.110920e-01 6.320000e-04 2.882760e-01
373 7.109760e-01 6.200000e-04 2.884040e-01
374 7.109240e-01 5.680000e-04 2.885080e-01
375 7.108440e-01 5.160000e-04 2.886400e-01
376 7.107840e-01 4.720000e-04 2.887440e-01
377 7.107160e-01 4.560000e-04 2.888280e-01
378 7.106600e-01 4.360000e-04 2.889040e-01
379 7.106000e-01 4.360000e-04 2.889640e-01
380 7.105440e-01 4.440000e-04 2.890120e-01
381 7.104800e-01 4.440000e-04 2.890760e-01
382 7.104160e-01 4.560000e-04 2.891280e-01
383 7.103560e-01 4.320000e-04 2.892120e-01
384 7.102840e-01 4.160000e-04 2.893000e-01
385 7.102240e-01 4.120000e-04 2.893640e-01
386 7.101680e-01 4.120000e-04 2.894200e-01
387 7.100680e-01 4.440000e-04 2.894880e-01
388 7.100120e-01 4.280000e-04 2.895600e-01
389 7.099560e-01 4.200000e-04 2.896240e-01
390 7.099080e-01 3.920000e-04 2.897000e-01
391 7.098000e-01 4.160000e-04 2.897840e-01
392 7.097400e-01 4.000000e-04 2.898600e-01
393 7.096960e-01 3.520000e-04 2.899520e-01
394 7.096480e-01 3.360000e-04 2.900160e-01
395 7.096280e-01 3.040000e-04 2.900680e-01
396 7.096040e-01 2.840000e-04 2.901120e-01
397 7.095840e-01 2.440000e-04 2.901720e-01
398 7.095480e-01 2.280000e-04 2.902240e-01
399 7.095320e-01 2.080000e-04 2.902600e-01
400 7.095280e-01 1.760000e-04 2.902960e-01
401 7.095200e-01 1.480000e-04 2.903320e-01
402 7.094960e-01 1.440000e-04 2.903600e-01
403 7.094680e-01 1.480000e-04 2.903840e-01
404 7.094480e-01 1.440000e-04 2.904080e-01
405 7.094240e-01 1.360000e-04 2.904400e-01
406 7.094000e-01 1.480000e-04 2.904520e-01
407 7.093800e-01 1.320000e-04 2.904880e-01
408 7.093640e-01 1.440000e-04 2.904920e-01
409 7.093360e-01 1.520000e-04 2.905120e-01
410 7.093000e-01 1.520000e-04 2.905480e-01
411 7.092760e-01 1.400000e-04 2.905840e-01
412 7.092280e-01 1.640000e-04 2.906080e-01
413 7.091680e-01 2.000000e-04 2.906320e-01
414 7.091280e-01 1.840000e-04 2.906880e-01
415 7.090960e-01 1.840000e-04 2.907200e-01
416 7.090600e-01 1.840000e-04 2.907560e-01
417 7.090360e-01 1.840000e-04 2.907800e-01
418 7.090200e-01 1.720000e-04 2.908080e-01
419 7.089720e-01 1.920000e-04 2.908360e-01
420 7.089320e-01 2.080000e-04 2.908600e-01
421 7.089120e-01 2.040000e-04 2.908840e-01
422 7.088880e-01 2.040000e-04 2.909080e-01
423 7.088760e-01 1.640000e-04 2.909600e-01
424 7.088360e-01 1.520000e-04 2.910120e-01
425 7.087960e-01 1.760000e-04 2.910280e-01
426 7.087800e-01 1.680000e-04 2.910520e-01
427 7.087400e-01 1.800000e-04 2.910800e-01
428 7.086880e-01 2.080000e-04 2.911040e-01
429 7.086640e-01 1.960000e-04 2.911400e-01
430 7.086400e-01 2.000000e-04 2.911600e-01
431 7.086200e-01 2.040000e-04 2.911760e-01
432 7.085840e-01 2.200000e-04 2.911960e-01
433 7.085640e-01 2.080000e-04 2.912280e-01
434 7.085520e-01 1.760000e-04 2.912720e-01
435 7.085160e-01 1.800000e-04 2.913040e-01
436 7.084880e-01 1.840000e-04 2.913280e-01
437 7.084320e-01 2.040000e-04 2.913640e-01
438 7.083920e-01 2.240000e-04 2.913840e-01
439 7.083680e-01 2.120000e-04 2.914200e-01
440 7.083200e-01 2.200000e-04 2.914600e-01
441 7.082600e-01 2.320000e-04 2.915080e-01
442 7.082160e-01 2.400000e-04 2.915440e-01
443 7.081680e-01 2.480000e-04 2.915840e-01
444 7.081040e-01 2.720000e-04 2.916240e-01
445 7.080760e-01 2.440000e-04 2.916800e-01
446 7.080280e-01 2.640000e-04 2.917080e-01
447 7.079600e-01 2.720000e-04 2.917680e-01
448 7.078920e-01 2.840000e-04 2.918240e-01
449 7.078600e-01 2.600000e-04 2.918800e-01
450 7.078320e-01 2.600000e-04 2.919080e-01
451 7.077920e-01 2.600000e-04 2.919480e-01
452 7.077520e-01 2.640000e-04 2.919840e-01
453 7.077120e-01 2.400000e-04 2.920480e-01
454 7.076400e-01 2.640000e-04 2.920960e-01
455 7.075200e-01 3.360000e-04 2.921440e-01
456 7.074280e-01 3.880000e-04 2.921840e-01
457 7.073360e-01 4.040000e-04 2.922600e-01
458 7.072560e-01 4.200000e-04 2.923240e-01
459 7.071840e-01 4.000000e-04 2.924160e-01
460 7.071400e-01 3.440000e-04 2.925160e-01
461 7.070880e-01 3.400000e-04 2.925720e-01
462 7.070560e-01 3.000000e-04 2.926440e-01
463 7.069880e-01 3.200000e-04 2.926920e-01
464 7.069600e-01 3.000000e-04 2.927400e-01
465 7.069200e-01 2.800000e-04 2.928000e-01
466 7.068680e-01 2.600000e-04 2.928720e-01
467 7.068280e-01 2.280000e-04 2.929440e-01
468 7.067680e-01 2.480000e-04 2.929840e-01
469 7.067120e-01 2.720000e-04 2.930160e-01
470 7.066720e-01 2.520000e-04 2.930760e-01
471 7.066040e-01 2.560000e-04 2.931400e-01
472 7.065440e-01 2.760000e-04 2.931800e-01
473 7.064800e-01 2.920000e-04 2.932280e-01
474 7.064520e-01 2.760000e-04 2.932720e-01
475 7.064320e-01 2.560000e-04 2.933120e-01
476 7.064120e-01 2.080000e-04 2.933800e-01
477 7.064000e-01 2.080000e-04 2.933920e-01
478 7.063880e-01 1.760000e-04 2.934360e-01
479 7.063840e-01 1.760000e-04 2.934400e-01
480 7.063440e-01 1.880000e-04 2.934680e-01
481 7.063000e-01 2.000000e-04 2.935000e-01
482 7.062840e-01 1.880000e-04 2.935280e-01
483 7.062440e-01 1.960000e-04 2.935600e-01
484 7.061920e-01 2.080000e-04 2.936000e-01
485 7.061400e-01 2.320000e-04 2.936280e-01
486 7.060960e-01 2.240000e-04 2.936800e-01
487 7.060080e-01 2.960000e-04 2.936960e-01
488 7.059600e-01 2.880000e-04 2.937520e-01
489 7.059120e-01 2.840000e-04 2.938040e-01
490 7.058640e-01 3.000000e-04 2.938360e-01
491 7.057880e-01 3.240000e-04 2.938880e-01
492 7.057520e-01 3.240000e-04 2.939240e-01
493 7.057200e-01 3.240000e-04 2.939560e-01
494 7.056920e-01 3.080000e-04 2.940000e-01
495 7.056360e-01 3.160000e-04 2.940480e-01
496 7.055920e-01 3.120000e-04 2.940960e-01
497 7.055520e-01 3.080000e-04 2.941400e-01
498 7.055040e-01 3.120000e-04 2.941840e-01
499 7.054160e-01 3.360000e-04 2.942480e-01
500 7.053560e-01 3.160000e-04 2.943280e-01
