1 9.992320e-01 6.720000e-04 9.600000e-05
2 9.987320e-01 1.008000e-03 2.600000e-04
3 9.981880e-01 1.324000e-03 4.880000e-04
4 9.975320e-01 1.716000e-03 7.520000e-04
5 9.967720e-01 2.132000e-03 1.096000e-03
6 9.958680e-01 2.632000e-03 1.500000e-03
7 9.950800e-01 3.004000e-03 1.916000e-03
8 9.942000e-01 3.308000e-03 2.492000e-03
9 9.933280e-01 3.588000e-03 3.084000e-03
10 9.922560e-01 4.048000e-03 3.696000e-03
11 9.913240e-01 4.136000e-03 4.540000e-03
12 9.902880e-01 4.376000e-03 5.336000e-03
13 9.893040e-01 4.576000e-03 6.120000e-03
14 9.880800e-01 5.012000e-03 6.908000e-03
15 9.870440e-01 5.180000e-03 7.776000e-03
16 9.857960e-01 5.476000e-03 8.728000e-03
17 9.846000e-01 5.628000e-03 9.772000e-03
18 9.833600e-01 5.932000e-03 1.070800e-02
19 9.821280e-01 6.096000e-03 1.177600e-02
20 9.809400e-01 6.284000e-03 1.277600e-02
21 9.795440e-01 6.484000e-03 1.397200e-02
22 9.782080e-01 6.616000e-03 1.517600e-02
23 9.767800e-01 6.888000e-03 1.633200e-02
24 9.753480e-01 7.020000e-03 1.763200e-02
25 9.739800e-01 7.180000e-03 1.884000e-02
26 9.724920e-01 7.240000e-03 2.026800e-02
27 9.710160e-01 7.436000e-03 2.154800e-02
28 9.697400e-01 7.448000e-03 2.281200e-02
29 9.682720e-01 7.632000e-03 2.409600e-02
30 9.668440e-01 7.620000e-03 2.553600e-02
31 9.652600e-01 7.880000e-03 2.686000e-02
32 9.637280e-01 8.068000e-03 2.820400e-02
33 9.621520e-01 8.128000e-03 2.972000e-02
34 9.606000e-01 8.320000e-03 3.108000e-02
35 9.590520e-01 8.452000e-03 3.249600e-02
36 9.576240e-01 8.348000e-03 3.402800e-02
37 9.560960e-01 8.456000e-03 3.544800e-02
38 9.545520e-01 8.608000e-03 3.684000e-02
39 9.529920e-01 8.680000e-03 3.832800e-02
40 9.514440e-01 8.728000e-03 3.982800e-02
41 9.499360e-01 8.764000e-03 4.130000e-02
42 9.483560e-01 8.812000e-03 4.283200e-02
43 9.469360e-01 8.696000e-03 4.436800e-02
44 9.453400e-01 8.772000e-03 4.588800e-02
45 9.437040e-01 8.908000e-03 4.738800e-02
46 9.420320e-01 8.980000e-03 4.898800e-02
47 9.404040e-01 9.140000e-03 5.045600e-02
48 9.386400e-01 9.288000e-03 5.207200e-02
49 9.368360e-01 9.448000e-03 5.371600e-02
50 9.350240e-01 9.536000e-03 5.544000e-02
51 9.332880e-01 9.608000e-03 5.710400e-02
52 9.315640e-01 9.592000e-03 5.884400e-02
53 9.298560e-01 9.572000e-03 6.057200e-02
54 9.282400e-01 9.644000e-03 6.211600e-02
55 9.265960e-01 9.636000e-03 6.376800e-02
56 9.250200e-01 9.452000e-03 6.552800e-02
57 9.233560e-01 9.384000e-03 6.726000e-02
58 9.216960e-01 9.456000e-03 6.884800e-02
59 9.198760e-01 9.488000e-03 7.063600e-02
60 9.182960e-01 9.320000e-03 7.238400e-02
61 9.166680e-01 9.260000e-03 7.407200e-02
62 9.150720e-01 9.320000e-03 7.560800e-02
63 9.135040e-01 9.248000e-03 7.724800e-02
64 9.120040e-01 9.264000e-03 7.873200e-02
65 9.103920e-01 9.268000e-03 8.034000e-02
66 9.086480e-01 9.512000e-03 8.184000e-02
67 9.068840e-01 9.636000e-03 8.348000e-02
68 9.050920e-01 9.796000e-03 8.511200e-02
69 9.033840e-01 9.840000e-03 8.677600e-02
70 9.017200e-01 9.836000e-03 8.844400e-02
71 8.999960e-01 9.964000e-03 9.004000e-02
72 8.983320e-01 9.832000e-03 9.183600e-02
73 8.966320e-01 9.660000e-03 9.370800e-02
74 8.951640e-01 9.472000e-03 9.536400e-02
75 8.935400e-01 9.384000e-03 9.707600e-02
76 8.919400e-01 9.332000e-03 9.872800e-02
77 8.903440e-01 9.356000e-03 1.003000e-01
78 8.887440e-01 9.292000e-03 1.019640e-01
79 8.870320e-01 9.436000e-03 1.035320e-01
80 8.852440e-01 9.468000e-03 1.052880e-01
81 8.835760e-01 9.436000e-03 1.069880e-01
82 8.818960e-01 9.420000e-03 1.086840e-01
83 8.801320e-01 9.580000e-03 1.102880e-01
84 8.784920e-01 9.348000e-03 1.121600e-01
85 8.768520e-01 9.464000e-03 1.136840e-01
86 8.751080e-01 9.572000e-03 1.153200e-01
87 8.735160e-01 9.484000e-03 1.170000e-01
88 8.717360e-01 9.552000e-03 1.187120e-01
89 8.700880e-01 9.448000e-03 1.204640e-01
90 8.684680e-01 9.160000e-03 1.223720e-01
91 8.668400e-01 9.200000e-03 1.239600e-01
92 8.651360e-01 9.308000e-03 1.255560e-01
93 8.634920e-01 9.252000e-03 1.272560e-01
94 8.617480e-01 9.464000e-03 1.287880e-01
95 8.600400e-01 9.444000e-03 1.305160e-01
96 8.583120e-01 9.444000e-03 1.322440e-01
97 8.565400e-01 9.656000e-03 1.338040e-01
98 8.549360e-01 9.600000e-03 1.354640e-01
99 8.533240e-01 9.640000e-03 1.370360e-01
100 8.516200e-01 9.672000e-03 1.387080e-01
101 8.499200e-01 9.708000e-03 1.403720e-01
102 8.483160e-01 9.496000e-03 1.421880e-01
103 8.465280e-01 9.548000e-03 1.439240e-01
104 8.447640e-01 9.620000e-03 1.456160e-01
105 8.429160e-01 9.608000e-03 1.474760e-01
106 8.413640e-01 9.436000e-03 1.492000e-01
107 8.397600e-01 9.364000e-03 1.508760e-01
108 8.382120e-01 9.292000e-03 1.524960e-01
109 8.367480e-01 9.216000e-03 1.540360e-01
110 8.352240e-01 9.100000e-03 1.556760e-01
111 8.335560e-01 9.148000e-03 1.572960e-01
112 8.319800e-01 9.148000e-03 1.588720e-01
113 8.304240e-01 9.076000e-03 1.605000e-01
114 8.287920e-01 9.140000e-03 1.620680e-01
115 8.273040e-01 9.120000e-03 1.635760e-01
116 8.255800e-01 9.220000e-03 1.652000e-01
117 8.240520e-01 9.092000e-03 1.668560e-01
118 8.226080e-01 8.964000e-03 1.684280e-01
119 8.211280e-01 8.996000e-03 1.698760e-01
120 8.196960e-01 8.916000e-03 1.713880e-01
121 8.182240e-01 8.760000e-03 1.730160e-01
122 8.168720e-01 8.528000e-03 1.746000e-01
123 8.155400e-01 8.472000e-03 1.759880e-01
124 8.142560e-01 8.264000e-03 1.774800e-01
125 8.128280e-01 8.212000e-03 1.789600e-01
126 8.115160e-01 8.164000e-03 1.803200e-01
127 8.100800e-01 8.172000e-03 1.817480e-01
128 8.086800e-01 8.116000e-03 1.832040e-01
129 8.074480e-01 7.888000e-03 1.846640e-01
130 8.060960e-01 7.772000e-03 1.861320e-01
131 8.048960e-01 7.584000e-03 1.875200e-01
132 8.037800e-01 7.368000e-03 1.888520e-01
133 8.023640e-01 7.496000e-03 1.901400e-01
134 8.009800e-01 7.596000e-03 1.914240e-01
135 7.996880e-01 7.604000e-03 1.927080e-01
136 7.984040e-01 7.500000e-03 1.940960e-01
137 7.972760e-01 7.220000e-03 1.955040e-01
138 7.960960e-01 7.172000e-03 1.967320e-01
139 7.947080e-01 7.300000e-03 1.979920e-01
140 7.933440e-01 7.356000e-03 1.993000e-01
141 7.920040e-01 7.420000e-03 2.005760e-01
142 7.906640e-01 7.268000e-03 2.020680e-01
143 7.893320e-01 7.344000e-03 2.033240e-01
144 7.879800e-01 7.496000e-03 2.045240e-01
145 7.867200e-01 7.532000e-03 2.057480e-01
146 7.854200e-01 7.496000e-03 2.070840e-01
147 7.841400e-01 7.320000e-03 2.085400e-01
148 7.827920e-01 7.424000e-03 2.097840e-01
149 7.815440e-01 7.304000e-03 2.111520e-01
150 7.800720e-01 7.384000e-03 2.125440e-01
151 7.787680e-01 7.400000e-03 2.138320e-01
152 7.773320e-01 7.444000e-03 2.152240e-01
153 7.759800e-01 7.520000e-03 2.165000e-01
154 7.746120e-01 7.644000e-03 2.177440e-01
155 7.733920e-01 7.380000e-03 2.192280e-01
156 7.724200e-01 7.012000e-03 2.205680e-01
157 7.710680e-01 7.188000e-03 2.217440e-01
158 7.697680e-01 7.188000e-03 2.230440e-01
159 7.684440e-01 7.252000e-03 2.243040e-01
160 7.672000e-01 7.276000e-03 2.255240e-01
161 7.660080e-01 7.128000e-03 2.268640e-01
162 7.648400e-01 7.008000e-03 2.281520e-01
163 7.636280e-01 6.984000e-03 2.293880e-01
164 7.625320e-01 6.828000e-03 2.306400e-01
165 7.614120e-01 6.732000e-03 2.318560e-01
166 7.602240e-01 6.756000e-03 2.330200e-01
167 7.590920e-01 6.736000e-03 2.341720e-01
168 7.578120e-01 6.816000e-03 2.353720e-01
169 7.566560e-01 6.816000e-03 2.365280e-01
170 7.554800e-01 6.840000e-03 2.376800e-01
171 7.543000e-01 6.868000e-03 2.388320e-01
172 7.531800e-01 6.820000e-03 2.400000e-01
173 7.519440e-01 6.772000e-03 2.412840e-01
174 7.507320e-01 6.860000e-03 2.424080e-01
175 7.497120e-01 6.676000e-03 2.436120e-01
176 7.486880e-01 6.644000e-03 2.446680e-01
177 7.475840e-01 6.644000e-03 2.457720e-01
178 7.465080e-01 6.456000e-03 2.470360e-01
179 7.453440e-01 6.564000e-03 2.480920e-01
180 7.443080e-01 6.536000e-03 2.491560e-01
181 7.432440e-01 6.484000e-03 2.502720e-01
182 7.422560e-01 6.396000e-03 2.513480e-01
183 7.411400e-01 6.352000e-03 2.525080e-01
184 7.400160e-01 6.468000e-03 2.535160e-01
185 7.389080e-01 6.332000e-03 2.547600e-01
186 7.378840e-01 6.180000e-03 2.559360e-01
187 7.368680e-01 6.240000e-03 2.568920e-01
188 7.357640e-01 6.228000e-03 2.580080e-01
189 7.347000e-01 6.260000e-03 2.590400e-01
190 7.334680e-01 6.448000e-03 2.600840e-01
191 7.322400e-01 6.636000e-03 2.611240e-01
192 7.309080e-01 6.840000e-03 2.622520e-01
193 7.295760e-01 7.064000e-03 2.633600e-01
194 7.283440e-01 7.052000e-03 2.646040e-01
195 7.272760e-01 7.056000e-03 2.656680e-01
196 7.260800e-01 7.032000e-03 2.668880e-01
197 7.248880e-01 6.980000e-03 2.681320e-01
198 7.236840e-01 6.976000e-03 2.693400e-01
199 7.223720e-01 7.044000e-03 2.705840e-01
200 7.212520e-01 6.904000e-03 2.718440e-01
201 7.201080e-01 6.812000e-03 2.730800e-01
202 7.189040e-01 6.888000e-03 2.742080e-01
203 7.177200e-01 6.932000e-03 2.753480e-01
204 7.166240e-01 6.872000e-03 2.765040e-01
205 7.154960e-01 6.848000e-03 2.776560e-01
206 7.143400e-01 6.688000e-03 2.789720e-01
207 7.133400e-01 6.588000e-03 2.800720e-01
208 7.124000e-01 6.396000e-03 2.812040e-01
209 7.114080e-01 6.340000e-03 2.822520e-01
210 7.103920e-01 6.140000e-03 2.834680e-01
211 7.094040e-01 6.084000e-03 2.845120e-01
212 7.084640e-01 5.988000e-03 2.855480e-01
213 7.074920e-01 5.912000e-03 2.865960e-01
214 7.064360e-01 5.944000e-03 2.876200e-01
215 7.053520e-01 6.088000e-03 2.885600e-01
216 7.043560e-01 6.028000e-03 2.896160e-01
217 7.033080e-01 6.008000e-03 2.906840e-01
218 7.025720e-01 5.712000e-03 2.917160e-01
219 7.016720e-01 5.556000e-03 2.927720e-01
220 7.008760e-01 5.300000e-03 2.938240e-01
221 6.999600e-01 5.332000e-03 2.947080e-01
222 6.992960e-01 5.040000e-03 2.956640e-01
223 6.985760e-01 4.860000e-03 2.965640e-01
224 6.979160e-01 4.644000e-03 2.974400e-01
225 6.970880e-01 4.616000e-03 2.982960e-01
226 6.962640e-01 4.632000e-03 2.991040e-01
227 6.955120e-01 4.676000e-03 2.998120e-01
228 6.948040e-01 4.548000e-03 3.006480e-01
229 6.940880e-01 4.452000e-03 3.014600e-01
230 6.932520e-01 4.436000e-03 3.023120e-01
231 6.925160e-01 4.476000e-03 3.030080e-01
232 6.917320e-01 4.504000e-03 3.037640e-01
233 6.908840e-01 4.596000e-03 3.045200e-01
234 6.900280e-01 4.616000e-03 3.053560e-01
235 6.892320e-01 4.640000e-03 3.061280e-01
236 6.884880e-01 4.664000e-03 3.068480e-01
237 6.876880e-01 4.636000e-03 3.076760e-01
238 6.868720e-01 4.640000e-03 3.084880e-01
239 6.859120e-01 4.772000e-03 3.093160e-01
240 6.851320e-01 4.688000e-03 3.101800e-01
241 6.842520e-01 4.804000e-03 3.109440e-01
242 6.833240e-01 4.932000e-03 3.117440e-01
243 6.824560e-01 4.968000e-03 3.125760e-01
244 6.816000e-01 4.936000e-03 3.134640e-01
245 6.807120e-01 5.008000e-03 3.142800e-01
246 6.798120e-01 5.000000e-03 3.151880e-01
247 6.790880e-01 4.828000e-03 3.160840e-01
248 6.783240e-01 4.696000e-03 3.169800e-01
249 6.775640e-01 4.724000e-03 3.177120e-01
250 6.766480e-01 4.804000e-03 3.185480e-01
251 6.758080e-01 4.816000e-03 3.193760e-01
252 6.750120e-01 4.800000e-03 3.201880e-01
253 6.742920e-01 4.656000e-03 3.210520e-01
254 6.736240e-01 4.488000e-03 3.218880e-01
255 6.729120e-01 4.324000e-03 3.227640e-01
256 6.722320e-01 4.248000e-03 3.235200e-01
257 6.716360e-01 4.072000e-03 3.242920e-01
258 6.710280e-01 3.936000e-03 3.250360e-01
259 6.703600e-01 3.980000e-03 3.256600e-01
260 6.696960e-01 3.928000e-03 3.263760e-01
261 6.690160e-01 3.920000e-03 3.270640e-01
262 6.683040e-01 3.884000e-03 3.278120e-01
263 6.676400e-01 3.792000e-03 3.285680e-01
264 6.669360e-01 3.864000e-03 3.292000e-01
265 6.663840e-01 3.784000e-03 3.298320e-01
266 6.657680e-01 3.756000e-03 3.304760e-01
267 6.651160e-01 3.768000e-03 3.311160e-01
268 6.644960e-01 3.604000e-03 3.319000e-01
269 6.637200e-01 3.768000e-03 3.325120e-01
270 6.629640e-01 3.852000e-03 3.331840e-01
271 6.622120e-01 3.992000e-03 3.337960e-01
272 6.615280e-01 4.004000e-03 3.344680e-01
273 6.607080e-01 4.120000e-03 3.351720e-01
274 6.599800e-01 4.136000e-03 3.358840e-01
275 6.592280e-01 4.100000e-03 3.366720e-01
276 6.585320e-01 4.044000e-03 3.374240e-01
277 6.577840e-01 4.008000e-03 3.382080e-01
278 6.570760e-01 3.936000e-03 3.389880e-01
279 6.563960e-01 3.928000e-03 3.396760e-01
280 6.558200e-01 3.756000e-03 3.404240e-01
281 6.551720e-01 3.740000e-03 3.410880e-01
282 6.545160e-01 3.788000e-03 3.416960e-01
283 6.538520e-01 3.828000e-03 3.423200e-01
284 6.532280e-01 3.780000e-03 3.429920e-01
285 6.525240e-01 3.788000e-03 3.436880e-01
286 6.519600e-01 3.724000e-03 3.443160e-01
287 6.513800e-01 3.700000e-03 3.449200e-01
288 6.507960e-01 3.660000e-03 3.455440e-01
289 6.502040e-01 3.640000e-03 3.461560e-01
290 6.496200e-01 3.540000e-03 3.468400e-01
291 6.489680e-01 3.532000e-03 3.475000e-01
292 6.483280e-01 3.584000e-03 3.480880e-01
293 6.477400e-01 3.608000e-03 3.486520e-01
294 6.470760e-01 3.608000e-03 3.493160e-01
295 6.464960e-01 3.528000e-03 3.499760e-01
296 6.459160e-01 3.424000e-03 3.506600e-01
297 6.453720e-01 3.472000e-03 3.511560e-01
298 6.447520e-01 3.608000e-03 3.516400e-01
299 6.441960e-01 3.516000e-03 3.522880e-01
300 6.436920e-01 3.376000e-03 3.529320e-01
301 6.431040e-01 3.332000e-03 3.535640e-01
302 6.424840e-01 3.384000e-03 3.541320e-01
303 6.418680e-01 3.404000e-03 3.547280e-01
304 6.413000e-01 3.440000e-03 3.552600e-01
305 6.407120e-01 3.400000e-03 3.558880e-01
306 6.401040e-01 3.356000e-03 3.565400e-01
307 6.393720e-01 3.520000e-03 3.571080e-01
308 6.386520e-01 3.612000e-03 3.577360e-01
309 6.378560e-01 3.756000e-03 3.583880e-01
310 6.372480e-01 3.588000e-03 3.591640e-01
311 6.365400e-01 3.668000e-03 3.597920e-01
312 6.359040e-01 3.668000e-03 3.604280e-01
313 6.353280e-01 3.624000e-03 3.610480e-01
314 6.346160e-01 3.692000e-03 3.616920e-01
315 6.340640e-01 3.584000e-03 3.623520e-01
316 6.335280e-01 3.568000e-03 3.629040e-01
317 6.328600e-01 3.580000e-03 3.635600e-01
318 6.322920e-01 3.524000e-03 3.641840e-01
319 6.316720e-01 3.528000e-03 3.648000e-01
320 6.311480e-01 3.408000e-03 3.654440e-01
321 6.305680e-01 3.420000e-03 3.660120e-01
322 6.299520e-01 3.484000e-03 3.665640e-01
323 6.294320e-01 3.380000e-03 3.671880e-01
324 6.288920e-01 3.304000e-03 3.678040e-01
325 6.283120e-01 3.316000e-03 3.683720e-01
326 6.277080e-01 3.312000e-03 3.689800e-01
327 6.270640e-01 3.420000e-03 3.695160e-01
328 6.263760e-01 3.544000e-03 3.700800e-01
329 6.256880e-01 3.588000e-03 3.707240e-01
330 6.248880e-01 3.784000e-03 3.713280e-01
331 6.243840e-01 3.728000e-03 3.718880e-01
332 6.238040e-01 3.692000e-03 3.725040e-01
333 6.232360e-01 3.692000e-03 3.730720e-01
334 6.226120e-01 3.644000e-03 3.737440e-01
335 6.220040e-01 3.652000e-03 3.743440e-01
336 6.213120e-01 3.704000e-03 3.749840e-01
337 6.207240e-01 3.660000e-03 3.756160e-01
338 6.201360e-01 3.652000e-03 3.762120e-01
339 6.194640e-01 3.628000e-03 3.769080e-01
340 6.188200e-01 3.612000e-03 3.775680e-01
341 6.182640e-01 3.536000e-03 3.782000e-01
342 6.176800e-01 3.448000e-03 3.788720e-01
343 6.170600e-01 3.496000e-03 3.794440e-01
344 6.165360e-01 3.480000e-03 3.799840e-01
345 6.159280e-01 3.492000e-03 3.805800e-01
346 6.154320e-01 3.420000e-03 3.811480e-01
347 6.149000e-01 3.316000e-03 3.817840e-01
348 6.143560e-01 3.260000e-03 3.823840e-01
349 6.138960e-01 3.144000e-03 3.829600e-01
350 6.134920e-01 3.008000e-03 3.835000e-01
351 6.130560e-01 2.876000e-03 3.840680e-01
352 6.125760e-01 2.864000e-03 3.845600e-01
353 6.121480e-01 2.808000e-03 3.850440e-01
354 6.116120e-01 2.784000e-03 3.856040e-01
355 6.110360e-01 2.900000e-03 3.860640e-01
356 6.105680e-01 2.880000e-03 3.865520e-01
357 6.099560e-01 3.020000e-03 3.870240e-01
358 6.094760e-01 2.976000e-03 3.875480e-01
359 6.087960e-01 3.152000e-03 3.880520e-01
360 6.083120e-01 3.020000e-03 3.886680e-01
361 6.078280e-01 3.012000e-03 3.891600e-01
362 6.073680e-01 2.944000e-03 3.896880e-01
363 6.067640e-01 2.968000e-03 3.902680e-01
364 6.063200e-01 2.888000e-03 3.907920e-01
365 6.058800e-01 2.936000e-03 3.911840e-01
366 6.052880e-01 3.004000e-03 3.917080e-01
367 6.046480e-01 3.112000e-03 3.922400e-01
368 6.041360e-01 3.108000e-03 3.927560e-01
369 6.036120e-01 3.108000e-03 3.932800e-01
370 6.030560e-01 3.212000e-03 3.937320e-01
371 6.025000e-01 3.192000e-03 3.943080e-01
372 6.018840e-01 3.296000e-03 3.948200e-01
373 6.012600e-01 3.344000e-03 3.953960e-01
374 6.006160e-01 3.384000e-03 3.960000e-01
375 5.999880e-01 3.376000e-03 3.966360e-01
376 5.993600e-01 3.416000e-03 3.972240e-01
377 5.988200e-01 3.332000e-03 3.978480e-01
378 5.981240e-01 3.372000e-03 3.985040e-01
379 5.974760e-01 3.420000e-03 3.991040e-01
380 5.968920e-01 3.472000e-03 3.996360e-01
381 5.962760e-01 3.492000e-03 4.002320e-01
382 5.957160e-01 3.488000e-03 4.007960e-01
383 5.952040e-01 3.396000e-03 4.014000e-01
384 5.946280e-01 3.452000e-03 4.019200e-01
385 5.941040e-01 3.388000e-03 4.025080e-01
386 5.935080e-01 3.416000e-03 4.030760e-01
387 5.929880e-01 3.336000e-03 4.036760e-01
388 5.924440e-01 3.272000e-03 4.042840e-01
389 5.919120e-01 3.260000e-03 4.048280e-01
390 5.913640e-01 3.188000e-03 4.054480e-01
391 5.908680e-01 3.120000e-03 4.060120e-01
392 5.904480e-01 2.992000e-03 4.065600e-01
393 5.899520e-01 2.980000e-03 4.070680e-01
394 5.894640e-01 2.972000e-03 4.075640e-01
395 5.889360e-01 3.016000e-03 4.080480e-01
396 5.885440e-01 2.920000e-03 4.085360e-01
397 5.880720e-01 2.820000e-03 4.091080e-01
398 5.876280e-01 2.772000e-03 4.096000e-01
399 5.871400e-01 2.816000e-03 4.100440e-01
400 5.866600e-01 2.800000e-03 4.105400e-01
401 5.861480e-01 2.864000e-03 4.109880e-01
402 5.856480e-01 2.848000e-03 4.115040e-01
403 5.851520e-01 2.832000e-03 4.120160e-01
404 5.847240e-01 2.804000e-03 4.124720e-01
405 5.842000e-01 2.844000e-03 4.129560e-01
406 5.837120e-01 2.856000e-03 4.134320e-01
407 5.832040e-01 2.912000e-03 4.138840e-01
408 5.827320e-01 2.876000e-03 4.143920e-01
409 5.823160e-01 2.732000e-03 4.149520e-01
410 5.818800e-01 2.744000e-03 4.153760e-01
411 5.813080e-01 2.792000e-03 4.159000e-01
412 5.809280e-01 2.692000e-03 4.163800e-01
413 5.804800e-01 2.640000e-03 4.168800e-01
414 5.800880e-01 2.572000e-03 4.173400e-01
415 5.797120e-01 2.508000e-03 4.177800e-01
416 5.793120e-01 2.480000e-03 4.182080e-01
417 5.789280e-01 2.340000e-03 4.187320e-01
418 5.785320e-01 2.360000e-03 4.191080e-01
419 5.781760e-01 2.268000e-03 4.195560e-01
420 5.778400e-01 2.208000e-03 4.199520e-01
421 5.774040e-01 2.256000e-03 4.203400e-01
422 5.769920e-01 2.260000e-03 4.207480e-01
423 5.765920e-01 2.308000e-03 4.211000e-01
424 5.762600e-01 2.320000e-03 4.214200e-01
425 5.759000e-01 2.260000e-03 4.218400e-01
426 5.755000e-01 2.236000e-03 4.222640e-01
427 5.751560e-01 2.232000e-03 4.226120e-01
428 5.747400e-01 2.328000e-03 4.229320e-01
429 5.744120e-01 2.204000e-03 4.233840e-01
430 5.740320e-01 2.228000e-03 4.237400e-01
431 5.735880e-01 2.328000e-03 4.240840e-01
432 5.731520e-01 2.324000e-03 4.245240e-01
433 5.727000e-01 2.448000e-03 4.248520e-01
434 5.722560e-01 2.540000e-03 4.252040e-01
435 5.718120e-01 2.552000e-03 4.256360e-01
436 5.713600e-01 2.548000e-03 4.260920e-01
437 5.709080e-01 2.596000e-03 4.264960e-01
438 5.704320e-01 2.644000e-03 4.269240e-01
439 5.700160e-01 2.568000e-03 4.274160e-01
440 5.695680e-01 2.500000e-03 4.279320e-01
441 5.692600e-01 2.308000e-03 4.284320e-01
442 5.689240e-01 2.332000e-03 4.287440e-01
443 5.685560e-01 2.360000e-03 4.290840e-01
444 5.680880e-01 2.376000e-03 4.295360e-01
445 5.677480e-01 2.340000e-03 4.299120e-01
446 5.674120e-01 2.256000e-03 4.303320e-01
447 5.669640e-01 2.320000e-03 4.307160e-01
448 5.666720e-01 2.264000e-03 4.310640e-01
449 5.663840e-01 2.144000e-03 4.314720e-01
450 5.661360e-01 2.040000e-03 4.318240e-01
451 5.658960e-01 1.908000e-03 4.321960e-01
452 5.655120e-01 1.912000e-03 4.325760e-01
453 5.651080e-01 1.980000e-03 4.329120e-01
454 5.647720e-01 1.924000e-03 4.333040e-01
455 5.644840e-01 1.872000e-03 4.336440e-01
456 5.642160e-01 1.796000e-03 4.339880e-01
457 5.639640e-01 1.728000e-03 4.343080e-01
458 5.637640e-01 1.588000e-03 4.346480e-01
459 5.635120e-01 1.572000e-03 4.349160e-01
460 5.632360e-01 1.504000e-03 4.352600e-01
461 5.629440e-01 1.528000e-03 4.355280e-01
462 5.626560e-01 1.524000e-03 4.358200e-01
463 5.623920e-01 1.528000e-03 4.360800e-01
464 5.621440e-01 1.496000e-03 4.363600e-01
465 5.618600e-01 1.524000e-03 4.366160e-01
466 5.615920e-01 1.524000e-03 4.368840e-01
467 5.613680e-01 1.516000e-03 4.371160e-01
468 5.611520e-01 1.492000e-03 4.373560e-01
469 5.608960e-01 1.476000e-03 4.376280e-01
470 5.606600e-01 1.412000e-03 4.379280e-01
471 5.604560e-01 1.376000e-03 4.381680e-01
472 5.601960e-01 1.416000e-03 4.383880e-01
473 5.600320e-01 1.344000e-03 4.386240e-01
474 5.598360e-01 1.344000e-03 4.388200e-01
475 5.596160e-01 1.368000e-03 4.390160e-01
476 5.594360e-01 1.308000e-03 4.392560e-01
477 5.592480e-01 1.288000e-03 4.394640e-01
478 5.590600e-01 1.216000e-03 4.397240e-01
479 5.588360e-01 1.232000e-03 4.399320e-01
480 5.586720e-01 1.184000e-03 4.401440e-01
481 5.584560e-01 1.168000e-03 4.403760e-01
482 5.582040e-01 1.176000e-03 4.406200e-01
483 5.580120e-01 1.136000e-03 4.408520e-01
484 5.578160e-01 1.108000e-03 4.410760e-01
485 5.575640e-01 1.168000e-03 4.412680e-01
486 5.573840e-01 1.148000e-03 4.414680e-01
487 5.571800e-01 1.132000e-03 4.416880e-01
488 5.569840e-01 1.160000e-03 4.418560e-01
489 5.568240e-01 1.136000e-03 4.420400e-01
490 5.566880e-01 1.108000e-03 4.422040e-01
491 5.565400e-01 1.072000e-03 4.423880e-01
492 5.564080e-01 1.004000e-03 4.425880e-01
493 5.562840e-01 9.720000e-04 4.427440e-01
494 5.560960e-01 1.012000e-03 4.428920e-01
495 5.559320e-01 9.600000e-04 4.431080e-01
496 5.558160e-01 9.440000e-04 4.432400e-01
497 5.556360e-01 9.400000e-04 4.434240e-01
498 5.555080e-01 9.320000e-04 4.435600e-01
499 5.553160e-01 9.400000e-04 4.437440e-01
500 5.551800e-01 9.160000e-04 4.439040e-01
