1 9.992640e-01 6.520000e-04 8.400000e-05
2 9.987800e-01 9.800000e-04 2.400000e-04
3 9.981880e-01 1.340000e-03 4.720000e-04
4 9.974360e-01 1.816000e-03 7.480000e-04
5 9.967000e-01 2.200000e-03 1.100000e-03
6 9.958920e-01 2.628000e-03 1.480000e-03
7 9.949600e-01 3.040000e-03 2.000000e-03
8 9.940960e-01 3.432000e-03 2.472000e-03
9 9.931280e-01 3.736000e-03 3.136000e-03
10 9.921360e-01 3.968000e-03 3.896000e-03
11 9.909600e-01 4.344000e-03 4.696000e-03
12 9.900680e-01 4.468000e-03 5.464000e-03
13 9.890400e-01 4.708000e-03 6.252000e-03
14 9.879680e-01 4.904000e-03 7.128000e-03
15 9.868800e-01 5.116000e-03 8.004000e-03
16 9.858680e-01 5.216000e-03 8.916000e-03
17 9.848680e-01 5.288000e-03 9.844000e-03
18 9.838080e-01 5.368000e-03 1.082400e-02
19 9.826240e-01 5.624000e-03 1.175200e-02
20 9.814760e-01 5.764000e-03 1.276000e-02
21 9.804080e-01 5.888000e-03 1.370400e-02
22 9.790840e-01 6.236000e-03 1.468000e-02
23 9.777680e-01 6.392000e-03 1.584000e-02
24 9.764640e-01 6.528000e-03 1.700800e-02
25 9.751920e-01 6.692000e-03 1.811600e-02
26 9.739400e-01 6.780000e-03 1.928000e-02
27 9.725000e-01 6.964000e-03 2.053600e-02
28 9.712120e-01 7.040000e-03 2.174800e-02
29 9.698320e-01 7.068000e-03 2.310000e-02
30 9.685960e-01 7.040000e-03 2.436400e-02
31 9.672200e-01 7.252000e-03 2.552800e-02
32 9.658880e-01 7.280000e-03 2.683200e-02
33 9.646080e-01 7.316000e-03 2.807600e-02
34 9.633440e-01 7.360000e-03 2.929600e-02
35 9.620240e-01 7.308000e-03 3.066800e-02
36 9.606440e-01 7.464000e-03 3.189200e-02
37 9.593640e-01 7.476000e-03 3.316000e-02
38 9.580960e-01 7.516000e-03 3.438800e-02
39 9.566840e-01 7.580000e-03 3.573600e-02
40 9.553480e-01 7.644000e-03 3.700800e-02
41 9.539600e-01 7.752000e-03 3.828800e-02
42 9.525680e-01 7.648000e-03 3.978400e-02
43 9.512480e-01 7.628000e-03 4.112400e-02
44 9.498760e-01 7.512000e-03 4.261200e-02
45 9.484800e-01 7.480000e-03 4.404000e-02
46 9.471080e-01 7.596000e-03 4.529600e-02
47 9.458600e-01 7.536000e-03 4.660400e-02
48 9.444480e-01 7.532000e-03 4.802000e-02
49 9.430400e-01 7.656000e-03 4.930400e-02
50 9.417040e-01 7.548000e-03 5.074800e-02
51 9.403240e-01 7.588000e-03 5.208800e-02
52 9.390520e-01 7.448000e-03 5.350000e-02
53 9.377560e-01 7.380000e-03 5.486400e-02
54 9.365440e-01 7.280000e-03 5.617600e-02
55 9.353000e-01 7.268000e-03 5.743200e-02
56 9.340800e-01 7.200000e-03 5.872000e-02
57 9.328520e-01 7.200000e-03 5.994800e-02
58 9.316000e-01 7.212000e-03 6.118800e-02
59 9.303400e-01 7.092000e-03 6.256800e-02
60 9.289680e-01 7.216000e-03 6.381600e-02
61 9.277160e-01 7.236000e-03 6.504800e-02
62 9.264560e-01 7.200000e-03 6.634400e-02
63 9.251240e-01 7.136000e-03 6.774000e-02
64 9.236800e-01 7.304000e-03 6.901600e-02
65 9.223680e-01 7.416000e-03 7.021600e-02
66 9.211120e-01 7.472000e-03 7.141600e-02
67 9.199080e-01 7.472000e-03 7.262000e-02
68 9.185800e-01 7.488000e-03 7.393200e-02
69 9.172440e-01 7.520000e-03 7.523600e-02
70 9.158840e-01 7.636000e-03 7.648000e-02
71 9.145560e-01 7.652000e-03 7.779200e-02
72 9.131160e-01 7.752000e-03 7.913200e-02
73 9.118320e-01 7.648000e-03 8.052000e-02
74 9.104480e-01 7.572000e-03 8.198000e-02
75 9.090240e-01 7.640000e-03 8.333600e-02
76 9.076840e-01 7.676000e-03 8.464000e-02
77 9.063880e-01 7.672000e-03 8.594000e-02
78 9.051480e-01 7.604000e-03 8.724800e-02
79 9.037800e-01 7.724000e-03 8.849600e-02
80 9.025440e-01 7.576000e-03 8.988000e-02
81 9.013720e-01 7.404000e-03 9.122400e-02
82 9.000320e-01 7.332000e-03 9.263600e-02
83 8.987720e-01 7.432000e-03 9.379600e-02
84 8.974680e-01 7.484000e-03 9.504800e-02
85 8.961640e-01 7.476000e-03 9.636000e-02
86 8.948600e-01 7.448000e-03 9.769200e-02
87 8.935200e-01 7.504000e-03 9.897600e-02
88 8.922440e-01 7.392000e-03 1.003640e-01
89 8.908720e-01 7.460000e-03 1.016680e-01
90 8.896120e-01 7.364000e-03 1.030240e-01
91 8.883560e-01 7.268000e-03 1.043760e-01
92 8.870240e-01 7.308000e-03 1.056680e-01
93 8.857520e-01 7.372000e-03 1.068760e-01
94 8.845600e-01 7.252000e-03 1.081880e-01
95 8.831280e-01 7.392000e-03 1.094800e-01
96 8.818520e-01 7.308000e-03 1.108400e-01
97 8.806440e-01 7.176000e-03 1.121800e-01
98 8.793320e-01 7.248000e-03 1.134200e-01
99 8.780800e-01 7.248000e-03 1.146720e-01
100 8.769880e-01 7.040000e-03 1.159720e-01
101 8.757840e-01 7.016000e-03 1.172000e-01
102 8.745840e-01 6.924000e-03 1.184920e-01
103 8.734480e-01 6.748000e-03 1.198040e-01
104 8.724120e-01 6.624000e-03 1.209640e-01
105 8.712640e-01 6.644000e-03 1.220920e-01
106 8.702440e-01 6.552000e-03 1.232040e-01
107 8.690720e-01 6.604000e-03 1.243240e-01
108 8.678640e-01 6.708000e-03 1.254280e-01
109 8.666920e-01 6.804000e-03 1.265040e-01
110 8.653320e-01 6.964000e-03 1.277040e-01
111 8.641200e-01 6.888000e-03 1.289920e-01
112 8.629280e-01 6.928000e-03 1.301440e-01
113 8.617320e-01 6.972000e-03 1.312960e-01
114 8.604920e-01 7.000000e-03 1.325080e-01
115 8.593360e-01 6.940000e-03 1.337240e-01
116 8.580640e-01 7.016000e-03 1.349200e-01
117 8.568560e-01 6.932000e-03 1.362120e-01
118 8.555720e-01 6.988000e-03 1.374400e-01
119 8.543360e-01 7.032000e-03 1.386320e-01
120 8.530560e-01 7.092000e-03 1.398520e-01
121 8.518760e-01 7.004000e-03 1.411200e-01
122 8.506600e-01 6.960000e-03 1.423800e-01
123 8.494840e-01 6.816000e-03 1.437000e-01
124 8.483320e-01 6.880000e-03 1.447880e-01
125 8.471240e-01 6.888000e-03 1.459880e-01
126 8.459400e-01 6.940000e-03 1.471200e-01
127 8.448880e-01 6.760000e-03 1.483520e-01
128 8.436240e-01 6.828000e-03 1.495480e-01
129 8.424160e-01 6.860000e-03 1.507240e-01
130 8.411600e-01 6.920000e-03 1.519200e-01
131 8.399520e-01 6.880000e-03 1.531680e-01
132 8.388640e-01 6.816000e-03 1.543200e-01
133 8.377440e-01 6.776000e-03 1.554800e-01
134 8.366080e-01 6.752000e-03 1.566400e-01
135 8.355160e-01 6.700000e-03 1.577840e-01
136 8.343680e-01 6.776000e-03 1.588560e-01
137 8.333160e-01 6.560000e-03 1.601240e-01
138 8.324000e-01 6.376000e-03 1.612240e-01
139 8.313520e-01 6.420000e-03 1.622280e-01
140 8.304040e-01 6.280000e-03 1.633160e-01
141 8.293960e-01 6.200000e-03 1.644040e-01
142 8.284760e-01 5.980000e-03 1.655440e-01
143 8.273800e-01 6.040000e-03 1.665800e-01
144 8.264120e-01 5.964000e-03 1.676240e-01
145 8.254080e-01 6.012000e-03 1.685800e-01
146 8.244120e-01 5.992000e-03 1.695960e-01
147 8.233320e-01 6.052000e-03 1.706160e-01
148 8.223680e-01 5.988000e-03 1.716440e-01
149 8.212720e-01 6.024000e-03 1.727040e-01
150 8.203000e-01 5.876000e-03 1.738240e-01
151 8.193320e-01 5.720000e-03 1.749480e-01
152 8.183880e-01 5.664000e-03 1.759480e-01
153 8.174680e-01 5.612000e-03 1.769200e-01
154 8.164760e-01 5.676000e-03 1.778480e-01
155 8.155280e-01 5.612000e-03 1.788600e-01
156 8.146120e-01 5.492000e-03 1.798960e-01
157 8.137840e-01 5.372000e-03 1.808440e-01
158 8.129760e-01 5.264000e-03 1.817600e-01
159 8.121080e-01 5.220000e-03 1.826720e-01
160 8.111680e-01 5.248000e-03 1.835840e-01
161 8.102320e-01 5.244000e-03 1.845240e-01
162 8.093040e-01 5.208000e-03 1.854880e-01
163 8.084160e-01 5.208000e-03 1.863760e-01
164 8.076040e-01 5.152000e-03 1.872440e-01
165 8.069040e-01 4.828000e-03 1.882680e-01
166 8.060560e-01 4.856000e-03 1.890880e-01
167 8.052520e-01 4.768000e-03 1.899800e-01
168 8.044560e-01 4.716000e-03 1.908280e-01
169 8.036680e-01 4.692000e-03 1.916400e-01
170 8.029280e-01 4.652000e-03 1.924200e-01
171 8.021240e-01 4.644000e-03 1.932320e-01
172 8.012960e-01 4.608000e-03 1.940960e-01
173 8.005040e-01 4.672000e-03 1.948240e-01
174 7.997680e-01 4.576000e-03 1.956560e-01
175 7.989680e-01 4.572000e-03 1.964600e-01
176 7.982280e-01 4.392000e-03 1.973800e-01
177 7.974840e-01 4.384000e-03 1.981320e-01
178 7.967240e-01 4.372000e-03 1.989040e-01
179 7.960840e-01 4.272000e-03 1.996440e-01
180 7.954160e-01 4.220000e-03 2.003640e-01
181 7.946280e-01 4.344000e-03 2.010280e-01
182 7.939960e-01 4.180000e-03 2.018240e-01
183 7.933360e-01 4.160000e-03 2.025040e-01
184 7.926000e-01 4.096000e-03 2.033040e-01
185 7.918560e-01 4.012000e-03 2.041320e-01
186 7.911280e-01 4.028000e-03 2.048440e-01
187 7.904040e-01 4.124000e-03 2.054720e-01
188 7.897360e-01 4.116000e-03 2.061480e-01
189 7.890160e-01 4.164000e-03 2.068200e-01
190 7.884160e-01 4.096000e-03 2.074880e-01
191 7.877520e-01 3.996000e-03 2.082520e-01
192 7.869880e-01 4.096000e-03 2.089160e-01
193 7.862960e-01 4.056000e-03 2.096480e-01
194 7.856320e-01 4.048000e-03 2.103200e-01
195 7.850080e-01 3.996000e-03 2.109960e-01
196 7.844200e-01 3.900000e-03 2.116800e-01
197 7.838080e-01 3.892000e-03 2.123000e-01
198 7.830640e-01 3.976000e-03 2.129600e-01
199 7.824480e-01 3.852000e-03 2.137000e-01
200 7.818160e-01 3.800000e-03 2.143840e-01
201 7.812280e-01 3.748000e-03 2.150240e-01
202 7.805440e-01 3.752000e-03 2.157040e-01
203 7.799440e-01 3.664000e-03 2.163920e-01
204 7.792400e-01 3.680000e-03 2.170800e-01
205 7.786440e-01 3.716000e-03 2.176400e-01
206 7.780200e-01 3.676000e-03 2.183040e-01
207 7.775000e-01 3.556000e-03 2.189440e-01
208 7.769120e-01 3.468000e-03 2.196200e-01
209 7.762480e-01 3.576000e-03 2.201760e-01
210 7.756480e-01 3.524000e-03 2.208280e-01
211 7.750520e-01 3.520000e-03 2.214280e-01
212 7.744200e-01 3.552000e-03 2.220280e-01
213 7.738560e-01 3.472000e-03 2.226720e-01
214 7.732600e-01 3.464000e-03 2.232760e-01
215 7.726720e-01 3.440000e-03 2.238880e-01
216 7.722120e-01 3.220000e-03 2.245680e-01
217 7.716640e-01 3.148000e-03 2.251880e-01
218 7.710360e-01 3.312000e-03 2.256520e-01
219 7.704120e-01 3.376000e-03 2.262120e-01
220 7.698040e-01 3.396000e-03 2.268000e-01
221 7.692560e-01 3.348000e-03 2.273960e-01
222 7.686960e-01 3.292000e-03 2.280120e-01
223 7.680920e-01 3.272000e-03 2.286360e-01
224 7.675200e-01 3.208000e-03 2.292720e-01
225 7.669160e-01 3.196000e-03 2.298880e-01
226 7.663480e-01 3.244000e-03 2.304080e-01
227 7.657640e-01 3.268000e-03 2.309680e-01
228 7.650600e-01 3.404000e-03 2.315360e-01
229 7.645000e-01 3.400000e-03 2.321000e-01
230 7.639160e-01 3.416000e-03 2.326680e-01
231 7.633840e-01 3.344000e-03 2.332720e-01
232 7.627680e-01 3.432000e-03 2.338000e-01
233 7.622720e-01 3.380000e-03 2.343480e-01
234 7.617720e-01 3.272000e-03 2.349560e-01
235 7.613280e-01 3.176000e-03 2.354960e-01
236 7.608520e-01 3.004000e-03 2.361440e-01
237 7.603120e-01 3.044000e-03 2.366440e-01
238 7.597800e-01 3.072000e-03 2.371480e-01
239 7.592480e-01 3.032000e-03 2.377200e-01
240 7.586680e-01 3.204000e-03 2.381280e-01
241 7.580960e-01 3.188000e-03 2.387160e-01
242 7.575840e-01 3.092000e-03 2.393240e-01
243 7.570560e-01 3.076000e-03 2.398680e-01
244 7.564960e-01 3.108000e-03 2.403960e-01
245 7.559560e-01 3.056000e-03 2.409880e-01
246 7.555800e-01 2.952000e-03 2.414680e-01
247 7.551040e-01 2.888000e-03 2.420080e-01
248 7.546240e-01 2.840000e-03 2.425360e-01
249 7.542320e-01 2.816000e-03 2.429520e-01
250 7.537360e-01 2.792000e-03 2.434720e-01
251 7.532760e-01 2.804000e-03 2.439200e-01
252 7.528640e-01 2.636000e-03 2.445000e-01
253 7.524000e-01 2.584000e-03 2.450160e-01
254 7.519320e-01 2.600000e-03 2.454680e-01
255 7.514920e-01 2.576000e-03 2.459320e-01
256 7.510560e-01 2.640000e-03 2.463040e-01
257 7.505720e-01 2.620000e-03 2.468080e-01
258 7.500480e-01 2.704000e-03 2.472480e-01
259 7.494960e-01 2.780000e-03 2.477240e-01
260 7.490360e-01 2.640000e-03 2.483240e-01
261 7.486400e-01 2.548000e-03 2.488120e-01
262 7.481680e-01 2.556000e-03 2.492760e-01
263 7.477600e-01 2.460000e-03 2.497800e-01
264 7.472640e-01 2.460000e-03 2.502760e-01
265 7.468240e-01 2.416000e-03 2.507600e-01
266 7.464320e-01 2.392000e-03 2.511760e-01
267 7.460200e-01 2.364000e-03 2.516160e-01
268 7.456320e-01 2.336000e-03 2.520320e-01
269 7.452240e-01 2.344000e-03 2.524320e-01
270 7.448280e-01 2.344000e-03 2.528280e-01
271 7.445040e-01 2.228000e-03 2.532680e-01
272 7.440760e-01 2.320000e-03 2.536040e-01
273 7.436800e-01 2.332000e-03 2.539880e-01
274 7.433120e-01 2.312000e-03 2.543760e-01
275 7.428760e-01 2.280000e-03 2.548440e-01
276 7.425320e-01 2.292000e-03 2.551760e-01
277 7.421080e-01 2.316000e-03 2.555760e-01
278 7.417040e-01 2.324000e-03 2.559720e-01
279 7.412960e-01 2.300000e-03 2.564040e-01
280 7.409160e-01 2.268000e-03 2.568160e-01
281 7.406400e-01 2.056000e-03 2.573040e-01
282 7.402920e-01 2.036000e-03 2.576720e-01
283 7.400040e-01 1.928000e-03 2.580680e-01
284 7.396360e-01 1.944000e-03 2.584200e-01
285 7.393680e-01 1.804000e-03 2.588280e-01
286 7.391000e-01 1.764000e-03 2.591360e-01
287 7.388200e-01 1.704000e-03 2.594760e-01
288 7.385920e-01 1.616000e-03 2.597920e-01
289 7.383440e-01 1.616000e-03 2.600400e-01
290 7.380680e-01 1.612000e-03 2.603200e-01
291 7.378200e-01 1.620000e-03 2.605600e-01
292 7.376200e-01 1.504000e-03 2.608760e-01
293 7.373840e-01 1.488000e-03 2.611280e-01
294 7.371560e-01 1.416000e-03 2.614280e-01
295 7.369080e-01 1.408000e-03 2.616840e-01
296 7.366960e-01 1.380000e-03 2.619240e-01
297 7.363960e-01 1.456000e-03 2.621480e-01
298 7.362040e-01 1.412000e-03 2.623840e-01
299 7.359200e-01 1.416000e-03 2.626640e-01
300 7.356880e-01 1.360000e-03 2.629520e-01
301 7.354120e-01 1.404000e-03 2.631840e-01
302 7.351480e-01 1.420000e-03 2.634320e-01
303 7.348520e-01 1.528000e-03 2.636200e-01
304 7.346160e-01 1.440000e-03 2.639440e-01
305 7.344280e-01 1.336000e-03 2.642360e-01
306 7.342000e-01 1.308000e-03 2.644920e-01
307 7.339440e-01 1.376000e-03 2.646800e-01
308 7.336520e-01 1.424000e-03 2.649240e-01
309 7.333760e-01 1.480000e-03 2.651440e-01
310 7.331120e-01 1.524000e-03 2.653640e-01
311 7.328520e-01 1.488000e-03 2.656600e-01
312 7.325800e-01 1.496000e-03 2.659240e-01
313 7.322840e-01 1.484000e-03 2.662320e-01
314 7.320520e-01 1.472000e-03 2.664760e-01
315 7.318360e-01 1.436000e-03 2.667280e-01
316 7.316440e-01 1.460000e-03 2.668960e-01
317 7.314800e-01 1.404000e-03 2.671160e-01
318 7.312920e-01 1.360000e-03 2.673480e-01
319 7.310200e-01 1.400000e-03 2.675800e-01
320 7.307680e-01 1.408000e-03 2.678240e-01
321 7.305320e-01 1.408000e-03 2.680600e-01
322 7.303120e-01 1.368000e-03 2.683200e-01
323 7.301040e-01 1.332000e-03 2.685640e-01
324 7.299160e-01 1.240000e-03 2.688440e-01
325 7.297560e-01 1.172000e-03 2.690720e-01
326 7.295680e-01 1.160000e-03 2.692720e-01
327 7.293360e-01 1.188000e-03 2.694760e-01
328 7.291040e-01 1.276000e-03 2.696200e-01
329 7.289360e-01 1.204000e-03 2.698600e-01
330 7.287280e-01 1.200000e-03 2.700720e-01
331 7.284840e-01 1.196000e-03 2.703200e-01
332 7.282680e-01 1.184000e-03 2.705480e-01
333 7.280480e-01 1.248000e-03 2.707040e-01
334 7.278040e-01 1.268000e-03 2.709280e-01
335 7.275800e-01 1.264000e-03 2.711560e-01
336 7.273840e-01 1.216000e-03 2.714000e-01
337 7.271360e-01 1.268000e-03 2.715960e-01
338 7.269160e-01 1.296000e-03 2.717880e-01
339 7.267240e-01 1.244000e-03 2.720320e-01
340 7.265520e-01 1.224000e-03 2.722240e-01
341 7.263360e-01 1.244000e-03 2.724200e-01
342 7.261160e-01 1.264000e-03 2.726200e-01
343 7.259200e-01 1.244000e-03 2.728360e-01
344 7.257520e-01 1.196000e-03 2.730520e-01
345 7.255920e-01 1.156000e-03 2.732520e-01
346 7.254280e-01 1.108000e-03 2.734640e-01
347 7.253040e-01 1.016000e-03 2.736800e-01
348 7.251600e-01 9.880000e-04 2.738520e-01
349 7.250200e-01 9.560000e-04 2.740240e-01
350 7.249000e-01 9.240000e-04 2.741760e-01
351 7.247440e-01 8.960000e-04 2.743600e-01
352 7.246160e-01 8.480000e-04 2.745360e-01
353 7.245160e-01 8.160000e-04 2.746680e-01
354 7.243760e-01 7.680000e-04 2.748560e-01
355 7.242800e-01 7.720000e-04 2.749480e-01
356 7.241760e-01 7.560000e-04 2.750680e-01
357 7.240880e-01 7.280000e-04 2.751840e-01
358 7.240160e-01 7.200000e-04 2.752640e-01
359 7.238920e-01 7.200000e-04 2.753880e-01
360 7.237880e-01 7.360000e-04 2.754760e-01
361 7.237040e-01 7.360000e-04 2.755600e-01
362 7.236160e-01 7.200000e-04 2.756640e-01
363 7.235120e-01 6.960000e-04 2.757920e-01
364 7.234400e-01 6.520000e-04 2.759080e-01
365 7.233400e-01 6.600000e-04 2.760000e-01
366 7.232920e-01 6.160000e-04 2.760920e-01
367 7.232360e-01 5.760000e-04 2.761880e-01
368 7.231880e-01 5.120000e-04 2.763000e-01
369 7.231280e-01 4.920000e-04 2.763800e-01
370 7.230400e-01 4.600000e-04 2.765000e-01
371 7.229480e-01 4.640000e-04 2.765880e-01
372 7.228680e-01 4.400000e-04 2.766920e-01
373 7.228160e-01 4.120000e-04 2.767720e-01
374 7.227040e-01 4.480000e-04 2.768480e-01
375 7.226360e-01 4.240000e-04 2.769400e-01
376 7.225920e-01 3.920000e-04 2.770160e-01
377 7.225240e-01 4.200000e-04 2.770560e-01
378 7.224840e-01 3.840000e-04 2.771320e-01
379 7.224040e-01 3.880000e-04 2.772080e-01
380 7.223160e-01 3.920000e-04 2.772920e-01
381 7.222400e-01 4.040000e-04 2.773560e-01
382 7.221680e-01 3.840000e-04 2.774480e-01
383 7.220680e-01 4.480000e-04 2.774840e-01
384 7.219840e-01 4.760000e-04 2.775400e-01
385 7.219280e-01 4.680000e-04 2.776040e-01
386 7.218840e-01 4.360000e-04 2.776800e-01
387 7.218440e-01 4.120000e-04 2.777440e-01
388 7.218040e-01 3.880000e-04 2.778080e-01
389 7.217560e-01 3.680000e-04 2.778760e-01
390 7.216720e-01 3.960000e-04 2.779320e-01
391 7.216240e-01 3.880000e-04 2.779880e-01
392 7.215840e-01 3.680000e-04 2.780480e-01
393 7.215360e-01 3.760000e-04 2.780880e-01
394 7.214920e-01 3.600000e-04 2.781480e-01
395 7.214440e-01 3.240000e-04 2.782320e-01
396 7.214040e-01 2.960000e-04 2.783000e-01
397 7.213480e-01 3.320000e-04 2.783200e-01
398 7.212760e-01 3.320000e-04 2.783920e-01
399 7.211760e-01 3.640000e-04 2.784600e-01
400 7.211320e-01 3.640000e-04 2.785040e-01
401 7.210560e-01 3.840000e-04 2.785600e-01
402 7.209840e-01 3.920000e-04 2.786240e-01
403 7.209080e-01 4.160000e-04 2.786760e-01
404 7.208160e-01 4.560000e-04 2.787280e-01
405 7.207200e-01 4.440000e-04 2.788360e-01
406 7.206360e-01 4.400000e-04 2.789240e-01
407 7.205480e-01 4.560000e-04 2.789960e-01
408 7.204720e-01 4.640000e-04 2.790640e-01
409 7.203560e-01 5.160000e-04 2.791280e-01
410 7.202680e-01 5.280000e-04 2.792040e-01
411 7.201880e-01 5.240000e-04 2.792880e-01
412 7.201240e-01 5.160000e-04 2.793600e-01
413 7.200560e-01 5.200000e-04 2.794240e-01
414 7.199760e-01 5.040000e-04 2.795200e-01
415 7.199000e-01 5.000000e-04 2.796000e-01
416 7.198320e-01 4.680000e-04 2.797000e-01
417 7.197880e-01 3.960000e-04 2.798160e-01
418 7.197480e-01 3.760000e-04 2.798760e-01
419 7.196760e-01 4.040000e-04 2.799200e-01
420 7.196400e-01 3.560000e-04 2.800040e-01
421 7.196280e-01 3.120000e-04 2.800600e-01
422 7.196080e-01 2.720000e-04 2.801200e-01
423 7.195800e-01 2.560000e-04 2.801640e-01
424 7.195360e-01 2.640000e-04 2.802000e-01
425 7.194960e-01 2.680000e-04 2.802360e-01
426 7.194320e-01 3.200000e-04 2.802480e-01
427 7.193920e-01 3.200000e-04 2.802880e-01
428 7.193640e-01 2.880000e-04 2.803480e-01
429 7.193320e-01 2.840000e-04 2.803840e-01
430 7.192880e-01 2.600000e-04 2.804520e-01
431 7.192600e-01 2.440000e-04 2.804960e-01
432 7.192280e-01 2.360000e-04 2.805360e-01
433 7.191840e-01 2.560000e-04 2.805600e-01
434 7.191200e-01 2.760000e-04 2.806040e-01
435 7.190600e-01 2.400000e-04 2.807000e-01
436 7.190280e-01 2.360000e-04 2.807360e-01
437 7.190080e-01 2.040000e-04 2.807880e-01
438 7.189680e-01 1.880000e-04 2.808440e-01
439 7.189480e-01 1.720000e-04 2.808800e-01
440 7.189040e-01 1.760000e-04 2.809200e-01
441 7.188560e-01 2.000000e-04 2.809440e-01
442 7.188400e-01 2.040000e-04 2.809560e-01
443 7.187640e-01 2.280000e-04 2.810080e-01
444 7.187440e-01 2.040000e-04 2.810520e-01
445 7.187120e-01 1.960000e-04 2.810920e-01
446 7.186920e-01 1.920000e-04 2.811160e-01
447 7.186560e-01 1.840000e-04 2.811600e-01
448 7.186120e-01 1.960000e-04 2.811920e-01
449 7.185640e-01 2.200000e-04 2.812160e-01
450 7.185040e-01 2.280000e-04 2.812680e-01
451 7.184800e-01 1.880000e-04 2.813320e-01
452 7.184360e-01 2.040000e-04 2.813600e-01
453 7.183800e-01 2.080000e-04 2.814120e-01
454 7.183120e-01 2.520000e-04 2.814360e-01
455 7.182480e-01 2.640000e-04 2.814880e-01
456 7.182240e-01 2.440000e-04 2.815320e-01
457 7.181720e-01 2.480000e-04 2.815800e-01
458 7.181000e-01 2.680000e-04 2.816320e-01
459 7.180480e-01 2.920000e-04 2.816600e-01
460 7.179840e-01 3.000000e-04 2.817160e-01
461 7.179280e-01 3.080000e-04 2.817640e-01
462 7.178920e-01 3.240000e-04 2.817840e-01
463 7.178480e-01 2.720000e-04 2.818800e-01
464 7.178240e-01 2.600000e-04 2.819160e-01
465 7.177840e-01 2.640000e-04 2.819520e-01
466 7.177400e-01 2.720000e-04 2.819880e-01
467 7.176800e-01 2.920000e-04 2.820280e-01
468 7.176280e-01 2.800000e-04 2.820920e-01
469 7.175800e-01 2.840000e-04 2.821360e-01
470 7.175120e-01 3.120000e-04 2.821760e-01
471 7.174560e-01 3.400000e-04 2.822040e-01
472 7.174240e-01 3.240000e-04 2.822520e-01
473 7.173600e-01 3.560000e-04 2.822840e-01
474 7.172840e-01 3.360000e-04 2.823800e-01
475 7.172400e-01 3.080000e-04 2.824520e-01
476 7.171960e-01 3.000000e-04 2.825040e-01
477 7.171560e-01 2.800000e-04 2.825640e-01
478 7.171000e-01 2.800000e-04 2.826200e-01
479 7.170840e-01 2.320000e-04 2.826840e-01
480 7.170080e-01 2.600000e-04 2.827320e-01
481 7.169680e-01 2.880000e-04 2.827440e-01
482 7.168920e-01 2.840000e-04 2.828240e-01
483 7.168320e-01 2.720000e-04 2.828960e-01
484 7.167960e-01 2.440000e-04 2.829600e-01
485 7.167480e-01 2.440000e-04 2.830080e-01
486 7.166720e-01 2.960000e-04 2.830320e-01
487 7.166160e-01 2.880000e-04 2.830960e-01
488 7.165400e-01 3.080000e-04 2.831520e-01
489 7.164760e-01 3.040000e-04 2.832200e-01
490 7.164240e-01 2.960000e-04 2.832800e-01
491 7.163800e-01 2.880000e-04 2.833320e-01
492 7.162760e-01 3.160000e-04 2.834080e-01
493 7.162120e-01 3.160000e-04 2.834720e-01
494 7.161520e-01 3.280000e-04 2.835200e-01
495 7.160960e-01 3.120000e-04 2.835920e-01
496 7.160440e-01 3.080000e-04 2.836480e-01
497 7.160080e-01 3.280000e-04 2.836640e-01
498 7.159400e-01 3.640000e-04 2.836960e-01
499 7.158800e-01 3.800000e-04 2.837400e-01
500 7.158480e-01 3.320000e-04 2.838200e-01
