1 9.992760e-01 6.440000e-04 8.000000e-05
2 9.987360e-01 1.072000e-03 1.920000e-04
3 9.981120e-01 1.456000e-03 4.320000e-04
4 9.974360e-01 1.804000e-03 7.600000e-04
5 9.967040e-01 2.208000e-03 1.088000e-03
6 9.959080e-01 2.608000e-03 1.484000e-03
7 9.949760e-01 3.080000e-03 1.944000e-03
8 9.940320e-01 3.452000e-03 2.516000e-03
9 9.928640e-01 4.012000e-03 3.124000e-03
10 9.916280e-01 4.552000e-03 3.820000e-03
11 9.903440e-01 5.088000e-03 4.568000e-03
12 9.891400e-01 5.240000e-03 5.620000e-03
13 9.879000e-01 5.520000e-03 6.580000e-03
14 9.866920e-01 5.824000e-03 7.484000e-03
15 9.855800e-01 5.920000e-03 8.500000e-03
16 9.843400e-01 6.068000e-03 9.592000e-03
17 9.830760e-01 6.260000e-03 1.066400e-02
18 9.817320e-01 6.444000e-03 1.182400e-02
19 9.803480e-01 6.720000e-03 1.293200e-02
20 9.789360e-01 6.908000e-03 1.415600e-02
21 9.774720e-01 7.228000e-03 1.530000e-02
22 9.759520e-01 7.388000e-03 1.666000e-02
23 9.744240e-01 7.628000e-03 1.794800e-02
24 9.729440e-01 7.720000e-03 1.933600e-02
25 9.713560e-01 8.008000e-03 2.063600e-02
26 9.696480e-01 8.296000e-03 2.205600e-02
27 9.680040e-01 8.312000e-03 2.368400e-02
28 9.662800e-01 8.576000e-03 2.514400e-02
29 9.645240e-01 8.832000e-03 2.664400e-02
30 9.628320e-01 9.016000e-03 2.815200e-02
31 9.611480e-01 9.188000e-03 2.966400e-02
32 9.593600e-01 9.360000e-03 3.128000e-02
33 9.574400e-01 9.664000e-03 3.289600e-02
34 9.556880e-01 9.736000e-03 3.457600e-02
35 9.537480e-01 9.992000e-03 3.626000e-02
36 9.520640e-01 9.912000e-03 3.802400e-02
37 9.502960e-01 1.001200e-02 3.969200e-02
38 9.484560e-01 1.007200e-02 4.147200e-02
39 9.465960e-01 1.009600e-02 4.330800e-02
40 9.447800e-01 1.004400e-02 4.517600e-02
41 9.431960e-01 9.940000e-03 4.686400e-02
42 9.415280e-01 9.844000e-03 4.862800e-02
43 9.396960e-01 9.992000e-03 5.031200e-02
44 9.378880e-01 1.019200e-02 5.192000e-02
45 9.360760e-01 1.020000e-02 5.372400e-02
46 9.342880e-01 1.028000e-02 5.543200e-02
47 9.324960e-01 1.024000e-02 5.726400e-02
48 9.306000e-01 1.039200e-02 5.900800e-02
49 9.287000e-01 1.039200e-02 6.090800e-02
50 9.268040e-01 1.044400e-02 6.275200e-02
51 9.247160e-01 1.072000e-02 6.456400e-02
52 9.227680e-01 1.086400e-02 6.636800e-02
53 9.208280e-01 1.085200e-02 6.832000e-02
54 9.189200e-01 1.091600e-02 7.016400e-02
55 9.170760e-01 1.072400e-02 7.220000e-02
56 9.151720e-01 1.076800e-02 7.406000e-02
57 9.133280e-01 1.069200e-02 7.598000e-02
58 9.113880e-01 1.062000e-02 7.799200e-02
59 9.095120e-01 1.056000e-02 7.992800e-02
60 9.075280e-01 1.070400e-02 8.176800e-02
61 9.057440e-01 1.074400e-02 8.351200e-02
62 9.038320e-01 1.091200e-02 8.525600e-02
63 9.018680e-01 1.091200e-02 8.722000e-02
64 9.000760e-01 1.082000e-02 8.910400e-02
65 8.981840e-01 1.072000e-02 9.109600e-02
66 8.962840e-01 1.074000e-02 9.297600e-02
67 8.944360e-01 1.061200e-02 9.495200e-02
68 8.925880e-01 1.067600e-02 9.673600e-02
69 8.907960e-01 1.050400e-02 9.870000e-02
70 8.889360e-01 1.050400e-02 1.005600e-01
71 8.871960e-01 1.056800e-02 1.022360e-01
72 8.852760e-01 1.068800e-02 1.040360e-01
73 8.835160e-01 1.050800e-02 1.059760e-01
74 8.817440e-01 1.034800e-02 1.079080e-01
75 8.799400e-01 1.029600e-02 1.097640e-01
76 8.781240e-01 1.028400e-02 1.115920e-01
77 8.763640e-01 1.021200e-02 1.134240e-01
78 8.746240e-01 1.028000e-02 1.150960e-01
79 8.727760e-01 1.041200e-02 1.168120e-01
80 8.709840e-01 1.034400e-02 1.186720e-01
81 8.691240e-01 1.038800e-02 1.204880e-01
82 8.672840e-01 1.030800e-02 1.224080e-01
83 8.655400e-01 1.040800e-02 1.240520e-01
84 8.636880e-01 1.061600e-02 1.256960e-01
85 8.618640e-01 1.042400e-02 1.277120e-01
86 8.602480e-01 1.020000e-02 1.295520e-01
87 8.585440e-01 1.008800e-02 1.313680e-01
88 8.568120e-01 1.001200e-02 1.331760e-01
89 8.550040e-01 1.008800e-02 1.349080e-01
90 8.530360e-01 1.034400e-02 1.366200e-01
91 8.512400e-01 1.037200e-02 1.383880e-01
92 8.492960e-01 1.046000e-02 1.402440e-01
93 8.474480e-01 1.047600e-02 1.420760e-01
94 8.456040e-01 1.057600e-02 1.438200e-01
95 8.437000e-01 1.069200e-02 1.456080e-01
96 8.417440e-01 1.071600e-02 1.475400e-01
97 8.399080e-01 1.061200e-02 1.494800e-01
98 8.380440e-01 1.058000e-02 1.513760e-01
99 8.363040e-01 1.038800e-02 1.533080e-01
100 8.343040e-01 1.049600e-02 1.552000e-01
101 8.324080e-01 1.054800e-02 1.570440e-01
102 8.306360e-01 1.044000e-02 1.589240e-01
103 8.287800e-01 1.053200e-02 1.606880e-01
104 8.269040e-01 1.057200e-02 1.625240e-01
105 8.252720e-01 1.053200e-02 1.641960e-01
106 8.235800e-01 1.032800e-02 1.660920e-01
107 8.218920e-01 1.026400e-02 1.678440e-01
108 8.202680e-01 1.019600e-02 1.695360e-01
109 8.184680e-01 1.018000e-02 1.713520e-01
110 8.168040e-01 1.004400e-02 1.731520e-01
111 8.151520e-01 9.932000e-03 1.749160e-01
112 8.135840e-01 9.772000e-03 1.766440e-01
113 8.119520e-01 9.728000e-03 1.783200e-01
114 8.102720e-01 9.696000e-03 1.800320e-01
115 8.085800e-01 9.652000e-03 1.817680e-01
116 8.068200e-01 9.776000e-03 1.834040e-01
117 8.051120e-01 9.772000e-03 1.851160e-01
118 8.034160e-01 9.676000e-03 1.869080e-01
119 8.016400e-01 9.776000e-03 1.885840e-01
120 8.000000e-01 9.760000e-03 1.902400e-01
121 7.983000e-01 9.740000e-03 1.919600e-01
122 7.967040e-01 9.708000e-03 1.935880e-01
123 7.951440e-01 9.620000e-03 1.952360e-01
124 7.934240e-01 9.596000e-03 1.969800e-01
125 7.916840e-01 9.704000e-03 1.986120e-01
126 7.898760e-01 9.700000e-03 2.004240e-01
127 7.881600e-01 9.732000e-03 2.021080e-01
128 7.865080e-01 9.708000e-03 2.037840e-01
129 7.846600e-01 9.912000e-03 2.054280e-01
130 7.832640e-01 9.616000e-03 2.071200e-01
131 7.815960e-01 9.628000e-03 2.087760e-01
132 7.800160e-01 9.620000e-03 2.103640e-01
133 7.783520e-01 9.632000e-03 2.120160e-01
134 7.767480e-01 9.648000e-03 2.136040e-01
135 7.750960e-01 9.628000e-03 2.152760e-01
136 7.734160e-01 9.552000e-03 2.170320e-01
137 7.716480e-01 9.672000e-03 2.186800e-01
138 7.701000e-01 9.464000e-03 2.204360e-01
139 7.684240e-01 9.416000e-03 2.221600e-01
140 7.667800e-01 9.568000e-03 2.236520e-01
141 7.651880e-01 9.548000e-03 2.252640e-01
142 7.635400e-01 9.480000e-03 2.269800e-01
143 7.619600e-01 9.368000e-03 2.286720e-01
144 7.604080e-01 9.284000e-03 2.303080e-01
145 7.588840e-01 9.200000e-03 2.319160e-01
146 7.573560e-01 8.956000e-03 2.336880e-01
147 7.555720e-01 9.240000e-03 2.351880e-01
148 7.538560e-01 9.484000e-03 2.366600e-01
149 7.521520e-01 9.544000e-03 2.383040e-01
150 7.506760e-01 9.480000e-03 2.398440e-01
151 7.492120e-01 9.324000e-03 2.414640e-01
152 7.478280e-01 9.080000e-03 2.430920e-01
153 7.465160e-01 8.724000e-03 2.447600e-01
154 7.451960e-01 8.388000e-03 2.464160e-01
155 7.438680e-01 8.148000e-03 2.479840e-01
156 7.423560e-01 8.188000e-03 2.494560e-01
157 7.411720e-01 8.032000e-03 2.507960e-01
158 7.399200e-01 7.828000e-03 2.522520e-01
159 7.386040e-01 7.756000e-03 2.536400e-01
160 7.373360e-01 7.828000e-03 2.548360e-01
161 7.360440e-01 7.788000e-03 2.561680e-01
162 7.346920e-01 7.716000e-03 2.575920e-01
163 7.334120e-01 7.636000e-03 2.589520e-01
164 7.320920e-01 7.696000e-03 2.602120e-01
165 7.307240e-01 7.828000e-03 2.614480e-01
166 7.294560e-01 7.752000e-03 2.627920e-01
167 7.282480e-01 7.536000e-03 2.642160e-01
168 7.270520e-01 7.368000e-03 2.655800e-01
169 7.258600e-01 7.184000e-03 2.669560e-01
170 7.247960e-01 6.984000e-03 2.682200e-01
171 7.237240e-01 6.800000e-03 2.694760e-01
172 7.225240e-01 6.800000e-03 2.706760e-01
173 7.214920e-01 6.552000e-03 2.719560e-01
174 7.205120e-01 6.360000e-03 2.731280e-01
175 7.193720e-01 6.452000e-03 2.741760e-01
176 7.182200e-01 6.536000e-03 2.752440e-01
177 7.171600e-01 6.604000e-03 2.762360e-01
178 7.159440e-01 6.712000e-03 2.773440e-01
179 7.147760e-01 6.776000e-03 2.784480e-01
180 7.135640e-01 6.836000e-03 2.796000e-01
181 7.122960e-01 6.880000e-03 2.808240e-01
182 7.112480e-01 6.688000e-03 2.820640e-01
183 7.100120e-01 6.764000e-03 2.832240e-01
184 7.088760e-01 6.792000e-03 2.843320e-01
185 7.078040e-01 6.736000e-03 2.854600e-01
186 7.067760e-01 6.500000e-03 2.867240e-01
187 7.056040e-01 6.456000e-03 2.879400e-01
188 7.046120e-01 6.268000e-03 2.891200e-01
189 7.036040e-01 6.144000e-03 2.902520e-01
190 7.026160e-01 6.028000e-03 2.913560e-01
191 7.016280e-01 6.024000e-03 2.923480e-01
192 7.005920e-01 5.924000e-03 2.934840e-01
193 6.993480e-01 6.116000e-03 2.945360e-01
194 6.983120e-01 6.116000e-03 2.955720e-01
195 6.971440e-01 6.280000e-03 2.965760e-01
196 6.959840e-01 6.296000e-03 2.977200e-01
197 6.948880e-01 6.368000e-03 2.987440e-01
198 6.939040e-01 6.136000e-03 2.999600e-01
199 6.928040e-01 6.200000e-03 3.009960e-01
200 6.916560e-01 6.248000e-03 3.020960e-01
201 6.905640e-01 6.248000e-03 3.031880e-01
202 6.896200e-01 6.060000e-03 3.043200e-01
203 6.886040e-01 5.936000e-03 3.054600e-01
204 6.875320e-01 5.920000e-03 3.065480e-01
205 6.864160e-01 6.040000e-03 3.075440e-01
206 6.853600e-01 6.104000e-03 3.085360e-01
207 6.843840e-01 6.060000e-03 3.095560e-01
208 6.833320e-01 5.968000e-03 3.107000e-01
209 6.824320e-01 5.828000e-03 3.117400e-01
210 6.815640e-01 5.732000e-03 3.127040e-01
211 6.806360e-01 5.736000e-03 3.136280e-01
212 6.797440e-01 5.636000e-03 3.146200e-01
213 6.789000e-01 5.572000e-03 3.155280e-01
214 6.779520e-01 5.404000e-03 3.166440e-01
215 6.770320e-01 5.412000e-03 3.175560e-01
216 6.761440e-01 5.284000e-03 3.185720e-01
217 6.751640e-01 5.160000e-03 3.196760e-01
218 6.742040e-01 5.252000e-03 3.205440e-01
219 6.732720e-01 5.160000e-03 3.215680e-01
220 6.724240e-01 5.208000e-03 3.223680e-01
221 6.715440e-01 5.304000e-03 3.231520e-01
222 6.706560e-01 5.352000e-03 3.239920e-01
223 6.697160e-01 5.364000e-03 3.249200e-01
224 6.688280e-01 5.344000e-03 3.258280e-01
225 6.676720e-01 5.536000e-03 3.267920e-01
226 6.665600e-01 5.692000e-03 3.277480e-01
227 6.655160e-01 5.676000e-03 3.288080e-01
228 6.645200e-01 5.804000e-03 3.296760e-01
229 6.635640e-01 5.704000e-03 3.307320e-01
230 6.625600e-01 5.740000e-03 3.317000e-01
231 6.615520e-01 5.656000e-03 3.327920e-01
232 6.606080e-01 5.672000e-03 3.337200e-01
233 6.598400e-01 5.512000e-03 3.346480e-01
234 6.589800e-01 5.476000e-03 3.355440e-01
235 6.582280e-01 5.376000e-03 3.363960e-01
236 6.574760e-01 5.280000e-03 3.372440e-01
237 6.565920e-01 5.280000e-03 3.381280e-01
238 6.557720e-01 5.084000e-03 3.391440e-01
239 6.549960e-01 5.008000e-03 3.399960e-01
240 6.541600e-01 4.980000e-03 3.408600e-01
241 6.533320e-01 4.932000e-03 3.417360e-01
242 6.524360e-01 4.972000e-03 3.425920e-01
243 6.516240e-01 4.892000e-03 3.434840e-01
244 6.507920e-01 4.860000e-03 3.443480e-01
245 6.499280e-01 4.888000e-03 3.451840e-01
246 6.489920e-01 4.940000e-03 3.460680e-01
247 6.480200e-01 5.008000e-03 3.469720e-01
248 6.470680e-01 5.092000e-03 3.478400e-01
249 6.461240e-01 5.088000e-03 3.487880e-01
250 6.452640e-01 5.060000e-03 3.496760e-01
251 6.443120e-01 5.108000e-03 3.505800e-01
252 6.434800e-01 4.980000e-03 3.515400e-01
253 6.426760e-01 4.928000e-03 3.523960e-01
254 6.419920e-01 4.792000e-03 3.532160e-01
255 6.414280e-01 4.576000e-03 3.539960e-01
256 6.407960e-01 4.408000e-03 3.547960e-01
257 6.401760e-01 4.296000e-03 3.555280e-01
258 6.394520e-01 4.192000e-03 3.563560e-01
259 6.388520e-01 4.072000e-03 3.570760e-01
260 6.381960e-01 4.000000e-03 3.578040e-01
261 6.376040e-01 3.944000e-03 3.584520e-01
262 6.369440e-01 3.956000e-03 3.591000e-01
263 6.363120e-01 3.896000e-03 3.597920e-01
264 6.356440e-01 3.968000e-03 3.603880e-01
265 6.350280e-01 3.912000e-03 3.610600e-01
266 6.344880e-01 3.756000e-03 3.617560e-01
267 6.337840e-01 3.868000e-03 3.623480e-01
268 6.332000e-01 3.836000e-03 3.629640e-01
269 6.325400e-01 3.860000e-03 3.636000e-01
270 6.318360e-01 3.852000e-03 3.643120e-01
271 6.311880e-01 3.860000e-03 3.649520e-01
272 6.306360e-01 3.780000e-03 3.655840e-01
273 6.299600e-01 3.812000e-03 3.662280e-01
274 6.292840e-01 3.920000e-03 3.667960e-01
275 6.286280e-01 3.844000e-03 3.675280e-01
276 6.279680e-01 3.776000e-03 3.682560e-01
277 6.273800e-01 3.732000e-03 3.688880e-01
278 6.268360e-01 3.596000e-03 3.695680e-01
279 6.262320e-01 3.512000e-03 3.702560e-01
280 6.256960e-01 3.492000e-03 3.708120e-01
281 6.250840e-01 3.516000e-03 3.714000e-01
282 6.245280e-01 3.400000e-03 3.720720e-01
283 6.239160e-01 3.368000e-03 3.727160e-01
284 6.232920e-01 3.436000e-03 3.732720e-01
285 6.227560e-01 3.416000e-03 3.738280e-01
286 6.221640e-01 3.408000e-03 3.744280e-01
287 6.217440e-01 3.252000e-03 3.750040e-01
288 6.212520e-01 3.288000e-03 3.754600e-01
289 6.207360e-01 3.160000e-03 3.761040e-01
290 6.201920e-01 3.172000e-03 3.766360e-01
291 6.197000e-01 3.076000e-03 3.772240e-01
292 6.191960e-01 3.076000e-03 3.777280e-01
293 6.186760e-01 3.044000e-03 3.782800e-01
294 6.180880e-01 3.100000e-03 3.788120e-01
295 6.176080e-01 2.988000e-03 3.794040e-01
296 6.170800e-01 2.984000e-03 3.799360e-01
297 6.166160e-01 2.920000e-03 3.804640e-01
298 6.161440e-01 2.900000e-03 3.809560e-01
299 6.156720e-01 2.912000e-03 3.814160e-01
300 6.152400e-01 2.784000e-03 3.819760e-01
301 6.147520e-01 2.740000e-03 3.825080e-01
302 6.143200e-01 2.696000e-03 3.829840e-01
303 6.138160e-01 2.788000e-03 3.833960e-01
304 6.133120e-01 2.820000e-03 3.838680e-01
305 6.128040e-01 2.824000e-03 3.843720e-01
306 6.123200e-01 2.768000e-03 3.849120e-01
307 6.118520e-01 2.708000e-03 3.854400e-01
308 6.113800e-01 2.660000e-03 3.859600e-01
309 6.109560e-01 2.660000e-03 3.863840e-01
310 6.105440e-01 2.668000e-03 3.867880e-01
311 6.100280e-01 2.672000e-03 3.873000e-01
312 6.095440e-01 2.712000e-03 3.877440e-01
313 6.090240e-01 2.732000e-03 3.882440e-01
314 6.085360e-01 2.736000e-03 3.887280e-01
315 6.080840e-01 2.680000e-03 3.892360e-01
316 6.076440e-01 2.620000e-03 3.897360e-01
317 6.072160e-01 2.588000e-03 3.901960e-01
318 6.067760e-01 2.576000e-03 3.906480e-01
319 6.063160e-01 2.576000e-03 3.911080e-01
320 6.059000e-01 2.524000e-03 3.915760e-01
321 6.054320e-01 2.568000e-03 3.920000e-01
322 6.050240e-01 2.436000e-03 3.925400e-01
323 6.047040e-01 2.356000e-03 3.929400e-01
324 6.043800e-01 2.276000e-03 3.933440e-01
325 6.039760e-01 2.256000e-03 3.937680e-01
326 6.036360e-01 2.224000e-03 3.941400e-01
327 6.032720e-01 2.212000e-03 3.945160e-01
328 6.028520e-01 2.204000e-03 3.949440e-01
329 6.023880e-01 2.324000e-03 3.952880e-01
330 6.019520e-01 2.420000e-03 3.956280e-01
331 6.014680e-01 2.472000e-03 3.960600e-01
332 6.009920e-01 2.496000e-03 3.965120e-01
333 6.005800e-01 2.444000e-03 3.969760e-01
334 6.001720e-01 2.392000e-03 3.974360e-01
335 5.996960e-01 2.476000e-03 3.978280e-01
336 5.992040e-01 2.536000e-03 3.982600e-01
337 5.987120e-01 2.544000e-03 3.987440e-01
338 5.982240e-01 2.596000e-03 3.991800e-01
339 5.977200e-01 2.620000e-03 3.996600e-01
340 5.973080e-01 2.552000e-03 4.001400e-01
341 5.968760e-01 2.468000e-03 4.006560e-01
342 5.964080e-01 2.528000e-03 4.010640e-01
343 5.960520e-01 2.480000e-03 4.014680e-01
344 5.956120e-01 2.500000e-03 4.018880e-01
345 5.951640e-01 2.532000e-03 4.023040e-01
346 5.946360e-01 2.620000e-03 4.027440e-01
347 5.942000e-01 2.608000e-03 4.031920e-01
348 5.937160e-01 2.576000e-03 4.037080e-01
349 5.932720e-01 2.576000e-03 4.041520e-01
350 5.927400e-01 2.672000e-03 4.045880e-01
351 5.922320e-01 2.760000e-03 4.050080e-01
352 5.916960e-01 2.732000e-03 4.055720e-01
353 5.912560e-01 2.660000e-03 4.060840e-01
354 5.908800e-01 2.548000e-03 4.065720e-01
355 5.904240e-01 2.576000e-03 4.070000e-01
356 5.900320e-01 2.460000e-03 4.075080e-01
357 5.896800e-01 2.424000e-03 4.078960e-01
358 5.892600e-01 2.408000e-03 4.083320e-01
359 5.889160e-01 2.372000e-03 4.087120e-01
360 5.885600e-01 2.360000e-03 4.090800e-01
361 5.882160e-01 2.292000e-03 4.094920e-01
362 5.878040e-01 2.328000e-03 4.098680e-01
363 5.874200e-01 2.296000e-03 4.102840e-01
364 5.870640e-01 2.276000e-03 4.106600e-01
365 5.866560e-01 2.308000e-03 4.110360e-01
366 5.863000e-01 2.284000e-03 4.114160e-01
367 5.858880e-01 2.300000e-03 4.118120e-01
368 5.854800e-01 2.324000e-03 4.121960e-01
369 5.851640e-01 2.220000e-03 4.126160e-01
370 5.847680e-01 2.240000e-03 4.129920e-01
371 5.844280e-01 2.196000e-03 4.133760e-01
372 5.840280e-01 2.208000e-03 4.137640e-01
373 5.836520e-01 2.160000e-03 4.141880e-01
374 5.834280e-01 2.080000e-03 4.144920e-01
375 5.831520e-01 2.020000e-03 4.148280e-01
376 5.827520e-01 2.040000e-03 4.152080e-01
377 5.825320e-01 1.864000e-03 4.156040e-01
378 5.822800e-01 1.848000e-03 4.158720e-01
379 5.819760e-01 1.780000e-03 4.162440e-01
380 5.817400e-01 1.700000e-03 4.165600e-01
381 5.814440e-01 1.724000e-03 4.168320e-01
382 5.812280e-01 1.684000e-03 4.170880e-01
383 5.809680e-01 1.640000e-03 4.173920e-01
384 5.807000e-01 1.644000e-03 4.176560e-01
385 5.803440e-01 1.692000e-03 4.179640e-01
386 5.800960e-01 1.640000e-03 4.182640e-01
387 5.798320e-01 1.592000e-03 4.185760e-01
388 5.795320e-01 1.660000e-03 4.188080e-01
389 5.792960e-01 1.596000e-03 4.191080e-01
390 5.790480e-01 1.600000e-03 4.193520e-01
391 5.788360e-01 1.508000e-03 4.196560e-01
392 5.786080e-01 1.468000e-03 4.199240e-01
393 5.784160e-01 1.380000e-03 4.202040e-01
394 5.782880e-01 1.288000e-03 4.204240e-01
395 5.781400e-01 1.172000e-03 4.206880e-01
396 5.779240e-01 1.176000e-03 4.209000e-01
397 5.777560e-01 1.100000e-03 4.211440e-01
398 5.775520e-01 1.132000e-03 4.213160e-01
399 5.773880e-01 1.108000e-03 4.215040e-01
400 5.771680e-01 1.168000e-03 4.216640e-01
401 5.769520e-01 1.208000e-03 4.218400e-01
402 5.767560e-01 1.164000e-03 4.220800e-01
403 5.765520e-01 1.188000e-03 4.222600e-01
404 5.763640e-01 1.188000e-03 4.224480e-01
405 5.762080e-01 1.120000e-03 4.226720e-01
406 5.760480e-01 1.076000e-03 4.228760e-01
407 5.758400e-01 1.100000e-03 4.230600e-01
408 5.756800e-01 1.088000e-03 4.232320e-01
409 5.754800e-01 1.116000e-03 4.234040e-01
410 5.752840e-01 1.132000e-03 4.235840e-01
411 5.751080e-01 1.136000e-03 4.237560e-01
412 5.748920e-01 1.136000e-03 4.239720e-01
413 5.747600e-01 1.076000e-03 4.241640e-01
414 5.745880e-01 1.100000e-03 4.243120e-01
415 5.743840e-01 1.148000e-03 4.244680e-01
416 5.741840e-01 1.152000e-03 4.246640e-01
417 5.740120e-01 1.136000e-03 4.248520e-01
418 5.738080e-01 1.116000e-03 4.250760e-01
419 5.736040e-01 1.108000e-03 4.252880e-01
420 5.734400e-01 1.096000e-03 4.254640e-01
421 5.732160e-01 1.176000e-03 4.256080e-01
422 5.729640e-01 1.184000e-03 4.258520e-01
423 5.727840e-01 1.128000e-03 4.260880e-01
424 5.726120e-01 1.116000e-03 4.262720e-01
425 5.724080e-01 1.140000e-03 4.264520e-01
426 5.721720e-01 1.164000e-03 4.266640e-01
427 5.719440e-01 1.172000e-03 4.268840e-01
428 5.716880e-01 1.212000e-03 4.271000e-01
429 5.714480e-01 1.268000e-03 4.272840e-01
430 5.712400e-01 1.228000e-03 4.275320e-01
431 5.709760e-01 1.260000e-03 4.277640e-01
432 5.707120e-01 1.316000e-03 4.279720e-01
433 5.705080e-01 1.332000e-03 4.281600e-01
434 5.701960e-01 1.384000e-03 4.284200e-01
435 5.699200e-01 1.388000e-03 4.286920e-01
436 5.696360e-01 1.400000e-03 4.289640e-01
437 5.693840e-01 1.424000e-03 4.291920e-01
438 5.691400e-01 1.364000e-03 4.294960e-01
439 5.689000e-01 1.360000e-03 4.297400e-01
440 5.686080e-01 1.412000e-03 4.299800e-01
441 5.683120e-01 1.396000e-03 4.302920e-01
442 5.680680e-01 1.368000e-03 4.305640e-01
443 5.678200e-01 1.420000e-03 4.307600e-01
444 5.675960e-01 1.416000e-03 4.309880e-01
445 5.673560e-01 1.388000e-03 4.312560e-01
446 5.671360e-01 1.384000e-03 4.314800e-01
447 5.668840e-01 1.432000e-03 4.316840e-01
448 5.666720e-01 1.416000e-03 4.319120e-01
449 5.664240e-01 1.428000e-03 4.321480e-01
450 5.661800e-01 1.424000e-03 4.323960e-01
451 5.659560e-01 1.404000e-03 4.326400e-01
452 5.657080e-01 1.400000e-03 4.328920e-01
453 5.654560e-01 1.356000e-03 4.331880e-01
454 5.652680e-01 1.292000e-03 4.334400e-01
455 5.650360e-01 1.296000e-03 4.336680e-01
456 5.648320e-01 1.280000e-03 4.338880e-01
457 5.646960e-01 1.184000e-03 4.341200e-01
458 5.645480e-01 1.064000e-03 4.343880e-01
459 5.643680e-01 1.016000e-03 4.346160e-01
460 5.642040e-01 9.840000e-04 4.348120e-01
461 5.641000e-01 9.240000e-04 4.349760e-01
462 5.639520e-01 9.040000e-04 4.351440e-01
463 5.638040e-01 8.840000e-04 4.353120e-01
464 5.636800e-01 8.560000e-04 4.354640e-01
465 5.635120e-01 8.720000e-04 4.356160e-01
466 5.633360e-01 8.640000e-04 4.358000e-01
467 5.632000e-01 8.640000e-04 4.359360e-01
468 5.630800e-01 8.760000e-04 4.360440e-01
469 5.629320e-01 8.920000e-04 4.361760e-01
470 5.627640e-01 9.000000e-04 4.363360e-01
471 5.626240e-01 8.840000e-04 4.364920e-01
472 5.624920e-01 8.720000e-04 4.366360e-01
473 5.623360e-01 8.720000e-04 4.367920e-01
474 5.622320e-01 8.200000e-04 4.369480e-01
475 5.620840e-01 8.160000e-04 4.371000e-01
476 5.619480e-01 8.240000e-04 4.372280e-01
477 5.617960e-01 8.320000e-04 4.373720e-01
478 5.616600e-01 7.880000e-04 4.375520e-01
479 5.615360e-01 8.040000e-04 4.376600e-01
480 5.614080e-01 7.880000e-04 4.378040e-01
481 5.613200e-01 7.240000e-04 4.379560e-01
482 5.612040e-01 7.360000e-04 4.380600e-01
483 5.610600e-01 7.520000e-04 4.381880e-01
484 5.609680e-01 7.440000e-04 4.382880e-01
485 5.607800e-01 8.040000e-04 4.384160e-01
486 5.606240e-01 8.080000e-04 4.385680e-01
487 5.605000e-01 7.880000e-04 4.387120e-01
488 5.603640e-01 7.920000e-04 4.388440e-01
489 5.602760e-01 7.480000e-04 4.389760e-01
490 5.601040e-01 7.800000e-04 4.391160e-01
491 5.598960e-01 8.000000e-04 4.393040e-01
492 5.597160e-01 8.680000e-04 4.394160e-01
493 5.595120e-01 8.760000e-04 4.396120e-01
494 5.592960e-01 9.560000e-04 4.397480e-01
495 5.591040e-01 1.008000e-03 4.398880e-01
496 5.589040e-01 1.012000e-03 4.400840e-01
497 5.587360e-01 1.012000e-03 4.402520e-01
498 5.586240e-01 9.880000e-04 4.403880e-01
499 5.584640e-01 9.640000e-04 4.405720e-01
500 5.583160e-01 9.480000e-04 4.407360e-01
