1 9.991800e-01 7.600000e-04 6.000000e-05
2 9.985960e-01 1.208000e-03 1.960000e-04
3 9.977240e-01 1.820000e-03 4.560000e-04
4 9.969480e-01 2.216000e-03 8.360000e-04
5 9.961240e-01 2.580000e-03 1.296000e-03
6 9.951680e-01 2.984000e-03 1.848000e-03
7 9.941680e-01 3.432000e-03 2.400000e-03
8 9.931600e-01 3.792000e-03 3.048000e-03
9 9.921160e-01 4.136000e-03 3.748000e-03
10 9.910440e-01 4.464000e-03 4.492000e-03
11 9.898680e-01 4.784000e-03 5.348000e-03
12 9.888080e-01 4.888000e-03 6.304000e-03
13 9.876240e-01 5.200000e-03 7.176000e-03
14 9.863600e-01 5.448000e-03 8.192000e-03
15 9.850920e-01 5.712000e-03 9.196000e-03
16 9.837200e-01 6.104000e-03 1.017600e-02
17 9.825600e-01 6.048000e-03 1.139200e-02
18 9.812720e-01 6.336000e-03 1.239200e-02
19 9.799760e-01 6.604000e-03 1.342000e-02
20 9.784360e-01 6.972000e-03 1.459200e-02
21 9.768160e-01 7.352000e-03 1.583200e-02
22 9.753160e-01 7.500000e-03 1.718400e-02
23 9.739040e-01 7.512000e-03 1.858400e-02
24 9.724240e-01 7.712000e-03 1.986400e-02
25 9.707960e-01 8.012000e-03 2.119200e-02
26 9.690680e-01 8.360000e-03 2.257200e-02
27 9.673000e-01 8.652000e-03 2.404800e-02
28 9.656000e-01 8.752000e-03 2.564800e-02
29 9.638400e-01 8.980000e-03 2.718000e-02
30 9.621960e-01 8.988000e-03 2.881600e-02
31 9.605400e-01 9.116000e-03 3.034400e-02
32 9.589760e-01 8.928000e-03 3.209600e-02
33 9.571760e-01 9.064000e-03 3.376000e-02
34 9.555080e-01 9.160000e-03 3.533200e-02
35 9.537960e-01 9.364000e-03 3.684000e-02
36 9.520240e-01 9.484000e-03 3.849200e-02
37 9.503600e-01 9.472000e-03 4.016800e-02
38 9.485120e-01 9.644000e-03 4.184400e-02
39 9.467520e-01 9.696000e-03 4.355200e-02
40 9.450480e-01 9.660000e-03 4.529200e-02
41 9.434600e-01 9.632000e-03 4.690800e-02
42 9.417840e-01 9.648000e-03 4.856800e-02
43 9.401120e-01 9.588000e-03 5.030000e-02
44 9.383920e-01 9.580000e-03 5.202800e-02
45 9.366840e-01 9.640000e-03 5.367600e-02
46 9.350640e-01 9.548000e-03 5.538800e-02
47 9.333040e-01 9.596000e-03 5.710000e-02
48 9.317920e-01 9.456000e-03 5.875200e-02
49 9.301600e-01 9.304000e-03 6.053600e-02
50 9.287240e-01 9.176000e-03 6.210000e-02
51 9.269920e-01 9.448000e-03 6.356000e-02
52 9.252600e-01 9.628000e-03 6.511200e-02
53 9.233640e-01 9.788000e-03 6.684800e-02
54 9.214840e-01 9.988000e-03 6.852800e-02
55 9.197520e-01 9.844000e-03 7.040400e-02
56 9.181000e-01 9.792000e-03 7.210800e-02
57 9.164400e-01 9.752000e-03 7.380800e-02
58 9.148960e-01 9.636000e-03 7.546800e-02
59 9.132360e-01 9.596000e-03 7.716800e-02
60 9.115640e-01 9.604000e-03 7.883200e-02
61 9.100280e-01 9.456000e-03 8.051600e-02
62 9.082920e-01 9.540000e-03 8.216800e-02
63 9.065920e-01 9.400000e-03 8.400800e-02
64 9.048640e-01 9.376000e-03 8.576000e-02
65 9.032720e-01 9.252000e-03 8.747600e-02
66 9.015360e-01 9.212000e-03 8.925200e-02
67 8.999760e-01 9.268000e-03 9.075600e-02
68 8.983160e-01 9.380000e-03 9.230400e-02
69 8.967040e-01 9.372000e-03 9.392400e-02
70 8.950520e-01 9.264000e-03 9.568400e-02
71 8.933320e-01 9.360000e-03 9.730800e-02
72 8.917520e-01 9.460000e-03 9.878800e-02
73 8.900160e-01 9.604000e-03 1.003800e-01
74 8.881840e-01 9.712000e-03 1.021040e-01
75 8.863760e-01 9.788000e-03 1.038360e-01
76 8.846520e-01 9.928000e-03 1.054200e-01
77 8.828920e-01 9.936000e-03 1.071720e-01
78 8.809480e-01 1.002800e-02 1.090240e-01
79 8.792520e-01 1.002800e-02 1.107200e-01
80 8.771680e-01 1.039200e-02 1.124400e-01
81 8.754320e-01 1.030000e-02 1.142680e-01
82 8.736120e-01 1.012000e-02 1.162680e-01
83 8.718120e-01 1.020000e-02 1.179880e-01
84 8.700240e-01 1.026000e-02 1.197160e-01
85 8.682440e-01 1.028800e-02 1.214680e-01
86 8.662760e-01 1.053600e-02 1.231880e-01
87 8.644320e-01 1.048400e-02 1.250840e-01
88 8.627320e-01 1.034800e-02 1.269200e-01
89 8.609680e-01 1.020000e-02 1.288320e-01
90 8.591760e-01 1.015200e-02 1.306720e-01
91 8.574400e-01 1.015200e-02 1.324080e-01
92 8.555120e-01 1.023600e-02 1.342520e-01
93 8.538360e-01 1.009200e-02 1.360720e-01
94 8.520760e-01 1.007600e-02 1.378480e-01
95 8.503600e-01 1.011600e-02 1.395240e-01
96 8.486320e-01 1.012000e-02 1.412480e-01
97 8.469200e-01 1.006000e-02 1.430200e-01
98 8.452560e-01 9.880000e-03 1.448640e-01
99 8.435720e-01 9.812000e-03 1.466160e-01
100 8.416800e-01 1.004000e-02 1.482800e-01
101 8.397720e-01 1.024000e-02 1.499880e-01
102 8.378760e-01 1.031200e-02 1.518120e-01
103 8.360960e-01 1.033200e-02 1.535720e-01
104 8.343000e-01 1.033200e-02 1.553680e-01
105 8.325800e-01 1.030800e-02 1.571120e-01
106 8.309600e-01 1.009600e-02 1.589440e-01
107 8.292080e-01 1.007600e-02 1.607160e-01
108 8.273560e-01 1.015600e-02 1.624880e-01
109 8.255720e-01 1.016000e-02 1.642680e-01
110 8.239720e-01 1.003200e-02 1.659960e-01
111 8.221920e-01 9.876000e-03 1.679320e-01
112 8.204720e-01 9.840000e-03 1.696880e-01
113 8.188640e-01 9.788000e-03 1.713480e-01
114 8.173720e-01 9.592000e-03 1.730360e-01
115 8.159320e-01 9.488000e-03 1.745800e-01
116 8.141360e-01 9.584000e-03 1.762800e-01
117 8.123880e-01 9.748000e-03 1.778640e-01
118 8.107720e-01 9.672000e-03 1.795560e-01
119 8.088720e-01 9.872000e-03 1.812560e-01
120 8.070560e-01 9.912000e-03 1.830320e-01
121 8.054120e-01 9.756000e-03 1.848320e-01
122 8.036600e-01 9.832000e-03 1.865080e-01
123 8.018760e-01 9.840000e-03 1.882840e-01
124 8.002320e-01 9.868000e-03 1.899000e-01
125 7.985840e-01 9.644000e-03 1.917720e-01
126 7.969320e-01 9.484000e-03 1.935840e-01
127 7.951840e-01 9.580000e-03 1.952360e-01
128 7.935400e-01 9.552000e-03 1.969080e-01
129 7.918200e-01 9.660000e-03 1.985200e-01
130 7.902720e-01 9.532000e-03 2.001960e-01
131 7.885400e-01 9.688000e-03 2.017720e-01
132 7.868040e-01 9.752000e-03 2.034440e-01
133 7.851040e-01 9.656000e-03 2.052400e-01
134 7.834000e-01 9.500000e-03 2.071000e-01
135 7.817520e-01 9.516000e-03 2.087320e-01
136 7.802760e-01 9.400000e-03 2.103240e-01
137 7.786680e-01 9.232000e-03 2.121000e-01
138 7.771280e-01 9.008000e-03 2.138640e-01
139 7.755240e-01 9.108000e-03 2.153680e-01
140 7.739680e-01 9.192000e-03 2.168400e-01
141 7.724240e-01 9.092000e-03 2.184840e-01
142 7.708560e-01 9.016000e-03 2.201280e-01
143 7.694040e-01 8.868000e-03 2.217280e-01
144 7.679080e-01 8.752000e-03 2.233400e-01
145 7.665200e-01 8.628000e-03 2.248520e-01
146 7.650400e-01 8.632000e-03 2.263280e-01
147 7.636360e-01 8.488000e-03 2.278760e-01
148 7.621840e-01 8.564000e-03 2.292520e-01
149 7.608560e-01 8.296000e-03 2.308480e-01
150 7.594480e-01 8.344000e-03 2.322080e-01
151 7.579560e-01 8.464000e-03 2.335800e-01
152 7.564920e-01 8.440000e-03 2.350680e-01
153 7.548720e-01 8.640000e-03 2.364880e-01
154 7.532360e-01 8.740000e-03 2.380240e-01
155 7.516360e-01 8.804000e-03 2.395600e-01
156 7.501520e-01 8.644000e-03 2.412040e-01
157 7.486080e-01 8.636000e-03 2.427560e-01
158 7.470400e-01 8.696000e-03 2.442640e-01
159 7.454560e-01 8.632000e-03 2.459120e-01
160 7.438680e-01 8.696000e-03 2.474360e-01
161 7.421960e-01 8.816000e-03 2.489880e-01
162 7.405400e-01 8.852000e-03 2.506080e-01
163 7.391520e-01 8.616000e-03 2.522320e-01
164 7.376720e-01 8.508000e-03 2.538200e-01
165 7.361880e-01 8.592000e-03 2.552200e-01
166 7.347360e-01 8.556000e-03 2.567080e-01
167 7.332840e-01 8.548000e-03 2.581680e-01
168 7.318280e-01 8.444000e-03 2.597280e-01
169 7.302840e-01 8.480000e-03 2.612360e-01
170 7.288400e-01 8.416000e-03 2.627440e-01
171 7.274920e-01 8.380000e-03 2.641280e-01
172 7.261560e-01 8.384000e-03 2.654600e-01
173 7.248200e-01 8.176000e-03 2.670040e-01
174 7.235440e-01 8.180000e-03 2.682760e-01
175 7.223160e-01 8.044000e-03 2.696400e-01
176 7.210920e-01 8.032000e-03 2.708760e-01
177 7.198920e-01 7.832000e-03 2.722760e-01
178 7.186600e-01 7.824000e-03 2.735160e-01
179 7.174880e-01 7.644000e-03 2.748680e-01
180 7.161800e-01 7.624000e-03 2.761960e-01
181 7.149320e-01 7.524000e-03 2.775440e-01
182 7.135680e-01 7.564000e-03 2.788680e-01
183 7.124280e-01 7.384000e-03 2.801880e-01
184 7.112840e-01 7.284000e-03 2.814320e-01
185 7.101960e-01 7.060000e-03 2.827440e-01
186 7.089880e-01 7.000000e-03 2.840120e-01
187 7.078720e-01 6.888000e-03 2.852400e-01
188 7.068040e-01 6.752000e-03 2.864440e-01
189 7.056760e-01 6.748000e-03 2.875760e-01
190 7.044640e-01 6.564000e-03 2.889720e-01
191 7.034480e-01 6.504000e-03 2.900480e-01
192 7.024120e-01 6.312000e-03 2.912760e-01
193 7.013080e-01 6.304000e-03 2.923880e-01
194 7.003880e-01 6.124000e-03 2.934880e-01
195 6.994200e-01 6.112000e-03 2.944680e-01
196 6.985000e-01 5.864000e-03 2.956360e-01
197 6.975320e-01 5.772000e-03 2.966960e-01
198 6.966400e-01 5.636000e-03 2.977240e-01
199 6.955800e-01 5.688000e-03 2.987320e-01
200 6.946160e-01 5.600000e-03 2.997840e-01
201 6.936360e-01 5.560000e-03 3.008040e-01
202 6.927840e-01 5.408000e-03 3.018080e-01
203 6.918840e-01 5.384000e-03 3.027320e-01
204 6.909560e-01 5.468000e-03 3.035760e-01
205 6.899560e-01 5.440000e-03 3.046040e-01
206 6.890520e-01 5.336000e-03 3.056120e-01
207 6.881040e-01 5.296000e-03 3.066000e-01
208 6.871360e-01 5.232000e-03 3.076320e-01
209 6.862400e-01 5.232000e-03 3.085280e-01
210 6.851720e-01 5.448000e-03 3.093800e-01
211 6.841920e-01 5.512000e-03 3.102960e-01
212 6.832520e-01 5.456000e-03 3.112920e-01
213 6.822840e-01 5.448000e-03 3.122680e-01
214 6.813760e-01 5.432000e-03 3.131920e-01
215 6.803760e-01 5.500000e-03 3.141240e-01
216 6.794200e-01 5.512000e-03 3.150680e-01
217 6.784440e-01 5.500000e-03 3.160560e-01
218 6.776360e-01 5.300000e-03 3.170640e-01
219 6.766880e-01 5.380000e-03 3.179320e-01
220 6.758080e-01 5.364000e-03 3.188280e-01
221 6.749000e-01 5.384000e-03 3.197160e-01
222 6.739520e-01 5.428000e-03 3.206200e-01
223 6.731080e-01 5.384000e-03 3.215080e-01
224 6.722000e-01 5.248000e-03 3.225520e-01
225 6.714280e-01 5.084000e-03 3.234880e-01
226 6.706200e-01 5.016000e-03 3.243640e-01
227 6.697680e-01 4.968000e-03 3.252640e-01
228 6.688840e-01 5.032000e-03 3.260840e-01
229 6.679520e-01 5.084000e-03 3.269640e-01
230 6.672120e-01 4.960000e-03 3.278280e-01
231 6.664360e-01 4.964000e-03 3.286000e-01
232 6.654800e-01 5.116000e-03 3.294040e-01
233 6.646240e-01 5.056000e-03 3.303200e-01
234 6.636720e-01 5.124000e-03 3.312040e-01
235 6.627240e-01 5.200000e-03 3.320760e-01
236 6.617840e-01 5.256000e-03 3.329600e-01
237 6.609360e-01 5.188000e-03 3.338760e-01
238 6.600360e-01 5.152000e-03 3.348120e-01
239 6.591960e-01 5.136000e-03 3.356680e-01
240 6.583240e-01 5.180000e-03 3.364960e-01
241 6.573360e-01 5.284000e-03 3.373800e-01
242 6.564240e-01 5.276000e-03 3.383000e-01
243 6.556640e-01 5.152000e-03 3.391840e-01
244 6.548160e-01 5.112000e-03 3.400720e-01
245 6.539760e-01 5.076000e-03 3.409480e-01
246 6.532760e-01 4.976000e-03 3.417480e-01
247 6.524880e-01 4.992000e-03 3.425200e-01
248 6.517240e-01 4.892000e-03 3.433840e-01
249 6.509320e-01 4.788000e-03 3.442800e-01
250 6.500600e-01 4.744000e-03 3.451960e-01
251 6.492080e-01 4.804000e-03 3.459880e-01
252 6.483320e-01 4.868000e-03 3.468000e-01
253 6.475200e-01 4.888000e-03 3.475920e-01
254 6.466840e-01 4.808000e-03 3.485080e-01
255 6.458760e-01 4.904000e-03 3.492200e-01
256 6.449800e-01 4.896000e-03 3.501240e-01
257 6.442840e-01 4.796000e-03 3.509200e-01
258 6.435080e-01 4.728000e-03 3.517640e-01
259 6.427240e-01 4.748000e-03 3.525280e-01
260 6.419120e-01 4.696000e-03 3.533920e-01
261 6.411040e-01 4.648000e-03 3.542480e-01
262 6.403880e-01 4.532000e-03 3.550800e-01
263 6.396880e-01 4.460000e-03 3.558520e-01
264 6.389640e-01 4.436000e-03 3.566000e-01
265 6.382880e-01 4.384000e-03 3.573280e-01
266 6.375400e-01 4.368000e-03 3.580920e-01
267 6.368080e-01 4.336000e-03 3.588560e-01
268 6.360880e-01 4.276000e-03 3.596360e-01
269 6.352960e-01 4.256000e-03 3.604480e-01
270 6.344160e-01 4.436000e-03 3.611480e-01
271 6.335840e-01 4.424000e-03 3.619920e-01
272 6.328840e-01 4.440000e-03 3.626760e-01
273 6.321640e-01 4.380000e-03 3.634560e-01
274 6.314000e-01 4.420000e-03 3.641800e-01
275 6.306920e-01 4.360000e-03 3.649480e-01
276 6.298920e-01 4.536000e-03 3.655720e-01
277 6.291960e-01 4.412000e-03 3.663920e-01
278 6.285000e-01 4.372000e-03 3.671280e-01
279 6.278200e-01 4.204000e-03 3.679760e-01
280 6.271960e-01 4.148000e-03 3.686560e-01
281 6.264960e-01 4.136000e-03 3.693680e-01
282 6.258920e-01 4.052000e-03 3.700560e-01
283 6.252760e-01 4.008000e-03 3.707160e-01
284 6.246960e-01 3.836000e-03 3.714680e-01
285 6.239240e-01 3.920000e-03 3.721560e-01
286 6.233400e-01 3.776000e-03 3.728840e-01
287 6.227640e-01 3.604000e-03 3.736320e-01
288 6.222000e-01 3.564000e-03 3.742360e-01
289 6.215600e-01 3.592000e-03 3.748480e-01
290 6.210400e-01 3.484000e-03 3.754760e-01
291 6.205040e-01 3.416000e-03 3.760800e-01
292 6.199960e-01 3.348000e-03 3.766560e-01
293 6.194920e-01 3.312000e-03 3.771960e-01
294 6.189920e-01 3.204000e-03 3.778040e-01
295 6.184440e-01 3.156000e-03 3.784000e-01
296 6.179800e-01 3.132000e-03 3.788880e-01
297 6.174960e-01 3.032000e-03 3.794720e-01
298 6.170560e-01 2.984000e-03 3.799600e-01
299 6.165760e-01 2.972000e-03 3.804520e-01
300 6.161520e-01 2.892000e-03 3.809560e-01
301 6.157120e-01 2.840000e-03 3.814480e-01
302 6.153240e-01 2.712000e-03 3.819640e-01
303 6.149200e-01 2.704000e-03 3.823760e-01
304 6.144840e-01 2.696000e-03 3.828200e-01
305 6.140560e-01 2.692000e-03 3.832520e-01
306 6.136640e-01 2.624000e-03 3.837120e-01
307 6.132800e-01 2.528000e-03 3.841920e-01
308 6.129440e-01 2.476000e-03 3.845800e-01
309 6.125360e-01 2.428000e-03 3.850360e-01
310 6.121480e-01 2.456000e-03 3.853960e-01
311 6.117480e-01 2.472000e-03 3.857800e-01
312 6.112520e-01 2.592000e-03 3.861560e-01
313 6.108520e-01 2.508000e-03 3.866400e-01
314 6.104960e-01 2.400000e-03 3.871040e-01
315 6.101320e-01 2.384000e-03 3.874840e-01
316 6.097920e-01 2.324000e-03 3.878840e-01
317 6.093920e-01 2.272000e-03 3.883360e-01
318 6.089240e-01 2.352000e-03 3.887240e-01
319 6.085640e-01 2.308000e-03 3.891280e-01
320 6.082800e-01 2.184000e-03 3.895360e-01
321 6.079680e-01 2.104000e-03 3.899280e-01
322 6.076200e-01 2.064000e-03 3.903160e-01
323 6.072560e-01 2.076000e-03 3.906680e-01
324 6.068320e-01 2.104000e-03 3.910640e-01
325 6.064000e-01 2.108000e-03 3.914920e-01
326 6.059640e-01 2.016000e-03 3.920200e-01
327 6.055840e-01 1.996000e-03 3.924200e-01
328 6.051440e-01 2.128000e-03 3.927280e-01
329 6.047800e-01 2.112000e-03 3.931080e-01
330 6.043800e-01 2.072000e-03 3.935480e-01
331 6.039760e-01 2.092000e-03 3.939320e-01
332 6.035680e-01 2.056000e-03 3.943760e-01
333 6.032240e-01 2.044000e-03 3.947320e-01
334 6.028520e-01 2.108000e-03 3.950400e-01
335 6.025440e-01 2.108000e-03 3.953480e-01
336 6.021880e-01 2.192000e-03 3.956200e-01
337 6.018320e-01 2.152000e-03 3.960160e-01
338 6.015400e-01 2.048000e-03 3.964120e-01
339 6.011400e-01 2.084000e-03 3.967760e-01
340 6.007960e-01 2.124000e-03 3.970800e-01
341 6.004360e-01 2.108000e-03 3.974560e-01
342 6.000480e-01 2.140000e-03 3.978120e-01
343 5.996800e-01 2.156000e-03 3.981640e-01
344 5.992800e-01 2.228000e-03 3.984920e-01
345 5.989480e-01 2.156000e-03 3.988960e-01
346 5.986440e-01 2.112000e-03 3.992440e-01
347 5.983920e-01 1.956000e-03 3.996520e-01
348 5.980680e-01 1.924000e-03 4.000080e-01
349 5.978160e-01 1.860000e-03 4.003240e-01
350 5.975520e-01 1.776000e-03 4.006720e-01
351 5.972320e-01 1.788000e-03 4.009800e-01
352 5.968600e-01 1.828000e-03 4.013120e-01
353 5.966080e-01 1.764000e-03 4.016280e-01
354 5.963160e-01 1.736000e-03 4.019480e-01
355 5.960440e-01 1.704000e-03 4.022520e-01
356 5.958280e-01 1.644000e-03 4.025280e-01
357 5.956160e-01 1.592000e-03 4.027920e-01
358 5.953000e-01 1.604000e-03 4.030960e-01
359 5.950400e-01 1.568000e-03 4.033920e-01
360 5.947880e-01 1.524000e-03 4.036880e-01
361 5.945560e-01 1.500000e-03 4.039440e-01
362 5.943440e-01 1.408000e-03 4.042480e-01
363 5.941240e-01 1.440000e-03 4.044360e-01
364 5.938800e-01 1.436000e-03 4.046840e-01
365 5.936600e-01 1.412000e-03 4.049280e-01
366 5.934040e-01 1.468000e-03 4.051280e-01
367 5.932320e-01 1.368000e-03 4.054000e-01
368 5.929960e-01 1.360000e-03 4.056440e-01
369 5.928080e-01 1.344000e-03 4.058480e-01
370 5.925720e-01 1.324000e-03 4.061040e-01
371 5.923320e-01 1.308000e-03 4.063600e-01
372 5.921240e-01 1.228000e-03 4.066480e-01
373 5.919040e-01 1.264000e-03 4.068320e-01
374 5.917120e-01 1.224000e-03 4.070640e-01
375 5.915320e-01 1.148000e-03 4.073200e-01
376 5.913280e-01 1.164000e-03 4.075080e-01
377 5.910800e-01 1.240000e-03 4.076800e-01
378 5.908000e-01 1.252000e-03 4.079480e-01
379 5.905560e-01 1.244000e-03 4.082000e-01
380 5.903840e-01 1.180000e-03 4.084360e-01
381 5.901800e-01 1.164000e-03 4.086560e-01
382 5.899680e-01 1.176000e-03 4.088560e-01
383 5.897480e-01 1.212000e-03 4.090400e-01
384 5.895680e-01 1.164000e-03 4.092680e-01
385 5.893960e-01 1.152000e-03 4.094520e-01
386 5.891720e-01 1.104000e-03 4.097240e-01
387 5.889800e-01 1.112000e-03 4.099080e-01
388 5.887880e-01 1.120000e-03 4.100920e-01
389 5.886000e-01 1.104000e-03 4.102960e-01
390 5.884200e-01 1.080000e-03 4.105000e-01
391 5.882640e-01 1.040000e-03 4.106960e-01
392 5.880680e-01 1.060000e-03 4.108720e-01
393 5.878960e-01 1.028000e-03 4.110760e-01
394 5.877320e-01 1.012000e-03 4.112560e-01
395 5.875160e-01 1.112000e-03 4.113720e-01
396 5.873160e-01 1.144000e-03 4.115400e-01
397 5.871560e-01 1.104000e-03 4.117400e-01
398 5.870000e-01 1.100000e-03 4.119000e-01
399 5.868240e-01 1.084000e-03 4.120920e-01
400 5.866680e-01 1.040000e-03 4.122920e-01
401 5.865240e-01 1.008000e-03 4.124680e-01
402 5.863840e-01 9.160000e-04 4.127000e-01
403 5.862680e-01 8.600000e-04 4.128720e-01
404 5.861440e-01 8.360000e-04 4.130200e-01
405 5.860080e-01 8.280000e-04 4.131640e-01
406 5.858200e-01 8.320000e-04 4.133480e-01
407 5.856600e-01 8.440000e-04 4.134960e-01
408 5.854840e-01 8.800000e-04 4.136360e-01
409 5.853600e-01 8.760000e-04 4.137640e-01
410 5.851960e-01 8.720000e-04 4.139320e-01
411 5.850520e-01 8.720000e-04 4.140760e-01
412 5.849400e-01 8.840000e-04 4.141760e-01
413 5.848080e-01 9.040000e-04 4.142880e-01
414 5.846360e-01 8.920000e-04 4.144720e-01
415 5.845160e-01 8.240000e-04 4.146600e-01
416 5.843520e-01 8.520000e-04 4.147960e-01
417 5.841800e-01 8.680000e-04 4.149520e-01
418 5.840440e-01 8.360000e-04 4.151200e-01
419 5.839360e-01 8.000000e-04 4.152640e-01
420 5.838440e-01 7.400000e-04 4.154160e-01
421 5.837400e-01 7.400000e-04 4.155200e-01
422 5.836400e-01 7.320000e-04 4.156280e-01
423 5.835440e-01 6.800000e-04 4.157760e-01
424 5.834600e-01 6.400000e-04 4.159000e-01
425 5.833720e-01 6.400000e-04 4.159880e-01
426 5.832520e-01 6.560000e-04 4.160920e-01
427 5.831240e-01 6.680000e-04 4.162080e-01
428 5.830160e-01 6.440000e-04 4.163400e-01
429 5.829200e-01 5.920000e-04 4.164880e-01
430 5.828440e-01 5.680000e-04 4.165880e-01
431 5.827680e-01 5.600000e-04 4.166720e-01
432 5.826800e-01 5.280000e-04 4.167920e-01
433 5.826080e-01 5.040000e-04 4.168880e-01
434 5.825600e-01 5.000000e-04 4.169400e-01
435 5.824800e-01 5.080000e-04 4.170120e-01
436 5.823640e-01 5.360000e-04 4.171000e-01
437 5.822760e-01 5.240000e-04 4.172000e-01
438 5.821960e-01 5.000000e-04 4.173040e-01
439 5.821320e-01 4.680000e-04 4.174000e-01
440 5.820240e-01 4.680000e-04 4.175080e-01
441 5.819240e-01 4.840000e-04 4.175920e-01
442 5.818440e-01 4.840000e-04 4.176720e-01
443 5.817640e-01 5.040000e-04 4.177320e-01
444 5.816960e-01 4.880000e-04 4.178160e-01
445 5.816040e-01 5.160000e-04 4.178800e-01
446 5.815520e-01 4.760000e-04 4.179720e-01
447 5.815000e-01 4.320000e-04 4.180680e-01
448 5.814680e-01 4.080000e-04 4.181240e-01
449 5.814200e-01 3.720000e-04 4.182080e-01
450 5.813760e-01 3.520000e-04 4.182720e-01
451 5.813360e-01 3.400000e-04 4.183240e-01
452 5.812720e-01 3.520000e-04 4.183760e-01
453 5.812040e-01 3.280000e-04 4.184680e-01
454 5.811360e-01 3.360000e-04 4.185280e-01
455 5.810600e-01 3.520000e-04 4.185880e-01
456 5.810200e-01 3.600000e-04 4.186200e-01
457 5.809560e-01 3.680000e-04 4.186760e-01
458 5.809080e-01 3.480000e-04 4.187440e-01
459 5.808600e-01 3.240000e-04 4.188160e-01
460 5.808160e-01 3.200000e-04 4.188640e-01
461 5.807400e-01 3.320000e-04 4.189280e-01
462 5.806640e-01 3.320000e-04 4.190040e-01
463 5.805920e-01 3.440000e-04 4.190640e-01
464 5.804840e-01 3.880000e-04 4.191280e-01
465 5.804160e-01 3.840000e-04 4.192000e-01
466 5.803320e-01 3.880000e-04 4.192800e-01
467 5.802720e-01 3.720000e-04 4.193560e-01
468 5.801960e-01 3.960000e-04 4.194080e-01
469 5.801160e-01 3.960000e-04 4.194880e-01
470 5.800520e-01 3.640000e-04 4.195840e-01
471 5.799920e-01 3.480000e-04 4.196600e-01
472 5.799240e-01 3.640000e-04 4.197120e-01
473 5.798360e-01 3.920000e-04 4.197720e-01
474 5.797680e-01 4.040000e-04 4.198280e-01
475 5.796880e-01 4.160000e-04 4.198960e-01
476 5.796240e-01 3.680000e-04 4.200080e-01
477 5.795640e-01 3.320000e-04 4.201040e-01
478 5.794960e-01 3.760000e-04 4.201280e-01
479 5.793920e-01 3.800000e-04 4.202280e-01
480 5.793600e-01 3.320000e-04 4.203080e-01
481 5.793400e-01 3.120000e-04 4.203480e-01
482 5.793160e-01 2.880000e-04 4.203960e-01
483 5.792720e-01 2.760000e-04 4.204520e-01
484 5.792440e-01 2.720000e-04 4.204840e-01
485 5.792040e-01 2.800000e-04 4.205160e-01
486 5.791680e-01 2.880000e-04 4.205440e-01
487 5.791200e-01 3.040000e-04 4.205760e-01
488 5.790640e-01 3.240000e-04 4.206120e-01
489 5.789920e-01 3.480000e-04 4.206600e-01
490 5.789400e-01 3.240000e-04 4.207360e-01
491 5.789040e-01 3.040000e-04 4.207920e-01
492 5.788880e-01 2.720000e-04 4.208400e-01
493 5.788480e-01 2.480000e-04 4.209040e-01
494 5.788200e-01 2.320000e-04 4.209480e-01
495 5.787280e-01 2.800000e-04 4.209920e-01
496 5.786600e-01 2.960000e-04 4.210440e-01
497 5.786000e-01 2.760000e-04 4.211240e-01
498 5.785320e-01 3.040000e-04 4.211640e-01
499 5.784880e-01 2.760000e-04 4.212360e-01
500 5.784200e-01 2.880000e-04 4.212920e-01
