1 9.991640e-01 7.320000e-04 1.040000e-04
2 9.985440e-01 1.168000e-03 2.880000e-04
3 9.979000e-01 1.552000e-03 5.480000e-04
4 9.971400e-01 1.972000e-03 8.880000e-04
5 9.963720e-01 2.364000e-03 1.264000e-03
6 9.954960e-01 2.828000e-03 1.676000e-03
7 9.946280e-01 3.192000e-03 2.180000e-03
8 9.937520e-01 3.424000e-03 2.824000e-03
9 9.929200e-01 3.632000e-03 3.448000e-03
10 9.920280e-01 3.884000e-03 4.088000e-03
11 9.910960e-01 4.116000e-03 4.788000e-03
12 9.901000e-01 4.308000e-03 5.592000e-03
13 9.890440e-01 4.456000e-03 6.500000e-03
14 9.880120e-01 4.700000e-03 7.288000e-03
15 9.869360e-01 4.888000e-03 8.176000e-03
16 9.859480e-01 5.004000e-03 9.048000e-03
17 9.849200e-01 5.136000e-03 9.944000e-03
18 9.839000e-01 5.204000e-03 1.089600e-02
19 9.828400e-01 5.168000e-03 1.199200e-02
20 9.815960e-01 5.448000e-03 1.295600e-02
21 9.804560e-01 5.568000e-03 1.397600e-02
22 9.791520e-01 5.864000e-03 1.498400e-02
23 9.779200e-01 6.056000e-03 1.602400e-02
24 9.766720e-01 6.224000e-03 1.710400e-02
25 9.756080e-01 6.160000e-03 1.823200e-02
26 9.743480e-01 6.372000e-03 1.928000e-02
27 9.730920e-01 6.568000e-03 2.034000e-02
28 9.718680e-01 6.676000e-03 2.145600e-02
29 9.706400e-01 6.800000e-03 2.256000e-02
30 9.692640e-01 7.012000e-03 2.372400e-02
31 9.679240e-01 7.068000e-03 2.500800e-02
32 9.664800e-01 7.188000e-03 2.633200e-02
33 9.652120e-01 7.212000e-03 2.757600e-02
34 9.638600e-01 7.416000e-03 2.872400e-02
35 9.626720e-01 7.240000e-03 3.008800e-02
36 9.613600e-01 7.340000e-03 3.130000e-02
37 9.600400e-01 7.404000e-03 3.255600e-02
38 9.587360e-01 7.364000e-03 3.390000e-02
39 9.574080e-01 7.496000e-03 3.509600e-02
40 9.561560e-01 7.532000e-03 3.631200e-02
41 9.549160e-01 7.464000e-03 3.762000e-02
42 9.535920e-01 7.444000e-03 3.896400e-02
43 9.522040e-01 7.544000e-03 4.025200e-02
44 9.509200e-01 7.528000e-03 4.155200e-02
45 9.494120e-01 7.840000e-03 4.274800e-02
46 9.479040e-01 7.916000e-03 4.418000e-02
47 9.462080e-01 8.172000e-03 4.562000e-02
48 9.446120e-01 8.300000e-03 4.708800e-02
49 9.430000e-01 8.436000e-03 4.856400e-02
50 9.415960e-01 8.412000e-03 4.999200e-02
51 9.399480e-01 8.616000e-03 5.143600e-02
52 9.381040e-01 8.836000e-03 5.306000e-02
53 9.364480e-01 8.908000e-03 5.464400e-02
54 9.351040e-01 8.608000e-03 5.628800e-02
55 9.336000e-01 8.764000e-03 5.763600e-02
56 9.320720e-01 8.796000e-03 5.913200e-02
57 9.302480e-01 9.020000e-03 6.073200e-02
58 9.285480e-01 9.180000e-03 6.227200e-02
59 9.265840e-01 9.492000e-03 6.392400e-02
60 9.247440e-01 9.608000e-03 6.564800e-02
61 9.230560e-01 9.708000e-03 6.723600e-02
62 9.214120e-01 9.704000e-03 6.888400e-02
63 9.197760e-01 9.500000e-03 7.072400e-02
64 9.183160e-01 9.168000e-03 7.251600e-02
65 9.167200e-01 9.116000e-03 7.416400e-02
66 9.149640e-01 9.272000e-03 7.576400e-02
67 9.132720e-01 9.236000e-03 7.749200e-02
68 9.116160e-01 9.156000e-03 7.922800e-02
69 9.101280e-01 9.028000e-03 8.084400e-02
70 9.084320e-01 9.232000e-03 8.233600e-02
71 9.067000e-01 9.224000e-03 8.407600e-02
72 9.050840e-01 9.108000e-03 8.580800e-02
73 9.034120e-01 9.048000e-03 8.754000e-02
74 9.018840e-01 9.000000e-03 8.911600e-02
75 9.003480e-01 8.800000e-03 9.085200e-02
76 8.988600e-01 8.740000e-03 9.240000e-02
77 8.972920e-01 8.764000e-03 9.394400e-02
78 8.955760e-01 8.944000e-03 9.548000e-02
79 8.938880e-01 9.100000e-03 9.701200e-02
80 8.923280e-01 9.028000e-03 9.864400e-02
81 8.907640e-01 8.988000e-03 1.002480e-01
82 8.890920e-01 9.048000e-03 1.018600e-01
83 8.874960e-01 8.992000e-03 1.035120e-01
84 8.859080e-01 8.916000e-03 1.051760e-01
85 8.843960e-01 8.844000e-03 1.067600e-01
86 8.827840e-01 8.768000e-03 1.084480e-01
87 8.812080e-01 8.804000e-03 1.099880e-01
88 8.797360e-01 8.756000e-03 1.115080e-01
89 8.784520e-01 8.504000e-03 1.130440e-01
90 8.768920e-01 8.564000e-03 1.145440e-01
91 8.755200e-01 8.528000e-03 1.159520e-01
92 8.741120e-01 8.440000e-03 1.174480e-01
93 8.725800e-01 8.428000e-03 1.189920e-01
94 8.710680e-01 8.392000e-03 1.205400e-01
95 8.696120e-01 8.480000e-03 1.219080e-01
96 8.682160e-01 8.408000e-03 1.233760e-01
97 8.670560e-01 8.160000e-03 1.247840e-01
98 8.657280e-01 8.044000e-03 1.262280e-01
99 8.643440e-01 7.996000e-03 1.276600e-01
100 8.629920e-01 7.952000e-03 1.290560e-01
101 8.616560e-01 7.808000e-03 1.305360e-01
102 8.604080e-01 7.720000e-03 1.318720e-01
103 8.592360e-01 7.508000e-03 1.332560e-01
104 8.579880e-01 7.336000e-03 1.346760e-01
105 8.568760e-01 7.316000e-03 1.358080e-01
106 8.556520e-01 7.368000e-03 1.369800e-01
107 8.542680e-01 7.512000e-03 1.382200e-01
108 8.529760e-01 7.544000e-03 1.394800e-01
109 8.517800e-01 7.404000e-03 1.408160e-01
110 8.503720e-01 7.452000e-03 1.421760e-01
111 8.490160e-01 7.424000e-03 1.435600e-01
112 8.475640e-01 7.516000e-03 1.449200e-01
113 8.460920e-01 7.564000e-03 1.463440e-01
114 8.446680e-01 7.676000e-03 1.476560e-01
115 8.433600e-01 7.612000e-03 1.490280e-01
116 8.419600e-01 7.668000e-03 1.503720e-01
117 8.406720e-01 7.556000e-03 1.517720e-01
118 8.392120e-01 7.688000e-03 1.531000e-01
119 8.377720e-01 7.764000e-03 1.544640e-01
120 8.362760e-01 7.812000e-03 1.559120e-01
121 8.348920e-01 7.720000e-03 1.573880e-01
122 8.336920e-01 7.676000e-03 1.586320e-01
123 8.322960e-01 7.768000e-03 1.599360e-01
124 8.309840e-01 7.744000e-03 1.612720e-01
125 8.296800e-01 7.744000e-03 1.625760e-01
126 8.283360e-01 7.696000e-03 1.639680e-01
127 8.269360e-01 7.780000e-03 1.652840e-01
128 8.255760e-01 7.840000e-03 1.665840e-01
129 8.242600e-01 7.780000e-03 1.679600e-01
130 8.229320e-01 7.780000e-03 1.692880e-01
131 8.214720e-01 7.752000e-03 1.707760e-01
132 8.201320e-01 7.664000e-03 1.722040e-01
133 8.188600e-01 7.668000e-03 1.734720e-01
134 8.174240e-01 7.800000e-03 1.747760e-01
135 8.159720e-01 7.800000e-03 1.762280e-01
136 8.146000e-01 7.884000e-03 1.775160e-01
137 8.133560e-01 7.780000e-03 1.788640e-01
138 8.120400e-01 7.760000e-03 1.802000e-01
139 8.109000e-01 7.572000e-03 1.815280e-01
140 8.096800e-01 7.532000e-03 1.827880e-01
141 8.084480e-01 7.368000e-03 1.841840e-01
142 8.073520e-01 7.204000e-03 1.854440e-01
143 8.060880e-01 7.196000e-03 1.867160e-01
144 8.047200e-01 7.328000e-03 1.879520e-01
145 8.034840e-01 7.292000e-03 1.892240e-01
146 8.021000e-01 7.468000e-03 1.904320e-01
147 8.009840e-01 7.308000e-03 1.917080e-01
148 7.998280e-01 7.108000e-03 1.930640e-01
149 7.986640e-01 6.988000e-03 1.943480e-01
150 7.973240e-01 7.108000e-03 1.955680e-01
151 7.960520e-01 6.952000e-03 1.969960e-01
152 7.948760e-01 6.940000e-03 1.981840e-01
153 7.937800e-01 6.904000e-03 1.993160e-01
154 7.926720e-01 6.792000e-03 2.005360e-01
155 7.915760e-01 6.784000e-03 2.016400e-01
156 7.903040e-01 6.788000e-03 2.029080e-01
157 7.891560e-01 6.704000e-03 2.041400e-01
158 7.880160e-01 6.528000e-03 2.054560e-01
159 7.869400e-01 6.396000e-03 2.066640e-01
160 7.857880e-01 6.476000e-03 2.077360e-01
161 7.846360e-01 6.516000e-03 2.088480e-01
162 7.835800e-01 6.424000e-03 2.099960e-01
163 7.825600e-01 6.312000e-03 2.111280e-01
164 7.813600e-01 6.440000e-03 2.122000e-01
165 7.803520e-01 6.284000e-03 2.133640e-01
166 7.792160e-01 6.296000e-03 2.144880e-01
167 7.781360e-01 6.304000e-03 2.155600e-01
168 7.770000e-01 6.272000e-03 2.167280e-01
169 7.758920e-01 6.208000e-03 2.179000e-01
170 7.745800e-01 6.328000e-03 2.190920e-01
171 7.734680e-01 6.264000e-03 2.202680e-01
172 7.723200e-01 6.232000e-03 2.214480e-01
173 7.713600e-01 6.076000e-03 2.225640e-01
174 7.703000e-01 5.968000e-03 2.237320e-01
175 7.693680e-01 5.828000e-03 2.248040e-01
176 7.683000e-01 5.960000e-03 2.257400e-01
177 7.670240e-01 6.296000e-03 2.266800e-01
178 7.658320e-01 6.364000e-03 2.278040e-01
179 7.648280e-01 6.208000e-03 2.289640e-01
180 7.636840e-01 6.284000e-03 2.300320e-01
181 7.624720e-01 6.280000e-03 2.312480e-01
182 7.613080e-01 6.364000e-03 2.323280e-01
183 7.601200e-01 6.544000e-03 2.333360e-01
184 7.589680e-01 6.540000e-03 2.344920e-01
185 7.577480e-01 6.668000e-03 2.355840e-01
186 7.566560e-01 6.548000e-03 2.367960e-01
187 7.555280e-01 6.520000e-03 2.379520e-01
188 7.544920e-01 6.388000e-03 2.391200e-01
189 7.533240e-01 6.436000e-03 2.402400e-01
190 7.522480e-01 6.440000e-03 2.413120e-01
191 7.512480e-01 6.316000e-03 2.424360e-01
192 7.502960e-01 6.156000e-03 2.435480e-01
193 7.493480e-01 6.008000e-03 2.446440e-01
194 7.484560e-01 5.884000e-03 2.456600e-01
195 7.475200e-01 5.804000e-03 2.466760e-01
196 7.466440e-01 5.692000e-03 2.476640e-01
197 7.458200e-01 5.576000e-03 2.486040e-01
198 7.449960e-01 5.392000e-03 2.496120e-01
199 7.442120e-01 5.316000e-03 2.504720e-01
200 7.434240e-01 5.152000e-03 2.514240e-01
201 7.427640e-01 4.948000e-03 2.522880e-01
202 7.419440e-01 4.804000e-03 2.532520e-01
203 7.411520e-01 4.764000e-03 2.540840e-01
204 7.403720e-01 4.692000e-03 2.549360e-01
205 7.396000e-01 4.620000e-03 2.557800e-01
206 7.388000e-01 4.612000e-03 2.565880e-01
207 7.380200e-01 4.512000e-03 2.574680e-01
208 7.373120e-01 4.392000e-03 2.582960e-01
209 7.365680e-01 4.472000e-03 2.589600e-01
210 7.357680e-01 4.412000e-03 2.598200e-01
211 7.349640e-01 4.468000e-03 2.605680e-01
212 7.342960e-01 4.348000e-03 2.613560e-01
213 7.334160e-01 4.460000e-03 2.621240e-01
214 7.326440e-01 4.476000e-03 2.628800e-01
215 7.317880e-01 4.616000e-03 2.635960e-01
216 7.308360e-01 4.744000e-03 2.644200e-01
217 7.299320e-01 4.892000e-03 2.651760e-01
218 7.291040e-01 4.868000e-03 2.660280e-01
219 7.281240e-01 5.040000e-03 2.668360e-01
220 7.272640e-01 4.860000e-03 2.678760e-01
221 7.265240e-01 4.780000e-03 2.686960e-01
222 7.256840e-01 4.752000e-03 2.695640e-01
223 7.249880e-01 4.560000e-03 2.704520e-01
224 7.243240e-01 4.436000e-03 2.712400e-01
225 7.236160e-01 4.404000e-03 2.719800e-01
226 7.230000e-01 4.264000e-03 2.727360e-01
227 7.224000e-01 4.068000e-03 2.735320e-01
228 7.217400e-01 3.972000e-03 2.742880e-01
229 7.210960e-01 3.964000e-03 2.749400e-01
230 7.204920e-01 3.900000e-03 2.756080e-01
231 7.198840e-01 3.844000e-03 2.762720e-01
232 7.190920e-01 3.964000e-03 2.769440e-01
233 7.183840e-01 3.984000e-03 2.776320e-01
234 7.176880e-01 3.900000e-03 2.784120e-01
235 7.169920e-01 3.960000e-03 2.790480e-01
236 7.163280e-01 3.968000e-03 2.797040e-01
237 7.156120e-01 3.956000e-03 2.804320e-01
238 7.149080e-01 3.948000e-03 2.811440e-01
239 7.141880e-01 4.016000e-03 2.817960e-01
240 7.135480e-01 3.876000e-03 2.825760e-01
241 7.128680e-01 3.888000e-03 2.832440e-01
242 7.121440e-01 3.928000e-03 2.839280e-01
243 7.115120e-01 3.928000e-03 2.845600e-01
244 7.108360e-01 3.856000e-03 2.853080e-01
245 7.101280e-01 3.924000e-03 2.859480e-01
246 7.094640e-01 3.908000e-03 2.866280e-01
247 7.087120e-01 3.992000e-03 2.872960e-01
248 7.080360e-01 3.960000e-03 2.880040e-01
249 7.074280e-01 3.948000e-03 2.886240e-01
250 7.067000e-01 4.000000e-03 2.893000e-01
251 7.060680e-01 3.996000e-03 2.899360e-01
252 7.054360e-01 3.972000e-03 2.905920e-01
253 7.047240e-01 3.976000e-03 2.913000e-01
254 7.040600e-01 3.928000e-03 2.920120e-01
255 7.033200e-01 4.024000e-03 2.926560e-01
256 7.025200e-01 4.108000e-03 2.933720e-01
257 7.017640e-01 4.144000e-03 2.940920e-01
258 7.009400e-01 4.280000e-03 2.947800e-01
259 7.001720e-01 4.292000e-03 2.955360e-01
260 6.994760e-01 4.208000e-03 2.963160e-01
261 6.987200e-01 4.308000e-03 2.969720e-01
262 6.979680e-01 4.344000e-03 2.976880e-01
263 6.972760e-01 4.208000e-03 2.985160e-01
264 6.965560e-01 4.252000e-03 2.991920e-01
265 6.959360e-01 4.112000e-03 2.999520e-01
266 6.952400e-01 4.056000e-03 3.007040e-01
267 6.946640e-01 3.860000e-03 3.014760e-01
268 6.941680e-01 3.728000e-03 3.021040e-01
269 6.935600e-01 3.632000e-03 3.028080e-01
270 6.929800e-01 3.620000e-03 3.034000e-01
271 6.924240e-01 3.480000e-03 3.040960e-01
272 6.917800e-01 3.476000e-03 3.047440e-01
273 6.911840e-01 3.488000e-03 3.053280e-01
274 6.907040e-01 3.292000e-03 3.060040e-01
275 6.901840e-01 3.192000e-03 3.066240e-01
276 6.895400e-01 3.276000e-03 3.071840e-01
277 6.888480e-01 3.380000e-03 3.077720e-01
278 6.882840e-01 3.408000e-03 3.083080e-01
279 6.876920e-01 3.400000e-03 3.089080e-01
280 6.871200e-01 3.412000e-03 3.094680e-01
281 6.864760e-01 3.352000e-03 3.101720e-01
282 6.859040e-01 3.424000e-03 3.106720e-01
283 6.853000e-01 3.388000e-03 3.113120e-01
284 6.847400e-01 3.380000e-03 3.118800e-01
285 6.842560e-01 3.288000e-03 3.124560e-01
286 6.837280e-01 3.296000e-03 3.129760e-01
287 6.831480e-01 3.288000e-03 3.135640e-01
288 6.826720e-01 3.248000e-03 3.140800e-01
289 6.821720e-01 3.152000e-03 3.146760e-01
290 6.817280e-01 3.100000e-03 3.151720e-01
291 6.812760e-01 2.984000e-03 3.157400e-01
292 6.808640e-01 2.876000e-03 3.162600e-01
293 6.805160e-01 2.760000e-03 3.167240e-01
294 6.800720e-01 2.740000e-03 3.171880e-01
295 6.796680e-01 2.644000e-03 3.176880e-01
296 6.792920e-01 2.572000e-03 3.181360e-01
297 6.789040e-01 2.532000e-03 3.185640e-01
298 6.784880e-01 2.552000e-03 3.189600e-01
299 6.780400e-01 2.588000e-03 3.193720e-01
300 6.775880e-01 2.556000e-03 3.198560e-01
301 6.770360e-01 2.608000e-03 3.203560e-01
302 6.765360e-01 2.608000e-03 3.208560e-01
303 6.761400e-01 2.512000e-03 3.213480e-01
304 6.757480e-01 2.448000e-03 3.218040e-01
305 6.754240e-01 2.280000e-03 3.222960e-01
306 6.751280e-01 2.176000e-03 3.226960e-01
307 6.748120e-01 2.124000e-03 3.230640e-01
308 6.745240e-01 2.096000e-03 3.233800e-01
309 6.741280e-01 2.152000e-03 3.237200e-01
310 6.738240e-01 2.116000e-03 3.240600e-01
311 6.734720e-01 2.172000e-03 3.243560e-01
312 6.731280e-01 2.128000e-03 3.247440e-01
313 6.727760e-01 2.104000e-03 3.251200e-01
314 6.724080e-01 2.084000e-03 3.255080e-01
315 6.721320e-01 2.000000e-03 3.258680e-01
316 6.717680e-01 2.004000e-03 3.262280e-01
317 6.714720e-01 1.928000e-03 3.266000e-01
318 6.711680e-01 1.976000e-03 3.268560e-01
319 6.708680e-01 1.896000e-03 3.272360e-01
320 6.705640e-01 1.848000e-03 3.275880e-01
321 6.703160e-01 1.748000e-03 3.279360e-01
322 6.700440e-01 1.756000e-03 3.282000e-01
323 6.697640e-01 1.736000e-03 3.285000e-01
324 6.694440e-01 1.756000e-03 3.288000e-01
325 6.691040e-01 1.748000e-03 3.291480e-01
326 6.687560e-01 1.800000e-03 3.294440e-01
327 6.684040e-01 1.780000e-03 3.298160e-01
328 6.681040e-01 1.796000e-03 3.301000e-01
329 6.678040e-01 1.736000e-03 3.304600e-01
330 6.675040e-01 1.724000e-03 3.307720e-01
331 6.672240e-01 1.724000e-03 3.310520e-01
332 6.669600e-01 1.688000e-03 3.313520e-01
333 6.666520e-01 1.676000e-03 3.316720e-01
334 6.663440e-01 1.724000e-03 3.319320e-01
335 6.660520e-01 1.724000e-03 3.322240e-01
336 6.656880e-01 1.820000e-03 3.324920e-01
337 6.653480e-01 1.852000e-03 3.328000e-01
338 6.650360e-01 1.840000e-03 3.331240e-01
339 6.646400e-01 1.892000e-03 3.334680e-01
340 6.642480e-01 2.032000e-03 3.337200e-01
341 6.638280e-01 2.068000e-03 3.341040e-01
342 6.635120e-01 2.040000e-03 3.344480e-01
343 6.631320e-01 2.060000e-03 3.348080e-01
344 6.627880e-01 2.068000e-03 3.351440e-01
345 6.624320e-01 2.064000e-03 3.355040e-01
346 6.620760e-01 2.100000e-03 3.358240e-01
347 6.617640e-01 2.088000e-03 3.361480e-01
348 6.613920e-01 2.088000e-03 3.365200e-01
349 6.610320e-01 2.132000e-03 3.368360e-01
350 6.606240e-01 2.184000e-03 3.371920e-01
351 6.603120e-01 2.060000e-03 3.376280e-01
352 6.599280e-01 2.052000e-03 3.380200e-01
353 6.596160e-01 2.016000e-03 3.383680e-01
354 6.592760e-01 2.032000e-03 3.386920e-01
355 6.589920e-01 1.956000e-03 3.390520e-01
356 6.586600e-01 1.944000e-03 3.393960e-01
357 6.583800e-01 1.920000e-03 3.397000e-01
358 6.581240e-01 1.820000e-03 3.400560e-01
359 6.578840e-01 1.752000e-03 3.403640e-01
360 6.576840e-01 1.640000e-03 3.406760e-01
361 6.574440e-01 1.640000e-03 3.409160e-01
362 6.571680e-01 1.564000e-03 3.412680e-01
363 6.569480e-01 1.504000e-03 3.415480e-01
364 6.566760e-01 1.484000e-03 3.418400e-01
365 6.564040e-01 1.456000e-03 3.421400e-01
366 6.561560e-01 1.496000e-03 3.423480e-01
367 6.559520e-01 1.440000e-03 3.426080e-01
368 6.557480e-01 1.372000e-03 3.428800e-01
369 6.554760e-01 1.408000e-03 3.431160e-01
370 6.551880e-01 1.432000e-03 3.433800e-01
371 6.548880e-01 1.480000e-03 3.436320e-01
372 6.545720e-01 1.584000e-03 3.438440e-01
373 6.542440e-01 1.628000e-03 3.441280e-01
374 6.539600e-01 1.600000e-03 3.444400e-01
375 6.537400e-01 1.564000e-03 3.446960e-01
376 6.534800e-01 1.552000e-03 3.449680e-01
377 6.532760e-01 1.496000e-03 3.452280e-01
378 6.530800e-01 1.456000e-03 3.454640e-01
379 6.529120e-01 1.388000e-03 3.457000e-01
380 6.527280e-01 1.312000e-03 3.459600e-01
381 6.524680e-01 1.388000e-03 3.461440e-01
382 6.523200e-01 1.280000e-03 3.464000e-01
383 6.521600e-01 1.196000e-03 3.466440e-01
384 6.520600e-01 1.116000e-03 3.468240e-01
385 6.518920e-01 1.060000e-03 3.470480e-01
386 6.517320e-01 9.880000e-04 3.472800e-01
387 6.515960e-01 9.840000e-04 3.474200e-01
388 6.514520e-01 9.880000e-04 3.475600e-01
389 6.512880e-01 9.920000e-04 3.477200e-01
390 6.511080e-01 9.960000e-04 3.478960e-01
391 6.509880e-01 9.240000e-04 3.480880e-01
392 6.508120e-01 9.200000e-04 3.482680e-01
393 6.506400e-01 9.560000e-04 3.484040e-01
394 6.505240e-01 9.120000e-04 3.485640e-01
395 6.503800e-01 8.880000e-04 3.487320e-01
396 6.502640e-01 8.320000e-04 3.489040e-01
397 6.501360e-01 8.160000e-04 3.490480e-01
398 6.500160e-01 7.800000e-04 3.492040e-01
399 6.499120e-01 7.920000e-04 3.492960e-01
400 6.498080e-01 7.560000e-04 3.494360e-01
401 6.496720e-01 7.200000e-04 3.496080e-01
402 6.495560e-01 7.000000e-04 3.497440e-01
403 6.494360e-01 6.640000e-04 3.499000e-01
404 6.493520e-01 6.320000e-04 3.500160e-01
405 6.492840e-01 5.880000e-04 3.501280e-01
406 6.492040e-01 5.880000e-04 3.502080e-01
407 6.491200e-01 6.080000e-04 3.502720e-01
408 6.490760e-01 5.360000e-04 3.503880e-01
409 6.490240e-01 4.960000e-04 3.504800e-01
410 6.489920e-01 4.320000e-04 3.505760e-01
411 6.489400e-01 4.160000e-04 3.506440e-01
412 6.488640e-01 4.360000e-04 3.507000e-01
413 6.488040e-01 4.400000e-04 3.507560e-01
414 6.487480e-01 4.360000e-04 3.508160e-01
415 6.487160e-01 4.080000e-04 3.508760e-01
416 6.486400e-01 4.440000e-04 3.509160e-01
417 6.485560e-01 4.480000e-04 3.509960e-01
418 6.484480e-01 4.640000e-04 3.510880e-01
419 6.483840e-01 4.400000e-04 3.511760e-01
420 6.483360e-01 4.320000e-04 3.512320e-01
421 6.482840e-01 3.960000e-04 3.513200e-01
422 6.482400e-01 3.800000e-04 3.513800e-01
423 6.481240e-01 4.320000e-04 3.514440e-01
424 6.480640e-01 4.320000e-04 3.515040e-01
425 6.479760e-01 4.480000e-04 3.515760e-01
426 6.479000e-01 4.400000e-04 3.516600e-01
427 6.478120e-01 4.560000e-04 3.517320e-01
428 6.477400e-01 4.280000e-04 3.518320e-01
429 6.476760e-01 4.240000e-04 3.519000e-01
430 6.476320e-01 3.720000e-04 3.519960e-01
431 6.475520e-01 3.880000e-04 3.520600e-01
432 6.474560e-01 4.080000e-04 3.521360e-01
433 6.473560e-01 4.360000e-04 3.522080e-01
434 6.472400e-01 4.640000e-04 3.522960e-01
435 6.471480e-01 4.360000e-04 3.524160e-01
436 6.470600e-01 4.480000e-04 3.524920e-01
437 6.470080e-01 4.120000e-04 3.525800e-01
438 6.469520e-01 4.040000e-04 3.526440e-01
439 6.468800e-01 4.200000e-04 3.527000e-01
440 6.467880e-01 4.400000e-04 3.527720e-01
441 6.467400e-01 4.480000e-04 3.528120e-01
442 6.466640e-01 4.360000e-04 3.529000e-01
443 6.466080e-01 4.280000e-04 3.529640e-01
444 6.465360e-01 4.080000e-04 3.530560e-01
445 6.464560e-01 4.120000e-04 3.531320e-01
446 6.464160e-01 3.680000e-04 3.532160e-01
447 6.463680e-01 3.480000e-04 3.532840e-01
448 6.463240e-01 3.600000e-04 3.533160e-01
449 6.462560e-01 3.560000e-04 3.533880e-01
450 6.461960e-01 3.600000e-04 3.534440e-01
451 6.461360e-01 3.600000e-04 3.535040e-01
452 6.460880e-01 3.400000e-04 3.535720e-01
453 6.460120e-01 3.440000e-04 3.536440e-01
454 6.459560e-01 3.120000e-04 3.537320e-01
455 6.459240e-01 2.960000e-04 3.537800e-01
456 6.458720e-01 2.840000e-04 3.538440e-01
457 6.458160e-01 2.720000e-04 3.539120e-01
458 6.457680e-01 2.720000e-04 3.539600e-01
459 6.457200e-01 2.960000e-04 3.539840e-01
460 6.456680e-01 3.000000e-04 3.540320e-01
461 6.456200e-01 3.080000e-04 3.540720e-01
462 6.455920e-01 2.800000e-04 3.541280e-01
463 6.455760e-01 2.320000e-04 3.541920e-01
464 6.455120e-01 2.320000e-04 3.542560e-01
465 6.454600e-01 2.640000e-04 3.542760e-01
466 6.454320e-01 2.520000e-04 3.543160e-01
467 6.453880e-01 2.520000e-04 3.543600e-01
468 6.453520e-01 2.440000e-04 3.544040e-01
469 6.453120e-01 2.320000e-04 3.544560e-01
470 6.452840e-01 2.120000e-04 3.545040e-01
471 6.452640e-01 1.960000e-04 3.545400e-01
472 6.452360e-01 1.760000e-04 3.545880e-01
473 6.452000e-01 1.800000e-04 3.546200e-01
474 6.451520e-01 1.800000e-04 3.546680e-01
475 6.451240e-01 1.520000e-04 3.547240e-01
476 6.450760e-01 1.720000e-04 3.547520e-01
477 6.450280e-01 2.040000e-04 3.547680e-01
478 6.450040e-01 1.880000e-04 3.548080e-01
479 6.449520e-01 1.960000e-04 3.548520e-01
480 6.449120e-01 2.080000e-04 3.548800e-01
481 6.448880e-01 2.000000e-04 3.549120e-01
482 6.448760e-01 1.880000e-04 3.549360e-01
483 6.448400e-01 1.920000e-04 3.549680e-01
484 6.448080e-01 1.960000e-04 3.549960e-01
485 6.447840e-01 1.840000e-04 3.550320e-01
486 6.447520e-01 1.840000e-04 3.550640e-01
487 6.447200e-01 1.880000e-04 3.550920e-01
488 6.446640e-01 2.160000e-04 3.551200e-01
489 6.446000e-01 2.480000e-04 3.551520e-01
490 6.445080e-01 2.960000e-04 3.551960e-01
491 6.444400e-01 2.920000e-04 3.552680e-01
492 6.443760e-01 3.200000e-04 3.553040e-01
493 6.443120e-01 3.520000e-04 3.553360e-01
494 6.442480e-01 3.680000e-04 3.553840e-01
495 6.441480e-01 3.920000e-04 3.554600e-01
496 6.441040e-01 3.840000e-04 3.555120e-01
497 6.440280e-01 4.040000e-04 3.555680e-01
498 6.439480e-01 4.280000e-04 3.556240e-01
499 6.438600e-01 4.560000e-04 3.556840e-01
500 6.437840e-01 4.680000e-04 3.557480e-01
