1 9.990760e-01 8.400000e-04 8.400000e-05
2 9.985200e-01 1.228000e-03 2.520000e-04
3 9.979160e-01 1.572000e-03 5.120000e-04
4 9.971920e-01 1.972000e-03 8.360000e-04
5 9.963880e-01 2.412000e-03 1.200000e-03
6 9.955080e-01 2.796000e-03 1.696000e-03
7 9.944480e-01 3.320000e-03 2.232000e-03
8 9.934720e-01 3.700000e-03 2.828000e-03
9 9.924040e-01 4.076000e-03 3.520000e-03
10 9.912240e-01 4.564000e-03 4.212000e-03
11 9.901200e-01 4.860000e-03 5.020000e-03
12 9.889240e-01 5.220000e-03 5.856000e-03
13 9.876480e-01 5.536000e-03 6.816000e-03
14 9.863880e-01 5.844000e-03 7.768000e-03
15 9.851800e-01 5.936000e-03 8.884000e-03
16 9.839720e-01 5.976000e-03 1.005200e-02
17 9.826320e-01 6.248000e-03 1.112000e-02
18 9.812560e-01 6.556000e-03 1.218800e-02
19 9.798240e-01 6.784000e-03 1.339200e-02
20 9.783840e-01 7.088000e-03 1.452800e-02
21 9.768320e-01 7.440000e-03 1.572800e-02
22 9.754800e-01 7.376000e-03 1.714400e-02
23 9.740680e-01 7.404000e-03 1.852800e-02
24 9.726640e-01 7.500000e-03 1.983600e-02
25 9.712800e-01 7.516000e-03 2.120400e-02
26 9.699120e-01 7.428000e-03 2.266000e-02
27 9.684720e-01 7.488000e-03 2.404000e-02
28 9.668720e-01 7.892000e-03 2.523600e-02
29 9.654160e-01 7.924000e-03 2.666000e-02
30 9.638280e-01 8.188000e-03 2.798400e-02
31 9.623920e-01 8.184000e-03 2.942400e-02
32 9.608600e-01 8.248000e-03 3.089200e-02
33 9.594120e-01 8.140000e-03 3.244800e-02
34 9.581360e-01 8.068000e-03 3.379600e-02
35 9.567040e-01 8.172000e-03 3.512400e-02
36 9.552040e-01 8.292000e-03 3.650400e-02
37 9.536920e-01 8.356000e-03 3.795200e-02
38 9.520440e-01 8.520000e-03 3.943600e-02
39 9.503600e-01 8.764000e-03 4.087600e-02
40 9.486080e-01 8.712000e-03 4.268000e-02
41 9.468760e-01 8.872000e-03 4.425200e-02
42 9.452680e-01 8.960000e-03 4.577200e-02
43 9.435560e-01 9.056000e-03 4.738800e-02
44 9.420520e-01 8.936000e-03 4.901200e-02
45 9.404960e-01 8.880000e-03 5.062400e-02
46 9.388640e-01 9.080000e-03 5.205600e-02
47 9.371000e-01 9.304000e-03 5.359600e-02
48 9.352760e-01 9.568000e-03 5.515600e-02
49 9.335960e-01 9.568000e-03 5.683600e-02
50 9.319400e-01 9.520000e-03 5.854000e-02
51 9.302480e-01 9.600000e-03 6.015200e-02
52 9.284800e-01 9.724000e-03 6.179600e-02
53 9.265800e-01 9.896000e-03 6.352400e-02
54 9.248800e-01 9.728000e-03 6.539200e-02
55 9.230520e-01 9.812000e-03 6.713600e-02
56 9.214440e-01 9.628000e-03 6.892800e-02
57 9.196920e-01 9.732000e-03 7.057600e-02
58 9.180360e-01 9.852000e-03 7.211200e-02
59 9.162680e-01 9.896000e-03 7.383600e-02
60 9.145480e-01 9.868000e-03 7.558400e-02
61 9.128000e-01 9.952000e-03 7.724800e-02
62 9.109880e-01 9.992000e-03 7.902000e-02
63 9.092640e-01 9.876000e-03 8.086000e-02
64 9.076160e-01 9.748000e-03 8.263600e-02
65 9.058360e-01 1.002800e-02 8.413600e-02
66 9.039440e-01 1.014400e-02 8.591200e-02
67 9.020280e-01 1.028400e-02 8.768800e-02
68 9.002280e-01 1.024000e-02 8.953200e-02
69 8.982760e-01 1.031600e-02 9.140800e-02
70 8.964880e-01 1.029600e-02 9.321600e-02
71 8.944760e-01 1.050400e-02 9.502000e-02
72 8.927400e-01 1.032400e-02 9.693600e-02
73 8.909160e-01 1.012400e-02 9.896000e-02
74 8.890800e-01 1.020800e-02 1.007120e-01
75 8.873200e-01 1.024000e-02 1.024400e-01
76 8.855120e-01 1.024000e-02 1.042480e-01
77 8.837080e-01 1.037200e-02 1.059200e-01
78 8.818960e-01 1.033600e-02 1.077680e-01
79 8.802960e-01 1.017600e-02 1.095280e-01
80 8.785960e-01 9.964000e-03 1.114400e-01
81 8.768160e-01 1.009600e-02 1.130880e-01
82 8.751760e-01 9.892000e-03 1.149320e-01
83 8.733960e-01 1.002800e-02 1.165760e-01
84 8.716160e-01 1.010800e-02 1.182760e-01
85 8.699800e-01 9.980000e-03 1.200400e-01
86 8.681680e-01 1.001200e-02 1.218200e-01
87 8.664760e-01 1.006000e-02 1.234640e-01
88 8.647840e-01 1.006400e-02 1.251520e-01
89 8.630760e-01 1.006800e-02 1.268560e-01
90 8.613920e-01 9.928000e-03 1.286800e-01
91 8.595280e-01 1.012400e-02 1.303480e-01
92 8.578400e-01 1.004400e-02 1.321160e-01
93 8.560880e-01 9.956000e-03 1.339560e-01
94 8.544000e-01 9.932000e-03 1.356680e-01
95 8.526760e-01 9.980000e-03 1.373440e-01
96 8.508280e-01 1.000400e-02 1.391680e-01
97 8.490760e-01 9.980000e-03 1.409440e-01
98 8.473280e-01 9.880000e-03 1.427920e-01
99 8.455360e-01 1.002000e-02 1.444440e-01
100 8.440000e-01 9.844000e-03 1.461560e-01
101 8.421720e-01 9.992000e-03 1.478360e-01
102 8.404440e-01 1.000800e-02 1.495480e-01
103 8.386320e-01 1.008000e-02 1.512880e-01
104 8.368040e-01 1.013200e-02 1.530640e-01
105 8.351480e-01 9.920000e-03 1.549320e-01
106 8.333480e-01 9.996000e-03 1.566560e-01
107 8.317760e-01 9.924000e-03 1.583000e-01
108 8.299280e-01 1.000000e-02 1.600720e-01
109 8.282440e-01 9.952000e-03 1.618040e-01
110 8.263720e-01 1.013600e-02 1.634920e-01
111 8.246640e-01 1.003600e-02 1.653000e-01
112 8.230200e-01 9.880000e-03 1.671000e-01
113 8.214360e-01 9.812000e-03 1.687520e-01
114 8.196440e-01 9.836000e-03 1.705200e-01
115 8.179480e-01 9.756000e-03 1.722960e-01
116 8.164320e-01 9.588000e-03 1.739800e-01
117 8.148400e-01 9.596000e-03 1.755640e-01
118 8.132320e-01 9.488000e-03 1.772800e-01
119 8.114720e-01 9.624000e-03 1.789040e-01
120 8.098920e-01 9.556000e-03 1.805520e-01
121 8.083160e-01 9.336000e-03 1.823480e-01
122 8.068840e-01 9.356000e-03 1.837600e-01
123 8.053880e-01 9.252000e-03 1.853600e-01
124 8.037000e-01 9.296000e-03 1.870040e-01
125 8.019800e-01 9.408000e-03 1.886120e-01
126 8.002280e-01 9.524000e-03 1.902480e-01
127 7.986000e-01 9.604000e-03 1.917960e-01
128 7.968920e-01 9.628000e-03 1.934800e-01
129 7.953600e-01 9.312000e-03 1.953280e-01
130 7.937080e-01 9.408000e-03 1.968840e-01
131 7.921240e-01 9.388000e-03 1.984880e-01
132 7.904400e-01 9.424000e-03 2.001360e-01
133 7.888080e-01 9.344000e-03 2.018480e-01
134 7.871880e-01 9.476000e-03 2.033360e-01
135 7.857200e-01 9.324000e-03 2.049560e-01
136 7.841120e-01 9.236000e-03 2.066520e-01
137 7.825800e-01 9.072000e-03 2.083480e-01
138 7.810520e-01 9.028000e-03 2.099200e-01
139 7.795160e-01 8.952000e-03 2.115320e-01
140 7.778960e-01 9.092000e-03 2.130120e-01
141 7.763120e-01 9.008000e-03 2.146800e-01
142 7.749040e-01 8.876000e-03 2.162200e-01
143 7.734640e-01 8.736000e-03 2.178000e-01
144 7.721000e-01 8.588000e-03 2.193120e-01
145 7.707920e-01 8.376000e-03 2.208320e-01
146 7.694560e-01 8.172000e-03 2.223720e-01
147 7.681600e-01 8.032000e-03 2.238080e-01
148 7.668000e-01 7.912000e-03 2.252880e-01
149 7.654720e-01 7.976000e-03 2.265520e-01
150 7.640640e-01 7.852000e-03 2.280840e-01
151 7.628640e-01 7.688000e-03 2.294480e-01
152 7.615120e-01 7.700000e-03 2.307880e-01
153 7.602720e-01 7.508000e-03 2.322200e-01
154 7.590120e-01 7.524000e-03 2.334640e-01
155 7.577720e-01 7.428000e-03 2.348000e-01
156 7.565680e-01 7.416000e-03 2.360160e-01
157 7.553280e-01 7.404000e-03 2.372680e-01
158 7.540440e-01 7.500000e-03 2.384560e-01
159 7.529000e-01 7.444000e-03 2.396560e-01
160 7.516760e-01 7.396000e-03 2.409280e-01
161 7.504120e-01 7.400000e-03 2.421880e-01
162 7.490560e-01 7.436000e-03 2.435080e-01
163 7.476320e-01 7.620000e-03 2.447480e-01
164 7.464760e-01 7.476000e-03 2.460480e-01
165 7.452440e-01 7.412000e-03 2.473440e-01
166 7.438880e-01 7.412000e-03 2.487000e-01
167 7.425880e-01 7.392000e-03 2.500200e-01
168 7.413240e-01 7.368000e-03 2.513080e-01
169 7.399800e-01 7.528000e-03 2.524920e-01
170 7.386040e-01 7.564000e-03 2.538320e-01
171 7.372160e-01 7.616000e-03 2.551680e-01
172 7.358920e-01 7.588000e-03 2.565200e-01
173 7.345240e-01 7.564000e-03 2.579120e-01
174 7.332400e-01 7.440000e-03 2.593200e-01
175 7.319640e-01 7.236000e-03 2.608000e-01
176 7.306600e-01 7.328000e-03 2.620120e-01
177 7.294920e-01 7.228000e-03 2.632800e-01
178 7.283160e-01 7.232000e-03 2.644520e-01
179 7.270840e-01 7.104000e-03 2.658120e-01
180 7.259800e-01 6.972000e-03 2.670480e-01
181 7.248920e-01 6.868000e-03 2.682400e-01
182 7.237800e-01 6.904000e-03 2.693160e-01
183 7.225640e-01 6.876000e-03 2.705600e-01
184 7.215360e-01 6.664000e-03 2.718000e-01
185 7.204480e-01 6.624000e-03 2.729280e-01
186 7.193800e-01 6.492000e-03 2.741280e-01
187 7.183880e-01 6.392000e-03 2.752200e-01
188 7.173160e-01 6.324000e-03 2.763600e-01
189 7.161440e-01 6.332000e-03 2.775240e-01
190 7.151360e-01 6.240000e-03 2.786240e-01
191 7.141680e-01 6.160000e-03 2.796720e-01
192 7.129440e-01 6.308000e-03 2.807480e-01
193 7.119440e-01 6.192000e-03 2.818640e-01
194 7.109240e-01 6.168000e-03 2.829080e-01
195 7.100120e-01 5.976000e-03 2.840120e-01
196 7.090360e-01 5.920000e-03 2.850440e-01
197 7.080000e-01 5.820000e-03 2.861800e-01
198 7.071280e-01 5.712000e-03 2.871600e-01
199 7.063280e-01 5.548000e-03 2.881240e-01
200 7.053480e-01 5.540000e-03 2.891120e-01
201 7.042560e-01 5.592000e-03 2.901520e-01
202 7.032400e-01 5.660000e-03 2.911000e-01
203 7.022440e-01 5.592000e-03 2.921640e-01
204 7.012400e-01 5.696000e-03 2.930640e-01
205 7.000720e-01 5.860000e-03 2.940680e-01
206 6.990240e-01 5.864000e-03 2.951120e-01
207 6.977920e-01 6.020000e-03 2.961880e-01
208 6.966320e-01 6.240000e-03 2.971280e-01
209 6.954680e-01 6.412000e-03 2.981200e-01
210 6.944320e-01 6.432000e-03 2.991360e-01
211 6.933600e-01 6.408000e-03 3.002320e-01
212 6.922520e-01 6.384000e-03 3.013640e-01
213 6.912480e-01 6.224000e-03 3.025280e-01
214 6.902640e-01 6.236000e-03 3.035000e-01
215 6.891800e-01 6.232000e-03 3.045880e-01
216 6.880800e-01 6.168000e-03 3.057520e-01
217 6.870080e-01 6.096000e-03 3.068960e-01
218 6.859480e-01 6.156000e-03 3.078960e-01
219 6.849360e-01 6.152000e-03 3.089120e-01
220 6.840600e-01 5.960000e-03 3.099800e-01
221 6.830560e-01 5.844000e-03 3.111000e-01
222 6.822680e-01 5.664000e-03 3.120680e-01
223 6.813600e-01 5.588000e-03 3.130520e-01
224 6.804360e-01 5.560000e-03 3.140040e-01
225 6.794680e-01 5.520000e-03 3.150120e-01
226 6.784920e-01 5.564000e-03 3.159440e-01
227 6.775280e-01 5.592000e-03 3.168800e-01
228 6.765560e-01 5.620000e-03 3.178240e-01
229 6.755360e-01 5.720000e-03 3.187440e-01
230 6.745960e-01 5.580000e-03 3.198240e-01
231 6.736520e-01 5.560000e-03 3.207880e-01
232 6.727240e-01 5.536000e-03 3.217400e-01
233 6.716760e-01 5.600000e-03 3.227240e-01
234 6.705880e-01 5.688000e-03 3.237240e-01
235 6.696360e-01 5.588000e-03 3.247760e-01
236 6.686360e-01 5.628000e-03 3.257360e-01
237 6.678080e-01 5.496000e-03 3.266960e-01
238 6.669440e-01 5.380000e-03 3.276760e-01
239 6.660520e-01 5.344000e-03 3.286040e-01
240 6.651680e-01 5.220000e-03 3.296120e-01
241 6.643360e-01 5.164000e-03 3.305000e-01
242 6.634320e-01 5.172000e-03 3.313960e-01
243 6.625560e-01 5.232000e-03 3.322120e-01
244 6.616920e-01 5.128000e-03 3.331800e-01
245 6.608800e-01 5.040000e-03 3.340800e-01
246 6.600880e-01 5.024000e-03 3.348880e-01
247 6.593160e-01 4.988000e-03 3.356960e-01
248 6.586040e-01 4.800000e-03 3.365960e-01
249 6.578400e-01 4.756000e-03 3.374040e-01
250 6.570560e-01 4.740000e-03 3.382040e-01
251 6.562680e-01 4.788000e-03 3.389440e-01
252 6.554560e-01 4.828000e-03 3.397160e-01
253 6.545480e-01 4.892000e-03 3.405600e-01
254 6.537440e-01 4.824000e-03 3.414320e-01
255 6.529160e-01 4.736000e-03 3.423480e-01
256 6.521120e-01 4.624000e-03 3.432640e-01
257 6.512440e-01 4.688000e-03 3.440680e-01
258 6.503400e-01 4.900000e-03 3.447600e-01
259 6.494560e-01 4.896000e-03 3.456480e-01
260 6.486600e-01 4.840000e-03 3.465000e-01
261 6.478400e-01 4.728000e-03 3.474320e-01
262 6.470400e-01 4.752000e-03 3.482080e-01
263 6.462560e-01 4.688000e-03 3.490560e-01
264 6.455400e-01 4.652000e-03 3.498080e-01
265 6.448840e-01 4.556000e-03 3.505600e-01
266 6.441080e-01 4.552000e-03 3.513400e-01
267 6.433520e-01 4.612000e-03 3.520360e-01
268 6.426080e-01 4.600000e-03 3.527920e-01
269 6.418920e-01 4.468000e-03 3.536400e-01
270 6.411920e-01 4.352000e-03 3.544560e-01
271 6.405160e-01 4.204000e-03 3.552800e-01
272 6.398600e-01 4.088000e-03 3.560520e-01
273 6.392720e-01 3.976000e-03 3.567520e-01
274 6.386120e-01 3.932000e-03 3.574560e-01
275 6.379520e-01 3.912000e-03 3.581360e-01
276 6.373680e-01 3.836000e-03 3.587960e-01
277 6.367320e-01 3.852000e-03 3.594160e-01
278 6.361240e-01 3.804000e-03 3.600720e-01
279 6.355160e-01 3.768000e-03 3.607160e-01
280 6.349160e-01 3.784000e-03 3.613000e-01
281 6.343680e-01 3.684000e-03 3.619480e-01
282 6.338200e-01 3.612000e-03 3.625680e-01
283 6.333120e-01 3.412000e-03 3.632760e-01
284 6.326880e-01 3.460000e-03 3.638520e-01
285 6.322040e-01 3.400000e-03 3.643960e-01
286 6.317200e-01 3.320000e-03 3.649600e-01
287 6.312640e-01 3.156000e-03 3.655800e-01
288 6.307000e-01 3.148000e-03 3.661520e-01
289 6.302680e-01 3.080000e-03 3.666520e-01
290 6.297440e-01 3.004000e-03 3.672520e-01
291 6.291560e-01 3.084000e-03 3.677600e-01
292 6.285720e-01 3.104000e-03 3.683240e-01
293 6.280480e-01 3.056000e-03 3.688960e-01
294 6.275320e-01 3.084000e-03 3.693840e-01
295 6.269640e-01 3.176000e-03 3.698600e-01
296 6.264040e-01 3.192000e-03 3.704040e-01
297 6.257320e-01 3.296000e-03 3.709720e-01
298 6.251520e-01 3.276000e-03 3.715720e-01
299 6.245640e-01 3.312000e-03 3.721240e-01
300 6.240600e-01 3.276000e-03 3.726640e-01
301 6.234080e-01 3.308000e-03 3.732840e-01
302 6.228280e-01 3.336000e-03 3.738360e-01
303 6.222680e-01 3.272000e-03 3.744600e-01
304 6.217480e-01 3.156000e-03 3.750960e-01
305 6.212960e-01 3.152000e-03 3.755520e-01
306 6.208640e-01 3.052000e-03 3.760840e-01
307 6.202360e-01 3.088000e-03 3.766760e-01
308 6.198040e-01 2.948000e-03 3.772480e-01
309 6.193840e-01 2.844000e-03 3.777720e-01
310 6.189440e-01 2.816000e-03 3.782400e-01
311 6.185720e-01 2.660000e-03 3.787680e-01
312 6.181920e-01 2.616000e-03 3.791920e-01
313 6.178560e-01 2.460000e-03 3.796840e-01
314 6.174920e-01 2.336000e-03 3.801720e-01
315 6.170880e-01 2.372000e-03 3.805400e-01
316 6.166720e-01 2.352000e-03 3.809760e-01
317 6.163080e-01 2.312000e-03 3.813800e-01
318 6.159640e-01 2.348000e-03 3.816880e-01
319 6.156480e-01 2.212000e-03 3.821400e-01
320 6.153600e-01 2.088000e-03 3.825520e-01
321 6.149960e-01 2.060000e-03 3.829440e-01
322 6.146360e-01 2.092000e-03 3.832720e-01
323 6.143200e-01 2.016000e-03 3.836640e-01
324 6.139560e-01 2.012000e-03 3.840320e-01
325 6.136200e-01 1.948000e-03 3.844320e-01
326 6.133760e-01 1.864000e-03 3.847600e-01
327 6.130520e-01 1.848000e-03 3.851000e-01
328 6.127120e-01 1.796000e-03 3.854920e-01
329 6.124200e-01 1.836000e-03 3.857440e-01
330 6.120560e-01 1.900000e-03 3.860440e-01
331 6.116880e-01 1.908000e-03 3.864040e-01
332 6.113280e-01 1.940000e-03 3.867320e-01
333 6.109680e-01 1.944000e-03 3.870880e-01
334 6.106120e-01 1.904000e-03 3.874840e-01
335 6.101440e-01 2.016000e-03 3.878400e-01
336 6.097920e-01 2.028000e-03 3.881800e-01
337 6.094480e-01 2.008000e-03 3.885440e-01
338 6.091120e-01 1.944000e-03 3.889440e-01
339 6.087720e-01 1.960000e-03 3.892680e-01
340 6.084760e-01 1.904000e-03 3.896200e-01
341 6.081760e-01 1.916000e-03 3.899080e-01
342 6.078280e-01 1.976000e-03 3.901960e-01
343 6.075240e-01 1.952000e-03 3.905240e-01
344 6.072400e-01 1.884000e-03 3.908760e-01
345 6.069440e-01 1.888000e-03 3.911680e-01
346 6.065960e-01 1.828000e-03 3.915760e-01
347 6.062560e-01 1.828000e-03 3.919160e-01
348 6.059760e-01 1.752000e-03 3.922720e-01
349 6.055400e-01 1.860000e-03 3.926000e-01
350 6.052640e-01 1.788000e-03 3.929480e-01
351 6.049440e-01 1.752000e-03 3.933040e-01
352 6.047080e-01 1.668000e-03 3.936240e-01
353 6.043880e-01 1.700000e-03 3.939120e-01
354 6.041680e-01 1.648000e-03 3.941840e-01
355 6.039320e-01 1.592000e-03 3.944760e-01
356 6.036880e-01 1.584000e-03 3.947280e-01
357 6.034400e-01 1.568000e-03 3.949920e-01
358 6.031880e-01 1.532000e-03 3.952800e-01
359 6.029480e-01 1.488000e-03 3.955640e-01
360 6.026120e-01 1.592000e-03 3.957960e-01
361 6.023280e-01 1.628000e-03 3.960440e-01
362 6.020240e-01 1.648000e-03 3.963280e-01
363 6.017360e-01 1.632000e-03 3.966320e-01
364 6.015080e-01 1.580000e-03 3.969120e-01
365 6.012880e-01 1.488000e-03 3.972240e-01
366 6.010800e-01 1.476000e-03 3.974440e-01
367 6.008400e-01 1.504000e-03 3.976560e-01
368 6.006120e-01 1.472000e-03 3.979160e-01
369 6.003040e-01 1.556000e-03 3.981400e-01
370 6.000720e-01 1.456000e-03 3.984720e-01
371 5.998520e-01 1.388000e-03 3.987600e-01
372 5.996640e-01 1.316000e-03 3.990200e-01
373 5.995000e-01 1.256000e-03 3.992440e-01
374 5.992840e-01 1.268000e-03 3.994480e-01
375 5.990720e-01 1.268000e-03 3.996600e-01
376 5.987840e-01 1.356000e-03 3.998600e-01
377 5.985160e-01 1.388000e-03 4.000960e-01
378 5.982520e-01 1.384000e-03 4.003640e-01
379 5.979280e-01 1.408000e-03 4.006640e-01
380 5.976360e-01 1.476000e-03 4.008880e-01
381 5.972720e-01 1.508000e-03 4.012200e-01
382 5.969000e-01 1.640000e-03 4.014600e-01
383 5.965000e-01 1.748000e-03 4.017520e-01
384 5.961440e-01 1.796000e-03 4.020600e-01
385 5.957920e-01 1.812000e-03 4.023960e-01
386 5.954760e-01 1.820000e-03 4.027040e-01
387 5.951080e-01 1.908000e-03 4.029840e-01
388 5.947360e-01 1.944000e-03 4.033200e-01
389 5.944280e-01 1.956000e-03 4.036160e-01
390 5.941440e-01 1.924000e-03 4.039320e-01
391 5.938480e-01 1.856000e-03 4.042960e-01
392 5.935640e-01 1.780000e-03 4.046560e-01
393 5.932680e-01 1.768000e-03 4.049640e-01
394 5.930360e-01 1.740000e-03 4.052240e-01
395 5.928040e-01 1.700000e-03 4.054960e-01
396 5.925600e-01 1.640000e-03 4.058000e-01
397 5.923320e-01 1.580000e-03 4.060880e-01
398 5.920640e-01 1.588000e-03 4.063480e-01
399 5.918040e-01 1.600000e-03 4.065960e-01
400 5.915520e-01 1.596000e-03 4.068520e-01
401 5.912760e-01 1.568000e-03 4.071560e-01
402 5.909440e-01 1.648000e-03 4.074080e-01
403 5.906920e-01 1.564000e-03 4.077440e-01
404 5.904320e-01 1.560000e-03 4.080080e-01
405 5.901480e-01 1.576000e-03 4.082760e-01
406 5.898480e-01 1.596000e-03 4.085560e-01
407 5.896000e-01 1.576000e-03 4.088240e-01
408 5.892520e-01 1.652000e-03 4.090960e-01
409 5.890200e-01 1.572000e-03 4.094080e-01
410 5.887160e-01 1.572000e-03 4.097120e-01
411 5.884320e-01 1.616000e-03 4.099520e-01
412 5.881960e-01 1.580000e-03 4.102240e-01
413 5.879280e-01 1.652000e-03 4.104200e-01
414 5.877400e-01 1.556000e-03 4.107040e-01
415 5.874520e-01 1.552000e-03 4.109960e-01
416 5.871920e-01 1.524000e-03 4.112840e-01
417 5.869520e-01 1.512000e-03 4.115360e-01
418 5.866720e-01 1.568000e-03 4.117600e-01
419 5.864480e-01 1.524000e-03 4.120280e-01
420 5.861120e-01 1.532000e-03 4.123560e-01
421 5.858480e-01 1.536000e-03 4.126160e-01
422 5.855520e-01 1.592000e-03 4.128560e-01
423 5.852520e-01 1.544000e-03 4.132040e-01
424 5.849480e-01 1.600000e-03 4.134520e-01
425 5.846440e-01 1.668000e-03 4.136880e-01
426 5.843320e-01 1.616000e-03 4.140520e-01
427 5.840200e-01 1.656000e-03 4.143240e-01
428 5.837640e-01 1.592000e-03 4.146440e-01
429 5.835480e-01 1.540000e-03 4.149120e-01
430 5.832640e-01 1.548000e-03 4.151880e-01
431 5.830040e-01 1.580000e-03 4.154160e-01
432 5.827760e-01 1.520000e-03 4.157040e-01
433 5.825400e-01 1.512000e-03 4.159480e-01
434 5.822640e-01 1.548000e-03 4.161880e-01
435 5.820520e-01 1.524000e-03 4.164240e-01
436 5.818520e-01 1.444000e-03 4.167040e-01
437 5.815840e-01 1.428000e-03 4.169880e-01
438 5.813440e-01 1.380000e-03 4.172760e-01
439 5.810840e-01 1.336000e-03 4.175800e-01
440 5.808560e-01 1.332000e-03 4.178120e-01
441 5.806240e-01 1.284000e-03 4.180920e-01
442 5.803840e-01 1.296000e-03 4.183200e-01
443 5.801480e-01 1.280000e-03 4.185720e-01
444 5.799240e-01 1.284000e-03 4.187920e-01
445 5.797080e-01 1.332000e-03 4.189600e-01
446 5.794760e-01 1.352000e-03 4.191720e-01
447 5.792560e-01 1.400000e-03 4.193440e-01
448 5.790320e-01 1.372000e-03 4.195960e-01
449 5.788200e-01 1.340000e-03 4.198400e-01
450 5.786040e-01 1.324000e-03 4.200720e-01
451 5.783720e-01 1.348000e-03 4.202800e-01
452 5.781520e-01 1.360000e-03 4.204880e-01
453 5.779920e-01 1.268000e-03 4.207400e-01
454 5.777120e-01 1.344000e-03 4.209440e-01
455 5.774800e-01 1.388000e-03 4.211320e-01
456 5.772760e-01 1.360000e-03 4.213640e-01
457 5.770400e-01 1.364000e-03 4.215960e-01
458 5.768280e-01 1.320000e-03 4.218520e-01
459 5.766000e-01 1.332000e-03 4.220680e-01
460 5.763720e-01 1.328000e-03 4.223000e-01
461 5.762000e-01 1.276000e-03 4.225240e-01
462 5.759840e-01 1.268000e-03 4.227480e-01
463 5.757880e-01 1.224000e-03 4.229880e-01
464 5.756080e-01 1.160000e-03 4.232320e-01
465 5.754760e-01 1.116000e-03 4.234080e-01
466 5.753000e-01 1.096000e-03 4.236040e-01
467 5.751520e-01 1.040000e-03 4.238080e-01
468 5.750120e-01 9.640000e-04 4.240240e-01
469 5.748840e-01 9.400000e-04 4.241760e-01
470 5.747320e-01 9.280000e-04 4.243400e-01
471 5.746280e-01 8.600000e-04 4.245120e-01
472 5.744960e-01 8.760000e-04 4.246280e-01
473 5.743440e-01 8.640000e-04 4.247920e-01
474 5.742360e-01 8.480000e-04 4.249160e-01
475 5.741000e-01 8.800000e-04 4.250200e-01
476 5.739600e-01 8.880000e-04 4.251520e-01
477 5.738080e-01 9.000000e-04 4.252920e-01
478 5.736840e-01 8.760000e-04 4.254400e-01
479 5.735160e-01 8.920000e-04 4.255920e-01
480 5.734240e-01 8.080000e-04 4.257680e-01
481 5.732920e-01 7.720000e-04 4.259360e-01
482 5.731720e-01 7.680000e-04 4.260600e-01
483 5.730800e-01 7.040000e-04 4.262160e-01
484 5.730160e-01 6.440000e-04 4.263400e-01
485 5.729400e-01 5.600000e-04 4.265000e-01
486 5.727960e-01 6.240000e-04 4.265800e-01
487 5.726880e-01 6.200000e-04 4.266920e-01
488 5.726120e-01 5.800000e-04 4.268080e-01
489 5.725280e-01 5.440000e-04 4.269280e-01
490 5.724640e-01 4.880000e-04 4.270480e-01
491 5.723760e-01 4.760000e-04 4.271480e-01
492 5.723200e-01 4.240000e-04 4.272560e-01
493 5.722360e-01 4.400000e-04 4.273240e-01
494 5.721400e-01 4.520000e-04 4.274080e-01
495 5.720680e-01 4.040000e-04 4.275280e-01
496 5.719840e-01 4.120000e-04 4.276040e-01
497 5.719160e-01 4.080000e-04 4.276760e-01
498 5.718280e-01 4.360000e-04 4.277360e-01
499 5.717560e-01 4.320000e-04 4.278120e-01
500 5.716560e-01 4.480000e-04 4.278960e-01
