1 9.991560e-01 7.440000e-04 1.000000e-04
2 9.986000e-01 1.120000e-03 2.800000e-04
3 9.979720e-01 1.536000e-03 4.920000e-04
4 9.973200e-01 1.896000e-03 7.840000e-04
5 9.965840e-01 2.252000e-03 1.164000e-03
6 9.956960e-01 2.636000e-03 1.668000e-03
7 9.946800e-01 3.144000e-03 2.176000e-03
8 9.936080e-01 3.560000e-03 2.832000e-03
9 9.925560e-01 3.952000e-03 3.492000e-03
10 9.914280e-01 4.288000e-03 4.284000e-03
11 9.902760e-01 4.616000e-03 5.108000e-03
12 9.890320e-01 4.948000e-03 6.020000e-03
13 9.878920e-01 5.228000e-03 6.880000e-03
14 9.865080e-01 5.596000e-03 7.896000e-03
15 9.853680e-01 5.756000e-03 8.876000e-03
16 9.842280e-01 5.944000e-03 9.828000e-03
17 9.830680e-01 5.992000e-03 1.094000e-02
18 9.817240e-01 6.364000e-03 1.191200e-02
19 9.805200e-01 6.432000e-03 1.304800e-02
20 9.794160e-01 6.472000e-03 1.411200e-02
21 9.780360e-01 6.712000e-03 1.525200e-02
22 9.766600e-01 6.848000e-03 1.649200e-02
23 9.754080e-01 6.812000e-03 1.778000e-02
24 9.741280e-01 6.892000e-03 1.898000e-02
25 9.725960e-01 7.116000e-03 2.028800e-02
26 9.712200e-01 7.244000e-03 2.153600e-02
27 9.699920e-01 7.184000e-03 2.282400e-02
28 9.686480e-01 7.172000e-03 2.418000e-02
29 9.671840e-01 7.384000e-03 2.543200e-02
30 9.658040e-01 7.556000e-03 2.664000e-02
31 9.643200e-01 7.724000e-03 2.795600e-02
32 9.628440e-01 7.820000e-03 2.933600e-02
33 9.614160e-01 7.840000e-03 3.074400e-02
34 9.599040e-01 8.004000e-03 3.209200e-02
35 9.584760e-01 8.044000e-03 3.348000e-02
36 9.569560e-01 8.104000e-03 3.494000e-02
37 9.554160e-01 8.228000e-03 3.635600e-02
38 9.539280e-01 8.152000e-03 3.792000e-02
39 9.524320e-01 8.172000e-03 3.939600e-02
40 9.509200e-01 8.348000e-03 4.073200e-02
41 9.494320e-01 8.488000e-03 4.208000e-02
42 9.478560e-01 8.676000e-03 4.346800e-02
43 9.462400e-01 8.860000e-03 4.490000e-02
44 9.445840e-01 8.944000e-03 4.647200e-02
45 9.429280e-01 8.944000e-03 4.812800e-02
46 9.414080e-01 8.836000e-03 4.975600e-02
47 9.397360e-01 9.000000e-03 5.126400e-02
48 9.381480e-01 9.112000e-03 5.274000e-02
49 9.367080e-01 8.956000e-03 5.433600e-02
50 9.350240e-01 9.136000e-03 5.584000e-02
51 9.333640e-01 9.176000e-03 5.746000e-02
52 9.317200e-01 9.156000e-03 5.912400e-02
53 9.299480e-01 9.240000e-03 6.081200e-02
54 9.281800e-01 9.476000e-03 6.234400e-02
55 9.264840e-01 9.564000e-03 6.395200e-02
56 9.248280e-01 9.696000e-03 6.547600e-02
57 9.230480e-01 9.876000e-03 6.707600e-02
58 9.215800e-01 9.776000e-03 6.864400e-02
59 9.198120e-01 9.840000e-03 7.034800e-02
60 9.181960e-01 9.696000e-03 7.210800e-02
61 9.165240e-01 9.672000e-03 7.380400e-02
62 9.149000e-01 9.668000e-03 7.543200e-02
63 9.133480e-01 9.464000e-03 7.718800e-02
64 9.117400e-01 9.464000e-03 7.879600e-02
65 9.101560e-01 9.368000e-03 8.047600e-02
66 9.085560e-01 9.236000e-03 8.220800e-02
67 9.072200e-01 8.984000e-03 8.379600e-02
68 9.057320e-01 8.816000e-03 8.545200e-02
69 9.041440e-01 8.828000e-03 8.702800e-02
70 9.026360e-01 8.828000e-03 8.853600e-02
71 9.009880e-01 8.848000e-03 9.016400e-02
72 8.993720e-01 8.888000e-03 9.174000e-02
73 8.977480e-01 8.944000e-03 9.330800e-02
74 8.962040e-01 8.984000e-03 9.481200e-02
75 8.946640e-01 9.008000e-03 9.632800e-02
76 8.933040e-01 8.916000e-03 9.778000e-02
77 8.916880e-01 8.872000e-03 9.944000e-02
78 8.902440e-01 8.860000e-03 1.008960e-01
79 8.886880e-01 8.744000e-03 1.025680e-01
80 8.872040e-01 8.848000e-03 1.039480e-01
81 8.856040e-01 8.876000e-03 1.055200e-01
82 8.839360e-01 8.968000e-03 1.070960e-01
83 8.825560e-01 8.740000e-03 1.087040e-01
84 8.809680e-01 8.888000e-03 1.101440e-01
85 8.796000e-01 8.728000e-03 1.116720e-01
86 8.781400e-01 8.664000e-03 1.131960e-01
87 8.766400e-01 8.580000e-03 1.147800e-01
88 8.752680e-01 8.488000e-03 1.162440e-01
89 8.739800e-01 8.272000e-03 1.177480e-01
90 8.724600e-01 8.296000e-03 1.192440e-01
91 8.709480e-01 8.372000e-03 1.206800e-01
92 8.695080e-01 8.504000e-03 1.219880e-01
93 8.679840e-01 8.592000e-03 1.234240e-01
94 8.664560e-01 8.672000e-03 1.248720e-01
95 8.649440e-01 8.692000e-03 1.263640e-01
96 8.634000e-01 8.740000e-03 1.278600e-01
97 8.619680e-01 8.640000e-03 1.293920e-01
98 8.604680e-01 8.680000e-03 1.308520e-01
99 8.591840e-01 8.572000e-03 1.322440e-01
100 8.577480e-01 8.364000e-03 1.338880e-01
101 8.563440e-01 8.312000e-03 1.353440e-01
102 8.548400e-01 8.360000e-03 1.368000e-01
103 8.534440e-01 8.460000e-03 1.380960e-01
104 8.520440e-01 8.432000e-03 1.395240e-01
105 8.506960e-01 8.284000e-03 1.410200e-01
106 8.494400e-01 8.108000e-03 1.424520e-01
107 8.480920e-01 7.884000e-03 1.440240e-01
108 8.467880e-01 7.808000e-03 1.454040e-01
109 8.454040e-01 7.788000e-03 1.468080e-01
110 8.440280e-01 7.772000e-03 1.482000e-01
111 8.427440e-01 7.716000e-03 1.495400e-01
112 8.413480e-01 7.748000e-03 1.509040e-01
113 8.399200e-01 7.876000e-03 1.522040e-01
114 8.385480e-01 7.888000e-03 1.535640e-01
115 8.373600e-01 7.736000e-03 1.549040e-01
116 8.359240e-01 7.796000e-03 1.562800e-01
117 8.345640e-01 7.784000e-03 1.576520e-01
118 8.332560e-01 7.760000e-03 1.589840e-01
119 8.318200e-01 7.736000e-03 1.604440e-01
120 8.304440e-01 7.756000e-03 1.618000e-01
121 8.290560e-01 7.788000e-03 1.631560e-01
122 8.274320e-01 8.024000e-03 1.645440e-01
123 8.258880e-01 8.092000e-03 1.660200e-01
124 8.243960e-01 8.132000e-03 1.674720e-01
125 8.228760e-01 8.148000e-03 1.689760e-01
126 8.213800e-01 8.236000e-03 1.703840e-01
127 8.198760e-01 8.300000e-03 1.718240e-01
128 8.184480e-01 8.352000e-03 1.732000e-01
129 8.172000e-01 8.128000e-03 1.746720e-01
130 8.159480e-01 8.044000e-03 1.760080e-01
131 8.147240e-01 7.880000e-03 1.773960e-01
132 8.134400e-01 7.784000e-03 1.787760e-01
133 8.123080e-01 7.592000e-03 1.801000e-01
134 8.110000e-01 7.548000e-03 1.814520e-01
135 8.097800e-01 7.416000e-03 1.828040e-01
136 8.084560e-01 7.396000e-03 1.841480e-01
137 8.072240e-01 7.284000e-03 1.854920e-01
138 8.059200e-01 7.344000e-03 1.867360e-01
139 8.046240e-01 7.284000e-03 1.880920e-01
140 8.034240e-01 7.076000e-03 1.895000e-01
141 8.021640e-01 7.100000e-03 1.907360e-01
142 8.008720e-01 7.128000e-03 1.920000e-01
143 7.995440e-01 7.308000e-03 1.931480e-01
144 7.981720e-01 7.332000e-03 1.944960e-01
145 7.968520e-01 7.352000e-03 1.957960e-01
146 7.954120e-01 7.548000e-03 1.970400e-01
147 7.939360e-01 7.648000e-03 1.984160e-01
148 7.927440e-01 7.516000e-03 1.997400e-01
149 7.915400e-01 7.412000e-03 2.010480e-01
150 7.902840e-01 7.404000e-03 2.023120e-01
151 7.890280e-01 7.292000e-03 2.036800e-01
152 7.877920e-01 7.148000e-03 2.050600e-01
153 7.865360e-01 7.084000e-03 2.063800e-01
154 7.854200e-01 6.880000e-03 2.077000e-01
155 7.840240e-01 6.996000e-03 2.089800e-01
156 7.827720e-01 7.180000e-03 2.100480e-01
157 7.815800e-01 7.224000e-03 2.111960e-01
158 7.803360e-01 7.244000e-03 2.124200e-01
159 7.789960e-01 7.328000e-03 2.136760e-01
160 7.777080e-01 7.316000e-03 2.149760e-01
161 7.765200e-01 7.320000e-03 2.161600e-01
162 7.752120e-01 7.304000e-03 2.174840e-01
163 7.740680e-01 7.056000e-03 2.188760e-01
164 7.727200e-01 7.220000e-03 2.200600e-01
165 7.712920e-01 7.352000e-03 2.213560e-01
166 7.699560e-01 7.404000e-03 2.226400e-01
167 7.684600e-01 7.592000e-03 2.239480e-01
168 7.669920e-01 7.776000e-03 2.252320e-01
169 7.656000e-01 7.768000e-03 2.266320e-01
170 7.643120e-01 7.784000e-03 2.279040e-01
171 7.629600e-01 7.800000e-03 2.292400e-01
172 7.616600e-01 7.716000e-03 2.306240e-01
173 7.603240e-01 7.632000e-03 2.320440e-01
174 7.589760e-01 7.676000e-03 2.333480e-01
175 7.578320e-01 7.420000e-03 2.347480e-01
176 7.565920e-01 7.296000e-03 2.361120e-01
177 7.552440e-01 7.316000e-03 2.374400e-01
178 7.540840e-01 7.152000e-03 2.387640e-01
179 7.528000e-01 7.184000e-03 2.400160e-01
180 7.516040e-01 7.144000e-03 2.412520e-01
181 7.504800e-01 7.132000e-03 2.423880e-01
182 7.491520e-01 7.164000e-03 2.436840e-01
183 7.479920e-01 7.028000e-03 2.449800e-01
184 7.468360e-01 6.860000e-03 2.463040e-01
185 7.455600e-01 6.884000e-03 2.475560e-01
186 7.442160e-01 6.972000e-03 2.488120e-01
187 7.429920e-01 7.020000e-03 2.499880e-01
188 7.417480e-01 7.000000e-03 2.512520e-01
189 7.404720e-01 7.068000e-03 2.524600e-01
190 7.391320e-01 7.180000e-03 2.536880e-01
191 7.379440e-01 7.152000e-03 2.549040e-01
192 7.367040e-01 7.160000e-03 2.561360e-01
193 7.354480e-01 7.208000e-03 2.573440e-01
194 7.343600e-01 6.992000e-03 2.586480e-01
195 7.331800e-01 6.948000e-03 2.598720e-01
196 7.318880e-01 6.884000e-03 2.612280e-01
197 7.306520e-01 6.952000e-03 2.623960e-01
198 7.292400e-01 7.192000e-03 2.635680e-01
199 7.279520e-01 7.284000e-03 2.647640e-01
200 7.266680e-01 7.336000e-03 2.659960e-01
201 7.254840e-01 7.304000e-03 2.672120e-01
202 7.241280e-01 7.396000e-03 2.684760e-01
203 7.229080e-01 7.428000e-03 2.696640e-01
204 7.216520e-01 7.372000e-03 2.709760e-01
205 7.202480e-01 7.460000e-03 2.722920e-01
206 7.190600e-01 7.288000e-03 2.736520e-01
207 7.178200e-01 7.216000e-03 2.749640e-01
208 7.166760e-01 7.132000e-03 2.761920e-01
209 7.154880e-01 7.064000e-03 2.774480e-01
210 7.142920e-01 7.044000e-03 2.786640e-01
211 7.130240e-01 7.052000e-03 2.799240e-01
212 7.118760e-01 6.896000e-03 2.812280e-01
213 7.106520e-01 6.944000e-03 2.824040e-01
214 7.094160e-01 7.008000e-03 2.835760e-01
215 7.081400e-01 7.084000e-03 2.847760e-01
216 7.068120e-01 7.068000e-03 2.861200e-01
217 7.054240e-01 7.220000e-03 2.873560e-01
218 7.040960e-01 7.364000e-03 2.885400e-01
219 7.027480e-01 7.340000e-03 2.899120e-01
220 7.014720e-01 7.228000e-03 2.913000e-01
221 7.002600e-01 7.156000e-03 2.925840e-01
222 6.991240e-01 7.020000e-03 2.938560e-01
223 6.979920e-01 6.976000e-03 2.950320e-01
224 6.969120e-01 6.836000e-03 2.962520e-01
225 6.959320e-01 6.616000e-03 2.974520e-01
226 6.949600e-01 6.400000e-03 2.986400e-01
227 6.939040e-01 6.420000e-03 2.996760e-01
228 6.928640e-01 6.256000e-03 3.008800e-01
229 6.918720e-01 6.172000e-03 3.019560e-01
230 6.908160e-01 6.092000e-03 3.030920e-01
231 6.896840e-01 6.244000e-03 3.040720e-01
232 6.886320e-01 6.240000e-03 3.051280e-01
233 6.875720e-01 6.248000e-03 3.061800e-01
234 6.864480e-01 6.252000e-03 3.073000e-01
235 6.852520e-01 6.384000e-03 3.083640e-01
236 6.840720e-01 6.444000e-03 3.094840e-01
237 6.829840e-01 6.360000e-03 3.106560e-01
238 6.818640e-01 6.400000e-03 3.117360e-01
239 6.808000e-01 6.364000e-03 3.128360e-01
240 6.798720e-01 6.368000e-03 3.137600e-01
241 6.788520e-01 6.328000e-03 3.148200e-01
242 6.778720e-01 6.096000e-03 3.160320e-01
243 6.768000e-01 6.196000e-03 3.170040e-01
244 6.757800e-01 6.212000e-03 3.180080e-01
245 6.747520e-01 6.132000e-03 3.191160e-01
246 6.737600e-01 6.128000e-03 3.201120e-01
247 6.727640e-01 6.100000e-03 3.211360e-01
248 6.716720e-01 6.160000e-03 3.221680e-01
249 6.706760e-01 5.976000e-03 3.233480e-01
250 6.697480e-01 5.872000e-03 3.243800e-01
251 6.688000e-01 5.832000e-03 3.253680e-01
252 6.677960e-01 5.860000e-03 3.263440e-01
253 6.666800e-01 5.928000e-03 3.273920e-01
254 6.656080e-01 5.924000e-03 3.284680e-01
255 6.645800e-01 5.932000e-03 3.294880e-01
256 6.636400e-01 5.892000e-03 3.304680e-01
257 6.626120e-01 5.884000e-03 3.315040e-01
258 6.617680e-01 5.748000e-03 3.324840e-01
259 6.607960e-01 5.672000e-03 3.335320e-01
260 6.597960e-01 5.656000e-03 3.345480e-01
261 6.588040e-01 5.580000e-03 3.356160e-01
262 6.578240e-01 5.600000e-03 3.365760e-01
263 6.569360e-01 5.508000e-03 3.375560e-01
264 6.559880e-01 5.444000e-03 3.385680e-01
265 6.549800e-01 5.484000e-03 3.395360e-01
266 6.540400e-01 5.548000e-03 3.404120e-01
267 6.531200e-01 5.480000e-03 3.414000e-01
268 6.521760e-01 5.464000e-03 3.423600e-01
269 6.512080e-01 5.448000e-03 3.433440e-01
270 6.503120e-01 5.448000e-03 3.442400e-01
271 6.493240e-01 5.540000e-03 3.451360e-01
272 6.483360e-01 5.500000e-03 3.461640e-01
273 6.473800e-01 5.580000e-03 3.470400e-01
274 6.464560e-01 5.516000e-03 3.480280e-01
275 6.456040e-01 5.376000e-03 3.490200e-01
276 6.447440e-01 5.324000e-03 3.499320e-01
277 6.438840e-01 5.120000e-03 3.509960e-01
278 6.430480e-01 5.108000e-03 3.518440e-01
279 6.423520e-01 4.940000e-03 3.527080e-01
280 6.415640e-01 4.908000e-03 3.535280e-01
281 6.408600e-01 4.788000e-03 3.543520e-01
282 6.400680e-01 4.740000e-03 3.551920e-01
283 6.393040e-01 4.688000e-03 3.560080e-01
284 6.385360e-01 4.612000e-03 3.568520e-01
285 6.379240e-01 4.312000e-03 3.577640e-01
286 6.372160e-01 4.332000e-03 3.584520e-01
287 6.365000e-01 4.264000e-03 3.592360e-01
288 6.356960e-01 4.432000e-03 3.598720e-01
289 6.350440e-01 4.316000e-03 3.606400e-01
290 6.344080e-01 4.236000e-03 3.613560e-01
291 6.337080e-01 4.220000e-03 3.620720e-01
292 6.329880e-01 4.192000e-03 3.628200e-01
293 6.323200e-01 4.096000e-03 3.635840e-01
294 6.316760e-01 4.044000e-03 3.642800e-01
295 6.309680e-01 4.096000e-03 3.649360e-01
296 6.301960e-01 4.100000e-03 3.657040e-01
297 6.295720e-01 3.940000e-03 3.664880e-01
298 6.288440e-01 3.916000e-03 3.672400e-01
299 6.282640e-01 3.876000e-03 3.678600e-01
300 6.275440e-01 4.000000e-03 3.684560e-01
301 6.269200e-01 3.960000e-03 3.691200e-01
302 6.262840e-01 3.884000e-03 3.698320e-01
303 6.256800e-01 3.760000e-03 3.705600e-01
304 6.251360e-01 3.640000e-03 3.712240e-01
305 6.245760e-01 3.572000e-03 3.718520e-01
306 6.239720e-01 3.652000e-03 3.723760e-01
307 6.234480e-01 3.508000e-03 3.730440e-01
308 6.228720e-01 3.460000e-03 3.736680e-01
309 6.222840e-01 3.504000e-03 3.742120e-01
310 6.217520e-01 3.440000e-03 3.748080e-01
311 6.211720e-01 3.412000e-03 3.754160e-01
312 6.205680e-01 3.328000e-03 3.761040e-01
313 6.199960e-01 3.364000e-03 3.766400e-01
314 6.194360e-01 3.276000e-03 3.772880e-01
315 6.190080e-01 3.124000e-03 3.778680e-01
316 6.184840e-01 3.132000e-03 3.783840e-01
317 6.179320e-01 3.128000e-03 3.789400e-01
318 6.173480e-01 3.128000e-03 3.795240e-01
319 6.167880e-01 3.252000e-03 3.799600e-01
320 6.162120e-01 3.256000e-03 3.805320e-01
321 6.156960e-01 3.292000e-03 3.810120e-01
322 6.152040e-01 3.184000e-03 3.816120e-01
323 6.147160e-01 3.080000e-03 3.822040e-01
324 6.141960e-01 3.116000e-03 3.826880e-01
325 6.136560e-01 3.132000e-03 3.832120e-01
326 6.131080e-01 3.232000e-03 3.836600e-01
327 6.125320e-01 3.204000e-03 3.842640e-01
328 6.120400e-01 3.096000e-03 3.848640e-01
329 6.114440e-01 3.200000e-03 3.853560e-01
330 6.108120e-01 3.216000e-03 3.859720e-01
331 6.102080e-01 3.372000e-03 3.864200e-01
332 6.095680e-01 3.344000e-03 3.870880e-01
333 6.090960e-01 3.172000e-03 3.877320e-01
334 6.085920e-01 3.136000e-03 3.882720e-01
335 6.081280e-01 3.004000e-03 3.888680e-01
336 6.075920e-01 2.944000e-03 3.894640e-01
337 6.071200e-01 2.892000e-03 3.899880e-01
338 6.065960e-01 2.884000e-03 3.905200e-01
339 6.061280e-01 2.892000e-03 3.909800e-01
340 6.056160e-01 2.908000e-03 3.914760e-01
341 6.050400e-01 2.968000e-03 3.919920e-01
342 6.045040e-01 2.952000e-03 3.925440e-01
343 6.040200e-01 2.904000e-03 3.930760e-01
344 6.035680e-01 2.820000e-03 3.936120e-01
345 6.031000e-01 2.864000e-03 3.940360e-01
346 6.026280e-01 2.788000e-03 3.945840e-01
347 6.021320e-01 2.812000e-03 3.950560e-01
348 6.017080e-01 2.784000e-03 3.955080e-01
349 6.012320e-01 2.836000e-03 3.959320e-01
350 6.005960e-01 2.920000e-03 3.964840e-01
351 6.000160e-01 3.016000e-03 3.969680e-01
352 5.995680e-01 3.016000e-03 3.974160e-01
353 5.991720e-01 2.916000e-03 3.979120e-01
354 5.986920e-01 2.884000e-03 3.984240e-01
355 5.982040e-01 2.820000e-03 3.989760e-01
356 5.977440e-01 2.848000e-03 3.994080e-01
357 5.972320e-01 2.848000e-03 3.999200e-01
358 5.967560e-01 2.764000e-03 4.004800e-01
359 5.962760e-01 2.772000e-03 4.009520e-01
360 5.958440e-01 2.728000e-03 4.014280e-01
361 5.953800e-01 2.768000e-03 4.018520e-01
362 5.949680e-01 2.724000e-03 4.023080e-01
363 5.946480e-01 2.592000e-03 4.027600e-01
364 5.943120e-01 2.560000e-03 4.031280e-01
365 5.939880e-01 2.396000e-03 4.036160e-01
366 5.936160e-01 2.352000e-03 4.040320e-01
367 5.932560e-01 2.196000e-03 4.045480e-01
368 5.928440e-01 2.172000e-03 4.049840e-01
369 5.925080e-01 2.100000e-03 4.053920e-01
370 5.921400e-01 2.112000e-03 4.057480e-01
371 5.918280e-01 2.052000e-03 4.061200e-01
372 5.914600e-01 2.044000e-03 4.064960e-01
373 5.911000e-01 2.044000e-03 4.068560e-01
374 5.907240e-01 2.036000e-03 4.072400e-01
375 5.903800e-01 2.040000e-03 4.075800e-01
376 5.900400e-01 1.980000e-03 4.079800e-01
377 5.896520e-01 2.036000e-03 4.083120e-01
378 5.893240e-01 2.068000e-03 4.086080e-01
379 5.889960e-01 2.076000e-03 4.089280e-01
380 5.886080e-01 2.056000e-03 4.093360e-01
381 5.883480e-01 2.000000e-03 4.096520e-01
382 5.881040e-01 1.888000e-03 4.100080e-01
383 5.878840e-01 1.784000e-03 4.103320e-01
384 5.876400e-01 1.704000e-03 4.106560e-01
385 5.874040e-01 1.636000e-03 4.109600e-01
386 5.871000e-01 1.724000e-03 4.111760e-01
387 5.868120e-01 1.708000e-03 4.114800e-01
388 5.865760e-01 1.688000e-03 4.117360e-01
389 5.863680e-01 1.588000e-03 4.120440e-01
390 5.861440e-01 1.548000e-03 4.123080e-01
391 5.859960e-01 1.412000e-03 4.125920e-01
392 5.858320e-01 1.336000e-03 4.128320e-01
393 5.855920e-01 1.360000e-03 4.130480e-01
394 5.853120e-01 1.404000e-03 4.132840e-01
395 5.850160e-01 1.464000e-03 4.135200e-01
396 5.847800e-01 1.468000e-03 4.137520e-01
397 5.844960e-01 1.484000e-03 4.140200e-01
398 5.842080e-01 1.536000e-03 4.142560e-01
399 5.839320e-01 1.584000e-03 4.144840e-01
400 5.836880e-01 1.588000e-03 4.147240e-01
401 5.834200e-01 1.652000e-03 4.149280e-01
402 5.831920e-01 1.544000e-03 4.152640e-01
403 5.829560e-01 1.452000e-03 4.155920e-01
404 5.827400e-01 1.404000e-03 4.158560e-01
405 5.825520e-01 1.380000e-03 4.160680e-01
406 5.823560e-01 1.372000e-03 4.162720e-01
407 5.821200e-01 1.372000e-03 4.165080e-01
408 5.818840e-01 1.404000e-03 4.167120e-01
409 5.816560e-01 1.328000e-03 4.170160e-01
410 5.814440e-01 1.252000e-03 4.173040e-01
411 5.812720e-01 1.216000e-03 4.175120e-01
412 5.810880e-01 1.172000e-03 4.177400e-01
413 5.809320e-01 1.124000e-03 4.179440e-01
414 5.807520e-01 1.064000e-03 4.181840e-01
415 5.805880e-01 9.960000e-04 4.184160e-01
416 5.804800e-01 9.360000e-04 4.185840e-01
417 5.803480e-01 8.920000e-04 4.187600e-01
418 5.801520e-01 9.560000e-04 4.188920e-01
419 5.799680e-01 9.720000e-04 4.190600e-01
420 5.798160e-01 9.560000e-04 4.192280e-01
421 5.796880e-01 9.240000e-04 4.193880e-01
422 5.795560e-01 8.960000e-04 4.195480e-01
423 5.793800e-01 9.440000e-04 4.196760e-01
424 5.791760e-01 9.840000e-04 4.198400e-01
425 5.789920e-01 9.720000e-04 4.200360e-01
426 5.788320e-01 9.680000e-04 4.202000e-01
427 5.786560e-01 9.840000e-04 4.203600e-01
428 5.785360e-01 9.480000e-04 4.205160e-01
429 5.784160e-01 9.080000e-04 4.206760e-01
430 5.782640e-01 9.160000e-04 4.208200e-01
431 5.780560e-01 9.560000e-04 4.209880e-01
432 5.778720e-01 9.880000e-04 4.211400e-01
433 5.777400e-01 9.480000e-04 4.213120e-01
434 5.776200e-01 9.000000e-04 4.214800e-01
435 5.774520e-01 9.240000e-04 4.216240e-01
436 5.772480e-01 9.480000e-04 4.218040e-01
437 5.770960e-01 9.480000e-04 4.219560e-01
438 5.769360e-01 9.840000e-04 4.220800e-01
439 5.767640e-01 9.560000e-04 4.222800e-01
440 5.766040e-01 9.560000e-04 4.224400e-01
441 5.764240e-01 9.800000e-04 4.225960e-01
442 5.762280e-01 1.012000e-03 4.227600e-01
443 5.760440e-01 9.920000e-04 4.229640e-01
444 5.758480e-01 1.060000e-03 4.230920e-01
445 5.755520e-01 1.168000e-03 4.232800e-01
446 5.753080e-01 1.180000e-03 4.235120e-01
447 5.751000e-01 1.236000e-03 4.236640e-01
448 5.748320e-01 1.288000e-03 4.238800e-01
449 5.745680e-01 1.340000e-03 4.240920e-01
450 5.743320e-01 1.340000e-03 4.243280e-01
451 5.741520e-01 1.304000e-03 4.245440e-01
452 5.739240e-01 1.288000e-03 4.247880e-01
453 5.737600e-01 1.204000e-03 4.250360e-01
454 5.735480e-01 1.184000e-03 4.252680e-01
455 5.733360e-01 1.228000e-03 4.254360e-01
456 5.731200e-01 1.224000e-03 4.256560e-01
457 5.729040e-01 1.204000e-03 4.258920e-01
458 5.727160e-01 1.212000e-03 4.260720e-01
459 5.725480e-01 1.124000e-03 4.263280e-01
460 5.722760e-01 1.220000e-03 4.265040e-01
461 5.719960e-01 1.276000e-03 4.267280e-01
462 5.717080e-01 1.368000e-03 4.269240e-01
463 5.714520e-01 1.392000e-03 4.271560e-01
464 5.711800e-01 1.364000e-03 4.274560e-01
465 5.709440e-01 1.388000e-03 4.276680e-01
466 5.706920e-01 1.412000e-03 4.278960e-01
467 5.704920e-01 1.464000e-03 4.280440e-01
468 5.702400e-01 1.472000e-03 4.282880e-01
469 5.700360e-01 1.456000e-03 4.285080e-01
470 5.697880e-01 1.424000e-03 4.287880e-01
471 5.695480e-01 1.440000e-03 4.290120e-01
472 5.693200e-01 1.436000e-03 4.292440e-01
473 5.691240e-01 1.404000e-03 4.294720e-01
474 5.689320e-01 1.360000e-03 4.297080e-01
475 5.686880e-01 1.380000e-03 4.299320e-01
476 5.684680e-01 1.376000e-03 4.301560e-01
477 5.682360e-01 1.344000e-03 4.304200e-01
478 5.680440e-01 1.312000e-03 4.306440e-01
479 5.678200e-01 1.340000e-03 4.308400e-01
480 5.675960e-01 1.336000e-03 4.310680e-01
481 5.674280e-01 1.280000e-03 4.312920e-01
482 5.673120e-01 1.168000e-03 4.315200e-01
483 5.671400e-01 1.164000e-03 4.316960e-01
484 5.669560e-01 1.140000e-03 4.319040e-01
485 5.666880e-01 1.220000e-03 4.320920e-01
486 5.664760e-01 1.188000e-03 4.323360e-01
487 5.662800e-01 1.184000e-03 4.325360e-01
488 5.660200e-01 1.256000e-03 4.327240e-01
489 5.658360e-01 1.240000e-03 4.329240e-01
490 5.656680e-01 1.200000e-03 4.331320e-01
491 5.654280e-01 1.248000e-03 4.333240e-01
492 5.652360e-01 1.196000e-03 4.335680e-01
493 5.650560e-01 1.152000e-03 4.337920e-01
494 5.648840e-01 1.144000e-03 4.339720e-01
495 5.646640e-01 1.168000e-03 4.341680e-01
496 5.645040e-01 1.116000e-03 4.343800e-01
497 5.642880e-01 1.148000e-03 4.345640e-01
498 5.640320e-01 1.168000e-03 4.348000e-01
499 5.638200e-01 1.144000e-03 4.350360e-01
500 5.635280e-01 1.224000e-03 4.352480e-01
