1 9.991600e-01 7.240000e-04 1.160000e-04
2 9.985640e-01 1.140000e-03 2.960000e-04
3 9.977960e-01 1.624000e-03 5.800000e-04
4 9.971200e-01 1.980000e-03 9.000000e-04
5 9.962160e-01 2.516000e-03 1.268000e-03
6 9.952760e-01 2.992000e-03 1.732000e-03
7 9.943800e-01 3.308000e-03 2.312000e-03
8 9.934280e-01 3.672000e-03 2.900000e-03
9 9.925360e-01 3.956000e-03 3.508000e-03
10 9.913600e-01 4.412000e-03 4.228000e-03
11 9.902360e-01 4.804000e-03 4.960000e-03
12 9.891240e-01 5.140000e-03 5.736000e-03
13 9.879280e-01 5.428000e-03 6.644000e-03
14 9.866880e-01 5.708000e-03 7.604000e-03
15 9.853640e-01 6.000000e-03 8.636000e-03
16 9.841120e-01 6.172000e-03 9.716000e-03
17 9.830200e-01 6.100000e-03 1.088000e-02
18 9.817080e-01 6.372000e-03 1.192000e-02
19 9.804040e-01 6.588000e-03 1.300800e-02
20 9.790920e-01 6.780000e-03 1.412800e-02
21 9.777160e-01 6.996000e-03 1.528800e-02
22 9.763160e-01 7.104000e-03 1.658000e-02
23 9.750280e-01 7.176000e-03 1.779600e-02
24 9.736520e-01 7.240000e-03 1.910800e-02
25 9.723960e-01 7.252000e-03 2.035200e-02
26 9.712000e-01 7.280000e-03 2.152000e-02
27 9.699320e-01 7.280000e-03 2.278800e-02
28 9.685320e-01 7.408000e-03 2.406000e-02
29 9.669720e-01 7.724000e-03 2.530400e-02
30 9.655480e-01 7.768000e-03 2.668400e-02
31 9.641240e-01 7.776000e-03 2.810000e-02
32 9.628280e-01 7.720000e-03 2.945200e-02
33 9.614080e-01 7.808000e-03 3.078400e-02
34 9.600160e-01 7.868000e-03 3.211600e-02
35 9.584640e-01 8.100000e-03 3.343600e-02
36 9.567960e-01 8.404000e-03 3.480000e-02
37 9.552520e-01 8.552000e-03 3.619600e-02
38 9.537520e-01 8.472000e-03 3.777600e-02
39 9.523600e-01 8.408000e-03 3.923200e-02
40 9.508960e-01 8.332000e-03 4.077200e-02
41 9.493600e-01 8.388000e-03 4.225200e-02
42 9.478320e-01 8.448000e-03 4.372000e-02
43 9.464240e-01 8.320000e-03 4.525600e-02
44 9.448880e-01 8.584000e-03 4.652800e-02
45 9.433920e-01 8.672000e-03 4.793600e-02
46 9.420040e-01 8.568000e-03 4.942800e-02
47 9.403920e-01 8.720000e-03 5.088800e-02
48 9.388280e-01 8.712000e-03 5.246000e-02
49 9.371680e-01 8.856000e-03 5.397600e-02
50 9.356480e-01 8.860000e-03 5.549200e-02
51 9.340120e-01 8.888000e-03 5.710000e-02
52 9.323000e-01 8.888000e-03 5.881200e-02
53 9.307280e-01 8.960000e-03 6.031200e-02
54 9.290720e-01 9.028000e-03 6.190000e-02
55 9.273760e-01 9.176000e-03 6.344800e-02
56 9.254960e-01 9.332000e-03 6.517200e-02
57 9.235800e-01 9.544000e-03 6.687600e-02
58 9.217280e-01 9.764000e-03 6.850800e-02
59 9.201440e-01 9.644000e-03 7.021200e-02
60 9.184360e-01 9.544000e-03 7.202000e-02
61 9.168320e-01 9.472000e-03 7.369600e-02
62 9.151000e-01 9.460000e-03 7.544000e-02
63 9.134200e-01 9.548000e-03 7.703200e-02
64 9.116600e-01 9.700000e-03 7.864000e-02
65 9.100040e-01 9.664000e-03 8.033200e-02
66 9.084040e-01 9.512000e-03 8.208400e-02
67 9.066760e-01 9.576000e-03 8.374800e-02
68 9.049880e-01 9.664000e-03 8.534800e-02
69 9.031520e-01 9.912000e-03 8.693600e-02
70 9.013640e-01 1.000000e-02 8.863600e-02
71 8.994400e-01 1.014000e-02 9.042000e-02
72 8.974720e-01 1.026000e-02 9.226800e-02
73 8.956640e-01 1.033200e-02 9.400400e-02
74 8.937160e-01 1.038400e-02 9.590000e-02
75 8.919080e-01 1.038400e-02 9.770800e-02
76 8.901600e-01 1.037200e-02 9.946800e-02
77 8.882640e-01 1.047200e-02 1.012640e-01
78 8.864200e-01 1.045200e-02 1.031280e-01
79 8.846120e-01 1.049600e-02 1.048920e-01
80 8.829680e-01 1.037600e-02 1.066560e-01
81 8.811800e-01 1.050000e-02 1.083200e-01
82 8.794640e-01 1.035200e-02 1.101840e-01
83 8.779200e-01 9.964000e-03 1.121160e-01
84 8.762080e-01 9.924000e-03 1.138680e-01
85 8.746280e-01 9.696000e-03 1.156760e-01
86 8.731360e-01 9.552000e-03 1.173120e-01
87 8.713720e-01 9.712000e-03 1.189160e-01
88 8.697800e-01 9.612000e-03 1.206080e-01
89 8.682000e-01 9.552000e-03 1.222480e-01
90 8.665600e-01 9.504000e-03 1.239360e-01
91 8.651960e-01 9.368000e-03 1.254360e-01
92 8.637040e-01 9.220000e-03 1.270760e-01
93 8.619520e-01 9.432000e-03 1.286160e-01
94 8.602040e-01 9.452000e-03 1.303440e-01
95 8.584240e-01 9.512000e-03 1.320640e-01
96 8.567280e-01 9.548000e-03 1.337240e-01
97 8.549480e-01 9.588000e-03 1.354640e-01
98 8.532640e-01 9.696000e-03 1.370400e-01
99 8.516320e-01 9.664000e-03 1.387040e-01
100 8.499600e-01 9.720000e-03 1.403200e-01
101 8.483040e-01 9.604000e-03 1.420920e-01
102 8.468800e-01 9.188000e-03 1.439320e-01
103 8.453400e-01 8.976000e-03 1.456840e-01
104 8.437720e-01 8.924000e-03 1.473040e-01
105 8.424240e-01 8.660000e-03 1.489160e-01
106 8.408240e-01 8.832000e-03 1.503440e-01
107 8.392880e-01 8.852000e-03 1.518600e-01
108 8.375360e-01 9.120000e-03 1.533440e-01
109 8.360480e-01 9.180000e-03 1.547720e-01
110 8.344360e-01 9.176000e-03 1.563880e-01
111 8.329640e-01 9.092000e-03 1.579440e-01
112 8.313240e-01 9.128000e-03 1.595480e-01
113 8.296600e-01 9.180000e-03 1.611600e-01
114 8.281400e-01 9.104000e-03 1.627560e-01
115 8.265120e-01 9.148000e-03 1.643400e-01
116 8.248240e-01 9.344000e-03 1.658320e-01
117 8.232120e-01 9.320000e-03 1.674680e-01
118 8.216360e-01 9.320000e-03 1.690440e-01
119 8.198880e-01 9.388000e-03 1.707240e-01
120 8.181280e-01 9.536000e-03 1.723360e-01
121 8.164120e-01 9.488000e-03 1.741000e-01
122 8.148400e-01 9.404000e-03 1.757560e-01
123 8.132680e-01 9.180000e-03 1.775520e-01
124 8.117680e-01 9.140000e-03 1.790920e-01
125 8.103280e-01 8.956000e-03 1.807160e-01
126 8.089120e-01 8.944000e-03 1.821440e-01
127 8.074680e-01 8.764000e-03 1.837680e-01
128 8.061240e-01 8.764000e-03 1.851120e-01
129 8.046280e-01 8.860000e-03 1.865120e-01
130 8.030560e-01 8.944000e-03 1.880000e-01
131 8.014360e-01 9.112000e-03 1.894520e-01
132 7.998000e-01 9.212000e-03 1.909880e-01
133 7.983160e-01 9.208000e-03 1.924760e-01
134 7.968200e-01 9.104000e-03 1.940760e-01
135 7.952440e-01 9.048000e-03 1.957080e-01
136 7.937320e-01 8.944000e-03 1.973240e-01
137 7.920800e-01 9.028000e-03 1.988920e-01
138 7.905080e-01 8.964000e-03 2.005280e-01
139 7.889120e-01 9.072000e-03 2.020160e-01
140 7.874120e-01 9.036000e-03 2.035520e-01
141 7.859440e-01 8.980000e-03 2.050760e-01
142 7.843440e-01 8.984000e-03 2.066720e-01
143 7.828480e-01 8.888000e-03 2.082640e-01
144 7.813960e-01 8.780000e-03 2.098240e-01
145 7.798040e-01 8.852000e-03 2.113440e-01
146 7.783400e-01 8.708000e-03 2.129520e-01
147 7.768400e-01 8.800000e-03 2.143600e-01
148 7.754640e-01 8.528000e-03 2.160080e-01
149 7.739800e-01 8.468000e-03 2.175520e-01
150 7.725600e-01 8.376000e-03 2.190640e-01
151 7.711840e-01 8.272000e-03 2.205440e-01
152 7.698560e-01 8.076000e-03 2.220680e-01
153 7.684120e-01 8.104000e-03 2.234840e-01
154 7.671040e-01 8.028000e-03 2.248680e-01
155 7.656760e-01 7.988000e-03 2.263360e-01
156 7.643680e-01 7.912000e-03 2.277200e-01
157 7.630240e-01 7.904000e-03 2.290720e-01
158 7.615320e-01 8.144000e-03 2.303240e-01
159 7.601200e-01 8.252000e-03 2.316280e-01
160 7.587880e-01 8.176000e-03 2.330360e-01
161 7.572800e-01 8.260000e-03 2.344600e-01
162 7.558680e-01 8.088000e-03 2.360440e-01
163 7.545000e-01 7.932000e-03 2.375680e-01
164 7.532000e-01 7.844000e-03 2.389560e-01
165 7.518880e-01 7.856000e-03 2.402560e-01
166 7.504120e-01 7.896000e-03 2.416920e-01
167 7.490920e-01 7.904000e-03 2.430040e-01
168 7.476720e-01 7.912000e-03 2.444160e-01
169 7.464440e-01 7.768000e-03 2.457880e-01
170 7.451400e-01 7.820000e-03 2.470400e-01
171 7.438320e-01 7.732000e-03 2.484360e-01
172 7.424120e-01 7.836000e-03 2.497520e-01
173 7.411320e-01 7.644000e-03 2.512240e-01
174 7.400440e-01 7.392000e-03 2.525640e-01
175 7.389360e-01 7.168000e-03 2.538960e-01
176 7.378480e-01 7.032000e-03 2.551200e-01
177 7.367360e-01 6.920000e-03 2.563440e-01
178 7.355880e-01 6.852000e-03 2.575600e-01
179 7.344840e-01 6.748000e-03 2.587680e-01
180 7.334000e-01 6.580000e-03 2.600200e-01
181 7.322120e-01 6.536000e-03 2.612520e-01
182 7.312600e-01 6.284000e-03 2.624560e-01
183 7.302920e-01 6.212000e-03 2.634960e-01
184 7.292600e-01 6.196000e-03 2.645440e-01
185 7.282920e-01 6.088000e-03 2.656200e-01
186 7.274160e-01 5.816000e-03 2.667680e-01
187 7.264320e-01 5.792000e-03 2.677760e-01
188 7.255160e-01 5.636000e-03 2.688480e-01
189 7.245320e-01 5.676000e-03 2.697920e-01
190 7.235920e-01 5.604000e-03 2.708040e-01
191 7.226800e-01 5.540000e-03 2.717800e-01
192 7.217400e-01 5.560000e-03 2.727000e-01
193 7.207680e-01 5.580000e-03 2.736520e-01
194 7.197920e-01 5.676000e-03 2.745320e-01
195 7.188400e-01 5.664000e-03 2.754960e-01
196 7.178320e-01 5.728000e-03 2.764400e-01
197 7.168560e-01 5.788000e-03 2.773560e-01
198 7.158160e-01 5.892000e-03 2.782920e-01
199 7.148720e-01 5.908000e-03 2.792200e-01
200 7.139200e-01 5.820000e-03 2.802600e-01
201 7.129680e-01 5.652000e-03 2.813800e-01
202 7.119520e-01 5.672000e-03 2.823760e-01
203 7.108240e-01 5.792000e-03 2.833840e-01
204 7.098640e-01 5.692000e-03 2.844440e-01
205 7.089400e-01 5.616000e-03 2.854440e-01
206 7.080040e-01 5.588000e-03 2.864080e-01
207 7.070880e-01 5.508000e-03 2.874040e-01
208 7.061800e-01 5.468000e-03 2.883520e-01
209 7.051920e-01 5.432000e-03 2.893760e-01
210 7.043440e-01 5.320000e-03 2.903360e-01
211 7.036200e-01 5.140000e-03 2.912400e-01
212 7.028480e-01 4.996000e-03 2.921560e-01
213 7.020400e-01 4.904000e-03 2.930560e-01
214 7.013560e-01 4.720000e-03 2.939240e-01
215 7.005200e-01 4.672000e-03 2.948080e-01
216 6.997400e-01 4.688000e-03 2.955720e-01
217 6.989040e-01 4.720000e-03 2.963760e-01
218 6.980920e-01 4.732000e-03 2.971760e-01
219 6.973000e-01 4.672000e-03 2.980280e-01
220 6.965360e-01 4.500000e-03 2.989640e-01
221 6.957360e-01 4.480000e-03 2.997840e-01
222 6.950240e-01 4.436000e-03 3.005400e-01
223 6.943480e-01 4.432000e-03 3.012200e-01
224 6.936160e-01 4.412000e-03 3.019720e-01
225 6.929840e-01 4.276000e-03 3.027400e-01
226 6.922720e-01 4.192000e-03 3.035360e-01
227 6.915800e-01 4.204000e-03 3.042160e-01
228 6.909360e-01 4.100000e-03 3.049640e-01
229 6.902080e-01 4.096000e-03 3.056960e-01
230 6.894840e-01 4.092000e-03 3.064240e-01
231 6.887200e-01 4.180000e-03 3.071000e-01
232 6.880680e-01 4.164000e-03 3.077680e-01
233 6.874680e-01 4.000000e-03 3.085320e-01
234 6.867360e-01 4.024000e-03 3.092400e-01
235 6.860960e-01 3.852000e-03 3.100520e-01
236 6.854640e-01 3.828000e-03 3.107080e-01
237 6.849200e-01 3.612000e-03 3.114680e-01
238 6.842640e-01 3.604000e-03 3.121320e-01
239 6.837200e-01 3.508000e-03 3.127720e-01
240 6.830760e-01 3.508000e-03 3.134160e-01
241 6.825000e-01 3.452000e-03 3.140480e-01
242 6.818280e-01 3.488000e-03 3.146840e-01
243 6.812720e-01 3.468000e-03 3.152600e-01
244 6.806160e-01 3.520000e-03 3.158640e-01
245 6.799640e-01 3.508000e-03 3.165280e-01
246 6.795200e-01 3.280000e-03 3.172000e-01
247 6.789600e-01 3.232000e-03 3.178080e-01
248 6.784560e-01 3.164000e-03 3.183800e-01
249 6.779360e-01 3.120000e-03 3.189440e-01
250 6.773920e-01 3.056000e-03 3.195520e-01
251 6.768920e-01 3.036000e-03 3.200720e-01
252 6.764640e-01 2.896000e-03 3.206400e-01
253 6.759200e-01 2.900000e-03 3.211800e-01
254 6.754680e-01 2.860000e-03 3.216720e-01
255 6.749280e-01 2.924000e-03 3.221480e-01
256 6.744240e-01 2.952000e-03 3.226240e-01
257 6.739240e-01 2.996000e-03 3.230800e-01
258 6.734520e-01 2.956000e-03 3.235920e-01
259 6.730080e-01 2.940000e-03 3.240520e-01
260 6.725520e-01 2.888000e-03 3.245600e-01
261 6.721800e-01 2.800000e-03 3.250200e-01
262 6.717480e-01 2.708000e-03 3.255440e-01
263 6.713520e-01 2.572000e-03 3.260760e-01
264 6.710120e-01 2.452000e-03 3.265360e-01
265 6.705520e-01 2.496000e-03 3.269520e-01
266 6.701840e-01 2.404000e-03 3.274120e-01
267 6.697560e-01 2.416000e-03 3.278280e-01
268 6.692520e-01 2.552000e-03 3.281960e-01
269 6.687720e-01 2.564000e-03 3.286640e-01
270 6.683200e-01 2.628000e-03 3.290520e-01
271 6.678640e-01 2.632000e-03 3.295040e-01
272 6.674640e-01 2.600000e-03 3.299360e-01
273 6.670320e-01 2.596000e-03 3.303720e-01
274 6.666280e-01 2.580000e-03 3.307920e-01
275 6.661320e-01 2.612000e-03 3.312560e-01
276 6.656520e-01 2.620000e-03 3.317280e-01
277 6.652720e-01 2.560000e-03 3.321680e-01
278 6.648520e-01 2.580000e-03 3.325680e-01
279 6.643680e-01 2.644000e-03 3.329880e-01
280 6.639920e-01 2.528000e-03 3.334800e-01
281 6.635560e-01 2.560000e-03 3.338840e-01
282 6.631520e-01 2.532000e-03 3.343160e-01
283 6.627320e-01 2.500000e-03 3.347680e-01
284 6.622440e-01 2.512000e-03 3.352440e-01
285 6.617600e-01 2.568000e-03 3.356720e-01
286 6.612800e-01 2.668000e-03 3.360520e-01
287 6.608480e-01 2.584000e-03 3.365680e-01
288 6.603720e-01 2.624000e-03 3.370040e-01
289 6.599960e-01 2.556000e-03 3.374480e-01
290 6.596640e-01 2.456000e-03 3.378800e-01
291 6.592680e-01 2.444000e-03 3.382880e-01
292 6.588520e-01 2.440000e-03 3.387080e-01
293 6.584320e-01 2.392000e-03 3.391760e-01
294 6.579960e-01 2.436000e-03 3.395680e-01
295 6.575120e-01 2.500000e-03 3.399880e-01
296 6.570080e-01 2.620000e-03 3.403720e-01
297 6.564880e-01 2.716000e-03 3.407960e-01
298 6.560200e-01 2.728000e-03 3.412520e-01
299 6.555000e-01 2.864000e-03 3.416360e-01
300 6.550040e-01 2.864000e-03 3.421320e-01
301 6.545840e-01 2.780000e-03 3.426360e-01
302 6.541000e-01 2.768000e-03 3.431320e-01
303 6.535960e-01 2.748000e-03 3.436560e-01
304 6.529440e-01 2.920000e-03 3.441360e-01
305 6.523240e-01 3.048000e-03 3.446280e-01
306 6.517720e-01 3.072000e-03 3.451560e-01
307 6.511280e-01 3.220000e-03 3.456520e-01
308 6.506400e-01 3.128000e-03 3.462320e-01
309 6.500600e-01 3.216000e-03 3.467240e-01
310 6.494640e-01 3.224000e-03 3.473120e-01
311 6.489080e-01 3.216000e-03 3.478760e-01
312 6.483600e-01 3.252000e-03 3.483880e-01
313 6.479040e-01 3.232000e-03 3.488640e-01
314 6.473040e-01 3.252000e-03 3.494440e-01
315 6.467440e-01 3.192000e-03 3.500640e-01
316 6.461760e-01 3.148000e-03 3.506760e-01
317 6.456360e-01 3.100000e-03 3.512640e-01
318 6.449520e-01 3.268000e-03 3.517800e-01
319 6.444320e-01 3.220000e-03 3.523480e-01
320 6.439600e-01 3.092000e-03 3.529480e-01
321 6.433840e-01 3.056000e-03 3.535600e-01
322 6.428400e-01 3.120000e-03 3.540400e-01
323 6.423400e-01 3.092000e-03 3.545680e-01
324 6.418480e-01 3.116000e-03 3.550360e-01
325 6.413400e-01 3.084000e-03 3.555760e-01
326 6.407880e-01 3.116000e-03 3.560960e-01
327 6.402200e-01 3.120000e-03 3.566600e-01
328 6.396920e-01 3.112000e-03 3.571960e-01
329 6.390800e-01 3.200000e-03 3.577200e-01
330 6.385520e-01 3.196000e-03 3.582520e-01
331 6.379280e-01 3.212000e-03 3.588600e-01
332 6.373760e-01 3.196000e-03 3.594280e-01
333 6.366680e-01 3.180000e-03 3.601520e-01
334 6.361320e-01 3.192000e-03 3.606760e-01
335 6.356200e-01 3.240000e-03 3.611400e-01
336 6.351800e-01 3.092000e-03 3.617280e-01
337 6.345640e-01 3.172000e-03 3.622640e-01
338 6.341320e-01 3.104000e-03 3.627640e-01
339 6.337600e-01 2.896000e-03 3.633440e-01
340 6.332600e-01 2.904000e-03 3.638360e-01
341 6.327920e-01 2.836000e-03 3.643720e-01
342 6.323560e-01 2.724000e-03 3.649200e-01
343 6.318760e-01 2.752000e-03 3.653720e-01
344 6.314720e-01 2.640000e-03 3.658880e-01
345 6.310560e-01 2.584000e-03 3.663600e-01
346 6.306240e-01 2.540000e-03 3.668360e-01
347 6.301480e-01 2.576000e-03 3.672760e-01
348 6.297640e-01 2.484000e-03 3.677520e-01
349 6.293400e-01 2.512000e-03 3.681480e-01
350 6.289360e-01 2.412000e-03 3.686520e-01
351 6.284360e-01 2.484000e-03 3.690800e-01
352 6.280240e-01 2.496000e-03 3.694800e-01
353 6.275600e-01 2.556000e-03 3.698840e-01
354 6.271280e-01 2.460000e-03 3.704120e-01
355 6.267760e-01 2.468000e-03 3.707560e-01
356 6.264040e-01 2.412000e-03 3.711840e-01
357 6.260200e-01 2.364000e-03 3.716160e-01
358 6.256680e-01 2.264000e-03 3.720680e-01
359 6.252960e-01 2.284000e-03 3.724200e-01
360 6.248960e-01 2.372000e-03 3.727320e-01
361 6.244520e-01 2.428000e-03 3.731200e-01
362 6.240520e-01 2.424000e-03 3.735240e-01
363 6.236600e-01 2.364000e-03 3.739760e-01
364 6.232640e-01 2.320000e-03 3.744160e-01
365 6.228080e-01 2.376000e-03 3.748160e-01
366 6.224160e-01 2.396000e-03 3.751880e-01
367 6.220480e-01 2.372000e-03 3.755800e-01
368 6.217040e-01 2.280000e-03 3.760160e-01
369 6.213080e-01 2.292000e-03 3.764000e-01
370 6.208760e-01 2.292000e-03 3.768320e-01
371 6.205080e-01 2.232000e-03 3.772600e-01
372 6.200320e-01 2.300000e-03 3.776680e-01
373 6.195320e-01 2.376000e-03 3.780920e-01
374 6.190160e-01 2.404000e-03 3.785800e-01
375 6.186280e-01 2.384000e-03 3.789880e-01
376 6.182040e-01 2.328000e-03 3.794680e-01
377 6.178560e-01 2.252000e-03 3.798920e-01
378 6.175120e-01 2.232000e-03 3.802560e-01
379 6.170760e-01 2.232000e-03 3.806920e-01
380 6.167640e-01 2.168000e-03 3.810680e-01
381 6.164240e-01 2.116000e-03 3.814600e-01
382 6.161280e-01 2.084000e-03 3.817880e-01
383 6.157120e-01 2.160000e-03 3.821280e-01
384 6.153120e-01 2.184000e-03 3.825040e-01
385 6.149680e-01 2.080000e-03 3.829520e-01
386 6.145760e-01 2.136000e-03 3.832880e-01
387 6.142800e-01 2.096000e-03 3.836240e-01
388 6.139640e-01 2.048000e-03 3.839880e-01
389 6.135840e-01 2.104000e-03 3.843120e-01
390 6.132120e-01 2.084000e-03 3.847040e-01
391 6.129120e-01 2.008000e-03 3.850800e-01
392 6.125920e-01 2.000000e-03 3.854080e-01
393 6.123000e-01 1.976000e-03 3.857240e-01
394 6.119520e-01 2.012000e-03 3.860360e-01
395 6.116160e-01 2.052000e-03 3.863320e-01
396 6.113960e-01 1.856000e-03 3.867480e-01
397 6.110960e-01 1.776000e-03 3.871280e-01
398 6.107800e-01 1.796000e-03 3.874240e-01
399 6.104840e-01 1.724000e-03 3.877920e-01
400 6.102280e-01 1.696000e-03 3.880760e-01
401 6.098720e-01 1.756000e-03 3.883720e-01
402 6.095200e-01 1.820000e-03 3.886600e-01
403 6.091680e-01 1.876000e-03 3.889560e-01
404 6.088800e-01 1.868000e-03 3.892520e-01
405 6.085520e-01 1.856000e-03 3.895920e-01
406 6.082400e-01 1.816000e-03 3.899440e-01
407 6.079240e-01 1.808000e-03 3.902680e-01
408 6.075920e-01 1.804000e-03 3.906040e-01
409 6.073120e-01 1.752000e-03 3.909360e-01
410 6.069960e-01 1.788000e-03 3.912160e-01
411 6.066880e-01 1.820000e-03 3.914920e-01
412 6.063360e-01 1.872000e-03 3.917920e-01
413 6.060840e-01 1.796000e-03 3.921200e-01
414 6.057600e-01 1.832000e-03 3.924080e-01
415 6.055200e-01 1.760000e-03 3.927200e-01
416 6.052800e-01 1.732000e-03 3.929880e-01
417 6.050200e-01 1.712000e-03 3.932680e-01
418 6.047680e-01 1.744000e-03 3.934880e-01
419 6.045640e-01 1.696000e-03 3.937400e-01
420 6.043520e-01 1.640000e-03 3.940080e-01
421 6.041520e-01 1.552000e-03 3.942960e-01
422 6.039240e-01 1.528000e-03 3.945480e-01
423 6.036880e-01 1.528000e-03 3.947840e-01
424 6.034680e-01 1.472000e-03 3.950600e-01
425 6.032720e-01 1.392000e-03 3.953360e-01
426 6.030160e-01 1.396000e-03 3.955880e-01
427 6.027880e-01 1.316000e-03 3.958960e-01
428 6.026000e-01 1.288000e-03 3.961120e-01
429 6.023640e-01 1.300000e-03 3.963360e-01
430 6.021840e-01 1.236000e-03 3.965800e-01
431 6.020240e-01 1.212000e-03 3.967640e-01
432 6.018640e-01 1.172000e-03 3.969640e-01
433 6.017400e-01 1.100000e-03 3.971600e-01
434 6.015360e-01 1.108000e-03 3.973560e-01
435 6.013400e-01 1.144000e-03 3.975160e-01
436 6.011400e-01 1.136000e-03 3.977240e-01
437 6.009200e-01 1.140000e-03 3.979400e-01
438 6.007160e-01 1.100000e-03 3.981840e-01
439 6.004880e-01 1.168000e-03 3.983440e-01
440 6.002680e-01 1.168000e-03 3.985640e-01
441 6.000720e-01 1.204000e-03 3.987240e-01
442 5.998800e-01 1.204000e-03 3.989160e-01
443 5.996880e-01 1.196000e-03 3.991160e-01
444 5.995200e-01 1.168000e-03 3.993120e-01
445 5.993080e-01 1.172000e-03 3.995200e-01
446 5.990840e-01 1.244000e-03 3.996720e-01
447 5.988600e-01 1.284000e-03 3.998560e-01
448 5.986640e-01 1.300000e-03 4.000360e-01
449 5.984280e-01 1.304000e-03 4.002680e-01
450 5.982080e-01 1.320000e-03 4.004720e-01
451 5.980080e-01 1.292000e-03 4.007000e-01
452 5.977320e-01 1.356000e-03 4.009120e-01
453 5.975120e-01 1.316000e-03 4.011720e-01
454 5.972760e-01 1.324000e-03 4.014000e-01
455 5.970360e-01 1.332000e-03 4.016320e-01
456 5.968200e-01 1.320000e-03 4.018600e-01
457 5.966000e-01 1.276000e-03 4.021240e-01
458 5.964080e-01 1.208000e-03 4.023840e-01
459 5.961920e-01 1.196000e-03 4.026120e-01
460 5.959400e-01 1.220000e-03 4.028400e-01
461 5.956720e-01 1.276000e-03 4.030520e-01
462 5.954520e-01 1.244000e-03 4.033040e-01
463 5.952480e-01 1.284000e-03 4.034680e-01
464 5.950560e-01 1.252000e-03 4.036920e-01
465 5.948640e-01 1.204000e-03 4.039320e-01
466 5.946960e-01 1.180000e-03 4.041240e-01
467 5.945480e-01 1.132000e-03 4.043200e-01
468 5.944000e-01 1.064000e-03 4.045360e-01
469 5.942720e-01 9.840000e-04 4.047440e-01
470 5.940640e-01 9.840000e-04 4.049520e-01
471 5.939040e-01 1.000000e-03 4.050960e-01
472 5.937640e-01 9.360000e-04 4.053000e-01
473 5.936200e-01 9.320000e-04 4.054480e-01
474 5.934520e-01 9.440000e-04 4.056040e-01
475 5.932800e-01 9.120000e-04 4.058080e-01
476 5.931240e-01 9.120000e-04 4.059640e-01
477 5.930080e-01 8.520000e-04 4.061400e-01
478 5.928440e-01 9.040000e-04 4.062520e-01
479 5.926640e-01 9.320000e-04 4.064040e-01
480 5.925280e-01 9.160000e-04 4.065560e-01
481 5.923920e-01 8.800000e-04 4.067280e-01
482 5.922680e-01 8.400000e-04 4.068920e-01
483 5.921720e-01 7.920000e-04 4.070360e-01
484 5.920480e-01 7.440000e-04 4.072080e-01
485 5.918880e-01 7.680000e-04 4.073440e-01
486 5.917520e-01 7.280000e-04 4.075200e-01
487 5.916320e-01 7.320000e-04 4.076360e-01
488 5.914920e-01 7.520000e-04 4.077560e-01
489 5.913520e-01 7.360000e-04 4.079120e-01
490 5.912400e-01 7.200000e-04 4.080400e-01
491 5.911520e-01 6.960000e-04 4.081520e-01
492 5.910160e-01 6.920000e-04 4.082920e-01
493 5.909120e-01 6.720000e-04 4.084160e-01
494 5.908040e-01 6.760000e-04 4.085200e-01
495 5.906280e-01 7.320000e-04 4.086400e-01
496 5.905120e-01 6.960000e-04 4.087920e-01
497 5.903960e-01 7.120000e-04 4.088920e-01
498 5.903000e-01 6.920000e-04 4.090080e-01
499 5.901720e-01 7.080000e-04 4.091200e-01
500 5.900000e-01 7.480000e-04 4.092520e-01
