1 9.991400e-01 7.800000e-04 8.000000e-05
2 9.985080e-01 1.268000e-03 2.240000e-04
3 9.978600e-01 1.652000e-03 4.880000e-04
4 9.970360e-01 2.088000e-03 8.760000e-04
5 9.961960e-01 2.516000e-03 1.288000e-03
6 9.951800e-01 3.020000e-03 1.800000e-03
7 9.940840e-01 3.532000e-03 2.384000e-03
8 9.929080e-01 4.016000e-03 3.076000e-03
9 9.917720e-01 4.384000e-03 3.844000e-03
10 9.906200e-01 4.632000e-03 4.748000e-03
11 9.894240e-01 4.996000e-03 5.580000e-03
12 9.883360e-01 5.260000e-03 6.404000e-03
13 9.871040e-01 5.448000e-03 7.448000e-03
14 9.858240e-01 5.720000e-03 8.456000e-03
15 9.845720e-01 5.912000e-03 9.516000e-03
16 9.832040e-01 6.148000e-03 1.064800e-02
17 9.820040e-01 6.312000e-03 1.168400e-02
18 9.808440e-01 6.356000e-03 1.280000e-02
19 9.795120e-01 6.572000e-03 1.391600e-02
20 9.780280e-01 6.892000e-03 1.508000e-02
21 9.767240e-01 6.992000e-03 1.628400e-02
22 9.753600e-01 6.916000e-03 1.772400e-02
23 9.739920e-01 7.136000e-03 1.887200e-02
24 9.725560e-01 7.280000e-03 2.016400e-02
25 9.711280e-01 7.452000e-03 2.142000e-02
26 9.696920e-01 7.592000e-03 2.271600e-02
27 9.682960e-01 7.660000e-03 2.404400e-02
28 9.667160e-01 7.804000e-03 2.548000e-02
29 9.651360e-01 7.936000e-03 2.692800e-02
30 9.636120e-01 8.064000e-03 2.832400e-02
31 9.620880e-01 8.168000e-03 2.974400e-02
32 9.606640e-01 8.180000e-03 3.115600e-02
33 9.592080e-01 8.256000e-03 3.253600e-02
34 9.577720e-01 8.288000e-03 3.394000e-02
35 9.562000e-01 8.300000e-03 3.550000e-02
36 9.547240e-01 8.308000e-03 3.696800e-02
37 9.531440e-01 8.384000e-03 3.847200e-02
38 9.515480e-01 8.512000e-03 3.994000e-02
39 9.500200e-01 8.644000e-03 4.133600e-02
40 9.483800e-01 8.756000e-03 4.286400e-02
41 9.468080e-01 8.740000e-03 4.445200e-02
42 9.452520e-01 8.712000e-03 4.603600e-02
43 9.436480e-01 8.760000e-03 4.759200e-02
44 9.420360e-01 8.800000e-03 4.916400e-02
45 9.403240e-01 9.056000e-03 5.062000e-02
46 9.385480e-01 9.120000e-03 5.233200e-02
47 9.367360e-01 9.328000e-03 5.393600e-02
48 9.349080e-01 9.488000e-03 5.560400e-02
49 9.331600e-01 9.552000e-03 5.728800e-02
50 9.313680e-01 9.708000e-03 5.892400e-02
51 9.295840e-01 9.732000e-03 6.068400e-02
52 9.277680e-01 9.820000e-03 6.241200e-02
53 9.261560e-01 9.684000e-03 6.416000e-02
54 9.242760e-01 9.868000e-03 6.585600e-02
55 9.225560e-01 9.900000e-03 6.754400e-02
56 9.209480e-01 9.820000e-03 6.923200e-02
57 9.193760e-01 9.680000e-03 7.094400e-02
58 9.177920e-01 9.548000e-03 7.266000e-02
59 9.163880e-01 9.260000e-03 7.435200e-02
60 9.150000e-01 8.972000e-03 7.602800e-02
61 9.134080e-01 9.040000e-03 7.755200e-02
62 9.117600e-01 9.096000e-03 7.914400e-02
63 9.101800e-01 9.112000e-03 8.070800e-02
64 9.083880e-01 9.328000e-03 8.228400e-02
65 9.067200e-01 9.400000e-03 8.388000e-02
66 9.050360e-01 9.472000e-03 8.549200e-02
67 9.033520e-01 9.528000e-03 8.712000e-02
68 9.015280e-01 9.628000e-03 8.884400e-02
69 8.998960e-01 9.612000e-03 9.049200e-02
70 8.982160e-01 9.620000e-03 9.216400e-02
71 8.965000e-01 9.584000e-03 9.391600e-02
72 8.948720e-01 9.592000e-03 9.553600e-02
73 8.933160e-01 9.488000e-03 9.719600e-02
74 8.917080e-01 9.416000e-03 9.887600e-02
75 8.901040e-01 9.292000e-03 1.006040e-01
76 8.885440e-01 9.220000e-03 1.022360e-01
77 8.869480e-01 9.148000e-03 1.039040e-01
78 8.853120e-01 9.204000e-03 1.054840e-01
79 8.840920e-01 8.764000e-03 1.071440e-01
80 8.826760e-01 8.708000e-03 1.086160e-01
81 8.811320e-01 8.756000e-03 1.101120e-01
82 8.795040e-01 8.836000e-03 1.116600e-01
83 8.780200e-01 8.848000e-03 1.131320e-01
84 8.764080e-01 8.956000e-03 1.146360e-01
85 8.749600e-01 8.848000e-03 1.161920e-01
86 8.733120e-01 8.908000e-03 1.177800e-01
87 8.717120e-01 8.864000e-03 1.194240e-01
88 8.700040e-01 9.032000e-03 1.209640e-01
89 8.683840e-01 9.028000e-03 1.225880e-01
90 8.667880e-01 8.892000e-03 1.243200e-01
91 8.653920e-01 8.772000e-03 1.258360e-01
92 8.637160e-01 8.824000e-03 1.274600e-01
93 8.622120e-01 8.644000e-03 1.291440e-01
94 8.607240e-01 8.676000e-03 1.306000e-01
95 8.593480e-01 8.544000e-03 1.321080e-01
96 8.580040e-01 8.420000e-03 1.335760e-01
97 8.564440e-01 8.504000e-03 1.350520e-01
98 8.547880e-01 8.700000e-03 1.365120e-01
99 8.531040e-01 9.012000e-03 1.378840e-01
100 8.515720e-01 8.916000e-03 1.395120e-01
101 8.499640e-01 8.888000e-03 1.411480e-01
102 8.482560e-01 9.052000e-03 1.426920e-01
103 8.467440e-01 8.744000e-03 1.445120e-01
104 8.451640e-01 8.716000e-03 1.461200e-01
105 8.436440e-01 8.720000e-03 1.476360e-01
106 8.420800e-01 8.744000e-03 1.491760e-01
107 8.404560e-01 8.796000e-03 1.507480e-01
108 8.388800e-01 8.676000e-03 1.524440e-01
109 8.372640e-01 8.684000e-03 1.540520e-01
110 8.357640e-01 8.648000e-03 1.555880e-01
111 8.343760e-01 8.552000e-03 1.570720e-01
112 8.328480e-01 8.540000e-03 1.586120e-01
113 8.315160e-01 8.352000e-03 1.601320e-01
114 8.301080e-01 8.328000e-03 1.615640e-01
115 8.286680e-01 8.252000e-03 1.630800e-01
116 8.273600e-01 8.164000e-03 1.644760e-01
117 8.259880e-01 8.180000e-03 1.658320e-01
118 8.247160e-01 8.008000e-03 1.672760e-01
119 8.235320e-01 7.864000e-03 1.686040e-01
120 8.222480e-01 7.920000e-03 1.698320e-01
121 8.209400e-01 7.812000e-03 1.712480e-01
122 8.195440e-01 7.772000e-03 1.726840e-01
123 8.181480e-01 7.884000e-03 1.739680e-01
124 8.167840e-01 7.864000e-03 1.753520e-01
125 8.154840e-01 7.808000e-03 1.767080e-01
126 8.140360e-01 8.040000e-03 1.779240e-01
127 8.128520e-01 7.776000e-03 1.793720e-01
128 8.116920e-01 7.700000e-03 1.806080e-01
129 8.104320e-01 7.624000e-03 1.819440e-01
130 8.092240e-01 7.492000e-03 1.832840e-01
131 8.081880e-01 7.296000e-03 1.845160e-01
132 8.070760e-01 7.128000e-03 1.857960e-01
133 8.060360e-01 6.984000e-03 1.869800e-01
134 8.049320e-01 6.992000e-03 1.880760e-01
135 8.037720e-01 6.836000e-03 1.893920e-01
136 8.026240e-01 6.776000e-03 1.906000e-01
137 8.013120e-01 6.864000e-03 1.918240e-01
138 8.001680e-01 6.840000e-03 1.929920e-01
139 7.988920e-01 7.076000e-03 1.940320e-01
140 7.977360e-01 7.032000e-03 1.952320e-01
141 7.966600e-01 6.980000e-03 1.963600e-01
142 7.954120e-01 6.932000e-03 1.976560e-01
143 7.942960e-01 6.820000e-03 1.988840e-01
144 7.932480e-01 6.668000e-03 2.000840e-01
145 7.921320e-01 6.508000e-03 2.013600e-01
146 7.912440e-01 6.256000e-03 2.025000e-01
147 7.903360e-01 6.136000e-03 2.035280e-01
148 7.894320e-01 5.916000e-03 2.046520e-01
149 7.884640e-01 5.880000e-03 2.056560e-01
150 7.874920e-01 5.888000e-03 2.066200e-01
151 7.864840e-01 5.912000e-03 2.076040e-01
152 7.855840e-01 5.728000e-03 2.086880e-01
153 7.845920e-01 5.740000e-03 2.096680e-01
154 7.836880e-01 5.720000e-03 2.105920e-01
155 7.827520e-01 5.744000e-03 2.115040e-01
156 7.818160e-01 5.620000e-03 2.125640e-01
157 7.807680e-01 5.756000e-03 2.134760e-01
158 7.798200e-01 5.720000e-03 2.144600e-01
159 7.788840e-01 5.752000e-03 2.153640e-01
160 7.778760e-01 5.744000e-03 2.163800e-01
161 7.768600e-01 5.728000e-03 2.174120e-01
162 7.758080e-01 5.780000e-03 2.184120e-01
163 7.748040e-01 5.828000e-03 2.193680e-01
164 7.738360e-01 5.844000e-03 2.203200e-01
165 7.728480e-01 5.844000e-03 2.213080e-01
166 7.718400e-01 5.860000e-03 2.223000e-01
167 7.708200e-01 5.860000e-03 2.233200e-01
168 7.698200e-01 6.000000e-03 2.241800e-01
169 7.689120e-01 5.788000e-03 2.253000e-01
170 7.680040e-01 5.680000e-03 2.263160e-01
171 7.670280e-01 5.764000e-03 2.272080e-01
172 7.660240e-01 5.760000e-03 2.282160e-01
173 7.649920e-01 5.904000e-03 2.291040e-01
174 7.640160e-01 5.868000e-03 2.301160e-01
175 7.631520e-01 5.772000e-03 2.310760e-01
176 7.621840e-01 5.724000e-03 2.320920e-01
177 7.612040e-01 5.760000e-03 2.330360e-01
178 7.602320e-01 5.744000e-03 2.340240e-01
179 7.593680e-01 5.608000e-03 2.350240e-01
180 7.584280e-01 5.552000e-03 2.360200e-01
181 7.574560e-01 5.600000e-03 2.369440e-01
182 7.564880e-01 5.624000e-03 2.378880e-01
183 7.555240e-01 5.560000e-03 2.389160e-01
184 7.545800e-01 5.532000e-03 2.398880e-01
185 7.535720e-01 5.516000e-03 2.409120e-01
186 7.526440e-01 5.500000e-03 2.418560e-01
187 7.517760e-01 5.476000e-03 2.427480e-01
188 7.508320e-01 5.408000e-03 2.437600e-01
189 7.498440e-01 5.428000e-03 2.447280e-01
190 7.488400e-01 5.336000e-03 2.458240e-01
191 7.477640e-01 5.516000e-03 2.467200e-01
192 7.468240e-01 5.484000e-03 2.476920e-01
193 7.458720e-01 5.488000e-03 2.486400e-01
194 7.448800e-01 5.552000e-03 2.495680e-01
195 7.439080e-01 5.648000e-03 2.504440e-01
196 7.429720e-01 5.544000e-03 2.514840e-01
197 7.420600e-01 5.464000e-03 2.524760e-01
198 7.411400e-01 5.440000e-03 2.534200e-01
199 7.401240e-01 5.388000e-03 2.544880e-01
200 7.391760e-01 5.512000e-03 2.553120e-01
201 7.382600e-01 5.460000e-03 2.562800e-01
202 7.373520e-01 5.400000e-03 2.572480e-01
203 7.365000e-01 5.392000e-03 2.581080e-01
204 7.354760e-01 5.444000e-03 2.590800e-01
205 7.343960e-01 5.532000e-03 2.600720e-01
206 7.332800e-01 5.548000e-03 2.611720e-01
207 7.322960e-01 5.584000e-03 2.621200e-01
208 7.314200e-01 5.496000e-03 2.630840e-01
209 7.305120e-01 5.536000e-03 2.639520e-01
210 7.295240e-01 5.444000e-03 2.650320e-01
211 7.285320e-01 5.412000e-03 2.660560e-01
212 7.274760e-01 5.460000e-03 2.670640e-01
213 7.265840e-01 5.384000e-03 2.680320e-01
214 7.257280e-01 5.348000e-03 2.689240e-01
215 7.248400e-01 5.252000e-03 2.699080e-01
216 7.239760e-01 5.216000e-03 2.708080e-01
217 7.232160e-01 5.068000e-03 2.717160e-01
218 7.224880e-01 4.940000e-03 2.725720e-01
219 7.217040e-01 4.772000e-03 2.735240e-01
220 7.211320e-01 4.572000e-03 2.742960e-01
221 7.204600e-01 4.428000e-03 2.751120e-01
222 7.197200e-01 4.372000e-03 2.759080e-01
223 7.190760e-01 4.360000e-03 2.765640e-01
224 7.183120e-01 4.312000e-03 2.773760e-01
225 7.175640e-01 4.300000e-03 2.781360e-01
226 7.168280e-01 4.248000e-03 2.789240e-01
227 7.159560e-01 4.360000e-03 2.796840e-01
228 7.152000e-01 4.324000e-03 2.804760e-01
229 7.143640e-01 4.340000e-03 2.812960e-01
230 7.135800e-01 4.380000e-03 2.820400e-01
231 7.128760e-01 4.316000e-03 2.828080e-01
232 7.122760e-01 4.164000e-03 2.835600e-01
233 7.116120e-01 4.120000e-03 2.842680e-01
234 7.109120e-01 4.088000e-03 2.850000e-01
235 7.102120e-01 4.148000e-03 2.856400e-01
236 7.095800e-01 4.176000e-03 2.862440e-01
237 7.088680e-01 4.144000e-03 2.869880e-01
238 7.080560e-01 4.248000e-03 2.876960e-01
239 7.073440e-01 4.280000e-03 2.883760e-01
240 7.065640e-01 4.268000e-03 2.891680e-01
241 7.057920e-01 4.272000e-03 2.899360e-01
242 7.050800e-01 4.052000e-03 2.908680e-01
243 7.043960e-01 4.152000e-03 2.914520e-01
244 7.038000e-01 3.976000e-03 2.922240e-01
245 7.031200e-01 3.976000e-03 2.929040e-01
246 7.024360e-01 4.040000e-03 2.935240e-01
247 7.017280e-01 4.100000e-03 2.941720e-01
248 7.009880e-01 4.128000e-03 2.948840e-01
249 7.002240e-01 4.204000e-03 2.955720e-01
250 6.995760e-01 4.124000e-03 2.963000e-01
251 6.988160e-01 4.180000e-03 2.970040e-01
252 6.981240e-01 4.188000e-03 2.976880e-01
253 6.974680e-01 4.172000e-03 2.983600e-01
254 6.967200e-01 4.188000e-03 2.990920e-01
255 6.960240e-01 4.120000e-03 2.998560e-01
256 6.952760e-01 4.200000e-03 3.005240e-01
257 6.945520e-01 4.104000e-03 3.013440e-01
258 6.938720e-01 4.072000e-03 3.020560e-01
259 6.932000e-01 4.088000e-03 3.027120e-01
260 6.925360e-01 4.000000e-03 3.034640e-01
261 6.919080e-01 3.976000e-03 3.041160e-01
262 6.912760e-01 3.992000e-03 3.047320e-01
263 6.906400e-01 4.012000e-03 3.053480e-01
264 6.900360e-01 3.920000e-03 3.060440e-01
265 6.894080e-01 3.800000e-03 3.067920e-01
266 6.888080e-01 3.836000e-03 3.073560e-01
267 6.882080e-01 3.836000e-03 3.079560e-01
268 6.876120e-01 3.780000e-03 3.086080e-01
269 6.869040e-01 3.880000e-03 3.092160e-01
270 6.862760e-01 3.792000e-03 3.099320e-01
271 6.856600e-01 3.756000e-03 3.105840e-01
272 6.851040e-01 3.584000e-03 3.113120e-01
273 6.845760e-01 3.520000e-03 3.119040e-01
274 6.839200e-01 3.512000e-03 3.125680e-01
275 6.833440e-01 3.444000e-03 3.132120e-01
276 6.827320e-01 3.452000e-03 3.138160e-01
277 6.821920e-01 3.412000e-03 3.143960e-01
278 6.816320e-01 3.396000e-03 3.149720e-01
279 6.811120e-01 3.384000e-03 3.155040e-01
280 6.806120e-01 3.320000e-03 3.160680e-01
281 6.801520e-01 3.192000e-03 3.166560e-01
282 6.797120e-01 3.032000e-03 3.172560e-01
283 6.792200e-01 2.956000e-03 3.178240e-01
284 6.787320e-01 2.884000e-03 3.183840e-01
285 6.782480e-01 2.832000e-03 3.189200e-01
286 6.777680e-01 2.792000e-03 3.194400e-01
287 6.772800e-01 2.792000e-03 3.199280e-01
288 6.767360e-01 2.852000e-03 3.204120e-01
289 6.761840e-01 2.840000e-03 3.209760e-01
290 6.757240e-01 2.780000e-03 3.214960e-01
291 6.752920e-01 2.632000e-03 3.220760e-01
292 6.748400e-01 2.628000e-03 3.225320e-01
293 6.743920e-01 2.624000e-03 3.229840e-01
294 6.738520e-01 2.680000e-03 3.234680e-01
295 6.733760e-01 2.688000e-03 3.239360e-01
296 6.729880e-01 2.488000e-03 3.245240e-01
297 6.724440e-01 2.544000e-03 3.250120e-01
298 6.720120e-01 2.504000e-03 3.254840e-01
299 6.715440e-01 2.492000e-03 3.259640e-01
300 6.710920e-01 2.440000e-03 3.264680e-01
301 6.705600e-01 2.496000e-03 3.269440e-01
302 6.701000e-01 2.572000e-03 3.273280e-01
303 6.696280e-01 2.612000e-03 3.277600e-01
304 6.692120e-01 2.524000e-03 3.282640e-01
305 6.687760e-01 2.532000e-03 3.286920e-01
306 6.683600e-01 2.500000e-03 3.291400e-01
307 6.678640e-01 2.544000e-03 3.295920e-01
308 6.673760e-01 2.556000e-03 3.300680e-01
309 6.669440e-01 2.512000e-03 3.305440e-01
310 6.665240e-01 2.444000e-03 3.310320e-01
311 6.661440e-01 2.364000e-03 3.314920e-01
312 6.657640e-01 2.400000e-03 3.318360e-01
313 6.653920e-01 2.388000e-03 3.322200e-01
314 6.650720e-01 2.276000e-03 3.326520e-01
315 6.646560e-01 2.352000e-03 3.329920e-01
316 6.642960e-01 2.276000e-03 3.334280e-01
317 6.639560e-01 2.260000e-03 3.337840e-01
318 6.635960e-01 2.288000e-03 3.341160e-01
319 6.632760e-01 2.172000e-03 3.345520e-01
320 6.629760e-01 2.112000e-03 3.349120e-01
321 6.626440e-01 2.140000e-03 3.352160e-01
322 6.623760e-01 2.048000e-03 3.355760e-01
323 6.621160e-01 1.924000e-03 3.359600e-01
324 6.618560e-01 1.840000e-03 3.363040e-01
325 6.615920e-01 1.756000e-03 3.366520e-01
326 6.612760e-01 1.728000e-03 3.369960e-01
327 6.609840e-01 1.696000e-03 3.373200e-01
328 6.607240e-01 1.708000e-03 3.375680e-01
329 6.605040e-01 1.608000e-03 3.378880e-01
330 6.602680e-01 1.620000e-03 3.381120e-01
331 6.600280e-01 1.596000e-03 3.383760e-01
332 6.597080e-01 1.632000e-03 3.386600e-01
333 6.594480e-01 1.604000e-03 3.389480e-01
334 6.591560e-01 1.600000e-03 3.392440e-01
335 6.588360e-01 1.632000e-03 3.395320e-01
336 6.584680e-01 1.708000e-03 3.398240e-01
337 6.581360e-01 1.740000e-03 3.401240e-01
338 6.578080e-01 1.680000e-03 3.405120e-01
339 6.575160e-01 1.684000e-03 3.408000e-01
340 6.571560e-01 1.772000e-03 3.410720e-01
341 6.567600e-01 1.844000e-03 3.413960e-01
342 6.564600e-01 1.764000e-03 3.417760e-01
343 6.560600e-01 1.780000e-03 3.421600e-01
344 6.557280e-01 1.848000e-03 3.424240e-01
345 6.553600e-01 1.884000e-03 3.427560e-01
346 6.549720e-01 1.992000e-03 3.430360e-01
347 6.546320e-01 1.988000e-03 3.433800e-01
348 6.543160e-01 1.912000e-03 3.437720e-01
349 6.539800e-01 1.880000e-03 3.441400e-01
350 6.536760e-01 1.896000e-03 3.444280e-01
351 6.533480e-01 1.916000e-03 3.447360e-01
352 6.530400e-01 1.912000e-03 3.450480e-01
353 6.527280e-01 1.872000e-03 3.454000e-01
354 6.524400e-01 1.764000e-03 3.457960e-01
355 6.521720e-01 1.692000e-03 3.461360e-01
356 6.518920e-01 1.692000e-03 3.464160e-01
357 6.516400e-01 1.600000e-03 3.467600e-01
358 6.513640e-01 1.588000e-03 3.470480e-01
359 6.511000e-01 1.564000e-03 3.473360e-01
360 6.508680e-01 1.484000e-03 3.476480e-01
361 6.506040e-01 1.424000e-03 3.479720e-01
362 6.504120e-01 1.388000e-03 3.482000e-01
363 6.501680e-01 1.432000e-03 3.484000e-01
364 6.499320e-01 1.424000e-03 3.486440e-01
365 6.496640e-01 1.388000e-03 3.489480e-01
366 6.494200e-01 1.380000e-03 3.492000e-01
367 6.491280e-01 1.448000e-03 3.494240e-01
368 6.488200e-01 1.532000e-03 3.496480e-01
369 6.484680e-01 1.604000e-03 3.499280e-01
370 6.482120e-01 1.588000e-03 3.502000e-01
371 6.478640e-01 1.604000e-03 3.505320e-01
372 6.475800e-01 1.644000e-03 3.507760e-01
373 6.473840e-01 1.532000e-03 3.510840e-01
374 6.470640e-01 1.560000e-03 3.513760e-01
375 6.468400e-01 1.540000e-03 3.516200e-01
376 6.465640e-01 1.556000e-03 3.518800e-01
377 6.463000e-01 1.524000e-03 3.521760e-01
378 6.460640e-01 1.536000e-03 3.524000e-01
379 6.457640e-01 1.540000e-03 3.526960e-01
380 6.455480e-01 1.476000e-03 3.529760e-01
381 6.453120e-01 1.468000e-03 3.532200e-01
382 6.451080e-01 1.416000e-03 3.534760e-01
383 6.448600e-01 1.416000e-03 3.537240e-01
384 6.445880e-01 1.424000e-03 3.539880e-01
385 6.442960e-01 1.500000e-03 3.542040e-01
386 6.440840e-01 1.436000e-03 3.544800e-01
387 6.438000e-01 1.504000e-03 3.546960e-01
388 6.435480e-01 1.528000e-03 3.549240e-01
389 6.433000e-01 1.456000e-03 3.552440e-01
390 6.429840e-01 1.592000e-03 3.554240e-01
391 6.426680e-01 1.652000e-03 3.556800e-01
392 6.423320e-01 1.736000e-03 3.559320e-01
393 6.420800e-01 1.760000e-03 3.561600e-01
394 6.417240e-01 1.828000e-03 3.564480e-01
395 6.413920e-01 1.784000e-03 3.568240e-01
396 6.411040e-01 1.724000e-03 3.571720e-01
397 6.408200e-01 1.704000e-03 3.574760e-01
398 6.405360e-01 1.692000e-03 3.577720e-01
399 6.401520e-01 1.756000e-03 3.580920e-01
400 6.398840e-01 1.764000e-03 3.583520e-01
401 6.395920e-01 1.724000e-03 3.586840e-01
402 6.392880e-01 1.744000e-03 3.589680e-01
403 6.390080e-01 1.756000e-03 3.592360e-01
404 6.387000e-01 1.732000e-03 3.595680e-01
405 6.383560e-01 1.740000e-03 3.599040e-01
406 6.381000e-01 1.692000e-03 3.602080e-01
407 6.377960e-01 1.708000e-03 3.604960e-01
408 6.375200e-01 1.672000e-03 3.608080e-01
409 6.372680e-01 1.636000e-03 3.610960e-01
410 6.369520e-01 1.676000e-03 3.613720e-01
411 6.366920e-01 1.600000e-03 3.617080e-01
412 6.363800e-01 1.644000e-03 3.619760e-01
413 6.360760e-01 1.716000e-03 3.622080e-01
414 6.357640e-01 1.704000e-03 3.625320e-01
415 6.354560e-01 1.676000e-03 3.628680e-01
416 6.351320e-01 1.732000e-03 3.631360e-01
417 6.347680e-01 1.852000e-03 3.633800e-01
418 6.344880e-01 1.796000e-03 3.637160e-01
419 6.341920e-01 1.800000e-03 3.640080e-01
420 6.338880e-01 1.760000e-03 3.643520e-01
421 6.335800e-01 1.756000e-03 3.646640e-01
422 6.333040e-01 1.740000e-03 3.649560e-01
423 6.330200e-01 1.696000e-03 3.652840e-01
424 6.328120e-01 1.560000e-03 3.656280e-01
425 6.326080e-01 1.468000e-03 3.659240e-01
426 6.323320e-01 1.536000e-03 3.661320e-01
427 6.320560e-01 1.556000e-03 3.663880e-01
428 6.317760e-01 1.572000e-03 3.666520e-01
429 6.315160e-01 1.496000e-03 3.669880e-01
430 6.312040e-01 1.536000e-03 3.672600e-01
431 6.309360e-01 1.524000e-03 3.675400e-01
432 6.307320e-01 1.412000e-03 3.678560e-01
433 6.305480e-01 1.336000e-03 3.681160e-01
434 6.303360e-01 1.316000e-03 3.683480e-01
435 6.301880e-01 1.216000e-03 3.685960e-01
436 6.300520e-01 1.144000e-03 3.688040e-01
437 6.298400e-01 1.160000e-03 3.690000e-01
438 6.296640e-01 1.168000e-03 3.691680e-01
439 6.294640e-01 1.140000e-03 3.693960e-01
440 6.292960e-01 1.132000e-03 3.695720e-01
441 6.291160e-01 1.140000e-03 3.697440e-01
442 6.289600e-01 1.072000e-03 3.699680e-01
443 6.287560e-01 1.084000e-03 3.701600e-01
444 6.285440e-01 1.144000e-03 3.703120e-01
445 6.283680e-01 1.128000e-03 3.705040e-01
446 6.281960e-01 1.120000e-03 3.706840e-01
447 6.280160e-01 1.140000e-03 3.708440e-01
448 6.278560e-01 1.120000e-03 3.710240e-01
449 6.276200e-01 1.148000e-03 3.712320e-01
450 6.273800e-01 1.200000e-03 3.714200e-01
451 6.271760e-01 1.140000e-03 3.716840e-01
452 6.269560e-01 1.188000e-03 3.718560e-01
453 6.267720e-01 1.156000e-03 3.720720e-01
454 6.265960e-01 1.144000e-03 3.722600e-01
455 6.263480e-01 1.188000e-03 3.724640e-01
456 6.261880e-01 1.184000e-03 3.726280e-01
457 6.259480e-01 1.232000e-03 3.728200e-01
458 6.258000e-01 1.188000e-03 3.730120e-01
459 6.256600e-01 1.144000e-03 3.731960e-01
460 6.254960e-01 1.156000e-03 3.733480e-01
461 6.253600e-01 1.080000e-03 3.735600e-01
462 6.252280e-01 9.800000e-04 3.737920e-01
463 6.250800e-01 9.320000e-04 3.739880e-01
464 6.249320e-01 8.800000e-04 3.741880e-01
465 6.248000e-01 8.200000e-04 3.743800e-01
466 6.246480e-01 8.440000e-04 3.745080e-01
467 6.244840e-01 8.520000e-04 3.746640e-01
468 6.243680e-01 8.200000e-04 3.748120e-01
469 6.242440e-01 7.960000e-04 3.749600e-01
470 6.241520e-01 8.000000e-04 3.750480e-01
471 6.240600e-01 7.480000e-04 3.751920e-01
472 6.239520e-01 7.120000e-04 3.753360e-01
473 6.238480e-01 6.800000e-04 3.754720e-01
474 6.236800e-01 6.880000e-04 3.756320e-01
475 6.235320e-01 6.920000e-04 3.757760e-01
476 6.234240e-01 6.600000e-04 3.759160e-01
477 6.232920e-01 6.640000e-04 3.760440e-01
478 6.231760e-01 6.600000e-04 3.761640e-01
479 6.230520e-01 7.120000e-04 3.762360e-01
480 6.229280e-01 7.240000e-04 3.763480e-01
481 6.228000e-01 7.560000e-04 3.764440e-01
482 6.226800e-01 7.480000e-04 3.765720e-01
483 6.225560e-01 7.840000e-04 3.766600e-01
484 6.223960e-01 8.040000e-04 3.768000e-01
485 6.222480e-01 7.680000e-04 3.769840e-01
486 6.221440e-01 7.320000e-04 3.771240e-01
487 6.220680e-01 6.960000e-04 3.772360e-01
488 6.219800e-01 6.440000e-04 3.773760e-01
489 6.218480e-01 6.480000e-04 3.775040e-01
490 6.217200e-01 6.440000e-04 3.776360e-01
491 6.215680e-01 6.440000e-04 3.777880e-01
492 6.214800e-01 6.280000e-04 3.778920e-01
493 6.213840e-01 6.200000e-04 3.779960e-01
494 6.213040e-01 5.920000e-04 3.781040e-01
495 6.212200e-01 5.720000e-04 3.782080e-01
496 6.211240e-01 5.720000e-04 3.783040e-01
497 6.209880e-01 5.560000e-04 3.784560e-01
498 6.208800e-01 5.800000e-04 3.785400e-01
499 6.208080e-01 5.680000e-04 3.786240e-01
500 6.207240e-01 5.280000e-04 3.787480e-01
