1 9.991840e-01 7.000000e-04 1.160000e-04
2 9.985960e-01 1.152000e-03 2.520000e-04
3 9.979800e-01 1.540000e-03 4.800000e-04
4 9.972120e-01 1.988000e-03 8.000000e-04
5 9.964440e-01 2.352000e-03 1.204000e-03
6 9.954880e-01 2.852000e-03 1.660000e-03
7 9.946040e-01 3.180000e-03 2.216000e-03
8 9.935480e-01 3.608000e-03 2.844000e-03
9 9.924000e-01 4.104000e-03 3.496000e-03
10 9.913320e-01 4.412000e-03 4.256000e-03
11 9.902120e-01 4.652000e-03 5.136000e-03
12 9.891640e-01 4.852000e-03 5.984000e-03
13 9.880520e-01 5.032000e-03 6.916000e-03
14 9.870200e-01 5.220000e-03 7.760000e-03
15 9.859720e-01 5.256000e-03 8.772000e-03
16 9.846880e-01 5.592000e-03 9.720000e-03
17 9.835720e-01 5.664000e-03 1.076400e-02
18 9.823400e-01 5.816000e-03 1.184400e-02
19 9.810480e-01 6.208000e-03 1.274400e-02
20 9.797640e-01 6.316000e-03 1.392000e-02
21 9.783720e-01 6.616000e-03 1.501200e-02
22 9.771800e-01 6.684000e-03 1.613600e-02
23 9.758440e-01 6.736000e-03 1.742000e-02
24 9.746240e-01 6.668000e-03 1.870800e-02
25 9.734160e-01 6.756000e-03 1.982800e-02
26 9.721560e-01 6.888000e-03 2.095600e-02
27 9.708680e-01 7.048000e-03 2.208400e-02
28 9.695800e-01 7.168000e-03 2.325200e-02
29 9.682520e-01 7.264000e-03 2.448400e-02
30 9.668320e-01 7.344000e-03 2.582400e-02
31 9.653680e-01 7.568000e-03 2.706400e-02
32 9.638360e-01 7.808000e-03 2.835600e-02
33 9.622880e-01 7.884000e-03 2.982800e-02
34 9.607400e-01 8.032000e-03 3.122800e-02
35 9.591160e-01 8.248000e-03 3.263600e-02
36 9.576280e-01 8.320000e-03 3.405200e-02
37 9.561400e-01 8.224000e-03 3.563600e-02
38 9.546400e-01 8.316000e-03 3.704400e-02
39 9.531200e-01 8.384000e-03 3.849600e-02
40 9.516280e-01 8.436000e-03 3.993600e-02
41 9.500960e-01 8.524000e-03 4.138000e-02
42 9.485680e-01 8.596000e-03 4.283600e-02
43 9.471120e-01 8.496000e-03 4.439200e-02
44 9.455320e-01 8.488000e-03 4.598000e-02
45 9.439960e-01 8.604000e-03 4.740000e-02
46 9.423200e-01 8.876000e-03 4.880400e-02
47 9.406400e-01 9.072000e-03 5.028800e-02
48 9.391960e-01 8.908000e-03 5.189600e-02
49 9.376160e-01 8.904000e-03 5.348000e-02
50 9.362440e-01 8.740000e-03 5.501600e-02
51 9.345400e-01 8.904000e-03 5.655600e-02
52 9.329280e-01 9.024000e-03 5.804800e-02
53 9.312240e-01 9.200000e-03 5.957600e-02
54 9.294400e-01 9.384000e-03 6.117600e-02
55 9.278000e-01 9.364000e-03 6.283600e-02
56 9.262560e-01 9.344000e-03 6.440000e-02
57 9.247640e-01 9.248000e-03 6.598800e-02
58 9.230000e-01 9.428000e-03 6.757200e-02
59 9.214440e-01 9.356000e-03 6.920000e-02
60 9.198840e-01 9.228000e-03 7.088800e-02
61 9.181760e-01 9.380000e-03 7.244400e-02
62 9.164640e-01 9.444000e-03 7.409200e-02
63 9.148040e-01 9.464000e-03 7.573200e-02
64 9.132160e-01 9.252000e-03 7.753200e-02
65 9.115920e-01 9.232000e-03 7.917600e-02
66 9.099360e-01 9.244000e-03 8.082000e-02
67 9.084040e-01 9.096000e-03 8.250000e-02
68 9.067760e-01 9.108000e-03 8.411600e-02
69 9.051720e-01 9.188000e-03 8.564000e-02
70 9.037560e-01 9.016000e-03 8.722800e-02
71 9.023000e-01 8.844000e-03 8.885600e-02
72 9.008080e-01 8.764000e-03 9.042800e-02
73 8.993360e-01 8.728000e-03 9.193600e-02
74 8.978640e-01 8.488000e-03 9.364800e-02
75 8.964880e-01 8.416000e-03 9.509600e-02
76 8.949400e-01 8.536000e-03 9.652400e-02
77 8.935720e-01 8.496000e-03 9.793200e-02
78 8.920800e-01 8.364000e-03 9.955600e-02
79 8.906200e-01 8.264000e-03 1.011160e-01
80 8.890480e-01 8.476000e-03 1.024760e-01
81 8.874800e-01 8.624000e-03 1.038960e-01
82 8.858240e-01 8.784000e-03 1.053920e-01
83 8.840840e-01 9.036000e-03 1.068800e-01
84 8.823400e-01 9.112000e-03 1.085480e-01
85 8.806080e-01 9.336000e-03 1.100560e-01
86 8.791040e-01 9.212000e-03 1.116840e-01
87 8.774480e-01 9.212000e-03 1.133400e-01
88 8.760880e-01 9.028000e-03 1.148840e-01
89 8.745960e-01 8.940000e-03 1.164640e-01
90 8.730880e-01 8.996000e-03 1.179160e-01
91 8.714720e-01 8.836000e-03 1.196920e-01
92 8.700280e-01 8.668000e-03 1.213040e-01
93 8.685440e-01 8.560000e-03 1.228960e-01
94 8.671000e-01 8.468000e-03 1.244320e-01
95 8.656840e-01 8.360000e-03 1.259560e-01
96 8.640800e-01 8.452000e-03 1.274680e-01
97 8.626080e-01 8.348000e-03 1.290440e-01
98 8.610400e-01 8.496000e-03 1.304640e-01
99 8.595680e-01 8.440000e-03 1.319920e-01
100 8.579760e-01 8.444000e-03 1.335800e-01
101 8.565520e-01 8.536000e-03 1.349120e-01
102 8.551720e-01 8.504000e-03 1.363240e-01
103 8.535760e-01 8.576000e-03 1.378480e-01
104 8.521880e-01 8.544000e-03 1.392680e-01
105 8.508200e-01 8.504000e-03 1.406760e-01
106 8.494640e-01 8.332000e-03 1.422040e-01
107 8.479440e-01 8.312000e-03 1.437440e-01
108 8.465000e-01 8.288000e-03 1.452120e-01
109 8.452280e-01 8.180000e-03 1.465920e-01
110 8.440400e-01 7.984000e-03 1.479760e-01
111 8.427440e-01 7.972000e-03 1.492840e-01
112 8.414400e-01 7.888000e-03 1.506720e-01
113 8.401160e-01 7.920000e-03 1.519640e-01
114 8.387640e-01 7.972000e-03 1.532640e-01
115 8.374400e-01 7.840000e-03 1.547200e-01
116 8.360640e-01 7.872000e-03 1.560640e-01
117 8.347000e-01 7.888000e-03 1.574120e-01
118 8.333240e-01 7.844000e-03 1.588320e-01
119 8.320720e-01 7.796000e-03 1.601320e-01
120 8.307200e-01 7.672000e-03 1.616080e-01
121 8.294280e-01 7.732000e-03 1.628400e-01
122 8.282280e-01 7.664000e-03 1.641080e-01
123 8.269880e-01 7.596000e-03 1.654160e-01
124 8.258480e-01 7.308000e-03 1.668440e-01
125 8.247000e-01 7.188000e-03 1.681120e-01
126 8.234000e-01 7.276000e-03 1.693240e-01
127 8.223080e-01 7.040000e-03 1.706520e-01
128 8.212600e-01 6.928000e-03 1.718120e-01
129 8.201200e-01 6.924000e-03 1.729560e-01
130 8.190240e-01 6.856000e-03 1.741200e-01
131 8.178760e-01 6.864000e-03 1.752600e-01
132 8.167680e-01 6.760000e-03 1.764720e-01
133 8.154960e-01 6.812000e-03 1.776920e-01
134 8.142840e-01 6.872000e-03 1.788440e-01
135 8.131640e-01 6.740000e-03 1.800960e-01
136 8.119800e-01 6.608000e-03 1.814120e-01
137 8.108240e-01 6.584000e-03 1.825920e-01
138 8.097920e-01 6.528000e-03 1.836800e-01
139 8.087680e-01 6.440000e-03 1.847920e-01
140 8.077000e-01 6.488000e-03 1.858120e-01
141 8.066520e-01 6.340000e-03 1.870080e-01
142 8.055280e-01 6.308000e-03 1.881640e-01
143 8.044520e-01 6.312000e-03 1.892360e-01
144 8.034600e-01 6.044000e-03 1.904960e-01
145 8.023800e-01 5.968000e-03 1.916520e-01
146 8.013800e-01 5.928000e-03 1.926920e-01
147 8.002520e-01 6.004000e-03 1.937440e-01
148 7.991880e-01 6.072000e-03 1.947400e-01
149 7.980240e-01 6.116000e-03 1.958600e-01
150 7.970160e-01 6.076000e-03 1.969080e-01
151 7.958160e-01 6.276000e-03 1.979080e-01
152 7.948280e-01 6.128000e-03 1.990440e-01
153 7.938160e-01 5.992000e-03 2.001920e-01
154 7.927880e-01 5.924000e-03 2.012880e-01
155 7.917040e-01 6.016000e-03 2.022800e-01
156 7.905960e-01 6.024000e-03 2.033800e-01
157 7.895720e-01 6.088000e-03 2.043400e-01
158 7.885120e-01 5.960000e-03 2.055280e-01
159 7.875520e-01 5.824000e-03 2.066240e-01
160 7.864440e-01 5.976000e-03 2.075800e-01
161 7.853800e-01 5.944000e-03 2.086760e-01
162 7.843400e-01 5.896000e-03 2.097640e-01
163 7.833800e-01 5.856000e-03 2.107640e-01
164 7.824400e-01 5.800000e-03 2.117600e-01
165 7.815000e-01 5.772000e-03 2.127280e-01
166 7.804880e-01 5.740000e-03 2.137720e-01
167 7.795920e-01 5.688000e-03 2.147200e-01
168 7.786120e-01 5.708000e-03 2.156800e-01
169 7.776240e-01 5.796000e-03 2.165800e-01
170 7.766480e-01 5.788000e-03 2.175640e-01
171 7.756600e-01 5.764000e-03 2.185760e-01
172 7.747480e-01 5.716000e-03 2.195360e-01
173 7.737600e-01 5.672000e-03 2.205680e-01
174 7.727760e-01 5.740000e-03 2.214840e-01
175 7.719320e-01 5.552000e-03 2.225160e-01
176 7.709760e-01 5.504000e-03 2.235200e-01
177 7.700800e-01 5.456000e-03 2.244640e-01
178 7.691560e-01 5.404000e-03 2.254400e-01
179 7.681480e-01 5.456000e-03 2.263960e-01
180 7.671440e-01 5.508000e-03 2.273480e-01
181 7.661880e-01 5.520000e-03 2.282920e-01
182 7.653120e-01 5.452000e-03 2.292360e-01
183 7.644440e-01 5.272000e-03 2.302840e-01
184 7.635000e-01 5.388000e-03 2.311120e-01
185 7.625600e-01 5.368000e-03 2.320720e-01
186 7.616120e-01 5.380000e-03 2.330080e-01
187 7.607560e-01 5.300000e-03 2.339440e-01
188 7.598280e-01 5.300000e-03 2.348720e-01
189 7.588800e-01 5.284000e-03 2.358360e-01
190 7.579160e-01 5.276000e-03 2.368080e-01
191 7.570920e-01 5.208000e-03 2.377000e-01
192 7.560800e-01 5.284000e-03 2.386360e-01
193 7.551400e-01 5.316000e-03 2.395440e-01
194 7.542120e-01 5.444000e-03 2.403440e-01
195 7.533040e-01 5.400000e-03 2.412960e-01
196 7.524160e-01 5.292000e-03 2.422920e-01
197 7.514560e-01 5.348000e-03 2.431960e-01
198 7.505600e-01 5.276000e-03 2.441640e-01
199 7.497240e-01 5.256000e-03 2.450200e-01
200 7.487880e-01 5.236000e-03 2.459760e-01
201 7.477400e-01 5.368000e-03 2.468920e-01
202 7.466680e-01 5.524000e-03 2.478080e-01
203 7.456280e-01 5.508000e-03 2.488640e-01
204 7.445280e-01 5.604000e-03 2.498680e-01
205 7.434080e-01 5.768000e-03 2.508240e-01
206 7.424000e-01 5.776000e-03 2.518240e-01
207 7.412400e-01 5.940000e-03 2.528200e-01
208 7.400760e-01 6.024000e-03 2.539000e-01
209 7.390080e-01 5.924000e-03 2.550680e-01
210 7.379480e-01 5.948000e-03 2.561040e-01
211 7.368280e-01 6.080000e-03 2.570920e-01
212 7.355840e-01 6.288000e-03 2.581280e-01
213 7.344960e-01 6.316000e-03 2.591880e-01
214 7.333320e-01 6.384000e-03 2.602840e-01
215 7.322480e-01 6.348000e-03 2.614040e-01
216 7.311520e-01 6.260000e-03 2.625880e-01
217 7.300400e-01 6.224000e-03 2.637360e-01
218 7.288280e-01 6.280000e-03 2.648920e-01
219 7.276640e-01 6.296000e-03 2.660400e-01
220 7.267320e-01 6.152000e-03 2.671160e-01
221 7.256800e-01 6.112000e-03 2.682080e-01
222 7.245360e-01 6.252000e-03 2.692120e-01
223 7.234360e-01 6.252000e-03 2.703120e-01
224 7.224720e-01 6.192000e-03 2.713360e-01
225 7.213480e-01 6.292000e-03 2.723600e-01
226 7.203240e-01 6.384000e-03 2.732920e-01
227 7.193680e-01 6.116000e-03 2.745160e-01
228 7.182640e-01 6.164000e-03 2.755720e-01
229 7.171240e-01 6.240000e-03 2.766360e-01
230 7.160880e-01 6.264000e-03 2.776480e-01
231 7.150640e-01 6.092000e-03 2.788440e-01
232 7.140240e-01 6.120000e-03 2.798560e-01
233 7.128360e-01 6.184000e-03 2.809800e-01
234 7.116240e-01 6.288000e-03 2.820880e-01
235 7.105080e-01 6.328000e-03 2.831640e-01
236 7.094800e-01 6.312000e-03 2.842080e-01
237 7.083880e-01 6.216000e-03 2.853960e-01
238 7.073720e-01 6.084000e-03 2.865440e-01
239 7.063720e-01 6.016000e-03 2.876120e-01
240 7.052920e-01 6.080000e-03 2.886280e-01
241 7.043480e-01 6.084000e-03 2.895680e-01
242 7.033560e-01 5.932000e-03 2.907120e-01
243 7.024440e-01 5.856000e-03 2.917000e-01
244 7.013560e-01 5.868000e-03 2.927760e-01
245 7.003240e-01 5.860000e-03 2.938160e-01
246 6.992720e-01 5.944000e-03 2.947840e-01
247 6.982200e-01 5.820000e-03 2.959600e-01
248 6.972160e-01 5.760000e-03 2.970240e-01
249 6.962880e-01 5.664000e-03 2.980480e-01
250 6.952840e-01 5.680000e-03 2.990360e-01
251 6.942080e-01 5.784000e-03 3.000080e-01
252 6.931360e-01 5.924000e-03 3.009400e-01
253 6.920600e-01 6.044000e-03 3.018960e-01
254 6.910920e-01 5.952000e-03 3.029560e-01
255 6.900840e-01 5.924000e-03 3.039920e-01
256 6.890040e-01 6.012000e-03 3.049840e-01
257 6.880240e-01 5.916000e-03 3.060600e-01
258 6.871000e-01 5.936000e-03 3.069640e-01
259 6.860880e-01 5.912000e-03 3.080000e-01
260 6.849600e-01 5.944000e-03 3.090960e-01
261 6.838760e-01 5.976000e-03 3.101480e-01
262 6.828960e-01 5.868000e-03 3.112360e-01
263 6.819360e-01 5.688000e-03 3.123760e-01
264 6.810520e-01 5.564000e-03 3.133840e-01
265 6.799840e-01 5.540000e-03 3.144760e-01
266 6.790200e-01 5.488000e-03 3.154920e-01
267 6.781760e-01 5.340000e-03 3.164840e-01
268 6.773640e-01 5.284000e-03 3.173520e-01
269 6.764760e-01 5.300000e-03 3.182240e-01
270 6.756560e-01 5.132000e-03 3.192120e-01
271 6.748720e-01 5.056000e-03 3.200720e-01
272 6.740360e-01 5.124000e-03 3.208400e-01
273 6.730640e-01 5.172000e-03 3.217640e-01
274 6.720560e-01 5.212000e-03 3.227320e-01
275 6.710600e-01 5.276000e-03 3.236640e-01
276 6.701840e-01 5.236000e-03 3.245800e-01
277 6.691800e-01 5.292000e-03 3.255280e-01
278 6.682240e-01 5.396000e-03 3.263800e-01
279 6.672720e-01 5.376000e-03 3.273520e-01
280 6.663160e-01 5.436000e-03 3.282480e-01
281 6.654400e-01 5.400000e-03 3.291600e-01
282 6.645520e-01 5.380000e-03 3.300680e-01
283 6.636960e-01 5.308000e-03 3.309960e-01
284 6.629320e-01 5.096000e-03 3.319720e-01
285 6.622360e-01 4.932000e-03 3.328320e-01
286 6.614520e-01 4.816000e-03 3.337320e-01
287 6.606440e-01 4.756000e-03 3.346000e-01
288 6.598960e-01 4.736000e-03 3.353680e-01
289 6.590960e-01 4.716000e-03 3.361880e-01
290 6.583040e-01 4.712000e-03 3.369840e-01
291 6.575000e-01 4.680000e-03 3.378200e-01
292 6.566040e-01 4.776000e-03 3.386200e-01
293 6.557920e-01 4.760000e-03 3.394480e-01
294 6.549440e-01 4.828000e-03 3.402280e-01
295 6.541280e-01 4.832000e-03 3.410400e-01
296 6.533200e-01 4.760000e-03 3.419200e-01
297 6.525080e-01 4.692000e-03 3.428000e-01
298 6.517320e-01 4.652000e-03 3.436160e-01
299 6.509800e-01 4.528000e-03 3.444920e-01
300 6.501840e-01 4.576000e-03 3.452400e-01
301 6.494560e-01 4.504000e-03 3.460400e-01
302 6.488240e-01 4.312000e-03 3.468640e-01
303 6.480760e-01 4.276000e-03 3.476480e-01
304 6.473760e-01 4.220000e-03 3.484040e-01
305 6.466240e-01 4.228000e-03 3.491480e-01
306 6.459800e-01 4.148000e-03 3.498720e-01
307 6.452760e-01 4.184000e-03 3.505400e-01
308 6.445760e-01 4.212000e-03 3.512120e-01
309 6.440680e-01 4.000000e-03 3.519320e-01
310 6.434440e-01 3.876000e-03 3.526800e-01
311 6.428680e-01 3.632000e-03 3.535000e-01
312 6.423360e-01 3.568000e-03 3.540960e-01
313 6.417400e-01 3.572000e-03 3.546880e-01
314 6.411960e-01 3.584000e-03 3.552200e-01
315 6.405280e-01 3.620000e-03 3.558520e-01
316 6.398480e-01 3.680000e-03 3.564720e-01
317 6.392120e-01 3.616000e-03 3.571720e-01
318 6.386920e-01 3.524000e-03 3.577840e-01
319 6.381760e-01 3.492000e-03 3.583320e-01
320 6.374920e-01 3.532000e-03 3.589760e-01
321 6.369640e-01 3.376000e-03 3.596600e-01
322 6.364600e-01 3.236000e-03 3.603040e-01
323 6.359160e-01 3.224000e-03 3.608600e-01
324 6.353840e-01 3.156000e-03 3.614600e-01
325 6.347920e-01 3.148000e-03 3.620600e-01
326 6.342960e-01 3.208000e-03 3.624960e-01
327 6.337800e-01 3.212000e-03 3.630080e-01
328 6.332760e-01 3.140000e-03 3.635840e-01
329 6.327000e-01 3.100000e-03 3.642000e-01
330 6.321280e-01 3.016000e-03 3.648560e-01
331 6.316920e-01 2.916000e-03 3.653920e-01
332 6.312200e-01 2.900000e-03 3.658800e-01
333 6.307480e-01 2.840000e-03 3.664120e-01
334 6.302240e-01 2.924000e-03 3.668520e-01
335 6.297440e-01 2.888000e-03 3.673680e-01
336 6.291880e-01 2.940000e-03 3.678720e-01
337 6.286080e-01 3.004000e-03 3.683880e-01
338 6.281600e-01 3.032000e-03 3.688080e-01
339 6.276280e-01 2.996000e-03 3.693760e-01
340 6.271000e-01 2.972000e-03 3.699280e-01
341 6.265160e-01 3.064000e-03 3.704200e-01
342 6.259120e-01 3.152000e-03 3.709360e-01
343 6.253680e-01 3.192000e-03 3.714400e-01
344 6.246840e-01 3.384000e-03 3.719320e-01
345 6.241240e-01 3.372000e-03 3.725040e-01
346 6.235320e-01 3.424000e-03 3.730440e-01
347 6.229600e-01 3.396000e-03 3.736440e-01
348 6.223200e-01 3.492000e-03 3.741880e-01
349 6.217840e-01 3.432000e-03 3.747840e-01
350 6.211320e-01 3.448000e-03 3.754200e-01
351 6.205760e-01 3.400000e-03 3.760240e-01
352 6.200360e-01 3.360000e-03 3.766040e-01
353 6.195600e-01 3.224000e-03 3.772160e-01
354 6.191040e-01 3.124000e-03 3.777720e-01
355 6.186200e-01 3.072000e-03 3.783080e-01
356 6.180800e-01 3.108000e-03 3.788120e-01
357 6.175240e-01 3.100000e-03 3.793760e-01
358 6.170600e-01 3.064000e-03 3.798760e-01
359 6.164920e-01 3.112000e-03 3.803960e-01
360 6.159880e-01 3.032000e-03 3.809800e-01
361 6.155200e-01 2.980000e-03 3.815000e-01
362 6.150320e-01 2.920000e-03 3.820480e-01
363 6.145560e-01 2.892000e-03 3.825520e-01
364 6.140480e-01 2.940000e-03 3.830120e-01
365 6.135240e-01 2.924000e-03 3.835520e-01
366 6.130320e-01 2.840000e-03 3.841280e-01
367 6.125240e-01 2.892000e-03 3.845840e-01
368 6.119280e-01 3.036000e-03 3.850360e-01
369 6.114640e-01 2.968000e-03 3.855680e-01
370 6.110200e-01 2.812000e-03 3.861680e-01
371 6.105680e-01 2.808000e-03 3.866240e-01
372 6.101320e-01 2.788000e-03 3.870800e-01
373 6.097160e-01 2.748000e-03 3.875360e-01
374 6.092360e-01 2.772000e-03 3.879920e-01
375 6.088320e-01 2.732000e-03 3.884360e-01
376 6.083840e-01 2.632000e-03 3.889840e-01
377 6.078560e-01 2.740000e-03 3.894040e-01
378 6.074000e-01 2.696000e-03 3.899040e-01
379 6.069560e-01 2.696000e-03 3.903480e-01
380 6.064640e-01 2.724000e-03 3.908120e-01
381 6.059040e-01 2.772000e-03 3.913240e-01
382 6.054840e-01 2.736000e-03 3.917800e-01
383 6.049440e-01 2.736000e-03 3.923200e-01
384 6.044000e-01 2.776000e-03 3.928240e-01
385 6.039720e-01 2.740000e-03 3.932880e-01
386 6.034480e-01 2.824000e-03 3.937280e-01
387 6.030400e-01 2.748000e-03 3.942120e-01
388 6.025680e-01 2.812000e-03 3.946200e-01
389 6.021560e-01 2.844000e-03 3.950000e-01
390 6.018000e-01 2.708000e-03 3.954920e-01
391 6.014520e-01 2.608000e-03 3.959400e-01
392 6.010640e-01 2.572000e-03 3.963640e-01
393 6.006320e-01 2.576000e-03 3.967920e-01
394 6.002280e-01 2.536000e-03 3.972360e-01
395 5.998560e-01 2.504000e-03 3.976400e-01
396 5.994480e-01 2.480000e-03 3.980720e-01
397 5.989640e-01 2.500000e-03 3.985360e-01
398 5.986240e-01 2.380000e-03 3.989960e-01
399 5.982200e-01 2.352000e-03 3.994280e-01
400 5.978280e-01 2.336000e-03 3.998360e-01
401 5.974360e-01 2.368000e-03 4.001960e-01
402 5.970440e-01 2.328000e-03 4.006280e-01
403 5.967120e-01 2.212000e-03 4.010760e-01
404 5.964000e-01 2.188000e-03 4.014120e-01
405 5.961160e-01 2.064000e-03 4.018200e-01
406 5.957640e-01 2.088000e-03 4.021480e-01
407 5.954400e-01 2.072000e-03 4.024880e-01
408 5.951120e-01 2.072000e-03 4.028160e-01
409 5.948280e-01 2.028000e-03 4.031440e-01
410 5.945320e-01 2.036000e-03 4.034320e-01
411 5.942200e-01 1.952000e-03 4.038280e-01
412 5.939400e-01 1.912000e-03 4.041480e-01
413 5.936760e-01 1.856000e-03 4.044680e-01
414 5.933320e-01 1.856000e-03 4.048120e-01
415 5.930480e-01 1.768000e-03 4.051840e-01
416 5.927880e-01 1.772000e-03 4.054400e-01
417 5.924720e-01 1.760000e-03 4.057680e-01
418 5.921760e-01 1.776000e-03 4.060480e-01
419 5.918200e-01 1.784000e-03 4.063960e-01
420 5.914520e-01 1.844000e-03 4.067040e-01
421 5.910560e-01 1.920000e-03 4.070240e-01
422 5.907480e-01 1.864000e-03 4.073880e-01
423 5.904680e-01 1.868000e-03 4.076640e-01
424 5.901240e-01 1.924000e-03 4.079520e-01
425 5.896880e-01 2.020000e-03 4.082920e-01
426 5.893720e-01 1.916000e-03 4.087120e-01
427 5.890240e-01 1.912000e-03 4.090640e-01
428 5.887040e-01 1.916000e-03 4.093800e-01
429 5.882960e-01 1.948000e-03 4.097560e-01
430 5.879160e-01 1.944000e-03 4.101400e-01
431 5.874120e-01 2.084000e-03 4.105040e-01
432 5.869880e-01 2.160000e-03 4.108520e-01
433 5.865280e-01 2.208000e-03 4.112640e-01
434 5.861360e-01 2.200000e-03 4.116640e-01
435 5.856560e-01 2.284000e-03 4.120600e-01
436 5.852960e-01 2.288000e-03 4.124160e-01
437 5.849360e-01 2.208000e-03 4.128560e-01
438 5.845240e-01 2.256000e-03 4.132200e-01
439 5.841200e-01 2.244000e-03 4.136360e-01
440 5.837720e-01 2.188000e-03 4.140400e-01
441 5.833800e-01 2.208000e-03 4.144120e-01
442 5.829760e-01 2.156000e-03 4.148680e-01
443 5.826640e-01 2.068000e-03 4.152680e-01
444 5.822840e-01 2.100000e-03 4.156160e-01
445 5.819680e-01 2.084000e-03 4.159480e-01
446 5.816880e-01 1.980000e-03 4.163320e-01
447 5.814320e-01 1.912000e-03 4.166560e-01
448 5.811080e-01 1.920000e-03 4.169720e-01
449 5.808400e-01 1.900000e-03 4.172600e-01
450 5.805560e-01 1.836000e-03 4.176080e-01
451 5.802800e-01 1.812000e-03 4.179080e-01
452 5.800160e-01 1.740000e-03 4.182440e-01
453 5.797240e-01 1.724000e-03 4.185520e-01
454 5.793800e-01 1.732000e-03 4.188880e-01
455 5.791200e-01 1.692000e-03 4.191880e-01
456 5.788280e-01 1.676000e-03 4.194960e-01
457 5.785760e-01 1.684000e-03 4.197400e-01
458 5.782680e-01 1.688000e-03 4.200440e-01
459 5.780200e-01 1.632000e-03 4.203480e-01
460 5.777360e-01 1.628000e-03 4.206360e-01
461 5.774360e-01 1.664000e-03 4.209000e-01
462 5.771240e-01 1.684000e-03 4.211920e-01
463 5.768440e-01 1.668000e-03 4.214880e-01
464 5.765680e-01 1.676000e-03 4.217560e-01
465 5.762600e-01 1.716000e-03 4.220240e-01
466 5.759080e-01 1.780000e-03 4.223120e-01
467 5.755760e-01 1.760000e-03 4.226640e-01
468 5.752520e-01 1.780000e-03 4.229680e-01
469 5.749520e-01 1.852000e-03 4.231960e-01
470 5.745360e-01 1.892000e-03 4.235720e-01
471 5.742080e-01 1.932000e-03 4.238600e-01
472 5.738760e-01 1.924000e-03 4.242000e-01
473 5.736280e-01 1.828000e-03 4.245440e-01
474 5.733320e-01 1.816000e-03 4.248520e-01
475 5.730840e-01 1.784000e-03 4.251320e-01
476 5.727960e-01 1.764000e-03 4.254400e-01
477 5.724920e-01 1.764000e-03 4.257440e-01
478 5.721600e-01 1.792000e-03 4.260480e-01
479 5.718720e-01 1.736000e-03 4.263920e-01
480 5.716080e-01 1.644000e-03 4.267480e-01
481 5.713360e-01 1.668000e-03 4.269960e-01
482 5.710760e-01 1.664000e-03 4.272600e-01
483 5.707600e-01 1.716000e-03 4.275240e-01
484 5.704680e-01 1.744000e-03 4.277880e-01
485 5.701640e-01 1.760000e-03 4.280760e-01
486 5.698600e-01 1.736000e-03 4.284040e-01
487 5.695320e-01 1.760000e-03 4.287080e-01
488 5.692120e-01 1.768000e-03 4.290200e-01
489 5.688600e-01 1.864000e-03 4.292760e-01
490 5.685040e-01 1.876000e-03 4.296200e-01
491 5.681560e-01 1.876000e-03 4.299680e-01
492 5.678120e-01 1.844000e-03 4.303440e-01
493 5.675360e-01 1.768000e-03 4.306960e-01
494 5.672360e-01 1.756000e-03 4.310080e-01
495 5.669400e-01 1.756000e-03 4.313040e-01
496 5.667080e-01 1.692000e-03 4.316000e-01
497 5.664520e-01 1.652000e-03 4.318960e-01
498 5.661680e-01 1.648000e-03 4.321840e-01
499 5.658920e-01 1.644000e-03 4.324640e-01
500 5.656600e-01 1.596000e-03 4.327440e-01
