1 9.991680e-01 7.280000e-04 1.040000e-04
2 9.984880e-01 1.264000e-03 2.480000e-04
3 9.975960e-01 1.932000e-03 4.720000e-04
4 9.966280e-01 2.528000e-03 8.440000e-04
5 9.956320e-01 2.992000e-03 1.376000e-03
6 9.944840e-01 3.524000e-03 1.992000e-03
7 9.933800e-01 3.900000e-03 2.720000e-03
8 9.921640e-01 4.412000e-03 3.424000e-03
9 9.909520e-01 4.864000e-03 4.184000e-03
10 9.898280e-01 5.184000e-03 4.988000e-03
11 9.886280e-01 5.512000e-03 5.860000e-03
12 9.872600e-01 5.940000e-03 6.800000e-03
13 9.859520e-01 6.260000e-03 7.788000e-03
14 9.845080e-01 6.576000e-03 8.916000e-03
15 9.831040e-01 6.696000e-03 1.020000e-02
16 9.817160e-01 6.984000e-03 1.130000e-02
17 9.803600e-01 7.160000e-03 1.248000e-02
18 9.790160e-01 7.248000e-03 1.373600e-02
19 9.777800e-01 7.336000e-03 1.488400e-02
20 9.764160e-01 7.392000e-03 1.619200e-02
21 9.751080e-01 7.328000e-03 1.756400e-02
22 9.736160e-01 7.572000e-03 1.881200e-02
23 9.722200e-01 7.676000e-03 2.010400e-02
24 9.707400e-01 7.840000e-03 2.142000e-02
25 9.692760e-01 7.784000e-03 2.294000e-02
26 9.678760e-01 7.792000e-03 2.433200e-02
27 9.664880e-01 7.812000e-03 2.570000e-02
28 9.648600e-01 8.140000e-03 2.700000e-02
29 9.630680e-01 8.600000e-03 2.833200e-02
30 9.612000e-01 8.976000e-03 2.982400e-02
31 9.595560e-01 8.936000e-03 3.150800e-02
32 9.577920e-01 9.152000e-03 3.305600e-02
33 9.561600e-01 9.120000e-03 3.472000e-02
34 9.544640e-01 9.212000e-03 3.632400e-02
35 9.526240e-01 9.488000e-03 3.788800e-02
36 9.509880e-01 9.456000e-03 3.955600e-02
37 9.493920e-01 9.512000e-03 4.109600e-02
38 9.475720e-01 9.628000e-03 4.280000e-02
39 9.456680e-01 9.792000e-03 4.454000e-02
40 9.437920e-01 9.872000e-03 4.633600e-02
41 9.418200e-01 1.012800e-02 4.805200e-02
42 9.397760e-01 1.042400e-02 4.980000e-02
43 9.378160e-01 1.051600e-02 5.166800e-02
44 9.357280e-01 1.067600e-02 5.359600e-02
45 9.338840e-01 1.068000e-02 5.543600e-02
46 9.320320e-01 1.059600e-02 5.737200e-02
47 9.301040e-01 1.060000e-02 5.929600e-02
48 9.282240e-01 1.051200e-02 6.126400e-02
49 9.262880e-01 1.052400e-02 6.318800e-02
50 9.245200e-01 1.050800e-02 6.497200e-02
51 9.226120e-01 1.052400e-02 6.686400e-02
52 9.206440e-01 1.070000e-02 6.865600e-02
53 9.186680e-01 1.084800e-02 7.048400e-02
54 9.167760e-01 1.089200e-02 7.233200e-02
55 9.148840e-01 1.083200e-02 7.428400e-02
56 9.128720e-01 1.082800e-02 7.630000e-02
57 9.109800e-01 1.068400e-02 7.833600e-02
58 9.090480e-01 1.082800e-02 8.012400e-02
59 9.070680e-01 1.088800e-02 8.204400e-02
60 9.050640e-01 1.091600e-02 8.402000e-02
61 9.029160e-01 1.116400e-02 8.592000e-02
62 9.009560e-01 1.112000e-02 8.792400e-02
63 8.990360e-01 1.112800e-02 8.983600e-02
64 8.969480e-01 1.114800e-02 9.190400e-02
65 8.949720e-01 1.110400e-02 9.392400e-02
66 8.929520e-01 1.114400e-02 9.590400e-02
67 8.908840e-01 1.114800e-02 9.796800e-02
68 8.889120e-01 1.108400e-02 1.000040e-01
69 8.869200e-01 1.116400e-02 1.019160e-01
70 8.852120e-01 1.090000e-02 1.038880e-01
71 8.832000e-01 1.103200e-02 1.057680e-01
72 8.814800e-01 1.087600e-02 1.076440e-01
73 8.796200e-01 1.079200e-02 1.095880e-01
74 8.778200e-01 1.062400e-02 1.115560e-01
75 8.760200e-01 1.058800e-02 1.133920e-01
76 8.743840e-01 1.032000e-02 1.152960e-01
77 8.724120e-01 1.038400e-02 1.172040e-01
78 8.707800e-01 1.015600e-02 1.190640e-01
79 8.689560e-01 1.031200e-02 1.207320e-01
80 8.672360e-01 1.020800e-02 1.225560e-01
81 8.655680e-01 1.021600e-02 1.242160e-01
82 8.638640e-01 1.005200e-02 1.260840e-01
83 8.623000e-01 9.932000e-03 1.277680e-01
84 8.605280e-01 9.984000e-03 1.294880e-01
85 8.587000e-01 1.016400e-02 1.311360e-01
86 8.569920e-01 1.017600e-02 1.328320e-01
87 8.550920e-01 1.029200e-02 1.346160e-01
88 8.532920e-01 1.024400e-02 1.364640e-01
89 8.515360e-01 1.018400e-02 1.382800e-01
90 8.499840e-01 9.984000e-03 1.400320e-01
91 8.483000e-01 9.864000e-03 1.418360e-01
92 8.466200e-01 9.844000e-03 1.435360e-01
93 8.448120e-01 1.005600e-02 1.451320e-01
94 8.431640e-01 1.004800e-02 1.467880e-01
95 8.415240e-01 1.005200e-02 1.484240e-01
96 8.399120e-01 9.964000e-03 1.501240e-01
97 8.382880e-01 9.816000e-03 1.518960e-01
98 8.365720e-01 9.720000e-03 1.537080e-01
99 8.347760e-01 9.748000e-03 1.554760e-01
100 8.330600e-01 9.744000e-03 1.571960e-01
101 8.315920e-01 9.636000e-03 1.587720e-01
102 8.300280e-01 9.488000e-03 1.604840e-01
103 8.284480e-01 9.368000e-03 1.621840e-01
104 8.267880e-01 9.444000e-03 1.637680e-01
105 8.251680e-01 9.568000e-03 1.652640e-01
106 8.233760e-01 9.572000e-03 1.670520e-01
107 8.217200e-01 9.664000e-03 1.686160e-01
108 8.200760e-01 9.672000e-03 1.702520e-01
109 8.183200e-01 9.768000e-03 1.719120e-01
110 8.166360e-01 9.732000e-03 1.736320e-01
111 8.149160e-01 9.712000e-03 1.753720e-01
112 8.132400e-01 9.752000e-03 1.770080e-01
113 8.114040e-01 9.864000e-03 1.787320e-01
114 8.096960e-01 9.828000e-03 1.804760e-01
115 8.078760e-01 9.796000e-03 1.823280e-01
116 8.062400e-01 9.736000e-03 1.840240e-01
117 8.045680e-01 9.800000e-03 1.856320e-01
118 8.029200e-01 9.828000e-03 1.872520e-01
119 8.011360e-01 9.916000e-03 1.889480e-01
120 7.994000e-01 9.944000e-03 1.906560e-01
121 7.977560e-01 9.852000e-03 1.923920e-01
122 7.961000e-01 9.824000e-03 1.940760e-01
123 7.943360e-01 9.948000e-03 1.957160e-01
124 7.926160e-01 9.964000e-03 1.974200e-01
125 7.909960e-01 9.768000e-03 1.992360e-01
126 7.893400e-01 9.688000e-03 2.009720e-01
127 7.877200e-01 9.696000e-03 2.025840e-01
128 7.860280e-01 9.776000e-03 2.041960e-01
129 7.843320e-01 9.764000e-03 2.059040e-01
130 7.827760e-01 9.612000e-03 2.076120e-01
131 7.811040e-01 9.756000e-03 2.091400e-01
132 7.794760e-01 9.676000e-03 2.108480e-01
133 7.779560e-01 9.580000e-03 2.124640e-01
134 7.764200e-01 9.464000e-03 2.141160e-01
135 7.749120e-01 9.320000e-03 2.157680e-01
136 7.731760e-01 9.408000e-03 2.174160e-01
137 7.716840e-01 9.304000e-03 2.190120e-01
138 7.700880e-01 9.380000e-03 2.205320e-01
139 7.685440e-01 9.244000e-03 2.222120e-01
140 7.670640e-01 9.084000e-03 2.238520e-01
141 7.654480e-01 9.144000e-03 2.254080e-01
142 7.638800e-01 9.124000e-03 2.269960e-01
143 7.625520e-01 8.904000e-03 2.285440e-01
144 7.611600e-01 8.740000e-03 2.301000e-01
145 7.598920e-01 8.512000e-03 2.315960e-01
146 7.585120e-01 8.404000e-03 2.330840e-01
147 7.570840e-01 8.256000e-03 2.346600e-01
148 7.554800e-01 8.416000e-03 2.361040e-01
149 7.540960e-01 8.380000e-03 2.375240e-01
150 7.527080e-01 8.356000e-03 2.389360e-01
151 7.513160e-01 8.424000e-03 2.402600e-01
152 7.498920e-01 8.416000e-03 2.416920e-01
153 7.485400e-01 8.356000e-03 2.431040e-01
154 7.471280e-01 8.260000e-03 2.446120e-01
155 7.456200e-01 8.404000e-03 2.459760e-01
156 7.440320e-01 8.416000e-03 2.475520e-01
157 7.424360e-01 8.568000e-03 2.489960e-01
158 7.410120e-01 8.492000e-03 2.504960e-01
159 7.396400e-01 8.344000e-03 2.520160e-01
160 7.382280e-01 8.320000e-03 2.534520e-01
161 7.368040e-01 8.292000e-03 2.549040e-01
162 7.352960e-01 8.356000e-03 2.563480e-01
163 7.339440e-01 8.344000e-03 2.577120e-01
164 7.324800e-01 8.284000e-03 2.592360e-01
165 7.310080e-01 8.276000e-03 2.607160e-01
166 7.295640e-01 8.264000e-03 2.621720e-01
167 7.281360e-01 8.316000e-03 2.635480e-01
168 7.267600e-01 8.256000e-03 2.649840e-01
169 7.254160e-01 8.228000e-03 2.663560e-01
170 7.239080e-01 8.248000e-03 2.678440e-01
171 7.224240e-01 8.324000e-03 2.692520e-01
172 7.208640e-01 8.392000e-03 2.707440e-01
173 7.193640e-01 8.328000e-03 2.723080e-01
174 7.179720e-01 8.304000e-03 2.737240e-01
175 7.166440e-01 8.184000e-03 2.751720e-01
176 7.151640e-01 8.220000e-03 2.766160e-01
177 7.137440e-01 8.128000e-03 2.781280e-01
178 7.124040e-01 8.132000e-03 2.794640e-01
179 7.111720e-01 7.920000e-03 2.809080e-01
180 7.098600e-01 7.956000e-03 2.821840e-01
181 7.086680e-01 7.824000e-03 2.835080e-01
182 7.075720e-01 7.520000e-03 2.849080e-01
183 7.063080e-01 7.460000e-03 2.862320e-01
184 7.050360e-01 7.376000e-03 2.875880e-01
185 7.036720e-01 7.444000e-03 2.888840e-01
186 7.025680e-01 7.200000e-03 2.902320e-01
187 7.014560e-01 7.020000e-03 2.915240e-01
188 7.004240e-01 6.812000e-03 2.927640e-01
189 6.993000e-01 6.696000e-03 2.940040e-01
190 6.982160e-01 6.628000e-03 2.951560e-01
191 6.971760e-01 6.576000e-03 2.962480e-01
192 6.960600e-01 6.492000e-03 2.974480e-01
193 6.948240e-01 6.556000e-03 2.986200e-01
194 6.935880e-01 6.692000e-03 2.997200e-01
195 6.923720e-01 6.772000e-03 3.008560e-01
196 6.910920e-01 6.780000e-03 3.021280e-01
197 6.899160e-01 6.616000e-03 3.034680e-01
198 6.888080e-01 6.568000e-03 3.046240e-01
199 6.876400e-01 6.568000e-03 3.057920e-01
200 6.864600e-01 6.636000e-03 3.069040e-01
201 6.852400e-01 6.796000e-03 3.079640e-01
202 6.839760e-01 6.908000e-03 3.091160e-01
203 6.829160e-01 6.664000e-03 3.104200e-01
204 6.817400e-01 6.608000e-03 3.116520e-01
205 6.806680e-01 6.588000e-03 3.127440e-01
206 6.796040e-01 6.476000e-03 3.139200e-01
207 6.784360e-01 6.412000e-03 3.151520e-01
208 6.772160e-01 6.512000e-03 3.162720e-01
209 6.760720e-01 6.512000e-03 3.174160e-01
210 6.748680e-01 6.664000e-03 3.184680e-01
211 6.738000e-01 6.608000e-03 3.195920e-01
212 6.726800e-01 6.500000e-03 3.208200e-01
213 6.715880e-01 6.408000e-03 3.220040e-01
214 6.705560e-01 6.348000e-03 3.230960e-01
215 6.694440e-01 6.228000e-03 3.243280e-01
216 6.684000e-01 6.248000e-03 3.253520e-01
217 6.672400e-01 6.424000e-03 3.263360e-01
218 6.662360e-01 6.336000e-03 3.274280e-01
219 6.651680e-01 6.364000e-03 3.284680e-01
220 6.639920e-01 6.448000e-03 3.295600e-01
221 6.627520e-01 6.616000e-03 3.306320e-01
222 6.616920e-01 6.552000e-03 3.317560e-01
223 6.605200e-01 6.704000e-03 3.327760e-01
224 6.593920e-01 6.636000e-03 3.339720e-01
225 6.582560e-01 6.588000e-03 3.351560e-01
226 6.573400e-01 6.428000e-03 3.362320e-01
227 6.564000e-01 6.272000e-03 3.373280e-01
228 6.555640e-01 6.024000e-03 3.384120e-01
229 6.548080e-01 5.736000e-03 3.394560e-01
230 6.539040e-01 5.664000e-03 3.404320e-01
231 6.531240e-01 5.380000e-03 3.414960e-01
232 6.523880e-01 5.224000e-03 3.423880e-01
233 6.516280e-01 5.140000e-03 3.432320e-01
234 6.507120e-01 5.156000e-03 3.441320e-01
235 6.499160e-01 5.076000e-03 3.450080e-01
236 6.490720e-01 5.012000e-03 3.459160e-01
237 6.482040e-01 5.064000e-03 3.467320e-01
238 6.475120e-01 4.812000e-03 3.476760e-01
239 6.466440e-01 4.908000e-03 3.484480e-01
240 6.457920e-01 4.844000e-03 3.493640e-01
241 6.449640e-01 4.776000e-03 3.502600e-01
242 6.441160e-01 4.896000e-03 3.509880e-01
243 6.432800e-01 4.836000e-03 3.518840e-01
244 6.425280e-01 4.748000e-03 3.527240e-01
245 6.415880e-01 4.768000e-03 3.536440e-01
246 6.408120e-01 4.608000e-03 3.545800e-01
247 6.399880e-01 4.660000e-03 3.553520e-01
248 6.391160e-01 4.744000e-03 3.561400e-01
249 6.383440e-01 4.684000e-03 3.569720e-01
250 6.375920e-01 4.640000e-03 3.577680e-01
251 6.368400e-01 4.576000e-03 3.585840e-01
252 6.361160e-01 4.544000e-03 3.593400e-01
253 6.355120e-01 4.448000e-03 3.600400e-01
254 6.348480e-01 4.204000e-03 3.609480e-01
255 6.341400e-01 4.268000e-03 3.615920e-01
256 6.335480e-01 4.152000e-03 3.623000e-01
257 6.329720e-01 4.020000e-03 3.630080e-01
258 6.323520e-01 3.884000e-03 3.637640e-01
259 6.317760e-01 3.792000e-03 3.644320e-01
260 6.311800e-01 3.808000e-03 3.650120e-01
261 6.306880e-01 3.592000e-03 3.657200e-01
262 6.301920e-01 3.452000e-03 3.663560e-01
263 6.296160e-01 3.440000e-03 3.669440e-01
264 6.291400e-01 3.336000e-03 3.675240e-01
265 6.286840e-01 3.292000e-03 3.680240e-01
266 6.281160e-01 3.288000e-03 3.685960e-01
267 6.275520e-01 3.284000e-03 3.691640e-01
268 6.270720e-01 3.092000e-03 3.698360e-01
269 6.265240e-01 3.072000e-03 3.704040e-01
270 6.260120e-01 2.968000e-03 3.710200e-01
271 6.255640e-01 2.928000e-03 3.715080e-01
272 6.249800e-01 3.064000e-03 3.719560e-01
273 6.244520e-01 3.116000e-03 3.724320e-01
274 6.240520e-01 2.964000e-03 3.729840e-01
275 6.236240e-01 2.884000e-03 3.734920e-01
276 6.231720e-01 2.828000e-03 3.740000e-01
277 6.226920e-01 2.744000e-03 3.745640e-01
278 6.222640e-01 2.728000e-03 3.750080e-01
279 6.217440e-01 2.780000e-03 3.754760e-01
280 6.212680e-01 2.756000e-03 3.759760e-01
281 6.207720e-01 2.804000e-03 3.764240e-01
282 6.202440e-01 2.856000e-03 3.769000e-01
283 6.196080e-01 2.988000e-03 3.774040e-01
284 6.190840e-01 3.016000e-03 3.779000e-01
285 6.184920e-01 3.116000e-03 3.783920e-01
286 6.180160e-01 3.000000e-03 3.789840e-01
287 6.175720e-01 2.984000e-03 3.794440e-01
288 6.171480e-01 2.924000e-03 3.799280e-01
289 6.165640e-01 2.988000e-03 3.804480e-01
290 6.159440e-01 3.024000e-03 3.810320e-01
291 6.154080e-01 3.028000e-03 3.815640e-01
292 6.148400e-01 3.052000e-03 3.821080e-01
293 6.143080e-01 3.088000e-03 3.826040e-01
294 6.137200e-01 3.168000e-03 3.831120e-01
295 6.131840e-01 3.168000e-03 3.836480e-01
296 6.126040e-01 3.220000e-03 3.841760e-01
297 6.121360e-01 3.136000e-03 3.847280e-01
298 6.116280e-01 3.112000e-03 3.852600e-01
299 6.111440e-01 2.924000e-03 3.859320e-01
300 6.107320e-01 2.820000e-03 3.864480e-01
301 6.102280e-01 2.760000e-03 3.870120e-01
302 6.097840e-01 2.716000e-03 3.875000e-01
303 6.093840e-01 2.652000e-03 3.879640e-01
304 6.089680e-01 2.628000e-03 3.884040e-01
305 6.085240e-01 2.672000e-03 3.888040e-01
306 6.080680e-01 2.584000e-03 3.893480e-01
307 6.076120e-01 2.608000e-03 3.897800e-01
308 6.070800e-01 2.620000e-03 3.903000e-01
309 6.065440e-01 2.688000e-03 3.907680e-01
310 6.060560e-01 2.616000e-03 3.913280e-01
311 6.055480e-01 2.600000e-03 3.918520e-01
312 6.050560e-01 2.684000e-03 3.922600e-01
313 6.045200e-01 2.752000e-03 3.927280e-01
314 6.040120e-01 2.760000e-03 3.932280e-01
315 6.034680e-01 2.792000e-03 3.937400e-01
316 6.030120e-01 2.816000e-03 3.941720e-01
317 6.024960e-01 2.860000e-03 3.946440e-01
318 6.019200e-01 2.968000e-03 3.951120e-01
319 6.013320e-01 3.048000e-03 3.956200e-01
320 6.007440e-01 3.092000e-03 3.961640e-01
321 6.002400e-01 3.048000e-03 3.967120e-01
322 5.997160e-01 3.028000e-03 3.972560e-01
323 5.992120e-01 2.960000e-03 3.978280e-01
324 5.987800e-01 2.892000e-03 3.983280e-01
325 5.983400e-01 2.812000e-03 3.988480e-01
326 5.978400e-01 2.784000e-03 3.993760e-01
327 5.973160e-01 2.800000e-03 3.998840e-01
328 5.968440e-01 2.736000e-03 4.004200e-01
329 5.963640e-01 2.692000e-03 4.009440e-01
330 5.958800e-01 2.656000e-03 4.014640e-01
331 5.954800e-01 2.584000e-03 4.019360e-01
332 5.950760e-01 2.524000e-03 4.024000e-01
333 5.946960e-01 2.432000e-03 4.028720e-01
334 5.942680e-01 2.488000e-03 4.032440e-01
335 5.938920e-01 2.468000e-03 4.036400e-01
336 5.935160e-01 2.452000e-03 4.040320e-01
337 5.930880e-01 2.416000e-03 4.044960e-01
338 5.925600e-01 2.536000e-03 4.049040e-01
339 5.921320e-01 2.596000e-03 4.052720e-01
340 5.917520e-01 2.532000e-03 4.057160e-01
341 5.913320e-01 2.480000e-03 4.061880e-01
342 5.909480e-01 2.416000e-03 4.066360e-01
343 5.905680e-01 2.400000e-03 4.070320e-01
344 5.901520e-01 2.436000e-03 4.074120e-01
345 5.896920e-01 2.456000e-03 4.078520e-01
346 5.893280e-01 2.464000e-03 4.082080e-01
347 5.889480e-01 2.432000e-03 4.086200e-01
348 5.885400e-01 2.364000e-03 4.090960e-01
349 5.882000e-01 2.304000e-03 4.094960e-01
350 5.876960e-01 2.396000e-03 4.099080e-01
351 5.872760e-01 2.408000e-03 4.103160e-01
352 5.868920e-01 2.408000e-03 4.107000e-01
353 5.864360e-01 2.412000e-03 4.111520e-01
354 5.861080e-01 2.344000e-03 4.115480e-01
355 5.858120e-01 2.228000e-03 4.119600e-01
356 5.855120e-01 2.160000e-03 4.123280e-01
357 5.851520e-01 2.176000e-03 4.126720e-01
358 5.848000e-01 2.116000e-03 4.130840e-01
359 5.845000e-01 2.044000e-03 4.134560e-01
360 5.841120e-01 2.100000e-03 4.137880e-01
361 5.838200e-01 2.056000e-03 4.141240e-01
362 5.835000e-01 2.016000e-03 4.144840e-01
363 5.831280e-01 2.048000e-03 4.148240e-01
364 5.827600e-01 2.084000e-03 4.151560e-01
365 5.824600e-01 2.064000e-03 4.154760e-01
366 5.821080e-01 2.044000e-03 4.158480e-01
367 5.817720e-01 2.064000e-03 4.161640e-01
368 5.814160e-01 2.076000e-03 4.165080e-01
369 5.810640e-01 2.032000e-03 4.169040e-01
370 5.807760e-01 1.940000e-03 4.172840e-01
371 5.804400e-01 1.872000e-03 4.176880e-01
372 5.801080e-01 1.884000e-03 4.180080e-01
373 5.798200e-01 1.852000e-03 4.183280e-01
374 5.795000e-01 1.804000e-03 4.186960e-01
375 5.792080e-01 1.828000e-03 4.189640e-01
376 5.788840e-01 1.860000e-03 4.192560e-01
377 5.785080e-01 1.956000e-03 4.195360e-01
378 5.782480e-01 1.888000e-03 4.198640e-01
379 5.778200e-01 1.968000e-03 4.202120e-01
380 5.775560e-01 1.888000e-03 4.205560e-01
381 5.772440e-01 1.848000e-03 4.209080e-01
382 5.769240e-01 1.868000e-03 4.212080e-01
383 5.766360e-01 1.864000e-03 4.215000e-01
384 5.763000e-01 1.896000e-03 4.218040e-01
385 5.759680e-01 1.928000e-03 4.221040e-01
386 5.756440e-01 1.924000e-03 4.224320e-01
387 5.753280e-01 1.924000e-03 4.227480e-01
388 5.749640e-01 1.960000e-03 4.230760e-01
389 5.746600e-01 1.928000e-03 4.234120e-01
390 5.743480e-01 1.932000e-03 4.237200e-01
391 5.740640e-01 1.844000e-03 4.240920e-01
392 5.737920e-01 1.796000e-03 4.244120e-01
393 5.734720e-01 1.788000e-03 4.247400e-01
394 5.731680e-01 1.784000e-03 4.250480e-01
395 5.729200e-01 1.692000e-03 4.253880e-01
396 5.726080e-01 1.688000e-03 4.257040e-01
397 5.723840e-01 1.576000e-03 4.260400e-01
398 5.721080e-01 1.548000e-03 4.263440e-01
399 5.718560e-01 1.540000e-03 4.266040e-01
400 5.715960e-01 1.548000e-03 4.268560e-01
401 5.713160e-01 1.588000e-03 4.270960e-01
402 5.710400e-01 1.636000e-03 4.273240e-01
403 5.708320e-01 1.608000e-03 4.275600e-01
404 5.705600e-01 1.624000e-03 4.278160e-01
405 5.703000e-01 1.572000e-03 4.281280e-01
406 5.700240e-01 1.660000e-03 4.283160e-01
407 5.697760e-01 1.612000e-03 4.286120e-01
408 5.694920e-01 1.660000e-03 4.288480e-01
409 5.692680e-01 1.636000e-03 4.290960e-01
410 5.689760e-01 1.668000e-03 4.293560e-01
411 5.686200e-01 1.676000e-03 4.297040e-01
412 5.683480e-01 1.660000e-03 4.299920e-01
413 5.680920e-01 1.632000e-03 4.302760e-01
414 5.678160e-01 1.600000e-03 4.305840e-01
415 5.676040e-01 1.516000e-03 4.308800e-01
416 5.673760e-01 1.468000e-03 4.311560e-01
417 5.671400e-01 1.456000e-03 4.314040e-01
418 5.669400e-01 1.416000e-03 4.316440e-01
419 5.666760e-01 1.440000e-03 4.318840e-01
420 5.663960e-01 1.448000e-03 4.321560e-01
421 5.662080e-01 1.344000e-03 4.324480e-01
422 5.659920e-01 1.352000e-03 4.326560e-01
423 5.657320e-01 1.360000e-03 4.329080e-01
424 5.655360e-01 1.268000e-03 4.331960e-01
425 5.652920e-01 1.300000e-03 4.334080e-01
426 5.651000e-01 1.236000e-03 4.336640e-01
427 5.649240e-01 1.264000e-03 4.338120e-01
428 5.647080e-01 1.204000e-03 4.340880e-01
429 5.644000e-01 1.304000e-03 4.342960e-01
430 5.641920e-01 1.304000e-03 4.345040e-01
431 5.639480e-01 1.348000e-03 4.347040e-01
432 5.636960e-01 1.364000e-03 4.349400e-01
433 5.633720e-01 1.420000e-03 4.352080e-01
434 5.630920e-01 1.472000e-03 4.354360e-01
435 5.627840e-01 1.520000e-03 4.356960e-01
436 5.625160e-01 1.468000e-03 4.360160e-01
437 5.622480e-01 1.472000e-03 4.362800e-01
438 5.619960e-01 1.416000e-03 4.365880e-01
439 5.617440e-01 1.432000e-03 4.368240e-01
440 5.614760e-01 1.444000e-03 4.370800e-01
441 5.612040e-01 1.480000e-03 4.373160e-01
442 5.609320e-01 1.508000e-03 4.375600e-01
443 5.607400e-01 1.428000e-03 4.378320e-01
444 5.604360e-01 1.456000e-03 4.381080e-01
445 5.601920e-01 1.500000e-03 4.383080e-01
446 5.599840e-01 1.500000e-03 4.385160e-01
447 5.597240e-01 1.516000e-03 4.387600e-01
448 5.594680e-01 1.504000e-03 4.390280e-01
449 5.591760e-01 1.528000e-03 4.392960e-01
450 5.589400e-01 1.516000e-03 4.395440e-01
451 5.587080e-01 1.456000e-03 4.398360e-01
452 5.585160e-01 1.424000e-03 4.400600e-01
453 5.583120e-01 1.352000e-03 4.403360e-01
454 5.581160e-01 1.316000e-03 4.405680e-01
455 5.578840e-01 1.360000e-03 4.407560e-01
456 5.576280e-01 1.372000e-03 4.410000e-01
457 5.574240e-01 1.292000e-03 4.412840e-01
458 5.572320e-01 1.220000e-03 4.415480e-01
459 5.570000e-01 1.204000e-03 4.417960e-01
460 5.567920e-01 1.200000e-03 4.420080e-01
461 5.565680e-01 1.196000e-03 4.422360e-01
462 5.563840e-01 1.184000e-03 4.424320e-01
463 5.562040e-01 1.180000e-03 4.426160e-01
464 5.559880e-01 1.216000e-03 4.427960e-01
465 5.557920e-01 1.252000e-03 4.429560e-01
466 5.555360e-01 1.288000e-03 4.431760e-01
467 5.553520e-01 1.232000e-03 4.434160e-01
468 5.551360e-01 1.224000e-03 4.436400e-01
469 5.549560e-01 1.224000e-03 4.438200e-01
470 5.547280e-01 1.248000e-03 4.440240e-01
471 5.545000e-01 1.288000e-03 4.442120e-01
472 5.543040e-01 1.320000e-03 4.443760e-01
473 5.541360e-01 1.284000e-03 4.445800e-01
474 5.539400e-01 1.264000e-03 4.447960e-01
475 5.537360e-01 1.232000e-03 4.450320e-01
476 5.535480e-01 1.232000e-03 4.452200e-01
477 5.533560e-01 1.216000e-03 4.454280e-01
478 5.531520e-01 1.256000e-03 4.455920e-01
479 5.528840e-01 1.276000e-03 4.458400e-01
480 5.526440e-01 1.256000e-03 4.461000e-01
481 5.523800e-01 1.348000e-03 4.462720e-01
482 5.521400e-01 1.360000e-03 4.465000e-01
483 5.517760e-01 1.492000e-03 4.467320e-01
484 5.514800e-01 1.528000e-03 4.469920e-01
485 5.512240e-01 1.524000e-03 4.472520e-01
486 5.509320e-01 1.576000e-03 4.474920e-01
487 5.507160e-01 1.564000e-03 4.477200e-01
488 5.503720e-01 1.604000e-03 4.480240e-01
489 5.501080e-01 1.612000e-03 4.482800e-01
490 5.498480e-01 1.672000e-03 4.484800e-01
491 5.495000e-01 1.724000e-03 4.487760e-01
492 5.491320e-01 1.804000e-03 4.490640e-01
493 5.488680e-01 1.784000e-03 4.493480e-01
494 5.484960e-01 1.852000e-03 4.496520e-01
495 5.482040e-01 1.792000e-03 4.500040e-01
496 5.478160e-01 1.884000e-03 4.503000e-01
497 5.475560e-01 1.836000e-03 4.506080e-01
498 5.472520e-01 1.792000e-03 4.509560e-01
499 5.469920e-01 1.744000e-03 4.512640e-01
500 5.467280e-01 1.644000e-03 4.516280e-01
