1 9.992280e-01 6.840000e-04 8.800000e-05
2 9.985680e-01 1.208000e-03 2.240000e-04
3 9.979160e-01 1.612000e-03 4.720000e-04
4 9.971040e-01 2.108000e-03 7.880000e-04
5 9.962560e-01 2.576000e-03 1.168000e-03
6 9.953160e-01 3.056000e-03 1.628000e-03
7 9.943320e-01 3.472000e-03 2.196000e-03
8 9.932880e-01 3.896000e-03 2.816000e-03
9 9.920800e-01 4.352000e-03 3.568000e-03
10 9.909120e-01 4.748000e-03 4.340000e-03
11 9.896720e-01 5.148000e-03 5.180000e-03
12 9.883280e-01 5.464000e-03 6.208000e-03
13 9.872080e-01 5.580000e-03 7.212000e-03
14 9.859760e-01 5.900000e-03 8.124000e-03
15 9.847680e-01 6.096000e-03 9.136000e-03
16 9.834880e-01 6.460000e-03 1.005200e-02
17 9.820640e-01 6.804000e-03 1.113200e-02
18 9.806120e-01 7.016000e-03 1.237200e-02
19 9.790960e-01 7.224000e-03 1.368000e-02
20 9.776120e-01 7.484000e-03 1.490400e-02
21 9.760720e-01 7.624000e-03 1.630400e-02
22 9.744560e-01 7.880000e-03 1.766400e-02
23 9.728880e-01 8.060000e-03 1.905200e-02
24 9.712440e-01 8.204000e-03 2.055200e-02
25 9.695560e-01 8.416000e-03 2.202800e-02
26 9.677880e-01 8.732000e-03 2.348000e-02
27 9.660120e-01 8.980000e-03 2.500800e-02
28 9.643960e-01 9.100000e-03 2.650400e-02
29 9.625160e-01 9.476000e-03 2.800800e-02
30 9.606600e-01 9.616000e-03 2.972400e-02
31 9.587520e-01 9.904000e-03 3.134400e-02
32 9.568920e-01 1.014400e-02 3.296400e-02
33 9.548280e-01 1.045600e-02 3.471600e-02
34 9.530520e-01 1.039600e-02 3.655200e-02
35 9.511880e-01 1.032400e-02 3.848800e-02
36 9.493920e-01 1.032000e-02 4.028800e-02
37 9.474120e-01 1.049200e-02 4.209600e-02
38 9.453760e-01 1.083200e-02 4.379200e-02
39 9.434680e-01 1.085600e-02 4.567600e-02
40 9.415560e-01 1.097600e-02 4.746800e-02
41 9.395080e-01 1.121600e-02 4.927600e-02
42 9.374840e-01 1.119200e-02 5.132400e-02
43 9.352400e-01 1.146800e-02 5.329200e-02
44 9.333480e-01 1.140400e-02 5.524800e-02
45 9.314080e-01 1.129200e-02 5.730000e-02
46 9.291320e-01 1.168000e-02 5.918800e-02
47 9.270920e-01 1.170800e-02 6.120000e-02
48 9.249480e-01 1.173200e-02 6.332000e-02
49 9.227240e-01 1.187600e-02 6.540000e-02
50 9.204840e-01 1.211200e-02 6.740400e-02
51 9.179760e-01 1.237200e-02 6.965200e-02
52 9.156280e-01 1.250800e-02 7.186400e-02
53 9.135200e-01 1.247200e-02 7.400800e-02
54 9.112960e-01 1.263200e-02 7.607200e-02
55 9.091280e-01 1.249600e-02 7.837600e-02
56 9.070160e-01 1.255600e-02 8.042800e-02
57 9.048640e-01 1.258000e-02 8.255600e-02
58 9.026520e-01 1.278000e-02 8.456800e-02
59 9.004880e-01 1.276000e-02 8.675200e-02
60 8.982080e-01 1.280800e-02 8.898400e-02
61 8.958800e-01 1.279600e-02 9.132400e-02
62 8.938520e-01 1.268400e-02 9.346400e-02
63 8.915160e-01 1.266000e-02 9.582400e-02
64 8.891640e-01 1.275600e-02 9.808000e-02
65 8.870800e-01 1.264400e-02 1.002760e-01
66 8.849800e-01 1.249200e-02 1.025280e-01
67 8.828960e-01 1.246800e-02 1.046360e-01
68 8.808880e-01 1.240400e-02 1.067080e-01
69 8.789040e-01 1.223200e-02 1.088640e-01
70 8.768080e-01 1.216800e-02 1.110240e-01
71 8.745680e-01 1.240800e-02 1.130240e-01
72 8.724240e-01 1.256000e-02 1.150160e-01
73 8.704280e-01 1.252400e-02 1.170480e-01
74 8.682520e-01 1.251200e-02 1.192360e-01
75 8.661720e-01 1.235200e-02 1.214760e-01
76 8.641640e-01 1.212400e-02 1.237120e-01
77 8.620800e-01 1.210400e-02 1.258160e-01
78 8.597560e-01 1.245600e-02 1.277880e-01
79 8.577280e-01 1.236800e-02 1.299040e-01
80 8.556560e-01 1.235600e-02 1.319880e-01
81 8.536040e-01 1.232400e-02 1.340720e-01
82 8.515200e-01 1.227600e-02 1.362040e-01
83 8.496000e-01 1.202000e-02 1.383800e-01
84 8.475960e-01 1.195200e-02 1.404520e-01
85 8.455760e-01 1.194800e-02 1.424760e-01
86 8.436400e-01 1.179600e-02 1.445640e-01
87 8.419400e-01 1.141200e-02 1.466480e-01
88 8.400600e-01 1.134400e-02 1.485960e-01
89 8.382040e-01 1.120400e-02 1.505920e-01
90 8.362880e-01 1.114800e-02 1.525640e-01
91 8.343040e-01 1.128000e-02 1.544160e-01
92 8.323960e-01 1.112000e-02 1.564840e-01
93 8.305560e-01 1.114800e-02 1.582960e-01
94 8.287800e-01 1.092000e-02 1.603000e-01
95 8.269840e-01 1.069600e-02 1.623200e-01
96 8.253120e-01 1.046000e-02 1.642280e-01
97 8.237080e-01 1.034400e-02 1.659480e-01
98 8.221440e-01 1.010400e-02 1.677520e-01
99 8.204360e-01 1.002000e-02 1.695440e-01
100 8.188200e-01 9.772000e-03 1.714080e-01
101 8.170720e-01 9.860000e-03 1.730680e-01
102 8.154000e-01 9.780000e-03 1.748200e-01
103 8.137800e-01 9.712000e-03 1.765080e-01
104 8.120480e-01 9.664000e-03 1.782880e-01
105 8.103160e-01 9.600000e-03 1.800840e-01
106 8.085040e-01 9.656000e-03 1.818400e-01
107 8.066640e-01 9.924000e-03 1.834120e-01
108 8.048640e-01 9.784000e-03 1.853520e-01
109 8.030240e-01 9.940000e-03 1.870360e-01
110 8.012440e-01 1.012800e-02 1.886280e-01
111 7.994720e-01 1.014800e-02 1.903800e-01
112 7.978760e-01 1.001600e-02 1.921080e-01
113 7.961360e-01 9.776000e-03 1.940880e-01
114 7.943400e-01 9.808000e-03 1.958520e-01
115 7.926600e-01 9.748000e-03 1.975920e-01
116 7.909080e-01 9.676000e-03 1.994160e-01
117 7.890800e-01 9.796000e-03 2.011240e-01
118 7.874200e-01 9.704000e-03 2.028760e-01
119 7.855920e-01 9.904000e-03 2.045040e-01
120 7.839080e-01 9.832000e-03 2.062600e-01
121 7.822640e-01 9.760000e-03 2.079760e-01
122 7.804840e-01 9.868000e-03 2.096480e-01
123 7.786920e-01 9.924000e-03 2.113840e-01
124 7.771120e-01 9.724000e-03 2.131640e-01
125 7.755320e-01 9.596000e-03 2.148720e-01
126 7.740200e-01 9.280000e-03 2.167000e-01
127 7.724720e-01 9.104000e-03 2.184240e-01
128 7.709200e-01 9.012000e-03 2.200680e-01
129 7.693960e-01 8.968000e-03 2.216360e-01
130 7.679840e-01 8.760000e-03 2.232560e-01
131 7.666040e-01 8.700000e-03 2.246960e-01
132 7.649280e-01 8.848000e-03 2.262240e-01
133 7.634360e-01 8.740000e-03 2.278240e-01
134 7.618440e-01 8.864000e-03 2.292920e-01
135 7.601800e-01 8.928000e-03 2.308920e-01
136 7.585240e-01 8.860000e-03 2.326160e-01
137 7.569960e-01 8.868000e-03 2.341360e-01
138 7.554320e-01 8.828000e-03 2.357400e-01
139 7.539520e-01 8.772000e-03 2.372760e-01
140 7.524360e-01 8.716000e-03 2.388480e-01
141 7.509320e-01 8.724000e-03 2.403440e-01
142 7.495000e-01 8.812000e-03 2.416880e-01
143 7.480760e-01 8.632000e-03 2.432920e-01
144 7.465920e-01 8.656000e-03 2.447520e-01
145 7.451760e-01 8.524000e-03 2.463000e-01
146 7.437840e-01 8.432000e-03 2.477840e-01
147 7.423920e-01 8.360000e-03 2.492480e-01
148 7.408680e-01 8.528000e-03 2.506040e-01
149 7.394160e-01 8.520000e-03 2.520640e-01
150 7.378960e-01 8.504000e-03 2.536000e-01
151 7.365440e-01 8.392000e-03 2.550640e-01
152 7.351440e-01 8.296000e-03 2.565600e-01
153 7.337320e-01 8.380000e-03 2.578880e-01
154 7.322000e-01 8.428000e-03 2.593720e-01
155 7.306400e-01 8.500000e-03 2.608600e-01
156 7.290880e-01 8.420000e-03 2.624920e-01
157 7.277360e-01 8.296000e-03 2.639680e-01
158 7.262280e-01 8.268000e-03 2.655040e-01
159 7.246520e-01 8.380000e-03 2.669680e-01
160 7.231480e-01 8.424000e-03 2.684280e-01
161 7.215920e-01 8.488000e-03 2.699200e-01
162 7.199080e-01 8.528000e-03 2.715640e-01
163 7.184160e-01 8.532000e-03 2.730520e-01
164 7.169480e-01 8.564000e-03 2.744880e-01
165 7.155560e-01 8.500000e-03 2.759440e-01
166 7.138440e-01 8.688000e-03 2.774680e-01
167 7.124120e-01 8.504000e-03 2.790840e-01
168 7.108360e-01 8.564000e-03 2.806000e-01
169 7.095320e-01 8.456000e-03 2.820120e-01
170 7.079520e-01 8.584000e-03 2.834640e-01
171 7.064960e-01 8.516000e-03 2.849880e-01
172 7.053120e-01 8.200000e-03 2.864880e-01
173 7.039880e-01 8.076000e-03 2.879360e-01
174 7.026040e-01 8.068000e-03 2.893280e-01
175 7.012600e-01 7.912000e-03 2.908280e-01
176 6.999960e-01 7.872000e-03 2.921320e-01
177 6.986800e-01 7.832000e-03 2.934880e-01
178 6.974000e-01 7.712000e-03 2.948880e-01
179 6.962120e-01 7.476000e-03 2.963120e-01
180 6.949640e-01 7.472000e-03 2.975640e-01
181 6.938480e-01 7.188000e-03 2.989640e-01
182 6.926800e-01 7.072000e-03 3.002480e-01
183 6.914680e-01 7.012000e-03 3.015200e-01
184 6.903640e-01 6.956000e-03 3.026800e-01
185 6.891880e-01 6.788000e-03 3.040240e-01
186 6.881520e-01 6.684000e-03 3.051640e-01
187 6.870000e-01 6.764000e-03 3.062360e-01
188 6.858360e-01 6.680000e-03 3.074840e-01
189 6.848200e-01 6.468000e-03 3.087120e-01
190 6.838120e-01 6.352000e-03 3.098360e-01
191 6.828360e-01 6.252000e-03 3.109120e-01
192 6.817360e-01 6.288000e-03 3.119760e-01
193 6.806160e-01 6.368000e-03 3.130160e-01
194 6.795160e-01 6.376000e-03 3.141080e-01
195 6.784320e-01 6.376000e-03 3.151920e-01
196 6.774120e-01 6.320000e-03 3.162680e-01
197 6.763080e-01 6.384000e-03 3.173080e-01
198 6.752520e-01 6.228000e-03 3.185200e-01
199 6.742360e-01 6.180000e-03 3.195840e-01
200 6.733400e-01 5.972000e-03 3.206880e-01
201 6.722600e-01 6.036000e-03 3.217040e-01
202 6.711360e-01 6.064000e-03 3.228000e-01
203 6.700680e-01 6.020000e-03 3.239120e-01
204 6.691320e-01 5.892000e-03 3.249760e-01
205 6.681280e-01 5.820000e-03 3.260520e-01
206 6.670120e-01 5.896000e-03 3.270920e-01
207 6.660200e-01 5.856000e-03 3.281240e-01
208 6.650040e-01 5.892000e-03 3.291040e-01
209 6.640040e-01 5.900000e-03 3.300960e-01
210 6.630280e-01 5.880000e-03 3.310920e-01
211 6.620840e-01 5.896000e-03 3.320200e-01
212 6.610400e-01 5.960000e-03 3.330000e-01
213 6.600480e-01 5.856000e-03 3.340960e-01
214 6.589240e-01 5.948000e-03 3.351280e-01
215 6.579040e-01 5.988000e-03 3.361080e-01
216 6.568920e-01 5.860000e-03 3.372480e-01
217 6.558320e-01 5.932000e-03 3.382360e-01
218 6.547120e-01 6.048000e-03 3.392400e-01
219 6.536560e-01 5.936000e-03 3.404080e-01
220 6.525600e-01 5.988000e-03 3.414520e-01
221 6.515120e-01 5.880000e-03 3.426080e-01
222 6.503920e-01 5.980000e-03 3.436280e-01
223 6.493400e-01 5.968000e-03 3.446920e-01
224 6.483000e-01 6.064000e-03 3.456360e-01
225 6.470560e-01 6.288000e-03 3.466560e-01
226 6.459320e-01 6.264000e-03 3.478040e-01
227 6.449960e-01 6.140000e-03 3.488640e-01
228 6.439440e-01 6.184000e-03 3.498720e-01
229 6.428760e-01 6.160000e-03 3.509640e-01
230 6.418840e-01 6.132000e-03 3.519840e-01
231 6.409400e-01 5.988000e-03 3.530720e-01
232 6.400320e-01 5.916000e-03 3.540520e-01
233 6.391280e-01 5.796000e-03 3.550760e-01
234 6.381480e-01 5.760000e-03 3.560920e-01
235 6.372240e-01 5.580000e-03 3.571960e-01
236 6.362200e-01 5.568000e-03 3.582120e-01
237 6.353320e-01 5.376000e-03 3.592920e-01
238 6.343560e-01 5.436000e-03 3.602080e-01
239 6.335200e-01 5.272000e-03 3.612080e-01
240 6.326240e-01 5.308000e-03 3.620680e-01
241 6.318040e-01 5.220000e-03 3.629760e-01
242 6.310320e-01 5.024000e-03 3.639440e-01
243 6.303400e-01 4.880000e-03 3.647800e-01
244 6.295000e-01 4.836000e-03 3.656640e-01
245 6.287520e-01 4.768000e-03 3.664800e-01
246 6.280240e-01 4.768000e-03 3.672080e-01
247 6.273000e-01 4.500000e-03 3.682000e-01
248 6.267000e-01 4.328000e-03 3.689720e-01
249 6.260400e-01 4.148000e-03 3.698120e-01
250 6.252720e-01 4.168000e-03 3.705600e-01
251 6.245720e-01 4.240000e-03 3.711880e-01
252 6.238040e-01 4.156000e-03 3.720400e-01
253 6.232320e-01 3.968000e-03 3.728000e-01
254 6.226160e-01 3.884000e-03 3.735000e-01
255 6.218960e-01 3.936000e-03 3.741680e-01
256 6.211960e-01 4.028000e-03 3.747760e-01
257 6.205440e-01 3.928000e-03 3.755280e-01
258 6.198200e-01 3.960000e-03 3.762200e-01
259 6.191480e-01 3.880000e-03 3.769720e-01
260 6.184960e-01 3.820000e-03 3.776840e-01
261 6.177960e-01 3.868000e-03 3.783360e-01
262 6.171760e-01 3.840000e-03 3.789840e-01
263 6.164120e-01 3.972000e-03 3.796160e-01
264 6.157480e-01 3.968000e-03 3.802840e-01
265 6.150240e-01 4.020000e-03 3.809560e-01
266 6.143960e-01 3.956000e-03 3.816480e-01
267 6.137760e-01 3.928000e-03 3.822960e-01
268 6.130760e-01 3.924000e-03 3.830000e-01
269 6.124000e-01 3.984000e-03 3.836160e-01
270 6.117400e-01 3.988000e-03 3.842720e-01
271 6.110760e-01 4.016000e-03 3.849080e-01
272 6.104480e-01 3.864000e-03 3.856880e-01
273 6.098400e-01 3.804000e-03 3.863560e-01
274 6.091400e-01 3.848000e-03 3.870120e-01
275 6.085360e-01 3.656000e-03 3.878080e-01
276 6.078720e-01 3.616000e-03 3.885120e-01
277 6.073200e-01 3.544000e-03 3.891360e-01
278 6.067520e-01 3.448000e-03 3.898000e-01
279 6.061640e-01 3.412000e-03 3.904240e-01
280 6.055680e-01 3.380000e-03 3.910520e-01
281 6.049800e-01 3.384000e-03 3.916360e-01
282 6.043640e-01 3.408000e-03 3.922280e-01
283 6.038320e-01 3.316000e-03 3.928520e-01
284 6.032360e-01 3.324000e-03 3.934400e-01
285 6.026320e-01 3.312000e-03 3.940560e-01
286 6.020640e-01 3.324000e-03 3.946120e-01
287 6.015560e-01 3.324000e-03 3.951200e-01
288 6.010320e-01 3.280000e-03 3.956880e-01
289 6.004200e-01 3.268000e-03 3.963120e-01
290 5.998000e-01 3.268000e-03 3.969320e-01
291 5.991400e-01 3.408000e-03 3.974520e-01
292 5.985440e-01 3.356000e-03 3.981000e-01
293 5.979080e-01 3.424000e-03 3.986680e-01
294 5.972720e-01 3.432000e-03 3.992960e-01
295 5.966440e-01 3.484000e-03 3.998720e-01
296 5.960160e-01 3.440000e-03 4.005440e-01
297 5.954280e-01 3.420000e-03 4.011520e-01
298 5.947760e-01 3.536000e-03 4.016880e-01
299 5.942160e-01 3.496000e-03 4.022880e-01
300 5.936200e-01 3.456000e-03 4.029240e-01
301 5.929280e-01 3.516000e-03 4.035560e-01
302 5.923240e-01 3.488000e-03 4.041880e-01
303 5.915960e-01 3.596000e-03 4.048080e-01
304 5.909320e-01 3.664000e-03 4.054040e-01
305 5.902680e-01 3.708000e-03 4.060240e-01
306 5.896880e-01 3.732000e-03 4.065800e-01
307 5.889680e-01 3.804000e-03 4.072280e-01
308 5.883840e-01 3.752000e-03 4.078640e-01
309 5.877920e-01 3.648000e-03 4.085600e-01
310 5.871360e-01 3.640000e-03 4.092240e-01
311 5.865440e-01 3.568000e-03 4.098880e-01
312 5.858760e-01 3.584000e-03 4.105400e-01
313 5.852680e-01 3.516000e-03 4.112160e-01
314 5.847200e-01 3.376000e-03 4.119040e-01
315 5.840800e-01 3.444000e-03 4.124760e-01
316 5.835320e-01 3.368000e-03 4.131000e-01
317 5.829560e-01 3.396000e-03 4.136480e-01
318 5.823520e-01 3.460000e-03 4.141880e-01
319 5.817920e-01 3.436000e-03 4.147720e-01
320 5.812280e-01 3.396000e-03 4.153760e-01
321 5.807080e-01 3.320000e-03 4.159720e-01
322 5.801480e-01 3.288000e-03 4.165640e-01
323 5.795760e-01 3.296000e-03 4.171280e-01
324 5.789800e-01 3.328000e-03 4.176920e-01
325 5.783840e-01 3.312000e-03 4.183040e-01
326 5.778400e-01 3.264000e-03 4.188960e-01
327 5.773440e-01 3.140000e-03 4.195160e-01
328 5.768640e-01 3.068000e-03 4.200680e-01
329 5.763200e-01 3.024000e-03 4.206560e-01
330 5.758400e-01 2.936000e-03 4.212240e-01
331 5.753760e-01 2.924000e-03 4.217000e-01
332 5.749040e-01 2.812000e-03 4.222840e-01
333 5.744520e-01 2.784000e-03 4.227640e-01
334 5.740240e-01 2.788000e-03 4.231880e-01
335 5.736360e-01 2.700000e-03 4.236640e-01
336 5.732000e-01 2.684000e-03 4.241160e-01
337 5.726720e-01 2.716000e-03 4.246120e-01
338 5.722000e-01 2.768000e-03 4.250320e-01
339 5.717080e-01 2.736000e-03 4.255560e-01
340 5.711720e-01 2.744000e-03 4.260840e-01
341 5.707400e-01 2.712000e-03 4.265480e-01
342 5.703200e-01 2.672000e-03 4.270080e-01
343 5.698840e-01 2.608000e-03 4.275080e-01
344 5.694280e-01 2.604000e-03 4.279680e-01
345 5.690240e-01 2.556000e-03 4.284200e-01
346 5.686640e-01 2.524000e-03 4.288120e-01
347 5.682480e-01 2.476000e-03 4.292760e-01
348 5.678080e-01 2.444000e-03 4.297480e-01
349 5.674200e-01 2.372000e-03 4.302080e-01
350 5.670680e-01 2.332000e-03 4.306000e-01
351 5.667600e-01 2.224000e-03 4.310160e-01
352 5.664200e-01 2.196000e-03 4.313840e-01
353 5.661080e-01 2.084000e-03 4.318080e-01
354 5.657560e-01 2.060000e-03 4.321840e-01
355 5.654240e-01 2.032000e-03 4.325440e-01
356 5.650880e-01 2.016000e-03 4.328960e-01
357 5.647520e-01 1.992000e-03 4.332560e-01
358 5.644040e-01 1.968000e-03 4.336280e-01
359 5.640960e-01 1.940000e-03 4.339640e-01
360 5.637360e-01 1.932000e-03 4.343320e-01
361 5.634000e-01 1.916000e-03 4.346840e-01
362 5.630880e-01 1.928000e-03 4.349840e-01
363 5.626800e-01 2.040000e-03 4.352800e-01
364 5.623360e-01 1.984000e-03 4.356800e-01
365 5.619160e-01 2.068000e-03 4.360160e-01
366 5.616160e-01 1.996000e-03 4.363880e-01
367 5.612800e-01 1.936000e-03 4.367840e-01
368 5.609760e-01 1.868000e-03 4.371560e-01
369 5.607680e-01 1.800000e-03 4.374320e-01
370 5.605120e-01 1.728000e-03 4.377600e-01
371 5.603040e-01 1.612000e-03 4.380840e-01
372 5.600080e-01 1.592000e-03 4.384000e-01
373 5.596840e-01 1.668000e-03 4.386480e-01
374 5.594640e-01 1.648000e-03 4.388880e-01
375 5.592000e-01 1.608000e-03 4.391920e-01
376 5.589320e-01 1.552000e-03 4.395160e-01
377 5.586680e-01 1.576000e-03 4.397560e-01
378 5.583040e-01 1.684000e-03 4.400120e-01
379 5.579160e-01 1.740000e-03 4.403440e-01
380 5.575600e-01 1.772000e-03 4.406680e-01
381 5.572360e-01 1.796000e-03 4.409680e-01
382 5.568840e-01 1.796000e-03 4.413200e-01
383 5.565840e-01 1.788000e-03 4.416280e-01
384 5.562640e-01 1.768000e-03 4.419680e-01
385 5.559120e-01 1.812000e-03 4.422760e-01
386 5.556520e-01 1.808000e-03 4.425400e-01
387 5.552840e-01 1.820000e-03 4.428960e-01
388 5.550280e-01 1.776000e-03 4.431960e-01
389 5.547240e-01 1.720000e-03 4.435560e-01
390 5.543920e-01 1.752000e-03 4.438560e-01
391 5.541320e-01 1.724000e-03 4.441440e-01
392 5.538640e-01 1.708000e-03 4.444280e-01
393 5.536080e-01 1.668000e-03 4.447240e-01
394 5.533000e-01 1.696000e-03 4.450040e-01
395 5.529880e-01 1.696000e-03 4.453160e-01
396 5.527000e-01 1.644000e-03 4.456560e-01
397 5.523560e-01 1.700000e-03 4.459440e-01
398 5.520520e-01 1.700000e-03 4.462480e-01
399 5.517480e-01 1.700000e-03 4.465520e-01
400 5.514880e-01 1.640000e-03 4.468720e-01
401 5.512120e-01 1.620000e-03 4.471680e-01
402 5.509440e-01 1.644000e-03 4.474120e-01
403 5.506600e-01 1.648000e-03 4.476920e-01
404 5.502720e-01 1.780000e-03 4.479480e-01
405 5.499360e-01 1.792000e-03 4.482720e-01
406 5.496440e-01 1.756000e-03 4.486000e-01
407 5.493840e-01 1.672000e-03 4.489440e-01
408 5.490640e-01 1.644000e-03 4.492920e-01
409 5.488080e-01 1.664000e-03 4.495280e-01
410 5.484760e-01 1.752000e-03 4.497720e-01
411 5.482040e-01 1.704000e-03 4.500920e-01
412 5.479400e-01 1.680000e-03 4.503800e-01
413 5.476680e-01 1.680000e-03 4.506520e-01
414 5.473960e-01 1.648000e-03 4.509560e-01
415 5.470680e-01 1.720000e-03 4.512120e-01
416 5.467640e-01 1.692000e-03 4.515440e-01
417 5.464400e-01 1.728000e-03 4.518320e-01
418 5.461120e-01 1.752000e-03 4.521360e-01
419 5.458160e-01 1.712000e-03 4.524720e-01
420 5.455040e-01 1.728000e-03 4.527680e-01
421 5.451720e-01 1.728000e-03 4.531000e-01
422 5.448080e-01 1.792000e-03 4.534000e-01
423 5.445080e-01 1.784000e-03 4.537080e-01
424 5.442400e-01 1.768000e-03 4.539920e-01
425 5.439760e-01 1.708000e-03 4.543160e-01
426 5.436960e-01 1.712000e-03 4.545920e-01
427 5.434720e-01 1.636000e-03 4.548920e-01
428 5.431760e-01 1.660000e-03 4.551640e-01
429 5.429280e-01 1.600000e-03 4.554720e-01
430 5.427520e-01 1.496000e-03 4.557520e-01
431 5.425880e-01 1.440000e-03 4.559720e-01
432 5.424200e-01 1.388000e-03 4.561920e-01
433 5.422520e-01 1.352000e-03 4.563960e-01
434 5.420200e-01 1.352000e-03 4.566280e-01
435 5.418600e-01 1.236000e-03 4.569040e-01
436 5.416920e-01 1.152000e-03 4.571560e-01
437 5.414640e-01 1.188000e-03 4.573480e-01
438 5.411960e-01 1.200000e-03 4.576040e-01
439 5.410400e-01 1.172000e-03 4.577880e-01
440 5.408320e-01 1.120000e-03 4.580480e-01
441 5.406360e-01 1.116000e-03 4.582480e-01
442 5.404040e-01 1.124000e-03 4.584720e-01
443 5.401720e-01 1.148000e-03 4.586800e-01
444 5.399800e-01 1.148000e-03 4.588720e-01
445 5.397840e-01 1.124000e-03 4.590920e-01
446 5.396160e-01 1.076000e-03 4.593080e-01
447 5.394200e-01 1.048000e-03 4.595320e-01
448 5.392200e-01 1.064000e-03 4.597160e-01
449 5.390760e-01 1.072000e-03 4.598520e-01
450 5.389480e-01 9.920000e-04 4.600600e-01
451 5.388040e-01 9.720000e-04 4.602240e-01
452 5.386920e-01 9.240000e-04 4.603840e-01
453 5.385280e-01 9.320000e-04 4.605400e-01
454 5.383480e-01 9.560000e-04 4.606960e-01
455 5.381520e-01 1.000000e-03 4.608480e-01
456 5.380160e-01 9.640000e-04 4.610200e-01
457 5.378800e-01 9.160000e-04 4.612040e-01
458 5.377200e-01 9.120000e-04 4.613680e-01
459 5.375680e-01 9.200000e-04 4.615120e-01
460 5.373840e-01 9.360000e-04 4.616800e-01
461 5.371680e-01 9.640000e-04 4.618680e-01
462 5.370320e-01 9.200000e-04 4.620480e-01
463 5.369160e-01 8.560000e-04 4.622280e-01
464 5.367960e-01 8.240000e-04 4.623800e-01
465 5.366520e-01 8.200000e-04 4.625280e-01
466 5.365480e-01 7.960000e-04 4.626560e-01
467 5.364160e-01 7.920000e-04 4.627920e-01
468 5.362600e-01 8.320000e-04 4.629080e-01
469 5.360640e-01 9.200000e-04 4.630160e-01
470 5.358440e-01 9.760000e-04 4.631800e-01
471 5.356680e-01 9.760000e-04 4.633560e-01
472 5.354880e-01 1.032000e-03 4.634800e-01
473 5.353080e-01 1.024000e-03 4.636680e-01
474 5.350520e-01 1.092000e-03 4.638560e-01
475 5.348440e-01 1.104000e-03 4.640520e-01
476 5.346440e-01 1.068000e-03 4.642880e-01
477 5.344160e-01 1.124000e-03 4.644600e-01
478 5.342160e-01 1.148000e-03 4.646360e-01
479 5.340680e-01 1.124000e-03 4.648080e-01
480 5.339040e-01 1.056000e-03 4.650400e-01
481 5.337560e-01 1.008000e-03 4.652360e-01
482 5.335560e-01 1.060000e-03 4.653840e-01
483 5.333920e-01 1.064000e-03 4.655440e-01
484 5.332600e-01 1.012000e-03 4.657280e-01
485 5.331280e-01 9.560000e-04 4.659160e-01
486 5.329840e-01 9.840000e-04 4.660320e-01
487 5.328480e-01 9.680000e-04 4.661840e-01
488 5.327640e-01 8.840000e-04 4.663520e-01
489 5.326320e-01 8.280000e-04 4.665400e-01
490 5.325280e-01 7.840000e-04 4.666880e-01
491 5.324040e-01 7.800000e-04 4.668160e-01
492 5.323000e-01 7.760000e-04 4.669240e-01
493 5.321480e-01 7.760000e-04 4.670760e-01
494 5.319720e-01 8.080000e-04 4.672200e-01
495 5.318320e-01 8.120000e-04 4.673560e-01
496 5.316880e-01 7.920000e-04 4.675200e-01
497 5.314920e-01 8.480000e-04 4.676600e-01
498 5.313440e-01 8.440000e-04 4.678120e-01
499 5.311920e-01 8.600000e-04 4.679480e-01
500 5.310640e-01 8.360000e-04 4.681000e-01
