1 9.991480e-01 7.760000e-04 7.600000e-05
2 9.985520e-01 1.208000e-03 2.400000e-04
3 9.977360e-01 1.728000e-03 5.360000e-04
4 9.969800e-01 2.192000e-03 8.280000e-04
5 9.961120e-01 2.652000e-03 1.236000e-03
6 9.951000e-01 3.180000e-03 1.720000e-03
7 9.941880e-01 3.552000e-03 2.260000e-03
8 9.930600e-01 3.944000e-03 2.996000e-03
9 9.920200e-01 4.360000e-03 3.620000e-03
10 9.908920e-01 4.728000e-03 4.380000e-03
11 9.896760e-01 5.020000e-03 5.304000e-03
12 9.884920e-01 5.376000e-03 6.132000e-03
13 9.871720e-01 5.776000e-03 7.052000e-03
14 9.856280e-01 6.296000e-03 8.076000e-03
15 9.842080e-01 6.492000e-03 9.300000e-03
16 9.827120e-01 6.784000e-03 1.050400e-02
17 9.812880e-01 6.996000e-03 1.171600e-02
18 9.799760e-01 7.180000e-03 1.284400e-02
19 9.785040e-01 7.340000e-03 1.415600e-02
20 9.769400e-01 7.608000e-03 1.545200e-02
21 9.753680e-01 7.816000e-03 1.681600e-02
22 9.738320e-01 7.988000e-03 1.818000e-02
23 9.724720e-01 8.052000e-03 1.947600e-02
24 9.709800e-01 8.116000e-03 2.090400e-02
25 9.694720e-01 8.264000e-03 2.226400e-02
26 9.680080e-01 8.120000e-03 2.387200e-02
27 9.664120e-01 8.372000e-03 2.521600e-02
28 9.648920e-01 8.388000e-03 2.672000e-02
29 9.630960e-01 8.752000e-03 2.815200e-02
30 9.612600e-01 9.008000e-03 2.973200e-02
31 9.596920e-01 9.064000e-03 3.124400e-02
32 9.579840e-01 9.184000e-03 3.283200e-02
33 9.563760e-01 9.168000e-03 3.445600e-02
34 9.547000e-01 9.220000e-03 3.608000e-02
35 9.530080e-01 9.408000e-03 3.758400e-02
36 9.512320e-01 9.592000e-03 3.917600e-02
37 9.495400e-01 9.764000e-03 4.069600e-02
38 9.476920e-01 9.880000e-03 4.242800e-02
39 9.456040e-01 1.024400e-02 4.415200e-02
40 9.437520e-01 1.032000e-02 4.592800e-02
41 9.419480e-01 1.039200e-02 4.766000e-02
42 9.399040e-01 1.060800e-02 4.948800e-02
43 9.380520e-01 1.066000e-02 5.128800e-02
44 9.361800e-01 1.072800e-02 5.309200e-02
45 9.342200e-01 1.076800e-02 5.501200e-02
46 9.323000e-01 1.080000e-02 5.690000e-02
47 9.305680e-01 1.057600e-02 5.885600e-02
48 9.288320e-01 1.045200e-02 6.071600e-02
49 9.270440e-01 1.037200e-02 6.258400e-02
50 9.252840e-01 1.034800e-02 6.436800e-02
51 9.235200e-01 1.030000e-02 6.618000e-02
52 9.215240e-01 1.051600e-02 6.796000e-02
53 9.197200e-01 1.054000e-02 6.974000e-02
54 9.178680e-01 1.059600e-02 7.153600e-02
55 9.160480e-01 1.046400e-02 7.348800e-02
56 9.142440e-01 1.042400e-02 7.533200e-02
57 9.124920e-01 1.027200e-02 7.723600e-02
58 9.105240e-01 1.048800e-02 7.898800e-02
59 9.084600e-01 1.057200e-02 8.096800e-02
60 9.063400e-01 1.094000e-02 8.272000e-02
61 9.043840e-01 1.095600e-02 8.466000e-02
62 9.024720e-01 1.109600e-02 8.643200e-02
63 9.003440e-01 1.124000e-02 8.841600e-02
64 8.982920e-01 1.138400e-02 9.032400e-02
65 8.962240e-01 1.138000e-02 9.239600e-02
66 8.941320e-01 1.170000e-02 9.416800e-02
67 8.920160e-01 1.180800e-02 9.617600e-02
68 8.899920e-01 1.176400e-02 9.824400e-02
69 8.879920e-01 1.173600e-02 1.002720e-01
70 8.859560e-01 1.178800e-02 1.022560e-01
71 8.838880e-01 1.179600e-02 1.043160e-01
72 8.817080e-01 1.187600e-02 1.064160e-01
73 8.796000e-01 1.189200e-02 1.085080e-01
74 8.773200e-01 1.221200e-02 1.104680e-01
75 8.752760e-01 1.218000e-02 1.125440e-01
76 8.732080e-01 1.215600e-02 1.146360e-01
77 8.712160e-01 1.211200e-02 1.166720e-01
78 8.693320e-01 1.199600e-02 1.186720e-01
79 8.673280e-01 1.189200e-02 1.207800e-01
80 8.652120e-01 1.198000e-02 1.228080e-01
81 8.631160e-01 1.205600e-02 1.248280e-01
82 8.610560e-01 1.198000e-02 1.269640e-01
83 8.589480e-01 1.206000e-02 1.289920e-01
84 8.568240e-01 1.219600e-02 1.309800e-01
85 8.548960e-01 1.196800e-02 1.331360e-01
86 8.529320e-01 1.186800e-02 1.352000e-01
87 8.510720e-01 1.162000e-02 1.373080e-01
88 8.489040e-01 1.184400e-02 1.392520e-01
89 8.468800e-01 1.193200e-02 1.411880e-01
90 8.449400e-01 1.167600e-02 1.433840e-01
91 8.430480e-01 1.162400e-02 1.453280e-01
92 8.411280e-01 1.139200e-02 1.474800e-01
93 8.393080e-01 1.122400e-02 1.494680e-01
94 8.373960e-01 1.128800e-02 1.513160e-01
95 8.353280e-01 1.136000e-02 1.533120e-01
96 8.335360e-01 1.116800e-02 1.552960e-01
97 8.316360e-01 1.099600e-02 1.573680e-01
98 8.299880e-01 1.084000e-02 1.591720e-01
99 8.282400e-01 1.060800e-02 1.611520e-01
100 8.263760e-01 1.068800e-02 1.629360e-01
101 8.246400e-01 1.067600e-02 1.646840e-01
102 8.228720e-01 1.058400e-02 1.665440e-01
103 8.211040e-01 1.059600e-02 1.683000e-01
104 8.193960e-01 1.060800e-02 1.699960e-01
105 8.175560e-01 1.061200e-02 1.718320e-01
106 8.157400e-01 1.059200e-02 1.736680e-01
107 8.138600e-01 1.069200e-02 1.754480e-01
108 8.120480e-01 1.058800e-02 1.773640e-01
109 8.101800e-01 1.058800e-02 1.792320e-01
110 8.083520e-01 1.053200e-02 1.811160e-01
111 8.064640e-01 1.049200e-02 1.830440e-01
112 8.047800e-01 1.021600e-02 1.850040e-01
113 8.030200e-01 1.014000e-02 1.868400e-01
114 8.012640e-01 1.006800e-02 1.886680e-01
115 7.996440e-01 9.972000e-03 1.903840e-01
116 7.979160e-01 9.796000e-03 1.922880e-01
117 7.962320e-01 9.760000e-03 1.940080e-01
118 7.943720e-01 1.001200e-02 1.956160e-01
119 7.927480e-01 9.916000e-03 1.973360e-01
120 7.911360e-01 9.764000e-03 1.991000e-01
121 7.895000e-01 9.720000e-03 2.007800e-01
122 7.877760e-01 9.712000e-03 2.025120e-01
123 7.860800e-01 9.800000e-03 2.041200e-01
124 7.846080e-01 9.488000e-03 2.059040e-01
125 7.828320e-01 9.648000e-03 2.075200e-01
126 7.812240e-01 9.524000e-03 2.092520e-01
127 7.796400e-01 9.556000e-03 2.108040e-01
128 7.782200e-01 9.268000e-03 2.125120e-01
129 7.766680e-01 9.268000e-03 2.140640e-01
130 7.751480e-01 9.132000e-03 2.157200e-01
131 7.736440e-01 9.044000e-03 2.173120e-01
132 7.720280e-01 9.112000e-03 2.188600e-01
133 7.706320e-01 8.892000e-03 2.204760e-01
134 7.694040e-01 8.560000e-03 2.220360e-01
135 7.682640e-01 8.272000e-03 2.234640e-01
136 7.671160e-01 8.008000e-03 2.248760e-01
137 7.659320e-01 7.776000e-03 2.262920e-01
138 7.646840e-01 7.680000e-03 2.276360e-01
139 7.635280e-01 7.584000e-03 2.288880e-01
140 7.621480e-01 7.692000e-03 2.301600e-01
141 7.607640e-01 7.708000e-03 2.315280e-01
142 7.594280e-01 7.648000e-03 2.329240e-01
143 7.582280e-01 7.452000e-03 2.343200e-01
144 7.571280e-01 7.316000e-03 2.355560e-01
145 7.559920e-01 7.216000e-03 2.367920e-01
146 7.547680e-01 7.240000e-03 2.379920e-01
147 7.534160e-01 7.456000e-03 2.391280e-01
148 7.520640e-01 7.560000e-03 2.403760e-01
149 7.508880e-01 7.440000e-03 2.416720e-01
150 7.497880e-01 7.036000e-03 2.431760e-01
151 7.486880e-01 6.828000e-03 2.444840e-01
152 7.475000e-01 6.864000e-03 2.456360e-01
153 7.461680e-01 6.876000e-03 2.469560e-01
154 7.448680e-01 6.980000e-03 2.481520e-01
155 7.437520e-01 6.892000e-03 2.493560e-01
156 7.424760e-01 6.896000e-03 2.506280e-01
157 7.411960e-01 6.932000e-03 2.518720e-01
158 7.399320e-01 6.948000e-03 2.531200e-01
159 7.387720e-01 6.916000e-03 2.543120e-01
160 7.377080e-01 6.756000e-03 2.555360e-01
161 7.365600e-01 6.680000e-03 2.567600e-01
162 7.355840e-01 6.584000e-03 2.578320e-01
163 7.344960e-01 6.488000e-03 2.590160e-01
164 7.333960e-01 6.548000e-03 2.600560e-01
165 7.321160e-01 6.712000e-03 2.611720e-01
166 7.309840e-01 6.764000e-03 2.622520e-01
167 7.299200e-01 6.692000e-03 2.633880e-01
168 7.287280e-01 6.736000e-03 2.645360e-01
169 7.275800e-01 6.696000e-03 2.657240e-01
170 7.263720e-01 6.752000e-03 2.668760e-01
171 7.252200e-01 6.612000e-03 2.681680e-01
172 7.239000e-01 6.700000e-03 2.694000e-01
173 7.227960e-01 6.676000e-03 2.705280e-01
174 7.215240e-01 6.836000e-03 2.716400e-01
175 7.203800e-01 6.780000e-03 2.728400e-01
176 7.191880e-01 6.780000e-03 2.740320e-01
177 7.180720e-01 6.764000e-03 2.751640e-01
178 7.169000e-01 6.768000e-03 2.763320e-01
179 7.158880e-01 6.660000e-03 2.774520e-01
180 7.147920e-01 6.680000e-03 2.785280e-01
181 7.138440e-01 6.428000e-03 2.797280e-01
182 7.127960e-01 6.348000e-03 2.808560e-01
183 7.118240e-01 6.136000e-03 2.820400e-01
184 7.108000e-01 6.156000e-03 2.830440e-01
185 7.097160e-01 6.192000e-03 2.840920e-01
186 7.086880e-01 6.256000e-03 2.850560e-01
187 7.077360e-01 6.160000e-03 2.861040e-01
188 7.067040e-01 6.124000e-03 2.871720e-01
189 7.056040e-01 6.176000e-03 2.882200e-01
190 7.046800e-01 6.076000e-03 2.892440e-01
191 7.037320e-01 5.964000e-03 2.903040e-01
192 7.028680e-01 5.720000e-03 2.914120e-01
193 7.019480e-01 5.668000e-03 2.923840e-01
194 7.010160e-01 5.580000e-03 2.934040e-01
195 7.000600e-01 5.512000e-03 2.944280e-01
196 6.991080e-01 5.612000e-03 2.952800e-01
197 6.981640e-01 5.612000e-03 2.962240e-01
198 6.972280e-01 5.600000e-03 2.971720e-01
199 6.962040e-01 5.596000e-03 2.982000e-01
200 6.954240e-01 5.428000e-03 2.991480e-01
201 6.946480e-01 5.240000e-03 3.001120e-01
202 6.938160e-01 5.196000e-03 3.009880e-01
203 6.929880e-01 5.076000e-03 3.019360e-01
204 6.921360e-01 5.064000e-03 3.028000e-01
205 6.912000e-01 5.192000e-03 3.036080e-01
206 6.903480e-01 5.088000e-03 3.045640e-01
207 6.894880e-01 5.096000e-03 3.054160e-01
208 6.887400e-01 4.960000e-03 3.063000e-01
209 6.879680e-01 4.816000e-03 3.072160e-01
210 6.872040e-01 4.692000e-03 3.081040e-01
211 6.863920e-01 4.740000e-03 3.088680e-01
212 6.855920e-01 4.820000e-03 3.095880e-01
213 6.847880e-01 4.800000e-03 3.104120e-01
214 6.840200e-01 4.792000e-03 3.111880e-01
215 6.832520e-01 4.768000e-03 3.119800e-01
216 6.825120e-01 4.732000e-03 3.127560e-01
217 6.817320e-01 4.768000e-03 3.135000e-01
218 6.810160e-01 4.708000e-03 3.142760e-01
219 6.802640e-01 4.604000e-03 3.151320e-01
220 6.795320e-01 4.572000e-03 3.158960e-01
221 6.788760e-01 4.436000e-03 3.166880e-01
222 6.781240e-01 4.392000e-03 3.174840e-01
223 6.774560e-01 4.376000e-03 3.181680e-01
224 6.766200e-01 4.484000e-03 3.188960e-01
225 6.758400e-01 4.448000e-03 3.197120e-01
226 6.750360e-01 4.444000e-03 3.205200e-01
227 6.743200e-01 4.320000e-03 3.213600e-01
228 6.736280e-01 4.252000e-03 3.221200e-01
229 6.729320e-01 4.228000e-03 3.228400e-01
230 6.722800e-01 4.168000e-03 3.235520e-01
231 6.715480e-01 4.244000e-03 3.242080e-01
232 6.707760e-01 4.276000e-03 3.249480e-01
233 6.700800e-01 4.236000e-03 3.256840e-01
234 6.694320e-01 4.168000e-03 3.264000e-01
235 6.686960e-01 4.244000e-03 3.270600e-01
236 6.678480e-01 4.364000e-03 3.277880e-01
237 6.671560e-01 4.288000e-03 3.285560e-01
238 6.665440e-01 4.132000e-03 3.293240e-01
239 6.658960e-01 4.004000e-03 3.301000e-01
240 6.653080e-01 3.932000e-03 3.307600e-01
241 6.646760e-01 3.960000e-03 3.313640e-01
242 6.639400e-01 3.976000e-03 3.320840e-01
243 6.633200e-01 3.904000e-03 3.327760e-01
244 6.626160e-01 3.940000e-03 3.334440e-01
245 6.619680e-01 3.800000e-03 3.342320e-01
246 6.613720e-01 3.672000e-03 3.349560e-01
247 6.607960e-01 3.616000e-03 3.355880e-01
248 6.601600e-01 3.568000e-03 3.362720e-01
249 6.595120e-01 3.536000e-03 3.369520e-01
250 6.589280e-01 3.388000e-03 3.376840e-01
251 6.583760e-01 3.460000e-03 3.381640e-01
252 6.577640e-01 3.464000e-03 3.387720e-01
253 6.571680e-01 3.500000e-03 3.393320e-01
254 6.565840e-01 3.564000e-03 3.398520e-01
255 6.559480e-01 3.608000e-03 3.404440e-01
256 6.553800e-01 3.504000e-03 3.411160e-01
257 6.547400e-01 3.424000e-03 3.418360e-01
258 6.542400e-01 3.268000e-03 3.424920e-01
259 6.535880e-01 3.316000e-03 3.430960e-01
260 6.529880e-01 3.244000e-03 3.437680e-01
261 6.524440e-01 3.216000e-03 3.443400e-01
262 6.519000e-01 3.216000e-03 3.448840e-01
263 6.513400e-01 3.248000e-03 3.454120e-01
264 6.507600e-01 3.300000e-03 3.459400e-01
265 6.502280e-01 3.260000e-03 3.465120e-01
266 6.496040e-01 3.288000e-03 3.471080e-01
267 6.489760e-01 3.284000e-03 3.477400e-01
268 6.484360e-01 3.296000e-03 3.482680e-01
269 6.478240e-01 3.220000e-03 3.489560e-01
270 6.472480e-01 3.156000e-03 3.495960e-01
271 6.466960e-01 3.152000e-03 3.501520e-01
272 6.462360e-01 3.128000e-03 3.506360e-01
273 6.458560e-01 2.944000e-03 3.512000e-01
274 6.454000e-01 2.960000e-03 3.516400e-01
275 6.450320e-01 2.848000e-03 3.521200e-01
276 6.446400e-01 2.796000e-03 3.525640e-01
277 6.441680e-01 2.780000e-03 3.530520e-01
278 6.437120e-01 2.736000e-03 3.535520e-01
279 6.432640e-01 2.744000e-03 3.539920e-01
280 6.428000e-01 2.696000e-03 3.545040e-01
281 6.423600e-01 2.692000e-03 3.549480e-01
282 6.418400e-01 2.800000e-03 3.553600e-01
283 6.413560e-01 2.744000e-03 3.559000e-01
284 6.409040e-01 2.760000e-03 3.563360e-01
285 6.404840e-01 2.744000e-03 3.567720e-01
286 6.399640e-01 2.780000e-03 3.572560e-01
287 6.394560e-01 2.812000e-03 3.577320e-01
288 6.390440e-01 2.728000e-03 3.582280e-01
289 6.386160e-01 2.712000e-03 3.586720e-01
290 6.381280e-01 2.728000e-03 3.591440e-01
291 6.376320e-01 2.716000e-03 3.596520e-01
292 6.372200e-01 2.608000e-03 3.601720e-01
293 6.367200e-01 2.696000e-03 3.605840e-01
294 6.363280e-01 2.656000e-03 3.610160e-01
295 6.359320e-01 2.556000e-03 3.615120e-01
296 6.355560e-01 2.444000e-03 3.620000e-01
297 6.351760e-01 2.368000e-03 3.624560e-01
298 6.347040e-01 2.444000e-03 3.628520e-01
299 6.343360e-01 2.384000e-03 3.632800e-01
300 6.338920e-01 2.392000e-03 3.637160e-01
301 6.335040e-01 2.420000e-03 3.640760e-01
302 6.331960e-01 2.284000e-03 3.645200e-01
303 6.328640e-01 2.264000e-03 3.648720e-01
304 6.324800e-01 2.236000e-03 3.652840e-01
305 6.321720e-01 2.140000e-03 3.656880e-01
306 6.318240e-01 2.112000e-03 3.660640e-01
307 6.314600e-01 2.076000e-03 3.664640e-01
308 6.311760e-01 1.988000e-03 3.668360e-01
309 6.309120e-01 1.896000e-03 3.671920e-01
310 6.305600e-01 1.892000e-03 3.675480e-01
311 6.302120e-01 1.912000e-03 3.678760e-01
312 6.299000e-01 1.864000e-03 3.682360e-01
313 6.295560e-01 1.888000e-03 3.685560e-01
314 6.292680e-01 1.848000e-03 3.688840e-01
315 6.289160e-01 1.884000e-03 3.692000e-01
316 6.286960e-01 1.760000e-03 3.695440e-01
317 6.283840e-01 1.756000e-03 3.698600e-01
318 6.280840e-01 1.732000e-03 3.701840e-01
319 6.277960e-01 1.704000e-03 3.705000e-01
320 6.275040e-01 1.708000e-03 3.707880e-01
321 6.272040e-01 1.716000e-03 3.710800e-01
322 6.269680e-01 1.640000e-03 3.713920e-01
323 6.267080e-01 1.600000e-03 3.716920e-01
324 6.264600e-01 1.564000e-03 3.719760e-01
325 6.261000e-01 1.624000e-03 3.722760e-01
326 6.258040e-01 1.556000e-03 3.726400e-01
327 6.256440e-01 1.484000e-03 3.728720e-01
328 6.253880e-01 1.480000e-03 3.731320e-01
329 6.251080e-01 1.464000e-03 3.734280e-01
330 6.248720e-01 1.420000e-03 3.737080e-01
331 6.246480e-01 1.372000e-03 3.739800e-01
332 6.244360e-01 1.400000e-03 3.741640e-01
333 6.241760e-01 1.420000e-03 3.744040e-01
334 6.239480e-01 1.440000e-03 3.746120e-01
335 6.237000e-01 1.440000e-03 3.748600e-01
336 6.234560e-01 1.452000e-03 3.750920e-01
337 6.232600e-01 1.400000e-03 3.753400e-01
338 6.230920e-01 1.332000e-03 3.755760e-01
339 6.228560e-01 1.272000e-03 3.758720e-01
340 6.226880e-01 1.196000e-03 3.761160e-01
341 6.225200e-01 1.180000e-03 3.763000e-01
342 6.223680e-01 1.136000e-03 3.764960e-01
343 6.222280e-01 1.120000e-03 3.766520e-01
344 6.220840e-01 1.084000e-03 3.768320e-01
345 6.219880e-01 9.640000e-04 3.770480e-01
346 6.218360e-01 9.320000e-04 3.772320e-01
347 6.216840e-01 9.080000e-04 3.774080e-01
348 6.215600e-01 8.720000e-04 3.775680e-01
349 6.214400e-01 8.360000e-04 3.777240e-01
350 6.213320e-01 7.880000e-04 3.778800e-01
351 6.212080e-01 7.680000e-04 3.780240e-01
352 6.210960e-01 7.840000e-04 3.781200e-01
353 6.209840e-01 7.560000e-04 3.782600e-01
354 6.208600e-01 7.360000e-04 3.784040e-01
355 6.207720e-01 6.440000e-04 3.785840e-01
356 6.206800e-01 5.880000e-04 3.787320e-01
357 6.205440e-01 6.200000e-04 3.788360e-01
358 6.204160e-01 6.000000e-04 3.789840e-01
359 6.203000e-01 5.960000e-04 3.791040e-01
360 6.201800e-01 6.120000e-04 3.792080e-01
361 6.200640e-01 6.000000e-04 3.793360e-01
362 6.199680e-01 6.280000e-04 3.794040e-01
363 6.198840e-01 6.080000e-04 3.795080e-01
364 6.197800e-01 6.440000e-04 3.795760e-01
365 6.197000e-01 6.080000e-04 3.796920e-01
366 6.196200e-01 6.200000e-04 3.797600e-01
367 6.195280e-01 6.080000e-04 3.798640e-01
368 6.194600e-01 5.800000e-04 3.799600e-01
369 6.193880e-01 5.400000e-04 3.800720e-01
370 6.193160e-01 5.040000e-04 3.801800e-01
371 6.192480e-01 4.960000e-04 3.802560e-01
372 6.191920e-01 4.600000e-04 3.803480e-01
373 6.191360e-01 4.520000e-04 3.804120e-01
374 6.191120e-01 3.920000e-04 3.804960e-01
375 6.190720e-01 3.760000e-04 3.805520e-01
376 6.190160e-01 3.600000e-04 3.806240e-01
377 6.189800e-01 3.120000e-04 3.807080e-01
378 6.189560e-01 2.680000e-04 3.807760e-01
379 6.189200e-01 2.760000e-04 3.808040e-01
380 6.188880e-01 2.840000e-04 3.808280e-01
381 6.188400e-01 3.040000e-04 3.808560e-01
382 6.187840e-01 3.160000e-04 3.809000e-01
383 6.187280e-01 2.960000e-04 3.809760e-01
384 6.186920e-01 2.720000e-04 3.810360e-01
385 6.186240e-01 2.840000e-04 3.810920e-01
386 6.185560e-01 3.080000e-04 3.811360e-01
387 6.184720e-01 3.560000e-04 3.811720e-01
388 6.183840e-01 3.800000e-04 3.812360e-01
389 6.183200e-01 3.720000e-04 3.813080e-01
390 6.182320e-01 4.040000e-04 3.813640e-01
391 6.181720e-01 4.040000e-04 3.814240e-01
392 6.180880e-01 4.080000e-04 3.815040e-01
393 6.180480e-01 3.800000e-04 3.815720e-01
394 6.179720e-01 4.160000e-04 3.816120e-01
395 6.178880e-01 4.240000e-04 3.816880e-01
396 6.178360e-01 3.880000e-04 3.817760e-01
397 6.177760e-01 3.880000e-04 3.818360e-01
398 6.177320e-01 3.840000e-04 3.818840e-01
399 6.176800e-01 3.720000e-04 3.819480e-01
400 6.176320e-01 3.480000e-04 3.820200e-01
401 6.175960e-01 3.160000e-04 3.820880e-01
402 6.175600e-01 2.960000e-04 3.821440e-01
403 6.175000e-01 3.120000e-04 3.821880e-01
404 6.174600e-01 2.880000e-04 3.822520e-01
405 6.174200e-01 2.800000e-04 3.823000e-01
406 6.173720e-01 2.960000e-04 3.823320e-01
407 6.173520e-01 2.640000e-04 3.823840e-01
408 6.173200e-01 2.320000e-04 3.824480e-01
409 6.173000e-01 2.040000e-04 3.824960e-01
410 6.172800e-01 1.880000e-04 3.825320e-01
411 6.172280e-01 2.240000e-04 3.825480e-01
412 6.171800e-01 2.480000e-04 3.825720e-01
413 6.171200e-01 2.600000e-04 3.826200e-01
414 6.170800e-01 2.560000e-04 3.826640e-01
415 6.170280e-01 2.840000e-04 3.826880e-01
416 6.169680e-01 2.920000e-04 3.827400e-01
417 6.169160e-01 3.040000e-04 3.827800e-01
418 6.168800e-01 2.560000e-04 3.828640e-01
419 6.168480e-01 2.520000e-04 3.829000e-01
420 6.168080e-01 2.440000e-04 3.829480e-01
421 6.167760e-01 2.560000e-04 3.829680e-01
422 6.167600e-01 2.320000e-04 3.830080e-01
423 6.167440e-01 2.120000e-04 3.830440e-01
424 6.167280e-01 1.640000e-04 3.831080e-01
425 6.166800e-01 1.840000e-04 3.831360e-01
426 6.166480e-01 1.840000e-04 3.831680e-01
427 6.166160e-01 1.840000e-04 3.832000e-01
428 6.165720e-01 1.960000e-04 3.832320e-01
429 6.165240e-01 2.240000e-04 3.832520e-01
430 6.164720e-01 2.200000e-04 3.833080e-01
431 6.164120e-01 2.320000e-04 3.833560e-01
432 6.163800e-01 2.200000e-04 3.834000e-01
433 6.163320e-01 2.240000e-04 3.834440e-01
434 6.162840e-01 2.480000e-04 3.834680e-01
435 6.162480e-01 2.560000e-04 3.834960e-01
436 6.162160e-01 2.400000e-04 3.835440e-01
437 6.162040e-01 1.960000e-04 3.836000e-01
438 6.161800e-01 1.680000e-04 3.836520e-01
439 6.161720e-01 1.520000e-04 3.836760e-01
440 6.161600e-01 1.520000e-04 3.836880e-01
441 6.161560e-01 1.320000e-04 3.837120e-01
442 6.161520e-01 1.120000e-04 3.837360e-01
443 6.161440e-01 8.800000e-05 3.837680e-01
444 6.161400e-01 8.400000e-05 3.837760e-01
445 6.161320e-01 7.600000e-05 3.837920e-01
446 6.161160e-01 8.400000e-05 3.838000e-01
447 6.161120e-01 6.400000e-05 3.838240e-01
448 6.161080e-01 5.600000e-05 3.838360e-01
449 6.161080e-01 5.200000e-05 3.838400e-01
450 6.161040e-01 5.200000e-05 3.838440e-01
451 6.161000e-01 5.600000e-05 3.838440e-01
452 6.161000e-01 5.600000e-05 3.838440e-01
453 6.161000e-01 5.200000e-05 3.838480e-01
454 6.161000e-01 4.000000e-05 3.838600e-01
455 6.161000e-01 3.200000e-05 3.838680e-01
456 6.161000e-01 3.200000e-05 3.838680e-01
457 6.160960e-01 2.800000e-05 3.838760e-01
458 6.160840e-01 3.200000e-05 3.838840e-01
459 6.160840e-01 3.200000e-05 3.838840e-01
460 6.160680e-01 4.800000e-05 3.838840e-01
461 6.160520e-01 6.000000e-05 3.838880e-01
462 6.160440e-01 6.400000e-05 3.838920e-01
463 6.160360e-01 5.600000e-05 3.839080e-01
464 6.160320e-01 4.800000e-05 3.839200e-01
465 6.160280e-01 3.600000e-05 3.839360e-01
466 6.160200e-01 4.400000e-05 3.839360e-01
467 6.160120e-01 4.400000e-05 3.839440e-01
468 6.160000e-01 4.800000e-05 3.839520e-01
469 6.160000e-01 4.000000e-05 3.839600e-01
470 6.159920e-01 4.400000e-05 3.839640e-01
471 6.159840e-01 4.800000e-05 3.839680e-01
472 6.159640e-01 5.200000e-05 3.839840e-01
473 6.159560e-01 4.400000e-05 3.840000e-01
474 6.159560e-01 4.000000e-05 3.840040e-01
475 6.159520e-01 4.000000e-05 3.840080e-01
476 6.159440e-01 4.000000e-05 3.840160e-01
477 6.159400e-01 3.600000e-05 3.840240e-01
478 6.159320e-01 3.200000e-05 3.840360e-01
479 6.159320e-01 2.000000e-05 3.840480e-01
480 6.159320e-01 1.200000e-05 3.840560e-01
481 6.159320e-01 1.200000e-05 3.840560e-01
482 6.159320e-01 1.200000e-05 3.840560e-01
483 6.159320e-01 1.200000e-05 3.840560e-01
484 6.159320e-01 1.200000e-05 3.840560e-01
485 6.159320e-01 1.200000e-05 3.840560e-01
486 6.159320e-01 8.000000e-06 3.840600e-01
487 6.159320e-01 8.000000e-06 3.840600e-01
488 6.159320e-01 0.000000e+00 3.840680e-01
489 6.159320e-01 0.000000e+00 3.840680e-01
490 6.159320e-01 0.000000e+00 3.840680e-01
491 6.159320e-01 0.000000e+00 3.840680e-01
492 6.159320e-01 0.000000e+00 3.840680e-01
493 6.159320e-01 0.000000e+00 3.840680e-01
494 6.159320e-01 0.000000e+00 3.840680e-01
495 6.159320e-01 0.000000e+00 3.840680e-01
496 6.159320e-01 0.000000e+00 3.840680e-01
497 6.159320e-01 0.000000e+00 3.840680e-01
498 6.159320e-01 0.000000e+00 3.840680e-01
499 6.159320e-01 0.000000e+00 3.840680e-01
500 6.159320e-01 0.000000e+00 3.840680e-01
