1 9.992080e-01 7.320000e-04 6.000000e-05
2 9.987000e-01 1.064000e-03 2.360000e-04
3 9.981560e-01 1.416000e-03 4.280000e-04
4 9.973200e-01 1.988000e-03 6.920000e-04
5 9.965080e-01 2.396000e-03 1.096000e-03
6 9.955360e-01 2.888000e-03 1.576000e-03
7 9.945640e-01 3.308000e-03 2.128000e-03
8 9.935120e-01 3.712000e-03 2.776000e-03
9 9.923400e-01 4.152000e-03 3.508000e-03
10 9.912000e-01 4.632000e-03 4.168000e-03
11 9.900080e-01 4.944000e-03 5.048000e-03
12 9.888440e-01 5.156000e-03 6.000000e-03
13 9.876120e-01 5.516000e-03 6.872000e-03
14 9.863080e-01 5.872000e-03 7.820000e-03
15 9.848240e-01 6.312000e-03 8.864000e-03
16 9.835600e-01 6.448000e-03 9.992000e-03
17 9.821680e-01 6.708000e-03 1.112400e-02
18 9.808120e-01 6.932000e-03 1.225600e-02
19 9.794160e-01 7.240000e-03 1.334400e-02
20 9.779640e-01 7.416000e-03 1.462000e-02
21 9.764160e-01 7.716000e-03 1.586800e-02
22 9.748240e-01 7.960000e-03 1.721600e-02
23 9.733480e-01 8.072000e-03 1.858000e-02
24 9.718800e-01 8.128000e-03 1.999200e-02
25 9.704920e-01 8.172000e-03 2.133600e-02
26 9.690040e-01 8.152000e-03 2.284400e-02
27 9.673320e-01 8.420000e-03 2.424800e-02
28 9.656040e-01 8.564000e-03 2.583200e-02
29 9.639360e-01 8.680000e-03 2.738400e-02
30 9.623280e-01 8.744000e-03 2.892800e-02
31 9.605600e-01 8.888000e-03 3.055200e-02
32 9.588920e-01 8.984000e-03 3.212400e-02
33 9.571640e-01 9.152000e-03 3.368400e-02
34 9.554440e-01 9.316000e-03 3.524000e-02
35 9.538080e-01 9.348000e-03 3.684400e-02
36 9.522000e-01 9.228000e-03 3.857200e-02
37 9.506160e-01 9.352000e-03 4.003200e-02
38 9.489280e-01 9.412000e-03 4.166000e-02
39 9.473120e-01 9.452000e-03 4.323600e-02
40 9.457160e-01 9.292000e-03 4.499200e-02
41 9.441280e-01 9.212000e-03 4.666000e-02
42 9.423000e-01 9.424000e-03 4.827600e-02
43 9.406520e-01 9.512000e-03 4.983600e-02
44 9.390120e-01 9.564000e-03 5.142400e-02
45 9.372120e-01 9.536000e-03 5.325200e-02
46 9.355040e-01 9.648000e-03 5.484800e-02
47 9.338920e-01 9.596000e-03 5.651200e-02
48 9.320880e-01 9.716000e-03 5.819600e-02
49 9.304680e-01 9.656000e-03 5.987600e-02
50 9.286920e-01 9.716000e-03 6.159200e-02
51 9.268960e-01 9.824000e-03 6.328000e-02
52 9.252200e-01 9.824000e-03 6.495600e-02
53 9.233560e-01 9.912000e-03 6.673200e-02
54 9.216880e-01 9.868000e-03 6.844400e-02
55 9.199520e-01 9.904000e-03 7.014400e-02
56 9.182920e-01 9.864000e-03 7.184400e-02
57 9.165760e-01 9.876000e-03 7.354800e-02
58 9.147080e-01 9.964000e-03 7.532800e-02
59 9.129200e-01 1.003600e-02 7.704400e-02
60 9.111840e-01 9.892000e-03 7.892400e-02
61 9.094400e-01 9.844000e-03 8.071600e-02
62 9.075880e-01 9.932000e-03 8.248000e-02
63 9.057240e-01 1.012000e-02 8.415600e-02
64 9.038760e-01 1.025600e-02 8.586800e-02
65 9.021680e-01 1.015200e-02 8.768000e-02
66 9.003880e-01 1.007200e-02 8.954000e-02
67 8.986960e-01 9.964000e-03 9.134000e-02
68 8.971160e-01 9.860000e-03 9.302400e-02
69 8.954120e-01 9.772000e-03 9.481600e-02
70 8.936280e-01 9.904000e-03 9.646800e-02
71 8.918640e-01 9.936000e-03 9.820000e-02
72 8.900320e-01 1.006800e-02 9.990000e-02
73 8.881320e-01 1.028800e-02 1.015800e-01
74 8.862800e-01 1.035200e-02 1.033680e-01
75 8.843840e-01 1.033200e-02 1.052840e-01
76 8.826080e-01 1.038400e-02 1.070080e-01
77 8.809720e-01 1.008400e-02 1.089440e-01
78 8.793120e-01 1.010000e-02 1.105880e-01
79 8.775320e-01 1.008400e-02 1.123840e-01
80 8.758480e-01 9.976000e-03 1.141760e-01
81 8.741240e-01 9.948000e-03 1.159280e-01
82 8.725400e-01 9.748000e-03 1.177120e-01
83 8.708920e-01 9.596000e-03 1.195120e-01
84 8.693640e-01 9.480000e-03 1.211560e-01
85 8.677280e-01 9.420000e-03 1.228520e-01
86 8.660920e-01 9.356000e-03 1.245520e-01
87 8.646440e-01 9.180000e-03 1.261760e-01
88 8.631120e-01 9.060000e-03 1.278280e-01
89 8.616040e-01 8.964000e-03 1.294320e-01
90 8.601560e-01 8.884000e-03 1.309600e-01
91 8.585760e-01 8.880000e-03 1.325440e-01
92 8.570880e-01 8.772000e-03 1.341400e-01
93 8.555080e-01 8.800000e-03 1.356920e-01
94 8.540800e-01 8.740000e-03 1.371800e-01
95 8.525800e-01 8.680000e-03 1.387400e-01
96 8.510480e-01 8.712000e-03 1.402400e-01
97 8.495560e-01 8.632000e-03 1.418120e-01
98 8.478680e-01 8.592000e-03 1.435400e-01
99 8.463400e-01 8.500000e-03 1.451600e-01
100 8.447680e-01 8.536000e-03 1.466960e-01
101 8.433480e-01 8.468000e-03 1.481840e-01
102 8.420400e-01 8.284000e-03 1.496760e-01
103 8.406720e-01 8.160000e-03 1.511680e-01
104 8.392120e-01 8.140000e-03 1.526480e-01
105 8.378760e-01 8.088000e-03 1.540360e-01
106 8.362920e-01 8.144000e-03 1.555640e-01
107 8.347840e-01 8.216000e-03 1.570000e-01
108 8.332560e-01 8.284000e-03 1.584600e-01
109 8.317280e-01 8.256000e-03 1.600160e-01
110 8.302920e-01 8.156000e-03 1.615520e-01
111 8.287080e-01 8.344000e-03 1.629480e-01
112 8.272520e-01 8.412000e-03 1.643360e-01
113 8.257360e-01 8.520000e-03 1.657440e-01
114 8.242360e-01 8.652000e-03 1.671120e-01
115 8.228760e-01 8.596000e-03 1.685280e-01
116 8.213840e-01 8.556000e-03 1.700600e-01
117 8.199240e-01 8.484000e-03 1.715920e-01
118 8.184240e-01 8.596000e-03 1.729800e-01
119 8.169440e-01 8.432000e-03 1.746240e-01
120 8.154200e-01 8.576000e-03 1.760040e-01
121 8.141360e-01 8.216000e-03 1.776480e-01
122 8.128720e-01 8.064000e-03 1.790640e-01
123 8.115560e-01 7.968000e-03 1.804760e-01
124 8.102640e-01 7.892000e-03 1.818440e-01
125 8.088920e-01 7.948000e-03 1.831600e-01
126 8.075320e-01 8.036000e-03 1.844320e-01
127 8.062760e-01 7.976000e-03 1.857480e-01
128 8.048000e-01 8.088000e-03 1.871120e-01
129 8.034280e-01 7.992000e-03 1.885800e-01
130 8.020400e-01 7.952000e-03 1.900080e-01
131 8.006120e-01 7.992000e-03 1.913960e-01
132 7.992040e-01 7.912000e-03 1.928840e-01
133 7.978240e-01 7.916000e-03 1.942600e-01
134 7.964160e-01 7.956000e-03 1.956280e-01
135 7.949320e-01 7.972000e-03 1.970960e-01
136 7.935080e-01 8.028000e-03 1.984640e-01
137 7.920840e-01 8.128000e-03 1.997880e-01
138 7.908960e-01 7.980000e-03 2.011240e-01
139 7.896800e-01 7.740000e-03 2.025800e-01
140 7.884120e-01 7.664000e-03 2.039240e-01
141 7.871560e-01 7.532000e-03 2.053120e-01
142 7.860080e-01 7.408000e-03 2.065840e-01
143 7.847080e-01 7.392000e-03 2.079000e-01
144 7.831400e-01 7.620000e-03 2.092400e-01
145 7.817560e-01 7.612000e-03 2.106320e-01
146 7.803400e-01 7.732000e-03 2.119280e-01
147 7.790320e-01 7.804000e-03 2.131640e-01
148 7.776480e-01 7.920000e-03 2.144320e-01
149 7.762680e-01 7.920000e-03 2.158120e-01
150 7.748080e-01 8.044000e-03 2.171480e-01
151 7.734000e-01 8.016000e-03 2.185840e-01
152 7.720520e-01 7.968000e-03 2.199800e-01
153 7.707040e-01 7.972000e-03 2.213240e-01
154 7.693400e-01 8.056000e-03 2.226040e-01
155 7.678640e-01 8.132000e-03 2.240040e-01
156 7.665160e-01 8.064000e-03 2.254200e-01
157 7.650120e-01 8.188000e-03 2.268000e-01
158 7.636200e-01 8.032000e-03 2.283480e-01
159 7.621280e-01 8.160000e-03 2.297120e-01
160 7.607480e-01 8.056000e-03 2.311960e-01
161 7.593320e-01 8.204000e-03 2.324640e-01
162 7.578360e-01 8.296000e-03 2.338680e-01
163 7.563160e-01 8.400000e-03 2.352840e-01
164 7.549520e-01 8.324000e-03 2.367240e-01
165 7.533960e-01 8.348000e-03 2.382560e-01
166 7.520200e-01 8.168000e-03 2.398120e-01
167 7.505720e-01 8.180000e-03 2.412480e-01
168 7.491960e-01 8.236000e-03 2.425680e-01
169 7.478680e-01 8.084000e-03 2.440480e-01
170 7.466200e-01 7.868000e-03 2.455120e-01
171 7.454880e-01 7.704000e-03 2.468080e-01
172 7.443000e-01 7.628000e-03 2.480720e-01
173 7.432280e-01 7.240000e-03 2.495320e-01
174 7.421040e-01 7.236000e-03 2.506600e-01
175 7.409760e-01 7.100000e-03 2.519240e-01
176 7.398080e-01 7.084000e-03 2.531080e-01
177 7.387480e-01 6.872000e-03 2.543800e-01
178 7.376760e-01 6.632000e-03 2.556920e-01
179 7.365600e-01 6.620000e-03 2.568200e-01
180 7.352800e-01 6.692000e-03 2.580280e-01
181 7.341760e-01 6.616000e-03 2.592080e-01
182 7.331600e-01 6.500000e-03 2.603400e-01
183 7.321040e-01 6.360000e-03 2.615360e-01
184 7.311280e-01 6.144000e-03 2.627280e-01
185 7.300520e-01 6.168000e-03 2.637800e-01
186 7.289840e-01 6.256000e-03 2.647600e-01
187 7.279320e-01 6.252000e-03 2.658160e-01
188 7.268320e-01 6.420000e-03 2.667480e-01
189 7.256880e-01 6.460000e-03 2.678520e-01
190 7.245320e-01 6.416000e-03 2.690520e-01
191 7.233120e-01 6.436000e-03 2.702520e-01
192 7.222960e-01 6.308000e-03 2.713960e-01
193 7.212440e-01 6.300000e-03 2.724560e-01
194 7.200600e-01 6.320000e-03 2.736200e-01
195 7.188320e-01 6.488000e-03 2.746800e-01
196 7.175160e-01 6.676000e-03 2.758080e-01
197 7.164040e-01 6.592000e-03 2.770040e-01
198 7.151880e-01 6.744000e-03 2.780680e-01
199 7.140480e-01 6.728000e-03 2.792240e-01
200 7.129760e-01 6.700000e-03 2.803240e-01
201 7.118280e-01 6.664000e-03 2.815080e-01
202 7.107400e-01 6.592000e-03 2.826680e-01
203 7.096400e-01 6.584000e-03 2.837760e-01
204 7.084280e-01 6.668000e-03 2.849040e-01
205 7.071960e-01 6.740000e-03 2.860640e-01
206 7.060640e-01 6.744000e-03 2.871920e-01
207 7.049520e-01 6.680000e-03 2.883680e-01
208 7.038120e-01 6.624000e-03 2.895640e-01
209 7.028800e-01 6.348000e-03 2.907720e-01
210 7.018600e-01 6.280000e-03 2.918600e-01
211 7.008200e-01 6.256000e-03 2.929240e-01
212 6.998800e-01 6.056000e-03 2.940640e-01
213 6.989560e-01 5.988000e-03 2.950560e-01
214 6.979400e-01 5.964000e-03 2.960960e-01
215 6.968920e-01 6.096000e-03 2.970120e-01
216 6.957800e-01 6.060000e-03 2.981600e-01
217 6.947240e-01 6.088000e-03 2.991880e-01
218 6.936240e-01 6.108000e-03 3.002680e-01
219 6.925600e-01 6.068000e-03 3.013720e-01
220 6.916000e-01 5.932000e-03 3.024680e-01
221 6.905920e-01 5.952000e-03 3.034560e-01
222 6.895880e-01 5.936000e-03 3.044760e-01
223 6.884760e-01 5.996000e-03 3.055280e-01
224 6.875080e-01 5.852000e-03 3.066400e-01
225 6.865720e-01 5.760000e-03 3.076680e-01
226 6.856560e-01 5.700000e-03 3.086440e-01
227 6.847600e-01 5.588000e-03 3.096520e-01
228 6.838680e-01 5.484000e-03 3.106480e-01
229 6.829760e-01 5.416000e-03 3.116080e-01
230 6.820600e-01 5.348000e-03 3.125920e-01
231 6.811360e-01 5.256000e-03 3.136080e-01
232 6.802680e-01 5.204000e-03 3.145280e-01
233 6.793440e-01 5.336000e-03 3.153200e-01
234 6.783720e-01 5.416000e-03 3.162120e-01
235 6.775400e-01 5.300000e-03 3.171600e-01
236 6.766840e-01 5.212000e-03 3.181040e-01
237 6.758680e-01 5.228000e-03 3.189040e-01
238 6.750320e-01 5.112000e-03 3.198560e-01
239 6.741240e-01 5.060000e-03 3.208160e-01
240 6.731600e-01 5.164000e-03 3.216760e-01
241 6.722520e-01 5.216000e-03 3.225320e-01
242 6.712680e-01 5.308000e-03 3.234240e-01
243 6.702960e-01 5.356000e-03 3.243480e-01
244 6.693760e-01 5.432000e-03 3.251920e-01
245 6.685040e-01 5.396000e-03 3.261000e-01
246 6.675120e-01 5.388000e-03 3.271000e-01
247 6.666240e-01 5.324000e-03 3.280520e-01
248 6.657800e-01 5.196000e-03 3.290240e-01
249 6.649960e-01 5.156000e-03 3.298480e-01
250 6.640720e-01 5.216000e-03 3.307120e-01
251 6.632200e-01 5.200000e-03 3.315800e-01
252 6.622880e-01 5.328000e-03 3.323840e-01
253 6.611560e-01 5.524000e-03 3.333200e-01
254 6.602880e-01 5.412000e-03 3.343000e-01
255 6.594160e-01 5.324000e-03 3.352600e-01
256 6.586080e-01 5.252000e-03 3.361400e-01
257 6.578400e-01 5.092000e-03 3.370680e-01
258 6.569360e-01 5.084000e-03 3.379800e-01
259 6.561320e-01 5.020000e-03 3.388480e-01
260 6.554360e-01 4.868000e-03 3.396960e-01
261 6.544720e-01 4.968000e-03 3.405600e-01
262 6.536400e-01 4.940000e-03 3.414200e-01
263 6.527120e-01 4.960000e-03 3.423280e-01
264 6.517400e-01 5.116000e-03 3.431440e-01
265 6.507960e-01 5.208000e-03 3.439960e-01
266 6.498840e-01 5.208000e-03 3.449080e-01
267 6.490560e-01 5.116000e-03 3.458280e-01
268 6.480800e-01 5.148000e-03 3.467720e-01
269 6.472320e-01 5.112000e-03 3.476560e-01
270 6.464240e-01 5.040000e-03 3.485360e-01
271 6.455520e-01 5.064000e-03 3.493840e-01
272 6.446680e-01 5.032000e-03 3.503000e-01
273 6.438240e-01 5.000000e-03 3.511760e-01
274 6.430520e-01 4.980000e-03 3.519680e-01
275 6.422080e-01 4.964000e-03 3.528280e-01
276 6.413560e-01 4.956000e-03 3.536880e-01
277 6.405240e-01 4.836000e-03 3.546400e-01
278 6.396840e-01 4.856000e-03 3.554600e-01
279 6.388560e-01 4.824000e-03 3.563200e-01
280 6.379880e-01 4.880000e-03 3.571320e-01
281 6.372520e-01 4.736000e-03 3.580120e-01
282 6.364520e-01 4.724000e-03 3.588240e-01
283 6.358240e-01 4.532000e-03 3.596440e-01
284 6.349880e-01 4.488000e-03 3.605240e-01
285 6.341760e-01 4.528000e-03 3.612960e-01
286 6.335560e-01 4.320000e-03 3.621240e-01
287 6.329160e-01 4.220000e-03 3.628640e-01
288 6.323160e-01 4.108000e-03 3.635760e-01
289 6.316520e-01 4.052000e-03 3.642960e-01
290 6.310760e-01 3.956000e-03 3.649680e-01
291 6.303800e-01 3.988000e-03 3.656320e-01
292 6.297280e-01 3.892000e-03 3.663800e-01
293 6.290720e-01 3.840000e-03 3.670880e-01
294 6.283640e-01 3.872000e-03 3.677640e-01
295 6.277040e-01 3.852000e-03 3.684440e-01
296 6.270840e-01 3.828000e-03 3.690880e-01
297 6.264040e-01 3.928000e-03 3.696680e-01
298 6.258480e-01 3.808000e-03 3.703440e-01
299 6.251760e-01 3.820000e-03 3.710040e-01
300 6.246200e-01 3.728000e-03 3.716520e-01
301 6.240320e-01 3.652000e-03 3.723160e-01
302 6.234600e-01 3.528000e-03 3.730120e-01
303 6.229760e-01 3.356000e-03 3.736680e-01
304 6.223640e-01 3.384000e-03 3.742520e-01
305 6.218400e-01 3.324000e-03 3.748360e-01
306 6.213000e-01 3.424000e-03 3.752760e-01
307 6.207800e-01 3.396000e-03 3.758240e-01
308 6.203560e-01 3.300000e-03 3.763440e-01
309 6.198760e-01 3.252000e-03 3.768720e-01
310 6.194760e-01 3.032000e-03 3.774920e-01
311 6.190520e-01 2.920000e-03 3.780280e-01
312 6.185640e-01 2.972000e-03 3.784640e-01
313 6.180760e-01 3.008000e-03 3.789160e-01
314 6.175760e-01 3.004000e-03 3.794200e-01
315 6.171480e-01 2.868000e-03 3.799840e-01
316 6.167480e-01 2.760000e-03 3.804920e-01
317 6.163720e-01 2.644000e-03 3.809840e-01
318 6.159840e-01 2.496000e-03 3.815200e-01
319 6.155880e-01 2.512000e-03 3.819000e-01
320 6.151920e-01 2.484000e-03 3.823240e-01
321 6.147240e-01 2.568000e-03 3.827080e-01
322 6.143080e-01 2.520000e-03 3.831720e-01
323 6.138320e-01 2.604000e-03 3.835640e-01
324 6.132760e-01 2.660000e-03 3.840640e-01
325 6.128240e-01 2.620000e-03 3.845560e-01
326 6.123960e-01 2.632000e-03 3.849720e-01
327 6.119280e-01 2.600000e-03 3.854720e-01
328 6.114840e-01 2.576000e-03 3.859400e-01
329 6.109720e-01 2.616000e-03 3.864120e-01
330 6.104600e-01 2.632000e-03 3.869080e-01
331 6.099440e-01 2.704000e-03 3.873520e-01
332 6.094640e-01 2.676000e-03 3.878600e-01
333 6.089840e-01 2.684000e-03 3.883320e-01
334 6.085200e-01 2.684000e-03 3.887960e-01
335 6.080200e-01 2.744000e-03 3.892360e-01
336 6.076400e-01 2.684000e-03 3.896760e-01
337 6.071280e-01 2.716000e-03 3.901560e-01
338 6.067120e-01 2.676000e-03 3.906120e-01
339 6.062880e-01 2.668000e-03 3.910440e-01
340 6.057440e-01 2.684000e-03 3.915720e-01
341 6.052800e-01 2.684000e-03 3.920360e-01
342 6.048120e-01 2.676000e-03 3.925120e-01
343 6.043200e-01 2.788000e-03 3.928920e-01
344 6.038320e-01 2.732000e-03 3.934360e-01
345 6.033160e-01 2.776000e-03 3.939080e-01
346 6.028600e-01 2.728000e-03 3.944120e-01
347 6.024000e-01 2.768000e-03 3.948320e-01
348 6.019320e-01 2.804000e-03 3.952640e-01
349 6.016200e-01 2.592000e-03 3.957880e-01
350 6.012560e-01 2.560000e-03 3.961840e-01
351 6.008040e-01 2.568000e-03 3.966280e-01
352 6.003520e-01 2.564000e-03 3.970840e-01
353 5.999280e-01 2.592000e-03 3.974800e-01
354 5.995240e-01 2.488000e-03 3.979880e-01
355 5.991680e-01 2.436000e-03 3.983960e-01
356 5.987760e-01 2.416000e-03 3.988080e-01
357 5.983520e-01 2.404000e-03 3.992440e-01
358 5.978720e-01 2.396000e-03 3.997320e-01
359 5.974520e-01 2.332000e-03 4.002160e-01
360 5.970680e-01 2.224000e-03 4.007080e-01
361 5.966160e-01 2.296000e-03 4.010880e-01
362 5.962240e-01 2.188000e-03 4.015880e-01
363 5.958440e-01 2.208000e-03 4.019480e-01
364 5.954520e-01 2.188000e-03 4.023600e-01
365 5.950480e-01 2.208000e-03 4.027440e-01
366 5.946280e-01 2.228000e-03 4.031440e-01
367 5.942400e-01 2.240000e-03 4.035200e-01
368 5.939120e-01 2.232000e-03 4.038560e-01
369 5.935880e-01 2.156000e-03 4.042560e-01
370 5.931680e-01 2.180000e-03 4.046520e-01
371 5.927600e-01 2.200000e-03 4.050400e-01
372 5.923280e-01 2.212000e-03 4.054600e-01
373 5.919400e-01 2.224000e-03 4.058360e-01
374 5.915120e-01 2.248000e-03 4.062400e-01
375 5.910720e-01 2.268000e-03 4.066600e-01
376 5.906360e-01 2.256000e-03 4.071080e-01
377 5.902000e-01 2.344000e-03 4.074560e-01
378 5.897120e-01 2.404000e-03 4.078840e-01
379 5.892720e-01 2.468000e-03 4.082600e-01
380 5.887800e-01 2.524000e-03 4.086960e-01
381 5.883600e-01 2.524000e-03 4.091160e-01
382 5.879120e-01 2.624000e-03 4.094640e-01
383 5.874200e-01 2.624000e-03 4.099560e-01
384 5.869520e-01 2.624000e-03 4.104240e-01
385 5.864560e-01 2.704000e-03 4.108400e-01
386 5.860400e-01 2.636000e-03 4.113240e-01
387 5.855560e-01 2.724000e-03 4.117200e-01
388 5.849840e-01 2.872000e-03 4.121440e-01
389 5.845280e-01 2.828000e-03 4.126440e-01
390 5.840000e-01 2.816000e-03 4.131840e-01
391 5.835200e-01 2.816000e-03 4.136640e-01
392 5.829920e-01 2.848000e-03 4.141600e-01
393 5.825480e-01 2.732000e-03 4.147200e-01
394 5.821000e-01 2.740000e-03 4.151600e-01
395 5.815920e-01 2.820000e-03 4.155880e-01
396 5.811120e-01 2.840000e-03 4.160480e-01
397 5.805840e-01 2.856000e-03 4.165600e-01
398 5.801240e-01 2.800000e-03 4.170760e-01
399 5.797760e-01 2.668000e-03 4.175560e-01
400 5.792440e-01 2.792000e-03 4.179640e-01
401 5.787760e-01 2.752000e-03 4.184720e-01
402 5.782480e-01 2.736000e-03 4.190160e-01
403 5.777800e-01 2.656000e-03 4.195640e-01
404 5.773960e-01 2.664000e-03 4.199400e-01
405 5.769680e-01 2.672000e-03 4.203600e-01
406 5.765400e-01 2.656000e-03 4.208040e-01
407 5.761120e-01 2.568000e-03 4.213200e-01
408 5.757520e-01 2.528000e-03 4.217200e-01
409 5.753440e-01 2.516000e-03 4.221400e-01
410 5.749160e-01 2.476000e-03 4.226080e-01
411 5.746360e-01 2.368000e-03 4.229960e-01
412 5.743200e-01 2.244000e-03 4.234360e-01
413 5.739960e-01 2.152000e-03 4.238520e-01
414 5.736720e-01 2.108000e-03 4.242200e-01
415 5.733720e-01 2.016000e-03 4.246120e-01
416 5.730040e-01 2.036000e-03 4.249600e-01
417 5.726720e-01 2.012000e-03 4.253160e-01
418 5.723960e-01 1.968000e-03 4.256360e-01
419 5.720560e-01 1.936000e-03 4.260080e-01
420 5.717600e-01 1.880000e-03 4.263600e-01
421 5.714280e-01 1.936000e-03 4.266360e-01
422 5.711360e-01 1.888000e-03 4.269760e-01
423 5.708240e-01 1.864000e-03 4.273120e-01
424 5.705320e-01 1.796000e-03 4.276720e-01
425 5.702080e-01 1.788000e-03 4.280040e-01
426 5.699440e-01 1.744000e-03 4.283120e-01
427 5.696960e-01 1.704000e-03 4.286000e-01
428 5.694280e-01 1.704000e-03 4.288680e-01
429 5.691160e-01 1.696000e-03 4.291880e-01
430 5.688240e-01 1.668000e-03 4.295080e-01
431 5.685960e-01 1.620000e-03 4.297840e-01
432 5.682720e-01 1.684000e-03 4.300440e-01
433 5.679280e-01 1.724000e-03 4.303480e-01
434 5.676800e-01 1.668000e-03 4.306520e-01
435 5.674240e-01 1.660000e-03 4.309160e-01
436 5.671280e-01 1.676000e-03 4.311960e-01
437 5.668800e-01 1.592000e-03 4.315280e-01
438 5.666800e-01 1.512000e-03 4.318080e-01
439 5.664960e-01 1.384000e-03 4.321200e-01
440 5.662000e-01 1.420000e-03 4.323800e-01
441 5.659840e-01 1.404000e-03 4.326120e-01
442 5.657480e-01 1.400000e-03 4.328520e-01
443 5.653880e-01 1.520000e-03 4.330920e-01
444 5.650880e-01 1.600000e-03 4.333120e-01
445 5.647240e-01 1.648000e-03 4.336280e-01
446 5.643720e-01 1.684000e-03 4.339440e-01
447 5.640560e-01 1.708000e-03 4.342360e-01
448 5.637440e-01 1.728000e-03 4.345280e-01
449 5.634760e-01 1.764000e-03 4.347600e-01
450 5.632040e-01 1.812000e-03 4.349840e-01
451 5.629680e-01 1.744000e-03 4.352880e-01
452 5.627000e-01 1.724000e-03 4.355760e-01
453 5.624600e-01 1.684000e-03 4.358560e-01
454 5.621840e-01 1.644000e-03 4.361720e-01
455 5.620320e-01 1.516000e-03 4.364520e-01
456 5.618240e-01 1.424000e-03 4.367520e-01
457 5.616080e-01 1.404000e-03 4.369880e-01
458 5.614320e-01 1.300000e-03 4.372680e-01
459 5.612440e-01 1.288000e-03 4.374680e-01
460 5.610800e-01 1.216000e-03 4.377040e-01
461 5.608600e-01 1.240000e-03 4.379000e-01
462 5.607000e-01 1.180000e-03 4.381200e-01
463 5.604760e-01 1.192000e-03 4.383320e-01
464 5.603160e-01 1.092000e-03 4.385920e-01
465 5.600800e-01 1.100000e-03 4.388200e-01
466 5.598360e-01 1.132000e-03 4.390320e-01
467 5.596240e-01 1.188000e-03 4.391880e-01
468 5.594440e-01 1.160000e-03 4.393960e-01
469 5.593080e-01 1.100000e-03 4.395920e-01
470 5.591880e-01 1.040000e-03 4.397720e-01
471 5.590760e-01 9.240000e-04 4.400000e-01
472 5.589760e-01 8.600000e-04 4.401640e-01
473 5.588440e-01 8.280000e-04 4.403280e-01
474 5.586960e-01 8.200000e-04 4.404840e-01
475 5.585680e-01 8.000000e-04 4.406320e-01
476 5.584200e-01 8.240000e-04 4.407560e-01
477 5.582880e-01 8.240000e-04 4.408880e-01
478 5.581560e-01 8.080000e-04 4.410360e-01
479 5.579920e-01 8.600000e-04 4.411480e-01
480 5.578560e-01 8.360000e-04 4.413080e-01
481 5.577360e-01 8.040000e-04 4.414600e-01
482 5.575760e-01 8.280000e-04 4.415960e-01
483 5.574760e-01 7.920000e-04 4.417320e-01
484 5.573200e-01 8.000000e-04 4.418800e-01
485 5.572000e-01 7.760000e-04 4.420240e-01
486 5.570400e-01 8.360000e-04 4.421240e-01
487 5.569080e-01 8.560000e-04 4.422360e-01
488 5.567480e-01 8.400000e-04 4.424120e-01
489 5.566240e-01 8.160000e-04 4.425600e-01
490 5.564960e-01 8.080000e-04 4.426960e-01
491 5.563760e-01 7.880000e-04 4.428360e-01
492 5.562320e-01 7.640000e-04 4.430040e-01
493 5.560760e-01 7.880000e-04 4.431360e-01
494 5.559880e-01 7.400000e-04 4.432720e-01
495 5.558760e-01 7.200000e-04 4.434040e-01
496 5.557200e-01 7.480000e-04 4.435320e-01
497 5.556000e-01 7.280000e-04 4.436720e-01
498 5.554160e-01 8.000000e-04 4.437840e-01
499 5.552520e-01 7.960000e-04 4.439520e-01
500 5.551080e-01 7.760000e-04 4.441160e-01
