1 9.991840e-01 7.040000e-04 1.120000e-04
2 9.986000e-01 1.128000e-03 2.720000e-04
3 9.979160e-01 1.600000e-03 4.840000e-04
4 9.973120e-01 1.916000e-03 7.720000e-04
5 9.965920e-01 2.284000e-03 1.124000e-03
6 9.958440e-01 2.612000e-03 1.544000e-03
7 9.949720e-01 2.976000e-03 2.052000e-03
8 9.940000e-01 3.396000e-03 2.604000e-03
9 9.930400e-01 3.768000e-03 3.192000e-03
10 9.920360e-01 4.084000e-03 3.880000e-03
11 9.909600e-01 4.368000e-03 4.672000e-03
12 9.899160e-01 4.676000e-03 5.408000e-03
13 9.888200e-01 4.912000e-03 6.268000e-03
14 9.875320e-01 5.316000e-03 7.152000e-03
15 9.862800e-01 5.712000e-03 8.008000e-03
16 9.851480e-01 5.776000e-03 9.076000e-03
17 9.838920e-01 6.020000e-03 1.008800e-02
18 9.826960e-01 6.180000e-03 1.112400e-02
19 9.813960e-01 6.460000e-03 1.214400e-02
20 9.802360e-01 6.448000e-03 1.331600e-02
21 9.788680e-01 6.660000e-03 1.447200e-02
22 9.775560e-01 6.840000e-03 1.560400e-02
23 9.760880e-01 7.184000e-03 1.672800e-02
24 9.747360e-01 7.372000e-03 1.789200e-02
25 9.732560e-01 7.472000e-03 1.927200e-02
26 9.718280e-01 7.516000e-03 2.065600e-02
27 9.703440e-01 7.628000e-03 2.202800e-02
28 9.689600e-01 7.780000e-03 2.326000e-02
29 9.674560e-01 7.900000e-03 2.464400e-02
30 9.659800e-01 7.904000e-03 2.611600e-02
31 9.644680e-01 7.948000e-03 2.758400e-02
32 9.630600e-01 7.808000e-03 2.913200e-02
33 9.617360e-01 7.868000e-03 3.039600e-02
34 9.602280e-01 8.016000e-03 3.175600e-02
35 9.588040e-01 8.140000e-03 3.305600e-02
36 9.573360e-01 8.220000e-03 3.444400e-02
37 9.556600e-01 8.396000e-03 3.594400e-02
38 9.540000e-01 8.528000e-03 3.747200e-02
39 9.524360e-01 8.548000e-03 3.901600e-02
40 9.508800e-01 8.636000e-03 4.048400e-02
41 9.492960e-01 8.708000e-03 4.199600e-02
42 9.475400e-01 8.864000e-03 4.359600e-02
43 9.458640e-01 9.092000e-03 4.504400e-02
44 9.441040e-01 9.112000e-03 4.678400e-02
45 9.424640e-01 9.008000e-03 4.852800e-02
46 9.407960e-01 9.188000e-03 5.001600e-02
47 9.391680e-01 9.196000e-03 5.163600e-02
48 9.375000e-01 9.200000e-03 5.330000e-02
49 9.358840e-01 9.172000e-03 5.494400e-02
50 9.342720e-01 9.276000e-03 5.645200e-02
51 9.325400e-01 9.276000e-03 5.818400e-02
52 9.308280e-01 9.480000e-03 5.969200e-02
53 9.292680e-01 9.296000e-03 6.143600e-02
54 9.274480e-01 9.424000e-03 6.312800e-02
55 9.257040e-01 9.668000e-03 6.462800e-02
56 9.238880e-01 9.672000e-03 6.644000e-02
57 9.219880e-01 9.884000e-03 6.812800e-02
58 9.202880e-01 9.784000e-03 6.992800e-02
59 9.185120e-01 9.984000e-03 7.150400e-02
60 9.168080e-01 9.980000e-03 7.321200e-02
61 9.150080e-01 1.005600e-02 7.493600e-02
62 9.132920e-01 1.001200e-02 7.669600e-02
63 9.117360e-01 9.824000e-03 7.844000e-02
64 9.101040e-01 9.868000e-03 8.002800e-02
65 9.084120e-01 9.772000e-03 8.181600e-02
66 9.067480e-01 9.648000e-03 8.360400e-02
67 9.051000e-01 9.568000e-03 8.533200e-02
68 9.034720e-01 9.648000e-03 8.688000e-02
69 9.017440e-01 9.704000e-03 8.855200e-02
70 9.000720e-01 9.756000e-03 9.017200e-02
71 8.983080e-01 9.900000e-03 9.179200e-02
72 8.965080e-01 9.888000e-03 9.360400e-02
73 8.948600e-01 9.916000e-03 9.522400e-02
74 8.930520e-01 9.788000e-03 9.716000e-02
75 8.911120e-01 9.988000e-03 9.890000e-02
76 8.892600e-01 1.004800e-02 1.006920e-01
77 8.875400e-01 9.936000e-03 1.025240e-01
78 8.858520e-01 9.924000e-03 1.042240e-01
79 8.840720e-01 9.992000e-03 1.059360e-01
80 8.823040e-01 9.904000e-03 1.077920e-01
81 8.805800e-01 9.932000e-03 1.094880e-01
82 8.789320e-01 9.824000e-03 1.112440e-01
83 8.771280e-01 9.876000e-03 1.129960e-01
84 8.753280e-01 1.010800e-02 1.145640e-01
85 8.735840e-01 1.004800e-02 1.163680e-01
86 8.717880e-01 1.019600e-02 1.180160e-01
87 8.700960e-01 1.014400e-02 1.197600e-01
88 8.685240e-01 9.948000e-03 1.215280e-01
89 8.669120e-01 9.888000e-03 1.232000e-01
90 8.653280e-01 9.836000e-03 1.248360e-01
91 8.636320e-01 9.848000e-03 1.265200e-01
92 8.618720e-01 9.956000e-03 1.281720e-01
93 8.601920e-01 9.976000e-03 1.298320e-01
94 8.583040e-01 9.964000e-03 1.317320e-01
95 8.567880e-01 9.756000e-03 1.334560e-01
96 8.551360e-01 9.732000e-03 1.351320e-01
97 8.536840e-01 9.596000e-03 1.367200e-01
98 8.521720e-01 9.428000e-03 1.384000e-01
99 8.505360e-01 9.524000e-03 1.399400e-01
100 8.490240e-01 9.408000e-03 1.415680e-01
101 8.475800e-01 9.256000e-03 1.431640e-01
102 8.459240e-01 9.252000e-03 1.448240e-01
103 8.443360e-01 9.308000e-03 1.463560e-01
104 8.427360e-01 9.256000e-03 1.480080e-01
105 8.411920e-01 9.184000e-03 1.496240e-01
106 8.395240e-01 9.296000e-03 1.511800e-01
107 8.379240e-01 9.276000e-03 1.528000e-01
108 8.363960e-01 9.096000e-03 1.545080e-01
109 8.348600e-01 9.160000e-03 1.559800e-01
110 8.332880e-01 9.148000e-03 1.575640e-01
111 8.316560e-01 9.180000e-03 1.591640e-01
112 8.301920e-01 9.044000e-03 1.607640e-01
113 8.284280e-01 9.240000e-03 1.623320e-01
114 8.268960e-01 9.036000e-03 1.640680e-01
115 8.252920e-01 8.988000e-03 1.657200e-01
116 8.236520e-01 8.920000e-03 1.674280e-01
117 8.221120e-01 8.872000e-03 1.690160e-01
118 8.206440e-01 8.780000e-03 1.705760e-01
119 8.193720e-01 8.532000e-03 1.720960e-01
120 8.179920e-01 8.396000e-03 1.736120e-01
121 8.164960e-01 8.548000e-03 1.749560e-01
122 8.151840e-01 8.324000e-03 1.764920e-01
123 8.137840e-01 8.216000e-03 1.780000e-01
124 8.124040e-01 8.132000e-03 1.794640e-01
125 8.111200e-01 7.968000e-03 1.809120e-01
126 8.097760e-01 7.844000e-03 1.823800e-01
127 8.084960e-01 7.656000e-03 1.838480e-01
128 8.072960e-01 7.516000e-03 1.851880e-01
129 8.062080e-01 7.380000e-03 1.864120e-01
130 8.049720e-01 7.368000e-03 1.876600e-01
131 8.035640e-01 7.420000e-03 1.890160e-01
132 8.024000e-01 7.368000e-03 1.902320e-01
133 8.011000e-01 7.248000e-03 1.916520e-01
134 7.999040e-01 7.232000e-03 1.928640e-01
135 7.987280e-01 7.244000e-03 1.940280e-01
136 7.976360e-01 6.956000e-03 1.954080e-01
137 7.964680e-01 6.952000e-03 1.965800e-01
138 7.952560e-01 6.948000e-03 1.977960e-01
139 7.939440e-01 7.004000e-03 1.990520e-01
140 7.928760e-01 6.800000e-03 2.003240e-01
141 7.916680e-01 6.816000e-03 2.015160e-01
142 7.904640e-01 6.868000e-03 2.026680e-01
143 7.892480e-01 6.952000e-03 2.038000e-01
144 7.880400e-01 6.844000e-03 2.051160e-01
145 7.870320e-01 6.620000e-03 2.063480e-01
146 7.859120e-01 6.632000e-03 2.074560e-01
147 7.849440e-01 6.384000e-03 2.086720e-01
148 7.838600e-01 6.424000e-03 2.097160e-01
149 7.829000e-01 6.380000e-03 2.107200e-01
150 7.818880e-01 6.244000e-03 2.118680e-01
151 7.809360e-01 6.000000e-03 2.130640e-01
152 7.799520e-01 5.920000e-03 2.141280e-01
153 7.789560e-01 5.996000e-03 2.150480e-01
154 7.780120e-01 5.832000e-03 2.161560e-01
155 7.770360e-01 5.800000e-03 2.171640e-01
156 7.760800e-01 5.708000e-03 2.182120e-01
157 7.751080e-01 5.740000e-03 2.191520e-01
158 7.742040e-01 5.656000e-03 2.201400e-01
159 7.732760e-01 5.608000e-03 2.211160e-01
160 7.724240e-01 5.352000e-03 2.222240e-01
161 7.714640e-01 5.380000e-03 2.231560e-01
162 7.704840e-01 5.372000e-03 2.241440e-01
163 7.695440e-01 5.312000e-03 2.251440e-01
164 7.687240e-01 5.268000e-03 2.260080e-01
165 7.678720e-01 5.212000e-03 2.269160e-01
166 7.670120e-01 5.176000e-03 2.278120e-01
167 7.661240e-01 5.264000e-03 2.286120e-01
168 7.652120e-01 5.256000e-03 2.295320e-01
169 7.642520e-01 5.268000e-03 2.304800e-01
170 7.633600e-01 5.176000e-03 2.314640e-01
171 7.624120e-01 5.224000e-03 2.323640e-01
172 7.614400e-01 5.236000e-03 2.333240e-01
173 7.605040e-01 5.268000e-03 2.342280e-01
174 7.594960e-01 5.428000e-03 2.350760e-01
175 7.585840e-01 5.476000e-03 2.359400e-01
176 7.576360e-01 5.440000e-03 2.369240e-01
177 7.566800e-01 5.448000e-03 2.378720e-01
178 7.558520e-01 5.280000e-03 2.388680e-01
179 7.550560e-01 5.176000e-03 2.397680e-01
180 7.541760e-01 5.132000e-03 2.406920e-01
181 7.532920e-01 5.048000e-03 2.416600e-01
182 7.524520e-01 4.976000e-03 2.425720e-01
183 7.516480e-01 4.960000e-03 2.433920e-01
184 7.508120e-01 4.884000e-03 2.443040e-01
185 7.499280e-01 4.964000e-03 2.451080e-01
186 7.490000e-01 4.964000e-03 2.460360e-01
187 7.480960e-01 5.008000e-03 2.468960e-01
188 7.472360e-01 4.956000e-03 2.478080e-01
189 7.462920e-01 4.952000e-03 2.487560e-01
190 7.452760e-01 5.180000e-03 2.495440e-01
191 7.444080e-01 5.108000e-03 2.504840e-01
192 7.435560e-01 5.036000e-03 2.514080e-01
193 7.428000e-01 4.912000e-03 2.522880e-01
194 7.419400e-01 4.948000e-03 2.531120e-01
195 7.411600e-01 4.808000e-03 2.540320e-01
196 7.402680e-01 4.720000e-03 2.550120e-01
197 7.393720e-01 4.808000e-03 2.558200e-01
198 7.384680e-01 4.864000e-03 2.566680e-01
199 7.376360e-01 4.836000e-03 2.575280e-01
200 7.366720e-01 5.008000e-03 2.583200e-01
201 7.357400e-01 5.024000e-03 2.592360e-01
202 7.348920e-01 5.080000e-03 2.600280e-01
203 7.339600e-01 5.088000e-03 2.609520e-01
204 7.331360e-01 4.984000e-03 2.618800e-01
205 7.322680e-01 4.964000e-03 2.627680e-01
206 7.314200e-01 4.912000e-03 2.636680e-01
207 7.305000e-01 4.976000e-03 2.645240e-01
208 7.296400e-01 4.820000e-03 2.655400e-01
209 7.289280e-01 4.688000e-03 2.663840e-01
210 7.280520e-01 4.736000e-03 2.672120e-01
211 7.273680e-01 4.604000e-03 2.680280e-01
212 7.266800e-01 4.504000e-03 2.688160e-01
213 7.259960e-01 4.368000e-03 2.696360e-01
214 7.252880e-01 4.232000e-03 2.704800e-01
215 7.246120e-01 4.260000e-03 2.711280e-01
216 7.239280e-01 4.164000e-03 2.719080e-01
217 7.233320e-01 4.060000e-03 2.726080e-01
218 7.226840e-01 4.020000e-03 2.732960e-01
219 7.219880e-01 3.952000e-03 2.740600e-01
220 7.213280e-01 3.880000e-03 2.747920e-01
221 7.205560e-01 3.972000e-03 2.754720e-01
222 7.198800e-01 3.840000e-03 2.762800e-01
223 7.191400e-01 3.924000e-03 2.769360e-01
224 7.184560e-01 3.976000e-03 2.775680e-01
225 7.178080e-01 4.012000e-03 2.781800e-01
226 7.171320e-01 4.020000e-03 2.788480e-01
227 7.164160e-01 4.060000e-03 2.795240e-01
228 7.155920e-01 4.204000e-03 2.802040e-01
229 7.148240e-01 4.192000e-03 2.809840e-01
230 7.142200e-01 3.984000e-03 2.817960e-01
231 7.136120e-01 3.864000e-03 2.825240e-01
232 7.130120e-01 3.768000e-03 2.832200e-01
233 7.123560e-01 3.840000e-03 2.838040e-01
234 7.116560e-01 3.848000e-03 2.844960e-01
235 7.110440e-01 3.720000e-03 2.852360e-01
236 7.103640e-01 3.724000e-03 2.859120e-01
237 7.097440e-01 3.716000e-03 2.865400e-01
238 7.091960e-01 3.592000e-03 2.872120e-01
239 7.086560e-01 3.404000e-03 2.879400e-01
240 7.081200e-01 3.396000e-03 2.884840e-01
241 7.074320e-01 3.504000e-03 2.890640e-01
242 7.067920e-01 3.480000e-03 2.897280e-01
243 7.062600e-01 3.420000e-03 2.903200e-01
244 7.057600e-01 3.304000e-03 2.909360e-01
245 7.051440e-01 3.284000e-03 2.915720e-01
246 7.046600e-01 3.188000e-03 2.921520e-01
247 7.041080e-01 3.188000e-03 2.927040e-01
248 7.036600e-01 3.156000e-03 2.931840e-01
249 7.031600e-01 3.128000e-03 2.937120e-01
250 7.027480e-01 3.020000e-03 2.942320e-01
251 7.023640e-01 2.884000e-03 2.947520e-01
252 7.019120e-01 2.812000e-03 2.952760e-01
253 7.014840e-01 2.744000e-03 2.957720e-01
254 7.010920e-01 2.676000e-03 2.962320e-01
255 7.006800e-01 2.660000e-03 2.966600e-01
256 7.002760e-01 2.596000e-03 2.971280e-01
257 6.999240e-01 2.516000e-03 2.975600e-01
258 6.995720e-01 2.440000e-03 2.979880e-01
259 6.991880e-01 2.384000e-03 2.984280e-01
260 6.989040e-01 2.240000e-03 2.988560e-01
261 6.985480e-01 2.240000e-03 2.992120e-01
262 6.981880e-01 2.200000e-03 2.996120e-01
263 6.978040e-01 2.208000e-03 2.999880e-01
264 6.974120e-01 2.144000e-03 3.004440e-01
265 6.970640e-01 2.116000e-03 3.008200e-01
266 6.967080e-01 2.140000e-03 3.011520e-01
267 6.963320e-01 2.216000e-03 3.014520e-01
268 6.958320e-01 2.360000e-03 3.018080e-01
269 6.954640e-01 2.364000e-03 3.021720e-01
270 6.950640e-01 2.308000e-03 3.026280e-01
271 6.946640e-01 2.324000e-03 3.030120e-01
272 6.942800e-01 2.308000e-03 3.034120e-01
273 6.939360e-01 2.176000e-03 3.038880e-01
274 6.935480e-01 2.152000e-03 3.043000e-01
275 6.932560e-01 2.076000e-03 3.046680e-01
276 6.928760e-01 2.112000e-03 3.050120e-01
277 6.924720e-01 2.184000e-03 3.053440e-01
278 6.920960e-01 2.112000e-03 3.057920e-01
279 6.917320e-01 2.184000e-03 3.060840e-01
280 6.913760e-01 2.132000e-03 3.064920e-01
281 6.909360e-01 2.172000e-03 3.068920e-01
282 6.905280e-01 2.168000e-03 3.073040e-01
283 6.901440e-01 2.168000e-03 3.076880e-01
284 6.897960e-01 2.136000e-03 3.080680e-01
285 6.894440e-01 2.096000e-03 3.084600e-01
286 6.891400e-01 2.032000e-03 3.088280e-01
287 6.888440e-01 1.980000e-03 3.091760e-01
288 6.885640e-01 1.912000e-03 3.095240e-01
289 6.883160e-01 1.804000e-03 3.098800e-01
290 6.879920e-01 1.820000e-03 3.101880e-01
291 6.877040e-01 1.728000e-03 3.105680e-01
292 6.874120e-01 1.728000e-03 3.108600e-01
293 6.871920e-01 1.620000e-03 3.111880e-01
294 6.868120e-01 1.736000e-03 3.114520e-01
295 6.865320e-01 1.728000e-03 3.117400e-01
296 6.862000e-01 1.760000e-03 3.120400e-01
297 6.859160e-01 1.724000e-03 3.123600e-01
298 6.855800e-01 1.728000e-03 3.126920e-01
299 6.853120e-01 1.744000e-03 3.129440e-01
300 6.850480e-01 1.732000e-03 3.132200e-01
301 6.847800e-01 1.728000e-03 3.134920e-01
302 6.845480e-01 1.680000e-03 3.137720e-01
303 6.842640e-01 1.640000e-03 3.140960e-01
304 6.840000e-01 1.608000e-03 3.143920e-01
305 6.836480e-01 1.692000e-03 3.146600e-01
306 6.833080e-01 1.704000e-03 3.149880e-01
307 6.830160e-01 1.700000e-03 3.152840e-01
308 6.826960e-01 1.712000e-03 3.155920e-01
309 6.823000e-01 1.768000e-03 3.159320e-01
310 6.820360e-01 1.752000e-03 3.162120e-01
311 6.817640e-01 1.760000e-03 3.164760e-01
312 6.815080e-01 1.740000e-03 3.167520e-01
313 6.812680e-01 1.664000e-03 3.170680e-01
314 6.809760e-01 1.664000e-03 3.173600e-01
315 6.807360e-01 1.592000e-03 3.176720e-01
316 6.803800e-01 1.688000e-03 3.179320e-01
317 6.800280e-01 1.744000e-03 3.182280e-01
318 6.796840e-01 1.792000e-03 3.185240e-01
319 6.794160e-01 1.788000e-03 3.187960e-01
320 6.791240e-01 1.704000e-03 3.191720e-01
321 6.788680e-01 1.644000e-03 3.194880e-01
322 6.786040e-01 1.624000e-03 3.197720e-01
323 6.783760e-01 1.564000e-03 3.200600e-01
324 6.781080e-01 1.540000e-03 3.203520e-01
325 6.778920e-01 1.464000e-03 3.206440e-01
326 6.776360e-01 1.472000e-03 3.208920e-01
327 6.774120e-01 1.400000e-03 3.211880e-01
328 6.770960e-01 1.464000e-03 3.214400e-01
329 6.768200e-01 1.484000e-03 3.216960e-01
330 6.765360e-01 1.536000e-03 3.219280e-01
331 6.762760e-01 1.484000e-03 3.222400e-01
332 6.760280e-01 1.440000e-03 3.225320e-01
333 6.757880e-01 1.496000e-03 3.227160e-01
334 6.755280e-01 1.480000e-03 3.229920e-01
335 6.752880e-01 1.448000e-03 3.232640e-01
336 6.750440e-01 1.432000e-03 3.235240e-01
337 6.748480e-01 1.464000e-03 3.236880e-01
338 6.746680e-01 1.348000e-03 3.239840e-01
339 6.745000e-01 1.308000e-03 3.241920e-01
340 6.743240e-01 1.232000e-03 3.244440e-01
341 6.741400e-01 1.224000e-03 3.246360e-01
342 6.740000e-01 1.092000e-03 3.249080e-01
343 6.738360e-01 1.076000e-03 3.250880e-01
344 6.737160e-01 1.004000e-03 3.252800e-01
345 6.735920e-01 1.020000e-03 3.253880e-01
346 6.734720e-01 9.400000e-04 3.255880e-01
347 6.733640e-01 8.920000e-04 3.257440e-01
348 6.732120e-01 9.000000e-04 3.258880e-01
349 6.730600e-01 8.880000e-04 3.260520e-01
350 6.729400e-01 8.720000e-04 3.261880e-01
351 6.727480e-01 9.120000e-04 3.263400e-01
352 6.726040e-01 9.120000e-04 3.264840e-01
353 6.724280e-01 9.000000e-04 3.266720e-01
354 6.722600e-01 9.080000e-04 3.268320e-01
355 6.721160e-01 8.960000e-04 3.269880e-01
356 6.719520e-01 9.160000e-04 3.271320e-01
357 6.718000e-01 9.000000e-04 3.273000e-01
358 6.716760e-01 8.920000e-04 3.274320e-01
359 6.714760e-01 9.240000e-04 3.276000e-01
360 6.713280e-01 8.840000e-04 3.277880e-01
361 6.712280e-01 8.840000e-04 3.278880e-01
362 6.711040e-01 8.240000e-04 3.280720e-01
363 6.709240e-01 8.600000e-04 3.282160e-01
364 6.707320e-01 9.040000e-04 3.283640e-01
365 6.705680e-01 9.280000e-04 3.285040e-01
366 6.703600e-01 9.880000e-04 3.286520e-01
367 6.702040e-01 9.560000e-04 3.288400e-01
368 6.700600e-01 1.008000e-03 3.289320e-01
369 6.698680e-01 9.960000e-04 3.291360e-01
370 6.697200e-01 9.720000e-04 3.293080e-01
371 6.695600e-01 8.880000e-04 3.295520e-01
372 6.694240e-01 8.480000e-04 3.297280e-01
373 6.692520e-01 8.720000e-04 3.298760e-01
374 6.690800e-01 8.800000e-04 3.300400e-01
375 6.688880e-01 8.720000e-04 3.302400e-01
376 6.686840e-01 9.280000e-04 3.303880e-01
377 6.684560e-01 9.720000e-04 3.305720e-01
378 6.682360e-01 9.960000e-04 3.307680e-01
379 6.680240e-01 1.116000e-03 3.308600e-01
380 6.678000e-01 1.184000e-03 3.310160e-01
381 6.675840e-01 1.168000e-03 3.312480e-01
382 6.672960e-01 1.216000e-03 3.314880e-01
383 6.670400e-01 1.232000e-03 3.317280e-01
384 6.668240e-01 1.208000e-03 3.319680e-01
385 6.666240e-01 1.220000e-03 3.321560e-01
386 6.664400e-01 1.208000e-03 3.323520e-01
387 6.662080e-01 1.232000e-03 3.325600e-01
388 6.659520e-01 1.272000e-03 3.327760e-01
389 6.657480e-01 1.232000e-03 3.330200e-01
390 6.655400e-01 1.212000e-03 3.332480e-01
391 6.653680e-01 1.200000e-03 3.334320e-01
392 6.651680e-01 1.188000e-03 3.336440e-01
393 6.649640e-01 1.152000e-03 3.338840e-01
394 6.647600e-01 1.168000e-03 3.340720e-01
395 6.645440e-01 1.184000e-03 3.342720e-01
396 6.643480e-01 1.184000e-03 3.344680e-01
397 6.641600e-01 1.164000e-03 3.346760e-01
398 6.639520e-01 1.176000e-03 3.348720e-01
399 6.637400e-01 1.196000e-03 3.350640e-01
400 6.635320e-01 1.256000e-03 3.352120e-01
401 6.633680e-01 1.160000e-03 3.354720e-01
402 6.631800e-01 1.156000e-03 3.356640e-01
403 6.629800e-01 1.132000e-03 3.358880e-01
404 6.627080e-01 1.228000e-03 3.360640e-01
405 6.625120e-01 1.152000e-03 3.363360e-01
406 6.623200e-01 1.168000e-03 3.365120e-01
407 6.621040e-01 1.164000e-03 3.367320e-01
408 6.619440e-01 1.068000e-03 3.369880e-01
409 6.618080e-01 1.004000e-03 3.371880e-01
410 6.616880e-01 9.440000e-04 3.373680e-01
411 6.615560e-01 9.200000e-04 3.375240e-01
412 6.614120e-01 9.120000e-04 3.376760e-01
413 6.612480e-01 8.800000e-04 3.378720e-01
414 6.610880e-01 9.120000e-04 3.380000e-01
415 6.609560e-01 9.200000e-04 3.381240e-01
416 6.607720e-01 9.840000e-04 3.382440e-01
417 6.606440e-01 9.480000e-04 3.384080e-01
418 6.604920e-01 8.960000e-04 3.386120e-01
419 6.603720e-01 8.680000e-04 3.387600e-01
420 6.602440e-01 8.160000e-04 3.389400e-01
421 6.601760e-01 7.520000e-04 3.390720e-01
422 6.600480e-01 7.560000e-04 3.391960e-01
423 6.599440e-01 7.000000e-04 3.393560e-01
424 6.598440e-01 6.920000e-04 3.394640e-01
425 6.597600e-01 6.520000e-04 3.395880e-01
426 6.596120e-01 7.200000e-04 3.396680e-01
427 6.595520e-01 6.680000e-04 3.397800e-01
428 6.594720e-01 6.360000e-04 3.398920e-01
429 6.593960e-01 6.000000e-04 3.400040e-01
430 6.593120e-01 5.840000e-04 3.401040e-01
431 6.592480e-01 5.680000e-04 3.401840e-01
432 6.591760e-01 5.600000e-04 3.402640e-01
433 6.591160e-01 5.480000e-04 3.403360e-01
434 6.590240e-01 5.240000e-04 3.404520e-01
435 6.589320e-01 5.280000e-04 3.405400e-01
436 6.588400e-01 5.040000e-04 3.406560e-01
437 6.587640e-01 4.800000e-04 3.407560e-01
438 6.587000e-01 4.600000e-04 3.408400e-01
439 6.586280e-01 4.480000e-04 3.409240e-01
440 6.585200e-01 4.840000e-04 3.409960e-01
441 6.583800e-01 5.000000e-04 3.411200e-01
442 6.582760e-01 5.160000e-04 3.412080e-01
443 6.581720e-01 5.400000e-04 3.412880e-01
444 6.580520e-01 5.520000e-04 3.413960e-01
445 6.579400e-01 5.560000e-04 3.415040e-01
446 6.578760e-01 5.320000e-04 3.415920e-01
447 6.577520e-01 5.920000e-04 3.416560e-01
448 6.576800e-01 5.640000e-04 3.417560e-01
449 6.576040e-01 5.680000e-04 3.418280e-01
450 6.575200e-01 5.600000e-04 3.419200e-01
451 6.574440e-01 5.480000e-04 3.420080e-01
452 6.573440e-01 5.720000e-04 3.420840e-01
453 6.572640e-01 5.640000e-04 3.421720e-01
454 6.572040e-01 5.280000e-04 3.422680e-01
455 6.571400e-01 5.000000e-04 3.423600e-01
456 6.570920e-01 4.360000e-04 3.424720e-01
457 6.570480e-01 3.880000e-04 3.425640e-01
458 6.569960e-01 3.560000e-04 3.426480e-01
459 6.569720e-01 3.400000e-04 3.426880e-01
460 6.569360e-01 3.120000e-04 3.427520e-01
461 6.568720e-01 3.400000e-04 3.427880e-01
462 6.568360e-01 3.360000e-04 3.428280e-01
463 6.567840e-01 3.480000e-04 3.428680e-01
464 6.567360e-01 2.960000e-04 3.429680e-01
465 6.567160e-01 2.600000e-04 3.430240e-01
466 6.567040e-01 2.360000e-04 3.430600e-01
467 6.567000e-01 2.080000e-04 3.430920e-01
468 6.566920e-01 1.880000e-04 3.431200e-01
469 6.566880e-01 1.640000e-04 3.431480e-01
470 6.566880e-01 1.400000e-04 3.431720e-01
471 6.566600e-01 1.400000e-04 3.432000e-01
472 6.566200e-01 1.600000e-04 3.432200e-01
473 6.565920e-01 1.480000e-04 3.432600e-01
474 6.565800e-01 1.320000e-04 3.432880e-01
475 6.565560e-01 1.320000e-04 3.433120e-01
476 6.565440e-01 1.280000e-04 3.433280e-01
477 6.565240e-01 1.360000e-04 3.433400e-01
478 6.565160e-01 1.200000e-04 3.433640e-01
479 6.565000e-01 1.120000e-04 3.433880e-01
480 6.564920e-01 1.000000e-04 3.434080e-01
481 6.564920e-01 8.400000e-05 3.434240e-01
482 6.564920e-01 6.800000e-05 3.434400e-01
483 6.564920e-01 6.400000e-05 3.434440e-01
484 6.564920e-01 5.200000e-05 3.434560e-01
485 6.564920e-01 4.000000e-05 3.434680e-01
486 6.564880e-01 3.600000e-05 3.434760e-01
487 6.564880e-01 3.200000e-05 3.434800e-01
488 6.564800e-01 3.200000e-05 3.434880e-01
489 6.564800e-01 3.200000e-05 3.434880e-01
490 6.564800e-01 3.200000e-05 3.434880e-01
491 6.564800e-01 2.000000e-05 3.435000e-01
492 6.564800e-01 1.600000e-05 3.435040e-01
493 6.564760e-01 2.000000e-05 3.435040e-01
494 6.564720e-01 1.200000e-05 3.435160e-01
495 6.564720e-01 1.200000e-05 3.435160e-01
496 6.564640e-01 2.000000e-05 3.435160e-01
497 6.564600e-01 1.600000e-05 3.435240e-01
498 6.564600e-01 1.600000e-05 3.435240e-01
499 6.564480e-01 2.800000e-05 3.435240e-01
500 6.564360e-01 4.000000e-05 3.435240e-01
