1 9.993000e-01 6.360000e-04 6.400000e-05
2 9.988040e-01 9.920000e-04 2.040000e-04
3 9.981800e-01 1.412000e-03 4.080000e-04
4 9.975160e-01 1.716000e-03 7.680000e-04
5 9.966960e-01 2.176000e-03 1.128000e-03
6 9.958400e-01 2.604000e-03 1.556000e-03
7 9.950400e-01 2.908000e-03 2.052000e-03
8 9.941000e-01 3.272000e-03 2.628000e-03
9 9.930760e-01 3.696000e-03 3.228000e-03
10 9.919800e-01 4.104000e-03 3.916000e-03
11 9.908440e-01 4.396000e-03 4.760000e-03
12 9.897240e-01 4.688000e-03 5.588000e-03
13 9.884960e-01 5.096000e-03 6.408000e-03
14 9.872600e-01 5.388000e-03 7.352000e-03
15 9.860760e-01 5.696000e-03 8.228000e-03
16 9.848920e-01 5.812000e-03 9.296000e-03
17 9.837120e-01 5.972000e-03 1.031600e-02
18 9.825960e-01 6.032000e-03 1.137200e-02
19 9.812640e-01 6.344000e-03 1.239200e-02
20 9.800440e-01 6.444000e-03 1.351200e-02
21 9.786960e-01 6.620000e-03 1.468400e-02
22 9.773160e-01 6.788000e-03 1.589600e-02
23 9.760040e-01 6.884000e-03 1.711200e-02
24 9.746720e-01 7.000000e-03 1.832800e-02
25 9.732800e-01 7.208000e-03 1.951200e-02
26 9.717080e-01 7.572000e-03 2.072000e-02
27 9.702080e-01 7.756000e-03 2.203600e-02
28 9.686640e-01 7.988000e-03 2.334800e-02
29 9.670240e-01 8.216000e-03 2.476000e-02
30 9.654160e-01 8.308000e-03 2.627600e-02
31 9.638360e-01 8.440000e-03 2.772400e-02
32 9.622320e-01 8.580000e-03 2.918800e-02
33 9.606200e-01 8.592000e-03 3.078800e-02
34 9.591160e-01 8.564000e-03 3.232000e-02
35 9.577720e-01 8.356000e-03 3.387200e-02
36 9.561640e-01 8.388000e-03 3.544800e-02
37 9.547960e-01 8.336000e-03 3.686800e-02
38 9.531680e-01 8.408000e-03 3.842400e-02
39 9.517360e-01 8.396000e-03 3.986800e-02
40 9.502240e-01 8.364000e-03 4.141200e-02
41 9.486440e-01 8.588000e-03 4.276800e-02
42 9.470160e-01 8.740000e-03 4.424400e-02
43 9.453680e-01 8.916000e-03 4.571600e-02
44 9.436360e-01 9.184000e-03 4.718000e-02
45 9.420520e-01 9.288000e-03 4.866000e-02
46 9.403360e-01 9.512000e-03 5.015200e-02
47 9.386240e-01 9.616000e-03 5.176000e-02
48 9.370080e-01 9.644000e-03 5.334800e-02
49 9.354600e-01 9.556000e-03 5.498400e-02
50 9.338360e-01 9.500000e-03 5.666400e-02
51 9.320880e-01 9.568000e-03 5.834400e-02
52 9.303520e-01 9.624000e-03 6.002400e-02
53 9.287200e-01 9.520000e-03 6.176000e-02
54 9.271000e-01 9.496000e-03 6.340400e-02
55 9.255560e-01 9.356000e-03 6.508800e-02
56 9.237880e-01 9.500000e-03 6.671200e-02
57 9.219560e-01 9.708000e-03 6.833600e-02
58 9.199600e-01 9.908000e-03 7.013200e-02
59 9.182200e-01 9.832000e-03 7.194800e-02
60 9.163840e-01 9.948000e-03 7.366800e-02
61 9.144840e-01 9.956000e-03 7.556000e-02
62 9.125760e-01 1.004800e-02 7.737600e-02
63 9.105680e-01 1.029200e-02 7.914000e-02
64 9.087720e-01 1.017600e-02 8.105200e-02
65 9.067160e-01 1.043600e-02 8.284800e-02
66 9.045640e-01 1.071600e-02 8.472000e-02
67 9.025920e-01 1.084000e-02 8.656800e-02
68 9.005680e-01 1.102000e-02 8.841200e-02
69 8.986040e-01 1.096400e-02 9.043200e-02
70 8.966680e-01 1.106400e-02 9.226800e-02
71 8.947200e-01 1.110000e-02 9.418000e-02
72 8.927760e-01 1.116000e-02 9.606400e-02
73 8.908720e-01 1.106800e-02 9.806000e-02
74 8.890560e-01 1.098400e-02 9.996000e-02
75 8.872480e-01 1.085200e-02 1.019000e-01
76 8.854280e-01 1.082800e-02 1.037440e-01
77 8.837120e-01 1.081600e-02 1.054720e-01
78 8.821080e-01 1.049200e-02 1.074000e-01
79 8.803400e-01 1.048400e-02 1.091760e-01
80 8.786720e-01 1.026800e-02 1.110600e-01
81 8.768120e-01 1.042400e-02 1.127640e-01
82 8.749280e-01 1.047600e-02 1.145960e-01
83 8.730600e-01 1.064000e-02 1.163000e-01
84 8.714320e-01 1.047600e-02 1.180920e-01
85 8.697120e-01 1.037200e-02 1.199160e-01
86 8.680120e-01 1.025200e-02 1.217360e-01
87 8.663480e-01 1.019600e-02 1.234560e-01
88 8.645040e-01 1.040800e-02 1.250880e-01
89 8.628200e-01 1.024800e-02 1.269320e-01
90 8.611400e-01 1.001600e-02 1.288440e-01
91 8.595920e-01 9.908000e-03 1.305000e-01
92 8.579160e-01 9.880000e-03 1.322040e-01
93 8.564480e-01 9.760000e-03 1.337920e-01
94 8.549000e-01 9.780000e-03 1.353200e-01
95 8.532520e-01 9.700000e-03 1.370480e-01
96 8.515240e-01 9.804000e-03 1.386720e-01
97 8.499000e-01 9.804000e-03 1.402960e-01
98 8.480880e-01 9.920000e-03 1.419920e-01
99 8.464080e-01 9.808000e-03 1.437840e-01
100 8.447320e-01 9.716000e-03 1.455520e-01
101 8.431560e-01 9.536000e-03 1.473080e-01
102 8.416320e-01 9.344000e-03 1.490240e-01
103 8.399000e-01 9.396000e-03 1.507040e-01
104 8.381600e-01 9.492000e-03 1.523480e-01
105 8.365320e-01 9.476000e-03 1.539920e-01
106 8.348240e-01 9.468000e-03 1.557080e-01
107 8.330760e-01 9.432000e-03 1.574920e-01
108 8.314720e-01 9.336000e-03 1.591920e-01
109 8.300360e-01 9.152000e-03 1.608120e-01
110 8.283760e-01 9.248000e-03 1.623760e-01
111 8.270440e-01 9.060000e-03 1.638960e-01
112 8.255720e-01 8.856000e-03 1.655720e-01
113 8.241560e-01 8.856000e-03 1.669880e-01
114 8.228520e-01 8.624000e-03 1.685240e-01
115 8.213720e-01 8.636000e-03 1.699920e-01
116 8.200480e-01 8.424000e-03 1.715280e-01
117 8.186680e-01 8.348000e-03 1.729840e-01
118 8.173680e-01 8.256000e-03 1.743760e-01
119 8.160840e-01 8.088000e-03 1.758280e-01
120 8.148520e-01 7.908000e-03 1.772400e-01
121 8.135400e-01 7.784000e-03 1.786760e-01
122 8.122840e-01 7.744000e-03 1.799720e-01
123 8.108120e-01 7.844000e-03 1.813440e-01
124 8.092880e-01 8.056000e-03 1.826560e-01
125 8.076040e-01 8.480000e-03 1.839160e-01
126 8.061440e-01 8.388000e-03 1.854680e-01
127 8.047400e-01 8.268000e-03 1.869920e-01
128 8.034600e-01 8.260000e-03 1.882800e-01
129 8.021240e-01 8.128000e-03 1.897480e-01
130 8.007800e-01 7.960000e-03 1.912600e-01
131 7.994560e-01 7.852000e-03 1.926920e-01
132 7.981960e-01 7.704000e-03 1.941000e-01
133 7.968720e-01 7.628000e-03 1.955000e-01
134 7.955520e-01 7.660000e-03 1.967880e-01
135 7.940000e-01 7.932000e-03 1.980680e-01
136 7.925760e-01 7.924000e-03 1.995000e-01
137 7.911760e-01 7.892000e-03 2.009320e-01
138 7.897760e-01 7.904000e-03 2.023200e-01
139 7.884840e-01 7.732000e-03 2.037840e-01
140 7.872280e-01 7.608000e-03 2.051640e-01
141 7.859800e-01 7.576000e-03 2.064440e-01
142 7.846240e-01 7.676000e-03 2.077000e-01
143 7.834880e-01 7.384000e-03 2.091280e-01
144 7.820080e-01 7.620000e-03 2.103720e-01
145 7.805680e-01 7.704000e-03 2.117280e-01
146 7.791440e-01 7.728000e-03 2.131280e-01
147 7.778480e-01 7.640000e-03 2.145120e-01
148 7.764760e-01 7.708000e-03 2.158160e-01
149 7.750720e-01 7.772000e-03 2.171560e-01
150 7.735160e-01 8.044000e-03 2.184400e-01
151 7.721040e-01 8.144000e-03 2.197520e-01
152 7.706480e-01 8.216000e-03 2.211360e-01
153 7.693000e-01 8.172000e-03 2.225280e-01
154 7.677920e-01 8.332000e-03 2.238760e-01
155 7.664440e-01 8.156000e-03 2.254000e-01
156 7.651120e-01 8.056000e-03 2.268320e-01
157 7.638200e-01 7.996000e-03 2.281840e-01
158 7.625600e-01 7.748000e-03 2.296920e-01
159 7.612520e-01 7.764000e-03 2.309840e-01
160 7.599840e-01 7.640000e-03 2.323760e-01
161 7.587520e-01 7.672000e-03 2.335760e-01
162 7.575560e-01 7.432000e-03 2.350120e-01
163 7.563360e-01 7.276000e-03 2.363880e-01
164 7.551000e-01 7.312000e-03 2.375880e-01
165 7.537480e-01 7.476000e-03 2.387760e-01
166 7.524960e-01 7.468000e-03 2.400360e-01
167 7.510840e-01 7.472000e-03 2.414440e-01
168 7.500040e-01 7.232000e-03 2.427640e-01
169 7.488280e-01 7.204000e-03 2.439680e-01
170 7.476120e-01 7.136000e-03 2.452520e-01
171 7.464480e-01 7.032000e-03 2.465200e-01
172 7.453360e-01 6.972000e-03 2.476920e-01
173 7.443920e-01 6.692000e-03 2.489160e-01
174 7.433080e-01 6.536000e-03 2.501560e-01
175 7.423680e-01 6.352000e-03 2.512800e-01
176 7.413280e-01 6.316000e-03 2.523560e-01
177 7.402760e-01 6.244000e-03 2.534800e-01
178 7.391720e-01 6.292000e-03 2.545360e-01
179 7.379640e-01 6.444000e-03 2.555920e-01
180 7.368400e-01 6.380000e-03 2.567800e-01
181 7.357280e-01 6.324000e-03 2.579480e-01
182 7.347400e-01 6.088000e-03 2.591720e-01
183 7.337000e-01 6.016000e-03 2.602840e-01
184 7.325280e-01 6.152000e-03 2.613200e-01
185 7.314800e-01 6.100000e-03 2.624200e-01
186 7.303680e-01 5.916000e-03 2.637160e-01
187 7.293240e-01 5.904000e-03 2.647720e-01
188 7.284200e-01 5.848000e-03 2.657320e-01
189 7.274200e-01 5.924000e-03 2.666560e-01
190 7.263240e-01 5.976000e-03 2.677000e-01
191 7.252800e-01 5.952000e-03 2.687680e-01
192 7.243440e-01 5.740000e-03 2.699160e-01
193 7.233080e-01 5.768000e-03 2.709240e-01
194 7.223440e-01 5.756000e-03 2.719000e-01
195 7.214600e-01 5.636000e-03 2.729040e-01
196 7.204520e-01 5.600000e-03 2.739480e-01
197 7.193720e-01 5.672000e-03 2.749560e-01
198 7.183840e-01 5.576000e-03 2.760400e-01
199 7.174040e-01 5.588000e-03 2.770080e-01
200 7.162920e-01 5.732000e-03 2.779760e-01
201 7.153040e-01 5.808000e-03 2.788880e-01
202 7.142160e-01 5.864000e-03 2.799200e-01
203 7.132040e-01 5.720000e-03 2.810760e-01
204 7.122640e-01 5.632000e-03 2.821040e-01
205 7.113760e-01 5.492000e-03 2.831320e-01
206 7.105720e-01 5.360000e-03 2.840680e-01
207 7.096320e-01 5.308000e-03 2.850600e-01
208 7.088520e-01 5.188000e-03 2.859600e-01
209 7.080600e-01 5.088000e-03 2.868520e-01
210 7.072480e-01 4.956000e-03 2.877960e-01
211 7.065320e-01 4.848000e-03 2.886200e-01
212 7.057240e-01 4.836000e-03 2.894400e-01
213 7.050320e-01 4.600000e-03 2.903680e-01
214 7.042320e-01 4.648000e-03 2.911200e-01
215 7.036240e-01 4.444000e-03 2.919320e-01
216 7.027960e-01 4.452000e-03 2.927520e-01
217 7.020640e-01 4.480000e-03 2.934560e-01
218 7.012120e-01 4.428000e-03 2.943600e-01
219 7.004960e-01 4.476000e-03 2.950280e-01
220 6.999000e-01 4.312000e-03 2.957880e-01
221 6.992360e-01 4.232000e-03 2.965320e-01
222 6.986800e-01 4.032000e-03 2.972880e-01
223 6.980840e-01 3.988000e-03 2.979280e-01
224 6.974280e-01 3.952000e-03 2.986200e-01
225 6.966560e-01 3.992000e-03 2.993520e-01
226 6.959520e-01 4.044000e-03 3.000040e-01
227 6.953240e-01 4.000000e-03 3.006760e-01
228 6.947240e-01 3.820000e-03 3.014560e-01
229 6.940480e-01 3.852000e-03 3.021000e-01
230 6.934360e-01 3.836000e-03 3.027280e-01
231 6.927520e-01 3.768000e-03 3.034800e-01
232 6.920600e-01 3.716000e-03 3.042240e-01
233 6.913280e-01 3.768000e-03 3.049040e-01
234 6.907200e-01 3.756000e-03 3.055240e-01
235 6.900760e-01 3.704000e-03 3.062200e-01
236 6.894280e-01 3.720000e-03 3.068520e-01
237 6.887920e-01 3.680000e-03 3.075280e-01
238 6.883120e-01 3.560000e-03 3.081280e-01
239 6.876880e-01 3.716000e-03 3.085960e-01
240 6.870360e-01 3.696000e-03 3.092680e-01
241 6.865160e-01 3.580000e-03 3.099040e-01
242 6.859640e-01 3.468000e-03 3.105680e-01
243 6.854640e-01 3.384000e-03 3.111520e-01
244 6.848880e-01 3.400000e-03 3.117120e-01
245 6.843600e-01 3.348000e-03 3.122920e-01
246 6.838560e-01 3.364000e-03 3.127800e-01
247 6.833200e-01 3.312000e-03 3.133680e-01
248 6.828240e-01 3.236000e-03 3.139400e-01
249 6.821920e-01 3.256000e-03 3.145520e-01
250 6.816640e-01 3.268000e-03 3.150680e-01
251 6.811120e-01 3.240000e-03 3.156480e-01
252 6.805880e-01 3.216000e-03 3.161960e-01
253 6.800960e-01 3.060000e-03 3.168440e-01
254 6.795280e-01 3.100000e-03 3.173720e-01
255 6.790400e-01 3.032000e-03 3.179280e-01
256 6.784760e-01 3.056000e-03 3.184680e-01
257 6.780240e-01 2.972000e-03 3.190040e-01
258 6.773800e-01 3.148000e-03 3.194720e-01
259 6.768280e-01 3.132000e-03 3.200400e-01
260 6.761680e-01 3.232000e-03 3.206000e-01
261 6.756400e-01 3.216000e-03 3.211440e-01
262 6.751080e-01 3.200000e-03 3.216920e-01
263 6.746000e-01 3.172000e-03 3.222280e-01
264 6.742760e-01 2.932000e-03 3.227920e-01
265 6.738360e-01 2.916000e-03 3.232480e-01
266 6.733200e-01 2.864000e-03 3.238160e-01
267 6.728480e-01 2.804000e-03 3.243480e-01
268 6.722960e-01 2.836000e-03 3.248680e-01
269 6.718880e-01 2.836000e-03 3.252760e-01
270 6.713640e-01 2.888000e-03 3.257480e-01
271 6.708920e-01 2.860000e-03 3.262480e-01
272 6.704240e-01 2.844000e-03 3.267320e-01
273 6.699920e-01 2.732000e-03 3.272760e-01
274 6.695920e-01 2.696000e-03 3.277120e-01
275 6.691640e-01 2.660000e-03 3.281760e-01
276 6.686600e-01 2.656000e-03 3.286840e-01
277 6.681800e-01 2.620000e-03 3.292000e-01
278 6.676640e-01 2.656000e-03 3.296800e-01
279 6.672160e-01 2.652000e-03 3.301320e-01
280 6.667880e-01 2.528000e-03 3.306840e-01
281 6.664440e-01 2.436000e-03 3.311200e-01
282 6.660120e-01 2.400000e-03 3.315880e-01
283 6.656360e-01 2.336000e-03 3.320280e-01
284 6.652800e-01 2.304000e-03 3.324160e-01
285 6.648600e-01 2.308000e-03 3.328320e-01
286 6.645200e-01 2.292000e-03 3.331880e-01
287 6.641320e-01 2.316000e-03 3.335520e-01
288 6.637400e-01 2.316000e-03 3.339440e-01
289 6.633240e-01 2.276000e-03 3.344000e-01
290 6.629400e-01 2.248000e-03 3.348120e-01
291 6.625840e-01 2.288000e-03 3.351280e-01
292 6.622040e-01 2.296000e-03 3.355000e-01
293 6.618320e-01 2.244000e-03 3.359240e-01
294 6.614800e-01 2.196000e-03 3.363240e-01
295 6.610960e-01 2.160000e-03 3.367440e-01
296 6.608120e-01 2.104000e-03 3.370840e-01
297 6.604440e-01 2.120000e-03 3.374360e-01
298 6.600400e-01 2.092000e-03 3.378680e-01
299 6.597040e-01 2.024000e-03 3.382720e-01
300 6.593120e-01 2.056000e-03 3.386320e-01
301 6.589520e-01 2.008000e-03 3.390400e-01
302 6.585840e-01 2.032000e-03 3.393840e-01
303 6.582760e-01 2.000000e-03 3.397240e-01
304 6.579840e-01 1.928000e-03 3.400880e-01
305 6.575600e-01 1.980000e-03 3.404600e-01
306 6.572600e-01 1.896000e-03 3.408440e-01
307 6.569440e-01 1.872000e-03 3.411840e-01
308 6.566880e-01 1.832000e-03 3.414800e-01
309 6.563360e-01 1.884000e-03 3.417800e-01
310 6.560120e-01 1.908000e-03 3.420800e-01
311 6.555880e-01 2.032000e-03 3.423800e-01
312 6.551760e-01 2.136000e-03 3.426880e-01
313 6.547800e-01 2.160000e-03 3.430600e-01
314 6.543720e-01 2.180000e-03 3.434480e-01
315 6.540280e-01 2.164000e-03 3.438080e-01
316 6.536640e-01 2.180000e-03 3.441560e-01
317 6.533440e-01 2.104000e-03 3.445520e-01
318 6.529840e-01 2.112000e-03 3.449040e-01
319 6.526840e-01 2.056000e-03 3.452600e-01
320 6.523200e-01 2.076000e-03 3.456040e-01
321 6.519760e-01 2.028000e-03 3.459960e-01
322 6.515800e-01 2.068000e-03 3.463520e-01
323 6.512200e-01 2.060000e-03 3.467200e-01
324 6.509240e-01 1.956000e-03 3.471200e-01
325 6.505440e-01 1.988000e-03 3.474680e-01
326 6.501400e-01 2.096000e-03 3.477640e-01
327 6.497640e-01 2.072000e-03 3.481640e-01
328 6.493320e-01 2.124000e-03 3.485440e-01
329 6.489840e-01 2.048000e-03 3.489680e-01
330 6.485920e-01 2.000000e-03 3.494080e-01
331 6.482640e-01 2.012000e-03 3.497240e-01
332 6.478080e-01 2.152000e-03 3.500400e-01
333 6.474920e-01 2.080000e-03 3.504280e-01
334 6.471680e-01 2.040000e-03 3.507920e-01
335 6.467920e-01 2.076000e-03 3.511320e-01
336 6.464760e-01 2.060000e-03 3.514640e-01
337 6.461600e-01 2.056000e-03 3.517840e-01
338 6.457880e-01 2.088000e-03 3.521240e-01
339 6.454680e-01 2.036000e-03 3.524960e-01
340 6.450920e-01 2.064000e-03 3.528440e-01
341 6.447760e-01 2.024000e-03 3.532000e-01
342 6.444200e-01 2.024000e-03 3.535560e-01
343 6.441560e-01 1.944000e-03 3.539000e-01
344 6.438440e-01 1.888000e-03 3.542680e-01
345 6.435200e-01 1.912000e-03 3.545680e-01
346 6.431680e-01 1.880000e-03 3.549520e-01
347 6.428480e-01 1.884000e-03 3.552680e-01
348 6.425920e-01 1.808000e-03 3.556000e-01
349 6.423400e-01 1.744000e-03 3.559160e-01
350 6.420840e-01 1.692000e-03 3.562240e-01
351 6.418120e-01 1.712000e-03 3.564760e-01
352 6.414880e-01 1.780000e-03 3.567320e-01
353 6.411960e-01 1.724000e-03 3.570800e-01
354 6.408480e-01 1.800000e-03 3.573520e-01
355 6.405400e-01 1.772000e-03 3.576880e-01
356 6.402360e-01 1.728000e-03 3.580360e-01
357 6.399120e-01 1.736000e-03 3.583520e-01
358 6.395960e-01 1.672000e-03 3.587320e-01
359 6.393080e-01 1.708000e-03 3.589840e-01
360 6.390440e-01 1.732000e-03 3.592240e-01
361 6.388280e-01 1.604000e-03 3.595680e-01
362 6.385600e-01 1.524000e-03 3.599160e-01
363 6.382240e-01 1.624000e-03 3.601520e-01
364 6.380000e-01 1.600000e-03 3.604000e-01
365 6.376760e-01 1.632000e-03 3.606920e-01
366 6.374280e-01 1.604000e-03 3.609680e-01
367 6.371360e-01 1.604000e-03 3.612600e-01
368 6.368480e-01 1.652000e-03 3.615000e-01
369 6.365640e-01 1.688000e-03 3.617480e-01
370 6.362600e-01 1.728000e-03 3.620120e-01
371 6.359600e-01 1.724000e-03 3.623160e-01
372 6.356080e-01 1.736000e-03 3.626560e-01
373 6.353560e-01 1.692000e-03 3.629520e-01
374 6.350680e-01 1.728000e-03 3.632040e-01
375 6.348000e-01 1.704000e-03 3.634960e-01
376 6.345000e-01 1.656000e-03 3.638440e-01
377 6.341320e-01 1.748000e-03 3.641200e-01
378 6.337280e-01 1.796000e-03 3.644760e-01
379 6.334280e-01 1.824000e-03 3.647480e-01
380 6.331480e-01 1.880000e-03 3.649720e-01
381 6.327680e-01 1.928000e-03 3.653040e-01
382 6.324800e-01 1.900000e-03 3.656200e-01
383 6.321440e-01 1.920000e-03 3.659360e-01
384 6.317840e-01 1.920000e-03 3.662960e-01
385 6.314080e-01 1.956000e-03 3.666360e-01
386 6.310760e-01 1.936000e-03 3.669880e-01
387 6.307200e-01 1.900000e-03 3.673800e-01
388 6.304560e-01 1.888000e-03 3.676560e-01
389 6.301240e-01 1.880000e-03 3.679960e-01
390 6.298120e-01 1.884000e-03 3.683040e-01
391 6.295040e-01 1.860000e-03 3.686360e-01
392 6.291840e-01 1.864000e-03 3.689520e-01
393 6.289240e-01 1.792000e-03 3.692840e-01
394 6.286600e-01 1.744000e-03 3.695960e-01
395 6.284000e-01 1.692000e-03 3.699080e-01
396 6.280480e-01 1.724000e-03 3.702280e-01
397 6.277160e-01 1.792000e-03 3.704920e-01
398 6.273880e-01 1.716000e-03 3.708960e-01
399 6.270560e-01 1.784000e-03 3.711600e-01
400 6.266520e-01 1.836000e-03 3.715120e-01
401 6.262920e-01 1.840000e-03 3.718680e-01
402 6.260160e-01 1.812000e-03 3.721720e-01
403 6.257280e-01 1.776000e-03 3.724960e-01
404 6.254160e-01 1.772000e-03 3.728120e-01
405 6.250160e-01 1.836000e-03 3.731480e-01
406 6.246240e-01 1.848000e-03 3.735280e-01
407 6.242200e-01 1.948000e-03 3.738320e-01
408 6.239320e-01 1.916000e-03 3.741520e-01
409 6.236080e-01 1.872000e-03 3.745200e-01
410 6.232720e-01 1.816000e-03 3.749120e-01
411 6.230000e-01 1.808000e-03 3.751920e-01
412 6.226080e-01 1.964000e-03 3.754280e-01
413 6.222360e-01 2.008000e-03 3.757560e-01
414 6.218120e-01 2.096000e-03 3.760920e-01
415 6.214200e-01 2.104000e-03 3.764760e-01
416 6.210280e-01 2.092000e-03 3.768800e-01
417 6.206840e-01 2.020000e-03 3.772960e-01
418 6.202960e-01 2.044000e-03 3.776600e-01
419 6.199000e-01 2.100000e-03 3.780000e-01
420 6.195080e-01 2.140000e-03 3.783520e-01
421 6.190920e-01 2.224000e-03 3.786840e-01
422 6.187320e-01 2.208000e-03 3.790600e-01
423 6.183320e-01 2.228000e-03 3.794400e-01
424 6.179880e-01 2.216000e-03 3.797960e-01
425 6.176240e-01 2.188000e-03 3.801880e-01
426 6.172800e-01 2.160000e-03 3.805600e-01
427 6.169640e-01 2.116000e-03 3.809200e-01
428 6.166880e-01 1.980000e-03 3.813320e-01
429 6.163840e-01 2.016000e-03 3.816000e-01
430 6.160880e-01 1.948000e-03 3.819640e-01
431 6.157840e-01 1.852000e-03 3.823640e-01
432 6.155040e-01 1.868000e-03 3.826280e-01
433 6.151880e-01 1.860000e-03 3.829520e-01
434 6.149080e-01 1.804000e-03 3.832880e-01
435 6.146760e-01 1.712000e-03 3.836120e-01
436 6.144440e-01 1.676000e-03 3.838800e-01
437 6.142600e-01 1.540000e-03 3.842000e-01
438 6.139920e-01 1.500000e-03 3.845080e-01
439 6.137480e-01 1.420000e-03 3.848320e-01
440 6.135840e-01 1.328000e-03 3.850880e-01
441 6.133920e-01 1.252000e-03 3.853560e-01
442 6.131480e-01 1.280000e-03 3.855720e-01
443 6.129800e-01 1.216000e-03 3.858040e-01
444 6.128160e-01 1.196000e-03 3.859880e-01
445 6.126320e-01 1.184000e-03 3.861840e-01
446 6.123960e-01 1.220000e-03 3.863840e-01
447 6.122200e-01 1.180000e-03 3.866000e-01
448 6.120080e-01 1.188000e-03 3.868040e-01
449 6.117880e-01 1.236000e-03 3.869760e-01
450 6.115680e-01 1.272000e-03 3.871600e-01
451 6.113920e-01 1.264000e-03 3.873440e-01
452 6.112320e-01 1.248000e-03 3.875200e-01
453 6.110520e-01 1.228000e-03 3.877200e-01
454 6.109000e-01 1.176000e-03 3.879240e-01
455 6.107200e-01 1.172000e-03 3.881080e-01
456 6.105640e-01 1.132000e-03 3.883040e-01
457 6.103400e-01 1.152000e-03 3.885080e-01
458 6.101440e-01 1.120000e-03 3.887360e-01
459 6.099680e-01 1.044000e-03 3.889880e-01
460 6.097520e-01 1.092000e-03 3.891560e-01
461 6.095800e-01 1.104000e-03 3.893160e-01
462 6.093800e-01 1.104000e-03 3.895160e-01
463 6.091920e-01 1.108000e-03 3.897000e-01
464 6.089920e-01 1.124000e-03 3.898840e-01
465 6.087760e-01 1.100000e-03 3.901240e-01
466 6.085360e-01 1.144000e-03 3.903200e-01
467 6.083280e-01 1.168000e-03 3.905040e-01
468 6.081000e-01 1.188000e-03 3.907120e-01
469 6.078880e-01 1.188000e-03 3.909240e-01
470 6.077080e-01 1.196000e-03 3.910960e-01
471 6.075000e-01 1.160000e-03 3.913400e-01
472 6.072840e-01 1.160000e-03 3.915560e-01
473 6.071040e-01 1.144000e-03 3.917520e-01
474 6.069120e-01 1.148000e-03 3.919400e-01
475 6.067440e-01 1.104000e-03 3.921520e-01
476 6.065880e-01 1.108000e-03 3.923040e-01
477 6.064280e-01 1.100000e-03 3.924720e-01
478 6.062480e-01 1.140000e-03 3.926120e-01
479 6.060640e-01 1.132000e-03 3.928040e-01
480 6.058880e-01 1.096000e-03 3.930160e-01
481 6.057240e-01 1.088000e-03 3.931880e-01
482 6.055920e-01 1.052000e-03 3.933560e-01
483 6.054360e-01 1.028000e-03 3.935360e-01
484 6.053160e-01 9.880000e-04 3.936960e-01
485 6.051760e-01 9.760000e-04 3.938480e-01
486 6.050520e-01 9.400000e-04 3.940080e-01
487 6.049400e-01 8.960000e-04 3.941640e-01
488 6.047920e-01 8.680000e-04 3.943400e-01
489 6.046480e-01 8.720000e-04 3.944800e-01
490 6.045560e-01 8.560000e-04 3.945880e-01
491 6.044240e-01 8.640000e-04 3.947120e-01
492 6.043000e-01 8.520000e-04 3.948480e-01
493 6.041880e-01 8.400000e-04 3.949720e-01
494 6.040000e-01 8.680000e-04 3.951320e-01
495 6.039080e-01 8.200000e-04 3.952720e-01
496 6.037960e-01 8.040000e-04 3.954000e-01
497 6.036200e-01 8.280000e-04 3.955520e-01
498 6.035040e-01 8.040000e-04 3.956920e-01
499 6.034200e-01 7.680000e-04 3.958120e-01
500 6.033360e-01 7.000000e-04 3.959640e-01
