1 9.992080e-01 7.320000e-04 6.000000e-05
2 9.986240e-01 1.172000e-03 2.040000e-04
3 9.979480e-01 1.588000e-03 4.640000e-04
4 9.970600e-01 2.164000e-03 7.760000e-04
5 9.961840e-01 2.632000e-03 1.184000e-03
6 9.952080e-01 3.152000e-03 1.640000e-03
7 9.941800e-01 3.556000e-03 2.264000e-03
8 9.930520e-01 4.060000e-03 2.888000e-03
9 9.919840e-01 4.392000e-03 3.624000e-03
10 9.905760e-01 4.948000e-03 4.476000e-03
11 9.892680e-01 5.316000e-03 5.416000e-03
12 9.879360e-01 5.692000e-03 6.372000e-03
13 9.866720e-01 5.896000e-03 7.432000e-03
14 9.853240e-01 6.124000e-03 8.552000e-03
15 9.838640e-01 6.496000e-03 9.640000e-03
16 9.823560e-01 6.744000e-03 1.090000e-02
17 9.809480e-01 6.944000e-03 1.210800e-02
18 9.794280e-01 7.308000e-03 1.326400e-02
19 9.780200e-01 7.432000e-03 1.454800e-02
20 9.765040e-01 7.600000e-03 1.589600e-02
21 9.748400e-01 7.904000e-03 1.725600e-02
22 9.732880e-01 8.032000e-03 1.868000e-02
23 9.717320e-01 8.196000e-03 2.007200e-02
24 9.701520e-01 8.348000e-03 2.150000e-02
25 9.684680e-01 8.496000e-03 2.303600e-02
26 9.668600e-01 8.592000e-03 2.454800e-02
27 9.652720e-01 8.824000e-03 2.590400e-02
28 9.636200e-01 8.948000e-03 2.743200e-02
29 9.619000e-01 9.120000e-03 2.898000e-02
30 9.602880e-01 9.024000e-03 3.068800e-02
31 9.586160e-01 9.008000e-03 3.237600e-02
32 9.569080e-01 9.148000e-03 3.394400e-02
33 9.551400e-01 9.244000e-03 3.561600e-02
34 9.533160e-01 9.420000e-03 3.726400e-02
35 9.515600e-01 9.596000e-03 3.884400e-02
36 9.498080e-01 9.796000e-03 4.039600e-02
37 9.479920e-01 9.992000e-03 4.201600e-02
38 9.461680e-01 1.004800e-02 4.378400e-02
39 9.444760e-01 9.928000e-03 4.559600e-02
40 9.425760e-01 1.001600e-02 4.740800e-02
41 9.408720e-01 9.912000e-03 4.921600e-02
42 9.389360e-01 1.019600e-02 5.086800e-02
43 9.371360e-01 1.022800e-02 5.263600e-02
44 9.351880e-01 1.028800e-02 5.452400e-02
45 9.331760e-01 1.041200e-02 5.641200e-02
46 9.312640e-01 1.043600e-02 5.830000e-02
47 9.292280e-01 1.054400e-02 6.022800e-02
48 9.274320e-01 1.044000e-02 6.212800e-02
49 9.256960e-01 1.039600e-02 6.390800e-02
50 9.238520e-01 1.048000e-02 6.566800e-02
51 9.220920e-01 1.036800e-02 6.754000e-02
52 9.201600e-01 1.042800e-02 6.941200e-02
53 9.182600e-01 1.036000e-02 7.138000e-02
54 9.163640e-01 1.042800e-02 7.320800e-02
55 9.145400e-01 1.047600e-02 7.498400e-02
56 9.127280e-01 1.039600e-02 7.687600e-02
57 9.109720e-01 1.034400e-02 7.868400e-02
58 9.092440e-01 1.023200e-02 8.052400e-02
59 9.077680e-01 9.972000e-03 8.226000e-02
60 9.059840e-01 9.932000e-03 8.408400e-02
61 9.042120e-01 9.932000e-03 8.585600e-02
62 9.024880e-01 9.852000e-03 8.766000e-02
63 9.007920e-01 9.888000e-03 8.932000e-02
64 8.991280e-01 9.776000e-03 9.109600e-02
65 8.974080e-01 9.796000e-03 9.279600e-02
66 8.956720e-01 9.940000e-03 9.438800e-02
67 8.939040e-01 9.880000e-03 9.621600e-02
68 8.922080e-01 9.860000e-03 9.793200e-02
69 8.906320e-01 9.708000e-03 9.966000e-02
70 8.890720e-01 9.588000e-03 1.013400e-01
71 8.873840e-01 9.684000e-03 1.029320e-01
72 8.857800e-01 9.656000e-03 1.045640e-01
73 8.840840e-01 9.588000e-03 1.063280e-01
74 8.825920e-01 9.292000e-03 1.081160e-01
75 8.810880e-01 9.220000e-03 1.096920e-01
76 8.795280e-01 9.224000e-03 1.112480e-01
77 8.780480e-01 9.056000e-03 1.128960e-01
78 8.766040e-01 8.888000e-03 1.145080e-01
79 8.750480e-01 8.908000e-03 1.160440e-01
80 8.736200e-01 8.724000e-03 1.176560e-01
81 8.721160e-01 8.728000e-03 1.191560e-01
82 8.706120e-01 8.792000e-03 1.205960e-01
83 8.690800e-01 8.756000e-03 1.221640e-01
84 8.675960e-01 8.732000e-03 1.236720e-01
85 8.660640e-01 8.660000e-03 1.252760e-01
86 8.644880e-01 8.708000e-03 1.268040e-01
87 8.629800e-01 8.648000e-03 1.283720e-01
88 8.615360e-01 8.712000e-03 1.297520e-01
89 8.600520e-01 8.640000e-03 1.313080e-01
90 8.586200e-01 8.732000e-03 1.326480e-01
91 8.570600e-01 8.700000e-03 1.342400e-01
92 8.554800e-01 8.820000e-03 1.357000e-01
93 8.538360e-01 8.892000e-03 1.372720e-01
94 8.522400e-01 8.984000e-03 1.387760e-01
95 8.507200e-01 8.804000e-03 1.404760e-01
96 8.491000e-01 8.688000e-03 1.422120e-01
97 8.476120e-01 8.564000e-03 1.438240e-01
98 8.460920e-01 8.500000e-03 1.454080e-01
99 8.446840e-01 8.376000e-03 1.469400e-01
100 8.433240e-01 8.212000e-03 1.484640e-01
101 8.418160e-01 8.324000e-03 1.498600e-01
102 8.405080e-01 8.216000e-03 1.512760e-01
103 8.392120e-01 7.920000e-03 1.528680e-01
104 8.378920e-01 7.876000e-03 1.542320e-01
105 8.364840e-01 7.948000e-03 1.555680e-01
106 8.352840e-01 7.792000e-03 1.569240e-01
107 8.340240e-01 7.712000e-03 1.582640e-01
108 8.327400e-01 7.652000e-03 1.596080e-01
109 8.314160e-01 7.644000e-03 1.609400e-01
110 8.301240e-01 7.668000e-03 1.622080e-01
111 8.287320e-01 7.708000e-03 1.635600e-01
112 8.275360e-01 7.584000e-03 1.648800e-01
113 8.261160e-01 7.640000e-03 1.662440e-01
114 8.247000e-01 7.644000e-03 1.676560e-01
115 8.234840e-01 7.388000e-03 1.691280e-01
116 8.223480e-01 7.316000e-03 1.703360e-01
117 8.211280e-01 7.220000e-03 1.716520e-01
118 8.199280e-01 7.048000e-03 1.730240e-01
119 8.186640e-01 7.048000e-03 1.742880e-01
120 8.175200e-01 6.904000e-03 1.755760e-01
121 8.162920e-01 6.876000e-03 1.768320e-01
122 8.150280e-01 6.876000e-03 1.780960e-01
123 8.139160e-01 6.716000e-03 1.793680e-01
124 8.128960e-01 6.492000e-03 1.806120e-01
125 8.118680e-01 6.380000e-03 1.817520e-01
126 8.107080e-01 6.352000e-03 1.829400e-01
127 8.096320e-01 6.312000e-03 1.840560e-01
128 8.086280e-01 6.208000e-03 1.851640e-01
129 8.076040e-01 6.192000e-03 1.862040e-01
130 8.066160e-01 6.032000e-03 1.873520e-01
131 8.054400e-01 6.168000e-03 1.883920e-01
132 8.043200e-01 6.296000e-03 1.893840e-01
133 8.033080e-01 6.228000e-03 1.904640e-01
134 8.023880e-01 6.004000e-03 1.916080e-01
135 8.013240e-01 6.096000e-03 1.925800e-01
136 8.002760e-01 6.140000e-03 1.935840e-01
137 7.992440e-01 6.120000e-03 1.946360e-01
138 7.982840e-01 5.988000e-03 1.957280e-01
139 7.972160e-01 6.016000e-03 1.967680e-01
140 7.960680e-01 5.996000e-03 1.979360e-01
141 7.950200e-01 5.932000e-03 1.990480e-01
142 7.940400e-01 5.880000e-03 2.000800e-01
143 7.927760e-01 6.132000e-03 2.010920e-01
144 7.917680e-01 6.112000e-03 2.021200e-01
145 7.908120e-01 5.980000e-03 2.032080e-01
146 7.898200e-01 5.984000e-03 2.041960e-01
147 7.889120e-01 5.784000e-03 2.053040e-01
148 7.880200e-01 5.704000e-03 2.062760e-01
149 7.870040e-01 5.620000e-03 2.073760e-01
150 7.860000e-01 5.676000e-03 2.083240e-01
151 7.851440e-01 5.500000e-03 2.093560e-01
152 7.843000e-01 5.424000e-03 2.102760e-01
153 7.833240e-01 5.500000e-03 2.111760e-01
154 7.823400e-01 5.564000e-03 2.120960e-01
155 7.815040e-01 5.412000e-03 2.130840e-01
156 7.805760e-01 5.376000e-03 2.140480e-01
157 7.796000e-01 5.452000e-03 2.149480e-01
158 7.786120e-01 5.464000e-03 2.159240e-01
159 7.776400e-01 5.536000e-03 2.168240e-01
160 7.767440e-01 5.512000e-03 2.177440e-01
161 7.758440e-01 5.360000e-03 2.187960e-01
162 7.749000e-01 5.280000e-03 2.198200e-01
163 7.740000e-01 5.260000e-03 2.207400e-01
164 7.731640e-01 5.160000e-03 2.216760e-01
165 7.723800e-01 5.060000e-03 2.225600e-01
166 7.713200e-01 5.204000e-03 2.234760e-01
167 7.704680e-01 5.196000e-03 2.243360e-01
168 7.697280e-01 5.016000e-03 2.252560e-01
169 7.688240e-01 5.060000e-03 2.261160e-01
170 7.678920e-01 5.148000e-03 2.269600e-01
171 7.669760e-01 5.140000e-03 2.278840e-01
172 7.661040e-01 5.168000e-03 2.287280e-01
173 7.652360e-01 5.136000e-03 2.296280e-01
174 7.643520e-01 5.072000e-03 2.305760e-01
175 7.635440e-01 4.928000e-03 2.315280e-01
176 7.626960e-01 4.916000e-03 2.323880e-01
177 7.618720e-01 4.832000e-03 2.332960e-01
178 7.609520e-01 4.904000e-03 2.341440e-01
179 7.600880e-01 4.884000e-03 2.350280e-01
180 7.592040e-01 4.892000e-03 2.359040e-01
181 7.583720e-01 4.884000e-03 2.367440e-01
182 7.576800e-01 4.740000e-03 2.375800e-01
183 7.569000e-01 4.612000e-03 2.384880e-01
184 7.559560e-01 4.836000e-03 2.392080e-01
185 7.551200e-01 4.800000e-03 2.400800e-01
186 7.543080e-01 4.808000e-03 2.408840e-01
187 7.536440e-01 4.704000e-03 2.416520e-01
188 7.528640e-01 4.668000e-03 2.424680e-01
189 7.521480e-01 4.660000e-03 2.431920e-01
190 7.514520e-01 4.532000e-03 2.440160e-01
191 7.508560e-01 4.328000e-03 2.448160e-01
192 7.501680e-01 4.296000e-03 2.455360e-01
193 7.495280e-01 4.200000e-03 2.462720e-01
194 7.487880e-01 4.084000e-03 2.471280e-01
195 7.481040e-01 4.068000e-03 2.478280e-01
196 7.473720e-01 4.100000e-03 2.485280e-01
197 7.467240e-01 4.024000e-03 2.492520e-01
198 7.461160e-01 3.952000e-03 2.499320e-01
199 7.454480e-01 3.852000e-03 2.507000e-01
200 7.446640e-01 3.944000e-03 2.513920e-01
201 7.439560e-01 4.024000e-03 2.520200e-01
202 7.432200e-01 4.044000e-03 2.527360e-01
203 7.425000e-01 4.068000e-03 2.534320e-01
204 7.417680e-01 3.988000e-03 2.542440e-01
205 7.411400e-01 4.028000e-03 2.548320e-01
206 7.405520e-01 3.928000e-03 2.555200e-01
207 7.399200e-01 3.800000e-03 2.562800e-01
208 7.394000e-01 3.564000e-03 2.570360e-01
209 7.388480e-01 3.520000e-03 2.576320e-01
210 7.382640e-01 3.500000e-03 2.582360e-01
211 7.377200e-01 3.500000e-03 2.587800e-01
212 7.370880e-01 3.400000e-03 2.595120e-01
213 7.364720e-01 3.420000e-03 2.601080e-01
214 7.359280e-01 3.340000e-03 2.607320e-01
215 7.353440e-01 3.284000e-03 2.613720e-01
216 7.348040e-01 3.216000e-03 2.619800e-01
217 7.342640e-01 3.284000e-03 2.624520e-01
218 7.336240e-01 3.408000e-03 2.629680e-01
219 7.330040e-01 3.452000e-03 2.635440e-01
220 7.324480e-01 3.448000e-03 2.641040e-01
221 7.319360e-01 3.320000e-03 2.647440e-01
222 7.314520e-01 3.200000e-03 2.653480e-01
223 7.309480e-01 3.124000e-03 2.659280e-01
224 7.305520e-01 3.008000e-03 2.664400e-01
225 7.300480e-01 3.004000e-03 2.669480e-01
226 7.295360e-01 3.040000e-03 2.674240e-01
227 7.290400e-01 3.020000e-03 2.679400e-01
228 7.285560e-01 2.984000e-03 2.684600e-01
229 7.281160e-01 2.904000e-03 2.689800e-01
230 7.277120e-01 2.812000e-03 2.694760e-01
231 7.272560e-01 2.844000e-03 2.699000e-01
232 7.267920e-01 2.852000e-03 2.703560e-01
233 7.264040e-01 2.732000e-03 2.708640e-01
234 7.259400e-01 2.676000e-03 2.713840e-01
235 7.255000e-01 2.712000e-03 2.717880e-01
236 7.250840e-01 2.656000e-03 2.722600e-01
237 7.245560e-01 2.720000e-03 2.727240e-01
238 7.240840e-01 2.732000e-03 2.731840e-01
239 7.235760e-01 2.780000e-03 2.736440e-01
240 7.230640e-01 2.760000e-03 2.741760e-01
241 7.225400e-01 2.768000e-03 2.746920e-01
242 7.221760e-01 2.656000e-03 2.751680e-01
243 7.216960e-01 2.692000e-03 2.756120e-01
244 7.212600e-01 2.708000e-03 2.760320e-01
245 7.208000e-01 2.716000e-03 2.764840e-01
246 7.203560e-01 2.740000e-03 2.769040e-01
247 7.199000e-01 2.760000e-03 2.773400e-01
248 7.193360e-01 2.892000e-03 2.777720e-01
249 7.189080e-01 2.788000e-03 2.783040e-01
250 7.183560e-01 2.824000e-03 2.788200e-01
251 7.177440e-01 2.960000e-03 2.792960e-01
252 7.171880e-01 2.960000e-03 2.798520e-01
253 7.166240e-01 3.008000e-03 2.803680e-01
254 7.161400e-01 2.956000e-03 2.809040e-01
255 7.156440e-01 2.980000e-03 2.813760e-01
256 7.150440e-01 3.100000e-03 2.818560e-01
257 7.146080e-01 2.940000e-03 2.824520e-01
258 7.140760e-01 2.924000e-03 2.830000e-01
259 7.136120e-01 2.916000e-03 2.834720e-01
260 7.131680e-01 2.884000e-03 2.839480e-01
261 7.128200e-01 2.792000e-03 2.843880e-01
262 7.123960e-01 2.760000e-03 2.848440e-01
263 7.118920e-01 2.820000e-03 2.852880e-01
264 7.114680e-01 2.796000e-03 2.857360e-01
265 7.111120e-01 2.636000e-03 2.862520e-01
266 7.107440e-01 2.580000e-03 2.866760e-01
267 7.104200e-01 2.388000e-03 2.871920e-01
268 7.101080e-01 2.260000e-03 2.876320e-01
269 7.097520e-01 2.268000e-03 2.879800e-01
270 7.093320e-01 2.244000e-03 2.884240e-01
271 7.089680e-01 2.224000e-03 2.888080e-01
272 7.086000e-01 2.172000e-03 2.892280e-01
273 7.081760e-01 2.180000e-03 2.896440e-01
274 7.077560e-01 2.244000e-03 2.900000e-01
275 7.072120e-01 2.444000e-03 2.903440e-01
276 7.067640e-01 2.428000e-03 2.908080e-01
277 7.063160e-01 2.336000e-03 2.913480e-01
278 7.058800e-01 2.396000e-03 2.917240e-01
279 7.055320e-01 2.228000e-03 2.922400e-01
280 7.051800e-01 2.180000e-03 2.926400e-01
281 7.047640e-01 2.160000e-03 2.930760e-01
282 7.043880e-01 2.196000e-03 2.934160e-01
283 7.040360e-01 2.100000e-03 2.938640e-01
284 7.036720e-01 2.064000e-03 2.942640e-01
285 7.032960e-01 2.044000e-03 2.946600e-01
286 7.029600e-01 2.028000e-03 2.950120e-01
287 7.025360e-01 2.136000e-03 2.953280e-01
288 7.021520e-01 2.164000e-03 2.956840e-01
289 7.017560e-01 2.188000e-03 2.960560e-01
290 7.013200e-01 2.248000e-03 2.964320e-01
291 7.009360e-01 2.216000e-03 2.968480e-01
292 7.005920e-01 2.180000e-03 2.972280e-01
293 7.001920e-01 2.228000e-03 2.975800e-01
294 6.998320e-01 2.232000e-03 2.979360e-01
295 6.994160e-01 2.224000e-03 2.983600e-01
296 6.989800e-01 2.264000e-03 2.987560e-01
297 6.984600e-01 2.392000e-03 2.991480e-01
298 6.979360e-01 2.500000e-03 2.995640e-01
299 6.975320e-01 2.448000e-03 3.000200e-01
300 6.971040e-01 2.360000e-03 3.005360e-01
301 6.966800e-01 2.332000e-03 3.009880e-01
302 6.962360e-01 2.376000e-03 3.013880e-01
303 6.957080e-01 2.520000e-03 3.017720e-01
304 6.952160e-01 2.644000e-03 3.021400e-01
305 6.946680e-01 2.724000e-03 3.026080e-01
306 6.940160e-01 2.816000e-03 3.031680e-01
307 6.935080e-01 2.832000e-03 3.036600e-01
308 6.929960e-01 2.808000e-03 3.041960e-01
309 6.925680e-01 2.672000e-03 3.047600e-01
310 6.921560e-01 2.600000e-03 3.052440e-01
311 6.917240e-01 2.544000e-03 3.057320e-01
312 6.912800e-01 2.544000e-03 3.061760e-01
313 6.908640e-01 2.492000e-03 3.066440e-01
314 6.903840e-01 2.548000e-03 3.070680e-01
315 6.900160e-01 2.512000e-03 3.074720e-01
316 6.896280e-01 2.468000e-03 3.079040e-01
317 6.892640e-01 2.336000e-03 3.084000e-01
318 6.889160e-01 2.228000e-03 3.088560e-01
319 6.885680e-01 2.132000e-03 3.093000e-01
320 6.882440e-01 2.108000e-03 3.096480e-01
321 6.878920e-01 2.072000e-03 3.100360e-01
322 6.875720e-01 2.056000e-03 3.103720e-01
323 6.872560e-01 2.040000e-03 3.107040e-01
324 6.868840e-01 2.128000e-03 3.109880e-01
325 6.864560e-01 2.124000e-03 3.114200e-01
326 6.860400e-01 2.140000e-03 3.118200e-01
327 6.857000e-01 2.160000e-03 3.121400e-01
328 6.853040e-01 2.152000e-03 3.125440e-01
329 6.849440e-01 2.164000e-03 3.128920e-01
330 6.846240e-01 2.116000e-03 3.132600e-01
331 6.843760e-01 2.068000e-03 3.135560e-01
332 6.840560e-01 1.988000e-03 3.139560e-01
333 6.837520e-01 1.960000e-03 3.142880e-01
334 6.834720e-01 1.884000e-03 3.146440e-01
335 6.832120e-01 1.812000e-03 3.149760e-01
336 6.829440e-01 1.780000e-03 3.152760e-01
337 6.826520e-01 1.784000e-03 3.155640e-01
338 6.824200e-01 1.692000e-03 3.158880e-01
339 6.822120e-01 1.564000e-03 3.162240e-01
340 6.819800e-01 1.536000e-03 3.164840e-01
341 6.817320e-01 1.500000e-03 3.167680e-01
342 6.815120e-01 1.416000e-03 3.170720e-01
343 6.813080e-01 1.408000e-03 3.172840e-01
344 6.810560e-01 1.412000e-03 3.175320e-01
345 6.807760e-01 1.428000e-03 3.177960e-01
346 6.804440e-01 1.484000e-03 3.180720e-01
347 6.801800e-01 1.500000e-03 3.183200e-01
348 6.799640e-01 1.492000e-03 3.185440e-01
349 6.797720e-01 1.448000e-03 3.187800e-01
350 6.795640e-01 1.420000e-03 3.190160e-01
351 6.793040e-01 1.424000e-03 3.192720e-01
352 6.791040e-01 1.412000e-03 3.194840e-01
353 6.788800e-01 1.412000e-03 3.197080e-01
354 6.786040e-01 1.424000e-03 3.199720e-01
355 6.783800e-01 1.456000e-03 3.201640e-01
356 6.781840e-01 1.384000e-03 3.204320e-01
357 6.779680e-01 1.348000e-03 3.206840e-01
358 6.777400e-01 1.376000e-03 3.208840e-01
359 6.775040e-01 1.368000e-03 3.211280e-01
360 6.772880e-01 1.336000e-03 3.213760e-01
361 6.769840e-01 1.376000e-03 3.216400e-01
362 6.766920e-01 1.448000e-03 3.218600e-01
363 6.764400e-01 1.480000e-03 3.220800e-01
364 6.761800e-01 1.520000e-03 3.223000e-01
365 6.759320e-01 1.500000e-03 3.225680e-01
366 6.757040e-01 1.452000e-03 3.228440e-01
367 6.754560e-01 1.428000e-03 3.231160e-01
368 6.752560e-01 1.412000e-03 3.233320e-01
369 6.750280e-01 1.360000e-03 3.236120e-01
370 6.748200e-01 1.316000e-03 3.238640e-01
371 6.745600e-01 1.372000e-03 3.240680e-01
372 6.742720e-01 1.420000e-03 3.243080e-01
373 6.740240e-01 1.436000e-03 3.245400e-01
374 6.737800e-01 1.400000e-03 3.248200e-01
375 6.735400e-01 1.388000e-03 3.250720e-01
376 6.733600e-01 1.368000e-03 3.252720e-01
377 6.731960e-01 1.256000e-03 3.255480e-01
378 6.729760e-01 1.272000e-03 3.257520e-01
379 6.727840e-01 1.228000e-03 3.259880e-01
380 6.725760e-01 1.240000e-03 3.261840e-01
381 6.723760e-01 1.248000e-03 3.263760e-01
382 6.721640e-01 1.248000e-03 3.265880e-01
383 6.719280e-01 1.276000e-03 3.267960e-01
384 6.717400e-01 1.236000e-03 3.270240e-01
385 6.715400e-01 1.252000e-03 3.272080e-01
386 6.713880e-01 1.180000e-03 3.274320e-01
387 6.711960e-01 1.188000e-03 3.276160e-01
388 6.709600e-01 1.248000e-03 3.277920e-01
389 6.707960e-01 1.180000e-03 3.280240e-01
390 6.706480e-01 1.204000e-03 3.281480e-01
391 6.704000e-01 1.300000e-03 3.283000e-01
392 6.701960e-01 1.280000e-03 3.285240e-01
393 6.699560e-01 1.296000e-03 3.287480e-01
394 6.697320e-01 1.280000e-03 3.289880e-01
395 6.695480e-01 1.240000e-03 3.292120e-01
396 6.693280e-01 1.248000e-03 3.294240e-01
397 6.691480e-01 1.248000e-03 3.296040e-01
398 6.689240e-01 1.268000e-03 3.298080e-01
399 6.686760e-01 1.352000e-03 3.299720e-01
400 6.684560e-01 1.324000e-03 3.302200e-01
401 6.681840e-01 1.372000e-03 3.304440e-01
402 6.680160e-01 1.304000e-03 3.306800e-01
403 6.678400e-01 1.296000e-03 3.308640e-01
404 6.676640e-01 1.280000e-03 3.310560e-01
405 6.674600e-01 1.280000e-03 3.312600e-01
406 6.672840e-01 1.192000e-03 3.315240e-01
407 6.671040e-01 1.168000e-03 3.317280e-01
408 6.668960e-01 1.164000e-03 3.319400e-01
409 6.667960e-01 1.024000e-03 3.321800e-01
410 6.666280e-01 1.020000e-03 3.323520e-01
411 6.664720e-01 1.004000e-03 3.325240e-01
412 6.663200e-01 9.920000e-04 3.326880e-01
413 6.661760e-01 9.560000e-04 3.328680e-01
414 6.660440e-01 9.000000e-04 3.330560e-01
415 6.659200e-01 8.840000e-04 3.331960e-01
416 6.657360e-01 8.840000e-04 3.333800e-01
417 6.655360e-01 9.120000e-04 3.335520e-01
418 6.653640e-01 9.080000e-04 3.337280e-01
419 6.650960e-01 1.056000e-03 3.338480e-01
420 6.649040e-01 1.036000e-03 3.340600e-01
421 6.646960e-01 1.084000e-03 3.342200e-01
422 6.644960e-01 1.056000e-03 3.344480e-01
423 6.643000e-01 1.076000e-03 3.346240e-01
424 6.641360e-01 1.072000e-03 3.347920e-01
425 6.639800e-01 1.044000e-03 3.349760e-01
426 6.638280e-01 1.056000e-03 3.351160e-01
427 6.636680e-01 1.064000e-03 3.352680e-01
428 6.634920e-01 1.068000e-03 3.354400e-01
429 6.633400e-01 1.036000e-03 3.356240e-01
430 6.632080e-01 1.008000e-03 3.357840e-01
431 6.630280e-01 1.044000e-03 3.359280e-01
432 6.628720e-01 1.008000e-03 3.361200e-01
433 6.627120e-01 9.840000e-04 3.363040e-01
434 6.625600e-01 9.600000e-04 3.364800e-01
435 6.624320e-01 9.200000e-04 3.366480e-01
436 6.622600e-01 9.600000e-04 3.367800e-01
437 6.620600e-01 1.036000e-03 3.369040e-01
438 6.619000e-01 9.960000e-04 3.371040e-01
439 6.617680e-01 9.880000e-04 3.372440e-01
440 6.616040e-01 9.880000e-04 3.374080e-01
441 6.614400e-01 9.720000e-04 3.375880e-01
442 6.612840e-01 9.800000e-04 3.377360e-01
443 6.610960e-01 1.020000e-03 3.378840e-01
444 6.609200e-01 1.040000e-03 3.380400e-01
445 6.607560e-01 1.032000e-03 3.382120e-01
446 6.606000e-01 1.020000e-03 3.383800e-01
447 6.604320e-01 1.024000e-03 3.385440e-01
448 6.601840e-01 1.124000e-03 3.386920e-01
449 6.599960e-01 1.112000e-03 3.388920e-01
450 6.598640e-01 1.064000e-03 3.390720e-01
451 6.597360e-01 1.008000e-03 3.392560e-01
452 6.596320e-01 9.320000e-04 3.394360e-01
453 6.594960e-01 8.760000e-04 3.396280e-01
454 6.593720e-01 8.400000e-04 3.397880e-01
455 6.592480e-01 7.920000e-04 3.399600e-01
456 6.591520e-01 7.480000e-04 3.401000e-01
457 6.589800e-01 7.880000e-04 3.402320e-01
458 6.588000e-01 8.160000e-04 3.403840e-01
459 6.586080e-01 8.240000e-04 3.405680e-01
460 6.585040e-01 7.920000e-04 3.407040e-01
461 6.583520e-01 8.160000e-04 3.408320e-01
462 6.582080e-01 8.080000e-04 3.409840e-01
463 6.580000e-01 8.760000e-04 3.411240e-01
464 6.578440e-01 8.600000e-04 3.412960e-01
465 6.576880e-01 8.600000e-04 3.414520e-01
466 6.575200e-01 9.280000e-04 3.415520e-01
467 6.573200e-01 9.600000e-04 3.417200e-01
468 6.571200e-01 1.004000e-03 3.418760e-01
469 6.569360e-01 1.004000e-03 3.420600e-01
470 6.567040e-01 1.076000e-03 3.422200e-01
471 6.565360e-01 1.040000e-03 3.424240e-01
472 6.563880e-01 1.000000e-03 3.426120e-01
473 6.562360e-01 9.640000e-04 3.428000e-01
474 6.560960e-01 9.320000e-04 3.429720e-01
475 6.559280e-01 9.200000e-04 3.431520e-01
476 6.558080e-01 8.600000e-04 3.433320e-01
477 6.556880e-01 8.520000e-04 3.434600e-01
478 6.555480e-01 8.120000e-04 3.436400e-01
479 6.554400e-01 7.680000e-04 3.437920e-01
480 6.553320e-01 7.360000e-04 3.439320e-01
481 6.551960e-01 7.360000e-04 3.440680e-01
482 6.550800e-01 7.280000e-04 3.441920e-01
483 6.549680e-01 7.120000e-04 3.443200e-01
484 6.548320e-01 7.440000e-04 3.444240e-01
485 6.547080e-01 7.520000e-04 3.445400e-01
486 6.545560e-01 7.680000e-04 3.446760e-01
487 6.544200e-01 7.920000e-04 3.447880e-01
488 6.542720e-01 8.280000e-04 3.449000e-01
489 6.541200e-01 8.680000e-04 3.450120e-01
490 6.540160e-01 7.920000e-04 3.451920e-01
491 6.538960e-01 8.000000e-04 3.453040e-01
492 6.537440e-01 7.800000e-04 3.454760e-01
493 6.535880e-01 8.040000e-04 3.456080e-01
494 6.534720e-01 7.840000e-04 3.457440e-01
495 6.533680e-01 7.280000e-04 3.459040e-01
496 6.532800e-01 6.360000e-04 3.460840e-01
497 6.531280e-01 6.960000e-04 3.461760e-01
498 6.529720e-01 7.200000e-04 3.463080e-01
499 6.528160e-01 7.840000e-04 3.464000e-01
500 6.527080e-01 7.480000e-04 3.465440e-01
