1 9.991560e-01 7.440000e-04 1.000000e-04
2 9.986320e-01 1.092000e-03 2.760000e-04
3 9.980600e-01 1.432000e-03 5.080000e-04
4 9.974000e-01 1.848000e-03 7.520000e-04
5 9.965720e-01 2.340000e-03 1.088000e-03
6 9.957560e-01 2.720000e-03 1.524000e-03
7 9.947760e-01 3.196000e-03 2.028000e-03
8 9.938720e-01 3.440000e-03 2.688000e-03
9 9.928160e-01 3.816000e-03 3.368000e-03
10 9.917040e-01 4.352000e-03 3.944000e-03
11 9.906680e-01 4.588000e-03 4.744000e-03
12 9.896960e-01 4.732000e-03 5.572000e-03
13 9.886320e-01 4.988000e-03 6.380000e-03
14 9.875040e-01 5.300000e-03 7.196000e-03
15 9.863560e-01 5.576000e-03 8.068000e-03
16 9.851080e-01 5.804000e-03 9.088000e-03
17 9.837400e-01 6.152000e-03 1.010800e-02
18 9.824200e-01 6.392000e-03 1.118800e-02
19 9.810880e-01 6.380000e-03 1.253200e-02
20 9.796640e-01 6.724000e-03 1.361200e-02
21 9.783400e-01 6.780000e-03 1.488000e-02
22 9.769400e-01 7.064000e-03 1.599600e-02
23 9.755240e-01 7.244000e-03 1.723200e-02
24 9.741040e-01 7.272000e-03 1.862400e-02
25 9.727520e-01 7.328000e-03 1.992000e-02
26 9.712080e-01 7.560000e-03 2.123200e-02
27 9.698480e-01 7.608000e-03 2.254400e-02
28 9.684160e-01 7.752000e-03 2.383200e-02
29 9.668200e-01 7.980000e-03 2.520000e-02
30 9.654160e-01 7.932000e-03 2.665200e-02
31 9.640240e-01 7.948000e-03 2.802800e-02
32 9.625840e-01 7.980000e-03 2.943600e-02
33 9.613000e-01 7.916000e-03 3.078400e-02
34 9.597280e-01 8.024000e-03 3.224800e-02
35 9.584120e-01 7.852000e-03 3.373600e-02
36 9.570120e-01 7.836000e-03 3.515200e-02
37 9.556240e-01 7.892000e-03 3.648400e-02
38 9.540880e-01 8.140000e-03 3.777200e-02
39 9.525480e-01 8.168000e-03 3.928400e-02
40 9.510640e-01 8.292000e-03 4.064400e-02
41 9.496760e-01 8.300000e-03 4.202400e-02
42 9.481720e-01 8.224000e-03 4.360400e-02
43 9.466800e-01 8.108000e-03 4.521200e-02
44 9.451840e-01 8.176000e-03 4.664000e-02
45 9.438080e-01 8.244000e-03 4.794800e-02
46 9.423680e-01 8.308000e-03 4.932400e-02
47 9.408640e-01 8.316000e-03 5.082000e-02
48 9.394680e-01 8.216000e-03 5.231600e-02
49 9.380960e-01 8.124000e-03 5.378000e-02
50 9.366920e-01 8.028000e-03 5.528000e-02
51 9.353000e-01 7.888000e-03 5.681200e-02
52 9.338440e-01 7.856000e-03 5.830000e-02
53 9.324200e-01 7.864000e-03 5.971600e-02
54 9.309560e-01 7.968000e-03 6.107600e-02
55 9.294680e-01 8.044000e-03 6.248800e-02
56 9.279240e-01 8.204000e-03 6.387200e-02
57 9.264520e-01 8.292000e-03 6.525600e-02
58 9.249840e-01 8.384000e-03 6.663200e-02
59 9.234440e-01 8.492000e-03 6.806400e-02
60 9.218240e-01 8.516000e-03 6.966000e-02
61 9.203400e-01 8.412000e-03 7.124800e-02
62 9.190200e-01 8.368000e-03 7.261200e-02
63 9.176720e-01 8.224000e-03 7.410400e-02
64 9.163520e-01 8.144000e-03 7.550400e-02
65 9.149560e-01 8.092000e-03 7.695200e-02
66 9.135080e-01 8.052000e-03 7.844000e-02
67 9.120160e-01 8.084000e-03 7.990000e-02
68 9.108120e-01 7.952000e-03 8.123600e-02
69 9.094480e-01 7.860000e-03 8.269200e-02
70 9.080040e-01 7.912000e-03 8.408400e-02
71 9.066440e-01 7.800000e-03 8.555600e-02
72 9.052440e-01 7.792000e-03 8.696400e-02
73 9.037520e-01 7.928000e-03 8.832000e-02
74 9.022920e-01 7.992000e-03 8.971600e-02
75 9.007000e-01 8.168000e-03 9.113200e-02
76 8.991480e-01 8.264000e-03 9.258800e-02
77 8.976080e-01 8.224000e-03 9.416800e-02
78 8.961800e-01 8.232000e-03 9.558800e-02
79 8.948320e-01 8.248000e-03 9.692000e-02
80 8.933000e-01 8.304000e-03 9.839600e-02
81 8.919040e-01 8.196000e-03 9.990000e-02
82 8.903840e-01 8.284000e-03 1.013320e-01
83 8.889400e-01 8.200000e-03 1.028600e-01
84 8.873040e-01 8.388000e-03 1.043080e-01
85 8.858680e-01 8.392000e-03 1.057400e-01
86 8.843400e-01 8.484000e-03 1.071760e-01
87 8.828120e-01 8.564000e-03 1.086240e-01
88 8.813520e-01 8.532000e-03 1.101160e-01
89 8.799600e-01 8.552000e-03 1.114880e-01
90 8.785000e-01 8.412000e-03 1.130880e-01
91 8.770440e-01 8.424000e-03 1.145320e-01
92 8.756240e-01 8.448000e-03 1.159280e-01
93 8.742560e-01 8.400000e-03 1.173440e-01
94 8.727080e-01 8.356000e-03 1.189360e-01
95 8.712040e-01 8.324000e-03 1.204720e-01
96 8.697360e-01 8.276000e-03 1.219880e-01
97 8.683920e-01 8.052000e-03 1.235560e-01
98 8.671440e-01 7.996000e-03 1.248600e-01
99 8.660040e-01 7.708000e-03 1.262880e-01
100 8.646880e-01 7.768000e-03 1.275440e-01
101 8.634960e-01 7.592000e-03 1.289120e-01
102 8.622760e-01 7.472000e-03 1.302520e-01
103 8.609160e-01 7.368000e-03 1.317160e-01
104 8.595720e-01 7.444000e-03 1.329840e-01
105 8.583000e-01 7.500000e-03 1.342000e-01
106 8.569240e-01 7.504000e-03 1.355720e-01
107 8.556080e-01 7.424000e-03 1.369680e-01
108 8.542800e-01 7.540000e-03 1.381800e-01
109 8.530680e-01 7.424000e-03 1.395080e-01
110 8.517040e-01 7.432000e-03 1.408640e-01
111 8.504760e-01 7.312000e-03 1.422120e-01
112 8.492320e-01 7.228000e-03 1.435400e-01
113 8.480080e-01 7.212000e-03 1.447800e-01
114 8.468640e-01 7.132000e-03 1.460040e-01
115 8.458240e-01 6.896000e-03 1.472800e-01
116 8.448880e-01 6.564000e-03 1.485480e-01
117 8.438400e-01 6.388000e-03 1.497720e-01
118 8.427600e-01 6.416000e-03 1.508240e-01
119 8.416680e-01 6.368000e-03 1.519640e-01
120 8.405520e-01 6.428000e-03 1.530200e-01
121 8.395800e-01 6.380000e-03 1.540400e-01
122 8.384880e-01 6.356000e-03 1.551560e-01
123 8.372600e-01 6.420000e-03 1.563200e-01
124 8.360840e-01 6.476000e-03 1.574400e-01
125 8.349440e-01 6.380000e-03 1.586760e-01
126 8.338120e-01 6.452000e-03 1.597360e-01
127 8.325480e-01 6.532000e-03 1.609200e-01
128 8.314880e-01 6.408000e-03 1.621040e-01
129 8.303520e-01 6.480000e-03 1.631680e-01
130 8.292280e-01 6.560000e-03 1.642120e-01
131 8.280120e-01 6.700000e-03 1.652880e-01
132 8.270040e-01 6.652000e-03 1.663440e-01
133 8.260760e-01 6.464000e-03 1.674600e-01
134 8.251400e-01 6.348000e-03 1.685120e-01
135 8.240680e-01 6.328000e-03 1.696040e-01
136 8.229680e-01 6.368000e-03 1.706640e-01
137 8.217640e-01 6.432000e-03 1.718040e-01
138 8.206560e-01 6.460000e-03 1.728840e-01
139 8.196440e-01 6.296000e-03 1.740600e-01
140 8.185520e-01 6.192000e-03 1.752560e-01
141 8.175120e-01 6.084000e-03 1.764040e-01
142 8.165560e-01 5.904000e-03 1.775400e-01
143 8.156320e-01 5.852000e-03 1.785160e-01
144 8.146640e-01 5.808000e-03 1.795280e-01
145 8.137240e-01 5.808000e-03 1.804680e-01
146 8.128000e-01 5.744000e-03 1.814560e-01
147 8.118680e-01 5.664000e-03 1.824680e-01
148 8.109200e-01 5.628000e-03 1.834520e-01
149 8.100040e-01 5.544000e-03 1.844520e-01
150 8.090000e-01 5.568000e-03 1.854320e-01
151 8.079880e-01 5.652000e-03 1.863600e-01
152 8.070520e-01 5.636000e-03 1.873120e-01
153 8.060280e-01 5.728000e-03 1.882440e-01
154 8.050680e-01 5.700000e-03 1.892320e-01
155 8.041480e-01 5.572000e-03 1.902800e-01
156 8.031480e-01 5.708000e-03 1.911440e-01
157 8.020920e-01 5.764000e-03 1.921440e-01
158 8.011320e-01 5.684000e-03 1.931840e-01
159 8.000720e-01 5.864000e-03 1.940640e-01
160 7.992640e-01 5.584000e-03 1.951520e-01
161 7.983240e-01 5.532000e-03 1.961440e-01
162 7.974000e-01 5.552000e-03 1.970480e-01
163 7.963800e-01 5.684000e-03 1.979360e-01
164 7.954560e-01 5.684000e-03 1.988600e-01
165 7.945560e-01 5.684000e-03 1.997600e-01
166 7.936520e-01 5.644000e-03 2.007040e-01
167 7.926360e-01 5.636000e-03 2.017280e-01
168 7.918040e-01 5.492000e-03 2.027040e-01
169 7.908640e-01 5.432000e-03 2.037040e-01
170 7.899480e-01 5.472000e-03 2.045800e-01
171 7.891000e-01 5.396000e-03 2.055040e-01
172 7.881800e-01 5.340000e-03 2.064800e-01
173 7.873240e-01 5.328000e-03 2.073480e-01
174 7.864600e-01 5.332000e-03 2.082080e-01
175 7.855840e-01 5.248000e-03 2.091680e-01
176 7.848480e-01 5.012000e-03 2.101400e-01
177 7.841320e-01 4.940000e-03 2.109280e-01
178 7.832600e-01 4.948000e-03 2.117920e-01
179 7.824360e-01 4.976000e-03 2.125880e-01
180 7.815440e-01 5.028000e-03 2.134280e-01
181 7.807840e-01 4.916000e-03 2.143000e-01
182 7.799640e-01 4.904000e-03 2.151320e-01
183 7.792320e-01 4.840000e-03 2.159280e-01
184 7.785280e-01 4.624000e-03 2.168480e-01
185 7.777920e-01 4.548000e-03 2.176600e-01
186 7.771200e-01 4.436000e-03 2.184440e-01
187 7.764600e-01 4.328000e-03 2.192120e-01
188 7.756440e-01 4.436000e-03 2.199200e-01
189 7.748960e-01 4.452000e-03 2.206520e-01
190 7.741600e-01 4.412000e-03 2.214280e-01
191 7.734120e-01 4.420000e-03 2.221680e-01
192 7.726600e-01 4.308000e-03 2.230320e-01
193 7.720160e-01 4.184000e-03 2.238000e-01
194 7.713800e-01 4.108000e-03 2.245120e-01
195 7.707640e-01 3.972000e-03 2.252640e-01
196 7.700680e-01 4.120000e-03 2.258120e-01
197 7.694440e-01 4.084000e-03 2.264720e-01
198 7.686720e-01 4.144000e-03 2.271840e-01
199 7.680240e-01 4.044000e-03 2.279320e-01
200 7.673040e-01 4.084000e-03 2.286120e-01
201 7.666240e-01 4.120000e-03 2.292560e-01
202 7.659120e-01 4.204000e-03 2.298840e-01
203 7.651520e-01 4.200000e-03 2.306480e-01
204 7.643280e-01 4.316000e-03 2.313560e-01
205 7.635640e-01 4.264000e-03 2.321720e-01
206 7.627640e-01 4.348000e-03 2.328880e-01
207 7.618880e-01 4.496000e-03 2.336160e-01
208 7.610280e-01 4.588000e-03 2.343840e-01
209 7.603480e-01 4.408000e-03 2.352440e-01
210 7.595400e-01 4.412000e-03 2.360480e-01
211 7.587360e-01 4.404000e-03 2.368600e-01
212 7.580080e-01 4.304000e-03 2.376880e-01
213 7.573720e-01 4.228000e-03 2.384000e-01
214 7.567160e-01 4.156000e-03 2.391280e-01
215 7.560240e-01 4.144000e-03 2.398320e-01
216 7.554240e-01 3.960000e-03 2.406160e-01
217 7.547640e-01 3.988000e-03 2.412480e-01
218 7.540640e-01 3.988000e-03 2.419480e-01
219 7.533920e-01 3.972000e-03 2.426360e-01
220 7.526880e-01 4.024000e-03 2.432880e-01
221 7.520080e-01 4.024000e-03 2.439680e-01
222 7.512280e-01 4.128000e-03 2.446440e-01
223 7.505760e-01 4.064000e-03 2.453600e-01
224 7.499600e-01 3.924000e-03 2.461160e-01
225 7.492680e-01 3.908000e-03 2.468240e-01
226 7.486360e-01 3.964000e-03 2.474000e-01
227 7.480400e-01 3.816000e-03 2.481440e-01
228 7.474600e-01 3.724000e-03 2.488160e-01
229 7.469160e-01 3.632000e-03 2.494520e-01
230 7.463120e-01 3.564000e-03 2.501240e-01
231 7.457280e-01 3.492000e-03 2.507800e-01
232 7.451320e-01 3.456000e-03 2.514120e-01
233 7.446120e-01 3.388000e-03 2.520000e-01
234 7.439760e-01 3.384000e-03 2.526400e-01
235 7.433440e-01 3.316000e-03 2.533400e-01
236 7.427960e-01 3.248000e-03 2.539560e-01
237 7.422160e-01 3.212000e-03 2.545720e-01
238 7.416200e-01 3.268000e-03 2.551120e-01
239 7.410520e-01 3.364000e-03 2.555840e-01
240 7.403800e-01 3.444000e-03 2.561760e-01
241 7.396440e-01 3.656000e-03 2.567000e-01
242 7.389880e-01 3.608000e-03 2.574040e-01
243 7.382960e-01 3.736000e-03 2.579680e-01
244 7.375640e-01 3.788000e-03 2.586480e-01
245 7.368840e-01 3.808000e-03 2.593080e-01
246 7.362000e-01 3.788000e-03 2.600120e-01
247 7.354880e-01 3.880000e-03 2.606320e-01
248 7.348240e-01 3.908000e-03 2.612680e-01
249 7.342400e-01 3.724000e-03 2.620360e-01
250 7.335720e-01 3.760000e-03 2.626680e-01
251 7.329640e-01 3.648000e-03 2.633880e-01
252 7.324000e-01 3.628000e-03 2.639720e-01
253 7.318000e-01 3.564000e-03 2.646360e-01
254 7.312080e-01 3.516000e-03 2.652760e-01
255 7.306120e-01 3.520000e-03 2.658680e-01
256 7.300360e-01 3.500000e-03 2.664640e-01
257 7.294720e-01 3.444000e-03 2.670840e-01
258 7.288920e-01 3.420000e-03 2.676880e-01
259 7.282400e-01 3.448000e-03 2.683120e-01
260 7.277440e-01 3.360000e-03 2.688960e-01
261 7.271600e-01 3.392000e-03 2.694480e-01
262 7.266000e-01 3.344000e-03 2.700560e-01
263 7.260480e-01 3.272000e-03 2.706800e-01
264 7.254880e-01 3.240000e-03 2.712720e-01
265 7.248200e-01 3.360000e-03 2.718200e-01
266 7.242040e-01 3.412000e-03 2.723840e-01
267 7.236440e-01 3.332000e-03 2.730240e-01
268 7.231320e-01 3.280000e-03 2.735880e-01
269 7.226400e-01 3.244000e-03 2.741160e-01
270 7.221040e-01 3.168000e-03 2.747280e-01
271 7.216120e-01 3.172000e-03 2.752160e-01
272 7.209920e-01 3.156000e-03 2.758520e-01
273 7.204480e-01 3.164000e-03 2.763880e-01
274 7.200480e-01 2.956000e-03 2.769960e-01
275 7.196080e-01 2.884000e-03 2.775080e-01
276 7.191520e-01 2.764000e-03 2.780840e-01
277 7.187680e-01 2.680000e-03 2.785520e-01
278 7.182560e-01 2.704000e-03 2.790400e-01
279 7.177400e-01 2.804000e-03 2.794560e-01
280 7.173440e-01 2.824000e-03 2.798320e-01
281 7.169120e-01 2.744000e-03 2.803440e-01
282 7.164600e-01 2.768000e-03 2.807720e-01
283 7.160600e-01 2.728000e-03 2.812120e-01
284 7.156720e-01 2.688000e-03 2.816400e-01
285 7.152480e-01 2.656000e-03 2.820960e-01
286 7.147760e-01 2.688000e-03 2.825360e-01
287 7.143840e-01 2.644000e-03 2.829720e-01
288 7.139040e-01 2.604000e-03 2.834920e-01
289 7.134520e-01 2.640000e-03 2.839080e-01
290 7.130440e-01 2.608000e-03 2.843480e-01
291 7.126200e-01 2.628000e-03 2.847520e-01
292 7.121760e-01 2.652000e-03 2.851720e-01
293 7.117880e-01 2.568000e-03 2.856440e-01
294 7.113680e-01 2.516000e-03 2.861160e-01
295 7.110040e-01 2.436000e-03 2.865600e-01
296 7.105600e-01 2.484000e-03 2.869560e-01
297 7.101320e-01 2.544000e-03 2.873240e-01
298 7.096800e-01 2.576000e-03 2.877440e-01
299 7.092760e-01 2.576000e-03 2.881480e-01
300 7.087760e-01 2.624000e-03 2.886000e-01
301 7.083320e-01 2.692000e-03 2.889760e-01
302 7.079680e-01 2.568000e-03 2.894640e-01
303 7.075160e-01 2.584000e-03 2.899000e-01
304 7.071280e-01 2.536000e-03 2.903360e-01
305 7.066480e-01 2.524000e-03 2.908280e-01
306 7.062520e-01 2.492000e-03 2.912560e-01
307 7.059240e-01 2.384000e-03 2.916920e-01
308 7.055480e-01 2.292000e-03 2.921600e-01
309 7.051400e-01 2.280000e-03 2.925800e-01
310 7.047720e-01 2.248000e-03 2.929800e-01
311 7.044480e-01 2.204000e-03 2.933480e-01
312 7.041760e-01 2.120000e-03 2.937040e-01
313 7.038440e-01 2.096000e-03 2.940600e-01
314 7.035880e-01 1.972000e-03 2.944400e-01
315 7.033080e-01 1.940000e-03 2.947520e-01
316 7.030280e-01 1.896000e-03 2.950760e-01
317 7.027240e-01 1.920000e-03 2.953560e-01
318 7.024320e-01 1.844000e-03 2.957240e-01
319 7.021760e-01 1.840000e-03 2.959840e-01
320 7.019400e-01 1.740000e-03 2.963200e-01
321 7.016960e-01 1.664000e-03 2.966400e-01
322 7.014280e-01 1.696000e-03 2.968760e-01
323 7.011520e-01 1.704000e-03 2.971440e-01
324 7.008080e-01 1.736000e-03 2.974560e-01
325 7.006000e-01 1.660000e-03 2.977400e-01
326 7.003840e-01 1.580000e-03 2.980360e-01
327 7.001000e-01 1.572000e-03 2.983280e-01
328 6.998520e-01 1.592000e-03 2.985560e-01
329 6.996680e-01 1.492000e-03 2.988400e-01
330 6.994360e-01 1.476000e-03 2.990880e-01
331 6.992240e-01 1.528000e-03 2.992480e-01
332 6.989400e-01 1.608000e-03 2.994520e-01
333 6.987040e-01 1.552000e-03 2.997440e-01
334 6.984440e-01 1.524000e-03 3.000320e-01
335 6.982240e-01 1.456000e-03 3.003200e-01
336 6.979560e-01 1.448000e-03 3.005960e-01
337 6.977520e-01 1.412000e-03 3.008360e-01
338 6.975360e-01 1.384000e-03 3.010800e-01
339 6.973160e-01 1.348000e-03 3.013360e-01
340 6.971040e-01 1.344000e-03 3.015520e-01
341 6.968600e-01 1.320000e-03 3.018200e-01
342 6.966920e-01 1.220000e-03 3.020880e-01
343 6.964960e-01 1.180000e-03 3.023240e-01
344 6.963200e-01 1.148000e-03 3.025320e-01
345 6.960920e-01 1.212000e-03 3.026960e-01
346 6.958760e-01 1.220000e-03 3.029040e-01
347 6.956840e-01 1.216000e-03 3.031000e-01
348 6.955000e-01 1.204000e-03 3.032960e-01
349 6.953120e-01 1.220000e-03 3.034680e-01
350 6.951200e-01 1.172000e-03 3.037080e-01
351 6.949240e-01 1.152000e-03 3.039240e-01
352 6.947720e-01 1.080000e-03 3.041480e-01
353 6.946320e-01 1.056000e-03 3.043120e-01
354 6.944240e-01 1.076000e-03 3.045000e-01
355 6.943040e-01 9.880000e-04 3.047080e-01
356 6.940920e-01 1.028000e-03 3.048800e-01
357 6.938960e-01 1.032000e-03 3.050720e-01
358 6.937120e-01 1.008000e-03 3.052800e-01
359 6.935800e-01 9.280000e-04 3.054920e-01
360 6.934160e-01 9.560000e-04 3.056280e-01
361 6.932880e-01 9.000000e-04 3.058120e-01
362 6.931240e-01 9.280000e-04 3.059480e-01
363 6.929720e-01 9.320000e-04 3.060960e-01
364 6.927600e-01 9.880000e-04 3.062520e-01
365 6.925480e-01 1.040000e-03 3.064120e-01
366 6.923480e-01 1.044000e-03 3.066080e-01
367 6.921840e-01 1.040000e-03 3.067760e-01
368 6.920280e-01 9.960000e-04 3.069760e-01
369 6.918800e-01 9.400000e-04 3.071800e-01
370 6.917240e-01 9.160000e-04 3.073600e-01
371 6.915760e-01 9.240000e-04 3.075000e-01
372 6.914240e-01 9.560000e-04 3.076200e-01
373 6.912800e-01 9.440000e-04 3.077760e-01
374 6.911640e-01 8.760000e-04 3.079600e-01
375 6.910360e-01 8.320000e-04 3.081320e-01
376 6.909000e-01 7.920000e-04 3.083080e-01
377 6.907480e-01 8.400000e-04 3.084120e-01
378 6.905840e-01 8.600000e-04 3.085560e-01
379 6.904560e-01 8.400000e-04 3.087040e-01
380 6.903320e-01 8.400000e-04 3.088280e-01
381 6.902000e-01 8.400000e-04 3.089600e-01
382 6.900440e-01 8.240000e-04 3.091320e-01
383 6.898760e-01 8.200000e-04 3.093040e-01
384 6.897240e-01 7.960000e-04 3.094800e-01
385 6.895880e-01 7.560000e-04 3.096560e-01
386 6.894560e-01 7.520000e-04 3.097920e-01
387 6.893040e-01 7.840000e-04 3.099120e-01
388 6.891640e-01 7.520000e-04 3.100840e-01
389 6.890600e-01 6.840000e-04 3.102560e-01
390 6.889080e-01 7.360000e-04 3.103560e-01
391 6.887000e-01 8.360000e-04 3.104640e-01
392 6.885280e-01 8.720000e-04 3.106000e-01
393 6.883920e-01 8.640000e-04 3.107440e-01
394 6.882640e-01 8.400000e-04 3.108960e-01
395 6.880720e-01 8.720000e-04 3.110560e-01
396 6.879440e-01 8.440000e-04 3.112120e-01
397 6.878320e-01 8.040000e-04 3.113640e-01
398 6.877120e-01 7.680000e-04 3.115200e-01
399 6.876440e-01 7.200000e-04 3.116360e-01
400 6.875600e-01 6.960000e-04 3.117440e-01
401 6.874320e-01 7.160000e-04 3.118520e-01
402 6.873320e-01 7.000000e-04 3.119680e-01
403 6.872360e-01 6.800000e-04 3.120840e-01
404 6.871240e-01 6.240000e-04 3.122520e-01
405 6.870000e-01 6.040000e-04 3.123960e-01
406 6.869000e-01 6.240000e-04 3.124760e-01
407 6.867760e-01 6.560000e-04 3.125680e-01
408 6.867000e-01 6.360000e-04 3.126640e-01
409 6.865760e-01 6.960000e-04 3.127280e-01
410 6.865000e-01 6.640000e-04 3.128360e-01
411 6.864000e-01 6.560000e-04 3.129440e-01
412 6.862760e-01 6.800000e-04 3.130440e-01
413 6.861480e-01 7.040000e-04 3.131480e-01
414 6.860600e-01 6.520000e-04 3.132880e-01
415 6.859560e-01 6.280000e-04 3.134160e-01
416 6.858640e-01 6.040000e-04 3.135320e-01
417 6.857760e-01 5.960000e-04 3.136280e-01
418 6.857280e-01 5.440000e-04 3.137280e-01
419 6.856840e-01 4.960000e-04 3.138200e-01
420 6.855880e-01 4.880000e-04 3.139240e-01
421 6.855360e-01 4.480000e-04 3.140160e-01
422 6.854640e-01 4.440000e-04 3.140920e-01
423 6.854120e-01 4.040000e-04 3.141840e-01
424 6.853480e-01 4.040000e-04 3.142480e-01
425 6.852800e-01 4.160000e-04 3.143040e-01
426 6.852160e-01 3.920000e-04 3.143920e-01
427 6.851360e-01 4.040000e-04 3.144600e-01
428 6.850640e-01 4.040000e-04 3.145320e-01
429 6.849760e-01 4.400000e-04 3.145840e-01
430 6.849000e-01 4.320000e-04 3.146680e-01
431 6.848320e-01 4.120000e-04 3.147560e-01
432 6.847320e-01 4.600000e-04 3.148080e-01
433 6.846720e-01 4.600000e-04 3.148680e-01
434 6.846040e-01 4.600000e-04 3.149360e-01
435 6.845280e-01 4.520000e-04 3.150200e-01
436 6.844800e-01 4.440000e-04 3.150760e-01
437 6.844160e-01 4.120000e-04 3.151720e-01
438 6.843600e-01 3.920000e-04 3.152480e-01
439 6.842760e-01 4.280000e-04 3.152960e-01
440 6.841600e-01 4.440000e-04 3.153960e-01
441 6.841160e-01 4.440000e-04 3.154400e-01
442 6.840560e-01 4.240000e-04 3.155200e-01
443 6.839960e-01 4.040000e-04 3.156000e-01
444 6.839440e-01 3.920000e-04 3.156640e-01
445 6.838920e-01 3.680000e-04 3.157400e-01
446 6.838560e-01 3.360000e-04 3.158080e-01
447 6.838120e-01 3.160000e-04 3.158720e-01
448 6.837680e-01 3.080000e-04 3.159240e-01
449 6.837360e-01 2.920000e-04 3.159720e-01
450 6.836800e-01 2.880000e-04 3.160320e-01
451 6.836400e-01 2.840000e-04 3.160760e-01
452 6.835800e-01 3.040000e-04 3.161160e-01
453 6.834920e-01 3.440000e-04 3.161640e-01
454 6.834280e-01 3.400000e-04 3.162320e-01
455 6.833880e-01 3.120000e-04 3.163000e-01
456 6.833200e-01 3.200000e-04 3.163600e-01
457 6.832400e-01 3.480000e-04 3.164120e-01
458 6.831640e-01 3.640000e-04 3.164720e-01
459 6.831160e-01 3.640000e-04 3.165200e-01
460 6.830280e-01 4.040000e-04 3.165680e-01
461 6.829400e-01 4.120000e-04 3.166480e-01
462 6.828440e-01 4.560000e-04 3.167000e-01
463 6.827360e-01 4.840000e-04 3.167800e-01
464 6.826720e-01 4.360000e-04 3.168920e-01
465 6.825920e-01 4.560000e-04 3.169520e-01
466 6.825040e-01 4.880000e-04 3.170080e-01
467 6.824320e-01 4.680000e-04 3.171000e-01
468 6.823360e-01 4.840000e-04 3.171800e-01
469 6.822200e-01 4.720000e-04 3.173080e-01
470 6.821360e-01 4.760000e-04 3.173880e-01
471 6.820480e-01 4.680000e-04 3.174840e-01
472 6.819600e-01 4.600000e-04 3.175800e-01
473 6.819040e-01 4.480000e-04 3.176480e-01
474 6.818320e-01 4.560000e-04 3.177120e-01
475 6.817480e-01 4.480000e-04 3.178040e-01
476 6.816880e-01 4.520000e-04 3.178600e-01
477 6.816560e-01 4.120000e-04 3.179320e-01
478 6.816120e-01 4.040000e-04 3.179840e-01
479 6.815440e-01 3.840000e-04 3.180720e-01
480 6.814920e-01 3.960000e-04 3.181120e-01
481 6.814600e-01 3.680000e-04 3.181720e-01
482 6.814080e-01 3.720000e-04 3.182200e-01
483 6.813440e-01 3.720000e-04 3.182840e-01
484 6.813120e-01 3.360000e-04 3.183520e-01
485 6.812720e-01 3.320000e-04 3.183960e-01
486 6.812240e-01 3.200000e-04 3.184560e-01
487 6.811840e-01 3.040000e-04 3.185120e-01
488 6.811480e-01 3.120000e-04 3.185400e-01
489 6.811040e-01 3.080000e-04 3.185880e-01
490 6.810680e-01 2.800000e-04 3.186520e-01
491 6.810320e-01 2.720000e-04 3.186960e-01
492 6.810080e-01 2.520000e-04 3.187400e-01
493 6.809720e-01 2.400000e-04 3.187880e-01
494 6.809400e-01 2.520000e-04 3.188080e-01
495 6.808920e-01 2.480000e-04 3.188600e-01
496 6.808520e-01 2.480000e-04 3.189000e-01
497 6.808080e-01 2.520000e-04 3.189400e-01
498 6.807600e-01 2.480000e-04 3.189920e-01
499 6.807320e-01 2.320000e-04 3.190360e-01
500 6.806640e-01 2.600000e-04 3.190760e-01
