1 9.991880e-01 7.080000e-04 1.040000e-04
2 9.985680e-01 1.184000e-03 2.480000e-04
3 9.979080e-01 1.552000e-03 5.400000e-04
4 9.972320e-01 1.872000e-03 8.960000e-04
5 9.965000e-01 2.204000e-03 1.296000e-03
6 9.956240e-01 2.704000e-03 1.672000e-03
7 9.947080e-01 3.068000e-03 2.224000e-03
8 9.937480e-01 3.464000e-03 2.788000e-03
9 9.927280e-01 3.796000e-03 3.476000e-03
10 9.916920e-01 4.176000e-03 4.132000e-03
11 9.907120e-01 4.400000e-03 4.888000e-03
12 9.895800e-01 4.684000e-03 5.736000e-03
13 9.883200e-01 5.124000e-03 6.556000e-03
14 9.870560e-01 5.376000e-03 7.568000e-03
15 9.858000e-01 5.720000e-03 8.480000e-03
16 9.844600e-01 6.036000e-03 9.504000e-03
17 9.831640e-01 6.284000e-03 1.055200e-02
18 9.819160e-01 6.428000e-03 1.165600e-02
19 9.805320e-01 6.604000e-03 1.286400e-02
20 9.793280e-01 6.696000e-03 1.397600e-02
21 9.778360e-01 7.020000e-03 1.514400e-02
22 9.765280e-01 7.124000e-03 1.634800e-02
23 9.751760e-01 7.236000e-03 1.758800e-02
24 9.740640e-01 7.080000e-03 1.885600e-02
25 9.726000e-01 7.240000e-03 2.016000e-02
26 9.711760e-01 7.316000e-03 2.150800e-02
27 9.697880e-01 7.376000e-03 2.283600e-02
28 9.683800e-01 7.496000e-03 2.412400e-02
29 9.671360e-01 7.396000e-03 2.546800e-02
30 9.657040e-01 7.476000e-03 2.682000e-02
31 9.641760e-01 7.752000e-03 2.807200e-02
32 9.626120e-01 7.992000e-03 2.939600e-02
33 9.610800e-01 7.996000e-03 3.092400e-02
34 9.595120e-01 8.140000e-03 3.234800e-02
35 9.579200e-01 8.264000e-03 3.381600e-02
36 9.564000e-01 8.284000e-03 3.531600e-02
37 9.547760e-01 8.504000e-03 3.672000e-02
38 9.532320e-01 8.472000e-03 3.829600e-02
39 9.514960e-01 8.684000e-03 3.982000e-02
40 9.498080e-01 8.772000e-03 4.142000e-02
41 9.480720e-01 8.896000e-03 4.303200e-02
42 9.463840e-01 8.940000e-03 4.467600e-02
43 9.446880e-01 9.020000e-03 4.629200e-02
44 9.430680e-01 8.996000e-03 4.793600e-02
45 9.413600e-01 9.076000e-03 4.956400e-02
46 9.395760e-01 9.220000e-03 5.120400e-02
47 9.377920e-01 9.428000e-03 5.278000e-02
48 9.360160e-01 9.516000e-03 5.446800e-02
49 9.343200e-01 9.612000e-03 5.606800e-02
50 9.327520e-01 9.384000e-03 5.786400e-02
51 9.310720e-01 9.304000e-03 5.962400e-02
52 9.293600e-01 9.380000e-03 6.126000e-02
53 9.275120e-01 9.628000e-03 6.286000e-02
54 9.256880e-01 9.748000e-03 6.456400e-02
55 9.239560e-01 9.696000e-03 6.634800e-02
56 9.223080e-01 9.580000e-03 6.811200e-02
57 9.204520e-01 9.716000e-03 6.983200e-02
58 9.187440e-01 9.700000e-03 7.155600e-02
59 9.168560e-01 1.000800e-02 7.313600e-02
60 9.150320e-01 9.876000e-03 7.509200e-02
61 9.132560e-01 1.014400e-02 7.660000e-02
62 9.113600e-01 1.011200e-02 7.852800e-02
63 9.094840e-01 1.015200e-02 8.036400e-02
64 9.077320e-01 1.022400e-02 8.204400e-02
65 9.059640e-01 1.018800e-02 8.384800e-02
66 9.043200e-01 1.008000e-02 8.560000e-02
67 9.025640e-01 9.992000e-03 8.744400e-02
68 9.007640e-01 9.976000e-03 8.926000e-02
69 8.991000e-01 1.000800e-02 9.089200e-02
70 8.975360e-01 9.936000e-03 9.252800e-02
71 8.960000e-01 9.832000e-03 9.416800e-02
72 8.943440e-01 9.744000e-03 9.591200e-02
73 8.926800e-01 9.740000e-03 9.758000e-02
74 8.912000e-01 9.412000e-03 9.938800e-02
75 8.895960e-01 9.340000e-03 1.010640e-01
76 8.877960e-01 9.412000e-03 1.027920e-01
77 8.861720e-01 9.472000e-03 1.043560e-01
78 8.847240e-01 9.192000e-03 1.060840e-01
79 8.829960e-01 9.444000e-03 1.075600e-01
80 8.812960e-01 9.664000e-03 1.090400e-01
81 8.796600e-01 9.556000e-03 1.107840e-01
82 8.782040e-01 9.296000e-03 1.125000e-01
83 8.765880e-01 9.344000e-03 1.140680e-01
84 8.749080e-01 9.256000e-03 1.158360e-01
85 8.733120e-01 9.284000e-03 1.174040e-01
86 8.716120e-01 9.392000e-03 1.189960e-01
87 8.698760e-01 9.464000e-03 1.206600e-01
88 8.682640e-01 9.492000e-03 1.222440e-01
89 8.666960e-01 9.368000e-03 1.239360e-01
90 8.649520e-01 9.464000e-03 1.255840e-01
91 8.633440e-01 9.412000e-03 1.272440e-01
92 8.617200e-01 9.444000e-03 1.288360e-01
93 8.602080e-01 9.384000e-03 1.304080e-01
94 8.587880e-01 9.156000e-03 1.320560e-01
95 8.574760e-01 8.908000e-03 1.336160e-01
96 8.560680e-01 8.748000e-03 1.351840e-01
97 8.545280e-01 8.652000e-03 1.368200e-01
98 8.530440e-01 8.608000e-03 1.383480e-01
99 8.515160e-01 8.616000e-03 1.398680e-01
100 8.499560e-01 8.780000e-03 1.412640e-01
101 8.485280e-01 8.688000e-03 1.427840e-01
102 8.471240e-01 8.600000e-03 1.442760e-01
103 8.456080e-01 8.664000e-03 1.457280e-01
104 8.442360e-01 8.704000e-03 1.470600e-01
105 8.427720e-01 8.692000e-03 1.485360e-01
106 8.413120e-01 8.676000e-03 1.500120e-01
107 8.397960e-01 8.732000e-03 1.514720e-01
108 8.382960e-01 8.636000e-03 1.530680e-01
109 8.367240e-01 8.660000e-03 1.546160e-01
110 8.352000e-01 8.768000e-03 1.560320e-01
111 8.336760e-01 8.716000e-03 1.576080e-01
112 8.321000e-01 8.760000e-03 1.591400e-01
113 8.307160e-01 8.608000e-03 1.606760e-01
114 8.290920e-01 8.724000e-03 1.621840e-01
115 8.275920e-01 8.656000e-03 1.637520e-01
116 8.262080e-01 8.532000e-03 1.652600e-01
117 8.247000e-01 8.552000e-03 1.667480e-01
118 8.231120e-01 8.628000e-03 1.682600e-01
119 8.216000e-01 8.660000e-03 1.697400e-01
120 8.200920e-01 8.676000e-03 1.712320e-01
121 8.187160e-01 8.524000e-03 1.727600e-01
122 8.173320e-01 8.464000e-03 1.742040e-01
123 8.158840e-01 8.516000e-03 1.756000e-01
124 8.145000e-01 8.364000e-03 1.771360e-01
125 8.131000e-01 8.404000e-03 1.784960e-01
126 8.117800e-01 8.220000e-03 1.800000e-01
127 8.105160e-01 8.004000e-03 1.814800e-01
128 8.093880e-01 7.860000e-03 1.827520e-01
129 8.080880e-01 7.904000e-03 1.840080e-01
130 8.067840e-01 7.848000e-03 1.853680e-01
131 8.055160e-01 7.680000e-03 1.868040e-01
132 8.043000e-01 7.580000e-03 1.881200e-01
133 8.030680e-01 7.452000e-03 1.894800e-01
134 8.018320e-01 7.416000e-03 1.907520e-01
135 8.007200e-01 7.236000e-03 1.920440e-01
136 7.995560e-01 7.136000e-03 1.933080e-01
137 7.984520e-01 6.944000e-03 1.946040e-01
138 7.970960e-01 7.012000e-03 1.958920e-01
139 7.958520e-01 7.132000e-03 1.970160e-01
140 7.945680e-01 7.152000e-03 1.982800e-01
141 7.932080e-01 7.284000e-03 1.995080e-01
142 7.919520e-01 7.324000e-03 2.007240e-01
143 7.906400e-01 7.348000e-03 2.020120e-01
144 7.892640e-01 7.460000e-03 2.032760e-01
145 7.880520e-01 7.356000e-03 2.045920e-01
146 7.865880e-01 7.516000e-03 2.058960e-01
147 7.851640e-01 7.640000e-03 2.071960e-01
148 7.838120e-01 7.624000e-03 2.085640e-01
149 7.824320e-01 7.668000e-03 2.099000e-01
150 7.811000e-01 7.592000e-03 2.113080e-01
151 7.798960e-01 7.464000e-03 2.126400e-01
152 7.786480e-01 7.332000e-03 2.140200e-01
153 7.774400e-01 7.204000e-03 2.153560e-01
154 7.763560e-01 7.044000e-03 2.166000e-01
155 7.752040e-01 6.980000e-03 2.178160e-01
156 7.740280e-01 6.848000e-03 2.191240e-01
157 7.727280e-01 7.008000e-03 2.202640e-01
158 7.715240e-01 6.972000e-03 2.215040e-01
159 7.702600e-01 6.988000e-03 2.227520e-01
160 7.690920e-01 6.968000e-03 2.239400e-01
161 7.679800e-01 6.804000e-03 2.252160e-01
162 7.669440e-01 6.764000e-03 2.262920e-01
163 7.656960e-01 6.852000e-03 2.274520e-01
164 7.645600e-01 6.808000e-03 2.286320e-01
165 7.633160e-01 6.888000e-03 2.297960e-01
166 7.622360e-01 6.708000e-03 2.310560e-01
167 7.609800e-01 6.764000e-03 2.322560e-01
168 7.598920e-01 6.692000e-03 2.334160e-01
169 7.587880e-01 6.632000e-03 2.345800e-01
170 7.576920e-01 6.636000e-03 2.356720e-01
171 7.564520e-01 6.616000e-03 2.369320e-01
172 7.552800e-01 6.664000e-03 2.380560e-01
173 7.541440e-01 6.692000e-03 2.391640e-01
174 7.530520e-01 6.592000e-03 2.403560e-01
175 7.518600e-01 6.676000e-03 2.414640e-01
176 7.508080e-01 6.516000e-03 2.426760e-01
177 7.495880e-01 6.568000e-03 2.438440e-01
178 7.484800e-01 6.488000e-03 2.450320e-01
179 7.473120e-01 6.508000e-03 2.461800e-01
180 7.462040e-01 6.448000e-03 2.473480e-01
181 7.451760e-01 6.320000e-03 2.485040e-01
182 7.440280e-01 6.208000e-03 2.497640e-01
183 7.429600e-01 6.168000e-03 2.508720e-01
184 7.420040e-01 6.068000e-03 2.519280e-01
185 7.409560e-01 6.084000e-03 2.529600e-01
186 7.399720e-01 6.000000e-03 2.540280e-01
187 7.389840e-01 5.908000e-03 2.551080e-01
188 7.380680e-01 5.716000e-03 2.562160e-01
189 7.370400e-01 5.736000e-03 2.572240e-01
190 7.361680e-01 5.640000e-03 2.581920e-01
191 7.350520e-01 5.720000e-03 2.592280e-01
192 7.340920e-01 5.748000e-03 2.601600e-01
193 7.329440e-01 5.900000e-03 2.611560e-01
194 7.317960e-01 6.052000e-03 2.621520e-01
195 7.308200e-01 5.920000e-03 2.632600e-01
196 7.298040e-01 5.884000e-03 2.643120e-01
197 7.288240e-01 5.884000e-03 2.652920e-01
198 7.278040e-01 5.936000e-03 2.662600e-01
199 7.268360e-01 5.888000e-03 2.672760e-01
200 7.258600e-01 5.840000e-03 2.683000e-01
201 7.248440e-01 5.792000e-03 2.693640e-01
202 7.238600e-01 5.836000e-03 2.703040e-01
203 7.229520e-01 5.760000e-03 2.712880e-01
204 7.220760e-01 5.620000e-03 2.723040e-01
205 7.210880e-01 5.600000e-03 2.733120e-01
206 7.201840e-01 5.492000e-03 2.743240e-01
207 7.192480e-01 5.408000e-03 2.753440e-01
208 7.182360e-01 5.460000e-03 2.763040e-01
209 7.173160e-01 5.384000e-03 2.773000e-01
210 7.162880e-01 5.580000e-03 2.781320e-01
211 7.151760e-01 5.636000e-03 2.791880e-01
212 7.142640e-01 5.676000e-03 2.800600e-01
213 7.132440e-01 5.684000e-03 2.810720e-01
214 7.122520e-01 5.696000e-03 2.820520e-01
215 7.112200e-01 5.700000e-03 2.830800e-01
216 7.101320e-01 5.844000e-03 2.840240e-01
217 7.090240e-01 5.788000e-03 2.851880e-01
218 7.080320e-01 5.848000e-03 2.861200e-01
219 7.069080e-01 5.968000e-03 2.871240e-01
220 7.058800e-01 5.820000e-03 2.883000e-01
221 7.049040e-01 5.880000e-03 2.892160e-01
222 7.038080e-01 5.976000e-03 2.902160e-01
223 7.028360e-01 5.924000e-03 2.912400e-01
224 7.016800e-01 6.012000e-03 2.923080e-01
225 7.005960e-01 5.968000e-03 2.934360e-01
226 6.995600e-01 5.920000e-03 2.945200e-01
227 6.985160e-01 5.984000e-03 2.955000e-01
228 6.974240e-01 6.116000e-03 2.964600e-01
229 6.964320e-01 6.076000e-03 2.974920e-01
230 6.955040e-01 5.848000e-03 2.986480e-01
231 6.945800e-01 5.596000e-03 2.998240e-01
232 6.935920e-01 5.688000e-03 3.007200e-01
233 6.926360e-01 5.664000e-03 3.017000e-01
234 6.916360e-01 5.764000e-03 3.026000e-01
235 6.906920e-01 5.744000e-03 3.035640e-01
236 6.896920e-01 5.724000e-03 3.045840e-01
237 6.886320e-01 5.816000e-03 3.055520e-01
238 6.876360e-01 5.772000e-03 3.065920e-01
239 6.866720e-01 5.740000e-03 3.075880e-01
240 6.858320e-01 5.628000e-03 3.085400e-01
241 6.849080e-01 5.640000e-03 3.094520e-01
242 6.840640e-01 5.532000e-03 3.104040e-01
243 6.831360e-01 5.516000e-03 3.113480e-01
244 6.823680e-01 5.324000e-03 3.123080e-01
245 6.816760e-01 5.068000e-03 3.132560e-01
246 6.807840e-01 5.124000e-03 3.140920e-01
247 6.798280e-01 5.228000e-03 3.149440e-01
248 6.789320e-01 5.256000e-03 3.158120e-01
249 6.780360e-01 5.160000e-03 3.168040e-01
250 6.772200e-01 5.148000e-03 3.176320e-01
251 6.764600e-01 5.064000e-03 3.184760e-01
252 6.756120e-01 5.124000e-03 3.192640e-01
253 6.747760e-01 5.088000e-03 3.201360e-01
254 6.739400e-01 5.016000e-03 3.210440e-01
255 6.731880e-01 4.836000e-03 3.219760e-01
256 6.723560e-01 4.752000e-03 3.228920e-01
257 6.717200e-01 4.512000e-03 3.237680e-01
258 6.710520e-01 4.420000e-03 3.245280e-01
259 6.703440e-01 4.384000e-03 3.252720e-01
260 6.695920e-01 4.412000e-03 3.259960e-01
261 6.688560e-01 4.404000e-03 3.267400e-01
262 6.680080e-01 4.536000e-03 3.274560e-01
263 6.673560e-01 4.424000e-03 3.282200e-01
264 6.666480e-01 4.280000e-03 3.290720e-01
265 6.658960e-01 4.268000e-03 3.298360e-01
266 6.650480e-01 4.404000e-03 3.305480e-01
267 6.643200e-01 4.320000e-03 3.313600e-01
268 6.635560e-01 4.200000e-03 3.322440e-01
269 6.628440e-01 4.076000e-03 3.330800e-01
270 6.619960e-01 4.164000e-03 3.338400e-01
271 6.613520e-01 4.064000e-03 3.345840e-01
272 6.605560e-01 4.148000e-03 3.352960e-01
273 6.597120e-01 4.184000e-03 3.361040e-01
274 6.589520e-01 4.160000e-03 3.368880e-01
275 6.582120e-01 4.096000e-03 3.376920e-01
276 6.575480e-01 4.168000e-03 3.382840e-01
277 6.568400e-01 4.112000e-03 3.390480e-01
278 6.561280e-01 4.144000e-03 3.397280e-01
279 6.552640e-01 4.328000e-03 3.404080e-01
280 6.544560e-01 4.336000e-03 3.412080e-01
281 6.538080e-01 4.212000e-03 3.419800e-01
282 6.530400e-01 4.292000e-03 3.426680e-01
283 6.522560e-01 4.308000e-03 3.434360e-01
284 6.514720e-01 4.296000e-03 3.442320e-01
285 6.507680e-01 4.328000e-03 3.449040e-01
286 6.501760e-01 4.080000e-03 3.457440e-01
287 6.495040e-01 4.068000e-03 3.464280e-01
288 6.489880e-01 3.980000e-03 3.470320e-01
289 6.483480e-01 3.960000e-03 3.476920e-01
290 6.477280e-01 3.912000e-03 3.483600e-01
291 6.471520e-01 3.816000e-03 3.490320e-01
292 6.464840e-01 3.848000e-03 3.496680e-01
293 6.459440e-01 3.736000e-03 3.503200e-01
294 6.454280e-01 3.628000e-03 3.509440e-01
295 6.449160e-01 3.532000e-03 3.515520e-01
296 6.442640e-01 3.628000e-03 3.521080e-01
297 6.437200e-01 3.556000e-03 3.527240e-01
298 6.430960e-01 3.596000e-03 3.533080e-01
299 6.424360e-01 3.588000e-03 3.539760e-01
300 6.418800e-01 3.544000e-03 3.545760e-01
301 6.412360e-01 3.532000e-03 3.552320e-01
302 6.406880e-01 3.484000e-03 3.558280e-01
303 6.401880e-01 3.404000e-03 3.564080e-01
304 6.395320e-01 3.444000e-03 3.570240e-01
305 6.389560e-01 3.444000e-03 3.576000e-01
306 6.383880e-01 3.476000e-03 3.581360e-01
307 6.377760e-01 3.520000e-03 3.587040e-01
308 6.371520e-01 3.472000e-03 3.593760e-01
309 6.366000e-01 3.456000e-03 3.599440e-01
310 6.360040e-01 3.400000e-03 3.605960e-01
311 6.353840e-01 3.380000e-03 3.612360e-01
312 6.348360e-01 3.348000e-03 3.618160e-01
313 6.343080e-01 3.332000e-03 3.623600e-01
314 6.337680e-01 3.332000e-03 3.629000e-01
315 6.332520e-01 3.212000e-03 3.635360e-01
316 6.327120e-01 3.196000e-03 3.640920e-01
317 6.321840e-01 3.200000e-03 3.646160e-01
318 6.317880e-01 3.008000e-03 3.652040e-01
319 6.313320e-01 2.948000e-03 3.657200e-01
320 6.308040e-01 2.972000e-03 3.662240e-01
321 6.304000e-01 2.816000e-03 3.667840e-01
322 6.300000e-01 2.720000e-03 3.672800e-01
323 6.294800e-01 2.780000e-03 3.677400e-01
324 6.290320e-01 2.792000e-03 3.681760e-01
325 6.286240e-01 2.672000e-03 3.687040e-01
326 6.281760e-01 2.636000e-03 3.691880e-01
327 6.277600e-01 2.564000e-03 3.696760e-01
328 6.273920e-01 2.492000e-03 3.701160e-01
329 6.269960e-01 2.504000e-03 3.705000e-01
330 6.266480e-01 2.496000e-03 3.708560e-01
331 6.261640e-01 2.556000e-03 3.712800e-01
332 6.257200e-01 2.528000e-03 3.717520e-01
333 6.253840e-01 2.404000e-03 3.722120e-01
334 6.251240e-01 2.264000e-03 3.726120e-01
335 6.247920e-01 2.256000e-03 3.729520e-01
336 6.245440e-01 2.068000e-03 3.733880e-01
337 6.242040e-01 2.068000e-03 3.737280e-01
338 6.238800e-01 2.064000e-03 3.740560e-01
339 6.236240e-01 1.920000e-03 3.744560e-01
340 6.233120e-01 1.844000e-03 3.748440e-01
341 6.229520e-01 1.888000e-03 3.751600e-01
342 6.225880e-01 1.952000e-03 3.754600e-01
343 6.223400e-01 1.840000e-03 3.758200e-01
344 6.220320e-01 1.856000e-03 3.761120e-01
345 6.216640e-01 1.872000e-03 3.764640e-01
346 6.213120e-01 1.928000e-03 3.767600e-01
347 6.210320e-01 1.876000e-03 3.770920e-01
348 6.207360e-01 1.852000e-03 3.774120e-01
349 6.204120e-01 1.856000e-03 3.777320e-01
350 6.200840e-01 1.888000e-03 3.780280e-01
351 6.197720e-01 1.896000e-03 3.783320e-01
352 6.194120e-01 1.896000e-03 3.786920e-01
353 6.191240e-01 1.856000e-03 3.790200e-01
354 6.188080e-01 1.832000e-03 3.793600e-01
355 6.185280e-01 1.748000e-03 3.797240e-01
356 6.182160e-01 1.740000e-03 3.800440e-01
357 6.179560e-01 1.736000e-03 3.803080e-01
358 6.176360e-01 1.796000e-03 3.805680e-01
359 6.172920e-01 1.864000e-03 3.808440e-01
360 6.169640e-01 1.908000e-03 3.811280e-01
361 6.166200e-01 1.920000e-03 3.814600e-01
362 6.163400e-01 1.840000e-03 3.818200e-01
363 6.160680e-01 1.800000e-03 3.821320e-01
364 6.158240e-01 1.740000e-03 3.824360e-01
365 6.155240e-01 1.752000e-03 3.827240e-01
366 6.152560e-01 1.676000e-03 3.830680e-01
367 6.149560e-01 1.656000e-03 3.833880e-01
368 6.146520e-01 1.636000e-03 3.837120e-01
369 6.144560e-01 1.604000e-03 3.839400e-01
370 6.141680e-01 1.560000e-03 3.842720e-01
371 6.139160e-01 1.536000e-03 3.845480e-01
372 6.137080e-01 1.480000e-03 3.848120e-01
373 6.134720e-01 1.468000e-03 3.850600e-01
374 6.132920e-01 1.344000e-03 3.853640e-01
375 6.131240e-01 1.272000e-03 3.856040e-01
376 6.129280e-01 1.268000e-03 3.858040e-01
377 6.127480e-01 1.200000e-03 3.860520e-01
378 6.125600e-01 1.172000e-03 3.862680e-01
379 6.124280e-01 1.088000e-03 3.864840e-01
380 6.122200e-01 1.072000e-03 3.867080e-01
381 6.120480e-01 1.008000e-03 3.869440e-01
382 6.119000e-01 9.840000e-04 3.871160e-01
383 6.117600e-01 9.280000e-04 3.873120e-01
384 6.116000e-01 9.280000e-04 3.874720e-01
385 6.114640e-01 8.880000e-04 3.876480e-01
386 6.112840e-01 8.920000e-04 3.878240e-01
387 6.111520e-01 8.880000e-04 3.879600e-01
388 6.109960e-01 9.040000e-04 3.881000e-01
389 6.108560e-01 8.520000e-04 3.882920e-01
390 6.107080e-01 8.560000e-04 3.884360e-01
391 6.105280e-01 8.760000e-04 3.885960e-01
392 6.103920e-01 8.520000e-04 3.887560e-01
393 6.102440e-01 8.200000e-04 3.889360e-01
394 6.101160e-01 8.280000e-04 3.890560e-01
395 6.099960e-01 7.840000e-04 3.892200e-01
396 6.098640e-01 7.960000e-04 3.893400e-01
397 6.097120e-01 8.040000e-04 3.894840e-01
398 6.095920e-01 7.320000e-04 3.896760e-01
399 6.094720e-01 7.280000e-04 3.898000e-01
400 6.093120e-01 7.680000e-04 3.899200e-01
401 6.092000e-01 7.360000e-04 3.900640e-01
402 6.090440e-01 7.640000e-04 3.901920e-01
403 6.089520e-01 7.200000e-04 3.903280e-01
404 6.088200e-01 7.320000e-04 3.904480e-01
405 6.086560e-01 7.800000e-04 3.905640e-01
406 6.085200e-01 8.040000e-04 3.906760e-01
407 6.083840e-01 8.320000e-04 3.907840e-01
408 6.082200e-01 8.680000e-04 3.909120e-01
409 6.080960e-01 8.200000e-04 3.910840e-01
410 6.079880e-01 7.920000e-04 3.912200e-01
411 6.079080e-01 7.320000e-04 3.913600e-01
412 6.078200e-01 6.760000e-04 3.915040e-01
413 6.077480e-01 5.800000e-04 3.916720e-01
414 6.076800e-01 5.360000e-04 3.917840e-01
415 6.075920e-01 5.400000e-04 3.918680e-01
416 6.075200e-01 5.200000e-04 3.919600e-01
417 6.074520e-01 4.920000e-04 3.920560e-01
418 6.073600e-01 5.120000e-04 3.921280e-01
419 6.072640e-01 5.120000e-04 3.922240e-01
420 6.071880e-01 5.000000e-04 3.923120e-01
421 6.070760e-01 5.160000e-04 3.924080e-01
422 6.070120e-01 4.640000e-04 3.925240e-01
423 6.069520e-01 4.360000e-04 3.926120e-01
424 6.068480e-01 4.640000e-04 3.926880e-01
425 6.067600e-01 4.720000e-04 3.927680e-01
426 6.067040e-01 4.440000e-04 3.928520e-01
427 6.066720e-01 4.120000e-04 3.929160e-01
428 6.066080e-01 4.360000e-04 3.929560e-01
429 6.065440e-01 4.480000e-04 3.930080e-01
430 6.064840e-01 4.440000e-04 3.930720e-01
431 6.064280e-01 4.160000e-04 3.931560e-01
432 6.063640e-01 4.120000e-04 3.932240e-01
433 6.063160e-01 3.880000e-04 3.932960e-01
434 6.062440e-01 4.080000e-04 3.933480e-01
435 6.062120e-01 3.600000e-04 3.934280e-01
436 6.061800e-01 3.200000e-04 3.935000e-01
437 6.061280e-01 3.040000e-04 3.935680e-01
438 6.061080e-01 2.600000e-04 3.936320e-01
439 6.060520e-01 2.600000e-04 3.936880e-01
440 6.060120e-01 2.520000e-04 3.937360e-01
441 6.059880e-01 2.600000e-04 3.937520e-01
442 6.059520e-01 1.960000e-04 3.938520e-01
443 6.059200e-01 1.840000e-04 3.938960e-01
444 6.059000e-01 1.680000e-04 3.939320e-01
445 6.058680e-01 1.800000e-04 3.939520e-01
446 6.058320e-01 1.680000e-04 3.940000e-01
447 6.058160e-01 1.560000e-04 3.940280e-01
448 6.057880e-01 1.520000e-04 3.940600e-01
449 6.057720e-01 1.320000e-04 3.940960e-01
450 6.057560e-01 1.280000e-04 3.941160e-01
451 6.057320e-01 1.160000e-04 3.941520e-01
452 6.057160e-01 1.040000e-04 3.941800e-01
453 6.057040e-01 1.000000e-04 3.941960e-01
454 6.056840e-01 1.040000e-04 3.942120e-01
455 6.056720e-01 1.040000e-04 3.942240e-01
456 6.056440e-01 1.200000e-04 3.942360e-01
457 6.056120e-01 1.200000e-04 3.942680e-01
458 6.055680e-01 1.360000e-04 3.942960e-01
459 6.055360e-01 1.560000e-04 3.943080e-01
460 6.055200e-01 1.520000e-04 3.943280e-01
461 6.055000e-01 1.400000e-04 3.943600e-01
462 6.054680e-01 1.640000e-04 3.943680e-01
463 6.054120e-01 1.880000e-04 3.944000e-01
464 6.053680e-01 1.840000e-04 3.944480e-01
465 6.053240e-01 1.880000e-04 3.944880e-01
466 6.052760e-01 1.720000e-04 3.945520e-01
467 6.052360e-01 1.800000e-04 3.945840e-01
468 6.052240e-01 1.600000e-04 3.946160e-01
469 6.051880e-01 1.640000e-04 3.946480e-01
470 6.051560e-01 1.720000e-04 3.946720e-01
471 6.051200e-01 1.680000e-04 3.947120e-01
472 6.050760e-01 1.960000e-04 3.947280e-01
473 6.050320e-01 2.240000e-04 3.947440e-01
474 6.049880e-01 2.240000e-04 3.947880e-01
475 6.049520e-01 2.160000e-04 3.948320e-01
476 6.049040e-01 2.120000e-04 3.948840e-01
477 6.048800e-01 2.120000e-04 3.949080e-01
478 6.048520e-01 1.800000e-04 3.949680e-01
479 6.048080e-01 2.000000e-04 3.949920e-01
480 6.047880e-01 1.880000e-04 3.950240e-01
481 6.047360e-01 2.080000e-04 3.950560e-01
482 6.047120e-01 2.160000e-04 3.950720e-01
483 6.046880e-01 2.000000e-04 3.951120e-01
484 6.046800e-01 1.640000e-04 3.951560e-01
485 6.046680e-01 1.520000e-04 3.951800e-01
486 6.046400e-01 1.640000e-04 3.951960e-01
487 6.046280e-01 1.560000e-04 3.952160e-01
488 6.046200e-01 1.480000e-04 3.952320e-01
489 6.046120e-01 1.400000e-04 3.952480e-01
490 6.046000e-01 1.200000e-04 3.952800e-01
491 6.045960e-01 8.400000e-05 3.953200e-01
492 6.045760e-01 8.800000e-05 3.953360e-01
493 6.045640e-01 8.400000e-05 3.953520e-01
494 6.045320e-01 1.000000e-04 3.953680e-01
495 6.044880e-01 1.320000e-04 3.953800e-01
496 6.044440e-01 1.520000e-04 3.954040e-01
497 6.044160e-01 1.400000e-04 3.954440e-01
498 6.043760e-01 1.520000e-04 3.954720e-01
499 6.043640e-01 1.320000e-04 3.955040e-01
500 6.043560e-01 1.080000e-04 3.955360e-01
