1 9.991640e-01 7.360000e-04 1.000000e-04
2 9.986360e-01 1.128000e-03 2.360000e-04
3 9.979840e-01 1.568000e-03 4.480000e-04
4 9.973040e-01 1.932000e-03 7.640000e-04
5 9.966600e-01 2.284000e-03 1.056000e-03
6 9.958640e-01 2.588000e-03 1.548000e-03
7 9.949520e-01 3.028000e-03 2.020000e-03
8 9.938600e-01 3.600000e-03 2.540000e-03
9 9.926720e-01 4.196000e-03 3.132000e-03
10 9.916280e-01 4.472000e-03 3.900000e-03
11 9.904680e-01 4.792000e-03 4.740000e-03
12 9.891960e-01 5.184000e-03 5.620000e-03
13 9.881200e-01 5.352000e-03 6.528000e-03
14 9.869480e-01 5.512000e-03 7.540000e-03
15 9.857200e-01 5.664000e-03 8.616000e-03
16 9.845280e-01 5.788000e-03 9.684000e-03
17 9.833120e-01 5.956000e-03 1.073200e-02
18 9.820640e-01 6.148000e-03 1.178800e-02
19 9.808640e-01 6.228000e-03 1.290800e-02
20 9.795640e-01 6.396000e-03 1.404000e-02
21 9.782200e-01 6.624000e-03 1.515600e-02
22 9.770200e-01 6.760000e-03 1.622000e-02
23 9.757200e-01 6.804000e-03 1.747600e-02
24 9.744200e-01 6.912000e-03 1.866800e-02
25 9.730840e-01 6.996000e-03 1.992000e-02
26 9.716400e-01 7.200000e-03 2.116000e-02
27 9.701160e-01 7.352000e-03 2.253200e-02
28 9.686080e-01 7.488000e-03 2.390400e-02
29 9.671680e-01 7.552000e-03 2.528000e-02
30 9.657960e-01 7.628000e-03 2.657600e-02
31 9.642720e-01 7.816000e-03 2.791200e-02
32 9.627000e-01 8.040000e-03 2.926000e-02
33 9.614200e-01 7.968000e-03 3.061200e-02
34 9.599400e-01 8.092000e-03 3.196800e-02
35 9.585200e-01 8.112000e-03 3.336800e-02
36 9.570280e-01 8.128000e-03 3.484400e-02
37 9.553880e-01 8.220000e-03 3.639200e-02
38 9.538000e-01 8.376000e-03 3.782400e-02
39 9.522240e-01 8.592000e-03 3.918400e-02
40 9.506480e-01 8.772000e-03 4.058000e-02
41 9.491360e-01 8.764000e-03 4.210000e-02
42 9.475160e-01 8.792000e-03 4.369200e-02
43 9.458880e-01 8.800000e-03 4.531200e-02
44 9.442440e-01 8.908000e-03 4.684800e-02
45 9.427520e-01 8.948000e-03 4.830000e-02
46 9.409600e-01 9.160000e-03 4.988000e-02
47 9.393520e-01 9.128000e-03 5.152000e-02
48 9.377440e-01 9.120000e-03 5.313600e-02
49 9.361320e-01 9.140000e-03 5.472800e-02
50 9.345160e-01 9.148000e-03 5.633600e-02
51 9.327600e-01 9.244000e-03 5.799600e-02
52 9.310560e-01 9.360000e-03 5.958400e-02
53 9.295000e-01 9.220000e-03 6.128000e-02
54 9.278280e-01 9.252000e-03 6.292000e-02
55 9.261920e-01 9.096000e-03 6.471200e-02
56 9.246920e-01 9.028000e-03 6.628000e-02
57 9.231200e-01 8.968000e-03 6.791200e-02
58 9.212400e-01 9.256000e-03 6.950400e-02
59 9.196080e-01 9.292000e-03 7.110000e-02
60 9.180040e-01 9.336000e-03 7.266000e-02
61 9.163160e-01 9.256000e-03 7.442800e-02
62 9.146280e-01 9.192000e-03 7.618000e-02
63 9.130400e-01 9.096000e-03 7.786400e-02
64 9.115240e-01 8.924000e-03 7.955200e-02
65 9.099360e-01 8.928000e-03 8.113600e-02
66 9.085200e-01 8.680000e-03 8.280000e-02
67 9.071320e-01 8.588000e-03 8.428000e-02
68 9.057000e-01 8.492000e-03 8.580800e-02
69 9.044800e-01 8.280000e-03 8.724000e-02
70 9.031040e-01 8.156000e-03 8.874000e-02
71 9.016800e-01 8.088000e-03 9.023200e-02
72 9.001720e-01 8.216000e-03 9.161200e-02
73 8.987280e-01 8.164000e-03 9.310800e-02
74 8.974080e-01 7.988000e-03 9.460400e-02
75 8.959640e-01 8.140000e-03 9.589600e-02
76 8.946360e-01 7.968000e-03 9.739600e-02
77 8.932280e-01 8.052000e-03 9.872000e-02
78 8.918160e-01 8.068000e-03 1.001160e-01
79 8.903800e-01 8.160000e-03 1.014600e-01
80 8.889320e-01 8.304000e-03 1.027640e-01
81 8.873800e-01 8.324000e-03 1.042960e-01
82 8.860800e-01 8.304000e-03 1.056160e-01
83 8.846560e-01 8.260000e-03 1.070840e-01
84 8.831960e-01 8.256000e-03 1.085480e-01
85 8.817920e-01 8.176000e-03 1.100320e-01
86 8.804480e-01 8.120000e-03 1.114320e-01
87 8.791600e-01 7.940000e-03 1.129000e-01
88 8.778840e-01 7.912000e-03 1.142040e-01
89 8.766560e-01 7.792000e-03 1.155520e-01
90 8.755600e-01 7.508000e-03 1.169320e-01
91 8.742320e-01 7.456000e-03 1.183120e-01
92 8.730040e-01 7.368000e-03 1.196280e-01
93 8.718920e-01 7.292000e-03 1.208160e-01
94 8.706480e-01 7.328000e-03 1.220240e-01
95 8.692880e-01 7.452000e-03 1.232600e-01
96 8.679240e-01 7.432000e-03 1.246440e-01
97 8.668120e-01 7.280000e-03 1.259080e-01
98 8.655080e-01 7.176000e-03 1.273160e-01
99 8.643720e-01 7.152000e-03 1.284760e-01
100 8.630320e-01 7.292000e-03 1.296760e-01
101 8.616720e-01 7.408000e-03 1.309200e-01
102 8.603760e-01 7.444000e-03 1.321800e-01
103 8.590720e-01 7.388000e-03 1.335400e-01
104 8.578280e-01 7.244000e-03 1.349280e-01
105 8.566840e-01 7.172000e-03 1.361440e-01
106 8.554680e-01 7.148000e-03 1.373840e-01
107 8.541840e-01 7.172000e-03 1.386440e-01
108 8.528600e-01 7.128000e-03 1.400120e-01
109 8.516040e-01 7.124000e-03 1.412720e-01
110 8.504200e-01 7.104000e-03 1.424760e-01
111 8.491960e-01 7.228000e-03 1.435760e-01
112 8.481120e-01 7.004000e-03 1.448840e-01
113 8.468680e-01 6.948000e-03 1.461840e-01
114 8.457560e-01 6.924000e-03 1.473200e-01
115 8.445800e-01 6.948000e-03 1.484720e-01
116 8.432720e-01 7.032000e-03 1.496960e-01
117 8.420600e-01 6.968000e-03 1.509720e-01
118 8.407400e-01 7.120000e-03 1.521400e-01
119 8.395240e-01 7.160000e-03 1.533160e-01
120 8.384400e-01 6.964000e-03 1.545960e-01
121 8.372920e-01 6.920000e-03 1.557880e-01
122 8.360000e-01 6.968000e-03 1.570320e-01
123 8.347640e-01 6.948000e-03 1.582880e-01
124 8.334880e-01 6.980000e-03 1.595320e-01
125 8.323280e-01 6.924000e-03 1.607480e-01
126 8.311200e-01 6.860000e-03 1.620200e-01
127 8.299880e-01 6.788000e-03 1.632240e-01
128 8.288840e-01 6.692000e-03 1.644240e-01
129 8.277240e-01 6.724000e-03 1.655520e-01
130 8.265280e-01 6.748000e-03 1.667240e-01
131 8.253880e-01 6.748000e-03 1.678640e-01
132 8.243320e-01 6.624000e-03 1.690440e-01
133 8.232240e-01 6.572000e-03 1.702040e-01
134 8.220960e-01 6.684000e-03 1.712200e-01
135 8.210880e-01 6.480000e-03 1.724320e-01
136 8.201680e-01 6.280000e-03 1.735520e-01
137 8.192400e-01 6.140000e-03 1.746200e-01
138 8.184040e-01 5.940000e-03 1.756560e-01
139 8.174280e-01 5.972000e-03 1.766000e-01
140 8.164720e-01 5.840000e-03 1.776880e-01
141 8.156200e-01 5.640000e-03 1.787400e-01
142 8.147200e-01 5.592000e-03 1.796880e-01
143 8.137040e-01 5.648000e-03 1.806480e-01
144 8.127560e-01 5.628000e-03 1.816160e-01
145 8.118200e-01 5.604000e-03 1.825760e-01
146 8.108920e-01 5.532000e-03 1.835760e-01
147 8.099960e-01 5.484000e-03 1.845200e-01
148 8.092080e-01 5.344000e-03 1.854480e-01
149 8.083080e-01 5.304000e-03 1.863880e-01
150 8.074200e-01 5.252000e-03 1.873280e-01
151 8.065240e-01 5.124000e-03 1.883520e-01
152 8.056560e-01 5.032000e-03 1.893120e-01
153 8.049720e-01 5.016000e-03 1.900120e-01
154 8.041800e-01 4.824000e-03 1.909960e-01
155 8.033560e-01 4.800000e-03 1.918440e-01
156 8.025280e-01 4.804000e-03 1.926680e-01
157 8.016920e-01 4.752000e-03 1.935560e-01
158 8.008960e-01 4.700000e-03 1.944040e-01
159 8.001680e-01 4.588000e-03 1.952440e-01
160 7.993880e-01 4.600000e-03 1.960120e-01
161 7.986720e-01 4.544000e-03 1.967840e-01
162 7.979200e-01 4.476000e-03 1.976040e-01
163 7.972560e-01 4.348000e-03 1.983960e-01
164 7.964400e-01 4.440000e-03 1.991200e-01
165 7.956000e-01 4.500000e-03 1.999000e-01
166 7.946920e-01 4.620000e-03 2.006880e-01
167 7.938600e-01 4.612000e-03 2.015280e-01
168 7.929800e-01 4.752000e-03 2.022680e-01
169 7.921880e-01 4.692000e-03 2.031200e-01
170 7.912600e-01 4.756000e-03 2.039840e-01
171 7.905040e-01 4.648000e-03 2.048480e-01
172 7.897000e-01 4.792000e-03 2.055080e-01
173 7.888240e-01 4.764000e-03 2.064120e-01
174 7.880080e-01 4.772000e-03 2.072200e-01
175 7.870360e-01 4.936000e-03 2.080280e-01
176 7.861280e-01 5.044000e-03 2.088280e-01
177 7.851600e-01 5.116000e-03 2.097240e-01
178 7.841880e-01 5.196000e-03 2.106160e-01
179 7.832200e-01 5.228000e-03 2.115520e-01
180 7.823480e-01 5.200000e-03 2.124520e-01
181 7.814000e-01 5.200000e-03 2.134000e-01
182 7.804760e-01 5.232000e-03 2.142920e-01
183 7.795480e-01 5.128000e-03 2.153240e-01
184 7.787000e-01 5.116000e-03 2.161840e-01
185 7.777560e-01 5.168000e-03 2.170760e-01
186 7.768680e-01 5.192000e-03 2.179400e-01
187 7.759280e-01 5.320000e-03 2.187520e-01
188 7.749760e-01 5.384000e-03 2.196400e-01
189 7.741160e-01 5.360000e-03 2.205240e-01
190 7.732320e-01 5.352000e-03 2.214160e-01
191 7.723320e-01 5.332000e-03 2.223360e-01
192 7.713680e-01 5.320000e-03 2.233120e-01
193 7.704280e-01 5.340000e-03 2.242320e-01
194 7.694520e-01 5.364000e-03 2.251840e-01
195 7.685200e-01 5.308000e-03 2.261720e-01
196 7.675920e-01 5.268000e-03 2.271400e-01
197 7.667280e-01 5.200000e-03 2.280720e-01
198 7.658640e-01 5.076000e-03 2.290600e-01
199 7.649840e-01 5.156000e-03 2.298600e-01
200 7.640920e-01 5.076000e-03 2.308320e-01
201 7.631160e-01 5.144000e-03 2.317400e-01
202 7.622320e-01 5.088000e-03 2.326800e-01
203 7.612280e-01 5.184000e-03 2.335880e-01
204 7.601840e-01 5.356000e-03 2.344600e-01
205 7.589800e-01 5.624000e-03 2.353960e-01
206 7.578680e-01 5.628000e-03 2.365040e-01
207 7.569520e-01 5.636000e-03 2.374120e-01
208 7.561400e-01 5.504000e-03 2.383560e-01
209 7.552600e-01 5.432000e-03 2.393080e-01
210 7.543720e-01 5.388000e-03 2.402400e-01
211 7.535560e-01 5.280000e-03 2.411640e-01
212 7.526440e-01 5.360000e-03 2.419960e-01
213 7.517320e-01 5.280000e-03 2.429880e-01
214 7.508920e-01 5.148000e-03 2.439600e-01
215 7.500960e-01 5.008000e-03 2.448960e-01
216 7.492040e-01 5.036000e-03 2.457600e-01
217 7.483840e-01 4.992000e-03 2.466240e-01
218 7.476840e-01 4.836000e-03 2.474800e-01
219 7.469040e-01 4.788000e-03 2.483080e-01
220 7.460680e-01 4.824000e-03 2.491080e-01
221 7.452880e-01 4.760000e-03 2.499520e-01
222 7.444600e-01 4.680000e-03 2.508600e-01
223 7.435640e-01 4.796000e-03 2.516400e-01
224 7.427240e-01 4.752000e-03 2.525240e-01
225 7.419280e-01 4.844000e-03 2.532280e-01
226 7.411640e-01 4.812000e-03 2.540240e-01
227 7.403960e-01 4.760000e-03 2.548440e-01
228 7.395400e-01 4.784000e-03 2.556760e-01
229 7.386600e-01 4.860000e-03 2.564800e-01
230 7.379160e-01 4.668000e-03 2.574160e-01
231 7.371880e-01 4.652000e-03 2.581600e-01
232 7.364920e-01 4.448000e-03 2.590600e-01
233 7.359040e-01 4.288000e-03 2.598080e-01
234 7.352800e-01 4.220000e-03 2.605000e-01
235 7.346920e-01 4.016000e-03 2.612920e-01
236 7.340160e-01 4.048000e-03 2.619360e-01
237 7.334200e-01 3.952000e-03 2.626280e-01
238 7.327680e-01 3.872000e-03 2.633600e-01
239 7.320840e-01 3.820000e-03 2.640960e-01
240 7.314520e-01 3.720000e-03 2.648280e-01
241 7.308800e-01 3.632000e-03 2.654880e-01
242 7.303240e-01 3.500000e-03 2.661760e-01
243 7.297360e-01 3.476000e-03 2.667880e-01
244 7.291600e-01 3.476000e-03 2.673640e-01
245 7.285840e-01 3.464000e-03 2.679520e-01
246 7.279480e-01 3.448000e-03 2.686040e-01
247 7.273520e-01 3.460000e-03 2.691880e-01
248 7.268440e-01 3.336000e-03 2.698200e-01
249 7.262400e-01 3.344000e-03 2.704160e-01
250 7.257040e-01 3.268000e-03 2.710280e-01
251 7.250960e-01 3.304000e-03 2.716000e-01
252 7.244960e-01 3.316000e-03 2.721880e-01
253 7.239240e-01 3.400000e-03 2.726760e-01
254 7.232800e-01 3.444000e-03 2.732760e-01
255 7.226960e-01 3.324000e-03 2.739800e-01
256 7.220840e-01 3.284000e-03 2.746320e-01
257 7.215520e-01 3.340000e-03 2.751080e-01
258 7.209560e-01 3.348000e-03 2.756960e-01
259 7.203920e-01 3.292000e-03 2.763160e-01
260 7.197640e-01 3.308000e-03 2.769280e-01
261 7.192640e-01 3.236000e-03 2.775000e-01
262 7.187400e-01 3.272000e-03 2.779880e-01
263 7.180840e-01 3.328000e-03 2.785880e-01
264 7.175080e-01 3.348000e-03 2.791440e-01
265 7.169440e-01 3.312000e-03 2.797440e-01
266 7.163280e-01 3.444000e-03 2.802280e-01
267 7.156360e-01 3.484000e-03 2.808800e-01
268 7.150520e-01 3.556000e-03 2.813920e-01
269 7.145120e-01 3.424000e-03 2.820640e-01
270 7.140760e-01 3.212000e-03 2.827120e-01
271 7.136000e-01 3.140000e-03 2.832600e-01
272 7.131160e-01 3.028000e-03 2.838560e-01
273 7.126640e-01 2.960000e-03 2.843760e-01
274 7.122080e-01 2.912000e-03 2.848800e-01
275 7.117080e-01 2.916000e-03 2.853760e-01
276 7.112480e-01 2.888000e-03 2.858640e-01
277 7.108320e-01 2.776000e-03 2.863920e-01
278 7.104280e-01 2.672000e-03 2.869000e-01
279 7.100800e-01 2.588000e-03 2.873320e-01
280 7.097400e-01 2.480000e-03 2.877800e-01
281 7.093800e-01 2.464000e-03 2.881560e-01
282 7.089800e-01 2.468000e-03 2.885520e-01
283 7.085760e-01 2.376000e-03 2.890480e-01
284 7.082880e-01 2.244000e-03 2.894680e-01
285 7.079000e-01 2.144000e-03 2.899560e-01
286 7.075360e-01 2.132000e-03 2.903320e-01
287 7.072440e-01 2.088000e-03 2.906680e-01
288 7.068160e-01 2.192000e-03 2.909920e-01
289 7.064840e-01 2.068000e-03 2.914480e-01
290 7.061160e-01 2.068000e-03 2.918160e-01
291 7.057320e-01 2.072000e-03 2.921960e-01
292 7.054240e-01 2.016000e-03 2.925600e-01
293 7.051880e-01 1.876000e-03 2.929360e-01
294 7.048800e-01 1.884000e-03 2.932360e-01
295 7.045160e-01 1.896000e-03 2.935880e-01
296 7.041520e-01 1.980000e-03 2.938680e-01
297 7.037960e-01 1.900000e-03 2.943040e-01
298 7.034160e-01 1.888000e-03 2.946960e-01
299 7.030560e-01 1.920000e-03 2.950240e-01
300 7.025920e-01 2.072000e-03 2.953360e-01
301 7.022960e-01 2.040000e-03 2.956640e-01
302 7.019440e-01 2.092000e-03 2.959640e-01
303 7.015800e-01 2.068000e-03 2.963520e-01
304 7.013320e-01 1.964000e-03 2.967040e-01
305 7.010480e-01 1.980000e-03 2.969720e-01
306 7.007440e-01 1.956000e-03 2.973000e-01
307 7.004040e-01 1.952000e-03 2.976440e-01
308 7.001040e-01 1.860000e-03 2.980360e-01
309 6.997960e-01 1.836000e-03 2.983680e-01
310 6.994720e-01 1.860000e-03 2.986680e-01
311 6.991600e-01 1.736000e-03 2.991040e-01
312 6.988840e-01 1.708000e-03 2.994080e-01
313 6.985440e-01 1.768000e-03 2.996880e-01
314 6.982440e-01 1.752000e-03 3.000040e-01
315 6.979560e-01 1.692000e-03 3.003520e-01
316 6.977000e-01 1.692000e-03 3.006080e-01
317 6.974200e-01 1.676000e-03 3.009040e-01
318 6.971200e-01 1.664000e-03 3.012160e-01
319 6.967800e-01 1.692000e-03 3.015280e-01
320 6.965160e-01 1.656000e-03 3.018280e-01
321 6.962600e-01 1.632000e-03 3.021080e-01
322 6.959720e-01 1.644000e-03 3.023840e-01
323 6.957080e-01 1.620000e-03 3.026720e-01
324 6.954800e-01 1.552000e-03 3.029680e-01
325 6.952640e-01 1.464000e-03 3.032720e-01
326 6.949960e-01 1.432000e-03 3.035720e-01
327 6.947720e-01 1.420000e-03 3.038080e-01
328 6.945440e-01 1.424000e-03 3.040320e-01
329 6.943200e-01 1.384000e-03 3.042960e-01
330 6.940880e-01 1.328000e-03 3.045840e-01
331 6.939320e-01 1.300000e-03 3.047680e-01
332 6.937880e-01 1.248000e-03 3.049640e-01
333 6.936400e-01 1.172000e-03 3.051880e-01
334 6.934200e-01 1.244000e-03 3.053360e-01
335 6.932600e-01 1.148000e-03 3.055920e-01
336 6.930840e-01 1.100000e-03 3.058160e-01
337 6.928800e-01 1.148000e-03 3.059720e-01
338 6.926640e-01 1.188000e-03 3.061480e-01
339 6.925200e-01 1.128000e-03 3.063520e-01
340 6.923640e-01 1.104000e-03 3.065320e-01
341 6.921680e-01 1.092000e-03 3.067400e-01
342 6.920400e-01 1.024000e-03 3.069360e-01
343 6.919000e-01 1.040000e-03 3.070600e-01
344 6.917800e-01 9.280000e-04 3.072920e-01
345 6.916800e-01 8.600000e-04 3.074600e-01
346 6.915840e-01 7.840000e-04 3.076320e-01
347 6.914120e-01 7.920000e-04 3.077960e-01
348 6.912400e-01 8.280000e-04 3.079320e-01
349 6.910520e-01 9.160000e-04 3.080320e-01
350 6.909320e-01 8.520000e-04 3.082160e-01
351 6.908160e-01 7.960000e-04 3.083880e-01
352 6.906920e-01 7.560000e-04 3.085520e-01
353 6.905560e-01 7.760000e-04 3.086680e-01
354 6.903960e-01 8.160000e-04 3.087880e-01
355 6.902400e-01 8.440000e-04 3.089160e-01
356 6.901200e-01 7.840000e-04 3.090960e-01
357 6.899280e-01 8.080000e-04 3.092640e-01
358 6.897080e-01 8.320000e-04 3.094600e-01
359 6.895080e-01 8.720000e-04 3.096200e-01
360 6.892760e-01 9.440000e-04 3.097800e-01
361 6.890280e-01 1.012000e-03 3.099600e-01
362 6.887560e-01 1.076000e-03 3.101680e-01
363 6.885600e-01 1.112000e-03 3.103280e-01
364 6.883440e-01 1.164000e-03 3.104920e-01
365 6.881160e-01 1.196000e-03 3.106880e-01
366 6.879000e-01 1.140000e-03 3.109600e-01
367 6.876960e-01 1.132000e-03 3.111720e-01
368 6.875440e-01 1.080000e-03 3.113760e-01
369 6.873600e-01 1.096000e-03 3.115440e-01
370 6.871880e-01 1.100000e-03 3.117120e-01
371 6.870200e-01 1.036000e-03 3.119440e-01
372 6.868600e-01 9.880000e-04 3.121520e-01
373 6.866760e-01 1.028000e-03 3.122960e-01
374 6.864840e-01 1.032000e-03 3.124840e-01
375 6.862840e-01 1.068000e-03 3.126480e-01
376 6.860120e-01 1.156000e-03 3.128320e-01
377 6.857960e-01 1.204000e-03 3.130000e-01
378 6.856040e-01 1.204000e-03 3.131920e-01
379 6.853640e-01 1.236000e-03 3.134000e-01
380 6.851040e-01 1.264000e-03 3.136320e-01
381 6.849080e-01 1.244000e-03 3.138480e-01
382 6.847080e-01 1.196000e-03 3.140960e-01
383 6.845560e-01 1.160000e-03 3.142840e-01
384 6.844040e-01 1.132000e-03 3.144640e-01
385 6.842680e-01 1.092000e-03 3.146400e-01
386 6.841400e-01 1.032000e-03 3.148280e-01
387 6.839160e-01 1.068000e-03 3.150160e-01
388 6.837200e-01 1.068000e-03 3.152120e-01
389 6.835240e-01 1.100000e-03 3.153760e-01
390 6.833920e-01 1.012000e-03 3.155960e-01
391 6.832360e-01 9.640000e-04 3.158000e-01
392 6.830960e-01 9.440000e-04 3.159600e-01
393 6.828920e-01 9.200000e-04 3.161880e-01
394 6.827800e-01 8.640000e-04 3.163560e-01
395 6.826400e-01 8.920000e-04 3.164680e-01
396 6.825200e-01 8.640000e-04 3.166160e-01
397 6.823320e-01 8.920000e-04 3.167760e-01
398 6.822400e-01 8.320000e-04 3.169280e-01
399 6.821240e-01 7.960000e-04 3.170800e-01
400 6.819920e-01 7.640000e-04 3.172440e-01
401 6.818320e-01 7.880000e-04 3.173800e-01
402 6.817400e-01 7.440000e-04 3.175160e-01
403 6.816040e-01 7.360000e-04 3.176600e-01
404 6.814640e-01 7.720000e-04 3.177640e-01
405 6.813160e-01 7.560000e-04 3.179280e-01
406 6.812240e-01 6.920000e-04 3.180840e-01
407 6.811240e-01 6.560000e-04 3.182200e-01
408 6.810360e-01 6.600000e-04 3.183040e-01
409 6.809400e-01 6.320000e-04 3.184280e-01
410 6.808560e-01 6.200000e-04 3.185240e-01
411 6.807560e-01 6.240000e-04 3.186200e-01
412 6.806200e-01 6.360000e-04 3.187440e-01
413 6.804920e-01 6.680000e-04 3.188400e-01
414 6.803280e-01 6.560000e-04 3.190160e-01
415 6.801960e-01 6.720000e-04 3.191320e-01
416 6.801080e-01 6.720000e-04 3.192200e-01
417 6.799640e-01 6.560000e-04 3.193800e-01
418 6.798440e-01 6.720000e-04 3.194840e-01
419 6.797080e-01 6.840000e-04 3.196080e-01
420 6.796200e-01 6.600000e-04 3.197200e-01
421 6.794680e-01 6.880000e-04 3.198440e-01
422 6.793440e-01 7.080000e-04 3.199480e-01
423 6.792560e-01 6.760000e-04 3.200680e-01
424 6.791440e-01 6.720000e-04 3.201840e-01
425 6.789680e-01 7.280000e-04 3.203040e-01
426 6.788640e-01 7.120000e-04 3.204240e-01
427 6.787720e-01 6.880000e-04 3.205400e-01
428 6.786680e-01 6.880000e-04 3.206440e-01
429 6.785760e-01 6.480000e-04 3.207760e-01
430 6.784640e-01 6.680000e-04 3.208680e-01
431 6.783760e-01 6.600000e-04 3.209640e-01
432 6.782640e-01 6.760000e-04 3.210600e-01
433 6.781520e-01 6.440000e-04 3.212040e-01
434 6.780960e-01 6.120000e-04 3.212920e-01
435 6.780120e-01 5.880000e-04 3.214000e-01
436 6.779280e-01 5.680000e-04 3.215040e-01
437 6.778600e-01 5.440000e-04 3.215960e-01
438 6.777720e-01 5.560000e-04 3.216720e-01
439 6.776880e-01 5.320000e-04 3.217800e-01
440 6.776120e-01 5.080000e-04 3.218800e-01
441 6.775560e-01 4.920000e-04 3.219520e-01
442 6.774680e-01 4.800000e-04 3.220520e-01
443 6.774120e-01 4.480000e-04 3.221400e-01
444 6.773400e-01 4.240000e-04 3.222360e-01
445 6.773000e-01 3.880000e-04 3.223120e-01
446 6.772600e-01 3.720000e-04 3.223680e-01
447 6.772160e-01 3.600000e-04 3.224240e-01
448 6.771360e-01 3.880000e-04 3.224760e-01
449 6.770720e-01 4.040000e-04 3.225240e-01
450 6.770000e-01 4.160000e-04 3.225840e-01
451 6.769480e-01 3.920000e-04 3.226600e-01
452 6.768840e-01 3.760000e-04 3.227400e-01
453 6.768240e-01 3.440000e-04 3.228320e-01
454 6.767360e-01 3.880000e-04 3.228760e-01
455 6.766280e-01 4.160000e-04 3.229560e-01
456 6.765440e-01 4.240000e-04 3.230320e-01
457 6.764320e-01 4.600000e-04 3.231080e-01
458 6.763560e-01 4.560000e-04 3.231880e-01
459 6.762480e-01 4.800000e-04 3.232720e-01
460 6.761880e-01 4.320000e-04 3.233800e-01
461 6.761200e-01 4.400000e-04 3.234400e-01
462 6.760440e-01 4.640000e-04 3.234920e-01
463 6.759640e-01 4.560000e-04 3.235800e-01
464 6.758640e-01 4.840000e-04 3.236520e-01
465 6.757560e-01 5.120000e-04 3.237320e-01
466 6.757080e-01 4.800000e-04 3.238120e-01
467 6.756320e-01 4.520000e-04 3.239160e-01
468 6.755680e-01 4.520000e-04 3.239800e-01
469 6.754960e-01 4.280000e-04 3.240760e-01
470 6.754480e-01 4.080000e-04 3.241440e-01
471 6.753280e-01 4.440000e-04 3.242280e-01
472 6.752480e-01 4.400000e-04 3.243120e-01
473 6.751480e-01 4.720000e-04 3.243800e-01
474 6.750800e-01 4.280000e-04 3.244920e-01
475 6.749960e-01 4.400000e-04 3.245640e-01
476 6.749200e-01 4.440000e-04 3.246360e-01
477 6.748440e-01 4.240000e-04 3.247320e-01
478 6.747560e-01 4.280000e-04 3.248160e-01
479 6.746680e-01 4.400000e-04 3.248920e-01
480 6.745960e-01 4.280000e-04 3.249760e-01
481 6.745360e-01 4.280000e-04 3.250360e-01
482 6.744520e-01 4.520000e-04 3.250960e-01
483 6.744040e-01 4.200000e-04 3.251760e-01
484 6.743680e-01 4.040000e-04 3.252280e-01
485 6.743240e-01 3.840000e-04 3.252920e-01
486 6.742640e-01 3.680000e-04 3.253680e-01
487 6.742280e-01 3.160000e-04 3.254560e-01
488 6.741800e-01 3.080000e-04 3.255120e-01
489 6.741480e-01 2.680000e-04 3.255840e-01
490 6.741320e-01 2.400000e-04 3.256280e-01
491 6.741080e-01 2.320000e-04 3.256600e-01
492 6.740440e-01 2.800000e-04 3.256760e-01
493 6.739880e-01 2.800000e-04 3.257320e-01
494 6.739200e-01 3.120000e-04 3.257680e-01
495 6.738360e-01 3.520000e-04 3.258120e-01
496 6.737520e-01 3.680000e-04 3.258800e-01
497 6.736800e-01 3.840000e-04 3.259360e-01
498 6.735880e-01 3.960000e-04 3.260160e-01
499 6.735160e-01 4.040000e-04 3.260800e-01
500 6.734640e-01 4.040000e-04 3.261320e-01
