1 9.992400e-01 6.840000e-04 7.600000e-05
2 9.988360e-01 9.280000e-04 2.360000e-04
3 9.982560e-01 1.308000e-03 4.360000e-04
4 9.976360e-01 1.600000e-03 7.640000e-04
5 9.970240e-01 1.872000e-03 1.104000e-03
6 9.963000e-01 2.204000e-03 1.496000e-03
7 9.954960e-01 2.664000e-03 1.840000e-03
8 9.947040e-01 2.908000e-03 2.388000e-03
9 9.939640e-01 3.044000e-03 2.992000e-03
10 9.932000e-01 3.188000e-03 3.612000e-03
11 9.922920e-01 3.460000e-03 4.248000e-03
12 9.913880e-01 3.744000e-03 4.868000e-03
13 9.903720e-01 4.072000e-03 5.556000e-03
14 9.893800e-01 4.276000e-03 6.344000e-03
15 9.882920e-01 4.548000e-03 7.160000e-03
16 9.872960e-01 4.820000e-03 7.884000e-03
17 9.862960e-01 4.936000e-03 8.768000e-03
18 9.852760e-01 5.052000e-03 9.672000e-03
19 9.843520e-01 5.088000e-03 1.056000e-02
20 9.833680e-01 5.232000e-03 1.140000e-02
21 9.822160e-01 5.392000e-03 1.239200e-02
22 9.810600e-01 5.608000e-03 1.333200e-02
23 9.799000e-01 5.756000e-03 1.434400e-02
24 9.786240e-01 5.972000e-03 1.540400e-02
25 9.775280e-01 6.052000e-03 1.642000e-02
26 9.763280e-01 6.120000e-03 1.755200e-02
27 9.751400e-01 6.304000e-03 1.855600e-02
28 9.738920e-01 6.364000e-03 1.974400e-02
29 9.725720e-01 6.564000e-03 2.086400e-02
30 9.712120e-01 6.796000e-03 2.199200e-02
31 9.698760e-01 6.932000e-03 2.319200e-02
32 9.686000e-01 7.016000e-03 2.438400e-02
33 9.674200e-01 7.008000e-03 2.557200e-02
34 9.661920e-01 6.940000e-03 2.686800e-02
35 9.648960e-01 7.068000e-03 2.803600e-02
36 9.636280e-01 7.076000e-03 2.929600e-02
37 9.622280e-01 7.216000e-03 3.055600e-02
38 9.607760e-01 7.356000e-03 3.186800e-02
39 9.592520e-01 7.484000e-03 3.326400e-02
40 9.577360e-01 7.736000e-03 3.452800e-02
41 9.563240e-01 7.748000e-03 3.592800e-02
42 9.548480e-01 7.836000e-03 3.731600e-02
43 9.535680e-01 7.640000e-03 3.879200e-02
44 9.521960e-01 7.692000e-03 4.011200e-02
45 9.507120e-01 7.908000e-03 4.138000e-02
46 9.494040e-01 7.820000e-03 4.277600e-02
47 9.480880e-01 7.664000e-03 4.424800e-02
48 9.466680e-01 7.652000e-03 4.568000e-02
49 9.453440e-01 7.572000e-03 4.708400e-02
50 9.439920e-01 7.712000e-03 4.829600e-02
51 9.425280e-01 7.744000e-03 4.972800e-02
52 9.412000e-01 7.788000e-03 5.101200e-02
53 9.398040e-01 7.684000e-03 5.251200e-02
54 9.384400e-01 7.672000e-03 5.388800e-02
55 9.371040e-01 7.708000e-03 5.518800e-02
56 9.356800e-01 7.672000e-03 5.664800e-02
57 9.343600e-01 7.652000e-03 5.798800e-02
58 9.329120e-01 7.804000e-03 5.928400e-02
59 9.314720e-01 7.868000e-03 6.066000e-02
60 9.299000e-01 8.064000e-03 6.203600e-02
61 9.284440e-01 8.072000e-03 6.348400e-02
62 9.271400e-01 8.124000e-03 6.473600e-02
63 9.256400e-01 8.196000e-03 6.616400e-02
64 9.240600e-01 8.352000e-03 6.758800e-02
65 9.227280e-01 8.172000e-03 6.910000e-02
66 9.213040e-01 8.140000e-03 7.055600e-02
67 9.197680e-01 8.284000e-03 7.194800e-02
68 9.184880e-01 8.220000e-03 7.329200e-02
69 9.169960e-01 8.216000e-03 7.478800e-02
70 9.154560e-01 8.260000e-03 7.628400e-02
71 9.139240e-01 8.300000e-03 7.777600e-02
72 9.123520e-01 8.396000e-03 7.925200e-02
73 9.107840e-01 8.496000e-03 8.072000e-02
74 9.092600e-01 8.572000e-03 8.216800e-02
75 9.076760e-01 8.676000e-03 8.364800e-02
76 9.062680e-01 8.700000e-03 8.503200e-02
77 9.048640e-01 8.556000e-03 8.658000e-02
78 9.032360e-01 8.724000e-03 8.804000e-02
79 9.016200e-01 8.860000e-03 8.952000e-02
80 9.001080e-01 8.932000e-03 9.096000e-02
81 8.986080e-01 8.688000e-03 9.270400e-02
82 8.970720e-01 8.660000e-03 9.426800e-02
83 8.954680e-01 8.660000e-03 9.587200e-02
84 8.938280e-01 8.768000e-03 9.740400e-02
85 8.923240e-01 8.720000e-03 9.895600e-02
86 8.908200e-01 8.592000e-03 1.005880e-01
87 8.893480e-01 8.572000e-03 1.020800e-01
88 8.878080e-01 8.564000e-03 1.036280e-01
89 8.862880e-01 8.572000e-03 1.051400e-01
90 8.848960e-01 8.368000e-03 1.067360e-01
91 8.835760e-01 8.312000e-03 1.081120e-01
92 8.820600e-01 8.324000e-03 1.096160e-01
93 8.805720e-01 8.444000e-03 1.109840e-01
94 8.789800e-01 8.588000e-03 1.124320e-01
95 8.775480e-01 8.568000e-03 1.138840e-01
96 8.761240e-01 8.440000e-03 1.154360e-01
97 8.748040e-01 8.216000e-03 1.169800e-01
98 8.734160e-01 8.132000e-03 1.184520e-01
99 8.719440e-01 8.140000e-03 1.199160e-01
100 8.706880e-01 7.872000e-03 1.214400e-01
101 8.694960e-01 7.688000e-03 1.228160e-01
102 8.682040e-01 7.680000e-03 1.241160e-01
103 8.668360e-01 7.760000e-03 1.254040e-01
104 8.653120e-01 7.868000e-03 1.268200e-01
105 8.639240e-01 7.836000e-03 1.282400e-01
106 8.624120e-01 8.084000e-03 1.295040e-01
107 8.610880e-01 8.020000e-03 1.308920e-01
108 8.596520e-01 8.076000e-03 1.322720e-01
109 8.584040e-01 7.984000e-03 1.336120e-01
110 8.569480e-01 8.108000e-03 1.349440e-01
111 8.556080e-01 7.988000e-03 1.364040e-01
112 8.543440e-01 7.848000e-03 1.378080e-01
113 8.530920e-01 7.764000e-03 1.391440e-01
114 8.517760e-01 7.724000e-03 1.405000e-01
115 8.503520e-01 7.756000e-03 1.418920e-01
116 8.489920e-01 7.740000e-03 1.432680e-01
117 8.474800e-01 7.996000e-03 1.445240e-01
118 8.461080e-01 7.904000e-03 1.459880e-01
119 8.447840e-01 7.788000e-03 1.474280e-01
120 8.434160e-01 7.704000e-03 1.488800e-01
121 8.421720e-01 7.612000e-03 1.502160e-01
122 8.410920e-01 7.340000e-03 1.515680e-01
123 8.399200e-01 7.172000e-03 1.529080e-01
124 8.387680e-01 7.036000e-03 1.541960e-01
125 8.375280e-01 7.028000e-03 1.554440e-01
126 8.363880e-01 6.948000e-03 1.566640e-01
127 8.353040e-01 6.800000e-03 1.578960e-01
128 8.340640e-01 6.772000e-03 1.591640e-01
129 8.329000e-01 6.704000e-03 1.603960e-01
130 8.315640e-01 6.876000e-03 1.615600e-01
131 8.301480e-01 7.136000e-03 1.627160e-01
132 8.286400e-01 7.428000e-03 1.639320e-01
133 8.273160e-01 7.428000e-03 1.652560e-01
134 8.257680e-01 7.768000e-03 1.664640e-01
135 8.243600e-01 7.800000e-03 1.678400e-01
136 8.229600e-01 7.824000e-03 1.692160e-01
137 8.215680e-01 7.776000e-03 1.706560e-01
138 8.203040e-01 7.716000e-03 1.719800e-01
139 8.189880e-01 7.740000e-03 1.732720e-01
140 8.174760e-01 7.896000e-03 1.746280e-01
141 8.160520e-01 8.116000e-03 1.758320e-01
142 8.146720e-01 8.068000e-03 1.772600e-01
143 8.133520e-01 7.984000e-03 1.786640e-01
144 8.118840e-01 7.964000e-03 1.801520e-01
145 8.104120e-01 8.036000e-03 1.815520e-01
146 8.090680e-01 7.952000e-03 1.829800e-01
147 8.076920e-01 7.960000e-03 1.843480e-01
148 8.063120e-01 8.000000e-03 1.856880e-01
149 8.049600e-01 7.952000e-03 1.870880e-01
150 8.036200e-01 7.868000e-03 1.885120e-01
151 8.022000e-01 7.844000e-03 1.899560e-01
152 8.008640e-01 7.752000e-03 1.913840e-01
153 7.995800e-01 7.724000e-03 1.926960e-01
154 7.983840e-01 7.608000e-03 1.940080e-01
155 7.971720e-01 7.624000e-03 1.952040e-01
156 7.959400e-01 7.596000e-03 1.964640e-01
157 7.947440e-01 7.444000e-03 1.978120e-01
158 7.935800e-01 7.316000e-03 1.991040e-01
159 7.924160e-01 7.136000e-03 2.004480e-01
160 7.912640e-01 7.048000e-03 2.016880e-01
161 7.900240e-01 7.152000e-03 2.028240e-01
162 7.887440e-01 7.208000e-03 2.040480e-01
163 7.875920e-01 7.104000e-03 2.053040e-01
164 7.863960e-01 7.136000e-03 2.064680e-01
165 7.851840e-01 7.144000e-03 2.076720e-01
166 7.839440e-01 7.168000e-03 2.088880e-01
167 7.827040e-01 7.252000e-03 2.100440e-01
168 7.814200e-01 7.200000e-03 2.113800e-01
169 7.800640e-01 7.308000e-03 2.126280e-01
170 7.786960e-01 7.512000e-03 2.137920e-01
171 7.772520e-01 7.704000e-03 2.150440e-01
172 7.759920e-01 7.456000e-03 2.165520e-01
173 7.746520e-01 7.468000e-03 2.178800e-01
174 7.733640e-01 7.376000e-03 2.192600e-01
175 7.720240e-01 7.444000e-03 2.205320e-01
176 7.708200e-01 7.288000e-03 2.218920e-01
177 7.695440e-01 7.320000e-03 2.231360e-01
178 7.682560e-01 7.356000e-03 2.243880e-01
179 7.671480e-01 7.204000e-03 2.256480e-01
180 7.660560e-01 7.056000e-03 2.268880e-01
181 7.649200e-01 6.940000e-03 2.281400e-01
182 7.637120e-01 6.948000e-03 2.293400e-01
183 7.624240e-01 7.028000e-03 2.305480e-01
184 7.612240e-01 6.956000e-03 2.318200e-01
185 7.602280e-01 6.688000e-03 2.330840e-01
186 7.592280e-01 6.448000e-03 2.343240e-01
187 7.580440e-01 6.468000e-03 2.354880e-01
188 7.570280e-01 6.296000e-03 2.366760e-01
189 7.560640e-01 6.156000e-03 2.377800e-01
190 7.551200e-01 6.088000e-03 2.387920e-01
191 7.541600e-01 5.956000e-03 2.398840e-01
192 7.531480e-01 5.908000e-03 2.409440e-01
193 7.522040e-01 5.784000e-03 2.420120e-01
194 7.512560e-01 5.856000e-03 2.428880e-01
195 7.502400e-01 5.836000e-03 2.439240e-01
196 7.491800e-01 5.864000e-03 2.449560e-01
197 7.482040e-01 5.860000e-03 2.459360e-01
198 7.471840e-01 5.880000e-03 2.469360e-01
199 7.462240e-01 5.740000e-03 2.480360e-01
200 7.452800e-01 5.740000e-03 2.489800e-01
201 7.443800e-01 5.624000e-03 2.499960e-01
202 7.434880e-01 5.556000e-03 2.509560e-01
203 7.426240e-01 5.420000e-03 2.519560e-01
204 7.417000e-01 5.428000e-03 2.528720e-01
205 7.409000e-01 5.416000e-03 2.536840e-01
206 7.400440e-01 5.316000e-03 2.546400e-01
207 7.392720e-01 5.160000e-03 2.555680e-01
208 7.384840e-01 4.960000e-03 2.565560e-01
209 7.377000e-01 4.964000e-03 2.573360e-01
210 7.370120e-01 4.780000e-03 2.582080e-01
211 7.361760e-01 4.772000e-03 2.590520e-01
212 7.353040e-01 4.812000e-03 2.598840e-01
213 7.344440e-01 4.836000e-03 2.607200e-01
214 7.335920e-01 4.868000e-03 2.615400e-01
215 7.326440e-01 5.016000e-03 2.623400e-01
216 7.319320e-01 4.796000e-03 2.632720e-01
217 7.310920e-01 4.792000e-03 2.641160e-01
218 7.302960e-01 4.812000e-03 2.648920e-01
219 7.294560e-01 4.752000e-03 2.657920e-01
220 7.286480e-01 4.736000e-03 2.666160e-01
221 7.280600e-01 4.532000e-03 2.674080e-01
222 7.274520e-01 4.432000e-03 2.681160e-01
223 7.267040e-01 4.464000e-03 2.688320e-01
224 7.260680e-01 4.348000e-03 2.695840e-01
225 7.253600e-01 4.292000e-03 2.703480e-01
226 7.246160e-01 4.288000e-03 2.710960e-01
227 7.238160e-01 4.304000e-03 2.718800e-01
228 7.230400e-01 4.364000e-03 2.725960e-01
229 7.223680e-01 4.176000e-03 2.734560e-01
230 7.214920e-01 4.268000e-03 2.742400e-01
231 7.206840e-01 4.316000e-03 2.750000e-01
232 7.198880e-01 4.368000e-03 2.757440e-01
233 7.191880e-01 4.268000e-03 2.765440e-01
234 7.185160e-01 4.260000e-03 2.772240e-01
235 7.176640e-01 4.392000e-03 2.779440e-01
236 7.168560e-01 4.468000e-03 2.786760e-01
237 7.160160e-01 4.516000e-03 2.794680e-01
238 7.152480e-01 4.520000e-03 2.802320e-01
239 7.145240e-01 4.376000e-03 2.811000e-01
240 7.137640e-01 4.332000e-03 2.819040e-01
241 7.130160e-01 4.276000e-03 2.827080e-01
242 7.121640e-01 4.400000e-03 2.834360e-01
243 7.113400e-01 4.424000e-03 2.842360e-01
244 7.105600e-01 4.440000e-03 2.850000e-01
245 7.097200e-01 4.448000e-03 2.858320e-01
246 7.090520e-01 4.392000e-03 2.865560e-01
247 7.083080e-01 4.360000e-03 2.873320e-01
248 7.076480e-01 4.264000e-03 2.880880e-01
249 7.069240e-01 4.304000e-03 2.887720e-01
250 7.063680e-01 4.044000e-03 2.895880e-01
251 7.057560e-01 3.928000e-03 2.903160e-01
252 7.051920e-01 3.864000e-03 2.909440e-01
253 7.046360e-01 3.760000e-03 2.916040e-01
254 7.040080e-01 3.736000e-03 2.922560e-01
255 7.034120e-01 3.672000e-03 2.929160e-01
256 7.028240e-01 3.672000e-03 2.935040e-01
257 7.021680e-01 3.684000e-03 2.941480e-01
258 7.016000e-01 3.612000e-03 2.947880e-01
259 7.010000e-01 3.592000e-03 2.954080e-01
260 7.004000e-01 3.512000e-03 2.960880e-01
261 6.998240e-01 3.464000e-03 2.967120e-01
262 6.993160e-01 3.360000e-03 2.973240e-01
263 6.988240e-01 3.300000e-03 2.978760e-01
264 6.983600e-01 3.192000e-03 2.984480e-01
265 6.978800e-01 3.108000e-03 2.990120e-01
266 6.975240e-01 2.980000e-03 2.994960e-01
267 6.970440e-01 2.904000e-03 3.000520e-01
268 6.965840e-01 2.840000e-03 3.005760e-01
269 6.961000e-01 2.836000e-03 3.010640e-01
270 6.955800e-01 2.880000e-03 3.015400e-01
271 6.951320e-01 2.828000e-03 3.020400e-01
272 6.947040e-01 2.728000e-03 3.025680e-01
273 6.941840e-01 2.760000e-03 3.030560e-01
274 6.936840e-01 2.760000e-03 3.035560e-01
275 6.931320e-01 2.840000e-03 3.040280e-01
276 6.925680e-01 2.820000e-03 3.046120e-01
277 6.920880e-01 2.792000e-03 3.051200e-01
278 6.915200e-01 2.836000e-03 3.056440e-01
279 6.909280e-01 2.900000e-03 3.061720e-01
280 6.903760e-01 2.936000e-03 3.066880e-01
281 6.899040e-01 2.844000e-03 3.072520e-01
282 6.894320e-01 2.808000e-03 3.077600e-01
283 6.890360e-01 2.728000e-03 3.082360e-01
284 6.885720e-01 2.636000e-03 3.087920e-01
285 6.880560e-01 2.668000e-03 3.092760e-01
286 6.875600e-01 2.692000e-03 3.097480e-01
287 6.870720e-01 2.676000e-03 3.102520e-01
288 6.865360e-01 2.772000e-03 3.106920e-01
289 6.860360e-01 2.756000e-03 3.112080e-01
290 6.855920e-01 2.704000e-03 3.117040e-01
291 6.852040e-01 2.552000e-03 3.122440e-01
292 6.847800e-01 2.584000e-03 3.126360e-01
293 6.843400e-01 2.528000e-03 3.131320e-01
294 6.839360e-01 2.476000e-03 3.135880e-01
295 6.835240e-01 2.472000e-03 3.140040e-01
296 6.831200e-01 2.460000e-03 3.144200e-01
297 6.827720e-01 2.412000e-03 3.148160e-01
298 6.823280e-01 2.432000e-03 3.152400e-01
299 6.818880e-01 2.496000e-03 3.156160e-01
300 6.814640e-01 2.524000e-03 3.160120e-01
301 6.810120e-01 2.568000e-03 3.164200e-01
302 6.805320e-01 2.608000e-03 3.168600e-01
303 6.802000e-01 2.504000e-03 3.172960e-01
304 6.798120e-01 2.540000e-03 3.176480e-01
305 6.794240e-01 2.492000e-03 3.180840e-01
306 6.790400e-01 2.436000e-03 3.185240e-01
307 6.786680e-01 2.312000e-03 3.190200e-01
308 6.782520e-01 2.348000e-03 3.194000e-01
309 6.778160e-01 2.408000e-03 3.197760e-01
310 6.774880e-01 2.344000e-03 3.201680e-01
311 6.771440e-01 2.328000e-03 3.205280e-01
312 6.767000e-01 2.344000e-03 3.209560e-01
313 6.762080e-01 2.456000e-03 3.213360e-01
314 6.757680e-01 2.468000e-03 3.217640e-01
315 6.753240e-01 2.480000e-03 3.221960e-01
316 6.748720e-01 2.476000e-03 3.226520e-01
317 6.744320e-01 2.412000e-03 3.231560e-01
318 6.740280e-01 2.456000e-03 3.235160e-01
319 6.735920e-01 2.436000e-03 3.239720e-01
320 6.731640e-01 2.420000e-03 3.244160e-01
321 6.727800e-01 2.404000e-03 3.248160e-01
322 6.723520e-01 2.424000e-03 3.252240e-01
323 6.719400e-01 2.372000e-03 3.256880e-01
324 6.715560e-01 2.352000e-03 3.260920e-01
325 6.711200e-01 2.384000e-03 3.264960e-01
326 6.706680e-01 2.464000e-03 3.268680e-01
327 6.703240e-01 2.396000e-03 3.272800e-01
328 6.699200e-01 2.404000e-03 3.276760e-01
329 6.695960e-01 2.336000e-03 3.280680e-01
330 6.691920e-01 2.384000e-03 3.284240e-01
331 6.688200e-01 2.228000e-03 3.289520e-01
332 6.684360e-01 2.296000e-03 3.292680e-01
333 6.680360e-01 2.276000e-03 3.296880e-01
334 6.677080e-01 2.172000e-03 3.301200e-01
335 6.673520e-01 2.116000e-03 3.305320e-01
336 6.670400e-01 2.076000e-03 3.308840e-01
337 6.666600e-01 2.144000e-03 3.311960e-01
338 6.663400e-01 2.092000e-03 3.315680e-01
339 6.660560e-01 1.988000e-03 3.319560e-01
340 6.657960e-01 1.852000e-03 3.323520e-01
341 6.655280e-01 1.744000e-03 3.327280e-01
342 6.652400e-01 1.736000e-03 3.330240e-01
343 6.649920e-01 1.640000e-03 3.333680e-01
344 6.647280e-01 1.636000e-03 3.336360e-01
345 6.644720e-01 1.656000e-03 3.338720e-01
346 6.641640e-01 1.668000e-03 3.341680e-01
347 6.638320e-01 1.704000e-03 3.344640e-01
348 6.635400e-01 1.732000e-03 3.347280e-01
349 6.632520e-01 1.756000e-03 3.349920e-01
350 6.629040e-01 1.780000e-03 3.353160e-01
351 6.626840e-01 1.716000e-03 3.356000e-01
352 6.624440e-01 1.616000e-03 3.359400e-01
353 6.621760e-01 1.620000e-03 3.362040e-01
354 6.618520e-01 1.608000e-03 3.365400e-01
355 6.615480e-01 1.632000e-03 3.368200e-01
356 6.612680e-01 1.676000e-03 3.370560e-01
357 6.609400e-01 1.700000e-03 3.373600e-01
358 6.606280e-01 1.696000e-03 3.376760e-01
359 6.603040e-01 1.692000e-03 3.380040e-01
360 6.599680e-01 1.744000e-03 3.382880e-01
361 6.596880e-01 1.712000e-03 3.386000e-01
362 6.593760e-01 1.780000e-03 3.388440e-01
363 6.590760e-01 1.832000e-03 3.390920e-01
364 6.586880e-01 1.920000e-03 3.393920e-01
365 6.584080e-01 1.864000e-03 3.397280e-01
366 6.581400e-01 1.804000e-03 3.400560e-01
367 6.578200e-01 1.828000e-03 3.403520e-01
368 6.575600e-01 1.780000e-03 3.406600e-01
369 6.572800e-01 1.784000e-03 3.409360e-01
370 6.569240e-01 1.820000e-03 3.412560e-01
371 6.565840e-01 1.836000e-03 3.415800e-01
372 6.562000e-01 1.936000e-03 3.418640e-01
373 6.558840e-01 1.928000e-03 3.421880e-01
374 6.556080e-01 1.892000e-03 3.425000e-01
375 6.552640e-01 1.864000e-03 3.428720e-01
376 6.550360e-01 1.788000e-03 3.431760e-01
377 6.547120e-01 1.772000e-03 3.435160e-01
378 6.544280e-01 1.768000e-03 3.438040e-01
379 6.541520e-01 1.680000e-03 3.441680e-01
380 6.538960e-01 1.600000e-03 3.445040e-01
381 6.536560e-01 1.528000e-03 3.448160e-01
382 6.533680e-01 1.544000e-03 3.450880e-01
383 6.531280e-01 1.552000e-03 3.453200e-01
384 6.528800e-01 1.572000e-03 3.455480e-01
385 6.526640e-01 1.476000e-03 3.458600e-01
386 6.524160e-01 1.468000e-03 3.461160e-01
387 6.521960e-01 1.428000e-03 3.463760e-01
388 6.519200e-01 1.428000e-03 3.466520e-01
389 6.516880e-01 1.416000e-03 3.468960e-01
390 6.514320e-01 1.432000e-03 3.471360e-01
391 6.511440e-01 1.424000e-03 3.474320e-01
392 6.508640e-01 1.456000e-03 3.476800e-01
393 6.505680e-01 1.452000e-03 3.479800e-01
394 6.503520e-01 1.428000e-03 3.482200e-01
395 6.501520e-01 1.340000e-03 3.485080e-01
396 6.499040e-01 1.332000e-03 3.487640e-01
397 6.496560e-01 1.348000e-03 3.489960e-01
398 6.494240e-01 1.344000e-03 3.492320e-01
399 6.491320e-01 1.400000e-03 3.494680e-01
400 6.488840e-01 1.380000e-03 3.497360e-01
401 6.486360e-01 1.360000e-03 3.500040e-01
402 6.484000e-01 1.388000e-03 3.502120e-01
403 6.481720e-01 1.396000e-03 3.504320e-01
404 6.479400e-01 1.404000e-03 3.506560e-01
405 6.476640e-01 1.424000e-03 3.509120e-01
406 6.473680e-01 1.452000e-03 3.511800e-01
407 6.471120e-01 1.456000e-03 3.514320e-01
408 6.468760e-01 1.476000e-03 3.516480e-01
409 6.465680e-01 1.568000e-03 3.518640e-01
410 6.463040e-01 1.548000e-03 3.521480e-01
411 6.460200e-01 1.596000e-03 3.523840e-01
412 6.457040e-01 1.636000e-03 3.526600e-01
413 6.453960e-01 1.636000e-03 3.529680e-01
414 6.452160e-01 1.528000e-03 3.532560e-01
415 6.449560e-01 1.512000e-03 3.535320e-01
416 6.446160e-01 1.628000e-03 3.537560e-01
417 6.443800e-01 1.572000e-03 3.540480e-01
418 6.441120e-01 1.544000e-03 3.543440e-01
419 6.438920e-01 1.500000e-03 3.546080e-01
420 6.437360e-01 1.408000e-03 3.548560e-01
421 6.435160e-01 1.408000e-03 3.550760e-01
422 6.432960e-01 1.392000e-03 3.553120e-01
423 6.431120e-01 1.324000e-03 3.555640e-01
424 6.429280e-01 1.216000e-03 3.558560e-01
425 6.427760e-01 1.200000e-03 3.560240e-01
426 6.426080e-01 1.200000e-03 3.561920e-01
427 6.424040e-01 1.184000e-03 3.564120e-01
428 6.421640e-01 1.208000e-03 3.566280e-01
429 6.419200e-01 1.260000e-03 3.568200e-01
430 6.416240e-01 1.292000e-03 3.570840e-01
431 6.414080e-01 1.280000e-03 3.573120e-01
432 6.410320e-01 1.472000e-03 3.574960e-01
433 6.407720e-01 1.476000e-03 3.577520e-01
434 6.405440e-01 1.416000e-03 3.580400e-01
435 6.402960e-01 1.448000e-03 3.582560e-01
436 6.400720e-01 1.400000e-03 3.585280e-01
437 6.398280e-01 1.400000e-03 3.587720e-01
438 6.395320e-01 1.480000e-03 3.589880e-01
439 6.392760e-01 1.424000e-03 3.593000e-01
440 6.390000e-01 1.476000e-03 3.595240e-01
441 6.388080e-01 1.396000e-03 3.597960e-01
442 6.385680e-01 1.420000e-03 3.600120e-01
443 6.383200e-01 1.416000e-03 3.602640e-01
444 6.380040e-01 1.488000e-03 3.605080e-01
445 6.377880e-01 1.420000e-03 3.607920e-01
446 6.374960e-01 1.460000e-03 3.610440e-01
447 6.372480e-01 1.488000e-03 3.612640e-01
448 6.370360e-01 1.472000e-03 3.614920e-01
449 6.368280e-01 1.460000e-03 3.617120e-01
450 6.366440e-01 1.432000e-03 3.619240e-01
451 6.363880e-01 1.440000e-03 3.621720e-01
452 6.361320e-01 1.468000e-03 3.624000e-01
453 6.358680e-01 1.476000e-03 3.626560e-01
454 6.356160e-01 1.476000e-03 3.629080e-01
455 6.353560e-01 1.396000e-03 3.632480e-01
456 6.350920e-01 1.432000e-03 3.634760e-01
457 6.348640e-01 1.436000e-03 3.637000e-01
458 6.346640e-01 1.388000e-03 3.639480e-01
459 6.344440e-01 1.404000e-03 3.641520e-01
460 6.342240e-01 1.384000e-03 3.643920e-01
461 6.339560e-01 1.420000e-03 3.646240e-01
462 6.336960e-01 1.448000e-03 3.648560e-01
463 6.334920e-01 1.392000e-03 3.651160e-01
464 6.332200e-01 1.432000e-03 3.653480e-01
465 6.330040e-01 1.356000e-03 3.656400e-01
466 6.327920e-01 1.344000e-03 3.658640e-01
467 6.326240e-01 1.280000e-03 3.660960e-01
468 6.324440e-01 1.288000e-03 3.662680e-01
469 6.322720e-01 1.244000e-03 3.664840e-01
470 6.321400e-01 1.212000e-03 3.666480e-01
471 6.319520e-01 1.212000e-03 3.668360e-01
472 6.318240e-01 1.128000e-03 3.670480e-01
473 6.317040e-01 1.044000e-03 3.672520e-01
474 6.316120e-01 9.880000e-04 3.674000e-01
475 6.315040e-01 9.000000e-04 3.675960e-01
476 6.313680e-01 8.560000e-04 3.677760e-01
477 6.312080e-01 8.480000e-04 3.679440e-01
478 6.310480e-01 8.880000e-04 3.680640e-01
479 6.309040e-01 9.040000e-04 3.681920e-01
480 6.307160e-01 9.160000e-04 3.683680e-01
481 6.305920e-01 8.720000e-04 3.685360e-01
482 6.304200e-01 8.960000e-04 3.686840e-01
483 6.302720e-01 9.320000e-04 3.687960e-01
484 6.301360e-01 8.920000e-04 3.689720e-01
485 6.299560e-01 9.280000e-04 3.691160e-01
486 6.298080e-01 9.280000e-04 3.692640e-01
487 6.296920e-01 8.960000e-04 3.694120e-01
488 6.295640e-01 8.400000e-04 3.695960e-01
489 6.294320e-01 8.320000e-04 3.697360e-01
490 6.292800e-01 8.520000e-04 3.698680e-01
491 6.291200e-01 8.400000e-04 3.700400e-01
492 6.289680e-01 8.720000e-04 3.701600e-01
493 6.288280e-01 8.560000e-04 3.703160e-01
494 6.286440e-01 9.080000e-04 3.704480e-01
495 6.284640e-01 9.680000e-04 3.705680e-01
496 6.282600e-01 9.920000e-04 3.707480e-01
497 6.280840e-01 9.480000e-04 3.709680e-01
498 6.278760e-01 9.560000e-04 3.711680e-01
499 6.276640e-01 9.680000e-04 3.713680e-01
500 6.274480e-01 9.800000e-04 3.715720e-01
