1 9.991040e-01 7.840000e-04 1.120000e-04
2 9.985960e-01 1.132000e-03 2.720000e-04
3 9.978920e-01 1.608000e-03 5.000000e-04
4 9.969520e-01 2.208000e-03 8.400000e-04
5 9.961280e-01 2.608000e-03 1.264000e-03
6 9.952360e-01 3.072000e-03 1.692000e-03
7 9.941520e-01 3.600000e-03 2.248000e-03
8 9.930640e-01 4.052000e-03 2.884000e-03
9 9.919280e-01 4.448000e-03 3.624000e-03
10 9.908240e-01 4.792000e-03 4.384000e-03
11 9.897360e-01 5.188000e-03 5.076000e-03
12 9.884400e-01 5.500000e-03 6.060000e-03
13 9.871560e-01 5.780000e-03 7.064000e-03
14 9.857880e-01 6.080000e-03 8.132000e-03
15 9.845360e-01 6.164000e-03 9.300000e-03
16 9.833080e-01 6.296000e-03 1.039600e-02
17 9.821400e-01 6.256000e-03 1.160400e-02
18 9.808000e-01 6.552000e-03 1.264800e-02
19 9.796720e-01 6.504000e-03 1.382400e-02
20 9.784160e-01 6.660000e-03 1.492400e-02
21 9.770200e-01 6.780000e-03 1.620000e-02
22 9.756920e-01 6.812000e-03 1.749600e-02
23 9.742280e-01 7.116000e-03 1.865600e-02
24 9.728880e-01 7.220000e-03 1.989200e-02
25 9.715960e-01 7.296000e-03 2.110800e-02
26 9.702640e-01 7.448000e-03 2.228800e-02
27 9.687880e-01 7.728000e-03 2.348400e-02
28 9.672200e-01 7.912000e-03 2.486800e-02
29 9.657560e-01 8.076000e-03 2.616800e-02
30 9.642360e-01 8.228000e-03 2.753600e-02
31 9.627120e-01 8.168000e-03 2.912000e-02
32 9.610360e-01 8.336000e-03 3.062800e-02
33 9.595520e-01 8.388000e-03 3.206000e-02
34 9.578880e-01 8.716000e-03 3.339600e-02
35 9.563560e-01 8.668000e-03 3.497600e-02
36 9.547760e-01 8.728000e-03 3.649600e-02
37 9.533240e-01 8.564000e-03 3.811200e-02
38 9.519000e-01 8.612000e-03 3.948800e-02
39 9.502160e-01 8.728000e-03 4.105600e-02
40 9.486480e-01 8.696000e-03 4.265600e-02
41 9.470680e-01 8.776000e-03 4.415600e-02
42 9.455480e-01 8.780000e-03 4.567200e-02
43 9.437880e-01 9.016000e-03 4.719600e-02
44 9.421280e-01 9.144000e-03 4.872800e-02
45 9.403760e-01 9.252000e-03 5.037200e-02
46 9.388400e-01 9.232000e-03 5.192800e-02
47 9.370160e-01 9.448000e-03 5.353600e-02
48 9.352320e-01 9.700000e-03 5.506800e-02
49 9.334520e-01 9.896000e-03 5.665200e-02
50 9.317520e-01 9.996000e-03 5.825200e-02
51 9.297840e-01 1.017600e-02 6.004000e-02
52 9.278240e-01 1.027600e-02 6.190000e-02
53 9.258520e-01 1.039600e-02 6.375200e-02
54 9.238640e-01 1.035600e-02 6.578000e-02
55 9.218640e-01 1.054800e-02 6.758800e-02
56 9.199840e-01 1.061600e-02 6.940000e-02
57 9.181320e-01 1.062400e-02 7.124400e-02
58 9.161720e-01 1.056800e-02 7.326000e-02
59 9.143040e-01 1.054400e-02 7.515200e-02
60 9.124640e-01 1.052000e-02 7.701600e-02
61 9.108160e-01 1.024400e-02 7.894000e-02
62 9.092000e-01 1.002800e-02 8.077200e-02
63 9.074160e-01 1.010400e-02 8.248000e-02
64 9.055760e-01 1.033600e-02 8.408800e-02
65 9.037760e-01 1.041600e-02 8.580800e-02
66 9.021160e-01 1.023200e-02 8.765200e-02
67 9.003400e-01 1.021600e-02 8.944400e-02
68 8.986920e-01 9.984000e-03 9.132400e-02
69 8.972720e-01 9.676000e-03 9.305200e-02
70 8.956480e-01 9.512000e-03 9.484000e-02
71 8.940360e-01 9.540000e-03 9.642400e-02
72 8.923320e-01 9.456000e-03 9.821200e-02
73 8.907520e-01 9.504000e-03 9.974400e-02
74 8.889600e-01 9.616000e-03 1.014240e-01
75 8.872320e-01 9.684000e-03 1.030840e-01
76 8.855680e-01 9.780000e-03 1.046520e-01
77 8.838280e-01 9.780000e-03 1.063920e-01
78 8.822080e-01 9.652000e-03 1.081400e-01
79 8.805240e-01 9.768000e-03 1.097080e-01
80 8.786560e-01 9.920000e-03 1.114240e-01
81 8.768680e-01 9.984000e-03 1.131480e-01
82 8.750440e-01 1.010000e-02 1.148560e-01
83 8.734120e-01 9.972000e-03 1.166160e-01
84 8.717360e-01 9.996000e-03 1.182680e-01
85 8.699800e-01 9.900000e-03 1.201200e-01
86 8.681800e-01 9.920000e-03 1.219000e-01
87 8.665560e-01 9.816000e-03 1.236280e-01
88 8.650080e-01 9.564000e-03 1.254280e-01
89 8.633760e-01 9.436000e-03 1.271880e-01
90 8.617880e-01 9.540000e-03 1.286720e-01
91 8.600280e-01 9.552000e-03 1.304200e-01
92 8.583200e-01 9.596000e-03 1.320840e-01
93 8.567840e-01 9.484000e-03 1.337320e-01
94 8.551760e-01 9.548000e-03 1.352760e-01
95 8.534400e-01 9.716000e-03 1.368440e-01
96 8.519800e-01 9.476000e-03 1.385440e-01
97 8.504200e-01 9.444000e-03 1.401360e-01
98 8.488520e-01 9.360000e-03 1.417880e-01
99 8.473160e-01 9.276000e-03 1.434080e-01
100 8.458000e-01 9.264000e-03 1.449360e-01
101 8.441680e-01 9.204000e-03 1.466280e-01
102 8.425640e-01 9.196000e-03 1.482400e-01
103 8.409920e-01 9.220000e-03 1.497880e-01
104 8.394880e-01 9.140000e-03 1.513720e-01
105 8.380920e-01 8.888000e-03 1.530200e-01
106 8.364600e-01 9.036000e-03 1.545040e-01
107 8.347280e-01 9.180000e-03 1.560920e-01
108 8.332520e-01 9.100000e-03 1.576480e-01
109 8.316440e-01 8.948000e-03 1.594080e-01
110 8.300800e-01 8.968000e-03 1.609520e-01
111 8.284440e-01 9.176000e-03 1.623800e-01
112 8.268360e-01 9.284000e-03 1.638800e-01
113 8.253560e-01 9.216000e-03 1.654280e-01
114 8.238280e-01 9.124000e-03 1.670480e-01
115 8.222720e-01 9.044000e-03 1.686840e-01
116 8.207600e-01 8.984000e-03 1.702560e-01
117 8.192160e-01 9.080000e-03 1.717040e-01
118 8.175400e-01 9.172000e-03 1.732880e-01
119 8.158520e-01 9.264000e-03 1.748840e-01
120 8.142720e-01 9.112000e-03 1.766160e-01
121 8.129240e-01 8.956000e-03 1.781200e-01
122 8.113800e-01 9.028000e-03 1.795920e-01
123 8.100280e-01 8.776000e-03 1.811960e-01
124 8.086040e-01 8.620000e-03 1.827760e-01
125 8.072240e-01 8.480000e-03 1.842960e-01
126 8.058160e-01 8.468000e-03 1.857160e-01
127 8.045240e-01 8.152000e-03 1.873240e-01
128 8.032000e-01 8.052000e-03 1.887480e-01
129 8.018160e-01 8.108000e-03 1.900760e-01
130 8.005560e-01 7.856000e-03 1.915880e-01
131 7.991280e-01 7.856000e-03 1.930160e-01
132 7.979560e-01 7.676000e-03 1.943680e-01
133 7.967040e-01 7.572000e-03 1.957240e-01
134 7.953920e-01 7.508000e-03 1.971000e-01
135 7.941880e-01 7.380000e-03 1.984320e-01
136 7.931200e-01 7.316000e-03 1.995640e-01
137 7.919960e-01 7.104000e-03 2.009000e-01
138 7.907800e-01 7.156000e-03 2.020640e-01
139 7.896120e-01 7.040000e-03 2.033480e-01
140 7.884000e-01 7.020000e-03 2.045800e-01
141 7.872560e-01 7.000000e-03 2.057440e-01
142 7.861040e-01 6.960000e-03 2.069360e-01
143 7.849080e-01 6.936000e-03 2.081560e-01
144 7.838400e-01 6.876000e-03 2.092840e-01
145 7.826280e-01 6.888000e-03 2.104840e-01
146 7.815600e-01 6.748000e-03 2.116920e-01
147 7.804320e-01 6.712000e-03 2.128560e-01
148 7.792800e-01 6.680000e-03 2.140400e-01
149 7.781520e-01 6.656000e-03 2.151920e-01
150 7.770120e-01 6.560000e-03 2.164280e-01
151 7.758600e-01 6.552000e-03 2.175880e-01
152 7.749160e-01 6.328000e-03 2.187560e-01
153 7.737880e-01 6.436000e-03 2.197760e-01
154 7.726760e-01 6.432000e-03 2.208920e-01
155 7.714640e-01 6.612000e-03 2.219240e-01
156 7.703160e-01 6.624000e-03 2.230600e-01
157 7.691080e-01 6.648000e-03 2.242440e-01
158 7.680600e-01 6.568000e-03 2.253720e-01
159 7.669280e-01 6.536000e-03 2.265360e-01
160 7.658160e-01 6.440000e-03 2.277440e-01
161 7.646880e-01 6.440000e-03 2.288720e-01
162 7.635200e-01 6.456000e-03 2.300240e-01
163 7.623200e-01 6.524000e-03 2.311560e-01
164 7.613040e-01 6.348000e-03 2.323480e-01
165 7.602800e-01 6.264000e-03 2.334560e-01
166 7.593400e-01 6.044000e-03 2.346160e-01
167 7.583200e-01 6.100000e-03 2.355800e-01
168 7.571960e-01 6.124000e-03 2.366800e-01
169 7.561360e-01 6.088000e-03 2.377760e-01
170 7.551560e-01 6.068000e-03 2.387760e-01
171 7.540280e-01 6.148000e-03 2.398240e-01
172 7.530480e-01 6.036000e-03 2.409160e-01
173 7.520240e-01 5.944000e-03 2.420320e-01
174 7.510840e-01 5.860000e-03 2.430560e-01
175 7.501000e-01 5.868000e-03 2.440320e-01
176 7.491480e-01 5.772000e-03 2.450800e-01
177 7.481360e-01 5.860000e-03 2.460040e-01
178 7.471720e-01 5.768000e-03 2.470600e-01
179 7.461920e-01 5.656000e-03 2.481520e-01
180 7.452360e-01 5.740000e-03 2.490240e-01
181 7.443440e-01 5.596000e-03 2.500600e-01
182 7.435160e-01 5.368000e-03 2.511160e-01
183 7.424920e-01 5.504000e-03 2.520040e-01
184 7.415480e-01 5.424000e-03 2.530280e-01
185 7.406920e-01 5.320000e-03 2.539880e-01
186 7.398560e-01 5.276000e-03 2.548680e-01
187 7.389760e-01 5.268000e-03 2.557560e-01
188 7.380680e-01 5.224000e-03 2.567080e-01
189 7.371360e-01 5.268000e-03 2.575960e-01
190 7.363400e-01 5.100000e-03 2.585600e-01
191 7.353960e-01 5.144000e-03 2.594600e-01
192 7.344960e-01 5.040000e-03 2.604640e-01
193 7.336360e-01 5.068000e-03 2.612960e-01
194 7.327640e-01 5.060000e-03 2.621760e-01
195 7.318960e-01 5.068000e-03 2.630360e-01
196 7.310400e-01 5.004000e-03 2.639560e-01
197 7.300840e-01 5.104000e-03 2.648120e-01
198 7.292480e-01 5.128000e-03 2.656240e-01
199 7.284640e-01 5.144000e-03 2.663920e-01
200 7.274840e-01 5.280000e-03 2.672360e-01
201 7.266480e-01 5.108000e-03 2.682440e-01
202 7.257880e-01 5.016000e-03 2.691960e-01
203 7.250240e-01 4.852000e-03 2.701240e-01
204 7.242440e-01 4.796000e-03 2.709600e-01
205 7.233600e-01 4.928000e-03 2.717120e-01
206 7.225360e-01 4.820000e-03 2.726440e-01
207 7.217360e-01 4.688000e-03 2.735760e-01
208 7.209840e-01 4.700000e-03 2.743160e-01
209 7.202200e-01 4.676000e-03 2.751040e-01
210 7.194000e-01 4.704000e-03 2.758960e-01
211 7.187160e-01 4.552000e-03 2.767320e-01
212 7.178880e-01 4.516000e-03 2.775960e-01
213 7.171120e-01 4.524000e-03 2.783640e-01
214 7.162880e-01 4.536000e-03 2.791760e-01
215 7.156240e-01 4.552000e-03 2.798240e-01
216 7.148760e-01 4.468000e-03 2.806560e-01
217 7.141880e-01 4.440000e-03 2.813720e-01
218 7.133160e-01 4.476000e-03 2.822080e-01
219 7.124440e-01 4.592000e-03 2.829640e-01
220 7.117000e-01 4.544000e-03 2.837560e-01
221 7.109480e-01 4.436000e-03 2.846160e-01
222 7.103000e-01 4.336000e-03 2.853640e-01
223 7.095320e-01 4.364000e-03 2.861040e-01
224 7.088000e-01 4.336000e-03 2.868640e-01
225 7.080960e-01 4.252000e-03 2.876520e-01
226 7.073760e-01 4.276000e-03 2.883480e-01
227 7.066120e-01 4.244000e-03 2.891440e-01
228 7.059440e-01 4.168000e-03 2.898880e-01
229 7.051840e-01 4.136000e-03 2.906800e-01
230 7.045920e-01 3.868000e-03 2.915400e-01
231 7.039520e-01 3.920000e-03 2.921280e-01
232 7.033840e-01 3.892000e-03 2.927240e-01
233 7.026920e-01 3.916000e-03 2.933920e-01
234 7.020560e-01 3.960000e-03 2.939840e-01
235 7.012960e-01 3.968000e-03 2.947360e-01
236 7.006160e-01 3.948000e-03 2.954360e-01
237 6.999360e-01 3.948000e-03 2.961160e-01
238 6.992600e-01 3.952000e-03 2.967880e-01
239 6.984840e-01 4.100000e-03 2.974160e-01
240 6.977480e-01 4.088000e-03 2.981640e-01
241 6.971240e-01 4.036000e-03 2.988400e-01
242 6.963800e-01 4.044000e-03 2.995760e-01
243 6.956840e-01 3.924000e-03 3.003920e-01
244 6.949480e-01 3.992000e-03 3.010600e-01
245 6.942920e-01 3.912000e-03 3.017960e-01
246 6.936400e-01 3.880000e-03 3.024800e-01
247 6.930160e-01 3.824000e-03 3.031600e-01
248 6.924080e-01 3.764000e-03 3.038280e-01
249 6.916480e-01 3.896000e-03 3.044560e-01
250 6.910200e-01 3.844000e-03 3.051360e-01
251 6.903600e-01 3.860000e-03 3.057800e-01
252 6.896040e-01 3.912000e-03 3.064840e-01
253 6.889360e-01 3.864000e-03 3.072000e-01
254 6.883200e-01 3.888000e-03 3.077920e-01
255 6.877400e-01 3.772000e-03 3.084880e-01
256 6.871080e-01 3.772000e-03 3.091200e-01
257 6.864480e-01 3.740000e-03 3.098120e-01
258 6.857680e-01 3.844000e-03 3.103880e-01
259 6.849360e-01 3.980000e-03 3.110840e-01
260 6.842800e-01 3.884000e-03 3.118360e-01
261 6.835200e-01 4.008000e-03 3.124720e-01
262 6.828560e-01 4.020000e-03 3.131240e-01
263 6.822440e-01 3.880000e-03 3.138760e-01
264 6.815760e-01 3.948000e-03 3.144760e-01
265 6.810280e-01 3.788000e-03 3.151840e-01
266 6.804240e-01 3.796000e-03 3.157800e-01
267 6.797320e-01 3.856000e-03 3.164120e-01
268 6.791000e-01 3.784000e-03 3.171160e-01
269 6.783680e-01 3.912000e-03 3.177200e-01
270 6.777440e-01 3.808000e-03 3.184480e-01
271 6.771760e-01 3.676000e-03 3.191480e-01
272 6.766000e-01 3.676000e-03 3.197240e-01
273 6.760200e-01 3.608000e-03 3.203720e-01
274 6.754920e-01 3.468000e-03 3.210400e-01
275 6.749440e-01 3.408000e-03 3.216480e-01
276 6.744280e-01 3.276000e-03 3.222960e-01
277 6.737720e-01 3.444000e-03 3.227840e-01
278 6.731160e-01 3.500000e-03 3.233840e-01
279 6.724720e-01 3.576000e-03 3.239520e-01
280 6.718600e-01 3.580000e-03 3.245600e-01
281 6.712160e-01 3.636000e-03 3.251480e-01
282 6.705080e-01 3.716000e-03 3.257760e-01
283 6.698240e-01 3.856000e-03 3.263200e-01
284 6.691440e-01 3.896000e-03 3.269600e-01
285 6.683720e-01 3.912000e-03 3.277160e-01
286 6.677520e-01 3.844000e-03 3.284040e-01
287 6.670880e-01 3.760000e-03 3.291520e-01
288 6.663120e-01 3.860000e-03 3.298280e-01
289 6.657200e-01 3.740000e-03 3.305400e-01
290 6.651720e-01 3.680000e-03 3.311480e-01
291 6.646680e-01 3.468000e-03 3.318640e-01
292 6.640440e-01 3.488000e-03 3.324680e-01
293 6.634360e-01 3.400000e-03 3.331640e-01
294 6.628000e-01 3.492000e-03 3.337080e-01
295 6.622920e-01 3.404000e-03 3.343040e-01
296 6.617360e-01 3.408000e-03 3.348560e-01
297 6.612880e-01 3.196000e-03 3.355160e-01
298 6.607920e-01 3.092000e-03 3.361160e-01
299 6.603080e-01 3.064000e-03 3.366280e-01
300 6.598560e-01 3.052000e-03 3.370920e-01
301 6.593560e-01 3.104000e-03 3.375400e-01
302 6.588600e-01 3.064000e-03 3.380760e-01
303 6.583080e-01 3.172000e-03 3.385200e-01
304 6.577640e-01 3.172000e-03 3.390640e-01
305 6.572720e-01 3.104000e-03 3.396240e-01
306 6.567520e-01 3.080000e-03 3.401680e-01
307 6.562520e-01 3.112000e-03 3.406360e-01
308 6.557440e-01 3.088000e-03 3.411680e-01
309 6.552520e-01 3.020000e-03 3.417280e-01
310 6.547840e-01 2.928000e-03 3.422880e-01
311 6.542600e-01 2.908000e-03 3.428320e-01
312 6.537400e-01 2.932000e-03 3.433280e-01
313 6.533080e-01 2.824000e-03 3.438680e-01
314 6.528920e-01 2.712000e-03 3.443960e-01
315 6.524560e-01 2.692000e-03 3.448520e-01
316 6.519280e-01 2.824000e-03 3.452480e-01
317 6.514520e-01 2.856000e-03 3.456920e-01
318 6.510120e-01 2.796000e-03 3.461920e-01
319 6.505080e-01 2.748000e-03 3.467440e-01
320 6.500120e-01 2.764000e-03 3.472240e-01
321 6.495040e-01 2.768000e-03 3.477280e-01
322 6.490080e-01 2.820000e-03 3.481720e-01
323 6.485280e-01 2.768000e-03 3.487040e-01
324 6.480480e-01 2.788000e-03 3.491640e-01
325 6.476200e-01 2.700000e-03 3.496800e-01
326 6.472040e-01 2.640000e-03 3.501560e-01
327 6.467280e-01 2.704000e-03 3.505680e-01
328 6.462000e-01 2.756000e-03 3.510440e-01
329 6.457760e-01 2.656000e-03 3.515680e-01
330 6.453480e-01 2.624000e-03 3.520280e-01
331 6.448600e-01 2.596000e-03 3.525440e-01
332 6.444240e-01 2.592000e-03 3.529840e-01
333 6.440200e-01 2.540000e-03 3.534400e-01
334 6.436040e-01 2.444000e-03 3.539520e-01
335 6.432240e-01 2.420000e-03 3.543560e-01
336 6.428280e-01 2.400000e-03 3.547720e-01
337 6.424240e-01 2.412000e-03 3.551640e-01
338 6.420760e-01 2.308000e-03 3.556160e-01
339 6.417920e-01 2.244000e-03 3.559640e-01
340 6.414080e-01 2.220000e-03 3.563720e-01
341 6.409880e-01 2.292000e-03 3.567200e-01
342 6.406920e-01 2.180000e-03 3.571280e-01
343 6.403200e-01 2.196000e-03 3.574840e-01
344 6.398880e-01 2.264000e-03 3.578480e-01
345 6.394200e-01 2.352000e-03 3.582280e-01
346 6.389680e-01 2.332000e-03 3.587000e-01
347 6.385920e-01 2.364000e-03 3.590440e-01
348 6.381880e-01 2.288000e-03 3.595240e-01
349 6.377640e-01 2.264000e-03 3.599720e-01
350 6.373600e-01 2.268000e-03 3.603720e-01
351 6.369680e-01 2.248000e-03 3.607840e-01
352 6.366280e-01 2.180000e-03 3.611920e-01
353 6.362960e-01 2.164000e-03 3.615400e-01
354 6.359520e-01 2.176000e-03 3.618720e-01
355 6.355320e-01 2.156000e-03 3.623120e-01
356 6.351720e-01 2.108000e-03 3.627200e-01
357 6.348520e-01 2.100000e-03 3.630480e-01
358 6.344400e-01 2.156000e-03 3.634040e-01
359 6.340520e-01 2.200000e-03 3.637480e-01
360 6.336600e-01 2.220000e-03 3.641200e-01
361 6.333920e-01 2.128000e-03 3.644800e-01
362 6.330320e-01 2.104000e-03 3.648640e-01
363 6.328000e-01 1.996000e-03 3.652040e-01
364 6.325360e-01 1.972000e-03 3.654920e-01
365 6.321960e-01 1.960000e-03 3.658440e-01
366 6.319080e-01 1.900000e-03 3.661920e-01
367 6.315600e-01 1.916000e-03 3.665240e-01
368 6.311920e-01 1.956000e-03 3.668520e-01
369 6.308240e-01 2.016000e-03 3.671600e-01
370 6.304720e-01 1.964000e-03 3.675640e-01
371 6.301200e-01 1.972000e-03 3.679080e-01
372 6.297280e-01 2.088000e-03 3.681840e-01
373 6.293560e-01 2.108000e-03 3.685360e-01
374 6.290840e-01 2.012000e-03 3.689040e-01
375 6.287280e-01 2.028000e-03 3.692440e-01
376 6.283840e-01 2.036000e-03 3.695800e-01
377 6.280520e-01 1.996000e-03 3.699520e-01
378 6.277480e-01 1.968000e-03 3.702840e-01
379 6.273920e-01 1.988000e-03 3.706200e-01
380 6.270800e-01 1.964000e-03 3.709560e-01
381 6.267680e-01 1.868000e-03 3.713640e-01
382 6.263760e-01 1.932000e-03 3.716920e-01
383 6.260120e-01 1.948000e-03 3.720400e-01
384 6.257600e-01 1.884000e-03 3.723560e-01
385 6.254840e-01 1.880000e-03 3.726360e-01
386 6.251720e-01 1.836000e-03 3.729920e-01
387 6.248360e-01 1.792000e-03 3.733720e-01
388 6.245680e-01 1.720000e-03 3.737120e-01
389 6.242800e-01 1.688000e-03 3.740320e-01
390 6.240480e-01 1.620000e-03 3.743320e-01
391 6.238080e-01 1.548000e-03 3.746440e-01
392 6.235760e-01 1.476000e-03 3.749480e-01
393 6.233520e-01 1.420000e-03 3.752280e-01
394 6.231320e-01 1.388000e-03 3.754800e-01
395 6.229560e-01 1.364000e-03 3.756800e-01
396 6.228400e-01 1.248000e-03 3.759120e-01
397 6.227040e-01 1.188000e-03 3.761080e-01
398 6.226040e-01 1.096000e-03 3.763000e-01
399 6.224720e-01 1.068000e-03 3.764600e-01
400 6.223240e-01 1.056000e-03 3.766200e-01
401 6.221200e-01 1.072000e-03 3.768080e-01
402 6.219600e-01 1.036000e-03 3.770040e-01
403 6.218200e-01 1.032000e-03 3.771480e-01
404 6.216560e-01 1.020000e-03 3.773240e-01
405 6.214560e-01 1.040000e-03 3.775040e-01
406 6.212920e-01 1.020000e-03 3.776880e-01
407 6.210640e-01 1.004000e-03 3.779320e-01
408 6.209440e-01 9.280000e-04 3.781280e-01
409 6.208000e-01 9.120000e-04 3.782880e-01
410 6.206640e-01 9.040000e-04 3.784320e-01
411 6.205080e-01 8.640000e-04 3.786280e-01
412 6.203600e-01 8.720000e-04 3.787680e-01
413 6.202000e-01 8.920000e-04 3.789080e-01
414 6.200120e-01 9.080000e-04 3.790800e-01
415 6.198360e-01 9.160000e-04 3.792480e-01
416 6.196520e-01 9.640000e-04 3.793840e-01
417 6.194720e-01 9.880000e-04 3.795400e-01
418 6.193360e-01 9.640000e-04 3.797000e-01
419 6.191960e-01 9.280000e-04 3.798760e-01
420 6.190640e-01 8.960000e-04 3.800400e-01
421 6.188920e-01 9.200000e-04 3.801880e-01
422 6.187440e-01 9.080000e-04 3.803480e-01
423 6.186560e-01 8.520000e-04 3.804920e-01
424 6.184640e-01 9.000000e-04 3.806360e-01
425 6.183160e-01 8.520000e-04 3.808320e-01
426 6.181360e-01 9.000000e-04 3.809640e-01
427 6.179560e-01 9.560000e-04 3.810880e-01
428 6.177040e-01 1.020000e-03 3.812760e-01
429 6.174720e-01 1.076000e-03 3.814520e-01
430 6.172480e-01 1.096000e-03 3.816560e-01
431 6.171160e-01 9.880000e-04 3.818960e-01
432 6.169360e-01 9.800000e-04 3.820840e-01
433 6.167920e-01 8.920000e-04 3.823160e-01
434 6.166800e-01 8.880000e-04 3.824320e-01
435 6.165760e-01 8.400000e-04 3.825840e-01
436 6.164520e-01 8.160000e-04 3.827320e-01
437 6.163160e-01 8.200000e-04 3.828640e-01
438 6.161640e-01 8.280000e-04 3.830080e-01
439 6.160080e-01 8.720000e-04 3.831200e-01
440 6.158760e-01 8.640000e-04 3.832600e-01
441 6.157560e-01 8.280000e-04 3.834160e-01
442 6.156320e-01 8.120000e-04 3.835560e-01
443 6.155360e-01 7.640000e-04 3.837000e-01
444 6.154280e-01 7.400000e-04 3.838320e-01
445 6.152680e-01 7.280000e-04 3.840040e-01
446 6.151480e-01 7.160000e-04 3.841360e-01
447 6.150400e-01 7.280000e-04 3.842320e-01
448 6.149480e-01 6.880000e-04 3.843640e-01
449 6.148240e-01 7.000000e-04 3.844760e-01
450 6.147120e-01 7.400000e-04 3.845480e-01
451 6.146000e-01 7.480000e-04 3.846520e-01
452 6.144440e-01 7.680000e-04 3.847880e-01
453 6.143360e-01 7.800000e-04 3.848840e-01
454 6.142520e-01 7.440000e-04 3.850040e-01
455 6.140560e-01 8.120000e-04 3.851320e-01
456 6.138880e-01 8.680000e-04 3.852440e-01
457 6.137360e-01 8.440000e-04 3.854200e-01
458 6.136160e-01 8.120000e-04 3.855720e-01
459 6.134640e-01 8.440000e-04 3.856920e-01
460 6.133160e-01 8.520000e-04 3.858320e-01
461 6.131240e-01 8.600000e-04 3.860160e-01
462 6.129800e-01 8.440000e-04 3.861760e-01
463 6.128400e-01 8.000000e-04 3.863600e-01
464 6.126800e-01 8.320000e-04 3.864880e-01
465 6.124600e-01 9.040000e-04 3.866360e-01
466 6.123040e-01 9.200000e-04 3.867760e-01
467 6.121360e-01 9.560000e-04 3.869080e-01
468 6.120120e-01 8.760000e-04 3.871120e-01
469 6.118960e-01 7.880000e-04 3.873160e-01
470 6.117920e-01 7.600000e-04 3.874480e-01
471 6.116280e-01 7.880000e-04 3.875840e-01
472 6.114960e-01 8.040000e-04 3.877000e-01
473 6.113720e-01 7.760000e-04 3.878520e-01
474 6.112240e-01 8.040000e-04 3.879720e-01
475 6.110880e-01 8.640000e-04 3.880480e-01
476 6.109280e-01 8.760000e-04 3.881960e-01
477 6.107320e-01 9.000000e-04 3.883680e-01
478 6.105640e-01 9.400000e-04 3.884960e-01
479 6.103720e-01 9.600000e-04 3.886680e-01
480 6.101520e-01 9.680000e-04 3.888800e-01
481 6.099320e-01 1.036000e-03 3.890320e-01
482 6.097680e-01 1.044000e-03 3.891880e-01
483 6.095760e-01 1.040000e-03 3.893840e-01
484 6.094320e-01 9.600000e-04 3.896080e-01
485 6.092440e-01 9.720000e-04 3.897840e-01
486 6.090720e-01 9.760000e-04 3.899520e-01
487 6.088840e-01 1.024000e-03 3.900920e-01
488 6.087240e-01 1.024000e-03 3.902520e-01
489 6.085200e-01 1.040000e-03 3.904400e-01
490 6.082840e-01 1.088000e-03 3.906280e-01
491 6.081160e-01 1.068000e-03 3.908160e-01
492 6.079680e-01 1.020000e-03 3.910120e-01
493 6.077840e-01 1.052000e-03 3.911640e-01
494 6.076400e-01 9.920000e-04 3.913680e-01
495 6.075000e-01 1.008000e-03 3.914920e-01
496 6.073920e-01 9.720000e-04 3.916360e-01
497 6.072240e-01 9.600000e-04 3.918160e-01
498 6.070680e-01 9.280000e-04 3.920040e-01
499 6.069280e-01 9.120000e-04 3.921600e-01
500 6.067560e-01 9.240000e-04 3.923200e-01
