1 9.992560e-01 6.280000e-04 1.160000e-04
2 9.987760e-01 9.320000e-04 2.920000e-04
3 9.981360e-01 1.396000e-03 4.680000e-04
4 9.974160e-01 1.808000e-03 7.760000e-04
5 9.967000e-01 2.140000e-03 1.160000e-03
6 9.959040e-01 2.456000e-03 1.640000e-03
7 9.951800e-01 2.720000e-03 2.100000e-03
8 9.945200e-01 2.908000e-03 2.572000e-03
9 9.938160e-01 3.144000e-03 3.040000e-03
10 9.928520e-01 3.500000e-03 3.648000e-03
11 9.920240e-01 3.728000e-03 4.248000e-03
12 9.912040e-01 3.916000e-03 4.880000e-03
13 9.903080e-01 4.088000e-03 5.604000e-03
14 9.893960e-01 4.284000e-03 6.320000e-03
15 9.884640e-01 4.488000e-03 7.048000e-03
16 9.874600e-01 4.700000e-03 7.840000e-03
17 9.864000e-01 4.944000e-03 8.656000e-03
18 9.852800e-01 5.252000e-03 9.468000e-03
19 9.842480e-01 5.456000e-03 1.029600e-02
20 9.831280e-01 5.608000e-03 1.126400e-02
21 9.821520e-01 5.616000e-03 1.223200e-02
22 9.811600e-01 5.688000e-03 1.315200e-02
23 9.801080e-01 5.912000e-03 1.398000e-02
24 9.787760e-01 6.140000e-03 1.508400e-02
25 9.774720e-01 6.392000e-03 1.613600e-02
26 9.762000e-01 6.436000e-03 1.736400e-02
27 9.747920e-01 6.704000e-03 1.850400e-02
28 9.733360e-01 6.868000e-03 1.979600e-02
29 9.720720e-01 7.012000e-03 2.091600e-02
30 9.707720e-01 6.988000e-03 2.224000e-02
31 9.692040e-01 7.264000e-03 2.353200e-02
32 9.677680e-01 7.496000e-03 2.473600e-02
33 9.662840e-01 7.492000e-03 2.622400e-02
34 9.650000e-01 7.432000e-03 2.756800e-02
35 9.637560e-01 7.416000e-03 2.882800e-02
36 9.624680e-01 7.380000e-03 3.015200e-02
37 9.612320e-01 7.376000e-03 3.139200e-02
38 9.598600e-01 7.476000e-03 3.266400e-02
39 9.585160e-01 7.452000e-03 3.403200e-02
40 9.570600e-01 7.580000e-03 3.536000e-02
41 9.555520e-01 7.772000e-03 3.667600e-02
42 9.540320e-01 8.008000e-03 3.796000e-02
43 9.526280e-01 7.940000e-03 3.943200e-02
44 9.512480e-01 7.928000e-03 4.082400e-02
45 9.499240e-01 7.892000e-03 4.218400e-02
46 9.485200e-01 7.880000e-03 4.360000e-02
47 9.471400e-01 7.936000e-03 4.492400e-02
48 9.457040e-01 7.916000e-03 4.638000e-02
49 9.442840e-01 7.836000e-03 4.788000e-02
50 9.429480e-01 7.696000e-03 4.935600e-02
51 9.415840e-01 7.688000e-03 5.072800e-02
52 9.403480e-01 7.564000e-03 5.208800e-02
53 9.390600e-01 7.512000e-03 5.342800e-02
54 9.378760e-01 7.360000e-03 5.476400e-02
55 9.365600e-01 7.472000e-03 5.596800e-02
56 9.352560e-01 7.548000e-03 5.719600e-02
57 9.337600e-01 7.748000e-03 5.849200e-02
58 9.324080e-01 7.772000e-03 5.982000e-02
59 9.311040e-01 7.712000e-03 6.118400e-02
60 9.299000e-01 7.612000e-03 6.248800e-02
61 9.286160e-01 7.532000e-03 6.385200e-02
62 9.273560e-01 7.548000e-03 6.509600e-02
63 9.260640e-01 7.568000e-03 6.636800e-02
64 9.247840e-01 7.496000e-03 6.772000e-02
65 9.233960e-01 7.584000e-03 6.902000e-02
66 9.220440e-01 7.640000e-03 7.031600e-02
67 9.205280e-01 7.820000e-03 7.165200e-02
68 9.192440e-01 7.692000e-03 7.306400e-02
69 9.179720e-01 7.560000e-03 7.446800e-02
70 9.166200e-01 7.652000e-03 7.572800e-02
71 9.151880e-01 7.604000e-03 7.720800e-02
72 9.137360e-01 7.772000e-03 7.849200e-02
73 9.124400e-01 7.672000e-03 7.988800e-02
74 9.110000e-01 7.736000e-03 8.126400e-02
75 9.096520e-01 7.720000e-03 8.262800e-02
76 9.084160e-01 7.728000e-03 8.385600e-02
77 9.071400e-01 7.592000e-03 8.526800e-02
78 9.059840e-01 7.412000e-03 8.660400e-02
79 9.047840e-01 7.324000e-03 8.789200e-02
80 9.035600e-01 7.276000e-03 8.916400e-02
81 9.024480e-01 7.116000e-03 9.043600e-02
82 9.012800e-01 7.080000e-03 9.164000e-02
83 9.001440e-01 7.048000e-03 9.280800e-02
84 8.988680e-01 7.172000e-03 9.396000e-02
85 8.977240e-01 7.132000e-03 9.514400e-02
86 8.965440e-01 7.104000e-03 9.635200e-02
87 8.952800e-01 7.048000e-03 9.767200e-02
88 8.941160e-01 7.000000e-03 9.888400e-02
89 8.927720e-01 7.056000e-03 1.001720e-01
90 8.916280e-01 6.916000e-03 1.014560e-01
91 8.904880e-01 6.784000e-03 1.027280e-01
92 8.893040e-01 6.776000e-03 1.039200e-01
93 8.880680e-01 6.852000e-03 1.050800e-01
94 8.867640e-01 6.936000e-03 1.063000e-01
95 8.855480e-01 6.968000e-03 1.074840e-01
96 8.843880e-01 6.796000e-03 1.088160e-01
97 8.832560e-01 6.704000e-03 1.100400e-01
98 8.820680e-01 6.668000e-03 1.112640e-01
99 8.808520e-01 6.712000e-03 1.124360e-01
100 8.796440e-01 6.832000e-03 1.135240e-01
101 8.782200e-01 6.992000e-03 1.147880e-01
102 8.770720e-01 6.936000e-03 1.159920e-01
103 8.759320e-01 6.888000e-03 1.171800e-01
104 8.749040e-01 6.796000e-03 1.183000e-01
105 8.739360e-01 6.652000e-03 1.194120e-01
106 8.727280e-01 6.700000e-03 1.205720e-01
107 8.716360e-01 6.412000e-03 1.219520e-01
108 8.705160e-01 6.312000e-03 1.231720e-01
109 8.694600e-01 6.312000e-03 1.242280e-01
110 8.683400e-01 6.328000e-03 1.253320e-01
111 8.672600e-01 6.212000e-03 1.265280e-01
112 8.661880e-01 6.160000e-03 1.276520e-01
113 8.652280e-01 6.088000e-03 1.286840e-01
114 8.641680e-01 6.124000e-03 1.297080e-01
115 8.632480e-01 5.944000e-03 1.308080e-01
116 8.624160e-01 5.828000e-03 1.317560e-01
117 8.614360e-01 5.824000e-03 1.327400e-01
118 8.605960e-01 5.656000e-03 1.337480e-01
119 8.597720e-01 5.512000e-03 1.347160e-01
120 8.588840e-01 5.432000e-03 1.356840e-01
121 8.580640e-01 5.412000e-03 1.365240e-01
122 8.572080e-01 5.256000e-03 1.375360e-01
123 8.564160e-01 5.164000e-03 1.384200e-01
124 8.556560e-01 5.072000e-03 1.392720e-01
125 8.548880e-01 5.060000e-03 1.400520e-01
126 8.540240e-01 5.060000e-03 1.409160e-01
127 8.531960e-01 5.020000e-03 1.417840e-01
128 8.522160e-01 5.096000e-03 1.426880e-01
129 8.513960e-01 5.040000e-03 1.435640e-01
130 8.505440e-01 5.068000e-03 1.443880e-01
131 8.497640e-01 4.920000e-03 1.453160e-01
132 8.490200e-01 4.800000e-03 1.461800e-01
133 8.481840e-01 4.872000e-03 1.469440e-01
134 8.474280e-01 4.724000e-03 1.478480e-01
135 8.466760e-01 4.680000e-03 1.486440e-01
136 8.459440e-01 4.540000e-03 1.495160e-01
137 8.451960e-01 4.564000e-03 1.502400e-01
138 8.443920e-01 4.568000e-03 1.510400e-01
139 8.436080e-01 4.600000e-03 1.517920e-01
140 8.428440e-01 4.568000e-03 1.525880e-01
141 8.420200e-01 4.632000e-03 1.533480e-01
142 8.412080e-01 4.656000e-03 1.541360e-01
143 8.404640e-01 4.572000e-03 1.549640e-01
144 8.397480e-01 4.384000e-03 1.558680e-01
145 8.390480e-01 4.324000e-03 1.566280e-01
146 8.383280e-01 4.248000e-03 1.574240e-01
147 8.377280e-01 4.116000e-03 1.581560e-01
148 8.369240e-01 4.192000e-03 1.588840e-01
149 8.362120e-01 4.192000e-03 1.595960e-01
150 8.355440e-01 4.168000e-03 1.602880e-01
151 8.348240e-01 4.180000e-03 1.609960e-01
152 8.341680e-01 4.104000e-03 1.617280e-01
153 8.335600e-01 3.912000e-03 1.625280e-01
154 8.329720e-01 3.840000e-03 1.631880e-01
155 8.322480e-01 3.836000e-03 1.639160e-01
156 8.316320e-01 3.764000e-03 1.646040e-01
157 8.309320e-01 3.808000e-03 1.652600e-01
158 8.302000e-01 3.784000e-03 1.660160e-01
159 8.295920e-01 3.656000e-03 1.667520e-01
160 8.288240e-01 3.876000e-03 1.673000e-01
161 8.281440e-01 3.868000e-03 1.679880e-01
162 8.274720e-01 3.900000e-03 1.686280e-01
163 8.268080e-01 3.916000e-03 1.692760e-01
164 8.261440e-01 3.916000e-03 1.699400e-01
165 8.254760e-01 3.936000e-03 1.705880e-01
166 8.249360e-01 3.688000e-03 1.713760e-01
167 8.242800e-01 3.628000e-03 1.720920e-01
168 8.236400e-01 3.608000e-03 1.727520e-01
169 8.231160e-01 3.536000e-03 1.733480e-01
170 8.225320e-01 3.492000e-03 1.739760e-01
171 8.219720e-01 3.464000e-03 1.745640e-01
172 8.214000e-01 3.448000e-03 1.751520e-01
173 8.208440e-01 3.424000e-03 1.757320e-01
174 8.201760e-01 3.464000e-03 1.763600e-01
175 8.195920e-01 3.444000e-03 1.769640e-01
176 8.190120e-01 3.456000e-03 1.775320e-01
177 8.184600e-01 3.372000e-03 1.781680e-01
178 8.178880e-01 3.376000e-03 1.787360e-01
179 8.173040e-01 3.432000e-03 1.792640e-01
180 8.167320e-01 3.376000e-03 1.798920e-01
181 8.161160e-01 3.416000e-03 1.804680e-01
182 8.155280e-01 3.376000e-03 1.810960e-01
183 8.149800e-01 3.288000e-03 1.817320e-01
184 8.144440e-01 3.232000e-03 1.823240e-01
185 8.139360e-01 3.204000e-03 1.828600e-01
186 8.134040e-01 3.204000e-03 1.833920e-01
187 8.127960e-01 3.248000e-03 1.839560e-01
188 8.121640e-01 3.352000e-03 1.844840e-01
189 8.115800e-01 3.432000e-03 1.849880e-01
190 8.110400e-01 3.444000e-03 1.855160e-01
191 8.104640e-01 3.380000e-03 1.861560e-01
192 8.098160e-01 3.420000e-03 1.867640e-01
193 8.092920e-01 3.460000e-03 1.872480e-01
194 8.087880e-01 3.328000e-03 1.878840e-01
195 8.081920e-01 3.348000e-03 1.884600e-01
196 8.076200e-01 3.296000e-03 1.890840e-01
197 8.071120e-01 3.232000e-03 1.896560e-01
198 8.066040e-01 3.232000e-03 1.901640e-01
199 8.059680e-01 3.292000e-03 1.907400e-01
200 8.054160e-01 3.304000e-03 1.912800e-01
201 8.048640e-01 3.276000e-03 1.918600e-01
202 8.042080e-01 3.400000e-03 1.923920e-01
203 8.036120e-01 3.380000e-03 1.930080e-01
204 8.031480e-01 3.224000e-03 1.936280e-01
205 8.026600e-01 3.164000e-03 1.941760e-01
206 8.021760e-01 3.104000e-03 1.947200e-01
207 8.017040e-01 3.032000e-03 1.952640e-01
208 8.012000e-01 3.040000e-03 1.957600e-01
209 8.006520e-01 3.072000e-03 1.962760e-01
210 8.001400e-01 3.032000e-03 1.968280e-01
211 7.997160e-01 2.852000e-03 1.974320e-01
212 7.992600e-01 2.816000e-03 1.979240e-01
213 7.986160e-01 2.936000e-03 1.984480e-01
214 7.979640e-01 3.056000e-03 1.989800e-01
215 7.973960e-01 3.084000e-03 1.995200e-01
216 7.967960e-01 3.080000e-03 2.001240e-01
217 7.962280e-01 3.164000e-03 2.006080e-01
218 7.957040e-01 3.192000e-03 2.011040e-01
219 7.952600e-01 3.072000e-03 2.016680e-01
220 7.947840e-01 3.048000e-03 2.021680e-01
221 7.942800e-01 3.072000e-03 2.026480e-01
222 7.937200e-01 3.084000e-03 2.031960e-01
223 7.932560e-01 2.952000e-03 2.037920e-01
224 7.927440e-01 3.012000e-03 2.042440e-01
225 7.922320e-01 2.988000e-03 2.047800e-01
226 7.917680e-01 2.936000e-03 2.052960e-01
227 7.912360e-01 2.964000e-03 2.058000e-01
228 7.906000e-01 3.088000e-03 2.063120e-01
229 7.900040e-01 3.148000e-03 2.068480e-01
230 7.894160e-01 3.148000e-03 2.074360e-01
231 7.889280e-01 3.068000e-03 2.080040e-01
232 7.884400e-01 3.004000e-03 2.085560e-01
233 7.879400e-01 2.992000e-03 2.090680e-01
234 7.875680e-01 2.880000e-03 2.095520e-01
235 7.870800e-01 2.832000e-03 2.100880e-01
236 7.866240e-01 2.748000e-03 2.106280e-01
237 7.860880e-01 2.748000e-03 2.111640e-01
238 7.855360e-01 2.856000e-03 2.116080e-01
239 7.849720e-01 2.896000e-03 2.121320e-01
240 7.844200e-01 2.992000e-03 2.125880e-01
241 7.839560e-01 2.928000e-03 2.131160e-01
242 7.834720e-01 2.888000e-03 2.136400e-01
243 7.829840e-01 2.952000e-03 2.140640e-01
244 7.825120e-01 2.984000e-03 2.145040e-01
245 7.820160e-01 3.004000e-03 2.149800e-01
246 7.814480e-01 3.016000e-03 2.155360e-01
247 7.809320e-01 2.984000e-03 2.160840e-01
248 7.804560e-01 2.928000e-03 2.166160e-01
249 7.799200e-01 2.936000e-03 2.171440e-01
250 7.794640e-01 2.876000e-03 2.176600e-01
251 7.790000e-01 2.872000e-03 2.181280e-01
252 7.784360e-01 2.876000e-03 2.186880e-01
253 7.779800e-01 2.908000e-03 2.191120e-01
254 7.774480e-01 2.920000e-03 2.196320e-01
255 7.771240e-01 2.780000e-03 2.200960e-01
256 7.767160e-01 2.728000e-03 2.205560e-01
257 7.763680e-01 2.604000e-03 2.210280e-01
258 7.759880e-01 2.580000e-03 2.214320e-01
259 7.755680e-01 2.496000e-03 2.219360e-01
260 7.752280e-01 2.440000e-03 2.223320e-01
261 7.748880e-01 2.436000e-03 2.226760e-01
262 7.745240e-01 2.376000e-03 2.231000e-01
263 7.741680e-01 2.360000e-03 2.234720e-01
264 7.738240e-01 2.308000e-03 2.238680e-01
265 7.734360e-01 2.304000e-03 2.242600e-01
266 7.730840e-01 2.164000e-03 2.247520e-01
267 7.727520e-01 2.108000e-03 2.251400e-01
268 7.723560e-01 2.108000e-03 2.255360e-01
269 7.720960e-01 2.064000e-03 2.258400e-01
270 7.717640e-01 2.052000e-03 2.261840e-01
271 7.713600e-01 2.096000e-03 2.265440e-01
272 7.709760e-01 2.088000e-03 2.269360e-01
273 7.706360e-01 2.068000e-03 2.272960e-01
274 7.702760e-01 2.044000e-03 2.276800e-01
275 7.699480e-01 2.008000e-03 2.280440e-01
276 7.696040e-01 1.984000e-03 2.284120e-01
277 7.692480e-01 2.052000e-03 2.287000e-01
278 7.689840e-01 1.948000e-03 2.290680e-01
279 7.686680e-01 1.888000e-03 2.294440e-01
280 7.683840e-01 1.796000e-03 2.298200e-01
281 7.680560e-01 1.800000e-03 2.301440e-01
282 7.677560e-01 1.748000e-03 2.304960e-01
283 7.674600e-01 1.704000e-03 2.308360e-01
284 7.672280e-01 1.640000e-03 2.311320e-01
285 7.670040e-01 1.548000e-03 2.314480e-01
286 7.667440e-01 1.520000e-03 2.317360e-01
287 7.664720e-01 1.520000e-03 2.320080e-01
288 7.662480e-01 1.480000e-03 2.322720e-01
289 7.660880e-01 1.392000e-03 2.325200e-01
290 7.659400e-01 1.320000e-03 2.327400e-01
291 7.657840e-01 1.268000e-03 2.329480e-01
292 7.655800e-01 1.240000e-03 2.331800e-01
293 7.654400e-01 1.168000e-03 2.333920e-01
294 7.653080e-01 1.100000e-03 2.335920e-01
295 7.651600e-01 1.072000e-03 2.337680e-01
296 7.649880e-01 1.036000e-03 2.339760e-01
297 7.648400e-01 1.000000e-03 2.341600e-01
298 7.646800e-01 9.840000e-04 2.343360e-01
299 7.645040e-01 9.800000e-04 2.345160e-01
300 7.643600e-01 9.720000e-04 2.346680e-01
301 7.642040e-01 9.400000e-04 2.348560e-01
302 7.640320e-01 9.360000e-04 2.350320e-01
303 7.639040e-01 9.120000e-04 2.351840e-01
304 7.637560e-01 9.000000e-04 2.353440e-01
305 7.635200e-01 9.920000e-04 2.354880e-01
306 7.633640e-01 9.880000e-04 2.356480e-01
307 7.631920e-01 1.032000e-03 2.357760e-01
308 7.630200e-01 1.028000e-03 2.359520e-01
309 7.627880e-01 1.072000e-03 2.361400e-01
310 7.626080e-01 1.108000e-03 2.362840e-01
311 7.624040e-01 1.164000e-03 2.364320e-01
312 7.621920e-01 1.176000e-03 2.366320e-01
313 7.619560e-01 1.200000e-03 2.368440e-01
314 7.617160e-01 1.236000e-03 2.370480e-01
315 7.614800e-01 1.300000e-03 2.372200e-01
316 7.612600e-01 1.296000e-03 2.374440e-01
317 7.609720e-01 1.332000e-03 2.376960e-01
318 7.607080e-01 1.352000e-03 2.379400e-01
319 7.605040e-01 1.292000e-03 2.382040e-01
320 7.603480e-01 1.248000e-03 2.384040e-01
321 7.601640e-01 1.256000e-03 2.385800e-01
322 7.599920e-01 1.176000e-03 2.388320e-01
323 7.598440e-01 1.132000e-03 2.390240e-01
324 7.596720e-01 1.100000e-03 2.392280e-01
325 7.595040e-01 1.060000e-03 2.394360e-01
326 7.593120e-01 1.012000e-03 2.396760e-01
327 7.591320e-01 1.000000e-03 2.398680e-01
328 7.589920e-01 9.760000e-04 2.400320e-01
329 7.588360e-01 9.600000e-04 2.402040e-01
330 7.587160e-01 9.240000e-04 2.403600e-01
331 7.585640e-01 8.840000e-04 2.405520e-01
332 7.584400e-01 8.280000e-04 2.407320e-01
333 7.583440e-01 8.040000e-04 2.408520e-01
334 7.582160e-01 7.880000e-04 2.409960e-01
335 7.580880e-01 7.680000e-04 2.411440e-01
336 7.579680e-01 7.600000e-04 2.412720e-01
337 7.578600e-01 7.480000e-04 2.413920e-01
338 7.577440e-01 7.120000e-04 2.415440e-01
339 7.576520e-01 7.000000e-04 2.416480e-01
340 7.575440e-01 6.560000e-04 2.418000e-01
341 7.574720e-01 5.880000e-04 2.419400e-01
342 7.573560e-01 5.760000e-04 2.420680e-01
343 7.572400e-01 6.040000e-04 2.421560e-01
344 7.571600e-01 5.400000e-04 2.423000e-01
345 7.570920e-01 5.200000e-04 2.423880e-01
346 7.570040e-01 5.440000e-04 2.424520e-01
347 7.569040e-01 5.560000e-04 2.425400e-01
348 7.567680e-01 5.680000e-04 2.426640e-01
349 7.566360e-01 5.920000e-04 2.427720e-01
350 7.565120e-01 6.000000e-04 2.428880e-01
351 7.564080e-01 5.960000e-04 2.429960e-01
352 7.563360e-01 6.040000e-04 2.430600e-01
353 7.562400e-01 5.640000e-04 2.431960e-01
354 7.561240e-01 5.320000e-04 2.433440e-01
355 7.560440e-01 5.600000e-04 2.433960e-01
356 7.559160e-01 5.920000e-04 2.434920e-01
357 7.558200e-01 6.040000e-04 2.435760e-01
358 7.557040e-01 5.880000e-04 2.437080e-01
359 7.556000e-01 5.640000e-04 2.438360e-01
360 7.555240e-01 5.360000e-04 2.439400e-01
361 7.553680e-01 5.800000e-04 2.440520e-01
362 7.552520e-01 5.640000e-04 2.441840e-01
363 7.551280e-01 5.720000e-04 2.443000e-01
364 7.549800e-01 6.120000e-04 2.444080e-01
365 7.548680e-01 6.120000e-04 2.445200e-01
366 7.547640e-01 6.040000e-04 2.446320e-01
367 7.546120e-01 6.480000e-04 2.447400e-01
368 7.543840e-01 7.400000e-04 2.448760e-01
369 7.542200e-01 7.560000e-04 2.450240e-01
370 7.541320e-01 7.040000e-04 2.451640e-01
371 7.539880e-01 7.480000e-04 2.452640e-01
372 7.538360e-01 7.520000e-04 2.454120e-01
373 7.537120e-01 7.480000e-04 2.455400e-01
374 7.535640e-01 7.280000e-04 2.457080e-01
375 7.534400e-01 7.200000e-04 2.458400e-01
376 7.532800e-01 7.600000e-04 2.459600e-01
377 7.531600e-01 7.960000e-04 2.460440e-01
378 7.530000e-01 8.160000e-04 2.461840e-01
379 7.528560e-01 8.160000e-04 2.463280e-01
380 7.527120e-01 7.680000e-04 2.465200e-01
381 7.525600e-01 8.280000e-04 2.466120e-01
382 7.524520e-01 8.000000e-04 2.467480e-01
383 7.523440e-01 7.840000e-04 2.468720e-01
384 7.522200e-01 7.680000e-04 2.470120e-01
385 7.521080e-01 7.280000e-04 2.471640e-01
386 7.519960e-01 7.360000e-04 2.472680e-01
387 7.518680e-01 7.320000e-04 2.474000e-01
388 7.517320e-01 7.520000e-04 2.475160e-01
389 7.516120e-01 7.320000e-04 2.476560e-01
390 7.514880e-01 7.360000e-04 2.477760e-01
391 7.513880e-01 7.080000e-04 2.479040e-01
392 7.512560e-01 6.960000e-04 2.480480e-01
393 7.511560e-01 7.040000e-04 2.481400e-01
394 7.510240e-01 7.160000e-04 2.482600e-01
395 7.509040e-01 7.080000e-04 2.483880e-01
396 7.508200e-01 6.440000e-04 2.485360e-01
397 7.507280e-01 6.400000e-04 2.486320e-01
398 7.506320e-01 6.240000e-04 2.487440e-01
399 7.505440e-01 5.880000e-04 2.488680e-01
400 7.504600e-01 5.640000e-04 2.489760e-01
401 7.503640e-01 5.800000e-04 2.490560e-01
402 7.502720e-01 5.960000e-04 2.491320e-01
403 7.501560e-01 6.000000e-04 2.492440e-01
404 7.500320e-01 6.280000e-04 2.493400e-01
405 7.499560e-01 6.000000e-04 2.494440e-01
406 7.498400e-01 6.120000e-04 2.495480e-01
407 7.497720e-01 5.880000e-04 2.496400e-01
408 7.496440e-01 5.960000e-04 2.497600e-01
409 7.494880e-01 6.400000e-04 2.498720e-01
410 7.493000e-01 7.240000e-04 2.499760e-01
411 7.491520e-01 7.640000e-04 2.500840e-01
412 7.490280e-01 7.520000e-04 2.502200e-01
413 7.488960e-01 7.480000e-04 2.503560e-01
414 7.487480e-01 7.480000e-04 2.505040e-01
415 7.486200e-01 7.840000e-04 2.505960e-01
416 7.484960e-01 7.640000e-04 2.507400e-01
417 7.483800e-01 7.560000e-04 2.508640e-01
418 7.482880e-01 7.280000e-04 2.509840e-01
419 7.481600e-01 7.320000e-04 2.511080e-01
420 7.480440e-01 7.040000e-04 2.512520e-01
421 7.479160e-01 7.160000e-04 2.513680e-01
422 7.478120e-01 7.040000e-04 2.514840e-01
423 7.477120e-01 6.680000e-04 2.516200e-01
424 7.476120e-01 5.960000e-04 2.517920e-01
425 7.475040e-01 6.240000e-04 2.518720e-01
426 7.474360e-01 5.840000e-04 2.519800e-01
427 7.473640e-01 5.280000e-04 2.521080e-01
428 7.472840e-01 5.240000e-04 2.521920e-01
429 7.472000e-01 5.080000e-04 2.522920e-01
430 7.471080e-01 4.880000e-04 2.524040e-01
431 7.470520e-01 4.480000e-04 2.525000e-01
432 7.469720e-01 4.720000e-04 2.525560e-01
433 7.469360e-01 4.160000e-04 2.526480e-01
434 7.468800e-01 4.080000e-04 2.527120e-01
435 7.467920e-01 4.240000e-04 2.527840e-01
436 7.466840e-01 4.560000e-04 2.528600e-01
437 7.466200e-01 4.400000e-04 2.529400e-01
438 7.465000e-01 4.760000e-04 2.530240e-01
439 7.464240e-01 4.720000e-04 2.531040e-01
440 7.463480e-01 4.640000e-04 2.531880e-01
441 7.462440e-01 5.120000e-04 2.532440e-01
442 7.461720e-01 5.040000e-04 2.533240e-01
443 7.460680e-01 4.760000e-04 2.534560e-01
444 7.460080e-01 4.720000e-04 2.535200e-01
445 7.458960e-01 5.120000e-04 2.535920e-01
446 7.457880e-01 5.080000e-04 2.537040e-01
447 7.457040e-01 5.040000e-04 2.537920e-01
448 7.455880e-01 5.080000e-04 2.539040e-01
449 7.454840e-01 5.240000e-04 2.539920e-01
450 7.453880e-01 4.920000e-04 2.541200e-01
451 7.453240e-01 4.240000e-04 2.542520e-01
452 7.452480e-01 4.200000e-04 2.543320e-01
453 7.451720e-01 4.160000e-04 2.544120e-01
454 7.451160e-01 3.920000e-04 2.544920e-01
455 7.450720e-01 3.640000e-04 2.545640e-01
456 7.449960e-01 3.240000e-04 2.546800e-01
457 7.449120e-01 3.480000e-04 2.547400e-01
458 7.448400e-01 3.400000e-04 2.548200e-01
459 7.447920e-01 2.840000e-04 2.549240e-01
460 7.447560e-01 2.720000e-04 2.549720e-01
461 7.447080e-01 2.840000e-04 2.550080e-01
462 7.446800e-01 2.600000e-04 2.550600e-01
463 7.446440e-01 2.600000e-04 2.550960e-01
464 7.446000e-01 2.440000e-04 2.551560e-01
465 7.445800e-01 2.280000e-04 2.551920e-01
466 7.445600e-01 2.000000e-04 2.552400e-01
467 7.445200e-01 2.120000e-04 2.552680e-01
468 7.444960e-01 2.120000e-04 2.552920e-01
469 7.444800e-01 1.960000e-04 2.553240e-01
470 7.444360e-01 1.880000e-04 2.553760e-01
471 7.443880e-01 2.160000e-04 2.553960e-01
472 7.443440e-01 2.040000e-04 2.554520e-01
473 7.443240e-01 1.960000e-04 2.554800e-01
474 7.442880e-01 1.880000e-04 2.555240e-01
475 7.442440e-01 1.920000e-04 2.555640e-01
476 7.442360e-01 1.560000e-04 2.556080e-01
477 7.442040e-01 1.480000e-04 2.556480e-01
478 7.441600e-01 1.640000e-04 2.556760e-01
479 7.441200e-01 1.720000e-04 2.557080e-01
480 7.440840e-01 1.720000e-04 2.557440e-01
481 7.440400e-01 1.960000e-04 2.557640e-01
482 7.440040e-01 1.920000e-04 2.558040e-01
483 7.439640e-01 1.840000e-04 2.558520e-01
484 7.439440e-01 1.680000e-04 2.558880e-01
485 7.439240e-01 1.720000e-04 2.559040e-01
486 7.438960e-01 1.800000e-04 2.559240e-01
487 7.438680e-01 1.880000e-04 2.559440e-01
488 7.438440e-01 1.640000e-04 2.559920e-01
489 7.438120e-01 1.640000e-04 2.560240e-01
490 7.438120e-01 1.520000e-04 2.560360e-01
491 7.437920e-01 1.560000e-04 2.560520e-01
492 7.437920e-01 1.360000e-04 2.560720e-01
493 7.437800e-01 1.320000e-04 2.560880e-01
494 7.437600e-01 1.320000e-04 2.561080e-01
495 7.437520e-01 1.000000e-04 2.561480e-01
496 7.437160e-01 1.200000e-04 2.561640e-01
497 7.437040e-01 1.120000e-04 2.561840e-01
498 7.436840e-01 1.120000e-04 2.562040e-01
499 7.436640e-01 1.080000e-04 2.562280e-01
500 7.436440e-01 1.000000e-04 2.562560e-01
