1 9.991440e-01 7.840000e-04 7.200000e-05
2 9.986600e-01 1.052000e-03 2.880000e-04
3 9.980040e-01 1.496000e-03 5.000000e-04
4 9.973120e-01 1.920000e-03 7.680000e-04
5 9.964760e-01 2.412000e-03 1.112000e-03
6 9.955200e-01 2.924000e-03 1.556000e-03
7 9.946600e-01 3.212000e-03 2.128000e-03
8 9.936000e-01 3.700000e-03 2.700000e-03
9 9.926120e-01 4.024000e-03 3.364000e-03
10 9.916360e-01 4.324000e-03 4.040000e-03
11 9.906160e-01 4.500000e-03 4.884000e-03
12 9.895480e-01 4.760000e-03 5.692000e-03
13 9.885160e-01 4.884000e-03 6.600000e-03
14 9.872880e-01 5.260000e-03 7.452000e-03
15 9.860320e-01 5.628000e-03 8.340000e-03
16 9.846880e-01 5.992000e-03 9.320000e-03
17 9.834000e-01 6.288000e-03 1.031200e-02
18 9.821000e-01 6.460000e-03 1.144000e-02
19 9.808680e-01 6.456000e-03 1.267600e-02
20 9.795680e-01 6.728000e-03 1.370400e-02
21 9.781440e-01 6.876000e-03 1.498000e-02
22 9.766720e-01 7.104000e-03 1.622400e-02
23 9.752760e-01 7.336000e-03 1.738800e-02
24 9.738240e-01 7.404000e-03 1.877200e-02
25 9.723960e-01 7.584000e-03 2.002000e-02
26 9.708000e-01 7.792000e-03 2.140800e-02
27 9.692520e-01 7.924000e-03 2.282400e-02
28 9.676000e-01 8.200000e-03 2.420000e-02
29 9.660600e-01 8.284000e-03 2.565600e-02
30 9.644360e-01 8.420000e-03 2.714400e-02
31 9.628920e-01 8.512000e-03 2.859600e-02
32 9.613800e-01 8.504000e-03 3.011600e-02
33 9.598560e-01 8.548000e-03 3.159600e-02
34 9.582800e-01 8.572000e-03 3.314800e-02
35 9.568240e-01 8.532000e-03 3.464400e-02
36 9.553080e-01 8.488000e-03 3.620400e-02
37 9.537280e-01 8.504000e-03 3.776800e-02
38 9.521800e-01 8.512000e-03 3.930800e-02
39 9.506000e-01 8.636000e-03 4.076400e-02
40 9.488480e-01 8.864000e-03 4.228800e-02
41 9.471440e-01 8.984000e-03 4.387200e-02
42 9.453840e-01 9.168000e-03 4.544800e-02
43 9.436960e-01 9.180000e-03 4.712400e-02
44 9.420400e-01 9.236000e-03 4.872400e-02
45 9.404400e-01 9.236000e-03 5.032400e-02
46 9.386360e-01 9.364000e-03 5.200000e-02
47 9.367920e-01 9.552000e-03 5.365600e-02
48 9.350120e-01 9.632000e-03 5.535600e-02
49 9.332320e-01 9.656000e-03 5.711200e-02
50 9.314120e-01 9.780000e-03 5.880800e-02
51 9.296520e-01 9.808000e-03 6.054000e-02
52 9.279360e-01 9.824000e-03 6.224000e-02
53 9.262000e-01 9.936000e-03 6.386400e-02
54 9.245600e-01 9.908000e-03 6.553200e-02
55 9.228400e-01 9.880000e-03 6.728000e-02
56 9.211920e-01 9.868000e-03 6.894000e-02
57 9.194640e-01 9.860000e-03 7.067600e-02
58 9.177760e-01 9.924000e-03 7.230000e-02
59 9.160200e-01 1.005200e-02 7.392800e-02
60 9.145000e-01 9.712000e-03 7.578800e-02
61 9.129080e-01 9.452000e-03 7.764000e-02
62 9.111880e-01 9.496000e-03 7.931600e-02
63 9.095520e-01 9.512000e-03 8.093600e-02
64 9.079040e-01 9.480000e-03 8.261600e-02
65 9.061200e-01 9.584000e-03 8.429600e-02
66 9.044880e-01 9.560000e-03 8.595200e-02
67 9.028640e-01 9.524000e-03 8.761200e-02
68 9.010600e-01 9.616000e-03 8.932400e-02
69 8.994280e-01 9.496000e-03 9.107600e-02
70 8.977680e-01 9.464000e-03 9.276800e-02
71 8.962560e-01 9.348000e-03 9.439600e-02
72 8.946440e-01 9.336000e-03 9.602000e-02
73 8.930000e-01 9.392000e-03 9.760800e-02
74 8.916720e-01 9.028000e-03 9.930000e-02
75 8.901120e-01 9.112000e-03 1.007760e-01
76 8.886440e-01 8.980000e-03 1.023760e-01
77 8.871520e-01 8.812000e-03 1.040360e-01
78 8.855040e-01 8.836000e-03 1.056600e-01
79 8.840040e-01 8.736000e-03 1.072600e-01
80 8.822920e-01 8.900000e-03 1.088080e-01
81 8.808160e-01 8.864000e-03 1.103200e-01
82 8.791800e-01 8.988000e-03 1.118320e-01
83 8.775000e-01 9.208000e-03 1.132920e-01
84 8.758720e-01 9.424000e-03 1.147040e-01
85 8.741520e-01 9.516000e-03 1.163320e-01
86 8.723920e-01 9.648000e-03 1.179600e-01
87 8.705920e-01 9.724000e-03 1.196840e-01
88 8.687080e-01 9.900000e-03 1.213920e-01
89 8.670040e-01 9.924000e-03 1.230720e-01
90 8.652440e-01 1.006800e-02 1.246880e-01
91 8.634760e-01 1.010800e-02 1.264160e-01
92 8.616880e-01 1.004800e-02 1.282640e-01
93 8.599280e-01 1.013600e-02 1.299360e-01
94 8.582480e-01 9.972000e-03 1.317800e-01
95 8.567160e-01 9.800000e-03 1.334840e-01
96 8.550520e-01 9.616000e-03 1.353320e-01
97 8.533520e-01 9.544000e-03 1.371040e-01
98 8.516920e-01 9.428000e-03 1.388800e-01
99 8.502280e-01 9.308000e-03 1.404640e-01
100 8.486360e-01 9.332000e-03 1.420320e-01
101 8.470040e-01 9.280000e-03 1.437160e-01
102 8.454160e-01 9.184000e-03 1.454000e-01
103 8.439680e-01 8.996000e-03 1.470360e-01
104 8.422520e-01 9.368000e-03 1.483800e-01
105 8.406200e-01 9.344000e-03 1.500360e-01
106 8.390960e-01 9.228000e-03 1.516760e-01
107 8.375040e-01 9.240000e-03 1.532560e-01
108 8.358960e-01 9.260000e-03 1.548440e-01
109 8.343320e-01 9.288000e-03 1.563800e-01
110 8.326960e-01 9.292000e-03 1.580120e-01
111 8.309160e-01 9.392000e-03 1.596920e-01
112 8.293560e-01 9.360000e-03 1.612840e-01
113 8.276440e-01 9.512000e-03 1.628440e-01
114 8.260680e-01 9.304000e-03 1.646280e-01
115 8.243560e-01 9.456000e-03 1.661880e-01
116 8.227200e-01 9.456000e-03 1.678240e-01
117 8.210960e-01 9.384000e-03 1.695200e-01
118 8.195200e-01 9.328000e-03 1.711520e-01
119 8.179920e-01 9.156000e-03 1.728520e-01
120 8.164800e-01 9.076000e-03 1.744440e-01
121 8.148480e-01 9.120000e-03 1.760320e-01
122 8.131760e-01 9.192000e-03 1.776320e-01
123 8.115480e-01 9.348000e-03 1.791040e-01
124 8.102040e-01 9.100000e-03 1.806960e-01
125 8.088480e-01 8.860000e-03 1.822920e-01
126 8.073600e-01 8.804000e-03 1.838360e-01
127 8.059360e-01 8.652000e-03 1.854120e-01
128 8.045720e-01 8.580000e-03 1.868480e-01
129 8.031960e-01 8.488000e-03 1.883160e-01
130 8.018960e-01 8.380000e-03 1.897240e-01
131 8.003960e-01 8.492000e-03 1.911120e-01
132 7.989320e-01 8.344000e-03 1.927240e-01
133 7.975760e-01 8.276000e-03 1.941480e-01
134 7.962520e-01 8.048000e-03 1.957000e-01
135 7.948400e-01 8.044000e-03 1.971160e-01
136 7.935400e-01 7.964000e-03 1.984960e-01
137 7.921880e-01 7.868000e-03 1.999440e-01
138 7.907520e-01 7.872000e-03 2.013760e-01
139 7.892880e-01 7.972000e-03 2.027400e-01
140 7.879480e-01 7.948000e-03 2.041040e-01
141 7.866520e-01 7.836000e-03 2.055120e-01
142 7.853320e-01 7.800000e-03 2.068680e-01
143 7.840320e-01 7.852000e-03 2.081160e-01
144 7.826160e-01 7.952000e-03 2.094320e-01
145 7.813640e-01 7.804000e-03 2.108320e-01
146 7.799600e-01 7.800000e-03 2.122400e-01
147 7.786200e-01 7.832000e-03 2.135480e-01
148 7.772360e-01 7.896000e-03 2.148680e-01
149 7.759440e-01 7.752000e-03 2.163040e-01
150 7.746200e-01 7.724000e-03 2.176560e-01
151 7.732200e-01 7.776000e-03 2.190040e-01
152 7.716480e-01 7.960000e-03 2.203920e-01
153 7.702800e-01 7.996000e-03 2.217240e-01
154 7.688520e-01 7.944000e-03 2.232040e-01
155 7.673280e-01 8.064000e-03 2.246080e-01
156 7.659000e-01 8.200000e-03 2.259000e-01
157 7.642800e-01 8.296000e-03 2.274240e-01
158 7.627760e-01 8.384000e-03 2.288400e-01
159 7.614080e-01 8.344000e-03 2.302480e-01
160 7.600800e-01 8.260000e-03 2.316600e-01
161 7.584400e-01 8.500000e-03 2.330600e-01
162 7.570880e-01 8.332000e-03 2.345800e-01
163 7.557600e-01 8.256000e-03 2.359840e-01
164 7.545600e-01 8.000000e-03 2.374400e-01
165 7.533000e-01 7.992000e-03 2.387080e-01
166 7.520120e-01 7.908000e-03 2.400800e-01
167 7.507160e-01 7.856000e-03 2.414280e-01
168 7.495240e-01 7.508000e-03 2.429680e-01
169 7.483480e-01 7.336000e-03 2.443160e-01
170 7.472440e-01 7.076000e-03 2.456800e-01
171 7.461520e-01 6.836000e-03 2.470120e-01
172 7.450760e-01 6.716000e-03 2.482080e-01
173 7.440080e-01 6.648000e-03 2.493440e-01
174 7.430080e-01 6.452000e-03 2.505400e-01
175 7.419520e-01 6.316000e-03 2.517320e-01
176 7.409600e-01 6.188000e-03 2.528520e-01
177 7.399280e-01 6.084000e-03 2.539880e-01
178 7.389840e-01 5.992000e-03 2.550240e-01
179 7.380920e-01 5.928000e-03 2.559800e-01
180 7.372520e-01 5.736000e-03 2.570120e-01
181 7.364840e-01 5.496000e-03 2.580200e-01
182 7.356440e-01 5.348000e-03 2.590080e-01
183 7.347440e-01 5.240000e-03 2.600160e-01
184 7.339040e-01 5.116000e-03 2.609800e-01
185 7.330160e-01 5.168000e-03 2.618160e-01
186 7.321360e-01 5.156000e-03 2.627080e-01
187 7.313120e-01 5.112000e-03 2.635760e-01
188 7.304120e-01 5.080000e-03 2.645080e-01
189 7.296560e-01 4.928000e-03 2.654160e-01
190 7.289280e-01 4.816000e-03 2.662560e-01
191 7.280960e-01 4.796000e-03 2.671080e-01
192 7.272920e-01 4.812000e-03 2.678960e-01
193 7.263560e-01 4.824000e-03 2.688200e-01
194 7.254880e-01 4.844000e-03 2.696680e-01
195 7.246360e-01 4.924000e-03 2.704400e-01
196 7.238200e-01 4.788000e-03 2.713920e-01
197 7.230600e-01 4.708000e-03 2.722320e-01
198 7.222240e-01 4.788000e-03 2.729880e-01
199 7.213000e-01 4.844000e-03 2.738560e-01
200 7.204280e-01 4.928000e-03 2.746440e-01
201 7.196080e-01 4.832000e-03 2.755600e-01
202 7.187720e-01 4.888000e-03 2.763400e-01
203 7.179280e-01 4.904000e-03 2.771680e-01
204 7.170720e-01 4.900000e-03 2.780280e-01
205 7.162680e-01 4.856000e-03 2.788760e-01
206 7.154000e-01 4.816000e-03 2.797840e-01
207 7.145880e-01 4.852000e-03 2.805600e-01
208 7.138760e-01 4.676000e-03 2.814480e-01
209 7.130920e-01 4.740000e-03 2.821680e-01
210 7.122760e-01 4.744000e-03 2.829800e-01
211 7.114400e-01 4.740000e-03 2.838200e-01
212 7.106640e-01 4.612000e-03 2.847240e-01
213 7.098680e-01 4.556000e-03 2.855760e-01
214 7.091960e-01 4.464000e-03 2.863400e-01
215 7.084000e-01 4.404000e-03 2.871960e-01
216 7.076600e-01 4.316000e-03 2.880240e-01
217 7.067880e-01 4.392000e-03 2.888200e-01
218 7.059840e-01 4.384000e-03 2.896320e-01
219 7.050280e-01 4.572000e-03 2.904000e-01
220 7.040960e-01 4.724000e-03 2.911800e-01
221 7.031680e-01 4.768000e-03 2.920640e-01
222 7.023720e-01 4.652000e-03 2.929760e-01
223 7.014440e-01 4.772000e-03 2.937840e-01
224 7.005880e-01 4.772000e-03 2.946400e-01
225 6.998280e-01 4.676000e-03 2.954960e-01
226 6.989720e-01 4.812000e-03 2.962160e-01
227 6.981200e-01 4.832000e-03 2.970480e-01
228 6.973640e-01 4.752000e-03 2.978840e-01
229 6.965320e-01 4.804000e-03 2.986640e-01
230 6.957920e-01 4.580000e-03 2.996280e-01
231 6.950240e-01 4.620000e-03 3.003560e-01
232 6.941320e-01 4.644000e-03 3.012240e-01
233 6.934520e-01 4.468000e-03 3.020800e-01
234 6.927120e-01 4.356000e-03 3.029320e-01
235 6.919960e-01 4.304000e-03 3.037000e-01
236 6.913280e-01 4.304000e-03 3.043680e-01
237 6.906760e-01 4.212000e-03 3.051120e-01
238 6.900840e-01 4.092000e-03 3.058240e-01
239 6.894880e-01 3.900000e-03 3.066120e-01
240 6.888560e-01 3.832000e-03 3.073120e-01
241 6.883360e-01 3.736000e-03 3.079280e-01
242 6.877440e-01 3.692000e-03 3.085640e-01
243 6.870800e-01 3.732000e-03 3.091880e-01
244 6.864400e-01 3.716000e-03 3.098440e-01
245 6.858240e-01 3.676000e-03 3.105000e-01
246 6.852240e-01 3.612000e-03 3.111640e-01
247 6.846440e-01 3.516000e-03 3.118400e-01
248 6.839560e-01 3.516000e-03 3.125280e-01
249 6.834400e-01 3.472000e-03 3.130880e-01
250 6.828920e-01 3.400000e-03 3.137080e-01
251 6.823760e-01 3.364000e-03 3.142600e-01
252 6.818560e-01 3.284000e-03 3.148600e-01
253 6.812000e-01 3.364000e-03 3.154360e-01
254 6.806440e-01 3.312000e-03 3.160440e-01
255 6.800120e-01 3.388000e-03 3.166000e-01
256 6.794320e-01 3.364000e-03 3.172040e-01
257 6.788480e-01 3.332000e-03 3.178200e-01
258 6.782760e-01 3.316000e-03 3.184080e-01
259 6.777240e-01 3.244000e-03 3.190320e-01
260 6.771720e-01 3.188000e-03 3.196400e-01
261 6.766960e-01 2.988000e-03 3.203160e-01
262 6.761720e-01 2.956000e-03 3.208720e-01
263 6.756720e-01 2.964000e-03 3.213640e-01
264 6.750320e-01 3.072000e-03 3.218960e-01
265 6.745800e-01 2.948000e-03 3.224720e-01
266 6.739560e-01 3.092000e-03 3.229520e-01
267 6.734920e-01 3.028000e-03 3.234800e-01
268 6.729680e-01 2.956000e-03 3.240760e-01
269 6.724600e-01 2.968000e-03 3.245720e-01
270 6.719720e-01 2.872000e-03 3.251560e-01
271 6.714640e-01 2.872000e-03 3.256640e-01
272 6.709160e-01 2.968000e-03 3.261160e-01
273 6.704920e-01 2.892000e-03 3.266160e-01
274 6.699800e-01 2.920000e-03 3.271000e-01
275 6.694320e-01 2.972000e-03 3.275960e-01
276 6.689480e-01 2.916000e-03 3.281360e-01
277 6.684440e-01 2.884000e-03 3.286720e-01
278 6.679880e-01 2.872000e-03 3.291400e-01
279 6.675160e-01 2.892000e-03 3.295920e-01
280 6.669880e-01 2.888000e-03 3.301240e-01
281 6.665320e-01 2.828000e-03 3.306400e-01
282 6.660120e-01 2.808000e-03 3.311800e-01
283 6.656360e-01 2.676000e-03 3.316880e-01
284 6.652280e-01 2.544000e-03 3.322280e-01
285 6.647920e-01 2.528000e-03 3.326800e-01
286 6.643560e-01 2.568000e-03 3.330760e-01
287 6.639160e-01 2.556000e-03 3.335280e-01
288 6.634880e-01 2.536000e-03 3.339760e-01
289 6.630440e-01 2.532000e-03 3.344240e-01
290 6.626000e-01 2.516000e-03 3.348840e-01
291 6.622000e-01 2.420000e-03 3.353800e-01
292 6.618400e-01 2.336000e-03 3.358240e-01
293 6.613600e-01 2.376000e-03 3.362640e-01
294 6.609880e-01 2.320000e-03 3.366920e-01
295 6.605680e-01 2.292000e-03 3.371400e-01
296 6.601640e-01 2.256000e-03 3.375800e-01
297 6.598400e-01 2.160000e-03 3.380000e-01
298 6.594720e-01 2.116000e-03 3.384120e-01
299 6.590120e-01 2.260000e-03 3.387280e-01
300 6.585920e-01 2.284000e-03 3.391240e-01
301 6.582120e-01 2.304000e-03 3.394840e-01
302 6.578040e-01 2.396000e-03 3.398000e-01
303 6.573160e-01 2.460000e-03 3.402240e-01
304 6.569120e-01 2.436000e-03 3.406520e-01
305 6.564320e-01 2.512000e-03 3.410560e-01
306 6.559640e-01 2.588000e-03 3.414480e-01
307 6.555000e-01 2.620000e-03 3.418800e-01
308 6.549960e-01 2.648000e-03 3.423560e-01
309 6.545400e-01 2.652000e-03 3.428080e-01
310 6.541680e-01 2.492000e-03 3.433400e-01
311 6.537440e-01 2.484000e-03 3.437720e-01
312 6.533240e-01 2.512000e-03 3.441640e-01
313 6.529120e-01 2.424000e-03 3.446640e-01
314 6.525720e-01 2.312000e-03 3.451160e-01
315 6.522520e-01 2.220000e-03 3.455280e-01
316 6.518920e-01 2.164000e-03 3.459440e-01
317 6.514840e-01 2.156000e-03 3.463600e-01
318 6.511480e-01 2.104000e-03 3.467480e-01
319 6.507840e-01 2.056000e-03 3.471600e-01
320 6.504920e-01 2.024000e-03 3.474840e-01
321 6.500600e-01 2.104000e-03 3.478360e-01
322 6.496840e-01 2.088000e-03 3.482280e-01
323 6.492680e-01 2.112000e-03 3.486200e-01
324 6.488720e-01 2.164000e-03 3.489640e-01
325 6.485080e-01 2.156000e-03 3.493360e-01
326 6.482000e-01 2.100000e-03 3.497000e-01
327 6.478840e-01 2.036000e-03 3.500800e-01
328 6.474800e-01 2.164000e-03 3.503560e-01
329 6.471280e-01 2.188000e-03 3.506840e-01
330 6.467560e-01 2.192000e-03 3.510520e-01
331 6.463520e-01 2.284000e-03 3.513640e-01
332 6.459920e-01 2.240000e-03 3.517680e-01
333 6.456160e-01 2.280000e-03 3.521040e-01
334 6.452320e-01 2.372000e-03 3.523960e-01
335 6.449000e-01 2.304000e-03 3.527960e-01
336 6.444720e-01 2.372000e-03 3.531560e-01
337 6.440960e-01 2.256000e-03 3.536480e-01
338 6.437000e-01 2.212000e-03 3.540880e-01
339 6.433400e-01 2.156000e-03 3.545040e-01
340 6.428880e-01 2.248000e-03 3.548640e-01
341 6.425120e-01 2.224000e-03 3.552640e-01
342 6.421400e-01 2.208000e-03 3.556520e-01
343 6.418160e-01 2.144000e-03 3.560400e-01
344 6.415240e-01 2.056000e-03 3.564200e-01
345 6.411600e-01 2.072000e-03 3.567680e-01
346 6.407960e-01 2.060000e-03 3.571440e-01
347 6.405120e-01 1.968000e-03 3.575200e-01
348 6.402200e-01 1.932000e-03 3.578480e-01
349 6.399520e-01 1.824000e-03 3.582240e-01
350 6.396480e-01 1.772000e-03 3.585800e-01
351 6.394160e-01 1.672000e-03 3.589120e-01
352 6.391480e-01 1.680000e-03 3.591720e-01
353 6.389200e-01 1.636000e-03 3.594440e-01
354 6.386240e-01 1.672000e-03 3.597040e-01
355 6.383360e-01 1.640000e-03 3.600240e-01
356 6.381360e-01 1.552000e-03 3.603120e-01
357 6.378520e-01 1.620000e-03 3.605280e-01
358 6.376560e-01 1.524000e-03 3.608200e-01
359 6.375200e-01 1.408000e-03 3.610720e-01
360 6.373840e-01 1.272000e-03 3.613440e-01
361 6.372120e-01 1.236000e-03 3.615520e-01
362 6.370760e-01 1.132000e-03 3.617920e-01
363 6.369520e-01 1.048000e-03 3.620000e-01
364 6.368000e-01 1.056000e-03 3.621440e-01
365 6.366640e-01 9.920000e-04 3.623440e-01
366 6.364960e-01 9.640000e-04 3.625400e-01
367 6.363520e-01 9.160000e-04 3.627320e-01
368 6.361880e-01 9.240000e-04 3.628880e-01
369 6.360800e-01 8.800000e-04 3.630400e-01
370 6.359680e-01 8.520000e-04 3.631800e-01
371 6.358440e-01 8.440000e-04 3.633120e-01
372 6.357080e-01 8.080000e-04 3.634840e-01
373 6.356040e-01 7.920000e-04 3.636040e-01
374 6.354480e-01 7.800000e-04 3.637720e-01
375 6.353120e-01 7.600000e-04 3.639280e-01
376 6.351640e-01 8.160000e-04 3.640200e-01
377 6.350240e-01 8.040000e-04 3.641720e-01
378 6.349040e-01 7.880000e-04 3.643080e-01
379 6.347480e-01 8.240000e-04 3.644280e-01
380 6.345640e-01 8.960000e-04 3.645400e-01
381 6.343800e-01 9.080000e-04 3.647120e-01
382 6.342720e-01 8.640000e-04 3.648640e-01
383 6.341560e-01 8.400000e-04 3.650040e-01
384 6.339760e-01 8.440000e-04 3.651800e-01
385 6.338760e-01 7.960000e-04 3.653280e-01
386 6.337520e-01 7.880000e-04 3.654600e-01
387 6.336000e-01 8.080000e-04 3.655920e-01
388 6.334680e-01 8.040000e-04 3.657280e-01
389 6.332800e-01 8.280000e-04 3.658920e-01
390 6.331040e-01 8.640000e-04 3.660320e-01
391 6.329200e-01 8.920000e-04 3.661880e-01
392 6.327800e-01 8.280000e-04 3.663920e-01
393 6.326440e-01 8.120000e-04 3.665440e-01
394 6.325280e-01 8.240000e-04 3.666480e-01
395 6.323720e-01 8.560000e-04 3.667720e-01
396 6.322480e-01 8.320000e-04 3.669200e-01
397 6.321440e-01 8.360000e-04 3.670200e-01
398 6.319920e-01 8.360000e-04 3.671720e-01
399 6.318480e-01 8.560000e-04 3.672960e-01
400 6.316800e-01 8.800000e-04 3.674400e-01
401 6.315680e-01 8.240000e-04 3.676080e-01
402 6.314640e-01 7.800000e-04 3.677560e-01
403 6.313160e-01 8.320000e-04 3.678520e-01
404 6.311880e-01 8.360000e-04 3.679760e-01
405 6.310400e-01 8.440000e-04 3.681160e-01
406 6.308760e-01 8.840000e-04 3.682400e-01
407 6.306680e-01 9.600000e-04 3.683720e-01
408 6.304560e-01 1.004000e-03 3.685400e-01
409 6.302960e-01 9.200000e-04 3.687840e-01
410 6.301200e-01 9.520000e-04 3.689280e-01
411 6.299320e-01 9.800000e-04 3.690880e-01
412 6.297320e-01 1.032000e-03 3.692360e-01
413 6.296000e-01 1.008000e-03 3.693920e-01
414 6.294600e-01 1.004000e-03 3.695360e-01
415 6.293040e-01 9.640000e-04 3.697320e-01
416 6.291000e-01 1.004000e-03 3.698960e-01
417 6.289560e-01 1.024000e-03 3.700200e-01
418 6.288320e-01 9.480000e-04 3.702200e-01
419 6.286320e-01 1.028000e-03 3.703400e-01
420 6.284760e-01 1.012000e-03 3.705120e-01
421 6.282160e-01 1.108000e-03 3.706760e-01
422 6.280320e-01 1.108000e-03 3.708600e-01
423 6.278520e-01 1.060000e-03 3.710880e-01
424 6.277000e-01 1.052000e-03 3.712480e-01
425 6.275320e-01 1.040000e-03 3.714280e-01
426 6.273680e-01 1.020000e-03 3.716120e-01
427 6.272680e-01 9.040000e-04 3.718280e-01
428 6.271200e-01 8.880000e-04 3.719920e-01
429 6.270040e-01 8.800000e-04 3.721160e-01
430 6.269040e-01 8.400000e-04 3.722560e-01
431 6.267760e-01 8.000000e-04 3.724240e-01
432 6.266640e-01 8.000000e-04 3.725360e-01
433 6.265600e-01 8.080000e-04 3.726320e-01
434 6.264520e-01 7.400000e-04 3.728080e-01
435 6.263600e-01 6.680000e-04 3.729720e-01
436 6.262680e-01 6.400000e-04 3.730920e-01
437 6.261320e-01 6.800000e-04 3.731880e-01
438 6.260360e-01 6.800000e-04 3.732840e-01
439 6.259360e-01 6.560000e-04 3.734080e-01
440 6.258440e-01 6.280000e-04 3.735280e-01
441 6.257280e-01 6.600000e-04 3.736120e-01
442 6.256480e-01 6.120000e-04 3.737400e-01
443 6.255480e-01 6.240000e-04 3.738280e-01
444 6.254800e-01 5.920000e-04 3.739280e-01
445 6.253960e-01 5.560000e-04 3.740480e-01
446 6.253040e-01 5.560000e-04 3.741400e-01
447 6.251920e-01 5.600000e-04 3.742480e-01
448 6.251240e-01 5.240000e-04 3.743520e-01
449 6.250360e-01 4.960000e-04 3.744680e-01
450 6.249520e-01 4.960000e-04 3.745520e-01
451 6.248560e-01 5.360000e-04 3.746080e-01
452 6.247320e-01 5.600000e-04 3.747080e-01
453 6.246600e-01 5.200000e-04 3.748200e-01
454 6.245720e-01 5.240000e-04 3.749040e-01
455 6.245240e-01 4.720000e-04 3.750040e-01
456 6.244640e-01 4.360000e-04 3.751000e-01
457 6.243760e-01 4.400000e-04 3.751840e-01
458 6.242720e-01 4.560000e-04 3.752720e-01
459 6.241920e-01 4.560000e-04 3.753520e-01
460 6.241320e-01 4.440000e-04 3.754240e-01
461 6.240400e-01 4.760000e-04 3.754840e-01
462 6.239360e-01 4.880000e-04 3.755760e-01
463 6.238120e-01 5.280000e-04 3.756600e-01
464 6.237240e-01 5.120000e-04 3.757640e-01
465 6.236560e-01 4.760000e-04 3.758680e-01
466 6.235600e-01 4.720000e-04 3.759680e-01
467 6.234840e-01 4.640000e-04 3.760520e-01
468 6.233600e-01 5.040000e-04 3.761360e-01
469 6.232960e-01 4.800000e-04 3.762240e-01
470 6.231800e-01 5.160000e-04 3.763040e-01
471 6.231280e-01 4.560000e-04 3.764160e-01
472 6.230760e-01 4.280000e-04 3.764960e-01
473 6.229880e-01 4.400000e-04 3.765720e-01
474 6.229120e-01 4.600000e-04 3.766280e-01
475 6.228560e-01 4.600000e-04 3.766840e-01
476 6.228200e-01 4.160000e-04 3.767640e-01
477 6.227760e-01 3.920000e-04 3.768320e-01
478 6.227280e-01 4.000000e-04 3.768720e-01
479 6.226680e-01 3.760000e-04 3.769560e-01
480 6.226080e-01 4.000000e-04 3.769920e-01
481 6.225320e-01 4.000000e-04 3.770680e-01
482 6.224960e-01 3.640000e-04 3.771400e-01
483 6.224360e-01 3.760000e-04 3.771880e-01
484 6.223280e-01 3.960000e-04 3.772760e-01
485 6.222320e-01 4.280000e-04 3.773400e-01
486 6.221360e-01 4.560000e-04 3.774080e-01
487 6.220560e-01 4.600000e-04 3.774840e-01
488 6.219720e-01 4.560000e-04 3.775720e-01
489 6.218520e-01 4.840000e-04 3.776640e-01
490 6.217400e-01 5.200000e-04 3.777400e-01
491 6.216600e-01 5.120000e-04 3.778280e-01
492 6.215760e-01 4.880000e-04 3.779360e-01
493 6.214960e-01 4.920000e-04 3.780120e-01
494 6.214000e-01 5.080000e-04 3.780920e-01
495 6.213400e-01 5.160000e-04 3.781440e-01
496 6.212840e-01 4.720000e-04 3.782440e-01
497 6.212120e-01 4.440000e-04 3.783440e-01
498 6.211280e-01 4.400000e-04 3.784320e-01
499 6.210640e-01 4.240000e-04 3.785120e-01
500 6.210120e-01 3.800000e-04 3.786080e-01
