1 9.992720e-01 6.320000e-04 9.600000e-05
2 9.987920e-01 9.480000e-04 2.600000e-04
3 9.981960e-01 1.336000e-03 4.680000e-04
4 9.974920e-01 1.816000e-03 6.920000e-04
5 9.968240e-01 2.052000e-03 1.124000e-03
6 9.961480e-01 2.356000e-03 1.496000e-03
7 9.952480e-01 2.856000e-03 1.896000e-03
8 9.943480e-01 3.224000e-03 2.428000e-03
9 9.934360e-01 3.608000e-03 2.956000e-03
10 9.924200e-01 4.072000e-03 3.508000e-03
11 9.913240e-01 4.492000e-03 4.184000e-03
12 9.903160e-01 4.636000e-03 5.048000e-03
13 9.892720e-01 4.888000e-03 5.840000e-03
14 9.881800e-01 5.116000e-03 6.704000e-03
15 9.870880e-01 5.312000e-03 7.600000e-03
16 9.859080e-01 5.496000e-03 8.596000e-03
17 9.847560e-01 5.632000e-03 9.612000e-03
18 9.835320e-01 5.860000e-03 1.060800e-02
19 9.823400e-01 6.012000e-03 1.164800e-02
20 9.810720e-01 6.144000e-03 1.278400e-02
21 9.798080e-01 6.260000e-03 1.393200e-02
22 9.784400e-01 6.484000e-03 1.507600e-02
23 9.770280e-01 6.880000e-03 1.609200e-02
24 9.756560e-01 7.004000e-03 1.734000e-02
25 9.742240e-01 7.192000e-03 1.858400e-02
26 9.729160e-01 7.280000e-03 1.980400e-02
27 9.716680e-01 7.304000e-03 2.102800e-02
28 9.704040e-01 7.132000e-03 2.246400e-02
29 9.690520e-01 7.184000e-03 2.376400e-02
30 9.678640e-01 7.156000e-03 2.498000e-02
31 9.667400e-01 7.024000e-03 2.623600e-02
32 9.655880e-01 6.972000e-03 2.744000e-02
33 9.642040e-01 7.144000e-03 2.865200e-02
34 9.630000e-01 7.068000e-03 2.993200e-02
35 9.617160e-01 7.204000e-03 3.108000e-02
36 9.606200e-01 7.144000e-03 3.223600e-02
37 9.593520e-01 7.180000e-03 3.346800e-02
38 9.579600e-01 7.288000e-03 3.475200e-02
39 9.565080e-01 7.548000e-03 3.594400e-02
40 9.551880e-01 7.644000e-03 3.716800e-02
41 9.537680e-01 7.772000e-03 3.846000e-02
42 9.524280e-01 7.852000e-03 3.972000e-02
43 9.509640e-01 8.056000e-03 4.098000e-02
44 9.494280e-01 8.140000e-03 4.243200e-02
45 9.479040e-01 8.200000e-03 4.389600e-02
46 9.462880e-01 8.444000e-03 4.526800e-02
47 9.448720e-01 8.456000e-03 4.667200e-02
48 9.433160e-01 8.476000e-03 4.820800e-02
49 9.416920e-01 8.624000e-03 4.968400e-02
50 9.401560e-01 8.592000e-03 5.125200e-02
51 9.385040e-01 8.636000e-03 5.286000e-02
52 9.368480e-01 8.728000e-03 5.442400e-02
53 9.352880e-01 8.744000e-03 5.596800e-02
54 9.336480e-01 8.884000e-03 5.746800e-02
55 9.321960e-01 8.828000e-03 5.897600e-02
56 9.307640e-01 8.712000e-03 6.052400e-02
57 9.291920e-01 8.560000e-03 6.224800e-02
58 9.277120e-01 8.552000e-03 6.373600e-02
59 9.260840e-01 8.752000e-03 6.516400e-02
60 9.243720e-01 8.848000e-03 6.678000e-02
61 9.227720e-01 8.968000e-03 6.826000e-02
62 9.210040e-01 9.228000e-03 6.976800e-02
63 9.191560e-01 9.548000e-03 7.129600e-02
64 9.174720e-01 9.540000e-03 7.298800e-02
65 9.159400e-01 9.484000e-03 7.457600e-02
66 9.142680e-01 9.492000e-03 7.624000e-02
67 9.125840e-01 9.476000e-03 7.794000e-02
68 9.108680e-01 9.564000e-03 7.956800e-02
69 9.091360e-01 9.672000e-03 8.119200e-02
70 9.073200e-01 9.628000e-03 8.305200e-02
71 9.056040e-01 9.636000e-03 8.476000e-02
72 9.039520e-01 9.544000e-03 8.650400e-02
73 9.022680e-01 9.456000e-03 8.827600e-02
74 9.005400e-01 9.544000e-03 8.991600e-02
75 8.989400e-01 9.436000e-03 9.162400e-02
76 8.974400e-01 9.240000e-03 9.332000e-02
77 8.957800e-01 9.268000e-03 9.495200e-02
78 8.940360e-01 9.436000e-03 9.652800e-02
79 8.920880e-01 9.728000e-03 9.818400e-02
80 8.904880e-01 9.548000e-03 9.996400e-02
81 8.886240e-01 9.712000e-03 1.016640e-01
82 8.867400e-01 9.880000e-03 1.033800e-01
83 8.850800e-01 9.856000e-03 1.050640e-01
84 8.834520e-01 9.840000e-03 1.067080e-01
85 8.817320e-01 9.860000e-03 1.084080e-01
86 8.799400e-01 9.976000e-03 1.100840e-01
87 8.782840e-01 9.876000e-03 1.118400e-01
88 8.765000e-01 9.940000e-03 1.135600e-01
89 8.747400e-01 1.003200e-02 1.152280e-01
90 8.730440e-01 9.964000e-03 1.169920e-01
91 8.714120e-01 9.792000e-03 1.187960e-01
92 8.697120e-01 9.740000e-03 1.205480e-01
93 8.678840e-01 9.708000e-03 1.224080e-01
94 8.660400e-01 9.932000e-03 1.240280e-01
95 8.643440e-01 9.960000e-03 1.256960e-01
96 8.627400e-01 9.696000e-03 1.275640e-01
97 8.610280e-01 9.804000e-03 1.291680e-01
98 8.594200e-01 9.628000e-03 1.309520e-01
99 8.578920e-01 9.400000e-03 1.327080e-01
100 8.563360e-01 9.196000e-03 1.344680e-01
101 8.548720e-01 9.048000e-03 1.360800e-01
102 8.534440e-01 8.864000e-03 1.376920e-01
103 8.520560e-01 8.692000e-03 1.392520e-01
104 8.505120e-01 8.716000e-03 1.407720e-01
105 8.488760e-01 8.776000e-03 1.423480e-01
106 8.474040e-01 8.760000e-03 1.438360e-01
107 8.458760e-01 8.796000e-03 1.453280e-01
108 8.444960e-01 8.644000e-03 1.468600e-01
109 8.428640e-01 8.812000e-03 1.483240e-01
110 8.411120e-01 8.928000e-03 1.499600e-01
111 8.395000e-01 8.860000e-03 1.516400e-01
112 8.379720e-01 8.900000e-03 1.531280e-01
113 8.363040e-01 8.908000e-03 1.547880e-01
114 8.346120e-01 9.104000e-03 1.562840e-01
115 8.329520e-01 9.248000e-03 1.578000e-01
116 8.313440e-01 9.240000e-03 1.594160e-01
117 8.296280e-01 9.372000e-03 1.610000e-01
118 8.279400e-01 9.380000e-03 1.626800e-01
119 8.262080e-01 9.392000e-03 1.644000e-01
120 8.244320e-01 9.556000e-03 1.660120e-01
121 8.228640e-01 9.416000e-03 1.677200e-01
122 8.212360e-01 9.432000e-03 1.693320e-01
123 8.196080e-01 9.492000e-03 1.709000e-01
124 8.179800e-01 9.440000e-03 1.725800e-01
125 8.164560e-01 9.256000e-03 1.742880e-01
126 8.148080e-01 9.256000e-03 1.759360e-01
127 8.132760e-01 9.156000e-03 1.775680e-01
128 8.116240e-01 9.200000e-03 1.791760e-01
129 8.101480e-01 9.152000e-03 1.807000e-01
130 8.085240e-01 9.076000e-03 1.824000e-01
131 8.069920e-01 9.100000e-03 1.839080e-01
132 8.054440e-01 9.068000e-03 1.854880e-01
133 8.039080e-01 9.028000e-03 1.870640e-01
134 8.025240e-01 8.800000e-03 1.886760e-01
135 8.011000e-01 8.848000e-03 1.900520e-01
136 7.995600e-01 8.840000e-03 1.916000e-01
137 7.981640e-01 8.804000e-03 1.930320e-01
138 7.966360e-01 8.796000e-03 1.945680e-01
139 7.952080e-01 8.748000e-03 1.960440e-01
140 7.937640e-01 8.704000e-03 1.975320e-01
141 7.924320e-01 8.484000e-03 1.990840e-01
142 7.910000e-01 8.360000e-03 2.006400e-01
143 7.895880e-01 8.240000e-03 2.021720e-01
144 7.884400e-01 7.864000e-03 2.036960e-01
145 7.871200e-01 7.824000e-03 2.050560e-01
146 7.857080e-01 7.888000e-03 2.064040e-01
147 7.843520e-01 7.764000e-03 2.078840e-01
148 7.829760e-01 7.864000e-03 2.091600e-01
149 7.816440e-01 7.816000e-03 2.105400e-01
150 7.802400e-01 7.832000e-03 2.119280e-01
151 7.789600e-01 7.696000e-03 2.133440e-01
152 7.776000e-01 7.656000e-03 2.147440e-01
153 7.763640e-01 7.580000e-03 2.160560e-01
154 7.750040e-01 7.732000e-03 2.172640e-01
155 7.736080e-01 7.956000e-03 2.184360e-01
156 7.722240e-01 8.016000e-03 2.197600e-01
157 7.709960e-01 7.836000e-03 2.211680e-01
158 7.697560e-01 7.696000e-03 2.225480e-01
159 7.685240e-01 7.656000e-03 2.238200e-01
160 7.673040e-01 7.496000e-03 2.252000e-01
161 7.660360e-01 7.564000e-03 2.264000e-01
162 7.647680e-01 7.524000e-03 2.277080e-01
163 7.635720e-01 7.404000e-03 2.290240e-01
164 7.623200e-01 7.412000e-03 2.302680e-01
165 7.612400e-01 7.284000e-03 2.314760e-01
166 7.600280e-01 7.164000e-03 2.328080e-01
167 7.589440e-01 6.936000e-03 2.341200e-01
168 7.578680e-01 6.772000e-03 2.353600e-01
169 7.567080e-01 6.780000e-03 2.365120e-01
170 7.555920e-01 6.648000e-03 2.377600e-01
171 7.544720e-01 6.660000e-03 2.388680e-01
172 7.532440e-01 6.692000e-03 2.400640e-01
173 7.520480e-01 6.748000e-03 2.412040e-01
174 7.507960e-01 6.904000e-03 2.423000e-01
175 7.496160e-01 6.848000e-03 2.435360e-01
176 7.484760e-01 6.844000e-03 2.446800e-01
177 7.473080e-01 6.832000e-03 2.458600e-01
178 7.461160e-01 6.832000e-03 2.470520e-01
179 7.449040e-01 6.904000e-03 2.481920e-01
180 7.437280e-01 6.984000e-03 2.492880e-01
181 7.425400e-01 6.980000e-03 2.504800e-01
182 7.414560e-01 6.944000e-03 2.516000e-01
183 7.401560e-01 7.012000e-03 2.528320e-01
184 7.389680e-01 6.972000e-03 2.540600e-01
185 7.377760e-01 6.968000e-03 2.552560e-01
186 7.366320e-01 6.864000e-03 2.565040e-01
187 7.355040e-01 6.692000e-03 2.578040e-01
188 7.344080e-01 6.696000e-03 2.588960e-01
189 7.332120e-01 6.636000e-03 2.601520e-01
190 7.320960e-01 6.620000e-03 2.612840e-01
191 7.309440e-01 6.624000e-03 2.624320e-01
192 7.297360e-01 6.668000e-03 2.635960e-01
193 7.283640e-01 6.904000e-03 2.647320e-01
194 7.271800e-01 6.932000e-03 2.658880e-01
195 7.259560e-01 6.976000e-03 2.670680e-01
196 7.246240e-01 7.080000e-03 2.682960e-01
197 7.234280e-01 7.080000e-03 2.694920e-01
198 7.222920e-01 7.020000e-03 2.706880e-01
199 7.210680e-01 6.976000e-03 2.719560e-01
200 7.199440e-01 6.860000e-03 2.731960e-01
201 7.189600e-01 6.576000e-03 2.744640e-01
202 7.179200e-01 6.380000e-03 2.757000e-01
203 7.169320e-01 6.212000e-03 2.768560e-01
204 7.158400e-01 6.200000e-03 2.779600e-01
205 7.147960e-01 6.092000e-03 2.791120e-01
206 7.138720e-01 5.912000e-03 2.802160e-01
207 7.129600e-01 5.836000e-03 2.812040e-01
208 7.120360e-01 5.752000e-03 2.822120e-01
209 7.110640e-01 5.716000e-03 2.832200e-01
210 7.102040e-01 5.492000e-03 2.843040e-01
211 7.094040e-01 5.404000e-03 2.851920e-01
212 7.084280e-01 5.492000e-03 2.860800e-01
213 7.076480e-01 5.348000e-03 2.870040e-01
214 7.067160e-01 5.360000e-03 2.879240e-01
215 7.058360e-01 5.240000e-03 2.889240e-01
216 7.049160e-01 5.232000e-03 2.898520e-01
217 7.039320e-01 5.316000e-03 2.907520e-01
218 7.029480e-01 5.408000e-03 2.916440e-01
219 7.019760e-01 5.452000e-03 2.925720e-01
220 7.011040e-01 5.348000e-03 2.935480e-01
221 7.001480e-01 5.296000e-03 2.945560e-01
222 6.992640e-01 5.276000e-03 2.954600e-01
223 6.984160e-01 5.156000e-03 2.964280e-01
224 6.976200e-01 5.036000e-03 2.973440e-01
225 6.967720e-01 4.964000e-03 2.982640e-01
226 6.957720e-01 5.168000e-03 2.990600e-01
227 6.949400e-01 5.136000e-03 2.999240e-01
228 6.941400e-01 5.088000e-03 3.007720e-01
229 6.932960e-01 5.108000e-03 3.015960e-01
230 6.924840e-01 5.016000e-03 3.025000e-01
231 6.915280e-01 5.140000e-03 3.033320e-01
232 6.906320e-01 5.068000e-03 3.043000e-01
233 6.897360e-01 4.976000e-03 3.052880e-01
234 6.888240e-01 4.968000e-03 3.062080e-01
235 6.878600e-01 5.064000e-03 3.070760e-01
236 6.868320e-01 5.256000e-03 3.079120e-01
237 6.860080e-01 5.004000e-03 3.089880e-01
238 6.852800e-01 4.916000e-03 3.098040e-01
239 6.844600e-01 4.880000e-03 3.106600e-01
240 6.834560e-01 4.916000e-03 3.116280e-01
241 6.825120e-01 5.056000e-03 3.124320e-01
242 6.815760e-01 5.112000e-03 3.133120e-01
243 6.806720e-01 5.152000e-03 3.141760e-01
244 6.798600e-01 5.116000e-03 3.150240e-01
245 6.789720e-01 5.188000e-03 3.158400e-01
246 6.780880e-01 5.136000e-03 3.167760e-01
247 6.772320e-01 5.048000e-03 3.177200e-01
248 6.763400e-01 5.088000e-03 3.185720e-01
249 6.755320e-01 4.992000e-03 3.194760e-01
250 6.746640e-01 5.012000e-03 3.203240e-01
251 6.738200e-01 4.960000e-03 3.212200e-01
252 6.730720e-01 4.804000e-03 3.221240e-01
253 6.723200e-01 4.728000e-03 3.229520e-01
254 6.715720e-01 4.732000e-03 3.236960e-01
255 6.708600e-01 4.592000e-03 3.245480e-01
256 6.701960e-01 4.496000e-03 3.253080e-01
257 6.695280e-01 4.436000e-03 3.260360e-01
258 6.689160e-01 4.300000e-03 3.267840e-01
259 6.681680e-01 4.308000e-03 3.275240e-01
260 6.675400e-01 4.300000e-03 3.281600e-01
261 6.668520e-01 4.144000e-03 3.290040e-01
262 6.662680e-01 4.036000e-03 3.296960e-01
263 6.657520e-01 3.836000e-03 3.304120e-01
264 6.651840e-01 3.764000e-03 3.310520e-01
265 6.644960e-01 3.856000e-03 3.316480e-01
266 6.638200e-01 3.816000e-03 3.323640e-01
267 6.632320e-01 3.640000e-03 3.331280e-01
268 6.626400e-01 3.584000e-03 3.337760e-01
269 6.621520e-01 3.408000e-03 3.344400e-01
270 6.616320e-01 3.308000e-03 3.350600e-01
271 6.610640e-01 3.304000e-03 3.356320e-01
272 6.604560e-01 3.316000e-03 3.362280e-01
273 6.599120e-01 3.312000e-03 3.367760e-01
274 6.593120e-01 3.320000e-03 3.373680e-01
275 6.587120e-01 3.336000e-03 3.379520e-01
276 6.581160e-01 3.372000e-03 3.385120e-01
277 6.576240e-01 3.292000e-03 3.390840e-01
278 6.570880e-01 3.224000e-03 3.396880e-01
279 6.565360e-01 3.216000e-03 3.402480e-01
280 6.558880e-01 3.360000e-03 3.407520e-01
281 6.552280e-01 3.412000e-03 3.413600e-01
282 6.545880e-01 3.432000e-03 3.419800e-01
283 6.538080e-01 3.640000e-03 3.425520e-01
284 6.531280e-01 3.648000e-03 3.432240e-01
285 6.524400e-01 3.668000e-03 3.438920e-01
286 6.518400e-01 3.644000e-03 3.445160e-01
287 6.512600e-01 3.588000e-03 3.451520e-01
288 6.507360e-01 3.532000e-03 3.457320e-01
289 6.501600e-01 3.508000e-03 3.463320e-01
290 6.494920e-01 3.576000e-03 3.469320e-01
291 6.489560e-01 3.560000e-03 3.474840e-01
292 6.483120e-01 3.532000e-03 3.481560e-01
293 6.476960e-01 3.584000e-03 3.487200e-01
294 6.471480e-01 3.512000e-03 3.493400e-01
295 6.466280e-01 3.404000e-03 3.499680e-01
296 6.460920e-01 3.388000e-03 3.505200e-01
297 6.455080e-01 3.384000e-03 3.511080e-01
298 6.450120e-01 3.348000e-03 3.516400e-01
299 6.444880e-01 3.348000e-03 3.521640e-01
300 6.438640e-01 3.392000e-03 3.527440e-01
301 6.433600e-01 3.272000e-03 3.533680e-01
302 6.428480e-01 3.220000e-03 3.539320e-01
303 6.423120e-01 3.152000e-03 3.545360e-01
304 6.416960e-01 3.264000e-03 3.550400e-01
305 6.410760e-01 3.336000e-03 3.555880e-01
306 6.403840e-01 3.448000e-03 3.561680e-01
307 6.397400e-01 3.472000e-03 3.567880e-01
308 6.391720e-01 3.484000e-03 3.573440e-01
309 6.385960e-01 3.552000e-03 3.578520e-01
310 6.380000e-01 3.528000e-03 3.584720e-01
311 6.374000e-01 3.540000e-03 3.590600e-01
312 6.367760e-01 3.500000e-03 3.597240e-01
313 6.361640e-01 3.420000e-03 3.604160e-01
314 6.355360e-01 3.472000e-03 3.609920e-01
315 6.348800e-01 3.580000e-03 3.615400e-01
316 6.342960e-01 3.552000e-03 3.621520e-01
317 6.337400e-01 3.432000e-03 3.628280e-01
318 6.332200e-01 3.308000e-03 3.634720e-01
319 6.326840e-01 3.216000e-03 3.641000e-01
320 6.321520e-01 3.272000e-03 3.645760e-01
321 6.316200e-01 3.284000e-03 3.650960e-01
322 6.310920e-01 3.312000e-03 3.655960e-01
323 6.304200e-01 3.356000e-03 3.662240e-01
324 6.297320e-01 3.452000e-03 3.668160e-01
325 6.291720e-01 3.460000e-03 3.673680e-01
326 6.286800e-01 3.396000e-03 3.679240e-01
327 6.280680e-01 3.356000e-03 3.685760e-01
328 6.275560e-01 3.316000e-03 3.691280e-01
329 6.270360e-01 3.240000e-03 3.697240e-01
330 6.265360e-01 3.168000e-03 3.702960e-01
331 6.260200e-01 3.136000e-03 3.708440e-01
332 6.255280e-01 2.976000e-03 3.714960e-01
333 6.250840e-01 2.940000e-03 3.719760e-01
334 6.246520e-01 2.812000e-03 3.725360e-01
335 6.242480e-01 2.720000e-03 3.730320e-01
336 6.237880e-01 2.708000e-03 3.735040e-01
337 6.232400e-01 2.736000e-03 3.740240e-01
338 6.227280e-01 2.784000e-03 3.744880e-01
339 6.222960e-01 2.744000e-03 3.749600e-01
340 6.218520e-01 2.692000e-03 3.754560e-01
341 6.213920e-01 2.672000e-03 3.759360e-01
342 6.209040e-01 2.716000e-03 3.763800e-01
343 6.204280e-01 2.704000e-03 3.768680e-01
344 6.198920e-01 2.796000e-03 3.773120e-01
345 6.194640e-01 2.732000e-03 3.778040e-01
346 6.190320e-01 2.684000e-03 3.782840e-01
347 6.186080e-01 2.648000e-03 3.787440e-01
348 6.181880e-01 2.620000e-03 3.791920e-01
349 6.177520e-01 2.596000e-03 3.796520e-01
350 6.173240e-01 2.560000e-03 3.801160e-01
351 6.168640e-01 2.632000e-03 3.805040e-01
352 6.164240e-01 2.608000e-03 3.809680e-01
353 6.159600e-01 2.632000e-03 3.814080e-01
354 6.155400e-01 2.556000e-03 3.819040e-01
355 6.151360e-01 2.564000e-03 3.823000e-01
356 6.147080e-01 2.528000e-03 3.827640e-01
357 6.142840e-01 2.492000e-03 3.832240e-01
358 6.139320e-01 2.404000e-03 3.836640e-01
359 6.134160e-01 2.464000e-03 3.841200e-01
360 6.129560e-01 2.476000e-03 3.845680e-01
361 6.124160e-01 2.552000e-03 3.850320e-01
362 6.119040e-01 2.628000e-03 3.854680e-01
363 6.113800e-01 2.728000e-03 3.858920e-01
364 6.108560e-01 2.744000e-03 3.864000e-01
365 6.103520e-01 2.764000e-03 3.868840e-01
366 6.099200e-01 2.796000e-03 3.872840e-01
367 6.094320e-01 2.860000e-03 3.877080e-01
368 6.089960e-01 2.860000e-03 3.881440e-01
369 6.084920e-01 2.876000e-03 3.886320e-01
370 6.080920e-01 2.828000e-03 3.890800e-01
371 6.077320e-01 2.676000e-03 3.895920e-01
372 6.073160e-01 2.612000e-03 3.900720e-01
373 6.069440e-01 2.480000e-03 3.905760e-01
374 6.065560e-01 2.400000e-03 3.910440e-01
375 6.062080e-01 2.332000e-03 3.914600e-01
376 6.058720e-01 2.220000e-03 3.919080e-01
377 6.054840e-01 2.260000e-03 3.922560e-01
378 6.051400e-01 2.184000e-03 3.926760e-01
379 6.047880e-01 2.204000e-03 3.930080e-01
380 6.044400e-01 2.196000e-03 3.933640e-01
381 6.041520e-01 2.188000e-03 3.936600e-01
382 6.039000e-01 2.040000e-03 3.940600e-01
383 6.035800e-01 1.996000e-03 3.944240e-01
384 6.032760e-01 1.972000e-03 3.947520e-01
385 6.029600e-01 1.944000e-03 3.950960e-01
386 6.026520e-01 1.912000e-03 3.954360e-01
387 6.024040e-01 1.820000e-03 3.957760e-01
388 6.021040e-01 1.840000e-03 3.960560e-01
389 6.017360e-01 1.884000e-03 3.963800e-01
390 6.014360e-01 1.812000e-03 3.967520e-01
391 6.012080e-01 1.660000e-03 3.971320e-01
392 6.009800e-01 1.628000e-03 3.973920e-01
393 6.006720e-01 1.680000e-03 3.976480e-01
394 6.003920e-01 1.640000e-03 3.979680e-01
395 6.001080e-01 1.652000e-03 3.982400e-01
396 5.997680e-01 1.704000e-03 3.985280e-01
397 5.995080e-01 1.628000e-03 3.988640e-01
398 5.991960e-01 1.652000e-03 3.991520e-01
399 5.989320e-01 1.548000e-03 3.995200e-01
400 5.986880e-01 1.512000e-03 3.998000e-01
401 5.984720e-01 1.484000e-03 4.000440e-01
402 5.982840e-01 1.472000e-03 4.002440e-01
403 5.980840e-01 1.408000e-03 4.005080e-01
404 5.979080e-01 1.356000e-03 4.007360e-01
405 5.976800e-01 1.364000e-03 4.009560e-01
406 5.975080e-01 1.268000e-03 4.012240e-01
407 5.972760e-01 1.308000e-03 4.014160e-01
408 5.970560e-01 1.292000e-03 4.016520e-01
409 5.968240e-01 1.296000e-03 4.018800e-01
410 5.966320e-01 1.272000e-03 4.020960e-01
411 5.963760e-01 1.292000e-03 4.023320e-01
412 5.961840e-01 1.252000e-03 4.025640e-01
413 5.960000e-01 1.192000e-03 4.028080e-01
414 5.957720e-01 1.200000e-03 4.030280e-01
415 5.955760e-01 1.176000e-03 4.032480e-01
416 5.953960e-01 1.180000e-03 4.034240e-01
417 5.951640e-01 1.188000e-03 4.036480e-01
418 5.949560e-01 1.248000e-03 4.037960e-01
419 5.947840e-01 1.184000e-03 4.040320e-01
420 5.945640e-01 1.196000e-03 4.042400e-01
421 5.942920e-01 1.248000e-03 4.044600e-01
422 5.940960e-01 1.216000e-03 4.046880e-01
423 5.939040e-01 1.200000e-03 4.048960e-01
424 5.936760e-01 1.220000e-03 4.051040e-01
425 5.934160e-01 1.288000e-03 4.052960e-01
426 5.932440e-01 1.224000e-03 4.055320e-01
427 5.930640e-01 1.216000e-03 4.057200e-01
428 5.928400e-01 1.232000e-03 4.059280e-01
429 5.926000e-01 1.276000e-03 4.061240e-01
430 5.923520e-01 1.284000e-03 4.063640e-01
431 5.920920e-01 1.324000e-03 4.065840e-01
432 5.919120e-01 1.280000e-03 4.068080e-01
433 5.916760e-01 1.320000e-03 4.070040e-01
434 5.914680e-01 1.324000e-03 4.072080e-01
435 5.912440e-01 1.316000e-03 4.074400e-01
436 5.910080e-01 1.260000e-03 4.077320e-01
437 5.907840e-01 1.300000e-03 4.079160e-01
438 5.905280e-01 1.348000e-03 4.081240e-01
439 5.903040e-01 1.344000e-03 4.083520e-01
440 5.900920e-01 1.260000e-03 4.086480e-01
441 5.898800e-01 1.244000e-03 4.088760e-01
442 5.896960e-01 1.172000e-03 4.091320e-01
443 5.895520e-01 1.104000e-03 4.093440e-01
444 5.894400e-01 1.008000e-03 4.095520e-01
445 5.893200e-01 8.960000e-04 4.097840e-01
446 5.892320e-01 8.480000e-04 4.099200e-01
447 5.891400e-01 7.520000e-04 4.101080e-01
448 5.890600e-01 7.080000e-04 4.102320e-01
449 5.889440e-01 7.160000e-04 4.103400e-01
450 5.888280e-01 7.320000e-04 4.104400e-01
451 5.887280e-01 7.120000e-04 4.105600e-01
452 5.886040e-01 7.120000e-04 4.106840e-01
453 5.884560e-01 7.360000e-04 4.108080e-01
454 5.883400e-01 6.920000e-04 4.109680e-01
455 5.882160e-01 7.000000e-04 4.110840e-01
456 5.880320e-01 7.520000e-04 4.112160e-01
457 5.879480e-01 6.880000e-04 4.113640e-01
458 5.877800e-01 7.200000e-04 4.115000e-01
459 5.875960e-01 8.080000e-04 4.115960e-01
460 5.874680e-01 8.000000e-04 4.117320e-01
461 5.873720e-01 8.040000e-04 4.118240e-01
462 5.872720e-01 7.640000e-04 4.119640e-01
463 5.871720e-01 7.360000e-04 4.120920e-01
464 5.870920e-01 6.920000e-04 4.122160e-01
465 5.869760e-01 7.160000e-04 4.123080e-01
466 5.868800e-01 6.840000e-04 4.124360e-01
467 5.867600e-01 6.880000e-04 4.125520e-01
468 5.866200e-01 6.320000e-04 4.127480e-01
469 5.865680e-01 5.800000e-04 4.128520e-01
470 5.864560e-01 5.840000e-04 4.129600e-01
471 5.863880e-01 5.640000e-04 4.130480e-01
472 5.862640e-01 6.120000e-04 4.131240e-01
473 5.861360e-01 6.120000e-04 4.132520e-01
474 5.859840e-01 6.600000e-04 4.133560e-01
475 5.858480e-01 6.800000e-04 4.134720e-01
476 5.857160e-01 7.120000e-04 4.135720e-01
477 5.856200e-01 6.640000e-04 4.137160e-01
478 5.855200e-01 6.560000e-04 4.138240e-01
479 5.854000e-01 6.520000e-04 4.139480e-01
480 5.853040e-01 6.240000e-04 4.140720e-01
481 5.851920e-01 6.360000e-04 4.141720e-01
482 5.850960e-01 6.360000e-04 4.142680e-01
483 5.850280e-01 6.280000e-04 4.143440e-01
484 5.849400e-01 6.160000e-04 4.144440e-01
485 5.848720e-01 6.120000e-04 4.145160e-01
486 5.847880e-01 6.040000e-04 4.146080e-01
487 5.846360e-01 6.360000e-04 4.147280e-01
488 5.845480e-01 6.320000e-04 4.148200e-01
489 5.844480e-01 6.160000e-04 4.149360e-01
490 5.843640e-01 6.080000e-04 4.150280e-01
491 5.842400e-01 6.240000e-04 4.151360e-01
492 5.841240e-01 6.120000e-04 4.152640e-01
493 5.840400e-01 5.760000e-04 4.153840e-01
494 5.839440e-01 5.440000e-04 4.155120e-01
495 5.838800e-01 5.360000e-04 4.155840e-01
496 5.838080e-01 5.320000e-04 4.156600e-01
497 5.837200e-01 5.520000e-04 4.157280e-01
498 5.836560e-01 5.320000e-04 4.158120e-01
499 5.836080e-01 4.720000e-04 4.159200e-01
500 5.835320e-01 4.880000e-04 4.159800e-01
