1 9.992240e-01 6.520000e-04 1.240000e-04
2 9.987400e-01 1.012000e-03 2.480000e-04
3 9.981840e-01 1.368000e-03 4.480000e-04
4 9.974400e-01 1.784000e-03 7.760000e-04
5 9.967720e-01 2.088000e-03 1.140000e-03
6 9.959800e-01 2.408000e-03 1.612000e-03
7 9.951200e-01 2.780000e-03 2.100000e-03
8 9.942360e-01 3.160000e-03 2.604000e-03
9 9.933720e-01 3.524000e-03 3.104000e-03
10 9.923920e-01 3.808000e-03 3.800000e-03
11 9.914520e-01 4.096000e-03 4.452000e-03
12 9.903960e-01 4.400000e-03 5.204000e-03
13 9.894200e-01 4.576000e-03 6.004000e-03
14 9.883120e-01 4.832000e-03 6.856000e-03
15 9.869600e-01 5.368000e-03 7.672000e-03
16 9.857320e-01 5.644000e-03 8.624000e-03
17 9.845800e-01 5.836000e-03 9.584000e-03
18 9.833080e-01 6.116000e-03 1.057600e-02
19 9.818800e-01 6.472000e-03 1.164800e-02
20 9.805160e-01 6.672000e-03 1.281200e-02
21 9.790080e-01 7.036000e-03 1.395600e-02
22 9.774800e-01 7.344000e-03 1.517600e-02
23 9.759480e-01 7.484000e-03 1.656800e-02
24 9.745840e-01 7.608000e-03 1.780800e-02
25 9.731640e-01 7.696000e-03 1.914000e-02
26 9.717000e-01 7.788000e-03 2.051200e-02
27 9.702360e-01 7.892000e-03 2.187200e-02
28 9.687240e-01 7.992000e-03 2.328400e-02
29 9.674280e-01 7.924000e-03 2.464800e-02
30 9.658680e-01 8.028000e-03 2.610400e-02
31 9.645240e-01 8.036000e-03 2.744000e-02
32 9.631280e-01 8.004000e-03 2.886800e-02
33 9.616080e-01 8.072000e-03 3.032000e-02
34 9.602160e-01 7.916000e-03 3.186800e-02
35 9.588800e-01 7.856000e-03 3.326400e-02
36 9.575080e-01 7.792000e-03 3.470000e-02
37 9.561320e-01 7.808000e-03 3.606000e-02
38 9.545400e-01 8.068000e-03 3.739200e-02
39 9.531360e-01 8.144000e-03 3.872000e-02
40 9.515840e-01 8.232000e-03 4.018400e-02
41 9.500760e-01 8.216000e-03 4.170800e-02
42 9.485560e-01 8.308000e-03 4.313600e-02
43 9.470840e-01 8.288000e-03 4.462800e-02
44 9.455360e-01 8.384000e-03 4.608000e-02
45 9.439880e-01 8.452000e-03 4.756000e-02
46 9.425160e-01 8.352000e-03 4.913200e-02
47 9.411680e-01 8.220000e-03 5.061200e-02
48 9.397200e-01 8.168000e-03 5.211200e-02
49 9.381720e-01 8.324000e-03 5.350400e-02
50 9.364400e-01 8.604000e-03 5.495600e-02
51 9.348720e-01 8.652000e-03 5.647600e-02
52 9.333360e-01 8.616000e-03 5.804800e-02
53 9.318680e-01 8.580000e-03 5.955200e-02
54 9.305240e-01 8.356000e-03 6.112000e-02
55 9.290600e-01 8.388000e-03 6.255200e-02
56 9.275320e-01 8.396000e-03 6.407200e-02
57 9.261960e-01 8.272000e-03 6.553200e-02
58 9.248480e-01 8.092000e-03 6.706000e-02
59 9.232680e-01 8.136000e-03 6.859600e-02
60 9.219800e-01 8.028000e-03 6.999200e-02
61 9.206080e-01 7.904000e-03 7.148800e-02
62 9.192120e-01 7.900000e-03 7.288800e-02
63 9.177640e-01 7.928000e-03 7.430800e-02
64 9.163560e-01 7.996000e-03 7.564800e-02
65 9.149160e-01 8.028000e-03 7.705600e-02
66 9.135120e-01 7.960000e-03 7.852800e-02
67 9.120880e-01 8.080000e-03 7.983200e-02
68 9.106880e-01 8.072000e-03 8.124000e-02
69 9.091160e-01 8.208000e-03 8.267600e-02
70 9.076240e-01 8.252000e-03 8.412400e-02
71 9.062680e-01 8.264000e-03 8.546800e-02
72 9.049120e-01 8.168000e-03 8.692000e-02
73 9.034200e-01 8.248000e-03 8.833200e-02
74 9.020040e-01 8.136000e-03 8.986000e-02
75 9.006880e-01 8.044000e-03 9.126800e-02
76 8.993360e-01 8.024000e-03 9.264000e-02
77 8.978920e-01 8.084000e-03 9.402400e-02
78 8.964280e-01 8.160000e-03 9.541200e-02
79 8.949080e-01 8.332000e-03 9.676000e-02
80 8.936480e-01 8.152000e-03 9.820000e-02
81 8.921640e-01 8.252000e-03 9.958400e-02
82 8.906440e-01 8.272000e-03 1.010840e-01
83 8.893000e-01 8.156000e-03 1.025440e-01
84 8.879800e-01 8.080000e-03 1.039400e-01
85 8.866480e-01 8.064000e-03 1.052880e-01
86 8.852280e-01 8.116000e-03 1.066560e-01
87 8.839480e-01 8.020000e-03 1.080320e-01
88 8.824240e-01 8.212000e-03 1.093640e-01
89 8.808120e-01 8.376000e-03 1.108120e-01
90 8.791480e-01 8.512000e-03 1.123400e-01
91 8.777640e-01 8.472000e-03 1.137640e-01
92 8.762160e-01 8.532000e-03 1.152520e-01
93 8.746680e-01 8.676000e-03 1.166560e-01
94 8.731400e-01 8.732000e-03 1.181280e-01
95 8.717880e-01 8.656000e-03 1.195560e-01
96 8.704520e-01 8.404000e-03 1.211440e-01
97 8.689600e-01 8.488000e-03 1.225520e-01
98 8.674680e-01 8.600000e-03 1.239320e-01
99 8.659640e-01 8.632000e-03 1.254040e-01
100 8.643800e-01 8.748000e-03 1.268720e-01
101 8.628480e-01 8.724000e-03 1.284280e-01
102 8.614240e-01 8.552000e-03 1.300240e-01
103 8.598640e-01 8.672000e-03 1.314640e-01
104 8.583040e-01 8.692000e-03 1.330040e-01
105 8.567560e-01 8.860000e-03 1.343840e-01
106 8.551560e-01 8.836000e-03 1.360080e-01
107 8.535840e-01 8.892000e-03 1.375240e-01
108 8.520080e-01 8.872000e-03 1.391200e-01
109 8.504720e-01 8.856000e-03 1.406720e-01
110 8.488400e-01 9.052000e-03 1.421080e-01
111 8.473520e-01 8.984000e-03 1.436640e-01
112 8.456280e-01 9.232000e-03 1.451400e-01
113 8.439320e-01 9.288000e-03 1.467800e-01
114 8.421880e-01 9.332000e-03 1.484800e-01
115 8.405720e-01 9.296000e-03 1.501320e-01
116 8.387600e-01 9.396000e-03 1.518440e-01
117 8.371800e-01 9.256000e-03 1.535640e-01
118 8.356520e-01 9.164000e-03 1.551840e-01
119 8.340640e-01 9.176000e-03 1.567600e-01
120 8.326120e-01 9.072000e-03 1.583160e-01
121 8.309600e-01 9.164000e-03 1.598760e-01
122 8.294440e-01 9.096000e-03 1.614600e-01
123 8.277800e-01 9.136000e-03 1.630840e-01
124 8.261640e-01 9.140000e-03 1.646960e-01
125 8.245440e-01 9.200000e-03 1.662560e-01
126 8.230480e-01 9.100000e-03 1.678520e-01
127 8.215000e-01 9.028000e-03 1.694720e-01
128 8.198560e-01 9.072000e-03 1.710720e-01
129 8.184600e-01 8.816000e-03 1.727240e-01
130 8.170000e-01 8.560000e-03 1.744400e-01
131 8.154880e-01 8.656000e-03 1.758560e-01
132 8.139400e-01 8.720000e-03 1.773400e-01
133 8.124840e-01 8.824000e-03 1.786920e-01
134 8.109720e-01 8.784000e-03 1.802440e-01
135 8.095400e-01 8.728000e-03 1.817320e-01
136 8.081120e-01 8.656000e-03 1.832320e-01
137 8.067360e-01 8.536000e-03 1.847280e-01
138 8.052800e-01 8.464000e-03 1.862560e-01
139 8.038040e-01 8.352000e-03 1.878440e-01
140 8.024080e-01 8.220000e-03 1.893720e-01
141 8.008880e-01 8.380000e-03 1.907320e-01
142 7.992960e-01 8.436000e-03 1.922680e-01
143 7.980040e-01 8.224000e-03 1.937720e-01
144 7.965520e-01 8.256000e-03 1.951920e-01
145 7.952240e-01 8.152000e-03 1.966240e-01
146 7.938280e-01 8.168000e-03 1.980040e-01
147 7.925200e-01 7.932000e-03 1.995480e-01
148 7.913160e-01 7.808000e-03 2.008760e-01
149 7.900160e-01 7.756000e-03 2.022280e-01
150 7.886880e-01 7.696000e-03 2.036160e-01
151 7.872880e-01 7.724000e-03 2.049880e-01
152 7.859520e-01 7.704000e-03 2.063440e-01
153 7.846560e-01 7.804000e-03 2.075400e-01
154 7.835440e-01 7.564000e-03 2.088920e-01
155 7.823200e-01 7.424000e-03 2.102560e-01
156 7.811280e-01 7.332000e-03 2.115400e-01
157 7.801480e-01 7.036000e-03 2.128160e-01
158 7.789000e-01 7.084000e-03 2.140160e-01
159 7.777560e-01 6.992000e-03 2.152520e-01
160 7.765360e-01 7.104000e-03 2.163600e-01
161 7.752840e-01 7.176000e-03 2.175400e-01
162 7.740040e-01 7.280000e-03 2.187160e-01
163 7.726560e-01 7.400000e-03 2.199440e-01
164 7.712480e-01 7.532000e-03 2.212200e-01
165 7.700800e-01 7.180000e-03 2.227400e-01
166 7.689640e-01 7.112000e-03 2.239240e-01
167 7.677440e-01 7.124000e-03 2.251320e-01
168 7.665320e-01 7.132000e-03 2.263360e-01
169 7.654000e-01 7.028000e-03 2.275720e-01
170 7.642040e-01 7.036000e-03 2.287600e-01
171 7.629440e-01 7.024000e-03 2.300320e-01
172 7.618320e-01 6.992000e-03 2.311760e-01
173 7.607320e-01 6.880000e-03 2.323880e-01
174 7.596200e-01 6.876000e-03 2.335040e-01
175 7.585280e-01 6.796000e-03 2.346760e-01
176 7.574120e-01 6.656000e-03 2.359320e-01
177 7.564320e-01 6.500000e-03 2.370680e-01
178 7.554000e-01 6.424000e-03 2.381760e-01
179 7.543080e-01 6.508000e-03 2.391840e-01
180 7.532880e-01 6.400000e-03 2.403120e-01
181 7.523000e-01 6.380000e-03 2.413200e-01
182 7.512680e-01 6.360000e-03 2.423720e-01
183 7.502000e-01 6.332000e-03 2.434680e-01
184 7.490160e-01 6.456000e-03 2.445280e-01
185 7.479360e-01 6.440000e-03 2.456240e-01
186 7.466280e-01 6.596000e-03 2.467760e-01
187 7.455640e-01 6.480000e-03 2.479560e-01
188 7.445120e-01 6.464000e-03 2.490240e-01
189 7.435000e-01 6.428000e-03 2.500720e-01
190 7.424920e-01 6.328000e-03 2.511800e-01
191 7.415280e-01 6.140000e-03 2.523320e-01
192 7.404240e-01 6.076000e-03 2.535000e-01
193 7.395080e-01 5.920000e-03 2.545720e-01
194 7.384360e-01 5.988000e-03 2.555760e-01
195 7.374360e-01 5.872000e-03 2.566920e-01
196 7.364120e-01 5.884000e-03 2.577040e-01
197 7.353680e-01 5.896000e-03 2.587360e-01
198 7.343600e-01 5.844000e-03 2.597960e-01
199 7.335120e-01 5.700000e-03 2.607880e-01
200 7.326160e-01 5.620000e-03 2.617640e-01
201 7.317800e-01 5.448000e-03 2.627720e-01
202 7.308160e-01 5.456000e-03 2.637280e-01
203 7.299800e-01 5.396000e-03 2.646240e-01
204 7.291120e-01 5.280000e-03 2.656080e-01
205 7.280640e-01 5.492000e-03 2.664440e-01
206 7.271840e-01 5.368000e-03 2.674480e-01
207 7.263120e-01 5.392000e-03 2.682960e-01
208 7.254760e-01 5.344000e-03 2.691800e-01
209 7.245520e-01 5.332000e-03 2.701160e-01
210 7.237960e-01 5.156000e-03 2.710480e-01
211 7.229520e-01 5.064000e-03 2.719840e-01
212 7.220600e-01 5.052000e-03 2.728880e-01
213 7.211960e-01 4.992000e-03 2.738120e-01
214 7.203000e-01 5.056000e-03 2.746440e-01
215 7.194160e-01 5.028000e-03 2.755560e-01
216 7.186200e-01 4.820000e-03 2.765600e-01
217 7.178400e-01 4.700000e-03 2.774600e-01
218 7.170840e-01 4.716000e-03 2.782000e-01
219 7.161920e-01 4.800000e-03 2.790080e-01
220 7.154280e-01 4.780000e-03 2.797920e-01
221 7.146000e-01 4.832000e-03 2.805680e-01
222 7.137200e-01 4.916000e-03 2.813640e-01
223 7.126400e-01 5.160000e-03 2.822000e-01
224 7.117280e-01 5.132000e-03 2.831400e-01
225 7.107680e-01 5.288000e-03 2.839440e-01
226 7.098960e-01 5.212000e-03 2.848920e-01
227 7.089440e-01 5.316000e-03 2.857400e-01
228 7.080600e-01 5.344000e-03 2.865960e-01
229 7.071320e-01 5.368000e-03 2.875000e-01
230 7.062040e-01 5.380000e-03 2.884160e-01
231 7.052520e-01 5.308000e-03 2.894400e-01
232 7.041880e-01 5.448000e-03 2.903640e-01
233 7.033480e-01 5.368000e-03 2.912840e-01
234 7.024800e-01 5.400000e-03 2.921200e-01
235 7.014600e-01 5.552000e-03 2.929880e-01
236 7.006080e-01 5.532000e-03 2.938600e-01
237 6.997240e-01 5.468000e-03 2.948080e-01
238 6.987640e-01 5.524000e-03 2.957120e-01
239 6.979080e-01 5.400000e-03 2.966920e-01
240 6.970640e-01 5.332000e-03 2.976040e-01
241 6.962360e-01 5.248000e-03 2.985160e-01
242 6.954360e-01 5.164000e-03 2.994000e-01
243 6.946920e-01 4.980000e-03 3.003280e-01
244 6.939520e-01 4.808000e-03 3.012400e-01
245 6.932840e-01 4.532000e-03 3.021840e-01
246 6.925400e-01 4.496000e-03 3.029640e-01
247 6.918760e-01 4.412000e-03 3.037120e-01
248 6.911160e-01 4.460000e-03 3.044240e-01
249 6.903640e-01 4.520000e-03 3.051160e-01
250 6.896200e-01 4.576000e-03 3.058040e-01
251 6.888960e-01 4.512000e-03 3.065920e-01
252 6.881880e-01 4.448000e-03 3.073640e-01
253 6.874720e-01 4.368000e-03 3.081600e-01
254 6.866880e-01 4.268000e-03 3.090440e-01
255 6.859720e-01 4.296000e-03 3.097320e-01
256 6.852160e-01 4.276000e-03 3.105080e-01
257 6.844360e-01 4.220000e-03 3.113440e-01
258 6.837240e-01 4.204000e-03 3.120720e-01
259 6.830520e-01 4.156000e-03 3.127920e-01
260 6.823760e-01 4.104000e-03 3.135200e-01
261 6.817480e-01 4.064000e-03 3.141880e-01
262 6.810880e-01 4.040000e-03 3.148720e-01
263 6.804400e-01 4.012000e-03 3.155480e-01
264 6.798000e-01 3.992000e-03 3.162080e-01
265 6.791520e-01 3.984000e-03 3.168640e-01
266 6.785520e-01 3.988000e-03 3.174600e-01
267 6.779120e-01 3.956000e-03 3.181320e-01
268 6.773640e-01 3.908000e-03 3.187280e-01
269 6.767440e-01 3.780000e-03 3.194760e-01
270 6.760840e-01 3.756000e-03 3.201600e-01
271 6.754040e-01 3.824000e-03 3.207720e-01
272 6.747520e-01 3.848000e-03 3.214000e-01
273 6.741240e-01 3.748000e-03 3.221280e-01
274 6.735080e-01 3.664000e-03 3.228280e-01
275 6.729720e-01 3.540000e-03 3.234880e-01
276 6.724000e-01 3.400000e-03 3.242000e-01
277 6.718760e-01 3.352000e-03 3.247720e-01
278 6.713080e-01 3.292000e-03 3.254000e-01
279 6.707640e-01 3.276000e-03 3.259600e-01
280 6.702240e-01 3.260000e-03 3.265160e-01
281 6.697040e-01 3.192000e-03 3.271040e-01
282 6.691000e-01 3.184000e-03 3.277160e-01
283 6.686160e-01 3.076000e-03 3.283080e-01
284 6.681080e-01 2.996000e-03 3.288960e-01
285 6.675080e-01 3.024000e-03 3.294680e-01
286 6.667960e-01 3.216000e-03 3.299880e-01
287 6.661680e-01 3.292000e-03 3.305400e-01
288 6.655760e-01 3.284000e-03 3.311400e-01
289 6.650080e-01 3.156000e-03 3.318360e-01
290 6.645760e-01 3.028000e-03 3.323960e-01
291 6.641360e-01 2.948000e-03 3.329160e-01
292 6.636960e-01 2.872000e-03 3.334320e-01
293 6.632040e-01 2.880000e-03 3.339160e-01
294 6.626480e-01 2.952000e-03 3.344000e-01
295 6.621160e-01 2.956000e-03 3.349280e-01
296 6.616760e-01 2.824000e-03 3.355000e-01
297 6.612000e-01 2.796000e-03 3.360040e-01
298 6.607560e-01 2.716000e-03 3.365280e-01
299 6.602960e-01 2.668000e-03 3.370360e-01
300 6.597920e-01 2.696000e-03 3.375120e-01
301 6.592960e-01 2.676000e-03 3.380280e-01
302 6.587920e-01 2.688000e-03 3.385200e-01
303 6.581920e-01 2.848000e-03 3.389600e-01
304 6.576800e-01 2.900000e-03 3.394200e-01
305 6.572200e-01 2.868000e-03 3.399120e-01
306 6.566760e-01 2.936000e-03 3.403880e-01
307 6.561240e-01 2.980000e-03 3.408960e-01
308 6.555400e-01 3.028000e-03 3.414320e-01
309 6.549880e-01 3.088000e-03 3.419240e-01
310 6.543960e-01 3.164000e-03 3.424400e-01
311 6.538840e-01 3.104000e-03 3.430120e-01
312 6.533200e-01 3.052000e-03 3.436280e-01
313 6.527560e-01 3.124000e-03 3.441200e-01
314 6.520800e-01 3.224000e-03 3.446960e-01
315 6.514400e-01 3.336000e-03 3.452240e-01
316 6.509440e-01 3.244000e-03 3.458120e-01
317 6.503560e-01 3.300000e-03 3.463440e-01
318 6.498000e-01 3.288000e-03 3.469120e-01
319 6.491880e-01 3.268000e-03 3.475440e-01
320 6.486360e-01 3.208000e-03 3.481560e-01
321 6.481360e-01 3.116000e-03 3.487480e-01
322 6.476080e-01 3.124000e-03 3.492680e-01
323 6.471040e-01 3.080000e-03 3.498160e-01
324 6.465080e-01 3.144000e-03 3.503480e-01
325 6.459960e-01 3.100000e-03 3.509040e-01
326 6.455520e-01 3.016000e-03 3.514320e-01
327 6.450440e-01 3.024000e-03 3.519320e-01
328 6.445680e-01 2.980000e-03 3.524520e-01
329 6.441240e-01 2.972000e-03 3.529040e-01
330 6.436160e-01 2.956000e-03 3.534280e-01
331 6.431240e-01 2.864000e-03 3.540120e-01
332 6.426640e-01 2.816000e-03 3.545200e-01
333 6.422320e-01 2.740000e-03 3.550280e-01
334 6.417280e-01 2.768000e-03 3.555040e-01
335 6.411960e-01 2.864000e-03 3.559400e-01
336 6.406760e-01 2.920000e-03 3.564040e-01
337 6.402160e-01 2.912000e-03 3.568720e-01
338 6.397360e-01 2.788000e-03 3.574760e-01
339 6.393280e-01 2.680000e-03 3.579920e-01
340 6.389240e-01 2.672000e-03 3.584040e-01
341 6.384640e-01 2.664000e-03 3.588720e-01
342 6.379640e-01 2.716000e-03 3.593200e-01
343 6.375040e-01 2.684000e-03 3.598120e-01
344 6.369800e-01 2.744000e-03 3.602760e-01
345 6.365800e-01 2.692000e-03 3.607280e-01
346 6.360480e-01 2.764000e-03 3.611880e-01
347 6.356160e-01 2.676000e-03 3.617080e-01
348 6.352200e-01 2.516000e-03 3.622640e-01
349 6.347160e-01 2.624000e-03 3.626600e-01
350 6.342600e-01 2.636000e-03 3.631040e-01
351 6.338120e-01 2.656000e-03 3.635320e-01
352 6.333640e-01 2.604000e-03 3.640320e-01
353 6.327840e-01 2.788000e-03 3.644280e-01
354 6.323840e-01 2.660000e-03 3.649560e-01
355 6.319280e-01 2.676000e-03 3.653960e-01
356 6.314920e-01 2.704000e-03 3.658040e-01
357 6.310360e-01 2.724000e-03 3.662400e-01
358 6.305480e-01 2.636000e-03 3.668160e-01
359 6.300880e-01 2.608000e-03 3.673040e-01
360 6.295960e-01 2.600000e-03 3.678040e-01
361 6.291680e-01 2.560000e-03 3.682720e-01
362 6.286800e-01 2.616000e-03 3.687040e-01
363 6.282520e-01 2.492000e-03 3.692560e-01
364 6.277880e-01 2.536000e-03 3.696760e-01
365 6.272640e-01 2.480000e-03 3.702560e-01
366 6.267720e-01 2.540000e-03 3.706880e-01
367 6.263440e-01 2.492000e-03 3.711640e-01
368 6.258720e-01 2.516000e-03 3.716120e-01
369 6.253520e-01 2.552000e-03 3.720960e-01
370 6.248280e-01 2.608000e-03 3.725640e-01
371 6.243600e-01 2.588000e-03 3.730520e-01
372 6.239080e-01 2.608000e-03 3.734840e-01
373 6.234720e-01 2.540000e-03 3.739880e-01
374 6.231080e-01 2.524000e-03 3.743680e-01
375 6.226640e-01 2.564000e-03 3.747720e-01
376 6.222840e-01 2.588000e-03 3.751280e-01
377 6.218520e-01 2.572000e-03 3.755760e-01
378 6.214240e-01 2.580000e-03 3.759960e-01
379 6.211040e-01 2.428000e-03 3.764680e-01
380 6.208120e-01 2.272000e-03 3.769160e-01
381 6.204880e-01 2.240000e-03 3.772720e-01
382 6.201480e-01 2.196000e-03 3.776560e-01
383 6.198560e-01 2.108000e-03 3.780360e-01
384 6.194480e-01 2.196000e-03 3.783560e-01
385 6.190680e-01 2.208000e-03 3.787240e-01
386 6.187960e-01 2.136000e-03 3.790680e-01
387 6.184800e-01 2.084000e-03 3.794360e-01
388 6.182280e-01 2.012000e-03 3.797600e-01
389 6.178440e-01 2.064000e-03 3.800920e-01
390 6.175280e-01 2.028000e-03 3.804440e-01
391 6.173120e-01 1.900000e-03 3.807880e-01
392 6.170560e-01 1.832000e-03 3.811120e-01
393 6.168040e-01 1.776000e-03 3.814200e-01
394 6.165240e-01 1.732000e-03 3.817440e-01
395 6.162880e-01 1.660000e-03 3.820520e-01
396 6.160520e-01 1.692000e-03 3.822560e-01
397 6.158200e-01 1.648000e-03 3.825320e-01
398 6.154680e-01 1.712000e-03 3.828200e-01
399 6.151880e-01 1.752000e-03 3.830600e-01
400 6.149120e-01 1.740000e-03 3.833480e-01
401 6.146440e-01 1.736000e-03 3.836200e-01
402 6.143720e-01 1.780000e-03 3.838480e-01
403 6.141480e-01 1.680000e-03 3.841720e-01
404 6.138360e-01 1.712000e-03 3.844520e-01
405 6.134960e-01 1.716000e-03 3.847880e-01
406 6.132120e-01 1.712000e-03 3.850760e-01
407 6.129880e-01 1.648000e-03 3.853640e-01
408 6.128080e-01 1.588000e-03 3.856040e-01
409 6.126520e-01 1.484000e-03 3.858640e-01
410 6.124840e-01 1.452000e-03 3.860640e-01
411 6.122960e-01 1.408000e-03 3.862960e-01
412 6.120960e-01 1.364000e-03 3.865400e-01
413 6.118680e-01 1.312000e-03 3.868200e-01
414 6.116600e-01 1.280000e-03 3.870600e-01
415 6.114880e-01 1.244000e-03 3.872680e-01
416 6.112640e-01 1.240000e-03 3.874960e-01
417 6.110720e-01 1.248000e-03 3.876800e-01
418 6.108960e-01 1.220000e-03 3.878840e-01
419 6.106440e-01 1.288000e-03 3.880680e-01
420 6.104400e-01 1.248000e-03 3.883120e-01
421 6.102400e-01 1.188000e-03 3.885720e-01
422 6.100720e-01 1.168000e-03 3.887600e-01
423 6.099040e-01 1.100000e-03 3.889960e-01
424 6.097400e-01 1.068000e-03 3.891920e-01
425 6.095280e-01 1.052000e-03 3.894200e-01
426 6.093320e-01 1.044000e-03 3.896240e-01
427 6.090960e-01 1.064000e-03 3.898400e-01
428 6.088680e-01 1.116000e-03 3.900160e-01
429 6.086360e-01 1.104000e-03 3.902600e-01
430 6.083760e-01 1.072000e-03 3.905520e-01
431 6.081760e-01 1.100000e-03 3.907240e-01
432 6.079360e-01 1.124000e-03 3.909400e-01
433 6.076560e-01 1.204000e-03 3.911400e-01
434 6.073760e-01 1.304000e-03 3.913200e-01
435 6.071200e-01 1.336000e-03 3.915440e-01
436 6.069640e-01 1.268000e-03 3.917680e-01
437 6.067440e-01 1.268000e-03 3.919880e-01
438 6.065160e-01 1.280000e-03 3.922040e-01
439 6.062520e-01 1.320000e-03 3.924280e-01
440 6.060520e-01 1.292000e-03 3.926560e-01
441 6.057960e-01 1.284000e-03 3.929200e-01
442 6.054720e-01 1.340000e-03 3.931880e-01
443 6.051760e-01 1.412000e-03 3.934120e-01
444 6.049200e-01 1.436000e-03 3.936440e-01
445 6.045760e-01 1.516000e-03 3.939080e-01
446 6.042560e-01 1.568000e-03 3.941760e-01
447 6.039560e-01 1.604000e-03 3.944400e-01
448 6.036880e-01 1.636000e-03 3.946760e-01
449 6.034160e-01 1.652000e-03 3.949320e-01
450 6.030960e-01 1.676000e-03 3.952280e-01
451 6.028240e-01 1.696000e-03 3.954800e-01
452 6.025160e-01 1.704000e-03 3.957800e-01
453 6.022320e-01 1.756000e-03 3.960120e-01
454 6.018720e-01 1.800000e-03 3.963280e-01
455 6.015880e-01 1.828000e-03 3.965840e-01
456 6.012720e-01 1.816000e-03 3.969120e-01
457 6.009920e-01 1.828000e-03 3.971800e-01
458 6.006000e-01 1.892000e-03 3.975080e-01
459 6.002680e-01 1.916000e-03 3.978160e-01
460 6.000120e-01 1.888000e-03 3.981000e-01
461 5.996440e-01 1.956000e-03 3.984000e-01
462 5.993840e-01 1.820000e-03 3.987960e-01
463 5.991400e-01 1.784000e-03 3.990760e-01
464 5.988760e-01 1.740000e-03 3.993840e-01
465 5.986480e-01 1.584000e-03 3.997680e-01
466 5.984760e-01 1.492000e-03 4.000320e-01
467 5.982800e-01 1.408000e-03 4.003120e-01
468 5.980640e-01 1.404000e-03 4.005320e-01
469 5.978760e-01 1.352000e-03 4.007720e-01
470 5.976320e-01 1.400000e-03 4.009680e-01
471 5.974080e-01 1.360000e-03 4.012320e-01
472 5.971920e-01 1.352000e-03 4.014560e-01
473 5.969840e-01 1.324000e-03 4.016920e-01
474 5.968200e-01 1.248000e-03 4.019320e-01
475 5.966600e-01 1.216000e-03 4.021240e-01
476 5.965640e-01 1.088000e-03 4.023480e-01
477 5.964120e-01 1.072000e-03 4.025160e-01
478 5.962280e-01 1.084000e-03 4.026880e-01
479 5.960920e-01 1.040000e-03 4.028680e-01
480 5.959280e-01 9.800000e-04 4.030920e-01
481 5.958480e-01 9.040000e-04 4.032480e-01
482 5.957400e-01 8.600000e-04 4.034000e-01
483 5.956440e-01 8.560000e-04 4.035000e-01
484 5.955280e-01 8.280000e-04 4.036440e-01
485 5.953800e-01 8.120000e-04 4.038080e-01
486 5.952280e-01 8.280000e-04 4.039440e-01
487 5.950760e-01 8.400000e-04 4.040840e-01
488 5.948760e-01 8.560000e-04 4.042680e-01
489 5.947280e-01 8.040000e-04 4.044680e-01
490 5.945600e-01 8.240000e-04 4.046160e-01
491 5.944080e-01 8.240000e-04 4.047680e-01
492 5.942640e-01 8.120000e-04 4.049240e-01
493 5.941720e-01 7.800000e-04 4.050480e-01
494 5.940080e-01 7.920000e-04 4.052000e-01
495 5.938960e-01 7.480000e-04 4.053560e-01
496 5.937960e-01 7.080000e-04 4.054960e-01
497 5.936800e-01 7.200000e-04 4.056000e-01
498 5.935400e-01 7.200000e-04 4.057400e-01
499 5.934120e-01 7.360000e-04 4.058520e-01
500 5.932800e-01 7.720000e-04 4.059480e-01
