1 9.992960e-01 6.120000e-04 9.200000e-05
2 9.988400e-01 9.320000e-04 2.280000e-04
3 9.983280e-01 1.228000e-03 4.440000e-04
4 9.977320e-01 1.592000e-03 6.760000e-04
5 9.970200e-01 1.988000e-03 9.920000e-04
6 9.962200e-01 2.356000e-03 1.424000e-03
7 9.952920e-01 2.824000e-03 1.884000e-03
8 9.943160e-01 3.228000e-03 2.456000e-03
9 9.933120e-01 3.580000e-03 3.108000e-03
10 9.921360e-01 4.072000e-03 3.792000e-03
11 9.910400e-01 4.460000e-03 4.500000e-03
12 9.899480e-01 4.748000e-03 5.304000e-03
13 9.888360e-01 4.940000e-03 6.224000e-03
14 9.875880e-01 5.376000e-03 7.036000e-03
15 9.863880e-01 5.564000e-03 8.048000e-03
16 9.851800e-01 5.840000e-03 8.980000e-03
17 9.840120e-01 5.928000e-03 1.006000e-02
18 9.826200e-01 6.360000e-03 1.102000e-02
19 9.812280e-01 6.732000e-03 1.204000e-02
20 9.797720e-01 6.964000e-03 1.326400e-02
21 9.783520e-01 7.096000e-03 1.455200e-02
22 9.768360e-01 7.368000e-03 1.579600e-02
23 9.753320e-01 7.616000e-03 1.705200e-02
24 9.739440e-01 7.708000e-03 1.834800e-02
25 9.725160e-01 7.744000e-03 1.974000e-02
26 9.710800e-01 7.776000e-03 2.114400e-02
27 9.696680e-01 7.908000e-03 2.242400e-02
28 9.683320e-01 7.812000e-03 2.385600e-02
29 9.668080e-01 7.996000e-03 2.519600e-02
30 9.652880e-01 8.132000e-03 2.658000e-02
31 9.637640e-01 8.184000e-03 2.805200e-02
32 9.623680e-01 8.180000e-03 2.945200e-02
33 9.606360e-01 8.480000e-03 3.088400e-02
34 9.591720e-01 8.412000e-03 3.241600e-02
35 9.574840e-01 8.548000e-03 3.396800e-02
36 9.557880e-01 8.624000e-03 3.558800e-02
37 9.544040e-01 8.616000e-03 3.698000e-02
38 9.528240e-01 8.696000e-03 3.848000e-02
39 9.512520e-01 8.676000e-03 4.007200e-02
40 9.496400e-01 8.664000e-03 4.169600e-02
41 9.481360e-01 8.648000e-03 4.321600e-02
42 9.465400e-01 8.748000e-03 4.471200e-02
43 9.448840e-01 8.880000e-03 4.623600e-02
44 9.433080e-01 9.052000e-03 4.764000e-02
45 9.416840e-01 8.992000e-03 4.932400e-02
46 9.401040e-01 9.052000e-03 5.084400e-02
47 9.384040e-01 9.240000e-03 5.235600e-02
48 9.367480e-01 9.332000e-03 5.392000e-02
49 9.350880e-01 9.184000e-03 5.572800e-02
50 9.334080e-01 9.132000e-03 5.746000e-02
51 9.318080e-01 9.240000e-03 5.895200e-02
52 9.302720e-01 9.136000e-03 6.059200e-02
53 9.287040e-01 9.016000e-03 6.228000e-02
54 9.271560e-01 9.068000e-03 6.377600e-02
55 9.255280e-01 9.124000e-03 6.534800e-02
56 9.239400e-01 9.060000e-03 6.700000e-02
57 9.224800e-01 8.964000e-03 6.855600e-02
58 9.207200e-01 9.080000e-03 7.020000e-02
59 9.189600e-01 9.280000e-03 7.176000e-02
60 9.172200e-01 9.488000e-03 7.329200e-02
61 9.153560e-01 9.740000e-03 7.490400e-02
62 9.134320e-01 9.936000e-03 7.663200e-02
63 9.116160e-01 9.972000e-03 7.841200e-02
64 9.098200e-01 1.006800e-02 8.011200e-02
65 9.080880e-01 9.980000e-03 8.193200e-02
66 9.065000e-01 9.796000e-03 8.370400e-02
67 9.049800e-01 9.504000e-03 8.551600e-02
68 9.034560e-01 9.304000e-03 8.724000e-02
69 9.019440e-01 9.172000e-03 8.888400e-02
70 9.005880e-01 8.856000e-03 9.055600e-02
71 8.991320e-01 8.812000e-03 9.205600e-02
72 8.977480e-01 8.544000e-03 9.370800e-02
73 8.962520e-01 8.548000e-03 9.520000e-02
74 8.948640e-01 8.492000e-03 9.664400e-02
75 8.934120e-01 8.452000e-03 9.813600e-02
76 8.919080e-01 8.488000e-03 9.960400e-02
77 8.903400e-01 8.428000e-03 1.012320e-01
78 8.889520e-01 8.224000e-03 1.028240e-01
79 8.875760e-01 8.180000e-03 1.042440e-01
80 8.860240e-01 8.328000e-03 1.056480e-01
81 8.844480e-01 8.440000e-03 1.071120e-01
82 8.827800e-01 8.596000e-03 1.086240e-01
83 8.813800e-01 8.384000e-03 1.102360e-01
84 8.800320e-01 8.356000e-03 1.116120e-01
85 8.784600e-01 8.404000e-03 1.131360e-01
86 8.768800e-01 8.512000e-03 1.146080e-01
87 8.752960e-01 8.640000e-03 1.160640e-01
88 8.737120e-01 8.728000e-03 1.175600e-01
89 8.721400e-01 8.848000e-03 1.190120e-01
90 8.706880e-01 8.812000e-03 1.205000e-01
91 8.691560e-01 8.756000e-03 1.220880e-01
92 8.677680e-01 8.704000e-03 1.235280e-01
93 8.663920e-01 8.512000e-03 1.250960e-01
94 8.648840e-01 8.556000e-03 1.265600e-01
95 8.633200e-01 8.580000e-03 1.281000e-01
96 8.617040e-01 8.672000e-03 1.296240e-01
97 8.602240e-01 8.604000e-03 1.311720e-01
98 8.587880e-01 8.452000e-03 1.327600e-01
99 8.573360e-01 8.508000e-03 1.341560e-01
100 8.557480e-01 8.764000e-03 1.354880e-01
101 8.542040e-01 8.772000e-03 1.370240e-01
102 8.527560e-01 8.632000e-03 1.386120e-01
103 8.512800e-01 8.580000e-03 1.401400e-01
104 8.497720e-01 8.652000e-03 1.415760e-01
105 8.482480e-01 8.676000e-03 1.430760e-01
106 8.468600e-01 8.372000e-03 1.447680e-01
107 8.454520e-01 8.344000e-03 1.462040e-01
108 8.441400e-01 8.260000e-03 1.476000e-01
109 8.428480e-01 8.164000e-03 1.489880e-01
110 8.416680e-01 7.944000e-03 1.503880e-01
111 8.402840e-01 7.860000e-03 1.518560e-01
112 8.389160e-01 7.756000e-03 1.533280e-01
113 8.374760e-01 7.664000e-03 1.548600e-01
114 8.360920e-01 7.788000e-03 1.561200e-01
115 8.347480e-01 7.756000e-03 1.574960e-01
116 8.335400e-01 7.604000e-03 1.588560e-01
117 8.321760e-01 7.700000e-03 1.601240e-01
118 8.308600e-01 7.608000e-03 1.615320e-01
119 8.294720e-01 7.700000e-03 1.628280e-01
120 8.281120e-01 7.696000e-03 1.641920e-01
121 8.266080e-01 7.880000e-03 1.655120e-01
122 8.252840e-01 7.860000e-03 1.668560e-01
123 8.238760e-01 8.052000e-03 1.680720e-01
124 8.224640e-01 8.096000e-03 1.694400e-01
125 8.210800e-01 8.076000e-03 1.708440e-01
126 8.197960e-01 7.880000e-03 1.723240e-01
127 8.186040e-01 7.680000e-03 1.737160e-01
128 8.173240e-01 7.676000e-03 1.750000e-01
129 8.158360e-01 7.852000e-03 1.763120e-01
130 8.143680e-01 7.908000e-03 1.777240e-01
131 8.129600e-01 8.044000e-03 1.789960e-01
132 8.116800e-01 7.884000e-03 1.804360e-01
133 8.103600e-01 7.804000e-03 1.818360e-01
134 8.091280e-01 7.692000e-03 1.831800e-01
135 8.080680e-01 7.312000e-03 1.846200e-01
136 8.069440e-01 7.216000e-03 1.858400e-01
137 8.058280e-01 7.168000e-03 1.870040e-01
138 8.048120e-01 6.848000e-03 1.883400e-01
139 8.037560e-01 6.684000e-03 1.895600e-01
140 8.027960e-01 6.508000e-03 1.906960e-01
141 8.018080e-01 6.412000e-03 1.917800e-01
142 8.007680e-01 6.368000e-03 1.928640e-01
143 7.997120e-01 6.392000e-03 1.938960e-01
144 7.986840e-01 6.324000e-03 1.949920e-01
145 7.976400e-01 6.208000e-03 1.961520e-01
146 7.964840e-01 6.300000e-03 1.972160e-01
147 7.953520e-01 6.348000e-03 1.983000e-01
148 7.942720e-01 6.312000e-03 1.994160e-01
149 7.931360e-01 6.284000e-03 2.005800e-01
150 7.922040e-01 6.224000e-03 2.015720e-01
151 7.911680e-01 6.164000e-03 2.026680e-01
152 7.900800e-01 6.176000e-03 2.037440e-01
153 7.890520e-01 6.260000e-03 2.046880e-01
154 7.878000e-01 6.468000e-03 2.057320e-01
155 7.866840e-01 6.476000e-03 2.068400e-01
156 7.855840e-01 6.560000e-03 2.078560e-01
157 7.843920e-01 6.704000e-03 2.089040e-01
158 7.832400e-01 6.660000e-03 2.101000e-01
159 7.820360e-01 6.572000e-03 2.113920e-01
160 7.809040e-01 6.504000e-03 2.125920e-01
161 7.798040e-01 6.508000e-03 2.136880e-01
162 7.786400e-01 6.484000e-03 2.148760e-01
163 7.775240e-01 6.452000e-03 2.160240e-01
164 7.766240e-01 6.316000e-03 2.170600e-01
165 7.756480e-01 6.196000e-03 2.181560e-01
166 7.746800e-01 6.016000e-03 2.193040e-01
167 7.736360e-01 5.964000e-03 2.204000e-01
168 7.727640e-01 5.816000e-03 2.214200e-01
169 7.717280e-01 5.884000e-03 2.223880e-01
170 7.706800e-01 5.868000e-03 2.234520e-01
171 7.697160e-01 5.872000e-03 2.244120e-01
172 7.688960e-01 5.616000e-03 2.254880e-01
173 7.679760e-01 5.580000e-03 2.264440e-01
174 7.671160e-01 5.488000e-03 2.273960e-01
175 7.660760e-01 5.584000e-03 2.283400e-01
176 7.650120e-01 5.608000e-03 2.293800e-01
177 7.641040e-01 5.600000e-03 2.302960e-01
178 7.631520e-01 5.632000e-03 2.312160e-01
179 7.621480e-01 5.728000e-03 2.321240e-01
180 7.610920e-01 5.652000e-03 2.332560e-01
181 7.601720e-01 5.556000e-03 2.342720e-01
182 7.591800e-01 5.528000e-03 2.352920e-01
183 7.583240e-01 5.428000e-03 2.362480e-01
184 7.574480e-01 5.344000e-03 2.372080e-01
185 7.565720e-01 5.312000e-03 2.381160e-01
186 7.556400e-01 5.228000e-03 2.391320e-01
187 7.548680e-01 5.024000e-03 2.401080e-01
188 7.540360e-01 4.940000e-03 2.410240e-01
189 7.532160e-01 4.828000e-03 2.419560e-01
190 7.523480e-01 4.884000e-03 2.427680e-01
191 7.515240e-01 4.900000e-03 2.435760e-01
192 7.506280e-01 4.908000e-03 2.444640e-01
193 7.498080e-01 4.792000e-03 2.454000e-01
194 7.490160e-01 4.744000e-03 2.462400e-01
195 7.482680e-01 4.724000e-03 2.470080e-01
196 7.475120e-01 4.636000e-03 2.478520e-01
197 7.467320e-01 4.632000e-03 2.486360e-01
198 7.459040e-01 4.652000e-03 2.494440e-01
199 7.450920e-01 4.604000e-03 2.503040e-01
200 7.443920e-01 4.600000e-03 2.510080e-01
201 7.436000e-01 4.572000e-03 2.518280e-01
202 7.427560e-01 4.608000e-03 2.526360e-01
203 7.419720e-01 4.608000e-03 2.534200e-01
204 7.411560e-01 4.612000e-03 2.542320e-01
205 7.403760e-01 4.676000e-03 2.549480e-01
206 7.395320e-01 4.708000e-03 2.557600e-01
207 7.387280e-01 4.676000e-03 2.565960e-01
208 7.378920e-01 4.680000e-03 2.574280e-01
209 7.371920e-01 4.608000e-03 2.582000e-01
210 7.365080e-01 4.508000e-03 2.589840e-01
211 7.357640e-01 4.576000e-03 2.596600e-01
212 7.349600e-01 4.616000e-03 2.604240e-01
213 7.341120e-01 4.564000e-03 2.613240e-01
214 7.333840e-01 4.540000e-03 2.620760e-01
215 7.325640e-01 4.612000e-03 2.628240e-01
216 7.316320e-01 4.736000e-03 2.636320e-01
217 7.307680e-01 4.748000e-03 2.644840e-01
218 7.299080e-01 4.708000e-03 2.653840e-01
219 7.289800e-01 4.872000e-03 2.661480e-01
220 7.282160e-01 4.776000e-03 2.670080e-01
221 7.274280e-01 4.700000e-03 2.678720e-01
222 7.266560e-01 4.672000e-03 2.686720e-01
223 7.258680e-01 4.588000e-03 2.695440e-01
224 7.250600e-01 4.496000e-03 2.704440e-01
225 7.242880e-01 4.468000e-03 2.712440e-01
226 7.235040e-01 4.520000e-03 2.719760e-01
227 7.228360e-01 4.472000e-03 2.726920e-01
228 7.221720e-01 4.300000e-03 2.735280e-01
229 7.214600e-01 4.188000e-03 2.743520e-01
230 7.207560e-01 4.236000e-03 2.750080e-01
231 7.200360e-01 4.304000e-03 2.756600e-01
232 7.192760e-01 4.300000e-03 2.764240e-01
233 7.184880e-01 4.356000e-03 2.771560e-01
234 7.177040e-01 4.464000e-03 2.778320e-01
235 7.169840e-01 4.472000e-03 2.785440e-01
236 7.163480e-01 4.392000e-03 2.792600e-01
237 7.156040e-01 4.444000e-03 2.799520e-01
238 7.148640e-01 4.416000e-03 2.807200e-01
239 7.141200e-01 4.396000e-03 2.814840e-01
240 7.133440e-01 4.412000e-03 2.822440e-01
241 7.125280e-01 4.468000e-03 2.830040e-01
242 7.117120e-01 4.524000e-03 2.837640e-01
243 7.108440e-01 4.596000e-03 2.845600e-01
244 7.099560e-01 4.660000e-03 2.853840e-01
245 7.090760e-01 4.696000e-03 2.862280e-01
246 7.081200e-01 4.792000e-03 2.870880e-01
247 7.073760e-01 4.724000e-03 2.879000e-01
248 7.065760e-01 4.624000e-03 2.888000e-01
249 7.057760e-01 4.516000e-03 2.897080e-01
250 7.050320e-01 4.436000e-03 2.905320e-01
251 7.043640e-01 4.384000e-03 2.912520e-01
252 7.037320e-01 4.236000e-03 2.920320e-01
253 7.030440e-01 4.196000e-03 2.927600e-01
254 7.024000e-01 4.032000e-03 2.935680e-01
255 7.017200e-01 3.980000e-03 2.943000e-01
256 7.010200e-01 3.932000e-03 2.950480e-01
257 7.003880e-01 3.796000e-03 2.958160e-01
258 6.997640e-01 3.744000e-03 2.964920e-01
259 6.991520e-01 3.676000e-03 2.971720e-01
260 6.984840e-01 3.688000e-03 2.978280e-01
261 6.978720e-01 3.660000e-03 2.984680e-01
262 6.973520e-01 3.540000e-03 2.991080e-01
263 6.969360e-01 3.288000e-03 2.997760e-01
264 6.965040e-01 3.152000e-03 3.003440e-01
265 6.960480e-01 3.092000e-03 3.008600e-01
266 6.956760e-01 3.012000e-03 3.013120e-01
267 6.952000e-01 2.980000e-03 3.018200e-01
268 6.948040e-01 2.884000e-03 3.023120e-01
269 6.943680e-01 2.852000e-03 3.027800e-01
270 6.938960e-01 2.804000e-03 3.033000e-01
271 6.935280e-01 2.624000e-03 3.038480e-01
272 6.931680e-01 2.580000e-03 3.042520e-01
273 6.927560e-01 2.624000e-03 3.046200e-01
274 6.924240e-01 2.464000e-03 3.051120e-01
275 6.920480e-01 2.436000e-03 3.055160e-01
276 6.916760e-01 2.384000e-03 3.059400e-01
277 6.913160e-01 2.316000e-03 3.063680e-01
278 6.909200e-01 2.332000e-03 3.067480e-01
279 6.904840e-01 2.344000e-03 3.071720e-01
280 6.901360e-01 2.260000e-03 3.076040e-01
281 6.897680e-01 2.260000e-03 3.079720e-01
282 6.893600e-01 2.284000e-03 3.083560e-01
283 6.889680e-01 2.292000e-03 3.087400e-01
284 6.886720e-01 2.152000e-03 3.091760e-01
285 6.883320e-01 2.100000e-03 3.095680e-01
286 6.879440e-01 2.104000e-03 3.099520e-01
287 6.875760e-01 2.068000e-03 3.103560e-01
288 6.873120e-01 2.040000e-03 3.106480e-01
289 6.869880e-01 2.012000e-03 3.110000e-01
290 6.866080e-01 2.020000e-03 3.113720e-01
291 6.862720e-01 1.948000e-03 3.117800e-01
292 6.859200e-01 1.972000e-03 3.121080e-01
293 6.855640e-01 1.964000e-03 3.124720e-01
294 6.852240e-01 1.968000e-03 3.128080e-01
295 6.849120e-01 1.976000e-03 3.131120e-01
296 6.846200e-01 1.880000e-03 3.135000e-01
297 6.843040e-01 1.872000e-03 3.138240e-01
298 6.840160e-01 1.840000e-03 3.141440e-01
299 6.836360e-01 1.920000e-03 3.144440e-01
300 6.832960e-01 1.920000e-03 3.147840e-01
301 6.828920e-01 2.048000e-03 3.150600e-01
302 6.825520e-01 2.060000e-03 3.153880e-01
303 6.822120e-01 2.060000e-03 3.157280e-01
304 6.819240e-01 1.972000e-03 3.161040e-01
305 6.815800e-01 1.968000e-03 3.164520e-01
306 6.812760e-01 1.976000e-03 3.167480e-01
307 6.809480e-01 2.036000e-03 3.170160e-01
308 6.805840e-01 2.048000e-03 3.173680e-01
309 6.802240e-01 2.032000e-03 3.177440e-01
310 6.799080e-01 1.972000e-03 3.181200e-01
311 6.796240e-01 1.908000e-03 3.184680e-01
312 6.793720e-01 1.808000e-03 3.188200e-01
313 6.791200e-01 1.768000e-03 3.191120e-01
314 6.788640e-01 1.736000e-03 3.194000e-01
315 6.785920e-01 1.760000e-03 3.196480e-01
316 6.783160e-01 1.780000e-03 3.199040e-01
317 6.779920e-01 1.800000e-03 3.202080e-01
318 6.776840e-01 1.776000e-03 3.205400e-01
319 6.773680e-01 1.772000e-03 3.208600e-01
320 6.770680e-01 1.788000e-03 3.211440e-01
321 6.767840e-01 1.776000e-03 3.214400e-01
322 6.764680e-01 1.756000e-03 3.217760e-01
323 6.761520e-01 1.792000e-03 3.220560e-01
324 6.758640e-01 1.760000e-03 3.223760e-01
325 6.756040e-01 1.680000e-03 3.227160e-01
326 6.753160e-01 1.588000e-03 3.230960e-01
327 6.750720e-01 1.604000e-03 3.233240e-01
328 6.748120e-01 1.572000e-03 3.236160e-01
329 6.745000e-01 1.604000e-03 3.238960e-01
330 6.742680e-01 1.556000e-03 3.241760e-01
331 6.739800e-01 1.628000e-03 3.243920e-01
332 6.736680e-01 1.572000e-03 3.247600e-01
333 6.733880e-01 1.556000e-03 3.250560e-01
334 6.731760e-01 1.508000e-03 3.253160e-01
335 6.729720e-01 1.424000e-03 3.256040e-01
336 6.727800e-01 1.324000e-03 3.258960e-01
337 6.726080e-01 1.296000e-03 3.260960e-01
338 6.723480e-01 1.320000e-03 3.263320e-01
339 6.721120e-01 1.300000e-03 3.265880e-01
340 6.719200e-01 1.264000e-03 3.268160e-01
341 6.717120e-01 1.240000e-03 3.270480e-01
342 6.715040e-01 1.224000e-03 3.272720e-01
343 6.713240e-01 1.176000e-03 3.275000e-01
344 6.711280e-01 1.112000e-03 3.277600e-01
345 6.709520e-01 1.084000e-03 3.279640e-01
346 6.707600e-01 1.120000e-03 3.281200e-01
347 6.705440e-01 1.136000e-03 3.283200e-01
348 6.702960e-01 1.156000e-03 3.285480e-01
349 6.700160e-01 1.188000e-03 3.287960e-01
350 6.697760e-01 1.208000e-03 3.290160e-01
351 6.695960e-01 1.220000e-03 3.291840e-01
352 6.693760e-01 1.220000e-03 3.294040e-01
353 6.691520e-01 1.256000e-03 3.295920e-01
354 6.689440e-01 1.276000e-03 3.297800e-01
355 6.687280e-01 1.232000e-03 3.300400e-01
356 6.684880e-01 1.324000e-03 3.301880e-01
357 6.682360e-01 1.356000e-03 3.304080e-01
358 6.679760e-01 1.420000e-03 3.306040e-01
359 6.676920e-01 1.440000e-03 3.308680e-01
360 6.674320e-01 1.436000e-03 3.311320e-01
361 6.672680e-01 1.372000e-03 3.313600e-01
362 6.670520e-01 1.352000e-03 3.315960e-01
363 6.667640e-01 1.404000e-03 3.318320e-01
364 6.665720e-01 1.368000e-03 3.320600e-01
365 6.663560e-01 1.288000e-03 3.323560e-01
366 6.661440e-01 1.280000e-03 3.325760e-01
367 6.658480e-01 1.320000e-03 3.328320e-01
368 6.656000e-01 1.312000e-03 3.330880e-01
369 6.653160e-01 1.364000e-03 3.333200e-01
370 6.651200e-01 1.324000e-03 3.335560e-01
371 6.648240e-01 1.392000e-03 3.337840e-01
372 6.644840e-01 1.432000e-03 3.340840e-01
373 6.642360e-01 1.464000e-03 3.343000e-01
374 6.639360e-01 1.508000e-03 3.345560e-01
375 6.637080e-01 1.468000e-03 3.348240e-01
376 6.633760e-01 1.504000e-03 3.351200e-01
377 6.631240e-01 1.500000e-03 3.353760e-01
378 6.628320e-01 1.504000e-03 3.356640e-01
379 6.625600e-01 1.536000e-03 3.359040e-01
380 6.623200e-01 1.516000e-03 3.361640e-01
381 6.620040e-01 1.580000e-03 3.364160e-01
382 6.616920e-01 1.648000e-03 3.366600e-01
383 6.614520e-01 1.632000e-03 3.369160e-01
384 6.612680e-01 1.532000e-03 3.372000e-01
385 6.610360e-01 1.472000e-03 3.374920e-01
386 6.608440e-01 1.436000e-03 3.377200e-01
387 6.606280e-01 1.364000e-03 3.380080e-01
388 6.604200e-01 1.352000e-03 3.382280e-01
389 6.602120e-01 1.368000e-03 3.384200e-01
390 6.600080e-01 1.396000e-03 3.385960e-01
391 6.597560e-01 1.444000e-03 3.388000e-01
392 6.594680e-01 1.432000e-03 3.391000e-01
393 6.591920e-01 1.464000e-03 3.393440e-01
394 6.589560e-01 1.400000e-03 3.396440e-01
395 6.587440e-01 1.328000e-03 3.399280e-01
396 6.585000e-01 1.352000e-03 3.401480e-01
397 6.582040e-01 1.400000e-03 3.403960e-01
398 6.579520e-01 1.420000e-03 3.406280e-01
399 6.576200e-01 1.500000e-03 3.408800e-01
400 6.573880e-01 1.516000e-03 3.410960e-01
401 6.570520e-01 1.552000e-03 3.413960e-01
402 6.567320e-01 1.596000e-03 3.416720e-01
403 6.564880e-01 1.516000e-03 3.419960e-01
404 6.561840e-01 1.592000e-03 3.422240e-01
405 6.559400e-01 1.564000e-03 3.424960e-01
406 6.556240e-01 1.560000e-03 3.428160e-01
407 6.553560e-01 1.548000e-03 3.430960e-01
408 6.551720e-01 1.500000e-03 3.433280e-01
409 6.549200e-01 1.468000e-03 3.436120e-01
410 6.547240e-01 1.436000e-03 3.438400e-01
411 6.545000e-01 1.392000e-03 3.441080e-01
412 6.542360e-01 1.400000e-03 3.443640e-01
413 6.540480e-01 1.312000e-03 3.446400e-01
414 6.538680e-01 1.304000e-03 3.448280e-01
415 6.537120e-01 1.236000e-03 3.450520e-01
416 6.535080e-01 1.208000e-03 3.452840e-01
417 6.533320e-01 1.152000e-03 3.455160e-01
418 6.531880e-01 1.132000e-03 3.456800e-01
419 6.530360e-01 1.124000e-03 3.458400e-01
420 6.529120e-01 1.092000e-03 3.459960e-01
421 6.527600e-01 1.044000e-03 3.461960e-01
422 6.526360e-01 1.016000e-03 3.463480e-01
423 6.524200e-01 1.084000e-03 3.464960e-01
424 6.522320e-01 1.056000e-03 3.467120e-01
425 6.520800e-01 1.000000e-03 3.469200e-01
426 6.519360e-01 9.640000e-04 3.471000e-01
427 6.517680e-01 1.004000e-03 3.472280e-01
428 6.515960e-01 9.920000e-04 3.474120e-01
429 6.514560e-01 9.440000e-04 3.476000e-01
430 6.513240e-01 9.280000e-04 3.477480e-01
431 6.512160e-01 8.760000e-04 3.479080e-01
432 6.511000e-01 8.440000e-04 3.480560e-01
433 6.509760e-01 8.560000e-04 3.481680e-01
434 6.508640e-01 8.480000e-04 3.482880e-01
435 6.507360e-01 8.440000e-04 3.484200e-01
436 6.506280e-01 7.960000e-04 3.485760e-01
437 6.505440e-01 7.720000e-04 3.486840e-01
438 6.504280e-01 7.560000e-04 3.488160e-01
439 6.503520e-01 6.720000e-04 3.489760e-01
440 6.502560e-01 6.800000e-04 3.490640e-01
441 6.501440e-01 6.640000e-04 3.491920e-01
442 6.500360e-01 6.800000e-04 3.492840e-01
443 6.499560e-01 6.280000e-04 3.494160e-01
444 6.498680e-01 6.200000e-04 3.495120e-01
445 6.498080e-01 5.640000e-04 3.496280e-01
446 6.497640e-01 5.480000e-04 3.496880e-01
447 6.497200e-01 4.840000e-04 3.497960e-01
448 6.496560e-01 4.360000e-04 3.499080e-01
449 6.495440e-01 4.680000e-04 3.499880e-01
450 6.495000e-01 4.280000e-04 3.500720e-01
451 6.494200e-01 4.240000e-04 3.501560e-01
452 6.493720e-01 3.800000e-04 3.502480e-01
453 6.493400e-01 3.520000e-04 3.503080e-01
454 6.492960e-01 3.440000e-04 3.503600e-01
455 6.492680e-01 3.320000e-04 3.504000e-01
456 6.492240e-01 3.160000e-04 3.504600e-01
457 6.491840e-01 3.240000e-04 3.504920e-01
458 6.491080e-01 3.360000e-04 3.505560e-01
459 6.490440e-01 3.120000e-04 3.506440e-01
460 6.489320e-01 3.920000e-04 3.506760e-01
461 6.488400e-01 4.080000e-04 3.507520e-01
462 6.487520e-01 4.160000e-04 3.508320e-01
463 6.486720e-01 4.320000e-04 3.508960e-01
464 6.485880e-01 4.320000e-04 3.509800e-01
465 6.485400e-01 3.920000e-04 3.510680e-01
466 6.484680e-01 4.000000e-04 3.511320e-01
467 6.484400e-01 3.440000e-04 3.512160e-01
468 6.483640e-01 3.720000e-04 3.512640e-01
469 6.483240e-01 3.560000e-04 3.513200e-01
470 6.482760e-01 3.480000e-04 3.513760e-01
471 6.482240e-01 3.440000e-04 3.514320e-01
472 6.482120e-01 3.280000e-04 3.514600e-01
473 6.481640e-01 3.000000e-04 3.515360e-01
474 6.481320e-01 2.600000e-04 3.516080e-01
475 6.481120e-01 2.560000e-04 3.516320e-01
476 6.480920e-01 2.440000e-04 3.516640e-01
477 6.480600e-01 2.240000e-04 3.517160e-01
478 6.480320e-01 2.160000e-04 3.517520e-01
479 6.480120e-01 2.160000e-04 3.517720e-01
480 6.479640e-01 2.400000e-04 3.517960e-01
481 6.479280e-01 2.400000e-04 3.518320e-01
482 6.478960e-01 2.120000e-04 3.518920e-01
483 6.478640e-01 2.120000e-04 3.519240e-01
484 6.478520e-01 1.880000e-04 3.519600e-01
485 6.478440e-01 1.840000e-04 3.519720e-01
486 6.478120e-01 1.800000e-04 3.520080e-01
487 6.477840e-01 1.720000e-04 3.520440e-01
488 6.477480e-01 1.840000e-04 3.520680e-01
489 6.477280e-01 1.760000e-04 3.520960e-01
490 6.477080e-01 1.600000e-04 3.521320e-01
491 6.476600e-01 1.600000e-04 3.521800e-01
492 6.476160e-01 1.880000e-04 3.521960e-01
493 6.475760e-01 2.040000e-04 3.522200e-01
494 6.475640e-01 1.640000e-04 3.522720e-01
495 6.475360e-01 1.640000e-04 3.523000e-01
496 6.475160e-01 1.680000e-04 3.523160e-01
497 6.474800e-01 1.720000e-04 3.523480e-01
498 6.474360e-01 1.840000e-04 3.523800e-01
499 6.473920e-01 2.200000e-04 3.523880e-01
500 6.473360e-01 2.440000e-04 3.524200e-01
