1 9.991800e-01 7.440000e-04 7.600000e-05
2 9.985640e-01 1.164000e-03 2.720000e-04
3 9.979640e-01 1.536000e-03 5.000000e-04
4 9.971600e-01 2.012000e-03 8.280000e-04
5 9.962920e-01 2.496000e-03 1.212000e-03
6 9.953760e-01 2.944000e-03 1.680000e-03
7 9.944840e-01 3.312000e-03 2.204000e-03
8 9.934640e-01 3.756000e-03 2.780000e-03
9 9.924360e-01 4.072000e-03 3.492000e-03
10 9.913720e-01 4.416000e-03 4.212000e-03
11 9.902200e-01 4.688000e-03 5.092000e-03
12 9.890920e-01 5.012000e-03 5.896000e-03
13 9.879400e-01 5.248000e-03 6.812000e-03
14 9.867480e-01 5.456000e-03 7.796000e-03
15 9.855960e-01 5.696000e-03 8.708000e-03
16 9.843320e-01 5.880000e-03 9.788000e-03
17 9.831240e-01 6.012000e-03 1.086400e-02
18 9.819600e-01 6.148000e-03 1.189200e-02
19 9.807000e-01 6.308000e-03 1.299200e-02
20 9.795080e-01 6.352000e-03 1.414000e-02
21 9.782480e-01 6.516000e-03 1.523600e-02
22 9.768160e-01 6.764000e-03 1.642000e-02
23 9.753000e-01 7.124000e-03 1.757600e-02
24 9.739120e-01 7.216000e-03 1.887200e-02
25 9.723920e-01 7.520000e-03 2.008800e-02
26 9.708800e-01 7.804000e-03 2.131600e-02
27 9.691960e-01 8.136000e-03 2.266800e-02
28 9.675480e-01 8.352000e-03 2.410000e-02
29 9.660000e-01 8.368000e-03 2.563200e-02
30 9.643880e-01 8.444000e-03 2.716800e-02
31 9.629080e-01 8.328000e-03 2.876400e-02
32 9.612240e-01 8.492000e-03 3.028400e-02
33 9.596960e-01 8.544000e-03 3.176000e-02
34 9.580640e-01 8.660000e-03 3.327600e-02
35 9.564240e-01 8.684000e-03 3.489200e-02
36 9.549520e-01 8.728000e-03 3.632000e-02
37 9.533880e-01 8.800000e-03 3.781200e-02
38 9.518000e-01 8.992000e-03 3.920800e-02
39 9.501160e-01 9.068000e-03 4.081600e-02
40 9.485960e-01 9.004000e-03 4.240000e-02
41 9.471280e-01 8.868000e-03 4.400400e-02
42 9.453800e-01 9.016000e-03 4.560400e-02
43 9.436840e-01 9.176000e-03 4.714000e-02
44 9.420720e-01 9.220000e-03 4.870800e-02
45 9.404120e-01 9.396000e-03 5.019200e-02
46 9.385560e-01 9.672000e-03 5.177200e-02
47 9.369920e-01 9.608000e-03 5.340000e-02
48 9.353560e-01 9.504000e-03 5.514000e-02
49 9.337200e-01 9.564000e-03 5.671600e-02
50 9.321840e-01 9.432000e-03 5.838400e-02
51 9.305120e-01 9.504000e-03 5.998400e-02
52 9.289840e-01 9.260000e-03 6.175600e-02
53 9.274880e-01 8.992000e-03 6.352000e-02
54 9.259360e-01 8.956000e-03 6.510800e-02
55 9.243480e-01 8.920000e-03 6.673200e-02
56 9.227360e-01 8.952000e-03 6.831200e-02
57 9.212560e-01 8.980000e-03 6.976400e-02
58 9.198280e-01 8.888000e-03 7.128400e-02
59 9.183040e-01 8.880000e-03 7.281600e-02
60 9.168000e-01 8.704000e-03 7.449600e-02
61 9.152160e-01 8.712000e-03 7.607200e-02
62 9.137720e-01 8.556000e-03 7.767200e-02
63 9.120960e-01 8.660000e-03 7.924400e-02
64 9.106760e-01 8.504000e-03 8.082000e-02
65 9.092800e-01 8.404000e-03 8.231600e-02
66 9.077800e-01 8.416000e-03 8.380400e-02
67 9.063160e-01 8.444000e-03 8.524000e-02
68 9.048960e-01 8.380000e-03 8.672400e-02
69 9.036040e-01 8.180000e-03 8.821600e-02
70 9.022000e-01 8.052000e-03 8.974800e-02
71 9.008840e-01 8.012000e-03 9.110400e-02
72 8.995800e-01 7.880000e-03 9.254000e-02
73 8.981640e-01 7.904000e-03 9.393200e-02
74 8.968000e-01 7.848000e-03 9.535200e-02
75 8.953520e-01 7.884000e-03 9.676400e-02
76 8.940040e-01 7.868000e-03 9.812800e-02
77 8.926120e-01 7.788000e-03 9.960000e-02
78 8.912000e-01 7.780000e-03 1.010200e-01
79 8.898560e-01 7.852000e-03 1.022920e-01
80 8.884440e-01 7.920000e-03 1.036360e-01
81 8.870600e-01 7.928000e-03 1.050120e-01
82 8.857160e-01 7.940000e-03 1.063440e-01
83 8.844640e-01 7.756000e-03 1.077800e-01
84 8.831280e-01 7.788000e-03 1.090840e-01
85 8.818400e-01 7.700000e-03 1.104600e-01
86 8.805120e-01 7.764000e-03 1.117240e-01
87 8.791120e-01 7.900000e-03 1.129880e-01
88 8.777200e-01 7.940000e-03 1.143400e-01
89 8.763320e-01 7.896000e-03 1.157720e-01
90 8.750560e-01 7.788000e-03 1.171560e-01
91 8.735960e-01 7.832000e-03 1.185720e-01
92 8.721880e-01 7.756000e-03 1.200560e-01
93 8.707960e-01 7.832000e-03 1.213720e-01
94 8.694880e-01 7.756000e-03 1.227560e-01
95 8.681960e-01 7.752000e-03 1.240520e-01
96 8.669400e-01 7.648000e-03 1.254120e-01
97 8.656080e-01 7.828000e-03 1.265640e-01
98 8.642320e-01 7.840000e-03 1.279280e-01
99 8.630240e-01 7.692000e-03 1.292840e-01
100 8.617560e-01 7.740000e-03 1.305040e-01
101 8.602760e-01 7.816000e-03 1.319080e-01
102 8.588240e-01 7.956000e-03 1.332200e-01
103 8.576040e-01 7.880000e-03 1.345160e-01
104 8.562560e-01 7.848000e-03 1.358960e-01
105 8.550920e-01 7.564000e-03 1.373440e-01
106 8.539640e-01 7.244000e-03 1.387920e-01
107 8.527800e-01 7.172000e-03 1.400480e-01
108 8.518040e-01 6.912000e-03 1.412840e-01
109 8.506600e-01 6.820000e-03 1.425200e-01
110 8.494360e-01 6.824000e-03 1.437400e-01
111 8.482520e-01 6.780000e-03 1.449680e-01
112 8.470080e-01 6.820000e-03 1.461720e-01
113 8.458480e-01 6.772000e-03 1.473800e-01
114 8.447560e-01 6.584000e-03 1.486600e-01
115 8.435640e-01 6.612000e-03 1.498240e-01
116 8.424960e-01 6.548000e-03 1.509560e-01
117 8.412840e-01 6.636000e-03 1.520800e-01
118 8.402520e-01 6.452000e-03 1.532960e-01
119 8.391840e-01 6.472000e-03 1.543440e-01
120 8.380720e-01 6.376000e-03 1.555520e-01
121 8.369240e-01 6.448000e-03 1.566280e-01
122 8.358560e-01 6.452000e-03 1.576920e-01
123 8.346960e-01 6.412000e-03 1.588920e-01
124 8.335720e-01 6.396000e-03 1.600320e-01
125 8.324240e-01 6.376000e-03 1.612000e-01
126 8.313960e-01 6.356000e-03 1.622480e-01
127 8.304040e-01 6.296000e-03 1.633000e-01
128 8.293360e-01 6.244000e-03 1.644200e-01
129 8.282520e-01 6.200000e-03 1.655480e-01
130 8.272680e-01 6.072000e-03 1.666600e-01
131 8.263120e-01 5.928000e-03 1.677600e-01
132 8.253880e-01 5.816000e-03 1.687960e-01
133 8.244840e-01 5.672000e-03 1.698440e-01
134 8.235240e-01 5.612000e-03 1.708640e-01
135 8.224600e-01 5.780000e-03 1.717600e-01
136 8.215560e-01 5.672000e-03 1.727720e-01
137 8.205480e-01 5.688000e-03 1.737640e-01
138 8.194000e-01 5.788000e-03 1.748120e-01
139 8.184320e-01 5.736000e-03 1.758320e-01
140 8.174440e-01 5.760000e-03 1.767960e-01
141 8.165280e-01 5.688000e-03 1.777840e-01
142 8.155400e-01 5.680000e-03 1.787800e-01
143 8.147160e-01 5.484000e-03 1.798000e-01
144 8.139400e-01 5.344000e-03 1.807160e-01
145 8.130920e-01 5.228000e-03 1.816800e-01
146 8.122880e-01 5.156000e-03 1.825560e-01
147 8.114280e-01 5.132000e-03 1.834400e-01
148 8.104600e-01 5.304000e-03 1.842360e-01
149 8.097000e-01 5.124000e-03 1.851760e-01
150 8.088760e-01 5.020000e-03 1.861040e-01
151 8.081200e-01 4.884000e-03 1.869960e-01
152 8.073440e-01 4.756000e-03 1.879000e-01
153 8.065080e-01 4.792000e-03 1.887000e-01
154 8.057720e-01 4.648000e-03 1.895800e-01
155 8.050440e-01 4.540000e-03 1.904160e-01
156 8.044240e-01 4.376000e-03 1.912000e-01
157 8.036720e-01 4.340000e-03 1.919880e-01
158 8.029800e-01 4.268000e-03 1.927520e-01
159 8.021960e-01 4.240000e-03 1.935640e-01
160 8.014760e-01 4.196000e-03 1.943280e-01
161 8.007760e-01 4.200000e-03 1.950240e-01
162 8.000400e-01 4.136000e-03 1.958240e-01
163 7.993920e-01 4.132000e-03 1.964760e-01
164 7.987240e-01 4.096000e-03 1.971800e-01
165 7.980760e-01 3.972000e-03 1.979520e-01
166 7.973920e-01 4.048000e-03 1.985600e-01
167 7.966880e-01 4.012000e-03 1.993000e-01
168 7.959720e-01 4.124000e-03 1.999040e-01
169 7.953080e-01 4.028000e-03 2.006640e-01
170 7.945880e-01 4.080000e-03 2.013320e-01
171 7.940080e-01 4.072000e-03 2.019200e-01
172 7.932680e-01 4.028000e-03 2.027040e-01
173 7.926600e-01 3.924000e-03 2.034160e-01
174 7.921280e-01 3.788000e-03 2.040840e-01
175 7.914920e-01 3.700000e-03 2.048080e-01
176 7.908880e-01 3.672000e-03 2.054400e-01
177 7.901880e-01 3.712000e-03 2.061000e-01
178 7.894440e-01 3.708000e-03 2.068480e-01
179 7.887200e-01 3.772000e-03 2.075080e-01
180 7.880440e-01 3.800000e-03 2.081560e-01
181 7.873880e-01 3.804000e-03 2.088080e-01
182 7.867400e-01 3.856000e-03 2.094040e-01
183 7.860640e-01 3.880000e-03 2.100560e-01
184 7.854040e-01 3.840000e-03 2.107560e-01
185 7.846160e-01 3.872000e-03 2.115120e-01
186 7.839000e-01 3.948000e-03 2.121520e-01
187 7.832160e-01 3.932000e-03 2.128520e-01
188 7.825920e-01 3.976000e-03 2.134320e-01
189 7.819920e-01 3.816000e-03 2.141920e-01
190 7.814120e-01 3.652000e-03 2.149360e-01
191 7.808440e-01 3.596000e-03 2.155600e-01
192 7.802880e-01 3.556000e-03 2.161560e-01
193 7.797080e-01 3.496000e-03 2.167960e-01
194 7.791760e-01 3.428000e-03 2.173960e-01
195 7.786160e-01 3.328000e-03 2.180560e-01
196 7.781080e-01 3.280000e-03 2.186120e-01
197 7.774640e-01 3.344000e-03 2.191920e-01
198 7.769600e-01 3.428000e-03 2.196120e-01
199 7.762720e-01 3.508000e-03 2.202200e-01
200 7.756920e-01 3.576000e-03 2.207320e-01
201 7.751520e-01 3.468000e-03 2.213800e-01
202 7.745640e-01 3.388000e-03 2.220480e-01
203 7.739600e-01 3.456000e-03 2.225840e-01
204 7.733920e-01 3.444000e-03 2.231640e-01
205 7.729080e-01 3.364000e-03 2.237280e-01
206 7.724160e-01 3.356000e-03 2.242280e-01
207 7.718400e-01 3.328000e-03 2.248320e-01
208 7.713480e-01 3.264000e-03 2.253880e-01
209 7.707680e-01 3.208000e-03 2.260240e-01
210 7.702920e-01 3.176000e-03 2.265320e-01
211 7.699080e-01 3.076000e-03 2.270160e-01
212 7.694080e-01 3.052000e-03 2.275400e-01
213 7.689400e-01 2.968000e-03 2.280920e-01
214 7.684920e-01 2.896000e-03 2.286120e-01
215 7.680200e-01 2.884000e-03 2.290960e-01
216 7.675240e-01 2.876000e-03 2.296000e-01
217 7.670160e-01 2.960000e-03 2.300240e-01
218 7.664560e-01 2.984000e-03 2.305600e-01
219 7.658840e-01 2.988000e-03 2.311280e-01
220 7.652800e-01 3.072000e-03 2.316480e-01
221 7.647080e-01 3.164000e-03 2.321280e-01
222 7.641440e-01 3.180000e-03 2.326760e-01
223 7.635720e-01 3.232000e-03 2.331960e-01
224 7.630560e-01 3.152000e-03 2.337920e-01
225 7.625800e-01 3.048000e-03 2.343720e-01
226 7.620040e-01 3.040000e-03 2.349560e-01
227 7.615160e-01 3.080000e-03 2.354040e-01
228 7.610400e-01 2.948000e-03 2.360120e-01
229 7.605480e-01 2.952000e-03 2.365000e-01
230 7.600400e-01 2.960000e-03 2.370000e-01
231 7.595000e-01 2.948000e-03 2.375520e-01
232 7.589840e-01 3.044000e-03 2.379720e-01
233 7.584880e-01 3.072000e-03 2.384400e-01
234 7.579000e-01 3.068000e-03 2.390320e-01
235 7.573080e-01 3.052000e-03 2.396400e-01
236 7.567680e-01 3.048000e-03 2.401840e-01
237 7.562280e-01 3.104000e-03 2.406680e-01
238 7.557200e-01 3.052000e-03 2.412280e-01
239 7.552440e-01 2.972000e-03 2.417840e-01
240 7.547840e-01 2.932000e-03 2.422840e-01
241 7.543160e-01 2.876000e-03 2.428080e-01
242 7.538440e-01 2.848000e-03 2.433080e-01
243 7.535120e-01 2.724000e-03 2.437640e-01
244 7.530840e-01 2.580000e-03 2.443360e-01
245 7.526920e-01 2.560000e-03 2.447480e-01
246 7.522760e-01 2.600000e-03 2.451240e-01
247 7.519200e-01 2.496000e-03 2.455840e-01
248 7.514680e-01 2.496000e-03 2.460360e-01
249 7.510080e-01 2.548000e-03 2.464440e-01
250 7.505800e-01 2.516000e-03 2.469040e-01
251 7.502040e-01 2.452000e-03 2.473440e-01
252 7.497480e-01 2.508000e-03 2.477440e-01
253 7.492400e-01 2.572000e-03 2.481880e-01
254 7.488000e-01 2.536000e-03 2.486640e-01
255 7.484160e-01 2.548000e-03 2.490360e-01
256 7.480000e-01 2.536000e-03 2.494640e-01
257 7.475600e-01 2.584000e-03 2.498560e-01
258 7.471760e-01 2.540000e-03 2.502840e-01
259 7.467400e-01 2.560000e-03 2.507000e-01
260 7.463280e-01 2.496000e-03 2.511760e-01
261 7.459200e-01 2.512000e-03 2.515680e-01
262 7.454760e-01 2.560000e-03 2.519640e-01
263 7.450080e-01 2.508000e-03 2.524840e-01
264 7.446600e-01 2.472000e-03 2.528680e-01
265 7.442080e-01 2.504000e-03 2.532880e-01
266 7.436920e-01 2.648000e-03 2.536600e-01
267 7.432240e-01 2.652000e-03 2.541240e-01
268 7.427320e-01 2.592000e-03 2.546760e-01
269 7.422520e-01 2.636000e-03 2.551120e-01
270 7.418040e-01 2.600000e-03 2.555960e-01
271 7.413720e-01 2.580000e-03 2.560480e-01
272 7.410520e-01 2.432000e-03 2.565160e-01
273 7.406760e-01 2.400000e-03 2.569240e-01
274 7.403480e-01 2.320000e-03 2.573320e-01
275 7.400440e-01 2.228000e-03 2.577280e-01
276 7.396640e-01 2.200000e-03 2.581360e-01
277 7.392640e-01 2.208000e-03 2.585280e-01
278 7.389000e-01 2.196000e-03 2.589040e-01
279 7.385840e-01 2.084000e-03 2.593320e-01
280 7.382720e-01 1.944000e-03 2.597840e-01
281 7.378920e-01 1.964000e-03 2.601440e-01
282 7.375680e-01 1.948000e-03 2.604840e-01
283 7.372040e-01 1.992000e-03 2.608040e-01
284 7.367760e-01 2.104000e-03 2.611200e-01
285 7.364160e-01 2.092000e-03 2.614920e-01
286 7.360160e-01 2.076000e-03 2.619080e-01
287 7.356280e-01 2.088000e-03 2.622840e-01
288 7.352520e-01 2.132000e-03 2.626160e-01
289 7.349200e-01 2.132000e-03 2.629480e-01
290 7.346000e-01 2.100000e-03 2.633000e-01
291 7.343080e-01 2.092000e-03 2.636000e-01
292 7.339760e-01 2.076000e-03 2.639480e-01
293 7.336200e-01 2.088000e-03 2.642920e-01
294 7.332760e-01 2.012000e-03 2.647120e-01
295 7.329280e-01 2.004000e-03 2.650680e-01
296 7.326160e-01 2.004000e-03 2.653800e-01
297 7.323720e-01 1.876000e-03 2.657520e-01
298 7.320720e-01 1.860000e-03 2.660680e-01
299 7.318440e-01 1.808000e-03 2.663480e-01
300 7.315960e-01 1.796000e-03 2.666080e-01
301 7.312320e-01 1.832000e-03 2.669360e-01
302 7.309200e-01 1.832000e-03 2.672480e-01
303 7.306200e-01 1.792000e-03 2.675880e-01
304 7.303440e-01 1.780000e-03 2.678760e-01
305 7.300360e-01 1.776000e-03 2.681880e-01
306 7.297640e-01 1.736000e-03 2.685000e-01
307 7.294280e-01 1.812000e-03 2.687600e-01
308 7.290960e-01 1.812000e-03 2.690920e-01
309 7.286840e-01 1.932000e-03 2.693840e-01
310 7.284160e-01 1.892000e-03 2.696920e-01
311 7.281360e-01 1.876000e-03 2.699880e-01
312 7.277440e-01 1.904000e-03 2.703520e-01
313 7.274160e-01 1.916000e-03 2.706680e-01
314 7.270680e-01 1.948000e-03 2.709840e-01
315 7.267320e-01 1.956000e-03 2.713120e-01
316 7.263920e-01 1.908000e-03 2.717000e-01
317 7.259920e-01 1.948000e-03 2.720600e-01
318 7.256360e-01 1.920000e-03 2.724440e-01
319 7.252920e-01 1.904000e-03 2.728040e-01
320 7.249720e-01 1.884000e-03 2.731440e-01
321 7.246960e-01 1.880000e-03 2.734240e-01
322 7.243800e-01 1.888000e-03 2.737320e-01
323 7.240280e-01 1.880000e-03 2.740920e-01
324 7.236960e-01 1.916000e-03 2.743880e-01
325 7.233760e-01 1.912000e-03 2.747120e-01
326 7.230000e-01 1.944000e-03 2.750560e-01
327 7.226680e-01 1.872000e-03 2.754600e-01
328 7.223400e-01 1.868000e-03 2.757920e-01
329 7.219520e-01 1.960000e-03 2.760880e-01
330 7.216440e-01 1.860000e-03 2.764960e-01
331 7.211600e-01 2.036000e-03 2.768040e-01
332 7.207080e-01 2.104000e-03 2.771880e-01
333 7.202400e-01 2.184000e-03 2.775760e-01
334 7.198840e-01 2.204000e-03 2.779120e-01
335 7.194600e-01 2.232000e-03 2.783080e-01
336 7.190560e-01 2.236000e-03 2.787080e-01
337 7.186600e-01 2.232000e-03 2.791080e-01
338 7.182520e-01 2.184000e-03 2.795640e-01
339 7.178600e-01 2.180000e-03 2.799600e-01
340 7.175200e-01 2.128000e-03 2.803520e-01
341 7.171600e-01 2.032000e-03 2.808080e-01
342 7.167760e-01 2.084000e-03 2.811400e-01
343 7.164760e-01 2.028000e-03 2.814960e-01
344 7.161720e-01 1.952000e-03 2.818760e-01
345 7.158720e-01 1.872000e-03 2.822560e-01
346 7.155240e-01 1.912000e-03 2.825640e-01
347 7.152640e-01 1.856000e-03 2.828800e-01
348 7.150520e-01 1.692000e-03 2.832560e-01
349 7.147600e-01 1.704000e-03 2.835360e-01
350 7.144800e-01 1.672000e-03 2.838480e-01
351 7.141640e-01 1.692000e-03 2.841440e-01
352 7.138240e-01 1.744000e-03 2.844320e-01
353 7.135680e-01 1.732000e-03 2.847000e-01
354 7.131920e-01 1.848000e-03 2.849600e-01
355 7.127800e-01 1.936000e-03 2.852840e-01
356 7.124280e-01 1.952000e-03 2.856200e-01
357 7.121000e-01 1.968000e-03 2.859320e-01
358 7.117680e-01 1.952000e-03 2.862800e-01
359 7.114280e-01 1.956000e-03 2.866160e-01
360 7.110320e-01 2.060000e-03 2.869080e-01
361 7.107480e-01 1.996000e-03 2.872560e-01
362 7.103720e-01 1.980000e-03 2.876480e-01
363 7.100360e-01 1.932000e-03 2.880320e-01
364 7.096520e-01 1.952000e-03 2.883960e-01
365 7.093480e-01 1.888000e-03 2.887640e-01
366 7.089920e-01 1.848000e-03 2.891600e-01
367 7.086080e-01 1.956000e-03 2.894360e-01
368 7.082560e-01 1.920000e-03 2.898240e-01
369 7.078960e-01 1.996000e-03 2.901080e-01
370 7.076040e-01 2.012000e-03 2.903840e-01
371 7.073200e-01 1.888000e-03 2.907920e-01
372 7.070440e-01 1.852000e-03 2.911040e-01
373 7.067840e-01 1.768000e-03 2.914480e-01
374 7.065240e-01 1.716000e-03 2.917600e-01
375 7.062560e-01 1.676000e-03 2.920680e-01
376 7.060320e-01 1.636000e-03 2.923320e-01
377 7.058800e-01 1.472000e-03 2.926480e-01
378 7.056480e-01 1.492000e-03 2.928600e-01
379 7.054240e-01 1.468000e-03 2.931080e-01
380 7.052320e-01 1.420000e-03 2.933480e-01
381 7.050640e-01 1.328000e-03 2.936080e-01
382 7.048800e-01 1.252000e-03 2.938680e-01
383 7.046280e-01 1.264000e-03 2.941080e-01
384 7.043720e-01 1.296000e-03 2.943320e-01
385 7.041680e-01 1.288000e-03 2.945440e-01
386 7.039320e-01 1.316000e-03 2.947520e-01
387 7.037320e-01 1.328000e-03 2.949400e-01
388 7.035240e-01 1.296000e-03 2.951800e-01
389 7.033360e-01 1.232000e-03 2.954320e-01
390 7.031280e-01 1.260000e-03 2.956120e-01
391 7.029360e-01 1.224000e-03 2.958400e-01
392 7.027800e-01 1.180000e-03 2.960400e-01
393 7.025520e-01 1.216000e-03 2.962320e-01
394 7.023280e-01 1.228000e-03 2.964440e-01
395 7.021040e-01 1.244000e-03 2.966520e-01
396 7.019160e-01 1.188000e-03 2.968960e-01
397 7.017320e-01 1.160000e-03 2.971080e-01
398 7.015800e-01 1.120000e-03 2.973000e-01
399 7.014160e-01 1.108000e-03 2.974760e-01
400 7.012400e-01 1.104000e-03 2.976560e-01
401 7.010600e-01 1.076000e-03 2.978640e-01
402 7.008440e-01 1.160000e-03 2.979960e-01
403 7.006520e-01 1.128000e-03 2.982200e-01
404 7.004520e-01 1.116000e-03 2.984320e-01
405 7.002480e-01 1.152000e-03 2.986000e-01
406 7.000240e-01 1.164000e-03 2.988120e-01
407 6.997880e-01 1.164000e-03 2.990480e-01
408 6.995720e-01 1.164000e-03 2.992640e-01
409 6.993960e-01 1.124000e-03 2.994800e-01
410 6.991800e-01 1.116000e-03 2.997040e-01
411 6.989880e-01 1.076000e-03 2.999360e-01
412 6.987680e-01 1.116000e-03 3.001160e-01
413 6.986160e-01 1.068000e-03 3.003160e-01
414 6.984560e-01 1.028000e-03 3.005160e-01
415 6.982480e-01 1.044000e-03 3.007080e-01
416 6.979840e-01 1.144000e-03 3.008720e-01
417 6.977600e-01 1.136000e-03 3.011040e-01
418 6.975400e-01 1.140000e-03 3.013200e-01
419 6.972920e-01 1.168000e-03 3.015400e-01
420 6.970640e-01 1.188000e-03 3.017480e-01
421 6.968600e-01 1.160000e-03 3.019800e-01
422 6.965800e-01 1.180000e-03 3.022400e-01
423 6.963840e-01 1.172000e-03 3.024440e-01
424 6.961800e-01 1.204000e-03 3.026160e-01
425 6.960280e-01 1.152000e-03 3.028200e-01
426 6.957800e-01 1.216000e-03 3.030040e-01
427 6.956120e-01 1.172000e-03 3.032160e-01
428 6.954560e-01 1.188000e-03 3.033560e-01
429 6.952920e-01 1.132000e-03 3.035760e-01
430 6.950920e-01 1.132000e-03 3.037760e-01
431 6.949760e-01 1.060000e-03 3.039640e-01
432 6.948720e-01 9.800000e-04 3.041480e-01
433 6.947280e-01 9.520000e-04 3.043200e-01
434 6.946200e-01 9.000000e-04 3.044800e-01
435 6.945200e-01 8.320000e-04 3.046480e-01
436 6.943800e-01 7.920000e-04 3.048280e-01
437 6.942880e-01 7.680000e-04 3.049440e-01
438 6.941520e-01 7.560000e-04 3.050920e-01
439 6.940040e-01 7.680000e-04 3.052280e-01
440 6.938480e-01 7.920000e-04 3.053600e-01
441 6.936600e-01 8.000000e-04 3.055400e-01
442 6.935120e-01 8.200000e-04 3.056680e-01
443 6.933800e-01 7.880000e-04 3.058320e-01
444 6.932120e-01 8.200000e-04 3.059680e-01
445 6.930600e-01 8.040000e-04 3.061360e-01
446 6.929040e-01 8.080000e-04 3.062880e-01
447 6.927560e-01 8.240000e-04 3.064200e-01
448 6.926400e-01 8.040000e-04 3.065560e-01
449 6.925400e-01 7.800000e-04 3.066800e-01
450 6.924240e-01 7.440000e-04 3.068320e-01
451 6.923240e-01 7.440000e-04 3.069320e-01
452 6.921960e-01 7.520000e-04 3.070520e-01
453 6.920360e-01 7.560000e-04 3.072080e-01
454 6.919240e-01 7.320000e-04 3.073440e-01
455 6.918000e-01 7.240000e-04 3.074760e-01
456 6.916560e-01 7.640000e-04 3.075800e-01
457 6.915520e-01 7.440000e-04 3.077040e-01
458 6.914360e-01 7.360000e-04 3.078280e-01
459 6.912840e-01 7.480000e-04 3.079680e-01
460 6.911680e-01 7.520000e-04 3.080800e-01
461 6.910200e-01 7.840000e-04 3.081960e-01
462 6.909040e-01 7.640000e-04 3.083320e-01
463 6.907320e-01 7.880000e-04 3.084800e-01
464 6.905680e-01 8.280000e-04 3.086040e-01
465 6.904240e-01 8.000000e-04 3.087760e-01
466 6.902640e-01 8.120000e-04 3.089240e-01
467 6.901040e-01 8.440000e-04 3.090520e-01
468 6.899720e-01 8.560000e-04 3.091720e-01
469 6.898680e-01 8.520000e-04 3.092800e-01
470 6.897040e-01 8.400000e-04 3.094560e-01
471 6.895520e-01 8.360000e-04 3.096120e-01
472 6.894520e-01 8.200000e-04 3.097280e-01
473 6.893400e-01 8.120000e-04 3.098480e-01
474 6.892240e-01 8.120000e-04 3.099640e-01
475 6.891200e-01 7.720000e-04 3.101080e-01
476 6.889760e-01 7.920000e-04 3.102320e-01
477 6.888320e-01 8.120000e-04 3.103560e-01
478 6.886680e-01 8.520000e-04 3.104800e-01
479 6.884960e-01 8.840000e-04 3.106200e-01
480 6.883640e-01 8.520000e-04 3.107840e-01
481 6.882120e-01 8.480000e-04 3.109400e-01
482 6.880200e-01 9.280000e-04 3.110520e-01
483 6.878720e-01 9.280000e-04 3.112000e-01
484 6.876600e-01 9.840000e-04 3.113560e-01
485 6.875360e-01 9.880000e-04 3.114760e-01
486 6.873760e-01 9.760000e-04 3.116480e-01
487 6.872320e-01 9.360000e-04 3.118320e-01
488 6.871280e-01 9.000000e-04 3.119720e-01
489 6.869840e-01 8.360000e-04 3.121800e-01
490 6.868920e-01 8.200000e-04 3.122880e-01
491 6.867960e-01 7.520000e-04 3.124520e-01
492 6.866920e-01 7.600000e-04 3.125480e-01
493 6.866000e-01 7.040000e-04 3.126960e-01
494 6.864880e-01 6.920000e-04 3.128200e-01
495 6.863840e-01 6.520000e-04 3.129640e-01
496 6.862800e-01 6.600000e-04 3.130600e-01
497 6.861520e-01 6.680000e-04 3.131800e-01
498 6.860600e-01 6.800000e-04 3.132600e-01
499 6.859560e-01 6.760000e-04 3.133680e-01
500 6.858360e-01 6.880000e-04 3.134760e-01
