1 9.991480e-01 7.640000e-04 8.800000e-05
2 9.985320e-01 1.236000e-03 2.320000e-04
3 9.978240e-01 1.696000e-03 4.800000e-04
4 9.970320e-01 2.192000e-03 7.760000e-04
5 9.960920e-01 2.632000e-03 1.276000e-03
6 9.952240e-01 3.008000e-03 1.768000e-03
7 9.943240e-01 3.328000e-03 2.348000e-03
8 9.934120e-01 3.588000e-03 3.000000e-03
9 9.924280e-01 3.912000e-03 3.660000e-03
10 9.911920e-01 4.496000e-03 4.312000e-03
11 9.898040e-01 5.072000e-03 5.124000e-03
12 9.884440e-01 5.556000e-03 6.000000e-03
13 9.871240e-01 5.944000e-03 6.932000e-03
14 9.858600e-01 6.112000e-03 8.028000e-03
15 9.845080e-01 6.508000e-03 8.984000e-03
16 9.830960e-01 6.800000e-03 1.010400e-02
17 9.816320e-01 7.124000e-03 1.124400e-02
18 9.802040e-01 7.340000e-03 1.245600e-02
19 9.786560e-01 7.684000e-03 1.366000e-02
20 9.770280e-01 8.036000e-03 1.493600e-02
21 9.753680e-01 8.332000e-03 1.630000e-02
22 9.737080e-01 8.532000e-03 1.776000e-02
23 9.721440e-01 8.544000e-03 1.931200e-02
24 9.705600e-01 8.552000e-03 2.088800e-02
25 9.688720e-01 8.752000e-03 2.237600e-02
26 9.672200e-01 8.868000e-03 2.391200e-02
27 9.656600e-01 8.840000e-03 2.550000e-02
28 9.640480e-01 8.944000e-03 2.700800e-02
29 9.624040e-01 9.084000e-03 2.851200e-02
30 9.606880e-01 9.084000e-03 3.022800e-02
31 9.589240e-01 9.152000e-03 3.192400e-02
32 9.571960e-01 9.220000e-03 3.358400e-02
33 9.556600e-01 9.060000e-03 3.528000e-02
34 9.538680e-01 9.180000e-03 3.695200e-02
35 9.520840e-01 9.300000e-03 3.861600e-02
36 9.504880e-01 9.252000e-03 4.026000e-02
37 9.485800e-01 9.524000e-03 4.189600e-02
38 9.466640e-01 9.792000e-03 4.354400e-02
39 9.448280e-01 9.904000e-03 4.526800e-02
40 9.430120e-01 9.896000e-03 4.709200e-02
41 9.411560e-01 9.848000e-03 4.899600e-02
42 9.394320e-01 9.892000e-03 5.067600e-02
43 9.375040e-01 1.003600e-02 5.246000e-02
44 9.355520e-01 1.019200e-02 5.425600e-02
45 9.338320e-01 1.026000e-02 5.590800e-02
46 9.319840e-01 1.031200e-02 5.770400e-02
47 9.302520e-01 1.022800e-02 5.952000e-02
48 9.285680e-01 1.009600e-02 6.133600e-02
49 9.265800e-01 1.021200e-02 6.320800e-02
50 9.248200e-01 1.020400e-02 6.497600e-02
51 9.228760e-01 1.050400e-02 6.662000e-02
52 9.210880e-01 1.036000e-02 6.855200e-02
53 9.195240e-01 1.027200e-02 7.020400e-02
54 9.176800e-01 1.033200e-02 7.198800e-02
55 9.160040e-01 1.037200e-02 7.362400e-02
56 9.142920e-01 1.025600e-02 7.545200e-02
57 9.124120e-01 1.032400e-02 7.726400e-02
58 9.106480e-01 1.035200e-02 7.900000e-02
59 9.087600e-01 1.033200e-02 8.090800e-02
60 9.069200e-01 1.023600e-02 8.284400e-02
61 9.049680e-01 1.040400e-02 8.462800e-02
62 9.030720e-01 1.042000e-02 8.650800e-02
63 9.011920e-01 1.063600e-02 8.817200e-02
64 8.991840e-01 1.083600e-02 8.998000e-02
65 8.971120e-01 1.094400e-02 9.194400e-02
66 8.952320e-01 1.089600e-02 9.387200e-02
67 8.933400e-01 1.086000e-02 9.580000e-02
68 8.915160e-01 1.081200e-02 9.767200e-02
69 8.895280e-01 1.096000e-02 9.951200e-02
70 8.875920e-01 1.107200e-02 1.013360e-01
71 8.857720e-01 1.105200e-02 1.031760e-01
72 8.840080e-01 1.082800e-02 1.051640e-01
73 8.823400e-01 1.052800e-02 1.071320e-01
74 8.806080e-01 1.052000e-02 1.088720e-01
75 8.788520e-01 1.039600e-02 1.107520e-01
76 8.770400e-01 1.033200e-02 1.126280e-01
77 8.752920e-01 1.036400e-02 1.143440e-01
78 8.734840e-01 1.037200e-02 1.161440e-01
79 8.716800e-01 1.052000e-02 1.178000e-01
80 8.697480e-01 1.060400e-02 1.196480e-01
81 8.678320e-01 1.067600e-02 1.214920e-01
82 8.660760e-01 1.046800e-02 1.234560e-01
83 8.642280e-01 1.037200e-02 1.254000e-01
84 8.624520e-01 1.041200e-02 1.271360e-01
85 8.608560e-01 1.016400e-02 1.289800e-01
86 8.591800e-01 9.952000e-03 1.308680e-01
87 8.575280e-01 9.820000e-03 1.326520e-01
88 8.557800e-01 9.868000e-03 1.343520e-01
89 8.541280e-01 9.588000e-03 1.362840e-01
90 8.525240e-01 9.448000e-03 1.380280e-01
91 8.509960e-01 9.316000e-03 1.396880e-01
92 8.493560e-01 9.420000e-03 1.412240e-01
93 8.478440e-01 9.420000e-03 1.427360e-01
94 8.462240e-01 9.416000e-03 1.443600e-01
95 8.446120e-01 9.368000e-03 1.460200e-01
96 8.430240e-01 9.380000e-03 1.475960e-01
97 8.415120e-01 9.252000e-03 1.492360e-01
98 8.399200e-01 9.292000e-03 1.507880e-01
99 8.386000e-01 9.020000e-03 1.523800e-01
100 8.370680e-01 9.072000e-03 1.538600e-01
101 8.355920e-01 8.980000e-03 1.554280e-01
102 8.340560e-01 8.960000e-03 1.569840e-01
103 8.325920e-01 8.924000e-03 1.584840e-01
104 8.308920e-01 9.044000e-03 1.600640e-01
105 8.293120e-01 8.924000e-03 1.617640e-01
106 8.277720e-01 8.932000e-03 1.632960e-01
107 8.263480e-01 8.776000e-03 1.648760e-01
108 8.248720e-01 8.596000e-03 1.665320e-01
109 8.233960e-01 8.504000e-03 1.681000e-01
110 8.219000e-01 8.600000e-03 1.695000e-01
111 8.204200e-01 8.472000e-03 1.711080e-01
112 8.188600e-01 8.568000e-03 1.725720e-01
113 8.172560e-01 8.688000e-03 1.740560e-01
114 8.157720e-01 8.572000e-03 1.756560e-01
115 8.143040e-01 8.504000e-03 1.771920e-01
116 8.127360e-01 8.628000e-03 1.786360e-01
117 8.112920e-01 8.548000e-03 1.801600e-01
118 8.099920e-01 8.440000e-03 1.815680e-01
119 8.085440e-01 8.316000e-03 1.831400e-01
120 8.070840e-01 8.328000e-03 1.845880e-01
121 8.057640e-01 8.184000e-03 1.860520e-01
122 8.044760e-01 8.104000e-03 1.874200e-01
123 8.031680e-01 7.960000e-03 1.888720e-01
124 8.019360e-01 7.708000e-03 1.903560e-01
125 8.007600e-01 7.508000e-03 1.917320e-01
126 7.994760e-01 7.500000e-03 1.930240e-01
127 7.981400e-01 7.552000e-03 1.943080e-01
128 7.968800e-01 7.576000e-03 1.955440e-01
129 7.956760e-01 7.408000e-03 1.969160e-01
130 7.943640e-01 7.460000e-03 1.981760e-01
131 7.930440e-01 7.480000e-03 1.994760e-01
132 7.918480e-01 7.316000e-03 2.008360e-01
133 7.907400e-01 7.184000e-03 2.020760e-01
134 7.896320e-01 6.984000e-03 2.033840e-01
135 7.884800e-01 7.012000e-03 2.045080e-01
136 7.873360e-01 6.956000e-03 2.057080e-01
137 7.861240e-01 6.924000e-03 2.069520e-01
138 7.849080e-01 6.952000e-03 2.081400e-01
139 7.838240e-01 6.820000e-03 2.093560e-01
140 7.827720e-01 6.784000e-03 2.104440e-01
141 7.815440e-01 6.728000e-03 2.117280e-01
142 7.803000e-01 6.864000e-03 2.128360e-01
143 7.791360e-01 6.832000e-03 2.140320e-01
144 7.778400e-01 6.984000e-03 2.151760e-01
145 7.765680e-01 7.064000e-03 2.163680e-01
146 7.753600e-01 7.036000e-03 2.176040e-01
147 7.741160e-01 6.980000e-03 2.189040e-01
148 7.729240e-01 6.956000e-03 2.201200e-01
149 7.716760e-01 7.016000e-03 2.213080e-01
150 7.705000e-01 6.868000e-03 2.226320e-01
151 7.693160e-01 6.864000e-03 2.238200e-01
152 7.681760e-01 6.896000e-03 2.249280e-01
153 7.670440e-01 6.804000e-03 2.261520e-01
154 7.659520e-01 6.752000e-03 2.272960e-01
155 7.647280e-01 6.704000e-03 2.285680e-01
156 7.636280e-01 6.712000e-03 2.296600e-01
157 7.624160e-01 6.780000e-03 2.308040e-01
158 7.613320e-01 6.664000e-03 2.320040e-01
159 7.602480e-01 6.652000e-03 2.331000e-01
160 7.591120e-01 6.816000e-03 2.340720e-01
161 7.580400e-01 6.612000e-03 2.353480e-01
162 7.568280e-01 6.660000e-03 2.365120e-01
163 7.557240e-01 6.540000e-03 2.377360e-01
164 7.545920e-01 6.496000e-03 2.389120e-01
165 7.536040e-01 6.268000e-03 2.401280e-01
166 7.526840e-01 6.104000e-03 2.412120e-01
167 7.516560e-01 6.128000e-03 2.422160e-01
168 7.507920e-01 6.052000e-03 2.431560e-01
169 7.499400e-01 5.808000e-03 2.442520e-01
170 7.490800e-01 5.608000e-03 2.453120e-01
171 7.482360e-01 5.548000e-03 2.462160e-01
172 7.474000e-01 5.456000e-03 2.471440e-01
173 7.465200e-01 5.300000e-03 2.481800e-01
174 7.455480e-01 5.372000e-03 2.490800e-01
175 7.445760e-01 5.412000e-03 2.500120e-01
176 7.436800e-01 5.372000e-03 2.509480e-01
177 7.427920e-01 5.196000e-03 2.520120e-01
178 7.419920e-01 5.072000e-03 2.529360e-01
179 7.410880e-01 5.120000e-03 2.537920e-01
180 7.401640e-01 5.172000e-03 2.546640e-01
181 7.391920e-01 5.192000e-03 2.556160e-01
182 7.383440e-01 5.080000e-03 2.565760e-01
183 7.375120e-01 5.044000e-03 2.574440e-01
184 7.367440e-01 5.068000e-03 2.581880e-01
185 7.357680e-01 5.128000e-03 2.591040e-01
186 7.349000e-01 5.124000e-03 2.599760e-01
187 7.340240e-01 5.096000e-03 2.608800e-01
188 7.332080e-01 4.980000e-03 2.618120e-01
189 7.323560e-01 4.976000e-03 2.626680e-01
190 7.314520e-01 4.996000e-03 2.635520e-01
191 7.304960e-01 5.128000e-03 2.643760e-01
192 7.293280e-01 5.420000e-03 2.652520e-01
193 7.283560e-01 5.452000e-03 2.661920e-01
194 7.274240e-01 5.412000e-03 2.671640e-01
195 7.265840e-01 5.380000e-03 2.680360e-01
196 7.255960e-01 5.452000e-03 2.689520e-01
197 7.247560e-01 5.492000e-03 2.697520e-01
198 7.239160e-01 5.332000e-03 2.707520e-01
199 7.230920e-01 5.236000e-03 2.716720e-01
200 7.222360e-01 5.208000e-03 2.725560e-01
201 7.214840e-01 5.164000e-03 2.733520e-01
202 7.206600e-01 5.092000e-03 2.742480e-01
203 7.197760e-01 5.040000e-03 2.751840e-01
204 7.189480e-01 5.024000e-03 2.760280e-01
205 7.181200e-01 4.944000e-03 2.769360e-01
206 7.171120e-01 5.160000e-03 2.777280e-01
207 7.161320e-01 5.320000e-03 2.785480e-01
208 7.152920e-01 5.144000e-03 2.795640e-01
209 7.144600e-01 5.120000e-03 2.804200e-01
210 7.136320e-01 5.020000e-03 2.813480e-01
211 7.127520e-01 4.984000e-03 2.822640e-01
212 7.118840e-01 5.000000e-03 2.831160e-01
213 7.111360e-01 4.824000e-03 2.840400e-01
214 7.102400e-01 4.856000e-03 2.849040e-01
215 7.093560e-01 4.880000e-03 2.857640e-01
216 7.085280e-01 4.780000e-03 2.866920e-01
217 7.076400e-01 4.920000e-03 2.874400e-01
218 7.068640e-01 4.864000e-03 2.882720e-01
219 7.060160e-01 4.852000e-03 2.891320e-01
220 7.051160e-01 4.880000e-03 2.900040e-01
221 7.042760e-01 4.872000e-03 2.908520e-01
222 7.035080e-01 4.724000e-03 2.917680e-01
223 7.025560e-01 4.740000e-03 2.927040e-01
224 7.017040e-01 4.800000e-03 2.934960e-01
225 7.008600e-01 4.844000e-03 2.942960e-01
226 7.000640e-01 4.792000e-03 2.951440e-01
227 6.993240e-01 4.744000e-03 2.959320e-01
228 6.985120e-01 4.716000e-03 2.967720e-01
229 6.977840e-01 4.452000e-03 2.977640e-01
230 6.969440e-01 4.516000e-03 2.985400e-01
231 6.961240e-01 4.560000e-03 2.993160e-01
232 6.953800e-01 4.472000e-03 3.001480e-01
233 6.946920e-01 4.432000e-03 3.008760e-01
234 6.939400e-01 4.340000e-03 3.017200e-01
235 6.931800e-01 4.228000e-03 3.025920e-01
236 6.925480e-01 4.084000e-03 3.033680e-01
237 6.919280e-01 3.960000e-03 3.041120e-01
238 6.914240e-01 3.768000e-03 3.048080e-01
239 6.908360e-01 3.744000e-03 3.054200e-01
240 6.901640e-01 3.660000e-03 3.061760e-01
241 6.895800e-01 3.552000e-03 3.068680e-01
242 6.890160e-01 3.556000e-03 3.074280e-01
243 6.884000e-01 3.604000e-03 3.079960e-01
244 6.877360e-01 3.660000e-03 3.086040e-01
245 6.871120e-01 3.648000e-03 3.092400e-01
246 6.864680e-01 3.644000e-03 3.098880e-01
247 6.859240e-01 3.592000e-03 3.104840e-01
248 6.853440e-01 3.580000e-03 3.110760e-01
249 6.848440e-01 3.516000e-03 3.116400e-01
250 6.842880e-01 3.464000e-03 3.122480e-01
251 6.838080e-01 3.300000e-03 3.128920e-01
252 6.833680e-01 3.180000e-03 3.134520e-01
253 6.829560e-01 3.032000e-03 3.140120e-01
254 6.824840e-01 2.992000e-03 3.145240e-01
255 6.819600e-01 2.996000e-03 3.150440e-01
256 6.815520e-01 2.860000e-03 3.155880e-01
257 6.811880e-01 2.724000e-03 3.160880e-01
258 6.807600e-01 2.744000e-03 3.164960e-01
259 6.803040e-01 2.716000e-03 3.169800e-01
260 6.798400e-01 2.756000e-03 3.174040e-01
261 6.793440e-01 2.776000e-03 3.178800e-01
262 6.788800e-01 2.764000e-03 3.183560e-01
263 6.784320e-01 2.672000e-03 3.188960e-01
264 6.780160e-01 2.640000e-03 3.193440e-01
265 6.775800e-01 2.660000e-03 3.197600e-01
266 6.772000e-01 2.516000e-03 3.202840e-01
267 6.767920e-01 2.456000e-03 3.207520e-01
268 6.764160e-01 2.376000e-03 3.212080e-01
269 6.760480e-01 2.308000e-03 3.216440e-01
270 6.756960e-01 2.268000e-03 3.220360e-01
271 6.753480e-01 2.268000e-03 3.223840e-01
272 6.750760e-01 2.076000e-03 3.228480e-01
273 6.747160e-01 2.084000e-03 3.232000e-01
274 6.744080e-01 2.052000e-03 3.235400e-01
275 6.741320e-01 2.044000e-03 3.238240e-01
276 6.738080e-01 2.028000e-03 3.241640e-01
277 6.734520e-01 1.952000e-03 3.245960e-01
278 6.730920e-01 2.032000e-03 3.248760e-01
279 6.727560e-01 1.976000e-03 3.252680e-01
280 6.724680e-01 1.908000e-03 3.256240e-01
281 6.721280e-01 1.940000e-03 3.259320e-01
282 6.717960e-01 1.936000e-03 3.262680e-01
283 6.714680e-01 1.884000e-03 3.266480e-01
284 6.711200e-01 1.920000e-03 3.269600e-01
285 6.708640e-01 1.812000e-03 3.273240e-01
286 6.706000e-01 1.756000e-03 3.276440e-01
287 6.702800e-01 1.740000e-03 3.279800e-01
288 6.700000e-01 1.720000e-03 3.282800e-01
289 6.697520e-01 1.656000e-03 3.285920e-01
290 6.694000e-01 1.692000e-03 3.289080e-01
291 6.691000e-01 1.712000e-03 3.291880e-01
292 6.687280e-01 1.732000e-03 3.295400e-01
293 6.684400e-01 1.696000e-03 3.298640e-01
294 6.681320e-01 1.688000e-03 3.301800e-01
295 6.678920e-01 1.620000e-03 3.304880e-01
296 6.676360e-01 1.564000e-03 3.308000e-01
297 6.673520e-01 1.588000e-03 3.310600e-01
298 6.670480e-01 1.624000e-03 3.313280e-01
299 6.667440e-01 1.676000e-03 3.315800e-01
300 6.665600e-01 1.608000e-03 3.318320e-01
301 6.663000e-01 1.584000e-03 3.321160e-01
302 6.660160e-01 1.584000e-03 3.324000e-01
303 6.657280e-01 1.648000e-03 3.326240e-01
304 6.654760e-01 1.668000e-03 3.328560e-01
305 6.652760e-01 1.592000e-03 3.331320e-01
306 6.649760e-01 1.580000e-03 3.334440e-01
307 6.646760e-01 1.624000e-03 3.337000e-01
308 6.644360e-01 1.604000e-03 3.339600e-01
309 6.641480e-01 1.652000e-03 3.342000e-01
310 6.639080e-01 1.500000e-03 3.345920e-01
311 6.637200e-01 1.420000e-03 3.348600e-01
312 6.635200e-01 1.360000e-03 3.351200e-01
313 6.633240e-01 1.320000e-03 3.353560e-01
314 6.631080e-01 1.276000e-03 3.356160e-01
315 6.628960e-01 1.280000e-03 3.358240e-01
316 6.626120e-01 1.328000e-03 3.360600e-01
317 6.623720e-01 1.320000e-03 3.363080e-01
318 6.621280e-01 1.376000e-03 3.364960e-01
319 6.618360e-01 1.400000e-03 3.367640e-01
320 6.616360e-01 1.368000e-03 3.369960e-01
321 6.613480e-01 1.436000e-03 3.372160e-01
322 6.611120e-01 1.448000e-03 3.374400e-01
323 6.609520e-01 1.360000e-03 3.376880e-01
324 6.607400e-01 1.340000e-03 3.379200e-01
325 6.604440e-01 1.360000e-03 3.381960e-01
326 6.602040e-01 1.384000e-03 3.384120e-01
327 6.599520e-01 1.404000e-03 3.386440e-01
328 6.596680e-01 1.456000e-03 3.388760e-01
329 6.594160e-01 1.456000e-03 3.391280e-01
330 6.591880e-01 1.468000e-03 3.393440e-01
331 6.589120e-01 1.468000e-03 3.396200e-01
332 6.587040e-01 1.460000e-03 3.398360e-01
333 6.585080e-01 1.388000e-03 3.401040e-01
334 6.583200e-01 1.300000e-03 3.403800e-01
335 6.581840e-01 1.208000e-03 3.406080e-01
336 6.580280e-01 1.148000e-03 3.408240e-01
337 6.578640e-01 1.132000e-03 3.410040e-01
338 6.576880e-01 1.100000e-03 3.412120e-01
339 6.575360e-01 1.044000e-03 3.414200e-01
340 6.573840e-01 9.920000e-04 3.416240e-01
341 6.572200e-01 9.960000e-04 3.417840e-01
342 6.570040e-01 1.028000e-03 3.419680e-01
343 6.568080e-01 1.028000e-03 3.421640e-01
344 6.565480e-01 1.104000e-03 3.423480e-01
345 6.563160e-01 1.172000e-03 3.425120e-01
346 6.560880e-01 1.220000e-03 3.426920e-01
347 6.558680e-01 1.216000e-03 3.429160e-01
348 6.556440e-01 1.244000e-03 3.431120e-01
349 6.554320e-01 1.276000e-03 3.432920e-01
350 6.551560e-01 1.320000e-03 3.435240e-01
351 6.549320e-01 1.308000e-03 3.437600e-01
352 6.546760e-01 1.376000e-03 3.439480e-01
353 6.544680e-01 1.340000e-03 3.441920e-01
354 6.542760e-01 1.344000e-03 3.443800e-01
355 6.540400e-01 1.344000e-03 3.446160e-01
356 6.537800e-01 1.352000e-03 3.448680e-01
357 6.536080e-01 1.272000e-03 3.451200e-01
358 6.533800e-01 1.292000e-03 3.453280e-01
359 6.531400e-01 1.336000e-03 3.455240e-01
360 6.529280e-01 1.356000e-03 3.457160e-01
361 6.527320e-01 1.292000e-03 3.459760e-01
362 6.525080e-01 1.264000e-03 3.462280e-01
363 6.522600e-01 1.296000e-03 3.464440e-01
364 6.520440e-01 1.300000e-03 3.466560e-01
365 6.518240e-01 1.252000e-03 3.469240e-01
366 6.516480e-01 1.228000e-03 3.471240e-01
367 6.513520e-01 1.296000e-03 3.473520e-01
368 6.511000e-01 1.280000e-03 3.476200e-01
369 6.508920e-01 1.268000e-03 3.478400e-01
370 6.506560e-01 1.248000e-03 3.480960e-01
371 6.504040e-01 1.272000e-03 3.483240e-01
372 6.502200e-01 1.184000e-03 3.485960e-01
373 6.500360e-01 1.120000e-03 3.488440e-01
374 6.497680e-01 1.216000e-03 3.490160e-01
375 6.495280e-01 1.260000e-03 3.492120e-01
376 6.492880e-01 1.300000e-03 3.494120e-01
377 6.490480e-01 1.288000e-03 3.496640e-01
378 6.488240e-01 1.280000e-03 3.498960e-01
379 6.484920e-01 1.384000e-03 3.501240e-01
380 6.483000e-01 1.344000e-03 3.503560e-01
381 6.480560e-01 1.384000e-03 3.505600e-01
382 6.478000e-01 1.428000e-03 3.507720e-01
383 6.475840e-01 1.408000e-03 3.510080e-01
384 6.474080e-01 1.348000e-03 3.512440e-01
385 6.471800e-01 1.316000e-03 3.515040e-01
386 6.470280e-01 1.240000e-03 3.517320e-01
387 6.468040e-01 1.252000e-03 3.519440e-01
388 6.465840e-01 1.236000e-03 3.521800e-01
389 6.463880e-01 1.208000e-03 3.524040e-01
390 6.460880e-01 1.324000e-03 3.525880e-01
391 6.458520e-01 1.360000e-03 3.527880e-01
392 6.455920e-01 1.356000e-03 3.530520e-01
393 6.452800e-01 1.496000e-03 3.532240e-01
394 6.450280e-01 1.468000e-03 3.535040e-01
395 6.447960e-01 1.460000e-03 3.537440e-01
396 6.445160e-01 1.516000e-03 3.539680e-01
397 6.442680e-01 1.564000e-03 3.541680e-01
398 6.440120e-01 1.544000e-03 3.544440e-01
399 6.437480e-01 1.556000e-03 3.546960e-01
400 6.434640e-01 1.532000e-03 3.550040e-01
401 6.431480e-01 1.548000e-03 3.553040e-01
402 6.429320e-01 1.480000e-03 3.555880e-01
403 6.426960e-01 1.460000e-03 3.558440e-01
404 6.424720e-01 1.396000e-03 3.561320e-01
405 6.422920e-01 1.360000e-03 3.563480e-01
406 6.421160e-01 1.316000e-03 3.565680e-01
407 6.419200e-01 1.304000e-03 3.567760e-01
408 6.417640e-01 1.224000e-03 3.570120e-01
409 6.415920e-01 1.212000e-03 3.571960e-01
410 6.413960e-01 1.236000e-03 3.573680e-01
411 6.412000e-01 1.240000e-03 3.575600e-01
412 6.410640e-01 1.144000e-03 3.577920e-01
413 6.408640e-01 1.148000e-03 3.579880e-01
414 6.406960e-01 1.160000e-03 3.581440e-01
415 6.404640e-01 1.184000e-03 3.583520e-01
416 6.402360e-01 1.224000e-03 3.585400e-01
417 6.399760e-01 1.256000e-03 3.587680e-01
418 6.396720e-01 1.320000e-03 3.590080e-01
419 6.394320e-01 1.336000e-03 3.592320e-01
420 6.391960e-01 1.312000e-03 3.594920e-01
421 6.389400e-01 1.324000e-03 3.597360e-01
422 6.387920e-01 1.228000e-03 3.599800e-01
423 6.384920e-01 1.284000e-03 3.602240e-01
424 6.383280e-01 1.228000e-03 3.604440e-01
425 6.381560e-01 1.188000e-03 3.606560e-01
426 6.379520e-01 1.192000e-03 3.608560e-01
427 6.378280e-01 1.148000e-03 3.610240e-01
428 6.376400e-01 1.120000e-03 3.612400e-01
429 6.375080e-01 1.100000e-03 3.613920e-01
430 6.373840e-01 1.048000e-03 3.615680e-01
431 6.371920e-01 1.064000e-03 3.617440e-01
432 6.370240e-01 1.064000e-03 3.619120e-01
433 6.368440e-01 1.084000e-03 3.620720e-01
434 6.366560e-01 1.020000e-03 3.623240e-01
435 6.365440e-01 9.560000e-04 3.625000e-01
436 6.364120e-01 9.240000e-04 3.626640e-01
437 6.362640e-01 9.320000e-04 3.628040e-01
438 6.361280e-01 9.200000e-04 3.629520e-01
439 6.360320e-01 8.520000e-04 3.631160e-01
440 6.358920e-01 8.400000e-04 3.632680e-01
441 6.357400e-01 8.240000e-04 3.634360e-01
442 6.356080e-01 8.240000e-04 3.635680e-01
443 6.355000e-01 7.800000e-04 3.637200e-01
444 6.353720e-01 7.640000e-04 3.638640e-01
445 6.352560e-01 7.760000e-04 3.639680e-01
446 6.351120e-01 7.640000e-04 3.641240e-01
447 6.349920e-01 7.640000e-04 3.642440e-01
448 6.348480e-01 7.880000e-04 3.643640e-01
449 6.347400e-01 7.360000e-04 3.645240e-01
450 6.345520e-01 7.760000e-04 3.646720e-01
451 6.344040e-01 8.160000e-04 3.647800e-01
452 6.342480e-01 8.040000e-04 3.649480e-01
453 6.340760e-01 8.760000e-04 3.650480e-01
454 6.339040e-01 9.240000e-04 3.651720e-01
455 6.337520e-01 9.200000e-04 3.653280e-01
456 6.336120e-01 8.920000e-04 3.654960e-01
457 6.334600e-01 8.880000e-04 3.656520e-01
458 6.333240e-01 8.680000e-04 3.658080e-01
459 6.331960e-01 9.000000e-04 3.659040e-01
460 6.330800e-01 8.240000e-04 3.660960e-01
461 6.329280e-01 8.160000e-04 3.662560e-01
462 6.328360e-01 7.760000e-04 3.663880e-01
463 6.327440e-01 7.200000e-04 3.665360e-01
464 6.326040e-01 7.160000e-04 3.666800e-01
465 6.324840e-01 6.880000e-04 3.668280e-01
466 6.323760e-01 6.960000e-04 3.669280e-01
467 6.322760e-01 6.560000e-04 3.670680e-01
468 6.321280e-01 6.720000e-04 3.672000e-01
469 6.320160e-01 6.600000e-04 3.673240e-01
470 6.319280e-01 6.320000e-04 3.674400e-01
471 6.318240e-01 6.400000e-04 3.675360e-01
472 6.317040e-01 6.880000e-04 3.676080e-01
473 6.316080e-01 6.200000e-04 3.677720e-01
474 6.315240e-01 5.800000e-04 3.678960e-01
475 6.314400e-01 5.840000e-04 3.679760e-01
476 6.313160e-01 6.200000e-04 3.680640e-01
477 6.312240e-01 5.520000e-04 3.682240e-01
478 6.311120e-01 5.640000e-04 3.683240e-01
479 6.309880e-01 6.040000e-04 3.684080e-01
480 6.308320e-01 6.520000e-04 3.685160e-01
481 6.307120e-01 6.840000e-04 3.686040e-01
482 6.305680e-01 7.080000e-04 3.687240e-01
483 6.304600e-01 6.720000e-04 3.688680e-01
484 6.303760e-01 6.160000e-04 3.690080e-01
485 6.302800e-01 6.000000e-04 3.691200e-01
486 6.302000e-01 5.800000e-04 3.692200e-01
487 6.300560e-01 6.240000e-04 3.693200e-01
488 6.299160e-01 6.760000e-04 3.694080e-01
489 6.298360e-01 6.320000e-04 3.695320e-01
490 6.297160e-01 6.120000e-04 3.696720e-01
491 6.296440e-01 5.760000e-04 3.697800e-01
492 6.295720e-01 5.400000e-04 3.698880e-01
493 6.295120e-01 4.880000e-04 3.700000e-01
494 6.294080e-01 5.040000e-04 3.700880e-01
495 6.293240e-01 4.600000e-04 3.702160e-01
496 6.292440e-01 4.560000e-04 3.703000e-01
497 6.291800e-01 4.400000e-04 3.703800e-01
498 6.291280e-01 4.200000e-04 3.704520e-01
499 6.290760e-01 4.040000e-04 3.705200e-01
500 6.290120e-01 4.120000e-04 3.705760e-01
