1 9.992600e-01 6.160000e-04 1.240000e-04
2 9.988600e-01 8.560000e-04 2.840000e-04
3 9.983080e-01 1.244000e-03 4.480000e-04
4 9.977240e-01 1.620000e-03 6.560000e-04
5 9.971720e-01 1.828000e-03 1.000000e-03
6 9.964720e-01 2.216000e-03 1.312000e-03
7 9.958000e-01 2.484000e-03 1.716000e-03
8 9.950080e-01 2.848000e-03 2.144000e-03
9 9.942680e-01 3.088000e-03 2.644000e-03
10 9.934800e-01 3.316000e-03 3.204000e-03
11 9.925960e-01 3.604000e-03 3.800000e-03
12 9.917120e-01 3.772000e-03 4.516000e-03
13 9.907960e-01 4.068000e-03 5.136000e-03
14 9.898120e-01 4.480000e-03 5.708000e-03
15 9.888480e-01 4.724000e-03 6.428000e-03
16 9.877440e-01 4.940000e-03 7.316000e-03
17 9.867680e-01 4.992000e-03 8.240000e-03
18 9.856400e-01 5.240000e-03 9.120000e-03
19 9.846040e-01 5.364000e-03 1.003200e-02
20 9.835880e-01 5.428000e-03 1.098400e-02
21 9.825640e-01 5.520000e-03 1.191600e-02
22 9.814840e-01 5.644000e-03 1.287200e-02
23 9.805040e-01 5.508000e-03 1.398800e-02
24 9.795800e-01 5.468000e-03 1.495200e-02
25 9.784520e-01 5.612000e-03 1.593600e-02
26 9.774240e-01 5.564000e-03 1.701200e-02
27 9.763840e-01 5.612000e-03 1.800400e-02
28 9.753440e-01 5.612000e-03 1.904400e-02
29 9.741840e-01 5.764000e-03 2.005200e-02
30 9.729600e-01 5.996000e-03 2.104400e-02
31 9.718360e-01 6.072000e-03 2.209200e-02
32 9.706520e-01 6.136000e-03 2.321200e-02
33 9.695280e-01 6.240000e-03 2.423200e-02
34 9.683840e-01 6.288000e-03 2.532800e-02
35 9.671360e-01 6.304000e-03 2.656000e-02
36 9.658560e-01 6.548000e-03 2.759600e-02
37 9.646280e-01 6.596000e-03 2.877600e-02
38 9.633800e-01 6.660000e-03 2.996000e-02
39 9.621120e-01 6.700000e-03 3.118800e-02
40 9.608640e-01 6.700000e-03 3.243600e-02
41 9.596120e-01 6.788000e-03 3.360000e-02
42 9.584240e-01 6.812000e-03 3.476400e-02
43 9.570120e-01 7.052000e-03 3.593600e-02
44 9.558080e-01 6.964000e-03 3.722800e-02
45 9.545120e-01 6.884000e-03 3.860400e-02
46 9.533040e-01 6.856000e-03 3.984000e-02
47 9.519280e-01 6.916000e-03 4.115600e-02
48 9.506160e-01 7.024000e-03 4.236000e-02
49 9.493800e-01 7.116000e-03 4.350400e-02
50 9.482320e-01 7.044000e-03 4.472400e-02
51 9.470400e-01 7.080000e-03 4.588000e-02
52 9.457800e-01 7.040000e-03 4.718000e-02
53 9.446800e-01 6.824000e-03 4.849600e-02
54 9.435440e-01 6.860000e-03 4.959600e-02
55 9.424600e-01 6.800000e-03 5.074000e-02
56 9.412800e-01 6.904000e-03 5.181600e-02
57 9.400760e-01 6.944000e-03 5.298000e-02
58 9.387760e-01 7.004000e-03 5.422000e-02
59 9.375280e-01 7.036000e-03 5.543600e-02
60 9.363160e-01 7.072000e-03 5.661200e-02
61 9.351640e-01 6.956000e-03 5.788000e-02
62 9.339840e-01 6.872000e-03 5.914400e-02
63 9.329040e-01 6.752000e-03 6.034400e-02
64 9.318320e-01 6.564000e-03 6.160400e-02
65 9.307600e-01 6.440000e-03 6.280000e-02
66 9.296440e-01 6.192000e-03 6.416400e-02
67 9.285960e-01 6.192000e-03 6.521200e-02
68 9.276840e-01 6.056000e-03 6.626000e-02
69 9.267520e-01 5.892000e-03 6.735600e-02
70 9.257400e-01 5.908000e-03 6.835200e-02
71 9.247480e-01 5.964000e-03 6.928800e-02
72 9.237240e-01 5.876000e-03 7.040000e-02
73 9.227160e-01 5.908000e-03 7.137600e-02
74 9.216960e-01 5.856000e-03 7.244800e-02
75 9.206600e-01 5.848000e-03 7.349200e-02
76 9.195120e-01 5.920000e-03 7.456800e-02
77 9.183880e-01 6.060000e-03 7.555200e-02
78 9.173600e-01 5.928000e-03 7.671200e-02
79 9.163560e-01 5.924000e-03 7.772000e-02
80 9.153160e-01 5.896000e-03 7.878800e-02
81 9.141960e-01 6.004000e-03 7.980000e-02
82 9.130520e-01 6.156000e-03 8.079200e-02
83 9.119120e-01 6.200000e-03 8.188800e-02
84 9.107320e-01 6.364000e-03 8.290400e-02
85 9.095680e-01 6.444000e-03 8.398800e-02
86 9.084160e-01 6.480000e-03 8.510400e-02
87 9.073640e-01 6.368000e-03 8.626800e-02
88 9.063080e-01 6.244000e-03 8.744800e-02
89 9.051520e-01 6.284000e-03 8.856400e-02
90 9.040240e-01 6.420000e-03 8.955600e-02
91 9.029640e-01 6.348000e-03 9.068800e-02
92 9.018360e-01 6.392000e-03 9.177200e-02
93 9.006560e-01 6.388000e-03 9.295600e-02
94 8.994360e-01 6.480000e-03 9.408400e-02
95 8.982160e-01 6.568000e-03 9.521600e-02
96 8.971360e-01 6.572000e-03 9.629200e-02
97 8.960680e-01 6.484000e-03 9.744800e-02
98 8.948560e-01 6.556000e-03 9.858800e-02
99 8.936800e-01 6.512000e-03 9.980800e-02
100 8.924120e-01 6.620000e-03 1.009680e-01
101 8.911200e-01 6.676000e-03 1.022040e-01
102 8.899120e-01 6.544000e-03 1.035440e-01
103 8.888120e-01 6.508000e-03 1.046800e-01
104 8.877000e-01 6.532000e-03 1.057680e-01
105 8.864880e-01 6.660000e-03 1.068520e-01
106 8.852600e-01 6.740000e-03 1.080000e-01
107 8.842080e-01 6.752000e-03 1.090400e-01
108 8.831560e-01 6.552000e-03 1.102920e-01
109 8.820000e-01 6.640000e-03 1.113600e-01
110 8.809640e-01 6.552000e-03 1.124840e-01
111 8.798720e-01 6.620000e-03 1.135080e-01
112 8.787800e-01 6.660000e-03 1.145600e-01
113 8.777320e-01 6.476000e-03 1.157920e-01
114 8.765080e-01 6.564000e-03 1.169280e-01
115 8.753600e-01 6.592000e-03 1.180480e-01
116 8.741480e-01 6.660000e-03 1.191920e-01
117 8.730000e-01 6.624000e-03 1.203760e-01
118 8.718040e-01 6.644000e-03 1.215520e-01
119 8.706840e-01 6.576000e-03 1.227400e-01
120 8.694760e-01 6.540000e-03 1.239840e-01
121 8.683160e-01 6.604000e-03 1.250800e-01
122 8.671720e-01 6.544000e-03 1.262840e-01
123 8.659960e-01 6.480000e-03 1.275240e-01
124 8.648400e-01 6.468000e-03 1.286920e-01
125 8.635800e-01 6.576000e-03 1.298440e-01
126 8.624280e-01 6.540000e-03 1.310320e-01
127 8.612880e-01 6.388000e-03 1.323240e-01
128 8.601600e-01 6.360000e-03 1.334800e-01
129 8.590640e-01 6.256000e-03 1.346800e-01
130 8.580920e-01 6.288000e-03 1.356200e-01
131 8.570040e-01 6.276000e-03 1.367200e-01
132 8.559720e-01 6.352000e-03 1.376760e-01
133 8.550520e-01 6.192000e-03 1.387560e-01
134 8.540360e-01 6.196000e-03 1.397680e-01
135 8.530040e-01 6.216000e-03 1.407800e-01
136 8.519280e-01 6.232000e-03 1.418400e-01
137 8.509440e-01 6.052000e-03 1.430040e-01
138 8.498320e-01 6.184000e-03 1.439840e-01
139 8.488840e-01 6.052000e-03 1.450640e-01
140 8.479200e-01 6.052000e-03 1.460280e-01
141 8.468160e-01 6.176000e-03 1.470080e-01
142 8.458880e-01 6.008000e-03 1.481040e-01
143 8.448440e-01 6.096000e-03 1.490600e-01
144 8.438920e-01 6.016000e-03 1.500920e-01
145 8.429960e-01 5.804000e-03 1.512000e-01
146 8.419000e-01 5.844000e-03 1.522560e-01
147 8.408560e-01 5.776000e-03 1.533680e-01
148 8.398520e-01 5.696000e-03 1.544520e-01
149 8.388480e-01 5.724000e-03 1.554280e-01
150 8.379200e-01 5.596000e-03 1.564840e-01
151 8.370640e-01 5.508000e-03 1.574280e-01
152 8.360600e-01 5.516000e-03 1.584240e-01
153 8.352240e-01 5.476000e-03 1.593000e-01
154 8.342040e-01 5.608000e-03 1.601880e-01
155 8.333400e-01 5.580000e-03 1.610800e-01
156 8.324040e-01 5.616000e-03 1.619800e-01
157 8.314680e-01 5.564000e-03 1.629680e-01
158 8.305720e-01 5.348000e-03 1.640800e-01
159 8.296400e-01 5.304000e-03 1.650560e-01
160 8.287200e-01 5.296000e-03 1.659840e-01
161 8.277280e-01 5.248000e-03 1.670240e-01
162 8.269560e-01 5.024000e-03 1.680200e-01
163 8.261240e-01 4.956000e-03 1.689200e-01
164 8.251720e-01 4.992000e-03 1.698360e-01
165 8.242640e-01 5.004000e-03 1.707320e-01
166 8.232920e-01 5.052000e-03 1.716560e-01
167 8.225200e-01 4.972000e-03 1.725080e-01
168 8.215680e-01 4.968000e-03 1.734640e-01
169 8.207560e-01 4.924000e-03 1.743200e-01
170 8.198160e-01 5.028000e-03 1.751560e-01
171 8.190440e-01 4.940000e-03 1.760160e-01
172 8.182640e-01 4.852000e-03 1.768840e-01
173 8.174000e-01 4.812000e-03 1.777880e-01
174 8.165560e-01 4.876000e-03 1.785680e-01
175 8.157560e-01 4.792000e-03 1.794520e-01
176 8.149840e-01 4.804000e-03 1.802120e-01
177 8.141880e-01 4.772000e-03 1.810400e-01
178 8.133200e-01 4.848000e-03 1.818320e-01
179 8.125480e-01 4.800000e-03 1.826520e-01
180 8.117880e-01 4.648000e-03 1.835640e-01
181 8.109680e-01 4.788000e-03 1.842440e-01
182 8.102160e-01 4.700000e-03 1.850840e-01
183 8.095200e-01 4.576000e-03 1.859040e-01
184 8.088120e-01 4.456000e-03 1.867320e-01
185 8.080960e-01 4.400000e-03 1.875040e-01
186 8.074520e-01 4.328000e-03 1.882200e-01
187 8.068720e-01 4.228000e-03 1.889000e-01
188 8.061680e-01 4.172000e-03 1.896600e-01
189 8.054520e-01 4.092000e-03 1.904560e-01
190 8.047800e-01 4.004000e-03 1.912160e-01
191 8.040720e-01 4.056000e-03 1.918720e-01
192 8.033600e-01 4.168000e-03 1.924720e-01
193 8.026480e-01 4.092000e-03 1.932600e-01
194 8.018800e-01 4.120000e-03 1.940000e-01
195 8.011280e-01 4.120000e-03 1.947520e-01
196 8.004760e-01 4.016000e-03 1.955080e-01
197 7.996400e-01 4.104000e-03 1.962560e-01
198 7.989560e-01 4.072000e-03 1.969720e-01
199 7.981640e-01 4.108000e-03 1.977280e-01
200 7.974120e-01 4.180000e-03 1.984080e-01
201 7.967000e-01 4.128000e-03 1.991720e-01
202 7.959400e-01 4.208000e-03 1.998520e-01
203 7.951080e-01 4.304000e-03 2.005880e-01
204 7.942680e-01 4.440000e-03 2.012920e-01
205 7.934960e-01 4.452000e-03 2.020520e-01
206 7.928320e-01 4.408000e-03 2.027600e-01
207 7.919960e-01 4.500000e-03 2.035040e-01
208 7.912760e-01 4.352000e-03 2.043720e-01
209 7.906120e-01 4.256000e-03 2.051320e-01
210 7.899600e-01 4.164000e-03 2.058760e-01
211 7.893960e-01 3.936000e-03 2.066680e-01
212 7.886960e-01 3.952000e-03 2.073520e-01
213 7.879240e-01 4.068000e-03 2.080080e-01
214 7.872320e-01 4.112000e-03 2.086560e-01
215 7.865000e-01 4.048000e-03 2.094520e-01
216 7.859000e-01 3.940000e-03 2.101600e-01
217 7.852520e-01 3.944000e-03 2.108040e-01
218 7.845720e-01 3.876000e-03 2.115520e-01
219 7.839600e-01 3.836000e-03 2.122040e-01
220 7.833600e-01 3.812000e-03 2.128280e-01
221 7.826560e-01 3.828000e-03 2.135160e-01
222 7.819840e-01 3.884000e-03 2.141320e-01
223 7.813120e-01 3.940000e-03 2.147480e-01
224 7.806240e-01 3.940000e-03 2.154360e-01
225 7.800800e-01 3.840000e-03 2.160800e-01
226 7.794720e-01 3.844000e-03 2.166840e-01
227 7.788080e-01 3.868000e-03 2.173240e-01
228 7.781840e-01 3.836000e-03 2.179800e-01
229 7.775760e-01 3.784000e-03 2.186400e-01
230 7.769320e-01 3.704000e-03 2.193640e-01
231 7.763200e-01 3.552000e-03 2.201280e-01
232 7.757440e-01 3.472000e-03 2.207840e-01
233 7.752280e-01 3.448000e-03 2.213240e-01
234 7.747240e-01 3.352000e-03 2.219240e-01
235 7.740840e-01 3.408000e-03 2.225080e-01
236 7.734040e-01 3.508000e-03 2.230880e-01
237 7.726760e-01 3.544000e-03 2.237800e-01
238 7.720720e-01 3.488000e-03 2.244400e-01
239 7.714600e-01 3.512000e-03 2.250280e-01
240 7.709960e-01 3.364000e-03 2.256400e-01
241 7.704680e-01 3.308000e-03 2.262240e-01
242 7.698760e-01 3.288000e-03 2.268360e-01
243 7.692560e-01 3.368000e-03 2.273760e-01
244 7.687160e-01 3.272000e-03 2.280120e-01
245 7.681880e-01 3.216000e-03 2.285960e-01
246 7.676720e-01 3.168000e-03 2.291600e-01
247 7.671440e-01 3.108000e-03 2.297480e-01
248 7.666360e-01 3.036000e-03 2.303280e-01
249 7.660720e-01 3.032000e-03 2.308960e-01
250 7.655840e-01 3.096000e-03 2.313200e-01
251 7.650360e-01 3.080000e-03 2.318840e-01
252 7.645760e-01 3.024000e-03 2.324000e-01
253 7.641400e-01 2.920000e-03 2.329400e-01
254 7.636800e-01 2.864000e-03 2.334560e-01
255 7.632760e-01 2.836000e-03 2.338880e-01
256 7.628160e-01 2.840000e-03 2.343440e-01
257 7.623800e-01 2.692000e-03 2.349280e-01
258 7.619680e-01 2.696000e-03 2.353360e-01
259 7.615800e-01 2.628000e-03 2.357920e-01
260 7.610440e-01 2.712000e-03 2.362440e-01
261 7.605680e-01 2.716000e-03 2.367160e-01
262 7.601080e-01 2.704000e-03 2.371880e-01
263 7.597520e-01 2.572000e-03 2.376760e-01
264 7.593480e-01 2.520000e-03 2.381320e-01
265 7.589160e-01 2.488000e-03 2.385960e-01
266 7.585360e-01 2.464000e-03 2.390000e-01
267 7.581160e-01 2.432000e-03 2.394520e-01
268 7.576520e-01 2.404000e-03 2.399440e-01
269 7.572720e-01 2.324000e-03 2.404040e-01
270 7.568480e-01 2.364000e-03 2.407880e-01
271 7.565040e-01 2.324000e-03 2.411720e-01
272 7.561080e-01 2.380000e-03 2.415120e-01
273 7.557320e-01 2.336000e-03 2.419320e-01
274 7.554280e-01 2.256000e-03 2.423160e-01
275 7.551000e-01 2.152000e-03 2.427480e-01
276 7.547800e-01 2.108000e-03 2.431120e-01
277 7.544280e-01 2.088000e-03 2.434840e-01
278 7.540480e-01 2.072000e-03 2.438800e-01
279 7.536720e-01 2.048000e-03 2.442800e-01
280 7.533600e-01 1.988000e-03 2.446520e-01
281 7.530920e-01 1.912000e-03 2.449960e-01
282 7.528160e-01 1.836000e-03 2.453480e-01
283 7.525600e-01 1.824000e-03 2.456160e-01
284 7.522160e-01 1.864000e-03 2.459200e-01
285 7.518720e-01 1.892000e-03 2.462360e-01
286 7.515400e-01 1.876000e-03 2.465840e-01
287 7.512440e-01 1.836000e-03 2.469200e-01
288 7.508640e-01 1.852000e-03 2.472840e-01
289 7.504880e-01 1.908000e-03 2.476040e-01
290 7.502040e-01 1.884000e-03 2.479120e-01
291 7.499240e-01 1.868000e-03 2.482080e-01
292 7.496720e-01 1.760000e-03 2.485680e-01
293 7.494480e-01 1.680000e-03 2.488720e-01
294 7.491480e-01 1.688000e-03 2.491640e-01
295 7.488680e-01 1.684000e-03 2.494480e-01
296 7.486200e-01 1.612000e-03 2.497680e-01
297 7.483320e-01 1.664000e-03 2.500040e-01
298 7.481200e-01 1.640000e-03 2.502400e-01
299 7.479120e-01 1.600000e-03 2.504880e-01
300 7.477120e-01 1.536000e-03 2.507520e-01
301 7.475080e-01 1.492000e-03 2.510000e-01
302 7.473160e-01 1.408000e-03 2.512760e-01
303 7.471520e-01 1.352000e-03 2.514960e-01
304 7.469960e-01 1.324000e-03 2.516800e-01
305 7.468200e-01 1.280000e-03 2.519000e-01
306 7.466360e-01 1.264000e-03 2.521000e-01
307 7.464160e-01 1.264000e-03 2.523200e-01
308 7.462160e-01 1.272000e-03 2.525120e-01
309 7.460000e-01 1.236000e-03 2.527640e-01
310 7.458400e-01 1.164000e-03 2.529960e-01
311 7.456960e-01 1.140000e-03 2.531640e-01
312 7.455520e-01 1.032000e-03 2.534160e-01
313 7.453880e-01 1.036000e-03 2.535760e-01
314 7.451960e-01 1.028000e-03 2.537760e-01
315 7.449600e-01 1.116000e-03 2.539240e-01
316 7.447640e-01 1.096000e-03 2.541400e-01
317 7.445920e-01 1.068000e-03 2.543400e-01
318 7.443600e-01 1.104000e-03 2.545360e-01
319 7.441800e-01 1.096000e-03 2.547240e-01
320 7.439560e-01 1.112000e-03 2.549320e-01
321 7.437400e-01 1.120000e-03 2.551400e-01
322 7.436120e-01 1.072000e-03 2.553160e-01
323 7.434160e-01 1.120000e-03 2.554640e-01
324 7.432200e-01 1.120000e-03 2.556600e-01
325 7.430560e-01 1.056000e-03 2.558880e-01
326 7.429040e-01 1.040000e-03 2.560560e-01
327 7.427480e-01 1.032000e-03 2.562200e-01
328 7.425040e-01 1.076000e-03 2.564200e-01
329 7.423320e-01 1.060000e-03 2.566080e-01
330 7.421560e-01 1.064000e-03 2.567800e-01
331 7.419480e-01 1.012000e-03 2.570400e-01
332 7.417720e-01 1.012000e-03 2.572160e-01
333 7.415960e-01 9.760000e-04 2.574280e-01
334 7.414280e-01 9.640000e-04 2.576080e-01
335 7.412240e-01 9.840000e-04 2.577920e-01
336 7.410120e-01 1.032000e-03 2.579560e-01
337 7.407840e-01 1.056000e-03 2.581600e-01
338 7.406000e-01 1.008000e-03 2.583920e-01
339 7.403920e-01 1.012000e-03 2.585960e-01
340 7.402280e-01 1.040000e-03 2.587320e-01
341 7.400800e-01 9.680000e-04 2.589520e-01
342 7.399760e-01 9.240000e-04 2.591000e-01
343 7.398200e-01 9.080000e-04 2.592720e-01
344 7.397120e-01 8.720000e-04 2.594160e-01
345 7.396280e-01 8.200000e-04 2.595520e-01
346 7.395160e-01 7.600000e-04 2.597240e-01
347 7.394200e-01 7.400000e-04 2.598400e-01
348 7.393240e-01 6.880000e-04 2.599880e-01
349 7.392520e-01 6.240000e-04 2.601240e-01
350 7.391360e-01 6.440000e-04 2.602200e-01
351 7.390240e-01 6.320000e-04 2.603440e-01
352 7.388920e-01 6.720000e-04 2.604360e-01
353 7.387680e-01 6.680000e-04 2.605640e-01
354 7.386680e-01 6.680000e-04 2.606640e-01
355 7.385800e-01 6.200000e-04 2.608000e-01
356 7.385040e-01 5.880000e-04 2.609080e-01
357 7.383800e-01 6.200000e-04 2.610000e-01
358 7.383080e-01 5.760000e-04 2.611160e-01
359 7.381760e-01 6.200000e-04 2.612040e-01
360 7.380520e-01 6.400000e-04 2.613080e-01
361 7.379120e-01 6.920000e-04 2.613960e-01
362 7.377600e-01 7.120000e-04 2.615280e-01
363 7.376240e-01 7.480000e-04 2.616280e-01
364 7.375440e-01 7.160000e-04 2.617400e-01
365 7.374320e-01 6.760000e-04 2.618920e-01
366 7.373320e-01 6.720000e-04 2.619960e-01
367 7.371880e-01 7.360000e-04 2.620760e-01
368 7.370560e-01 7.520000e-04 2.621920e-01
369 7.369520e-01 7.320000e-04 2.623160e-01
370 7.367840e-01 7.880000e-04 2.624280e-01
371 7.366960e-01 7.200000e-04 2.625840e-01
372 7.365960e-01 7.160000e-04 2.626880e-01
373 7.364800e-01 7.120000e-04 2.628080e-01
374 7.363640e-01 7.600000e-04 2.628760e-01
375 7.362560e-01 7.240000e-04 2.630200e-01
376 7.361240e-01 7.200000e-04 2.631560e-01
377 7.359640e-01 7.080000e-04 2.633280e-01
378 7.358240e-01 6.920000e-04 2.634840e-01
379 7.357000e-01 6.920000e-04 2.636080e-01
380 7.355960e-01 6.600000e-04 2.637440e-01
381 7.355320e-01 5.880000e-04 2.638800e-01
382 7.354320e-01 5.680000e-04 2.640000e-01
383 7.353280e-01 5.400000e-04 2.641320e-01
384 7.352200e-01 5.800000e-04 2.642000e-01
385 7.350960e-01 5.880000e-04 2.643160e-01
386 7.349600e-01 6.000000e-04 2.644400e-01
387 7.348600e-01 5.920000e-04 2.645480e-01
388 7.347200e-01 6.360000e-04 2.646440e-01
389 7.346000e-01 6.440000e-04 2.647560e-01
390 7.345120e-01 6.440000e-04 2.648440e-01
391 7.344200e-01 6.000000e-04 2.649800e-01
392 7.343520e-01 5.960000e-04 2.650520e-01
393 7.342840e-01 5.560000e-04 2.651600e-01
394 7.341880e-01 5.560000e-04 2.652560e-01
395 7.340680e-01 5.920000e-04 2.653400e-01
396 7.339680e-01 5.720000e-04 2.654600e-01
397 7.338520e-01 6.200000e-04 2.655280e-01
398 7.337040e-01 6.600000e-04 2.656360e-01
399 7.335880e-01 6.440000e-04 2.657680e-01
400 7.334480e-01 6.920000e-04 2.658600e-01
401 7.332880e-01 7.440000e-04 2.659680e-01
402 7.331200e-01 8.000000e-04 2.660800e-01
403 7.329640e-01 8.240000e-04 2.662120e-01
404 7.328320e-01 8.040000e-04 2.663640e-01
405 7.327160e-01 7.640000e-04 2.665200e-01
406 7.325960e-01 7.880000e-04 2.666160e-01
407 7.324240e-01 8.120000e-04 2.667640e-01
408 7.322800e-01 8.240000e-04 2.668960e-01
409 7.320880e-01 8.880000e-04 2.670240e-01
410 7.319240e-01 8.960000e-04 2.671800e-01
411 7.317440e-01 9.360000e-04 2.673200e-01
412 7.315520e-01 9.520000e-04 2.674960e-01
413 7.314040e-01 9.360000e-04 2.676600e-01
414 7.312400e-01 9.400000e-04 2.678200e-01
415 7.310920e-01 9.120000e-04 2.679960e-01
416 7.309120e-01 9.720000e-04 2.681160e-01
417 7.307240e-01 9.680000e-04 2.683080e-01
418 7.305360e-01 9.640000e-04 2.685000e-01
419 7.304080e-01 9.400000e-04 2.686520e-01
420 7.302520e-01 9.360000e-04 2.688120e-01
421 7.301360e-01 9.000000e-04 2.689640e-01
422 7.300320e-01 8.200000e-04 2.691480e-01
423 7.299480e-01 7.400000e-04 2.693120e-01
424 7.298680e-01 7.120000e-04 2.694200e-01
425 7.298000e-01 6.560000e-04 2.695440e-01
426 7.297200e-01 6.400000e-04 2.696400e-01
427 7.296120e-01 6.760000e-04 2.697120e-01
428 7.295240e-01 6.040000e-04 2.698720e-01
429 7.294000e-01 6.120000e-04 2.699880e-01
430 7.292840e-01 6.040000e-04 2.701120e-01
431 7.291920e-01 5.400000e-04 2.702680e-01
432 7.291040e-01 5.360000e-04 2.703600e-01
433 7.290160e-01 5.280000e-04 2.704560e-01
434 7.289400e-01 4.880000e-04 2.705720e-01
435 7.288440e-01 4.840000e-04 2.706720e-01
436 7.287640e-01 4.920000e-04 2.707440e-01
437 7.287040e-01 4.360000e-04 2.708600e-01
438 7.286120e-01 4.480000e-04 2.709400e-01
439 7.285400e-01 4.320000e-04 2.710280e-01
440 7.284560e-01 4.480000e-04 2.710960e-01
441 7.283720e-01 4.400000e-04 2.711880e-01
442 7.282920e-01 4.520000e-04 2.712560e-01
443 7.282160e-01 4.280000e-04 2.713560e-01
444 7.281440e-01 4.240000e-04 2.714320e-01
445 7.280680e-01 4.440000e-04 2.714880e-01
446 7.279480e-01 4.640000e-04 2.715880e-01
447 7.278480e-01 4.800000e-04 2.716720e-01
448 7.277920e-01 4.480000e-04 2.717600e-01
449 7.277360e-01 4.160000e-04 2.718480e-01
450 7.276520e-01 4.360000e-04 2.719120e-01
451 7.275480e-01 4.640000e-04 2.719880e-01
452 7.274600e-01 4.760000e-04 2.720640e-01
453 7.273600e-01 5.080000e-04 2.721320e-01
454 7.272520e-01 5.080000e-04 2.722400e-01
455 7.271800e-01 5.040000e-04 2.723160e-01
456 7.271120e-01 4.800000e-04 2.724080e-01
457 7.270400e-01 4.640000e-04 2.724960e-01
458 7.269840e-01 4.480000e-04 2.725680e-01
459 7.269360e-01 4.360000e-04 2.726280e-01
460 7.269200e-01 3.680000e-04 2.727120e-01
461 7.268880e-01 3.360000e-04 2.727760e-01
462 7.268480e-01 3.080000e-04 2.728440e-01
463 7.268000e-01 2.920000e-04 2.729080e-01
464 7.267720e-01 2.600000e-04 2.729680e-01
465 7.267520e-01 2.240000e-04 2.730240e-01
466 7.266880e-01 2.680000e-04 2.730440e-01
467 7.266400e-01 2.840000e-04 2.730760e-01
468 7.265960e-01 2.920000e-04 2.731120e-01
469 7.265400e-01 2.840000e-04 2.731760e-01
470 7.265040e-01 2.520000e-04 2.732440e-01
471 7.264480e-01 2.640000e-04 2.732880e-01
472 7.264320e-01 2.560000e-04 2.733120e-01
473 7.264120e-01 2.440000e-04 2.733440e-01
474 7.263560e-01 2.520000e-04 2.733920e-01
475 7.263200e-01 2.520000e-04 2.734280e-01
476 7.263040e-01 2.160000e-04 2.734800e-01
477 7.262480e-01 2.440000e-04 2.735080e-01
478 7.262040e-01 2.440000e-04 2.735520e-01
479 7.261720e-01 2.440000e-04 2.735840e-01
480 7.261360e-01 2.360000e-04 2.736280e-01
481 7.261000e-01 2.160000e-04 2.736840e-01
482 7.260520e-01 1.960000e-04 2.737520e-01
483 7.260080e-01 2.200000e-04 2.737720e-01
484 7.259440e-01 2.480000e-04 2.738080e-01
485 7.258880e-01 2.360000e-04 2.738760e-01
486 7.258560e-01 2.200000e-04 2.739240e-01
487 7.258160e-01 2.400000e-04 2.739440e-01
488 7.257920e-01 2.240000e-04 2.739840e-01
489 7.257440e-01 2.480000e-04 2.740080e-01
490 7.257000e-01 2.240000e-04 2.740760e-01
491 7.256480e-01 2.280000e-04 2.741240e-01
492 7.255760e-01 2.440000e-04 2.741800e-01
493 7.255400e-01 2.360000e-04 2.742240e-01
494 7.255040e-01 2.200000e-04 2.742760e-01
495 7.254680e-01 2.080000e-04 2.743240e-01
496 7.254400e-01 2.000000e-04 2.743600e-01
497 7.254000e-01 2.040000e-04 2.743960e-01
498 7.253680e-01 2.160000e-04 2.744160e-01
499 7.253280e-01 2.120000e-04 2.744600e-01
500 7.252960e-01 2.040000e-04 2.745000e-01
