1 9.992280e-01 7.000000e-04 7.200000e-05
2 9.986480e-01 1.120000e-03 2.320000e-04
3 9.979960e-01 1.520000e-03 4.840000e-04
4 9.972720e-01 1.940000e-03 7.880000e-04
5 9.964720e-01 2.368000e-03 1.160000e-03
6 9.956200e-01 2.764000e-03 1.616000e-03
7 9.947920e-01 3.064000e-03 2.144000e-03
8 9.939520e-01 3.424000e-03 2.624000e-03
9 9.929520e-01 3.744000e-03 3.304000e-03
10 9.919320e-01 4.136000e-03 3.932000e-03
11 9.908880e-01 4.476000e-03 4.636000e-03
12 9.897000e-01 4.864000e-03 5.436000e-03
13 9.885800e-01 5.148000e-03 6.272000e-03
14 9.874880e-01 5.324000e-03 7.188000e-03
15 9.861480e-01 5.732000e-03 8.120000e-03
16 9.848360e-01 5.912000e-03 9.252000e-03
17 9.835080e-01 6.108000e-03 1.038400e-02
18 9.821080e-01 6.292000e-03 1.160000e-02
19 9.807760e-01 6.600000e-03 1.262400e-02
20 9.795040e-01 6.772000e-03 1.372400e-02
21 9.781720e-01 6.896000e-03 1.493200e-02
22 9.765360e-01 7.260000e-03 1.620400e-02
23 9.750280e-01 7.368000e-03 1.760400e-02
24 9.735720e-01 7.444000e-03 1.898400e-02
25 9.720800e-01 7.648000e-03 2.027200e-02
26 9.706200e-01 7.752000e-03 2.162800e-02
27 9.691280e-01 7.820000e-03 2.305200e-02
28 9.674680e-01 7.972000e-03 2.456000e-02
29 9.660640e-01 7.988000e-03 2.594800e-02
30 9.645920e-01 8.004000e-03 2.740400e-02
31 9.632440e-01 7.984000e-03 2.877200e-02
32 9.618800e-01 8.032000e-03 3.008800e-02
33 9.605200e-01 7.904000e-03 3.157600e-02
34 9.590120e-01 8.000000e-03 3.298800e-02
35 9.574560e-01 8.180000e-03 3.436400e-02
36 9.559520e-01 8.336000e-03 3.571200e-02
37 9.544920e-01 8.300000e-03 3.720800e-02
38 9.528320e-01 8.480000e-03 3.868800e-02
39 9.513240e-01 8.392000e-03 4.028400e-02
40 9.499120e-01 8.344000e-03 4.174400e-02
41 9.484560e-01 8.396000e-03 4.314800e-02
42 9.470040e-01 8.432000e-03 4.456400e-02
43 9.455320e-01 8.468000e-03 4.600000e-02
44 9.441360e-01 8.472000e-03 4.739200e-02
45 9.427240e-01 8.364000e-03 4.891200e-02
46 9.413120e-01 8.276000e-03 5.041200e-02
47 9.397520e-01 8.472000e-03 5.177600e-02
48 9.384280e-01 8.340000e-03 5.323200e-02
49 9.370760e-01 8.344000e-03 5.458000e-02
50 9.357160e-01 8.208000e-03 5.607600e-02
51 9.341000e-01 8.416000e-03 5.748400e-02
52 9.324640e-01 8.512000e-03 5.902400e-02
53 9.309320e-01 8.520000e-03 6.054800e-02
54 9.294320e-01 8.444000e-03 6.212400e-02
55 9.277960e-01 8.552000e-03 6.365200e-02
56 9.260720e-01 8.832000e-03 6.509600e-02
57 9.243680e-01 8.872000e-03 6.676000e-02
58 9.225400e-01 9.084000e-03 6.837600e-02
59 9.207960e-01 9.224000e-03 6.998000e-02
60 9.189240e-01 9.520000e-03 7.155600e-02
61 9.169240e-01 9.896000e-03 7.318000e-02
62 9.151600e-01 9.776000e-03 7.506400e-02
63 9.132640e-01 9.904000e-03 7.683200e-02
64 9.114360e-01 1.000400e-02 7.856000e-02
65 9.093480e-01 1.034000e-02 8.031200e-02
66 9.076120e-01 1.010400e-02 8.228400e-02
67 9.057800e-01 1.019600e-02 8.402400e-02
68 9.039640e-01 1.025200e-02 8.578400e-02
69 9.023480e-01 1.022800e-02 8.742400e-02
70 9.005800e-01 1.023600e-02 8.918400e-02
71 8.988880e-01 1.018400e-02 9.092800e-02
72 8.969640e-01 1.034800e-02 9.268800e-02
73 8.951720e-01 1.026400e-02 9.456400e-02
74 8.935520e-01 1.006000e-02 9.638800e-02
75 8.918960e-01 9.956000e-03 9.814800e-02
76 8.902880e-01 9.884000e-03 9.982800e-02
77 8.887440e-01 9.760000e-03 1.014960e-01
78 8.870080e-01 9.736000e-03 1.032560e-01
79 8.853640e-01 9.596000e-03 1.050400e-01
80 8.835840e-01 9.640000e-03 1.067760e-01
81 8.819520e-01 9.608000e-03 1.084400e-01
82 8.803000e-01 9.492000e-03 1.102080e-01
83 8.787880e-01 9.376000e-03 1.118360e-01
84 8.773400e-01 9.120000e-03 1.135400e-01
85 8.755800e-01 9.328000e-03 1.150920e-01
86 8.740240e-01 9.180000e-03 1.167960e-01
87 8.723720e-01 9.192000e-03 1.184360e-01
88 8.706960e-01 9.188000e-03 1.201160e-01
89 8.691600e-01 8.968000e-03 1.218720e-01
90 8.676640e-01 8.884000e-03 1.234520e-01
91 8.662120e-01 8.776000e-03 1.250120e-01
92 8.647680e-01 8.584000e-03 1.266480e-01
93 8.633160e-01 8.448000e-03 1.282360e-01
94 8.618640e-01 8.368000e-03 1.297680e-01
95 8.604640e-01 8.328000e-03 1.312080e-01
96 8.590280e-01 8.268000e-03 1.327040e-01
97 8.575440e-01 8.448000e-03 1.340080e-01
98 8.561480e-01 8.304000e-03 1.355480e-01
99 8.546760e-01 8.312000e-03 1.370120e-01
100 8.532160e-01 8.264000e-03 1.385200e-01
101 8.517880e-01 8.248000e-03 1.399640e-01
102 8.504880e-01 8.132000e-03 1.413800e-01
103 8.493600e-01 7.860000e-03 1.427800e-01
104 8.481040e-01 7.708000e-03 1.441880e-01
105 8.468280e-01 7.516000e-03 1.456560e-01
106 8.455720e-01 7.504000e-03 1.469240e-01
107 8.442880e-01 7.452000e-03 1.482600e-01
108 8.429760e-01 7.444000e-03 1.495800e-01
109 8.418400e-01 7.204000e-03 1.509560e-01
110 8.406640e-01 7.072000e-03 1.522640e-01
111 8.394520e-01 7.048000e-03 1.535000e-01
112 8.382640e-01 7.040000e-03 1.546960e-01
113 8.369280e-01 7.220000e-03 1.558520e-01
114 8.356200e-01 7.156000e-03 1.572240e-01
115 8.343360e-01 7.240000e-03 1.584240e-01
116 8.330600e-01 7.252000e-03 1.596880e-01
117 8.318200e-01 7.208000e-03 1.609720e-01
118 8.305240e-01 7.232000e-03 1.622440e-01
119 8.293280e-01 7.228000e-03 1.634440e-01
120 8.281280e-01 7.124000e-03 1.647480e-01
121 8.269280e-01 7.092000e-03 1.659800e-01
122 8.256720e-01 7.052000e-03 1.672760e-01
123 8.245360e-01 6.904000e-03 1.685600e-01
124 8.233040e-01 7.032000e-03 1.696640e-01
125 8.220560e-01 6.976000e-03 1.709680e-01
126 8.209000e-01 6.900000e-03 1.722000e-01
127 8.195920e-01 6.860000e-03 1.735480e-01
128 8.184280e-01 6.772000e-03 1.748000e-01
129 8.171880e-01 6.732000e-03 1.760800e-01
130 8.160440e-01 6.576000e-03 1.773800e-01
131 8.149640e-01 6.468000e-03 1.785680e-01
132 8.139480e-01 6.400000e-03 1.796520e-01
133 8.129720e-01 6.120000e-03 1.809080e-01
134 8.117840e-01 6.244000e-03 1.819720e-01
135 8.106960e-01 6.144000e-03 1.831600e-01
136 8.097360e-01 5.980000e-03 1.842840e-01
137 8.087160e-01 5.984000e-03 1.853000e-01
138 8.075880e-01 6.000000e-03 1.864120e-01
139 8.064240e-01 6.132000e-03 1.874440e-01
140 8.052640e-01 6.216000e-03 1.885200e-01
141 8.041840e-01 6.252000e-03 1.895640e-01
142 8.030760e-01 6.240000e-03 1.906840e-01
143 8.020000e-01 6.172000e-03 1.918280e-01
144 8.009280e-01 6.136000e-03 1.929360e-01
145 7.998160e-01 6.156000e-03 1.940280e-01
146 7.989440e-01 5.864000e-03 1.951920e-01
147 7.978480e-01 5.900000e-03 1.962520e-01
148 7.968720e-01 5.828000e-03 1.973000e-01
149 7.959080e-01 5.832000e-03 1.982600e-01
150 7.950320e-01 5.708000e-03 1.992600e-01
151 7.940680e-01 5.576000e-03 2.003560e-01
152 7.931760e-01 5.576000e-03 2.012480e-01
153 7.922720e-01 5.440000e-03 2.022880e-01
154 7.914640e-01 5.384000e-03 2.031520e-01
155 7.905880e-01 5.348000e-03 2.040640e-01
156 7.896080e-01 5.408000e-03 2.049840e-01
157 7.887800e-01 5.316000e-03 2.059040e-01
158 7.879040e-01 5.224000e-03 2.068720e-01
159 7.871320e-01 5.028000e-03 2.078400e-01
160 7.862920e-01 4.964000e-03 2.087440e-01
161 7.855200e-01 4.876000e-03 2.096040e-01
162 7.847200e-01 4.900000e-03 2.103800e-01
163 7.839520e-01 4.832000e-03 2.112160e-01
164 7.831360e-01 4.844000e-03 2.120200e-01
165 7.824040e-01 4.752000e-03 2.128440e-01
166 7.816160e-01 4.668000e-03 2.137160e-01
167 7.807720e-01 4.724000e-03 2.145040e-01
168 7.798080e-01 4.936000e-03 2.152560e-01
169 7.788840e-01 5.028000e-03 2.160880e-01
170 7.779720e-01 5.192000e-03 2.168360e-01
171 7.770520e-01 5.248000e-03 2.177000e-01
172 7.761680e-01 5.232000e-03 2.186000e-01
173 7.754040e-01 5.108000e-03 2.194880e-01
174 7.745600e-01 5.024000e-03 2.204160e-01
175 7.738000e-01 4.888000e-03 2.213120e-01
176 7.730760e-01 4.848000e-03 2.220760e-01
177 7.723320e-01 4.756000e-03 2.229120e-01
178 7.716080e-01 4.604000e-03 2.237880e-01
179 7.708920e-01 4.596000e-03 2.245120e-01
180 7.702360e-01 4.428000e-03 2.253360e-01
181 7.695120e-01 4.380000e-03 2.261080e-01
182 7.686840e-01 4.448000e-03 2.268680e-01
183 7.679280e-01 4.416000e-03 2.276560e-01
184 7.672400e-01 4.228000e-03 2.285320e-01
185 7.664800e-01 4.308000e-03 2.292120e-01
186 7.657520e-01 4.316000e-03 2.299320e-01
187 7.649760e-01 4.260000e-03 2.307640e-01
188 7.642920e-01 4.192000e-03 2.315160e-01
189 7.635960e-01 4.128000e-03 2.322760e-01
190 7.629040e-01 4.048000e-03 2.330480e-01
191 7.622920e-01 3.920000e-03 2.337880e-01
192 7.616360e-01 3.888000e-03 2.344760e-01
193 7.609240e-01 3.928000e-03 2.351480e-01
194 7.603200e-01 3.856000e-03 2.358240e-01
195 7.596640e-01 3.804000e-03 2.365320e-01
196 7.590400e-01 3.680000e-03 2.372800e-01
197 7.584240e-01 3.652000e-03 2.379240e-01
198 7.578040e-01 3.616000e-03 2.385800e-01
199 7.571560e-01 3.596000e-03 2.392480e-01
200 7.564960e-01 3.620000e-03 2.398840e-01
201 7.558440e-01 3.656000e-03 2.405000e-01
202 7.551800e-01 3.748000e-03 2.410720e-01
203 7.545840e-01 3.716000e-03 2.417000e-01
204 7.539760e-01 3.776000e-03 2.422480e-01
205 7.534200e-01 3.740000e-03 2.428400e-01
206 7.528120e-01 3.704000e-03 2.434840e-01
207 7.522000e-01 3.640000e-03 2.441600e-01
208 7.515240e-01 3.700000e-03 2.447760e-01
209 7.510080e-01 3.624000e-03 2.453680e-01
210 7.504080e-01 3.584000e-03 2.460080e-01
211 7.498480e-01 3.516000e-03 2.466360e-01
212 7.493080e-01 3.460000e-03 2.472320e-01
213 7.487520e-01 3.444000e-03 2.478040e-01
214 7.482040e-01 3.404000e-03 2.483920e-01
215 7.476280e-01 3.360000e-03 2.490120e-01
216 7.470720e-01 3.340000e-03 2.495880e-01
217 7.465040e-01 3.300000e-03 2.501960e-01
218 7.459960e-01 3.224000e-03 2.507800e-01
219 7.455400e-01 3.180000e-03 2.512800e-01
220 7.450640e-01 3.088000e-03 2.518480e-01
221 7.445240e-01 3.012000e-03 2.524640e-01
222 7.439600e-01 2.992000e-03 2.530480e-01
223 7.433920e-01 3.084000e-03 2.535240e-01
224 7.428440e-01 3.080000e-03 2.540760e-01
225 7.422960e-01 3.052000e-03 2.546520e-01
226 7.418080e-01 2.996000e-03 2.551960e-01
227 7.414040e-01 2.884000e-03 2.557120e-01
228 7.410120e-01 2.748000e-03 2.562400e-01
229 7.406080e-01 2.716000e-03 2.566760e-01
230 7.401040e-01 2.712000e-03 2.571840e-01
231 7.396240e-01 2.668000e-03 2.577080e-01
232 7.391480e-01 2.652000e-03 2.582000e-01
233 7.386840e-01 2.636000e-03 2.586800e-01
234 7.381360e-01 2.792000e-03 2.590720e-01
235 7.376480e-01 2.800000e-03 2.595520e-01
236 7.371040e-01 2.840000e-03 2.600560e-01
237 7.366120e-01 2.852000e-03 2.605360e-01
238 7.361200e-01 2.908000e-03 2.609720e-01
239 7.356200e-01 2.888000e-03 2.614920e-01
240 7.352000e-01 2.860000e-03 2.619400e-01
241 7.348360e-01 2.736000e-03 2.624280e-01
242 7.343200e-01 2.832000e-03 2.628480e-01
243 7.337880e-01 2.832000e-03 2.633800e-01
244 7.332960e-01 2.836000e-03 2.638680e-01
245 7.327120e-01 2.912000e-03 2.643760e-01
246 7.321400e-01 2.944000e-03 2.649160e-01
247 7.316680e-01 2.880000e-03 2.654520e-01
248 7.311520e-01 2.860000e-03 2.659880e-01
249 7.307000e-01 2.832000e-03 2.664680e-01
250 7.302920e-01 2.756000e-03 2.669520e-01
251 7.298720e-01 2.628000e-03 2.675000e-01
252 7.294680e-01 2.556000e-03 2.679760e-01
253 7.289760e-01 2.640000e-03 2.683840e-01
254 7.285400e-01 2.576000e-03 2.688840e-01
255 7.281520e-01 2.524000e-03 2.693240e-01
256 7.277440e-01 2.440000e-03 2.698160e-01
257 7.274080e-01 2.376000e-03 2.702160e-01
258 7.269280e-01 2.452000e-03 2.706200e-01
259 7.265200e-01 2.488000e-03 2.709920e-01
260 7.261000e-01 2.512000e-03 2.713880e-01
261 7.257320e-01 2.412000e-03 2.718560e-01
262 7.253440e-01 2.388000e-03 2.722680e-01
263 7.250120e-01 2.224000e-03 2.727640e-01
264 7.246040e-01 2.236000e-03 2.731600e-01
265 7.242760e-01 2.196000e-03 2.735280e-01
266 7.239120e-01 2.152000e-03 2.739360e-01
267 7.235320e-01 2.176000e-03 2.742920e-01
268 7.233080e-01 2.064000e-03 2.746280e-01
269 7.230440e-01 1.956000e-03 2.750000e-01
270 7.227760e-01 1.920000e-03 2.753040e-01
271 7.224720e-01 1.860000e-03 2.756680e-01
272 7.221280e-01 1.956000e-03 2.759160e-01
273 7.218440e-01 1.876000e-03 2.762800e-01
274 7.216200e-01 1.772000e-03 2.766080e-01
275 7.213800e-01 1.712000e-03 2.769080e-01
276 7.211680e-01 1.636000e-03 2.771960e-01
277 7.208640e-01 1.696000e-03 2.774400e-01
278 7.206480e-01 1.568000e-03 2.777840e-01
279 7.204160e-01 1.552000e-03 2.780320e-01
280 7.201680e-01 1.512000e-03 2.783200e-01
281 7.199200e-01 1.532000e-03 2.785480e-01
282 7.197000e-01 1.492000e-03 2.788080e-01
283 7.194920e-01 1.448000e-03 2.790600e-01
284 7.192720e-01 1.384000e-03 2.793440e-01
285 7.190440e-01 1.396000e-03 2.795600e-01
286 7.188000e-01 1.344000e-03 2.798560e-01
287 7.185280e-01 1.416000e-03 2.800560e-01
288 7.182640e-01 1.448000e-03 2.802880e-01
289 7.180080e-01 1.504000e-03 2.804880e-01
290 7.178520e-01 1.324000e-03 2.808240e-01
291 7.175960e-01 1.316000e-03 2.810880e-01
292 7.174240e-01 1.248000e-03 2.813280e-01
293 7.172680e-01 1.208000e-03 2.815240e-01
294 7.170600e-01 1.220000e-03 2.817200e-01
295 7.168560e-01 1.228000e-03 2.819160e-01
296 7.166480e-01 1.220000e-03 2.821320e-01
297 7.163240e-01 1.328000e-03 2.823480e-01
298 7.161120e-01 1.280000e-03 2.826080e-01
299 7.159000e-01 1.240000e-03 2.828600e-01
300 7.157120e-01 1.196000e-03 2.830920e-01
301 7.154920e-01 1.204000e-03 2.833040e-01
302 7.153280e-01 1.140000e-03 2.835320e-01
303 7.151760e-01 1.048000e-03 2.837760e-01
304 7.150320e-01 1.004000e-03 2.839640e-01
305 7.149520e-01 9.400000e-04 2.841080e-01
306 7.148000e-01 9.440000e-04 2.842560e-01
307 7.146880e-01 8.880000e-04 2.844240e-01
308 7.145000e-01 9.440000e-04 2.845560e-01
309 7.144160e-01 8.760000e-04 2.847080e-01
310 7.142720e-01 9.080000e-04 2.848200e-01
311 7.141160e-01 9.080000e-04 2.849760e-01
312 7.139800e-01 8.440000e-04 2.851760e-01
313 7.138360e-01 7.920000e-04 2.853720e-01
314 7.137200e-01 7.960000e-04 2.854840e-01
315 7.135440e-01 8.080000e-04 2.856480e-01
316 7.134080e-01 7.880000e-04 2.858040e-01
317 7.132440e-01 8.480000e-04 2.859080e-01
318 7.130640e-01 8.880000e-04 2.860480e-01
319 7.128960e-01 9.080000e-04 2.861960e-01
320 7.126840e-01 9.280000e-04 2.863880e-01
321 7.124600e-01 9.840000e-04 2.865560e-01
322 7.122440e-01 1.040000e-03 2.867160e-01
323 7.119960e-01 1.056000e-03 2.869480e-01
324 7.117760e-01 1.100000e-03 2.871240e-01
325 7.114920e-01 1.192000e-03 2.873160e-01
326 7.112640e-01 1.232000e-03 2.875040e-01
327 7.109760e-01 1.308000e-03 2.877160e-01
328 7.106880e-01 1.376000e-03 2.879360e-01
329 7.104080e-01 1.364000e-03 2.882280e-01
330 7.101760e-01 1.340000e-03 2.884840e-01
331 7.099840e-01 1.288000e-03 2.887280e-01
332 7.098560e-01 1.204000e-03 2.889400e-01
333 7.096480e-01 1.196000e-03 2.891560e-01
334 7.094200e-01 1.228000e-03 2.893520e-01
335 7.091920e-01 1.288000e-03 2.895200e-01
336 7.089680e-01 1.288000e-03 2.897440e-01
337 7.087040e-01 1.360000e-03 2.899360e-01
338 7.085160e-01 1.324000e-03 2.901600e-01
339 7.083080e-01 1.252000e-03 2.904400e-01
340 7.080760e-01 1.260000e-03 2.906640e-01
341 7.078800e-01 1.248000e-03 2.908720e-01
342 7.076640e-01 1.256000e-03 2.910800e-01
343 7.074600e-01 1.200000e-03 2.913400e-01
344 7.072160e-01 1.244000e-03 2.915400e-01
345 7.070520e-01 1.148000e-03 2.918000e-01
346 7.068840e-01 1.064000e-03 2.920520e-01
347 7.067440e-01 9.920000e-04 2.922640e-01
348 7.065640e-01 1.012000e-03 2.924240e-01
349 7.063280e-01 1.076000e-03 2.925960e-01
350 7.061120e-01 1.080000e-03 2.928080e-01
351 7.058560e-01 1.148000e-03 2.929960e-01
352 7.055880e-01 1.224000e-03 2.931880e-01
353 7.053200e-01 1.272000e-03 2.934080e-01
354 7.050440e-01 1.336000e-03 2.936200e-01
355 7.048560e-01 1.300000e-03 2.938440e-01
356 7.046360e-01 1.304000e-03 2.940600e-01
357 7.044080e-01 1.292000e-03 2.943000e-01
358 7.042400e-01 1.232000e-03 2.945280e-01
359 7.040800e-01 1.180000e-03 2.947400e-01
360 7.038640e-01 1.204000e-03 2.949320e-01
361 7.036680e-01 1.264000e-03 2.950680e-01
362 7.034640e-01 1.264000e-03 2.952720e-01
363 7.032600e-01 1.256000e-03 2.954840e-01
364 7.030920e-01 1.248000e-03 2.956600e-01
365 7.028720e-01 1.224000e-03 2.959040e-01
366 7.026840e-01 1.200000e-03 2.961160e-01
367 7.024880e-01 1.204000e-03 2.963080e-01
368 7.023080e-01 1.180000e-03 2.965120e-01
369 7.021040e-01 1.184000e-03 2.967120e-01
370 7.019040e-01 1.176000e-03 2.969200e-01
371 7.017440e-01 1.152000e-03 2.971040e-01
372 7.015400e-01 1.152000e-03 2.973080e-01
373 7.013680e-01 1.112000e-03 2.975200e-01
374 7.011880e-01 1.100000e-03 2.977120e-01
375 7.010000e-01 1.084000e-03 2.979160e-01
376 7.007920e-01 1.080000e-03 2.981280e-01
377 7.006160e-01 1.108000e-03 2.982760e-01
378 7.003800e-01 1.156000e-03 2.984640e-01
379 7.001680e-01 1.172000e-03 2.986600e-01
380 6.999440e-01 1.184000e-03 2.988720e-01
381 6.996840e-01 1.228000e-03 2.990880e-01
382 6.995120e-01 1.188000e-03 2.993000e-01
383 6.993600e-01 1.164000e-03 2.994760e-01
384 6.991800e-01 1.164000e-03 2.996560e-01
385 6.989640e-01 1.136000e-03 2.999000e-01
386 6.988440e-01 1.060000e-03 3.000960e-01
387 6.986600e-01 1.040000e-03 3.003000e-01
388 6.985240e-01 9.960000e-04 3.004800e-01
389 6.984080e-01 9.400000e-04 3.006520e-01
390 6.982720e-01 9.240000e-04 3.008040e-01
391 6.980920e-01 9.720000e-04 3.009360e-01
392 6.979160e-01 9.880000e-04 3.010960e-01
393 6.978200e-01 9.600000e-04 3.012200e-01
394 6.976760e-01 8.920000e-04 3.014320e-01
395 6.975320e-01 8.960000e-04 3.015720e-01
396 6.974040e-01 8.480000e-04 3.017480e-01
397 6.972600e-01 8.560000e-04 3.018840e-01
398 6.971800e-01 7.800000e-04 3.020400e-01
399 6.970760e-01 7.360000e-04 3.021880e-01
400 6.969640e-01 7.280000e-04 3.023080e-01
401 6.968760e-01 7.080000e-04 3.024160e-01
402 6.967520e-01 6.920000e-04 3.025560e-01
403 6.966360e-01 6.880000e-04 3.026760e-01
404 6.965200e-01 7.120000e-04 3.027680e-01
405 6.963640e-01 7.360000e-04 3.029000e-01
406 6.962280e-01 7.320000e-04 3.030400e-01
407 6.961320e-01 7.160000e-04 3.031520e-01
408 6.960480e-01 6.840000e-04 3.032680e-01
409 6.959800e-01 6.400000e-04 3.033800e-01
410 6.958880e-01 5.800000e-04 3.035320e-01
411 6.958600e-01 5.280000e-04 3.036120e-01
412 6.957720e-01 5.320000e-04 3.036960e-01
413 6.957040e-01 5.240000e-04 3.037720e-01
414 6.956640e-01 4.680000e-04 3.038680e-01
415 6.955920e-01 4.520000e-04 3.039560e-01
416 6.955160e-01 4.560000e-04 3.040280e-01
417 6.954640e-01 4.360000e-04 3.041000e-01
418 6.954120e-01 4.080000e-04 3.041800e-01
419 6.953680e-01 3.600000e-04 3.042720e-01
420 6.953320e-01 3.440000e-04 3.043240e-01
421 6.952680e-01 3.400000e-04 3.043920e-01
422 6.952200e-01 3.080000e-04 3.044720e-01
423 6.951920e-01 2.800000e-04 3.045280e-01
424 6.951400e-01 2.760000e-04 3.045840e-01
425 6.950440e-01 3.240000e-04 3.046320e-01
426 6.949880e-01 2.960000e-04 3.047160e-01
427 6.949480e-01 2.840000e-04 3.047680e-01
428 6.948960e-01 3.080000e-04 3.047960e-01
429 6.948440e-01 2.960000e-04 3.048600e-01
430 6.947600e-01 3.400000e-04 3.049000e-01
431 6.947320e-01 3.240000e-04 3.049440e-01
432 6.946320e-01 3.680000e-04 3.050000e-01
433 6.945440e-01 3.600000e-04 3.050960e-01
434 6.944840e-01 3.440000e-04 3.051720e-01
435 6.944000e-01 3.840000e-04 3.052160e-01
436 6.942920e-01 4.200000e-04 3.052880e-01
437 6.942480e-01 3.840000e-04 3.053680e-01
438 6.941880e-01 3.760000e-04 3.054360e-01
439 6.941440e-01 3.560000e-04 3.055000e-01
440 6.941040e-01 3.160000e-04 3.055800e-01
441 6.940560e-01 3.280000e-04 3.056160e-01
442 6.939880e-01 3.560000e-04 3.056560e-01
443 6.939440e-01 3.160000e-04 3.057400e-01
444 6.938800e-01 3.120000e-04 3.058080e-01
445 6.938120e-01 3.240000e-04 3.058640e-01
446 6.937400e-01 3.240000e-04 3.059360e-01
447 6.936640e-01 3.480000e-04 3.059880e-01
448 6.935920e-01 3.880000e-04 3.060200e-01
449 6.935160e-01 3.760000e-04 3.061080e-01
450 6.934000e-01 4.040000e-04 3.061960e-01
451 6.933120e-01 4.120000e-04 3.062760e-01
452 6.932360e-01 3.920000e-04 3.063720e-01
453 6.931640e-01 3.840000e-04 3.064520e-01
454 6.930640e-01 4.280000e-04 3.065080e-01
455 6.929960e-01 4.400000e-04 3.065640e-01
456 6.929680e-01 4.080000e-04 3.066240e-01
457 6.929040e-01 4.040000e-04 3.066920e-01
458 6.928400e-01 3.840000e-04 3.067760e-01
459 6.927640e-01 3.920000e-04 3.068440e-01
460 6.926720e-01 4.240000e-04 3.069040e-01
461 6.926000e-01 4.400000e-04 3.069600e-01
462 6.925000e-01 4.520000e-04 3.070480e-01
463 6.924280e-01 4.480000e-04 3.071240e-01
464 6.923760e-01 4.560000e-04 3.071680e-01
465 6.923160e-01 4.200000e-04 3.072640e-01
466 6.922280e-01 4.200000e-04 3.073520e-01
467 6.922000e-01 3.560000e-04 3.074440e-01
468 6.921480e-01 3.560000e-04 3.074960e-01
469 6.921080e-01 3.320000e-04 3.075600e-01
470 6.920560e-01 3.200000e-04 3.076240e-01
471 6.919880e-01 3.280000e-04 3.076840e-01
472 6.919680e-01 3.120000e-04 3.077200e-01
473 6.919480e-01 2.760000e-04 3.077760e-01
474 6.918720e-01 2.640000e-04 3.078640e-01
475 6.918160e-01 2.680000e-04 3.079160e-01
476 6.917760e-01 2.560000e-04 3.079680e-01
477 6.917400e-01 2.640000e-04 3.079960e-01
478 6.917080e-01 2.680000e-04 3.080240e-01
479 6.916600e-01 2.640000e-04 3.080760e-01
480 6.915680e-01 3.200000e-04 3.081120e-01
481 6.915120e-01 2.840000e-04 3.082040e-01
482 6.914680e-01 2.680000e-04 3.082640e-01
483 6.914080e-01 2.840000e-04 3.083080e-01
484 6.913800e-01 2.640000e-04 3.083560e-01
485 6.913400e-01 2.680000e-04 3.083920e-01
486 6.912920e-01 2.800000e-04 3.084280e-01
487 6.912280e-01 2.760000e-04 3.084960e-01
488 6.911960e-01 2.400000e-04 3.085640e-01
489 6.911360e-01 2.600000e-04 3.086040e-01
490 6.910800e-01 2.600000e-04 3.086600e-01
491 6.910280e-01 2.720000e-04 3.087000e-01
492 6.909920e-01 2.680000e-04 3.087400e-01
493 6.909200e-01 3.000000e-04 3.087800e-01
494 6.908640e-01 2.880000e-04 3.088480e-01
495 6.908000e-01 3.040000e-04 3.088960e-01
496 6.907440e-01 3.120000e-04 3.089440e-01
497 6.906680e-01 3.200000e-04 3.090120e-01
498 6.905800e-01 3.280000e-04 3.090920e-01
499 6.905200e-01 3.280000e-04 3.091520e-01
500 6.904360e-01 3.520000e-04 3.092120e-01
