1 9.991800e-01 7.240000e-04 9.600000e-05
2 9.986960e-01 1.056000e-03 2.480000e-04
3 9.979560e-01 1.536000e-03 5.080000e-04
4 9.973200e-01 1.868000e-03 8.120000e-04
5 9.964800e-01 2.360000e-03 1.160000e-03
6 9.956720e-01 2.780000e-03 1.548000e-03
7 9.947360e-01 3.220000e-03 2.044000e-03
8 9.938560e-01 3.396000e-03 2.748000e-03
9 9.928760e-01 3.760000e-03 3.364000e-03
10 9.920120e-01 3.908000e-03 4.080000e-03
11 9.910560e-01 4.152000e-03 4.792000e-03
12 9.901840e-01 4.264000e-03 5.552000e-03
13 9.892920e-01 4.412000e-03 6.296000e-03
14 9.882960e-01 4.656000e-03 7.048000e-03
15 9.873160e-01 4.840000e-03 7.844000e-03
16 9.863360e-01 4.988000e-03 8.676000e-03
17 9.851960e-01 5.244000e-03 9.560000e-03
18 9.839080e-01 5.532000e-03 1.056000e-02
19 9.826880e-01 5.784000e-03 1.152800e-02
20 9.816160e-01 5.896000e-03 1.248800e-02
21 9.803960e-01 6.000000e-03 1.360400e-02
22 9.789800e-01 6.432000e-03 1.458800e-02
23 9.776920e-01 6.556000e-03 1.575200e-02
24 9.762880e-01 6.880000e-03 1.683200e-02
25 9.750920e-01 6.856000e-03 1.805200e-02
26 9.738400e-01 6.888000e-03 1.927200e-02
27 9.724640e-01 7.040000e-03 2.049600e-02
28 9.711640e-01 7.040000e-03 2.179600e-02
29 9.698440e-01 7.076000e-03 2.308000e-02
30 9.685680e-01 7.084000e-03 2.434800e-02
31 9.671120e-01 7.444000e-03 2.544400e-02
32 9.656120e-01 7.720000e-03 2.666800e-02
33 9.642320e-01 7.700000e-03 2.806800e-02
34 9.627920e-01 7.812000e-03 2.939600e-02
35 9.612320e-01 7.924000e-03 3.084400e-02
36 9.596640e-01 8.140000e-03 3.219600e-02
37 9.580760e-01 8.292000e-03 3.363200e-02
38 9.564800e-01 8.396000e-03 3.512400e-02
39 9.549440e-01 8.456000e-03 3.660000e-02
40 9.532720e-01 8.684000e-03 3.804400e-02
41 9.517920e-01 8.748000e-03 3.946000e-02
42 9.503080e-01 8.656000e-03 4.103600e-02
43 9.486920e-01 8.824000e-03 4.248400e-02
44 9.472400e-01 8.824000e-03 4.393600e-02
45 9.458440e-01 8.664000e-03 4.549200e-02
46 9.442200e-01 8.728000e-03 4.705200e-02
47 9.426680e-01 8.828000e-03 4.850400e-02
48 9.411520e-01 8.716000e-03 5.013200e-02
49 9.395960e-01 8.688000e-03 5.171600e-02
50 9.378960e-01 8.836000e-03 5.326800e-02
51 9.361280e-01 8.956000e-03 5.491600e-02
52 9.346160e-01 8.884000e-03 5.650000e-02
53 9.330840e-01 8.892000e-03 5.802400e-02
54 9.314400e-01 9.000000e-03 5.956000e-02
55 9.297080e-01 9.168000e-03 6.112400e-02
56 9.280520e-01 9.280000e-03 6.266800e-02
57 9.263200e-01 9.276000e-03 6.440400e-02
58 9.246600e-01 9.308000e-03 6.603200e-02
59 9.228760e-01 9.500000e-03 6.762400e-02
60 9.211160e-01 9.608000e-03 6.927600e-02
61 9.192360e-01 9.776000e-03 7.098800e-02
62 9.173840e-01 9.936000e-03 7.268000e-02
63 9.154840e-01 1.004000e-02 7.447600e-02
64 9.137400e-01 9.980000e-03 7.628000e-02
65 9.119600e-01 1.009200e-02 7.794800e-02
66 9.101040e-01 1.013600e-02 7.976000e-02
67 9.084280e-01 1.002400e-02 8.154800e-02
68 9.067280e-01 9.988000e-03 8.328400e-02
69 9.050360e-01 9.976000e-03 8.498800e-02
70 9.032280e-01 1.013600e-02 8.663600e-02
71 9.016280e-01 1.008800e-02 8.828400e-02
72 8.999880e-01 9.944000e-03 9.006800e-02
73 8.981400e-01 1.008800e-02 9.177200e-02
74 8.965760e-01 9.700000e-03 9.372400e-02
75 8.947160e-01 9.852000e-03 9.543200e-02
76 8.928520e-01 1.000000e-02 9.714800e-02
77 8.909680e-01 1.014800e-02 9.888400e-02
78 8.890360e-01 1.034000e-02 1.006240e-01
79 8.872000e-01 1.036000e-02 1.024400e-01
80 8.854760e-01 1.036800e-02 1.041560e-01
81 8.837120e-01 1.022800e-02 1.060600e-01
82 8.817720e-01 1.040800e-02 1.078200e-01
83 8.799320e-01 1.050000e-02 1.095680e-01
84 8.781760e-01 1.036000e-02 1.114640e-01
85 8.764560e-01 1.032000e-02 1.132240e-01
86 8.747160e-01 1.035600e-02 1.149280e-01
87 8.728000e-01 1.032000e-02 1.168800e-01
88 8.709920e-01 1.012800e-02 1.188800e-01
89 8.692960e-01 1.013200e-02 1.205720e-01
90 8.675280e-01 1.016400e-02 1.223080e-01
91 8.658160e-01 1.020400e-02 1.239800e-01
92 8.640400e-01 1.033200e-02 1.256280e-01
93 8.622720e-01 1.032800e-02 1.274000e-01
94 8.605640e-01 1.022800e-02 1.292080e-01
95 8.588160e-01 1.020400e-02 1.309800e-01
96 8.569720e-01 1.038400e-02 1.326440e-01
97 8.550320e-01 1.040400e-02 1.345640e-01
98 8.533240e-01 1.026400e-02 1.364120e-01
99 8.517640e-01 1.010400e-02 1.381320e-01
100 8.500560e-01 1.004000e-02 1.399040e-01
101 8.484680e-01 9.836000e-03 1.416960e-01
102 8.468960e-01 9.808000e-03 1.432960e-01
103 8.453600e-01 9.720000e-03 1.449200e-01
104 8.439160e-01 9.584000e-03 1.465000e-01
105 8.423760e-01 9.456000e-03 1.481680e-01
106 8.406880e-01 9.432000e-03 1.498800e-01
107 8.391800e-01 9.264000e-03 1.515560e-01
108 8.375480e-01 9.240000e-03 1.532120e-01
109 8.360360e-01 9.124000e-03 1.548400e-01
110 8.344520e-01 9.156000e-03 1.563920e-01
111 8.328160e-01 9.160000e-03 1.580240e-01
112 8.312320e-01 9.132000e-03 1.596360e-01
113 8.297320e-01 9.096000e-03 1.611720e-01
114 8.282560e-01 8.912000e-03 1.628320e-01
115 8.266720e-01 8.840000e-03 1.644880e-01
116 8.251440e-01 8.696000e-03 1.661600e-01
117 8.235160e-01 8.756000e-03 1.677280e-01
118 8.222000e-01 8.528000e-03 1.692720e-01
119 8.209640e-01 8.260000e-03 1.707760e-01
120 8.196360e-01 8.252000e-03 1.721120e-01
121 8.183080e-01 8.152000e-03 1.735400e-01
122 8.168520e-01 8.080000e-03 1.750680e-01
123 8.156440e-01 7.924000e-03 1.764320e-01
124 8.142800e-01 7.940000e-03 1.777800e-01
125 8.130280e-01 7.864000e-03 1.791080e-01
126 8.117240e-01 7.864000e-03 1.804120e-01
127 8.104160e-01 7.680000e-03 1.819040e-01
128 8.090560e-01 7.612000e-03 1.833320e-01
129 8.077200e-01 7.636000e-03 1.846440e-01
130 8.063760e-01 7.744000e-03 1.858800e-01
131 8.051080e-01 7.524000e-03 1.873680e-01
132 8.038120e-01 7.516000e-03 1.886720e-01
133 8.024720e-01 7.656000e-03 1.898720e-01
134 8.011040e-01 7.700000e-03 1.911960e-01
135 7.996840e-01 7.760000e-03 1.925560e-01
136 7.983080e-01 7.740000e-03 1.939520e-01
137 7.969600e-01 7.808000e-03 1.952320e-01
138 7.954480e-01 7.948000e-03 1.966040e-01
139 7.940560e-01 7.896000e-03 1.980480e-01
140 7.926720e-01 7.828000e-03 1.995000e-01
141 7.914720e-01 7.632000e-03 2.008960e-01
142 7.900160e-01 7.724000e-03 2.022600e-01
143 7.887040e-01 7.652000e-03 2.036440e-01
144 7.876040e-01 7.516000e-03 2.048800e-01
145 7.863920e-01 7.408000e-03 2.062000e-01
146 7.850960e-01 7.420000e-03 2.074840e-01
147 7.837440e-01 7.440000e-03 2.088160e-01
148 7.824040e-01 7.360000e-03 2.102360e-01
149 7.811280e-01 7.308000e-03 2.115640e-01
150 7.796680e-01 7.492000e-03 2.128400e-01
151 7.782760e-01 7.648000e-03 2.140760e-01
152 7.770120e-01 7.480000e-03 2.155080e-01
153 7.757440e-01 7.496000e-03 2.167600e-01
154 7.745000e-01 7.388000e-03 2.181120e-01
155 7.732840e-01 7.308000e-03 2.194080e-01
156 7.722000e-01 7.064000e-03 2.207360e-01
157 7.710560e-01 7.172000e-03 2.217720e-01
158 7.698680e-01 7.204000e-03 2.229280e-01
159 7.688160e-01 7.016000e-03 2.241680e-01
160 7.677280e-01 6.996000e-03 2.252760e-01
161 7.665560e-01 6.872000e-03 2.265720e-01
162 7.654560e-01 6.744000e-03 2.278000e-01
163 7.644880e-01 6.576000e-03 2.289360e-01
164 7.634360e-01 6.528000e-03 2.300360e-01
165 7.623040e-01 6.516000e-03 2.311800e-01
166 7.611720e-01 6.512000e-03 2.323160e-01
167 7.601320e-01 6.376000e-03 2.334920e-01
168 7.590680e-01 6.328000e-03 2.346040e-01
169 7.580000e-01 6.324000e-03 2.356760e-01
170 7.569080e-01 6.340000e-03 2.367520e-01
171 7.558440e-01 6.292000e-03 2.378640e-01
172 7.549800e-01 5.952000e-03 2.390680e-01
173 7.539560e-01 5.968000e-03 2.400760e-01
174 7.530360e-01 5.820000e-03 2.411440e-01
175 7.520960e-01 5.780000e-03 2.421240e-01
176 7.510960e-01 5.700000e-03 2.432040e-01
177 7.499960e-01 5.676000e-03 2.443280e-01
178 7.489800e-01 5.692000e-03 2.453280e-01
179 7.479120e-01 5.808000e-03 2.462800e-01
180 7.469000e-01 5.836000e-03 2.472640e-01
181 7.459880e-01 5.828000e-03 2.481840e-01
182 7.452040e-01 5.592000e-03 2.492040e-01
183 7.442800e-01 5.600000e-03 2.501200e-01
184 7.433080e-01 5.560000e-03 2.511320e-01
185 7.424000e-01 5.468000e-03 2.521320e-01
186 7.416440e-01 5.212000e-03 2.531440e-01
187 7.409240e-01 5.056000e-03 2.540200e-01
188 7.401840e-01 4.916000e-03 2.549000e-01
189 7.394120e-01 4.928000e-03 2.556600e-01
190 7.386160e-01 4.788000e-03 2.565960e-01
191 7.378440e-01 4.628000e-03 2.575280e-01
192 7.371040e-01 4.568000e-03 2.583280e-01
193 7.362920e-01 4.564000e-03 2.591440e-01
194 7.354680e-01 4.588000e-03 2.599440e-01
195 7.347280e-01 4.544000e-03 2.607280e-01
196 7.339880e-01 4.440000e-03 2.615720e-01
197 7.333040e-01 4.380000e-03 2.623160e-01
198 7.325840e-01 4.380000e-03 2.630360e-01
199 7.319000e-01 4.320000e-03 2.637800e-01
200 7.312120e-01 4.224000e-03 2.645640e-01
201 7.304040e-01 4.264000e-03 2.653320e-01
202 7.297160e-01 4.216000e-03 2.660680e-01
203 7.290920e-01 4.132000e-03 2.667760e-01
204 7.284440e-01 4.040000e-03 2.675160e-01
205 7.278480e-01 3.920000e-03 2.682320e-01
206 7.271920e-01 3.876000e-03 2.689320e-01
207 7.265760e-01 3.792000e-03 2.696320e-01
208 7.259760e-01 3.720000e-03 2.703040e-01
209 7.254400e-01 3.568000e-03 2.709920e-01
210 7.247560e-01 3.656000e-03 2.715880e-01
211 7.240920e-01 3.680000e-03 2.722280e-01
212 7.234360e-01 3.704000e-03 2.728600e-01
213 7.227960e-01 3.632000e-03 2.735720e-01
214 7.221640e-01 3.616000e-03 2.742200e-01
215 7.216200e-01 3.560000e-03 2.748200e-01
216 7.209520e-01 3.572000e-03 2.754760e-01
217 7.203120e-01 3.476000e-03 2.762120e-01
218 7.197080e-01 3.548000e-03 2.767440e-01
219 7.190480e-01 3.628000e-03 2.773240e-01
220 7.184800e-01 3.556000e-03 2.779640e-01
221 7.179280e-01 3.560000e-03 2.785120e-01
222 7.172960e-01 3.580000e-03 2.791240e-01
223 7.167760e-01 3.452000e-03 2.797720e-01
224 7.162320e-01 3.364000e-03 2.804040e-01
225 7.157200e-01 3.260000e-03 2.810200e-01
226 7.152720e-01 3.128000e-03 2.816000e-01
227 7.148040e-01 3.120000e-03 2.820760e-01
228 7.143400e-01 2.964000e-03 2.826960e-01
229 7.138960e-01 2.816000e-03 2.832880e-01
230 7.133880e-01 2.896000e-03 2.837160e-01
231 7.128640e-01 2.916000e-03 2.842200e-01
232 7.124200e-01 2.824000e-03 2.847560e-01
233 7.118880e-01 2.908000e-03 2.852040e-01
234 7.114400e-01 2.892000e-03 2.856680e-01
235 7.109400e-01 2.800000e-03 2.862600e-01
236 7.104080e-01 2.800000e-03 2.867920e-01
237 7.099240e-01 2.860000e-03 2.872160e-01
238 7.094720e-01 2.852000e-03 2.876760e-01
239 7.090360e-01 2.816000e-03 2.881480e-01
240 7.085480e-01 2.812000e-03 2.886400e-01
241 7.081560e-01 2.780000e-03 2.890640e-01
242 7.077640e-01 2.688000e-03 2.895480e-01
243 7.073000e-01 2.672000e-03 2.900280e-01
244 7.068640e-01 2.664000e-03 2.904720e-01
245 7.064120e-01 2.584000e-03 2.910040e-01
246 7.059320e-01 2.608000e-03 2.914600e-01
247 7.054160e-01 2.708000e-03 2.918760e-01
248 7.049920e-01 2.676000e-03 2.923320e-01
249 7.045520e-01 2.632000e-03 2.928160e-01
250 7.041320e-01 2.628000e-03 2.932400e-01
251 7.036120e-01 2.608000e-03 2.937800e-01
252 7.031320e-01 2.604000e-03 2.942640e-01
253 7.027640e-01 2.504000e-03 2.947320e-01
254 7.022880e-01 2.508000e-03 2.952040e-01
255 7.019760e-01 2.412000e-03 2.956120e-01
256 7.016120e-01 2.376000e-03 2.960120e-01
257 7.012280e-01 2.392000e-03 2.963800e-01
258 7.008560e-01 2.372000e-03 2.967720e-01
259 7.004440e-01 2.416000e-03 2.971400e-01
260 7.000760e-01 2.340000e-03 2.975840e-01
261 6.997360e-01 2.248000e-03 2.980160e-01
262 6.993480e-01 2.224000e-03 2.984280e-01
263 6.989880e-01 2.172000e-03 2.988400e-01
264 6.987520e-01 2.064000e-03 2.991840e-01
265 6.984840e-01 2.000000e-03 2.995160e-01
266 6.981640e-01 1.960000e-03 2.998760e-01
267 6.979000e-01 1.900000e-03 3.002000e-01
268 6.975920e-01 1.924000e-03 3.004840e-01
269 6.973600e-01 1.788000e-03 3.008520e-01
270 6.971240e-01 1.708000e-03 3.011680e-01
271 6.968560e-01 1.700000e-03 3.014440e-01
272 6.965200e-01 1.700000e-03 3.017800e-01
273 6.962520e-01 1.672000e-03 3.020760e-01
274 6.959760e-01 1.712000e-03 3.023120e-01
275 6.956960e-01 1.716000e-03 3.025880e-01
276 6.954040e-01 1.716000e-03 3.028800e-01
277 6.950960e-01 1.712000e-03 3.031920e-01
278 6.947760e-01 1.732000e-03 3.034920e-01
279 6.944760e-01 1.776000e-03 3.037480e-01
280 6.942040e-01 1.720000e-03 3.040760e-01
281 6.939440e-01 1.664000e-03 3.043920e-01
282 6.936560e-01 1.708000e-03 3.046360e-01
283 6.933240e-01 1.732000e-03 3.049440e-01
284 6.930480e-01 1.744000e-03 3.052080e-01
285 6.926920e-01 1.812000e-03 3.054960e-01
286 6.923720e-01 1.812000e-03 3.058160e-01
287 6.919480e-01 1.900000e-03 3.061520e-01
288 6.915880e-01 1.944000e-03 3.064680e-01
289 6.912520e-01 1.940000e-03 3.068080e-01
290 6.909160e-01 1.956000e-03 3.071280e-01
291 6.905560e-01 1.964000e-03 3.074800e-01
292 6.902600e-01 1.912000e-03 3.078280e-01
293 6.899960e-01 1.832000e-03 3.081720e-01
294 6.897000e-01 1.816000e-03 3.084840e-01
295 6.894040e-01 1.804000e-03 3.087920e-01
296 6.890440e-01 1.900000e-03 3.090560e-01
297 6.888120e-01 1.760000e-03 3.094280e-01
298 6.885280e-01 1.796000e-03 3.096760e-01
299 6.882640e-01 1.720000e-03 3.100160e-01
300 6.879840e-01 1.672000e-03 3.103440e-01
301 6.877320e-01 1.668000e-03 3.106000e-01
302 6.875160e-01 1.616000e-03 3.108680e-01
303 6.871960e-01 1.720000e-03 3.110840e-01
304 6.869280e-01 1.708000e-03 3.113640e-01
305 6.866120e-01 1.724000e-03 3.116640e-01
306 6.863200e-01 1.736000e-03 3.119440e-01
307 6.859360e-01 1.792000e-03 3.122720e-01
308 6.855720e-01 1.856000e-03 3.125720e-01
309 6.852200e-01 1.880000e-03 3.129000e-01
310 6.848440e-01 1.948000e-03 3.132080e-01
311 6.844960e-01 1.956000e-03 3.135480e-01
312 6.841960e-01 1.936000e-03 3.138680e-01
313 6.838960e-01 1.932000e-03 3.141720e-01
314 6.835800e-01 1.916000e-03 3.145040e-01
315 6.832760e-01 1.868000e-03 3.148560e-01
316 6.828920e-01 1.872000e-03 3.152360e-01
317 6.825600e-01 1.848000e-03 3.155920e-01
318 6.821640e-01 1.928000e-03 3.159080e-01
319 6.818000e-01 1.960000e-03 3.162400e-01
320 6.814760e-01 1.940000e-03 3.165840e-01
321 6.812000e-01 1.888000e-03 3.169120e-01
322 6.809200e-01 1.824000e-03 3.172560e-01
323 6.805920e-01 1.868000e-03 3.175400e-01
324 6.803720e-01 1.756000e-03 3.178720e-01
325 6.801120e-01 1.712000e-03 3.181760e-01
326 6.798320e-01 1.656000e-03 3.185120e-01
327 6.795840e-01 1.620000e-03 3.187960e-01
328 6.793160e-01 1.628000e-03 3.190560e-01
329 6.790040e-01 1.680000e-03 3.193160e-01
330 6.786880e-01 1.732000e-03 3.195800e-01
331 6.783680e-01 1.740000e-03 3.198920e-01
332 6.780480e-01 1.792000e-03 3.201600e-01
333 6.777240e-01 1.756000e-03 3.205200e-01
334 6.774040e-01 1.768000e-03 3.208280e-01
335 6.771360e-01 1.744000e-03 3.211200e-01
336 6.768240e-01 1.712000e-03 3.214640e-01
337 6.765040e-01 1.736000e-03 3.217600e-01
338 6.762400e-01 1.708000e-03 3.220520e-01
339 6.759400e-01 1.680000e-03 3.223800e-01
340 6.756280e-01 1.728000e-03 3.226440e-01
341 6.753880e-01 1.664000e-03 3.229480e-01
342 6.751200e-01 1.664000e-03 3.232160e-01
343 6.748480e-01 1.656000e-03 3.234960e-01
344 6.745800e-01 1.632000e-03 3.237880e-01
345 6.743080e-01 1.644000e-03 3.240480e-01
346 6.740240e-01 1.676000e-03 3.243000e-01
347 6.737160e-01 1.680000e-03 3.246040e-01
348 6.734320e-01 1.632000e-03 3.249360e-01
349 6.731960e-01 1.588000e-03 3.252160e-01
350 6.729240e-01 1.596000e-03 3.254800e-01
351 6.726640e-01 1.596000e-03 3.257400e-01
352 6.723960e-01 1.568000e-03 3.260360e-01
353 6.721200e-01 1.608000e-03 3.262720e-01
354 6.718240e-01 1.616000e-03 3.265600e-01
355 6.715760e-01 1.588000e-03 3.268360e-01
356 6.714160e-01 1.536000e-03 3.270480e-01
357 6.712280e-01 1.460000e-03 3.273120e-01
358 6.710320e-01 1.400000e-03 3.275680e-01
359 6.707880e-01 1.364000e-03 3.278480e-01
360 6.705360e-01 1.380000e-03 3.280840e-01
361 6.702560e-01 1.448000e-03 3.282960e-01
362 6.699560e-01 1.492000e-03 3.285520e-01
363 6.697560e-01 1.432000e-03 3.288120e-01
364 6.695280e-01 1.392000e-03 3.290800e-01
365 6.692920e-01 1.392000e-03 3.293160e-01
366 6.690720e-01 1.348000e-03 3.295800e-01
367 6.688560e-01 1.284000e-03 3.298600e-01
368 6.686080e-01 1.328000e-03 3.300640e-01
369 6.683840e-01 1.356000e-03 3.302600e-01
370 6.680920e-01 1.420000e-03 3.304880e-01
371 6.678160e-01 1.436000e-03 3.307480e-01
372 6.676280e-01 1.380000e-03 3.309920e-01
373 6.674480e-01 1.332000e-03 3.312200e-01
374 6.672120e-01 1.360000e-03 3.314280e-01
375 6.670280e-01 1.320000e-03 3.316520e-01
376 6.668360e-01 1.272000e-03 3.318920e-01
377 6.666280e-01 1.260000e-03 3.321120e-01
378 6.663640e-01 1.292000e-03 3.323440e-01
379 6.661760e-01 1.280000e-03 3.325440e-01
380 6.659760e-01 1.332000e-03 3.326920e-01
381 6.657040e-01 1.392000e-03 3.329040e-01
382 6.654760e-01 1.396000e-03 3.331280e-01
383 6.652200e-01 1.380000e-03 3.334000e-01
384 6.649600e-01 1.376000e-03 3.336640e-01
385 6.647120e-01 1.348000e-03 3.339400e-01
386 6.644920e-01 1.284000e-03 3.342240e-01
387 6.642600e-01 1.288000e-03 3.344520e-01
388 6.640120e-01 1.336000e-03 3.346520e-01
389 6.637560e-01 1.348000e-03 3.348960e-01
390 6.635400e-01 1.352000e-03 3.351080e-01
391 6.633040e-01 1.352000e-03 3.353440e-01
392 6.630160e-01 1.364000e-03 3.356200e-01
393 6.627280e-01 1.392000e-03 3.358800e-01
394 6.624640e-01 1.396000e-03 3.361400e-01
395 6.621960e-01 1.456000e-03 3.363480e-01
396 6.618840e-01 1.504000e-03 3.366120e-01
397 6.615360e-01 1.560000e-03 3.369040e-01
398 6.612120e-01 1.588000e-03 3.372000e-01
399 6.609640e-01 1.588000e-03 3.374480e-01
400 6.605960e-01 1.696000e-03 3.377080e-01
401 6.603000e-01 1.692000e-03 3.380080e-01
402 6.599680e-01 1.740000e-03 3.382920e-01
403 6.596400e-01 1.772000e-03 3.385880e-01
404 6.593400e-01 1.736000e-03 3.389240e-01
405 6.590600e-01 1.748000e-03 3.391920e-01
406 6.587920e-01 1.740000e-03 3.394680e-01
407 6.585360e-01 1.724000e-03 3.397400e-01
408 6.582640e-01 1.688000e-03 3.400480e-01
409 6.579800e-01 1.628000e-03 3.403920e-01
410 6.576520e-01 1.716000e-03 3.406320e-01
411 6.573880e-01 1.632000e-03 3.409800e-01
412 6.571400e-01 1.632000e-03 3.412280e-01
413 6.568280e-01 1.660000e-03 3.415120e-01
414 6.566040e-01 1.588000e-03 3.418080e-01
415 6.563400e-01 1.592000e-03 3.420680e-01
416 6.561320e-01 1.484000e-03 3.423840e-01
417 6.558800e-01 1.472000e-03 3.426480e-01
418 6.556280e-01 1.416000e-03 3.429560e-01
419 6.554120e-01 1.376000e-03 3.432120e-01
420 6.551840e-01 1.416000e-03 3.434000e-01
421 6.549000e-01 1.472000e-03 3.436280e-01
422 6.546520e-01 1.440000e-03 3.439080e-01
423 6.544200e-01 1.424000e-03 3.441560e-01
424 6.541800e-01 1.404000e-03 3.444160e-01
425 6.539880e-01 1.364000e-03 3.446480e-01
426 6.538040e-01 1.292000e-03 3.449040e-01
427 6.536320e-01 1.200000e-03 3.451680e-01
428 6.534280e-01 1.184000e-03 3.453880e-01
429 6.532240e-01 1.192000e-03 3.455840e-01
430 6.530680e-01 1.152000e-03 3.457800e-01
431 6.528000e-01 1.224000e-03 3.459760e-01
432 6.525720e-01 1.272000e-03 3.461560e-01
433 6.523400e-01 1.328000e-03 3.463320e-01
434 6.520880e-01 1.344000e-03 3.465680e-01
435 6.518680e-01 1.332000e-03 3.468000e-01
436 6.516800e-01 1.264000e-03 3.470560e-01
437 6.515120e-01 1.184000e-03 3.473040e-01
438 6.513280e-01 1.184000e-03 3.474880e-01
439 6.511000e-01 1.180000e-03 3.477200e-01
440 6.508800e-01 1.204000e-03 3.479160e-01
441 6.506520e-01 1.196000e-03 3.481520e-01
442 6.504680e-01 1.176000e-03 3.483560e-01
443 6.503120e-01 1.148000e-03 3.485400e-01
444 6.500880e-01 1.176000e-03 3.487360e-01
445 6.499200e-01 1.108000e-03 3.489720e-01
446 6.497520e-01 1.068000e-03 3.491800e-01
447 6.495240e-01 1.120000e-03 3.493560e-01
448 6.493160e-01 1.124000e-03 3.495600e-01
449 6.490640e-01 1.184000e-03 3.497520e-01
450 6.488320e-01 1.180000e-03 3.499880e-01
451 6.485480e-01 1.220000e-03 3.502320e-01
452 6.483240e-01 1.260000e-03 3.504160e-01
453 6.481080e-01 1.228000e-03 3.506640e-01
454 6.479480e-01 1.200000e-03 3.508520e-01
455 6.477280e-01 1.184000e-03 3.510880e-01
456 6.475400e-01 1.160000e-03 3.513000e-01
457 6.472880e-01 1.248000e-03 3.514640e-01
458 6.470600e-01 1.232000e-03 3.517080e-01
459 6.467680e-01 1.288000e-03 3.519440e-01
460 6.465760e-01 1.224000e-03 3.522000e-01
461 6.463640e-01 1.224000e-03 3.524120e-01
462 6.461440e-01 1.248000e-03 3.526080e-01
463 6.458760e-01 1.312000e-03 3.528120e-01
464 6.456440e-01 1.280000e-03 3.530760e-01
465 6.454080e-01 1.280000e-03 3.533120e-01
466 6.451360e-01 1.296000e-03 3.535680e-01
467 6.449800e-01 1.260000e-03 3.537600e-01
468 6.447680e-01 1.236000e-03 3.539960e-01
469 6.445600e-01 1.268000e-03 3.541720e-01
470 6.444040e-01 1.212000e-03 3.543840e-01
471 6.442560e-01 1.200000e-03 3.545440e-01
472 6.441080e-01 1.120000e-03 3.547720e-01
473 6.439520e-01 1.044000e-03 3.550040e-01
474 6.438160e-01 1.020000e-03 3.551640e-01
475 6.436360e-01 1.032000e-03 3.553320e-01
476 6.434560e-01 1.000000e-03 3.555440e-01
477 6.432960e-01 9.960000e-04 3.557080e-01
478 6.431480e-01 9.640000e-04 3.558880e-01
479 6.429720e-01 9.720000e-04 3.560560e-01
480 6.428760e-01 9.200000e-04 3.562040e-01
481 6.427680e-01 8.960000e-04 3.563360e-01
482 6.426480e-01 8.520000e-04 3.565000e-01
483 6.425280e-01 8.520000e-04 3.566200e-01
484 6.423920e-01 8.560000e-04 3.567520e-01
485 6.422200e-01 9.040000e-04 3.568760e-01
486 6.420600e-01 9.000000e-04 3.570400e-01
487 6.419080e-01 9.120000e-04 3.571800e-01
488 6.417280e-01 9.320000e-04 3.573400e-01
489 6.415440e-01 9.560000e-04 3.575000e-01
490 6.414000e-01 9.360000e-04 3.576640e-01
491 6.412520e-01 9.400000e-04 3.578080e-01
492 6.411120e-01 9.280000e-04 3.579600e-01
493 6.409560e-01 9.240000e-04 3.581200e-01
494 6.407720e-01 9.840000e-04 3.582440e-01
495 6.406320e-01 9.720000e-04 3.583960e-01
496 6.404760e-01 9.480000e-04 3.585760e-01
497 6.403200e-01 9.400000e-04 3.587400e-01
498 6.401680e-01 9.160000e-04 3.589160e-01
499 6.400200e-01 9.040000e-04 3.590760e-01
500 6.398640e-01 8.600000e-04 3.592760e-01
