1 9.992360e-01 6.280000e-04 1.360000e-04
2 9.987400e-01 9.840000e-04 2.760000e-04
3 9.981880e-01 1.320000e-03 4.920000e-04
4 9.975480e-01 1.680000e-03 7.720000e-04
5 9.968080e-01 2.116000e-03 1.076000e-03
6 9.960280e-01 2.468000e-03 1.504000e-03
7 9.952200e-01 2.836000e-03 1.944000e-03
8 9.944240e-01 3.140000e-03 2.436000e-03
9 9.935040e-01 3.444000e-03 3.052000e-03
10 9.926720e-01 3.628000e-03 3.700000e-03
11 9.917120e-01 3.948000e-03 4.340000e-03
12 9.907840e-01 4.236000e-03 4.980000e-03
13 9.898600e-01 4.440000e-03 5.700000e-03
14 9.887840e-01 4.732000e-03 6.484000e-03
15 9.877640e-01 4.888000e-03 7.348000e-03
16 9.867240e-01 5.128000e-03 8.148000e-03
17 9.857880e-01 5.128000e-03 9.084000e-03
18 9.846840e-01 5.336000e-03 9.980000e-03
19 9.835480e-01 5.540000e-03 1.091200e-02
20 9.823480e-01 5.884000e-03 1.176800e-02
21 9.811360e-01 6.100000e-03 1.276400e-02
22 9.797160e-01 6.512000e-03 1.377200e-02
23 9.782760e-01 6.736000e-03 1.498800e-02
24 9.767640e-01 7.008000e-03 1.622800e-02
25 9.753920e-01 7.172000e-03 1.743600e-02
26 9.738800e-01 7.272000e-03 1.884800e-02
27 9.723280e-01 7.576000e-03 2.009600e-02
28 9.707880e-01 7.744000e-03 2.146800e-02
29 9.694120e-01 7.776000e-03 2.281200e-02
30 9.677640e-01 8.068000e-03 2.416800e-02
31 9.662680e-01 8.164000e-03 2.556800e-02
32 9.646440e-01 8.340000e-03 2.701600e-02
33 9.630960e-01 8.456000e-03 2.844800e-02
34 9.616640e-01 8.348000e-03 2.998800e-02
35 9.601160e-01 8.512000e-03 3.137200e-02
36 9.586600e-01 8.512000e-03 3.282800e-02
37 9.571200e-01 8.612000e-03 3.426800e-02
38 9.555800e-01 8.796000e-03 3.562400e-02
39 9.539880e-01 8.768000e-03 3.724400e-02
40 9.524840e-01 8.724000e-03 3.879200e-02
41 9.509280e-01 8.768000e-03 4.030400e-02
42 9.492040e-01 9.000000e-03 4.179600e-02
43 9.475560e-01 9.100000e-03 4.334400e-02
44 9.459640e-01 9.172000e-03 4.486400e-02
45 9.442880e-01 9.220000e-03 4.649200e-02
46 9.425640e-01 9.356000e-03 4.808000e-02
47 9.410640e-01 9.188000e-03 4.974800e-02
48 9.395160e-01 9.168000e-03 5.131600e-02
49 9.378400e-01 9.184000e-03 5.297600e-02
50 9.362800e-01 9.020000e-03 5.470000e-02
51 9.346040e-01 9.128000e-03 5.626800e-02
52 9.330360e-01 9.140000e-03 5.782400e-02
53 9.315440e-01 9.012000e-03 5.944400e-02
54 9.299400e-01 9.072000e-03 6.098800e-02
55 9.283800e-01 8.976000e-03 6.264400e-02
56 9.266440e-01 9.236000e-03 6.412000e-02
57 9.249800e-01 9.280000e-03 6.574000e-02
58 9.234280e-01 9.188000e-03 6.738400e-02
59 9.218880e-01 9.012000e-03 6.910000e-02
60 9.204080e-01 8.848000e-03 7.074400e-02
61 9.187960e-01 9.032000e-03 7.217200e-02
62 9.171320e-01 9.152000e-03 7.371600e-02
63 9.155040e-01 9.188000e-03 7.530800e-02
64 9.139640e-01 9.112000e-03 7.692400e-02
65 9.123840e-01 9.152000e-03 7.846400e-02
66 9.108040e-01 9.188000e-03 8.000800e-02
67 9.091560e-01 9.264000e-03 8.158000e-02
68 9.074840e-01 9.292000e-03 8.322400e-02
69 9.058600e-01 9.332000e-03 8.480800e-02
70 9.041640e-01 9.436000e-03 8.640000e-02
71 9.023800e-01 9.500000e-03 8.812000e-02
72 9.006880e-01 9.528000e-03 8.978400e-02
73 8.989440e-01 9.624000e-03 9.143200e-02
74 8.974560e-01 9.492000e-03 9.305200e-02
75 8.956960e-01 9.700000e-03 9.460400e-02
76 8.940920e-01 9.696000e-03 9.621200e-02
77 8.924000e-01 9.624000e-03 9.797600e-02
78 8.907760e-01 9.528000e-03 9.969600e-02
79 8.892240e-01 9.468000e-03 1.013080e-01
80 8.877160e-01 9.376000e-03 1.029080e-01
81 8.859880e-01 9.416000e-03 1.045960e-01
82 8.842760e-01 9.476000e-03 1.062480e-01
83 8.827720e-01 9.300000e-03 1.079280e-01
84 8.811800e-01 9.100000e-03 1.097200e-01
85 8.796800e-01 8.988000e-03 1.113320e-01
86 8.781400e-01 8.992000e-03 1.128680e-01
87 8.764720e-01 9.136000e-03 1.143920e-01
88 8.748760e-01 9.088000e-03 1.160360e-01
89 8.733200e-01 9.132000e-03 1.175480e-01
90 8.717800e-01 9.108000e-03 1.191120e-01
91 8.702080e-01 9.032000e-03 1.207600e-01
92 8.685600e-01 9.088000e-03 1.223520e-01
93 8.669960e-01 8.916000e-03 1.240880e-01
94 8.655840e-01 8.784000e-03 1.256320e-01
95 8.639480e-01 8.924000e-03 1.271280e-01
96 8.623920e-01 8.892000e-03 1.287160e-01
97 8.607480e-01 8.948000e-03 1.303040e-01
98 8.592200e-01 8.884000e-03 1.318960e-01
99 8.577520e-01 8.852000e-03 1.333960e-01
100 8.562160e-01 8.936000e-03 1.348480e-01
101 8.546640e-01 8.784000e-03 1.365520e-01
102 8.531880e-01 8.792000e-03 1.380200e-01
103 8.517920e-01 8.600000e-03 1.396080e-01
104 8.503640e-01 8.468000e-03 1.411680e-01
105 8.491120e-01 8.184000e-03 1.427040e-01
106 8.477920e-01 8.128000e-03 1.440800e-01
107 8.463760e-01 8.064000e-03 1.455600e-01
108 8.448200e-01 8.332000e-03 1.468480e-01
109 8.432760e-01 8.432000e-03 1.482920e-01
110 8.417840e-01 8.500000e-03 1.497160e-01
111 8.402720e-01 8.576000e-03 1.511520e-01
112 8.388040e-01 8.536000e-03 1.526600e-01
113 8.374400e-01 8.308000e-03 1.542520e-01
114 8.361680e-01 8.036000e-03 1.557960e-01
115 8.348320e-01 7.816000e-03 1.573520e-01
116 8.335240e-01 7.792000e-03 1.586840e-01
117 8.321200e-01 7.820000e-03 1.600600e-01
118 8.309680e-01 7.596000e-03 1.614360e-01
119 8.296400e-01 7.540000e-03 1.628200e-01
120 8.284920e-01 7.452000e-03 1.640560e-01
121 8.273440e-01 7.396000e-03 1.652600e-01
122 8.261600e-01 7.204000e-03 1.666360e-01
123 8.250440e-01 7.160000e-03 1.677960e-01
124 8.239720e-01 6.916000e-03 1.691120e-01
125 8.228440e-01 6.828000e-03 1.703280e-01
126 8.216360e-01 6.812000e-03 1.715520e-01
127 8.205360e-01 6.848000e-03 1.726160e-01
128 8.193920e-01 6.764000e-03 1.738440e-01
129 8.181840e-01 6.780000e-03 1.750360e-01
130 8.168840e-01 6.904000e-03 1.762120e-01
131 8.156120e-01 7.072000e-03 1.773160e-01
132 8.142520e-01 7.092000e-03 1.786560e-01
133 8.129120e-01 7.112000e-03 1.799760e-01
134 8.117320e-01 7.012000e-03 1.812560e-01
135 8.106920e-01 6.768000e-03 1.825400e-01
136 8.095040e-01 6.772000e-03 1.837240e-01
137 8.082200e-01 6.940000e-03 1.848400e-01
138 8.069640e-01 7.056000e-03 1.859800e-01
139 8.057600e-01 7.028000e-03 1.872120e-01
140 8.044840e-01 7.044000e-03 1.884720e-01
141 8.032400e-01 7.132000e-03 1.896280e-01
142 8.019280e-01 7.240000e-03 1.908320e-01
143 8.008160e-01 7.120000e-03 1.920640e-01
144 7.997120e-01 6.984000e-03 1.933040e-01
145 7.985520e-01 7.012000e-03 1.944360e-01
146 7.974000e-01 6.928000e-03 1.956720e-01
147 7.963480e-01 6.812000e-03 1.968400e-01
148 7.952800e-01 6.724000e-03 1.979960e-01
149 7.941200e-01 6.692000e-03 1.991880e-01
150 7.930640e-01 6.624000e-03 2.003120e-01
151 7.919760e-01 6.552000e-03 2.014720e-01
152 7.909840e-01 6.428000e-03 2.025880e-01
153 7.899440e-01 6.248000e-03 2.038080e-01
154 7.889760e-01 6.092000e-03 2.049320e-01
155 7.880880e-01 5.852000e-03 2.060600e-01
156 7.872000e-01 5.728000e-03 2.070720e-01
157 7.863120e-01 5.596000e-03 2.080920e-01
158 7.852360e-01 5.668000e-03 2.090960e-01
159 7.843520e-01 5.616000e-03 2.100320e-01
160 7.833360e-01 5.732000e-03 2.109320e-01
161 7.822560e-01 5.764000e-03 2.119800e-01
162 7.813040e-01 5.764000e-03 2.129320e-01
163 7.802400e-01 5.756000e-03 2.140040e-01
164 7.793560e-01 5.524000e-03 2.151200e-01
165 7.783840e-01 5.528000e-03 2.160880e-01
166 7.773680e-01 5.608000e-03 2.170240e-01
167 7.764440e-01 5.600000e-03 2.179560e-01
168 7.754560e-01 5.696000e-03 2.188480e-01
169 7.744440e-01 5.644000e-03 2.199120e-01
170 7.734440e-01 5.700000e-03 2.208560e-01
171 7.723520e-01 5.668000e-03 2.219800e-01
172 7.713520e-01 5.672000e-03 2.229760e-01
173 7.704160e-01 5.720000e-03 2.238640e-01
174 7.694600e-01 5.740000e-03 2.248000e-01
175 7.683520e-01 5.748000e-03 2.259000e-01
176 7.672560e-01 5.876000e-03 2.268680e-01
177 7.662920e-01 5.792000e-03 2.279160e-01
178 7.652640e-01 5.836000e-03 2.289000e-01
179 7.642440e-01 5.880000e-03 2.298760e-01
180 7.633000e-01 5.848000e-03 2.308520e-01
181 7.623280e-01 5.808000e-03 2.318640e-01
182 7.614160e-01 5.664000e-03 2.329200e-01
183 7.604040e-01 5.604000e-03 2.339920e-01
184 7.593440e-01 5.640000e-03 2.350160e-01
185 7.582600e-01 5.692000e-03 2.360480e-01
186 7.570520e-01 6.000000e-03 2.369480e-01
187 7.559240e-01 6.004000e-03 2.380720e-01
188 7.547720e-01 5.980000e-03 2.392480e-01
189 7.536600e-01 6.036000e-03 2.403040e-01
190 7.526560e-01 5.932000e-03 2.414120e-01
191 7.516240e-01 5.996000e-03 2.423800e-01
192 7.505160e-01 6.116000e-03 2.433680e-01
193 7.494280e-01 6.040000e-03 2.445320e-01
194 7.484520e-01 5.872000e-03 2.456760e-01
195 7.474920e-01 5.800000e-03 2.467080e-01
196 7.464600e-01 5.848000e-03 2.476920e-01
197 7.454160e-01 5.924000e-03 2.486600e-01
198 7.444720e-01 5.920000e-03 2.496080e-01
199 7.434560e-01 5.872000e-03 2.506720e-01
200 7.424720e-01 5.920000e-03 2.516080e-01
201 7.416120e-01 5.804000e-03 2.525840e-01
202 7.406560e-01 5.748000e-03 2.535960e-01
203 7.397320e-01 5.620000e-03 2.546480e-01
204 7.387360e-01 5.576000e-03 2.556880e-01
205 7.378080e-01 5.540000e-03 2.566520e-01
206 7.367960e-01 5.716000e-03 2.574880e-01
207 7.358600e-01 5.672000e-03 2.584680e-01
208 7.348960e-01 5.808000e-03 2.592960e-01
209 7.340080e-01 5.864000e-03 2.601280e-01
210 7.330600e-01 5.852000e-03 2.610880e-01
211 7.322200e-01 5.696000e-03 2.620840e-01
212 7.314040e-01 5.600000e-03 2.629960e-01
213 7.305120e-01 5.580000e-03 2.639080e-01
214 7.295320e-01 5.612000e-03 2.648560e-01
215 7.287080e-01 5.496000e-03 2.657960e-01
216 7.277200e-01 5.488000e-03 2.667920e-01
217 7.268320e-01 5.420000e-03 2.677480e-01
218 7.259440e-01 5.288000e-03 2.687680e-01
219 7.251040e-01 5.212000e-03 2.696840e-01
220 7.243600e-01 4.992000e-03 2.706480e-01
221 7.235400e-01 4.844000e-03 2.716160e-01
222 7.227200e-01 4.848000e-03 2.724320e-01
223 7.219400e-01 4.804000e-03 2.732560e-01
224 7.210520e-01 4.860000e-03 2.740880e-01
225 7.201920e-01 4.884000e-03 2.749240e-01
226 7.193000e-01 4.840000e-03 2.758600e-01
227 7.184600e-01 4.840000e-03 2.767000e-01
228 7.176480e-01 4.696000e-03 2.776560e-01
229 7.168600e-01 4.656000e-03 2.784840e-01
230 7.161840e-01 4.516000e-03 2.793000e-01
231 7.153200e-01 4.576000e-03 2.801040e-01
232 7.146120e-01 4.456000e-03 2.809320e-01
233 7.139840e-01 4.264000e-03 2.817520e-01
234 7.132320e-01 4.316000e-03 2.824520e-01
235 7.124720e-01 4.416000e-03 2.831120e-01
236 7.116680e-01 4.444000e-03 2.838880e-01
237 7.108840e-01 4.456000e-03 2.846600e-01
238 7.100080e-01 4.516000e-03 2.854760e-01
239 7.091800e-01 4.644000e-03 2.861760e-01
240 7.083440e-01 4.700000e-03 2.869560e-01
241 7.075480e-01 4.704000e-03 2.877480e-01
242 7.066800e-01 4.700000e-03 2.886200e-01
243 7.058800e-01 4.684000e-03 2.894360e-01
244 7.050320e-01 4.716000e-03 2.902520e-01
245 7.042680e-01 4.672000e-03 2.910600e-01
246 7.036040e-01 4.436000e-03 2.919600e-01
247 7.029240e-01 4.288000e-03 2.927880e-01
248 7.022120e-01 4.228000e-03 2.935600e-01
249 7.014600e-01 4.276000e-03 2.942640e-01
250 7.007600e-01 4.168000e-03 2.950720e-01
251 6.999960e-01 4.176000e-03 2.958280e-01
252 6.993680e-01 3.980000e-03 2.966520e-01
253 6.986040e-01 4.080000e-03 2.973160e-01
254 6.979840e-01 4.008000e-03 2.980080e-01
255 6.973000e-01 3.960000e-03 2.987400e-01
256 6.966520e-01 3.952000e-03 2.993960e-01
257 6.960400e-01 3.868000e-03 3.000920e-01
258 6.954280e-01 3.696000e-03 3.008760e-01
259 6.948360e-01 3.628000e-03 3.015360e-01
260 6.943360e-01 3.536000e-03 3.021280e-01
261 6.938240e-01 3.528000e-03 3.026480e-01
262 6.931920e-01 3.536000e-03 3.032720e-01
263 6.926000e-01 3.484000e-03 3.039160e-01
264 6.920520e-01 3.444000e-03 3.045040e-01
265 6.914680e-01 3.372000e-03 3.051600e-01
266 6.909120e-01 3.388000e-03 3.057000e-01
267 6.904480e-01 3.296000e-03 3.062560e-01
268 6.899720e-01 3.180000e-03 3.068480e-01
269 6.894600e-01 3.200000e-03 3.073400e-01
270 6.889280e-01 3.184000e-03 3.078880e-01
271 6.883960e-01 3.152000e-03 3.084520e-01
272 6.879200e-01 3.100000e-03 3.089800e-01
273 6.874840e-01 2.988000e-03 3.095280e-01
274 6.869240e-01 2.988000e-03 3.100880e-01
275 6.864120e-01 2.980000e-03 3.106080e-01
276 6.858440e-01 3.012000e-03 3.111440e-01
277 6.853160e-01 3.076000e-03 3.116080e-01
278 6.847880e-01 3.076000e-03 3.121360e-01
279 6.842720e-01 3.104000e-03 3.126240e-01
280 6.838240e-01 3.036000e-03 3.131400e-01
281 6.833760e-01 2.892000e-03 3.137320e-01
282 6.829320e-01 2.840000e-03 3.142280e-01
283 6.824320e-01 2.816000e-03 3.147520e-01
284 6.819320e-01 2.840000e-03 3.152280e-01
285 6.814280e-01 2.860000e-03 3.157120e-01
286 6.810080e-01 2.816000e-03 3.161760e-01
287 6.805520e-01 2.732000e-03 3.167160e-01
288 6.801880e-01 2.688000e-03 3.171240e-01
289 6.798400e-01 2.484000e-03 3.176760e-01
290 6.794600e-01 2.424000e-03 3.181160e-01
291 6.790240e-01 2.404000e-03 3.185720e-01
292 6.785840e-01 2.420000e-03 3.189960e-01
293 6.781480e-01 2.432000e-03 3.194200e-01
294 6.778600e-01 2.312000e-03 3.198280e-01
295 6.775200e-01 2.228000e-03 3.202520e-01
296 6.771840e-01 2.256000e-03 3.205600e-01
297 6.768600e-01 2.160000e-03 3.209800e-01
298 6.765600e-01 2.108000e-03 3.213320e-01
299 6.762000e-01 2.088000e-03 3.217120e-01
300 6.758480e-01 2.144000e-03 3.220080e-01
301 6.755400e-01 2.040000e-03 3.224200e-01
302 6.752360e-01 2.016000e-03 3.227480e-01
303 6.749680e-01 1.956000e-03 3.230760e-01
304 6.747040e-01 1.884000e-03 3.234120e-01
305 6.744120e-01 1.848000e-03 3.237400e-01
306 6.741160e-01 1.816000e-03 3.240680e-01
307 6.738800e-01 1.748000e-03 3.243720e-01
308 6.735720e-01 1.696000e-03 3.247320e-01
309 6.732720e-01 1.728000e-03 3.250000e-01
310 6.729360e-01 1.760000e-03 3.253040e-01
311 6.726280e-01 1.756000e-03 3.256160e-01
312 6.722440e-01 1.792000e-03 3.259640e-01
313 6.719080e-01 1.828000e-03 3.262640e-01
314 6.716120e-01 1.836000e-03 3.265520e-01
315 6.712960e-01 1.896000e-03 3.268080e-01
316 6.709280e-01 1.940000e-03 3.271320e-01
317 6.706360e-01 1.900000e-03 3.274640e-01
318 6.703040e-01 1.860000e-03 3.278360e-01
319 6.699400e-01 1.884000e-03 3.281760e-01
320 6.696880e-01 1.800000e-03 3.285120e-01
321 6.694320e-01 1.744000e-03 3.288240e-01
322 6.691600e-01 1.744000e-03 3.290960e-01
323 6.688240e-01 1.768000e-03 3.294080e-01
324 6.685720e-01 1.680000e-03 3.297480e-01
325 6.682960e-01 1.648000e-03 3.300560e-01
326 6.680360e-01 1.628000e-03 3.303360e-01
327 6.678040e-01 1.584000e-03 3.306120e-01
328 6.675000e-01 1.640000e-03 3.308600e-01
329 6.671560e-01 1.712000e-03 3.311320e-01
330 6.668600e-01 1.672000e-03 3.314680e-01
331 6.666360e-01 1.624000e-03 3.317400e-01
332 6.663960e-01 1.576000e-03 3.320280e-01
333 6.661480e-01 1.464000e-03 3.323880e-01
334 6.659360e-01 1.424000e-03 3.326400e-01
335 6.656760e-01 1.492000e-03 3.328320e-01
336 6.654480e-01 1.492000e-03 3.330600e-01
337 6.651760e-01 1.544000e-03 3.332800e-01
338 6.649200e-01 1.476000e-03 3.336040e-01
339 6.647000e-01 1.388000e-03 3.339120e-01
340 6.644360e-01 1.388000e-03 3.341760e-01
341 6.641720e-01 1.428000e-03 3.344000e-01
342 6.639520e-01 1.448000e-03 3.346000e-01
343 6.637120e-01 1.444000e-03 3.348440e-01
344 6.634920e-01 1.404000e-03 3.351040e-01
345 6.632640e-01 1.408000e-03 3.353280e-01
346 6.630960e-01 1.368000e-03 3.355360e-01
347 6.627840e-01 1.468000e-03 3.357480e-01
348 6.624960e-01 1.480000e-03 3.360240e-01
349 6.622160e-01 1.436000e-03 3.363480e-01
350 6.619640e-01 1.472000e-03 3.365640e-01
351 6.617480e-01 1.456000e-03 3.367960e-01
352 6.615280e-01 1.420000e-03 3.370520e-01
353 6.613600e-01 1.416000e-03 3.372240e-01
354 6.611720e-01 1.336000e-03 3.374920e-01
355 6.610200e-01 1.296000e-03 3.376840e-01
356 6.608160e-01 1.252000e-03 3.379320e-01
357 6.606440e-01 1.200000e-03 3.381560e-01
358 6.604120e-01 1.184000e-03 3.384040e-01
359 6.601280e-01 1.252000e-03 3.386200e-01
360 6.599040e-01 1.248000e-03 3.388480e-01
361 6.595880e-01 1.304000e-03 3.391080e-01
362 6.593600e-01 1.308000e-03 3.393320e-01
363 6.591760e-01 1.280000e-03 3.395440e-01
364 6.589560e-01 1.288000e-03 3.397560e-01
365 6.587200e-01 1.316000e-03 3.399640e-01
366 6.585160e-01 1.268000e-03 3.402160e-01
367 6.582880e-01 1.296000e-03 3.404160e-01
368 6.580960e-01 1.276000e-03 3.406280e-01
369 6.579480e-01 1.188000e-03 3.408640e-01
370 6.578000e-01 1.120000e-03 3.410800e-01
371 6.575960e-01 1.156000e-03 3.412480e-01
372 6.574200e-01 1.132000e-03 3.414480e-01
373 6.572280e-01 1.132000e-03 3.416400e-01
374 6.570440e-01 1.160000e-03 3.417960e-01
375 6.567800e-01 1.212000e-03 3.420080e-01
376 6.565440e-01 1.204000e-03 3.422520e-01
377 6.563320e-01 1.172000e-03 3.424960e-01
378 6.561200e-01 1.140000e-03 3.427400e-01
379 6.559160e-01 1.092000e-03 3.429920e-01
380 6.557440e-01 1.048000e-03 3.432080e-01
381 6.555320e-01 1.060000e-03 3.434080e-01
382 6.553400e-01 1.056000e-03 3.436040e-01
383 6.551320e-01 1.036000e-03 3.438320e-01
384 6.549200e-01 1.052000e-03 3.440280e-01
385 6.547160e-01 1.096000e-03 3.441880e-01
386 6.545160e-01 1.124000e-03 3.443600e-01
387 6.543680e-01 1.028000e-03 3.446040e-01
388 6.541880e-01 1.028000e-03 3.447840e-01
389 6.540920e-01 9.680000e-04 3.449400e-01
390 6.539120e-01 1.020000e-03 3.450680e-01
391 6.537040e-01 1.072000e-03 3.452240e-01
392 6.535560e-01 9.960000e-04 3.454480e-01
393 6.533720e-01 1.004000e-03 3.456240e-01
394 6.531560e-01 1.056000e-03 3.457880e-01
395 6.529880e-01 1.040000e-03 3.459720e-01
396 6.527800e-01 1.060000e-03 3.461600e-01
397 6.525760e-01 1.088000e-03 3.463360e-01
398 6.523720e-01 1.072000e-03 3.465560e-01
399 6.522160e-01 1.104000e-03 3.466800e-01
400 6.519760e-01 1.188000e-03 3.468360e-01
401 6.517960e-01 1.168000e-03 3.470360e-01
402 6.516080e-01 1.172000e-03 3.472200e-01
403 6.513840e-01 1.168000e-03 3.474480e-01
404 6.512280e-01 1.144000e-03 3.476280e-01
405 6.510680e-01 1.092000e-03 3.478400e-01
406 6.508640e-01 1.080000e-03 3.480560e-01
407 6.507360e-01 1.024000e-03 3.482400e-01
408 6.506160e-01 9.640000e-04 3.484200e-01
409 6.504040e-01 1.024000e-03 3.485720e-01
410 6.503000e-01 9.680000e-04 3.487320e-01
411 6.501960e-01 9.400000e-04 3.488640e-01
412 6.501120e-01 8.640000e-04 3.490240e-01
413 6.499680e-01 8.520000e-04 3.491800e-01
414 6.498240e-01 8.840000e-04 3.492920e-01
415 6.497240e-01 8.560000e-04 3.494200e-01
416 6.495560e-01 8.520000e-04 3.495920e-01
417 6.494640e-01 7.920000e-04 3.497440e-01
418 6.493080e-01 8.120000e-04 3.498800e-01
419 6.491800e-01 8.000000e-04 3.500200e-01
420 6.490880e-01 7.200000e-04 3.501920e-01
421 6.489760e-01 7.200000e-04 3.503040e-01
422 6.489040e-01 6.920000e-04 3.504040e-01
423 6.488320e-01 6.840000e-04 3.504840e-01
424 6.487520e-01 6.400000e-04 3.506080e-01
425 6.486760e-01 5.840000e-04 3.507400e-01
426 6.485760e-01 5.880000e-04 3.508360e-01
427 6.484360e-01 6.200000e-04 3.509440e-01
428 6.483720e-01 6.200000e-04 3.510080e-01
429 6.482520e-01 6.320000e-04 3.511160e-01
430 6.481520e-01 6.240000e-04 3.512240e-01
431 6.480320e-01 6.440000e-04 3.513240e-01
432 6.479160e-01 6.880000e-04 3.513960e-01
433 6.478120e-01 7.120000e-04 3.514760e-01
434 6.476880e-01 7.360000e-04 3.515760e-01
435 6.475840e-01 7.040000e-04 3.517120e-01
436 6.475040e-01 6.320000e-04 3.518640e-01
437 6.474440e-01 5.960000e-04 3.519600e-01
438 6.473640e-01 5.720000e-04 3.520640e-01
439 6.472440e-01 5.840000e-04 3.521720e-01
440 6.471400e-01 6.000000e-04 3.522600e-01
441 6.470440e-01 6.080000e-04 3.523480e-01
442 6.469560e-01 6.040000e-04 3.524400e-01
443 6.468400e-01 6.320000e-04 3.525280e-01
444 6.467720e-01 5.720000e-04 3.526560e-01
445 6.466800e-01 5.520000e-04 3.527680e-01
446 6.465560e-01 6.040000e-04 3.528400e-01
447 6.465040e-01 5.600000e-04 3.529360e-01
448 6.464440e-01 5.040000e-04 3.530520e-01
449 6.463840e-01 4.720000e-04 3.531440e-01
450 6.463040e-01 4.560000e-04 3.532400e-01
451 6.462360e-01 4.240000e-04 3.533400e-01
452 6.461960e-01 3.960000e-04 3.534080e-01
453 6.461560e-01 3.560000e-04 3.534880e-01
454 6.460840e-01 3.880000e-04 3.535280e-01
455 6.460400e-01 3.760000e-04 3.535840e-01
456 6.459760e-01 3.600000e-04 3.536640e-01
457 6.459240e-01 3.600000e-04 3.537160e-01
458 6.458880e-01 3.520000e-04 3.537600e-01
459 6.458360e-01 3.440000e-04 3.538200e-01
460 6.458000e-01 3.160000e-04 3.538840e-01
461 6.457480e-01 3.160000e-04 3.539360e-01
462 6.456800e-01 3.120000e-04 3.540080e-01
463 6.456240e-01 3.160000e-04 3.540600e-01
464 6.455520e-01 3.160000e-04 3.541320e-01
465 6.454880e-01 3.200000e-04 3.541920e-01
466 6.454080e-01 3.480000e-04 3.542440e-01
467 6.453000e-01 4.040000e-04 3.542960e-01
468 6.451920e-01 4.240000e-04 3.543840e-01
469 6.450840e-01 4.520000e-04 3.544640e-01
470 6.449480e-01 4.680000e-04 3.545840e-01
471 6.447920e-01 5.280000e-04 3.546800e-01
472 6.447000e-01 5.440000e-04 3.547560e-01
473 6.445720e-01 5.840000e-04 3.548440e-01
474 6.444600e-01 6.360000e-04 3.549040e-01
475 6.443840e-01 6.120000e-04 3.550040e-01
476 6.443200e-01 5.600000e-04 3.551200e-01
477 6.441920e-01 5.880000e-04 3.552200e-01
478 6.440960e-01 5.680000e-04 3.553360e-01
479 6.439920e-01 5.640000e-04 3.554440e-01
480 6.438760e-01 5.680000e-04 3.555560e-01
481 6.437320e-01 6.080000e-04 3.556600e-01
482 6.436240e-01 6.120000e-04 3.557640e-01
483 6.435000e-01 6.360000e-04 3.558640e-01
484 6.433400e-01 6.720000e-04 3.559880e-01
485 6.431800e-01 7.120000e-04 3.561080e-01
486 6.430200e-01 7.800000e-04 3.562000e-01
487 6.428720e-01 8.280000e-04 3.563000e-01
488 6.427080e-01 8.560000e-04 3.564360e-01
489 6.425600e-01 8.480000e-04 3.565920e-01
490 6.424360e-01 8.400000e-04 3.567240e-01
491 6.423520e-01 7.400000e-04 3.569080e-01
492 6.422080e-01 7.480000e-04 3.570440e-01
493 6.420520e-01 7.720000e-04 3.571760e-01
494 6.418960e-01 8.000000e-04 3.573040e-01
495 6.417320e-01 8.040000e-04 3.574640e-01
496 6.416080e-01 8.080000e-04 3.575840e-01
497 6.414640e-01 8.080000e-04 3.577280e-01
498 6.412640e-01 8.880000e-04 3.578480e-01
499 6.410920e-01 9.080000e-04 3.580000e-01
500 6.409720e-01 9.080000e-04 3.581200e-01
