1 9.992080e-01 7.000000e-04 9.200000e-05
2 9.986240e-01 1.112000e-03 2.640000e-04
3 9.979880e-01 1.516000e-03 4.960000e-04
4 9.972560e-01 1.964000e-03 7.800000e-04
5 9.963800e-01 2.468000e-03 1.152000e-03
6 9.954760e-01 2.840000e-03 1.684000e-03
7 9.946760e-01 3.168000e-03 2.156000e-03
8 9.937400e-01 3.572000e-03 2.688000e-03
9 9.927680e-01 3.812000e-03 3.420000e-03
10 9.916520e-01 4.144000e-03 4.204000e-03
11 9.906800e-01 4.304000e-03 5.016000e-03
12 9.895720e-01 4.652000e-03 5.776000e-03
13 9.885800e-01 4.832000e-03 6.588000e-03
14 9.874320e-01 4.988000e-03 7.580000e-03
15 9.863880e-01 5.164000e-03 8.448000e-03
16 9.853400e-01 5.260000e-03 9.400000e-03
17 9.841080e-01 5.612000e-03 1.028000e-02
18 9.830520e-01 5.724000e-03 1.122400e-02
19 9.818720e-01 5.952000e-03 1.217600e-02
20 9.807000e-01 6.060000e-03 1.324000e-02
21 9.795360e-01 6.168000e-03 1.429600e-02
22 9.781600e-01 6.472000e-03 1.536800e-02
23 9.767800e-01 6.604000e-03 1.661600e-02
24 9.754880e-01 6.724000e-03 1.778800e-02
25 9.741360e-01 6.896000e-03 1.896800e-02
26 9.728680e-01 7.060000e-03 2.007200e-02
27 9.715280e-01 7.216000e-03 2.125600e-02
28 9.702600e-01 7.208000e-03 2.253200e-02
29 9.689320e-01 7.224000e-03 2.384400e-02
30 9.673800e-01 7.448000e-03 2.517200e-02
31 9.657560e-01 7.836000e-03 2.640800e-02
32 9.641480e-01 8.104000e-03 2.774800e-02
33 9.627000e-01 8.084000e-03 2.921600e-02
34 9.611800e-01 8.120000e-03 3.070000e-02
35 9.596200e-01 8.256000e-03 3.212400e-02
36 9.582680e-01 8.120000e-03 3.361200e-02
37 9.567320e-01 8.344000e-03 3.492400e-02
38 9.553280e-01 8.288000e-03 3.638400e-02
39 9.538680e-01 8.268000e-03 3.786400e-02
40 9.523560e-01 8.348000e-03 3.929600e-02
41 9.509840e-01 8.288000e-03 4.072800e-02
42 9.495680e-01 8.312000e-03 4.212000e-02
43 9.481880e-01 8.232000e-03 4.358000e-02
44 9.466920e-01 8.360000e-03 4.494800e-02
45 9.450280e-01 8.520000e-03 4.645200e-02
46 9.434480e-01 8.592000e-03 4.796000e-02
47 9.417800e-01 8.784000e-03 4.943600e-02
48 9.401800e-01 8.796000e-03 5.102400e-02
49 9.386080e-01 8.860000e-03 5.253200e-02
50 9.368800e-01 9.080000e-03 5.404000e-02
51 9.353160e-01 9.084000e-03 5.560000e-02
52 9.337280e-01 8.956000e-03 5.731600e-02
53 9.321520e-01 9.040000e-03 5.880800e-02
54 9.304720e-01 9.236000e-03 6.029200e-02
55 9.287000e-01 9.492000e-03 6.180800e-02
56 9.270880e-01 9.416000e-03 6.349600e-02
57 9.255920e-01 9.212000e-03 6.519600e-02
58 9.241160e-01 9.184000e-03 6.670000e-02
59 9.225880e-01 9.156000e-03 6.825600e-02
60 9.209600e-01 9.208000e-03 6.983200e-02
61 9.194040e-01 9.232000e-03 7.136400e-02
62 9.179040e-01 9.152000e-03 7.294400e-02
63 9.164320e-01 9.092000e-03 7.447600e-02
64 9.149960e-01 8.884000e-03 7.612000e-02
65 9.134720e-01 8.868000e-03 7.766000e-02
66 9.119640e-01 8.908000e-03 7.912800e-02
67 9.105160e-01 8.708000e-03 8.077600e-02
68 9.089120e-01 8.700000e-03 8.238800e-02
69 9.073240e-01 8.712000e-03 8.396400e-02
70 9.057880e-01 8.744000e-03 8.546800e-02
71 9.043240e-01 8.804000e-03 8.687200e-02
72 9.026960e-01 8.948000e-03 8.835600e-02
73 9.010560e-01 8.964000e-03 8.998000e-02
74 8.996080e-01 8.828000e-03 9.156400e-02
75 8.981120e-01 8.728000e-03 9.316000e-02
76 8.966720e-01 8.692000e-03 9.463600e-02
77 8.951960e-01 8.740000e-03 9.606400e-02
78 8.936200e-01 8.920000e-03 9.746000e-02
79 8.920080e-01 9.056000e-03 9.893600e-02
80 8.903920e-01 9.096000e-03 1.005120e-01
81 8.889600e-01 8.984000e-03 1.020560e-01
82 8.876920e-01 8.708000e-03 1.036000e-01
83 8.862960e-01 8.632000e-03 1.050720e-01
84 8.847480e-01 8.644000e-03 1.066080e-01
85 8.833000e-01 8.684000e-03 1.080160e-01
86 8.817280e-01 8.704000e-03 1.095680e-01
87 8.803200e-01 8.672000e-03 1.110080e-01
88 8.787600e-01 8.720000e-03 1.125200e-01
89 8.772880e-01 8.704000e-03 1.140080e-01
90 8.757360e-01 8.636000e-03 1.156280e-01
91 8.742480e-01 8.652000e-03 1.171000e-01
92 8.728040e-01 8.528000e-03 1.186680e-01
93 8.712800e-01 8.568000e-03 1.201520e-01
94 8.697640e-01 8.600000e-03 1.216360e-01
95 8.683680e-01 8.536000e-03 1.230960e-01
96 8.669760e-01 8.312000e-03 1.247120e-01
97 8.655160e-01 8.384000e-03 1.261000e-01
98 8.640920e-01 8.340000e-03 1.275680e-01
99 8.626640e-01 8.276000e-03 1.290600e-01
100 8.613320e-01 8.200000e-03 1.304680e-01
101 8.598800e-01 8.236000e-03 1.318840e-01
102 8.584680e-01 8.228000e-03 1.333040e-01
103 8.571280e-01 7.976000e-03 1.348960e-01
104 8.558160e-01 7.880000e-03 1.363040e-01
105 8.545000e-01 7.820000e-03 1.376800e-01
106 8.532400e-01 7.808000e-03 1.389520e-01
107 8.520280e-01 7.588000e-03 1.403840e-01
108 8.509120e-01 7.484000e-03 1.416040e-01
109 8.496120e-01 7.508000e-03 1.428800e-01
110 8.486200e-01 7.216000e-03 1.441640e-01
111 8.474280e-01 7.112000e-03 1.454600e-01
112 8.463560e-01 7.036000e-03 1.466080e-01
113 8.451080e-01 7.080000e-03 1.478120e-01
114 8.439680e-01 6.924000e-03 1.491080e-01
115 8.428640e-01 6.728000e-03 1.504080e-01
116 8.417720e-01 6.660000e-03 1.515680e-01
117 8.407960e-01 6.584000e-03 1.526200e-01
118 8.398760e-01 6.344000e-03 1.537800e-01
119 8.388360e-01 6.272000e-03 1.548920e-01
120 8.378560e-01 6.216000e-03 1.559280e-01
121 8.369800e-01 6.104000e-03 1.569160e-01
122 8.359440e-01 6.072000e-03 1.579840e-01
123 8.348800e-01 6.092000e-03 1.590280e-01
124 8.339720e-01 5.868000e-03 1.601600e-01
125 8.329160e-01 5.952000e-03 1.611320e-01
126 8.319360e-01 5.800000e-03 1.622640e-01
127 8.308320e-01 5.952000e-03 1.632160e-01
128 8.298800e-01 5.864000e-03 1.642560e-01
129 8.289920e-01 5.756000e-03 1.652520e-01
130 8.280160e-01 5.740000e-03 1.662440e-01
131 8.270360e-01 5.800000e-03 1.671640e-01
132 8.259920e-01 5.772000e-03 1.682360e-01
133 8.248760e-01 5.884000e-03 1.692400e-01
134 8.237600e-01 5.968000e-03 1.702720e-01
135 8.227080e-01 5.916000e-03 1.713760e-01
136 8.218400e-01 5.652000e-03 1.725080e-01
137 8.209560e-01 5.544000e-03 1.735000e-01
138 8.200560e-01 5.360000e-03 1.745840e-01
139 8.191840e-01 5.388000e-03 1.754280e-01
140 8.181880e-01 5.408000e-03 1.764040e-01
141 8.173440e-01 5.272000e-03 1.773840e-01
142 8.163680e-01 5.268000e-03 1.783640e-01
143 8.156000e-01 5.116000e-03 1.792840e-01
144 8.147680e-01 5.096000e-03 1.801360e-01
145 8.140080e-01 4.996000e-03 1.809960e-01
146 8.132360e-01 4.924000e-03 1.818400e-01
147 8.124640e-01 4.824000e-03 1.827120e-01
148 8.117080e-01 4.796000e-03 1.834960e-01
149 8.109440e-01 4.708000e-03 1.843480e-01
150 8.100000e-01 4.752000e-03 1.852480e-01
151 8.090960e-01 4.808000e-03 1.860960e-01
152 8.082960e-01 4.796000e-03 1.869080e-01
153 8.074480e-01 4.832000e-03 1.877200e-01
154 8.066280e-01 4.804000e-03 1.885680e-01
155 8.057560e-01 4.812000e-03 1.894320e-01
156 8.048760e-01 4.812000e-03 1.903120e-01
157 8.040240e-01 4.892000e-03 1.910840e-01
158 8.030680e-01 4.924000e-03 1.920080e-01
159 8.021760e-01 4.964000e-03 1.928600e-01
160 8.013320e-01 4.928000e-03 1.937400e-01
161 8.004600e-01 4.988000e-03 1.945520e-01
162 7.997080e-01 4.900000e-03 1.953920e-01
163 7.988600e-01 4.864000e-03 1.962760e-01
164 7.980160e-01 4.928000e-03 1.970560e-01
165 7.972160e-01 4.944000e-03 1.978400e-01
166 7.964480e-01 4.808000e-03 1.987440e-01
167 7.957160e-01 4.720000e-03 1.995640e-01
168 7.949400e-01 4.632000e-03 2.004280e-01
169 7.941760e-01 4.632000e-03 2.011920e-01
170 7.933960e-01 4.664000e-03 2.019400e-01
171 7.926440e-01 4.600000e-03 2.027560e-01
172 7.918080e-01 4.608000e-03 2.035840e-01
173 7.910640e-01 4.520000e-03 2.044160e-01
174 7.902200e-01 4.564000e-03 2.052160e-01
175 7.893840e-01 4.480000e-03 2.061360e-01
176 7.886880e-01 4.368000e-03 2.069440e-01
177 7.879440e-01 4.320000e-03 2.077360e-01
178 7.870600e-01 4.448000e-03 2.084920e-01
179 7.862200e-01 4.508000e-03 2.092720e-01
180 7.854000e-01 4.468000e-03 2.101320e-01
181 7.845760e-01 4.508000e-03 2.109160e-01
182 7.836560e-01 4.632000e-03 2.117120e-01
183 7.827640e-01 4.780000e-03 2.124560e-01
184 7.818920e-01 4.836000e-03 2.132720e-01
185 7.809000e-01 4.920000e-03 2.141800e-01
186 7.799040e-01 5.096000e-03 2.150000e-01
187 7.789240e-01 5.252000e-03 2.158240e-01
188 7.779240e-01 5.316000e-03 2.167600e-01
189 7.769960e-01 5.232000e-03 2.177720e-01
190 7.762200e-01 5.196000e-03 2.185840e-01
191 7.752680e-01 5.220000e-03 2.195120e-01
192 7.743120e-01 5.360000e-03 2.203280e-01
193 7.734520e-01 5.408000e-03 2.211400e-01
194 7.725560e-01 5.332000e-03 2.221120e-01
195 7.716400e-01 5.224000e-03 2.231360e-01
196 7.708200e-01 5.224000e-03 2.239560e-01
197 7.700280e-01 5.064000e-03 2.249080e-01
198 7.692320e-01 5.012000e-03 2.257560e-01
199 7.683360e-01 4.940000e-03 2.267240e-01
200 7.674400e-01 4.964000e-03 2.275960e-01
201 7.665760e-01 4.908000e-03 2.285160e-01
202 7.658160e-01 4.808000e-03 2.293760e-01
203 7.650240e-01 4.772000e-03 2.302040e-01
204 7.643440e-01 4.588000e-03 2.310680e-01
205 7.635760e-01 4.516000e-03 2.319080e-01
206 7.629720e-01 4.328000e-03 2.327000e-01
207 7.623120e-01 4.224000e-03 2.334640e-01
208 7.615840e-01 4.132000e-03 2.342840e-01
209 7.608000e-01 4.160000e-03 2.350400e-01
210 7.600840e-01 4.080000e-03 2.358360e-01
211 7.594520e-01 3.928000e-03 2.366200e-01
212 7.587800e-01 3.932000e-03 2.372880e-01
213 7.581400e-01 3.856000e-03 2.380040e-01
214 7.574280e-01 3.940000e-03 2.386320e-01
215 7.567080e-01 3.884000e-03 2.394080e-01
216 7.560880e-01 3.844000e-03 2.400680e-01
217 7.553520e-01 3.940000e-03 2.407080e-01
218 7.547040e-01 3.844000e-03 2.414520e-01
219 7.539720e-01 3.908000e-03 2.421200e-01
220 7.532080e-01 3.992000e-03 2.428000e-01
221 7.525240e-01 4.016000e-03 2.434600e-01
222 7.518000e-01 4.044000e-03 2.441560e-01
223 7.510960e-01 4.064000e-03 2.448400e-01
224 7.505160e-01 3.988000e-03 2.454960e-01
225 7.497680e-01 4.080000e-03 2.461520e-01
226 7.489960e-01 4.172000e-03 2.468320e-01
227 7.482160e-01 4.208000e-03 2.475760e-01
228 7.476040e-01 4.052000e-03 2.483440e-01
229 7.469440e-01 3.960000e-03 2.490960e-01
230 7.464000e-01 3.908000e-03 2.496920e-01
231 7.457360e-01 3.776000e-03 2.504880e-01
232 7.450560e-01 3.832000e-03 2.511120e-01
233 7.444880e-01 3.760000e-03 2.517520e-01
234 7.440000e-01 3.580000e-03 2.524200e-01
235 7.434440e-01 3.512000e-03 2.530440e-01
236 7.429040e-01 3.420000e-03 2.536760e-01
237 7.423400e-01 3.416000e-03 2.542440e-01
238 7.418160e-01 3.368000e-03 2.548160e-01
239 7.411640e-01 3.456000e-03 2.553800e-01
240 7.406360e-01 3.352000e-03 2.560120e-01
241 7.400640e-01 3.328000e-03 2.566080e-01
242 7.394040e-01 3.428000e-03 2.571680e-01
243 7.388200e-01 3.332000e-03 2.578480e-01
244 7.382120e-01 3.356000e-03 2.584320e-01
245 7.376520e-01 3.392000e-03 2.589560e-01
246 7.371280e-01 3.340000e-03 2.595320e-01
247 7.365760e-01 3.276000e-03 2.601480e-01
248 7.360320e-01 3.232000e-03 2.607360e-01
249 7.354240e-01 3.248000e-03 2.613280e-01
250 7.350520e-01 3.016000e-03 2.619320e-01
251 7.345160e-01 3.000000e-03 2.624840e-01
252 7.339840e-01 2.920000e-03 2.630960e-01
253 7.334800e-01 2.916000e-03 2.636040e-01
254 7.329560e-01 3.004000e-03 2.640400e-01
255 7.324160e-01 2.972000e-03 2.646120e-01
256 7.319720e-01 2.892000e-03 2.651360e-01
257 7.315400e-01 2.892000e-03 2.655680e-01
258 7.310640e-01 2.852000e-03 2.660840e-01
259 7.306960e-01 2.712000e-03 2.665920e-01
260 7.302200e-01 2.784000e-03 2.669960e-01
261 7.296200e-01 2.912000e-03 2.674680e-01
262 7.290600e-01 2.880000e-03 2.680600e-01
263 7.285440e-01 2.896000e-03 2.685600e-01
264 7.281520e-01 2.828000e-03 2.690200e-01
265 7.276720e-01 2.800000e-03 2.695280e-01
266 7.272520e-01 2.784000e-03 2.699640e-01
267 7.268280e-01 2.732000e-03 2.704400e-01
268 7.265320e-01 2.576000e-03 2.708920e-01
269 7.260640e-01 2.572000e-03 2.713640e-01
270 7.256760e-01 2.544000e-03 2.717800e-01
271 7.253320e-01 2.484000e-03 2.721840e-01
272 7.248560e-01 2.596000e-03 2.725480e-01
273 7.245200e-01 2.452000e-03 2.730280e-01
274 7.241800e-01 2.388000e-03 2.734320e-01
275 7.237360e-01 2.420000e-03 2.738440e-01
276 7.233680e-01 2.332000e-03 2.743000e-01
277 7.229680e-01 2.352000e-03 2.746800e-01
278 7.226000e-01 2.288000e-03 2.751120e-01
279 7.222120e-01 2.304000e-03 2.754840e-01
280 7.218000e-01 2.372000e-03 2.758280e-01
281 7.214160e-01 2.356000e-03 2.762280e-01
282 7.210880e-01 2.204000e-03 2.767080e-01
283 7.207440e-01 2.184000e-03 2.770720e-01
284 7.203080e-01 2.212000e-03 2.774800e-01
285 7.198640e-01 2.320000e-03 2.778160e-01
286 7.194640e-01 2.308000e-03 2.782280e-01
287 7.190920e-01 2.292000e-03 2.786160e-01
288 7.187440e-01 2.268000e-03 2.789880e-01
289 7.183320e-01 2.280000e-03 2.793880e-01
290 7.179720e-01 2.220000e-03 2.798080e-01
291 7.176360e-01 2.104000e-03 2.802600e-01
292 7.173360e-01 2.024000e-03 2.806400e-01
293 7.170440e-01 1.928000e-03 2.810280e-01
294 7.167520e-01 1.836000e-03 2.814120e-01
295 7.164120e-01 1.820000e-03 2.817680e-01
296 7.160760e-01 1.844000e-03 2.820800e-01
297 7.157160e-01 1.864000e-03 2.824200e-01
298 7.153520e-01 1.964000e-03 2.826840e-01
299 7.149480e-01 2.020000e-03 2.830320e-01
300 7.145920e-01 2.012000e-03 2.833960e-01
301 7.142760e-01 1.960000e-03 2.837640e-01
302 7.138640e-01 2.012000e-03 2.841240e-01
303 7.134560e-01 2.152000e-03 2.843920e-01
304 7.130360e-01 2.156000e-03 2.848080e-01
305 7.126440e-01 2.160000e-03 2.851960e-01
306 7.122240e-01 2.192000e-03 2.855840e-01
307 7.118440e-01 2.260000e-03 2.858960e-01
308 7.114280e-01 2.236000e-03 2.863360e-01
309 7.110080e-01 2.268000e-03 2.867240e-01
310 7.106400e-01 2.208000e-03 2.871520e-01
311 7.102960e-01 2.200000e-03 2.875040e-01
312 7.098080e-01 2.328000e-03 2.878640e-01
313 7.093960e-01 2.324000e-03 2.882800e-01
314 7.090200e-01 2.296000e-03 2.886840e-01
315 7.084840e-01 2.448000e-03 2.890680e-01
316 7.080000e-01 2.456000e-03 2.895440e-01
317 7.075320e-01 2.504000e-03 2.899640e-01
318 7.071040e-01 2.528000e-03 2.903680e-01
319 7.066840e-01 2.468000e-03 2.908480e-01
320 7.062480e-01 2.500000e-03 2.912520e-01
321 7.058640e-01 2.448000e-03 2.916880e-01
322 7.054640e-01 2.396000e-03 2.921400e-01
323 7.050520e-01 2.348000e-03 2.926000e-01
324 7.046280e-01 2.392000e-03 2.929800e-01
325 7.042240e-01 2.364000e-03 2.934120e-01
326 7.038520e-01 2.348000e-03 2.938000e-01
327 7.034480e-01 2.348000e-03 2.942040e-01
328 7.030280e-01 2.432000e-03 2.945400e-01
329 7.025640e-01 2.516000e-03 2.949200e-01
330 7.022280e-01 2.428000e-03 2.953440e-01
331 7.018520e-01 2.396000e-03 2.957520e-01
332 7.014680e-01 2.380000e-03 2.961520e-01
333 7.010240e-01 2.460000e-03 2.965160e-01
334 7.005240e-01 2.544000e-03 2.969320e-01
335 7.000880e-01 2.500000e-03 2.974120e-01
336 6.996960e-01 2.420000e-03 2.978840e-01
337 6.993240e-01 2.368000e-03 2.983080e-01
338 6.989120e-01 2.416000e-03 2.986720e-01
339 6.984800e-01 2.424000e-03 2.990960e-01
340 6.981040e-01 2.376000e-03 2.995200e-01
341 6.977640e-01 2.328000e-03 2.999080e-01
342 6.973480e-01 2.260000e-03 3.003920e-01
343 6.969280e-01 2.220000e-03 3.008520e-01
344 6.964760e-01 2.216000e-03 3.013080e-01
345 6.960800e-01 2.220000e-03 3.017000e-01
346 6.956920e-01 2.232000e-03 3.020760e-01
347 6.953640e-01 2.196000e-03 3.024400e-01
348 6.950480e-01 2.132000e-03 3.028200e-01
349 6.946600e-01 2.080000e-03 3.032600e-01
350 6.943760e-01 1.968000e-03 3.036560e-01
351 6.940680e-01 1.928000e-03 3.040040e-01
352 6.937680e-01 1.912000e-03 3.043200e-01
353 6.934520e-01 1.852000e-03 3.046960e-01
354 6.931440e-01 1.824000e-03 3.050320e-01
355 6.927800e-01 1.932000e-03 3.052880e-01
356 6.924040e-01 1.980000e-03 3.056160e-01
357 6.920440e-01 2.000000e-03 3.059560e-01
358 6.917280e-01 2.004000e-03 3.062680e-01
359 6.912720e-01 2.064000e-03 3.066640e-01
360 6.908600e-01 2.100000e-03 3.070400e-01
361 6.904480e-01 2.072000e-03 3.074800e-01
362 6.900200e-01 2.176000e-03 3.078040e-01
363 6.896520e-01 2.156000e-03 3.081920e-01
364 6.891720e-01 2.260000e-03 3.085680e-01
365 6.887360e-01 2.292000e-03 3.089720e-01
366 6.882600e-01 2.384000e-03 3.093560e-01
367 6.878560e-01 2.356000e-03 3.097880e-01
368 6.875280e-01 2.252000e-03 3.102200e-01
369 6.871920e-01 2.132000e-03 3.106760e-01
370 6.868760e-01 2.172000e-03 3.109520e-01
371 6.865080e-01 2.132000e-03 3.113600e-01
372 6.861840e-01 2.144000e-03 3.116720e-01
373 6.858600e-01 2.036000e-03 3.121040e-01
374 6.855040e-01 2.032000e-03 3.124640e-01
375 6.851800e-01 1.968000e-03 3.128520e-01
376 6.849080e-01 1.884000e-03 3.132080e-01
377 6.845920e-01 1.808000e-03 3.136000e-01
378 6.842800e-01 1.820000e-03 3.139000e-01
379 6.839720e-01 1.868000e-03 3.141600e-01
380 6.837320e-01 1.772000e-03 3.144960e-01
381 6.835160e-01 1.660000e-03 3.148240e-01
382 6.832440e-01 1.636000e-03 3.151200e-01
383 6.829000e-01 1.676000e-03 3.154240e-01
384 6.825760e-01 1.644000e-03 3.157800e-01
385 6.821600e-01 1.788000e-03 3.160520e-01
386 6.818000e-01 1.844000e-03 3.163560e-01
387 6.815840e-01 1.784000e-03 3.166320e-01
388 6.813120e-01 1.744000e-03 3.169440e-01
389 6.809880e-01 1.812000e-03 3.172000e-01
390 6.807320e-01 1.768000e-03 3.175000e-01
391 6.804720e-01 1.728000e-03 3.178000e-01
392 6.802240e-01 1.664000e-03 3.181120e-01
393 6.799160e-01 1.696000e-03 3.183880e-01
394 6.796520e-01 1.644000e-03 3.187040e-01
395 6.793880e-01 1.624000e-03 3.189880e-01
396 6.791320e-01 1.592000e-03 3.192760e-01
397 6.789240e-01 1.528000e-03 3.195480e-01
398 6.786840e-01 1.552000e-03 3.197640e-01
399 6.784840e-01 1.456000e-03 3.200600e-01
400 6.782600e-01 1.500000e-03 3.202400e-01
401 6.780000e-01 1.524000e-03 3.204760e-01
402 6.777920e-01 1.452000e-03 3.207560e-01
403 6.776040e-01 1.356000e-03 3.210400e-01
404 6.774120e-01 1.276000e-03 3.213120e-01
405 6.771880e-01 1.300000e-03 3.215120e-01
406 6.769520e-01 1.340000e-03 3.217080e-01
407 6.767200e-01 1.328000e-03 3.219520e-01
408 6.764800e-01 1.300000e-03 3.222200e-01
409 6.762560e-01 1.304000e-03 3.224400e-01
410 6.760600e-01 1.244000e-03 3.226960e-01
411 6.758760e-01 1.216000e-03 3.229080e-01
412 6.756720e-01 1.168000e-03 3.231600e-01
413 6.754360e-01 1.224000e-03 3.233400e-01
414 6.752400e-01 1.212000e-03 3.235480e-01
415 6.749440e-01 1.240000e-03 3.238160e-01
416 6.747200e-01 1.232000e-03 3.240480e-01
417 6.744760e-01 1.248000e-03 3.242760e-01
418 6.742920e-01 1.204000e-03 3.245040e-01
419 6.741080e-01 1.236000e-03 3.246560e-01
420 6.738960e-01 1.256000e-03 3.248480e-01
421 6.737200e-01 1.220000e-03 3.250600e-01
422 6.734480e-01 1.248000e-03 3.253040e-01
423 6.732840e-01 1.220000e-03 3.254960e-01
424 6.731040e-01 1.164000e-03 3.257320e-01
425 6.728960e-01 1.144000e-03 3.259600e-01
426 6.726920e-01 1.192000e-03 3.261160e-01
427 6.725080e-01 1.196000e-03 3.262960e-01
428 6.723280e-01 1.192000e-03 3.264800e-01
429 6.721240e-01 1.156000e-03 3.267200e-01
430 6.718960e-01 1.156000e-03 3.269480e-01
431 6.717040e-01 1.132000e-03 3.271640e-01
432 6.714560e-01 1.132000e-03 3.274120e-01
433 6.712520e-01 1.192000e-03 3.275560e-01
434 6.710600e-01 1.216000e-03 3.277240e-01
435 6.708680e-01 1.208000e-03 3.279240e-01
436 6.706560e-01 1.220000e-03 3.281240e-01
437 6.704960e-01 1.140000e-03 3.283640e-01
438 6.702920e-01 1.152000e-03 3.285560e-01
439 6.700840e-01 1.140000e-03 3.287760e-01
440 6.698960e-01 1.148000e-03 3.289560e-01
441 6.696600e-01 1.180000e-03 3.291600e-01
442 6.694680e-01 1.136000e-03 3.293960e-01
443 6.692520e-01 1.168000e-03 3.295800e-01
444 6.690640e-01 1.176000e-03 3.297600e-01
445 6.688720e-01 1.224000e-03 3.299040e-01
446 6.686080e-01 1.248000e-03 3.301440e-01
447 6.683680e-01 1.276000e-03 3.303560e-01
448 6.681320e-01 1.312000e-03 3.305560e-01
449 6.679440e-01 1.288000e-03 3.307680e-01
450 6.676760e-01 1.332000e-03 3.309920e-01
451 6.673760e-01 1.420000e-03 3.312040e-01
452 6.671200e-01 1.368000e-03 3.315120e-01
453 6.668720e-01 1.384000e-03 3.317440e-01
454 6.666200e-01 1.408000e-03 3.319720e-01
455 6.664520e-01 1.308000e-03 3.322400e-01
456 6.661960e-01 1.296000e-03 3.325080e-01
457 6.659960e-01 1.320000e-03 3.326840e-01
458 6.657720e-01 1.276000e-03 3.329520e-01
459 6.656160e-01 1.224000e-03 3.331600e-01
460 6.653800e-01 1.232000e-03 3.333880e-01
461 6.651840e-01 1.204000e-03 3.336120e-01
462 6.649400e-01 1.244000e-03 3.338160e-01
463 6.647080e-01 1.252000e-03 3.340400e-01
464 6.645040e-01 1.236000e-03 3.342600e-01
465 6.643280e-01 1.192000e-03 3.344800e-01
466 6.641320e-01 1.144000e-03 3.347240e-01
467 6.640080e-01 1.072000e-03 3.349200e-01
468 6.638560e-01 1.032000e-03 3.351120e-01
469 6.637280e-01 9.720000e-04 3.353000e-01
470 6.636160e-01 9.280000e-04 3.354560e-01
471 6.634760e-01 8.960000e-04 3.356280e-01
472 6.633240e-01 9.200000e-04 3.357560e-01
473 6.631640e-01 9.080000e-04 3.359280e-01
474 6.629680e-01 9.520000e-04 3.360800e-01
475 6.627960e-01 9.640000e-04 3.362400e-01
476 6.626040e-01 1.004000e-03 3.363920e-01
477 6.624200e-01 1.044000e-03 3.365360e-01
478 6.622600e-01 1.040000e-03 3.367000e-01
479 6.620400e-01 1.056000e-03 3.369040e-01
480 6.618600e-01 1.100000e-03 3.370400e-01
481 6.616840e-01 1.056000e-03 3.372600e-01
482 6.614880e-01 1.084000e-03 3.374280e-01
483 6.612440e-01 1.188000e-03 3.375680e-01
484 6.610560e-01 1.200000e-03 3.377440e-01
485 6.608120e-01 1.196000e-03 3.379920e-01
486 6.606360e-01 1.136000e-03 3.382280e-01
487 6.604200e-01 1.148000e-03 3.384320e-01
488 6.602160e-01 1.192000e-03 3.385920e-01
489 6.600400e-01 1.180000e-03 3.387800e-01
490 6.598840e-01 1.104000e-03 3.390120e-01
491 6.596720e-01 1.140000e-03 3.391880e-01
492 6.594760e-01 1.120000e-03 3.394040e-01
493 6.592880e-01 1.084000e-03 3.396280e-01
494 6.590800e-01 1.116000e-03 3.398040e-01
495 6.589160e-01 1.092000e-03 3.399920e-01
496 6.587000e-01 1.168000e-03 3.401320e-01
497 6.584720e-01 1.224000e-03 3.403040e-01
498 6.582360e-01 1.268000e-03 3.404960e-01
499 6.579960e-01 1.312000e-03 3.406920e-01
500 6.577800e-01 1.304000e-03 3.409160e-01
