1 9.991600e-01 7.320000e-04 1.080000e-04
2 9.986640e-01 1.072000e-03 2.640000e-04
3 9.981400e-01 1.408000e-03 4.520000e-04
4 9.971720e-01 2.084000e-03 7.440000e-04
5 9.964400e-01 2.412000e-03 1.148000e-03
6 9.956160e-01 2.860000e-03 1.524000e-03
7 9.947440e-01 3.132000e-03 2.124000e-03
8 9.937640e-01 3.576000e-03 2.660000e-03
9 9.927920e-01 3.948000e-03 3.260000e-03
10 9.917880e-01 4.216000e-03 3.996000e-03
11 9.907480e-01 4.492000e-03 4.760000e-03
12 9.896760e-01 4.732000e-03 5.592000e-03
13 9.887040e-01 4.912000e-03 6.384000e-03
14 9.877040e-01 5.036000e-03 7.260000e-03
15 9.866000e-01 5.268000e-03 8.132000e-03
16 9.853960e-01 5.572000e-03 9.032000e-03
17 9.840480e-01 5.956000e-03 9.996000e-03
18 9.827880e-01 6.172000e-03 1.104000e-02
19 9.813440e-01 6.476000e-03 1.218000e-02
20 9.799400e-01 6.736000e-03 1.332400e-02
21 9.785040e-01 7.016000e-03 1.448000e-02
22 9.771360e-01 7.184000e-03 1.568000e-02
23 9.757440e-01 7.336000e-03 1.692000e-02
24 9.742840e-01 7.536000e-03 1.818000e-02
25 9.727560e-01 7.856000e-03 1.938800e-02
26 9.711360e-01 8.024000e-03 2.084000e-02
27 9.695160e-01 8.052000e-03 2.243200e-02
28 9.679400e-01 8.100000e-03 2.396000e-02
29 9.663200e-01 8.152000e-03 2.552800e-02
30 9.647760e-01 8.268000e-03 2.695600e-02
31 9.630520e-01 8.492000e-03 2.845600e-02
32 9.612800e-01 8.588000e-03 3.013200e-02
33 9.595520e-01 8.816000e-03 3.163200e-02
34 9.577200e-01 9.068000e-03 3.321200e-02
35 9.560960e-01 9.092000e-03 3.481200e-02
36 9.543840e-01 9.232000e-03 3.638400e-02
37 9.525040e-01 9.388000e-03 3.810800e-02
38 9.507240e-01 9.484000e-03 3.979200e-02
39 9.488400e-01 9.728000e-03 4.143200e-02
40 9.470400e-01 9.772000e-03 4.318800e-02
41 9.452000e-01 9.916000e-03 4.488400e-02
42 9.434400e-01 9.800000e-03 4.676000e-02
43 9.416000e-01 9.788000e-03 4.861200e-02
44 9.399440e-01 9.768000e-03 5.028800e-02
45 9.380960e-01 1.000000e-02 5.190400e-02
46 9.364640e-01 9.972000e-03 5.356400e-02
47 9.346320e-01 1.002800e-02 5.534000e-02
48 9.328720e-01 1.008800e-02 5.704000e-02
49 9.310720e-01 1.012400e-02 5.880400e-02
50 9.291960e-01 1.008000e-02 6.072400e-02
51 9.273360e-01 1.024800e-02 6.241600e-02
52 9.255200e-01 1.028400e-02 6.419600e-02
53 9.235600e-01 1.041600e-02 6.602400e-02
54 9.216800e-01 1.044000e-02 6.788000e-02
55 9.199080e-01 1.051200e-02 6.958000e-02
56 9.180320e-01 1.053200e-02 7.143600e-02
57 9.162680e-01 1.041600e-02 7.331600e-02
58 9.143400e-01 1.051200e-02 7.514800e-02
59 9.123240e-01 1.057600e-02 7.710000e-02
60 9.105600e-01 1.036800e-02 7.907200e-02
61 9.086240e-01 1.042800e-02 8.094800e-02
62 9.066400e-01 1.062000e-02 8.274000e-02
63 9.047640e-01 1.052000e-02 8.471600e-02
64 9.028440e-01 1.066800e-02 8.648800e-02
65 9.009600e-01 1.067600e-02 8.836400e-02
66 8.989880e-01 1.080000e-02 9.021200e-02
67 8.970720e-01 1.085600e-02 9.207200e-02
68 8.952280e-01 1.067200e-02 9.410000e-02
69 8.934600e-01 1.050000e-02 9.604000e-02
70 8.916200e-01 1.052800e-02 9.785200e-02
71 8.898560e-01 1.046000e-02 9.968400e-02
72 8.881960e-01 1.029200e-02 1.015120e-01
73 8.864960e-01 1.012800e-02 1.033760e-01
74 8.847480e-01 1.010400e-02 1.051480e-01
75 8.829880e-01 1.004000e-02 1.069720e-01
76 8.811960e-01 1.000400e-02 1.088000e-01
77 8.795320e-01 9.980000e-03 1.104880e-01
78 8.779520e-01 9.920000e-03 1.121280e-01
79 8.761760e-01 9.800000e-03 1.140240e-01
80 8.744520e-01 9.716000e-03 1.158320e-01
81 8.728800e-01 9.604000e-03 1.175160e-01
82 8.712840e-01 9.560000e-03 1.191560e-01
83 8.697080e-01 9.524000e-03 1.207680e-01
84 8.681680e-01 9.480000e-03 1.223520e-01
85 8.667520e-01 9.260000e-03 1.239880e-01
86 8.651240e-01 9.288000e-03 1.255880e-01
87 8.633840e-01 9.408000e-03 1.272080e-01
88 8.614800e-01 9.588000e-03 1.289320e-01
89 8.597800e-01 9.608000e-03 1.306120e-01
90 8.578920e-01 9.796000e-03 1.323120e-01
91 8.560840e-01 9.772000e-03 1.341440e-01
92 8.543960e-01 9.780000e-03 1.358240e-01
93 8.526560e-01 9.860000e-03 1.374840e-01
94 8.509080e-01 9.884000e-03 1.392080e-01
95 8.491800e-01 9.908000e-03 1.409120e-01
96 8.473520e-01 1.000000e-02 1.426480e-01
97 8.454840e-01 1.022800e-02 1.442880e-01
98 8.437440e-01 1.015200e-02 1.461040e-01
99 8.420040e-01 1.024000e-02 1.477560e-01
100 8.403240e-01 1.012800e-02 1.495480e-01
101 8.385320e-01 1.008000e-02 1.513880e-01
102 8.369440e-01 9.992000e-03 1.530640e-01
103 8.352440e-01 9.984000e-03 1.547720e-01
104 8.335800e-01 9.952000e-03 1.564680e-01
105 8.319000e-01 9.800000e-03 1.583000e-01
106 8.300000e-01 9.928000e-03 1.600720e-01
107 8.284280e-01 9.596000e-03 1.619760e-01
108 8.269240e-01 9.428000e-03 1.636480e-01
109 8.251200e-01 9.704000e-03 1.651760e-01
110 8.234720e-01 9.676000e-03 1.668520e-01
111 8.217880e-01 9.744000e-03 1.684680e-01
112 8.199360e-01 9.884000e-03 1.701800e-01
113 8.181000e-01 9.856000e-03 1.720440e-01
114 8.162440e-01 9.844000e-03 1.739120e-01
115 8.144560e-01 9.844000e-03 1.757000e-01
116 8.126920e-01 9.852000e-03 1.774560e-01
117 8.107040e-01 1.019200e-02 1.791040e-01
118 8.089080e-01 1.017200e-02 1.809200e-01
119 8.071720e-01 1.005600e-02 1.827720e-01
120 8.055360e-01 1.005600e-02 1.844080e-01
121 8.037880e-01 1.000000e-02 1.862120e-01
122 8.020160e-01 9.964000e-03 1.880200e-01
123 8.000640e-01 1.024800e-02 1.896880e-01
124 7.983480e-01 1.018400e-02 1.914680e-01
125 7.964880e-01 1.015600e-02 1.933560e-01
126 7.947280e-01 1.005600e-02 1.952160e-01
127 7.929600e-01 1.010000e-02 1.969400e-01
128 7.912680e-01 1.012400e-02 1.986080e-01
129 7.895520e-01 1.006800e-02 2.003800e-01
130 7.878200e-01 1.006000e-02 2.021200e-01
131 7.858360e-01 1.030000e-02 2.038640e-01
132 7.839280e-01 1.037200e-02 2.057000e-01
133 7.822080e-01 1.024400e-02 2.075480e-01
134 7.802880e-01 1.048800e-02 2.092240e-01
135 7.782080e-01 1.071600e-02 2.110760e-01
136 7.762640e-01 1.067600e-02 2.130600e-01
137 7.743720e-01 1.068000e-02 2.149480e-01
138 7.725200e-01 1.071600e-02 2.167640e-01
139 7.706520e-01 1.066400e-02 2.186840e-01
140 7.690480e-01 1.039600e-02 2.205560e-01
141 7.674760e-01 1.019200e-02 2.223320e-01
142 7.658440e-01 1.020000e-02 2.239560e-01
143 7.643360e-01 9.976000e-03 2.256880e-01
144 7.626920e-01 9.928000e-03 2.273800e-01
145 7.610960e-01 1.001600e-02 2.288880e-01
146 7.594560e-01 1.000800e-02 2.305360e-01
147 7.578920e-01 9.904000e-03 2.322040e-01
148 7.563640e-01 9.824000e-03 2.338120e-01
149 7.547240e-01 9.796000e-03 2.354800e-01
150 7.532240e-01 9.544000e-03 2.372320e-01
151 7.516440e-01 9.584000e-03 2.387720e-01
152 7.501560e-01 9.380000e-03 2.404640e-01
153 7.486000e-01 9.328000e-03 2.420720e-01
154 7.471160e-01 9.136000e-03 2.437480e-01
155 7.455640e-01 9.024000e-03 2.454120e-01
156 7.441400e-01 8.848000e-03 2.470120e-01
157 7.427960e-01 8.736000e-03 2.484680e-01
158 7.414320e-01 8.556000e-03 2.500120e-01
159 7.401440e-01 8.428000e-03 2.514280e-01
160 7.387360e-01 8.260000e-03 2.530040e-01
161 7.373800e-01 8.264000e-03 2.543560e-01
162 7.361880e-01 8.076000e-03 2.557360e-01
163 7.348920e-01 7.956000e-03 2.571520e-01
164 7.335960e-01 7.828000e-03 2.585760e-01
165 7.321600e-01 7.988000e-03 2.598520e-01
166 7.308160e-01 8.064000e-03 2.611200e-01
167 7.293760e-01 8.244000e-03 2.623800e-01
168 7.280600e-01 8.236000e-03 2.637040e-01
169 7.267880e-01 8.088000e-03 2.651240e-01
170 7.255240e-01 7.988000e-03 2.664880e-01
171 7.242400e-01 7.828000e-03 2.679320e-01
172 7.229240e-01 7.776000e-03 2.693000e-01
173 7.214720e-01 7.872000e-03 2.706560e-01
174 7.202200e-01 7.740000e-03 2.720400e-01
175 7.189320e-01 7.692000e-03 2.733760e-01
176 7.175920e-01 7.708000e-03 2.747000e-01
177 7.162760e-01 7.764000e-03 2.759600e-01
178 7.149560e-01 7.612000e-03 2.774320e-01
179 7.137920e-01 7.496000e-03 2.787120e-01
180 7.124880e-01 7.460000e-03 2.800520e-01
181 7.112080e-01 7.504000e-03 2.812880e-01
182 7.097960e-01 7.560000e-03 2.826440e-01
183 7.085640e-01 7.436000e-03 2.840000e-01
184 7.073080e-01 7.400000e-03 2.852920e-01
185 7.059680e-01 7.408000e-03 2.866240e-01
186 7.046320e-01 7.548000e-03 2.878200e-01
187 7.033160e-01 7.588000e-03 2.890960e-01
188 7.020800e-01 7.516000e-03 2.904040e-01
189 7.007720e-01 7.496000e-03 2.917320e-01
190 6.996360e-01 7.244000e-03 2.931200e-01
191 6.986680e-01 6.872000e-03 2.944600e-01
192 6.977040e-01 6.616000e-03 2.956800e-01
193 6.966720e-01 6.432000e-03 2.968960e-01
194 6.957800e-01 6.184000e-03 2.980360e-01
195 6.949760e-01 5.920000e-03 2.991040e-01
196 6.941360e-01 5.732000e-03 3.001320e-01
197 6.932720e-01 5.652000e-03 3.010760e-01
198 6.923720e-01 5.540000e-03 3.020880e-01
199 6.915200e-01 5.320000e-03 3.031600e-01
200 6.905960e-01 5.432000e-03 3.039720e-01
201 6.897280e-01 5.308000e-03 3.049640e-01
202 6.888640e-01 5.252000e-03 3.058840e-01
203 6.879560e-01 5.256000e-03 3.067880e-01
204 6.871440e-01 5.260000e-03 3.075960e-01
205 6.863560e-01 5.116000e-03 3.085280e-01
206 6.854960e-01 4.944000e-03 3.095600e-01
207 6.846040e-01 4.924000e-03 3.104720e-01
208 6.836800e-01 5.048000e-03 3.112720e-01
209 6.828160e-01 5.024000e-03 3.121600e-01
210 6.819720e-01 4.936000e-03 3.130920e-01
211 6.810840e-01 4.932000e-03 3.139840e-01
212 6.802520e-01 4.912000e-03 3.148360e-01
213 6.795600e-01 4.756000e-03 3.156840e-01
214 6.788000e-01 4.696000e-03 3.165040e-01
215 6.780640e-01 4.628000e-03 3.173080e-01
216 6.772760e-01 4.632000e-03 3.180920e-01
217 6.765320e-01 4.608000e-03 3.188600e-01
218 6.759200e-01 4.408000e-03 3.196720e-01
219 6.752640e-01 4.320000e-03 3.204160e-01
220 6.745400e-01 4.156000e-03 3.213040e-01
221 6.738040e-01 4.200000e-03 3.219960e-01
222 6.731120e-01 4.152000e-03 3.227360e-01
223 6.724120e-01 4.092000e-03 3.234960e-01
224 6.716840e-01 4.172000e-03 3.241440e-01
225 6.710600e-01 4.060000e-03 3.248800e-01
226 6.704680e-01 3.996000e-03 3.255360e-01
227 6.699040e-01 3.840000e-03 3.262560e-01
228 6.693000e-01 3.676000e-03 3.270240e-01
229 6.686400e-01 3.724000e-03 3.276360e-01
230 6.679800e-01 3.776000e-03 3.282440e-01
231 6.675000e-01 3.640000e-03 3.288600e-01
232 6.668680e-01 3.584000e-03 3.295480e-01
233 6.663440e-01 3.472000e-03 3.301840e-01
234 6.658480e-01 3.400000e-03 3.307520e-01
235 6.653280e-01 3.348000e-03 3.313240e-01
236 6.648120e-01 3.268000e-03 3.319200e-01
237 6.643000e-01 3.152000e-03 3.325480e-01
238 6.637960e-01 3.068000e-03 3.331360e-01
239 6.633280e-01 2.960000e-03 3.337120e-01
240 6.628120e-01 2.924000e-03 3.342640e-01
241 6.623040e-01 2.980000e-03 3.347160e-01
242 6.617160e-01 3.044000e-03 3.352400e-01
243 6.611240e-01 3.064000e-03 3.358120e-01
244 6.606440e-01 3.040000e-03 3.363160e-01
245 6.601160e-01 3.020000e-03 3.368640e-01
246 6.597040e-01 2.928000e-03 3.373680e-01
247 6.592520e-01 2.900000e-03 3.378480e-01
248 6.587880e-01 2.824000e-03 3.383880e-01
249 6.584040e-01 2.748000e-03 3.388480e-01
250 6.579760e-01 2.728000e-03 3.392960e-01
251 6.574800e-01 2.720000e-03 3.398000e-01
252 6.570720e-01 2.632000e-03 3.402960e-01
253 6.566480e-01 2.548000e-03 3.408040e-01
254 6.561840e-01 2.568000e-03 3.412480e-01
255 6.557000e-01 2.636000e-03 3.416640e-01
256 6.552480e-01 2.684000e-03 3.420680e-01
257 6.547920e-01 2.696000e-03 3.425120e-01
258 6.543560e-01 2.756000e-03 3.428880e-01
259 6.539360e-01 2.744000e-03 3.433200e-01
260 6.534720e-01 2.720000e-03 3.438080e-01
261 6.530480e-01 2.688000e-03 3.442640e-01
262 6.526520e-01 2.680000e-03 3.446680e-01
263 6.522520e-01 2.616000e-03 3.451320e-01
264 6.518520e-01 2.588000e-03 3.455600e-01
265 6.514480e-01 2.572000e-03 3.459800e-01
266 6.510440e-01 2.560000e-03 3.463960e-01
267 6.506440e-01 2.460000e-03 3.468960e-01
268 6.502160e-01 2.396000e-03 3.473880e-01
269 6.497960e-01 2.364000e-03 3.478400e-01
270 6.494440e-01 2.352000e-03 3.482040e-01
271 6.490640e-01 2.304000e-03 3.486320e-01
272 6.486480e-01 2.296000e-03 3.490560e-01
273 6.481440e-01 2.396000e-03 3.494600e-01
274 6.477000e-01 2.440000e-03 3.498600e-01
275 6.472320e-01 2.496000e-03 3.502720e-01
276 6.467880e-01 2.496000e-03 3.507160e-01
277 6.463800e-01 2.452000e-03 3.511680e-01
278 6.459720e-01 2.448000e-03 3.515800e-01
279 6.455760e-01 2.408000e-03 3.520160e-01
280 6.452560e-01 2.340000e-03 3.524040e-01
281 6.449640e-01 2.260000e-03 3.527760e-01
282 6.446520e-01 2.120000e-03 3.532280e-01
283 6.442360e-01 2.208000e-03 3.535560e-01
284 6.438160e-01 2.244000e-03 3.539400e-01
285 6.434440e-01 2.320000e-03 3.542360e-01
286 6.430560e-01 2.296000e-03 3.546480e-01
287 6.427120e-01 2.276000e-03 3.550120e-01
288 6.423800e-01 2.216000e-03 3.554040e-01
289 6.420560e-01 2.176000e-03 3.557680e-01
290 6.416960e-01 2.140000e-03 3.561640e-01
291 6.413840e-01 2.052000e-03 3.565640e-01
292 6.410760e-01 1.988000e-03 3.569360e-01
293 6.407120e-01 2.028000e-03 3.572600e-01
294 6.403640e-01 2.048000e-03 3.575880e-01
295 6.399840e-01 2.080000e-03 3.579360e-01
296 6.396520e-01 2.040000e-03 3.583080e-01
297 6.392800e-01 2.100000e-03 3.586200e-01
298 6.389440e-01 2.080000e-03 3.589760e-01
299 6.385880e-01 2.088000e-03 3.593240e-01
300 6.382240e-01 2.028000e-03 3.597480e-01
301 6.379040e-01 2.056000e-03 3.600400e-01
302 6.375880e-01 2.048000e-03 3.603640e-01
303 6.371960e-01 2.112000e-03 3.606920e-01
304 6.368400e-01 2.084000e-03 3.610760e-01
305 6.364920e-01 2.044000e-03 3.614640e-01
306 6.361520e-01 2.000000e-03 3.618480e-01
307 6.358400e-01 1.956000e-03 3.622040e-01
308 6.355360e-01 1.904000e-03 3.625600e-01
309 6.352480e-01 1.876000e-03 3.628760e-01
310 6.349720e-01 1.848000e-03 3.631800e-01
311 6.346720e-01 1.876000e-03 3.634520e-01
312 6.343520e-01 1.828000e-03 3.638200e-01
313 6.340760e-01 1.848000e-03 3.640760e-01
314 6.337200e-01 1.916000e-03 3.643640e-01
315 6.333760e-01 1.916000e-03 3.647080e-01
316 6.330560e-01 1.884000e-03 3.650600e-01
317 6.327280e-01 1.844000e-03 3.654280e-01
318 6.325040e-01 1.748000e-03 3.657480e-01
319 6.322040e-01 1.708000e-03 3.660880e-01
320 6.319280e-01 1.672000e-03 3.664000e-01
321 6.316280e-01 1.720000e-03 3.666520e-01
322 6.313320e-01 1.716000e-03 3.669520e-01
323 6.309840e-01 1.804000e-03 3.672120e-01
324 6.308040e-01 1.680000e-03 3.675160e-01
325 6.305560e-01 1.628000e-03 3.678160e-01
326 6.303640e-01 1.552000e-03 3.680840e-01
327 6.301000e-01 1.516000e-03 3.683840e-01
328 6.298720e-01 1.508000e-03 3.686200e-01
329 6.296640e-01 1.420000e-03 3.689160e-01
330 6.294240e-01 1.384000e-03 3.691920e-01
331 6.291760e-01 1.412000e-03 3.694120e-01
332 6.289080e-01 1.440000e-03 3.696520e-01
333 6.286840e-01 1.392000e-03 3.699240e-01
334 6.284880e-01 1.320000e-03 3.701920e-01
335 6.282760e-01 1.276000e-03 3.704480e-01
336 6.280560e-01 1.256000e-03 3.706880e-01
337 6.278640e-01 1.240000e-03 3.708960e-01
338 6.276960e-01 1.240000e-03 3.710640e-01
339 6.275320e-01 1.196000e-03 3.712720e-01
340 6.273200e-01 1.204000e-03 3.714760e-01
341 6.271560e-01 1.172000e-03 3.716720e-01
342 6.269720e-01 1.112000e-03 3.719160e-01
343 6.268120e-01 1.044000e-03 3.721440e-01
344 6.266560e-01 1.004000e-03 3.723400e-01
345 6.264560e-01 1.060000e-03 3.724840e-01
346 6.263160e-01 1.036000e-03 3.726480e-01
347 6.261720e-01 1.028000e-03 3.728000e-01
348 6.259960e-01 1.016000e-03 3.729880e-01
349 6.258440e-01 1.040000e-03 3.731160e-01
350 6.256520e-01 1.056000e-03 3.732920e-01
351 6.254720e-01 1.064000e-03 3.734640e-01
352 6.252680e-01 1.020000e-03 3.737120e-01
353 6.250560e-01 1.032000e-03 3.739120e-01
354 6.249240e-01 9.680000e-04 3.741080e-01
355 6.247600e-01 9.680000e-04 3.742720e-01
356 6.246000e-01 9.640000e-04 3.744360e-01
357 6.243920e-01 9.840000e-04 3.746240e-01
358 6.242160e-01 1.012000e-03 3.747720e-01
359 6.240160e-01 1.040000e-03 3.749440e-01
360 6.238320e-01 1.016000e-03 3.751520e-01
361 6.236400e-01 1.044000e-03 3.753160e-01
362 6.234720e-01 1.044000e-03 3.754840e-01
363 6.233040e-01 9.960000e-04 3.757000e-01
364 6.231840e-01 9.760000e-04 3.758400e-01
365 6.230400e-01 9.480000e-04 3.760120e-01
366 6.229280e-01 8.800000e-04 3.761920e-01
367 6.227480e-01 9.200000e-04 3.763320e-01
368 6.226120e-01 9.000000e-04 3.764880e-01
369 6.224400e-01 9.120000e-04 3.766480e-01
370 6.222480e-01 9.480000e-04 3.768040e-01
371 6.219840e-01 1.044000e-03 3.769720e-01
372 6.218000e-01 1.060000e-03 3.771400e-01
373 6.215880e-01 1.100000e-03 3.773120e-01
374 6.213800e-01 1.108000e-03 3.775120e-01
375 6.211760e-01 1.104000e-03 3.777200e-01
376 6.210080e-01 1.080000e-03 3.779120e-01
377 6.208560e-01 1.056000e-03 3.780880e-01
378 6.207000e-01 1.024000e-03 3.782760e-01
379 6.204960e-01 1.004000e-03 3.785000e-01
380 6.203240e-01 9.720000e-04 3.787040e-01
381 6.201280e-01 9.560000e-04 3.789160e-01
382 6.200280e-01 9.000000e-04 3.790720e-01
383 6.199040e-01 8.520000e-04 3.792440e-01
384 6.197720e-01 8.160000e-04 3.794120e-01
385 6.196000e-01 7.880000e-04 3.796120e-01
386 6.194760e-01 7.560000e-04 3.797680e-01
387 6.193480e-01 7.840000e-04 3.798680e-01
388 6.192240e-01 7.640000e-04 3.800120e-01
389 6.190800e-01 7.720000e-04 3.801480e-01
390 6.189320e-01 7.880000e-04 3.802800e-01
391 6.188120e-01 7.840000e-04 3.804040e-01
392 6.186920e-01 7.720000e-04 3.805360e-01
393 6.185880e-01 7.320000e-04 3.806800e-01
394 6.184560e-01 7.640000e-04 3.807800e-01
395 6.183400e-01 7.640000e-04 3.808960e-01
396 6.181880e-01 8.040000e-04 3.810080e-01
397 6.180960e-01 7.720000e-04 3.811320e-01
398 6.179640e-01 7.640000e-04 3.812720e-01
399 6.178520e-01 7.320000e-04 3.814160e-01
400 6.177640e-01 6.640000e-04 3.815720e-01
401 6.176520e-01 6.560000e-04 3.816920e-01
402 6.175320e-01 6.560000e-04 3.818120e-01
403 6.174160e-01 6.480000e-04 3.819360e-01
404 6.172880e-01 6.680000e-04 3.820440e-01
405 6.171640e-01 6.760000e-04 3.821600e-01
406 6.170680e-01 6.320000e-04 3.823000e-01
407 6.169840e-01 6.240000e-04 3.823920e-01
408 6.169080e-01 6.160000e-04 3.824760e-01
409 6.168040e-01 6.160000e-04 3.825800e-01
410 6.167320e-01 6.120000e-04 3.826560e-01
411 6.166280e-01 6.000000e-04 3.827720e-01
412 6.165320e-01 6.120000e-04 3.828560e-01
413 6.164320e-01 5.760000e-04 3.829920e-01
414 6.163440e-01 5.960000e-04 3.830600e-01
415 6.162720e-01 5.680000e-04 3.831600e-01
416 6.162000e-01 5.680000e-04 3.832320e-01
417 6.161240e-01 5.680000e-04 3.833080e-01
418 6.160240e-01 5.720000e-04 3.834040e-01
419 6.159520e-01 5.480000e-04 3.835000e-01
420 6.158840e-01 5.200000e-04 3.835960e-01
421 6.157920e-01 5.280000e-04 3.836800e-01
422 6.157080e-01 5.320000e-04 3.837600e-01
423 6.156360e-01 5.160000e-04 3.838480e-01
424 6.155600e-01 5.040000e-04 3.839360e-01
425 6.154640e-01 4.960000e-04 3.840400e-01
426 6.153440e-01 5.640000e-04 3.840920e-01
427 6.152440e-01 5.840000e-04 3.841720e-01
428 6.151720e-01 5.440000e-04 3.842840e-01
429 6.150800e-01 5.480000e-04 3.843720e-01
430 6.149920e-01 5.240000e-04 3.844840e-01
431 6.149120e-01 5.040000e-04 3.845840e-01
432 6.148600e-01 4.520000e-04 3.846880e-01
433 6.148080e-01 4.160000e-04 3.847760e-01
434 6.147440e-01 3.920000e-04 3.848640e-01
435 6.146960e-01 3.920000e-04 3.849120e-01
436 6.146280e-01 4.040000e-04 3.849680e-01
437 6.145280e-01 4.280000e-04 3.850440e-01
438 6.144840e-01 4.240000e-04 3.850920e-01
439 6.144120e-01 3.920000e-04 3.851960e-01
440 6.143560e-01 3.640000e-04 3.852800e-01
441 6.143040e-01 3.440000e-04 3.853520e-01
442 6.142480e-01 3.200000e-04 3.854320e-01
443 6.142040e-01 3.000000e-04 3.854960e-01
444 6.141560e-01 3.040000e-04 3.855400e-01
445 6.140800e-01 3.040000e-04 3.856160e-01
446 6.140040e-01 3.520000e-04 3.856440e-01
447 6.139520e-01 3.240000e-04 3.857240e-01
448 6.138720e-01 3.400000e-04 3.857880e-01
449 6.138360e-01 3.000000e-04 3.858640e-01
450 6.137880e-01 2.720000e-04 3.859400e-01
451 6.137440e-01 2.720000e-04 3.859840e-01
452 6.136960e-01 2.560000e-04 3.860480e-01
453 6.136400e-01 2.480000e-04 3.861120e-01
454 6.136120e-01 2.240000e-04 3.861640e-01
455 6.135680e-01 2.240000e-04 3.862080e-01
456 6.135280e-01 2.160000e-04 3.862560e-01
457 6.134920e-01 2.120000e-04 3.862960e-01
458 6.134520e-01 2.240000e-04 3.863240e-01
459 6.133800e-01 2.720000e-04 3.863480e-01
460 6.133240e-01 3.000000e-04 3.863760e-01
461 6.132800e-01 2.880000e-04 3.864320e-01
462 6.131800e-01 3.360000e-04 3.864840e-01
463 6.131200e-01 3.480000e-04 3.865320e-01
464 6.130520e-01 3.520000e-04 3.865960e-01
465 6.129480e-01 3.760000e-04 3.866760e-01
466 6.128560e-01 3.960000e-04 3.867480e-01
467 6.127560e-01 4.240000e-04 3.868200e-01
468 6.126840e-01 4.040000e-04 3.869120e-01
469 6.126120e-01 4.000000e-04 3.869880e-01
470 6.125200e-01 4.240000e-04 3.870560e-01
471 6.124560e-01 4.120000e-04 3.871320e-01
472 6.123680e-01 4.400000e-04 3.871920e-01
473 6.123080e-01 4.040000e-04 3.872880e-01
474 6.122680e-01 3.720000e-04 3.873600e-01
475 6.122120e-01 3.800000e-04 3.874080e-01
476 6.121320e-01 4.120000e-04 3.874560e-01
477 6.120760e-01 3.960000e-04 3.875280e-01
478 6.120040e-01 4.040000e-04 3.875920e-01
479 6.119080e-01 4.080000e-04 3.876840e-01
480 6.118520e-01 4.040000e-04 3.877440e-01
481 6.117720e-01 4.040000e-04 3.878240e-01
482 6.116680e-01 4.200000e-04 3.879120e-01
483 6.115920e-01 4.360000e-04 3.879720e-01
484 6.115240e-01 4.120000e-04 3.880640e-01
485 6.114520e-01 4.040000e-04 3.881440e-01
486 6.113960e-01 3.560000e-04 3.882480e-01
487 6.113400e-01 3.760000e-04 3.882840e-01
488 6.112840e-01 3.640000e-04 3.883520e-01
489 6.112080e-01 3.760000e-04 3.884160e-01
490 6.111280e-01 3.920000e-04 3.884800e-01
491 6.110440e-01 4.440000e-04 3.885120e-01
492 6.109120e-01 4.960000e-04 3.885920e-01
493 6.108040e-01 5.040000e-04 3.886920e-01
494 6.107000e-01 5.240000e-04 3.887760e-01
495 6.106000e-01 5.480000e-04 3.888520e-01
496 6.105520e-01 4.920000e-04 3.889560e-01
497 6.104640e-01 5.080000e-04 3.890280e-01
498 6.103960e-01 4.680000e-04 3.891360e-01
499 6.103200e-01 4.520000e-04 3.892280e-01
500 6.102560e-01 4.400000e-04 3.893040e-01
