1 9.992760e-01 6.600000e-04 6.400000e-05
2 9.987920e-01 1.004000e-03 2.040000e-04
3 9.981760e-01 1.416000e-03 4.080000e-04
4 9.974520e-01 1.776000e-03 7.720000e-04
5 9.965760e-01 2.276000e-03 1.148000e-03
6 9.956880e-01 2.696000e-03 1.616000e-03
7 9.946200e-01 3.304000e-03 2.076000e-03
8 9.936000e-01 3.676000e-03 2.724000e-03
9 9.926440e-01 3.892000e-03 3.464000e-03
10 9.913960e-01 4.432000e-03 4.172000e-03
11 9.901880e-01 4.840000e-03 4.972000e-03
12 9.889680e-01 5.172000e-03 5.860000e-03
13 9.877480e-01 5.540000e-03 6.712000e-03
14 9.866400e-01 5.636000e-03 7.724000e-03
15 9.854720e-01 5.816000e-03 8.712000e-03
16 9.842680e-01 5.964000e-03 9.768000e-03
17 9.830200e-01 6.176000e-03 1.080400e-02
18 9.817200e-01 6.316000e-03 1.196400e-02
19 9.804920e-01 6.436000e-03 1.307200e-02
20 9.792200e-01 6.544000e-03 1.423600e-02
21 9.778600e-01 6.720000e-03 1.542000e-02
22 9.764040e-01 6.964000e-03 1.663200e-02
23 9.751280e-01 7.024000e-03 1.784800e-02
24 9.737320e-01 7.136000e-03 1.913200e-02
25 9.724320e-01 7.112000e-03 2.045600e-02
26 9.710640e-01 7.248000e-03 2.168800e-02
27 9.694560e-01 7.536000e-03 2.300800e-02
28 9.679160e-01 7.848000e-03 2.423600e-02
29 9.662360e-01 8.152000e-03 2.561200e-02
30 9.646120e-01 8.308000e-03 2.708000e-02
31 9.629400e-01 8.564000e-03 2.849600e-02
32 9.614720e-01 8.596000e-03 2.993200e-02
33 9.599160e-01 8.612000e-03 3.147200e-02
34 9.582840e-01 8.752000e-03 3.296400e-02
35 9.566440e-01 8.980000e-03 3.437600e-02
36 9.548120e-01 9.240000e-03 3.594800e-02
37 9.533040e-01 9.028000e-03 3.766800e-02
38 9.515160e-01 9.176000e-03 3.930800e-02
39 9.499040e-01 9.116000e-03 4.098000e-02
40 9.481960e-01 9.272000e-03 4.253200e-02
41 9.463880e-01 9.452000e-03 4.416000e-02
42 9.445840e-01 9.504000e-03 4.591200e-02
43 9.427360e-01 9.784000e-03 4.748000e-02
44 9.409240e-01 9.896000e-03 4.918000e-02
45 9.390480e-01 1.008400e-02 5.086800e-02
46 9.371680e-01 1.030400e-02 5.252800e-02
47 9.354040e-01 1.020000e-02 5.439600e-02
48 9.335280e-01 1.027600e-02 5.619600e-02
49 9.317240e-01 1.022000e-02 5.805600e-02
50 9.299760e-01 1.018400e-02 5.984000e-02
51 9.280280e-01 1.038400e-02 6.158800e-02
52 9.261960e-01 1.038000e-02 6.342400e-02
53 9.243840e-01 1.044400e-02 6.517200e-02
54 9.225680e-01 1.039200e-02 6.704000e-02
55 9.210160e-01 1.020400e-02 6.878000e-02
56 9.193240e-01 1.006800e-02 7.060800e-02
57 9.176760e-01 9.964000e-03 7.236000e-02
58 9.159080e-01 9.900000e-03 7.419200e-02
59 9.143000e-01 9.760000e-03 7.594000e-02
60 9.127840e-01 9.532000e-03 7.768400e-02
61 9.110600e-01 9.592000e-03 7.934800e-02
62 9.094960e-01 9.448000e-03 8.105600e-02
63 9.078920e-01 9.544000e-03 8.256400e-02
64 9.063280e-01 9.444000e-03 8.422800e-02
65 9.047880e-01 9.348000e-03 8.586400e-02
66 9.033280e-01 9.048000e-03 8.762400e-02
67 9.017720e-01 9.184000e-03 8.904400e-02
68 9.002680e-01 9.136000e-03 9.059600e-02
69 8.987880e-01 9.048000e-03 9.216400e-02
70 8.973320e-01 8.960000e-03 9.370800e-02
71 8.959680e-01 8.860000e-03 9.517200e-02
72 8.945040e-01 8.772000e-03 9.672400e-02
73 8.931080e-01 8.596000e-03 9.829600e-02
74 8.916160e-01 8.480000e-03 9.990400e-02
75 8.903320e-01 8.496000e-03 1.011720e-01
76 8.888040e-01 8.616000e-03 1.025800e-01
77 8.872520e-01 8.712000e-03 1.040360e-01
78 8.858160e-01 8.700000e-03 1.054840e-01
79 8.843200e-01 8.756000e-03 1.069240e-01
80 8.828800e-01 8.600000e-03 1.085200e-01
81 8.813800e-01 8.644000e-03 1.099760e-01
82 8.800080e-01 8.548000e-03 1.114440e-01
83 8.784440e-01 8.756000e-03 1.128000e-01
84 8.768600e-01 8.776000e-03 1.143640e-01
85 8.753280e-01 8.728000e-03 1.159440e-01
86 8.737440e-01 8.740000e-03 1.175160e-01
87 8.723480e-01 8.548000e-03 1.191040e-01
88 8.707240e-01 8.616000e-03 1.206600e-01
89 8.692840e-01 8.536000e-03 1.221800e-01
90 8.679120e-01 8.400000e-03 1.236880e-01
91 8.664600e-01 8.428000e-03 1.251120e-01
92 8.650480e-01 8.432000e-03 1.265200e-01
93 8.636000e-01 8.316000e-03 1.280840e-01
94 8.622280e-01 8.260000e-03 1.295120e-01
95 8.609520e-01 8.044000e-03 1.310040e-01
96 8.596680e-01 7.956000e-03 1.323760e-01
97 8.581240e-01 7.984000e-03 1.338920e-01
98 8.566240e-01 8.056000e-03 1.353200e-01
99 8.551320e-01 8.096000e-03 1.367720e-01
100 8.537040e-01 8.072000e-03 1.382240e-01
101 8.523120e-01 8.216000e-03 1.394720e-01
102 8.508200e-01 8.120000e-03 1.410600e-01
103 8.494600e-01 7.984000e-03 1.425560e-01
104 8.480520e-01 8.120000e-03 1.438280e-01
105 8.465840e-01 8.232000e-03 1.451840e-01
106 8.451880e-01 8.180000e-03 1.466320e-01
107 8.438640e-01 8.028000e-03 1.481080e-01
108 8.424880e-01 7.996000e-03 1.495160e-01
109 8.411360e-01 7.892000e-03 1.509720e-01
110 8.398760e-01 7.712000e-03 1.524120e-01
111 8.384960e-01 7.680000e-03 1.538240e-01
112 8.369480e-01 7.860000e-03 1.551920e-01
113 8.355320e-01 7.816000e-03 1.566520e-01
114 8.340880e-01 7.868000e-03 1.580440e-01
115 8.327240e-01 7.880000e-03 1.593960e-01
116 8.312880e-01 7.960000e-03 1.607520e-01
117 8.298480e-01 8.048000e-03 1.621040e-01
118 8.285560e-01 7.944000e-03 1.635000e-01
119 8.271640e-01 7.880000e-03 1.649560e-01
120 8.258480e-01 7.728000e-03 1.664240e-01
121 8.245280e-01 7.660000e-03 1.678120e-01
122 8.232200e-01 7.636000e-03 1.691440e-01
123 8.218400e-01 7.624000e-03 1.705360e-01
124 8.205760e-01 7.500000e-03 1.719240e-01
125 8.192640e-01 7.440000e-03 1.732960e-01
126 8.179800e-01 7.500000e-03 1.745200e-01
127 8.166920e-01 7.484000e-03 1.758240e-01
128 8.155040e-01 7.360000e-03 1.771360e-01
129 8.142280e-01 7.380000e-03 1.783920e-01
130 8.129840e-01 7.328000e-03 1.796880e-01
131 8.118680e-01 7.020000e-03 1.811120e-01
132 8.107080e-01 6.972000e-03 1.823200e-01
133 8.097040e-01 6.864000e-03 1.834320e-01
134 8.086680e-01 6.804000e-03 1.845280e-01
135 8.075920e-01 6.724000e-03 1.856840e-01
136 8.066160e-01 6.596000e-03 1.867880e-01
137 8.055480e-01 6.400000e-03 1.880520e-01
138 8.044840e-01 6.340000e-03 1.891760e-01
139 8.034440e-01 6.376000e-03 1.901800e-01
140 8.022040e-01 6.540000e-03 1.912560e-01
141 8.009000e-01 6.808000e-03 1.922920e-01
142 7.997360e-01 6.840000e-03 1.934240e-01
143 7.985320e-01 6.816000e-03 1.946520e-01
144 7.972600e-01 6.824000e-03 1.959160e-01
145 7.960280e-01 6.828000e-03 1.971440e-01
146 7.949040e-01 6.704000e-03 1.983920e-01
147 7.937240e-01 6.788000e-03 1.994880e-01
148 7.926640e-01 6.672000e-03 2.006640e-01
149 7.916160e-01 6.584000e-03 2.018000e-01
150 7.906040e-01 6.368000e-03 2.030280e-01
151 7.894840e-01 6.404000e-03 2.041120e-01
152 7.884160e-01 6.376000e-03 2.052080e-01
153 7.874440e-01 6.084000e-03 2.064720e-01
154 7.864760e-01 6.008000e-03 2.075160e-01
155 7.853080e-01 6.124000e-03 2.085680e-01
156 7.842200e-01 6.200000e-03 2.095800e-01
157 7.831400e-01 6.252000e-03 2.106080e-01
158 7.820800e-01 6.260000e-03 2.116600e-01
159 7.810520e-01 6.192000e-03 2.127560e-01
160 7.799800e-01 6.104000e-03 2.139160e-01
161 7.789080e-01 6.084000e-03 2.150080e-01
162 7.777160e-01 6.224000e-03 2.160600e-01
163 7.766040e-01 6.224000e-03 2.171720e-01
164 7.755600e-01 6.292000e-03 2.181480e-01
165 7.745080e-01 6.252000e-03 2.192400e-01
166 7.734720e-01 6.236000e-03 2.202920e-01
167 7.723560e-01 6.208000e-03 2.214360e-01
168 7.712680e-01 6.120000e-03 2.226120e-01
169 7.701280e-01 6.176000e-03 2.236960e-01
170 7.691280e-01 6.000000e-03 2.248720e-01
171 7.679720e-01 6.164000e-03 2.258640e-01
172 7.667560e-01 6.208000e-03 2.270360e-01
173 7.656320e-01 6.196000e-03 2.281720e-01
174 7.644840e-01 6.244000e-03 2.292720e-01
175 7.633000e-01 6.532000e-03 2.301680e-01
176 7.621240e-01 6.532000e-03 2.313440e-01
177 7.608880e-01 6.540000e-03 2.325720e-01
178 7.596960e-01 6.676000e-03 2.336280e-01
179 7.585520e-01 6.588000e-03 2.348600e-01
180 7.574280e-01 6.572000e-03 2.360000e-01
181 7.562160e-01 6.692000e-03 2.370920e-01
182 7.552160e-01 6.516000e-03 2.382680e-01
183 7.540920e-01 6.504000e-03 2.394040e-01
184 7.530480e-01 6.424000e-03 2.405280e-01
185 7.519040e-01 6.440000e-03 2.416560e-01
186 7.507600e-01 6.524000e-03 2.427160e-01
187 7.497040e-01 6.388000e-03 2.439080e-01
188 7.487480e-01 6.140000e-03 2.451120e-01
189 7.477000e-01 6.276000e-03 2.460240e-01
190 7.467800e-01 6.080000e-03 2.471400e-01
191 7.457640e-01 6.056000e-03 2.481800e-01
192 7.447440e-01 6.000000e-03 2.492560e-01
193 7.437920e-01 5.884000e-03 2.503240e-01
194 7.427960e-01 5.864000e-03 2.513400e-01
195 7.418240e-01 5.800000e-03 2.523760e-01
196 7.408680e-01 5.740000e-03 2.533920e-01
197 7.399760e-01 5.604000e-03 2.544200e-01
198 7.391400e-01 5.448000e-03 2.554120e-01
199 7.381640e-01 5.484000e-03 2.563520e-01
200 7.371160e-01 5.528000e-03 2.573560e-01
201 7.361840e-01 5.484000e-03 2.583320e-01
202 7.352320e-01 5.436000e-03 2.593320e-01
203 7.343040e-01 5.472000e-03 2.602240e-01
204 7.333600e-01 5.452000e-03 2.611880e-01
205 7.325120e-01 5.392000e-03 2.620960e-01
206 7.315760e-01 5.404000e-03 2.630200e-01
207 7.307200e-01 5.356000e-03 2.639240e-01
208 7.298680e-01 5.304000e-03 2.648280e-01
209 7.290200e-01 5.276000e-03 2.657040e-01
210 7.280560e-01 5.316000e-03 2.666280e-01
211 7.271520e-01 5.260000e-03 2.675880e-01
212 7.263280e-01 5.160000e-03 2.685120e-01
213 7.254280e-01 5.168000e-03 2.694040e-01
214 7.247040e-01 4.840000e-03 2.704560e-01
215 7.238640e-01 4.820000e-03 2.713160e-01
216 7.230480e-01 4.868000e-03 2.720840e-01
217 7.221440e-01 4.916000e-03 2.729400e-01
218 7.214640e-01 4.640000e-03 2.738960e-01
219 7.206240e-01 4.612000e-03 2.747640e-01
220 7.197840e-01 4.584000e-03 2.756320e-01
221 7.189680e-01 4.600000e-03 2.764320e-01
222 7.183280e-01 4.508000e-03 2.771640e-01
223 7.175840e-01 4.324000e-03 2.780920e-01
224 7.168240e-01 4.200000e-03 2.789760e-01
225 7.159520e-01 4.364000e-03 2.796840e-01
226 7.152040e-01 4.324000e-03 2.804720e-01
227 7.144560e-01 4.320000e-03 2.812240e-01
228 7.137280e-01 4.256000e-03 2.820160e-01
229 7.129560e-01 4.268000e-03 2.827760e-01
230 7.122520e-01 4.276000e-03 2.834720e-01
231 7.115680e-01 4.172000e-03 2.842600e-01
232 7.109080e-01 4.108000e-03 2.849840e-01
233 7.102640e-01 4.040000e-03 2.856960e-01
234 7.096160e-01 3.964000e-03 2.864200e-01
235 7.088680e-01 4.040000e-03 2.870920e-01
236 7.082360e-01 3.948000e-03 2.878160e-01
237 7.074360e-01 4.100000e-03 2.884640e-01
238 7.066600e-01 4.120000e-03 2.892200e-01
239 7.059080e-01 4.184000e-03 2.899080e-01
240 7.050720e-01 4.288000e-03 2.906400e-01
241 7.043040e-01 4.308000e-03 2.913880e-01
242 7.034320e-01 4.424000e-03 2.921440e-01
243 7.026720e-01 4.376000e-03 2.929520e-01
244 7.018760e-01 4.364000e-03 2.937600e-01
245 7.011880e-01 4.284000e-03 2.945280e-01
246 7.005440e-01 4.176000e-03 2.952800e-01
247 6.998840e-01 4.168000e-03 2.959480e-01
248 6.992840e-01 4.044000e-03 2.966720e-01
249 6.986080e-01 4.100000e-03 2.972920e-01
250 6.978880e-01 4.160000e-03 2.979520e-01
251 6.972680e-01 4.088000e-03 2.986440e-01
252 6.966240e-01 3.992000e-03 2.993840e-01
253 6.959800e-01 3.828000e-03 3.001920e-01
254 6.952640e-01 3.924000e-03 3.008120e-01
255 6.946760e-01 3.872000e-03 3.014520e-01
256 6.940880e-01 3.700000e-03 3.022120e-01
257 6.934480e-01 3.656000e-03 3.028960e-01
258 6.927640e-01 3.704000e-03 3.035320e-01
259 6.922000e-01 3.664000e-03 3.041360e-01
260 6.915160e-01 3.736000e-03 3.047480e-01
261 6.908520e-01 3.696000e-03 3.054520e-01
262 6.902000e-01 3.624000e-03 3.061760e-01
263 6.896200e-01 3.560000e-03 3.068200e-01
264 6.889920e-01 3.600000e-03 3.074080e-01
265 6.883000e-01 3.724000e-03 3.079760e-01
266 6.876560e-01 3.668000e-03 3.086760e-01
267 6.869440e-01 3.708000e-03 3.093480e-01
268 6.862600e-01 3.772000e-03 3.099680e-01
269 6.855840e-01 3.760000e-03 3.106560e-01
270 6.849600e-01 3.764000e-03 3.112760e-01
271 6.843400e-01 3.752000e-03 3.119080e-01
272 6.837840e-01 3.768000e-03 3.124480e-01
273 6.831200e-01 3.820000e-03 3.130600e-01
274 6.824920e-01 3.844000e-03 3.136640e-01
275 6.819280e-01 3.680000e-03 3.143920e-01
276 6.812720e-01 3.720000e-03 3.150080e-01
277 6.806840e-01 3.652000e-03 3.156640e-01
278 6.801480e-01 3.664000e-03 3.161880e-01
279 6.795240e-01 3.632000e-03 3.168440e-01
280 6.789600e-01 3.536000e-03 3.175040e-01
281 6.783760e-01 3.536000e-03 3.180880e-01
282 6.777600e-01 3.504000e-03 3.187360e-01
283 6.771720e-01 3.504000e-03 3.193240e-01
284 6.765600e-01 3.484000e-03 3.199560e-01
285 6.759440e-01 3.460000e-03 3.205960e-01
286 6.754240e-01 3.276000e-03 3.213000e-01
287 6.749640e-01 3.132000e-03 3.219040e-01
288 6.744560e-01 3.060000e-03 3.224840e-01
289 6.739560e-01 3.028000e-03 3.230160e-01
290 6.734800e-01 2.960000e-03 3.235600e-01
291 6.729640e-01 2.904000e-03 3.241320e-01
292 6.723880e-01 3.008000e-03 3.246040e-01
293 6.717960e-01 3.016000e-03 3.251880e-01
294 6.711360e-01 3.164000e-03 3.257000e-01
295 6.705800e-01 3.140000e-03 3.262800e-01
296 6.700400e-01 3.140000e-03 3.268200e-01
297 6.695040e-01 3.060000e-03 3.274360e-01
298 6.689360e-01 3.084000e-03 3.279800e-01
299 6.683120e-01 3.148000e-03 3.285400e-01
300 6.677680e-01 3.132000e-03 3.291000e-01
301 6.671240e-01 3.220000e-03 3.296560e-01
302 6.664680e-01 3.304000e-03 3.302280e-01
303 6.659120e-01 3.208000e-03 3.308800e-01
304 6.653560e-01 3.232000e-03 3.314120e-01
305 6.648000e-01 3.168000e-03 3.320320e-01
306 6.643000e-01 3.120000e-03 3.325800e-01
307 6.638360e-01 3.064000e-03 3.331000e-01
308 6.633000e-01 3.060000e-03 3.336400e-01
309 6.628160e-01 2.968000e-03 3.342160e-01
310 6.623560e-01 3.016000e-03 3.346280e-01
311 6.618560e-01 2.892000e-03 3.352520e-01
312 6.614800e-01 2.772000e-03 3.357480e-01
313 6.610640e-01 2.700000e-03 3.362360e-01
314 6.606240e-01 2.696000e-03 3.366800e-01
315 6.601640e-01 2.708000e-03 3.371280e-01
316 6.597080e-01 2.736000e-03 3.375560e-01
317 6.592360e-01 2.752000e-03 3.380120e-01
318 6.586840e-01 2.840000e-03 3.384760e-01
319 6.581560e-01 2.860000e-03 3.389840e-01
320 6.577080e-01 2.864000e-03 3.394280e-01
321 6.571880e-01 2.892000e-03 3.399200e-01
322 6.566920e-01 2.872000e-03 3.404360e-01
323 6.561360e-01 2.960000e-03 3.409040e-01
324 6.556280e-01 2.948000e-03 3.414240e-01
325 6.552160e-01 2.780000e-03 3.420040e-01
326 6.547680e-01 2.748000e-03 3.424840e-01
327 6.542120e-01 2.912000e-03 3.428760e-01
328 6.537640e-01 2.872000e-03 3.433640e-01
329 6.532760e-01 2.884000e-03 3.438400e-01
330 6.526640e-01 2.996000e-03 3.443400e-01
331 6.521680e-01 2.940000e-03 3.448920e-01
332 6.516600e-01 2.956000e-03 3.453840e-01
333 6.511680e-01 2.884000e-03 3.459480e-01
334 6.506440e-01 2.892000e-03 3.464640e-01
335 6.501800e-01 2.840000e-03 3.469800e-01
336 6.496520e-01 2.936000e-03 3.474120e-01
337 6.492200e-01 2.872000e-03 3.479080e-01
338 6.486520e-01 2.980000e-03 3.483680e-01
339 6.482200e-01 2.928000e-03 3.488520e-01
340 6.477560e-01 2.852000e-03 3.493920e-01
341 6.472800e-01 2.836000e-03 3.498840e-01
342 6.467920e-01 2.840000e-03 3.503680e-01
343 6.462600e-01 2.848000e-03 3.508920e-01
344 6.457920e-01 2.784000e-03 3.514240e-01
345 6.452680e-01 2.872000e-03 3.518600e-01
346 6.447760e-01 2.856000e-03 3.523680e-01
347 6.443360e-01 2.808000e-03 3.528560e-01
348 6.438200e-01 2.836000e-03 3.533440e-01
349 6.433680e-01 2.732000e-03 3.539000e-01
350 6.430200e-01 2.652000e-03 3.543280e-01
351 6.426080e-01 2.636000e-03 3.547560e-01
352 6.420720e-01 2.692000e-03 3.552360e-01
353 6.416240e-01 2.692000e-03 3.556840e-01
354 6.412080e-01 2.608000e-03 3.561840e-01
355 6.408200e-01 2.576000e-03 3.566040e-01
356 6.403640e-01 2.588000e-03 3.570480e-01
357 6.398840e-01 2.568000e-03 3.575480e-01
358 6.394640e-01 2.560000e-03 3.579760e-01
359 6.390040e-01 2.568000e-03 3.584280e-01
360 6.386320e-01 2.488000e-03 3.588800e-01
361 6.381520e-01 2.488000e-03 3.593600e-01
362 6.377520e-01 2.444000e-03 3.598040e-01
363 6.374080e-01 2.404000e-03 3.601880e-01
364 6.370400e-01 2.356000e-03 3.606040e-01
365 6.366640e-01 2.304000e-03 3.610320e-01
366 6.362200e-01 2.356000e-03 3.614240e-01
367 6.358640e-01 2.280000e-03 3.618560e-01
368 6.354320e-01 2.332000e-03 3.622360e-01
369 6.349960e-01 2.328000e-03 3.626760e-01
370 6.346040e-01 2.312000e-03 3.630840e-01
371 6.341240e-01 2.372000e-03 3.635040e-01
372 6.337760e-01 2.280000e-03 3.639440e-01
373 6.334160e-01 2.220000e-03 3.643640e-01
374 6.330080e-01 2.252000e-03 3.647400e-01
375 6.326600e-01 2.212000e-03 3.651280e-01
376 6.323480e-01 2.212000e-03 3.654400e-01
377 6.319320e-01 2.284000e-03 3.657840e-01
378 6.315000e-01 2.316000e-03 3.661840e-01
379 6.311080e-01 2.268000e-03 3.666240e-01
380 6.307880e-01 2.228000e-03 3.669840e-01
381 6.304520e-01 2.148000e-03 3.674000e-01
382 6.301320e-01 2.120000e-03 3.677480e-01
383 6.298720e-01 2.064000e-03 3.680640e-01
384 6.295160e-01 2.076000e-03 3.684080e-01
385 6.291680e-01 2.068000e-03 3.687640e-01
386 6.288120e-01 2.040000e-03 3.691480e-01
387 6.284800e-01 2.008000e-03 3.695120e-01
388 6.280840e-01 2.060000e-03 3.698560e-01
389 6.277960e-01 2.008000e-03 3.701960e-01
390 6.275200e-01 1.932000e-03 3.705480e-01
391 6.272520e-01 1.852000e-03 3.708960e-01
392 6.270120e-01 1.684000e-03 3.713040e-01
393 6.267640e-01 1.632000e-03 3.716040e-01
394 6.265480e-01 1.516000e-03 3.719360e-01
395 6.262520e-01 1.528000e-03 3.722200e-01
396 6.259680e-01 1.476000e-03 3.725560e-01
397 6.257360e-01 1.456000e-03 3.728080e-01
398 6.255280e-01 1.384000e-03 3.730880e-01
399 6.252560e-01 1.396000e-03 3.733480e-01
400 6.249320e-01 1.460000e-03 3.736080e-01
401 6.246200e-01 1.488000e-03 3.738920e-01
402 6.242840e-01 1.544000e-03 3.741720e-01
403 6.239840e-01 1.588000e-03 3.744280e-01
404 6.237200e-01 1.552000e-03 3.747280e-01
405 6.235120e-01 1.524000e-03 3.749640e-01
406 6.231880e-01 1.580000e-03 3.752320e-01
407 6.229000e-01 1.560000e-03 3.755400e-01
408 6.226400e-01 1.544000e-03 3.758160e-01
409 6.224080e-01 1.524000e-03 3.760680e-01
410 6.221160e-01 1.512000e-03 3.763720e-01
411 6.218720e-01 1.468000e-03 3.766600e-01
412 6.215520e-01 1.524000e-03 3.769240e-01
413 6.212800e-01 1.476000e-03 3.772440e-01
414 6.210760e-01 1.428000e-03 3.774960e-01
415 6.208440e-01 1.420000e-03 3.777360e-01
416 6.206240e-01 1.352000e-03 3.780240e-01
417 6.203480e-01 1.356000e-03 3.782960e-01
418 6.201120e-01 1.388000e-03 3.785000e-01
419 6.198480e-01 1.424000e-03 3.787280e-01
420 6.195280e-01 1.452000e-03 3.790200e-01
421 6.192440e-01 1.448000e-03 3.793080e-01
422 6.189560e-01 1.456000e-03 3.795880e-01
423 6.186360e-01 1.528000e-03 3.798360e-01
424 6.183320e-01 1.576000e-03 3.800920e-01
425 6.180600e-01 1.584000e-03 3.803560e-01
426 6.176520e-01 1.688000e-03 3.806600e-01
427 6.173440e-01 1.736000e-03 3.809200e-01
428 6.170720e-01 1.664000e-03 3.812640e-01
429 6.167640e-01 1.720000e-03 3.815160e-01
430 6.164280e-01 1.800000e-03 3.817720e-01
431 6.160880e-01 1.836000e-03 3.820760e-01
432 6.157880e-01 1.836000e-03 3.823760e-01
433 6.155160e-01 1.768000e-03 3.827160e-01
434 6.151800e-01 1.808000e-03 3.830120e-01
435 6.149200e-01 1.768000e-03 3.833120e-01
436 6.146560e-01 1.696000e-03 3.836480e-01
437 6.144520e-01 1.616000e-03 3.839320e-01
438 6.141680e-01 1.552000e-03 3.842800e-01
439 6.139400e-01 1.556000e-03 3.845040e-01
440 6.137280e-01 1.480000e-03 3.847920e-01
441 6.135240e-01 1.400000e-03 3.850760e-01
442 6.133360e-01 1.308000e-03 3.853560e-01
443 6.131320e-01 1.296000e-03 3.855720e-01
444 6.128600e-01 1.312000e-03 3.858280e-01
445 6.125880e-01 1.340000e-03 3.860720e-01
446 6.123160e-01 1.368000e-03 3.863160e-01
447 6.120560e-01 1.388000e-03 3.865560e-01
448 6.118160e-01 1.364000e-03 3.868200e-01
449 6.115760e-01 1.388000e-03 3.870360e-01
450 6.113440e-01 1.392000e-03 3.872640e-01
451 6.111560e-01 1.364000e-03 3.874800e-01
452 6.109560e-01 1.328000e-03 3.877160e-01
453 6.107760e-01 1.244000e-03 3.879800e-01
454 6.106160e-01 1.176000e-03 3.882080e-01
455 6.104560e-01 1.144000e-03 3.884000e-01
456 6.103360e-01 1.096000e-03 3.885680e-01
457 6.101840e-01 1.072000e-03 3.887440e-01
458 6.100840e-01 9.320000e-04 3.889840e-01
459 6.099280e-01 9.320000e-04 3.891400e-01
460 6.098320e-01 8.840000e-04 3.892840e-01
461 6.097400e-01 8.360000e-04 3.894240e-01
462 6.096680e-01 7.520000e-04 3.895800e-01
463 6.095880e-01 7.000000e-04 3.897120e-01
464 6.095160e-01 6.400000e-04 3.898440e-01
465 6.094360e-01 6.080000e-04 3.899560e-01
466 6.093640e-01 5.400000e-04 3.900960e-01
467 6.093080e-01 4.880000e-04 3.902040e-01
468 6.092600e-01 4.320000e-04 3.903080e-01
469 6.092000e-01 4.120000e-04 3.903880e-01
470 6.091280e-01 4.400000e-04 3.904320e-01
471 6.090600e-01 4.320000e-04 3.905080e-01
472 6.090000e-01 4.200000e-04 3.905800e-01
473 6.089280e-01 4.440000e-04 3.906280e-01
474 6.088520e-01 4.440000e-04 3.907040e-01
475 6.088080e-01 3.960000e-04 3.907960e-01
476 6.087440e-01 3.680000e-04 3.908880e-01
477 6.086680e-01 3.760000e-04 3.909560e-01
478 6.086120e-01 3.760000e-04 3.910120e-01
479 6.085560e-01 3.840000e-04 3.910600e-01
480 6.084880e-01 4.040000e-04 3.911080e-01
481 6.084240e-01 4.120000e-04 3.911640e-01
482 6.083200e-01 4.320000e-04 3.912480e-01
483 6.082760e-01 4.040000e-04 3.913200e-01
484 6.082160e-01 3.960000e-04 3.913880e-01
485 6.081320e-01 4.040000e-04 3.914640e-01
486 6.080640e-01 3.800000e-04 3.915560e-01
487 6.080080e-01 3.520000e-04 3.916400e-01
488 6.079680e-01 3.120000e-04 3.917200e-01
489 6.079400e-01 2.840000e-04 3.917760e-01
490 6.079000e-01 2.520000e-04 3.918480e-01
491 6.078400e-01 2.440000e-04 3.919160e-01
492 6.077880e-01 2.520000e-04 3.919600e-01
493 6.077520e-01 2.400000e-04 3.920080e-01
494 6.077000e-01 2.480000e-04 3.920520e-01
495 6.076760e-01 2.280000e-04 3.920960e-01
496 6.076280e-01 2.360000e-04 3.921360e-01
497 6.075640e-01 2.720000e-04 3.921640e-01
498 6.075080e-01 2.600000e-04 3.922320e-01
499 6.074680e-01 2.680000e-04 3.922640e-01
500 6.074200e-01 2.560000e-04 3.923240e-01
