1 9.992000e-01 6.880000e-04 1.120000e-04
2 9.987480e-01 9.720000e-04 2.800000e-04
3 9.981280e-01 1.392000e-03 4.800000e-04
4 9.974280e-01 1.864000e-03 7.080000e-04
5 9.966280e-01 2.308000e-03 1.064000e-03
6 9.958600e-01 2.676000e-03 1.464000e-03
7 9.950920e-01 2.992000e-03 1.916000e-03
8 9.941800e-01 3.384000e-03 2.436000e-03
9 9.932440e-01 3.672000e-03 3.084000e-03
10 9.922640e-01 3.976000e-03 3.760000e-03
11 9.912760e-01 4.220000e-03 4.504000e-03
12 9.903640e-01 4.388000e-03 5.248000e-03
13 9.893240e-01 4.620000e-03 6.056000e-03
14 9.884160e-01 4.684000e-03 6.900000e-03
15 9.873560e-01 4.892000e-03 7.752000e-03
16 9.863640e-01 5.048000e-03 8.588000e-03
17 9.853040e-01 5.172000e-03 9.524000e-03
18 9.843080e-01 5.420000e-03 1.027200e-02
19 9.831240e-01 5.652000e-03 1.122400e-02
20 9.818240e-01 5.908000e-03 1.226800e-02
21 9.805760e-01 6.104000e-03 1.332000e-02
22 9.793640e-01 6.188000e-03 1.444800e-02
23 9.780400e-01 6.384000e-03 1.557600e-02
24 9.768920e-01 6.396000e-03 1.671200e-02
25 9.756720e-01 6.484000e-03 1.784400e-02
26 9.745080e-01 6.484000e-03 1.900800e-02
27 9.732040e-01 6.564000e-03 2.023200e-02
28 9.719800e-01 6.684000e-03 2.133600e-02
29 9.707120e-01 6.824000e-03 2.246400e-02
30 9.696240e-01 6.712000e-03 2.366400e-02
31 9.683320e-01 6.816000e-03 2.485200e-02
32 9.671760e-01 6.788000e-03 2.603600e-02
33 9.658320e-01 6.920000e-03 2.724800e-02
34 9.645680e-01 7.048000e-03 2.838400e-02
35 9.630920e-01 7.196000e-03 2.971200e-02
36 9.618520e-01 7.208000e-03 3.094000e-02
37 9.604240e-01 7.232000e-03 3.234400e-02
38 9.592640e-01 6.972000e-03 3.376400e-02
39 9.579320e-01 7.108000e-03 3.496000e-02
40 9.566240e-01 7.192000e-03 3.618400e-02
41 9.554600e-01 7.092000e-03 3.744800e-02
42 9.542040e-01 7.124000e-03 3.867200e-02
43 9.530040e-01 6.952000e-03 4.004400e-02
44 9.517440e-01 7.052000e-03 4.120400e-02
45 9.503880e-01 7.048000e-03 4.256400e-02
46 9.491640e-01 6.928000e-03 4.390800e-02
47 9.480200e-01 6.864000e-03 4.511600e-02
48 9.469160e-01 6.796000e-03 4.628800e-02
49 9.456320e-01 6.796000e-03 4.757200e-02
50 9.442840e-01 6.952000e-03 4.876400e-02
51 9.428600e-01 7.196000e-03 4.994400e-02
52 9.415920e-01 7.132000e-03 5.127600e-02
53 9.402840e-01 7.104000e-03 5.261200e-02
54 9.389080e-01 7.256000e-03 5.383600e-02
55 9.376000e-01 7.240000e-03 5.516000e-02
56 9.363680e-01 7.200000e-03 5.643200e-02
57 9.350240e-01 7.328000e-03 5.764800e-02
58 9.338560e-01 7.272000e-03 5.887200e-02
59 9.325640e-01 7.188000e-03 6.024800e-02
60 9.313480e-01 7.164000e-03 6.148800e-02
61 9.302200e-01 7.124000e-03 6.265600e-02
62 9.291320e-01 6.924000e-03 6.394400e-02
63 9.280120e-01 6.816000e-03 6.517200e-02
64 9.268520e-01 6.696000e-03 6.645200e-02
65 9.257160e-01 6.612000e-03 6.767200e-02
66 9.245800e-01 6.572000e-03 6.884800e-02
67 9.233320e-01 6.716000e-03 6.995200e-02
68 9.220880e-01 6.708000e-03 7.120400e-02
69 9.207960e-01 6.920000e-03 7.228400e-02
70 9.195320e-01 6.888000e-03 7.358000e-02
71 9.183800e-01 6.788000e-03 7.483200e-02
72 9.171120e-01 6.916000e-03 7.597200e-02
73 9.158640e-01 6.932000e-03 7.720400e-02
74 9.147640e-01 6.848000e-03 7.838800e-02
75 9.134720e-01 7.004000e-03 7.952400e-02
76 9.121520e-01 7.064000e-03 8.078400e-02
77 9.107960e-01 7.144000e-03 8.206000e-02
78 9.093480e-01 7.364000e-03 8.328800e-02
79 9.080320e-01 7.376000e-03 8.459200e-02
80 9.067320e-01 7.444000e-03 8.582400e-02
81 9.053680e-01 7.556000e-03 8.707600e-02
82 9.040040e-01 7.608000e-03 8.838800e-02
83 9.024480e-01 7.808000e-03 8.974400e-02
84 9.011280e-01 7.684000e-03 9.118800e-02
85 8.995640e-01 7.836000e-03 9.260000e-02
86 8.981960e-01 7.852000e-03 9.395200e-02
87 8.967200e-01 7.984000e-03 9.529600e-02
88 8.953520e-01 7.964000e-03 9.668400e-02
89 8.940240e-01 7.860000e-03 9.811600e-02
90 8.927040e-01 7.764000e-03 9.953200e-02
91 8.913080e-01 7.828000e-03 1.008640e-01
92 8.898480e-01 7.944000e-03 1.022080e-01
93 8.885360e-01 7.844000e-03 1.036200e-01
94 8.869760e-01 8.072000e-03 1.049520e-01
95 8.855320e-01 8.136000e-03 1.063320e-01
96 8.840640e-01 8.276000e-03 1.076600e-01
97 8.826000e-01 8.216000e-03 1.091840e-01
98 8.811480e-01 8.208000e-03 1.106440e-01
99 8.799920e-01 7.940000e-03 1.120680e-01
100 8.785560e-01 8.000000e-03 1.134440e-01
101 8.772440e-01 7.888000e-03 1.148680e-01
102 8.758360e-01 7.884000e-03 1.162800e-01
103 8.743960e-01 7.984000e-03 1.176200e-01
104 8.729320e-01 8.016000e-03 1.190520e-01
105 8.715440e-01 7.844000e-03 1.206120e-01
106 8.701920e-01 7.740000e-03 1.220680e-01
107 8.688680e-01 7.784000e-03 1.233480e-01
108 8.675640e-01 7.716000e-03 1.247200e-01
109 8.664560e-01 7.392000e-03 1.261520e-01
110 8.650520e-01 7.484000e-03 1.274640e-01
111 8.637040e-01 7.484000e-03 1.288120e-01
112 8.623000e-01 7.592000e-03 1.301080e-01
113 8.610360e-01 7.572000e-03 1.313920e-01
114 8.597400e-01 7.620000e-03 1.326400e-01
115 8.585360e-01 7.476000e-03 1.339880e-01
116 8.573240e-01 7.428000e-03 1.352480e-01
117 8.560960e-01 7.356000e-03 1.365480e-01
118 8.547800e-01 7.340000e-03 1.378800e-01
119 8.535080e-01 7.196000e-03 1.392960e-01
120 8.522120e-01 7.244000e-03 1.405440e-01
121 8.509280e-01 7.344000e-03 1.417280e-01
122 8.496600e-01 7.272000e-03 1.430680e-01
123 8.483280e-01 7.276000e-03 1.443960e-01
124 8.468680e-01 7.424000e-03 1.457080e-01
125 8.454600e-01 7.428000e-03 1.471120e-01
126 8.442360e-01 7.356000e-03 1.484080e-01
127 8.430520e-01 7.220000e-03 1.497280e-01
128 8.417960e-01 7.252000e-03 1.509520e-01
129 8.406120e-01 7.100000e-03 1.522880e-01
130 8.394080e-01 7.056000e-03 1.535360e-01
131 8.382440e-01 6.956000e-03 1.548000e-01
132 8.371000e-01 6.872000e-03 1.560280e-01
133 8.360280e-01 6.756000e-03 1.572160e-01
134 8.348440e-01 6.828000e-03 1.583280e-01
135 8.337760e-01 6.620000e-03 1.596040e-01
136 8.326480e-01 6.636000e-03 1.607160e-01
137 8.315800e-01 6.564000e-03 1.618560e-01
138 8.305720e-01 6.536000e-03 1.628920e-01
139 8.294600e-01 6.544000e-03 1.639960e-01
140 8.283240e-01 6.536000e-03 1.651400e-01
141 8.271400e-01 6.520000e-03 1.663400e-01
142 8.260120e-01 6.500000e-03 1.674880e-01
143 8.249000e-01 6.592000e-03 1.685080e-01
144 8.237760e-01 6.568000e-03 1.696560e-01
145 8.227960e-01 6.356000e-03 1.708480e-01
146 8.217360e-01 6.304000e-03 1.719600e-01
147 8.207520e-01 6.172000e-03 1.730760e-01
148 8.197960e-01 6.100000e-03 1.741040e-01
149 8.186640e-01 6.124000e-03 1.752120e-01
150 8.176120e-01 6.064000e-03 1.763240e-01
151 8.165360e-01 6.120000e-03 1.773440e-01
152 8.155400e-01 6.076000e-03 1.783840e-01
153 8.145520e-01 5.964000e-03 1.794840e-01
154 8.135080e-01 5.912000e-03 1.805800e-01
155 8.124920e-01 5.880000e-03 1.816280e-01
156 8.115160e-01 5.836000e-03 1.826480e-01
157 8.106120e-01 5.812000e-03 1.835760e-01
158 8.096240e-01 5.728000e-03 1.846480e-01
159 8.086960e-01 5.700000e-03 1.856040e-01
160 8.076640e-01 5.808000e-03 1.865280e-01
161 8.067520e-01 5.748000e-03 1.875000e-01
162 8.056920e-01 5.824000e-03 1.884840e-01
163 8.047080e-01 5.776000e-03 1.895160e-01
164 8.037640e-01 5.672000e-03 1.905640e-01
165 8.028160e-01 5.584000e-03 1.916000e-01
166 8.019400e-01 5.448000e-03 1.926120e-01
167 8.008760e-01 5.708000e-03 1.934160e-01
168 7.999760e-01 5.588000e-03 1.944360e-01
169 7.989440e-01 5.576000e-03 1.954800e-01
170 7.980560e-01 5.520000e-03 1.964240e-01
171 7.969840e-01 5.604000e-03 1.974120e-01
172 7.960560e-01 5.568000e-03 1.983760e-01
173 7.950360e-01 5.612000e-03 1.993520e-01
174 7.941080e-01 5.620000e-03 2.002720e-01
175 7.932680e-01 5.408000e-03 2.013240e-01
176 7.924240e-01 5.388000e-03 2.021880e-01
177 7.916080e-01 5.308000e-03 2.030840e-01
178 7.906840e-01 5.284000e-03 2.040320e-01
179 7.898880e-01 5.124000e-03 2.049880e-01
180 7.890120e-01 5.020000e-03 2.059680e-01
181 7.881880e-01 4.932000e-03 2.068800e-01
182 7.872480e-01 4.992000e-03 2.077600e-01
183 7.864080e-01 4.888000e-03 2.087040e-01
184 7.855760e-01 4.660000e-03 2.097640e-01
185 7.847120e-01 4.768000e-03 2.105200e-01
186 7.836840e-01 4.848000e-03 2.114680e-01
187 7.829240e-01 4.712000e-03 2.123640e-01
188 7.820440e-01 4.736000e-03 2.132200e-01
189 7.812320e-01 4.720000e-03 2.140480e-01
190 7.803600e-01 4.680000e-03 2.149600e-01
191 7.794640e-01 4.780000e-03 2.157560e-01
192 7.786320e-01 4.784000e-03 2.165840e-01
193 7.779200e-01 4.644000e-03 2.174360e-01
194 7.771400e-01 4.696000e-03 2.181640e-01
195 7.763720e-01 4.680000e-03 2.189480e-01
196 7.756840e-01 4.628000e-03 2.196880e-01
197 7.750000e-01 4.552000e-03 2.204480e-01
198 7.742960e-01 4.508000e-03 2.211960e-01
199 7.736520e-01 4.304000e-03 2.220440e-01
200 7.729760e-01 4.228000e-03 2.227960e-01
201 7.722960e-01 4.192000e-03 2.235120e-01
202 7.715480e-01 4.184000e-03 2.242680e-01
203 7.709400e-01 4.100000e-03 2.249600e-01
204 7.701680e-01 4.084000e-03 2.257480e-01
205 7.695360e-01 4.060000e-03 2.264040e-01
206 7.689000e-01 4.000000e-03 2.271000e-01
207 7.682640e-01 3.976000e-03 2.277600e-01
208 7.676240e-01 3.872000e-03 2.285040e-01
209 7.668880e-01 4.000000e-03 2.291120e-01
210 7.662360e-01 3.956000e-03 2.298080e-01
211 7.654720e-01 4.032000e-03 2.304960e-01
212 7.647720e-01 3.996000e-03 2.312320e-01
213 7.639640e-01 4.104000e-03 2.319320e-01
214 7.631880e-01 4.192000e-03 2.326200e-01
215 7.624440e-01 4.228000e-03 2.333280e-01
216 7.617200e-01 4.232000e-03 2.340480e-01
217 7.611040e-01 4.012000e-03 2.348840e-01
218 7.605000e-01 3.972000e-03 2.355280e-01
219 7.598400e-01 3.868000e-03 2.362920e-01
220 7.591680e-01 3.900000e-03 2.369320e-01
221 7.584640e-01 3.948000e-03 2.375880e-01
222 7.577320e-01 3.888000e-03 2.383800e-01
223 7.572240e-01 3.736000e-03 2.390400e-01
224 7.567200e-01 3.592000e-03 2.396880e-01
225 7.561480e-01 3.520000e-03 2.403320e-01
226 7.556760e-01 3.400000e-03 2.409240e-01
227 7.551800e-01 3.212000e-03 2.416080e-01
228 7.546320e-01 3.116000e-03 2.422520e-01
229 7.541040e-01 3.128000e-03 2.427680e-01
230 7.534240e-01 3.308000e-03 2.432680e-01
231 7.528680e-01 3.296000e-03 2.438360e-01
232 7.522800e-01 3.308000e-03 2.444120e-01
233 7.517640e-01 3.248000e-03 2.449880e-01
234 7.511920e-01 3.196000e-03 2.456120e-01
235 7.505920e-01 3.144000e-03 2.462640e-01
236 7.501440e-01 3.008000e-03 2.468480e-01
237 7.496320e-01 2.968000e-03 2.474000e-01
238 7.491280e-01 3.008000e-03 2.478640e-01
239 7.486280e-01 2.976000e-03 2.483960e-01
240 7.481640e-01 2.888000e-03 2.489480e-01
241 7.476560e-01 2.880000e-03 2.494640e-01
242 7.471600e-01 2.864000e-03 2.499760e-01
243 7.467040e-01 2.780000e-03 2.505160e-01
244 7.462760e-01 2.756000e-03 2.509680e-01
245 7.458240e-01 2.744000e-03 2.514320e-01
246 7.454200e-01 2.596000e-03 2.519840e-01
247 7.450400e-01 2.520000e-03 2.524400e-01
248 7.447160e-01 2.404000e-03 2.528800e-01
249 7.442920e-01 2.456000e-03 2.532520e-01
250 7.438840e-01 2.400000e-03 2.537160e-01
251 7.434880e-01 2.376000e-03 2.541360e-01
252 7.431480e-01 2.308000e-03 2.545440e-01
253 7.427680e-01 2.236000e-03 2.549960e-01
254 7.424280e-01 2.200000e-03 2.553720e-01
255 7.420400e-01 2.240000e-03 2.557200e-01
256 7.416160e-01 2.296000e-03 2.560880e-01
257 7.411720e-01 2.260000e-03 2.565680e-01
258 7.408080e-01 2.244000e-03 2.569480e-01
259 7.404280e-01 2.200000e-03 2.573720e-01
260 7.400840e-01 2.112000e-03 2.578040e-01
261 7.397280e-01 2.124000e-03 2.581480e-01
262 7.394640e-01 2.016000e-03 2.585200e-01
263 7.391560e-01 1.948000e-03 2.588960e-01
264 7.388880e-01 1.856000e-03 2.592560e-01
265 7.386000e-01 1.828000e-03 2.595720e-01
266 7.382760e-01 1.860000e-03 2.598640e-01
267 7.379160e-01 1.852000e-03 2.602320e-01
268 7.375640e-01 1.920000e-03 2.605160e-01
269 7.371880e-01 1.932000e-03 2.608800e-01
270 7.368840e-01 1.892000e-03 2.612240e-01
271 7.365240e-01 1.860000e-03 2.616160e-01
272 7.361800e-01 1.896000e-03 2.619240e-01
273 7.358600e-01 1.868000e-03 2.622720e-01
274 7.355960e-01 1.784000e-03 2.626200e-01
275 7.352520e-01 1.808000e-03 2.629400e-01
276 7.349360e-01 1.860000e-03 2.632040e-01
277 7.345880e-01 1.876000e-03 2.635360e-01
278 7.342640e-01 1.900000e-03 2.638360e-01
279 7.339120e-01 1.872000e-03 2.642160e-01
280 7.335720e-01 1.904000e-03 2.645240e-01
281 7.332400e-01 1.956000e-03 2.648040e-01
282 7.329080e-01 1.932000e-03 2.651600e-01
283 7.326120e-01 1.892000e-03 2.654960e-01
284 7.322560e-01 1.928000e-03 2.658160e-01
285 7.319400e-01 1.916000e-03 2.661440e-01
286 7.315840e-01 1.916000e-03 2.665000e-01
287 7.312560e-01 1.864000e-03 2.668800e-01
288 7.309400e-01 1.880000e-03 2.671800e-01
289 7.306520e-01 1.876000e-03 2.674720e-01
290 7.303360e-01 1.896000e-03 2.677680e-01
291 7.300280e-01 1.896000e-03 2.680760e-01
292 7.297440e-01 1.824000e-03 2.684320e-01
293 7.294800e-01 1.724000e-03 2.687960e-01
294 7.291920e-01 1.724000e-03 2.690840e-01
295 7.289440e-01 1.672000e-03 2.693840e-01
296 7.286800e-01 1.704000e-03 2.696160e-01
297 7.284160e-01 1.664000e-03 2.699200e-01
298 7.281520e-01 1.660000e-03 2.701880e-01
299 7.279440e-01 1.604000e-03 2.704520e-01
300 7.277440e-01 1.532000e-03 2.707240e-01
301 7.275240e-01 1.480000e-03 2.709960e-01
302 7.272600e-01 1.512000e-03 2.712280e-01
303 7.270440e-01 1.428000e-03 2.715280e-01
304 7.268360e-01 1.384000e-03 2.717800e-01
305 7.265400e-01 1.436000e-03 2.720240e-01
306 7.262760e-01 1.404000e-03 2.723200e-01
307 7.259920e-01 1.420000e-03 2.725880e-01
308 7.257680e-01 1.436000e-03 2.727960e-01
309 7.254920e-01 1.432000e-03 2.730760e-01
310 7.252600e-01 1.408000e-03 2.733320e-01
311 7.250080e-01 1.432000e-03 2.735600e-01
312 7.247400e-01 1.432000e-03 2.738280e-01
313 7.245000e-01 1.408000e-03 2.740920e-01
314 7.242440e-01 1.456000e-03 2.743000e-01
315 7.239520e-01 1.500000e-03 2.745480e-01
316 7.236440e-01 1.556000e-03 2.748000e-01
317 7.233320e-01 1.608000e-03 2.750600e-01
318 7.230720e-01 1.628000e-03 2.753000e-01
319 7.227920e-01 1.684000e-03 2.755240e-01
320 7.225280e-01 1.640000e-03 2.758320e-01
321 7.222280e-01 1.680000e-03 2.760920e-01
322 7.218600e-01 1.724000e-03 2.764160e-01
323 7.214480e-01 1.784000e-03 2.767680e-01
324 7.211360e-01 1.812000e-03 2.770520e-01
325 7.208560e-01 1.808000e-03 2.773360e-01
326 7.205200e-01 1.800000e-03 2.776800e-01
327 7.202400e-01 1.720000e-03 2.780400e-01
328 7.199080e-01 1.688000e-03 2.784040e-01
329 7.196120e-01 1.676000e-03 2.787120e-01
330 7.193800e-01 1.620000e-03 2.790000e-01
331 7.190880e-01 1.632000e-03 2.792800e-01
332 7.187520e-01 1.672000e-03 2.795760e-01
333 7.184200e-01 1.748000e-03 2.798320e-01
334 7.182200e-01 1.680000e-03 2.801000e-01
335 7.178720e-01 1.784000e-03 2.803440e-01
336 7.175880e-01 1.692000e-03 2.807200e-01
337 7.173040e-01 1.660000e-03 2.810360e-01
338 7.170320e-01 1.596000e-03 2.813720e-01
339 7.168040e-01 1.492000e-03 2.817040e-01
340 7.165840e-01 1.468000e-03 2.819480e-01
341 7.163080e-01 1.540000e-03 2.821520e-01
342 7.161000e-01 1.480000e-03 2.824200e-01
343 7.158760e-01 1.472000e-03 2.826520e-01
344 7.156040e-01 1.488000e-03 2.829080e-01
345 7.153600e-01 1.436000e-03 2.832040e-01
346 7.151480e-01 1.364000e-03 2.834880e-01
347 7.149400e-01 1.348000e-03 2.837120e-01
348 7.147000e-01 1.340000e-03 2.839600e-01
349 7.144800e-01 1.300000e-03 2.842200e-01
350 7.141880e-01 1.396000e-03 2.844160e-01
351 7.139400e-01 1.404000e-03 2.846560e-01
352 7.136520e-01 1.468000e-03 2.848800e-01
353 7.134440e-01 1.428000e-03 2.851280e-01
354 7.131600e-01 1.448000e-03 2.853920e-01
355 7.129000e-01 1.436000e-03 2.856640e-01
356 7.126320e-01 1.480000e-03 2.858880e-01
357 7.122640e-01 1.588000e-03 2.861480e-01
358 7.119160e-01 1.700000e-03 2.863840e-01
359 7.116400e-01 1.724000e-03 2.866360e-01
360 7.112800e-01 1.732000e-03 2.869880e-01
361 7.109240e-01 1.812000e-03 2.872640e-01
362 7.106560e-01 1.768000e-03 2.875760e-01
363 7.103880e-01 1.684000e-03 2.879280e-01
364 7.100360e-01 1.708000e-03 2.882560e-01
365 7.097040e-01 1.668000e-03 2.886280e-01
366 7.093840e-01 1.712000e-03 2.889040e-01
367 7.091320e-01 1.652000e-03 2.892160e-01
368 7.088120e-01 1.680000e-03 2.895080e-01
369 7.084720e-01 1.768000e-03 2.897600e-01
370 7.081040e-01 1.756000e-03 2.901400e-01
371 7.078240e-01 1.696000e-03 2.904800e-01
372 7.075080e-01 1.740000e-03 2.907520e-01
373 7.071920e-01 1.784000e-03 2.910240e-01
374 7.068760e-01 1.796000e-03 2.913280e-01
375 7.066040e-01 1.748000e-03 2.916480e-01
376 7.062720e-01 1.832000e-03 2.918960e-01
377 7.059760e-01 1.820000e-03 2.922040e-01
378 7.057560e-01 1.780000e-03 2.924640e-01
379 7.054480e-01 1.772000e-03 2.927800e-01
380 7.051920e-01 1.716000e-03 2.930920e-01
381 7.049400e-01 1.668000e-03 2.933920e-01
382 7.046840e-01 1.608000e-03 2.937080e-01
383 7.044160e-01 1.624000e-03 2.939600e-01
384 7.041720e-01 1.608000e-03 2.942200e-01
385 7.038920e-01 1.636000e-03 2.944720e-01
386 7.035720e-01 1.644000e-03 2.947840e-01
387 7.032480e-01 1.656000e-03 2.950960e-01
388 7.029600e-01 1.640000e-03 2.954000e-01
389 7.026120e-01 1.644000e-03 2.957440e-01
390 7.023240e-01 1.700000e-03 2.959760e-01
391 7.020440e-01 1.652000e-03 2.963040e-01
392 7.018120e-01 1.612000e-03 2.965760e-01
393 7.016040e-01 1.568000e-03 2.968280e-01
394 7.013840e-01 1.516000e-03 2.971000e-01
395 7.011440e-01 1.504000e-03 2.973520e-01
396 7.008760e-01 1.524000e-03 2.976000e-01
397 7.005680e-01 1.572000e-03 2.978600e-01
398 7.003400e-01 1.524000e-03 2.981360e-01
399 7.001000e-01 1.484000e-03 2.984160e-01
400 6.998720e-01 1.416000e-03 2.987120e-01
401 6.996080e-01 1.432000e-03 2.989600e-01
402 6.993320e-01 1.404000e-03 2.992640e-01
403 6.990280e-01 1.476000e-03 2.994960e-01
404 6.988440e-01 1.408000e-03 2.997480e-01
405 6.986600e-01 1.344000e-03 2.999960e-01
406 6.984640e-01 1.296000e-03 3.002400e-01
407 6.982760e-01 1.224000e-03 3.005000e-01
408 6.980440e-01 1.240000e-03 3.007160e-01
409 6.978080e-01 1.288000e-03 3.009040e-01
410 6.976360e-01 1.260000e-03 3.011040e-01
411 6.974360e-01 1.232000e-03 3.013320e-01
412 6.972200e-01 1.284000e-03 3.014960e-01
413 6.970120e-01 1.268000e-03 3.017200e-01
414 6.967880e-01 1.268000e-03 3.019440e-01
415 6.965960e-01 1.212000e-03 3.021920e-01
416 6.963800e-01 1.248000e-03 3.023720e-01
417 6.962240e-01 1.184000e-03 3.025920e-01
418 6.960080e-01 1.188000e-03 3.028040e-01
419 6.958400e-01 1.160000e-03 3.030000e-01
420 6.956640e-01 1.128000e-03 3.032080e-01
421 6.954960e-01 1.108000e-03 3.033960e-01
422 6.953160e-01 1.108000e-03 3.035760e-01
423 6.950640e-01 1.112000e-03 3.038240e-01
424 6.947640e-01 1.208000e-03 3.040280e-01
425 6.945760e-01 1.164000e-03 3.042600e-01
426 6.943680e-01 1.168000e-03 3.044640e-01
427 6.942000e-01 1.148000e-03 3.046520e-01
428 6.940360e-01 1.128000e-03 3.048360e-01
429 6.938280e-01 1.120000e-03 3.050520e-01
430 6.936640e-01 1.064000e-03 3.052720e-01
431 6.935480e-01 9.960000e-04 3.054560e-01
432 6.933920e-01 9.520000e-04 3.056560e-01
433 6.932440e-01 9.240000e-04 3.058320e-01
434 6.930880e-01 9.200000e-04 3.059920e-01
435 6.929720e-01 8.680000e-04 3.061600e-01
436 6.928280e-01 8.160000e-04 3.063560e-01
437 6.926880e-01 7.880000e-04 3.065240e-01
438 6.925680e-01 7.640000e-04 3.066680e-01
439 6.924120e-01 7.680000e-04 3.068200e-01
440 6.922640e-01 7.760000e-04 3.069600e-01
441 6.921520e-01 7.480000e-04 3.071000e-01
442 6.920520e-01 6.720000e-04 3.072760e-01
443 6.919280e-01 6.800000e-04 3.073920e-01
444 6.918080e-01 6.960000e-04 3.074960e-01
445 6.917120e-01 6.840000e-04 3.076040e-01
446 6.915920e-01 7.120000e-04 3.076960e-01
447 6.914720e-01 7.200000e-04 3.078080e-01
448 6.913440e-01 7.240000e-04 3.079320e-01
449 6.911840e-01 7.680000e-04 3.080480e-01
450 6.910360e-01 7.680000e-04 3.081960e-01
451 6.909240e-01 7.160000e-04 3.083600e-01
452 6.908120e-01 7.360000e-04 3.084520e-01
453 6.906920e-01 7.400000e-04 3.085680e-01
454 6.905920e-01 6.720000e-04 3.087360e-01
455 6.904920e-01 6.720000e-04 3.088360e-01
456 6.904120e-01 6.520000e-04 3.089360e-01
457 6.903520e-01 5.920000e-04 3.090560e-01
458 6.903080e-01 5.320000e-04 3.091600e-01
459 6.902320e-01 5.000000e-04 3.092680e-01
460 6.901680e-01 4.720000e-04 3.093600e-01
461 6.900880e-01 4.720000e-04 3.094400e-01
462 6.899920e-01 4.880000e-04 3.095200e-01
463 6.898960e-01 4.920000e-04 3.096120e-01
464 6.898280e-01 4.680000e-04 3.097040e-01
465 6.897560e-01 4.560000e-04 3.097880e-01
466 6.896840e-01 4.760000e-04 3.098400e-01
467 6.896120e-01 4.640000e-04 3.099240e-01
468 6.895160e-01 4.560000e-04 3.100280e-01
469 6.894040e-01 4.840000e-04 3.101120e-01
470 6.893160e-01 4.960000e-04 3.101880e-01
471 6.892480e-01 4.440000e-04 3.103080e-01
472 6.891480e-01 4.880000e-04 3.103640e-01
473 6.890480e-01 4.520000e-04 3.105000e-01
474 6.889200e-01 5.080000e-04 3.105720e-01
475 6.888120e-01 4.920000e-04 3.106960e-01
476 6.887080e-01 5.040000e-04 3.107880e-01
477 6.885920e-01 5.040000e-04 3.109040e-01
478 6.884880e-01 5.320000e-04 3.109800e-01
479 6.883960e-01 5.240000e-04 3.110800e-01
480 6.882840e-01 5.640000e-04 3.111520e-01
481 6.881760e-01 5.680000e-04 3.112560e-01
482 6.880720e-01 5.760000e-04 3.113520e-01
483 6.879760e-01 5.840000e-04 3.114400e-01
484 6.878400e-01 6.000000e-04 3.115600e-01
485 6.877040e-01 6.440000e-04 3.116520e-01
486 6.876040e-01 6.400000e-04 3.117560e-01
487 6.875000e-01 6.680000e-04 3.118320e-01
488 6.873760e-01 6.680000e-04 3.119560e-01
489 6.872680e-01 6.360000e-04 3.120960e-01
490 6.871560e-01 6.360000e-04 3.122080e-01
491 6.870360e-01 6.680000e-04 3.122960e-01
492 6.869120e-01 6.560000e-04 3.124320e-01
493 6.867960e-01 6.200000e-04 3.125840e-01
494 6.866520e-01 6.480000e-04 3.127000e-01
495 6.865160e-01 6.800000e-04 3.128040e-01
496 6.863800e-01 6.880000e-04 3.129320e-01
497 6.862760e-01 6.800000e-04 3.130440e-01
498 6.861440e-01 6.920000e-04 3.131640e-01
499 6.859720e-01 7.520000e-04 3.132760e-01
500 6.858560e-01 7.480000e-04 3.133960e-01
