1 9.992440e-01 6.280000e-04 1.280000e-04
2 9.988440e-01 8.720000e-04 2.840000e-04
3 9.982600e-01 1.292000e-03 4.480000e-04
4 9.976480e-01 1.660000e-03 6.920000e-04
5 9.969640e-01 1.984000e-03 1.052000e-03
6 9.963480e-01 2.260000e-03 1.392000e-03
7 9.956600e-01 2.496000e-03 1.844000e-03
8 9.947920e-01 2.892000e-03 2.316000e-03
9 9.940600e-01 3.168000e-03 2.772000e-03
10 9.930600e-01 3.660000e-03 3.280000e-03
11 9.920520e-01 3.968000e-03 3.980000e-03
12 9.912160e-01 4.144000e-03 4.640000e-03
13 9.902520e-01 4.360000e-03 5.388000e-03
14 9.892480e-01 4.616000e-03 6.136000e-03
15 9.881080e-01 4.992000e-03 6.900000e-03
16 9.868520e-01 5.284000e-03 7.864000e-03
17 9.855840e-01 5.516000e-03 8.900000e-03
18 9.844600e-01 5.620000e-03 9.920000e-03
19 9.832360e-01 5.760000e-03 1.100400e-02
20 9.821040e-01 5.936000e-03 1.196000e-02
21 9.808040e-01 6.120000e-03 1.307600e-02
22 9.796200e-01 6.232000e-03 1.414800e-02
23 9.783240e-01 6.384000e-03 1.529200e-02
24 9.769240e-01 6.640000e-03 1.643600e-02
25 9.757600e-01 6.684000e-03 1.755600e-02
26 9.744040e-01 6.996000e-03 1.860000e-02
27 9.730840e-01 7.120000e-03 1.979600e-02
28 9.717760e-01 7.160000e-03 2.106400e-02
29 9.703840e-01 7.364000e-03 2.225200e-02
30 9.689920e-01 7.400000e-03 2.360800e-02
31 9.675000e-01 7.648000e-03 2.485200e-02
32 9.660200e-01 7.840000e-03 2.614000e-02
33 9.645400e-01 8.072000e-03 2.738800e-02
34 9.630920e-01 8.116000e-03 2.879200e-02
35 9.616080e-01 8.136000e-03 3.025600e-02
36 9.600560e-01 8.228000e-03 3.171600e-02
37 9.585360e-01 8.184000e-03 3.328000e-02
38 9.570200e-01 8.300000e-03 3.468000e-02
39 9.555160e-01 8.412000e-03 3.607200e-02
40 9.538280e-01 8.720000e-03 3.745200e-02
41 9.522480e-01 8.636000e-03 3.911600e-02
42 9.506160e-01 8.792000e-03 4.059200e-02
43 9.490600e-01 8.780000e-03 4.216000e-02
44 9.475600e-01 8.792000e-03 4.364800e-02
45 9.458520e-01 9.052000e-03 4.509600e-02
46 9.440320e-01 9.272000e-03 4.669600e-02
47 9.423680e-01 9.404000e-03 4.822800e-02
48 9.406640e-01 9.452000e-03 4.988400e-02
49 9.389600e-01 9.400000e-03 5.164000e-02
50 9.371120e-01 9.716000e-03 5.317200e-02
51 9.355440e-01 9.468000e-03 5.498800e-02
52 9.339360e-01 9.392000e-03 5.667200e-02
53 9.321360e-01 9.428000e-03 5.843600e-02
54 9.304200e-01 9.404000e-03 6.017600e-02
55 9.287640e-01 9.360000e-03 6.187600e-02
56 9.272640e-01 9.216000e-03 6.352000e-02
57 9.257600e-01 9.108000e-03 6.513200e-02
58 9.240600e-01 9.120000e-03 6.682000e-02
59 9.223920e-01 9.264000e-03 6.834400e-02
60 9.207200e-01 9.320000e-03 6.996000e-02
61 9.191040e-01 9.364000e-03 7.153200e-02
62 9.175560e-01 9.180000e-03 7.326400e-02
63 9.159800e-01 9.216000e-03 7.480400e-02
64 9.143880e-01 9.268000e-03 7.634400e-02
65 9.126880e-01 9.336000e-03 7.797600e-02
66 9.110480e-01 9.308000e-03 7.964400e-02
67 9.093280e-01 9.428000e-03 8.124400e-02
68 9.076120e-01 9.456000e-03 8.293200e-02
69 9.059760e-01 9.456000e-03 8.456800e-02
70 9.042480e-01 9.536000e-03 8.621600e-02
71 9.025000e-01 9.564000e-03 8.793600e-02
72 9.006120e-01 9.832000e-03 8.955600e-02
73 8.988680e-01 9.800000e-03 9.133200e-02
74 8.971960e-01 9.592000e-03 9.321200e-02
75 8.954560e-01 9.588000e-03 9.495600e-02
76 8.938320e-01 9.484000e-03 9.668400e-02
77 8.921640e-01 9.412000e-03 9.842400e-02
78 8.906960e-01 9.312000e-03 9.999200e-02
79 8.889480e-01 9.480000e-03 1.015720e-01
80 8.873800e-01 9.472000e-03 1.031480e-01
81 8.857680e-01 9.516000e-03 1.047160e-01
82 8.840200e-01 9.712000e-03 1.062680e-01
83 8.822000e-01 9.708000e-03 1.080920e-01
84 8.805240e-01 9.660000e-03 1.098160e-01
85 8.788800e-01 9.704000e-03 1.114160e-01
86 8.772120e-01 9.628000e-03 1.131600e-01
87 8.755960e-01 9.524000e-03 1.148800e-01
88 8.740960e-01 9.156000e-03 1.167480e-01
89 8.726080e-01 9.164000e-03 1.182280e-01
90 8.710600e-01 9.104000e-03 1.198360e-01
91 8.695080e-01 9.136000e-03 1.213560e-01
92 8.681440e-01 8.844000e-03 1.230120e-01
93 8.666640e-01 8.716000e-03 1.246200e-01
94 8.651120e-01 8.688000e-03 1.262000e-01
95 8.636440e-01 8.592000e-03 1.277640e-01
96 8.622720e-01 8.424000e-03 1.293040e-01
97 8.608280e-01 8.312000e-03 1.308600e-01
98 8.594080e-01 8.324000e-03 1.322680e-01
99 8.579560e-01 8.396000e-03 1.336480e-01
100 8.565200e-01 8.400000e-03 1.350800e-01
101 8.550560e-01 8.336000e-03 1.366080e-01
102 8.536200e-01 8.368000e-03 1.380120e-01
103 8.521520e-01 8.468000e-03 1.393800e-01
104 8.508680e-01 8.396000e-03 1.407360e-01
105 8.496760e-01 8.148000e-03 1.421760e-01
106 8.483960e-01 7.984000e-03 1.436200e-01
107 8.470560e-01 7.992000e-03 1.449520e-01
108 8.457720e-01 7.824000e-03 1.464040e-01
109 8.444160e-01 7.792000e-03 1.477920e-01
110 8.430840e-01 7.740000e-03 1.491760e-01
111 8.417520e-01 7.684000e-03 1.505640e-01
112 8.403680e-01 7.752000e-03 1.518800e-01
113 8.389200e-01 7.792000e-03 1.532880e-01
114 8.376680e-01 7.788000e-03 1.545440e-01
115 8.363280e-01 7.736000e-03 1.559360e-01
116 8.349920e-01 7.648000e-03 1.573600e-01
117 8.337400e-01 7.680000e-03 1.585800e-01
118 8.325120e-01 7.592000e-03 1.598960e-01
119 8.313600e-01 7.312000e-03 1.613280e-01
120 8.301200e-01 7.252000e-03 1.626280e-01
121 8.287880e-01 7.260000e-03 1.639520e-01
122 8.275240e-01 7.300000e-03 1.651760e-01
123 8.263760e-01 7.156000e-03 1.664680e-01
124 8.249880e-01 7.196000e-03 1.678160e-01
125 8.238320e-01 7.064000e-03 1.691040e-01
126 8.226320e-01 7.020000e-03 1.703480e-01
127 8.214840e-01 6.948000e-03 1.715680e-01
128 8.202200e-01 6.972000e-03 1.728080e-01
129 8.189240e-01 6.964000e-03 1.741120e-01
130 8.175760e-01 7.044000e-03 1.753800e-01
131 8.161080e-01 7.272000e-03 1.766200e-01
132 8.147840e-01 7.372000e-03 1.778440e-01
133 8.134840e-01 7.308000e-03 1.792080e-01
134 8.122720e-01 7.320000e-03 1.804080e-01
135 8.110200e-01 7.404000e-03 1.815760e-01
136 8.098400e-01 7.228000e-03 1.829320e-01
137 8.087080e-01 7.024000e-03 1.842680e-01
138 8.075160e-01 7.012000e-03 1.854720e-01
139 8.062880e-01 7.004000e-03 1.867080e-01
140 8.049520e-01 7.228000e-03 1.878200e-01
141 8.037160e-01 7.348000e-03 1.889360e-01
142 8.023600e-01 7.376000e-03 1.902640e-01
143 8.013440e-01 7.236000e-03 1.914200e-01
144 8.002680e-01 6.992000e-03 1.927400e-01
145 7.990880e-01 6.940000e-03 1.939720e-01
146 7.979400e-01 6.716000e-03 1.953440e-01
147 7.969040e-01 6.596000e-03 1.965000e-01
148 7.958280e-01 6.560000e-03 1.976120e-01
149 7.947320e-01 6.568000e-03 1.987000e-01
150 7.937280e-01 6.456000e-03 1.998160e-01
151 7.927520e-01 6.308000e-03 2.009400e-01
152 7.918240e-01 6.124000e-03 2.020520e-01
153 7.908200e-01 6.000000e-03 2.031800e-01
154 7.897960e-01 5.912000e-03 2.042920e-01
155 7.886560e-01 6.024000e-03 2.053200e-01
156 7.875480e-01 6.068000e-03 2.063840e-01
157 7.865280e-01 5.936000e-03 2.075360e-01
158 7.854360e-01 5.904000e-03 2.086600e-01
159 7.843040e-01 6.028000e-03 2.096680e-01
160 7.832280e-01 6.076000e-03 2.106960e-01
161 7.821160e-01 6.064000e-03 2.118200e-01
162 7.810800e-01 6.068000e-03 2.128520e-01
163 7.799600e-01 6.028000e-03 2.140120e-01
164 7.789560e-01 5.996000e-03 2.150480e-01
165 7.778080e-01 6.176000e-03 2.160160e-01
166 7.765560e-01 6.392000e-03 2.170520e-01
167 7.754880e-01 6.340000e-03 2.181720e-01
168 7.744440e-01 6.336000e-03 2.192200e-01
169 7.734240e-01 6.332000e-03 2.202440e-01
170 7.724200e-01 6.404000e-03 2.211760e-01
171 7.714120e-01 6.284000e-03 2.223040e-01
172 7.704360e-01 6.100000e-03 2.234640e-01
173 7.693480e-01 6.144000e-03 2.245080e-01
174 7.684920e-01 5.944000e-03 2.255640e-01
175 7.676200e-01 5.856000e-03 2.265240e-01
176 7.667000e-01 5.876000e-03 2.274240e-01
177 7.656720e-01 5.816000e-03 2.285120e-01
178 7.647640e-01 5.668000e-03 2.295680e-01
179 7.639160e-01 5.628000e-03 2.304560e-01
180 7.629440e-01 5.648000e-03 2.314080e-01
181 7.620920e-01 5.544000e-03 2.323640e-01
182 7.612040e-01 5.416000e-03 2.333800e-01
183 7.603960e-01 5.248000e-03 2.343560e-01
184 7.596160e-01 5.096000e-03 2.352880e-01
185 7.588600e-01 4.956000e-03 2.361840e-01
186 7.579440e-01 5.064000e-03 2.369920e-01
187 7.571560e-01 4.936000e-03 2.379080e-01
188 7.563560e-01 4.944000e-03 2.387000e-01
189 7.555160e-01 4.924000e-03 2.395600e-01
190 7.546760e-01 4.848000e-03 2.404760e-01
191 7.539080e-01 4.756000e-03 2.413360e-01
192 7.531440e-01 4.716000e-03 2.421400e-01
193 7.523240e-01 4.728000e-03 2.429480e-01
194 7.516120e-01 4.568000e-03 2.438200e-01
195 7.508320e-01 4.584000e-03 2.445840e-01
196 7.500680e-01 4.540000e-03 2.453920e-01
197 7.493320e-01 4.468000e-03 2.462000e-01
198 7.485880e-01 4.424000e-03 2.469880e-01
199 7.477840e-01 4.332000e-03 2.478840e-01
200 7.470400e-01 4.324000e-03 2.486360e-01
201 7.464200e-01 4.164000e-03 2.494160e-01
202 7.458560e-01 4.044000e-03 2.501000e-01
203 7.452640e-01 4.004000e-03 2.507320e-01
204 7.445920e-01 4.036000e-03 2.513720e-01
205 7.439600e-01 3.936000e-03 2.521040e-01
206 7.434320e-01 3.736000e-03 2.528320e-01
207 7.428240e-01 3.684000e-03 2.534920e-01
208 7.422120e-01 3.616000e-03 2.541720e-01
209 7.416680e-01 3.612000e-03 2.547200e-01
210 7.411240e-01 3.528000e-03 2.553480e-01
211 7.406440e-01 3.264000e-03 2.560920e-01
212 7.402000e-01 3.124000e-03 2.566760e-01
213 7.397960e-01 2.912000e-03 2.572920e-01
214 7.393080e-01 2.884000e-03 2.578080e-01
215 7.388040e-01 2.876000e-03 2.583200e-01
216 7.382680e-01 2.812000e-03 2.589200e-01
217 7.378760e-01 2.708000e-03 2.594160e-01
218 7.374120e-01 2.652000e-03 2.599360e-01
219 7.370000e-01 2.644000e-03 2.603560e-01
220 7.366560e-01 2.584000e-03 2.607600e-01
221 7.361960e-01 2.612000e-03 2.611920e-01
222 7.358000e-01 2.536000e-03 2.616640e-01
223 7.353720e-01 2.584000e-03 2.620440e-01
224 7.348960e-01 2.648000e-03 2.624560e-01
225 7.344680e-01 2.560000e-03 2.629720e-01
226 7.339600e-01 2.624000e-03 2.634160e-01
227 7.335240e-01 2.616000e-03 2.638600e-01
228 7.331360e-01 2.496000e-03 2.643680e-01
229 7.327520e-01 2.368000e-03 2.648800e-01
230 7.324000e-01 2.376000e-03 2.652240e-01
231 7.319600e-01 2.456000e-03 2.655840e-01
232 7.315640e-01 2.412000e-03 2.660240e-01
233 7.311080e-01 2.500000e-03 2.663920e-01
234 7.306480e-01 2.592000e-03 2.667600e-01
235 7.301600e-01 2.676000e-03 2.671640e-01
236 7.296640e-01 2.644000e-03 2.676920e-01
237 7.292160e-01 2.648000e-03 2.681360e-01
238 7.287840e-01 2.652000e-03 2.685640e-01
239 7.282600e-01 2.672000e-03 2.690680e-01
240 7.277920e-01 2.592000e-03 2.696160e-01
241 7.274480e-01 2.436000e-03 2.701160e-01
242 7.270720e-01 2.404000e-03 2.705240e-01
243 7.266360e-01 2.456000e-03 2.709080e-01
244 7.262560e-01 2.460000e-03 2.712840e-01
245 7.258360e-01 2.464000e-03 2.717000e-01
246 7.254960e-01 2.448000e-03 2.720560e-01
247 7.251400e-01 2.448000e-03 2.724120e-01
248 7.247840e-01 2.384000e-03 2.728320e-01
249 7.244400e-01 2.260000e-03 2.733000e-01
250 7.240680e-01 2.184000e-03 2.737480e-01
251 7.237440e-01 2.132000e-03 2.741240e-01
252 7.233400e-01 2.156000e-03 2.745040e-01
253 7.229080e-01 2.224000e-03 2.748680e-01
254 7.225040e-01 2.220000e-03 2.752760e-01
255 7.221520e-01 2.160000e-03 2.756880e-01
256 7.218360e-01 2.072000e-03 2.760920e-01
257 7.214720e-01 2.092000e-03 2.764360e-01
258 7.211360e-01 2.020000e-03 2.768440e-01
259 7.208560e-01 1.912000e-03 2.772320e-01
260 7.204960e-01 1.948000e-03 2.775560e-01
261 7.202080e-01 1.896000e-03 2.778960e-01
262 7.198320e-01 1.944000e-03 2.782240e-01
263 7.195120e-01 1.948000e-03 2.785400e-01
264 7.192560e-01 1.904000e-03 2.788400e-01
265 7.189480e-01 1.856000e-03 2.791960e-01
266 7.187200e-01 1.756000e-03 2.795240e-01
267 7.184560e-01 1.712000e-03 2.798320e-01
268 7.181920e-01 1.652000e-03 2.801560e-01
269 7.179240e-01 1.628000e-03 2.804480e-01
270 7.177200e-01 1.500000e-03 2.807800e-01
271 7.175240e-01 1.404000e-03 2.810720e-01
272 7.173240e-01 1.372000e-03 2.813040e-01
273 7.170880e-01 1.376000e-03 2.815360e-01
274 7.168600e-01 1.352000e-03 2.817880e-01
275 7.165960e-01 1.380000e-03 2.820240e-01
276 7.163400e-01 1.336000e-03 2.823240e-01
277 7.160800e-01 1.404000e-03 2.825160e-01
278 7.158080e-01 1.424000e-03 2.827680e-01
279 7.156120e-01 1.376000e-03 2.830120e-01
280 7.154240e-01 1.312000e-03 2.832640e-01
281 7.152000e-01 1.268000e-03 2.835320e-01
282 7.149560e-01 1.256000e-03 2.837880e-01
283 7.147160e-01 1.228000e-03 2.840560e-01
284 7.144840e-01 1.216000e-03 2.843000e-01
285 7.142280e-01 1.260000e-03 2.845120e-01
286 7.140200e-01 1.256000e-03 2.847240e-01
287 7.138000e-01 1.232000e-03 2.849680e-01
288 7.135120e-01 1.328000e-03 2.851600e-01
289 7.132560e-01 1.388000e-03 2.853560e-01
290 7.130600e-01 1.360000e-03 2.855800e-01
291 7.128560e-01 1.344000e-03 2.858000e-01
292 7.126280e-01 1.320000e-03 2.860520e-01
293 7.123680e-01 1.344000e-03 2.862880e-01
294 7.120720e-01 1.408000e-03 2.865200e-01
295 7.118600e-01 1.400000e-03 2.867400e-01
296 7.116040e-01 1.432000e-03 2.869640e-01
297 7.113560e-01 1.460000e-03 2.871840e-01
298 7.111160e-01 1.416000e-03 2.874680e-01
299 7.108680e-01 1.432000e-03 2.877000e-01
300 7.106280e-01 1.432000e-03 2.879400e-01
301 7.104000e-01 1.452000e-03 2.881480e-01
302 7.102000e-01 1.372000e-03 2.884280e-01
303 7.099760e-01 1.388000e-03 2.886360e-01
304 7.097880e-01 1.348000e-03 2.888640e-01
305 7.095840e-01 1.280000e-03 2.891360e-01
306 7.093600e-01 1.300000e-03 2.893400e-01
307 7.091720e-01 1.276000e-03 2.895520e-01
308 7.089920e-01 1.224000e-03 2.897840e-01
309 7.088200e-01 1.160000e-03 2.900200e-01
310 7.085800e-01 1.216000e-03 2.902040e-01
311 7.083760e-01 1.208000e-03 2.904160e-01
312 7.081920e-01 1.220000e-03 2.905880e-01
313 7.080120e-01 1.172000e-03 2.908160e-01
314 7.077840e-01 1.148000e-03 2.910680e-01
315 7.076040e-01 1.176000e-03 2.912200e-01
316 7.074040e-01 1.148000e-03 2.914480e-01
317 7.071960e-01 1.172000e-03 2.916320e-01
318 7.069480e-01 1.200000e-03 2.918520e-01
319 7.067720e-01 1.164000e-03 2.920640e-01
320 7.065920e-01 1.160000e-03 2.922480e-01
321 7.063400e-01 1.220000e-03 2.924400e-01
322 7.060880e-01 1.212000e-03 2.927000e-01
323 7.058840e-01 1.212000e-03 2.929040e-01
324 7.057080e-01 1.212000e-03 2.930800e-01
325 7.054800e-01 1.280000e-03 2.932400e-01
326 7.053280e-01 1.200000e-03 2.934720e-01
327 7.051960e-01 1.124000e-03 2.936800e-01
328 7.049800e-01 1.168000e-03 2.938520e-01
329 7.048040e-01 1.136000e-03 2.940600e-01
330 7.046120e-01 1.168000e-03 2.942200e-01
331 7.044800e-01 1.164000e-03 2.943560e-01
332 7.043200e-01 1.144000e-03 2.945360e-01
333 7.041240e-01 1.124000e-03 2.947520e-01
334 7.039040e-01 1.104000e-03 2.949920e-01
335 7.037480e-01 1.100000e-03 2.951520e-01
336 7.035560e-01 1.144000e-03 2.953000e-01
337 7.033880e-01 1.084000e-03 2.955280e-01
338 7.031880e-01 1.120000e-03 2.956920e-01
339 7.030200e-01 1.108000e-03 2.958720e-01
340 7.028440e-01 1.092000e-03 2.960640e-01
341 7.026480e-01 1.052000e-03 2.963000e-01
342 7.024320e-01 1.084000e-03 2.964840e-01
343 7.022160e-01 1.128000e-03 2.966560e-01
344 7.020320e-01 1.108000e-03 2.968600e-01
345 7.018200e-01 1.144000e-03 2.970360e-01
346 7.016240e-01 1.172000e-03 2.972040e-01
347 7.014640e-01 1.124000e-03 2.974120e-01
348 7.012400e-01 1.132000e-03 2.976280e-01
349 7.010320e-01 1.120000e-03 2.978480e-01
350 7.008560e-01 1.136000e-03 2.980080e-01
351 7.006520e-01 1.112000e-03 2.982360e-01
352 7.004880e-01 1.052000e-03 2.984600e-01
353 7.003120e-01 1.056000e-03 2.986320e-01
354 7.001040e-01 1.120000e-03 2.987760e-01
355 6.999640e-01 1.064000e-03 2.989720e-01
356 6.997680e-01 1.052000e-03 2.991800e-01
357 6.996480e-01 9.960000e-04 2.993560e-01
358 6.995400e-01 9.240000e-04 2.995360e-01
359 6.993520e-01 9.520000e-04 2.996960e-01
360 6.992000e-01 9.280000e-04 2.998720e-01
361 6.990520e-01 8.600000e-04 3.000880e-01
362 6.988640e-01 8.840000e-04 3.002520e-01
363 6.986400e-01 9.400000e-04 3.004200e-01
364 6.985160e-01 8.800000e-04 3.006040e-01
365 6.983440e-01 9.080000e-04 3.007480e-01
366 6.981520e-01 9.240000e-04 3.009240e-01
367 6.979720e-01 9.760000e-04 3.010520e-01
368 6.978080e-01 9.920000e-04 3.012000e-01
369 6.976240e-01 9.640000e-04 3.014120e-01
370 6.974320e-01 9.560000e-04 3.016120e-01
371 6.973200e-01 8.800000e-04 3.018000e-01
372 6.971760e-01 8.640000e-04 3.019600e-01
373 6.970440e-01 8.640000e-04 3.020920e-01
374 6.968360e-01 9.080000e-04 3.022560e-01
375 6.967000e-01 8.600000e-04 3.024400e-01
376 6.965480e-01 8.840000e-04 3.025680e-01
377 6.963840e-01 8.840000e-04 3.027320e-01
378 6.962520e-01 8.480000e-04 3.029000e-01
379 6.960680e-01 8.800000e-04 3.030520e-01
380 6.959240e-01 8.320000e-04 3.032440e-01
381 6.958240e-01 7.400000e-04 3.034360e-01
382 6.957000e-01 7.480000e-04 3.035520e-01
383 6.955840e-01 7.160000e-04 3.037000e-01
384 6.955160e-01 6.560000e-04 3.038280e-01
385 6.954400e-01 6.240000e-04 3.039360e-01
386 6.953440e-01 6.000000e-04 3.040560e-01
387 6.952640e-01 5.840000e-04 3.041520e-01
388 6.951800e-01 6.160000e-04 3.042040e-01
389 6.951200e-01 5.760000e-04 3.043040e-01
390 6.950200e-01 5.920000e-04 3.043880e-01
391 6.949680e-01 5.520000e-04 3.044800e-01
392 6.948840e-01 5.280000e-04 3.045880e-01
393 6.947760e-01 5.640000e-04 3.046600e-01
394 6.946280e-01 6.080000e-04 3.047640e-01
395 6.945040e-01 6.200000e-04 3.048760e-01
396 6.944440e-01 6.080000e-04 3.049480e-01
397 6.943320e-01 6.240000e-04 3.050440e-01
398 6.942400e-01 5.960000e-04 3.051640e-01
399 6.941400e-01 5.920000e-04 3.052680e-01
400 6.940520e-01 5.480000e-04 3.054000e-01
401 6.939720e-01 5.480000e-04 3.054800e-01
402 6.939040e-01 5.240000e-04 3.055720e-01
403 6.938120e-01 5.480000e-04 3.056400e-01
404 6.937720e-01 4.720000e-04 3.057560e-01
405 6.936960e-01 4.800000e-04 3.058240e-01
406 6.936440e-01 4.560000e-04 3.059000e-01
407 6.935840e-01 4.440000e-04 3.059720e-01
408 6.935240e-01 4.200000e-04 3.060560e-01
409 6.934400e-01 4.280000e-04 3.061320e-01
410 6.934000e-01 3.920000e-04 3.062080e-01
411 6.933400e-01 4.000000e-04 3.062600e-01
412 6.932840e-01 4.000000e-04 3.063160e-01
413 6.932160e-01 3.880000e-04 3.063960e-01
414 6.931480e-01 4.000000e-04 3.064520e-01
415 6.930600e-01 4.040000e-04 3.065360e-01
416 6.929720e-01 4.560000e-04 3.065720e-01
417 6.928840e-01 4.440000e-04 3.066720e-01
418 6.928080e-01 4.440000e-04 3.067480e-01
419 6.927760e-01 3.800000e-04 3.068440e-01
420 6.927240e-01 3.640000e-04 3.069120e-01
421 6.926520e-01 3.560000e-04 3.069920e-01
422 6.925680e-01 3.960000e-04 3.070360e-01
423 6.924760e-01 4.160000e-04 3.071080e-01
424 6.924160e-01 4.160000e-04 3.071680e-01
425 6.923720e-01 3.920000e-04 3.072360e-01
426 6.922840e-01 3.960000e-04 3.073200e-01
427 6.921920e-01 4.520000e-04 3.073560e-01
428 6.921480e-01 4.280000e-04 3.074240e-01
429 6.920840e-01 4.080000e-04 3.075080e-01
430 6.920320e-01 3.840000e-04 3.075840e-01
431 6.919400e-01 4.440000e-04 3.076160e-01
432 6.918640e-01 4.280000e-04 3.077080e-01
433 6.918040e-01 4.240000e-04 3.077720e-01
434 6.917440e-01 4.240000e-04 3.078320e-01
435 6.916800e-01 4.040000e-04 3.079160e-01
436 6.916400e-01 3.720000e-04 3.079880e-01
437 6.915720e-01 3.640000e-04 3.080640e-01
438 6.915000e-01 3.680000e-04 3.081320e-01
439 6.914520e-01 3.240000e-04 3.082240e-01
440 6.914000e-01 3.240000e-04 3.082760e-01
441 6.913320e-01 3.480000e-04 3.083200e-01
442 6.912640e-01 3.280000e-04 3.084080e-01
443 6.912240e-01 3.080000e-04 3.084680e-01
444 6.911720e-01 3.200000e-04 3.085080e-01
445 6.911080e-01 3.320000e-04 3.085600e-01
446 6.910480e-01 3.640000e-04 3.085880e-01
447 6.910080e-01 3.480000e-04 3.086440e-01
448 6.909600e-01 3.320000e-04 3.087080e-01
449 6.909440e-01 3.200000e-04 3.087360e-01
450 6.908880e-01 3.360000e-04 3.087760e-01
451 6.908480e-01 3.120000e-04 3.088400e-01
452 6.908000e-01 3.120000e-04 3.088880e-01
453 6.907600e-01 3.120000e-04 3.089280e-01
454 6.906920e-01 2.840000e-04 3.090240e-01
455 6.906400e-01 3.040000e-04 3.090560e-01
456 6.905800e-01 3.160000e-04 3.091040e-01
457 6.905400e-01 2.800000e-04 3.091800e-01
458 6.905040e-01 2.560000e-04 3.092400e-01
459 6.904680e-01 2.360000e-04 3.092960e-01
460 6.904200e-01 2.520000e-04 3.093280e-01
461 6.903800e-01 2.400000e-04 3.093800e-01
462 6.903320e-01 2.400000e-04 3.094280e-01
463 6.902920e-01 2.120000e-04 3.094960e-01
464 6.902520e-01 2.200000e-04 3.095280e-01
465 6.902000e-01 2.280000e-04 3.095720e-01
466 6.901520e-01 2.400000e-04 3.096080e-01
467 6.901120e-01 2.600000e-04 3.096280e-01
468 6.900600e-01 2.880000e-04 3.096520e-01
469 6.899920e-01 3.120000e-04 3.096960e-01
470 6.899360e-01 3.000000e-04 3.097640e-01
471 6.899040e-01 2.880000e-04 3.098080e-01
472 6.898440e-01 2.960000e-04 3.098600e-01
473 6.898000e-01 2.920000e-04 3.099080e-01
474 6.897640e-01 2.720000e-04 3.099640e-01
475 6.897400e-01 2.520000e-04 3.100080e-01
476 6.896920e-01 2.360000e-04 3.100720e-01
477 6.896640e-01 1.960000e-04 3.101400e-01
478 6.896400e-01 1.640000e-04 3.101960e-01
479 6.896040e-01 1.640000e-04 3.102320e-01
480 6.895640e-01 1.760000e-04 3.102600e-01
481 6.895120e-01 1.760000e-04 3.103120e-01
482 6.894920e-01 1.720000e-04 3.103360e-01
483 6.894480e-01 1.920000e-04 3.103600e-01
484 6.894120e-01 1.760000e-04 3.104120e-01
485 6.893560e-01 1.920000e-04 3.104520e-01
486 6.893080e-01 2.120000e-04 3.104800e-01
487 6.892880e-01 2.120000e-04 3.105000e-01
488 6.892680e-01 2.000000e-04 3.105320e-01
489 6.892200e-01 1.960000e-04 3.105840e-01
490 6.891600e-01 2.240000e-04 3.106160e-01
491 6.891200e-01 2.240000e-04 3.106560e-01
492 6.890640e-01 2.400000e-04 3.106960e-01
493 6.890280e-01 2.440000e-04 3.107280e-01
494 6.889840e-01 2.560000e-04 3.107600e-01
495 6.889520e-01 2.520000e-04 3.107960e-01
496 6.889360e-01 2.040000e-04 3.108600e-01
497 6.889080e-01 1.880000e-04 3.109040e-01
498 6.888760e-01 1.720000e-04 3.109520e-01
499 6.888360e-01 1.600000e-04 3.110040e-01
500 6.888200e-01 1.480000e-04 3.110320e-01
