1 9.993040e-01 6.000000e-04 9.600000e-05
2 9.988280e-01 9.440000e-04 2.280000e-04
3 9.982760e-01 1.320000e-03 4.040000e-04
4 9.976760e-01 1.708000e-03 6.160000e-04
5 9.969440e-01 2.092000e-03 9.640000e-04
6 9.961480e-01 2.448000e-03 1.404000e-03
7 9.953120e-01 2.828000e-03 1.860000e-03
8 9.944480e-01 3.156000e-03 2.396000e-03
9 9.934480e-01 3.640000e-03 2.912000e-03
10 9.923200e-01 3.980000e-03 3.700000e-03
11 9.912280e-01 4.304000e-03 4.468000e-03
12 9.901920e-01 4.440000e-03 5.368000e-03
13 9.890680e-01 4.740000e-03 6.192000e-03
14 9.880240e-01 4.928000e-03 7.048000e-03
15 9.868200e-01 5.308000e-03 7.872000e-03
16 9.857800e-01 5.380000e-03 8.840000e-03
17 9.845400e-01 5.688000e-03 9.772000e-03
18 9.833640e-01 5.896000e-03 1.074000e-02
19 9.820840e-01 6.120000e-03 1.179600e-02
20 9.808560e-01 6.232000e-03 1.291200e-02
21 9.797360e-01 6.200000e-03 1.406400e-02
22 9.785120e-01 6.368000e-03 1.512000e-02
23 9.771960e-01 6.572000e-03 1.623200e-02
24 9.758840e-01 6.788000e-03 1.732800e-02
25 9.745480e-01 6.948000e-03 1.850400e-02
26 9.730320e-01 7.088000e-03 1.988000e-02
27 9.715800e-01 7.304000e-03 2.111600e-02
28 9.703120e-01 7.236000e-03 2.245200e-02
29 9.688200e-01 7.556000e-03 2.362400e-02
30 9.673560e-01 7.644000e-03 2.500000e-02
31 9.658080e-01 7.912000e-03 2.628000e-02
32 9.644520e-01 7.884000e-03 2.766400e-02
33 9.628760e-01 8.004000e-03 2.912000e-02
34 9.614680e-01 8.052000e-03 3.048000e-02
35 9.599600e-01 8.224000e-03 3.181600e-02
36 9.583320e-01 8.372000e-03 3.329600e-02
37 9.569160e-01 8.336000e-03 3.474800e-02
38 9.553600e-01 8.524000e-03 3.611600e-02
39 9.537840e-01 8.492000e-03 3.772400e-02
40 9.524400e-01 8.388000e-03 3.917200e-02
41 9.510040e-01 8.296000e-03 4.070000e-02
42 9.496960e-01 8.124000e-03 4.218000e-02
43 9.483320e-01 8.120000e-03 4.354800e-02
44 9.468480e-01 8.168000e-03 4.498400e-02
45 9.455000e-01 8.172000e-03 4.632800e-02
46 9.441080e-01 8.104000e-03 4.778800e-02
47 9.426520e-01 8.216000e-03 4.913200e-02
48 9.412480e-01 8.100000e-03 5.065200e-02
49 9.396040e-01 8.408000e-03 5.198800e-02
50 9.380880e-01 8.516000e-03 5.339600e-02
51 9.367200e-01 8.420000e-03 5.486000e-02
52 9.352720e-01 8.324000e-03 5.640400e-02
53 9.338280e-01 8.320000e-03 5.785200e-02
54 9.322600e-01 8.448000e-03 5.929200e-02
55 9.308880e-01 8.380000e-03 6.073200e-02
56 9.295160e-01 8.244000e-03 6.224000e-02
57 9.282560e-01 8.084000e-03 6.366000e-02
58 9.269200e-01 8.000000e-03 6.508000e-02
59 9.254960e-01 8.096000e-03 6.640800e-02
60 9.241080e-01 8.136000e-03 6.775600e-02
61 9.227080e-01 8.104000e-03 6.918800e-02
62 9.211720e-01 8.172000e-03 7.065600e-02
63 9.196480e-01 8.352000e-03 7.200000e-02
64 9.180240e-01 8.456000e-03 7.352000e-02
65 9.164360e-01 8.468000e-03 7.509600e-02
66 9.148600e-01 8.544000e-03 7.659600e-02
67 9.133240e-01 8.560000e-03 7.811600e-02
68 9.117000e-01 8.676000e-03 7.962400e-02
69 9.101760e-01 8.552000e-03 8.127200e-02
70 9.086680e-01 8.636000e-03 8.269600e-02
71 9.071080e-01 8.660000e-03 8.423200e-02
72 9.056360e-01 8.608000e-03 8.575600e-02
73 9.040200e-01 8.728000e-03 8.725200e-02
74 9.024920e-01 8.808000e-03 8.870000e-02
75 9.009440e-01 8.868000e-03 9.018800e-02
76 8.994960e-01 8.896000e-03 9.160800e-02
77 8.979000e-01 8.976000e-03 9.312400e-02
78 8.965120e-01 8.760000e-03 9.472800e-02
79 8.951320e-01 8.588000e-03 9.628000e-02
80 8.936520e-01 8.616000e-03 9.773200e-02
81 8.921440e-01 8.700000e-03 9.915600e-02
82 8.905080e-01 8.800000e-03 1.006920e-01
83 8.888880e-01 8.912000e-03 1.022000e-01
84 8.875120e-01 8.672000e-03 1.038160e-01
85 8.859480e-01 8.848000e-03 1.052040e-01
86 8.845080e-01 8.844000e-03 1.066480e-01
87 8.830120e-01 8.764000e-03 1.082240e-01
88 8.815400e-01 8.780000e-03 1.096800e-01
89 8.801880e-01 8.620000e-03 1.111920e-01
90 8.786120e-01 8.768000e-03 1.126200e-01
91 8.771520e-01 8.740000e-03 1.141080e-01
92 8.755360e-01 8.792000e-03 1.156720e-01
93 8.739760e-01 8.812000e-03 1.172120e-01
94 8.725560e-01 8.600000e-03 1.188440e-01
95 8.712920e-01 8.444000e-03 1.202640e-01
96 8.698960e-01 8.352000e-03 1.217520e-01
97 8.685000e-01 8.408000e-03 1.230920e-01
98 8.671000e-01 8.412000e-03 1.244880e-01
99 8.656920e-01 8.384000e-03 1.259240e-01
100 8.643280e-01 8.336000e-03 1.273360e-01
101 8.630760e-01 8.192000e-03 1.287320e-01
102 8.618160e-01 8.060000e-03 1.301240e-01
103 8.604640e-01 7.968000e-03 1.315680e-01
104 8.591280e-01 7.864000e-03 1.330080e-01
105 8.578720e-01 7.680000e-03 1.344480e-01
106 8.564640e-01 7.724000e-03 1.358120e-01
107 8.551600e-01 7.636000e-03 1.372040e-01
108 8.536400e-01 7.832000e-03 1.385280e-01
109 8.521600e-01 7.908000e-03 1.399320e-01
110 8.506400e-01 8.056000e-03 1.413040e-01
111 8.491000e-01 8.160000e-03 1.427400e-01
112 8.477640e-01 8.104000e-03 1.441320e-01
113 8.462440e-01 8.236000e-03 1.455200e-01
114 8.451160e-01 7.968000e-03 1.469160e-01
115 8.436840e-01 8.012000e-03 1.483040e-01
116 8.422640e-01 8.028000e-03 1.497080e-01
117 8.409360e-01 7.884000e-03 1.511800e-01
118 8.397000e-01 7.716000e-03 1.525840e-01
119 8.383680e-01 7.612000e-03 1.540200e-01
120 8.371880e-01 7.540000e-03 1.552720e-01
121 8.361080e-01 7.264000e-03 1.566280e-01
122 8.349520e-01 7.100000e-03 1.579480e-01
123 8.337160e-01 6.984000e-03 1.593000e-01
124 8.324640e-01 6.904000e-03 1.606320e-01
125 8.312280e-01 6.952000e-03 1.618200e-01
126 8.301080e-01 6.816000e-03 1.630760e-01
127 8.289840e-01 6.824000e-03 1.641920e-01
128 8.278040e-01 6.740000e-03 1.654560e-01
129 8.267240e-01 6.496000e-03 1.667800e-01
130 8.255280e-01 6.652000e-03 1.678200e-01
131 8.243600e-01 6.744000e-03 1.688960e-01
132 8.231720e-01 6.728000e-03 1.701000e-01
133 8.220320e-01 6.688000e-03 1.712800e-01
134 8.209560e-01 6.624000e-03 1.724200e-01
135 8.198080e-01 6.656000e-03 1.735360e-01
136 8.187640e-01 6.580000e-03 1.746560e-01
137 8.177240e-01 6.356000e-03 1.759200e-01
138 8.166720e-01 6.392000e-03 1.769360e-01
139 8.155280e-01 6.436000e-03 1.780360e-01
140 8.143960e-01 6.412000e-03 1.791920e-01
141 8.132920e-01 6.276000e-03 1.804320e-01
142 8.122360e-01 6.248000e-03 1.815160e-01
143 8.111080e-01 6.428000e-03 1.824640e-01
144 8.101560e-01 6.252000e-03 1.835920e-01
145 8.091640e-01 6.060000e-03 1.847760e-01
146 8.081240e-01 6.032000e-03 1.858440e-01
147 8.070840e-01 6.076000e-03 1.868400e-01
148 8.059600e-01 6.124000e-03 1.879160e-01
149 8.049440e-01 6.096000e-03 1.889600e-01
150 8.039560e-01 6.020000e-03 1.900240e-01
151 8.029640e-01 5.948000e-03 1.910880e-01
152 8.020520e-01 5.844000e-03 1.921040e-01
153 8.010920e-01 5.836000e-03 1.930720e-01
154 8.000200e-01 5.916000e-03 1.940640e-01
155 7.989840e-01 5.792000e-03 1.952240e-01
156 7.978920e-01 5.828000e-03 1.962800e-01
157 7.968840e-01 5.860000e-03 1.972560e-01
158 7.957040e-01 6.104000e-03 1.981920e-01
159 7.945720e-01 6.108000e-03 1.993200e-01
160 7.934480e-01 6.032000e-03 2.005200e-01
161 7.924480e-01 6.068000e-03 2.014840e-01
162 7.915280e-01 5.904000e-03 2.025680e-01
163 7.905120e-01 5.864000e-03 2.036240e-01
164 7.895080e-01 5.812000e-03 2.046800e-01
165 7.885640e-01 5.748000e-03 2.056880e-01
166 7.876640e-01 5.696000e-03 2.066400e-01
167 7.866600e-01 5.672000e-03 2.076680e-01
168 7.857360e-01 5.628000e-03 2.086360e-01
169 7.845880e-01 5.792000e-03 2.096200e-01
170 7.836240e-01 5.724000e-03 2.106520e-01
171 7.827600e-01 5.644000e-03 2.115960e-01
172 7.817560e-01 5.736000e-03 2.125080e-01
173 7.807520e-01 5.732000e-03 2.135160e-01
174 7.796880e-01 5.760000e-03 2.145520e-01
175 7.787320e-01 5.716000e-03 2.155520e-01
176 7.778360e-01 5.704000e-03 2.164600e-01
177 7.768640e-01 5.620000e-03 2.175160e-01
178 7.759680e-01 5.588000e-03 2.184440e-01
179 7.750400e-01 5.544000e-03 2.194160e-01
180 7.742480e-01 5.376000e-03 2.203760e-01
181 7.733720e-01 5.332000e-03 2.212960e-01
182 7.726640e-01 5.116000e-03 2.222200e-01
183 7.719320e-01 4.972000e-03 2.230960e-01
184 7.711720e-01 4.964000e-03 2.238640e-01
185 7.703960e-01 4.756000e-03 2.248480e-01
186 7.696560e-01 4.676000e-03 2.256680e-01
187 7.689120e-01 4.640000e-03 2.264480e-01
188 7.680960e-01 4.640000e-03 2.272640e-01
189 7.671720e-01 4.784000e-03 2.280440e-01
190 7.664200e-01 4.736000e-03 2.288440e-01
191 7.656560e-01 4.748000e-03 2.295960e-01
192 7.649520e-01 4.648000e-03 2.304000e-01
193 7.642360e-01 4.544000e-03 2.312200e-01
194 7.635600e-01 4.452000e-03 2.319880e-01
195 7.628240e-01 4.396000e-03 2.327800e-01
196 7.621240e-01 4.416000e-03 2.334600e-01
197 7.613800e-01 4.380000e-03 2.342400e-01
198 7.607160e-01 4.232000e-03 2.350520e-01
199 7.600560e-01 4.172000e-03 2.357720e-01
200 7.592960e-01 4.196000e-03 2.365080e-01
201 7.585680e-01 4.292000e-03 2.371400e-01
202 7.578080e-01 4.220000e-03 2.379720e-01
203 7.570600e-01 4.216000e-03 2.387240e-01
204 7.562160e-01 4.388000e-03 2.393960e-01
205 7.554600e-01 4.344000e-03 2.401960e-01
206 7.546320e-01 4.352000e-03 2.410160e-01
207 7.538160e-01 4.376000e-03 2.418080e-01
208 7.530680e-01 4.388000e-03 2.425440e-01
209 7.522440e-01 4.436000e-03 2.433200e-01
210 7.514160e-01 4.484000e-03 2.441000e-01
211 7.505320e-01 4.536000e-03 2.449320e-01
212 7.497960e-01 4.452000e-03 2.457520e-01
213 7.489640e-01 4.568000e-03 2.464680e-01
214 7.482440e-01 4.492000e-03 2.472640e-01
215 7.473840e-01 4.548000e-03 2.480680e-01
216 7.466240e-01 4.480000e-03 2.488960e-01
217 7.458040e-01 4.544000e-03 2.496520e-01
218 7.451240e-01 4.480000e-03 2.503960e-01
219 7.444720e-01 4.328000e-03 2.512000e-01
220 7.438120e-01 4.244000e-03 2.519440e-01
221 7.432080e-01 4.108000e-03 2.526840e-01
222 7.424760e-01 4.144000e-03 2.533800e-01
223 7.417400e-01 4.232000e-03 2.540280e-01
224 7.410920e-01 4.116000e-03 2.547920e-01
225 7.404400e-01 3.952000e-03 2.556080e-01
226 7.398280e-01 3.884000e-03 2.562880e-01
227 7.391160e-01 3.932000e-03 2.569520e-01
228 7.384960e-01 3.876000e-03 2.576280e-01
229 7.378480e-01 3.812000e-03 2.583400e-01
230 7.372600e-01 3.708000e-03 2.590320e-01
231 7.364960e-01 3.836000e-03 2.596680e-01
232 7.359440e-01 3.696000e-03 2.603600e-01
233 7.353040e-01 3.772000e-03 2.609240e-01
234 7.346920e-01 3.788000e-03 2.615200e-01
235 7.339960e-01 3.924000e-03 2.620800e-01
236 7.332640e-01 3.988000e-03 2.627480e-01
237 7.326280e-01 3.912000e-03 2.634600e-01
238 7.319680e-01 3.792000e-03 2.642400e-01
239 7.312720e-01 3.836000e-03 2.648920e-01
240 7.308000e-01 3.612000e-03 2.655880e-01
241 7.302440e-01 3.520000e-03 2.662360e-01
242 7.296400e-01 3.564000e-03 2.667960e-01
243 7.291280e-01 3.532000e-03 2.673400e-01
244 7.286200e-01 3.416000e-03 2.679640e-01
245 7.282400e-01 3.196000e-03 2.685640e-01
246 7.277920e-01 3.192000e-03 2.690160e-01
247 7.273480e-01 3.044000e-03 2.696080e-01
248 7.268920e-01 3.048000e-03 2.700600e-01
249 7.264440e-01 2.976000e-03 2.705800e-01
250 7.259960e-01 2.944000e-03 2.710600e-01
251 7.255640e-01 2.872000e-03 2.715640e-01
252 7.251040e-01 2.824000e-03 2.720720e-01
253 7.246360e-01 2.836000e-03 2.725280e-01
254 7.242240e-01 2.712000e-03 2.730640e-01
255 7.237480e-01 2.752000e-03 2.735000e-01
256 7.232640e-01 2.788000e-03 2.739480e-01
257 7.228120e-01 2.776000e-03 2.744120e-01
258 7.223800e-01 2.760000e-03 2.748600e-01
259 7.219400e-01 2.736000e-03 2.753240e-01
260 7.214800e-01 2.712000e-03 2.758080e-01
261 7.209640e-01 2.732000e-03 2.763040e-01
262 7.205640e-01 2.720000e-03 2.767160e-01
263 7.200720e-01 2.700000e-03 2.772280e-01
264 7.197120e-01 2.608000e-03 2.776800e-01
265 7.193240e-01 2.544000e-03 2.781320e-01
266 7.188840e-01 2.636000e-03 2.784800e-01
267 7.184760e-01 2.524000e-03 2.790000e-01
268 7.180840e-01 2.472000e-03 2.794440e-01
269 7.175880e-01 2.536000e-03 2.798760e-01
270 7.171200e-01 2.576000e-03 2.803040e-01
271 7.167560e-01 2.420000e-03 2.808240e-01
272 7.163280e-01 2.472000e-03 2.812000e-01
273 7.159280e-01 2.412000e-03 2.816600e-01
274 7.155840e-01 2.284000e-03 2.821320e-01
275 7.152160e-01 2.192000e-03 2.825920e-01
276 7.148640e-01 2.104000e-03 2.830320e-01
277 7.145120e-01 2.104000e-03 2.833840e-01
278 7.141680e-01 2.040000e-03 2.837920e-01
279 7.138400e-01 1.996000e-03 2.841640e-01
280 7.135000e-01 1.940000e-03 2.845600e-01
281 7.131760e-01 1.932000e-03 2.848920e-01
282 7.128640e-01 1.940000e-03 2.851960e-01
283 7.124400e-01 2.036000e-03 2.855240e-01
284 7.120920e-01 2.112000e-03 2.857960e-01
285 7.117200e-01 2.120000e-03 2.861600e-01
286 7.113960e-01 2.168000e-03 2.864360e-01
287 7.110760e-01 2.132000e-03 2.867920e-01
288 7.106960e-01 2.144000e-03 2.871600e-01
289 7.103120e-01 2.204000e-03 2.874840e-01
290 7.098760e-01 2.264000e-03 2.878600e-01
291 7.094560e-01 2.332000e-03 2.882120e-01
292 7.089800e-01 2.352000e-03 2.886680e-01
293 7.086080e-01 2.296000e-03 2.890960e-01
294 7.083280e-01 2.148000e-03 2.895240e-01
295 7.079520e-01 2.232000e-03 2.898160e-01
296 7.076480e-01 2.204000e-03 2.901480e-01
297 7.073520e-01 2.140000e-03 2.905080e-01
298 7.070440e-01 2.064000e-03 2.908920e-01
299 7.067360e-01 2.024000e-03 2.912400e-01
300 7.064080e-01 2.056000e-03 2.915360e-01
301 7.060200e-01 2.124000e-03 2.918560e-01
302 7.056560e-01 2.124000e-03 2.922200e-01
303 7.053000e-01 2.068000e-03 2.926320e-01
304 7.050080e-01 2.020000e-03 2.929720e-01
305 7.046840e-01 1.948000e-03 2.933680e-01
306 7.044480e-01 1.892000e-03 2.936600e-01
307 7.042040e-01 1.748000e-03 2.940480e-01
308 7.039440e-01 1.664000e-03 2.943920e-01
309 7.037440e-01 1.596000e-03 2.946600e-01
310 7.034720e-01 1.568000e-03 2.949600e-01
311 7.033000e-01 1.512000e-03 2.951880e-01
312 7.029880e-01 1.592000e-03 2.954200e-01
313 7.027240e-01 1.552000e-03 2.957240e-01
314 7.024760e-01 1.540000e-03 2.959840e-01
315 7.022120e-01 1.504000e-03 2.962840e-01
316 7.019040e-01 1.548000e-03 2.965480e-01
317 7.016400e-01 1.500000e-03 2.968600e-01
318 7.013360e-01 1.548000e-03 2.971160e-01
319 7.010680e-01 1.488000e-03 2.974440e-01
320 7.008480e-01 1.460000e-03 2.976920e-01
321 7.005800e-01 1.488000e-03 2.979320e-01
322 7.003280e-01 1.484000e-03 2.981880e-01
323 7.001000e-01 1.432000e-03 2.984680e-01
324 6.998200e-01 1.472000e-03 2.987080e-01
325 6.995520e-01 1.464000e-03 2.989840e-01
326 6.992640e-01 1.488000e-03 2.992480e-01
327 6.989960e-01 1.472000e-03 2.995320e-01
328 6.987280e-01 1.524000e-03 2.997480e-01
329 6.985160e-01 1.428000e-03 3.000560e-01
330 6.982760e-01 1.396000e-03 3.003280e-01
331 6.980280e-01 1.404000e-03 3.005680e-01
332 6.978240e-01 1.388000e-03 3.007880e-01
333 6.976240e-01 1.300000e-03 3.010760e-01
334 6.974480e-01 1.244000e-03 3.013080e-01
335 6.972520e-01 1.236000e-03 3.015120e-01
336 6.970440e-01 1.232000e-03 3.017240e-01
337 6.968840e-01 1.184000e-03 3.019320e-01
338 6.967280e-01 1.104000e-03 3.021680e-01
339 6.965640e-01 1.100000e-03 3.023360e-01
340 6.963960e-01 1.140000e-03 3.024640e-01
341 6.961880e-01 1.148000e-03 3.026640e-01
342 6.960080e-01 1.108000e-03 3.028840e-01
343 6.958280e-01 1.100000e-03 3.030720e-01
344 6.956600e-01 1.092000e-03 3.032480e-01
345 6.955080e-01 1.056000e-03 3.034360e-01
346 6.953840e-01 1.012000e-03 3.036040e-01
347 6.952440e-01 1.008000e-03 3.037480e-01
348 6.951200e-01 9.720000e-04 3.039080e-01
349 6.949760e-01 9.560000e-04 3.040680e-01
350 6.948000e-01 9.400000e-04 3.042600e-01
351 6.946880e-01 9.120000e-04 3.044000e-01
352 6.945360e-01 8.880000e-04 3.045760e-01
353 6.943840e-01 8.920000e-04 3.047240e-01
354 6.942400e-01 8.760000e-04 3.048840e-01
355 6.941000e-01 8.560000e-04 3.050440e-01
356 6.939480e-01 8.400000e-04 3.052120e-01
357 6.938160e-01 8.200000e-04 3.053640e-01
358 6.936760e-01 8.120000e-04 3.055120e-01
359 6.935000e-01 8.560000e-04 3.056440e-01
360 6.933440e-01 9.080000e-04 3.057480e-01
361 6.932440e-01 8.640000e-04 3.058920e-01
362 6.931040e-01 8.560000e-04 3.060400e-01
363 6.929720e-01 8.120000e-04 3.062160e-01
364 6.928640e-01 7.880000e-04 3.063480e-01
365 6.926960e-01 8.280000e-04 3.064760e-01
366 6.925600e-01 8.280000e-04 3.066120e-01
367 6.923720e-01 8.880000e-04 3.067400e-01
368 6.922240e-01 8.720000e-04 3.069040e-01
369 6.920520e-01 9.120000e-04 3.070360e-01
370 6.919240e-01 9.360000e-04 3.071400e-01
371 6.917920e-01 9.200000e-04 3.072880e-01
372 6.916640e-01 9.200000e-04 3.074160e-01
373 6.915640e-01 8.560000e-04 3.075800e-01
374 6.914280e-01 8.320000e-04 3.077400e-01
375 6.912760e-01 8.320000e-04 3.078920e-01
376 6.911480e-01 8.280000e-04 3.080240e-01
377 6.909840e-01 8.560000e-04 3.081600e-01
378 6.908040e-01 8.840000e-04 3.083120e-01
379 6.906720e-01 8.760000e-04 3.084520e-01
380 6.905280e-01 8.320000e-04 3.086400e-01
381 6.903920e-01 8.480000e-04 3.087600e-01
382 6.902440e-01 8.000000e-04 3.089560e-01
383 6.901080e-01 7.840000e-04 3.091080e-01
384 6.899480e-01 7.960000e-04 3.092560e-01
385 6.898320e-01 7.560000e-04 3.094120e-01
386 6.897160e-01 7.440000e-04 3.095400e-01
387 6.895720e-01 7.240000e-04 3.097040e-01
388 6.894600e-01 7.080000e-04 3.098320e-01
389 6.893640e-01 6.360000e-04 3.100000e-01
390 6.892720e-01 6.240000e-04 3.101040e-01
391 6.891960e-01 5.680000e-04 3.102360e-01
392 6.890600e-01 6.040000e-04 3.103360e-01
393 6.889240e-01 6.440000e-04 3.104320e-01
394 6.887800e-01 6.960000e-04 3.105240e-01
395 6.886600e-01 6.720000e-04 3.106680e-01
396 6.884760e-01 7.600000e-04 3.107640e-01
397 6.883160e-01 7.880000e-04 3.108960e-01
398 6.881440e-01 7.840000e-04 3.110720e-01
399 6.879880e-01 8.160000e-04 3.111960e-01
400 6.878640e-01 8.000000e-04 3.113360e-01
401 6.877080e-01 8.240000e-04 3.114680e-01
402 6.875640e-01 8.280000e-04 3.116080e-01
403 6.874560e-01 8.280000e-04 3.117160e-01
404 6.873400e-01 7.840000e-04 3.118760e-01
405 6.872280e-01 7.920000e-04 3.119800e-01
406 6.871120e-01 7.640000e-04 3.121240e-01
407 6.870240e-01 7.400000e-04 3.122360e-01
408 6.869600e-01 6.480000e-04 3.123920e-01
409 6.868640e-01 6.280000e-04 3.125080e-01
410 6.867840e-01 5.920000e-04 3.126240e-01
411 6.866960e-01 5.480000e-04 3.127560e-01
412 6.866160e-01 5.400000e-04 3.128440e-01
413 6.865360e-01 5.360000e-04 3.129280e-01
414 6.864280e-01 5.520000e-04 3.130200e-01
415 6.863160e-01 5.960000e-04 3.130880e-01
416 6.862240e-01 5.680000e-04 3.132080e-01
417 6.861640e-01 5.320000e-04 3.133040e-01
418 6.860880e-01 5.240000e-04 3.133880e-01
419 6.860240e-01 4.920000e-04 3.134840e-01
420 6.859600e-01 4.720000e-04 3.135680e-01
421 6.858840e-01 4.640000e-04 3.136520e-01
422 6.858040e-01 4.360000e-04 3.137600e-01
423 6.857400e-01 4.320000e-04 3.138280e-01
424 6.856760e-01 4.440000e-04 3.138800e-01
425 6.855880e-01 4.720000e-04 3.139400e-01
426 6.855400e-01 4.320000e-04 3.140280e-01
427 6.854880e-01 4.240000e-04 3.140880e-01
428 6.854040e-01 4.320000e-04 3.141640e-01
429 6.853240e-01 4.400000e-04 3.142360e-01
430 6.852440e-01 4.480000e-04 3.143080e-01
431 6.851600e-01 4.320000e-04 3.144080e-01
432 6.850960e-01 4.200000e-04 3.144840e-01
433 6.850760e-01 3.400000e-04 3.145840e-01
434 6.850080e-01 3.520000e-04 3.146400e-01
435 6.849640e-01 3.200000e-04 3.147160e-01
436 6.849200e-01 3.200000e-04 3.147600e-01
437 6.848760e-01 3.000000e-04 3.148240e-01
438 6.848480e-01 2.720000e-04 3.148800e-01
439 6.848040e-01 2.600000e-04 3.149360e-01
440 6.847520e-01 2.760000e-04 3.149720e-01
441 6.846920e-01 2.720000e-04 3.150360e-01
442 6.846320e-01 2.840000e-04 3.150840e-01
443 6.845920e-01 2.880000e-04 3.151200e-01
444 6.845560e-01 2.720000e-04 3.151720e-01
445 6.845160e-01 2.320000e-04 3.152520e-01
446 6.844760e-01 2.400000e-04 3.152840e-01
447 6.844400e-01 2.360000e-04 3.153240e-01
448 6.844040e-01 2.360000e-04 3.153600e-01
449 6.843480e-01 2.360000e-04 3.154160e-01
450 6.842800e-01 2.720000e-04 3.154480e-01
451 6.842400e-01 2.560000e-04 3.155040e-01
452 6.841760e-01 2.560000e-04 3.155680e-01
453 6.841400e-01 2.520000e-04 3.156080e-01
454 6.841000e-01 2.360000e-04 3.156640e-01
455 6.840520e-01 2.320000e-04 3.157160e-01
456 6.840120e-01 2.200000e-04 3.157680e-01
457 6.839400e-01 2.720000e-04 3.157880e-01
458 6.838400e-01 3.040000e-04 3.158560e-01
459 6.838040e-01 2.840000e-04 3.159120e-01
460 6.837200e-01 3.000000e-04 3.159800e-01
461 6.836800e-01 2.840000e-04 3.160360e-01
462 6.836240e-01 2.960000e-04 3.160800e-01
463 6.835720e-01 2.880000e-04 3.161400e-01
464 6.835280e-01 2.800000e-04 3.161920e-01
465 6.834840e-01 2.680000e-04 3.162480e-01
466 6.834200e-01 2.960000e-04 3.162840e-01
467 6.833760e-01 2.880000e-04 3.163360e-01
468 6.833600e-01 2.480000e-04 3.163920e-01
469 6.833400e-01 2.360000e-04 3.164240e-01
470 6.832960e-01 2.320000e-04 3.164720e-01
471 6.832880e-01 2.080000e-04 3.165040e-01
472 6.832600e-01 2.120000e-04 3.165280e-01
473 6.832360e-01 2.080000e-04 3.165560e-01
474 6.832080e-01 2.040000e-04 3.165880e-01
475 6.831760e-01 2.040000e-04 3.166200e-01
476 6.831440e-01 1.920000e-04 3.166640e-01
477 6.831200e-01 1.920000e-04 3.166880e-01
478 6.831080e-01 1.760000e-04 3.167160e-01
479 6.830880e-01 1.640000e-04 3.167480e-01
480 6.830680e-01 1.640000e-04 3.167680e-01
481 6.830520e-01 1.360000e-04 3.168120e-01
482 6.830360e-01 1.440000e-04 3.168200e-01
483 6.829960e-01 1.600000e-04 3.168440e-01
484 6.829640e-01 1.760000e-04 3.168600e-01
485 6.829360e-01 1.600000e-04 3.169040e-01
486 6.829120e-01 1.480000e-04 3.169400e-01
487 6.828680e-01 1.680000e-04 3.169640e-01
488 6.828400e-01 1.720000e-04 3.169880e-01
489 6.828080e-01 1.640000e-04 3.170280e-01
490 6.827800e-01 1.560000e-04 3.170640e-01
491 6.827440e-01 1.760000e-04 3.170800e-01
492 6.826840e-01 2.000000e-04 3.171160e-01
493 6.826400e-01 2.200000e-04 3.171400e-01
494 6.826080e-01 2.160000e-04 3.171760e-01
495 6.825960e-01 1.800000e-04 3.172240e-01
496 6.825840e-01 1.360000e-04 3.172800e-01
497 6.825720e-01 1.120000e-04 3.173160e-01
498 6.825560e-01 1.000000e-04 3.173440e-01
499 6.825280e-01 1.080000e-04 3.173640e-01
500 6.824720e-01 1.440000e-04 3.173840e-01
