1 9.992200e-01 6.880000e-04 9.200000e-05
2 9.987360e-01 1.064000e-03 2.000000e-04
3 9.981240e-01 1.424000e-03 4.520000e-04
4 9.973920e-01 1.860000e-03 7.480000e-04
5 9.966240e-01 2.296000e-03 1.080000e-03
6 9.958920e-01 2.556000e-03 1.552000e-03
7 9.950760e-01 2.896000e-03 2.028000e-03
8 9.942440e-01 3.144000e-03 2.612000e-03
9 9.934400e-01 3.308000e-03 3.252000e-03
10 9.925520e-01 3.640000e-03 3.808000e-03
11 9.916120e-01 3.864000e-03 4.524000e-03
12 9.906200e-01 4.192000e-03 5.188000e-03
13 9.895560e-01 4.456000e-03 5.988000e-03
14 9.886320e-01 4.604000e-03 6.764000e-03
15 9.874120e-01 5.028000e-03 7.560000e-03
16 9.861240e-01 5.424000e-03 8.452000e-03
17 9.849360e-01 5.564000e-03 9.500000e-03
18 9.838160e-01 5.692000e-03 1.049200e-02
19 9.825280e-01 5.956000e-03 1.151600e-02
20 9.811840e-01 6.220000e-03 1.259600e-02
21 9.800120e-01 6.268000e-03 1.372000e-02
22 9.787600e-01 6.432000e-03 1.480800e-02
23 9.773680e-01 6.648000e-03 1.598400e-02
24 9.760840e-01 6.760000e-03 1.715600e-02
25 9.746200e-01 7.052000e-03 1.832800e-02
26 9.731920e-01 7.276000e-03 1.953200e-02
27 9.717600e-01 7.372000e-03 2.086800e-02
28 9.702680e-01 7.588000e-03 2.214400e-02
29 9.685680e-01 7.960000e-03 2.347200e-02
30 9.670640e-01 8.196000e-03 2.474000e-02
31 9.655240e-01 8.244000e-03 2.623200e-02
32 9.638680e-01 8.380000e-03 2.775200e-02
33 9.624240e-01 8.232000e-03 2.934400e-02
34 9.610680e-01 8.148000e-03 3.078400e-02
35 9.595440e-01 8.248000e-03 3.220800e-02
36 9.581800e-01 8.128000e-03 3.369200e-02
37 9.567560e-01 8.080000e-03 3.516400e-02
38 9.551840e-01 8.148000e-03 3.666800e-02
39 9.535400e-01 8.432000e-03 3.802800e-02
40 9.519680e-01 8.420000e-03 3.961200e-02
41 9.504040e-01 8.556000e-03 4.104000e-02
42 9.488360e-01 8.612000e-03 4.255200e-02
43 9.473040e-01 8.620000e-03 4.407600e-02
44 9.458560e-01 8.524000e-03 4.562000e-02
45 9.443200e-01 8.504000e-03 4.717600e-02
46 9.429040e-01 8.416000e-03 4.868000e-02
47 9.414360e-01 8.280000e-03 5.028400e-02
48 9.398840e-01 8.252000e-03 5.186400e-02
49 9.382240e-01 8.448000e-03 5.332800e-02
50 9.368760e-01 8.384000e-03 5.474000e-02
51 9.354000e-01 8.308000e-03 5.629200e-02
52 9.338840e-01 8.412000e-03 5.770400e-02
53 9.322400e-01 8.504000e-03 5.925600e-02
54 9.307640e-01 8.568000e-03 6.066800e-02
55 9.292040e-01 8.616000e-03 6.218000e-02
56 9.275120e-01 8.792000e-03 6.369600e-02
57 9.259640e-01 8.732000e-03 6.530400e-02
58 9.244400e-01 8.800000e-03 6.676000e-02
59 9.227680e-01 8.968000e-03 6.826400e-02
60 9.211720e-01 9.096000e-03 6.973200e-02
61 9.196080e-01 9.032000e-03 7.136000e-02
62 9.180400e-01 9.016000e-03 7.294400e-02
63 9.163880e-01 9.224000e-03 7.438800e-02
64 9.148440e-01 9.272000e-03 7.588400e-02
65 9.132520e-01 9.228000e-03 7.752000e-02
66 9.116400e-01 9.104000e-03 7.925600e-02
67 9.101680e-01 8.852000e-03 8.098000e-02
68 9.085800e-01 8.932000e-03 8.248800e-02
69 9.071200e-01 8.832000e-03 8.404800e-02
70 9.056240e-01 8.760000e-03 8.561600e-02
71 9.041520e-01 8.748000e-03 8.710000e-02
72 9.026560e-01 8.676000e-03 8.866800e-02
73 9.010240e-01 8.752000e-03 9.022400e-02
74 8.994440e-01 8.740000e-03 9.181600e-02
75 8.976760e-01 9.028000e-03 9.329600e-02
76 8.961760e-01 8.828000e-03 9.499600e-02
77 8.946840e-01 8.760000e-03 9.655600e-02
78 8.931440e-01 8.756000e-03 9.810000e-02
79 8.916160e-01 8.728000e-03 9.965600e-02
80 8.900080e-01 8.772000e-03 1.012200e-01
81 8.885120e-01 8.608000e-03 1.028800e-01
82 8.870760e-01 8.392000e-03 1.045320e-01
83 8.857280e-01 8.292000e-03 1.059800e-01
84 8.843680e-01 8.212000e-03 1.074200e-01
85 8.828560e-01 8.308000e-03 1.088360e-01
86 8.813560e-01 8.312000e-03 1.103320e-01
87 8.800560e-01 8.196000e-03 1.117480e-01
88 8.784640e-01 8.360000e-03 1.131760e-01
89 8.770040e-01 8.388000e-03 1.146080e-01
90 8.754760e-01 8.352000e-03 1.161720e-01
91 8.740040e-01 8.356000e-03 1.176400e-01
92 8.726920e-01 8.176000e-03 1.191320e-01
93 8.712040e-01 8.072000e-03 1.207240e-01
94 8.697000e-01 8.184000e-03 1.221160e-01
95 8.681560e-01 8.280000e-03 1.235640e-01
96 8.667480e-01 8.352000e-03 1.249000e-01
97 8.653520e-01 8.256000e-03 1.263920e-01
98 8.638680e-01 8.308000e-03 1.278240e-01
99 8.623480e-01 8.364000e-03 1.292880e-01
100 8.608320e-01 8.372000e-03 1.307960e-01
101 8.593280e-01 8.424000e-03 1.322480e-01
102 8.577800e-01 8.588000e-03 1.336320e-01
103 8.562960e-01 8.740000e-03 1.349640e-01
104 8.548400e-01 8.676000e-03 1.364840e-01
105 8.532520e-01 8.808000e-03 1.379400e-01
106 8.518560e-01 8.776000e-03 1.393680e-01
107 8.503800e-01 8.704000e-03 1.409160e-01
108 8.489040e-01 8.684000e-03 1.424120e-01
109 8.474640e-01 8.480000e-03 1.440560e-01
110 8.460520e-01 8.312000e-03 1.456360e-01
111 8.447880e-01 8.048000e-03 1.471640e-01
112 8.433560e-01 8.048000e-03 1.485960e-01
113 8.420320e-01 8.072000e-03 1.498960e-01
114 8.408080e-01 7.904000e-03 1.512880e-01
115 8.394480e-01 7.904000e-03 1.526480e-01
116 8.381920e-01 7.692000e-03 1.541160e-01
117 8.369360e-01 7.756000e-03 1.553080e-01
118 8.356920e-01 7.764000e-03 1.565440e-01
119 8.343040e-01 7.820000e-03 1.578760e-01
120 8.328600e-01 7.884000e-03 1.592560e-01
121 8.316760e-01 7.812000e-03 1.605120e-01
122 8.305040e-01 7.624000e-03 1.618720e-01
123 8.292960e-01 7.460000e-03 1.632440e-01
124 8.282640e-01 7.208000e-03 1.645280e-01
125 8.271760e-01 7.160000e-03 1.656640e-01
126 8.260520e-01 6.940000e-03 1.670080e-01
127 8.248840e-01 6.964000e-03 1.681520e-01
128 8.236960e-01 6.928000e-03 1.693760e-01
129 8.225560e-01 6.956000e-03 1.704880e-01
130 8.212040e-01 7.088000e-03 1.717080e-01
131 8.199560e-01 6.964000e-03 1.730800e-01
132 8.186400e-01 7.160000e-03 1.742000e-01
133 8.173160e-01 7.168000e-03 1.755160e-01
134 8.160320e-01 7.140000e-03 1.768280e-01
135 8.147680e-01 7.172000e-03 1.780600e-01
136 8.134040e-01 7.172000e-03 1.794240e-01
137 8.121440e-01 7.212000e-03 1.806440e-01
138 8.109600e-01 7.156000e-03 1.818840e-01
139 8.098840e-01 6.996000e-03 1.831200e-01
140 8.088000e-01 6.880000e-03 1.843200e-01
141 8.076400e-01 6.812000e-03 1.855480e-01
142 8.063840e-01 6.820000e-03 1.867960e-01
143 8.052880e-01 6.712000e-03 1.880000e-01
144 8.042320e-01 6.628000e-03 1.891400e-01
145 8.032360e-01 6.416000e-03 1.903480e-01
146 8.022640e-01 6.324000e-03 1.914120e-01
147 8.013000e-01 6.296000e-03 1.924040e-01
148 8.003560e-01 6.204000e-03 1.934400e-01
149 7.993720e-01 6.088000e-03 1.945400e-01
150 7.984520e-01 5.968000e-03 1.955800e-01
151 7.975640e-01 5.844000e-03 1.965920e-01
152 7.966120e-01 5.736000e-03 1.976520e-01
153 7.956520e-01 5.712000e-03 1.986360e-01
154 7.946520e-01 5.724000e-03 1.996240e-01
155 7.936040e-01 5.800000e-03 2.005960e-01
156 7.925200e-01 5.948000e-03 2.015320e-01
157 7.914320e-01 5.984000e-03 2.025840e-01
158 7.904240e-01 6.000000e-03 2.035760e-01
159 7.893760e-01 5.996000e-03 2.046280e-01
160 7.881960e-01 6.172000e-03 2.056320e-01
161 7.870960e-01 6.168000e-03 2.067360e-01
162 7.859480e-01 6.112000e-03 2.079400e-01
163 7.848880e-01 6.132000e-03 2.089800e-01
164 7.838120e-01 6.216000e-03 2.099720e-01
165 7.826200e-01 6.372000e-03 2.110080e-01
166 7.814840e-01 6.412000e-03 2.121040e-01
167 7.802760e-01 6.476000e-03 2.132480e-01
168 7.791680e-01 6.540000e-03 2.142920e-01
169 7.779480e-01 6.616000e-03 2.154360e-01
170 7.768600e-01 6.536000e-03 2.166040e-01
171 7.757880e-01 6.456000e-03 2.177560e-01
172 7.746440e-01 6.484000e-03 2.188720e-01
173 7.735600e-01 6.448000e-03 2.199920e-01
174 7.725400e-01 6.252000e-03 2.212080e-01
175 7.714880e-01 6.188000e-03 2.223240e-01
176 7.703640e-01 6.272000e-03 2.233640e-01
177 7.692440e-01 6.264000e-03 2.244920e-01
178 7.681480e-01 6.180000e-03 2.256720e-01
179 7.670960e-01 6.048000e-03 2.268560e-01
180 7.660520e-01 6.096000e-03 2.278520e-01
181 7.650400e-01 6.008000e-03 2.289520e-01
182 7.640600e-01 5.888000e-03 2.300520e-01
183 7.630600e-01 5.860000e-03 2.310800e-01
184 7.619680e-01 5.800000e-03 2.322320e-01
185 7.607600e-01 5.944000e-03 2.332960e-01
186 7.595320e-01 6.096000e-03 2.343720e-01
187 7.583480e-01 6.132000e-03 2.355200e-01
188 7.571680e-01 6.160000e-03 2.366720e-01
189 7.560480e-01 6.148000e-03 2.378040e-01
190 7.548400e-01 6.244000e-03 2.389160e-01
191 7.536040e-01 6.360000e-03 2.400360e-01
192 7.525000e-01 6.444000e-03 2.410560e-01
193 7.513280e-01 6.564000e-03 2.421080e-01
194 7.501520e-01 6.684000e-03 2.431640e-01
195 7.489760e-01 6.708000e-03 2.443160e-01
196 7.477600e-01 6.660000e-03 2.455800e-01
197 7.465840e-01 6.656000e-03 2.467600e-01
198 7.453640e-01 6.772000e-03 2.478640e-01
199 7.442520e-01 6.780000e-03 2.489680e-01
200 7.431520e-01 6.608000e-03 2.502400e-01
201 7.421320e-01 6.508000e-03 2.513600e-01
202 7.411600e-01 6.288000e-03 2.525520e-01
203 7.402000e-01 6.224000e-03 2.535760e-01
204 7.391080e-01 6.220000e-03 2.546720e-01
205 7.380680e-01 6.296000e-03 2.556360e-01
206 7.370720e-01 6.200000e-03 2.567280e-01
207 7.360200e-01 6.172000e-03 2.578080e-01
208 7.350440e-01 6.084000e-03 2.588720e-01
209 7.340760e-01 6.024000e-03 2.599000e-01
210 7.331000e-01 5.968000e-03 2.609320e-01
211 7.321960e-01 5.764000e-03 2.620400e-01
212 7.312360e-01 5.700000e-03 2.630640e-01
213 7.304360e-01 5.448000e-03 2.641160e-01
214 7.295520e-01 5.432000e-03 2.650160e-01
215 7.287000e-01 5.308000e-03 2.659920e-01
216 7.278360e-01 5.244000e-03 2.669200e-01
217 7.269240e-01 5.160000e-03 2.679160e-01
218 7.261440e-01 4.892000e-03 2.689640e-01
219 7.253800e-01 4.828000e-03 2.697920e-01
220 7.245480e-01 4.756000e-03 2.706960e-01
221 7.237720e-01 4.744000e-03 2.714840e-01
222 7.229040e-01 4.792000e-03 2.723040e-01
223 7.220440e-01 4.784000e-03 2.731720e-01
224 7.212280e-01 4.736000e-03 2.740360e-01
225 7.203960e-01 4.824000e-03 2.747800e-01
226 7.196160e-01 4.776000e-03 2.756080e-01
227 7.186800e-01 4.876000e-03 2.764440e-01
228 7.178600e-01 4.856000e-03 2.772840e-01
229 7.171000e-01 4.812000e-03 2.780880e-01
230 7.163200e-01 4.732000e-03 2.789480e-01
231 7.155360e-01 4.744000e-03 2.797200e-01
232 7.148440e-01 4.624000e-03 2.805320e-01
233 7.140400e-01 4.540000e-03 2.814200e-01
234 7.132000e-01 4.676000e-03 2.821240e-01
235 7.123680e-01 4.616000e-03 2.830160e-01
236 7.115160e-01 4.596000e-03 2.838880e-01
237 7.108280e-01 4.520000e-03 2.846520e-01
238 7.102400e-01 4.308000e-03 2.854520e-01
239 7.095240e-01 4.280000e-03 2.861960e-01
240 7.088800e-01 4.224000e-03 2.868960e-01
241 7.081640e-01 4.224000e-03 2.876120e-01
242 7.075880e-01 4.088000e-03 2.883240e-01
243 7.068560e-01 4.072000e-03 2.890720e-01
244 7.062160e-01 3.896000e-03 2.898880e-01
245 7.057200e-01 3.744000e-03 2.905360e-01
246 7.051320e-01 3.704000e-03 2.911640e-01
247 7.046720e-01 3.576000e-03 2.917520e-01
248 7.041440e-01 3.408000e-03 2.924480e-01
249 7.036040e-01 3.252000e-03 2.931440e-01
250 7.030960e-01 3.132000e-03 2.937720e-01
251 7.025560e-01 3.184000e-03 2.942600e-01
252 7.020080e-01 3.156000e-03 2.948360e-01
253 7.015080e-01 3.132000e-03 2.953600e-01
254 7.009600e-01 3.120000e-03 2.959200e-01
255 7.004280e-01 3.188000e-03 2.963840e-01
256 6.998960e-01 3.152000e-03 2.969520e-01
257 6.994480e-01 3.036000e-03 2.975160e-01
258 6.990200e-01 2.892000e-03 2.980880e-01
259 6.986520e-01 2.728000e-03 2.986200e-01
260 6.982120e-01 2.704000e-03 2.990840e-01
261 6.977200e-01 2.680000e-03 2.996000e-01
262 6.973280e-01 2.648000e-03 3.000240e-01
263 6.968320e-01 2.712000e-03 3.004560e-01
264 6.964280e-01 2.628000e-03 3.009440e-01
265 6.958600e-01 2.756000e-03 3.013840e-01
266 6.953640e-01 2.776000e-03 3.018600e-01
267 6.948600e-01 2.792000e-03 3.023480e-01
268 6.943080e-01 2.912000e-03 3.027800e-01
269 6.939000e-01 2.852000e-03 3.032480e-01
270 6.934160e-01 2.852000e-03 3.037320e-01
271 6.929000e-01 2.864000e-03 3.042360e-01
272 6.924600e-01 2.788000e-03 3.047520e-01
273 6.920440e-01 2.752000e-03 3.052040e-01
274 6.915800e-01 2.720000e-03 3.057000e-01
275 6.911120e-01 2.716000e-03 3.061720e-01
276 6.907160e-01 2.612000e-03 3.066720e-01
277 6.902160e-01 2.636000e-03 3.071480e-01
278 6.897920e-01 2.628000e-03 3.075800e-01
279 6.893040e-01 2.648000e-03 3.080480e-01
280 6.888000e-01 2.668000e-03 3.085320e-01
281 6.884040e-01 2.568000e-03 3.090280e-01
282 6.880760e-01 2.484000e-03 3.094400e-01
283 6.875960e-01 2.504000e-03 3.099000e-01
284 6.871640e-01 2.508000e-03 3.103280e-01
285 6.866560e-01 2.620000e-03 3.107240e-01
286 6.861920e-01 2.624000e-03 3.111840e-01
287 6.857480e-01 2.616000e-03 3.116360e-01
288 6.853880e-01 2.568000e-03 3.120440e-01
289 6.849920e-01 2.524000e-03 3.124840e-01
290 6.845640e-01 2.460000e-03 3.129760e-01
291 6.840760e-01 2.536000e-03 3.133880e-01
292 6.835520e-01 2.604000e-03 3.138440e-01
293 6.831040e-01 2.632000e-03 3.142640e-01
294 6.825720e-01 2.728000e-03 3.147000e-01
295 6.821120e-01 2.700000e-03 3.151880e-01
296 6.816920e-01 2.672000e-03 3.156360e-01
297 6.811640e-01 2.664000e-03 3.161720e-01
298 6.807480e-01 2.612000e-03 3.166400e-01
299 6.802400e-01 2.616000e-03 3.171440e-01
300 6.797680e-01 2.588000e-03 3.176440e-01
301 6.792240e-01 2.628000e-03 3.181480e-01
302 6.787560e-01 2.672000e-03 3.185720e-01
303 6.782640e-01 2.676000e-03 3.190600e-01
304 6.778480e-01 2.608000e-03 3.195440e-01
305 6.773440e-01 2.660000e-03 3.199960e-01
306 6.768680e-01 2.600000e-03 3.205320e-01
307 6.763800e-01 2.560000e-03 3.210600e-01
308 6.760200e-01 2.468000e-03 3.215120e-01
309 6.754960e-01 2.616000e-03 3.218880e-01
310 6.750840e-01 2.520000e-03 3.223960e-01
311 6.746440e-01 2.536000e-03 3.228200e-01
312 6.742760e-01 2.512000e-03 3.232120e-01
313 6.739080e-01 2.404000e-03 3.236880e-01
314 6.735680e-01 2.392000e-03 3.240400e-01
315 6.731480e-01 2.388000e-03 3.244640e-01
316 6.727280e-01 2.372000e-03 3.249000e-01
317 6.723040e-01 2.368000e-03 3.253280e-01
318 6.718440e-01 2.420000e-03 3.257360e-01
319 6.714480e-01 2.452000e-03 3.261000e-01
320 6.710840e-01 2.404000e-03 3.265120e-01
321 6.706880e-01 2.396000e-03 3.269160e-01
322 6.702520e-01 2.468000e-03 3.272800e-01
323 6.698480e-01 2.392000e-03 3.277600e-01
324 6.693960e-01 2.356000e-03 3.282480e-01
325 6.690080e-01 2.396000e-03 3.285960e-01
326 6.686160e-01 2.372000e-03 3.290120e-01
327 6.682760e-01 2.280000e-03 3.294440e-01
328 6.679480e-01 2.236000e-03 3.298160e-01
329 6.675640e-01 2.244000e-03 3.301920e-01
330 6.672360e-01 2.184000e-03 3.305800e-01
331 6.668320e-01 2.184000e-03 3.309840e-01
332 6.664560e-01 2.164000e-03 3.313800e-01
333 6.661080e-01 2.116000e-03 3.317760e-01
334 6.657680e-01 2.064000e-03 3.321680e-01
335 6.654120e-01 2.032000e-03 3.325560e-01
336 6.650720e-01 2.032000e-03 3.328960e-01
337 6.647600e-01 1.976000e-03 3.332640e-01
338 6.644320e-01 1.928000e-03 3.336400e-01
339 6.640840e-01 1.944000e-03 3.339720e-01
340 6.637160e-01 1.976000e-03 3.343080e-01
341 6.633080e-01 1.996000e-03 3.346960e-01
342 6.629880e-01 1.952000e-03 3.350600e-01
343 6.625760e-01 2.104000e-03 3.353200e-01
344 6.621560e-01 2.148000e-03 3.356960e-01
345 6.617680e-01 2.172000e-03 3.360600e-01
346 6.614120e-01 2.144000e-03 3.364440e-01
347 6.610320e-01 2.120000e-03 3.368480e-01
348 6.606360e-01 2.204000e-03 3.371600e-01
349 6.602240e-01 2.196000e-03 3.375800e-01
350 6.598000e-01 2.188000e-03 3.380120e-01
351 6.593600e-01 2.272000e-03 3.383680e-01
352 6.589520e-01 2.252000e-03 3.387960e-01
353 6.584720e-01 2.312000e-03 3.392160e-01
354 6.581200e-01 2.352000e-03 3.395280e-01
355 6.577920e-01 2.224000e-03 3.399840e-01
356 6.574520e-01 2.152000e-03 3.403960e-01
357 6.571760e-01 2.036000e-03 3.407880e-01
358 6.568280e-01 2.040000e-03 3.411320e-01
359 6.564680e-01 1.980000e-03 3.415520e-01
360 6.561720e-01 1.932000e-03 3.418960e-01
361 6.558480e-01 1.932000e-03 3.422200e-01
362 6.555240e-01 1.896000e-03 3.425800e-01
363 6.552040e-01 1.848000e-03 3.429480e-01
364 6.548680e-01 1.888000e-03 3.432440e-01
365 6.545600e-01 1.848000e-03 3.435920e-01
366 6.542000e-01 1.896000e-03 3.439040e-01
367 6.538800e-01 1.900000e-03 3.442200e-01
368 6.535720e-01 1.900000e-03 3.445280e-01
369 6.532160e-01 1.936000e-03 3.448480e-01
370 6.528720e-01 1.980000e-03 3.451480e-01
371 6.525520e-01 1.992000e-03 3.454560e-01
372 6.522160e-01 1.940000e-03 3.458440e-01
373 6.518640e-01 1.952000e-03 3.461840e-01
374 6.515440e-01 1.896000e-03 3.465600e-01
375 6.511760e-01 1.968000e-03 3.468560e-01
376 6.508240e-01 1.960000e-03 3.472160e-01
377 6.504560e-01 1.956000e-03 3.475880e-01
378 6.500520e-01 1.956000e-03 3.479920e-01
379 6.497320e-01 1.924000e-03 3.483440e-01
380 6.493840e-01 1.916000e-03 3.487000e-01
381 6.490880e-01 1.900000e-03 3.490120e-01
382 6.487360e-01 1.868000e-03 3.493960e-01
383 6.485120e-01 1.748000e-03 3.497400e-01
384 6.482320e-01 1.736000e-03 3.500320e-01
385 6.479680e-01 1.692000e-03 3.503400e-01
386 6.476360e-01 1.704000e-03 3.506600e-01
387 6.473640e-01 1.708000e-03 3.509280e-01
388 6.470600e-01 1.720000e-03 3.512200e-01
389 6.467280e-01 1.748000e-03 3.515240e-01
390 6.464400e-01 1.716000e-03 3.518440e-01
391 6.461160e-01 1.780000e-03 3.521040e-01
392 6.458240e-01 1.756000e-03 3.524200e-01
393 6.455680e-01 1.676000e-03 3.527560e-01
394 6.453080e-01 1.660000e-03 3.530320e-01
395 6.449800e-01 1.700000e-03 3.533200e-01
396 6.446960e-01 1.716000e-03 3.535880e-01
397 6.443640e-01 1.760000e-03 3.538760e-01
398 6.440480e-01 1.756000e-03 3.541960e-01
399 6.436560e-01 1.820000e-03 3.545240e-01
400 6.433120e-01 1.820000e-03 3.548680e-01
401 6.429880e-01 1.840000e-03 3.551720e-01
402 6.426520e-01 1.868000e-03 3.554800e-01
403 6.424120e-01 1.724000e-03 3.558640e-01
404 6.420720e-01 1.784000e-03 3.561440e-01
405 6.417800e-01 1.700000e-03 3.565200e-01
406 6.414800e-01 1.700000e-03 3.568200e-01
407 6.412000e-01 1.640000e-03 3.571600e-01
408 6.408520e-01 1.692000e-03 3.574560e-01
409 6.405240e-01 1.720000e-03 3.577560e-01
410 6.401600e-01 1.808000e-03 3.580320e-01
411 6.398520e-01 1.744000e-03 3.584040e-01
412 6.394680e-01 1.868000e-03 3.586640e-01
413 6.390680e-01 1.928000e-03 3.590040e-01
414 6.387000e-01 1.932000e-03 3.593680e-01
415 6.382880e-01 1.992000e-03 3.597200e-01
416 6.379080e-01 2.020000e-03 3.600720e-01
417 6.375280e-01 2.096000e-03 3.603760e-01
418 6.371720e-01 2.120000e-03 3.607080e-01
419 6.367920e-01 2.136000e-03 3.610720e-01
420 6.363640e-01 2.192000e-03 3.614440e-01
421 6.360640e-01 2.100000e-03 3.618360e-01
422 6.357480e-01 2.072000e-03 3.621800e-01
423 6.354160e-01 2.096000e-03 3.624880e-01
424 6.351200e-01 2.056000e-03 3.628240e-01
425 6.348160e-01 1.992000e-03 3.631920e-01
426 6.344960e-01 1.952000e-03 3.635520e-01
427 6.341440e-01 1.872000e-03 3.639840e-01
428 6.338880e-01 1.828000e-03 3.642840e-01
429 6.335960e-01 1.832000e-03 3.645720e-01
430 6.333320e-01 1.788000e-03 3.648800e-01
431 6.331000e-01 1.728000e-03 3.651720e-01
432 6.328160e-01 1.684000e-03 3.655000e-01
433 6.325760e-01 1.612000e-03 3.658120e-01
434 6.323720e-01 1.524000e-03 3.661040e-01
435 6.321200e-01 1.540000e-03 3.663400e-01
436 6.319120e-01 1.464000e-03 3.666240e-01
437 6.316600e-01 1.488000e-03 3.668520e-01
438 6.314200e-01 1.468000e-03 3.671120e-01
439 6.312120e-01 1.420000e-03 3.673680e-01
440 6.310520e-01 1.344000e-03 3.676040e-01
441 6.308400e-01 1.340000e-03 3.678200e-01
442 6.306480e-01 1.292000e-03 3.680600e-01
443 6.303880e-01 1.344000e-03 3.682680e-01
444 6.302040e-01 1.284000e-03 3.685120e-01
445 6.299840e-01 1.296000e-03 3.687200e-01
446 6.297400e-01 1.316000e-03 3.689440e-01
447 6.294760e-01 1.396000e-03 3.691280e-01
448 6.291920e-01 1.472000e-03 3.693360e-01
449 6.289840e-01 1.412000e-03 3.696040e-01
450 6.287200e-01 1.496000e-03 3.697840e-01
451 6.285240e-01 1.484000e-03 3.699920e-01
452 6.283000e-01 1.448000e-03 3.702520e-01
453 6.280920e-01 1.420000e-03 3.704880e-01
454 6.278720e-01 1.352000e-03 3.707760e-01
455 6.276520e-01 1.320000e-03 3.710280e-01
456 6.274640e-01 1.296000e-03 3.712400e-01
457 6.272720e-01 1.228000e-03 3.715000e-01
458 6.270600e-01 1.220000e-03 3.717200e-01
459 6.268800e-01 1.228000e-03 3.718920e-01
460 6.266720e-01 1.264000e-03 3.720640e-01
461 6.265520e-01 1.172000e-03 3.722760e-01
462 6.263360e-01 1.152000e-03 3.725120e-01
463 6.261640e-01 1.048000e-03 3.727880e-01
464 6.260440e-01 9.840000e-04 3.729720e-01
465 6.259360e-01 9.320000e-04 3.731320e-01
466 6.257840e-01 8.960000e-04 3.733200e-01
467 6.256440e-01 8.720000e-04 3.734840e-01
468 6.254880e-01 8.760000e-04 3.736360e-01
469 6.253760e-01 8.120000e-04 3.738120e-01
470 6.252640e-01 7.280000e-04 3.740080e-01
471 6.251400e-01 6.920000e-04 3.741680e-01
472 6.250680e-01 6.120000e-04 3.743200e-01
473 6.249880e-01 5.680000e-04 3.744440e-01
474 6.249320e-01 5.360000e-04 3.745320e-01
475 6.248520e-01 5.160000e-04 3.746320e-01
476 6.247920e-01 4.800000e-04 3.747280e-01
477 6.247200e-01 4.680000e-04 3.748120e-01
478 6.245800e-01 5.120000e-04 3.749080e-01
479 6.245000e-01 4.920000e-04 3.750080e-01
480 6.244280e-01 5.120000e-04 3.750600e-01
481 6.243600e-01 4.840000e-04 3.751560e-01
482 6.242680e-01 4.480000e-04 3.752840e-01
483 6.242000e-01 4.280000e-04 3.753720e-01
484 6.241320e-01 4.000000e-04 3.754680e-01
485 6.240680e-01 3.760000e-04 3.755560e-01
486 6.240080e-01 3.760000e-04 3.756160e-01
487 6.239360e-01 3.600000e-04 3.757040e-01
488 6.238440e-01 3.880000e-04 3.757680e-01
489 6.237720e-01 3.880000e-04 3.758400e-01
490 6.236920e-01 4.160000e-04 3.758920e-01
491 6.235960e-01 4.320000e-04 3.759720e-01
492 6.234760e-01 4.880000e-04 3.760360e-01
493 6.234040e-01 4.800000e-04 3.761160e-01
494 6.233240e-01 4.960000e-04 3.761800e-01
495 6.232800e-01 4.600000e-04 3.762600e-01
496 6.232000e-01 4.520000e-04 3.763480e-01
497 6.231440e-01 4.120000e-04 3.764440e-01
498 6.230760e-01 4.000000e-04 3.765240e-01
499 6.230040e-01 4.120000e-04 3.765840e-01
500 6.229320e-01 3.920000e-04 3.766760e-01
