1 9.992600e-01 6.720000e-04 6.800000e-05
2 9.986320e-01 1.160000e-03 2.080000e-04
3 9.980520e-01 1.556000e-03 3.920000e-04
4 9.972720e-01 2.000000e-03 7.280000e-04
5 9.963320e-01 2.600000e-03 1.068000e-03
6 9.953320e-01 3.040000e-03 1.628000e-03
7 9.943680e-01 3.436000e-03 2.196000e-03
8 9.933000e-01 3.908000e-03 2.792000e-03
9 9.921600e-01 4.308000e-03 3.532000e-03
10 9.911240e-01 4.524000e-03 4.352000e-03
11 9.898840e-01 4.952000e-03 5.164000e-03
12 9.886200e-01 5.328000e-03 6.052000e-03
13 9.873480e-01 5.692000e-03 6.960000e-03
14 9.861040e-01 5.936000e-03 7.960000e-03
15 9.846480e-01 6.188000e-03 9.164000e-03
16 9.834080e-01 6.304000e-03 1.028800e-02
17 9.821920e-01 6.460000e-03 1.134800e-02
18 9.807080e-01 6.740000e-03 1.255200e-02
19 9.793440e-01 6.904000e-03 1.375200e-02
20 9.778840e-01 7.244000e-03 1.487200e-02
21 9.764720e-01 7.268000e-03 1.626000e-02
22 9.750600e-01 7.432000e-03 1.750800e-02
23 9.736400e-01 7.536000e-03 1.882400e-02
24 9.722800e-01 7.580000e-03 2.014000e-02
25 9.707000e-01 7.896000e-03 2.140400e-02
26 9.693240e-01 7.792000e-03 2.288400e-02
27 9.678880e-01 7.840000e-03 2.427200e-02
28 9.664120e-01 7.988000e-03 2.560000e-02
29 9.648400e-01 8.136000e-03 2.702400e-02
30 9.632200e-01 8.304000e-03 2.847600e-02
31 9.616360e-01 8.336000e-03 3.002800e-02
32 9.599120e-01 8.720000e-03 3.136800e-02
33 9.582160e-01 8.932000e-03 3.285200e-02
34 9.566840e-01 8.868000e-03 3.444800e-02
35 9.549400e-01 9.124000e-03 3.593600e-02
36 9.534880e-01 9.012000e-03 3.750000e-02
37 9.518040e-01 9.104000e-03 3.909200e-02
38 9.501160e-01 9.036000e-03 4.084800e-02
39 9.483440e-01 9.292000e-03 4.236400e-02
40 9.464680e-01 9.364000e-03 4.416800e-02
41 9.447040e-01 9.528000e-03 4.576800e-02
42 9.429760e-01 9.672000e-03 4.735200e-02
43 9.413680e-01 9.684000e-03 4.894800e-02
44 9.397040e-01 9.712000e-03 5.058400e-02
45 9.380240e-01 9.800000e-03 5.217600e-02
46 9.362280e-01 9.920000e-03 5.385200e-02
47 9.344960e-01 9.908000e-03 5.559600e-02
48 9.327360e-01 1.008800e-02 5.717600e-02
49 9.309880e-01 1.014800e-02 5.886400e-02
50 9.291240e-01 1.029200e-02 6.058400e-02
51 9.274200e-01 1.030800e-02 6.227200e-02
52 9.256960e-01 1.017600e-02 6.412800e-02
53 9.239320e-01 1.012400e-02 6.594400e-02
54 9.220960e-01 1.018000e-02 6.772400e-02
55 9.202680e-01 1.020000e-02 6.953200e-02
56 9.185040e-01 1.025200e-02 7.124400e-02
57 9.167440e-01 1.031200e-02 7.294400e-02
58 9.150880e-01 1.024000e-02 7.467200e-02
59 9.132640e-01 1.023200e-02 7.650400e-02
60 9.115640e-01 9.952000e-03 7.848400e-02
61 9.098120e-01 1.003600e-02 8.015200e-02
62 9.081440e-01 9.860000e-03 8.199600e-02
63 9.065040e-01 9.744000e-03 8.375200e-02
64 9.046280e-01 9.672000e-03 8.570000e-02
65 9.031040e-01 9.516000e-03 8.738000e-02
66 9.014000e-01 9.644000e-03 8.895600e-02
67 8.994880e-01 9.892000e-03 9.062000e-02
68 8.976120e-01 1.018000e-02 9.220800e-02
69 8.958400e-01 1.020800e-02 9.395200e-02
70 8.939480e-01 1.025600e-02 9.579600e-02
71 8.921080e-01 1.031200e-02 9.758000e-02
72 8.902320e-01 1.043200e-02 9.933600e-02
73 8.884080e-01 1.047200e-02 1.011200e-01
74 8.865720e-01 1.036000e-02 1.030680e-01
75 8.848560e-01 1.032000e-02 1.048240e-01
76 8.830320e-01 1.028400e-02 1.066840e-01
77 8.812640e-01 1.022800e-02 1.085080e-01
78 8.795280e-01 1.015200e-02 1.103200e-01
79 8.778480e-01 1.006400e-02 1.120880e-01
80 8.761120e-01 9.880000e-03 1.140080e-01
81 8.744080e-01 9.964000e-03 1.156280e-01
82 8.727480e-01 9.972000e-03 1.172800e-01
83 8.708920e-01 1.010800e-02 1.190000e-01
84 8.692160e-01 1.001200e-02 1.207720e-01
85 8.674640e-01 1.004400e-02 1.224920e-01
86 8.657440e-01 1.002000e-02 1.242360e-01
87 8.639440e-01 1.015600e-02 1.259000e-01
88 8.621880e-01 1.008000e-02 1.277320e-01
89 8.606200e-01 9.804000e-03 1.295760e-01
90 8.589040e-01 9.812000e-03 1.312840e-01
91 8.571720e-01 9.848000e-03 1.329800e-01
92 8.551480e-01 1.002000e-02 1.348320e-01
93 8.533920e-01 1.002800e-02 1.365800e-01
94 8.516120e-01 9.900000e-03 1.384880e-01
95 8.499000e-01 9.924000e-03 1.401760e-01
96 8.481640e-01 9.812000e-03 1.420240e-01
97 8.465240e-01 9.712000e-03 1.437640e-01
98 8.449080e-01 9.632000e-03 1.454600e-01
99 8.431680e-01 9.760000e-03 1.470720e-01
100 8.413680e-01 9.772000e-03 1.488600e-01
101 8.396560e-01 9.964000e-03 1.503800e-01
102 8.376480e-01 1.023200e-02 1.521200e-01
103 8.359880e-01 9.976000e-03 1.540360e-01
104 8.339320e-01 1.033600e-02 1.557320e-01
105 8.319360e-01 1.066800e-02 1.573960e-01
106 8.302440e-01 1.068800e-02 1.590680e-01
107 8.285640e-01 1.044400e-02 1.609920e-01
108 8.268920e-01 1.029200e-02 1.628160e-01
109 8.251600e-01 1.026000e-02 1.645800e-01
110 8.236280e-01 1.005200e-02 1.663200e-01
111 8.219560e-01 1.002000e-02 1.680240e-01
112 8.202280e-01 1.001600e-02 1.697560e-01
113 8.186200e-01 1.002800e-02 1.713520e-01
114 8.168880e-01 1.012400e-02 1.729880e-01
115 8.150920e-01 1.022400e-02 1.746840e-01
116 8.133680e-01 1.021600e-02 1.764160e-01
117 8.117560e-01 9.860000e-03 1.783840e-01
118 8.099720e-01 1.000400e-02 1.800240e-01
119 8.080600e-01 1.011200e-02 1.818280e-01
120 8.064040e-01 9.948000e-03 1.836480e-01
121 8.047200e-01 9.916000e-03 1.853640e-01
122 8.031320e-01 9.852000e-03 1.870160e-01
123 8.013080e-01 9.900000e-03 1.887920e-01
124 7.997160e-01 9.836000e-03 1.904480e-01
125 7.982040e-01 9.448000e-03 1.923480e-01
126 7.967520e-01 9.324000e-03 1.939240e-01
127 7.952880e-01 9.244000e-03 1.954680e-01
128 7.939080e-01 9.012000e-03 1.970800e-01
129 7.924880e-01 8.824000e-03 1.986880e-01
130 7.912080e-01 8.520000e-03 2.002720e-01
131 7.899240e-01 8.272000e-03 2.018040e-01
132 7.885880e-01 8.184000e-03 2.032280e-01
133 7.873120e-01 8.004000e-03 2.046840e-01
134 7.860320e-01 7.916000e-03 2.060520e-01
135 7.848800e-01 7.724000e-03 2.073960e-01
136 7.834800e-01 7.780000e-03 2.087400e-01
137 7.822520e-01 7.632000e-03 2.101160e-01
138 7.811040e-01 7.364000e-03 2.115320e-01
139 7.798520e-01 7.428000e-03 2.127200e-01
140 7.786800e-01 7.220000e-03 2.141000e-01
141 7.774880e-01 7.176000e-03 2.153360e-01
142 7.763560e-01 7.092000e-03 2.165520e-01
143 7.752080e-01 7.008000e-03 2.177840e-01
144 7.741520e-01 6.736000e-03 2.191120e-01
145 7.730480e-01 6.716000e-03 2.202360e-01
146 7.718560e-01 6.688000e-03 2.214560e-01
147 7.707880e-01 6.560000e-03 2.226520e-01
148 7.696160e-01 6.548000e-03 2.238360e-01
149 7.683920e-01 6.692000e-03 2.249160e-01
150 7.672320e-01 6.700000e-03 2.260680e-01
151 7.659400e-01 6.880000e-03 2.271800e-01
152 7.648120e-01 6.804000e-03 2.283840e-01
153 7.637480e-01 6.632000e-03 2.296200e-01
154 7.626320e-01 6.592000e-03 2.307760e-01
155 7.614000e-01 6.572000e-03 2.320280e-01
156 7.603240e-01 6.564000e-03 2.331120e-01
157 7.591720e-01 6.556000e-03 2.342720e-01
158 7.579880e-01 6.544000e-03 2.354680e-01
159 7.568320e-01 6.580000e-03 2.365880e-01
160 7.555600e-01 6.688000e-03 2.377520e-01
161 7.543000e-01 6.748000e-03 2.389520e-01
162 7.530680e-01 6.836000e-03 2.400960e-01
163 7.518960e-01 6.788000e-03 2.413160e-01
164 7.508240e-01 6.732000e-03 2.424440e-01
165 7.497240e-01 6.660000e-03 2.436160e-01
166 7.485360e-01 6.704000e-03 2.447600e-01
167 7.473440e-01 6.764000e-03 2.458920e-01
168 7.463240e-01 6.688000e-03 2.469880e-01
169 7.452080e-01 6.600000e-03 2.481920e-01
170 7.441760e-01 6.568000e-03 2.492560e-01
171 7.431320e-01 6.516000e-03 2.503520e-01
172 7.419640e-01 6.416000e-03 2.516200e-01
173 7.408840e-01 6.388000e-03 2.527280e-01
174 7.397400e-01 6.416000e-03 2.538440e-01
175 7.385840e-01 6.396000e-03 2.550200e-01
176 7.375640e-01 6.240000e-03 2.561960e-01
177 7.363280e-01 6.432000e-03 2.572400e-01
178 7.354000e-01 6.152000e-03 2.584480e-01
179 7.344040e-01 6.128000e-03 2.594680e-01
180 7.334080e-01 6.088000e-03 2.605040e-01
181 7.323640e-01 6.076000e-03 2.615600e-01
182 7.312800e-01 6.092000e-03 2.626280e-01
183 7.302880e-01 5.976000e-03 2.637360e-01
184 7.292600e-01 5.996000e-03 2.647440e-01
185 7.282320e-01 5.996000e-03 2.657720e-01
186 7.272360e-01 6.044000e-03 2.667200e-01
187 7.262280e-01 5.992000e-03 2.677800e-01
188 7.252600e-01 5.920000e-03 2.688200e-01
189 7.241560e-01 5.972000e-03 2.698720e-01
190 7.229920e-01 6.076000e-03 2.709320e-01
191 7.219800e-01 5.968000e-03 2.720520e-01
192 7.210520e-01 5.944000e-03 2.730040e-01
193 7.200680e-01 5.916000e-03 2.740160e-01
194 7.191040e-01 5.900000e-03 2.749960e-01
195 7.180840e-01 5.944000e-03 2.759720e-01
196 7.171080e-01 5.896000e-03 2.769960e-01
197 7.161160e-01 5.968000e-03 2.779160e-01
198 7.149680e-01 6.048000e-03 2.789840e-01
199 7.140120e-01 6.032000e-03 2.799560e-01
200 7.129920e-01 5.980000e-03 2.810280e-01
201 7.120480e-01 5.844000e-03 2.821080e-01
202 7.111800e-01 5.696000e-03 2.831240e-01
203 7.103560e-01 5.568000e-03 2.840760e-01
204 7.095080e-01 5.596000e-03 2.848960e-01
205 7.088240e-01 5.404000e-03 2.857720e-01
206 7.080720e-01 5.140000e-03 2.867880e-01
207 7.073560e-01 4.892000e-03 2.877520e-01
208 7.065160e-01 4.852000e-03 2.886320e-01
209 7.056960e-01 4.852000e-03 2.894520e-01
210 7.049040e-01 4.764000e-03 2.903320e-01
211 7.041520e-01 4.672000e-03 2.911760e-01
212 7.034080e-01 4.620000e-03 2.919720e-01
213 7.026400e-01 4.488000e-03 2.928720e-01
214 7.017840e-01 4.468000e-03 2.937480e-01
215 7.009080e-01 4.504000e-03 2.945880e-01
216 7.001000e-01 4.544000e-03 2.953560e-01
217 6.993960e-01 4.580000e-03 2.960240e-01
218 6.987640e-01 4.504000e-03 2.967320e-01
219 6.980320e-01 4.432000e-03 2.975360e-01
220 6.973440e-01 4.384000e-03 2.982720e-01
221 6.966040e-01 4.360000e-03 2.990360e-01
222 6.958680e-01 4.184000e-03 2.999480e-01
223 6.951640e-01 4.184000e-03 3.006520e-01
224 6.943640e-01 4.304000e-03 3.013320e-01
225 6.936040e-01 4.288000e-03 3.021080e-01
226 6.928320e-01 4.272000e-03 3.028960e-01
227 6.920720e-01 4.232000e-03 3.036960e-01
228 6.913760e-01 4.208000e-03 3.044160e-01
229 6.906640e-01 4.136000e-03 3.052000e-01
230 6.899960e-01 4.208000e-03 3.057960e-01
231 6.893560e-01 4.128000e-03 3.065160e-01
232 6.886520e-01 4.044000e-03 3.073040e-01
233 6.880440e-01 3.904000e-03 3.080520e-01
234 6.873800e-01 3.912000e-03 3.087080e-01
235 6.866760e-01 3.920000e-03 3.094040e-01
236 6.860400e-01 3.892000e-03 3.100680e-01
237 6.854160e-01 3.876000e-03 3.107080e-01
238 6.847800e-01 3.848000e-03 3.113720e-01
239 6.842160e-01 3.700000e-03 3.120840e-01
240 6.835960e-01 3.676000e-03 3.127280e-01
241 6.830200e-01 3.668000e-03 3.133120e-01
242 6.823920e-01 3.656000e-03 3.139520e-01
243 6.816960e-01 3.744000e-03 3.145600e-01
244 6.809840e-01 3.760000e-03 3.152560e-01
245 6.802720e-01 3.836000e-03 3.158920e-01
246 6.796480e-01 3.824000e-03 3.165280e-01
247 6.791240e-01 3.672000e-03 3.172040e-01
248 6.785360e-01 3.632000e-03 3.178320e-01
249 6.780160e-01 3.464000e-03 3.185200e-01
250 6.774720e-01 3.424000e-03 3.191040e-01
251 6.769400e-01 3.404000e-03 3.196560e-01
252 6.764200e-01 3.276000e-03 3.203040e-01
253 6.758240e-01 3.248000e-03 3.209280e-01
254 6.752040e-01 3.252000e-03 3.215440e-01
255 6.747320e-01 3.172000e-03 3.220960e-01
256 6.742160e-01 3.132000e-03 3.226520e-01
257 6.736120e-01 3.152000e-03 3.232360e-01
258 6.730880e-01 3.128000e-03 3.237840e-01
259 6.725320e-01 3.124000e-03 3.243440e-01
260 6.719240e-01 3.160000e-03 3.249160e-01
261 6.713560e-01 3.148000e-03 3.254960e-01
262 6.707640e-01 3.240000e-03 3.259960e-01
263 6.702000e-01 3.196000e-03 3.266040e-01
264 6.696280e-01 3.208000e-03 3.271640e-01
265 6.690720e-01 3.224000e-03 3.277040e-01
266 6.685160e-01 3.144000e-03 3.283400e-01
267 6.680800e-01 3.040000e-03 3.288800e-01
268 6.676280e-01 3.048000e-03 3.293240e-01
269 6.670920e-01 3.056000e-03 3.298520e-01
270 6.666040e-01 3.004000e-03 3.303920e-01
271 6.661320e-01 2.980000e-03 3.308880e-01
272 6.656160e-01 2.936000e-03 3.314480e-01
273 6.650640e-01 2.936000e-03 3.320000e-01
274 6.645680e-01 2.884000e-03 3.325480e-01
275 6.640800e-01 2.896000e-03 3.330240e-01
276 6.636080e-01 2.856000e-03 3.335360e-01
277 6.631840e-01 2.824000e-03 3.339920e-01
278 6.627120e-01 2.832000e-03 3.344560e-01
279 6.623520e-01 2.716000e-03 3.349320e-01
280 6.619560e-01 2.556000e-03 3.354880e-01
281 6.614560e-01 2.596000e-03 3.359480e-01
282 6.609360e-01 2.632000e-03 3.364320e-01
283 6.604280e-01 2.728000e-03 3.368440e-01
284 6.598960e-01 2.776000e-03 3.373280e-01
285 6.593120e-01 2.816000e-03 3.378720e-01
286 6.587360e-01 2.872000e-03 3.383920e-01
287 6.582400e-01 2.808000e-03 3.389520e-01
288 6.576200e-01 2.992000e-03 3.393880e-01
289 6.569720e-01 3.120000e-03 3.399080e-01
290 6.563240e-01 3.208000e-03 3.404680e-01
291 6.557760e-01 3.192000e-03 3.410320e-01
292 6.551640e-01 3.216000e-03 3.416200e-01
293 6.546440e-01 3.224000e-03 3.421320e-01
294 6.541160e-01 3.216000e-03 3.426680e-01
295 6.536000e-01 3.196000e-03 3.432040e-01
296 6.530680e-01 3.204000e-03 3.437280e-01
297 6.524640e-01 3.172000e-03 3.443640e-01
298 6.519800e-01 3.160000e-03 3.448600e-01
299 6.515120e-01 3.068000e-03 3.454200e-01
300 6.510640e-01 2.952000e-03 3.459840e-01
301 6.506240e-01 2.900000e-03 3.464760e-01
302 6.501720e-01 2.872000e-03 3.469560e-01
303 6.496800e-01 2.836000e-03 3.474840e-01
304 6.491640e-01 2.836000e-03 3.480000e-01
305 6.487400e-01 2.744000e-03 3.485160e-01
306 6.483360e-01 2.700000e-03 3.489640e-01
307 6.480240e-01 2.524000e-03 3.494520e-01
308 6.476640e-01 2.464000e-03 3.498720e-01
309 6.471800e-01 2.580000e-03 3.502400e-01
310 6.467720e-01 2.516000e-03 3.507120e-01
311 6.462840e-01 2.556000e-03 3.511600e-01
312 6.458360e-01 2.548000e-03 3.516160e-01
313 6.454600e-01 2.472000e-03 3.520680e-01
314 6.450520e-01 2.428000e-03 3.525200e-01
315 6.446280e-01 2.396000e-03 3.529760e-01
316 6.441480e-01 2.456000e-03 3.533960e-01
317 6.437360e-01 2.452000e-03 3.538120e-01
318 6.433520e-01 2.416000e-03 3.542320e-01
319 6.429640e-01 2.284000e-03 3.547520e-01
320 6.426280e-01 2.176000e-03 3.551960e-01
321 6.422160e-01 2.276000e-03 3.555080e-01
322 6.418000e-01 2.292000e-03 3.559080e-01
323 6.414800e-01 2.176000e-03 3.563440e-01
324 6.411120e-01 2.112000e-03 3.567760e-01
325 6.407440e-01 2.136000e-03 3.571200e-01
326 6.403480e-01 2.144000e-03 3.575080e-01
327 6.400240e-01 2.108000e-03 3.578680e-01
328 6.396640e-01 2.056000e-03 3.582800e-01
329 6.393440e-01 2.024000e-03 3.586320e-01
330 6.390120e-01 1.996000e-03 3.589920e-01
331 6.386400e-01 2.036000e-03 3.593240e-01
332 6.383120e-01 2.020000e-03 3.596680e-01
333 6.380240e-01 1.972000e-03 3.600040e-01
334 6.376320e-01 2.060000e-03 3.603080e-01
335 6.372280e-01 2.068000e-03 3.607040e-01
336 6.368520e-01 2.052000e-03 3.610960e-01
337 6.365040e-01 2.088000e-03 3.614080e-01
338 6.362080e-01 1.992000e-03 3.618000e-01
339 6.358800e-01 1.988000e-03 3.621320e-01
340 6.356200e-01 1.880000e-03 3.625000e-01
341 6.353680e-01 1.812000e-03 3.628200e-01
342 6.350600e-01 1.828000e-03 3.631120e-01
343 6.347120e-01 1.832000e-03 3.634560e-01
344 6.343080e-01 1.964000e-03 3.637280e-01
345 6.339760e-01 1.948000e-03 3.640760e-01
346 6.336680e-01 1.888000e-03 3.644440e-01
347 6.333240e-01 1.968000e-03 3.647080e-01
348 6.330080e-01 1.928000e-03 3.650640e-01
349 6.327480e-01 1.860000e-03 3.653920e-01
350 6.324840e-01 1.824000e-03 3.656920e-01
351 6.322440e-01 1.716000e-03 3.660400e-01
352 6.319960e-01 1.688000e-03 3.663160e-01
353 6.317480e-01 1.660000e-03 3.665920e-01
354 6.315760e-01 1.536000e-03 3.668880e-01
355 6.313040e-01 1.516000e-03 3.671800e-01
356 6.310560e-01 1.520000e-03 3.674240e-01
357 6.308680e-01 1.412000e-03 3.677200e-01
358 6.306800e-01 1.360000e-03 3.679600e-01
359 6.304520e-01 1.356000e-03 3.681920e-01
360 6.302520e-01 1.340000e-03 3.684080e-01
361 6.300360e-01 1.364000e-03 3.686000e-01
362 6.297600e-01 1.432000e-03 3.688080e-01
363 6.294840e-01 1.460000e-03 3.690560e-01
364 6.291920e-01 1.520000e-03 3.692880e-01
365 6.289160e-01 1.556000e-03 3.695280e-01
366 6.287040e-01 1.480000e-03 3.698160e-01
367 6.284720e-01 1.436000e-03 3.700920e-01
368 6.281840e-01 1.524000e-03 3.702920e-01
369 6.279160e-01 1.516000e-03 3.705680e-01
370 6.276520e-01 1.572000e-03 3.707760e-01
371 6.273640e-01 1.600000e-03 3.710360e-01
372 6.271120e-01 1.592000e-03 3.712960e-01
373 6.267760e-01 1.692000e-03 3.715320e-01
374 6.264240e-01 1.768000e-03 3.718080e-01
375 6.260440e-01 1.812000e-03 3.721440e-01
376 6.256760e-01 1.912000e-03 3.724120e-01
377 6.253160e-01 1.936000e-03 3.727480e-01
378 6.249640e-01 2.028000e-03 3.730080e-01
379 6.245280e-01 2.116000e-03 3.733560e-01
380 6.240760e-01 2.148000e-03 3.737760e-01
381 6.237160e-01 2.144000e-03 3.741400e-01
382 6.232640e-01 2.228000e-03 3.745080e-01
383 6.228560e-01 2.296000e-03 3.748480e-01
384 6.224400e-01 2.348000e-03 3.752120e-01
385 6.220240e-01 2.356000e-03 3.756200e-01
386 6.216760e-01 2.336000e-03 3.759880e-01
387 6.213160e-01 2.284000e-03 3.764000e-01
388 6.209880e-01 2.248000e-03 3.767640e-01
389 6.205920e-01 2.208000e-03 3.772000e-01
390 6.202640e-01 2.088000e-03 3.776480e-01
391 6.198960e-01 2.116000e-03 3.779880e-01
392 6.196120e-01 2.044000e-03 3.783440e-01
393 6.193000e-01 1.968000e-03 3.787320e-01
394 6.190120e-01 1.904000e-03 3.790840e-01
395 6.187960e-01 1.852000e-03 3.793520e-01
396 6.184800e-01 1.824000e-03 3.796960e-01
397 6.182280e-01 1.788000e-03 3.799840e-01
398 6.178440e-01 1.844000e-03 3.803120e-01
399 6.174800e-01 1.868000e-03 3.806520e-01
400 6.171920e-01 1.784000e-03 3.810240e-01
401 6.168760e-01 1.804000e-03 3.813200e-01
402 6.164840e-01 1.880000e-03 3.816360e-01
403 6.161640e-01 1.824000e-03 3.820120e-01
404 6.158560e-01 1.788000e-03 3.823560e-01
405 6.155800e-01 1.752000e-03 3.826680e-01
406 6.152960e-01 1.768000e-03 3.829360e-01
407 6.149720e-01 1.768000e-03 3.832600e-01
408 6.146200e-01 1.800000e-03 3.835800e-01
409 6.142600e-01 1.816000e-03 3.839240e-01
410 6.138720e-01 1.832000e-03 3.842960e-01
411 6.135280e-01 1.832000e-03 3.846400e-01
412 6.131960e-01 1.808000e-03 3.849960e-01
413 6.128840e-01 1.712000e-03 3.854040e-01
414 6.125280e-01 1.764000e-03 3.857080e-01
415 6.122880e-01 1.648000e-03 3.860640e-01
416 6.120200e-01 1.700000e-03 3.862800e-01
417 6.117240e-01 1.692000e-03 3.865840e-01
418 6.115040e-01 1.628000e-03 3.868680e-01
419 6.111880e-01 1.688000e-03 3.871240e-01
420 6.109880e-01 1.604000e-03 3.874080e-01
421 6.107200e-01 1.588000e-03 3.876920e-01
422 6.104560e-01 1.612000e-03 3.879320e-01
423 6.102000e-01 1.588000e-03 3.882120e-01
424 6.099480e-01 1.488000e-03 3.885640e-01
425 6.096440e-01 1.480000e-03 3.888760e-01
426 6.093320e-01 1.528000e-03 3.891400e-01
427 6.090320e-01 1.576000e-03 3.893920e-01
428 6.087480e-01 1.596000e-03 3.896560e-01
429 6.084320e-01 1.664000e-03 3.899040e-01
430 6.081680e-01 1.636000e-03 3.901960e-01
431 6.079080e-01 1.624000e-03 3.904680e-01
432 6.076480e-01 1.580000e-03 3.907720e-01
433 6.073720e-01 1.588000e-03 3.910400e-01
434 6.070760e-01 1.656000e-03 3.912680e-01
435 6.068000e-01 1.608000e-03 3.915920e-01
436 6.065320e-01 1.580000e-03 3.918880e-01
437 6.062400e-01 1.592000e-03 3.921680e-01
438 6.060240e-01 1.532000e-03 3.924440e-01
439 6.057600e-01 1.532000e-03 3.927080e-01
440 6.055720e-01 1.456000e-03 3.929720e-01
441 6.053720e-01 1.392000e-03 3.932360e-01
442 6.051840e-01 1.372000e-03 3.934440e-01
443 6.050280e-01 1.316000e-03 3.936560e-01
444 6.048400e-01 1.288000e-03 3.938720e-01
445 6.046440e-01 1.284000e-03 3.940720e-01
446 6.044080e-01 1.300000e-03 3.942920e-01
447 6.042240e-01 1.224000e-03 3.945520e-01
448 6.040160e-01 1.216000e-03 3.947680e-01
449 6.038000e-01 1.256000e-03 3.949440e-01
450 6.035680e-01 1.304000e-03 3.951280e-01
451 6.033400e-01 1.368000e-03 3.952920e-01
452 6.031120e-01 1.404000e-03 3.954840e-01
453 6.028600e-01 1.360000e-03 3.957800e-01
454 6.026120e-01 1.316000e-03 3.960720e-01
455 6.023640e-01 1.368000e-03 3.962680e-01
456 6.021400e-01 1.316000e-03 3.965440e-01
457 6.018560e-01 1.356000e-03 3.967880e-01
458 6.016760e-01 1.328000e-03 3.969960e-01
459 6.014240e-01 1.340000e-03 3.972360e-01
460 6.011720e-01 1.396000e-03 3.974320e-01
461 6.008880e-01 1.456000e-03 3.976560e-01
462 6.006760e-01 1.428000e-03 3.978960e-01
463 6.004360e-01 1.364000e-03 3.982000e-01
464 6.002200e-01 1.336000e-03 3.984440e-01
465 5.999920e-01 1.332000e-03 3.986760e-01
466 5.997320e-01 1.380000e-03 3.988880e-01
467 5.994720e-01 1.392000e-03 3.991360e-01
468 5.992040e-01 1.416000e-03 3.993800e-01
469 5.989720e-01 1.412000e-03 3.996160e-01
470 5.987200e-01 1.444000e-03 3.998360e-01
471 5.984440e-01 1.428000e-03 4.001280e-01
472 5.981640e-01 1.464000e-03 4.003720e-01
473 5.978760e-01 1.452000e-03 4.006720e-01
474 5.976920e-01 1.348000e-03 4.009600e-01
475 5.975000e-01 1.276000e-03 4.012240e-01
476 5.972360e-01 1.308000e-03 4.014560e-01
477 5.969960e-01 1.296000e-03 4.017080e-01
478 5.967960e-01 1.268000e-03 4.019360e-01
479 5.966000e-01 1.184000e-03 4.022160e-01
480 5.963920e-01 1.196000e-03 4.024120e-01
481 5.961600e-01 1.236000e-03 4.026040e-01
482 5.959920e-01 1.208000e-03 4.028000e-01
483 5.957720e-01 1.184000e-03 4.030440e-01
484 5.956280e-01 1.172000e-03 4.032000e-01
485 5.954480e-01 1.172000e-03 4.033800e-01
486 5.952360e-01 1.168000e-03 4.035960e-01
487 5.950240e-01 1.200000e-03 4.037760e-01
488 5.948560e-01 1.184000e-03 4.039600e-01
489 5.946880e-01 1.216000e-03 4.040960e-01
490 5.944760e-01 1.192000e-03 4.043320e-01
491 5.942840e-01 1.184000e-03 4.045320e-01
492 5.941080e-01 1.108000e-03 4.047840e-01
493 5.940000e-01 9.840000e-04 4.050160e-01
494 5.938720e-01 9.520000e-04 4.051760e-01
495 5.936880e-01 1.012000e-03 4.053000e-01
496 5.935600e-01 9.640000e-04 4.054760e-01
497 5.934280e-01 8.920000e-04 4.056800e-01
498 5.933360e-01 7.880000e-04 4.058760e-01
499 5.931520e-01 8.400000e-04 4.060080e-01
500 5.930040e-01 8.600000e-04 4.061360e-01
