1 9.991720e-01 7.480000e-04 8.000000e-05
2 9.984720e-01 1.268000e-03 2.600000e-04
3 9.977920e-01 1.708000e-03 5.000000e-04
4 9.970600e-01 2.084000e-03 8.560000e-04
5 9.962400e-01 2.488000e-03 1.272000e-03
6 9.952520e-01 3.044000e-03 1.704000e-03
7 9.943960e-01 3.308000e-03 2.296000e-03
8 9.933840e-01 3.712000e-03 2.904000e-03
9 9.922200e-01 4.148000e-03 3.632000e-03
10 9.910760e-01 4.652000e-03 4.272000e-03
11 9.899120e-01 4.828000e-03 5.260000e-03
12 9.885640e-01 5.292000e-03 6.144000e-03
13 9.872760e-01 5.648000e-03 7.076000e-03
14 9.858960e-01 5.992000e-03 8.112000e-03
15 9.843640e-01 6.388000e-03 9.248000e-03
16 9.829120e-01 6.712000e-03 1.037600e-02
17 9.813520e-01 6.940000e-03 1.170800e-02
18 9.797920e-01 7.184000e-03 1.302400e-02
19 9.782360e-01 7.372000e-03 1.439200e-02
20 9.767680e-01 7.592000e-03 1.564000e-02
21 9.750960e-01 7.960000e-03 1.694400e-02
22 9.736160e-01 8.028000e-03 1.835600e-02
23 9.719040e-01 8.200000e-03 1.989600e-02
24 9.700400e-01 8.604000e-03 2.135600e-02
25 9.682840e-01 8.784000e-03 2.293200e-02
26 9.663640e-01 9.140000e-03 2.449600e-02
27 9.644440e-01 9.408000e-03 2.614800e-02
28 9.626600e-01 9.536000e-03 2.780400e-02
29 9.608480e-01 9.684000e-03 2.946800e-02
30 9.589440e-01 1.000000e-02 3.105600e-02
31 9.570440e-01 1.010000e-02 3.285600e-02
32 9.551360e-01 1.020800e-02 3.465600e-02
33 9.532080e-01 1.030400e-02 3.648800e-02
34 9.512240e-01 1.048800e-02 3.828800e-02
35 9.494280e-01 1.031200e-02 4.026000e-02
36 9.475880e-01 1.015600e-02 4.225600e-02
37 9.458840e-01 1.003600e-02 4.408000e-02
38 9.441280e-01 1.008800e-02 4.578400e-02
39 9.423920e-01 1.010400e-02 4.750400e-02
40 9.405680e-01 1.016800e-02 4.926400e-02
41 9.388480e-01 1.019600e-02 5.095600e-02
42 9.370440e-01 1.020800e-02 5.274800e-02
43 9.351320e-01 1.030000e-02 5.456800e-02
44 9.333680e-01 1.024400e-02 5.638800e-02
45 9.314960e-01 1.023200e-02 5.827200e-02
46 9.295440e-01 1.046800e-02 5.998800e-02
47 9.277600e-01 1.043200e-02 6.180800e-02
48 9.260000e-01 1.042800e-02 6.357200e-02
49 9.242840e-01 1.015200e-02 6.556400e-02
50 9.225000e-01 1.030400e-02 6.719600e-02
51 9.206400e-01 1.029600e-02 6.906400e-02
52 9.187640e-01 1.050800e-02 7.072800e-02
53 9.167320e-01 1.074800e-02 7.252000e-02
54 9.149400e-01 1.073200e-02 7.432800e-02
55 9.132200e-01 1.047600e-02 7.630400e-02
56 9.114640e-01 1.030400e-02 7.823200e-02
57 9.097560e-01 1.023600e-02 8.000800e-02
58 9.080360e-01 1.013600e-02 8.182800e-02
59 9.062600e-01 1.016400e-02 8.357600e-02
60 9.047400e-01 9.936000e-03 8.532400e-02
61 9.031160e-01 9.872000e-03 8.701200e-02
62 9.016120e-01 9.720000e-03 8.866800e-02
63 8.998920e-01 9.760000e-03 9.034800e-02
64 8.981200e-01 9.708000e-03 9.217200e-02
65 8.962920e-01 9.796000e-03 9.391200e-02
66 8.945520e-01 9.748000e-03 9.570000e-02
67 8.928040e-01 9.940000e-03 9.725600e-02
68 8.910000e-01 1.009600e-02 9.890400e-02
69 8.893080e-01 1.006400e-02 1.006280e-01
70 8.876200e-01 1.013600e-02 1.022440e-01
71 8.858800e-01 1.016000e-02 1.039600e-01
72 8.842600e-01 1.008800e-02 1.056520e-01
73 8.826520e-01 9.896000e-03 1.074520e-01
74 8.809040e-01 1.002000e-02 1.090760e-01
75 8.790920e-01 1.008000e-02 1.108280e-01
76 8.773560e-01 1.007200e-02 1.125720e-01
77 8.755920e-01 1.007600e-02 1.143320e-01
78 8.739320e-01 1.002000e-02 1.160480e-01
79 8.723080e-01 9.844000e-03 1.178480e-01
80 8.706440e-01 9.868000e-03 1.194880e-01
81 8.689960e-01 9.768000e-03 1.212360e-01
82 8.673240e-01 9.764000e-03 1.229120e-01
83 8.658320e-01 9.488000e-03 1.246800e-01
84 8.643360e-01 9.380000e-03 1.262840e-01
85 8.628000e-01 9.440000e-03 1.277600e-01
86 8.613680e-01 9.192000e-03 1.294400e-01
87 8.597840e-01 9.188000e-03 1.310280e-01
88 8.581320e-01 9.220000e-03 1.326480e-01
89 8.566280e-01 9.084000e-03 1.342880e-01
90 8.550960e-01 8.964000e-03 1.359400e-01
91 8.536680e-01 8.836000e-03 1.374960e-01
92 8.521480e-01 8.640000e-03 1.392120e-01
93 8.507080e-01 8.544000e-03 1.407480e-01
94 8.491880e-01 8.448000e-03 1.423640e-01
95 8.476960e-01 8.460000e-03 1.438440e-01
96 8.459480e-01 8.712000e-03 1.453400e-01
97 8.443360e-01 8.708000e-03 1.469560e-01
98 8.427040e-01 8.736000e-03 1.485600e-01
99 8.412120e-01 8.768000e-03 1.500200e-01
100 8.395760e-01 8.712000e-03 1.517120e-01
101 8.381800e-01 8.696000e-03 1.531240e-01
102 8.367160e-01 8.656000e-03 1.546280e-01
103 8.352760e-01 8.448000e-03 1.562760e-01
104 8.339080e-01 8.356000e-03 1.577360e-01
105 8.327760e-01 8.140000e-03 1.590840e-01
106 8.314000e-01 8.084000e-03 1.605160e-01
107 8.301360e-01 7.928000e-03 1.619360e-01
108 8.287880e-01 7.872000e-03 1.633400e-01
109 8.274920e-01 7.948000e-03 1.645600e-01
110 8.260840e-01 7.872000e-03 1.660440e-01
111 8.248640e-01 7.700000e-03 1.674360e-01
112 8.236800e-01 7.600000e-03 1.687200e-01
113 8.223800e-01 7.496000e-03 1.701240e-01
114 8.210760e-01 7.500000e-03 1.714240e-01
115 8.198520e-01 7.504000e-03 1.726440e-01
116 8.187400e-01 7.336000e-03 1.739240e-01
117 8.175080e-01 7.272000e-03 1.752200e-01
118 8.164560e-01 6.972000e-03 1.765720e-01
119 8.152400e-01 6.912000e-03 1.778480e-01
120 8.141280e-01 6.752000e-03 1.791200e-01
121 8.128560e-01 6.864000e-03 1.802800e-01
122 8.115120e-01 6.984000e-03 1.815040e-01
123 8.102600e-01 7.092000e-03 1.826480e-01
124 8.089240e-01 7.220000e-03 1.838560e-01
125 8.076880e-01 7.216000e-03 1.850960e-01
126 8.064520e-01 7.092000e-03 1.864560e-01
127 8.052720e-01 7.052000e-03 1.876760e-01
128 8.040120e-01 7.052000e-03 1.889360e-01
129 8.027560e-01 7.084000e-03 1.901600e-01
130 8.014320e-01 7.140000e-03 1.914280e-01
131 8.000480e-01 7.324000e-03 1.926280e-01
132 7.986400e-01 7.464000e-03 1.938960e-01
133 7.972080e-01 7.720000e-03 1.950720e-01
134 7.958960e-01 7.684000e-03 1.964200e-01
135 7.945600e-01 7.712000e-03 1.977280e-01
136 7.933160e-01 7.772000e-03 1.989120e-01
137 7.919080e-01 7.764000e-03 2.003280e-01
138 7.903800e-01 8.000000e-03 2.016200e-01
139 7.887640e-01 8.304000e-03 2.029320e-01
140 7.872080e-01 8.448000e-03 2.043440e-01
141 7.857840e-01 8.400000e-03 2.058160e-01
142 7.843160e-01 8.376000e-03 2.073080e-01
143 7.829320e-01 8.244000e-03 2.088240e-01
144 7.815760e-01 8.208000e-03 2.102160e-01
145 7.802800e-01 8.072000e-03 2.116480e-01
146 7.789440e-01 8.060000e-03 2.129960e-01
147 7.774200e-01 8.340000e-03 2.142400e-01
148 7.758040e-01 8.448000e-03 2.157480e-01
149 7.744160e-01 8.416000e-03 2.171680e-01
150 7.729760e-01 8.492000e-03 2.185320e-01
151 7.715240e-01 8.432000e-03 2.200440e-01
152 7.701480e-01 8.408000e-03 2.214440e-01
153 7.686280e-01 8.408000e-03 2.229640e-01
154 7.672120e-01 8.392000e-03 2.243960e-01
155 7.659200e-01 8.316000e-03 2.257640e-01
156 7.644640e-01 8.348000e-03 2.271880e-01
157 7.628920e-01 8.508000e-03 2.286000e-01
158 7.613120e-01 8.572000e-03 2.301160e-01
159 7.598440e-01 8.556000e-03 2.316000e-01
160 7.584280e-01 8.404000e-03 2.331680e-01
161 7.569800e-01 8.500000e-03 2.345200e-01
162 7.556000e-01 8.448000e-03 2.359520e-01
163 7.540920e-01 8.452000e-03 2.374560e-01
164 7.525200e-01 8.620000e-03 2.388600e-01
165 7.509080e-01 8.752000e-03 2.403400e-01
166 7.495880e-01 8.456000e-03 2.419560e-01
167 7.480560e-01 8.452000e-03 2.434920e-01
168 7.466400e-01 8.424000e-03 2.449360e-01
169 7.451520e-01 8.408000e-03 2.464400e-01
170 7.435600e-01 8.584000e-03 2.478560e-01
171 7.420440e-01 8.700000e-03 2.492560e-01
172 7.406960e-01 8.628000e-03 2.506760e-01
173 7.393160e-01 8.588000e-03 2.520960e-01
174 7.380200e-01 8.400000e-03 2.535800e-01
175 7.365440e-01 8.512000e-03 2.549440e-01
176 7.351400e-01 8.552000e-03 2.563080e-01
177 7.336480e-01 8.660000e-03 2.576920e-01
178 7.322480e-01 8.468000e-03 2.592840e-01
179 7.307840e-01 8.444000e-03 2.607720e-01
180 7.293440e-01 8.436000e-03 2.622200e-01
181 7.280080e-01 8.288000e-03 2.637040e-01
182 7.267240e-01 8.172000e-03 2.651040e-01
183 7.253320e-01 8.108000e-03 2.665600e-01
184 7.240080e-01 7.948000e-03 2.680440e-01
185 7.227320e-01 7.864000e-03 2.694040e-01
186 7.214800e-01 7.764000e-03 2.707560e-01
187 7.200480e-01 7.944000e-03 2.720080e-01
188 7.187880e-01 7.952000e-03 2.732600e-01
189 7.174760e-01 7.916000e-03 2.746080e-01
190 7.159840e-01 7.996000e-03 2.760200e-01
191 7.147720e-01 7.820000e-03 2.774080e-01
192 7.134280e-01 7.880000e-03 2.786920e-01
193 7.120640e-01 7.924000e-03 2.800120e-01
194 7.106720e-01 7.840000e-03 2.814880e-01
195 7.092960e-01 7.760000e-03 2.829440e-01
196 7.080520e-01 7.484000e-03 2.844640e-01
197 7.068400e-01 7.352000e-03 2.858080e-01
198 7.056600e-01 7.160000e-03 2.871800e-01
199 7.045320e-01 7.152000e-03 2.883160e-01
200 7.033000e-01 7.056000e-03 2.896440e-01
201 7.020560e-01 7.148000e-03 2.907960e-01
202 7.008880e-01 7.012000e-03 2.921000e-01
203 6.996880e-01 6.972000e-03 2.933400e-01
204 6.984920e-01 6.972000e-03 2.945360e-01
205 6.974400e-01 6.792000e-03 2.957680e-01
206 6.962880e-01 6.748000e-03 2.969640e-01
207 6.951840e-01 6.664000e-03 2.981520e-01
208 6.941880e-01 6.572000e-03 2.992400e-01
209 6.930760e-01 6.500000e-03 3.004240e-01
210 6.919760e-01 6.456000e-03 3.015680e-01
211 6.907880e-01 6.572000e-03 3.026400e-01
212 6.896920e-01 6.532000e-03 3.037760e-01
213 6.886440e-01 6.312000e-03 3.050440e-01
214 6.876000e-01 6.212000e-03 3.061880e-01
215 6.864560e-01 6.204000e-03 3.073400e-01
216 6.854080e-01 6.148000e-03 3.084440e-01
217 6.842840e-01 6.160000e-03 3.095560e-01
218 6.832480e-01 6.108000e-03 3.106440e-01
219 6.821760e-01 6.016000e-03 3.118080e-01
220 6.811720e-01 6.008000e-03 3.128200e-01
221 6.801880e-01 5.992000e-03 3.138200e-01
222 6.790280e-01 6.096000e-03 3.148760e-01
223 6.781000e-01 5.880000e-03 3.160200e-01
224 6.770640e-01 5.732000e-03 3.172040e-01
225 6.761320e-01 5.620000e-03 3.182480e-01
226 6.751320e-01 5.624000e-03 3.192440e-01
227 6.742840e-01 5.576000e-03 3.201400e-01
228 6.732400e-01 5.684000e-03 3.210760e-01
229 6.722880e-01 5.696000e-03 3.220160e-01
230 6.713960e-01 5.592000e-03 3.230120e-01
231 6.705200e-01 5.536000e-03 3.239440e-01
232 6.696400e-01 5.368000e-03 3.249920e-01
233 6.688400e-01 5.160000e-03 3.260000e-01
234 6.680480e-01 4.988000e-03 3.269640e-01
235 6.672960e-01 4.832000e-03 3.278720e-01
236 6.664760e-01 4.868000e-03 3.286560e-01
237 6.657480e-01 4.744000e-03 3.295080e-01
238 6.649080e-01 4.900000e-03 3.301920e-01
239 6.641760e-01 4.732000e-03 3.310920e-01
240 6.635120e-01 4.508000e-03 3.319800e-01
241 6.628120e-01 4.428000e-03 3.327600e-01
242 6.620480e-01 4.436000e-03 3.335160e-01
243 6.612000e-01 4.464000e-03 3.343360e-01
244 6.604160e-01 4.500000e-03 3.350840e-01
245 6.596720e-01 4.428000e-03 3.359000e-01
246 6.589000e-01 4.472000e-03 3.366280e-01
247 6.583480e-01 4.208000e-03 3.374440e-01
248 6.577000e-01 4.156000e-03 3.381440e-01
249 6.571320e-01 3.976000e-03 3.388920e-01
250 6.564800e-01 3.980000e-03 3.395400e-01
251 6.558520e-01 3.828000e-03 3.403200e-01
252 6.551800e-01 3.740000e-03 3.410800e-01
253 6.543280e-01 3.904000e-03 3.417680e-01
254 6.535840e-01 4.024000e-03 3.423920e-01
255 6.526880e-01 4.144000e-03 3.431680e-01
256 6.518560e-01 4.284000e-03 3.438600e-01
257 6.510880e-01 4.276000e-03 3.446360e-01
258 6.503480e-01 4.264000e-03 3.453880e-01
259 6.495960e-01 4.268000e-03 3.461360e-01
260 6.488560e-01 4.240000e-03 3.469040e-01
261 6.481040e-01 4.284000e-03 3.476120e-01
262 6.472960e-01 4.396000e-03 3.483080e-01
263 6.464880e-01 4.496000e-03 3.490160e-01
264 6.457120e-01 4.480000e-03 3.498080e-01
265 6.448120e-01 4.580000e-03 3.506080e-01
266 6.439080e-01 4.652000e-03 3.514400e-01
267 6.430800e-01 4.668000e-03 3.522520e-01
268 6.421920e-01 4.800000e-03 3.530080e-01
269 6.413440e-01 4.740000e-03 3.539160e-01
270 6.404240e-01 4.812000e-03 3.547640e-01
271 6.395840e-01 4.692000e-03 3.557240e-01
272 6.389080e-01 4.532000e-03 3.565600e-01
273 6.381280e-01 4.548000e-03 3.573240e-01
274 6.373840e-01 4.504000e-03 3.581120e-01
275 6.366680e-01 4.372000e-03 3.589600e-01
276 6.358120e-01 4.420000e-03 3.597680e-01
277 6.350200e-01 4.476000e-03 3.605040e-01
278 6.341920e-01 4.492000e-03 3.613160e-01
279 6.333760e-01 4.480000e-03 3.621440e-01
280 6.326240e-01 4.460000e-03 3.629160e-01
281 6.319840e-01 4.264000e-03 3.637520e-01
282 6.312080e-01 4.268000e-03 3.645240e-01
283 6.304920e-01 4.240000e-03 3.652680e-01
284 6.297800e-01 4.196000e-03 3.660240e-01
285 6.290240e-01 4.208000e-03 3.667680e-01
286 6.281880e-01 4.304000e-03 3.675080e-01
287 6.275160e-01 4.224000e-03 3.682600e-01
288 6.268160e-01 4.176000e-03 3.690080e-01
289 6.261040e-01 4.100000e-03 3.697960e-01
290 6.254800e-01 3.976000e-03 3.705440e-01
291 6.248480e-01 3.888000e-03 3.712640e-01
292 6.241280e-01 3.872000e-03 3.720000e-01
293 6.235640e-01 3.728000e-03 3.727080e-01
294 6.228200e-01 3.860000e-03 3.733200e-01
295 6.221840e-01 3.856000e-03 3.739600e-01
296 6.215200e-01 3.844000e-03 3.746360e-01
297 6.209120e-01 3.720000e-03 3.753680e-01
298 6.202240e-01 3.728000e-03 3.760480e-01
299 6.195880e-01 3.684000e-03 3.767280e-01
300 6.188760e-01 3.740000e-03 3.773840e-01
301 6.182920e-01 3.640000e-03 3.780680e-01
302 6.177440e-01 3.476000e-03 3.787800e-01
303 6.171240e-01 3.556000e-03 3.793200e-01
304 6.165640e-01 3.492000e-03 3.799440e-01
305 6.160400e-01 3.432000e-03 3.805280e-01
306 6.154320e-01 3.524000e-03 3.810440e-01
307 6.148760e-01 3.500000e-03 3.816240e-01
308 6.142840e-01 3.432000e-03 3.822840e-01
309 6.137240e-01 3.448000e-03 3.828280e-01
310 6.131320e-01 3.496000e-03 3.833720e-01
311 6.127200e-01 3.364000e-03 3.839160e-01
312 6.122240e-01 3.292000e-03 3.844840e-01
313 6.117200e-01 3.284000e-03 3.849960e-01
314 6.112120e-01 3.168000e-03 3.856200e-01
315 6.106800e-01 3.120000e-03 3.862000e-01
316 6.100640e-01 3.156000e-03 3.867800e-01
317 6.094280e-01 3.268000e-03 3.873040e-01
318 6.088400e-01 3.348000e-03 3.878120e-01
319 6.081400e-01 3.428000e-03 3.884320e-01
320 6.076280e-01 3.220000e-03 3.891520e-01
321 6.070880e-01 3.100000e-03 3.898120e-01
322 6.065800e-01 3.060000e-03 3.903600e-01
323 6.060480e-01 3.092000e-03 3.908600e-01
324 6.056000e-01 2.980000e-03 3.914200e-01
325 6.050240e-01 3.000000e-03 3.919760e-01
326 6.044840e-01 3.040000e-03 3.924760e-01
327 6.038880e-01 3.076000e-03 3.930360e-01
328 6.033520e-01 3.044000e-03 3.936040e-01
329 6.027880e-01 3.076000e-03 3.941360e-01
330 6.022640e-01 3.084000e-03 3.946520e-01
331 6.018040e-01 2.964000e-03 3.952320e-01
332 6.013240e-01 2.956000e-03 3.957200e-01
333 6.008800e-01 2.976000e-03 3.961440e-01
334 6.003960e-01 2.928000e-03 3.966760e-01
335 5.999720e-01 2.856000e-03 3.971720e-01
336 5.995560e-01 2.768000e-03 3.976760e-01
337 5.991720e-01 2.652000e-03 3.981760e-01
338 5.988320e-01 2.500000e-03 3.986680e-01
339 5.984520e-01 2.440000e-03 3.991080e-01
340 5.979280e-01 2.508000e-03 3.995640e-01
341 5.975200e-01 2.460000e-03 4.000200e-01
342 5.970440e-01 2.500000e-03 4.004560e-01
343 5.966480e-01 2.476000e-03 4.008760e-01
344 5.961840e-01 2.588000e-03 4.012280e-01
345 5.957600e-01 2.528000e-03 4.017120e-01
346 5.954200e-01 2.388000e-03 4.021920e-01
347 5.950520e-01 2.372000e-03 4.025760e-01
348 5.947200e-01 2.292000e-03 4.029880e-01
349 5.943760e-01 2.244000e-03 4.033800e-01
350 5.940280e-01 2.224000e-03 4.037480e-01
351 5.936920e-01 2.136000e-03 4.041720e-01
352 5.933840e-01 2.104000e-03 4.045120e-01
353 5.929560e-01 2.212000e-03 4.048320e-01
354 5.926600e-01 2.088000e-03 4.052520e-01
355 5.924040e-01 1.928000e-03 4.056680e-01
356 5.921280e-01 1.912000e-03 4.059600e-01
357 5.918520e-01 1.884000e-03 4.062640e-01
358 5.914840e-01 1.960000e-03 4.065560e-01
359 5.911480e-01 1.952000e-03 4.069000e-01
360 5.907560e-01 2.000000e-03 4.072440e-01
361 5.904400e-01 2.000000e-03 4.075600e-01
362 5.901400e-01 2.000000e-03 4.078600e-01
363 5.898400e-01 1.932000e-03 4.082280e-01
364 5.896040e-01 1.808000e-03 4.085880e-01
365 5.893400e-01 1.776000e-03 4.088840e-01
366 5.890520e-01 1.788000e-03 4.091600e-01
367 5.886840e-01 1.844000e-03 4.094720e-01
368 5.883800e-01 1.804000e-03 4.098160e-01
369 5.880840e-01 1.844000e-03 4.100720e-01
370 5.877800e-01 1.816000e-03 4.104040e-01
371 5.874080e-01 1.868000e-03 4.107240e-01
372 5.869880e-01 1.996000e-03 4.110160e-01
373 5.866640e-01 2.056000e-03 4.112800e-01
374 5.864000e-01 2.016000e-03 4.115840e-01
375 5.860960e-01 1.988000e-03 4.119160e-01
376 5.858160e-01 1.892000e-03 4.122920e-01
377 5.855960e-01 1.868000e-03 4.125360e-01
378 5.853640e-01 1.828000e-03 4.128080e-01
379 5.850360e-01 1.796000e-03 4.131680e-01
380 5.847560e-01 1.732000e-03 4.135120e-01
381 5.844760e-01 1.708000e-03 4.138160e-01
382 5.841840e-01 1.668000e-03 4.141480e-01
383 5.838440e-01 1.652000e-03 4.145040e-01
384 5.835360e-01 1.724000e-03 4.147400e-01
385 5.831760e-01 1.832000e-03 4.149920e-01
386 5.828840e-01 1.828000e-03 4.152880e-01
387 5.825920e-01 1.856000e-03 4.155520e-01
388 5.822880e-01 1.800000e-03 4.159120e-01
389 5.819560e-01 1.812000e-03 4.162320e-01
390 5.816240e-01 1.816000e-03 4.165600e-01
391 5.813760e-01 1.692000e-03 4.169320e-01
392 5.810720e-01 1.712000e-03 4.172160e-01
393 5.807840e-01 1.696000e-03 4.175200e-01
394 5.804800e-01 1.660000e-03 4.178600e-01
395 5.802200e-01 1.636000e-03 4.181440e-01
396 5.799400e-01 1.596000e-03 4.184640e-01
397 5.796760e-01 1.624000e-03 4.187000e-01
398 5.794120e-01 1.624000e-03 4.189640e-01
399 5.792040e-01 1.592000e-03 4.192040e-01
400 5.789480e-01 1.584000e-03 4.194680e-01
401 5.787000e-01 1.564000e-03 4.197360e-01
402 5.784400e-01 1.560000e-03 4.200000e-01
403 5.782200e-01 1.512000e-03 4.202680e-01
404 5.779800e-01 1.500000e-03 4.205200e-01
405 5.777760e-01 1.472000e-03 4.207520e-01
406 5.775520e-01 1.444000e-03 4.210040e-01
407 5.773320e-01 1.380000e-03 4.212880e-01
408 5.770520e-01 1.400000e-03 4.215480e-01
409 5.768320e-01 1.372000e-03 4.217960e-01
410 5.766400e-01 1.316000e-03 4.220440e-01
411 5.764120e-01 1.348000e-03 4.222400e-01
412 5.762040e-01 1.340000e-03 4.224560e-01
413 5.758880e-01 1.420000e-03 4.226920e-01
414 5.756400e-01 1.404000e-03 4.229560e-01
415 5.753480e-01 1.444000e-03 4.232080e-01
416 5.750640e-01 1.396000e-03 4.235400e-01
417 5.747880e-01 1.444000e-03 4.237680e-01
418 5.744840e-01 1.496000e-03 4.240200e-01
419 5.741000e-01 1.560000e-03 4.243400e-01
420 5.737920e-01 1.592000e-03 4.246160e-01
421 5.735640e-01 1.548000e-03 4.248880e-01
422 5.733280e-01 1.488000e-03 4.251840e-01
423 5.730640e-01 1.552000e-03 4.253840e-01
424 5.727720e-01 1.552000e-03 4.256760e-01
425 5.725080e-01 1.540000e-03 4.259520e-01
426 5.722840e-01 1.560000e-03 4.261560e-01
427 5.720640e-01 1.488000e-03 4.264480e-01
428 5.718640e-01 1.468000e-03 4.266680e-01
429 5.716560e-01 1.384000e-03 4.269600e-01
430 5.714200e-01 1.364000e-03 4.272160e-01
431 5.711880e-01 1.408000e-03 4.274040e-01
432 5.709040e-01 1.444000e-03 4.276520e-01
433 5.706640e-01 1.408000e-03 4.279280e-01
434 5.704240e-01 1.432000e-03 4.281440e-01
435 5.702800e-01 1.332000e-03 4.283880e-01
436 5.700920e-01 1.304000e-03 4.286040e-01
437 5.699000e-01 1.252000e-03 4.288480e-01
438 5.696920e-01 1.232000e-03 4.290760e-01
439 5.694680e-01 1.240000e-03 4.292920e-01
440 5.692960e-01 1.188000e-03 4.295160e-01
441 5.690440e-01 1.224000e-03 4.297320e-01
442 5.688160e-01 1.240000e-03 4.299440e-01
443 5.685560e-01 1.268000e-03 4.301760e-01
444 5.683040e-01 1.272000e-03 4.304240e-01
445 5.680880e-01 1.228000e-03 4.306840e-01
446 5.678440e-01 1.264000e-03 4.308920e-01
447 5.676520e-01 1.232000e-03 4.311160e-01
448 5.674320e-01 1.260000e-03 4.313080e-01
449 5.671880e-01 1.284000e-03 4.315280e-01
450 5.669480e-01 1.332000e-03 4.317200e-01
451 5.667480e-01 1.328000e-03 4.319240e-01
452 5.664880e-01 1.380000e-03 4.321320e-01
453 5.662600e-01 1.424000e-03 4.323160e-01
454 5.659840e-01 1.488000e-03 4.325280e-01
455 5.657080e-01 1.468000e-03 4.328240e-01
456 5.654040e-01 1.528000e-03 4.330680e-01
457 5.650440e-01 1.656000e-03 4.333000e-01
458 5.647800e-01 1.616000e-03 4.336040e-01
459 5.645680e-01 1.516000e-03 4.339160e-01
460 5.642160e-01 1.584000e-03 4.342000e-01
461 5.639280e-01 1.576000e-03 4.344960e-01
462 5.636360e-01 1.568000e-03 4.347960e-01
463 5.633440e-01 1.616000e-03 4.350400e-01
464 5.630040e-01 1.652000e-03 4.353440e-01
465 5.627200e-01 1.648000e-03 4.356320e-01
466 5.623880e-01 1.724000e-03 4.358880e-01
467 5.620440e-01 1.776000e-03 4.361800e-01
468 5.617560e-01 1.728000e-03 4.365160e-01
469 5.614480e-01 1.716000e-03 4.368360e-01
470 5.611400e-01 1.748000e-03 4.371120e-01
471 5.607800e-01 1.800000e-03 4.374200e-01
472 5.604080e-01 1.868000e-03 4.377240e-01
473 5.600720e-01 1.848000e-03 4.380800e-01
474 5.597480e-01 1.756000e-03 4.384960e-01
475 5.594440e-01 1.780000e-03 4.387760e-01
476 5.591480e-01 1.760000e-03 4.390920e-01
477 5.588680e-01 1.724000e-03 4.394080e-01
478 5.585640e-01 1.748000e-03 4.396880e-01
479 5.582920e-01 1.736000e-03 4.399720e-01
480 5.580240e-01 1.716000e-03 4.402600e-01
481 5.577440e-01 1.716000e-03 4.405400e-01
482 5.574840e-01 1.640000e-03 4.408760e-01
483 5.572360e-01 1.604000e-03 4.411600e-01
484 5.570560e-01 1.496000e-03 4.414480e-01
485 5.568320e-01 1.412000e-03 4.417560e-01
486 5.566200e-01 1.380000e-03 4.420000e-01
487 5.563680e-01 1.380000e-03 4.422520e-01
488 5.560800e-01 1.416000e-03 4.425040e-01
489 5.557960e-01 1.464000e-03 4.427400e-01
490 5.555280e-01 1.476000e-03 4.429960e-01
491 5.552240e-01 1.548000e-03 4.432280e-01
492 5.550040e-01 1.544000e-03 4.434520e-01
493 5.547080e-01 1.580000e-03 4.437120e-01
494 5.544200e-01 1.556000e-03 4.440240e-01
495 5.541320e-01 1.548000e-03 4.443200e-01
496 5.538560e-01 1.588000e-03 4.445560e-01
497 5.535680e-01 1.556000e-03 4.448760e-01
498 5.533640e-01 1.528000e-03 4.451080e-01
499 5.530880e-01 1.468000e-03 4.454440e-01
500 5.528800e-01 1.448000e-03 4.456720e-01
