1 9.992240e-01 6.680000e-04 1.080000e-04
2 9.987480e-01 1.044000e-03 2.080000e-04
3 9.980640e-01 1.544000e-03 3.920000e-04
4 9.972320e-01 2.084000e-03 6.840000e-04
5 9.964240e-01 2.512000e-03 1.064000e-03
6 9.954720e-01 2.992000e-03 1.536000e-03
7 9.943440e-01 3.508000e-03 2.148000e-03
8 9.931440e-01 3.972000e-03 2.884000e-03
9 9.920520e-01 4.384000e-03 3.564000e-03
10 9.908280e-01 4.800000e-03 4.372000e-03
11 9.896960e-01 5.016000e-03 5.288000e-03
12 9.886080e-01 5.200000e-03 6.192000e-03
13 9.874600e-01 5.428000e-03 7.112000e-03
14 9.862480e-01 5.648000e-03 8.104000e-03
15 9.849920e-01 5.876000e-03 9.132000e-03
16 9.837680e-01 6.160000e-03 1.007200e-02
17 9.825240e-01 6.364000e-03 1.111200e-02
18 9.812600e-01 6.524000e-03 1.221600e-02
19 9.798640e-01 6.876000e-03 1.326000e-02
20 9.784520e-01 7.080000e-03 1.446800e-02
21 9.770000e-01 7.352000e-03 1.564800e-02
22 9.755120e-01 7.448000e-03 1.704000e-02
23 9.739120e-01 7.688000e-03 1.840000e-02
24 9.724760e-01 7.736000e-03 1.978800e-02
25 9.709000e-01 7.908000e-03 2.119200e-02
26 9.694160e-01 8.016000e-03 2.256800e-02
27 9.679400e-01 8.112000e-03 2.394800e-02
28 9.665720e-01 8.096000e-03 2.533200e-02
29 9.649920e-01 8.272000e-03 2.673600e-02
30 9.633400e-01 8.432000e-03 2.822800e-02
31 9.616880e-01 8.524000e-03 2.978800e-02
32 9.602120e-01 8.540000e-03 3.124800e-02
33 9.585960e-01 8.552000e-03 3.285200e-02
34 9.568200e-01 8.964000e-03 3.421600e-02
35 9.551760e-01 9.008000e-03 3.581600e-02
36 9.534640e-01 9.128000e-03 3.740800e-02
37 9.518000e-01 9.204000e-03 3.899600e-02
38 9.502520e-01 9.036000e-03 4.071200e-02
39 9.485440e-01 9.332000e-03 4.212400e-02
40 9.466920e-01 9.440000e-03 4.386800e-02
41 9.449280e-01 9.440000e-03 4.563200e-02
42 9.433000e-01 9.420000e-03 4.728000e-02
43 9.416160e-01 9.556000e-03 4.882800e-02
44 9.399320e-01 9.600000e-03 5.046800e-02
45 9.382000e-01 9.724000e-03 5.207600e-02
46 9.362560e-01 1.004400e-02 5.370000e-02
47 9.344680e-01 1.002000e-02 5.551200e-02
48 9.326600e-01 9.944000e-03 5.739600e-02
49 9.307360e-01 1.020000e-02 5.906400e-02
50 9.290840e-01 1.003600e-02 6.088000e-02
51 9.272600e-01 1.020800e-02 6.253200e-02
52 9.254840e-01 1.026800e-02 6.424800e-02
53 9.237560e-01 1.006800e-02 6.617600e-02
54 9.217960e-01 1.025600e-02 6.794800e-02
55 9.199600e-01 1.031600e-02 6.972400e-02
56 9.182000e-01 1.018000e-02 7.162000e-02
57 9.165280e-01 1.019600e-02 7.327600e-02
58 9.148320e-01 9.976000e-03 7.519200e-02
59 9.130120e-01 9.960000e-03 7.702800e-02
60 9.111440e-01 1.009200e-02 7.876400e-02
61 9.092720e-01 1.006800e-02 8.066000e-02
62 9.076680e-01 9.944000e-03 8.238800e-02
63 9.061760e-01 9.652000e-03 8.417200e-02
64 9.045440e-01 9.644000e-03 8.581200e-02
65 9.029880e-01 9.484000e-03 8.752800e-02
66 9.013480e-01 9.504000e-03 8.914800e-02
67 8.997600e-01 9.456000e-03 9.078400e-02
68 8.982440e-01 9.364000e-03 9.239200e-02
69 8.968160e-01 9.144000e-03 9.404000e-02
70 8.954240e-01 8.924000e-03 9.565200e-02
71 8.939600e-01 8.752000e-03 9.728800e-02
72 8.925960e-01 8.792000e-03 9.861200e-02
73 8.910240e-01 8.812000e-03 1.001640e-01
74 8.895200e-01 8.820000e-03 1.016600e-01
75 8.878240e-01 9.020000e-03 1.031560e-01
76 8.861960e-01 8.960000e-03 1.048440e-01
77 8.844440e-01 9.100000e-03 1.064560e-01
78 8.827840e-01 9.160000e-03 1.080560e-01
79 8.809200e-01 9.452000e-03 1.096280e-01
80 8.792640e-01 9.432000e-03 1.113040e-01
81 8.774720e-01 9.556000e-03 1.129720e-01
82 8.757040e-01 9.692000e-03 1.146040e-01
83 8.739760e-01 9.768000e-03 1.162560e-01
84 8.723600e-01 9.708000e-03 1.179320e-01
85 8.708520e-01 9.552000e-03 1.195960e-01
86 8.693440e-01 9.524000e-03 1.211320e-01
87 8.678520e-01 9.376000e-03 1.227720e-01
88 8.661880e-01 9.356000e-03 1.244560e-01
89 8.646160e-01 9.304000e-03 1.260800e-01
90 8.630760e-01 9.172000e-03 1.277520e-01
91 8.615040e-01 8.992000e-03 1.295040e-01
92 8.598760e-01 9.104000e-03 1.310200e-01
93 8.583000e-01 9.120000e-03 1.325800e-01
94 8.568120e-01 8.964000e-03 1.342240e-01
95 8.552240e-01 8.948000e-03 1.358280e-01
96 8.535520e-01 9.132000e-03 1.373160e-01
97 8.517960e-01 9.316000e-03 1.388880e-01
98 8.502400e-01 9.244000e-03 1.405160e-01
99 8.487360e-01 9.112000e-03 1.421520e-01
100 8.469400e-01 9.296000e-03 1.437640e-01
101 8.453400e-01 9.236000e-03 1.454240e-01
102 8.436720e-01 9.364000e-03 1.469640e-01
103 8.419720e-01 9.384000e-03 1.486440e-01
104 8.403440e-01 9.456000e-03 1.502000e-01
105 8.384560e-01 9.736000e-03 1.518080e-01
106 8.368280e-01 9.688000e-03 1.534840e-01
107 8.353160e-01 9.464000e-03 1.552200e-01
108 8.337120e-01 9.460000e-03 1.568280e-01
109 8.321880e-01 9.296000e-03 1.585160e-01
110 8.305320e-01 9.352000e-03 1.601160e-01
111 8.290640e-01 9.264000e-03 1.616720e-01
112 8.275440e-01 9.184000e-03 1.632720e-01
113 8.258640e-01 9.364000e-03 1.647720e-01
114 8.242240e-01 9.324000e-03 1.664520e-01
115 8.224920e-01 9.388000e-03 1.681200e-01
116 8.209080e-01 9.428000e-03 1.696640e-01
117 8.194240e-01 9.308000e-03 1.712680e-01
118 8.179000e-01 9.072000e-03 1.730280e-01
119 8.162480e-01 9.076000e-03 1.746760e-01
120 8.146800e-01 9.024000e-03 1.762960e-01
121 8.131600e-01 8.948000e-03 1.778920e-01
122 8.116200e-01 9.008000e-03 1.793720e-01
123 8.100000e-01 9.016000e-03 1.809840e-01
124 8.084680e-01 9.072000e-03 1.824600e-01
125 8.068640e-01 9.152000e-03 1.839840e-01
126 8.054160e-01 9.024000e-03 1.855600e-01
127 8.039200e-01 8.860000e-03 1.872200e-01
128 8.024880e-01 8.696000e-03 1.888160e-01
129 8.010280e-01 8.708000e-03 1.902640e-01
130 7.995800e-01 8.532000e-03 1.918880e-01
131 7.981680e-01 8.372000e-03 1.934600e-01
132 7.966480e-01 8.420000e-03 1.949320e-01
133 7.950840e-01 8.524000e-03 1.963920e-01
134 7.935960e-01 8.556000e-03 1.978480e-01
135 7.922800e-01 8.312000e-03 1.994080e-01
136 7.909440e-01 8.248000e-03 2.008080e-01
137 7.897720e-01 7.932000e-03 2.022960e-01
138 7.885200e-01 7.976000e-03 2.035040e-01
139 7.871400e-01 7.952000e-03 2.049080e-01
140 7.859320e-01 7.676000e-03 2.063920e-01
141 7.845600e-01 7.816000e-03 2.076240e-01
142 7.831560e-01 7.760000e-03 2.090840e-01
143 7.817360e-01 7.820000e-03 2.104440e-01
144 7.803360e-01 7.996000e-03 2.116680e-01
145 7.789800e-01 7.944000e-03 2.130760e-01
146 7.776120e-01 7.932000e-03 2.144560e-01
147 7.762840e-01 7.944000e-03 2.157720e-01
148 7.749760e-01 7.808000e-03 2.172160e-01
149 7.735560e-01 7.700000e-03 2.187440e-01
150 7.722360e-01 7.740000e-03 2.200240e-01
151 7.707960e-01 8.004000e-03 2.212000e-01
152 7.694560e-01 7.980000e-03 2.225640e-01
153 7.679360e-01 8.180000e-03 2.238840e-01
154 7.665040e-01 8.272000e-03 2.252240e-01
155 7.651040e-01 8.200000e-03 2.266960e-01
156 7.638400e-01 7.992000e-03 2.281680e-01
157 7.625880e-01 7.824000e-03 2.295880e-01
158 7.612280e-01 7.872000e-03 2.309000e-01
159 7.599680e-01 7.780000e-03 2.322520e-01
160 7.585440e-01 7.812000e-03 2.336440e-01
161 7.572320e-01 7.704000e-03 2.350640e-01
162 7.561120e-01 7.416000e-03 2.364720e-01
163 7.548760e-01 7.464000e-03 2.376600e-01
164 7.535960e-01 7.488000e-03 2.389160e-01
165 7.522920e-01 7.524000e-03 2.401840e-01
166 7.510480e-01 7.444000e-03 2.415080e-01
167 7.497920e-01 7.356000e-03 2.428520e-01
168 7.488120e-01 7.080000e-03 2.441080e-01
169 7.476600e-01 7.104000e-03 2.452360e-01
170 7.463720e-01 7.088000e-03 2.465400e-01
171 7.451560e-01 7.076000e-03 2.477680e-01
172 7.440720e-01 6.932000e-03 2.489960e-01
173 7.429880e-01 6.868000e-03 2.501440e-01
174 7.418920e-01 6.740000e-03 2.513680e-01
175 7.406520e-01 6.756000e-03 2.525920e-01
176 7.396080e-01 6.644000e-03 2.537480e-01
177 7.386240e-01 6.428000e-03 2.549480e-01
178 7.375240e-01 6.440000e-03 2.560360e-01
179 7.365520e-01 6.308000e-03 2.571400e-01
180 7.355400e-01 6.200000e-03 2.582600e-01
181 7.345960e-01 6.164000e-03 2.592400e-01
182 7.335920e-01 6.092000e-03 2.603160e-01
183 7.325240e-01 5.980000e-03 2.614960e-01
184 7.315120e-01 5.972000e-03 2.625160e-01
185 7.305400e-01 5.976000e-03 2.634840e-01
186 7.295720e-01 6.040000e-03 2.643880e-01
187 7.286120e-01 5.996000e-03 2.653920e-01
188 7.275880e-01 5.968000e-03 2.664440e-01
189 7.265960e-01 5.960000e-03 2.674440e-01
190 7.256080e-01 5.980000e-03 2.684120e-01
191 7.245880e-01 5.896000e-03 2.695160e-01
192 7.236120e-01 5.780000e-03 2.706080e-01
193 7.225400e-01 5.840000e-03 2.716200e-01
194 7.215520e-01 5.784000e-03 2.726640e-01
195 7.204760e-01 5.860000e-03 2.736640e-01
196 7.195280e-01 5.832000e-03 2.746400e-01
197 7.185080e-01 5.884000e-03 2.756080e-01
198 7.176360e-01 5.804000e-03 2.765600e-01
199 7.166360e-01 5.804000e-03 2.775600e-01
200 7.156880e-01 5.752000e-03 2.785600e-01
201 7.147640e-01 5.764000e-03 2.794720e-01
202 7.137880e-01 5.760000e-03 2.804520e-01
203 7.127560e-01 5.760000e-03 2.814840e-01
204 7.117960e-01 5.688000e-03 2.825160e-01
205 7.109440e-01 5.452000e-03 2.836040e-01
206 7.101400e-01 5.252000e-03 2.846080e-01
207 7.093360e-01 5.180000e-03 2.854840e-01
208 7.083720e-01 5.236000e-03 2.863920e-01
209 7.073360e-01 5.448000e-03 2.872160e-01
210 7.063160e-01 5.560000e-03 2.881240e-01
211 7.053400e-01 5.568000e-03 2.890920e-01
212 7.044520e-01 5.540000e-03 2.900080e-01
213 7.036640e-01 5.388000e-03 2.909480e-01
214 7.028120e-01 5.288000e-03 2.919000e-01
215 7.019200e-01 5.240000e-03 2.928400e-01
216 7.011400e-01 5.144000e-03 2.937160e-01
217 7.001240e-01 5.376000e-03 2.945000e-01
218 6.992240e-01 5.240000e-03 2.955360e-01
219 6.982240e-01 5.360000e-03 2.964160e-01
220 6.974040e-01 5.236000e-03 2.973600e-01
221 6.966000e-01 5.112000e-03 2.982880e-01
222 6.957520e-01 5.088000e-03 2.991600e-01
223 6.949720e-01 5.016000e-03 3.000120e-01
224 6.941840e-01 4.880000e-03 3.009360e-01
225 6.933360e-01 4.876000e-03 3.017880e-01
226 6.925280e-01 4.728000e-03 3.027440e-01
227 6.916000e-01 4.828000e-03 3.035720e-01
228 6.907040e-01 4.868000e-03 3.044280e-01
229 6.899120e-01 4.804000e-03 3.052840e-01
230 6.889920e-01 4.880000e-03 3.061280e-01
231 6.881680e-01 4.896000e-03 3.069360e-01
232 6.874520e-01 4.840000e-03 3.077080e-01
233 6.865240e-01 4.940000e-03 3.085360e-01
234 6.856840e-01 4.880000e-03 3.094360e-01
235 6.849240e-01 4.776000e-03 3.103000e-01
236 6.841880e-01 4.660000e-03 3.111520e-01
237 6.834000e-01 4.568000e-03 3.120320e-01
238 6.826520e-01 4.512000e-03 3.128360e-01
239 6.818720e-01 4.540000e-03 3.135880e-01
240 6.811280e-01 4.524000e-03 3.143480e-01
241 6.803960e-01 4.444000e-03 3.151600e-01
242 6.796000e-01 4.356000e-03 3.160440e-01
243 6.788480e-01 4.208000e-03 3.169440e-01
244 6.782160e-01 4.160000e-03 3.176240e-01
245 6.776120e-01 3.996000e-03 3.183920e-01
246 6.769640e-01 3.928000e-03 3.191080e-01
247 6.762160e-01 4.000000e-03 3.197840e-01
248 6.755320e-01 3.896000e-03 3.205720e-01
249 6.748720e-01 3.980000e-03 3.211480e-01
250 6.741920e-01 3.992000e-03 3.218160e-01
251 6.735960e-01 3.896000e-03 3.225080e-01
252 6.728960e-01 3.856000e-03 3.232480e-01
253 6.722480e-01 3.856000e-03 3.238960e-01
254 6.716360e-01 3.732000e-03 3.246320e-01
255 6.710040e-01 3.696000e-03 3.253000e-01
256 6.703880e-01 3.756000e-03 3.258560e-01
257 6.697840e-01 3.648000e-03 3.265680e-01
258 6.692080e-01 3.660000e-03 3.271320e-01
259 6.686440e-01 3.584000e-03 3.277720e-01
260 6.680600e-01 3.624000e-03 3.283160e-01
261 6.674720e-01 3.600000e-03 3.289280e-01
262 6.667520e-01 3.708000e-03 3.295400e-01
263 6.661400e-01 3.672000e-03 3.301880e-01
264 6.655280e-01 3.648000e-03 3.308240e-01
265 6.648600e-01 3.776000e-03 3.313640e-01
266 6.642200e-01 3.804000e-03 3.319760e-01
267 6.636280e-01 3.684000e-03 3.326880e-01
268 6.630520e-01 3.600000e-03 3.333480e-01
269 6.624720e-01 3.476000e-03 3.340520e-01
270 6.618800e-01 3.456000e-03 3.346640e-01
271 6.613600e-01 3.256000e-03 3.353840e-01
272 6.608400e-01 3.192000e-03 3.359680e-01
273 6.603040e-01 3.140000e-03 3.365560e-01
274 6.598640e-01 3.020000e-03 3.371160e-01
275 6.594840e-01 2.972000e-03 3.375440e-01
276 6.590840e-01 2.940000e-03 3.379760e-01
277 6.586720e-01 2.872000e-03 3.384560e-01
278 6.581360e-01 2.932000e-03 3.389320e-01
279 6.576240e-01 2.880000e-03 3.394960e-01
280 6.571160e-01 2.840000e-03 3.400440e-01
281 6.565920e-01 2.972000e-03 3.404360e-01
282 6.561120e-01 2.904000e-03 3.409840e-01
283 6.556920e-01 2.848000e-03 3.414600e-01
284 6.552320e-01 2.836000e-03 3.419320e-01
285 6.548120e-01 2.768000e-03 3.424200e-01
286 6.543760e-01 2.736000e-03 3.428880e-01
287 6.539520e-01 2.696000e-03 3.433520e-01
288 6.534880e-01 2.712000e-03 3.438000e-01
289 6.530600e-01 2.740000e-03 3.442000e-01
290 6.525760e-01 2.764000e-03 3.446600e-01
291 6.521200e-01 2.744000e-03 3.451360e-01
292 6.516960e-01 2.764000e-03 3.455400e-01
293 6.512240e-01 2.740000e-03 3.460360e-01
294 6.507640e-01 2.668000e-03 3.465680e-01
295 6.504040e-01 2.544000e-03 3.470520e-01
296 6.500440e-01 2.496000e-03 3.474600e-01
297 6.497160e-01 2.404000e-03 3.478800e-01
298 6.493600e-01 2.344000e-03 3.482960e-01
299 6.490040e-01 2.356000e-03 3.486400e-01
300 6.485800e-01 2.408000e-03 3.490120e-01
301 6.482160e-01 2.320000e-03 3.494640e-01
302 6.478280e-01 2.260000e-03 3.499120e-01
303 6.474320e-01 2.276000e-03 3.502920e-01
304 6.470800e-01 2.248000e-03 3.506720e-01
305 6.466480e-01 2.288000e-03 3.510640e-01
306 6.462280e-01 2.316000e-03 3.514560e-01
307 6.457600e-01 2.384000e-03 3.518560e-01
308 6.453640e-01 2.336000e-03 3.523000e-01
309 6.449800e-01 2.348000e-03 3.526720e-01
310 6.445960e-01 2.364000e-03 3.530400e-01
311 6.441640e-01 2.420000e-03 3.534160e-01
312 6.437200e-01 2.532000e-03 3.537480e-01
313 6.432560e-01 2.640000e-03 3.541040e-01
314 6.428160e-01 2.576000e-03 3.546080e-01
315 6.424120e-01 2.532000e-03 3.550560e-01
316 6.419560e-01 2.556000e-03 3.554880e-01
317 6.414720e-01 2.500000e-03 3.560280e-01
318 6.410680e-01 2.444000e-03 3.564880e-01
319 6.406760e-01 2.424000e-03 3.569000e-01
320 6.401560e-01 2.528000e-03 3.573160e-01
321 6.396760e-01 2.592000e-03 3.577320e-01
322 6.391200e-01 2.688000e-03 3.581920e-01
323 6.385920e-01 2.796000e-03 3.586120e-01
324 6.381680e-01 2.720000e-03 3.591120e-01
325 6.377040e-01 2.764000e-03 3.595320e-01
326 6.371840e-01 2.736000e-03 3.600800e-01
327 6.367000e-01 2.684000e-03 3.606160e-01
328 6.361840e-01 2.608000e-03 3.612080e-01
329 6.357720e-01 2.524000e-03 3.617040e-01
330 6.353720e-01 2.484000e-03 3.621440e-01
331 6.349000e-01 2.476000e-03 3.626240e-01
332 6.346280e-01 2.296000e-03 3.630760e-01
333 6.342880e-01 2.216000e-03 3.634960e-01
334 6.339520e-01 2.176000e-03 3.638720e-01
335 6.336560e-01 2.124000e-03 3.642200e-01
336 6.333040e-01 2.172000e-03 3.645240e-01
337 6.329840e-01 2.084000e-03 3.649320e-01
338 6.326280e-01 2.032000e-03 3.653400e-01
339 6.323000e-01 2.000000e-03 3.657000e-01
340 6.319840e-01 1.960000e-03 3.660560e-01
341 6.316040e-01 1.992000e-03 3.664040e-01
342 6.312640e-01 2.020000e-03 3.667160e-01
343 6.308840e-01 2.056000e-03 3.670600e-01
344 6.305600e-01 2.036000e-03 3.674040e-01
345 6.302360e-01 2.052000e-03 3.677120e-01
346 6.298240e-01 2.140000e-03 3.680360e-01
347 6.294800e-01 2.124000e-03 3.683960e-01
348 6.291400e-01 2.064000e-03 3.687960e-01
349 6.287520e-01 2.068000e-03 3.691800e-01
350 6.283920e-01 2.028000e-03 3.695800e-01
351 6.281080e-01 1.984000e-03 3.699080e-01
352 6.277920e-01 1.920000e-03 3.702880e-01
353 6.274840e-01 1.852000e-03 3.706640e-01
354 6.271520e-01 1.856000e-03 3.709920e-01
355 6.267400e-01 1.944000e-03 3.713160e-01
356 6.263520e-01 1.960000e-03 3.716880e-01
357 6.260160e-01 1.920000e-03 3.720640e-01
358 6.256760e-01 1.928000e-03 3.723960e-01
359 6.253200e-01 1.876000e-03 3.728040e-01
360 6.249520e-01 1.932000e-03 3.731160e-01
361 6.246240e-01 1.936000e-03 3.734400e-01
362 6.243600e-01 1.868000e-03 3.737720e-01
363 6.240280e-01 1.832000e-03 3.741400e-01
364 6.237880e-01 1.792000e-03 3.744200e-01
365 6.234640e-01 1.816000e-03 3.747200e-01
366 6.232360e-01 1.744000e-03 3.750200e-01
367 6.229560e-01 1.724000e-03 3.753200e-01
368 6.226360e-01 1.744000e-03 3.756200e-01
369 6.223640e-01 1.688000e-03 3.759480e-01
370 6.219960e-01 1.740000e-03 3.762640e-01
371 6.216880e-01 1.740000e-03 3.765720e-01
372 6.214400e-01 1.652000e-03 3.769080e-01
373 6.210760e-01 1.716000e-03 3.772080e-01
374 6.208440e-01 1.648000e-03 3.775080e-01
375 6.204640e-01 1.776000e-03 3.777600e-01
376 6.200000e-01 1.912000e-03 3.780880e-01
377 6.196760e-01 1.956000e-03 3.783680e-01
378 6.194440e-01 1.872000e-03 3.786840e-01
379 6.190960e-01 1.924000e-03 3.789800e-01
380 6.187440e-01 1.980000e-03 3.792760e-01
381 6.183760e-01 1.976000e-03 3.796480e-01
382 6.179640e-01 2.056000e-03 3.799800e-01
383 6.176200e-01 2.028000e-03 3.803520e-01
384 6.172760e-01 1.988000e-03 3.807360e-01
385 6.169080e-01 2.008000e-03 3.810840e-01
386 6.165080e-01 2.076000e-03 3.814160e-01
387 6.160880e-01 2.084000e-03 3.818280e-01
388 6.157800e-01 1.996000e-03 3.822240e-01
389 6.154040e-01 2.000000e-03 3.825960e-01
390 6.150440e-01 2.040000e-03 3.829160e-01
391 6.146840e-01 2.052000e-03 3.832640e-01
392 6.143520e-01 2.012000e-03 3.836360e-01
393 6.140680e-01 1.892000e-03 3.840400e-01
394 6.136960e-01 1.988000e-03 3.843160e-01
395 6.133840e-01 1.916000e-03 3.847000e-01
396 6.130560e-01 1.936000e-03 3.850080e-01
397 6.127720e-01 1.944000e-03 3.852840e-01
398 6.124240e-01 1.940000e-03 3.856360e-01
399 6.120680e-01 1.936000e-03 3.859960e-01
400 6.118240e-01 1.828000e-03 3.863480e-01
401 6.115920e-01 1.724000e-03 3.866840e-01
402 6.113480e-01 1.696000e-03 3.869560e-01
403 6.110120e-01 1.720000e-03 3.872680e-01
404 6.106760e-01 1.796000e-03 3.875280e-01
405 6.103480e-01 1.864000e-03 3.877880e-01
406 6.100200e-01 1.868000e-03 3.881120e-01
407 6.097320e-01 1.864000e-03 3.884040e-01
408 6.094240e-01 1.876000e-03 3.887000e-01
409 6.091200e-01 1.808000e-03 3.890720e-01
410 6.088200e-01 1.796000e-03 3.893840e-01
411 6.085280e-01 1.780000e-03 3.896920e-01
412 6.082280e-01 1.772000e-03 3.900000e-01
413 6.078880e-01 1.788000e-03 3.903240e-01
414 6.075840e-01 1.792000e-03 3.906240e-01
415 6.073120e-01 1.712000e-03 3.909760e-01
416 6.070120e-01 1.696000e-03 3.912920e-01
417 6.066600e-01 1.812000e-03 3.915280e-01
418 6.063760e-01 1.752000e-03 3.918720e-01
419 6.060680e-01 1.708000e-03 3.922240e-01
420 6.057880e-01 1.700000e-03 3.925120e-01
421 6.055120e-01 1.708000e-03 3.927800e-01
422 6.052160e-01 1.712000e-03 3.930720e-01
423 6.049760e-01 1.720000e-03 3.933040e-01
424 6.047640e-01 1.648000e-03 3.935880e-01
425 6.044240e-01 1.720000e-03 3.938560e-01
426 6.041080e-01 1.708000e-03 3.941840e-01
427 6.037760e-01 1.712000e-03 3.945120e-01
428 6.035000e-01 1.728000e-03 3.947720e-01
429 6.032200e-01 1.688000e-03 3.950920e-01
430 6.029160e-01 1.696000e-03 3.953880e-01
431 6.025920e-01 1.700000e-03 3.957080e-01
432 6.022400e-01 1.768000e-03 3.959920e-01
433 6.019440e-01 1.740000e-03 3.963160e-01
434 6.016000e-01 1.796000e-03 3.966040e-01
435 6.013240e-01 1.744000e-03 3.969320e-01
436 6.009120e-01 1.884000e-03 3.972040e-01
437 6.006240e-01 1.812000e-03 3.975640e-01
438 6.002800e-01 1.852000e-03 3.978680e-01
439 5.998880e-01 1.872000e-03 3.982400e-01
440 5.995360e-01 1.856000e-03 3.986080e-01
441 5.991680e-01 1.928000e-03 3.989040e-01
442 5.988720e-01 1.904000e-03 3.992240e-01
443 5.985760e-01 1.872000e-03 3.995520e-01
444 5.983440e-01 1.804000e-03 3.998520e-01
445 5.980680e-01 1.724000e-03 4.002080e-01
446 5.977720e-01 1.700000e-03 4.005280e-01
447 5.975040e-01 1.660000e-03 4.008360e-01
448 5.972840e-01 1.576000e-03 4.011400e-01
449 5.970440e-01 1.528000e-03 4.014280e-01
450 5.968040e-01 1.512000e-03 4.016840e-01
451 5.965000e-01 1.576000e-03 4.019240e-01
452 5.962280e-01 1.564000e-03 4.022080e-01
453 5.960000e-01 1.540000e-03 4.024600e-01
454 5.957480e-01 1.548000e-03 4.027040e-01
455 5.955480e-01 1.492000e-03 4.029600e-01
456 5.953000e-01 1.448000e-03 4.032520e-01
457 5.951120e-01 1.380000e-03 4.035080e-01
458 5.949640e-01 1.284000e-03 4.037520e-01
459 5.947520e-01 1.252000e-03 4.039960e-01
460 5.945520e-01 1.280000e-03 4.041680e-01
461 5.943760e-01 1.212000e-03 4.044120e-01
462 5.942040e-01 1.172000e-03 4.046240e-01
463 5.940440e-01 1.112000e-03 4.048440e-01
464 5.938840e-01 1.068000e-03 4.050480e-01
465 5.936440e-01 1.136000e-03 4.052200e-01
466 5.934440e-01 1.152000e-03 4.054040e-01
467 5.932080e-01 1.208000e-03 4.055840e-01
468 5.930200e-01 1.220000e-03 4.057600e-01
469 5.928560e-01 1.176000e-03 4.059680e-01
470 5.926160e-01 1.264000e-03 4.061200e-01
471 5.923480e-01 1.312000e-03 4.063400e-01
472 5.921200e-01 1.324000e-03 4.065560e-01
473 5.918680e-01 1.284000e-03 4.068480e-01
474 5.916640e-01 1.268000e-03 4.070680e-01
475 5.914160e-01 1.292000e-03 4.072920e-01
476 5.912320e-01 1.204000e-03 4.075640e-01
477 5.910520e-01 1.216000e-03 4.077320e-01
478 5.908600e-01 1.204000e-03 4.079360e-01
479 5.907240e-01 1.132000e-03 4.081440e-01
480 5.905160e-01 1.132000e-03 4.083520e-01
481 5.902720e-01 1.224000e-03 4.085040e-01
482 5.900600e-01 1.216000e-03 4.087240e-01
483 5.898560e-01 1.228000e-03 4.089160e-01
484 5.897040e-01 1.132000e-03 4.091640e-01
485 5.895080e-01 1.120000e-03 4.093720e-01
486 5.893480e-01 1.116000e-03 4.095360e-01
487 5.891640e-01 1.084000e-03 4.097520e-01
488 5.890320e-01 1.080000e-03 4.098880e-01
489 5.888840e-01 1.044000e-03 4.100720e-01
490 5.887440e-01 1.004000e-03 4.102520e-01
491 5.885600e-01 9.920000e-04 4.104480e-01
492 5.883960e-01 9.440000e-04 4.106600e-01
493 5.882720e-01 8.800000e-04 4.108480e-01
494 5.881440e-01 8.920000e-04 4.109640e-01
495 5.880080e-01 8.400000e-04 4.111520e-01
496 5.878480e-01 8.720000e-04 4.112800e-01
497 5.876960e-01 8.360000e-04 4.114680e-01
498 5.875360e-01 8.280000e-04 4.116360e-01
499 5.873800e-01 8.160000e-04 4.118040e-01
500 5.872600e-01 7.520000e-04 4.119880e-01
