1 9.991640e-01 7.320000e-04 1.040000e-04
2 9.986400e-01 1.092000e-03 2.680000e-04
3 9.979720e-01 1.528000e-03 5.000000e-04
4 9.972160e-01 1.952000e-03 8.320000e-04
5 9.962960e-01 2.524000e-03 1.180000e-03
6 9.953000e-01 3.036000e-03 1.664000e-03
7 9.943560e-01 3.364000e-03 2.280000e-03
8 9.935400e-01 3.552000e-03 2.908000e-03
9 9.925280e-01 3.900000e-03 3.572000e-03
10 9.915280e-01 4.188000e-03 4.284000e-03
11 9.905240e-01 4.316000e-03 5.160000e-03
12 9.895440e-01 4.516000e-03 5.940000e-03
13 9.885200e-01 4.792000e-03 6.688000e-03
14 9.874280e-01 5.068000e-03 7.504000e-03
15 9.863320e-01 5.236000e-03 8.432000e-03
16 9.853640e-01 5.244000e-03 9.392000e-03
17 9.843160e-01 5.388000e-03 1.029600e-02
18 9.831760e-01 5.632000e-03 1.119200e-02
19 9.821800e-01 5.648000e-03 1.217200e-02
20 9.809720e-01 5.844000e-03 1.318400e-02
21 9.796840e-01 6.152000e-03 1.416400e-02
22 9.784440e-01 6.260000e-03 1.529600e-02
23 9.772640e-01 6.380000e-03 1.635600e-02
24 9.760200e-01 6.500000e-03 1.748000e-02
25 9.748680e-01 6.400000e-03 1.873200e-02
26 9.736440e-01 6.564000e-03 1.979200e-02
27 9.724600e-01 6.664000e-03 2.087600e-02
28 9.711440e-01 6.824000e-03 2.203200e-02
29 9.698720e-01 6.896000e-03 2.323200e-02
30 9.685680e-01 7.024000e-03 2.440800e-02
31 9.672400e-01 7.092000e-03 2.566800e-02
32 9.659840e-01 7.068000e-03 2.694800e-02
33 9.645360e-01 7.272000e-03 2.819200e-02
34 9.632840e-01 7.216000e-03 2.950000e-02
35 9.619840e-01 7.216000e-03 3.080000e-02
36 9.607040e-01 7.244000e-03 3.205200e-02
37 9.593440e-01 7.160000e-03 3.349600e-02
38 9.581280e-01 7.020000e-03 3.485200e-02
39 9.569320e-01 7.104000e-03 3.596400e-02
40 9.556960e-01 7.056000e-03 3.724800e-02
41 9.544920e-01 7.072000e-03 3.843600e-02
42 9.533160e-01 7.088000e-03 3.959600e-02
43 9.522520e-01 6.916000e-03 4.083200e-02
44 9.510280e-01 6.928000e-03 4.204400e-02
45 9.497400e-01 7.016000e-03 4.324400e-02
46 9.485200e-01 7.048000e-03 4.443200e-02
47 9.471720e-01 7.116000e-03 4.571200e-02
48 9.457720e-01 7.272000e-03 4.695600e-02
49 9.445320e-01 7.120000e-03 4.834800e-02
50 9.432320e-01 7.136000e-03 4.963200e-02
51 9.418000e-01 7.264000e-03 5.093600e-02
52 9.404680e-01 7.252000e-03 5.228000e-02
53 9.390840e-01 7.372000e-03 5.354400e-02
54 9.378160e-01 7.344000e-03 5.484000e-02
55 9.365680e-01 7.232000e-03 5.620000e-02
56 9.352880e-01 7.292000e-03 5.742000e-02
57 9.341000e-01 7.256000e-03 5.864400e-02
58 9.328840e-01 7.256000e-03 5.986000e-02
59 9.316680e-01 7.160000e-03 6.117200e-02
60 9.304720e-01 7.144000e-03 6.238400e-02
61 9.292680e-01 7.140000e-03 6.359200e-02
62 9.280200e-01 7.136000e-03 6.484400e-02
63 9.265840e-01 7.236000e-03 6.618000e-02
64 9.255040e-01 6.908000e-03 6.758800e-02
65 9.242200e-01 6.996000e-03 6.878400e-02
66 9.229160e-01 7.028000e-03 7.005600e-02
67 9.216280e-01 7.004000e-03 7.136800e-02
68 9.204080e-01 6.948000e-03 7.264400e-02
69 9.190720e-01 7.112000e-03 7.381600e-02
70 9.177800e-01 7.076000e-03 7.514400e-02
71 9.164840e-01 7.112000e-03 7.640400e-02
72 9.152520e-01 7.100000e-03 7.764800e-02
73 9.139600e-01 7.148000e-03 7.889200e-02
74 9.126600e-01 7.276000e-03 8.006400e-02
75 9.113680e-01 7.272000e-03 8.136000e-02
76 9.100800e-01 7.388000e-03 8.253200e-02
77 9.087200e-01 7.492000e-03 8.378800e-02
78 9.072760e-01 7.516000e-03 8.520800e-02
79 9.057360e-01 7.716000e-03 8.654800e-02
80 9.043320e-01 7.736000e-03 8.793200e-02
81 9.028480e-01 7.840000e-03 8.931200e-02
82 9.014880e-01 7.956000e-03 9.055600e-02
83 9.001840e-01 7.876000e-03 9.194000e-02
84 8.989240e-01 7.744000e-03 9.333200e-02
85 8.977000e-01 7.632000e-03 9.466800e-02
86 8.963400e-01 7.616000e-03 9.604400e-02
87 8.951160e-01 7.496000e-03 9.738800e-02
88 8.937960e-01 7.568000e-03 9.863600e-02
89 8.924240e-01 7.616000e-03 9.996000e-02
90 8.911200e-01 7.628000e-03 1.012520e-01
91 8.897640e-01 7.672000e-03 1.025640e-01
92 8.884960e-01 7.720000e-03 1.037840e-01
93 8.870400e-01 7.816000e-03 1.051440e-01
94 8.856960e-01 7.804000e-03 1.065000e-01
95 8.843360e-01 7.712000e-03 1.079520e-01
96 8.829600e-01 7.752000e-03 1.092880e-01
97 8.816920e-01 7.792000e-03 1.105160e-01
98 8.804160e-01 7.688000e-03 1.118960e-01
99 8.789760e-01 7.788000e-03 1.132360e-01
100 8.776600e-01 7.768000e-03 1.145720e-01
101 8.764200e-01 7.724000e-03 1.158560e-01
102 8.751440e-01 7.560000e-03 1.172960e-01
103 8.739800e-01 7.508000e-03 1.185120e-01
104 8.729440e-01 7.260000e-03 1.197960e-01
105 8.716840e-01 7.340000e-03 1.209760e-01
106 8.704720e-01 7.212000e-03 1.223160e-01
107 8.694400e-01 7.076000e-03 1.234840e-01
108 8.683200e-01 6.916000e-03 1.247640e-01
109 8.671880e-01 6.756000e-03 1.260560e-01
110 8.660360e-01 6.684000e-03 1.272800e-01
111 8.649840e-01 6.560000e-03 1.284560e-01
112 8.639040e-01 6.448000e-03 1.296480e-01
113 8.628640e-01 6.436000e-03 1.307000e-01
114 8.618240e-01 6.292000e-03 1.318840e-01
115 8.608280e-01 6.244000e-03 1.329280e-01
116 8.597000e-01 6.372000e-03 1.339280e-01
117 8.584960e-01 6.448000e-03 1.350560e-01
118 8.573280e-01 6.444000e-03 1.362280e-01
119 8.561280e-01 6.448000e-03 1.374240e-01
120 8.551120e-01 6.368000e-03 1.385200e-01
121 8.539720e-01 6.280000e-03 1.397480e-01
122 8.529920e-01 6.156000e-03 1.408520e-01
123 8.518920e-01 6.160000e-03 1.419480e-01
124 8.507360e-01 6.200000e-03 1.430640e-01
125 8.496520e-01 6.228000e-03 1.441200e-01
126 8.486120e-01 6.176000e-03 1.452120e-01
127 8.474880e-01 6.264000e-03 1.462480e-01
128 8.464880e-01 6.108000e-03 1.474040e-01
129 8.455120e-01 6.048000e-03 1.484400e-01
130 8.444360e-01 6.076000e-03 1.494880e-01
131 8.433400e-01 6.088000e-03 1.505720e-01
132 8.423080e-01 6.000000e-03 1.516920e-01
133 8.412600e-01 5.992000e-03 1.527480e-01
134 8.403000e-01 5.964000e-03 1.537360e-01
135 8.393680e-01 5.996000e-03 1.546360e-01
136 8.383600e-01 5.988000e-03 1.556520e-01
137 8.374160e-01 5.840000e-03 1.567440e-01
138 8.363520e-01 5.856000e-03 1.577920e-01
139 8.353000e-01 5.928000e-03 1.587720e-01
140 8.343520e-01 5.876000e-03 1.597720e-01
141 8.334080e-01 5.740000e-03 1.608520e-01
142 8.324160e-01 5.604000e-03 1.619800e-01
143 8.314000e-01 5.616000e-03 1.629840e-01
144 8.303720e-01 5.584000e-03 1.640440e-01
145 8.292440e-01 5.712000e-03 1.650440e-01
146 8.281240e-01 5.820000e-03 1.660560e-01
147 8.270120e-01 5.880000e-03 1.671080e-01
148 8.260120e-01 5.884000e-03 1.681040e-01
149 8.250160e-01 5.876000e-03 1.691080e-01
150 8.240560e-01 5.812000e-03 1.701320e-01
151 8.230160e-01 5.812000e-03 1.711720e-01
152 8.219960e-01 5.912000e-03 1.720920e-01
153 8.209000e-01 5.828000e-03 1.732720e-01
154 8.198880e-01 5.740000e-03 1.743720e-01
155 8.188560e-01 5.796000e-03 1.753480e-01
156 8.178880e-01 5.676000e-03 1.764360e-01
157 8.168800e-01 5.736000e-03 1.773840e-01
158 8.158520e-01 5.696000e-03 1.784520e-01
159 8.147840e-01 5.848000e-03 1.793680e-01
160 8.136960e-01 5.956000e-03 1.803480e-01
161 8.126200e-01 5.964000e-03 1.814160e-01
162 8.115240e-01 6.020000e-03 1.824560e-01
163 8.104560e-01 6.084000e-03 1.834600e-01
164 8.093920e-01 6.056000e-03 1.845520e-01
165 8.083320e-01 6.024000e-03 1.856440e-01
166 8.074600e-01 5.792000e-03 1.867480e-01
167 8.063600e-01 5.916000e-03 1.877240e-01
168 8.053280e-01 5.972000e-03 1.887000e-01
169 8.041960e-01 6.096000e-03 1.897080e-01
170 8.030320e-01 6.320000e-03 1.906480e-01
171 8.019160e-01 6.336000e-03 1.917480e-01
172 8.007720e-01 6.360000e-03 1.928680e-01
173 7.996920e-01 6.400000e-03 1.939080e-01
174 7.985120e-01 6.448000e-03 1.950400e-01
175 7.973720e-01 6.516000e-03 1.961120e-01
176 7.963360e-01 6.340000e-03 1.973240e-01
177 7.953600e-01 6.208000e-03 1.984320e-01
178 7.942640e-01 6.272000e-03 1.994640e-01
179 7.930640e-01 6.228000e-03 2.007080e-01
180 7.920680e-01 6.152000e-03 2.017800e-01
181 7.910720e-01 6.092000e-03 2.028360e-01
182 7.900960e-01 5.872000e-03 2.040320e-01
183 7.891480e-01 5.804000e-03 2.050480e-01
184 7.881160e-01 5.796000e-03 2.060880e-01
185 7.871760e-01 5.740000e-03 2.070840e-01
186 7.861160e-01 5.816000e-03 2.080680e-01
187 7.851160e-01 5.828000e-03 2.090560e-01
188 7.841640e-01 5.788000e-03 2.100480e-01
189 7.832240e-01 5.700000e-03 2.110760e-01
190 7.823600e-01 5.576000e-03 2.120640e-01
191 7.814680e-01 5.436000e-03 2.130960e-01
192 7.805000e-01 5.540000e-03 2.139600e-01
193 7.794480e-01 5.588000e-03 2.149640e-01
194 7.785360e-01 5.508000e-03 2.159560e-01
195 7.775040e-01 5.636000e-03 2.168600e-01
196 7.765040e-01 5.652000e-03 2.178440e-01
197 7.755600e-01 5.556000e-03 2.188840e-01
198 7.745960e-01 5.492000e-03 2.199120e-01
199 7.735960e-01 5.660000e-03 2.207440e-01
200 7.725920e-01 5.580000e-03 2.218280e-01
201 7.717560e-01 5.348000e-03 2.228960e-01
202 7.708720e-01 5.228000e-03 2.239000e-01
203 7.699240e-01 5.204000e-03 2.248720e-01
204 7.690320e-01 5.248000e-03 2.257200e-01
205 7.681320e-01 5.248000e-03 2.266200e-01
206 7.672840e-01 5.168000e-03 2.275480e-01
207 7.664120e-01 5.172000e-03 2.284160e-01
208 7.655040e-01 5.188000e-03 2.293080e-01
209 7.646320e-01 5.140000e-03 2.302280e-01
210 7.636760e-01 5.144000e-03 2.311800e-01
211 7.627120e-01 5.120000e-03 2.321680e-01
212 7.617760e-01 5.192000e-03 2.330320e-01
213 7.608600e-01 5.340000e-03 2.338000e-01
214 7.599240e-01 5.464000e-03 2.346120e-01
215 7.589720e-01 5.408000e-03 2.356200e-01
216 7.579080e-01 5.488000e-03 2.366040e-01
217 7.569000e-01 5.584000e-03 2.375160e-01
218 7.559280e-01 5.488000e-03 2.385840e-01
219 7.549680e-01 5.496000e-03 2.395360e-01
220 7.539680e-01 5.464000e-03 2.405680e-01
221 7.530680e-01 5.556000e-03 2.413760e-01
222 7.520920e-01 5.548000e-03 2.423600e-01
223 7.511640e-01 5.516000e-03 2.433200e-01
224 7.502080e-01 5.584000e-03 2.442080e-01
225 7.492560e-01 5.652000e-03 2.450920e-01
226 7.482800e-01 5.672000e-03 2.460480e-01
227 7.473160e-01 5.668000e-03 2.470160e-01
228 7.464120e-01 5.644000e-03 2.479440e-01
229 7.453840e-01 5.628000e-03 2.489880e-01
230 7.443600e-01 5.708000e-03 2.499320e-01
231 7.434120e-01 5.656000e-03 2.509320e-01
232 7.425120e-01 5.540000e-03 2.519480e-01
233 7.416200e-01 5.532000e-03 2.528480e-01
234 7.408240e-01 5.320000e-03 2.538560e-01
235 7.400360e-01 5.100000e-03 2.548640e-01
236 7.391040e-01 5.132000e-03 2.557640e-01
237 7.383320e-01 5.020000e-03 2.566480e-01
238 7.375080e-01 4.892000e-03 2.576000e-01
239 7.367360e-01 4.708000e-03 2.585560e-01
240 7.360320e-01 4.636000e-03 2.593320e-01
241 7.351840e-01 4.712000e-03 2.601040e-01
242 7.342800e-01 4.860000e-03 2.608600e-01
243 7.334440e-01 4.804000e-03 2.617520e-01
244 7.325160e-01 4.856000e-03 2.626280e-01
245 7.316200e-01 4.944000e-03 2.634360e-01
246 7.307640e-01 5.008000e-03 2.642280e-01
247 7.297680e-01 5.108000e-03 2.651240e-01
248 7.287840e-01 5.128000e-03 2.660880e-01
249 7.279040e-01 5.148000e-03 2.669480e-01
250 7.270680e-01 5.064000e-03 2.678680e-01
251 7.261880e-01 5.160000e-03 2.686520e-01
252 7.253480e-01 5.080000e-03 2.695720e-01
253 7.244360e-01 5.088000e-03 2.704760e-01
254 7.235920e-01 5.024000e-03 2.713840e-01
255 7.225840e-01 5.152000e-03 2.722640e-01
256 7.217960e-01 5.100000e-03 2.731040e-01
257 7.210080e-01 5.000000e-03 2.739920e-01
258 7.202960e-01 4.836000e-03 2.748680e-01
259 7.194560e-01 4.820000e-03 2.757240e-01
260 7.186960e-01 4.832000e-03 2.764720e-01
261 7.179720e-01 4.696000e-03 2.773320e-01
262 7.172240e-01 4.612000e-03 2.781640e-01
263 7.165120e-01 4.512000e-03 2.789760e-01
264 7.157360e-01 4.356000e-03 2.799080e-01
265 7.148840e-01 4.424000e-03 2.806920e-01
266 7.140400e-01 4.512000e-03 2.814480e-01
267 7.131480e-01 4.632000e-03 2.822200e-01
268 7.123920e-01 4.600000e-03 2.830080e-01
269 7.115080e-01 4.712000e-03 2.837800e-01
270 7.107360e-01 4.716000e-03 2.845480e-01
271 7.098440e-01 4.868000e-03 2.852880e-01
272 7.090160e-01 4.888000e-03 2.860960e-01
273 7.081000e-01 4.980000e-03 2.869200e-01
274 7.072440e-01 4.976000e-03 2.877800e-01
275 7.063960e-01 4.932000e-03 2.886720e-01
276 7.055240e-01 4.900000e-03 2.895760e-01
277 7.047640e-01 4.768000e-03 2.904680e-01
278 7.038880e-01 4.888000e-03 2.912240e-01
279 7.032160e-01 4.684000e-03 2.921000e-01
280 7.025240e-01 4.520000e-03 2.929560e-01
281 7.016640e-01 4.608000e-03 2.937280e-01
282 7.008440e-01 4.528000e-03 2.946280e-01
283 7.001280e-01 4.452000e-03 2.954200e-01
284 6.994920e-01 4.264000e-03 2.962440e-01
285 6.987000e-01 4.212000e-03 2.970880e-01
286 6.981000e-01 4.016000e-03 2.978840e-01
287 6.975080e-01 3.868000e-03 2.986240e-01
288 6.969080e-01 3.700000e-03 2.993920e-01
289 6.962520e-01 3.664000e-03 3.000840e-01
290 6.956600e-01 3.644000e-03 3.006960e-01
291 6.951720e-01 3.464000e-03 3.013640e-01
292 6.946000e-01 3.416000e-03 3.019840e-01
293 6.940280e-01 3.392000e-03 3.025800e-01
294 6.934440e-01 3.436000e-03 3.031200e-01
295 6.928360e-01 3.472000e-03 3.036920e-01
296 6.922880e-01 3.320000e-03 3.043920e-01
297 6.917400e-01 3.296000e-03 3.049640e-01
298 6.911840e-01 3.272000e-03 3.055440e-01
299 6.905200e-01 3.272000e-03 3.062080e-01
300 6.900160e-01 3.248000e-03 3.067360e-01
301 6.893920e-01 3.328000e-03 3.072800e-01
302 6.887920e-01 3.344000e-03 3.078640e-01
303 6.881400e-01 3.420000e-03 3.084400e-01
304 6.875440e-01 3.500000e-03 3.089560e-01
305 6.870240e-01 3.400000e-03 3.095760e-01
306 6.864800e-01 3.416000e-03 3.101040e-01
307 6.859000e-01 3.440000e-03 3.106600e-01
308 6.853280e-01 3.416000e-03 3.112560e-01
309 6.847840e-01 3.328000e-03 3.118880e-01
310 6.842400e-01 3.256000e-03 3.125040e-01
311 6.836120e-01 3.288000e-03 3.131000e-01
312 6.830640e-01 3.316000e-03 3.136200e-01
313 6.825560e-01 3.296000e-03 3.141480e-01
314 6.820760e-01 3.240000e-03 3.146840e-01
315 6.814680e-01 3.288000e-03 3.152440e-01
316 6.810120e-01 3.176000e-03 3.158120e-01
317 6.804680e-01 3.100000e-03 3.164320e-01
318 6.799320e-01 3.084000e-03 3.169840e-01
319 6.794800e-01 2.984000e-03 3.175360e-01
320 6.789320e-01 3.052000e-03 3.180160e-01
321 6.784800e-01 2.984000e-03 3.185360e-01
322 6.780320e-01 2.924000e-03 3.190440e-01
323 6.775800e-01 2.852000e-03 3.195680e-01
324 6.771440e-01 2.796000e-03 3.200600e-01
325 6.767240e-01 2.732000e-03 3.205440e-01
326 6.762920e-01 2.660000e-03 3.210480e-01
327 6.758600e-01 2.640000e-03 3.215000e-01
328 6.754640e-01 2.632000e-03 3.219040e-01
329 6.750520e-01 2.592000e-03 3.223560e-01
330 6.746480e-01 2.424000e-03 3.229280e-01
331 6.742880e-01 2.348000e-03 3.233640e-01
332 6.738920e-01 2.296000e-03 3.238120e-01
333 6.734840e-01 2.332000e-03 3.241840e-01
334 6.730240e-01 2.404000e-03 3.245720e-01
335 6.726240e-01 2.368000e-03 3.250080e-01
336 6.722480e-01 2.276000e-03 3.254760e-01
337 6.718800e-01 2.256000e-03 3.258640e-01
338 6.715640e-01 2.216000e-03 3.262200e-01
339 6.712200e-01 2.132000e-03 3.266480e-01
340 6.708520e-01 2.104000e-03 3.270440e-01
341 6.705480e-01 2.056000e-03 3.273960e-01
342 6.702080e-01 2.040000e-03 3.277520e-01
343 6.698360e-01 2.028000e-03 3.281360e-01
344 6.694960e-01 2.092000e-03 3.284120e-01
345 6.691680e-01 2.052000e-03 3.287800e-01
346 6.688280e-01 2.064000e-03 3.291080e-01
347 6.684920e-01 2.064000e-03 3.294440e-01
348 6.681720e-01 2.012000e-03 3.298160e-01
349 6.678560e-01 2.000000e-03 3.301440e-01
350 6.675480e-01 1.936000e-03 3.305160e-01
351 6.672040e-01 2.004000e-03 3.307920e-01
352 6.669040e-01 2.020000e-03 3.310760e-01
353 6.666320e-01 1.980000e-03 3.313880e-01
354 6.663200e-01 1.968000e-03 3.317120e-01
355 6.659800e-01 1.924000e-03 3.320960e-01
356 6.656400e-01 1.956000e-03 3.324040e-01
357 6.654120e-01 1.852000e-03 3.327360e-01
358 6.651240e-01 1.784000e-03 3.330920e-01
359 6.649160e-01 1.716000e-03 3.333680e-01
360 6.646840e-01 1.652000e-03 3.336640e-01
361 6.644760e-01 1.536000e-03 3.339880e-01
362 6.642320e-01 1.540000e-03 3.342280e-01
363 6.640160e-01 1.492000e-03 3.344920e-01
364 6.638160e-01 1.424000e-03 3.347600e-01
365 6.636480e-01 1.376000e-03 3.349760e-01
366 6.634600e-01 1.336000e-03 3.352040e-01
367 6.632520e-01 1.324000e-03 3.354240e-01
368 6.630760e-01 1.284000e-03 3.356400e-01
369 6.628920e-01 1.252000e-03 3.358560e-01
370 6.627920e-01 1.124000e-03 3.360840e-01
371 6.626560e-01 1.068000e-03 3.362760e-01
372 6.624520e-01 1.068000e-03 3.364800e-01
373 6.623440e-01 9.360000e-04 3.367200e-01
374 6.622360e-01 8.680000e-04 3.368960e-01
375 6.621600e-01 8.040000e-04 3.370360e-01
376 6.620520e-01 7.720000e-04 3.371760e-01
377 6.619320e-01 7.680000e-04 3.373000e-01
378 6.617720e-01 7.960000e-04 3.374320e-01
379 6.616800e-01 7.800000e-04 3.375400e-01
380 6.615040e-01 8.000000e-04 3.376960e-01
381 6.613760e-01 7.680000e-04 3.378560e-01
382 6.612760e-01 7.800000e-04 3.379440e-01
383 6.611480e-01 7.760000e-04 3.380760e-01
384 6.610080e-01 7.680000e-04 3.382240e-01
385 6.608600e-01 7.880000e-04 3.383520e-01
386 6.607480e-01 7.600000e-04 3.384920e-01
387 6.606600e-01 7.160000e-04 3.386240e-01
388 6.605440e-01 7.120000e-04 3.387440e-01
389 6.604280e-01 7.160000e-04 3.388560e-01
390 6.603040e-01 7.120000e-04 3.389840e-01
391 6.601600e-01 7.240000e-04 3.391160e-01
392 6.600360e-01 7.120000e-04 3.392520e-01
393 6.599280e-01 6.680000e-04 3.394040e-01
394 6.598400e-01 6.280000e-04 3.395320e-01
395 6.597240e-01 6.160000e-04 3.396600e-01
396 6.595920e-01 6.640000e-04 3.397440e-01
397 6.594400e-01 6.800000e-04 3.398800e-01
398 6.593520e-01 6.840000e-04 3.399640e-01
399 6.592680e-01 6.600000e-04 3.400720e-01
400 6.591640e-01 6.880000e-04 3.401480e-01
401 6.590520e-01 7.040000e-04 3.402440e-01
402 6.589240e-01 7.240000e-04 3.403520e-01
403 6.588280e-01 7.360000e-04 3.404360e-01
404 6.587320e-01 6.760000e-04 3.405920e-01
405 6.585640e-01 6.800000e-04 3.407560e-01
406 6.584680e-01 6.320000e-04 3.409000e-01
407 6.584000e-01 5.960000e-04 3.410040e-01
408 6.582680e-01 6.280000e-04 3.411040e-01
409 6.581640e-01 6.400000e-04 3.411960e-01
410 6.580200e-01 6.600000e-04 3.413200e-01
411 6.579160e-01 6.640000e-04 3.414200e-01
412 6.578440e-01 6.400000e-04 3.415160e-01
413 6.577560e-01 6.200000e-04 3.416240e-01
414 6.576240e-01 6.680000e-04 3.417080e-01
415 6.575720e-01 6.160000e-04 3.418120e-01
416 6.574840e-01 5.720000e-04 3.419440e-01
417 6.574000e-01 5.600000e-04 3.420400e-01
418 6.573120e-01 5.560000e-04 3.421320e-01
419 6.572200e-01 5.760000e-04 3.422040e-01
420 6.571400e-01 5.640000e-04 3.422960e-01
421 6.570280e-01 5.720000e-04 3.424000e-01
422 6.569440e-01 5.680000e-04 3.424880e-01
423 6.568520e-01 5.800000e-04 3.425680e-01
424 6.568000e-01 5.440000e-04 3.426560e-01
425 6.567200e-01 5.480000e-04 3.427320e-01
426 6.566120e-01 5.600000e-04 3.428280e-01
427 6.565120e-01 5.360000e-04 3.429520e-01
428 6.564320e-01 5.240000e-04 3.430440e-01
429 6.563640e-01 5.440000e-04 3.430920e-01
430 6.562680e-01 5.200000e-04 3.432120e-01
431 6.562120e-01 4.760000e-04 3.433120e-01
432 6.561600e-01 4.400000e-04 3.434000e-01
433 6.560560e-01 4.680000e-04 3.434760e-01
434 6.559560e-01 4.800000e-04 3.435640e-01
435 6.558800e-01 5.040000e-04 3.436160e-01
436 6.557760e-01 5.120000e-04 3.437120e-01
437 6.556800e-01 5.240000e-04 3.437960e-01
438 6.555960e-01 5.200000e-04 3.438840e-01
439 6.555160e-01 5.240000e-04 3.439600e-01
440 6.554320e-01 5.160000e-04 3.440520e-01
441 6.553360e-01 4.920000e-04 3.441720e-01
442 6.552400e-01 4.880000e-04 3.442720e-01
443 6.551800e-01 4.640000e-04 3.443560e-01
444 6.550760e-01 4.720000e-04 3.444520e-01
445 6.549960e-01 5.000000e-04 3.445040e-01
446 6.549080e-01 4.880000e-04 3.446040e-01
447 6.547800e-01 5.520000e-04 3.446680e-01
448 6.546760e-01 5.720000e-04 3.447520e-01
449 6.546000e-01 5.320000e-04 3.448680e-01
450 6.545320e-01 5.280000e-04 3.449400e-01
451 6.544320e-01 5.280000e-04 3.450400e-01
452 6.543760e-01 4.960000e-04 3.451280e-01
453 6.542960e-01 5.000000e-04 3.452040e-01
454 6.542200e-01 4.960000e-04 3.452840e-01
455 6.541560e-01 4.920000e-04 3.453520e-01
456 6.540880e-01 4.640000e-04 3.454480e-01
457 6.539600e-01 5.160000e-04 3.455240e-01
458 6.539000e-01 5.000000e-04 3.456000e-01
459 6.538040e-01 4.840000e-04 3.457120e-01
460 6.536920e-01 5.320000e-04 3.457760e-01
461 6.536040e-01 5.120000e-04 3.458840e-01
462 6.535440e-01 4.800000e-04 3.459760e-01
463 6.534560e-01 5.040000e-04 3.460400e-01
464 6.534000e-01 4.680000e-04 3.461320e-01
465 6.533160e-01 4.800000e-04 3.462040e-01
466 6.532440e-01 4.600000e-04 3.462960e-01
467 6.531880e-01 4.560000e-04 3.463560e-01
468 6.531000e-01 4.680000e-04 3.464320e-01
469 6.530160e-01 4.800000e-04 3.465040e-01
470 6.529480e-01 4.560000e-04 3.465960e-01
471 6.529000e-01 4.560000e-04 3.466440e-01
472 6.528320e-01 4.600000e-04 3.467080e-01
473 6.527720e-01 4.240000e-04 3.468040e-01
474 6.527000e-01 4.200000e-04 3.468800e-01
475 6.526120e-01 4.480000e-04 3.469400e-01
476 6.525360e-01 4.520000e-04 3.470120e-01
477 6.524080e-01 4.920000e-04 3.471000e-01
478 6.523440e-01 4.480000e-04 3.472080e-01
479 6.522520e-01 4.640000e-04 3.472840e-01
480 6.522000e-01 4.480000e-04 3.473520e-01
481 6.521000e-01 4.920000e-04 3.474080e-01
482 6.520280e-01 5.080000e-04 3.474640e-01
483 6.519240e-01 5.120000e-04 3.475640e-01
484 6.518280e-01 5.360000e-04 3.476360e-01
485 6.517360e-01 5.720000e-04 3.476920e-01
486 6.516120e-01 5.880000e-04 3.478000e-01
487 6.515200e-01 5.840000e-04 3.478960e-01
488 6.513920e-01 6.200000e-04 3.479880e-01
489 6.512960e-01 6.120000e-04 3.480920e-01
490 6.511480e-01 6.640000e-04 3.481880e-01
491 6.510520e-01 6.600000e-04 3.482880e-01
492 6.509520e-01 6.160000e-04 3.484320e-01
493 6.508640e-01 5.960000e-04 3.485400e-01
494 6.507960e-01 5.680000e-04 3.486360e-01
495 6.507400e-01 5.680000e-04 3.486920e-01
496 6.506880e-01 5.240000e-04 3.487880e-01
497 6.506280e-01 4.960000e-04 3.488760e-01
498 6.505720e-01 4.680000e-04 3.489600e-01
499 6.505160e-01 4.440000e-04 3.490400e-01
500 6.504640e-01 4.040000e-04 3.491320e-01
