1 9.991640e-01 7.600000e-04 7.600000e-05
2 9.987200e-01 1.100000e-03 1.800000e-04
3 9.979400e-01 1.632000e-03 4.280000e-04
4 9.970760e-01 2.208000e-03 7.160000e-04
5 9.961240e-01 2.716000e-03 1.160000e-03
6 9.952120e-01 3.128000e-03 1.660000e-03
7 9.941320e-01 3.700000e-03 2.168000e-03
8 9.929720e-01 4.072000e-03 2.956000e-03
9 9.918720e-01 4.412000e-03 3.716000e-03
10 9.906800e-01 4.800000e-03 4.520000e-03
11 9.896320e-01 4.932000e-03 5.436000e-03
12 9.883960e-01 5.316000e-03 6.288000e-03
13 9.873040e-01 5.552000e-03 7.144000e-03
14 9.859640e-01 5.852000e-03 8.184000e-03
15 9.846400e-01 6.068000e-03 9.292000e-03
16 9.833240e-01 6.268000e-03 1.040800e-02
17 9.819920e-01 6.456000e-03 1.155200e-02
18 9.807800e-01 6.540000e-03 1.268000e-02
19 9.793280e-01 6.912000e-03 1.376000e-02
20 9.777440e-01 7.220000e-03 1.503600e-02
21 9.762440e-01 7.448000e-03 1.630800e-02
22 9.748120e-01 7.664000e-03 1.752400e-02
23 9.733120e-01 7.692000e-03 1.899600e-02
24 9.719440e-01 7.684000e-03 2.037200e-02
25 9.705720e-01 7.660000e-03 2.176800e-02
26 9.690320e-01 7.780000e-03 2.318800e-02
27 9.676600e-01 7.804000e-03 2.453600e-02
28 9.662880e-01 7.748000e-03 2.596400e-02
29 9.648800e-01 7.736000e-03 2.738400e-02
30 9.634240e-01 7.828000e-03 2.874800e-02
31 9.617720e-01 8.028000e-03 3.020000e-02
32 9.603000e-01 7.992000e-03 3.170800e-02
33 9.587960e-01 8.028000e-03 3.317600e-02
34 9.572920e-01 7.972000e-03 3.473600e-02
35 9.558360e-01 8.012000e-03 3.615200e-02
36 9.542240e-01 8.276000e-03 3.750000e-02
37 9.527240e-01 8.368000e-03 3.890800e-02
38 9.510880e-01 8.488000e-03 4.042400e-02
39 9.494200e-01 8.612000e-03 4.196800e-02
40 9.478160e-01 8.792000e-03 4.339200e-02
41 9.462360e-01 8.720000e-03 4.504400e-02
42 9.446120e-01 8.756000e-03 4.663200e-02
43 9.430200e-01 8.676000e-03 4.830400e-02
44 9.414560e-01 8.680000e-03 4.986400e-02
45 9.398320e-01 8.716000e-03 5.145200e-02
46 9.383680e-01 8.636000e-03 5.299600e-02
47 9.368960e-01 8.608000e-03 5.449600e-02
48 9.353440e-01 8.676000e-03 5.598000e-02
49 9.337080e-01 8.752000e-03 5.754000e-02
50 9.321960e-01 8.776000e-03 5.902800e-02
51 9.306440e-01 8.832000e-03 6.052400e-02
52 9.290080e-01 8.932000e-03 6.206000e-02
53 9.274200e-01 9.028000e-03 6.355200e-02
54 9.258640e-01 8.956000e-03 6.518000e-02
55 9.243520e-01 9.016000e-03 6.663200e-02
56 9.226920e-01 9.096000e-03 6.821200e-02
57 9.209320e-01 9.332000e-03 6.973600e-02
58 9.191600e-01 9.540000e-03 7.130000e-02
59 9.176040e-01 9.512000e-03 7.288400e-02
60 9.159880e-01 9.512000e-03 7.450000e-02
61 9.144560e-01 9.400000e-03 7.614400e-02
62 9.128240e-01 9.388000e-03 7.778800e-02
63 9.111440e-01 9.268000e-03 7.958800e-02
64 9.094880e-01 9.332000e-03 8.118000e-02
65 9.077400e-01 9.428000e-03 8.283200e-02
66 9.060640e-01 9.428000e-03 8.450800e-02
67 9.045000e-01 9.332000e-03 8.616800e-02
68 9.029160e-01 9.368000e-03 8.771600e-02
69 9.012360e-01 9.484000e-03 8.928000e-02
70 8.995320e-01 9.472000e-03 9.099600e-02
71 8.979040e-01 9.368000e-03 9.272800e-02
72 8.963920e-01 9.268000e-03 9.434000e-02
73 8.948800e-01 9.200000e-03 9.592000e-02
74 8.934000e-01 9.072000e-03 9.752800e-02
75 8.919880e-01 8.880000e-03 9.913200e-02
76 8.905240e-01 8.712000e-03 1.007640e-01
77 8.890360e-01 8.708000e-03 1.022560e-01
78 8.874160e-01 8.660000e-03 1.039240e-01
79 8.858760e-01 8.684000e-03 1.054400e-01
80 8.842320e-01 8.764000e-03 1.070040e-01
81 8.827520e-01 8.724000e-03 1.085240e-01
82 8.810920e-01 8.760000e-03 1.101480e-01
83 8.796240e-01 8.696000e-03 1.116800e-01
84 8.779840e-01 8.652000e-03 1.133640e-01
85 8.766120e-01 8.396000e-03 1.149920e-01
86 8.750920e-01 8.408000e-03 1.165000e-01
87 8.737560e-01 8.344000e-03 1.179000e-01
88 8.724720e-01 8.180000e-03 1.193480e-01
89 8.710520e-01 8.112000e-03 1.208360e-01
90 8.697000e-01 7.964000e-03 1.223360e-01
91 8.683160e-01 7.980000e-03 1.237040e-01
92 8.670080e-01 7.884000e-03 1.251080e-01
93 8.655560e-01 7.932000e-03 1.265120e-01
94 8.640920e-01 7.984000e-03 1.279240e-01
95 8.627600e-01 7.944000e-03 1.292960e-01
96 8.613200e-01 8.004000e-03 1.306760e-01
97 8.599240e-01 8.036000e-03 1.320400e-01
98 8.586120e-01 7.872000e-03 1.335160e-01
99 8.575080e-01 7.576000e-03 1.349160e-01
100 8.561400e-01 7.636000e-03 1.362240e-01
101 8.548520e-01 7.516000e-03 1.376320e-01
102 8.534320e-01 7.612000e-03 1.389560e-01
103 8.521040e-01 7.684000e-03 1.402120e-01
104 8.507800e-01 7.764000e-03 1.414560e-01
105 8.494200e-01 7.792000e-03 1.427880e-01
106 8.480360e-01 7.736000e-03 1.442280e-01
107 8.466600e-01 7.700000e-03 1.456400e-01
108 8.452960e-01 7.704000e-03 1.470000e-01
109 8.439160e-01 7.688000e-03 1.483960e-01
110 8.426000e-01 7.628000e-03 1.497720e-01
111 8.413280e-01 7.492000e-03 1.511800e-01
112 8.399840e-01 7.508000e-03 1.525080e-01
113 8.386520e-01 7.468000e-03 1.538800e-01
114 8.372280e-01 7.676000e-03 1.550960e-01
115 8.358400e-01 7.664000e-03 1.564960e-01
116 8.343760e-01 7.788000e-03 1.578360e-01
117 8.328960e-01 7.816000e-03 1.592880e-01
118 8.314560e-01 7.964000e-03 1.605800e-01
119 8.301000e-01 7.864000e-03 1.620360e-01
120 8.287960e-01 7.900000e-03 1.633040e-01
121 8.272480e-01 8.080000e-03 1.646720e-01
122 8.256360e-01 8.184000e-03 1.661800e-01
123 8.241840e-01 8.288000e-03 1.675280e-01
124 8.226360e-01 8.424000e-03 1.689400e-01
125 8.211200e-01 8.492000e-03 1.703880e-01
126 8.195880e-01 8.664000e-03 1.717480e-01
127 8.181680e-01 8.504000e-03 1.733280e-01
128 8.168240e-01 8.252000e-03 1.749240e-01
129 8.154560e-01 8.164000e-03 1.763800e-01
130 8.141800e-01 8.036000e-03 1.777840e-01
131 8.127160e-01 8.164000e-03 1.791200e-01
132 8.113600e-01 8.096000e-03 1.805440e-01
133 8.100360e-01 7.988000e-03 1.819760e-01
134 8.086240e-01 7.868000e-03 1.835080e-01
135 8.071680e-01 7.944000e-03 1.848880e-01
136 8.057440e-01 8.056000e-03 1.862000e-01
137 8.041360e-01 8.224000e-03 1.876400e-01
138 8.026280e-01 8.332000e-03 1.890400e-01
139 8.011600e-01 8.332000e-03 1.905080e-01
140 7.997200e-01 8.304000e-03 1.919760e-01
141 7.982240e-01 8.368000e-03 1.934080e-01
142 7.968600e-01 8.184000e-03 1.949560e-01
143 7.955200e-01 8.056000e-03 1.964240e-01
144 7.940640e-01 8.100000e-03 1.978360e-01
145 7.926560e-01 8.052000e-03 1.992920e-01
146 7.912640e-01 7.960000e-03 2.007760e-01
147 7.899480e-01 7.844000e-03 2.022080e-01
148 7.885520e-01 7.900000e-03 2.035480e-01
149 7.870600e-01 8.048000e-03 2.048920e-01
150 7.856600e-01 7.996000e-03 2.063440e-01
151 7.843080e-01 7.928000e-03 2.077640e-01
152 7.830440e-01 7.944000e-03 2.090120e-01
153 7.817000e-01 7.884000e-03 2.104160e-01
154 7.803360e-01 7.856000e-03 2.118080e-01
155 7.790080e-01 7.856000e-03 2.131360e-01
156 7.777600e-01 7.768000e-03 2.144720e-01
157 7.764800e-01 7.736000e-03 2.157840e-01
158 7.752720e-01 7.532000e-03 2.171960e-01
159 7.739040e-01 7.624000e-03 2.184720e-01
160 7.725280e-01 7.660000e-03 2.198120e-01
161 7.712160e-01 7.628000e-03 2.211560e-01
162 7.698960e-01 7.548000e-03 2.225560e-01
163 7.686200e-01 7.520000e-03 2.238600e-01
164 7.672280e-01 7.616000e-03 2.251560e-01
165 7.658360e-01 7.704000e-03 2.264600e-01
166 7.644440e-01 7.724000e-03 2.278320e-01
167 7.631080e-01 7.600000e-03 2.292920e-01
168 7.618400e-01 7.416000e-03 2.307440e-01
169 7.606200e-01 7.364000e-03 2.320160e-01
170 7.594760e-01 7.336000e-03 2.331880e-01
171 7.582080e-01 7.380000e-03 2.344120e-01
172 7.569720e-01 7.232000e-03 2.357960e-01
173 7.558560e-01 7.080000e-03 2.370640e-01
174 7.548720e-01 6.668000e-03 2.384600e-01
175 7.537200e-01 6.688000e-03 2.395920e-01
176 7.525640e-01 6.664000e-03 2.407720e-01
177 7.515240e-01 6.632000e-03 2.418440e-01
178 7.505000e-01 6.480000e-03 2.430200e-01
179 7.494320e-01 6.412000e-03 2.441560e-01
180 7.485680e-01 6.300000e-03 2.451320e-01
181 7.476360e-01 6.116000e-03 2.462480e-01
182 7.466080e-01 6.120000e-03 2.472720e-01
183 7.457400e-01 5.980000e-03 2.482800e-01
184 7.447560e-01 5.924000e-03 2.493200e-01
185 7.437720e-01 5.908000e-03 2.503200e-01
186 7.428640e-01 5.812000e-03 2.513240e-01
187 7.419280e-01 5.700000e-03 2.523720e-01
188 7.409720e-01 5.648000e-03 2.533800e-01
189 7.399240e-01 5.704000e-03 2.543720e-01
190 7.389760e-01 5.660000e-03 2.553640e-01
191 7.380360e-01 5.696000e-03 2.562680e-01
192 7.371640e-01 5.540000e-03 2.572960e-01
193 7.362560e-01 5.532000e-03 2.582120e-01
194 7.354200e-01 5.380000e-03 2.592000e-01
195 7.346040e-01 5.284000e-03 2.601120e-01
196 7.337560e-01 5.192000e-03 2.610520e-01
197 7.328960e-01 5.108000e-03 2.619960e-01
198 7.321440e-01 5.028000e-03 2.628280e-01
199 7.313040e-01 4.944000e-03 2.637520e-01
200 7.303960e-01 5.040000e-03 2.645640e-01
201 7.295800e-01 4.984000e-03 2.654360e-01
202 7.288200e-01 4.868000e-03 2.663120e-01
203 7.279640e-01 4.864000e-03 2.671720e-01
204 7.271240e-01 4.880000e-03 2.679960e-01
205 7.263280e-01 4.876000e-03 2.687960e-01
206 7.254640e-01 4.868000e-03 2.696680e-01
207 7.246000e-01 4.892000e-03 2.705080e-01
208 7.238160e-01 4.800000e-03 2.713840e-01
209 7.230960e-01 4.648000e-03 2.722560e-01
210 7.223560e-01 4.540000e-03 2.731040e-01
211 7.215720e-01 4.616000e-03 2.738120e-01
212 7.208800e-01 4.428000e-03 2.746920e-01
213 7.202520e-01 4.316000e-03 2.754320e-01
214 7.194760e-01 4.380000e-03 2.761440e-01
215 7.188480e-01 4.200000e-03 2.769520e-01
216 7.182080e-01 4.148000e-03 2.776440e-01
217 7.175560e-01 4.108000e-03 2.783360e-01
218 7.168880e-01 4.028000e-03 2.790840e-01
219 7.163600e-01 3.832000e-03 2.798080e-01
220 7.155760e-01 3.996000e-03 2.804280e-01
221 7.149000e-01 3.944000e-03 2.811560e-01
222 7.142000e-01 3.900000e-03 2.819000e-01
223 7.136200e-01 3.764000e-03 2.826160e-01
224 7.129360e-01 3.756000e-03 2.833080e-01
225 7.122480e-01 3.840000e-03 2.839120e-01
226 7.116000e-01 3.828000e-03 2.845720e-01
227 7.107960e-01 3.884000e-03 2.853200e-01
228 7.100680e-01 3.908000e-03 2.860240e-01
229 7.093000e-01 3.980000e-03 2.867200e-01
230 7.086720e-01 3.916000e-03 2.874120e-01
231 7.080000e-01 3.916000e-03 2.880840e-01
232 7.073400e-01 3.836000e-03 2.888240e-01
233 7.067120e-01 3.844000e-03 2.894440e-01
234 7.061080e-01 3.808000e-03 2.900840e-01
235 7.054440e-01 3.772000e-03 2.907840e-01
236 7.046920e-01 3.804000e-03 2.915040e-01
237 7.039840e-01 3.808000e-03 2.922080e-01
238 7.034120e-01 3.684000e-03 2.929040e-01
239 7.027640e-01 3.728000e-03 2.935080e-01
240 7.021440e-01 3.688000e-03 2.941680e-01
241 7.014280e-01 3.744000e-03 2.948280e-01
242 7.006920e-01 3.820000e-03 2.954880e-01
243 7.000640e-01 3.676000e-03 2.962600e-01
244 6.994600e-01 3.604000e-03 2.969360e-01
245 6.987840e-01 3.608000e-03 2.976080e-01
246 6.980640e-01 3.704000e-03 2.982320e-01
247 6.974720e-01 3.636000e-03 2.988920e-01
248 6.968080e-01 3.704000e-03 2.994880e-01
249 6.961240e-01 3.628000e-03 3.002480e-01
250 6.954400e-01 3.712000e-03 3.008480e-01
251 6.948040e-01 3.672000e-03 3.015240e-01
252 6.941000e-01 3.720000e-03 3.021800e-01
253 6.934520e-01 3.780000e-03 3.027680e-01
254 6.928960e-01 3.644000e-03 3.034600e-01
255 6.922440e-01 3.732000e-03 3.040240e-01
256 6.915680e-01 3.756000e-03 3.046760e-01
257 6.908760e-01 3.760000e-03 3.053640e-01
258 6.903240e-01 3.628000e-03 3.060480e-01
259 6.897760e-01 3.516000e-03 3.067080e-01
260 6.893120e-01 3.404000e-03 3.072840e-01
261 6.887360e-01 3.344000e-03 3.079200e-01
262 6.881960e-01 3.236000e-03 3.085680e-01
263 6.876000e-01 3.180000e-03 3.092200e-01
264 6.869640e-01 3.224000e-03 3.098120e-01
265 6.864680e-01 3.108000e-03 3.104240e-01
266 6.859680e-01 3.092000e-03 3.109400e-01
267 6.853640e-01 3.164000e-03 3.114720e-01
268 6.847960e-01 3.236000e-03 3.119680e-01
269 6.842680e-01 3.156000e-03 3.125760e-01
270 6.837000e-01 3.108000e-03 3.131920e-01
271 6.831080e-01 3.140000e-03 3.137520e-01
272 6.825440e-01 3.164000e-03 3.142920e-01
273 6.820800e-01 3.096000e-03 3.148240e-01
274 6.815800e-01 3.052000e-03 3.153680e-01
275 6.810120e-01 3.088000e-03 3.159000e-01
276 6.805040e-01 3.144000e-03 3.163520e-01
277 6.799880e-01 3.136000e-03 3.168760e-01
278 6.794200e-01 3.200000e-03 3.173800e-01
279 6.787960e-01 3.228000e-03 3.179760e-01
280 6.782520e-01 3.164000e-03 3.185840e-01
281 6.776640e-01 3.148000e-03 3.191880e-01
282 6.770600e-01 3.184000e-03 3.197560e-01
283 6.764640e-01 3.288000e-03 3.202480e-01
284 6.759080e-01 3.256000e-03 3.208360e-01
285 6.752960e-01 3.328000e-03 3.213760e-01
286 6.746200e-01 3.540000e-03 3.218400e-01
287 6.740000e-01 3.552000e-03 3.224480e-01
288 6.733800e-01 3.644000e-03 3.229760e-01
289 6.727520e-01 3.648000e-03 3.236000e-01
290 6.722080e-01 3.580000e-03 3.242120e-01
291 6.716320e-01 3.568000e-03 3.248000e-01
292 6.709600e-01 3.580000e-03 3.254600e-01
293 6.704960e-01 3.412000e-03 3.260920e-01
294 6.699360e-01 3.396000e-03 3.266680e-01
295 6.694160e-01 3.288000e-03 3.272960e-01
296 6.688840e-01 3.240000e-03 3.278760e-01
297 6.684440e-01 3.064000e-03 3.284920e-01
298 6.679240e-01 3.028000e-03 3.290480e-01
299 6.674280e-01 2.988000e-03 3.295840e-01
300 6.669440e-01 2.924000e-03 3.301320e-01
301 6.663840e-01 3.028000e-03 3.305880e-01
302 6.659280e-01 2.988000e-03 3.310840e-01
303 6.653440e-01 3.072000e-03 3.315840e-01
304 6.649040e-01 3.044000e-03 3.320520e-01
305 6.642680e-01 3.124000e-03 3.326080e-01
306 6.636440e-01 3.192000e-03 3.331640e-01
307 6.631800e-01 3.116000e-03 3.337040e-01
308 6.627080e-01 3.076000e-03 3.342160e-01
309 6.621840e-01 3.148000e-03 3.346680e-01
310 6.617040e-01 3.120000e-03 3.351760e-01
311 6.612320e-01 3.012000e-03 3.357560e-01
312 6.606200e-01 3.124000e-03 3.362560e-01
313 6.600160e-01 3.172000e-03 3.368120e-01
314 6.594800e-01 3.076000e-03 3.374440e-01
315 6.589240e-01 3.128000e-03 3.379480e-01
316 6.583640e-01 3.144000e-03 3.384920e-01
317 6.578760e-01 3.096000e-03 3.390280e-01
318 6.573520e-01 2.976000e-03 3.396720e-01
319 6.568640e-01 2.956000e-03 3.401800e-01
320 6.563840e-01 2.892000e-03 3.407240e-01
321 6.558960e-01 2.968000e-03 3.411360e-01
322 6.554040e-01 2.936000e-03 3.416600e-01
323 6.548200e-01 3.008000e-03 3.421720e-01
324 6.542800e-01 3.132000e-03 3.425880e-01
325 6.537240e-01 3.200000e-03 3.430760e-01
326 6.532520e-01 3.104000e-03 3.436440e-01
327 6.526520e-01 3.176000e-03 3.441720e-01
328 6.520760e-01 3.152000e-03 3.447720e-01
329 6.514480e-01 3.220000e-03 3.453320e-01
330 6.509480e-01 3.120000e-03 3.459320e-01
331 6.504160e-01 3.188000e-03 3.463960e-01
332 6.498120e-01 3.228000e-03 3.469600e-01
333 6.492360e-01 3.248000e-03 3.475160e-01
334 6.486680e-01 3.220000e-03 3.481120e-01
335 6.480800e-01 3.284000e-03 3.486360e-01
336 6.476320e-01 3.168000e-03 3.492000e-01
337 6.470560e-01 3.168000e-03 3.497760e-01
338 6.463960e-01 3.272000e-03 3.503320e-01
339 6.457480e-01 3.396000e-03 3.508560e-01
340 6.451000e-01 3.344000e-03 3.515560e-01
341 6.444920e-01 3.448000e-03 3.520600e-01
342 6.439040e-01 3.420000e-03 3.526760e-01
343 6.432800e-01 3.448000e-03 3.532720e-01
344 6.426840e-01 3.360000e-03 3.539560e-01
345 6.421240e-01 3.316000e-03 3.545600e-01
346 6.416040e-01 3.260000e-03 3.551360e-01
347 6.411400e-01 3.152000e-03 3.557080e-01
348 6.405960e-01 3.072000e-03 3.563320e-01
349 6.399560e-01 3.144000e-03 3.569000e-01
350 6.394920e-01 3.072000e-03 3.574360e-01
351 6.389760e-01 3.096000e-03 3.579280e-01
352 6.384680e-01 3.120000e-03 3.584120e-01
353 6.378680e-01 3.136000e-03 3.589960e-01
354 6.373280e-01 3.152000e-03 3.595200e-01
355 6.367840e-01 3.220000e-03 3.599960e-01
356 6.361720e-01 3.300000e-03 3.605280e-01
357 6.356520e-01 3.292000e-03 3.610560e-01
358 6.351440e-01 3.228000e-03 3.616280e-01
359 6.346480e-01 3.172000e-03 3.621800e-01
360 6.342080e-01 3.024000e-03 3.627680e-01
361 6.337920e-01 2.912000e-03 3.632960e-01
362 6.333520e-01 2.884000e-03 3.637640e-01
363 6.327880e-01 2.936000e-03 3.642760e-01
364 6.322880e-01 2.944000e-03 3.647680e-01
365 6.316840e-01 2.976000e-03 3.653400e-01
366 6.311640e-01 3.044000e-03 3.657920e-01
367 6.305960e-01 3.092000e-03 3.663120e-01
368 6.300640e-01 3.056000e-03 3.668800e-01
369 6.295920e-01 3.028000e-03 3.673800e-01
370 6.290840e-01 2.980000e-03 3.679360e-01
371 6.285360e-01 3.096000e-03 3.683680e-01
372 6.280800e-01 3.088000e-03 3.688320e-01
373 6.275120e-01 3.112000e-03 3.693760e-01
374 6.270120e-01 3.092000e-03 3.698960e-01
375 6.265120e-01 3.128000e-03 3.703600e-01
376 6.260120e-01 3.072000e-03 3.709160e-01
377 6.255680e-01 3.088000e-03 3.713440e-01
378 6.251560e-01 3.024000e-03 3.718200e-01
379 6.247320e-01 2.940000e-03 3.723280e-01
380 6.242400e-01 2.876000e-03 3.728840e-01
381 6.237880e-01 2.804000e-03 3.734080e-01
382 6.233520e-01 2.796000e-03 3.738520e-01
383 6.228920e-01 2.788000e-03 3.743200e-01
384 6.224320e-01 2.760000e-03 3.748080e-01
385 6.219760e-01 2.772000e-03 3.752520e-01
386 6.215640e-01 2.736000e-03 3.757000e-01
387 6.211120e-01 2.644000e-03 3.762440e-01
388 6.206480e-01 2.652000e-03 3.767000e-01
389 6.201720e-01 2.636000e-03 3.771920e-01
390 6.196880e-01 2.640000e-03 3.776720e-01
391 6.191440e-01 2.692000e-03 3.781640e-01
392 6.186120e-01 2.700000e-03 3.786880e-01
393 6.181840e-01 2.732000e-03 3.790840e-01
394 6.177520e-01 2.680000e-03 3.795680e-01
395 6.172600e-01 2.680000e-03 3.800600e-01
396 6.167240e-01 2.696000e-03 3.805800e-01
397 6.163040e-01 2.668000e-03 3.810280e-01
398 6.158720e-01 2.632000e-03 3.814960e-01
399 6.154320e-01 2.592000e-03 3.819760e-01
400 6.150880e-01 2.508000e-03 3.824040e-01
401 6.146720e-01 2.532000e-03 3.827960e-01
402 6.143360e-01 2.420000e-03 3.832440e-01
403 6.140520e-01 2.264000e-03 3.836840e-01
404 6.137200e-01 2.240000e-03 3.840400e-01
405 6.133640e-01 2.180000e-03 3.844560e-01
406 6.130320e-01 2.128000e-03 3.848400e-01
407 6.127440e-01 2.072000e-03 3.851840e-01
408 6.124320e-01 2.008000e-03 3.855600e-01
409 6.121200e-01 1.936000e-03 3.859440e-01
410 6.118920e-01 1.800000e-03 3.863080e-01
411 6.116120e-01 1.740000e-03 3.866480e-01
412 6.114040e-01 1.620000e-03 3.869760e-01
413 6.112160e-01 1.520000e-03 3.872640e-01
414 6.110040e-01 1.516000e-03 3.874800e-01
415 6.108280e-01 1.436000e-03 3.877360e-01
416 6.106320e-01 1.404000e-03 3.879640e-01
417 6.104360e-01 1.296000e-03 3.882680e-01
418 6.103240e-01 1.156000e-03 3.885200e-01
419 6.101920e-01 1.116000e-03 3.886920e-01
420 6.099960e-01 1.108000e-03 3.888960e-01
421 6.098440e-01 1.040000e-03 3.891160e-01
422 6.096840e-01 1.024000e-03 3.892920e-01
423 6.094440e-01 1.120000e-03 3.894360e-01
424 6.092880e-01 1.108000e-03 3.896040e-01
425 6.091040e-01 1.068000e-03 3.898280e-01
426 6.089520e-01 1.040000e-03 3.900080e-01
427 6.087360e-01 1.104000e-03 3.901600e-01
428 6.086160e-01 1.008000e-03 3.903760e-01
429 6.084440e-01 9.840000e-04 3.905720e-01
430 6.082400e-01 1.036000e-03 3.907240e-01
431 6.080680e-01 1.020000e-03 3.909120e-01
432 6.078640e-01 1.020000e-03 3.911160e-01
433 6.076320e-01 1.088000e-03 3.912800e-01
434 6.075000e-01 1.028000e-03 3.914720e-01
435 6.073560e-01 9.880000e-04 3.916560e-01
436 6.072000e-01 9.840000e-04 3.918160e-01
437 6.071000e-01 9.040000e-04 3.919960e-01
438 6.069600e-01 8.680000e-04 3.921720e-01
439 6.068360e-01 8.360000e-04 3.923280e-01
440 6.066960e-01 8.360000e-04 3.924680e-01
441 6.065440e-01 8.600000e-04 3.925960e-01
442 6.064080e-01 8.440000e-04 3.927480e-01
443 6.062720e-01 8.120000e-04 3.929160e-01
444 6.061240e-01 7.560000e-04 3.931200e-01
445 6.060160e-01 7.200000e-04 3.932640e-01
446 6.059320e-01 6.880000e-04 3.933800e-01
447 6.058360e-01 6.440000e-04 3.935200e-01
448 6.057360e-01 6.440000e-04 3.936200e-01
449 6.056080e-01 6.880000e-04 3.937040e-01
450 6.054560e-01 7.240000e-04 3.938200e-01
451 6.053560e-01 7.120000e-04 3.939320e-01
452 6.052520e-01 7.040000e-04 3.940440e-01
453 6.051240e-01 6.920000e-04 3.941840e-01
454 6.050200e-01 6.760000e-04 3.943040e-01
455 6.048600e-01 7.280000e-04 3.944120e-01
456 6.047320e-01 7.400000e-04 3.945280e-01
457 6.045880e-01 7.560000e-04 3.946560e-01
458 6.044680e-01 7.480000e-04 3.947840e-01
459 6.043400e-01 7.680000e-04 3.948920e-01
460 6.042080e-01 7.920000e-04 3.950000e-01
461 6.041000e-01 7.800000e-04 3.951200e-01
462 6.039680e-01 7.280000e-04 3.953040e-01
463 6.038560e-01 7.040000e-04 3.954400e-01
464 6.037560e-01 7.000000e-04 3.955440e-01
465 6.036240e-01 7.200000e-04 3.956560e-01
466 6.035240e-01 6.880000e-04 3.957880e-01
467 6.033840e-01 7.000000e-04 3.959160e-01
468 6.032800e-01 6.720000e-04 3.960480e-01
469 6.032120e-01 6.080000e-04 3.961800e-01
470 6.031520e-01 5.200000e-04 3.963280e-01
471 6.030480e-01 5.320000e-04 3.964200e-01
472 6.028600e-01 6.120000e-04 3.965280e-01
473 6.027600e-01 6.040000e-04 3.966360e-01
474 6.026200e-01 6.280000e-04 3.967520e-01
475 6.025200e-01 6.320000e-04 3.968480e-01
476 6.023800e-01 6.480000e-04 3.969720e-01
477 6.022440e-01 6.760000e-04 3.970800e-01
478 6.020960e-01 7.280000e-04 3.971760e-01
479 6.020240e-01 6.800000e-04 3.972960e-01
480 6.018920e-01 6.880000e-04 3.974200e-01
481 6.017600e-01 6.920000e-04 3.975480e-01
482 6.017040e-01 6.080000e-04 3.976880e-01
483 6.016240e-01 6.040000e-04 3.977720e-01
484 6.015280e-01 5.600000e-04 3.979120e-01
485 6.014640e-01 5.400000e-04 3.979960e-01
486 6.013720e-01 4.960000e-04 3.981320e-01
487 6.012680e-01 5.040000e-04 3.982280e-01
488 6.011920e-01 4.840000e-04 3.983240e-01
489 6.011120e-01 4.680000e-04 3.984200e-01
490 6.010400e-01 4.600000e-04 3.985000e-01
491 6.009600e-01 4.520000e-04 3.985880e-01
492 6.008520e-01 4.920000e-04 3.986560e-01
493 6.007600e-01 5.240000e-04 3.987160e-01
494 6.006640e-01 5.200000e-04 3.988160e-01
495 6.005560e-01 5.720000e-04 3.988720e-01
496 6.005000e-01 5.200000e-04 3.989800e-01
497 6.004280e-01 4.800000e-04 3.990920e-01
498 6.003960e-01 4.120000e-04 3.991920e-01
499 6.003400e-01 3.920000e-04 3.992680e-01
500 6.002880e-01 3.720000e-04 3.993400e-01
