1 9.993240e-01 6.000000e-04 7.600000e-05
2 9.988960e-01 9.080000e-04 1.960000e-04
3 9.982840e-01 1.268000e-03 4.480000e-04
4 9.976320e-01 1.672000e-03 6.960000e-04
5 9.968200e-01 2.116000e-03 1.064000e-03
6 9.958640e-01 2.692000e-03 1.444000e-03
7 9.948360e-01 3.240000e-03 1.924000e-03
8 9.937880e-01 3.764000e-03 2.448000e-03
9 9.925600e-01 4.280000e-03 3.160000e-03
10 9.914840e-01 4.568000e-03 3.948000e-03
11 9.903840e-01 4.912000e-03 4.704000e-03
12 9.891480e-01 5.312000e-03 5.540000e-03
13 9.879960e-01 5.460000e-03 6.544000e-03
14 9.868360e-01 5.712000e-03 7.452000e-03
15 9.857880e-01 5.744000e-03 8.468000e-03
16 9.845400e-01 6.084000e-03 9.376000e-03
17 9.832480e-01 6.316000e-03 1.043600e-02
18 9.819040e-01 6.608000e-03 1.148800e-02
19 9.805000e-01 6.956000e-03 1.254400e-02
20 9.789000e-01 7.368000e-03 1.373200e-02
21 9.774360e-01 7.472000e-03 1.509200e-02
22 9.760760e-01 7.512000e-03 1.641200e-02
23 9.745960e-01 7.556000e-03 1.784800e-02
24 9.731120e-01 7.724000e-03 1.916400e-02
25 9.715920e-01 7.992000e-03 2.041600e-02
26 9.699400e-01 8.224000e-03 2.183600e-02
27 9.680720e-01 8.608000e-03 2.332000e-02
28 9.662520e-01 8.780000e-03 2.496800e-02
29 9.645640e-01 8.916000e-03 2.652000e-02
30 9.630040e-01 8.952000e-03 2.804400e-02
31 9.614040e-01 9.008000e-03 2.958800e-02
32 9.596840e-01 9.224000e-03 3.109200e-02
33 9.578040e-01 9.332000e-03 3.286400e-02
34 9.560680e-01 9.456000e-03 3.447600e-02
35 9.542760e-01 9.504000e-03 3.622000e-02
36 9.524600e-01 9.740000e-03 3.780000e-02
37 9.507600e-01 9.760000e-03 3.948000e-02
38 9.491160e-01 9.684000e-03 4.120000e-02
39 9.473960e-01 9.708000e-03 4.289600e-02
40 9.456360e-01 9.820000e-03 4.454400e-02
41 9.439120e-01 9.796000e-03 4.629200e-02
42 9.421400e-01 9.800000e-03 4.806000e-02
43 9.402520e-01 1.009200e-02 4.965600e-02
44 9.384120e-01 1.010400e-02 5.148400e-02
45 9.366560e-01 1.006000e-02 5.328400e-02
46 9.349600e-01 1.002800e-02 5.501200e-02
47 9.330360e-01 1.013200e-02 5.683200e-02
48 9.311920e-01 1.018800e-02 5.862000e-02
49 9.294760e-01 1.002400e-02 6.050000e-02
50 9.278200e-01 9.848000e-03 6.233200e-02
51 9.261360e-01 9.856000e-03 6.400800e-02
52 9.245120e-01 9.892000e-03 6.559600e-02
53 9.227360e-01 9.908000e-03 6.735600e-02
54 9.209760e-01 9.872000e-03 6.915200e-02
55 9.191560e-01 1.007200e-02 7.077200e-02
56 9.174720e-01 9.960000e-03 7.256800e-02
57 9.158440e-01 9.948000e-03 7.420800e-02
58 9.142560e-01 9.840000e-03 7.590400e-02
59 9.125680e-01 9.940000e-03 7.749200e-02
60 9.109680e-01 9.836000e-03 7.919600e-02
61 9.091920e-01 9.836000e-03 8.097200e-02
62 9.073440e-01 9.856000e-03 8.280000e-02
63 9.056760e-01 9.672000e-03 8.465200e-02
64 9.039640e-01 9.616000e-03 8.642000e-02
65 9.023560e-01 9.416000e-03 8.822800e-02
66 9.006760e-01 9.384000e-03 8.994000e-02
67 8.990240e-01 9.524000e-03 9.145200e-02
68 8.974960e-01 9.248000e-03 9.325600e-02
69 8.958880e-01 9.224000e-03 9.488800e-02
70 8.942760e-01 9.296000e-03 9.642800e-02
71 8.926360e-01 9.312000e-03 9.805200e-02
72 8.909520e-01 9.372000e-03 9.967600e-02
73 8.893840e-01 9.324000e-03 1.012920e-01
74 8.878000e-01 9.272000e-03 1.029280e-01
75 8.861880e-01 9.176000e-03 1.046360e-01
76 8.845720e-01 9.400000e-03 1.060280e-01
77 8.829640e-01 9.324000e-03 1.077120e-01
78 8.814640e-01 9.184000e-03 1.093520e-01
79 8.797240e-01 9.276000e-03 1.110000e-01
80 8.782200e-01 9.284000e-03 1.124960e-01
81 8.766640e-01 9.312000e-03 1.140240e-01
82 8.750320e-01 9.328000e-03 1.156400e-01
83 8.733480e-01 9.412000e-03 1.172400e-01
84 8.719200e-01 9.216000e-03 1.188640e-01
85 8.702840e-01 9.296000e-03 1.204200e-01
86 8.686960e-01 9.236000e-03 1.220680e-01
87 8.673680e-01 8.924000e-03 1.237080e-01
88 8.659320e-01 8.896000e-03 1.251720e-01
89 8.644080e-01 8.940000e-03 1.266520e-01
90 8.629000e-01 8.952000e-03 1.281480e-01
91 8.612000e-01 9.076000e-03 1.297240e-01
92 8.597440e-01 8.904000e-03 1.313520e-01
93 8.582480e-01 8.688000e-03 1.330640e-01
94 8.568720e-01 8.684000e-03 1.344440e-01
95 8.553240e-01 8.880000e-03 1.357960e-01
96 8.538040e-01 8.904000e-03 1.372920e-01
97 8.524600e-01 8.744000e-03 1.387960e-01
98 8.511040e-01 8.644000e-03 1.402520e-01
99 8.497680e-01 8.444000e-03 1.417880e-01
100 8.482920e-01 8.480000e-03 1.432280e-01
101 8.468360e-01 8.472000e-03 1.446920e-01
102 8.453600e-01 8.428000e-03 1.462120e-01
103 8.439280e-01 8.440000e-03 1.476320e-01
104 8.425480e-01 8.460000e-03 1.489920e-01
105 8.411920e-01 8.336000e-03 1.504720e-01
106 8.397240e-01 8.364000e-03 1.519120e-01
107 8.382640e-01 8.348000e-03 1.533880e-01
108 8.367600e-01 8.432000e-03 1.548080e-01
109 8.351440e-01 8.680000e-03 1.561760e-01
110 8.336720e-01 8.688000e-03 1.576400e-01
111 8.322000e-01 8.716000e-03 1.590840e-01
112 8.308640e-01 8.520000e-03 1.606160e-01
113 8.294440e-01 8.392000e-03 1.621640e-01
114 8.278360e-01 8.588000e-03 1.635760e-01
115 8.263480e-01 8.584000e-03 1.650680e-01
116 8.248720e-01 8.552000e-03 1.665760e-01
117 8.234480e-01 8.588000e-03 1.679640e-01
118 8.220160e-01 8.532000e-03 1.694520e-01
119 8.205560e-01 8.336000e-03 1.711080e-01
120 8.192080e-01 8.288000e-03 1.725040e-01
121 8.178680e-01 8.352000e-03 1.737800e-01
122 8.164120e-01 8.348000e-03 1.752400e-01
123 8.148160e-01 8.528000e-03 1.766560e-01
124 8.133440e-01 8.536000e-03 1.781200e-01
125 8.118560e-01 8.556000e-03 1.795880e-01
126 8.102400e-01 8.716000e-03 1.810440e-01
127 8.085720e-01 8.768000e-03 1.826600e-01
128 8.071600e-01 8.764000e-03 1.840760e-01
129 8.054240e-01 8.988000e-03 1.855880e-01
130 8.038040e-01 9.096000e-03 1.871000e-01
131 8.023080e-01 8.952000e-03 1.887400e-01
132 8.007680e-01 8.804000e-03 1.904280e-01
133 7.993760e-01 8.648000e-03 1.919760e-01
134 7.979320e-01 8.592000e-03 1.934760e-01
135 7.965400e-01 8.392000e-03 1.950680e-01
136 7.949920e-01 8.488000e-03 1.965200e-01
137 7.934200e-01 8.428000e-03 1.981520e-01
138 7.920920e-01 8.260000e-03 1.996480e-01
139 7.905640e-01 8.388000e-03 2.010480e-01
140 7.891160e-01 8.328000e-03 2.025560e-01
141 7.876640e-01 8.296000e-03 2.040400e-01
142 7.862600e-01 8.408000e-03 2.053320e-01
143 7.848720e-01 8.408000e-03 2.067200e-01
144 7.834120e-01 8.404000e-03 2.081840e-01
145 7.819520e-01 8.424000e-03 2.096240e-01
146 7.805840e-01 8.204000e-03 2.112120e-01
147 7.792600e-01 8.108000e-03 2.126320e-01
148 7.779080e-01 8.248000e-03 2.138440e-01
149 7.767960e-01 7.860000e-03 2.153440e-01
150 7.754520e-01 7.772000e-03 2.167760e-01
151 7.742880e-01 7.600000e-03 2.181120e-01
152 7.730640e-01 7.560000e-03 2.193760e-01
153 7.718560e-01 7.624000e-03 2.205200e-01
154 7.707640e-01 7.324000e-03 2.219120e-01
155 7.696120e-01 7.168000e-03 2.232200e-01
156 7.684040e-01 7.156000e-03 2.244400e-01
157 7.671440e-01 7.132000e-03 2.257240e-01
158 7.659880e-01 7.060000e-03 2.269520e-01
159 7.646720e-01 7.084000e-03 2.282440e-01
160 7.634960e-01 7.076000e-03 2.294280e-01
161 7.622200e-01 7.092000e-03 2.306880e-01
162 7.609640e-01 7.064000e-03 2.319720e-01
163 7.598360e-01 6.916000e-03 2.332480e-01
164 7.586640e-01 6.828000e-03 2.345080e-01
165 7.575080e-01 6.732000e-03 2.357600e-01
166 7.561760e-01 6.924000e-03 2.369000e-01
167 7.551200e-01 6.632000e-03 2.382480e-01
168 7.539960e-01 6.516000e-03 2.394880e-01
169 7.529520e-01 6.516000e-03 2.405320e-01
170 7.518280e-01 6.316000e-03 2.418560e-01
171 7.507920e-01 6.224000e-03 2.429840e-01
172 7.497360e-01 6.244000e-03 2.440200e-01
173 7.486720e-01 6.316000e-03 2.450120e-01
174 7.477120e-01 6.224000e-03 2.460640e-01
175 7.467040e-01 6.124000e-03 2.471720e-01
176 7.457080e-01 6.096000e-03 2.481960e-01
177 7.447880e-01 5.932000e-03 2.492800e-01
178 7.438000e-01 5.808000e-03 2.503920e-01
179 7.428320e-01 5.720000e-03 2.514480e-01
180 7.418960e-01 5.664000e-03 2.524400e-01
181 7.407680e-01 5.828000e-03 2.534040e-01
182 7.396720e-01 5.872000e-03 2.544560e-01
183 7.386400e-01 5.820000e-03 2.555400e-01
184 7.377000e-01 5.736000e-03 2.565640e-01
185 7.367440e-01 5.564000e-03 2.576920e-01
186 7.357320e-01 5.528000e-03 2.587400e-01
187 7.347840e-01 5.476000e-03 2.597400e-01
188 7.337360e-01 5.620000e-03 2.606440e-01
189 7.328560e-01 5.476000e-03 2.616680e-01
190 7.316560e-01 5.736000e-03 2.626080e-01
191 7.305200e-01 5.892000e-03 2.635880e-01
192 7.293200e-01 6.100000e-03 2.645800e-01
193 7.282120e-01 6.096000e-03 2.656920e-01
194 7.271720e-01 6.128000e-03 2.667000e-01
195 7.261080e-01 6.080000e-03 2.678120e-01
196 7.248800e-01 6.248000e-03 2.688720e-01
197 7.238160e-01 6.284000e-03 2.699000e-01
198 7.228560e-01 6.144000e-03 2.710000e-01
199 7.219240e-01 5.972000e-03 2.721040e-01
200 7.210200e-01 5.792000e-03 2.731880e-01
201 7.201440e-01 5.612000e-03 2.742440e-01
202 7.192480e-01 5.536000e-03 2.752160e-01
203 7.182760e-01 5.560000e-03 2.761640e-01
204 7.173880e-01 5.532000e-03 2.770800e-01
205 7.164640e-01 5.460000e-03 2.780760e-01
206 7.157120e-01 5.260000e-03 2.790280e-01
207 7.148920e-01 5.196000e-03 2.799120e-01
208 7.140640e-01 5.068000e-03 2.808680e-01
209 7.132640e-01 4.948000e-03 2.817880e-01
210 7.124920e-01 4.944000e-03 2.825640e-01
211 7.116480e-01 4.988000e-03 2.833640e-01
212 7.108800e-01 4.804000e-03 2.843160e-01
213 7.100560e-01 4.848000e-03 2.850960e-01
214 7.093360e-01 4.808000e-03 2.858560e-01
215 7.085840e-01 4.748000e-03 2.866680e-01
216 7.078320e-01 4.724000e-03 2.874440e-01
217 7.070480e-01 4.732000e-03 2.882200e-01
218 7.063000e-01 4.612000e-03 2.890880e-01
219 7.054280e-01 4.680000e-03 2.898920e-01
220 7.046600e-01 4.492000e-03 2.908480e-01
221 7.037760e-01 4.528000e-03 2.916960e-01
222 7.028920e-01 4.592000e-03 2.925160e-01
223 7.019280e-01 4.764000e-03 2.933080e-01
224 7.010440e-01 4.832000e-03 2.941240e-01
225 7.003640e-01 4.648000e-03 2.949880e-01
226 6.996920e-01 4.452000e-03 2.958560e-01
227 6.989400e-01 4.408000e-03 2.966520e-01
228 6.982040e-01 4.320000e-03 2.974760e-01
229 6.974240e-01 4.436000e-03 2.981400e-01
230 6.967640e-01 4.312000e-03 2.989240e-01
231 6.959640e-01 4.304000e-03 2.997320e-01
232 6.951160e-01 4.484000e-03 3.004000e-01
233 6.943000e-01 4.456000e-03 3.012440e-01
234 6.936200e-01 4.332000e-03 3.020480e-01
235 6.929040e-01 4.280000e-03 3.028160e-01
236 6.923360e-01 4.112000e-03 3.035520e-01
237 6.916600e-01 4.052000e-03 3.042880e-01
238 6.911000e-01 3.964000e-03 3.049360e-01
239 6.905640e-01 3.808000e-03 3.056280e-01
240 6.899800e-01 3.700000e-03 3.063200e-01
241 6.893400e-01 3.696000e-03 3.069640e-01
242 6.888040e-01 3.592000e-03 3.076040e-01
243 6.882000e-01 3.540000e-03 3.082600e-01
244 6.875800e-01 3.552000e-03 3.088680e-01
245 6.870040e-01 3.544000e-03 3.094520e-01
246 6.863520e-01 3.592000e-03 3.100560e-01
247 6.857360e-01 3.576000e-03 3.106880e-01
248 6.851040e-01 3.608000e-03 3.112880e-01
249 6.844360e-01 3.696000e-03 3.118680e-01
250 6.838040e-01 3.684000e-03 3.125120e-01
251 6.830520e-01 3.788000e-03 3.131600e-01
252 6.823800e-01 3.764000e-03 3.138560e-01
253 6.818000e-01 3.632000e-03 3.145680e-01
254 6.811960e-01 3.604000e-03 3.152000e-01
255 6.806080e-01 3.524000e-03 3.158680e-01
256 6.800720e-01 3.544000e-03 3.163840e-01
257 6.793720e-01 3.652000e-03 3.169760e-01
258 6.787680e-01 3.608000e-03 3.176240e-01
259 6.781920e-01 3.492000e-03 3.183160e-01
260 6.775720e-01 3.536000e-03 3.188920e-01
261 6.770200e-01 3.480000e-03 3.195000e-01
262 6.765040e-01 3.412000e-03 3.200840e-01
263 6.759640e-01 3.384000e-03 3.206520e-01
264 6.753600e-01 3.364000e-03 3.212760e-01
265 6.748040e-01 3.292000e-03 3.219040e-01
266 6.741640e-01 3.376000e-03 3.224600e-01
267 6.735840e-01 3.388000e-03 3.230280e-01
268 6.730680e-01 3.312000e-03 3.236200e-01
269 6.725840e-01 3.300000e-03 3.241160e-01
270 6.720400e-01 3.256000e-03 3.247040e-01
271 6.714680e-01 3.280000e-03 3.252520e-01
272 6.709200e-01 3.284000e-03 3.257960e-01
273 6.703840e-01 3.236000e-03 3.263800e-01
274 6.699400e-01 3.120000e-03 3.269400e-01
275 6.694320e-01 3.124000e-03 3.274440e-01
276 6.688960e-01 3.092000e-03 3.280120e-01
277 6.684000e-01 3.068000e-03 3.285320e-01
278 6.679520e-01 3.000000e-03 3.290480e-01
279 6.674600e-01 2.932000e-03 3.296080e-01
280 6.669880e-01 2.864000e-03 3.301480e-01
281 6.664840e-01 2.848000e-03 3.306680e-01
282 6.658440e-01 2.996000e-03 3.311600e-01
283 6.653120e-01 3.036000e-03 3.316520e-01
284 6.647880e-01 3.056000e-03 3.321560e-01
285 6.642400e-01 3.100000e-03 3.326600e-01
286 6.636680e-01 3.224000e-03 3.331080e-01
287 6.631280e-01 3.172000e-03 3.337000e-01
288 6.625960e-01 3.224000e-03 3.341800e-01
289 6.620680e-01 3.064000e-03 3.348680e-01
290 6.616000e-01 3.056000e-03 3.353440e-01
291 6.611880e-01 2.908000e-03 3.359040e-01
292 6.606400e-01 2.868000e-03 3.364920e-01
293 6.601160e-01 2.888000e-03 3.369960e-01
294 6.596960e-01 2.812000e-03 3.374920e-01
295 6.592560e-01 2.784000e-03 3.379600e-01
296 6.588080e-01 2.748000e-03 3.384440e-01
297 6.583520e-01 2.764000e-03 3.388840e-01
298 6.578680e-01 2.784000e-03 3.393480e-01
299 6.573760e-01 2.744000e-03 3.398800e-01
300 6.569160e-01 2.716000e-03 3.403680e-01
301 6.564840e-01 2.688000e-03 3.408280e-01
302 6.560520e-01 2.700000e-03 3.412480e-01
303 6.556120e-01 2.712000e-03 3.416760e-01
304 6.551480e-01 2.676000e-03 3.421760e-01
305 6.547560e-01 2.592000e-03 3.426520e-01
306 6.544200e-01 2.460000e-03 3.431200e-01
307 6.540640e-01 2.376000e-03 3.435600e-01
308 6.537240e-01 2.284000e-03 3.439920e-01
309 6.534120e-01 2.164000e-03 3.444240e-01
310 6.530440e-01 2.172000e-03 3.447840e-01
311 6.527120e-01 2.168000e-03 3.451200e-01
312 6.523960e-01 2.136000e-03 3.454680e-01
313 6.520240e-01 2.160000e-03 3.458160e-01
314 6.516400e-01 2.168000e-03 3.461920e-01
315 6.513200e-01 2.100000e-03 3.465800e-01
316 6.510600e-01 2.024000e-03 3.469160e-01
317 6.507360e-01 2.004000e-03 3.472600e-01
318 6.503800e-01 2.048000e-03 3.475720e-01
319 6.500200e-01 2.024000e-03 3.479560e-01
320 6.497160e-01 1.940000e-03 3.483440e-01
321 6.494640e-01 1.868000e-03 3.486680e-01
322 6.492480e-01 1.708000e-03 3.490440e-01
323 6.490520e-01 1.608000e-03 3.493400e-01
324 6.488320e-01 1.540000e-03 3.496280e-01
325 6.485920e-01 1.552000e-03 3.498560e-01
326 6.483080e-01 1.516000e-03 3.501760e-01
327 6.480520e-01 1.496000e-03 3.504520e-01
328 6.477680e-01 1.540000e-03 3.506920e-01
329 6.475160e-01 1.500000e-03 3.509840e-01
330 6.472640e-01 1.448000e-03 3.512880e-01
331 6.470520e-01 1.364000e-03 3.515840e-01
332 6.467920e-01 1.400000e-03 3.518080e-01
333 6.465720e-01 1.364000e-03 3.520640e-01
334 6.463240e-01 1.388000e-03 3.522880e-01
335 6.460360e-01 1.440000e-03 3.525240e-01
336 6.457320e-01 1.508000e-03 3.527600e-01
337 6.455240e-01 1.512000e-03 3.529640e-01
338 6.453360e-01 1.396000e-03 3.532680e-01
339 6.450680e-01 1.436000e-03 3.534960e-01
340 6.447880e-01 1.436000e-03 3.537760e-01
341 6.445640e-01 1.428000e-03 3.540080e-01
342 6.442920e-01 1.456000e-03 3.542520e-01
343 6.440200e-01 1.480000e-03 3.545000e-01
344 6.437600e-01 1.480000e-03 3.547600e-01
345 6.435080e-01 1.472000e-03 3.550200e-01
346 6.432560e-01 1.556000e-03 3.551880e-01
347 6.429560e-01 1.576000e-03 3.554680e-01
348 6.427400e-01 1.528000e-03 3.557320e-01
349 6.425200e-01 1.500000e-03 3.559800e-01
350 6.422480e-01 1.532000e-03 3.562200e-01
351 6.419720e-01 1.528000e-03 3.565000e-01
352 6.416880e-01 1.552000e-03 3.567600e-01
353 6.414400e-01 1.520000e-03 3.570400e-01
354 6.411920e-01 1.504000e-03 3.573040e-01
355 6.409480e-01 1.436000e-03 3.576160e-01
356 6.407360e-01 1.380000e-03 3.578840e-01
357 6.404880e-01 1.368000e-03 3.581440e-01
358 6.403040e-01 1.304000e-03 3.583920e-01
359 6.400720e-01 1.324000e-03 3.586040e-01
360 6.398080e-01 1.324000e-03 3.588680e-01
361 6.395800e-01 1.312000e-03 3.591080e-01
362 6.393360e-01 1.328000e-03 3.593360e-01
363 6.390600e-01 1.384000e-03 3.595560e-01
364 6.387560e-01 1.472000e-03 3.597720e-01
365 6.385040e-01 1.472000e-03 3.600240e-01
366 6.382560e-01 1.456000e-03 3.602880e-01
367 6.379720e-01 1.520000e-03 3.605080e-01
368 6.377240e-01 1.504000e-03 3.607720e-01
369 6.374360e-01 1.536000e-03 3.610280e-01
370 6.371760e-01 1.524000e-03 3.613000e-01
371 6.369720e-01 1.468000e-03 3.615600e-01
372 6.367040e-01 1.452000e-03 3.618440e-01
373 6.364400e-01 1.464000e-03 3.620960e-01
374 6.361480e-01 1.560000e-03 3.622920e-01
375 6.358760e-01 1.580000e-03 3.625440e-01
376 6.356520e-01 1.508000e-03 3.628400e-01
377 6.354080e-01 1.548000e-03 3.630440e-01
378 6.352160e-01 1.396000e-03 3.633880e-01
379 6.349560e-01 1.420000e-03 3.636240e-01
380 6.347200e-01 1.412000e-03 3.638680e-01
381 6.344920e-01 1.404000e-03 3.641040e-01
382 6.343160e-01 1.364000e-03 3.643200e-01
383 6.340960e-01 1.336000e-03 3.645680e-01
384 6.339280e-01 1.244000e-03 3.648280e-01
385 6.337040e-01 1.268000e-03 3.650280e-01
386 6.335040e-01 1.296000e-03 3.652000e-01
387 6.332720e-01 1.288000e-03 3.654400e-01
388 6.330880e-01 1.304000e-03 3.656080e-01
389 6.328920e-01 1.228000e-03 3.658800e-01
390 6.326600e-01 1.264000e-03 3.660760e-01
391 6.324000e-01 1.340000e-03 3.662600e-01
392 6.321920e-01 1.276000e-03 3.665320e-01
393 6.320080e-01 1.292000e-03 3.667000e-01
394 6.318160e-01 1.264000e-03 3.669200e-01
395 6.316600e-01 1.184000e-03 3.671560e-01
396 6.314560e-01 1.172000e-03 3.673720e-01
397 6.312320e-01 1.204000e-03 3.675640e-01
398 6.309640e-01 1.288000e-03 3.677480e-01
399 6.307280e-01 1.328000e-03 3.679440e-01
400 6.305080e-01 1.304000e-03 3.681880e-01
401 6.302680e-01 1.320000e-03 3.684120e-01
402 6.300760e-01 1.292000e-03 3.686320e-01
403 6.298800e-01 1.248000e-03 3.688720e-01
404 6.297320e-01 1.156000e-03 3.691120e-01
405 6.295880e-01 1.128000e-03 3.692840e-01
406 6.294920e-01 1.072000e-03 3.694360e-01
407 6.293520e-01 1.012000e-03 3.696360e-01
408 6.291560e-01 1.036000e-03 3.698080e-01
409 6.290120e-01 9.760000e-04 3.700120e-01
410 6.288000e-01 9.880000e-04 3.702120e-01
411 6.286440e-01 1.000000e-03 3.703560e-01
412 6.284280e-01 1.012000e-03 3.705600e-01
413 6.282400e-01 1.024000e-03 3.707360e-01
414 6.280520e-01 1.000000e-03 3.709480e-01
415 6.278760e-01 9.960000e-04 3.711280e-01
416 6.277600e-01 9.280000e-04 3.713120e-01
417 6.276120e-01 9.040000e-04 3.714840e-01
418 6.274360e-01 8.840000e-04 3.716800e-01
419 6.272680e-01 9.120000e-04 3.718200e-01
420 6.271120e-01 9.520000e-04 3.719360e-01
421 6.270200e-01 8.760000e-04 3.721040e-01
422 6.268840e-01 8.920000e-04 3.722240e-01
423 6.267680e-01 8.360000e-04 3.723960e-01
424 6.266320e-01 7.920000e-04 3.725760e-01
425 6.265480e-01 7.120000e-04 3.727400e-01
426 6.264320e-01 7.000000e-04 3.728680e-01
427 6.263520e-01 6.280000e-04 3.730200e-01
428 6.262800e-01 6.080000e-04 3.731120e-01
429 6.262120e-01 5.960000e-04 3.731920e-01
430 6.261080e-01 5.800000e-04 3.733120e-01
431 6.260080e-01 5.760000e-04 3.734160e-01
432 6.259560e-01 5.240000e-04 3.735200e-01
433 6.259040e-01 4.840000e-04 3.736120e-01
434 6.258280e-01 4.720000e-04 3.737000e-01
435 6.257400e-01 4.840000e-04 3.737760e-01
436 6.256960e-01 4.240000e-04 3.738800e-01
437 6.256400e-01 4.160000e-04 3.739440e-01
438 6.255600e-01 4.200000e-04 3.740200e-01
439 6.254840e-01 4.320000e-04 3.740840e-01
440 6.254040e-01 4.280000e-04 3.741680e-01
441 6.253280e-01 4.440000e-04 3.742280e-01
442 6.252560e-01 4.440000e-04 3.743000e-01
443 6.251440e-01 4.720000e-04 3.743840e-01
444 6.251120e-01 4.200000e-04 3.744680e-01
445 6.250600e-01 3.920000e-04 3.745480e-01
446 6.249880e-01 3.720000e-04 3.746400e-01
447 6.249480e-01 3.720000e-04 3.746800e-01
448 6.249120e-01 3.440000e-04 3.747440e-01
449 6.248560e-01 3.600000e-04 3.747840e-01
450 6.248080e-01 3.200000e-04 3.748720e-01
451 6.247960e-01 2.960000e-04 3.749080e-01
452 6.247600e-01 2.680000e-04 3.749720e-01
453 6.247120e-01 2.640000e-04 3.750240e-01
454 6.246760e-01 2.800000e-04 3.750440e-01
455 6.246160e-01 2.840000e-04 3.751000e-01
456 6.245680e-01 3.040000e-04 3.751280e-01
457 6.245240e-01 3.120000e-04 3.751640e-01
458 6.244520e-01 3.320000e-04 3.752160e-01
459 6.244080e-01 3.400000e-04 3.752520e-01
460 6.243360e-01 3.760000e-04 3.752880e-01
461 6.242360e-01 4.280000e-04 3.753360e-01
462 6.241440e-01 4.480000e-04 3.754080e-01
463 6.240440e-01 4.800000e-04 3.754760e-01
464 6.239560e-01 4.600000e-04 3.755840e-01
465 6.238880e-01 4.240000e-04 3.756880e-01
466 6.238000e-01 4.280000e-04 3.757720e-01
467 6.237080e-01 4.360000e-04 3.758560e-01
468 6.236320e-01 4.200000e-04 3.759480e-01
469 6.235640e-01 4.360000e-04 3.760000e-01
470 6.234720e-01 4.400000e-04 3.760880e-01
471 6.234200e-01 4.280000e-04 3.761520e-01
472 6.233240e-01 4.560000e-04 3.762200e-01
473 6.231960e-01 4.840000e-04 3.763200e-01
474 6.231280e-01 4.440000e-04 3.764280e-01
475 6.230400e-01 4.600000e-04 3.765000e-01
476 6.229360e-01 4.960000e-04 3.765680e-01
477 6.228320e-01 5.040000e-04 3.766640e-01
478 6.227600e-01 4.920000e-04 3.767480e-01
479 6.226520e-01 5.120000e-04 3.768360e-01
480 6.225600e-01 5.040000e-04 3.769360e-01
481 6.224600e-01 5.240000e-04 3.770160e-01
482 6.223680e-01 5.480000e-04 3.770840e-01
483 6.222520e-01 5.920000e-04 3.771560e-01
484 6.221200e-01 6.280000e-04 3.772520e-01
485 6.220280e-01 6.040000e-04 3.773680e-01
486 6.219000e-01 6.400000e-04 3.774600e-01
487 6.218120e-01 6.480000e-04 3.775400e-01
488 6.217000e-01 6.440000e-04 3.776560e-01
489 6.216440e-01 5.960000e-04 3.777600e-01
490 6.215200e-01 6.040000e-04 3.778760e-01
491 6.214360e-01 5.880000e-04 3.779760e-01
492 6.213360e-01 6.240000e-04 3.780400e-01
493 6.212640e-01 5.720000e-04 3.781640e-01
494 6.211600e-01 5.760000e-04 3.782640e-01
495 6.210760e-01 5.800000e-04 3.783440e-01
496 6.209440e-01 6.200000e-04 3.784360e-01
497 6.208080e-01 6.440000e-04 3.785480e-01
498 6.207120e-01 5.960000e-04 3.786920e-01
499 6.206320e-01 5.720000e-04 3.787960e-01
500 6.205440e-01 5.480000e-04 3.789080e-01
