1 9.991920e-01 7.080000e-04 1.000000e-04
2 9.986560e-01 1.016000e-03 3.280000e-04
3 9.981360e-01 1.300000e-03 5.640000e-04
4 9.975320e-01 1.648000e-03 8.200000e-04
5 9.968480e-01 2.016000e-03 1.136000e-03
6 9.960000e-01 2.524000e-03 1.476000e-03
7 9.951200e-01 2.960000e-03 1.920000e-03
8 9.942280e-01 3.240000e-03 2.532000e-03
9 9.932520e-01 3.652000e-03 3.096000e-03
10 9.922640e-01 3.980000e-03 3.756000e-03
11 9.912840e-01 4.264000e-03 4.452000e-03
12 9.901560e-01 4.644000e-03 5.200000e-03
13 9.890120e-01 4.980000e-03 6.008000e-03
14 9.878960e-01 5.184000e-03 6.920000e-03
15 9.867560e-01 5.380000e-03 7.864000e-03
16 9.856560e-01 5.544000e-03 8.800000e-03
17 9.843800e-01 5.712000e-03 9.908000e-03
18 9.831840e-01 5.912000e-03 1.090400e-02
19 9.820080e-01 6.092000e-03 1.190000e-02
20 9.807920e-01 6.256000e-03 1.295200e-02
21 9.795400e-01 6.396000e-03 1.406400e-02
22 9.783280e-01 6.472000e-03 1.520000e-02
23 9.770600e-01 6.632000e-03 1.630800e-02
24 9.757800e-01 6.712000e-03 1.750800e-02
25 9.743520e-01 7.012000e-03 1.863600e-02
26 9.730280e-01 6.972000e-03 2.000000e-02
27 9.717400e-01 7.084000e-03 2.117600e-02
28 9.703640e-01 7.256000e-03 2.238000e-02
29 9.688160e-01 7.544000e-03 2.364000e-02
30 9.673400e-01 7.680000e-03 2.498000e-02
31 9.658960e-01 7.808000e-03 2.629600e-02
32 9.642480e-01 8.040000e-03 2.771200e-02
33 9.628560e-01 7.936000e-03 2.920800e-02
34 9.613080e-01 8.084000e-03 3.060800e-02
35 9.598480e-01 8.180000e-03 3.197200e-02
36 9.584240e-01 8.184000e-03 3.339200e-02
37 9.567560e-01 8.408000e-03 3.483600e-02
38 9.552480e-01 8.396000e-03 3.635600e-02
39 9.536360e-01 8.604000e-03 3.776000e-02
40 9.520160e-01 8.792000e-03 3.919200e-02
41 9.503280e-01 8.848000e-03 4.082400e-02
42 9.486520e-01 8.984000e-03 4.236400e-02
43 9.470440e-01 8.968000e-03 4.398800e-02
44 9.452960e-01 9.072000e-03 4.563200e-02
45 9.436280e-01 9.256000e-03 4.711600e-02
46 9.420280e-01 9.364000e-03 4.860800e-02
47 9.403800e-01 9.364000e-03 5.025600e-02
48 9.386600e-01 9.396000e-03 5.194400e-02
49 9.369360e-01 9.488000e-03 5.357600e-02
50 9.353240e-01 9.540000e-03 5.513600e-02
51 9.338000e-01 9.432000e-03 5.676800e-02
52 9.322360e-01 9.368000e-03 5.839600e-02
53 9.307000e-01 9.264000e-03 6.003600e-02
54 9.291960e-01 9.160000e-03 6.164400e-02
55 9.276600e-01 9.044000e-03 6.329600e-02
56 9.260000e-01 9.056000e-03 6.494400e-02
57 9.243560e-01 9.120000e-03 6.652400e-02
58 9.226240e-01 9.308000e-03 6.806800e-02
59 9.210320e-01 9.112000e-03 6.985600e-02
60 9.193040e-01 9.184000e-03 7.151200e-02
61 9.175320e-01 9.304000e-03 7.316400e-02
62 9.158440e-01 9.408000e-03 7.474800e-02
63 9.142240e-01 9.416000e-03 7.636000e-02
64 9.125520e-01 9.428000e-03 7.802000e-02
65 9.108840e-01 9.460000e-03 7.965600e-02
66 9.091640e-01 9.596000e-03 8.124000e-02
67 9.073800e-01 9.620000e-03 8.300000e-02
68 9.056920e-01 9.532000e-03 8.477600e-02
69 9.039160e-01 9.584000e-03 8.650000e-02
70 9.022960e-01 9.500000e-03 8.820400e-02
71 9.007240e-01 9.520000e-03 8.975600e-02
72 8.990480e-01 9.476000e-03 9.147600e-02
73 8.973760e-01 9.476000e-03 9.314800e-02
74 8.957840e-01 9.500000e-03 9.471600e-02
75 8.940040e-01 9.708000e-03 9.628800e-02
76 8.924880e-01 9.556000e-03 9.795600e-02
77 8.908760e-01 9.508000e-03 9.961600e-02
78 8.892120e-01 9.528000e-03 1.012600e-01
79 8.875320e-01 9.664000e-03 1.028040e-01
80 8.859560e-01 9.628000e-03 1.044160e-01
81 8.842120e-01 9.668000e-03 1.061200e-01
82 8.825960e-01 9.588000e-03 1.078160e-01
83 8.808200e-01 9.612000e-03 1.095680e-01
84 8.791160e-01 9.700000e-03 1.111840e-01
85 8.773400e-01 9.780000e-03 1.128800e-01
86 8.756800e-01 9.772000e-03 1.145480e-01
87 8.739720e-01 9.840000e-03 1.161880e-01
88 8.722240e-01 9.928000e-03 1.178480e-01
89 8.706000e-01 9.792000e-03 1.196080e-01
90 8.692000e-01 9.480000e-03 1.213200e-01
91 8.677280e-01 9.276000e-03 1.229960e-01
92 8.662800e-01 9.048000e-03 1.246720e-01
93 8.647360e-01 9.148000e-03 1.261160e-01
94 8.632080e-01 9.080000e-03 1.277120e-01
95 8.616880e-01 8.984000e-03 1.293280e-01
96 8.602240e-01 8.896000e-03 1.308800e-01
97 8.587280e-01 8.872000e-03 1.324000e-01
98 8.571840e-01 8.812000e-03 1.340040e-01
99 8.555360e-01 8.948000e-03 1.355160e-01
100 8.539240e-01 9.084000e-03 1.369920e-01
101 8.523920e-01 9.156000e-03 1.384520e-01
102 8.507920e-01 9.096000e-03 1.401120e-01
103 8.493120e-01 8.996000e-03 1.416920e-01
104 8.478360e-01 8.940000e-03 1.432240e-01
105 8.462280e-01 8.996000e-03 1.447760e-01
106 8.446320e-01 9.120000e-03 1.462480e-01
107 8.429960e-01 9.100000e-03 1.479040e-01
108 8.414640e-01 9.076000e-03 1.494600e-01
109 8.398920e-01 9.148000e-03 1.509600e-01
110 8.382600e-01 9.148000e-03 1.525920e-01
111 8.366000e-01 9.296000e-03 1.541040e-01
112 8.347720e-01 9.444000e-03 1.557840e-01
113 8.331720e-01 9.344000e-03 1.574840e-01
114 8.316160e-01 9.024000e-03 1.593600e-01
115 8.300680e-01 8.968000e-03 1.609640e-01
116 8.284120e-01 9.144000e-03 1.624440e-01
117 8.269120e-01 8.972000e-03 1.641160e-01
118 8.254200e-01 8.768000e-03 1.658120e-01
119 8.238600e-01 8.740000e-03 1.674000e-01
120 8.221960e-01 8.776000e-03 1.690280e-01
121 8.206640e-01 8.736000e-03 1.706000e-01
122 8.192680e-01 8.508000e-03 1.722240e-01
123 8.177920e-01 8.344000e-03 1.738640e-01
124 8.163320e-01 8.316000e-03 1.753520e-01
125 8.148480e-01 8.352000e-03 1.768000e-01
126 8.133800e-01 8.332000e-03 1.782880e-01
127 8.114360e-01 8.880000e-03 1.796840e-01
128 8.097800e-01 8.848000e-03 1.813720e-01
129 8.081080e-01 8.944000e-03 1.829480e-01
130 8.065280e-01 8.992000e-03 1.844800e-01
131 8.050560e-01 8.932000e-03 1.860120e-01
132 8.036520e-01 8.744000e-03 1.876040e-01
133 8.020960e-01 8.872000e-03 1.890320e-01
134 8.005920e-01 8.868000e-03 1.905400e-01
135 7.990000e-01 8.924000e-03 1.920760e-01
136 7.975040e-01 9.000000e-03 1.934960e-01
137 7.960400e-01 8.932000e-03 1.950280e-01
138 7.943560e-01 9.064000e-03 1.965800e-01
139 7.929440e-01 8.828000e-03 1.982280e-01
140 7.915240e-01 8.712000e-03 1.997640e-01
141 7.899240e-01 8.772000e-03 2.013040e-01
142 7.883880e-01 8.884000e-03 2.027280e-01
143 7.868240e-01 8.840000e-03 2.043360e-01
144 7.852640e-01 8.888000e-03 2.058480e-01
145 7.837280e-01 8.748000e-03 2.075240e-01
146 7.822160e-01 8.788000e-03 2.089960e-01
147 7.808240e-01 8.676000e-03 2.105000e-01
148 7.793560e-01 8.660000e-03 2.119840e-01
149 7.777560e-01 8.792000e-03 2.134520e-01
150 7.762800e-01 8.672000e-03 2.150480e-01
151 7.748080e-01 8.688000e-03 2.165040e-01
152 7.733400e-01 8.588000e-03 2.180720e-01
153 7.720520e-01 8.456000e-03 2.194920e-01
154 7.707160e-01 8.360000e-03 2.209240e-01
155 7.692720e-01 8.312000e-03 2.224160e-01
156 7.679040e-01 8.184000e-03 2.239120e-01
157 7.665720e-01 8.032000e-03 2.253960e-01
158 7.651600e-01 7.964000e-03 2.268760e-01
159 7.637880e-01 7.964000e-03 2.282480e-01
160 7.626240e-01 7.592000e-03 2.297840e-01
161 7.613880e-01 7.464000e-03 2.311480e-01
162 7.600960e-01 7.544000e-03 2.323600e-01
163 7.587640e-01 7.528000e-03 2.337080e-01
164 7.574160e-01 7.528000e-03 2.350560e-01
165 7.560800e-01 7.532000e-03 2.363880e-01
166 7.549040e-01 7.444000e-03 2.376520e-01
167 7.535440e-01 7.416000e-03 2.390400e-01
168 7.522360e-01 7.484000e-03 2.402800e-01
169 7.511080e-01 7.284000e-03 2.416080e-01
170 7.498840e-01 7.356000e-03 2.427600e-01
171 7.486520e-01 7.324000e-03 2.440240e-01
172 7.473960e-01 7.300000e-03 2.453040e-01
173 7.462880e-01 7.288000e-03 2.464240e-01
174 7.451960e-01 7.072000e-03 2.477320e-01
175 7.440080e-01 7.080000e-03 2.489120e-01
176 7.428360e-01 6.992000e-03 2.501720e-01
177 7.415320e-01 7.104000e-03 2.513640e-01
178 7.401080e-01 7.296000e-03 2.525960e-01
179 7.387560e-01 7.452000e-03 2.537920e-01
180 7.373520e-01 7.560000e-03 2.550880e-01
181 7.358400e-01 7.648000e-03 2.565120e-01
182 7.344080e-01 7.816000e-03 2.577760e-01
183 7.330960e-01 7.700000e-03 2.592040e-01
184 7.316640e-01 7.804000e-03 2.605320e-01
185 7.303080e-01 7.816000e-03 2.618760e-01
186 7.289960e-01 7.748000e-03 2.632560e-01
187 7.277840e-01 7.572000e-03 2.646440e-01
188 7.265440e-01 7.464000e-03 2.659920e-01
189 7.253040e-01 7.452000e-03 2.672440e-01
190 7.240720e-01 7.416000e-03 2.685120e-01
191 7.228400e-01 7.444000e-03 2.697160e-01
192 7.216160e-01 7.272000e-03 2.711120e-01
193 7.204840e-01 7.152000e-03 2.723640e-01
194 7.192520e-01 7.172000e-03 2.735760e-01
195 7.180520e-01 7.192000e-03 2.747560e-01
196 7.167560e-01 7.236000e-03 2.760080e-01
197 7.155960e-01 7.204000e-03 2.772000e-01
198 7.142560e-01 7.312000e-03 2.784320e-01
199 7.129840e-01 7.292000e-03 2.797240e-01
200 7.116000e-01 7.316000e-03 2.810840e-01
201 7.104040e-01 7.092000e-03 2.825040e-01
202 7.091400e-01 7.084000e-03 2.837760e-01
203 7.080560e-01 6.996000e-03 2.849480e-01
204 7.067680e-01 7.176000e-03 2.860560e-01
205 7.055120e-01 7.180000e-03 2.873080e-01
206 7.041240e-01 7.348000e-03 2.885280e-01
207 7.028600e-01 7.208000e-03 2.899320e-01
208 7.016000e-01 7.228000e-03 2.911720e-01
209 7.003760e-01 7.276000e-03 2.923480e-01
210 6.993280e-01 7.020000e-03 2.936520e-01
211 6.981840e-01 6.960000e-03 2.948560e-01
212 6.970120e-01 6.904000e-03 2.960840e-01
213 6.958960e-01 6.804000e-03 2.973000e-01
214 6.947320e-01 6.652000e-03 2.986160e-01
215 6.936160e-01 6.592000e-03 2.997920e-01
216 6.926360e-01 6.532000e-03 3.008320e-01
217 6.917160e-01 6.320000e-03 3.019640e-01
218 6.908320e-01 5.992000e-03 3.031760e-01
219 6.898920e-01 5.752000e-03 3.043560e-01
220 6.888480e-01 5.812000e-03 3.053400e-01
221 6.878160e-01 5.800000e-03 3.063840e-01
222 6.868080e-01 5.868000e-03 3.073240e-01
223 6.857880e-01 5.916000e-03 3.082960e-01
224 6.848000e-01 5.888000e-03 3.093120e-01
225 6.837640e-01 5.860000e-03 3.103760e-01
226 6.828280e-01 5.756000e-03 3.114160e-01
227 6.817640e-01 5.764000e-03 3.124720e-01
228 6.808640e-01 5.640000e-03 3.134960e-01
229 6.797560e-01 5.740000e-03 3.145040e-01
230 6.786920e-01 5.792000e-03 3.155160e-01
231 6.778440e-01 5.584000e-03 3.165720e-01
232 6.769640e-01 5.468000e-03 3.175680e-01
233 6.760000e-01 5.544000e-03 3.184560e-01
234 6.751240e-01 5.468000e-03 3.194080e-01
235 6.742920e-01 5.412000e-03 3.202960e-01
236 6.733440e-01 5.448000e-03 3.212080e-01
237 6.724240e-01 5.392000e-03 3.221840e-01
238 6.715480e-01 5.276000e-03 3.231760e-01
239 6.706600e-01 5.284000e-03 3.240560e-01
240 6.699080e-01 5.128000e-03 3.249640e-01
241 6.690440e-01 5.112000e-03 3.258440e-01
242 6.681480e-01 5.196000e-03 3.266560e-01
243 6.673680e-01 5.128000e-03 3.275040e-01
244 6.666040e-01 5.024000e-03 3.283720e-01
245 6.658160e-01 4.916000e-03 3.292680e-01
246 6.649920e-01 4.760000e-03 3.302480e-01
247 6.641760e-01 4.800000e-03 3.310240e-01
248 6.634760e-01 4.660000e-03 3.318640e-01
249 6.627960e-01 4.496000e-03 3.327080e-01
250 6.621200e-01 4.344000e-03 3.335360e-01
251 6.614640e-01 4.264000e-03 3.342720e-01
252 6.607880e-01 4.268000e-03 3.349440e-01
253 6.601480e-01 4.140000e-03 3.357120e-01
254 6.594640e-01 4.020000e-03 3.365160e-01
255 6.586960e-01 4.068000e-03 3.372360e-01
256 6.580640e-01 3.968000e-03 3.379680e-01
257 6.574120e-01 3.928000e-03 3.386600e-01
258 6.568080e-01 3.808000e-03 3.393840e-01
259 6.561080e-01 3.888000e-03 3.400040e-01
260 6.555320e-01 3.808000e-03 3.406600e-01
261 6.550000e-01 3.708000e-03 3.412920e-01
262 6.544520e-01 3.632000e-03 3.419160e-01
263 6.538760e-01 3.628000e-03 3.424960e-01
264 6.532880e-01 3.612000e-03 3.431000e-01
265 6.526880e-01 3.524000e-03 3.437880e-01
266 6.520320e-01 3.468000e-03 3.445000e-01
267 6.514120e-01 3.488000e-03 3.451000e-01
268 6.508520e-01 3.444000e-03 3.457040e-01
269 6.504160e-01 3.204000e-03 3.463800e-01
270 6.498520e-01 3.292000e-03 3.468560e-01
271 6.492400e-01 3.332000e-03 3.474280e-01
272 6.487040e-01 3.252000e-03 3.480440e-01
273 6.482160e-01 3.180000e-03 3.486040e-01
274 6.477560e-01 3.020000e-03 3.492240e-01
275 6.472080e-01 3.036000e-03 3.497560e-01
276 6.467560e-01 2.988000e-03 3.502560e-01
277 6.461920e-01 3.016000e-03 3.507920e-01
278 6.457160e-01 2.924000e-03 3.513600e-01
279 6.451120e-01 3.048000e-03 3.518400e-01
280 6.446440e-01 3.008000e-03 3.523480e-01
281 6.440960e-01 3.000000e-03 3.529040e-01
282 6.435920e-01 2.988000e-03 3.534200e-01
283 6.430520e-01 2.972000e-03 3.539760e-01
284 6.424480e-01 3.104000e-03 3.544480e-01
285 6.419160e-01 3.084000e-03 3.550000e-01
286 6.413160e-01 3.144000e-03 3.555400e-01
287 6.407760e-01 3.092000e-03 3.561320e-01
288 6.401520e-01 3.032000e-03 3.568160e-01
289 6.395920e-01 2.940000e-03 3.574680e-01
290 6.390440e-01 3.016000e-03 3.579400e-01
291 6.385680e-01 3.028000e-03 3.584040e-01
292 6.380600e-01 2.976000e-03 3.589640e-01
293 6.375400e-01 2.996000e-03 3.594640e-01
294 6.369800e-01 3.020000e-03 3.600000e-01
295 6.363720e-01 3.148000e-03 3.604800e-01
296 6.357800e-01 3.200000e-03 3.610200e-01
297 6.352360e-01 3.176000e-03 3.615880e-01
298 6.346760e-01 3.200000e-03 3.621240e-01
299 6.340600e-01 3.268000e-03 3.626720e-01
300 6.336000e-01 3.176000e-03 3.632240e-01
301 6.331520e-01 3.124000e-03 3.637240e-01
302 6.326280e-01 3.084000e-03 3.642880e-01
303 6.321200e-01 3.044000e-03 3.648360e-01
304 6.315920e-01 3.080000e-03 3.653280e-01
305 6.310840e-01 3.084000e-03 3.658320e-01
306 6.305440e-01 3.120000e-03 3.663360e-01
307 6.301240e-01 2.996000e-03 3.668800e-01
308 6.296400e-01 2.944000e-03 3.674160e-01
309 6.292280e-01 2.800000e-03 3.679720e-01
310 6.288120e-01 2.700000e-03 3.684880e-01
311 6.284160e-01 2.652000e-03 3.689320e-01
312 6.279560e-01 2.680000e-03 3.693640e-01
313 6.274760e-01 2.704000e-03 3.698200e-01
314 6.270400e-01 2.660000e-03 3.703000e-01
315 6.266360e-01 2.620000e-03 3.707440e-01
316 6.262600e-01 2.600000e-03 3.711400e-01
317 6.257360e-01 2.728000e-03 3.715360e-01
318 6.252240e-01 2.732000e-03 3.720440e-01
319 6.247680e-01 2.720000e-03 3.725120e-01
320 6.244440e-01 2.552000e-03 3.730040e-01
321 6.240760e-01 2.476000e-03 3.734480e-01
322 6.236920e-01 2.536000e-03 3.737720e-01
323 6.233080e-01 2.560000e-03 3.741320e-01
324 6.228520e-01 2.564000e-03 3.745840e-01
325 6.224280e-01 2.536000e-03 3.750360e-01
326 6.220800e-01 2.492000e-03 3.754280e-01
327 6.216680e-01 2.460000e-03 3.758720e-01
328 6.213840e-01 2.260000e-03 3.763560e-01
329 6.210960e-01 2.164000e-03 3.767400e-01
330 6.207800e-01 2.172000e-03 3.770480e-01
331 6.203640e-01 2.264000e-03 3.773720e-01
332 6.200000e-01 2.272000e-03 3.777280e-01
333 6.196920e-01 2.220000e-03 3.780880e-01
334 6.193520e-01 2.184000e-03 3.784640e-01
335 6.189960e-01 2.148000e-03 3.788560e-01
336 6.187320e-01 2.072000e-03 3.791960e-01
337 6.184520e-01 1.964000e-03 3.795840e-01
338 6.182080e-01 1.880000e-03 3.799120e-01
339 6.179000e-01 1.876000e-03 3.802240e-01
340 6.177040e-01 1.692000e-03 3.806040e-01
341 6.174800e-01 1.652000e-03 3.808680e-01
342 6.171760e-01 1.736000e-03 3.810880e-01
343 6.168720e-01 1.740000e-03 3.813880e-01
344 6.165200e-01 1.812000e-03 3.816680e-01
345 6.161680e-01 1.864000e-03 3.819680e-01
346 6.159000e-01 1.792000e-03 3.823080e-01
347 6.155520e-01 1.808000e-03 3.826400e-01
348 6.152080e-01 1.828000e-03 3.829640e-01
349 6.149480e-01 1.780000e-03 3.832720e-01
350 6.146480e-01 1.748000e-03 3.836040e-01
351 6.143760e-01 1.696000e-03 3.839280e-01
352 6.141600e-01 1.648000e-03 3.841920e-01
353 6.138760e-01 1.620000e-03 3.845040e-01
354 6.135960e-01 1.688000e-03 3.847160e-01
355 6.133120e-01 1.652000e-03 3.850360e-01
356 6.130240e-01 1.648000e-03 3.853280e-01
357 6.127600e-01 1.676000e-03 3.855640e-01
358 6.124480e-01 1.712000e-03 3.858400e-01
359 6.121120e-01 1.748000e-03 3.861400e-01
360 6.117880e-01 1.776000e-03 3.864360e-01
361 6.114760e-01 1.796000e-03 3.867280e-01
362 6.111720e-01 1.772000e-03 3.870560e-01
363 6.108680e-01 1.816000e-03 3.873160e-01
364 6.105880e-01 1.796000e-03 3.876160e-01
365 6.102960e-01 1.780000e-03 3.879240e-01
366 6.100200e-01 1.780000e-03 3.882000e-01
367 6.097120e-01 1.764000e-03 3.885240e-01
368 6.094440e-01 1.712000e-03 3.888440e-01
369 6.091880e-01 1.704000e-03 3.891080e-01
370 6.089360e-01 1.640000e-03 3.894240e-01
371 6.086520e-01 1.668000e-03 3.896800e-01
372 6.083000e-01 1.712000e-03 3.899880e-01
373 6.079320e-01 1.788000e-03 3.902800e-01
374 6.075720e-01 1.876000e-03 3.905520e-01
375 6.072240e-01 1.880000e-03 3.908960e-01
376 6.069800e-01 1.724000e-03 3.912960e-01
377 6.066240e-01 1.784000e-03 3.915920e-01
378 6.063120e-01 1.744000e-03 3.919440e-01
379 6.059600e-01 1.744000e-03 3.922960e-01
380 6.056600e-01 1.764000e-03 3.925760e-01
381 6.054280e-01 1.648000e-03 3.929240e-01
382 6.052240e-01 1.584000e-03 3.931920e-01
383 6.049920e-01 1.556000e-03 3.934520e-01
384 6.047720e-01 1.516000e-03 3.937120e-01
385 6.045440e-01 1.448000e-03 3.940080e-01
386 6.043480e-01 1.396000e-03 3.942560e-01
387 6.041080e-01 1.384000e-03 3.945080e-01
388 6.038760e-01 1.356000e-03 3.947680e-01
389 6.035840e-01 1.400000e-03 3.950160e-01
390 6.033680e-01 1.396000e-03 3.952360e-01
391 6.031080e-01 1.384000e-03 3.955080e-01
392 6.028360e-01 1.408000e-03 3.957560e-01
393 6.025640e-01 1.420000e-03 3.960160e-01
394 6.023200e-01 1.416000e-03 3.962640e-01
395 6.021200e-01 1.356000e-03 3.965240e-01
396 6.019240e-01 1.308000e-03 3.967680e-01
397 6.018040e-01 1.240000e-03 3.969560e-01
398 6.016160e-01 1.196000e-03 3.971880e-01
399 6.014600e-01 1.192000e-03 3.973480e-01
400 6.012880e-01 1.156000e-03 3.975560e-01
401 6.011320e-01 1.136000e-03 3.977320e-01
402 6.009560e-01 1.100000e-03 3.979440e-01
403 6.008080e-01 1.040000e-03 3.981520e-01
404 6.006520e-01 1.012000e-03 3.983360e-01
405 6.004800e-01 1.040000e-03 3.984800e-01
406 6.003040e-01 1.064000e-03 3.986320e-01
407 6.001000e-01 1.052000e-03 3.988480e-01
408 5.999200e-01 1.036000e-03 3.990440e-01
409 5.996920e-01 1.068000e-03 3.992400e-01
410 5.994640e-01 1.112000e-03 3.994240e-01
411 5.992760e-01 1.124000e-03 3.996000e-01
412 5.991000e-01 1.124000e-03 3.997760e-01
413 5.989560e-01 1.108000e-03 3.999360e-01
414 5.987560e-01 1.108000e-03 4.001360e-01
415 5.986120e-01 1.060000e-03 4.003280e-01
416 5.984720e-01 9.960000e-04 4.005320e-01
417 5.982920e-01 1.032000e-03 4.006760e-01
418 5.980960e-01 1.048000e-03 4.008560e-01
419 5.979680e-01 1.000000e-03 4.010320e-01
420 5.978280e-01 9.320000e-04 4.012400e-01
421 5.976440e-01 9.440000e-04 4.014120e-01
422 5.974640e-01 9.480000e-04 4.015880e-01
423 5.973280e-01 9.640000e-04 4.017080e-01
424 5.972200e-01 9.080000e-04 4.018720e-01
425 5.970400e-01 9.040000e-04 4.020560e-01
426 5.969360e-01 7.800000e-04 4.022840e-01
427 5.967760e-01 7.920000e-04 4.024320e-01
428 5.966240e-01 8.480000e-04 4.025280e-01
429 5.964440e-01 8.600000e-04 4.026960e-01
430 5.962880e-01 9.080000e-04 4.028040e-01
431 5.961040e-01 9.280000e-04 4.029680e-01
432 5.959560e-01 9.080000e-04 4.031360e-01
433 5.958200e-01 9.160000e-04 4.032640e-01
434 5.956560e-01 9.600000e-04 4.033840e-01
435 5.954840e-01 1.008000e-03 4.035080e-01
436 5.953120e-01 1.004000e-03 4.036840e-01
437 5.951720e-01 9.720000e-04 4.038560e-01
438 5.950320e-01 9.360000e-04 4.040320e-01
439 5.949040e-01 9.000000e-04 4.041960e-01
440 5.947880e-01 8.880000e-04 4.043240e-01
441 5.946560e-01 8.360000e-04 4.045080e-01
442 5.945320e-01 8.320000e-04 4.046360e-01
443 5.944120e-01 8.280000e-04 4.047600e-01
444 5.942600e-01 8.480000e-04 4.048920e-01
445 5.940640e-01 8.920000e-04 4.050440e-01
446 5.939160e-01 8.840000e-04 4.052000e-01
447 5.937640e-01 8.120000e-04 4.054240e-01
448 5.936440e-01 7.800000e-04 4.055760e-01
449 5.935280e-01 7.880000e-04 4.056840e-01
450 5.933480e-01 8.080000e-04 4.058440e-01
451 5.932040e-01 7.800000e-04 4.060160e-01
452 5.931040e-01 7.040000e-04 4.061920e-01
453 5.930000e-01 6.760000e-04 4.063240e-01
454 5.928560e-01 6.960000e-04 4.064480e-01
455 5.927040e-01 7.120000e-04 4.065840e-01
456 5.925360e-01 7.520000e-04 4.067120e-01
457 5.923880e-01 7.680000e-04 4.068440e-01
458 5.922440e-01 7.720000e-04 4.069840e-01
459 5.921640e-01 7.120000e-04 4.071240e-01
460 5.920760e-01 7.000000e-04 4.072240e-01
461 5.919840e-01 6.320000e-04 4.073840e-01
462 5.918920e-01 6.000000e-04 4.075080e-01
463 5.917920e-01 5.800000e-04 4.076280e-01
464 5.917040e-01 5.760000e-04 4.077200e-01
465 5.915800e-01 5.800000e-04 4.078400e-01
466 5.914640e-01 5.960000e-04 4.079400e-01
467 5.913040e-01 6.680000e-04 4.080280e-01
468 5.912120e-01 6.320000e-04 4.081560e-01
469 5.911160e-01 5.960000e-04 4.082880e-01
470 5.910560e-01 5.680000e-04 4.083760e-01
471 5.909600e-01 5.800000e-04 4.084600e-01
472 5.908640e-01 5.560000e-04 4.085800e-01
473 5.907640e-01 5.840000e-04 4.086520e-01
474 5.906440e-01 6.000000e-04 4.087560e-01
475 5.905280e-01 5.800000e-04 4.088920e-01
476 5.904240e-01 5.760000e-04 4.090000e-01
477 5.903560e-01 5.440000e-04 4.091000e-01
478 5.902640e-01 5.560000e-04 4.091800e-01
479 5.901440e-01 5.880000e-04 4.092680e-01
480 5.899920e-01 6.440000e-04 4.093640e-01
481 5.898640e-01 6.120000e-04 4.095240e-01
482 5.898040e-01 5.960000e-04 4.096000e-01
483 5.897560e-01 5.640000e-04 4.096800e-01
484 5.896680e-01 5.520000e-04 4.097800e-01
485 5.895680e-01 5.720000e-04 4.098600e-01
486 5.894680e-01 5.800000e-04 4.099520e-01
487 5.893880e-01 5.640000e-04 4.100480e-01
488 5.893160e-01 5.520000e-04 4.101320e-01
489 5.892600e-01 5.280000e-04 4.102120e-01
490 5.891480e-01 5.200000e-04 4.103320e-01
491 5.890520e-01 5.280000e-04 4.104200e-01
492 5.889560e-01 5.400000e-04 4.105040e-01
493 5.888640e-01 5.280000e-04 4.106080e-01
494 5.887640e-01 5.440000e-04 4.106920e-01
495 5.886760e-01 5.200000e-04 4.108040e-01
496 5.885640e-01 5.520000e-04 4.108840e-01
497 5.884680e-01 5.520000e-04 4.109800e-01
498 5.884040e-01 5.280000e-04 4.110680e-01
499 5.882840e-01 5.520000e-04 4.111640e-01
500 5.881800e-01 5.360000e-04 4.112840e-01
