1 9.991680e-01 7.440000e-04 8.800000e-05
2 9.985200e-01 1.188000e-03 2.920000e-04
3 9.978320e-01 1.636000e-03 5.320000e-04
4 9.969880e-01 2.176000e-03 8.360000e-04
5 9.960160e-01 2.736000e-03 1.248000e-03
6 9.950080e-01 3.260000e-03 1.732000e-03
7 9.939040e-01 3.728000e-03 2.368000e-03
8 9.927440e-01 4.240000e-03 3.016000e-03
9 9.916240e-01 4.620000e-03 3.756000e-03
10 9.905360e-01 4.812000e-03 4.652000e-03
11 9.892360e-01 5.200000e-03 5.564000e-03
12 9.879720e-01 5.448000e-03 6.580000e-03
13 9.868200e-01 5.736000e-03 7.444000e-03
14 9.854360e-01 6.068000e-03 8.496000e-03
15 9.841000e-01 6.432000e-03 9.468000e-03
16 9.826680e-01 6.632000e-03 1.070000e-02
17 9.813280e-01 6.808000e-03 1.186400e-02
18 9.797960e-01 7.116000e-03 1.308800e-02
19 9.784040e-01 7.252000e-03 1.434400e-02
20 9.770280e-01 7.248000e-03 1.572400e-02
21 9.757600e-01 7.300000e-03 1.694000e-02
22 9.744560e-01 7.524000e-03 1.802000e-02
23 9.731400e-01 7.448000e-03 1.941200e-02
24 9.717640e-01 7.492000e-03 2.074400e-02
25 9.702160e-01 7.776000e-03 2.200800e-02
26 9.687880e-01 7.868000e-03 2.334400e-02
27 9.674600e-01 7.748000e-03 2.479200e-02
28 9.659160e-01 7.912000e-03 2.617200e-02
29 9.644800e-01 7.996000e-03 2.752400e-02
30 9.629520e-01 8.216000e-03 2.883200e-02
31 9.615120e-01 8.204000e-03 3.028400e-02
32 9.600400e-01 8.144000e-03 3.181600e-02
33 9.586240e-01 8.192000e-03 3.318400e-02
34 9.572920e-01 8.060000e-03 3.464800e-02
35 9.558680e-01 8.156000e-03 3.597600e-02
36 9.543320e-01 8.324000e-03 3.734400e-02
37 9.529360e-01 8.228000e-03 3.883600e-02
38 9.513080e-01 8.360000e-03 4.033200e-02
39 9.497760e-01 8.572000e-03 4.165200e-02
40 9.482080e-01 8.652000e-03 4.314000e-02
41 9.466680e-01 8.776000e-03 4.455600e-02
42 9.450320e-01 8.944000e-03 4.602400e-02
43 9.434240e-01 8.972000e-03 4.760400e-02
44 9.418160e-01 9.092000e-03 4.909200e-02
45 9.400840e-01 9.180000e-03 5.073600e-02
46 9.382880e-01 9.324000e-03 5.238800e-02
47 9.365520e-01 9.536000e-03 5.391200e-02
48 9.347680e-01 9.732000e-03 5.550000e-02
49 9.330000e-01 9.904000e-03 5.709600e-02
50 9.313400e-01 9.912000e-03 5.874800e-02
51 9.294760e-01 1.002400e-02 6.050000e-02
52 9.277200e-01 1.010000e-02 6.218000e-02
53 9.257560e-01 1.012400e-02 6.412000e-02
54 9.240880e-01 9.860000e-03 6.605200e-02
55 9.224680e-01 9.804000e-03 6.772800e-02
56 9.209000e-01 9.776000e-03 6.932400e-02
57 9.192880e-01 9.664000e-03 7.104800e-02
58 9.176800e-01 9.520000e-03 7.280000e-02
59 9.161320e-01 9.528000e-03 7.434000e-02
60 9.146040e-01 9.324000e-03 7.607200e-02
61 9.130320e-01 9.312000e-03 7.765600e-02
62 9.114800e-01 9.408000e-03 7.911200e-02
63 9.099320e-01 9.384000e-03 8.068400e-02
64 9.085120e-01 9.240000e-03 8.224800e-02
65 9.071200e-01 8.940000e-03 8.394000e-02
66 9.055480e-01 8.932000e-03 8.552000e-02
67 9.041000e-01 8.848000e-03 8.705200e-02
68 9.026360e-01 8.796000e-03 8.856800e-02
69 9.012040e-01 8.660000e-03 9.013600e-02
70 8.997320e-01 8.496000e-03 9.177200e-02
71 8.982480e-01 8.468000e-03 9.328400e-02
72 8.968560e-01 8.248000e-03 9.489600e-02
73 8.954560e-01 8.116000e-03 9.642800e-02
74 8.940480e-01 8.092000e-03 9.786000e-02
75 8.925760e-01 8.156000e-03 9.926800e-02
76 8.910480e-01 8.200000e-03 1.007520e-01
77 8.897520e-01 8.076000e-03 1.021720e-01
78 8.883680e-01 8.068000e-03 1.035640e-01
79 8.869040e-01 8.080000e-03 1.050160e-01
80 8.855440e-01 8.084000e-03 1.063720e-01
81 8.843160e-01 7.896000e-03 1.077880e-01
82 8.829080e-01 7.928000e-03 1.091640e-01
83 8.814920e-01 7.960000e-03 1.105480e-01
84 8.799240e-01 8.168000e-03 1.119080e-01
85 8.784280e-01 8.204000e-03 1.133680e-01
86 8.770200e-01 8.152000e-03 1.148280e-01
87 8.754600e-01 8.208000e-03 1.163320e-01
88 8.738920e-01 8.492000e-03 1.176160e-01
89 8.724320e-01 8.480000e-03 1.190880e-01
90 8.709440e-01 8.428000e-03 1.206280e-01
91 8.695160e-01 8.592000e-03 1.218920e-01
92 8.679240e-01 8.532000e-03 1.235440e-01
93 8.664320e-01 8.472000e-03 1.250960e-01
94 8.648560e-01 8.480000e-03 1.266640e-01
95 8.633840e-01 8.548000e-03 1.280680e-01
96 8.616960e-01 8.748000e-03 1.295560e-01
97 8.602560e-01 8.696000e-03 1.310480e-01
98 8.587080e-01 8.740000e-03 1.325520e-01
99 8.571760e-01 8.704000e-03 1.341200e-01
100 8.556680e-01 8.664000e-03 1.356680e-01
101 8.542680e-01 8.492000e-03 1.372400e-01
102 8.527160e-01 8.648000e-03 1.386360e-01
103 8.514080e-01 8.560000e-03 1.400320e-01
104 8.500080e-01 8.400000e-03 1.415920e-01
105 8.485760e-01 8.356000e-03 1.430680e-01
106 8.471320e-01 8.440000e-03 1.444280e-01
107 8.457680e-01 8.304000e-03 1.459280e-01
108 8.442680e-01 8.388000e-03 1.473440e-01
109 8.429280e-01 8.336000e-03 1.487360e-01
110 8.416800e-01 8.148000e-03 1.501720e-01
111 8.403320e-01 8.020000e-03 1.516480e-01
112 8.391440e-01 7.948000e-03 1.529080e-01
113 8.378080e-01 7.792000e-03 1.544000e-01
114 8.364200e-01 7.868000e-03 1.557120e-01
115 8.350480e-01 8.096000e-03 1.568560e-01
116 8.336920e-01 8.072000e-03 1.582360e-01
117 8.323000e-01 8.060000e-03 1.596400e-01
118 8.308600e-01 8.044000e-03 1.610960e-01
119 8.294640e-01 8.068000e-03 1.624680e-01
120 8.279080e-01 8.284000e-03 1.638080e-01
121 8.265320e-01 8.204000e-03 1.652640e-01
122 8.250040e-01 8.224000e-03 1.667720e-01
123 8.234000e-01 8.508000e-03 1.680920e-01
124 8.218400e-01 8.600000e-03 1.695600e-01
125 8.204040e-01 8.432000e-03 1.711640e-01
126 8.189360e-01 8.380000e-03 1.726840e-01
127 8.175320e-01 8.220000e-03 1.742480e-01
128 8.161880e-01 8.156000e-03 1.756560e-01
129 8.148280e-01 8.096000e-03 1.770760e-01
130 8.135440e-01 7.964000e-03 1.784920e-01
131 8.122760e-01 7.760000e-03 1.799640e-01
132 8.110880e-01 7.616000e-03 1.812960e-01
133 8.098440e-01 7.504000e-03 1.826520e-01
134 8.086360e-01 7.264000e-03 1.841000e-01
135 8.074120e-01 7.348000e-03 1.852400e-01
136 8.062840e-01 7.144000e-03 1.865720e-01
137 8.052120e-01 6.972000e-03 1.878160e-01
138 8.039360e-01 6.980000e-03 1.890840e-01
139 8.028080e-01 6.844000e-03 1.903480e-01
140 8.015960e-01 6.868000e-03 1.915360e-01
141 8.002840e-01 6.960000e-03 1.927560e-01
142 7.991840e-01 6.804000e-03 1.940120e-01
143 7.981440e-01 6.692000e-03 1.951640e-01
144 7.971160e-01 6.524000e-03 1.963600e-01
145 7.961480e-01 6.380000e-03 1.974720e-01
146 7.951520e-01 6.212000e-03 1.986360e-01
147 7.941400e-01 6.128000e-03 1.997320e-01
148 7.932160e-01 5.972000e-03 2.008120e-01
149 7.922080e-01 6.004000e-03 2.017880e-01
150 7.912760e-01 5.916000e-03 2.028080e-01
151 7.902800e-01 5.976000e-03 2.037440e-01
152 7.891640e-01 6.048000e-03 2.047880e-01
153 7.881280e-01 5.872000e-03 2.060000e-01
154 7.870560e-01 5.892000e-03 2.070520e-01
155 7.862400e-01 5.644000e-03 2.081160e-01
156 7.852880e-01 5.620000e-03 2.090920e-01
157 7.843400e-01 5.692000e-03 2.099680e-01
158 7.834880e-01 5.504000e-03 2.110080e-01
159 7.826440e-01 5.496000e-03 2.118600e-01
160 7.817200e-01 5.540000e-03 2.127400e-01
161 7.807760e-01 5.588000e-03 2.136360e-01
162 7.798920e-01 5.532000e-03 2.145760e-01
163 7.789000e-01 5.576000e-03 2.155240e-01
164 7.779160e-01 5.564000e-03 2.165200e-01
165 7.769960e-01 5.448000e-03 2.175560e-01
166 7.759480e-01 5.536000e-03 2.185160e-01
167 7.748400e-01 5.500000e-03 2.196600e-01
168 7.738600e-01 5.488000e-03 2.206520e-01
169 7.730040e-01 5.352000e-03 2.216440e-01
170 7.720160e-01 5.392000e-03 2.225920e-01
171 7.710480e-01 5.344000e-03 2.236080e-01
172 7.701320e-01 5.392000e-03 2.244760e-01
173 7.691480e-01 5.464000e-03 2.253880e-01
174 7.682280e-01 5.352000e-03 2.264200e-01
175 7.672520e-01 5.380000e-03 2.273680e-01
176 7.662160e-01 5.468000e-03 2.283160e-01
177 7.653680e-01 5.272000e-03 2.293600e-01
178 7.646240e-01 4.956000e-03 2.304200e-01
179 7.638240e-01 4.864000e-03 2.313120e-01
180 7.630040e-01 4.724000e-03 2.322720e-01
181 7.621320e-01 4.832000e-03 2.330360e-01
182 7.613360e-01 4.708000e-03 2.339560e-01
183 7.603960e-01 4.804000e-03 2.348000e-01
184 7.595880e-01 4.780000e-03 2.356320e-01
185 7.589120e-01 4.632000e-03 2.364560e-01
186 7.581240e-01 4.704000e-03 2.371720e-01
187 7.573240e-01 4.708000e-03 2.379680e-01
188 7.565840e-01 4.736000e-03 2.386800e-01
189 7.557480e-01 4.688000e-03 2.395640e-01
190 7.548560e-01 4.752000e-03 2.403920e-01
191 7.540080e-01 4.812000e-03 2.411800e-01
192 7.532680e-01 4.748000e-03 2.419840e-01
193 7.524440e-01 4.732000e-03 2.428240e-01
194 7.515520e-01 4.800000e-03 2.436480e-01
195 7.507320e-01 4.688000e-03 2.445800e-01
196 7.498280e-01 4.792000e-03 2.453800e-01
197 7.490480e-01 4.844000e-03 2.461080e-01
198 7.483120e-01 4.724000e-03 2.469640e-01
199 7.474440e-01 4.784000e-03 2.477720e-01
200 7.466400e-01 4.696000e-03 2.486640e-01
201 7.459440e-01 4.568000e-03 2.494880e-01
202 7.452120e-01 4.556000e-03 2.502320e-01
203 7.444400e-01 4.564000e-03 2.509960e-01
204 7.435880e-01 4.676000e-03 2.517360e-01
205 7.429040e-01 4.488000e-03 2.526080e-01
206 7.422160e-01 4.316000e-03 2.534680e-01
207 7.415080e-01 4.292000e-03 2.542000e-01
208 7.407960e-01 4.264000e-03 2.549400e-01
209 7.399320e-01 4.508000e-03 2.555600e-01
210 7.390720e-01 4.688000e-03 2.562400e-01
211 7.384280e-01 4.584000e-03 2.569880e-01
212 7.376720e-01 4.472000e-03 2.578560e-01
213 7.370600e-01 4.308000e-03 2.586320e-01
214 7.363680e-01 4.248000e-03 2.593840e-01
215 7.356760e-01 4.192000e-03 2.601320e-01
216 7.349640e-01 4.172000e-03 2.608640e-01
217 7.343040e-01 4.176000e-03 2.615200e-01
218 7.335520e-01 4.196000e-03 2.622520e-01
219 7.329120e-01 4.100000e-03 2.629880e-01
220 7.323400e-01 3.904000e-03 2.637560e-01
221 7.316520e-01 3.920000e-03 2.644280e-01
222 7.310120e-01 3.932000e-03 2.650560e-01
223 7.303560e-01 3.904000e-03 2.657400e-01
224 7.297840e-01 3.804000e-03 2.664120e-01
225 7.291720e-01 3.868000e-03 2.669600e-01
226 7.285800e-01 3.780000e-03 2.676400e-01
227 7.279200e-01 3.808000e-03 2.682720e-01
228 7.271480e-01 3.944000e-03 2.689080e-01
229 7.264880e-01 3.908000e-03 2.696040e-01
230 7.257880e-01 3.916000e-03 2.702960e-01
231 7.251280e-01 3.808000e-03 2.710640e-01
232 7.245200e-01 3.696000e-03 2.717840e-01
233 7.239080e-01 3.628000e-03 2.724640e-01
234 7.233720e-01 3.468000e-03 2.731600e-01
235 7.228080e-01 3.444000e-03 2.737480e-01
236 7.221720e-01 3.492000e-03 2.743360e-01
237 7.216080e-01 3.400000e-03 2.749920e-01
238 7.210600e-01 3.304000e-03 2.756360e-01
239 7.205240e-01 3.264000e-03 2.762120e-01
240 7.199640e-01 3.248000e-03 2.767880e-01
241 7.194120e-01 3.212000e-03 2.773760e-01
242 7.188320e-01 3.232000e-03 2.779360e-01
243 7.182480e-01 3.240000e-03 2.785120e-01
244 7.176720e-01 3.296000e-03 2.790320e-01
245 7.171480e-01 3.280000e-03 2.795720e-01
246 7.165480e-01 3.272000e-03 2.801800e-01
247 7.160200e-01 3.216000e-03 2.807640e-01
248 7.154080e-01 3.324000e-03 2.812680e-01
249 7.147800e-01 3.316000e-03 2.819040e-01
250 7.141760e-01 3.396000e-03 2.824280e-01
251 7.135400e-01 3.320000e-03 2.831400e-01
252 7.129480e-01 3.320000e-03 2.837320e-01
253 7.124320e-01 3.236000e-03 2.843320e-01
254 7.119600e-01 3.108000e-03 2.849320e-01
255 7.114200e-01 3.200000e-03 2.853800e-01
256 7.107640e-01 3.308000e-03 2.859280e-01
257 7.101240e-01 3.376000e-03 2.865000e-01
258 7.094800e-01 3.500000e-03 2.870200e-01
259 7.088560e-01 3.568000e-03 2.875760e-01
260 7.082240e-01 3.604000e-03 2.881720e-01
261 7.076080e-01 3.512000e-03 2.888800e-01
262 7.069440e-01 3.500000e-03 2.895560e-01
263 7.063760e-01 3.580000e-03 2.900440e-01
264 7.058800e-01 3.476000e-03 2.906440e-01
265 7.053840e-01 3.336000e-03 2.912800e-01
266 7.048560e-01 3.260000e-03 2.918840e-01
267 7.043080e-01 3.284000e-03 2.924080e-01
268 7.037040e-01 3.292000e-03 2.930040e-01
269 7.030760e-01 3.296000e-03 2.936280e-01
270 7.025480e-01 3.244000e-03 2.942080e-01
271 7.019280e-01 3.328000e-03 2.947440e-01
272 7.013800e-01 3.308000e-03 2.953120e-01
273 7.007560e-01 3.312000e-03 2.959320e-01
274 7.001760e-01 3.332000e-03 2.964920e-01
275 6.995960e-01 3.348000e-03 2.970560e-01
276 6.989680e-01 3.328000e-03 2.977040e-01
277 6.983760e-01 3.408000e-03 2.982160e-01
278 6.977560e-01 3.428000e-03 2.988160e-01
279 6.972560e-01 3.304000e-03 2.994400e-01
280 6.966680e-01 3.280000e-03 3.000520e-01
281 6.960920e-01 3.252000e-03 3.006560e-01
282 6.955200e-01 3.324000e-03 3.011560e-01
283 6.949480e-01 3.328000e-03 3.017240e-01
284 6.944400e-01 3.256000e-03 3.023040e-01
285 6.938840e-01 3.244000e-03 3.028720e-01
286 6.932160e-01 3.268000e-03 3.035160e-01
287 6.927440e-01 3.200000e-03 3.040560e-01
288 6.922280e-01 3.252000e-03 3.045200e-01
289 6.916800e-01 3.232000e-03 3.050880e-01
290 6.911080e-01 3.280000e-03 3.056120e-01
291 6.905280e-01 3.280000e-03 3.061920e-01
292 6.900160e-01 3.240000e-03 3.067440e-01
293 6.894000e-01 3.312000e-03 3.072880e-01
294 6.888480e-01 3.308000e-03 3.078440e-01
295 6.882560e-01 3.224000e-03 3.085200e-01
296 6.877720e-01 3.068000e-03 3.091600e-01
297 6.872480e-01 3.024000e-03 3.097280e-01
298 6.867920e-01 2.924000e-03 3.102840e-01
299 6.862000e-01 2.980000e-03 3.108200e-01
300 6.857600e-01 2.864000e-03 3.113760e-01
301 6.852600e-01 2.776000e-03 3.119640e-01
302 6.847920e-01 2.752000e-03 3.124560e-01
303 6.843840e-01 2.660000e-03 3.129560e-01
304 6.839040e-01 2.648000e-03 3.134480e-01
305 6.834440e-01 2.664000e-03 3.138920e-01
306 6.830200e-01 2.632000e-03 3.143480e-01
307 6.826760e-01 2.528000e-03 3.147960e-01
308 6.822280e-01 2.608000e-03 3.151640e-01
309 6.818240e-01 2.532000e-03 3.156440e-01
310 6.814360e-01 2.544000e-03 3.160200e-01
311 6.810800e-01 2.464000e-03 3.164560e-01
312 6.807040e-01 2.388000e-03 3.169080e-01
313 6.802400e-01 2.476000e-03 3.172840e-01
314 6.798000e-01 2.620000e-03 3.175800e-01
315 6.793600e-01 2.604000e-03 3.180360e-01
316 6.788640e-01 2.612000e-03 3.185240e-01
317 6.785800e-01 2.380000e-03 3.190400e-01
318 6.780840e-01 2.556000e-03 3.193600e-01
319 6.775920e-01 2.556000e-03 3.198520e-01
320 6.772120e-01 2.520000e-03 3.202680e-01
321 6.767880e-01 2.452000e-03 3.207600e-01
322 6.763440e-01 2.380000e-03 3.212760e-01
323 6.759840e-01 2.368000e-03 3.216480e-01
324 6.756160e-01 2.340000e-03 3.220440e-01
325 6.752320e-01 2.304000e-03 3.224640e-01
326 6.748560e-01 2.328000e-03 3.228160e-01
327 6.744120e-01 2.360000e-03 3.232280e-01
328 6.739840e-01 2.392000e-03 3.236240e-01
329 6.735680e-01 2.404000e-03 3.240280e-01
330 6.731840e-01 2.376000e-03 3.244400e-01
331 6.727520e-01 2.372000e-03 3.248760e-01
332 6.723440e-01 2.372000e-03 3.252840e-01
333 6.719120e-01 2.368000e-03 3.257200e-01
334 6.714760e-01 2.420000e-03 3.261040e-01
335 6.710520e-01 2.456000e-03 3.264920e-01
336 6.706760e-01 2.304000e-03 3.270200e-01
337 6.702840e-01 2.232000e-03 3.274840e-01
338 6.699320e-01 2.204000e-03 3.278640e-01
339 6.695760e-01 2.172000e-03 3.282520e-01
340 6.692640e-01 2.060000e-03 3.286760e-01
341 6.689160e-01 2.008000e-03 3.290760e-01
342 6.686480e-01 1.968000e-03 3.293840e-01
343 6.682560e-01 1.988000e-03 3.297560e-01
344 6.678920e-01 2.036000e-03 3.300720e-01
345 6.676360e-01 1.936000e-03 3.304280e-01
346 6.673160e-01 1.964000e-03 3.307200e-01
347 6.670040e-01 1.888000e-03 3.311080e-01
348 6.666440e-01 1.916000e-03 3.314400e-01
349 6.662920e-01 1.900000e-03 3.318080e-01
350 6.660360e-01 1.820000e-03 3.321440e-01
351 6.657360e-01 1.712000e-03 3.325520e-01
352 6.654640e-01 1.684000e-03 3.328520e-01
353 6.651960e-01 1.600000e-03 3.332040e-01
354 6.648920e-01 1.636000e-03 3.334720e-01
355 6.646320e-01 1.600000e-03 3.337680e-01
356 6.643280e-01 1.592000e-03 3.340800e-01
357 6.640520e-01 1.616000e-03 3.343320e-01
358 6.638120e-01 1.572000e-03 3.346160e-01
359 6.635640e-01 1.548000e-03 3.348880e-01
360 6.633160e-01 1.556000e-03 3.351280e-01
361 6.630280e-01 1.568000e-03 3.354040e-01
362 6.627960e-01 1.540000e-03 3.356640e-01
363 6.625640e-01 1.468000e-03 3.359680e-01
364 6.623600e-01 1.392000e-03 3.362480e-01
365 6.620120e-01 1.484000e-03 3.365040e-01
366 6.618200e-01 1.404000e-03 3.367760e-01
367 6.616000e-01 1.400000e-03 3.370000e-01
368 6.613640e-01 1.356000e-03 3.372800e-01
369 6.611800e-01 1.352000e-03 3.374680e-01
370 6.609200e-01 1.368000e-03 3.377120e-01
371 6.607520e-01 1.312000e-03 3.379360e-01
372 6.605920e-01 1.192000e-03 3.382160e-01
373 6.603520e-01 1.216000e-03 3.384320e-01
374 6.601200e-01 1.228000e-03 3.386520e-01
375 6.598840e-01 1.244000e-03 3.388720e-01
376 6.596280e-01 1.288000e-03 3.390840e-01
377 6.593720e-01 1.340000e-03 3.392880e-01
378 6.590360e-01 1.452000e-03 3.395120e-01
379 6.588120e-01 1.360000e-03 3.398280e-01
380 6.585840e-01 1.368000e-03 3.400480e-01
381 6.583440e-01 1.396000e-03 3.402600e-01
382 6.580920e-01 1.436000e-03 3.404720e-01
383 6.578200e-01 1.508000e-03 3.406720e-01
384 6.575080e-01 1.556000e-03 3.409360e-01
385 6.572320e-01 1.568000e-03 3.412000e-01
386 6.569680e-01 1.552000e-03 3.414800e-01
387 6.567200e-01 1.516000e-03 3.417640e-01
388 6.564560e-01 1.508000e-03 3.420360e-01
389 6.561680e-01 1.488000e-03 3.423440e-01
390 6.559080e-01 1.512000e-03 3.425800e-01
391 6.556720e-01 1.500000e-03 3.428280e-01
392 6.554720e-01 1.456000e-03 3.430720e-01
393 6.552160e-01 1.440000e-03 3.433440e-01
394 6.549600e-01 1.452000e-03 3.435880e-01
395 6.547280e-01 1.404000e-03 3.438680e-01
396 6.544120e-01 1.508000e-03 3.440800e-01
397 6.541760e-01 1.452000e-03 3.443720e-01
398 6.539680e-01 1.392000e-03 3.446400e-01
399 6.537320e-01 1.372000e-03 3.448960e-01
400 6.535000e-01 1.348000e-03 3.451520e-01
401 6.532520e-01 1.300000e-03 3.454480e-01
402 6.529920e-01 1.340000e-03 3.456680e-01
403 6.527920e-01 1.300000e-03 3.459080e-01
404 6.525880e-01 1.232000e-03 3.461800e-01
405 6.523480e-01 1.296000e-03 3.463560e-01
406 6.521640e-01 1.284000e-03 3.465520e-01
407 6.519720e-01 1.284000e-03 3.467440e-01
408 6.518080e-01 1.264000e-03 3.469280e-01
409 6.516360e-01 1.280000e-03 3.470840e-01
410 6.514320e-01 1.232000e-03 3.473360e-01
411 6.511600e-01 1.296000e-03 3.475440e-01
412 6.509000e-01 1.336000e-03 3.477640e-01
413 6.506760e-01 1.336000e-03 3.479880e-01
414 6.504040e-01 1.328000e-03 3.482680e-01
415 6.501680e-01 1.356000e-03 3.484760e-01
416 6.499720e-01 1.348000e-03 3.486800e-01
417 6.497480e-01 1.376000e-03 3.488760e-01
418 6.494240e-01 1.416000e-03 3.491600e-01
419 6.491520e-01 1.440000e-03 3.494080e-01
420 6.489560e-01 1.404000e-03 3.496400e-01
421 6.487320e-01 1.384000e-03 3.498840e-01
422 6.485720e-01 1.268000e-03 3.501600e-01
423 6.483160e-01 1.332000e-03 3.503520e-01
424 6.481000e-01 1.316000e-03 3.505840e-01
425 6.478760e-01 1.312000e-03 3.508120e-01
426 6.477240e-01 1.188000e-03 3.510880e-01
427 6.475400e-01 1.132000e-03 3.513280e-01
428 6.473240e-01 1.148000e-03 3.515280e-01
429 6.470920e-01 1.204000e-03 3.517040e-01
430 6.468680e-01 1.220000e-03 3.519120e-01
431 6.466920e-01 1.140000e-03 3.521680e-01
432 6.465280e-01 1.144000e-03 3.523280e-01
433 6.463640e-01 1.128000e-03 3.525080e-01
434 6.461720e-01 1.104000e-03 3.527240e-01
435 6.459880e-01 1.124000e-03 3.528880e-01
436 6.458120e-01 1.100000e-03 3.530880e-01
437 6.456200e-01 1.060000e-03 3.533200e-01
438 6.454560e-01 1.008000e-03 3.535360e-01
439 6.452800e-01 1.012000e-03 3.537080e-01
440 6.450880e-01 1.028000e-03 3.538840e-01
441 6.448720e-01 1.100000e-03 3.540280e-01
442 6.446920e-01 1.116000e-03 3.541920e-01
443 6.444560e-01 1.112000e-03 3.544320e-01
444 6.442520e-01 1.092000e-03 3.546560e-01
445 6.440760e-01 1.084000e-03 3.548400e-01
446 6.439280e-01 1.016000e-03 3.550560e-01
447 6.437600e-01 9.960000e-04 3.552440e-01
448 6.436240e-01 9.360000e-04 3.554400e-01
449 6.434720e-01 9.680000e-04 3.555600e-01
450 6.433560e-01 8.720000e-04 3.557720e-01
451 6.432160e-01 8.600000e-04 3.559240e-01
452 6.429920e-01 9.320000e-04 3.560760e-01
453 6.428240e-01 9.400000e-04 3.562360e-01
454 6.426400e-01 9.560000e-04 3.564040e-01
455 6.424880e-01 9.440000e-04 3.565680e-01
456 6.422960e-01 9.720000e-04 3.567320e-01
457 6.420880e-01 9.600000e-04 3.569520e-01
458 6.418920e-01 9.720000e-04 3.571360e-01
459 6.417200e-01 9.560000e-04 3.573240e-01
460 6.416080e-01 8.800000e-04 3.575120e-01
461 6.415080e-01 8.520000e-04 3.576400e-01
462 6.413400e-01 8.880000e-04 3.577720e-01
463 6.412040e-01 8.760000e-04 3.579200e-01
464 6.410880e-01 8.400000e-04 3.580720e-01
465 6.409440e-01 8.400000e-04 3.582160e-01
466 6.407880e-01 8.280000e-04 3.583840e-01
467 6.406720e-01 8.400000e-04 3.584880e-01
468 6.405320e-01 8.560000e-04 3.586120e-01
469 6.403680e-01 8.880000e-04 3.587440e-01
470 6.402360e-01 8.680000e-04 3.588960e-01
471 6.401280e-01 8.480000e-04 3.590240e-01
472 6.400040e-01 8.640000e-04 3.591320e-01
473 6.398320e-01 8.560000e-04 3.593120e-01
474 6.397480e-01 8.200000e-04 3.594320e-01
475 6.396400e-01 7.840000e-04 3.595760e-01
476 6.395280e-01 7.480000e-04 3.597240e-01
477 6.393840e-01 7.560000e-04 3.598600e-01
478 6.392400e-01 7.680000e-04 3.599920e-01
479 6.391040e-01 7.680000e-04 3.601280e-01
480 6.390200e-01 7.080000e-04 3.602720e-01
481 6.388920e-01 7.160000e-04 3.603920e-01
482 6.388040e-01 6.920000e-04 3.605040e-01
483 6.386960e-01 6.720000e-04 3.606320e-01
484 6.385440e-01 7.160000e-04 3.607400e-01
485 6.384160e-01 7.000000e-04 3.608840e-01
486 6.383360e-01 6.640000e-04 3.610000e-01
487 6.382040e-01 6.840000e-04 3.611120e-01
488 6.380920e-01 6.680000e-04 3.612400e-01
489 6.379680e-01 6.720000e-04 3.613600e-01
490 6.378320e-01 6.960000e-04 3.614720e-01
491 6.377120e-01 7.120000e-04 3.615760e-01
492 6.375720e-01 7.600000e-04 3.616680e-01
493 6.374200e-01 7.920000e-04 3.617880e-01
494 6.372840e-01 7.400000e-04 3.619760e-01
495 6.371280e-01 7.800000e-04 3.620920e-01
496 6.370120e-01 7.080000e-04 3.622800e-01
497 6.369200e-01 7.320000e-04 3.623480e-01
498 6.368120e-01 7.480000e-04 3.624400e-01
499 6.366680e-01 7.560000e-04 3.625760e-01
500 6.365200e-01 7.640000e-04 3.627160e-01
