1 9.991880e-01 6.960000e-04 1.160000e-04
2 9.987160e-01 1.048000e-03 2.360000e-04
3 9.982040e-01 1.320000e-03 4.760000e-04
4 9.975320e-01 1.688000e-03 7.800000e-04
5 9.968640e-01 2.028000e-03 1.108000e-03
6 9.961280e-01 2.328000e-03 1.544000e-03
7 9.952080e-01 2.784000e-03 2.008000e-03
8 9.943680e-01 3.168000e-03 2.464000e-03
9 9.933040e-01 3.624000e-03 3.072000e-03
10 9.923920e-01 3.812000e-03 3.796000e-03
11 9.913320e-01 4.124000e-03 4.544000e-03
12 9.902840e-01 4.420000e-03 5.296000e-03
13 9.890880e-01 4.812000e-03 6.100000e-03
14 9.878960e-01 5.156000e-03 6.948000e-03
15 9.866720e-01 5.408000e-03 7.920000e-03
16 9.854400e-01 5.680000e-03 8.880000e-03
17 9.841480e-01 5.880000e-03 9.972000e-03
18 9.828760e-01 6.196000e-03 1.092800e-02
19 9.815480e-01 6.304000e-03 1.214800e-02
20 9.801760e-01 6.556000e-03 1.326800e-02
21 9.787680e-01 6.796000e-03 1.443600e-02
22 9.774360e-01 6.968000e-03 1.559600e-02
23 9.760480e-01 7.024000e-03 1.692800e-02
24 9.746680e-01 7.208000e-03 1.812400e-02
25 9.732560e-01 7.256000e-03 1.948800e-02
26 9.717680e-01 7.572000e-03 2.066000e-02
27 9.702080e-01 7.768000e-03 2.202400e-02
28 9.687280e-01 7.832000e-03 2.344000e-02
29 9.671760e-01 8.136000e-03 2.468800e-02
30 9.655320e-01 8.280000e-03 2.618800e-02
31 9.639680e-01 8.264000e-03 2.776800e-02
32 9.624360e-01 8.288000e-03 2.927600e-02
33 9.609120e-01 8.292000e-03 3.079600e-02
34 9.594240e-01 8.320000e-03 3.225600e-02
35 9.580320e-01 8.184000e-03 3.378400e-02
36 9.564920e-01 8.244000e-03 3.526400e-02
37 9.551560e-01 8.252000e-03 3.659200e-02
38 9.537200e-01 8.204000e-03 3.807600e-02
39 9.522440e-01 8.316000e-03 3.944000e-02
40 9.508480e-01 8.272000e-03 4.088000e-02
41 9.494040e-01 8.284000e-03 4.231200e-02
42 9.478080e-01 8.336000e-03 4.385600e-02
43 9.462680e-01 8.476000e-03 4.525600e-02
44 9.447160e-01 8.512000e-03 4.677200e-02
45 9.433080e-01 8.340000e-03 4.835200e-02
46 9.418720e-01 8.260000e-03 4.986800e-02
47 9.403000e-01 8.168000e-03 5.153200e-02
48 9.387000e-01 8.252000e-03 5.304800e-02
49 9.372480e-01 8.224000e-03 5.452800e-02
50 9.356920e-01 8.352000e-03 5.595600e-02
51 9.343440e-01 8.168000e-03 5.748800e-02
52 9.327960e-01 8.288000e-03 5.891600e-02
53 9.313200e-01 8.228000e-03 6.045200e-02
54 9.298240e-01 8.252000e-03 6.192400e-02
55 9.284880e-01 8.128000e-03 6.338400e-02
56 9.269800e-01 8.176000e-03 6.484400e-02
57 9.255600e-01 8.160000e-03 6.628000e-02
58 9.240200e-01 8.268000e-03 6.771200e-02
59 9.225920e-01 8.240000e-03 6.916800e-02
60 9.209800e-01 8.496000e-03 7.052400e-02
61 9.194120e-01 8.632000e-03 7.195600e-02
62 9.179960e-01 8.592000e-03 7.341200e-02
63 9.165640e-01 8.440000e-03 7.499600e-02
64 9.151520e-01 8.404000e-03 7.644400e-02
65 9.136360e-01 8.364000e-03 7.800000e-02
66 9.120760e-01 8.408000e-03 7.951600e-02
67 9.104360e-01 8.516000e-03 8.104800e-02
68 9.089800e-01 8.380000e-03 8.264000e-02
69 9.075840e-01 8.244000e-03 8.417200e-02
70 9.062040e-01 8.128000e-03 8.566800e-02
71 9.048800e-01 8.056000e-03 8.706400e-02
72 9.034640e-01 7.968000e-03 8.856800e-02
73 9.020760e-01 8.040000e-03 8.988400e-02
74 9.007040e-01 8.160000e-03 9.113600e-02
75 8.992320e-01 8.168000e-03 9.260000e-02
76 8.978440e-01 8.228000e-03 9.392800e-02
77 8.963160e-01 8.392000e-03 9.529200e-02
78 8.948720e-01 8.264000e-03 9.686400e-02
79 8.933800e-01 8.380000e-03 9.824000e-02
80 8.917960e-01 8.436000e-03 9.976800e-02
81 8.903200e-01 8.516000e-03 1.011640e-01
82 8.886760e-01 8.640000e-03 1.026840e-01
83 8.870480e-01 8.772000e-03 1.041800e-01
84 8.854320e-01 8.788000e-03 1.057800e-01
85 8.837760e-01 8.868000e-03 1.073560e-01
86 8.822680e-01 8.804000e-03 1.089280e-01
87 8.806600e-01 8.808000e-03 1.105320e-01
88 8.790800e-01 8.924000e-03 1.119960e-01
89 8.773000e-01 9.156000e-03 1.135440e-01
90 8.755520e-01 9.388000e-03 1.150600e-01
91 8.738560e-01 9.428000e-03 1.167160e-01
92 8.720560e-01 9.656000e-03 1.182880e-01
93 8.702360e-01 9.928000e-03 1.198360e-01
94 8.685120e-01 9.952000e-03 1.215360e-01
95 8.667720e-01 9.844000e-03 1.233840e-01
96 8.650080e-01 9.860000e-03 1.251320e-01
97 8.635840e-01 9.496000e-03 1.269200e-01
98 8.621360e-01 9.300000e-03 1.285640e-01
99 8.607000e-01 9.084000e-03 1.302160e-01
100 8.592960e-01 8.920000e-03 1.317840e-01
101 8.580000e-01 8.852000e-03 1.331480e-01
102 8.565400e-01 8.768000e-03 1.346920e-01
103 8.551960e-01 8.708000e-03 1.360960e-01
104 8.538960e-01 8.532000e-03 1.375720e-01
105 8.525920e-01 8.408000e-03 1.390000e-01
106 8.512200e-01 8.280000e-03 1.405000e-01
107 8.498640e-01 8.268000e-03 1.418680e-01
108 8.484960e-01 8.152000e-03 1.433520e-01
109 8.471600e-01 8.116000e-03 1.447240e-01
110 8.459920e-01 7.836000e-03 1.461720e-01
111 8.448440e-01 7.604000e-03 1.475520e-01
112 8.435000e-01 7.628000e-03 1.488720e-01
113 8.423200e-01 7.480000e-03 1.502000e-01
114 8.412600e-01 7.192000e-03 1.515480e-01
115 8.401440e-01 7.076000e-03 1.527800e-01
116 8.387960e-01 7.176000e-03 1.540280e-01
117 8.374400e-01 7.372000e-03 1.551880e-01
118 8.360880e-01 7.328000e-03 1.565840e-01
119 8.349080e-01 7.212000e-03 1.578800e-01
120 8.337080e-01 7.200000e-03 1.590920e-01
121 8.323000e-01 7.336000e-03 1.603640e-01
122 8.307720e-01 7.584000e-03 1.616440e-01
123 8.295240e-01 7.568000e-03 1.629080e-01
124 8.282360e-01 7.544000e-03 1.642200e-01
125 8.269520e-01 7.588000e-03 1.654600e-01
126 8.257160e-01 7.528000e-03 1.667560e-01
127 8.244800e-01 7.360000e-03 1.681600e-01
128 8.231760e-01 7.332000e-03 1.694920e-01
129 8.217880e-01 7.416000e-03 1.707960e-01
130 8.205360e-01 7.488000e-03 1.719760e-01
131 8.193160e-01 7.284000e-03 1.734000e-01
132 8.180880e-01 7.120000e-03 1.747920e-01
133 8.168200e-01 7.136000e-03 1.760440e-01
134 8.155120e-01 7.248000e-03 1.772400e-01
135 8.143760e-01 7.144000e-03 1.784800e-01
136 8.132560e-01 7.092000e-03 1.796520e-01
137 8.120040e-01 7.088000e-03 1.809080e-01
138 8.106960e-01 7.240000e-03 1.820640e-01
139 8.095400e-01 7.104000e-03 1.833560e-01
140 8.082480e-01 7.208000e-03 1.845440e-01
141 8.070600e-01 7.112000e-03 1.858280e-01
142 8.058440e-01 7.048000e-03 1.871080e-01
143 8.048040e-01 6.828000e-03 1.883680e-01
144 8.036600e-01 6.688000e-03 1.896520e-01
145 8.024120e-01 6.748000e-03 1.908400e-01
146 8.013640e-01 6.608000e-03 1.920280e-01
147 8.002640e-01 6.600000e-03 1.931360e-01
148 7.990800e-01 6.624000e-03 1.942960e-01
149 7.980200e-01 6.400000e-03 1.955800e-01
150 7.968400e-01 6.532000e-03 1.966280e-01
151 7.957560e-01 6.612000e-03 1.976320e-01
152 7.945800e-01 6.616000e-03 1.988040e-01
153 7.934920e-01 6.604000e-03 1.999040e-01
154 7.923520e-01 6.560000e-03 2.010880e-01
155 7.913240e-01 6.492000e-03 2.021840e-01
156 7.902680e-01 6.544000e-03 2.031880e-01
157 7.892960e-01 6.400000e-03 2.043040e-01
158 7.882920e-01 6.284000e-03 2.054240e-01
159 7.873400e-01 6.228000e-03 2.064320e-01
160 7.863440e-01 6.124000e-03 2.075320e-01
161 7.853800e-01 6.068000e-03 2.085520e-01
162 7.844320e-01 5.996000e-03 2.095720e-01
163 7.835240e-01 5.952000e-03 2.105240e-01
164 7.825840e-01 5.812000e-03 2.116040e-01
165 7.817560e-01 5.648000e-03 2.125960e-01
166 7.809480e-01 5.540000e-03 2.135120e-01
167 7.800200e-01 5.604000e-03 2.143760e-01
168 7.790080e-01 5.692000e-03 2.153000e-01
169 7.781240e-01 5.536000e-03 2.163400e-01
170 7.774080e-01 5.312000e-03 2.172800e-01
171 7.765600e-01 5.176000e-03 2.182640e-01
172 7.756600e-01 5.164000e-03 2.191760e-01
173 7.747720e-01 5.088000e-03 2.201400e-01
174 7.739600e-01 5.012000e-03 2.210280e-01
175 7.731880e-01 4.848000e-03 2.219640e-01
176 7.723560e-01 4.856000e-03 2.227880e-01
177 7.714880e-01 4.796000e-03 2.237160e-01
178 7.705920e-01 4.856000e-03 2.245520e-01
179 7.697560e-01 4.880000e-03 2.253640e-01
180 7.688680e-01 4.924000e-03 2.262080e-01
181 7.679520e-01 4.908000e-03 2.271400e-01
182 7.671000e-01 4.848000e-03 2.280520e-01
183 7.661320e-01 4.984000e-03 2.288840e-01
184 7.652480e-01 5.056000e-03 2.296960e-01
185 7.643920e-01 4.912000e-03 2.306960e-01
186 7.635600e-01 4.884000e-03 2.315560e-01
187 7.627760e-01 4.776000e-03 2.324480e-01
188 7.620200e-01 4.628000e-03 2.333520e-01
189 7.612920e-01 4.532000e-03 2.341760e-01
190 7.603760e-01 4.656000e-03 2.349680e-01
191 7.596400e-01 4.596000e-03 2.357640e-01
192 7.588400e-01 4.556000e-03 2.366040e-01
193 7.579840e-01 4.592000e-03 2.374240e-01
194 7.570840e-01 4.600000e-03 2.383160e-01
195 7.561440e-01 4.668000e-03 2.391880e-01
196 7.554120e-01 4.652000e-03 2.399360e-01
197 7.546080e-01 4.648000e-03 2.407440e-01
198 7.537760e-01 4.584000e-03 2.416400e-01
199 7.529840e-01 4.576000e-03 2.424400e-01
200 7.522120e-01 4.488000e-03 2.433000e-01
201 7.514320e-01 4.416000e-03 2.441520e-01
202 7.506400e-01 4.508000e-03 2.448520e-01
203 7.497480e-01 4.624000e-03 2.456280e-01
204 7.487400e-01 4.804000e-03 2.464560e-01
205 7.480200e-01 4.676000e-03 2.473040e-01
206 7.472280e-01 4.584000e-03 2.481880e-01
207 7.465240e-01 4.600000e-03 2.488760e-01
208 7.458120e-01 4.564000e-03 2.496240e-01
209 7.451320e-01 4.460000e-03 2.504080e-01
210 7.444880e-01 4.300000e-03 2.512120e-01
211 7.438240e-01 4.256000e-03 2.519200e-01
212 7.432000e-01 4.112000e-03 2.526880e-01
213 7.425560e-01 4.088000e-03 2.533560e-01
214 7.417800e-01 4.232000e-03 2.539880e-01
215 7.409960e-01 4.260000e-03 2.547440e-01
216 7.402920e-01 4.192000e-03 2.555160e-01
217 7.395600e-01 4.184000e-03 2.562560e-01
218 7.388560e-01 4.120000e-03 2.570240e-01
219 7.381320e-01 4.208000e-03 2.576600e-01
220 7.373720e-01 4.136000e-03 2.584920e-01
221 7.367040e-01 4.088000e-03 2.592080e-01
222 7.358760e-01 4.236000e-03 2.598880e-01
223 7.351320e-01 4.304000e-03 2.605640e-01
224 7.343880e-01 4.260000e-03 2.613520e-01
225 7.336360e-01 4.244000e-03 2.621200e-01
226 7.328720e-01 4.240000e-03 2.628880e-01
227 7.320560e-01 4.376000e-03 2.635680e-01
228 7.313080e-01 4.384000e-03 2.643080e-01
229 7.305800e-01 4.356000e-03 2.650640e-01
230 7.299400e-01 4.312000e-03 2.657480e-01
231 7.292480e-01 4.192000e-03 2.665600e-01
232 7.285640e-01 4.180000e-03 2.672560e-01
233 7.278040e-01 4.212000e-03 2.679840e-01
234 7.271080e-01 4.076000e-03 2.688160e-01
235 7.263840e-01 4.112000e-03 2.695040e-01
236 7.255960e-01 4.156000e-03 2.702480e-01
237 7.247120e-01 4.264000e-03 2.710240e-01
238 7.239080e-01 4.344000e-03 2.717480e-01
239 7.232120e-01 4.404000e-03 2.723840e-01
240 7.225720e-01 4.236000e-03 2.731920e-01
241 7.218200e-01 4.324000e-03 2.738560e-01
242 7.210640e-01 4.340000e-03 2.745960e-01
243 7.203040e-01 4.408000e-03 2.752880e-01
244 7.196320e-01 4.356000e-03 2.760120e-01
245 7.188720e-01 4.364000e-03 2.767640e-01
246 7.181080e-01 4.340000e-03 2.775520e-01
247 7.173800e-01 4.232000e-03 2.783880e-01
248 7.167440e-01 4.128000e-03 2.791280e-01
249 7.161000e-01 4.052000e-03 2.798480e-01
250 7.155040e-01 3.952000e-03 2.805440e-01
251 7.148200e-01 3.964000e-03 2.812160e-01
252 7.142240e-01 3.952000e-03 2.818240e-01
253 7.136040e-01 3.820000e-03 2.825760e-01
254 7.129400e-01 3.832000e-03 2.832280e-01
255 7.123760e-01 3.660000e-03 2.839640e-01
256 7.118480e-01 3.484000e-03 2.846680e-01
257 7.113280e-01 3.416000e-03 2.852560e-01
258 7.107520e-01 3.472000e-03 2.857760e-01
259 7.102160e-01 3.480000e-03 2.863040e-01
260 7.096400e-01 3.472000e-03 2.868880e-01
261 7.090160e-01 3.472000e-03 2.875120e-01
262 7.084840e-01 3.352000e-03 2.881640e-01
263 7.079360e-01 3.312000e-03 2.887520e-01
264 7.074160e-01 3.236000e-03 2.893480e-01
265 7.068960e-01 3.116000e-03 2.899880e-01
266 7.062760e-01 3.268000e-03 2.904560e-01
267 7.057920e-01 3.072000e-03 2.911360e-01
268 7.053960e-01 2.892000e-03 2.917120e-01
269 7.049120e-01 2.852000e-03 2.922360e-01
270 7.043760e-01 2.916000e-03 2.927080e-01
271 7.038520e-01 2.932000e-03 2.932160e-01
272 7.032560e-01 3.020000e-03 2.937240e-01
273 7.026320e-01 3.076000e-03 2.942920e-01
274 7.021120e-01 3.044000e-03 2.948440e-01
275 7.015320e-01 3.072000e-03 2.953960e-01
276 7.009800e-01 2.996000e-03 2.960240e-01
277 7.004560e-01 3.012000e-03 2.965320e-01
278 6.998680e-01 3.060000e-03 2.970720e-01
279 6.993800e-01 3.024000e-03 2.975960e-01
280 6.989480e-01 2.952000e-03 2.981000e-01
281 6.984600e-01 2.908000e-03 2.986320e-01
282 6.979520e-01 2.908000e-03 2.991400e-01
283 6.974280e-01 2.936000e-03 2.996360e-01
284 6.969760e-01 2.892000e-03 3.001320e-01
285 6.964560e-01 2.960000e-03 3.005840e-01
286 6.960040e-01 2.844000e-03 3.011520e-01
287 6.955480e-01 2.800000e-03 3.016520e-01
288 6.951320e-01 2.816000e-03 3.020520e-01
289 6.947560e-01 2.700000e-03 3.025440e-01
290 6.943720e-01 2.660000e-03 3.029680e-01
291 6.939880e-01 2.592000e-03 3.034200e-01
292 6.935240e-01 2.600000e-03 3.038760e-01
293 6.931080e-01 2.512000e-03 3.043800e-01
294 6.926520e-01 2.528000e-03 3.048200e-01
295 6.922760e-01 2.452000e-03 3.052720e-01
296 6.919680e-01 2.308000e-03 3.057240e-01
297 6.915560e-01 2.368000e-03 3.060760e-01
298 6.911600e-01 2.336000e-03 3.065040e-01
299 6.908320e-01 2.252000e-03 3.069160e-01
300 6.904640e-01 2.224000e-03 3.073120e-01
301 6.901080e-01 2.212000e-03 3.076800e-01
302 6.897800e-01 2.140000e-03 3.080800e-01
303 6.895000e-01 2.028000e-03 3.084720e-01
304 6.891520e-01 2.016000e-03 3.088320e-01
305 6.888560e-01 1.928000e-03 3.092160e-01
306 6.884480e-01 1.956000e-03 3.095960e-01
307 6.881240e-01 1.864000e-03 3.100120e-01
308 6.877680e-01 1.928000e-03 3.103040e-01
309 6.874600e-01 1.884000e-03 3.106560e-01
310 6.871120e-01 1.924000e-03 3.109640e-01
311 6.867840e-01 1.956000e-03 3.112600e-01
312 6.864840e-01 1.920000e-03 3.115960e-01
313 6.862480e-01 1.760000e-03 3.119920e-01
314 6.859640e-01 1.728000e-03 3.123080e-01
315 6.856280e-01 1.732000e-03 3.126400e-01
316 6.853120e-01 1.796000e-03 3.128920e-01
317 6.850000e-01 1.788000e-03 3.132120e-01
318 6.846640e-01 1.784000e-03 3.135520e-01
319 6.843800e-01 1.720000e-03 3.139000e-01
320 6.839520e-01 1.832000e-03 3.142160e-01
321 6.836480e-01 1.812000e-03 3.145400e-01
322 6.833920e-01 1.724000e-03 3.148840e-01
323 6.831640e-01 1.664000e-03 3.151720e-01
324 6.828920e-01 1.640000e-03 3.154680e-01
325 6.826720e-01 1.612000e-03 3.157160e-01
326 6.823560e-01 1.688000e-03 3.159560e-01
327 6.820960e-01 1.624000e-03 3.162800e-01
328 6.818240e-01 1.632000e-03 3.165440e-01
329 6.815600e-01 1.660000e-03 3.167800e-01
330 6.813000e-01 1.704000e-03 3.169960e-01
331 6.810040e-01 1.684000e-03 3.173120e-01
332 6.806720e-01 1.728000e-03 3.176000e-01
333 6.804000e-01 1.748000e-03 3.178520e-01
334 6.800600e-01 1.764000e-03 3.181760e-01
335 6.796920e-01 1.780000e-03 3.185280e-01
336 6.793960e-01 1.760000e-03 3.188440e-01
337 6.791040e-01 1.728000e-03 3.191680e-01
338 6.788160e-01 1.780000e-03 3.194040e-01
339 6.785240e-01 1.792000e-03 3.196840e-01
340 6.781880e-01 1.828000e-03 3.199840e-01
341 6.778680e-01 1.784000e-03 3.203480e-01
342 6.776040e-01 1.736000e-03 3.206600e-01
343 6.773360e-01 1.736000e-03 3.209280e-01
344 6.771080e-01 1.632000e-03 3.212600e-01
345 6.769240e-01 1.548000e-03 3.215280e-01
346 6.767200e-01 1.556000e-03 3.217240e-01
347 6.764560e-01 1.568000e-03 3.219760e-01
348 6.761800e-01 1.612000e-03 3.222080e-01
349 6.759880e-01 1.528000e-03 3.224840e-01
350 6.757880e-01 1.480000e-03 3.227320e-01
351 6.754880e-01 1.476000e-03 3.230360e-01
352 6.752880e-01 1.404000e-03 3.233080e-01
353 6.750480e-01 1.448000e-03 3.235040e-01
354 6.748440e-01 1.400000e-03 3.237560e-01
355 6.746160e-01 1.392000e-03 3.239920e-01
356 6.743960e-01 1.372000e-03 3.242320e-01
357 6.741480e-01 1.424000e-03 3.244280e-01
358 6.738600e-01 1.448000e-03 3.246920e-01
359 6.736600e-01 1.396000e-03 3.249440e-01
360 6.734840e-01 1.300000e-03 3.252160e-01
361 6.732880e-01 1.280000e-03 3.254320e-01
362 6.731000e-01 1.280000e-03 3.256200e-01
363 6.729560e-01 1.176000e-03 3.258680e-01
364 6.727960e-01 1.148000e-03 3.260560e-01
365 6.725640e-01 1.172000e-03 3.262640e-01
366 6.723720e-01 1.176000e-03 3.264520e-01
367 6.721600e-01 1.160000e-03 3.266800e-01
368 6.719440e-01 1.176000e-03 3.268800e-01
369 6.717040e-01 1.192000e-03 3.271040e-01
370 6.715560e-01 1.148000e-03 3.272960e-01
371 6.713800e-01 1.160000e-03 3.274600e-01
372 6.712240e-01 1.144000e-03 3.276320e-01
373 6.710040e-01 1.140000e-03 3.278560e-01
374 6.707240e-01 1.200000e-03 3.280760e-01
375 6.705000e-01 1.208000e-03 3.282920e-01
376 6.702440e-01 1.248000e-03 3.285080e-01
377 6.700080e-01 1.268000e-03 3.287240e-01
378 6.697200e-01 1.320000e-03 3.289600e-01
379 6.694480e-01 1.340000e-03 3.292120e-01
380 6.691880e-01 1.332000e-03 3.294800e-01
381 6.689080e-01 1.396000e-03 3.296960e-01
382 6.686560e-01 1.372000e-03 3.299720e-01
383 6.683960e-01 1.328000e-03 3.302760e-01
384 6.680640e-01 1.460000e-03 3.304760e-01
385 6.677600e-01 1.532000e-03 3.307080e-01
386 6.674720e-01 1.576000e-03 3.309520e-01
387 6.671920e-01 1.528000e-03 3.312800e-01
388 6.668800e-01 1.556000e-03 3.315640e-01
389 6.666360e-01 1.500000e-03 3.318640e-01
390 6.663920e-01 1.504000e-03 3.321040e-01
391 6.661280e-01 1.568000e-03 3.323040e-01
392 6.658800e-01 1.508000e-03 3.326120e-01
393 6.655880e-01 1.516000e-03 3.328960e-01
394 6.653240e-01 1.568000e-03 3.331080e-01
395 6.651280e-01 1.516000e-03 3.333560e-01
396 6.648280e-01 1.540000e-03 3.336320e-01
397 6.646200e-01 1.464000e-03 3.339160e-01
398 6.644080e-01 1.372000e-03 3.342200e-01
399 6.642360e-01 1.312000e-03 3.344520e-01
400 6.640080e-01 1.308000e-03 3.346840e-01
401 6.637880e-01 1.292000e-03 3.349200e-01
402 6.635360e-01 1.328000e-03 3.351360e-01
403 6.633040e-01 1.332000e-03 3.353640e-01
404 6.630640e-01 1.360000e-03 3.355760e-01
405 6.628240e-01 1.392000e-03 3.357840e-01
406 6.625200e-01 1.452000e-03 3.360280e-01
407 6.622000e-01 1.492000e-03 3.363080e-01
408 6.618240e-01 1.620000e-03 3.365560e-01
409 6.615800e-01 1.632000e-03 3.367880e-01
410 6.612360e-01 1.680000e-03 3.370840e-01
411 6.608760e-01 1.752000e-03 3.373720e-01
412 6.605320e-01 1.764000e-03 3.377040e-01
413 6.603040e-01 1.640000e-03 3.380560e-01
414 6.600560e-01 1.632000e-03 3.383120e-01
415 6.598040e-01 1.536000e-03 3.386600e-01
416 6.595760e-01 1.504000e-03 3.389200e-01
417 6.592160e-01 1.592000e-03 3.391920e-01
418 6.589480e-01 1.588000e-03 3.394640e-01
419 6.586760e-01 1.520000e-03 3.398040e-01
420 6.583960e-01 1.524000e-03 3.400800e-01
421 6.581200e-01 1.488000e-03 3.403920e-01
422 6.579200e-01 1.440000e-03 3.406400e-01
423 6.576080e-01 1.496000e-03 3.408960e-01
424 6.573120e-01 1.544000e-03 3.411440e-01
425 6.570600e-01 1.552000e-03 3.413880e-01
426 6.567720e-01 1.596000e-03 3.416320e-01
427 6.565320e-01 1.516000e-03 3.419520e-01
428 6.562640e-01 1.496000e-03 3.422400e-01
429 6.560440e-01 1.448000e-03 3.425080e-01
430 6.558400e-01 1.400000e-03 3.427600e-01
431 6.555920e-01 1.368000e-03 3.430400e-01
432 6.553280e-01 1.312000e-03 3.433600e-01
433 6.550800e-01 1.312000e-03 3.436080e-01
434 6.547440e-01 1.416000e-03 3.438400e-01
435 6.544440e-01 1.492000e-03 3.440640e-01
436 6.541720e-01 1.536000e-03 3.442920e-01
437 6.538480e-01 1.632000e-03 3.445200e-01
438 6.535800e-01 1.568000e-03 3.448520e-01
439 6.532640e-01 1.660000e-03 3.450760e-01
440 6.529640e-01 1.648000e-03 3.453880e-01
441 6.527040e-01 1.680000e-03 3.456160e-01
442 6.523880e-01 1.724000e-03 3.458880e-01
443 6.521600e-01 1.644000e-03 3.461960e-01
444 6.518840e-01 1.668000e-03 3.464480e-01
445 6.516040e-01 1.728000e-03 3.466680e-01
446 6.513640e-01 1.660000e-03 3.469760e-01
447 6.510920e-01 1.624000e-03 3.472840e-01
448 6.507800e-01 1.636000e-03 3.475840e-01
449 6.505720e-01 1.572000e-03 3.478560e-01
450 6.503400e-01 1.536000e-03 3.481240e-01
451 6.500720e-01 1.600000e-03 3.483280e-01
452 6.498120e-01 1.592000e-03 3.485960e-01
453 6.495560e-01 1.608000e-03 3.488360e-01
454 6.493080e-01 1.568000e-03 3.491240e-01
455 6.491120e-01 1.480000e-03 3.494080e-01
456 6.488880e-01 1.372000e-03 3.497400e-01
457 6.486880e-01 1.368000e-03 3.499440e-01
458 6.485640e-01 1.256000e-03 3.501800e-01
459 6.483480e-01 1.280000e-03 3.503720e-01
460 6.481480e-01 1.256000e-03 3.505960e-01
461 6.480280e-01 1.204000e-03 3.507680e-01
462 6.478640e-01 1.128000e-03 3.510080e-01
463 6.477160e-01 1.076000e-03 3.512080e-01
464 6.475880e-01 1.040000e-03 3.513720e-01
465 6.474560e-01 9.880000e-04 3.515560e-01
466 6.472600e-01 9.880000e-04 3.517520e-01
467 6.470840e-01 9.680000e-04 3.519480e-01
468 6.469040e-01 9.640000e-04 3.521320e-01
469 6.467800e-01 9.560000e-04 3.522640e-01
470 6.466160e-01 9.840000e-04 3.524000e-01
471 6.465320e-01 9.120000e-04 3.525560e-01
472 6.464120e-01 8.840000e-04 3.527040e-01
473 6.463320e-01 8.400000e-04 3.528280e-01
474 6.462200e-01 8.280000e-04 3.529520e-01
475 6.461080e-01 7.760000e-04 3.531160e-01
476 6.459640e-01 7.720000e-04 3.532640e-01
477 6.458720e-01 6.920000e-04 3.534360e-01
478 6.457560e-01 6.720000e-04 3.535720e-01
479 6.456480e-01 6.280000e-04 3.537240e-01
480 6.455040e-01 6.480000e-04 3.538480e-01
481 6.453960e-01 6.160000e-04 3.539880e-01
482 6.453120e-01 5.720000e-04 3.541160e-01
483 6.452600e-01 5.280000e-04 3.542120e-01
484 6.451760e-01 5.600000e-04 3.542640e-01
485 6.451240e-01 5.280000e-04 3.543480e-01
486 6.450160e-01 5.320000e-04 3.544520e-01
487 6.449800e-01 4.480000e-04 3.545720e-01
488 6.448960e-01 4.560000e-04 3.546480e-01
489 6.448040e-01 4.240000e-04 3.547720e-01
490 6.446720e-01 4.960000e-04 3.548320e-01
491 6.445880e-01 5.080000e-04 3.549040e-01
492 6.445040e-01 5.040000e-04 3.549920e-01
493 6.444240e-01 5.040000e-04 3.550720e-01
494 6.443120e-01 4.920000e-04 3.551960e-01
495 6.441960e-01 4.800000e-04 3.553240e-01
496 6.441280e-01 4.720000e-04 3.554000e-01
497 6.440240e-01 5.040000e-04 3.554720e-01
498 6.439120e-01 5.520000e-04 3.555360e-01
499 6.438040e-01 5.480000e-04 3.556480e-01
500 6.436400e-01 6.280000e-04 3.557320e-01
