1 9.991680e-01 7.200000e-04 1.120000e-04
2 9.986000e-01 1.108000e-03 2.920000e-04
3 9.978720e-01 1.632000e-03 4.960000e-04
4 9.970520e-01 2.188000e-03 7.600000e-04
5 9.961040e-01 2.672000e-03 1.224000e-03
6 9.951720e-01 3.056000e-03 1.772000e-03
7 9.942480e-01 3.352000e-03 2.400000e-03
8 9.932080e-01 3.816000e-03 2.976000e-03
9 9.920760e-01 4.236000e-03 3.688000e-03
10 9.910040e-01 4.632000e-03 4.364000e-03
11 9.898720e-01 4.892000e-03 5.236000e-03
12 9.889240e-01 4.972000e-03 6.104000e-03
13 9.878080e-01 5.208000e-03 6.984000e-03
14 9.865360e-01 5.576000e-03 7.888000e-03
15 9.852360e-01 5.888000e-03 8.876000e-03
16 9.840080e-01 6.104000e-03 9.888000e-03
17 9.826840e-01 6.384000e-03 1.093200e-02
18 9.813400e-01 6.576000e-03 1.208400e-02
19 9.799240e-01 6.908000e-03 1.316800e-02
20 9.785040e-01 7.128000e-03 1.436800e-02
21 9.772360e-01 7.040000e-03 1.572400e-02
22 9.758440e-01 7.056000e-03 1.710000e-02
23 9.745120e-01 7.160000e-03 1.832800e-02
24 9.731080e-01 7.360000e-03 1.953200e-02
25 9.716000e-01 7.584000e-03 2.081600e-02
26 9.701360e-01 7.756000e-03 2.210800e-02
27 9.686080e-01 7.912000e-03 2.348000e-02
28 9.670560e-01 8.016000e-03 2.492800e-02
29 9.655800e-01 8.152000e-03 2.626800e-02
30 9.642400e-01 8.032000e-03 2.772800e-02
31 9.627360e-01 8.156000e-03 2.910800e-02
32 9.611920e-01 8.292000e-03 3.051600e-02
33 9.597320e-01 8.332000e-03 3.193600e-02
34 9.581360e-01 8.528000e-03 3.333600e-02
35 9.564120e-01 8.616000e-03 3.497200e-02
36 9.546920e-01 8.788000e-03 3.652000e-02
37 9.530920e-01 9.024000e-03 3.788400e-02
38 9.514280e-01 9.196000e-03 3.937600e-02
39 9.496240e-01 9.360000e-03 4.101600e-02
40 9.478920e-01 9.536000e-03 4.257200e-02
41 9.460760e-01 9.652000e-03 4.427200e-02
42 9.443480e-01 9.560000e-03 4.609200e-02
43 9.427600e-01 9.500000e-03 4.774000e-02
44 9.408920e-01 9.640000e-03 4.946800e-02
45 9.391040e-01 9.848000e-03 5.104800e-02
46 9.371880e-01 9.920000e-03 5.289200e-02
47 9.354520e-01 9.884000e-03 5.466400e-02
48 9.336760e-01 9.988000e-03 5.633600e-02
49 9.318960e-01 9.916000e-03 5.818800e-02
50 9.301480e-01 9.996000e-03 5.985600e-02
51 9.283720e-01 1.008400e-02 6.154400e-02
52 9.264120e-01 1.018000e-02 6.340800e-02
53 9.245760e-01 1.021600e-02 6.520800e-02
54 9.225840e-01 1.032400e-02 6.709200e-02
55 9.207440e-01 1.035600e-02 6.890000e-02
56 9.190040e-01 1.036400e-02 7.063200e-02
57 9.172520e-01 1.031600e-02 7.243200e-02
58 9.155840e-01 1.024400e-02 7.417200e-02
59 9.137400e-01 1.032400e-02 7.593600e-02
60 9.119360e-01 1.032000e-02 7.774400e-02
61 9.102720e-01 1.028800e-02 7.944000e-02
62 9.085120e-01 1.031200e-02 8.117600e-02
63 9.067960e-01 1.016400e-02 8.304000e-02
64 9.051880e-01 9.860000e-03 8.495200e-02
65 9.036840e-01 9.680000e-03 8.663600e-02
66 9.019960e-01 9.628000e-03 8.837600e-02
67 9.003480e-01 9.604000e-03 9.004800e-02
68 8.986680e-01 9.616000e-03 9.171600e-02
69 8.968400e-01 9.680000e-03 9.348000e-02
70 8.952440e-01 9.648000e-03 9.510800e-02
71 8.935280e-01 9.692000e-03 9.678000e-02
72 8.918960e-01 9.628000e-03 9.847600e-02
73 8.902560e-01 9.564000e-03 1.001800e-01
74 8.884680e-01 9.524000e-03 1.020080e-01
75 8.869840e-01 9.364000e-03 1.036520e-01
76 8.852120e-01 9.436000e-03 1.053520e-01
77 8.833920e-01 9.576000e-03 1.070320e-01
78 8.817200e-01 9.568000e-03 1.087120e-01
79 8.799240e-01 9.756000e-03 1.103200e-01
80 8.783680e-01 9.572000e-03 1.120600e-01
81 8.766440e-01 9.688000e-03 1.136680e-01
82 8.751160e-01 9.460000e-03 1.154240e-01
83 8.735000e-01 9.372000e-03 1.171280e-01
84 8.717840e-01 9.560000e-03 1.186560e-01
85 8.700120e-01 9.552000e-03 1.204360e-01
86 8.682320e-01 9.552000e-03 1.222160e-01
87 8.665280e-01 9.608000e-03 1.238640e-01
88 8.648320e-01 9.584000e-03 1.255840e-01
89 8.630520e-01 9.748000e-03 1.272000e-01
90 8.613000e-01 9.752000e-03 1.289480e-01
91 8.595560e-01 9.684000e-03 1.307600e-01
92 8.577320e-01 9.824000e-03 1.324440e-01
93 8.560760e-01 9.808000e-03 1.341160e-01
94 8.543880e-01 9.816000e-03 1.357960e-01
95 8.527480e-01 9.836000e-03 1.374160e-01
96 8.510120e-01 9.856000e-03 1.391320e-01
97 8.492920e-01 9.852000e-03 1.408560e-01
98 8.475880e-01 9.812000e-03 1.426000e-01
99 8.459200e-01 9.736000e-03 1.443440e-01
100 8.442280e-01 9.728000e-03 1.460440e-01
101 8.425360e-01 9.836000e-03 1.476280e-01
102 8.408280e-01 9.892000e-03 1.492800e-01
103 8.390120e-01 9.892000e-03 1.510960e-01
104 8.371120e-01 1.016000e-02 1.527280e-01
105 8.352240e-01 1.020000e-02 1.545760e-01
106 8.335880e-01 1.016000e-02 1.562520e-01
107 8.319040e-01 1.012000e-02 1.579760e-01
108 8.302320e-01 1.008800e-02 1.596800e-01
109 8.285640e-01 9.832000e-03 1.616040e-01
110 8.268400e-01 9.728000e-03 1.634320e-01
111 8.251080e-01 9.756000e-03 1.651360e-01
112 8.232960e-01 9.868000e-03 1.668360e-01
113 8.216800e-01 9.796000e-03 1.685240e-01
114 8.200080e-01 9.844000e-03 1.701480e-01
115 8.183480e-01 9.976000e-03 1.716760e-01
116 8.166520e-01 9.956000e-03 1.733920e-01
117 8.149960e-01 9.964000e-03 1.750400e-01
118 8.131560e-01 1.003600e-02 1.768080e-01
119 8.115000e-01 9.940000e-03 1.785600e-01
120 8.098360e-01 9.864000e-03 1.803000e-01
121 8.081600e-01 9.744000e-03 1.820960e-01
122 8.064680e-01 9.768000e-03 1.837640e-01
123 8.048280e-01 9.736000e-03 1.854360e-01
124 8.032680e-01 9.608000e-03 1.871240e-01
125 8.015520e-01 9.656000e-03 1.887920e-01
126 7.998800e-01 9.564000e-03 1.905560e-01
127 7.983120e-01 9.560000e-03 1.921280e-01
128 7.968120e-01 9.476000e-03 1.937120e-01
129 7.952480e-01 9.424000e-03 1.953280e-01
130 7.937840e-01 9.296000e-03 1.969200e-01
131 7.923320e-01 9.240000e-03 1.984280e-01
132 7.908960e-01 9.084000e-03 2.000200e-01
133 7.896160e-01 8.848000e-03 2.015360e-01
134 7.882320e-01 8.640000e-03 2.031280e-01
135 7.869040e-01 8.404000e-03 2.046920e-01
136 7.856160e-01 8.328000e-03 2.060560e-01
137 7.843640e-01 8.176000e-03 2.074600e-01
138 7.830320e-01 8.140000e-03 2.088280e-01
139 7.816520e-01 8.080000e-03 2.102680e-01
140 7.803840e-01 8.116000e-03 2.115000e-01
141 7.791400e-01 8.028000e-03 2.128320e-01
142 7.778160e-01 8.012000e-03 2.141720e-01
143 7.765440e-01 7.964000e-03 2.154920e-01
144 7.752160e-01 7.864000e-03 2.169200e-01
145 7.740360e-01 7.660000e-03 2.183040e-01
146 7.727720e-01 7.512000e-03 2.197160e-01
147 7.715200e-01 7.468000e-03 2.210120e-01
148 7.701160e-01 7.628000e-03 2.222560e-01
149 7.687640e-01 7.744000e-03 2.234920e-01
150 7.674000e-01 7.820000e-03 2.247800e-01
151 7.661320e-01 7.668000e-03 2.262000e-01
152 7.648960e-01 7.596000e-03 2.275080e-01
153 7.636560e-01 7.428000e-03 2.289160e-01
154 7.624040e-01 7.348000e-03 2.302480e-01
155 7.611880e-01 7.300000e-03 2.315120e-01
156 7.599280e-01 7.272000e-03 2.328000e-01
157 7.586960e-01 7.240000e-03 2.340640e-01
158 7.574360e-01 7.236000e-03 2.353280e-01
159 7.563240e-01 7.056000e-03 2.366200e-01
160 7.551680e-01 7.068000e-03 2.377640e-01
161 7.540000e-01 7.048000e-03 2.389520e-01
162 7.528840e-01 6.964000e-03 2.401520e-01
163 7.518400e-01 6.764000e-03 2.413960e-01
164 7.507840e-01 6.616000e-03 2.426000e-01
165 7.497120e-01 6.400000e-03 2.438880e-01
166 7.486520e-01 6.344000e-03 2.450040e-01
167 7.476240e-01 6.232000e-03 2.461440e-01
168 7.466400e-01 6.076000e-03 2.472840e-01
169 7.456120e-01 6.000000e-03 2.483880e-01
170 7.443600e-01 6.236000e-03 2.494040e-01
171 7.431680e-01 6.312000e-03 2.505200e-01
172 7.421680e-01 6.228000e-03 2.516040e-01
173 7.410040e-01 6.348000e-03 2.526480e-01
174 7.398760e-01 6.328000e-03 2.537960e-01
175 7.388240e-01 6.300000e-03 2.548760e-01
176 7.378240e-01 6.136000e-03 2.560400e-01
177 7.367720e-01 6.140000e-03 2.570880e-01
178 7.357960e-01 6.080000e-03 2.581240e-01
179 7.347920e-01 6.028000e-03 2.591800e-01
180 7.337960e-01 6.052000e-03 2.601520e-01
181 7.327840e-01 5.988000e-03 2.612280e-01
182 7.317280e-01 5.936000e-03 2.623360e-01
183 7.306560e-01 5.928000e-03 2.634160e-01
184 7.296280e-01 5.828000e-03 2.645440e-01
185 7.287560e-01 5.728000e-03 2.655160e-01
186 7.278480e-01 5.632000e-03 2.665200e-01
187 7.268280e-01 5.704000e-03 2.674680e-01
188 7.258720e-01 5.728000e-03 2.684000e-01
189 7.247840e-01 5.796000e-03 2.694200e-01
190 7.237920e-01 5.740000e-03 2.704680e-01
191 7.228040e-01 5.680000e-03 2.715160e-01
192 7.218520e-01 5.644000e-03 2.725040e-01
193 7.208400e-01 5.640000e-03 2.735200e-01
194 7.198920e-01 5.600000e-03 2.745080e-01
195 7.189480e-01 5.604000e-03 2.754480e-01
196 7.181200e-01 5.532000e-03 2.763480e-01
197 7.171600e-01 5.472000e-03 2.773680e-01
198 7.162680e-01 5.380000e-03 2.783520e-01
199 7.153760e-01 5.272000e-03 2.793520e-01
200 7.145280e-01 5.228000e-03 2.802440e-01
201 7.137200e-01 5.132000e-03 2.811480e-01
202 7.129320e-01 5.040000e-03 2.820280e-01
203 7.121760e-01 4.908000e-03 2.829160e-01
204 7.113560e-01 4.820000e-03 2.838240e-01
205 7.105920e-01 4.720000e-03 2.846880e-01
206 7.097800e-01 4.708000e-03 2.855120e-01
207 7.090320e-01 4.668000e-03 2.863000e-01
208 7.082400e-01 4.596000e-03 2.871640e-01
209 7.075160e-01 4.528000e-03 2.879560e-01
210 7.068240e-01 4.532000e-03 2.886440e-01
211 7.061280e-01 4.436000e-03 2.894360e-01
212 7.054880e-01 4.400000e-03 2.901120e-01
213 7.048360e-01 4.276000e-03 2.908880e-01
214 7.042200e-01 4.244000e-03 2.915360e-01
215 7.036040e-01 4.156000e-03 2.922400e-01
216 7.029840e-01 4.008000e-03 2.930080e-01
217 7.024240e-01 3.840000e-03 2.937360e-01
218 7.017760e-01 3.852000e-03 2.943720e-01
219 7.011560e-01 3.784000e-03 2.950600e-01
220 7.006040e-01 3.688000e-03 2.957080e-01
221 7.000920e-01 3.644000e-03 2.962640e-01
222 6.995320e-01 3.580000e-03 2.968880e-01
223 6.990720e-01 3.420000e-03 2.975080e-01
224 6.985640e-01 3.240000e-03 2.981960e-01
225 6.980480e-01 3.160000e-03 2.987920e-01
226 6.974600e-01 3.140000e-03 2.994000e-01
227 6.969320e-01 3.092000e-03 2.999760e-01
228 6.963800e-01 3.068000e-03 3.005520e-01
229 6.958960e-01 3.072000e-03 3.010320e-01
230 6.954280e-01 2.956000e-03 3.016160e-01
231 6.949920e-01 2.884000e-03 3.021240e-01
232 6.943800e-01 3.008000e-03 3.026120e-01
233 6.938840e-01 2.956000e-03 3.031600e-01
234 6.934480e-01 2.872000e-03 3.036800e-01
235 6.929800e-01 2.936000e-03 3.040840e-01
236 6.925640e-01 2.888000e-03 3.045480e-01
237 6.921200e-01 2.780000e-03 3.051000e-01
238 6.916640e-01 2.708000e-03 3.056280e-01
239 6.912360e-01 2.668000e-03 3.060960e-01
240 6.908200e-01 2.692000e-03 3.064880e-01
241 6.904200e-01 2.616000e-03 3.069640e-01
242 6.899840e-01 2.596000e-03 3.074200e-01
243 6.896280e-01 2.460000e-03 3.079120e-01
244 6.891960e-01 2.488000e-03 3.083160e-01
245 6.888240e-01 2.416000e-03 3.087600e-01
246 6.884600e-01 2.396000e-03 3.091440e-01
247 6.880400e-01 2.456000e-03 3.095040e-01
248 6.875760e-01 2.496000e-03 3.099280e-01
249 6.871480e-01 2.524000e-03 3.103280e-01
250 6.867320e-01 2.448000e-03 3.108200e-01
251 6.863320e-01 2.452000e-03 3.112160e-01
252 6.858960e-01 2.500000e-03 3.116040e-01
253 6.854080e-01 2.592000e-03 3.120000e-01
254 6.850000e-01 2.584000e-03 3.124160e-01
255 6.845840e-01 2.536000e-03 3.128800e-01
256 6.841920e-01 2.476000e-03 3.133320e-01
257 6.837760e-01 2.456000e-03 3.137680e-01
258 6.833360e-01 2.456000e-03 3.142080e-01
259 6.829280e-01 2.428000e-03 3.146440e-01
260 6.826200e-01 2.304000e-03 3.150760e-01
261 6.822560e-01 2.256000e-03 3.154880e-01
262 6.819360e-01 2.092000e-03 3.159720e-01
263 6.816080e-01 2.056000e-03 3.163360e-01
264 6.812800e-01 2.012000e-03 3.167080e-01
265 6.809520e-01 1.924000e-03 3.171240e-01
266 6.806000e-01 1.952000e-03 3.174480e-01
267 6.802840e-01 1.904000e-03 3.178120e-01
268 6.799680e-01 1.924000e-03 3.181080e-01
269 6.797160e-01 1.804000e-03 3.184800e-01
270 6.794920e-01 1.708000e-03 3.188000e-01
271 6.792280e-01 1.656000e-03 3.191160e-01
272 6.789880e-01 1.640000e-03 3.193720e-01
273 6.788040e-01 1.524000e-03 3.196720e-01
274 6.785560e-01 1.488000e-03 3.199560e-01
275 6.783960e-01 1.436000e-03 3.201680e-01
276 6.781480e-01 1.464000e-03 3.203880e-01
277 6.779080e-01 1.488000e-03 3.206040e-01
278 6.776920e-01 1.460000e-03 3.208480e-01
279 6.774560e-01 1.376000e-03 3.211680e-01
280 6.772040e-01 1.380000e-03 3.214160e-01
281 6.770000e-01 1.332000e-03 3.216680e-01
282 6.767440e-01 1.380000e-03 3.218760e-01
283 6.765680e-01 1.336000e-03 3.220960e-01
284 6.764000e-01 1.328000e-03 3.222720e-01
285 6.761880e-01 1.328000e-03 3.224840e-01
286 6.759440e-01 1.280000e-03 3.227760e-01
287 6.757640e-01 1.228000e-03 3.230080e-01
288 6.755320e-01 1.252000e-03 3.232160e-01
289 6.753280e-01 1.256000e-03 3.234160e-01
290 6.751440e-01 1.200000e-03 3.236560e-01
291 6.749640e-01 1.176000e-03 3.238600e-01
292 6.747840e-01 1.160000e-03 3.240560e-01
293 6.745760e-01 1.192000e-03 3.242320e-01
294 6.744120e-01 1.116000e-03 3.244720e-01
295 6.742160e-01 1.144000e-03 3.246400e-01
296 6.740400e-01 1.136000e-03 3.248240e-01
297 6.738760e-01 1.088000e-03 3.250360e-01
298 6.737080e-01 1.076000e-03 3.252160e-01
299 6.735480e-01 1.056000e-03 3.253960e-01
300 6.733880e-01 1.044000e-03 3.255680e-01
301 6.732280e-01 1.048000e-03 3.257240e-01
302 6.730160e-01 1.068000e-03 3.259160e-01
303 6.727320e-01 1.204000e-03 3.260640e-01
304 6.725400e-01 1.176000e-03 3.262840e-01
305 6.723800e-01 1.152000e-03 3.264680e-01
306 6.721400e-01 1.168000e-03 3.266920e-01
307 6.719320e-01 1.180000e-03 3.268880e-01
308 6.717120e-01 1.192000e-03 3.270960e-01
309 6.715240e-01 1.168000e-03 3.273080e-01
310 6.712600e-01 1.224000e-03 3.275160e-01
311 6.710160e-01 1.228000e-03 3.277560e-01
312 6.708280e-01 1.240000e-03 3.279320e-01
313 6.706280e-01 1.248000e-03 3.281240e-01
314 6.704600e-01 1.208000e-03 3.283320e-01
315 6.703000e-01 1.160000e-03 3.285400e-01
316 6.701480e-01 1.080000e-03 3.287720e-01
317 6.700000e-01 1.000000e-03 3.290000e-01
318 6.698280e-01 9.520000e-04 3.292200e-01
319 6.695960e-01 1.048000e-03 3.293560e-01
320 6.694520e-01 9.760000e-04 3.295720e-01
321 6.692920e-01 9.600000e-04 3.297480e-01
322 6.690760e-01 9.920000e-04 3.299320e-01
323 6.689280e-01 9.480000e-04 3.301240e-01
324 6.687120e-01 9.920000e-04 3.302960e-01
325 6.685440e-01 1.024000e-03 3.304320e-01
326 6.683600e-01 9.720000e-04 3.306680e-01
327 6.681480e-01 1.032000e-03 3.308200e-01
328 6.679600e-01 1.068000e-03 3.309720e-01
329 6.678200e-01 1.028000e-03 3.311520e-01
330 6.676440e-01 9.720000e-04 3.313840e-01
331 6.675160e-01 9.120000e-04 3.315720e-01
332 6.673840e-01 8.560000e-04 3.317600e-01
333 6.672080e-01 8.520000e-04 3.319400e-01
334 6.670400e-01 8.240000e-04 3.321360e-01
335 6.668880e-01 8.720000e-04 3.322400e-01
336 6.667320e-01 8.800000e-04 3.323880e-01
337 6.666040e-01 8.920000e-04 3.325040e-01
338 6.664160e-01 9.360000e-04 3.326480e-01
339 6.662560e-01 9.560000e-04 3.327880e-01
340 6.660440e-01 1.032000e-03 3.329240e-01
341 6.658000e-01 1.092000e-03 3.331080e-01
342 6.656360e-01 1.096000e-03 3.332680e-01
343 6.654080e-01 1.160000e-03 3.334320e-01
344 6.652040e-01 1.188000e-03 3.336080e-01
345 6.650120e-01 1.136000e-03 3.338520e-01
346 6.648240e-01 1.124000e-03 3.340520e-01
347 6.646360e-01 1.128000e-03 3.342360e-01
348 6.644560e-01 1.100000e-03 3.344440e-01
349 6.643040e-01 1.052000e-03 3.346440e-01
350 6.641320e-01 1.036000e-03 3.348320e-01
351 6.639600e-01 9.960000e-04 3.350440e-01
352 6.638360e-01 9.720000e-04 3.351920e-01
353 6.636520e-01 9.960000e-04 3.353520e-01
354 6.635360e-01 9.640000e-04 3.355000e-01
355 6.633240e-01 1.048000e-03 3.356280e-01
356 6.631680e-01 9.920000e-04 3.358400e-01
357 6.629760e-01 1.016000e-03 3.360080e-01
358 6.628160e-01 9.840000e-04 3.362000e-01
359 6.626400e-01 9.960000e-04 3.363640e-01
360 6.624720e-01 1.016000e-03 3.365120e-01
361 6.622800e-01 1.040000e-03 3.366800e-01
362 6.620880e-01 1.008000e-03 3.369040e-01
363 6.618960e-01 9.600000e-04 3.371440e-01
364 6.617360e-01 9.200000e-04 3.373440e-01
365 6.615880e-01 9.080000e-04 3.375040e-01
366 6.614000e-01 9.720000e-04 3.376280e-01
367 6.612120e-01 1.004000e-03 3.377840e-01
368 6.610800e-01 9.520000e-04 3.379680e-01
369 6.609480e-01 9.000000e-04 3.381520e-01
370 6.607800e-01 9.520000e-04 3.382680e-01
371 6.606320e-01 9.280000e-04 3.384400e-01
372 6.604840e-01 8.920000e-04 3.386240e-01
373 6.603360e-01 8.840000e-04 3.387800e-01
374 6.602120e-01 8.200000e-04 3.389680e-01
375 6.600800e-01 8.080000e-04 3.391120e-01
376 6.599480e-01 7.680000e-04 3.392840e-01
377 6.598480e-01 7.400000e-04 3.394120e-01
378 6.597480e-01 6.760000e-04 3.395760e-01
379 6.596160e-01 6.400000e-04 3.397440e-01
380 6.595200e-01 6.320000e-04 3.398480e-01
381 6.593880e-01 6.600000e-04 3.399520e-01
382 6.592560e-01 6.280000e-04 3.401160e-01
383 6.591760e-01 6.200000e-04 3.402040e-01
384 6.591040e-01 5.800000e-04 3.403160e-01
385 6.589600e-01 6.160000e-04 3.404240e-01
386 6.588240e-01 6.600000e-04 3.405160e-01
387 6.587280e-01 6.400000e-04 3.406320e-01
388 6.586360e-01 6.080000e-04 3.407560e-01
389 6.585440e-01 5.760000e-04 3.408800e-01
390 6.584680e-01 5.520000e-04 3.409800e-01
391 6.583840e-01 5.640000e-04 3.410520e-01
392 6.582840e-01 5.800000e-04 3.411360e-01
393 6.581880e-01 5.920000e-04 3.412200e-01
394 6.580480e-01 6.440000e-04 3.413080e-01
395 6.579520e-01 6.680000e-04 3.413800e-01
396 6.578560e-01 6.240000e-04 3.415200e-01
397 6.577560e-01 6.440000e-04 3.416000e-01
398 6.576600e-01 6.240000e-04 3.417160e-01
399 6.575680e-01 5.840000e-04 3.418480e-01
400 6.574920e-01 5.560000e-04 3.419520e-01
401 6.574320e-01 5.080000e-04 3.420600e-01
402 6.573440e-01 5.160000e-04 3.421400e-01
403 6.572560e-01 5.120000e-04 3.422320e-01
404 6.571840e-01 4.760000e-04 3.423400e-01
405 6.571280e-01 4.680000e-04 3.424040e-01
406 6.570360e-01 4.720000e-04 3.424920e-01
407 6.569480e-01 5.000000e-04 3.425520e-01
408 6.568400e-01 5.480000e-04 3.426120e-01
409 6.567360e-01 5.360000e-04 3.427280e-01
410 6.566080e-01 5.600000e-04 3.428320e-01
411 6.565080e-01 6.040000e-04 3.428880e-01
412 6.564280e-01 5.640000e-04 3.430080e-01
413 6.563680e-01 4.880000e-04 3.431440e-01
414 6.562720e-01 4.880000e-04 3.432400e-01
415 6.561360e-01 5.160000e-04 3.433480e-01
416 6.560000e-01 5.840000e-04 3.434160e-01
417 6.559200e-01 5.520000e-04 3.435280e-01
418 6.558240e-01 5.640000e-04 3.436120e-01
419 6.556920e-01 5.640000e-04 3.437440e-01
420 6.556120e-01 5.280000e-04 3.438600e-01
421 6.554880e-01 5.480000e-04 3.439640e-01
422 6.553840e-01 5.920000e-04 3.440240e-01
423 6.552720e-01 5.880000e-04 3.441400e-01
424 6.551720e-01 6.000000e-04 3.442280e-01
425 6.550400e-01 6.400000e-04 3.443200e-01
426 6.549440e-01 6.160000e-04 3.444400e-01
427 6.548320e-01 6.480000e-04 3.445200e-01
428 6.547280e-01 6.560000e-04 3.446160e-01
429 6.546040e-01 6.880000e-04 3.447080e-01
430 6.544760e-01 7.080000e-04 3.448160e-01
431 6.543520e-01 7.000000e-04 3.449480e-01
432 6.541920e-01 7.240000e-04 3.450840e-01
433 6.540480e-01 7.560000e-04 3.451960e-01
434 6.539360e-01 7.280000e-04 3.453360e-01
435 6.538480e-01 6.640000e-04 3.454880e-01
436 6.537640e-01 6.040000e-04 3.456320e-01
437 6.536760e-01 5.920000e-04 3.457320e-01
438 6.535680e-01 5.520000e-04 3.458800e-01
439 6.534840e-01 5.120000e-04 3.460040e-01
440 6.533720e-01 5.480000e-04 3.460800e-01
441 6.532640e-01 5.400000e-04 3.461960e-01
442 6.531840e-01 5.360000e-04 3.462800e-01
443 6.530680e-01 5.240000e-04 3.464080e-01
444 6.529800e-01 4.720000e-04 3.465480e-01
445 6.528960e-01 4.840000e-04 3.466200e-01
446 6.528160e-01 5.120000e-04 3.466720e-01
447 6.527240e-01 5.280000e-04 3.467480e-01
448 6.525720e-01 6.000000e-04 3.468280e-01
449 6.524520e-01 6.280000e-04 3.469200e-01
450 6.523480e-01 6.320000e-04 3.470200e-01
451 6.522240e-01 6.360000e-04 3.471400e-01
452 6.520680e-01 6.480000e-04 3.472840e-01
453 6.519320e-01 6.440000e-04 3.474240e-01
454 6.518000e-01 6.440000e-04 3.475560e-01
455 6.516840e-01 6.440000e-04 3.476720e-01
456 6.515640e-01 6.280000e-04 3.478080e-01
457 6.514640e-01 6.400000e-04 3.478960e-01
458 6.513400e-01 6.520000e-04 3.480080e-01
459 6.512120e-01 6.600000e-04 3.481280e-01
460 6.510760e-01 6.720000e-04 3.482520e-01
461 6.509840e-01 6.680000e-04 3.483480e-01
462 6.508800e-01 6.680000e-04 3.484520e-01
463 6.507960e-01 6.120000e-04 3.485920e-01
464 6.507080e-01 5.680000e-04 3.487240e-01
465 6.506000e-01 5.920000e-04 3.488080e-01
466 6.505320e-01 5.440000e-04 3.489240e-01
467 6.504200e-01 5.760000e-04 3.490040e-01
468 6.502960e-01 6.080000e-04 3.490960e-01
469 6.502000e-01 5.640000e-04 3.492360e-01
470 6.501200e-01 5.160000e-04 3.493640e-01
471 6.500480e-01 5.320000e-04 3.494200e-01
472 6.499480e-01 5.440000e-04 3.495080e-01
473 6.499080e-01 4.960000e-04 3.495960e-01
474 6.497720e-01 5.600000e-04 3.496680e-01
475 6.496920e-01 5.360000e-04 3.497720e-01
476 6.495720e-01 5.800000e-04 3.498480e-01
477 6.494640e-01 5.920000e-04 3.499440e-01
478 6.493960e-01 5.720000e-04 3.500320e-01
479 6.493320e-01 5.360000e-04 3.501320e-01
480 6.492520e-01 5.600000e-04 3.501880e-01
481 6.491840e-01 5.240000e-04 3.502920e-01
482 6.490960e-01 5.200000e-04 3.503840e-01
483 6.490440e-01 4.600000e-04 3.504960e-01
484 6.489600e-01 4.760000e-04 3.505640e-01
485 6.488840e-01 4.960000e-04 3.506200e-01
486 6.487760e-01 5.320000e-04 3.506920e-01
487 6.486720e-01 5.160000e-04 3.508120e-01
488 6.485920e-01 5.120000e-04 3.508960e-01
489 6.485240e-01 4.880000e-04 3.509880e-01
490 6.484280e-01 4.600000e-04 3.511120e-01
491 6.483720e-01 4.640000e-04 3.511640e-01
492 6.482840e-01 4.760000e-04 3.512400e-01
493 6.482000e-01 4.800000e-04 3.513200e-01
494 6.481040e-01 4.880000e-04 3.514080e-01
495 6.480200e-01 4.800000e-04 3.515000e-01
496 6.479080e-01 5.000000e-04 3.515920e-01
497 6.477840e-01 4.960000e-04 3.517200e-01
498 6.476960e-01 4.400000e-04 3.518640e-01
499 6.476360e-01 4.320000e-04 3.519320e-01
500 6.475160e-01 4.600000e-04 3.520240e-01
