1 9.991160e-01 8.080000e-04 7.600000e-05
2 9.984680e-01 1.248000e-03 2.840000e-04
3 9.976960e-01 1.776000e-03 5.280000e-04
4 9.968480e-01 2.276000e-03 8.760000e-04
5 9.958760e-01 2.868000e-03 1.256000e-03
6 9.949320e-01 3.280000e-03 1.788000e-03
7 9.938760e-01 3.692000e-03 2.432000e-03
8 9.927080e-01 4.208000e-03 3.084000e-03
9 9.915840e-01 4.588000e-03 3.828000e-03
10 9.904360e-01 4.924000e-03 4.640000e-03
11 9.894480e-01 4.936000e-03 5.616000e-03
12 9.882800e-01 5.176000e-03 6.544000e-03
13 9.871000e-01 5.448000e-03 7.452000e-03
14 9.858760e-01 5.724000e-03 8.400000e-03
15 9.845080e-01 6.108000e-03 9.384000e-03
16 9.832160e-01 6.244000e-03 1.054000e-02
17 9.819720e-01 6.420000e-03 1.160800e-02
18 9.807240e-01 6.632000e-03 1.264400e-02
19 9.793920e-01 6.752000e-03 1.385600e-02
20 9.780840e-01 6.892000e-03 1.502400e-02
21 9.768600e-01 6.944000e-03 1.619600e-02
22 9.755920e-01 7.016000e-03 1.739200e-02
23 9.744720e-01 6.904000e-03 1.862400e-02
24 9.732520e-01 6.940000e-03 1.980800e-02
25 9.718800e-01 7.148000e-03 2.097200e-02
26 9.707040e-01 7.092000e-03 2.220400e-02
27 9.694360e-01 7.096000e-03 2.346800e-02
28 9.678720e-01 7.452000e-03 2.467600e-02
29 9.665160e-01 7.584000e-03 2.590000e-02
30 9.649280e-01 7.940000e-03 2.713200e-02
31 9.633480e-01 8.124000e-03 2.852800e-02
32 9.618600e-01 8.132000e-03 3.000800e-02
33 9.601880e-01 8.404000e-03 3.140800e-02
34 9.586520e-01 8.512000e-03 3.283600e-02
35 9.570760e-01 8.524000e-03 3.440000e-02
36 9.556640e-01 8.376000e-03 3.596000e-02
37 9.539520e-01 8.624000e-03 3.742400e-02
38 9.524160e-01 8.616000e-03 3.896800e-02
39 9.508800e-01 8.652000e-03 4.046800e-02
40 9.492520e-01 8.812000e-03 4.193600e-02
41 9.474840e-01 9.096000e-03 4.342000e-02
42 9.457640e-01 9.268000e-03 4.496800e-02
43 9.440240e-01 9.324000e-03 4.665200e-02
44 9.421960e-01 9.596000e-03 4.820800e-02
45 9.403320e-01 9.848000e-03 4.982000e-02
46 9.386960e-01 9.776000e-03 5.152800e-02
47 9.369880e-01 9.816000e-03 5.319600e-02
48 9.352360e-01 9.892000e-03 5.487200e-02
49 9.335320e-01 9.976000e-03 5.649200e-02
50 9.317760e-01 9.968000e-03 5.825600e-02
51 9.298200e-01 1.007200e-02 6.010800e-02
52 9.280680e-01 1.006800e-02 6.186400e-02
53 9.262680e-01 1.014800e-02 6.358400e-02
54 9.243520e-01 1.023200e-02 6.541600e-02
55 9.223280e-01 1.044000e-02 6.723200e-02
56 9.202360e-01 1.064800e-02 6.911600e-02
57 9.184800e-01 1.043200e-02 7.108800e-02
58 9.166880e-01 1.032800e-02 7.298400e-02
59 9.148680e-01 1.041200e-02 7.472000e-02
60 9.127680e-01 1.054800e-02 7.668400e-02
61 9.108720e-01 1.059200e-02 7.853600e-02
62 9.088280e-01 1.076800e-02 8.040400e-02
63 9.069560e-01 1.060800e-02 8.243600e-02
64 9.049960e-01 1.068000e-02 8.432400e-02
65 9.032280e-01 1.060000e-02 8.617200e-02
66 9.013120e-01 1.072800e-02 8.796000e-02
67 8.995040e-01 1.064000e-02 8.985600e-02
68 8.976440e-01 1.057600e-02 9.178000e-02
69 8.959000e-01 1.056000e-02 9.354000e-02
70 8.941360e-01 1.067600e-02 9.518800e-02
71 8.922960e-01 1.068000e-02 9.702400e-02
72 8.904600e-01 1.060000e-02 9.894000e-02
73 8.887520e-01 1.065200e-02 1.005960e-01
74 8.868040e-01 1.082800e-02 1.023680e-01
75 8.847520e-01 1.101200e-02 1.042360e-01
76 8.829040e-01 1.094400e-02 1.061520e-01
77 8.811720e-01 1.068400e-02 1.081440e-01
78 8.793040e-01 1.070400e-02 1.099920e-01
79 8.774000e-01 1.056800e-02 1.120320e-01
80 8.756640e-01 1.046000e-02 1.138760e-01
81 8.738280e-01 1.047600e-02 1.156960e-01
82 8.720240e-01 1.038400e-02 1.175920e-01
83 8.702320e-01 1.034400e-02 1.194240e-01
84 8.683600e-01 1.026400e-02 1.213760e-01
85 8.664760e-01 1.057600e-02 1.229480e-01
86 8.645760e-01 1.064800e-02 1.247760e-01
87 8.624360e-01 1.095200e-02 1.266120e-01
88 8.604920e-01 1.095600e-02 1.285520e-01
89 8.585560e-01 1.092000e-02 1.305240e-01
90 8.566440e-01 1.084800e-02 1.325080e-01
91 8.547280e-01 1.075600e-02 1.345160e-01
92 8.529360e-01 1.071200e-02 1.363520e-01
93 8.509960e-01 1.063600e-02 1.383680e-01
94 8.490160e-01 1.087200e-02 1.401120e-01
95 8.471720e-01 1.092400e-02 1.419040e-01
96 8.451080e-01 1.109200e-02 1.438000e-01
97 8.432680e-01 1.115200e-02 1.455800e-01
98 8.412720e-01 1.130000e-02 1.474280e-01
99 8.393480e-01 1.126800e-02 1.493840e-01
100 8.376200e-01 1.098400e-02 1.513960e-01
101 8.358000e-01 1.093200e-02 1.532680e-01
102 8.340640e-01 1.072400e-02 1.552120e-01
103 8.322120e-01 1.066400e-02 1.571240e-01
104 8.304800e-01 1.054800e-02 1.589720e-01
105 8.286280e-01 1.061600e-02 1.607560e-01
106 8.266520e-01 1.082800e-02 1.625200e-01
107 8.246200e-01 1.099600e-02 1.643840e-01
108 8.229520e-01 1.070400e-02 1.663440e-01
109 8.211720e-01 1.064800e-02 1.681800e-01
110 8.191880e-01 1.074000e-02 1.700720e-01
111 8.174240e-01 1.069200e-02 1.718840e-01
112 8.155840e-01 1.059600e-02 1.738200e-01
113 8.136720e-01 1.078800e-02 1.755400e-01
114 8.117600e-01 1.086000e-02 1.773800e-01
115 8.098360e-01 1.103200e-02 1.791320e-01
116 8.078920e-01 1.096400e-02 1.811440e-01
117 8.059480e-01 1.095200e-02 1.831000e-01
118 8.041440e-01 1.072400e-02 1.851320e-01
119 8.025240e-01 1.039200e-02 1.870840e-01
120 8.008160e-01 1.034800e-02 1.888360e-01
121 7.990680e-01 1.025200e-02 1.906800e-01
122 7.972800e-01 1.040800e-02 1.923120e-01
123 7.955680e-01 1.021200e-02 1.942200e-01
124 7.938640e-01 1.011200e-02 1.960240e-01
125 7.920600e-01 1.014400e-02 1.977960e-01
126 7.903760e-01 1.013600e-02 1.994880e-01
127 7.886920e-01 1.002000e-02 2.012880e-01
128 7.870800e-01 9.900000e-03 2.030200e-01
129 7.853840e-01 9.888000e-03 2.047280e-01
130 7.837040e-01 1.000000e-02 2.062960e-01
131 7.818960e-01 9.872000e-03 2.082320e-01
132 7.802720e-01 9.724000e-03 2.100040e-01
133 7.784880e-01 9.832000e-03 2.116800e-01
134 7.769640e-01 9.672000e-03 2.133640e-01
135 7.753600e-01 9.528000e-03 2.151120e-01
136 7.737960e-01 9.412000e-03 2.167920e-01
137 7.722040e-01 9.332000e-03 2.184640e-01
138 7.706360e-01 9.220000e-03 2.201440e-01
139 7.690000e-01 9.224000e-03 2.217760e-01
140 7.672840e-01 9.396000e-03 2.233200e-01
141 7.657600e-01 9.284000e-03 2.249560e-01
142 7.640960e-01 9.324000e-03 2.265800e-01
143 7.624680e-01 9.324000e-03 2.282080e-01
144 7.607920e-01 9.444000e-03 2.297640e-01
145 7.589800e-01 9.464000e-03 2.315560e-01
146 7.572200e-01 9.500000e-03 2.332800e-01
147 7.556360e-01 9.492000e-03 2.348720e-01
148 7.539360e-01 9.624000e-03 2.364400e-01
149 7.524120e-01 9.468000e-03 2.381200e-01
150 7.506440e-01 9.604000e-03 2.397520e-01
151 7.489840e-01 9.488000e-03 2.415280e-01
152 7.474520e-01 9.496000e-03 2.430520e-01
153 7.459640e-01 9.400000e-03 2.446360e-01
154 7.444360e-01 9.316000e-03 2.462480e-01
155 7.427560e-01 9.416000e-03 2.478280e-01
156 7.412720e-01 9.248000e-03 2.494800e-01
157 7.396760e-01 9.100000e-03 2.512240e-01
158 7.380600e-01 9.100000e-03 2.528400e-01
159 7.364680e-01 9.076000e-03 2.544560e-01
160 7.348120e-01 9.080000e-03 2.561080e-01
161 7.332080e-01 9.044000e-03 2.577480e-01
162 7.315600e-01 9.132000e-03 2.593080e-01
163 7.299960e-01 9.072000e-03 2.609320e-01
164 7.282960e-01 9.040000e-03 2.626640e-01
165 7.267680e-01 9.056000e-03 2.641760e-01
166 7.251440e-01 9.112000e-03 2.657440e-01
167 7.233760e-01 9.232000e-03 2.673920e-01
168 7.217320e-01 9.328000e-03 2.689400e-01
169 7.199960e-01 9.276000e-03 2.707280e-01
170 7.183360e-01 9.296000e-03 2.723680e-01
171 7.168720e-01 9.072000e-03 2.740560e-01
172 7.152840e-01 8.988000e-03 2.757280e-01
173 7.138400e-01 8.864000e-03 2.772960e-01
174 7.122360e-01 8.960000e-03 2.788040e-01
175 7.107160e-01 9.028000e-03 2.802560e-01
176 7.093320e-01 8.776000e-03 2.818920e-01
177 7.077240e-01 8.832000e-03 2.834440e-01
178 7.061720e-01 8.864000e-03 2.849640e-01
179 7.045960e-01 8.940000e-03 2.864640e-01
180 7.032720e-01 8.784000e-03 2.879440e-01
181 7.020680e-01 8.332000e-03 2.896000e-01
182 7.008520e-01 8.172000e-03 2.909760e-01
183 6.994640e-01 8.148000e-03 2.923880e-01
184 6.981040e-01 8.128000e-03 2.937680e-01
185 6.967720e-01 8.088000e-03 2.951400e-01
186 6.954120e-01 7.972000e-03 2.966160e-01
187 6.939240e-01 8.100000e-03 2.979760e-01
188 6.925480e-01 8.100000e-03 2.993520e-01
189 6.911560e-01 8.176000e-03 3.006680e-01
190 6.898120e-01 8.108000e-03 3.020800e-01
191 6.885400e-01 7.844000e-03 3.036160e-01
192 6.872680e-01 7.656000e-03 3.050760e-01
193 6.859080e-01 7.644000e-03 3.064480e-01
194 6.847760e-01 7.428000e-03 3.077960e-01
195 6.835880e-01 7.288000e-03 3.091240e-01
196 6.825920e-01 7.132000e-03 3.102760e-01
197 6.813320e-01 7.144000e-03 3.115240e-01
198 6.802040e-01 7.044000e-03 3.127520e-01
199 6.791400e-01 6.892000e-03 3.139680e-01
200 6.779640e-01 6.940000e-03 3.150960e-01
201 6.768160e-01 6.872000e-03 3.163120e-01
202 6.755920e-01 6.856000e-03 3.175520e-01
203 6.744440e-01 6.780000e-03 3.187760e-01
204 6.732520e-01 6.748000e-03 3.200000e-01
205 6.720760e-01 6.796000e-03 3.211280e-01
206 6.709200e-01 6.744000e-03 3.223360e-01
207 6.698560e-01 6.624000e-03 3.235200e-01
208 6.686960e-01 6.552000e-03 3.247520e-01
209 6.676400e-01 6.428000e-03 3.259320e-01
210 6.665880e-01 6.380000e-03 3.270320e-01
211 6.655480e-01 6.384000e-03 3.280680e-01
212 6.645320e-01 6.264000e-03 3.292040e-01
213 6.635520e-01 6.068000e-03 3.303800e-01
214 6.625440e-01 6.052000e-03 3.314040e-01
215 6.614880e-01 6.044000e-03 3.324680e-01
216 6.603680e-01 6.088000e-03 3.335440e-01
217 6.595440e-01 5.832000e-03 3.346240e-01
218 6.585280e-01 5.808000e-03 3.356640e-01
219 6.578480e-01 5.424000e-03 3.367280e-01
220 6.570280e-01 5.324000e-03 3.376480e-01
221 6.562600e-01 5.196000e-03 3.385440e-01
222 6.556080e-01 5.024000e-03 3.393680e-01
223 6.549760e-01 4.804000e-03 3.402200e-01
224 6.543000e-01 4.572000e-03 3.411280e-01
225 6.536280e-01 4.308000e-03 3.420640e-01
226 6.529080e-01 4.276000e-03 3.428160e-01
227 6.522320e-01 4.260000e-03 3.435080e-01
228 6.515320e-01 4.180000e-03 3.442880e-01
229 6.509000e-01 4.060000e-03 3.450400e-01
230 6.503120e-01 3.976000e-03 3.457120e-01
231 6.496840e-01 4.008000e-03 3.463080e-01
232 6.490880e-01 3.824000e-03 3.470880e-01
233 6.484800e-01 3.752000e-03 3.477680e-01
234 6.478880e-01 3.668000e-03 3.484440e-01
235 6.472560e-01 3.644000e-03 3.491000e-01
236 6.466480e-01 3.640000e-03 3.497120e-01
237 6.460920e-01 3.584000e-03 3.503240e-01
238 6.455120e-01 3.508000e-03 3.509800e-01
239 6.449240e-01 3.556000e-03 3.515200e-01
240 6.443440e-01 3.448000e-03 3.522080e-01
241 6.437080e-01 3.436000e-03 3.528560e-01
242 6.430920e-01 3.456000e-03 3.534520e-01
243 6.423240e-01 3.632000e-03 3.540440e-01
244 6.415640e-01 3.748000e-03 3.546880e-01
245 6.408880e-01 3.856000e-03 3.552560e-01
246 6.401160e-01 3.904000e-03 3.559800e-01
247 6.394200e-01 3.980000e-03 3.566000e-01
248 6.386440e-01 3.968000e-03 3.573880e-01
249 6.380600e-01 3.916000e-03 3.580240e-01
250 6.373680e-01 3.940000e-03 3.586920e-01
251 6.366520e-01 4.108000e-03 3.592400e-01
252 6.358800e-01 4.124000e-03 3.599960e-01
253 6.352480e-01 3.980000e-03 3.607720e-01
254 6.344520e-01 4.092000e-03 3.614560e-01
255 6.337720e-01 4.120000e-03 3.621080e-01
256 6.331120e-01 4.108000e-03 3.627800e-01
257 6.323640e-01 4.140000e-03 3.634960e-01
258 6.315960e-01 4.156000e-03 3.642480e-01
259 6.309080e-01 4.148000e-03 3.649440e-01
260 6.301880e-01 4.208000e-03 3.656040e-01
261 6.294200e-01 4.308000e-03 3.662720e-01
262 6.286320e-01 4.284000e-03 3.670840e-01
263 6.278920e-01 4.312000e-03 3.677960e-01
264 6.273200e-01 4.116000e-03 3.685640e-01
265 6.267560e-01 3.984000e-03 3.692600e-01
266 6.261000e-01 3.972000e-03 3.699280e-01
267 6.255960e-01 3.828000e-03 3.705760e-01
268 6.248840e-01 3.872000e-03 3.712440e-01
269 6.242240e-01 3.908000e-03 3.718680e-01
270 6.236080e-01 3.896000e-03 3.724960e-01
271 6.230280e-01 3.784000e-03 3.731880e-01
272 6.223600e-01 3.856000e-03 3.737840e-01
273 6.217800e-01 3.736000e-03 3.744840e-01
274 6.211480e-01 3.636000e-03 3.752160e-01
275 6.205800e-01 3.568000e-03 3.758520e-01
276 6.200360e-01 3.436000e-03 3.765280e-01
277 6.194920e-01 3.336000e-03 3.771720e-01
278 6.189440e-01 3.356000e-03 3.777000e-01
279 6.183760e-01 3.272000e-03 3.783520e-01
280 6.178560e-01 3.256000e-03 3.788880e-01
281 6.173640e-01 3.148000e-03 3.794880e-01
282 6.168840e-01 3.072000e-03 3.800440e-01
283 6.163560e-01 3.068000e-03 3.805760e-01
284 6.158720e-01 2.956000e-03 3.811720e-01
285 6.154480e-01 2.832000e-03 3.817200e-01
286 6.151040e-01 2.764000e-03 3.821320e-01
287 6.147560e-01 2.688000e-03 3.825560e-01
288 6.144320e-01 2.532000e-03 3.830360e-01
289 6.141040e-01 2.428000e-03 3.834680e-01
290 6.137920e-01 2.308000e-03 3.839000e-01
291 6.134720e-01 2.188000e-03 3.843400e-01
292 6.131360e-01 2.204000e-03 3.846600e-01
293 6.127680e-01 2.172000e-03 3.850600e-01
294 6.123600e-01 2.100000e-03 3.855400e-01
295 6.119520e-01 2.216000e-03 3.858320e-01
296 6.114840e-01 2.292000e-03 3.862240e-01
297 6.109880e-01 2.384000e-03 3.866280e-01
298 6.106040e-01 2.316000e-03 3.870800e-01
299 6.101840e-01 2.324000e-03 3.874920e-01
300 6.098040e-01 2.276000e-03 3.879200e-01
301 6.093960e-01 2.316000e-03 3.882880e-01
302 6.089360e-01 2.376000e-03 3.886880e-01
303 6.085400e-01 2.384000e-03 3.890760e-01
304 6.082040e-01 2.336000e-03 3.894600e-01
305 6.077880e-01 2.324000e-03 3.898880e-01
306 6.073920e-01 2.332000e-03 3.902760e-01
307 6.070560e-01 2.296000e-03 3.906480e-01
308 6.067160e-01 2.240000e-03 3.910440e-01
309 6.063560e-01 2.168000e-03 3.914760e-01
310 6.059640e-01 2.208000e-03 3.918280e-01
311 6.055600e-01 2.244000e-03 3.921960e-01
312 6.051840e-01 2.216000e-03 3.926000e-01
313 6.048080e-01 2.172000e-03 3.930200e-01
314 6.044120e-01 2.200000e-03 3.933880e-01
315 6.040320e-01 2.200000e-03 3.937680e-01
316 6.036440e-01 2.200000e-03 3.941560e-01
317 6.032480e-01 2.116000e-03 3.946360e-01
318 6.028480e-01 2.148000e-03 3.950040e-01
319 6.025400e-01 2.088000e-03 3.953720e-01
320 6.020840e-01 2.124000e-03 3.957920e-01
321 6.017360e-01 2.060000e-03 3.962040e-01
322 6.014280e-01 1.964000e-03 3.966080e-01
323 6.011000e-01 1.904000e-03 3.969960e-01
324 6.007640e-01 1.920000e-03 3.973160e-01
325 6.004520e-01 1.868000e-03 3.976800e-01
326 6.001720e-01 1.880000e-03 3.979480e-01
327 5.999000e-01 1.852000e-03 3.982480e-01
328 5.996960e-01 1.768000e-03 3.985360e-01
329 5.994360e-01 1.696000e-03 3.988680e-01
330 5.992080e-01 1.624000e-03 3.991680e-01
331 5.989440e-01 1.620000e-03 3.994360e-01
332 5.985720e-01 1.680000e-03 3.997480e-01
333 5.982440e-01 1.732000e-03 4.000240e-01
334 5.979520e-01 1.728000e-03 4.003200e-01
335 5.976520e-01 1.736000e-03 4.006120e-01
336 5.974320e-01 1.620000e-03 4.009480e-01
337 5.971600e-01 1.708000e-03 4.011320e-01
338 5.968680e-01 1.716000e-03 4.014160e-01
339 5.966120e-01 1.656000e-03 4.017320e-01
340 5.964200e-01 1.552000e-03 4.020280e-01
341 5.962000e-01 1.524000e-03 4.022760e-01
342 5.959560e-01 1.544000e-03 4.025000e-01
343 5.957520e-01 1.468000e-03 4.027800e-01
344 5.954400e-01 1.496000e-03 4.030640e-01
345 5.952120e-01 1.468000e-03 4.033200e-01
346 5.950280e-01 1.440000e-03 4.035320e-01
347 5.947120e-01 1.504000e-03 4.037840e-01
348 5.944880e-01 1.456000e-03 4.040560e-01
349 5.942720e-01 1.364000e-03 4.043640e-01
350 5.941160e-01 1.288000e-03 4.045960e-01
351 5.939320e-01 1.292000e-03 4.047760e-01
352 5.937920e-01 1.240000e-03 4.049680e-01
353 5.935840e-01 1.228000e-03 4.051880e-01
354 5.933640e-01 1.268000e-03 4.053680e-01
355 5.931000e-01 1.328000e-03 4.055720e-01
356 5.928200e-01 1.364000e-03 4.058160e-01
357 5.925760e-01 1.420000e-03 4.060040e-01
358 5.923240e-01 1.472000e-03 4.062040e-01
359 5.920400e-01 1.512000e-03 4.064480e-01
360 5.917400e-01 1.540000e-03 4.067200e-01
361 5.914720e-01 1.512000e-03 4.070160e-01
362 5.912040e-01 1.508000e-03 4.072880e-01
363 5.909960e-01 1.444000e-03 4.075600e-01
364 5.906840e-01 1.496000e-03 4.078200e-01
365 5.904480e-01 1.464000e-03 4.080880e-01
366 5.901480e-01 1.484000e-03 4.083680e-01
367 5.899080e-01 1.412000e-03 4.086800e-01
368 5.896720e-01 1.412000e-03 4.089160e-01
369 5.893880e-01 1.496000e-03 4.091160e-01
370 5.891160e-01 1.564000e-03 4.093200e-01
371 5.888840e-01 1.540000e-03 4.095760e-01
372 5.886240e-01 1.556000e-03 4.098200e-01
373 5.883320e-01 1.584000e-03 4.100840e-01
374 5.879920e-01 1.660000e-03 4.103480e-01
375 5.876320e-01 1.720000e-03 4.106480e-01
376 5.872640e-01 1.780000e-03 4.109560e-01
377 5.869040e-01 1.864000e-03 4.112320e-01
378 5.866160e-01 1.836000e-03 4.115480e-01
379 5.862480e-01 1.868000e-03 4.118840e-01
380 5.859280e-01 1.820000e-03 4.122520e-01
381 5.856280e-01 1.756000e-03 4.126160e-01
382 5.853320e-01 1.716000e-03 4.129520e-01
383 5.850640e-01 1.692000e-03 4.132440e-01
384 5.847720e-01 1.648000e-03 4.135800e-01
385 5.845280e-01 1.616000e-03 4.138560e-01
386 5.842880e-01 1.540000e-03 4.141720e-01
387 5.840840e-01 1.468000e-03 4.144480e-01
388 5.838840e-01 1.436000e-03 4.146800e-01
389 5.836720e-01 1.396000e-03 4.149320e-01
390 5.834480e-01 1.336000e-03 4.152160e-01
391 5.831520e-01 1.332000e-03 4.155160e-01
392 5.828160e-01 1.432000e-03 4.157520e-01
393 5.825040e-01 1.480000e-03 4.160160e-01
394 5.821360e-01 1.604000e-03 4.162600e-01
395 5.819040e-01 1.564000e-03 4.165320e-01
396 5.816840e-01 1.524000e-03 4.167920e-01
397 5.813400e-01 1.628000e-03 4.170320e-01
398 5.811040e-01 1.568000e-03 4.173280e-01
399 5.809120e-01 1.508000e-03 4.175800e-01
400 5.806840e-01 1.468000e-03 4.178480e-01
401 5.804200e-01 1.440000e-03 4.181400e-01
402 5.801800e-01 1.460000e-03 4.183600e-01
403 5.799240e-01 1.444000e-03 4.186320e-01
404 5.796880e-01 1.448000e-03 4.188640e-01
405 5.794720e-01 1.404000e-03 4.191240e-01
406 5.792480e-01 1.408000e-03 4.193440e-01
407 5.790520e-01 1.316000e-03 4.196320e-01
408 5.788040e-01 1.328000e-03 4.198680e-01
409 5.786480e-01 1.196000e-03 4.201560e-01
410 5.785200e-01 1.120000e-03 4.203600e-01
411 5.783760e-01 1.084000e-03 4.205400e-01
412 5.782120e-01 1.052000e-03 4.207360e-01
413 5.780520e-01 1.016000e-03 4.209320e-01
414 5.779240e-01 9.680000e-04 4.211080e-01
415 5.777680e-01 9.080000e-04 4.213240e-01
416 5.776520e-01 9.040000e-04 4.214440e-01
417 5.775400e-01 8.360000e-04 4.216240e-01
418 5.774400e-01 8.240000e-04 4.217360e-01
419 5.772600e-01 8.240000e-04 4.219160e-01
420 5.771000e-01 8.000000e-04 4.221000e-01
421 5.769800e-01 7.840000e-04 4.222360e-01
422 5.768400e-01 7.680000e-04 4.223920e-01
423 5.767640e-01 6.600000e-04 4.225760e-01
424 5.766600e-01 6.760000e-04 4.226640e-01
425 5.765840e-01 6.120000e-04 4.228040e-01
426 5.765080e-01 5.760000e-04 4.229160e-01
427 5.764320e-01 5.120000e-04 4.230560e-01
428 5.762920e-01 5.360000e-04 4.231720e-01
429 5.761680e-01 5.880000e-04 4.232440e-01
430 5.760760e-01 6.120000e-04 4.233120e-01
431 5.760040e-01 6.160000e-04 4.233800e-01
432 5.758920e-01 6.400000e-04 4.234680e-01
433 5.758160e-01 6.000000e-04 4.235840e-01
434 5.757040e-01 5.760000e-04 4.237200e-01
435 5.756280e-01 5.360000e-04 4.238360e-01
436 5.755320e-01 5.040000e-04 4.239640e-01
437 5.754200e-01 5.240000e-04 4.240560e-01
438 5.753440e-01 5.200000e-04 4.241360e-01
439 5.752680e-01 5.120000e-04 4.242200e-01
440 5.751680e-01 5.400000e-04 4.242920e-01
441 5.750840e-01 5.200000e-04 4.243960e-01
442 5.750280e-01 5.120000e-04 4.244600e-01
443 5.749560e-01 5.040000e-04 4.245400e-01
444 5.748760e-01 5.280000e-04 4.245960e-01
445 5.747640e-01 5.560000e-04 4.246800e-01
446 5.747000e-01 5.200000e-04 4.247800e-01
447 5.745760e-01 5.920000e-04 4.248320e-01
448 5.744240e-01 6.400000e-04 4.249360e-01
449 5.743280e-01 6.000000e-04 4.250720e-01
450 5.742400e-01 6.040000e-04 4.251560e-01
451 5.741560e-01 5.640000e-04 4.252800e-01
452 5.740360e-01 6.080000e-04 4.253560e-01
453 5.739680e-01 5.360000e-04 4.254960e-01
454 5.738880e-01 5.080000e-04 4.256040e-01
455 5.737960e-01 4.640000e-04 4.257400e-01
456 5.737320e-01 4.320000e-04 4.258360e-01
457 5.736480e-01 3.960000e-04 4.259560e-01
458 5.735800e-01 3.560000e-04 4.260640e-01
459 5.735280e-01 3.320000e-04 4.261400e-01
460 5.734680e-01 3.160000e-04 4.262160e-01
461 5.734280e-01 3.040000e-04 4.262680e-01
462 5.733880e-01 2.640000e-04 4.263480e-01
463 5.733320e-01 2.800000e-04 4.263880e-01
464 5.732760e-01 2.760000e-04 4.264480e-01
465 5.732120e-01 2.920000e-04 4.264960e-01
466 5.731800e-01 2.440000e-04 4.265760e-01
467 5.731400e-01 2.400000e-04 4.266200e-01
468 5.731040e-01 2.240000e-04 4.266720e-01
469 5.730840e-01 2.160000e-04 4.267000e-01
470 5.730440e-01 2.000000e-04 4.267560e-01
471 5.730160e-01 1.720000e-04 4.268120e-01
472 5.729520e-01 1.960000e-04 4.268520e-01
473 5.729120e-01 2.160000e-04 4.268720e-01
474 5.728800e-01 2.160000e-04 4.269040e-01
475 5.728400e-01 2.160000e-04 4.269440e-01
476 5.728360e-01 1.800000e-04 4.269840e-01
477 5.728160e-01 1.640000e-04 4.270200e-01
478 5.727880e-01 1.400000e-04 4.270720e-01
479 5.727400e-01 1.560000e-04 4.271040e-01
480 5.727200e-01 1.400000e-04 4.271400e-01
481 5.726920e-01 1.600000e-04 4.271480e-01
482 5.726800e-01 1.480000e-04 4.271720e-01
483 5.726680e-01 1.240000e-04 4.272080e-01
484 5.726560e-01 1.160000e-04 4.272280e-01
485 5.726440e-01 1.120000e-04 4.272440e-01
486 5.726160e-01 1.280000e-04 4.272560e-01
487 5.726080e-01 1.120000e-04 4.272800e-01
488 5.725880e-01 1.160000e-04 4.272960e-01
489 5.725680e-01 1.160000e-04 4.273160e-01
490 5.725560e-01 1.080000e-04 4.273360e-01
491 5.725480e-01 9.600000e-05 4.273560e-01
492 5.725440e-01 8.000000e-05 4.273760e-01
493 5.725240e-01 8.800000e-05 4.273880e-01
494 5.724960e-01 1.040000e-04 4.274000e-01
495 5.724800e-01 8.000000e-05 4.274400e-01
496 5.724720e-01 6.800000e-05 4.274600e-01
497 5.724720e-01 5.600000e-05 4.274720e-01
498 5.724680e-01 5.200000e-05 4.274800e-01
499 5.724680e-01 4.800000e-05 4.274840e-01
500 5.724600e-01 4.400000e-05 4.274960e-01
