1 9.992360e-01 6.440000e-04 1.200000e-04
2 9.986880e-01 1.068000e-03 2.440000e-04
3 9.980960e-01 1.448000e-03 4.560000e-04
4 9.974360e-01 1.812000e-03 7.520000e-04
5 9.966880e-01 2.168000e-03 1.144000e-03
6 9.959720e-01 2.428000e-03 1.600000e-03
7 9.950960e-01 2.868000e-03 2.036000e-03
8 9.941440e-01 3.256000e-03 2.600000e-03
9 9.932320e-01 3.568000e-03 3.200000e-03
10 9.921480e-01 3.996000e-03 3.856000e-03
11 9.911760e-01 4.184000e-03 4.640000e-03
12 9.902840e-01 4.284000e-03 5.432000e-03
13 9.891000e-01 4.632000e-03 6.268000e-03
14 9.878920e-01 5.004000e-03 7.104000e-03
15 9.867360e-01 5.268000e-03 7.996000e-03
16 9.853520e-01 5.780000e-03 8.868000e-03
17 9.841760e-01 5.944000e-03 9.880000e-03
18 9.828160e-01 6.348000e-03 1.083600e-02
19 9.815440e-01 6.316000e-03 1.214000e-02
20 9.802880e-01 6.392000e-03 1.332000e-02
21 9.791040e-01 6.524000e-03 1.437200e-02
22 9.776720e-01 6.844000e-03 1.548400e-02
23 9.764960e-01 6.752000e-03 1.675200e-02
24 9.752080e-01 6.784000e-03 1.800800e-02
25 9.738800e-01 6.944000e-03 1.917600e-02
26 9.725520e-01 7.084000e-03 2.036400e-02
27 9.712040e-01 7.224000e-03 2.157200e-02
28 9.699240e-01 7.236000e-03 2.284000e-02
29 9.684480e-01 7.532000e-03 2.402000e-02
30 9.670600e-01 7.616000e-03 2.532400e-02
31 9.655360e-01 7.856000e-03 2.660800e-02
32 9.641840e-01 7.844000e-03 2.797200e-02
33 9.627040e-01 8.136000e-03 2.916000e-02
34 9.612600e-01 8.124000e-03 3.061600e-02
35 9.598440e-01 8.076000e-03 3.208000e-02
36 9.583400e-01 8.104000e-03 3.355600e-02
37 9.568040e-01 8.292000e-03 3.490400e-02
38 9.553680e-01 8.232000e-03 3.640000e-02
39 9.537920e-01 8.288000e-03 3.792000e-02
40 9.522440e-01 8.348000e-03 3.940800e-02
41 9.507000e-01 8.480000e-03 4.082000e-02
42 9.491440e-01 8.540000e-03 4.231600e-02
43 9.476720e-01 8.724000e-03 4.360400e-02
44 9.460120e-01 8.740000e-03 4.524800e-02
45 9.445120e-01 8.756000e-03 4.673200e-02
46 9.428520e-01 8.784000e-03 4.836400e-02
47 9.412400e-01 8.856000e-03 4.990400e-02
48 9.396440e-01 8.832000e-03 5.152400e-02
49 9.378480e-01 9.096000e-03 5.305600e-02
50 9.361600e-01 9.224000e-03 5.461600e-02
51 9.344440e-01 9.264000e-03 5.629200e-02
52 9.327320e-01 9.288000e-03 5.798000e-02
53 9.311840e-01 9.164000e-03 5.965200e-02
54 9.296960e-01 9.100000e-03 6.120400e-02
55 9.282040e-01 9.032000e-03 6.276400e-02
56 9.267640e-01 8.928000e-03 6.430800e-02
57 9.253960e-01 8.628000e-03 6.597600e-02
58 9.240760e-01 8.424000e-03 6.750000e-02
59 9.227120e-01 8.300000e-03 6.898800e-02
60 9.214680e-01 8.136000e-03 7.039600e-02
61 9.202200e-01 8.012000e-03 7.176800e-02
62 9.187200e-01 8.032000e-03 7.324800e-02
63 9.174000e-01 7.948000e-03 7.465200e-02
64 9.159200e-01 7.996000e-03 7.608400e-02
65 9.147280e-01 7.832000e-03 7.744000e-02
66 9.133720e-01 7.916000e-03 7.871200e-02
67 9.119240e-01 7.960000e-03 8.011600e-02
68 9.106000e-01 7.884000e-03 8.151600e-02
69 9.092520e-01 7.828000e-03 8.292000e-02
70 9.077160e-01 8.160000e-03 8.412400e-02
71 9.062280e-01 8.188000e-03 8.558400e-02
72 9.046960e-01 8.292000e-03 8.701200e-02
73 9.030680e-01 8.512000e-03 8.842000e-02
74 9.013800e-01 8.768000e-03 8.985200e-02
75 8.997800e-01 8.740000e-03 9.148000e-02
76 8.982640e-01 8.692000e-03 9.304400e-02
77 8.968720e-01 8.572000e-03 9.455600e-02
78 8.953720e-01 8.608000e-03 9.602000e-02
79 8.939640e-01 8.648000e-03 9.738800e-02
80 8.924680e-01 8.476000e-03 9.905600e-02
81 8.907120e-01 8.676000e-03 1.006120e-01
82 8.891440e-01 8.712000e-03 1.021440e-01
83 8.874000e-01 8.916000e-03 1.036840e-01
84 8.858200e-01 8.968000e-03 1.052120e-01
85 8.841840e-01 8.956000e-03 1.068600e-01
86 8.825640e-01 8.952000e-03 1.084840e-01
87 8.809440e-01 8.812000e-03 1.102440e-01
88 8.794280e-01 8.704000e-03 1.118680e-01
89 8.778160e-01 8.720000e-03 1.134640e-01
90 8.763240e-01 8.752000e-03 1.149240e-01
91 8.747920e-01 8.644000e-03 1.165640e-01
92 8.732000e-01 8.796000e-03 1.180040e-01
93 8.716480e-01 8.796000e-03 1.195560e-01
94 8.700000e-01 8.868000e-03 1.211320e-01
95 8.684680e-01 8.932000e-03 1.226000e-01
96 8.668760e-01 9.016000e-03 1.241080e-01
97 8.652680e-01 9.076000e-03 1.256560e-01
98 8.636920e-01 9.020000e-03 1.272880e-01
99 8.622160e-01 8.996000e-03 1.287880e-01
100 8.607960e-01 8.816000e-03 1.303880e-01
101 8.593800e-01 8.620000e-03 1.320000e-01
102 8.578840e-01 8.664000e-03 1.334520e-01
103 8.563840e-01 8.736000e-03 1.348800e-01
104 8.548320e-01 8.728000e-03 1.364400e-01
105 8.533120e-01 8.760000e-03 1.379280e-01
106 8.518880e-01 8.664000e-03 1.394480e-01
107 8.503520e-01 8.776000e-03 1.408720e-01
108 8.487280e-01 8.888000e-03 1.423840e-01
109 8.471640e-01 8.784000e-03 1.440520e-01
110 8.455320e-01 8.904000e-03 1.455640e-01
111 8.439320e-01 8.848000e-03 1.472200e-01
112 8.421720e-01 8.992000e-03 1.488360e-01
113 8.406240e-01 8.884000e-03 1.504920e-01
114 8.388880e-01 9.044000e-03 1.520680e-01
115 8.373280e-01 8.908000e-03 1.537640e-01
116 8.358240e-01 8.884000e-03 1.552920e-01
117 8.343320e-01 8.908000e-03 1.567600e-01
118 8.327440e-01 8.952000e-03 1.583040e-01
119 8.310840e-01 9.040000e-03 1.598760e-01
120 8.294120e-01 9.164000e-03 1.614240e-01
121 8.277960e-01 9.092000e-03 1.631120e-01
122 8.261400e-01 9.148000e-03 1.647120e-01
123 8.245720e-01 9.136000e-03 1.662920e-01
124 8.230000e-01 8.984000e-03 1.680160e-01
125 8.214960e-01 8.996000e-03 1.695080e-01
126 8.200040e-01 8.940000e-03 1.710560e-01
127 8.184160e-01 8.964000e-03 1.726200e-01
128 8.168960e-01 9.008000e-03 1.740960e-01
129 8.154680e-01 8.872000e-03 1.756600e-01
130 8.139480e-01 8.884000e-03 1.771680e-01
131 8.123640e-01 8.804000e-03 1.788320e-01
132 8.107320e-01 8.908000e-03 1.803600e-01
133 8.091480e-01 8.968000e-03 1.818840e-01
134 8.075480e-01 8.960000e-03 1.834920e-01
135 8.062080e-01 8.852000e-03 1.849400e-01
136 8.048320e-01 8.676000e-03 1.864920e-01
137 8.034360e-01 8.656000e-03 1.879080e-01
138 8.019800e-01 8.632000e-03 1.893880e-01
139 8.005240e-01 8.708000e-03 1.907680e-01
140 7.990760e-01 8.768000e-03 1.921560e-01
141 7.974400e-01 8.988000e-03 1.935720e-01
142 7.958280e-01 9.136000e-03 1.950360e-01
143 7.941840e-01 9.168000e-03 1.966480e-01
144 7.925520e-01 9.084000e-03 1.983640e-01
145 7.909000e-01 8.984000e-03 2.001160e-01
146 7.893280e-01 9.120000e-03 2.015520e-01
147 7.876960e-01 9.120000e-03 2.031840e-01
148 7.861040e-01 9.188000e-03 2.047080e-01
149 7.845400e-01 9.172000e-03 2.062880e-01
150 7.830640e-01 9.008000e-03 2.079280e-01
151 7.814720e-01 9.024000e-03 2.095040e-01
152 7.799000e-01 8.964000e-03 2.111360e-01
153 7.785120e-01 8.680000e-03 2.128080e-01
154 7.770960e-01 8.588000e-03 2.143160e-01
155 7.756440e-01 8.456000e-03 2.159000e-01
156 7.742880e-01 8.420000e-03 2.172920e-01
157 7.729760e-01 8.244000e-03 2.187800e-01
158 7.715600e-01 8.200000e-03 2.202400e-01
159 7.700840e-01 8.188000e-03 2.217280e-01
160 7.686120e-01 8.212000e-03 2.231760e-01
161 7.674560e-01 8.016000e-03 2.245280e-01
162 7.661600e-01 7.892000e-03 2.259480e-01
163 7.648920e-01 7.676000e-03 2.274320e-01
164 7.634760e-01 7.780000e-03 2.287440e-01
165 7.621840e-01 7.744000e-03 2.300720e-01
166 7.609600e-01 7.644000e-03 2.313960e-01
167 7.597920e-01 7.560000e-03 2.326480e-01
168 7.587480e-01 7.316000e-03 2.339360e-01
169 7.576120e-01 7.220000e-03 2.351680e-01
170 7.564720e-01 7.068000e-03 2.364600e-01
171 7.553320e-01 6.940000e-03 2.377280e-01
172 7.542080e-01 6.816000e-03 2.389760e-01
173 7.531760e-01 6.752000e-03 2.400720e-01
174 7.521400e-01 6.744000e-03 2.411160e-01
175 7.509920e-01 6.672000e-03 2.423360e-01
176 7.498200e-01 6.528000e-03 2.436520e-01
177 7.487760e-01 6.472000e-03 2.447520e-01
178 7.476600e-01 6.520000e-03 2.458200e-01
179 7.464640e-01 6.548000e-03 2.469880e-01
180 7.454000e-01 6.404000e-03 2.481960e-01
181 7.444840e-01 6.168000e-03 2.493480e-01
182 7.435200e-01 6.068000e-03 2.504120e-01
183 7.425240e-01 6.068000e-03 2.514080e-01
184 7.415000e-01 6.020000e-03 2.524800e-01
185 7.406400e-01 5.868000e-03 2.534920e-01
186 7.396360e-01 5.884000e-03 2.544800e-01
187 7.385120e-01 5.972000e-03 2.555160e-01
188 7.377080e-01 5.792000e-03 2.565000e-01
189 7.366920e-01 5.828000e-03 2.574800e-01
190 7.358280e-01 5.712000e-03 2.584600e-01
191 7.348480e-01 5.652000e-03 2.595000e-01
192 7.339080e-01 5.668000e-03 2.604240e-01
193 7.330160e-01 5.560000e-03 2.614240e-01
194 7.319400e-01 5.680000e-03 2.623800e-01
195 7.309520e-01 5.616000e-03 2.634320e-01
196 7.299720e-01 5.616000e-03 2.644120e-01
197 7.290960e-01 5.568000e-03 2.653360e-01
198 7.281880e-01 5.524000e-03 2.662880e-01
199 7.272560e-01 5.424000e-03 2.673200e-01
200 7.263520e-01 5.384000e-03 2.682640e-01
201 7.254520e-01 5.288000e-03 2.692600e-01
202 7.246120e-01 5.144000e-03 2.702440e-01
203 7.238120e-01 5.168000e-03 2.710200e-01
204 7.228880e-01 5.248000e-03 2.718640e-01
205 7.220200e-01 5.176000e-03 2.728040e-01
206 7.211120e-01 5.152000e-03 2.737360e-01
207 7.200360e-01 5.396000e-03 2.745680e-01
208 7.190120e-01 5.448000e-03 2.755400e-01
209 7.179560e-01 5.644000e-03 2.764000e-01
210 7.169040e-01 5.688000e-03 2.774080e-01
211 7.160760e-01 5.548000e-03 2.783760e-01
212 7.150280e-01 5.656000e-03 2.793160e-01
213 7.140440e-01 5.704000e-03 2.802520e-01
214 7.130320e-01 5.752000e-03 2.812160e-01
215 7.121600e-01 5.572000e-03 2.822680e-01
216 7.112480e-01 5.544000e-03 2.832080e-01
217 7.102960e-01 5.556000e-03 2.841480e-01
218 7.094320e-01 5.428000e-03 2.851400e-01
219 7.084360e-01 5.632000e-03 2.859320e-01
220 7.075240e-01 5.556000e-03 2.869200e-01
221 7.066480e-01 5.428000e-03 2.879240e-01
222 7.057960e-01 5.328000e-03 2.888760e-01
223 7.049880e-01 5.208000e-03 2.898040e-01
224 7.041800e-01 5.088000e-03 2.907320e-01
225 7.033320e-01 5.036000e-03 2.916320e-01
226 7.025480e-01 4.952000e-03 2.925000e-01
227 7.018240e-01 4.832000e-03 2.933440e-01
228 7.010280e-01 4.772000e-03 2.942000e-01
229 7.002560e-01 4.820000e-03 2.949240e-01
230 6.994880e-01 4.716000e-03 2.957960e-01
231 6.987640e-01 4.608000e-03 2.966280e-01
232 6.979160e-01 4.664000e-03 2.974200e-01
233 6.972320e-01 4.544000e-03 2.982240e-01
234 6.964560e-01 4.504000e-03 2.990400e-01
235 6.956560e-01 4.532000e-03 2.998120e-01
236 6.949800e-01 4.432000e-03 3.005880e-01
237 6.942920e-01 4.332000e-03 3.013760e-01
238 6.936680e-01 4.188000e-03 3.021440e-01
239 6.929560e-01 4.140000e-03 3.029040e-01
240 6.923320e-01 4.032000e-03 3.036360e-01
241 6.916160e-01 4.044000e-03 3.043400e-01
242 6.909040e-01 4.044000e-03 3.050520e-01
243 6.901360e-01 4.108000e-03 3.057560e-01
244 6.893280e-01 4.152000e-03 3.065200e-01
245 6.885800e-01 4.172000e-03 3.072480e-01
246 6.878000e-01 4.280000e-03 3.079200e-01
247 6.870200e-01 4.348000e-03 3.086320e-01
248 6.863040e-01 4.244000e-03 3.094520e-01
249 6.857520e-01 4.080000e-03 3.101680e-01
250 6.851360e-01 4.032000e-03 3.108320e-01
251 6.843720e-01 4.156000e-03 3.114720e-01
252 6.836880e-01 4.064000e-03 3.122480e-01
253 6.830680e-01 4.016000e-03 3.129160e-01
254 6.824440e-01 3.892000e-03 3.136640e-01
255 6.818280e-01 3.832000e-03 3.143400e-01
256 6.811800e-01 3.884000e-03 3.149360e-01
257 6.805440e-01 3.876000e-03 3.155800e-01
258 6.799240e-01 3.836000e-03 3.162400e-01
259 6.793800e-01 3.676000e-03 3.169440e-01
260 6.787840e-01 3.672000e-03 3.175440e-01
261 6.780520e-01 3.844000e-03 3.181040e-01
262 6.773920e-01 3.832000e-03 3.187760e-01
263 6.767880e-01 3.768000e-03 3.194440e-01
264 6.761800e-01 3.712000e-03 3.201080e-01
265 6.756400e-01 3.580000e-03 3.207800e-01
266 6.750320e-01 3.588000e-03 3.213800e-01
267 6.744720e-01 3.524000e-03 3.220040e-01
268 6.739880e-01 3.428000e-03 3.225840e-01
269 6.735040e-01 3.384000e-03 3.231120e-01
270 6.730440e-01 3.308000e-03 3.236480e-01
271 6.725520e-01 3.300000e-03 3.241480e-01
272 6.720320e-01 3.272000e-03 3.246960e-01
273 6.714760e-01 3.332000e-03 3.251920e-01
274 6.710160e-01 3.272000e-03 3.257120e-01
275 6.705680e-01 3.172000e-03 3.262600e-01
276 6.700600e-01 3.132000e-03 3.268080e-01
277 6.694840e-01 3.172000e-03 3.273440e-01
278 6.688360e-01 3.280000e-03 3.278840e-01
279 6.683080e-01 3.332000e-03 3.283600e-01
280 6.678200e-01 3.240000e-03 3.289400e-01
281 6.673160e-01 3.112000e-03 3.295720e-01
282 6.668880e-01 2.980000e-03 3.301320e-01
283 6.663880e-01 2.924000e-03 3.306880e-01
284 6.658640e-01 2.944000e-03 3.311920e-01
285 6.652840e-01 2.984000e-03 3.317320e-01
286 6.646960e-01 3.060000e-03 3.322440e-01
287 6.641320e-01 3.060000e-03 3.328080e-01
288 6.635760e-01 3.144000e-03 3.332800e-01
289 6.630760e-01 3.144000e-03 3.337800e-01
290 6.625600e-01 3.160000e-03 3.342800e-01
291 6.619680e-01 3.228000e-03 3.348040e-01
292 6.613000e-01 3.408000e-03 3.352920e-01
293 6.607880e-01 3.348000e-03 3.358640e-01
294 6.603520e-01 3.164000e-03 3.364840e-01
295 6.598600e-01 3.124000e-03 3.370160e-01
296 6.593400e-01 3.116000e-03 3.375440e-01
297 6.588280e-01 3.060000e-03 3.381120e-01
298 6.581880e-01 3.068000e-03 3.387440e-01
299 6.576400e-01 3.156000e-03 3.392040e-01
300 6.572400e-01 3.000000e-03 3.397600e-01
301 6.566680e-01 2.984000e-03 3.403480e-01
302 6.561520e-01 2.940000e-03 3.409080e-01
303 6.556840e-01 2.956000e-03 3.413600e-01
304 6.550800e-01 3.040000e-03 3.418800e-01
305 6.546000e-01 2.980000e-03 3.424200e-01
306 6.541640e-01 2.940000e-03 3.428960e-01
307 6.537360e-01 2.852000e-03 3.434120e-01
308 6.532600e-01 2.820000e-03 3.439200e-01
309 6.527840e-01 2.804000e-03 3.444120e-01
310 6.523040e-01 2.792000e-03 3.449040e-01
311 6.518800e-01 2.816000e-03 3.453040e-01
312 6.514720e-01 2.716000e-03 3.458120e-01
313 6.510120e-01 2.692000e-03 3.462960e-01
314 6.505240e-01 2.668000e-03 3.468080e-01
315 6.500720e-01 2.612000e-03 3.473160e-01
316 6.496440e-01 2.580000e-03 3.477760e-01
317 6.492760e-01 2.508000e-03 3.482160e-01
318 6.487600e-01 2.576000e-03 3.486640e-01
319 6.483880e-01 2.504000e-03 3.491080e-01
320 6.479240e-01 2.508000e-03 3.495680e-01
321 6.474880e-01 2.480000e-03 3.500320e-01
322 6.471480e-01 2.360000e-03 3.504920e-01
323 6.467160e-01 2.400000e-03 3.508840e-01
324 6.463360e-01 2.364000e-03 3.513000e-01
325 6.459480e-01 2.340000e-03 3.517120e-01
326 6.456480e-01 2.244000e-03 3.521080e-01
327 6.452440e-01 2.252000e-03 3.525040e-01
328 6.448800e-01 2.208000e-03 3.529120e-01
329 6.445080e-01 2.196000e-03 3.532960e-01
330 6.441560e-01 2.152000e-03 3.536920e-01
331 6.437960e-01 2.104000e-03 3.541000e-01
332 6.435080e-01 1.972000e-03 3.545200e-01
333 6.431800e-01 1.904000e-03 3.549160e-01
334 6.428680e-01 1.860000e-03 3.552720e-01
335 6.425880e-01 1.828000e-03 3.555840e-01
336 6.422840e-01 1.752000e-03 3.559640e-01
337 6.419760e-01 1.728000e-03 3.562960e-01
338 6.417600e-01 1.684000e-03 3.565560e-01
339 6.415040e-01 1.640000e-03 3.568560e-01
340 6.412520e-01 1.608000e-03 3.571400e-01
341 6.409240e-01 1.592000e-03 3.574840e-01
342 6.406320e-01 1.600000e-03 3.577680e-01
343 6.403760e-01 1.520000e-03 3.581040e-01
344 6.401360e-01 1.476000e-03 3.583880e-01
345 6.399240e-01 1.420000e-03 3.586560e-01
346 6.396960e-01 1.376000e-03 3.589280e-01
347 6.394240e-01 1.368000e-03 3.592080e-01
348 6.391960e-01 1.292000e-03 3.595120e-01
349 6.389480e-01 1.360000e-03 3.596920e-01
350 6.386880e-01 1.324000e-03 3.599880e-01
351 6.384400e-01 1.368000e-03 3.601920e-01
352 6.381840e-01 1.368000e-03 3.604480e-01
353 6.379520e-01 1.372000e-03 3.606760e-01
354 6.376400e-01 1.476000e-03 3.608840e-01
355 6.374240e-01 1.460000e-03 3.611160e-01
356 6.372320e-01 1.400000e-03 3.613680e-01
357 6.370080e-01 1.348000e-03 3.616440e-01
358 6.368040e-01 1.288000e-03 3.619080e-01
359 6.366000e-01 1.280000e-03 3.621200e-01
360 6.363960e-01 1.276000e-03 3.623280e-01
361 6.361840e-01 1.276000e-03 3.625400e-01
362 6.359960e-01 1.212000e-03 3.627920e-01
363 6.357920e-01 1.220000e-03 3.629880e-01
364 6.355640e-01 1.224000e-03 3.632120e-01
365 6.354040e-01 1.148000e-03 3.634480e-01
366 6.352360e-01 1.128000e-03 3.636360e-01
367 6.350960e-01 1.080000e-03 3.638240e-01
368 6.349160e-01 1.088000e-03 3.639960e-01
369 6.347280e-01 1.068000e-03 3.642040e-01
370 6.345800e-01 1.032000e-03 3.643880e-01
371 6.343360e-01 1.116000e-03 3.645480e-01
372 6.341480e-01 1.092000e-03 3.647600e-01
373 6.339600e-01 1.100000e-03 3.649400e-01
374 6.338680e-01 1.040000e-03 3.650920e-01
375 6.337160e-01 1.036000e-03 3.652480e-01
376 6.336040e-01 9.880000e-04 3.654080e-01
377 6.334960e-01 9.360000e-04 3.655680e-01
378 6.333400e-01 9.320000e-04 3.657280e-01
379 6.331880e-01 9.280000e-04 3.658840e-01
380 6.330920e-01 8.720000e-04 3.660360e-01
381 6.329320e-01 8.600000e-04 3.662080e-01
382 6.327360e-01 9.000000e-04 3.663640e-01
383 6.326040e-01 8.360000e-04 3.665600e-01
384 6.324920e-01 8.040000e-04 3.667040e-01
385 6.323120e-01 8.360000e-04 3.668520e-01
386 6.321840e-01 8.640000e-04 3.669520e-01
387 6.319960e-01 8.880000e-04 3.671160e-01
388 6.318400e-01 9.160000e-04 3.672440e-01
389 6.316800e-01 9.240000e-04 3.673960e-01
390 6.315160e-01 9.320000e-04 3.675520e-01
391 6.313680e-01 9.040000e-04 3.677280e-01
392 6.312080e-01 9.160000e-04 3.678760e-01
393 6.310400e-01 9.040000e-04 3.680560e-01
394 6.309000e-01 8.720000e-04 3.682280e-01
395 6.307720e-01 8.520000e-04 3.683760e-01
396 6.306320e-01 8.240000e-04 3.685440e-01
397 6.304480e-01 8.760000e-04 3.686760e-01
398 6.303040e-01 8.800000e-04 3.688160e-01
399 6.301800e-01 8.520000e-04 3.689680e-01
400 6.300520e-01 8.040000e-04 3.691440e-01
401 6.299440e-01 7.800000e-04 3.692760e-01
402 6.298600e-01 7.120000e-04 3.694280e-01
403 6.297280e-01 7.400000e-04 3.695320e-01
404 6.296440e-01 7.160000e-04 3.696400e-01
405 6.294880e-01 7.240000e-04 3.697880e-01
406 6.293440e-01 7.400000e-04 3.699160e-01
407 6.292280e-01 7.160000e-04 3.700560e-01
408 6.291280e-01 6.800000e-04 3.701920e-01
409 6.290120e-01 7.080000e-04 3.702800e-01
410 6.289040e-01 6.960000e-04 3.704000e-01
411 6.287080e-01 7.680000e-04 3.705240e-01
412 6.286000e-01 7.520000e-04 3.706480e-01
413 6.284680e-01 7.720000e-04 3.707600e-01
414 6.283360e-01 7.680000e-04 3.708960e-01
415 6.282880e-01 6.920000e-04 3.710200e-01
416 6.281600e-01 7.080000e-04 3.711320e-01
417 6.280400e-01 6.920000e-04 3.712680e-01
418 6.279720e-01 6.440000e-04 3.713840e-01
419 6.278960e-01 5.920000e-04 3.715120e-01
420 6.278080e-01 5.720000e-04 3.716200e-01
421 6.277280e-01 5.440000e-04 3.717280e-01
422 6.276520e-01 5.280000e-04 3.718200e-01
423 6.275400e-01 5.560000e-04 3.719040e-01
424 6.274800e-01 5.000000e-04 3.720200e-01
425 6.273960e-01 5.080000e-04 3.720960e-01
426 6.273040e-01 5.160000e-04 3.721800e-01
427 6.271760e-01 5.440000e-04 3.722800e-01
428 6.270920e-01 5.360000e-04 3.723720e-01
429 6.270400e-01 4.880000e-04 3.724720e-01
430 6.269800e-01 4.440000e-04 3.725760e-01
431 6.269040e-01 4.200000e-04 3.726760e-01
432 6.268400e-01 3.920000e-04 3.727680e-01
433 6.268000e-01 3.680000e-04 3.728320e-01
434 6.267280e-01 3.760000e-04 3.728960e-01
435 6.266640e-01 3.800000e-04 3.729560e-01
436 6.265880e-01 4.080000e-04 3.730040e-01
437 6.264960e-01 4.400000e-04 3.730640e-01
438 6.264000e-01 4.680000e-04 3.731320e-01
439 6.263360e-01 4.600000e-04 3.732040e-01
440 6.262520e-01 4.520000e-04 3.732960e-01
441 6.261560e-01 4.880000e-04 3.733560e-01
442 6.260960e-01 4.320000e-04 3.734720e-01
443 6.260600e-01 3.920000e-04 3.735480e-01
444 6.259960e-01 3.760000e-04 3.736280e-01
445 6.259160e-01 3.840000e-04 3.737000e-01
446 6.258760e-01 3.440000e-04 3.737800e-01
447 6.258040e-01 3.640000e-04 3.738320e-01
448 6.257240e-01 3.680000e-04 3.739080e-01
449 6.256640e-01 3.760000e-04 3.739600e-01
450 6.256120e-01 3.640000e-04 3.740240e-01
451 6.255840e-01 3.080000e-04 3.741080e-01
452 6.255640e-01 2.720000e-04 3.741640e-01
453 6.255400e-01 2.280000e-04 3.742320e-01
454 6.255240e-01 2.000000e-04 3.742760e-01
455 6.254760e-01 2.120000e-04 3.743120e-01
456 6.254400e-01 2.120000e-04 3.743480e-01
457 6.254080e-01 2.120000e-04 3.743800e-01
458 6.253560e-01 2.280000e-04 3.744160e-01
459 6.253280e-01 1.920000e-04 3.744800e-01
460 6.253040e-01 1.840000e-04 3.745120e-01
461 6.252680e-01 1.800000e-04 3.745520e-01
462 6.252480e-01 1.800000e-04 3.745720e-01
463 6.252360e-01 1.560000e-04 3.746080e-01
464 6.251960e-01 1.640000e-04 3.746400e-01
465 6.251400e-01 1.920000e-04 3.746680e-01
466 6.250920e-01 1.840000e-04 3.747240e-01
467 6.250520e-01 2.000000e-04 3.747480e-01
468 6.250080e-01 2.000000e-04 3.747920e-01
469 6.249480e-01 2.400000e-04 3.748120e-01
470 6.248880e-01 2.600000e-04 3.748520e-01
471 6.248560e-01 2.320000e-04 3.749120e-01
472 6.248200e-01 1.960000e-04 3.749840e-01
473 6.247640e-01 2.320000e-04 3.750040e-01
474 6.247120e-01 2.440000e-04 3.750440e-01
475 6.246920e-01 2.200000e-04 3.750880e-01
476 6.246520e-01 2.200000e-04 3.751280e-01
477 6.245960e-01 2.440000e-04 3.751600e-01
478 6.245240e-01 2.800000e-04 3.751960e-01
479 6.244400e-01 3.160000e-04 3.752440e-01
480 6.243640e-01 3.560000e-04 3.752800e-01
481 6.243160e-01 3.280000e-04 3.753560e-01
482 6.242240e-01 3.560000e-04 3.754200e-01
483 6.241640e-01 3.600000e-04 3.754760e-01
484 6.240800e-01 3.840000e-04 3.755360e-01
485 6.239640e-01 4.320000e-04 3.756040e-01
486 6.238720e-01 4.520000e-04 3.756760e-01
487 6.238240e-01 4.400000e-04 3.757360e-01
488 6.237320e-01 4.680000e-04 3.758000e-01
489 6.236840e-01 4.280000e-04 3.758880e-01
490 6.236120e-01 4.280000e-04 3.759600e-01
491 6.235720e-01 3.960000e-04 3.760320e-01
492 6.234880e-01 4.400000e-04 3.760720e-01
493 6.234240e-01 4.240000e-04 3.761520e-01
494 6.233720e-01 4.080000e-04 3.762200e-01
495 6.233120e-01 3.840000e-04 3.763040e-01
496 6.232760e-01 3.480000e-04 3.763760e-01
497 6.232200e-01 3.400000e-04 3.764400e-01
498 6.231920e-01 3.080000e-04 3.765000e-01
499 6.231560e-01 2.960000e-04 3.765480e-01
500 6.231360e-01 2.720000e-04 3.765920e-01
