1 9.992680e-01 6.600000e-04 7.200000e-05
2 9.987760e-01 9.800000e-04 2.440000e-04
3 9.982440e-01 1.304000e-03 4.520000e-04
4 9.976040e-01 1.660000e-03 7.360000e-04
5 9.969080e-01 2.068000e-03 1.024000e-03
6 9.961200e-01 2.508000e-03 1.372000e-03
7 9.952640e-01 2.896000e-03 1.840000e-03
8 9.944440e-01 3.152000e-03 2.404000e-03
9 9.935840e-01 3.428000e-03 2.988000e-03
10 9.927000e-01 3.596000e-03 3.704000e-03
11 9.916560e-01 4.044000e-03 4.300000e-03
12 9.905720e-01 4.432000e-03 4.996000e-03
13 9.896080e-01 4.644000e-03 5.748000e-03
14 9.885200e-01 4.940000e-03 6.540000e-03
15 9.872400e-01 5.276000e-03 7.484000e-03
16 9.861200e-01 5.456000e-03 8.424000e-03
17 9.848240e-01 5.712000e-03 9.464000e-03
18 9.837160e-01 5.792000e-03 1.049200e-02
19 9.826000e-01 5.912000e-03 1.148800e-02
20 9.814400e-01 6.004000e-03 1.255600e-02
21 9.800720e-01 6.324000e-03 1.360400e-02
22 9.786760e-01 6.620000e-03 1.470400e-02
23 9.772440e-01 6.740000e-03 1.601600e-02
24 9.759240e-01 6.924000e-03 1.715200e-02
25 9.745960e-01 7.004000e-03 1.840000e-02
26 9.732720e-01 7.132000e-03 1.959600e-02
27 9.718920e-01 7.248000e-03 2.086000e-02
28 9.705160e-01 7.304000e-03 2.218000e-02
29 9.692720e-01 7.364000e-03 2.336400e-02
30 9.678840e-01 7.440000e-03 2.467600e-02
31 9.664600e-01 7.544000e-03 2.599600e-02
32 9.650200e-01 7.536000e-03 2.744400e-02
33 9.634920e-01 7.748000e-03 2.876000e-02
34 9.619600e-01 7.884000e-03 3.015600e-02
35 9.604160e-01 7.972000e-03 3.161200e-02
36 9.588760e-01 8.036000e-03 3.308800e-02
37 9.574280e-01 7.964000e-03 3.460800e-02
38 9.560520e-01 7.836000e-03 3.611200e-02
39 9.545960e-01 7.916000e-03 3.748800e-02
40 9.530560e-01 8.028000e-03 3.891600e-02
41 9.514080e-01 8.220000e-03 4.037200e-02
42 9.500680e-01 8.132000e-03 4.180000e-02
43 9.486760e-01 8.108000e-03 4.321600e-02
44 9.473240e-01 8.004000e-03 4.467200e-02
45 9.458640e-01 8.080000e-03 4.605600e-02
46 9.443920e-01 8.256000e-03 4.735200e-02
47 9.426560e-01 8.568000e-03 4.877600e-02
48 9.411120e-01 8.636000e-03 5.025200e-02
49 9.396880e-01 8.712000e-03 5.160000e-02
50 9.384400e-01 8.492000e-03 5.306800e-02
51 9.369200e-01 8.584000e-03 5.449600e-02
52 9.354560e-01 8.460000e-03 5.608400e-02
53 9.339960e-01 8.432000e-03 5.757200e-02
54 9.326080e-01 8.404000e-03 5.898800e-02
55 9.312720e-01 8.240000e-03 6.048800e-02
56 9.297680e-01 8.208000e-03 6.202400e-02
57 9.284200e-01 8.004000e-03 6.357600e-02
58 9.271600e-01 7.996000e-03 6.484400e-02
59 9.259720e-01 7.680000e-03 6.634800e-02
60 9.247400e-01 7.540000e-03 6.772000e-02
61 9.233520e-01 7.592000e-03 6.905600e-02
62 9.221440e-01 7.500000e-03 7.035600e-02
63 9.206480e-01 7.676000e-03 7.167600e-02
64 9.193320e-01 7.488000e-03 7.318000e-02
65 9.179240e-01 7.704000e-03 7.437200e-02
66 9.165120e-01 7.704000e-03 7.578400e-02
67 9.149160e-01 7.904000e-03 7.718000e-02
68 9.134440e-01 8.016000e-03 7.854000e-02
69 9.121920e-01 7.840000e-03 7.996800e-02
70 9.109080e-01 7.696000e-03 8.139600e-02
71 9.094760e-01 7.764000e-03 8.276000e-02
72 9.081360e-01 7.716000e-03 8.414800e-02
73 9.067120e-01 7.840000e-03 8.544800e-02
74 9.051520e-01 8.112000e-03 8.673600e-02
75 9.037680e-01 8.120000e-03 8.811200e-02
76 9.021960e-01 8.252000e-03 8.955200e-02
77 9.008000e-01 8.200000e-03 9.100000e-02
78 8.993640e-01 8.332000e-03 9.230400e-02
79 8.979440e-01 8.216000e-03 9.384000e-02
80 8.966800e-01 7.924000e-03 9.539600e-02
81 8.954080e-01 7.864000e-03 9.672800e-02
82 8.941200e-01 7.916000e-03 9.796400e-02
83 8.929760e-01 7.680000e-03 9.934400e-02
84 8.916840e-01 7.668000e-03 1.006480e-01
85 8.904840e-01 7.560000e-03 1.019560e-01
86 8.892600e-01 7.552000e-03 1.031880e-01
87 8.880880e-01 7.444000e-03 1.044680e-01
88 8.868440e-01 7.404000e-03 1.057520e-01
89 8.857200e-01 7.160000e-03 1.071200e-01
90 8.846240e-01 6.956000e-03 1.084200e-01
91 8.834000e-01 6.928000e-03 1.096720e-01
92 8.822760e-01 6.948000e-03 1.107760e-01
93 8.811000e-01 6.932000e-03 1.119680e-01
94 8.800080e-01 6.836000e-03 1.131560e-01
95 8.788320e-01 6.820000e-03 1.143480e-01
96 8.776400e-01 6.928000e-03 1.154320e-01
97 8.765240e-01 6.780000e-03 1.166960e-01
98 8.754520e-01 6.688000e-03 1.178600e-01
99 8.742080e-01 6.740000e-03 1.190520e-01
100 8.729480e-01 6.728000e-03 1.203240e-01
101 8.716960e-01 6.752000e-03 1.215520e-01
102 8.704120e-01 7.000000e-03 1.225880e-01
103 8.691200e-01 7.140000e-03 1.237400e-01
104 8.678280e-01 7.192000e-03 1.249800e-01
105 8.665320e-01 7.176000e-03 1.262920e-01
106 8.653440e-01 7.116000e-03 1.275400e-01
107 8.640640e-01 7.092000e-03 1.288440e-01
108 8.626440e-01 7.224000e-03 1.301320e-01
109 8.614280e-01 7.256000e-03 1.313160e-01
110 8.601480e-01 7.172000e-03 1.326800e-01
111 8.588000e-01 7.212000e-03 1.339880e-01
112 8.576320e-01 7.128000e-03 1.352400e-01
113 8.564800e-01 6.996000e-03 1.365240e-01
114 8.553680e-01 6.796000e-03 1.378360e-01
115 8.540880e-01 6.936000e-03 1.389760e-01
116 8.530680e-01 6.748000e-03 1.401840e-01
117 8.517880e-01 6.972000e-03 1.412400e-01
118 8.504880e-01 6.928000e-03 1.425840e-01
119 8.493720e-01 6.948000e-03 1.436800e-01
120 8.480800e-01 7.024000e-03 1.448960e-01
121 8.469160e-01 6.948000e-03 1.461360e-01
122 8.456880e-01 7.048000e-03 1.472640e-01
123 8.445160e-01 7.008000e-03 1.484760e-01
124 8.433120e-01 7.028000e-03 1.496600e-01
125 8.420760e-01 6.992000e-03 1.509320e-01
126 8.408600e-01 6.968000e-03 1.521720e-01
127 8.396240e-01 7.008000e-03 1.533680e-01
128 8.385360e-01 6.956000e-03 1.545080e-01
129 8.372600e-01 6.992000e-03 1.557480e-01
130 8.361040e-01 6.872000e-03 1.570240e-01
131 8.349280e-01 6.912000e-03 1.581600e-01
132 8.337280e-01 7.008000e-03 1.592640e-01
133 8.325400e-01 7.024000e-03 1.604360e-01
134 8.312520e-01 6.968000e-03 1.617800e-01
135 8.300080e-01 7.004000e-03 1.629880e-01
136 8.286520e-01 6.940000e-03 1.644080e-01
137 8.274720e-01 6.924000e-03 1.656040e-01
138 8.261760e-01 7.048000e-03 1.667760e-01
139 8.250080e-01 6.884000e-03 1.681080e-01
140 8.237560e-01 6.924000e-03 1.693200e-01
141 8.226320e-01 6.836000e-03 1.705320e-01
142 8.215560e-01 6.840000e-03 1.716040e-01
143 8.203880e-01 6.784000e-03 1.728280e-01
144 8.192120e-01 6.912000e-03 1.738760e-01
145 8.178920e-01 7.004000e-03 1.751040e-01
146 8.166800e-01 6.920000e-03 1.764000e-01
147 8.154280e-01 6.948000e-03 1.776240e-01
148 8.141120e-01 7.000000e-03 1.788880e-01
149 8.129400e-01 6.976000e-03 1.800840e-01
150 8.118320e-01 6.792000e-03 1.813760e-01
151 8.107400e-01 6.748000e-03 1.825120e-01
152 8.096440e-01 6.580000e-03 1.837760e-01
153 8.084320e-01 6.700000e-03 1.848680e-01
154 8.073120e-01 6.680000e-03 1.860080e-01
155 8.061560e-01 6.748000e-03 1.870960e-01
156 8.051280e-01 6.620000e-03 1.882520e-01
157 8.040760e-01 6.512000e-03 1.894120e-01
158 8.029080e-01 6.620000e-03 1.904720e-01
159 8.019520e-01 6.300000e-03 1.917480e-01
160 8.009360e-01 6.324000e-03 1.927400e-01
161 7.999720e-01 6.208000e-03 1.938200e-01
162 7.987960e-01 6.324000e-03 1.948800e-01
163 7.977960e-01 6.216000e-03 1.959880e-01
164 7.967120e-01 6.152000e-03 1.971360e-01
165 7.956000e-01 6.168000e-03 1.982320e-01
166 7.945320e-01 6.072000e-03 1.993960e-01
167 7.935000e-01 5.980000e-03 2.005200e-01
168 7.925080e-01 5.928000e-03 2.015640e-01
169 7.913880e-01 5.992000e-03 2.026200e-01
170 7.903680e-01 5.920000e-03 2.037120e-01
171 7.894520e-01 5.892000e-03 2.046560e-01
172 7.883640e-01 5.928000e-03 2.057080e-01
173 7.874120e-01 5.892000e-03 2.066960e-01
174 7.863960e-01 5.880000e-03 2.077240e-01
175 7.853240e-01 5.848000e-03 2.088280e-01
176 7.843240e-01 5.888000e-03 2.097880e-01
177 7.834080e-01 5.796000e-03 2.107960e-01
178 7.824560e-01 5.744000e-03 2.118000e-01
179 7.815240e-01 5.712000e-03 2.127640e-01
180 7.806040e-01 5.620000e-03 2.137760e-01
181 7.796440e-01 5.464000e-03 2.148920e-01
182 7.786520e-01 5.396000e-03 2.159520e-01
183 7.778440e-01 5.248000e-03 2.169080e-01
184 7.769320e-01 5.212000e-03 2.178560e-01
185 7.760560e-01 5.192000e-03 2.187520e-01
186 7.750120e-01 5.188000e-03 2.198000e-01
187 7.741440e-01 5.148000e-03 2.207080e-01
188 7.731600e-01 5.164000e-03 2.216760e-01
189 7.721960e-01 5.248000e-03 2.225560e-01
190 7.713920e-01 5.168000e-03 2.234400e-01
191 7.705680e-01 5.088000e-03 2.243440e-01
192 7.698880e-01 5.020000e-03 2.250920e-01
193 7.691960e-01 4.792000e-03 2.260120e-01
194 7.684160e-01 4.744000e-03 2.268400e-01
195 7.677440e-01 4.560000e-03 2.276960e-01
196 7.671240e-01 4.380000e-03 2.284960e-01
197 7.664840e-01 4.360000e-03 2.291560e-01
198 7.657640e-01 4.224000e-03 2.300120e-01
199 7.651360e-01 4.164000e-03 2.307000e-01
200 7.644960e-01 4.100000e-03 2.314040e-01
201 7.637840e-01 4.016000e-03 2.322000e-01
202 7.631720e-01 3.976000e-03 2.328520e-01
203 7.624960e-01 3.896000e-03 2.336080e-01
204 7.618640e-01 3.848000e-03 2.342880e-01
205 7.612000e-01 3.836000e-03 2.349640e-01
206 7.605640e-01 3.788000e-03 2.356480e-01
207 7.599080e-01 3.820000e-03 2.362720e-01
208 7.592080e-01 3.852000e-03 2.369400e-01
209 7.585680e-01 3.876000e-03 2.375560e-01
210 7.578600e-01 3.920000e-03 2.382200e-01
211 7.571440e-01 3.872000e-03 2.389840e-01
212 7.564680e-01 3.876000e-03 2.396560e-01
213 7.557920e-01 3.848000e-03 2.403600e-01
214 7.551120e-01 3.840000e-03 2.410480e-01
215 7.544480e-01 3.928000e-03 2.416240e-01
216 7.536400e-01 4.052000e-03 2.423080e-01
217 7.528480e-01 4.160000e-03 2.429920e-01
218 7.521920e-01 4.140000e-03 2.436680e-01
219 7.513760e-01 4.208000e-03 2.444160e-01
220 7.505960e-01 4.296000e-03 2.451080e-01
221 7.499160e-01 4.308000e-03 2.457760e-01
222 7.492440e-01 4.316000e-03 2.464400e-01
223 7.483680e-01 4.484000e-03 2.471480e-01
224 7.476000e-01 4.392000e-03 2.480080e-01
225 7.468720e-01 4.380000e-03 2.487480e-01
226 7.461160e-01 4.288000e-03 2.495960e-01
227 7.453720e-01 4.260000e-03 2.503680e-01
228 7.446440e-01 4.196000e-03 2.511600e-01
229 7.439440e-01 4.200000e-03 2.518560e-01
230 7.431840e-01 4.104000e-03 2.527120e-01
231 7.425800e-01 4.008000e-03 2.534120e-01
232 7.420760e-01 3.900000e-03 2.540240e-01
233 7.414800e-01 3.784000e-03 2.547360e-01
234 7.409240e-01 3.652000e-03 2.554240e-01
235 7.403120e-01 3.632000e-03 2.560560e-01
236 7.396800e-01 3.584000e-03 2.567360e-01
237 7.390360e-01 3.536000e-03 2.574280e-01
238 7.383960e-01 3.480000e-03 2.581240e-01
239 7.378200e-01 3.372000e-03 2.588080e-01
240 7.372920e-01 3.340000e-03 2.593680e-01
241 7.367400e-01 3.308000e-03 2.599520e-01
242 7.361680e-01 3.292000e-03 2.605400e-01
243 7.356560e-01 3.212000e-03 2.611320e-01
244 7.352120e-01 3.028000e-03 2.617600e-01
245 7.346280e-01 3.088000e-03 2.622840e-01
246 7.340920e-01 3.136000e-03 2.627720e-01
247 7.335840e-01 3.164000e-03 2.632520e-01
248 7.329240e-01 3.280000e-03 2.637960e-01
249 7.324000e-01 3.248000e-03 2.643520e-01
250 7.318680e-01 3.244000e-03 2.648880e-01
251 7.313680e-01 3.176000e-03 2.654560e-01
252 7.308520e-01 3.180000e-03 2.659680e-01
253 7.304000e-01 3.068000e-03 2.665320e-01
254 7.298720e-01 3.148000e-03 2.669800e-01
255 7.293400e-01 3.140000e-03 2.675200e-01
256 7.288400e-01 3.076000e-03 2.680840e-01
257 7.282920e-01 3.112000e-03 2.685960e-01
258 7.278480e-01 3.024000e-03 2.691280e-01
259 7.272560e-01 3.096000e-03 2.696480e-01
260 7.267240e-01 3.056000e-03 2.702200e-01
261 7.261720e-01 3.144000e-03 2.706840e-01
262 7.257000e-01 3.076000e-03 2.712240e-01
263 7.252160e-01 3.064000e-03 2.717200e-01
264 7.247520e-01 3.028000e-03 2.722200e-01
265 7.243320e-01 2.876000e-03 2.727920e-01
266 7.238520e-01 2.904000e-03 2.732440e-01
267 7.233160e-01 3.024000e-03 2.736600e-01
268 7.228240e-01 3.020000e-03 2.741560e-01
269 7.223480e-01 3.028000e-03 2.746240e-01
270 7.217680e-01 3.096000e-03 2.751360e-01
271 7.212760e-01 3.036000e-03 2.756880e-01
272 7.207360e-01 3.032000e-03 2.762320e-01
273 7.202280e-01 2.996000e-03 2.767760e-01
274 7.197760e-01 2.904000e-03 2.773200e-01
275 7.193200e-01 2.836000e-03 2.778440e-01
276 7.188560e-01 2.804000e-03 2.783400e-01
277 7.182880e-01 2.920000e-03 2.787920e-01
278 7.177040e-01 3.080000e-03 2.792160e-01
279 7.172280e-01 3.072000e-03 2.797000e-01
280 7.167520e-01 3.000000e-03 2.802480e-01
281 7.162680e-01 2.936000e-03 2.807960e-01
282 7.156840e-01 2.996000e-03 2.813200e-01
283 7.152200e-01 2.812000e-03 2.819680e-01
284 7.147680e-01 2.796000e-03 2.824360e-01
285 7.142840e-01 2.872000e-03 2.828440e-01
286 7.138680e-01 2.824000e-03 2.833080e-01
287 7.134960e-01 2.704000e-03 2.838000e-01
288 7.131000e-01 2.644000e-03 2.842560e-01
289 7.126080e-01 2.780000e-03 2.846120e-01
290 7.121120e-01 2.748000e-03 2.851400e-01
291 7.116720e-01 2.720000e-03 2.856080e-01
292 7.111800e-01 2.780000e-03 2.860400e-01
293 7.106680e-01 2.844000e-03 2.864880e-01
294 7.102080e-01 2.824000e-03 2.869680e-01
295 7.097280e-01 2.856000e-03 2.874160e-01
296 7.092360e-01 2.832000e-03 2.879320e-01
297 7.087760e-01 2.708000e-03 2.885160e-01
298 7.083120e-01 2.656000e-03 2.890320e-01
299 7.078880e-01 2.684000e-03 2.894280e-01
300 7.075320e-01 2.576000e-03 2.898920e-01
301 7.071280e-01 2.548000e-03 2.903240e-01
302 7.067880e-01 2.448000e-03 2.907640e-01
303 7.064120e-01 2.416000e-03 2.911720e-01
304 7.060640e-01 2.384000e-03 2.915520e-01
305 7.056600e-01 2.360000e-03 2.919800e-01
306 7.052920e-01 2.276000e-03 2.924320e-01
307 7.049240e-01 2.336000e-03 2.927400e-01
308 7.045560e-01 2.308000e-03 2.931360e-01
309 7.041520e-01 2.328000e-03 2.935200e-01
310 7.037560e-01 2.408000e-03 2.938360e-01
311 7.033160e-01 2.408000e-03 2.942760e-01
312 7.029200e-01 2.424000e-03 2.946560e-01
313 7.024640e-01 2.428000e-03 2.951080e-01
314 7.020040e-01 2.488000e-03 2.955080e-01
315 7.015720e-01 2.468000e-03 2.959600e-01
316 7.011600e-01 2.432000e-03 2.964080e-01
317 7.007120e-01 2.392000e-03 2.968960e-01
318 7.002560e-01 2.424000e-03 2.973200e-01
319 6.998520e-01 2.460000e-03 2.976880e-01
320 6.993640e-01 2.444000e-03 2.981920e-01
321 6.989600e-01 2.328000e-03 2.987120e-01
322 6.985800e-01 2.292000e-03 2.991280e-01
323 6.982760e-01 2.184000e-03 2.995400e-01
324 6.979240e-01 2.196000e-03 2.998800e-01
325 6.975240e-01 2.252000e-03 3.002240e-01
326 6.971280e-01 2.220000e-03 3.006520e-01
327 6.968040e-01 2.196000e-03 3.010000e-01
328 6.964080e-01 2.232000e-03 3.013600e-01
329 6.960760e-01 2.176000e-03 3.017480e-01
330 6.956480e-01 2.196000e-03 3.021560e-01
331 6.952320e-01 2.180000e-03 3.025880e-01
332 6.948440e-01 2.148000e-03 3.030080e-01
333 6.944640e-01 2.212000e-03 3.033240e-01
334 6.941440e-01 2.172000e-03 3.036840e-01
335 6.938120e-01 2.104000e-03 3.040840e-01
336 6.935000e-01 2.140000e-03 3.043600e-01
337 6.931400e-01 2.156000e-03 3.047040e-01
338 6.927920e-01 2.132000e-03 3.050760e-01
339 6.924520e-01 2.084000e-03 3.054640e-01
340 6.921160e-01 2.108000e-03 3.057760e-01
341 6.917080e-01 2.160000e-03 3.061320e-01
342 6.913800e-01 2.112000e-03 3.065080e-01
343 6.910760e-01 2.040000e-03 3.068840e-01
344 6.907360e-01 2.040000e-03 3.072240e-01
345 6.904440e-01 1.912000e-03 3.076440e-01
346 6.901200e-01 1.928000e-03 3.079520e-01
347 6.898280e-01 1.880000e-03 3.082920e-01
348 6.894960e-01 1.932000e-03 3.085720e-01
349 6.891800e-01 1.948000e-03 3.088720e-01
350 6.889320e-01 1.900000e-03 3.091680e-01
351 6.886280e-01 1.848000e-03 3.095240e-01
352 6.883760e-01 1.872000e-03 3.097520e-01
353 6.880920e-01 1.900000e-03 3.100080e-01
354 6.878400e-01 1.820000e-03 3.103400e-01
355 6.875400e-01 1.772000e-03 3.106880e-01
356 6.872040e-01 1.812000e-03 3.109840e-01
357 6.868960e-01 1.800000e-03 3.113040e-01
358 6.866000e-01 1.840000e-03 3.115600e-01
359 6.862880e-01 1.788000e-03 3.119240e-01
360 6.860880e-01 1.676000e-03 3.122360e-01
361 6.858320e-01 1.660000e-03 3.125080e-01
362 6.855800e-01 1.664000e-03 3.127560e-01
363 6.853680e-01 1.572000e-03 3.130600e-01
364 6.851640e-01 1.488000e-03 3.133480e-01
365 6.849720e-01 1.456000e-03 3.135720e-01
366 6.847240e-01 1.460000e-03 3.138160e-01
367 6.844680e-01 1.408000e-03 3.141240e-01
368 6.843080e-01 1.376000e-03 3.143160e-01
369 6.840400e-01 1.356000e-03 3.146040e-01
370 6.838280e-01 1.300000e-03 3.148720e-01
371 6.836240e-01 1.300000e-03 3.150760e-01
372 6.833920e-01 1.284000e-03 3.153240e-01
373 6.832080e-01 1.256000e-03 3.155360e-01
374 6.829640e-01 1.320000e-03 3.157160e-01
375 6.826840e-01 1.372000e-03 3.159440e-01
376 6.824560e-01 1.348000e-03 3.161960e-01
377 6.822200e-01 1.332000e-03 3.164480e-01
378 6.819120e-01 1.456000e-03 3.166320e-01
379 6.815720e-01 1.552000e-03 3.168760e-01
380 6.812680e-01 1.556000e-03 3.171760e-01
381 6.809920e-01 1.612000e-03 3.173960e-01
382 6.807080e-01 1.620000e-03 3.176720e-01
383 6.804080e-01 1.588000e-03 3.180040e-01
384 6.801680e-01 1.588000e-03 3.182440e-01
385 6.798800e-01 1.596000e-03 3.185240e-01
386 6.796280e-01 1.548000e-03 3.188240e-01
387 6.793720e-01 1.544000e-03 3.190840e-01
388 6.791560e-01 1.456000e-03 3.193880e-01
389 6.789640e-01 1.444000e-03 3.195920e-01
390 6.787520e-01 1.428000e-03 3.198200e-01
391 6.785680e-01 1.340000e-03 3.200920e-01
392 6.783840e-01 1.280000e-03 3.203360e-01
393 6.782200e-01 1.216000e-03 3.205640e-01
394 6.780840e-01 1.144000e-03 3.207720e-01
395 6.779480e-01 1.024000e-03 3.210280e-01
396 6.778120e-01 9.920000e-04 3.211960e-01
397 6.776520e-01 9.920000e-04 3.213560e-01
398 6.775040e-01 1.000000e-03 3.214960e-01
399 6.773800e-01 9.840000e-04 3.216360e-01
400 6.772360e-01 9.320000e-04 3.218320e-01
401 6.770640e-01 9.360000e-04 3.220000e-01
402 6.768880e-01 9.840000e-04 3.221280e-01
403 6.767520e-01 9.680000e-04 3.222800e-01
404 6.765880e-01 9.880000e-04 3.224240e-01
405 6.763800e-01 9.960000e-04 3.226240e-01
406 6.761720e-01 1.016000e-03 3.228120e-01
407 6.759880e-01 1.024000e-03 3.229880e-01
408 6.758280e-01 1.052000e-03 3.231200e-01
409 6.756080e-01 1.088000e-03 3.233040e-01
410 6.754880e-01 1.004000e-03 3.235080e-01
411 6.753240e-01 1.004000e-03 3.236720e-01
412 6.751800e-01 9.600000e-04 3.238600e-01
413 6.750200e-01 9.000000e-04 3.240800e-01
414 6.749040e-01 8.800000e-04 3.242160e-01
415 6.747760e-01 8.640000e-04 3.243600e-01
416 6.746120e-01 8.960000e-04 3.244920e-01
417 6.744800e-01 8.520000e-04 3.246680e-01
418 6.743800e-01 8.240000e-04 3.247960e-01
419 6.742400e-01 8.080000e-04 3.249520e-01
420 6.741320e-01 8.040000e-04 3.250640e-01
421 6.740240e-01 7.720000e-04 3.252040e-01
422 6.739000e-01 7.440000e-04 3.253560e-01
423 6.737680e-01 7.440000e-04 3.254880e-01
424 6.736240e-01 7.280000e-04 3.256480e-01
425 6.734880e-01 7.240000e-04 3.257880e-01
426 6.733640e-01 7.480000e-04 3.258880e-01
427 6.732200e-01 7.760000e-04 3.260040e-01
428 6.730360e-01 8.520000e-04 3.261120e-01
429 6.728480e-01 9.040000e-04 3.262480e-01
430 6.726480e-01 8.960000e-04 3.264560e-01
431 6.724520e-01 9.360000e-04 3.266120e-01
432 6.722520e-01 1.008000e-03 3.267400e-01
433 6.720600e-01 9.960000e-04 3.269440e-01
434 6.719000e-01 9.880000e-04 3.271120e-01
435 6.716960e-01 1.016000e-03 3.272880e-01
436 6.714760e-01 1.028000e-03 3.274960e-01
437 6.712280e-01 1.084000e-03 3.276880e-01
438 6.710160e-01 1.088000e-03 3.278960e-01
439 6.708400e-01 1.048000e-03 3.281120e-01
440 6.707240e-01 9.520000e-04 3.283240e-01
441 6.706080e-01 9.000000e-04 3.284920e-01
442 6.704640e-01 8.920000e-04 3.286440e-01
443 6.703320e-01 8.240000e-04 3.288440e-01
444 6.701760e-01 8.080000e-04 3.290160e-01
445 6.700080e-01 8.360000e-04 3.291560e-01
446 6.697920e-01 8.920000e-04 3.293160e-01
447 6.695960e-01 9.360000e-04 3.294680e-01
448 6.693800e-01 9.880000e-04 3.296320e-01
449 6.692440e-01 9.320000e-04 3.298240e-01
450 6.690800e-01 9.160000e-04 3.300040e-01
451 6.689480e-01 9.040000e-04 3.301480e-01
452 6.687880e-01 9.040000e-04 3.303080e-01
453 6.686080e-01 9.440000e-04 3.304480e-01
454 6.684560e-01 9.120000e-04 3.306320e-01
455 6.682600e-01 1.000000e-03 3.307400e-01
456 6.680800e-01 1.008000e-03 3.309120e-01
457 6.679240e-01 9.920000e-04 3.310840e-01
458 6.678040e-01 9.280000e-04 3.312680e-01
459 6.676640e-01 9.120000e-04 3.314240e-01
460 6.675160e-01 9.080000e-04 3.315760e-01
461 6.673600e-01 9.400000e-04 3.317000e-01
462 6.672320e-01 8.840000e-04 3.318840e-01
463 6.670920e-01 8.520000e-04 3.320560e-01
464 6.669520e-01 8.040000e-04 3.322440e-01
465 6.668320e-01 7.920000e-04 3.323760e-01
466 6.667200e-01 8.080000e-04 3.324720e-01
467 6.665480e-01 8.520000e-04 3.326000e-01
468 6.664120e-01 8.360000e-04 3.327520e-01
469 6.663240e-01 8.040000e-04 3.328720e-01
470 6.662120e-01 7.480000e-04 3.330400e-01
471 6.661040e-01 7.080000e-04 3.331880e-01
472 6.659960e-01 7.040000e-04 3.333000e-01
473 6.658600e-01 7.160000e-04 3.334240e-01
474 6.656760e-01 7.600000e-04 3.335640e-01
475 6.655120e-01 8.080000e-04 3.336800e-01
476 6.653560e-01 8.200000e-04 3.338240e-01
477 6.652120e-01 8.440000e-04 3.339440e-01
478 6.650000e-01 9.240000e-04 3.340760e-01
479 6.648640e-01 8.920000e-04 3.342440e-01
480 6.647040e-01 8.920000e-04 3.344040e-01
481 6.645360e-01 8.760000e-04 3.345880e-01
482 6.642920e-01 9.680000e-04 3.347400e-01
483 6.641400e-01 9.440000e-04 3.349160e-01
484 6.639480e-01 9.760000e-04 3.350760e-01
485 6.637640e-01 9.760000e-04 3.352600e-01
486 6.636200e-01 9.680000e-04 3.354120e-01
487 6.634280e-01 9.760000e-04 3.355960e-01
488 6.632440e-01 9.400000e-04 3.358160e-01
489 6.630960e-01 9.560000e-04 3.359480e-01
490 6.629240e-01 9.720000e-04 3.361040e-01
491 6.627640e-01 9.400000e-04 3.362960e-01
492 6.625800e-01 9.600000e-04 3.364600e-01
493 6.624160e-01 9.800000e-04 3.366040e-01
494 6.622720e-01 9.400000e-04 3.367880e-01
495 6.621120e-01 8.840000e-04 3.370040e-01
496 6.619480e-01 9.080000e-04 3.371440e-01
497 6.617480e-01 9.000000e-04 3.373520e-01
498 6.616080e-01 8.120000e-04 3.375800e-01
499 6.615080e-01 7.720000e-04 3.377200e-01
500 6.613680e-01 7.160000e-04 3.379160e-01
