1 9.992520e-01 6.840000e-04 6.400000e-05
2 9.987440e-01 1.040000e-03 2.160000e-04
3 9.981120e-01 1.476000e-03 4.120000e-04
4 9.973120e-01 1.960000e-03 7.280000e-04
5 9.965160e-01 2.340000e-03 1.144000e-03
6 9.956600e-01 2.748000e-03 1.592000e-03
7 9.948480e-01 3.048000e-03 2.104000e-03
8 9.938240e-01 3.476000e-03 2.700000e-03
9 9.927880e-01 3.924000e-03 3.288000e-03
10 9.918360e-01 4.100000e-03 4.064000e-03
11 9.908600e-01 4.268000e-03 4.872000e-03
12 9.898560e-01 4.392000e-03 5.752000e-03
13 9.887600e-01 4.672000e-03 6.568000e-03
14 9.877720e-01 4.808000e-03 7.420000e-03
15 9.867040e-01 4.940000e-03 8.356000e-03
16 9.856520e-01 5.140000e-03 9.208000e-03
17 9.846440e-01 5.176000e-03 1.018000e-02
18 9.835080e-01 5.284000e-03 1.120800e-02
19 9.824520e-01 5.404000e-03 1.214400e-02
20 9.814800e-01 5.392000e-03 1.312800e-02
21 9.802720e-01 5.684000e-03 1.404400e-02
22 9.790360e-01 5.956000e-03 1.500800e-02
23 9.776960e-01 6.176000e-03 1.612800e-02
24 9.764560e-01 6.200000e-03 1.734400e-02
25 9.752040e-01 6.304000e-03 1.849200e-02
26 9.738800e-01 6.476000e-03 1.964400e-02
27 9.726760e-01 6.576000e-03 2.074800e-02
28 9.713520e-01 6.660000e-03 2.198800e-02
29 9.698400e-01 7.040000e-03 2.312000e-02
30 9.683360e-01 7.340000e-03 2.432400e-02
31 9.667440e-01 7.668000e-03 2.558800e-02
32 9.653120e-01 7.852000e-03 2.683600e-02
33 9.639440e-01 7.908000e-03 2.814800e-02
34 9.623800e-01 8.068000e-03 2.955200e-02
35 9.606920e-01 8.296000e-03 3.101200e-02
36 9.591760e-01 8.316000e-03 3.250800e-02
37 9.575400e-01 8.504000e-03 3.395600e-02
38 9.558960e-01 8.664000e-03 3.544000e-02
39 9.543360e-01 8.748000e-03 3.691600e-02
40 9.527880e-01 8.680000e-03 3.853200e-02
41 9.512760e-01 8.544000e-03 4.018000e-02
42 9.497440e-01 8.600000e-03 4.165600e-02
43 9.481800e-01 8.608000e-03 4.321200e-02
44 9.464320e-01 8.760000e-03 4.480800e-02
45 9.448640e-01 8.664000e-03 4.647200e-02
46 9.433880e-01 8.620000e-03 4.799200e-02
47 9.420240e-01 8.532000e-03 4.944400e-02
48 9.404400e-01 8.640000e-03 5.092000e-02
49 9.389520e-01 8.728000e-03 5.232000e-02
50 9.373960e-01 8.748000e-03 5.385600e-02
51 9.360120e-01 8.552000e-03 5.543600e-02
52 9.344600e-01 8.692000e-03 5.684800e-02
53 9.328080e-01 8.848000e-03 5.834400e-02
54 9.312160e-01 8.908000e-03 5.987600e-02
55 9.295880e-01 9.004000e-03 6.140800e-02
56 9.280400e-01 9.056000e-03 6.290400e-02
57 9.264320e-01 9.224000e-03 6.434400e-02
58 9.246160e-01 9.492000e-03 6.589200e-02
59 9.228160e-01 9.544000e-03 6.764000e-02
60 9.209560e-01 9.888000e-03 6.915600e-02
61 9.192560e-01 9.868000e-03 7.087600e-02
62 9.175400e-01 9.736000e-03 7.272400e-02
63 9.158880e-01 9.716000e-03 7.439600e-02
64 9.142480e-01 9.556000e-03 7.619600e-02
65 9.126640e-01 9.548000e-03 7.778800e-02
66 9.108720e-01 9.660000e-03 7.946800e-02
67 9.093360e-01 9.584000e-03 8.108000e-02
68 9.078240e-01 9.432000e-03 8.274400e-02
69 9.061040e-01 9.504000e-03 8.439200e-02
70 9.044200e-01 9.632000e-03 8.594800e-02
71 9.028640e-01 9.500000e-03 8.763600e-02
72 9.013960e-01 9.220000e-03 8.938400e-02
73 8.999680e-01 9.104000e-03 9.092800e-02
74 8.984280e-01 9.020000e-03 9.255200e-02
75 8.968640e-01 9.048000e-03 9.408800e-02
76 8.951800e-01 9.160000e-03 9.566000e-02
77 8.934040e-01 9.304000e-03 9.729200e-02
78 8.916280e-01 9.428000e-03 9.894400e-02
79 8.898000e-01 9.508000e-03 1.006920e-01
80 8.881520e-01 9.472000e-03 1.023760e-01
81 8.864680e-01 9.556000e-03 1.039760e-01
82 8.846800e-01 9.684000e-03 1.056360e-01
83 8.831200e-01 9.608000e-03 1.072720e-01
84 8.815600e-01 9.564000e-03 1.088760e-01
85 8.799720e-01 9.580000e-03 1.104480e-01
86 8.785120e-01 9.328000e-03 1.121600e-01
87 8.770800e-01 8.952000e-03 1.139680e-01
88 8.755360e-01 8.928000e-03 1.155360e-01
89 8.739520e-01 9.080000e-03 1.169680e-01
90 8.724480e-01 8.952000e-03 1.186000e-01
91 8.709600e-01 8.964000e-03 1.200760e-01
92 8.694280e-01 8.944000e-03 1.216280e-01
93 8.679760e-01 8.820000e-03 1.232040e-01
94 8.663920e-01 8.824000e-03 1.247840e-01
95 8.648800e-01 8.864000e-03 1.262560e-01
96 8.634280e-01 8.816000e-03 1.277560e-01
97 8.618600e-01 8.940000e-03 1.292000e-01
98 8.601760e-01 9.048000e-03 1.307760e-01
99 8.584560e-01 9.204000e-03 1.323400e-01
100 8.566560e-01 9.408000e-03 1.339360e-01
101 8.548120e-01 9.572000e-03 1.356160e-01
102 8.530720e-01 9.716000e-03 1.372120e-01
103 8.513720e-01 9.760000e-03 1.388680e-01
104 8.496960e-01 9.728000e-03 1.405760e-01
105 8.480040e-01 9.800000e-03 1.421960e-01
106 8.462400e-01 9.808000e-03 1.439520e-01
107 8.444080e-01 9.960000e-03 1.456320e-01
108 8.426880e-01 9.916000e-03 1.473960e-01
109 8.408960e-01 1.007600e-02 1.490280e-01
110 8.391280e-01 1.004000e-02 1.508320e-01
111 8.375600e-01 9.872000e-03 1.525680e-01
112 8.359920e-01 9.592000e-03 1.544160e-01
113 8.342880e-01 9.620000e-03 1.560920e-01
114 8.327040e-01 9.544000e-03 1.577520e-01
115 8.310920e-01 9.484000e-03 1.594240e-01
116 8.294200e-01 9.520000e-03 1.610600e-01
117 8.279240e-01 9.284000e-03 1.627920e-01
118 8.265080e-01 9.140000e-03 1.643520e-01
119 8.251240e-01 8.968000e-03 1.659080e-01
120 8.235840e-01 8.908000e-03 1.675080e-01
121 8.221120e-01 8.764000e-03 1.691240e-01
122 8.205560e-01 8.828000e-03 1.706160e-01
123 8.190400e-01 8.672000e-03 1.722880e-01
124 8.177200e-01 8.576000e-03 1.737040e-01
125 8.163000e-01 8.396000e-03 1.753040e-01
126 8.149200e-01 8.180000e-03 1.769000e-01
127 8.134400e-01 8.260000e-03 1.783000e-01
128 8.120200e-01 8.232000e-03 1.797480e-01
129 8.105680e-01 8.212000e-03 1.812200e-01
130 8.091360e-01 8.172000e-03 1.826920e-01
131 8.077120e-01 8.184000e-03 1.841040e-01
132 8.062200e-01 8.184000e-03 1.855960e-01
133 8.046600e-01 8.332000e-03 1.870080e-01
134 8.032040e-01 8.180000e-03 1.886160e-01
135 8.016400e-01 8.272000e-03 1.900880e-01
136 8.002560e-01 8.308000e-03 1.914360e-01
137 7.989720e-01 8.104000e-03 1.929240e-01
138 7.975080e-01 8.156000e-03 1.943360e-01
139 7.961320e-01 8.084000e-03 1.957840e-01
140 7.947320e-01 8.024000e-03 1.972440e-01
141 7.934600e-01 8.000000e-03 1.985400e-01
142 7.920440e-01 8.088000e-03 1.998680e-01
143 7.905320e-01 8.136000e-03 2.013320e-01
144 7.892000e-01 8.112000e-03 2.026880e-01
145 7.877160e-01 8.284000e-03 2.040000e-01
146 7.863400e-01 8.208000e-03 2.054520e-01
147 7.848040e-01 8.296000e-03 2.069000e-01
148 7.835760e-01 8.116000e-03 2.083080e-01
149 7.821800e-01 8.100000e-03 2.097200e-01
150 7.808920e-01 8.044000e-03 2.110640e-01
151 7.795600e-01 8.092000e-03 2.123480e-01
152 7.782760e-01 8.028000e-03 2.136960e-01
153 7.768840e-01 7.904000e-03 2.152120e-01
154 7.755320e-01 7.844000e-03 2.166240e-01
155 7.743040e-01 7.640000e-03 2.180560e-01
156 7.731720e-01 7.504000e-03 2.193240e-01
157 7.719840e-01 7.412000e-03 2.206040e-01
158 7.707320e-01 7.332000e-03 2.219360e-01
159 7.695960e-01 7.228000e-03 2.231760e-01
160 7.685440e-01 7.040000e-03 2.244160e-01
161 7.674120e-01 7.012000e-03 2.255760e-01
162 7.663400e-01 6.948000e-03 2.267120e-01
163 7.651880e-01 6.828000e-03 2.279840e-01
164 7.640920e-01 6.612000e-03 2.292960e-01
165 7.630080e-01 6.560000e-03 2.304320e-01
166 7.617920e-01 6.696000e-03 2.315120e-01
167 7.605640e-01 6.720000e-03 2.327160e-01
168 7.594120e-01 6.700000e-03 2.338880e-01
169 7.583560e-01 6.520000e-03 2.351240e-01
170 7.571880e-01 6.552000e-03 2.362600e-01
171 7.561280e-01 6.496000e-03 2.373760e-01
172 7.550280e-01 6.364000e-03 2.386080e-01
173 7.539840e-01 6.212000e-03 2.398040e-01
174 7.528880e-01 6.324000e-03 2.407880e-01
175 7.518760e-01 6.248000e-03 2.418760e-01
176 7.509480e-01 6.076000e-03 2.429760e-01
177 7.499880e-01 5.968000e-03 2.440440e-01
178 7.490040e-01 5.948000e-03 2.450480e-01
179 7.481600e-01 5.736000e-03 2.461040e-01
180 7.471400e-01 5.728000e-03 2.471320e-01
181 7.460120e-01 5.920000e-03 2.480680e-01
182 7.450320e-01 5.888000e-03 2.490800e-01
183 7.440360e-01 5.832000e-03 2.501320e-01
184 7.430200e-01 5.764000e-03 2.512160e-01
185 7.420000e-01 5.844000e-03 2.521560e-01
186 7.411600e-01 5.656000e-03 2.531840e-01
187 7.402120e-01 5.596000e-03 2.541920e-01
188 7.393000e-01 5.448000e-03 2.552520e-01
189 7.383760e-01 5.528000e-03 2.560960e-01
190 7.373720e-01 5.644000e-03 2.569840e-01
191 7.365960e-01 5.448000e-03 2.579560e-01
192 7.355280e-01 5.536000e-03 2.589360e-01
193 7.346840e-01 5.416000e-03 2.599000e-01
194 7.336760e-01 5.500000e-03 2.608240e-01
195 7.327920e-01 5.420000e-03 2.617880e-01
196 7.319680e-01 5.272000e-03 2.627600e-01
197 7.312760e-01 4.964000e-03 2.637600e-01
198 7.305840e-01 4.752000e-03 2.646640e-01
199 7.299720e-01 4.536000e-03 2.654920e-01
200 7.292640e-01 4.492000e-03 2.662440e-01
201 7.284600e-01 4.496000e-03 2.670440e-01
202 7.277840e-01 4.476000e-03 2.677400e-01
203 7.270080e-01 4.492000e-03 2.685000e-01
204 7.263000e-01 4.416000e-03 2.692840e-01
205 7.256760e-01 4.308000e-03 2.700160e-01
206 7.249560e-01 4.224000e-03 2.708200e-01
207 7.242200e-01 4.204000e-03 2.715760e-01
208 7.236560e-01 4.044000e-03 2.723000e-01
209 7.230200e-01 3.972000e-03 2.730080e-01
210 7.223480e-01 3.900000e-03 2.737520e-01
211 7.218560e-01 3.708000e-03 2.744360e-01
212 7.212200e-01 3.736000e-03 2.750440e-01
213 7.205400e-01 3.804000e-03 2.756560e-01
214 7.199680e-01 3.792000e-03 2.762400e-01
215 7.193920e-01 3.700000e-03 2.769080e-01
216 7.188080e-01 3.704000e-03 2.774880e-01
217 7.181400e-01 3.720000e-03 2.781400e-01
218 7.175640e-01 3.580000e-03 2.788560e-01
219 7.169920e-01 3.560000e-03 2.794480e-01
220 7.164120e-01 3.556000e-03 2.800320e-01
221 7.157840e-01 3.612000e-03 2.806040e-01
222 7.152400e-01 3.572000e-03 2.811880e-01
223 7.147320e-01 3.396000e-03 2.818720e-01
224 7.142200e-01 3.244000e-03 2.825360e-01
225 7.136880e-01 3.204000e-03 2.831080e-01
226 7.131120e-01 3.176000e-03 2.837120e-01
227 7.125280e-01 3.308000e-03 2.841640e-01
228 7.118880e-01 3.392000e-03 2.847200e-01
229 7.113120e-01 3.356000e-03 2.853320e-01
230 7.107440e-01 3.380000e-03 2.858760e-01
231 7.101160e-01 3.452000e-03 2.864320e-01
232 7.094160e-01 3.580000e-03 2.870040e-01
233 7.088320e-01 3.580000e-03 2.875880e-01
234 7.082600e-01 3.528000e-03 2.882120e-01
235 7.076360e-01 3.552000e-03 2.888120e-01
236 7.070480e-01 3.504000e-03 2.894480e-01
237 7.065720e-01 3.444000e-03 2.899840e-01
238 7.060520e-01 3.364000e-03 2.905840e-01
239 7.054680e-01 3.356000e-03 2.911760e-01
240 7.049680e-01 3.252000e-03 2.917800e-01
241 7.044440e-01 3.216000e-03 2.923400e-01
242 7.039160e-01 3.248000e-03 2.928360e-01
243 7.033280e-01 3.240000e-03 2.934320e-01
244 7.028160e-01 3.200000e-03 2.939840e-01
245 7.023080e-01 3.144000e-03 2.945480e-01
246 7.017680e-01 3.172000e-03 2.950600e-01
247 7.011960e-01 3.156000e-03 2.956480e-01
248 7.006640e-01 3.136000e-03 2.962000e-01
249 7.001640e-01 3.060000e-03 2.967760e-01
250 6.996320e-01 3.044000e-03 2.973240e-01
251 6.990960e-01 3.092000e-03 2.978120e-01
252 6.985800e-01 3.076000e-03 2.983440e-01
253 6.980560e-01 3.112000e-03 2.988320e-01
254 6.973760e-01 3.204000e-03 2.994200e-01
255 6.968320e-01 3.152000e-03 3.000160e-01
256 6.963320e-01 3.168000e-03 3.005000e-01
257 6.958400e-01 3.104000e-03 3.010560e-01
258 6.953480e-01 3.072000e-03 3.015800e-01
259 6.949320e-01 2.984000e-03 3.020840e-01
260 6.944920e-01 3.000000e-03 3.025080e-01
261 6.940400e-01 2.956000e-03 3.030040e-01
262 6.935920e-01 2.932000e-03 3.034760e-01
263 6.931800e-01 2.800000e-03 3.040200e-01
264 6.928400e-01 2.656000e-03 3.045040e-01
265 6.924320e-01 2.536000e-03 3.050320e-01
266 6.921040e-01 2.436000e-03 3.054600e-01
267 6.917640e-01 2.340000e-03 3.058960e-01
268 6.914240e-01 2.248000e-03 3.063280e-01
269 6.911480e-01 2.124000e-03 3.067280e-01
270 6.908440e-01 2.080000e-03 3.070760e-01
271 6.905120e-01 2.052000e-03 3.074360e-01
272 6.902200e-01 1.968000e-03 3.078120e-01
273 6.898880e-01 1.972000e-03 3.081400e-01
274 6.894320e-01 2.056000e-03 3.085120e-01
275 6.890480e-01 2.076000e-03 3.088760e-01
276 6.887320e-01 2.024000e-03 3.092440e-01
277 6.884000e-01 1.976000e-03 3.096240e-01
278 6.880520e-01 2.000000e-03 3.099480e-01
279 6.877040e-01 2.016000e-03 3.102800e-01
280 6.873360e-01 1.980000e-03 3.106840e-01
281 6.869720e-01 2.000000e-03 3.110280e-01
282 6.866800e-01 2.008000e-03 3.113120e-01
283 6.863280e-01 2.032000e-03 3.116400e-01
284 6.859600e-01 2.016000e-03 3.120240e-01
285 6.855560e-01 2.072000e-03 3.123720e-01
286 6.851840e-01 2.132000e-03 3.126840e-01
287 6.847320e-01 2.272000e-03 3.129960e-01
288 6.843200e-01 2.288000e-03 3.133920e-01
289 6.838880e-01 2.336000e-03 3.137760e-01
290 6.834800e-01 2.348000e-03 3.141720e-01
291 6.830440e-01 2.328000e-03 3.146280e-01
292 6.826360e-01 2.380000e-03 3.149840e-01
293 6.822280e-01 2.284000e-03 3.154880e-01
294 6.818640e-01 2.212000e-03 3.159240e-01
295 6.814440e-01 2.244000e-03 3.163120e-01
296 6.810440e-01 2.264000e-03 3.166920e-01
297 6.806600e-01 2.288000e-03 3.170520e-01
298 6.802280e-01 2.280000e-03 3.174920e-01
299 6.797760e-01 2.324000e-03 3.179000e-01
300 6.793600e-01 2.352000e-03 3.182880e-01
301 6.789440e-01 2.376000e-03 3.186800e-01
302 6.783880e-01 2.516000e-03 3.190960e-01
303 6.778880e-01 2.636000e-03 3.194760e-01
304 6.773480e-01 2.704000e-03 3.199480e-01
305 6.769320e-01 2.612000e-03 3.204560e-01
306 6.764280e-01 2.692000e-03 3.208800e-01
307 6.760400e-01 2.556000e-03 3.214040e-01
308 6.756320e-01 2.460000e-03 3.219080e-01
309 6.751840e-01 2.504000e-03 3.223120e-01
310 6.747240e-01 2.552000e-03 3.227240e-01
311 6.743280e-01 2.532000e-03 3.231400e-01
312 6.738240e-01 2.584000e-03 3.235920e-01
313 6.733680e-01 2.580000e-03 3.240520e-01
314 6.728960e-01 2.572000e-03 3.245320e-01
315 6.724720e-01 2.532000e-03 3.249960e-01
316 6.720840e-01 2.528000e-03 3.253880e-01
317 6.715480e-01 2.620000e-03 3.258320e-01
318 6.710640e-01 2.688000e-03 3.262480e-01
319 6.706240e-01 2.576000e-03 3.268000e-01
320 6.702320e-01 2.508000e-03 3.272600e-01
321 6.698160e-01 2.496000e-03 3.276880e-01
322 6.694080e-01 2.508000e-03 3.280840e-01
323 6.689360e-01 2.536000e-03 3.285280e-01
324 6.685360e-01 2.496000e-03 3.289680e-01
325 6.681240e-01 2.476000e-03 3.294000e-01
326 6.677080e-01 2.496000e-03 3.297960e-01
327 6.672800e-01 2.488000e-03 3.302320e-01
328 6.669440e-01 2.404000e-03 3.306520e-01
329 6.666720e-01 2.232000e-03 3.310960e-01
330 6.663800e-01 2.140000e-03 3.314800e-01
331 6.661280e-01 2.020000e-03 3.318520e-01
332 6.658200e-01 2.020000e-03 3.321600e-01
333 6.655000e-01 1.996000e-03 3.325040e-01
334 6.651280e-01 2.060000e-03 3.328120e-01
335 6.647400e-01 2.088000e-03 3.331720e-01
336 6.642880e-01 2.172000e-03 3.335400e-01
337 6.638920e-01 2.232000e-03 3.338760e-01
338 6.634840e-01 2.292000e-03 3.342240e-01
339 6.630560e-01 2.340000e-03 3.346040e-01
340 6.626600e-01 2.348000e-03 3.349920e-01
341 6.623040e-01 2.276000e-03 3.354200e-01
342 6.620000e-01 2.120000e-03 3.358800e-01
343 6.616720e-01 2.124000e-03 3.362040e-01
344 6.612640e-01 2.160000e-03 3.365760e-01
345 6.609600e-01 2.128000e-03 3.369120e-01
346 6.606280e-01 2.112000e-03 3.372600e-01
347 6.603200e-01 1.988000e-03 3.376920e-01
348 6.600360e-01 1.936000e-03 3.380280e-01
349 6.597520e-01 1.896000e-03 3.383520e-01
350 6.594560e-01 1.888000e-03 3.386560e-01
351 6.592120e-01 1.816000e-03 3.389720e-01
352 6.589240e-01 1.820000e-03 3.392560e-01
353 6.586680e-01 1.724000e-03 3.396080e-01
354 6.584440e-01 1.656000e-03 3.399000e-01
355 6.581640e-01 1.644000e-03 3.401920e-01
356 6.579080e-01 1.640000e-03 3.404520e-01
357 6.576520e-01 1.584000e-03 3.407640e-01
358 6.573840e-01 1.552000e-03 3.410640e-01
359 6.571440e-01 1.540000e-03 3.413160e-01
360 6.568680e-01 1.560000e-03 3.415720e-01
361 6.565960e-01 1.556000e-03 3.418480e-01
362 6.563200e-01 1.572000e-03 3.421080e-01
363 6.560840e-01 1.464000e-03 3.424520e-01
364 6.558760e-01 1.412000e-03 3.427120e-01
365 6.556960e-01 1.300000e-03 3.430040e-01
366 6.554680e-01 1.300000e-03 3.432320e-01
367 6.552680e-01 1.292000e-03 3.434400e-01
368 6.550360e-01 1.300000e-03 3.436640e-01
369 6.548280e-01 1.268000e-03 3.439040e-01
370 6.546160e-01 1.316000e-03 3.440680e-01
371 6.544360e-01 1.276000e-03 3.442880e-01
372 6.542240e-01 1.284000e-03 3.444920e-01
373 6.540360e-01 1.292000e-03 3.446720e-01
374 6.538160e-01 1.272000e-03 3.449120e-01
375 6.535920e-01 1.312000e-03 3.450960e-01
376 6.532920e-01 1.368000e-03 3.453400e-01
377 6.530720e-01 1.284000e-03 3.456440e-01
378 6.529400e-01 1.208000e-03 3.458520e-01
379 6.527680e-01 1.160000e-03 3.460720e-01
380 6.526760e-01 1.012000e-03 3.463120e-01
381 6.525520e-01 9.320000e-04 3.465160e-01
382 6.524640e-01 8.280000e-04 3.467080e-01
383 6.523600e-01 8.160000e-04 3.468240e-01
384 6.522440e-01 8.080000e-04 3.469480e-01
385 6.521760e-01 7.520000e-04 3.470720e-01
386 6.521000e-01 7.120000e-04 3.471880e-01
387 6.520120e-01 6.920000e-04 3.472960e-01
388 6.519000e-01 6.320000e-04 3.474680e-01
389 6.518360e-01 5.960000e-04 3.475680e-01
390 6.517120e-01 5.920000e-04 3.476960e-01
391 6.516200e-01 5.640000e-04 3.478160e-01
392 6.515560e-01 5.120000e-04 3.479320e-01
393 6.515120e-01 4.600000e-04 3.480280e-01
394 6.514600e-01 4.440000e-04 3.480960e-01
395 6.514280e-01 4.160000e-04 3.481560e-01
396 6.513520e-01 4.480000e-04 3.482000e-01
397 6.512480e-01 4.960000e-04 3.482560e-01
398 6.511680e-01 5.000000e-04 3.483320e-01
399 6.511240e-01 4.480000e-04 3.484280e-01
400 6.510040e-01 5.080000e-04 3.484880e-01
401 6.508840e-01 5.560000e-04 3.485600e-01
402 6.508080e-01 5.400000e-04 3.486520e-01
403 6.507320e-01 5.400000e-04 3.487280e-01
404 6.506640e-01 5.160000e-04 3.488200e-01
405 6.505760e-01 5.240000e-04 3.489000e-01
406 6.505080e-01 5.000000e-04 3.489920e-01
407 6.504280e-01 4.760000e-04 3.490960e-01
408 6.503720e-01 4.440000e-04 3.491840e-01
409 6.503200e-01 4.200000e-04 3.492600e-01
410 6.502720e-01 3.960000e-04 3.493320e-01
411 6.502160e-01 3.840000e-04 3.494000e-01
412 6.501680e-01 3.760000e-04 3.494560e-01
413 6.501200e-01 3.640000e-04 3.495160e-01
414 6.500760e-01 3.560000e-04 3.495680e-01
415 6.499960e-01 3.720000e-04 3.496320e-01
416 6.499080e-01 3.960000e-04 3.496960e-01
417 6.498200e-01 4.160000e-04 3.497640e-01
418 6.497400e-01 4.280000e-04 3.498320e-01
419 6.496120e-01 4.840000e-04 3.499040e-01
420 6.495120e-01 5.120000e-04 3.499760e-01
421 6.494040e-01 5.280000e-04 3.500680e-01
422 6.493120e-01 4.960000e-04 3.501920e-01
423 6.492520e-01 4.960000e-04 3.502520e-01
424 6.491840e-01 4.680000e-04 3.503480e-01
425 6.491280e-01 4.320000e-04 3.504400e-01
426 6.490720e-01 4.080000e-04 3.505200e-01
427 6.490080e-01 4.120000e-04 3.505800e-01
428 6.489480e-01 4.200000e-04 3.506320e-01
429 6.488760e-01 4.400000e-04 3.506840e-01
430 6.487840e-01 4.840000e-04 3.507320e-01
431 6.487120e-01 4.720000e-04 3.508160e-01
432 6.486800e-01 4.440000e-04 3.508760e-01
433 6.485960e-01 4.560000e-04 3.509480e-01
434 6.485280e-01 4.360000e-04 3.510360e-01
435 6.484640e-01 3.800000e-04 3.511560e-01
436 6.483960e-01 3.920000e-04 3.512120e-01
437 6.483360e-01 4.040000e-04 3.512600e-01
438 6.482120e-01 4.680000e-04 3.513200e-01
439 6.481080e-01 5.160000e-04 3.513760e-01
440 6.479760e-01 5.560000e-04 3.514680e-01
441 6.478560e-01 6.200000e-04 3.515240e-01
442 6.477200e-01 6.400000e-04 3.516400e-01
443 6.476240e-01 6.240000e-04 3.517520e-01
444 6.474880e-01 6.320000e-04 3.518800e-01
445 6.473560e-01 6.160000e-04 3.520280e-01
446 6.472600e-01 5.800000e-04 3.521600e-01
447 6.472080e-01 5.280000e-04 3.522640e-01
448 6.471440e-01 5.280000e-04 3.523280e-01
449 6.470320e-01 5.720000e-04 3.523960e-01
450 6.469040e-01 6.000000e-04 3.524960e-01
451 6.467680e-01 6.160000e-04 3.526160e-01
452 6.466520e-01 6.240000e-04 3.527240e-01
453 6.465160e-01 6.560000e-04 3.528280e-01
454 6.463960e-01 6.560000e-04 3.529480e-01
455 6.462880e-01 6.120000e-04 3.531000e-01
456 6.461760e-01 6.320000e-04 3.531920e-01
457 6.460360e-01 6.680000e-04 3.532960e-01
458 6.459040e-01 6.800000e-04 3.534160e-01
459 6.457960e-01 6.360000e-04 3.535680e-01
460 6.456960e-01 6.240000e-04 3.536800e-01
461 6.456120e-01 5.640000e-04 3.538240e-01
462 6.455320e-01 5.400000e-04 3.539280e-01
463 6.454440e-01 5.360000e-04 3.540200e-01
464 6.453640e-01 5.360000e-04 3.541000e-01
465 6.452680e-01 5.400000e-04 3.541920e-01
466 6.451880e-01 5.320000e-04 3.542800e-01
467 6.451240e-01 5.000000e-04 3.543760e-01
468 6.450360e-01 5.080000e-04 3.544560e-01
469 6.449440e-01 5.160000e-04 3.545400e-01
470 6.448800e-01 5.000000e-04 3.546200e-01
471 6.448320e-01 4.680000e-04 3.547000e-01
472 6.447440e-01 4.960000e-04 3.547600e-01
473 6.446840e-01 4.800000e-04 3.548360e-01
474 6.446400e-01 4.480000e-04 3.549120e-01
475 6.445520e-01 4.720000e-04 3.549760e-01
476 6.444480e-01 4.880000e-04 3.550640e-01
477 6.443640e-01 4.880000e-04 3.551480e-01
478 6.443000e-01 4.520000e-04 3.552480e-01
479 6.442720e-01 4.160000e-04 3.553120e-01
480 6.442360e-01 3.800000e-04 3.553840e-01
481 6.441880e-01 3.840000e-04 3.554280e-01
482 6.441480e-01 3.520000e-04 3.555000e-01
483 6.441240e-01 3.240000e-04 3.555520e-01
484 6.440800e-01 3.240000e-04 3.555960e-01
485 6.440600e-01 2.840000e-04 3.556560e-01
486 6.440160e-01 2.720000e-04 3.557120e-01
487 6.439440e-01 2.880000e-04 3.557680e-01
488 6.439080e-01 2.720000e-04 3.558200e-01
489 6.438600e-01 2.640000e-04 3.558760e-01
490 6.438280e-01 2.600000e-04 3.559120e-01
491 6.438000e-01 2.120000e-04 3.559880e-01
492 6.437360e-01 2.320000e-04 3.560320e-01
493 6.437040e-01 2.240000e-04 3.560720e-01
494 6.436520e-01 2.400000e-04 3.561080e-01
495 6.436200e-01 2.480000e-04 3.561320e-01
496 6.435840e-01 2.640000e-04 3.561520e-01
497 6.435640e-01 2.480000e-04 3.561880e-01
498 6.435120e-01 2.560000e-04 3.562320e-01
499 6.434760e-01 2.560000e-04 3.562680e-01
500 6.434480e-01 2.640000e-04 3.562880e-01
