1 9.991600e-01 7.520000e-04 8.800000e-05
2 9.987360e-01 1.028000e-03 2.360000e-04
3 9.981560e-01 1.428000e-03 4.160000e-04
4 9.974560e-01 1.820000e-03 7.240000e-04
5 9.966400e-01 2.276000e-03 1.084000e-03
6 9.957440e-01 2.716000e-03 1.540000e-03
7 9.948000e-01 3.176000e-03 2.024000e-03
8 9.939200e-01 3.488000e-03 2.592000e-03
9 9.929200e-01 3.864000e-03 3.216000e-03
10 9.917840e-01 4.308000e-03 3.908000e-03
11 9.907960e-01 4.548000e-03 4.656000e-03
12 9.896880e-01 4.880000e-03 5.432000e-03
13 9.885440e-01 5.132000e-03 6.324000e-03
14 9.871800e-01 5.608000e-03 7.212000e-03
15 9.858400e-01 6.016000e-03 8.144000e-03
16 9.844480e-01 6.284000e-03 9.268000e-03
17 9.830800e-01 6.560000e-03 1.036000e-02
18 9.816960e-01 6.752000e-03 1.155200e-02
19 9.803440e-01 7.012000e-03 1.264400e-02
20 9.785640e-01 7.476000e-03 1.396000e-02
21 9.768440e-01 7.892000e-03 1.526400e-02
22 9.751520e-01 8.224000e-03 1.662400e-02
23 9.736320e-01 8.296000e-03 1.807200e-02
24 9.718720e-01 8.584000e-03 1.954400e-02
25 9.702320e-01 8.808000e-03 2.096000e-02
26 9.684920e-01 9.004000e-03 2.250400e-02
27 9.667800e-01 9.200000e-03 2.402000e-02
28 9.651840e-01 9.116000e-03 2.570000e-02
29 9.634120e-01 9.376000e-03 2.721200e-02
30 9.617320e-01 9.524000e-03 2.874400e-02
31 9.600120e-01 9.560000e-03 3.042800e-02
32 9.583640e-01 9.536000e-03 3.210000e-02
33 9.567200e-01 9.632000e-03 3.364800e-02
34 9.551680e-01 9.480000e-03 3.535200e-02
35 9.534520e-01 9.584000e-03 3.696400e-02
36 9.518840e-01 9.480000e-03 3.863600e-02
37 9.502040e-01 9.444000e-03 4.035200e-02
38 9.486280e-01 9.440000e-03 4.193200e-02
39 9.467800e-01 9.768000e-03 4.345200e-02
40 9.449280e-01 9.864000e-03 4.520800e-02
41 9.431160e-01 9.920000e-03 4.696400e-02
42 9.414000e-01 9.864000e-03 4.873600e-02
43 9.396120e-01 9.880000e-03 5.050800e-02
44 9.377840e-01 9.924000e-03 5.229200e-02
45 9.361000e-01 9.860000e-03 5.404000e-02
46 9.343360e-01 9.856000e-03 5.580800e-02
47 9.325400e-01 1.000800e-02 5.745200e-02
48 9.306560e-01 1.023200e-02 5.911200e-02
49 9.288960e-01 1.027200e-02 6.083200e-02
50 9.272760e-01 1.003600e-02 6.268800e-02
51 9.257320e-01 9.820000e-03 6.444800e-02
52 9.241240e-01 9.676000e-03 6.620000e-02
53 9.225280e-01 9.560000e-03 6.791200e-02
54 9.208920e-01 9.440000e-03 6.966800e-02
55 9.193360e-01 9.204000e-03 7.146000e-02
56 9.178040e-01 9.056000e-03 7.314000e-02
57 9.163960e-01 8.816000e-03 7.478800e-02
58 9.148840e-01 8.804000e-03 7.631200e-02
59 9.133920e-01 8.756000e-03 7.785200e-02
60 9.118760e-01 8.736000e-03 7.938800e-02
61 9.104880e-01 8.612000e-03 8.090000e-02
62 9.089440e-01 8.780000e-03 8.227600e-02
63 9.075960e-01 8.692000e-03 8.371200e-02
64 9.059760e-01 8.832000e-03 8.519200e-02
65 9.043000e-01 8.976000e-03 8.672400e-02
66 9.025920e-01 8.952000e-03 8.845600e-02
67 9.008560e-01 9.152000e-03 8.999200e-02
68 8.992280e-01 9.092000e-03 9.168000e-02
69 8.976120e-01 9.204000e-03 9.318400e-02
70 8.961400e-01 9.060000e-03 9.480000e-02
71 8.946920e-01 8.880000e-03 9.642800e-02
72 8.932480e-01 8.608000e-03 9.814400e-02
73 8.918160e-01 8.416000e-03 9.976800e-02
74 8.904120e-01 8.440000e-03 1.011480e-01
75 8.888280e-01 8.532000e-03 1.026400e-01
76 8.871320e-01 8.804000e-03 1.040640e-01
77 8.854000e-01 8.888000e-03 1.057120e-01
78 8.838280e-01 8.972000e-03 1.072000e-01
79 8.821600e-01 9.008000e-03 1.088320e-01
80 8.805000e-01 8.876000e-03 1.106240e-01
81 8.789200e-01 8.948000e-03 1.121320e-01
82 8.773480e-01 9.060000e-03 1.135920e-01
83 8.757520e-01 9.132000e-03 1.151160e-01
84 8.741520e-01 9.072000e-03 1.167760e-01
85 8.724800e-01 9.092000e-03 1.184280e-01
86 8.709720e-01 8.956000e-03 1.200720e-01
87 8.693360e-01 8.892000e-03 1.217720e-01
88 8.677880e-01 8.940000e-03 1.232720e-01
89 8.662240e-01 8.920000e-03 1.248560e-01
90 8.646240e-01 8.932000e-03 1.264440e-01
91 8.630320e-01 8.756000e-03 1.282120e-01
92 8.612960e-01 8.956000e-03 1.297480e-01
93 8.597640e-01 8.856000e-03 1.313800e-01
94 8.582480e-01 8.768000e-03 1.329840e-01
95 8.566240e-01 8.736000e-03 1.346400e-01
96 8.549440e-01 8.928000e-03 1.361280e-01
97 8.533360e-01 9.092000e-03 1.375720e-01
98 8.518800e-01 8.852000e-03 1.392680e-01
99 8.502840e-01 8.892000e-03 1.408240e-01
100 8.486920e-01 8.896000e-03 1.424120e-01
101 8.472120e-01 8.784000e-03 1.440040e-01
102 8.457640e-01 8.776000e-03 1.454600e-01
103 8.441880e-01 8.756000e-03 1.470560e-01
104 8.425160e-01 8.996000e-03 1.484880e-01
105 8.408800e-01 8.996000e-03 1.501240e-01
106 8.393880e-01 8.808000e-03 1.518040e-01
107 8.378920e-01 8.692000e-03 1.534160e-01
108 8.363920e-01 8.696000e-03 1.549120e-01
109 8.347480e-01 8.736000e-03 1.565160e-01
110 8.331880e-01 8.664000e-03 1.581480e-01
111 8.316200e-01 8.696000e-03 1.596840e-01
112 8.301720e-01 8.696000e-03 1.611320e-01
113 8.287360e-01 8.572000e-03 1.626920e-01
114 8.272520e-01 8.564000e-03 1.641840e-01
115 8.257360e-01 8.520000e-03 1.657440e-01
116 8.241960e-01 8.496000e-03 1.673080e-01
117 8.225680e-01 8.708000e-03 1.687240e-01
118 8.210000e-01 8.812000e-03 1.701880e-01
119 8.194040e-01 8.912000e-03 1.716840e-01
120 8.178280e-01 8.880000e-03 1.732920e-01
121 8.162880e-01 8.752000e-03 1.749600e-01
122 8.146400e-01 8.724000e-03 1.766360e-01
123 8.131920e-01 8.568000e-03 1.782400e-01
124 8.116160e-01 8.608000e-03 1.797760e-01
125 8.100160e-01 8.692000e-03 1.812920e-01
126 8.084560e-01 8.752000e-03 1.827920e-01
127 8.067680e-01 8.808000e-03 1.844240e-01
128 8.051520e-01 8.860000e-03 1.859880e-01
129 8.034080e-01 9.016000e-03 1.875760e-01
130 8.020240e-01 8.780000e-03 1.891960e-01
131 8.005480e-01 8.912000e-03 1.905400e-01
132 7.990400e-01 8.884000e-03 1.920760e-01
133 7.976640e-01 8.772000e-03 1.935640e-01
134 7.962440e-01 8.644000e-03 1.951120e-01
135 7.947560e-01 8.644000e-03 1.966000e-01
136 7.933600e-01 8.564000e-03 1.980760e-01
137 7.919440e-01 8.448000e-03 1.996080e-01
138 7.904080e-01 8.544000e-03 2.010480e-01
139 7.890760e-01 8.436000e-03 2.024880e-01
140 7.877080e-01 8.352000e-03 2.039400e-01
141 7.862600e-01 8.532000e-03 2.052080e-01
142 7.848520e-01 8.492000e-03 2.066560e-01
143 7.834400e-01 8.408000e-03 2.081520e-01
144 7.822440e-01 8.000000e-03 2.097560e-01
145 7.807680e-01 8.108000e-03 2.111240e-01
146 7.794000e-01 7.960000e-03 2.126400e-01
147 7.779120e-01 8.056000e-03 2.140320e-01
148 7.766600e-01 7.996000e-03 2.153440e-01
149 7.752320e-01 7.912000e-03 2.168560e-01
150 7.738600e-01 7.872000e-03 2.182680e-01
151 7.724840e-01 7.760000e-03 2.197560e-01
152 7.711480e-01 7.692000e-03 2.211600e-01
153 7.697440e-01 7.748000e-03 2.225080e-01
154 7.684920e-01 7.704000e-03 2.238040e-01
155 7.672360e-01 7.528000e-03 2.252360e-01
156 7.658560e-01 7.528000e-03 2.266160e-01
157 7.643800e-01 7.572000e-03 2.280480e-01
158 7.630720e-01 7.648000e-03 2.292800e-01
159 7.618040e-01 7.688000e-03 2.305080e-01
160 7.605480e-01 7.568000e-03 2.318840e-01
161 7.592000e-01 7.688000e-03 2.331120e-01
162 7.578360e-01 7.728000e-03 2.344360e-01
163 7.565240e-01 7.664000e-03 2.358120e-01
164 7.553280e-01 7.528000e-03 2.371440e-01
165 7.542760e-01 7.196000e-03 2.385280e-01
166 7.529720e-01 7.280000e-03 2.397480e-01
167 7.518640e-01 7.188000e-03 2.409480e-01
168 7.507640e-01 7.152000e-03 2.420840e-01
169 7.497320e-01 6.988000e-03 2.432800e-01
170 7.485720e-01 6.916000e-03 2.445120e-01
171 7.474240e-01 6.896000e-03 2.456800e-01
172 7.463160e-01 6.800000e-03 2.468840e-01
173 7.452200e-01 6.624000e-03 2.481560e-01
174 7.440920e-01 6.700000e-03 2.492080e-01
175 7.429680e-01 6.600000e-03 2.504320e-01
176 7.418520e-01 6.480000e-03 2.516680e-01
177 7.407520e-01 6.480000e-03 2.527680e-01
178 7.396080e-01 6.556000e-03 2.538360e-01
179 7.384320e-01 6.540000e-03 2.550280e-01
180 7.374120e-01 6.292000e-03 2.562960e-01
181 7.363520e-01 6.296000e-03 2.573520e-01
182 7.352520e-01 6.284000e-03 2.584640e-01
183 7.342160e-01 6.152000e-03 2.596320e-01
184 7.331680e-01 6.112000e-03 2.607200e-01
185 7.321960e-01 6.040000e-03 2.617640e-01
186 7.311520e-01 5.900000e-03 2.629480e-01
187 7.300960e-01 5.988000e-03 2.639160e-01
188 7.293000e-01 5.624000e-03 2.650760e-01
189 7.283800e-01 5.500000e-03 2.661200e-01
190 7.274480e-01 5.448000e-03 2.671040e-01
191 7.264280e-01 5.504000e-03 2.680680e-01
192 7.255040e-01 5.576000e-03 2.689200e-01
193 7.245400e-01 5.452000e-03 2.700080e-01
194 7.235720e-01 5.384000e-03 2.710440e-01
195 7.225520e-01 5.380000e-03 2.720680e-01
196 7.215680e-01 5.352000e-03 2.730800e-01
197 7.205440e-01 5.428000e-03 2.740280e-01
198 7.195400e-01 5.468000e-03 2.749920e-01
199 7.185560e-01 5.512000e-03 2.759320e-01
200 7.177040e-01 5.460000e-03 2.768360e-01
201 7.167400e-01 5.504000e-03 2.777560e-01
202 7.158480e-01 5.480000e-03 2.786720e-01
203 7.150360e-01 5.392000e-03 2.795720e-01
204 7.141920e-01 5.300000e-03 2.805080e-01
205 7.132160e-01 5.284000e-03 2.815000e-01
206 7.123240e-01 5.304000e-03 2.823720e-01
207 7.114040e-01 5.336000e-03 2.832600e-01
208 7.105320e-01 5.208000e-03 2.842600e-01
209 7.097760e-01 4.996000e-03 2.852280e-01
210 7.090200e-01 4.888000e-03 2.860920e-01
211 7.081040e-01 4.996000e-03 2.869000e-01
212 7.071600e-01 4.992000e-03 2.878480e-01
213 7.062920e-01 5.036000e-03 2.886720e-01
214 7.054160e-01 5.080000e-03 2.895040e-01
215 7.046320e-01 5.072000e-03 2.902960e-01
216 7.037160e-01 5.116000e-03 2.911680e-01
217 7.028240e-01 5.172000e-03 2.920040e-01
218 7.019200e-01 5.076000e-03 2.930040e-01
219 7.010160e-01 5.104000e-03 2.938800e-01
220 7.000680e-01 5.256000e-03 2.946760e-01
221 6.991800e-01 5.184000e-03 2.956360e-01
222 6.983760e-01 4.980000e-03 2.966440e-01
223 6.975560e-01 4.956000e-03 2.974880e-01
224 6.967440e-01 4.888000e-03 2.983680e-01
225 6.957560e-01 5.072000e-03 2.991720e-01
226 6.948320e-01 5.156000e-03 3.000120e-01
227 6.939160e-01 5.216000e-03 3.008680e-01
228 6.930440e-01 5.180000e-03 3.017760e-01
229 6.922000e-01 5.064000e-03 3.027360e-01
230 6.913000e-01 5.016000e-03 3.036840e-01
231 6.903320e-01 5.116000e-03 3.045520e-01
232 6.895320e-01 5.008000e-03 3.054600e-01
233 6.886880e-01 4.952000e-03 3.063600e-01
234 6.879200e-01 4.884000e-03 3.071960e-01
235 6.870840e-01 4.832000e-03 3.080840e-01
236 6.863320e-01 4.772000e-03 3.088960e-01
237 6.853920e-01 4.752000e-03 3.098560e-01
238 6.844920e-01 4.816000e-03 3.106920e-01
239 6.835800e-01 4.780000e-03 3.116400e-01
240 6.827960e-01 4.728000e-03 3.124760e-01
241 6.819720e-01 4.728000e-03 3.133000e-01
242 6.811400e-01 4.708000e-03 3.141520e-01
243 6.802440e-01 4.832000e-03 3.149240e-01
244 6.793640e-01 4.792000e-03 3.158440e-01
245 6.786040e-01 4.660000e-03 3.167360e-01
246 6.778320e-01 4.548000e-03 3.176200e-01
247 6.770360e-01 4.532000e-03 3.184320e-01
248 6.762440e-01 4.620000e-03 3.191360e-01
249 6.754040e-01 4.580000e-03 3.200160e-01
250 6.746040e-01 4.612000e-03 3.207840e-01
251 6.738400e-01 4.564000e-03 3.215960e-01
252 6.730800e-01 4.592000e-03 3.223280e-01
253 6.721320e-01 4.756000e-03 3.231120e-01
254 6.713240e-01 4.668000e-03 3.240080e-01
255 6.704400e-01 4.736000e-03 3.248240e-01
256 6.695400e-01 4.792000e-03 3.256680e-01
257 6.686240e-01 4.812000e-03 3.265640e-01
258 6.678760e-01 4.668000e-03 3.274560e-01
259 6.669840e-01 4.892000e-03 3.281240e-01
260 6.660520e-01 4.928000e-03 3.290200e-01
261 6.652160e-01 4.832000e-03 3.299520e-01
262 6.643800e-01 4.848000e-03 3.307720e-01
263 6.635720e-01 4.840000e-03 3.315880e-01
264 6.627920e-01 4.828000e-03 3.323800e-01
265 6.620160e-01 4.776000e-03 3.332080e-01
266 6.612640e-01 4.768000e-03 3.339680e-01
267 6.605080e-01 4.676000e-03 3.348160e-01
268 6.597400e-01 4.776000e-03 3.354840e-01
269 6.588960e-01 4.828000e-03 3.362760e-01
270 6.582440e-01 4.616000e-03 3.371400e-01
271 6.576040e-01 4.440000e-03 3.379560e-01
272 6.569800e-01 4.304000e-03 3.387160e-01
273 6.562000e-01 4.288000e-03 3.395120e-01
274 6.554920e-01 4.312000e-03 3.401960e-01
275 6.547040e-01 4.312000e-03 3.409840e-01
276 6.539880e-01 4.276000e-03 3.417360e-01
277 6.533000e-01 4.276000e-03 3.424240e-01
278 6.526320e-01 4.220000e-03 3.431480e-01
279 6.519880e-01 4.184000e-03 3.438280e-01
280 6.514480e-01 3.880000e-03 3.446720e-01
281 6.507760e-01 3.872000e-03 3.453520e-01
282 6.501160e-01 3.780000e-03 3.461040e-01
283 6.494800e-01 3.748000e-03 3.467720e-01
284 6.487720e-01 3.776000e-03 3.474520e-01
285 6.479960e-01 3.876000e-03 3.481280e-01
286 6.473320e-01 3.868000e-03 3.488000e-01
287 6.465800e-01 4.060000e-03 3.493600e-01
288 6.459120e-01 3.932000e-03 3.501560e-01
289 6.452520e-01 3.988000e-03 3.507600e-01
290 6.446760e-01 3.824000e-03 3.515000e-01
291 6.441000e-01 3.792000e-03 3.521080e-01
292 6.436040e-01 3.660000e-03 3.527360e-01
293 6.431360e-01 3.476000e-03 3.533880e-01
294 6.425680e-01 3.432000e-03 3.540000e-01
295 6.421000e-01 3.388000e-03 3.545120e-01
296 6.414320e-01 3.468000e-03 3.551000e-01
297 6.408520e-01 3.432000e-03 3.557160e-01
298 6.402640e-01 3.472000e-03 3.562640e-01
299 6.396680e-01 3.376000e-03 3.569560e-01
300 6.391760e-01 3.324000e-03 3.575000e-01
301 6.386600e-01 3.272000e-03 3.580680e-01
302 6.381400e-01 3.208000e-03 3.586520e-01
303 6.376440e-01 3.064000e-03 3.592920e-01
304 6.371480e-01 3.044000e-03 3.598080e-01
305 6.366320e-01 3.092000e-03 3.602760e-01
306 6.361120e-01 3.112000e-03 3.607760e-01
307 6.356080e-01 3.044000e-03 3.613480e-01
308 6.350120e-01 3.096000e-03 3.618920e-01
309 6.344760e-01 3.136000e-03 3.623880e-01
310 6.339720e-01 3.148000e-03 3.628800e-01
311 6.334600e-01 3.144000e-03 3.633960e-01
312 6.330120e-01 3.116000e-03 3.638720e-01
313 6.324680e-01 3.076000e-03 3.644560e-01
314 6.320240e-01 2.928000e-03 3.650480e-01
315 6.316280e-01 2.864000e-03 3.655080e-01
316 6.311040e-01 2.976000e-03 3.659200e-01
317 6.305160e-01 3.120000e-03 3.663640e-01
318 6.300320e-01 3.064000e-03 3.669040e-01
319 6.295800e-01 3.024000e-03 3.673960e-01
320 6.289960e-01 3.100000e-03 3.679040e-01
321 6.284400e-01 3.068000e-03 3.684920e-01
322 6.279440e-01 3.104000e-03 3.689520e-01
323 6.274600e-01 2.956000e-03 3.695840e-01
324 6.269440e-01 2.960000e-03 3.700960e-01
325 6.264960e-01 2.872000e-03 3.706320e-01
326 6.260640e-01 2.772000e-03 3.711640e-01
327 6.255600e-01 2.792000e-03 3.716480e-01
328 6.251440e-01 2.712000e-03 3.721440e-01
329 6.246360e-01 2.812000e-03 3.725520e-01
330 6.241600e-01 2.856000e-03 3.729840e-01
331 6.236880e-01 2.844000e-03 3.734680e-01
332 6.231760e-01 2.928000e-03 3.738960e-01
333 6.226560e-01 2.944000e-03 3.744000e-01
334 6.221280e-01 2.932000e-03 3.749400e-01
335 6.216080e-01 2.968000e-03 3.754240e-01
336 6.210200e-01 2.992000e-03 3.759880e-01
337 6.204800e-01 2.988000e-03 3.765320e-01
338 6.199120e-01 3.004000e-03 3.770840e-01
339 6.193520e-01 3.060000e-03 3.775880e-01
340 6.188080e-01 3.024000e-03 3.781680e-01
341 6.182760e-01 3.044000e-03 3.786800e-01
342 6.177280e-01 3.076000e-03 3.791960e-01
343 6.172240e-01 3.096000e-03 3.796800e-01
344 6.167680e-01 2.896000e-03 3.803360e-01
345 6.164160e-01 2.784000e-03 3.808000e-01
346 6.160160e-01 2.772000e-03 3.812120e-01
347 6.156720e-01 2.636000e-03 3.816920e-01
348 6.153480e-01 2.508000e-03 3.821440e-01
349 6.150240e-01 2.392000e-03 3.825840e-01
350 6.146400e-01 2.364000e-03 3.829960e-01
351 6.141960e-01 2.400000e-03 3.834040e-01
352 6.137400e-01 2.408000e-03 3.838520e-01
353 6.133680e-01 2.260000e-03 3.843720e-01
354 6.129320e-01 2.264000e-03 3.848040e-01
355 6.125800e-01 2.228000e-03 3.851920e-01
356 6.121960e-01 2.232000e-03 3.855720e-01
357 6.118640e-01 2.172000e-03 3.859640e-01
358 6.115560e-01 2.140000e-03 3.863040e-01
359 6.112000e-01 2.152000e-03 3.866480e-01
360 6.108400e-01 2.132000e-03 3.870280e-01
361 6.104960e-01 2.100000e-03 3.874040e-01
362 6.100960e-01 2.148000e-03 3.877560e-01
363 6.097400e-01 2.152000e-03 3.881080e-01
364 6.093840e-01 2.136000e-03 3.884800e-01
365 6.091280e-01 2.048000e-03 3.888240e-01
366 6.087520e-01 2.024000e-03 3.892240e-01
367 6.084840e-01 1.992000e-03 3.895240e-01
368 6.082280e-01 1.936000e-03 3.898360e-01
369 6.079360e-01 1.844000e-03 3.902200e-01
370 6.075480e-01 1.880000e-03 3.905720e-01
371 6.072160e-01 1.924000e-03 3.908600e-01
372 6.068760e-01 1.956000e-03 3.911680e-01
373 6.065040e-01 2.004000e-03 3.914920e-01
374 6.061320e-01 2.020000e-03 3.918480e-01
375 6.058000e-01 1.984000e-03 3.922160e-01
376 6.054400e-01 2.032000e-03 3.925280e-01
377 6.050680e-01 2.012000e-03 3.929200e-01
378 6.046400e-01 2.124000e-03 3.932360e-01
379 6.042840e-01 2.132000e-03 3.935840e-01
380 6.039320e-01 2.112000e-03 3.939560e-01
381 6.035840e-01 2.148000e-03 3.942680e-01
382 6.032400e-01 2.100000e-03 3.946600e-01
383 6.028520e-01 2.108000e-03 3.950400e-01
384 6.024560e-01 2.104000e-03 3.954400e-01
385 6.020680e-01 2.096000e-03 3.958360e-01
386 6.017160e-01 2.068000e-03 3.962160e-01
387 6.013880e-01 2.012000e-03 3.966000e-01
388 6.010520e-01 2.032000e-03 3.969160e-01
389 6.007200e-01 2.008000e-03 3.972720e-01
390 6.004000e-01 1.960000e-03 3.976400e-01
391 6.000600e-01 1.948000e-03 3.979920e-01
392 5.997120e-01 1.956000e-03 3.983320e-01
393 5.992600e-01 2.080000e-03 3.986600e-01
394 5.989040e-01 2.068000e-03 3.990280e-01
395 5.985120e-01 2.104000e-03 3.993840e-01
396 5.981920e-01 2.028000e-03 3.997800e-01
397 5.978440e-01 2.036000e-03 4.001200e-01
398 5.974560e-01 2.056000e-03 4.004880e-01
399 5.970920e-01 2.076000e-03 4.008320e-01
400 5.968040e-01 2.068000e-03 4.011280e-01
401 5.964880e-01 2.000000e-03 4.015120e-01
402 5.961520e-01 2.024000e-03 4.018240e-01
403 5.958800e-01 1.976000e-03 4.021440e-01
404 5.955480e-01 2.000000e-03 4.024520e-01
405 5.952640e-01 1.972000e-03 4.027640e-01
406 5.950320e-01 1.836000e-03 4.031320e-01
407 5.947600e-01 1.800000e-03 4.034400e-01
408 5.944840e-01 1.748000e-03 4.037680e-01
409 5.942920e-01 1.668000e-03 4.040400e-01
410 5.940840e-01 1.584000e-03 4.043320e-01
411 5.938760e-01 1.472000e-03 4.046520e-01
412 5.936600e-01 1.444000e-03 4.048960e-01
413 5.935000e-01 1.364000e-03 4.051360e-01
414 5.932800e-01 1.328000e-03 4.053920e-01
415 5.930360e-01 1.368000e-03 4.055960e-01
416 5.928160e-01 1.328000e-03 4.058560e-01
417 5.925840e-01 1.380000e-03 4.060360e-01
418 5.923360e-01 1.400000e-03 4.062640e-01
419 5.921040e-01 1.384000e-03 4.065120e-01
420 5.919000e-01 1.372000e-03 4.067280e-01
421 5.916160e-01 1.416000e-03 4.069680e-01
422 5.914120e-01 1.392000e-03 4.071960e-01
423 5.911680e-01 1.412000e-03 4.074200e-01
424 5.910120e-01 1.344000e-03 4.076440e-01
425 5.908360e-01 1.292000e-03 4.078720e-01
426 5.907280e-01 1.180000e-03 4.080920e-01
427 5.905480e-01 1.172000e-03 4.082800e-01
428 5.903800e-01 1.148000e-03 4.084720e-01
429 5.902120e-01 1.088000e-03 4.087000e-01
430 5.900760e-01 1.052000e-03 4.088720e-01
431 5.898360e-01 1.124000e-03 4.090400e-01
432 5.896200e-01 1.132000e-03 4.092480e-01
433 5.894240e-01 1.160000e-03 4.094160e-01
434 5.892480e-01 1.120000e-03 4.096320e-01
435 5.890800e-01 1.064000e-03 4.098560e-01
436 5.889360e-01 9.960000e-04 4.100680e-01
437 5.888000e-01 9.240000e-04 4.102760e-01
438 5.886600e-01 9.040000e-04 4.104360e-01
439 5.885000e-01 9.160000e-04 4.105840e-01
440 5.883800e-01 9.080000e-04 4.107120e-01
441 5.882200e-01 8.880000e-04 4.108920e-01
442 5.881240e-01 8.600000e-04 4.110160e-01
443 5.880160e-01 8.520000e-04 4.111320e-01
444 5.879280e-01 8.120000e-04 4.112600e-01
445 5.878200e-01 7.800000e-04 4.114000e-01
446 5.876720e-01 8.000000e-04 4.115280e-01
447 5.875880e-01 7.440000e-04 4.116680e-01
448 5.875000e-01 7.320000e-04 4.117680e-01
449 5.873880e-01 7.000000e-04 4.119120e-01
450 5.872840e-01 6.880000e-04 4.120280e-01
451 5.871880e-01 6.480000e-04 4.121640e-01
452 5.871200e-01 6.280000e-04 4.122520e-01
453 5.870200e-01 6.360000e-04 4.123440e-01
454 5.869280e-01 6.040000e-04 4.124680e-01
455 5.868440e-01 5.480000e-04 4.126080e-01
456 5.867520e-01 5.280000e-04 4.127200e-01
457 5.866720e-01 5.120000e-04 4.128160e-01
458 5.865840e-01 5.280000e-04 4.128880e-01
459 5.864880e-01 5.520000e-04 4.129600e-01
460 5.863800e-01 5.720000e-04 4.130480e-01
461 5.862640e-01 5.800000e-04 4.131560e-01
462 5.861400e-01 5.960000e-04 4.132640e-01
463 5.860560e-01 5.720000e-04 4.133720e-01
464 5.859680e-01 5.560000e-04 4.134760e-01
465 5.858920e-01 5.440000e-04 4.135640e-01
466 5.858240e-01 5.040000e-04 4.136720e-01
467 5.857720e-01 4.680000e-04 4.137600e-01
468 5.857040e-01 4.600000e-04 4.138360e-01
469 5.856200e-01 4.480000e-04 4.139320e-01
470 5.855360e-01 4.680000e-04 4.139960e-01
471 5.854400e-01 4.800000e-04 4.140800e-01
472 5.853600e-01 4.640000e-04 4.141760e-01
473 5.852680e-01 4.800000e-04 4.142520e-01
474 5.851640e-01 5.120000e-04 4.143240e-01
475 5.850680e-01 5.080000e-04 4.144240e-01
476 5.849440e-01 5.320000e-04 4.145240e-01
477 5.848240e-01 5.560000e-04 4.146200e-01
478 5.847280e-01 5.480000e-04 4.147240e-01
479 5.846440e-01 5.200000e-04 4.148360e-01
480 5.845560e-01 5.080000e-04 4.149360e-01
481 5.844600e-01 5.200000e-04 4.150200e-01
482 5.843440e-01 5.360000e-04 4.151200e-01
483 5.842880e-01 5.080000e-04 4.152040e-01
484 5.842440e-01 4.600000e-04 4.152960e-01
485 5.841640e-01 4.600000e-04 4.153760e-01
486 5.841160e-01 4.440000e-04 4.154400e-01
487 5.840280e-01 4.480000e-04 4.155240e-01
488 5.839520e-01 4.480000e-04 4.156000e-01
489 5.838960e-01 4.400000e-04 4.156640e-01
490 5.838160e-01 4.400000e-04 4.157440e-01
491 5.837520e-01 4.320000e-04 4.158160e-01
492 5.836960e-01 4.280000e-04 4.158760e-01
493 5.836480e-01 3.880000e-04 4.159640e-01
494 5.835240e-01 4.360000e-04 4.160400e-01
495 5.834680e-01 4.160000e-04 4.161160e-01
496 5.834280e-01 4.000000e-04 4.161720e-01
497 5.833680e-01 3.880000e-04 4.162440e-01
498 5.833040e-01 4.040000e-04 4.162920e-01
499 5.832720e-01 3.800000e-04 4.163480e-01
500 5.832200e-01 3.600000e-04 4.164200e-01
