1 9.993360e-01 5.640000e-04 1.000000e-04
2 9.989240e-01 8.480000e-04 2.280000e-04
3 9.983600e-01 1.264000e-03 3.760000e-04
4 9.976240e-01 1.736000e-03 6.400000e-04
5 9.967800e-01 2.172000e-03 1.048000e-03
6 9.959320e-01 2.600000e-03 1.468000e-03
7 9.949960e-01 3.036000e-03 1.968000e-03
8 9.940720e-01 3.424000e-03 2.504000e-03
9 9.930080e-01 3.892000e-03 3.100000e-03
10 9.919760e-01 4.208000e-03 3.816000e-03
11 9.908680e-01 4.540000e-03 4.592000e-03
12 9.896400e-01 4.920000e-03 5.440000e-03
13 9.884160e-01 5.316000e-03 6.268000e-03
14 9.872360e-01 5.596000e-03 7.168000e-03
15 9.860520e-01 5.716000e-03 8.232000e-03
16 9.848800e-01 5.840000e-03 9.280000e-03
17 9.836200e-01 6.056000e-03 1.032400e-02
18 9.824240e-01 6.060000e-03 1.151600e-02
19 9.810720e-01 6.236000e-03 1.269200e-02
20 9.797040e-01 6.560000e-03 1.373600e-02
21 9.784160e-01 6.548000e-03 1.503600e-02
22 9.770840e-01 6.628000e-03 1.628800e-02
23 9.757840e-01 6.784000e-03 1.743200e-02
24 9.743920e-01 6.968000e-03 1.864000e-02
25 9.731320e-01 6.948000e-03 1.992000e-02
26 9.718880e-01 7.020000e-03 2.109200e-02
27 9.705520e-01 7.136000e-03 2.231200e-02
28 9.691920e-01 7.312000e-03 2.349600e-02
29 9.677200e-01 7.512000e-03 2.476800e-02
30 9.662240e-01 7.712000e-03 2.606400e-02
31 9.646440e-01 7.968000e-03 2.738800e-02
32 9.630440e-01 8.148000e-03 2.880800e-02
33 9.614200e-01 8.312000e-03 3.026800e-02
34 9.599400e-01 8.360000e-03 3.170000e-02
35 9.583720e-01 8.552000e-03 3.307600e-02
36 9.567680e-01 8.600000e-03 3.463200e-02
37 9.551640e-01 8.740000e-03 3.609600e-02
38 9.537240e-01 8.712000e-03 3.756400e-02
39 9.522320e-01 8.704000e-03 3.906400e-02
40 9.507080e-01 8.796000e-03 4.049600e-02
41 9.491960e-01 8.720000e-03 4.208400e-02
42 9.474720e-01 8.880000e-03 4.364800e-02
43 9.457960e-01 8.972000e-03 4.523200e-02
44 9.439920e-01 9.224000e-03 4.678400e-02
45 9.422440e-01 9.332000e-03 4.842400e-02
46 9.403920e-01 9.600000e-03 5.000800e-02
47 9.387160e-01 9.536000e-03 5.174800e-02
48 9.370600e-01 9.452000e-03 5.348800e-02
49 9.352800e-01 9.428000e-03 5.529200e-02
50 9.337280e-01 9.244000e-03 5.702800e-02
51 9.318400e-01 9.604000e-03 5.855600e-02
52 9.301920e-01 9.516000e-03 6.029200e-02
53 9.285600e-01 9.600000e-03 6.184000e-02
54 9.269840e-01 9.488000e-03 6.352800e-02
55 9.253720e-01 9.288000e-03 6.534000e-02
56 9.238160e-01 9.148000e-03 6.703600e-02
57 9.221960e-01 9.144000e-03 6.866000e-02
58 9.207440e-01 9.076000e-03 7.018000e-02
59 9.193160e-01 8.884000e-03 7.180000e-02
60 9.176400e-01 9.060000e-03 7.330000e-02
61 9.159680e-01 9.232000e-03 7.480000e-02
62 9.143400e-01 9.272000e-03 7.638800e-02
63 9.127360e-01 9.416000e-03 7.784800e-02
64 9.111520e-01 9.492000e-03 7.935600e-02
65 9.094480e-01 9.564000e-03 8.098800e-02
66 9.078480e-01 9.504000e-03 8.264800e-02
67 9.064720e-01 9.308000e-03 8.422000e-02
68 9.050600e-01 9.172000e-03 8.576800e-02
69 9.035600e-01 9.044000e-03 8.739600e-02
70 9.021440e-01 8.792000e-03 8.906400e-02
71 9.006600e-01 8.672000e-03 9.066800e-02
72 8.992760e-01 8.652000e-03 9.207200e-02
73 8.977400e-01 8.776000e-03 9.348400e-02
74 8.963160e-01 8.740000e-03 9.494400e-02
75 8.948160e-01 8.656000e-03 9.652800e-02
76 8.933120e-01 8.568000e-03 9.812000e-02
77 8.920240e-01 8.308000e-03 9.966800e-02
78 8.907400e-01 8.016000e-03 1.012440e-01
79 8.894360e-01 7.812000e-03 1.027520e-01
80 8.879560e-01 7.968000e-03 1.040760e-01
81 8.866840e-01 7.828000e-03 1.054880e-01
82 8.853960e-01 7.716000e-03 1.068880e-01
83 8.841680e-01 7.572000e-03 1.082600e-01
84 8.829000e-01 7.508000e-03 1.095920e-01
85 8.816120e-01 7.444000e-03 1.109440e-01
86 8.803800e-01 7.368000e-03 1.122520e-01
87 8.790280e-01 7.332000e-03 1.136400e-01
88 8.776760e-01 7.500000e-03 1.148240e-01
89 8.763320e-01 7.484000e-03 1.161840e-01
90 8.749800e-01 7.504000e-03 1.175160e-01
91 8.736360e-01 7.536000e-03 1.188280e-01
92 8.723440e-01 7.464000e-03 1.201920e-01
93 8.710840e-01 7.380000e-03 1.215360e-01
94 8.697240e-01 7.408000e-03 1.228680e-01
95 8.684680e-01 7.432000e-03 1.241000e-01
96 8.670480e-01 7.600000e-03 1.253520e-01
97 8.656160e-01 7.704000e-03 1.266800e-01
98 8.641560e-01 7.800000e-03 1.280440e-01
99 8.627880e-01 7.876000e-03 1.293360e-01
100 8.614440e-01 7.828000e-03 1.307280e-01
101 8.599400e-01 7.864000e-03 1.321960e-01
102 8.587520e-01 7.656000e-03 1.335920e-01
103 8.574720e-01 7.676000e-03 1.348520e-01
104 8.562120e-01 7.668000e-03 1.361200e-01
105 8.549960e-01 7.648000e-03 1.373560e-01
106 8.539120e-01 7.440000e-03 1.386480e-01
107 8.526480e-01 7.340000e-03 1.400120e-01
108 8.513400e-01 7.360000e-03 1.413000e-01
109 8.501200e-01 7.300000e-03 1.425800e-01
110 8.490680e-01 7.072000e-03 1.438600e-01
111 8.478640e-01 6.968000e-03 1.451680e-01
112 8.467480e-01 6.924000e-03 1.463280e-01
113 8.456200e-01 6.888000e-03 1.474920e-01
114 8.446040e-01 6.732000e-03 1.486640e-01
115 8.433840e-01 6.728000e-03 1.498880e-01
116 8.423600e-01 6.576000e-03 1.510640e-01
117 8.412840e-01 6.496000e-03 1.522200e-01
118 8.401080e-01 6.492000e-03 1.534000e-01
119 8.389920e-01 6.484000e-03 1.545240e-01
120 8.379040e-01 6.448000e-03 1.556480e-01
121 8.368200e-01 6.368000e-03 1.568120e-01
122 8.358120e-01 6.180000e-03 1.580080e-01
123 8.347680e-01 6.228000e-03 1.590040e-01
124 8.337240e-01 6.248000e-03 1.600280e-01
125 8.326320e-01 6.212000e-03 1.611560e-01
126 8.315920e-01 6.184000e-03 1.622240e-01
127 8.304920e-01 6.256000e-03 1.632520e-01
128 8.294000e-01 6.216000e-03 1.643840e-01
129 8.283960e-01 6.148000e-03 1.654560e-01
130 8.272960e-01 6.200000e-03 1.665040e-01
131 8.260760e-01 6.304000e-03 1.676200e-01
132 8.250440e-01 6.252000e-03 1.687040e-01
133 8.238280e-01 6.316000e-03 1.698560e-01
134 8.227480e-01 6.220000e-03 1.710320e-01
135 8.215720e-01 6.296000e-03 1.721320e-01
136 8.204200e-01 6.364000e-03 1.732160e-01
137 8.194360e-01 6.140000e-03 1.744240e-01
138 8.183720e-01 6.060000e-03 1.755680e-01
139 8.173320e-01 6.116000e-03 1.765520e-01
140 8.162680e-01 6.132000e-03 1.776000e-01
141 8.150960e-01 6.200000e-03 1.787040e-01
142 8.139760e-01 6.248000e-03 1.797760e-01
143 8.128600e-01 6.244000e-03 1.808960e-01
144 8.118040e-01 6.292000e-03 1.819040e-01
145 8.107040e-01 6.312000e-03 1.829840e-01
146 8.096560e-01 6.260000e-03 1.840840e-01
147 8.085560e-01 6.388000e-03 1.850560e-01
148 8.073160e-01 6.404000e-03 1.862800e-01
149 8.061080e-01 6.508000e-03 1.873840e-01
150 8.049800e-01 6.624000e-03 1.883960e-01
151 8.038240e-01 6.728000e-03 1.894480e-01
152 8.027120e-01 6.764000e-03 1.905240e-01
153 8.014480e-01 6.888000e-03 1.916640e-01
154 8.003160e-01 6.844000e-03 1.928400e-01
155 7.992440e-01 6.784000e-03 1.939720e-01
156 7.980960e-01 6.756000e-03 1.951480e-01
157 7.969360e-01 6.752000e-03 1.963120e-01
158 7.956680e-01 6.888000e-03 1.974440e-01
159 7.945800e-01 6.844000e-03 1.985760e-01
160 7.934000e-01 6.920000e-03 1.996800e-01
161 7.922440e-01 6.924000e-03 2.008320e-01
162 7.910840e-01 6.856000e-03 2.020600e-01
163 7.899400e-01 6.756000e-03 2.033040e-01
164 7.886800e-01 6.664000e-03 2.046560e-01
165 7.874840e-01 6.640000e-03 2.058760e-01
166 7.862600e-01 6.708000e-03 2.070320e-01
167 7.851560e-01 6.612000e-03 2.082320e-01
168 7.839520e-01 6.716000e-03 2.093320e-01
169 7.827720e-01 6.828000e-03 2.104000e-01
170 7.816120e-01 6.744000e-03 2.116440e-01
171 7.805120e-01 6.716000e-03 2.127720e-01
172 7.792840e-01 6.700000e-03 2.140160e-01
173 7.780600e-01 6.880000e-03 2.150600e-01
174 7.768560e-01 6.876000e-03 2.162680e-01
175 7.757040e-01 6.864000e-03 2.174320e-01
176 7.746320e-01 6.672000e-03 2.186960e-01
177 7.735040e-01 6.544000e-03 2.199520e-01
178 7.724320e-01 6.544000e-03 2.210240e-01
179 7.713960e-01 6.400000e-03 2.222040e-01
180 7.703440e-01 6.228000e-03 2.234280e-01
181 7.692840e-01 6.152000e-03 2.245640e-01
182 7.683560e-01 5.876000e-03 2.257680e-01
183 7.673600e-01 5.844000e-03 2.267960e-01
184 7.663320e-01 5.876000e-03 2.277920e-01
185 7.652800e-01 5.904000e-03 2.288160e-01
186 7.642400e-01 5.972000e-03 2.297880e-01
187 7.632440e-01 5.912000e-03 2.308440e-01
188 7.622800e-01 5.884000e-03 2.318360e-01
189 7.612720e-01 5.900000e-03 2.328280e-01
190 7.602200e-01 5.860000e-03 2.339200e-01
191 7.593280e-01 5.756000e-03 2.349160e-01
192 7.582520e-01 5.888000e-03 2.358600e-01
193 7.572160e-01 5.864000e-03 2.369200e-01
194 7.563840e-01 5.660000e-03 2.379560e-01
195 7.553840e-01 5.640000e-03 2.389760e-01
196 7.543400e-01 5.728000e-03 2.399320e-01
197 7.533480e-01 5.748000e-03 2.409040e-01
198 7.524000e-01 5.720000e-03 2.418800e-01
199 7.513320e-01 5.764000e-03 2.429040e-01
200 7.503480e-01 5.796000e-03 2.438560e-01
201 7.492400e-01 5.828000e-03 2.449320e-01
202 7.481280e-01 5.992000e-03 2.458800e-01
203 7.470960e-01 5.900000e-03 2.470040e-01
204 7.460080e-01 5.940000e-03 2.480520e-01
205 7.450560e-01 5.900000e-03 2.490440e-01
206 7.442080e-01 5.676000e-03 2.501160e-01
207 7.432960e-01 5.720000e-03 2.509840e-01
208 7.423640e-01 5.560000e-03 2.520760e-01
209 7.414120e-01 5.524000e-03 2.530640e-01
210 7.405000e-01 5.488000e-03 2.540120e-01
211 7.394400e-01 5.624000e-03 2.549360e-01
212 7.383640e-01 5.636000e-03 2.560000e-01
213 7.372720e-01 5.680000e-03 2.570480e-01
214 7.362400e-01 5.776000e-03 2.579840e-01
215 7.352200e-01 5.816000e-03 2.589640e-01
216 7.341960e-01 5.864000e-03 2.599400e-01
217 7.332440e-01 5.784000e-03 2.609720e-01
218 7.323680e-01 5.744000e-03 2.618880e-01
219 7.314720e-01 5.636000e-03 2.628920e-01
220 7.305360e-01 5.536000e-03 2.639280e-01
221 7.296240e-01 5.464000e-03 2.649120e-01
222 7.287680e-01 5.284000e-03 2.659480e-01
223 7.278320e-01 5.292000e-03 2.668760e-01
224 7.270200e-01 5.116000e-03 2.678640e-01
225 7.261600e-01 5.108000e-03 2.687320e-01
226 7.252880e-01 5.040000e-03 2.696720e-01
227 7.245280e-01 4.876000e-03 2.705960e-01
228 7.238080e-01 4.788000e-03 2.714040e-01
229 7.229680e-01 4.736000e-03 2.722960e-01
230 7.222800e-01 4.644000e-03 2.730760e-01
231 7.216080e-01 4.444000e-03 2.739480e-01
232 7.209000e-01 4.376000e-03 2.747240e-01
233 7.202440e-01 4.300000e-03 2.754560e-01
234 7.195640e-01 4.268000e-03 2.761680e-01
235 7.189320e-01 4.192000e-03 2.768760e-01
236 7.183200e-01 4.080000e-03 2.776000e-01
237 7.175880e-01 4.116000e-03 2.782960e-01
238 7.169880e-01 3.968000e-03 2.790440e-01
239 7.164320e-01 3.852000e-03 2.797160e-01
240 7.157440e-01 3.904000e-03 2.803520e-01
241 7.152120e-01 3.836000e-03 2.809520e-01
242 7.147040e-01 3.680000e-03 2.816160e-01
243 7.141520e-01 3.584000e-03 2.822640e-01
244 7.136440e-01 3.452000e-03 2.829040e-01
245 7.132040e-01 3.296000e-03 2.835000e-01
246 7.126320e-01 3.308000e-03 2.840600e-01
247 7.120800e-01 3.332000e-03 2.845880e-01
248 7.115960e-01 3.132000e-03 2.852720e-01
249 7.110280e-01 3.136000e-03 2.858360e-01
250 7.105240e-01 3.076000e-03 2.864000e-01
251 7.099800e-01 3.084000e-03 2.869360e-01
252 7.093880e-01 3.080000e-03 2.875320e-01
253 7.088720e-01 3.052000e-03 2.880760e-01
254 7.083040e-01 3.060000e-03 2.886360e-01
255 7.077320e-01 3.084000e-03 2.891840e-01
256 7.072280e-01 3.072000e-03 2.897000e-01
257 7.067480e-01 3.088000e-03 2.901640e-01
258 7.062280e-01 3.136000e-03 2.906360e-01
259 7.055920e-01 3.252000e-03 2.911560e-01
260 7.050720e-01 3.176000e-03 2.917520e-01
261 7.044880e-01 3.160000e-03 2.923520e-01
262 7.039920e-01 3.048000e-03 2.929600e-01
263 7.034760e-01 3.072000e-03 2.934520e-01
264 7.029720e-01 3.016000e-03 2.940120e-01
265 7.024360e-01 3.084000e-03 2.944800e-01
266 7.019560e-01 3.068000e-03 2.949760e-01
267 7.014800e-01 2.996000e-03 2.955240e-01
268 7.010360e-01 2.892000e-03 2.960720e-01
269 7.005440e-01 2.796000e-03 2.966600e-01
270 6.999920e-01 2.836000e-03 2.971720e-01
271 6.994720e-01 2.824000e-03 2.977040e-01
272 6.989440e-01 2.884000e-03 2.981720e-01
273 6.984520e-01 2.832000e-03 2.987160e-01
274 6.980160e-01 2.756000e-03 2.992280e-01
275 6.974680e-01 2.792000e-03 2.997400e-01
276 6.969600e-01 2.744000e-03 3.002960e-01
277 6.964360e-01 2.836000e-03 3.007280e-01
278 6.958280e-01 3.020000e-03 3.011520e-01
279 6.952840e-01 3.004000e-03 3.017120e-01
280 6.946640e-01 3.020000e-03 3.023160e-01
281 6.940840e-01 3.068000e-03 3.028480e-01
282 6.935240e-01 3.088000e-03 3.033880e-01
283 6.930520e-01 3.012000e-03 3.039360e-01
284 6.925640e-01 2.980000e-03 3.044560e-01
285 6.920760e-01 2.984000e-03 3.049400e-01
286 6.915440e-01 2.940000e-03 3.055160e-01
287 6.910200e-01 2.928000e-03 3.060520e-01
288 6.905640e-01 2.872000e-03 3.065640e-01
289 6.900920e-01 2.848000e-03 3.070600e-01
290 6.895680e-01 2.960000e-03 3.074720e-01
291 6.891360e-01 2.868000e-03 3.079960e-01
292 6.886160e-01 2.872000e-03 3.085120e-01
293 6.880880e-01 2.880000e-03 3.090320e-01
294 6.877080e-01 2.844000e-03 3.094480e-01
295 6.872480e-01 2.756000e-03 3.099960e-01
296 6.867160e-01 2.708000e-03 3.105760e-01
297 6.862880e-01 2.628000e-03 3.110840e-01
298 6.858520e-01 2.672000e-03 3.114760e-01
299 6.854520e-01 2.560000e-03 3.119880e-01
300 6.850600e-01 2.536000e-03 3.124040e-01
301 6.845640e-01 2.620000e-03 3.128160e-01
302 6.841160e-01 2.652000e-03 3.132320e-01
303 6.836840e-01 2.628000e-03 3.136880e-01
304 6.832960e-01 2.532000e-03 3.141720e-01
305 6.828840e-01 2.436000e-03 3.146800e-01
306 6.824200e-01 2.496000e-03 3.150840e-01
307 6.819800e-01 2.376000e-03 3.156440e-01
308 6.815280e-01 2.404000e-03 3.160680e-01
309 6.812160e-01 2.344000e-03 3.164400e-01
310 6.809000e-01 2.200000e-03 3.169000e-01
311 6.806240e-01 2.128000e-03 3.172480e-01
312 6.802280e-01 2.112000e-03 3.176600e-01
313 6.798000e-01 2.176000e-03 3.180240e-01
314 6.793240e-01 2.328000e-03 3.183480e-01
315 6.788400e-01 2.408000e-03 3.187520e-01
316 6.783560e-01 2.512000e-03 3.191320e-01
317 6.779560e-01 2.500000e-03 3.195440e-01
318 6.774160e-01 2.624000e-03 3.199600e-01
319 6.769760e-01 2.652000e-03 3.203720e-01
320 6.764760e-01 2.700000e-03 3.208240e-01
321 6.759200e-01 2.828000e-03 3.212520e-01
322 6.754080e-01 2.864000e-03 3.217280e-01
323 6.748840e-01 2.908000e-03 3.222080e-01
324 6.743320e-01 3.016000e-03 3.226520e-01
325 6.738880e-01 2.964000e-03 3.231480e-01
326 6.733840e-01 2.972000e-03 3.236440e-01
327 6.729000e-01 2.968000e-03 3.241320e-01
328 6.724600e-01 2.872000e-03 3.246680e-01
329 6.720840e-01 2.764000e-03 3.251520e-01
330 6.717920e-01 2.588000e-03 3.256200e-01
331 6.714280e-01 2.552000e-03 3.260200e-01
332 6.710600e-01 2.448000e-03 3.264920e-01
333 6.707600e-01 2.368000e-03 3.268720e-01
334 6.703040e-01 2.376000e-03 3.273200e-01
335 6.699640e-01 2.304000e-03 3.277320e-01
336 6.696520e-01 2.200000e-03 3.281480e-01
337 6.693560e-01 2.100000e-03 3.285440e-01
338 6.691040e-01 1.972000e-03 3.289240e-01
339 6.687720e-01 1.972000e-03 3.292560e-01
340 6.685200e-01 1.936000e-03 3.295440e-01
341 6.681920e-01 1.980000e-03 3.298280e-01
342 6.678440e-01 1.980000e-03 3.301760e-01
343 6.675360e-01 1.952000e-03 3.305120e-01
344 6.672920e-01 1.824000e-03 3.308840e-01
345 6.669480e-01 1.796000e-03 3.312560e-01
346 6.666720e-01 1.744000e-03 3.315840e-01
347 6.663720e-01 1.664000e-03 3.319640e-01
348 6.660840e-01 1.628000e-03 3.322880e-01
349 6.657840e-01 1.668000e-03 3.325480e-01
350 6.654640e-01 1.720000e-03 3.328160e-01
351 6.651360e-01 1.716000e-03 3.331480e-01
352 6.646840e-01 1.836000e-03 3.334800e-01
353 6.642560e-01 1.944000e-03 3.338000e-01
354 6.638760e-01 1.964000e-03 3.341600e-01
355 6.634640e-01 1.992000e-03 3.345440e-01
356 6.630400e-01 2.072000e-03 3.348880e-01
357 6.626720e-01 2.132000e-03 3.351960e-01
358 6.622280e-01 2.232000e-03 3.355400e-01
359 6.618360e-01 2.256000e-03 3.359080e-01
360 6.615080e-01 2.168000e-03 3.363240e-01
361 6.611040e-01 2.228000e-03 3.366680e-01
362 6.607120e-01 2.220000e-03 3.370680e-01
363 6.603200e-01 2.276000e-03 3.374040e-01
364 6.599280e-01 2.236000e-03 3.378360e-01
365 6.595840e-01 2.236000e-03 3.381800e-01
366 6.592280e-01 2.208000e-03 3.385640e-01
367 6.588360e-01 2.236000e-03 3.389280e-01
368 6.584640e-01 2.252000e-03 3.392840e-01
369 6.580920e-01 2.192000e-03 3.397160e-01
370 6.577080e-01 2.216000e-03 3.400760e-01
371 6.573200e-01 2.284000e-03 3.403960e-01
372 6.569520e-01 2.272000e-03 3.407760e-01
373 6.566040e-01 2.180000e-03 3.412160e-01
374 6.561880e-01 2.212000e-03 3.416000e-01
375 6.557360e-01 2.272000e-03 3.419920e-01
376 6.553320e-01 2.248000e-03 3.424200e-01
377 6.549680e-01 2.164000e-03 3.428680e-01
378 6.545400e-01 2.216000e-03 3.432440e-01
379 6.541000e-01 2.268000e-03 3.436320e-01
380 6.536760e-01 2.272000e-03 3.440520e-01
381 6.532520e-01 2.264000e-03 3.444840e-01
382 6.529040e-01 2.160000e-03 3.449360e-01
383 6.525520e-01 2.120000e-03 3.453280e-01
384 6.522680e-01 1.996000e-03 3.457360e-01
385 6.519360e-01 2.024000e-03 3.460400e-01
386 6.516040e-01 1.940000e-03 3.464560e-01
387 6.512400e-01 1.940000e-03 3.468200e-01
388 6.509040e-01 1.948000e-03 3.471480e-01
389 6.505880e-01 1.948000e-03 3.474640e-01
390 6.501640e-01 2.040000e-03 3.477960e-01
391 6.497880e-01 2.132000e-03 3.480800e-01
392 6.494920e-01 2.040000e-03 3.484680e-01
393 6.491240e-01 2.064000e-03 3.488120e-01
394 6.487520e-01 2.068000e-03 3.491800e-01
395 6.483720e-01 2.080000e-03 3.495480e-01
396 6.479800e-01 2.096000e-03 3.499240e-01
397 6.476720e-01 2.032000e-03 3.502960e-01
398 6.473480e-01 2.040000e-03 3.506120e-01
399 6.470720e-01 1.960000e-03 3.509680e-01
400 6.467440e-01 1.944000e-03 3.513120e-01
401 6.464480e-01 1.916000e-03 3.516360e-01
402 6.460480e-01 1.968000e-03 3.519840e-01
403 6.457480e-01 1.920000e-03 3.523320e-01
404 6.454000e-01 1.968000e-03 3.526320e-01
405 6.450560e-01 1.896000e-03 3.530480e-01
406 6.448080e-01 1.824000e-03 3.533680e-01
407 6.445560e-01 1.788000e-03 3.536560e-01
408 6.443640e-01 1.652000e-03 3.539840e-01
409 6.441360e-01 1.592000e-03 3.542720e-01
410 6.438480e-01 1.616000e-03 3.545360e-01
411 6.436080e-01 1.552000e-03 3.548400e-01
412 6.434560e-01 1.440000e-03 3.551040e-01
413 6.432760e-01 1.412000e-03 3.553120e-01
414 6.431360e-01 1.300000e-03 3.555640e-01
415 6.429960e-01 1.196000e-03 3.558080e-01
416 6.428520e-01 1.164000e-03 3.559840e-01
417 6.427320e-01 1.132000e-03 3.561360e-01
418 6.425600e-01 1.136000e-03 3.563040e-01
419 6.424680e-01 1.032000e-03 3.565000e-01
420 6.423640e-01 9.320000e-04 3.567040e-01
421 6.422760e-01 9.160000e-04 3.568080e-01
422 6.421760e-01 8.840000e-04 3.569400e-01
423 6.421160e-01 7.680000e-04 3.571160e-01
424 6.420440e-01 7.200000e-04 3.572360e-01
425 6.419840e-01 6.480000e-04 3.573680e-01
426 6.418960e-01 6.320000e-04 3.574720e-01
427 6.418160e-01 5.720000e-04 3.576120e-01
428 6.417520e-01 5.560000e-04 3.576920e-01
429 6.416880e-01 5.600000e-04 3.577520e-01
430 6.416000e-01 5.440000e-04 3.578560e-01
431 6.415080e-01 5.440000e-04 3.579480e-01
432 6.414200e-01 5.440000e-04 3.580360e-01
433 6.413360e-01 5.680000e-04 3.580960e-01
434 6.412440e-01 5.920000e-04 3.581640e-01
435 6.411680e-01 5.680000e-04 3.582640e-01
436 6.410840e-01 5.840000e-04 3.583320e-01
437 6.410200e-01 5.760000e-04 3.584040e-01
438 6.409240e-01 5.640000e-04 3.585120e-01
439 6.408440e-01 5.560000e-04 3.586000e-01
440 6.407880e-01 5.600000e-04 3.586520e-01
441 6.407360e-01 5.200000e-04 3.587440e-01
442 6.406400e-01 5.360000e-04 3.588240e-01
443 6.405960e-01 5.160000e-04 3.588880e-01
444 6.405240e-01 5.200000e-04 3.589560e-01
445 6.404400e-01 4.960000e-04 3.590640e-01
446 6.403680e-01 4.800000e-04 3.591520e-01
447 6.402920e-01 4.560000e-04 3.592520e-01
448 6.402280e-01 4.640000e-04 3.593080e-01
449 6.401240e-01 4.840000e-04 3.593920e-01
450 6.400240e-01 5.000000e-04 3.594760e-01
451 6.399160e-01 5.080000e-04 3.595760e-01
452 6.398280e-01 5.320000e-04 3.596400e-01
453 6.397040e-01 5.600000e-04 3.597360e-01
454 6.396160e-01 5.560000e-04 3.598280e-01
455 6.395120e-01 5.360000e-04 3.599520e-01
456 6.394520e-01 5.280000e-04 3.600200e-01
457 6.393600e-01 5.480000e-04 3.600920e-01
458 6.392720e-01 5.520000e-04 3.601760e-01
459 6.391720e-01 5.600000e-04 3.602680e-01
460 6.391040e-01 5.360000e-04 3.603600e-01
461 6.390360e-01 5.000000e-04 3.604640e-01
462 6.389680e-01 4.760000e-04 3.605560e-01
463 6.389120e-01 4.560000e-04 3.606320e-01
464 6.388320e-01 4.720000e-04 3.606960e-01
465 6.387120e-01 4.960000e-04 3.607920e-01
466 6.386280e-01 4.680000e-04 3.609040e-01
467 6.385440e-01 5.160000e-04 3.609400e-01
468 6.384440e-01 5.360000e-04 3.610200e-01
469 6.383280e-01 5.720000e-04 3.611000e-01
470 6.382400e-01 5.640000e-04 3.611960e-01
471 6.381480e-01 5.360000e-04 3.613160e-01
472 6.380400e-01 5.400000e-04 3.614200e-01
473 6.379760e-01 5.120000e-04 3.615120e-01
474 6.378920e-01 5.320000e-04 3.615760e-01
475 6.377880e-01 5.280000e-04 3.616840e-01
476 6.376680e-01 5.640000e-04 3.617680e-01
477 6.375760e-01 5.080000e-04 3.619160e-01
478 6.375240e-01 4.800000e-04 3.619960e-01
479 6.374720e-01 4.680000e-04 3.620600e-01
480 6.374080e-01 4.880000e-04 3.621040e-01
481 6.372880e-01 5.400000e-04 3.621720e-01
482 6.372440e-01 4.960000e-04 3.622600e-01
483 6.371880e-01 4.880000e-04 3.623240e-01
484 6.371200e-01 4.720000e-04 3.624080e-01
485 6.370840e-01 4.560000e-04 3.624600e-01
486 6.370400e-01 3.960000e-04 3.625640e-01
487 6.370040e-01 3.680000e-04 3.626280e-01
488 6.369480e-01 3.480000e-04 3.627040e-01
489 6.368960e-01 3.480000e-04 3.627560e-01
490 6.368560e-01 3.120000e-04 3.628320e-01
491 6.368040e-01 3.200000e-04 3.628760e-01
492 6.367680e-01 2.840000e-04 3.629480e-01
493 6.367440e-01 2.560000e-04 3.630000e-01
494 6.367080e-01 2.320000e-04 3.630600e-01
495 6.366480e-01 2.560000e-04 3.630960e-01
496 6.365880e-01 2.720000e-04 3.631400e-01
497 6.365400e-01 2.640000e-04 3.631960e-01
498 6.365040e-01 2.640000e-04 3.632320e-01
499 6.364640e-01 2.600000e-04 3.632760e-01
500 6.364080e-01 2.800000e-04 3.633120e-01
