1 9.991960e-01 7.280000e-04 7.600000e-05
2 9.985640e-01 1.236000e-03 2.000000e-04
3 9.978480e-01 1.688000e-03 4.640000e-04
4 9.970160e-01 2.128000e-03 8.560000e-04
5 9.961520e-01 2.592000e-03 1.256000e-03
6 9.952120e-01 3.028000e-03 1.760000e-03
7 9.942760e-01 3.348000e-03 2.376000e-03
8 9.933360e-01 3.700000e-03 2.964000e-03
9 9.922160e-01 4.116000e-03 3.668000e-03
10 9.912480e-01 4.396000e-03 4.356000e-03
11 9.901880e-01 4.652000e-03 5.160000e-03
12 9.890080e-01 4.964000e-03 6.028000e-03
13 9.878160e-01 5.344000e-03 6.840000e-03
14 9.866320e-01 5.596000e-03 7.772000e-03
15 9.855120e-01 5.708000e-03 8.780000e-03
16 9.843360e-01 5.764000e-03 9.900000e-03
17 9.830920e-01 5.968000e-03 1.094000e-02
18 9.818280e-01 6.288000e-03 1.188400e-02
19 9.806080e-01 6.352000e-03 1.304000e-02
20 9.793200e-01 6.492000e-03 1.418800e-02
21 9.779760e-01 6.692000e-03 1.533200e-02
22 9.765640e-01 6.988000e-03 1.644800e-02
23 9.749560e-01 7.348000e-03 1.769600e-02
24 9.735200e-01 7.516000e-03 1.896400e-02
25 9.719760e-01 7.768000e-03 2.025600e-02
26 9.702760e-01 7.920000e-03 2.180400e-02
27 9.685960e-01 8.216000e-03 2.318800e-02
28 9.669080e-01 8.548000e-03 2.454400e-02
29 9.651560e-01 8.684000e-03 2.616000e-02
30 9.635240e-01 8.800000e-03 2.767600e-02
31 9.618040e-01 8.840000e-03 2.935600e-02
32 9.601640e-01 8.920000e-03 3.091600e-02
33 9.584720e-01 9.120000e-03 3.240800e-02
34 9.568320e-01 9.204000e-03 3.396400e-02
35 9.552520e-01 9.312000e-03 3.543600e-02
36 9.536320e-01 9.284000e-03 3.708400e-02
37 9.520680e-01 9.196000e-03 3.873600e-02
38 9.504360e-01 9.192000e-03 4.037200e-02
39 9.487520e-01 9.356000e-03 4.189200e-02
40 9.470920e-01 9.436000e-03 4.347200e-02
41 9.454400e-01 9.352000e-03 4.520800e-02
42 9.436640e-01 9.364000e-03 4.697200e-02
43 9.421160e-01 9.272000e-03 4.861200e-02
44 9.404160e-01 9.428000e-03 5.015600e-02
45 9.386400e-01 9.444000e-03 5.191600e-02
46 9.370480e-01 9.516000e-03 5.343600e-02
47 9.353960e-01 9.480000e-03 5.512400e-02
48 9.336600e-01 9.628000e-03 5.671200e-02
49 9.320040e-01 9.492000e-03 5.850400e-02
50 9.303120e-01 9.464000e-03 6.022400e-02
51 9.284240e-01 9.628000e-03 6.194800e-02
52 9.267800e-01 9.576000e-03 6.364400e-02
53 9.251280e-01 9.560000e-03 6.531200e-02
54 9.236640e-01 9.212000e-03 6.712400e-02
55 9.219960e-01 9.316000e-03 6.868800e-02
56 9.203880e-01 9.216000e-03 7.039600e-02
57 9.187080e-01 9.360000e-03 7.193200e-02
58 9.170680e-01 9.388000e-03 7.354400e-02
59 9.154640e-01 9.372000e-03 7.516400e-02
60 9.137320e-01 9.312000e-03 7.695600e-02
61 9.121160e-01 9.284000e-03 7.860000e-02
62 9.104360e-01 9.332000e-03 8.023200e-02
63 9.088640e-01 9.160000e-03 8.197600e-02
64 9.071960e-01 9.132000e-03 8.367200e-02
65 9.053880e-01 9.352000e-03 8.526000e-02
66 9.036120e-01 9.448000e-03 8.694000e-02
67 9.016920e-01 9.884000e-03 8.842400e-02
68 8.998880e-01 9.848000e-03 9.026400e-02
69 8.978440e-01 1.020800e-02 9.194800e-02
70 8.959040e-01 1.025200e-02 9.384400e-02
71 8.939120e-01 1.041200e-02 9.567600e-02
72 8.918880e-01 1.060800e-02 9.750400e-02
73 8.898720e-01 1.079600e-02 9.933200e-02
74 8.880480e-01 1.079200e-02 1.011600e-01
75 8.862120e-01 1.069600e-02 1.030920e-01
76 8.842160e-01 1.089600e-02 1.048880e-01
77 8.825120e-01 1.072400e-02 1.067640e-01
78 8.806680e-01 1.069200e-02 1.086400e-01
79 8.788200e-01 1.072400e-02 1.104560e-01
80 8.769280e-01 1.073600e-02 1.123360e-01
81 8.748600e-01 1.091200e-02 1.142280e-01
82 8.729160e-01 1.102400e-02 1.160600e-01
83 8.706760e-01 1.121200e-02 1.181120e-01
84 8.686360e-01 1.138400e-02 1.199800e-01
85 8.665680e-01 1.151600e-02 1.219160e-01
86 8.646280e-01 1.134000e-02 1.240320e-01
87 8.626400e-01 1.147600e-02 1.258840e-01
88 8.606280e-01 1.151600e-02 1.278560e-01
89 8.585680e-01 1.156000e-02 1.298720e-01
90 8.567520e-01 1.146000e-02 1.317880e-01
91 8.548760e-01 1.125200e-02 1.338720e-01
92 8.529800e-01 1.108800e-02 1.359320e-01
93 8.510000e-01 1.104800e-02 1.379520e-01
94 8.492440e-01 1.094800e-02 1.398080e-01
95 8.473360e-01 1.086800e-02 1.417960e-01
96 8.455080e-01 1.064400e-02 1.438480e-01
97 8.437160e-01 1.049600e-02 1.457880e-01
98 8.418640e-01 1.068400e-02 1.474520e-01
99 8.400040e-01 1.068800e-02 1.493080e-01
100 8.381680e-01 1.060800e-02 1.512240e-01
101 8.362160e-01 1.063200e-02 1.531520e-01
102 8.344880e-01 1.045600e-02 1.550560e-01
103 8.326840e-01 1.050800e-02 1.568080e-01
104 8.309840e-01 1.046800e-02 1.585480e-01
105 8.292000e-01 1.050400e-02 1.602960e-01
106 8.273840e-01 1.041200e-02 1.622040e-01
107 8.257400e-01 1.032400e-02 1.639360e-01
108 8.240720e-01 1.030400e-02 1.656240e-01
109 8.225040e-01 1.008800e-02 1.674080e-01
110 8.208880e-01 9.848000e-03 1.692640e-01
111 8.192920e-01 9.864000e-03 1.708440e-01
112 8.178880e-01 9.540000e-03 1.725720e-01
113 8.164320e-01 9.396000e-03 1.741720e-01
114 8.150040e-01 9.128000e-03 1.758680e-01
115 8.133760e-01 9.092000e-03 1.775320e-01
116 8.119440e-01 9.020000e-03 1.790360e-01
117 8.104640e-01 8.908000e-03 1.806280e-01
118 8.088040e-01 9.020000e-03 1.821760e-01
119 8.072080e-01 8.960000e-03 1.838320e-01
120 8.055760e-01 9.020000e-03 1.854040e-01
121 8.041040e-01 8.880000e-03 1.870160e-01
122 8.024400e-01 8.908000e-03 1.886520e-01
123 8.008640e-01 8.968000e-03 1.901680e-01
124 7.991760e-01 9.100000e-03 1.917240e-01
125 7.975200e-01 9.060000e-03 1.934200e-01
126 7.960680e-01 9.012000e-03 1.949200e-01
127 7.945360e-01 9.008000e-03 1.964560e-01
128 7.929920e-01 9.000000e-03 1.980080e-01
129 7.914160e-01 9.052000e-03 1.995320e-01
130 7.899840e-01 8.860000e-03 2.011560e-01
131 7.887800e-01 8.552000e-03 2.026680e-01
132 7.874080e-01 8.472000e-03 2.041200e-01
133 7.861600e-01 8.252000e-03 2.055880e-01
134 7.848200e-01 8.212000e-03 2.069680e-01
135 7.837320e-01 7.924000e-03 2.083440e-01
136 7.825160e-01 7.740000e-03 2.097440e-01
137 7.813440e-01 7.496000e-03 2.111600e-01
138 7.801680e-01 7.400000e-03 2.124320e-01
139 7.789520e-01 7.324000e-03 2.137240e-01
140 7.776080e-01 7.284000e-03 2.151080e-01
141 7.764360e-01 7.188000e-03 2.163760e-01
142 7.753400e-01 7.128000e-03 2.175320e-01
143 7.742120e-01 7.056000e-03 2.187320e-01
144 7.729600e-01 6.936000e-03 2.201040e-01
145 7.718720e-01 6.872000e-03 2.212560e-01
146 7.708880e-01 6.600000e-03 2.225120e-01
147 7.699000e-01 6.336000e-03 2.237640e-01
148 7.689240e-01 6.372000e-03 2.247040e-01
149 7.679000e-01 6.320000e-03 2.257800e-01
150 7.668000e-01 6.340000e-03 2.268600e-01
151 7.658000e-01 6.180000e-03 2.280200e-01
152 7.647880e-01 6.124000e-03 2.290880e-01
153 7.637840e-01 6.140000e-03 2.300760e-01
154 7.628920e-01 5.924000e-03 2.311840e-01
155 7.619440e-01 5.828000e-03 2.322280e-01
156 7.610640e-01 5.596000e-03 2.333400e-01
157 7.602000e-01 5.472000e-03 2.343280e-01
158 7.592560e-01 5.480000e-03 2.352640e-01
159 7.583920e-01 5.440000e-03 2.361680e-01
160 7.573960e-01 5.564000e-03 2.370400e-01
161 7.564160e-01 5.584000e-03 2.380000e-01
162 7.556120e-01 5.440000e-03 2.389480e-01
163 7.547080e-01 5.328000e-03 2.399640e-01
164 7.537720e-01 5.336000e-03 2.408920e-01
165 7.529760e-01 5.232000e-03 2.417920e-01
166 7.522760e-01 5.084000e-03 2.426400e-01
167 7.515200e-01 4.952000e-03 2.435280e-01
168 7.508000e-01 4.864000e-03 2.443360e-01
169 7.498560e-01 5.032000e-03 2.451120e-01
170 7.489600e-01 5.148000e-03 2.458920e-01
171 7.481480e-01 5.088000e-03 2.467640e-01
172 7.473880e-01 5.040000e-03 2.475720e-01
173 7.465680e-01 4.948000e-03 2.484840e-01
174 7.458400e-01 4.820000e-03 2.493400e-01
175 7.451480e-01 4.684000e-03 2.501680e-01
176 7.444680e-01 4.504000e-03 2.510280e-01
177 7.437680e-01 4.448000e-03 2.517840e-01
178 7.430880e-01 4.340000e-03 2.525720e-01
179 7.423480e-01 4.260000e-03 2.533920e-01
180 7.416840e-01 4.284000e-03 2.540320e-01
181 7.409360e-01 4.148000e-03 2.549160e-01
182 7.402520e-01 4.024000e-03 2.557240e-01
183 7.394600e-01 4.144000e-03 2.563960e-01
184 7.386680e-01 4.224000e-03 2.571080e-01
185 7.379680e-01 4.172000e-03 2.578600e-01
186 7.373040e-01 4.140000e-03 2.585560e-01
187 7.364840e-01 4.200000e-03 2.593160e-01
188 7.357520e-01 4.084000e-03 2.601640e-01
189 7.350440e-01 4.032000e-03 2.609240e-01
190 7.344160e-01 4.036000e-03 2.615480e-01
191 7.335520e-01 4.180000e-03 2.622680e-01
192 7.328760e-01 4.096000e-03 2.630280e-01
193 7.321360e-01 4.204000e-03 2.636600e-01
194 7.314240e-01 4.204000e-03 2.643720e-01
195 7.307720e-01 4.188000e-03 2.650400e-01
196 7.302080e-01 4.028000e-03 2.657640e-01
197 7.296080e-01 3.936000e-03 2.664560e-01
198 7.290720e-01 3.756000e-03 2.671720e-01
199 7.285160e-01 3.660000e-03 2.678240e-01
200 7.279920e-01 3.600000e-03 2.684080e-01
201 7.273800e-01 3.596000e-03 2.690240e-01
202 7.268240e-01 3.568000e-03 2.696080e-01
203 7.263440e-01 3.460000e-03 2.701960e-01
204 7.258000e-01 3.480000e-03 2.707200e-01
205 7.252400e-01 3.472000e-03 2.712880e-01
206 7.247000e-01 3.404000e-03 2.718960e-01
207 7.241960e-01 3.388000e-03 2.724160e-01
208 7.236960e-01 3.312000e-03 2.729920e-01
209 7.232160e-01 3.248000e-03 2.735360e-01
210 7.226960e-01 3.148000e-03 2.741560e-01
211 7.221120e-01 3.172000e-03 2.747160e-01
212 7.216000e-01 3.144000e-03 2.752560e-01
213 7.211360e-01 3.148000e-03 2.757160e-01
214 7.206400e-01 3.116000e-03 2.762440e-01
215 7.201880e-01 3.076000e-03 2.767360e-01
216 7.197600e-01 2.952000e-03 2.772880e-01
217 7.192760e-01 2.920000e-03 2.778040e-01
218 7.187120e-01 3.036000e-03 2.782520e-01
219 7.181680e-01 3.072000e-03 2.787600e-01
220 7.175680e-01 3.140000e-03 2.792920e-01
221 7.170120e-01 3.220000e-03 2.797680e-01
222 7.163800e-01 3.324000e-03 2.802960e-01
223 7.157560e-01 3.376000e-03 2.808680e-01
224 7.151240e-01 3.448000e-03 2.814280e-01
225 7.143680e-01 3.600000e-03 2.820320e-01
226 7.137960e-01 3.556000e-03 2.826480e-01
227 7.131280e-01 3.488000e-03 2.833840e-01
228 7.124760e-01 3.464000e-03 2.840600e-01
229 7.117800e-01 3.548000e-03 2.846720e-01
230 7.111640e-01 3.564000e-03 2.852720e-01
231 7.105280e-01 3.600000e-03 2.858720e-01
232 7.099200e-01 3.572000e-03 2.865080e-01
233 7.093320e-01 3.476000e-03 2.871920e-01
234 7.087920e-01 3.476000e-03 2.877320e-01
235 7.081280e-01 3.512000e-03 2.883600e-01
236 7.076080e-01 3.360000e-03 2.890320e-01
237 7.070360e-01 3.336000e-03 2.896280e-01
238 7.065680e-01 3.232000e-03 2.902000e-01
239 7.059360e-01 3.348000e-03 2.907160e-01
240 7.053880e-01 3.340000e-03 2.912720e-01
241 7.048320e-01 3.344000e-03 2.918240e-01
242 7.043240e-01 3.368000e-03 2.923080e-01
243 7.038600e-01 3.268000e-03 2.928720e-01
244 7.033280e-01 3.328000e-03 2.933440e-01
245 7.029160e-01 3.152000e-03 2.939320e-01
246 7.024560e-01 3.116000e-03 2.944280e-01
247 7.019400e-01 3.104000e-03 2.949560e-01
248 7.015120e-01 3.024000e-03 2.954640e-01
249 7.011440e-01 2.864000e-03 2.959920e-01
250 7.008720e-01 2.600000e-03 2.965280e-01
251 7.005280e-01 2.544000e-03 2.969280e-01
252 7.001520e-01 2.536000e-03 2.973120e-01
253 6.997960e-01 2.460000e-03 2.977440e-01
254 6.993600e-01 2.552000e-03 2.980880e-01
255 6.989720e-01 2.528000e-03 2.985000e-01
256 6.985520e-01 2.472000e-03 2.989760e-01
257 6.981600e-01 2.420000e-03 2.994200e-01
258 6.977840e-01 2.352000e-03 2.998640e-01
259 6.973480e-01 2.344000e-03 3.003080e-01
260 6.969040e-01 2.436000e-03 3.006600e-01
261 6.964640e-01 2.364000e-03 3.011720e-01
262 6.959480e-01 2.484000e-03 3.015680e-01
263 6.954640e-01 2.508000e-03 3.020280e-01
264 6.949160e-01 2.624000e-03 3.024600e-01
265 6.943400e-01 2.680000e-03 3.029800e-01
266 6.937520e-01 2.840000e-03 3.034080e-01
267 6.932000e-01 2.880000e-03 3.039200e-01
268 6.926200e-01 2.944000e-03 3.044360e-01
269 6.921080e-01 2.856000e-03 3.050360e-01
270 6.916760e-01 2.800000e-03 3.055240e-01
271 6.912040e-01 2.768000e-03 3.060280e-01
272 6.907680e-01 2.696000e-03 3.065360e-01
273 6.903840e-01 2.640000e-03 3.069760e-01
274 6.899040e-01 2.600000e-03 3.074960e-01
275 6.895160e-01 2.492000e-03 3.079920e-01
276 6.891800e-01 2.404000e-03 3.084160e-01
277 6.887800e-01 2.424000e-03 3.087960e-01
278 6.883680e-01 2.464000e-03 3.091680e-01
279 6.880160e-01 2.388000e-03 3.095960e-01
280 6.876640e-01 2.288000e-03 3.100480e-01
281 6.872680e-01 2.284000e-03 3.104480e-01
282 6.868280e-01 2.352000e-03 3.108200e-01
283 6.864000e-01 2.380000e-03 3.112200e-01
284 6.859280e-01 2.456000e-03 3.116160e-01
285 6.854400e-01 2.492000e-03 3.120680e-01
286 6.850560e-01 2.460000e-03 3.124840e-01
287 6.846280e-01 2.424000e-03 3.129480e-01
288 6.842800e-01 2.320000e-03 3.134000e-01
289 6.838760e-01 2.308000e-03 3.138160e-01
290 6.835200e-01 2.268000e-03 3.142120e-01
291 6.831880e-01 2.232000e-03 3.145800e-01
292 6.828760e-01 2.096000e-03 3.150280e-01
293 6.825200e-01 2.056000e-03 3.154240e-01
294 6.821760e-01 2.048000e-03 3.157760e-01
295 6.818480e-01 2.076000e-03 3.160760e-01
296 6.815320e-01 1.996000e-03 3.164720e-01
297 6.811560e-01 1.992000e-03 3.168520e-01
298 6.808520e-01 1.960000e-03 3.171880e-01
299 6.805080e-01 1.980000e-03 3.175120e-01
300 6.801160e-01 1.996000e-03 3.178880e-01
301 6.797240e-01 2.020000e-03 3.182560e-01
302 6.793400e-01 2.056000e-03 3.186040e-01
303 6.789640e-01 2.124000e-03 3.189120e-01
304 6.785840e-01 2.092000e-03 3.193240e-01
305 6.782200e-01 2.032000e-03 3.197480e-01
306 6.778960e-01 2.012000e-03 3.200920e-01
307 6.774760e-01 2.036000e-03 3.204880e-01
308 6.771320e-01 2.004000e-03 3.208640e-01
309 6.768240e-01 2.020000e-03 3.211560e-01
310 6.764960e-01 2.020000e-03 3.214840e-01
311 6.761760e-01 1.960000e-03 3.218640e-01
312 6.758440e-01 1.936000e-03 3.222200e-01
313 6.754960e-01 1.940000e-03 3.225640e-01
314 6.751000e-01 1.988000e-03 3.229120e-01
315 6.747040e-01 1.984000e-03 3.233120e-01
316 6.743080e-01 2.024000e-03 3.236680e-01
317 6.739360e-01 2.056000e-03 3.240080e-01
318 6.735480e-01 2.068000e-03 3.243840e-01
319 6.731440e-01 2.172000e-03 3.246840e-01
320 6.727720e-01 2.200000e-03 3.250280e-01
321 6.724800e-01 2.156000e-03 3.253640e-01
322 6.721280e-01 2.092000e-03 3.257800e-01
323 6.717800e-01 2.076000e-03 3.261440e-01
324 6.714400e-01 2.088000e-03 3.264720e-01
325 6.711280e-01 1.976000e-03 3.268960e-01
326 6.708880e-01 1.888000e-03 3.272240e-01
327 6.705880e-01 1.876000e-03 3.275360e-01
328 6.702840e-01 1.888000e-03 3.278280e-01
329 6.699640e-01 1.824000e-03 3.282120e-01
330 6.697080e-01 1.768000e-03 3.285240e-01
331 6.694280e-01 1.736000e-03 3.288360e-01
332 6.691480e-01 1.692000e-03 3.291600e-01
333 6.688720e-01 1.656000e-03 3.294720e-01
334 6.686080e-01 1.648000e-03 3.297440e-01
335 6.683640e-01 1.660000e-03 3.299760e-01
336 6.681160e-01 1.536000e-03 3.303480e-01
337 6.678920e-01 1.504000e-03 3.306040e-01
338 6.676400e-01 1.504000e-03 3.308560e-01
339 6.674120e-01 1.488000e-03 3.311000e-01
340 6.671360e-01 1.500000e-03 3.313640e-01
341 6.669120e-01 1.468000e-03 3.316200e-01
342 6.666960e-01 1.444000e-03 3.318600e-01
343 6.664600e-01 1.436000e-03 3.321040e-01
344 6.662720e-01 1.344000e-03 3.323840e-01
345 6.660960e-01 1.256000e-03 3.326480e-01
346 6.659080e-01 1.252000e-03 3.328400e-01
347 6.657560e-01 1.196000e-03 3.330480e-01
348 6.655760e-01 1.136000e-03 3.332880e-01
349 6.654080e-01 1.144000e-03 3.334480e-01
350 6.652320e-01 1.108000e-03 3.336600e-01
351 6.650600e-01 1.048000e-03 3.338920e-01
352 6.648760e-01 1.028000e-03 3.340960e-01
353 6.646360e-01 1.108000e-03 3.342560e-01
354 6.644320e-01 1.092000e-03 3.344760e-01
355 6.641760e-01 1.120000e-03 3.347040e-01
356 6.639440e-01 1.136000e-03 3.349200e-01
357 6.637240e-01 1.156000e-03 3.351200e-01
358 6.635520e-01 1.096000e-03 3.353520e-01
359 6.633720e-01 1.076000e-03 3.355520e-01
360 6.632040e-01 1.084000e-03 3.357120e-01
361 6.630440e-01 1.088000e-03 3.358680e-01
362 6.628720e-01 1.084000e-03 3.360440e-01
363 6.626760e-01 1.080000e-03 3.362440e-01
364 6.624800e-01 1.120000e-03 3.364000e-01
365 6.623040e-01 1.096000e-03 3.366000e-01
366 6.621640e-01 1.036000e-03 3.368000e-01
367 6.620400e-01 9.360000e-04 3.370240e-01
368 6.619320e-01 9.080000e-04 3.371600e-01
369 6.618040e-01 8.960000e-04 3.373000e-01
370 6.616840e-01 8.520000e-04 3.374640e-01
371 6.615120e-01 8.640000e-04 3.376240e-01
372 6.613880e-01 8.200000e-04 3.377920e-01
373 6.612480e-01 8.040000e-04 3.379480e-01
374 6.611080e-01 7.640000e-04 3.381280e-01
375 6.610120e-01 7.360000e-04 3.382520e-01
376 6.608760e-01 7.680000e-04 3.383560e-01
377 6.607560e-01 7.720000e-04 3.384720e-01
378 6.606160e-01 7.960000e-04 3.385880e-01
379 6.604400e-01 8.080000e-04 3.387520e-01
380 6.603080e-01 8.200000e-04 3.388720e-01
381 6.601600e-01 7.880000e-04 3.390520e-01
382 6.600160e-01 8.000000e-04 3.391840e-01
383 6.599280e-01 7.680000e-04 3.393040e-01
384 6.598160e-01 7.320000e-04 3.394520e-01
385 6.597280e-01 6.920000e-04 3.395800e-01
386 6.596000e-01 7.040000e-04 3.396960e-01
387 6.594760e-01 6.880000e-04 3.398360e-01
388 6.593320e-01 6.960000e-04 3.399720e-01
389 6.592120e-01 7.000000e-04 3.400880e-01
390 6.590840e-01 7.040000e-04 3.402120e-01
391 6.589640e-01 7.000000e-04 3.403360e-01
392 6.588760e-01 6.520000e-04 3.404720e-01
393 6.587360e-01 6.920000e-04 3.405720e-01
394 6.585960e-01 7.160000e-04 3.406880e-01
395 6.584840e-01 6.800000e-04 3.408360e-01
396 6.583400e-01 6.680000e-04 3.409920e-01
397 6.581960e-01 6.960000e-04 3.411080e-01
398 6.580200e-01 7.360000e-04 3.412440e-01
399 6.578880e-01 7.560000e-04 3.413560e-01
400 6.577720e-01 7.200000e-04 3.415080e-01
401 6.576400e-01 7.080000e-04 3.416520e-01
402 6.574920e-01 7.360000e-04 3.417720e-01
403 6.573560e-01 7.560000e-04 3.418880e-01
404 6.571920e-01 8.040000e-04 3.420040e-01
405 6.570920e-01 7.560000e-04 3.421520e-01
406 6.569520e-01 7.480000e-04 3.423000e-01
407 6.568360e-01 7.520000e-04 3.424120e-01
408 6.567240e-01 7.440000e-04 3.425320e-01
409 6.566120e-01 7.360000e-04 3.426520e-01
410 6.565200e-01 7.040000e-04 3.427760e-01
411 6.564200e-01 7.040000e-04 3.428760e-01
412 6.563360e-01 6.640000e-04 3.430000e-01
413 6.562160e-01 6.880000e-04 3.430960e-01
414 6.561200e-01 6.560000e-04 3.432240e-01
415 6.560200e-01 6.520000e-04 3.433280e-01
416 6.559480e-01 5.800000e-04 3.434720e-01
417 6.558280e-01 6.120000e-04 3.435600e-01
418 6.557720e-01 5.680000e-04 3.436600e-01
419 6.556720e-01 5.920000e-04 3.437360e-01
420 6.555480e-01 6.280000e-04 3.438240e-01
421 6.554320e-01 6.400000e-04 3.439280e-01
422 6.553240e-01 6.200000e-04 3.440560e-01
423 6.552200e-01 5.880000e-04 3.441920e-01
424 6.550960e-01 5.960000e-04 3.443080e-01
425 6.550120e-01 5.600000e-04 3.444280e-01
426 6.549440e-01 5.320000e-04 3.445240e-01
427 6.548280e-01 6.040000e-04 3.445680e-01
428 6.546760e-01 6.520000e-04 3.446720e-01
429 6.545760e-01 6.320000e-04 3.447920e-01
430 6.544560e-01 6.480000e-04 3.448960e-01
431 6.542520e-01 7.440000e-04 3.450040e-01
432 6.541240e-01 7.160000e-04 3.451600e-01
433 6.540000e-01 7.080000e-04 3.452920e-01
434 6.538400e-01 7.240000e-04 3.454360e-01
435 6.537200e-01 7.440000e-04 3.455360e-01
436 6.536040e-01 7.320000e-04 3.456640e-01
437 6.534720e-01 7.320000e-04 3.457960e-01
438 6.533760e-01 7.240000e-04 3.459000e-01
439 6.532760e-01 7.280000e-04 3.459960e-01
440 6.531440e-01 6.960000e-04 3.461600e-01
441 6.530200e-01 7.200000e-04 3.462600e-01
442 6.528520e-01 7.760000e-04 3.463720e-01
443 6.526960e-01 8.040000e-04 3.465000e-01
444 6.525320e-01 8.320000e-04 3.466360e-01
445 6.524120e-01 8.200000e-04 3.467680e-01
446 6.522560e-01 8.320000e-04 3.469120e-01
447 6.520760e-01 8.800000e-04 3.470440e-01
448 6.519160e-01 9.000000e-04 3.471840e-01
449 6.517600e-01 9.000000e-04 3.473400e-01
450 6.516400e-01 8.600000e-04 3.475000e-01
451 6.515240e-01 8.440000e-04 3.476320e-01
452 6.513800e-01 8.800000e-04 3.477400e-01
453 6.512520e-01 8.040000e-04 3.479440e-01
454 6.511960e-01 7.200000e-04 3.480840e-01
455 6.510680e-01 7.240000e-04 3.482080e-01
456 6.509120e-01 7.480000e-04 3.483400e-01
457 6.507800e-01 7.560000e-04 3.484640e-01
458 6.506680e-01 7.640000e-04 3.485680e-01
459 6.505480e-01 7.680000e-04 3.486840e-01
460 6.504760e-01 7.040000e-04 3.488200e-01
461 6.504200e-01 6.600000e-04 3.489200e-01
462 6.503240e-01 6.560000e-04 3.490200e-01
463 6.502400e-01 6.080000e-04 3.491520e-01
464 6.501200e-01 6.600000e-04 3.492200e-01
465 6.500040e-01 6.200000e-04 3.493760e-01
466 6.498480e-01 6.760000e-04 3.494760e-01
467 6.497240e-01 6.760000e-04 3.496000e-01
468 6.496200e-01 6.760000e-04 3.497040e-01
469 6.495000e-01 6.560000e-04 3.498440e-01
470 6.494040e-01 6.560000e-04 3.499400e-01
471 6.493280e-01 6.320000e-04 3.500400e-01
472 6.492440e-01 6.120000e-04 3.501440e-01
473 6.491920e-01 5.560000e-04 3.502520e-01
474 6.491520e-01 4.720000e-04 3.503760e-01
475 6.491080e-01 4.280000e-04 3.504640e-01
476 6.490360e-01 4.480000e-04 3.505160e-01
477 6.489520e-01 4.280000e-04 3.506200e-01
478 6.488920e-01 4.000000e-04 3.507080e-01
479 6.488480e-01 3.680000e-04 3.507840e-01
480 6.488200e-01 3.520000e-04 3.508280e-01
481 6.487880e-01 3.080000e-04 3.509040e-01
482 6.487560e-01 2.800000e-04 3.509640e-01
483 6.487080e-01 2.800000e-04 3.510120e-01
484 6.486640e-01 2.800000e-04 3.510560e-01
485 6.485960e-01 3.000000e-04 3.511040e-01
486 6.485520e-01 3.160000e-04 3.511320e-01
487 6.485040e-01 3.080000e-04 3.511880e-01
488 6.484680e-01 2.640000e-04 3.512680e-01
489 6.484440e-01 2.200000e-04 3.513360e-01
490 6.484200e-01 2.040000e-04 3.513760e-01
491 6.483720e-01 2.160000e-04 3.514120e-01
492 6.483320e-01 2.240000e-04 3.514440e-01
493 6.482800e-01 2.320000e-04 3.514880e-01
494 6.482120e-01 2.600000e-04 3.515280e-01
495 6.481880e-01 2.400000e-04 3.515720e-01
496 6.481720e-01 2.080000e-04 3.516200e-01
497 6.481640e-01 1.600000e-04 3.516760e-01
498 6.481200e-01 1.840000e-04 3.516960e-01
499 6.480720e-01 1.920000e-04 3.517360e-01
500 6.480120e-01 2.200000e-04 3.517680e-01
