1 9.991520e-01 7.600000e-04 8.800000e-05
2 9.986280e-01 1.096000e-03 2.760000e-04
3 9.979440e-01 1.548000e-03 5.080000e-04
4 9.971680e-01 1.996000e-03 8.360000e-04
5 9.962760e-01 2.524000e-03 1.200000e-03
6 9.953720e-01 2.932000e-03 1.696000e-03
7 9.944600e-01 3.384000e-03 2.156000e-03
8 9.934880e-01 3.748000e-03 2.764000e-03
9 9.925480e-01 3.924000e-03 3.528000e-03
10 9.915520e-01 4.244000e-03 4.204000e-03
11 9.905600e-01 4.484000e-03 4.956000e-03
12 9.894160e-01 4.808000e-03 5.776000e-03
13 9.884240e-01 4.916000e-03 6.660000e-03
14 9.873080e-01 5.076000e-03 7.616000e-03
15 9.861240e-01 5.404000e-03 8.472000e-03
16 9.849480e-01 5.640000e-03 9.412000e-03
17 9.837600e-01 5.816000e-03 1.042400e-02
18 9.824520e-01 6.012000e-03 1.153600e-02
19 9.811600e-01 6.220000e-03 1.262000e-02
20 9.798840e-01 6.392000e-03 1.372400e-02
21 9.786960e-01 6.536000e-03 1.476800e-02
22 9.774040e-01 6.740000e-03 1.585600e-02
23 9.759600e-01 6.932000e-03 1.710800e-02
24 9.745480e-01 7.080000e-03 1.837200e-02
25 9.732080e-01 7.140000e-03 1.965200e-02
26 9.720560e-01 6.996000e-03 2.094800e-02
27 9.707440e-01 7.088000e-03 2.216800e-02
28 9.694560e-01 7.104000e-03 2.344000e-02
29 9.682240e-01 7.140000e-03 2.463600e-02
30 9.668360e-01 7.244000e-03 2.592000e-02
31 9.655720e-01 7.216000e-03 2.721200e-02
32 9.643360e-01 7.152000e-03 2.851200e-02
33 9.630520e-01 7.128000e-03 2.982000e-02
34 9.618080e-01 7.152000e-03 3.104000e-02
35 9.603800e-01 7.304000e-03 3.231600e-02
36 9.589560e-01 7.408000e-03 3.363600e-02
37 9.576200e-01 7.440000e-03 3.494000e-02
38 9.561480e-01 7.656000e-03 3.619600e-02
39 9.547120e-01 7.700000e-03 3.758800e-02
40 9.532480e-01 7.856000e-03 3.889600e-02
41 9.515280e-01 8.172000e-03 4.030000e-02
42 9.497560e-01 8.424000e-03 4.182000e-02
43 9.480840e-01 8.608000e-03 4.330800e-02
44 9.465520e-01 8.604000e-03 4.484400e-02
45 9.450000e-01 8.664000e-03 4.633600e-02
46 9.434360e-01 8.656000e-03 4.790800e-02
47 9.418600e-01 8.768000e-03 4.937200e-02
48 9.402560e-01 8.836000e-03 5.090800e-02
49 9.385280e-01 8.984000e-03 5.248800e-02
50 9.369280e-01 9.080000e-03 5.399200e-02
51 9.352800e-01 9.140000e-03 5.558000e-02
52 9.336240e-01 9.416000e-03 5.696000e-02
53 9.320240e-01 9.368000e-03 5.860800e-02
54 9.303040e-01 9.516000e-03 6.018000e-02
55 9.287080e-01 9.488000e-03 6.180400e-02
56 9.270600e-01 9.484000e-03 6.345600e-02
57 9.254520e-01 9.312000e-03 6.523600e-02
58 9.239120e-01 9.236000e-03 6.685200e-02
59 9.223240e-01 9.076000e-03 6.860000e-02
60 9.208520e-01 8.852000e-03 7.029600e-02
61 9.193200e-01 8.988000e-03 7.169200e-02
62 9.180120e-01 8.652000e-03 7.333600e-02
63 9.165800e-01 8.644000e-03 7.477600e-02
64 9.150280e-01 8.728000e-03 7.624400e-02
65 9.135160e-01 8.688000e-03 7.779600e-02
66 9.120080e-01 8.716000e-03 7.927600e-02
67 9.104800e-01 8.676000e-03 8.084400e-02
68 9.091120e-01 8.544000e-03 8.234400e-02
69 9.077240e-01 8.476000e-03 8.380000e-02
70 9.062640e-01 8.412000e-03 8.532400e-02
71 9.047080e-01 8.532000e-03 8.676000e-02
72 9.032120e-01 8.436000e-03 8.835200e-02
73 9.018160e-01 8.376000e-03 8.980800e-02
74 9.003440e-01 8.392000e-03 9.126400e-02
75 8.988560e-01 8.404000e-03 9.274000e-02
76 8.974280e-01 8.348000e-03 9.422400e-02
77 8.959240e-01 8.460000e-03 9.561600e-02
78 8.944360e-01 8.456000e-03 9.710800e-02
79 8.929160e-01 8.476000e-03 9.860800e-02
80 8.913960e-01 8.372000e-03 1.002320e-01
81 8.897480e-01 8.432000e-03 1.018200e-01
82 8.882080e-01 8.548000e-03 1.032440e-01
83 8.867440e-01 8.512000e-03 1.047440e-01
84 8.853360e-01 8.372000e-03 1.062920e-01
85 8.839080e-01 8.180000e-03 1.079120e-01
86 8.823560e-01 8.248000e-03 1.093960e-01
87 8.810360e-01 8.160000e-03 1.108040e-01
88 8.795440e-01 8.184000e-03 1.122720e-01
89 8.781840e-01 8.048000e-03 1.137680e-01
90 8.768280e-01 8.008000e-03 1.151640e-01
91 8.754240e-01 8.088000e-03 1.164880e-01
92 8.739560e-01 8.268000e-03 1.177760e-01
93 8.724240e-01 8.356000e-03 1.192200e-01
94 8.709680e-01 8.356000e-03 1.206760e-01
95 8.694600e-01 8.492000e-03 1.220480e-01
96 8.678640e-01 8.448000e-03 1.236880e-01
97 8.665200e-01 8.348000e-03 1.251320e-01
98 8.651120e-01 8.404000e-03 1.264840e-01
99 8.635320e-01 8.432000e-03 1.280360e-01
100 8.620440e-01 8.464000e-03 1.294920e-01
101 8.605080e-01 8.300000e-03 1.311920e-01
102 8.591000e-01 8.280000e-03 1.326200e-01
103 8.576040e-01 8.344000e-03 1.340520e-01
104 8.561680e-01 8.396000e-03 1.354360e-01
105 8.546400e-01 8.460000e-03 1.369000e-01
106 8.530240e-01 8.620000e-03 1.383560e-01
107 8.515440e-01 8.524000e-03 1.399320e-01
108 8.500520e-01 8.580000e-03 1.413680e-01
109 8.485120e-01 8.712000e-03 1.427760e-01
110 8.470880e-01 8.544000e-03 1.443680e-01
111 8.454880e-01 8.744000e-03 1.457680e-01
112 8.437560e-01 8.968000e-03 1.472760e-01
113 8.422360e-01 8.928000e-03 1.488360e-01
114 8.405840e-01 8.912000e-03 1.505040e-01
115 8.390480e-01 8.768000e-03 1.521840e-01
116 8.376760e-01 8.552000e-03 1.537720e-01
117 8.363480e-01 8.500000e-03 1.551520e-01
118 8.348680e-01 8.300000e-03 1.568320e-01
119 8.334680e-01 8.132000e-03 1.584000e-01
120 8.320280e-01 8.144000e-03 1.598280e-01
121 8.306440e-01 8.084000e-03 1.612720e-01
122 8.291200e-01 8.168000e-03 1.627120e-01
123 8.275640e-01 8.300000e-03 1.641360e-01
124 8.260320e-01 8.372000e-03 1.655960e-01
125 8.245760e-01 8.364000e-03 1.670600e-01
126 8.230760e-01 8.460000e-03 1.684640e-01
127 8.217720e-01 8.224000e-03 1.700040e-01
128 8.203440e-01 8.292000e-03 1.713640e-01
129 8.188640e-01 8.288000e-03 1.728480e-01
130 8.175480e-01 8.116000e-03 1.743360e-01
131 8.160960e-01 8.208000e-03 1.756960e-01
132 8.145680e-01 8.352000e-03 1.770800e-01
133 8.131520e-01 8.212000e-03 1.786360e-01
134 8.117760e-01 8.100000e-03 1.801240e-01
135 8.104680e-01 8.024000e-03 1.815080e-01
136 8.091720e-01 7.972000e-03 1.828560e-01
137 8.077080e-01 7.888000e-03 1.844040e-01
138 8.063080e-01 8.020000e-03 1.856720e-01
139 8.049920e-01 7.944000e-03 1.870640e-01
140 8.035920e-01 7.968000e-03 1.884400e-01
141 8.023800e-01 7.696000e-03 1.899240e-01
142 8.011640e-01 7.520000e-03 1.913160e-01
143 7.999560e-01 7.432000e-03 1.926120e-01
144 7.986720e-01 7.376000e-03 1.939520e-01
145 7.972960e-01 7.504000e-03 1.952000e-01
146 7.960040e-01 7.552000e-03 1.964440e-01
147 7.945760e-01 7.752000e-03 1.976720e-01
148 7.931240e-01 7.796000e-03 1.990800e-01
149 7.917480e-01 7.764000e-03 2.004880e-01
150 7.903280e-01 7.828000e-03 2.018440e-01
151 7.889040e-01 8.020000e-03 2.030760e-01
152 7.875280e-01 8.124000e-03 2.043480e-01
153 7.861600e-01 7.904000e-03 2.059360e-01
154 7.849360e-01 7.816000e-03 2.072480e-01
155 7.837160e-01 7.560000e-03 2.087240e-01
156 7.825040e-01 7.480000e-03 2.100160e-01
157 7.812960e-01 7.336000e-03 2.113680e-01
158 7.799280e-01 7.388000e-03 2.126840e-01
159 7.786720e-01 7.332000e-03 2.139960e-01
160 7.774600e-01 7.320000e-03 2.152200e-01
161 7.762560e-01 7.364000e-03 2.163800e-01
162 7.749400e-01 7.476000e-03 2.175840e-01
163 7.736720e-01 7.356000e-03 2.189720e-01
164 7.723640e-01 7.376000e-03 2.202600e-01
165 7.710320e-01 7.476000e-03 2.214920e-01
166 7.698640e-01 7.424000e-03 2.227120e-01
167 7.685440e-01 7.436000e-03 2.240200e-01
168 7.673240e-01 7.252000e-03 2.254240e-01
169 7.660160e-01 7.376000e-03 2.266080e-01
170 7.648520e-01 7.292000e-03 2.278560e-01
171 7.635720e-01 7.272000e-03 2.291560e-01
172 7.622840e-01 7.312000e-03 2.304040e-01
173 7.610400e-01 7.148000e-03 2.318120e-01
174 7.598600e-01 6.936000e-03 2.332040e-01
175 7.585520e-01 6.976000e-03 2.344720e-01
176 7.572680e-01 6.992000e-03 2.357400e-01
177 7.559880e-01 7.008000e-03 2.370040e-01
178 7.548640e-01 6.828000e-03 2.383080e-01
179 7.538200e-01 6.680000e-03 2.395000e-01
180 7.524520e-01 6.836000e-03 2.407120e-01
181 7.513440e-01 6.648000e-03 2.420080e-01
182 7.502480e-01 6.652000e-03 2.431000e-01
183 7.490720e-01 6.596000e-03 2.443320e-01
184 7.478960e-01 6.524000e-03 2.455800e-01
185 7.468960e-01 6.388000e-03 2.467160e-01
186 7.457120e-01 6.504000e-03 2.477840e-01
187 7.446320e-01 6.408000e-03 2.489600e-01
188 7.434680e-01 6.456000e-03 2.500760e-01
189 7.424080e-01 6.508000e-03 2.510840e-01
190 7.415120e-01 6.316000e-03 2.521720e-01
191 7.405640e-01 6.200000e-03 2.532360e-01
192 7.396640e-01 5.948000e-03 2.543880e-01
193 7.387240e-01 5.868000e-03 2.554080e-01
194 7.376640e-01 5.940000e-03 2.563960e-01
195 7.365640e-01 5.808000e-03 2.576280e-01
196 7.354880e-01 5.988000e-03 2.585240e-01
197 7.345120e-01 6.020000e-03 2.594680e-01
198 7.333480e-01 6.092000e-03 2.605600e-01
199 7.322320e-01 6.188000e-03 2.615800e-01
200 7.310720e-01 6.292000e-03 2.626360e-01
201 7.299960e-01 6.140000e-03 2.638640e-01
202 7.290560e-01 5.964000e-03 2.649800e-01
203 7.281480e-01 5.788000e-03 2.660640e-01
204 7.272920e-01 5.680000e-03 2.670280e-01
205 7.262000e-01 5.752000e-03 2.680480e-01
206 7.252600e-01 5.736000e-03 2.690040e-01
207 7.243520e-01 5.640000e-03 2.700080e-01
208 7.234040e-01 5.628000e-03 2.709680e-01
209 7.224200e-01 5.588000e-03 2.719920e-01
210 7.214920e-01 5.584000e-03 2.729240e-01
211 7.206040e-01 5.484000e-03 2.739120e-01
212 7.196000e-01 5.576000e-03 2.748240e-01
213 7.186600e-01 5.636000e-03 2.757040e-01
214 7.178400e-01 5.428000e-03 2.767320e-01
215 7.168520e-01 5.460000e-03 2.776880e-01
216 7.160760e-01 5.272000e-03 2.786520e-01
217 7.151560e-01 5.252000e-03 2.795920e-01
218 7.143040e-01 5.244000e-03 2.804520e-01
219 7.135440e-01 5.116000e-03 2.813400e-01
220 7.127400e-01 4.988000e-03 2.822720e-01
221 7.119320e-01 4.972000e-03 2.830960e-01
222 7.111680e-01 4.920000e-03 2.839120e-01
223 7.104040e-01 4.716000e-03 2.848800e-01
224 7.095480e-01 4.748000e-03 2.857040e-01
225 7.086600e-01 4.768000e-03 2.865720e-01
226 7.078480e-01 4.648000e-03 2.875040e-01
227 7.070800e-01 4.560000e-03 2.883600e-01
228 7.062600e-01 4.636000e-03 2.891040e-01
229 7.055240e-01 4.604000e-03 2.898720e-01
230 7.046960e-01 4.636000e-03 2.906680e-01
231 7.038800e-01 4.664000e-03 2.914560e-01
232 7.031280e-01 4.624000e-03 2.922480e-01
233 7.022680e-01 4.576000e-03 2.931560e-01
234 7.015040e-01 4.596000e-03 2.939000e-01
235 7.006800e-01 4.676000e-03 2.946440e-01
236 6.999480e-01 4.576000e-03 2.954760e-01
237 6.992480e-01 4.484000e-03 2.962680e-01
238 6.984240e-01 4.560000e-03 2.970160e-01
239 6.976920e-01 4.552000e-03 2.977560e-01
240 6.969600e-01 4.568000e-03 2.984720e-01
241 6.961920e-01 4.532000e-03 2.992760e-01
242 6.955080e-01 4.412000e-03 3.000800e-01
243 6.947840e-01 4.440000e-03 3.007760e-01
244 6.941040e-01 4.268000e-03 3.016280e-01
245 6.934400e-01 4.236000e-03 3.023240e-01
246 6.926800e-01 4.220000e-03 3.031000e-01
247 6.921320e-01 4.008000e-03 3.038600e-01
248 6.915040e-01 3.884000e-03 3.046120e-01
249 6.908320e-01 3.828000e-03 3.053400e-01
250 6.901480e-01 3.836000e-03 3.060160e-01
251 6.893720e-01 3.912000e-03 3.067160e-01
252 6.886560e-01 3.880000e-03 3.074640e-01
253 6.879400e-01 3.860000e-03 3.082000e-01
254 6.872000e-01 3.984000e-03 3.088160e-01
255 6.865120e-01 4.020000e-03 3.094680e-01
256 6.858280e-01 4.036000e-03 3.101360e-01
257 6.852280e-01 3.964000e-03 3.108080e-01
258 6.846120e-01 3.900000e-03 3.114880e-01
259 6.840480e-01 3.792000e-03 3.121600e-01
260 6.835040e-01 3.636000e-03 3.128600e-01
261 6.828520e-01 3.660000e-03 3.134880e-01
262 6.821920e-01 3.632000e-03 3.141760e-01
263 6.815920e-01 3.616000e-03 3.147920e-01
264 6.809840e-01 3.548000e-03 3.154680e-01
265 6.803920e-01 3.536000e-03 3.160720e-01
266 6.797560e-01 3.600000e-03 3.166440e-01
267 6.790680e-01 3.680000e-03 3.172520e-01
268 6.783920e-01 3.732000e-03 3.178760e-01
269 6.776720e-01 3.728000e-03 3.186000e-01
270 6.769720e-01 3.812000e-03 3.192160e-01
271 6.764320e-01 3.520000e-03 3.200480e-01
272 6.759480e-01 3.412000e-03 3.206400e-01
273 6.753640e-01 3.348000e-03 3.212880e-01
274 6.748120e-01 3.272000e-03 3.219160e-01
275 6.743520e-01 3.168000e-03 3.224800e-01
276 6.738240e-01 3.132000e-03 3.230440e-01
277 6.733400e-01 3.044000e-03 3.236160e-01
278 6.728360e-01 3.088000e-03 3.240760e-01
279 6.723720e-01 3.084000e-03 3.245440e-01
280 6.718720e-01 3.004000e-03 3.251240e-01
281 6.714640e-01 2.980000e-03 3.255560e-01
282 6.709160e-01 2.932000e-03 3.261520e-01
283 6.704440e-01 2.860000e-03 3.266960e-01
284 6.699160e-01 2.876000e-03 3.272080e-01
285 6.693760e-01 2.920000e-03 3.277040e-01
286 6.688080e-01 2.940000e-03 3.282520e-01
287 6.681400e-01 3.048000e-03 3.288120e-01
288 6.676120e-01 3.020000e-03 3.293680e-01
289 6.670360e-01 3.044000e-03 3.299200e-01
290 6.665360e-01 3.020000e-03 3.304440e-01
291 6.660400e-01 2.952000e-03 3.310080e-01
292 6.654240e-01 3.072000e-03 3.315040e-01
293 6.648920e-01 3.044000e-03 3.320640e-01
294 6.643240e-01 3.048000e-03 3.326280e-01
295 6.638720e-01 2.964000e-03 3.331640e-01
296 6.633400e-01 2.944000e-03 3.337160e-01
297 6.627520e-01 3.056000e-03 3.341920e-01
298 6.622600e-01 2.948000e-03 3.347920e-01
299 6.617360e-01 2.988000e-03 3.352760e-01
300 6.611920e-01 3.008000e-03 3.358000e-01
301 6.605640e-01 3.148000e-03 3.362880e-01
302 6.599840e-01 3.232000e-03 3.367840e-01
303 6.594120e-01 3.272000e-03 3.373160e-01
304 6.589040e-01 3.264000e-03 3.378320e-01
305 6.583400e-01 3.244000e-03 3.384160e-01
306 6.578080e-01 3.204000e-03 3.389880e-01
307 6.571960e-01 3.232000e-03 3.395720e-01
308 6.566880e-01 3.188000e-03 3.401240e-01
309 6.562920e-01 3.084000e-03 3.406240e-01
310 6.558440e-01 2.980000e-03 3.411760e-01
311 6.554200e-01 2.968000e-03 3.416120e-01
312 6.549800e-01 2.912000e-03 3.421080e-01
313 6.545720e-01 2.816000e-03 3.426120e-01
314 6.541160e-01 2.820000e-03 3.430640e-01
315 6.535840e-01 2.844000e-03 3.435720e-01
316 6.530400e-01 2.904000e-03 3.440560e-01
317 6.524920e-01 2.976000e-03 3.445320e-01
318 6.519320e-01 3.008000e-03 3.450600e-01
319 6.514920e-01 2.860000e-03 3.456480e-01
320 6.510520e-01 2.776000e-03 3.461720e-01
321 6.506440e-01 2.688000e-03 3.466680e-01
322 6.502240e-01 2.644000e-03 3.471320e-01
323 6.498640e-01 2.564000e-03 3.475720e-01
324 6.493920e-01 2.580000e-03 3.480280e-01
325 6.489360e-01 2.624000e-03 3.484400e-01
326 6.485120e-01 2.544000e-03 3.489440e-01
327 6.480880e-01 2.492000e-03 3.494200e-01
328 6.476240e-01 2.632000e-03 3.497440e-01
329 6.470600e-01 2.800000e-03 3.501400e-01
330 6.465120e-01 2.816000e-03 3.506720e-01
331 6.459920e-01 2.872000e-03 3.511360e-01
332 6.454840e-01 2.852000e-03 3.516640e-01
333 6.450280e-01 2.868000e-03 3.521040e-01
334 6.445360e-01 2.876000e-03 3.525880e-01
335 6.439280e-01 3.008000e-03 3.530640e-01
336 6.434320e-01 2.996000e-03 3.535720e-01
337 6.428920e-01 2.972000e-03 3.541360e-01
338 6.424000e-01 2.948000e-03 3.546520e-01
339 6.418920e-01 2.944000e-03 3.551640e-01
340 6.414160e-01 2.996000e-03 3.555880e-01
341 6.409040e-01 2.992000e-03 3.561040e-01
342 6.404800e-01 2.908000e-03 3.566120e-01
343 6.399600e-01 2.948000e-03 3.570920e-01
344 6.394080e-01 3.016000e-03 3.575760e-01
345 6.389760e-01 2.932000e-03 3.580920e-01
346 6.383840e-01 3.000000e-03 3.586160e-01
347 6.378960e-01 2.964000e-03 3.591400e-01
348 6.373640e-01 3.024000e-03 3.596120e-01
349 6.368880e-01 3.012000e-03 3.601000e-01
350 6.363520e-01 3.068000e-03 3.605800e-01
351 6.357760e-01 3.056000e-03 3.611680e-01
352 6.352920e-01 3.016000e-03 3.616920e-01
353 6.348600e-01 2.924000e-03 3.622160e-01
354 6.343840e-01 2.948000e-03 3.626680e-01
355 6.338720e-01 2.976000e-03 3.631520e-01
356 6.334720e-01 2.876000e-03 3.636520e-01
357 6.329760e-01 2.800000e-03 3.642240e-01
358 6.325320e-01 2.744000e-03 3.647240e-01
359 6.321720e-01 2.576000e-03 3.652520e-01
360 6.318720e-01 2.368000e-03 3.657600e-01
361 6.315080e-01 2.284000e-03 3.662080e-01
362 6.310800e-01 2.320000e-03 3.666000e-01
363 6.306640e-01 2.332000e-03 3.670040e-01
364 6.302000e-01 2.388000e-03 3.674120e-01
365 6.297880e-01 2.384000e-03 3.678280e-01
366 6.293520e-01 2.392000e-03 3.682560e-01
367 6.289240e-01 2.352000e-03 3.687240e-01
368 6.285200e-01 2.400000e-03 3.690800e-01
369 6.280520e-01 2.444000e-03 3.695040e-01
370 6.276880e-01 2.408000e-03 3.699040e-01
371 6.273520e-01 2.356000e-03 3.702920e-01
372 6.269800e-01 2.236000e-03 3.707840e-01
373 6.265880e-01 2.156000e-03 3.712560e-01
374 6.262240e-01 2.164000e-03 3.716120e-01
375 6.258880e-01 2.128000e-03 3.719840e-01
376 6.255040e-01 2.152000e-03 3.723440e-01
377 6.250800e-01 2.208000e-03 3.727120e-01
378 6.246880e-01 2.256000e-03 3.730560e-01
379 6.243000e-01 2.248000e-03 3.734520e-01
380 6.239120e-01 2.268000e-03 3.738200e-01
381 6.235440e-01 2.228000e-03 3.742280e-01
382 6.231560e-01 2.228000e-03 3.746160e-01
383 6.228000e-01 2.180000e-03 3.750200e-01
384 6.223720e-01 2.268000e-03 3.753600e-01
385 6.219280e-01 2.304000e-03 3.757680e-01
386 6.215160e-01 2.320000e-03 3.761640e-01
387 6.211560e-01 2.304000e-03 3.765400e-01
388 6.207040e-01 2.320000e-03 3.769760e-01
389 6.202640e-01 2.304000e-03 3.774320e-01
390 6.198520e-01 2.400000e-03 3.777480e-01
391 6.194400e-01 2.368000e-03 3.781920e-01
392 6.191160e-01 2.328000e-03 3.785560e-01
393 6.187520e-01 2.340000e-03 3.789080e-01
394 6.184200e-01 2.280000e-03 3.793000e-01
395 6.182200e-01 2.132000e-03 3.796480e-01
396 6.179760e-01 2.060000e-03 3.799640e-01
397 6.176680e-01 1.960000e-03 3.803720e-01
398 6.173560e-01 1.940000e-03 3.807040e-01
399 6.170920e-01 1.876000e-03 3.810320e-01
400 6.168280e-01 1.784000e-03 3.813880e-01
401 6.166240e-01 1.668000e-03 3.817080e-01
402 6.164280e-01 1.476000e-03 3.820960e-01
403 6.161600e-01 1.492000e-03 3.823480e-01
404 6.158840e-01 1.480000e-03 3.826360e-01
405 6.156320e-01 1.500000e-03 3.828680e-01
406 6.154240e-01 1.456000e-03 3.831200e-01
407 6.151960e-01 1.428000e-03 3.833760e-01
408 6.149800e-01 1.424000e-03 3.835960e-01
409 6.147400e-01 1.452000e-03 3.838080e-01
410 6.144520e-01 1.412000e-03 3.841360e-01
411 6.141680e-01 1.432000e-03 3.844000e-01
412 6.138600e-01 1.448000e-03 3.846920e-01
413 6.135400e-01 1.540000e-03 3.849200e-01
414 6.132880e-01 1.556000e-03 3.851560e-01
415 6.130320e-01 1.520000e-03 3.854480e-01
416 6.128360e-01 1.464000e-03 3.857000e-01
417 6.126080e-01 1.440000e-03 3.859520e-01
418 6.124000e-01 1.396000e-03 3.862040e-01
419 6.121720e-01 1.380000e-03 3.864480e-01
420 6.119600e-01 1.404000e-03 3.866360e-01
421 6.116720e-01 1.396000e-03 3.869320e-01
422 6.115000e-01 1.320000e-03 3.871800e-01
423 6.112640e-01 1.412000e-03 3.873240e-01
424 6.110920e-01 1.332000e-03 3.875760e-01
425 6.109480e-01 1.244000e-03 3.878080e-01
426 6.107400e-01 1.244000e-03 3.880160e-01
427 6.105960e-01 1.224000e-03 3.881800e-01
428 6.104120e-01 1.196000e-03 3.883920e-01
429 6.102840e-01 1.116000e-03 3.886000e-01
430 6.100440e-01 1.156000e-03 3.888000e-01
431 6.099040e-01 1.056000e-03 3.890400e-01
432 6.097480e-01 1.040000e-03 3.892120e-01
433 6.096040e-01 1.008000e-03 3.893880e-01
434 6.094280e-01 1.072000e-03 3.895000e-01
435 6.092600e-01 1.024000e-03 3.897160e-01
436 6.090760e-01 1.084000e-03 3.898400e-01
437 6.088920e-01 1.080000e-03 3.900280e-01
438 6.086760e-01 1.064000e-03 3.902600e-01
439 6.084840e-01 1.012000e-03 3.905040e-01
440 6.082880e-01 1.044000e-03 3.906680e-01
441 6.080960e-01 1.068000e-03 3.908360e-01
442 6.079240e-01 1.052000e-03 3.910240e-01
443 6.077680e-01 1.028000e-03 3.912040e-01
444 6.076360e-01 9.840000e-04 3.913800e-01
445 6.074560e-01 9.840000e-04 3.915600e-01
446 6.072880e-01 9.560000e-04 3.917560e-01
447 6.070800e-01 1.016000e-03 3.919040e-01
448 6.069480e-01 9.560000e-04 3.920960e-01
449 6.068720e-01 8.920000e-04 3.922360e-01
450 6.067440e-01 8.760000e-04 3.923800e-01
451 6.066160e-01 8.440000e-04 3.925400e-01
452 6.064920e-01 8.440000e-04 3.926640e-01
453 6.063480e-01 8.200000e-04 3.928320e-01
454 6.062440e-01 8.040000e-04 3.929520e-01
455 6.060760e-01 7.960000e-04 3.931280e-01
456 6.059840e-01 7.240000e-04 3.932920e-01
457 6.058920e-01 6.880000e-04 3.934200e-01
458 6.057920e-01 6.720000e-04 3.935360e-01
459 6.057200e-01 6.080000e-04 3.936720e-01
460 6.056120e-01 6.040000e-04 3.937840e-01
461 6.055320e-01 5.840000e-04 3.938840e-01
462 6.054320e-01 5.880000e-04 3.939800e-01
463 6.053200e-01 5.880000e-04 3.940920e-01
464 6.051920e-01 6.160000e-04 3.941920e-01
465 6.050880e-01 6.200000e-04 3.942920e-01
466 6.049400e-01 6.160000e-04 3.944440e-01
467 6.048320e-01 6.280000e-04 3.945400e-01
468 6.047240e-01 6.240000e-04 3.946520e-01
469 6.046080e-01 6.520000e-04 3.947400e-01
470 6.044760e-01 7.080000e-04 3.948160e-01
471 6.043520e-01 7.360000e-04 3.949120e-01
472 6.042480e-01 7.200000e-04 3.950320e-01
473 6.041560e-01 7.000000e-04 3.951440e-01
474 6.039960e-01 7.600000e-04 3.952440e-01
475 6.038760e-01 7.600000e-04 3.953640e-01
476 6.037680e-01 7.520000e-04 3.954800e-01
477 6.036000e-01 8.160000e-04 3.955840e-01
478 6.034280e-01 8.680000e-04 3.957040e-01
479 6.032920e-01 8.720000e-04 3.958360e-01
480 6.031200e-01 9.000000e-04 3.959800e-01
481 6.029880e-01 8.800000e-04 3.961320e-01
482 6.028480e-01 8.760000e-04 3.962760e-01
483 6.026600e-01 8.920000e-04 3.964480e-01
484 6.025400e-01 8.640000e-04 3.965960e-01
485 6.024080e-01 8.360000e-04 3.967560e-01
486 6.022560e-01 8.440000e-04 3.969000e-01
487 6.020720e-01 8.520000e-04 3.970760e-01
488 6.019000e-01 8.920000e-04 3.972080e-01
489 6.017880e-01 8.840000e-04 3.973280e-01
490 6.016680e-01 8.960000e-04 3.974360e-01
491 6.015280e-01 8.600000e-04 3.976120e-01
492 6.013880e-01 8.000000e-04 3.978120e-01
493 6.012480e-01 7.920000e-04 3.979600e-01
494 6.011160e-01 7.760000e-04 3.981080e-01
495 6.009880e-01 7.800000e-04 3.982320e-01
496 6.008000e-01 8.480000e-04 3.983520e-01
497 6.006720e-01 8.520000e-04 3.984760e-01
498 6.005320e-01 8.320000e-04 3.986360e-01
499 6.003720e-01 8.320000e-04 3.987960e-01
500 6.002960e-01 7.600000e-04 3.989440e-01
