1 9.992440e-01 6.640000e-04 9.200000e-05
2 9.987760e-01 9.920000e-04 2.320000e-04
3 9.981520e-01 1.372000e-03 4.760000e-04
4 9.973960e-01 1.820000e-03 7.840000e-04
5 9.966040e-01 2.244000e-03 1.152000e-03
6 9.958160e-01 2.616000e-03 1.568000e-03
7 9.949280e-01 3.008000e-03 2.064000e-03
8 9.939920e-01 3.364000e-03 2.644000e-03
9 9.930480e-01 3.716000e-03 3.236000e-03
10 9.919840e-01 4.084000e-03 3.932000e-03
11 9.908160e-01 4.500000e-03 4.684000e-03
12 9.895640e-01 4.880000e-03 5.556000e-03
13 9.883400e-01 5.232000e-03 6.428000e-03
14 9.870280e-01 5.552000e-03 7.420000e-03
15 9.858040e-01 5.936000e-03 8.260000e-03
16 9.846200e-01 6.000000e-03 9.380000e-03
17 9.834240e-01 6.108000e-03 1.046800e-02
18 9.821520e-01 6.296000e-03 1.155200e-02
19 9.807640e-01 6.520000e-03 1.271600e-02
20 9.794080e-01 6.736000e-03 1.385600e-02
21 9.779480e-01 6.920000e-03 1.513200e-02
22 9.766920e-01 6.908000e-03 1.640000e-02
23 9.754280e-01 6.920000e-03 1.765200e-02
24 9.739960e-01 7.072000e-03 1.893200e-02
25 9.725880e-01 7.316000e-03 2.009600e-02
26 9.711600e-01 7.368000e-03 2.147200e-02
27 9.695600e-01 7.608000e-03 2.283200e-02
28 9.680240e-01 7.728000e-03 2.424800e-02
29 9.662560e-01 8.080000e-03 2.566400e-02
30 9.647520e-01 8.120000e-03 2.712800e-02
31 9.632240e-01 8.124000e-03 2.865200e-02
32 9.617600e-01 8.224000e-03 3.001600e-02
33 9.602600e-01 8.324000e-03 3.141600e-02
34 9.587800e-01 8.380000e-03 3.284000e-02
35 9.573640e-01 8.340000e-03 3.429600e-02
36 9.558320e-01 8.448000e-03 3.572000e-02
37 9.543000e-01 8.468000e-03 3.723200e-02
38 9.526240e-01 8.720000e-03 3.865600e-02
39 9.509320e-01 8.896000e-03 4.017200e-02
40 9.495080e-01 8.752000e-03 4.174000e-02
41 9.480680e-01 8.700000e-03 4.323200e-02
42 9.466960e-01 8.468000e-03 4.483600e-02
43 9.452920e-01 8.452000e-03 4.625600e-02
44 9.438080e-01 8.484000e-03 4.770800e-02
45 9.421320e-01 8.680000e-03 4.918800e-02
46 9.402960e-01 8.932000e-03 5.077200e-02
47 9.386840e-01 8.924000e-03 5.239200e-02
48 9.369560e-01 9.084000e-03 5.396000e-02
49 9.351600e-01 9.312000e-03 5.552800e-02
50 9.334400e-01 9.444000e-03 5.711600e-02
51 9.315440e-01 9.784000e-03 5.867200e-02
52 9.295880e-01 9.944000e-03 6.046800e-02
53 9.279360e-01 9.864000e-03 6.220000e-02
54 9.264200e-01 9.760000e-03 6.382000e-02
55 9.246280e-01 9.780000e-03 6.559200e-02
56 9.229600e-01 9.700000e-03 6.734000e-02
57 9.212640e-01 9.620000e-03 6.911600e-02
58 9.196560e-01 9.564000e-03 7.078000e-02
59 9.180440e-01 9.556000e-03 7.240000e-02
60 9.163320e-01 9.620000e-03 7.404800e-02
61 9.146000e-01 9.628000e-03 7.577200e-02
62 9.129400e-01 9.536000e-03 7.752400e-02
63 9.111080e-01 9.704000e-03 7.918800e-02
64 9.094520e-01 9.660000e-03 8.088800e-02
65 9.077080e-01 9.540000e-03 8.275200e-02
66 9.059800e-01 9.632000e-03 8.438800e-02
67 9.042400e-01 9.608000e-03 8.615200e-02
68 9.025040e-01 9.752000e-03 8.774400e-02
69 9.007640e-01 9.788000e-03 8.944800e-02
70 8.989440e-01 9.900000e-03 9.115600e-02
71 8.971760e-01 9.876000e-03 9.294800e-02
72 8.954200e-01 9.916000e-03 9.466400e-02
73 8.935960e-01 1.000000e-02 9.640400e-02
74 8.918720e-01 9.912000e-03 9.821600e-02
75 8.902880e-01 9.764000e-03 9.994800e-02
76 8.887000e-01 9.532000e-03 1.017680e-01
77 8.872280e-01 9.428000e-03 1.033440e-01
78 8.854880e-01 9.552000e-03 1.049600e-01
79 8.839600e-01 9.556000e-03 1.064840e-01
80 8.823920e-01 9.588000e-03 1.080200e-01
81 8.808000e-01 9.536000e-03 1.096640e-01
82 8.791400e-01 9.528000e-03 1.113320e-01
83 8.774520e-01 9.588000e-03 1.129600e-01
84 8.757920e-01 9.576000e-03 1.146320e-01
85 8.743360e-01 9.348000e-03 1.163160e-01
86 8.727160e-01 9.448000e-03 1.178360e-01
87 8.710640e-01 9.568000e-03 1.193680e-01
88 8.694320e-01 9.504000e-03 1.210640e-01
89 8.679760e-01 9.228000e-03 1.227960e-01
90 8.662880e-01 9.292000e-03 1.244200e-01
91 8.647440e-01 9.148000e-03 1.261080e-01
92 8.631400e-01 9.264000e-03 1.275960e-01
93 8.616960e-01 9.076000e-03 1.292280e-01
94 8.601720e-01 9.112000e-03 1.307160e-01
95 8.585920e-01 9.112000e-03 1.322960e-01
96 8.569000e-01 9.300000e-03 1.338000e-01
97 8.551480e-01 9.484000e-03 1.353680e-01
98 8.536320e-01 9.352000e-03 1.370160e-01
99 8.520000e-01 9.312000e-03 1.386880e-01
100 8.504320e-01 9.108000e-03 1.404600e-01
101 8.490040e-01 9.012000e-03 1.419840e-01
102 8.475960e-01 8.844000e-03 1.435600e-01
103 8.461200e-01 8.880000e-03 1.450000e-01
104 8.445720e-01 8.928000e-03 1.465000e-01
105 8.429600e-01 9.064000e-03 1.479760e-01
106 8.414400e-01 9.032000e-03 1.495280e-01
107 8.399560e-01 8.924000e-03 1.511200e-01
108 8.385560e-01 8.804000e-03 1.526400e-01
109 8.370360e-01 8.744000e-03 1.542200e-01
110 8.356480e-01 8.528000e-03 1.558240e-01
111 8.342440e-01 8.372000e-03 1.573840e-01
112 8.327800e-01 8.320000e-03 1.589000e-01
113 8.314840e-01 8.196000e-03 1.603200e-01
114 8.300320e-01 8.132000e-03 1.618360e-01
115 8.285840e-01 8.236000e-03 1.631800e-01
116 8.272880e-01 8.068000e-03 1.646440e-01
117 8.259800e-01 7.900000e-03 1.661200e-01
118 8.247080e-01 7.860000e-03 1.674320e-01
119 8.233240e-01 7.952000e-03 1.687240e-01
120 8.219560e-01 7.820000e-03 1.702240e-01
121 8.206400e-01 7.924000e-03 1.714360e-01
122 8.191960e-01 7.996000e-03 1.728080e-01
123 8.178800e-01 7.988000e-03 1.741320e-01
124 8.166200e-01 7.880000e-03 1.755000e-01
125 8.151600e-01 7.976000e-03 1.768640e-01
126 8.136640e-01 8.112000e-03 1.782240e-01
127 8.121200e-01 8.352000e-03 1.795280e-01
128 8.106640e-01 8.228000e-03 1.811080e-01
129 8.092520e-01 8.240000e-03 1.825080e-01
130 8.079520e-01 8.060000e-03 1.839880e-01
131 8.066600e-01 7.924000e-03 1.854160e-01
132 8.053280e-01 7.940000e-03 1.867320e-01
133 8.038800e-01 7.908000e-03 1.882120e-01
134 8.026160e-01 7.888000e-03 1.894960e-01
135 8.012480e-01 7.864000e-03 1.908880e-01
136 7.998440e-01 7.900000e-03 1.922560e-01
137 7.984440e-01 7.920000e-03 1.936360e-01
138 7.969800e-01 7.912000e-03 1.951080e-01
139 7.955080e-01 8.084000e-03 1.964080e-01
140 7.940120e-01 8.140000e-03 1.978480e-01
141 7.923840e-01 8.216000e-03 1.994000e-01
142 7.910320e-01 8.144000e-03 2.008240e-01
143 7.896360e-01 8.176000e-03 2.021880e-01
144 7.881880e-01 8.188000e-03 2.036240e-01
145 7.866920e-01 8.260000e-03 2.050480e-01
146 7.852880e-01 8.300000e-03 2.064120e-01
147 7.837920e-01 8.280000e-03 2.079280e-01
148 7.823360e-01 8.300000e-03 2.093640e-01
149 7.808480e-01 8.324000e-03 2.108280e-01
150 7.793880e-01 8.332000e-03 2.122800e-01
151 7.779920e-01 8.312000e-03 2.136960e-01
152 7.764440e-01 8.364000e-03 2.151920e-01
153 7.750360e-01 8.356000e-03 2.166080e-01
154 7.736920e-01 8.280000e-03 2.180280e-01
155 7.721800e-01 8.328000e-03 2.194920e-01
156 7.708240e-01 8.204000e-03 2.209720e-01
157 7.694920e-01 8.136000e-03 2.223720e-01
158 7.681360e-01 8.060000e-03 2.238040e-01
159 7.668840e-01 7.740000e-03 2.253760e-01
160 7.656120e-01 7.464000e-03 2.269240e-01
161 7.643560e-01 7.404000e-03 2.282400e-01
162 7.630920e-01 7.300000e-03 2.296080e-01
163 7.618480e-01 7.280000e-03 2.308720e-01
164 7.606400e-01 7.288000e-03 2.320720e-01
165 7.592560e-01 7.440000e-03 2.333040e-01
166 7.579800e-01 7.496000e-03 2.345240e-01
167 7.567920e-01 7.388000e-03 2.358200e-01
168 7.555960e-01 7.220000e-03 2.371840e-01
169 7.544280e-01 7.060000e-03 2.385120e-01
170 7.532320e-01 7.048000e-03 2.397200e-01
171 7.521200e-01 6.960000e-03 2.409200e-01
172 7.508880e-01 6.984000e-03 2.421280e-01
173 7.497160e-01 6.948000e-03 2.433360e-01
174 7.485560e-01 6.956000e-03 2.444880e-01
175 7.472560e-01 7.008000e-03 2.457360e-01
176 7.461560e-01 6.872000e-03 2.469720e-01
177 7.450520e-01 6.748000e-03 2.482000e-01
178 7.439360e-01 6.692000e-03 2.493720e-01
179 7.427080e-01 6.748000e-03 2.505440e-01
180 7.416280e-01 6.676000e-03 2.516960e-01
181 7.404560e-01 6.616000e-03 2.529280e-01
182 7.393560e-01 6.420000e-03 2.542240e-01
183 7.381840e-01 6.532000e-03 2.552840e-01
184 7.369840e-01 6.560000e-03 2.564560e-01
185 7.359400e-01 6.432000e-03 2.576280e-01
186 7.347680e-01 6.536000e-03 2.586960e-01
187 7.337280e-01 6.540000e-03 2.597320e-01
188 7.327640e-01 6.428000e-03 2.608080e-01
189 7.317240e-01 6.404000e-03 2.618720e-01
190 7.307520e-01 6.192000e-03 2.630560e-01
191 7.297520e-01 6.084000e-03 2.641640e-01
192 7.288680e-01 5.864000e-03 2.652680e-01
193 7.280120e-01 5.720000e-03 2.662680e-01
194 7.270680e-01 5.688000e-03 2.672440e-01
195 7.262400e-01 5.484000e-03 2.682760e-01
196 7.252640e-01 5.548000e-03 2.691880e-01
197 7.243440e-01 5.560000e-03 2.700960e-01
198 7.234280e-01 5.552000e-03 2.710200e-01
199 7.225520e-01 5.476000e-03 2.719720e-01
200 7.216200e-01 5.356000e-03 2.730240e-01
201 7.207800e-01 5.324000e-03 2.738960e-01
202 7.198760e-01 5.300000e-03 2.748240e-01
203 7.189480e-01 5.352000e-03 2.757000e-01
204 7.178800e-01 5.488000e-03 2.766320e-01
205 7.168200e-01 5.632000e-03 2.775480e-01
206 7.158200e-01 5.580000e-03 2.786000e-01
207 7.148400e-01 5.616000e-03 2.795440e-01
208 7.138440e-01 5.660000e-03 2.804960e-01
209 7.129080e-01 5.576000e-03 2.815160e-01
210 7.119960e-01 5.516000e-03 2.824880e-01
211 7.111800e-01 5.468000e-03 2.833520e-01
212 7.102440e-01 5.420000e-03 2.843360e-01
213 7.094840e-01 5.220000e-03 2.852960e-01
214 7.087600e-01 4.944000e-03 2.862960e-01
215 7.079800e-01 4.868000e-03 2.871520e-01
216 7.070800e-01 4.920000e-03 2.880000e-01
217 7.063160e-01 4.840000e-03 2.888440e-01
218 7.054680e-01 4.888000e-03 2.896440e-01
219 7.045800e-01 4.932000e-03 2.904880e-01
220 7.036720e-01 4.904000e-03 2.914240e-01
221 7.028640e-01 4.932000e-03 2.922040e-01
222 7.020280e-01 4.888000e-03 2.930840e-01
223 7.012480e-01 4.824000e-03 2.939280e-01
224 7.006000e-01 4.676000e-03 2.947240e-01
225 6.998600e-01 4.540000e-03 2.956000e-01
226 6.991960e-01 4.416000e-03 2.963880e-01
227 6.985320e-01 4.344000e-03 2.971240e-01
228 6.978960e-01 4.240000e-03 2.978640e-01
229 6.972480e-01 4.092000e-03 2.986600e-01
230 6.965320e-01 4.160000e-03 2.993080e-01
231 6.959480e-01 4.028000e-03 3.000240e-01
232 6.952640e-01 4.004000e-03 3.007320e-01
233 6.945840e-01 3.944000e-03 3.014720e-01
234 6.939840e-01 3.904000e-03 3.021120e-01
235 6.933840e-01 3.792000e-03 3.028240e-01
236 6.926400e-01 3.776000e-03 3.035840e-01
237 6.920360e-01 3.720000e-03 3.042440e-01
238 6.914240e-01 3.748000e-03 3.048280e-01
239 6.908360e-01 3.764000e-03 3.054000e-01
240 6.901800e-01 3.788000e-03 3.060320e-01
241 6.894920e-01 3.828000e-03 3.066800e-01
242 6.887160e-01 4.000000e-03 3.072840e-01
243 6.879560e-01 4.056000e-03 3.079880e-01
244 6.872600e-01 4.048000e-03 3.086920e-01
245 6.864600e-01 4.128000e-03 3.094120e-01
246 6.857320e-01 4.060000e-03 3.102080e-01
247 6.849920e-01 4.096000e-03 3.109120e-01
248 6.842680e-01 4.112000e-03 3.116200e-01
249 6.835280e-01 4.172000e-03 3.123000e-01
250 6.829000e-01 4.112000e-03 3.129880e-01
251 6.821000e-01 4.184000e-03 3.137160e-01
252 6.813640e-01 4.200000e-03 3.144360e-01
253 6.806040e-01 4.208000e-03 3.151880e-01
254 6.798040e-01 4.268000e-03 3.159280e-01
255 6.789400e-01 4.316000e-03 3.167440e-01
256 6.781880e-01 4.396000e-03 3.174160e-01
257 6.773160e-01 4.536000e-03 3.181480e-01
258 6.765600e-01 4.480000e-03 3.189600e-01
259 6.756720e-01 4.516000e-03 3.198120e-01
260 6.748840e-01 4.540000e-03 3.205760e-01
261 6.740720e-01 4.532000e-03 3.213960e-01
262 6.732000e-01 4.612000e-03 3.221880e-01
263 6.722880e-01 4.768000e-03 3.229440e-01
264 6.715400e-01 4.704000e-03 3.237560e-01
265 6.707960e-01 4.720000e-03 3.244840e-01
266 6.700920e-01 4.516000e-03 3.253920e-01
267 6.694240e-01 4.428000e-03 3.261480e-01
268 6.687920e-01 4.388000e-03 3.268200e-01
269 6.681920e-01 4.268000e-03 3.275400e-01
270 6.674720e-01 4.144000e-03 3.283840e-01
271 6.668360e-01 4.064000e-03 3.291000e-01
272 6.661520e-01 4.028000e-03 3.298200e-01
273 6.654560e-01 4.044000e-03 3.305000e-01
274 6.648560e-01 3.824000e-03 3.313200e-01
275 6.642840e-01 3.812000e-03 3.319040e-01
276 6.635280e-01 3.880000e-03 3.325920e-01
277 6.630160e-01 3.612000e-03 3.333720e-01
278 6.624680e-01 3.544000e-03 3.339880e-01
279 6.619560e-01 3.380000e-03 3.346640e-01
280 6.614320e-01 3.300000e-03 3.352680e-01
281 6.608200e-01 3.364000e-03 3.358160e-01
282 6.602480e-01 3.404000e-03 3.363480e-01
283 6.597320e-01 3.272000e-03 3.369960e-01
284 6.590920e-01 3.364000e-03 3.375440e-01
285 6.586320e-01 3.256000e-03 3.381120e-01
286 6.580720e-01 3.208000e-03 3.387200e-01
287 6.575680e-01 3.124000e-03 3.393080e-01
288 6.569840e-01 3.148000e-03 3.398680e-01
289 6.564440e-01 3.172000e-03 3.403840e-01
290 6.557760e-01 3.308000e-03 3.409160e-01
291 6.552200e-01 3.252000e-03 3.415280e-01
292 6.547080e-01 3.176000e-03 3.421160e-01
293 6.541400e-01 3.200000e-03 3.426600e-01
294 6.534960e-01 3.316000e-03 3.431880e-01
295 6.528880e-01 3.272000e-03 3.438400e-01
296 6.523320e-01 3.280000e-03 3.443880e-01
297 6.518000e-01 3.240000e-03 3.449600e-01
298 6.512720e-01 3.244000e-03 3.454840e-01
299 6.507400e-01 3.268000e-03 3.459920e-01
300 6.502120e-01 3.164000e-03 3.466240e-01
301 6.496520e-01 3.128000e-03 3.472200e-01
302 6.492080e-01 3.060000e-03 3.477320e-01
303 6.487200e-01 3.000000e-03 3.482800e-01
304 6.483520e-01 2.868000e-03 3.487800e-01
305 6.478840e-01 2.832000e-03 3.492840e-01
306 6.473280e-01 2.992000e-03 3.496800e-01
307 6.468560e-01 3.008000e-03 3.501360e-01
308 6.463560e-01 2.968000e-03 3.506760e-01
309 6.459040e-01 2.976000e-03 3.511200e-01
310 6.454480e-01 2.900000e-03 3.516520e-01
311 6.449680e-01 2.880000e-03 3.521520e-01
312 6.444600e-01 2.968000e-03 3.525720e-01
313 6.439760e-01 2.964000e-03 3.530600e-01
314 6.434480e-01 2.996000e-03 3.535560e-01
315 6.429480e-01 3.000000e-03 3.540520e-01
316 6.424120e-01 3.056000e-03 3.545320e-01
317 6.419960e-01 2.904000e-03 3.551000e-01
318 6.415080e-01 2.884000e-03 3.556080e-01
319 6.410640e-01 2.720000e-03 3.562160e-01
320 6.405960e-01 2.664000e-03 3.567400e-01
321 6.401400e-01 2.680000e-03 3.571800e-01
322 6.397320e-01 2.664000e-03 3.576040e-01
323 6.392760e-01 2.716000e-03 3.580080e-01
324 6.387640e-01 2.692000e-03 3.585440e-01
325 6.382880e-01 2.708000e-03 3.590040e-01
326 6.378480e-01 2.608000e-03 3.595440e-01
327 6.374920e-01 2.508000e-03 3.600000e-01
328 6.370800e-01 2.492000e-03 3.604280e-01
329 6.366240e-01 2.532000e-03 3.608440e-01
330 6.362040e-01 2.548000e-03 3.612480e-01
331 6.357720e-01 2.500000e-03 3.617280e-01
332 6.352840e-01 2.580000e-03 3.621360e-01
333 6.348040e-01 2.576000e-03 3.626200e-01
334 6.343480e-01 2.576000e-03 3.630760e-01
335 6.338920e-01 2.560000e-03 3.635480e-01
336 6.334840e-01 2.572000e-03 3.639440e-01
337 6.330560e-01 2.536000e-03 3.644080e-01
338 6.324960e-01 2.736000e-03 3.647680e-01
339 6.319560e-01 2.784000e-03 3.652600e-01
340 6.315040e-01 2.768000e-03 3.657280e-01
341 6.310000e-01 2.776000e-03 3.662240e-01
342 6.304120e-01 2.900000e-03 3.666880e-01
343 6.298360e-01 2.872000e-03 3.672920e-01
344 6.292800e-01 2.872000e-03 3.678480e-01
345 6.287400e-01 2.896000e-03 3.683640e-01
346 6.283320e-01 2.836000e-03 3.688320e-01
347 6.278680e-01 2.808000e-03 3.693240e-01
348 6.273760e-01 2.888000e-03 3.697360e-01
349 6.268920e-01 2.872000e-03 3.702360e-01
350 6.264040e-01 2.880000e-03 3.707160e-01
351 6.258840e-01 2.892000e-03 3.712240e-01
352 6.254560e-01 2.836000e-03 3.717080e-01
353 6.249040e-01 2.936000e-03 3.721600e-01
354 6.244000e-01 2.928000e-03 3.726720e-01
355 6.239280e-01 2.896000e-03 3.731760e-01
356 6.234520e-01 2.912000e-03 3.736360e-01
357 6.229560e-01 2.796000e-03 3.742480e-01
358 6.225200e-01 2.716000e-03 3.747640e-01
359 6.221000e-01 2.692000e-03 3.752080e-01
360 6.217120e-01 2.636000e-03 3.756520e-01
361 6.212160e-01 2.696000e-03 3.760880e-01
362 6.208240e-01 2.600000e-03 3.765760e-01
363 6.203920e-01 2.548000e-03 3.770600e-01
364 6.199880e-01 2.488000e-03 3.775240e-01
365 6.195240e-01 2.556000e-03 3.779200e-01
366 6.190760e-01 2.512000e-03 3.784120e-01
367 6.186680e-01 2.496000e-03 3.788360e-01
368 6.181800e-01 2.552000e-03 3.792680e-01
369 6.177360e-01 2.496000e-03 3.797680e-01
370 6.173800e-01 2.472000e-03 3.801480e-01
371 6.169720e-01 2.444000e-03 3.805840e-01
372 6.166440e-01 2.368000e-03 3.809880e-01
373 6.163160e-01 2.360000e-03 3.813240e-01
374 6.159160e-01 2.352000e-03 3.817320e-01
375 6.154840e-01 2.332000e-03 3.821840e-01
376 6.150800e-01 2.300000e-03 3.826200e-01
377 6.146520e-01 2.344000e-03 3.830040e-01
378 6.142960e-01 2.320000e-03 3.833840e-01
379 6.138760e-01 2.260000e-03 3.838640e-01
380 6.135400e-01 2.188000e-03 3.842720e-01
381 6.131200e-01 2.228000e-03 3.846520e-01
382 6.126560e-01 2.308000e-03 3.850360e-01
383 6.122160e-01 2.272000e-03 3.855120e-01
384 6.117960e-01 2.340000e-03 3.858640e-01
385 6.114440e-01 2.224000e-03 3.863320e-01
386 6.111760e-01 2.136000e-03 3.866880e-01
387 6.108320e-01 2.072000e-03 3.870960e-01
388 6.104200e-01 2.108000e-03 3.874720e-01
389 6.100680e-01 2.068000e-03 3.878640e-01
390 6.097440e-01 1.992000e-03 3.882640e-01
391 6.093720e-01 2.000000e-03 3.886280e-01
392 6.090080e-01 2.016000e-03 3.889760e-01
393 6.087560e-01 1.884000e-03 3.893600e-01
394 6.084280e-01 1.892000e-03 3.896800e-01
395 6.080960e-01 1.908000e-03 3.899960e-01
396 6.077000e-01 1.984000e-03 3.903160e-01
397 6.073600e-01 1.996000e-03 3.906440e-01
398 6.069720e-01 1.960000e-03 3.910680e-01
399 6.066440e-01 1.916000e-03 3.914400e-01
400 6.063040e-01 1.904000e-03 3.917920e-01
401 6.059320e-01 2.012000e-03 3.920560e-01
402 6.055360e-01 2.020000e-03 3.924440e-01
403 6.052560e-01 1.908000e-03 3.928360e-01
404 6.049880e-01 1.848000e-03 3.931640e-01
405 6.046240e-01 1.872000e-03 3.935040e-01
406 6.042920e-01 1.880000e-03 3.938280e-01
407 6.039000e-01 1.960000e-03 3.941400e-01
408 6.034640e-01 2.088000e-03 3.944480e-01
409 6.030920e-01 2.112000e-03 3.947960e-01
410 6.027600e-01 2.072000e-03 3.951680e-01
411 6.024320e-01 2.020000e-03 3.955480e-01
412 6.021080e-01 1.972000e-03 3.959200e-01
413 6.017200e-01 2.052000e-03 3.962280e-01
414 6.013280e-01 2.064000e-03 3.966080e-01
415 6.010440e-01 1.992000e-03 3.969640e-01
416 6.006840e-01 2.004000e-03 3.973120e-01
417 6.003440e-01 2.016000e-03 3.976400e-01
418 5.999920e-01 1.996000e-03 3.980120e-01
419 5.996800e-01 1.988000e-03 3.983320e-01
420 5.994080e-01 1.904000e-03 3.986880e-01
421 5.990560e-01 1.924000e-03 3.990200e-01
422 5.987160e-01 1.960000e-03 3.993240e-01
423 5.984200e-01 1.904000e-03 3.996760e-01
424 5.981120e-01 1.876000e-03 4.000120e-01
425 5.978320e-01 1.836000e-03 4.003320e-01
426 5.975680e-01 1.776000e-03 4.006560e-01
427 5.972600e-01 1.736000e-03 4.010040e-01
428 5.969280e-01 1.772000e-03 4.013000e-01
429 5.966240e-01 1.820000e-03 4.015560e-01
430 5.963560e-01 1.772000e-03 4.018720e-01
431 5.960440e-01 1.768000e-03 4.021880e-01
432 5.957800e-01 1.756000e-03 4.024640e-01
433 5.955560e-01 1.704000e-03 4.027400e-01
434 5.953480e-01 1.628000e-03 4.030240e-01
435 5.951080e-01 1.572000e-03 4.033200e-01
436 5.948200e-01 1.596000e-03 4.035840e-01
437 5.945360e-01 1.608000e-03 4.038560e-01
438 5.942440e-01 1.640000e-03 4.041160e-01
439 5.939240e-01 1.624000e-03 4.044520e-01
440 5.936040e-01 1.696000e-03 4.047000e-01
441 5.933280e-01 1.704000e-03 4.049680e-01
442 5.930040e-01 1.740000e-03 4.052560e-01
443 5.927080e-01 1.704000e-03 4.055880e-01
444 5.924520e-01 1.692000e-03 4.058560e-01
445 5.922080e-01 1.624000e-03 4.061680e-01
446 5.919120e-01 1.596000e-03 4.064920e-01
447 5.916840e-01 1.524000e-03 4.067920e-01
448 5.914520e-01 1.500000e-03 4.070480e-01
449 5.912360e-01 1.404000e-03 4.073600e-01
450 5.910240e-01 1.376000e-03 4.076000e-01
451 5.908120e-01 1.432000e-03 4.077560e-01
452 5.905720e-01 1.464000e-03 4.079640e-01
453 5.903040e-01 1.524000e-03 4.081720e-01
454 5.900200e-01 1.544000e-03 4.084360e-01
455 5.896480e-01 1.604000e-03 4.087480e-01
456 5.894240e-01 1.576000e-03 4.090000e-01
457 5.892040e-01 1.640000e-03 4.091560e-01
458 5.889160e-01 1.636000e-03 4.094480e-01
459 5.886200e-01 1.656000e-03 4.097240e-01
460 5.883800e-01 1.632000e-03 4.099880e-01
461 5.881440e-01 1.616000e-03 4.102400e-01
462 5.879720e-01 1.508000e-03 4.105200e-01
463 5.877640e-01 1.488000e-03 4.107480e-01
464 5.875240e-01 1.468000e-03 4.110080e-01
465 5.873160e-01 1.428000e-03 4.112560e-01
466 5.870480e-01 1.448000e-03 4.115040e-01
467 5.867600e-01 1.484000e-03 4.117560e-01
468 5.865240e-01 1.444000e-03 4.120320e-01
469 5.863120e-01 1.412000e-03 4.122760e-01
470 5.860120e-01 1.456000e-03 4.125320e-01
471 5.857440e-01 1.436000e-03 4.128200e-01
472 5.855080e-01 1.500000e-03 4.129920e-01
473 5.852400e-01 1.528000e-03 4.132320e-01
474 5.850280e-01 1.468000e-03 4.135040e-01
475 5.848200e-01 1.432000e-03 4.137480e-01
476 5.846360e-01 1.352000e-03 4.140120e-01
477 5.844520e-01 1.308000e-03 4.142400e-01
478 5.842480e-01 1.312000e-03 4.144400e-01
479 5.840360e-01 1.304000e-03 4.146600e-01
480 5.838280e-01 1.324000e-03 4.148480e-01
481 5.835840e-01 1.316000e-03 4.151000e-01
482 5.833720e-01 1.288000e-03 4.153400e-01
483 5.830760e-01 1.364000e-03 4.155600e-01
484 5.828280e-01 1.388000e-03 4.157840e-01
485 5.824760e-01 1.468000e-03 4.160560e-01
486 5.822800e-01 1.356000e-03 4.163640e-01
487 5.820280e-01 1.340000e-03 4.166320e-01
488 5.817480e-01 1.396000e-03 4.168560e-01
489 5.814880e-01 1.440000e-03 4.170720e-01
490 5.812200e-01 1.412000e-03 4.173680e-01
491 5.809680e-01 1.392000e-03 4.176400e-01
492 5.807600e-01 1.364000e-03 4.178760e-01
493 5.805480e-01 1.312000e-03 4.181400e-01
494 5.803440e-01 1.304000e-03 4.183520e-01
495 5.801040e-01 1.332000e-03 4.185640e-01
496 5.798240e-01 1.392000e-03 4.187840e-01
497 5.795720e-01 1.420000e-03 4.190080e-01
498 5.793720e-01 1.376000e-03 4.192520e-01
499 5.791360e-01 1.392000e-03 4.194720e-01
500 5.788160e-01 1.440000e-03 4.197440e-01
