1 9.992400e-01 7.040000e-04 5.600000e-05
2 9.987400e-01 1.040000e-03 2.200000e-04
3 9.980040e-01 1.536000e-03 4.600000e-04
4 9.973000e-01 1.908000e-03 7.920000e-04
5 9.965080e-01 2.300000e-03 1.192000e-03
6 9.956720e-01 2.780000e-03 1.548000e-03
7 9.947520e-01 3.180000e-03 2.068000e-03
8 9.938480e-01 3.488000e-03 2.664000e-03
9 9.928160e-01 3.720000e-03 3.464000e-03
10 9.916960e-01 4.256000e-03 4.048000e-03
11 9.906520e-01 4.560000e-03 4.788000e-03
12 9.895360e-01 4.856000e-03 5.608000e-03
13 9.884200e-01 5.136000e-03 6.444000e-03
14 9.871920e-01 5.392000e-03 7.416000e-03
15 9.860720e-01 5.540000e-03 8.388000e-03
16 9.849000e-01 5.688000e-03 9.412000e-03
17 9.838080e-01 5.720000e-03 1.047200e-02
18 9.826040e-01 5.836000e-03 1.156000e-02
19 9.813000e-01 6.156000e-03 1.254400e-02
20 9.797600e-01 6.516000e-03 1.372400e-02
21 9.783800e-01 6.708000e-03 1.491200e-02
22 9.770120e-01 6.900000e-03 1.608800e-02
23 9.756280e-01 7.072000e-03 1.730000e-02
24 9.741720e-01 7.248000e-03 1.858000e-02
25 9.728080e-01 7.340000e-03 1.985200e-02
26 9.713160e-01 7.460000e-03 2.122400e-02
27 9.698960e-01 7.576000e-03 2.252800e-02
28 9.684120e-01 7.716000e-03 2.387200e-02
29 9.668320e-01 8.016000e-03 2.515200e-02
30 9.653040e-01 8.220000e-03 2.647600e-02
31 9.638400e-01 8.264000e-03 2.789600e-02
32 9.622520e-01 8.444000e-03 2.930400e-02
33 9.606400e-01 8.516000e-03 3.084400e-02
34 9.590960e-01 8.472000e-03 3.243200e-02
35 9.576000e-01 8.536000e-03 3.386400e-02
36 9.559000e-01 8.716000e-03 3.538400e-02
37 9.542800e-01 8.832000e-03 3.688800e-02
38 9.526280e-01 8.844000e-03 3.852800e-02
39 9.510560e-01 8.976000e-03 3.996800e-02
40 9.493360e-01 9.228000e-03 4.143600e-02
41 9.476040e-01 9.472000e-03 4.292400e-02
42 9.459120e-01 9.524000e-03 4.456400e-02
43 9.443320e-01 9.556000e-03 4.611200e-02
44 9.426040e-01 9.684000e-03 4.771200e-02
45 9.410320e-01 9.436000e-03 4.953200e-02
46 9.393520e-01 9.412000e-03 5.123600e-02
47 9.377200e-01 9.444000e-03 5.283600e-02
48 9.359840e-01 9.544000e-03 5.447200e-02
49 9.342600e-01 9.492000e-03 5.624800e-02
50 9.326600e-01 9.352000e-03 5.798800e-02
51 9.309640e-01 9.376000e-03 5.966000e-02
52 9.294160e-01 9.328000e-03 6.125600e-02
53 9.279640e-01 9.252000e-03 6.278400e-02
54 9.265640e-01 8.952000e-03 6.448400e-02
55 9.250560e-01 8.780000e-03 6.616400e-02
56 9.235280e-01 8.808000e-03 6.766400e-02
57 9.221040e-01 8.552000e-03 6.934400e-02
58 9.207400e-01 8.416000e-03 7.084400e-02
59 9.193200e-01 8.508000e-03 7.217200e-02
60 9.177840e-01 8.552000e-03 7.366400e-02
61 9.163320e-01 8.588000e-03 7.508000e-02
62 9.149720e-01 8.564000e-03 7.646400e-02
63 9.136360e-01 8.336000e-03 7.802800e-02
64 9.120720e-01 8.420000e-03 7.950800e-02
65 9.105240e-01 8.512000e-03 8.096400e-02
66 9.090280e-01 8.528000e-03 8.244400e-02
67 9.075520e-01 8.468000e-03 8.398000e-02
68 9.060560e-01 8.408000e-03 8.553600e-02
69 9.046440e-01 8.428000e-03 8.692800e-02
70 9.031880e-01 8.404000e-03 8.840800e-02
71 9.014840e-01 8.656000e-03 8.986000e-02
72 8.999720e-01 8.652000e-03 9.137600e-02
73 8.985320e-01 8.684000e-03 9.278400e-02
74 8.969840e-01 8.740000e-03 9.427600e-02
75 8.954480e-01 8.824000e-03 9.572800e-02
76 8.937800e-01 8.964000e-03 9.725600e-02
77 8.922400e-01 8.944000e-03 9.881600e-02
78 8.906360e-01 8.916000e-03 1.004480e-01
79 8.888600e-01 9.080000e-03 1.020600e-01
80 8.873000e-01 9.048000e-03 1.036520e-01
81 8.857240e-01 9.092000e-03 1.051840e-01
82 8.841960e-01 9.016000e-03 1.067880e-01
83 8.825480e-01 9.068000e-03 1.083840e-01
84 8.810080e-01 9.188000e-03 1.098040e-01
85 8.796280e-01 8.844000e-03 1.115280e-01
86 8.782360e-01 8.528000e-03 1.132360e-01
87 8.767480e-01 8.544000e-03 1.147080e-01
88 8.752000e-01 8.616000e-03 1.161840e-01
89 8.736160e-01 8.564000e-03 1.178200e-01
90 8.721440e-01 8.572000e-03 1.192840e-01
91 8.706000e-01 8.712000e-03 1.206880e-01
92 8.692400e-01 8.492000e-03 1.222680e-01
93 8.678880e-01 8.560000e-03 1.235520e-01
94 8.664600e-01 8.532000e-03 1.250080e-01
95 8.650520e-01 8.420000e-03 1.265280e-01
96 8.636560e-01 8.300000e-03 1.280440e-01
97 8.622680e-01 8.344000e-03 1.293880e-01
98 8.607200e-01 8.400000e-03 1.308800e-01
99 8.593600e-01 8.184000e-03 1.324560e-01
100 8.579800e-01 8.252000e-03 1.337680e-01
101 8.565600e-01 8.348000e-03 1.350920e-01
102 8.551200e-01 8.288000e-03 1.365920e-01
103 8.537680e-01 8.108000e-03 1.381240e-01
104 8.524680e-01 8.000000e-03 1.395320e-01
105 8.511240e-01 7.772000e-03 1.411040e-01
106 8.498120e-01 7.800000e-03 1.423880e-01
107 8.484440e-01 7.808000e-03 1.437480e-01
108 8.471280e-01 7.676000e-03 1.451960e-01
109 8.458320e-01 7.704000e-03 1.464640e-01
110 8.443920e-01 7.784000e-03 1.478240e-01
111 8.430240e-01 7.732000e-03 1.492440e-01
112 8.418640e-01 7.564000e-03 1.505720e-01
113 8.405720e-01 7.532000e-03 1.518960e-01
114 8.392920e-01 7.436000e-03 1.532720e-01
115 8.378400e-01 7.588000e-03 1.545720e-01
116 8.366080e-01 7.556000e-03 1.558360e-01
117 8.351800e-01 7.664000e-03 1.571560e-01
118 8.336800e-01 7.828000e-03 1.584920e-01
119 8.320880e-01 8.132000e-03 1.597800e-01
120 8.306760e-01 8.160000e-03 1.611640e-01
121 8.292360e-01 8.204000e-03 1.625600e-01
122 8.279880e-01 7.992000e-03 1.640200e-01
123 8.266920e-01 7.852000e-03 1.654560e-01
124 8.254560e-01 7.728000e-03 1.668160e-01
125 8.241320e-01 7.784000e-03 1.680840e-01
126 8.227480e-01 7.884000e-03 1.693680e-01
127 8.215120e-01 7.840000e-03 1.706480e-01
128 8.202200e-01 7.720000e-03 1.720600e-01
129 8.189400e-01 7.536000e-03 1.735240e-01
130 8.176720e-01 7.500000e-03 1.748280e-01
131 8.164400e-01 7.400000e-03 1.761600e-01
132 8.151520e-01 7.416000e-03 1.774320e-01
133 8.140360e-01 7.300000e-03 1.786640e-01
134 8.127080e-01 7.416000e-03 1.798760e-01
135 8.115880e-01 7.296000e-03 1.811160e-01
136 8.104120e-01 7.288000e-03 1.823000e-01
137 8.090520e-01 7.372000e-03 1.835760e-01
138 8.076920e-01 7.420000e-03 1.848880e-01
139 8.065960e-01 7.320000e-03 1.860840e-01
140 8.053560e-01 7.232000e-03 1.874120e-01
141 8.040280e-01 7.252000e-03 1.887200e-01
142 8.027640e-01 7.260000e-03 1.899760e-01
143 8.014760e-01 7.212000e-03 1.913120e-01
144 8.000520e-01 7.208000e-03 1.927400e-01
145 7.988600e-01 7.284000e-03 1.938560e-01
146 7.975280e-01 7.496000e-03 1.949760e-01
147 7.961920e-01 7.576000e-03 1.962320e-01
148 7.947960e-01 7.732000e-03 1.974720e-01
149 7.934640e-01 7.816000e-03 1.987200e-01
150 7.921640e-01 7.780000e-03 2.000560e-01
151 7.906760e-01 7.944000e-03 2.013800e-01
152 7.893720e-01 7.900000e-03 2.027280e-01
153 7.880880e-01 7.876000e-03 2.040360e-01
154 7.866800e-01 7.924000e-03 2.053960e-01
155 7.854960e-01 7.716000e-03 2.067880e-01
156 7.841640e-01 7.668000e-03 2.081680e-01
157 7.828000e-01 7.664000e-03 2.095360e-01
158 7.813960e-01 7.612000e-03 2.109920e-01
159 7.803320e-01 7.300000e-03 2.123680e-01
160 7.790320e-01 7.316000e-03 2.136520e-01
161 7.779680e-01 7.052000e-03 2.149800e-01
162 7.769040e-01 6.964000e-03 2.161320e-01
163 7.758480e-01 6.792000e-03 2.173600e-01
164 7.747000e-01 6.676000e-03 2.186240e-01
165 7.735800e-01 6.716000e-03 2.197040e-01
166 7.725440e-01 6.652000e-03 2.208040e-01
167 7.714800e-01 6.556000e-03 2.219640e-01
168 7.703760e-01 6.488000e-03 2.231360e-01
169 7.692640e-01 6.432000e-03 2.243040e-01
170 7.681120e-01 6.452000e-03 2.254360e-01
171 7.670760e-01 6.392000e-03 2.265320e-01
172 7.658800e-01 6.640000e-03 2.274800e-01
173 7.647760e-01 6.556000e-03 2.286680e-01
174 7.636480e-01 6.544000e-03 2.298080e-01
175 7.625600e-01 6.392000e-03 2.310480e-01
176 7.614360e-01 6.396000e-03 2.321680e-01
177 7.603520e-01 6.288000e-03 2.333600e-01
178 7.593560e-01 6.148000e-03 2.344960e-01
179 7.582360e-01 6.264000e-03 2.355000e-01
180 7.570960e-01 6.244000e-03 2.366600e-01
181 7.559800e-01 6.248000e-03 2.377720e-01
182 7.550480e-01 6.088000e-03 2.388640e-01
183 7.540560e-01 5.992000e-03 2.399520e-01
184 7.530600e-01 5.924000e-03 2.410160e-01
185 7.520080e-01 6.028000e-03 2.419640e-01
186 7.509200e-01 6.028000e-03 2.430520e-01
187 7.498280e-01 6.024000e-03 2.441480e-01
188 7.487200e-01 6.012000e-03 2.452680e-01
189 7.476720e-01 6.072000e-03 2.462560e-01
190 7.467080e-01 5.928000e-03 2.473640e-01
191 7.457120e-01 5.908000e-03 2.483800e-01
192 7.446840e-01 5.960000e-03 2.493560e-01
193 7.436560e-01 5.872000e-03 2.504720e-01
194 7.428560e-01 5.660000e-03 2.514840e-01
195 7.419360e-01 5.564000e-03 2.525000e-01
196 7.409440e-01 5.620000e-03 2.534360e-01
197 7.398720e-01 5.608000e-03 2.545200e-01
198 7.389080e-01 5.656000e-03 2.554360e-01
199 7.379040e-01 5.684000e-03 2.564120e-01
200 7.369800e-01 5.576000e-03 2.574440e-01
201 7.360680e-01 5.472000e-03 2.584600e-01
202 7.351240e-01 5.512000e-03 2.593640e-01
203 7.342680e-01 5.356000e-03 2.603760e-01
204 7.333880e-01 5.336000e-03 2.612760e-01
205 7.325440e-01 5.200000e-03 2.622560e-01
206 7.315320e-01 5.336000e-03 2.631320e-01
207 7.305640e-01 5.416000e-03 2.640200e-01
208 7.295680e-01 5.432000e-03 2.650000e-01
209 7.285440e-01 5.480000e-03 2.659760e-01
210 7.275600e-01 5.428000e-03 2.670120e-01
211 7.266560e-01 5.484000e-03 2.678600e-01
212 7.257240e-01 5.432000e-03 2.688440e-01
213 7.248920e-01 5.288000e-03 2.698200e-01
214 7.240280e-01 5.276000e-03 2.706960e-01
215 7.231400e-01 5.196000e-03 2.716640e-01
216 7.223200e-01 4.932000e-03 2.727480e-01
217 7.215640e-01 4.784000e-03 2.736520e-01
218 7.207640e-01 4.704000e-03 2.745320e-01
219 7.200720e-01 4.604000e-03 2.753240e-01
220 7.192880e-01 4.632000e-03 2.760800e-01
221 7.185480e-01 4.536000e-03 2.769160e-01
222 7.176800e-01 4.588000e-03 2.777320e-01
223 7.168400e-01 4.668000e-03 2.784920e-01
224 7.160600e-01 4.780000e-03 2.791600e-01
225 7.153560e-01 4.732000e-03 2.799120e-01
226 7.146240e-01 4.564000e-03 2.808120e-01
227 7.137400e-01 4.640000e-03 2.816200e-01
228 7.130480e-01 4.528000e-03 2.824240e-01
229 7.123600e-01 4.492000e-03 2.831480e-01
230 7.115680e-01 4.524000e-03 2.839080e-01
231 7.108120e-01 4.524000e-03 2.846640e-01
232 7.099160e-01 4.636000e-03 2.854480e-01
233 7.091560e-01 4.644000e-03 2.862000e-01
234 7.084080e-01 4.572000e-03 2.870200e-01
235 7.076520e-01 4.520000e-03 2.878280e-01
236 7.070760e-01 4.300000e-03 2.886240e-01
237 7.063600e-01 4.332000e-03 2.893080e-01
238 7.056640e-01 4.320000e-03 2.900160e-01
239 7.050240e-01 4.104000e-03 2.908720e-01
240 7.045240e-01 3.904000e-03 2.915720e-01
241 7.037840e-01 4.008000e-03 2.922080e-01
242 7.031480e-01 3.912000e-03 2.929400e-01
243 7.025800e-01 3.744000e-03 2.936760e-01
244 7.019480e-01 3.716000e-03 2.943360e-01
245 7.012720e-01 3.812000e-03 2.949160e-01
246 7.005240e-01 3.924000e-03 2.955520e-01
247 6.998560e-01 3.916000e-03 2.962280e-01
248 6.991920e-01 3.904000e-03 2.969040e-01
249 6.984720e-01 4.032000e-03 2.974960e-01
250 6.978120e-01 4.036000e-03 2.981520e-01
251 6.970400e-01 4.096000e-03 2.988640e-01
252 6.964680e-01 3.988000e-03 2.995440e-01
253 6.957560e-01 4.012000e-03 3.002320e-01
254 6.950760e-01 4.000000e-03 3.009240e-01
255 6.943960e-01 4.048000e-03 3.015560e-01
256 6.936320e-01 4.072000e-03 3.022960e-01
257 6.930080e-01 4.068000e-03 3.029240e-01
258 6.923280e-01 4.024000e-03 3.036480e-01
259 6.915600e-01 4.116000e-03 3.043240e-01
260 6.909440e-01 4.024000e-03 3.050320e-01
261 6.902920e-01 4.024000e-03 3.056840e-01
262 6.897160e-01 3.880000e-03 3.064040e-01
263 6.891920e-01 3.820000e-03 3.069880e-01
264 6.886160e-01 3.604000e-03 3.077800e-01
265 6.880680e-01 3.576000e-03 3.083560e-01
266 6.874760e-01 3.564000e-03 3.089600e-01
267 6.868920e-01 3.640000e-03 3.094680e-01
268 6.862240e-01 3.704000e-03 3.100720e-01
269 6.855800e-01 3.760000e-03 3.106600e-01
270 6.849880e-01 3.680000e-03 3.113320e-01
271 6.842160e-01 3.860000e-03 3.119240e-01
272 6.835040e-01 3.868000e-03 3.126280e-01
273 6.827440e-01 3.956000e-03 3.133000e-01
274 6.821040e-01 3.912000e-03 3.139840e-01
275 6.815000e-01 3.828000e-03 3.146720e-01
276 6.807880e-01 3.820000e-03 3.153920e-01
277 6.802240e-01 3.732000e-03 3.160440e-01
278 6.797520e-01 3.508000e-03 3.167400e-01
279 6.792200e-01 3.484000e-03 3.172960e-01
280 6.786520e-01 3.448000e-03 3.179000e-01
281 6.781520e-01 3.368000e-03 3.184800e-01
282 6.776520e-01 3.300000e-03 3.190480e-01
283 6.772240e-01 3.164000e-03 3.196120e-01
284 6.767040e-01 3.204000e-03 3.200920e-01
285 6.761400e-01 3.184000e-03 3.206760e-01
286 6.756240e-01 3.192000e-03 3.211840e-01
287 6.751960e-01 2.988000e-03 3.218160e-01
288 6.746960e-01 2.888000e-03 3.224160e-01
289 6.742760e-01 2.776000e-03 3.229480e-01
290 6.737440e-01 2.796000e-03 3.234600e-01
291 6.732600e-01 2.800000e-03 3.239400e-01
292 6.727920e-01 2.736000e-03 3.244720e-01
293 6.722560e-01 2.780000e-03 3.249640e-01
294 6.717880e-01 2.832000e-03 3.253800e-01
295 6.712920e-01 2.772000e-03 3.259360e-01
296 6.707840e-01 2.780000e-03 3.264360e-01
297 6.703480e-01 2.648000e-03 3.270040e-01
298 6.698960e-01 2.576000e-03 3.275280e-01
299 6.694640e-01 2.544000e-03 3.279920e-01
300 6.691000e-01 2.500000e-03 3.284000e-01
301 6.686720e-01 2.492000e-03 3.288360e-01
302 6.682880e-01 2.520000e-03 3.291920e-01
303 6.679600e-01 2.396000e-03 3.296440e-01
304 6.676080e-01 2.352000e-03 3.300400e-01
305 6.671840e-01 2.456000e-03 3.303600e-01
306 6.667840e-01 2.472000e-03 3.307440e-01
307 6.664400e-01 2.384000e-03 3.311760e-01
308 6.658800e-01 2.456000e-03 3.316640e-01
309 6.653880e-01 2.484000e-03 3.321280e-01
310 6.649000e-01 2.540000e-03 3.325600e-01
311 6.644000e-01 2.592000e-03 3.330080e-01
312 6.638800e-01 2.736000e-03 3.333840e-01
313 6.633720e-01 2.812000e-03 3.338160e-01
314 6.628680e-01 2.792000e-03 3.343400e-01
315 6.623600e-01 2.836000e-03 3.348040e-01
316 6.618840e-01 2.780000e-03 3.353360e-01
317 6.613320e-01 2.800000e-03 3.358680e-01
318 6.608560e-01 2.816000e-03 3.363280e-01
319 6.602480e-01 2.936000e-03 3.368160e-01
320 6.596640e-01 3.008000e-03 3.373280e-01
321 6.590920e-01 3.068000e-03 3.378400e-01
322 6.586240e-01 3.008000e-03 3.383680e-01
323 6.582240e-01 2.936000e-03 3.388400e-01
324 6.577720e-01 2.848000e-03 3.393800e-01
325 6.573040e-01 2.820000e-03 3.398760e-01
326 6.567440e-01 2.908000e-03 3.403480e-01
327 6.561760e-01 3.008000e-03 3.408160e-01
328 6.557440e-01 2.964000e-03 3.412920e-01
329 6.552560e-01 2.880000e-03 3.418640e-01
330 6.548960e-01 2.704000e-03 3.424000e-01
331 6.544920e-01 2.664000e-03 3.428440e-01
332 6.541720e-01 2.524000e-03 3.433040e-01
333 6.537560e-01 2.488000e-03 3.437560e-01
334 6.535080e-01 2.256000e-03 3.442360e-01
335 6.532320e-01 2.152000e-03 3.446160e-01
336 6.529560e-01 2.040000e-03 3.450040e-01
337 6.526560e-01 2.028000e-03 3.453160e-01
338 6.523440e-01 2.044000e-03 3.456120e-01
339 6.520880e-01 1.868000e-03 3.460440e-01
340 6.517560e-01 1.828000e-03 3.464160e-01
341 6.514480e-01 1.856000e-03 3.466960e-01
342 6.511680e-01 1.828000e-03 3.470040e-01
343 6.508680e-01 1.856000e-03 3.472760e-01
344 6.505760e-01 1.844000e-03 3.475800e-01
345 6.503440e-01 1.768000e-03 3.478880e-01
346 6.500920e-01 1.692000e-03 3.482160e-01
347 6.498120e-01 1.720000e-03 3.484680e-01
348 6.495720e-01 1.696000e-03 3.487320e-01
349 6.493520e-01 1.676000e-03 3.489720e-01
350 6.491040e-01 1.612000e-03 3.492840e-01
351 6.488440e-01 1.584000e-03 3.495720e-01
352 6.486080e-01 1.544000e-03 3.498480e-01
353 6.483640e-01 1.512000e-03 3.501240e-01
354 6.481320e-01 1.532000e-03 3.503360e-01
355 6.478680e-01 1.528000e-03 3.506040e-01
356 6.476720e-01 1.432000e-03 3.508960e-01
357 6.475000e-01 1.376000e-03 3.511240e-01
358 6.472760e-01 1.364000e-03 3.513600e-01
359 6.470200e-01 1.408000e-03 3.515720e-01
360 6.467480e-01 1.496000e-03 3.517560e-01
361 6.464320e-01 1.580000e-03 3.519880e-01
362 6.461360e-01 1.552000e-03 3.523120e-01
363 6.457800e-01 1.676000e-03 3.525440e-01
364 6.455160e-01 1.560000e-03 3.529240e-01
365 6.451840e-01 1.672000e-03 3.531440e-01
366 6.448560e-01 1.716000e-03 3.534280e-01
367 6.445680e-01 1.712000e-03 3.537200e-01
368 6.442600e-01 1.744000e-03 3.539960e-01
369 6.439720e-01 1.744000e-03 3.542840e-01
370 6.436600e-01 1.764000e-03 3.545760e-01
371 6.433040e-01 1.848000e-03 3.548480e-01
372 6.430120e-01 1.760000e-03 3.552280e-01
373 6.427320e-01 1.700000e-03 3.555680e-01
374 6.425080e-01 1.632000e-03 3.558600e-01
375 6.422640e-01 1.600000e-03 3.561360e-01
376 6.420720e-01 1.528000e-03 3.564000e-01
377 6.418520e-01 1.448000e-03 3.567000e-01
378 6.415760e-01 1.528000e-03 3.568960e-01
379 6.413680e-01 1.432000e-03 3.572000e-01
380 6.411240e-01 1.412000e-03 3.574640e-01
381 6.408880e-01 1.384000e-03 3.577280e-01
382 6.406480e-01 1.396000e-03 3.579560e-01
383 6.404040e-01 1.424000e-03 3.581720e-01
384 6.401800e-01 1.400000e-03 3.584200e-01
385 6.399360e-01 1.340000e-03 3.587240e-01
386 6.397320e-01 1.320000e-03 3.589480e-01
387 6.394840e-01 1.336000e-03 3.591800e-01
388 6.392080e-01 1.404000e-03 3.593880e-01
389 6.389240e-01 1.472000e-03 3.596040e-01
390 6.386720e-01 1.488000e-03 3.598400e-01
391 6.383280e-01 1.584000e-03 3.600880e-01
392 6.381040e-01 1.540000e-03 3.603560e-01
393 6.378400e-01 1.548000e-03 3.606120e-01
394 6.375480e-01 1.572000e-03 3.608800e-01
395 6.373400e-01 1.512000e-03 3.611480e-01
396 6.371040e-01 1.480000e-03 3.614160e-01
397 6.368360e-01 1.452000e-03 3.617120e-01
398 6.365400e-01 1.492000e-03 3.619680e-01
399 6.363240e-01 1.436000e-03 3.622400e-01
400 6.361560e-01 1.388000e-03 3.624560e-01
401 6.359400e-01 1.304000e-03 3.627560e-01
402 6.357360e-01 1.276000e-03 3.629880e-01
403 6.355360e-01 1.268000e-03 3.631960e-01
404 6.352400e-01 1.324000e-03 3.634360e-01
405 6.349720e-01 1.280000e-03 3.637480e-01
406 6.347800e-01 1.220000e-03 3.640000e-01
407 6.345840e-01 1.244000e-03 3.641720e-01
408 6.343480e-01 1.268000e-03 3.643840e-01
409 6.341400e-01 1.224000e-03 3.646360e-01
410 6.339360e-01 1.184000e-03 3.648800e-01
411 6.337560e-01 1.116000e-03 3.651280e-01
412 6.335880e-01 1.092000e-03 3.653200e-01
413 6.334040e-01 1.072000e-03 3.655240e-01
414 6.331760e-01 1.068000e-03 3.657560e-01
415 6.329280e-01 1.108000e-03 3.659640e-01
416 6.327200e-01 1.132000e-03 3.661480e-01
417 6.325040e-01 1.204000e-03 3.662920e-01
418 6.322760e-01 1.204000e-03 3.665200e-01
419 6.321080e-01 1.160000e-03 3.667320e-01
420 6.319400e-01 1.116000e-03 3.669440e-01
421 6.317760e-01 1.088000e-03 3.671360e-01
422 6.316280e-01 1.032000e-03 3.673400e-01
423 6.314720e-01 9.760000e-04 3.675520e-01
424 6.313200e-01 9.720000e-04 3.677080e-01
425 6.311960e-01 8.840000e-04 3.679200e-01
426 6.310560e-01 8.880000e-04 3.680560e-01
427 6.308920e-01 9.000000e-04 3.682080e-01
428 6.307920e-01 8.360000e-04 3.683720e-01
429 6.305920e-01 8.920000e-04 3.685160e-01
430 6.304920e-01 8.080000e-04 3.687000e-01
431 6.303560e-01 7.920000e-04 3.688520e-01
432 6.302080e-01 8.000000e-04 3.689920e-01
433 6.300920e-01 7.880000e-04 3.691200e-01
434 6.299840e-01 7.440000e-04 3.692720e-01
435 6.298560e-01 7.680000e-04 3.693760e-01
436 6.296760e-01 8.240000e-04 3.695000e-01
437 6.294880e-01 8.840000e-04 3.696280e-01
438 6.293040e-01 9.200000e-04 3.697760e-01
439 6.291080e-01 9.600000e-04 3.699320e-01
440 6.289240e-01 9.600000e-04 3.701160e-01
441 6.287760e-01 9.640000e-04 3.702600e-01
442 6.286080e-01 1.028000e-03 3.703640e-01
443 6.284200e-01 1.040000e-03 3.705400e-01
444 6.283000e-01 9.840000e-04 3.707160e-01
445 6.281360e-01 1.012000e-03 3.708520e-01
446 6.279600e-01 1.000000e-03 3.710400e-01
447 6.277760e-01 1.000000e-03 3.712240e-01
448 6.276760e-01 9.280000e-04 3.713960e-01
449 6.274920e-01 9.880000e-04 3.715200e-01
450 6.273680e-01 9.120000e-04 3.717200e-01
451 6.272120e-01 9.440000e-04 3.718440e-01
452 6.271040e-01 9.160000e-04 3.719800e-01
453 6.269640e-01 8.800000e-04 3.721560e-01
454 6.268720e-01 7.640000e-04 3.723640e-01
455 6.267960e-01 6.880000e-04 3.725160e-01
456 6.266880e-01 7.000000e-04 3.726120e-01
457 6.266200e-01 6.880000e-04 3.726920e-01
458 6.265280e-01 6.520000e-04 3.728200e-01
459 6.264760e-01 5.800000e-04 3.729440e-01
460 6.264360e-01 5.320000e-04 3.730320e-01
461 6.263680e-01 4.960000e-04 3.731360e-01
462 6.262920e-01 5.040000e-04 3.732040e-01
463 6.262360e-01 4.600000e-04 3.733040e-01
464 6.261760e-01 4.080000e-04 3.734160e-01
465 6.260640e-01 4.640000e-04 3.734720e-01
466 6.259800e-01 4.800000e-04 3.735400e-01
467 6.258720e-01 4.920000e-04 3.736360e-01
468 6.257840e-01 4.800000e-04 3.737360e-01
469 6.256920e-01 4.920000e-04 3.738160e-01
470 6.256280e-01 4.440000e-04 3.739280e-01
471 6.255800e-01 4.240000e-04 3.739960e-01
472 6.255240e-01 4.160000e-04 3.740600e-01
473 6.254760e-01 4.040000e-04 3.741200e-01
474 6.254520e-01 3.440000e-04 3.742040e-01
475 6.254280e-01 3.280000e-04 3.742440e-01
476 6.254080e-01 2.680000e-04 3.743240e-01
477 6.253760e-01 2.720000e-04 3.743520e-01
478 6.253360e-01 2.640000e-04 3.744000e-01
479 6.252880e-01 2.600000e-04 3.744520e-01
480 6.252560e-01 2.360000e-04 3.745080e-01
481 6.252080e-01 2.480000e-04 3.745440e-01
482 6.251880e-01 2.280000e-04 3.745840e-01
483 6.251880e-01 1.880000e-04 3.746240e-01
484 6.251760e-01 1.640000e-04 3.746600e-01
485 6.251600e-01 1.520000e-04 3.746880e-01
486 6.251160e-01 1.600000e-04 3.747240e-01
487 6.250960e-01 1.600000e-04 3.747440e-01
488 6.250720e-01 1.520000e-04 3.747760e-01
489 6.250600e-01 1.280000e-04 3.748120e-01
490 6.250360e-01 1.320000e-04 3.748320e-01
491 6.250040e-01 1.480000e-04 3.748480e-01
492 6.249680e-01 1.600000e-04 3.748720e-01
493 6.249480e-01 1.400000e-04 3.749120e-01
494 6.249200e-01 1.160000e-04 3.749640e-01
495 6.248960e-01 1.280000e-04 3.749760e-01
496 6.248680e-01 1.360000e-04 3.749960e-01
497 6.248400e-01 1.400000e-04 3.750200e-01
498 6.248120e-01 1.520000e-04 3.750360e-01
499 6.247880e-01 1.400000e-04 3.750720e-01
500 6.247640e-01 1.400000e-04 3.750960e-01
