1 9.992520e-01 6.360000e-04 1.120000e-04
2 9.987440e-01 9.960000e-04 2.600000e-04
3 9.981480e-01 1.408000e-03 4.440000e-04
4 9.974040e-01 1.836000e-03 7.600000e-04
5 9.965760e-01 2.344000e-03 1.080000e-03
6 9.957000e-01 2.744000e-03 1.556000e-03
7 9.947840e-01 3.152000e-03 2.064000e-03
8 9.936840e-01 3.784000e-03 2.532000e-03
9 9.924960e-01 4.176000e-03 3.328000e-03
10 9.913600e-01 4.488000e-03 4.152000e-03
11 9.902520e-01 4.832000e-03 4.916000e-03
12 9.891440e-01 5.028000e-03 5.828000e-03
13 9.880400e-01 5.192000e-03 6.768000e-03
14 9.866840e-01 5.540000e-03 7.776000e-03
15 9.855440e-01 5.720000e-03 8.736000e-03
16 9.843920e-01 5.904000e-03 9.704000e-03
17 9.831520e-01 6.104000e-03 1.074400e-02
18 9.820160e-01 6.128000e-03 1.185600e-02
19 9.807920e-01 6.260000e-03 1.294800e-02
20 9.793640e-01 6.672000e-03 1.396400e-02
21 9.780320e-01 6.780000e-03 1.518800e-02
22 9.767360e-01 6.888000e-03 1.637600e-02
23 9.754280e-01 6.980000e-03 1.759200e-02
24 9.739400e-01 7.156000e-03 1.890400e-02
25 9.725600e-01 7.364000e-03 2.007600e-02
26 9.713440e-01 7.312000e-03 2.134400e-02
27 9.700000e-01 7.372000e-03 2.262800e-02
28 9.684480e-01 7.668000e-03 2.388400e-02
29 9.670360e-01 7.784000e-03 2.518000e-02
30 9.656760e-01 7.836000e-03 2.648800e-02
31 9.641000e-01 8.008000e-03 2.789200e-02
32 9.626120e-01 8.088000e-03 2.930000e-02
33 9.609520e-01 8.280000e-03 3.076800e-02
34 9.593920e-01 8.404000e-03 3.220400e-02
35 9.578360e-01 8.356000e-03 3.380800e-02
36 9.563400e-01 8.364000e-03 3.529600e-02
37 9.547200e-01 8.536000e-03 3.674400e-02
38 9.531320e-01 8.572000e-03 3.829600e-02
39 9.516200e-01 8.628000e-03 3.975200e-02
40 9.501000e-01 8.524000e-03 4.137600e-02
41 9.484280e-01 8.672000e-03 4.290000e-02
42 9.468880e-01 8.668000e-03 4.444400e-02
43 9.452920e-01 8.764000e-03 4.594400e-02
44 9.437800e-01 8.864000e-03 4.735600e-02
45 9.422280e-01 8.880000e-03 4.889200e-02
46 9.407760e-01 8.976000e-03 5.024800e-02
47 9.392440e-01 8.872000e-03 5.188400e-02
48 9.378720e-01 8.700000e-03 5.342800e-02
49 9.364440e-01 8.616000e-03 5.494000e-02
50 9.350040e-01 8.544000e-03 5.645200e-02
51 9.334640e-01 8.584000e-03 5.795200e-02
52 9.319040e-01 8.656000e-03 5.944000e-02
53 9.305680e-01 8.408000e-03 6.102400e-02
54 9.291640e-01 8.336000e-03 6.250000e-02
55 9.277760e-01 8.288000e-03 6.393600e-02
56 9.264840e-01 8.240000e-03 6.527600e-02
57 9.250880e-01 8.200000e-03 6.671200e-02
58 9.236960e-01 8.196000e-03 6.810800e-02
59 9.223600e-01 8.216000e-03 6.942400e-02
60 9.210160e-01 8.176000e-03 7.080800e-02
61 9.195480e-01 8.208000e-03 7.224400e-02
62 9.182840e-01 8.064000e-03 7.365200e-02
63 9.168680e-01 8.188000e-03 7.494400e-02
64 9.153480e-01 8.196000e-03 7.645600e-02
65 9.139360e-01 8.232000e-03 7.783200e-02
66 9.125960e-01 8.180000e-03 7.922400e-02
67 9.112520e-01 8.256000e-03 8.049200e-02
68 9.099240e-01 8.284000e-03 8.179200e-02
69 9.084280e-01 8.268000e-03 8.330400e-02
70 9.069560e-01 8.292000e-03 8.475200e-02
71 9.054080e-01 8.440000e-03 8.615200e-02
72 9.039640e-01 8.496000e-03 8.754000e-02
73 9.025880e-01 8.276000e-03 8.913600e-02
74 9.012240e-01 8.220000e-03 9.055600e-02
75 8.998840e-01 8.200000e-03 9.191600e-02
76 8.985960e-01 8.188000e-03 9.321600e-02
77 8.971120e-01 8.244000e-03 9.464400e-02
78 8.956440e-01 8.304000e-03 9.605200e-02
79 8.942200e-01 8.320000e-03 9.746000e-02
80 8.927760e-01 8.324000e-03 9.890000e-02
81 8.911640e-01 8.404000e-03 1.004320e-01
82 8.896520e-01 8.528000e-03 1.018200e-01
83 8.881800e-01 8.540000e-03 1.032800e-01
84 8.867720e-01 8.420000e-03 1.048080e-01
85 8.853240e-01 8.304000e-03 1.063720e-01
86 8.840440e-01 8.176000e-03 1.077800e-01
87 8.826920e-01 8.080000e-03 1.092280e-01
88 8.813560e-01 7.968000e-03 1.106760e-01
89 8.799800e-01 7.928000e-03 1.120920e-01
90 8.785640e-01 8.048000e-03 1.133880e-01
91 8.772840e-01 7.908000e-03 1.148080e-01
92 8.759520e-01 7.700000e-03 1.163480e-01
93 8.746280e-01 7.712000e-03 1.176600e-01
94 8.731840e-01 7.636000e-03 1.191800e-01
95 8.719480e-01 7.456000e-03 1.205960e-01
96 8.707360e-01 7.420000e-03 1.218440e-01
97 8.694400e-01 7.376000e-03 1.231840e-01
98 8.683400e-01 7.208000e-03 1.244520e-01
99 8.670640e-01 7.220000e-03 1.257160e-01
100 8.657280e-01 7.320000e-03 1.269520e-01
101 8.645560e-01 7.136000e-03 1.283080e-01
102 8.633120e-01 7.032000e-03 1.296560e-01
103 8.620040e-01 7.256000e-03 1.307400e-01
104 8.605200e-01 7.440000e-03 1.320400e-01
105 8.591120e-01 7.460000e-03 1.334280e-01
106 8.575960e-01 7.696000e-03 1.347080e-01
107 8.562080e-01 7.756000e-03 1.360360e-01
108 8.547200e-01 7.872000e-03 1.374080e-01
109 8.533280e-01 7.824000e-03 1.388480e-01
110 8.518280e-01 7.940000e-03 1.402320e-01
111 8.505720e-01 7.764000e-03 1.416640e-01
112 8.492360e-01 7.676000e-03 1.430880e-01
113 8.480720e-01 7.512000e-03 1.444160e-01
114 8.468360e-01 7.456000e-03 1.457080e-01
115 8.455080e-01 7.420000e-03 1.470720e-01
116 8.442560e-01 7.380000e-03 1.483640e-01
117 8.429120e-01 7.540000e-03 1.495480e-01
118 8.416440e-01 7.396000e-03 1.509600e-01
119 8.403520e-01 7.476000e-03 1.521720e-01
120 8.391040e-01 7.424000e-03 1.534720e-01
121 8.378400e-01 7.368000e-03 1.547920e-01
122 8.366080e-01 7.200000e-03 1.561920e-01
123 8.354800e-01 7.076000e-03 1.574440e-01
124 8.341880e-01 6.948000e-03 1.588640e-01
125 8.329320e-01 6.988000e-03 1.600800e-01
126 8.319240e-01 6.808000e-03 1.612680e-01
127 8.308200e-01 6.852000e-03 1.623280e-01
128 8.296280e-01 6.936000e-03 1.634360e-01
129 8.284120e-01 6.916000e-03 1.646720e-01
130 8.274120e-01 6.768000e-03 1.658200e-01
131 8.263800e-01 6.736000e-03 1.668840e-01
132 8.254760e-01 6.416000e-03 1.681080e-01
133 8.244720e-01 6.208000e-03 1.693200e-01
134 8.235240e-01 6.020000e-03 1.704560e-01
135 8.226280e-01 5.868000e-03 1.715040e-01
136 8.217400e-01 5.732000e-03 1.725280e-01
137 8.208680e-01 5.536000e-03 1.735960e-01
138 8.199520e-01 5.484000e-03 1.745640e-01
139 8.191280e-01 5.332000e-03 1.755400e-01
140 8.182280e-01 5.268000e-03 1.765040e-01
141 8.173920e-01 5.148000e-03 1.774600e-01
142 8.164560e-01 5.056000e-03 1.784880e-01
143 8.156520e-01 5.072000e-03 1.792760e-01
144 8.147080e-01 5.076000e-03 1.802160e-01
145 8.137600e-01 5.092000e-03 1.811480e-01
146 8.128720e-01 5.108000e-03 1.820200e-01
147 8.118560e-01 5.332000e-03 1.828120e-01
148 8.107840e-01 5.464000e-03 1.837520e-01
149 8.097720e-01 5.440000e-03 1.847880e-01
150 8.088320e-01 5.408000e-03 1.857600e-01
151 8.079120e-01 5.420000e-03 1.866680e-01
152 8.070480e-01 5.320000e-03 1.876320e-01
153 8.062040e-01 5.232000e-03 1.885640e-01
154 8.052880e-01 5.244000e-03 1.894680e-01
155 8.045880e-01 5.052000e-03 1.903600e-01
156 8.038920e-01 4.840000e-03 1.912680e-01
157 8.031960e-01 4.668000e-03 1.921360e-01
158 8.024760e-01 4.632000e-03 1.928920e-01
159 8.017160e-01 4.608000e-03 1.936760e-01
160 8.010320e-01 4.468000e-03 1.945000e-01
161 8.002680e-01 4.456000e-03 1.952760e-01
162 7.995120e-01 4.440000e-03 1.960480e-01
163 7.987640e-01 4.404000e-03 1.968320e-01
164 7.981000e-01 4.288000e-03 1.976120e-01
165 7.973440e-01 4.316000e-03 1.983400e-01
166 7.966200e-01 4.264000e-03 1.991160e-01
167 7.958760e-01 4.280000e-03 1.998440e-01
168 7.951040e-01 4.288000e-03 2.006080e-01
169 7.942440e-01 4.448000e-03 2.013080e-01
170 7.933280e-01 4.592000e-03 2.020800e-01
171 7.924400e-01 4.696000e-03 2.028640e-01
172 7.916400e-01 4.648000e-03 2.037120e-01
173 7.906800e-01 4.772000e-03 2.045480e-01
174 7.897560e-01 4.768000e-03 2.054760e-01
175 7.889160e-01 4.788000e-03 2.062960e-01
176 7.880520e-01 4.792000e-03 2.071560e-01
177 7.870520e-01 4.912000e-03 2.080360e-01
178 7.862200e-01 4.768000e-03 2.090120e-01
179 7.853440e-01 4.792000e-03 2.098640e-01
180 7.844120e-01 4.936000e-03 2.106520e-01
181 7.834480e-01 4.996000e-03 2.115560e-01
182 7.825840e-01 4.960000e-03 2.124560e-01
183 7.817440e-01 4.924000e-03 2.133320e-01
184 7.809960e-01 4.812000e-03 2.141920e-01
185 7.801840e-01 4.844000e-03 2.149720e-01
186 7.793560e-01 4.744000e-03 2.159000e-01
187 7.786040e-01 4.800000e-03 2.165960e-01
188 7.777800e-01 4.816000e-03 2.174040e-01
189 7.769440e-01 4.744000e-03 2.183120e-01
190 7.761840e-01 4.668000e-03 2.191480e-01
191 7.754120e-01 4.684000e-03 2.199040e-01
192 7.745480e-01 4.772000e-03 2.206800e-01
193 7.737040e-01 4.764000e-03 2.215320e-01
194 7.727040e-01 4.924000e-03 2.223720e-01
195 7.719280e-01 4.860000e-03 2.232120e-01
196 7.711000e-01 4.760000e-03 2.241400e-01
197 7.703280e-01 4.720000e-03 2.249520e-01
198 7.695320e-01 4.752000e-03 2.257160e-01
199 7.687080e-01 4.732000e-03 2.265600e-01
200 7.680360e-01 4.592000e-03 2.273720e-01
201 7.673760e-01 4.412000e-03 2.282120e-01
202 7.667680e-01 4.220000e-03 2.290120e-01
203 7.660880e-01 4.232000e-03 2.296800e-01
204 7.653520e-01 4.248000e-03 2.304000e-01
205 7.647160e-01 4.212000e-03 2.310720e-01
206 7.640520e-01 4.212000e-03 2.317360e-01
207 7.634440e-01 4.048000e-03 2.325080e-01
208 7.627760e-01 3.996000e-03 2.332280e-01
209 7.620320e-01 3.968000e-03 2.340000e-01
210 7.613760e-01 3.948000e-03 2.346760e-01
211 7.607520e-01 3.808000e-03 2.354400e-01
212 7.600920e-01 3.804000e-03 2.361040e-01
213 7.595280e-01 3.544000e-03 2.369280e-01
214 7.589160e-01 3.592000e-03 2.374920e-01
215 7.583200e-01 3.580000e-03 2.381000e-01
216 7.576880e-01 3.580000e-03 2.387320e-01
217 7.572080e-01 3.460000e-03 2.393320e-01
218 7.565160e-01 3.592000e-03 2.398920e-01
219 7.559560e-01 3.656000e-03 2.403880e-01
220 7.553640e-01 3.632000e-03 2.410040e-01
221 7.547080e-01 3.684000e-03 2.416080e-01
222 7.539760e-01 3.836000e-03 2.421880e-01
223 7.532920e-01 3.868000e-03 2.428400e-01
224 7.527080e-01 3.788000e-03 2.435040e-01
225 7.521520e-01 3.664000e-03 2.441840e-01
226 7.513680e-01 3.752000e-03 2.448800e-01
227 7.506640e-01 3.740000e-03 2.455960e-01
228 7.499400e-01 3.740000e-03 2.463200e-01
229 7.492840e-01 3.744000e-03 2.469720e-01
230 7.486360e-01 3.776000e-03 2.475880e-01
231 7.479400e-01 3.780000e-03 2.482800e-01
232 7.472760e-01 3.716000e-03 2.490080e-01
233 7.465280e-01 3.792000e-03 2.496800e-01
234 7.458520e-01 3.780000e-03 2.503680e-01
235 7.451640e-01 3.812000e-03 2.510240e-01
236 7.445200e-01 3.868000e-03 2.516120e-01
237 7.438160e-01 3.936000e-03 2.522480e-01
238 7.431360e-01 3.984000e-03 2.528800e-01
239 7.423160e-01 4.104000e-03 2.535800e-01
240 7.415760e-01 4.056000e-03 2.543680e-01
241 7.409600e-01 3.952000e-03 2.550880e-01
242 7.402440e-01 3.924000e-03 2.558320e-01
243 7.396120e-01 3.892000e-03 2.564960e-01
244 7.390520e-01 3.772000e-03 2.571760e-01
245 7.385440e-01 3.608000e-03 2.578480e-01
246 7.379160e-01 3.520000e-03 2.585640e-01
247 7.372720e-01 3.520000e-03 2.592080e-01
248 7.367240e-01 3.500000e-03 2.597760e-01
249 7.360360e-01 3.604000e-03 2.603600e-01
250 7.353960e-01 3.640000e-03 2.609640e-01
251 7.347520e-01 3.612000e-03 2.616360e-01
252 7.341680e-01 3.612000e-03 2.622200e-01
253 7.337040e-01 3.348000e-03 2.629480e-01
254 7.332360e-01 3.316000e-03 2.634480e-01
255 7.327000e-01 3.256000e-03 2.640440e-01
256 7.321880e-01 3.220000e-03 2.645920e-01
257 7.316920e-01 3.236000e-03 2.650720e-01
258 7.311200e-01 3.252000e-03 2.656280e-01
259 7.306400e-01 3.164000e-03 2.661960e-01
260 7.300440e-01 3.208000e-03 2.667480e-01
261 7.295560e-01 3.108000e-03 2.673360e-01
262 7.290600e-01 3.032000e-03 2.679080e-01
263 7.285600e-01 2.924000e-03 2.685160e-01
264 7.280760e-01 2.968000e-03 2.689560e-01
265 7.275400e-01 2.944000e-03 2.695160e-01
266 7.270520e-01 2.976000e-03 2.699720e-01
267 7.265840e-01 2.920000e-03 2.704960e-01
268 7.261840e-01 2.768000e-03 2.710480e-01
269 7.258280e-01 2.684000e-03 2.714880e-01
270 7.254040e-01 2.648000e-03 2.719480e-01
271 7.249680e-01 2.628000e-03 2.724040e-01
272 7.245360e-01 2.620000e-03 2.728440e-01
273 7.241560e-01 2.492000e-03 2.733520e-01
274 7.236440e-01 2.556000e-03 2.738000e-01
275 7.231640e-01 2.576000e-03 2.742600e-01
276 7.228000e-01 2.556000e-03 2.746440e-01
277 7.223480e-01 2.616000e-03 2.750360e-01
278 7.219120e-01 2.576000e-03 2.755120e-01
279 7.215000e-01 2.476000e-03 2.760240e-01
280 7.210200e-01 2.568000e-03 2.764120e-01
281 7.205560e-01 2.648000e-03 2.767960e-01
282 7.201400e-01 2.636000e-03 2.772240e-01
283 7.196680e-01 2.688000e-03 2.776440e-01
284 7.192600e-01 2.632000e-03 2.781080e-01
285 7.188680e-01 2.536000e-03 2.785960e-01
286 7.185200e-01 2.380000e-03 2.791000e-01
287 7.181880e-01 2.328000e-03 2.794840e-01
288 7.177920e-01 2.384000e-03 2.798240e-01
289 7.174760e-01 2.236000e-03 2.802880e-01
290 7.171200e-01 2.228000e-03 2.806520e-01
291 7.167640e-01 2.204000e-03 2.810320e-01
292 7.164080e-01 2.248000e-03 2.813440e-01
293 7.160640e-01 2.148000e-03 2.817880e-01
294 7.158000e-01 2.076000e-03 2.821240e-01
295 7.155040e-01 1.988000e-03 2.825080e-01
296 7.152160e-01 1.916000e-03 2.828680e-01
297 7.148880e-01 1.928000e-03 2.831840e-01
298 7.146480e-01 1.872000e-03 2.834800e-01
299 7.144160e-01 1.832000e-03 2.837520e-01
300 7.141160e-01 1.820000e-03 2.840640e-01
301 7.137280e-01 1.880000e-03 2.843920e-01
302 7.133520e-01 1.960000e-03 2.846880e-01
303 7.130400e-01 1.924000e-03 2.850360e-01
304 7.127400e-01 1.884000e-03 2.853760e-01
305 7.124400e-01 1.904000e-03 2.856560e-01
306 7.120520e-01 1.936000e-03 2.860120e-01
307 7.117640e-01 1.792000e-03 2.864440e-01
308 7.114600e-01 1.812000e-03 2.867280e-01
309 7.111400e-01 1.824000e-03 2.870360e-01
310 7.108240e-01 1.792000e-03 2.873840e-01
311 7.104520e-01 1.836000e-03 2.877120e-01
312 7.101560e-01 1.764000e-03 2.880800e-01
313 7.098840e-01 1.688000e-03 2.884280e-01
314 7.095880e-01 1.688000e-03 2.887240e-01
315 7.092720e-01 1.700000e-03 2.890280e-01
316 7.090160e-01 1.704000e-03 2.892800e-01
317 7.086840e-01 1.724000e-03 2.895920e-01
318 7.084360e-01 1.684000e-03 2.898800e-01
319 7.081880e-01 1.680000e-03 2.901320e-01
320 7.079720e-01 1.604000e-03 2.904240e-01
321 7.076480e-01 1.684000e-03 2.906680e-01
322 7.073560e-01 1.664000e-03 2.909800e-01
323 7.070880e-01 1.632000e-03 2.912800e-01
324 7.067760e-01 1.652000e-03 2.915720e-01
325 7.065280e-01 1.612000e-03 2.918600e-01
326 7.062080e-01 1.628000e-03 2.921640e-01
327 7.059000e-01 1.592000e-03 2.925080e-01
328 7.056120e-01 1.556000e-03 2.928320e-01
329 7.052440e-01 1.668000e-03 2.930880e-01
330 7.049320e-01 1.692000e-03 2.933760e-01
331 7.046760e-01 1.620000e-03 2.937040e-01
332 7.043760e-01 1.644000e-03 2.939800e-01
333 7.041000e-01 1.552000e-03 2.943480e-01
334 7.038240e-01 1.516000e-03 2.946600e-01
335 7.035440e-01 1.572000e-03 2.948840e-01
336 7.032280e-01 1.620000e-03 2.951520e-01
337 7.029120e-01 1.640000e-03 2.954480e-01
338 7.026040e-01 1.680000e-03 2.957160e-01
339 7.023440e-01 1.672000e-03 2.959840e-01
340 7.020560e-01 1.704000e-03 2.962400e-01
341 7.017720e-01 1.704000e-03 2.965240e-01
342 7.014800e-01 1.656000e-03 2.968640e-01
343 7.012200e-01 1.588000e-03 2.971920e-01
344 7.009520e-01 1.540000e-03 2.975080e-01
345 7.007040e-01 1.508000e-03 2.977880e-01
346 7.004920e-01 1.472000e-03 2.980360e-01
347 7.002200e-01 1.488000e-03 2.982920e-01
348 7.000080e-01 1.448000e-03 2.985440e-01
349 6.998160e-01 1.384000e-03 2.988000e-01
350 6.996120e-01 1.376000e-03 2.990120e-01
351 6.994040e-01 1.336000e-03 2.992600e-01
352 6.991640e-01 1.396000e-03 2.994400e-01
353 6.989520e-01 1.352000e-03 2.996960e-01
354 6.987240e-01 1.368000e-03 2.999080e-01
355 6.985400e-01 1.328000e-03 3.001320e-01
356 6.983680e-01 1.276000e-03 3.003560e-01
357 6.982000e-01 1.184000e-03 3.006160e-01
358 6.979520e-01 1.176000e-03 3.008720e-01
359 6.977640e-01 1.180000e-03 3.010560e-01
360 6.975600e-01 1.176000e-03 3.012640e-01
361 6.974200e-01 1.076000e-03 3.015040e-01
362 6.972280e-01 1.064000e-03 3.017080e-01
363 6.970840e-01 1.052000e-03 3.018640e-01
364 6.968880e-01 1.036000e-03 3.020760e-01
365 6.966680e-01 1.072000e-03 3.022600e-01
366 6.965520e-01 9.640000e-04 3.024840e-01
367 6.964160e-01 8.880000e-04 3.026960e-01
368 6.962760e-01 9.080000e-04 3.028160e-01
369 6.961080e-01 9.000000e-04 3.029920e-01
370 6.959680e-01 8.960000e-04 3.031360e-01
371 6.958160e-01 8.600000e-04 3.033240e-01
372 6.956800e-01 8.760000e-04 3.034440e-01
373 6.955120e-01 8.760000e-04 3.036120e-01
374 6.953520e-01 9.320000e-04 3.037160e-01
375 6.951280e-01 9.600000e-04 3.039120e-01
376 6.949160e-01 1.016000e-03 3.040680e-01
377 6.946360e-01 1.112000e-03 3.042520e-01
378 6.944240e-01 1.136000e-03 3.044400e-01
379 6.941760e-01 1.232000e-03 3.045920e-01
380 6.939560e-01 1.200000e-03 3.048440e-01
381 6.937680e-01 1.196000e-03 3.050360e-01
382 6.935440e-01 1.164000e-03 3.052920e-01
383 6.933560e-01 1.092000e-03 3.055520e-01
384 6.931880e-01 1.100000e-03 3.057120e-01
385 6.930720e-01 1.044000e-03 3.058840e-01
386 6.929680e-01 9.800000e-04 3.060520e-01
387 6.928480e-01 9.120000e-04 3.062400e-01
388 6.927280e-01 9.000000e-04 3.063720e-01
389 6.925640e-01 8.760000e-04 3.065600e-01
390 6.923920e-01 9.040000e-04 3.067040e-01
391 6.921960e-01 9.000000e-04 3.069040e-01
392 6.920400e-01 8.960000e-04 3.070640e-01
393 6.919240e-01 8.640000e-04 3.072120e-01
394 6.917680e-01 8.680000e-04 3.073640e-01
395 6.916040e-01 8.920000e-04 3.075040e-01
396 6.914880e-01 9.080000e-04 3.076040e-01
397 6.913280e-01 9.320000e-04 3.077400e-01
398 6.912080e-01 8.640000e-04 3.079280e-01
399 6.910520e-01 8.840000e-04 3.080640e-01
400 6.909520e-01 8.480000e-04 3.082000e-01
401 6.908080e-01 8.360000e-04 3.083560e-01
402 6.907160e-01 7.840000e-04 3.085000e-01
403 6.906160e-01 7.640000e-04 3.086200e-01
404 6.904600e-01 7.880000e-04 3.087520e-01
405 6.903120e-01 8.040000e-04 3.088840e-01
406 6.901560e-01 8.280000e-04 3.090160e-01
407 6.899680e-01 8.280000e-04 3.092040e-01
408 6.897680e-01 8.400000e-04 3.093920e-01
409 6.896040e-01 8.600000e-04 3.095360e-01
410 6.894880e-01 8.480000e-04 3.096640e-01
411 6.893160e-01 8.680000e-04 3.098160e-01
412 6.891800e-01 8.760000e-04 3.099440e-01
413 6.890000e-01 8.720000e-04 3.101280e-01
414 6.888560e-01 8.920000e-04 3.102520e-01
415 6.886760e-01 9.200000e-04 3.104040e-01
416 6.884680e-01 9.360000e-04 3.105960e-01
417 6.883240e-01 9.120000e-04 3.107640e-01
418 6.881760e-01 8.720000e-04 3.109520e-01
419 6.880320e-01 8.960000e-04 3.110720e-01
420 6.878960e-01 8.680000e-04 3.112360e-01
421 6.877680e-01 8.040000e-04 3.114280e-01
422 6.876080e-01 8.160000e-04 3.115760e-01
423 6.874080e-01 8.360000e-04 3.117560e-01
424 6.872120e-01 8.800000e-04 3.119080e-01
425 6.870560e-01 8.880000e-04 3.120560e-01
426 6.868680e-01 9.560000e-04 3.121760e-01
427 6.866840e-01 9.920000e-04 3.123240e-01
428 6.864760e-01 1.044000e-03 3.124800e-01
429 6.863120e-01 1.032000e-03 3.126560e-01
430 6.860840e-01 1.096000e-03 3.128200e-01
431 6.858640e-01 1.160000e-03 3.129760e-01
432 6.857440e-01 1.112000e-03 3.131440e-01
433 6.855720e-01 1.072000e-03 3.133560e-01
434 6.854360e-01 1.000000e-03 3.135640e-01
435 6.853200e-01 9.320000e-04 3.137480e-01
436 6.851520e-01 9.400000e-04 3.139080e-01
437 6.849800e-01 9.440000e-04 3.140760e-01
438 6.847920e-01 9.800000e-04 3.142280e-01
439 6.846640e-01 9.360000e-04 3.144000e-01
440 6.845040e-01 9.480000e-04 3.145480e-01
441 6.843960e-01 9.400000e-04 3.146640e-01
442 6.842640e-01 9.000000e-04 3.148360e-01
443 6.841480e-01 8.280000e-04 3.150240e-01
444 6.839960e-01 8.000000e-04 3.152040e-01
445 6.838640e-01 7.640000e-04 3.153720e-01
446 6.837320e-01 7.800000e-04 3.154880e-01
447 6.836080e-01 7.440000e-04 3.156480e-01
448 6.834440e-01 7.480000e-04 3.158080e-01
449 6.833600e-01 7.120000e-04 3.159280e-01
450 6.832600e-01 7.160000e-04 3.160240e-01
451 6.831840e-01 6.680000e-04 3.161480e-01
452 6.830600e-01 6.720000e-04 3.162680e-01
453 6.829280e-01 6.880000e-04 3.163840e-01
454 6.827680e-01 7.400000e-04 3.164920e-01
455 6.826080e-01 7.480000e-04 3.166440e-01
456 6.824520e-01 7.680000e-04 3.167800e-01
457 6.823200e-01 7.400000e-04 3.169400e-01
458 6.821960e-01 7.400000e-04 3.170640e-01
459 6.821160e-01 7.080000e-04 3.171760e-01
460 6.819840e-01 7.160000e-04 3.173000e-01
461 6.818920e-01 6.600000e-04 3.174480e-01
462 6.818240e-01 6.240000e-04 3.175520e-01
463 6.817480e-01 6.040000e-04 3.176480e-01
464 6.816760e-01 6.000000e-04 3.177240e-01
465 6.816040e-01 5.800000e-04 3.178160e-01
466 6.815400e-01 5.480000e-04 3.179120e-01
467 6.814680e-01 5.280000e-04 3.180040e-01
468 6.813840e-01 5.280000e-04 3.180880e-01
469 6.813080e-01 5.000000e-04 3.181920e-01
470 6.812240e-01 5.200000e-04 3.182560e-01
471 6.811480e-01 4.880000e-04 3.183640e-01
472 6.810640e-01 4.680000e-04 3.184680e-01
473 6.810040e-01 4.560000e-04 3.185400e-01
474 6.809600e-01 4.320000e-04 3.186080e-01
475 6.809040e-01 4.480000e-04 3.186480e-01
476 6.808360e-01 4.360000e-04 3.187280e-01
477 6.807680e-01 4.040000e-04 3.188280e-01
478 6.807360e-01 3.760000e-04 3.188880e-01
479 6.806640e-01 3.880000e-04 3.189480e-01
480 6.806360e-01 3.200000e-04 3.190440e-01
481 6.805960e-01 3.080000e-04 3.190960e-01
482 6.805560e-01 2.840000e-04 3.191600e-01
483 6.805000e-01 3.040000e-04 3.191960e-01
484 6.804440e-01 3.120000e-04 3.192440e-01
485 6.803920e-01 3.080000e-04 3.193000e-01
486 6.803560e-01 2.920000e-04 3.193520e-01
487 6.803160e-01 2.640000e-04 3.194200e-01
488 6.802800e-01 2.440000e-04 3.194760e-01
489 6.802320e-01 2.360000e-04 3.195320e-01
490 6.802240e-01 2.040000e-04 3.195720e-01
491 6.802080e-01 1.720000e-04 3.196200e-01
492 6.801920e-01 1.640000e-04 3.196440e-01
493 6.801560e-01 1.760000e-04 3.196680e-01
494 6.801240e-01 1.960000e-04 3.196800e-01
495 6.800480e-01 2.320000e-04 3.197200e-01
496 6.800320e-01 2.040000e-04 3.197640e-01
497 6.800040e-01 1.960000e-04 3.198000e-01
498 6.799640e-01 1.960000e-04 3.198400e-01
499 6.799200e-01 2.120000e-04 3.198680e-01
500 6.799000e-01 1.960000e-04 3.199040e-01
