1 9.991960e-01 7.000000e-04 1.040000e-04
2 9.986880e-01 1.092000e-03 2.200000e-04
3 9.979600e-01 1.628000e-03 4.120000e-04
4 9.972680e-01 2.012000e-03 7.200000e-04
5 9.963560e-01 2.516000e-03 1.128000e-03
6 9.955160e-01 2.948000e-03 1.536000e-03
7 9.944760e-01 3.392000e-03 2.132000e-03
8 9.934440e-01 3.832000e-03 2.724000e-03
9 9.924800e-01 4.092000e-03 3.428000e-03
10 9.914040e-01 4.488000e-03 4.108000e-03
11 9.903520e-01 4.704000e-03 4.944000e-03
12 9.892840e-01 4.900000e-03 5.816000e-03
13 9.882680e-01 4.960000e-03 6.772000e-03
14 9.871400e-01 5.248000e-03 7.612000e-03
15 9.859000e-01 5.580000e-03 8.520000e-03
16 9.848080e-01 5.748000e-03 9.444000e-03
17 9.834480e-01 6.008000e-03 1.054400e-02
18 9.820840e-01 6.228000e-03 1.168800e-02
19 9.807640e-01 6.528000e-03 1.270800e-02
20 9.792520e-01 6.912000e-03 1.383600e-02
21 9.778320e-01 7.136000e-03 1.503200e-02
22 9.764200e-01 7.140000e-03 1.644000e-02
23 9.748440e-01 7.564000e-03 1.759200e-02
24 9.733200e-01 7.748000e-03 1.893200e-02
25 9.718680e-01 7.840000e-03 2.029200e-02
26 9.703680e-01 8.028000e-03 2.160400e-02
27 9.686840e-01 8.300000e-03 2.301600e-02
28 9.669920e-01 8.564000e-03 2.444400e-02
29 9.655760e-01 8.460000e-03 2.596400e-02
30 9.639640e-01 8.656000e-03 2.738000e-02
31 9.622880e-01 8.756000e-03 2.895600e-02
32 9.605400e-01 9.012000e-03 3.044800e-02
33 9.586760e-01 9.312000e-03 3.201200e-02
34 9.569840e-01 9.444000e-03 3.357200e-02
35 9.553640e-01 9.428000e-03 3.520800e-02
36 9.536240e-01 9.556000e-03 3.682000e-02
37 9.517840e-01 9.832000e-03 3.838400e-02
38 9.500200e-01 9.904000e-03 4.007600e-02
39 9.482000e-01 1.005200e-02 4.174800e-02
40 9.465280e-01 9.864000e-03 4.360800e-02
41 9.449160e-01 9.588000e-03 4.549600e-02
42 9.431920e-01 9.592000e-03 4.721600e-02
43 9.413680e-01 9.628000e-03 4.900400e-02
44 9.394920e-01 9.812000e-03 5.069600e-02
45 9.375760e-01 9.984000e-03 5.244000e-02
46 9.356120e-01 1.023200e-02 5.415600e-02
47 9.334960e-01 1.057600e-02 5.592800e-02
48 9.316760e-01 1.054000e-02 5.778400e-02
49 9.298800e-01 1.043600e-02 5.968400e-02
50 9.279240e-01 1.066800e-02 6.140800e-02
51 9.261000e-01 1.060000e-02 6.330000e-02
52 9.241360e-01 1.072000e-02 6.514400e-02
53 9.223680e-01 1.053600e-02 6.709600e-02
54 9.204760e-01 1.053200e-02 6.899200e-02
55 9.185760e-01 1.058800e-02 7.083600e-02
56 9.166720e-01 1.068400e-02 7.264400e-02
57 9.147920e-01 1.065600e-02 7.455200e-02
58 9.129880e-01 1.050400e-02 7.650800e-02
59 9.111920e-01 1.037600e-02 7.843200e-02
60 9.094080e-01 1.026800e-02 8.032400e-02
61 9.075720e-01 1.027200e-02 8.215600e-02
62 9.058600e-01 1.028000e-02 8.386000e-02
63 9.040960e-01 1.020800e-02 8.569600e-02
64 9.021880e-01 1.025200e-02 8.756000e-02
65 9.004720e-01 1.025600e-02 8.927200e-02
66 8.984360e-01 1.055600e-02 9.100800e-02
67 8.965760e-01 1.054800e-02 9.287600e-02
68 8.947640e-01 1.042000e-02 9.481600e-02
69 8.931440e-01 1.015600e-02 9.670000e-02
70 8.913760e-01 1.028800e-02 9.833600e-02
71 8.896920e-01 1.025600e-02 1.000520e-01
72 8.878880e-01 1.021600e-02 1.018960e-01
73 8.863040e-01 1.000400e-02 1.036920e-01
74 8.847320e-01 9.860000e-03 1.054080e-01
75 8.831800e-01 9.672000e-03 1.071480e-01
76 8.815320e-01 9.764000e-03 1.087040e-01
77 8.797920e-01 9.848000e-03 1.103600e-01
78 8.782520e-01 9.640000e-03 1.121080e-01
79 8.767800e-01 9.392000e-03 1.138280e-01
80 8.753760e-01 9.100000e-03 1.155240e-01
81 8.739040e-01 9.004000e-03 1.170920e-01
82 8.725840e-01 8.600000e-03 1.188160e-01
83 8.712440e-01 8.520000e-03 1.202360e-01
84 8.698560e-01 8.364000e-03 1.217800e-01
85 8.685200e-01 8.196000e-03 1.232840e-01
86 8.672800e-01 8.036000e-03 1.246840e-01
87 8.659360e-01 8.060000e-03 1.260040e-01
88 8.646480e-01 8.020000e-03 1.273320e-01
89 8.634320e-01 7.856000e-03 1.287120e-01
90 8.621720e-01 7.692000e-03 1.301360e-01
91 8.608880e-01 7.664000e-03 1.314480e-01
92 8.596000e-01 7.620000e-03 1.327800e-01
93 8.582480e-01 7.708000e-03 1.340440e-01
94 8.570120e-01 7.656000e-03 1.353320e-01
95 8.556280e-01 7.596000e-03 1.367760e-01
96 8.542760e-01 7.528000e-03 1.381960e-01
97 8.528800e-01 7.648000e-03 1.394720e-01
98 8.517320e-01 7.536000e-03 1.407320e-01
99 8.504920e-01 7.476000e-03 1.420320e-01
100 8.492280e-01 7.368000e-03 1.434040e-01
101 8.478760e-01 7.288000e-03 1.448360e-01
102 8.465160e-01 7.272000e-03 1.462120e-01
103 8.453440e-01 7.180000e-03 1.474760e-01
104 8.441480e-01 7.136000e-03 1.487160e-01
105 8.427840e-01 7.272000e-03 1.499440e-01
106 8.416760e-01 7.080000e-03 1.512440e-01
107 8.404160e-01 7.156000e-03 1.524280e-01
108 8.392920e-01 7.024000e-03 1.536840e-01
109 8.382120e-01 6.832000e-03 1.549560e-01
110 8.371000e-01 6.776000e-03 1.561240e-01
111 8.360160e-01 6.800000e-03 1.571840e-01
112 8.348640e-01 6.776000e-03 1.583600e-01
113 8.337560e-01 6.704000e-03 1.595400e-01
114 8.325600e-01 6.804000e-03 1.606360e-01
115 8.315240e-01 6.680000e-03 1.617960e-01
116 8.303720e-01 6.620000e-03 1.630080e-01
117 8.293920e-01 6.488000e-03 1.641200e-01
118 8.283200e-01 6.412000e-03 1.652680e-01
119 8.271520e-01 6.488000e-03 1.663600e-01
120 8.259760e-01 6.556000e-03 1.674680e-01
121 8.247280e-01 6.600000e-03 1.686720e-01
122 8.236440e-01 6.552000e-03 1.698040e-01
123 8.224520e-01 6.540000e-03 1.710080e-01
124 8.213560e-01 6.468000e-03 1.721760e-01
125 8.202200e-01 6.536000e-03 1.732440e-01
126 8.191080e-01 6.512000e-03 1.743800e-01
127 8.178520e-01 6.672000e-03 1.754760e-01
128 8.166360e-01 6.748000e-03 1.766160e-01
129 8.155240e-01 6.604000e-03 1.778720e-01
130 8.144160e-01 6.572000e-03 1.790120e-01
131 8.133200e-01 6.572000e-03 1.801080e-01
132 8.120600e-01 6.808000e-03 1.811320e-01
133 8.110160e-01 6.664000e-03 1.823200e-01
134 8.097960e-01 6.736000e-03 1.834680e-01
135 8.086560e-01 6.696000e-03 1.846480e-01
136 8.075320e-01 6.720000e-03 1.857480e-01
137 8.063440e-01 6.712000e-03 1.869440e-01
138 8.052000e-01 6.584000e-03 1.882160e-01
139 8.039720e-01 6.736000e-03 1.892920e-01
140 8.028040e-01 6.804000e-03 1.903920e-01
141 8.016880e-01 6.804000e-03 1.915080e-01
142 8.005040e-01 6.804000e-03 1.926920e-01
143 7.993360e-01 6.896000e-03 1.937680e-01
144 7.982600e-01 6.860000e-03 1.948800e-01
145 7.970320e-01 6.840000e-03 1.961280e-01
146 7.959920e-01 6.720000e-03 1.972880e-01
147 7.948560e-01 6.720000e-03 1.984240e-01
148 7.936920e-01 6.720000e-03 1.995880e-01
149 7.925240e-01 6.768000e-03 2.007080e-01
150 7.913000e-01 6.816000e-03 2.018840e-01
151 7.902080e-01 6.660000e-03 2.031320e-01
152 7.890720e-01 6.708000e-03 2.042200e-01
153 7.879200e-01 6.676000e-03 2.054040e-01
154 7.868960e-01 6.604000e-03 2.065000e-01
155 7.859280e-01 6.464000e-03 2.076080e-01
156 7.849200e-01 6.452000e-03 2.086280e-01
157 7.839280e-01 6.324000e-03 2.097480e-01
158 7.828800e-01 6.260000e-03 2.108600e-01
159 7.817960e-01 6.192000e-03 2.120120e-01
160 7.807640e-01 6.164000e-03 2.130720e-01
161 7.796920e-01 6.208000e-03 2.141000e-01
162 7.785960e-01 6.140000e-03 2.152640e-01
163 7.775360e-01 6.160000e-03 2.163040e-01
164 7.765200e-01 6.144000e-03 2.173360e-01
165 7.756120e-01 6.124000e-03 2.182640e-01
166 7.746800e-01 5.976000e-03 2.193440e-01
167 7.737840e-01 5.828000e-03 2.203880e-01
168 7.728800e-01 5.744000e-03 2.213760e-01
169 7.718440e-01 5.736000e-03 2.224200e-01
170 7.707760e-01 5.772000e-03 2.234520e-01
171 7.698840e-01 5.628000e-03 2.244880e-01
172 7.689240e-01 5.576000e-03 2.255000e-01
173 7.679880e-01 5.552000e-03 2.264600e-01
174 7.669360e-01 5.668000e-03 2.273960e-01
175 7.658560e-01 5.844000e-03 2.283000e-01
176 7.648360e-01 5.848000e-03 2.293160e-01
177 7.637320e-01 5.808000e-03 2.304600e-01
178 7.627040e-01 5.868000e-03 2.314280e-01
179 7.616440e-01 5.912000e-03 2.324440e-01
180 7.605760e-01 6.012000e-03 2.334120e-01
181 7.595640e-01 6.024000e-03 2.344120e-01
182 7.585480e-01 5.988000e-03 2.354640e-01
183 7.574280e-01 6.048000e-03 2.365240e-01
184 7.563440e-01 6.108000e-03 2.375480e-01
185 7.552880e-01 6.216000e-03 2.384960e-01
186 7.542120e-01 6.220000e-03 2.395680e-01
187 7.530480e-01 6.316000e-03 2.406360e-01
188 7.520560e-01 6.188000e-03 2.417560e-01
189 7.510160e-01 6.120000e-03 2.428640e-01
190 7.499760e-01 6.096000e-03 2.439280e-01
191 7.487840e-01 6.220000e-03 2.449960e-01
192 7.475120e-01 6.400000e-03 2.460880e-01
193 7.464280e-01 6.348000e-03 2.472240e-01
194 7.453000e-01 6.440000e-03 2.482600e-01
195 7.441240e-01 6.472000e-03 2.494040e-01
196 7.428960e-01 6.588000e-03 2.505160e-01
197 7.418520e-01 6.372000e-03 2.517760e-01
198 7.407880e-01 6.352000e-03 2.528600e-01
199 7.397480e-01 6.268000e-03 2.539840e-01
200 7.387400e-01 6.152000e-03 2.551080e-01
201 7.376560e-01 6.132000e-03 2.562120e-01
202 7.366200e-01 6.044000e-03 2.573360e-01
203 7.354120e-01 6.232000e-03 2.583560e-01
204 7.343320e-01 6.312000e-03 2.593560e-01
205 7.332320e-01 6.388000e-03 2.603800e-01
206 7.320480e-01 6.544000e-03 2.614080e-01
207 7.308360e-01 6.636000e-03 2.625280e-01
208 7.297320e-01 6.660000e-03 2.636080e-01
209 7.286200e-01 6.648000e-03 2.647320e-01
210 7.274400e-01 6.720000e-03 2.658400e-01
211 7.262280e-01 6.764000e-03 2.670080e-01
212 7.250840e-01 6.760000e-03 2.681560e-01
213 7.239840e-01 6.656000e-03 2.693600e-01
214 7.228680e-01 6.596000e-03 2.705360e-01
215 7.219280e-01 6.392000e-03 2.716800e-01
216 7.209760e-01 6.304000e-03 2.727200e-01
217 7.200160e-01 6.228000e-03 2.737560e-01
218 7.190520e-01 6.080000e-03 2.748680e-01
219 7.181520e-01 5.976000e-03 2.758720e-01
220 7.171720e-01 5.920000e-03 2.769080e-01
221 7.162200e-01 5.800000e-03 2.779800e-01
222 7.153280e-01 5.724000e-03 2.789480e-01
223 7.144560e-01 5.660000e-03 2.798840e-01
224 7.135760e-01 5.576000e-03 2.808480e-01
225 7.126240e-01 5.588000e-03 2.817880e-01
226 7.118120e-01 5.488000e-03 2.827000e-01
227 7.109440e-01 5.424000e-03 2.836320e-01
228 7.100880e-01 5.268000e-03 2.846440e-01
229 7.091120e-01 5.304000e-03 2.855840e-01
230 7.081080e-01 5.408000e-03 2.864840e-01
231 7.072200e-01 5.352000e-03 2.874280e-01
232 7.062360e-01 5.312000e-03 2.884520e-01
233 7.053680e-01 5.200000e-03 2.894320e-01
234 7.044120e-01 5.216000e-03 2.903720e-01
235 7.035040e-01 5.248000e-03 2.912480e-01
236 7.026080e-01 5.144000e-03 2.922480e-01
237 7.018120e-01 5.012000e-03 2.931760e-01
238 7.009960e-01 5.048000e-03 2.939560e-01
239 7.001800e-01 5.008000e-03 2.948120e-01
240 6.992640e-01 5.000000e-03 2.957360e-01
241 6.984560e-01 4.876000e-03 2.966680e-01
242 6.976480e-01 4.828000e-03 2.975240e-01
243 6.967360e-01 4.832000e-03 2.984320e-01
244 6.958320e-01 4.968000e-03 2.992000e-01
245 6.949800e-01 4.868000e-03 3.001520e-01
246 6.941600e-01 4.876000e-03 3.009640e-01
247 6.933400e-01 4.816000e-03 3.018440e-01
248 6.925680e-01 4.780000e-03 3.026520e-01
249 6.917400e-01 4.872000e-03 3.033880e-01
250 6.908080e-01 4.864000e-03 3.043280e-01
251 6.899720e-01 4.744000e-03 3.052840e-01
252 6.891840e-01 4.764000e-03 3.060520e-01
253 6.883720e-01 4.744000e-03 3.068840e-01
254 6.876200e-01 4.664000e-03 3.077160e-01
255 6.869120e-01 4.456000e-03 3.086320e-01
256 6.860600e-01 4.568000e-03 3.093720e-01
257 6.853240e-01 4.560000e-03 3.101160e-01
258 6.845760e-01 4.504000e-03 3.109200e-01
259 6.837640e-01 4.540000e-03 3.116960e-01
260 6.830240e-01 4.516000e-03 3.124600e-01
261 6.822600e-01 4.476000e-03 3.132640e-01
262 6.813680e-01 4.604000e-03 3.140280e-01
263 6.804640e-01 4.796000e-03 3.147400e-01
264 6.795960e-01 4.840000e-03 3.155640e-01
265 6.786920e-01 4.908000e-03 3.164000e-01
266 6.777680e-01 4.988000e-03 3.172440e-01
267 6.768200e-01 5.020000e-03 3.181600e-01
268 6.759080e-01 5.072000e-03 3.190200e-01
269 6.749520e-01 5.128000e-03 3.199200e-01
270 6.739600e-01 5.152000e-03 3.208880e-01
271 6.731000e-01 5.152000e-03 3.217480e-01
272 6.722200e-01 5.080000e-03 3.227000e-01
273 6.713880e-01 4.992000e-03 3.236200e-01
274 6.704280e-01 5.016000e-03 3.245560e-01
275 6.695240e-01 5.060000e-03 3.254160e-01
276 6.686320e-01 5.032000e-03 3.263360e-01
277 6.677680e-01 5.068000e-03 3.271640e-01
278 6.669080e-01 5.004000e-03 3.280880e-01
279 6.660000e-01 5.164000e-03 3.288360e-01
280 6.652360e-01 5.052000e-03 3.297120e-01
281 6.644560e-01 4.968000e-03 3.305760e-01
282 6.636280e-01 4.980000e-03 3.313920e-01
283 6.628120e-01 4.984000e-03 3.322040e-01
284 6.620200e-01 4.964000e-03 3.330160e-01
285 6.612520e-01 4.888000e-03 3.338600e-01
286 6.604880e-01 4.820000e-03 3.346920e-01
287 6.597360e-01 4.736000e-03 3.355280e-01
288 6.588720e-01 4.732000e-03 3.363960e-01
289 6.581240e-01 4.684000e-03 3.371920e-01
290 6.573640e-01 4.652000e-03 3.379840e-01
291 6.564880e-01 4.764000e-03 3.387480e-01
292 6.556080e-01 4.788000e-03 3.396040e-01
293 6.548200e-01 4.844000e-03 3.403360e-01
294 6.539640e-01 4.816000e-03 3.412200e-01
295 6.531400e-01 4.856000e-03 3.420040e-01
296 6.524200e-01 4.700000e-03 3.428800e-01
297 6.516000e-01 4.732000e-03 3.436680e-01
298 6.507440e-01 4.800000e-03 3.444560e-01
299 6.498680e-01 4.820000e-03 3.453120e-01
300 6.490760e-01 4.660000e-03 3.462640e-01
301 6.482960e-01 4.604000e-03 3.471000e-01
302 6.475320e-01 4.608000e-03 3.478600e-01
303 6.468000e-01 4.576000e-03 3.486240e-01
304 6.460920e-01 4.520000e-03 3.493880e-01
305 6.453240e-01 4.600000e-03 3.500760e-01
306 6.444720e-01 4.680000e-03 3.508480e-01
307 6.435920e-01 4.716000e-03 3.516920e-01
308 6.427600e-01 4.768000e-03 3.524720e-01
309 6.419520e-01 4.680000e-03 3.533680e-01
310 6.413200e-01 4.480000e-03 3.542000e-01
311 6.405520e-01 4.488000e-03 3.549600e-01
312 6.398080e-01 4.460000e-03 3.557320e-01
313 6.390840e-01 4.428000e-03 3.564880e-01
314 6.382640e-01 4.428000e-03 3.573080e-01
315 6.375600e-01 4.364000e-03 3.580760e-01
316 6.369040e-01 4.232000e-03 3.588640e-01
317 6.362000e-01 4.196000e-03 3.596040e-01
318 6.355680e-01 4.200000e-03 3.602320e-01
319 6.349120e-01 4.116000e-03 3.609720e-01
320 6.342080e-01 4.120000e-03 3.616720e-01
321 6.336000e-01 3.936000e-03 3.624640e-01
322 6.329840e-01 3.896000e-03 3.631200e-01
323 6.323800e-01 3.856000e-03 3.637640e-01
324 6.317440e-01 3.812000e-03 3.644440e-01
325 6.312320e-01 3.716000e-03 3.650520e-01
326 6.306760e-01 3.616000e-03 3.657080e-01
327 6.300760e-01 3.588000e-03 3.663360e-01
328 6.294920e-01 3.580000e-03 3.669280e-01
329 6.289680e-01 3.516000e-03 3.675160e-01
330 6.283280e-01 3.492000e-03 3.681800e-01
331 6.277400e-01 3.356000e-03 3.689040e-01
332 6.271520e-01 3.372000e-03 3.694760e-01
333 6.265480e-01 3.372000e-03 3.700800e-01
334 6.260160e-01 3.344000e-03 3.706400e-01
335 6.254480e-01 3.308000e-03 3.712440e-01
336 6.248840e-01 3.256000e-03 3.718600e-01
337 6.244120e-01 3.084000e-03 3.725040e-01
338 6.239440e-01 2.972000e-03 3.730840e-01
339 6.234240e-01 2.936000e-03 3.736400e-01
340 6.229800e-01 2.960000e-03 3.740600e-01
341 6.225280e-01 2.880000e-03 3.745920e-01
342 6.221160e-01 2.816000e-03 3.750680e-01
343 6.216840e-01 2.752000e-03 3.755640e-01
344 6.212280e-01 2.708000e-03 3.760640e-01
345 6.207360e-01 2.764000e-03 3.765000e-01
346 6.203800e-01 2.632000e-03 3.769880e-01
347 6.200200e-01 2.528000e-03 3.774520e-01
348 6.195960e-01 2.504000e-03 3.779000e-01
349 6.191840e-01 2.480000e-03 3.783360e-01
350 6.187680e-01 2.456000e-03 3.787760e-01
351 6.184520e-01 2.316000e-03 3.792320e-01
352 6.180680e-01 2.380000e-03 3.795520e-01
353 6.177480e-01 2.280000e-03 3.799720e-01
354 6.175320e-01 2.132000e-03 3.803360e-01
355 6.172360e-01 2.048000e-03 3.807160e-01
356 6.168920e-01 2.004000e-03 3.811040e-01
357 6.165480e-01 2.016000e-03 3.814360e-01
358 6.162160e-01 1.992000e-03 3.817920e-01
359 6.158360e-01 2.012000e-03 3.821520e-01
360 6.154920e-01 2.020000e-03 3.824880e-01
361 6.151600e-01 1.968000e-03 3.828720e-01
362 6.148040e-01 1.972000e-03 3.832240e-01
363 6.144080e-01 1.988000e-03 3.836040e-01
364 6.140720e-01 2.008000e-03 3.839200e-01
365 6.137720e-01 1.972000e-03 3.842560e-01
366 6.134280e-01 1.996000e-03 3.845760e-01
367 6.131360e-01 1.860000e-03 3.850040e-01
368 6.127880e-01 1.952000e-03 3.852600e-01
369 6.125080e-01 1.868000e-03 3.856240e-01
370 6.122640e-01 1.764000e-03 3.859720e-01
371 6.119760e-01 1.748000e-03 3.862760e-01
372 6.116960e-01 1.728000e-03 3.865760e-01
373 6.114840e-01 1.596000e-03 3.869200e-01
374 6.112400e-01 1.536000e-03 3.872240e-01
375 6.110000e-01 1.544000e-03 3.874560e-01
376 6.107840e-01 1.544000e-03 3.876720e-01
377 6.104960e-01 1.472000e-03 3.880320e-01
378 6.102720e-01 1.428000e-03 3.883000e-01
379 6.100400e-01 1.420000e-03 3.885400e-01
380 6.098600e-01 1.292000e-03 3.888480e-01
381 6.096640e-01 1.228000e-03 3.891080e-01
382 6.094760e-01 1.248000e-03 3.892760e-01
383 6.093120e-01 1.180000e-03 3.895080e-01
384 6.091440e-01 1.128000e-03 3.897280e-01
385 6.089280e-01 1.140000e-03 3.899320e-01
386 6.087480e-01 1.108000e-03 3.901440e-01
387 6.085240e-01 1.136000e-03 3.903400e-01
388 6.082960e-01 1.128000e-03 3.905760e-01
389 6.081040e-01 1.116000e-03 3.907800e-01
390 6.078640e-01 1.160000e-03 3.909760e-01
391 6.076640e-01 1.156000e-03 3.911800e-01
392 6.074720e-01 1.160000e-03 3.913680e-01
393 6.072120e-01 1.196000e-03 3.915920e-01
394 6.070600e-01 1.124000e-03 3.918160e-01
395 6.069120e-01 1.068000e-03 3.920200e-01
396 6.067800e-01 1.016000e-03 3.922040e-01
397 6.066520e-01 1.012000e-03 3.923360e-01
398 6.064720e-01 9.560000e-04 3.925720e-01
399 6.062920e-01 9.840000e-04 3.927240e-01
400 6.060920e-01 1.020000e-03 3.928880e-01
401 6.058480e-01 1.096000e-03 3.930560e-01
402 6.056520e-01 1.088000e-03 3.932600e-01
403 6.054640e-01 1.092000e-03 3.934440e-01
404 6.052360e-01 1.148000e-03 3.936160e-01
405 6.050160e-01 1.184000e-03 3.938000e-01
406 6.048120e-01 1.196000e-03 3.939920e-01
407 6.046240e-01 1.188000e-03 3.941880e-01
408 6.044760e-01 1.084000e-03 3.944400e-01
409 6.043120e-01 1.072000e-03 3.946160e-01
410 6.041280e-01 1.088000e-03 3.947840e-01
411 6.039120e-01 1.136000e-03 3.949520e-01
412 6.037600e-01 1.088000e-03 3.951520e-01
413 6.035760e-01 1.060000e-03 3.953640e-01
414 6.034360e-01 1.000000e-03 3.955640e-01
415 6.033040e-01 9.360000e-04 3.957600e-01
416 6.031400e-01 9.360000e-04 3.959240e-01
417 6.030000e-01 9.360000e-04 3.960640e-01
418 6.029160e-01 8.680000e-04 3.962160e-01
419 6.028080e-01 8.480000e-04 3.963440e-01
420 6.027240e-01 7.240000e-04 3.965520e-01
421 6.026120e-01 7.120000e-04 3.966760e-01
422 6.024840e-01 7.000000e-04 3.968160e-01
423 6.024040e-01 6.600000e-04 3.969360e-01
424 6.022960e-01 6.920000e-04 3.970120e-01
425 6.022080e-01 6.760000e-04 3.971160e-01
426 6.021240e-01 6.280000e-04 3.972480e-01
427 6.020280e-01 6.160000e-04 3.973560e-01
428 6.019320e-01 6.040000e-04 3.974640e-01
429 6.017760e-01 6.400000e-04 3.975840e-01
430 6.016840e-01 6.040000e-04 3.977120e-01
431 6.015640e-01 5.960000e-04 3.978400e-01
432 6.014760e-01 5.840000e-04 3.979400e-01
433 6.013880e-01 6.040000e-04 3.980080e-01
434 6.012760e-01 6.160000e-04 3.981080e-01
435 6.011600e-01 6.400000e-04 3.982000e-01
436 6.010600e-01 5.880000e-04 3.983520e-01
437 6.009600e-01 6.360000e-04 3.984040e-01
438 6.008720e-01 6.040000e-04 3.985240e-01
439 6.007680e-01 5.920000e-04 3.986400e-01
440 6.006320e-01 6.160000e-04 3.987520e-01
441 6.005200e-01 5.960000e-04 3.988840e-01
442 6.004040e-01 6.040000e-04 3.989920e-01
443 6.002840e-01 6.320000e-04 3.990840e-01
444 6.001880e-01 6.080000e-04 3.992040e-01
445 6.000520e-01 6.320000e-04 3.993160e-01
446 5.999320e-01 6.600000e-04 3.994080e-01
447 5.998520e-01 6.320000e-04 3.995160e-01
448 5.997680e-01 6.320000e-04 3.996000e-01
449 5.996640e-01 6.640000e-04 3.996720e-01
450 5.995680e-01 6.600000e-04 3.997720e-01
451 5.994520e-01 6.640000e-04 3.998840e-01
452 5.993600e-01 6.680000e-04 3.999720e-01
453 5.992920e-01 6.240000e-04 4.000840e-01
454 5.991800e-01 6.120000e-04 4.002080e-01
455 5.990880e-01 5.920000e-04 4.003200e-01
456 5.990320e-01 5.040000e-04 4.004640e-01
457 5.989400e-01 4.920000e-04 4.005680e-01
458 5.988600e-01 4.720000e-04 4.006680e-01
459 5.987880e-01 4.720000e-04 4.007400e-01
460 5.987120e-01 4.640000e-04 4.008240e-01
461 5.986360e-01 4.440000e-04 4.009200e-01
462 5.985640e-01 4.160000e-04 4.010200e-01
463 5.984920e-01 4.160000e-04 4.010920e-01
464 5.984280e-01 3.720000e-04 4.012000e-01
465 5.983880e-01 3.400000e-04 4.012720e-01
466 5.983480e-01 3.080000e-04 4.013440e-01
467 5.983320e-01 2.840000e-04 4.013840e-01
468 5.982840e-01 2.680000e-04 4.014480e-01
469 5.981800e-01 3.240000e-04 4.014960e-01
470 5.981400e-01 2.960000e-04 4.015640e-01
471 5.980440e-01 3.280000e-04 4.016280e-01
472 5.979280e-01 3.960000e-04 4.016760e-01
473 5.978000e-01 4.160000e-04 4.017840e-01
474 5.976960e-01 4.360000e-04 4.018680e-01
475 5.975480e-01 4.880000e-04 4.019640e-01
476 5.974760e-01 4.880000e-04 4.020360e-01
477 5.973640e-01 5.240000e-04 4.021120e-01
478 5.972320e-01 5.920000e-04 4.021760e-01
479 5.971040e-01 5.880000e-04 4.023080e-01
480 5.969800e-01 6.440000e-04 4.023760e-01
481 5.968440e-01 6.320000e-04 4.025240e-01
482 5.967120e-01 6.080000e-04 4.026800e-01
483 5.965480e-01 6.800000e-04 4.027720e-01
484 5.964480e-01 6.720000e-04 4.028800e-01
485 5.963520e-01 6.880000e-04 4.029600e-01
486 5.962280e-01 6.920000e-04 4.030800e-01
487 5.961280e-01 6.520000e-04 4.032200e-01
488 5.960240e-01 6.760000e-04 4.033000e-01
489 5.959280e-01 6.400000e-04 4.034320e-01
490 5.958040e-01 6.840000e-04 4.035120e-01
491 5.957160e-01 6.160000e-04 4.036680e-01
492 5.955680e-01 6.760000e-04 4.037560e-01
493 5.954760e-01 6.480000e-04 4.038760e-01
494 5.953560e-01 6.480000e-04 4.039960e-01
495 5.952680e-01 6.280000e-04 4.041040e-01
496 5.951520e-01 6.840000e-04 4.041640e-01
497 5.950320e-01 7.120000e-04 4.042560e-01
498 5.949040e-01 7.400000e-04 4.043560e-01
499 5.948040e-01 7.400000e-04 4.044560e-01
500 5.947000e-01 7.360000e-04 4.045640e-01
