1 9.991640e-01 7.160000e-04 1.200000e-04
2 9.985360e-01 1.176000e-03 2.880000e-04
3 9.977680e-01 1.660000e-03 5.720000e-04
4 9.970680e-01 1.984000e-03 9.480000e-04
5 9.963040e-01 2.376000e-03 1.320000e-03
6 9.956560e-01 2.596000e-03 1.748000e-03
7 9.947960e-01 3.000000e-03 2.204000e-03
8 9.940160e-01 3.164000e-03 2.820000e-03
9 9.931160e-01 3.452000e-03 3.432000e-03
10 9.923000e-01 3.624000e-03 4.076000e-03
11 9.913480e-01 3.884000e-03 4.768000e-03
12 9.904120e-01 4.092000e-03 5.496000e-03
13 9.894360e-01 4.424000e-03 6.140000e-03
14 9.883200e-01 4.756000e-03 6.924000e-03
15 9.873440e-01 4.960000e-03 7.696000e-03
16 9.862400e-01 5.184000e-03 8.576000e-03
17 9.851960e-01 5.316000e-03 9.488000e-03
18 9.841680e-01 5.292000e-03 1.054000e-02
19 9.830520e-01 5.468000e-03 1.148000e-02
20 9.819160e-01 5.628000e-03 1.245600e-02
21 9.808800e-01 5.672000e-03 1.344800e-02
22 9.797680e-01 5.784000e-03 1.444800e-02
23 9.785880e-01 5.928000e-03 1.548400e-02
24 9.774560e-01 6.024000e-03 1.652000e-02
25 9.762040e-01 6.192000e-03 1.760400e-02
26 9.749080e-01 6.328000e-03 1.876400e-02
27 9.736800e-01 6.464000e-03 1.985600e-02
28 9.723680e-01 6.648000e-03 2.098400e-02
29 9.710920e-01 6.792000e-03 2.211600e-02
30 9.696720e-01 7.044000e-03 2.328400e-02
31 9.683040e-01 7.180000e-03 2.451600e-02
32 9.669360e-01 7.268000e-03 2.579600e-02
33 9.655640e-01 7.452000e-03 2.698400e-02
34 9.642240e-01 7.480000e-03 2.829600e-02
35 9.627240e-01 7.760000e-03 2.951600e-02
36 9.612640e-01 7.752000e-03 3.098400e-02
37 9.595560e-01 8.056000e-03 3.238800e-02
38 9.580000e-01 8.180000e-03 3.382000e-02
39 9.563880e-01 8.260000e-03 3.535200e-02
40 9.548080e-01 8.364000e-03 3.682800e-02
41 9.531920e-01 8.476000e-03 3.833200e-02
42 9.515880e-01 8.596000e-03 3.981600e-02
43 9.500680e-01 8.680000e-03 4.125200e-02
44 9.485240e-01 8.740000e-03 4.273600e-02
45 9.469640e-01 8.752000e-03 4.428400e-02
46 9.453040e-01 8.868000e-03 4.582800e-02
47 9.436240e-01 9.036000e-03 4.734000e-02
48 9.420160e-01 9.144000e-03 4.884000e-02
49 9.404800e-01 9.036000e-03 5.048400e-02
50 9.388960e-01 9.004000e-03 5.210000e-02
51 9.372000e-01 9.272000e-03 5.352800e-02
52 9.355560e-01 9.372000e-03 5.507200e-02
53 9.337800e-01 9.564000e-03 5.665600e-02
54 9.321800e-01 9.408000e-03 5.841200e-02
55 9.305480e-01 9.240000e-03 6.021200e-02
56 9.289200e-01 9.168000e-03 6.191200e-02
57 9.272720e-01 9.180000e-03 6.354800e-02
58 9.254760e-01 9.264000e-03 6.526000e-02
59 9.238080e-01 9.384000e-03 6.680800e-02
60 9.218640e-01 9.676000e-03 6.846000e-02
61 9.202240e-01 9.700000e-03 7.007600e-02
62 9.184760e-01 9.712000e-03 7.181200e-02
63 9.168280e-01 9.740000e-03 7.343200e-02
64 9.151440e-01 9.660000e-03 7.519600e-02
65 9.134560e-01 9.624000e-03 7.692000e-02
66 9.118680e-01 9.564000e-03 7.856800e-02
67 9.102040e-01 9.464000e-03 8.033200e-02
68 9.085600e-01 9.488000e-03 8.195200e-02
69 9.068280e-01 9.396000e-03 8.377600e-02
70 9.050480e-01 9.412000e-03 8.554000e-02
71 9.033280e-01 9.488000e-03 8.718400e-02
72 9.017880e-01 9.444000e-03 8.876800e-02
73 9.001320e-01 9.496000e-03 9.037200e-02
74 8.983680e-01 9.568000e-03 9.206400e-02
75 8.965000e-01 9.680000e-03 9.382000e-02
76 8.947680e-01 9.788000e-03 9.544400e-02
77 8.930840e-01 9.764000e-03 9.715200e-02
78 8.914400e-01 9.800000e-03 9.876000e-02
79 8.899000e-01 9.636000e-03 1.004640e-01
80 8.883560e-01 9.336000e-03 1.023080e-01
81 8.869040e-01 9.248000e-03 1.038480e-01
82 8.854560e-01 9.052000e-03 1.054920e-01
83 8.840240e-01 8.816000e-03 1.071600e-01
84 8.824920e-01 8.784000e-03 1.087240e-01
85 8.809880e-01 8.732000e-03 1.102800e-01
86 8.793760e-01 8.848000e-03 1.117760e-01
87 8.777760e-01 8.888000e-03 1.133360e-01
88 8.761520e-01 8.860000e-03 1.149880e-01
89 8.746600e-01 8.764000e-03 1.165760e-01
90 8.730760e-01 8.900000e-03 1.180240e-01
91 8.717560e-01 8.756000e-03 1.194880e-01
92 8.704120e-01 8.524000e-03 1.210640e-01
93 8.689040e-01 8.660000e-03 1.224360e-01
94 8.673600e-01 8.744000e-03 1.238960e-01
95 8.657960e-01 8.584000e-03 1.256200e-01
96 8.643320e-01 8.404000e-03 1.272640e-01
97 8.629840e-01 8.292000e-03 1.287240e-01
98 8.614240e-01 8.356000e-03 1.302200e-01
99 8.601640e-01 8.272000e-03 1.315640e-01
100 8.589800e-01 8.104000e-03 1.329160e-01
101 8.576880e-01 7.936000e-03 1.343760e-01
102 8.564480e-01 7.788000e-03 1.357640e-01
103 8.551640e-01 7.656000e-03 1.371800e-01
104 8.539200e-01 7.508000e-03 1.385720e-01
105 8.524840e-01 7.544000e-03 1.399720e-01
106 8.512120e-01 7.400000e-03 1.413880e-01
107 8.497840e-01 7.604000e-03 1.426120e-01
108 8.484080e-01 7.640000e-03 1.439520e-01
109 8.470760e-01 7.640000e-03 1.452840e-01
110 8.456720e-01 7.756000e-03 1.465720e-01
111 8.441960e-01 7.992000e-03 1.478120e-01
112 8.428120e-01 7.980000e-03 1.492080e-01
113 8.414120e-01 7.904000e-03 1.506840e-01
114 8.399120e-01 8.064000e-03 1.520240e-01
115 8.385800e-01 8.056000e-03 1.533640e-01
116 8.372040e-01 8.000000e-03 1.547960e-01
117 8.358320e-01 7.960000e-03 1.562080e-01
118 8.345160e-01 7.896000e-03 1.575880e-01
119 8.330600e-01 8.016000e-03 1.589240e-01
120 8.317200e-01 7.848000e-03 1.604320e-01
121 8.303200e-01 7.884000e-03 1.617960e-01
122 8.289400e-01 7.876000e-03 1.631840e-01
123 8.276120e-01 7.732000e-03 1.646560e-01
124 8.261360e-01 7.792000e-03 1.660720e-01
125 8.247960e-01 7.744000e-03 1.674600e-01
126 8.234520e-01 7.668000e-03 1.688800e-01
127 8.222240e-01 7.632000e-03 1.701440e-01
128 8.210920e-01 7.416000e-03 1.714920e-01
129 8.198560e-01 7.400000e-03 1.727440e-01
130 8.186760e-01 7.268000e-03 1.740560e-01
131 8.173400e-01 7.356000e-03 1.753040e-01
132 8.160080e-01 7.296000e-03 1.766960e-01
133 8.146600e-01 7.456000e-03 1.778840e-01
134 8.133960e-01 7.388000e-03 1.792160e-01
135 8.119840e-01 7.484000e-03 1.805320e-01
136 8.107080e-01 7.500000e-03 1.817920e-01
137 8.093160e-01 7.624000e-03 1.830600e-01
138 8.077520e-01 7.780000e-03 1.844680e-01
139 8.064960e-01 7.752000e-03 1.857520e-01
140 8.051160e-01 7.792000e-03 1.870920e-01
141 8.038880e-01 7.684000e-03 1.884280e-01
142 8.024120e-01 7.708000e-03 1.898800e-01
143 8.010880e-01 7.752000e-03 1.911600e-01
144 7.998560e-01 7.656000e-03 1.924880e-01
145 7.985400e-01 7.608000e-03 1.938520e-01
146 7.971280e-01 7.720000e-03 1.951520e-01
147 7.956640e-01 7.860000e-03 1.964760e-01
148 7.942360e-01 7.936000e-03 1.978280e-01
149 7.926800e-01 8.180000e-03 1.991400e-01
150 7.912040e-01 8.224000e-03 2.005720e-01
151 7.896320e-01 8.392000e-03 2.019760e-01
152 7.881400e-01 8.472000e-03 2.033880e-01
153 7.867360e-01 8.364000e-03 2.049000e-01
154 7.853200e-01 8.292000e-03 2.063880e-01
155 7.838720e-01 8.332000e-03 2.077960e-01
156 7.825000e-01 8.188000e-03 2.093120e-01
157 7.810040e-01 8.292000e-03 2.107040e-01
158 7.796440e-01 8.108000e-03 2.122480e-01
159 7.783480e-01 8.052000e-03 2.136000e-01
160 7.771960e-01 7.812000e-03 2.149920e-01
161 7.758960e-01 7.720000e-03 2.163840e-01
162 7.746360e-01 7.688000e-03 2.176760e-01
163 7.734560e-01 7.408000e-03 2.191360e-01
164 7.723280e-01 7.212000e-03 2.204600e-01
165 7.709680e-01 7.332000e-03 2.217000e-01
166 7.695360e-01 7.512000e-03 2.229520e-01
167 7.682960e-01 7.452000e-03 2.242520e-01
168 7.671200e-01 7.408000e-03 2.254720e-01
169 7.660320e-01 7.172000e-03 2.267960e-01
170 7.648680e-01 7.120000e-03 2.280120e-01
171 7.637600e-01 6.884000e-03 2.293560e-01
172 7.625600e-01 6.840000e-03 2.306000e-01
173 7.613480e-01 6.844000e-03 2.318080e-01
174 7.601040e-01 6.896000e-03 2.330000e-01
175 7.589000e-01 6.968000e-03 2.341320e-01
176 7.576000e-01 7.048000e-03 2.353520e-01
177 7.562240e-01 7.208000e-03 2.365680e-01
178 7.549000e-01 7.180000e-03 2.379200e-01
179 7.535280e-01 7.360000e-03 2.391120e-01
180 7.523080e-01 7.328000e-03 2.403640e-01
181 7.510680e-01 7.260000e-03 2.416720e-01
182 7.498760e-01 7.180000e-03 2.429440e-01
183 7.486920e-01 7.184000e-03 2.441240e-01
184 7.473800e-01 7.240000e-03 2.453800e-01
185 7.462560e-01 7.000000e-03 2.467440e-01
186 7.451160e-01 7.184000e-03 2.477000e-01
187 7.439040e-01 7.192000e-03 2.489040e-01
188 7.425640e-01 7.300000e-03 2.501360e-01
189 7.413760e-01 7.232000e-03 2.513920e-01
190 7.401160e-01 7.340000e-03 2.525440e-01
191 7.388520e-01 7.236000e-03 2.539120e-01
192 7.376160e-01 7.200000e-03 2.551840e-01
193 7.363480e-01 7.140000e-03 2.565120e-01
194 7.349760e-01 7.348000e-03 2.576760e-01
195 7.336520e-01 7.460000e-03 2.588880e-01
196 7.322960e-01 7.352000e-03 2.603520e-01
197 7.309840e-01 7.496000e-03 2.615200e-01
198 7.298320e-01 7.364000e-03 2.628040e-01
199 7.286480e-01 7.200000e-03 2.641520e-01
200 7.274480e-01 7.064000e-03 2.654880e-01
201 7.262320e-01 7.104000e-03 2.666640e-01
202 7.250080e-01 7.012000e-03 2.679800e-01
203 7.238480e-01 6.892000e-03 2.692600e-01
204 7.227000e-01 6.840000e-03 2.704600e-01
205 7.215920e-01 6.780000e-03 2.716280e-01
206 7.206240e-01 6.528000e-03 2.728480e-01
207 7.196240e-01 6.320000e-03 2.740560e-01
208 7.186480e-01 6.300000e-03 2.750520e-01
209 7.176960e-01 6.220000e-03 2.760840e-01
210 7.167240e-01 6.004000e-03 2.772720e-01
211 7.157000e-01 5.828000e-03 2.784720e-01
212 7.146960e-01 5.760000e-03 2.795440e-01
213 7.137080e-01 5.824000e-03 2.804680e-01
214 7.126800e-01 5.748000e-03 2.815720e-01
215 7.116600e-01 5.780000e-03 2.825600e-01
216 7.106760e-01 5.780000e-03 2.835440e-01
217 7.096000e-01 5.816000e-03 2.845840e-01
218 7.087080e-01 5.684000e-03 2.856080e-01
219 7.076880e-01 5.668000e-03 2.866440e-01
220 7.067240e-01 5.612000e-03 2.876640e-01
221 7.057120e-01 5.684000e-03 2.886040e-01
222 7.047640e-01 5.732000e-03 2.895040e-01
223 7.039560e-01 5.576000e-03 2.904680e-01
224 7.029160e-01 5.664000e-03 2.914200e-01
225 7.019400e-01 5.692000e-03 2.923680e-01
226 7.009000e-01 5.704000e-03 2.933960e-01
227 6.999600e-01 5.624000e-03 2.944160e-01
228 6.989240e-01 5.712000e-03 2.953640e-01
229 6.979040e-01 5.692000e-03 2.964040e-01
230 6.969720e-01 5.584000e-03 2.974440e-01
231 6.960000e-01 5.636000e-03 2.983640e-01
232 6.949320e-01 5.712000e-03 2.993560e-01
233 6.941360e-01 5.644000e-03 3.002200e-01
234 6.932320e-01 5.624000e-03 3.011440e-01
235 6.922880e-01 5.600000e-03 3.021120e-01
236 6.912520e-01 5.596000e-03 3.031520e-01
237 6.903320e-01 5.456000e-03 3.042120e-01
238 6.892400e-01 5.548000e-03 3.052120e-01
239 6.883840e-01 5.452000e-03 3.061640e-01
240 6.874760e-01 5.400000e-03 3.071240e-01
241 6.866360e-01 5.360000e-03 3.080040e-01
242 6.857840e-01 5.272000e-03 3.089440e-01
243 6.849920e-01 5.124000e-03 3.098840e-01
244 6.843080e-01 4.928000e-03 3.107640e-01
245 6.835160e-01 4.764000e-03 3.117200e-01
246 6.827320e-01 4.668000e-03 3.126000e-01
247 6.819560e-01 4.624000e-03 3.134200e-01
248 6.811000e-01 4.640000e-03 3.142600e-01
249 6.803400e-01 4.640000e-03 3.150200e-01
250 6.796200e-01 4.508000e-03 3.158720e-01
251 6.788880e-01 4.376000e-03 3.167360e-01
252 6.783080e-01 4.204000e-03 3.174880e-01
253 6.776600e-01 4.160000e-03 3.181800e-01
254 6.768840e-01 4.216000e-03 3.189000e-01
255 6.761880e-01 4.112000e-03 3.197000e-01
256 6.754960e-01 4.128000e-03 3.203760e-01
257 6.748880e-01 3.944000e-03 3.211680e-01
258 6.742400e-01 3.924000e-03 3.218360e-01
259 6.736400e-01 3.900000e-03 3.224600e-01
260 6.729480e-01 3.836000e-03 3.232160e-01
261 6.723280e-01 3.884000e-03 3.237880e-01
262 6.717320e-01 3.796000e-03 3.244720e-01
263 6.711920e-01 3.632000e-03 3.251760e-01
264 6.706920e-01 3.500000e-03 3.258080e-01
265 6.700000e-01 3.568000e-03 3.264320e-01
266 6.694360e-01 3.452000e-03 3.271120e-01
267 6.687560e-01 3.572000e-03 3.276720e-01
268 6.681720e-01 3.556000e-03 3.282720e-01
269 6.675800e-01 3.500000e-03 3.289200e-01
270 6.669800e-01 3.488000e-03 3.295320e-01
271 6.664360e-01 3.396000e-03 3.301680e-01
272 6.658720e-01 3.356000e-03 3.307720e-01
273 6.652120e-01 3.452000e-03 3.313360e-01
274 6.646320e-01 3.400000e-03 3.319680e-01
275 6.641000e-01 3.380000e-03 3.325200e-01
276 6.635560e-01 3.432000e-03 3.330120e-01
277 6.629840e-01 3.368000e-03 3.336480e-01
278 6.625040e-01 3.216000e-03 3.342800e-01
279 6.620400e-01 3.084000e-03 3.348760e-01
280 6.615280e-01 3.076000e-03 3.353960e-01
281 6.610320e-01 3.060000e-03 3.359080e-01
282 6.605280e-01 3.028000e-03 3.364440e-01
283 6.599960e-01 3.032000e-03 3.369720e-01
284 6.595080e-01 2.952000e-03 3.375400e-01
285 6.589760e-01 2.972000e-03 3.380520e-01
286 6.583600e-01 3.048000e-03 3.385920e-01
287 6.577560e-01 3.108000e-03 3.391360e-01
288 6.571800e-01 3.100000e-03 3.397200e-01
289 6.566040e-01 3.188000e-03 3.402080e-01
290 6.559960e-01 3.296000e-03 3.407080e-01
291 6.553800e-01 3.324000e-03 3.412960e-01
292 6.548160e-01 3.364000e-03 3.418200e-01
293 6.543040e-01 3.268000e-03 3.424280e-01
294 6.537040e-01 3.256000e-03 3.430400e-01
295 6.532400e-01 3.172000e-03 3.435880e-01
296 6.527480e-01 3.116000e-03 3.441360e-01
297 6.523040e-01 3.004000e-03 3.446920e-01
298 6.518120e-01 2.908000e-03 3.452800e-01
299 6.514000e-01 2.812000e-03 3.457880e-01
300 6.509800e-01 2.676000e-03 3.463440e-01
301 6.505680e-01 2.600000e-03 3.468320e-01
302 6.501760e-01 2.576000e-03 3.472480e-01
303 6.497960e-01 2.516000e-03 3.476880e-01
304 6.494200e-01 2.440000e-03 3.481400e-01
305 6.489880e-01 2.476000e-03 3.485360e-01
306 6.486040e-01 2.424000e-03 3.489720e-01
307 6.482360e-01 2.520000e-03 3.492440e-01
308 6.478280e-01 2.512000e-03 3.496600e-01
309 6.474560e-01 2.440000e-03 3.501040e-01
310 6.471000e-01 2.336000e-03 3.505640e-01
311 6.466440e-01 2.428000e-03 3.509280e-01
312 6.462480e-01 2.348000e-03 3.514040e-01
313 6.457720e-01 2.440000e-03 3.517880e-01
314 6.454560e-01 2.368000e-03 3.521760e-01
315 6.450320e-01 2.508000e-03 3.524600e-01
316 6.446600e-01 2.420000e-03 3.529200e-01
317 6.442800e-01 2.380000e-03 3.533400e-01
318 6.438560e-01 2.444000e-03 3.537000e-01
319 6.434760e-01 2.416000e-03 3.541080e-01
320 6.430600e-01 2.416000e-03 3.545240e-01
321 6.426200e-01 2.468000e-03 3.549120e-01
322 6.421560e-01 2.460000e-03 3.553840e-01
323 6.416920e-01 2.520000e-03 3.557880e-01
324 6.412480e-01 2.564000e-03 3.561880e-01
325 6.408800e-01 2.456000e-03 3.566640e-01
326 6.404720e-01 2.512000e-03 3.570160e-01
327 6.400360e-01 2.496000e-03 3.574680e-01
328 6.396760e-01 2.464000e-03 3.578600e-01
329 6.393000e-01 2.412000e-03 3.582880e-01
330 6.389080e-01 2.484000e-03 3.586080e-01
331 6.385360e-01 2.408000e-03 3.590560e-01
332 6.381600e-01 2.400000e-03 3.594400e-01
333 6.378280e-01 2.356000e-03 3.598160e-01
334 6.373800e-01 2.368000e-03 3.602520e-01
335 6.370360e-01 2.344000e-03 3.606200e-01
336 6.366720e-01 2.276000e-03 3.610520e-01
337 6.363320e-01 2.228000e-03 3.614400e-01
338 6.359720e-01 2.188000e-03 3.618400e-01
339 6.356800e-01 2.188000e-03 3.621320e-01
340 6.353600e-01 2.160000e-03 3.624800e-01
341 6.350480e-01 2.136000e-03 3.628160e-01
342 6.347520e-01 2.012000e-03 3.632360e-01
343 6.343840e-01 2.036000e-03 3.635800e-01
344 6.340480e-01 2.020000e-03 3.639320e-01
345 6.337240e-01 2.004000e-03 3.642720e-01
346 6.334640e-01 1.908000e-03 3.646280e-01
347 6.332400e-01 1.712000e-03 3.650480e-01
348 6.329520e-01 1.688000e-03 3.653600e-01
349 6.326800e-01 1.656000e-03 3.656640e-01
350 6.323680e-01 1.688000e-03 3.659440e-01
351 6.321120e-01 1.660000e-03 3.662280e-01
352 6.318560e-01 1.680000e-03 3.664640e-01
353 6.316000e-01 1.624000e-03 3.667760e-01
354 6.313400e-01 1.632000e-03 3.670280e-01
355 6.310360e-01 1.660000e-03 3.673040e-01
356 6.307800e-01 1.652000e-03 3.675680e-01
357 6.305280e-01 1.652000e-03 3.678200e-01
358 6.302720e-01 1.600000e-03 3.681280e-01
359 6.299760e-01 1.628000e-03 3.683960e-01
360 6.297800e-01 1.560000e-03 3.686600e-01
361 6.295440e-01 1.500000e-03 3.689560e-01
362 6.293120e-01 1.496000e-03 3.691920e-01
363 6.291240e-01 1.420000e-03 3.694560e-01
364 6.289480e-01 1.312000e-03 3.697400e-01
365 6.288080e-01 1.220000e-03 3.699720e-01
366 6.286200e-01 1.216000e-03 3.701640e-01
367 6.284240e-01 1.188000e-03 3.703880e-01
368 6.282040e-01 1.180000e-03 3.706160e-01
369 6.280400e-01 1.128000e-03 3.708320e-01
370 6.278360e-01 1.172000e-03 3.709920e-01
371 6.276640e-01 1.160000e-03 3.711760e-01
372 6.274880e-01 1.156000e-03 3.713560e-01
373 6.272920e-01 1.112000e-03 3.715960e-01
374 6.271360e-01 1.068000e-03 3.717960e-01
375 6.269280e-01 1.088000e-03 3.719840e-01
376 6.267240e-01 1.100000e-03 3.721760e-01
377 6.265520e-01 1.080000e-03 3.723680e-01
378 6.263160e-01 1.112000e-03 3.725720e-01
379 6.260960e-01 1.140000e-03 3.727640e-01
380 6.258720e-01 1.220000e-03 3.729080e-01
381 6.256760e-01 1.196000e-03 3.731280e-01
382 6.254800e-01 1.140000e-03 3.733800e-01
383 6.253160e-01 1.112000e-03 3.735720e-01
384 6.250960e-01 1.188000e-03 3.737160e-01
385 6.249280e-01 1.112000e-03 3.739600e-01
386 6.248080e-01 9.920000e-04 3.742000e-01
387 6.246600e-01 9.840000e-04 3.743560e-01
388 6.244920e-01 9.880000e-04 3.745200e-01
389 6.243200e-01 1.020000e-03 3.746600e-01
390 6.241240e-01 1.032000e-03 3.748440e-01
391 6.240120e-01 9.560000e-04 3.750320e-01
392 6.238240e-01 9.760000e-04 3.752000e-01
393 6.236480e-01 9.880000e-04 3.753640e-01
394 6.234920e-01 1.028000e-03 3.754800e-01
395 6.233360e-01 1.012000e-03 3.756520e-01
396 6.231840e-01 1.000000e-03 3.758160e-01
397 6.230160e-01 9.480000e-04 3.760360e-01
398 6.229000e-01 9.200000e-04 3.761800e-01
399 6.227280e-01 9.440000e-04 3.763280e-01
400 6.225640e-01 9.400000e-04 3.764960e-01
401 6.224280e-01 8.960000e-04 3.766760e-01
402 6.222280e-01 9.880000e-04 3.767840e-01
403 6.220640e-01 9.880000e-04 3.769480e-01
404 6.219120e-01 9.680000e-04 3.771200e-01
405 6.217440e-01 9.760000e-04 3.772800e-01
406 6.215520e-01 9.440000e-04 3.775040e-01
407 6.213920e-01 9.480000e-04 3.776600e-01
408 6.211920e-01 1.012000e-03 3.777960e-01
409 6.210040e-01 1.032000e-03 3.779640e-01
410 6.208360e-01 9.840000e-04 3.781800e-01
411 6.206760e-01 9.320000e-04 3.783920e-01
412 6.204520e-01 9.680000e-04 3.785800e-01
413 6.202760e-01 9.920000e-04 3.787320e-01
414 6.201080e-01 1.012000e-03 3.788800e-01
415 6.199280e-01 9.960000e-04 3.790760e-01
416 6.197960e-01 9.720000e-04 3.792320e-01
417 6.196400e-01 9.320000e-04 3.794280e-01
418 6.194880e-01 9.040000e-04 3.796080e-01
419 6.193640e-01 8.480000e-04 3.797880e-01
420 6.191600e-01 8.840000e-04 3.799560e-01
421 6.189840e-01 8.840000e-04 3.801320e-01
422 6.188360e-01 8.880000e-04 3.802760e-01
423 6.187000e-01 8.680000e-04 3.804320e-01
424 6.185720e-01 8.280000e-04 3.806000e-01
425 6.184760e-01 7.760000e-04 3.807480e-01
426 6.183640e-01 7.920000e-04 3.808440e-01
427 6.182840e-01 7.600000e-04 3.809560e-01
428 6.181720e-01 7.560000e-04 3.810720e-01
429 6.180560e-01 7.040000e-04 3.812400e-01
430 6.179280e-01 7.200000e-04 3.813520e-01
431 6.178400e-01 6.760000e-04 3.814840e-01
432 6.176800e-01 7.400000e-04 3.815800e-01
433 6.175880e-01 6.920000e-04 3.817200e-01
434 6.175080e-01 6.440000e-04 3.818480e-01
435 6.173600e-01 6.720000e-04 3.819680e-01
436 6.172840e-01 6.160000e-04 3.821000e-01
437 6.171760e-01 6.600000e-04 3.821640e-01
438 6.170840e-01 6.200000e-04 3.822960e-01
439 6.169880e-01 6.120000e-04 3.824000e-01
440 6.169160e-01 5.720000e-04 3.825120e-01
441 6.168280e-01 5.800000e-04 3.825920e-01
442 6.167360e-01 6.080000e-04 3.826560e-01
443 6.166320e-01 5.760000e-04 3.827920e-01
444 6.165160e-01 5.880000e-04 3.828960e-01
445 6.164120e-01 5.920000e-04 3.829960e-01
446 6.162800e-01 6.120000e-04 3.831080e-01
447 6.161400e-01 6.280000e-04 3.832320e-01
448 6.160040e-01 6.680000e-04 3.833280e-01
449 6.159200e-01 6.640000e-04 3.834160e-01
450 6.158120e-01 6.520000e-04 3.835360e-01
451 6.157000e-01 6.840000e-04 3.836160e-01
452 6.155680e-01 6.760000e-04 3.837560e-01
453 6.154280e-01 6.880000e-04 3.838840e-01
454 6.153280e-01 6.920000e-04 3.839800e-01
455 6.152400e-01 6.440000e-04 3.841160e-01
456 6.151080e-01 6.680000e-04 3.842240e-01
457 6.150120e-01 6.400000e-04 3.843480e-01
458 6.148840e-01 6.480000e-04 3.844680e-01
459 6.148120e-01 6.280000e-04 3.845600e-01
460 6.147200e-01 6.320000e-04 3.846480e-01
461 6.146080e-01 6.040000e-04 3.847880e-01
462 6.144880e-01 5.960000e-04 3.849160e-01
463 6.143760e-01 6.160000e-04 3.850080e-01
464 6.142840e-01 5.800000e-04 3.851360e-01
465 6.141800e-01 6.080000e-04 3.852120e-01
466 6.140560e-01 6.320000e-04 3.853120e-01
467 6.139360e-01 6.720000e-04 3.853920e-01
468 6.137840e-01 6.840000e-04 3.855320e-01
469 6.136480e-01 6.880000e-04 3.856640e-01
470 6.135400e-01 6.840000e-04 3.857760e-01
471 6.134280e-01 6.920000e-04 3.858800e-01
472 6.133680e-01 6.480000e-04 3.859840e-01
473 6.132760e-01 6.320000e-04 3.860920e-01
474 6.131600e-01 6.480000e-04 3.861920e-01
475 6.130440e-01 6.840000e-04 3.862720e-01
476 6.129400e-01 6.600000e-04 3.864000e-01
477 6.128400e-01 6.320000e-04 3.865280e-01
478 6.127360e-01 6.440000e-04 3.866200e-01
479 6.126360e-01 6.320000e-04 3.867320e-01
480 6.125640e-01 6.000000e-04 3.868360e-01
481 6.124840e-01 5.720000e-04 3.869440e-01
482 6.124280e-01 5.400000e-04 3.870320e-01
483 6.123640e-01 5.120000e-04 3.871240e-01
484 6.123120e-01 4.640000e-04 3.872240e-01
485 6.122560e-01 4.440000e-04 3.873000e-01
486 6.121720e-01 4.680000e-04 3.873600e-01
487 6.121200e-01 4.680000e-04 3.874120e-01
488 6.120520e-01 4.520000e-04 3.874960e-01
489 6.119720e-01 4.480000e-04 3.875800e-01
490 6.118800e-01 4.640000e-04 3.876560e-01
491 6.118160e-01 4.560000e-04 3.877280e-01
492 6.117560e-01 4.480000e-04 3.877960e-01
493 6.116960e-01 4.280000e-04 3.878760e-01
494 6.116360e-01 4.160000e-04 3.879480e-01
495 6.115680e-01 3.880000e-04 3.880440e-01
496 6.115200e-01 3.720000e-04 3.881080e-01
497 6.114960e-01 3.280000e-04 3.881760e-01
498 6.114720e-01 2.960000e-04 3.882320e-01
499 6.114080e-01 3.120000e-04 3.882800e-01
500 6.113520e-01 3.040000e-04 3.883440e-01
