1 9.992200e-01 7.080000e-04 7.200000e-05
2 9.986840e-01 1.120000e-03 1.960000e-04
3 9.980120e-01 1.560000e-03 4.280000e-04
4 9.973120e-01 1.964000e-03 7.240000e-04
5 9.964840e-01 2.464000e-03 1.052000e-03
6 9.956680e-01 2.776000e-03 1.556000e-03
7 9.946640e-01 3.280000e-03 2.056000e-03
8 9.936800e-01 3.724000e-03 2.596000e-03
9 9.925800e-01 4.152000e-03 3.268000e-03
10 9.913960e-01 4.616000e-03 3.988000e-03
11 9.903080e-01 4.828000e-03 4.864000e-03
12 9.892120e-01 4.960000e-03 5.828000e-03
13 9.881440e-01 5.152000e-03 6.704000e-03
14 9.870520e-01 5.336000e-03 7.612000e-03
15 9.858640e-01 5.508000e-03 8.628000e-03
16 9.846280e-01 5.772000e-03 9.600000e-03
17 9.832640e-01 6.104000e-03 1.063200e-02
18 9.819320e-01 6.296000e-03 1.177200e-02
19 9.806600e-01 6.472000e-03 1.286800e-02
20 9.794000e-01 6.516000e-03 1.408400e-02
21 9.782560e-01 6.412000e-03 1.533200e-02
22 9.769320e-01 6.636000e-03 1.643200e-02
23 9.756200e-01 6.908000e-03 1.747200e-02
24 9.743960e-01 6.908000e-03 1.869600e-02
25 9.731440e-01 6.880000e-03 1.997600e-02
26 9.717040e-01 7.080000e-03 2.121600e-02
27 9.702120e-01 7.320000e-03 2.246800e-02
28 9.687160e-01 7.624000e-03 2.366000e-02
29 9.672520e-01 7.692000e-03 2.505600e-02
30 9.656280e-01 7.880000e-03 2.649200e-02
31 9.640560e-01 7.976000e-03 2.796800e-02
32 9.624600e-01 8.096000e-03 2.944400e-02
33 9.609680e-01 8.216000e-03 3.081600e-02
34 9.592880e-01 8.556000e-03 3.215600e-02
35 9.577120e-01 8.732000e-03 3.355600e-02
36 9.561640e-01 8.720000e-03 3.511600e-02
37 9.544920e-01 8.848000e-03 3.666000e-02
38 9.528520e-01 9.028000e-03 3.812000e-02
39 9.510400e-01 9.312000e-03 3.964800e-02
40 9.494520e-01 9.316000e-03 4.123200e-02
41 9.477200e-01 9.408000e-03 4.287200e-02
42 9.459920e-01 9.640000e-03 4.436800e-02
43 9.443560e-01 9.604000e-03 4.604000e-02
44 9.425640e-01 9.724000e-03 4.771200e-02
45 9.407880e-01 9.804000e-03 4.940800e-02
46 9.391280e-01 9.868000e-03 5.100400e-02
47 9.373040e-01 1.006800e-02 5.262800e-02
48 9.355600e-01 1.005600e-02 5.438400e-02
49 9.338560e-01 9.908000e-03 5.623600e-02
50 9.319000e-01 1.018000e-02 5.792000e-02
51 9.301440e-01 1.020000e-02 5.965600e-02
52 9.282560e-01 1.034400e-02 6.140000e-02
53 9.263480e-01 1.042000e-02 6.323200e-02
54 9.244560e-01 1.049600e-02 6.504800e-02
55 9.226680e-01 1.046800e-02 6.686400e-02
56 9.209320e-01 1.040000e-02 6.866800e-02
57 9.190520e-01 1.043200e-02 7.051600e-02
58 9.171720e-01 1.048000e-02 7.234800e-02
59 9.153400e-01 1.038400e-02 7.427600e-02
60 9.134520e-01 1.047600e-02 7.607200e-02
61 9.114800e-01 1.060400e-02 7.791600e-02
62 9.096080e-01 1.054400e-02 7.984800e-02
63 9.077880e-01 1.066400e-02 8.154800e-02
64 9.058400e-01 1.069200e-02 8.346800e-02
65 9.038560e-01 1.080800e-02 8.533600e-02
66 9.020000e-01 1.069200e-02 8.730800e-02
67 9.002640e-01 1.048800e-02 8.924800e-02
68 8.984520e-01 1.056000e-02 9.098800e-02
69 8.965080e-01 1.074800e-02 9.274400e-02
70 8.945640e-01 1.070000e-02 9.473600e-02
71 8.927760e-01 1.060400e-02 9.662000e-02
72 8.908800e-01 1.065200e-02 9.846800e-02
73 8.890320e-01 1.073600e-02 1.002320e-01
74 8.872640e-01 1.073600e-02 1.020000e-01
75 8.854400e-01 1.067200e-02 1.038880e-01
76 8.837320e-01 1.055600e-02 1.057120e-01
77 8.818800e-01 1.065200e-02 1.074680e-01
78 8.800800e-01 1.055600e-02 1.093640e-01
79 8.781440e-01 1.051600e-02 1.113400e-01
80 8.763080e-01 1.055200e-02 1.131400e-01
81 8.743680e-01 1.065600e-02 1.149760e-01
82 8.725040e-01 1.066400e-02 1.168320e-01
83 8.705360e-01 1.090800e-02 1.185560e-01
84 8.687000e-01 1.085600e-02 1.204440e-01
85 8.668040e-01 1.089200e-02 1.223040e-01
86 8.648400e-01 1.091600e-02 1.242440e-01
87 8.629920e-01 1.093200e-02 1.260760e-01
88 8.612160e-01 1.078800e-02 1.279960e-01
89 8.593840e-01 1.079200e-02 1.298240e-01
90 8.574320e-01 1.095200e-02 1.316160e-01
91 8.555440e-01 1.091600e-02 1.335400e-01
92 8.536280e-01 1.082000e-02 1.355520e-01
93 8.518160e-01 1.081600e-02 1.373680e-01
94 8.497800e-01 1.104800e-02 1.391720e-01
95 8.477600e-01 1.116000e-02 1.410800e-01
96 8.458440e-01 1.110800e-02 1.430480e-01
97 8.438960e-01 1.107200e-02 1.450320e-01
98 8.418560e-01 1.128800e-02 1.468560e-01
99 8.399480e-01 1.127200e-02 1.487800e-01
100 8.379320e-01 1.124800e-02 1.508200e-01
101 8.360200e-01 1.132400e-02 1.526560e-01
102 8.340880e-01 1.131600e-02 1.545960e-01
103 8.320080e-01 1.144400e-02 1.565480e-01
104 8.298560e-01 1.162400e-02 1.585200e-01
105 8.277280e-01 1.171200e-02 1.605600e-01
106 8.254840e-01 1.195600e-02 1.625600e-01
107 8.235760e-01 1.180000e-02 1.646240e-01
108 8.216840e-01 1.160800e-02 1.667080e-01
109 8.198200e-01 1.129600e-02 1.688840e-01
110 8.178920e-01 1.134400e-02 1.707640e-01
111 8.160840e-01 1.124400e-02 1.726720e-01
112 8.140960e-01 1.108800e-02 1.748160e-01
113 8.121720e-01 1.098800e-02 1.768400e-01
114 8.101920e-01 1.110400e-02 1.787040e-01
115 8.080960e-01 1.131600e-02 1.805880e-01
116 8.060640e-01 1.149200e-02 1.824440e-01
117 8.042640e-01 1.126800e-02 1.844680e-01
118 8.023440e-01 1.111600e-02 1.865400e-01
119 8.004960e-01 1.101600e-02 1.884880e-01
120 7.985960e-01 1.110000e-02 1.903040e-01
121 7.966440e-01 1.113200e-02 1.922240e-01
122 7.946600e-01 1.122400e-02 1.941160e-01
123 7.928120e-01 1.116000e-02 1.960280e-01
124 7.910720e-01 1.093600e-02 1.979920e-01
125 7.895280e-01 1.052400e-02 1.999480e-01
126 7.880360e-01 1.008800e-02 2.018760e-01
127 7.864400e-01 1.001200e-02 2.035480e-01
128 7.847600e-01 9.824000e-03 2.054160e-01
129 7.830200e-01 9.788000e-03 2.071920e-01
130 7.813000e-01 9.772000e-03 2.089280e-01
131 7.796840e-01 9.608000e-03 2.107080e-01
132 7.781000e-01 9.488000e-03 2.124120e-01
133 7.765480e-01 9.420000e-03 2.140320e-01
134 7.749480e-01 9.392000e-03 2.156600e-01
135 7.733320e-01 9.328000e-03 2.173400e-01
136 7.717280e-01 9.176000e-03 2.190960e-01
137 7.702080e-01 8.980000e-03 2.208120e-01
138 7.685320e-01 9.056000e-03 2.224120e-01
139 7.667960e-01 9.244000e-03 2.239600e-01
140 7.652560e-01 9.204000e-03 2.255400e-01
141 7.636160e-01 9.292000e-03 2.270920e-01
142 7.621000e-01 9.176000e-03 2.287240e-01
143 7.605000e-01 9.184000e-03 2.303160e-01
144 7.589680e-01 9.100000e-03 2.319320e-01
145 7.575960e-01 8.960000e-03 2.334440e-01
146 7.562920e-01 8.704000e-03 2.350040e-01
147 7.547920e-01 8.668000e-03 2.365400e-01
148 7.534040e-01 8.620000e-03 2.379760e-01
149 7.521160e-01 8.464000e-03 2.394200e-01
150 7.508320e-01 8.196000e-03 2.409720e-01
151 7.495640e-01 8.076000e-03 2.423600e-01
152 7.481840e-01 8.080000e-03 2.437360e-01
153 7.469120e-01 7.908000e-03 2.451800e-01
154 7.455040e-01 7.928000e-03 2.465680e-01
155 7.441360e-01 7.884000e-03 2.479800e-01
156 7.428120e-01 7.884000e-03 2.493040e-01
157 7.416160e-01 7.840000e-03 2.505440e-01
158 7.403600e-01 7.672000e-03 2.519680e-01
159 7.390040e-01 7.684000e-03 2.533120e-01
160 7.376040e-01 7.696000e-03 2.547000e-01
161 7.362600e-01 7.676000e-03 2.560640e-01
162 7.349800e-01 7.464000e-03 2.575560e-01
163 7.337840e-01 7.396000e-03 2.588200e-01
164 7.324200e-01 7.476000e-03 2.601040e-01
165 7.311240e-01 7.424000e-03 2.614520e-01
166 7.297240e-01 7.472000e-03 2.628040e-01
167 7.284760e-01 7.440000e-03 2.640840e-01
168 7.271640e-01 7.516000e-03 2.653200e-01
169 7.258800e-01 7.488000e-03 2.666320e-01
170 7.245440e-01 7.532000e-03 2.679240e-01
171 7.233240e-01 7.432000e-03 2.692440e-01
172 7.220480e-01 7.484000e-03 2.704680e-01
173 7.207320e-01 7.552000e-03 2.717160e-01
174 7.193800e-01 7.632000e-03 2.729880e-01
175 7.180360e-01 7.628000e-03 2.743360e-01
176 7.165440e-01 7.748000e-03 2.757080e-01
177 7.151960e-01 7.664000e-03 2.771400e-01
178 7.139360e-01 7.628000e-03 2.784360e-01
179 7.125760e-01 7.620000e-03 2.798040e-01
180 7.111920e-01 7.588000e-03 2.812200e-01
181 7.098560e-01 7.612000e-03 2.825320e-01
182 7.084240e-01 7.692000e-03 2.838840e-01
183 7.070520e-01 7.724000e-03 2.852240e-01
184 7.056920e-01 7.596000e-03 2.867120e-01
185 7.045080e-01 7.436000e-03 2.880560e-01
186 7.033920e-01 7.316000e-03 2.892920e-01
187 7.022880e-01 7.164000e-03 2.905480e-01
188 7.011880e-01 7.104000e-03 2.917080e-01
189 7.000400e-01 6.908000e-03 2.930520e-01
190 6.989600e-01 6.760000e-03 2.942800e-01
191 6.977440e-01 6.780000e-03 2.954760e-01
192 6.965200e-01 6.728000e-03 2.967520e-01
193 6.954040e-01 6.624000e-03 2.979720e-01
194 6.941480e-01 6.808000e-03 2.990440e-01
195 6.929440e-01 6.880000e-03 3.001760e-01
196 6.917720e-01 6.928000e-03 3.013000e-01
197 6.906480e-01 6.812000e-03 3.025400e-01
198 6.894520e-01 6.780000e-03 3.037680e-01
199 6.883400e-01 6.776000e-03 3.048840e-01
200 6.872200e-01 6.660000e-03 3.061200e-01
201 6.862280e-01 6.532000e-03 3.072400e-01
202 6.850440e-01 6.568000e-03 3.083880e-01
203 6.840160e-01 6.508000e-03 3.094760e-01
204 6.829560e-01 6.360000e-03 3.106840e-01
205 6.819000e-01 6.356000e-03 3.117440e-01
206 6.810440e-01 6.060000e-03 3.128960e-01
207 6.801280e-01 5.996000e-03 3.138760e-01
208 6.791880e-01 5.960000e-03 3.148520e-01
209 6.783120e-01 5.840000e-03 3.158480e-01
210 6.773720e-01 5.684000e-03 3.169440e-01
211 6.764320e-01 5.656000e-03 3.179120e-01
212 6.754880e-01 5.648000e-03 3.188640e-01
213 6.745520e-01 5.620000e-03 3.198280e-01
214 6.735840e-01 5.636000e-03 3.207800e-01
215 6.725920e-01 5.588000e-03 3.218200e-01
216 6.716640e-01 5.528000e-03 3.228080e-01
217 6.707840e-01 5.444000e-03 3.237720e-01
218 6.698080e-01 5.472000e-03 3.247200e-01
219 6.689200e-01 5.256000e-03 3.258240e-01
220 6.680600e-01 5.212000e-03 3.267280e-01
221 6.672400e-01 5.088000e-03 3.276720e-01
222 6.662840e-01 5.132000e-03 3.285840e-01
223 6.654520e-01 5.072000e-03 3.294760e-01
224 6.645840e-01 5.044000e-03 3.303720e-01
225 6.638920e-01 4.812000e-03 3.312960e-01
226 6.631320e-01 4.708000e-03 3.321600e-01
227 6.623560e-01 4.552000e-03 3.330920e-01
228 6.616560e-01 4.464000e-03 3.338800e-01
229 6.608160e-01 4.528000e-03 3.346560e-01
230 6.600960e-01 4.464000e-03 3.354400e-01
231 6.594360e-01 4.300000e-03 3.362640e-01
232 6.587240e-01 4.276000e-03 3.370000e-01
233 6.580600e-01 4.180000e-03 3.377600e-01
234 6.574000e-01 4.180000e-03 3.384200e-01
235 6.567640e-01 4.096000e-03 3.391400e-01
236 6.560440e-01 4.184000e-03 3.397720e-01
237 6.552400e-01 4.164000e-03 3.405960e-01
238 6.545440e-01 4.140000e-03 3.413160e-01
239 6.537200e-01 4.228000e-03 3.420520e-01
240 6.529560e-01 4.252000e-03 3.427920e-01
241 6.522000e-01 4.256000e-03 3.435440e-01
242 6.514320e-01 4.316000e-03 3.442520e-01
243 6.506720e-01 4.284000e-03 3.450440e-01
244 6.498560e-01 4.268000e-03 3.458760e-01
245 6.491520e-01 4.200000e-03 3.466480e-01
246 6.485920e-01 4.008000e-03 3.474000e-01
247 6.479880e-01 3.964000e-03 3.480480e-01
248 6.473640e-01 3.876000e-03 3.487600e-01
249 6.467480e-01 3.784000e-03 3.494680e-01
250 6.461600e-01 3.740000e-03 3.501000e-01
251 6.455120e-01 3.772000e-03 3.507160e-01
252 6.449040e-01 3.744000e-03 3.513520e-01
253 6.443240e-01 3.692000e-03 3.519840e-01
254 6.437520e-01 3.644000e-03 3.526040e-01
255 6.431120e-01 3.632000e-03 3.532560e-01
256 6.425960e-01 3.544000e-03 3.538600e-01
257 6.418880e-01 3.664000e-03 3.544480e-01
258 6.412520e-01 3.648000e-03 3.551000e-01
259 6.407040e-01 3.560000e-03 3.557360e-01
260 6.400600e-01 3.516000e-03 3.564240e-01
261 6.395040e-01 3.564000e-03 3.569320e-01
262 6.389840e-01 3.440000e-03 3.575760e-01
263 6.383840e-01 3.416000e-03 3.582000e-01
264 6.378240e-01 3.372000e-03 3.588040e-01
265 6.372840e-01 3.332000e-03 3.593840e-01
266 6.366760e-01 3.360000e-03 3.599640e-01
267 6.361040e-01 3.344000e-03 3.605520e-01
268 6.356200e-01 3.244000e-03 3.611360e-01
269 6.350640e-01 3.220000e-03 3.617160e-01
270 6.345280e-01 3.236000e-03 3.622360e-01
271 6.340720e-01 3.164000e-03 3.627640e-01
272 6.335360e-01 3.108000e-03 3.633560e-01
273 6.331440e-01 2.952000e-03 3.639040e-01
274 6.326960e-01 2.920000e-03 3.643840e-01
275 6.321720e-01 2.932000e-03 3.648960e-01
276 6.316960e-01 2.948000e-03 3.653560e-01
277 6.312680e-01 2.880000e-03 3.658520e-01
278 6.307560e-01 2.964000e-03 3.662800e-01
279 6.303240e-01 2.884000e-03 3.667920e-01
280 6.298960e-01 2.764000e-03 3.673400e-01
281 6.294720e-01 2.628000e-03 3.679000e-01
282 6.289520e-01 2.740000e-03 3.683080e-01
283 6.285240e-01 2.644000e-03 3.688320e-01
284 6.281080e-01 2.616000e-03 3.692760e-01
285 6.277240e-01 2.528000e-03 3.697480e-01
286 6.273400e-01 2.464000e-03 3.701960e-01
287 6.269240e-01 2.484000e-03 3.705920e-01
288 6.265360e-01 2.416000e-03 3.710480e-01
289 6.261320e-01 2.420000e-03 3.714480e-01
290 6.257240e-01 2.388000e-03 3.718880e-01
291 6.252920e-01 2.408000e-03 3.723000e-01
292 6.247920e-01 2.448000e-03 3.727600e-01
293 6.243680e-01 2.448000e-03 3.731840e-01
294 6.239120e-01 2.456000e-03 3.736320e-01
295 6.234720e-01 2.436000e-03 3.740920e-01
296 6.230520e-01 2.436000e-03 3.745120e-01
297 6.226200e-01 2.432000e-03 3.749480e-01
298 6.221960e-01 2.364000e-03 3.754400e-01
299 6.218080e-01 2.416000e-03 3.757760e-01
300 6.213600e-01 2.408000e-03 3.762320e-01
301 6.209720e-01 2.404000e-03 3.766240e-01
302 6.205480e-01 2.420000e-03 3.770320e-01
303 6.201800e-01 2.364000e-03 3.774560e-01
304 6.198440e-01 2.316000e-03 3.778400e-01
305 6.195040e-01 2.176000e-03 3.783200e-01
306 6.191320e-01 2.076000e-03 3.787920e-01
307 6.186840e-01 2.180000e-03 3.791360e-01
308 6.182720e-01 2.200000e-03 3.795280e-01
309 6.178480e-01 2.228000e-03 3.799240e-01
310 6.174520e-01 2.268000e-03 3.802800e-01
311 6.170640e-01 2.232000e-03 3.807040e-01
312 6.166840e-01 2.136000e-03 3.811800e-01
313 6.162680e-01 2.144000e-03 3.815880e-01
314 6.158160e-01 2.280000e-03 3.819040e-01
315 6.154560e-01 2.264000e-03 3.822800e-01
316 6.150440e-01 2.268000e-03 3.826880e-01
317 6.146520e-01 2.196000e-03 3.831520e-01
318 6.143560e-01 2.060000e-03 3.835840e-01
319 6.139360e-01 2.052000e-03 3.840120e-01
320 6.134880e-01 2.092000e-03 3.844200e-01
321 6.131280e-01 2.084000e-03 3.847880e-01
322 6.127760e-01 2.076000e-03 3.851480e-01
323 6.124320e-01 2.056000e-03 3.855120e-01
324 6.120240e-01 2.104000e-03 3.858720e-01
325 6.116320e-01 2.084000e-03 3.862840e-01
326 6.112160e-01 2.132000e-03 3.866520e-01
327 6.107720e-01 2.168000e-03 3.870600e-01
328 6.103720e-01 2.220000e-03 3.874080e-01
329 6.100680e-01 2.100000e-03 3.878320e-01
330 6.097200e-01 2.124000e-03 3.881560e-01
331 6.093920e-01 2.056000e-03 3.885520e-01
332 6.090960e-01 2.008000e-03 3.888960e-01
333 6.087640e-01 2.004000e-03 3.892320e-01
334 6.084680e-01 1.980000e-03 3.895520e-01
335 6.081520e-01 1.916000e-03 3.899320e-01
336 6.078240e-01 1.852000e-03 3.903240e-01
337 6.075720e-01 1.784000e-03 3.906440e-01
338 6.073400e-01 1.604000e-03 3.910560e-01
339 6.071040e-01 1.544000e-03 3.913520e-01
340 6.068240e-01 1.552000e-03 3.916240e-01
341 6.066080e-01 1.500000e-03 3.918920e-01
342 6.062960e-01 1.616000e-03 3.920880e-01
343 6.060600e-01 1.576000e-03 3.923640e-01
344 6.057720e-01 1.584000e-03 3.926440e-01
345 6.054840e-01 1.624000e-03 3.928920e-01
346 6.051720e-01 1.700000e-03 3.931280e-01
347 6.049000e-01 1.672000e-03 3.934280e-01
348 6.045640e-01 1.700000e-03 3.937360e-01
349 6.043280e-01 1.668000e-03 3.940040e-01
350 6.040520e-01 1.680000e-03 3.942680e-01
351 6.037280e-01 1.696000e-03 3.945760e-01
352 6.035080e-01 1.624000e-03 3.948680e-01
353 6.033120e-01 1.584000e-03 3.951040e-01
354 6.031480e-01 1.464000e-03 3.953880e-01
355 6.029160e-01 1.416000e-03 3.956680e-01
356 6.026880e-01 1.380000e-03 3.959320e-01
357 6.024600e-01 1.312000e-03 3.962280e-01
358 6.022160e-01 1.260000e-03 3.965240e-01
359 6.019760e-01 1.272000e-03 3.967520e-01
360 6.017520e-01 1.304000e-03 3.969440e-01
361 6.015640e-01 1.240000e-03 3.971960e-01
362 6.013280e-01 1.276000e-03 3.973960e-01
363 6.011120e-01 1.276000e-03 3.976120e-01
364 6.008320e-01 1.328000e-03 3.978400e-01
365 6.006520e-01 1.204000e-03 3.981440e-01
366 6.004800e-01 1.148000e-03 3.983720e-01
367 6.002960e-01 1.140000e-03 3.985640e-01
368 6.001720e-01 1.024000e-03 3.988040e-01
369 6.000440e-01 9.680000e-04 3.989880e-01
370 5.999280e-01 9.520000e-04 3.991200e-01
371 5.997280e-01 9.680000e-04 3.993040e-01
372 5.995560e-01 9.440000e-04 3.995000e-01
373 5.993720e-01 9.560000e-04 3.996720e-01
374 5.991680e-01 9.680000e-04 3.998640e-01
375 5.989760e-01 9.680000e-04 4.000560e-01
376 5.988320e-01 9.120000e-04 4.002560e-01
377 5.986560e-01 9.480000e-04 4.003960e-01
378 5.984160e-01 1.004000e-03 4.005800e-01
379 5.982320e-01 1.040000e-03 4.007280e-01
380 5.981080e-01 1.016000e-03 4.008760e-01
381 5.979280e-01 1.056000e-03 4.010160e-01
382 5.977560e-01 1.040000e-03 4.012040e-01
383 5.975440e-01 1.008000e-03 4.014480e-01
384 5.973320e-01 1.064000e-03 4.016040e-01
385 5.971440e-01 1.020000e-03 4.018360e-01
386 5.969160e-01 1.064000e-03 4.020200e-01
387 5.968000e-01 9.960000e-04 4.022040e-01
388 5.966640e-01 9.840000e-04 4.023520e-01
389 5.965400e-01 9.280000e-04 4.025320e-01
390 5.964080e-01 9.560000e-04 4.026360e-01
391 5.962400e-01 9.200000e-04 4.028400e-01
392 5.960920e-01 8.960000e-04 4.030120e-01
393 5.959240e-01 9.080000e-04 4.031680e-01
394 5.957880e-01 8.680000e-04 4.033440e-01
395 5.956360e-01 8.800000e-04 4.034840e-01
396 5.954720e-01 8.880000e-04 4.036400e-01
397 5.953280e-01 8.440000e-04 4.038280e-01
398 5.952120e-01 8.040000e-04 4.039840e-01
399 5.950440e-01 8.280000e-04 4.041280e-01
400 5.949440e-01 7.640000e-04 4.042920e-01
401 5.948320e-01 7.240000e-04 4.044440e-01
402 5.946840e-01 6.960000e-04 4.046200e-01
403 5.945440e-01 6.880000e-04 4.047680e-01
404 5.944440e-01 6.840000e-04 4.048720e-01
405 5.943120e-01 7.000000e-04 4.049880e-01
406 5.941880e-01 6.720000e-04 4.051400e-01
407 5.939920e-01 7.400000e-04 4.052680e-01
408 5.938160e-01 7.640000e-04 4.054200e-01
409 5.936840e-01 7.480000e-04 4.055680e-01
410 5.935160e-01 7.760000e-04 4.057080e-01
411 5.933400e-01 8.040000e-04 4.058560e-01
412 5.932240e-01 8.040000e-04 4.059720e-01
413 5.930880e-01 7.960000e-04 4.061160e-01
414 5.929840e-01 7.720000e-04 4.062440e-01
415 5.928120e-01 8.240000e-04 4.063640e-01
416 5.926440e-01 8.400000e-04 4.065160e-01
417 5.924800e-01 8.880000e-04 4.066320e-01
418 5.923560e-01 7.600000e-04 4.068840e-01
419 5.922040e-01 7.840000e-04 4.070120e-01
420 5.920960e-01 7.760000e-04 4.071280e-01
421 5.919680e-01 7.400000e-04 4.072920e-01
422 5.918520e-01 7.520000e-04 4.073960e-01
423 5.917600e-01 7.240000e-04 4.075160e-01
424 5.916680e-01 6.440000e-04 4.076880e-01
425 5.915280e-01 6.760000e-04 4.077960e-01
426 5.913800e-01 7.200000e-04 4.079000e-01
427 5.912600e-01 7.320000e-04 4.080080e-01
428 5.911400e-01 7.560000e-04 4.081040e-01
429 5.910120e-01 7.640000e-04 4.082240e-01
430 5.909320e-01 7.600000e-04 4.083080e-01
431 5.907880e-01 7.800000e-04 4.084320e-01
432 5.906560e-01 7.560000e-04 4.085880e-01
433 5.905280e-01 7.800000e-04 4.086920e-01
434 5.903840e-01 7.360000e-04 4.088800e-01
435 5.902880e-01 6.960000e-04 4.090160e-01
436 5.901600e-01 7.240000e-04 4.091160e-01
437 5.900320e-01 7.520000e-04 4.092160e-01
438 5.898880e-01 7.440000e-04 4.093680e-01
439 5.897960e-01 7.040000e-04 4.095000e-01
440 5.896760e-01 6.600000e-04 4.096640e-01
441 5.895800e-01 6.560000e-04 4.097640e-01
442 5.894480e-01 6.480000e-04 4.099040e-01
443 5.893360e-01 6.560000e-04 4.100080e-01
444 5.892240e-01 6.720000e-04 4.101040e-01
445 5.890880e-01 7.120000e-04 4.102000e-01
446 5.889760e-01 7.080000e-04 4.103160e-01
447 5.888200e-01 7.560000e-04 4.104240e-01
448 5.886920e-01 7.680000e-04 4.105400e-01
449 5.885880e-01 7.360000e-04 4.106760e-01
450 5.884480e-01 7.720000e-04 4.107800e-01
451 5.882480e-01 8.600000e-04 4.108920e-01
452 5.879920e-01 9.560000e-04 4.110520e-01
453 5.878360e-01 9.640000e-04 4.112000e-01
454 5.876360e-01 9.720000e-04 4.113920e-01
455 5.874280e-01 9.760000e-04 4.115960e-01
456 5.872640e-01 9.680000e-04 4.117680e-01
457 5.870640e-01 9.880000e-04 4.119480e-01
458 5.869160e-01 9.560000e-04 4.121280e-01
459 5.867800e-01 9.040000e-04 4.123160e-01
460 5.866760e-01 8.880000e-04 4.124360e-01
461 5.865280e-01 8.680000e-04 4.126040e-01
462 5.864320e-01 8.480000e-04 4.127200e-01
463 5.863040e-01 8.160000e-04 4.128800e-01
464 5.862320e-01 7.480000e-04 4.130200e-01
465 5.861440e-01 7.000000e-04 4.131560e-01
466 5.860480e-01 6.720000e-04 4.132800e-01
467 5.859640e-01 6.480000e-04 4.133880e-01
468 5.858200e-01 6.120000e-04 4.135680e-01
469 5.857240e-01 6.080000e-04 4.136680e-01
470 5.856360e-01 5.800000e-04 4.137840e-01
471 5.855040e-01 5.960000e-04 4.139000e-01
472 5.854160e-01 5.960000e-04 4.139880e-01
473 5.853240e-01 5.960000e-04 4.140800e-01
474 5.852160e-01 5.680000e-04 4.142160e-01
475 5.850960e-01 5.680000e-04 4.143360e-01
476 5.849920e-01 6.000000e-04 4.144080e-01
477 5.848800e-01 6.000000e-04 4.145200e-01
478 5.848160e-01 5.840000e-04 4.146000e-01
479 5.847320e-01 5.680000e-04 4.147000e-01
480 5.846440e-01 5.600000e-04 4.147960e-01
481 5.845600e-01 5.360000e-04 4.149040e-01
482 5.844320e-01 5.760000e-04 4.149920e-01
483 5.843000e-01 5.880000e-04 4.151120e-01
484 5.841840e-01 6.080000e-04 4.152080e-01
485 5.840720e-01 6.280000e-04 4.153000e-01
486 5.839320e-01 6.280000e-04 4.154400e-01
487 5.838160e-01 6.280000e-04 4.155560e-01
488 5.836800e-01 6.080000e-04 4.157120e-01
489 5.835840e-01 5.800000e-04 4.158360e-01
490 5.835080e-01 5.120000e-04 4.159800e-01
491 5.834360e-01 5.000000e-04 4.160640e-01
492 5.833480e-01 5.040000e-04 4.161480e-01
493 5.832640e-01 5.040000e-04 4.162320e-01
494 5.832040e-01 4.800000e-04 4.163160e-01
495 5.831560e-01 4.240000e-04 4.164200e-01
496 5.830880e-01 4.280000e-04 4.164840e-01
497 5.830360e-01 4.320000e-04 4.165320e-01
498 5.829760e-01 4.320000e-04 4.165920e-01
499 5.828760e-01 4.360000e-04 4.166880e-01
500 5.827680e-01 4.720000e-04 4.167600e-01
