1 9.991920e-01 7.400000e-04 6.800000e-05
2 9.986040e-01 1.136000e-03 2.600000e-04
3 9.980560e-01 1.460000e-03 4.840000e-04
4 9.973240e-01 1.864000e-03 8.120000e-04
5 9.965520e-01 2.296000e-03 1.152000e-03
6 9.957680e-01 2.664000e-03 1.568000e-03
7 9.949240e-01 3.012000e-03 2.064000e-03
8 9.941440e-01 3.232000e-03 2.624000e-03
9 9.932480e-01 3.584000e-03 3.168000e-03
10 9.921760e-01 3.956000e-03 3.868000e-03
11 9.913360e-01 4.080000e-03 4.584000e-03
12 9.903840e-01 4.376000e-03 5.240000e-03
13 9.894680e-01 4.440000e-03 6.092000e-03
14 9.884200e-01 4.724000e-03 6.856000e-03
15 9.874400e-01 4.852000e-03 7.708000e-03
16 9.864680e-01 4.920000e-03 8.612000e-03
17 9.853640e-01 5.120000e-03 9.516000e-03
18 9.842480e-01 5.396000e-03 1.035600e-02
19 9.831440e-01 5.624000e-03 1.123200e-02
20 9.820160e-01 5.888000e-03 1.209600e-02
21 9.806640e-01 6.204000e-03 1.313200e-02
22 9.790760e-01 6.568000e-03 1.435600e-02
23 9.778360e-01 6.592000e-03 1.557200e-02
24 9.764880e-01 6.844000e-03 1.666800e-02
25 9.750200e-01 7.188000e-03 1.779200e-02
26 9.733720e-01 7.432000e-03 1.919600e-02
27 9.719360e-01 7.436000e-03 2.062800e-02
28 9.706120e-01 7.428000e-03 2.196000e-02
29 9.693160e-01 7.348000e-03 2.333600e-02
30 9.678120e-01 7.560000e-03 2.462800e-02
31 9.664600e-01 7.544000e-03 2.599600e-02
32 9.650440e-01 7.636000e-03 2.732000e-02
33 9.636320e-01 7.608000e-03 2.876000e-02
34 9.623520e-01 7.648000e-03 3.000000e-02
35 9.610400e-01 7.632000e-03 3.132800e-02
36 9.596440e-01 7.740000e-03 3.261600e-02
37 9.583440e-01 7.668000e-03 3.398800e-02
38 9.569560e-01 7.708000e-03 3.533600e-02
39 9.554400e-01 7.944000e-03 3.661600e-02
40 9.538880e-01 8.048000e-03 3.806400e-02
41 9.522280e-01 8.292000e-03 3.948000e-02
42 9.503880e-01 8.680000e-03 4.093200e-02
43 9.487880e-01 8.844000e-03 4.236800e-02
44 9.469640e-01 9.012000e-03 4.402400e-02
45 9.452280e-01 9.192000e-03 4.558000e-02
46 9.433680e-01 9.652000e-03 4.698000e-02
47 9.416840e-01 9.632000e-03 4.868400e-02
48 9.398360e-01 9.784000e-03 5.038000e-02
49 9.381840e-01 9.668000e-03 5.214800e-02
50 9.364560e-01 9.640000e-03 5.390400e-02
51 9.348000e-01 9.680000e-03 5.552000e-02
52 9.331840e-01 9.656000e-03 5.716000e-02
53 9.315640e-01 9.548000e-03 5.888800e-02
54 9.298160e-01 9.584000e-03 6.060000e-02
55 9.281760e-01 9.596000e-03 6.222800e-02
56 9.264560e-01 9.620000e-03 6.392400e-02
57 9.247640e-01 9.612000e-03 6.562400e-02
58 9.231640e-01 9.508000e-03 6.732800e-02
59 9.214080e-01 9.588000e-03 6.900400e-02
60 9.197600e-01 9.560000e-03 7.068000e-02
61 9.180760e-01 9.492000e-03 7.243200e-02
62 9.166000e-01 9.292000e-03 7.410800e-02
63 9.149920e-01 9.268000e-03 7.574000e-02
64 9.134200e-01 9.140000e-03 7.744000e-02
65 9.118240e-01 9.112000e-03 7.906400e-02
66 9.103000e-01 9.172000e-03 8.052800e-02
67 9.086080e-01 9.384000e-03 8.200800e-02
68 9.067880e-01 9.636000e-03 8.357600e-02
69 9.050120e-01 9.600000e-03 8.538800e-02
70 9.033560e-01 9.644000e-03 8.700000e-02
71 9.016880e-01 9.632000e-03 8.868000e-02
72 9.000400e-01 9.624000e-03 9.033600e-02
73 8.982240e-01 9.664000e-03 9.211200e-02
74 8.964040e-01 9.828000e-03 9.376800e-02
75 8.947520e-01 9.740000e-03 9.550800e-02
76 8.929440e-01 9.912000e-03 9.714400e-02
77 8.910040e-01 1.006000e-02 9.893600e-02
78 8.893120e-01 9.900000e-03 1.007880e-01
79 8.876640e-01 9.776000e-03 1.025600e-01
80 8.858600e-01 9.808000e-03 1.043320e-01
81 8.842320e-01 9.716000e-03 1.060520e-01
82 8.825560e-01 9.620000e-03 1.078240e-01
83 8.810360e-01 9.468000e-03 1.094960e-01
84 8.794560e-01 9.328000e-03 1.112160e-01
85 8.778840e-01 9.264000e-03 1.128520e-01
86 8.763240e-01 9.256000e-03 1.144200e-01
87 8.748040e-01 9.252000e-03 1.159440e-01
88 8.732600e-01 9.232000e-03 1.175080e-01
89 8.716080e-01 9.256000e-03 1.191360e-01
90 8.700960e-01 9.200000e-03 1.207040e-01
91 8.686800e-01 9.124000e-03 1.221960e-01
92 8.670880e-01 9.220000e-03 1.236920e-01
93 8.655080e-01 9.232000e-03 1.252600e-01
94 8.638120e-01 9.384000e-03 1.268040e-01
95 8.622040e-01 9.268000e-03 1.285280e-01
96 8.606640e-01 9.172000e-03 1.301640e-01
97 8.592680e-01 8.832000e-03 1.319000e-01
98 8.577400e-01 8.812000e-03 1.334480e-01
99 8.563040e-01 8.768000e-03 1.349280e-01
100 8.548520e-01 8.696000e-03 1.364520e-01
101 8.533600e-01 8.620000e-03 1.380200e-01
102 8.519000e-01 8.516000e-03 1.395840e-01
103 8.504280e-01 8.528000e-03 1.410440e-01
104 8.488200e-01 8.708000e-03 1.424720e-01
105 8.472080e-01 8.836000e-03 1.439560e-01
106 8.456560e-01 8.816000e-03 1.455280e-01
107 8.440640e-01 8.744000e-03 1.471920e-01
108 8.425360e-01 8.720000e-03 1.487440e-01
109 8.408320e-01 8.900000e-03 1.502680e-01
110 8.392200e-01 9.060000e-03 1.517200e-01
111 8.376680e-01 9.128000e-03 1.532040e-01
112 8.360960e-01 9.108000e-03 1.547960e-01
113 8.345400e-01 9.184000e-03 1.562760e-01
114 8.330000e-01 9.064000e-03 1.579360e-01
115 8.315200e-01 8.948000e-03 1.595320e-01
116 8.302680e-01 8.560000e-03 1.611720e-01
117 8.289120e-01 8.448000e-03 1.626400e-01
118 8.275800e-01 8.300000e-03 1.641200e-01
119 8.261720e-01 8.324000e-03 1.655040e-01
120 8.249080e-01 8.228000e-03 1.668640e-01
121 8.235040e-01 8.244000e-03 1.682520e-01
122 8.222800e-01 8.124000e-03 1.695960e-01
123 8.209480e-01 8.064000e-03 1.709880e-01
124 8.197640e-01 7.808000e-03 1.724280e-01
125 8.185560e-01 7.644000e-03 1.738000e-01
126 8.174040e-01 7.400000e-03 1.751960e-01
127 8.163280e-01 7.208000e-03 1.764640e-01
128 8.151880e-01 7.064000e-03 1.777480e-01
129 8.142120e-01 6.892000e-03 1.788960e-01
130 8.131400e-01 6.740000e-03 1.801200e-01
131 8.120880e-01 6.724000e-03 1.811880e-01
132 8.109720e-01 6.704000e-03 1.823240e-01
133 8.098400e-01 6.540000e-03 1.836200e-01
134 8.087880e-01 6.428000e-03 1.847840e-01
135 8.076680e-01 6.520000e-03 1.858120e-01
136 8.066800e-01 6.324000e-03 1.869960e-01
137 8.055960e-01 6.372000e-03 1.880320e-01
138 8.045520e-01 6.156000e-03 1.892920e-01
139 8.035480e-01 6.060000e-03 1.903920e-01
140 8.025880e-01 6.008000e-03 1.914040e-01
141 8.015040e-01 6.112000e-03 1.923840e-01
142 8.004640e-01 6.048000e-03 1.934880e-01
143 7.992760e-01 6.344000e-03 1.943800e-01
144 7.982320e-01 6.376000e-03 1.953920e-01
145 7.971720e-01 6.340000e-03 1.964880e-01
146 7.959920e-01 6.380000e-03 1.976280e-01
147 7.948760e-01 6.472000e-03 1.986520e-01
148 7.937960e-01 6.440000e-03 1.997640e-01
149 7.927280e-01 6.356000e-03 2.009160e-01
150 7.917000e-01 6.260000e-03 2.020400e-01
151 7.906120e-01 6.200000e-03 2.031880e-01
152 7.894760e-01 6.360000e-03 2.041640e-01
153 7.884920e-01 6.120000e-03 2.053880e-01
154 7.873720e-01 6.156000e-03 2.064720e-01
155 7.863520e-01 6.160000e-03 2.074880e-01
156 7.852280e-01 6.168000e-03 2.086040e-01
157 7.841760e-01 6.040000e-03 2.097840e-01
158 7.831720e-01 5.952000e-03 2.108760e-01
159 7.820480e-01 6.112000e-03 2.118400e-01
160 7.808360e-01 6.196000e-03 2.129680e-01
161 7.797280e-01 6.252000e-03 2.140200e-01
162 7.785520e-01 6.372000e-03 2.150760e-01
163 7.776040e-01 6.284000e-03 2.161120e-01
164 7.764680e-01 6.180000e-03 2.173520e-01
165 7.753480e-01 6.304000e-03 2.183480e-01
166 7.742960e-01 6.252000e-03 2.194520e-01
167 7.731680e-01 6.280000e-03 2.205520e-01
168 7.721000e-01 6.200000e-03 2.217000e-01
169 7.710640e-01 6.096000e-03 2.228400e-01
170 7.699120e-01 6.076000e-03 2.240120e-01
171 7.689120e-01 5.952000e-03 2.251360e-01
172 7.677920e-01 6.076000e-03 2.261320e-01
173 7.667200e-01 6.164000e-03 2.271160e-01
174 7.655120e-01 6.272000e-03 2.282160e-01
175 7.643840e-01 6.248000e-03 2.293680e-01
176 7.633000e-01 6.208000e-03 2.304920e-01
177 7.622680e-01 6.192000e-03 2.315400e-01
178 7.611520e-01 6.280000e-03 2.325680e-01
179 7.600120e-01 6.364000e-03 2.336240e-01
180 7.589160e-01 6.388000e-03 2.346960e-01
181 7.578080e-01 6.404000e-03 2.357880e-01
182 7.567720e-01 6.424000e-03 2.368040e-01
183 7.556600e-01 6.396000e-03 2.379440e-01
184 7.544720e-01 6.384000e-03 2.391440e-01
185 7.535000e-01 6.288000e-03 2.402120e-01
186 7.526400e-01 6.000000e-03 2.413600e-01
187 7.515960e-01 5.916000e-03 2.424880e-01
188 7.506320e-01 5.948000e-03 2.434200e-01
189 7.494720e-01 6.072000e-03 2.444560e-01
190 7.484680e-01 5.976000e-03 2.455560e-01
191 7.473720e-01 6.160000e-03 2.464680e-01
192 7.464160e-01 5.952000e-03 2.476320e-01
193 7.455160e-01 5.756000e-03 2.487280e-01
194 7.443800e-01 5.796000e-03 2.498240e-01
195 7.434600e-01 5.756000e-03 2.507840e-01
196 7.426080e-01 5.692000e-03 2.517000e-01
197 7.416360e-01 5.696000e-03 2.526680e-01
198 7.408240e-01 5.484000e-03 2.536920e-01
199 7.399160e-01 5.448000e-03 2.546360e-01
200 7.391120e-01 5.344000e-03 2.555440e-01
201 7.382640e-01 5.308000e-03 2.564280e-01
202 7.374520e-01 5.204000e-03 2.573440e-01
203 7.366520e-01 5.060000e-03 2.582880e-01
204 7.358240e-01 4.968000e-03 2.592080e-01
205 7.351520e-01 4.764000e-03 2.600840e-01
206 7.343880e-01 4.708000e-03 2.609040e-01
207 7.337200e-01 4.532000e-03 2.617480e-01
208 7.329720e-01 4.472000e-03 2.625560e-01
209 7.323280e-01 4.292000e-03 2.633800e-01
210 7.315440e-01 4.256000e-03 2.642000e-01
211 7.309040e-01 4.184000e-03 2.649120e-01
212 7.302240e-01 4.156000e-03 2.656200e-01
213 7.295960e-01 4.052000e-03 2.663520e-01
214 7.289240e-01 4.020000e-03 2.670560e-01
215 7.282280e-01 4.012000e-03 2.677600e-01
216 7.275000e-01 4.048000e-03 2.684520e-01
217 7.268200e-01 4.032000e-03 2.691480e-01
218 7.262200e-01 3.988000e-03 2.697920e-01
219 7.255920e-01 3.908000e-03 2.705000e-01
220 7.250120e-01 3.776000e-03 2.712120e-01
221 7.244360e-01 3.664000e-03 2.719000e-01
222 7.237840e-01 3.668000e-03 2.725480e-01
223 7.232280e-01 3.612000e-03 2.731600e-01
224 7.227080e-01 3.560000e-03 2.737320e-01
225 7.222560e-01 3.352000e-03 2.743920e-01
226 7.217440e-01 3.220000e-03 2.750360e-01
227 7.212600e-01 3.064000e-03 2.756760e-01
228 7.207040e-01 3.104000e-03 2.761920e-01
229 7.201840e-01 3.116000e-03 2.767000e-01
230 7.197080e-01 2.960000e-03 2.773320e-01
231 7.192440e-01 2.908000e-03 2.778480e-01
232 7.187720e-01 2.872000e-03 2.783560e-01
233 7.183200e-01 2.860000e-03 2.788200e-01
234 7.178520e-01 2.884000e-03 2.792640e-01
235 7.173520e-01 2.920000e-03 2.797280e-01
236 7.168120e-01 2.940000e-03 2.802480e-01
237 7.163080e-01 2.876000e-03 2.808160e-01
238 7.157000e-01 2.968000e-03 2.813320e-01
239 7.152440e-01 2.896000e-03 2.818600e-01
240 7.148280e-01 2.688000e-03 2.824840e-01
241 7.143760e-01 2.620000e-03 2.830040e-01
242 7.139000e-01 2.584000e-03 2.835160e-01
243 7.134440e-01 2.620000e-03 2.839360e-01
244 7.130200e-01 2.664000e-03 2.843160e-01
245 7.126360e-01 2.576000e-03 2.847880e-01
246 7.122480e-01 2.568000e-03 2.851840e-01
247 7.118120e-01 2.560000e-03 2.856280e-01
248 7.113840e-01 2.532000e-03 2.860840e-01
249 7.110160e-01 2.480000e-03 2.865040e-01
250 7.106440e-01 2.432000e-03 2.869240e-01
251 7.102680e-01 2.384000e-03 2.873480e-01
252 7.098720e-01 2.276000e-03 2.878520e-01
253 7.095160e-01 2.196000e-03 2.882880e-01
254 7.091480e-01 2.104000e-03 2.887480e-01
255 7.087800e-01 2.140000e-03 2.890800e-01
256 7.083920e-01 2.148000e-03 2.894600e-01
257 7.079320e-01 2.220000e-03 2.898480e-01
258 7.075680e-01 2.168000e-03 2.902640e-01
259 7.071760e-01 2.236000e-03 2.905880e-01
260 7.067520e-01 2.328000e-03 2.909200e-01
261 7.063760e-01 2.348000e-03 2.912760e-01
262 7.060240e-01 2.224000e-03 2.917520e-01
263 7.057440e-01 2.092000e-03 2.921640e-01
264 7.053440e-01 2.068000e-03 2.925880e-01
265 7.050360e-01 1.992000e-03 2.929720e-01
266 7.045920e-01 2.064000e-03 2.933440e-01
267 7.042520e-01 2.104000e-03 2.936440e-01
268 7.039240e-01 2.084000e-03 2.939920e-01
269 7.035360e-01 2.136000e-03 2.943280e-01
270 7.031880e-01 2.072000e-03 2.947400e-01
271 7.028640e-01 2.064000e-03 2.950720e-01
272 7.024880e-01 2.036000e-03 2.954760e-01
273 7.021480e-01 2.016000e-03 2.958360e-01
274 7.018360e-01 2.000000e-03 2.961640e-01
275 7.015440e-01 1.948000e-03 2.965080e-01
276 7.012120e-01 1.948000e-03 2.968400e-01
277 7.008760e-01 1.988000e-03 2.971360e-01
278 7.005000e-01 2.036000e-03 2.974640e-01
279 7.001280e-01 2.104000e-03 2.977680e-01
280 6.997840e-01 2.072000e-03 2.981440e-01
281 6.994240e-01 2.124000e-03 2.984520e-01
282 6.989360e-01 2.236000e-03 2.988280e-01
283 6.985680e-01 2.208000e-03 2.992240e-01
284 6.981720e-01 2.280000e-03 2.995480e-01
285 6.978400e-01 2.268000e-03 2.998920e-01
286 6.975080e-01 2.204000e-03 3.002880e-01
287 6.971600e-01 2.168000e-03 3.006720e-01
288 6.968200e-01 2.180000e-03 3.010000e-01
289 6.964560e-01 2.160000e-03 3.013840e-01
290 6.960120e-01 2.268000e-03 3.017200e-01
291 6.955680e-01 2.368000e-03 3.020640e-01
292 6.951120e-01 2.432000e-03 3.024560e-01
293 6.946360e-01 2.544000e-03 3.028200e-01
294 6.942840e-01 2.464000e-03 3.032520e-01
295 6.939440e-01 2.368000e-03 3.036880e-01
296 6.935760e-01 2.368000e-03 3.040560e-01
297 6.932960e-01 2.216000e-03 3.044880e-01
298 6.929400e-01 2.216000e-03 3.048440e-01
299 6.926040e-01 2.168000e-03 3.052280e-01
300 6.922400e-01 2.204000e-03 3.055560e-01
301 6.919280e-01 2.080000e-03 3.059920e-01
302 6.916080e-01 2.100000e-03 3.062920e-01
303 6.912320e-01 2.148000e-03 3.066200e-01
304 6.908880e-01 2.120000e-03 3.069920e-01
305 6.904800e-01 2.168000e-03 3.073520e-01
306 6.901520e-01 2.116000e-03 3.077320e-01
307 6.898280e-01 2.064000e-03 3.081080e-01
308 6.895080e-01 1.988000e-03 3.085040e-01
309 6.892400e-01 1.972000e-03 3.087880e-01
310 6.888480e-01 2.036000e-03 3.091160e-01
311 6.885360e-01 2.000000e-03 3.094640e-01
312 6.880800e-01 2.052000e-03 3.098680e-01
313 6.876920e-01 2.040000e-03 3.102680e-01
314 6.873440e-01 2.016000e-03 3.106400e-01
315 6.870400e-01 1.904000e-03 3.110560e-01
316 6.866960e-01 1.860000e-03 3.114440e-01
317 6.864080e-01 1.796000e-03 3.117960e-01
318 6.860480e-01 1.840000e-03 3.121120e-01
319 6.857360e-01 1.904000e-03 3.123600e-01
320 6.854520e-01 1.852000e-03 3.126960e-01
321 6.851000e-01 1.900000e-03 3.130000e-01
322 6.847560e-01 1.896000e-03 3.133480e-01
323 6.844280e-01 1.904000e-03 3.136680e-01
324 6.841240e-01 1.852000e-03 3.140240e-01
325 6.838080e-01 1.840000e-03 3.143520e-01
326 6.835080e-01 1.832000e-03 3.146600e-01
327 6.831920e-01 1.832000e-03 3.149760e-01
328 6.828560e-01 1.828000e-03 3.153160e-01
329 6.824680e-01 1.904000e-03 3.156280e-01
330 6.821240e-01 1.916000e-03 3.159600e-01
331 6.818280e-01 1.920000e-03 3.162520e-01
332 6.815160e-01 1.844000e-03 3.166400e-01
333 6.812600e-01 1.764000e-03 3.169760e-01
334 6.809920e-01 1.728000e-03 3.172800e-01
335 6.807280e-01 1.716000e-03 3.175560e-01
336 6.805360e-01 1.612000e-03 3.178520e-01
337 6.803600e-01 1.436000e-03 3.182040e-01
338 6.802040e-01 1.352000e-03 3.184440e-01
339 6.799760e-01 1.340000e-03 3.186840e-01
340 6.797800e-01 1.312000e-03 3.189080e-01
341 6.795840e-01 1.260000e-03 3.191560e-01
342 6.794200e-01 1.144000e-03 3.194360e-01
343 6.792440e-01 1.112000e-03 3.196440e-01
344 6.790640e-01 1.096000e-03 3.198400e-01
345 6.788520e-01 1.072000e-03 3.200760e-01
346 6.786720e-01 1.036000e-03 3.202920e-01
347 6.784760e-01 1.024000e-03 3.205000e-01
348 6.783720e-01 1.000000e-03 3.206280e-01
349 6.782160e-01 9.480000e-04 3.208360e-01
350 6.780400e-01 9.280000e-04 3.210320e-01
351 6.778600e-01 9.440000e-04 3.211960e-01
352 6.777320e-01 9.400000e-04 3.213280e-01
353 6.775800e-01 9.000000e-04 3.215200e-01
354 6.774440e-01 9.120000e-04 3.216440e-01
355 6.772880e-01 8.720000e-04 3.218400e-01
356 6.770960e-01 9.280000e-04 3.219760e-01
357 6.769240e-01 9.440000e-04 3.221320e-01
358 6.767360e-01 9.800000e-04 3.222840e-01
359 6.765760e-01 9.600000e-04 3.224640e-01
360 6.764240e-01 9.200000e-04 3.226560e-01
361 6.762520e-01 9.040000e-04 3.228440e-01
362 6.761120e-01 8.720000e-04 3.230160e-01
363 6.759240e-01 9.280000e-04 3.231480e-01
364 6.757920e-01 8.720000e-04 3.233360e-01
365 6.756800e-01 8.320000e-04 3.234880e-01
366 6.755720e-01 7.960000e-04 3.236320e-01
367 6.754240e-01 8.200000e-04 3.237560e-01
368 6.752960e-01 8.120000e-04 3.238920e-01
369 6.751640e-01 7.880000e-04 3.240480e-01
370 6.750320e-01 7.640000e-04 3.242040e-01
371 6.749000e-01 7.360000e-04 3.243640e-01
372 6.748120e-01 7.200000e-04 3.244680e-01
373 6.746240e-01 7.920000e-04 3.245840e-01
374 6.745240e-01 7.720000e-04 3.247040e-01
375 6.743760e-01 8.200000e-04 3.248040e-01
376 6.742200e-01 8.160000e-04 3.249640e-01
377 6.740440e-01 8.640000e-04 3.250920e-01
378 6.738840e-01 8.880000e-04 3.252280e-01
379 6.737160e-01 8.760000e-04 3.254080e-01
380 6.735080e-01 9.600000e-04 3.255320e-01
381 6.733400e-01 9.040000e-04 3.257560e-01
382 6.731400e-01 9.120000e-04 3.259480e-01
383 6.728600e-01 1.008000e-03 3.261320e-01
384 6.726920e-01 1.020000e-03 3.262880e-01
385 6.725320e-01 9.840000e-04 3.264840e-01
386 6.723720e-01 9.680000e-04 3.266600e-01
387 6.722080e-01 9.960000e-04 3.267960e-01
388 6.720680e-01 9.760000e-04 3.269560e-01
389 6.718960e-01 1.000000e-03 3.271040e-01
390 6.717480e-01 9.720000e-04 3.272800e-01
391 6.715760e-01 9.840000e-04 3.274400e-01
392 6.714360e-01 9.440000e-04 3.276200e-01
393 6.712880e-01 9.360000e-04 3.277760e-01
394 6.711640e-01 8.880000e-04 3.279480e-01
395 6.710360e-01 8.600000e-04 3.281040e-01
396 6.708600e-01 8.920000e-04 3.282480e-01
397 6.707200e-01 8.480000e-04 3.284320e-01
398 6.705600e-01 8.760000e-04 3.285640e-01
399 6.704080e-01 8.760000e-04 3.287160e-01
400 6.702600e-01 8.360000e-04 3.289040e-01
401 6.700840e-01 9.080000e-04 3.290080e-01
402 6.698920e-01 9.680000e-04 3.291400e-01
403 6.697640e-01 9.160000e-04 3.293200e-01
404 6.696200e-01 9.120000e-04 3.294680e-01
405 6.694160e-01 9.760000e-04 3.296080e-01
406 6.692400e-01 1.012000e-03 3.297480e-01
407 6.691200e-01 9.600000e-04 3.299200e-01
408 6.689840e-01 9.240000e-04 3.300920e-01
409 6.687760e-01 9.680000e-04 3.302560e-01
410 6.686480e-01 9.280000e-04 3.304240e-01
411 6.684520e-01 9.440000e-04 3.306040e-01
412 6.682480e-01 1.008000e-03 3.307440e-01
413 6.680440e-01 1.036000e-03 3.309200e-01
414 6.678400e-01 1.036000e-03 3.311240e-01
415 6.676560e-01 1.028000e-03 3.313160e-01
416 6.674360e-01 1.080000e-03 3.314840e-01
417 6.672960e-01 1.036000e-03 3.316680e-01
418 6.670320e-01 1.124000e-03 3.318440e-01
419 6.667640e-01 1.156000e-03 3.320800e-01
420 6.665120e-01 1.224000e-03 3.322640e-01
421 6.662520e-01 1.224000e-03 3.325240e-01
422 6.660160e-01 1.236000e-03 3.327480e-01
423 6.658160e-01 1.176000e-03 3.330080e-01
424 6.656400e-01 1.140000e-03 3.332200e-01
425 6.654280e-01 1.188000e-03 3.333840e-01
426 6.652520e-01 1.144000e-03 3.336040e-01
427 6.650600e-01 1.120000e-03 3.338200e-01
428 6.648680e-01 1.160000e-03 3.339720e-01
429 6.647160e-01 1.084000e-03 3.342000e-01
430 6.644920e-01 1.128000e-03 3.343800e-01
431 6.643160e-01 1.112000e-03 3.345720e-01
432 6.641800e-01 1.008000e-03 3.348120e-01
433 6.639360e-01 1.064000e-03 3.350000e-01
434 6.637120e-01 1.080000e-03 3.352080e-01
435 6.634880e-01 1.108000e-03 3.354040e-01
436 6.632960e-01 1.100000e-03 3.356040e-01
437 6.630960e-01 1.112000e-03 3.357920e-01
438 6.629800e-01 1.040000e-03 3.359800e-01
439 6.628240e-01 9.640000e-04 3.362120e-01
440 6.627200e-01 9.200000e-04 3.363600e-01
441 6.625920e-01 8.920000e-04 3.365160e-01
442 6.624720e-01 8.840000e-04 3.366440e-01
443 6.623320e-01 9.000000e-04 3.367680e-01
444 6.622040e-01 8.920000e-04 3.369040e-01
445 6.620800e-01 8.720000e-04 3.370480e-01
446 6.619960e-01 8.000000e-04 3.372040e-01
447 6.618920e-01 7.720000e-04 3.373360e-01
448 6.618120e-01 7.280000e-04 3.374600e-01
449 6.617440e-01 6.720000e-04 3.375840e-01
450 6.616760e-01 6.200000e-04 3.377040e-01
451 6.616080e-01 5.800000e-04 3.378120e-01
452 6.615600e-01 5.440000e-04 3.378960e-01
453 6.615160e-01 4.600000e-04 3.380240e-01
454 6.614600e-01 4.320000e-04 3.381080e-01
455 6.613880e-01 4.160000e-04 3.381960e-01
456 6.613280e-01 4.000000e-04 3.382720e-01
457 6.612920e-01 3.600000e-04 3.383480e-01
458 6.612400e-01 3.440000e-04 3.384160e-01
459 6.612120e-01 2.880000e-04 3.385000e-01
460 6.611800e-01 2.880000e-04 3.385320e-01
461 6.611560e-01 2.720000e-04 3.385720e-01
462 6.611080e-01 2.720000e-04 3.386200e-01
463 6.610800e-01 2.480000e-04 3.386720e-01
464 6.610240e-01 2.760000e-04 3.387000e-01
465 6.609760e-01 2.880000e-04 3.387360e-01
466 6.608960e-01 3.160000e-04 3.387880e-01
467 6.608600e-01 3.240000e-04 3.388160e-01
468 6.607840e-01 3.400000e-04 3.388760e-01
469 6.606760e-01 4.080000e-04 3.389160e-01
470 6.606360e-01 3.600000e-04 3.390040e-01
471 6.605160e-01 4.200000e-04 3.390640e-01
472 6.604160e-01 4.560000e-04 3.391280e-01
473 6.603360e-01 4.680000e-04 3.391960e-01
474 6.602280e-01 5.000000e-04 3.392720e-01
475 6.601400e-01 4.880000e-04 3.393720e-01
476 6.600360e-01 5.040000e-04 3.394600e-01
477 6.599080e-01 5.680000e-04 3.395240e-01
478 6.598040e-01 5.880000e-04 3.396080e-01
479 6.597440e-01 5.720000e-04 3.396840e-01
480 6.597040e-01 5.280000e-04 3.397680e-01
481 6.596480e-01 4.960000e-04 3.398560e-01
482 6.595840e-01 4.920000e-04 3.399240e-01
483 6.595360e-01 4.360000e-04 3.400280e-01
484 6.595120e-01 3.920000e-04 3.400960e-01
485 6.594760e-01 3.640000e-04 3.401600e-01
486 6.594280e-01 3.360000e-04 3.402360e-01
487 6.593800e-01 3.120000e-04 3.403080e-01
488 6.593480e-01 2.840000e-04 3.403680e-01
489 6.593120e-01 2.840000e-04 3.404040e-01
490 6.592880e-01 2.640000e-04 3.404480e-01
491 6.592320e-01 2.560000e-04 3.405120e-01
492 6.592160e-01 2.640000e-04 3.405200e-01
493 6.591800e-01 2.680000e-04 3.405520e-01
494 6.591400e-01 2.600000e-04 3.406000e-01
495 6.590800e-01 2.800000e-04 3.406400e-01
496 6.590240e-01 2.760000e-04 3.407000e-01
497 6.589520e-01 2.920000e-04 3.407560e-01
498 6.588840e-01 3.080000e-04 3.408080e-01
499 6.588280e-01 3.200000e-04 3.408520e-01
500 6.587840e-01 3.200000e-04 3.408960e-01
