1 9.991760e-01 7.280000e-04 9.600000e-05
2 9.986920e-01 1.032000e-03 2.760000e-04
3 9.980920e-01 1.384000e-03 5.240000e-04
4 9.973960e-01 1.836000e-03 7.680000e-04
5 9.965800e-01 2.232000e-03 1.188000e-03
6 9.957800e-01 2.660000e-03 1.560000e-03
7 9.949480e-01 2.916000e-03 2.136000e-03
8 9.941560e-01 3.160000e-03 2.684000e-03
9 9.932160e-01 3.512000e-03 3.272000e-03
10 9.922720e-01 3.880000e-03 3.848000e-03
11 9.913480e-01 4.096000e-03 4.556000e-03
12 9.902720e-01 4.488000e-03 5.240000e-03
13 9.891280e-01 4.852000e-03 6.020000e-03
14 9.880800e-01 5.032000e-03 6.888000e-03
15 9.869080e-01 5.192000e-03 7.900000e-03
16 9.857040e-01 5.444000e-03 8.852000e-03
17 9.845800e-01 5.624000e-03 9.796000e-03
18 9.834560e-01 5.808000e-03 1.073600e-02
19 9.823160e-01 5.956000e-03 1.172800e-02
20 9.809400e-01 6.184000e-03 1.287600e-02
21 9.795480e-01 6.476000e-03 1.397600e-02
22 9.783280e-01 6.556000e-03 1.511600e-02
23 9.770640e-01 6.748000e-03 1.618800e-02
24 9.755760e-01 7.028000e-03 1.739600e-02
25 9.741480e-01 7.252000e-03 1.860000e-02
26 9.727000e-01 7.392000e-03 1.990800e-02
27 9.713080e-01 7.396000e-03 2.129600e-02
28 9.697200e-01 7.616000e-03 2.266400e-02
29 9.681720e-01 7.812000e-03 2.401600e-02
30 9.666160e-01 7.936000e-03 2.544800e-02
31 9.650920e-01 8.000000e-03 2.690800e-02
32 9.635960e-01 8.192000e-03 2.821200e-02
33 9.619480e-01 8.376000e-03 2.967600e-02
34 9.603040e-01 8.620000e-03 3.107600e-02
35 9.585520e-01 8.876000e-03 3.257200e-02
36 9.569600e-01 8.908000e-03 3.413200e-02
37 9.552840e-01 8.952000e-03 3.576400e-02
38 9.536720e-01 8.888000e-03 3.744000e-02
39 9.520480e-01 8.892000e-03 3.906000e-02
40 9.504600e-01 8.888000e-03 4.065200e-02
41 9.487760e-01 9.048000e-03 4.217600e-02
42 9.471160e-01 9.088000e-03 4.379600e-02
43 9.455080e-01 9.056000e-03 4.543600e-02
44 9.439360e-01 8.888000e-03 4.717600e-02
45 9.423600e-01 8.824000e-03 4.881600e-02
46 9.407880e-01 8.892000e-03 5.032000e-02
47 9.391960e-01 8.824000e-03 5.198000e-02
48 9.375600e-01 8.852000e-03 5.358800e-02
49 9.360040e-01 8.900000e-03 5.509600e-02
50 9.344720e-01 8.820000e-03 5.670800e-02
51 9.328360e-01 8.828000e-03 5.833600e-02
52 9.310600e-01 9.192000e-03 5.974800e-02
53 9.293520e-01 9.396000e-03 6.125200e-02
54 9.276200e-01 9.384000e-03 6.299600e-02
55 9.259800e-01 9.380000e-03 6.464000e-02
56 9.242880e-01 9.396000e-03 6.631600e-02
57 9.225800e-01 9.508000e-03 6.791200e-02
58 9.209400e-01 9.592000e-03 6.946800e-02
59 9.192440e-01 9.832000e-03 7.092400e-02
60 9.175360e-01 9.768000e-03 7.269600e-02
61 9.158760e-01 9.704000e-03 7.442000e-02
62 9.140960e-01 9.776000e-03 7.612800e-02
63 9.123960e-01 9.752000e-03 7.785200e-02
64 9.106800e-01 9.756000e-03 7.956400e-02
65 9.088720e-01 9.940000e-03 8.118800e-02
66 9.069440e-01 1.010000e-02 8.295600e-02
67 9.050760e-01 1.028800e-02 8.463600e-02
68 9.032040e-01 1.043600e-02 8.636000e-02
69 9.014400e-01 1.029200e-02 8.826800e-02
70 8.996560e-01 1.033600e-02 9.000800e-02
71 8.979480e-01 1.010800e-02 9.194400e-02
72 8.961280e-01 1.010800e-02 9.376400e-02
73 8.945720e-01 9.932000e-03 9.549600e-02
74 8.928120e-01 9.944000e-03 9.724400e-02
75 8.910880e-01 9.912000e-03 9.900000e-02
76 8.894480e-01 9.672000e-03 1.008800e-01
77 8.879400e-01 9.448000e-03 1.026120e-01
78 8.863640e-01 9.536000e-03 1.041000e-01
79 8.848000e-01 9.520000e-03 1.056800e-01
80 8.831840e-01 9.532000e-03 1.072840e-01
81 8.814280e-01 9.732000e-03 1.088400e-01
82 8.797360e-01 9.804000e-03 1.104600e-01
83 8.778600e-01 9.892000e-03 1.122480e-01
84 8.761320e-01 9.896000e-03 1.139720e-01
85 8.742800e-01 1.006400e-02 1.156560e-01
86 8.725640e-01 9.944000e-03 1.174920e-01
87 8.707160e-01 9.980000e-03 1.193040e-01
88 8.689000e-01 9.956000e-03 1.211440e-01
89 8.670200e-01 1.018800e-02 1.227920e-01
90 8.652120e-01 1.021600e-02 1.245720e-01
91 8.634520e-01 1.015200e-02 1.263960e-01
92 8.617160e-01 1.022000e-02 1.280640e-01
93 8.599720e-01 1.014000e-02 1.298880e-01
94 8.581640e-01 1.016400e-02 1.316720e-01
95 8.562640e-01 1.026800e-02 1.334680e-01
96 8.543880e-01 1.038000e-02 1.352320e-01
97 8.524680e-01 1.050800e-02 1.370240e-01
98 8.506800e-01 1.048400e-02 1.388360e-01
99 8.490240e-01 1.022400e-02 1.407520e-01
100 8.471760e-01 1.026000e-02 1.425640e-01
101 8.455320e-01 1.008400e-02 1.443840e-01
102 8.438720e-01 1.004000e-02 1.460880e-01
103 8.421600e-01 1.003600e-02 1.478040e-01
104 8.404200e-01 9.972000e-03 1.496080e-01
105 8.387520e-01 9.900000e-03 1.513480e-01
106 8.371200e-01 9.872000e-03 1.530080e-01
107 8.354760e-01 9.808000e-03 1.547160e-01
108 8.338680e-01 9.704000e-03 1.564280e-01
109 8.320600e-01 9.768000e-03 1.581720e-01
110 8.302320e-01 9.864000e-03 1.599040e-01
111 8.285000e-01 9.912000e-03 1.615880e-01
112 8.269200e-01 9.764000e-03 1.633160e-01
113 8.253720e-01 9.596000e-03 1.650320e-01
114 8.238120e-01 9.584000e-03 1.666040e-01
115 8.222240e-01 9.528000e-03 1.682480e-01
116 8.206200e-01 9.468000e-03 1.699120e-01
117 8.191200e-01 9.392000e-03 1.714880e-01
118 8.175560e-01 9.412000e-03 1.730320e-01
119 8.158800e-01 9.328000e-03 1.747920e-01
120 8.142520e-01 9.376000e-03 1.763720e-01
121 8.126360e-01 9.432000e-03 1.779320e-01
122 8.109280e-01 9.508000e-03 1.795640e-01
123 8.093240e-01 9.476000e-03 1.812000e-01
124 8.076720e-01 9.548000e-03 1.827800e-01
125 8.061000e-01 9.452000e-03 1.844480e-01
126 8.043280e-01 9.764000e-03 1.859080e-01
127 8.027880e-01 9.520000e-03 1.876920e-01
128 8.011920e-01 9.560000e-03 1.892480e-01
129 7.996520e-01 9.484000e-03 1.908640e-01
130 7.980240e-01 9.472000e-03 1.925040e-01
131 7.963920e-01 9.504000e-03 1.941040e-01
132 7.947840e-01 9.436000e-03 1.957800e-01
133 7.930880e-01 9.544000e-03 1.973680e-01
134 7.913200e-01 9.636000e-03 1.990440e-01
135 7.897240e-01 9.512000e-03 2.007640e-01
136 7.880200e-01 9.636000e-03 2.023440e-01
137 7.864000e-01 9.656000e-03 2.039440e-01
138 7.847200e-01 9.604000e-03 2.056760e-01
139 7.830360e-01 9.604000e-03 2.073600e-01
140 7.812720e-01 9.656000e-03 2.090720e-01
141 7.796280e-01 9.504000e-03 2.108680e-01
142 7.778200e-01 9.564000e-03 2.126160e-01
143 7.763080e-01 9.604000e-03 2.140880e-01
144 7.745400e-01 9.688000e-03 2.157720e-01
145 7.727640e-01 9.728000e-03 2.175080e-01
146 7.711600e-01 9.576000e-03 2.192640e-01
147 7.696120e-01 9.420000e-03 2.209680e-01
148 7.681440e-01 9.248000e-03 2.226080e-01
149 7.666000e-01 9.196000e-03 2.242040e-01
150 7.651200e-01 9.040000e-03 2.258400e-01
151 7.635040e-01 8.920000e-03 2.275760e-01
152 7.619520e-01 9.012000e-03 2.290360e-01
153 7.604040e-01 9.020000e-03 2.305760e-01
154 7.588120e-01 9.020000e-03 2.321680e-01
155 7.573120e-01 8.836000e-03 2.338520e-01
156 7.557400e-01 8.896000e-03 2.353640e-01
157 7.541280e-01 8.916000e-03 2.369560e-01
158 7.526280e-01 8.756000e-03 2.386160e-01
159 7.510760e-01 8.864000e-03 2.400600e-01
160 7.494600e-01 8.900000e-03 2.416400e-01
161 7.480320e-01 8.620000e-03 2.433480e-01
162 7.465160e-01 8.672000e-03 2.448120e-01
163 7.449320e-01 8.740000e-03 2.463280e-01
164 7.434200e-01 8.576000e-03 2.480040e-01
165 7.419200e-01 8.616000e-03 2.494640e-01
166 7.405600e-01 8.528000e-03 2.509120e-01
167 7.391440e-01 8.508000e-03 2.523480e-01
168 7.377240e-01 8.424000e-03 2.538520e-01
169 7.361280e-01 8.560000e-03 2.553120e-01
170 7.347040e-01 8.512000e-03 2.567840e-01
171 7.331160e-01 8.592000e-03 2.582920e-01
172 7.316320e-01 8.524000e-03 2.598440e-01
173 7.301240e-01 8.480000e-03 2.613960e-01
174 7.287360e-01 8.352000e-03 2.629120e-01
175 7.273320e-01 8.232000e-03 2.644360e-01
176 7.259520e-01 8.132000e-03 2.659160e-01
177 7.245720e-01 7.988000e-03 2.674400e-01
178 7.231160e-01 8.144000e-03 2.687400e-01
179 7.216440e-01 8.200000e-03 2.701560e-01
180 7.202080e-01 8.096000e-03 2.716960e-01
181 7.187640e-01 8.088000e-03 2.731480e-01
182 7.173600e-01 7.984000e-03 2.746560e-01
183 7.160320e-01 7.924000e-03 2.760440e-01
184 7.147720e-01 7.796000e-03 2.774320e-01
185 7.134080e-01 7.776000e-03 2.788160e-01
186 7.120240e-01 7.788000e-03 2.801880e-01
187 7.107480e-01 7.732000e-03 2.815200e-01
188 7.093840e-01 7.736000e-03 2.828800e-01
189 7.080320e-01 7.704000e-03 2.842640e-01
190 7.067760e-01 7.616000e-03 2.856080e-01
191 7.055360e-01 7.460000e-03 2.870040e-01
192 7.041320e-01 7.576000e-03 2.882920e-01
193 7.029360e-01 7.472000e-03 2.895920e-01
194 7.017960e-01 7.428000e-03 2.907760e-01
195 7.005320e-01 7.376000e-03 2.920920e-01
196 6.993680e-01 7.192000e-03 2.934400e-01
197 6.981840e-01 7.104000e-03 2.947120e-01
198 6.969720e-01 7.056000e-03 2.959720e-01
199 6.958040e-01 6.900000e-03 2.972960e-01
200 6.944680e-01 6.984000e-03 2.985480e-01
201 6.931440e-01 7.116000e-03 2.997400e-01
202 6.918920e-01 7.136000e-03 3.009720e-01
203 6.906000e-01 7.268000e-03 3.021320e-01
204 6.895160e-01 7.008000e-03 3.034760e-01
205 6.885320e-01 6.604000e-03 3.048640e-01
206 6.875080e-01 6.424000e-03 3.060680e-01
207 6.865400e-01 6.252000e-03 3.072080e-01
208 6.854960e-01 6.184000e-03 3.083200e-01
209 6.844520e-01 6.236000e-03 3.093120e-01
210 6.834760e-01 6.172000e-03 3.103520e-01
211 6.824040e-01 6.084000e-03 3.115120e-01
212 6.814840e-01 5.904000e-03 3.126120e-01
213 6.805480e-01 5.768000e-03 3.136840e-01
214 6.794600e-01 5.852000e-03 3.146880e-01
215 6.783880e-01 5.876000e-03 3.157360e-01
216 6.774080e-01 5.688000e-03 3.169040e-01
217 6.764200e-01 5.712000e-03 3.178680e-01
218 6.755440e-01 5.588000e-03 3.188680e-01
219 6.744920e-01 5.660000e-03 3.198480e-01
220 6.735960e-01 5.516000e-03 3.208880e-01
221 6.726560e-01 5.524000e-03 3.218200e-01
222 6.716440e-01 5.640000e-03 3.227160e-01
223 6.706520e-01 5.600000e-03 3.237480e-01
224 6.696800e-01 5.588000e-03 3.247320e-01
225 6.687920e-01 5.572000e-03 3.256360e-01
226 6.677560e-01 5.604000e-03 3.266400e-01
227 6.669640e-01 5.404000e-03 3.276320e-01
228 6.660920e-01 5.404000e-03 3.285040e-01
229 6.651520e-01 5.436000e-03 3.294120e-01
230 6.642240e-01 5.396000e-03 3.303800e-01
231 6.633360e-01 5.404000e-03 3.312600e-01
232 6.625440e-01 5.356000e-03 3.321000e-01
233 6.617120e-01 5.268000e-03 3.330200e-01
234 6.609480e-01 5.168000e-03 3.338840e-01
235 6.600760e-01 5.116000e-03 3.348080e-01
236 6.593240e-01 4.988000e-03 3.356880e-01
237 6.585000e-01 4.904000e-03 3.365960e-01
238 6.577800e-01 4.772000e-03 3.374480e-01
239 6.569840e-01 4.676000e-03 3.383400e-01
240 6.562000e-01 4.564000e-03 3.392360e-01
241 6.553760e-01 4.572000e-03 3.400520e-01
242 6.545920e-01 4.572000e-03 3.408360e-01
243 6.537560e-01 4.680000e-03 3.415640e-01
244 6.530120e-01 4.696000e-03 3.422920e-01
245 6.522120e-01 4.788000e-03 3.430000e-01
246 6.513640e-01 4.856000e-03 3.437800e-01
247 6.506560e-01 4.740000e-03 3.446040e-01
248 6.499680e-01 4.568000e-03 3.454640e-01
249 6.491840e-01 4.584000e-03 3.462320e-01
250 6.484920e-01 4.396000e-03 3.471120e-01
251 6.478080e-01 4.304000e-03 3.478880e-01
252 6.470760e-01 4.172000e-03 3.487520e-01
253 6.465160e-01 4.000000e-03 3.494840e-01
254 6.459280e-01 3.864000e-03 3.502080e-01
255 6.453360e-01 3.816000e-03 3.508480e-01
256 6.446920e-01 3.824000e-03 3.514840e-01
257 6.440440e-01 3.856000e-03 3.521000e-01
258 6.434080e-01 3.760000e-03 3.528320e-01
259 6.427320e-01 3.784000e-03 3.534840e-01
260 6.420720e-01 3.720000e-03 3.542080e-01
261 6.413760e-01 3.752000e-03 3.548720e-01
262 6.406560e-01 3.776000e-03 3.555680e-01
263 6.398000e-01 3.968000e-03 3.562320e-01
264 6.390640e-01 3.896000e-03 3.570400e-01
265 6.384880e-01 3.852000e-03 3.576600e-01
266 6.379160e-01 3.716000e-03 3.583680e-01
267 6.372840e-01 3.672000e-03 3.590440e-01
268 6.366920e-01 3.584000e-03 3.597240e-01
269 6.359520e-01 3.656000e-03 3.603920e-01
270 6.353320e-01 3.684000e-03 3.609840e-01
271 6.346680e-01 3.768000e-03 3.615640e-01
272 6.340480e-01 3.688000e-03 3.622640e-01
273 6.334760e-01 3.636000e-03 3.628880e-01
274 6.328160e-01 3.680000e-03 3.635040e-01
275 6.321280e-01 3.700000e-03 3.641720e-01
276 6.315480e-01 3.648000e-03 3.648040e-01
277 6.308240e-01 3.760000e-03 3.654160e-01
278 6.302200e-01 3.736000e-03 3.660440e-01
279 6.296160e-01 3.596000e-03 3.667880e-01
280 6.289920e-01 3.612000e-03 3.673960e-01
281 6.282320e-01 3.744000e-03 3.680240e-01
282 6.275680e-01 3.820000e-03 3.686120e-01
283 6.268680e-01 3.836000e-03 3.692960e-01
284 6.263200e-01 3.732000e-03 3.699480e-01
285 6.257080e-01 3.684000e-03 3.706080e-01
286 6.250320e-01 3.708000e-03 3.712600e-01
287 6.245200e-01 3.444000e-03 3.720360e-01
288 6.240120e-01 3.364000e-03 3.726240e-01
289 6.234680e-01 3.264000e-03 3.732680e-01
290 6.229800e-01 3.192000e-03 3.738280e-01
291 6.224840e-01 3.152000e-03 3.743640e-01
292 6.219200e-01 3.140000e-03 3.749400e-01
293 6.214080e-01 3.160000e-03 3.754320e-01
294 6.208760e-01 3.108000e-03 3.760160e-01
295 6.204000e-01 3.004000e-03 3.765960e-01
296 6.198360e-01 3.016000e-03 3.771480e-01
297 6.192320e-01 2.988000e-03 3.777800e-01
298 6.186640e-01 3.024000e-03 3.783120e-01
299 6.181280e-01 2.984000e-03 3.788880e-01
300 6.175440e-01 3.040000e-03 3.794160e-01
301 6.169440e-01 3.120000e-03 3.799360e-01
302 6.164000e-01 3.116000e-03 3.804840e-01
303 6.157840e-01 3.188000e-03 3.810280e-01
304 6.152120e-01 3.168000e-03 3.816200e-01
305 6.146760e-01 3.080000e-03 3.822440e-01
306 6.142160e-01 3.032000e-03 3.827520e-01
307 6.136480e-01 3.084000e-03 3.832680e-01
308 6.130240e-01 3.276000e-03 3.837000e-01
309 6.124840e-01 3.224000e-03 3.842920e-01
310 6.119760e-01 3.096000e-03 3.849280e-01
311 6.114520e-01 3.132000e-03 3.854160e-01
312 6.109600e-01 3.052000e-03 3.859880e-01
313 6.105320e-01 2.972000e-03 3.864960e-01
314 6.100680e-01 2.932000e-03 3.870000e-01
315 6.095520e-01 2.884000e-03 3.875640e-01
316 6.091000e-01 2.792000e-03 3.881080e-01
317 6.086200e-01 2.864000e-03 3.885160e-01
318 6.081240e-01 2.852000e-03 3.890240e-01
319 6.076640e-01 2.824000e-03 3.895120e-01
320 6.070880e-01 2.940000e-03 3.899720e-01
321 6.065360e-01 3.024000e-03 3.904400e-01
322 6.060120e-01 2.940000e-03 3.910480e-01
323 6.054600e-01 3.048000e-03 3.914920e-01
324 6.048800e-01 3.072000e-03 3.920480e-01
325 6.043440e-01 3.120000e-03 3.925360e-01
326 6.037480e-01 3.124000e-03 3.931280e-01
327 6.032120e-01 3.108000e-03 3.936800e-01
328 6.025760e-01 3.208000e-03 3.942160e-01
329 6.019840e-01 3.160000e-03 3.948560e-01
330 6.013480e-01 3.252000e-03 3.954000e-01
331 6.007520e-01 3.368000e-03 3.958800e-01
332 5.999960e-01 3.576000e-03 3.964280e-01
333 5.994200e-01 3.568000e-03 3.970120e-01
334 5.988320e-01 3.580000e-03 3.975880e-01
335 5.983400e-01 3.472000e-03 3.981880e-01
336 5.977640e-01 3.520000e-03 3.987160e-01
337 5.972200e-01 3.436000e-03 3.993440e-01
338 5.966520e-01 3.404000e-03 3.999440e-01
339 5.959840e-01 3.424000e-03 4.005920e-01
340 5.953560e-01 3.352000e-03 4.012920e-01
341 5.948680e-01 3.236000e-03 4.018960e-01
342 5.941800e-01 3.308000e-03 4.025120e-01
343 5.936400e-01 3.332000e-03 4.030280e-01
344 5.930240e-01 3.348000e-03 4.036280e-01
345 5.925240e-01 3.256000e-03 4.042200e-01
346 5.920640e-01 3.108000e-03 4.048280e-01
347 5.915240e-01 3.076000e-03 4.054000e-01
348 5.910200e-01 3.008000e-03 4.059720e-01
349 5.903840e-01 3.120000e-03 4.064960e-01
350 5.898640e-01 3.076000e-03 4.070600e-01
351 5.894400e-01 2.888000e-03 4.076720e-01
352 5.889960e-01 2.900000e-03 4.081040e-01
353 5.886200e-01 2.748000e-03 4.086320e-01
354 5.882880e-01 2.612000e-03 4.091000e-01
355 5.878920e-01 2.476000e-03 4.096320e-01
356 5.874800e-01 2.428000e-03 4.100920e-01
357 5.871520e-01 2.368000e-03 4.104800e-01
358 5.867160e-01 2.364000e-03 4.109200e-01
359 5.863080e-01 2.396000e-03 4.112960e-01
360 5.859600e-01 2.332000e-03 4.117080e-01
361 5.856920e-01 2.216000e-03 4.120920e-01
362 5.853960e-01 2.176000e-03 4.124280e-01
363 5.850120e-01 2.156000e-03 4.128320e-01
364 5.847080e-01 2.036000e-03 4.132560e-01
365 5.844000e-01 1.976000e-03 4.136240e-01
366 5.839880e-01 2.016000e-03 4.139960e-01
367 5.836800e-01 1.976000e-03 4.143440e-01
368 5.833640e-01 1.960000e-03 4.146760e-01
369 5.830080e-01 2.008000e-03 4.149840e-01
370 5.827480e-01 1.896000e-03 4.153560e-01
371 5.824120e-01 1.916000e-03 4.156720e-01
372 5.821320e-01 1.804000e-03 4.160640e-01
373 5.819040e-01 1.704000e-03 4.163920e-01
374 5.816040e-01 1.720000e-03 4.166760e-01
375 5.813240e-01 1.704000e-03 4.169720e-01
376 5.810360e-01 1.676000e-03 4.172880e-01
377 5.807000e-01 1.720000e-03 4.175800e-01
378 5.804080e-01 1.716000e-03 4.178760e-01
379 5.801000e-01 1.752000e-03 4.181480e-01
380 5.798360e-01 1.708000e-03 4.184560e-01
381 5.795400e-01 1.688000e-03 4.187720e-01
382 5.792400e-01 1.664000e-03 4.190960e-01
383 5.789840e-01 1.656000e-03 4.193600e-01
384 5.787440e-01 1.676000e-03 4.195800e-01
385 5.784040e-01 1.732000e-03 4.198640e-01
386 5.781680e-01 1.700000e-03 4.201320e-01
387 5.779440e-01 1.652000e-03 4.204040e-01
388 5.778160e-01 1.480000e-03 4.207040e-01
389 5.776520e-01 1.376000e-03 4.209720e-01
390 5.774720e-01 1.328000e-03 4.212000e-01
391 5.772720e-01 1.284000e-03 4.214440e-01
392 5.770960e-01 1.228000e-03 4.216760e-01
393 5.768880e-01 1.200000e-03 4.219120e-01
394 5.767160e-01 1.156000e-03 4.221280e-01
395 5.765760e-01 1.060000e-03 4.223640e-01
396 5.764200e-01 9.760000e-04 4.226040e-01
397 5.762560e-01 9.520000e-04 4.227920e-01
398 5.761200e-01 9.080000e-04 4.229720e-01
399 5.759640e-01 9.520000e-04 4.230840e-01
400 5.758000e-01 9.520000e-04 4.232480e-01
401 5.756360e-01 9.320000e-04 4.234320e-01
402 5.754640e-01 9.560000e-04 4.235800e-01
403 5.753120e-01 9.480000e-04 4.237400e-01
404 5.751440e-01 9.480000e-04 4.239080e-01
405 5.749320e-01 9.560000e-04 4.241120e-01
406 5.747280e-01 9.840000e-04 4.242880e-01
407 5.744920e-01 1.024000e-03 4.244840e-01
408 5.743200e-01 1.004000e-03 4.246760e-01
409 5.741480e-01 1.028000e-03 4.248240e-01
410 5.739880e-01 1.000000e-03 4.250120e-01
411 5.738080e-01 1.012000e-03 4.251800e-01
412 5.735920e-01 1.064000e-03 4.253440e-01
413 5.734360e-01 1.024000e-03 4.255400e-01
414 5.732600e-01 1.040000e-03 4.257000e-01
415 5.731000e-01 1.044000e-03 4.258560e-01
416 5.729680e-01 1.008000e-03 4.260240e-01
417 5.727480e-01 1.080000e-03 4.261720e-01
418 5.726120e-01 9.880000e-04 4.264000e-01
419 5.724640e-01 9.640000e-04 4.265720e-01
420 5.723480e-01 9.040000e-04 4.267480e-01
421 5.721920e-01 9.120000e-04 4.268960e-01
422 5.720440e-01 9.160000e-04 4.270400e-01
423 5.719560e-01 8.760000e-04 4.271680e-01
424 5.717880e-01 9.120000e-04 4.273000e-01
425 5.716600e-01 8.720000e-04 4.274680e-01
426 5.715800e-01 7.880000e-04 4.276320e-01
427 5.714560e-01 7.880000e-04 4.277560e-01
428 5.713360e-01 7.920000e-04 4.278720e-01
429 5.712120e-01 7.800000e-04 4.280080e-01
430 5.710760e-01 8.120000e-04 4.281120e-01
431 5.709560e-01 7.520000e-04 4.282920e-01
432 5.708920e-01 7.080000e-04 4.284000e-01
433 5.708160e-01 6.720000e-04 4.285120e-01
434 5.706880e-01 7.160000e-04 4.285960e-01
435 5.705920e-01 6.840000e-04 4.287240e-01
436 5.705000e-01 6.520000e-04 4.288480e-01
437 5.704240e-01 5.720000e-04 4.290040e-01
438 5.703640e-01 5.600000e-04 4.290760e-01
439 5.702560e-01 5.840000e-04 4.291600e-01
440 5.701880e-01 5.440000e-04 4.292680e-01
441 5.701000e-01 5.040000e-04 4.293960e-01
442 5.700240e-01 4.960000e-04 4.294800e-01
443 5.699480e-01 5.080000e-04 4.295440e-01
444 5.698760e-01 5.160000e-04 4.296080e-01
445 5.698000e-01 5.000000e-04 4.297000e-01
446 5.697040e-01 5.040000e-04 4.297920e-01
447 5.696200e-01 4.920000e-04 4.298880e-01
448 5.695640e-01 4.720000e-04 4.299640e-01
449 5.694800e-01 4.960000e-04 4.300240e-01
450 5.694040e-01 4.840000e-04 4.301120e-01
451 5.693160e-01 5.200000e-04 4.301640e-01
452 5.692080e-01 5.360000e-04 4.302560e-01
453 5.691240e-01 5.440000e-04 4.303320e-01
454 5.690080e-01 5.720000e-04 4.304200e-01
455 5.689520e-01 5.160000e-04 4.305320e-01
456 5.688920e-01 4.920000e-04 4.306160e-01
457 5.687760e-01 5.320000e-04 4.306920e-01
458 5.686720e-01 5.360000e-04 4.307920e-01
459 5.685640e-01 5.720000e-04 4.308640e-01
460 5.684520e-01 5.920000e-04 4.309560e-01
461 5.683320e-01 5.320000e-04 4.311360e-01
462 5.682600e-01 4.880000e-04 4.312520e-01
463 5.682200e-01 4.400000e-04 4.313400e-01
464 5.681480e-01 4.400000e-04 4.314120e-01
465 5.680760e-01 4.160000e-04 4.315080e-01
466 5.680280e-01 3.720000e-04 4.316000e-01
467 5.679800e-01 3.560000e-04 4.316640e-01
468 5.679320e-01 3.360000e-04 4.317320e-01
469 5.678560e-01 3.400000e-04 4.318040e-01
470 5.678080e-01 3.320000e-04 4.318600e-01
471 5.677280e-01 3.760000e-04 4.318960e-01
472 5.676720e-01 3.840000e-04 4.319440e-01
473 5.676080e-01 3.840000e-04 4.320080e-01
474 5.675280e-01 3.880000e-04 4.320840e-01
475 5.674720e-01 3.920000e-04 4.321360e-01
476 5.674120e-01 3.960000e-04 4.321920e-01
477 5.673480e-01 4.080000e-04 4.322440e-01
478 5.672920e-01 4.000000e-04 4.323080e-01
479 5.672080e-01 3.920000e-04 4.324000e-01
480 5.671320e-01 3.800000e-04 4.324880e-01
481 5.670640e-01 3.960000e-04 4.325400e-01
482 5.670200e-01 3.760000e-04 4.326040e-01
483 5.669880e-01 3.360000e-04 4.326760e-01
484 5.669640e-01 2.840000e-04 4.327520e-01
485 5.669320e-01 2.640000e-04 4.328040e-01
486 5.669240e-01 2.360000e-04 4.328400e-01
487 5.669120e-01 1.840000e-04 4.329040e-01
488 5.668600e-01 2.040000e-04 4.329360e-01
489 5.668440e-01 1.640000e-04 4.329920e-01
490 5.668240e-01 1.560000e-04 4.330200e-01
491 5.667960e-01 1.640000e-04 4.330400e-01
492 5.667680e-01 1.600000e-04 4.330720e-01
493 5.667360e-01 1.680000e-04 4.330960e-01
494 5.667000e-01 1.800000e-04 4.331200e-01
495 5.666760e-01 1.640000e-04 4.331600e-01
496 5.666320e-01 1.760000e-04 4.331920e-01
497 5.666160e-01 1.480000e-04 4.332360e-01
498 5.666000e-01 1.440000e-04 4.332560e-01
499 5.665680e-01 1.480000e-04 4.332840e-01
500 5.665480e-01 1.480000e-04 4.333040e-01
