1 9.992480e-01 6.760000e-04 7.600000e-05
2 9.987600e-01 9.760000e-04 2.640000e-04
3 9.981640e-01 1.372000e-03 4.640000e-04
4 9.975320e-01 1.756000e-03 7.120000e-04
5 9.966200e-01 2.268000e-03 1.112000e-03
6 9.957560e-01 2.692000e-03 1.552000e-03
7 9.949440e-01 2.948000e-03 2.108000e-03
8 9.941160e-01 3.304000e-03 2.580000e-03
9 9.931160e-01 3.728000e-03 3.156000e-03
10 9.922240e-01 3.956000e-03 3.820000e-03
11 9.914000e-01 4.104000e-03 4.496000e-03
12 9.904840e-01 4.212000e-03 5.304000e-03
13 9.896720e-01 4.228000e-03 6.100000e-03
14 9.887440e-01 4.308000e-03 6.948000e-03
15 9.877200e-01 4.600000e-03 7.680000e-03
16 9.868000e-01 4.596000e-03 8.604000e-03
17 9.858680e-01 4.644000e-03 9.488000e-03
18 9.848920e-01 4.788000e-03 1.032000e-02
19 9.837480e-01 5.028000e-03 1.122400e-02
20 9.827280e-01 5.156000e-03 1.211600e-02
21 9.815080e-01 5.492000e-03 1.300000e-02
22 9.803000e-01 5.740000e-03 1.396000e-02
23 9.789400e-01 6.148000e-03 1.491200e-02
24 9.776240e-01 6.356000e-03 1.602000e-02
25 9.763960e-01 6.340000e-03 1.726400e-02
26 9.751080e-01 6.528000e-03 1.836400e-02
27 9.738280e-01 6.612000e-03 1.956000e-02
28 9.724960e-01 6.684000e-03 2.082000e-02
29 9.710240e-01 7.056000e-03 2.192000e-02
30 9.695800e-01 7.208000e-03 2.321200e-02
31 9.682080e-01 7.228000e-03 2.456400e-02
32 9.668480e-01 7.444000e-03 2.570800e-02
33 9.654320e-01 7.520000e-03 2.704800e-02
34 9.640320e-01 7.692000e-03 2.827600e-02
35 9.624880e-01 7.752000e-03 2.976000e-02
36 9.609840e-01 7.700000e-03 3.131600e-02
37 9.595440e-01 7.628000e-03 3.282800e-02
38 9.581600e-01 7.780000e-03 3.406000e-02
39 9.568160e-01 7.744000e-03 3.544000e-02
40 9.554000e-01 7.832000e-03 3.676800e-02
41 9.539600e-01 7.996000e-03 3.804400e-02
42 9.524920e-01 8.072000e-03 3.943600e-02
43 9.509880e-01 8.188000e-03 4.082400e-02
44 9.494280e-01 8.172000e-03 4.240000e-02
45 9.478120e-01 8.288000e-03 4.390000e-02
46 9.463360e-01 8.200000e-03 4.546400e-02
47 9.448640e-01 8.340000e-03 4.679600e-02
48 9.432680e-01 8.544000e-03 4.818800e-02
49 9.417360e-01 8.592000e-03 4.967200e-02
50 9.402200e-01 8.664000e-03 5.111600e-02
51 9.387120e-01 8.676000e-03 5.261200e-02
52 9.370880e-01 8.732000e-03 5.418000e-02
53 9.354520e-01 8.832000e-03 5.571600e-02
54 9.339320e-01 8.816000e-03 5.725200e-02
55 9.323000e-01 8.776000e-03 5.892400e-02
56 9.308280e-01 8.692000e-03 6.048000e-02
57 9.291800e-01 8.908000e-03 6.191200e-02
58 9.275600e-01 8.892000e-03 6.354800e-02
59 9.261000e-01 8.788000e-03 6.511200e-02
60 9.245280e-01 8.836000e-03 6.663600e-02
61 9.227560e-01 9.064000e-03 6.818000e-02
62 9.210880e-01 9.236000e-03 6.967600e-02
63 9.194280e-01 9.168000e-03 7.140400e-02
64 9.178680e-01 9.088000e-03 7.304400e-02
65 9.162240e-01 9.076000e-03 7.470000e-02
66 9.146240e-01 9.080000e-03 7.629600e-02
67 9.129960e-01 9.148000e-03 7.785600e-02
68 9.113440e-01 9.072000e-03 7.958400e-02
69 9.095680e-01 9.256000e-03 8.117600e-02
70 9.079800e-01 9.156000e-03 8.286400e-02
71 9.063320e-01 9.104000e-03 8.456400e-02
72 9.046760e-01 9.180000e-03 8.614400e-02
73 9.029360e-01 9.368000e-03 8.769600e-02
74 9.014120e-01 9.304000e-03 8.928400e-02
75 8.999000e-01 9.188000e-03 9.091200e-02
76 8.983920e-01 9.148000e-03 9.246000e-02
77 8.969120e-01 9.032000e-03 9.405600e-02
78 8.954760e-01 8.872000e-03 9.565200e-02
79 8.937960e-01 8.984000e-03 9.722000e-02
80 8.922280e-01 9.020000e-03 9.875200e-02
81 8.907560e-01 9.040000e-03 1.002040e-01
82 8.892680e-01 8.952000e-03 1.017800e-01
83 8.876920e-01 8.868000e-03 1.034400e-01
84 8.861800e-01 8.788000e-03 1.050320e-01
85 8.847320e-01 8.616000e-03 1.066520e-01
86 8.832840e-01 8.652000e-03 1.080640e-01
87 8.819560e-01 8.372000e-03 1.096720e-01
88 8.805280e-01 8.288000e-03 1.111840e-01
89 8.791560e-01 8.248000e-03 1.125960e-01
90 8.777200e-01 8.424000e-03 1.138560e-01
91 8.763120e-01 8.332000e-03 1.153560e-01
92 8.750120e-01 8.240000e-03 1.167480e-01
93 8.737320e-01 8.164000e-03 1.181040e-01
94 8.724080e-01 8.100000e-03 1.194920e-01
95 8.709600e-01 8.108000e-03 1.209320e-01
96 8.696920e-01 7.956000e-03 1.223520e-01
97 8.683600e-01 7.884000e-03 1.237560e-01
98 8.669720e-01 7.936000e-03 1.250920e-01
99 8.655760e-01 7.800000e-03 1.266240e-01
100 8.642680e-01 7.784000e-03 1.279480e-01
101 8.630120e-01 7.596000e-03 1.293920e-01
102 8.617400e-01 7.556000e-03 1.307040e-01
103 8.604480e-01 7.500000e-03 1.320520e-01
104 8.591360e-01 7.572000e-03 1.332920e-01
105 8.578240e-01 7.692000e-03 1.344840e-01
106 8.563880e-01 7.808000e-03 1.358040e-01
107 8.549720e-01 7.848000e-03 1.371800e-01
108 8.537320e-01 7.720000e-03 1.385480e-01
109 8.525080e-01 7.604000e-03 1.398880e-01
110 8.512000e-01 7.520000e-03 1.412800e-01
111 8.498520e-01 7.464000e-03 1.426840e-01
112 8.485600e-01 7.456000e-03 1.439840e-01
113 8.472360e-01 7.540000e-03 1.452240e-01
114 8.460160e-01 7.428000e-03 1.465560e-01
115 8.447680e-01 7.404000e-03 1.478280e-01
116 8.435960e-01 7.308000e-03 1.490960e-01
117 8.422840e-01 7.424000e-03 1.502920e-01
118 8.411640e-01 7.196000e-03 1.516400e-01
119 8.400040e-01 7.124000e-03 1.528720e-01
120 8.387360e-01 7.180000e-03 1.540840e-01
121 8.376240e-01 7.040000e-03 1.553360e-01
122 8.363040e-01 7.256000e-03 1.564400e-01
123 8.352320e-01 7.116000e-03 1.576520e-01
124 8.340920e-01 7.020000e-03 1.588880e-01
125 8.329600e-01 6.928000e-03 1.601120e-01
126 8.317480e-01 6.804000e-03 1.614480e-01
127 8.305640e-01 6.828000e-03 1.626080e-01
128 8.293640e-01 6.768000e-03 1.638680e-01
129 8.283200e-01 6.592000e-03 1.650880e-01
130 8.272200e-01 6.496000e-03 1.662840e-01
131 8.260000e-01 6.516000e-03 1.674840e-01
132 8.248000e-01 6.608000e-03 1.685920e-01
133 8.237360e-01 6.408000e-03 1.698560e-01
134 8.226240e-01 6.348000e-03 1.710280e-01
135 8.216400e-01 6.184000e-03 1.721760e-01
136 8.207120e-01 6.136000e-03 1.731520e-01
137 8.197680e-01 6.096000e-03 1.741360e-01
138 8.185880e-01 6.256000e-03 1.751560e-01
139 8.174520e-01 6.388000e-03 1.761600e-01
140 8.162360e-01 6.484000e-03 1.772800e-01
141 8.151240e-01 6.520000e-03 1.783560e-01
142 8.140240e-01 6.536000e-03 1.794400e-01
143 8.128760e-01 6.552000e-03 1.805720e-01
144 8.118160e-01 6.512000e-03 1.816720e-01
145 8.107400e-01 6.440000e-03 1.828200e-01
146 8.095560e-01 6.576000e-03 1.838680e-01
147 8.084280e-01 6.444000e-03 1.851280e-01
148 8.073760e-01 6.472000e-03 1.861520e-01
149 8.064040e-01 6.316000e-03 1.872800e-01
150 8.054240e-01 6.212000e-03 1.883640e-01
151 8.042920e-01 6.320000e-03 1.893880e-01
152 8.030920e-01 6.440000e-03 1.904680e-01
153 8.019120e-01 6.484000e-03 1.916040e-01
154 8.007800e-01 6.508000e-03 1.927120e-01
155 7.996760e-01 6.432000e-03 1.938920e-01
156 7.987320e-01 6.140000e-03 1.951280e-01
157 7.975200e-01 6.240000e-03 1.962400e-01
158 7.965280e-01 6.092000e-03 1.973800e-01
159 7.954560e-01 6.048000e-03 1.984960e-01
160 7.944080e-01 6.048000e-03 1.995440e-01
161 7.933640e-01 6.076000e-03 2.005600e-01
162 7.924000e-01 5.916000e-03 2.016840e-01
163 7.913080e-01 5.968000e-03 2.027240e-01
164 7.903560e-01 5.800000e-03 2.038440e-01
165 7.893680e-01 5.844000e-03 2.047880e-01
166 7.884760e-01 5.744000e-03 2.057800e-01
167 7.874160e-01 5.788000e-03 2.067960e-01
168 7.863800e-01 5.748000e-03 2.078720e-01
169 7.854480e-01 5.660000e-03 2.088920e-01
170 7.845240e-01 5.616000e-03 2.098600e-01
171 7.836040e-01 5.564000e-03 2.108320e-01
172 7.826920e-01 5.440000e-03 2.118680e-01
173 7.818480e-01 5.284000e-03 2.128680e-01
174 7.809880e-01 5.296000e-03 2.137160e-01
175 7.801560e-01 5.148000e-03 2.146960e-01
176 7.793440e-01 5.044000e-03 2.156120e-01
177 7.785840e-01 4.912000e-03 2.165040e-01
178 7.777400e-01 4.876000e-03 2.173840e-01
179 7.767480e-01 5.060000e-03 2.181920e-01
180 7.758720e-01 5.060000e-03 2.190680e-01
181 7.748680e-01 5.108000e-03 2.200240e-01
182 7.740120e-01 5.036000e-03 2.209520e-01
183 7.730840e-01 5.228000e-03 2.216880e-01
184 7.721200e-01 5.260000e-03 2.226200e-01
185 7.711760e-01 5.316000e-03 2.235080e-01
186 7.703680e-01 5.240000e-03 2.243920e-01
187 7.694160e-01 5.296000e-03 2.252880e-01
188 7.684200e-01 5.424000e-03 2.261560e-01
189 7.674160e-01 5.420000e-03 2.271640e-01
190 7.663840e-01 5.584000e-03 2.280320e-01
191 7.652240e-01 5.796000e-03 2.289800e-01
192 7.640760e-01 6.028000e-03 2.298960e-01
193 7.630920e-01 5.904000e-03 2.310040e-01
194 7.621720e-01 5.800000e-03 2.320280e-01
195 7.612000e-01 5.600000e-03 2.332000e-01
196 7.601840e-01 5.632000e-03 2.341840e-01
197 7.591680e-01 5.640000e-03 2.351920e-01
198 7.582400e-01 5.652000e-03 2.361080e-01
199 7.571160e-01 5.744000e-03 2.371400e-01
200 7.562040e-01 5.660000e-03 2.381360e-01
201 7.552240e-01 5.696000e-03 2.390800e-01
202 7.543320e-01 5.576000e-03 2.400920e-01
203 7.533640e-01 5.416000e-03 2.412200e-01
204 7.523400e-01 5.536000e-03 2.421240e-01
205 7.513240e-01 5.652000e-03 2.430240e-01
206 7.504440e-01 5.544000e-03 2.440120e-01
207 7.494520e-01 5.476000e-03 2.450720e-01
208 7.483720e-01 5.624000e-03 2.460040e-01
209 7.474880e-01 5.544000e-03 2.469680e-01
210 7.465680e-01 5.472000e-03 2.479600e-01
211 7.455720e-01 5.492000e-03 2.489360e-01
212 7.444600e-01 5.604000e-03 2.499360e-01
213 7.434440e-01 5.680000e-03 2.508760e-01
214 7.423280e-01 5.836000e-03 2.518360e-01
215 7.411840e-01 5.892000e-03 2.529240e-01
216 7.400920e-01 5.992000e-03 2.539160e-01
217 7.389760e-01 6.112000e-03 2.549120e-01
218 7.379920e-01 6.140000e-03 2.558680e-01
219 7.368600e-01 6.152000e-03 2.569880e-01
220 7.356480e-01 6.340000e-03 2.580120e-01
221 7.345480e-01 6.472000e-03 2.589800e-01
222 7.335000e-01 6.384000e-03 2.601160e-01
223 7.323080e-01 6.316000e-03 2.613760e-01
224 7.310720e-01 6.488000e-03 2.624400e-01
225 7.298800e-01 6.444000e-03 2.636760e-01
226 7.286600e-01 6.500000e-03 2.648400e-01
227 7.273440e-01 6.740000e-03 2.659160e-01
228 7.262320e-01 6.700000e-03 2.670680e-01
229 7.251440e-01 6.632000e-03 2.682240e-01
230 7.241720e-01 6.444000e-03 2.693840e-01
231 7.231280e-01 6.448000e-03 2.704240e-01
232 7.220120e-01 6.372000e-03 2.716160e-01
233 7.210280e-01 6.312000e-03 2.726600e-01
234 7.200600e-01 6.156000e-03 2.737840e-01
235 7.191440e-01 6.088000e-03 2.747680e-01
236 7.182040e-01 5.996000e-03 2.758000e-01
237 7.173000e-01 5.864000e-03 2.768360e-01
238 7.162840e-01 5.824000e-03 2.778920e-01
239 7.152800e-01 5.720000e-03 2.790000e-01
240 7.142920e-01 5.632000e-03 2.800760e-01
241 7.133400e-01 5.600000e-03 2.810600e-01
242 7.123920e-01 5.476000e-03 2.821320e-01
243 7.114640e-01 5.452000e-03 2.830840e-01
244 7.106280e-01 5.364000e-03 2.840080e-01
245 7.097560e-01 5.304000e-03 2.849400e-01
246 7.089680e-01 5.200000e-03 2.858320e-01
247 7.081640e-01 5.004000e-03 2.868320e-01
248 7.074880e-01 4.828000e-03 2.876840e-01
249 7.067920e-01 4.664000e-03 2.885440e-01
250 7.061840e-01 4.556000e-03 2.892600e-01
251 7.055560e-01 4.368000e-03 2.900760e-01
252 7.049760e-01 4.200000e-03 2.908240e-01
253 7.042880e-01 4.200000e-03 2.915120e-01
254 7.035920e-01 4.200000e-03 2.922080e-01
255 7.028160e-01 4.196000e-03 2.929880e-01
256 7.020160e-01 4.356000e-03 2.936280e-01
257 7.012680e-01 4.376000e-03 2.943560e-01
258 7.004480e-01 4.456000e-03 2.950960e-01
259 6.996120e-01 4.500000e-03 2.958880e-01
260 6.988560e-01 4.420000e-03 2.967240e-01
261 6.979800e-01 4.556000e-03 2.974640e-01
262 6.970640e-01 4.732000e-03 2.982040e-01
263 6.962920e-01 4.716000e-03 2.989920e-01
264 6.954880e-01 4.664000e-03 2.998480e-01
265 6.946520e-01 4.688000e-03 3.006600e-01
266 6.938200e-01 4.708000e-03 3.014720e-01
267 6.930440e-01 4.712000e-03 3.022440e-01
268 6.922120e-01 4.732000e-03 3.030560e-01
269 6.913920e-01 4.728000e-03 3.038800e-01
270 6.904960e-01 4.720000e-03 3.047840e-01
271 6.897520e-01 4.636000e-03 3.056120e-01
272 6.891000e-01 4.432000e-03 3.064680e-01
273 6.884440e-01 4.304000e-03 3.072520e-01
274 6.877600e-01 4.292000e-03 3.079480e-01
275 6.870080e-01 4.304000e-03 3.086880e-01
276 6.862960e-01 4.412000e-03 3.092920e-01
277 6.854800e-01 4.420000e-03 3.101000e-01
278 6.848560e-01 4.340000e-03 3.108040e-01
279 6.842640e-01 4.144000e-03 3.115920e-01
280 6.835600e-01 4.160000e-03 3.122800e-01
281 6.829560e-01 4.044000e-03 3.130000e-01
282 6.823320e-01 3.900000e-03 3.137680e-01
283 6.817720e-01 3.816000e-03 3.144120e-01
284 6.812040e-01 3.636000e-03 3.151600e-01
285 6.806720e-01 3.548000e-03 3.157800e-01
286 6.801200e-01 3.516000e-03 3.163640e-01
287 6.794520e-01 3.548000e-03 3.170000e-01
288 6.787880e-01 3.572000e-03 3.176400e-01
289 6.782360e-01 3.548000e-03 3.182160e-01
290 6.776160e-01 3.564000e-03 3.188200e-01
291 6.770360e-01 3.488000e-03 3.194760e-01
292 6.764640e-01 3.400000e-03 3.201360e-01
293 6.759240e-01 3.352000e-03 3.207240e-01
294 6.754200e-01 3.304000e-03 3.212760e-01
295 6.748280e-01 3.368000e-03 3.218040e-01
296 6.743160e-01 3.248000e-03 3.224360e-01
297 6.737440e-01 3.224000e-03 3.230320e-01
298 6.732120e-01 3.212000e-03 3.235760e-01
299 6.726080e-01 3.172000e-03 3.242200e-01
300 6.720480e-01 3.152000e-03 3.248000e-01
301 6.715080e-01 3.116000e-03 3.253760e-01
302 6.709320e-01 3.140000e-03 3.259280e-01
303 6.704240e-01 3.128000e-03 3.264480e-01
304 6.699480e-01 3.040000e-03 3.270120e-01
305 6.693360e-01 3.092000e-03 3.275720e-01
306 6.686880e-01 3.172000e-03 3.281400e-01
307 6.681440e-01 3.128000e-03 3.287280e-01
308 6.675800e-01 3.168000e-03 3.292520e-01
309 6.670160e-01 3.264000e-03 3.297200e-01
310 6.664800e-01 3.244000e-03 3.302760e-01
311 6.658480e-01 3.400000e-03 3.307520e-01
312 6.651880e-01 3.540000e-03 3.312720e-01
313 6.646040e-01 3.492000e-03 3.319040e-01
314 6.640040e-01 3.460000e-03 3.325360e-01
315 6.634280e-01 3.380000e-03 3.331920e-01
316 6.628600e-01 3.388000e-03 3.337520e-01
317 6.622760e-01 3.452000e-03 3.342720e-01
318 6.617280e-01 3.348000e-03 3.349240e-01
319 6.611040e-01 3.380000e-03 3.355160e-01
320 6.604760e-01 3.372000e-03 3.361520e-01
321 6.599800e-01 3.372000e-03 3.366480e-01
322 6.594720e-01 3.324000e-03 3.372040e-01
323 6.589280e-01 3.284000e-03 3.377880e-01
324 6.584320e-01 3.188000e-03 3.383800e-01
325 6.578880e-01 3.192000e-03 3.389200e-01
326 6.573640e-01 3.148000e-03 3.394880e-01
327 6.569320e-01 3.028000e-03 3.400400e-01
328 6.563240e-01 3.036000e-03 3.406400e-01
329 6.558600e-01 2.904000e-03 3.412360e-01
330 6.554360e-01 2.800000e-03 3.417640e-01
331 6.549440e-01 2.796000e-03 3.422600e-01
332 6.545200e-01 2.752000e-03 3.427280e-01
333 6.540240e-01 2.744000e-03 3.432320e-01
334 6.535920e-01 2.720000e-03 3.436880e-01
335 6.531520e-01 2.648000e-03 3.442000e-01
336 6.526360e-01 2.736000e-03 3.446280e-01
337 6.521160e-01 2.740000e-03 3.451440e-01
338 6.515840e-01 2.856000e-03 3.455600e-01
339 6.511560e-01 2.804000e-03 3.460400e-01
340 6.507280e-01 2.744000e-03 3.465280e-01
341 6.502800e-01 2.748000e-03 3.469720e-01
342 6.498160e-01 2.704000e-03 3.474800e-01
343 6.493440e-01 2.676000e-03 3.479800e-01
344 6.488200e-01 2.784000e-03 3.483960e-01
345 6.482960e-01 2.812000e-03 3.488920e-01
346 6.477720e-01 2.864000e-03 3.493640e-01
347 6.473600e-01 2.792000e-03 3.498480e-01
348 6.468600e-01 2.884000e-03 3.502560e-01
349 6.463520e-01 2.904000e-03 3.507440e-01
350 6.458680e-01 2.916000e-03 3.512160e-01
351 6.452680e-01 3.000000e-03 3.517320e-01
352 6.447080e-01 3.012000e-03 3.522800e-01
353 6.442000e-01 3.028000e-03 3.527720e-01
354 6.436360e-01 2.972000e-03 3.533920e-01
355 6.430880e-01 2.936000e-03 3.539760e-01
356 6.425360e-01 3.012000e-03 3.544520e-01
357 6.421400e-01 2.916000e-03 3.549440e-01
358 6.416120e-01 2.892000e-03 3.554960e-01
359 6.411480e-01 2.960000e-03 3.558920e-01
360 6.407120e-01 2.884000e-03 3.564040e-01
361 6.403160e-01 2.808000e-03 3.568760e-01
362 6.397840e-01 2.844000e-03 3.573720e-01
363 6.392560e-01 2.836000e-03 3.579080e-01
364 6.387600e-01 2.776000e-03 3.584640e-01
365 6.382280e-01 2.768000e-03 3.590040e-01
366 6.377680e-01 2.728000e-03 3.595040e-01
367 6.372560e-01 2.812000e-03 3.599320e-01
368 6.367840e-01 2.812000e-03 3.604040e-01
369 6.362080e-01 2.884000e-03 3.609080e-01
370 6.357640e-01 2.792000e-03 3.614440e-01
371 6.352160e-01 2.860000e-03 3.619240e-01
372 6.347160e-01 2.844000e-03 3.624400e-01
373 6.341840e-01 2.900000e-03 3.629160e-01
374 6.337120e-01 2.856000e-03 3.634320e-01
375 6.332120e-01 2.880000e-03 3.639080e-01
376 6.327320e-01 2.776000e-03 3.644920e-01
377 6.323840e-01 2.596000e-03 3.650200e-01
378 6.318920e-01 2.640000e-03 3.654680e-01
379 6.313320e-01 2.760000e-03 3.659080e-01
380 6.308000e-01 2.856000e-03 3.663440e-01
381 6.304040e-01 2.740000e-03 3.668560e-01
382 6.299960e-01 2.688000e-03 3.673160e-01
383 6.295920e-01 2.612000e-03 3.677960e-01
384 6.291600e-01 2.640000e-03 3.682000e-01
385 6.286920e-01 2.680000e-03 3.686280e-01
386 6.281960e-01 2.792000e-03 3.690120e-01
387 6.276800e-01 2.864000e-03 3.694560e-01
388 6.271240e-01 2.952000e-03 3.699240e-01
389 6.266600e-01 2.884000e-03 3.704560e-01
390 6.261800e-01 2.892000e-03 3.709280e-01
391 6.257720e-01 2.772000e-03 3.714560e-01
392 6.254560e-01 2.532000e-03 3.720120e-01
393 6.251160e-01 2.484000e-03 3.724000e-01
394 6.246880e-01 2.488000e-03 3.728240e-01
395 6.243800e-01 2.372000e-03 3.732480e-01
396 6.240080e-01 2.368000e-03 3.736240e-01
397 6.236120e-01 2.356000e-03 3.740320e-01
398 6.231600e-01 2.416000e-03 3.744240e-01
399 6.227240e-01 2.456000e-03 3.748200e-01
400 6.222960e-01 2.476000e-03 3.752280e-01
401 6.218080e-01 2.452000e-03 3.757400e-01
402 6.214040e-01 2.384000e-03 3.762120e-01
403 6.208760e-01 2.520000e-03 3.766040e-01
404 6.204160e-01 2.632000e-03 3.769520e-01
405 6.200000e-01 2.632000e-03 3.773680e-01
406 6.195880e-01 2.660000e-03 3.777520e-01
407 6.191760e-01 2.600000e-03 3.782240e-01
408 6.187520e-01 2.552000e-03 3.786960e-01
409 6.183720e-01 2.500000e-03 3.791280e-01
410 6.180080e-01 2.460000e-03 3.795320e-01
411 6.175880e-01 2.460000e-03 3.799520e-01
412 6.172000e-01 2.368000e-03 3.804320e-01
413 6.168880e-01 2.344000e-03 3.807680e-01
414 6.165280e-01 2.268000e-03 3.812040e-01
415 6.162200e-01 2.184000e-03 3.815960e-01
416 6.159440e-01 2.124000e-03 3.819320e-01
417 6.157040e-01 1.976000e-03 3.823200e-01
418 6.153400e-01 1.980000e-03 3.826800e-01
419 6.150400e-01 1.908000e-03 3.830520e-01
420 6.147200e-01 1.944000e-03 3.833360e-01
421 6.144200e-01 1.928000e-03 3.836520e-01
422 6.140680e-01 2.000000e-03 3.839320e-01
423 6.136840e-01 2.004000e-03 3.843120e-01
424 6.133240e-01 1.992000e-03 3.846840e-01
425 6.129640e-01 1.992000e-03 3.850440e-01
426 6.126000e-01 2.036000e-03 3.853640e-01
427 6.122240e-01 2.080000e-03 3.856960e-01
428 6.119560e-01 2.004000e-03 3.860400e-01
429 6.116200e-01 1.996000e-03 3.863840e-01
430 6.113360e-01 1.956000e-03 3.867080e-01
431 6.111000e-01 1.908000e-03 3.869920e-01
432 6.108360e-01 1.848000e-03 3.873160e-01
433 6.105480e-01 1.824000e-03 3.876280e-01
434 6.103240e-01 1.736000e-03 3.879400e-01
435 6.100600e-01 1.768000e-03 3.881720e-01
436 6.097880e-01 1.744000e-03 3.884680e-01
437 6.095160e-01 1.732000e-03 3.887520e-01
438 6.092320e-01 1.708000e-03 3.890600e-01
439 6.089120e-01 1.724000e-03 3.893640e-01
440 6.086840e-01 1.644000e-03 3.896720e-01
441 6.083480e-01 1.724000e-03 3.899280e-01
442 6.080440e-01 1.732000e-03 3.902240e-01
443 6.077760e-01 1.708000e-03 3.905160e-01
444 6.074640e-01 1.776000e-03 3.907600e-01
445 6.072200e-01 1.692000e-03 3.910880e-01
446 6.069560e-01 1.700000e-03 3.913440e-01
447 6.066520e-01 1.720000e-03 3.916280e-01
448 6.064160e-01 1.692000e-03 3.918920e-01
449 6.062200e-01 1.604000e-03 3.921760e-01
450 6.059480e-01 1.588000e-03 3.924640e-01
451 6.056280e-01 1.668000e-03 3.927040e-01
452 6.053400e-01 1.636000e-03 3.930240e-01
453 6.050320e-01 1.592000e-03 3.933760e-01
454 6.047920e-01 1.552000e-03 3.936560e-01
455 6.045680e-01 1.520000e-03 3.939120e-01
456 6.042920e-01 1.556000e-03 3.941520e-01
457 6.040480e-01 1.576000e-03 3.943760e-01
458 6.038440e-01 1.508000e-03 3.946480e-01
459 6.036520e-01 1.432000e-03 3.949160e-01
460 6.034680e-01 1.384000e-03 3.951480e-01
461 6.032520e-01 1.376000e-03 3.953720e-01
462 6.029440e-01 1.412000e-03 3.956440e-01
463 6.026400e-01 1.456000e-03 3.959040e-01
464 6.024040e-01 1.416000e-03 3.961800e-01
465 6.021280e-01 1.420000e-03 3.964520e-01
466 6.019240e-01 1.356000e-03 3.967200e-01
467 6.017040e-01 1.320000e-03 3.969760e-01
468 6.014720e-01 1.280000e-03 3.972480e-01
469 6.012480e-01 1.248000e-03 3.975040e-01
470 6.010040e-01 1.296000e-03 3.977000e-01
471 6.007720e-01 1.320000e-03 3.979080e-01
472 6.005600e-01 1.352000e-03 3.980880e-01
473 6.003560e-01 1.312000e-03 3.983320e-01
474 6.002200e-01 1.236000e-03 3.985440e-01
475 6.000800e-01 1.140000e-03 3.987800e-01
476 5.999320e-01 1.092000e-03 3.989760e-01
477 5.997520e-01 1.080000e-03 3.991680e-01
478 5.995840e-01 1.072000e-03 3.993440e-01
479 5.994240e-01 1.032000e-03 3.995440e-01
480 5.992920e-01 9.640000e-04 3.997440e-01
481 5.991960e-01 8.920000e-04 3.999120e-01
482 5.990680e-01 8.480000e-04 4.000840e-01
483 5.989240e-01 8.760000e-04 4.002000e-01
484 5.987680e-01 9.080000e-04 4.003240e-01
485 5.986000e-01 9.480000e-04 4.004520e-01
486 5.984800e-01 9.000000e-04 4.006200e-01
487 5.983960e-01 8.200000e-04 4.007840e-01
488 5.982840e-01 8.080000e-04 4.009080e-01
489 5.981440e-01 8.040000e-04 4.010520e-01
490 5.980320e-01 7.880000e-04 4.011800e-01
491 5.978800e-01 8.040000e-04 4.013160e-01
492 5.977480e-01 8.320000e-04 4.014200e-01
493 5.976640e-01 7.640000e-04 4.015720e-01
494 5.975320e-01 7.840000e-04 4.016840e-01
495 5.974400e-01 7.040000e-04 4.018560e-01
496 5.973120e-01 7.320000e-04 4.019560e-01
497 5.972160e-01 6.680000e-04 4.021160e-01
498 5.971160e-01 6.680000e-04 4.022160e-01
499 5.970280e-01 6.160000e-04 4.023560e-01
500 5.969560e-01 5.600000e-04 4.024840e-01
