1 9.992200e-01 6.520000e-04 1.280000e-04
2 9.986640e-01 1.076000e-03 2.600000e-04
3 9.980320e-01 1.456000e-03 5.120000e-04
4 9.972360e-01 1.944000e-03 8.200000e-04
5 9.965400e-01 2.336000e-03 1.124000e-03
6 9.957760e-01 2.696000e-03 1.528000e-03
7 9.949920e-01 2.956000e-03 2.052000e-03
8 9.941080e-01 3.272000e-03 2.620000e-03
9 9.932040e-01 3.600000e-03 3.196000e-03
10 9.922880e-01 3.852000e-03 3.860000e-03
11 9.913880e-01 4.096000e-03 4.516000e-03
12 9.903520e-01 4.444000e-03 5.204000e-03
13 9.892560e-01 4.752000e-03 5.992000e-03
14 9.882120e-01 4.912000e-03 6.876000e-03
15 9.870520e-01 5.304000e-03 7.644000e-03
16 9.858240e-01 5.528000e-03 8.648000e-03
17 9.847320e-01 5.640000e-03 9.628000e-03
18 9.836080e-01 5.764000e-03 1.062800e-02
19 9.824360e-01 5.892000e-03 1.167200e-02
20 9.813320e-01 5.952000e-03 1.271600e-02
21 9.800840e-01 6.216000e-03 1.370000e-02
22 9.788160e-01 6.352000e-03 1.483200e-02
23 9.775000e-01 6.616000e-03 1.588400e-02
24 9.762600e-01 6.576000e-03 1.716400e-02
25 9.748920e-01 6.784000e-03 1.832400e-02
26 9.733800e-01 7.088000e-03 1.953200e-02
27 9.717840e-01 7.388000e-03 2.082800e-02
28 9.704080e-01 7.520000e-03 2.207200e-02
29 9.689120e-01 7.628000e-03 2.346000e-02
30 9.673080e-01 7.864000e-03 2.482800e-02
31 9.658440e-01 7.876000e-03 2.628000e-02
32 9.642400e-01 7.984000e-03 2.777600e-02
33 9.626080e-01 8.192000e-03 2.920000e-02
34 9.610240e-01 8.380000e-03 3.059600e-02
35 9.595080e-01 8.376000e-03 3.211600e-02
36 9.579080e-01 8.504000e-03 3.358800e-02
37 9.563560e-01 8.708000e-03 3.493600e-02
38 9.546840e-01 8.796000e-03 3.652000e-02
39 9.530560e-01 8.904000e-03 3.804000e-02
40 9.512720e-01 9.180000e-03 3.954800e-02
41 9.495680e-01 9.276000e-03 4.115600e-02
42 9.478000e-01 9.444000e-03 4.275600e-02
43 9.460400e-01 9.568000e-03 4.439200e-02
44 9.443320e-01 9.688000e-03 4.598000e-02
45 9.424960e-01 9.844000e-03 4.766000e-02
46 9.407080e-01 1.000800e-02 4.928400e-02
47 9.388680e-01 1.008000e-02 5.105200e-02
48 9.372040e-01 9.992000e-03 5.280400e-02
49 9.354560e-01 9.988000e-03 5.455600e-02
50 9.338400e-01 9.864000e-03 5.629600e-02
51 9.320800e-01 9.820000e-03 5.810000e-02
52 9.302920e-01 9.824000e-03 5.988400e-02
53 9.284840e-01 9.832000e-03 6.168400e-02
54 9.267440e-01 9.968000e-03 6.328800e-02
55 9.249840e-01 9.964000e-03 6.505200e-02
56 9.233240e-01 9.948000e-03 6.672800e-02
57 9.215560e-01 9.948000e-03 6.849600e-02
58 9.198440e-01 9.892000e-03 7.026400e-02
59 9.179920e-01 1.007600e-02 7.193200e-02
60 9.162280e-01 9.912000e-03 7.386000e-02
61 9.145600e-01 9.864000e-03 7.557600e-02
62 9.128160e-01 9.912000e-03 7.727200e-02
63 9.113040e-01 9.820000e-03 7.887600e-02
64 9.096480e-01 9.900000e-03 8.045200e-02
65 9.080560e-01 9.832000e-03 8.211200e-02
66 9.064360e-01 9.792000e-03 8.377200e-02
67 9.047640e-01 9.800000e-03 8.543600e-02
68 9.030800e-01 9.976000e-03 8.694400e-02
69 9.014040e-01 9.876000e-03 8.872000e-02
70 8.996560e-01 9.864000e-03 9.048000e-02
71 8.978840e-01 9.968000e-03 9.214800e-02
72 8.961280e-01 9.996000e-03 9.387600e-02
73 8.945320e-01 9.904000e-03 9.556400e-02
74 8.928160e-01 9.996000e-03 9.718800e-02
75 8.911640e-01 9.912000e-03 9.892400e-02
76 8.895400e-01 9.840000e-03 1.006200e-01
77 8.876120e-01 1.010400e-02 1.022840e-01
78 8.859600e-01 1.003200e-02 1.040080e-01
79 8.842160e-01 1.012000e-02 1.056640e-01
80 8.825760e-01 9.908000e-03 1.075160e-01
81 8.807640e-01 1.000800e-02 1.092280e-01
82 8.791120e-01 9.892000e-03 1.109960e-01
83 8.775640e-01 9.808000e-03 1.126280e-01
84 8.758760e-01 9.768000e-03 1.143560e-01
85 8.743120e-01 9.596000e-03 1.160920e-01
86 8.726080e-01 9.612000e-03 1.177800e-01
87 8.708240e-01 9.536000e-03 1.196400e-01
88 8.691320e-01 9.612000e-03 1.212560e-01
89 8.674680e-01 9.456000e-03 1.230760e-01
90 8.658040e-01 9.492000e-03 1.247040e-01
91 8.641800e-01 9.408000e-03 1.264120e-01
92 8.626160e-01 9.248000e-03 1.281360e-01
93 8.610120e-01 9.320000e-03 1.296680e-01
94 8.594880e-01 9.212000e-03 1.313000e-01
95 8.578440e-01 9.120000e-03 1.330360e-01
96 8.563160e-01 9.116000e-03 1.345680e-01
97 8.548760e-01 8.904000e-03 1.362200e-01
98 8.532400e-01 8.920000e-03 1.378400e-01
99 8.516960e-01 8.908000e-03 1.393960e-01
100 8.502200e-01 8.808000e-03 1.409720e-01
101 8.486560e-01 8.824000e-03 1.425200e-01
102 8.472280e-01 8.652000e-03 1.441200e-01
103 8.459080e-01 8.468000e-03 1.456240e-01
104 8.444160e-01 8.520000e-03 1.470640e-01
105 8.431400e-01 8.408000e-03 1.484520e-01
106 8.417320e-01 8.420000e-03 1.498480e-01
107 8.403040e-01 8.444000e-03 1.512520e-01
108 8.388640e-01 8.476000e-03 1.526600e-01
109 8.374000e-01 8.480000e-03 1.541200e-01
110 8.360080e-01 8.428000e-03 1.555640e-01
111 8.344840e-01 8.472000e-03 1.570440e-01
112 8.330120e-01 8.496000e-03 1.584920e-01
113 8.314920e-01 8.420000e-03 1.600880e-01
114 8.300120e-01 8.420000e-03 1.615680e-01
115 8.288280e-01 8.152000e-03 1.630200e-01
116 8.274480e-01 8.144000e-03 1.644080e-01
117 8.260280e-01 8.152000e-03 1.658200e-01
118 8.245760e-01 8.268000e-03 1.671560e-01
119 8.231280e-01 8.188000e-03 1.686840e-01
120 8.217920e-01 8.088000e-03 1.701200e-01
121 8.203320e-01 8.024000e-03 1.716440e-01
122 8.188400e-01 8.068000e-03 1.730920e-01
123 8.172360e-01 8.280000e-03 1.744840e-01
124 8.156800e-01 8.448000e-03 1.758720e-01
125 8.141960e-01 8.488000e-03 1.773160e-01
126 8.126600e-01 8.524000e-03 1.788160e-01
127 8.112120e-01 8.496000e-03 1.802920e-01
128 8.097240e-01 8.480000e-03 1.817960e-01
129 8.081760e-01 8.528000e-03 1.832960e-01
130 8.067120e-01 8.584000e-03 1.847040e-01
131 8.054560e-01 8.328000e-03 1.862160e-01
132 8.041040e-01 8.276000e-03 1.876200e-01
133 8.027320e-01 8.236000e-03 1.890320e-01
134 8.014280e-01 8.192000e-03 1.903800e-01
135 7.999960e-01 8.256000e-03 1.917480e-01
136 7.985120e-01 8.376000e-03 1.931120e-01
137 7.972760e-01 8.112000e-03 1.946120e-01
138 7.959120e-01 8.132000e-03 1.959560e-01
139 7.947080e-01 7.784000e-03 1.975080e-01
140 7.934280e-01 7.700000e-03 1.988720e-01
141 7.922720e-01 7.452000e-03 2.002760e-01
142 7.912040e-01 7.176000e-03 2.016200e-01
143 7.901720e-01 6.972000e-03 2.028560e-01
144 7.890400e-01 6.844000e-03 2.041160e-01
145 7.879360e-01 6.732000e-03 2.053320e-01
146 7.868720e-01 6.556000e-03 2.065720e-01
147 7.857640e-01 6.468000e-03 2.077680e-01
148 7.846920e-01 6.476000e-03 2.088320e-01
149 7.837080e-01 6.332000e-03 2.099600e-01
150 7.825120e-01 6.408000e-03 2.110800e-01
151 7.813800e-01 6.432000e-03 2.121880e-01
152 7.802200e-01 6.548000e-03 2.132320e-01
153 7.791080e-01 6.596000e-03 2.142960e-01
154 7.781000e-01 6.376000e-03 2.155240e-01
155 7.770320e-01 6.336000e-03 2.166320e-01
156 7.760600e-01 6.176000e-03 2.177640e-01
157 7.750280e-01 6.120000e-03 2.188520e-01
158 7.739640e-01 6.140000e-03 2.198960e-01
159 7.728640e-01 6.060000e-03 2.210760e-01
160 7.717280e-01 6.092000e-03 2.221800e-01
161 7.706160e-01 6.136000e-03 2.232480e-01
162 7.696000e-01 6.144000e-03 2.242560e-01
163 7.685800e-01 6.096000e-03 2.253240e-01
164 7.674440e-01 6.116000e-03 2.264400e-01
165 7.663480e-01 6.124000e-03 2.275280e-01
166 7.652280e-01 6.160000e-03 2.286120e-01
167 7.641120e-01 6.344000e-03 2.295440e-01
168 7.629640e-01 6.384000e-03 2.306520e-01
169 7.618840e-01 6.368000e-03 2.317480e-01
170 7.607680e-01 6.296000e-03 2.329360e-01
171 7.597800e-01 6.176000e-03 2.340440e-01
172 7.586960e-01 6.112000e-03 2.351920e-01
173 7.577160e-01 6.068000e-03 2.362160e-01
174 7.566080e-01 6.172000e-03 2.372200e-01
175 7.554880e-01 6.188000e-03 2.383240e-01
176 7.545200e-01 6.108000e-03 2.393720e-01
177 7.534120e-01 6.232000e-03 2.403560e-01
178 7.524120e-01 6.188000e-03 2.414000e-01
179 7.514360e-01 6.036000e-03 2.425280e-01
180 7.504520e-01 5.892000e-03 2.436560e-01
181 7.494120e-01 5.928000e-03 2.446600e-01
182 7.483320e-01 5.996000e-03 2.456720e-01
183 7.472800e-01 5.968000e-03 2.467520e-01
184 7.463040e-01 5.920000e-03 2.477760e-01
185 7.452400e-01 6.016000e-03 2.487440e-01
186 7.442600e-01 6.000000e-03 2.497400e-01
187 7.433080e-01 5.928000e-03 2.507640e-01
188 7.422920e-01 5.848000e-03 2.518600e-01
189 7.414120e-01 5.764000e-03 2.528240e-01
190 7.404760e-01 5.752000e-03 2.537720e-01
191 7.396240e-01 5.580000e-03 2.547960e-01
192 7.386920e-01 5.528000e-03 2.557800e-01
193 7.377600e-01 5.528000e-03 2.567120e-01
194 7.367720e-01 5.456000e-03 2.577720e-01
195 7.361240e-01 5.076000e-03 2.588000e-01
196 7.353400e-01 5.028000e-03 2.596320e-01
197 7.345600e-01 4.976000e-03 2.604640e-01
198 7.336720e-01 5.016000e-03 2.613120e-01
199 7.328840e-01 4.952000e-03 2.621640e-01
200 7.320200e-01 4.968000e-03 2.630120e-01
201 7.311680e-01 4.972000e-03 2.638600e-01
202 7.303800e-01 4.860000e-03 2.647600e-01
203 7.296320e-01 4.820000e-03 2.655480e-01
204 7.288520e-01 4.688000e-03 2.664600e-01
205 7.280720e-01 4.540000e-03 2.673880e-01
206 7.272960e-01 4.556000e-03 2.681480e-01
207 7.265560e-01 4.420000e-03 2.690240e-01
208 7.258240e-01 4.456000e-03 2.697200e-01
209 7.249840e-01 4.464000e-03 2.705520e-01
210 7.242160e-01 4.488000e-03 2.712960e-01
211 7.234720e-01 4.408000e-03 2.721200e-01
212 7.227000e-01 4.260000e-03 2.730400e-01
213 7.219480e-01 4.244000e-03 2.738080e-01
214 7.212760e-01 4.188000e-03 2.745360e-01
215 7.205840e-01 4.212000e-03 2.752040e-01
216 7.199160e-01 4.112000e-03 2.759720e-01
217 7.192400e-01 4.000000e-03 2.767600e-01
218 7.186360e-01 3.848000e-03 2.775160e-01
219 7.179880e-01 3.892000e-03 2.781200e-01
220 7.172040e-01 4.028000e-03 2.787680e-01
221 7.165320e-01 3.908000e-03 2.795600e-01
222 7.158440e-01 3.836000e-03 2.803200e-01
223 7.151360e-01 3.888000e-03 2.809760e-01
224 7.143880e-01 3.976000e-03 2.816360e-01
225 7.137480e-01 3.960000e-03 2.822920e-01
226 7.131400e-01 3.948000e-03 2.829120e-01
227 7.125400e-01 3.856000e-03 2.836040e-01
228 7.120480e-01 3.596000e-03 2.843560e-01
229 7.114760e-01 3.552000e-03 2.849720e-01
230 7.109440e-01 3.408000e-03 2.856480e-01
231 7.104640e-01 3.280000e-03 2.862560e-01
232 7.098560e-01 3.364000e-03 2.867800e-01
233 7.092160e-01 3.412000e-03 2.873720e-01
234 7.086360e-01 3.380000e-03 2.879840e-01
235 7.080960e-01 3.316000e-03 2.885880e-01
236 7.076240e-01 3.168000e-03 2.892080e-01
237 7.071400e-01 3.056000e-03 2.898040e-01
238 7.065160e-01 3.144000e-03 2.903400e-01
239 7.059240e-01 3.168000e-03 2.909080e-01
240 7.054280e-01 3.064000e-03 2.915080e-01
241 7.048600e-01 3.148000e-03 2.919920e-01
242 7.042920e-01 3.168000e-03 2.925400e-01
243 7.037000e-01 3.144000e-03 2.931560e-01
244 7.031920e-01 3.152000e-03 2.936560e-01
245 7.025640e-01 3.212000e-03 2.942240e-01
246 7.020120e-01 3.192000e-03 2.947960e-01
247 7.013680e-01 3.292000e-03 2.953400e-01
248 7.008160e-01 3.244000e-03 2.959400e-01
249 7.001320e-01 3.352000e-03 2.965160e-01
250 6.995920e-01 3.396000e-03 2.970120e-01
251 6.989400e-01 3.456000e-03 2.976040e-01
252 6.984320e-01 3.336000e-03 2.982320e-01
253 6.979320e-01 3.328000e-03 2.987400e-01
254 6.974120e-01 3.272000e-03 2.993160e-01
255 6.968200e-01 3.208000e-03 2.999720e-01
256 6.963520e-01 3.140000e-03 3.005080e-01
257 6.958760e-01 3.128000e-03 3.009960e-01
258 6.953680e-01 3.060000e-03 3.015720e-01
259 6.948880e-01 3.004000e-03 3.021080e-01
260 6.944200e-01 2.960000e-03 3.026200e-01
261 6.938560e-01 2.980000e-03 3.031640e-01
262 6.933320e-01 2.992000e-03 3.036760e-01
263 6.926160e-01 3.180000e-03 3.042040e-01
264 6.920480e-01 3.144000e-03 3.048080e-01
265 6.913960e-01 3.228000e-03 3.053760e-01
266 6.907680e-01 3.288000e-03 3.059440e-01
267 6.902800e-01 3.192000e-03 3.065280e-01
268 6.897560e-01 3.216000e-03 3.070280e-01
269 6.892120e-01 3.188000e-03 3.076000e-01
270 6.887360e-01 3.112000e-03 3.081520e-01
271 6.882200e-01 3.108000e-03 3.086720e-01
272 6.877160e-01 3.072000e-03 3.092120e-01
273 6.871800e-01 3.072000e-03 3.097480e-01
274 6.867080e-01 3.016000e-03 3.102760e-01
275 6.862760e-01 2.900000e-03 3.108240e-01
276 6.857960e-01 2.848000e-03 3.113560e-01
277 6.852600e-01 2.900000e-03 3.118400e-01
278 6.846760e-01 2.924000e-03 3.124000e-01
279 6.842200e-01 2.892000e-03 3.128880e-01
280 6.837440e-01 2.856000e-03 3.134000e-01
281 6.832760e-01 2.804000e-03 3.139200e-01
282 6.827680e-01 2.832000e-03 3.144000e-01
283 6.822560e-01 2.812000e-03 3.149320e-01
284 6.818280e-01 2.712000e-03 3.154600e-01
285 6.813400e-01 2.788000e-03 3.158720e-01
286 6.807880e-01 2.824000e-03 3.163880e-01
287 6.803840e-01 2.692000e-03 3.169240e-01
288 6.798720e-01 2.664000e-03 3.174640e-01
289 6.794680e-01 2.644000e-03 3.178880e-01
290 6.789920e-01 2.636000e-03 3.183720e-01
291 6.785480e-01 2.600000e-03 3.188520e-01
292 6.781160e-01 2.604000e-03 3.192800e-01
293 6.777840e-01 2.452000e-03 3.197640e-01
294 6.773680e-01 2.436000e-03 3.201960e-01
295 6.770480e-01 2.308000e-03 3.206440e-01
296 6.766560e-01 2.304000e-03 3.210400e-01
297 6.762960e-01 2.184000e-03 3.215200e-01
298 6.758880e-01 2.140000e-03 3.219720e-01
299 6.754200e-01 2.220000e-03 3.223600e-01
300 6.750200e-01 2.216000e-03 3.227640e-01
301 6.745640e-01 2.248000e-03 3.231880e-01
302 6.741360e-01 2.308000e-03 3.235560e-01
303 6.736480e-01 2.352000e-03 3.240000e-01
304 6.732120e-01 2.440000e-03 3.243480e-01
305 6.727480e-01 2.480000e-03 3.247720e-01
306 6.723160e-01 2.456000e-03 3.252280e-01
307 6.719960e-01 2.308000e-03 3.256960e-01
308 6.716240e-01 2.292000e-03 3.260840e-01
309 6.713240e-01 2.172000e-03 3.265040e-01
310 6.710080e-01 2.108000e-03 3.268840e-01
311 6.705720e-01 2.140000e-03 3.272880e-01
312 6.701560e-01 2.200000e-03 3.276440e-01
313 6.697720e-01 2.212000e-03 3.280160e-01
314 6.694160e-01 2.204000e-03 3.283800e-01
315 6.691280e-01 2.108000e-03 3.287640e-01
316 6.688240e-01 2.056000e-03 3.291200e-01
317 6.684560e-01 2.104000e-03 3.294400e-01
318 6.680960e-01 2.116000e-03 3.297880e-01
319 6.677720e-01 2.076000e-03 3.301520e-01
320 6.673560e-01 2.112000e-03 3.305320e-01
321 6.670720e-01 2.072000e-03 3.308560e-01
322 6.667840e-01 2.012000e-03 3.312040e-01
323 6.664320e-01 1.984000e-03 3.315840e-01
324 6.661080e-01 2.012000e-03 3.318800e-01
325 6.657680e-01 2.052000e-03 3.321800e-01
326 6.654240e-01 2.052000e-03 3.325240e-01
327 6.650960e-01 1.988000e-03 3.329160e-01
328 6.647400e-01 1.988000e-03 3.332720e-01
329 6.644760e-01 1.928000e-03 3.335960e-01
330 6.641920e-01 1.928000e-03 3.338800e-01
331 6.638600e-01 1.908000e-03 3.342320e-01
332 6.634880e-01 1.948000e-03 3.345640e-01
333 6.631520e-01 1.952000e-03 3.348960e-01
334 6.628200e-01 1.864000e-03 3.353160e-01
335 6.625560e-01 1.864000e-03 3.355800e-01
336 6.623080e-01 1.816000e-03 3.358760e-01
337 6.620280e-01 1.800000e-03 3.361720e-01
338 6.617160e-01 1.784000e-03 3.365000e-01
339 6.613320e-01 1.912000e-03 3.367560e-01
340 6.610040e-01 1.868000e-03 3.371280e-01
341 6.606520e-01 1.832000e-03 3.375160e-01
342 6.603680e-01 1.792000e-03 3.378400e-01
343 6.600160e-01 1.800000e-03 3.381840e-01
344 6.597200e-01 1.760000e-03 3.385200e-01
345 6.594600e-01 1.716000e-03 3.388240e-01
346 6.592240e-01 1.680000e-03 3.390960e-01
347 6.588840e-01 1.700000e-03 3.394160e-01
348 6.586720e-01 1.648000e-03 3.396800e-01
349 6.584760e-01 1.524000e-03 3.400000e-01
350 6.582240e-01 1.512000e-03 3.402640e-01
351 6.579840e-01 1.472000e-03 3.405440e-01
352 6.577080e-01 1.488000e-03 3.408040e-01
353 6.574640e-01 1.424000e-03 3.411120e-01
354 6.571920e-01 1.472000e-03 3.413360e-01
355 6.569440e-01 1.444000e-03 3.416120e-01
356 6.566400e-01 1.512000e-03 3.418480e-01
357 6.562720e-01 1.600000e-03 3.421280e-01
358 6.559640e-01 1.680000e-03 3.423560e-01
359 6.556560e-01 1.660000e-03 3.426840e-01
360 6.553440e-01 1.696000e-03 3.429600e-01
361 6.549800e-01 1.828000e-03 3.431920e-01
362 6.546040e-01 1.824000e-03 3.435720e-01
363 6.543120e-01 1.752000e-03 3.439360e-01
364 6.540280e-01 1.752000e-03 3.442200e-01
365 6.536440e-01 1.800000e-03 3.445560e-01
366 6.533520e-01 1.820000e-03 3.448280e-01
367 6.530000e-01 1.876000e-03 3.451240e-01
368 6.527160e-01 1.848000e-03 3.454360e-01
369 6.523840e-01 1.876000e-03 3.457400e-01
370 6.521000e-01 1.904000e-03 3.459960e-01
371 6.518480e-01 1.788000e-03 3.463640e-01
372 6.515360e-01 1.844000e-03 3.466200e-01
373 6.511880e-01 1.928000e-03 3.468840e-01
374 6.509280e-01 1.828000e-03 3.472440e-01
375 6.505680e-01 1.872000e-03 3.475600e-01
376 6.503400e-01 1.756000e-03 3.479040e-01
377 6.500960e-01 1.640000e-03 3.482640e-01
378 6.497880e-01 1.628000e-03 3.485840e-01
379 6.495560e-01 1.528000e-03 3.489160e-01
380 6.493560e-01 1.444000e-03 3.492000e-01
381 6.491920e-01 1.360000e-03 3.494480e-01
382 6.489760e-01 1.344000e-03 3.496800e-01
383 6.488000e-01 1.280000e-03 3.499200e-01
384 6.485600e-01 1.304000e-03 3.501360e-01
385 6.483480e-01 1.252000e-03 3.504000e-01
386 6.480440e-01 1.388000e-03 3.505680e-01
387 6.478360e-01 1.340000e-03 3.508240e-01
388 6.475720e-01 1.348000e-03 3.510800e-01
389 6.473200e-01 1.400000e-03 3.512800e-01
390 6.470680e-01 1.412000e-03 3.515200e-01
391 6.468200e-01 1.416000e-03 3.517640e-01
392 6.465680e-01 1.412000e-03 3.520200e-01
393 6.464280e-01 1.308000e-03 3.522640e-01
394 6.462120e-01 1.292000e-03 3.524960e-01
395 6.459840e-01 1.312000e-03 3.527040e-01
396 6.457480e-01 1.324000e-03 3.529280e-01
397 6.455520e-01 1.304000e-03 3.531440e-01
398 6.452640e-01 1.336000e-03 3.534000e-01
399 6.450000e-01 1.420000e-03 3.535800e-01
400 6.447080e-01 1.528000e-03 3.537640e-01
401 6.443640e-01 1.612000e-03 3.540240e-01
402 6.441280e-01 1.604000e-03 3.542680e-01
403 6.438240e-01 1.652000e-03 3.545240e-01
404 6.435640e-01 1.664000e-03 3.547720e-01
405 6.433280e-01 1.572000e-03 3.551000e-01
406 6.430760e-01 1.548000e-03 3.553760e-01
407 6.428240e-01 1.508000e-03 3.556680e-01
408 6.425520e-01 1.540000e-03 3.559080e-01
409 6.422920e-01 1.536000e-03 3.561720e-01
410 6.420520e-01 1.504000e-03 3.564440e-01
411 6.418480e-01 1.408000e-03 3.567440e-01
412 6.416080e-01 1.352000e-03 3.570400e-01
413 6.413480e-01 1.344000e-03 3.573080e-01
414 6.411000e-01 1.324000e-03 3.575760e-01
415 6.408360e-01 1.376000e-03 3.577880e-01
416 6.406200e-01 1.396000e-03 3.579840e-01
417 6.403920e-01 1.300000e-03 3.583080e-01
418 6.401840e-01 1.300000e-03 3.585160e-01
419 6.399120e-01 1.296000e-03 3.587920e-01
420 6.396880e-01 1.336000e-03 3.589760e-01
421 6.394480e-01 1.380000e-03 3.591720e-01
422 6.392400e-01 1.352000e-03 3.594080e-01
423 6.390280e-01 1.336000e-03 3.596360e-01
424 6.388000e-01 1.332000e-03 3.598680e-01
425 6.385480e-01 1.364000e-03 3.600880e-01
426 6.383480e-01 1.296000e-03 3.603560e-01
427 6.381840e-01 1.216000e-03 3.606000e-01
428 6.379800e-01 1.216000e-03 3.608040e-01
429 6.378440e-01 1.156000e-03 3.610000e-01
430 6.376880e-01 1.136000e-03 3.611760e-01
431 6.375520e-01 1.064000e-03 3.613840e-01
432 6.374320e-01 9.640000e-04 3.616040e-01
433 6.373440e-01 9.040000e-04 3.617520e-01
434 6.372640e-01 8.480000e-04 3.618880e-01
435 6.371600e-01 8.080000e-04 3.620320e-01
436 6.370880e-01 7.400000e-04 3.621720e-01
437 6.369920e-01 6.920000e-04 3.623160e-01
438 6.369160e-01 6.160000e-04 3.624680e-01
439 6.368520e-01 5.600000e-04 3.625880e-01
440 6.367520e-01 5.760000e-04 3.626720e-01
441 6.366600e-01 5.920000e-04 3.627480e-01
442 6.365720e-01 6.040000e-04 3.628240e-01
443 6.364480e-01 6.280000e-04 3.629240e-01
444 6.362720e-01 7.080000e-04 3.630200e-01
445 6.361680e-01 7.040000e-04 3.631280e-01
446 6.360680e-01 6.600000e-04 3.632720e-01
447 6.359760e-01 6.240000e-04 3.634000e-01
448 6.358360e-01 6.680000e-04 3.634960e-01
449 6.356800e-01 6.960000e-04 3.636240e-01
450 6.355200e-01 7.200000e-04 3.637600e-01
451 6.354040e-01 6.680000e-04 3.639280e-01
452 6.353040e-01 6.720000e-04 3.640240e-01
453 6.352160e-01 6.640000e-04 3.641200e-01
454 6.351280e-01 6.480000e-04 3.642240e-01
455 6.350160e-01 6.320000e-04 3.643520e-01
456 6.349080e-01 6.360000e-04 3.644560e-01
457 6.348160e-01 5.760000e-04 3.646080e-01
458 6.346760e-01 6.160000e-04 3.647080e-01
459 6.345960e-01 5.640000e-04 3.648400e-01
460 6.345000e-01 5.760000e-04 3.649240e-01
461 6.344400e-01 5.320000e-04 3.650280e-01
462 6.343800e-01 4.840000e-04 3.651360e-01
463 6.343000e-01 4.960000e-04 3.652040e-01
464 6.342240e-01 5.000000e-04 3.652760e-01
465 6.341600e-01 4.800000e-04 3.653600e-01
466 6.340840e-01 4.760000e-04 3.654400e-01
467 6.340040e-01 4.720000e-04 3.655240e-01
468 6.339840e-01 3.800000e-04 3.656360e-01
469 6.339560e-01 3.280000e-04 3.657160e-01
470 6.339080e-01 3.320000e-04 3.657600e-01
471 6.338560e-01 3.400000e-04 3.658040e-01
472 6.338200e-01 3.160000e-04 3.658640e-01
473 6.337720e-01 3.080000e-04 3.659200e-01
474 6.337360e-01 2.960000e-04 3.659680e-01
475 6.337160e-01 2.520000e-04 3.660320e-01
476 6.336880e-01 2.280000e-04 3.660840e-01
477 6.336560e-01 2.080000e-04 3.661360e-01
478 6.336360e-01 1.920000e-04 3.661720e-01
479 6.336000e-01 1.920000e-04 3.662080e-01
480 6.335880e-01 1.800000e-04 3.662320e-01
481 6.335520e-01 1.680000e-04 3.662800e-01
482 6.335000e-01 1.800000e-04 3.663200e-01
483 6.334400e-01 2.080000e-04 3.663520e-01
484 6.334000e-01 2.120000e-04 3.663880e-01
485 6.333760e-01 2.080000e-04 3.664160e-01
486 6.333360e-01 2.160000e-04 3.664480e-01
487 6.332960e-01 2.280000e-04 3.664760e-01
488 6.332600e-01 2.200000e-04 3.665200e-01
489 6.332440e-01 2.080000e-04 3.665480e-01
490 6.332160e-01 1.920000e-04 3.665920e-01
491 6.331840e-01 2.000000e-04 3.666160e-01
492 6.331640e-01 2.160000e-04 3.666200e-01
493 6.331400e-01 2.040000e-04 3.666560e-01
494 6.331360e-01 1.720000e-04 3.666920e-01
495 6.331120e-01 1.680000e-04 3.667200e-01
496 6.330960e-01 1.720000e-04 3.667320e-01
497 6.330600e-01 1.760000e-04 3.667640e-01
498 6.330200e-01 1.920000e-04 3.667880e-01
499 6.330000e-01 1.800000e-04 3.668200e-01
500 6.329800e-01 1.800000e-04 3.668400e-01
