1 9.992040e-01 6.840000e-04 1.120000e-04
2 9.986160e-01 1.088000e-03 2.960000e-04
3 9.981440e-01 1.284000e-03 5.720000e-04
4 9.975280e-01 1.644000e-03 8.280000e-04
5 9.968800e-01 1.972000e-03 1.148000e-03
6 9.960840e-01 2.372000e-03 1.544000e-03
7 9.953120e-01 2.708000e-03 1.980000e-03
8 9.945080e-01 2.984000e-03 2.508000e-03
9 9.936160e-01 3.308000e-03 3.076000e-03
10 9.927640e-01 3.536000e-03 3.700000e-03
11 9.918440e-01 3.820000e-03 4.336000e-03
12 9.907440e-01 4.324000e-03 4.932000e-03
13 9.897600e-01 4.500000e-03 5.740000e-03
14 9.887280e-01 4.788000e-03 6.484000e-03
15 9.875760e-01 5.044000e-03 7.380000e-03
16 9.865840e-01 5.080000e-03 8.336000e-03
17 9.856280e-01 5.112000e-03 9.260000e-03
18 9.844880e-01 5.448000e-03 1.006400e-02
19 9.833240e-01 5.712000e-03 1.096400e-02
20 9.821520e-01 5.864000e-03 1.198400e-02
21 9.808320e-01 6.220000e-03 1.294800e-02
22 9.794600e-01 6.536000e-03 1.400400e-02
23 9.781160e-01 6.624000e-03 1.526000e-02
24 9.768800e-01 6.672000e-03 1.644800e-02
25 9.755520e-01 6.748000e-03 1.770000e-02
26 9.743280e-01 6.908000e-03 1.876400e-02
27 9.730920e-01 6.968000e-03 1.994000e-02
28 9.717240e-01 7.076000e-03 2.120000e-02
29 9.704960e-01 7.056000e-03 2.244800e-02
30 9.691760e-01 7.172000e-03 2.365200e-02
31 9.678640e-01 7.312000e-03 2.482400e-02
32 9.664880e-01 7.464000e-03 2.604800e-02
33 9.650640e-01 7.572000e-03 2.736400e-02
34 9.636960e-01 7.636000e-03 2.866800e-02
35 9.624200e-01 7.596000e-03 2.998400e-02
36 9.609560e-01 7.696000e-03 3.134800e-02
37 9.594960e-01 7.784000e-03 3.272000e-02
38 9.580960e-01 8.000000e-03 3.390400e-02
39 9.565800e-01 8.056000e-03 3.536400e-02
40 9.549280e-01 8.340000e-03 3.673200e-02
41 9.534120e-01 8.348000e-03 3.824000e-02
42 9.521760e-01 8.120000e-03 3.970400e-02
43 9.508600e-01 8.108000e-03 4.103200e-02
44 9.493760e-01 8.152000e-03 4.247200e-02
45 9.479600e-01 8.180000e-03 4.386000e-02
46 9.464560e-01 8.176000e-03 4.536800e-02
47 9.450240e-01 8.164000e-03 4.681200e-02
48 9.435640e-01 8.292000e-03 4.814400e-02
49 9.421120e-01 8.364000e-03 4.952400e-02
50 9.407520e-01 8.248000e-03 5.100000e-02
51 9.392720e-01 8.276000e-03 5.245200e-02
52 9.376720e-01 8.328000e-03 5.400000e-02
53 9.361600e-01 8.472000e-03 5.536800e-02
54 9.346440e-01 8.504000e-03 5.685200e-02
55 9.331920e-01 8.468000e-03 5.834000e-02
56 9.315720e-01 8.456000e-03 5.997200e-02
57 9.301240e-01 8.392000e-03 6.148400e-02
58 9.286200e-01 8.300000e-03 6.308000e-02
59 9.272440e-01 8.176000e-03 6.458000e-02
60 9.258200e-01 8.212000e-03 6.596800e-02
61 9.242480e-01 8.280000e-03 6.747200e-02
62 9.227960e-01 8.300000e-03 6.890400e-02
63 9.213000e-01 8.240000e-03 7.046000e-02
64 9.197880e-01 8.216000e-03 7.199600e-02
65 9.182680e-01 8.356000e-03 7.337600e-02
66 9.167800e-01 8.364000e-03 7.485600e-02
67 9.153200e-01 8.536000e-03 7.614400e-02
68 9.139560e-01 8.424000e-03 7.762000e-02
69 9.126880e-01 8.188000e-03 7.912400e-02
70 9.114720e-01 7.952000e-03 8.057600e-02
71 9.099600e-01 8.204000e-03 8.183600e-02
72 9.085200e-01 8.376000e-03 8.310400e-02
73 9.071400e-01 8.372000e-03 8.448800e-02
74 9.057800e-01 8.132000e-03 8.608800e-02
75 9.044880e-01 7.964000e-03 8.754800e-02
76 9.032480e-01 7.792000e-03 8.896000e-02
77 9.020120e-01 7.484000e-03 9.050400e-02
78 9.006320e-01 7.520000e-03 9.184800e-02
79 8.994240e-01 7.532000e-03 9.304400e-02
80 8.981360e-01 7.540000e-03 9.432400e-02
81 8.968160e-01 7.692000e-03 9.549200e-02
82 8.954880e-01 7.648000e-03 9.686400e-02
83 8.941200e-01 7.756000e-03 9.812400e-02
84 8.929200e-01 7.668000e-03 9.941200e-02
85 8.915280e-01 7.652000e-03 1.008200e-01
86 8.901320e-01 7.652000e-03 1.022160e-01
87 8.888640e-01 7.588000e-03 1.035480e-01
88 8.875120e-01 7.632000e-03 1.048560e-01
89 8.862080e-01 7.616000e-03 1.061760e-01
90 8.846920e-01 7.792000e-03 1.075160e-01
91 8.833080e-01 7.776000e-03 1.089160e-01
92 8.819840e-01 7.800000e-03 1.102160e-01
93 8.806840e-01 7.844000e-03 1.114720e-01
94 8.795720e-01 7.484000e-03 1.129440e-01
95 8.784320e-01 7.420000e-03 1.141480e-01
96 8.772600e-01 7.336000e-03 1.154040e-01
97 8.760800e-01 7.276000e-03 1.166440e-01
98 8.748440e-01 7.288000e-03 1.178680e-01
99 8.735920e-01 7.280000e-03 1.191280e-01
100 8.724680e-01 7.112000e-03 1.204200e-01
101 8.714120e-01 6.968000e-03 1.216200e-01
102 8.702800e-01 6.824000e-03 1.228960e-01
103 8.691240e-01 6.900000e-03 1.239760e-01
104 8.680760e-01 6.668000e-03 1.252560e-01
105 8.669200e-01 6.672000e-03 1.264080e-01
106 8.656920e-01 6.656000e-03 1.276520e-01
107 8.646720e-01 6.524000e-03 1.288040e-01
108 8.634240e-01 6.664000e-03 1.299120e-01
109 8.623000e-01 6.576000e-03 1.311240e-01
110 8.611280e-01 6.532000e-03 1.323400e-01
111 8.599600e-01 6.608000e-03 1.334320e-01
112 8.587640e-01 6.628000e-03 1.346080e-01
113 8.575920e-01 6.668000e-03 1.357400e-01
114 8.563480e-01 6.708000e-03 1.369440e-01
115 8.552640e-01 6.504000e-03 1.382320e-01
116 8.541400e-01 6.528000e-03 1.393320e-01
117 8.529840e-01 6.584000e-03 1.404320e-01
118 8.517680e-01 6.716000e-03 1.415160e-01
119 8.504360e-01 6.836000e-03 1.427280e-01
120 8.491640e-01 6.956000e-03 1.438800e-01
121 8.478480e-01 7.016000e-03 1.451360e-01
122 8.464920e-01 7.020000e-03 1.464880e-01
123 8.451200e-01 7.188000e-03 1.476920e-01
124 8.438480e-01 7.172000e-03 1.489800e-01
125 8.427400e-01 7.040000e-03 1.502200e-01
126 8.415840e-01 7.112000e-03 1.513040e-01
127 8.404760e-01 6.948000e-03 1.525760e-01
128 8.393480e-01 6.896000e-03 1.537560e-01
129 8.380680e-01 6.988000e-03 1.549440e-01
130 8.368800e-01 6.920000e-03 1.562000e-01
131 8.357800e-01 6.896000e-03 1.573240e-01
132 8.347360e-01 6.820000e-03 1.584440e-01
133 8.333760e-01 7.052000e-03 1.595720e-01
134 8.321480e-01 6.972000e-03 1.608800e-01
135 8.309120e-01 6.964000e-03 1.621240e-01
136 8.298240e-01 6.864000e-03 1.633120e-01
137 8.287920e-01 6.676000e-03 1.645320e-01
138 8.276960e-01 6.640000e-03 1.656640e-01
139 8.265120e-01 6.592000e-03 1.668960e-01
140 8.255600e-01 6.332000e-03 1.681080e-01
141 8.244640e-01 6.368000e-03 1.691680e-01
142 8.235120e-01 6.284000e-03 1.702040e-01
143 8.223760e-01 6.316000e-03 1.713080e-01
144 8.213520e-01 6.228000e-03 1.724200e-01
145 8.203000e-01 6.152000e-03 1.735480e-01
146 8.192320e-01 6.228000e-03 1.745400e-01
147 8.180760e-01 6.280000e-03 1.756440e-01
148 8.169200e-01 6.336000e-03 1.767440e-01
149 8.158720e-01 6.272000e-03 1.778560e-01
150 8.147240e-01 6.376000e-03 1.789000e-01
151 8.134160e-01 6.472000e-03 1.801120e-01
152 8.123360e-01 6.384000e-03 1.812800e-01
153 8.113240e-01 6.356000e-03 1.823200e-01
154 8.103320e-01 6.316000e-03 1.833520e-01
155 8.091760e-01 6.292000e-03 1.845320e-01
156 8.082400e-01 6.028000e-03 1.857320e-01
157 8.072800e-01 5.984000e-03 1.867360e-01
158 8.062920e-01 6.024000e-03 1.876840e-01
159 8.053600e-01 5.912000e-03 1.887280e-01
160 8.043320e-01 5.952000e-03 1.897160e-01
161 8.033160e-01 5.972000e-03 1.907120e-01
162 8.023640e-01 5.980000e-03 1.916560e-01
163 8.014080e-01 5.836000e-03 1.927560e-01
164 8.004440e-01 5.740000e-03 1.938160e-01
165 7.995600e-01 5.668000e-03 1.947720e-01
166 7.986680e-01 5.604000e-03 1.957280e-01
167 7.977840e-01 5.568000e-03 1.966480e-01
168 7.967680e-01 5.724000e-03 1.975080e-01
169 7.957520e-01 5.808000e-03 1.984400e-01
170 7.948840e-01 5.720000e-03 1.993960e-01
171 7.939000e-01 5.616000e-03 2.004840e-01
172 7.929840e-01 5.544000e-03 2.014720e-01
173 7.920720e-01 5.524000e-03 2.024040e-01
174 7.912080e-01 5.408000e-03 2.033840e-01
175 7.903080e-01 5.380000e-03 2.043120e-01
176 7.892280e-01 5.576000e-03 2.051960e-01
177 7.882640e-01 5.568000e-03 2.061680e-01
178 7.873240e-01 5.532000e-03 2.071440e-01
179 7.864880e-01 5.488000e-03 2.080240e-01
180 7.856880e-01 5.352000e-03 2.089600e-01
181 7.848720e-01 5.124000e-03 2.100040e-01
182 7.840480e-01 5.028000e-03 2.109240e-01
183 7.831800e-01 5.104000e-03 2.117160e-01
184 7.824680e-01 5.068000e-03 2.124640e-01
185 7.817120e-01 4.952000e-03 2.133360e-01
186 7.808280e-01 4.924000e-03 2.142480e-01
187 7.801280e-01 4.764000e-03 2.151080e-01
188 7.793840e-01 4.628000e-03 2.159880e-01
189 7.786600e-01 4.536000e-03 2.168040e-01
190 7.779200e-01 4.544000e-03 2.175360e-01
191 7.772040e-01 4.508000e-03 2.182880e-01
192 7.763680e-01 4.624000e-03 2.190080e-01
193 7.756800e-01 4.512000e-03 2.198080e-01
194 7.750040e-01 4.416000e-03 2.205800e-01
195 7.744640e-01 4.192000e-03 2.213440e-01
196 7.737560e-01 4.172000e-03 2.220720e-01
197 7.731120e-01 4.096000e-03 2.227920e-01
198 7.724960e-01 3.956000e-03 2.235480e-01
199 7.718480e-01 3.888000e-03 2.242640e-01
200 7.712320e-01 3.872000e-03 2.248960e-01
201 7.705560e-01 3.936000e-03 2.255080e-01
202 7.698480e-01 4.032000e-03 2.261200e-01
203 7.691200e-01 4.044000e-03 2.268360e-01
204 7.683320e-01 4.212000e-03 2.274560e-01
205 7.676200e-01 4.168000e-03 2.282120e-01
206 7.668880e-01 4.120000e-03 2.289920e-01
207 7.661320e-01 4.096000e-03 2.297720e-01
208 7.653360e-01 4.240000e-03 2.304240e-01
209 7.645080e-01 4.292000e-03 2.312000e-01
210 7.637040e-01 4.296000e-03 2.320000e-01
211 7.629360e-01 4.368000e-03 2.326960e-01
212 7.622880e-01 4.276000e-03 2.334360e-01
213 7.617000e-01 4.140000e-03 2.341600e-01
214 7.611240e-01 4.024000e-03 2.348520e-01
215 7.605200e-01 3.820000e-03 2.356600e-01
216 7.600120e-01 3.660000e-03 2.363280e-01
217 7.594320e-01 3.612000e-03 2.369560e-01
218 7.588480e-01 3.552000e-03 2.376000e-01
219 7.583000e-01 3.464000e-03 2.382360e-01
220 7.576960e-01 3.456000e-03 2.388480e-01
221 7.571640e-01 3.436000e-03 2.394000e-01
222 7.565640e-01 3.420000e-03 2.400160e-01
223 7.559400e-01 3.384000e-03 2.406760e-01
224 7.553880e-01 3.368000e-03 2.412440e-01
225 7.549120e-01 3.280000e-03 2.418080e-01
226 7.543200e-01 3.232000e-03 2.424480e-01
227 7.537800e-01 3.244000e-03 2.429760e-01
228 7.532400e-01 3.268000e-03 2.434920e-01
229 7.526880e-01 3.184000e-03 2.441280e-01
230 7.520480e-01 3.284000e-03 2.446680e-01
231 7.515440e-01 3.240000e-03 2.452160e-01
232 7.510240e-01 3.240000e-03 2.457360e-01
233 7.505560e-01 3.156000e-03 2.462880e-01
234 7.500200e-01 3.144000e-03 2.468360e-01
235 7.495360e-01 3.092000e-03 2.473720e-01
236 7.491000e-01 3.024000e-03 2.478760e-01
237 7.486400e-01 2.952000e-03 2.484080e-01
238 7.482240e-01 2.900000e-03 2.488760e-01
239 7.478200e-01 2.808000e-03 2.493720e-01
240 7.473240e-01 2.840000e-03 2.498360e-01
241 7.467320e-01 2.956000e-03 2.503120e-01
242 7.461880e-01 3.004000e-03 2.508080e-01
243 7.456240e-01 3.044000e-03 2.513320e-01
244 7.451120e-01 3.076000e-03 2.518120e-01
245 7.444760e-01 3.204000e-03 2.523200e-01
246 7.438440e-01 3.184000e-03 2.529720e-01
247 7.432280e-01 3.284000e-03 2.534880e-01
248 7.425680e-01 3.344000e-03 2.540880e-01
249 7.419400e-01 3.456000e-03 2.546040e-01
250 7.412800e-01 3.464000e-03 2.552560e-01
251 7.407200e-01 3.380000e-03 2.559000e-01
252 7.401640e-01 3.268000e-03 2.565680e-01
253 7.395480e-01 3.316000e-03 2.571360e-01
254 7.390320e-01 3.252000e-03 2.577160e-01
255 7.384560e-01 3.184000e-03 2.583600e-01
256 7.380120e-01 3.056000e-03 2.589320e-01
257 7.374360e-01 3.136000e-03 2.594280e-01
258 7.369720e-01 3.072000e-03 2.599560e-01
259 7.365000e-01 2.988000e-03 2.605120e-01
260 7.361000e-01 2.948000e-03 2.609520e-01
261 7.357040e-01 2.844000e-03 2.614520e-01
262 7.353040e-01 2.756000e-03 2.619400e-01
263 7.348840e-01 2.688000e-03 2.624280e-01
264 7.344600e-01 2.680000e-03 2.628600e-01
265 7.340480e-01 2.596000e-03 2.633560e-01
266 7.336360e-01 2.520000e-03 2.638440e-01
267 7.332440e-01 2.468000e-03 2.642880e-01
268 7.327800e-01 2.512000e-03 2.647080e-01
269 7.323600e-01 2.404000e-03 2.652360e-01
270 7.318520e-01 2.464000e-03 2.656840e-01
271 7.314440e-01 2.368000e-03 2.661880e-01
272 7.310480e-01 2.344000e-03 2.666080e-01
273 7.306280e-01 2.296000e-03 2.670760e-01
274 7.302920e-01 2.212000e-03 2.674960e-01
275 7.298960e-01 2.216000e-03 2.678880e-01
276 7.295120e-01 2.212000e-03 2.682760e-01
277 7.291040e-01 2.208000e-03 2.686880e-01
278 7.287120e-01 2.216000e-03 2.690720e-01
279 7.283720e-01 2.220000e-03 2.694080e-01
280 7.279840e-01 2.236000e-03 2.697800e-01
281 7.275760e-01 2.264000e-03 2.701600e-01
282 7.271520e-01 2.288000e-03 2.705600e-01
283 7.268120e-01 2.220000e-03 2.709680e-01
284 7.264280e-01 2.232000e-03 2.713400e-01
285 7.260640e-01 2.252000e-03 2.716840e-01
286 7.256480e-01 2.292000e-03 2.720600e-01
287 7.253240e-01 2.260000e-03 2.724160e-01
288 7.249800e-01 2.200000e-03 2.728200e-01
289 7.245880e-01 2.220000e-03 2.731920e-01
290 7.242440e-01 2.256000e-03 2.735000e-01
291 7.238960e-01 2.152000e-03 2.739520e-01
292 7.235160e-01 2.112000e-03 2.743720e-01
293 7.232160e-01 2.028000e-03 2.747560e-01
294 7.228200e-01 2.128000e-03 2.750520e-01
295 7.223680e-01 2.228000e-03 2.754040e-01
296 7.220040e-01 2.212000e-03 2.757840e-01
297 7.215760e-01 2.272000e-03 2.761520e-01
298 7.212360e-01 2.292000e-03 2.764720e-01
299 7.207680e-01 2.384000e-03 2.768480e-01
300 7.204680e-01 2.264000e-03 2.772680e-01
301 7.200120e-01 2.308000e-03 2.776800e-01
302 7.195640e-01 2.424000e-03 2.780120e-01
303 7.192000e-01 2.348000e-03 2.784520e-01
304 7.188120e-01 2.304000e-03 2.788840e-01
305 7.184600e-01 2.248000e-03 2.792920e-01
306 7.181200e-01 2.228000e-03 2.796520e-01
307 7.176480e-01 2.200000e-03 2.801520e-01
308 7.173640e-01 2.072000e-03 2.805640e-01
309 7.170400e-01 1.984000e-03 2.809760e-01
310 7.166640e-01 2.036000e-03 2.813000e-01
311 7.163320e-01 1.992000e-03 2.816760e-01
312 7.160320e-01 1.932000e-03 2.820360e-01
313 7.157600e-01 1.796000e-03 2.824440e-01
314 7.155080e-01 1.744000e-03 2.827480e-01
315 7.152360e-01 1.724000e-03 2.830400e-01
316 7.148520e-01 1.828000e-03 2.833200e-01
317 7.145160e-01 1.864000e-03 2.836200e-01
318 7.142240e-01 1.804000e-03 2.839720e-01
319 7.139040e-01 1.800000e-03 2.842960e-01
320 7.136440e-01 1.740000e-03 2.846160e-01
321 7.133800e-01 1.756000e-03 2.848640e-01
322 7.130600e-01 1.752000e-03 2.851880e-01
323 7.128120e-01 1.708000e-03 2.854800e-01
324 7.125280e-01 1.696000e-03 2.857760e-01
325 7.122800e-01 1.560000e-03 2.861600e-01
326 7.120160e-01 1.536000e-03 2.864480e-01
327 7.117960e-01 1.504000e-03 2.867000e-01
328 7.114880e-01 1.532000e-03 2.869800e-01
329 7.112360e-01 1.480000e-03 2.872840e-01
330 7.109400e-01 1.492000e-03 2.875680e-01
331 7.107240e-01 1.484000e-03 2.877920e-01
332 7.105040e-01 1.408000e-03 2.880880e-01
333 7.103160e-01 1.368000e-03 2.883160e-01
334 7.100920e-01 1.344000e-03 2.885640e-01
335 7.099480e-01 1.272000e-03 2.887800e-01
336 7.097560e-01 1.296000e-03 2.889480e-01
337 7.095240e-01 1.304000e-03 2.891720e-01
338 7.093920e-01 1.216000e-03 2.893920e-01
339 7.091880e-01 1.216000e-03 2.895960e-01
340 7.090240e-01 1.140000e-03 2.898360e-01
341 7.088680e-01 1.116000e-03 2.900160e-01
342 7.087400e-01 1.068000e-03 2.901920e-01
343 7.086400e-01 1.008000e-03 2.903520e-01
344 7.084760e-01 1.036000e-03 2.904880e-01
345 7.082760e-01 9.920000e-04 2.907320e-01
346 7.081400e-01 9.720000e-04 2.908880e-01
347 7.079680e-01 1.000000e-03 2.910320e-01
348 7.077640e-01 1.040000e-03 2.911960e-01
349 7.075920e-01 1.008000e-03 2.914000e-01
350 7.074200e-01 9.840000e-04 2.915960e-01
351 7.072440e-01 1.040000e-03 2.917160e-01
352 7.071120e-01 1.000000e-03 2.918880e-01
353 7.069800e-01 9.560000e-04 2.920640e-01
354 7.068240e-01 8.960000e-04 2.922800e-01
355 7.066920e-01 9.040000e-04 2.924040e-01
356 7.065360e-01 9.040000e-04 2.925600e-01
357 7.063600e-01 9.080000e-04 2.927320e-01
358 7.061520e-01 9.440000e-04 2.929040e-01
359 7.059880e-01 9.840000e-04 2.930280e-01
360 7.058240e-01 1.000000e-03 2.931760e-01
361 7.056360e-01 1.060000e-03 2.933040e-01
362 7.054880e-01 1.000000e-03 2.935120e-01
363 7.053200e-01 9.920000e-04 2.936880e-01
364 7.051440e-01 9.440000e-04 2.939120e-01
365 7.049320e-01 9.680000e-04 2.941000e-01
366 7.047640e-01 9.800000e-04 2.942560e-01
367 7.046040e-01 1.004000e-03 2.943920e-01
368 7.044240e-01 1.016000e-03 2.945600e-01
369 7.042400e-01 1.028000e-03 2.947320e-01
370 7.040440e-01 1.060000e-03 2.948960e-01
371 7.038600e-01 1.064000e-03 2.950760e-01
372 7.036000e-01 1.084000e-03 2.953160e-01
373 7.033840e-01 1.084000e-03 2.955320e-01
374 7.031680e-01 1.092000e-03 2.957400e-01
375 7.029520e-01 1.136000e-03 2.959120e-01
376 7.027400e-01 1.116000e-03 2.961440e-01
377 7.025640e-01 1.100000e-03 2.963360e-01
378 7.023440e-01 1.128000e-03 2.965280e-01
379 7.021360e-01 1.152000e-03 2.967120e-01
380 7.019560e-01 1.120000e-03 2.969240e-01
381 7.018320e-01 1.084000e-03 2.970840e-01
382 7.017040e-01 1.012000e-03 2.972840e-01
383 7.015480e-01 9.680000e-04 2.974840e-01
384 7.014120e-01 9.280000e-04 2.976600e-01
385 7.012400e-01 9.840000e-04 2.977760e-01
386 7.011360e-01 9.200000e-04 2.979440e-01
387 7.010200e-01 8.840000e-04 2.980960e-01
388 7.008640e-01 8.680000e-04 2.982680e-01
389 7.007080e-01 8.920000e-04 2.984000e-01
390 7.005520e-01 8.200000e-04 2.986280e-01
391 7.003560e-01 9.000000e-04 2.987440e-01
392 7.001880e-01 8.880000e-04 2.989240e-01
393 7.000120e-01 8.640000e-04 2.991240e-01
394 6.998400e-01 9.080000e-04 2.992520e-01
395 6.996560e-01 9.440000e-04 2.994000e-01
396 6.994160e-01 1.020000e-03 2.995640e-01
397 6.991280e-01 1.136000e-03 2.997360e-01
398 6.989040e-01 1.164000e-03 2.999320e-01
399 6.986680e-01 1.168000e-03 3.001640e-01
400 6.984320e-01 1.160000e-03 3.004080e-01
401 6.982360e-01 1.148000e-03 3.006160e-01
402 6.980120e-01 1.180000e-03 3.008080e-01
403 6.977560e-01 1.208000e-03 3.010360e-01
404 6.975240e-01 1.196000e-03 3.012800e-01
405 6.973200e-01 1.200000e-03 3.014800e-01
406 6.971520e-01 1.144000e-03 3.017040e-01
407 6.969680e-01 1.144000e-03 3.018880e-01
408 6.968080e-01 1.092000e-03 3.021000e-01
409 6.966040e-01 1.148000e-03 3.022480e-01
410 6.964360e-01 1.124000e-03 3.024400e-01
411 6.962680e-01 1.104000e-03 3.026280e-01
412 6.960480e-01 1.188000e-03 3.027640e-01
413 6.958080e-01 1.244000e-03 3.029480e-01
414 6.955760e-01 1.228000e-03 3.031960e-01
415 6.953360e-01 1.228000e-03 3.034360e-01
416 6.951000e-01 1.212000e-03 3.036880e-01
417 6.948080e-01 1.256000e-03 3.039360e-01
418 6.945120e-01 1.372000e-03 3.041160e-01
419 6.942840e-01 1.368000e-03 3.043480e-01
420 6.940640e-01 1.368000e-03 3.045680e-01
421 6.937520e-01 1.456000e-03 3.047920e-01
422 6.935360e-01 1.436000e-03 3.050280e-01
423 6.932920e-01 1.420000e-03 3.052880e-01
424 6.930560e-01 1.496000e-03 3.054480e-01
425 6.928520e-01 1.460000e-03 3.056880e-01
426 6.926680e-01 1.408000e-03 3.059240e-01
427 6.924600e-01 1.360000e-03 3.061800e-01
428 6.921960e-01 1.408000e-03 3.063960e-01
429 6.919760e-01 1.408000e-03 3.066160e-01
430 6.917520e-01 1.368000e-03 3.068800e-01
431 6.915600e-01 1.300000e-03 3.071400e-01
432 6.914240e-01 1.204000e-03 3.073720e-01
433 6.912360e-01 1.144000e-03 3.076200e-01
434 6.910240e-01 1.152000e-03 3.078240e-01
435 6.908320e-01 1.132000e-03 3.080360e-01
436 6.906080e-01 1.148000e-03 3.082440e-01
437 6.903440e-01 1.224000e-03 3.084320e-01
438 6.901760e-01 1.180000e-03 3.086440e-01
439 6.899720e-01 1.184000e-03 3.088440e-01
440 6.897920e-01 1.132000e-03 3.090760e-01
441 6.896360e-01 1.076000e-03 3.092880e-01
442 6.894600e-01 1.072000e-03 3.094680e-01
443 6.892440e-01 1.084000e-03 3.096720e-01
444 6.890400e-01 1.104000e-03 3.098560e-01
445 6.888880e-01 1.064000e-03 3.100480e-01
446 6.887160e-01 1.088000e-03 3.101960e-01
447 6.884880e-01 1.160000e-03 3.103520e-01
448 6.883000e-01 1.192000e-03 3.105080e-01
449 6.881200e-01 1.192000e-03 3.106880e-01
450 6.878800e-01 1.240000e-03 3.108800e-01
451 6.876720e-01 1.216000e-03 3.111120e-01
452 6.874680e-01 1.180000e-03 3.113520e-01
453 6.872080e-01 1.168000e-03 3.116240e-01
454 6.870200e-01 1.152000e-03 3.118280e-01
455 6.868240e-01 1.164000e-03 3.120120e-01
456 6.866080e-01 1.204000e-03 3.121880e-01
457 6.864040e-01 1.196000e-03 3.124000e-01
458 6.862320e-01 1.172000e-03 3.125960e-01
459 6.860880e-01 1.092000e-03 3.128200e-01
460 6.858840e-01 1.112000e-03 3.130040e-01
461 6.857160e-01 1.080000e-03 3.132040e-01
462 6.855360e-01 1.084000e-03 3.133800e-01
463 6.853680e-01 1.064000e-03 3.135680e-01
464 6.852280e-01 1.048000e-03 3.137240e-01
465 6.850720e-01 1.012000e-03 3.139160e-01
466 6.849120e-01 1.000000e-03 3.140880e-01
467 6.847280e-01 9.720000e-04 3.143000e-01
468 6.845320e-01 1.020000e-03 3.144480e-01
469 6.844120e-01 9.400000e-04 3.146480e-01
470 6.842200e-01 9.400000e-04 3.148400e-01
471 6.841160e-01 8.400000e-04 3.150440e-01
472 6.839840e-01 8.400000e-04 3.151760e-01
473 6.838400e-01 8.560000e-04 3.153040e-01
474 6.836640e-01 8.920000e-04 3.154440e-01
475 6.835440e-01 8.520000e-04 3.156040e-01
476 6.833800e-01 8.680000e-04 3.157520e-01
477 6.832120e-01 8.920000e-04 3.158960e-01
478 6.830280e-01 9.120000e-04 3.160600e-01
479 6.828400e-01 9.120000e-04 3.162480e-01
480 6.826520e-01 9.680000e-04 3.163800e-01
481 6.824440e-01 1.052000e-03 3.165040e-01
482 6.822640e-01 1.016000e-03 3.167200e-01
483 6.820640e-01 1.072000e-03 3.168640e-01
484 6.819320e-01 1.036000e-03 3.170320e-01
485 6.818000e-01 9.680000e-04 3.172320e-01
486 6.816600e-01 9.480000e-04 3.173920e-01
487 6.814960e-01 9.480000e-04 3.175560e-01
488 6.813800e-01 8.880000e-04 3.177320e-01
489 6.812560e-01 8.320000e-04 3.179120e-01
490 6.811240e-01 8.240000e-04 3.180520e-01
491 6.809760e-01 7.840000e-04 3.182400e-01
492 6.808640e-01 7.240000e-04 3.184120e-01
493 6.807440e-01 7.240000e-04 3.185320e-01
494 6.806240e-01 7.400000e-04 3.186360e-01
495 6.804880e-01 7.440000e-04 3.187680e-01
496 6.803680e-01 7.760000e-04 3.188560e-01
497 6.802560e-01 7.800000e-04 3.189640e-01
498 6.801480e-01 7.400000e-04 3.191120e-01
499 6.799920e-01 7.400000e-04 3.192680e-01
500 6.799040e-01 7.000000e-04 3.193960e-01
