1 9.992200e-01 7.000000e-04 8.000000e-05
2 9.986320e-01 1.136000e-03 2.320000e-04
3 9.979800e-01 1.568000e-03 4.520000e-04
4 9.973440e-01 1.924000e-03 7.320000e-04
5 9.965440e-01 2.364000e-03 1.092000e-03
6 9.957400e-01 2.672000e-03 1.588000e-03
7 9.949200e-01 3.048000e-03 2.032000e-03
8 9.939600e-01 3.428000e-03 2.612000e-03
9 9.929280e-01 3.844000e-03 3.228000e-03
10 9.917520e-01 4.272000e-03 3.976000e-03
11 9.906600e-01 4.664000e-03 4.676000e-03
12 9.895440e-01 4.876000e-03 5.580000e-03
13 9.884080e-01 5.088000e-03 6.504000e-03
14 9.871520e-01 5.488000e-03 7.360000e-03
15 9.859520e-01 5.724000e-03 8.324000e-03
16 9.846240e-01 6.048000e-03 9.328000e-03
17 9.831640e-01 6.444000e-03 1.039200e-02
18 9.818240e-01 6.624000e-03 1.155200e-02
19 9.804240e-01 6.672000e-03 1.290400e-02
20 9.791640e-01 6.652000e-03 1.418400e-02
21 9.777640e-01 6.948000e-03 1.528800e-02
22 9.761800e-01 7.212000e-03 1.660800e-02
23 9.747120e-01 7.368000e-03 1.792000e-02
24 9.732320e-01 7.596000e-03 1.917200e-02
25 9.715800e-01 7.916000e-03 2.050400e-02
26 9.699560e-01 8.072000e-03 2.197200e-02
27 9.684280e-01 8.288000e-03 2.328400e-02
28 9.668440e-01 8.516000e-03 2.464000e-02
29 9.653760e-01 8.564000e-03 2.606000e-02
30 9.639720e-01 8.516000e-03 2.751200e-02
31 9.624760e-01 8.476000e-03 2.904800e-02
32 9.607720e-01 8.796000e-03 3.043200e-02
33 9.590640e-01 8.996000e-03 3.194000e-02
34 9.574920e-01 9.000000e-03 3.350800e-02
35 9.559720e-01 8.984000e-03 3.504400e-02
36 9.544480e-01 8.940000e-03 3.661200e-02
37 9.528000e-01 9.000000e-03 3.820000e-02
38 9.512720e-01 8.856000e-03 3.987200e-02
39 9.496640e-01 8.776000e-03 4.156000e-02
40 9.478800e-01 9.068000e-03 4.305200e-02
41 9.461840e-01 9.156000e-03 4.466000e-02
42 9.444000e-01 9.256000e-03 4.634400e-02
43 9.428240e-01 9.296000e-03 4.788000e-02
44 9.411640e-01 9.304000e-03 4.953200e-02
45 9.397080e-01 9.280000e-03 5.101200e-02
46 9.381320e-01 9.444000e-03 5.242400e-02
47 9.365160e-01 9.500000e-03 5.398400e-02
48 9.348880e-01 9.548000e-03 5.556400e-02
49 9.332640e-01 9.640000e-03 5.709600e-02
50 9.316920e-01 9.544000e-03 5.876400e-02
51 9.299840e-01 9.504000e-03 6.051200e-02
52 9.281840e-01 9.656000e-03 6.216000e-02
53 9.265360e-01 9.532000e-03 6.393200e-02
54 9.249160e-01 9.428000e-03 6.565600e-02
55 9.231800e-01 9.380000e-03 6.744000e-02
56 9.213760e-01 9.608000e-03 6.901600e-02
57 9.196560e-01 9.764000e-03 7.058000e-02
58 9.177800e-01 9.972000e-03 7.224800e-02
59 9.158960e-01 1.004800e-02 7.405600e-02
60 9.141160e-01 1.006400e-02 7.582000e-02
61 9.124200e-01 1.005200e-02 7.752800e-02
62 9.107760e-01 1.001200e-02 7.921200e-02
63 9.090080e-01 1.001200e-02 8.098000e-02
64 9.072640e-01 9.924000e-03 8.281200e-02
65 9.056680e-01 9.756000e-03 8.457600e-02
66 9.039160e-01 9.748000e-03 8.633600e-02
67 9.022880e-01 9.692000e-03 8.802000e-02
68 9.005160e-01 9.844000e-03 8.964000e-02
69 8.988840e-01 9.780000e-03 9.133600e-02
70 8.970640e-01 9.848000e-03 9.308800e-02
71 8.952960e-01 9.932000e-03 9.477200e-02
72 8.935080e-01 9.936000e-03 9.655600e-02
73 8.917440e-01 9.944000e-03 9.831200e-02
74 8.899920e-01 9.888000e-03 1.001200e-01
75 8.883200e-01 9.816000e-03 1.018640e-01
76 8.866360e-01 9.776000e-03 1.035880e-01
77 8.849200e-01 9.856000e-03 1.052240e-01
78 8.832520e-01 9.908000e-03 1.068400e-01
79 8.816880e-01 9.916000e-03 1.083960e-01
80 8.800680e-01 9.844000e-03 1.100880e-01
81 8.783960e-01 9.804000e-03 1.118000e-01
82 8.767480e-01 9.780000e-03 1.134720e-01
83 8.750560e-01 9.640000e-03 1.153040e-01
84 8.734040e-01 9.764000e-03 1.168320e-01
85 8.717760e-01 9.760000e-03 1.184640e-01
86 8.701440e-01 9.628000e-03 1.202280e-01
87 8.685800e-01 9.480000e-03 1.219400e-01
88 8.670440e-01 9.364000e-03 1.235920e-01
89 8.653800e-01 9.340000e-03 1.252800e-01
90 8.639000e-01 9.180000e-03 1.269200e-01
91 8.624360e-01 9.032000e-03 1.285320e-01
92 8.609400e-01 8.980000e-03 1.300800e-01
93 8.594040e-01 8.904000e-03 1.316920e-01
94 8.578600e-01 9.024000e-03 1.331160e-01
95 8.564400e-01 8.972000e-03 1.345880e-01
96 8.549400e-01 8.980000e-03 1.360800e-01
97 8.534640e-01 8.912000e-03 1.376240e-01
98 8.518320e-01 8.980000e-03 1.391880e-01
99 8.501600e-01 9.036000e-03 1.408040e-01
100 8.486160e-01 9.016000e-03 1.423680e-01
101 8.470920e-01 8.936000e-03 1.439720e-01
102 8.456120e-01 8.820000e-03 1.455680e-01
103 8.440360e-01 8.928000e-03 1.470360e-01
104 8.425320e-01 8.876000e-03 1.485920e-01
105 8.410680e-01 8.692000e-03 1.502400e-01
106 8.394920e-01 8.804000e-03 1.517040e-01
107 8.378600e-01 8.812000e-03 1.533280e-01
108 8.362160e-01 8.840000e-03 1.549440e-01
109 8.343920e-01 8.992000e-03 1.566160e-01
110 8.328280e-01 8.984000e-03 1.581880e-01
111 8.312520e-01 9.012000e-03 1.597360e-01
112 8.295600e-01 9.096000e-03 1.613440e-01
113 8.279200e-01 9.112000e-03 1.629680e-01
114 8.262720e-01 9.096000e-03 1.646320e-01
115 8.248600e-01 8.784000e-03 1.663560e-01
116 8.233800e-01 8.744000e-03 1.678760e-01
117 8.218120e-01 8.808000e-03 1.693800e-01
118 8.202400e-01 8.964000e-03 1.707960e-01
119 8.185320e-01 9.028000e-03 1.724400e-01
120 8.169600e-01 8.936000e-03 1.741040e-01
121 8.153080e-01 9.120000e-03 1.755720e-01
122 8.136000e-01 9.400000e-03 1.770000e-01
123 8.120040e-01 9.472000e-03 1.785240e-01
124 8.101720e-01 9.656000e-03 1.801720e-01
125 8.083560e-01 9.760000e-03 1.818840e-01
126 8.066600e-01 9.812000e-03 1.835280e-01
127 8.050120e-01 9.820000e-03 1.851680e-01
128 8.034480e-01 9.712000e-03 1.868400e-01
129 8.019920e-01 9.392000e-03 1.886160e-01
130 8.005280e-01 9.304000e-03 1.901680e-01
131 7.989840e-01 9.224000e-03 1.917920e-01
132 7.974400e-01 9.308000e-03 1.932520e-01
133 7.959040e-01 9.260000e-03 1.948360e-01
134 7.945120e-01 9.104000e-03 1.963840e-01
135 7.929320e-01 9.212000e-03 1.978560e-01
136 7.914120e-01 9.116000e-03 1.994720e-01
137 7.897960e-01 9.080000e-03 2.011240e-01
138 7.881480e-01 9.152000e-03 2.027000e-01
139 7.865040e-01 9.232000e-03 2.042640e-01
140 7.848800e-01 9.288000e-03 2.058320e-01
141 7.832920e-01 9.352000e-03 2.073560e-01
142 7.814480e-01 9.532000e-03 2.090200e-01
143 7.796920e-01 9.596000e-03 2.107120e-01
144 7.780720e-01 9.576000e-03 2.123520e-01
145 7.764200e-01 9.500000e-03 2.140800e-01
146 7.748720e-01 9.416000e-03 2.157120e-01
147 7.732480e-01 9.392000e-03 2.173600e-01
148 7.716560e-01 9.304000e-03 2.190400e-01
149 7.701560e-01 9.140000e-03 2.207040e-01
150 7.686080e-01 9.112000e-03 2.222800e-01
151 7.673360e-01 8.816000e-03 2.238480e-01
152 7.659320e-01 8.688000e-03 2.253800e-01
153 7.646640e-01 8.420000e-03 2.269160e-01
154 7.631480e-01 8.472000e-03 2.283800e-01
155 7.617200e-01 8.476000e-03 2.298040e-01
156 7.604120e-01 8.256000e-03 2.313320e-01
157 7.589920e-01 8.220000e-03 2.327880e-01
158 7.577040e-01 8.080000e-03 2.342160e-01
159 7.561880e-01 8.064000e-03 2.357480e-01
160 7.546560e-01 8.100000e-03 2.372440e-01
161 7.532200e-01 8.148000e-03 2.386320e-01
162 7.517040e-01 8.268000e-03 2.400280e-01
163 7.503400e-01 8.188000e-03 2.414720e-01
164 7.490080e-01 8.144000e-03 2.428480e-01
165 7.477280e-01 7.964000e-03 2.443080e-01
166 7.464440e-01 7.940000e-03 2.456160e-01
167 7.452520e-01 7.892000e-03 2.468560e-01
168 7.439640e-01 7.768000e-03 2.482680e-01
169 7.427760e-01 7.644000e-03 2.495800e-01
170 7.415320e-01 7.512000e-03 2.509560e-01
171 7.403200e-01 7.436000e-03 2.522440e-01
172 7.389920e-01 7.580000e-03 2.534280e-01
173 7.376400e-01 7.716000e-03 2.546440e-01
174 7.364320e-01 7.588000e-03 2.559800e-01
175 7.353000e-01 7.452000e-03 2.572480e-01
176 7.341120e-01 7.360000e-03 2.585280e-01
177 7.330560e-01 7.188000e-03 2.597560e-01
178 7.319200e-01 7.108000e-03 2.609720e-01
179 7.307480e-01 7.140000e-03 2.621120e-01
180 7.295640e-01 6.928000e-03 2.635080e-01
181 7.283800e-01 6.964000e-03 2.646560e-01
182 7.272640e-01 6.888000e-03 2.658480e-01
183 7.260560e-01 6.956000e-03 2.669880e-01
184 7.247640e-01 7.056000e-03 2.681800e-01
185 7.235120e-01 7.072000e-03 2.694160e-01
186 7.223840e-01 7.004000e-03 2.706120e-01
187 7.211960e-01 6.924000e-03 2.718800e-01
188 7.200560e-01 6.784000e-03 2.731600e-01
189 7.189200e-01 6.772000e-03 2.743080e-01
190 7.177080e-01 6.892000e-03 2.754000e-01
191 7.165640e-01 6.868000e-03 2.765680e-01
192 7.154960e-01 6.664000e-03 2.778400e-01
193 7.143440e-01 6.680000e-03 2.789760e-01
194 7.132200e-01 6.612000e-03 2.801680e-01
195 7.121080e-01 6.640000e-03 2.812520e-01
196 7.112040e-01 6.404000e-03 2.823920e-01
197 7.102000e-01 6.260000e-03 2.835400e-01
198 7.090560e-01 6.264000e-03 2.846800e-01
199 7.080440e-01 6.252000e-03 2.857040e-01
200 7.071360e-01 6.072000e-03 2.867920e-01
201 7.062600e-01 5.860000e-03 2.878800e-01
202 7.052440e-01 5.872000e-03 2.888840e-01
203 7.043400e-01 5.768000e-03 2.898920e-01
204 7.033560e-01 5.668000e-03 2.909760e-01
205 7.023720e-01 5.648000e-03 2.919800e-01
206 7.014920e-01 5.632000e-03 2.928760e-01
207 7.004600e-01 5.760000e-03 2.937800e-01
208 6.994760e-01 5.732000e-03 2.947920e-01
209 6.984040e-01 5.884000e-03 2.957120e-01
210 6.973320e-01 6.080000e-03 2.965880e-01
211 6.963440e-01 6.024000e-03 2.976320e-01
212 6.953440e-01 5.936000e-03 2.987200e-01
213 6.942480e-01 6.100000e-03 2.996520e-01
214 6.933040e-01 5.964000e-03 3.007320e-01
215 6.923240e-01 5.944000e-03 3.017320e-01
216 6.913000e-01 5.964000e-03 3.027360e-01
217 6.903480e-01 5.888000e-03 3.037640e-01
218 6.894280e-01 5.804000e-03 3.047680e-01
219 6.884560e-01 5.840000e-03 3.057040e-01
220 6.875400e-01 5.708000e-03 3.067520e-01
221 6.867240e-01 5.568000e-03 3.077080e-01
222 6.858560e-01 5.496000e-03 3.086480e-01
223 6.849760e-01 5.456000e-03 3.095680e-01
224 6.841280e-01 5.304000e-03 3.105680e-01
225 6.832640e-01 5.296000e-03 3.114400e-01
226 6.824200e-01 5.256000e-03 3.123240e-01
227 6.815240e-01 5.208000e-03 3.132680e-01
228 6.805840e-01 5.284000e-03 3.141320e-01
229 6.796960e-01 5.292000e-03 3.150120e-01
230 6.788960e-01 5.092000e-03 3.160120e-01
231 6.780840e-01 5.040000e-03 3.168760e-01
232 6.773480e-01 4.868000e-03 3.177840e-01
233 6.765560e-01 4.820000e-03 3.186240e-01
234 6.757600e-01 4.824000e-03 3.194160e-01
235 6.749480e-01 4.808000e-03 3.202440e-01
236 6.740920e-01 4.748000e-03 3.211600e-01
237 6.733560e-01 4.716000e-03 3.219280e-01
238 6.726280e-01 4.600000e-03 3.227720e-01
239 6.718960e-01 4.500000e-03 3.236040e-01
240 6.712040e-01 4.452000e-03 3.243440e-01
241 6.704200e-01 4.488000e-03 3.250920e-01
242 6.698000e-01 4.320000e-03 3.258800e-01
243 6.691160e-01 4.276000e-03 3.266080e-01
244 6.684000e-01 4.252000e-03 3.273480e-01
245 6.678240e-01 4.148000e-03 3.280280e-01
246 6.671160e-01 4.096000e-03 3.287880e-01
247 6.665720e-01 3.868000e-03 3.295600e-01
248 6.659160e-01 3.776000e-03 3.303080e-01
249 6.652560e-01 3.744000e-03 3.310000e-01
250 6.646480e-01 3.728000e-03 3.316240e-01
251 6.641600e-01 3.524000e-03 3.323160e-01
252 6.635760e-01 3.400000e-03 3.330240e-01
253 6.630320e-01 3.236000e-03 3.337320e-01
254 6.624280e-01 3.272000e-03 3.343000e-01
255 6.619400e-01 3.232000e-03 3.348280e-01
256 6.614280e-01 3.120000e-03 3.354520e-01
257 6.608720e-01 3.144000e-03 3.359840e-01
258 6.603360e-01 3.096000e-03 3.365680e-01
259 6.598360e-01 2.984000e-03 3.371800e-01
260 6.593320e-01 2.916000e-03 3.377520e-01
261 6.588360e-01 2.820000e-03 3.383440e-01
262 6.583400e-01 2.820000e-03 3.388400e-01
263 6.578080e-01 2.872000e-03 3.393200e-01
264 6.571840e-01 3.012000e-03 3.398040e-01
265 6.566360e-01 3.060000e-03 3.403040e-01
266 6.561360e-01 3.028000e-03 3.408360e-01
267 6.555560e-01 3.132000e-03 3.413120e-01
268 6.549640e-01 3.104000e-03 3.419320e-01
269 6.544280e-01 3.032000e-03 3.425400e-01
270 6.539120e-01 3.040000e-03 3.430480e-01
271 6.534160e-01 3.000000e-03 3.435840e-01
272 6.529160e-01 2.924000e-03 3.441600e-01
273 6.525000e-01 2.872000e-03 3.446280e-01
274 6.520520e-01 2.900000e-03 3.450480e-01
275 6.515240e-01 2.880000e-03 3.455960e-01
276 6.511200e-01 2.744000e-03 3.461360e-01
277 6.506040e-01 2.780000e-03 3.466160e-01
278 6.500200e-01 2.884000e-03 3.470960e-01
279 6.495080e-01 2.956000e-03 3.475360e-01
280 6.489920e-01 3.012000e-03 3.479960e-01
281 6.485560e-01 2.948000e-03 3.484960e-01
282 6.480920e-01 2.848000e-03 3.490600e-01
283 6.475520e-01 2.924000e-03 3.495240e-01
284 6.469760e-01 2.968000e-03 3.500560e-01
285 6.464080e-01 3.028000e-03 3.505640e-01
286 6.458440e-01 3.080000e-03 3.510760e-01
287 6.453320e-01 3.060000e-03 3.516080e-01
288 6.448320e-01 3.132000e-03 3.520360e-01
289 6.442520e-01 3.120000e-03 3.526280e-01
290 6.436600e-01 3.192000e-03 3.531480e-01
291 6.432320e-01 3.024000e-03 3.537440e-01
292 6.427560e-01 2.996000e-03 3.542480e-01
293 6.423760e-01 2.812000e-03 3.548120e-01
294 6.419400e-01 2.760000e-03 3.553000e-01
295 6.415240e-01 2.692000e-03 3.557840e-01
296 6.411080e-01 2.628000e-03 3.562640e-01
297 6.407040e-01 2.624000e-03 3.566720e-01
298 6.402280e-01 2.664000e-03 3.571080e-01
299 6.397760e-01 2.652000e-03 3.575720e-01
300 6.393760e-01 2.600000e-03 3.580240e-01
301 6.389480e-01 2.540000e-03 3.585120e-01
302 6.385160e-01 2.580000e-03 3.589040e-01
303 6.381000e-01 2.548000e-03 3.593520e-01
304 6.376240e-01 2.600000e-03 3.597760e-01
305 6.371760e-01 2.568000e-03 3.602560e-01
306 6.367080e-01 2.656000e-03 3.606360e-01
307 6.363400e-01 2.536000e-03 3.611240e-01
308 6.359400e-01 2.496000e-03 3.615640e-01
309 6.355600e-01 2.420000e-03 3.620200e-01
310 6.351680e-01 2.388000e-03 3.624440e-01
311 6.348160e-01 2.364000e-03 3.628200e-01
312 6.344240e-01 2.344000e-03 3.632320e-01
313 6.340200e-01 2.336000e-03 3.636440e-01
314 6.336520e-01 2.316000e-03 3.640320e-01
315 6.332200e-01 2.328000e-03 3.644520e-01
316 6.328280e-01 2.340000e-03 3.648320e-01
317 6.324720e-01 2.248000e-03 3.652800e-01
318 6.320960e-01 2.204000e-03 3.657000e-01
319 6.317200e-01 2.144000e-03 3.661360e-01
320 6.314000e-01 2.088000e-03 3.665120e-01
321 6.310760e-01 2.072000e-03 3.668520e-01
322 6.306840e-01 2.092000e-03 3.672240e-01
323 6.303880e-01 2.032000e-03 3.675800e-01
324 6.300200e-01 2.012000e-03 3.679680e-01
325 6.296600e-01 2.004000e-03 3.683360e-01
326 6.293680e-01 1.904000e-03 3.687280e-01
327 6.290480e-01 1.868000e-03 3.690840e-01
328 6.287520e-01 1.832000e-03 3.694160e-01
329 6.284400e-01 1.836000e-03 3.697240e-01
330 6.281280e-01 1.828000e-03 3.700440e-01
331 6.278600e-01 1.796000e-03 3.703440e-01
332 6.275480e-01 1.816000e-03 3.706360e-01
333 6.272240e-01 1.844000e-03 3.709320e-01
334 6.269720e-01 1.808000e-03 3.712200e-01
335 6.266920e-01 1.780000e-03 3.715280e-01
336 6.264040e-01 1.728000e-03 3.718680e-01
337 6.260960e-01 1.728000e-03 3.721760e-01
338 6.257560e-01 1.728000e-03 3.725160e-01
339 6.255160e-01 1.700000e-03 3.727840e-01
340 6.252360e-01 1.696000e-03 3.730680e-01
341 6.250000e-01 1.628000e-03 3.733720e-01
342 6.247760e-01 1.588000e-03 3.736360e-01
343 6.244880e-01 1.632000e-03 3.738800e-01
344 6.242240e-01 1.580000e-03 3.741960e-01
345 6.239920e-01 1.564000e-03 3.744440e-01
346 6.237000e-01 1.568000e-03 3.747320e-01
347 6.234600e-01 1.556000e-03 3.749840e-01
348 6.232240e-01 1.512000e-03 3.752640e-01
349 6.229560e-01 1.460000e-03 3.755840e-01
350 6.227320e-01 1.476000e-03 3.757920e-01
351 6.224920e-01 1.464000e-03 3.760440e-01
352 6.222680e-01 1.456000e-03 3.762760e-01
353 6.220200e-01 1.452000e-03 3.765280e-01
354 6.217720e-01 1.464000e-03 3.767640e-01
355 6.216520e-01 1.372000e-03 3.769760e-01
356 6.214560e-01 1.316000e-03 3.772280e-01
357 6.211880e-01 1.376000e-03 3.774360e-01
358 6.209200e-01 1.388000e-03 3.776920e-01
359 6.206840e-01 1.384000e-03 3.779320e-01
360 6.204360e-01 1.368000e-03 3.781960e-01
361 6.202520e-01 1.352000e-03 3.783960e-01
362 6.200840e-01 1.304000e-03 3.786120e-01
363 6.198680e-01 1.336000e-03 3.787960e-01
364 6.196320e-01 1.336000e-03 3.790320e-01
365 6.193520e-01 1.372000e-03 3.792760e-01
366 6.191080e-01 1.372000e-03 3.795200e-01
367 6.188840e-01 1.340000e-03 3.797760e-01
368 6.186120e-01 1.392000e-03 3.799960e-01
369 6.183440e-01 1.416000e-03 3.802400e-01
370 6.181200e-01 1.428000e-03 3.804520e-01
371 6.179120e-01 1.392000e-03 3.806960e-01
372 6.177840e-01 1.304000e-03 3.809120e-01
373 6.175280e-01 1.368000e-03 3.811040e-01
374 6.173360e-01 1.328000e-03 3.813360e-01
375 6.171440e-01 1.332000e-03 3.815240e-01
376 6.169560e-01 1.284000e-03 3.817600e-01
377 6.167400e-01 1.212000e-03 3.820480e-01
378 6.165400e-01 1.224000e-03 3.822360e-01
379 6.164080e-01 1.140000e-03 3.824520e-01
380 6.162800e-01 1.012000e-03 3.827080e-01
381 6.160760e-01 1.032000e-03 3.828920e-01
382 6.159240e-01 1.032000e-03 3.830440e-01
383 6.157480e-01 1.036000e-03 3.832160e-01
384 6.155560e-01 1.084000e-03 3.833600e-01
385 6.153800e-01 1.100000e-03 3.835200e-01
386 6.151280e-01 1.168000e-03 3.837040e-01
387 6.148480e-01 1.216000e-03 3.839360e-01
388 6.145800e-01 1.280000e-03 3.841400e-01
389 6.143680e-01 1.300000e-03 3.843320e-01
390 6.141000e-01 1.344000e-03 3.845560e-01
391 6.138080e-01 1.400000e-03 3.847920e-01
392 6.134600e-01 1.516000e-03 3.850240e-01
393 6.132040e-01 1.532000e-03 3.852640e-01
394 6.129240e-01 1.576000e-03 3.855000e-01
395 6.126200e-01 1.576000e-03 3.858040e-01
396 6.123520e-01 1.600000e-03 3.860480e-01
397 6.120800e-01 1.584000e-03 3.863360e-01
398 6.118000e-01 1.604000e-03 3.865960e-01
399 6.114440e-01 1.732000e-03 3.868240e-01
400 6.110840e-01 1.776000e-03 3.871400e-01
401 6.107080e-01 1.844000e-03 3.874480e-01
402 6.103680e-01 1.832000e-03 3.878000e-01
403 6.101120e-01 1.776000e-03 3.881120e-01
404 6.098360e-01 1.716000e-03 3.884480e-01
405 6.095320e-01 1.716000e-03 3.887520e-01
406 6.092720e-01 1.684000e-03 3.890440e-01
407 6.089880e-01 1.696000e-03 3.893160e-01
408 6.086720e-01 1.652000e-03 3.896760e-01
409 6.083600e-01 1.712000e-03 3.899280e-01
410 6.081080e-01 1.628000e-03 3.902640e-01
411 6.078080e-01 1.668000e-03 3.905240e-01
412 6.075680e-01 1.604000e-03 3.908280e-01
413 6.073040e-01 1.628000e-03 3.910680e-01
414 6.069680e-01 1.668000e-03 3.913640e-01
415 6.066720e-01 1.668000e-03 3.916600e-01
416 6.064480e-01 1.656000e-03 3.918960e-01
417 6.061040e-01 1.720000e-03 3.921760e-01
418 6.058280e-01 1.700000e-03 3.924720e-01
419 6.055240e-01 1.664000e-03 3.928120e-01
420 6.053080e-01 1.588000e-03 3.931040e-01
421 6.050360e-01 1.584000e-03 3.933800e-01
422 6.048240e-01 1.540000e-03 3.936360e-01
423 6.045200e-01 1.592000e-03 3.938880e-01
424 6.043240e-01 1.544000e-03 3.941320e-01
425 6.041160e-01 1.456000e-03 3.944280e-01
426 6.038560e-01 1.460000e-03 3.946840e-01
427 6.036240e-01 1.448000e-03 3.949280e-01
428 6.034160e-01 1.420000e-03 3.951640e-01
429 6.032040e-01 1.380000e-03 3.954160e-01
430 6.029960e-01 1.336000e-03 3.956680e-01
431 6.027600e-01 1.392000e-03 3.958480e-01
432 6.025640e-01 1.332000e-03 3.961040e-01
433 6.023600e-01 1.296000e-03 3.963440e-01
434 6.021920e-01 1.208000e-03 3.966000e-01
435 6.020240e-01 1.136000e-03 3.968400e-01
436 6.018840e-01 1.100000e-03 3.970160e-01
437 6.017400e-01 1.012000e-03 3.972480e-01
438 6.015640e-01 1.004000e-03 3.974320e-01
439 6.014000e-01 1.016000e-03 3.975840e-01
440 6.012680e-01 9.640000e-04 3.977680e-01
441 6.011080e-01 9.800000e-04 3.979120e-01
442 6.009520e-01 9.800000e-04 3.980680e-01
443 6.008120e-01 9.880000e-04 3.982000e-01
444 6.006440e-01 1.008000e-03 3.983480e-01
445 6.005120e-01 9.520000e-04 3.985360e-01
446 6.003360e-01 9.160000e-04 3.987480e-01
447 6.001960e-01 8.880000e-04 3.989160e-01
448 6.000480e-01 8.640000e-04 3.990880e-01
449 5.998920e-01 8.720000e-04 3.992360e-01
450 5.997400e-01 8.520000e-04 3.994080e-01
451 5.995680e-01 8.600000e-04 3.995720e-01
452 5.994240e-01 8.640000e-04 3.997120e-01
453 5.992160e-01 9.520000e-04 3.998320e-01
454 5.989960e-01 9.880000e-04 4.000160e-01
455 5.988320e-01 9.560000e-04 4.002120e-01
456 5.986640e-01 9.560000e-04 4.003800e-01
457 5.985320e-01 9.160000e-04 4.005520e-01
458 5.983280e-01 9.240000e-04 4.007480e-01
459 5.981000e-01 9.960000e-04 4.009040e-01
460 5.979200e-01 9.640000e-04 4.011160e-01
461 5.977560e-01 9.400000e-04 4.013040e-01
462 5.976000e-01 9.440000e-04 4.014560e-01
463 5.974240e-01 9.640000e-04 4.016120e-01
464 5.972560e-01 9.600000e-04 4.017840e-01
465 5.970520e-01 9.800000e-04 4.019680e-01
466 5.968920e-01 9.960000e-04 4.021120e-01
467 5.967400e-01 9.560000e-04 4.023040e-01
468 5.965840e-01 9.200000e-04 4.024960e-01
469 5.964600e-01 9.040000e-04 4.026360e-01
470 5.963320e-01 8.600000e-04 4.028080e-01
471 5.962040e-01 8.760000e-04 4.029200e-01
472 5.960800e-01 8.360000e-04 4.030840e-01
473 5.959640e-01 8.320000e-04 4.032040e-01
474 5.957760e-01 8.480000e-04 4.033760e-01
475 5.956480e-01 8.440000e-04 4.035080e-01
476 5.955080e-01 8.240000e-04 4.036680e-01
477 5.953760e-01 7.880000e-04 4.038360e-01
478 5.951840e-01 8.000000e-04 4.040160e-01
479 5.950560e-01 7.520000e-04 4.041920e-01
480 5.949240e-01 7.600000e-04 4.043160e-01
481 5.947800e-01 7.640000e-04 4.044560e-01
482 5.946560e-01 7.120000e-04 4.046320e-01
483 5.945520e-01 7.240000e-04 4.047240e-01
484 5.944320e-01 7.160000e-04 4.048520e-01
485 5.943200e-01 6.760000e-04 4.050040e-01
486 5.942200e-01 6.560000e-04 4.051240e-01
487 5.940800e-01 6.680000e-04 4.052520e-01
488 5.939600e-01 6.440000e-04 4.053960e-01
489 5.938640e-01 6.120000e-04 4.055240e-01
490 5.937720e-01 5.960000e-04 4.056320e-01
491 5.936560e-01 6.120000e-04 4.057320e-01
492 5.935520e-01 5.840000e-04 4.058640e-01
493 5.934800e-01 5.800000e-04 4.059400e-01
494 5.933840e-01 5.880000e-04 4.060280e-01
495 5.932520e-01 5.800000e-04 4.061680e-01
496 5.931560e-01 6.040000e-04 4.062400e-01
497 5.930600e-01 6.320000e-04 4.063080e-01
498 5.929560e-01 6.320000e-04 4.064120e-01
499 5.928440e-01 6.360000e-04 4.065200e-01
500 5.927000e-01 6.360000e-04 4.066640e-01
