1 9.992320e-01 6.640000e-04 1.040000e-04
2 9.987560e-01 9.880000e-04 2.560000e-04
3 9.982040e-01 1.328000e-03 4.680000e-04
4 9.974400e-01 1.812000e-03 7.480000e-04
5 9.966240e-01 2.236000e-03 1.140000e-03
6 9.957920e-01 2.624000e-03 1.584000e-03
7 9.949000e-01 3.028000e-03 2.072000e-03
8 9.941280e-01 3.236000e-03 2.636000e-03
9 9.932200e-01 3.452000e-03 3.328000e-03
10 9.924600e-01 3.604000e-03 3.936000e-03
11 9.915480e-01 3.772000e-03 4.680000e-03
12 9.906920e-01 3.988000e-03 5.320000e-03
13 9.898040e-01 4.088000e-03 6.108000e-03
14 9.888800e-01 4.244000e-03 6.876000e-03
15 9.878960e-01 4.508000e-03 7.596000e-03
16 9.869240e-01 4.708000e-03 8.368000e-03
17 9.858480e-01 4.844000e-03 9.308000e-03
18 9.847560e-01 5.044000e-03 1.020000e-02
19 9.835240e-01 5.460000e-03 1.101600e-02
20 9.823160e-01 5.696000e-03 1.198800e-02
21 9.810920e-01 5.956000e-03 1.295200e-02
22 9.799000e-01 6.112000e-03 1.398800e-02
23 9.787200e-01 6.152000e-03 1.512800e-02
24 9.775920e-01 6.220000e-03 1.618800e-02
25 9.764560e-01 6.252000e-03 1.729200e-02
26 9.750840e-01 6.404000e-03 1.851200e-02
27 9.738640e-01 6.488000e-03 1.964800e-02
28 9.728080e-01 6.508000e-03 2.068400e-02
29 9.716560e-01 6.504000e-03 2.184000e-02
30 9.705040e-01 6.428000e-03 2.306800e-02
31 9.692680e-01 6.616000e-03 2.411600e-02
32 9.681400e-01 6.580000e-03 2.528000e-02
33 9.668960e-01 6.684000e-03 2.642000e-02
34 9.656800e-01 6.780000e-03 2.754000e-02
35 9.645800e-01 6.756000e-03 2.866400e-02
36 9.631760e-01 6.940000e-03 2.988400e-02
37 9.618320e-01 7.124000e-03 3.104400e-02
38 9.603960e-01 7.304000e-03 3.230000e-02
39 9.590200e-01 7.456000e-03 3.352400e-02
40 9.575560e-01 7.680000e-03 3.476400e-02
41 9.561800e-01 7.804000e-03 3.601600e-02
42 9.546720e-01 7.980000e-03 3.734800e-02
43 9.532200e-01 8.048000e-03 3.873200e-02
44 9.518360e-01 7.984000e-03 4.018000e-02
45 9.506840e-01 7.748000e-03 4.156800e-02
46 9.492800e-01 7.836000e-03 4.288400e-02
47 9.478160e-01 7.972000e-03 4.421200e-02
48 9.463600e-01 7.976000e-03 4.566400e-02
49 9.448160e-01 8.100000e-03 4.708400e-02
50 9.433120e-01 8.116000e-03 4.857200e-02
51 9.418720e-01 8.088000e-03 5.004000e-02
52 9.404120e-01 8.140000e-03 5.144800e-02
53 9.388840e-01 8.216000e-03 5.290000e-02
54 9.374280e-01 8.176000e-03 5.439600e-02
55 9.358000e-01 8.284000e-03 5.591600e-02
56 9.340800e-01 8.568000e-03 5.735200e-02
57 9.324360e-01 8.664000e-03 5.890000e-02
58 9.309120e-01 8.740000e-03 6.034800e-02
59 9.293120e-01 8.676000e-03 6.201200e-02
60 9.276320e-01 8.924000e-03 6.344400e-02
61 9.260000e-01 8.984000e-03 6.501600e-02
62 9.243440e-01 8.960000e-03 6.669600e-02
63 9.227880e-01 9.096000e-03 6.811600e-02
64 9.212520e-01 8.984000e-03 6.976400e-02
65 9.198000e-01 8.848000e-03 7.135200e-02
66 9.181760e-01 8.740000e-03 7.308400e-02
67 9.166200e-01 8.772000e-03 7.460800e-02
68 9.148920e-01 9.016000e-03 7.609200e-02
69 9.133600e-01 8.948000e-03 7.769200e-02
70 9.115120e-01 9.164000e-03 7.932400e-02
71 9.099280e-01 9.140000e-03 8.093200e-02
72 9.080920e-01 9.440000e-03 8.246800e-02
73 9.064000e-01 9.468000e-03 8.413200e-02
74 9.047680e-01 9.360000e-03 8.587200e-02
75 9.029800e-01 9.568000e-03 8.745200e-02
76 9.012880e-01 9.700000e-03 8.901200e-02
77 8.996880e-01 9.588000e-03 9.072400e-02
78 8.978600e-01 9.792000e-03 9.234800e-02
79 8.963800e-01 9.612000e-03 9.400800e-02
80 8.947040e-01 9.592000e-03 9.570400e-02
81 8.930000e-01 9.664000e-03 9.733600e-02
82 8.913280e-01 9.616000e-03 9.905600e-02
83 8.896640e-01 9.608000e-03 1.007280e-01
84 8.878600e-01 9.776000e-03 1.023640e-01
85 8.861960e-01 9.848000e-03 1.039560e-01
86 8.845920e-01 9.776000e-03 1.056320e-01
87 8.828600e-01 9.776000e-03 1.073640e-01
88 8.810000e-01 9.852000e-03 1.091480e-01
89 8.793600e-01 9.852000e-03 1.107880e-01
90 8.777080e-01 9.800000e-03 1.124920e-01
91 8.761040e-01 9.740000e-03 1.141560e-01
92 8.743600e-01 9.832000e-03 1.158080e-01
93 8.727920e-01 9.696000e-03 1.175120e-01
94 8.711400e-01 9.612000e-03 1.192480e-01
95 8.695600e-01 9.484000e-03 1.209560e-01
96 8.679560e-01 9.540000e-03 1.225040e-01
97 8.661960e-01 9.652000e-03 1.241520e-01
98 8.644600e-01 9.632000e-03 1.259080e-01
99 8.630160e-01 9.284000e-03 1.277000e-01
100 8.615280e-01 9.112000e-03 1.293600e-01
101 8.599440e-01 8.992000e-03 1.310640e-01
102 8.585080e-01 8.936000e-03 1.325560e-01
103 8.570640e-01 8.784000e-03 1.341520e-01
104 8.554520e-01 8.792000e-03 1.357560e-01
105 8.540040e-01 8.664000e-03 1.373320e-01
106 8.526000e-01 8.660000e-03 1.387400e-01
107 8.511440e-01 8.700000e-03 1.401560e-01
108 8.496960e-01 8.592000e-03 1.417120e-01
109 8.480720e-01 8.636000e-03 1.432920e-01
110 8.466960e-01 8.508000e-03 1.447960e-01
111 8.452520e-01 8.556000e-03 1.461920e-01
112 8.438440e-01 8.472000e-03 1.476840e-01
113 8.424800e-01 8.352000e-03 1.491680e-01
114 8.410600e-01 8.372000e-03 1.505680e-01
115 8.397040e-01 8.292000e-03 1.520040e-01
116 8.383800e-01 8.168000e-03 1.534520e-01
117 8.371000e-01 7.964000e-03 1.549360e-01
118 8.359200e-01 7.764000e-03 1.563160e-01
119 8.345680e-01 7.772000e-03 1.576600e-01
120 8.332600e-01 7.712000e-03 1.590280e-01
121 8.319200e-01 7.592000e-03 1.604880e-01
122 8.307680e-01 7.400000e-03 1.618320e-01
123 8.295880e-01 7.260000e-03 1.631520e-01
124 8.283920e-01 7.300000e-03 1.643080e-01
125 8.271040e-01 7.316000e-03 1.655800e-01
126 8.259680e-01 7.140000e-03 1.668920e-01
127 8.247600e-01 7.112000e-03 1.681280e-01
128 8.235720e-01 7.072000e-03 1.693560e-01
129 8.223760e-01 7.132000e-03 1.704920e-01
130 8.211800e-01 7.040000e-03 1.717800e-01
131 8.199800e-01 7.020000e-03 1.730000e-01
132 8.187560e-01 6.988000e-03 1.742560e-01
133 8.176160e-01 6.936000e-03 1.754480e-01
134 8.163160e-01 7.012000e-03 1.766720e-01
135 8.151760e-01 6.812000e-03 1.780120e-01
136 8.140280e-01 6.860000e-03 1.791120e-01
137 8.128600e-01 6.804000e-03 1.803360e-01
138 8.116360e-01 6.956000e-03 1.814080e-01
139 8.103080e-01 6.888000e-03 1.828040e-01
140 8.090880e-01 6.920000e-03 1.839920e-01
141 8.080240e-01 6.784000e-03 1.851920e-01
142 8.067840e-01 6.760000e-03 1.864560e-01
143 8.056160e-01 6.680000e-03 1.877040e-01
144 8.044840e-01 6.652000e-03 1.888640e-01
145 8.032520e-01 6.764000e-03 1.899840e-01
146 8.020040e-01 6.744000e-03 1.912520e-01
147 8.010240e-01 6.552000e-03 1.924240e-01
148 7.997560e-01 6.708000e-03 1.935360e-01
149 7.985280e-01 6.840000e-03 1.946320e-01
150 7.975640e-01 6.588000e-03 1.958480e-01
151 7.963960e-01 6.664000e-03 1.969400e-01
152 7.952840e-01 6.716000e-03 1.980000e-01
153 7.941560e-01 6.700000e-03 1.991440e-01
154 7.929400e-01 6.624000e-03 2.004360e-01
155 7.918280e-01 6.600000e-03 2.015720e-01
156 7.906360e-01 6.564000e-03 2.028000e-01
157 7.893720e-01 6.672000e-03 2.039560e-01
158 7.883160e-01 6.544000e-03 2.051400e-01
159 7.871680e-01 6.532000e-03 2.063000e-01
160 7.859680e-01 6.508000e-03 2.075240e-01
161 7.848560e-01 6.424000e-03 2.087200e-01
162 7.837440e-01 6.316000e-03 2.099400e-01
163 7.825200e-01 6.456000e-03 2.110240e-01
164 7.813120e-01 6.596000e-03 2.120920e-01
165 7.802720e-01 6.396000e-03 2.133320e-01
166 7.791720e-01 6.316000e-03 2.145120e-01
167 7.780920e-01 6.328000e-03 2.155800e-01
168 7.771000e-01 6.296000e-03 2.166040e-01
169 7.759160e-01 6.356000e-03 2.177280e-01
170 7.747400e-01 6.476000e-03 2.187840e-01
171 7.737200e-01 6.312000e-03 2.199680e-01
172 7.726120e-01 6.208000e-03 2.211800e-01
173 7.715480e-01 6.264000e-03 2.221880e-01
174 7.704040e-01 6.344000e-03 2.232520e-01
175 7.693800e-01 6.168000e-03 2.244520e-01
176 7.684720e-01 6.052000e-03 2.254760e-01
177 7.674040e-01 6.156000e-03 2.264400e-01
178 7.665000e-01 5.980000e-03 2.275200e-01
179 7.654360e-01 6.008000e-03 2.285560e-01
180 7.643880e-01 5.936000e-03 2.296760e-01
181 7.633800e-01 5.768000e-03 2.308520e-01
182 7.624240e-01 5.644000e-03 2.319320e-01
183 7.613880e-01 5.728000e-03 2.328840e-01
184 7.605440e-01 5.556000e-03 2.339000e-01
185 7.596960e-01 5.436000e-03 2.348680e-01
186 7.588000e-01 5.444000e-03 2.357560e-01
187 7.578240e-01 5.484000e-03 2.366920e-01
188 7.568520e-01 5.496000e-03 2.376520e-01
189 7.559840e-01 5.416000e-03 2.386000e-01
190 7.551760e-01 5.368000e-03 2.394560e-01
191 7.542920e-01 5.348000e-03 2.403600e-01
192 7.533520e-01 5.260000e-03 2.413880e-01
193 7.523840e-01 5.332000e-03 2.422840e-01
194 7.515160e-01 5.332000e-03 2.431520e-01
195 7.506040e-01 5.356000e-03 2.440400e-01
196 7.498040e-01 5.328000e-03 2.448680e-01
197 7.490080e-01 5.188000e-03 2.458040e-01
198 7.482040e-01 5.064000e-03 2.467320e-01
199 7.474400e-01 5.012000e-03 2.475480e-01
200 7.466920e-01 4.964000e-03 2.483440e-01
201 7.458800e-01 4.864000e-03 2.492560e-01
202 7.450600e-01 4.788000e-03 2.501520e-01
203 7.442280e-01 4.784000e-03 2.509880e-01
204 7.434960e-01 4.584000e-03 2.519200e-01
205 7.426640e-01 4.660000e-03 2.526760e-01
206 7.419600e-01 4.640000e-03 2.534000e-01
207 7.412600e-01 4.544000e-03 2.541960e-01
208 7.405160e-01 4.524000e-03 2.549600e-01
209 7.397240e-01 4.552000e-03 2.557240e-01
210 7.389440e-01 4.500000e-03 2.565560e-01
211 7.383080e-01 4.384000e-03 2.573080e-01
212 7.375360e-01 4.432000e-03 2.580320e-01
213 7.366800e-01 4.544000e-03 2.587760e-01
214 7.359600e-01 4.412000e-03 2.596280e-01
215 7.351000e-01 4.476000e-03 2.604240e-01
216 7.342560e-01 4.548000e-03 2.611960e-01
217 7.334000e-01 4.552000e-03 2.620480e-01
218 7.326760e-01 4.512000e-03 2.628120e-01
219 7.320680e-01 4.248000e-03 2.636840e-01
220 7.314560e-01 4.076000e-03 2.644680e-01
221 7.307800e-01 4.148000e-03 2.650720e-01
222 7.301160e-01 4.020000e-03 2.658640e-01
223 7.294440e-01 3.964000e-03 2.665920e-01
224 7.287280e-01 4.072000e-03 2.672000e-01
225 7.279640e-01 4.096000e-03 2.679400e-01
226 7.273320e-01 4.072000e-03 2.685960e-01
227 7.266840e-01 3.992000e-03 2.693240e-01
228 7.260320e-01 3.880000e-03 2.700880e-01
229 7.253400e-01 3.912000e-03 2.707480e-01
230 7.246320e-01 3.932000e-03 2.714360e-01
231 7.239720e-01 3.836000e-03 2.721920e-01
232 7.233760e-01 3.816000e-03 2.728080e-01
233 7.227760e-01 3.744000e-03 2.734800e-01
234 7.219560e-01 3.996000e-03 2.740480e-01
235 7.212240e-01 4.080000e-03 2.746960e-01
236 7.204760e-01 4.124000e-03 2.754000e-01
237 7.197000e-01 4.180000e-03 2.761200e-01
238 7.188280e-01 4.368000e-03 2.768040e-01
239 7.180920e-01 4.392000e-03 2.775160e-01
240 7.174000e-01 4.324000e-03 2.782760e-01
241 7.167320e-01 4.204000e-03 2.790640e-01
242 7.159880e-01 4.232000e-03 2.797800e-01
243 7.152880e-01 4.152000e-03 2.805600e-01
244 7.145160e-01 4.252000e-03 2.812320e-01
245 7.136760e-01 4.336000e-03 2.819880e-01
246 7.128600e-01 4.380000e-03 2.827600e-01
247 7.121320e-01 4.320000e-03 2.835480e-01
248 7.112840e-01 4.448000e-03 2.842680e-01
249 7.105600e-01 4.388000e-03 2.850520e-01
250 7.099160e-01 4.284000e-03 2.858000e-01
251 7.092920e-01 4.232000e-03 2.864760e-01
252 7.085360e-01 4.288000e-03 2.871760e-01
253 7.078000e-01 4.284000e-03 2.879160e-01
254 7.071600e-01 4.180000e-03 2.886600e-01
255 7.064960e-01 4.084000e-03 2.894200e-01
256 7.058960e-01 4.000000e-03 2.901040e-01
257 7.052200e-01 4.004000e-03 2.907760e-01
258 7.044360e-01 3.980000e-03 2.915840e-01
259 7.036920e-01 4.088000e-03 2.922200e-01
260 7.029320e-01 4.068000e-03 2.930000e-01
261 7.021120e-01 4.224000e-03 2.936640e-01
262 7.012560e-01 4.356000e-03 2.943880e-01
263 7.005000e-01 4.384000e-03 2.951160e-01
264 6.996120e-01 4.568000e-03 2.958200e-01
265 6.988160e-01 4.556000e-03 2.966280e-01
266 6.980320e-01 4.504000e-03 2.974640e-01
267 6.972000e-01 4.508000e-03 2.982920e-01
268 6.963120e-01 4.572000e-03 2.991160e-01
269 6.954400e-01 4.700000e-03 2.998600e-01
270 6.947240e-01 4.580000e-03 3.006960e-01
271 6.938880e-01 4.540000e-03 3.015720e-01
272 6.930920e-01 4.508000e-03 3.024000e-01
273 6.923480e-01 4.468000e-03 3.031840e-01
274 6.916200e-01 4.336000e-03 3.040440e-01
275 6.909040e-01 4.308000e-03 3.047880e-01
276 6.901440e-01 4.244000e-03 3.056120e-01
277 6.893680e-01 4.280000e-03 3.063520e-01
278 6.886400e-01 4.156000e-03 3.072040e-01
279 6.878840e-01 4.180000e-03 3.079360e-01
280 6.872360e-01 4.048000e-03 3.087160e-01
281 6.865480e-01 4.092000e-03 3.093600e-01
282 6.857880e-01 4.096000e-03 3.101160e-01
283 6.851680e-01 4.020000e-03 3.108120e-01
284 6.845680e-01 3.928000e-03 3.115040e-01
285 6.840280e-01 3.836000e-03 3.121360e-01
286 6.835200e-01 3.616000e-03 3.128640e-01
287 6.829000e-01 3.588000e-03 3.135120e-01
288 6.823440e-01 3.548000e-03 3.141080e-01
289 6.818760e-01 3.368000e-03 3.147560e-01
290 6.812240e-01 3.432000e-03 3.153440e-01
291 6.805360e-01 3.524000e-03 3.159400e-01
292 6.798320e-01 3.652000e-03 3.165160e-01
293 6.792200e-01 3.628000e-03 3.171520e-01
294 6.785760e-01 3.696000e-03 3.177280e-01
295 6.779760e-01 3.712000e-03 3.183120e-01
296 6.774280e-01 3.632000e-03 3.189400e-01
297 6.768400e-01 3.572000e-03 3.195880e-01
298 6.762440e-01 3.564000e-03 3.201920e-01
299 6.756120e-01 3.560000e-03 3.208280e-01
300 6.749480e-01 3.536000e-03 3.215160e-01
301 6.743840e-01 3.552000e-03 3.220640e-01
302 6.737640e-01 3.616000e-03 3.226200e-01
303 6.731840e-01 3.584000e-03 3.232320e-01
304 6.724640e-01 3.648000e-03 3.238880e-01
305 6.718560e-01 3.668000e-03 3.244760e-01
306 6.712200e-01 3.632000e-03 3.251480e-01
307 6.705200e-01 3.756000e-03 3.257240e-01
308 6.699960e-01 3.664000e-03 3.263400e-01
309 6.693320e-01 3.640000e-03 3.270280e-01
310 6.686880e-01 3.660000e-03 3.276520e-01
311 6.679360e-01 3.816000e-03 3.282480e-01
312 6.672520e-01 3.756000e-03 3.289920e-01
313 6.665760e-01 3.748000e-03 3.296760e-01
314 6.659000e-01 3.808000e-03 3.302920e-01
315 6.652840e-01 3.812000e-03 3.309040e-01
316 6.646400e-01 3.808000e-03 3.315520e-01
317 6.640920e-01 3.656000e-03 3.322520e-01
318 6.634880e-01 3.608000e-03 3.329040e-01
319 6.628360e-01 3.604000e-03 3.335600e-01
320 6.621760e-01 3.612000e-03 3.342120e-01
321 6.615120e-01 3.648000e-03 3.348400e-01
322 6.608760e-01 3.752000e-03 3.353720e-01
323 6.601800e-01 3.656000e-03 3.361640e-01
324 6.594720e-01 3.812000e-03 3.367160e-01
325 6.587960e-01 3.920000e-03 3.372840e-01
326 6.580240e-01 4.020000e-03 3.379560e-01
327 6.573320e-01 4.012000e-03 3.386560e-01
328 6.567640e-01 3.828000e-03 3.394080e-01
329 6.561680e-01 3.768000e-03 3.400640e-01
330 6.555960e-01 3.656000e-03 3.407480e-01
331 6.550720e-01 3.556000e-03 3.413720e-01
332 6.545280e-01 3.524000e-03 3.419480e-01
333 6.540720e-01 3.376000e-03 3.425520e-01
334 6.535560e-01 3.320000e-03 3.431240e-01
335 6.530400e-01 3.320000e-03 3.436400e-01
336 6.524720e-01 3.292000e-03 3.442360e-01
337 6.519080e-01 3.292000e-03 3.448000e-01
338 6.513640e-01 3.236000e-03 3.454000e-01
339 6.508280e-01 3.216000e-03 3.459560e-01
340 6.503440e-01 3.120000e-03 3.465360e-01
341 6.498240e-01 3.168000e-03 3.470080e-01
342 6.493440e-01 3.096000e-03 3.475600e-01
343 6.488280e-01 3.092000e-03 3.480800e-01
344 6.483600e-01 2.980000e-03 3.486600e-01
345 6.478520e-01 2.936000e-03 3.492120e-01
346 6.473480e-01 2.940000e-03 3.497120e-01
347 6.468360e-01 2.960000e-03 3.502040e-01
348 6.462920e-01 3.004000e-03 3.507040e-01
349 6.457880e-01 2.996000e-03 3.512160e-01
350 6.452160e-01 3.032000e-03 3.517520e-01
351 6.447720e-01 2.908000e-03 3.523200e-01
352 6.443280e-01 2.920000e-03 3.527520e-01
353 6.438000e-01 2.944000e-03 3.532560e-01
354 6.434600e-01 2.812000e-03 3.537280e-01
355 6.430600e-01 2.736000e-03 3.542040e-01
356 6.426280e-01 2.632000e-03 3.547400e-01
357 6.422400e-01 2.492000e-03 3.552680e-01
358 6.417720e-01 2.536000e-03 3.556920e-01
359 6.413160e-01 2.572000e-03 3.561120e-01
360 6.408440e-01 2.568000e-03 3.565880e-01
361 6.403680e-01 2.656000e-03 3.569760e-01
362 6.398960e-01 2.636000e-03 3.574680e-01
363 6.394120e-01 2.672000e-03 3.579160e-01
364 6.389800e-01 2.612000e-03 3.584080e-01
365 6.385240e-01 2.544000e-03 3.589320e-01
366 6.381920e-01 2.448000e-03 3.593600e-01
367 6.378120e-01 2.484000e-03 3.597040e-01
368 6.373840e-01 2.456000e-03 3.601600e-01
369 6.370080e-01 2.424000e-03 3.605680e-01
370 6.366320e-01 2.356000e-03 3.610120e-01
371 6.362680e-01 2.212000e-03 3.615200e-01
372 6.359000e-01 2.200000e-03 3.619000e-01
373 6.355520e-01 2.084000e-03 3.623640e-01
374 6.351760e-01 2.108000e-03 3.627160e-01
375 6.347400e-01 2.220000e-03 3.630400e-01
376 6.342600e-01 2.256000e-03 3.634840e-01
377 6.337960e-01 2.368000e-03 3.638360e-01
378 6.333800e-01 2.388000e-03 3.642320e-01
379 6.329240e-01 2.392000e-03 3.646840e-01
380 6.325280e-01 2.332000e-03 3.651400e-01
381 6.321400e-01 2.388000e-03 3.654720e-01
382 6.317600e-01 2.308000e-03 3.659320e-01
383 6.313800e-01 2.248000e-03 3.663720e-01
384 6.310320e-01 2.228000e-03 3.667400e-01
385 6.305680e-01 2.312000e-03 3.671200e-01
386 6.301440e-01 2.268000e-03 3.675880e-01
387 6.297560e-01 2.300000e-03 3.679440e-01
388 6.293760e-01 2.296000e-03 3.683280e-01
389 6.290560e-01 2.168000e-03 3.687760e-01
390 6.286360e-01 2.192000e-03 3.691720e-01
391 6.282320e-01 2.208000e-03 3.695600e-01
392 6.278400e-01 2.180000e-03 3.699800e-01
393 6.274800e-01 2.160000e-03 3.703600e-01
394 6.271760e-01 2.116000e-03 3.707080e-01
395 6.268120e-01 2.120000e-03 3.710680e-01
396 6.265120e-01 2.080000e-03 3.714080e-01
397 6.261680e-01 2.004000e-03 3.718280e-01
398 6.258520e-01 2.060000e-03 3.720880e-01
399 6.254880e-01 2.048000e-03 3.724640e-01
400 6.251400e-01 2.028000e-03 3.728320e-01
401 6.247400e-01 2.156000e-03 3.731040e-01
402 6.243800e-01 2.100000e-03 3.735200e-01
403 6.240480e-01 2.028000e-03 3.739240e-01
404 6.238480e-01 1.884000e-03 3.742680e-01
405 6.235320e-01 1.844000e-03 3.746240e-01
406 6.233720e-01 1.700000e-03 3.749280e-01
407 6.232080e-01 1.604000e-03 3.751880e-01
408 6.229880e-01 1.540000e-03 3.754720e-01
409 6.228440e-01 1.420000e-03 3.757360e-01
410 6.226400e-01 1.396000e-03 3.759640e-01
411 6.224880e-01 1.380000e-03 3.761320e-01
412 6.223360e-01 1.268000e-03 3.763960e-01
413 6.221920e-01 1.156000e-03 3.766520e-01
414 6.220640e-01 1.112000e-03 3.768240e-01
415 6.219680e-01 1.012000e-03 3.770200e-01
416 6.218520e-01 9.520000e-04 3.771960e-01
417 6.217320e-01 9.200000e-04 3.773480e-01
418 6.216240e-01 8.680000e-04 3.775080e-01
419 6.214800e-01 8.520000e-04 3.776680e-01
420 6.212840e-01 9.000000e-04 3.778160e-01
421 6.211520e-01 8.080000e-04 3.780400e-01
422 6.210240e-01 8.160000e-04 3.781600e-01
423 6.208800e-01 8.360000e-04 3.782840e-01
424 6.207560e-01 8.160000e-04 3.784280e-01
425 6.205880e-01 8.400000e-04 3.785720e-01
426 6.203960e-01 8.720000e-04 3.787320e-01
427 6.202280e-01 8.440000e-04 3.789280e-01
428 6.200480e-01 8.640000e-04 3.790880e-01
429 6.199040e-01 9.000000e-04 3.791960e-01
430 6.196840e-01 9.600000e-04 3.793560e-01
431 6.194680e-01 9.720000e-04 3.795600e-01
432 6.193640e-01 9.200000e-04 3.797160e-01
433 6.192120e-01 8.960000e-04 3.798920e-01
434 6.190400e-01 9.280000e-04 3.800320e-01
435 6.188400e-01 9.960000e-04 3.801640e-01
436 6.186960e-01 9.520000e-04 3.803520e-01
437 6.185440e-01 9.240000e-04 3.805320e-01
438 6.184160e-01 8.760000e-04 3.807080e-01
439 6.182640e-01 8.720000e-04 3.808640e-01
440 6.181360e-01 7.960000e-04 3.810680e-01
441 6.179920e-01 8.200000e-04 3.811880e-01
442 6.178160e-01 8.240000e-04 3.813600e-01
443 6.176360e-01 8.360000e-04 3.815280e-01
444 6.175120e-01 8.240000e-04 3.816640e-01
445 6.173320e-01 8.840000e-04 3.817840e-01
446 6.171520e-01 9.080000e-04 3.819400e-01
447 6.169960e-01 8.640000e-04 3.821400e-01
448 6.168760e-01 8.520000e-04 3.822720e-01
449 6.167360e-01 8.800000e-04 3.823840e-01
450 6.165240e-01 9.520000e-04 3.825240e-01
451 6.163240e-01 9.360000e-04 3.827400e-01
452 6.161680e-01 9.000000e-04 3.829320e-01
453 6.160240e-01 9.160000e-04 3.830600e-01
454 6.159120e-01 8.800000e-04 3.832080e-01
455 6.157600e-01 8.520000e-04 3.833880e-01
456 6.156640e-01 7.920000e-04 3.835440e-01
457 6.155360e-01 7.360000e-04 3.837280e-01
458 6.154440e-01 7.000000e-04 3.838560e-01
459 6.153560e-01 6.640000e-04 3.839800e-01
460 6.152360e-01 6.760000e-04 3.840880e-01
461 6.151200e-01 6.760000e-04 3.842040e-01
462 6.149960e-01 6.920000e-04 3.843120e-01
463 6.148760e-01 7.120000e-04 3.844120e-01
464 6.147840e-01 7.040000e-04 3.845120e-01
465 6.146960e-01 6.680000e-04 3.846360e-01
466 6.146280e-01 6.240000e-04 3.847480e-01
467 6.144840e-01 6.480000e-04 3.848680e-01
468 6.143840e-01 6.520000e-04 3.849640e-01
469 6.143040e-01 6.520000e-04 3.850440e-01
470 6.141920e-01 6.720000e-04 3.851360e-01
471 6.140920e-01 6.320000e-04 3.852760e-01
472 6.139960e-01 6.200000e-04 3.853840e-01
473 6.138960e-01 6.440000e-04 3.854600e-01
474 6.137720e-01 6.960000e-04 3.855320e-01
475 6.136480e-01 6.800000e-04 3.856720e-01
476 6.135720e-01 6.400000e-04 3.857880e-01
477 6.134720e-01 5.960000e-04 3.859320e-01
478 6.133560e-01 6.200000e-04 3.860240e-01
479 6.132720e-01 6.200000e-04 3.861080e-01
480 6.131720e-01 6.000000e-04 3.862280e-01
481 6.131000e-01 5.520000e-04 3.863480e-01
482 6.130080e-01 5.400000e-04 3.864520e-01
483 6.129200e-01 5.160000e-04 3.865640e-01
484 6.128480e-01 5.080000e-04 3.866440e-01
485 6.127160e-01 5.640000e-04 3.867200e-01
486 6.126120e-01 5.640000e-04 3.868240e-01
487 6.125400e-01 5.280000e-04 3.869320e-01
488 6.124560e-01 5.120000e-04 3.870320e-01
489 6.124000e-01 4.800000e-04 3.871200e-01
490 6.123280e-01 4.560000e-04 3.872160e-01
491 6.122680e-01 4.240000e-04 3.873080e-01
492 6.121760e-01 4.560000e-04 3.873680e-01
493 6.120400e-01 5.080000e-04 3.874520e-01
494 6.119120e-01 5.240000e-04 3.875640e-01
495 6.118280e-01 4.840000e-04 3.876880e-01
496 6.117440e-01 5.040000e-04 3.877520e-01
497 6.116200e-01 5.400000e-04 3.878400e-01
498 6.115000e-01 5.840000e-04 3.879160e-01
499 6.113480e-01 6.120000e-04 3.880400e-01
500 6.112720e-01 6.000000e-04 3.881280e-01
