1 9.992440e-01 6.960000e-04 6.000000e-05
2 9.987920e-01 9.960000e-04 2.120000e-04
3 9.981560e-01 1.432000e-03 4.120000e-04
4 9.975240e-01 1.812000e-03 6.640000e-04
5 9.967480e-01 2.264000e-03 9.880000e-04
6 9.959000e-01 2.640000e-03 1.460000e-03
7 9.949600e-01 3.040000e-03 2.000000e-03
8 9.941200e-01 3.384000e-03 2.496000e-03
9 9.931440e-01 3.812000e-03 3.044000e-03
10 9.921200e-01 4.088000e-03 3.792000e-03
11 9.911280e-01 4.388000e-03 4.484000e-03
12 9.901480e-01 4.556000e-03 5.296000e-03
13 9.891160e-01 4.828000e-03 6.056000e-03
14 9.881240e-01 4.896000e-03 6.980000e-03
15 9.870120e-01 5.156000e-03 7.832000e-03
16 9.859680e-01 5.204000e-03 8.828000e-03
17 9.848760e-01 5.396000e-03 9.728000e-03
18 9.837760e-01 5.572000e-03 1.065200e-02
19 9.826280e-01 5.724000e-03 1.164800e-02
20 9.814440e-01 5.932000e-03 1.262400e-02
21 9.803360e-01 6.040000e-03 1.362400e-02
22 9.791440e-01 6.172000e-03 1.468400e-02
23 9.777760e-01 6.596000e-03 1.562800e-02
24 9.764480e-01 6.656000e-03 1.689600e-02
25 9.752080e-01 6.716000e-03 1.807600e-02
26 9.740080e-01 6.760000e-03 1.923200e-02
27 9.727480e-01 6.832000e-03 2.042000e-02
28 9.714560e-01 6.960000e-03 2.158400e-02
29 9.701920e-01 6.992000e-03 2.281600e-02
30 9.687480e-01 7.268000e-03 2.398400e-02
31 9.674000e-01 7.340000e-03 2.526000e-02
32 9.660280e-01 7.352000e-03 2.662000e-02
33 9.645280e-01 7.436000e-03 2.803600e-02
34 9.630000e-01 7.660000e-03 2.934000e-02
35 9.614160e-01 7.900000e-03 3.068400e-02
36 9.598840e-01 8.124000e-03 3.199200e-02
37 9.582960e-01 8.292000e-03 3.341200e-02
38 9.568240e-01 8.336000e-03 3.484000e-02
39 9.552840e-01 8.332000e-03 3.638400e-02
40 9.536720e-01 8.416000e-03 3.791200e-02
41 9.521240e-01 8.440000e-03 3.943600e-02
42 9.504320e-01 8.580000e-03 4.098800e-02
43 9.489600e-01 8.568000e-03 4.247200e-02
44 9.474080e-01 8.664000e-03 4.392800e-02
45 9.457240e-01 8.752000e-03 4.552400e-02
46 9.440360e-01 8.912000e-03 4.705200e-02
47 9.424640e-01 9.024000e-03 4.851200e-02
48 9.408240e-01 9.208000e-03 4.996800e-02
49 9.390960e-01 9.396000e-03 5.150800e-02
50 9.372800e-01 9.540000e-03 5.318000e-02
51 9.354600e-01 9.776000e-03 5.476400e-02
52 9.338000e-01 9.732000e-03 5.646800e-02
53 9.319400e-01 9.876000e-03 5.818400e-02
54 9.302920e-01 9.720000e-03 5.998800e-02
55 9.284680e-01 9.808000e-03 6.172400e-02
56 9.267880e-01 9.928000e-03 6.328400e-02
57 9.250560e-01 9.812000e-03 6.513200e-02
58 9.233240e-01 9.856000e-03 6.682000e-02
59 9.215960e-01 9.848000e-03 6.855600e-02
60 9.198600e-01 9.856000e-03 7.028400e-02
61 9.179480e-01 9.796000e-03 7.225600e-02
62 9.160560e-01 9.844000e-03 7.410000e-02
63 9.143360e-01 9.664000e-03 7.600000e-02
64 9.126240e-01 9.668000e-03 7.770800e-02
65 9.110720e-01 9.416000e-03 7.951200e-02
66 9.095240e-01 9.300000e-03 8.117600e-02
67 9.078320e-01 9.352000e-03 8.281600e-02
68 9.062440e-01 9.364000e-03 8.439200e-02
69 9.047640e-01 9.216000e-03 8.602000e-02
70 9.032800e-01 9.144000e-03 8.757600e-02
71 9.015800e-01 9.156000e-03 8.926400e-02
72 8.998200e-01 9.324000e-03 9.085600e-02
73 8.980680e-01 9.560000e-03 9.237200e-02
74 8.961600e-01 9.852000e-03 9.398800e-02
75 8.944280e-01 9.872000e-03 9.570000e-02
76 8.926760e-01 9.836000e-03 9.748800e-02
77 8.908760e-01 9.960000e-03 9.916400e-02
78 8.890720e-01 1.014400e-02 1.007840e-01
79 8.872880e-01 1.000800e-02 1.027040e-01
80 8.856440e-01 9.944000e-03 1.044120e-01
81 8.837440e-01 1.005200e-02 1.062040e-01
82 8.818400e-01 1.022400e-02 1.079360e-01
83 8.798520e-01 1.049200e-02 1.096560e-01
84 8.779840e-01 1.047600e-02 1.115400e-01
85 8.760240e-01 1.069600e-02 1.132800e-01
86 8.739640e-01 1.092400e-02 1.151120e-01
87 8.719720e-01 1.106800e-02 1.169600e-01
88 8.700280e-01 1.112800e-02 1.188440e-01
89 8.682160e-01 1.100000e-02 1.207840e-01
90 8.663920e-01 1.089200e-02 1.227160e-01
91 8.644160e-01 1.090400e-02 1.246800e-01
92 8.624960e-01 1.096800e-02 1.265360e-01
93 8.606120e-01 1.094000e-02 1.284480e-01
94 8.587240e-01 1.112800e-02 1.301480e-01
95 8.568160e-01 1.100000e-02 1.321840e-01
96 8.549120e-01 1.099200e-02 1.340960e-01
97 8.530280e-01 1.104800e-02 1.359240e-01
98 8.512480e-01 1.084400e-02 1.379080e-01
99 8.494400e-01 1.082000e-02 1.397400e-01
100 8.476520e-01 1.066400e-02 1.416840e-01
101 8.457200e-01 1.068400e-02 1.435960e-01
102 8.438960e-01 1.076000e-02 1.453440e-01
103 8.421320e-01 1.071200e-02 1.471560e-01
104 8.403640e-01 1.073200e-02 1.489040e-01
105 8.385280e-01 1.074000e-02 1.507320e-01
106 8.366600e-01 1.082400e-02 1.525160e-01
107 8.346800e-01 1.096400e-02 1.543560e-01
108 8.328080e-01 1.094800e-02 1.562440e-01
109 8.307960e-01 1.097200e-02 1.582320e-01
110 8.290000e-01 1.076800e-02 1.602320e-01
111 8.271360e-01 1.057600e-02 1.622880e-01
112 8.254560e-01 1.032000e-02 1.642240e-01
113 8.237360e-01 1.016400e-02 1.661000e-01
114 8.220880e-01 9.916000e-03 1.679960e-01
115 8.204520e-01 9.704000e-03 1.698440e-01
116 8.187840e-01 9.748000e-03 1.714680e-01
117 8.171560e-01 9.732000e-03 1.731120e-01
118 8.156200e-01 9.608000e-03 1.747720e-01
119 8.139000e-01 9.632000e-03 1.764680e-01
120 8.122440e-01 9.568000e-03 1.781880e-01
121 8.106600e-01 9.436000e-03 1.799040e-01
122 8.091560e-01 9.284000e-03 1.815600e-01
123 8.075640e-01 9.372000e-03 1.830640e-01
124 8.060600e-01 9.372000e-03 1.845680e-01
125 8.044720e-01 9.364000e-03 1.861640e-01
126 8.028320e-01 9.504000e-03 1.876640e-01
127 8.012480e-01 9.308000e-03 1.894440e-01
128 7.996960e-01 9.144000e-03 1.911600e-01
129 7.979880e-01 9.184000e-03 1.928280e-01
130 7.964200e-01 9.244000e-03 1.943360e-01
131 7.948880e-01 9.208000e-03 1.959040e-01
132 7.934600e-01 9.020000e-03 1.975200e-01
133 7.920480e-01 8.944000e-03 1.990080e-01
134 7.905320e-01 8.928000e-03 2.005400e-01
135 7.890680e-01 8.752000e-03 2.021800e-01
136 7.875240e-01 8.776000e-03 2.037000e-01
137 7.861720e-01 8.656000e-03 2.051720e-01
138 7.847360e-01 8.480000e-03 2.067840e-01
139 7.833160e-01 8.464000e-03 2.082200e-01
140 7.820080e-01 8.400000e-03 2.095920e-01
141 7.804400e-01 8.544000e-03 2.110160e-01
142 7.790080e-01 8.596000e-03 2.123960e-01
143 7.774920e-01 8.600000e-03 2.139080e-01
144 7.760640e-01 8.548000e-03 2.153880e-01
145 7.745960e-01 8.512000e-03 2.168920e-01
146 7.730320e-01 8.776000e-03 2.181920e-01
147 7.715160e-01 8.628000e-03 2.198560e-01
148 7.699640e-01 8.592000e-03 2.214440e-01
149 7.684120e-01 8.552000e-03 2.230360e-01
150 7.669000e-01 8.664000e-03 2.244360e-01
151 7.655320e-01 8.468000e-03 2.260000e-01
152 7.641840e-01 8.264000e-03 2.275520e-01
153 7.627920e-01 8.320000e-03 2.288880e-01
154 7.613440e-01 8.160000e-03 2.304960e-01
155 7.599040e-01 8.156000e-03 2.319400e-01
156 7.584840e-01 8.248000e-03 2.332680e-01
157 7.570640e-01 8.244000e-03 2.346920e-01
158 7.555520e-01 8.332000e-03 2.361160e-01
159 7.541560e-01 8.276000e-03 2.375680e-01
160 7.528160e-01 8.276000e-03 2.389080e-01
161 7.514280e-01 8.204000e-03 2.403680e-01
162 7.501280e-01 8.112000e-03 2.417600e-01
163 7.488200e-01 8.012000e-03 2.431680e-01
164 7.475480e-01 7.908000e-03 2.445440e-01
165 7.463680e-01 7.748000e-03 2.458840e-01
166 7.451920e-01 7.608000e-03 2.472000e-01
167 7.439640e-01 7.520000e-03 2.485160e-01
168 7.428280e-01 7.364000e-03 2.498080e-01
169 7.415120e-01 7.368000e-03 2.511200e-01
170 7.403200e-01 7.400000e-03 2.522800e-01
171 7.390880e-01 7.392000e-03 2.535200e-01
172 7.378120e-01 7.496000e-03 2.546920e-01
173 7.366200e-01 7.400000e-03 2.559800e-01
174 7.353320e-01 7.252000e-03 2.574160e-01
175 7.342200e-01 7.020000e-03 2.587600e-01
176 7.331880e-01 6.912000e-03 2.599000e-01
177 7.322320e-01 6.644000e-03 2.611240e-01
178 7.311560e-01 6.476000e-03 2.623680e-01
179 7.302120e-01 6.256000e-03 2.635320e-01
180 7.293520e-01 5.976000e-03 2.646720e-01
181 7.283280e-01 5.924000e-03 2.657480e-01
182 7.274840e-01 5.676000e-03 2.668400e-01
183 7.266800e-01 5.504000e-03 2.678160e-01
184 7.258560e-01 5.380000e-03 2.687640e-01
185 7.249920e-01 5.308000e-03 2.697000e-01
186 7.240400e-01 5.268000e-03 2.706920e-01
187 7.232080e-01 5.124000e-03 2.716680e-01
188 7.223480e-01 4.996000e-03 2.726560e-01
189 7.215640e-01 4.884000e-03 2.735520e-01
190 7.208160e-01 4.804000e-03 2.743800e-01
191 7.199720e-01 4.840000e-03 2.751880e-01
192 7.190800e-01 4.820000e-03 2.761000e-01
193 7.183040e-01 4.720000e-03 2.769760e-01
194 7.175240e-01 4.720000e-03 2.777560e-01
195 7.166600e-01 4.700000e-03 2.786400e-01
196 7.159480e-01 4.552000e-03 2.795000e-01
197 7.152000e-01 4.488000e-03 2.803120e-01
198 7.145240e-01 4.372000e-03 2.811040e-01
199 7.137080e-01 4.400000e-03 2.818920e-01
200 7.129520e-01 4.496000e-03 2.825520e-01
201 7.123040e-01 4.364000e-03 2.833320e-01
202 7.117160e-01 4.216000e-03 2.840680e-01
203 7.110960e-01 4.044000e-03 2.848600e-01
204 7.104280e-01 4.052000e-03 2.855200e-01
205 7.097040e-01 4.040000e-03 2.862560e-01
206 7.091240e-01 3.960000e-03 2.869160e-01
207 7.084680e-01 3.972000e-03 2.875600e-01
208 7.077480e-01 3.956000e-03 2.882960e-01
209 7.071480e-01 3.800000e-03 2.890520e-01
210 7.066160e-01 3.664000e-03 2.897200e-01
211 7.060640e-01 3.596000e-03 2.903400e-01
212 7.055040e-01 3.428000e-03 2.910680e-01
213 7.050840e-01 3.140000e-03 2.917760e-01
214 7.045320e-01 3.128000e-03 2.923400e-01
215 7.038800e-01 3.308000e-03 2.928120e-01
216 7.033480e-01 3.272000e-03 2.933800e-01
217 7.028120e-01 3.284000e-03 2.939040e-01
218 7.022360e-01 3.320000e-03 2.944440e-01
219 7.016920e-01 3.320000e-03 2.949880e-01
220 7.012200e-01 3.256000e-03 2.955240e-01
221 7.007720e-01 3.104000e-03 2.961240e-01
222 7.001560e-01 3.156000e-03 2.966880e-01
223 6.997240e-01 3.000000e-03 2.972760e-01
224 6.992120e-01 2.968000e-03 2.978200e-01
225 6.986960e-01 2.920000e-03 2.983840e-01
226 6.982440e-01 2.904000e-03 2.988520e-01
227 6.978240e-01 2.832000e-03 2.993440e-01
228 6.972960e-01 2.876000e-03 2.998280e-01
229 6.967320e-01 2.952000e-03 3.003160e-01
230 6.962280e-01 2.872000e-03 3.009000e-01
231 6.956960e-01 2.868000e-03 3.014360e-01
232 6.952360e-01 2.744000e-03 3.020200e-01
233 6.947120e-01 2.784000e-03 3.025040e-01
234 6.943360e-01 2.708000e-03 3.029560e-01
235 6.938760e-01 2.724000e-03 3.034000e-01
236 6.933800e-01 2.752000e-03 3.038680e-01
237 6.928720e-01 2.748000e-03 3.043800e-01
238 6.924040e-01 2.696000e-03 3.049000e-01
239 6.919480e-01 2.704000e-03 3.053480e-01
240 6.914560e-01 2.716000e-03 3.058280e-01
241 6.910040e-01 2.684000e-03 3.063120e-01
242 6.905520e-01 2.668000e-03 3.067800e-01
243 6.900840e-01 2.604000e-03 3.073120e-01
244 6.896240e-01 2.628000e-03 3.077480e-01
245 6.892000e-01 2.632000e-03 3.081680e-01
246 6.887960e-01 2.580000e-03 3.086240e-01
247 6.883680e-01 2.624000e-03 3.090080e-01
248 6.879960e-01 2.488000e-03 3.095160e-01
249 6.876400e-01 2.376000e-03 3.099840e-01
250 6.872360e-01 2.332000e-03 3.104320e-01
251 6.868280e-01 2.368000e-03 3.108040e-01
252 6.864040e-01 2.344000e-03 3.112520e-01
253 6.861080e-01 2.252000e-03 3.116400e-01
254 6.857400e-01 2.256000e-03 3.120040e-01
255 6.853160e-01 2.356000e-03 3.123280e-01
256 6.848920e-01 2.388000e-03 3.127200e-01
257 6.844160e-01 2.412000e-03 3.131720e-01
258 6.839520e-01 2.464000e-03 3.135840e-01
259 6.835200e-01 2.384000e-03 3.140960e-01
260 6.831440e-01 2.336000e-03 3.145200e-01
261 6.828040e-01 2.260000e-03 3.149360e-01
262 6.823920e-01 2.320000e-03 3.152880e-01
263 6.819080e-01 2.436000e-03 3.156560e-01
264 6.814440e-01 2.504000e-03 3.160520e-01
265 6.810160e-01 2.468000e-03 3.165160e-01
266 6.806120e-01 2.384000e-03 3.170040e-01
267 6.801840e-01 2.424000e-03 3.173920e-01
268 6.797360e-01 2.468000e-03 3.177960e-01
269 6.793400e-01 2.416000e-03 3.182440e-01
270 6.789040e-01 2.384000e-03 3.187120e-01
271 6.784680e-01 2.416000e-03 3.191160e-01
272 6.780880e-01 2.352000e-03 3.195600e-01
273 6.777000e-01 2.316000e-03 3.199840e-01
274 6.773920e-01 2.260000e-03 3.203480e-01
275 6.770520e-01 2.220000e-03 3.207280e-01
276 6.767480e-01 2.168000e-03 3.210840e-01
277 6.763880e-01 2.168000e-03 3.214440e-01
278 6.760840e-01 2.116000e-03 3.218000e-01
279 6.757840e-01 2.064000e-03 3.221520e-01
280 6.754640e-01 2.020000e-03 3.225160e-01
281 6.750880e-01 2.076000e-03 3.228360e-01
282 6.747600e-01 2.028000e-03 3.232120e-01
283 6.743760e-01 2.096000e-03 3.235280e-01
284 6.740400e-01 2.032000e-03 3.239280e-01
285 6.738000e-01 1.940000e-03 3.242600e-01
286 6.734960e-01 1.892000e-03 3.246120e-01
287 6.732000e-01 1.900000e-03 3.249000e-01
288 6.729520e-01 1.828000e-03 3.252200e-01
289 6.726320e-01 1.800000e-03 3.255680e-01
290 6.723320e-01 1.752000e-03 3.259160e-01
291 6.720520e-01 1.724000e-03 3.262240e-01
292 6.717120e-01 1.780000e-03 3.265080e-01
293 6.714640e-01 1.728000e-03 3.268080e-01
294 6.711640e-01 1.688000e-03 3.271480e-01
295 6.709240e-01 1.648000e-03 3.274280e-01
296 6.707480e-01 1.572000e-03 3.276800e-01
297 6.704840e-01 1.524000e-03 3.279920e-01
298 6.702320e-01 1.508000e-03 3.282600e-01
299 6.699560e-01 1.508000e-03 3.285360e-01
300 6.696800e-01 1.496000e-03 3.288240e-01
301 6.694320e-01 1.448000e-03 3.291200e-01
302 6.690640e-01 1.524000e-03 3.294120e-01
303 6.688560e-01 1.496000e-03 3.296480e-01
304 6.685800e-01 1.416000e-03 3.300040e-01
305 6.682360e-01 1.524000e-03 3.302400e-01
306 6.680040e-01 1.544000e-03 3.304520e-01
307 6.677440e-01 1.552000e-03 3.307040e-01
308 6.674200e-01 1.632000e-03 3.309480e-01
309 6.671480e-01 1.640000e-03 3.312120e-01
310 6.668480e-01 1.656000e-03 3.314960e-01
311 6.665840e-01 1.668000e-03 3.317480e-01
312 6.663120e-01 1.648000e-03 3.320400e-01
313 6.660800e-01 1.608000e-03 3.323120e-01
314 6.658400e-01 1.588000e-03 3.325720e-01
315 6.656120e-01 1.560000e-03 3.328280e-01
316 6.653440e-01 1.488000e-03 3.331680e-01
317 6.651080e-01 1.500000e-03 3.333920e-01
318 6.648320e-01 1.536000e-03 3.336320e-01
319 6.646000e-01 1.464000e-03 3.339360e-01
320 6.643600e-01 1.468000e-03 3.341720e-01
321 6.641400e-01 1.432000e-03 3.344280e-01
322 6.639200e-01 1.396000e-03 3.346840e-01
323 6.636840e-01 1.432000e-03 3.348840e-01
324 6.634440e-01 1.476000e-03 3.350800e-01
325 6.631800e-01 1.476000e-03 3.353440e-01
326 6.629240e-01 1.400000e-03 3.356760e-01
327 6.627280e-01 1.364000e-03 3.359080e-01
328 6.624560e-01 1.392000e-03 3.361520e-01
329 6.623040e-01 1.288000e-03 3.364080e-01
330 6.620880e-01 1.276000e-03 3.366360e-01
331 6.618560e-01 1.252000e-03 3.368920e-01
332 6.616360e-01 1.256000e-03 3.371080e-01
333 6.614320e-01 1.284000e-03 3.372840e-01
334 6.611800e-01 1.356000e-03 3.374640e-01
335 6.609480e-01 1.376000e-03 3.376760e-01
336 6.606880e-01 1.412000e-03 3.379000e-01
337 6.605000e-01 1.356000e-03 3.381440e-01
338 6.602480e-01 1.396000e-03 3.383560e-01
339 6.600520e-01 1.364000e-03 3.385840e-01
340 6.598520e-01 1.324000e-03 3.388240e-01
341 6.596280e-01 1.348000e-03 3.390240e-01
342 6.593680e-01 1.396000e-03 3.392360e-01
343 6.591280e-01 1.372000e-03 3.395000e-01
344 6.589480e-01 1.308000e-03 3.397440e-01
345 6.587160e-01 1.312000e-03 3.399720e-01
346 6.585080e-01 1.280000e-03 3.402120e-01
347 6.582480e-01 1.328000e-03 3.404240e-01
348 6.580160e-01 1.308000e-03 3.406760e-01
349 6.577880e-01 1.328000e-03 3.408840e-01
350 6.575760e-01 1.340000e-03 3.410840e-01
351 6.573200e-01 1.320000e-03 3.413600e-01
352 6.571480e-01 1.244000e-03 3.416080e-01
353 6.569280e-01 1.268000e-03 3.418040e-01
354 6.567440e-01 1.208000e-03 3.420480e-01
355 6.565400e-01 1.192000e-03 3.422680e-01
356 6.563080e-01 1.224000e-03 3.424680e-01
357 6.561600e-01 1.180000e-03 3.426600e-01
358 6.559520e-01 1.208000e-03 3.428400e-01
359 6.557840e-01 1.152000e-03 3.430640e-01
360 6.555840e-01 1.160000e-03 3.432560e-01
361 6.553600e-01 1.148000e-03 3.434920e-01
362 6.551440e-01 1.152000e-03 3.437040e-01
363 6.549000e-01 1.248000e-03 3.438520e-01
364 6.546240e-01 1.320000e-03 3.440560e-01
365 6.543640e-01 1.364000e-03 3.442720e-01
366 6.541640e-01 1.372000e-03 3.444640e-01
367 6.539400e-01 1.408000e-03 3.446520e-01
368 6.536920e-01 1.432000e-03 3.448760e-01
369 6.533920e-01 1.460000e-03 3.451480e-01
370 6.531400e-01 1.452000e-03 3.454080e-01
371 6.529120e-01 1.392000e-03 3.456960e-01
372 6.526760e-01 1.376000e-03 3.459480e-01
373 6.524480e-01 1.364000e-03 3.461880e-01
374 6.522080e-01 1.400000e-03 3.463920e-01
375 6.519720e-01 1.364000e-03 3.466640e-01
376 6.517400e-01 1.364000e-03 3.468960e-01
377 6.515360e-01 1.308000e-03 3.471560e-01
378 6.513000e-01 1.324000e-03 3.473760e-01
379 6.510720e-01 1.344000e-03 3.475840e-01
380 6.508680e-01 1.332000e-03 3.478000e-01
381 6.506720e-01 1.336000e-03 3.479920e-01
382 6.504360e-01 1.336000e-03 3.482280e-01
383 6.502520e-01 1.280000e-03 3.484680e-01
384 6.499800e-01 1.352000e-03 3.486680e-01
385 6.497400e-01 1.364000e-03 3.488960e-01
386 6.494520e-01 1.380000e-03 3.491680e-01
387 6.492280e-01 1.360000e-03 3.494120e-01
388 6.490040e-01 1.332000e-03 3.496640e-01
389 6.487400e-01 1.324000e-03 3.499360e-01
390 6.485160e-01 1.268000e-03 3.502160e-01
391 6.483440e-01 1.240000e-03 3.504160e-01
392 6.481800e-01 1.208000e-03 3.506120e-01
393 6.480000e-01 1.188000e-03 3.508120e-01
394 6.478360e-01 1.164000e-03 3.510000e-01
395 6.476720e-01 1.120000e-03 3.512080e-01
396 6.474800e-01 1.064000e-03 3.514560e-01
397 6.473280e-01 1.064000e-03 3.516080e-01
398 6.471720e-01 1.016000e-03 3.518120e-01
399 6.469800e-01 9.960000e-04 3.520240e-01
400 6.468200e-01 9.640000e-04 3.522160e-01
401 6.466680e-01 9.440000e-04 3.523880e-01
402 6.465040e-01 9.600000e-04 3.525360e-01
403 6.463280e-01 9.600000e-04 3.527120e-01
404 6.461640e-01 9.320000e-04 3.529040e-01
405 6.460680e-01 8.640000e-04 3.530680e-01
406 6.459080e-01 8.800000e-04 3.532120e-01
407 6.457720e-01 8.120000e-04 3.534160e-01
408 6.456120e-01 8.680000e-04 3.535200e-01
409 6.454760e-01 8.400000e-04 3.536840e-01
410 6.453720e-01 7.880000e-04 3.538400e-01
411 6.452600e-01 7.360000e-04 3.540040e-01
412 6.451760e-01 7.000000e-04 3.541240e-01
413 6.450040e-01 7.800000e-04 3.542160e-01
414 6.448960e-01 7.800000e-04 3.543240e-01
415 6.447920e-01 7.360000e-04 3.544720e-01
416 6.446640e-01 7.360000e-04 3.546000e-01
417 6.445120e-01 7.280000e-04 3.547600e-01
418 6.444080e-01 6.600000e-04 3.549320e-01
419 6.442400e-01 7.160000e-04 3.550440e-01
420 6.441520e-01 6.920000e-04 3.551560e-01
421 6.440040e-01 7.240000e-04 3.552720e-01
422 6.438680e-01 7.120000e-04 3.554200e-01
423 6.437560e-01 7.320000e-04 3.555120e-01
424 6.436200e-01 7.800000e-04 3.556000e-01
425 6.434920e-01 8.080000e-04 3.557000e-01
426 6.433720e-01 7.200000e-04 3.559080e-01
427 6.432600e-01 7.280000e-04 3.560120e-01
428 6.431800e-01 6.960000e-04 3.561240e-01
429 6.430680e-01 7.000000e-04 3.562320e-01
430 6.429680e-01 6.720000e-04 3.563600e-01
431 6.428640e-01 6.560000e-04 3.564800e-01
432 6.428040e-01 6.200000e-04 3.565760e-01
433 6.427160e-01 5.680000e-04 3.567160e-01
434 6.425960e-01 5.880000e-04 3.568160e-01
435 6.424640e-01 6.280000e-04 3.569080e-01
436 6.423720e-01 5.800000e-04 3.570480e-01
437 6.422920e-01 5.560000e-04 3.571520e-01
438 6.422280e-01 5.240000e-04 3.572480e-01
439 6.421840e-01 5.000000e-04 3.573160e-01
440 6.420720e-01 5.200000e-04 3.574080e-01
441 6.419720e-01 5.320000e-04 3.574960e-01
442 6.418680e-01 5.480000e-04 3.575840e-01
443 6.418120e-01 5.120000e-04 3.576760e-01
444 6.416840e-01 5.640000e-04 3.577520e-01
445 6.416040e-01 5.120000e-04 3.578840e-01
446 6.414800e-01 5.720000e-04 3.579480e-01
447 6.414040e-01 5.320000e-04 3.580640e-01
448 6.413440e-01 5.000000e-04 3.581560e-01
449 6.412240e-01 5.400000e-04 3.582360e-01
450 6.411480e-01 5.200000e-04 3.583320e-01
451 6.410560e-01 5.360000e-04 3.584080e-01
452 6.409600e-01 5.600000e-04 3.584800e-01
453 6.408360e-01 5.920000e-04 3.585720e-01
454 6.407400e-01 5.360000e-04 3.587240e-01
455 6.406680e-01 4.760000e-04 3.588560e-01
456 6.405760e-01 4.640000e-04 3.589600e-01
457 6.404800e-01 4.800000e-04 3.590400e-01
458 6.404040e-01 4.600000e-04 3.591360e-01
459 6.403720e-01 4.200000e-04 3.592080e-01
460 6.402560e-01 4.800000e-04 3.592640e-01
461 6.401280e-01 5.240000e-04 3.593480e-01
462 6.400560e-01 5.240000e-04 3.594200e-01
463 6.399560e-01 5.520000e-04 3.594920e-01
464 6.398880e-01 5.440000e-04 3.595680e-01
465 6.398160e-01 5.240000e-04 3.596600e-01
466 6.396960e-01 5.760000e-04 3.597280e-01
467 6.396240e-01 5.440000e-04 3.598320e-01
468 6.395440e-01 5.520000e-04 3.599040e-01
469 6.394240e-01 5.760000e-04 3.600000e-01
470 6.393640e-01 5.360000e-04 3.601000e-01
471 6.392960e-01 4.920000e-04 3.602120e-01
472 6.392400e-01 4.920000e-04 3.602680e-01
473 6.391320e-01 5.480000e-04 3.603200e-01
474 6.390320e-01 5.400000e-04 3.604280e-01
475 6.389320e-01 5.480000e-04 3.605200e-01
476 6.388320e-01 5.280000e-04 3.606400e-01
477 6.387440e-01 5.360000e-04 3.607200e-01
478 6.386840e-01 5.000000e-04 3.608160e-01
479 6.386120e-01 4.840000e-04 3.609040e-01
480 6.385120e-01 4.960000e-04 3.609920e-01
481 6.384360e-01 5.040000e-04 3.610600e-01
482 6.383600e-01 5.000000e-04 3.611400e-01
483 6.382640e-01 5.320000e-04 3.612040e-01
484 6.381920e-01 5.200000e-04 3.612880e-01
485 6.380880e-01 5.000000e-04 3.614120e-01
486 6.380040e-01 4.840000e-04 3.615120e-01
487 6.379200e-01 5.040000e-04 3.615760e-01
488 6.378160e-01 5.120000e-04 3.616720e-01
489 6.377160e-01 5.240000e-04 3.617600e-01
490 6.376320e-01 5.040000e-04 3.618640e-01
491 6.375120e-01 5.320000e-04 3.619560e-01
492 6.374280e-01 4.960000e-04 3.620760e-01
493 6.373560e-01 4.680000e-04 3.621760e-01
494 6.372920e-01 4.720000e-04 3.622360e-01
495 6.371800e-01 4.840000e-04 3.623360e-01
496 6.370400e-01 5.640000e-04 3.623960e-01
497 6.369440e-01 5.880000e-04 3.624680e-01
498 6.368840e-01 5.480000e-04 3.625680e-01
499 6.368120e-01 5.240000e-04 3.626640e-01
500 6.367600e-01 4.920000e-04 3.627480e-01
