1 9.991800e-01 7.360000e-04 8.400000e-05
2 9.984880e-01 1.276000e-03 2.360000e-04
3 9.977440e-01 1.824000e-03 4.320000e-04
4 9.967840e-01 2.392000e-03 8.240000e-04
5 9.958720e-01 2.788000e-03 1.340000e-03
6 9.948640e-01 3.352000e-03 1.784000e-03
7 9.937640e-01 3.756000e-03 2.480000e-03
8 9.926640e-01 4.072000e-03 3.264000e-03
9 9.916160e-01 4.300000e-03 4.084000e-03
10 9.904800e-01 4.588000e-03 4.932000e-03
11 9.891920e-01 5.036000e-03 5.772000e-03
12 9.880600e-01 5.320000e-03 6.620000e-03
13 9.867520e-01 5.696000e-03 7.552000e-03
14 9.854520e-01 5.936000e-03 8.612000e-03
15 9.840320e-01 6.268000e-03 9.700000e-03
16 9.826560e-01 6.556000e-03 1.078800e-02
17 9.813960e-01 6.696000e-03 1.190800e-02
18 9.798680e-01 6.988000e-03 1.314400e-02
19 9.784080e-01 7.220000e-03 1.437200e-02
20 9.769560e-01 7.336000e-03 1.570800e-02
21 9.753720e-01 7.648000e-03 1.698000e-02
22 9.737960e-01 7.792000e-03 1.841200e-02
23 9.722200e-01 7.932000e-03 1.984800e-02
24 9.706200e-01 8.208000e-03 2.117200e-02
25 9.690400e-01 8.232000e-03 2.272800e-02
26 9.674840e-01 8.352000e-03 2.416400e-02
27 9.658280e-01 8.588000e-03 2.558400e-02
28 9.642600e-01 8.620000e-03 2.712000e-02
29 9.626440e-01 8.708000e-03 2.864800e-02
30 9.608760e-01 8.880000e-03 3.024400e-02
31 9.590000e-01 9.188000e-03 3.181200e-02
32 9.572280e-01 9.420000e-03 3.335200e-02
33 9.555320e-01 9.472000e-03 3.499600e-02
34 9.536240e-01 9.772000e-03 3.660400e-02
35 9.518880e-01 9.600000e-03 3.851200e-02
36 9.500880e-01 9.836000e-03 4.007600e-02
37 9.483320e-01 9.804000e-03 4.186400e-02
38 9.464640e-01 1.002000e-02 4.351600e-02
39 9.445000e-01 1.036000e-02 4.514000e-02
40 9.424800e-01 1.062400e-02 4.689600e-02
41 9.404600e-01 1.082000e-02 4.872000e-02
42 9.384440e-01 1.082000e-02 5.073600e-02
43 9.364160e-01 1.098400e-02 5.260000e-02
44 9.342880e-01 1.120400e-02 5.450800e-02
45 9.323360e-01 1.114000e-02 5.652400e-02
46 9.302880e-01 1.127600e-02 5.843600e-02
47 9.283080e-01 1.126000e-02 6.043200e-02
48 9.262480e-01 1.126800e-02 6.248400e-02
49 9.243120e-01 1.134000e-02 6.434800e-02
50 9.223640e-01 1.126400e-02 6.637200e-02
51 9.206480e-01 1.106400e-02 6.828800e-02
52 9.189880e-01 1.078400e-02 7.022800e-02
53 9.171720e-01 1.077600e-02 7.205200e-02
54 9.151840e-01 1.095600e-02 7.386000e-02
55 9.132480e-01 1.091200e-02 7.584000e-02
56 9.112640e-01 1.109200e-02 7.764400e-02
57 9.092280e-01 1.120400e-02 7.956800e-02
58 9.073200e-01 1.129600e-02 8.138400e-02
59 9.054920e-01 1.109600e-02 8.341200e-02
60 9.036920e-01 1.090800e-02 8.540000e-02
61 9.018920e-01 1.072400e-02 8.738400e-02
62 8.999800e-01 1.082000e-02 8.920000e-02
63 8.981800e-01 1.073600e-02 9.108400e-02
64 8.963640e-01 1.074000e-02 9.289600e-02
65 8.945760e-01 1.075200e-02 9.467200e-02
66 8.928360e-01 1.062800e-02 9.653600e-02
67 8.910240e-01 1.072000e-02 9.825600e-02
68 8.892360e-01 1.064800e-02 1.001160e-01
69 8.873200e-01 1.081200e-02 1.018680e-01
70 8.855400e-01 1.072000e-02 1.037400e-01
71 8.837040e-01 1.066800e-02 1.056280e-01
72 8.818920e-01 1.066000e-02 1.074480e-01
73 8.801960e-01 1.054800e-02 1.092560e-01
74 8.784480e-01 1.050400e-02 1.110480e-01
75 8.766760e-01 1.040400e-02 1.129200e-01
76 8.747440e-01 1.055600e-02 1.147000e-01
77 8.728840e-01 1.072800e-02 1.163880e-01
78 8.709680e-01 1.079600e-02 1.182360e-01
79 8.690720e-01 1.080800e-02 1.201200e-01
80 8.671160e-01 1.080800e-02 1.220760e-01
81 8.651120e-01 1.091200e-02 1.239760e-01
82 8.633320e-01 1.077600e-02 1.258920e-01
83 8.615080e-01 1.069600e-02 1.277960e-01
84 8.595200e-01 1.079200e-02 1.296880e-01
85 8.578000e-01 1.072400e-02 1.314760e-01
86 8.560760e-01 1.044400e-02 1.334800e-01
87 8.543400e-01 1.032400e-02 1.353360e-01
88 8.526840e-01 1.013200e-02 1.371840e-01
89 8.511720e-01 9.880000e-03 1.389480e-01
90 8.494120e-01 9.796000e-03 1.407920e-01
91 8.476600e-01 9.776000e-03 1.425640e-01
92 8.460080e-01 9.604000e-03 1.443880e-01
93 8.444120e-01 9.528000e-03 1.460600e-01
94 8.427560e-01 9.580000e-03 1.476640e-01
95 8.411040e-01 9.640000e-03 1.492560e-01
96 8.395760e-01 9.448000e-03 1.509760e-01
97 8.380440e-01 9.260000e-03 1.526960e-01
98 8.364760e-01 9.128000e-03 1.543960e-01
99 8.348760e-01 9.120000e-03 1.560040e-01
100 8.334080e-01 9.072000e-03 1.575200e-01
101 8.319880e-01 8.836000e-03 1.591760e-01
102 8.307120e-01 8.620000e-03 1.606680e-01
103 8.291960e-01 8.716000e-03 1.620880e-01
104 8.277360e-01 8.648000e-03 1.636160e-01
105 8.264040e-01 8.580000e-03 1.650160e-01
106 8.247520e-01 8.716000e-03 1.665320e-01
107 8.229240e-01 8.952000e-03 1.681240e-01
108 8.214200e-01 8.952000e-03 1.696280e-01
109 8.196240e-01 9.180000e-03 1.711960e-01
110 8.179880e-01 9.232000e-03 1.727800e-01
111 8.162800e-01 9.200000e-03 1.745200e-01
112 8.145960e-01 9.232000e-03 1.761720e-01
113 8.128200e-01 9.456000e-03 1.777240e-01
114 8.112000e-01 9.364000e-03 1.794360e-01
115 8.094720e-01 9.568000e-03 1.809600e-01
116 8.077440e-01 9.592000e-03 1.826640e-01
117 8.060640e-01 9.580000e-03 1.843560e-01
118 8.044480e-01 9.504000e-03 1.860480e-01
119 8.028480e-01 9.492000e-03 1.876600e-01
120 8.012480e-01 9.328000e-03 1.894240e-01
121 7.995880e-01 9.316000e-03 1.910960e-01
122 7.980720e-01 9.188000e-03 1.927400e-01
123 7.964480e-01 9.240000e-03 1.943120e-01
124 7.946960e-01 9.432000e-03 1.958720e-01
125 7.929520e-01 9.512000e-03 1.975360e-01
126 7.912880e-01 9.340000e-03 1.993720e-01
127 7.896000e-01 9.428000e-03 2.009720e-01
128 7.879400e-01 9.468000e-03 2.025920e-01
129 7.863560e-01 9.480000e-03 2.041640e-01
130 7.849000e-01 9.216000e-03 2.058840e-01
131 7.834680e-01 9.080000e-03 2.074520e-01
132 7.819480e-01 9.064000e-03 2.089880e-01
133 7.804000e-01 9.036000e-03 2.105640e-01
134 7.788880e-01 8.952000e-03 2.121600e-01
135 7.774440e-01 8.712000e-03 2.138440e-01
136 7.760080e-01 8.552000e-03 2.154400e-01
137 7.744000e-01 8.540000e-03 2.170600e-01
138 7.728160e-01 8.764000e-03 2.184200e-01
139 7.712560e-01 8.756000e-03 2.199880e-01
140 7.695520e-01 8.872000e-03 2.215760e-01
141 7.678040e-01 9.040000e-03 2.231560e-01
142 7.660760e-01 9.068000e-03 2.248560e-01
143 7.644320e-01 9.024000e-03 2.265440e-01
144 7.627240e-01 9.104000e-03 2.281720e-01
145 7.611920e-01 9.048000e-03 2.297600e-01
146 7.595880e-01 9.036000e-03 2.313760e-01
147 7.581280e-01 8.932000e-03 2.329400e-01
148 7.566760e-01 8.796000e-03 2.345280e-01
149 7.551520e-01 8.764000e-03 2.360840e-01
150 7.535760e-01 8.736000e-03 2.376880e-01
151 7.519000e-01 8.844000e-03 2.392560e-01
152 7.505120e-01 8.752000e-03 2.407360e-01
153 7.491600e-01 8.636000e-03 2.422040e-01
154 7.475480e-01 8.684000e-03 2.437680e-01
155 7.460400e-01 8.748000e-03 2.452120e-01
156 7.446720e-01 8.584000e-03 2.467440e-01
157 7.433000e-01 8.472000e-03 2.482280e-01
158 7.419480e-01 8.368000e-03 2.496840e-01
159 7.407840e-01 8.068000e-03 2.511480e-01
160 7.393720e-01 8.108000e-03 2.525200e-01
161 7.380600e-01 8.072000e-03 2.538680e-01
162 7.367040e-01 8.104000e-03 2.551920e-01
163 7.353280e-01 8.072000e-03 2.566000e-01
164 7.340400e-01 7.940000e-03 2.580200e-01
165 7.327920e-01 7.732000e-03 2.594760e-01
166 7.317320e-01 7.360000e-03 2.609080e-01
167 7.304960e-01 7.276000e-03 2.622280e-01
168 7.293200e-01 7.112000e-03 2.635680e-01
169 7.282400e-01 6.880000e-03 2.648800e-01
170 7.272280e-01 6.604000e-03 2.661680e-01
171 7.262560e-01 6.412000e-03 2.673320e-01
172 7.251960e-01 6.308000e-03 2.684960e-01
173 7.242240e-01 6.156000e-03 2.696200e-01
174 7.231240e-01 6.200000e-03 2.706760e-01
175 7.221800e-01 6.028000e-03 2.717920e-01
176 7.212280e-01 5.912000e-03 2.728600e-01
177 7.203080e-01 5.840000e-03 2.738520e-01
178 7.192720e-01 5.904000e-03 2.748240e-01
179 7.182160e-01 5.956000e-03 2.758280e-01
180 7.170560e-01 6.028000e-03 2.769160e-01
181 7.160480e-01 5.900000e-03 2.780520e-01
182 7.149880e-01 6.012000e-03 2.790000e-01
183 7.139320e-01 6.008000e-03 2.800600e-01
184 7.128480e-01 6.032000e-03 2.811200e-01
185 7.118600e-01 5.940000e-03 2.822000e-01
186 7.107560e-01 6.004000e-03 2.832400e-01
187 7.097720e-01 5.824000e-03 2.844040e-01
188 7.087480e-01 5.756000e-03 2.854960e-01
189 7.077960e-01 5.724000e-03 2.864800e-01
190 7.067280e-01 5.732000e-03 2.875400e-01
191 7.057320e-01 5.768000e-03 2.885000e-01
192 7.047880e-01 5.800000e-03 2.894120e-01
193 7.039120e-01 5.656000e-03 2.904320e-01
194 7.030560e-01 5.532000e-03 2.914120e-01
195 7.021280e-01 5.512000e-03 2.923600e-01
196 7.012600e-01 5.256000e-03 2.934840e-01
197 7.004040e-01 5.244000e-03 2.943520e-01
198 6.995200e-01 5.252000e-03 2.952280e-01
199 6.986680e-01 5.196000e-03 2.961360e-01
200 6.979280e-01 5.096000e-03 2.969760e-01
201 6.970240e-01 5.096000e-03 2.978800e-01
202 6.962000e-01 4.956000e-03 2.988440e-01
203 6.954440e-01 4.920000e-03 2.996360e-01
204 6.947560e-01 4.712000e-03 3.005320e-01
205 6.940840e-01 4.488000e-03 3.014280e-01
206 6.933160e-01 4.472000e-03 3.022120e-01
207 6.926840e-01 4.272000e-03 3.030440e-01
208 6.920440e-01 4.084000e-03 3.038720e-01
209 6.914120e-01 4.008000e-03 3.045800e-01
210 6.908240e-01 3.860000e-03 3.053160e-01
211 6.901280e-01 3.916000e-03 3.059560e-01
212 6.894440e-01 3.864000e-03 3.066920e-01
213 6.888280e-01 3.792000e-03 3.073800e-01
214 6.881960e-01 3.780000e-03 3.080240e-01
215 6.875080e-01 3.872000e-03 3.086200e-01
216 6.868360e-01 3.880000e-03 3.092840e-01
217 6.859680e-01 4.016000e-03 3.100160e-01
218 6.852840e-01 4.016000e-03 3.107000e-01
219 6.844960e-01 4.072000e-03 3.114320e-01
220 6.837480e-01 4.176000e-03 3.120760e-01
221 6.830640e-01 4.060000e-03 3.128760e-01
222 6.824240e-01 3.956000e-03 3.136200e-01
223 6.817400e-01 3.988000e-03 3.142720e-01
224 6.810880e-01 3.912000e-03 3.150000e-01
225 6.804720e-01 3.896000e-03 3.156320e-01
226 6.799360e-01 3.696000e-03 3.163680e-01
227 6.793920e-01 3.544000e-03 3.170640e-01
228 6.788720e-01 3.452000e-03 3.176760e-01
229 6.782640e-01 3.424000e-03 3.183120e-01
230 6.776600e-01 3.440000e-03 3.189000e-01
231 6.770800e-01 3.372000e-03 3.195480e-01
232 6.765080e-01 3.304000e-03 3.201880e-01
233 6.759720e-01 3.284000e-03 3.207440e-01
234 6.754360e-01 3.256000e-03 3.213080e-01
235 6.748720e-01 3.192000e-03 3.219360e-01
236 6.743200e-01 3.200000e-03 3.224800e-01
237 6.737840e-01 3.180000e-03 3.230360e-01
238 6.732720e-01 3.104000e-03 3.236240e-01
239 6.727320e-01 3.128000e-03 3.241400e-01
240 6.721640e-01 3.060000e-03 3.247760e-01
241 6.715760e-01 3.124000e-03 3.253000e-01
242 6.710160e-01 3.140000e-03 3.258440e-01
243 6.704080e-01 3.136000e-03 3.264560e-01
244 6.699320e-01 3.052000e-03 3.270160e-01
245 6.693760e-01 3.048000e-03 3.275760e-01
246 6.687960e-01 3.200000e-03 3.280040e-01
247 6.682600e-01 3.176000e-03 3.285640e-01
248 6.678440e-01 3.088000e-03 3.290680e-01
249 6.673320e-01 3.068000e-03 3.296000e-01
250 6.668640e-01 3.012000e-03 3.301240e-01
251 6.663640e-01 3.044000e-03 3.305920e-01
252 6.659280e-01 2.940000e-03 3.311320e-01
253 6.653760e-01 3.040000e-03 3.315840e-01
254 6.647920e-01 3.068000e-03 3.321400e-01
255 6.643160e-01 3.000000e-03 3.326840e-01
256 6.638120e-01 2.948000e-03 3.332400e-01
257 6.633040e-01 2.868000e-03 3.338280e-01
258 6.628280e-01 2.872000e-03 3.343000e-01
259 6.622600e-01 2.956000e-03 3.347840e-01
260 6.617120e-01 3.012000e-03 3.352760e-01
261 6.611720e-01 2.988000e-03 3.358400e-01
262 6.606560e-01 2.964000e-03 3.363800e-01
263 6.601840e-01 2.908000e-03 3.369080e-01
264 6.598160e-01 2.792000e-03 3.373920e-01
265 6.594360e-01 2.724000e-03 3.378400e-01
266 6.590800e-01 2.628000e-03 3.382920e-01
267 6.587040e-01 2.584000e-03 3.387120e-01
268 6.583960e-01 2.444000e-03 3.391600e-01
269 6.580480e-01 2.352000e-03 3.396000e-01
270 6.576200e-01 2.396000e-03 3.399840e-01
271 6.572600e-01 2.380000e-03 3.403600e-01
272 6.569200e-01 2.328000e-03 3.407520e-01
273 6.566240e-01 2.192000e-03 3.411840e-01
274 6.563320e-01 2.108000e-03 3.415600e-01
275 6.560120e-01 2.088000e-03 3.419000e-01
276 6.556680e-01 2.044000e-03 3.422880e-01
277 6.553280e-01 2.008000e-03 3.426640e-01
278 6.549680e-01 2.028000e-03 3.430040e-01
279 6.545960e-01 1.992000e-03 3.434120e-01
280 6.542920e-01 1.916000e-03 3.437920e-01
281 6.539640e-01 1.932000e-03 3.441040e-01
282 6.536360e-01 1.992000e-03 3.443720e-01
283 6.532480e-01 2.056000e-03 3.446960e-01
284 6.528720e-01 2.188000e-03 3.449400e-01
285 6.525160e-01 2.124000e-03 3.453600e-01
286 6.521440e-01 2.136000e-03 3.457200e-01
287 6.518280e-01 2.032000e-03 3.461400e-01
288 6.515080e-01 1.996000e-03 3.464960e-01
289 6.512280e-01 1.928000e-03 3.468440e-01
290 6.508840e-01 1.936000e-03 3.471800e-01
291 6.505480e-01 1.952000e-03 3.475000e-01
292 6.502520e-01 1.860000e-03 3.478880e-01
293 6.499280e-01 1.880000e-03 3.481920e-01
294 6.496040e-01 1.908000e-03 3.484880e-01
295 6.493240e-01 1.908000e-03 3.487680e-01
296 6.489760e-01 1.928000e-03 3.490960e-01
297 6.486280e-01 1.944000e-03 3.494280e-01
298 6.482720e-01 1.980000e-03 3.497480e-01
299 6.478320e-01 2.112000e-03 3.500560e-01
300 6.473960e-01 2.172000e-03 3.504320e-01
301 6.470640e-01 2.140000e-03 3.507960e-01
302 6.466360e-01 2.172000e-03 3.511920e-01
303 6.462120e-01 2.228000e-03 3.515600e-01
304 6.457400e-01 2.324000e-03 3.519360e-01
305 6.453440e-01 2.308000e-03 3.523480e-01
306 6.449080e-01 2.296000e-03 3.527960e-01
307 6.445600e-01 2.244000e-03 3.531960e-01
308 6.441800e-01 2.200000e-03 3.536200e-01
309 6.438480e-01 2.132000e-03 3.540200e-01
310 6.434600e-01 2.148000e-03 3.543920e-01
311 6.430960e-01 2.132000e-03 3.547720e-01
312 6.427800e-01 2.104000e-03 3.551160e-01
313 6.424520e-01 2.016000e-03 3.555320e-01
314 6.421160e-01 2.088000e-03 3.557960e-01
315 6.418360e-01 2.016000e-03 3.561480e-01
316 6.415640e-01 1.976000e-03 3.564600e-01
317 6.412080e-01 1.988000e-03 3.568040e-01
318 6.408640e-01 1.944000e-03 3.571920e-01
319 6.405720e-01 1.956000e-03 3.574720e-01
320 6.403000e-01 1.888000e-03 3.578120e-01
321 6.400760e-01 1.808000e-03 3.581160e-01
322 6.397760e-01 1.776000e-03 3.584480e-01
323 6.395360e-01 1.688000e-03 3.587760e-01
324 6.393160e-01 1.652000e-03 3.590320e-01
325 6.390520e-01 1.620000e-03 3.593280e-01
326 6.387320e-01 1.660000e-03 3.596080e-01
327 6.384600e-01 1.640000e-03 3.599000e-01
328 6.381880e-01 1.592000e-03 3.602200e-01
329 6.379000e-01 1.640000e-03 3.604600e-01
330 6.376360e-01 1.616000e-03 3.607480e-01
331 6.373160e-01 1.620000e-03 3.610640e-01
332 6.370480e-01 1.616000e-03 3.613360e-01
333 6.367880e-01 1.604000e-03 3.616080e-01
334 6.364800e-01 1.604000e-03 3.619160e-01
335 6.361920e-01 1.652000e-03 3.621560e-01
336 6.358840e-01 1.624000e-03 3.624920e-01
337 6.356080e-01 1.604000e-03 3.627880e-01
338 6.352800e-01 1.552000e-03 3.631680e-01
339 6.349440e-01 1.588000e-03 3.634680e-01
340 6.346240e-01 1.620000e-03 3.637560e-01
341 6.343440e-01 1.636000e-03 3.640200e-01
342 6.340840e-01 1.640000e-03 3.642760e-01
343 6.337960e-01 1.644000e-03 3.645600e-01
344 6.335400e-01 1.628000e-03 3.648320e-01
345 6.332040e-01 1.652000e-03 3.651440e-01
346 6.329880e-01 1.588000e-03 3.654240e-01
347 6.326840e-01 1.584000e-03 3.657320e-01
348 6.325080e-01 1.448000e-03 3.660440e-01
349 6.322640e-01 1.420000e-03 3.663160e-01
350 6.320800e-01 1.352000e-03 3.665680e-01
351 6.317760e-01 1.424000e-03 3.668000e-01
352 6.314320e-01 1.500000e-03 3.670680e-01
353 6.310960e-01 1.528000e-03 3.673760e-01
354 6.308000e-01 1.572000e-03 3.676280e-01
355 6.305480e-01 1.532000e-03 3.679200e-01
356 6.303200e-01 1.500000e-03 3.681800e-01
357 6.301080e-01 1.416000e-03 3.684760e-01
358 6.299600e-01 1.304000e-03 3.687360e-01
359 6.298200e-01 1.192000e-03 3.689880e-01
360 6.296720e-01 1.180000e-03 3.691480e-01
361 6.294760e-01 1.148000e-03 3.693760e-01
362 6.292800e-01 1.144000e-03 3.695760e-01
363 6.291440e-01 1.104000e-03 3.697520e-01
364 6.289880e-01 1.044000e-03 3.699680e-01
365 6.288520e-01 9.920000e-04 3.701560e-01
366 6.287400e-01 9.280000e-04 3.703320e-01
367 6.285840e-01 8.840000e-04 3.705320e-01
368 6.284240e-01 8.880000e-04 3.706880e-01
369 6.283120e-01 8.560000e-04 3.708320e-01
370 6.281840e-01 8.400000e-04 3.709760e-01
371 6.280080e-01 9.200000e-04 3.710720e-01
372 6.278880e-01 8.880000e-04 3.712240e-01
373 6.278360e-01 8.000000e-04 3.713640e-01
374 6.277360e-01 7.600000e-04 3.715040e-01
375 6.276000e-01 7.600000e-04 3.716400e-01
376 6.275280e-01 6.960000e-04 3.717760e-01
377 6.274680e-01 6.320000e-04 3.719000e-01
378 6.273560e-01 6.320000e-04 3.720120e-01
379 6.272880e-01 6.000000e-04 3.721120e-01
380 6.272080e-01 5.480000e-04 3.722440e-01
381 6.271080e-01 5.600000e-04 3.723320e-01
382 6.269920e-01 5.520000e-04 3.724560e-01
383 6.268920e-01 5.280000e-04 3.725800e-01
384 6.267920e-01 5.240000e-04 3.726840e-01
385 6.267240e-01 5.040000e-04 3.727720e-01
386 6.266560e-01 5.120000e-04 3.728320e-01
387 6.265800e-01 5.160000e-04 3.729040e-01
388 6.264800e-01 5.360000e-04 3.729840e-01
389 6.263880e-01 5.200000e-04 3.730920e-01
390 6.262720e-01 5.600000e-04 3.731680e-01
391 6.261560e-01 5.520000e-04 3.732920e-01
392 6.260240e-01 6.160000e-04 3.733600e-01
393 6.258600e-01 6.120000e-04 3.735280e-01
394 6.257040e-01 6.680000e-04 3.736280e-01
395 6.255520e-01 6.600000e-04 3.737880e-01
396 6.254480e-01 6.600000e-04 3.738920e-01
397 6.253120e-01 7.080000e-04 3.739800e-01
398 6.251720e-01 6.960000e-04 3.741320e-01
399 6.250600e-01 7.520000e-04 3.741880e-01
400 6.249520e-01 7.040000e-04 3.743440e-01
401 6.248840e-01 6.800000e-04 3.744360e-01
402 6.248240e-01 6.480000e-04 3.745280e-01
403 6.247280e-01 6.160000e-04 3.746560e-01
404 6.246280e-01 6.040000e-04 3.747680e-01
405 6.245560e-01 5.560000e-04 3.748880e-01
406 6.245000e-01 5.200000e-04 3.749800e-01
407 6.244360e-01 4.880000e-04 3.750760e-01
408 6.243680e-01 4.640000e-04 3.751680e-01
409 6.243080e-01 4.480000e-04 3.752440e-01
410 6.242320e-01 4.160000e-04 3.753520e-01
411 6.241000e-01 4.800000e-04 3.754200e-01
412 6.240120e-01 4.960000e-04 3.754920e-01
413 6.238960e-01 5.000000e-04 3.756040e-01
414 6.237880e-01 5.320000e-04 3.756800e-01
415 6.236720e-01 5.760000e-04 3.757520e-01
416 6.236000e-01 5.480000e-04 3.758520e-01
417 6.235240e-01 5.440000e-04 3.759320e-01
418 6.234520e-01 5.040000e-04 3.760440e-01
419 6.233840e-01 5.000000e-04 3.761160e-01
420 6.233240e-01 4.440000e-04 3.762320e-01
421 6.232560e-01 4.240000e-04 3.763200e-01
422 6.231800e-01 4.160000e-04 3.764040e-01
423 6.230520e-01 4.640000e-04 3.764840e-01
424 6.229920e-01 4.680000e-04 3.765400e-01
425 6.229400e-01 4.240000e-04 3.766360e-01
426 6.228800e-01 4.000000e-04 3.767200e-01
427 6.227880e-01 4.160000e-04 3.767960e-01
428 6.227440e-01 3.880000e-04 3.768680e-01
429 6.226600e-01 3.720000e-04 3.769680e-01
430 6.226080e-01 3.720000e-04 3.770200e-01
431 6.225360e-01 3.880000e-04 3.770760e-01
432 6.224880e-01 3.880000e-04 3.771240e-01
433 6.224360e-01 3.920000e-04 3.771720e-01
434 6.223840e-01 3.680000e-04 3.772480e-01
435 6.223560e-01 3.320000e-04 3.773120e-01
436 6.223000e-01 3.160000e-04 3.773840e-01
437 6.222240e-01 3.320000e-04 3.774440e-01
438 6.221760e-01 3.280000e-04 3.774960e-01
439 6.221160e-01 3.200000e-04 3.775640e-01
440 6.220360e-01 3.400000e-04 3.776240e-01
441 6.219560e-01 3.800000e-04 3.776640e-01
442 6.218840e-01 3.840000e-04 3.777320e-01
443 6.217920e-01 4.240000e-04 3.777840e-01
444 6.217400e-01 4.120000e-04 3.778480e-01
445 6.216520e-01 4.280000e-04 3.779200e-01
446 6.215800e-01 4.400000e-04 3.779800e-01
447 6.215400e-01 3.840000e-04 3.780760e-01
448 6.214600e-01 3.760000e-04 3.781640e-01
449 6.214080e-01 3.680000e-04 3.782240e-01
450 6.213360e-01 3.960000e-04 3.782680e-01
451 6.213000e-01 3.720000e-04 3.783280e-01
452 6.212320e-01 3.520000e-04 3.784160e-01
453 6.212000e-01 3.400000e-04 3.784600e-01
454 6.211600e-01 3.080000e-04 3.785320e-01
455 6.211360e-01 2.880000e-04 3.785760e-01
456 6.210720e-01 3.000000e-04 3.786280e-01
457 6.210360e-01 2.640000e-04 3.787000e-01
458 6.210080e-01 2.520000e-04 3.787400e-01
459 6.209840e-01 2.440000e-04 3.787720e-01
460 6.209640e-01 2.160000e-04 3.788200e-01
461 6.209440e-01 2.200000e-04 3.788360e-01
462 6.209040e-01 2.200000e-04 3.788760e-01
463 6.208640e-01 2.320000e-04 3.789040e-01
464 6.208360e-01 2.160000e-04 3.789480e-01
465 6.208160e-01 2.000000e-04 3.789840e-01
466 6.207720e-01 2.000000e-04 3.790280e-01
467 6.207720e-01 1.600000e-04 3.790680e-01
468 6.207360e-01 1.720000e-04 3.790920e-01
469 6.207240e-01 1.440000e-04 3.791320e-01
470 6.207080e-01 1.240000e-04 3.791680e-01
471 6.206960e-01 1.120000e-04 3.791920e-01
472 6.206840e-01 1.080000e-04 3.792080e-01
473 6.206600e-01 1.160000e-04 3.792240e-01
474 6.206280e-01 1.280000e-04 3.792440e-01
475 6.206040e-01 1.320000e-04 3.792640e-01
476 6.205640e-01 1.360000e-04 3.793000e-01
477 6.205400e-01 1.400000e-04 3.793200e-01
478 6.205080e-01 1.560000e-04 3.793360e-01
479 6.204680e-01 1.640000e-04 3.793680e-01
480 6.204480e-01 1.480000e-04 3.794040e-01
481 6.204240e-01 1.520000e-04 3.794240e-01
482 6.203600e-01 1.720000e-04 3.794680e-01
483 6.203200e-01 2.040000e-04 3.794760e-01
484 6.202680e-01 2.200000e-04 3.795120e-01
485 6.202440e-01 2.120000e-04 3.795440e-01
486 6.202120e-01 2.040000e-04 3.795840e-01
487 6.201600e-01 1.920000e-04 3.796480e-01
488 6.201280e-01 1.800000e-04 3.796920e-01
489 6.200880e-01 1.960000e-04 3.797160e-01
490 6.200520e-01 2.000000e-04 3.797480e-01
491 6.199800e-01 2.520000e-04 3.797680e-01
492 6.199040e-01 3.080000e-04 3.797880e-01
493 6.198800e-01 2.800000e-04 3.798400e-01
494 6.198320e-01 2.880000e-04 3.798800e-01
495 6.197680e-01 3.200000e-04 3.799120e-01
496 6.196960e-01 3.560000e-04 3.799480e-01
497 6.196640e-01 3.400000e-04 3.799960e-01
498 6.196440e-01 3.160000e-04 3.800400e-01
499 6.196280e-01 2.880000e-04 3.800840e-01
500 6.196000e-01 2.840000e-04 3.801160e-01
