1 9.992720e-01 6.280000e-04 1.000000e-04
2 9.987920e-01 9.720000e-04 2.360000e-04
3 9.980800e-01 1.468000e-03 4.520000e-04
4 9.973920e-01 1.888000e-03 7.200000e-04
5 9.965880e-01 2.368000e-03 1.044000e-03
6 9.957400e-01 2.720000e-03 1.540000e-03
7 9.948000e-01 3.108000e-03 2.092000e-03
8 9.938240e-01 3.476000e-03 2.700000e-03
9 9.927680e-01 3.868000e-03 3.364000e-03
10 9.916760e-01 4.292000e-03 4.032000e-03
11 9.906520e-01 4.556000e-03 4.792000e-03
12 9.895440e-01 4.864000e-03 5.592000e-03
13 9.884320e-01 5.064000e-03 6.504000e-03
14 9.870440e-01 5.472000e-03 7.484000e-03
15 9.857760e-01 5.724000e-03 8.500000e-03
16 9.845280e-01 5.812000e-03 9.660000e-03
17 9.832920e-01 5.836000e-03 1.087200e-02
18 9.821880e-01 5.956000e-03 1.185600e-02
19 9.809080e-01 6.180000e-03 1.291200e-02
20 9.794240e-01 6.528000e-03 1.404800e-02
21 9.780680e-01 6.696000e-03 1.523600e-02
22 9.768320e-01 6.852000e-03 1.631600e-02
23 9.756520e-01 6.896000e-03 1.745200e-02
24 9.743560e-01 7.040000e-03 1.860400e-02
25 9.730600e-01 7.100000e-03 1.984000e-02
26 9.717880e-01 7.248000e-03 2.096400e-02
27 9.702840e-01 7.444000e-03 2.227200e-02
28 9.687680e-01 7.640000e-03 2.359200e-02
29 9.673280e-01 7.640000e-03 2.503200e-02
30 9.658720e-01 7.736000e-03 2.639200e-02
31 9.643880e-01 7.856000e-03 2.775600e-02
32 9.628440e-01 8.060000e-03 2.909600e-02
33 9.612760e-01 8.192000e-03 3.053200e-02
34 9.597960e-01 8.104000e-03 3.210000e-02
35 9.583240e-01 8.200000e-03 3.347600e-02
36 9.567480e-01 8.336000e-03 3.491600e-02
37 9.550680e-01 8.528000e-03 3.640400e-02
38 9.533600e-01 8.708000e-03 3.793200e-02
39 9.518280e-01 8.796000e-03 3.937600e-02
40 9.502000e-01 8.900000e-03 4.090000e-02
41 9.484200e-01 9.204000e-03 4.237600e-02
42 9.467920e-01 9.132000e-03 4.407600e-02
43 9.451920e-01 9.216000e-03 4.559200e-02
44 9.434400e-01 9.312000e-03 4.724800e-02
45 9.416880e-01 9.484000e-03 4.882800e-02
46 9.400200e-01 9.464000e-03 5.051600e-02
47 9.381040e-01 9.772000e-03 5.212400e-02
48 9.361640e-01 9.964000e-03 5.387200e-02
49 9.345000e-01 9.832000e-03 5.566800e-02
50 9.328320e-01 9.732000e-03 5.743600e-02
51 9.309840e-01 9.856000e-03 5.916000e-02
52 9.293000e-01 9.852000e-03 6.084800e-02
53 9.275040e-01 9.836000e-03 6.266000e-02
54 9.257800e-01 9.772000e-03 6.444800e-02
55 9.239720e-01 9.852000e-03 6.617600e-02
56 9.222200e-01 9.892000e-03 6.788800e-02
57 9.204120e-01 9.956000e-03 6.963200e-02
58 9.186520e-01 9.848000e-03 7.150000e-02
59 9.169200e-01 9.876000e-03 7.320400e-02
60 9.152680e-01 9.668000e-03 7.506400e-02
61 9.135640e-01 9.736000e-03 7.670000e-02
62 9.118240e-01 9.740000e-03 7.843600e-02
63 9.100840e-01 9.828000e-03 8.008800e-02
64 9.082800e-01 9.900000e-03 8.182000e-02
65 9.065240e-01 9.892000e-03 8.358400e-02
66 9.050000e-01 9.708000e-03 8.529200e-02
67 9.032640e-01 9.508000e-03 8.722800e-02
68 9.015200e-01 9.700000e-03 8.878000e-02
69 8.997600e-01 9.788000e-03 9.045200e-02
70 8.980320e-01 9.744000e-03 9.222400e-02
71 8.962640e-01 9.792000e-03 9.394400e-02
72 8.945760e-01 9.732000e-03 9.569200e-02
73 8.928480e-01 9.716000e-03 9.743600e-02
74 8.911440e-01 9.712000e-03 9.914400e-02
75 8.893120e-01 9.796000e-03 1.008920e-01
76 8.875680e-01 9.848000e-03 1.025840e-01
77 8.858800e-01 9.804000e-03 1.043160e-01
78 8.842480e-01 9.680000e-03 1.060720e-01
79 8.826640e-01 9.640000e-03 1.076960e-01
80 8.809200e-01 9.648000e-03 1.094320e-01
81 8.792440e-01 9.600000e-03 1.111560e-01
82 8.776480e-01 9.516000e-03 1.128360e-01
83 8.760600e-01 9.376000e-03 1.145640e-01
84 8.743640e-01 9.484000e-03 1.161520e-01
85 8.726360e-01 9.636000e-03 1.177280e-01
86 8.709440e-01 9.756000e-03 1.193000e-01
87 8.692200e-01 9.840000e-03 1.209400e-01
88 8.676240e-01 9.860000e-03 1.225160e-01
89 8.659240e-01 9.856000e-03 1.242200e-01
90 8.643160e-01 9.804000e-03 1.258800e-01
91 8.626560e-01 9.592000e-03 1.277520e-01
92 8.611160e-01 9.524000e-03 1.293600e-01
93 8.595480e-01 9.480000e-03 1.309720e-01
94 8.580000e-01 9.456000e-03 1.325440e-01
95 8.564280e-01 9.396000e-03 1.341760e-01
96 8.547200e-01 9.544000e-03 1.357360e-01
97 8.533200e-01 9.212000e-03 1.374680e-01
98 8.517520e-01 9.064000e-03 1.391840e-01
99 8.500240e-01 9.140000e-03 1.408360e-01
100 8.483320e-01 9.300000e-03 1.423680e-01
101 8.467840e-01 9.316000e-03 1.439000e-01
102 8.452520e-01 9.144000e-03 1.456040e-01
103 8.435800e-01 9.140000e-03 1.472800e-01
104 8.420320e-01 9.108000e-03 1.488600e-01
105 8.404720e-01 9.064000e-03 1.504640e-01
106 8.391080e-01 8.780000e-03 1.521120e-01
107 8.377240e-01 8.616000e-03 1.536600e-01
108 8.362680e-01 8.636000e-03 1.550960e-01
109 8.348520e-01 8.452000e-03 1.566960e-01
110 8.336320e-01 8.168000e-03 1.582000e-01
111 8.323080e-01 8.068000e-03 1.596240e-01
112 8.309720e-01 7.980000e-03 1.610480e-01
113 8.295320e-01 8.080000e-03 1.623880e-01
114 8.280640e-01 8.032000e-03 1.639040e-01
115 8.267000e-01 8.052000e-03 1.652480e-01
116 8.251120e-01 8.220000e-03 1.666680e-01
117 8.235560e-01 8.308000e-03 1.681360e-01
118 8.219280e-01 8.428000e-03 1.696440e-01
119 8.202880e-01 8.456000e-03 1.712560e-01
120 8.187560e-01 8.580000e-03 1.726640e-01
121 8.171640e-01 8.664000e-03 1.741720e-01
122 8.156160e-01 8.796000e-03 1.755880e-01
123 8.141600e-01 8.688000e-03 1.771520e-01
124 8.125320e-01 8.912000e-03 1.785560e-01
125 8.109440e-01 8.804000e-03 1.802520e-01
126 8.093600e-01 8.936000e-03 1.817040e-01
127 8.078040e-01 8.844000e-03 1.833520e-01
128 8.062120e-01 8.972000e-03 1.848160e-01
129 8.046120e-01 9.052000e-03 1.863360e-01
130 8.029720e-01 9.124000e-03 1.879040e-01
131 8.012400e-01 9.132000e-03 1.896280e-01
132 7.993960e-01 9.408000e-03 1.911960e-01
133 7.978360e-01 9.344000e-03 1.928200e-01
134 7.962280e-01 9.256000e-03 1.945160e-01
135 7.947080e-01 9.292000e-03 1.960000e-01
136 7.931680e-01 9.228000e-03 1.976040e-01
137 7.916760e-01 9.112000e-03 1.992120e-01
138 7.900760e-01 9.080000e-03 2.008440e-01
139 7.886240e-01 9.080000e-03 2.022960e-01
140 7.869960e-01 9.080000e-03 2.039240e-01
141 7.853880e-01 9.004000e-03 2.056080e-01
142 7.838320e-01 8.956000e-03 2.072120e-01
143 7.824880e-01 8.800000e-03 2.087120e-01
144 7.811200e-01 8.620000e-03 2.102600e-01
145 7.797880e-01 8.584000e-03 2.116280e-01
146 7.784320e-01 8.340000e-03 2.132280e-01
147 7.770200e-01 8.372000e-03 2.146080e-01
148 7.755280e-01 8.336000e-03 2.161360e-01
149 7.741480e-01 8.200000e-03 2.176520e-01
150 7.727240e-01 8.208000e-03 2.190680e-01
151 7.713440e-01 8.060000e-03 2.205960e-01
152 7.701360e-01 7.908000e-03 2.219560e-01
153 7.686840e-01 7.948000e-03 2.233680e-01
154 7.675920e-01 7.620000e-03 2.247880e-01
155 7.664280e-01 7.404000e-03 2.261680e-01
156 7.652520e-01 7.364000e-03 2.273840e-01
157 7.640920e-01 7.216000e-03 2.286920e-01
158 7.629280e-01 7.056000e-03 2.300160e-01
159 7.617600e-01 6.992000e-03 2.312480e-01
160 7.605960e-01 6.964000e-03 2.324400e-01
161 7.594160e-01 6.800000e-03 2.337840e-01
162 7.583720e-01 6.572000e-03 2.350560e-01
163 7.572360e-01 6.428000e-03 2.363360e-01
164 7.560320e-01 6.468000e-03 2.375000e-01
165 7.549960e-01 6.344000e-03 2.386600e-01
166 7.537400e-01 6.444000e-03 2.398160e-01
167 7.526680e-01 6.372000e-03 2.409600e-01
168 7.516320e-01 6.244000e-03 2.421240e-01
169 7.505880e-01 6.088000e-03 2.433240e-01
170 7.494640e-01 6.164000e-03 2.443720e-01
171 7.483720e-01 6.200000e-03 2.454280e-01
172 7.473680e-01 6.080000e-03 2.465520e-01
173 7.463240e-01 6.088000e-03 2.475880e-01
174 7.453200e-01 6.120000e-03 2.485600e-01
175 7.441400e-01 6.172000e-03 2.496880e-01
176 7.432320e-01 6.004000e-03 2.507640e-01
177 7.422800e-01 5.880000e-03 2.518400e-01
178 7.413280e-01 5.748000e-03 2.529240e-01
179 7.404600e-01 5.628000e-03 2.539120e-01
180 7.394800e-01 5.524000e-03 2.549960e-01
181 7.386280e-01 5.424000e-03 2.559480e-01
182 7.377320e-01 5.340000e-03 2.569280e-01
183 7.368840e-01 5.348000e-03 2.577680e-01
184 7.361000e-01 5.332000e-03 2.585680e-01
185 7.351760e-01 5.268000e-03 2.595560e-01
186 7.341840e-01 5.348000e-03 2.604680e-01
187 7.332160e-01 5.380000e-03 2.614040e-01
188 7.322400e-01 5.408000e-03 2.623520e-01
189 7.314600e-01 5.340000e-03 2.632000e-01
190 7.306440e-01 5.244000e-03 2.641120e-01
191 7.297280e-01 5.212000e-03 2.650600e-01
192 7.289120e-01 5.152000e-03 2.659360e-01
193 7.281040e-01 5.032000e-03 2.668640e-01
194 7.272760e-01 5.088000e-03 2.676360e-01
195 7.263480e-01 5.148000e-03 2.685040e-01
196 7.254960e-01 5.020000e-03 2.694840e-01
197 7.245080e-01 5.172000e-03 2.703200e-01
198 7.236760e-01 5.116000e-03 2.712080e-01
199 7.227120e-01 5.252000e-03 2.720360e-01
200 7.217760e-01 5.336000e-03 2.728880e-01
201 7.210240e-01 5.044000e-03 2.739320e-01
202 7.203000e-01 4.856000e-03 2.748440e-01
203 7.195200e-01 4.720000e-03 2.757600e-01
204 7.188600e-01 4.516000e-03 2.766240e-01
205 7.182400e-01 4.336000e-03 2.774240e-01
206 7.174680e-01 4.244000e-03 2.782880e-01
207 7.168480e-01 4.064000e-03 2.790880e-01
208 7.162280e-01 3.948000e-03 2.798240e-01
209 7.156000e-01 3.864000e-03 2.805360e-01
210 7.148960e-01 3.940000e-03 2.811640e-01
211 7.142320e-01 3.868000e-03 2.819000e-01
212 7.135240e-01 3.836000e-03 2.826400e-01
213 7.127960e-01 3.844000e-03 2.833600e-01
214 7.120680e-01 3.836000e-03 2.840960e-01
215 7.114680e-01 3.780000e-03 2.847520e-01
216 7.107880e-01 3.784000e-03 2.854280e-01
217 7.101840e-01 3.836000e-03 2.859800e-01
218 7.095240e-01 3.924000e-03 2.865520e-01
219 7.088240e-01 3.872000e-03 2.873040e-01
220 7.081280e-01 3.816000e-03 2.880560e-01
221 7.075800e-01 3.644000e-03 2.887760e-01
222 7.070600e-01 3.528000e-03 2.894120e-01
223 7.064640e-01 3.516000e-03 2.900200e-01
224 7.058920e-01 3.436000e-03 2.906720e-01
225 7.053840e-01 3.280000e-03 2.913360e-01
226 7.048520e-01 3.272000e-03 2.918760e-01
227 7.042560e-01 3.232000e-03 2.925120e-01
228 7.037920e-01 3.128000e-03 2.930800e-01
229 7.033200e-01 3.148000e-03 2.935320e-01
230 7.027880e-01 3.248000e-03 2.939640e-01
231 7.021680e-01 3.264000e-03 2.945680e-01
232 7.016640e-01 3.236000e-03 2.951000e-01
233 7.011720e-01 3.148000e-03 2.956800e-01
234 7.007000e-01 3.088000e-03 2.962120e-01
235 7.001120e-01 3.088000e-03 2.968000e-01
236 6.995760e-01 3.028000e-03 2.973960e-01
237 6.990440e-01 3.104000e-03 2.978520e-01
238 6.985680e-01 3.084000e-03 2.983480e-01
239 6.980480e-01 3.088000e-03 2.988640e-01
240 6.975240e-01 3.072000e-03 2.994040e-01
241 6.970040e-01 3.100000e-03 2.998960e-01
242 6.964200e-01 3.068000e-03 3.005120e-01
243 6.959600e-01 3.028000e-03 3.010120e-01
244 6.955480e-01 2.908000e-03 3.015440e-01
245 6.951080e-01 2.896000e-03 3.019960e-01
246 6.945760e-01 2.904000e-03 3.025200e-01
247 6.940640e-01 2.956000e-03 3.029800e-01
248 6.936000e-01 2.948000e-03 3.034520e-01
249 6.931520e-01 2.852000e-03 3.039960e-01
250 6.926840e-01 2.852000e-03 3.044640e-01
251 6.921360e-01 2.848000e-03 3.050160e-01
252 6.918200e-01 2.708000e-03 3.054720e-01
253 6.914240e-01 2.632000e-03 3.059440e-01
254 6.910360e-01 2.576000e-03 3.063880e-01
255 6.905640e-01 2.620000e-03 3.068160e-01
256 6.901320e-01 2.576000e-03 3.072920e-01
257 6.897280e-01 2.484000e-03 3.077880e-01
258 6.894120e-01 2.316000e-03 3.082720e-01
259 6.890600e-01 2.360000e-03 3.085800e-01
260 6.887080e-01 2.296000e-03 3.089960e-01
261 6.883200e-01 2.284000e-03 3.093960e-01
262 6.879800e-01 2.220000e-03 3.098000e-01
263 6.876760e-01 2.160000e-03 3.101640e-01
264 6.873440e-01 2.116000e-03 3.105400e-01
265 6.870400e-01 2.124000e-03 3.108360e-01
266 6.867840e-01 2.048000e-03 3.111680e-01
267 6.864400e-01 2.044000e-03 3.115160e-01
268 6.860960e-01 2.076000e-03 3.118280e-01
269 6.857480e-01 2.096000e-03 3.121560e-01
270 6.854280e-01 2.060000e-03 3.125120e-01
271 6.850720e-01 2.076000e-03 3.128520e-01
272 6.847240e-01 2.040000e-03 3.132360e-01
273 6.843560e-01 2.072000e-03 3.135720e-01
274 6.840240e-01 2.120000e-03 3.138560e-01
275 6.836800e-01 2.104000e-03 3.142160e-01
276 6.833800e-01 1.984000e-03 3.146360e-01
277 6.830560e-01 1.980000e-03 3.149640e-01
278 6.827280e-01 1.984000e-03 3.152880e-01
279 6.824120e-01 1.956000e-03 3.156320e-01
280 6.821240e-01 1.888000e-03 3.159880e-01
281 6.818320e-01 1.856000e-03 3.163120e-01
282 6.815000e-01 1.896000e-03 3.166040e-01
283 6.811840e-01 1.912000e-03 3.169040e-01
284 6.808480e-01 1.892000e-03 3.172600e-01
285 6.805320e-01 1.848000e-03 3.176200e-01
286 6.802200e-01 1.848000e-03 3.179320e-01
287 6.798240e-01 1.916000e-03 3.182600e-01
288 6.795080e-01 1.944000e-03 3.185480e-01
289 6.792040e-01 1.852000e-03 3.189440e-01
290 6.789240e-01 1.832000e-03 3.192440e-01
291 6.786920e-01 1.788000e-03 3.195200e-01
292 6.784320e-01 1.784000e-03 3.197840e-01
293 6.781560e-01 1.732000e-03 3.201120e-01
294 6.779360e-01 1.660000e-03 3.204040e-01
295 6.777000e-01 1.596000e-03 3.207040e-01
296 6.774720e-01 1.572000e-03 3.209560e-01
297 6.772040e-01 1.564000e-03 3.212320e-01
298 6.769560e-01 1.504000e-03 3.215400e-01
299 6.767360e-01 1.440000e-03 3.218240e-01
300 6.764960e-01 1.412000e-03 3.220920e-01
301 6.762680e-01 1.424000e-03 3.223080e-01
302 6.760240e-01 1.416000e-03 3.225600e-01
303 6.758560e-01 1.396000e-03 3.227480e-01
304 6.756440e-01 1.336000e-03 3.230200e-01
305 6.753920e-01 1.340000e-03 3.232680e-01
306 6.752200e-01 1.336000e-03 3.234440e-01
307 6.750440e-01 1.300000e-03 3.236560e-01
308 6.748800e-01 1.260000e-03 3.238600e-01
309 6.746920e-01 1.224000e-03 3.240840e-01
310 6.745320e-01 1.160000e-03 3.243080e-01
311 6.744240e-01 1.044000e-03 3.245320e-01
312 6.743400e-01 9.320000e-04 3.247280e-01
313 6.741920e-01 9.280000e-04 3.248800e-01
314 6.740440e-01 9.200000e-04 3.250360e-01
315 6.739000e-01 8.960000e-04 3.252040e-01
316 6.737640e-01 8.840000e-04 3.253520e-01
317 6.736520e-01 8.880000e-04 3.254600e-01
318 6.735000e-01 8.560000e-04 3.256440e-01
319 6.733360e-01 8.400000e-04 3.258240e-01
320 6.732200e-01 8.440000e-04 3.259360e-01
321 6.731000e-01 8.200000e-04 3.260800e-01
322 6.729680e-01 8.440000e-04 3.261880e-01
323 6.728320e-01 8.400000e-04 3.263280e-01
324 6.726720e-01 8.600000e-04 3.264680e-01
325 6.725680e-01 8.400000e-04 3.265920e-01
326 6.724480e-01 7.960000e-04 3.267560e-01
327 6.723360e-01 7.360000e-04 3.269280e-01
328 6.721760e-01 7.680000e-04 3.270560e-01
329 6.720680e-01 7.000000e-04 3.272320e-01
330 6.719360e-01 7.000000e-04 3.273640e-01
331 6.718280e-01 6.960000e-04 3.274760e-01
332 6.717080e-01 7.360000e-04 3.275560e-01
333 6.715080e-01 8.080000e-04 3.276840e-01
334 6.713600e-01 8.160000e-04 3.278240e-01
335 6.711600e-01 8.920000e-04 3.279480e-01
336 6.709680e-01 9.320000e-04 3.281000e-01
337 6.707680e-01 9.880000e-04 3.282440e-01
338 6.706080e-01 9.680000e-04 3.284240e-01
339 6.704200e-01 1.020000e-03 3.285600e-01
340 6.702720e-01 9.840000e-04 3.287440e-01
341 6.700720e-01 1.040000e-03 3.288880e-01
342 6.698920e-01 1.096000e-03 3.290120e-01
343 6.696560e-01 1.180000e-03 3.291640e-01
344 6.694640e-01 1.128000e-03 3.294080e-01
345 6.692160e-01 1.160000e-03 3.296240e-01
346 6.690520e-01 1.144000e-03 3.298040e-01
347 6.689280e-01 1.048000e-03 3.300240e-01
348 6.687400e-01 1.064000e-03 3.301960e-01
349 6.685880e-01 9.800000e-04 3.304320e-01
350 6.684120e-01 9.640000e-04 3.306240e-01
351 6.682360e-01 9.560000e-04 3.308080e-01
352 6.681400e-01 9.200000e-04 3.309400e-01
353 6.679960e-01 9.160000e-04 3.310880e-01
354 6.678400e-01 9.200000e-04 3.312400e-01
355 6.677000e-01 9.000000e-04 3.314000e-01
356 6.675240e-01 9.280000e-04 3.315480e-01
357 6.674000e-01 8.800000e-04 3.317200e-01
358 6.672680e-01 8.400000e-04 3.318920e-01
359 6.671200e-01 8.480000e-04 3.320320e-01
360 6.669560e-01 9.040000e-04 3.321400e-01
361 6.668040e-01 9.680000e-04 3.322280e-01
362 6.666080e-01 1.012000e-03 3.323800e-01
363 6.663640e-01 1.080000e-03 3.325560e-01
364 6.662040e-01 1.052000e-03 3.327440e-01
365 6.659640e-01 1.124000e-03 3.329120e-01
366 6.657560e-01 1.140000e-03 3.331040e-01
367 6.655400e-01 1.160000e-03 3.333000e-01
368 6.653640e-01 1.096000e-03 3.335400e-01
369 6.651760e-01 1.084000e-03 3.337400e-01
370 6.649640e-01 1.128000e-03 3.339080e-01
371 6.647840e-01 1.100000e-03 3.341160e-01
372 6.645800e-01 1.136000e-03 3.342840e-01
373 6.643800e-01 1.148000e-03 3.344720e-01
374 6.642080e-01 1.144000e-03 3.346480e-01
375 6.640720e-01 1.104000e-03 3.348240e-01
376 6.639400e-01 1.060000e-03 3.350000e-01
377 6.637320e-01 1.108000e-03 3.351600e-01
378 6.635360e-01 1.096000e-03 3.353680e-01
379 6.633760e-01 1.108000e-03 3.355160e-01
380 6.631480e-01 1.108000e-03 3.357440e-01
381 6.629680e-01 1.124000e-03 3.359080e-01
382 6.627480e-01 1.156000e-03 3.360960e-01
383 6.625200e-01 1.152000e-03 3.363280e-01
384 6.623280e-01 1.148000e-03 3.365240e-01
385 6.621040e-01 1.180000e-03 3.367160e-01
386 6.619000e-01 1.124000e-03 3.369760e-01
387 6.617000e-01 1.128000e-03 3.371720e-01
388 6.615440e-01 1.100000e-03 3.373560e-01
389 6.613640e-01 1.112000e-03 3.375240e-01
390 6.611880e-01 1.084000e-03 3.377280e-01
391 6.610280e-01 1.080000e-03 3.378920e-01
392 6.608440e-01 1.052000e-03 3.381040e-01
393 6.606640e-01 1.036000e-03 3.383000e-01
394 6.604760e-01 1.044000e-03 3.384800e-01
395 6.602600e-01 1.036000e-03 3.387040e-01
396 6.600240e-01 1.112000e-03 3.388640e-01
397 6.598440e-01 1.080000e-03 3.390760e-01
398 6.596520e-01 1.084000e-03 3.392640e-01
399 6.594960e-01 1.056000e-03 3.394480e-01
400 6.593560e-01 9.920000e-04 3.396520e-01
401 6.592520e-01 9.400000e-04 3.398080e-01
402 6.591080e-01 9.040000e-04 3.399880e-01
403 6.589720e-01 9.240000e-04 3.401040e-01
404 6.588000e-01 9.360000e-04 3.402640e-01
405 6.586640e-01 9.160000e-04 3.404200e-01
406 6.585760e-01 8.400000e-04 3.405840e-01
407 6.584560e-01 7.960000e-04 3.407480e-01
408 6.583600e-01 7.720000e-04 3.408680e-01
409 6.582480e-01 7.160000e-04 3.410360e-01
410 6.581320e-01 7.040000e-04 3.411640e-01
411 6.580160e-01 7.080000e-04 3.412760e-01
412 6.579240e-01 6.600000e-04 3.414160e-01
413 6.578200e-01 6.800000e-04 3.415000e-01
414 6.577640e-01 6.320000e-04 3.416040e-01
415 6.576800e-01 6.160000e-04 3.417040e-01
416 6.575920e-01 6.120000e-04 3.417960e-01
417 6.574480e-01 6.680000e-04 3.418840e-01
418 6.573520e-01 6.400000e-04 3.420080e-01
419 6.572520e-01 6.440000e-04 3.421040e-01
420 6.571480e-01 6.440000e-04 3.422080e-01
421 6.570520e-01 6.360000e-04 3.423120e-01
422 6.569280e-01 6.400000e-04 3.424320e-01
423 6.567840e-01 6.760000e-04 3.425400e-01
424 6.566240e-01 7.640000e-04 3.426120e-01
425 6.564840e-01 7.760000e-04 3.427400e-01
426 6.563640e-01 7.840000e-04 3.428520e-01
427 6.561600e-01 8.720000e-04 3.429680e-01
428 6.560280e-01 8.400000e-04 3.431320e-01
429 6.559240e-01 7.920000e-04 3.432840e-01
430 6.557680e-01 8.320000e-04 3.434000e-01
431 6.556440e-01 8.040000e-04 3.435520e-01
432 6.554880e-01 8.320000e-04 3.436800e-01
433 6.553800e-01 8.200000e-04 3.438000e-01
434 6.552480e-01 8.080000e-04 3.439440e-01
435 6.550800e-01 8.560000e-04 3.440640e-01
436 6.549960e-01 8.120000e-04 3.441920e-01
437 6.548560e-01 7.680000e-04 3.443760e-01
438 6.547280e-01 7.400000e-04 3.445320e-01
439 6.546160e-01 7.080000e-04 3.446760e-01
440 6.545160e-01 6.960000e-04 3.447880e-01
441 6.543920e-01 6.600000e-04 3.449480e-01
442 6.542880e-01 6.320000e-04 3.450800e-01
443 6.541720e-01 6.440000e-04 3.451840e-01
444 6.540480e-01 6.760000e-04 3.452760e-01
445 6.539200e-01 7.120000e-04 3.453680e-01
446 6.537720e-01 7.520000e-04 3.454760e-01
447 6.536480e-01 7.720000e-04 3.455800e-01
448 6.534960e-01 7.920000e-04 3.457120e-01
449 6.533240e-01 8.200000e-04 3.458560e-01
450 6.531800e-01 8.080000e-04 3.460120e-01
451 6.530680e-01 7.920000e-04 3.461400e-01
452 6.529400e-01 7.440000e-04 3.463160e-01
453 6.527400e-01 8.480000e-04 3.464120e-01
454 6.525960e-01 8.680000e-04 3.465360e-01
455 6.524200e-01 8.920000e-04 3.466880e-01
456 6.522880e-01 9.040000e-04 3.468080e-01
457 6.521560e-01 9.080000e-04 3.469360e-01
458 6.519600e-01 9.440000e-04 3.470960e-01
459 6.517800e-01 9.520000e-04 3.472680e-01
460 6.515760e-01 9.800000e-04 3.474440e-01
461 6.514200e-01 9.920000e-04 3.475880e-01
462 6.512480e-01 1.024000e-03 3.477280e-01
463 6.510600e-01 1.032000e-03 3.479080e-01
464 6.509240e-01 1.004000e-03 3.480720e-01
465 6.508000e-01 9.280000e-04 3.482720e-01
466 6.506640e-01 9.280000e-04 3.484080e-01
467 6.505360e-01 8.920000e-04 3.485720e-01
468 6.504240e-01 8.160000e-04 3.487600e-01
469 6.503320e-01 7.840000e-04 3.488840e-01
470 6.502200e-01 7.400000e-04 3.490400e-01
471 6.501040e-01 7.160000e-04 3.491800e-01
472 6.499920e-01 6.920000e-04 3.493160e-01
473 6.498720e-01 7.120000e-04 3.494160e-01
474 6.498080e-01 6.360000e-04 3.495560e-01
475 6.496560e-01 6.920000e-04 3.496520e-01
476 6.495280e-01 6.960000e-04 3.497760e-01
477 6.494240e-01 6.680000e-04 3.499080e-01
478 6.492600e-01 7.400000e-04 3.500000e-01
479 6.491480e-01 7.680000e-04 3.500840e-01
480 6.489840e-01 7.880000e-04 3.502280e-01
481 6.488920e-01 7.240000e-04 3.503840e-01
482 6.487560e-01 7.200000e-04 3.505240e-01
483 6.486400e-01 7.040000e-04 3.506560e-01
484 6.485360e-01 6.680000e-04 3.507960e-01
485 6.484280e-01 6.840000e-04 3.508880e-01
486 6.483000e-01 7.480000e-04 3.509520e-01
487 6.481560e-01 7.680000e-04 3.510760e-01
488 6.479920e-01 7.720000e-04 3.512360e-01
489 6.477920e-01 8.160000e-04 3.513920e-01
490 6.476320e-01 8.280000e-04 3.515400e-01
491 6.474760e-01 8.480000e-04 3.516760e-01
492 6.473160e-01 8.200000e-04 3.518640e-01
493 6.471640e-01 8.480000e-04 3.519880e-01
494 6.470280e-01 8.360000e-04 3.521360e-01
495 6.468600e-01 8.600000e-04 3.522800e-01
496 6.467160e-01 8.480000e-04 3.524360e-01
497 6.465760e-01 7.960000e-04 3.526280e-01
498 6.464000e-01 8.320000e-04 3.527680e-01
499 6.462640e-01 8.400000e-04 3.528960e-01
500 6.461160e-01 8.040000e-04 3.530800e-01
