1 9.993520e-01 5.680000e-04 8.000000e-05
2 9.988360e-01 1.000000e-03 1.640000e-04
3 9.982360e-01 1.428000e-03 3.360000e-04
4 9.975160e-01 1.880000e-03 6.040000e-04
5 9.966240e-01 2.392000e-03 9.840000e-04
6 9.957160e-01 2.892000e-03 1.392000e-03
7 9.947480e-01 3.336000e-03 1.916000e-03
8 9.937360e-01 3.768000e-03 2.496000e-03
9 9.926360e-01 4.152000e-03 3.212000e-03
10 9.915280e-01 4.540000e-03 3.932000e-03
11 9.904240e-01 4.736000e-03 4.840000e-03
12 9.892600e-01 5.080000e-03 5.660000e-03
13 9.881760e-01 5.236000e-03 6.588000e-03
14 9.870200e-01 5.392000e-03 7.588000e-03
15 9.857640e-01 5.732000e-03 8.504000e-03
16 9.843440e-01 6.052000e-03 9.604000e-03
17 9.828840e-01 6.528000e-03 1.058800e-02
18 9.815240e-01 6.696000e-03 1.178000e-02
19 9.800280e-01 6.936000e-03 1.303600e-02
20 9.786880e-01 7.076000e-03 1.423600e-02
21 9.771840e-01 7.364000e-03 1.545200e-02
22 9.756960e-01 7.580000e-03 1.672400e-02
23 9.741560e-01 7.760000e-03 1.808400e-02
24 9.726240e-01 7.992000e-03 1.938400e-02
25 9.709960e-01 8.160000e-03 2.084400e-02
26 9.694000e-01 8.284000e-03 2.231600e-02
27 9.678040e-01 8.380000e-03 2.381600e-02
28 9.660520e-01 8.568000e-03 2.538000e-02
29 9.644160e-01 8.752000e-03 2.683200e-02
30 9.627240e-01 8.924000e-03 2.835200e-02
31 9.611520e-01 9.000000e-03 2.984800e-02
32 9.595960e-01 8.980000e-03 3.142400e-02
33 9.580360e-01 8.888000e-03 3.307600e-02
34 9.563120e-01 9.044000e-03 3.464400e-02
35 9.546160e-01 9.104000e-03 3.628000e-02
36 9.530400e-01 9.144000e-03 3.781600e-02
37 9.514840e-01 9.212000e-03 3.930400e-02
38 9.497920e-01 9.116000e-03 4.109200e-02
39 9.481560e-01 9.180000e-03 4.266400e-02
40 9.466080e-01 9.128000e-03 4.426400e-02
41 9.448920e-01 9.152000e-03 4.595600e-02
42 9.433160e-01 9.112000e-03 4.757200e-02
43 9.417560e-01 9.048000e-03 4.919600e-02
44 9.401160e-01 9.124000e-03 5.076000e-02
45 9.383760e-01 9.368000e-03 5.225600e-02
46 9.366040e-01 9.544000e-03 5.385200e-02
47 9.348640e-01 9.500000e-03 5.563600e-02
48 9.332600e-01 9.472000e-03 5.726800e-02
49 9.317200e-01 9.296000e-03 5.898400e-02
50 9.299640e-01 9.324000e-03 6.071200e-02
51 9.282560e-01 9.448000e-03 6.229600e-02
52 9.265080e-01 9.532000e-03 6.396000e-02
53 9.247720e-01 9.620000e-03 6.560800e-02
54 9.230920e-01 9.616000e-03 6.729200e-02
55 9.213320e-01 9.736000e-03 6.893200e-02
56 9.195280e-01 9.872000e-03 7.060000e-02
57 9.178080e-01 9.832000e-03 7.236000e-02
58 9.159640e-01 9.852000e-03 7.418400e-02
59 9.141840e-01 9.792000e-03 7.602400e-02
60 9.122400e-01 1.012000e-02 7.764000e-02
61 9.102920e-01 1.018800e-02 7.952000e-02
62 9.084360e-01 1.025200e-02 8.131200e-02
63 9.065960e-01 1.044800e-02 8.295600e-02
64 9.049320e-01 1.024400e-02 8.482400e-02
65 9.030440e-01 1.030000e-02 8.665600e-02
66 9.011440e-01 1.041600e-02 8.844000e-02
67 8.994440e-01 1.029600e-02 9.026000e-02
68 8.977640e-01 1.009200e-02 9.214400e-02
69 8.961000e-01 9.944000e-03 9.395600e-02
70 8.942040e-01 1.013600e-02 9.566000e-02
71 8.924240e-01 1.023600e-02 9.734000e-02
72 8.905720e-01 1.024000e-02 9.918800e-02
73 8.887720e-01 1.032400e-02 1.009040e-01
74 8.867400e-01 1.052800e-02 1.027320e-01
75 8.849960e-01 1.046000e-02 1.045440e-01
76 8.830680e-01 1.052000e-02 1.064120e-01
77 8.812760e-01 1.025200e-02 1.084720e-01
78 8.793320e-01 1.030800e-02 1.103600e-01
79 8.774320e-01 1.036800e-02 1.122000e-01
80 8.754560e-01 1.049200e-02 1.140520e-01
81 8.733920e-01 1.070800e-02 1.159000e-01
82 8.714480e-01 1.071200e-02 1.178400e-01
83 8.693440e-01 1.102000e-02 1.196360e-01
84 8.673040e-01 1.108000e-02 1.216160e-01
85 8.654640e-01 1.104800e-02 1.234880e-01
86 8.636840e-01 1.097600e-02 1.253400e-01
87 8.617480e-01 1.098400e-02 1.272680e-01
88 8.599160e-01 1.083600e-02 1.292480e-01
89 8.581320e-01 1.066800e-02 1.312000e-01
90 8.562960e-01 1.061200e-02 1.330920e-01
91 8.543080e-01 1.090800e-02 1.347840e-01
92 8.525000e-01 1.070400e-02 1.367960e-01
93 8.508000e-01 1.050800e-02 1.386920e-01
94 8.489800e-01 1.044000e-02 1.405800e-01
95 8.472400e-01 1.041600e-02 1.423440e-01
96 8.453680e-01 1.052000e-02 1.441120e-01
97 8.436680e-01 1.026800e-02 1.460640e-01
98 8.419560e-01 1.008400e-02 1.479600e-01
99 8.401800e-01 1.008800e-02 1.497320e-01
100 8.385240e-01 9.904000e-03 1.515720e-01
101 8.370360e-01 9.788000e-03 1.531760e-01
102 8.353880e-01 9.624000e-03 1.549880e-01
103 8.337920e-01 9.504000e-03 1.567040e-01
104 8.321400e-01 9.528000e-03 1.583320e-01
105 8.304360e-01 9.484000e-03 1.600800e-01
106 8.287480e-01 9.596000e-03 1.616560e-01
107 8.268920e-01 9.792000e-03 1.633160e-01
108 8.253240e-01 9.680000e-03 1.649960e-01
109 8.236680e-01 9.664000e-03 1.666680e-01
110 8.219960e-01 9.516000e-03 1.684880e-01
111 8.202800e-01 9.748000e-03 1.699720e-01
112 8.187480e-01 9.528000e-03 1.717240e-01
113 8.171360e-01 9.572000e-03 1.732920e-01
114 8.155880e-01 9.468000e-03 1.749440e-01
115 8.139400e-01 9.420000e-03 1.766400e-01
116 8.125160e-01 9.116000e-03 1.783680e-01
117 8.111680e-01 8.768000e-03 1.800640e-01
118 8.095640e-01 8.832000e-03 1.816040e-01
119 8.079200e-01 8.996000e-03 1.830840e-01
120 8.064000e-01 9.000000e-03 1.846000e-01
121 8.048320e-01 9.120000e-03 1.860480e-01
122 8.033880e-01 8.944000e-03 1.876680e-01
123 8.018240e-01 8.940000e-03 1.892360e-01
124 8.002560e-01 8.948000e-03 1.907960e-01
125 7.987320e-01 8.928000e-03 1.923400e-01
126 7.972160e-01 8.924000e-03 1.938600e-01
127 7.958400e-01 8.688000e-03 1.954720e-01
128 7.944160e-01 8.676000e-03 1.969080e-01
129 7.929680e-01 8.568000e-03 1.984640e-01
130 7.914760e-01 8.520000e-03 2.000040e-01
131 7.899720e-01 8.532000e-03 2.014960e-01
132 7.885920e-01 8.340000e-03 2.030680e-01
133 7.871440e-01 8.472000e-03 2.043840e-01
134 7.856920e-01 8.388000e-03 2.059200e-01
135 7.841920e-01 8.344000e-03 2.074640e-01
136 7.826120e-01 8.476000e-03 2.089120e-01
137 7.811040e-01 8.532000e-03 2.103640e-01
138 7.797520e-01 8.328000e-03 2.119200e-01
139 7.784240e-01 8.356000e-03 2.132200e-01
140 7.771080e-01 8.196000e-03 2.146960e-01
141 7.758280e-01 8.148000e-03 2.160240e-01
142 7.744800e-01 8.132000e-03 2.173880e-01
143 7.731680e-01 8.108000e-03 2.187240e-01
144 7.718000e-01 8.072000e-03 2.201280e-01
145 7.706040e-01 7.812000e-03 2.215840e-01
146 7.691840e-01 7.908000e-03 2.229080e-01
147 7.677560e-01 8.064000e-03 2.241800e-01
148 7.662600e-01 8.216000e-03 2.255240e-01
149 7.648840e-01 8.100000e-03 2.270160e-01
150 7.635680e-01 7.992000e-03 2.284400e-01
151 7.620880e-01 7.924000e-03 2.299880e-01
152 7.608080e-01 7.828000e-03 2.313640e-01
153 7.595520e-01 7.780000e-03 2.326680e-01
154 7.583000e-01 7.664000e-03 2.340360e-01
155 7.571520e-01 7.392000e-03 2.354560e-01
156 7.559880e-01 7.376000e-03 2.366360e-01
157 7.548800e-01 7.196000e-03 2.379240e-01
158 7.537280e-01 7.120000e-03 2.391520e-01
159 7.526240e-01 6.884000e-03 2.404920e-01
160 7.515520e-01 6.752000e-03 2.416960e-01
161 7.504280e-01 6.680000e-03 2.428920e-01
162 7.492000e-01 6.812000e-03 2.439880e-01
163 7.479880e-01 6.844000e-03 2.451680e-01
164 7.469280e-01 6.768000e-03 2.463040e-01
165 7.458160e-01 6.716000e-03 2.474680e-01
166 7.447080e-01 6.700000e-03 2.485920e-01
167 7.436320e-01 6.612000e-03 2.497560e-01
168 7.425640e-01 6.460000e-03 2.509760e-01
169 7.414840e-01 6.460000e-03 2.520560e-01
170 7.404240e-01 6.408000e-03 2.531680e-01
171 7.393880e-01 6.332000e-03 2.542800e-01
172 7.384320e-01 6.240000e-03 2.553280e-01
173 7.374000e-01 6.172000e-03 2.564280e-01
174 7.364480e-01 5.984000e-03 2.575680e-01
175 7.355280e-01 5.872000e-03 2.586000e-01
176 7.345760e-01 5.748000e-03 2.596760e-01
177 7.335920e-01 5.756000e-03 2.606520e-01
178 7.326200e-01 5.676000e-03 2.617040e-01
179 7.318280e-01 5.456000e-03 2.627160e-01
180 7.309040e-01 5.484000e-03 2.636120e-01
181 7.299680e-01 5.480000e-03 2.645520e-01
182 7.291280e-01 5.360000e-03 2.655120e-01
183 7.281760e-01 5.420000e-03 2.664040e-01
184 7.272240e-01 5.444000e-03 2.673320e-01
185 7.264280e-01 5.408000e-03 2.681640e-01
186 7.253480e-01 5.560000e-03 2.690920e-01
187 7.243560e-01 5.536000e-03 2.701080e-01
188 7.234640e-01 5.480000e-03 2.710560e-01
189 7.224880e-01 5.472000e-03 2.720400e-01
190 7.215560e-01 5.320000e-03 2.731240e-01
191 7.206200e-01 5.228000e-03 2.741520e-01
192 7.197680e-01 5.284000e-03 2.749480e-01
193 7.188400e-01 5.292000e-03 2.758680e-01
194 7.179040e-01 5.380000e-03 2.767160e-01
195 7.170440e-01 5.280000e-03 2.776760e-01
196 7.162040e-01 5.196000e-03 2.786000e-01
197 7.153080e-01 5.208000e-03 2.794840e-01
198 7.144000e-01 5.236000e-03 2.803640e-01
199 7.135680e-01 5.176000e-03 2.812560e-01
200 7.126960e-01 5.204000e-03 2.821000e-01
201 7.118360e-01 5.204000e-03 2.829600e-01
202 7.109920e-01 5.104000e-03 2.839040e-01
203 7.102160e-01 4.892000e-03 2.848920e-01
204 7.093720e-01 4.824000e-03 2.858040e-01
205 7.086240e-01 4.712000e-03 2.866640e-01
206 7.078480e-01 4.796000e-03 2.873560e-01
207 7.070920e-01 4.668000e-03 2.882400e-01
208 7.062920e-01 4.668000e-03 2.890400e-01
209 7.054880e-01 4.796000e-03 2.897160e-01
210 7.046840e-01 4.864000e-03 2.904520e-01
211 7.039400e-01 4.748000e-03 2.913120e-01
212 7.032320e-01 4.580000e-03 2.921880e-01
213 7.026120e-01 4.484000e-03 2.929040e-01
214 7.019360e-01 4.316000e-03 2.937480e-01
215 7.012920e-01 4.188000e-03 2.945200e-01
216 7.006440e-01 4.124000e-03 2.952320e-01
217 7.000480e-01 3.940000e-03 2.960120e-01
218 6.993720e-01 3.948000e-03 2.966800e-01
219 6.987240e-01 3.860000e-03 2.974160e-01
220 6.981680e-01 3.700000e-03 2.981320e-01
221 6.976280e-01 3.608000e-03 2.987640e-01
222 6.971040e-01 3.508000e-03 2.993880e-01
223 6.965520e-01 3.516000e-03 2.999320e-01
224 6.958320e-01 3.588000e-03 3.005800e-01
225 6.952920e-01 3.548000e-03 3.011600e-01
226 6.946680e-01 3.628000e-03 3.017040e-01
227 6.941560e-01 3.536000e-03 3.023080e-01
228 6.936560e-01 3.460000e-03 3.028840e-01
229 6.930320e-01 3.460000e-03 3.035080e-01
230 6.923760e-01 3.504000e-03 3.041200e-01
231 6.917880e-01 3.452000e-03 3.047600e-01
232 6.912280e-01 3.388000e-03 3.053840e-01
233 6.906280e-01 3.408000e-03 3.059640e-01
234 6.899360e-01 3.444000e-03 3.066200e-01
235 6.893400e-01 3.432000e-03 3.072280e-01
236 6.887960e-01 3.296000e-03 3.079080e-01
237 6.882880e-01 3.276000e-03 3.084360e-01
238 6.877640e-01 3.240000e-03 3.089960e-01
239 6.872160e-01 3.196000e-03 3.095880e-01
240 6.866040e-01 3.244000e-03 3.101520e-01
241 6.860880e-01 3.148000e-03 3.107640e-01
242 6.855480e-01 3.136000e-03 3.113160e-01
243 6.850880e-01 3.036000e-03 3.118760e-01
244 6.845280e-01 3.072000e-03 3.124000e-01
245 6.840480e-01 3.068000e-03 3.128840e-01
246 6.835520e-01 2.992000e-03 3.134560e-01
247 6.831200e-01 2.852000e-03 3.140280e-01
248 6.825960e-01 2.876000e-03 3.145280e-01
249 6.821280e-01 2.796000e-03 3.150760e-01
250 6.817360e-01 2.700000e-03 3.155640e-01
251 6.813200e-01 2.560000e-03 3.161200e-01
252 6.809160e-01 2.492000e-03 3.165920e-01
253 6.804880e-01 2.460000e-03 3.170520e-01
254 6.800640e-01 2.424000e-03 3.175120e-01
255 6.796080e-01 2.496000e-03 3.178960e-01
256 6.792480e-01 2.416000e-03 3.183360e-01
257 6.789000e-01 2.316000e-03 3.187840e-01
258 6.784600e-01 2.408000e-03 3.191320e-01
259 6.779840e-01 2.508000e-03 3.195080e-01
260 6.775440e-01 2.508000e-03 3.199480e-01
261 6.771360e-01 2.452000e-03 3.204120e-01
262 6.767880e-01 2.384000e-03 3.208280e-01
263 6.764120e-01 2.332000e-03 3.212560e-01
264 6.760200e-01 2.272000e-03 3.217080e-01
265 6.756360e-01 2.268000e-03 3.220960e-01
266 6.753200e-01 2.164000e-03 3.225160e-01
267 6.749840e-01 2.152000e-03 3.228640e-01
268 6.746720e-01 1.976000e-03 3.233520e-01
269 6.743360e-01 1.944000e-03 3.237200e-01
270 6.739320e-01 1.972000e-03 3.240960e-01
271 6.736120e-01 1.916000e-03 3.244720e-01
272 6.732840e-01 1.932000e-03 3.247840e-01
273 6.729600e-01 1.900000e-03 3.251400e-01
274 6.726200e-01 1.876000e-03 3.255040e-01
275 6.723600e-01 1.784000e-03 3.258560e-01
276 6.720680e-01 1.760000e-03 3.261720e-01
277 6.717360e-01 1.840000e-03 3.264240e-01
278 6.714640e-01 1.780000e-03 3.267560e-01
279 6.710880e-01 1.832000e-03 3.270800e-01
280 6.707600e-01 1.888000e-03 3.273520e-01
281 6.704520e-01 1.900000e-03 3.276480e-01
282 6.701200e-01 1.940000e-03 3.279400e-01
283 6.698280e-01 1.912000e-03 3.282600e-01
284 6.695480e-01 1.900000e-03 3.285520e-01
285 6.693280e-01 1.788000e-03 3.288840e-01
286 6.690400e-01 1.744000e-03 3.292160e-01
287 6.687600e-01 1.764000e-03 3.294760e-01
288 6.684880e-01 1.776000e-03 3.297360e-01
289 6.682120e-01 1.792000e-03 3.299960e-01
290 6.679480e-01 1.736000e-03 3.303160e-01
291 6.676520e-01 1.728000e-03 3.306200e-01
292 6.673240e-01 1.736000e-03 3.309400e-01
293 6.669400e-01 1.740000e-03 3.313200e-01
294 6.665680e-01 1.800000e-03 3.316320e-01
295 6.662000e-01 1.836000e-03 3.319640e-01
296 6.659360e-01 1.752000e-03 3.323120e-01
297 6.656680e-01 1.712000e-03 3.326200e-01
298 6.654120e-01 1.704000e-03 3.328840e-01
299 6.651440e-01 1.640000e-03 3.332160e-01
300 6.649000e-01 1.616000e-03 3.334840e-01
301 6.645880e-01 1.628000e-03 3.337840e-01
302 6.642840e-01 1.696000e-03 3.340200e-01
303 6.639760e-01 1.704000e-03 3.343200e-01
304 6.636800e-01 1.756000e-03 3.345640e-01
305 6.633600e-01 1.716000e-03 3.349240e-01
306 6.630480e-01 1.760000e-03 3.351920e-01
307 6.627080e-01 1.796000e-03 3.354960e-01
308 6.623840e-01 1.740000e-03 3.358760e-01
309 6.620600e-01 1.832000e-03 3.361080e-01
310 6.617800e-01 1.776000e-03 3.364440e-01
311 6.615280e-01 1.684000e-03 3.367880e-01
312 6.612720e-01 1.664000e-03 3.370640e-01
313 6.609680e-01 1.688000e-03 3.373440e-01
314 6.607080e-01 1.692000e-03 3.376000e-01
315 6.604280e-01 1.652000e-03 3.379200e-01
316 6.601760e-01 1.596000e-03 3.382280e-01
317 6.598920e-01 1.564000e-03 3.385440e-01
318 6.595840e-01 1.556000e-03 3.388600e-01
319 6.593240e-01 1.548000e-03 3.391280e-01
320 6.590160e-01 1.616000e-03 3.393680e-01
321 6.587400e-01 1.620000e-03 3.396400e-01
322 6.583920e-01 1.660000e-03 3.399480e-01
323 6.580720e-01 1.648000e-03 3.402800e-01
324 6.578120e-01 1.640000e-03 3.405480e-01
325 6.574880e-01 1.656000e-03 3.408560e-01
326 6.572360e-01 1.576000e-03 3.411880e-01
327 6.569520e-01 1.536000e-03 3.415120e-01
328 6.566280e-01 1.596000e-03 3.417760e-01
329 6.563400e-01 1.608000e-03 3.420520e-01
330 6.560400e-01 1.592000e-03 3.423680e-01
331 6.557560e-01 1.572000e-03 3.426720e-01
332 6.554800e-01 1.528000e-03 3.429920e-01
333 6.551800e-01 1.584000e-03 3.432360e-01
334 6.549120e-01 1.568000e-03 3.435200e-01
335 6.546400e-01 1.544000e-03 3.438160e-01
336 6.543280e-01 1.608000e-03 3.440640e-01
337 6.540640e-01 1.548000e-03 3.443880e-01
338 6.537160e-01 1.628000e-03 3.446560e-01
339 6.534480e-01 1.624000e-03 3.449280e-01
340 6.531600e-01 1.608000e-03 3.452320e-01
341 6.529360e-01 1.500000e-03 3.455640e-01
342 6.526680e-01 1.508000e-03 3.458240e-01
343 6.524320e-01 1.516000e-03 3.460520e-01
344 6.521440e-01 1.512000e-03 3.463440e-01
345 6.519000e-01 1.424000e-03 3.466760e-01
346 6.516120e-01 1.448000e-03 3.469400e-01
347 6.513400e-01 1.488000e-03 3.471720e-01
348 6.510760e-01 1.524000e-03 3.474000e-01
349 6.507680e-01 1.588000e-03 3.476440e-01
350 6.504440e-01 1.608000e-03 3.479480e-01
351 6.501400e-01 1.660000e-03 3.482000e-01
352 6.498440e-01 1.656000e-03 3.485000e-01
353 6.495440e-01 1.660000e-03 3.487960e-01
354 6.492480e-01 1.708000e-03 3.490440e-01
355 6.489120e-01 1.744000e-03 3.493440e-01
356 6.486160e-01 1.732000e-03 3.496520e-01
357 6.483360e-01 1.716000e-03 3.499480e-01
358 6.480240e-01 1.744000e-03 3.502320e-01
359 6.478080e-01 1.668000e-03 3.505240e-01
360 6.476040e-01 1.552000e-03 3.508440e-01
361 6.474360e-01 1.464000e-03 3.511000e-01
362 6.472560e-01 1.364000e-03 3.513800e-01
363 6.470120e-01 1.348000e-03 3.516400e-01
364 6.467640e-01 1.360000e-03 3.518760e-01
365 6.465760e-01 1.256000e-03 3.521680e-01
366 6.463600e-01 1.244000e-03 3.523960e-01
367 6.461760e-01 1.176000e-03 3.526480e-01
368 6.459680e-01 1.180000e-03 3.528520e-01
369 6.457520e-01 1.180000e-03 3.530680e-01
370 6.455320e-01 1.168000e-03 3.533000e-01
371 6.453520e-01 1.152000e-03 3.534960e-01
372 6.451560e-01 1.156000e-03 3.536880e-01
373 6.449360e-01 1.124000e-03 3.539400e-01
374 6.447560e-01 1.076000e-03 3.541680e-01
375 6.445440e-01 1.060000e-03 3.543960e-01
376 6.443520e-01 1.140000e-03 3.545080e-01
377 6.440800e-01 1.220000e-03 3.547000e-01
378 6.438320e-01 1.224000e-03 3.549440e-01
379 6.435680e-01 1.304000e-03 3.551280e-01
380 6.433040e-01 1.332000e-03 3.553640e-01
381 6.430560e-01 1.332000e-03 3.556120e-01
382 6.428880e-01 1.232000e-03 3.558800e-01
383 6.426840e-01 1.208000e-03 3.561080e-01
384 6.425400e-01 1.144000e-03 3.563160e-01
385 6.423160e-01 1.136000e-03 3.565480e-01
386 6.421160e-01 1.128000e-03 3.567560e-01
387 6.419120e-01 1.108000e-03 3.569800e-01
388 6.417200e-01 1.080000e-03 3.572000e-01
389 6.415600e-01 1.036000e-03 3.574040e-01
390 6.413960e-01 1.028000e-03 3.575760e-01
391 6.411800e-01 1.064000e-03 3.577560e-01
392 6.410240e-01 1.056000e-03 3.579200e-01
393 6.408120e-01 1.088000e-03 3.581000e-01
394 6.406080e-01 1.100000e-03 3.582920e-01
395 6.404080e-01 1.064000e-03 3.585280e-01
396 6.401720e-01 1.112000e-03 3.587160e-01
397 6.400040e-01 1.140000e-03 3.588560e-01
398 6.397840e-01 1.156000e-03 3.590600e-01
399 6.395720e-01 1.156000e-03 3.592720e-01
400 6.394120e-01 1.116000e-03 3.594720e-01
401 6.392400e-01 1.052000e-03 3.597080e-01
402 6.390560e-01 1.056000e-03 3.598880e-01
403 6.388800e-01 1.064000e-03 3.600560e-01
404 6.387080e-01 1.012000e-03 3.602800e-01
405 6.385200e-01 9.840000e-04 3.604960e-01
406 6.383600e-01 9.440000e-04 3.606960e-01
407 6.382160e-01 9.400000e-04 3.608440e-01
408 6.380400e-01 9.480000e-04 3.610120e-01
409 6.379160e-01 9.480000e-04 3.611360e-01
410 6.377080e-01 9.560000e-04 3.613360e-01
411 6.375320e-01 9.920000e-04 3.614760e-01
412 6.373600e-01 9.920000e-04 3.616480e-01
413 6.371760e-01 9.680000e-04 3.618560e-01
414 6.370040e-01 1.036000e-03 3.619600e-01
415 6.368800e-01 1.012000e-03 3.621080e-01
416 6.366960e-01 1.008000e-03 3.622960e-01
417 6.365320e-01 1.056000e-03 3.624120e-01
418 6.363680e-01 1.020000e-03 3.626120e-01
419 6.362400e-01 9.480000e-04 3.628120e-01
420 6.360200e-01 9.760000e-04 3.630040e-01
421 6.358400e-01 9.880000e-04 3.631720e-01
422 6.356680e-01 9.920000e-04 3.633400e-01
423 6.355520e-01 9.720000e-04 3.634760e-01
424 6.353440e-01 1.016000e-03 3.636400e-01
425 6.351880e-01 9.440000e-04 3.638680e-01
426 6.349640e-01 1.012000e-03 3.640240e-01
427 6.348040e-01 1.044000e-03 3.641520e-01
428 6.346120e-01 1.044000e-03 3.643440e-01
429 6.344160e-01 1.028000e-03 3.645560e-01
430 6.342640e-01 9.840000e-04 3.647520e-01
431 6.340640e-01 1.004000e-03 3.649320e-01
432 6.338560e-01 1.024000e-03 3.651200e-01
433 6.336960e-01 1.036000e-03 3.652680e-01
434 6.335280e-01 1.028000e-03 3.654440e-01
435 6.333600e-01 1.008000e-03 3.656320e-01
436 6.331120e-01 1.080000e-03 3.658080e-01
437 6.329360e-01 1.040000e-03 3.660240e-01
438 6.327720e-01 1.044000e-03 3.661840e-01
439 6.326200e-01 1.024000e-03 3.663560e-01
440 6.324240e-01 1.048000e-03 3.665280e-01
441 6.322960e-01 1.000000e-03 3.667040e-01
442 6.321280e-01 1.012000e-03 3.668600e-01
443 6.319760e-01 1.020000e-03 3.670040e-01
444 6.318200e-01 1.016000e-03 3.671640e-01
445 6.316640e-01 9.920000e-04 3.673440e-01
446 6.315080e-01 9.440000e-04 3.675480e-01
447 6.313080e-01 9.920000e-04 3.677000e-01
448 6.311800e-01 9.080000e-04 3.679120e-01
449 6.310640e-01 9.280000e-04 3.680080e-01
450 6.309880e-01 8.080000e-04 3.682040e-01
451 6.308920e-01 8.000000e-04 3.683080e-01
452 6.307800e-01 7.960000e-04 3.684240e-01
453 6.306680e-01 7.640000e-04 3.685680e-01
454 6.305800e-01 6.840000e-04 3.687360e-01
455 6.304720e-01 6.760000e-04 3.688520e-01
456 6.303400e-01 6.960000e-04 3.689640e-01
457 6.302400e-01 6.400000e-04 3.691200e-01
458 6.301200e-01 6.520000e-04 3.692280e-01
459 6.300040e-01 6.240000e-04 3.693720e-01
460 6.298960e-01 6.400000e-04 3.694640e-01
461 6.297960e-01 6.480000e-04 3.695560e-01
462 6.296400e-01 6.680000e-04 3.696920e-01
463 6.295200e-01 6.560000e-04 3.698240e-01
464 6.294440e-01 6.280000e-04 3.699280e-01
465 6.293640e-01 5.880000e-04 3.700480e-01
466 6.292800e-01 5.720000e-04 3.701480e-01
467 6.291800e-01 5.600000e-04 3.702600e-01
468 6.290400e-01 6.120000e-04 3.703480e-01
469 6.289200e-01 6.120000e-04 3.704680e-01
470 6.288320e-01 6.200000e-04 3.705480e-01
471 6.287000e-01 6.360000e-04 3.706640e-01
472 6.285720e-01 6.480000e-04 3.707800e-01
473 6.284680e-01 6.480000e-04 3.708840e-01
474 6.282960e-01 6.880000e-04 3.710160e-01
475 6.282000e-01 6.680000e-04 3.711320e-01
476 6.280680e-01 7.040000e-04 3.712280e-01
477 6.279240e-01 7.480000e-04 3.713280e-01
478 6.278360e-01 6.880000e-04 3.714760e-01
479 6.276960e-01 6.840000e-04 3.716200e-01
480 6.276160e-01 6.320000e-04 3.717520e-01
481 6.275040e-01 6.320000e-04 3.718640e-01
482 6.273680e-01 6.640000e-04 3.719680e-01
483 6.272680e-01 6.480000e-04 3.720840e-01
484 6.271160e-01 6.840000e-04 3.722000e-01
485 6.269840e-01 7.080000e-04 3.723080e-01
486 6.268560e-01 6.920000e-04 3.724520e-01
487 6.267640e-01 6.640000e-04 3.725720e-01
488 6.266600e-01 6.600000e-04 3.726800e-01
489 6.265720e-01 6.480000e-04 3.727800e-01
490 6.264800e-01 6.360000e-04 3.728840e-01
491 6.264160e-01 5.880000e-04 3.729960e-01
492 6.263320e-01 5.800000e-04 3.730880e-01
493 6.262520e-01 5.800000e-04 3.731680e-01
494 6.261960e-01 5.600000e-04 3.732440e-01
495 6.261160e-01 5.360000e-04 3.733480e-01
496 6.260720e-01 5.080000e-04 3.734200e-01
497 6.260000e-01 5.040000e-04 3.734960e-01
498 6.259560e-01 4.360000e-04 3.736080e-01
499 6.259240e-01 3.760000e-04 3.737000e-01
500 6.258880e-01 3.400000e-04 3.737720e-01
