1 9.991880e-01 7.400000e-04 7.200000e-05
2 9.986480e-01 1.112000e-03 2.400000e-04
3 9.979880e-01 1.544000e-03 4.680000e-04
4 9.972280e-01 1.940000e-03 8.320000e-04
5 9.964960e-01 2.268000e-03 1.236000e-03
6 9.956480e-01 2.716000e-03 1.636000e-03
7 9.948320e-01 3.028000e-03 2.140000e-03
8 9.940440e-01 3.264000e-03 2.692000e-03
9 9.932600e-01 3.488000e-03 3.252000e-03
10 9.923080e-01 3.796000e-03 3.896000e-03
11 9.913560e-01 4.072000e-03 4.572000e-03
12 9.903120e-01 4.380000e-03 5.308000e-03
13 9.891520e-01 4.708000e-03 6.140000e-03
14 9.881480e-01 4.820000e-03 7.032000e-03
15 9.871200e-01 5.076000e-03 7.804000e-03
16 9.860760e-01 5.084000e-03 8.840000e-03
17 9.848280e-01 5.452000e-03 9.720000e-03
18 9.836480e-01 5.696000e-03 1.065600e-02
19 9.824880e-01 5.740000e-03 1.177200e-02
20 9.812200e-01 6.056000e-03 1.272400e-02
21 9.798040e-01 6.404000e-03 1.379200e-02
22 9.785640e-01 6.380000e-03 1.505600e-02
23 9.773320e-01 6.500000e-03 1.616800e-02
24 9.759760e-01 6.736000e-03 1.728800e-02
25 9.747400e-01 6.752000e-03 1.850800e-02
26 9.733520e-01 6.928000e-03 1.972000e-02
27 9.719600e-01 7.060000e-03 2.098000e-02
28 9.706800e-01 6.968000e-03 2.235200e-02
29 9.691920e-01 7.216000e-03 2.359200e-02
30 9.677280e-01 7.380000e-03 2.489200e-02
31 9.664920e-01 7.308000e-03 2.620000e-02
32 9.652400e-01 7.360000e-03 2.740000e-02
33 9.639200e-01 7.260000e-03 2.882000e-02
34 9.627240e-01 7.228000e-03 3.004800e-02
35 9.614400e-01 7.256000e-03 3.130400e-02
36 9.601320e-01 7.384000e-03 3.248400e-02
37 9.589960e-01 7.084000e-03 3.392000e-02
38 9.578680e-01 6.884000e-03 3.524800e-02
39 9.566520e-01 6.828000e-03 3.652000e-02
40 9.552880e-01 6.980000e-03 3.773200e-02
41 9.539520e-01 7.060000e-03 3.898800e-02
42 9.526280e-01 7.156000e-03 4.021600e-02
43 9.511800e-01 7.352000e-03 4.146800e-02
44 9.497680e-01 7.464000e-03 4.276800e-02
45 9.482960e-01 7.720000e-03 4.398400e-02
46 9.468640e-01 7.672000e-03 4.546400e-02
47 9.455360e-01 7.656000e-03 4.680800e-02
48 9.442760e-01 7.668000e-03 4.805600e-02
49 9.429520e-01 7.632000e-03 4.941600e-02
50 9.417000e-01 7.736000e-03 5.056400e-02
51 9.404160e-01 7.668000e-03 5.191600e-02
52 9.390240e-01 7.712000e-03 5.326400e-02
53 9.377720e-01 7.644000e-03 5.458400e-02
54 9.365400e-01 7.528000e-03 5.593200e-02
55 9.352280e-01 7.704000e-03 5.706800e-02
56 9.338720e-01 7.708000e-03 5.842000e-02
57 9.324640e-01 7.652000e-03 5.988400e-02
58 9.312120e-01 7.676000e-03 6.111200e-02
59 9.298480e-01 7.588000e-03 6.256400e-02
60 9.285120e-01 7.596000e-03 6.389200e-02
61 9.271720e-01 7.648000e-03 6.518000e-02
62 9.257520e-01 7.736000e-03 6.651200e-02
63 9.241920e-01 8.024000e-03 6.778400e-02
64 9.225800e-01 8.116000e-03 6.930400e-02
65 9.209480e-01 8.312000e-03 7.074000e-02
66 9.191880e-01 8.536000e-03 7.227600e-02
67 9.175720e-01 8.640000e-03 7.378800e-02
68 9.158360e-01 8.772000e-03 7.539200e-02
69 9.140960e-01 9.052000e-03 7.685200e-02
70 9.123120e-01 9.196000e-03 7.849200e-02
71 9.107120e-01 9.256000e-03 8.003200e-02
72 9.089480e-01 9.260000e-03 8.179200e-02
73 9.072000e-01 9.444000e-03 8.335600e-02
74 9.054320e-01 9.504000e-03 8.506400e-02
75 9.037800e-01 9.340000e-03 8.688000e-02
76 9.020760e-01 9.400000e-03 8.852400e-02
77 9.002480e-01 9.688000e-03 9.006400e-02
78 8.985600e-01 9.660000e-03 9.178000e-02
79 8.968080e-01 9.632000e-03 9.356000e-02
80 8.951200e-01 9.748000e-03 9.513200e-02
81 8.934480e-01 9.580000e-03 9.697200e-02
82 8.918000e-01 9.528000e-03 9.867200e-02
83 8.900320e-01 9.544000e-03 1.004240e-01
84 8.883280e-01 9.404000e-03 1.022680e-01
85 8.866160e-01 9.528000e-03 1.038560e-01
86 8.847200e-01 9.780000e-03 1.055000e-01
87 8.830280e-01 9.852000e-03 1.071200e-01
88 8.812080e-01 1.006800e-02 1.087240e-01
89 8.794280e-01 1.006000e-02 1.105120e-01
90 8.775840e-01 1.022400e-02 1.121920e-01
91 8.758560e-01 1.011200e-02 1.140320e-01
92 8.740680e-01 1.028000e-02 1.156520e-01
93 8.722680e-01 1.012400e-02 1.176080e-01
94 8.705680e-01 1.005200e-02 1.193800e-01
95 8.688080e-01 1.016400e-02 1.210280e-01
96 8.668680e-01 1.033600e-02 1.227960e-01
97 8.651640e-01 1.026800e-02 1.245680e-01
98 8.634240e-01 1.011600e-02 1.264600e-01
99 8.617600e-01 1.006400e-02 1.281760e-01
100 8.602920e-01 9.832000e-03 1.298760e-01
101 8.585920e-01 9.912000e-03 1.314960e-01
102 8.569080e-01 9.904000e-03 1.331880e-01
103 8.550960e-01 1.013200e-02 1.347720e-01
104 8.535360e-01 9.960000e-03 1.365040e-01
105 8.518640e-01 9.812000e-03 1.383240e-01
106 8.503680e-01 9.612000e-03 1.400200e-01
107 8.486640e-01 9.664000e-03 1.416720e-01
108 8.470760e-01 9.676000e-03 1.432480e-01
109 8.452560e-01 9.852000e-03 1.448920e-01
110 8.435960e-01 9.664000e-03 1.467400e-01
111 8.418600e-01 9.720000e-03 1.484200e-01
112 8.403240e-01 9.656000e-03 1.500200e-01
113 8.386520e-01 9.588000e-03 1.517600e-01
114 8.371520e-01 9.472000e-03 1.533760e-01
115 8.356320e-01 9.456000e-03 1.549120e-01
116 8.341120e-01 9.180000e-03 1.567080e-01
117 8.325400e-01 9.164000e-03 1.582960e-01
118 8.308680e-01 9.172000e-03 1.599600e-01
119 8.292480e-01 9.244000e-03 1.615080e-01
120 8.276600e-01 9.340000e-03 1.630000e-01
121 8.260760e-01 9.320000e-03 1.646040e-01
122 8.243840e-01 9.252000e-03 1.663640e-01
123 8.228240e-01 9.236000e-03 1.679400e-01
124 8.212040e-01 9.160000e-03 1.696360e-01
125 8.195640e-01 9.236000e-03 1.712000e-01
126 8.180840e-01 9.020000e-03 1.728960e-01
127 8.165400e-01 9.068000e-03 1.743920e-01
128 8.149960e-01 8.936000e-03 1.760680e-01
129 8.135160e-01 8.776000e-03 1.777080e-01
130 8.119480e-01 8.852000e-03 1.792000e-01
131 8.102920e-01 9.008000e-03 1.807000e-01
132 8.087400e-01 9.024000e-03 1.822360e-01
133 8.072160e-01 8.932000e-03 1.838520e-01
134 8.057760e-01 8.672000e-03 1.855520e-01
135 8.043600e-01 8.676000e-03 1.869640e-01
136 8.028760e-01 8.680000e-03 1.884440e-01
137 8.013640e-01 8.792000e-03 1.898440e-01
138 7.997160e-01 9.056000e-03 1.912280e-01
139 7.983680e-01 8.820000e-03 1.928120e-01
140 7.969560e-01 8.592000e-03 1.944520e-01
141 7.955200e-01 8.520000e-03 1.959600e-01
142 7.940800e-01 8.536000e-03 1.973840e-01
143 7.927200e-01 8.488000e-03 1.987920e-01
144 7.912560e-01 8.440000e-03 2.003040e-01
145 7.899280e-01 8.300000e-03 2.017720e-01
146 7.885480e-01 8.184000e-03 2.032680e-01
147 7.871520e-01 8.200000e-03 2.046480e-01
148 7.857520e-01 8.204000e-03 2.060440e-01
149 7.843320e-01 8.376000e-03 2.072920e-01
150 7.828360e-01 8.376000e-03 2.087880e-01
151 7.812800e-01 8.340000e-03 2.103800e-01
152 7.798640e-01 8.412000e-03 2.117240e-01
153 7.783800e-01 8.556000e-03 2.130640e-01
154 7.768880e-01 8.452000e-03 2.146600e-01
155 7.753320e-01 8.548000e-03 2.161200e-01
156 7.737040e-01 8.728000e-03 2.175680e-01
157 7.721680e-01 8.796000e-03 2.190360e-01
158 7.706360e-01 8.736000e-03 2.206280e-01
159 7.692360e-01 8.600000e-03 2.221640e-01
160 7.677680e-01 8.652000e-03 2.235800e-01
161 7.662680e-01 8.708000e-03 2.250240e-01
162 7.647960e-01 8.680000e-03 2.265240e-01
163 7.633520e-01 8.660000e-03 2.279880e-01
164 7.620640e-01 8.508000e-03 2.294280e-01
165 7.606560e-01 8.524000e-03 2.308200e-01
166 7.593560e-01 8.256000e-03 2.323880e-01
167 7.579080e-01 8.216000e-03 2.338760e-01
168 7.564800e-01 8.200000e-03 2.353200e-01
169 7.550720e-01 8.116000e-03 2.368120e-01
170 7.537240e-01 8.040000e-03 2.382360e-01
171 7.524000e-01 8.008000e-03 2.395920e-01
172 7.509000e-01 8.204000e-03 2.408960e-01
173 7.496080e-01 8.164000e-03 2.422280e-01
174 7.481760e-01 8.080000e-03 2.437440e-01
175 7.469000e-01 8.000000e-03 2.451000e-01
176 7.454440e-01 8.032000e-03 2.465240e-01
177 7.440280e-01 8.004000e-03 2.479680e-01
178 7.426640e-01 8.056000e-03 2.492800e-01
179 7.412400e-01 8.068000e-03 2.506920e-01
180 7.400160e-01 7.960000e-03 2.520240e-01
181 7.386520e-01 7.988000e-03 2.533600e-01
182 7.372520e-01 8.012000e-03 2.547360e-01
183 7.359360e-01 8.004000e-03 2.560600e-01
184 7.346480e-01 8.016000e-03 2.573360e-01
185 7.332840e-01 8.060000e-03 2.586560e-01
186 7.318480e-01 8.032000e-03 2.601200e-01
187 7.304840e-01 8.072000e-03 2.614440e-01
188 7.291120e-01 7.928000e-03 2.629600e-01
189 7.278000e-01 7.788000e-03 2.644120e-01
190 7.265960e-01 7.756000e-03 2.656480e-01
191 7.253600e-01 7.560000e-03 2.670800e-01
192 7.243120e-01 7.260000e-03 2.684280e-01
193 7.232120e-01 7.016000e-03 2.697720e-01
194 7.221920e-01 6.780000e-03 2.710280e-01
195 7.210840e-01 6.748000e-03 2.721680e-01
196 7.200800e-01 6.628000e-03 2.732920e-01
197 7.189320e-01 6.652000e-03 2.744160e-01
198 7.178160e-01 6.568000e-03 2.756160e-01
199 7.167560e-01 6.548000e-03 2.766960e-01
200 7.157800e-01 6.328000e-03 2.778920e-01
201 7.148160e-01 6.156000e-03 2.790280e-01
202 7.138960e-01 6.116000e-03 2.799880e-01
203 7.128280e-01 6.160000e-03 2.810120e-01
204 7.117720e-01 6.116000e-03 2.821120e-01
205 7.108520e-01 5.896000e-03 2.832520e-01
206 7.100160e-01 5.608000e-03 2.843760e-01
207 7.090920e-01 5.564000e-03 2.853440e-01
208 7.080680e-01 5.620000e-03 2.863120e-01
209 7.071240e-01 5.636000e-03 2.872400e-01
210 7.062080e-01 5.656000e-03 2.881360e-01
211 7.050680e-01 5.824000e-03 2.891080e-01
212 7.041080e-01 5.864000e-03 2.900280e-01
213 7.031480e-01 5.812000e-03 2.910400e-01
214 7.021840e-01 5.768000e-03 2.920480e-01
215 7.012880e-01 5.652000e-03 2.930600e-01
216 7.002520e-01 5.636000e-03 2.941120e-01
217 6.992000e-01 5.716000e-03 2.950840e-01
218 6.982160e-01 5.768000e-03 2.960160e-01
219 6.972480e-01 5.680000e-03 2.970720e-01
220 6.961600e-01 5.696000e-03 2.981440e-01
221 6.951640e-01 5.800000e-03 2.990360e-01
222 6.941800e-01 5.704000e-03 3.001160e-01
223 6.933160e-01 5.488000e-03 3.011960e-01
224 6.924680e-01 5.304000e-03 3.022280e-01
225 6.917160e-01 5.140000e-03 3.031440e-01
226 6.909920e-01 4.952000e-03 3.040560e-01
227 6.902040e-01 4.932000e-03 3.048640e-01
228 6.893520e-01 4.972000e-03 3.056760e-01
229 6.885600e-01 4.960000e-03 3.064800e-01
230 6.878000e-01 4.980000e-03 3.072200e-01
231 6.870160e-01 4.860000e-03 3.081240e-01
232 6.861000e-01 4.936000e-03 3.089640e-01
233 6.853880e-01 4.760000e-03 3.098520e-01
234 6.846000e-01 4.628000e-03 3.107720e-01
235 6.838720e-01 4.668000e-03 3.114600e-01
236 6.831360e-01 4.544000e-03 3.123200e-01
237 6.823920e-01 4.464000e-03 3.131440e-01
238 6.817600e-01 4.220000e-03 3.140200e-01
239 6.811280e-01 4.044000e-03 3.148280e-01
240 6.806360e-01 3.784000e-03 3.155800e-01
241 6.800680e-01 3.712000e-03 3.162200e-01
242 6.795320e-01 3.560000e-03 3.169080e-01
243 6.789440e-01 3.472000e-03 3.175840e-01
244 6.784160e-01 3.368000e-03 3.182160e-01
245 6.778600e-01 3.340000e-03 3.188000e-01
246 6.773200e-01 3.256000e-03 3.194240e-01
247 6.767400e-01 3.288000e-03 3.199720e-01
248 6.761560e-01 3.312000e-03 3.205320e-01
249 6.755920e-01 3.316000e-03 3.210920e-01
250 6.749760e-01 3.340000e-03 3.216840e-01
251 6.744000e-01 3.288000e-03 3.223120e-01
252 6.738280e-01 3.320000e-03 3.228520e-01
253 6.733480e-01 3.228000e-03 3.234240e-01
254 6.728880e-01 3.252000e-03 3.238600e-01
255 6.722800e-01 3.300000e-03 3.244200e-01
256 6.717200e-01 3.280000e-03 3.250000e-01
257 6.710440e-01 3.360000e-03 3.255960e-01
258 6.705640e-01 3.284000e-03 3.261520e-01
259 6.699840e-01 3.280000e-03 3.267360e-01
260 6.694320e-01 3.260000e-03 3.273080e-01
261 6.689720e-01 3.200000e-03 3.278280e-01
262 6.685040e-01 3.128000e-03 3.283680e-01
263 6.680120e-01 3.068000e-03 3.289200e-01
264 6.676240e-01 2.968000e-03 3.294080e-01
265 6.672200e-01 2.852000e-03 3.299280e-01
266 6.667600e-01 2.792000e-03 3.304480e-01
267 6.664040e-01 2.656000e-03 3.309400e-01
268 6.660080e-01 2.612000e-03 3.313800e-01
269 6.655080e-01 2.736000e-03 3.317560e-01
270 6.649440e-01 2.804000e-03 3.322520e-01
271 6.644640e-01 2.772000e-03 3.327640e-01
272 6.640600e-01 2.664000e-03 3.332760e-01
273 6.637120e-01 2.480000e-03 3.338080e-01
274 6.633400e-01 2.428000e-03 3.342320e-01
275 6.629040e-01 2.412000e-03 3.346840e-01
276 6.625040e-01 2.380000e-03 3.351160e-01
277 6.620600e-01 2.420000e-03 3.355200e-01
278 6.617040e-01 2.368000e-03 3.359280e-01
279 6.613160e-01 2.272000e-03 3.364120e-01
280 6.609320e-01 2.236000e-03 3.368320e-01
281 6.605480e-01 2.224000e-03 3.372280e-01
282 6.601720e-01 2.304000e-03 3.375240e-01
283 6.597880e-01 2.296000e-03 3.379160e-01
284 6.593800e-01 2.280000e-03 3.383400e-01
285 6.590000e-01 2.252000e-03 3.387480e-01
286 6.586080e-01 2.264000e-03 3.391280e-01
287 6.581800e-01 2.276000e-03 3.395440e-01
288 6.579080e-01 2.176000e-03 3.399160e-01
289 6.575600e-01 2.208000e-03 3.402320e-01
290 6.572680e-01 2.180000e-03 3.405520e-01
291 6.569320e-01 2.132000e-03 3.409360e-01
292 6.565320e-01 2.184000e-03 3.412840e-01
293 6.561880e-01 2.176000e-03 3.416360e-01
294 6.558200e-01 2.188000e-03 3.419920e-01
295 6.555680e-01 2.124000e-03 3.423080e-01
296 6.553000e-01 2.012000e-03 3.426880e-01
297 6.550400e-01 1.912000e-03 3.430480e-01
298 6.547080e-01 1.948000e-03 3.433440e-01
299 6.544400e-01 1.880000e-03 3.436800e-01
300 6.540840e-01 1.856000e-03 3.440600e-01
301 6.537680e-01 1.900000e-03 3.443320e-01
302 6.534120e-01 1.960000e-03 3.446280e-01
303 6.531480e-01 1.860000e-03 3.449920e-01
304 6.527920e-01 1.944000e-03 3.452640e-01
305 6.523960e-01 1.976000e-03 3.456280e-01
306 6.521160e-01 1.888000e-03 3.459960e-01
307 6.518200e-01 1.836000e-03 3.463440e-01
308 6.515000e-01 1.796000e-03 3.467040e-01
309 6.512560e-01 1.808000e-03 3.469360e-01
310 6.510120e-01 1.716000e-03 3.472720e-01
311 6.507000e-01 1.756000e-03 3.475440e-01
312 6.503160e-01 1.788000e-03 3.478960e-01
313 6.499520e-01 1.820000e-03 3.482280e-01
314 6.496600e-01 1.776000e-03 3.485640e-01
315 6.493120e-01 1.824000e-03 3.488640e-01
316 6.491000e-01 1.696000e-03 3.492040e-01
317 6.487760e-01 1.712000e-03 3.495120e-01
318 6.484600e-01 1.736000e-03 3.498040e-01
319 6.481640e-01 1.748000e-03 3.500880e-01
320 6.478560e-01 1.704000e-03 3.504400e-01
321 6.475280e-01 1.696000e-03 3.507760e-01
322 6.472000e-01 1.708000e-03 3.510920e-01
323 6.468560e-01 1.792000e-03 3.513520e-01
324 6.466200e-01 1.724000e-03 3.516560e-01
325 6.462960e-01 1.740000e-03 3.519640e-01
326 6.459800e-01 1.736000e-03 3.522840e-01
327 6.456840e-01 1.700000e-03 3.526160e-01
328 6.454440e-01 1.692000e-03 3.528640e-01
329 6.451720e-01 1.700000e-03 3.531280e-01
330 6.448320e-01 1.716000e-03 3.534520e-01
331 6.445400e-01 1.724000e-03 3.537360e-01
332 6.442800e-01 1.680000e-03 3.540400e-01
333 6.439400e-01 1.684000e-03 3.543760e-01
334 6.436400e-01 1.628000e-03 3.547320e-01
335 6.433600e-01 1.660000e-03 3.549800e-01
336 6.430120e-01 1.736000e-03 3.552520e-01
337 6.427080e-01 1.696000e-03 3.555960e-01
338 6.424040e-01 1.724000e-03 3.558720e-01
339 6.420720e-01 1.800000e-03 3.561280e-01
340 6.416880e-01 1.888000e-03 3.564240e-01
341 6.413120e-01 1.944000e-03 3.567440e-01
342 6.409760e-01 1.984000e-03 3.570400e-01
343 6.407560e-01 1.848000e-03 3.573960e-01
344 6.404520e-01 1.812000e-03 3.577360e-01
345 6.402120e-01 1.748000e-03 3.580400e-01
346 6.399520e-01 1.716000e-03 3.583320e-01
347 6.396720e-01 1.688000e-03 3.586400e-01
348 6.393480e-01 1.748000e-03 3.589040e-01
349 6.390480e-01 1.728000e-03 3.592240e-01
350 6.387960e-01 1.668000e-03 3.595360e-01
351 6.385080e-01 1.648000e-03 3.598440e-01
352 6.382000e-01 1.656000e-03 3.601440e-01
353 6.379400e-01 1.704000e-03 3.603560e-01
354 6.376520e-01 1.672000e-03 3.606760e-01
355 6.373840e-01 1.684000e-03 3.609320e-01
356 6.371040e-01 1.668000e-03 3.612280e-01
357 6.368000e-01 1.704000e-03 3.614960e-01
358 6.365320e-01 1.696000e-03 3.617720e-01
359 6.362720e-01 1.708000e-03 3.620200e-01
360 6.359480e-01 1.704000e-03 3.623480e-01
361 6.356280e-01 1.748000e-03 3.626240e-01
362 6.352760e-01 1.792000e-03 3.629320e-01
363 6.349480e-01 1.844000e-03 3.632080e-01
364 6.346600e-01 1.788000e-03 3.635520e-01
365 6.343360e-01 1.808000e-03 3.638560e-01
366 6.339920e-01 1.776000e-03 3.642320e-01
367 6.336560e-01 1.804000e-03 3.645400e-01
368 6.333720e-01 1.748000e-03 3.648800e-01
369 6.330080e-01 1.804000e-03 3.651880e-01
370 6.326200e-01 1.904000e-03 3.654760e-01
371 6.322840e-01 1.904000e-03 3.658120e-01
372 6.319520e-01 1.868000e-03 3.661800e-01
373 6.315200e-01 1.980000e-03 3.665000e-01
374 6.311760e-01 1.960000e-03 3.668640e-01
375 6.308520e-01 1.936000e-03 3.672120e-01
376 6.305200e-01 1.936000e-03 3.675440e-01
377 6.302280e-01 1.912000e-03 3.678600e-01
378 6.299560e-01 1.816000e-03 3.682280e-01
379 6.296680e-01 1.828000e-03 3.685040e-01
380 6.293800e-01 1.748000e-03 3.688720e-01
381 6.290480e-01 1.808000e-03 3.691440e-01
382 6.287240e-01 1.836000e-03 3.694400e-01
383 6.283800e-01 1.828000e-03 3.697920e-01
384 6.280720e-01 1.840000e-03 3.700880e-01
385 6.277360e-01 1.832000e-03 3.704320e-01
386 6.274320e-01 1.728000e-03 3.708400e-01
387 6.272080e-01 1.608000e-03 3.711840e-01
388 6.269240e-01 1.600000e-03 3.714760e-01
389 6.266600e-01 1.616000e-03 3.717240e-01
390 6.264480e-01 1.448000e-03 3.721040e-01
391 6.262640e-01 1.384000e-03 3.723520e-01
392 6.260600e-01 1.396000e-03 3.725440e-01
393 6.258080e-01 1.424000e-03 3.727680e-01
394 6.255440e-01 1.448000e-03 3.730080e-01
395 6.253160e-01 1.416000e-03 3.732680e-01
396 6.251240e-01 1.368000e-03 3.735080e-01
397 6.248920e-01 1.368000e-03 3.737400e-01
398 6.246560e-01 1.328000e-03 3.740160e-01
399 6.244320e-01 1.276000e-03 3.742920e-01
400 6.242280e-01 1.232000e-03 3.745400e-01
401 6.239640e-01 1.308000e-03 3.747280e-01
402 6.237360e-01 1.292000e-03 3.749720e-01
403 6.234640e-01 1.292000e-03 3.752440e-01
404 6.232440e-01 1.264000e-03 3.754920e-01
405 6.230360e-01 1.240000e-03 3.757240e-01
406 6.228000e-01 1.292000e-03 3.759080e-01
407 6.225840e-01 1.252000e-03 3.761640e-01
408 6.223640e-01 1.292000e-03 3.763440e-01
409 6.221280e-01 1.324000e-03 3.765480e-01
410 6.219360e-01 1.280000e-03 3.767840e-01
411 6.216800e-01 1.324000e-03 3.769960e-01
412 6.214520e-01 1.312000e-03 3.772360e-01
413 6.212080e-01 1.316000e-03 3.774760e-01
414 6.209320e-01 1.368000e-03 3.777000e-01
415 6.206960e-01 1.344000e-03 3.779600e-01
416 6.204240e-01 1.368000e-03 3.782080e-01
417 6.201520e-01 1.364000e-03 3.784840e-01
418 6.198680e-01 1.368000e-03 3.787640e-01
419 6.196040e-01 1.396000e-03 3.790000e-01
420 6.192880e-01 1.484000e-03 3.792280e-01
421 6.190120e-01 1.532000e-03 3.794560e-01
422 6.187440e-01 1.528000e-03 3.797280e-01
423 6.184840e-01 1.556000e-03 3.799600e-01
424 6.181360e-01 1.644000e-03 3.802200e-01
425 6.178840e-01 1.580000e-03 3.805360e-01
426 6.175920e-01 1.572000e-03 3.808360e-01
427 6.172840e-01 1.600000e-03 3.811160e-01
428 6.170400e-01 1.552000e-03 3.814080e-01
429 6.168040e-01 1.516000e-03 3.816800e-01
430 6.166000e-01 1.488000e-03 3.819120e-01
431 6.163240e-01 1.548000e-03 3.821280e-01
432 6.160720e-01 1.516000e-03 3.824120e-01
433 6.157920e-01 1.564000e-03 3.826440e-01
434 6.155520e-01 1.548000e-03 3.829000e-01
435 6.153640e-01 1.392000e-03 3.832440e-01
436 6.150040e-01 1.448000e-03 3.835480e-01
437 6.147240e-01 1.460000e-03 3.838160e-01
438 6.144760e-01 1.504000e-03 3.840200e-01
439 6.142520e-01 1.484000e-03 3.842640e-01
440 6.140120e-01 1.468000e-03 3.845200e-01
441 6.138120e-01 1.464000e-03 3.847240e-01
442 6.135280e-01 1.468000e-03 3.850040e-01
443 6.132520e-01 1.508000e-03 3.852400e-01
444 6.129480e-01 1.556000e-03 3.854960e-01
445 6.127240e-01 1.508000e-03 3.857680e-01
446 6.125080e-01 1.480000e-03 3.860120e-01
447 6.122840e-01 1.480000e-03 3.862360e-01
448 6.119960e-01 1.588000e-03 3.864160e-01
449 6.117480e-01 1.548000e-03 3.867040e-01
450 6.114960e-01 1.556000e-03 3.869480e-01
451 6.112240e-01 1.556000e-03 3.872200e-01
452 6.110280e-01 1.452000e-03 3.875200e-01
453 6.108160e-01 1.416000e-03 3.877680e-01
454 6.106000e-01 1.408000e-03 3.879920e-01
455 6.103960e-01 1.356000e-03 3.882480e-01
456 6.101160e-01 1.400000e-03 3.884840e-01
457 6.099040e-01 1.312000e-03 3.887840e-01
458 6.097040e-01 1.248000e-03 3.890480e-01
459 6.095600e-01 1.204000e-03 3.892360e-01
460 6.094000e-01 1.148000e-03 3.894520e-01
461 6.092320e-01 1.152000e-03 3.896160e-01
462 6.090640e-01 1.128000e-03 3.898080e-01
463 6.088680e-01 1.088000e-03 3.900440e-01
464 6.086760e-01 1.032000e-03 3.902920e-01
465 6.084840e-01 1.060000e-03 3.904560e-01
466 6.082920e-01 1.104000e-03 3.906040e-01
467 6.080560e-01 1.144000e-03 3.908000e-01
468 6.077800e-01 1.180000e-03 3.910400e-01
469 6.075160e-01 1.240000e-03 3.912440e-01
470 6.072280e-01 1.256000e-03 3.915160e-01
471 6.069840e-01 1.304000e-03 3.917120e-01
472 6.067320e-01 1.324000e-03 3.919440e-01
473 6.065360e-01 1.256000e-03 3.922080e-01
474 6.063400e-01 1.212000e-03 3.924480e-01
475 6.061320e-01 1.212000e-03 3.926560e-01
476 6.059680e-01 1.144000e-03 3.928880e-01
477 6.058000e-01 1.112000e-03 3.930880e-01
478 6.055920e-01 1.124000e-03 3.932840e-01
479 6.054560e-01 1.060000e-03 3.934840e-01
480 6.053000e-01 9.840000e-04 3.937160e-01
481 6.051080e-01 9.880000e-04 3.939040e-01
482 6.048960e-01 1.028000e-03 3.940760e-01
483 6.046720e-01 1.032000e-03 3.942960e-01
484 6.044920e-01 1.088000e-03 3.944200e-01
485 6.043160e-01 1.088000e-03 3.945960e-01
486 6.041480e-01 1.052000e-03 3.948000e-01
487 6.039200e-01 1.104000e-03 3.949760e-01
488 6.036160e-01 1.228000e-03 3.951560e-01
489 6.034320e-01 1.204000e-03 3.953640e-01
490 6.032040e-01 1.204000e-03 3.955920e-01
491 6.030040e-01 1.260000e-03 3.957360e-01
492 6.027160e-01 1.384000e-03 3.959000e-01
493 6.024840e-01 1.412000e-03 3.961040e-01
494 6.022560e-01 1.380000e-03 3.963640e-01
495 6.021040e-01 1.308000e-03 3.965880e-01
496 6.019120e-01 1.264000e-03 3.968240e-01
497 6.017160e-01 1.284000e-03 3.970000e-01
498 6.014000e-01 1.376000e-03 3.972240e-01
499 6.011840e-01 1.320000e-03 3.974960e-01
500 6.009680e-01 1.328000e-03 3.977040e-01
