1 9.991760e-01 7.440000e-04 8.000000e-05
2 9.986400e-01 1.132000e-03 2.280000e-04
3 9.979160e-01 1.608000e-03 4.760000e-04
4 9.971080e-01 2.104000e-03 7.880000e-04
5 9.963960e-01 2.416000e-03 1.188000e-03
6 9.955080e-01 2.860000e-03 1.632000e-03
7 9.945720e-01 3.256000e-03 2.172000e-03
8 9.937200e-01 3.484000e-03 2.796000e-03
9 9.928840e-01 3.720000e-03 3.396000e-03
10 9.918480e-01 4.072000e-03 4.080000e-03
11 9.906360e-01 4.524000e-03 4.840000e-03
12 9.894840e-01 4.912000e-03 5.604000e-03
13 9.883600e-01 5.184000e-03 6.456000e-03
14 9.871200e-01 5.500000e-03 7.380000e-03
15 9.858680e-01 5.788000e-03 8.344000e-03
16 9.847280e-01 5.928000e-03 9.344000e-03
17 9.836080e-01 6.092000e-03 1.030000e-02
18 9.825160e-01 6.000000e-03 1.148400e-02
19 9.814520e-01 6.016000e-03 1.253200e-02
20 9.803120e-01 6.140000e-03 1.354800e-02
21 9.790400e-01 6.312000e-03 1.464800e-02
22 9.778120e-01 6.344000e-03 1.584400e-02
23 9.765800e-01 6.360000e-03 1.706000e-02
24 9.753480e-01 6.424000e-03 1.822800e-02
25 9.742920e-01 6.288000e-03 1.942000e-02
26 9.730000e-01 6.408000e-03 2.059200e-02
27 9.718440e-01 6.376000e-03 2.178000e-02
28 9.706040e-01 6.568000e-03 2.282800e-02
29 9.693360e-01 6.736000e-03 2.392800e-02
30 9.681320e-01 6.788000e-03 2.508000e-02
31 9.668000e-01 6.948000e-03 2.625200e-02
32 9.654920e-01 6.892000e-03 2.761600e-02
33 9.640960e-01 6.916000e-03 2.898800e-02
34 9.629400e-01 6.796000e-03 3.026400e-02
35 9.616720e-01 6.712000e-03 3.161600e-02
36 9.603200e-01 6.896000e-03 3.278400e-02
37 9.590840e-01 6.900000e-03 3.401600e-02
38 9.578560e-01 7.004000e-03 3.514000e-02
39 9.566680e-01 6.892000e-03 3.644000e-02
40 9.553240e-01 7.012000e-03 3.766400e-02
41 9.538200e-01 7.260000e-03 3.892000e-02
42 9.524760e-01 7.304000e-03 4.022000e-02
43 9.510160e-01 7.508000e-03 4.147600e-02
44 9.497080e-01 7.512000e-03 4.278000e-02
45 9.484640e-01 7.408000e-03 4.412800e-02
46 9.471320e-01 7.476000e-03 4.539200e-02
47 9.457720e-01 7.544000e-03 4.668400e-02
48 9.442600e-01 7.768000e-03 4.797200e-02
49 9.427520e-01 7.800000e-03 4.944800e-02
50 9.412760e-01 7.932000e-03 5.079200e-02
51 9.397480e-01 8.080000e-03 5.217200e-02
52 9.381960e-01 8.228000e-03 5.357600e-02
53 9.365680e-01 8.368000e-03 5.506400e-02
54 9.350800e-01 8.228000e-03 5.669200e-02
55 9.336920e-01 8.292000e-03 5.801600e-02
56 9.322240e-01 8.308000e-03 5.946800e-02
57 9.307280e-01 8.420000e-03 6.085200e-02
58 9.292920e-01 8.388000e-03 6.232000e-02
59 9.279000e-01 8.448000e-03 6.365200e-02
60 9.264000e-01 8.456000e-03 6.514400e-02
61 9.248120e-01 8.480000e-03 6.670800e-02
62 9.233360e-01 8.408000e-03 6.825600e-02
63 9.217960e-01 8.472000e-03 6.973200e-02
64 9.202160e-01 8.648000e-03 7.113600e-02
65 9.187640e-01 8.604000e-03 7.263200e-02
66 9.173800e-01 8.412000e-03 7.420800e-02
67 9.160800e-01 8.248000e-03 7.567200e-02
68 9.147160e-01 8.140000e-03 7.714400e-02
69 9.134120e-01 7.976000e-03 7.861200e-02
70 9.120520e-01 7.988000e-03 7.996000e-02
71 9.107440e-01 7.980000e-03 8.127600e-02
72 9.095280e-01 7.768000e-03 8.270400e-02
73 9.081880e-01 7.828000e-03 8.398400e-02
74 9.068160e-01 7.940000e-03 8.524400e-02
75 9.055320e-01 7.888000e-03 8.658000e-02
76 9.042160e-01 7.832000e-03 8.795200e-02
77 9.028200e-01 7.864000e-03 8.931600e-02
78 9.015080e-01 7.812000e-03 9.068000e-02
79 9.002160e-01 7.736000e-03 9.204800e-02
80 8.989520e-01 7.640000e-03 9.340800e-02
81 8.975000e-01 7.772000e-03 9.472800e-02
82 8.962440e-01 7.696000e-03 9.606000e-02
83 8.949200e-01 7.720000e-03 9.736000e-02
84 8.936200e-01 7.744000e-03 9.863600e-02
85 8.922760e-01 7.788000e-03 9.993600e-02
86 8.906440e-01 7.884000e-03 1.014720e-01
87 8.892480e-01 7.852000e-03 1.029000e-01
88 8.880040e-01 7.748000e-03 1.042480e-01
89 8.867720e-01 7.760000e-03 1.054680e-01
90 8.854720e-01 7.700000e-03 1.068280e-01
91 8.841360e-01 7.648000e-03 1.082160e-01
92 8.829600e-01 7.472000e-03 1.095680e-01
93 8.815960e-01 7.504000e-03 1.109000e-01
94 8.803760e-01 7.444000e-03 1.121800e-01
95 8.792360e-01 7.268000e-03 1.134960e-01
96 8.781680e-01 7.208000e-03 1.146240e-01
97 8.770360e-01 7.060000e-03 1.159040e-01
98 8.758200e-01 6.836000e-03 1.173440e-01
99 8.747360e-01 6.508000e-03 1.187560e-01
100 8.736080e-01 6.452000e-03 1.199400e-01
101 8.724520e-01 6.500000e-03 1.210480e-01
102 8.714360e-01 6.444000e-03 1.221200e-01
103 8.704080e-01 6.364000e-03 1.232280e-01
104 8.693160e-01 6.348000e-03 1.243360e-01
105 8.682720e-01 6.276000e-03 1.254520e-01
106 8.671160e-01 6.336000e-03 1.265480e-01
107 8.660120e-01 6.336000e-03 1.276520e-01
108 8.647840e-01 6.444000e-03 1.287720e-01
109 8.636320e-01 6.448000e-03 1.299200e-01
110 8.625600e-01 6.300000e-03 1.311400e-01
111 8.613480e-01 6.360000e-03 1.322920e-01
112 8.601520e-01 6.408000e-03 1.334400e-01
113 8.591360e-01 6.300000e-03 1.345640e-01
114 8.580960e-01 6.232000e-03 1.356720e-01
115 8.569280e-01 6.296000e-03 1.367760e-01
116 8.557640e-01 6.332000e-03 1.379040e-01
117 8.547440e-01 6.140000e-03 1.391160e-01
118 8.537640e-01 6.052000e-03 1.401840e-01
119 8.526360e-01 6.184000e-03 1.411800e-01
120 8.516200e-01 6.108000e-03 1.422720e-01
121 8.506120e-01 5.928000e-03 1.434600e-01
122 8.496440e-01 5.848000e-03 1.445080e-01
123 8.486080e-01 5.928000e-03 1.454640e-01
124 8.475920e-01 5.920000e-03 1.464880e-01
125 8.466280e-01 5.780000e-03 1.475920e-01
126 8.454720e-01 5.972000e-03 1.485560e-01
127 8.443000e-01 6.128000e-03 1.495720e-01
128 8.431680e-01 6.248000e-03 1.505840e-01
129 8.420720e-01 6.248000e-03 1.516800e-01
130 8.409280e-01 6.356000e-03 1.527160e-01
131 8.397800e-01 6.392000e-03 1.538280e-01
132 8.385960e-01 6.464000e-03 1.549400e-01
133 8.376200e-01 6.304000e-03 1.560760e-01
134 8.365320e-01 6.176000e-03 1.572920e-01
135 8.352480e-01 6.384000e-03 1.583680e-01
136 8.342000e-01 6.276000e-03 1.595240e-01
137 8.331280e-01 6.360000e-03 1.605120e-01
138 8.319880e-01 6.312000e-03 1.617000e-01
139 8.310000e-01 6.372000e-03 1.626280e-01
140 8.297600e-01 6.488000e-03 1.637520e-01
141 8.285560e-01 6.652000e-03 1.647920e-01
142 8.274480e-01 6.620000e-03 1.659320e-01
143 8.262680e-01 6.636000e-03 1.670960e-01
144 8.250720e-01 6.652000e-03 1.682760e-01
145 8.239160e-01 6.632000e-03 1.694520e-01
146 8.228120e-01 6.516000e-03 1.706720e-01
147 8.216720e-01 6.488000e-03 1.718400e-01
148 8.205120e-01 6.516000e-03 1.729720e-01
149 8.193720e-01 6.492000e-03 1.741360e-01
150 8.182400e-01 6.516000e-03 1.752440e-01
151 8.171240e-01 6.500000e-03 1.763760e-01
152 8.160160e-01 6.476000e-03 1.775080e-01
153 8.149080e-01 6.408000e-03 1.786840e-01
154 8.139520e-01 6.312000e-03 1.797360e-01
155 8.128680e-01 6.332000e-03 1.808000e-01
156 8.117400e-01 6.368000e-03 1.818920e-01
157 8.104920e-01 6.496000e-03 1.830120e-01
158 8.093360e-01 6.416000e-03 1.842480e-01
159 8.081080e-01 6.640000e-03 1.852520e-01
160 8.069400e-01 6.636000e-03 1.864240e-01
161 8.055840e-01 6.752000e-03 1.876640e-01
162 8.043360e-01 6.860000e-03 1.888040e-01
163 8.031400e-01 6.856000e-03 1.900040e-01
164 8.019320e-01 6.968000e-03 1.911000e-01
165 8.008120e-01 6.868000e-03 1.923200e-01
166 7.997160e-01 6.780000e-03 1.935040e-01
167 7.985520e-01 6.732000e-03 1.947160e-01
168 7.974240e-01 6.684000e-03 1.958920e-01
169 7.963920e-01 6.604000e-03 1.970040e-01
170 7.952680e-01 6.552000e-03 1.981800e-01
171 7.941440e-01 6.572000e-03 1.992840e-01
172 7.930920e-01 6.444000e-03 2.004640e-01
173 7.918960e-01 6.384000e-03 2.017200e-01
174 7.909840e-01 6.144000e-03 2.028720e-01
175 7.899520e-01 6.168000e-03 2.038800e-01
176 7.889080e-01 6.248000e-03 2.048440e-01
177 7.878000e-01 6.232000e-03 2.059680e-01
178 7.867960e-01 6.148000e-03 2.070560e-01
179 7.855880e-01 6.376000e-03 2.080360e-01
180 7.845120e-01 6.284000e-03 2.092040e-01
181 7.834760e-01 6.244000e-03 2.102800e-01
182 7.824240e-01 6.224000e-03 2.113520e-01
183 7.815840e-01 5.984000e-03 2.124320e-01
184 7.806480e-01 5.860000e-03 2.134920e-01
185 7.796840e-01 5.736000e-03 2.145800e-01
186 7.788520e-01 5.584000e-03 2.155640e-01
187 7.780720e-01 5.432000e-03 2.164960e-01
188 7.772200e-01 5.312000e-03 2.174680e-01
189 7.763800e-01 5.312000e-03 2.183080e-01
190 7.755480e-01 5.260000e-03 2.191920e-01
191 7.746760e-01 5.096000e-03 2.202280e-01
192 7.739000e-01 4.888000e-03 2.212120e-01
193 7.731640e-01 4.732000e-03 2.221040e-01
194 7.724760e-01 4.528000e-03 2.229960e-01
195 7.716880e-01 4.532000e-03 2.237800e-01
196 7.710360e-01 4.396000e-03 2.245680e-01
197 7.703080e-01 4.372000e-03 2.253200e-01
198 7.696000e-01 4.320000e-03 2.260800e-01
199 7.689960e-01 4.136000e-03 2.268680e-01
200 7.683440e-01 4.156000e-03 2.275000e-01
201 7.675800e-01 4.216000e-03 2.282040e-01
202 7.669400e-01 4.160000e-03 2.289000e-01
203 7.662560e-01 4.088000e-03 2.296560e-01
204 7.655640e-01 4.060000e-03 2.303760e-01
205 7.648680e-01 3.996000e-03 2.311360e-01
206 7.641360e-01 4.044000e-03 2.318200e-01
207 7.632480e-01 4.288000e-03 2.324640e-01
208 7.625280e-01 4.300000e-03 2.331720e-01
209 7.616880e-01 4.324000e-03 2.339880e-01
210 7.609080e-01 4.436000e-03 2.346560e-01
211 7.601440e-01 4.508000e-03 2.353480e-01
212 7.594720e-01 4.368000e-03 2.361600e-01
213 7.588200e-01 4.280000e-03 2.369000e-01
214 7.580440e-01 4.300000e-03 2.376560e-01
215 7.573280e-01 4.256000e-03 2.384160e-01
216 7.565680e-01 4.240000e-03 2.391920e-01
217 7.559360e-01 4.124000e-03 2.399400e-01
218 7.552640e-01 4.124000e-03 2.406120e-01
219 7.545240e-01 4.184000e-03 2.412920e-01
220 7.537000e-01 4.288000e-03 2.420120e-01
221 7.530280e-01 4.216000e-03 2.427560e-01
222 7.523160e-01 4.228000e-03 2.434560e-01
223 7.515760e-01 4.316000e-03 2.441080e-01
224 7.508640e-01 4.280000e-03 2.448560e-01
225 7.501480e-01 4.236000e-03 2.456160e-01
226 7.494520e-01 4.176000e-03 2.463720e-01
227 7.486120e-01 4.240000e-03 2.471480e-01
228 7.479280e-01 4.132000e-03 2.479400e-01
229 7.473040e-01 4.060000e-03 2.486360e-01
230 7.467600e-01 3.888000e-03 2.493520e-01
231 7.461320e-01 3.824000e-03 2.500440e-01
232 7.455400e-01 3.764000e-03 2.506960e-01
233 7.450120e-01 3.564000e-03 2.514240e-01
234 7.445000e-01 3.556000e-03 2.519440e-01
235 7.439640e-01 3.496000e-03 2.525400e-01
236 7.433680e-01 3.504000e-03 2.531280e-01
237 7.428240e-01 3.472000e-03 2.537040e-01
238 7.422480e-01 3.376000e-03 2.543760e-01
239 7.416120e-01 3.368000e-03 2.550200e-01
240 7.411080e-01 3.240000e-03 2.556520e-01
241 7.405560e-01 3.252000e-03 2.561920e-01
242 7.400560e-01 3.160000e-03 2.567840e-01
243 7.394840e-01 3.172000e-03 2.573440e-01
244 7.389000e-01 3.228000e-03 2.578720e-01
245 7.383800e-01 3.248000e-03 2.583720e-01
246 7.377600e-01 3.276000e-03 2.589640e-01
247 7.371800e-01 3.300000e-03 2.595200e-01
248 7.366640e-01 3.168000e-03 2.601680e-01
249 7.360800e-01 3.200000e-03 2.607200e-01
250 7.355400e-01 3.216000e-03 2.612440e-01
251 7.349800e-01 3.240000e-03 2.617800e-01
252 7.344200e-01 3.248000e-03 2.623320e-01
253 7.338480e-01 3.220000e-03 2.629320e-01
254 7.331760e-01 3.364000e-03 2.634600e-01
255 7.326120e-01 3.320000e-03 2.640680e-01
256 7.320360e-01 3.420000e-03 2.645440e-01
257 7.314080e-01 3.456000e-03 2.651360e-01
258 7.307240e-01 3.564000e-03 2.657120e-01
259 7.299920e-01 3.676000e-03 2.663320e-01
260 7.293880e-01 3.672000e-03 2.669400e-01
261 7.288400e-01 3.608000e-03 2.675520e-01
262 7.281680e-01 3.696000e-03 2.681360e-01
263 7.275920e-01 3.656000e-03 2.687520e-01
264 7.269040e-01 3.680000e-03 2.694160e-01
265 7.262880e-01 3.640000e-03 2.700720e-01
266 7.257400e-01 3.588000e-03 2.706720e-01
267 7.250720e-01 3.604000e-03 2.713240e-01
268 7.243960e-01 3.636000e-03 2.719680e-01
269 7.238280e-01 3.576000e-03 2.725960e-01
270 7.231960e-01 3.648000e-03 2.731560e-01
271 7.225720e-01 3.672000e-03 2.737560e-01
272 7.219360e-01 3.628000e-03 2.744360e-01
273 7.213800e-01 3.552000e-03 2.750680e-01
274 7.207240e-01 3.564000e-03 2.757120e-01
275 7.201560e-01 3.460000e-03 2.763840e-01
276 7.196520e-01 3.352000e-03 2.769960e-01
277 7.190880e-01 3.316000e-03 2.775960e-01
278 7.184280e-01 3.428000e-03 2.781440e-01
279 7.178640e-01 3.408000e-03 2.787280e-01
280 7.171800e-01 3.392000e-03 2.794280e-01
281 7.165560e-01 3.432000e-03 2.800120e-01
282 7.160200e-01 3.424000e-03 2.805560e-01
283 7.154440e-01 3.376000e-03 2.811800e-01
284 7.148320e-01 3.312000e-03 2.818560e-01
285 7.143080e-01 3.224000e-03 2.824680e-01
286 7.138200e-01 3.136000e-03 2.830440e-01
287 7.132720e-01 3.172000e-03 2.835560e-01
288 7.127160e-01 3.104000e-03 2.841800e-01
289 7.122760e-01 3.092000e-03 2.846320e-01
290 7.118120e-01 3.016000e-03 2.851720e-01
291 7.113360e-01 3.004000e-03 2.856600e-01
292 7.108400e-01 2.868000e-03 2.862920e-01
293 7.103240e-01 2.896000e-03 2.867800e-01
294 7.099360e-01 2.816000e-03 2.872480e-01
295 7.094560e-01 2.824000e-03 2.877200e-01
296 7.090000e-01 2.864000e-03 2.881360e-01
297 7.085000e-01 2.864000e-03 2.886360e-01
298 7.080320e-01 2.876000e-03 2.890920e-01
299 7.075920e-01 2.816000e-03 2.895920e-01
300 7.071560e-01 2.740000e-03 2.901040e-01
301 7.066880e-01 2.776000e-03 2.905360e-01
302 7.062800e-01 2.708000e-03 2.910120e-01
303 7.058560e-01 2.636000e-03 2.915080e-01
304 7.053640e-01 2.604000e-03 2.920320e-01
305 7.048560e-01 2.712000e-03 2.924320e-01
306 7.042640e-01 2.872000e-03 2.928640e-01
307 7.037200e-01 2.956000e-03 2.933240e-01
308 7.032080e-01 2.992000e-03 2.938000e-01
309 7.027480e-01 2.968000e-03 2.942840e-01
310 7.022320e-01 2.932000e-03 2.948360e-01
311 7.017760e-01 2.856000e-03 2.953680e-01
312 7.013280e-01 2.772000e-03 2.959000e-01
313 7.009280e-01 2.636000e-03 2.964360e-01
314 7.004440e-01 2.628000e-03 2.969280e-01
315 7.000560e-01 2.632000e-03 2.973120e-01
316 6.996440e-01 2.572000e-03 2.977840e-01
317 6.992560e-01 2.516000e-03 2.982280e-01
318 6.988760e-01 2.360000e-03 2.987640e-01
319 6.985440e-01 2.296000e-03 2.991600e-01
320 6.981640e-01 2.340000e-03 2.994960e-01
321 6.977160e-01 2.384000e-03 2.999000e-01
322 6.973440e-01 2.404000e-03 3.002520e-01
323 6.969840e-01 2.320000e-03 3.006960e-01
324 6.966200e-01 2.244000e-03 3.011360e-01
325 6.962160e-01 2.196000e-03 3.015880e-01
326 6.958680e-01 2.148000e-03 3.019840e-01
327 6.954800e-01 2.196000e-03 3.023240e-01
328 6.951840e-01 2.080000e-03 3.027360e-01
329 6.948280e-01 2.068000e-03 3.031040e-01
330 6.944800e-01 2.084000e-03 3.034360e-01
331 6.941600e-01 2.012000e-03 3.038280e-01
332 6.938320e-01 1.928000e-03 3.042400e-01
333 6.935080e-01 1.896000e-03 3.045960e-01
334 6.931400e-01 1.920000e-03 3.049400e-01
335 6.928800e-01 1.916000e-03 3.052040e-01
336 6.925080e-01 1.964000e-03 3.055280e-01
337 6.921400e-01 2.032000e-03 3.058280e-01
338 6.918440e-01 1.932000e-03 3.062240e-01
339 6.914960e-01 1.936000e-03 3.065680e-01
340 6.911880e-01 1.932000e-03 3.068800e-01
341 6.909200e-01 1.852000e-03 3.072280e-01
342 6.906560e-01 1.796000e-03 3.075480e-01
343 6.903200e-01 1.856000e-03 3.078240e-01
344 6.898960e-01 1.948000e-03 3.081560e-01
345 6.895400e-01 1.976000e-03 3.084840e-01
346 6.892120e-01 2.000000e-03 3.087880e-01
347 6.888200e-01 2.064000e-03 3.091160e-01
348 6.884960e-01 1.996000e-03 3.095080e-01
349 6.882240e-01 1.936000e-03 3.098400e-01
350 6.879040e-01 1.944000e-03 3.101520e-01
351 6.875800e-01 1.896000e-03 3.105240e-01
352 6.872960e-01 1.888000e-03 3.108160e-01
353 6.869880e-01 1.928000e-03 3.110840e-01
354 6.866200e-01 1.960000e-03 3.114200e-01
355 6.862800e-01 1.968000e-03 3.117520e-01
356 6.859560e-01 1.868000e-03 3.121760e-01
357 6.856440e-01 1.848000e-03 3.125080e-01
358 6.853080e-01 1.860000e-03 3.128320e-01
359 6.850320e-01 1.840000e-03 3.131280e-01
360 6.847520e-01 1.756000e-03 3.134920e-01
361 6.844760e-01 1.720000e-03 3.138040e-01
362 6.842920e-01 1.596000e-03 3.141120e-01
363 6.840080e-01 1.652000e-03 3.143400e-01
364 6.836400e-01 1.748000e-03 3.146120e-01
365 6.833680e-01 1.724000e-03 3.149080e-01
366 6.830440e-01 1.720000e-03 3.152360e-01
367 6.827520e-01 1.664000e-03 3.155840e-01
368 6.824240e-01 1.648000e-03 3.159280e-01
369 6.820920e-01 1.656000e-03 3.162520e-01
370 6.817840e-01 1.696000e-03 3.165200e-01
371 6.814680e-01 1.708000e-03 3.168240e-01
372 6.811840e-01 1.696000e-03 3.171200e-01
373 6.809360e-01 1.664000e-03 3.174000e-01
374 6.806440e-01 1.640000e-03 3.177160e-01
375 6.803400e-01 1.628000e-03 3.180320e-01
376 6.799840e-01 1.708000e-03 3.183080e-01
377 6.797200e-01 1.704000e-03 3.185760e-01
378 6.793920e-01 1.728000e-03 3.188800e-01
379 6.790960e-01 1.700000e-03 3.192040e-01
380 6.787640e-01 1.720000e-03 3.195160e-01
381 6.784680e-01 1.732000e-03 3.198000e-01
382 6.781200e-01 1.772000e-03 3.201080e-01
383 6.777680e-01 1.780000e-03 3.204520e-01
384 6.773880e-01 1.824000e-03 3.207880e-01
385 6.770840e-01 1.820000e-03 3.210960e-01
386 6.767920e-01 1.784000e-03 3.214240e-01
387 6.765200e-01 1.788000e-03 3.216920e-01
388 6.761840e-01 1.844000e-03 3.219720e-01
389 6.758880e-01 1.776000e-03 3.223360e-01
390 6.756880e-01 1.688000e-03 3.226240e-01
391 6.754520e-01 1.624000e-03 3.229240e-01
392 6.752280e-01 1.544000e-03 3.232280e-01
393 6.749880e-01 1.512000e-03 3.235000e-01
394 6.747800e-01 1.500000e-03 3.237200e-01
395 6.745040e-01 1.500000e-03 3.239960e-01
396 6.742680e-01 1.468000e-03 3.242640e-01
397 6.740440e-01 1.416000e-03 3.245400e-01
398 6.737960e-01 1.428000e-03 3.247760e-01
399 6.734800e-01 1.452000e-03 3.250680e-01
400 6.732080e-01 1.472000e-03 3.253200e-01
401 6.729360e-01 1.500000e-03 3.255640e-01
402 6.726560e-01 1.520000e-03 3.258240e-01
403 6.724480e-01 1.428000e-03 3.261240e-01
404 6.721960e-01 1.444000e-03 3.263600e-01
405 6.719760e-01 1.424000e-03 3.266000e-01
406 6.717480e-01 1.404000e-03 3.268480e-01
407 6.715120e-01 1.376000e-03 3.271120e-01
408 6.712600e-01 1.364000e-03 3.273760e-01
409 6.710040e-01 1.396000e-03 3.276000e-01
410 6.707760e-01 1.424000e-03 3.278000e-01
411 6.706080e-01 1.352000e-03 3.280400e-01
412 6.704040e-01 1.316000e-03 3.282800e-01
413 6.701920e-01 1.300000e-03 3.285080e-01
414 6.700000e-01 1.272000e-03 3.287280e-01
415 6.697040e-01 1.364000e-03 3.289320e-01
416 6.695080e-01 1.328000e-03 3.291640e-01
417 6.692880e-01 1.304000e-03 3.294080e-01
418 6.690720e-01 1.308000e-03 3.296200e-01
419 6.688320e-01 1.340000e-03 3.298280e-01
420 6.686160e-01 1.352000e-03 3.300320e-01
421 6.684200e-01 1.268000e-03 3.303120e-01
422 6.682640e-01 1.224000e-03 3.305120e-01
423 6.681040e-01 1.212000e-03 3.306840e-01
424 6.678640e-01 1.228000e-03 3.309080e-01
425 6.676480e-01 1.228000e-03 3.311240e-01
426 6.674440e-01 1.224000e-03 3.313320e-01
427 6.671840e-01 1.288000e-03 3.315280e-01
428 6.669400e-01 1.336000e-03 3.317240e-01
429 6.666920e-01 1.372000e-03 3.319360e-01
430 6.664880e-01 1.324000e-03 3.321880e-01
431 6.662560e-01 1.296000e-03 3.324480e-01
432 6.660520e-01 1.316000e-03 3.326320e-01
433 6.658880e-01 1.272000e-03 3.328400e-01
434 6.656720e-01 1.304000e-03 3.330240e-01
435 6.654440e-01 1.292000e-03 3.332640e-01
436 6.652440e-01 1.324000e-03 3.334320e-01
437 6.650120e-01 1.284000e-03 3.337040e-01
438 6.647640e-01 1.256000e-03 3.339800e-01
439 6.644960e-01 1.288000e-03 3.342160e-01
440 6.643200e-01 1.252000e-03 3.344280e-01
441 6.641280e-01 1.264000e-03 3.346080e-01
442 6.639440e-01 1.248000e-03 3.348080e-01
443 6.637560e-01 1.216000e-03 3.350280e-01
444 6.635320e-01 1.220000e-03 3.352480e-01
445 6.633680e-01 1.188000e-03 3.354440e-01
446 6.631440e-01 1.240000e-03 3.356160e-01
447 6.629440e-01 1.268000e-03 3.357880e-01
448 6.627520e-01 1.252000e-03 3.359960e-01
449 6.625280e-01 1.232000e-03 3.362400e-01
450 6.622640e-01 1.228000e-03 3.365080e-01
451 6.620840e-01 1.200000e-03 3.367160e-01
452 6.618680e-01 1.196000e-03 3.369360e-01
453 6.616960e-01 1.140000e-03 3.371640e-01
454 6.614800e-01 1.144000e-03 3.373760e-01
455 6.613160e-01 1.116000e-03 3.375680e-01
456 6.610880e-01 1.160000e-03 3.377520e-01
457 6.609120e-01 1.172000e-03 3.379160e-01
458 6.607520e-01 1.148000e-03 3.381000e-01
459 6.605120e-01 1.196000e-03 3.382920e-01
460 6.603400e-01 1.156000e-03 3.385040e-01
461 6.601840e-01 1.160000e-03 3.386560e-01
462 6.600160e-01 1.160000e-03 3.388240e-01
463 6.598200e-01 1.196000e-03 3.389840e-01
464 6.596280e-01 1.184000e-03 3.391880e-01
465 6.594680e-01 1.176000e-03 3.393560e-01
466 6.593240e-01 1.120000e-03 3.395560e-01
467 6.591960e-01 1.036000e-03 3.397680e-01
468 6.590320e-01 1.028000e-03 3.399400e-01
469 6.588840e-01 9.720000e-04 3.401440e-01
470 6.587440e-01 9.320000e-04 3.403240e-01
471 6.585600e-01 9.400000e-04 3.405000e-01
472 6.583840e-01 9.560000e-04 3.406600e-01
473 6.582160e-01 9.800000e-04 3.408040e-01
474 6.580600e-01 9.360000e-04 3.410040e-01
475 6.579040e-01 9.560000e-04 3.411400e-01
476 6.577160e-01 9.760000e-04 3.413080e-01
477 6.575640e-01 1.000000e-03 3.414360e-01
478 6.574040e-01 1.024000e-03 3.415720e-01
479 6.571920e-01 1.068000e-03 3.417400e-01
480 6.570160e-01 1.016000e-03 3.419680e-01
481 6.568320e-01 1.008000e-03 3.421600e-01
482 6.566640e-01 9.960000e-04 3.423400e-01
483 6.564560e-01 1.072000e-03 3.424720e-01
484 6.562680e-01 1.076000e-03 3.426560e-01
485 6.559960e-01 1.164000e-03 3.428400e-01
486 6.557840e-01 1.168000e-03 3.430480e-01
487 6.555520e-01 1.176000e-03 3.432720e-01
488 6.553240e-01 1.204000e-03 3.434720e-01
489 6.551120e-01 1.164000e-03 3.437240e-01
490 6.549040e-01 1.132000e-03 3.439640e-01
491 6.547200e-01 1.092000e-03 3.441880e-01
492 6.545080e-01 1.084000e-03 3.444080e-01
493 6.542960e-01 1.112000e-03 3.445920e-01
494 6.541320e-01 1.096000e-03 3.447720e-01
495 6.539120e-01 1.128000e-03 3.449600e-01
496 6.537240e-01 1.088000e-03 3.451880e-01
497 6.534960e-01 1.152000e-03 3.453520e-01
498 6.533120e-01 1.168000e-03 3.455200e-01
499 6.530920e-01 1.148000e-03 3.457600e-01
500 6.529480e-01 1.112000e-03 3.459400e-01
