1 9.991640e-01 7.520000e-04 8.400000e-05
2 9.986200e-01 1.140000e-03 2.400000e-04
3 9.980200e-01 1.524000e-03 4.560000e-04
4 9.973400e-01 1.944000e-03 7.160000e-04
5 9.965840e-01 2.328000e-03 1.088000e-03
6 9.957080e-01 2.728000e-03 1.564000e-03
7 9.949120e-01 3.000000e-03 2.088000e-03
8 9.940440e-01 3.312000e-03 2.644000e-03
9 9.929920e-01 3.844000e-03 3.164000e-03
10 9.920200e-01 4.088000e-03 3.892000e-03
11 9.908720e-01 4.516000e-03 4.612000e-03
12 9.898080e-01 4.736000e-03 5.456000e-03
13 9.885960e-01 5.132000e-03 6.272000e-03
14 9.874000e-01 5.448000e-03 7.152000e-03
15 9.862600e-01 5.596000e-03 8.144000e-03
16 9.850600e-01 5.768000e-03 9.172000e-03
17 9.837240e-01 6.112000e-03 1.016400e-02
18 9.825600e-01 6.176000e-03 1.126400e-02
19 9.812120e-01 6.412000e-03 1.237600e-02
20 9.800320e-01 6.444000e-03 1.352400e-02
21 9.788000e-01 6.532000e-03 1.466800e-02
22 9.776200e-01 6.564000e-03 1.581600e-02
23 9.763960e-01 6.556000e-03 1.704800e-02
24 9.749160e-01 6.836000e-03 1.824800e-02
25 9.735960e-01 6.988000e-03 1.941600e-02
26 9.722360e-01 7.036000e-03 2.072800e-02
27 9.708560e-01 7.180000e-03 2.196400e-02
28 9.696560e-01 7.160000e-03 2.318400e-02
29 9.680400e-01 7.512000e-03 2.444800e-02
30 9.666760e-01 7.584000e-03 2.574000e-02
31 9.653160e-01 7.556000e-03 2.712800e-02
32 9.639680e-01 7.600000e-03 2.843200e-02
33 9.626280e-01 7.536000e-03 2.983600e-02
34 9.613920e-01 7.568000e-03 3.104000e-02
35 9.598960e-01 7.760000e-03 3.234400e-02
36 9.585880e-01 7.804000e-03 3.360800e-02
37 9.571160e-01 7.916000e-03 3.496800e-02
38 9.554320e-01 8.196000e-03 3.637200e-02
39 9.538680e-01 8.340000e-03 3.779200e-02
40 9.523560e-01 8.324000e-03 3.932000e-02
41 9.508120e-01 8.496000e-03 4.069200e-02
42 9.492840e-01 8.540000e-03 4.217600e-02
43 9.477360e-01 8.656000e-03 4.360800e-02
44 9.462880e-01 8.624000e-03 4.508800e-02
45 9.447920e-01 8.536000e-03 4.667200e-02
46 9.433200e-01 8.548000e-03 4.813200e-02
47 9.417880e-01 8.560000e-03 4.965200e-02
48 9.401520e-01 8.616000e-03 5.123200e-02
49 9.386680e-01 8.652000e-03 5.268000e-02
50 9.370960e-01 8.712000e-03 5.419200e-02
51 9.355160e-01 8.792000e-03 5.569200e-02
52 9.339320e-01 8.784000e-03 5.728400e-02
53 9.324680e-01 8.680000e-03 5.885200e-02
54 9.309080e-01 8.684000e-03 6.040800e-02
55 9.291600e-01 8.952000e-03 6.188800e-02
56 9.275720e-01 8.960000e-03 6.346800e-02
57 9.259640e-01 8.956000e-03 6.508000e-02
58 9.246680e-01 8.648000e-03 6.668400e-02
59 9.232800e-01 8.648000e-03 6.807200e-02
60 9.219120e-01 8.512000e-03 6.957600e-02
61 9.204080e-01 8.488000e-03 7.110400e-02
62 9.189120e-01 8.592000e-03 7.249600e-02
63 9.174400e-01 8.608000e-03 7.395200e-02
64 9.160680e-01 8.436000e-03 7.549600e-02
65 9.146720e-01 8.396000e-03 7.693200e-02
66 9.132880e-01 8.380000e-03 7.833200e-02
67 9.120320e-01 8.144000e-03 7.982400e-02
68 9.107240e-01 8.036000e-03 8.124000e-02
69 9.093520e-01 7.956000e-03 8.269200e-02
70 9.079920e-01 7.924000e-03 8.408400e-02
71 9.066760e-01 7.732000e-03 8.559200e-02
72 9.054120e-01 7.748000e-03 8.684000e-02
73 9.041120e-01 7.724000e-03 8.816400e-02
74 9.028160e-01 7.572000e-03 8.961200e-02
75 9.016720e-01 7.292000e-03 9.103600e-02
76 9.004320e-01 7.328000e-03 9.224000e-02
77 8.992440e-01 7.192000e-03 9.356400e-02
78 8.979520e-01 7.296000e-03 9.475200e-02
79 8.966320e-01 7.292000e-03 9.607600e-02
80 8.953920e-01 7.276000e-03 9.733200e-02
81 8.941520e-01 7.220000e-03 9.862800e-02
82 8.928320e-01 7.228000e-03 9.994000e-02
83 8.915800e-01 7.228000e-03 1.011920e-01
84 8.903440e-01 7.204000e-03 1.024520e-01
85 8.890160e-01 7.264000e-03 1.037200e-01
86 8.877360e-01 7.404000e-03 1.048600e-01
87 8.864240e-01 7.516000e-03 1.060600e-01
88 8.850320e-01 7.632000e-03 1.073360e-01
89 8.837480e-01 7.676000e-03 1.085760e-01
90 8.826000e-01 7.480000e-03 1.099200e-01
91 8.812600e-01 7.552000e-03 1.111880e-01
92 8.800200e-01 7.352000e-03 1.126280e-01
93 8.789160e-01 7.088000e-03 1.139960e-01
94 8.778640e-01 6.948000e-03 1.151880e-01
95 8.767160e-01 6.896000e-03 1.163880e-01
96 8.754560e-01 6.984000e-03 1.175600e-01
97 8.741640e-01 7.060000e-03 1.187760e-01
98 8.729840e-01 7.028000e-03 1.199880e-01
99 8.718000e-01 6.928000e-03 1.212720e-01
100 8.706680e-01 6.780000e-03 1.225520e-01
101 8.693640e-01 6.876000e-03 1.237600e-01
102 8.680400e-01 6.932000e-03 1.250280e-01
103 8.667880e-01 6.980000e-03 1.262320e-01
104 8.655280e-01 6.992000e-03 1.274800e-01
105 8.641560e-01 7.092000e-03 1.287520e-01
106 8.628440e-01 7.080000e-03 1.300760e-01
107 8.616760e-01 7.048000e-03 1.312760e-01
108 8.604160e-01 7.108000e-03 1.324760e-01
109 8.590880e-01 7.116000e-03 1.337960e-01
110 8.578000e-01 7.156000e-03 1.350440e-01
111 8.565080e-01 7.148000e-03 1.363440e-01
112 8.551880e-01 7.128000e-03 1.376840e-01
113 8.538040e-01 7.276000e-03 1.389200e-01
114 8.525480e-01 7.224000e-03 1.402280e-01
115 8.511560e-01 7.388000e-03 1.414560e-01
116 8.497560e-01 7.500000e-03 1.427440e-01
117 8.484920e-01 7.444000e-03 1.440640e-01
118 8.471360e-01 7.584000e-03 1.452800e-01
119 8.459080e-01 7.640000e-03 1.464520e-01
120 8.446320e-01 7.524000e-03 1.478440e-01
121 8.434000e-01 7.464000e-03 1.491360e-01
122 8.422320e-01 7.452000e-03 1.503160e-01
123 8.411520e-01 7.240000e-03 1.516080e-01
124 8.399280e-01 7.140000e-03 1.529320e-01
125 8.387680e-01 7.032000e-03 1.542000e-01
126 8.376200e-01 6.932000e-03 1.554480e-01
127 8.364320e-01 6.796000e-03 1.567720e-01
128 8.352760e-01 6.768000e-03 1.579560e-01
129 8.339640e-01 6.912000e-03 1.591240e-01
130 8.328440e-01 6.768000e-03 1.603880e-01
131 8.315480e-01 6.880000e-03 1.615720e-01
132 8.305040e-01 6.724000e-03 1.627720e-01
133 8.294280e-01 6.700000e-03 1.638720e-01
134 8.282960e-01 6.764000e-03 1.649400e-01
135 8.272160e-01 6.672000e-03 1.661120e-01
136 8.258800e-01 6.788000e-03 1.673320e-01
137 8.247360e-01 6.656000e-03 1.686080e-01
138 8.236680e-01 6.580000e-03 1.697520e-01
139 8.223760e-01 6.664000e-03 1.709600e-01
140 8.213480e-01 6.496000e-03 1.721560e-01
141 8.203680e-01 6.284000e-03 1.733480e-01
142 8.193400e-01 6.192000e-03 1.744680e-01
143 8.182040e-01 6.296000e-03 1.755000e-01
144 8.170080e-01 6.368000e-03 1.766240e-01
145 8.157840e-01 6.484000e-03 1.777320e-01
146 8.146960e-01 6.440000e-03 1.788640e-01
147 8.136040e-01 6.440000e-03 1.799560e-01
148 8.125880e-01 6.376000e-03 1.810360e-01
149 8.114360e-01 6.384000e-03 1.821800e-01
150 8.102640e-01 6.408000e-03 1.833280e-01
151 8.091920e-01 6.360000e-03 1.844480e-01
152 8.081560e-01 6.296000e-03 1.855480e-01
153 8.069640e-01 6.360000e-03 1.866760e-01
154 8.059160e-01 6.324000e-03 1.877600e-01
155 8.047960e-01 6.340000e-03 1.888640e-01
156 8.037560e-01 6.336000e-03 1.899080e-01
157 8.025440e-01 6.492000e-03 1.909640e-01
158 8.013760e-01 6.560000e-03 1.920640e-01
159 8.002760e-01 6.520000e-03 1.932040e-01
160 7.990440e-01 6.552000e-03 1.944040e-01
161 7.979240e-01 6.596000e-03 1.954800e-01
162 7.967800e-01 6.596000e-03 1.966240e-01
163 7.956800e-01 6.516000e-03 1.978040e-01
164 7.948000e-01 6.292000e-03 1.989080e-01
165 7.937920e-01 6.260000e-03 1.999480e-01
166 7.927520e-01 6.248000e-03 2.010000e-01
167 7.919080e-01 5.996000e-03 2.020960e-01
168 7.909760e-01 5.764000e-03 2.032600e-01
169 7.900760e-01 5.644000e-03 2.042800e-01
170 7.891880e-01 5.568000e-03 2.052440e-01
171 7.883880e-01 5.496000e-03 2.061160e-01
172 7.875000e-01 5.536000e-03 2.069640e-01
173 7.866200e-01 5.392000e-03 2.079880e-01
174 7.857600e-01 5.240000e-03 2.090000e-01
175 7.849440e-01 5.128000e-03 2.099280e-01
176 7.840480e-01 5.108000e-03 2.108440e-01
177 7.831640e-01 5.036000e-03 2.118000e-01
178 7.823000e-01 5.052000e-03 2.126480e-01
179 7.814600e-01 4.996000e-03 2.135440e-01
180 7.807120e-01 4.944000e-03 2.143440e-01
181 7.799120e-01 4.912000e-03 2.151760e-01
182 7.791840e-01 4.892000e-03 2.159240e-01
183 7.783560e-01 4.900000e-03 2.167440e-01
184 7.776040e-01 4.936000e-03 2.174600e-01
185 7.767560e-01 4.936000e-03 2.183080e-01
186 7.759600e-01 4.860000e-03 2.191800e-01
187 7.751560e-01 4.900000e-03 2.199440e-01
188 7.743560e-01 4.752000e-03 2.208920e-01
189 7.735400e-01 4.716000e-03 2.217440e-01
190 7.726560e-01 4.816000e-03 2.225280e-01
191 7.718920e-01 4.768000e-03 2.233400e-01
192 7.711120e-01 4.644000e-03 2.242440e-01
193 7.702320e-01 4.728000e-03 2.250400e-01
194 7.695080e-01 4.580000e-03 2.259120e-01
195 7.687440e-01 4.460000e-03 2.267960e-01
196 7.680440e-01 4.424000e-03 2.275320e-01
197 7.673080e-01 4.368000e-03 2.283240e-01
198 7.665120e-01 4.392000e-03 2.290960e-01
199 7.658040e-01 4.292000e-03 2.299040e-01
200 7.650560e-01 4.276000e-03 2.306680e-01
201 7.642160e-01 4.352000e-03 2.314320e-01
202 7.635040e-01 4.320000e-03 2.321760e-01
203 7.627440e-01 4.184000e-03 2.330720e-01
204 7.619240e-01 4.272000e-03 2.338040e-01
205 7.611680e-01 4.288000e-03 2.345440e-01
206 7.603200e-01 4.396000e-03 2.352840e-01
207 7.596440e-01 4.380000e-03 2.359760e-01
208 7.589960e-01 4.268000e-03 2.367360e-01
209 7.582320e-01 4.280000e-03 2.374880e-01
210 7.575240e-01 4.072000e-03 2.384040e-01
211 7.567520e-01 4.152000e-03 2.390960e-01
212 7.558840e-01 4.228000e-03 2.398880e-01
213 7.551640e-01 4.196000e-03 2.406400e-01
214 7.543880e-01 4.284000e-03 2.413280e-01
215 7.536600e-01 4.240000e-03 2.421000e-01
216 7.529200e-01 4.284000e-03 2.427960e-01
217 7.521840e-01 4.300000e-03 2.435160e-01
218 7.514720e-01 4.208000e-03 2.443200e-01
219 7.508000e-01 4.124000e-03 2.450760e-01
220 7.501080e-01 4.104000e-03 2.457880e-01
221 7.493440e-01 4.252000e-03 2.464040e-01
222 7.485920e-01 4.164000e-03 2.472440e-01
223 7.478760e-01 4.196000e-03 2.479280e-01
224 7.471600e-01 4.220000e-03 2.486200e-01
225 7.463560e-01 4.376000e-03 2.492680e-01
226 7.456600e-01 4.240000e-03 2.501000e-01
227 7.450160e-01 4.112000e-03 2.508720e-01
228 7.443120e-01 4.104000e-03 2.515840e-01
229 7.436360e-01 4.064000e-03 2.523000e-01
230 7.430400e-01 4.032000e-03 2.529280e-01
231 7.424200e-01 3.940000e-03 2.536400e-01
232 7.417720e-01 3.856000e-03 2.543720e-01
233 7.412640e-01 3.708000e-03 2.550280e-01
234 7.406640e-01 3.648000e-03 2.556880e-01
235 7.400440e-01 3.564000e-03 2.563920e-01
236 7.394440e-01 3.484000e-03 2.570720e-01
237 7.388200e-01 3.528000e-03 2.576520e-01
238 7.381800e-01 3.604000e-03 2.582160e-01
239 7.376160e-01 3.488000e-03 2.588960e-01
240 7.370640e-01 3.384000e-03 2.595520e-01
241 7.364680e-01 3.356000e-03 2.601760e-01
242 7.359240e-01 3.276000e-03 2.608000e-01
243 7.353880e-01 3.288000e-03 2.613240e-01
244 7.348640e-01 3.192000e-03 2.619440e-01
245 7.342840e-01 3.244000e-03 2.624720e-01
246 7.338200e-01 3.200000e-03 2.629800e-01
247 7.332960e-01 3.208000e-03 2.634960e-01
248 7.327840e-01 3.172000e-03 2.640440e-01
249 7.322240e-01 3.212000e-03 2.645640e-01
250 7.317040e-01 3.200000e-03 2.650960e-01
251 7.311880e-01 3.192000e-03 2.656200e-01
252 7.305720e-01 3.252000e-03 2.661760e-01
253 7.301240e-01 3.128000e-03 2.667480e-01
254 7.296920e-01 3.028000e-03 2.672800e-01
255 7.292360e-01 2.964000e-03 2.678000e-01
256 7.287800e-01 2.952000e-03 2.682680e-01
257 7.283480e-01 2.804000e-03 2.688480e-01
258 7.278320e-01 2.828000e-03 2.693400e-01
259 7.274160e-01 2.752000e-03 2.698320e-01
260 7.269280e-01 2.720000e-03 2.703520e-01
261 7.264480e-01 2.720000e-03 2.708320e-01
262 7.258840e-01 2.836000e-03 2.712800e-01
263 7.253680e-01 2.820000e-03 2.718120e-01
264 7.247600e-01 2.956000e-03 2.722840e-01
265 7.242160e-01 2.988000e-03 2.727960e-01
266 7.236600e-01 3.004000e-03 2.733360e-01
267 7.230920e-01 3.032000e-03 2.738760e-01
268 7.225360e-01 3.080000e-03 2.743840e-01
269 7.219880e-01 3.088000e-03 2.749240e-01
270 7.215200e-01 2.984000e-03 2.754960e-01
271 7.210120e-01 2.944000e-03 2.760440e-01
272 7.204840e-01 3.024000e-03 2.764920e-01
273 7.200760e-01 2.952000e-03 2.769720e-01
274 7.196400e-01 2.912000e-03 2.774480e-01
275 7.191960e-01 2.824000e-03 2.779800e-01
276 7.186960e-01 2.848000e-03 2.784560e-01
277 7.182280e-01 2.868000e-03 2.789040e-01
278 7.177600e-01 2.800000e-03 2.794400e-01
279 7.173640e-01 2.652000e-03 2.799840e-01
280 7.168960e-01 2.700000e-03 2.804040e-01
281 7.164600e-01 2.620000e-03 2.809200e-01
282 7.159280e-01 2.672000e-03 2.814000e-01
283 7.155080e-01 2.712000e-03 2.817800e-01
284 7.150760e-01 2.676000e-03 2.822480e-01
285 7.146320e-01 2.636000e-03 2.827320e-01
286 7.142320e-01 2.572000e-03 2.831960e-01
287 7.138600e-01 2.492000e-03 2.836480e-01
288 7.134360e-01 2.460000e-03 2.841040e-01
289 7.129720e-01 2.464000e-03 2.845640e-01
290 7.125360e-01 2.416000e-03 2.850480e-01
291 7.121520e-01 2.356000e-03 2.854920e-01
292 7.117160e-01 2.376000e-03 2.859080e-01
293 7.112960e-01 2.372000e-03 2.863320e-01
294 7.108720e-01 2.388000e-03 2.867400e-01
295 7.105440e-01 2.368000e-03 2.870880e-01
296 7.102000e-01 2.320000e-03 2.874800e-01
297 7.097240e-01 2.424000e-03 2.878520e-01
298 7.093640e-01 2.328000e-03 2.883080e-01
299 7.090600e-01 2.264000e-03 2.886760e-01
300 7.087480e-01 2.212000e-03 2.890400e-01
301 7.084240e-01 2.228000e-03 2.893480e-01
302 7.081560e-01 2.160000e-03 2.896840e-01
303 7.078560e-01 2.044000e-03 2.901000e-01
304 7.075520e-01 2.016000e-03 2.904320e-01
305 7.072600e-01 1.956000e-03 2.907840e-01
306 7.070080e-01 1.900000e-03 2.910920e-01
307 7.067360e-01 1.876000e-03 2.913880e-01
308 7.064960e-01 1.776000e-03 2.917280e-01
309 7.062120e-01 1.716000e-03 2.920720e-01
310 7.059680e-01 1.600000e-03 2.924320e-01
311 7.057040e-01 1.628000e-03 2.926680e-01
312 7.054040e-01 1.640000e-03 2.929560e-01
313 7.051560e-01 1.612000e-03 2.932320e-01
314 7.049240e-01 1.600000e-03 2.934760e-01
315 7.046560e-01 1.612000e-03 2.937320e-01
316 7.044560e-01 1.524000e-03 2.940200e-01
317 7.041160e-01 1.580000e-03 2.943040e-01
318 7.039080e-01 1.452000e-03 2.946400e-01
319 7.036400e-01 1.464000e-03 2.948960e-01
320 7.033800e-01 1.480000e-03 2.951400e-01
321 7.031800e-01 1.424000e-03 2.953960e-01
322 7.029800e-01 1.416000e-03 2.956040e-01
323 7.027800e-01 1.400000e-03 2.958200e-01
324 7.025800e-01 1.392000e-03 2.960280e-01
325 7.023760e-01 1.264000e-03 2.963600e-01
326 7.021920e-01 1.248000e-03 2.965600e-01
327 7.020000e-01 1.248000e-03 2.967520e-01
328 7.017400e-01 1.332000e-03 2.969280e-01
329 7.014920e-01 1.376000e-03 2.971320e-01
330 7.013040e-01 1.320000e-03 2.973760e-01
331 7.010760e-01 1.352000e-03 2.975720e-01
332 7.008480e-01 1.388000e-03 2.977640e-01
333 7.006160e-01 1.460000e-03 2.979240e-01
334 7.003680e-01 1.480000e-03 2.981520e-01
335 7.001640e-01 1.420000e-03 2.984160e-01
336 6.999560e-01 1.432000e-03 2.986120e-01
337 6.998160e-01 1.328000e-03 2.988560e-01
338 6.995840e-01 1.308000e-03 2.991080e-01
339 6.994600e-01 1.180000e-03 2.993600e-01
340 6.992520e-01 1.140000e-03 2.996080e-01
341 6.990840e-01 1.124000e-03 2.997920e-01
342 6.988920e-01 1.124000e-03 2.999840e-01
343 6.987240e-01 1.056000e-03 3.002200e-01
344 6.985400e-01 1.080000e-03 3.003800e-01
345 6.983760e-01 1.056000e-03 3.005680e-01
346 6.982040e-01 1.000000e-03 3.007960e-01
347 6.980600e-01 1.020000e-03 3.009200e-01
348 6.979400e-01 9.760000e-04 3.010840e-01
349 6.977800e-01 9.840000e-04 3.012360e-01
350 6.976680e-01 9.240000e-04 3.014080e-01
351 6.975080e-01 9.200000e-04 3.015720e-01
352 6.973520e-01 9.320000e-04 3.017160e-01
353 6.972040e-01 9.560000e-04 3.018400e-01
354 6.970440e-01 9.320000e-04 3.020240e-01
355 6.969320e-01 8.880000e-04 3.021800e-01
356 6.967720e-01 8.720000e-04 3.023560e-01
357 6.966200e-01 9.000000e-04 3.024800e-01
358 6.964520e-01 9.240000e-04 3.026240e-01
359 6.962680e-01 9.280000e-04 3.028040e-01
360 6.960360e-01 1.012000e-03 3.029520e-01
361 6.958560e-01 1.024000e-03 3.031200e-01
362 6.956560e-01 1.020000e-03 3.033240e-01
363 6.954120e-01 1.076000e-03 3.035120e-01
364 6.951920e-01 1.136000e-03 3.036720e-01
365 6.949840e-01 1.140000e-03 3.038760e-01
366 6.948240e-01 1.072000e-03 3.041040e-01
367 6.946560e-01 1.080000e-03 3.042640e-01
368 6.945200e-01 1.012000e-03 3.044680e-01
369 6.942960e-01 1.056000e-03 3.046480e-01
370 6.941560e-01 1.024000e-03 3.048200e-01
371 6.938880e-01 1.112000e-03 3.050000e-01
372 6.936520e-01 1.156000e-03 3.051920e-01
373 6.933960e-01 1.244000e-03 3.053600e-01
374 6.931120e-01 1.316000e-03 3.055720e-01
375 6.928720e-01 1.348000e-03 3.057800e-01
376 6.926200e-01 1.400000e-03 3.059800e-01
377 6.923920e-01 1.396000e-03 3.062120e-01
378 6.921880e-01 1.364000e-03 3.064480e-01
379 6.919200e-01 1.352000e-03 3.067280e-01
380 6.917360e-01 1.304000e-03 3.069600e-01
381 6.914400e-01 1.368000e-03 3.071920e-01
382 6.912160e-01 1.348000e-03 3.074360e-01
383 6.909800e-01 1.380000e-03 3.076400e-01
384 6.907560e-01 1.376000e-03 3.078680e-01
385 6.905080e-01 1.368000e-03 3.081240e-01
386 6.902560e-01 1.416000e-03 3.083280e-01
387 6.900160e-01 1.408000e-03 3.085760e-01
388 6.897800e-01 1.416000e-03 3.088040e-01
389 6.895240e-01 1.400000e-03 3.090760e-01
390 6.894000e-01 1.324000e-03 3.092760e-01
391 6.891360e-01 1.344000e-03 3.095200e-01
392 6.888640e-01 1.364000e-03 3.097720e-01
393 6.886280e-01 1.332000e-03 3.100400e-01
394 6.883800e-01 1.332000e-03 3.102880e-01
395 6.882320e-01 1.276000e-03 3.104920e-01
396 6.879960e-01 1.312000e-03 3.106920e-01
397 6.878320e-01 1.252000e-03 3.109160e-01
398 6.876480e-01 1.248000e-03 3.111040e-01
399 6.874160e-01 1.304000e-03 3.112800e-01
400 6.872120e-01 1.276000e-03 3.115120e-01
401 6.869640e-01 1.324000e-03 3.117120e-01
402 6.867560e-01 1.300000e-03 3.119440e-01
403 6.865080e-01 1.336000e-03 3.121560e-01
404 6.863360e-01 1.304000e-03 3.123600e-01
405 6.862200e-01 1.168000e-03 3.126120e-01
406 6.860320e-01 1.156000e-03 3.128120e-01
407 6.858640e-01 1.136000e-03 3.130000e-01
408 6.857200e-01 1.128000e-03 3.131520e-01
409 6.855440e-01 1.120000e-03 3.133360e-01
410 6.853760e-01 1.108000e-03 3.135160e-01
411 6.852360e-01 1.068000e-03 3.136960e-01
412 6.850440e-01 1.064000e-03 3.138920e-01
413 6.848920e-01 9.840000e-04 3.141240e-01
414 6.847600e-01 9.760000e-04 3.142640e-01
415 6.846040e-01 9.680000e-04 3.144280e-01
416 6.844760e-01 9.600000e-04 3.145640e-01
417 6.843000e-01 9.640000e-04 3.147360e-01
418 6.841200e-01 9.560000e-04 3.149240e-01
419 6.839680e-01 9.560000e-04 3.150760e-01
420 6.838000e-01 9.840000e-04 3.152160e-01
421 6.836240e-01 1.004000e-03 3.153720e-01
422 6.834320e-01 1.028000e-03 3.155400e-01
423 6.832400e-01 1.048000e-03 3.157120e-01
424 6.830720e-01 1.032000e-03 3.158960e-01
425 6.828440e-01 1.080000e-03 3.160760e-01
426 6.825680e-01 1.148000e-03 3.162840e-01
427 6.823160e-01 1.220000e-03 3.164640e-01
428 6.820280e-01 1.284000e-03 3.166880e-01
429 6.817400e-01 1.328000e-03 3.169320e-01
430 6.814600e-01 1.336000e-03 3.172040e-01
431 6.811600e-01 1.416000e-03 3.174240e-01
432 6.808640e-01 1.404000e-03 3.177320e-01
433 6.805800e-01 1.452000e-03 3.179680e-01
434 6.803080e-01 1.484000e-03 3.182080e-01
435 6.800520e-01 1.492000e-03 3.184560e-01
436 6.798480e-01 1.468000e-03 3.186840e-01
437 6.796080e-01 1.480000e-03 3.189120e-01
438 6.794560e-01 1.316000e-03 3.192280e-01
439 6.792520e-01 1.304000e-03 3.194440e-01
440 6.791040e-01 1.268000e-03 3.196280e-01
441 6.788800e-01 1.212000e-03 3.199080e-01
442 6.786880e-01 1.220000e-03 3.200920e-01
443 6.784840e-01 1.188000e-03 3.203280e-01
444 6.783120e-01 1.152000e-03 3.205360e-01
445 6.781400e-01 1.080000e-03 3.207800e-01
446 6.779360e-01 1.148000e-03 3.209160e-01
447 6.777520e-01 1.136000e-03 3.211120e-01
448 6.775960e-01 1.072000e-03 3.213320e-01
449 6.774040e-01 1.084000e-03 3.215120e-01
450 6.772840e-01 9.960000e-04 3.217200e-01
451 6.771160e-01 1.036000e-03 3.218480e-01
452 6.769880e-01 1.000000e-03 3.220120e-01
453 6.768160e-01 1.016000e-03 3.221680e-01
454 6.766640e-01 1.012000e-03 3.223240e-01
455 6.765080e-01 1.004000e-03 3.224880e-01
456 6.763000e-01 1.040000e-03 3.226600e-01
457 6.760880e-01 1.068000e-03 3.228440e-01
458 6.759080e-01 1.080000e-03 3.230120e-01
459 6.757520e-01 1.028000e-03 3.232200e-01
460 6.755640e-01 1.016000e-03 3.234200e-01
461 6.753440e-01 1.044000e-03 3.236120e-01
462 6.751440e-01 1.072000e-03 3.237840e-01
463 6.749280e-01 1.112000e-03 3.239600e-01
464 6.747840e-01 1.024000e-03 3.241920e-01
465 6.746640e-01 9.760000e-04 3.243600e-01
466 6.745160e-01 9.400000e-04 3.245440e-01
467 6.743040e-01 1.036000e-03 3.246600e-01
468 6.741280e-01 1.040000e-03 3.248320e-01
469 6.739400e-01 1.020000e-03 3.250400e-01
470 6.738160e-01 9.880000e-04 3.251960e-01
471 6.736280e-01 1.032000e-03 3.253400e-01
472 6.734840e-01 1.004000e-03 3.255120e-01
473 6.733320e-01 9.920000e-04 3.256760e-01
474 6.731320e-01 1.000000e-03 3.258680e-01
475 6.729320e-01 1.052000e-03 3.260160e-01
476 6.727240e-01 1.080000e-03 3.261960e-01
477 6.725160e-01 1.064000e-03 3.264200e-01
478 6.723120e-01 1.096000e-03 3.265920e-01
479 6.720960e-01 1.080000e-03 3.268240e-01
480 6.719720e-01 1.040000e-03 3.269880e-01
481 6.718040e-01 1.052000e-03 3.271440e-01
482 6.716640e-01 1.004000e-03 3.273320e-01
483 6.715320e-01 9.680000e-04 3.275000e-01
484 6.713840e-01 9.240000e-04 3.276920e-01
485 6.712840e-01 8.560000e-04 3.278600e-01
486 6.711520e-01 8.160000e-04 3.280320e-01
487 6.710080e-01 8.360000e-04 3.281560e-01
488 6.708960e-01 8.200000e-04 3.282840e-01
489 6.707320e-01 8.200000e-04 3.284480e-01
490 6.706040e-01 7.720000e-04 3.286240e-01
491 6.704920e-01 7.760000e-04 3.287320e-01
492 6.703680e-01 7.480000e-04 3.288840e-01
493 6.702640e-01 7.240000e-04 3.290120e-01
494 6.701480e-01 7.160000e-04 3.291360e-01
495 6.700360e-01 6.800000e-04 3.292840e-01
496 6.699360e-01 6.640000e-04 3.294000e-01
497 6.697760e-01 6.960000e-04 3.295280e-01
498 6.696600e-01 6.720000e-04 3.296680e-01
499 6.694520e-01 7.440000e-04 3.298040e-01
500 6.693320e-01 7.160000e-04 3.299520e-01
