1 9.992280e-01 7.080000e-04 6.400000e-05
2 9.986440e-01 1.068000e-03 2.880000e-04
3 9.980080e-01 1.456000e-03 5.360000e-04
4 9.973480e-01 1.844000e-03 8.080000e-04
5 9.966120e-01 2.268000e-03 1.120000e-03
6 9.956280e-01 2.836000e-03 1.536000e-03
7 9.948640e-01 3.024000e-03 2.112000e-03
8 9.938840e-01 3.432000e-03 2.684000e-03
9 9.928600e-01 3.740000e-03 3.400000e-03
10 9.917080e-01 4.220000e-03 4.072000e-03
11 9.905560e-01 4.592000e-03 4.852000e-03
12 9.893800e-01 4.868000e-03 5.752000e-03
13 9.882400e-01 5.152000e-03 6.608000e-03
14 9.870400e-01 5.388000e-03 7.572000e-03
15 9.859040e-01 5.632000e-03 8.464000e-03
16 9.847120e-01 5.832000e-03 9.456000e-03
17 9.833920e-01 6.112000e-03 1.049600e-02
18 9.820880e-01 6.208000e-03 1.170400e-02
19 9.808800e-01 6.304000e-03 1.281600e-02
20 9.796120e-01 6.460000e-03 1.392800e-02
21 9.782560e-01 6.672000e-03 1.507200e-02
22 9.768440e-01 6.928000e-03 1.622800e-02
23 9.753960e-01 7.132000e-03 1.747200e-02
24 9.740040e-01 7.316000e-03 1.868000e-02
25 9.725720e-01 7.388000e-03 2.004000e-02
26 9.710840e-01 7.600000e-03 2.131600e-02
27 9.694040e-01 7.896000e-03 2.270000e-02
28 9.678520e-01 8.104000e-03 2.404400e-02
29 9.662760e-01 8.212000e-03 2.551200e-02
30 9.646960e-01 8.396000e-03 2.690800e-02
31 9.631600e-01 8.612000e-03 2.822800e-02
32 9.612840e-01 8.956000e-03 2.976000e-02
33 9.595760e-01 9.064000e-03 3.136000e-02
34 9.580400e-01 9.016000e-03 3.294400e-02
35 9.561960e-01 9.236000e-03 3.456800e-02
36 9.543880e-01 9.568000e-03 3.604400e-02
37 9.525600e-01 9.672000e-03 3.776800e-02
38 9.507440e-01 9.832000e-03 3.942400e-02
39 9.487560e-01 1.022000e-02 4.102400e-02
40 9.465960e-01 1.048000e-02 4.292400e-02
41 9.445560e-01 1.078800e-02 4.465600e-02
42 9.425800e-01 1.088400e-02 4.653600e-02
43 9.407440e-01 1.071200e-02 4.854400e-02
44 9.387960e-01 1.075200e-02 5.045200e-02
45 9.366680e-01 1.108000e-02 5.225200e-02
46 9.347640e-01 1.100400e-02 5.423200e-02
47 9.328520e-01 1.096000e-02 5.618800e-02
48 9.308200e-01 1.097200e-02 5.820800e-02
49 9.288040e-01 1.105200e-02 6.014400e-02
50 9.268960e-01 1.102000e-02 6.208400e-02
51 9.248440e-01 1.104800e-02 6.410800e-02
52 9.230560e-01 1.109200e-02 6.585200e-02
53 9.211400e-01 1.101200e-02 6.784800e-02
54 9.193240e-01 1.092000e-02 6.975600e-02
55 9.172520e-01 1.113600e-02 7.161200e-02
56 9.152680e-01 1.100000e-02 7.373200e-02
57 9.134480e-01 1.084000e-02 7.571200e-02
58 9.115000e-01 1.094400e-02 7.755600e-02
59 9.094840e-01 1.110400e-02 7.941200e-02
60 9.076200e-01 1.110800e-02 8.127200e-02
61 9.056880e-01 1.125600e-02 8.305600e-02
62 9.038440e-01 1.113200e-02 8.502400e-02
63 9.018640e-01 1.118400e-02 8.695200e-02
64 8.999280e-01 1.128000e-02 8.879200e-02
65 8.981800e-01 1.106800e-02 9.075200e-02
66 8.963080e-01 1.113600e-02 9.255600e-02
67 8.944920e-01 1.099200e-02 9.451600e-02
68 8.927400e-01 1.104000e-02 9.622000e-02
69 8.907440e-01 1.095600e-02 9.830000e-02
70 8.886600e-01 1.117600e-02 1.001640e-01
71 8.866400e-01 1.128000e-02 1.020800e-01
72 8.845120e-01 1.141200e-02 1.040760e-01
73 8.825880e-01 1.134400e-02 1.060680e-01
74 8.805560e-01 1.136000e-02 1.080840e-01
75 8.785480e-01 1.144400e-02 1.100080e-01
76 8.766320e-01 1.148400e-02 1.118840e-01
77 8.747760e-01 1.136400e-02 1.138600e-01
78 8.729040e-01 1.132000e-02 1.157760e-01
79 8.711480e-01 1.097600e-02 1.178760e-01
80 8.692560e-01 1.101600e-02 1.197280e-01
81 8.674360e-01 1.090000e-02 1.216640e-01
82 8.655240e-01 1.110000e-02 1.233760e-01
83 8.635320e-01 1.114400e-02 1.253240e-01
84 8.614280e-01 1.136800e-02 1.272040e-01
85 8.596080e-01 1.126400e-02 1.291280e-01
86 8.577800e-01 1.120800e-02 1.310120e-01
87 8.559080e-01 1.111200e-02 1.329800e-01
88 8.541080e-01 1.102000e-02 1.348720e-01
89 8.522000e-01 1.104800e-02 1.367520e-01
90 8.503400e-01 1.113200e-02 1.385280e-01
91 8.485520e-01 1.096000e-02 1.404880e-01
92 8.465760e-01 1.097200e-02 1.424520e-01
93 8.448120e-01 1.080800e-02 1.443800e-01
94 8.428320e-01 1.094000e-02 1.462280e-01
95 8.408440e-01 1.108400e-02 1.480720e-01
96 8.390080e-01 1.106800e-02 1.499240e-01
97 8.370240e-01 1.107200e-02 1.519040e-01
98 8.350120e-01 1.118000e-02 1.538080e-01
99 8.332040e-01 1.106000e-02 1.557360e-01
100 8.313160e-01 1.104400e-02 1.576400e-01
101 8.293720e-01 1.103200e-02 1.595960e-01
102 8.274960e-01 1.088800e-02 1.616160e-01
103 8.257320e-01 1.067600e-02 1.635920e-01
104 8.238680e-01 1.066800e-02 1.654640e-01
105 8.221080e-01 1.050000e-02 1.673920e-01
106 8.203720e-01 1.045600e-02 1.691720e-01
107 8.186040e-01 1.054800e-02 1.708480e-01
108 8.169120e-01 1.042800e-02 1.726600e-01
109 8.152400e-01 1.022400e-02 1.745360e-01
110 8.137200e-01 9.956000e-03 1.763240e-01
111 8.121400e-01 9.736000e-03 1.781240e-01
112 8.105960e-01 9.612000e-03 1.797920e-01
113 8.088720e-01 9.636000e-03 1.814920e-01
114 8.072240e-01 9.608000e-03 1.831680e-01
115 8.056080e-01 9.452000e-03 1.849400e-01
116 8.040400e-01 9.392000e-03 1.865680e-01
117 8.023920e-01 9.348000e-03 1.882600e-01
118 8.010000e-01 9.108000e-03 1.898920e-01
119 7.996840e-01 8.784000e-03 1.915320e-01
120 7.982160e-01 8.836000e-03 1.929480e-01
121 7.966800e-01 8.724000e-03 1.945960e-01
122 7.953120e-01 8.632000e-03 1.960560e-01
123 7.939800e-01 8.376000e-03 1.976440e-01
124 7.924160e-01 8.440000e-03 1.991440e-01
125 7.909760e-01 8.300000e-03 2.007240e-01
126 7.895960e-01 8.164000e-03 2.022400e-01
127 7.884200e-01 7.932000e-03 2.036480e-01
128 7.869800e-01 7.924000e-03 2.050960e-01
129 7.857200e-01 7.640000e-03 2.066400e-01
130 7.845760e-01 7.488000e-03 2.079360e-01
131 7.834160e-01 7.284000e-03 2.093000e-01
132 7.822400e-01 7.336000e-03 2.104240e-01
133 7.810200e-01 7.252000e-03 2.117280e-01
134 7.796560e-01 7.336000e-03 2.130080e-01
135 7.783240e-01 7.424000e-03 2.142520e-01
136 7.769800e-01 7.420000e-03 2.156000e-01
137 7.756880e-01 7.472000e-03 2.168400e-01
138 7.743360e-01 7.528000e-03 2.181360e-01
139 7.729480e-01 7.556000e-03 2.194960e-01
140 7.716840e-01 7.472000e-03 2.208440e-01
141 7.702240e-01 7.704000e-03 2.220720e-01
142 7.689080e-01 7.760000e-03 2.233320e-01
143 7.673840e-01 8.000000e-03 2.246160e-01
144 7.660000e-01 7.956000e-03 2.260440e-01
145 7.646640e-01 7.948000e-03 2.273880e-01
146 7.631840e-01 7.992000e-03 2.288240e-01
147 7.619720e-01 7.892000e-03 2.301360e-01
148 7.606960e-01 7.772000e-03 2.315320e-01
149 7.593840e-01 7.884000e-03 2.327320e-01
150 7.579840e-01 7.936000e-03 2.340800e-01
151 7.564960e-01 8.060000e-03 2.354440e-01
152 7.550600e-01 8.076000e-03 2.368640e-01
153 7.535760e-01 8.192000e-03 2.382320e-01
154 7.521040e-01 8.424000e-03 2.394720e-01
155 7.505320e-01 8.460000e-03 2.410080e-01
156 7.490760e-01 8.520000e-03 2.424040e-01
157 7.476320e-01 8.456000e-03 2.439120e-01
158 7.459800e-01 8.696000e-03 2.453240e-01
159 7.447160e-01 8.412000e-03 2.468720e-01
160 7.433320e-01 8.248000e-03 2.484200e-01
161 7.420800e-01 8.100000e-03 2.498200e-01
162 7.406760e-01 8.164000e-03 2.511600e-01
163 7.392000e-01 8.192000e-03 2.526080e-01
164 7.379040e-01 8.036000e-03 2.540600e-01
165 7.365240e-01 8.132000e-03 2.553440e-01
166 7.350600e-01 8.168000e-03 2.567720e-01
167 7.336240e-01 8.220000e-03 2.581560e-01
168 7.322840e-01 8.120000e-03 2.595960e-01
169 7.310680e-01 7.932000e-03 2.610000e-01
170 7.297560e-01 7.892000e-03 2.623520e-01
171 7.284840e-01 7.908000e-03 2.636080e-01
172 7.269440e-01 8.068000e-03 2.649880e-01
173 7.255680e-01 8.048000e-03 2.663840e-01
174 7.242120e-01 8.056000e-03 2.677320e-01
175 7.228360e-01 8.104000e-03 2.690600e-01
176 7.214520e-01 8.024000e-03 2.705240e-01
177 7.200640e-01 8.104000e-03 2.718320e-01
178 7.186120e-01 8.064000e-03 2.733240e-01
179 7.172840e-01 7.944000e-03 2.747720e-01
180 7.159280e-01 7.852000e-03 2.762200e-01
181 7.146800e-01 7.780000e-03 2.775400e-01
182 7.135320e-01 7.560000e-03 2.789080e-01
183 7.123600e-01 7.392000e-03 2.802480e-01
184 7.112520e-01 7.108000e-03 2.816400e-01
185 7.099960e-01 7.172000e-03 2.828320e-01
186 7.089400e-01 6.940000e-03 2.841200e-01
187 7.078280e-01 6.920000e-03 2.852520e-01
188 7.066280e-01 6.884000e-03 2.864880e-01
189 7.054240e-01 6.868000e-03 2.877080e-01
190 7.042200e-01 6.880000e-03 2.889000e-01
191 7.030040e-01 6.924000e-03 2.900720e-01
192 7.018160e-01 6.904000e-03 2.912800e-01
193 7.007520e-01 6.768000e-03 2.924800e-01
194 6.995320e-01 6.740000e-03 2.937280e-01
195 6.983680e-01 6.708000e-03 2.949240e-01
196 6.972200e-01 6.704000e-03 2.960760e-01
197 6.960600e-01 6.672000e-03 2.972680e-01
198 6.948960e-01 6.668000e-03 2.984360e-01
199 6.936920e-01 6.596000e-03 2.997120e-01
200 6.926400e-01 6.488000e-03 3.008720e-01
201 6.914520e-01 6.608000e-03 3.019400e-01
202 6.903520e-01 6.604000e-03 3.030440e-01
203 6.892080e-01 6.584000e-03 3.042080e-01
204 6.880280e-01 6.664000e-03 3.053080e-01
205 6.867760e-01 6.580000e-03 3.066440e-01
206 6.856680e-01 6.448000e-03 3.078840e-01
207 6.844400e-01 6.448000e-03 3.091120e-01
208 6.833800e-01 6.212000e-03 3.104080e-01
209 6.824120e-01 6.168000e-03 3.114200e-01
210 6.812400e-01 6.236000e-03 3.125240e-01
211 6.799800e-01 6.436000e-03 3.135840e-01
212 6.787080e-01 6.480000e-03 3.148120e-01
213 6.774880e-01 6.568000e-03 3.159440e-01
214 6.762680e-01 6.768000e-03 3.169640e-01
215 6.749720e-01 6.836000e-03 3.181920e-01
216 6.737480e-01 6.800000e-03 3.194520e-01
217 6.725600e-01 6.896000e-03 3.205440e-01
218 6.714640e-01 6.812000e-03 3.217240e-01
219 6.702960e-01 6.900000e-03 3.228040e-01
220 6.692680e-01 6.724000e-03 3.240080e-01
221 6.682200e-01 6.660000e-03 3.251200e-01
222 6.670720e-01 6.808000e-03 3.261200e-01
223 6.658800e-01 6.616000e-03 3.275040e-01
224 6.647440e-01 6.548000e-03 3.287080e-01
225 6.635360e-01 6.536000e-03 3.299280e-01
226 6.621600e-01 6.756000e-03 3.310840e-01
227 6.610040e-01 6.640000e-03 3.323560e-01
228 6.597960e-01 6.528000e-03 3.336760e-01
229 6.587040e-01 6.508000e-03 3.347880e-01
230 6.575320e-01 6.620000e-03 3.358480e-01
231 6.563840e-01 6.760000e-03 3.368560e-01
232 6.552040e-01 6.720000e-03 3.380760e-01
233 6.541240e-01 6.556000e-03 3.393200e-01
234 6.531520e-01 6.388000e-03 3.404600e-01
235 6.521280e-01 6.220000e-03 3.416520e-01
236 6.511440e-01 6.200000e-03 3.426560e-01
237 6.500960e-01 6.076000e-03 3.438280e-01
238 6.490120e-01 6.092000e-03 3.448960e-01
239 6.479360e-01 6.112000e-03 3.459520e-01
240 6.469160e-01 6.040000e-03 3.470440e-01
241 6.458560e-01 5.972000e-03 3.481720e-01
242 6.448360e-01 5.892000e-03 3.492720e-01
243 6.438320e-01 5.888000e-03 3.502800e-01
244 6.428600e-01 5.884000e-03 3.512560e-01
245 6.419280e-01 5.752000e-03 3.523200e-01
246 6.409040e-01 5.740000e-03 3.533560e-01
247 6.399920e-01 5.584000e-03 3.544240e-01
248 6.390760e-01 5.512000e-03 3.554120e-01
249 6.381240e-01 5.556000e-03 3.563200e-01
250 6.372840e-01 5.404000e-03 3.573120e-01
251 6.363320e-01 5.432000e-03 3.582360e-01
252 6.354800e-01 5.240000e-03 3.592800e-01
253 6.346640e-01 5.088000e-03 3.602480e-01
254 6.338600e-01 5.032000e-03 3.611080e-01
255 6.329480e-01 5.140000e-03 3.619120e-01
256 6.321560e-01 4.960000e-03 3.628840e-01
257 6.314040e-01 4.864000e-03 3.637320e-01
258 6.306280e-01 4.796000e-03 3.645760e-01
259 6.298120e-01 4.824000e-03 3.653640e-01
260 6.289200e-01 4.844000e-03 3.662360e-01
261 6.280840e-01 4.784000e-03 3.671320e-01
262 6.272360e-01 4.700000e-03 3.680640e-01
263 6.263240e-01 4.776000e-03 3.689000e-01
264 6.254720e-01 4.772000e-03 3.697560e-01
265 6.246760e-01 4.768000e-03 3.705560e-01
266 6.238320e-01 4.764000e-03 3.714040e-01
267 6.229960e-01 4.756000e-03 3.722480e-01
268 6.221800e-01 4.780000e-03 3.730400e-01
269 6.214200e-01 4.680000e-03 3.739000e-01
270 6.207400e-01 4.592000e-03 3.746680e-01
271 6.200000e-01 4.488000e-03 3.755120e-01
272 6.192400e-01 4.412000e-03 3.763480e-01
273 6.183200e-01 4.616000e-03 3.770640e-01
274 6.175800e-01 4.504000e-03 3.779160e-01
275 6.168760e-01 4.468000e-03 3.786560e-01
276 6.161840e-01 4.420000e-03 3.793960e-01
277 6.155160e-01 4.336000e-03 3.801480e-01
278 6.149680e-01 4.120000e-03 3.809120e-01
279 6.143840e-01 3.916000e-03 3.817000e-01
280 6.137920e-01 3.892000e-03 3.823160e-01
281 6.132040e-01 3.748000e-03 3.830480e-01
282 6.126200e-01 3.684000e-03 3.836960e-01
283 6.121400e-01 3.524000e-03 3.843360e-01
284 6.114800e-01 3.588000e-03 3.849320e-01
285 6.109240e-01 3.480000e-03 3.855960e-01
286 6.103800e-01 3.428000e-03 3.861920e-01
287 6.099040e-01 3.292000e-03 3.868040e-01
288 6.093320e-01 3.376000e-03 3.872920e-01
289 6.088400e-01 3.332000e-03 3.878280e-01
290 6.082080e-01 3.352000e-03 3.884400e-01
291 6.075520e-01 3.380000e-03 3.890680e-01
292 6.069280e-01 3.388000e-03 3.896840e-01
293 6.063160e-01 3.476000e-03 3.902080e-01
294 6.057920e-01 3.392000e-03 3.908160e-01
295 6.051920e-01 3.392000e-03 3.914160e-01
296 6.046320e-01 3.380000e-03 3.919880e-01
297 6.040800e-01 3.308000e-03 3.926120e-01
298 6.034720e-01 3.384000e-03 3.931440e-01
299 6.029000e-01 3.328000e-03 3.937720e-01
300 6.024000e-01 3.268000e-03 3.943320e-01
301 6.019240e-01 3.200000e-03 3.948760e-01
302 6.013320e-01 3.248000e-03 3.954200e-01
303 6.007440e-01 3.296000e-03 3.959600e-01
304 6.001320e-01 3.304000e-03 3.965640e-01
305 5.995880e-01 3.296000e-03 3.971160e-01
306 5.990360e-01 3.320000e-03 3.976440e-01
307 5.984480e-01 3.264000e-03 3.982880e-01
308 5.979400e-01 3.236000e-03 3.988240e-01
309 5.974320e-01 3.232000e-03 3.993360e-01
310 5.967920e-01 3.400000e-03 3.998080e-01
311 5.962680e-01 3.312000e-03 4.004200e-01
312 5.957120e-01 3.256000e-03 4.010320e-01
313 5.951560e-01 3.232000e-03 4.016120e-01
314 5.946960e-01 3.188000e-03 4.021160e-01
315 5.941880e-01 3.096000e-03 4.027160e-01
316 5.937320e-01 3.036000e-03 4.032320e-01
317 5.932560e-01 2.940000e-03 4.038040e-01
318 5.928080e-01 2.844000e-03 4.043480e-01
319 5.923640e-01 2.752000e-03 4.048840e-01
320 5.918720e-01 2.712000e-03 4.054160e-01
321 5.914640e-01 2.636000e-03 4.059000e-01
322 5.910720e-01 2.576000e-03 4.063520e-01
323 5.905920e-01 2.576000e-03 4.068320e-01
324 5.901800e-01 2.584000e-03 4.072360e-01
325 5.897560e-01 2.484000e-03 4.077600e-01
326 5.893240e-01 2.480000e-03 4.081960e-01
327 5.889400e-01 2.416000e-03 4.086440e-01
328 5.885200e-01 2.352000e-03 4.091280e-01
329 5.881200e-01 2.332000e-03 4.095480e-01
330 5.878200e-01 2.192000e-03 4.099880e-01
331 5.875160e-01 2.156000e-03 4.103280e-01
332 5.871920e-01 2.064000e-03 4.107440e-01
333 5.868240e-01 2.120000e-03 4.110560e-01
334 5.865480e-01 2.004000e-03 4.114480e-01
335 5.862720e-01 1.948000e-03 4.117800e-01
336 5.859320e-01 1.924000e-03 4.121440e-01
337 5.856720e-01 1.848000e-03 4.124800e-01
338 5.854080e-01 1.780000e-03 4.128120e-01
339 5.850840e-01 1.772000e-03 4.131440e-01
340 5.848400e-01 1.708000e-03 4.134520e-01
341 5.845640e-01 1.732000e-03 4.137040e-01
342 5.842760e-01 1.764000e-03 4.139600e-01
343 5.839120e-01 1.816000e-03 4.142720e-01
344 5.836000e-01 1.796000e-03 4.146040e-01
345 5.832720e-01 1.808000e-03 4.149200e-01
346 5.829520e-01 1.844000e-03 4.152040e-01
347 5.826520e-01 1.776000e-03 4.155720e-01
348 5.822640e-01 1.860000e-03 4.158760e-01
349 5.819240e-01 1.872000e-03 4.162040e-01
350 5.816000e-01 1.792000e-03 4.166080e-01
351 5.812640e-01 1.820000e-03 4.169160e-01
352 5.808880e-01 1.948000e-03 4.171640e-01
353 5.806240e-01 1.896000e-03 4.174800e-01
354 5.803680e-01 1.768000e-03 4.178640e-01
355 5.801240e-01 1.672000e-03 4.182040e-01
356 5.798400e-01 1.664000e-03 4.184960e-01
357 5.796280e-01 1.608000e-03 4.187640e-01
358 5.794240e-01 1.536000e-03 4.190400e-01
359 5.792120e-01 1.512000e-03 4.192760e-01
360 5.789880e-01 1.472000e-03 4.195400e-01
361 5.787040e-01 1.500000e-03 4.197960e-01
362 5.784560e-01 1.508000e-03 4.200360e-01
363 5.782360e-01 1.424000e-03 4.203400e-01
364 5.779280e-01 1.488000e-03 4.205840e-01
365 5.776800e-01 1.464000e-03 4.208560e-01
366 5.774560e-01 1.416000e-03 4.211280e-01
367 5.771480e-01 1.480000e-03 4.213720e-01
368 5.768840e-01 1.476000e-03 4.216400e-01
369 5.766240e-01 1.468000e-03 4.219080e-01
370 5.763400e-01 1.512000e-03 4.221480e-01
371 5.760800e-01 1.552000e-03 4.223680e-01
372 5.758440e-01 1.560000e-03 4.225960e-01
373 5.756600e-01 1.488000e-03 4.228520e-01
374 5.754000e-01 1.444000e-03 4.231560e-01
375 5.751760e-01 1.412000e-03 4.234120e-01
376 5.749200e-01 1.428000e-03 4.236520e-01
377 5.746720e-01 1.448000e-03 4.238800e-01
378 5.744200e-01 1.492000e-03 4.240880e-01
379 5.741760e-01 1.452000e-03 4.243720e-01
380 5.740080e-01 1.396000e-03 4.245960e-01
381 5.737520e-01 1.420000e-03 4.248280e-01
382 5.735160e-01 1.440000e-03 4.250440e-01
383 5.732680e-01 1.436000e-03 4.252960e-01
384 5.730720e-01 1.412000e-03 4.255160e-01
385 5.728840e-01 1.372000e-03 4.257440e-01
386 5.726840e-01 1.308000e-03 4.260080e-01
387 5.724920e-01 1.292000e-03 4.262160e-01
388 5.723120e-01 1.208000e-03 4.264800e-01
389 5.721280e-01 1.172000e-03 4.267000e-01
390 5.719560e-01 1.136000e-03 4.269080e-01
391 5.718280e-01 1.060000e-03 4.271120e-01
392 5.716960e-01 9.800000e-04 4.273240e-01
393 5.715480e-01 9.560000e-04 4.274960e-01
394 5.714520e-01 9.160000e-04 4.276320e-01
395 5.713160e-01 9.000000e-04 4.277840e-01
396 5.711360e-01 9.160000e-04 4.279480e-01
397 5.709840e-01 8.840000e-04 4.281320e-01
398 5.708480e-01 8.680000e-04 4.282840e-01
399 5.706520e-01 9.200000e-04 4.284280e-01
400 5.704880e-01 9.360000e-04 4.285760e-01
401 5.703520e-01 9.160000e-04 4.287320e-01
402 5.701440e-01 9.440000e-04 4.289120e-01
403 5.700160e-01 9.400000e-04 4.290440e-01
404 5.698920e-01 9.280000e-04 4.291800e-01
405 5.697680e-01 8.880000e-04 4.293440e-01
406 5.695960e-01 8.640000e-04 4.295400e-01
407 5.694560e-01 8.480000e-04 4.296960e-01
408 5.693240e-01 8.480000e-04 4.298280e-01
409 5.691760e-01 8.720000e-04 4.299520e-01
410 5.690360e-01 8.360000e-04 4.301280e-01
411 5.689200e-01 8.160000e-04 4.302640e-01
412 5.687960e-01 8.240000e-04 4.303800e-01
413 5.686960e-01 8.080000e-04 4.304960e-01
414 5.685600e-01 8.440000e-04 4.305960e-01
415 5.684400e-01 7.960000e-04 4.307640e-01
416 5.683000e-01 7.920000e-04 4.309080e-01
417 5.681960e-01 7.560000e-04 4.310480e-01
418 5.680560e-01 7.440000e-04 4.312000e-01
419 5.679240e-01 7.200000e-04 4.313560e-01
420 5.678400e-01 7.000000e-04 4.314600e-01
421 5.677400e-01 6.640000e-04 4.315960e-01
422 5.675680e-01 7.240000e-04 4.317080e-01
423 5.674560e-01 6.960000e-04 4.318480e-01
424 5.673080e-01 7.200000e-04 4.319720e-01
425 5.671520e-01 7.280000e-04 4.321200e-01
426 5.670440e-01 7.280000e-04 4.322280e-01
427 5.669440e-01 7.280000e-04 4.323280e-01
428 5.668440e-01 7.040000e-04 4.324520e-01
429 5.666960e-01 7.360000e-04 4.325680e-01
430 5.665720e-01 7.280000e-04 4.327000e-01
431 5.664520e-01 6.680000e-04 4.328800e-01
432 5.663600e-01 6.560000e-04 4.329840e-01
433 5.662480e-01 6.640000e-04 4.330880e-01
434 5.661360e-01 6.440000e-04 4.332200e-01
435 5.660200e-01 6.800000e-04 4.333000e-01
436 5.659480e-01 6.280000e-04 4.334240e-01
437 5.658560e-01 5.920000e-04 4.335520e-01
438 5.657960e-01 5.560000e-04 4.336480e-01
439 5.657440e-01 5.160000e-04 4.337400e-01
440 5.656600e-01 4.960000e-04 4.338440e-01
441 5.655800e-01 5.080000e-04 4.339120e-01
442 5.655160e-01 4.960000e-04 4.339880e-01
443 5.654880e-01 4.520000e-04 4.340600e-01
444 5.654400e-01 4.360000e-04 4.341240e-01
445 5.653520e-01 4.520000e-04 4.341960e-01
446 5.653080e-01 4.400000e-04 4.342520e-01
447 5.652360e-01 4.440000e-04 4.343200e-01
448 5.651400e-01 4.720000e-04 4.343880e-01
449 5.650640e-01 4.800000e-04 4.344560e-01
450 5.649960e-01 4.400000e-04 4.345640e-01
451 5.649360e-01 4.280000e-04 4.346360e-01
452 5.648520e-01 4.400000e-04 4.347080e-01
453 5.647760e-01 4.440000e-04 4.347800e-01
454 5.647200e-01 4.560000e-04 4.348240e-01
455 5.646280e-01 4.600000e-04 4.349120e-01
456 5.645400e-01 4.400000e-04 4.350200e-01
457 5.644440e-01 4.840000e-04 4.350720e-01
458 5.643840e-01 4.480000e-04 4.351680e-01
459 5.643320e-01 4.120000e-04 4.352560e-01
460 5.642680e-01 4.000000e-04 4.353320e-01
461 5.642040e-01 4.000000e-04 4.353960e-01
462 5.641400e-01 3.680000e-04 4.354920e-01
463 5.640320e-01 4.160000e-04 4.355520e-01
464 5.639240e-01 4.280000e-04 4.356480e-01
465 5.637880e-01 4.600000e-04 4.357520e-01
466 5.636760e-01 4.880000e-04 4.358360e-01
467 5.635400e-01 5.400000e-04 4.359200e-01
468 5.634160e-01 5.960000e-04 4.359880e-01
469 5.633120e-01 5.680000e-04 4.361200e-01
470 5.632680e-01 5.440000e-04 4.361880e-01
471 5.631880e-01 4.800000e-04 4.363320e-01
472 5.631160e-01 4.800000e-04 4.364040e-01
473 5.630560e-01 4.600000e-04 4.364840e-01
474 5.629760e-01 4.760000e-04 4.365480e-01
475 5.628920e-01 4.560000e-04 4.366520e-01
476 5.628200e-01 4.640000e-04 4.367160e-01
477 5.627680e-01 4.320000e-04 4.368000e-01
478 5.627440e-01 3.800000e-04 4.368760e-01
479 5.626720e-01 3.840000e-04 4.369440e-01
480 5.626040e-01 3.840000e-04 4.370120e-01
481 5.625040e-01 4.200000e-04 4.370760e-01
482 5.624400e-01 3.920000e-04 4.371680e-01
483 5.623800e-01 3.840000e-04 4.372360e-01
484 5.623320e-01 3.800000e-04 4.372880e-01
485 5.622600e-01 3.920000e-04 4.373480e-01
486 5.622040e-01 3.480000e-04 4.374480e-01
487 5.621440e-01 3.480000e-04 4.375080e-01
488 5.620880e-01 3.560000e-04 4.375560e-01
489 5.620360e-01 3.280000e-04 4.376360e-01
490 5.619920e-01 2.880000e-04 4.377200e-01
491 5.619400e-01 3.080000e-04 4.377520e-01
492 5.619080e-01 2.880000e-04 4.378040e-01
493 5.618440e-01 3.080000e-04 4.378480e-01
494 5.618120e-01 2.880000e-04 4.379000e-01
495 5.617720e-01 2.600000e-04 4.379680e-01
496 5.617320e-01 2.520000e-04 4.380160e-01
497 5.617120e-01 2.360000e-04 4.380520e-01
498 5.616440e-01 2.720000e-04 4.380840e-01
499 5.615760e-01 2.880000e-04 4.381360e-01
500 5.615080e-01 2.720000e-04 4.382200e-01
