1 9.991720e-01 7.720000e-04 5.600000e-05
2 9.986240e-01 1.164000e-03 2.120000e-04
3 9.980000e-01 1.584000e-03 4.160000e-04
4 9.971880e-01 2.060000e-03 7.520000e-04
5 9.962840e-01 2.552000e-03 1.164000e-03
6 9.954000e-01 2.932000e-03 1.668000e-03
7 9.944360e-01 3.324000e-03 2.240000e-03
8 9.934400e-01 3.640000e-03 2.920000e-03
9 9.924560e-01 3.964000e-03 3.580000e-03
10 9.913600e-01 4.248000e-03 4.392000e-03
11 9.903000e-01 4.568000e-03 5.132000e-03
12 9.891560e-01 4.872000e-03 5.972000e-03
13 9.879880e-01 5.232000e-03 6.780000e-03
14 9.866400e-01 5.592000e-03 7.768000e-03
15 9.851800e-01 5.980000e-03 8.840000e-03
16 9.838640e-01 6.292000e-03 9.844000e-03
17 9.824680e-01 6.676000e-03 1.085600e-02
18 9.810400e-01 6.972000e-03 1.198800e-02
19 9.794240e-01 7.272000e-03 1.330400e-02
20 9.778480e-01 7.616000e-03 1.453600e-02
21 9.764000e-01 7.648000e-03 1.595200e-02
22 9.747160e-01 8.028000e-03 1.725600e-02
23 9.731800e-01 8.272000e-03 1.854800e-02
24 9.715640e-01 8.372000e-03 2.006400e-02
25 9.699840e-01 8.464000e-03 2.155200e-02
26 9.684840e-01 8.516000e-03 2.300000e-02
27 9.669640e-01 8.544000e-03 2.449200e-02
28 9.654640e-01 8.596000e-03 2.594000e-02
29 9.640720e-01 8.480000e-03 2.744800e-02
30 9.625480e-01 8.668000e-03 2.878400e-02
31 9.609080e-01 8.836000e-03 3.025600e-02
32 9.593520e-01 8.888000e-03 3.176000e-02
33 9.578040e-01 8.932000e-03 3.326400e-02
34 9.563040e-01 8.856000e-03 3.484000e-02
35 9.546760e-01 8.796000e-03 3.652800e-02
36 9.530800e-01 8.732000e-03 3.818800e-02
37 9.516080e-01 8.652000e-03 3.974000e-02
38 9.500040e-01 8.752000e-03 4.124400e-02
39 9.486120e-01 8.644000e-03 4.274400e-02
40 9.471760e-01 8.516000e-03 4.430800e-02
41 9.455320e-01 8.568000e-03 4.590000e-02
42 9.438320e-01 8.840000e-03 4.732800e-02
43 9.421680e-01 8.984000e-03 4.884800e-02
44 9.403800e-01 9.216000e-03 5.040400e-02
45 9.387120e-01 9.224000e-03 5.206400e-02
46 9.370400e-01 9.304000e-03 5.365600e-02
47 9.353320e-01 9.392000e-03 5.527600e-02
48 9.337120e-01 9.288000e-03 5.700000e-02
49 9.319800e-01 9.364000e-03 5.865600e-02
50 9.302640e-01 9.564000e-03 6.017200e-02
51 9.285000e-01 9.636000e-03 6.186400e-02
52 9.268720e-01 9.700000e-03 6.342800e-02
53 9.251640e-01 9.500000e-03 6.533600e-02
54 9.234400e-01 9.512000e-03 6.704800e-02
55 9.217840e-01 9.476000e-03 6.874000e-02
56 9.202000e-01 9.480000e-03 7.032000e-02
57 9.185160e-01 9.668000e-03 7.181600e-02
58 9.168440e-01 9.672000e-03 7.348400e-02
59 9.150800e-01 9.816000e-03 7.510400e-02
60 9.131280e-01 1.004000e-02 7.683200e-02
61 9.113640e-01 1.000400e-02 7.863200e-02
62 9.094880e-01 9.956000e-03 8.055600e-02
63 9.077200e-01 9.932000e-03 8.234800e-02
64 9.059480e-01 1.006000e-02 8.399200e-02
65 9.042400e-01 1.002400e-02 8.573600e-02
66 9.024800e-01 1.021600e-02 8.730400e-02
67 9.003880e-01 1.047600e-02 8.913600e-02
68 8.986000e-01 1.026000e-02 9.114000e-02
69 8.968480e-01 1.024000e-02 9.291200e-02
70 8.950160e-01 1.029600e-02 9.468800e-02
71 8.931680e-01 1.028000e-02 9.655200e-02
72 8.913120e-01 1.037200e-02 9.831600e-02
73 8.894640e-01 1.059600e-02 9.994000e-02
74 8.877840e-01 1.049600e-02 1.017200e-01
75 8.859160e-01 1.052400e-02 1.035600e-01
76 8.841680e-01 1.049200e-02 1.053400e-01
77 8.821920e-01 1.058400e-02 1.072240e-01
78 8.802560e-01 1.071600e-02 1.090280e-01
79 8.785240e-01 1.060000e-02 1.108760e-01
80 8.766120e-01 1.059200e-02 1.127960e-01
81 8.746680e-01 1.061200e-02 1.147200e-01
82 8.731080e-01 1.025200e-02 1.166400e-01
83 8.713240e-01 1.025200e-02 1.184240e-01
84 8.695280e-01 1.021600e-02 1.202560e-01
85 8.677160e-01 1.013200e-02 1.221520e-01
86 8.658920e-01 1.009600e-02 1.240120e-01
87 8.641680e-01 1.006400e-02 1.257680e-01
88 8.623640e-01 1.014400e-02 1.274920e-01
89 8.607640e-01 9.892000e-03 1.293440e-01
90 8.591560e-01 9.748000e-03 1.310960e-01
91 8.574080e-01 9.800000e-03 1.327920e-01
92 8.556600e-01 9.788000e-03 1.345520e-01
93 8.540320e-01 9.812000e-03 1.361560e-01
94 8.524440e-01 9.700000e-03 1.378560e-01
95 8.508440e-01 9.656000e-03 1.395000e-01
96 8.491880e-01 9.640000e-03 1.411720e-01
97 8.474000e-01 9.744000e-03 1.428560e-01
98 8.457480e-01 9.728000e-03 1.445240e-01
99 8.440640e-01 9.860000e-03 1.460760e-01
100 8.425680e-01 9.724000e-03 1.477080e-01
101 8.409640e-01 9.604000e-03 1.494320e-01
102 8.392720e-01 9.496000e-03 1.512320e-01
103 8.377880e-01 9.252000e-03 1.529600e-01
104 8.361840e-01 9.400000e-03 1.544160e-01
105 8.346600e-01 9.260000e-03 1.560800e-01
106 8.333560e-01 8.980000e-03 1.576640e-01
107 8.318120e-01 8.952000e-03 1.592360e-01
108 8.302760e-01 8.920000e-03 1.608040e-01
109 8.287840e-01 8.876000e-03 1.623400e-01
110 8.274120e-01 8.756000e-03 1.638320e-01
111 8.259600e-01 8.584000e-03 1.654560e-01
112 8.246440e-01 8.324000e-03 1.670320e-01
113 8.232480e-01 8.324000e-03 1.684280e-01
114 8.218560e-01 8.156000e-03 1.699880e-01
115 8.205720e-01 8.016000e-03 1.714120e-01
116 8.192320e-01 7.904000e-03 1.728640e-01
117 8.180560e-01 7.700000e-03 1.742440e-01
118 8.167840e-01 7.696000e-03 1.755200e-01
119 8.153600e-01 7.848000e-03 1.767920e-01
120 8.141640e-01 7.884000e-03 1.779520e-01
121 8.130200e-01 7.716000e-03 1.792640e-01
122 8.119080e-01 7.472000e-03 1.806200e-01
123 8.108280e-01 7.132000e-03 1.820400e-01
124 8.097760e-01 6.904000e-03 1.833200e-01
125 8.085800e-01 6.944000e-03 1.844760e-01
126 8.073400e-01 7.092000e-03 1.855680e-01
127 8.061640e-01 7.060000e-03 1.867760e-01
128 8.049640e-01 7.068000e-03 1.879680e-01
129 8.037840e-01 7.080000e-03 1.891360e-01
130 8.026240e-01 7.004000e-03 1.903720e-01
131 8.014400e-01 6.964000e-03 1.915960e-01
132 8.003080e-01 6.872000e-03 1.928200e-01
133 7.990760e-01 7.052000e-03 1.938720e-01
134 7.979360e-01 7.076000e-03 1.949880e-01
135 7.967640e-01 7.028000e-03 1.962080e-01
136 7.955160e-01 7.048000e-03 1.974360e-01
137 7.942800e-01 7.024000e-03 1.986960e-01
138 7.930840e-01 7.128000e-03 1.997880e-01
139 7.919400e-01 7.072000e-03 2.009880e-01
140 7.907800e-01 7.164000e-03 2.020560e-01
141 7.894440e-01 7.248000e-03 2.033080e-01
142 7.883440e-01 7.024000e-03 2.046320e-01
143 7.871600e-01 7.004000e-03 2.058360e-01
144 7.858840e-01 7.104000e-03 2.070120e-01
145 7.847840e-01 7.016000e-03 2.082000e-01
146 7.835320e-01 6.964000e-03 2.095040e-01
147 7.823560e-01 6.856000e-03 2.107880e-01
148 7.811200e-01 6.900000e-03 2.119800e-01
149 7.799320e-01 6.800000e-03 2.132680e-01
150 7.787280e-01 6.816000e-03 2.144560e-01
151 7.775320e-01 6.708000e-03 2.157600e-01
152 7.762640e-01 6.824000e-03 2.169120e-01
153 7.750160e-01 6.948000e-03 2.180360e-01
154 7.738240e-01 6.916000e-03 2.192600e-01
155 7.725960e-01 6.920000e-03 2.204840e-01
156 7.711760e-01 7.016000e-03 2.218080e-01
157 7.699800e-01 7.044000e-03 2.229760e-01
158 7.686120e-01 7.096000e-03 2.242920e-01
159 7.673640e-01 6.960000e-03 2.256760e-01
160 7.660840e-01 7.056000e-03 2.268600e-01
161 7.649520e-01 6.992000e-03 2.280560e-01
162 7.637560e-01 6.976000e-03 2.292680e-01
163 7.625680e-01 6.948000e-03 2.304840e-01
164 7.612760e-01 7.052000e-03 2.316720e-01
165 7.601200e-01 6.956000e-03 2.329240e-01
166 7.589640e-01 6.924000e-03 2.341120e-01
167 7.579080e-01 6.828000e-03 2.352640e-01
168 7.566920e-01 6.812000e-03 2.364960e-01
169 7.554520e-01 6.832000e-03 2.377160e-01
170 7.543440e-01 6.816000e-03 2.388400e-01
171 7.531440e-01 6.712000e-03 2.401440e-01
172 7.520120e-01 6.672000e-03 2.413160e-01
173 7.508840e-01 6.604000e-03 2.425120e-01
174 7.496600e-01 6.672000e-03 2.436680e-01
175 7.484360e-01 6.680000e-03 2.448840e-01
176 7.471280e-01 6.856000e-03 2.460160e-01
177 7.459640e-01 6.848000e-03 2.471880e-01
178 7.447120e-01 6.768000e-03 2.485200e-01
179 7.434480e-01 6.844000e-03 2.497080e-01
180 7.423440e-01 6.924000e-03 2.507320e-01
181 7.411720e-01 6.840000e-03 2.519880e-01
182 7.401000e-01 6.688000e-03 2.532120e-01
183 7.389640e-01 6.584000e-03 2.544520e-01
184 7.378960e-01 6.488000e-03 2.556160e-01
185 7.368440e-01 6.440000e-03 2.567160e-01
186 7.357920e-01 6.356000e-03 2.578520e-01
187 7.347040e-01 6.336000e-03 2.589600e-01
188 7.338280e-01 6.104000e-03 2.600680e-01
189 7.328200e-01 6.020000e-03 2.611600e-01
190 7.318800e-01 5.928000e-03 2.621920e-01
191 7.308840e-01 5.764000e-03 2.633520e-01
192 7.299920e-01 5.692000e-03 2.643160e-01
193 7.290640e-01 5.608000e-03 2.653280e-01
194 7.280040e-01 5.712000e-03 2.662840e-01
195 7.271440e-01 5.532000e-03 2.673240e-01
196 7.263320e-01 5.436000e-03 2.682320e-01
197 7.256080e-01 5.264000e-03 2.691280e-01
198 7.248400e-01 5.008000e-03 2.701520e-01
199 7.240320e-01 4.948000e-03 2.710200e-01
200 7.232800e-01 4.812000e-03 2.719080e-01
201 7.225960e-01 4.760000e-03 2.726440e-01
202 7.218760e-01 4.740000e-03 2.733840e-01
203 7.210880e-01 4.780000e-03 2.741320e-01
204 7.203600e-01 4.660000e-03 2.749800e-01
205 7.197120e-01 4.488000e-03 2.758000e-01
206 7.190520e-01 4.344000e-03 2.766040e-01
207 7.184080e-01 4.100000e-03 2.774920e-01
208 7.178560e-01 4.060000e-03 2.780840e-01
209 7.173160e-01 3.928000e-03 2.787560e-01
210 7.166720e-01 3.812000e-03 2.795160e-01
211 7.161480e-01 3.632000e-03 2.802200e-01
212 7.156040e-01 3.536000e-03 2.808600e-01
213 7.150520e-01 3.504000e-03 2.814440e-01
214 7.145280e-01 3.444000e-03 2.820280e-01
215 7.140280e-01 3.292000e-03 2.826800e-01
216 7.135080e-01 3.236000e-03 2.832560e-01
217 7.130480e-01 3.164000e-03 2.837880e-01
218 7.125880e-01 3.116000e-03 2.842960e-01
219 7.120520e-01 3.048000e-03 2.849000e-01
220 7.115840e-01 2.948000e-03 2.854680e-01
221 7.110840e-01 2.880000e-03 2.860360e-01
222 7.105920e-01 2.820000e-03 2.865880e-01
223 7.100840e-01 2.808000e-03 2.871080e-01
224 7.096320e-01 2.800000e-03 2.875680e-01
225 7.090880e-01 2.856000e-03 2.880560e-01
226 7.085920e-01 2.832000e-03 2.885760e-01
227 7.080840e-01 2.832000e-03 2.890840e-01
228 7.075560e-01 2.836000e-03 2.896080e-01
229 7.070200e-01 2.848000e-03 2.901320e-01
230 7.066200e-01 2.768000e-03 2.906120e-01
231 7.060760e-01 2.876000e-03 2.910480e-01
232 7.055520e-01 2.912000e-03 2.915360e-01
233 7.050360e-01 2.892000e-03 2.920720e-01
234 7.044640e-01 2.912000e-03 2.926240e-01
235 7.039400e-01 2.928000e-03 2.931320e-01
236 7.033680e-01 2.964000e-03 2.936680e-01
237 7.029160e-01 2.892000e-03 2.941920e-01
238 7.024240e-01 2.812000e-03 2.947640e-01
239 7.020320e-01 2.688000e-03 2.952800e-01
240 7.016000e-01 2.708000e-03 2.956920e-01
241 7.012480e-01 2.520000e-03 2.962320e-01
242 7.008560e-01 2.540000e-03 2.966040e-01
243 7.004400e-01 2.544000e-03 2.970160e-01
244 7.000560e-01 2.388000e-03 2.975560e-01
245 6.996200e-01 2.376000e-03 2.980040e-01
246 6.992560e-01 2.352000e-03 2.983920e-01
247 6.988720e-01 2.364000e-03 2.987640e-01
248 6.985000e-01 2.360000e-03 2.991400e-01
249 6.981760e-01 2.300000e-03 2.995240e-01
250 6.978480e-01 2.184000e-03 2.999680e-01
251 6.975120e-01 2.092000e-03 3.003960e-01
252 6.971800e-01 2.072000e-03 3.007480e-01
253 6.968120e-01 2.080000e-03 3.011080e-01
254 6.964560e-01 2.024000e-03 3.015200e-01
255 6.960200e-01 2.088000e-03 3.018920e-01
256 6.955960e-01 2.144000e-03 3.022600e-01
257 6.952080e-01 2.184000e-03 3.026080e-01
258 6.948920e-01 2.080000e-03 3.030280e-01
259 6.945720e-01 2.036000e-03 3.033920e-01
260 6.941680e-01 2.096000e-03 3.037360e-01
261 6.937320e-01 2.228000e-03 3.040400e-01
262 6.933320e-01 2.192000e-03 3.044760e-01
263 6.929040e-01 2.244000e-03 3.048520e-01
264 6.924640e-01 2.340000e-03 3.051960e-01
265 6.920520e-01 2.324000e-03 3.056240e-01
266 6.916280e-01 2.280000e-03 3.060920e-01
267 6.912200e-01 2.332000e-03 3.064480e-01
268 6.907080e-01 2.412000e-03 3.068800e-01
269 6.903080e-01 2.444000e-03 3.072480e-01
270 6.898840e-01 2.424000e-03 3.076920e-01
271 6.894600e-01 2.416000e-03 3.081240e-01
272 6.890040e-01 2.456000e-03 3.085400e-01
273 6.886360e-01 2.336000e-03 3.090280e-01
274 6.882280e-01 2.288000e-03 3.094840e-01
275 6.878760e-01 2.292000e-03 3.098320e-01
276 6.874880e-01 2.284000e-03 3.102280e-01
277 6.871520e-01 2.256000e-03 3.105920e-01
278 6.867480e-01 2.236000e-03 3.110160e-01
279 6.863640e-01 2.184000e-03 3.114520e-01
280 6.860240e-01 2.160000e-03 3.118160e-01
281 6.857280e-01 2.084000e-03 3.121880e-01
282 6.854040e-01 2.080000e-03 3.125160e-01
283 6.849480e-01 2.192000e-03 3.128600e-01
284 6.845000e-01 2.256000e-03 3.132440e-01
285 6.840880e-01 2.296000e-03 3.136160e-01
286 6.837080e-01 2.264000e-03 3.140280e-01
287 6.832240e-01 2.360000e-03 3.144160e-01
288 6.827680e-01 2.380000e-03 3.148520e-01
289 6.822400e-01 2.484000e-03 3.152760e-01
290 6.817240e-01 2.568000e-03 3.157080e-01
291 6.812760e-01 2.484000e-03 3.162400e-01
292 6.808360e-01 2.584000e-03 3.165800e-01
293 6.804560e-01 2.488000e-03 3.170560e-01
294 6.799840e-01 2.560000e-03 3.174560e-01
295 6.794680e-01 2.680000e-03 3.178520e-01
296 6.789480e-01 2.744000e-03 3.183080e-01
297 6.784440e-01 2.800000e-03 3.187560e-01
298 6.781120e-01 2.704000e-03 3.191840e-01
299 6.776680e-01 2.600000e-03 3.197320e-01
300 6.771760e-01 2.648000e-03 3.201760e-01
301 6.766800e-01 2.652000e-03 3.206680e-01
302 6.761040e-01 2.716000e-03 3.211800e-01
303 6.756600e-01 2.716000e-03 3.216240e-01
304 6.751640e-01 2.736000e-03 3.221000e-01
305 6.747280e-01 2.688000e-03 3.225840e-01
306 6.743120e-01 2.588000e-03 3.231000e-01
307 6.738800e-01 2.604000e-03 3.235160e-01
308 6.735600e-01 2.388000e-03 3.240520e-01
309 6.731000e-01 2.444000e-03 3.244560e-01
310 6.727960e-01 2.292000e-03 3.249120e-01
311 6.724760e-01 2.216000e-03 3.253080e-01
312 6.721840e-01 2.068000e-03 3.257480e-01
313 6.718280e-01 2.040000e-03 3.261320e-01
314 6.715400e-01 2.000000e-03 3.264600e-01
315 6.713000e-01 1.952000e-03 3.267480e-01
316 6.709760e-01 1.964000e-03 3.270600e-01
317 6.706600e-01 1.952000e-03 3.273880e-01
318 6.703640e-01 1.928000e-03 3.277080e-01
319 6.701000e-01 1.864000e-03 3.280360e-01
320 6.698400e-01 1.832000e-03 3.283280e-01
321 6.695960e-01 1.800000e-03 3.286040e-01
322 6.693200e-01 1.744000e-03 3.289360e-01
323 6.690720e-01 1.740000e-03 3.291880e-01
324 6.688240e-01 1.712000e-03 3.294640e-01
325 6.686000e-01 1.608000e-03 3.297920e-01
326 6.683240e-01 1.584000e-03 3.300920e-01
327 6.680240e-01 1.572000e-03 3.304040e-01
328 6.676600e-01 1.664000e-03 3.306760e-01
329 6.673320e-01 1.724000e-03 3.309440e-01
330 6.670400e-01 1.692000e-03 3.312680e-01
331 6.667600e-01 1.728000e-03 3.315120e-01
332 6.664600e-01 1.732000e-03 3.318080e-01
333 6.662000e-01 1.732000e-03 3.320680e-01
334 6.658720e-01 1.752000e-03 3.323760e-01
335 6.656200e-01 1.752000e-03 3.326280e-01
336 6.653560e-01 1.648000e-03 3.329960e-01
337 6.651440e-01 1.548000e-03 3.333080e-01
338 6.649320e-01 1.516000e-03 3.335520e-01
339 6.646680e-01 1.488000e-03 3.338440e-01
340 6.643160e-01 1.556000e-03 3.341280e-01
341 6.640520e-01 1.584000e-03 3.343640e-01
342 6.637200e-01 1.692000e-03 3.345880e-01
343 6.633800e-01 1.748000e-03 3.348720e-01
344 6.631480e-01 1.700000e-03 3.351520e-01
345 6.628800e-01 1.692000e-03 3.354280e-01
346 6.626160e-01 1.640000e-03 3.357440e-01
347 6.623040e-01 1.692000e-03 3.360040e-01
348 6.620240e-01 1.720000e-03 3.362560e-01
349 6.617680e-01 1.680000e-03 3.365520e-01
350 6.615320e-01 1.652000e-03 3.368160e-01
351 6.612520e-01 1.672000e-03 3.370760e-01
352 6.610480e-01 1.604000e-03 3.373480e-01
353 6.608080e-01 1.556000e-03 3.376360e-01
354 6.605480e-01 1.548000e-03 3.379040e-01
355 6.602760e-01 1.528000e-03 3.381960e-01
356 6.600200e-01 1.572000e-03 3.384080e-01
357 6.597240e-01 1.604000e-03 3.386720e-01
358 6.594800e-01 1.572000e-03 3.389480e-01
359 6.592080e-01 1.580000e-03 3.392120e-01
360 6.590000e-01 1.528000e-03 3.394720e-01
361 6.587720e-01 1.468000e-03 3.397600e-01
362 6.585640e-01 1.376000e-03 3.400600e-01
363 6.583200e-01 1.444000e-03 3.402360e-01
364 6.581000e-01 1.376000e-03 3.405240e-01
365 6.579000e-01 1.332000e-03 3.407680e-01
366 6.577000e-01 1.264000e-03 3.410360e-01
367 6.575160e-01 1.180000e-03 3.413040e-01
368 6.573160e-01 1.180000e-03 3.415040e-01
369 6.571000e-01 1.168000e-03 3.417320e-01
370 6.569120e-01 1.144000e-03 3.419440e-01
371 6.567360e-01 1.088000e-03 3.421760e-01
372 6.565480e-01 1.072000e-03 3.423800e-01
373 6.564000e-01 1.020000e-03 3.425800e-01
374 6.562400e-01 9.720000e-04 3.427880e-01
375 6.560600e-01 9.920000e-04 3.429480e-01
376 6.559120e-01 9.440000e-04 3.431440e-01
377 6.557360e-01 9.320000e-04 3.433320e-01
378 6.555360e-01 9.560000e-04 3.435080e-01
379 6.553840e-01 9.280000e-04 3.436880e-01
380 6.552160e-01 9.320000e-04 3.438520e-01
381 6.550920e-01 9.200000e-04 3.439880e-01
382 6.549360e-01 9.320000e-04 3.441320e-01
383 6.547520e-01 9.240000e-04 3.443240e-01
384 6.545920e-01 8.760000e-04 3.445320e-01
385 6.544240e-01 8.600000e-04 3.447160e-01
386 6.543200e-01 8.160000e-04 3.448640e-01
387 6.542120e-01 7.720000e-04 3.450160e-01
388 6.541000e-01 7.760000e-04 3.451240e-01
389 6.539920e-01 7.280000e-04 3.452800e-01
390 6.538880e-01 7.120000e-04 3.454000e-01
391 6.538040e-01 6.720000e-04 3.455240e-01
392 6.536920e-01 6.800000e-04 3.456280e-01
393 6.535920e-01 6.680000e-04 3.457400e-01
394 6.534840e-01 6.600000e-04 3.458560e-01
395 6.533920e-01 6.320000e-04 3.459760e-01
396 6.532760e-01 6.280000e-04 3.460960e-01
397 6.531400e-01 6.440000e-04 3.462160e-01
398 6.530520e-01 6.280000e-04 3.463200e-01
399 6.529320e-01 6.320000e-04 3.464360e-01
400 6.528560e-01 5.960000e-04 3.465480e-01
401 6.527880e-01 5.400000e-04 3.466720e-01
402 6.526840e-01 5.440000e-04 3.467720e-01
403 6.526160e-01 5.160000e-04 3.468680e-01
404 6.525600e-01 4.960000e-04 3.469440e-01
405 6.524480e-01 5.360000e-04 3.470160e-01
406 6.524000e-01 4.960000e-04 3.471040e-01
407 6.522960e-01 5.080000e-04 3.471960e-01
408 6.521840e-01 5.240000e-04 3.472920e-01
409 6.520800e-01 5.320000e-04 3.473880e-01
410 6.519840e-01 5.200000e-04 3.474960e-01
411 6.518920e-01 5.160000e-04 3.475920e-01
412 6.517680e-01 5.520000e-04 3.476800e-01
413 6.516840e-01 5.200000e-04 3.477960e-01
414 6.515520e-01 5.480000e-04 3.479000e-01
415 6.514400e-01 5.680000e-04 3.479920e-01
416 6.513000e-01 6.000000e-04 3.481000e-01
417 6.511800e-01 5.840000e-04 3.482360e-01
418 6.510840e-01 5.680000e-04 3.483480e-01
419 6.509800e-01 5.400000e-04 3.484800e-01
420 6.509080e-01 4.920000e-04 3.486000e-01
421 6.507960e-01 5.160000e-04 3.486880e-01
422 6.507400e-01 4.920000e-04 3.487680e-01
423 6.506760e-01 4.960000e-04 3.488280e-01
424 6.505960e-01 4.480000e-04 3.489560e-01
425 6.504720e-01 4.680000e-04 3.490600e-01
426 6.503800e-01 4.800000e-04 3.491400e-01
427 6.502920e-01 4.920000e-04 3.492160e-01
428 6.502200e-01 5.040000e-04 3.492760e-01
429 6.501120e-01 5.480000e-04 3.493400e-01
430 6.499920e-01 5.720000e-04 3.494360e-01
431 6.499040e-01 5.840000e-04 3.495120e-01
432 6.497920e-01 6.120000e-04 3.495960e-01
433 6.497040e-01 5.440000e-04 3.497520e-01
434 6.496080e-01 5.480000e-04 3.498440e-01
435 6.495440e-01 5.520000e-04 3.499040e-01
436 6.494440e-01 5.400000e-04 3.500160e-01
437 6.493360e-01 5.600000e-04 3.501040e-01
438 6.492920e-01 4.800000e-04 3.502280e-01
439 6.492040e-01 5.160000e-04 3.502800e-01
440 6.491280e-01 4.920000e-04 3.503800e-01
441 6.489840e-01 5.360000e-04 3.504800e-01
442 6.488840e-01 5.560000e-04 3.505600e-01
443 6.487800e-01 5.680000e-04 3.506520e-01
444 6.486720e-01 5.840000e-04 3.507440e-01
445 6.485760e-01 6.160000e-04 3.508080e-01
446 6.484600e-01 6.520000e-04 3.508880e-01
447 6.483160e-01 6.480000e-04 3.510360e-01
448 6.482240e-01 6.400000e-04 3.511360e-01
449 6.481400e-01 5.920000e-04 3.512680e-01
450 6.480280e-01 6.080000e-04 3.513640e-01
451 6.479320e-01 5.920000e-04 3.514760e-01
452 6.478400e-01 5.840000e-04 3.515760e-01
453 6.477520e-01 5.400000e-04 3.517080e-01
454 6.476880e-01 5.200000e-04 3.517920e-01
455 6.475960e-01 5.400000e-04 3.518640e-01
456 6.475040e-01 5.680000e-04 3.519280e-01
457 6.474480e-01 5.360000e-04 3.520160e-01
458 6.473840e-01 5.360000e-04 3.520800e-01
459 6.472520e-01 5.840000e-04 3.521640e-01
460 6.471680e-01 5.440000e-04 3.522880e-01
461 6.470720e-01 5.480000e-04 3.523800e-01
462 6.469760e-01 5.680000e-04 3.524560e-01
463 6.469080e-01 5.560000e-04 3.525360e-01
464 6.468440e-01 5.160000e-04 3.526400e-01
465 6.467520e-01 5.320000e-04 3.527160e-01
466 6.466480e-01 5.320000e-04 3.528200e-01
467 6.465680e-01 5.200000e-04 3.529120e-01
468 6.464520e-01 5.280000e-04 3.530200e-01
469 6.463600e-01 5.400000e-04 3.531000e-01
470 6.462720e-01 5.680000e-04 3.531600e-01
471 6.461680e-01 5.520000e-04 3.532800e-01
472 6.460720e-01 5.800000e-04 3.533480e-01
473 6.460000e-01 5.240000e-04 3.534760e-01
474 6.459080e-01 5.480000e-04 3.535440e-01
475 6.458120e-01 5.320000e-04 3.536560e-01
476 6.457400e-01 5.120000e-04 3.537480e-01
477 6.456680e-01 4.800000e-04 3.538520e-01
478 6.455880e-01 4.760000e-04 3.539360e-01
479 6.455320e-01 4.600000e-04 3.540080e-01
480 6.454440e-01 4.680000e-04 3.540880e-01
481 6.453840e-01 4.240000e-04 3.541920e-01
482 6.453000e-01 4.040000e-04 3.542960e-01
483 6.452440e-01 3.880000e-04 3.543680e-01
484 6.452000e-01 3.600000e-04 3.544400e-01
485 6.451360e-01 3.480000e-04 3.545160e-01
486 6.450800e-01 3.480000e-04 3.545720e-01
487 6.450200e-01 3.240000e-04 3.546560e-01
488 6.449600e-01 3.400000e-04 3.547000e-01
489 6.449080e-01 3.160000e-04 3.547760e-01
490 6.448280e-01 3.520000e-04 3.548200e-01
491 6.447640e-01 3.480000e-04 3.548880e-01
492 6.447120e-01 3.560000e-04 3.549320e-01
493 6.446480e-01 3.800000e-04 3.549720e-01
494 6.446160e-01 3.440000e-04 3.550400e-01
495 6.445720e-01 3.160000e-04 3.551120e-01
496 6.445200e-01 2.920000e-04 3.551880e-01
497 6.444800e-01 2.760000e-04 3.552440e-01
498 6.443760e-01 3.480000e-04 3.552760e-01
499 6.443240e-01 3.520000e-04 3.553240e-01
500 6.442640e-01 3.600000e-04 3.553760e-01
