1 9.991640e-01 7.680000e-04 6.800000e-05
2 9.986520e-01 1.140000e-03 2.080000e-04
3 9.979680e-01 1.608000e-03 4.240000e-04
4 9.971240e-01 2.164000e-03 7.120000e-04
5 9.962920e-01 2.644000e-03 1.064000e-03
6 9.952040e-01 3.204000e-03 1.592000e-03
7 9.940520e-01 3.816000e-03 2.132000e-03
8 9.929800e-01 4.188000e-03 2.832000e-03
9 9.918000e-01 4.664000e-03 3.536000e-03
10 9.905000e-01 5.092000e-03 4.408000e-03
11 9.891600e-01 5.480000e-03 5.360000e-03
12 9.877720e-01 5.848000e-03 6.380000e-03
13 9.864000e-01 6.152000e-03 7.448000e-03
14 9.849080e-01 6.464000e-03 8.628000e-03
15 9.834360e-01 6.776000e-03 9.788000e-03
16 9.820360e-01 6.880000e-03 1.108400e-02
17 9.804400e-01 7.204000e-03 1.235600e-02
18 9.788640e-01 7.508000e-03 1.362800e-02
19 9.771760e-01 7.780000e-03 1.504400e-02
20 9.754280e-01 8.192000e-03 1.638000e-02
21 9.737680e-01 8.376000e-03 1.785600e-02
22 9.719200e-01 8.804000e-03 1.927600e-02
23 9.702800e-01 9.008000e-03 2.071200e-02
24 9.685880e-01 9.276000e-03 2.213600e-02
25 9.669360e-01 9.292000e-03 2.377200e-02
26 9.651920e-01 9.424000e-03 2.538400e-02
27 9.634960e-01 9.452000e-03 2.705200e-02
28 9.618360e-01 9.392000e-03 2.877200e-02
29 9.601680e-01 9.536000e-03 3.029600e-02
30 9.584840e-01 9.480000e-03 3.203600e-02
31 9.566600e-01 9.556000e-03 3.378400e-02
32 9.548840e-01 9.680000e-03 3.543600e-02
33 9.531720e-01 9.796000e-03 3.703200e-02
34 9.512400e-01 1.008800e-02 3.867200e-02
35 9.494920e-01 9.908000e-03 4.060000e-02
36 9.476800e-01 9.964000e-03 4.235600e-02
37 9.459080e-01 9.924000e-03 4.416800e-02
38 9.440080e-01 1.007200e-02 4.592000e-02
39 9.420360e-01 1.038400e-02 4.758000e-02
40 9.401760e-01 1.054800e-02 4.927600e-02
41 9.383000e-01 1.063600e-02 5.106400e-02
42 9.365360e-01 1.059600e-02 5.286800e-02
43 9.347240e-01 1.051200e-02 5.476400e-02
44 9.329720e-01 1.054400e-02 5.648400e-02
45 9.310520e-01 1.067200e-02 5.827600e-02
46 9.294200e-01 1.044800e-02 6.013200e-02
47 9.278000e-01 1.036000e-02 6.184000e-02
48 9.260160e-01 1.041200e-02 6.357200e-02
49 9.241640e-01 1.050400e-02 6.533200e-02
50 9.222560e-01 1.049200e-02 6.725200e-02
51 9.204320e-01 1.035600e-02 6.921200e-02
52 9.187720e-01 1.013600e-02 7.109200e-02
53 9.169360e-01 1.014400e-02 7.292000e-02
54 9.149360e-01 1.028400e-02 7.478000e-02
55 9.130800e-01 1.038400e-02 7.653600e-02
56 9.113160e-01 1.032000e-02 7.836400e-02
57 9.095120e-01 1.020400e-02 8.028400e-02
58 9.076760e-01 1.014400e-02 8.218000e-02
59 9.057680e-01 1.034800e-02 8.388400e-02
60 9.038600e-01 1.064000e-02 8.550000e-02
61 9.019600e-01 1.051600e-02 8.752400e-02
62 9.000640e-01 1.066000e-02 8.927600e-02
63 8.983120e-01 1.059200e-02 9.109600e-02
64 8.962880e-01 1.071600e-02 9.299600e-02
65 8.942280e-01 1.097200e-02 9.480000e-02
66 8.923320e-01 1.106000e-02 9.660800e-02
67 8.904000e-01 1.105600e-02 9.854400e-02
68 8.885120e-01 1.094000e-02 1.005480e-01
69 8.866320e-01 1.085600e-02 1.025120e-01
70 8.847520e-01 1.084000e-02 1.044080e-01
71 8.828880e-01 1.086400e-02 1.062480e-01
72 8.809560e-01 1.093600e-02 1.081080e-01
73 8.789920e-01 1.102000e-02 1.099880e-01
74 8.771320e-01 1.087200e-02 1.119960e-01
75 8.752840e-01 1.089600e-02 1.138200e-01
76 8.732480e-01 1.094800e-02 1.158040e-01
77 8.713920e-01 1.085200e-02 1.177560e-01
78 8.693840e-01 1.094800e-02 1.196680e-01
79 8.674360e-01 1.103200e-02 1.215320e-01
80 8.655240e-01 1.099600e-02 1.234800e-01
81 8.636760e-01 1.095600e-02 1.253680e-01
82 8.617400e-01 1.097200e-02 1.272880e-01
83 8.599080e-01 1.092800e-02 1.291640e-01
84 8.579640e-01 1.080800e-02 1.312280e-01
85 8.562800e-01 1.058000e-02 1.331400e-01
86 8.544240e-01 1.058000e-02 1.349960e-01
87 8.528880e-01 1.028400e-02 1.368280e-01
88 8.511080e-01 1.035600e-02 1.385360e-01
89 8.493360e-01 1.041200e-02 1.402520e-01
90 8.475600e-01 1.043600e-02 1.420040e-01
91 8.455440e-01 1.056000e-02 1.438960e-01
92 8.434960e-01 1.063600e-02 1.458680e-01
93 8.415200e-01 1.066800e-02 1.478120e-01
94 8.398400e-01 1.053600e-02 1.496240e-01
95 8.379280e-01 1.058400e-02 1.514880e-01
96 8.359560e-01 1.070000e-02 1.533440e-01
97 8.340640e-01 1.078800e-02 1.551480e-01
98 8.321840e-01 1.053200e-02 1.572840e-01
99 8.304720e-01 1.030400e-02 1.592240e-01
100 8.286840e-01 1.046800e-02 1.608480e-01
101 8.267960e-01 1.056800e-02 1.626360e-01
102 8.249480e-01 1.059600e-02 1.644560e-01
103 8.231920e-01 1.052400e-02 1.662840e-01
104 8.213080e-01 1.050000e-02 1.681920e-01
105 8.193320e-01 1.064800e-02 1.700200e-01
106 8.174000e-01 1.074800e-02 1.718520e-01
107 8.156000e-01 1.071200e-02 1.736880e-01
108 8.137960e-01 1.063600e-02 1.755680e-01
109 8.119560e-01 1.049600e-02 1.775480e-01
110 8.101640e-01 1.058000e-02 1.792560e-01
111 8.084000e-01 1.042800e-02 1.811720e-01
112 8.068000e-01 1.022400e-02 1.829760e-01
113 8.052080e-01 1.000400e-02 1.847880e-01
114 8.036960e-01 9.740000e-03 1.865640e-01
115 8.019120e-01 9.820000e-03 1.882680e-01
116 8.004600e-01 9.564000e-03 1.899760e-01
117 7.989680e-01 9.288000e-03 1.917440e-01
118 7.974240e-01 9.224000e-03 1.933520e-01
119 7.957720e-01 9.252000e-03 1.949760e-01
120 7.942320e-01 9.348000e-03 1.964200e-01
121 7.926600e-01 9.296000e-03 1.980440e-01
122 7.910440e-01 9.308000e-03 1.996480e-01
123 7.893320e-01 9.436000e-03 2.012320e-01
124 7.876520e-01 9.396000e-03 2.029520e-01
125 7.859200e-01 9.300000e-03 2.047800e-01
126 7.844240e-01 9.100000e-03 2.064760e-01
127 7.827800e-01 9.068000e-03 2.081520e-01
128 7.813160e-01 8.928000e-03 2.097560e-01
129 7.799560e-01 8.560000e-03 2.114840e-01
130 7.786280e-01 8.392000e-03 2.129800e-01
131 7.772880e-01 8.240000e-03 2.144720e-01
132 7.760760e-01 8.032000e-03 2.158920e-01
133 7.745440e-01 8.184000e-03 2.172720e-01
134 7.729520e-01 8.400000e-03 2.186480e-01
135 7.714840e-01 8.316000e-03 2.202000e-01
136 7.700840e-01 8.244000e-03 2.216720e-01
137 7.687640e-01 8.224000e-03 2.230120e-01
138 7.673880e-01 8.252000e-03 2.243600e-01
139 7.660720e-01 8.224000e-03 2.257040e-01
140 7.646800e-01 7.992000e-03 2.273280e-01
141 7.632560e-01 7.952000e-03 2.287920e-01
142 7.619520e-01 7.860000e-03 2.301880e-01
143 7.605080e-01 7.832000e-03 2.316600e-01
144 7.590960e-01 7.700000e-03 2.332040e-01
145 7.577160e-01 7.744000e-03 2.345400e-01
146 7.564880e-01 7.644000e-03 2.358680e-01
147 7.552160e-01 7.628000e-03 2.371560e-01
148 7.539960e-01 7.480000e-03 2.385240e-01
149 7.528280e-01 7.340000e-03 2.398320e-01
150 7.515560e-01 7.116000e-03 2.413280e-01
151 7.502880e-01 7.172000e-03 2.425400e-01
152 7.490280e-01 7.184000e-03 2.437880e-01
153 7.478280e-01 6.964000e-03 2.452080e-01
154 7.466960e-01 6.788000e-03 2.465160e-01
155 7.455280e-01 6.788000e-03 2.476840e-01
156 7.444000e-01 6.704000e-03 2.488960e-01
157 7.432920e-01 6.648000e-03 2.500600e-01
158 7.421840e-01 6.556000e-03 2.512600e-01
159 7.412080e-01 6.456000e-03 2.523360e-01
160 7.402720e-01 6.284000e-03 2.534440e-01
161 7.392120e-01 6.172000e-03 2.546160e-01
162 7.381560e-01 6.108000e-03 2.557360e-01
163 7.372680e-01 5.996000e-03 2.567360e-01
164 7.363640e-01 5.824000e-03 2.578120e-01
165 7.355400e-01 5.520000e-03 2.589400e-01
166 7.346480e-01 5.408000e-03 2.599440e-01
167 7.337720e-01 5.428000e-03 2.608000e-01
168 7.329000e-01 5.244000e-03 2.618560e-01
169 7.321120e-01 5.136000e-03 2.627520e-01
170 7.312480e-01 5.108000e-03 2.636440e-01
171 7.303360e-01 5.168000e-03 2.644960e-01
172 7.295160e-01 5.072000e-03 2.654120e-01
173 7.286120e-01 5.128000e-03 2.662600e-01
174 7.276480e-01 5.208000e-03 2.671440e-01
175 7.267000e-01 5.228000e-03 2.680720e-01
176 7.258400e-01 5.168000e-03 2.689920e-01
177 7.251400e-01 5.032000e-03 2.698280e-01
178 7.241760e-01 5.152000e-03 2.706720e-01
179 7.232280e-01 5.188000e-03 2.715840e-01
180 7.223720e-01 5.076000e-03 2.725520e-01
181 7.216280e-01 4.904000e-03 2.734680e-01
182 7.207080e-01 4.956000e-03 2.743360e-01
183 7.200080e-01 4.880000e-03 2.751120e-01
184 7.192600e-01 4.704000e-03 2.760360e-01
185 7.186080e-01 4.572000e-03 2.768200e-01
186 7.178400e-01 4.524000e-03 2.776360e-01
187 7.171800e-01 4.424000e-03 2.783960e-01
188 7.166040e-01 4.216000e-03 2.791800e-01
189 7.158280e-01 4.164000e-03 2.800080e-01
190 7.151120e-01 4.164000e-03 2.807240e-01
191 7.144360e-01 4.104000e-03 2.814600e-01
192 7.137240e-01 4.088000e-03 2.821880e-01
193 7.129920e-01 4.056000e-03 2.829520e-01
194 7.123680e-01 3.904000e-03 2.837280e-01
195 7.116200e-01 4.000000e-03 2.843800e-01
196 7.109440e-01 4.000000e-03 2.850560e-01
197 7.101640e-01 4.132000e-03 2.857040e-01
198 7.094440e-01 4.152000e-03 2.864040e-01
199 7.087640e-01 4.140000e-03 2.870960e-01
200 7.079680e-01 4.196000e-03 2.878360e-01
201 7.071920e-01 4.192000e-03 2.886160e-01
202 7.064960e-01 4.176000e-03 2.893280e-01
203 7.056120e-01 4.400000e-03 2.899880e-01
204 7.047920e-01 4.456000e-03 2.907520e-01
205 7.040040e-01 4.456000e-03 2.915400e-01
206 7.032040e-01 4.520000e-03 2.922760e-01
207 7.024040e-01 4.552000e-03 2.930440e-01
208 7.016440e-01 4.496000e-03 2.938600e-01
209 7.008880e-01 4.452000e-03 2.946600e-01
210 7.000720e-01 4.460000e-03 2.954680e-01
211 6.993040e-01 4.424000e-03 2.962720e-01
212 6.985160e-01 4.460000e-03 2.970240e-01
213 6.978120e-01 4.352000e-03 2.978360e-01
214 6.970920e-01 4.348000e-03 2.985600e-01
215 6.963640e-01 4.268000e-03 2.993680e-01
216 6.956480e-01 4.236000e-03 3.001160e-01
217 6.949760e-01 4.232000e-03 3.007920e-01
218 6.942800e-01 4.132000e-03 3.015880e-01
219 6.935840e-01 4.176000e-03 3.022400e-01
220 6.928760e-01 4.196000e-03 3.029280e-01
221 6.921240e-01 4.116000e-03 3.037600e-01
222 6.915440e-01 3.944000e-03 3.045120e-01
223 6.909640e-01 3.812000e-03 3.052240e-01
224 6.903480e-01 3.720000e-03 3.059320e-01
225 6.896760e-01 3.744000e-03 3.065800e-01
226 6.890040e-01 3.676000e-03 3.073200e-01
227 6.883320e-01 3.596000e-03 3.080720e-01
228 6.878000e-01 3.456000e-03 3.087440e-01
229 6.872800e-01 3.420000e-03 3.093000e-01
230 6.866600e-01 3.464000e-03 3.098760e-01
231 6.860600e-01 3.476000e-03 3.104640e-01
232 6.854600e-01 3.516000e-03 3.110240e-01
233 6.848240e-01 3.568000e-03 3.116080e-01
234 6.842000e-01 3.524000e-03 3.122760e-01
235 6.836080e-01 3.548000e-03 3.128440e-01
236 6.829920e-01 3.524000e-03 3.134840e-01
237 6.823560e-01 3.576000e-03 3.140680e-01
238 6.817880e-01 3.544000e-03 3.146680e-01
239 6.811600e-01 3.600000e-03 3.152400e-01
240 6.804760e-01 3.744000e-03 3.157800e-01
241 6.798280e-01 3.684000e-03 3.164880e-01
242 6.791560e-01 3.712000e-03 3.171320e-01
243 6.786040e-01 3.640000e-03 3.177560e-01
244 6.779800e-01 3.644000e-03 3.183760e-01
245 6.773600e-01 3.680000e-03 3.189600e-01
246 6.767680e-01 3.620000e-03 3.196120e-01
247 6.761600e-01 3.636000e-03 3.202040e-01
248 6.755560e-01 3.536000e-03 3.209080e-01
249 6.749360e-01 3.564000e-03 3.215000e-01
250 6.743320e-01 3.532000e-03 3.221360e-01
251 6.738080e-01 3.468000e-03 3.227240e-01
252 6.732720e-01 3.376000e-03 3.233520e-01
253 6.726840e-01 3.360000e-03 3.239560e-01
254 6.721160e-01 3.408000e-03 3.244760e-01
255 6.714560e-01 3.384000e-03 3.251600e-01
256 6.709880e-01 3.296000e-03 3.257160e-01
257 6.704080e-01 3.340000e-03 3.262520e-01
258 6.698400e-01 3.336000e-03 3.268240e-01
259 6.693320e-01 3.268000e-03 3.274000e-01
260 6.688480e-01 3.212000e-03 3.279400e-01
261 6.683400e-01 3.172000e-03 3.284880e-01
262 6.678040e-01 3.180000e-03 3.290160e-01
263 6.672120e-01 3.292000e-03 3.294960e-01
264 6.666440e-01 3.332000e-03 3.300240e-01
265 6.660160e-01 3.396000e-03 3.305880e-01
266 6.654160e-01 3.408000e-03 3.311760e-01
267 6.648960e-01 3.332000e-03 3.317720e-01
268 6.643520e-01 3.304000e-03 3.323440e-01
269 6.637920e-01 3.272000e-03 3.329360e-01
270 6.632960e-01 3.244000e-03 3.334600e-01
271 6.626800e-01 3.340000e-03 3.339800e-01
272 6.621040e-01 3.360000e-03 3.345360e-01
273 6.615560e-01 3.296000e-03 3.351480e-01
274 6.609600e-01 3.412000e-03 3.356280e-01
275 6.604400e-01 3.300000e-03 3.362600e-01
276 6.598360e-01 3.356000e-03 3.368080e-01
277 6.593360e-01 3.312000e-03 3.373520e-01
278 6.588240e-01 3.284000e-03 3.378920e-01
279 6.582840e-01 3.256000e-03 3.384600e-01
280 6.577160e-01 3.200000e-03 3.390840e-01
281 6.571880e-01 3.132000e-03 3.396800e-01
282 6.566960e-01 3.108000e-03 3.401960e-01
283 6.561560e-01 3.096000e-03 3.407480e-01
284 6.556440e-01 3.088000e-03 3.412680e-01
285 6.550760e-01 3.156000e-03 3.417680e-01
286 6.545160e-01 3.088000e-03 3.423960e-01
287 6.540280e-01 3.076000e-03 3.428960e-01
288 6.536040e-01 2.984000e-03 3.434120e-01
289 6.531440e-01 3.000000e-03 3.438560e-01
290 6.526920e-01 2.984000e-03 3.443240e-01
291 6.521960e-01 2.980000e-03 3.448240e-01
292 6.516840e-01 2.956000e-03 3.453600e-01
293 6.511520e-01 2.912000e-03 3.459360e-01
294 6.507200e-01 2.892000e-03 3.463880e-01
295 6.503680e-01 2.700000e-03 3.469320e-01
296 6.499720e-01 2.628000e-03 3.474000e-01
297 6.495640e-01 2.624000e-03 3.478120e-01
298 6.490720e-01 2.632000e-03 3.482960e-01
299 6.485280e-01 2.680000e-03 3.487920e-01
300 6.480800e-01 2.664000e-03 3.492560e-01
301 6.476160e-01 2.700000e-03 3.496840e-01
302 6.471080e-01 2.720000e-03 3.501720e-01
303 6.466120e-01 2.824000e-03 3.505640e-01
304 6.461640e-01 2.760000e-03 3.510760e-01
305 6.456760e-01 2.836000e-03 3.514880e-01
306 6.452000e-01 2.768000e-03 3.520320e-01
307 6.446920e-01 2.856000e-03 3.524520e-01
308 6.441600e-01 2.876000e-03 3.529640e-01
309 6.436640e-01 2.880000e-03 3.534560e-01
310 6.431800e-01 2.804000e-03 3.540160e-01
311 6.426840e-01 2.844000e-03 3.544720e-01
312 6.422040e-01 2.860000e-03 3.549360e-01
313 6.417880e-01 2.700000e-03 3.555120e-01
314 6.413720e-01 2.612000e-03 3.560160e-01
315 6.409680e-01 2.608000e-03 3.564240e-01
316 6.406160e-01 2.504000e-03 3.568800e-01
317 6.402400e-01 2.468000e-03 3.572920e-01
318 6.398560e-01 2.404000e-03 3.577400e-01
319 6.394360e-01 2.432000e-03 3.581320e-01
320 6.389920e-01 2.472000e-03 3.585360e-01
321 6.386000e-01 2.332000e-03 3.590680e-01
322 6.382240e-01 2.348000e-03 3.594280e-01
323 6.378640e-01 2.384000e-03 3.597520e-01
324 6.374320e-01 2.396000e-03 3.601720e-01
325 6.371120e-01 2.268000e-03 3.606200e-01
326 6.367200e-01 2.356000e-03 3.609240e-01
327 6.363560e-01 2.308000e-03 3.613360e-01
328 6.360560e-01 2.256000e-03 3.616880e-01
329 6.357240e-01 2.192000e-03 3.620840e-01
330 6.353600e-01 2.116000e-03 3.625240e-01
331 6.349680e-01 2.168000e-03 3.628640e-01
332 6.346400e-01 2.064000e-03 3.632960e-01
333 6.343200e-01 2.012000e-03 3.636680e-01
334 6.339760e-01 2.020000e-03 3.640040e-01
335 6.336000e-01 2.068000e-03 3.643320e-01
336 6.331680e-01 2.140000e-03 3.646920e-01
337 6.327240e-01 2.224000e-03 3.650520e-01
338 6.323760e-01 2.144000e-03 3.654800e-01
339 6.319920e-01 2.128000e-03 3.658800e-01
340 6.316480e-01 2.116000e-03 3.662360e-01
341 6.313720e-01 2.040000e-03 3.665880e-01
342 6.310120e-01 2.040000e-03 3.669480e-01
343 6.307320e-01 2.008000e-03 3.672600e-01
344 6.304240e-01 1.980000e-03 3.675960e-01
345 6.301360e-01 1.948000e-03 3.679160e-01
346 6.297920e-01 1.904000e-03 3.683040e-01
347 6.294640e-01 1.916000e-03 3.686200e-01
348 6.291160e-01 1.972000e-03 3.689120e-01
349 6.287560e-01 1.984000e-03 3.692600e-01
350 6.284240e-01 1.968000e-03 3.696080e-01
351 6.281520e-01 1.892000e-03 3.699560e-01
352 6.279040e-01 1.828000e-03 3.702680e-01
353 6.276640e-01 1.700000e-03 3.706360e-01
354 6.274800e-01 1.588000e-03 3.709320e-01
355 6.273120e-01 1.512000e-03 3.711760e-01
356 6.270880e-01 1.476000e-03 3.714360e-01
357 6.268160e-01 1.484000e-03 3.717000e-01
358 6.265480e-01 1.484000e-03 3.719680e-01
359 6.263200e-01 1.420000e-03 3.722600e-01
360 6.260960e-01 1.400000e-03 3.725040e-01
361 6.258080e-01 1.452000e-03 3.727400e-01
362 6.255920e-01 1.372000e-03 3.730360e-01
363 6.253920e-01 1.352000e-03 3.732560e-01
364 6.251280e-01 1.380000e-03 3.734920e-01
365 6.249120e-01 1.384000e-03 3.737040e-01
366 6.246760e-01 1.400000e-03 3.739240e-01
367 6.244640e-01 1.396000e-03 3.741400e-01
368 6.242560e-01 1.344000e-03 3.744000e-01
369 6.240360e-01 1.348000e-03 3.746160e-01
370 6.238400e-01 1.284000e-03 3.748760e-01
371 6.236720e-01 1.232000e-03 3.750960e-01
372 6.234600e-01 1.312000e-03 3.752280e-01
373 6.232880e-01 1.264000e-03 3.754480e-01
374 6.230880e-01 1.252000e-03 3.756600e-01
375 6.229680e-01 1.188000e-03 3.758440e-01
376 6.228200e-01 1.096000e-03 3.760840e-01
377 6.226880e-01 1.060000e-03 3.762520e-01
378 6.225440e-01 1.028000e-03 3.764280e-01
379 6.223680e-01 1.016000e-03 3.766160e-01
380 6.221760e-01 1.000000e-03 3.768240e-01
381 6.220000e-01 9.960000e-04 3.770040e-01
382 6.218360e-01 1.004000e-03 3.771600e-01
383 6.216280e-01 1.044000e-03 3.773280e-01
384 6.215200e-01 1.016000e-03 3.774640e-01
385 6.213320e-01 1.064000e-03 3.776040e-01
386 6.211640e-01 1.020000e-03 3.778160e-01
387 6.210560e-01 9.240000e-04 3.780200e-01
388 6.208920e-01 9.000000e-04 3.782080e-01
389 6.207640e-01 8.240000e-04 3.784120e-01
390 6.206560e-01 7.880000e-04 3.785560e-01
391 6.205200e-01 7.800000e-04 3.787000e-01
392 6.204200e-01 7.880000e-04 3.787920e-01
393 6.202880e-01 7.960000e-04 3.789160e-01
394 6.201920e-01 7.680000e-04 3.790400e-01
395 6.200520e-01 7.800000e-04 3.791680e-01
396 6.199520e-01 7.520000e-04 3.792960e-01
397 6.198480e-01 7.360000e-04 3.794160e-01
398 6.197880e-01 6.880000e-04 3.795240e-01
399 6.197080e-01 6.560000e-04 3.796360e-01
400 6.196160e-01 6.200000e-04 3.797640e-01
401 6.194920e-01 6.280000e-04 3.798800e-01
402 6.193640e-01 6.320000e-04 3.800040e-01
403 6.192440e-01 6.320000e-04 3.801240e-01
404 6.191280e-01 6.400000e-04 3.802320e-01
405 6.190280e-01 6.280000e-04 3.803440e-01
406 6.189280e-01 6.400000e-04 3.804320e-01
407 6.187800e-01 6.560000e-04 3.805640e-01
408 6.186680e-01 6.400000e-04 3.806920e-01
409 6.185320e-01 6.920000e-04 3.807760e-01
410 6.184440e-01 6.200000e-04 3.809360e-01
411 6.183600e-01 6.160000e-04 3.810240e-01
412 6.182920e-01 5.480000e-04 3.811600e-01
413 6.181960e-01 5.520000e-04 3.812520e-01
414 6.180960e-01 5.120000e-04 3.813920e-01
415 6.179480e-01 5.440000e-04 3.815080e-01
416 6.178120e-01 5.880000e-04 3.816000e-01
417 6.177040e-01 5.640000e-04 3.817320e-01
418 6.175920e-01 5.800000e-04 3.818280e-01
419 6.174400e-01 6.560000e-04 3.819040e-01
420 6.173200e-01 6.680000e-04 3.820120e-01
421 6.172000e-01 6.960000e-04 3.821040e-01
422 6.171040e-01 6.880000e-04 3.822080e-01
423 6.169840e-01 6.840000e-04 3.823320e-01
424 6.168520e-01 6.920000e-04 3.824560e-01
425 6.167440e-01 6.960000e-04 3.825600e-01
426 6.166080e-01 7.120000e-04 3.826800e-01
427 6.164440e-01 7.440000e-04 3.828120e-01
428 6.163400e-01 7.120000e-04 3.829480e-01
429 6.162160e-01 7.040000e-04 3.830800e-01
430 6.161080e-01 6.600000e-04 3.832320e-01
431 6.159840e-01 6.960000e-04 3.833200e-01
432 6.158600e-01 6.960000e-04 3.834440e-01
433 6.157520e-01 6.960000e-04 3.835520e-01
434 6.156360e-01 6.600000e-04 3.837040e-01
435 6.155080e-01 6.480000e-04 3.838440e-01
436 6.153960e-01 6.480000e-04 3.839560e-01
437 6.152680e-01 6.840000e-04 3.840480e-01
438 6.151880e-01 6.160000e-04 3.841960e-01
439 6.151120e-01 5.760000e-04 3.843120e-01
440 6.150200e-01 5.440000e-04 3.844360e-01
441 6.149200e-01 5.400000e-04 3.845400e-01
442 6.148000e-01 5.640000e-04 3.846360e-01
443 6.146680e-01 6.000000e-04 3.847320e-01
444 6.145280e-01 6.280000e-04 3.848440e-01
445 6.144240e-01 6.160000e-04 3.849600e-01
446 6.143680e-01 5.600000e-04 3.850720e-01
447 6.142640e-01 5.680000e-04 3.851680e-01
448 6.142000e-01 5.600000e-04 3.852400e-01
449 6.140720e-01 5.520000e-04 3.853760e-01
450 6.139680e-01 5.600000e-04 3.854720e-01
451 6.138920e-01 5.400000e-04 3.855680e-01
452 6.137880e-01 5.560000e-04 3.856560e-01
453 6.136880e-01 5.560000e-04 3.857560e-01
454 6.136240e-01 5.280000e-04 3.858480e-01
455 6.135440e-01 5.120000e-04 3.859440e-01
456 6.134840e-01 4.680000e-04 3.860480e-01
457 6.134320e-01 4.560000e-04 3.861120e-01
458 6.134120e-01 4.120000e-04 3.861760e-01
459 6.133760e-01 3.960000e-04 3.862280e-01
460 6.133200e-01 3.960000e-04 3.862840e-01
461 6.132560e-01 4.200000e-04 3.863240e-01
462 6.131760e-01 4.360000e-04 3.863880e-01
463 6.131040e-01 4.360000e-04 3.864600e-01
464 6.130360e-01 4.240000e-04 3.865400e-01
465 6.129480e-01 4.280000e-04 3.866240e-01
466 6.128920e-01 4.000000e-04 3.867080e-01
467 6.128640e-01 3.600000e-04 3.867760e-01
468 6.127720e-01 3.600000e-04 3.868680e-01
469 6.126800e-01 3.840000e-04 3.869360e-01
470 6.126160e-01 3.440000e-04 3.870400e-01
471 6.125480e-01 3.480000e-04 3.871040e-01
472 6.124520e-01 3.800000e-04 3.871680e-01
473 6.124000e-01 3.960000e-04 3.872040e-01
474 6.123160e-01 4.240000e-04 3.872600e-01
475 6.122080e-01 4.360000e-04 3.873560e-01
476 6.121240e-01 4.560000e-04 3.874200e-01
477 6.120480e-01 4.280000e-04 3.875240e-01
478 6.119360e-01 4.920000e-04 3.875720e-01
479 6.118680e-01 4.920000e-04 3.876400e-01
480 6.117520e-01 5.520000e-04 3.876960e-01
481 6.115920e-01 6.440000e-04 3.877640e-01
482 6.115440e-01 5.800000e-04 3.878760e-01
483 6.114400e-01 5.560000e-04 3.880040e-01
484 6.113320e-01 5.800000e-04 3.880880e-01
485 6.112360e-01 5.520000e-04 3.882120e-01
486 6.111640e-01 5.520000e-04 3.882840e-01
487 6.110920e-01 5.520000e-04 3.883560e-01
488 6.110360e-01 5.200000e-04 3.884440e-01
489 6.109880e-01 4.960000e-04 3.885160e-01
490 6.109240e-01 4.760000e-04 3.886000e-01
491 6.108400e-01 4.760000e-04 3.886840e-01
492 6.107600e-01 4.640000e-04 3.887760e-01
493 6.106920e-01 4.480000e-04 3.888600e-01
494 6.106280e-01 4.360000e-04 3.889360e-01
495 6.105720e-01 4.080000e-04 3.890200e-01
496 6.104680e-01 4.520000e-04 3.890800e-01
497 6.104000e-01 4.080000e-04 3.891920e-01
498 6.103560e-01 3.880000e-04 3.892560e-01
499 6.103160e-01 3.680000e-04 3.893160e-01
500 6.102560e-01 3.960000e-04 3.893480e-01
