1 9.992000e-01 7.000000e-04 1.000000e-04
2 9.986960e-01 1.072000e-03 2.320000e-04
3 9.979560e-01 1.568000e-03 4.760000e-04
4 9.971240e-01 2.064000e-03 8.120000e-04
5 9.962320e-01 2.508000e-03 1.260000e-03
6 9.952560e-01 2.992000e-03 1.752000e-03
7 9.943760e-01 3.272000e-03 2.352000e-03
8 9.934040e-01 3.688000e-03 2.908000e-03
9 9.924000e-01 3.932000e-03 3.668000e-03
10 9.913560e-01 4.348000e-03 4.296000e-03
11 9.903240e-01 4.616000e-03 5.060000e-03
12 9.892320e-01 4.892000e-03 5.876000e-03
13 9.881920e-01 4.940000e-03 6.868000e-03
14 9.870400e-01 5.188000e-03 7.772000e-03
15 9.859960e-01 5.384000e-03 8.620000e-03
16 9.848240e-01 5.628000e-03 9.548000e-03
17 9.836440e-01 5.828000e-03 1.052800e-02
18 9.824560e-01 5.968000e-03 1.157600e-02
19 9.811760e-01 6.272000e-03 1.255200e-02
20 9.798520e-01 6.524000e-03 1.362400e-02
21 9.785720e-01 6.592000e-03 1.483600e-02
22 9.772200e-01 6.832000e-03 1.594800e-02
23 9.759320e-01 6.948000e-03 1.712000e-02
24 9.743640e-01 7.288000e-03 1.834800e-02
25 9.729520e-01 7.456000e-03 1.959200e-02
26 9.714480e-01 7.628000e-03 2.092400e-02
27 9.699600e-01 7.760000e-03 2.228000e-02
28 9.684120e-01 8.028000e-03 2.356000e-02
29 9.669360e-01 8.040000e-03 2.502400e-02
30 9.654240e-01 8.068000e-03 2.650800e-02
31 9.639400e-01 8.176000e-03 2.788400e-02
32 9.624680e-01 8.124000e-03 2.940800e-02
33 9.610800e-01 8.216000e-03 3.070400e-02
34 9.597440e-01 8.112000e-03 3.214400e-02
35 9.581960e-01 8.148000e-03 3.365600e-02
36 9.568840e-01 8.012000e-03 3.510400e-02
37 9.553560e-01 8.096000e-03 3.654800e-02
38 9.538360e-01 8.292000e-03 3.787200e-02
39 9.522680e-01 8.376000e-03 3.935600e-02
40 9.508120e-01 8.420000e-03 4.076800e-02
41 9.491560e-01 8.592000e-03 4.225200e-02
42 9.476360e-01 8.732000e-03 4.363200e-02
43 9.460480e-01 8.680000e-03 4.527200e-02
44 9.446520e-01 8.564000e-03 4.678400e-02
45 9.430680e-01 8.556000e-03 4.837600e-02
46 9.414720e-01 8.760000e-03 4.976800e-02
47 9.400200e-01 8.688000e-03 5.129200e-02
48 9.386040e-01 8.524000e-03 5.287200e-02
49 9.371400e-01 8.484000e-03 5.437600e-02
50 9.356560e-01 8.476000e-03 5.586800e-02
51 9.341560e-01 8.452000e-03 5.739200e-02
52 9.325000e-01 8.564000e-03 5.893600e-02
53 9.309960e-01 8.688000e-03 6.031600e-02
54 9.294680e-01 8.612000e-03 6.192000e-02
55 9.279400e-01 8.636000e-03 6.342400e-02
56 9.263320e-01 8.716000e-03 6.495200e-02
57 9.248160e-01 8.756000e-03 6.642800e-02
58 9.232760e-01 8.824000e-03 6.790000e-02
59 9.216520e-01 8.824000e-03 6.952400e-02
60 9.199200e-01 8.988000e-03 7.109200e-02
61 9.183520e-01 8.992000e-03 7.265600e-02
62 9.168520e-01 8.980000e-03 7.416800e-02
63 9.150760e-01 9.112000e-03 7.581200e-02
64 9.134200e-01 9.400000e-03 7.718000e-02
65 9.117080e-01 9.496000e-03 7.879600e-02
66 9.099880e-01 9.680000e-03 8.033200e-02
67 9.081880e-01 9.660000e-03 8.215200e-02
68 9.065160e-01 9.660000e-03 8.382400e-02
69 9.045960e-01 9.812000e-03 8.559200e-02
70 9.028440e-01 9.720000e-03 8.743600e-02
71 9.011280e-01 9.684000e-03 8.918800e-02
72 8.994720e-01 9.568000e-03 9.096000e-02
73 8.978840e-01 9.500000e-03 9.261600e-02
74 8.962040e-01 9.504000e-03 9.429200e-02
75 8.944200e-01 9.564000e-03 9.601600e-02
76 8.926840e-01 9.648000e-03 9.766800e-02
77 8.908480e-01 9.796000e-03 9.935600e-02
78 8.890760e-01 9.856000e-03 1.010680e-01
79 8.874360e-01 9.716000e-03 1.028480e-01
80 8.857200e-01 9.744000e-03 1.045360e-01
81 8.839720e-01 9.828000e-03 1.062000e-01
82 8.821560e-01 9.764000e-03 1.080800e-01
83 8.803760e-01 9.876000e-03 1.097480e-01
84 8.786120e-01 9.708000e-03 1.116800e-01
85 8.769440e-01 9.724000e-03 1.133320e-01
86 8.753440e-01 9.576000e-03 1.150800e-01
87 8.736520e-01 9.524000e-03 1.168240e-01
88 8.718840e-01 9.624000e-03 1.184920e-01
89 8.702000e-01 9.456000e-03 1.203440e-01
90 8.684760e-01 9.516000e-03 1.220080e-01
91 8.669080e-01 9.400000e-03 1.236920e-01
92 8.655400e-01 9.212000e-03 1.252480e-01
93 8.640720e-01 9.080000e-03 1.268480e-01
94 8.625120e-01 9.116000e-03 1.283720e-01
95 8.609560e-01 9.064000e-03 1.299800e-01
96 8.593520e-01 9.044000e-03 1.316040e-01
97 8.577520e-01 9.016000e-03 1.332320e-01
98 8.561360e-01 9.108000e-03 1.347560e-01
99 8.545720e-01 9.148000e-03 1.362800e-01
100 8.529720e-01 9.188000e-03 1.378400e-01
101 8.515560e-01 8.948000e-03 1.394960e-01
102 8.500400e-01 8.940000e-03 1.410200e-01
103 8.484720e-01 8.896000e-03 1.426320e-01
104 8.469280e-01 8.896000e-03 1.441760e-01
105 8.455240e-01 8.696000e-03 1.457800e-01
106 8.439200e-01 8.748000e-03 1.473320e-01
107 8.423040e-01 8.752000e-03 1.489440e-01
108 8.406560e-01 8.896000e-03 1.504480e-01
109 8.391240e-01 8.880000e-03 1.519960e-01
110 8.376160e-01 8.888000e-03 1.534960e-01
111 8.360920e-01 8.888000e-03 1.550200e-01
112 8.344600e-01 9.144000e-03 1.563960e-01
113 8.327840e-01 9.248000e-03 1.579680e-01
114 8.309440e-01 9.388000e-03 1.596680e-01
115 8.291520e-01 9.540000e-03 1.613080e-01
116 8.274360e-01 9.540000e-03 1.630240e-01
117 8.258280e-01 9.480000e-03 1.646920e-01
118 8.242040e-01 9.496000e-03 1.663000e-01
119 8.225520e-01 9.424000e-03 1.680240e-01
120 8.208400e-01 9.500000e-03 1.696600e-01
121 8.192480e-01 9.400000e-03 1.713520e-01
122 8.177680e-01 9.200000e-03 1.730320e-01
123 8.162120e-01 9.120000e-03 1.746680e-01
124 8.144280e-01 9.336000e-03 1.762360e-01
125 8.127680e-01 9.224000e-03 1.780080e-01
126 8.110680e-01 9.308000e-03 1.796240e-01
127 8.094360e-01 9.108000e-03 1.814560e-01
128 8.077360e-01 9.236000e-03 1.830280e-01
129 8.060920e-01 9.244000e-03 1.846640e-01
130 8.045640e-01 9.224000e-03 1.862120e-01
131 8.029320e-01 9.200000e-03 1.878680e-01
132 8.014160e-01 9.108000e-03 1.894760e-01
133 7.999000e-01 8.892000e-03 1.912080e-01
134 7.984440e-01 8.852000e-03 1.927040e-01
135 7.969720e-01 8.752000e-03 1.942760e-01
136 7.954960e-01 8.728000e-03 1.957760e-01
137 7.940480e-01 8.748000e-03 1.972040e-01
138 7.925360e-01 8.712000e-03 1.987520e-01
139 7.910760e-01 8.636000e-03 2.002880e-01
140 7.896200e-01 8.488000e-03 2.018920e-01
141 7.881600e-01 8.404000e-03 2.034360e-01
142 7.865920e-01 8.428000e-03 2.049800e-01
143 7.851920e-01 8.396000e-03 2.064120e-01
144 7.838120e-01 8.296000e-03 2.078920e-01
145 7.825040e-01 8.164000e-03 2.093320e-01
146 7.810920e-01 8.188000e-03 2.107200e-01
147 7.797160e-01 8.252000e-03 2.120320e-01
148 7.784120e-01 8.144000e-03 2.134440e-01
149 7.771520e-01 7.964000e-03 2.148840e-01
150 7.756360e-01 8.196000e-03 2.161680e-01
151 7.743000e-01 8.060000e-03 2.176400e-01
152 7.729120e-01 7.924000e-03 2.191640e-01
153 7.713680e-01 8.012000e-03 2.206200e-01
154 7.700520e-01 7.948000e-03 2.220000e-01
155 7.686320e-01 8.012000e-03 2.233560e-01
156 7.674200e-01 7.860000e-03 2.247200e-01
157 7.661720e-01 7.784000e-03 2.260440e-01
158 7.650240e-01 7.452000e-03 2.275240e-01
159 7.636680e-01 7.444000e-03 2.288880e-01
160 7.624640e-01 7.404000e-03 2.301320e-01
161 7.611720e-01 7.436000e-03 2.313920e-01
162 7.598120e-01 7.412000e-03 2.327760e-01
163 7.586840e-01 7.196000e-03 2.341200e-01
164 7.573640e-01 7.316000e-03 2.353200e-01
165 7.561560e-01 7.228000e-03 2.366160e-01
166 7.548920e-01 7.120000e-03 2.379880e-01
167 7.536120e-01 7.184000e-03 2.392040e-01
168 7.523880e-01 7.268000e-03 2.403440e-01
169 7.510640e-01 7.240000e-03 2.416960e-01
170 7.497680e-01 7.304000e-03 2.429280e-01
171 7.484560e-01 7.404000e-03 2.441400e-01
172 7.470960e-01 7.472000e-03 2.454320e-01
173 7.457280e-01 7.560000e-03 2.467120e-01
174 7.444960e-01 7.588000e-03 2.479160e-01
175 7.431280e-01 7.612000e-03 2.492600e-01
176 7.417800e-01 7.624000e-03 2.505960e-01
177 7.405560e-01 7.636000e-03 2.518080e-01
178 7.393320e-01 7.576000e-03 2.530920e-01
179 7.380280e-01 7.468000e-03 2.545040e-01
180 7.367520e-01 7.420000e-03 2.558280e-01
181 7.355240e-01 7.388000e-03 2.570880e-01
182 7.340560e-01 7.628000e-03 2.583160e-01
183 7.327200e-01 7.436000e-03 2.598440e-01
184 7.312640e-01 7.588000e-03 2.611480e-01
185 7.298320e-01 7.628000e-03 2.625400e-01
186 7.284640e-01 7.688000e-03 2.638480e-01
187 7.271240e-01 7.740000e-03 2.651360e-01
188 7.257960e-01 7.660000e-03 2.665440e-01
189 7.244360e-01 7.668000e-03 2.678960e-01
190 7.230680e-01 7.580000e-03 2.693520e-01
191 7.216680e-01 7.676000e-03 2.706560e-01
192 7.204520e-01 7.620000e-03 2.719280e-01
193 7.191000e-01 7.636000e-03 2.732640e-01
194 7.178760e-01 7.520000e-03 2.746040e-01
195 7.167000e-01 7.416000e-03 2.758840e-01
196 7.155520e-01 7.232000e-03 2.772160e-01
197 7.140960e-01 7.364000e-03 2.785400e-01
198 7.127720e-01 7.456000e-03 2.797720e-01
199 7.116160e-01 7.300000e-03 2.810840e-01
200 7.105320e-01 7.168000e-03 2.823000e-01
201 7.092480e-01 7.188000e-03 2.835640e-01
202 7.079480e-01 7.200000e-03 2.848520e-01
203 7.067640e-01 7.084000e-03 2.861520e-01
204 7.055640e-01 7.056000e-03 2.873800e-01
205 7.044000e-01 7.060000e-03 2.885400e-01
206 7.032680e-01 6.988000e-03 2.897440e-01
207 7.020720e-01 6.836000e-03 2.910920e-01
208 7.010080e-01 6.848000e-03 2.921440e-01
209 6.999080e-01 6.744000e-03 2.933480e-01
210 6.987880e-01 6.648000e-03 2.945640e-01
211 6.976800e-01 6.588000e-03 2.957320e-01
212 6.966320e-01 6.544000e-03 2.968240e-01
213 6.955040e-01 6.520000e-03 2.979760e-01
214 6.944800e-01 6.428000e-03 2.990920e-01
215 6.935480e-01 6.160000e-03 3.002920e-01
216 6.925480e-01 6.104000e-03 3.013480e-01
217 6.914520e-01 6.136000e-03 3.024120e-01
218 6.904200e-01 6.044000e-03 3.035360e-01
219 6.893400e-01 6.116000e-03 3.045440e-01
220 6.882720e-01 6.148000e-03 3.055800e-01
221 6.873880e-01 5.916000e-03 3.066960e-01
222 6.865360e-01 5.748000e-03 3.077160e-01
223 6.856040e-01 5.644000e-03 3.087520e-01
224 6.846600e-01 5.488000e-03 3.098520e-01
225 6.837920e-01 5.324000e-03 3.108840e-01
226 6.828240e-01 5.320000e-03 3.118560e-01
227 6.819960e-01 5.304000e-03 3.127000e-01
228 6.811800e-01 5.192000e-03 3.136280e-01
229 6.803240e-01 5.132000e-03 3.145440e-01
230 6.794240e-01 5.104000e-03 3.154720e-01
231 6.785160e-01 5.108000e-03 3.163760e-01
232 6.777400e-01 5.044000e-03 3.172160e-01
233 6.768920e-01 5.032000e-03 3.180760e-01
234 6.760320e-01 4.952000e-03 3.190160e-01
235 6.751880e-01 4.948000e-03 3.198640e-01
236 6.744000e-01 4.844000e-03 3.207560e-01
237 6.736120e-01 4.812000e-03 3.215760e-01
238 6.728200e-01 4.824000e-03 3.223560e-01
239 6.720680e-01 4.744000e-03 3.231880e-01
240 6.712560e-01 4.664000e-03 3.240800e-01
241 6.705080e-01 4.620000e-03 3.248720e-01
242 6.696920e-01 4.688000e-03 3.256200e-01
243 6.688440e-01 4.780000e-03 3.263760e-01
244 6.680640e-01 4.708000e-03 3.272280e-01
245 6.672800e-01 4.636000e-03 3.280840e-01
246 6.664960e-01 4.644000e-03 3.288600e-01
247 6.656800e-01 4.724000e-03 3.295960e-01
248 6.648000e-01 4.724000e-03 3.304760e-01
249 6.640040e-01 4.764000e-03 3.312320e-01
250 6.630560e-01 4.880000e-03 3.320640e-01
251 6.621480e-01 4.820000e-03 3.330320e-01
252 6.612160e-01 4.948000e-03 3.338360e-01
253 6.601640e-01 5.184000e-03 3.346520e-01
254 6.592000e-01 5.268000e-03 3.355320e-01
255 6.583440e-01 5.120000e-03 3.365360e-01
256 6.573640e-01 5.280000e-03 3.373560e-01
257 6.565600e-01 5.144000e-03 3.382960e-01
258 6.556360e-01 5.200000e-03 3.391640e-01
259 6.546600e-01 5.244000e-03 3.400960e-01
260 6.538920e-01 5.228000e-03 3.408800e-01
261 6.529760e-01 5.276000e-03 3.417480e-01
262 6.521200e-01 5.272000e-03 3.426080e-01
263 6.513000e-01 5.168000e-03 3.435320e-01
264 6.504560e-01 5.044000e-03 3.445000e-01
265 6.495280e-01 5.084000e-03 3.453880e-01
266 6.485600e-01 5.188000e-03 3.462520e-01
267 6.477720e-01 4.960000e-03 3.472680e-01
268 6.469200e-01 4.852000e-03 3.482280e-01
269 6.461040e-01 4.892000e-03 3.490040e-01
270 6.452600e-01 4.960000e-03 3.497800e-01
271 6.446280e-01 4.640000e-03 3.507320e-01
272 6.440120e-01 4.384000e-03 3.516040e-01
273 6.433840e-01 4.216000e-03 3.524000e-01
274 6.426800e-01 4.192000e-03 3.531280e-01
275 6.420760e-01 4.072000e-03 3.538520e-01
276 6.413200e-01 4.200000e-03 3.544800e-01
277 6.405320e-01 4.276000e-03 3.551920e-01
278 6.398440e-01 4.236000e-03 3.559200e-01
279 6.391600e-01 4.132000e-03 3.567080e-01
280 6.385720e-01 4.016000e-03 3.574120e-01
281 6.378880e-01 3.888000e-03 3.582240e-01
282 6.372080e-01 3.940000e-03 3.588520e-01
283 6.366280e-01 3.832000e-03 3.595400e-01
284 6.361080e-01 3.712000e-03 3.601800e-01
285 6.355400e-01 3.700000e-03 3.607600e-01
286 6.349000e-01 3.640000e-03 3.614600e-01
287 6.342520e-01 3.644000e-03 3.621040e-01
288 6.335920e-01 3.608000e-03 3.628000e-01
289 6.328200e-01 3.788000e-03 3.633920e-01
290 6.322320e-01 3.708000e-03 3.640600e-01
291 6.315440e-01 3.800000e-03 3.646560e-01
292 6.309040e-01 3.820000e-03 3.652760e-01
293 6.302800e-01 3.796000e-03 3.659240e-01
294 6.297160e-01 3.668000e-03 3.666160e-01
295 6.290120e-01 3.740000e-03 3.672480e-01
296 6.284440e-01 3.616000e-03 3.679400e-01
297 6.277760e-01 3.644000e-03 3.685800e-01
298 6.270200e-01 3.708000e-03 3.692720e-01
299 6.263400e-01 3.776000e-03 3.698840e-01
300 6.256840e-01 3.696000e-03 3.706200e-01
301 6.249760e-01 3.776000e-03 3.712480e-01
302 6.244000e-01 3.764000e-03 3.718360e-01
303 6.237280e-01 3.764000e-03 3.725080e-01
304 6.230640e-01 3.776000e-03 3.731600e-01
305 6.223960e-01 3.804000e-03 3.738000e-01
306 6.218240e-01 3.748000e-03 3.744280e-01
307 6.212480e-01 3.716000e-03 3.750360e-01
308 6.206160e-01 3.692000e-03 3.756920e-01
309 6.199400e-01 3.704000e-03 3.763560e-01
310 6.193400e-01 3.596000e-03 3.770640e-01
311 6.188640e-01 3.440000e-03 3.776960e-01
312 6.181840e-01 3.512000e-03 3.783040e-01
313 6.176320e-01 3.440000e-03 3.789280e-01
314 6.171040e-01 3.332000e-03 3.795640e-01
315 6.164280e-01 3.464000e-03 3.801080e-01
316 6.158240e-01 3.452000e-03 3.807240e-01
317 6.152800e-01 3.372000e-03 3.813480e-01
318 6.147080e-01 3.368000e-03 3.819240e-01
319 6.141280e-01 3.452000e-03 3.824200e-01
320 6.136000e-01 3.392000e-03 3.830080e-01
321 6.130800e-01 3.296000e-03 3.836240e-01
322 6.125480e-01 3.240000e-03 3.842120e-01
323 6.120720e-01 3.092000e-03 3.848360e-01
324 6.116680e-01 2.976000e-03 3.853560e-01
325 6.112240e-01 2.888000e-03 3.858880e-01
326 6.108880e-01 2.780000e-03 3.863320e-01
327 6.105560e-01 2.708000e-03 3.867360e-01
328 6.102080e-01 2.572000e-03 3.872200e-01
329 6.098680e-01 2.476000e-03 3.876560e-01
330 6.094520e-01 2.468000e-03 3.880800e-01
331 6.091040e-01 2.320000e-03 3.885760e-01
332 6.087520e-01 2.276000e-03 3.889720e-01
333 6.083880e-01 2.184000e-03 3.894280e-01
334 6.080560e-01 2.156000e-03 3.897880e-01
335 6.077440e-01 2.156000e-03 3.901000e-01
336 6.074000e-01 2.140000e-03 3.904600e-01
337 6.070440e-01 2.104000e-03 3.908520e-01
338 6.066560e-01 2.088000e-03 3.912560e-01
339 6.062840e-01 2.092000e-03 3.916240e-01
340 6.060360e-01 1.964000e-03 3.920000e-01
341 6.056600e-01 2.012000e-03 3.923280e-01
342 6.053160e-01 1.992000e-03 3.926920e-01
343 6.049480e-01 2.036000e-03 3.930160e-01
344 6.046520e-01 1.984000e-03 3.933640e-01
345 6.042880e-01 2.024000e-03 3.936880e-01
346 6.039760e-01 1.980000e-03 3.940440e-01
347 6.036440e-01 1.924000e-03 3.944320e-01
348 6.032640e-01 1.980000e-03 3.947560e-01
349 6.029080e-01 2.012000e-03 3.950800e-01
350 6.024920e-01 2.112000e-03 3.953960e-01
351 6.020400e-01 2.232000e-03 3.957280e-01
352 6.016280e-01 2.224000e-03 3.961480e-01
353 6.011720e-01 2.300000e-03 3.965280e-01
354 6.007520e-01 2.400000e-03 3.968480e-01
355 6.003800e-01 2.344000e-03 3.972760e-01
356 5.999200e-01 2.336000e-03 3.977440e-01
357 5.995120e-01 2.344000e-03 3.981440e-01
358 5.991480e-01 2.252000e-03 3.986000e-01
359 5.988040e-01 2.272000e-03 3.989240e-01
360 5.983680e-01 2.256000e-03 3.993760e-01
361 5.980520e-01 2.184000e-03 3.997640e-01
362 5.976800e-01 2.152000e-03 4.001680e-01
363 5.973160e-01 2.168000e-03 4.005160e-01
364 5.969920e-01 2.084000e-03 4.009240e-01
365 5.966440e-01 2.112000e-03 4.012440e-01
366 5.963480e-01 2.052000e-03 4.016000e-01
367 5.959800e-01 2.000000e-03 4.020200e-01
368 5.956760e-01 1.960000e-03 4.023640e-01
369 5.953320e-01 2.040000e-03 4.026280e-01
370 5.950040e-01 1.976000e-03 4.030200e-01
371 5.947200e-01 1.844000e-03 4.034360e-01
372 5.944560e-01 1.808000e-03 4.037360e-01
373 5.942080e-01 1.716000e-03 4.040760e-01
374 5.939480e-01 1.620000e-03 4.044320e-01
375 5.936920e-01 1.580000e-03 4.047280e-01
376 5.934080e-01 1.628000e-03 4.049640e-01
377 5.931680e-01 1.592000e-03 4.052400e-01
378 5.929120e-01 1.584000e-03 4.055040e-01
379 5.927080e-01 1.552000e-03 4.057400e-01
380 5.924440e-01 1.516000e-03 4.060400e-01
381 5.921840e-01 1.476000e-03 4.063400e-01
382 5.918280e-01 1.552000e-03 4.066200e-01
383 5.915320e-01 1.560000e-03 4.069080e-01
384 5.912440e-01 1.616000e-03 4.071400e-01
385 5.910120e-01 1.532000e-03 4.074560e-01
386 5.907800e-01 1.492000e-03 4.077280e-01
387 5.904960e-01 1.548000e-03 4.079560e-01
388 5.902440e-01 1.492000e-03 4.082640e-01
389 5.899240e-01 1.540000e-03 4.085360e-01
390 5.896360e-01 1.556000e-03 4.088080e-01
391 5.893200e-01 1.612000e-03 4.090680e-01
392 5.890160e-01 1.640000e-03 4.093440e-01
393 5.887720e-01 1.596000e-03 4.096320e-01
394 5.884920e-01 1.580000e-03 4.099280e-01
395 5.882080e-01 1.584000e-03 4.102080e-01
396 5.879640e-01 1.544000e-03 4.104920e-01
397 5.877240e-01 1.520000e-03 4.107560e-01
398 5.875240e-01 1.412000e-03 4.110640e-01
399 5.872640e-01 1.432000e-03 4.113040e-01
400 5.869520e-01 1.460000e-03 4.115880e-01
401 5.866720e-01 1.496000e-03 4.118320e-01
402 5.864400e-01 1.388000e-03 4.121720e-01
403 5.862120e-01 1.368000e-03 4.124200e-01
404 5.861000e-01 1.252000e-03 4.126480e-01
405 5.859400e-01 1.224000e-03 4.128360e-01
406 5.857800e-01 1.168000e-03 4.130520e-01
407 5.856360e-01 1.100000e-03 4.132640e-01
408 5.854880e-01 1.044000e-03 4.134680e-01
409 5.853280e-01 9.600000e-04 4.137120e-01
410 5.851640e-01 9.320000e-04 4.139040e-01
411 5.850160e-01 9.000000e-04 4.140840e-01
412 5.848760e-01 9.120000e-04 4.142120e-01
413 5.847760e-01 8.360000e-04 4.143880e-01
414 5.846480e-01 8.000000e-04 4.145520e-01
415 5.845680e-01 7.520000e-04 4.146800e-01
416 5.844360e-01 7.560000e-04 4.148080e-01
417 5.843120e-01 7.600000e-04 4.149280e-01
418 5.842080e-01 7.040000e-04 4.150880e-01
419 5.841240e-01 6.520000e-04 4.152240e-01
420 5.840160e-01 6.760000e-04 4.153080e-01
421 5.839280e-01 6.480000e-04 4.154240e-01
422 5.837720e-01 7.000000e-04 4.155280e-01
423 5.836080e-01 7.280000e-04 4.156640e-01
424 5.835000e-01 6.880000e-04 4.158120e-01
425 5.834040e-01 6.480000e-04 4.159480e-01
426 5.833520e-01 5.920000e-04 4.160560e-01
427 5.832800e-01 5.360000e-04 4.161840e-01
428 5.832080e-01 5.360000e-04 4.162560e-01
429 5.831720e-01 4.920000e-04 4.163360e-01
430 5.831280e-01 4.520000e-04 4.164200e-01
431 5.830600e-01 4.240000e-04 4.165160e-01
432 5.830280e-01 3.680000e-04 4.166040e-01
433 5.829760e-01 3.720000e-04 4.166520e-01
434 5.829200e-01 3.840000e-04 4.166960e-01
435 5.828640e-01 3.920000e-04 4.167440e-01
436 5.828080e-01 3.920000e-04 4.168000e-01
437 5.827560e-01 3.600000e-04 4.168840e-01
438 5.826880e-01 3.400000e-04 4.169720e-01
439 5.826320e-01 3.480000e-04 4.170200e-01
440 5.825600e-01 3.640000e-04 4.170760e-01
441 5.825000e-01 3.760000e-04 4.171240e-01
442 5.824680e-01 3.680000e-04 4.171640e-01
443 5.824120e-01 3.760000e-04 4.172120e-01
444 5.823480e-01 3.720000e-04 4.172800e-01
445 5.823120e-01 3.360000e-04 4.173520e-01
446 5.822640e-01 3.200000e-04 4.174160e-01
447 5.822200e-01 3.120000e-04 4.174680e-01
448 5.821920e-01 3.040000e-04 4.175040e-01
449 5.821640e-01 2.920000e-04 4.175440e-01
450 5.821440e-01 2.440000e-04 4.176120e-01
451 5.821200e-01 2.000000e-04 4.176800e-01
452 5.820960e-01 1.880000e-04 4.177160e-01
453 5.820560e-01 1.800000e-04 4.177640e-01
454 5.820160e-01 1.760000e-04 4.178080e-01
455 5.820000e-01 1.600000e-04 4.178400e-01
456 5.819800e-01 1.520000e-04 4.178680e-01
457 5.819680e-01 1.400000e-04 4.178920e-01
458 5.819520e-01 1.200000e-04 4.179280e-01
459 5.819280e-01 1.240000e-04 4.179480e-01
460 5.818840e-01 1.320000e-04 4.179840e-01
461 5.818680e-01 1.240000e-04 4.180080e-01
462 5.818400e-01 1.360000e-04 4.180240e-01
463 5.817760e-01 1.680000e-04 4.180560e-01
464 5.817200e-01 1.920000e-04 4.180880e-01
465 5.816800e-01 2.040000e-04 4.181160e-01
466 5.816480e-01 1.920000e-04 4.181600e-01
467 5.816120e-01 2.040000e-04 4.181840e-01
468 5.816000e-01 1.760000e-04 4.182240e-01
469 5.815680e-01 1.840000e-04 4.182480e-01
470 5.815320e-01 1.800000e-04 4.182880e-01
471 5.815120e-01 1.760000e-04 4.183120e-01
472 5.814800e-01 1.800000e-04 4.183400e-01
473 5.814480e-01 1.920000e-04 4.183600e-01
474 5.814200e-01 1.920000e-04 4.183880e-01
475 5.813600e-01 2.040000e-04 4.184360e-01
476 5.813080e-01 2.160000e-04 4.184760e-01
477 5.812680e-01 2.080000e-04 4.185240e-01
478 5.812360e-01 2.200000e-04 4.185440e-01
479 5.812080e-01 2.040000e-04 4.185880e-01
480 5.811640e-01 2.160000e-04 4.186200e-01
481 5.811280e-01 2.320000e-04 4.186400e-01
482 5.811080e-01 2.200000e-04 4.186720e-01
483 5.810680e-01 2.200000e-04 4.187120e-01
484 5.810080e-01 2.440000e-04 4.187480e-01
485 5.809760e-01 2.240000e-04 4.188000e-01
486 5.809560e-01 2.120000e-04 4.188320e-01
487 5.809400e-01 1.880000e-04 4.188720e-01
488 5.809240e-01 1.720000e-04 4.189040e-01
489 5.809080e-01 1.480000e-04 4.189440e-01
490 5.808920e-01 1.360000e-04 4.189720e-01
491 5.808760e-01 1.240000e-04 4.190000e-01
492 5.808600e-01 1.240000e-04 4.190160e-01
493 5.808440e-01 1.240000e-04 4.190320e-01
494 5.808320e-01 1.120000e-04 4.190560e-01
495 5.808240e-01 1.120000e-04 4.190640e-01
496 5.808160e-01 9.200000e-05 4.190920e-01
497 5.808080e-01 8.800000e-05 4.191040e-01
498 5.808040e-01 8.400000e-05 4.191120e-01
499 5.808000e-01 6.800000e-05 4.191320e-01
500 5.808000e-01 5.200000e-05 4.191480e-01
