1 9.992400e-01 6.720000e-04 8.800000e-05
2 9.988000e-01 9.160000e-04 2.840000e-04
3 9.982400e-01 1.256000e-03 5.040000e-04
4 9.975960e-01 1.692000e-03 7.120000e-04
5 9.969040e-01 2.032000e-03 1.064000e-03
6 9.961640e-01 2.400000e-03 1.436000e-03
7 9.954080e-01 2.712000e-03 1.880000e-03
8 9.945360e-01 2.988000e-03 2.476000e-03
9 9.938000e-01 3.152000e-03 3.048000e-03
10 9.930640e-01 3.312000e-03 3.624000e-03
11 9.922080e-01 3.552000e-03 4.240000e-03
12 9.914760e-01 3.700000e-03 4.824000e-03
13 9.906680e-01 3.792000e-03 5.540000e-03
14 9.898360e-01 3.976000e-03 6.188000e-03
15 9.888520e-01 4.296000e-03 6.852000e-03
16 9.878600e-01 4.560000e-03 7.580000e-03
17 9.866560e-01 4.924000e-03 8.420000e-03
18 9.855960e-01 5.104000e-03 9.300000e-03
19 9.844480e-01 5.340000e-03 1.021200e-02
20 9.831920e-01 5.672000e-03 1.113600e-02
21 9.819680e-01 5.884000e-03 1.214800e-02
22 9.805680e-01 6.260000e-03 1.317200e-02
23 9.793080e-01 6.328000e-03 1.436400e-02
24 9.780160e-01 6.504000e-03 1.548000e-02
25 9.767360e-01 6.560000e-03 1.670400e-02
26 9.754720e-01 6.508000e-03 1.802000e-02
27 9.741600e-01 6.748000e-03 1.909200e-02
28 9.727320e-01 6.940000e-03 2.032800e-02
29 9.714120e-01 7.096000e-03 2.149200e-02
30 9.699680e-01 7.296000e-03 2.273600e-02
31 9.687280e-01 7.356000e-03 2.391600e-02
32 9.673840e-01 7.480000e-03 2.513600e-02
33 9.659400e-01 7.564000e-03 2.649600e-02
34 9.644800e-01 7.692000e-03 2.782800e-02
35 9.630680e-01 7.840000e-03 2.909200e-02
36 9.615440e-01 8.072000e-03 3.038400e-02
37 9.599040e-01 8.328000e-03 3.176800e-02
38 9.583320e-01 8.496000e-03 3.317200e-02
39 9.569720e-01 8.372000e-03 3.465600e-02
40 9.555520e-01 8.192000e-03 3.625600e-02
41 9.539360e-01 8.360000e-03 3.770400e-02
42 9.524560e-01 8.392000e-03 3.915200e-02
43 9.507560e-01 8.700000e-03 4.054400e-02
44 9.491760e-01 8.796000e-03 4.202800e-02
45 9.475400e-01 8.852000e-03 4.360800e-02
46 9.458080e-01 9.016000e-03 4.517600e-02
47 9.441000e-01 9.156000e-03 4.674400e-02
48 9.424480e-01 9.272000e-03 4.828000e-02
49 9.408240e-01 9.252000e-03 4.992400e-02
50 9.391640e-01 9.248000e-03 5.158800e-02
51 9.373360e-01 9.432000e-03 5.323200e-02
52 9.355720e-01 9.620000e-03 5.480800e-02
53 9.339520e-01 9.632000e-03 5.641600e-02
54 9.322000e-01 9.772000e-03 5.802800e-02
55 9.303160e-01 9.760000e-03 5.992400e-02
56 9.284480e-01 9.856000e-03 6.169600e-02
57 9.267040e-01 9.796000e-03 6.350000e-02
58 9.249680e-01 9.844000e-03 6.518800e-02
59 9.231120e-01 1.004000e-02 6.684800e-02
60 9.212560e-01 1.021200e-02 6.853200e-02
61 9.196040e-01 1.002800e-02 7.036800e-02
62 9.179240e-01 9.956000e-03 7.212000e-02
63 9.159920e-01 1.029200e-02 7.371600e-02
64 9.140840e-01 1.027600e-02 7.564000e-02
65 9.121600e-01 1.037600e-02 7.746400e-02
66 9.102480e-01 1.046400e-02 7.928800e-02
67 9.083400e-01 1.058000e-02 8.108000e-02
68 9.065480e-01 1.041600e-02 8.303600e-02
69 9.047280e-01 1.044400e-02 8.482800e-02
70 9.027080e-01 1.068400e-02 8.660800e-02
71 9.007720e-01 1.069600e-02 8.853200e-02
72 8.988280e-01 1.080800e-02 9.036400e-02
73 8.970800e-01 1.070400e-02 9.221600e-02
74 8.952760e-01 1.060800e-02 9.411600e-02
75 8.935080e-01 1.054000e-02 9.595200e-02
76 8.917120e-01 1.046800e-02 9.782000e-02
77 8.897520e-01 1.053200e-02 9.971600e-02
78 8.877520e-01 1.061600e-02 1.016320e-01
79 8.859080e-01 1.047600e-02 1.036160e-01
80 8.839320e-01 1.055600e-02 1.055120e-01
81 8.819680e-01 1.067200e-02 1.073600e-01
82 8.800480e-01 1.062000e-02 1.093320e-01
83 8.781920e-01 1.063200e-02 1.111760e-01
84 8.763640e-01 1.068000e-02 1.129560e-01
85 8.743960e-01 1.074000e-02 1.148640e-01
86 8.723760e-01 1.080800e-02 1.168160e-01
87 8.704800e-01 1.087600e-02 1.186440e-01
88 8.683560e-01 1.115600e-02 1.204880e-01
89 8.664080e-01 1.103600e-02 1.225560e-01
90 8.642640e-01 1.133200e-02 1.244040e-01
91 8.623800e-01 1.116000e-02 1.264600e-01
92 8.604240e-01 1.114000e-02 1.284360e-01
93 8.584440e-01 1.119600e-02 1.303600e-01
94 8.564920e-01 1.098800e-02 1.325200e-01
95 8.547760e-01 1.077200e-02 1.344520e-01
96 8.528480e-01 1.084000e-02 1.363120e-01
97 8.509200e-01 1.080800e-02 1.382720e-01
98 8.489720e-01 1.085600e-02 1.401720e-01
99 8.470520e-01 1.098400e-02 1.419640e-01
100 8.450840e-01 1.105200e-02 1.438640e-01
101 8.431800e-01 1.086000e-02 1.459600e-01
102 8.414720e-01 1.072000e-02 1.478080e-01
103 8.396080e-01 1.076400e-02 1.496280e-01
104 8.377440e-01 1.074400e-02 1.515120e-01
105 8.359600e-01 1.068400e-02 1.533560e-01
106 8.341240e-01 1.060400e-02 1.552720e-01
107 8.323560e-01 1.056000e-02 1.570840e-01
108 8.306240e-01 1.057600e-02 1.588000e-01
109 8.289720e-01 1.038000e-02 1.606480e-01
110 8.271560e-01 1.041200e-02 1.624320e-01
111 8.253440e-01 1.052000e-02 1.641360e-01
112 8.235920e-01 1.042400e-02 1.659840e-01
113 8.218480e-01 1.028400e-02 1.678680e-01
114 8.200440e-01 1.032000e-02 1.696360e-01
115 8.182320e-01 1.046400e-02 1.713040e-01
116 8.164000e-01 1.058400e-02 1.730160e-01
117 8.146200e-01 1.062800e-02 1.747520e-01
118 8.128160e-01 1.049200e-02 1.766920e-01
119 8.110800e-01 1.040400e-02 1.785160e-01
120 8.093720e-01 1.037200e-02 1.802560e-01
121 8.076120e-01 1.023200e-02 1.821560e-01
122 8.058760e-01 1.025200e-02 1.838720e-01
123 8.040920e-01 1.026800e-02 1.856400e-01
124 8.024120e-01 1.012000e-02 1.874680e-01
125 8.006240e-01 1.006000e-02 1.893160e-01
126 7.988280e-01 1.018400e-02 1.909880e-01
127 7.970640e-01 1.017600e-02 1.927600e-01
128 7.953480e-01 1.020000e-02 1.944520e-01
129 7.936680e-01 9.964000e-03 1.963680e-01
130 7.921240e-01 9.852000e-03 1.980240e-01
131 7.904320e-01 9.788000e-03 1.997800e-01
132 7.887840e-01 9.776000e-03 2.014400e-01
133 7.870760e-01 9.688000e-03 2.032360e-01
134 7.854960e-01 9.680000e-03 2.048240e-01
135 7.837280e-01 9.744000e-03 2.065280e-01
136 7.820280e-01 9.820000e-03 2.081520e-01
137 7.804400e-01 9.740000e-03 2.098200e-01
138 7.787280e-01 9.676000e-03 2.115960e-01
139 7.769720e-01 9.744000e-03 2.132840e-01
140 7.753960e-01 9.580000e-03 2.150240e-01
141 7.736880e-01 9.668000e-03 2.166440e-01
142 7.720480e-01 9.624000e-03 2.183280e-01
143 7.704320e-01 9.704000e-03 2.198640e-01
144 7.687200e-01 9.796000e-03 2.214840e-01
145 7.669800e-01 9.912000e-03 2.231080e-01
146 7.650920e-01 1.015200e-02 2.247560e-01
147 7.632720e-01 1.022800e-02 2.265000e-01
148 7.615440e-01 1.016400e-02 2.282920e-01
149 7.597880e-01 1.014800e-02 2.300640e-01
150 7.581560e-01 1.005600e-02 2.317880e-01
151 7.565840e-01 9.844000e-03 2.335720e-01
152 7.549400e-01 9.748000e-03 2.353120e-01
153 7.533000e-01 9.496000e-03 2.372040e-01
154 7.516000e-01 9.556000e-03 2.388440e-01
155 7.499840e-01 9.532000e-03 2.404840e-01
156 7.484480e-01 9.296000e-03 2.422560e-01
157 7.468040e-01 9.388000e-03 2.438080e-01
158 7.453960e-01 9.088000e-03 2.455160e-01
159 7.440320e-01 8.764000e-03 2.472040e-01
160 7.427760e-01 8.384000e-03 2.488400e-01
161 7.414520e-01 8.288000e-03 2.502600e-01
162 7.401200e-01 8.268000e-03 2.516120e-01
163 7.387840e-01 8.124000e-03 2.530920e-01
164 7.373400e-01 8.136000e-03 2.545240e-01
165 7.360760e-01 7.824000e-03 2.561000e-01
166 7.346120e-01 7.900000e-03 2.574880e-01
167 7.333680e-01 7.888000e-03 2.587440e-01
168 7.320720e-01 7.864000e-03 2.600640e-01
169 7.306800e-01 7.912000e-03 2.614080e-01
170 7.293240e-01 7.852000e-03 2.628240e-01
171 7.279400e-01 7.728000e-03 2.643320e-01
172 7.267000e-01 7.660000e-03 2.656400e-01
173 7.255440e-01 7.484000e-03 2.669720e-01
174 7.243440e-01 7.568000e-03 2.680880e-01
175 7.230760e-01 7.564000e-03 2.693600e-01
176 7.218640e-01 7.572000e-03 2.705640e-01
177 7.207080e-01 7.520000e-03 2.717720e-01
178 7.195240e-01 7.376000e-03 2.731000e-01
179 7.183680e-01 7.284000e-03 2.743480e-01
180 7.170680e-01 7.280000e-03 2.756520e-01
181 7.158440e-01 7.264000e-03 2.768920e-01
182 7.147360e-01 7.048000e-03 2.782160e-01
183 7.134960e-01 7.048000e-03 2.794560e-01
184 7.122920e-01 7.044000e-03 2.806640e-01
185 7.110280e-01 7.156000e-03 2.818160e-01
186 7.097760e-01 7.100000e-03 2.831240e-01
187 7.085440e-01 7.032000e-03 2.844240e-01
188 7.073560e-01 7.044000e-03 2.856000e-01
189 7.061560e-01 7.060000e-03 2.867840e-01
190 7.050120e-01 6.868000e-03 2.881200e-01
191 7.038360e-01 6.912000e-03 2.892520e-01
192 7.025240e-01 7.084000e-03 2.903920e-01
193 7.013160e-01 7.100000e-03 2.915840e-01
194 7.001200e-01 7.012000e-03 2.928680e-01
195 6.990520e-01 6.800000e-03 2.941480e-01
196 6.980000e-01 6.620000e-03 2.953800e-01
197 6.968200e-01 6.728000e-03 2.964520e-01
198 6.956080e-01 6.864000e-03 2.975280e-01
199 6.944640e-01 6.784000e-03 2.987520e-01
200 6.934280e-01 6.648000e-03 2.999240e-01
201 6.924240e-01 6.540000e-03 3.010360e-01
202 6.913400e-01 6.552000e-03 3.021080e-01
203 6.901720e-01 6.648000e-03 3.031800e-01
204 6.890280e-01 6.604000e-03 3.043680e-01
205 6.878320e-01 6.612000e-03 3.055560e-01
206 6.867760e-01 6.572000e-03 3.066520e-01
207 6.857680e-01 6.416000e-03 3.078160e-01
208 6.848440e-01 6.212000e-03 3.089440e-01
209 6.837560e-01 6.148000e-03 3.100960e-01
210 6.827800e-01 6.028000e-03 3.111920e-01
211 6.817960e-01 6.108000e-03 3.120960e-01
212 6.805960e-01 6.144000e-03 3.132600e-01
213 6.794160e-01 6.200000e-03 3.143840e-01
214 6.780800e-01 6.308000e-03 3.156120e-01
215 6.770120e-01 6.192000e-03 3.167960e-01
216 6.758240e-01 6.352000e-03 3.178240e-01
217 6.747240e-01 6.440000e-03 3.188360e-01
218 6.735680e-01 6.480000e-03 3.199520e-01
219 6.724360e-01 6.504000e-03 3.210600e-01
220 6.713440e-01 6.468000e-03 3.221880e-01
221 6.701520e-01 6.648000e-03 3.232000e-01
222 6.689840e-01 6.696000e-03 3.243200e-01
223 6.679000e-01 6.636000e-03 3.254640e-01
224 6.668360e-01 6.572000e-03 3.265920e-01
225 6.658040e-01 6.520000e-03 3.276760e-01
226 6.648040e-01 6.260000e-03 3.289360e-01
227 6.638200e-01 6.176000e-03 3.300040e-01
228 6.627240e-01 6.188000e-03 3.310880e-01
229 6.617600e-01 6.080000e-03 3.321600e-01
230 6.607680e-01 5.988000e-03 3.332440e-01
231 6.597760e-01 5.940000e-03 3.342840e-01
232 6.587280e-01 5.972000e-03 3.353000e-01
233 6.578080e-01 5.808000e-03 3.363840e-01
234 6.567200e-01 5.920000e-03 3.373600e-01
235 6.557880e-01 5.788000e-03 3.384240e-01
236 6.548760e-01 5.696000e-03 3.394280e-01
237 6.539560e-01 5.560000e-03 3.404840e-01
238 6.530280e-01 5.420000e-03 3.415520e-01
239 6.521960e-01 5.344000e-03 3.424600e-01
240 6.512480e-01 5.276000e-03 3.434760e-01
241 6.504480e-01 5.088000e-03 3.444640e-01
242 6.495960e-01 5.096000e-03 3.453080e-01
243 6.487880e-01 5.016000e-03 3.461960e-01
244 6.479840e-01 5.004000e-03 3.470120e-01
245 6.471680e-01 4.960000e-03 3.478720e-01
246 6.464920e-01 4.744000e-03 3.487640e-01
247 6.456280e-01 4.792000e-03 3.495800e-01
248 6.448840e-01 4.716000e-03 3.504000e-01
249 6.440240e-01 4.784000e-03 3.511920e-01
250 6.431200e-01 4.912000e-03 3.519680e-01
251 6.422320e-01 4.992000e-03 3.527760e-01
252 6.413680e-01 4.984000e-03 3.536480e-01
253 6.405480e-01 4.988000e-03 3.544640e-01
254 6.398280e-01 4.888000e-03 3.552840e-01
255 6.388520e-01 4.996000e-03 3.561520e-01
256 6.380680e-01 4.964000e-03 3.569680e-01
257 6.372280e-01 4.900000e-03 3.578720e-01
258 6.364800e-01 4.760000e-03 3.587600e-01
259 6.356800e-01 4.804000e-03 3.595160e-01
260 6.348920e-01 4.808000e-03 3.603000e-01
261 6.339800e-01 4.796000e-03 3.612240e-01
262 6.331160e-01 4.792000e-03 3.620920e-01
263 6.324200e-01 4.672000e-03 3.629080e-01
264 6.316640e-01 4.608000e-03 3.637280e-01
265 6.309640e-01 4.544000e-03 3.644920e-01
266 6.302280e-01 4.532000e-03 3.652400e-01
267 6.295240e-01 4.392000e-03 3.660840e-01
268 6.287880e-01 4.260000e-03 3.669520e-01
269 6.281640e-01 4.164000e-03 3.676720e-01
270 6.274800e-01 4.048000e-03 3.684720e-01
271 6.268160e-01 4.024000e-03 3.691600e-01
272 6.262600e-01 3.920000e-03 3.698200e-01
273 6.256280e-01 3.812000e-03 3.705600e-01
274 6.249440e-01 3.812000e-03 3.712440e-01
275 6.243760e-01 3.740000e-03 3.718840e-01
276 6.237880e-01 3.648000e-03 3.725640e-01
277 6.231800e-01 3.656000e-03 3.731640e-01
278 6.226040e-01 3.584000e-03 3.738120e-01
279 6.221120e-01 3.508000e-03 3.743800e-01
280 6.216320e-01 3.292000e-03 3.750760e-01
281 6.210480e-01 3.240000e-03 3.757120e-01
282 6.205960e-01 3.128000e-03 3.762760e-01
283 6.201160e-01 3.056000e-03 3.768280e-01
284 6.197120e-01 2.820000e-03 3.774680e-01
285 6.192840e-01 2.716000e-03 3.780000e-01
286 6.189080e-01 2.600000e-03 3.784920e-01
287 6.184640e-01 2.604000e-03 3.789320e-01
288 6.179880e-01 2.596000e-03 3.794160e-01
289 6.174400e-01 2.596000e-03 3.799640e-01
290 6.168560e-01 2.740000e-03 3.804040e-01
291 6.163480e-01 2.784000e-03 3.808680e-01
292 6.158800e-01 2.748000e-03 3.813720e-01
293 6.153000e-01 2.780000e-03 3.819200e-01
294 6.147720e-01 2.840000e-03 3.823880e-01
295 6.142200e-01 2.912000e-03 3.828680e-01
296 6.137920e-01 2.824000e-03 3.833840e-01
297 6.132920e-01 2.856000e-03 3.838520e-01
298 6.125960e-01 2.992000e-03 3.844120e-01
299 6.120320e-01 2.980000e-03 3.849880e-01
300 6.115040e-01 3.028000e-03 3.854680e-01
301 6.108920e-01 3.124000e-03 3.859840e-01
302 6.103080e-01 3.208000e-03 3.864840e-01
303 6.096560e-01 3.360000e-03 3.869840e-01
304 6.091400e-01 3.312000e-03 3.875480e-01
305 6.085440e-01 3.348000e-03 3.881080e-01
306 6.079000e-01 3.380000e-03 3.887200e-01
307 6.073880e-01 3.320000e-03 3.892920e-01
308 6.068400e-01 3.268000e-03 3.898920e-01
309 6.062320e-01 3.336000e-03 3.904320e-01
310 6.057360e-01 3.204000e-03 3.910600e-01
311 6.052640e-01 3.084000e-03 3.916520e-01
312 6.046960e-01 3.056000e-03 3.922480e-01
313 6.041880e-01 3.068000e-03 3.927440e-01
314 6.035680e-01 3.204000e-03 3.932280e-01
315 6.030120e-01 3.112000e-03 3.938760e-01
316 6.024080e-01 3.192000e-03 3.944000e-01
317 6.019120e-01 3.108000e-03 3.949800e-01
318 6.013760e-01 3.068000e-03 3.955560e-01
319 6.008240e-01 3.056000e-03 3.961200e-01
320 6.003200e-01 3.076000e-03 3.966040e-01
321 5.997600e-01 3.144000e-03 3.970960e-01
322 5.992720e-01 3.076000e-03 3.976520e-01
323 5.987680e-01 3.004000e-03 3.982280e-01
324 5.982720e-01 3.040000e-03 3.986880e-01
325 5.978320e-01 2.888000e-03 3.992800e-01
326 5.973440e-01 2.916000e-03 3.997400e-01
327 5.968200e-01 2.924000e-03 4.002560e-01
328 5.963600e-01 2.896000e-03 4.007440e-01
329 5.959560e-01 2.788000e-03 4.012560e-01
330 5.954600e-01 2.828000e-03 4.017120e-01
331 5.950480e-01 2.704000e-03 4.022480e-01
332 5.945840e-01 2.744000e-03 4.026720e-01
333 5.941040e-01 2.744000e-03 4.031520e-01
334 5.936080e-01 2.772000e-03 4.036200e-01
335 5.931480e-01 2.736000e-03 4.041160e-01
336 5.927680e-01 2.708000e-03 4.045240e-01
337 5.924040e-01 2.580000e-03 4.050160e-01
338 5.920040e-01 2.548000e-03 4.054480e-01
339 5.915480e-01 2.568000e-03 4.058840e-01
340 5.911240e-01 2.576000e-03 4.063000e-01
341 5.907120e-01 2.528000e-03 4.067600e-01
342 5.902800e-01 2.516000e-03 4.072040e-01
343 5.898920e-01 2.444000e-03 4.076640e-01
344 5.895640e-01 2.424000e-03 4.080120e-01
345 5.891560e-01 2.384000e-03 4.084600e-01
346 5.887600e-01 2.408000e-03 4.088320e-01
347 5.883880e-01 2.388000e-03 4.092240e-01
348 5.879440e-01 2.428000e-03 4.096280e-01
349 5.876120e-01 2.328000e-03 4.100600e-01
350 5.872640e-01 2.268000e-03 4.104680e-01
351 5.869480e-01 2.096000e-03 4.109560e-01
352 5.866200e-01 2.068000e-03 4.113120e-01
353 5.862720e-01 2.072000e-03 4.116560e-01
354 5.859920e-01 2.044000e-03 4.119640e-01
355 5.857280e-01 2.052000e-03 4.122200e-01
356 5.853760e-01 2.076000e-03 4.125480e-01
357 5.851280e-01 1.956000e-03 4.129160e-01
358 5.848560e-01 1.908000e-03 4.132360e-01
359 5.845840e-01 1.880000e-03 4.135360e-01
360 5.843360e-01 1.820000e-03 4.138440e-01
361 5.841360e-01 1.728000e-03 4.141360e-01
362 5.838520e-01 1.716000e-03 4.144320e-01
363 5.835840e-01 1.668000e-03 4.147480e-01
364 5.834400e-01 1.480000e-03 4.150800e-01
365 5.832880e-01 1.408000e-03 4.153040e-01
366 5.830960e-01 1.344000e-03 4.155600e-01
367 5.829120e-01 1.328000e-03 4.157600e-01
368 5.826920e-01 1.316000e-03 4.159920e-01
369 5.825000e-01 1.300000e-03 4.162000e-01
370 5.823520e-01 1.208000e-03 4.164400e-01
371 5.822120e-01 1.120000e-03 4.166680e-01
372 5.819680e-01 1.212000e-03 4.168200e-01
373 5.816800e-01 1.300000e-03 4.170200e-01
374 5.815080e-01 1.204000e-03 4.172880e-01
375 5.812440e-01 1.280000e-03 4.174760e-01
376 5.809400e-01 1.344000e-03 4.177160e-01
377 5.806720e-01 1.352000e-03 4.179760e-01
378 5.804120e-01 1.344000e-03 4.182440e-01
379 5.802000e-01 1.320000e-03 4.184800e-01
380 5.799720e-01 1.316000e-03 4.187120e-01
381 5.796640e-01 1.324000e-03 4.190120e-01
382 5.794400e-01 1.328000e-03 4.192320e-01
383 5.791880e-01 1.332000e-03 4.194800e-01
384 5.789480e-01 1.284000e-03 4.197680e-01
385 5.787480e-01 1.260000e-03 4.199920e-01
386 5.785560e-01 1.212000e-03 4.202320e-01
387 5.783320e-01 1.236000e-03 4.204320e-01
388 5.780600e-01 1.256000e-03 4.206840e-01
389 5.778720e-01 1.176000e-03 4.209520e-01
390 5.776600e-01 1.192000e-03 4.211480e-01
391 5.774880e-01 1.184000e-03 4.213280e-01
392 5.772920e-01 1.172000e-03 4.215360e-01
393 5.770760e-01 1.192000e-03 4.217320e-01
394 5.769040e-01 1.168000e-03 4.219280e-01
395 5.766680e-01 1.196000e-03 4.221360e-01
396 5.764720e-01 1.172000e-03 4.223560e-01
397 5.762680e-01 1.216000e-03 4.225160e-01
398 5.760480e-01 1.188000e-03 4.227640e-01
399 5.758440e-01 1.164000e-03 4.229920e-01
400 5.756800e-01 1.148000e-03 4.231720e-01
401 5.755200e-01 1.060000e-03 4.234200e-01
402 5.753240e-01 1.028000e-03 4.236480e-01
403 5.751400e-01 1.000000e-03 4.238600e-01
404 5.750040e-01 9.760000e-04 4.240200e-01
405 5.748520e-01 1.004000e-03 4.241440e-01
406 5.747120e-01 9.720000e-04 4.243160e-01
407 5.745560e-01 9.200000e-04 4.245240e-01
408 5.744240e-01 9.160000e-04 4.246600e-01
409 5.743040e-01 8.320000e-04 4.248640e-01
410 5.741400e-01 8.280000e-04 4.250320e-01
411 5.740280e-01 8.320000e-04 4.251400e-01
412 5.738760e-01 8.040000e-04 4.253200e-01
413 5.737640e-01 7.400000e-04 4.254960e-01
414 5.735800e-01 8.120000e-04 4.256080e-01
415 5.734200e-01 8.440000e-04 4.257360e-01
416 5.732720e-01 8.280000e-04 4.259000e-01
417 5.731320e-01 8.360000e-04 4.260320e-01
418 5.730200e-01 7.960000e-04 4.261840e-01
419 5.728760e-01 8.200000e-04 4.263040e-01
420 5.727200e-01 8.360000e-04 4.264440e-01
421 5.725680e-01 8.120000e-04 4.266200e-01
422 5.724080e-01 8.280000e-04 4.267640e-01
423 5.723040e-01 8.160000e-04 4.268800e-01
424 5.722040e-01 8.040000e-04 4.269920e-01
425 5.720920e-01 7.840000e-04 4.271240e-01
426 5.719720e-01 7.760000e-04 4.272520e-01
427 5.718560e-01 7.320000e-04 4.274120e-01
428 5.717920e-01 6.200000e-04 4.275880e-01
429 5.716680e-01 6.360000e-04 4.276960e-01
430 5.715760e-01 6.200000e-04 4.278040e-01
431 5.714960e-01 6.040000e-04 4.279000e-01
432 5.714160e-01 5.680000e-04 4.280160e-01
433 5.713160e-01 5.680000e-04 4.281160e-01
434 5.712080e-01 5.760000e-04 4.282160e-01
435 5.711280e-01 5.720000e-04 4.283000e-01
436 5.710280e-01 5.440000e-04 4.284280e-01
437 5.709440e-01 5.200000e-04 4.285360e-01
438 5.708280e-01 5.320000e-04 4.286400e-01
439 5.707560e-01 5.240000e-04 4.287200e-01
440 5.706800e-01 5.080000e-04 4.288120e-01
441 5.705800e-01 5.160000e-04 4.289040e-01
442 5.704880e-01 4.840000e-04 4.290280e-01
443 5.703800e-01 5.080000e-04 4.291120e-01
444 5.702800e-01 5.360000e-04 4.291840e-01
445 5.701400e-01 6.000000e-04 4.292600e-01
446 5.700520e-01 5.520000e-04 4.293960e-01
447 5.699640e-01 5.560000e-04 4.294800e-01
448 5.698920e-01 5.440000e-04 4.295640e-01
449 5.698000e-01 5.240000e-04 4.296760e-01
450 5.697360e-01 5.040000e-04 4.297600e-01
451 5.696800e-01 4.760000e-04 4.298440e-01
452 5.696040e-01 4.760000e-04 4.299200e-01
453 5.695240e-01 4.680000e-04 4.300080e-01
454 5.694640e-01 4.440000e-04 4.300920e-01
455 5.693960e-01 4.280000e-04 4.301760e-01
456 5.693320e-01 4.000000e-04 4.302680e-01
457 5.692680e-01 3.640000e-04 4.303680e-01
458 5.692240e-01 3.320000e-04 4.304440e-01
459 5.691480e-01 3.400000e-04 4.305120e-01
460 5.690760e-01 3.600000e-04 4.305640e-01
461 5.689920e-01 3.520000e-04 4.306560e-01
462 5.689280e-01 3.640000e-04 4.307080e-01
463 5.688720e-01 3.320000e-04 4.307960e-01
464 5.687640e-01 3.720000e-04 4.308640e-01
465 5.687000e-01 3.680000e-04 4.309320e-01
466 5.686280e-01 3.760000e-04 4.309960e-01
467 5.685400e-01 3.840000e-04 4.310760e-01
468 5.684680e-01 4.000000e-04 4.311320e-01
469 5.684080e-01 4.000000e-04 4.311920e-01
470 5.683480e-01 3.800000e-04 4.312720e-01
471 5.683000e-01 3.680000e-04 4.313320e-01
472 5.682640e-01 3.480000e-04 4.313880e-01
473 5.682160e-01 3.400000e-04 4.314440e-01
474 5.681640e-01 3.240000e-04 4.315120e-01
475 5.681120e-01 3.280000e-04 4.315600e-01
476 5.680400e-01 3.480000e-04 4.316120e-01
477 5.680080e-01 3.320000e-04 4.316600e-01
478 5.679600e-01 3.520000e-04 4.316880e-01
479 5.679160e-01 3.480000e-04 4.317360e-01
480 5.678720e-01 3.640000e-04 4.317640e-01
481 5.678480e-01 3.200000e-04 4.318320e-01
482 5.678080e-01 3.160000e-04 4.318760e-01
483 5.677680e-01 2.880000e-04 4.319440e-01
484 5.677520e-01 2.600000e-04 4.319880e-01
485 5.677000e-01 2.440000e-04 4.320560e-01
486 5.676800e-01 2.320000e-04 4.320880e-01
487 5.676320e-01 2.320000e-04 4.321360e-01
488 5.676080e-01 2.240000e-04 4.321680e-01
489 5.675880e-01 2.120000e-04 4.322000e-01
490 5.675400e-01 2.320000e-04 4.322280e-01
491 5.675000e-01 2.400000e-04 4.322600e-01
492 5.674720e-01 2.280000e-04 4.323000e-01
493 5.674160e-01 2.640000e-04 4.323200e-01
494 5.673560e-01 2.960000e-04 4.323480e-01
495 5.672840e-01 2.960000e-04 4.324200e-01
496 5.672200e-01 2.800000e-04 4.325000e-01
497 5.671880e-01 2.720000e-04 4.325400e-01
498 5.671520e-01 2.680000e-04 4.325800e-01
499 5.671120e-01 2.440000e-04 4.326440e-01
500 5.671080e-01 2.120000e-04 4.326800e-01
