1 9.991680e-01 7.080000e-04 1.240000e-04
2 9.986440e-01 1.084000e-03 2.720000e-04
3 9.979680e-01 1.516000e-03 5.160000e-04
4 9.972000e-01 1.968000e-03 8.320000e-04
5 9.963920e-01 2.364000e-03 1.244000e-03
6 9.955920e-01 2.776000e-03 1.632000e-03
7 9.946680e-01 3.180000e-03 2.152000e-03
8 9.937280e-01 3.548000e-03 2.724000e-03
9 9.928320e-01 3.812000e-03 3.356000e-03
10 9.918160e-01 4.144000e-03 4.040000e-03
11 9.909240e-01 4.312000e-03 4.764000e-03
12 9.900040e-01 4.484000e-03 5.512000e-03
13 9.890000e-01 4.748000e-03 6.252000e-03
14 9.879320e-01 4.992000e-03 7.076000e-03
15 9.868240e-01 5.180000e-03 7.996000e-03
16 9.857440e-01 5.248000e-03 9.008000e-03
17 9.845720e-01 5.440000e-03 9.988000e-03
18 9.834880e-01 5.504000e-03 1.100800e-02
19 9.823080e-01 5.764000e-03 1.192800e-02
20 9.811640e-01 5.932000e-03 1.290400e-02
21 9.800680e-01 5.920000e-03 1.401200e-02
22 9.788720e-01 5.976000e-03 1.515200e-02
23 9.777200e-01 6.020000e-03 1.626000e-02
24 9.765840e-01 6.064000e-03 1.735200e-02
25 9.754360e-01 6.148000e-03 1.841600e-02
26 9.742640e-01 6.248000e-03 1.948800e-02
27 9.730320e-01 6.320000e-03 2.064800e-02
28 9.717440e-01 6.412000e-03 2.184400e-02
29 9.705320e-01 6.424000e-03 2.304400e-02
30 9.692720e-01 6.472000e-03 2.425600e-02
31 9.679680e-01 6.664000e-03 2.536800e-02
32 9.666720e-01 6.752000e-03 2.657600e-02
33 9.654200e-01 6.748000e-03 2.783200e-02
34 9.641160e-01 6.812000e-03 2.907200e-02
35 9.630440e-01 6.756000e-03 3.020000e-02
36 9.618080e-01 6.836000e-03 3.135600e-02
37 9.606320e-01 6.828000e-03 3.254000e-02
38 9.594080e-01 6.872000e-03 3.372000e-02
39 9.581560e-01 6.920000e-03 3.492400e-02
40 9.568160e-01 7.000000e-03 3.618400e-02
41 9.554280e-01 7.084000e-03 3.748800e-02
42 9.542400e-01 7.012000e-03 3.874800e-02
43 9.528760e-01 7.132000e-03 3.999200e-02
44 9.515160e-01 7.288000e-03 4.119600e-02
45 9.501760e-01 7.360000e-03 4.246400e-02
46 9.489080e-01 7.348000e-03 4.374400e-02
47 9.476600e-01 7.360000e-03 4.498000e-02
48 9.463960e-01 7.340000e-03 4.626400e-02
49 9.452560e-01 7.144000e-03 4.760000e-02
50 9.439280e-01 7.312000e-03 4.876000e-02
51 9.424880e-01 7.368000e-03 5.014400e-02
52 9.411440e-01 7.544000e-03 5.131200e-02
53 9.397320e-01 7.600000e-03 5.266800e-02
54 9.382240e-01 7.712000e-03 5.406400e-02
55 9.365360e-01 7.964000e-03 5.550000e-02
56 9.352280e-01 7.728000e-03 5.704400e-02
57 9.336200e-01 8.008000e-03 5.837200e-02
58 9.320880e-01 8.036000e-03 5.987600e-02
59 9.306480e-01 8.012000e-03 6.134000e-02
60 9.292760e-01 7.920000e-03 6.280400e-02
61 9.278120e-01 7.988000e-03 6.420000e-02
62 9.265400e-01 7.828000e-03 6.563200e-02
63 9.251000e-01 8.032000e-03 6.686800e-02
64 9.237400e-01 8.096000e-03 6.816400e-02
65 9.222280e-01 8.196000e-03 6.957600e-02
66 9.206680e-01 8.260000e-03 7.107200e-02
67 9.192840e-01 8.164000e-03 7.255200e-02
68 9.179480e-01 8.132000e-03 7.392000e-02
69 9.165760e-01 8.088000e-03 7.533600e-02
70 9.152640e-01 7.912000e-03 7.682400e-02
71 9.140240e-01 7.728000e-03 7.824800e-02
72 9.127280e-01 7.708000e-03 7.956400e-02
73 9.114240e-01 7.676000e-03 8.090000e-02
74 9.100200e-01 7.652000e-03 8.232800e-02
75 9.087240e-01 7.508000e-03 8.376800e-02
76 9.073200e-01 7.496000e-03 8.518400e-02
77 9.059760e-01 7.412000e-03 8.661200e-02
78 9.046560e-01 7.540000e-03 8.780400e-02
79 9.034880e-01 7.380000e-03 8.913200e-02
80 9.021440e-01 7.480000e-03 9.037600e-02
81 9.007640e-01 7.680000e-03 9.155600e-02
82 8.995080e-01 7.528000e-03 9.296400e-02
83 8.984200e-01 7.296000e-03 9.428400e-02
84 8.971520e-01 7.204000e-03 9.564400e-02
85 8.960840e-01 7.008000e-03 9.690800e-02
86 8.949480e-01 6.904000e-03 9.814800e-02
87 8.939680e-01 6.728000e-03 9.930400e-02
88 8.929080e-01 6.636000e-03 1.004560e-01
89 8.917200e-01 6.552000e-03 1.017280e-01
90 8.905520e-01 6.532000e-03 1.029160e-01
91 8.893200e-01 6.592000e-03 1.040880e-01
92 8.880160e-01 6.644000e-03 1.053400e-01
93 8.868760e-01 6.552000e-03 1.065720e-01
94 8.857320e-01 6.516000e-03 1.077520e-01
95 8.844960e-01 6.628000e-03 1.088760e-01
96 8.834320e-01 6.568000e-03 1.100000e-01
97 8.822840e-01 6.600000e-03 1.111160e-01
98 8.812000e-01 6.564000e-03 1.122360e-01
99 8.799240e-01 6.628000e-03 1.134480e-01
100 8.788440e-01 6.564000e-03 1.145920e-01
101 8.775960e-01 6.696000e-03 1.157080e-01
102 8.765320e-01 6.500000e-03 1.169680e-01
103 8.753280e-01 6.576000e-03 1.180960e-01
104 8.740040e-01 6.840000e-03 1.191560e-01
105 8.727280e-01 6.924000e-03 1.203480e-01
106 8.715160e-01 6.908000e-03 1.215760e-01
107 8.703400e-01 6.876000e-03 1.227840e-01
108 8.691680e-01 6.812000e-03 1.240200e-01
109 8.680640e-01 6.676000e-03 1.252600e-01
110 8.670120e-01 6.708000e-03 1.262800e-01
111 8.659360e-01 6.552000e-03 1.275120e-01
112 8.647680e-01 6.568000e-03 1.286640e-01
113 8.636400e-01 6.212000e-03 1.301480e-01
114 8.625520e-01 6.252000e-03 1.311960e-01
115 8.614720e-01 6.168000e-03 1.323600e-01
116 8.603440e-01 6.200000e-03 1.334560e-01
117 8.592680e-01 6.152000e-03 1.345800e-01
118 8.582480e-01 6.020000e-03 1.357320e-01
119 8.572800e-01 5.920000e-03 1.368000e-01
120 8.562040e-01 5.968000e-03 1.378280e-01
121 8.551560e-01 6.012000e-03 1.388320e-01
122 8.541880e-01 5.928000e-03 1.398840e-01
123 8.532600e-01 5.824000e-03 1.409160e-01
124 8.522720e-01 5.836000e-03 1.418920e-01
125 8.514040e-01 5.708000e-03 1.428880e-01
126 8.503240e-01 5.912000e-03 1.437640e-01
127 8.493560e-01 5.752000e-03 1.448920e-01
128 8.483800e-01 5.816000e-03 1.458040e-01
129 8.474240e-01 5.752000e-03 1.468240e-01
130 8.464520e-01 5.712000e-03 1.478360e-01
131 8.454960e-01 5.640000e-03 1.488640e-01
132 8.445080e-01 5.604000e-03 1.498880e-01
133 8.435640e-01 5.532000e-03 1.509040e-01
134 8.426520e-01 5.592000e-03 1.517560e-01
135 8.416240e-01 5.684000e-03 1.526920e-01
136 8.406000e-01 5.652000e-03 1.537480e-01
137 8.396920e-01 5.628000e-03 1.546800e-01
138 8.388680e-01 5.452000e-03 1.556800e-01
139 8.379040e-01 5.408000e-03 1.566880e-01
140 8.368400e-01 5.644000e-03 1.575160e-01
141 8.356920e-01 5.776000e-03 1.585320e-01
142 8.346880e-01 5.828000e-03 1.594840e-01
143 8.336520e-01 5.896000e-03 1.604520e-01
144 8.325520e-01 5.924000e-03 1.615240e-01
145 8.315720e-01 5.872000e-03 1.625560e-01
146 8.306360e-01 5.772000e-03 1.635920e-01
147 8.296400e-01 5.748000e-03 1.646120e-01
148 8.286240e-01 5.760000e-03 1.656160e-01
149 8.276920e-01 5.652000e-03 1.666560e-01
150 8.268200e-01 5.460000e-03 1.677200e-01
151 8.257240e-01 5.568000e-03 1.687080e-01
152 8.248200e-01 5.428000e-03 1.697520e-01
153 8.239960e-01 5.304000e-03 1.707000e-01
154 8.231200e-01 5.252000e-03 1.716280e-01
155 8.223040e-01 5.152000e-03 1.725440e-01
156 8.214520e-01 5.112000e-03 1.734360e-01
157 8.205720e-01 5.064000e-03 1.743640e-01
158 8.198040e-01 4.924000e-03 1.752720e-01
159 8.189440e-01 4.888000e-03 1.761680e-01
160 8.180320e-01 5.040000e-03 1.769280e-01
161 8.170800e-01 5.120000e-03 1.778000e-01
162 8.161080e-01 5.188000e-03 1.787040e-01
163 8.152280e-01 5.060000e-03 1.797120e-01
164 8.143120e-01 5.144000e-03 1.805440e-01
165 8.133880e-01 5.296000e-03 1.813160e-01
166 8.123440e-01 5.460000e-03 1.821960e-01
167 8.114440e-01 5.348000e-03 1.832080e-01
168 8.104760e-01 5.504000e-03 1.840200e-01
169 8.096000e-01 5.408000e-03 1.849920e-01
170 8.086280e-01 5.360000e-03 1.860120e-01
171 8.077240e-01 5.292000e-03 1.869840e-01
172 8.068680e-01 5.316000e-03 1.878160e-01
173 8.060720e-01 5.080000e-03 1.888480e-01
174 8.052000e-01 5.128000e-03 1.896720e-01
175 8.042880e-01 5.116000e-03 1.905960e-01
176 8.034080e-01 5.144000e-03 1.914480e-01
177 8.025840e-01 5.040000e-03 1.923760e-01
178 8.018120e-01 4.940000e-03 1.932480e-01
179 8.009880e-01 4.956000e-03 1.940560e-01
180 8.003000e-01 4.812000e-03 1.948880e-01
181 7.995000e-01 4.824000e-03 1.956760e-01
182 7.988320e-01 4.528000e-03 1.966400e-01
183 7.982160e-01 4.448000e-03 1.973360e-01
184 7.975360e-01 4.352000e-03 1.981120e-01
185 7.967640e-01 4.412000e-03 1.988240e-01
186 7.960640e-01 4.372000e-03 1.995640e-01
187 7.953920e-01 4.300000e-03 2.003080e-01
188 7.947280e-01 4.212000e-03 2.010600e-01
189 7.940320e-01 4.224000e-03 2.017440e-01
190 7.933440e-01 4.132000e-03 2.025240e-01
191 7.926600e-01 4.144000e-03 2.031960e-01
192 7.918760e-01 4.216000e-03 2.039080e-01
193 7.911120e-01 4.204000e-03 2.046840e-01
194 7.903320e-01 4.224000e-03 2.054440e-01
195 7.894680e-01 4.292000e-03 2.062400e-01
196 7.886880e-01 4.380000e-03 2.069320e-01
197 7.879560e-01 4.340000e-03 2.077040e-01
198 7.872480e-01 4.224000e-03 2.085280e-01
199 7.864840e-01 4.244000e-03 2.092720e-01
200 7.857560e-01 4.280000e-03 2.099640e-01
201 7.848760e-01 4.380000e-03 2.107440e-01
202 7.842320e-01 4.248000e-03 2.115200e-01
203 7.834320e-01 4.288000e-03 2.122800e-01
204 7.827120e-01 4.276000e-03 2.130120e-01
205 7.819400e-01 4.272000e-03 2.137880e-01
206 7.812800e-01 4.152000e-03 2.145680e-01
207 7.806640e-01 4.024000e-03 2.153120e-01
208 7.800440e-01 4.004000e-03 2.159520e-01
209 7.793040e-01 4.024000e-03 2.166720e-01
210 7.787040e-01 3.956000e-03 2.173400e-01
211 7.780600e-01 3.916000e-03 2.180240e-01
212 7.773720e-01 3.892000e-03 2.187360e-01
213 7.765760e-01 4.016000e-03 2.194080e-01
214 7.757960e-01 4.088000e-03 2.201160e-01
215 7.751240e-01 4.024000e-03 2.208520e-01
216 7.743640e-01 4.092000e-03 2.215440e-01
217 7.736440e-01 4.108000e-03 2.222480e-01
218 7.728720e-01 4.176000e-03 2.229520e-01
219 7.721920e-01 4.112000e-03 2.236960e-01
220 7.715200e-01 4.072000e-03 2.244080e-01
221 7.707320e-01 4.152000e-03 2.251160e-01
222 7.700800e-01 4.064000e-03 2.258560e-01
223 7.694360e-01 4.028000e-03 2.265360e-01
224 7.687520e-01 4.044000e-03 2.272040e-01
225 7.680840e-01 4.104000e-03 2.278120e-01
226 7.674040e-01 4.020000e-03 2.285760e-01
227 7.667320e-01 3.968000e-03 2.293000e-01
228 7.660200e-01 3.924000e-03 2.300560e-01
229 7.653760e-01 3.896000e-03 2.307280e-01
230 7.647240e-01 3.728000e-03 2.315480e-01
231 7.640720e-01 3.716000e-03 2.322120e-01
232 7.634200e-01 3.788000e-03 2.327920e-01
233 7.628520e-01 3.700000e-03 2.334480e-01
234 7.622960e-01 3.664000e-03 2.340400e-01
235 7.617200e-01 3.648000e-03 2.346320e-01
236 7.611360e-01 3.572000e-03 2.352920e-01
237 7.605760e-01 3.504000e-03 2.359200e-01
238 7.599680e-01 3.496000e-03 2.365360e-01
239 7.593040e-01 3.512000e-03 2.371840e-01
240 7.586200e-01 3.548000e-03 2.378320e-01
241 7.580600e-01 3.500000e-03 2.384400e-01
242 7.574800e-01 3.472000e-03 2.390480e-01
243 7.568640e-01 3.412000e-03 2.397240e-01
244 7.563120e-01 3.324000e-03 2.403640e-01
245 7.557200e-01 3.416000e-03 2.408640e-01
246 7.549400e-01 3.572000e-03 2.414880e-01
247 7.543240e-01 3.540000e-03 2.421360e-01
248 7.536960e-01 3.616000e-03 2.426880e-01
249 7.531440e-01 3.536000e-03 2.433200e-01
250 7.525880e-01 3.468000e-03 2.439440e-01
251 7.520400e-01 3.380000e-03 2.445800e-01
252 7.515120e-01 3.316000e-03 2.451720e-01
253 7.509760e-01 3.264000e-03 2.457600e-01
254 7.504520e-01 3.252000e-03 2.462960e-01
255 7.498360e-01 3.396000e-03 2.467680e-01
256 7.492760e-01 3.288000e-03 2.474360e-01
257 7.486760e-01 3.268000e-03 2.480560e-01
258 7.480920e-01 3.280000e-03 2.486280e-01
259 7.475680e-01 3.272000e-03 2.491600e-01
260 7.468800e-01 3.396000e-03 2.497240e-01
261 7.463680e-01 3.268000e-03 2.503640e-01
262 7.459160e-01 3.164000e-03 2.509200e-01
263 7.453320e-01 3.232000e-03 2.514360e-01
264 7.447440e-01 3.248000e-03 2.520080e-01
265 7.442000e-01 3.212000e-03 2.525880e-01
266 7.437240e-01 3.080000e-03 2.531960e-01
267 7.431120e-01 3.192000e-03 2.536960e-01
268 7.426120e-01 3.156000e-03 2.542320e-01
269 7.420600e-01 3.128000e-03 2.548120e-01
270 7.415720e-01 3.056000e-03 2.553720e-01
271 7.411040e-01 2.908000e-03 2.559880e-01
272 7.406920e-01 2.768000e-03 2.565400e-01
273 7.402160e-01 2.692000e-03 2.570920e-01
274 7.398960e-01 2.556000e-03 2.575480e-01
275 7.395600e-01 2.468000e-03 2.579720e-01
276 7.391680e-01 2.412000e-03 2.584200e-01
277 7.388360e-01 2.316000e-03 2.588480e-01
278 7.383720e-01 2.388000e-03 2.592400e-01
279 7.380200e-01 2.332000e-03 2.596480e-01
280 7.376400e-01 2.268000e-03 2.600920e-01
281 7.372840e-01 2.240000e-03 2.604760e-01
282 7.369880e-01 2.188000e-03 2.608240e-01
283 7.366560e-01 2.080000e-03 2.612640e-01
284 7.362800e-01 2.076000e-03 2.616440e-01
285 7.359800e-01 2.032000e-03 2.619880e-01
286 7.357280e-01 1.892000e-03 2.623800e-01
287 7.354680e-01 1.772000e-03 2.627600e-01
288 7.351440e-01 1.780000e-03 2.630760e-01
289 7.348840e-01 1.708000e-03 2.634080e-01
290 7.345200e-01 1.764000e-03 2.637160e-01
291 7.342480e-01 1.752000e-03 2.640000e-01
292 7.339320e-01 1.744000e-03 2.643240e-01
293 7.335120e-01 1.832000e-03 2.646560e-01
294 7.331120e-01 1.924000e-03 2.649640e-01
295 7.327840e-01 1.924000e-03 2.652920e-01
296 7.324240e-01 2.004000e-03 2.655720e-01
297 7.320680e-01 2.036000e-03 2.658960e-01
298 7.317240e-01 2.016000e-03 2.662600e-01
299 7.313960e-01 1.976000e-03 2.666280e-01
300 7.310320e-01 1.976000e-03 2.669920e-01
301 7.306200e-01 2.020000e-03 2.673600e-01
302 7.302920e-01 2.036000e-03 2.676720e-01
303 7.299480e-01 2.020000e-03 2.680320e-01
304 7.296440e-01 1.984000e-03 2.683720e-01
305 7.292480e-01 2.016000e-03 2.687360e-01
306 7.288760e-01 2.016000e-03 2.691080e-01
307 7.285240e-01 2.056000e-03 2.694200e-01
308 7.281800e-01 2.020000e-03 2.698000e-01
309 7.278280e-01 2.020000e-03 2.701520e-01
310 7.274840e-01 2.020000e-03 2.704960e-01
311 7.271640e-01 2.028000e-03 2.708080e-01
312 7.268360e-01 1.972000e-03 2.711920e-01
313 7.264960e-01 2.012000e-03 2.714920e-01
314 7.261600e-01 2.052000e-03 2.717880e-01
315 7.257760e-01 2.008000e-03 2.722160e-01
316 7.254960e-01 1.960000e-03 2.725440e-01
317 7.252160e-01 1.940000e-03 2.728440e-01
318 7.249080e-01 1.856000e-03 2.732360e-01
319 7.246040e-01 1.792000e-03 2.736040e-01
320 7.243440e-01 1.752000e-03 2.739040e-01
321 7.240520e-01 1.720000e-03 2.742280e-01
322 7.237680e-01 1.656000e-03 2.745760e-01
323 7.234640e-01 1.660000e-03 2.748760e-01
324 7.232160e-01 1.624000e-03 2.751600e-01
325 7.229040e-01 1.636000e-03 2.754600e-01
326 7.226680e-01 1.560000e-03 2.757720e-01
327 7.224320e-01 1.492000e-03 2.760760e-01
328 7.221560e-01 1.440000e-03 2.764040e-01
329 7.219480e-01 1.348000e-03 2.767040e-01
330 7.217080e-01 1.356000e-03 2.769360e-01
331 7.213800e-01 1.464000e-03 2.771560e-01
332 7.210880e-01 1.516000e-03 2.773960e-01
333 7.208560e-01 1.472000e-03 2.776720e-01
334 7.206680e-01 1.444000e-03 2.778880e-01
335 7.204760e-01 1.400000e-03 2.781240e-01
336 7.202680e-01 1.400000e-03 2.783320e-01
337 7.201280e-01 1.304000e-03 2.785680e-01
338 7.199560e-01 1.272000e-03 2.787720e-01
339 7.197560e-01 1.292000e-03 2.789520e-01
340 7.196040e-01 1.220000e-03 2.791760e-01
341 7.194280e-01 1.168000e-03 2.794040e-01
342 7.192760e-01 1.076000e-03 2.796480e-01
343 7.190880e-01 1.100000e-03 2.798120e-01
344 7.189480e-01 1.028000e-03 2.800240e-01
345 7.188440e-01 9.400000e-04 2.802160e-01
346 7.187080e-01 9.400000e-04 2.803520e-01
347 7.185480e-01 9.160000e-04 2.805360e-01
348 7.183600e-01 9.520000e-04 2.806880e-01
349 7.181880e-01 9.600000e-04 2.808520e-01
350 7.180480e-01 9.560000e-04 2.809960e-01
351 7.179080e-01 9.200000e-04 2.811720e-01
352 7.177920e-01 8.760000e-04 2.813320e-01
353 7.176160e-01 9.120000e-04 2.814720e-01
354 7.175320e-01 8.960000e-04 2.815720e-01
355 7.174240e-01 8.680000e-04 2.817080e-01
356 7.172800e-01 8.280000e-04 2.818920e-01
357 7.171600e-01 8.000000e-04 2.820400e-01
358 7.170040e-01 8.040000e-04 2.821920e-01
359 7.169040e-01 7.720000e-04 2.823240e-01
360 7.168000e-01 7.520000e-04 2.824480e-01
361 7.167160e-01 6.840000e-04 2.826000e-01
362 7.166560e-01 6.120000e-04 2.827320e-01
363 7.165560e-01 6.000000e-04 2.828440e-01
364 7.164440e-01 5.960000e-04 2.829600e-01
365 7.163440e-01 5.840000e-04 2.830720e-01
366 7.162960e-01 5.320000e-04 2.831720e-01
367 7.162320e-01 5.000000e-04 2.832680e-01
368 7.162080e-01 4.520000e-04 2.833400e-01
369 7.161600e-01 4.440000e-04 2.833960e-01
370 7.160920e-01 4.320000e-04 2.834760e-01
371 7.160360e-01 4.000000e-04 2.835640e-01
372 7.160040e-01 3.720000e-04 2.836240e-01
373 7.159560e-01 3.600000e-04 2.836840e-01
374 7.159120e-01 3.000000e-04 2.837880e-01
375 7.158760e-01 2.960000e-04 2.838280e-01
376 7.157880e-01 3.400000e-04 2.838720e-01
377 7.157600e-01 3.240000e-04 2.839160e-01
378 7.156960e-01 3.360000e-04 2.839680e-01
379 7.156360e-01 3.280000e-04 2.840360e-01
380 7.155800e-01 3.360000e-04 2.840840e-01
381 7.155160e-01 3.440000e-04 2.841400e-01
382 7.154680e-01 3.480000e-04 2.841840e-01
383 7.154040e-01 3.440000e-04 2.842520e-01
384 7.153440e-01 3.320000e-04 2.843240e-01
385 7.153080e-01 3.320000e-04 2.843600e-01
386 7.152600e-01 3.280000e-04 2.844120e-01
387 7.152000e-01 3.280000e-04 2.844720e-01
388 7.151160e-01 3.600000e-04 2.845240e-01
389 7.150640e-01 3.400000e-04 2.845960e-01
390 7.150120e-01 3.360000e-04 2.846520e-01
391 7.149640e-01 3.320000e-04 2.847040e-01
392 7.148840e-01 3.400000e-04 2.847760e-01
393 7.148160e-01 3.240000e-04 2.848600e-01
394 7.147480e-01 3.280000e-04 2.849240e-01
395 7.146720e-01 3.440000e-04 2.849840e-01
396 7.145960e-01 3.640000e-04 2.850400e-01
397 7.145080e-01 3.880000e-04 2.851040e-01
398 7.144360e-01 3.920000e-04 2.851720e-01
399 7.143640e-01 4.000000e-04 2.852360e-01
400 7.143320e-01 3.880000e-04 2.852800e-01
401 7.142560e-01 3.840000e-04 2.853600e-01
402 7.141840e-01 3.880000e-04 2.854280e-01
403 7.141200e-01 3.600000e-04 2.855200e-01
404 7.140600e-01 3.680000e-04 2.855720e-01
405 7.139640e-01 3.960000e-04 2.856400e-01
406 7.138840e-01 4.040000e-04 2.857120e-01
407 7.137600e-01 4.560000e-04 2.857840e-01
408 7.136680e-01 4.480000e-04 2.858840e-01
409 7.136000e-01 4.240000e-04 2.859760e-01
410 7.135560e-01 3.960000e-04 2.860480e-01
411 7.134920e-01 3.800000e-04 2.861280e-01
412 7.134120e-01 4.000000e-04 2.861880e-01
413 7.133560e-01 4.080000e-04 2.862360e-01
414 7.133000e-01 3.640000e-04 2.863360e-01
415 7.132640e-01 3.280000e-04 2.864080e-01
416 7.132280e-01 3.160000e-04 2.864560e-01
417 7.131920e-01 3.120000e-04 2.864960e-01
418 7.131520e-01 2.800000e-04 2.865680e-01
419 7.131080e-01 2.960000e-04 2.865960e-01
420 7.130760e-01 2.600000e-04 2.866640e-01
421 7.130440e-01 2.240000e-04 2.867320e-01
422 7.130040e-01 2.480000e-04 2.867480e-01
423 7.129440e-01 2.480000e-04 2.868080e-01
424 7.128720e-01 2.800000e-04 2.868480e-01
425 7.128000e-01 3.280000e-04 2.868720e-01
426 7.127160e-01 3.640000e-04 2.869200e-01
427 7.126680e-01 3.480000e-04 2.869840e-01
428 7.126080e-01 3.640000e-04 2.870280e-01
429 7.125720e-01 3.480000e-04 2.870800e-01
430 7.125360e-01 3.360000e-04 2.871280e-01
431 7.125040e-01 3.280000e-04 2.871680e-01
432 7.124600e-01 3.080000e-04 2.872320e-01
433 7.124280e-01 2.960000e-04 2.872760e-01
434 7.123800e-01 2.960000e-04 2.873240e-01
435 7.123200e-01 3.120000e-04 2.873680e-01
436 7.122680e-01 3.240000e-04 2.874080e-01
437 7.122240e-01 3.000000e-04 2.874760e-01
438 7.121600e-01 2.800000e-04 2.875600e-01
439 7.121080e-01 2.880000e-04 2.876040e-01
440 7.120520e-01 2.840000e-04 2.876640e-01
441 7.119880e-01 2.840000e-04 2.877280e-01
442 7.119680e-01 2.880000e-04 2.877440e-01
443 7.119360e-01 2.800000e-04 2.877840e-01
444 7.118960e-01 2.680000e-04 2.878360e-01
445 7.118760e-01 2.120000e-04 2.879120e-01
446 7.118640e-01 1.920000e-04 2.879440e-01
447 7.118480e-01 1.720000e-04 2.879800e-01
448 7.118440e-01 1.440000e-04 2.880120e-01
449 7.118400e-01 1.200000e-04 2.880400e-01
450 7.118280e-01 1.000000e-04 2.880720e-01
451 7.118280e-01 8.000000e-05 2.880920e-01
452 7.118280e-01 7.200000e-05 2.881000e-01
453 7.118280e-01 6.400000e-05 2.881080e-01
454 7.118200e-01 6.800000e-05 2.881120e-01
455 7.118200e-01 6.400000e-05 2.881160e-01
456 7.118120e-01 6.800000e-05 2.881200e-01
457 7.118080e-01 6.000000e-05 2.881320e-01
458 7.118040e-01 4.800000e-05 2.881480e-01
459 7.118000e-01 4.000000e-05 2.881600e-01
460 7.118000e-01 3.600000e-05 2.881640e-01
461 7.118000e-01 2.800000e-05 2.881720e-01
462 7.117960e-01 3.200000e-05 2.881720e-01
463 7.117880e-01 2.800000e-05 2.881840e-01
464 7.117880e-01 2.800000e-05 2.881840e-01
465 7.117880e-01 1.600000e-05 2.881960e-01
466 7.117720e-01 2.800000e-05 2.882000e-01
467 7.117720e-01 2.400000e-05 2.882040e-01
468 7.117680e-01 2.400000e-05 2.882080e-01
469 7.117640e-01 2.800000e-05 2.882080e-01
470 7.117640e-01 2.400000e-05 2.882120e-01
471 7.117640e-01 1.600000e-05 2.882200e-01
472 7.117640e-01 1.600000e-05 2.882200e-01
473 7.117640e-01 1.600000e-05 2.882200e-01
474 7.117640e-01 1.200000e-05 2.882240e-01
475 7.117640e-01 8.000000e-06 2.882280e-01
476 7.117640e-01 8.000000e-06 2.882280e-01
477 7.117640e-01 4.000000e-06 2.882320e-01
478 7.117640e-01 4.000000e-06 2.882320e-01
479 7.117640e-01 4.000000e-06 2.882320e-01
480 7.117640e-01 4.000000e-06 2.882320e-01
481 7.117640e-01 0.000000e+00 2.882360e-01
482 7.117640e-01 0.000000e+00 2.882360e-01
483 7.117640e-01 0.000000e+00 2.882360e-01
484 7.117640e-01 0.000000e+00 2.882360e-01
485 7.117640e-01 0.000000e+00 2.882360e-01
486 7.117640e-01 0.000000e+00 2.882360e-01
487 7.117640e-01 0.000000e+00 2.882360e-01
488 7.117640e-01 0.000000e+00 2.882360e-01
489 7.117640e-01 0.000000e+00 2.882360e-01
490 7.117640e-01 0.000000e+00 2.882360e-01
491 7.117640e-01 0.000000e+00 2.882360e-01
492 7.117640e-01 0.000000e+00 2.882360e-01
493 7.117640e-01 0.000000e+00 2.882360e-01
494 7.117640e-01 0.000000e+00 2.882360e-01
495 7.117640e-01 0.000000e+00 2.882360e-01
496 7.117640e-01 0.000000e+00 2.882360e-01
497 7.117640e-01 0.000000e+00 2.882360e-01
498 7.117640e-01 0.000000e+00 2.882360e-01
499 7.117640e-01 0.000000e+00 2.882360e-01
500 7.117640e-01 0.000000e+00 2.882360e-01
