1 9.992920e-01 6.000000e-04 1.080000e-04
2 9.987320e-01 1.020000e-03 2.480000e-04
3 9.982320e-01 1.236000e-03 5.320000e-04
4 9.976840e-01 1.520000e-03 7.960000e-04
5 9.970520e-01 1.840000e-03 1.108000e-03
6 9.964080e-01 2.184000e-03 1.408000e-03
7 9.957400e-01 2.428000e-03 1.832000e-03
8 9.950840e-01 2.660000e-03 2.256000e-03
9 9.942760e-01 3.060000e-03 2.664000e-03
10 9.935440e-01 3.228000e-03 3.228000e-03
11 9.926840e-01 3.480000e-03 3.836000e-03
12 9.918440e-01 3.760000e-03 4.396000e-03
13 9.908960e-01 4.096000e-03 5.008000e-03
14 9.898920e-01 4.316000e-03 5.792000e-03
15 9.887800e-01 4.700000e-03 6.520000e-03
16 9.875720e-01 5.052000e-03 7.376000e-03
17 9.863240e-01 5.416000e-03 8.260000e-03
18 9.851360e-01 5.668000e-03 9.196000e-03
19 9.839800e-01 5.856000e-03 1.016400e-02
20 9.828040e-01 5.984000e-03 1.121200e-02
21 9.814320e-01 6.304000e-03 1.226400e-02
22 9.801720e-01 6.484000e-03 1.334400e-02
23 9.789760e-01 6.584000e-03 1.444000e-02
24 9.778800e-01 6.584000e-03 1.553600e-02
25 9.765480e-01 6.656000e-03 1.679600e-02
26 9.753800e-01 6.652000e-03 1.796800e-02
27 9.741880e-01 6.624000e-03 1.918800e-02
28 9.730920e-01 6.544000e-03 2.036400e-02
29 9.717360e-01 6.784000e-03 2.148000e-02
30 9.704440e-01 6.824000e-03 2.273200e-02
31 9.690400e-01 6.968000e-03 2.399200e-02
32 9.676440e-01 7.188000e-03 2.516800e-02
33 9.663240e-01 7.288000e-03 2.638800e-02
34 9.649480e-01 7.256000e-03 2.779600e-02
35 9.635760e-01 7.368000e-03 2.905600e-02
36 9.621960e-01 7.404000e-03 3.040000e-02
37 9.609000e-01 7.388000e-03 3.171200e-02
38 9.597200e-01 7.244000e-03 3.303600e-02
39 9.585080e-01 7.168000e-03 3.432400e-02
40 9.573920e-01 7.080000e-03 3.552800e-02
41 9.562960e-01 6.952000e-03 3.675200e-02
42 9.550800e-01 6.964000e-03 3.795600e-02
43 9.539480e-01 6.868000e-03 3.918400e-02
44 9.528040e-01 6.852000e-03 4.034400e-02
45 9.515400e-01 6.948000e-03 4.151200e-02
46 9.503680e-01 6.836000e-03 4.279600e-02
47 9.492720e-01 6.684000e-03 4.404400e-02
48 9.481680e-01 6.708000e-03 4.512400e-02
49 9.470280e-01 6.612000e-03 4.636000e-02
50 9.458960e-01 6.544000e-03 4.756000e-02
51 9.447520e-01 6.524000e-03 4.872400e-02
52 9.436320e-01 6.444000e-03 4.992400e-02
53 9.424120e-01 6.544000e-03 5.104400e-02
54 9.412400e-01 6.436000e-03 5.232400e-02
55 9.399800e-01 6.504000e-03 5.351600e-02
56 9.386720e-01 6.644000e-03 5.468400e-02
57 9.373120e-01 6.944000e-03 5.574400e-02
58 9.359920e-01 6.992000e-03 5.701600e-02
59 9.346640e-01 7.048000e-03 5.828800e-02
60 9.335280e-01 6.928000e-03 5.954400e-02
61 9.322520e-01 6.956000e-03 6.079200e-02
62 9.309400e-01 7.072000e-03 6.198800e-02
63 9.297120e-01 7.156000e-03 6.313200e-02
64 9.284800e-01 7.088000e-03 6.443200e-02
65 9.272400e-01 7.004000e-03 6.575600e-02
66 9.259840e-01 7.036000e-03 6.698000e-02
67 9.246440e-01 7.076000e-03 6.828000e-02
68 9.233280e-01 7.220000e-03 6.945200e-02
69 9.221040e-01 7.220000e-03 7.067600e-02
70 9.207600e-01 7.292000e-03 7.194800e-02
71 9.193680e-01 7.408000e-03 7.322400e-02
72 9.180720e-01 7.468000e-03 7.446000e-02
73 9.166200e-01 7.696000e-03 7.568400e-02
74 9.153520e-01 7.648000e-03 7.700000e-02
75 9.139640e-01 7.764000e-03 7.827200e-02
76 9.126040e-01 7.936000e-03 7.946000e-02
77 9.113120e-01 7.904000e-03 8.078400e-02
78 9.096760e-01 8.072000e-03 8.225200e-02
79 9.082880e-01 8.052000e-03 8.366000e-02
80 9.068320e-01 8.128000e-03 8.504000e-02
81 9.055280e-01 8.040000e-03 8.643200e-02
82 9.042560e-01 7.856000e-03 8.788800e-02
83 9.029000e-01 7.888000e-03 8.921200e-02
84 9.016240e-01 7.692000e-03 9.068400e-02
85 9.003680e-01 7.736000e-03 9.189600e-02
86 8.992280e-01 7.544000e-03 9.322800e-02
87 8.981200e-01 7.352000e-03 9.452800e-02
88 8.971600e-01 7.048000e-03 9.579200e-02
89 8.960000e-01 6.912000e-03 9.708800e-02
90 8.947760e-01 6.876000e-03 9.834800e-02
91 8.935640e-01 6.856000e-03 9.958000e-02
92 8.924680e-01 6.760000e-03 1.007720e-01
93 8.913400e-01 6.712000e-03 1.019480e-01
94 8.900120e-01 6.832000e-03 1.031560e-01
95 8.888160e-01 6.880000e-03 1.043040e-01
96 8.874480e-01 7.144000e-03 1.054080e-01
97 8.860680e-01 7.352000e-03 1.065800e-01
98 8.848160e-01 7.436000e-03 1.077480e-01
99 8.835080e-01 7.436000e-03 1.090560e-01
100 8.822720e-01 7.384000e-03 1.103440e-01
101 8.810160e-01 7.356000e-03 1.116280e-01
102 8.798080e-01 7.348000e-03 1.128440e-01
103 8.786080e-01 7.164000e-03 1.142280e-01
104 8.775440e-01 6.880000e-03 1.155760e-01
105 8.764640e-01 6.660000e-03 1.168760e-01
106 8.754760e-01 6.584000e-03 1.179400e-01
107 8.743280e-01 6.548000e-03 1.191240e-01
108 8.731320e-01 6.716000e-03 1.201520e-01
109 8.719400e-01 6.772000e-03 1.212880e-01
110 8.706920e-01 6.812000e-03 1.224960e-01
111 8.695160e-01 6.884000e-03 1.236000e-01
112 8.682720e-01 6.984000e-03 1.247440e-01
113 8.670880e-01 6.972000e-03 1.259400e-01
114 8.658320e-01 7.100000e-03 1.270680e-01
115 8.645960e-01 7.076000e-03 1.283280e-01
116 8.633280e-01 7.024000e-03 1.296480e-01
117 8.622240e-01 6.932000e-03 1.308440e-01
118 8.610800e-01 6.784000e-03 1.321360e-01
119 8.599280e-01 6.828000e-03 1.332440e-01
120 8.586920e-01 6.656000e-03 1.346520e-01
121 8.575080e-01 6.708000e-03 1.357840e-01
122 8.563040e-01 6.740000e-03 1.369560e-01
123 8.551480e-01 6.700000e-03 1.381520e-01
124 8.538640e-01 6.808000e-03 1.393280e-01
125 8.528160e-01 6.608000e-03 1.405760e-01
126 8.516920e-01 6.556000e-03 1.417520e-01
127 8.504440e-01 6.652000e-03 1.429040e-01
128 8.491640e-01 6.672000e-03 1.441640e-01
129 8.478800e-01 6.836000e-03 1.452840e-01
130 8.465920e-01 6.924000e-03 1.464840e-01
131 8.452080e-01 7.116000e-03 1.476760e-01
132 8.439160e-01 7.184000e-03 1.489000e-01
133 8.426800e-01 7.044000e-03 1.502760e-01
134 8.415880e-01 6.916000e-03 1.514960e-01
135 8.404120e-01 6.952000e-03 1.526360e-01
136 8.391560e-01 7.008000e-03 1.538360e-01
137 8.378120e-01 7.192000e-03 1.549960e-01
138 8.366280e-01 7.060000e-03 1.563120e-01
139 8.354760e-01 7.032000e-03 1.574920e-01
140 8.343800e-01 6.924000e-03 1.586960e-01
141 8.332440e-01 6.812000e-03 1.599440e-01
142 8.319920e-01 6.816000e-03 1.611920e-01
143 8.308680e-01 6.772000e-03 1.623600e-01
144 8.296760e-01 6.760000e-03 1.635640e-01
145 8.286120e-01 6.508000e-03 1.648800e-01
146 8.275680e-01 6.484000e-03 1.659480e-01
147 8.262520e-01 6.668000e-03 1.670800e-01
148 8.249920e-01 6.816000e-03 1.681920e-01
149 8.238360e-01 6.720000e-03 1.694440e-01
150 8.227480e-01 6.512000e-03 1.707400e-01
151 8.215800e-01 6.580000e-03 1.718400e-01
152 8.206000e-01 6.380000e-03 1.730200e-01
153 8.196520e-01 6.256000e-03 1.740920e-01
154 8.186480e-01 6.104000e-03 1.752480e-01
155 8.176800e-01 5.984000e-03 1.763360e-01
156 8.166560e-01 6.008000e-03 1.773360e-01
157 8.156360e-01 5.920000e-03 1.784440e-01
158 8.146920e-01 5.844000e-03 1.794640e-01
159 8.137920e-01 5.728000e-03 1.804800e-01
160 8.129080e-01 5.636000e-03 1.814560e-01
161 8.119600e-01 5.628000e-03 1.824120e-01
162 8.109840e-01 5.680000e-03 1.833360e-01
163 8.099160e-01 5.864000e-03 1.842200e-01
164 8.089200e-01 5.860000e-03 1.852200e-01
165 8.080000e-01 5.880000e-03 1.861200e-01
166 8.070920e-01 5.664000e-03 1.872440e-01
167 8.060840e-01 5.712000e-03 1.882040e-01
168 8.051920e-01 5.604000e-03 1.892040e-01
169 8.042400e-01 5.468000e-03 1.902920e-01
170 8.032520e-01 5.396000e-03 1.913520e-01
171 8.024400e-01 5.296000e-03 1.922640e-01
172 8.016480e-01 5.112000e-03 1.932400e-01
173 8.008000e-01 5.060000e-03 1.941400e-01
174 7.999760e-01 5.052000e-03 1.949720e-01
175 7.991640e-01 5.056000e-03 1.957800e-01
176 7.982920e-01 5.112000e-03 1.965960e-01
177 7.974360e-01 5.060000e-03 1.975040e-01
178 7.965960e-01 4.844000e-03 1.985600e-01
179 7.957760e-01 4.812000e-03 1.994120e-01
180 7.948880e-01 4.868000e-03 2.002440e-01
181 7.940160e-01 4.832000e-03 2.011520e-01
182 7.932040e-01 4.844000e-03 2.019520e-01
183 7.924160e-01 4.828000e-03 2.027560e-01
184 7.915240e-01 4.904000e-03 2.035720e-01
185 7.907800e-01 4.764000e-03 2.044560e-01
186 7.899600e-01 4.748000e-03 2.052920e-01
187 7.891600e-01 4.696000e-03 2.061440e-01
188 7.884160e-01 4.660000e-03 2.069240e-01
189 7.877080e-01 4.548000e-03 2.077440e-01
190 7.869680e-01 4.548000e-03 2.084840e-01
191 7.863360e-01 4.336000e-03 2.093280e-01
192 7.856800e-01 4.296000e-03 2.100240e-01
193 7.849120e-01 4.268000e-03 2.108200e-01
194 7.842240e-01 4.224000e-03 2.115520e-01
195 7.835480e-01 4.244000e-03 2.122080e-01
196 7.827480e-01 4.228000e-03 2.130240e-01
197 7.819800e-01 4.252000e-03 2.137680e-01
198 7.813400e-01 4.132000e-03 2.145280e-01
199 7.805200e-01 4.196000e-03 2.152840e-01
200 7.798080e-01 4.136000e-03 2.160560e-01
201 7.792040e-01 4.052000e-03 2.167440e-01
202 7.786120e-01 3.952000e-03 2.174360e-01
203 7.779320e-01 4.000000e-03 2.180680e-01
204 7.772120e-01 4.004000e-03 2.187840e-01
205 7.766080e-01 4.036000e-03 2.193560e-01
206 7.759240e-01 4.008000e-03 2.200680e-01
207 7.753120e-01 3.988000e-03 2.207000e-01
208 7.745840e-01 3.960000e-03 2.214560e-01
209 7.738440e-01 3.976000e-03 2.221800e-01
210 7.732120e-01 4.000000e-03 2.227880e-01
211 7.724720e-01 4.084000e-03 2.234440e-01
212 7.718960e-01 3.856000e-03 2.242480e-01
213 7.713120e-01 3.856000e-03 2.248320e-01
214 7.707400e-01 3.804000e-03 2.254560e-01
215 7.701560e-01 3.716000e-03 2.261280e-01
216 7.694880e-01 3.840000e-03 2.266720e-01
217 7.688200e-01 3.784000e-03 2.273960e-01
218 7.681720e-01 3.772000e-03 2.280560e-01
219 7.674560e-01 3.824000e-03 2.287200e-01
220 7.667840e-01 3.728000e-03 2.294880e-01
221 7.661560e-01 3.684000e-03 2.301600e-01
222 7.654120e-01 3.908000e-03 2.306800e-01
223 7.647440e-01 3.952000e-03 2.313040e-01
224 7.641240e-01 3.876000e-03 2.320000e-01
225 7.634760e-01 3.732000e-03 2.327920e-01
226 7.628400e-01 3.684000e-03 2.334760e-01
227 7.621400e-01 3.768000e-03 2.340920e-01
228 7.615200e-01 3.724000e-03 2.347560e-01
229 7.610080e-01 3.620000e-03 2.353720e-01
230 7.604080e-01 3.596000e-03 2.359960e-01
231 7.598360e-01 3.604000e-03 2.365600e-01
232 7.592440e-01 3.592000e-03 2.371640e-01
233 7.585800e-01 3.648000e-03 2.377720e-01
234 7.580280e-01 3.568000e-03 2.384040e-01
235 7.574040e-01 3.616000e-03 2.389800e-01
236 7.568320e-01 3.524000e-03 2.396440e-01
237 7.562160e-01 3.580000e-03 2.402040e-01
238 7.555600e-01 3.532000e-03 2.409080e-01
239 7.549720e-01 3.588000e-03 2.414400e-01
240 7.543800e-01 3.592000e-03 2.420280e-01
241 7.537360e-01 3.728000e-03 2.425360e-01
242 7.531040e-01 3.760000e-03 2.431360e-01
243 7.525240e-01 3.724000e-03 2.437520e-01
244 7.519960e-01 3.576000e-03 2.444280e-01
245 7.514320e-01 3.472000e-03 2.450960e-01
246 7.509560e-01 3.344000e-03 2.457000e-01
247 7.503760e-01 3.292000e-03 2.463320e-01
248 7.498320e-01 3.300000e-03 2.468680e-01
249 7.493120e-01 3.168000e-03 2.475200e-01
250 7.488720e-01 3.052000e-03 2.480760e-01
251 7.482720e-01 3.172000e-03 2.485560e-01
252 7.477440e-01 3.180000e-03 2.490760e-01
253 7.472440e-01 3.172000e-03 2.495840e-01
254 7.467160e-01 3.164000e-03 2.501200e-01
255 7.462720e-01 3.060000e-03 2.506680e-01
256 7.458120e-01 2.980000e-03 2.512080e-01
257 7.452840e-01 2.936000e-03 2.517800e-01
258 7.448840e-01 2.924000e-03 2.521920e-01
259 7.444120e-01 2.952000e-03 2.526360e-01
260 7.439720e-01 2.888000e-03 2.531400e-01
261 7.434760e-01 2.824000e-03 2.537000e-01
262 7.430200e-01 2.800000e-03 2.541800e-01
263 7.426200e-01 2.704000e-03 2.546760e-01
264 7.422120e-01 2.608000e-03 2.551800e-01
265 7.418320e-01 2.512000e-03 2.556560e-01
266 7.414480e-01 2.396000e-03 2.561560e-01
267 7.411400e-01 2.320000e-03 2.565400e-01
268 7.407640e-01 2.300000e-03 2.569360e-01
269 7.404440e-01 2.220000e-03 2.573360e-01
270 7.401040e-01 2.240000e-03 2.576560e-01
271 7.397760e-01 2.156000e-03 2.580680e-01
272 7.394880e-01 2.084000e-03 2.584280e-01
273 7.390720e-01 2.152000e-03 2.587760e-01
274 7.387240e-01 2.140000e-03 2.591360e-01
275 7.384200e-01 2.048000e-03 2.595320e-01
276 7.380720e-01 2.020000e-03 2.599080e-01
277 7.376560e-01 2.096000e-03 2.602480e-01
278 7.372280e-01 2.160000e-03 2.606120e-01
279 7.368040e-01 2.200000e-03 2.609960e-01
280 7.364560e-01 2.148000e-03 2.613960e-01
281 7.360680e-01 2.144000e-03 2.617880e-01
282 7.357360e-01 2.064000e-03 2.622000e-01
283 7.354400e-01 2.040000e-03 2.625200e-01
284 7.350080e-01 2.144000e-03 2.628480e-01
285 7.346560e-01 2.112000e-03 2.632320e-01
286 7.342640e-01 2.152000e-03 2.635840e-01
287 7.338680e-01 2.204000e-03 2.639280e-01
288 7.334360e-01 2.292000e-03 2.642720e-01
289 7.329560e-01 2.368000e-03 2.646760e-01
290 7.325240e-01 2.352000e-03 2.651240e-01
291 7.321880e-01 2.320000e-03 2.654920e-01
292 7.318040e-01 2.312000e-03 2.658840e-01
293 7.314800e-01 2.192000e-03 2.663280e-01
294 7.310840e-01 2.188000e-03 2.667280e-01
295 7.307320e-01 2.168000e-03 2.671000e-01
296 7.304080e-01 2.100000e-03 2.674920e-01
297 7.300240e-01 2.140000e-03 2.678360e-01
298 7.296920e-01 2.104000e-03 2.682040e-01
299 7.293760e-01 2.092000e-03 2.685320e-01
300 7.290360e-01 2.076000e-03 2.688880e-01
301 7.287480e-01 2.016000e-03 2.692360e-01
302 7.283920e-01 2.004000e-03 2.696040e-01
303 7.280920e-01 1.984000e-03 2.699240e-01
304 7.277680e-01 1.964000e-03 2.702680e-01
305 7.274720e-01 1.900000e-03 2.706280e-01
306 7.271680e-01 1.912000e-03 2.709200e-01
307 7.267800e-01 1.936000e-03 2.712840e-01
308 7.264280e-01 1.952000e-03 2.716200e-01
309 7.260560e-01 2.036000e-03 2.719080e-01
310 7.256440e-01 2.140000e-03 2.722160e-01
311 7.252600e-01 2.176000e-03 2.725640e-01
312 7.249040e-01 2.076000e-03 2.730200e-01
313 7.245400e-01 1.996000e-03 2.734640e-01
314 7.241400e-01 2.044000e-03 2.738160e-01
315 7.237320e-01 2.060000e-03 2.742080e-01
316 7.232720e-01 2.132000e-03 2.745960e-01
317 7.228600e-01 2.236000e-03 2.749040e-01
318 7.225000e-01 2.208000e-03 2.752920e-01
319 7.220800e-01 2.212000e-03 2.757080e-01
320 7.217160e-01 2.192000e-03 2.760920e-01
321 7.213560e-01 2.216000e-03 2.764280e-01
322 7.209960e-01 2.252000e-03 2.767520e-01
323 7.205800e-01 2.280000e-03 2.771400e-01
324 7.201880e-01 2.324000e-03 2.774880e-01
325 7.197920e-01 2.256000e-03 2.779520e-01
326 7.194280e-01 2.164000e-03 2.784080e-01
327 7.191240e-01 2.092000e-03 2.787840e-01
328 7.186920e-01 2.180000e-03 2.791280e-01
329 7.183120e-01 2.160000e-03 2.795280e-01
330 7.179120e-01 2.172000e-03 2.799160e-01
331 7.176360e-01 2.096000e-03 2.802680e-01
332 7.172400e-01 2.100000e-03 2.806600e-01
333 7.169640e-01 2.056000e-03 2.809800e-01
334 7.166720e-01 1.992000e-03 2.813360e-01
335 7.163600e-01 1.980000e-03 2.816600e-01
336 7.159920e-01 2.016000e-03 2.819920e-01
337 7.156160e-01 2.040000e-03 2.823440e-01
338 7.152960e-01 2.032000e-03 2.826720e-01
339 7.148640e-01 2.172000e-03 2.829640e-01
340 7.144520e-01 2.176000e-03 2.833720e-01
341 7.140200e-01 2.120000e-03 2.838600e-01
342 7.136200e-01 2.140000e-03 2.842400e-01
343 7.133240e-01 2.100000e-03 2.845760e-01
344 7.129640e-01 2.060000e-03 2.849760e-01
345 7.126040e-01 2.044000e-03 2.853520e-01
346 7.122480e-01 1.996000e-03 2.857560e-01
347 7.119160e-01 1.996000e-03 2.860880e-01
348 7.116400e-01 1.928000e-03 2.864320e-01
349 7.113200e-01 1.940000e-03 2.867400e-01
350 7.109440e-01 1.972000e-03 2.870840e-01
351 7.105920e-01 1.976000e-03 2.874320e-01
352 7.103120e-01 1.928000e-03 2.877600e-01
353 7.100680e-01 1.840000e-03 2.880920e-01
354 7.097360e-01 1.872000e-03 2.883920e-01
355 7.094520e-01 1.780000e-03 2.887680e-01
356 7.092040e-01 1.744000e-03 2.890520e-01
357 7.089120e-01 1.684000e-03 2.894040e-01
358 7.086720e-01 1.628000e-03 2.897000e-01
359 7.084320e-01 1.600000e-03 2.899680e-01
360 7.081960e-01 1.604000e-03 2.902000e-01
361 7.079080e-01 1.580000e-03 2.905120e-01
362 7.076280e-01 1.628000e-03 2.907440e-01
363 7.073360e-01 1.600000e-03 2.910640e-01
364 7.070960e-01 1.556000e-03 2.913480e-01
365 7.068840e-01 1.452000e-03 2.916640e-01
366 7.066560e-01 1.424000e-03 2.919200e-01
367 7.064760e-01 1.368000e-03 2.921560e-01
368 7.063240e-01 1.268000e-03 2.924080e-01
369 7.061480e-01 1.240000e-03 2.926120e-01
370 7.059040e-01 1.264000e-03 2.928320e-01
371 7.057360e-01 1.236000e-03 2.930280e-01
372 7.055200e-01 1.252000e-03 2.932280e-01
373 7.053280e-01 1.168000e-03 2.935040e-01
374 7.051440e-01 1.144000e-03 2.937120e-01
375 7.049440e-01 1.164000e-03 2.938920e-01
376 7.047840e-01 1.152000e-03 2.940640e-01
377 7.045840e-01 1.204000e-03 2.942120e-01
378 7.043400e-01 1.252000e-03 2.944080e-01
379 7.041480e-01 1.236000e-03 2.946160e-01
380 7.039600e-01 1.184000e-03 2.948560e-01
381 7.038080e-01 1.184000e-03 2.950080e-01
382 7.036440e-01 1.144000e-03 2.952120e-01
383 7.034960e-01 1.148000e-03 2.953560e-01
384 7.033400e-01 1.092000e-03 2.955680e-01
385 7.032160e-01 1.048000e-03 2.957360e-01
386 7.030960e-01 9.800000e-04 2.959240e-01
387 7.028920e-01 1.020000e-03 2.960880e-01
388 7.026680e-01 1.088000e-03 2.962440e-01
389 7.025440e-01 1.056000e-03 2.964000e-01
390 7.023560e-01 1.056000e-03 2.965880e-01
391 7.022040e-01 1.060000e-03 2.967360e-01
392 7.019800e-01 1.044000e-03 2.969760e-01
393 7.017960e-01 1.036000e-03 2.971680e-01
394 7.016200e-01 1.044000e-03 2.973360e-01
395 7.014360e-01 1.008000e-03 2.975560e-01
396 7.012800e-01 9.400000e-04 2.977800e-01
397 7.011080e-01 9.680000e-04 2.979240e-01
398 7.009600e-01 1.012000e-03 2.980280e-01
399 7.008200e-01 9.760000e-04 2.982040e-01
400 7.006280e-01 9.920000e-04 2.983800e-01
401 7.004280e-01 1.024000e-03 2.985480e-01
402 7.002680e-01 9.920000e-04 2.987400e-01
403 7.000360e-01 1.036000e-03 2.989280e-01
404 6.998560e-01 1.048000e-03 2.990960e-01
405 6.996640e-01 1.076000e-03 2.992600e-01
406 6.994880e-01 1.080000e-03 2.994320e-01
407 6.993920e-01 9.720000e-04 2.996360e-01
408 6.992480e-01 9.400000e-04 2.998120e-01
409 6.991040e-01 9.240000e-04 2.999720e-01
410 6.989520e-01 9.120000e-04 3.001360e-01
411 6.987840e-01 9.440000e-04 3.002720e-01
412 6.986520e-01 9.040000e-04 3.004440e-01
413 6.985280e-01 8.600000e-04 3.006120e-01
414 6.983600e-01 9.160000e-04 3.007240e-01
415 6.982000e-01 9.080000e-04 3.008920e-01
416 6.980160e-01 9.640000e-04 3.010200e-01
417 6.978760e-01 9.520000e-04 3.011720e-01
418 6.977400e-01 9.160000e-04 3.013440e-01
419 6.975880e-01 9.200000e-04 3.014920e-01
420 6.974520e-01 8.600000e-04 3.016880e-01
421 6.973280e-01 8.320000e-04 3.018400e-01
422 6.972040e-01 8.320000e-04 3.019640e-01
423 6.970800e-01 8.120000e-04 3.021080e-01
424 6.969640e-01 7.720000e-04 3.022640e-01
425 6.968520e-01 7.280000e-04 3.024200e-01
426 6.967360e-01 7.080000e-04 3.025560e-01
427 6.966600e-01 6.440000e-04 3.026960e-01
428 6.965440e-01 6.800000e-04 3.027760e-01
429 6.963840e-01 7.400000e-04 3.028760e-01
430 6.962600e-01 7.280000e-04 3.030120e-01
431 6.961480e-01 7.360000e-04 3.031160e-01
432 6.960640e-01 6.920000e-04 3.032440e-01
433 6.959360e-01 7.120000e-04 3.033520e-01
434 6.958240e-01 6.640000e-04 3.035120e-01
435 6.957280e-01 6.600000e-04 3.036120e-01
436 6.956680e-01 6.080000e-04 3.037240e-01
437 6.955520e-01 6.280000e-04 3.038200e-01
438 6.954360e-01 6.440000e-04 3.039200e-01
439 6.953520e-01 6.360000e-04 3.040120e-01
440 6.952400e-01 6.160000e-04 3.041440e-01
441 6.951240e-01 6.160000e-04 3.042600e-01
442 6.950040e-01 6.040000e-04 3.043920e-01
443 6.949160e-01 5.920000e-04 3.044920e-01
444 6.948120e-01 6.200000e-04 3.045680e-01
445 6.946600e-01 6.440000e-04 3.046960e-01
446 6.945480e-01 6.320000e-04 3.048200e-01
447 6.944600e-01 6.040000e-04 3.049360e-01
448 6.944080e-01 5.440000e-04 3.050480e-01
449 6.943200e-01 5.560000e-04 3.051240e-01
450 6.942080e-01 5.840000e-04 3.052080e-01
451 6.941160e-01 5.880000e-04 3.052960e-01
452 6.940040e-01 5.920000e-04 3.054040e-01
453 6.939320e-01 5.520000e-04 3.055160e-01
454 6.938400e-01 5.560000e-04 3.056040e-01
455 6.937440e-01 5.800000e-04 3.056760e-01
456 6.936760e-01 5.280000e-04 3.057960e-01
457 6.936120e-01 5.160000e-04 3.058720e-01
458 6.935640e-01 5.080000e-04 3.059280e-01
459 6.935120e-01 4.600000e-04 3.060280e-01
460 6.934280e-01 4.840000e-04 3.060880e-01
461 6.933640e-01 4.600000e-04 3.061760e-01
462 6.933080e-01 4.760000e-04 3.062160e-01
463 6.932400e-01 4.520000e-04 3.063080e-01
464 6.931560e-01 4.360000e-04 3.064080e-01
465 6.930760e-01 4.480000e-04 3.064760e-01
466 6.929840e-01 4.840000e-04 3.065320e-01
467 6.929160e-01 4.960000e-04 3.065880e-01
468 6.928400e-01 4.920000e-04 3.066680e-01
469 6.927640e-01 4.680000e-04 3.067680e-01
470 6.926880e-01 4.720000e-04 3.068400e-01
471 6.925840e-01 4.880000e-04 3.069280e-01
472 6.924800e-01 5.000000e-04 3.070200e-01
473 6.923800e-01 5.160000e-04 3.071040e-01
474 6.922960e-01 5.120000e-04 3.071920e-01
475 6.921640e-01 5.640000e-04 3.072720e-01
476 6.920600e-01 5.720000e-04 3.073680e-01
477 6.919640e-01 5.760000e-04 3.074600e-01
478 6.918720e-01 5.840000e-04 3.075440e-01
479 6.917800e-01 5.800000e-04 3.076400e-01
480 6.916720e-01 5.760000e-04 3.077520e-01
481 6.915920e-01 5.560000e-04 3.078520e-01
482 6.914800e-01 5.520000e-04 3.079680e-01
483 6.914000e-01 5.160000e-04 3.080840e-01
484 6.912800e-01 5.520000e-04 3.081680e-01
485 6.912120e-01 5.280000e-04 3.082600e-01
486 6.910920e-01 5.680000e-04 3.083400e-01
487 6.910040e-01 5.880000e-04 3.084080e-01
488 6.908760e-01 6.280000e-04 3.084960e-01
489 6.907800e-01 6.120000e-04 3.086080e-01
490 6.906880e-01 5.720000e-04 3.087400e-01
491 6.906280e-01 5.200000e-04 3.088520e-01
492 6.905480e-01 5.000000e-04 3.089520e-01
493 6.904720e-01 4.880000e-04 3.090400e-01
494 6.903920e-01 4.800000e-04 3.091280e-01
495 6.903200e-01 4.680000e-04 3.092120e-01
496 6.902520e-01 4.440000e-04 3.093040e-01
497 6.901720e-01 4.600000e-04 3.093680e-01
498 6.900600e-01 5.280000e-04 3.094120e-01
499 6.899680e-01 5.400000e-04 3.094920e-01
500 6.898520e-01 5.720000e-04 3.095760e-01
