1 9.990760e-01 8.280000e-04 9.600000e-05
2 9.984640e-01 1.280000e-03 2.560000e-04
3 9.977360e-01 1.748000e-03 5.160000e-04
4 9.969600e-01 2.176000e-03 8.640000e-04
5 9.961520e-01 2.544000e-03 1.304000e-03
6 9.953520e-01 2.976000e-03 1.672000e-03
7 9.944880e-01 3.280000e-03 2.232000e-03
8 9.935200e-01 3.728000e-03 2.752000e-03
9 9.924880e-01 4.108000e-03 3.404000e-03
10 9.915080e-01 4.404000e-03 4.088000e-03
11 9.903280e-01 4.752000e-03 4.920000e-03
12 9.891960e-01 5.068000e-03 5.736000e-03
13 9.879160e-01 5.536000e-03 6.548000e-03
14 9.867480e-01 5.708000e-03 7.544000e-03
15 9.855080e-01 5.896000e-03 8.596000e-03
16 9.844160e-01 5.992000e-03 9.592000e-03
17 9.831960e-01 6.112000e-03 1.069200e-02
18 9.819600e-01 6.244000e-03 1.179600e-02
19 9.808240e-01 6.232000e-03 1.294400e-02
20 9.795200e-01 6.468000e-03 1.401200e-02
21 9.782680e-01 6.692000e-03 1.504000e-02
22 9.769600e-01 6.704000e-03 1.633600e-02
23 9.755440e-01 6.984000e-03 1.747200e-02
24 9.742000e-01 7.108000e-03 1.869200e-02
25 9.729200e-01 7.136000e-03 1.994400e-02
26 9.717160e-01 7.072000e-03 2.121200e-02
27 9.703800e-01 7.020000e-03 2.260000e-02
28 9.690560e-01 7.188000e-03 2.375600e-02
29 9.677880e-01 7.196000e-03 2.501600e-02
30 9.663960e-01 7.220000e-03 2.638400e-02
31 9.649000e-01 7.436000e-03 2.766400e-02
32 9.634800e-01 7.628000e-03 2.889200e-02
33 9.620360e-01 7.764000e-03 3.020000e-02
34 9.606800e-01 7.700000e-03 3.162000e-02
35 9.594280e-01 7.500000e-03 3.307200e-02
36 9.579520e-01 7.608000e-03 3.444000e-02
37 9.565680e-01 7.620000e-03 3.581200e-02
38 9.551200e-01 7.812000e-03 3.706800e-02
39 9.536520e-01 7.924000e-03 3.842400e-02
40 9.523040e-01 7.856000e-03 3.984000e-02
41 9.508320e-01 8.068000e-03 4.110000e-02
42 9.493480e-01 8.208000e-03 4.244400e-02
43 9.478480e-01 8.208000e-03 4.394400e-02
44 9.464120e-01 8.176000e-03 4.541200e-02
45 9.449360e-01 8.260000e-03 4.680400e-02
46 9.433040e-01 8.420000e-03 4.827600e-02
47 9.418600e-01 8.420000e-03 4.972000e-02
48 9.404000e-01 8.384000e-03 5.121600e-02
49 9.387880e-01 8.536000e-03 5.267600e-02
50 9.373080e-01 8.592000e-03 5.410000e-02
51 9.355560e-01 8.752000e-03 5.569200e-02
52 9.339560e-01 8.704000e-03 5.734000e-02
53 9.324800e-01 8.748000e-03 5.877200e-02
54 9.308960e-01 8.736000e-03 6.036800e-02
55 9.293080e-01 8.752000e-03 6.194000e-02
56 9.277840e-01 8.744000e-03 6.347200e-02
57 9.261040e-01 8.908000e-03 6.498800e-02
58 9.246280e-01 8.824000e-03 6.654800e-02
59 9.229800e-01 8.820000e-03 6.820000e-02
60 9.214840e-01 8.716000e-03 6.980000e-02
61 9.199280e-01 8.652000e-03 7.142000e-02
62 9.183360e-01 8.760000e-03 7.290400e-02
63 9.168080e-01 8.840000e-03 7.435200e-02
64 9.152560e-01 8.764000e-03 7.598000e-02
65 9.138200e-01 8.624000e-03 7.755600e-02
66 9.123120e-01 8.680000e-03 7.900800e-02
67 9.108560e-01 8.752000e-03 8.039200e-02
68 9.093320e-01 8.680000e-03 8.198800e-02
69 9.078520e-01 8.620000e-03 8.352800e-02
70 9.064040e-01 8.548000e-03 8.504800e-02
71 9.050840e-01 8.372000e-03 8.654400e-02
72 9.037280e-01 8.120000e-03 8.815200e-02
73 9.024000e-01 8.020000e-03 8.958000e-02
74 9.009440e-01 8.048000e-03 9.100800e-02
75 8.994240e-01 8.260000e-03 9.231600e-02
76 8.978440e-01 8.540000e-03 9.361600e-02
77 8.964640e-01 8.304000e-03 9.523200e-02
78 8.949920e-01 8.312000e-03 9.669600e-02
79 8.934720e-01 8.356000e-03 9.817200e-02
80 8.918400e-01 8.604000e-03 9.955600e-02
81 8.901280e-01 8.824000e-03 1.010480e-01
82 8.885200e-01 8.892000e-03 1.025880e-01
83 8.869640e-01 8.836000e-03 1.042000e-01
84 8.854200e-01 8.956000e-03 1.056240e-01
85 8.838800e-01 9.032000e-03 1.070880e-01
86 8.822840e-01 8.988000e-03 1.087280e-01
87 8.807560e-01 8.952000e-03 1.102920e-01
88 8.793600e-01 8.800000e-03 1.118400e-01
89 8.779240e-01 8.688000e-03 1.133880e-01
90 8.763920e-01 8.848000e-03 1.147600e-01
91 8.748480e-01 8.824000e-03 1.163280e-01
92 8.734560e-01 8.756000e-03 1.177880e-01
93 8.720440e-01 8.692000e-03 1.192640e-01
94 8.706360e-01 8.688000e-03 1.206760e-01
95 8.690960e-01 8.672000e-03 1.222320e-01
96 8.676400e-01 8.580000e-03 1.237800e-01
97 8.660680e-01 8.540000e-03 1.253920e-01
98 8.646400e-01 8.412000e-03 1.269480e-01
99 8.632720e-01 8.300000e-03 1.284280e-01
100 8.620160e-01 8.064000e-03 1.299200e-01
101 8.605440e-01 8.212000e-03 1.312440e-01
102 8.592920e-01 7.948000e-03 1.327600e-01
103 8.579480e-01 7.916000e-03 1.341360e-01
104 8.564560e-01 7.928000e-03 1.356160e-01
105 8.550440e-01 7.960000e-03 1.369960e-01
106 8.535920e-01 7.920000e-03 1.384880e-01
107 8.520400e-01 7.844000e-03 1.401160e-01
108 8.508200e-01 7.696000e-03 1.414840e-01
109 8.495240e-01 7.644000e-03 1.428320e-01
110 8.481400e-01 7.748000e-03 1.441120e-01
111 8.468920e-01 7.680000e-03 1.454280e-01
112 8.454800e-01 7.832000e-03 1.466880e-01
113 8.442840e-01 7.764000e-03 1.479520e-01
114 8.429160e-01 7.712000e-03 1.493720e-01
115 8.416680e-01 7.628000e-03 1.507040e-01
116 8.404200e-01 7.596000e-03 1.519840e-01
117 8.390880e-01 7.604000e-03 1.533080e-01
118 8.377760e-01 7.516000e-03 1.547080e-01
119 8.363960e-01 7.576000e-03 1.560280e-01
120 8.350520e-01 7.560000e-03 1.573880e-01
121 8.334960e-01 7.776000e-03 1.587280e-01
122 8.319840e-01 7.940000e-03 1.600760e-01
123 8.304840e-01 7.964000e-03 1.615520e-01
124 8.290640e-01 7.932000e-03 1.630040e-01
125 8.277800e-01 7.624000e-03 1.645960e-01
126 8.264000e-01 7.552000e-03 1.660480e-01
127 8.251240e-01 7.540000e-03 1.673360e-01
128 8.237240e-01 7.556000e-03 1.687200e-01
129 8.224440e-01 7.548000e-03 1.700080e-01
130 8.211760e-01 7.552000e-03 1.712720e-01
131 8.198960e-01 7.528000e-03 1.725760e-01
132 8.187240e-01 7.456000e-03 1.738200e-01
133 8.173480e-01 7.492000e-03 1.751600e-01
134 8.160080e-01 7.540000e-03 1.764520e-01
135 8.146160e-01 7.476000e-03 1.779080e-01
136 8.133360e-01 7.436000e-03 1.792280e-01
137 8.120920e-01 7.360000e-03 1.805480e-01
138 8.108720e-01 7.224000e-03 1.819040e-01
139 8.095920e-01 7.116000e-03 1.832920e-01
140 8.083120e-01 7.160000e-03 1.845280e-01
141 8.070920e-01 7.076000e-03 1.858320e-01
142 8.058360e-01 7.032000e-03 1.871320e-01
143 8.045120e-01 7.248000e-03 1.882400e-01
144 8.033600e-01 7.192000e-03 1.894480e-01
145 8.021720e-01 7.144000e-03 1.906840e-01
146 8.009880e-01 6.964000e-03 1.920480e-01
147 7.997840e-01 7.004000e-03 1.932120e-01
148 7.985800e-01 7.028000e-03 1.943920e-01
149 7.973240e-01 7.096000e-03 1.955800e-01
150 7.961840e-01 7.024000e-03 1.967920e-01
151 7.949440e-01 7.004000e-03 1.980520e-01
152 7.936680e-01 7.060000e-03 1.992720e-01
153 7.924760e-01 7.096000e-03 2.004280e-01
154 7.913320e-01 7.096000e-03 2.015720e-01
155 7.902520e-01 6.940000e-03 2.028080e-01
156 7.892480e-01 6.716000e-03 2.040360e-01
157 7.880960e-01 6.760000e-03 2.051440e-01
158 7.870520e-01 6.640000e-03 2.063080e-01
159 7.859000e-01 6.680000e-03 2.074200e-01
160 7.848920e-01 6.596000e-03 2.085120e-01
161 7.839000e-01 6.420000e-03 2.096800e-01
162 7.829040e-01 6.308000e-03 2.107880e-01
163 7.817600e-01 6.368000e-03 2.118720e-01
164 7.807320e-01 6.436000e-03 2.128320e-01
165 7.796520e-01 6.232000e-03 2.141160e-01
166 7.785000e-01 6.332000e-03 2.151680e-01
167 7.774080e-01 6.208000e-03 2.163840e-01
168 7.763400e-01 6.096000e-03 2.175640e-01
169 7.753040e-01 6.056000e-03 2.186400e-01
170 7.742760e-01 5.920000e-03 2.198040e-01
171 7.733760e-01 5.708000e-03 2.209160e-01
172 7.722960e-01 5.664000e-03 2.220400e-01
173 7.713040e-01 5.728000e-03 2.229680e-01
174 7.702880e-01 5.692000e-03 2.240200e-01
175 7.694240e-01 5.592000e-03 2.249840e-01
176 7.684000e-01 5.688000e-03 2.259120e-01
177 7.674800e-01 5.640000e-03 2.268800e-01
178 7.665520e-01 5.672000e-03 2.277760e-01
179 7.656080e-01 5.600000e-03 2.287920e-01
180 7.646600e-01 5.552000e-03 2.297880e-01
181 7.638400e-01 5.400000e-03 2.307600e-01
182 7.629200e-01 5.296000e-03 2.317840e-01
183 7.619560e-01 5.320000e-03 2.327240e-01
184 7.610320e-01 5.304000e-03 2.336640e-01
185 7.602080e-01 5.224000e-03 2.345680e-01
186 7.592760e-01 5.240000e-03 2.354840e-01
187 7.583080e-01 5.324000e-03 2.363680e-01
188 7.573000e-01 5.400000e-03 2.373000e-01
189 7.563520e-01 5.364000e-03 2.382840e-01
190 7.552920e-01 5.532000e-03 2.391760e-01
191 7.543040e-01 5.508000e-03 2.401880e-01
192 7.533200e-01 5.544000e-03 2.411360e-01
193 7.523600e-01 5.460000e-03 2.421800e-01
194 7.513440e-01 5.488000e-03 2.431680e-01
195 7.504720e-01 5.392000e-03 2.441360e-01
196 7.495800e-01 5.276000e-03 2.451440e-01
197 7.488280e-01 5.156000e-03 2.460160e-01
198 7.478840e-01 5.256000e-03 2.468600e-01
199 7.469040e-01 5.376000e-03 2.477200e-01
200 7.459840e-01 5.440000e-03 2.485760e-01
201 7.451080e-01 5.416000e-03 2.494760e-01
202 7.441240e-01 5.444000e-03 2.504320e-01
203 7.431840e-01 5.372000e-03 2.514440e-01
204 7.422960e-01 5.424000e-03 2.522800e-01
205 7.413760e-01 5.340000e-03 2.532840e-01
206 7.405320e-01 5.192000e-03 2.542760e-01
207 7.394880e-01 5.404000e-03 2.551080e-01
208 7.384280e-01 5.464000e-03 2.561080e-01
209 7.374560e-01 5.444000e-03 2.571000e-01
210 7.364760e-01 5.520000e-03 2.580040e-01
211 7.355960e-01 5.464000e-03 2.589400e-01
212 7.346480e-01 5.520000e-03 2.598320e-01
213 7.336840e-01 5.604000e-03 2.607120e-01
214 7.327400e-01 5.664000e-03 2.615960e-01
215 7.317000e-01 5.772000e-03 2.625280e-01
216 7.307600e-01 5.800000e-03 2.634400e-01
217 7.298040e-01 5.728000e-03 2.644680e-01
218 7.288440e-01 5.668000e-03 2.654880e-01
219 7.279200e-01 5.652000e-03 2.664280e-01
220 7.270080e-01 5.524000e-03 2.674680e-01
221 7.262200e-01 5.268000e-03 2.685120e-01
222 7.254200e-01 5.120000e-03 2.694600e-01
223 7.245440e-01 5.104000e-03 2.703520e-01
224 7.236960e-01 5.092000e-03 2.712120e-01
225 7.228560e-01 4.992000e-03 2.721520e-01
226 7.219560e-01 4.984000e-03 2.730600e-01
227 7.210720e-01 5.076000e-03 2.738520e-01
228 7.202240e-01 4.980000e-03 2.747960e-01
229 7.193760e-01 4.960000e-03 2.756640e-01
230 7.184800e-01 4.872000e-03 2.766480e-01
231 7.176640e-01 4.820000e-03 2.775160e-01
232 7.167600e-01 4.884000e-03 2.783560e-01
233 7.161120e-01 4.640000e-03 2.792480e-01
234 7.153800e-01 4.456000e-03 2.801640e-01
235 7.147040e-01 4.356000e-03 2.809400e-01
236 7.140480e-01 4.252000e-03 2.817000e-01
237 7.133720e-01 4.156000e-03 2.824720e-01
238 7.127600e-01 4.132000e-03 2.831080e-01
239 7.121400e-01 4.016000e-03 2.838440e-01
240 7.114520e-01 3.976000e-03 2.845720e-01
241 7.107920e-01 3.972000e-03 2.852360e-01
242 7.101920e-01 3.824000e-03 2.859840e-01
243 7.095000e-01 3.908000e-03 2.865920e-01
244 7.089000e-01 3.840000e-03 2.872600e-01
245 7.082680e-01 3.744000e-03 2.879880e-01
246 7.075040e-01 3.924000e-03 2.885720e-01
247 7.068320e-01 3.828000e-03 2.893400e-01
248 7.062400e-01 3.740000e-03 2.900200e-01
249 7.057440e-01 3.540000e-03 2.907160e-01
250 7.051000e-01 3.568000e-03 2.913320e-01
251 7.045840e-01 3.552000e-03 2.918640e-01
252 7.039800e-01 3.484000e-03 2.925360e-01
253 7.034200e-01 3.516000e-03 2.930640e-01
254 7.027720e-01 3.596000e-03 2.936320e-01
255 7.019640e-01 3.744000e-03 2.942920e-01
256 7.011040e-01 3.956000e-03 2.949400e-01
257 7.002880e-01 4.132000e-03 2.955800e-01
258 6.994920e-01 4.200000e-03 2.963080e-01
259 6.986880e-01 4.244000e-03 2.970680e-01
260 6.978600e-01 4.300000e-03 2.978400e-01
261 6.971520e-01 4.272000e-03 2.985760e-01
262 6.963440e-01 4.316000e-03 2.993400e-01
263 6.955920e-01 4.332000e-03 3.000760e-01
264 6.948640e-01 4.328000e-03 3.008080e-01
265 6.942400e-01 4.140000e-03 3.016200e-01
266 6.935960e-01 4.120000e-03 3.022840e-01
267 6.929600e-01 4.052000e-03 3.029880e-01
268 6.922240e-01 4.080000e-03 3.036960e-01
269 6.915160e-01 4.068000e-03 3.044160e-01
270 6.908040e-01 4.112000e-03 3.050840e-01
271 6.901000e-01 4.192000e-03 3.057080e-01
272 6.894080e-01 4.152000e-03 3.064400e-01
273 6.887680e-01 4.084000e-03 3.071480e-01
274 6.880880e-01 4.080000e-03 3.078320e-01
275 6.873640e-01 4.132000e-03 3.085040e-01
276 6.865680e-01 4.180000e-03 3.092520e-01
277 6.858960e-01 4.152000e-03 3.099520e-01
278 6.852160e-01 4.144000e-03 3.106400e-01
279 6.845120e-01 4.056000e-03 3.114320e-01
280 6.838040e-01 4.016000e-03 3.121800e-01
281 6.831760e-01 3.956000e-03 3.128680e-01
282 6.825440e-01 3.900000e-03 3.135560e-01
283 6.818320e-01 3.936000e-03 3.142320e-01
284 6.811480e-01 3.864000e-03 3.149880e-01
285 6.804800e-01 3.916000e-03 3.156040e-01
286 6.799840e-01 3.636000e-03 3.163800e-01
287 6.794360e-01 3.636000e-03 3.169280e-01
288 6.789520e-01 3.508000e-03 3.175400e-01
289 6.784120e-01 3.416000e-03 3.181720e-01
290 6.778840e-01 3.392000e-03 3.187240e-01
291 6.773680e-01 3.264000e-03 3.193680e-01
292 6.768240e-01 3.248000e-03 3.199280e-01
293 6.762720e-01 3.236000e-03 3.204920e-01
294 6.758160e-01 3.132000e-03 3.210520e-01
295 6.753200e-01 3.044000e-03 3.216360e-01
296 6.748560e-01 2.884000e-03 3.222600e-01
297 6.743280e-01 2.920000e-03 3.227520e-01
298 6.737920e-01 2.864000e-03 3.233440e-01
299 6.733280e-01 2.740000e-03 3.239320e-01
300 6.729880e-01 2.572000e-03 3.244400e-01
301 6.726120e-01 2.440000e-03 3.249480e-01
302 6.721600e-01 2.464000e-03 3.253760e-01
303 6.717480e-01 2.424000e-03 3.258280e-01
304 6.713040e-01 2.424000e-03 3.262720e-01
305 6.708400e-01 2.456000e-03 3.267040e-01
306 6.704400e-01 2.412000e-03 3.271480e-01
307 6.700440e-01 2.424000e-03 3.275320e-01
308 6.696440e-01 2.384000e-03 3.279720e-01
309 6.692280e-01 2.392000e-03 3.283800e-01
310 6.687640e-01 2.492000e-03 3.287440e-01
311 6.683920e-01 2.432000e-03 3.291760e-01
312 6.680240e-01 2.404000e-03 3.295720e-01
313 6.677120e-01 2.272000e-03 3.300160e-01
314 6.673120e-01 2.292000e-03 3.303960e-01
315 6.670240e-01 2.192000e-03 3.307840e-01
316 6.667000e-01 2.084000e-03 3.312160e-01
317 6.664160e-01 1.972000e-03 3.316120e-01
318 6.660880e-01 1.936000e-03 3.319760e-01
319 6.658520e-01 1.864000e-03 3.322840e-01
320 6.655400e-01 1.880000e-03 3.325800e-01
321 6.652880e-01 1.756000e-03 3.329560e-01
322 6.650200e-01 1.780000e-03 3.332000e-01
323 6.647800e-01 1.696000e-03 3.335240e-01
324 6.645160e-01 1.688000e-03 3.337960e-01
325 6.641880e-01 1.756000e-03 3.340560e-01
326 6.638440e-01 1.832000e-03 3.343240e-01
327 6.635080e-01 1.904000e-03 3.345880e-01
328 6.631440e-01 1.908000e-03 3.349480e-01
329 6.627960e-01 1.916000e-03 3.352880e-01
330 6.624680e-01 1.948000e-03 3.355840e-01
331 6.620560e-01 2.024000e-03 3.359200e-01
332 6.616560e-01 2.028000e-03 3.363160e-01
333 6.613320e-01 2.012000e-03 3.366560e-01
334 6.609800e-01 1.996000e-03 3.370240e-01
335 6.605920e-01 2.112000e-03 3.372960e-01
336 6.602800e-01 2.084000e-03 3.376360e-01
337 6.599080e-01 2.140000e-03 3.379520e-01
338 6.595200e-01 2.192000e-03 3.382880e-01
339 6.591120e-01 2.176000e-03 3.387120e-01
340 6.587560e-01 2.176000e-03 3.390680e-01
341 6.584640e-01 2.080000e-03 3.394560e-01
342 6.581920e-01 1.980000e-03 3.398280e-01
343 6.579040e-01 1.952000e-03 3.401440e-01
344 6.576840e-01 1.848000e-03 3.404680e-01
345 6.574760e-01 1.760000e-03 3.407640e-01
346 6.572600e-01 1.608000e-03 3.411320e-01
347 6.570520e-01 1.496000e-03 3.414520e-01
348 6.567920e-01 1.532000e-03 3.416760e-01
349 6.565640e-01 1.528000e-03 3.419080e-01
350 6.563320e-01 1.536000e-03 3.421320e-01
351 6.561080e-01 1.504000e-03 3.423880e-01
352 6.558800e-01 1.488000e-03 3.426320e-01
353 6.556880e-01 1.396000e-03 3.429160e-01
354 6.554920e-01 1.372000e-03 3.431360e-01
355 6.552880e-01 1.328000e-03 3.433840e-01
356 6.551120e-01 1.300000e-03 3.435880e-01
357 6.549160e-01 1.212000e-03 3.438720e-01
358 6.547040e-01 1.176000e-03 3.441200e-01
359 6.545680e-01 1.144000e-03 3.442880e-01
360 6.543400e-01 1.144000e-03 3.445160e-01
361 6.542200e-01 1.116000e-03 3.446640e-01
362 6.541120e-01 9.760000e-04 3.449120e-01
363 6.539280e-01 9.520000e-04 3.451200e-01
364 6.537400e-01 9.640000e-04 3.452960e-01
365 6.535480e-01 1.004000e-03 3.454480e-01
366 6.533200e-01 1.068000e-03 3.456120e-01
367 6.530840e-01 1.128000e-03 3.457880e-01
368 6.528600e-01 1.152000e-03 3.459880e-01
369 6.525920e-01 1.240000e-03 3.461680e-01
370 6.522800e-01 1.340000e-03 3.463800e-01
371 6.520640e-01 1.300000e-03 3.466360e-01
372 6.518600e-01 1.280000e-03 3.468600e-01
373 6.516880e-01 1.196000e-03 3.471160e-01
374 6.515480e-01 1.156000e-03 3.472960e-01
375 6.513760e-01 1.172000e-03 3.474520e-01
376 6.511360e-01 1.240000e-03 3.476240e-01
377 6.509520e-01 1.268000e-03 3.477800e-01
378 6.506680e-01 1.292000e-03 3.480400e-01
379 6.505240e-01 1.216000e-03 3.482600e-01
380 6.502880e-01 1.276000e-03 3.484360e-01
381 6.501000e-01 1.268000e-03 3.486320e-01
382 6.499640e-01 1.176000e-03 3.488600e-01
383 6.496960e-01 1.264000e-03 3.490400e-01
384 6.494960e-01 1.200000e-03 3.493040e-01
385 6.493720e-01 1.108000e-03 3.495200e-01
386 6.491760e-01 1.120000e-03 3.497040e-01
387 6.490200e-01 1.060000e-03 3.499200e-01
388 6.487960e-01 1.100000e-03 3.501040e-01
389 6.485840e-01 1.120000e-03 3.502960e-01
390 6.483720e-01 1.140000e-03 3.504880e-01
391 6.481240e-01 1.220000e-03 3.506560e-01
392 6.479000e-01 1.240000e-03 3.508600e-01
393 6.476600e-01 1.272000e-03 3.510680e-01
394 6.473960e-01 1.284000e-03 3.513200e-01
395 6.470840e-01 1.372000e-03 3.515440e-01
396 6.468480e-01 1.364000e-03 3.517880e-01
397 6.466400e-01 1.284000e-03 3.520760e-01
398 6.463920e-01 1.288000e-03 3.523200e-01
399 6.460840e-01 1.352000e-03 3.525640e-01
400 6.458480e-01 1.352000e-03 3.528000e-01
401 6.456760e-01 1.256000e-03 3.530680e-01
402 6.454840e-01 1.236000e-03 3.532800e-01
403 6.453120e-01 1.224000e-03 3.534640e-01
404 6.451440e-01 1.160000e-03 3.536960e-01
405 6.448920e-01 1.168000e-03 3.539400e-01
406 6.446720e-01 1.152000e-03 3.541760e-01
407 6.444960e-01 1.100000e-03 3.544040e-01
408 6.443480e-01 1.068000e-03 3.545840e-01
409 6.441640e-01 1.072000e-03 3.547640e-01
410 6.439480e-01 1.064000e-03 3.549880e-01
411 6.437160e-01 1.116000e-03 3.551680e-01
412 6.435040e-01 1.164000e-03 3.553320e-01
413 6.433400e-01 1.080000e-03 3.555800e-01
414 6.431880e-01 1.020000e-03 3.557920e-01
415 6.430400e-01 9.800000e-04 3.559800e-01
416 6.428640e-01 1.004000e-03 3.561320e-01
417 6.426560e-01 1.060000e-03 3.562840e-01
418 6.424600e-01 1.056000e-03 3.564840e-01
419 6.423200e-01 1.032000e-03 3.566480e-01
420 6.421720e-01 9.440000e-04 3.568840e-01
421 6.419760e-01 9.760000e-04 3.570480e-01
422 6.418120e-01 9.400000e-04 3.572480e-01
423 6.416880e-01 8.800000e-04 3.574320e-01
424 6.415480e-01 9.000000e-04 3.575520e-01
425 6.413600e-01 9.400000e-04 3.577000e-01
426 6.411840e-01 9.720000e-04 3.578440e-01
427 6.409760e-01 1.020000e-03 3.580040e-01
428 6.407840e-01 1.080000e-03 3.581360e-01
429 6.405840e-01 1.124000e-03 3.582920e-01
430 6.404320e-01 1.084000e-03 3.584840e-01
431 6.403120e-01 1.024000e-03 3.586640e-01
432 6.401440e-01 1.020000e-03 3.588360e-01
433 6.399920e-01 9.840000e-04 3.590240e-01
434 6.398160e-01 9.640000e-04 3.592200e-01
435 6.396160e-01 1.020000e-03 3.593640e-01
436 6.394560e-01 1.000000e-03 3.595440e-01
437 6.393200e-01 9.600000e-04 3.597200e-01
438 6.391960e-01 9.360000e-04 3.598680e-01
439 6.389880e-01 9.720000e-04 3.600400e-01
440 6.388200e-01 9.400000e-04 3.602400e-01
441 6.386720e-01 8.840000e-04 3.604440e-01
442 6.385520e-01 8.520000e-04 3.605960e-01
443 6.384000e-01 8.520000e-04 3.607480e-01
444 6.382360e-01 8.440000e-04 3.609200e-01
445 6.381160e-01 8.000000e-04 3.610840e-01
446 6.379440e-01 8.360000e-04 3.612200e-01
447 6.377600e-01 9.080000e-04 3.613320e-01
448 6.376040e-01 8.800000e-04 3.615160e-01
449 6.375040e-01 8.320000e-04 3.616640e-01
450 6.373560e-01 8.560000e-04 3.617880e-01
451 6.371520e-01 9.040000e-04 3.619440e-01
452 6.369360e-01 9.280000e-04 3.621360e-01
453 6.368160e-01 8.720000e-04 3.623120e-01
454 6.366600e-01 9.080000e-04 3.624320e-01
455 6.365320e-01 8.480000e-04 3.626200e-01
456 6.364400e-01 7.680000e-04 3.627920e-01
457 6.363120e-01 7.840000e-04 3.629040e-01
458 6.361880e-01 7.440000e-04 3.630680e-01
459 6.360520e-01 7.680000e-04 3.631800e-01
460 6.359200e-01 7.480000e-04 3.633320e-01
461 6.357640e-01 7.680000e-04 3.634680e-01
462 6.356160e-01 7.760000e-04 3.636080e-01
463 6.355040e-01 8.120000e-04 3.636840e-01
464 6.353840e-01 7.960000e-04 3.638200e-01
465 6.352600e-01 7.880000e-04 3.639520e-01
466 6.350800e-01 8.240000e-04 3.640960e-01
467 6.349440e-01 8.320000e-04 3.642240e-01
468 6.348080e-01 8.240000e-04 3.643680e-01
469 6.346800e-01 8.320000e-04 3.644880e-01
470 6.345360e-01 8.080000e-04 3.646560e-01
471 6.343960e-01 8.160000e-04 3.647880e-01
472 6.342760e-01 7.800000e-04 3.649440e-01
473 6.341200e-01 8.080000e-04 3.650720e-01
474 6.339360e-01 8.680000e-04 3.651960e-01
475 6.337560e-01 9.200000e-04 3.653240e-01
476 6.336400e-01 8.640000e-04 3.654960e-01
477 6.335160e-01 8.480000e-04 3.656360e-01
478 6.333360e-01 8.640000e-04 3.658000e-01
479 6.331400e-01 9.040000e-04 3.659560e-01
480 6.329960e-01 9.200000e-04 3.660840e-01
481 6.327880e-01 9.440000e-04 3.662680e-01
482 6.326480e-01 9.560000e-04 3.663960e-01
483 6.324840e-01 9.480000e-04 3.665680e-01
484 6.323400e-01 9.400000e-04 3.667200e-01
485 6.321920e-01 9.400000e-04 3.668680e-01
486 6.320640e-01 9.080000e-04 3.670280e-01
487 6.318800e-01 9.400000e-04 3.671800e-01
488 6.317400e-01 8.440000e-04 3.674160e-01
489 6.316520e-01 8.080000e-04 3.675400e-01
490 6.315360e-01 8.040000e-04 3.676600e-01
491 6.314400e-01 8.000000e-04 3.677600e-01
492 6.312600e-01 8.680000e-04 3.678720e-01
493 6.311000e-01 8.880000e-04 3.680120e-01
494 6.309880e-01 8.400000e-04 3.681720e-01
495 6.308240e-01 8.360000e-04 3.683400e-01
496 6.306440e-01 9.040000e-04 3.684520e-01
497 6.304920e-01 8.880000e-04 3.686200e-01
498 6.302720e-01 9.640000e-04 3.687640e-01
499 6.301160e-01 9.600000e-04 3.689240e-01
500 6.299640e-01 9.400000e-04 3.690960e-01
