1 9.991640e-01 7.200000e-04 1.160000e-04
2 9.985440e-01 1.176000e-03 2.800000e-04
3 9.977760e-01 1.680000e-03 5.440000e-04
4 9.970040e-01 2.188000e-03 8.080000e-04
5 9.962400e-01 2.560000e-03 1.200000e-03
6 9.951480e-01 3.084000e-03 1.768000e-03
7 9.940920e-01 3.572000e-03 2.336000e-03
8 9.930120e-01 3.944000e-03 3.044000e-03
9 9.921280e-01 4.136000e-03 3.736000e-03
10 9.911680e-01 4.404000e-03 4.428000e-03
11 9.902000e-01 4.568000e-03 5.232000e-03
12 9.890400e-01 4.920000e-03 6.040000e-03
13 9.878640e-01 5.208000e-03 6.928000e-03
14 9.868000e-01 5.304000e-03 7.896000e-03
15 9.857320e-01 5.404000e-03 8.864000e-03
16 9.846840e-01 5.480000e-03 9.836000e-03
17 9.835680e-01 5.660000e-03 1.077200e-02
18 9.823240e-01 5.872000e-03 1.180400e-02
19 9.811320e-01 6.000000e-03 1.286800e-02
20 9.797960e-01 6.244000e-03 1.396000e-02
21 9.785080e-01 6.484000e-03 1.500800e-02
22 9.773040e-01 6.496000e-03 1.620000e-02
23 9.759280e-01 6.668000e-03 1.740400e-02
24 9.747960e-01 6.612000e-03 1.859200e-02
25 9.735120e-01 6.692000e-03 1.979600e-02
26 9.722040e-01 6.760000e-03 2.103600e-02
27 9.708600e-01 6.848000e-03 2.229200e-02
28 9.694120e-01 7.144000e-03 2.344400e-02
29 9.680680e-01 7.160000e-03 2.477200e-02
30 9.667280e-01 7.176000e-03 2.609600e-02
31 9.652440e-01 7.444000e-03 2.731200e-02
32 9.636840e-01 7.572000e-03 2.874400e-02
33 9.620320e-01 7.952000e-03 3.001600e-02
34 9.604560e-01 8.152000e-03 3.139200e-02
35 9.589440e-01 8.256000e-03 3.280000e-02
36 9.573960e-01 8.340000e-03 3.426400e-02
37 9.558240e-01 8.460000e-03 3.571600e-02
38 9.542360e-01 8.544000e-03 3.722000e-02
39 9.524880e-01 8.708000e-03 3.880400e-02
40 9.507880e-01 8.832000e-03 4.038000e-02
41 9.490600e-01 9.044000e-03 4.189600e-02
42 9.474400e-01 9.056000e-03 4.350400e-02
43 9.456280e-01 9.364000e-03 4.500800e-02
44 9.439480e-01 9.540000e-03 4.651200e-02
45 9.421640e-01 9.588000e-03 4.824800e-02
46 9.405440e-01 9.688000e-03 4.976800e-02
47 9.387520e-01 9.684000e-03 5.156400e-02
48 9.371000e-01 9.636000e-03 5.326400e-02
49 9.353320e-01 9.640000e-03 5.502800e-02
50 9.336280e-01 9.708000e-03 5.666400e-02
51 9.317960e-01 9.756000e-03 5.844800e-02
52 9.300200e-01 9.752000e-03 6.022800e-02
53 9.281800e-01 9.808000e-03 6.201200e-02
54 9.264840e-01 9.756000e-03 6.376000e-02
55 9.248280e-01 9.712000e-03 6.546000e-02
56 9.230720e-01 9.816000e-03 6.711200e-02
57 9.214320e-01 9.808000e-03 6.876000e-02
58 9.197880e-01 9.856000e-03 7.035600e-02
59 9.179280e-01 9.944000e-03 7.212800e-02
60 9.161840e-01 1.013600e-02 7.368000e-02
61 9.144120e-01 1.022400e-02 7.536400e-02
62 9.125520e-01 1.020400e-02 7.724400e-02
63 9.106960e-01 1.029600e-02 7.900800e-02
64 9.089400e-01 1.024000e-02 8.082000e-02
65 9.071480e-01 1.030800e-02 8.254400e-02
66 9.052880e-01 1.029200e-02 8.442000e-02
67 9.034960e-01 1.029600e-02 8.620800e-02
68 9.018480e-01 1.025200e-02 8.790000e-02
69 9.000800e-01 1.020400e-02 8.971600e-02
70 8.981480e-01 1.033600e-02 9.151600e-02
71 8.965040e-01 1.026000e-02 9.323600e-02
72 8.946840e-01 1.023600e-02 9.508000e-02
73 8.927760e-01 1.032400e-02 9.690000e-02
74 8.908960e-01 1.048400e-02 9.862000e-02
75 8.890760e-01 1.053200e-02 1.003920e-01
76 8.872640e-01 1.062800e-02 1.021080e-01
77 8.854400e-01 1.051200e-02 1.040480e-01
78 8.836000e-01 1.047200e-02 1.059280e-01
79 8.818480e-01 1.040000e-02 1.077520e-01
80 8.801800e-01 1.021200e-02 1.096080e-01
81 8.785560e-01 9.992000e-03 1.114520e-01
82 8.767440e-01 1.017600e-02 1.130800e-01
83 8.749400e-01 1.020000e-02 1.148600e-01
84 8.734000e-01 9.956000e-03 1.166440e-01
85 8.717600e-01 9.952000e-03 1.182880e-01
86 8.699440e-01 9.948000e-03 1.201080e-01
87 8.682520e-01 9.936000e-03 1.218120e-01
88 8.664240e-01 1.000800e-02 1.235680e-01
89 8.647160e-01 9.996000e-03 1.252880e-01
90 8.630520e-01 1.002000e-02 1.269280e-01
91 8.614760e-01 9.932000e-03 1.285920e-01
92 8.597920e-01 9.984000e-03 1.302240e-01
93 8.579640e-01 1.004000e-02 1.319960e-01
94 8.562120e-01 1.002800e-02 1.337600e-01
95 8.544040e-01 1.011200e-02 1.354840e-01
96 8.524800e-01 1.030000e-02 1.372200e-01
97 8.506680e-01 1.028800e-02 1.390440e-01
98 8.488720e-01 1.040800e-02 1.407200e-01
99 8.470000e-01 1.048800e-02 1.425120e-01
100 8.450240e-01 1.057600e-02 1.444000e-01
101 8.432840e-01 1.058000e-02 1.461360e-01
102 8.414760e-01 1.061600e-02 1.479080e-01
103 8.398080e-01 1.036000e-02 1.498320e-01
104 8.381760e-01 1.026400e-02 1.515600e-01
105 8.366360e-01 9.928000e-03 1.534360e-01
106 8.351880e-01 9.520000e-03 1.552920e-01
107 8.336960e-01 9.288000e-03 1.570160e-01
108 8.320440e-01 9.252000e-03 1.587040e-01
109 8.304880e-01 9.148000e-03 1.603640e-01
110 8.289760e-01 9.080000e-03 1.619440e-01
111 8.273920e-01 9.008000e-03 1.636000e-01
112 8.257640e-01 9.092000e-03 1.651440e-01
113 8.243280e-01 9.016000e-03 1.666560e-01
114 8.225800e-01 9.228000e-03 1.681920e-01
115 8.209080e-01 9.304000e-03 1.697880e-01
116 8.192600e-01 9.272000e-03 1.714680e-01
117 8.174960e-01 9.508000e-03 1.729960e-01
118 8.157320e-01 9.684000e-03 1.745840e-01
119 8.139280e-01 9.860000e-03 1.762120e-01
120 8.121640e-01 9.912000e-03 1.779240e-01
121 8.103320e-01 1.010000e-02 1.795680e-01
122 8.085680e-01 1.003600e-02 1.813960e-01
123 8.067640e-01 9.964000e-03 1.832720e-01
124 8.050680e-01 9.992000e-03 1.849400e-01
125 8.031800e-01 1.026000e-02 1.865600e-01
126 8.013520e-01 1.025600e-02 1.883920e-01
127 7.996800e-01 1.016800e-02 1.901520e-01
128 7.980800e-01 9.892000e-03 1.920280e-01
129 7.965200e-01 9.580000e-03 1.939000e-01
130 7.949560e-01 9.476000e-03 1.955680e-01
131 7.933400e-01 9.508000e-03 1.971520e-01
132 7.917080e-01 9.480000e-03 1.988120e-01
133 7.900920e-01 9.432000e-03 2.004760e-01
134 7.885200e-01 9.396000e-03 2.020840e-01
135 7.869840e-01 9.260000e-03 2.037560e-01
136 7.851800e-01 9.344000e-03 2.054760e-01
137 7.834920e-01 9.408000e-03 2.071000e-01
138 7.817720e-01 9.520000e-03 2.087080e-01
139 7.801960e-01 9.408000e-03 2.103960e-01
140 7.784680e-01 9.396000e-03 2.121360e-01
141 7.767920e-01 9.448000e-03 2.137600e-01
142 7.752040e-01 9.224000e-03 2.155720e-01
143 7.735120e-01 9.380000e-03 2.171080e-01
144 7.719280e-01 9.292000e-03 2.187800e-01
145 7.704600e-01 9.136000e-03 2.204040e-01
146 7.689840e-01 8.980000e-03 2.220360e-01
147 7.674800e-01 8.868000e-03 2.236520e-01
148 7.658960e-01 8.876000e-03 2.252280e-01
149 7.644680e-01 8.736000e-03 2.267960e-01
150 7.631120e-01 8.408000e-03 2.284800e-01
151 7.617080e-01 8.308000e-03 2.299840e-01
152 7.601560e-01 8.584000e-03 2.312600e-01
153 7.588880e-01 8.188000e-03 2.329240e-01
154 7.573600e-01 8.348000e-03 2.342920e-01
155 7.558320e-01 8.424000e-03 2.357440e-01
156 7.543920e-01 8.368000e-03 2.372400e-01
157 7.529600e-01 8.384000e-03 2.386560e-01
158 7.515080e-01 8.328000e-03 2.401640e-01
159 7.500360e-01 8.368000e-03 2.415960e-01
160 7.485840e-01 8.292000e-03 2.431240e-01
161 7.471480e-01 8.288000e-03 2.445640e-01
162 7.457760e-01 8.204000e-03 2.460200e-01
163 7.443880e-01 8.240000e-03 2.473720e-01
164 7.429200e-01 8.328000e-03 2.487520e-01
165 7.415760e-01 8.228000e-03 2.501960e-01
166 7.402800e-01 8.184000e-03 2.515360e-01
167 7.388760e-01 8.244000e-03 2.528800e-01
168 7.376080e-01 8.124000e-03 2.542680e-01
169 7.362000e-01 8.112000e-03 2.556880e-01
170 7.348200e-01 8.040000e-03 2.571400e-01
171 7.333880e-01 8.032000e-03 2.585800e-01
172 7.317600e-01 8.272000e-03 2.599680e-01
173 7.303840e-01 8.268000e-03 2.613480e-01
174 7.289600e-01 8.364000e-03 2.626760e-01
175 7.275320e-01 8.220000e-03 2.642480e-01
176 7.258160e-01 8.376000e-03 2.658080e-01
177 7.243520e-01 8.488000e-03 2.671600e-01
178 7.230480e-01 8.288000e-03 2.686640e-01
179 7.217360e-01 8.208000e-03 2.700560e-01
180 7.201840e-01 8.400000e-03 2.714160e-01
181 7.188040e-01 8.248000e-03 2.729480e-01
182 7.176880e-01 7.892000e-03 2.744200e-01
183 7.164760e-01 7.668000e-03 2.758560e-01
184 7.153440e-01 7.504000e-03 2.771520e-01
185 7.140440e-01 7.456000e-03 2.785000e-01
186 7.127600e-01 7.480000e-03 2.797600e-01
187 7.115800e-01 7.292000e-03 2.811280e-01
188 7.105880e-01 6.940000e-03 2.824720e-01
189 7.095120e-01 6.892000e-03 2.835960e-01
190 7.082840e-01 6.912000e-03 2.848040e-01
191 7.070720e-01 6.876000e-03 2.860520e-01
192 7.059160e-01 6.876000e-03 2.872080e-01
193 7.046800e-01 6.892000e-03 2.884280e-01
194 7.034880e-01 6.880000e-03 2.896320e-01
195 7.023520e-01 6.948000e-03 2.907000e-01
196 7.011560e-01 6.940000e-03 2.919040e-01
197 6.998520e-01 7.072000e-03 2.930760e-01
198 6.987200e-01 6.928000e-03 2.943520e-01
199 6.975880e-01 6.924000e-03 2.954880e-01
200 6.966240e-01 6.696000e-03 2.966800e-01
201 6.954240e-01 6.624000e-03 2.979520e-01
202 6.944600e-01 6.380000e-03 2.991600e-01
203 6.934400e-01 6.332000e-03 3.002280e-01
204 6.923160e-01 6.396000e-03 3.012880e-01
205 6.912320e-01 6.308000e-03 3.024600e-01
206 6.902520e-01 6.132000e-03 3.036160e-01
207 6.890240e-01 6.232000e-03 3.047440e-01
208 6.878920e-01 6.268000e-03 3.058400e-01
209 6.868400e-01 6.268000e-03 3.068920e-01
210 6.857760e-01 6.236000e-03 3.079880e-01
211 6.846760e-01 6.232000e-03 3.090920e-01
212 6.836520e-01 6.176000e-03 3.101720e-01
213 6.825560e-01 6.200000e-03 3.112440e-01
214 6.816560e-01 6.060000e-03 3.122840e-01
215 6.806840e-01 5.956000e-03 3.133600e-01
216 6.796520e-01 5.980000e-03 3.143680e-01
217 6.786000e-01 6.028000e-03 3.153720e-01
218 6.775680e-01 5.960000e-03 3.164720e-01
219 6.764960e-01 5.992000e-03 3.175120e-01
220 6.754320e-01 5.932000e-03 3.186360e-01
221 6.744440e-01 5.888000e-03 3.196680e-01
222 6.733360e-01 6.036000e-03 3.206280e-01
223 6.722560e-01 6.092000e-03 3.216520e-01
224 6.712560e-01 6.020000e-03 3.227240e-01
225 6.704240e-01 5.908000e-03 3.236680e-01
226 6.693760e-01 5.940000e-03 3.246840e-01
227 6.685160e-01 5.632000e-03 3.258520e-01
228 6.675040e-01 5.704000e-03 3.267920e-01
229 6.666160e-01 5.588000e-03 3.277960e-01
230 6.655040e-01 5.848000e-03 3.286480e-01
231 6.645040e-01 5.808000e-03 3.296880e-01
232 6.635880e-01 5.708000e-03 3.307040e-01
233 6.627720e-01 5.544000e-03 3.316840e-01
234 6.619680e-01 5.300000e-03 3.327320e-01
235 6.612000e-01 5.276000e-03 3.335240e-01
236 6.604080e-01 5.188000e-03 3.344040e-01
237 6.595600e-01 5.128000e-03 3.353120e-01
238 6.587560e-01 5.004000e-03 3.362400e-01
239 6.578960e-01 4.940000e-03 3.371640e-01
240 6.570600e-01 4.924000e-03 3.380160e-01
241 6.562240e-01 4.952000e-03 3.388240e-01
242 6.554560e-01 4.868000e-03 3.396760e-01
243 6.547840e-01 4.756000e-03 3.404600e-01
244 6.539800e-01 4.708000e-03 3.413120e-01
245 6.531920e-01 4.536000e-03 3.422720e-01
246 6.523960e-01 4.560000e-03 3.430440e-01
247 6.515600e-01 4.568000e-03 3.438720e-01
248 6.508360e-01 4.548000e-03 3.446160e-01
249 6.499560e-01 4.632000e-03 3.454120e-01
250 6.492120e-01 4.580000e-03 3.462080e-01
251 6.485120e-01 4.540000e-03 3.469480e-01
252 6.478240e-01 4.388000e-03 3.477880e-01
253 6.471360e-01 4.288000e-03 3.485760e-01
254 6.464240e-01 4.248000e-03 3.493280e-01
255 6.457360e-01 4.180000e-03 3.500840e-01
256 6.451280e-01 4.024000e-03 3.508480e-01
257 6.444960e-01 3.952000e-03 3.515520e-01
258 6.438560e-01 3.880000e-03 3.522640e-01
259 6.431920e-01 3.912000e-03 3.528960e-01
260 6.425480e-01 3.808000e-03 3.536440e-01
261 6.419720e-01 3.656000e-03 3.543720e-01
262 6.413720e-01 3.668000e-03 3.549600e-01
263 6.407520e-01 3.588000e-03 3.556600e-01
264 6.401640e-01 3.568000e-03 3.562680e-01
265 6.396200e-01 3.508000e-03 3.568720e-01
266 6.390080e-01 3.472000e-03 3.575200e-01
267 6.384520e-01 3.420000e-03 3.581280e-01
268 6.377400e-01 3.556000e-03 3.587040e-01
269 6.371560e-01 3.548000e-03 3.592960e-01
270 6.366320e-01 3.428000e-03 3.599400e-01
271 6.361200e-01 3.292000e-03 3.605880e-01
272 6.354720e-01 3.348000e-03 3.611800e-01
273 6.349880e-01 3.252000e-03 3.617600e-01
274 6.344800e-01 3.164000e-03 3.623560e-01
275 6.340400e-01 3.052000e-03 3.629080e-01
276 6.335720e-01 2.980000e-03 3.634480e-01
277 6.331880e-01 2.908000e-03 3.639040e-01
278 6.326920e-01 2.880000e-03 3.644280e-01
279 6.322720e-01 2.748000e-03 3.649800e-01
280 6.317840e-01 2.676000e-03 3.655400e-01
281 6.312640e-01 2.752000e-03 3.659840e-01
282 6.308400e-01 2.700000e-03 3.664600e-01
283 6.304760e-01 2.588000e-03 3.669360e-01
284 6.300240e-01 2.636000e-03 3.673400e-01
285 6.295520e-01 2.608000e-03 3.678400e-01
286 6.290800e-01 2.568000e-03 3.683520e-01
287 6.285120e-01 2.664000e-03 3.688240e-01
288 6.279440e-01 2.680000e-03 3.693760e-01
289 6.274160e-01 2.744000e-03 3.698400e-01
290 6.269960e-01 2.612000e-03 3.703920e-01
291 6.264960e-01 2.692000e-03 3.708120e-01
292 6.260440e-01 2.648000e-03 3.713080e-01
293 6.256160e-01 2.584000e-03 3.718000e-01
294 6.251800e-01 2.596000e-03 3.722240e-01
295 6.248000e-01 2.504000e-03 3.726960e-01
296 6.243400e-01 2.512000e-03 3.731480e-01
297 6.239000e-01 2.488000e-03 3.736120e-01
298 6.234560e-01 2.456000e-03 3.740880e-01
299 6.231440e-01 2.340000e-03 3.745160e-01
300 6.228400e-01 2.252000e-03 3.749080e-01
301 6.225360e-01 2.124000e-03 3.753400e-01
302 6.222840e-01 1.972000e-03 3.757440e-01
303 6.220360e-01 1.832000e-03 3.761320e-01
304 6.217520e-01 1.812000e-03 3.764360e-01
305 6.215120e-01 1.752000e-03 3.767360e-01
306 6.213160e-01 1.652000e-03 3.770320e-01
307 6.210880e-01 1.600000e-03 3.773120e-01
308 6.208520e-01 1.604000e-03 3.775440e-01
309 6.206200e-01 1.544000e-03 3.778360e-01
310 6.204120e-01 1.504000e-03 3.780840e-01
311 6.201640e-01 1.456000e-03 3.783800e-01
312 6.199160e-01 1.424000e-03 3.786600e-01
313 6.196240e-01 1.488000e-03 3.788880e-01
314 6.193240e-01 1.528000e-03 3.791480e-01
315 6.190120e-01 1.556000e-03 3.794320e-01
316 6.187960e-01 1.508000e-03 3.796960e-01
317 6.185240e-01 1.540000e-03 3.799360e-01
318 6.182440e-01 1.536000e-03 3.802200e-01
319 6.180000e-01 1.536000e-03 3.804640e-01
320 6.178040e-01 1.460000e-03 3.807360e-01
321 6.175760e-01 1.448000e-03 3.809760e-01
322 6.173960e-01 1.360000e-03 3.812440e-01
323 6.171320e-01 1.432000e-03 3.814360e-01
324 6.168520e-01 1.424000e-03 3.817240e-01
325 6.165960e-01 1.428000e-03 3.819760e-01
326 6.162600e-01 1.520000e-03 3.822200e-01
327 6.160480e-01 1.492000e-03 3.824600e-01
328 6.158080e-01 1.484000e-03 3.827080e-01
329 6.155920e-01 1.384000e-03 3.830240e-01
330 6.153440e-01 1.408000e-03 3.832480e-01
331 6.150880e-01 1.396000e-03 3.835160e-01
332 6.148280e-01 1.428000e-03 3.837440e-01
333 6.145680e-01 1.412000e-03 3.840200e-01
334 6.143160e-01 1.404000e-03 3.842800e-01
335 6.140400e-01 1.448000e-03 3.845120e-01
336 6.136960e-01 1.528000e-03 3.847760e-01
337 6.133480e-01 1.616000e-03 3.850360e-01
338 6.130400e-01 1.632000e-03 3.853280e-01
339 6.126920e-01 1.688000e-03 3.856200e-01
340 6.123920e-01 1.712000e-03 3.858960e-01
341 6.121600e-01 1.684000e-03 3.861560e-01
342 6.119600e-01 1.564000e-03 3.864760e-01
343 6.117040e-01 1.532000e-03 3.867640e-01
344 6.114840e-01 1.496000e-03 3.870200e-01
345 6.112560e-01 1.476000e-03 3.872680e-01
346 6.110160e-01 1.472000e-03 3.875120e-01
347 6.108200e-01 1.440000e-03 3.877400e-01
348 6.105640e-01 1.444000e-03 3.879920e-01
349 6.103680e-01 1.376000e-03 3.882560e-01
350 6.101760e-01 1.340000e-03 3.884840e-01
351 6.099080e-01 1.396000e-03 3.886960e-01
352 6.096800e-01 1.376000e-03 3.889440e-01
353 6.095200e-01 1.288000e-03 3.891920e-01
354 6.093840e-01 1.200000e-03 3.894160e-01
355 6.092160e-01 1.148000e-03 3.896360e-01
356 6.090240e-01 1.088000e-03 3.898880e-01
357 6.088440e-01 1.100000e-03 3.900560e-01
358 6.086520e-01 1.108000e-03 3.902400e-01
359 6.084800e-01 1.060000e-03 3.904600e-01
360 6.082440e-01 1.088000e-03 3.906680e-01
361 6.080720e-01 1.032000e-03 3.908960e-01
362 6.078960e-01 1.028000e-03 3.910760e-01
363 6.077600e-01 9.840000e-04 3.912560e-01
364 6.075800e-01 9.880000e-04 3.914320e-01
365 6.074320e-01 9.280000e-04 3.916400e-01
366 6.072760e-01 9.480000e-04 3.917760e-01
367 6.071120e-01 9.360000e-04 3.919520e-01
368 6.068840e-01 9.840000e-04 3.921320e-01
369 6.066400e-01 1.060000e-03 3.923000e-01
370 6.064120e-01 1.144000e-03 3.924440e-01
371 6.061320e-01 1.220000e-03 3.926480e-01
372 6.059120e-01 1.208000e-03 3.928800e-01
373 6.056880e-01 1.260000e-03 3.930520e-01
374 6.054680e-01 1.224000e-03 3.933080e-01
375 6.052440e-01 1.240000e-03 3.935160e-01
376 6.049720e-01 1.284000e-03 3.937440e-01
377 6.047440e-01 1.288000e-03 3.939680e-01
378 6.045200e-01 1.340000e-03 3.941400e-01
379 6.042560e-01 1.348000e-03 3.943960e-01
380 6.040240e-01 1.340000e-03 3.946360e-01
381 6.037680e-01 1.368000e-03 3.948640e-01
382 6.035560e-01 1.348000e-03 3.950960e-01
383 6.033280e-01 1.304000e-03 3.953680e-01
384 6.030920e-01 1.304000e-03 3.956040e-01
385 6.028760e-01 1.320000e-03 3.958040e-01
386 6.025960e-01 1.368000e-03 3.960360e-01
387 6.023720e-01 1.368000e-03 3.962600e-01
388 6.021520e-01 1.348000e-03 3.965000e-01
389 6.019040e-01 1.376000e-03 3.967200e-01
390 6.017320e-01 1.352000e-03 3.969160e-01
391 6.015560e-01 1.236000e-03 3.972080e-01
392 6.014360e-01 1.160000e-03 3.974040e-01
393 6.012200e-01 1.120000e-03 3.976600e-01
394 6.010800e-01 1.096000e-03 3.978240e-01
395 6.008800e-01 1.088000e-03 3.980320e-01
396 6.007160e-01 1.068000e-03 3.982160e-01
397 6.005480e-01 1.028000e-03 3.984240e-01
398 6.003600e-01 1.060000e-03 3.985800e-01
399 6.002320e-01 1.000000e-03 3.987680e-01
400 6.000760e-01 9.680000e-04 3.989560e-01
401 5.999680e-01 9.080000e-04 3.991240e-01
402 5.997920e-01 9.400000e-04 3.992680e-01
403 5.996760e-01 8.840000e-04 3.994400e-01
404 5.995080e-01 9.040000e-04 3.995880e-01
405 5.993360e-01 9.040000e-04 3.997600e-01
406 5.992040e-01 8.800000e-04 3.999160e-01
407 5.990880e-01 8.320000e-04 4.000800e-01
408 5.989600e-01 7.720000e-04 4.002680e-01
409 5.987960e-01 8.080000e-04 4.003960e-01
410 5.986400e-01 8.400000e-04 4.005200e-01
411 5.984760e-01 8.720000e-04 4.006520e-01
412 5.983560e-01 8.320000e-04 4.008120e-01
413 5.982120e-01 7.920000e-04 4.009960e-01
414 5.980240e-01 8.760000e-04 4.011000e-01
415 5.979120e-01 8.800000e-04 4.012080e-01
416 5.977640e-01 9.080000e-04 4.013280e-01
417 5.976440e-01 8.400000e-04 4.015160e-01
418 5.975120e-01 8.280000e-04 4.016600e-01
419 5.973320e-01 8.520000e-04 4.018160e-01
420 5.972040e-01 8.280000e-04 4.019680e-01
421 5.970160e-01 8.400000e-04 4.021440e-01
422 5.968960e-01 7.960000e-04 4.023080e-01
423 5.967520e-01 8.080000e-04 4.024400e-01
424 5.965880e-01 8.320000e-04 4.025800e-01
425 5.964280e-01 8.560000e-04 4.027160e-01
426 5.962720e-01 8.680000e-04 4.028600e-01
427 5.961400e-01 8.240000e-04 4.030360e-01
428 5.959600e-01 8.360000e-04 4.032040e-01
429 5.958120e-01 8.480000e-04 4.033400e-01
430 5.956720e-01 8.320000e-04 4.034960e-01
431 5.955240e-01 8.280000e-04 4.036480e-01
432 5.954240e-01 7.600000e-04 4.038160e-01
433 5.953040e-01 7.480000e-04 4.039480e-01
434 5.952240e-01 7.120000e-04 4.040640e-01
435 5.950880e-01 7.480000e-04 4.041640e-01
436 5.949640e-01 7.400000e-04 4.042960e-01
437 5.948560e-01 6.840000e-04 4.044600e-01
438 5.947640e-01 6.680000e-04 4.045680e-01
439 5.946240e-01 6.600000e-04 4.047160e-01
440 5.945240e-01 6.440000e-04 4.048320e-01
441 5.944160e-01 6.280000e-04 4.049560e-01
442 5.943400e-01 5.960000e-04 4.050640e-01
443 5.942480e-01 5.480000e-04 4.052040e-01
444 5.941480e-01 5.640000e-04 4.052880e-01
445 5.940640e-01 5.520000e-04 4.053840e-01
446 5.939880e-01 5.320000e-04 4.054800e-01
447 5.938720e-01 5.680000e-04 4.055600e-01
448 5.937680e-01 5.640000e-04 4.056680e-01
449 5.936360e-01 6.160000e-04 4.057480e-01
450 5.935640e-01 5.680000e-04 4.058680e-01
451 5.934800e-01 5.640000e-04 4.059560e-01
452 5.934040e-01 5.560000e-04 4.060400e-01
453 5.932560e-01 5.880000e-04 4.061560e-01
454 5.931520e-01 5.680000e-04 4.062800e-01
455 5.931040e-01 5.320000e-04 4.063640e-01
456 5.930240e-01 5.000000e-04 4.064760e-01
457 5.929240e-01 5.360000e-04 4.065400e-01
458 5.928560e-01 5.160000e-04 4.066280e-01
459 5.927760e-01 4.960000e-04 4.067280e-01
460 5.926600e-01 5.240000e-04 4.068160e-01
461 5.926040e-01 4.840000e-04 4.069120e-01
462 5.925160e-01 4.960000e-04 4.069880e-01
463 5.924600e-01 4.520000e-04 4.070880e-01
464 5.923840e-01 4.200000e-04 4.071960e-01
465 5.923560e-01 3.800000e-04 4.072640e-01
466 5.923160e-01 3.560000e-04 4.073280e-01
467 5.922800e-01 3.160000e-04 4.074040e-01
468 5.922240e-01 3.320000e-04 4.074440e-01
469 5.921840e-01 2.920000e-04 4.075240e-01
470 5.921280e-01 3.040000e-04 4.075680e-01
471 5.920760e-01 3.120000e-04 4.076120e-01
472 5.920560e-01 2.560000e-04 4.076880e-01
473 5.920280e-01 2.320000e-04 4.077400e-01
474 5.919880e-01 2.320000e-04 4.077800e-01
475 5.919520e-01 2.400000e-04 4.078080e-01
476 5.918880e-01 2.640000e-04 4.078480e-01
477 5.918280e-01 2.880000e-04 4.078840e-01
478 5.917640e-01 3.160000e-04 4.079200e-01
479 5.917120e-01 3.320000e-04 4.079560e-01
480 5.916400e-01 3.280000e-04 4.080320e-01
481 5.916120e-01 3.040000e-04 4.080840e-01
482 5.915840e-01 2.680000e-04 4.081480e-01
483 5.915720e-01 2.160000e-04 4.082120e-01
484 5.915560e-01 2.080000e-04 4.082360e-01
485 5.915480e-01 1.720000e-04 4.082800e-01
486 5.915240e-01 1.520000e-04 4.083240e-01
487 5.915160e-01 1.440000e-04 4.083400e-01
488 5.915040e-01 1.440000e-04 4.083520e-01
489 5.914880e-01 1.400000e-04 4.083720e-01
490 5.914560e-01 1.440000e-04 4.084000e-01
491 5.914520e-01 1.240000e-04 4.084240e-01
492 5.914200e-01 1.240000e-04 4.084560e-01
493 5.913960e-01 1.280000e-04 4.084760e-01
494 5.913600e-01 1.360000e-04 4.085040e-01
495 5.913440e-01 1.120000e-04 4.085440e-01
496 5.913200e-01 9.600000e-05 4.085840e-01
497 5.913120e-01 9.600000e-05 4.085920e-01
498 5.913040e-01 8.400000e-05 4.086120e-01
499 5.912920e-01 8.800000e-05 4.086200e-01
500 5.912840e-01 7.200000e-05 4.086440e-01
