1 9.991880e-01 7.080000e-04 1.040000e-04
2 9.986080e-01 1.148000e-03 2.440000e-04
3 9.980560e-01 1.476000e-03 4.680000e-04
4 9.973480e-01 1.900000e-03 7.520000e-04
5 9.966680e-01 2.196000e-03 1.136000e-03
6 9.959760e-01 2.480000e-03 1.544000e-03
7 9.951440e-01 2.880000e-03 1.976000e-03
8 9.943360e-01 3.144000e-03 2.520000e-03
9 9.932880e-01 3.580000e-03 3.132000e-03
10 9.922680e-01 3.900000e-03 3.832000e-03
11 9.912240e-01 4.308000e-03 4.468000e-03
12 9.902040e-01 4.516000e-03 5.280000e-03
13 9.891120e-01 4.704000e-03 6.184000e-03
14 9.879920e-01 4.960000e-03 7.048000e-03
15 9.868480e-01 5.180000e-03 7.972000e-03
16 9.856600e-01 5.400000e-03 8.940000e-03
17 9.844800e-01 5.552000e-03 9.968000e-03
18 9.832520e-01 5.752000e-03 1.099600e-02
19 9.820440e-01 5.996000e-03 1.196000e-02
20 9.808480e-01 6.116000e-03 1.303600e-02
21 9.796800e-01 6.228000e-03 1.409200e-02
22 9.783280e-01 6.520000e-03 1.515200e-02
23 9.768480e-01 6.932000e-03 1.622000e-02
24 9.754920e-01 7.084000e-03 1.742400e-02
25 9.741480e-01 7.208000e-03 1.864400e-02
26 9.726480e-01 7.396000e-03 1.995600e-02
27 9.709920e-01 7.692000e-03 2.131600e-02
28 9.694880e-01 7.876000e-03 2.263600e-02
29 9.681400e-01 7.800000e-03 2.406000e-02
30 9.667120e-01 7.852000e-03 2.543600e-02
31 9.653680e-01 7.868000e-03 2.676400e-02
32 9.640400e-01 7.836000e-03 2.812400e-02
33 9.627080e-01 7.696000e-03 2.959600e-02
34 9.612120e-01 7.804000e-03 3.098400e-02
35 9.598880e-01 7.712000e-03 3.240000e-02
36 9.585400e-01 7.684000e-03 3.377600e-02
37 9.571800e-01 7.628000e-03 3.519200e-02
38 9.557280e-01 7.600000e-03 3.667200e-02
39 9.543440e-01 7.604000e-03 3.805200e-02
40 9.530400e-01 7.632000e-03 3.932800e-02
41 9.514840e-01 7.808000e-03 4.070800e-02
42 9.500800e-01 7.784000e-03 4.213600e-02
43 9.486440e-01 8.032000e-03 4.332400e-02
44 9.469840e-01 8.276000e-03 4.474000e-02
45 9.452920e-01 8.488000e-03 4.622000e-02
46 9.437880e-01 8.484000e-03 4.772800e-02
47 9.421320e-01 8.748000e-03 4.912000e-02
48 9.405720e-01 8.728000e-03 5.070000e-02
49 9.389800e-01 8.776000e-03 5.224400e-02
50 9.373840e-01 8.752000e-03 5.386400e-02
51 9.356600e-01 9.032000e-03 5.530800e-02
52 9.340160e-01 9.088000e-03 5.689600e-02
53 9.323520e-01 9.252000e-03 5.839600e-02
54 9.308080e-01 9.060000e-03 6.013200e-02
55 9.290760e-01 9.092000e-03 6.183200e-02
56 9.275080e-01 8.928000e-03 6.356400e-02
57 9.260000e-01 8.884000e-03 6.511600e-02
58 9.244480e-01 8.748000e-03 6.680400e-02
59 9.229160e-01 8.700000e-03 6.838400e-02
60 9.213880e-01 8.680000e-03 6.993200e-02
61 9.197360e-01 8.772000e-03 7.149200e-02
62 9.179120e-01 9.092000e-03 7.299600e-02
63 9.163080e-01 9.100000e-03 7.459200e-02
64 9.145800e-01 9.236000e-03 7.618400e-02
65 9.129640e-01 9.188000e-03 7.784800e-02
66 9.113920e-01 9.228000e-03 7.938000e-02
67 9.097040e-01 9.412000e-03 8.088400e-02
68 9.081960e-01 9.132000e-03 8.267200e-02
69 9.066400e-01 9.092000e-03 8.426800e-02
70 9.051560e-01 8.892000e-03 8.595200e-02
71 9.034840e-01 9.008000e-03 8.750800e-02
72 9.018720e-01 9.008000e-03 8.912000e-02
73 9.003160e-01 8.912000e-03 9.077200e-02
74 8.989200e-01 8.716000e-03 9.236400e-02
75 8.973800e-01 8.816000e-03 9.380400e-02
76 8.958880e-01 8.744000e-03 9.536800e-02
77 8.943680e-01 8.712000e-03 9.692000e-02
78 8.928680e-01 8.644000e-03 9.848800e-02
79 8.915120e-01 8.436000e-03 1.000520e-01
80 8.900560e-01 8.336000e-03 1.016080e-01
81 8.885640e-01 8.384000e-03 1.030520e-01
82 8.871080e-01 8.340000e-03 1.045520e-01
83 8.854400e-01 8.436000e-03 1.061240e-01
84 8.838000e-01 8.556000e-03 1.076440e-01
85 8.823320e-01 8.428000e-03 1.092400e-01
86 8.808480e-01 8.420000e-03 1.107320e-01
87 8.793240e-01 8.572000e-03 1.121040e-01
88 8.777960e-01 8.544000e-03 1.136600e-01
89 8.762440e-01 8.600000e-03 1.151560e-01
90 8.747440e-01 8.492000e-03 1.167640e-01
91 8.730600e-01 8.640000e-03 1.183000e-01
92 8.714520e-01 8.828000e-03 1.197200e-01
93 8.698920e-01 8.832000e-03 1.212760e-01
94 8.684280e-01 8.636000e-03 1.229360e-01
95 8.668760e-01 8.728000e-03 1.243960e-01
96 8.653160e-01 8.664000e-03 1.260200e-01
97 8.637680e-01 8.656000e-03 1.275760e-01
98 8.622840e-01 8.676000e-03 1.290400e-01
99 8.608320e-01 8.740000e-03 1.304280e-01
100 8.593440e-01 8.748000e-03 1.319080e-01
101 8.579240e-01 8.516000e-03 1.335600e-01
102 8.563960e-01 8.472000e-03 1.351320e-01
103 8.547800e-01 8.560000e-03 1.366600e-01
104 8.532480e-01 8.552000e-03 1.382000e-01
105 8.517400e-01 8.684000e-03 1.395760e-01
106 8.502520e-01 8.488000e-03 1.412600e-01
107 8.488560e-01 8.472000e-03 1.426720e-01
108 8.475280e-01 8.292000e-03 1.441800e-01
109 8.462640e-01 8.268000e-03 1.454680e-01
110 8.449520e-01 8.224000e-03 1.468240e-01
111 8.434280e-01 8.372000e-03 1.482000e-01
112 8.419760e-01 8.420000e-03 1.496040e-01
113 8.405400e-01 8.384000e-03 1.510760e-01
114 8.390600e-01 8.396000e-03 1.525440e-01
115 8.374640e-01 8.536000e-03 1.540000e-01
116 8.359600e-01 8.600000e-03 1.554400e-01
117 8.343240e-01 8.736000e-03 1.569400e-01
118 8.328080e-01 8.864000e-03 1.583280e-01
119 8.313280e-01 8.788000e-03 1.598840e-01
120 8.298840e-01 8.684000e-03 1.614320e-01
121 8.284080e-01 8.664000e-03 1.629280e-01
122 8.268280e-01 8.768000e-03 1.644040e-01
123 8.252920e-01 8.744000e-03 1.659640e-01
124 8.239680e-01 8.456000e-03 1.675760e-01
125 8.226320e-01 8.340000e-03 1.690280e-01
126 8.211040e-01 8.396000e-03 1.705000e-01
127 8.195760e-01 8.528000e-03 1.718960e-01
128 8.180760e-01 8.632000e-03 1.732920e-01
129 8.163960e-01 8.928000e-03 1.746760e-01
130 8.149120e-01 8.744000e-03 1.763440e-01
131 8.132200e-01 8.900000e-03 1.778800e-01
132 8.115920e-01 8.996000e-03 1.794120e-01
133 8.100640e-01 8.860000e-03 1.810760e-01
134 8.085640e-01 8.828000e-03 1.826080e-01
135 8.070880e-01 8.852000e-03 1.840600e-01
136 8.056200e-01 9.032000e-03 1.853480e-01
137 8.043320e-01 8.708000e-03 1.869600e-01
138 8.029560e-01 8.628000e-03 1.884160e-01
139 8.014920e-01 8.428000e-03 1.900800e-01
140 8.000760e-01 8.476000e-03 1.914480e-01
141 7.986360e-01 8.412000e-03 1.929520e-01
142 7.971960e-01 8.412000e-03 1.943920e-01
143 7.956880e-01 8.560000e-03 1.957520e-01
144 7.942000e-01 8.604000e-03 1.971960e-01
145 7.928320e-01 8.444000e-03 1.987240e-01
146 7.914280e-01 8.348000e-03 2.002240e-01
147 7.900520e-01 8.256000e-03 2.016920e-01
148 7.886320e-01 8.212000e-03 2.031560e-01
149 7.872120e-01 8.096000e-03 2.046920e-01
150 7.859120e-01 7.980000e-03 2.061080e-01
151 7.845040e-01 7.868000e-03 2.076280e-01
152 7.830720e-01 7.876000e-03 2.090520e-01
153 7.816640e-01 7.904000e-03 2.104320e-01
154 7.803760e-01 7.832000e-03 2.117920e-01
155 7.790680e-01 7.744000e-03 2.131880e-01
156 7.776600e-01 7.720000e-03 2.146200e-01
157 7.761640e-01 7.780000e-03 2.160560e-01
158 7.746640e-01 7.936000e-03 2.174000e-01
159 7.731760e-01 8.012000e-03 2.188120e-01
160 7.717880e-01 8.080000e-03 2.201320e-01
161 7.702680e-01 8.224000e-03 2.215080e-01
162 7.688360e-01 8.204000e-03 2.229600e-01
163 7.672880e-01 8.324000e-03 2.243880e-01
164 7.658280e-01 8.328000e-03 2.258440e-01
165 7.644520e-01 8.324000e-03 2.272240e-01
166 7.629400e-01 8.472000e-03 2.285880e-01
167 7.614320e-01 8.564000e-03 2.300040e-01
168 7.600200e-01 8.520000e-03 2.314600e-01
169 7.586880e-01 8.344000e-03 2.329680e-01
170 7.574120e-01 8.276000e-03 2.343120e-01
171 7.562400e-01 7.980000e-03 2.357800e-01
172 7.550600e-01 7.780000e-03 2.371600e-01
173 7.538640e-01 7.564000e-03 2.385720e-01
174 7.527240e-01 7.364000e-03 2.399120e-01
175 7.514960e-01 7.348000e-03 2.411560e-01
176 7.501640e-01 7.496000e-03 2.423400e-01
177 7.489320e-01 7.516000e-03 2.435520e-01
178 7.475760e-01 7.532000e-03 2.448920e-01
179 7.462000e-01 7.584000e-03 2.462160e-01
180 7.449120e-01 7.596000e-03 2.474920e-01
181 7.435360e-01 7.576000e-03 2.488880e-01
182 7.422000e-01 7.532000e-03 2.502680e-01
183 7.407920e-01 7.612000e-03 2.515960e-01
184 7.393920e-01 7.700000e-03 2.529080e-01
185 7.379960e-01 7.784000e-03 2.542200e-01
186 7.367160e-01 7.724000e-03 2.555600e-01
187 7.352960e-01 7.804000e-03 2.569000e-01
188 7.340360e-01 7.540000e-03 2.584240e-01
189 7.327440e-01 7.520000e-03 2.597360e-01
190 7.313720e-01 7.596000e-03 2.610320e-01
191 7.301800e-01 7.488000e-03 2.623320e-01
192 7.289680e-01 7.312000e-03 2.637200e-01
193 7.278040e-01 7.240000e-03 2.649560e-01
194 7.264680e-01 7.348000e-03 2.661840e-01
195 7.251640e-01 7.468000e-03 2.673680e-01
196 7.238600e-01 7.484000e-03 2.686560e-01
197 7.226240e-01 7.376000e-03 2.700000e-01
198 7.214080e-01 7.248000e-03 2.713440e-01
199 7.201280e-01 7.304000e-03 2.725680e-01
200 7.189160e-01 7.260000e-03 2.738240e-01
201 7.176920e-01 7.296000e-03 2.750120e-01
202 7.164800e-01 7.276000e-03 2.762440e-01
203 7.152080e-01 7.328000e-03 2.774640e-01
204 7.140400e-01 7.184000e-03 2.787760e-01
205 7.126680e-01 7.288000e-03 2.800440e-01
206 7.112560e-01 7.468000e-03 2.812760e-01
207 7.097760e-01 7.636000e-03 2.825880e-01
208 7.085120e-01 7.564000e-03 2.839240e-01
209 7.071240e-01 7.628000e-03 2.852480e-01
210 7.056440e-01 7.656000e-03 2.867000e-01
211 7.043400e-01 7.632000e-03 2.880280e-01
212 7.030880e-01 7.596000e-03 2.893160e-01
213 7.019960e-01 7.464000e-03 2.905400e-01
214 7.007520e-01 7.348000e-03 2.919000e-01
215 6.996360e-01 7.164000e-03 2.932000e-01
216 6.986040e-01 6.956000e-03 2.944400e-01
217 6.974400e-01 6.884000e-03 2.956760e-01
218 6.963240e-01 6.808000e-03 2.968680e-01
219 6.953280e-01 6.692000e-03 2.979800e-01
220 6.941480e-01 6.652000e-03 2.992000e-01
221 6.930520e-01 6.704000e-03 3.002440e-01
222 6.919440e-01 6.712000e-03 3.013440e-01
223 6.908000e-01 6.616000e-03 3.025840e-01
224 6.896880e-01 6.600000e-03 3.037120e-01
225 6.886480e-01 6.552000e-03 3.048000e-01
226 6.876960e-01 6.396000e-03 3.059080e-01
227 6.866360e-01 6.272000e-03 3.070920e-01
228 6.855640e-01 6.252000e-03 3.081840e-01
229 6.845280e-01 6.252000e-03 3.092200e-01
230 6.834920e-01 6.204000e-03 3.103040e-01
231 6.825800e-01 5.920000e-03 3.115000e-01
232 6.816240e-01 5.928000e-03 3.124480e-01
233 6.807600e-01 5.760000e-03 3.134800e-01
234 6.798000e-01 5.820000e-03 3.143800e-01
235 6.788520e-01 5.768000e-03 3.153800e-01
236 6.780120e-01 5.648000e-03 3.163400e-01
237 6.770120e-01 5.624000e-03 3.173640e-01
238 6.762040e-01 5.464000e-03 3.183320e-01
239 6.753360e-01 5.344000e-03 3.193200e-01
240 6.744480e-01 5.348000e-03 3.202040e-01
241 6.735880e-01 5.212000e-03 3.212000e-01
242 6.727240e-01 5.164000e-03 3.221120e-01
243 6.718640e-01 5.152000e-03 3.229840e-01
244 6.709760e-01 5.156000e-03 3.238680e-01
245 6.701360e-01 5.132000e-03 3.247320e-01
246 6.692280e-01 5.272000e-03 3.255000e-01
247 6.682800e-01 5.268000e-03 3.264520e-01
248 6.674040e-01 5.184000e-03 3.274120e-01
249 6.665440e-01 5.120000e-03 3.283360e-01
250 6.656560e-01 4.992000e-03 3.293520e-01
251 6.648400e-01 4.872000e-03 3.302880e-01
252 6.639960e-01 4.812000e-03 3.311920e-01
253 6.631160e-01 4.796000e-03 3.320880e-01
254 6.621840e-01 4.936000e-03 3.328800e-01
255 6.612600e-01 5.048000e-03 3.336920e-01
256 6.603760e-01 5.052000e-03 3.345720e-01
257 6.594560e-01 5.148000e-03 3.353960e-01
258 6.585440e-01 5.112000e-03 3.363440e-01
259 6.576840e-01 5.088000e-03 3.372280e-01
260 6.568320e-01 5.108000e-03 3.380600e-01
261 6.559720e-01 5.028000e-03 3.390000e-01
262 6.549480e-01 5.236000e-03 3.398160e-01
263 6.539880e-01 5.152000e-03 3.408600e-01
264 6.530640e-01 5.320000e-03 3.416160e-01
265 6.522240e-01 5.228000e-03 3.425480e-01
266 6.513080e-01 5.324000e-03 3.433680e-01
267 6.502720e-01 5.416000e-03 3.443120e-01
268 6.493120e-01 5.508000e-03 3.451800e-01
269 6.484480e-01 5.280000e-03 3.462720e-01
270 6.475080e-01 5.160000e-03 3.473320e-01
271 6.465600e-01 5.232000e-03 3.482080e-01
272 6.456240e-01 5.312000e-03 3.490640e-01
273 6.448000e-01 5.172000e-03 3.500280e-01
274 6.439480e-01 5.188000e-03 3.508640e-01
275 6.430720e-01 5.116000e-03 3.518120e-01
276 6.422400e-01 5.100000e-03 3.526600e-01
277 6.414320e-01 5.100000e-03 3.534680e-01
278 6.405280e-01 5.208000e-03 3.542640e-01
279 6.395800e-01 5.240000e-03 3.551800e-01
280 6.387120e-01 5.164000e-03 3.561240e-01
281 6.378080e-01 5.140000e-03 3.570520e-01
282 6.369600e-01 5.156000e-03 3.578840e-01
283 6.361720e-01 5.040000e-03 3.587880e-01
284 6.353640e-01 5.028000e-03 3.596080e-01
285 6.345840e-01 4.956000e-03 3.604600e-01
286 6.336920e-01 5.004000e-03 3.613040e-01
287 6.328560e-01 4.984000e-03 3.621600e-01
288 6.320560e-01 4.844000e-03 3.631000e-01
289 6.313840e-01 4.720000e-03 3.638960e-01
290 6.307640e-01 4.452000e-03 3.647840e-01
291 6.300000e-01 4.392000e-03 3.656080e-01
292 6.293560e-01 4.216000e-03 3.664280e-01
293 6.287160e-01 4.044000e-03 3.672400e-01
294 6.281080e-01 3.936000e-03 3.679560e-01
295 6.274320e-01 3.956000e-03 3.686120e-01
296 6.267800e-01 3.924000e-03 3.692960e-01
297 6.260000e-01 3.980000e-03 3.700200e-01
298 6.253160e-01 3.948000e-03 3.707360e-01
299 6.246880e-01 3.940000e-03 3.713720e-01
300 6.240080e-01 4.012000e-03 3.719800e-01
301 6.234200e-01 3.940000e-03 3.726400e-01
302 6.226880e-01 3.996000e-03 3.733160e-01
303 6.219880e-01 3.860000e-03 3.741520e-01
304 6.213560e-01 3.736000e-03 3.749080e-01
305 6.207640e-01 3.740000e-03 3.754960e-01
306 6.202440e-01 3.620000e-03 3.761360e-01
307 6.195560e-01 3.548000e-03 3.768960e-01
308 6.189520e-01 3.516000e-03 3.775320e-01
309 6.183480e-01 3.512000e-03 3.781400e-01
310 6.177040e-01 3.532000e-03 3.787640e-01
311 6.170680e-01 3.464000e-03 3.794680e-01
312 6.165080e-01 3.320000e-03 3.801720e-01
313 6.159560e-01 3.256000e-03 3.807880e-01
314 6.153400e-01 3.252000e-03 3.814080e-01
315 6.148120e-01 3.212000e-03 3.819760e-01
316 6.142960e-01 3.192000e-03 3.825120e-01
317 6.137440e-01 3.112000e-03 3.831440e-01
318 6.132400e-01 3.092000e-03 3.836680e-01
319 6.127720e-01 3.020000e-03 3.842080e-01
320 6.122680e-01 2.976000e-03 3.847560e-01
321 6.117200e-01 3.016000e-03 3.852640e-01
322 6.113240e-01 2.928000e-03 3.857480e-01
323 6.108720e-01 2.764000e-03 3.863640e-01
324 6.104320e-01 2.700000e-03 3.868680e-01
325 6.100480e-01 2.592000e-03 3.873600e-01
326 6.095800e-01 2.636000e-03 3.877840e-01
327 6.090560e-01 2.764000e-03 3.881800e-01
328 6.085600e-01 2.812000e-03 3.886280e-01
329 6.081040e-01 2.776000e-03 3.891200e-01
330 6.076400e-01 2.792000e-03 3.895680e-01
331 6.072080e-01 2.696000e-03 3.900960e-01
332 6.068200e-01 2.604000e-03 3.905760e-01
333 6.063400e-01 2.616000e-03 3.910440e-01
334 6.058080e-01 2.712000e-03 3.914800e-01
335 6.053560e-01 2.664000e-03 3.919800e-01
336 6.049040e-01 2.672000e-03 3.924240e-01
337 6.044520e-01 2.664000e-03 3.928840e-01
338 6.040440e-01 2.608000e-03 3.933480e-01
339 6.035960e-01 2.564000e-03 3.938400e-01
340 6.031000e-01 2.576000e-03 3.943240e-01
341 6.026000e-01 2.644000e-03 3.947560e-01
342 6.021360e-01 2.676000e-03 3.951880e-01
343 6.016680e-01 2.660000e-03 3.956720e-01
344 6.011720e-01 2.688000e-03 3.961400e-01
345 6.008080e-01 2.604000e-03 3.965880e-01
346 6.003920e-01 2.556000e-03 3.970520e-01
347 5.999520e-01 2.552000e-03 3.974960e-01
348 5.995280e-01 2.568000e-03 3.979040e-01
349 5.991360e-01 2.512000e-03 3.983520e-01
350 5.986400e-01 2.644000e-03 3.987160e-01
351 5.982680e-01 2.592000e-03 3.991400e-01
352 5.979040e-01 2.488000e-03 3.996080e-01
353 5.975000e-01 2.476000e-03 4.000240e-01
354 5.971520e-01 2.396000e-03 4.004520e-01
355 5.968520e-01 2.280000e-03 4.008680e-01
356 5.965600e-01 2.172000e-03 4.012680e-01
357 5.962880e-01 2.112000e-03 4.016000e-01
358 5.959240e-01 2.200000e-03 4.018760e-01
359 5.956240e-01 2.120000e-03 4.022560e-01
360 5.952600e-01 2.160000e-03 4.025800e-01
361 5.949720e-01 2.104000e-03 4.029240e-01
362 5.945600e-01 2.112000e-03 4.033280e-01
363 5.941440e-01 2.132000e-03 4.037240e-01
364 5.938040e-01 2.020000e-03 4.041760e-01
365 5.935280e-01 1.960000e-03 4.045120e-01
366 5.931880e-01 1.904000e-03 4.049080e-01
367 5.928560e-01 1.876000e-03 4.052680e-01
368 5.925160e-01 1.860000e-03 4.056240e-01
369 5.921840e-01 1.888000e-03 4.059280e-01
370 5.918560e-01 1.880000e-03 4.062640e-01
371 5.915400e-01 1.824000e-03 4.066360e-01
372 5.912120e-01 1.856000e-03 4.069320e-01
373 5.908560e-01 1.900000e-03 4.072440e-01
374 5.905360e-01 1.856000e-03 4.076080e-01
375 5.902200e-01 1.812000e-03 4.079680e-01
376 5.898920e-01 1.856000e-03 4.082520e-01
377 5.894800e-01 1.900000e-03 4.086200e-01
378 5.891400e-01 1.896000e-03 4.089640e-01
379 5.887880e-01 1.920000e-03 4.092920e-01
380 5.885120e-01 1.892000e-03 4.095960e-01
381 5.881880e-01 1.876000e-03 4.099360e-01
382 5.878920e-01 1.876000e-03 4.102320e-01
383 5.875000e-01 1.876000e-03 4.106240e-01
384 5.871720e-01 1.844000e-03 4.109840e-01
385 5.868520e-01 1.716000e-03 4.114320e-01
386 5.865680e-01 1.684000e-03 4.117480e-01
387 5.861720e-01 1.756000e-03 4.120720e-01
388 5.858040e-01 1.804000e-03 4.123920e-01
389 5.855360e-01 1.808000e-03 4.126560e-01
390 5.852520e-01 1.844000e-03 4.129040e-01
391 5.850160e-01 1.760000e-03 4.132240e-01
392 5.846640e-01 1.740000e-03 4.135960e-01
393 5.843840e-01 1.680000e-03 4.139360e-01
394 5.841040e-01 1.728000e-03 4.141680e-01
395 5.838280e-01 1.720000e-03 4.144520e-01
396 5.834320e-01 1.812000e-03 4.147560e-01
397 5.830520e-01 1.888000e-03 4.150600e-01
398 5.826960e-01 1.932000e-03 4.153720e-01
399 5.822800e-01 2.060000e-03 4.156600e-01
400 5.818120e-01 2.212000e-03 4.159760e-01
401 5.813440e-01 2.260000e-03 4.163960e-01
402 5.809440e-01 2.300000e-03 4.167560e-01
403 5.805720e-01 2.304000e-03 4.171240e-01
404 5.801800e-01 2.264000e-03 4.175560e-01
405 5.798880e-01 2.092000e-03 4.180200e-01
406 5.795760e-01 2.028000e-03 4.183960e-01
407 5.792880e-01 1.976000e-03 4.187360e-01
408 5.790320e-01 1.888000e-03 4.190800e-01
409 5.787480e-01 1.764000e-03 4.194880e-01
410 5.784480e-01 1.712000e-03 4.198400e-01
411 5.781240e-01 1.748000e-03 4.201280e-01
412 5.778440e-01 1.744000e-03 4.204120e-01
413 5.776040e-01 1.652000e-03 4.207440e-01
414 5.773040e-01 1.668000e-03 4.210280e-01
415 5.770280e-01 1.692000e-03 4.212800e-01
416 5.766960e-01 1.740000e-03 4.215640e-01
417 5.764560e-01 1.696000e-03 4.218480e-01
418 5.762000e-01 1.652000e-03 4.221480e-01
419 5.758880e-01 1.676000e-03 4.224360e-01
420 5.755440e-01 1.656000e-03 4.228000e-01
421 5.752320e-01 1.692000e-03 4.230760e-01
422 5.749080e-01 1.696000e-03 4.233960e-01
423 5.745920e-01 1.744000e-03 4.236640e-01
424 5.742520e-01 1.812000e-03 4.239360e-01
425 5.739400e-01 1.804000e-03 4.242560e-01
426 5.737520e-01 1.664000e-03 4.245840e-01
427 5.735320e-01 1.560000e-03 4.249080e-01
428 5.733000e-01 1.504000e-03 4.251960e-01
429 5.730240e-01 1.524000e-03 4.254520e-01
430 5.727680e-01 1.544000e-03 4.256880e-01
431 5.724240e-01 1.612000e-03 4.259640e-01
432 5.721880e-01 1.540000e-03 4.262720e-01
433 5.719160e-01 1.524000e-03 4.265600e-01
434 5.717080e-01 1.480000e-03 4.268120e-01
435 5.714040e-01 1.520000e-03 4.270760e-01
436 5.711160e-01 1.552000e-03 4.273320e-01
437 5.708080e-01 1.576000e-03 4.276160e-01
438 5.705760e-01 1.532000e-03 4.278920e-01
439 5.702880e-01 1.576000e-03 4.281360e-01
440 5.700000e-01 1.524000e-03 4.284760e-01
441 5.696800e-01 1.580000e-03 4.287400e-01
442 5.693680e-01 1.620000e-03 4.290120e-01
443 5.690440e-01 1.624000e-03 4.293320e-01
444 5.687120e-01 1.660000e-03 4.296280e-01
445 5.684880e-01 1.588000e-03 4.299240e-01
446 5.682000e-01 1.568000e-03 4.302320e-01
447 5.679200e-01 1.548000e-03 4.305320e-01
448 5.676800e-01 1.520000e-03 4.308000e-01
449 5.674000e-01 1.548000e-03 4.310520e-01
450 5.672200e-01 1.476000e-03 4.313040e-01
451 5.670280e-01 1.332000e-03 4.316400e-01
452 5.668000e-01 1.328000e-03 4.318720e-01
453 5.665640e-01 1.320000e-03 4.321160e-01
454 5.663520e-01 1.332000e-03 4.323160e-01
455 5.661040e-01 1.348000e-03 4.325480e-01
456 5.658200e-01 1.384000e-03 4.327960e-01
457 5.655320e-01 1.420000e-03 4.330480e-01
458 5.652400e-01 1.428000e-03 4.333320e-01
459 5.649560e-01 1.456000e-03 4.335880e-01
460 5.647120e-01 1.412000e-03 4.338760e-01
461 5.644400e-01 1.476000e-03 4.340840e-01
462 5.641720e-01 1.472000e-03 4.343560e-01
463 5.639000e-01 1.532000e-03 4.345680e-01
464 5.636160e-01 1.592000e-03 4.347920e-01
465 5.633520e-01 1.560000e-03 4.350880e-01
466 5.631040e-01 1.548000e-03 4.353480e-01
467 5.628080e-01 1.548000e-03 4.356440e-01
468 5.625760e-01 1.532000e-03 4.358920e-01
469 5.623080e-01 1.476000e-03 4.362160e-01
470 5.620800e-01 1.464000e-03 4.364560e-01
471 5.619000e-01 1.424000e-03 4.366760e-01
472 5.616840e-01 1.396000e-03 4.369200e-01
473 5.615320e-01 1.304000e-03 4.371640e-01
474 5.612880e-01 1.308000e-03 4.374040e-01
475 5.610280e-01 1.336000e-03 4.376360e-01
476 5.607600e-01 1.416000e-03 4.378240e-01
477 5.605120e-01 1.408000e-03 4.380800e-01
478 5.602680e-01 1.396000e-03 4.383360e-01
479 5.600680e-01 1.352000e-03 4.385800e-01
480 5.598960e-01 1.272000e-03 4.388320e-01
481 5.597000e-01 1.232000e-03 4.390680e-01
482 5.594920e-01 1.212000e-03 4.392960e-01
483 5.592600e-01 1.232000e-03 4.395080e-01
484 5.590960e-01 1.140000e-03 4.397640e-01
485 5.589280e-01 1.112000e-03 4.399600e-01
486 5.586760e-01 1.172000e-03 4.401520e-01
487 5.584520e-01 1.188000e-03 4.403600e-01
488 5.582680e-01 1.152000e-03 4.405800e-01
489 5.581320e-01 1.064000e-03 4.408040e-01
490 5.580280e-01 9.920000e-04 4.409800e-01
491 5.578680e-01 9.840000e-04 4.411480e-01
492 5.576880e-01 1.004000e-03 4.413080e-01
493 5.574720e-01 1.056000e-03 4.414720e-01
494 5.572880e-01 1.072000e-03 4.416400e-01
495 5.571360e-01 1.068000e-03 4.417960e-01
496 5.569880e-01 1.036000e-03 4.419760e-01
497 5.568040e-01 1.076000e-03 4.421200e-01
498 5.566000e-01 1.056000e-03 4.423440e-01
499 5.564680e-01 9.800000e-04 4.425520e-01
500 5.563360e-01 9.360000e-04 4.427280e-01
