1 9.991560e-01 7.480000e-04 9.600000e-05
2 9.984880e-01 1.288000e-03 2.240000e-04
3 9.977560e-01 1.776000e-03 4.680000e-04
4 9.970400e-01 2.200000e-03 7.600000e-04
5 9.962400e-01 2.624000e-03 1.136000e-03
6 9.953360e-01 3.012000e-03 1.652000e-03
7 9.944480e-01 3.412000e-03 2.140000e-03
8 9.934560e-01 3.788000e-03 2.756000e-03
9 9.925560e-01 4.044000e-03 3.400000e-03
10 9.916480e-01 4.272000e-03 4.080000e-03
11 9.904920e-01 4.704000e-03 4.804000e-03
12 9.892880e-01 5.028000e-03 5.684000e-03
13 9.882000e-01 5.200000e-03 6.600000e-03
14 9.870320e-01 5.412000e-03 7.556000e-03
15 9.858240e-01 5.752000e-03 8.424000e-03
16 9.847400e-01 5.728000e-03 9.532000e-03
17 9.833600e-01 6.044000e-03 1.059600e-02
18 9.819920e-01 6.216000e-03 1.179200e-02
19 9.805520e-01 6.528000e-03 1.292000e-02
20 9.792680e-01 6.604000e-03 1.412800e-02
21 9.780160e-01 6.680000e-03 1.530400e-02
22 9.767040e-01 6.752000e-03 1.654400e-02
23 9.753760e-01 6.844000e-03 1.778000e-02
24 9.743200e-01 6.724000e-03 1.895600e-02
25 9.730640e-01 6.828000e-03 2.010800e-02
26 9.718560e-01 6.820000e-03 2.132400e-02
27 9.707080e-01 6.736000e-03 2.255600e-02
28 9.695560e-01 6.728000e-03 2.371600e-02
29 9.683280e-01 6.804000e-03 2.486800e-02
30 9.671440e-01 6.732000e-03 2.612400e-02
31 9.658800e-01 6.844000e-03 2.727600e-02
32 9.646040e-01 6.920000e-03 2.847600e-02
33 9.633720e-01 6.976000e-03 2.965200e-02
34 9.620720e-01 7.080000e-03 3.084800e-02
35 9.608160e-01 7.164000e-03 3.202000e-02
36 9.595440e-01 7.124000e-03 3.333200e-02
37 9.582360e-01 7.152000e-03 3.461200e-02
38 9.569800e-01 7.292000e-03 3.572800e-02
39 9.558160e-01 7.272000e-03 3.691200e-02
40 9.546200e-01 7.240000e-03 3.814000e-02
41 9.532920e-01 7.308000e-03 3.940000e-02
42 9.519680e-01 7.340000e-03 4.069200e-02
43 9.506760e-01 7.372000e-03 4.195200e-02
44 9.493440e-01 7.392000e-03 4.326400e-02
45 9.478440e-01 7.672000e-03 4.448400e-02
46 9.464480e-01 7.736000e-03 4.581600e-02
47 9.449160e-01 7.816000e-03 4.726800e-02
48 9.435720e-01 7.660000e-03 4.876800e-02
49 9.421520e-01 7.756000e-03 5.009200e-02
50 9.408080e-01 7.736000e-03 5.145600e-02
51 9.393880e-01 7.856000e-03 5.275600e-02
52 9.380120e-01 7.820000e-03 5.416800e-02
53 9.365880e-01 7.844000e-03 5.556800e-02
54 9.351880e-01 7.904000e-03 5.690800e-02
55 9.337640e-01 7.956000e-03 5.828000e-02
56 9.322960e-01 7.944000e-03 5.976000e-02
57 9.308080e-01 8.044000e-03 6.114800e-02
58 9.293920e-01 8.056000e-03 6.255200e-02
59 9.280200e-01 7.980000e-03 6.400000e-02
60 9.267160e-01 7.964000e-03 6.532000e-02
61 9.253240e-01 7.932000e-03 6.674400e-02
62 9.239280e-01 8.008000e-03 6.806400e-02
63 9.224520e-01 7.976000e-03 6.957200e-02
64 9.210000e-01 7.976000e-03 7.102400e-02
65 9.194760e-01 8.160000e-03 7.236400e-02
66 9.181040e-01 8.096000e-03 7.380000e-02
67 9.165880e-01 8.232000e-03 7.518000e-02
68 9.152240e-01 8.008000e-03 7.676800e-02
69 9.137840e-01 7.880000e-03 7.833600e-02
70 9.124880e-01 7.832000e-03 7.968000e-02
71 9.109880e-01 8.020000e-03 8.099200e-02
72 9.097360e-01 7.836000e-03 8.242800e-02
73 9.084760e-01 7.732000e-03 8.379200e-02
74 9.072120e-01 7.640000e-03 8.514800e-02
75 9.059000e-01 7.580000e-03 8.652000e-02
76 9.044840e-01 7.572000e-03 8.794400e-02
77 9.030520e-01 7.792000e-03 8.915600e-02
78 9.015720e-01 7.876000e-03 9.055200e-02
79 9.000360e-01 8.064000e-03 9.190000e-02
80 8.985360e-01 8.192000e-03 9.327200e-02
81 8.971520e-01 8.032000e-03 9.481600e-02
82 8.957280e-01 8.160000e-03 9.611200e-02
83 8.943400e-01 8.112000e-03 9.754800e-02
84 8.929560e-01 8.116000e-03 9.892800e-02
85 8.914680e-01 8.152000e-03 1.003800e-01
86 8.901600e-01 8.048000e-03 1.017920e-01
87 8.887720e-01 8.100000e-03 1.031280e-01
88 8.873760e-01 8.128000e-03 1.044960e-01
89 8.857880e-01 8.268000e-03 1.059440e-01
90 8.842360e-01 8.296000e-03 1.074680e-01
91 8.828160e-01 8.248000e-03 1.089360e-01
92 8.812280e-01 8.292000e-03 1.104800e-01
93 8.797920e-01 8.300000e-03 1.119080e-01
94 8.783320e-01 8.372000e-03 1.132960e-01
95 8.767240e-01 8.384000e-03 1.148920e-01
96 8.752040e-01 8.344000e-03 1.164520e-01
97 8.736480e-01 8.408000e-03 1.179440e-01
98 8.720840e-01 8.556000e-03 1.193600e-01
99 8.706600e-01 8.520000e-03 1.208200e-01
100 8.691280e-01 8.548000e-03 1.223240e-01
101 8.676360e-01 8.528000e-03 1.238360e-01
102 8.661760e-01 8.400000e-03 1.254240e-01
103 8.645200e-01 8.564000e-03 1.269160e-01
104 8.627920e-01 8.748000e-03 1.284600e-01
105 8.609720e-01 9.124000e-03 1.299040e-01
106 8.593480e-01 9.196000e-03 1.314560e-01
107 8.577120e-01 9.124000e-03 1.331640e-01
108 8.560320e-01 9.192000e-03 1.347760e-01
109 8.544160e-01 9.128000e-03 1.364560e-01
110 8.528480e-01 9.092000e-03 1.380600e-01
111 8.511720e-01 9.252000e-03 1.395760e-01
112 8.497160e-01 9.100000e-03 1.411840e-01
113 8.482040e-01 8.924000e-03 1.428720e-01
114 8.467520e-01 8.932000e-03 1.443160e-01
115 8.452360e-01 8.868000e-03 1.458960e-01
116 8.435720e-01 8.988000e-03 1.474400e-01
117 8.420360e-01 9.008000e-03 1.489560e-01
118 8.405080e-01 8.892000e-03 1.506000e-01
119 8.390040e-01 8.772000e-03 1.522240e-01
120 8.375320e-01 8.748000e-03 1.537200e-01
121 8.361080e-01 8.632000e-03 1.552600e-01
122 8.345840e-01 8.608000e-03 1.568080e-01
123 8.331760e-01 8.612000e-03 1.582120e-01
124 8.316440e-01 8.572000e-03 1.597840e-01
125 8.301840e-01 8.640000e-03 1.611760e-01
126 8.288040e-01 8.548000e-03 1.626480e-01
127 8.274240e-01 8.428000e-03 1.641480e-01
128 8.260720e-01 8.368000e-03 1.655600e-01
129 8.245880e-01 8.364000e-03 1.670480e-01
130 8.232160e-01 8.312000e-03 1.684720e-01
131 8.219040e-01 8.180000e-03 1.699160e-01
132 8.206400e-01 8.040000e-03 1.713200e-01
133 8.194280e-01 7.952000e-03 1.726200e-01
134 8.181720e-01 7.992000e-03 1.738360e-01
135 8.166920e-01 8.000000e-03 1.753080e-01
136 8.153080e-01 7.984000e-03 1.767080e-01
137 8.140240e-01 7.740000e-03 1.782360e-01
138 8.126880e-01 7.756000e-03 1.795560e-01
139 8.113520e-01 7.648000e-03 1.810000e-01
140 8.100920e-01 7.496000e-03 1.824120e-01
141 8.086720e-01 7.612000e-03 1.837160e-01
142 8.072320e-01 7.796000e-03 1.849720e-01
143 8.057600e-01 7.924000e-03 1.863160e-01
144 8.041760e-01 8.168000e-03 1.876560e-01
145 8.027120e-01 8.164000e-03 1.891240e-01
146 8.013160e-01 8.140000e-03 1.905440e-01
147 8.000080e-01 8.068000e-03 1.919240e-01
148 7.986200e-01 8.068000e-03 1.933120e-01
149 7.972640e-01 7.996000e-03 1.947400e-01
150 7.959080e-01 7.912000e-03 1.961800e-01
151 7.946680e-01 7.744000e-03 1.975880e-01
152 7.934200e-01 7.492000e-03 1.990880e-01
153 7.922560e-01 7.380000e-03 2.003640e-01
154 7.910800e-01 7.208000e-03 2.017120e-01
155 7.897920e-01 7.212000e-03 2.029960e-01
156 7.885080e-01 7.188000e-03 2.043040e-01
157 7.873080e-01 7.068000e-03 2.056240e-01
158 7.860600e-01 7.060000e-03 2.068800e-01
159 7.848400e-01 7.108000e-03 2.080520e-01
160 7.835320e-01 7.164000e-03 2.093040e-01
161 7.824160e-01 7.044000e-03 2.105400e-01
162 7.812280e-01 6.948000e-03 2.118240e-01
163 7.799480e-01 7.048000e-03 2.130040e-01
164 7.787480e-01 7.000000e-03 2.142520e-01
165 7.775800e-01 6.952000e-03 2.154680e-01
166 7.764080e-01 6.912000e-03 2.166800e-01
167 7.751600e-01 7.032000e-03 2.178080e-01
168 7.738520e-01 7.056000e-03 2.190920e-01
169 7.727080e-01 7.096000e-03 2.201960e-01
170 7.714840e-01 7.044000e-03 2.214720e-01
171 7.701840e-01 7.224000e-03 2.225920e-01
172 7.689000e-01 7.316000e-03 2.237840e-01
173 7.677440e-01 7.176000e-03 2.250800e-01
174 7.665400e-01 7.112000e-03 2.263480e-01
175 7.651720e-01 7.292000e-03 2.275360e-01
176 7.639360e-01 7.280000e-03 2.287840e-01
177 7.628000e-01 7.152000e-03 2.300480e-01
178 7.615280e-01 7.176000e-03 2.312960e-01
179 7.602080e-01 7.276000e-03 2.325160e-01
180 7.589920e-01 7.228000e-03 2.337800e-01
181 7.578360e-01 7.092000e-03 2.350720e-01
182 7.566160e-01 7.104000e-03 2.362800e-01
183 7.555240e-01 6.980000e-03 2.374960e-01
184 7.543840e-01 6.980000e-03 2.386360e-01
185 7.534000e-01 6.748000e-03 2.398520e-01
186 7.523000e-01 6.668000e-03 2.410320e-01
187 7.512000e-01 6.604000e-03 2.421960e-01
188 7.499440e-01 6.796000e-03 2.432600e-01
189 7.488040e-01 6.784000e-03 2.444120e-01
190 7.478520e-01 6.524000e-03 2.456240e-01
191 7.468840e-01 6.416000e-03 2.467000e-01
192 7.459120e-01 6.196000e-03 2.478920e-01
193 7.449400e-01 6.104000e-03 2.489560e-01
194 7.437880e-01 6.136000e-03 2.500760e-01
195 7.426040e-01 6.308000e-03 2.510880e-01
196 7.415120e-01 6.248000e-03 2.522400e-01
197 7.406040e-01 6.084000e-03 2.533120e-01
198 7.396160e-01 6.064000e-03 2.543200e-01
199 7.385480e-01 6.104000e-03 2.553480e-01
200 7.375840e-01 5.976000e-03 2.564400e-01
201 7.366040e-01 5.812000e-03 2.575840e-01
202 7.355480e-01 5.800000e-03 2.586520e-01
203 7.344680e-01 5.952000e-03 2.595800e-01
204 7.331840e-01 6.316000e-03 2.605000e-01
205 7.321760e-01 6.252000e-03 2.615720e-01
206 7.310720e-01 6.176000e-03 2.627520e-01
207 7.300120e-01 6.120000e-03 2.638680e-01
208 7.289080e-01 6.132000e-03 2.649600e-01
209 7.279360e-01 6.160000e-03 2.659040e-01
210 7.268320e-01 6.152000e-03 2.670160e-01
211 7.257160e-01 6.096000e-03 2.681880e-01
212 7.248160e-01 5.868000e-03 2.693160e-01
213 7.237560e-01 5.908000e-03 2.703360e-01
214 7.227920e-01 5.896000e-03 2.713120e-01
215 7.218280e-01 5.748000e-03 2.724240e-01
216 7.207800e-01 5.836000e-03 2.733840e-01
217 7.198000e-01 5.728000e-03 2.744720e-01
218 7.188400e-01 5.744000e-03 2.754160e-01
219 7.177320e-01 5.868000e-03 2.764000e-01
220 7.166640e-01 5.920000e-03 2.774160e-01
221 7.156280e-01 5.920000e-03 2.784520e-01
222 7.146400e-01 5.860000e-03 2.795000e-01
223 7.136640e-01 5.792000e-03 2.805440e-01
224 7.126080e-01 5.856000e-03 2.815360e-01
225 7.115760e-01 5.824000e-03 2.826000e-01
226 7.105720e-01 5.820000e-03 2.836080e-01
227 7.094920e-01 5.900000e-03 2.846080e-01
228 7.083320e-01 6.060000e-03 2.856080e-01
229 7.073440e-01 5.988000e-03 2.866680e-01
230 7.063600e-01 6.004000e-03 2.876360e-01
231 7.053560e-01 5.880000e-03 2.887640e-01
232 7.043440e-01 5.948000e-03 2.897080e-01
233 7.034600e-01 5.816000e-03 2.907240e-01
234 7.024760e-01 5.772000e-03 2.917520e-01
235 7.014440e-01 5.748000e-03 2.928080e-01
236 7.005400e-01 5.668000e-03 2.937920e-01
237 6.994400e-01 5.796000e-03 2.947640e-01
238 6.985000e-01 5.772000e-03 2.957280e-01
239 6.975880e-01 5.708000e-03 2.967040e-01
240 6.966040e-01 5.652000e-03 2.977440e-01
241 6.956080e-01 5.720000e-03 2.986720e-01
242 6.947400e-01 5.524000e-03 2.997360e-01
243 6.938400e-01 5.408000e-03 3.007520e-01
244 6.931160e-01 5.240000e-03 3.016440e-01
245 6.921160e-01 5.324000e-03 3.025600e-01
246 6.913360e-01 5.204000e-03 3.034600e-01
247 6.904640e-01 5.128000e-03 3.044080e-01
248 6.896440e-01 5.104000e-03 3.052520e-01
249 6.888400e-01 4.956000e-03 3.062040e-01
250 6.880040e-01 4.948000e-03 3.070480e-01
251 6.872240e-01 4.884000e-03 3.078920e-01
252 6.864280e-01 4.864000e-03 3.087080e-01
253 6.856200e-01 4.844000e-03 3.095360e-01
254 6.848080e-01 4.864000e-03 3.103280e-01
255 6.838760e-01 4.972000e-03 3.111520e-01
256 6.830240e-01 4.984000e-03 3.119920e-01
257 6.821000e-01 5.048000e-03 3.128520e-01
258 6.812560e-01 5.044000e-03 3.137000e-01
259 6.803320e-01 4.988000e-03 3.146800e-01
260 6.794720e-01 4.972000e-03 3.155560e-01
261 6.787280e-01 4.912000e-03 3.163600e-01
262 6.780080e-01 4.804000e-03 3.171880e-01
263 6.772800e-01 4.616000e-03 3.181040e-01
264 6.765160e-01 4.568000e-03 3.189160e-01
265 6.758200e-01 4.404000e-03 3.197760e-01
266 6.751360e-01 4.284000e-03 3.205800e-01
267 6.744560e-01 4.264000e-03 3.212800e-01
268 6.736960e-01 4.340000e-03 3.219640e-01
269 6.730000e-01 4.260000e-03 3.227400e-01
270 6.723320e-01 4.124000e-03 3.235440e-01
271 6.716800e-01 4.068000e-03 3.242520e-01
272 6.710120e-01 3.988000e-03 3.250000e-01
273 6.703040e-01 4.068000e-03 3.256280e-01
274 6.696920e-01 3.956000e-03 3.263520e-01
275 6.691440e-01 3.816000e-03 3.270400e-01
276 6.685720e-01 3.764000e-03 3.276640e-01
277 6.679720e-01 3.632000e-03 3.283960e-01
278 6.674360e-01 3.576000e-03 3.289880e-01
279 6.667560e-01 3.656000e-03 3.295880e-01
280 6.662080e-01 3.572000e-03 3.302200e-01
281 6.656280e-01 3.500000e-03 3.308720e-01
282 6.651120e-01 3.436000e-03 3.314520e-01
283 6.644920e-01 3.444000e-03 3.320640e-01
284 6.637760e-01 3.576000e-03 3.326480e-01
285 6.630840e-01 3.620000e-03 3.332960e-01
286 6.624520e-01 3.672000e-03 3.338760e-01
287 6.617920e-01 3.648000e-03 3.345600e-01
288 6.612040e-01 3.632000e-03 3.351640e-01
289 6.606520e-01 3.556000e-03 3.357920e-01
290 6.601280e-01 3.548000e-03 3.363240e-01
291 6.595280e-01 3.584000e-03 3.368880e-01
292 6.589080e-01 3.520000e-03 3.375720e-01
293 6.582800e-01 3.508000e-03 3.382120e-01
294 6.576960e-01 3.504000e-03 3.388000e-01
295 6.571360e-01 3.448000e-03 3.394160e-01
296 6.565040e-01 3.520000e-03 3.399760e-01
297 6.559000e-01 3.536000e-03 3.405640e-01
298 6.552240e-01 3.624000e-03 3.411520e-01
299 6.546680e-01 3.600000e-03 3.417320e-01
300 6.540120e-01 3.592000e-03 3.423960e-01
301 6.533120e-01 3.656000e-03 3.430320e-01
302 6.527160e-01 3.620000e-03 3.436640e-01
303 6.522360e-01 3.452000e-03 3.443120e-01
304 6.517360e-01 3.364000e-03 3.449000e-01
305 6.512720e-01 3.260000e-03 3.454680e-01
306 6.508440e-01 3.060000e-03 3.460960e-01
307 6.503240e-01 3.080000e-03 3.465960e-01
308 6.499200e-01 2.988000e-03 3.470920e-01
309 6.495120e-01 2.856000e-03 3.476320e-01
310 6.490960e-01 2.704000e-03 3.482000e-01
311 6.487080e-01 2.612000e-03 3.486800e-01
312 6.483120e-01 2.512000e-03 3.491760e-01
313 6.479560e-01 2.448000e-03 3.495960e-01
314 6.475720e-01 2.452000e-03 3.499760e-01
315 6.471080e-01 2.468000e-03 3.504240e-01
316 6.467120e-01 2.428000e-03 3.508600e-01
317 6.463480e-01 2.392000e-03 3.512600e-01
318 6.459720e-01 2.336000e-03 3.516920e-01
319 6.455880e-01 2.284000e-03 3.521280e-01
320 6.452520e-01 2.204000e-03 3.525440e-01
321 6.449280e-01 2.140000e-03 3.529320e-01
322 6.445680e-01 2.140000e-03 3.532920e-01
323 6.441720e-01 2.236000e-03 3.535920e-01
324 6.438320e-01 2.220000e-03 3.539480e-01
325 6.434720e-01 2.300000e-03 3.542280e-01
326 6.431320e-01 2.268000e-03 3.546000e-01
327 6.427280e-01 2.256000e-03 3.550160e-01
328 6.422920e-01 2.296000e-03 3.554120e-01
329 6.419280e-01 2.268000e-03 3.558040e-01
330 6.415480e-01 2.332000e-03 3.561200e-01
331 6.412360e-01 2.168000e-03 3.565960e-01
332 6.408440e-01 2.212000e-03 3.569440e-01
333 6.405360e-01 2.148000e-03 3.573160e-01
334 6.402640e-01 2.008000e-03 3.577280e-01
335 6.399280e-01 2.048000e-03 3.580240e-01
336 6.395960e-01 2.080000e-03 3.583240e-01
337 6.392440e-01 2.116000e-03 3.586400e-01
338 6.389160e-01 2.068000e-03 3.590160e-01
339 6.385640e-01 2.080000e-03 3.593560e-01
340 6.382440e-01 2.016000e-03 3.597400e-01
341 6.379080e-01 2.004000e-03 3.600880e-01
342 6.375920e-01 1.956000e-03 3.604520e-01
343 6.372600e-01 1.944000e-03 3.607960e-01
344 6.368800e-01 2.012000e-03 3.611080e-01
345 6.365440e-01 1.980000e-03 3.614760e-01
346 6.362360e-01 1.952000e-03 3.618120e-01
347 6.360000e-01 1.800000e-03 3.622000e-01
348 6.357840e-01 1.748000e-03 3.624680e-01
349 6.355360e-01 1.720000e-03 3.627440e-01
350 6.352360e-01 1.740000e-03 3.630240e-01
351 6.349040e-01 1.748000e-03 3.633480e-01
352 6.345440e-01 1.832000e-03 3.636240e-01
353 6.341080e-01 2.004000e-03 3.638880e-01
354 6.337360e-01 2.072000e-03 3.641920e-01
355 6.333120e-01 2.176000e-03 3.645120e-01
356 6.329200e-01 2.156000e-03 3.649240e-01
357 6.325040e-01 2.144000e-03 3.653520e-01
358 6.320280e-01 2.204000e-03 3.657680e-01
359 6.315520e-01 2.292000e-03 3.661560e-01
360 6.311040e-01 2.320000e-03 3.665760e-01
361 6.306640e-01 2.332000e-03 3.670040e-01
362 6.301880e-01 2.380000e-03 3.674320e-01
363 6.297400e-01 2.384000e-03 3.678760e-01
364 6.294040e-01 2.252000e-03 3.683440e-01
365 6.290360e-01 2.248000e-03 3.687160e-01
366 6.287440e-01 2.212000e-03 3.690440e-01
367 6.283320e-01 2.232000e-03 3.694360e-01
368 6.280400e-01 2.168000e-03 3.697920e-01
369 6.277400e-01 2.076000e-03 3.701840e-01
370 6.274600e-01 2.032000e-03 3.705080e-01
371 6.271440e-01 1.976000e-03 3.708800e-01
372 6.268520e-01 1.908000e-03 3.712400e-01
373 6.265520e-01 1.908000e-03 3.715400e-01
374 6.263080e-01 1.832000e-03 3.718600e-01
375 6.259800e-01 1.800000e-03 3.722200e-01
376 6.257160e-01 1.752000e-03 3.725320e-01
377 6.254360e-01 1.720000e-03 3.728440e-01
378 6.252280e-01 1.672000e-03 3.731000e-01
379 6.250200e-01 1.592000e-03 3.733880e-01
380 6.247200e-01 1.620000e-03 3.736600e-01
381 6.244440e-01 1.604000e-03 3.739520e-01
382 6.242080e-01 1.492000e-03 3.743000e-01
383 6.239200e-01 1.476000e-03 3.746040e-01
384 6.237240e-01 1.412000e-03 3.748640e-01
385 6.235400e-01 1.380000e-03 3.750800e-01
386 6.233280e-01 1.364000e-03 3.753080e-01
387 6.231320e-01 1.296000e-03 3.755720e-01
388 6.229400e-01 1.280000e-03 3.757800e-01
389 6.226800e-01 1.332000e-03 3.759880e-01
390 6.224520e-01 1.368000e-03 3.761800e-01
391 6.222200e-01 1.336000e-03 3.764440e-01
392 6.220440e-01 1.280000e-03 3.766760e-01
393 6.218360e-01 1.292000e-03 3.768720e-01
394 6.216120e-01 1.260000e-03 3.771280e-01
395 6.214520e-01 1.196000e-03 3.773520e-01
396 6.212760e-01 1.156000e-03 3.775680e-01
397 6.210680e-01 1.160000e-03 3.777720e-01
398 6.208600e-01 1.160000e-03 3.779800e-01
399 6.206000e-01 1.200000e-03 3.782000e-01
400 6.203600e-01 1.232000e-03 3.784080e-01
401 6.201560e-01 1.176000e-03 3.786680e-01
402 6.198960e-01 1.256000e-03 3.788480e-01
403 6.196960e-01 1.236000e-03 3.790680e-01
404 6.195200e-01 1.200000e-03 3.792800e-01
405 6.192520e-01 1.256000e-03 3.794920e-01
406 6.190600e-01 1.252000e-03 3.796880e-01
407 6.187920e-01 1.316000e-03 3.798920e-01
408 6.186000e-01 1.300000e-03 3.801000e-01
409 6.183480e-01 1.292000e-03 3.803600e-01
410 6.181080e-01 1.304000e-03 3.805880e-01
411 6.179360e-01 1.260000e-03 3.808040e-01
412 6.177040e-01 1.276000e-03 3.810200e-01
413 6.175120e-01 1.184000e-03 3.813040e-01
414 6.173200e-01 1.156000e-03 3.815240e-01
415 6.171360e-01 1.172000e-03 3.816920e-01
416 6.170000e-01 1.096000e-03 3.819040e-01
417 6.168280e-01 1.096000e-03 3.820760e-01
418 6.166440e-01 1.128000e-03 3.822280e-01
419 6.164400e-01 1.148000e-03 3.824120e-01
420 6.162800e-01 1.116000e-03 3.826040e-01
421 6.160960e-01 1.100000e-03 3.828040e-01
422 6.159320e-01 1.076000e-03 3.829920e-01
423 6.157760e-01 1.076000e-03 3.831480e-01
424 6.156160e-01 1.048000e-03 3.833360e-01
425 6.154600e-01 9.800000e-04 3.835600e-01
426 6.153160e-01 9.600000e-04 3.837240e-01
427 6.151600e-01 9.720000e-04 3.838680e-01
428 6.149880e-01 9.480000e-04 3.840640e-01
429 6.148520e-01 9.000000e-04 3.842480e-01
430 6.147680e-01 8.160000e-04 3.844160e-01
431 6.146440e-01 8.000000e-04 3.845560e-01
432 6.145360e-01 7.680000e-04 3.846960e-01
433 6.144200e-01 8.040000e-04 3.847760e-01
434 6.142800e-01 7.960000e-04 3.849240e-01
435 6.141320e-01 7.680000e-04 3.851000e-01
436 6.140000e-01 7.600000e-04 3.852400e-01
437 6.138520e-01 7.640000e-04 3.853840e-01
438 6.137160e-01 7.760000e-04 3.855080e-01
439 6.135520e-01 8.040000e-04 3.856440e-01
440 6.133600e-01 8.160000e-04 3.858240e-01
441 6.131960e-01 8.160000e-04 3.859880e-01
442 6.129840e-01 8.920000e-04 3.861240e-01
443 6.128680e-01 8.680000e-04 3.862640e-01
444 6.126680e-01 9.120000e-04 3.864200e-01
445 6.125080e-01 8.960000e-04 3.865960e-01
446 6.123240e-01 9.520000e-04 3.867240e-01
447 6.121520e-01 1.004000e-03 3.868440e-01
448 6.119760e-01 9.720000e-04 3.870520e-01
449 6.118440e-01 9.400000e-04 3.872160e-01
450 6.116600e-01 9.760000e-04 3.873640e-01
451 6.114720e-01 1.008000e-03 3.875200e-01
452 6.112360e-01 1.044000e-03 3.877200e-01
453 6.109960e-01 1.076000e-03 3.879280e-01
454 6.107680e-01 1.156000e-03 3.880760e-01
455 6.105280e-01 1.168000e-03 3.883040e-01
456 6.103080e-01 1.168000e-03 3.885240e-01
457 6.101240e-01 1.116000e-03 3.887600e-01
458 6.099320e-01 1.104000e-03 3.889640e-01
459 6.097280e-01 1.100000e-03 3.891720e-01
460 6.095320e-01 1.108000e-03 3.893600e-01
461 6.093320e-01 1.112000e-03 3.895560e-01
462 6.091720e-01 1.056000e-03 3.897720e-01
463 6.089960e-01 1.084000e-03 3.899200e-01
464 6.088320e-01 1.076000e-03 3.900920e-01
465 6.086960e-01 1.032000e-03 3.902720e-01
466 6.085200e-01 1.040000e-03 3.904400e-01
467 6.083080e-01 1.072000e-03 3.906200e-01
468 6.080840e-01 1.076000e-03 3.908400e-01
469 6.078880e-01 1.108000e-03 3.910040e-01
470 6.077080e-01 1.084000e-03 3.912080e-01
471 6.075160e-01 1.080000e-03 3.914040e-01
472 6.073760e-01 1.048000e-03 3.915760e-01
473 6.072280e-01 1.012000e-03 3.917600e-01
474 6.070280e-01 1.044000e-03 3.919280e-01
475 6.068360e-01 1.032000e-03 3.921320e-01
476 6.066480e-01 1.064000e-03 3.922880e-01
477 6.064600e-01 1.104000e-03 3.924360e-01
478 6.063080e-01 1.076000e-03 3.926160e-01
479 6.061720e-01 9.760000e-04 3.928520e-01
480 6.060160e-01 9.520000e-04 3.930320e-01
481 6.058680e-01 9.400000e-04 3.931920e-01
482 6.057320e-01 9.360000e-04 3.933320e-01
483 6.055240e-01 9.720000e-04 3.935040e-01
484 6.053720e-01 9.680000e-04 3.936600e-01
485 6.052000e-01 9.720000e-04 3.938280e-01
486 6.049760e-01 9.800000e-04 3.940440e-01
487 6.047920e-01 1.000000e-03 3.942080e-01
488 6.046400e-01 9.880000e-04 3.943720e-01
489 6.044880e-01 9.600000e-04 3.945520e-01
490 6.043480e-01 9.400000e-04 3.947120e-01
491 6.041760e-01 9.480000e-04 3.948760e-01
492 6.040000e-01 9.720000e-04 3.950280e-01
493 6.038320e-01 9.640000e-04 3.952040e-01
494 6.037240e-01 9.120000e-04 3.953640e-01
495 6.036200e-01 8.520000e-04 3.955280e-01
496 6.034600e-01 8.720000e-04 3.956680e-01
497 6.033600e-01 8.040000e-04 3.958360e-01
498 6.031920e-01 8.160000e-04 3.959920e-01
499 6.030440e-01 8.520000e-04 3.961040e-01
500 6.029280e-01 7.880000e-04 3.962840e-01
