1 9.992240e-01 6.920000e-04 8.400000e-05
2 9.986080e-01 1.140000e-03 2.520000e-04
3 9.980200e-01 1.472000e-03 5.080000e-04
4 9.974400e-01 1.752000e-03 8.080000e-04
5 9.966640e-01 2.208000e-03 1.128000e-03
6 9.958000e-01 2.668000e-03 1.532000e-03
7 9.949800e-01 3.004000e-03 2.016000e-03
8 9.941320e-01 3.316000e-03 2.552000e-03
9 9.932240e-01 3.660000e-03 3.116000e-03
10 9.922520e-01 4.000000e-03 3.748000e-03
11 9.911680e-01 4.288000e-03 4.544000e-03
12 9.901040e-01 4.592000e-03 5.304000e-03
13 9.890640e-01 4.820000e-03 6.116000e-03
14 9.878920e-01 5.128000e-03 6.980000e-03
15 9.867880e-01 5.284000e-03 7.928000e-03
16 9.855920e-01 5.448000e-03 8.960000e-03
17 9.843600e-01 5.788000e-03 9.852000e-03
18 9.831120e-01 5.964000e-03 1.092400e-02
19 9.819280e-01 6.112000e-03 1.196000e-02
20 9.807440e-01 6.224000e-03 1.303200e-02
21 9.796160e-01 6.240000e-03 1.414400e-02
22 9.784120e-01 6.336000e-03 1.525200e-02
23 9.771680e-01 6.404000e-03 1.642800e-02
24 9.759440e-01 6.512000e-03 1.754400e-02
25 9.746040e-01 6.684000e-03 1.871200e-02
26 9.734080e-01 6.780000e-03 1.981200e-02
27 9.723280e-01 6.692000e-03 2.098000e-02
28 9.710160e-01 6.808000e-03 2.217600e-02
29 9.696880e-01 6.996000e-03 2.331600e-02
30 9.682480e-01 7.240000e-03 2.451200e-02
31 9.669160e-01 7.256000e-03 2.582800e-02
32 9.656800e-01 7.188000e-03 2.713200e-02
33 9.643360e-01 7.396000e-03 2.826800e-02
34 9.628280e-01 7.608000e-03 2.956400e-02
35 9.614080e-01 7.792000e-03 3.080000e-02
36 9.601120e-01 7.696000e-03 3.219200e-02
37 9.586520e-01 7.828000e-03 3.352000e-02
38 9.571840e-01 7.820000e-03 3.499600e-02
39 9.558320e-01 7.844000e-03 3.632400e-02
40 9.543720e-01 7.948000e-03 3.768000e-02
41 9.529080e-01 8.028000e-03 3.906400e-02
42 9.513120e-01 8.256000e-03 4.043200e-02
43 9.499000e-01 8.136000e-03 4.196400e-02
44 9.484000e-01 8.240000e-03 4.336000e-02
45 9.468560e-01 8.304000e-03 4.484000e-02
46 9.455000e-01 8.180000e-03 4.632000e-02
47 9.440400e-01 8.208000e-03 4.775200e-02
48 9.425680e-01 8.276000e-03 4.915600e-02
49 9.410680e-01 8.296000e-03 5.063600e-02
50 9.396920e-01 8.208000e-03 5.210000e-02
51 9.382440e-01 8.260000e-03 5.349600e-02
52 9.368280e-01 8.416000e-03 5.475600e-02
53 9.354080e-01 8.400000e-03 5.619200e-02
54 9.339560e-01 8.336000e-03 5.770800e-02
55 9.325640e-01 8.220000e-03 5.921600e-02
56 9.309760e-01 8.428000e-03 6.059600e-02
57 9.296040e-01 8.344000e-03 6.205200e-02
58 9.280040e-01 8.412000e-03 6.358400e-02
59 9.264080e-01 8.692000e-03 6.490000e-02
60 9.249560e-01 8.732000e-03 6.631200e-02
61 9.234600e-01 8.704000e-03 6.783600e-02
62 9.219920e-01 8.604000e-03 6.940400e-02
63 9.205480e-01 8.440000e-03 7.101200e-02
64 9.192080e-01 8.304000e-03 7.248800e-02
65 9.177760e-01 8.188000e-03 7.403600e-02
66 9.164120e-01 8.172000e-03 7.541600e-02
67 9.149680e-01 8.220000e-03 7.681200e-02
68 9.134760e-01 8.400000e-03 7.812400e-02
69 9.118800e-01 8.492000e-03 7.962800e-02
70 9.104240e-01 8.416000e-03 8.116000e-02
71 9.089920e-01 8.456000e-03 8.255200e-02
72 9.074800e-01 8.612000e-03 8.390800e-02
73 9.060920e-01 8.588000e-03 8.532000e-02
74 9.046960e-01 8.448000e-03 8.685600e-02
75 9.033720e-01 8.380000e-03 8.824800e-02
76 9.018960e-01 8.416000e-03 8.968800e-02
77 9.004680e-01 8.368000e-03 9.116400e-02
78 8.988920e-01 8.480000e-03 9.262800e-02
79 8.974440e-01 8.304000e-03 9.425200e-02
80 8.958440e-01 8.472000e-03 9.568400e-02
81 8.943480e-01 8.548000e-03 9.710400e-02
82 8.929640e-01 8.520000e-03 9.851600e-02
83 8.912560e-01 8.780000e-03 9.996400e-02
84 8.896760e-01 8.684000e-03 1.016400e-01
85 8.881280e-01 8.608000e-03 1.032640e-01
86 8.865120e-01 8.656000e-03 1.048320e-01
87 8.848880e-01 8.672000e-03 1.064400e-01
88 8.833040e-01 8.812000e-03 1.078840e-01
89 8.815640e-01 8.940000e-03 1.094960e-01
90 8.801360e-01 8.780000e-03 1.110840e-01
91 8.787600e-01 8.636000e-03 1.126040e-01
92 8.772400e-01 8.660000e-03 1.141000e-01
93 8.756720e-01 8.624000e-03 1.157040e-01
94 8.741600e-01 8.608000e-03 1.172320e-01
95 8.727040e-01 8.476000e-03 1.188200e-01
96 8.713080e-01 8.356000e-03 1.203360e-01
97 8.700680e-01 8.132000e-03 1.218000e-01
98 8.685400e-01 8.196000e-03 1.232640e-01
99 8.672000e-01 8.080000e-03 1.247200e-01
100 8.658160e-01 8.132000e-03 1.260520e-01
101 8.643920e-01 8.264000e-03 1.273440e-01
102 8.630320e-01 8.324000e-03 1.286440e-01
103 8.616320e-01 8.208000e-03 1.301600e-01
104 8.602840e-01 8.096000e-03 1.316200e-01
105 8.588840e-01 8.104000e-03 1.330120e-01
106 8.574480e-01 8.080000e-03 1.344720e-01
107 8.561640e-01 7.964000e-03 1.358720e-01
108 8.547320e-01 7.916000e-03 1.373520e-01
109 8.533560e-01 7.868000e-03 1.387760e-01
110 8.519760e-01 7.756000e-03 1.402680e-01
111 8.505600e-01 7.780000e-03 1.416600e-01
112 8.492440e-01 7.708000e-03 1.430480e-01
113 8.479880e-01 7.704000e-03 1.443080e-01
114 8.467240e-01 7.604000e-03 1.456720e-01
115 8.454800e-01 7.408000e-03 1.471120e-01
116 8.442640e-01 7.404000e-03 1.483320e-01
117 8.428080e-01 7.584000e-03 1.496080e-01
118 8.413960e-01 7.676000e-03 1.509280e-01
119 8.399520e-01 7.824000e-03 1.522240e-01
120 8.385000e-01 7.968000e-03 1.535320e-01
121 8.372080e-01 7.744000e-03 1.550480e-01
122 8.359560e-01 7.708000e-03 1.563360e-01
123 8.347000e-01 7.716000e-03 1.575840e-01
124 8.333240e-01 7.704000e-03 1.589720e-01
125 8.319960e-01 7.720000e-03 1.602840e-01
126 8.306440e-01 7.636000e-03 1.617200e-01
127 8.293080e-01 7.576000e-03 1.631160e-01
128 8.280320e-01 7.604000e-03 1.643640e-01
129 8.267040e-01 7.636000e-03 1.656600e-01
130 8.255480e-01 7.368000e-03 1.670840e-01
131 8.243320e-01 7.256000e-03 1.684120e-01
132 8.231760e-01 7.268000e-03 1.695560e-01
133 8.218080e-01 7.372000e-03 1.708200e-01
134 8.205440e-01 7.424000e-03 1.720320e-01
135 8.191880e-01 7.444000e-03 1.733680e-01
136 8.178200e-01 7.656000e-03 1.745240e-01
137 8.165160e-01 7.644000e-03 1.758400e-01
138 8.152160e-01 7.588000e-03 1.771960e-01
139 8.139080e-01 7.744000e-03 1.783480e-01
140 8.126400e-01 7.668000e-03 1.796920e-01
141 8.112560e-01 7.736000e-03 1.810080e-01
142 8.098400e-01 7.848000e-03 1.823120e-01
143 8.084240e-01 7.876000e-03 1.837000e-01
144 8.071280e-01 7.792000e-03 1.850800e-01
145 8.058920e-01 7.616000e-03 1.864920e-01
146 8.046760e-01 7.544000e-03 1.877800e-01
147 8.035000e-01 7.308000e-03 1.891920e-01
148 8.022680e-01 7.268000e-03 1.904640e-01
149 8.010360e-01 7.280000e-03 1.916840e-01
150 7.998600e-01 7.204000e-03 1.929360e-01
151 7.985520e-01 7.216000e-03 1.942320e-01
152 7.973400e-01 7.212000e-03 1.954480e-01
153 7.961280e-01 7.296000e-03 1.965760e-01
154 7.948080e-01 7.352000e-03 1.978400e-01
155 7.936400e-01 7.248000e-03 1.991120e-01
156 7.925600e-01 7.060000e-03 2.003800e-01
157 7.914240e-01 6.928000e-03 2.016480e-01
158 7.903240e-01 6.852000e-03 2.028240e-01
159 7.891600e-01 6.808000e-03 2.040320e-01
160 7.878760e-01 6.912000e-03 2.052120e-01
161 7.867080e-01 6.832000e-03 2.064600e-01
162 7.856280e-01 6.832000e-03 2.075400e-01
163 7.844840e-01 6.724000e-03 2.087920e-01
164 7.833000e-01 6.748000e-03 2.099520e-01
165 7.821720e-01 6.580000e-03 2.112480e-01
166 7.811440e-01 6.424000e-03 2.124320e-01
167 7.800040e-01 6.476000e-03 2.135200e-01
168 7.788480e-01 6.492000e-03 2.146600e-01
169 7.777800e-01 6.428000e-03 2.157920e-01
170 7.767720e-01 6.352000e-03 2.168760e-01
171 7.756960e-01 6.332000e-03 2.179720e-01
172 7.746640e-01 6.204000e-03 2.191320e-01
173 7.734400e-01 6.244000e-03 2.203160e-01
174 7.723040e-01 6.240000e-03 2.214560e-01
175 7.713240e-01 6.148000e-03 2.225280e-01
176 7.701440e-01 6.348000e-03 2.235080e-01
177 7.689920e-01 6.472000e-03 2.245360e-01
178 7.676760e-01 6.804000e-03 2.255200e-01
179 7.664600e-01 6.800000e-03 2.267400e-01
180 7.650040e-01 6.992000e-03 2.280040e-01
181 7.638120e-01 6.864000e-03 2.293240e-01
182 7.627280e-01 6.692000e-03 2.305800e-01
183 7.615840e-01 6.716000e-03 2.317000e-01
184 7.604400e-01 6.724000e-03 2.328360e-01
185 7.592960e-01 6.716000e-03 2.339880e-01
186 7.582960e-01 6.556000e-03 2.351480e-01
187 7.572400e-01 6.488000e-03 2.362720e-01
188 7.561560e-01 6.504000e-03 2.373400e-01
189 7.548880e-01 6.652000e-03 2.384600e-01
190 7.537680e-01 6.608000e-03 2.396240e-01
191 7.527080e-01 6.612000e-03 2.406800e-01
192 7.515400e-01 6.632000e-03 2.418280e-01
193 7.503440e-01 6.692000e-03 2.429640e-01
194 7.491760e-01 6.648000e-03 2.441760e-01
195 7.478880e-01 6.568000e-03 2.455440e-01
196 7.466840e-01 6.624000e-03 2.466920e-01
197 7.455200e-01 6.636000e-03 2.478440e-01
198 7.442440e-01 6.712000e-03 2.490440e-01
199 7.430240e-01 6.836000e-03 2.501400e-01
200 7.418880e-01 6.828000e-03 2.512840e-01
201 7.408360e-01 6.564000e-03 2.526000e-01
202 7.398640e-01 6.428000e-03 2.537080e-01
203 7.387400e-01 6.488000e-03 2.547720e-01
204 7.375880e-01 6.444000e-03 2.559680e-01
205 7.365320e-01 6.492000e-03 2.569760e-01
206 7.354680e-01 6.344000e-03 2.581880e-01
207 7.344800e-01 6.220000e-03 2.593000e-01
208 7.333760e-01 6.152000e-03 2.604720e-01
209 7.322600e-01 6.172000e-03 2.615680e-01
210 7.311760e-01 6.144000e-03 2.626800e-01
211 7.299680e-01 6.324000e-03 2.637080e-01
212 7.289080e-01 6.340000e-03 2.647520e-01
213 7.278360e-01 6.276000e-03 2.658880e-01
214 7.268600e-01 6.152000e-03 2.669880e-01
215 7.258120e-01 6.128000e-03 2.680600e-01
216 7.248000e-01 6.080000e-03 2.691200e-01
217 7.236840e-01 6.112000e-03 2.702040e-01
218 7.227120e-01 6.052000e-03 2.712360e-01
219 7.218000e-01 5.944000e-03 2.722560e-01
220 7.207600e-01 5.916000e-03 2.733240e-01
221 7.196560e-01 5.976000e-03 2.743680e-01
222 7.186800e-01 6.016000e-03 2.753040e-01
223 7.177240e-01 6.020000e-03 2.762560e-01
224 7.166960e-01 5.984000e-03 2.773200e-01
225 7.156120e-01 6.124000e-03 2.782640e-01
226 7.145440e-01 6.068000e-03 2.793880e-01
227 7.135000e-01 6.084000e-03 2.804160e-01
228 7.125520e-01 5.892000e-03 2.815560e-01
229 7.115480e-01 5.912000e-03 2.825400e-01
230 7.104920e-01 5.984000e-03 2.835240e-01
231 7.095520e-01 5.828000e-03 2.846200e-01
232 7.084680e-01 5.840000e-03 2.856920e-01
233 7.074680e-01 5.864000e-03 2.866680e-01
234 7.064160e-01 6.016000e-03 2.875680e-01
235 7.052800e-01 6.164000e-03 2.885560e-01
236 7.043200e-01 6.160000e-03 2.895200e-01
237 7.032400e-01 6.164000e-03 2.905960e-01
238 7.022240e-01 6.080000e-03 2.916960e-01
239 7.012040e-01 6.032000e-03 2.927640e-01
240 7.001520e-01 6.020000e-03 2.938280e-01
241 6.991160e-01 6.040000e-03 2.948440e-01
242 6.981400e-01 5.928000e-03 2.959320e-01
243 6.972280e-01 5.680000e-03 2.970920e-01
244 6.962760e-01 5.636000e-03 2.980880e-01
245 6.952240e-01 5.732000e-03 2.990440e-01
246 6.942760e-01 5.768000e-03 2.999560e-01
247 6.933960e-01 5.640000e-03 3.009640e-01
248 6.925440e-01 5.580000e-03 3.018760e-01
249 6.916320e-01 5.516000e-03 3.028520e-01
250 6.908200e-01 5.420000e-03 3.037600e-01
251 6.899360e-01 5.368000e-03 3.046960e-01
252 6.890280e-01 5.360000e-03 3.056120e-01
253 6.882600e-01 5.216000e-03 3.065240e-01
254 6.875000e-01 5.032000e-03 3.074680e-01
255 6.867760e-01 4.948000e-03 3.082760e-01
256 6.860800e-01 4.812000e-03 3.091080e-01
257 6.853400e-01 4.720000e-03 3.099400e-01
258 6.845000e-01 4.760000e-03 3.107400e-01
259 6.838120e-01 4.712000e-03 3.114760e-01
260 6.831280e-01 4.520000e-03 3.123520e-01
261 6.824640e-01 4.472000e-03 3.130640e-01
262 6.818680e-01 4.280000e-03 3.138520e-01
263 6.812160e-01 4.268000e-03 3.145160e-01
264 6.805800e-01 4.152000e-03 3.152680e-01
265 6.801000e-01 3.860000e-03 3.160400e-01
266 6.794480e-01 3.832000e-03 3.167200e-01
267 6.788560e-01 3.736000e-03 3.174080e-01
268 6.782440e-01 3.688000e-03 3.180680e-01
269 6.777400e-01 3.524000e-03 3.187360e-01
270 6.771480e-01 3.496000e-03 3.193560e-01
271 6.765160e-01 3.524000e-03 3.199600e-01
272 6.759040e-01 3.528000e-03 3.205680e-01
273 6.753160e-01 3.544000e-03 3.211400e-01
274 6.746920e-01 3.544000e-03 3.217640e-01
275 6.741480e-01 3.484000e-03 3.223680e-01
276 6.735920e-01 3.428000e-03 3.229800e-01
277 6.730880e-01 3.308000e-03 3.236040e-01
278 6.725280e-01 3.344000e-03 3.241280e-01
279 6.720840e-01 3.212000e-03 3.247040e-01
280 6.716000e-01 3.164000e-03 3.252360e-01
281 6.711600e-01 3.076000e-03 3.257640e-01
282 6.707160e-01 2.920000e-03 3.263640e-01
283 6.700960e-01 3.116000e-03 3.267880e-01
284 6.695720e-01 3.148000e-03 3.272800e-01
285 6.690280e-01 3.060000e-03 3.279120e-01
286 6.685800e-01 3.048000e-03 3.283720e-01
287 6.681280e-01 2.988000e-03 3.288840e-01
288 6.676560e-01 2.972000e-03 3.293720e-01
289 6.671040e-01 2.964000e-03 3.299320e-01
290 6.666720e-01 2.868000e-03 3.304600e-01
291 6.661680e-01 2.832000e-03 3.310000e-01
292 6.657120e-01 2.792000e-03 3.314960e-01
293 6.652360e-01 2.828000e-03 3.319360e-01
294 6.648560e-01 2.740000e-03 3.324040e-01
295 6.643200e-01 2.796000e-03 3.328840e-01
296 6.638280e-01 2.800000e-03 3.333720e-01
297 6.633520e-01 2.852000e-03 3.337960e-01
298 6.628960e-01 2.808000e-03 3.342960e-01
299 6.624560e-01 2.728000e-03 3.348160e-01
300 6.620560e-01 2.720000e-03 3.352240e-01
301 6.615480e-01 2.696000e-03 3.357560e-01
302 6.610680e-01 2.752000e-03 3.361800e-01
303 6.606000e-01 2.836000e-03 3.365640e-01
304 6.600960e-01 2.812000e-03 3.370920e-01
305 6.596560e-01 2.720000e-03 3.376240e-01
306 6.593000e-01 2.580000e-03 3.381200e-01
307 6.589280e-01 2.476000e-03 3.385960e-01
308 6.584520e-01 2.608000e-03 3.389400e-01
309 6.580320e-01 2.496000e-03 3.394720e-01
310 6.576600e-01 2.428000e-03 3.399120e-01
311 6.573320e-01 2.328000e-03 3.403400e-01
312 6.570240e-01 2.220000e-03 3.407560e-01
313 6.566800e-01 2.144000e-03 3.411760e-01
314 6.563120e-01 2.124000e-03 3.415640e-01
315 6.559520e-01 2.148000e-03 3.419000e-01
316 6.556160e-01 2.064000e-03 3.423200e-01
317 6.552120e-01 2.164000e-03 3.426240e-01
318 6.548840e-01 2.088000e-03 3.430280e-01
319 6.545520e-01 2.068000e-03 3.433800e-01
320 6.541720e-01 2.048000e-03 3.437800e-01
321 6.537640e-01 2.040000e-03 3.441960e-01
322 6.533920e-01 2.052000e-03 3.445560e-01
323 6.530840e-01 2.084000e-03 3.448320e-01
324 6.527320e-01 2.108000e-03 3.451600e-01
325 6.524200e-01 2.048000e-03 3.455320e-01
326 6.521680e-01 1.964000e-03 3.458680e-01
327 6.519280e-01 1.888000e-03 3.461840e-01
328 6.516560e-01 1.820000e-03 3.465240e-01
329 6.513240e-01 1.812000e-03 3.468640e-01
330 6.510000e-01 1.792000e-03 3.472080e-01
331 6.506600e-01 1.840000e-03 3.475000e-01
332 6.503640e-01 1.820000e-03 3.478160e-01
333 6.500680e-01 1.808000e-03 3.481240e-01
334 6.497480e-01 1.836000e-03 3.484160e-01
335 6.494960e-01 1.736000e-03 3.487680e-01
336 6.492080e-01 1.712000e-03 3.490800e-01
337 6.489680e-01 1.608000e-03 3.494240e-01
338 6.486840e-01 1.712000e-03 3.496040e-01
339 6.484320e-01 1.708000e-03 3.498600e-01
340 6.481160e-01 1.716000e-03 3.501680e-01
341 6.478000e-01 1.712000e-03 3.504880e-01
342 6.475240e-01 1.712000e-03 3.507640e-01
343 6.472560e-01 1.708000e-03 3.510360e-01
344 6.469800e-01 1.644000e-03 3.513760e-01
345 6.466680e-01 1.728000e-03 3.516040e-01
346 6.463280e-01 1.724000e-03 3.519480e-01
347 6.460400e-01 1.792000e-03 3.521680e-01
348 6.456320e-01 1.892000e-03 3.524760e-01
349 6.452760e-01 1.920000e-03 3.528040e-01
350 6.449440e-01 1.936000e-03 3.531200e-01
351 6.446440e-01 1.904000e-03 3.534520e-01
352 6.443480e-01 1.824000e-03 3.538280e-01
353 6.440360e-01 1.852000e-03 3.541120e-01
354 6.437640e-01 1.744000e-03 3.544920e-01
355 6.434680e-01 1.760000e-03 3.547720e-01
356 6.431080e-01 1.844000e-03 3.550480e-01
357 6.427120e-01 1.880000e-03 3.554080e-01
358 6.423760e-01 1.876000e-03 3.557480e-01
359 6.419840e-01 1.936000e-03 3.560800e-01
360 6.415920e-01 1.996000e-03 3.564120e-01
361 6.412880e-01 1.980000e-03 3.567320e-01
362 6.409080e-01 2.072000e-03 3.570200e-01
363 6.405600e-01 2.036000e-03 3.574040e-01
364 6.402560e-01 1.964000e-03 3.577800e-01
365 6.399720e-01 1.856000e-03 3.581720e-01
366 6.397440e-01 1.728000e-03 3.585280e-01
367 6.394440e-01 1.740000e-03 3.588160e-01
368 6.391560e-01 1.740000e-03 3.591040e-01
369 6.388360e-01 1.796000e-03 3.593680e-01
370 6.384400e-01 1.920000e-03 3.596400e-01
371 6.381080e-01 1.928000e-03 3.599640e-01
372 6.377720e-01 1.856000e-03 3.603720e-01
373 6.375280e-01 1.832000e-03 3.606400e-01
374 6.371800e-01 1.852000e-03 3.609680e-01
375 6.368120e-01 1.880000e-03 3.613080e-01
376 6.364520e-01 1.920000e-03 3.616280e-01
377 6.361000e-01 1.956000e-03 3.619440e-01
378 6.357400e-01 1.968000e-03 3.622920e-01
379 6.353960e-01 1.928000e-03 3.626760e-01
380 6.350800e-01 1.936000e-03 3.629840e-01
381 6.347760e-01 1.912000e-03 3.633120e-01
382 6.345400e-01 1.864000e-03 3.635960e-01
383 6.342800e-01 1.804000e-03 3.639160e-01
384 6.340080e-01 1.740000e-03 3.642520e-01
385 6.337280e-01 1.672000e-03 3.646000e-01
386 6.335000e-01 1.612000e-03 3.648880e-01
387 6.332880e-01 1.548000e-03 3.651640e-01
388 6.330560e-01 1.492000e-03 3.654520e-01
389 6.328320e-01 1.456000e-03 3.657120e-01
390 6.325440e-01 1.468000e-03 3.659880e-01
391 6.323080e-01 1.436000e-03 3.662560e-01
392 6.320680e-01 1.408000e-03 3.665240e-01
393 6.318440e-01 1.368000e-03 3.667880e-01
394 6.316240e-01 1.320000e-03 3.670560e-01
395 6.314040e-01 1.276000e-03 3.673200e-01
396 6.311200e-01 1.296000e-03 3.675840e-01
397 6.308320e-01 1.348000e-03 3.678200e-01
398 6.306160e-01 1.356000e-03 3.680280e-01
399 6.303280e-01 1.400000e-03 3.682720e-01
400 6.300720e-01 1.384000e-03 3.685440e-01
401 6.297960e-01 1.384000e-03 3.688200e-01
402 6.295360e-01 1.396000e-03 3.690680e-01
403 6.292360e-01 1.412000e-03 3.693520e-01
404 6.289840e-01 1.412000e-03 3.696040e-01
405 6.287120e-01 1.452000e-03 3.698360e-01
406 6.284920e-01 1.388000e-03 3.701200e-01
407 6.282960e-01 1.360000e-03 3.703440e-01
408 6.280560e-01 1.388000e-03 3.705560e-01
409 6.278240e-01 1.392000e-03 3.707840e-01
410 6.276520e-01 1.340000e-03 3.710080e-01
411 6.274560e-01 1.284000e-03 3.712600e-01
412 6.272160e-01 1.304000e-03 3.714800e-01
413 6.270160e-01 1.276000e-03 3.717080e-01
414 6.268960e-01 1.156000e-03 3.719480e-01
415 6.267120e-01 1.124000e-03 3.721640e-01
416 6.265920e-01 1.044000e-03 3.723640e-01
417 6.263840e-01 1.104000e-03 3.725120e-01
418 6.261400e-01 1.160000e-03 3.727000e-01
419 6.259800e-01 1.132000e-03 3.728880e-01
420 6.258160e-01 1.088000e-03 3.730960e-01
421 6.256000e-01 1.104000e-03 3.732960e-01
422 6.254160e-01 1.072000e-03 3.735120e-01
423 6.252080e-01 1.108000e-03 3.736840e-01
424 6.249680e-01 1.124000e-03 3.739080e-01
425 6.247520e-01 1.144000e-03 3.741040e-01
426 6.245520e-01 1.144000e-03 3.743040e-01
427 6.243240e-01 1.168000e-03 3.745080e-01
428 6.240480e-01 1.232000e-03 3.747200e-01
429 6.238680e-01 1.160000e-03 3.749720e-01
430 6.236520e-01 1.184000e-03 3.751640e-01
431 6.234360e-01 1.200000e-03 3.753640e-01
432 6.232480e-01 1.156000e-03 3.755960e-01
433 6.230680e-01 1.140000e-03 3.757920e-01
434 6.228960e-01 1.120000e-03 3.759840e-01
435 6.226760e-01 1.136000e-03 3.761880e-01
436 6.224560e-01 1.176000e-03 3.763680e-01
437 6.221880e-01 1.228000e-03 3.765840e-01
438 6.220080e-01 1.180000e-03 3.768120e-01
439 6.217840e-01 1.208000e-03 3.770080e-01
440 6.216120e-01 1.160000e-03 3.772280e-01
441 6.214560e-01 1.128000e-03 3.774160e-01
442 6.212760e-01 1.152000e-03 3.775720e-01
443 6.211280e-01 1.100000e-03 3.777720e-01
444 6.209000e-01 1.096000e-03 3.780040e-01
445 6.207640e-01 1.040000e-03 3.781960e-01
446 6.205920e-01 1.060000e-03 3.783480e-01
447 6.204840e-01 9.200000e-04 3.785960e-01
448 6.202920e-01 9.640000e-04 3.787440e-01
449 6.200840e-01 1.028000e-03 3.788880e-01
450 6.198800e-01 1.032000e-03 3.790880e-01
451 6.196680e-01 1.060000e-03 3.792720e-01
452 6.194760e-01 1.064000e-03 3.794600e-01
453 6.193280e-01 1.064000e-03 3.796080e-01
454 6.191600e-01 1.028000e-03 3.798120e-01
455 6.189640e-01 1.028000e-03 3.800080e-01
456 6.188080e-01 9.960000e-04 3.801960e-01
457 6.186360e-01 1.024000e-03 3.803400e-01
458 6.184120e-01 1.060000e-03 3.805280e-01
459 6.182120e-01 1.060000e-03 3.807280e-01
460 6.180320e-01 1.060000e-03 3.809080e-01
461 6.178600e-01 1.048000e-03 3.810920e-01
462 6.176280e-01 1.052000e-03 3.813200e-01
463 6.173920e-01 1.100000e-03 3.815080e-01
464 6.171560e-01 1.132000e-03 3.817120e-01
465 6.169160e-01 1.184000e-03 3.819000e-01
466 6.167480e-01 1.128000e-03 3.821240e-01
467 6.165480e-01 1.108000e-03 3.823440e-01
468 6.163200e-01 1.164000e-03 3.825160e-01
469 6.160760e-01 1.176000e-03 3.827480e-01
470 6.158520e-01 1.188000e-03 3.829600e-01
471 6.156040e-01 1.240000e-03 3.831560e-01
472 6.153880e-01 1.240000e-03 3.833720e-01
473 6.151200e-01 1.308000e-03 3.835720e-01
474 6.148680e-01 1.316000e-03 3.838160e-01
475 6.145760e-01 1.400000e-03 3.840240e-01
476 6.143040e-01 1.412000e-03 3.842840e-01
477 6.140360e-01 1.468000e-03 3.844960e-01
478 6.138400e-01 1.396000e-03 3.847640e-01
479 6.136480e-01 1.312000e-03 3.850400e-01
480 6.134720e-01 1.312000e-03 3.852160e-01
481 6.132800e-01 1.256000e-03 3.854640e-01
482 6.131040e-01 1.200000e-03 3.856960e-01
483 6.129160e-01 1.164000e-03 3.859200e-01
484 6.127640e-01 1.120000e-03 3.861160e-01
485 6.125960e-01 1.128000e-03 3.862760e-01
486 6.124240e-01 1.064000e-03 3.865120e-01
487 6.122160e-01 1.084000e-03 3.867000e-01
488 6.120080e-01 1.076000e-03 3.869160e-01
489 6.118360e-01 1.084000e-03 3.870800e-01
490 6.116160e-01 1.108000e-03 3.872760e-01
491 6.114360e-01 1.160000e-03 3.874040e-01
492 6.112680e-01 1.152000e-03 3.875800e-01
493 6.110440e-01 1.248000e-03 3.877080e-01
494 6.108280e-01 1.296000e-03 3.878760e-01
495 6.105920e-01 1.312000e-03 3.880960e-01
496 6.103280e-01 1.332000e-03 3.883400e-01
497 6.101880e-01 1.200000e-03 3.886120e-01
498 6.099680e-01 1.244000e-03 3.887880e-01
499 6.097600e-01 1.272000e-03 3.889680e-01
500 6.095680e-01 1.224000e-03 3.892080e-01
