1 9.992800e-01 6.560000e-04 6.400000e-05
2 9.988320e-01 9.400000e-04 2.280000e-04
3 9.982800e-01 1.292000e-03 4.280000e-04
4 9.975520e-01 1.740000e-03 7.080000e-04
5 9.968560e-01 2.048000e-03 1.096000e-03
6 9.960720e-01 2.452000e-03 1.476000e-03
7 9.953720e-01 2.772000e-03 1.856000e-03
8 9.946320e-01 3.040000e-03 2.328000e-03
9 9.937920e-01 3.316000e-03 2.892000e-03
10 9.929320e-01 3.476000e-03 3.592000e-03
11 9.921280e-01 3.608000e-03 4.264000e-03
12 9.911600e-01 3.840000e-03 5.000000e-03
13 9.903320e-01 3.932000e-03 5.736000e-03
14 9.894000e-01 4.148000e-03 6.452000e-03
15 9.884560e-01 4.316000e-03 7.228000e-03
16 9.873680e-01 4.692000e-03 7.940000e-03
17 9.863880e-01 4.812000e-03 8.800000e-03
18 9.852600e-01 5.036000e-03 9.704000e-03
19 9.840120e-01 5.444000e-03 1.054400e-02
20 9.828360e-01 5.664000e-03 1.150000e-02
21 9.815040e-01 6.020000e-03 1.247600e-02
22 9.803080e-01 6.044000e-03 1.364800e-02
23 9.789240e-01 6.328000e-03 1.474800e-02
24 9.777120e-01 6.488000e-03 1.580000e-02
25 9.764520e-01 6.624000e-03 1.692400e-02
26 9.751640e-01 6.672000e-03 1.816400e-02
27 9.738560e-01 6.832000e-03 1.931200e-02
28 9.726120e-01 6.920000e-03 2.046800e-02
29 9.712760e-01 7.016000e-03 2.170800e-02
30 9.699040e-01 7.080000e-03 2.301600e-02
31 9.685600e-01 7.116000e-03 2.432400e-02
32 9.672120e-01 7.188000e-03 2.560000e-02
33 9.658640e-01 7.300000e-03 2.683600e-02
34 9.643440e-01 7.496000e-03 2.816000e-02
35 9.630080e-01 7.356000e-03 2.963600e-02
36 9.616960e-01 7.400000e-03 3.090400e-02
37 9.603200e-01 7.528000e-03 3.215200e-02
38 9.589480e-01 7.592000e-03 3.346000e-02
39 9.576320e-01 7.772000e-03 3.459600e-02
40 9.561360e-01 7.940000e-03 3.592400e-02
41 9.547440e-01 7.872000e-03 3.738400e-02
42 9.533440e-01 7.868000e-03 3.878800e-02
43 9.521120e-01 7.760000e-03 4.012800e-02
44 9.506040e-01 7.784000e-03 4.161200e-02
45 9.489480e-01 8.028000e-03 4.302400e-02
46 9.474600e-01 8.032000e-03 4.450800e-02
47 9.460520e-01 8.060000e-03 4.588800e-02
48 9.447760e-01 7.992000e-03 4.723200e-02
49 9.433480e-01 7.952000e-03 4.870000e-02
50 9.421160e-01 7.760000e-03 5.012400e-02
51 9.407760e-01 7.684000e-03 5.154000e-02
52 9.395080e-01 7.668000e-03 5.282400e-02
53 9.382480e-01 7.624000e-03 5.412800e-02
54 9.367720e-01 7.700000e-03 5.552800e-02
55 9.354760e-01 7.600000e-03 5.692400e-02
56 9.340160e-01 7.632000e-03 5.835200e-02
57 9.325360e-01 7.680000e-03 5.978400e-02
58 9.312600e-01 7.636000e-03 6.110400e-02
59 9.299840e-01 7.536000e-03 6.248000e-02
60 9.285720e-01 7.680000e-03 6.374800e-02
61 9.273160e-01 7.584000e-03 6.510000e-02
62 9.259360e-01 7.708000e-03 6.635600e-02
63 9.244440e-01 7.728000e-03 6.782800e-02
64 9.229200e-01 7.860000e-03 6.922000e-02
65 9.215840e-01 7.776000e-03 7.064000e-02
66 9.202600e-01 7.744000e-03 7.199600e-02
67 9.189480e-01 7.708000e-03 7.334400e-02
68 9.176880e-01 7.668000e-03 7.464400e-02
69 9.163840e-01 7.580000e-03 7.603600e-02
70 9.151280e-01 7.540000e-03 7.733200e-02
71 9.137640e-01 7.660000e-03 7.857600e-02
72 9.125760e-01 7.544000e-03 7.988000e-02
73 9.112280e-01 7.600000e-03 8.117200e-02
74 9.099160e-01 7.620000e-03 8.246400e-02
75 9.085160e-01 7.716000e-03 8.376800e-02
76 9.070480e-01 7.836000e-03 8.511600e-02
77 9.057960e-01 7.688000e-03 8.651600e-02
78 9.045440e-01 7.532000e-03 8.792400e-02
79 9.032960e-01 7.472000e-03 8.923200e-02
80 9.020160e-01 7.552000e-03 9.043200e-02
81 9.008520e-01 7.448000e-03 9.170000e-02
82 8.994760e-01 7.508000e-03 9.301600e-02
83 8.980560e-01 7.696000e-03 9.424800e-02
84 8.967720e-01 7.724000e-03 9.550400e-02
85 8.953040e-01 7.772000e-03 9.692400e-02
86 8.940400e-01 7.612000e-03 9.834800e-02
87 8.926920e-01 7.548000e-03 9.976000e-02
88 8.914320e-01 7.604000e-03 1.009640e-01
89 8.901920e-01 7.496000e-03 1.023120e-01
90 8.888080e-01 7.532000e-03 1.036600e-01
91 8.875680e-01 7.484000e-03 1.049480e-01
92 8.863040e-01 7.432000e-03 1.062640e-01
93 8.850160e-01 7.484000e-03 1.075000e-01
94 8.837280e-01 7.508000e-03 1.087640e-01
95 8.824240e-01 7.544000e-03 1.100320e-01
96 8.811680e-01 7.540000e-03 1.112920e-01
97 8.799440e-01 7.444000e-03 1.126120e-01
98 8.788520e-01 7.300000e-03 1.138480e-01
99 8.777360e-01 7.244000e-03 1.150200e-01
100 8.764920e-01 7.220000e-03 1.162880e-01
101 8.753920e-01 7.080000e-03 1.175280e-01
102 8.742480e-01 7.028000e-03 1.187240e-01
103 8.731400e-01 6.900000e-03 1.199600e-01
104 8.719680e-01 7.004000e-03 1.210280e-01
105 8.708920e-01 6.772000e-03 1.223360e-01
106 8.699640e-01 6.512000e-03 1.235240e-01
107 8.686560e-01 6.688000e-03 1.246560e-01
108 8.673960e-01 6.712000e-03 1.258920e-01
109 8.661760e-01 6.644000e-03 1.271800e-01
110 8.648920e-01 6.716000e-03 1.283920e-01
111 8.637600e-01 6.660000e-03 1.295800e-01
112 8.624880e-01 6.836000e-03 1.306760e-01
113 8.612680e-01 6.872000e-03 1.318600e-01
114 8.601600e-01 6.876000e-03 1.329640e-01
115 8.590880e-01 6.872000e-03 1.340400e-01
116 8.578840e-01 6.856000e-03 1.352600e-01
117 8.567240e-01 6.856000e-03 1.364200e-01
118 8.555800e-01 6.748000e-03 1.376720e-01
119 8.543840e-01 6.728000e-03 1.388880e-01
120 8.532440e-01 6.708000e-03 1.400480e-01
121 8.520760e-01 6.752000e-03 1.411720e-01
122 8.508640e-01 6.664000e-03 1.424720e-01
123 8.496280e-01 6.696000e-03 1.436760e-01
124 8.481920e-01 6.952000e-03 1.448560e-01
125 8.469320e-01 7.044000e-03 1.460240e-01
126 8.458040e-01 7.012000e-03 1.471840e-01
127 8.444480e-01 7.100000e-03 1.484520e-01
128 8.432720e-01 7.056000e-03 1.496720e-01
129 8.421760e-01 6.892000e-03 1.509320e-01
130 8.408360e-01 6.988000e-03 1.521760e-01
131 8.394960e-01 7.032000e-03 1.534720e-01
132 8.382560e-01 7.048000e-03 1.546960e-01
133 8.370360e-01 6.984000e-03 1.559800e-01
134 8.359280e-01 6.796000e-03 1.572760e-01
135 8.346880e-01 6.820000e-03 1.584920e-01
136 8.335040e-01 6.844000e-03 1.596520e-01
137 8.322200e-01 6.952000e-03 1.608280e-01
138 8.308760e-01 7.080000e-03 1.620440e-01
139 8.296320e-01 7.136000e-03 1.632320e-01
140 8.284360e-01 7.088000e-03 1.644760e-01
141 8.272040e-01 7.196000e-03 1.656000e-01
142 8.259120e-01 7.236000e-03 1.668520e-01
143 8.247560e-01 7.136000e-03 1.681080e-01
144 8.237720e-01 6.828000e-03 1.694000e-01
145 8.227960e-01 6.588000e-03 1.706160e-01
146 8.218280e-01 6.356000e-03 1.718160e-01
147 8.207760e-01 6.444000e-03 1.727800e-01
148 8.197960e-01 6.236000e-03 1.739680e-01
149 8.187840e-01 6.232000e-03 1.749840e-01
150 8.177800e-01 6.088000e-03 1.761320e-01
151 8.167600e-01 6.052000e-03 1.771880e-01
152 8.156480e-01 6.116000e-03 1.782360e-01
153 8.146600e-01 6.064000e-03 1.792760e-01
154 8.136800e-01 6.064000e-03 1.802560e-01
155 8.127400e-01 5.948000e-03 1.813120e-01
156 8.116840e-01 6.060000e-03 1.822560e-01
157 8.106600e-01 6.076000e-03 1.832640e-01
158 8.095640e-01 6.012000e-03 1.844240e-01
159 8.085160e-01 5.980000e-03 1.855040e-01
160 8.074720e-01 5.996000e-03 1.865320e-01
161 8.064400e-01 6.108000e-03 1.874520e-01
162 8.053240e-01 6.108000e-03 1.885680e-01
163 8.041760e-01 6.084000e-03 1.897400e-01
164 8.030880e-01 6.088000e-03 1.908240e-01
165 8.019720e-01 6.192000e-03 1.918360e-01
166 8.007560e-01 6.288000e-03 1.929560e-01
167 7.996840e-01 6.228000e-03 1.940880e-01
168 7.986160e-01 6.252000e-03 1.951320e-01
169 7.974720e-01 6.216000e-03 1.963120e-01
170 7.964000e-01 6.304000e-03 1.972960e-01
171 7.953720e-01 6.292000e-03 1.983360e-01
172 7.942640e-01 6.320000e-03 1.994160e-01
173 7.931080e-01 6.224000e-03 2.006680e-01
174 7.920640e-01 6.120000e-03 2.018160e-01
175 7.910840e-01 6.124000e-03 2.027920e-01
176 7.900680e-01 5.956000e-03 2.039760e-01
177 7.890320e-01 5.860000e-03 2.051080e-01
178 7.880520e-01 5.904000e-03 2.060440e-01
179 7.869840e-01 5.920000e-03 2.070960e-01
180 7.858600e-01 6.056000e-03 2.080840e-01
181 7.848200e-01 5.992000e-03 2.091880e-01
182 7.839120e-01 5.804000e-03 2.102840e-01
183 7.830360e-01 5.672000e-03 2.112920e-01
184 7.822440e-01 5.480000e-03 2.122760e-01
185 7.813560e-01 5.340000e-03 2.133040e-01
186 7.804600e-01 5.248000e-03 2.142920e-01
187 7.796880e-01 5.048000e-03 2.152640e-01
188 7.788360e-01 5.020000e-03 2.161440e-01
189 7.780880e-01 4.900000e-03 2.170120e-01
190 7.773680e-01 4.772000e-03 2.178600e-01
191 7.766520e-01 4.704000e-03 2.186440e-01
192 7.757920e-01 4.800000e-03 2.194080e-01
193 7.748280e-01 4.932000e-03 2.202400e-01
194 7.739520e-01 4.948000e-03 2.211000e-01
195 7.731920e-01 4.884000e-03 2.219240e-01
196 7.721880e-01 5.068000e-03 2.227440e-01
197 7.711680e-01 5.228000e-03 2.236040e-01
198 7.702160e-01 5.160000e-03 2.246240e-01
199 7.692000e-01 5.260000e-03 2.255400e-01
200 7.680680e-01 5.472000e-03 2.264600e-01
201 7.670920e-01 5.508000e-03 2.274000e-01
202 7.661480e-01 5.456000e-03 2.283960e-01
203 7.651680e-01 5.468000e-03 2.293640e-01
204 7.641520e-01 5.492000e-03 2.303560e-01
205 7.631240e-01 5.568000e-03 2.313080e-01
206 7.619400e-01 5.816000e-03 2.322440e-01
207 7.607920e-01 5.924000e-03 2.332840e-01
208 7.597920e-01 5.968000e-03 2.342400e-01
209 7.588320e-01 5.772000e-03 2.353960e-01
210 7.580360e-01 5.648000e-03 2.363160e-01
211 7.569880e-01 5.756000e-03 2.372560e-01
212 7.560840e-01 5.588000e-03 2.383280e-01
213 7.551840e-01 5.484000e-03 2.393320e-01
214 7.542360e-01 5.544000e-03 2.402200e-01
215 7.533000e-01 5.580000e-03 2.411200e-01
216 7.522520e-01 5.696000e-03 2.420520e-01
217 7.512160e-01 5.712000e-03 2.430720e-01
218 7.502760e-01 5.604000e-03 2.441200e-01
219 7.494160e-01 5.484000e-03 2.451000e-01
220 7.484160e-01 5.448000e-03 2.461360e-01
221 7.476240e-01 5.264000e-03 2.471120e-01
222 7.467360e-01 5.172000e-03 2.480920e-01
223 7.460240e-01 4.908000e-03 2.490680e-01
224 7.452760e-01 4.768000e-03 2.499560e-01
225 7.444120e-01 4.848000e-03 2.507400e-01
226 7.436000e-01 4.876000e-03 2.515240e-01
227 7.427840e-01 4.940000e-03 2.522760e-01
228 7.418680e-01 4.968000e-03 2.531640e-01
229 7.410120e-01 4.960000e-03 2.540280e-01
230 7.402800e-01 4.740000e-03 2.549800e-01
231 7.395760e-01 4.712000e-03 2.557120e-01
232 7.388120e-01 4.712000e-03 2.564760e-01
233 7.380000e-01 4.608000e-03 2.573920e-01
234 7.371800e-01 4.696000e-03 2.581240e-01
235 7.363760e-01 4.684000e-03 2.589400e-01
236 7.354960e-01 4.820000e-03 2.596840e-01
237 7.348760e-01 4.664000e-03 2.604600e-01
238 7.341440e-01 4.572000e-03 2.612840e-01
239 7.333960e-01 4.584000e-03 2.620200e-01
240 7.325480e-01 4.576000e-03 2.628760e-01
241 7.317480e-01 4.628000e-03 2.636240e-01
242 7.309160e-01 4.644000e-03 2.644400e-01
243 7.301240e-01 4.648000e-03 2.652280e-01
244 7.293400e-01 4.664000e-03 2.659960e-01
245 7.286240e-01 4.480000e-03 2.668960e-01
246 7.278360e-01 4.500000e-03 2.676640e-01
247 7.271800e-01 4.364000e-03 2.684560e-01
248 7.265560e-01 4.296000e-03 2.691480e-01
249 7.259480e-01 4.140000e-03 2.699120e-01
250 7.252160e-01 4.224000e-03 2.705600e-01
251 7.245000e-01 4.180000e-03 2.713200e-01
252 7.239360e-01 4.028000e-03 2.720360e-01
253 7.233640e-01 3.960000e-03 2.726760e-01
254 7.227880e-01 3.924000e-03 2.732880e-01
255 7.220800e-01 3.900000e-03 2.740200e-01
256 7.213840e-01 3.960000e-03 2.746560e-01
257 7.206920e-01 3.912000e-03 2.753960e-01
258 7.200040e-01 3.940000e-03 2.760560e-01
259 7.192440e-01 4.136000e-03 2.766200e-01
260 7.185640e-01 4.088000e-03 2.773480e-01
261 7.177760e-01 4.164000e-03 2.780600e-01
262 7.170800e-01 4.268000e-03 2.786520e-01
263 7.164160e-01 4.096000e-03 2.794880e-01
264 7.157280e-01 4.068000e-03 2.802040e-01
265 7.151800e-01 3.972000e-03 2.808480e-01
266 7.146200e-01 3.868000e-03 2.815120e-01
267 7.140320e-01 3.892000e-03 2.820760e-01
268 7.133880e-01 3.888000e-03 2.827240e-01
269 7.128360e-01 3.772000e-03 2.833920e-01
270 7.122040e-01 3.812000e-03 2.839840e-01
271 7.115600e-01 3.776000e-03 2.846640e-01
272 7.109560e-01 3.652000e-03 2.853920e-01
273 7.101800e-01 3.796000e-03 2.860240e-01
274 7.095400e-01 3.760000e-03 2.867000e-01
275 7.089280e-01 3.732000e-03 2.873400e-01
276 7.082920e-01 3.720000e-03 2.879880e-01
277 7.076560e-01 3.688000e-03 2.886560e-01
278 7.071440e-01 3.544000e-03 2.893120e-01
279 7.065800e-01 3.472000e-03 2.899480e-01
280 7.060360e-01 3.316000e-03 2.906480e-01
281 7.055280e-01 3.296000e-03 2.911760e-01
282 7.049520e-01 3.248000e-03 2.918000e-01
283 7.044120e-01 3.184000e-03 2.924040e-01
284 7.038440e-01 3.168000e-03 2.929880e-01
285 7.032800e-01 3.212000e-03 2.935080e-01
286 7.026760e-01 3.272000e-03 2.940520e-01
287 7.021840e-01 3.108000e-03 2.947080e-01
288 7.016440e-01 3.112000e-03 2.952440e-01
289 7.011680e-01 3.052000e-03 2.957800e-01
290 7.006680e-01 2.988000e-03 2.963440e-01
291 7.000800e-01 3.076000e-03 2.968440e-01
292 6.993800e-01 3.148000e-03 2.974720e-01
293 6.988160e-01 3.132000e-03 2.980520e-01
294 6.982880e-01 3.136000e-03 2.985760e-01
295 6.977680e-01 3.088000e-03 2.991440e-01
296 6.972280e-01 3.108000e-03 2.996640e-01
297 6.967600e-01 3.008000e-03 3.002320e-01
298 6.963320e-01 2.896000e-03 3.007720e-01
299 6.959560e-01 2.800000e-03 3.012440e-01
300 6.954920e-01 2.760000e-03 3.017480e-01
301 6.950160e-01 2.756000e-03 3.022280e-01
302 6.944920e-01 2.808000e-03 3.027000e-01
303 6.939720e-01 2.884000e-03 3.031440e-01
304 6.935320e-01 2.864000e-03 3.036040e-01
305 6.929920e-01 2.896000e-03 3.041120e-01
306 6.925040e-01 2.896000e-03 3.046000e-01
307 6.920160e-01 2.860000e-03 3.051240e-01
308 6.915840e-01 2.784000e-03 3.056320e-01
309 6.911720e-01 2.676000e-03 3.061520e-01
310 6.906880e-01 2.720000e-03 3.065920e-01
311 6.902440e-01 2.744000e-03 3.070120e-01
312 6.898160e-01 2.668000e-03 3.075160e-01
313 6.892840e-01 2.672000e-03 3.080440e-01
314 6.887880e-01 2.720000e-03 3.084920e-01
315 6.883000e-01 2.720000e-03 3.089800e-01
316 6.878920e-01 2.628000e-03 3.094800e-01
317 6.874560e-01 2.624000e-03 3.099200e-01
318 6.870440e-01 2.536000e-03 3.104200e-01
319 6.866120e-01 2.516000e-03 3.108720e-01
320 6.861560e-01 2.580000e-03 3.112640e-01
321 6.857840e-01 2.516000e-03 3.117000e-01
322 6.853800e-01 2.552000e-03 3.120680e-01
323 6.849080e-01 2.624000e-03 3.124680e-01
324 6.844480e-01 2.656000e-03 3.128960e-01
325 6.839680e-01 2.620000e-03 3.134120e-01
326 6.834640e-01 2.636000e-03 3.139000e-01
327 6.831200e-01 2.492000e-03 3.143880e-01
328 6.827840e-01 2.408000e-03 3.148080e-01
329 6.823040e-01 2.496000e-03 3.152000e-01
330 6.817920e-01 2.504000e-03 3.157040e-01
331 6.813120e-01 2.556000e-03 3.161320e-01
332 6.808560e-01 2.556000e-03 3.165880e-01
333 6.803600e-01 2.612000e-03 3.170280e-01
334 6.799720e-01 2.544000e-03 3.174840e-01
335 6.796360e-01 2.476000e-03 3.178880e-01
336 6.792480e-01 2.472000e-03 3.182800e-01
337 6.789000e-01 2.392000e-03 3.187080e-01
338 6.785520e-01 2.280000e-03 3.191680e-01
339 6.781480e-01 2.336000e-03 3.195160e-01
340 6.777840e-01 2.212000e-03 3.200040e-01
341 6.774760e-01 2.136000e-03 3.203880e-01
342 6.772280e-01 1.992000e-03 3.207800e-01
343 6.768800e-01 2.000000e-03 3.211200e-01
344 6.764840e-01 2.032000e-03 3.214840e-01
345 6.760760e-01 2.068000e-03 3.218560e-01
346 6.757720e-01 2.052000e-03 3.221760e-01
347 6.754360e-01 2.008000e-03 3.225560e-01
348 6.750760e-01 1.992000e-03 3.229320e-01
349 6.747600e-01 1.960000e-03 3.232800e-01
350 6.744440e-01 1.916000e-03 3.236400e-01
351 6.741440e-01 1.856000e-03 3.240000e-01
352 6.738640e-01 1.784000e-03 3.243520e-01
353 6.735520e-01 1.792000e-03 3.246560e-01
354 6.733520e-01 1.684000e-03 3.249640e-01
355 6.731000e-01 1.700000e-03 3.252000e-01
356 6.727960e-01 1.688000e-03 3.255160e-01
357 6.725600e-01 1.608000e-03 3.258320e-01
358 6.723400e-01 1.548000e-03 3.261120e-01
359 6.720960e-01 1.512000e-03 3.263920e-01
360 6.718720e-01 1.480000e-03 3.266480e-01
361 6.716440e-01 1.520000e-03 3.268360e-01
362 6.714080e-01 1.456000e-03 3.271360e-01
363 6.712360e-01 1.388000e-03 3.273760e-01
364 6.710400e-01 1.340000e-03 3.276200e-01
365 6.707840e-01 1.320000e-03 3.278960e-01
366 6.706440e-01 1.216000e-03 3.281400e-01
367 6.704560e-01 1.172000e-03 3.283720e-01
368 6.702560e-01 1.192000e-03 3.285520e-01
369 6.700640e-01 1.192000e-03 3.287440e-01
370 6.698720e-01 1.148000e-03 3.289800e-01
371 6.696040e-01 1.184000e-03 3.292120e-01
372 6.693880e-01 1.200000e-03 3.294120e-01
373 6.691520e-01 1.224000e-03 3.296240e-01
374 6.689560e-01 1.228000e-03 3.298160e-01
375 6.687720e-01 1.168000e-03 3.300600e-01
376 6.685120e-01 1.236000e-03 3.302520e-01
377 6.682600e-01 1.320000e-03 3.304200e-01
378 6.680120e-01 1.404000e-03 3.305840e-01
379 6.677400e-01 1.348000e-03 3.309120e-01
380 6.675440e-01 1.300000e-03 3.311560e-01
381 6.671920e-01 1.424000e-03 3.313840e-01
382 6.668720e-01 1.484000e-03 3.316440e-01
383 6.666040e-01 1.524000e-03 3.318720e-01
384 6.664040e-01 1.432000e-03 3.321640e-01
385 6.661400e-01 1.444000e-03 3.324160e-01
386 6.658800e-01 1.464000e-03 3.326560e-01
387 6.655640e-01 1.500000e-03 3.329360e-01
388 6.653120e-01 1.452000e-03 3.332360e-01
389 6.649800e-01 1.484000e-03 3.335360e-01
390 6.647280e-01 1.448000e-03 3.338240e-01
391 6.644480e-01 1.464000e-03 3.340880e-01
392 6.641000e-01 1.540000e-03 3.343600e-01
393 6.637760e-01 1.628000e-03 3.345960e-01
394 6.634840e-01 1.628000e-03 3.348880e-01
395 6.632560e-01 1.588000e-03 3.351560e-01
396 6.630240e-01 1.528000e-03 3.354480e-01
397 6.628040e-01 1.484000e-03 3.357120e-01
398 6.625440e-01 1.440000e-03 3.360160e-01
399 6.621640e-01 1.568000e-03 3.362680e-01
400 6.618480e-01 1.616000e-03 3.365360e-01
401 6.615120e-01 1.636000e-03 3.368520e-01
402 6.611880e-01 1.660000e-03 3.371520e-01
403 6.608360e-01 1.716000e-03 3.374480e-01
404 6.604640e-01 1.824000e-03 3.377120e-01
405 6.601280e-01 1.824000e-03 3.380480e-01
406 6.597880e-01 1.844000e-03 3.383680e-01
407 6.594080e-01 1.932000e-03 3.386600e-01
408 6.590080e-01 1.976000e-03 3.390160e-01
409 6.586640e-01 2.012000e-03 3.393240e-01
410 6.583080e-01 1.996000e-03 3.396960e-01
411 6.579800e-01 1.964000e-03 3.400560e-01
412 6.576400e-01 1.948000e-03 3.404120e-01
413 6.572880e-01 1.968000e-03 3.407440e-01
414 6.569600e-01 1.924000e-03 3.411160e-01
415 6.565960e-01 1.916000e-03 3.414880e-01
416 6.563440e-01 1.844000e-03 3.418120e-01
417 6.560280e-01 1.848000e-03 3.421240e-01
418 6.556720e-01 1.928000e-03 3.424000e-01
419 6.553640e-01 1.940000e-03 3.426960e-01
420 6.551080e-01 1.860000e-03 3.430320e-01
421 6.548200e-01 1.872000e-03 3.433080e-01
422 6.545000e-01 1.872000e-03 3.436280e-01
423 6.542120e-01 1.848000e-03 3.439400e-01
424 6.539040e-01 1.856000e-03 3.442400e-01
425 6.535640e-01 1.900000e-03 3.445360e-01
426 6.533000e-01 1.804000e-03 3.448960e-01
427 6.530440e-01 1.744000e-03 3.452120e-01
428 6.527600e-01 1.668000e-03 3.455720e-01
429 6.524680e-01 1.688000e-03 3.458440e-01
430 6.521400e-01 1.680000e-03 3.461800e-01
431 6.518600e-01 1.656000e-03 3.464840e-01
432 6.516400e-01 1.592000e-03 3.467680e-01
433 6.512760e-01 1.652000e-03 3.470720e-01
434 6.509800e-01 1.696000e-03 3.473240e-01
435 6.507520e-01 1.620000e-03 3.476280e-01
436 6.504840e-01 1.596000e-03 3.479200e-01
437 6.502160e-01 1.588000e-03 3.481960e-01
438 6.498920e-01 1.608000e-03 3.485000e-01
439 6.495800e-01 1.644000e-03 3.487760e-01
440 6.493760e-01 1.552000e-03 3.490720e-01
441 6.491680e-01 1.492000e-03 3.493400e-01
442 6.489560e-01 1.436000e-03 3.496080e-01
443 6.487400e-01 1.428000e-03 3.498320e-01
444 6.485240e-01 1.432000e-03 3.500440e-01
445 6.482760e-01 1.436000e-03 3.502880e-01
446 6.480720e-01 1.400000e-03 3.505280e-01
447 6.478560e-01 1.372000e-03 3.507720e-01
448 6.476320e-01 1.272000e-03 3.510960e-01
449 6.474480e-01 1.232000e-03 3.513200e-01
450 6.472720e-01 1.176000e-03 3.515520e-01
451 6.471360e-01 1.120000e-03 3.517440e-01
452 6.469600e-01 1.096000e-03 3.519440e-01
453 6.467720e-01 1.108000e-03 3.521200e-01
454 6.465400e-01 1.120000e-03 3.523400e-01
455 6.463320e-01 1.136000e-03 3.525320e-01
456 6.460680e-01 1.224000e-03 3.527080e-01
457 6.458240e-01 1.296000e-03 3.528800e-01
458 6.455760e-01 1.312000e-03 3.531120e-01
459 6.453600e-01 1.304000e-03 3.533360e-01
460 6.451520e-01 1.244000e-03 3.536040e-01
461 6.449560e-01 1.240000e-03 3.538040e-01
462 6.446640e-01 1.244000e-03 3.540920e-01
463 6.444160e-01 1.232000e-03 3.543520e-01
464 6.441640e-01 1.272000e-03 3.545640e-01
465 6.439880e-01 1.192000e-03 3.548200e-01
466 6.438040e-01 1.132000e-03 3.550640e-01
467 6.436400e-01 1.060000e-03 3.553000e-01
468 6.435240e-01 1.008000e-03 3.554680e-01
469 6.433920e-01 9.720000e-04 3.556360e-01
470 6.432360e-01 9.280000e-04 3.558360e-01
471 6.430720e-01 9.560000e-04 3.559720e-01
472 6.429040e-01 9.880000e-04 3.561080e-01
473 6.427240e-01 9.800000e-04 3.562960e-01
474 6.425320e-01 9.920000e-04 3.564760e-01
475 6.423880e-01 9.560000e-04 3.566560e-01
476 6.422560e-01 9.720000e-04 3.567720e-01
477 6.420880e-01 1.036000e-03 3.568760e-01
478 6.419120e-01 1.020000e-03 3.570680e-01
479 6.417520e-01 9.640000e-04 3.572840e-01
480 6.415240e-01 1.020000e-03 3.574560e-01
481 6.413000e-01 1.100000e-03 3.576000e-01
482 6.411200e-01 1.104000e-03 3.577760e-01
483 6.409080e-01 1.148000e-03 3.579440e-01
484 6.407640e-01 1.056000e-03 3.581800e-01
485 6.405760e-01 1.060000e-03 3.583640e-01
486 6.403040e-01 1.112000e-03 3.585840e-01
487 6.401040e-01 1.104000e-03 3.587920e-01
488 6.399360e-01 1.108000e-03 3.589560e-01
489 6.397480e-01 1.088000e-03 3.591640e-01
490 6.396120e-01 1.004000e-03 3.593840e-01
491 6.395000e-01 9.560000e-04 3.595440e-01
492 6.393720e-01 8.960000e-04 3.597320e-01
493 6.392000e-01 8.880000e-04 3.599120e-01
494 6.391160e-01 8.240000e-04 3.600600e-01
495 6.389880e-01 8.080000e-04 3.602040e-01
496 6.388880e-01 7.320000e-04 3.603800e-01
497 6.387880e-01 7.360000e-04 3.604760e-01
498 6.387560e-01 6.840000e-04 3.605600e-01
499 6.386440e-01 6.840000e-04 3.606720e-01
500 6.385400e-01 7.160000e-04 3.607440e-01
