1 9.991920e-01 7.040000e-04 1.040000e-04
2 9.986960e-01 1.048000e-03 2.560000e-04
3 9.980160e-01 1.488000e-03 4.960000e-04
4 9.974400e-01 1.840000e-03 7.200000e-04
5 9.966440e-01 2.296000e-03 1.060000e-03
6 9.957360e-01 2.800000e-03 1.464000e-03
7 9.947680e-01 3.256000e-03 1.976000e-03
8 9.937400e-01 3.740000e-03 2.520000e-03
9 9.926520e-01 4.072000e-03 3.276000e-03
10 9.917600e-01 4.268000e-03 3.972000e-03
11 9.905640e-01 4.644000e-03 4.792000e-03
12 9.895960e-01 4.736000e-03 5.668000e-03
13 9.886640e-01 4.896000e-03 6.440000e-03
14 9.875280e-01 5.144000e-03 7.328000e-03
15 9.865840e-01 5.288000e-03 8.128000e-03
16 9.854520e-01 5.420000e-03 9.128000e-03
17 9.843080e-01 5.712000e-03 9.980000e-03
18 9.831680e-01 5.848000e-03 1.098400e-02
19 9.819040e-01 5.988000e-03 1.210800e-02
20 9.805360e-01 6.320000e-03 1.314400e-02
21 9.790640e-01 6.704000e-03 1.423200e-02
22 9.777160e-01 6.908000e-03 1.537600e-02
23 9.762440e-01 7.068000e-03 1.668800e-02
24 9.748240e-01 7.196000e-03 1.798000e-02
25 9.733880e-01 7.288000e-03 1.932400e-02
26 9.719400e-01 7.516000e-03 2.054400e-02
27 9.705000e-01 7.612000e-03 2.188800e-02
28 9.691040e-01 7.708000e-03 2.318800e-02
29 9.674720e-01 7.996000e-03 2.453200e-02
30 9.660000e-01 7.980000e-03 2.602000e-02
31 9.645320e-01 8.084000e-03 2.738400e-02
32 9.631600e-01 7.996000e-03 2.884400e-02
33 9.616560e-01 8.144000e-03 3.020000e-02
34 9.602520e-01 8.164000e-03 3.158400e-02
35 9.588720e-01 8.008000e-03 3.312000e-02
36 9.571760e-01 8.252000e-03 3.457200e-02
37 9.557200e-01 8.276000e-03 3.600400e-02
38 9.540560e-01 8.444000e-03 3.750000e-02
39 9.525560e-01 8.496000e-03 3.894800e-02
40 9.509160e-01 8.664000e-03 4.042000e-02
41 9.493120e-01 8.728000e-03 4.196000e-02
42 9.479560e-01 8.572000e-03 4.347200e-02
43 9.466040e-01 8.388000e-03 4.500800e-02
44 9.450720e-01 8.568000e-03 4.636000e-02
45 9.436800e-01 8.340000e-03 4.798000e-02
46 9.421480e-01 8.340000e-03 4.951200e-02
47 9.405400e-01 8.472000e-03 5.098800e-02
48 9.390840e-01 8.428000e-03 5.248800e-02
49 9.376120e-01 8.440000e-03 5.394800e-02
50 9.362040e-01 8.408000e-03 5.538800e-02
51 9.348960e-01 8.272000e-03 5.683200e-02
52 9.335240e-01 8.180000e-03 5.829600e-02
53 9.323040e-01 7.912000e-03 5.978400e-02
54 9.311040e-01 7.744000e-03 6.115200e-02
55 9.298680e-01 7.628000e-03 6.250400e-02
56 9.286840e-01 7.496000e-03 6.382000e-02
57 9.275120e-01 7.308000e-03 6.518000e-02
58 9.262280e-01 7.352000e-03 6.642000e-02
59 9.250400e-01 7.304000e-03 6.765600e-02
60 9.237040e-01 7.304000e-03 6.899200e-02
61 9.225640e-01 7.068000e-03 7.036800e-02
62 9.214640e-01 6.948000e-03 7.158800e-02
63 9.203480e-01 6.896000e-03 7.275600e-02
64 9.190920e-01 6.924000e-03 7.398400e-02
65 9.179040e-01 6.948000e-03 7.514800e-02
66 9.168520e-01 6.692000e-03 7.645600e-02
67 9.155520e-01 6.888000e-03 7.756000e-02
68 9.143520e-01 6.868000e-03 7.878000e-02
69 9.132480e-01 6.768000e-03 7.998400e-02
70 9.120800e-01 6.608000e-03 8.131200e-02
71 9.108320e-01 6.696000e-03 8.247200e-02
72 9.096680e-01 6.860000e-03 8.347200e-02
73 9.084120e-01 6.828000e-03 8.476000e-02
74 9.071720e-01 6.920000e-03 8.590800e-02
75 9.058480e-01 7.064000e-03 8.708800e-02
76 9.045640e-01 7.084000e-03 8.835200e-02
77 9.033440e-01 7.040000e-03 8.961600e-02
78 9.021400e-01 7.008000e-03 9.085200e-02
79 9.008840e-01 7.028000e-03 9.208800e-02
80 8.996480e-01 7.020000e-03 9.333200e-02
81 8.984560e-01 7.036000e-03 9.450800e-02
82 8.971520e-01 7.104000e-03 9.574400e-02
83 8.959160e-01 7.032000e-03 9.705200e-02
84 8.946880e-01 7.108000e-03 9.820400e-02
85 8.934680e-01 7.076000e-03 9.945600e-02
86 8.920640e-01 7.316000e-03 1.006200e-01
87 8.909960e-01 7.064000e-03 1.019400e-01
88 8.898320e-01 6.952000e-03 1.032160e-01
89 8.887600e-01 6.792000e-03 1.044480e-01
90 8.875560e-01 6.840000e-03 1.056040e-01
91 8.863440e-01 6.844000e-03 1.068120e-01
92 8.851600e-01 6.884000e-03 1.079560e-01
93 8.839760e-01 6.736000e-03 1.092880e-01
94 8.829120e-01 6.656000e-03 1.104320e-01
95 8.816880e-01 6.684000e-03 1.116280e-01
96 8.805320e-01 6.724000e-03 1.127440e-01
97 8.793760e-01 6.592000e-03 1.140320e-01
98 8.781120e-01 6.728000e-03 1.151600e-01
99 8.768920e-01 6.716000e-03 1.163920e-01
100 8.757920e-01 6.664000e-03 1.175440e-01
101 8.747920e-01 6.532000e-03 1.186760e-01
102 8.736640e-01 6.476000e-03 1.198600e-01
103 8.724920e-01 6.528000e-03 1.209800e-01
104 8.713520e-01 6.504000e-03 1.221440e-01
105 8.701520e-01 6.480000e-03 1.233680e-01
106 8.690600e-01 6.420000e-03 1.245200e-01
107 8.680760e-01 6.280000e-03 1.256440e-01
108 8.670560e-01 6.124000e-03 1.268200e-01
109 8.661640e-01 6.000000e-03 1.278360e-01
110 8.651800e-01 6.004000e-03 1.288160e-01
111 8.643040e-01 5.860000e-03 1.298360e-01
112 8.633680e-01 5.860000e-03 1.307720e-01
113 8.623880e-01 5.844000e-03 1.317680e-01
114 8.614400e-01 5.936000e-03 1.326240e-01
115 8.605600e-01 5.904000e-03 1.335360e-01
116 8.595320e-01 5.924000e-03 1.345440e-01
117 8.585400e-01 5.852000e-03 1.356080e-01
118 8.574320e-01 5.996000e-03 1.365720e-01
119 8.563760e-01 5.964000e-03 1.376600e-01
120 8.553960e-01 5.864000e-03 1.387400e-01
121 8.543600e-01 5.900000e-03 1.397400e-01
122 8.532680e-01 6.068000e-03 1.406640e-01
123 8.523560e-01 5.756000e-03 1.418880e-01
124 8.514200e-01 5.672000e-03 1.429080e-01
125 8.504640e-01 5.608000e-03 1.439280e-01
126 8.494080e-01 5.584000e-03 1.450080e-01
127 8.483920e-01 5.548000e-03 1.460600e-01
128 8.474480e-01 5.540000e-03 1.470120e-01
129 8.464960e-01 5.520000e-03 1.479840e-01
130 8.455040e-01 5.608000e-03 1.488880e-01
131 8.446480e-01 5.500000e-03 1.498520e-01
132 8.437680e-01 5.436000e-03 1.507960e-01
133 8.428680e-01 5.464000e-03 1.516680e-01
134 8.420520e-01 5.368000e-03 1.525800e-01
135 8.411320e-01 5.388000e-03 1.534800e-01
136 8.401800e-01 5.316000e-03 1.545040e-01
137 8.392960e-01 5.280000e-03 1.554240e-01
138 8.384560e-01 5.204000e-03 1.563400e-01
139 8.376680e-01 5.012000e-03 1.573200e-01
140 8.368240e-01 5.008000e-03 1.581680e-01
141 8.359760e-01 5.080000e-03 1.589440e-01
142 8.351280e-01 5.016000e-03 1.598560e-01
143 8.343280e-01 4.976000e-03 1.606960e-01
144 8.335200e-01 4.856000e-03 1.616240e-01
145 8.327960e-01 4.724000e-03 1.624800e-01
146 8.320120e-01 4.648000e-03 1.633400e-01
147 8.312920e-01 4.488000e-03 1.642200e-01
148 8.305760e-01 4.348000e-03 1.650760e-01
149 8.299360e-01 4.252000e-03 1.658120e-01
150 8.291440e-01 4.368000e-03 1.664880e-01
151 8.284040e-01 4.352000e-03 1.672440e-01
152 8.277200e-01 4.332000e-03 1.679480e-01
153 8.270120e-01 4.204000e-03 1.687840e-01
154 8.262720e-01 4.220000e-03 1.695080e-01
155 8.255640e-01 4.196000e-03 1.702400e-01
156 8.248600e-01 4.160000e-03 1.709800e-01
157 8.240000e-01 4.304000e-03 1.716960e-01
158 8.232120e-01 4.212000e-03 1.725760e-01
159 8.224320e-01 4.228000e-03 1.733400e-01
160 8.217040e-01 4.312000e-03 1.739840e-01
161 8.209520e-01 4.188000e-03 1.748600e-01
162 8.201960e-01 4.248000e-03 1.755560e-01
163 8.195000e-01 4.168000e-03 1.763320e-01
164 8.188760e-01 4.128000e-03 1.769960e-01
165 8.183520e-01 3.996000e-03 1.776520e-01
166 8.176320e-01 3.924000e-03 1.784440e-01
167 8.170560e-01 3.780000e-03 1.791640e-01
168 8.165280e-01 3.664000e-03 1.798080e-01
169 8.159760e-01 3.524000e-03 1.805000e-01
170 8.153840e-01 3.536000e-03 1.810800e-01
171 8.147760e-01 3.464000e-03 1.817600e-01
172 8.141680e-01 3.464000e-03 1.823680e-01
173 8.135720e-01 3.508000e-03 1.829200e-01
174 8.129400e-01 3.484000e-03 1.835760e-01
175 8.122520e-01 3.552000e-03 1.841960e-01
176 8.115080e-01 3.680000e-03 1.848120e-01
177 8.107280e-01 3.816000e-03 1.854560e-01
178 8.100000e-01 3.864000e-03 1.861360e-01
179 8.093480e-01 3.800000e-03 1.868520e-01
180 8.086840e-01 3.712000e-03 1.876040e-01
181 8.079640e-01 3.796000e-03 1.882400e-01
182 8.072440e-01 3.844000e-03 1.889120e-01
183 8.064760e-01 3.808000e-03 1.897160e-01
184 8.058760e-01 3.672000e-03 1.904520e-01
185 8.051440e-01 3.812000e-03 1.910440e-01
186 8.044040e-01 3.888000e-03 1.917080e-01
187 8.035920e-01 4.000000e-03 1.924080e-01
188 8.029200e-01 4.096000e-03 1.929840e-01
189 8.021160e-01 4.228000e-03 1.936560e-01
190 8.013440e-01 4.224000e-03 1.944320e-01
191 8.005680e-01 4.176000e-03 1.952560e-01
192 7.997440e-01 4.268000e-03 1.959880e-01
193 7.988880e-01 4.384000e-03 1.967280e-01
194 7.982040e-01 4.256000e-03 1.975400e-01
195 7.974120e-01 4.324000e-03 1.982640e-01
196 7.966360e-01 4.368000e-03 1.989960e-01
197 7.958640e-01 4.320000e-03 1.998160e-01
198 7.951480e-01 4.256000e-03 2.005960e-01
199 7.944640e-01 4.148000e-03 2.013880e-01
200 7.938320e-01 4.080000e-03 2.020880e-01
201 7.930760e-01 4.116000e-03 2.028080e-01
202 7.923480e-01 4.028000e-03 2.036240e-01
203 7.916880e-01 3.988000e-03 2.043240e-01
204 7.910960e-01 3.836000e-03 2.050680e-01
205 7.904760e-01 3.688000e-03 2.058360e-01
206 7.898320e-01 3.728000e-03 2.064400e-01
207 7.892160e-01 3.732000e-03 2.070520e-01
208 7.885520e-01 3.708000e-03 2.077400e-01
209 7.879240e-01 3.692000e-03 2.083840e-01
210 7.873600e-01 3.592000e-03 2.090480e-01
211 7.868400e-01 3.472000e-03 2.096880e-01
212 7.862800e-01 3.440000e-03 2.102800e-01
213 7.857880e-01 3.352000e-03 2.108600e-01
214 7.853000e-01 3.172000e-03 2.115280e-01
215 7.848480e-01 3.076000e-03 2.120760e-01
216 7.843880e-01 2.980000e-03 2.126320e-01
217 7.839480e-01 2.900000e-03 2.131520e-01
218 7.834760e-01 2.904000e-03 2.136200e-01
219 7.830080e-01 2.884000e-03 2.141080e-01
220 7.826080e-01 2.784000e-03 2.146080e-01
221 7.821760e-01 2.716000e-03 2.151080e-01
222 7.817240e-01 2.688000e-03 2.155880e-01
223 7.813400e-01 2.540000e-03 2.161200e-01
224 7.809040e-01 2.560000e-03 2.165360e-01
225 7.804560e-01 2.536000e-03 2.170080e-01
226 7.799920e-01 2.592000e-03 2.174160e-01
227 7.794680e-01 2.724000e-03 2.178080e-01
228 7.788960e-01 2.804000e-03 2.183000e-01
229 7.783440e-01 2.884000e-03 2.187720e-01
230 7.778520e-01 2.804000e-03 2.193440e-01
231 7.772800e-01 2.900000e-03 2.198200e-01
232 7.768000e-01 2.956000e-03 2.202440e-01
233 7.760960e-01 3.156000e-03 2.207480e-01
234 7.755240e-01 3.192000e-03 2.212840e-01
235 7.749360e-01 3.192000e-03 2.218720e-01
236 7.744240e-01 3.152000e-03 2.224240e-01
237 7.738280e-01 3.164000e-03 2.230080e-01
238 7.733480e-01 3.104000e-03 2.235480e-01
239 7.728360e-01 3.112000e-03 2.240520e-01
240 7.724040e-01 3.120000e-03 2.244760e-01
241 7.719040e-01 2.968000e-03 2.251280e-01
242 7.713320e-01 2.988000e-03 2.256800e-01
243 7.708040e-01 2.992000e-03 2.262040e-01
244 7.703440e-01 2.952000e-03 2.267040e-01
245 7.698600e-01 2.904000e-03 2.272360e-01
246 7.694560e-01 2.764000e-03 2.277800e-01
247 7.689840e-01 2.796000e-03 2.282200e-01
248 7.685120e-01 2.784000e-03 2.287040e-01
249 7.679880e-01 2.864000e-03 2.291480e-01
250 7.675240e-01 2.832000e-03 2.296440e-01
251 7.670960e-01 2.720000e-03 2.301840e-01
252 7.666880e-01 2.660000e-03 2.306520e-01
253 7.662280e-01 2.636000e-03 2.311360e-01
254 7.656720e-01 2.804000e-03 2.315240e-01
255 7.652200e-01 2.744000e-03 2.320360e-01
256 7.646880e-01 2.876000e-03 2.324360e-01
257 7.641400e-01 2.880000e-03 2.329800e-01
258 7.636800e-01 2.780000e-03 2.335400e-01
259 7.631080e-01 2.836000e-03 2.340560e-01
260 7.626000e-01 2.820000e-03 2.345800e-01
261 7.620080e-01 2.952000e-03 2.350400e-01
262 7.615120e-01 2.936000e-03 2.355520e-01
263 7.609240e-01 2.988000e-03 2.360880e-01
264 7.603920e-01 3.012000e-03 2.365960e-01
265 7.598840e-01 3.032000e-03 2.370840e-01
266 7.594160e-01 2.996000e-03 2.375880e-01
267 7.590000e-01 2.932000e-03 2.380680e-01
268 7.585000e-01 2.896000e-03 2.386040e-01
269 7.579760e-01 2.960000e-03 2.390640e-01
270 7.575040e-01 2.960000e-03 2.395360e-01
271 7.570000e-01 2.940000e-03 2.400600e-01
272 7.565160e-01 2.940000e-03 2.405440e-01
273 7.560040e-01 2.988000e-03 2.410080e-01
274 7.554160e-01 3.076000e-03 2.415080e-01
275 7.548560e-01 3.024000e-03 2.421200e-01
276 7.544120e-01 2.900000e-03 2.426880e-01
277 7.538840e-01 2.960000e-03 2.431560e-01
278 7.532840e-01 3.000000e-03 2.437160e-01
279 7.528000e-01 2.996000e-03 2.442040e-01
280 7.522640e-01 2.928000e-03 2.448080e-01
281 7.517560e-01 2.908000e-03 2.453360e-01
282 7.512240e-01 2.856000e-03 2.459200e-01
283 7.507600e-01 2.828000e-03 2.464120e-01
284 7.503200e-01 2.756000e-03 2.469240e-01
285 7.498680e-01 2.784000e-03 2.473480e-01
286 7.493880e-01 2.784000e-03 2.478280e-01
287 7.489200e-01 2.780000e-03 2.483000e-01
288 7.485240e-01 2.728000e-03 2.487480e-01
289 7.480920e-01 2.636000e-03 2.492720e-01
290 7.476520e-01 2.600000e-03 2.497480e-01
291 7.472680e-01 2.584000e-03 2.501480e-01
292 7.468720e-01 2.608000e-03 2.505200e-01
293 7.463720e-01 2.688000e-03 2.509400e-01
294 7.459400e-01 2.600000e-03 2.514600e-01
295 7.455280e-01 2.472000e-03 2.520000e-01
296 7.451560e-01 2.428000e-03 2.524160e-01
297 7.448360e-01 2.288000e-03 2.528760e-01
298 7.444080e-01 2.312000e-03 2.532800e-01
299 7.440560e-01 2.284000e-03 2.536600e-01
300 7.437040e-01 2.204000e-03 2.540920e-01
301 7.434000e-01 2.140000e-03 2.544600e-01
302 7.430800e-01 2.016000e-03 2.549040e-01
303 7.427560e-01 2.028000e-03 2.552160e-01
304 7.424600e-01 1.932000e-03 2.556080e-01
305 7.421440e-01 1.924000e-03 2.559320e-01
306 7.417880e-01 1.932000e-03 2.562800e-01
307 7.414960e-01 1.856000e-03 2.566480e-01
308 7.412400e-01 1.768000e-03 2.569920e-01
309 7.408720e-01 1.808000e-03 2.573200e-01
310 7.406040e-01 1.824000e-03 2.575720e-01
311 7.403720e-01 1.764000e-03 2.578640e-01
312 7.400880e-01 1.748000e-03 2.581640e-01
313 7.398280e-01 1.692000e-03 2.584800e-01
314 7.395560e-01 1.680000e-03 2.587640e-01
315 7.392360e-01 1.756000e-03 2.590080e-01
316 7.389800e-01 1.704000e-03 2.593160e-01
317 7.387040e-01 1.728000e-03 2.595680e-01
318 7.383960e-01 1.764000e-03 2.598400e-01
319 7.380800e-01 1.712000e-03 2.602080e-01
320 7.377800e-01 1.704000e-03 2.605160e-01
321 7.375040e-01 1.648000e-03 2.608480e-01
322 7.372360e-01 1.632000e-03 2.611320e-01
323 7.369800e-01 1.632000e-03 2.613880e-01
324 7.368080e-01 1.528000e-03 2.616640e-01
325 7.365760e-01 1.532000e-03 2.618920e-01
326 7.363360e-01 1.524000e-03 2.621400e-01
327 7.361160e-01 1.460000e-03 2.624240e-01
328 7.358720e-01 1.372000e-03 2.627560e-01
329 7.356360e-01 1.372000e-03 2.629920e-01
330 7.353160e-01 1.476000e-03 2.632080e-01
331 7.350840e-01 1.440000e-03 2.634760e-01
332 7.348760e-01 1.404000e-03 2.637200e-01
333 7.345920e-01 1.440000e-03 2.639680e-01
334 7.343040e-01 1.464000e-03 2.642320e-01
335 7.340720e-01 1.396000e-03 2.645320e-01
336 7.338320e-01 1.388000e-03 2.647800e-01
337 7.336080e-01 1.380000e-03 2.650120e-01
338 7.333240e-01 1.432000e-03 2.652440e-01
339 7.330360e-01 1.456000e-03 2.655080e-01
340 7.328480e-01 1.424000e-03 2.657280e-01
341 7.325760e-01 1.432000e-03 2.659920e-01
342 7.323160e-01 1.444000e-03 2.662400e-01
343 7.320600e-01 1.456000e-03 2.664840e-01
344 7.318560e-01 1.416000e-03 2.667280e-01
345 7.316440e-01 1.372000e-03 2.669840e-01
346 7.315000e-01 1.308000e-03 2.671920e-01
347 7.312720e-01 1.324000e-03 2.674040e-01
348 7.310520e-01 1.332000e-03 2.676160e-01
349 7.308120e-01 1.332000e-03 2.678560e-01
350 7.305560e-01 1.356000e-03 2.680880e-01
351 7.303360e-01 1.312000e-03 2.683520e-01
352 7.300720e-01 1.364000e-03 2.685640e-01
353 7.297720e-01 1.440000e-03 2.687880e-01
354 7.295480e-01 1.456000e-03 2.689960e-01
355 7.292800e-01 1.516000e-03 2.692040e-01
356 7.290240e-01 1.500000e-03 2.694760e-01
357 7.288040e-01 1.428000e-03 2.697680e-01
358 7.285720e-01 1.448000e-03 2.699800e-01
359 7.283480e-01 1.404000e-03 2.702480e-01
360 7.281800e-01 1.360000e-03 2.704600e-01
361 7.279840e-01 1.288000e-03 2.707280e-01
362 7.278480e-01 1.192000e-03 2.709600e-01
363 7.277200e-01 1.132000e-03 2.711480e-01
364 7.275400e-01 1.084000e-03 2.713760e-01
365 7.273920e-01 1.028000e-03 2.715800e-01
366 7.272000e-01 9.840000e-04 2.718160e-01
367 7.270960e-01 9.040000e-04 2.720000e-01
368 7.269840e-01 8.320000e-04 2.721840e-01
369 7.268760e-01 7.720000e-04 2.723520e-01
370 7.267720e-01 7.320000e-04 2.724960e-01
371 7.266800e-01 7.000000e-04 2.726200e-01
372 7.265440e-01 6.920000e-04 2.727640e-01
373 7.264880e-01 6.520000e-04 2.728600e-01
374 7.263800e-01 6.640000e-04 2.729560e-01
375 7.262840e-01 6.520000e-04 2.730640e-01
376 7.261640e-01 6.520000e-04 2.731840e-01
377 7.260720e-01 6.120000e-04 2.733160e-01
378 7.259480e-01 6.240000e-04 2.734280e-01
379 7.258400e-01 6.000000e-04 2.735600e-01
380 7.257120e-01 6.120000e-04 2.736760e-01
381 7.256040e-01 5.960000e-04 2.738000e-01
382 7.255360e-01 5.480000e-04 2.739160e-01
383 7.254200e-01 5.720000e-04 2.740080e-01
384 7.253600e-01 5.560000e-04 2.740840e-01
385 7.252480e-01 5.840000e-04 2.741680e-01
386 7.251000e-01 6.280000e-04 2.742720e-01
387 7.250200e-01 6.000000e-04 2.743800e-01
388 7.248920e-01 6.320000e-04 2.744760e-01
389 7.248040e-01 6.200000e-04 2.745760e-01
390 7.247040e-01 6.160000e-04 2.746800e-01
391 7.245960e-01 6.080000e-04 2.747960e-01
392 7.245040e-01 6.160000e-04 2.748800e-01
393 7.243960e-01 5.840000e-04 2.750200e-01
394 7.242960e-01 6.120000e-04 2.750920e-01
395 7.242000e-01 6.160000e-04 2.751840e-01
396 7.240640e-01 6.600000e-04 2.752760e-01
397 7.239000e-01 7.040000e-04 2.753960e-01
398 7.236960e-01 7.880000e-04 2.755160e-01
399 7.235200e-01 8.360000e-04 2.756440e-01
400 7.233640e-01 8.520000e-04 2.757840e-01
401 7.232360e-01 8.080000e-04 2.759560e-01
402 7.230200e-01 8.960000e-04 2.760840e-01
403 7.228040e-01 9.280000e-04 2.762680e-01
404 7.226040e-01 9.360000e-04 2.764600e-01
405 7.224360e-01 9.280000e-04 2.766360e-01
406 7.223040e-01 9.040000e-04 2.767920e-01
407 7.221280e-01 9.120000e-04 2.769600e-01
408 7.219840e-01 8.720000e-04 2.771440e-01
409 7.218480e-01 8.720000e-04 2.772800e-01
410 7.217520e-01 8.280000e-04 2.774200e-01
411 7.216600e-01 7.840000e-04 2.775560e-01
412 7.215160e-01 7.800000e-04 2.777040e-01
413 7.213800e-01 7.920000e-04 2.778280e-01
414 7.212480e-01 7.680000e-04 2.779840e-01
415 7.211320e-01 7.760000e-04 2.780920e-01
416 7.210160e-01 7.760000e-04 2.782080e-01
417 7.209080e-01 7.640000e-04 2.783280e-01
418 7.207400e-01 7.760000e-04 2.784840e-01
419 7.205880e-01 7.920000e-04 2.786200e-01
420 7.204720e-01 7.520000e-04 2.787760e-01
421 7.203720e-01 7.040000e-04 2.789240e-01
422 7.202440e-01 7.160000e-04 2.790400e-01
423 7.201160e-01 7.280000e-04 2.791560e-01
424 7.199960e-01 7.000000e-04 2.793040e-01
425 7.198960e-01 6.560000e-04 2.794480e-01
426 7.198200e-01 6.040000e-04 2.795760e-01
427 7.197240e-01 6.040000e-04 2.796720e-01
428 7.195840e-01 6.600000e-04 2.797560e-01
429 7.194480e-01 6.640000e-04 2.798880e-01
430 7.193480e-01 6.840000e-04 2.799680e-01
431 7.192000e-01 7.280000e-04 2.800720e-01
432 7.191120e-01 6.720000e-04 2.802160e-01
433 7.189320e-01 7.360000e-04 2.803320e-01
434 7.188040e-01 7.280000e-04 2.804680e-01
435 7.186640e-01 7.320000e-04 2.806040e-01
436 7.185960e-01 6.840000e-04 2.807200e-01
437 7.185040e-01 6.480000e-04 2.808480e-01
438 7.183840e-01 6.400000e-04 2.809760e-01
439 7.182440e-01 6.720000e-04 2.810840e-01
440 7.181440e-01 6.480000e-04 2.812080e-01
441 7.180160e-01 6.640000e-04 2.813200e-01
442 7.178760e-01 6.760000e-04 2.814480e-01
443 7.177440e-01 7.000000e-04 2.815560e-01
444 7.176320e-01 6.920000e-04 2.816760e-01
445 7.174920e-01 7.240000e-04 2.817840e-01
446 7.174160e-01 6.840000e-04 2.819000e-01
447 7.173080e-01 6.760000e-04 2.820160e-01
448 7.172240e-01 6.560000e-04 2.821200e-01
449 7.171080e-01 6.440000e-04 2.822480e-01
450 7.169840e-01 6.520000e-04 2.823640e-01
451 7.168560e-01 6.840000e-04 2.824600e-01
452 7.167440e-01 6.720000e-04 2.825840e-01
453 7.166600e-01 6.040000e-04 2.827360e-01
454 7.165640e-01 5.600000e-04 2.828760e-01
455 7.164800e-01 5.320000e-04 2.829880e-01
456 7.164080e-01 5.080000e-04 2.830840e-01
457 7.163160e-01 5.160000e-04 2.831680e-01
458 7.162600e-01 4.680000e-04 2.832720e-01
459 7.161880e-01 4.720000e-04 2.833400e-01
460 7.160880e-01 4.840000e-04 2.834280e-01
461 7.159960e-01 5.400000e-04 2.834640e-01
462 7.158960e-01 5.760000e-04 2.835280e-01
463 7.158280e-01 5.240000e-04 2.836480e-01
464 7.157440e-01 4.960000e-04 2.837600e-01
465 7.156960e-01 4.680000e-04 2.838360e-01
466 7.156120e-01 4.560000e-04 2.839320e-01
467 7.154480e-01 5.360000e-04 2.840160e-01
468 7.153120e-01 5.720000e-04 2.841160e-01
469 7.151720e-01 5.800000e-04 2.842480e-01
470 7.150520e-01 5.880000e-04 2.843600e-01
471 7.149280e-01 6.000000e-04 2.844720e-01
472 7.148240e-01 6.120000e-04 2.845640e-01
473 7.147240e-01 5.920000e-04 2.846840e-01
474 7.145760e-01 5.920000e-04 2.848320e-01
475 7.144760e-01 6.000000e-04 2.849240e-01
476 7.143440e-01 6.360000e-04 2.850200e-01
477 7.142320e-01 6.360000e-04 2.851320e-01
478 7.140600e-01 6.800000e-04 2.852600e-01
479 7.139200e-01 6.880000e-04 2.853920e-01
480 7.137440e-01 7.880000e-04 2.854680e-01
481 7.135920e-01 8.160000e-04 2.855920e-01
482 7.133720e-01 9.040000e-04 2.857240e-01
483 7.131600e-01 1.016000e-03 2.858240e-01
484 7.129840e-01 9.680000e-04 2.860480e-01
485 7.127920e-01 9.480000e-04 2.862600e-01
486 7.126320e-01 9.120000e-04 2.864560e-01
487 7.124480e-01 9.120000e-04 2.866400e-01
488 7.122960e-01 9.200000e-04 2.867840e-01
489 7.121840e-01 8.920000e-04 2.869240e-01
490 7.120280e-01 8.880000e-04 2.870840e-01
491 7.118960e-01 8.760000e-04 2.872280e-01
492 7.117200e-01 9.360000e-04 2.873440e-01
493 7.116040e-01 8.240000e-04 2.875720e-01
494 7.115040e-01 8.200000e-04 2.876760e-01
495 7.114120e-01 7.520000e-04 2.878360e-01
496 7.113240e-01 7.000000e-04 2.879760e-01
497 7.112240e-01 6.680000e-04 2.881080e-01
498 7.111040e-01 6.280000e-04 2.882680e-01
499 7.110200e-01 6.160000e-04 2.883640e-01
500 7.109240e-01 5.880000e-04 2.884880e-01
