1 9.992240e-01 6.760000e-04 1.000000e-04
2 9.986320e-01 1.100000e-03 2.680000e-04
3 9.980800e-01 1.428000e-03 4.920000e-04
4 9.972360e-01 2.000000e-03 7.640000e-04
5 9.963960e-01 2.416000e-03 1.188000e-03
6 9.954920e-01 2.888000e-03 1.620000e-03
7 9.946560e-01 3.204000e-03 2.140000e-03
8 9.936640e-01 3.596000e-03 2.740000e-03
9 9.926800e-01 3.888000e-03 3.432000e-03
10 9.914760e-01 4.328000e-03 4.196000e-03
11 9.903520e-01 4.684000e-03 4.964000e-03
12 9.892120e-01 5.020000e-03 5.768000e-03
13 9.880400e-01 5.200000e-03 6.760000e-03
14 9.867560e-01 5.620000e-03 7.624000e-03
15 9.854280e-01 5.956000e-03 8.616000e-03
16 9.843280e-01 5.968000e-03 9.704000e-03
17 9.828880e-01 6.372000e-03 1.074000e-02
18 9.814280e-01 6.632000e-03 1.194000e-02
19 9.799720e-01 6.916000e-03 1.311200e-02
20 9.785760e-01 7.072000e-03 1.435200e-02
21 9.770480e-01 7.236000e-03 1.571600e-02
22 9.755600e-01 7.424000e-03 1.701600e-02
23 9.740480e-01 7.536000e-03 1.841600e-02
24 9.724480e-01 7.812000e-03 1.974000e-02
25 9.709920e-01 7.812000e-03 2.119600e-02
26 9.694800e-01 7.804000e-03 2.271600e-02
27 9.680120e-01 7.784000e-03 2.420400e-02
28 9.664840e-01 8.008000e-03 2.550800e-02
29 9.649720e-01 8.020000e-03 2.700800e-02
30 9.634360e-01 8.000000e-03 2.856400e-02
31 9.619120e-01 8.076000e-03 3.001200e-02
32 9.604920e-01 8.080000e-03 3.142800e-02
33 9.589160e-01 8.176000e-03 3.290800e-02
34 9.574360e-01 8.132000e-03 3.443200e-02
35 9.560240e-01 8.264000e-03 3.571200e-02
36 9.544440e-01 8.372000e-03 3.718400e-02
37 9.529440e-01 8.440000e-03 3.861600e-02
38 9.514320e-01 8.452000e-03 4.011600e-02
39 9.497600e-01 8.496000e-03 4.174400e-02
40 9.480760e-01 8.728000e-03 4.319600e-02
41 9.463800e-01 8.948000e-03 4.467200e-02
42 9.447200e-01 9.036000e-03 4.624400e-02
43 9.430200e-01 9.248000e-03 4.773200e-02
44 9.412160e-01 9.452000e-03 4.933200e-02
45 9.393560e-01 9.788000e-03 5.085600e-02
46 9.375680e-01 9.816000e-03 5.261600e-02
47 9.357200e-01 9.968000e-03 5.431200e-02
48 9.339600e-01 1.001600e-02 5.602400e-02
49 9.322960e-01 9.764000e-03 5.794000e-02
50 9.305080e-01 9.800000e-03 5.969200e-02
51 9.288480e-01 9.764000e-03 6.138800e-02
52 9.270880e-01 9.676000e-03 6.323600e-02
53 9.251880e-01 9.948000e-03 6.486400e-02
54 9.232160e-01 1.023600e-02 6.654800e-02
55 9.213040e-01 1.036800e-02 6.832800e-02
56 9.195720e-01 1.022800e-02 7.020000e-02
57 9.178120e-01 1.021200e-02 7.197600e-02
58 9.159320e-01 1.031200e-02 7.375600e-02
59 9.139960e-01 1.050800e-02 7.549600e-02
60 9.121320e-01 1.052400e-02 7.734400e-02
61 9.102880e-01 1.052800e-02 7.918400e-02
62 9.085200e-01 1.055600e-02 8.092400e-02
63 9.066720e-01 1.064000e-02 8.268800e-02
64 9.050840e-01 1.028400e-02 8.463200e-02
65 9.032280e-01 1.028800e-02 8.648400e-02
66 9.014520e-01 1.035200e-02 8.819600e-02
67 8.998200e-01 1.017200e-02 9.000800e-02
68 8.982160e-01 9.932000e-03 9.185200e-02
69 8.964320e-01 9.896000e-03 9.367200e-02
70 8.945960e-01 1.014400e-02 9.526000e-02
71 8.928280e-01 1.021600e-02 9.695600e-02
72 8.910760e-01 1.030000e-02 9.862400e-02
73 8.892520e-01 1.038400e-02 1.003640e-01
74 8.873240e-01 1.045200e-02 1.022240e-01
75 8.854240e-01 1.051600e-02 1.040600e-01
76 8.837280e-01 1.051200e-02 1.057600e-01
77 8.819360e-01 1.052800e-02 1.075360e-01
78 8.800800e-01 1.041600e-02 1.095040e-01
79 8.783560e-01 1.020800e-02 1.114360e-01
80 8.765120e-01 1.021200e-02 1.132760e-01
81 8.748400e-01 1.008000e-02 1.150800e-01
82 8.731720e-01 9.988000e-03 1.168400e-01
83 8.715440e-01 9.904000e-03 1.185520e-01
84 8.698800e-01 9.880000e-03 1.202400e-01
85 8.683840e-01 9.740000e-03 1.218760e-01
86 8.666800e-01 9.708000e-03 1.236120e-01
87 8.650520e-01 9.732000e-03 1.252160e-01
88 8.634640e-01 9.672000e-03 1.268640e-01
89 8.620520e-01 9.380000e-03 1.285680e-01
90 8.604000e-01 9.356000e-03 1.302440e-01
91 8.589440e-01 9.280000e-03 1.317760e-01
92 8.572840e-01 9.320000e-03 1.333960e-01
93 8.556480e-01 9.372000e-03 1.349800e-01
94 8.537640e-01 9.580000e-03 1.366560e-01
95 8.519080e-01 9.644000e-03 1.384480e-01
96 8.500640e-01 9.748000e-03 1.401880e-01
97 8.482200e-01 9.964000e-03 1.418160e-01
98 8.466040e-01 9.864000e-03 1.435320e-01
99 8.449200e-01 9.952000e-03 1.451280e-01
100 8.432360e-01 9.804000e-03 1.469600e-01
101 8.414840e-01 9.892000e-03 1.486240e-01
102 8.396160e-01 1.002000e-02 1.503640e-01
103 8.377400e-01 1.020000e-02 1.520600e-01
104 8.359480e-01 1.020000e-02 1.538520e-01
105 8.343480e-01 9.960000e-03 1.556920e-01
106 8.326600e-01 9.900000e-03 1.574400e-01
107 8.309280e-01 1.001200e-02 1.590600e-01
108 8.289640e-01 1.025600e-02 1.607800e-01
109 8.270800e-01 1.041600e-02 1.625040e-01
110 8.253600e-01 1.034800e-02 1.642920e-01
111 8.235200e-01 1.040800e-02 1.660720e-01
112 8.214920e-01 1.064400e-02 1.678640e-01
113 8.197280e-01 1.044000e-02 1.698320e-01
114 8.178240e-01 1.040800e-02 1.717680e-01
115 8.158600e-01 1.050800e-02 1.736320e-01
116 8.141040e-01 1.047600e-02 1.754200e-01
117 8.122360e-01 1.047200e-02 1.772920e-01
118 8.102960e-01 1.059200e-02 1.791120e-01
119 8.086160e-01 1.032000e-02 1.810640e-01
120 8.069640e-01 1.012400e-02 1.829120e-01
121 8.051880e-01 1.003200e-02 1.847800e-01
122 8.036240e-01 9.932000e-03 1.864440e-01
123 8.018640e-01 9.940000e-03 1.881960e-01
124 8.001640e-01 9.888000e-03 1.899480e-01
125 7.984200e-01 1.002800e-02 1.915520e-01
126 7.967000e-01 1.004000e-02 1.932600e-01
127 7.951040e-01 9.988000e-03 1.949080e-01
128 7.933920e-01 1.005200e-02 1.965560e-01
129 7.918960e-01 9.720000e-03 1.983840e-01
130 7.902840e-01 9.640000e-03 2.000760e-01
131 7.886560e-01 9.704000e-03 2.016400e-01
132 7.870240e-01 9.736000e-03 2.032400e-01
133 7.854240e-01 9.560000e-03 2.050160e-01
134 7.837280e-01 9.648000e-03 2.066240e-01
135 7.821000e-01 9.580000e-03 2.083200e-01
136 7.804080e-01 9.744000e-03 2.098480e-01
137 7.786960e-01 9.808000e-03 2.114960e-01
138 7.770560e-01 9.724000e-03 2.132200e-01
139 7.753680e-01 9.732000e-03 2.149000e-01
140 7.736040e-01 9.756000e-03 2.166400e-01
141 7.720520e-01 9.708000e-03 2.182400e-01
142 7.704200e-01 9.696000e-03 2.198840e-01
143 7.688280e-01 9.596000e-03 2.215760e-01
144 7.674520e-01 9.264000e-03 2.232840e-01
145 7.659400e-01 9.128000e-03 2.249320e-01
146 7.643920e-01 9.156000e-03 2.264520e-01
147 7.628440e-01 8.956000e-03 2.282000e-01
148 7.612720e-01 8.980000e-03 2.297480e-01
149 7.597080e-01 8.936000e-03 2.313560e-01
150 7.582440e-01 8.796000e-03 2.329600e-01
151 7.566760e-01 8.912000e-03 2.344120e-01
152 7.551480e-01 8.836000e-03 2.360160e-01
153 7.536120e-01 8.780000e-03 2.376080e-01
154 7.520640e-01 8.844000e-03 2.390920e-01
155 7.504040e-01 8.980000e-03 2.406160e-01
156 7.489960e-01 8.828000e-03 2.421760e-01
157 7.473280e-01 8.876000e-03 2.437960e-01
158 7.458280e-01 8.884000e-03 2.452880e-01
159 7.441960e-01 8.968000e-03 2.468360e-01
160 7.426920e-01 8.776000e-03 2.485320e-01
161 7.412520e-01 8.696000e-03 2.500520e-01
162 7.398440e-01 8.580000e-03 2.515760e-01
163 7.384480e-01 8.380000e-03 2.531720e-01
164 7.370520e-01 8.380000e-03 2.545680e-01
165 7.356240e-01 8.364000e-03 2.560120e-01
166 7.340240e-01 8.396000e-03 2.575800e-01
167 7.326360e-01 8.268000e-03 2.590960e-01
168 7.313200e-01 8.080000e-03 2.606000e-01
169 7.300000e-01 8.040000e-03 2.619600e-01
170 7.286200e-01 8.000000e-03 2.633800e-01
171 7.270800e-01 8.252000e-03 2.646680e-01
172 7.256160e-01 8.352000e-03 2.660320e-01
173 7.241960e-01 8.272000e-03 2.675320e-01
174 7.225920e-01 8.444000e-03 2.689640e-01
175 7.211920e-01 8.520000e-03 2.702880e-01
176 7.197480e-01 8.464000e-03 2.717880e-01
177 7.182920e-01 8.488000e-03 2.732200e-01
178 7.168960e-01 8.492000e-03 2.746120e-01
179 7.154640e-01 8.440000e-03 2.760960e-01
180 7.139800e-01 8.364000e-03 2.776560e-01
181 7.126080e-01 8.308000e-03 2.790840e-01
182 7.110960e-01 8.440000e-03 2.804640e-01
183 7.097120e-01 8.324000e-03 2.819640e-01
184 7.082240e-01 8.472000e-03 2.833040e-01
185 7.067680e-01 8.440000e-03 2.847920e-01
186 7.054440e-01 8.316000e-03 2.862400e-01
187 7.041720e-01 8.156000e-03 2.876720e-01
188 7.028400e-01 8.100000e-03 2.890600e-01
189 7.014480e-01 8.060000e-03 2.904920e-01
190 7.001040e-01 8.048000e-03 2.918480e-01
191 6.987040e-01 8.084000e-03 2.932120e-01
192 6.973200e-01 8.056000e-03 2.946240e-01
193 6.959560e-01 7.952000e-03 2.960920e-01
194 6.945760e-01 7.936000e-03 2.974880e-01
195 6.932600e-01 7.716000e-03 2.990240e-01
196 6.919480e-01 7.524000e-03 3.005280e-01
197 6.905960e-01 7.480000e-03 3.019240e-01
198 6.893960e-01 7.372000e-03 3.032320e-01
199 6.882680e-01 7.256000e-03 3.044760e-01
200 6.870560e-01 7.160000e-03 3.057840e-01
201 6.857800e-01 7.100000e-03 3.071200e-01
202 6.844720e-01 7.180000e-03 3.083480e-01
203 6.833240e-01 7.184000e-03 3.094920e-01
204 6.822320e-01 7.096000e-03 3.106720e-01
205 6.811800e-01 6.940000e-03 3.118800e-01
206 6.800360e-01 6.852000e-03 3.131120e-01
207 6.788320e-01 6.812000e-03 3.143560e-01
208 6.777840e-01 6.688000e-03 3.155280e-01
209 6.766760e-01 6.596000e-03 3.167280e-01
210 6.755600e-01 6.480000e-03 3.179600e-01
211 6.744040e-01 6.464000e-03 3.191320e-01
212 6.732280e-01 6.508000e-03 3.202640e-01
213 6.722040e-01 6.468000e-03 3.213280e-01
214 6.712280e-01 6.248000e-03 3.225240e-01
215 6.702600e-01 6.104000e-03 3.236360e-01
216 6.692320e-01 6.036000e-03 3.247320e-01
217 6.681440e-01 6.144000e-03 3.257120e-01
218 6.671720e-01 6.156000e-03 3.266720e-01
219 6.661680e-01 6.044000e-03 3.277880e-01
220 6.652160e-01 5.944000e-03 3.288400e-01
221 6.642200e-01 5.848000e-03 3.299320e-01
222 6.632240e-01 5.788000e-03 3.309880e-01
223 6.623240e-01 5.744000e-03 3.319320e-01
224 6.612520e-01 5.924000e-03 3.328240e-01
225 6.602520e-01 5.988000e-03 3.337600e-01
226 6.592200e-01 5.888000e-03 3.348920e-01
227 6.581080e-01 6.000000e-03 3.358920e-01
228 6.571080e-01 5.948000e-03 3.369440e-01
229 6.560880e-01 5.988000e-03 3.379240e-01
230 6.550440e-01 5.924000e-03 3.390320e-01
231 6.539360e-01 5.932000e-03 3.401320e-01
232 6.528480e-01 5.972000e-03 3.411800e-01
233 6.518880e-01 5.920000e-03 3.421920e-01
234 6.509040e-01 5.896000e-03 3.432000e-01
235 6.499320e-01 5.776000e-03 3.442920e-01
236 6.489560e-01 5.788000e-03 3.452560e-01
237 6.480840e-01 5.668000e-03 3.462480e-01
238 6.472040e-01 5.592000e-03 3.472040e-01
239 6.464000e-01 5.340000e-03 3.482600e-01
240 6.456200e-01 5.244000e-03 3.491360e-01
241 6.448160e-01 5.112000e-03 3.500720e-01
242 6.441120e-01 4.972000e-03 3.509160e-01
243 6.433120e-01 4.868000e-03 3.518200e-01
244 6.425440e-01 4.820000e-03 3.526360e-01
245 6.419920e-01 4.516000e-03 3.534920e-01
246 6.414240e-01 4.180000e-03 3.543960e-01
247 6.407440e-01 4.176000e-03 3.550800e-01
248 6.401160e-01 4.128000e-03 3.557560e-01
249 6.395600e-01 3.996000e-03 3.564440e-01
250 6.390320e-01 3.780000e-03 3.571880e-01
251 6.384600e-01 3.732000e-03 3.578080e-01
252 6.378960e-01 3.628000e-03 3.584760e-01
253 6.373000e-01 3.540000e-03 3.591600e-01
254 6.367760e-01 3.464000e-03 3.597600e-01
255 6.363200e-01 3.444000e-03 3.602360e-01
256 6.358000e-01 3.420000e-03 3.607800e-01
257 6.352360e-01 3.448000e-03 3.613160e-01
258 6.345840e-01 3.500000e-03 3.619160e-01
259 6.339560e-01 3.440000e-03 3.626040e-01
260 6.333000e-01 3.512000e-03 3.631880e-01
261 6.326640e-01 3.556000e-03 3.637800e-01
262 6.319360e-01 3.636000e-03 3.644280e-01
263 6.314440e-01 3.520000e-03 3.650360e-01
264 6.308760e-01 3.476000e-03 3.656480e-01
265 6.303080e-01 3.444000e-03 3.662480e-01
266 6.297440e-01 3.400000e-03 3.668560e-01
267 6.291320e-01 3.456000e-03 3.674120e-01
268 6.285880e-01 3.444000e-03 3.679680e-01
269 6.280000e-01 3.424000e-03 3.685760e-01
270 6.274120e-01 3.488000e-03 3.691000e-01
271 6.268920e-01 3.376000e-03 3.697320e-01
272 6.263360e-01 3.304000e-03 3.703600e-01
273 6.256640e-01 3.432000e-03 3.709040e-01
274 6.251480e-01 3.296000e-03 3.715560e-01
275 6.245800e-01 3.312000e-03 3.721080e-01
276 6.241080e-01 3.244000e-03 3.726480e-01
277 6.234680e-01 3.360000e-03 3.731720e-01
278 6.228120e-01 3.444000e-03 3.737440e-01
279 6.221360e-01 3.540000e-03 3.743240e-01
280 6.214960e-01 3.576000e-03 3.749280e-01
281 6.208360e-01 3.628000e-03 3.755360e-01
282 6.202280e-01 3.568000e-03 3.762040e-01
283 6.196800e-01 3.540000e-03 3.767800e-01
284 6.191120e-01 3.420000e-03 3.774680e-01
285 6.185760e-01 3.372000e-03 3.780520e-01
286 6.179680e-01 3.360000e-03 3.786720e-01
287 6.174160e-01 3.328000e-03 3.792560e-01
288 6.168280e-01 3.392000e-03 3.797800e-01
289 6.161880e-01 3.444000e-03 3.803680e-01
290 6.155520e-01 3.468000e-03 3.809800e-01
291 6.150320e-01 3.348000e-03 3.816200e-01
292 6.145600e-01 3.240000e-03 3.822000e-01
293 6.139960e-01 3.228000e-03 3.827760e-01
294 6.134640e-01 3.120000e-03 3.834160e-01
295 6.129120e-01 3.132000e-03 3.839560e-01
296 6.123480e-01 3.192000e-03 3.844600e-01
297 6.118680e-01 3.128000e-03 3.850040e-01
298 6.112800e-01 3.068000e-03 3.856520e-01
299 6.108200e-01 2.888000e-03 3.862920e-01
300 6.103760e-01 2.880000e-03 3.867440e-01
301 6.099280e-01 2.820000e-03 3.872520e-01
302 6.095120e-01 2.788000e-03 3.877000e-01
303 6.091120e-01 2.788000e-03 3.881000e-01
304 6.087480e-01 2.716000e-03 3.885360e-01
305 6.083760e-01 2.620000e-03 3.890040e-01
306 6.079440e-01 2.516000e-03 3.895400e-01
307 6.074600e-01 2.564000e-03 3.899760e-01
308 6.070120e-01 2.564000e-03 3.904240e-01
309 6.065560e-01 2.584000e-03 3.908600e-01
310 6.062000e-01 2.416000e-03 3.913840e-01
311 6.057680e-01 2.396000e-03 3.918360e-01
312 6.054200e-01 2.336000e-03 3.922440e-01
313 6.049200e-01 2.408000e-03 3.926720e-01
314 6.045080e-01 2.420000e-03 3.930720e-01
315 6.041520e-01 2.348000e-03 3.935000e-01
316 6.037800e-01 2.260000e-03 3.939600e-01
317 6.035120e-01 2.116000e-03 3.943720e-01
318 6.031800e-01 2.124000e-03 3.946960e-01
319 6.028400e-01 2.092000e-03 3.950680e-01
320 6.024440e-01 2.144000e-03 3.954120e-01
321 6.021280e-01 2.104000e-03 3.957680e-01
322 6.018640e-01 2.044000e-03 3.960920e-01
323 6.014800e-01 2.080000e-03 3.964400e-01
324 6.011200e-01 2.060000e-03 3.968200e-01
325 6.008080e-01 2.000000e-03 3.971920e-01
326 6.005160e-01 1.944000e-03 3.975400e-01
327 6.002480e-01 1.900000e-03 3.978520e-01
328 5.999640e-01 1.808000e-03 3.982280e-01
329 5.996720e-01 1.756000e-03 3.985720e-01
330 5.993800e-01 1.732000e-03 3.988880e-01
331 5.991160e-01 1.720000e-03 3.991640e-01
332 5.988600e-01 1.660000e-03 3.994800e-01
333 5.985880e-01 1.652000e-03 3.997600e-01
334 5.983360e-01 1.588000e-03 4.000760e-01
335 5.981080e-01 1.504000e-03 4.003880e-01
336 5.978440e-01 1.512000e-03 4.006440e-01
337 5.975720e-01 1.496000e-03 4.009320e-01
338 5.973040e-01 1.476000e-03 4.012200e-01
339 5.970040e-01 1.496000e-03 4.015000e-01
340 5.967400e-01 1.488000e-03 4.017720e-01
341 5.964240e-01 1.564000e-03 4.020120e-01
342 5.961640e-01 1.580000e-03 4.022560e-01
343 5.958000e-01 1.660000e-03 4.025400e-01
344 5.955040e-01 1.660000e-03 4.028360e-01
345 5.952360e-01 1.664000e-03 4.031000e-01
346 5.949600e-01 1.652000e-03 4.033880e-01
347 5.946520e-01 1.708000e-03 4.036400e-01
348 5.943680e-01 1.700000e-03 4.039320e-01
349 5.940760e-01 1.688000e-03 4.042360e-01
350 5.937640e-01 1.716000e-03 4.045200e-01
351 5.934400e-01 1.756000e-03 4.048040e-01
352 5.930640e-01 1.772000e-03 4.051640e-01
353 5.926920e-01 1.820000e-03 4.054880e-01
354 5.923520e-01 1.892000e-03 4.057560e-01
355 5.921000e-01 1.812000e-03 4.060880e-01
356 5.917880e-01 1.812000e-03 4.064000e-01
357 5.915040e-01 1.840000e-03 4.066560e-01
358 5.912520e-01 1.744000e-03 4.070040e-01
359 5.909880e-01 1.752000e-03 4.072600e-01
360 5.907080e-01 1.760000e-03 4.075320e-01
361 5.904160e-01 1.668000e-03 4.079160e-01
362 5.901360e-01 1.652000e-03 4.082120e-01
363 5.898200e-01 1.688000e-03 4.084920e-01
364 5.895560e-01 1.632000e-03 4.088120e-01
365 5.892160e-01 1.648000e-03 4.091360e-01
366 5.888640e-01 1.684000e-03 4.094520e-01
367 5.885560e-01 1.720000e-03 4.097240e-01
368 5.881720e-01 1.792000e-03 4.100360e-01
369 5.878440e-01 1.820000e-03 4.103360e-01
370 5.875320e-01 1.776000e-03 4.106920e-01
371 5.871720e-01 1.896000e-03 4.109320e-01
372 5.868000e-01 1.952000e-03 4.112480e-01
373 5.864600e-01 1.980000e-03 4.115600e-01
374 5.860520e-01 2.032000e-03 4.119160e-01
375 5.856200e-01 2.180000e-03 4.122000e-01
376 5.852800e-01 2.104000e-03 4.126160e-01
377 5.849560e-01 2.100000e-03 4.129440e-01
378 5.846080e-01 2.068000e-03 4.133240e-01
379 5.842720e-01 2.060000e-03 4.136680e-01
380 5.839280e-01 1.988000e-03 4.140840e-01
381 5.836280e-01 1.952000e-03 4.144200e-01
382 5.833760e-01 1.888000e-03 4.147360e-01
383 5.831880e-01 1.744000e-03 4.150680e-01
384 5.829640e-01 1.648000e-03 4.153880e-01
385 5.827440e-01 1.568000e-03 4.156880e-01
386 5.825040e-01 1.512000e-03 4.159840e-01
387 5.822360e-01 1.508000e-03 4.162560e-01
388 5.820120e-01 1.460000e-03 4.165280e-01
389 5.817920e-01 1.416000e-03 4.167920e-01
390 5.815840e-01 1.376000e-03 4.170400e-01
391 5.812960e-01 1.472000e-03 4.172320e-01
392 5.810240e-01 1.488000e-03 4.174880e-01
393 5.808000e-01 1.472000e-03 4.177280e-01
394 5.805400e-01 1.504000e-03 4.179560e-01
395 5.803440e-01 1.416000e-03 4.182400e-01
396 5.801320e-01 1.412000e-03 4.184560e-01
397 5.798760e-01 1.416000e-03 4.187080e-01
398 5.795960e-01 1.484000e-03 4.189200e-01
399 5.793480e-01 1.452000e-03 4.192000e-01
400 5.791200e-01 1.444000e-03 4.194360e-01
401 5.789480e-01 1.364000e-03 4.196880e-01
402 5.787720e-01 1.280000e-03 4.199480e-01
403 5.785960e-01 1.236000e-03 4.201680e-01
404 5.784200e-01 1.208000e-03 4.203720e-01
405 5.781440e-01 1.268000e-03 4.205880e-01
406 5.779120e-01 1.284000e-03 4.208040e-01
407 5.776960e-01 1.268000e-03 4.210360e-01
408 5.774680e-01 1.224000e-03 4.213080e-01
409 5.772880e-01 1.168000e-03 4.215440e-01
410 5.771040e-01 1.148000e-03 4.217480e-01
411 5.769360e-01 1.116000e-03 4.219480e-01
412 5.767440e-01 1.112000e-03 4.221440e-01
413 5.765320e-01 1.104000e-03 4.223640e-01
414 5.763560e-01 1.092000e-03 4.225520e-01
415 5.761800e-01 1.064000e-03 4.227560e-01
416 5.759880e-01 1.064000e-03 4.229480e-01
417 5.758200e-01 1.064000e-03 4.231160e-01
418 5.756240e-01 1.052000e-03 4.233240e-01
419 5.754440e-01 1.036000e-03 4.235200e-01
420 5.752320e-01 1.132000e-03 4.236360e-01
421 5.750840e-01 1.104000e-03 4.238120e-01
422 5.749040e-01 1.080000e-03 4.240160e-01
423 5.746760e-01 1.144000e-03 4.241800e-01
424 5.744280e-01 1.212000e-03 4.243600e-01
425 5.742360e-01 1.228000e-03 4.245360e-01
426 5.740960e-01 1.172000e-03 4.247320e-01
427 5.739520e-01 1.144000e-03 4.249040e-01
428 5.737920e-01 1.072000e-03 4.251360e-01
429 5.736040e-01 1.044000e-03 4.253520e-01
430 5.734080e-01 1.004000e-03 4.255880e-01
431 5.732680e-01 9.640000e-04 4.257680e-01
432 5.731120e-01 9.200000e-04 4.259680e-01
433 5.729280e-01 9.840000e-04 4.260880e-01
434 5.727240e-01 1.068000e-03 4.262080e-01
435 5.725640e-01 1.024000e-03 4.264120e-01
436 5.723880e-01 1.004000e-03 4.266080e-01
437 5.721800e-01 1.004000e-03 4.268160e-01
438 5.720640e-01 9.640000e-04 4.269720e-01
439 5.718960e-01 9.840000e-04 4.271200e-01
440 5.717400e-01 9.680000e-04 4.272920e-01
441 5.715760e-01 9.920000e-04 4.274320e-01
442 5.714360e-01 9.400000e-04 4.276240e-01
443 5.712360e-01 9.320000e-04 4.278320e-01
444 5.710760e-01 8.920000e-04 4.280320e-01
445 5.709720e-01 8.520000e-04 4.281760e-01
446 5.708640e-01 7.840000e-04 4.283520e-01
447 5.707440e-01 7.440000e-04 4.285120e-01
448 5.706040e-01 7.640000e-04 4.286320e-01
449 5.704440e-01 8.160000e-04 4.287400e-01
450 5.702840e-01 8.320000e-04 4.288840e-01
451 5.701040e-01 9.000000e-04 4.289960e-01
452 5.699400e-01 8.800000e-04 4.291800e-01
453 5.698120e-01 8.720000e-04 4.293160e-01
454 5.696800e-01 8.120000e-04 4.295080e-01
455 5.695200e-01 8.280000e-04 4.296520e-01
456 5.693560e-01 8.720000e-04 4.297720e-01
457 5.691960e-01 8.600000e-04 4.299440e-01
458 5.690360e-01 8.520000e-04 4.301120e-01
459 5.689120e-01 7.800000e-04 4.303080e-01
460 5.688120e-01 7.320000e-04 4.304560e-01
461 5.686480e-01 7.520000e-04 4.306000e-01
462 5.684880e-01 8.080000e-04 4.307040e-01
463 5.682920e-01 8.520000e-04 4.308560e-01
464 5.681720e-01 8.240000e-04 4.310040e-01
465 5.680040e-01 8.600000e-04 4.311360e-01
466 5.678480e-01 8.640000e-04 4.312880e-01
467 5.677000e-01 8.320000e-04 4.314680e-01
468 5.675760e-01 7.960000e-04 4.316280e-01
469 5.674040e-01 8.440000e-04 4.317520e-01
470 5.671600e-01 9.560000e-04 4.318840e-01
471 5.669920e-01 9.520000e-04 4.320560e-01
472 5.667440e-01 1.012000e-03 4.322440e-01
473 5.665640e-01 1.036000e-03 4.324000e-01
474 5.663200e-01 1.096000e-03 4.325840e-01
475 5.661600e-01 1.028000e-03 4.328120e-01
476 5.659360e-01 1.088000e-03 4.329760e-01
477 5.657800e-01 1.048000e-03 4.331720e-01
478 5.655640e-01 1.088000e-03 4.333480e-01
479 5.653840e-01 1.092000e-03 4.335240e-01
480 5.652080e-01 1.096000e-03 4.336960e-01
481 5.650240e-01 1.080000e-03 4.338960e-01
482 5.648640e-01 1.004000e-03 4.341320e-01
483 5.647400e-01 9.640000e-04 4.342960e-01
484 5.646080e-01 9.520000e-04 4.344400e-01
485 5.645200e-01 8.560000e-04 4.346240e-01
486 5.644360e-01 8.000000e-04 4.347640e-01
487 5.643160e-01 7.800000e-04 4.349040e-01
488 5.642320e-01 7.400000e-04 4.350280e-01
489 5.641080e-01 7.560000e-04 4.351360e-01
490 5.639720e-01 7.960000e-04 4.352320e-01
491 5.638640e-01 7.480000e-04 4.353880e-01
492 5.637040e-01 7.680000e-04 4.355280e-01
493 5.635760e-01 7.480000e-04 4.356760e-01
494 5.634680e-01 7.320000e-04 4.358000e-01
495 5.633320e-01 7.160000e-04 4.359520e-01
496 5.632120e-01 7.360000e-04 4.360520e-01
497 5.631040e-01 7.600000e-04 4.361360e-01
498 5.629760e-01 7.480000e-04 4.362760e-01
499 5.628400e-01 7.640000e-04 4.363960e-01
500 5.627440e-01 7.320000e-04 4.365240e-01
