1 9.992920e-01 5.960000e-04 1.120000e-04
2 9.987480e-01 9.960000e-04 2.560000e-04
3 9.981960e-01 1.288000e-03 5.160000e-04
4 9.977200e-01 1.500000e-03 7.800000e-04
5 9.970920e-01 1.808000e-03 1.100000e-03
6 9.964360e-01 2.092000e-03 1.472000e-03
7 9.956600e-01 2.504000e-03 1.836000e-03
8 9.948840e-01 2.784000e-03 2.332000e-03
9 9.939320e-01 3.160000e-03 2.908000e-03
10 9.930680e-01 3.404000e-03 3.528000e-03
11 9.919600e-01 3.852000e-03 4.188000e-03
12 9.908680e-01 4.220000e-03 4.912000e-03
13 9.898640e-01 4.452000e-03 5.684000e-03
14 9.887120e-01 4.744000e-03 6.544000e-03
15 9.876520e-01 4.984000e-03 7.364000e-03
16 9.865960e-01 5.132000e-03 8.272000e-03
17 9.855720e-01 5.180000e-03 9.248000e-03
18 9.846160e-01 5.272000e-03 1.011200e-02
19 9.834720e-01 5.440000e-03 1.108800e-02
20 9.823880e-01 5.516000e-03 1.209600e-02
21 9.813680e-01 5.544000e-03 1.308800e-02
22 9.802240e-01 5.700000e-03 1.407600e-02
23 9.790120e-01 5.880000e-03 1.510800e-02
24 9.778680e-01 6.012000e-03 1.612000e-02
25 9.767320e-01 6.024000e-03 1.724400e-02
26 9.756280e-01 5.924000e-03 1.844800e-02
27 9.743480e-01 6.232000e-03 1.942000e-02
28 9.730120e-01 6.472000e-03 2.051600e-02
29 9.717360e-01 6.584000e-03 2.168000e-02
30 9.705200e-01 6.668000e-03 2.281200e-02
31 9.691960e-01 6.852000e-03 2.395200e-02
32 9.679120e-01 6.892000e-03 2.519600e-02
33 9.665240e-01 7.040000e-03 2.643600e-02
34 9.651080e-01 7.068000e-03 2.782400e-02
35 9.636440e-01 7.296000e-03 2.906000e-02
36 9.625360e-01 7.072000e-03 3.039200e-02
37 9.611920e-01 7.192000e-03 3.161600e-02
38 9.598320e-01 7.248000e-03 3.292000e-02
39 9.584960e-01 7.156000e-03 3.434800e-02
40 9.572240e-01 7.184000e-03 3.559200e-02
41 9.558840e-01 7.332000e-03 3.678400e-02
42 9.545360e-01 7.340000e-03 3.812400e-02
43 9.533120e-01 7.252000e-03 3.943600e-02
44 9.520600e-01 7.276000e-03 4.066400e-02
45 9.508240e-01 7.200000e-03 4.197600e-02
46 9.495040e-01 7.176000e-03 4.332000e-02
47 9.483400e-01 7.068000e-03 4.459200e-02
48 9.470720e-01 7.124000e-03 4.580400e-02
49 9.457440e-01 7.176000e-03 4.708000e-02
50 9.443600e-01 7.272000e-03 4.836800e-02
51 9.431720e-01 7.188000e-03 4.964000e-02
52 9.419200e-01 7.236000e-03 5.084400e-02
53 9.406040e-01 7.316000e-03 5.208000e-02
54 9.393040e-01 7.348000e-03 5.334800e-02
55 9.381080e-01 7.420000e-03 5.447200e-02
56 9.368040e-01 7.456000e-03 5.574000e-02
57 9.354200e-01 7.660000e-03 5.692000e-02
58 9.342080e-01 7.560000e-03 5.823200e-02
59 9.329400e-01 7.552000e-03 5.950800e-02
60 9.315920e-01 7.576000e-03 6.083200e-02
61 9.301920e-01 7.688000e-03 6.212000e-02
62 9.288080e-01 7.824000e-03 6.336800e-02
63 9.275360e-01 7.832000e-03 6.463200e-02
64 9.262600e-01 7.776000e-03 6.596400e-02
65 9.248280e-01 7.912000e-03 6.726000e-02
66 9.235560e-01 7.728000e-03 6.871600e-02
67 9.222520e-01 7.584000e-03 7.016400e-02
68 9.209200e-01 7.512000e-03 7.156800e-02
69 9.195280e-01 7.564000e-03 7.290800e-02
70 9.181400e-01 7.696000e-03 7.416400e-02
71 9.167480e-01 7.636000e-03 7.561600e-02
72 9.154040e-01 7.876000e-03 7.672000e-02
73 9.140360e-01 7.920000e-03 7.804400e-02
74 9.125760e-01 7.872000e-03 7.955200e-02
75 9.110120e-01 7.920000e-03 8.106800e-02
76 9.094600e-01 8.080000e-03 8.246000e-02
77 9.079080e-01 8.252000e-03 8.384000e-02
78 9.061880e-01 8.524000e-03 8.528800e-02
79 9.046320e-01 8.684000e-03 8.668400e-02
80 9.030280e-01 8.824000e-03 8.814800e-02
81 9.013560e-01 8.928000e-03 8.971600e-02
82 8.996320e-01 9.124000e-03 9.124400e-02
83 8.981120e-01 8.940000e-03 9.294800e-02
84 8.965440e-01 8.836000e-03 9.462000e-02
85 8.948400e-01 8.988000e-03 9.617200e-02
86 8.930480e-01 9.328000e-03 9.762400e-02
87 8.913760e-01 9.312000e-03 9.931200e-02
88 8.896800e-01 9.340000e-03 1.009800e-01
89 8.879960e-01 9.304000e-03 1.027000e-01
90 8.863840e-01 9.328000e-03 1.042880e-01
91 8.848480e-01 9.248000e-03 1.059040e-01
92 8.834240e-01 9.292000e-03 1.072840e-01
93 8.817760e-01 9.304000e-03 1.089200e-01
94 8.802400e-01 9.336000e-03 1.104240e-01
95 8.785880e-01 9.400000e-03 1.120120e-01
96 8.769640e-01 9.292000e-03 1.137440e-01
97 8.751280e-01 9.508000e-03 1.153640e-01
98 8.732880e-01 9.640000e-03 1.170720e-01
99 8.715960e-01 9.576000e-03 1.188280e-01
100 8.698880e-01 9.612000e-03 1.205000e-01
101 8.679800e-01 9.820000e-03 1.222000e-01
102 8.664440e-01 9.828000e-03 1.237280e-01
103 8.648880e-01 9.692000e-03 1.254200e-01
104 8.633240e-01 9.496000e-03 1.271800e-01
105 8.618480e-01 9.308000e-03 1.288440e-01
106 8.602360e-01 9.432000e-03 1.303320e-01
107 8.586880e-01 9.400000e-03 1.319120e-01
108 8.571640e-01 9.160000e-03 1.336760e-01
109 8.556040e-01 9.060000e-03 1.353360e-01
110 8.540320e-01 9.156000e-03 1.368120e-01
111 8.526240e-01 9.008000e-03 1.383680e-01
112 8.512040e-01 8.812000e-03 1.399840e-01
113 8.499680e-01 8.452000e-03 1.415800e-01
114 8.486880e-01 8.196000e-03 1.431160e-01
115 8.473640e-01 8.064000e-03 1.445720e-01
116 8.459560e-01 8.120000e-03 1.459240e-01
117 8.447240e-01 7.952000e-03 1.473240e-01
118 8.433040e-01 7.920000e-03 1.487760e-01
119 8.418680e-01 7.876000e-03 1.502560e-01
120 8.405320e-01 7.880000e-03 1.515880e-01
121 8.392440e-01 7.708000e-03 1.530480e-01
122 8.382200e-01 7.320000e-03 1.544600e-01
123 8.371600e-01 7.064000e-03 1.557760e-01
124 8.359680e-01 7.072000e-03 1.569600e-01
125 8.347640e-01 7.232000e-03 1.580040e-01
126 8.336720e-01 7.040000e-03 1.592880e-01
127 8.326040e-01 6.856000e-03 1.605400e-01
128 8.315680e-01 6.620000e-03 1.618120e-01
129 8.306600e-01 6.412000e-03 1.629280e-01
130 8.296600e-01 6.224000e-03 1.641160e-01
131 8.286280e-01 6.152000e-03 1.652200e-01
132 8.275640e-01 6.080000e-03 1.663560e-01
133 8.265080e-01 5.988000e-03 1.675040e-01
134 8.254680e-01 5.944000e-03 1.685880e-01
135 8.242600e-01 6.092000e-03 1.696480e-01
136 8.232000e-01 5.980000e-03 1.708200e-01
137 8.222000e-01 5.968000e-03 1.718320e-01
138 8.211960e-01 5.828000e-03 1.729760e-01
139 8.201880e-01 5.792000e-03 1.740200e-01
140 8.192280e-01 5.768000e-03 1.750040e-01
141 8.182680e-01 5.772000e-03 1.759600e-01
142 8.173040e-01 5.644000e-03 1.770520e-01
143 8.163600e-01 5.592000e-03 1.780480e-01
144 8.154480e-01 5.576000e-03 1.789760e-01
145 8.145880e-01 5.528000e-03 1.798840e-01
146 8.136720e-01 5.532000e-03 1.807960e-01
147 8.129120e-01 5.468000e-03 1.816200e-01
148 8.120440e-01 5.384000e-03 1.825720e-01
149 8.111880e-01 5.336000e-03 1.834760e-01
150 8.102160e-01 5.468000e-03 1.843160e-01
151 8.092760e-01 5.424000e-03 1.853000e-01
152 8.083040e-01 5.364000e-03 1.863320e-01
153 8.073720e-01 5.396000e-03 1.872320e-01
154 8.064760e-01 5.400000e-03 1.881240e-01
155 8.055000e-01 5.432000e-03 1.890680e-01
156 8.045080e-01 5.468000e-03 1.900240e-01
157 8.035800e-01 5.436000e-03 1.909840e-01
158 8.026520e-01 5.428000e-03 1.919200e-01
159 8.017240e-01 5.276000e-03 1.930000e-01
160 8.008440e-01 5.300000e-03 1.938560e-01
161 7.999600e-01 5.212000e-03 1.948280e-01
162 7.991800e-01 5.020000e-03 1.958000e-01
163 7.982960e-01 5.040000e-03 1.966640e-01
164 7.973880e-01 5.068000e-03 1.975440e-01
165 7.966040e-01 4.964000e-03 1.984320e-01
166 7.958080e-01 4.916000e-03 1.992760e-01
167 7.950120e-01 4.872000e-03 2.001160e-01
168 7.942960e-01 4.776000e-03 2.009280e-01
169 7.937120e-01 4.512000e-03 2.017760e-01
170 7.929560e-01 4.488000e-03 2.025560e-01
171 7.923120e-01 4.304000e-03 2.033840e-01
172 7.915560e-01 4.388000e-03 2.040560e-01
173 7.908000e-01 4.392000e-03 2.048080e-01
174 7.899840e-01 4.436000e-03 2.055800e-01
175 7.892400e-01 4.412000e-03 2.063480e-01
176 7.883160e-01 4.548000e-03 2.071360e-01
177 7.873760e-01 4.644000e-03 2.079800e-01
178 7.864800e-01 4.848000e-03 2.086720e-01
179 7.856880e-01 4.792000e-03 2.095200e-01
180 7.848160e-01 4.896000e-03 2.102880e-01
181 7.838440e-01 5.032000e-03 2.111240e-01
182 7.829640e-01 4.988000e-03 2.120480e-01
183 7.819760e-01 5.024000e-03 2.130000e-01
184 7.810080e-01 5.092000e-03 2.139000e-01
185 7.800640e-01 5.108000e-03 2.148280e-01
186 7.791720e-01 5.164000e-03 2.156640e-01
187 7.781760e-01 5.256000e-03 2.165680e-01
188 7.772240e-01 5.300000e-03 2.174760e-01
189 7.763400e-01 5.220000e-03 2.184400e-01
190 7.753880e-01 5.176000e-03 2.194360e-01
191 7.744160e-01 5.228000e-03 2.203560e-01
192 7.735280e-01 5.324000e-03 2.211480e-01
193 7.725560e-01 5.300000e-03 2.221440e-01
194 7.716480e-01 5.228000e-03 2.231240e-01
195 7.708080e-01 5.128000e-03 2.240640e-01
196 7.698800e-01 5.132000e-03 2.249880e-01
197 7.690760e-01 5.108000e-03 2.258160e-01
198 7.682880e-01 5.020000e-03 2.266920e-01
199 7.673200e-01 5.168000e-03 2.275120e-01
200 7.663440e-01 5.236000e-03 2.284200e-01
201 7.655120e-01 5.216000e-03 2.292720e-01
202 7.648120e-01 5.032000e-03 2.301560e-01
203 7.639400e-01 5.104000e-03 2.309560e-01
204 7.630600e-01 5.088000e-03 2.318520e-01
205 7.622320e-01 5.112000e-03 2.326560e-01
206 7.613760e-01 5.200000e-03 2.334240e-01
207 7.606400e-01 5.076000e-03 2.342840e-01
208 7.598640e-01 5.036000e-03 2.351000e-01
209 7.590240e-01 4.960000e-03 2.360160e-01
210 7.582200e-01 4.892000e-03 2.368880e-01
211 7.575040e-01 4.740000e-03 2.377560e-01
212 7.567000e-01 4.800000e-03 2.385000e-01
213 7.559120e-01 4.768000e-03 2.393200e-01
214 7.550240e-01 4.840000e-03 2.401360e-01
215 7.540760e-01 5.012000e-03 2.409120e-01
216 7.533360e-01 4.908000e-03 2.417560e-01
217 7.524960e-01 4.896000e-03 2.426080e-01
218 7.518200e-01 4.772000e-03 2.434080e-01
219 7.510120e-01 4.636000e-03 2.443520e-01
220 7.501560e-01 4.656000e-03 2.451880e-01
221 7.493440e-01 4.632000e-03 2.460240e-01
222 7.485520e-01 4.692000e-03 2.467560e-01
223 7.478280e-01 4.512000e-03 2.476600e-01
224 7.471000e-01 4.444000e-03 2.484560e-01
225 7.463840e-01 4.360000e-03 2.492560e-01
226 7.457000e-01 4.256000e-03 2.500440e-01
227 7.449640e-01 4.332000e-03 2.507040e-01
228 7.442800e-01 4.276000e-03 2.514440e-01
229 7.436640e-01 4.152000e-03 2.521840e-01
230 7.429600e-01 4.080000e-03 2.529600e-01
231 7.422320e-01 4.048000e-03 2.537200e-01
232 7.416200e-01 4.004000e-03 2.543760e-01
233 7.409080e-01 4.056000e-03 2.550360e-01
234 7.401600e-01 4.100000e-03 2.557400e-01
235 7.394840e-01 4.060000e-03 2.564560e-01
236 7.388560e-01 4.084000e-03 2.570600e-01
237 7.382320e-01 3.928000e-03 2.578400e-01
238 7.375560e-01 3.952000e-03 2.584920e-01
239 7.369720e-01 3.896000e-03 2.591320e-01
240 7.363520e-01 3.888000e-03 2.597600e-01
241 7.357720e-01 3.816000e-03 2.604120e-01
242 7.352040e-01 3.716000e-03 2.610800e-01
243 7.346200e-01 3.632000e-03 2.617480e-01
244 7.340040e-01 3.620000e-03 2.623760e-01
245 7.333680e-01 3.508000e-03 2.631240e-01
246 7.328800e-01 3.436000e-03 2.636840e-01
247 7.323280e-01 3.336000e-03 2.643360e-01
248 7.317000e-01 3.376000e-03 2.649240e-01
249 7.310280e-01 3.468000e-03 2.655040e-01
250 7.303440e-01 3.572000e-03 2.660840e-01
251 7.297440e-01 3.556000e-03 2.667000e-01
252 7.291040e-01 3.532000e-03 2.673640e-01
253 7.285440e-01 3.504000e-03 2.679520e-01
254 7.279520e-01 3.404000e-03 2.686440e-01
255 7.273960e-01 3.320000e-03 2.692840e-01
256 7.268520e-01 3.168000e-03 2.699800e-01
257 7.263480e-01 3.108000e-03 2.705440e-01
258 7.258040e-01 3.164000e-03 2.710320e-01
259 7.253600e-01 3.064000e-03 2.715760e-01
260 7.248400e-01 3.112000e-03 2.720480e-01
261 7.242880e-01 3.172000e-03 2.725400e-01
262 7.236720e-01 3.212000e-03 2.731160e-01
263 7.230640e-01 3.220000e-03 2.737160e-01
264 7.225400e-01 3.256000e-03 2.742040e-01
265 7.218920e-01 3.284000e-03 2.748240e-01
266 7.213480e-01 3.184000e-03 2.754680e-01
267 7.207160e-01 3.308000e-03 2.759760e-01
268 7.201400e-01 3.320000e-03 2.765400e-01
269 7.195480e-01 3.308000e-03 2.771440e-01
270 7.189240e-01 3.360000e-03 2.777160e-01
271 7.183280e-01 3.376000e-03 2.782960e-01
272 7.177400e-01 3.396000e-03 2.788640e-01
273 7.172200e-01 3.396000e-03 2.793840e-01
274 7.167280e-01 3.296000e-03 2.799760e-01
275 7.161920e-01 3.212000e-03 2.805960e-01
276 7.155960e-01 3.316000e-03 2.810880e-01
277 7.150480e-01 3.268000e-03 2.816840e-01
278 7.145600e-01 3.188000e-03 2.822520e-01
279 7.141000e-01 3.048000e-03 2.828520e-01
280 7.137040e-01 2.968000e-03 2.833280e-01
281 7.133600e-01 2.800000e-03 2.838400e-01
282 7.128960e-01 2.688000e-03 2.844160e-01
283 7.125400e-01 2.524000e-03 2.849360e-01
284 7.121800e-01 2.416000e-03 2.854040e-01
285 7.118400e-01 2.340000e-03 2.858200e-01
286 7.115320e-01 2.176000e-03 2.862920e-01
287 7.111240e-01 2.216000e-03 2.866600e-01
288 7.107120e-01 2.208000e-03 2.870800e-01
289 7.103200e-01 2.280000e-03 2.874000e-01
290 7.099160e-01 2.312000e-03 2.877720e-01
291 7.095400e-01 2.256000e-03 2.882040e-01
292 7.091960e-01 2.208000e-03 2.885960e-01
293 7.088200e-01 2.248000e-03 2.889320e-01
294 7.084600e-01 2.224000e-03 2.893160e-01
295 7.081160e-01 2.132000e-03 2.897520e-01
296 7.077240e-01 2.184000e-03 2.900920e-01
297 7.074160e-01 2.068000e-03 2.905160e-01
298 7.070320e-01 2.048000e-03 2.909200e-01
299 7.067320e-01 2.012000e-03 2.912560e-01
300 7.064400e-01 2.016000e-03 2.915440e-01
301 7.060880e-01 1.968000e-03 2.919440e-01
302 7.058040e-01 1.928000e-03 2.922680e-01
303 7.054360e-01 1.952000e-03 2.926120e-01
304 7.051320e-01 1.924000e-03 2.929440e-01
305 7.047880e-01 1.948000e-03 2.932640e-01
306 7.045000e-01 1.952000e-03 2.935480e-01
307 7.041720e-01 1.968000e-03 2.938600e-01
308 7.038320e-01 1.932000e-03 2.942360e-01
309 7.035560e-01 1.860000e-03 2.945840e-01
310 7.032240e-01 1.872000e-03 2.949040e-01
311 7.029680e-01 1.812000e-03 2.952200e-01
312 7.026520e-01 1.836000e-03 2.955120e-01
313 7.022440e-01 1.920000e-03 2.958360e-01
314 7.018960e-01 1.908000e-03 2.961960e-01
315 7.015920e-01 1.884000e-03 2.965240e-01
316 7.012760e-01 1.872000e-03 2.968520e-01
317 7.009360e-01 1.820000e-03 2.972440e-01
318 7.006520e-01 1.756000e-03 2.975920e-01
319 7.003200e-01 1.804000e-03 2.978760e-01
320 7.000520e-01 1.756000e-03 2.981920e-01
321 6.996960e-01 1.776000e-03 2.985280e-01
322 6.993400e-01 1.764000e-03 2.988960e-01
323 6.989880e-01 1.852000e-03 2.991600e-01
324 6.986560e-01 1.880000e-03 2.994640e-01
325 6.983480e-01 1.872000e-03 2.997800e-01
326 6.980760e-01 1.872000e-03 3.000520e-01
327 6.977840e-01 1.828000e-03 3.003880e-01
328 6.974640e-01 1.776000e-03 3.007600e-01
329 6.970840e-01 1.844000e-03 3.010720e-01
330 6.967200e-01 1.916000e-03 3.013640e-01
331 6.963760e-01 1.916000e-03 3.017080e-01
332 6.959600e-01 1.964000e-03 3.020760e-01
333 6.955000e-01 2.128000e-03 3.023720e-01
334 6.951240e-01 2.156000e-03 3.027200e-01
335 6.947200e-01 2.224000e-03 3.030560e-01
336 6.943080e-01 2.260000e-03 3.034320e-01
337 6.939160e-01 2.256000e-03 3.038280e-01
338 6.936000e-01 2.140000e-03 3.042600e-01
339 6.932640e-01 2.144000e-03 3.045920e-01
340 6.928640e-01 2.156000e-03 3.049800e-01
341 6.924920e-01 2.196000e-03 3.053120e-01
342 6.920760e-01 2.216000e-03 3.057080e-01
343 6.916800e-01 2.264000e-03 3.060560e-01
344 6.912800e-01 2.228000e-03 3.064920e-01
345 6.909040e-01 2.212000e-03 3.068840e-01
346 6.905720e-01 2.168000e-03 3.072600e-01
347 6.902320e-01 2.160000e-03 3.076080e-01
348 6.898440e-01 2.204000e-03 3.079520e-01
349 6.894280e-01 2.276000e-03 3.082960e-01
350 6.890040e-01 2.308000e-03 3.086880e-01
351 6.885440e-01 2.392000e-03 3.090640e-01
352 6.881240e-01 2.396000e-03 3.094800e-01
353 6.876880e-01 2.344000e-03 3.099680e-01
354 6.872320e-01 2.464000e-03 3.103040e-01
355 6.868160e-01 2.480000e-03 3.107040e-01
356 6.863560e-01 2.492000e-03 3.111520e-01
357 6.859400e-01 2.452000e-03 3.116080e-01
358 6.855960e-01 2.384000e-03 3.120200e-01
359 6.852080e-01 2.348000e-03 3.124440e-01
360 6.848320e-01 2.240000e-03 3.129280e-01
361 6.844880e-01 2.240000e-03 3.132720e-01
362 6.841440e-01 2.228000e-03 3.136280e-01
363 6.838280e-01 2.132000e-03 3.140400e-01
364 6.835040e-01 2.084000e-03 3.144120e-01
365 6.832000e-01 2.040000e-03 3.147600e-01
366 6.828920e-01 2.012000e-03 3.150960e-01
367 6.826040e-01 1.940000e-03 3.154560e-01
368 6.824080e-01 1.768000e-03 3.158240e-01
369 6.821560e-01 1.716000e-03 3.161280e-01
370 6.819560e-01 1.624000e-03 3.164200e-01
371 6.817600e-01 1.512000e-03 3.167280e-01
372 6.816080e-01 1.404000e-03 3.169880e-01
373 6.814600e-01 1.284000e-03 3.172560e-01
374 6.812520e-01 1.256000e-03 3.174920e-01
375 6.810680e-01 1.224000e-03 3.177080e-01
376 6.808880e-01 1.208000e-03 3.179040e-01
377 6.807120e-01 1.100000e-03 3.181880e-01
378 6.805400e-01 1.052000e-03 3.184080e-01
379 6.804280e-01 9.800000e-04 3.185920e-01
380 6.803000e-01 9.120000e-04 3.187880e-01
381 6.801760e-01 9.080000e-04 3.189160e-01
382 6.800440e-01 9.000000e-04 3.190560e-01
383 6.799720e-01 8.040000e-04 3.192240e-01
384 6.798600e-01 8.120000e-04 3.193280e-01
385 6.797440e-01 7.960000e-04 3.194600e-01
386 6.796360e-01 7.640000e-04 3.196000e-01
387 6.795280e-01 7.360000e-04 3.197360e-01
388 6.793960e-01 7.120000e-04 3.198920e-01
389 6.793160e-01 6.960000e-04 3.199880e-01
390 6.792760e-01 6.200000e-04 3.201040e-01
391 6.791720e-01 6.480000e-04 3.201800e-01
392 6.790720e-01 6.640000e-04 3.202640e-01
393 6.789960e-01 6.600000e-04 3.203440e-01
394 6.788840e-01 6.240000e-04 3.204920e-01
395 6.787800e-01 5.960000e-04 3.206240e-01
396 6.786920e-01 5.800000e-04 3.207280e-01
397 6.785720e-01 6.360000e-04 3.207920e-01
398 6.784760e-01 6.160000e-04 3.209080e-01
399 6.783360e-01 6.720000e-04 3.209920e-01
400 6.782200e-01 6.640000e-04 3.211160e-01
401 6.781320e-01 6.360000e-04 3.212320e-01
402 6.779960e-01 6.760000e-04 3.213280e-01
403 6.778640e-01 6.360000e-04 3.215000e-01
404 6.777600e-01 6.120000e-04 3.216280e-01
405 6.776480e-01 6.240000e-04 3.217280e-01
406 6.775240e-01 6.480000e-04 3.218280e-01
407 6.773720e-01 6.640000e-04 3.219640e-01
408 6.772480e-01 6.920000e-04 3.220600e-01
409 6.771320e-01 6.880000e-04 3.221800e-01
410 6.769960e-01 7.080000e-04 3.222960e-01
411 6.769160e-01 6.680000e-04 3.224160e-01
412 6.767920e-01 6.600000e-04 3.225480e-01
413 6.767280e-01 6.120000e-04 3.226600e-01
414 6.766360e-01 6.200000e-04 3.227440e-01
415 6.765920e-01 5.520000e-04 3.228560e-01
416 6.765480e-01 5.000000e-04 3.229520e-01
417 6.764760e-01 4.840000e-04 3.230400e-01
418 6.764120e-01 4.520000e-04 3.231360e-01
419 6.763400e-01 4.720000e-04 3.231880e-01
420 6.762400e-01 4.800000e-04 3.232800e-01
421 6.761760e-01 4.760000e-04 3.233480e-01
422 6.761000e-01 4.480000e-04 3.234520e-01
423 6.760400e-01 4.040000e-04 3.235560e-01
424 6.759680e-01 4.000000e-04 3.236320e-01
425 6.758680e-01 4.640000e-04 3.236680e-01
426 6.757320e-01 5.240000e-04 3.237440e-01
427 6.756200e-01 5.160000e-04 3.238640e-01
428 6.755440e-01 4.720000e-04 3.239840e-01
429 6.754440e-01 4.880000e-04 3.240680e-01
430 6.753720e-01 4.600000e-04 3.241680e-01
431 6.753200e-01 4.480000e-04 3.242320e-01
432 6.752520e-01 4.480000e-04 3.243000e-01
433 6.752120e-01 4.000000e-04 3.243880e-01
434 6.751560e-01 3.640000e-04 3.244800e-01
435 6.751160e-01 3.360000e-04 3.245480e-01
436 6.750280e-01 3.880000e-04 3.245840e-01
437 6.749840e-01 3.560000e-04 3.246600e-01
438 6.749600e-01 3.320000e-04 3.247080e-01
439 6.749240e-01 3.120000e-04 3.247640e-01
440 6.748880e-01 3.000000e-04 3.248120e-01
441 6.748480e-01 2.920000e-04 3.248600e-01
442 6.748120e-01 2.600000e-04 3.249280e-01
443 6.747920e-01 2.360000e-04 3.249720e-01
444 6.747600e-01 2.200000e-04 3.250200e-01
445 6.747320e-01 2.240000e-04 3.250440e-01
446 6.747000e-01 2.240000e-04 3.250760e-01
447 6.746960e-01 1.800000e-04 3.251240e-01
448 6.746400e-01 2.000000e-04 3.251600e-01
449 6.746080e-01 1.960000e-04 3.251960e-01
450 6.745720e-01 1.920000e-04 3.252360e-01
451 6.745560e-01 1.880000e-04 3.252560e-01
452 6.745280e-01 2.040000e-04 3.252680e-01
453 6.745120e-01 1.680000e-04 3.253200e-01
454 6.745040e-01 1.400000e-04 3.253560e-01
455 6.744520e-01 1.440000e-04 3.254040e-01
456 6.744240e-01 1.400000e-04 3.254360e-01
457 6.743920e-01 1.520000e-04 3.254560e-01
458 6.743840e-01 1.280000e-04 3.254880e-01
459 6.743560e-01 1.240000e-04 3.255200e-01
460 6.743280e-01 1.160000e-04 3.255560e-01
461 6.743120e-01 1.080000e-04 3.255800e-01
462 6.742880e-01 8.000000e-05 3.256320e-01
463 6.742680e-01 8.400000e-05 3.256480e-01
464 6.742640e-01 6.400000e-05 3.256720e-01
465 6.742440e-01 6.800000e-05 3.256880e-01
466 6.742360e-01 6.400000e-05 3.257000e-01
467 6.742280e-01 6.400000e-05 3.257080e-01
468 6.742240e-01 6.000000e-05 3.257160e-01
469 6.742200e-01 5.200000e-05 3.257280e-01
470 6.742080e-01 5.600000e-05 3.257360e-01
471 6.741840e-01 8.000000e-05 3.257360e-01
472 6.741720e-01 7.600000e-05 3.257520e-01
473 6.741640e-01 5.600000e-05 3.257800e-01
474 6.741560e-01 6.000000e-05 3.257840e-01
475 6.741520e-01 5.200000e-05 3.257960e-01
476 6.741480e-01 5.600000e-05 3.257960e-01
477 6.741400e-01 6.000000e-05 3.258000e-01
478 6.741200e-01 7.600000e-05 3.258040e-01
479 6.741160e-01 7.600000e-05 3.258080e-01
480 6.741080e-01 7.600000e-05 3.258160e-01
481 6.740840e-01 8.800000e-05 3.258280e-01
482 6.740760e-01 8.400000e-05 3.258400e-01
483 6.740520e-01 8.400000e-05 3.258640e-01
484 6.740040e-01 1.120000e-04 3.258840e-01
485 6.739840e-01 1.040000e-04 3.259120e-01
486 6.739440e-01 1.120000e-04 3.259440e-01
487 6.739160e-01 1.040000e-04 3.259800e-01
488 6.738760e-01 1.080000e-04 3.260160e-01
489 6.738600e-01 9.600000e-05 3.260440e-01
490 6.738520e-01 8.800000e-05 3.260600e-01
491 6.738240e-01 1.040000e-04 3.260720e-01
492 6.738120e-01 1.080000e-04 3.260800e-01
493 6.737960e-01 1.160000e-04 3.260880e-01
494 6.737720e-01 1.120000e-04 3.261160e-01
495 6.737560e-01 1.200000e-04 3.261240e-01
496 6.737480e-01 1.120000e-04 3.261400e-01
497 6.737360e-01 1.080000e-04 3.261560e-01
498 6.737080e-01 1.080000e-04 3.261840e-01
499 6.736920e-01 1.000000e-04 3.262080e-01
500 6.736800e-01 1.040000e-04 3.262160e-01
