1 9.991960e-01 7.360000e-04 6.800000e-05
2 9.985480e-01 1.200000e-03 2.520000e-04
3 9.978360e-01 1.684000e-03 4.800000e-04
4 9.970760e-01 2.128000e-03 7.960000e-04
5 9.962480e-01 2.472000e-03 1.280000e-03
6 9.952000e-01 3.020000e-03 1.780000e-03
7 9.941000e-01 3.492000e-03 2.408000e-03
8 9.931160e-01 3.820000e-03 3.064000e-03
9 9.919400e-01 4.240000e-03 3.820000e-03
10 9.908560e-01 4.516000e-03 4.628000e-03
11 9.897600e-01 4.892000e-03 5.348000e-03
12 9.886280e-01 5.196000e-03 6.176000e-03
13 9.874880e-01 5.284000e-03 7.228000e-03
14 9.863600e-01 5.464000e-03 8.176000e-03
15 9.851600e-01 5.592000e-03 9.248000e-03
16 9.840320e-01 5.728000e-03 1.024000e-02
17 9.828120e-01 5.860000e-03 1.132800e-02
18 9.816360e-01 6.056000e-03 1.230800e-02
19 9.803160e-01 6.388000e-03 1.329600e-02
20 9.791040e-01 6.520000e-03 1.437600e-02
21 9.778200e-01 6.660000e-03 1.552000e-02
22 9.764920e-01 6.812000e-03 1.669600e-02
23 9.751880e-01 6.844000e-03 1.796800e-02
24 9.738920e-01 7.016000e-03 1.909200e-02
25 9.724840e-01 7.036000e-03 2.048000e-02
26 9.709760e-01 7.348000e-03 2.167600e-02
27 9.694000e-01 7.556000e-03 2.304400e-02
28 9.680320e-01 7.660000e-03 2.430800e-02
29 9.665880e-01 7.708000e-03 2.570400e-02
30 9.650880e-01 7.760000e-03 2.715200e-02
31 9.637400e-01 7.668000e-03 2.859200e-02
32 9.622120e-01 7.868000e-03 2.992000e-02
33 9.608320e-01 7.768000e-03 3.140000e-02
34 9.595000e-01 7.728000e-03 3.277200e-02
35 9.581040e-01 7.796000e-03 3.410000e-02
36 9.567200e-01 7.740000e-03 3.554000e-02
37 9.552200e-01 7.912000e-03 3.686800e-02
38 9.538720e-01 7.836000e-03 3.829200e-02
39 9.522920e-01 8.100000e-03 3.960800e-02
40 9.509000e-01 8.012000e-03 4.108800e-02
41 9.493760e-01 8.248000e-03 4.237600e-02
42 9.478360e-01 8.332000e-03 4.383200e-02
43 9.461360e-01 8.488000e-03 4.537600e-02
44 9.446200e-01 8.564000e-03 4.681600e-02
45 9.430800e-01 8.660000e-03 4.826000e-02
46 9.416320e-01 8.552000e-03 4.981600e-02
47 9.401840e-01 8.572000e-03 5.124400e-02
48 9.385680e-01 8.792000e-03 5.264000e-02
49 9.369480e-01 8.904000e-03 5.414800e-02
50 9.353440e-01 8.940000e-03 5.571600e-02
51 9.338160e-01 8.924000e-03 5.726000e-02
52 9.323840e-01 8.872000e-03 5.874400e-02
53 9.309160e-01 8.940000e-03 6.014400e-02
54 9.295040e-01 8.904000e-03 6.159200e-02
55 9.279520e-01 8.924000e-03 6.312400e-02
56 9.264600e-01 8.884000e-03 6.465600e-02
57 9.249000e-01 8.920000e-03 6.618000e-02
58 9.234120e-01 8.676000e-03 6.791200e-02
59 9.217520e-01 8.860000e-03 6.938800e-02
60 9.200440e-01 8.916000e-03 7.104000e-02
61 9.183280e-01 9.068000e-03 7.260400e-02
62 9.166040e-01 9.236000e-03 7.416000e-02
63 9.148640e-01 9.400000e-03 7.573600e-02
64 9.130000e-01 9.568000e-03 7.743200e-02
65 9.112520e-01 9.668000e-03 7.908000e-02
66 9.095800e-01 9.656000e-03 8.076400e-02
67 9.077720e-01 9.812000e-03 8.241600e-02
68 9.061760e-01 9.748000e-03 8.407600e-02
69 9.044040e-01 9.796000e-03 8.580000e-02
70 9.027360e-01 9.692000e-03 8.757200e-02
71 9.010280e-01 9.688000e-03 8.928400e-02
72 8.994280e-01 9.516000e-03 9.105600e-02
73 8.978680e-01 9.496000e-03 9.263600e-02
74 8.961960e-01 9.456000e-03 9.434800e-02
75 8.947240e-01 9.216000e-03 9.606000e-02
76 8.930840e-01 9.300000e-03 9.761600e-02
77 8.915120e-01 9.196000e-03 9.929200e-02
78 8.898880e-01 9.112000e-03 1.010000e-01
79 8.882320e-01 9.156000e-03 1.026120e-01
80 8.866320e-01 9.216000e-03 1.041520e-01
81 8.851000e-01 9.124000e-03 1.057760e-01
82 8.836400e-01 9.076000e-03 1.072840e-01
83 8.819240e-01 9.240000e-03 1.088360e-01
84 8.803240e-01 9.056000e-03 1.106200e-01
85 8.787680e-01 8.960000e-03 1.122720e-01
86 8.772160e-01 9.052000e-03 1.137320e-01
87 8.755320e-01 9.072000e-03 1.153960e-01
88 8.739840e-01 8.940000e-03 1.170760e-01
89 8.724080e-01 8.936000e-03 1.186560e-01
90 8.708560e-01 8.760000e-03 1.203840e-01
91 8.694160e-01 8.624000e-03 1.219600e-01
92 8.680480e-01 8.464000e-03 1.234880e-01
93 8.666520e-01 8.388000e-03 1.249600e-01
94 8.651640e-01 8.448000e-03 1.263880e-01
95 8.635920e-01 8.604000e-03 1.278040e-01
96 8.619760e-01 8.704000e-03 1.293200e-01
97 8.604000e-01 8.716000e-03 1.308840e-01
98 8.587680e-01 8.736000e-03 1.324960e-01
99 8.572200e-01 8.716000e-03 1.340640e-01
100 8.554400e-01 8.936000e-03 1.356240e-01
101 8.538440e-01 9.020000e-03 1.371360e-01
102 8.520920e-01 9.192000e-03 1.387160e-01
103 8.503520e-01 9.252000e-03 1.403960e-01
104 8.486640e-01 9.300000e-03 1.420360e-01
105 8.469240e-01 9.320000e-03 1.437560e-01
106 8.451320e-01 9.524000e-03 1.453440e-01
107 8.435760e-01 9.424000e-03 1.470000e-01
108 8.419960e-01 9.332000e-03 1.486720e-01
109 8.404520e-01 9.156000e-03 1.503920e-01
110 8.388720e-01 9.224000e-03 1.519040e-01
111 8.374520e-01 8.964000e-03 1.535840e-01
112 8.358680e-01 8.932000e-03 1.552000e-01
113 8.343640e-01 8.876000e-03 1.567600e-01
114 8.327560e-01 8.880000e-03 1.583640e-01
115 8.312720e-01 8.692000e-03 1.600360e-01
116 8.297520e-01 8.728000e-03 1.615200e-01
117 8.283320e-01 8.444000e-03 1.632240e-01
118 8.270280e-01 8.260000e-03 1.647120e-01
119 8.256120e-01 8.252000e-03 1.661360e-01
120 8.240480e-01 8.276000e-03 1.676760e-01
121 8.226680e-01 8.200000e-03 1.691320e-01
122 8.213000e-01 8.108000e-03 1.705920e-01
123 8.198400e-01 8.020000e-03 1.721400e-01
124 8.183840e-01 8.076000e-03 1.735400e-01
125 8.171080e-01 7.940000e-03 1.749520e-01
126 8.158440e-01 7.744000e-03 1.764120e-01
127 8.146400e-01 7.572000e-03 1.777880e-01
128 8.133080e-01 7.572000e-03 1.791200e-01
129 8.119680e-01 7.600000e-03 1.804320e-01
130 8.108520e-01 7.336000e-03 1.818120e-01
131 8.094640e-01 7.492000e-03 1.830440e-01
132 8.081040e-01 7.668000e-03 1.842280e-01
133 8.069080e-01 7.548000e-03 1.855440e-01
134 8.056880e-01 7.464000e-03 1.868480e-01
135 8.044600e-01 7.400000e-03 1.881400e-01
136 8.031640e-01 7.504000e-03 1.893320e-01
137 8.018800e-01 7.408000e-03 1.907120e-01
138 8.005160e-01 7.568000e-03 1.919160e-01
139 7.991680e-01 7.484000e-03 1.933480e-01
140 7.979440e-01 7.364000e-03 1.946920e-01
141 7.967200e-01 7.368000e-03 1.959120e-01
142 7.954560e-01 7.404000e-03 1.971400e-01
143 7.942240e-01 7.376000e-03 1.984000e-01
144 7.929280e-01 7.460000e-03 1.996120e-01
145 7.915680e-01 7.524000e-03 2.009080e-01
146 7.901440e-01 7.600000e-03 2.022560e-01
147 7.886800e-01 7.792000e-03 2.035280e-01
148 7.874200e-01 7.680000e-03 2.049000e-01
149 7.861160e-01 7.624000e-03 2.062600e-01
150 7.848160e-01 7.716000e-03 2.074680e-01
151 7.835040e-01 7.736000e-03 2.087600e-01
152 7.821320e-01 7.696000e-03 2.101720e-01
153 7.808880e-01 7.596000e-03 2.115160e-01
154 7.794080e-01 7.712000e-03 2.128800e-01
155 7.780360e-01 7.712000e-03 2.142520e-01
156 7.767360e-01 7.604000e-03 2.156600e-01
157 7.753200e-01 7.728000e-03 2.169520e-01
158 7.739240e-01 7.664000e-03 2.184120e-01
159 7.724240e-01 7.644000e-03 2.199320e-01
160 7.711880e-01 7.604000e-03 2.212080e-01
161 7.698760e-01 7.576000e-03 2.225480e-01
162 7.686520e-01 7.428000e-03 2.239200e-01
163 7.675040e-01 7.288000e-03 2.252080e-01
164 7.663000e-01 7.264000e-03 2.264360e-01
165 7.650200e-01 7.240000e-03 2.277400e-01
166 7.637280e-01 7.380000e-03 2.288920e-01
167 7.624960e-01 7.392000e-03 2.301120e-01
168 7.610840e-01 7.524000e-03 2.313920e-01
169 7.596320e-01 7.688000e-03 2.326800e-01
170 7.583200e-01 7.652000e-03 2.340280e-01
171 7.569520e-01 7.616000e-03 2.354320e-01
172 7.554320e-01 7.868000e-03 2.367000e-01
173 7.539320e-01 7.968000e-03 2.381000e-01
174 7.525200e-01 7.936000e-03 2.395440e-01
175 7.511440e-01 7.980000e-03 2.408760e-01
176 7.498520e-01 7.920000e-03 2.422280e-01
177 7.485240e-01 7.744000e-03 2.437320e-01
178 7.472920e-01 7.616000e-03 2.450920e-01
179 7.459200e-01 7.708000e-03 2.463720e-01
180 7.446880e-01 7.608000e-03 2.477040e-01
181 7.435040e-01 7.468000e-03 2.490280e-01
182 7.421760e-01 7.496000e-03 2.503280e-01
183 7.408480e-01 7.548000e-03 2.516040e-01
184 7.394720e-01 7.704000e-03 2.528240e-01
185 7.382200e-01 7.572000e-03 2.542080e-01
186 7.368880e-01 7.528000e-03 2.555840e-01
187 7.355480e-01 7.528000e-03 2.569240e-01
188 7.340280e-01 7.684000e-03 2.582880e-01
189 7.327360e-01 7.736000e-03 2.595280e-01
190 7.313800e-01 7.788000e-03 2.608320e-01
191 7.301000e-01 7.724000e-03 2.621760e-01
192 7.288120e-01 7.732000e-03 2.634560e-01
193 7.274720e-01 7.844000e-03 2.646840e-01
194 7.263080e-01 7.568000e-03 2.661240e-01
195 7.251160e-01 7.456000e-03 2.674280e-01
196 7.240680e-01 7.260000e-03 2.686720e-01
197 7.229800e-01 7.012000e-03 2.700080e-01
198 7.218120e-01 6.892000e-03 2.712960e-01
199 7.206240e-01 6.912000e-03 2.724640e-01
200 7.193560e-01 6.972000e-03 2.736720e-01
201 7.183520e-01 6.732000e-03 2.749160e-01
202 7.172760e-01 6.588000e-03 2.761360e-01
203 7.161000e-01 6.596000e-03 2.773040e-01
204 7.151040e-01 6.580000e-03 2.783160e-01
205 7.139440e-01 6.532000e-03 2.795240e-01
206 7.128880e-01 6.372000e-03 2.807400e-01
207 7.117160e-01 6.404000e-03 2.818800e-01
208 7.106080e-01 6.224000e-03 2.831680e-01
209 7.097360e-01 5.968000e-03 2.842960e-01
210 7.087840e-01 5.880000e-03 2.853360e-01
211 7.078720e-01 5.808000e-03 2.863200e-01
212 7.068360e-01 5.860000e-03 2.873040e-01
213 7.059960e-01 5.612000e-03 2.883920e-01
214 7.049920e-01 5.632000e-03 2.893760e-01
215 7.039680e-01 5.584000e-03 2.904480e-01
216 7.030480e-01 5.644000e-03 2.913080e-01
217 7.020280e-01 5.700000e-03 2.922720e-01
218 7.010600e-01 5.624000e-03 2.933160e-01
219 7.000000e-01 5.664000e-03 2.943360e-01
220 6.989480e-01 5.616000e-03 2.954360e-01
221 6.980480e-01 5.436000e-03 2.965160e-01
222 6.970920e-01 5.436000e-03 2.974720e-01
223 6.961640e-01 5.520000e-03 2.983160e-01
224 6.953160e-01 5.360000e-03 2.993240e-01
225 6.942360e-01 5.592000e-03 3.001720e-01
226 6.932120e-01 5.596000e-03 3.011920e-01
227 6.921840e-01 5.660000e-03 3.021560e-01
228 6.910600e-01 5.728000e-03 3.032120e-01
229 6.899760e-01 5.712000e-03 3.043120e-01
230 6.889320e-01 5.728000e-03 3.053400e-01
231 6.878240e-01 5.744000e-03 3.064320e-01
232 6.867680e-01 5.796000e-03 3.074360e-01
233 6.858600e-01 5.636000e-03 3.085040e-01
234 6.849440e-01 5.656000e-03 3.094000e-01
235 6.839400e-01 5.676000e-03 3.103840e-01
236 6.829480e-01 5.612000e-03 3.114400e-01
237 6.819720e-01 5.640000e-03 3.123880e-01
238 6.808680e-01 5.828000e-03 3.133040e-01
239 6.798200e-01 5.900000e-03 3.142800e-01
240 6.788960e-01 5.788000e-03 3.153160e-01
241 6.780800e-01 5.572000e-03 3.163480e-01
242 6.772320e-01 5.412000e-03 3.173560e-01
243 6.763240e-01 5.504000e-03 3.181720e-01
244 6.754400e-01 5.452000e-03 3.191080e-01
245 6.745440e-01 5.368000e-03 3.200880e-01
246 6.737000e-01 5.308000e-03 3.209920e-01
247 6.728720e-01 5.160000e-03 3.219680e-01
248 6.721160e-01 4.920000e-03 3.229640e-01
249 6.712840e-01 4.956000e-03 3.237600e-01
250 6.704080e-01 4.972000e-03 3.246200e-01
251 6.694920e-01 5.084000e-03 3.254240e-01
252 6.686760e-01 5.056000e-03 3.262680e-01
253 6.678560e-01 5.052000e-03 3.270920e-01
254 6.670680e-01 4.964000e-03 3.279680e-01
255 6.663800e-01 4.744000e-03 3.288760e-01
256 6.655480e-01 4.840000e-03 3.296120e-01
257 6.647400e-01 4.756000e-03 3.305040e-01
258 6.640840e-01 4.596000e-03 3.313200e-01
259 6.633960e-01 4.424000e-03 3.321800e-01
260 6.627400e-01 4.312000e-03 3.329480e-01
261 6.620920e-01 4.152000e-03 3.337560e-01
262 6.614680e-01 4.068000e-03 3.344640e-01
263 6.608000e-01 4.072000e-03 3.351280e-01
264 6.602160e-01 3.984000e-03 3.358000e-01
265 6.596480e-01 3.984000e-03 3.363680e-01
266 6.589400e-01 4.060000e-03 3.370000e-01
267 6.583920e-01 3.896000e-03 3.377120e-01
268 6.578360e-01 3.712000e-03 3.384520e-01
269 6.572640e-01 3.600000e-03 3.391360e-01
270 6.567560e-01 3.564000e-03 3.396800e-01
271 6.561400e-01 3.640000e-03 3.402200e-01
272 6.556600e-01 3.528000e-03 3.408120e-01
273 6.551640e-01 3.436000e-03 3.414000e-01
274 6.546560e-01 3.288000e-03 3.420560e-01
275 6.542000e-01 3.140000e-03 3.426600e-01
276 6.536760e-01 3.132000e-03 3.431920e-01
277 6.531520e-01 3.152000e-03 3.436960e-01
278 6.526240e-01 3.092000e-03 3.442840e-01
279 6.520040e-01 3.188000e-03 3.448080e-01
280 6.513840e-01 3.304000e-03 3.453120e-01
281 6.508160e-01 3.340000e-03 3.458440e-01
282 6.502200e-01 3.336000e-03 3.464440e-01
283 6.496480e-01 3.344000e-03 3.470080e-01
284 6.490880e-01 3.388000e-03 3.475240e-01
285 6.485440e-01 3.292000e-03 3.481640e-01
286 6.480480e-01 3.212000e-03 3.487400e-01
287 6.475600e-01 3.164000e-03 3.492760e-01
288 6.470320e-01 3.068000e-03 3.499000e-01
289 6.465360e-01 3.068000e-03 3.503960e-01
290 6.460360e-01 3.048000e-03 3.509160e-01
291 6.456080e-01 2.960000e-03 3.514320e-01
292 6.452280e-01 2.852000e-03 3.519200e-01
293 6.447360e-01 2.848000e-03 3.524160e-01
294 6.442960e-01 2.812000e-03 3.528920e-01
295 6.439520e-01 2.716000e-03 3.533320e-01
296 6.435320e-01 2.660000e-03 3.538080e-01
297 6.431080e-01 2.612000e-03 3.542800e-01
298 6.426840e-01 2.656000e-03 3.546600e-01
299 6.422480e-01 2.628000e-03 3.551240e-01
300 6.418360e-01 2.608000e-03 3.555560e-01
301 6.414760e-01 2.572000e-03 3.559520e-01
302 6.411280e-01 2.472000e-03 3.564000e-01
303 6.407200e-01 2.448000e-03 3.568320e-01
304 6.403640e-01 2.384000e-03 3.572520e-01
305 6.400200e-01 2.324000e-03 3.576560e-01
306 6.395800e-01 2.352000e-03 3.580680e-01
307 6.391680e-01 2.388000e-03 3.584440e-01
308 6.387560e-01 2.440000e-03 3.588040e-01
309 6.382960e-01 2.480000e-03 3.592240e-01
310 6.378320e-01 2.496000e-03 3.596720e-01
311 6.373760e-01 2.508000e-03 3.601160e-01
312 6.369840e-01 2.448000e-03 3.605680e-01
313 6.366520e-01 2.336000e-03 3.610120e-01
314 6.362600e-01 2.320000e-03 3.614200e-01
315 6.358640e-01 2.336000e-03 3.618000e-01
316 6.354520e-01 2.308000e-03 3.622400e-01
317 6.350680e-01 2.268000e-03 3.626640e-01
318 6.346480e-01 2.232000e-03 3.631200e-01
319 6.342680e-01 2.200000e-03 3.635320e-01
320 6.339480e-01 2.212000e-03 3.638400e-01
321 6.336200e-01 2.120000e-03 3.642600e-01
322 6.332680e-01 2.112000e-03 3.646200e-01
323 6.329480e-01 2.108000e-03 3.649440e-01
324 6.326080e-01 2.088000e-03 3.653040e-01
325 6.321920e-01 2.124000e-03 3.656840e-01
326 6.318120e-01 2.136000e-03 3.660520e-01
327 6.313960e-01 2.200000e-03 3.664040e-01
328 6.310120e-01 2.228000e-03 3.667600e-01
329 6.307320e-01 2.124000e-03 3.671440e-01
330 6.304080e-01 2.128000e-03 3.674640e-01
331 6.300720e-01 2.128000e-03 3.678000e-01
332 6.297160e-01 2.116000e-03 3.681680e-01
333 6.293840e-01 2.080000e-03 3.685360e-01
334 6.290320e-01 2.060000e-03 3.689080e-01
335 6.287000e-01 2.052000e-03 3.692480e-01
336 6.284040e-01 1.980000e-03 3.696160e-01
337 6.281240e-01 1.940000e-03 3.699360e-01
338 6.278600e-01 1.832000e-03 3.703080e-01
339 6.275200e-01 1.856000e-03 3.706240e-01
340 6.273080e-01 1.724000e-03 3.709680e-01
341 6.270400e-01 1.664000e-03 3.712960e-01
342 6.268080e-01 1.568000e-03 3.716240e-01
343 6.265240e-01 1.548000e-03 3.719280e-01
344 6.262640e-01 1.604000e-03 3.721320e-01
345 6.259240e-01 1.644000e-03 3.724320e-01
346 6.256280e-01 1.664000e-03 3.727080e-01
347 6.254080e-01 1.584000e-03 3.730080e-01
348 6.251240e-01 1.584000e-03 3.732920e-01
349 6.249040e-01 1.500000e-03 3.735960e-01
350 6.246680e-01 1.508000e-03 3.738240e-01
351 6.244720e-01 1.440000e-03 3.740880e-01
352 6.242920e-01 1.364000e-03 3.743440e-01
353 6.240240e-01 1.388000e-03 3.745880e-01
354 6.238680e-01 1.364000e-03 3.747680e-01
355 6.236520e-01 1.360000e-03 3.749880e-01
356 6.234600e-01 1.328000e-03 3.752120e-01
357 6.232840e-01 1.268000e-03 3.754480e-01
358 6.230840e-01 1.240000e-03 3.756760e-01
359 6.228440e-01 1.288000e-03 3.758680e-01
360 6.226160e-01 1.316000e-03 3.760680e-01
361 6.224240e-01 1.268000e-03 3.763080e-01
362 6.221960e-01 1.300000e-03 3.765040e-01
363 6.220200e-01 1.240000e-03 3.767400e-01
364 6.218440e-01 1.244000e-03 3.769120e-01
365 6.216920e-01 1.152000e-03 3.771560e-01
366 6.215320e-01 1.136000e-03 3.773320e-01
367 6.213600e-01 1.112000e-03 3.775280e-01
368 6.211520e-01 1.152000e-03 3.776960e-01
369 6.209720e-01 1.112000e-03 3.779160e-01
370 6.207560e-01 1.128000e-03 3.781160e-01
371 6.205280e-01 1.128000e-03 3.783440e-01
372 6.203400e-01 1.128000e-03 3.785320e-01
373 6.200960e-01 1.140000e-03 3.787640e-01
374 6.198640e-01 1.208000e-03 3.789280e-01
375 6.196720e-01 1.188000e-03 3.791400e-01
376 6.194920e-01 1.160000e-03 3.793480e-01
377 6.193080e-01 1.140000e-03 3.795520e-01
378 6.191960e-01 1.060000e-03 3.797440e-01
379 6.190680e-01 1.000000e-03 3.799320e-01
380 6.189320e-01 9.520000e-04 3.801160e-01
381 6.187800e-01 9.280000e-04 3.802920e-01
382 6.186400e-01 8.560000e-04 3.805040e-01
383 6.184600e-01 9.000000e-04 3.806400e-01
384 6.182280e-01 9.640000e-04 3.808080e-01
385 6.180880e-01 9.480000e-04 3.809640e-01
386 6.179800e-01 8.400000e-04 3.811800e-01
387 6.178280e-01 8.120000e-04 3.813600e-01
388 6.176880e-01 8.200000e-04 3.814920e-01
389 6.175160e-01 8.080000e-04 3.816760e-01
390 6.173520e-01 8.360000e-04 3.818120e-01
391 6.172160e-01 8.240000e-04 3.819600e-01
392 6.171040e-01 8.080000e-04 3.820880e-01
393 6.169400e-01 8.240000e-04 3.822360e-01
394 6.168040e-01 8.200000e-04 3.823760e-01
395 6.166920e-01 7.640000e-04 3.825440e-01
396 6.165400e-01 7.960000e-04 3.826640e-01
397 6.163440e-01 8.680000e-04 3.827880e-01
398 6.161440e-01 8.960000e-04 3.829600e-01
399 6.160000e-01 8.840000e-04 3.831160e-01
400 6.158840e-01 8.440000e-04 3.832720e-01
401 6.157640e-01 8.080000e-04 3.834280e-01
402 6.156320e-01 8.080000e-04 3.835600e-01
403 6.154960e-01 8.160000e-04 3.836880e-01
404 6.153720e-01 8.080000e-04 3.838200e-01
405 6.152400e-01 8.120000e-04 3.839480e-01
406 6.150880e-01 8.280000e-04 3.840840e-01
407 6.149200e-01 8.280000e-04 3.842520e-01
408 6.148240e-01 7.680000e-04 3.844080e-01
409 6.146840e-01 7.720000e-04 3.845440e-01
410 6.145240e-01 7.440000e-04 3.847320e-01
411 6.144160e-01 7.040000e-04 3.848800e-01
412 6.143240e-01 6.800000e-04 3.849960e-01
413 6.142360e-01 6.360000e-04 3.851280e-01
414 6.141160e-01 6.360000e-04 3.852480e-01
415 6.140040e-01 6.440000e-04 3.853520e-01
416 6.138920e-01 6.440000e-04 3.854640e-01
417 6.138080e-01 6.480000e-04 3.855440e-01
418 6.137120e-01 6.400000e-04 3.856480e-01
419 6.135880e-01 6.760000e-04 3.857360e-01
420 6.134640e-01 6.800000e-04 3.858560e-01
421 6.133720e-01 6.560000e-04 3.859720e-01
422 6.132280e-01 6.720000e-04 3.861000e-01
423 6.130240e-01 7.480000e-04 3.862280e-01
424 6.128680e-01 7.840000e-04 3.863480e-01
425 6.126960e-01 7.560000e-04 3.865480e-01
426 6.125840e-01 7.320000e-04 3.866840e-01
427 6.124520e-01 7.360000e-04 3.868120e-01
428 6.123040e-01 7.200000e-04 3.869760e-01
429 6.122000e-01 7.320000e-04 3.870680e-01
430 6.120640e-01 7.400000e-04 3.871960e-01
431 6.119320e-01 7.480000e-04 3.873200e-01
432 6.117760e-01 7.600000e-04 3.874640e-01
433 6.115760e-01 8.440000e-04 3.875800e-01
434 6.114720e-01 7.920000e-04 3.877360e-01
435 6.113720e-01 7.560000e-04 3.878720e-01
436 6.112520e-01 7.240000e-04 3.880240e-01
437 6.111720e-01 6.480000e-04 3.881800e-01
438 6.110120e-01 6.760000e-04 3.883120e-01
439 6.108920e-01 6.800000e-04 3.884280e-01
440 6.107800e-01 6.720000e-04 3.885480e-01
441 6.106760e-01 6.840000e-04 3.886400e-01
442 6.105640e-01 6.680000e-04 3.887680e-01
443 6.104520e-01 6.960000e-04 3.888520e-01
444 6.103360e-01 6.840000e-04 3.889800e-01
445 6.101840e-01 7.080000e-04 3.891080e-01
446 6.100360e-01 7.000000e-04 3.892640e-01
447 6.099280e-01 6.760000e-04 3.893960e-01
448 6.098000e-01 6.880000e-04 3.895120e-01
449 6.097520e-01 6.080000e-04 3.896400e-01
450 6.096800e-01 5.800000e-04 3.897400e-01
451 6.095760e-01 6.160000e-04 3.898080e-01
452 6.094960e-01 5.760000e-04 3.899280e-01
453 6.094320e-01 5.520000e-04 3.900160e-01
454 6.093560e-01 5.440000e-04 3.901000e-01
455 6.092840e-01 5.240000e-04 3.901920e-01
456 6.092000e-01 5.400000e-04 3.902600e-01
457 6.091280e-01 5.600000e-04 3.903120e-01
458 6.090480e-01 5.320000e-04 3.904200e-01
459 6.089600e-01 5.080000e-04 3.905320e-01
460 6.089160e-01 4.520000e-04 3.906320e-01
461 6.088480e-01 4.600000e-04 3.906920e-01
462 6.087680e-01 4.760000e-04 3.907560e-01
463 6.087280e-01 4.360000e-04 3.908360e-01
464 6.086520e-01 4.080000e-04 3.909400e-01
465 6.086080e-01 3.680000e-04 3.910240e-01
466 6.085560e-01 3.400000e-04 3.911040e-01
467 6.085120e-01 3.280000e-04 3.911600e-01
468 6.084680e-01 3.480000e-04 3.911840e-01
469 6.084320e-01 3.440000e-04 3.912240e-01
470 6.083520e-01 3.920000e-04 3.912560e-01
471 6.082640e-01 4.240000e-04 3.913120e-01
472 6.082160e-01 3.920000e-04 3.913920e-01
473 6.081040e-01 4.040000e-04 3.914920e-01
474 6.080240e-01 4.200000e-04 3.915560e-01
475 6.079320e-01 4.440000e-04 3.916240e-01
476 6.078520e-01 4.600000e-04 3.916880e-01
477 6.077640e-01 4.680000e-04 3.917680e-01
478 6.077200e-01 4.200000e-04 3.918600e-01
479 6.076720e-01 4.080000e-04 3.919200e-01
480 6.075640e-01 4.560000e-04 3.919800e-01
481 6.074600e-01 4.840000e-04 3.920560e-01
482 6.073720e-01 5.000000e-04 3.921280e-01
483 6.072840e-01 4.880000e-04 3.922280e-01
484 6.072200e-01 5.040000e-04 3.922760e-01
485 6.071440e-01 5.240000e-04 3.923320e-01
486 6.070480e-01 5.360000e-04 3.924160e-01
487 6.069800e-01 4.960000e-04 3.925240e-01
488 6.068880e-01 5.160000e-04 3.925960e-01
489 6.068000e-01 5.240000e-04 3.926760e-01
490 6.067360e-01 5.080000e-04 3.927560e-01
491 6.066360e-01 5.080000e-04 3.928560e-01
492 6.065640e-01 4.960000e-04 3.929400e-01
493 6.065080e-01 4.680000e-04 3.930240e-01
494 6.064600e-01 4.160000e-04 3.931240e-01
495 6.064280e-01 4.080000e-04 3.931640e-01
496 6.063760e-01 3.640000e-04 3.932600e-01
497 6.063520e-01 3.400000e-04 3.933080e-01
498 6.063240e-01 3.280000e-04 3.933480e-01
499 6.062880e-01 3.160000e-04 3.933960e-01
500 6.062240e-01 3.280000e-04 3.934480e-01
