1 9.991680e-01 7.200000e-04 1.120000e-04
2 9.986640e-01 1.052000e-03 2.840000e-04
3 9.981160e-01 1.392000e-03 4.920000e-04
4 9.974840e-01 1.792000e-03 7.240000e-04
5 9.966680e-01 2.284000e-03 1.048000e-03
6 9.957440e-01 2.776000e-03 1.480000e-03
7 9.947600e-01 3.164000e-03 2.076000e-03
8 9.939160e-01 3.448000e-03 2.636000e-03
9 9.929320e-01 3.856000e-03 3.212000e-03
10 9.919560e-01 4.168000e-03 3.876000e-03
11 9.908280e-01 4.476000e-03 4.696000e-03
12 9.897080e-01 4.840000e-03 5.452000e-03
13 9.886400e-01 5.064000e-03 6.296000e-03
14 9.874520e-01 5.316000e-03 7.232000e-03
15 9.863520e-01 5.488000e-03 8.160000e-03
16 9.849800e-01 5.812000e-03 9.208000e-03
17 9.837560e-01 6.016000e-03 1.022800e-02
18 9.825200e-01 6.276000e-03 1.120400e-02
19 9.813680e-01 6.300000e-03 1.233200e-02
20 9.801200e-01 6.364000e-03 1.351600e-02
21 9.788600e-01 6.460000e-03 1.468000e-02
22 9.776440e-01 6.552000e-03 1.580400e-02
23 9.762880e-01 6.736000e-03 1.697600e-02
24 9.750920e-01 6.740000e-03 1.816800e-02
25 9.738280e-01 6.812000e-03 1.936000e-02
26 9.725160e-01 7.028000e-03 2.045600e-02
27 9.713400e-01 7.028000e-03 2.163200e-02
28 9.700720e-01 7.016000e-03 2.291200e-02
29 9.687840e-01 7.136000e-03 2.408000e-02
30 9.675320e-01 7.200000e-03 2.526800e-02
31 9.662480e-01 7.236000e-03 2.651600e-02
32 9.649640e-01 7.404000e-03 2.763200e-02
33 9.634040e-01 7.688000e-03 2.890800e-02
34 9.619120e-01 7.772000e-03 3.031600e-02
35 9.606520e-01 7.696000e-03 3.165200e-02
36 9.592640e-01 7.768000e-03 3.296800e-02
37 9.578960e-01 7.876000e-03 3.422800e-02
38 9.564520e-01 8.032000e-03 3.551600e-02
39 9.551840e-01 7.888000e-03 3.692800e-02
40 9.539280e-01 7.804000e-03 3.826800e-02
41 9.525880e-01 7.888000e-03 3.952400e-02
42 9.513120e-01 7.844000e-03 4.084400e-02
43 9.499240e-01 7.836000e-03 4.224000e-02
44 9.485720e-01 7.852000e-03 4.357600e-02
45 9.472400e-01 7.752000e-03 4.500800e-02
46 9.458680e-01 7.592000e-03 4.654000e-02
47 9.444920e-01 7.648000e-03 4.786000e-02
48 9.430840e-01 7.680000e-03 4.923600e-02
49 9.415080e-01 7.952000e-03 5.054000e-02
50 9.399440e-01 8.048000e-03 5.200800e-02
51 9.385280e-01 7.988000e-03 5.348400e-02
52 9.370720e-01 8.064000e-03 5.486400e-02
53 9.357600e-01 8.000000e-03 5.624000e-02
54 9.343880e-01 7.900000e-03 5.771200e-02
55 9.328920e-01 8.048000e-03 5.906000e-02
56 9.314520e-01 8.076000e-03 6.047200e-02
57 9.301840e-01 7.908000e-03 6.190800e-02
58 9.288040e-01 7.832000e-03 6.336400e-02
59 9.275040e-01 7.856000e-03 6.464000e-02
60 9.262000e-01 7.796000e-03 6.600400e-02
61 9.248720e-01 7.860000e-03 6.726800e-02
62 9.235840e-01 7.828000e-03 6.858800e-02
63 9.223440e-01 7.840000e-03 6.981600e-02
64 9.210400e-01 7.832000e-03 7.112800e-02
65 9.199480e-01 7.600000e-03 7.245200e-02
66 9.185680e-01 7.524000e-03 7.390800e-02
67 9.172400e-01 7.460000e-03 7.530000e-02
68 9.158440e-01 7.572000e-03 7.658400e-02
69 9.145240e-01 7.512000e-03 7.796400e-02
70 9.131000e-01 7.620000e-03 7.928000e-02
71 9.117240e-01 7.636000e-03 8.064000e-02
72 9.103960e-01 7.544000e-03 8.206000e-02
73 9.090480e-01 7.596000e-03 8.335600e-02
74 9.075400e-01 7.740000e-03 8.472000e-02
75 9.059640e-01 8.008000e-03 8.602800e-02
76 9.045760e-01 7.956000e-03 8.746800e-02
77 9.030480e-01 8.040000e-03 8.891200e-02
78 9.015640e-01 8.080000e-03 9.035600e-02
79 9.003080e-01 7.908000e-03 9.178400e-02
80 8.989600e-01 7.912000e-03 9.312800e-02
81 8.976360e-01 7.844000e-03 9.452000e-02
82 8.962760e-01 7.920000e-03 9.580400e-02
83 8.951120e-01 7.708000e-03 9.718000e-02
84 8.937480e-01 7.696000e-03 9.855600e-02
85 8.923440e-01 7.788000e-03 9.986800e-02
86 8.909320e-01 7.964000e-03 1.011040e-01
87 8.895320e-01 8.080000e-03 1.023880e-01
88 8.880000e-01 8.200000e-03 1.038000e-01
89 8.866280e-01 8.124000e-03 1.052480e-01
90 8.852680e-01 8.048000e-03 1.066840e-01
91 8.838160e-01 8.004000e-03 1.081800e-01
92 8.823800e-01 8.168000e-03 1.094520e-01
93 8.808960e-01 8.224000e-03 1.108800e-01
94 8.795000e-01 8.152000e-03 1.123480e-01
95 8.781120e-01 8.208000e-03 1.136800e-01
96 8.765640e-01 8.320000e-03 1.151160e-01
97 8.750080e-01 8.536000e-03 1.164560e-01
98 8.734800e-01 8.584000e-03 1.179360e-01
99 8.719920e-01 8.612000e-03 1.193960e-01
100 8.703520e-01 8.804000e-03 1.208440e-01
101 8.688760e-01 8.848000e-03 1.222760e-01
102 8.672240e-01 8.928000e-03 1.238480e-01
103 8.657480e-01 8.724000e-03 1.255280e-01
104 8.642920e-01 8.652000e-03 1.270560e-01
105 8.629560e-01 8.496000e-03 1.285480e-01
106 8.616320e-01 8.284000e-03 1.300840e-01
107 8.603480e-01 8.180000e-03 1.314720e-01
108 8.591160e-01 8.092000e-03 1.327920e-01
109 8.577440e-01 8.016000e-03 1.342400e-01
110 8.563520e-01 7.920000e-03 1.357280e-01
111 8.549280e-01 7.976000e-03 1.370960e-01
112 8.535680e-01 7.876000e-03 1.385560e-01
113 8.521960e-01 7.852000e-03 1.399520e-01
114 8.508240e-01 7.796000e-03 1.413800e-01
115 8.494720e-01 7.800000e-03 1.427280e-01
116 8.480840e-01 7.788000e-03 1.441280e-01
117 8.467760e-01 7.800000e-03 1.454240e-01
118 8.452920e-01 7.920000e-03 1.467880e-01
119 8.438200e-01 7.900000e-03 1.482800e-01
120 8.424080e-01 8.020000e-03 1.495720e-01
121 8.412480e-01 7.792000e-03 1.509600e-01
122 8.397600e-01 7.864000e-03 1.523760e-01
123 8.383480e-01 7.948000e-03 1.537040e-01
124 8.369040e-01 8.024000e-03 1.550720e-01
125 8.354440e-01 8.028000e-03 1.565280e-01
126 8.341520e-01 7.960000e-03 1.578880e-01
127 8.327480e-01 7.932000e-03 1.593200e-01
128 8.315400e-01 7.820000e-03 1.606400e-01
129 8.303400e-01 7.564000e-03 1.620960e-01
130 8.289960e-01 7.640000e-03 1.633640e-01
131 8.277720e-01 7.464000e-03 1.647640e-01
132 8.265160e-01 7.400000e-03 1.660840e-01
133 8.253160e-01 7.240000e-03 1.674440e-01
134 8.240400e-01 7.252000e-03 1.687080e-01
135 8.227480e-01 7.232000e-03 1.700200e-01
136 8.214880e-01 7.180000e-03 1.713320e-01
137 8.202560e-01 7.196000e-03 1.725480e-01
138 8.189560e-01 7.192000e-03 1.738520e-01
139 8.175600e-01 7.340000e-03 1.751000e-01
140 8.162680e-01 7.376000e-03 1.763560e-01
141 8.150800e-01 7.316000e-03 1.776040e-01
142 8.138760e-01 7.260000e-03 1.788640e-01
143 8.126480e-01 7.152000e-03 1.802000e-01
144 8.113040e-01 7.228000e-03 1.814680e-01
145 8.100000e-01 7.280000e-03 1.827200e-01
146 8.086080e-01 7.356000e-03 1.840360e-01
147 8.072200e-01 7.440000e-03 1.853400e-01
148 8.058160e-01 7.536000e-03 1.866480e-01
149 8.044160e-01 7.620000e-03 1.879640e-01
150 8.032080e-01 7.584000e-03 1.892080e-01
151 8.018800e-01 7.672000e-03 1.904480e-01
152 8.005880e-01 7.636000e-03 1.917760e-01
153 7.991680e-01 7.696000e-03 1.931360e-01
154 7.979400e-01 7.536000e-03 1.945240e-01
155 7.964400e-01 7.760000e-03 1.958000e-01
156 7.949920e-01 7.876000e-03 1.971320e-01
157 7.937160e-01 7.712000e-03 1.985720e-01
158 7.924640e-01 7.616000e-03 1.999200e-01
159 7.911320e-01 7.596000e-03 2.012720e-01
160 7.897800e-01 7.592000e-03 2.026280e-01
161 7.886040e-01 7.472000e-03 2.039240e-01
162 7.873240e-01 7.492000e-03 2.051840e-01
163 7.860080e-01 7.516000e-03 2.064760e-01
164 7.847680e-01 7.408000e-03 2.078240e-01
165 7.834440e-01 7.384000e-03 2.091720e-01
166 7.821600e-01 7.408000e-03 2.104320e-01
167 7.808320e-01 7.448000e-03 2.117200e-01
168 7.792920e-01 7.660000e-03 2.130480e-01
169 7.779560e-01 7.600000e-03 2.144440e-01
170 7.764280e-01 7.864000e-03 2.157080e-01
171 7.749880e-01 7.896000e-03 2.171160e-01
172 7.736920e-01 7.856000e-03 2.184520e-01
173 7.723440e-01 7.832000e-03 2.198240e-01
174 7.710720e-01 7.704000e-03 2.212240e-01
175 7.697320e-01 7.708000e-03 2.225600e-01
176 7.684000e-01 7.672000e-03 2.239280e-01
177 7.670400e-01 7.860000e-03 2.251000e-01
178 7.655800e-01 7.972000e-03 2.264480e-01
179 7.642840e-01 7.940000e-03 2.277760e-01
180 7.629920e-01 7.776000e-03 2.292320e-01
181 7.617720e-01 7.592000e-03 2.306360e-01
182 7.604280e-01 7.620000e-03 2.319520e-01
183 7.593560e-01 7.420000e-03 2.332240e-01
184 7.581960e-01 7.364000e-03 2.344400e-01
185 7.569400e-01 7.404000e-03 2.356560e-01
186 7.556920e-01 7.468000e-03 2.368400e-01
187 7.542840e-01 7.556000e-03 2.381600e-01
188 7.530520e-01 7.472000e-03 2.394760e-01
189 7.518360e-01 7.384000e-03 2.407800e-01
190 7.505880e-01 7.348000e-03 2.420640e-01
191 7.493600e-01 7.408000e-03 2.432320e-01
192 7.481240e-01 7.344000e-03 2.445320e-01
193 7.468400e-01 7.392000e-03 2.457680e-01
194 7.456200e-01 7.284000e-03 2.470960e-01
195 7.443840e-01 7.260000e-03 2.483560e-01
196 7.431880e-01 7.176000e-03 2.496360e-01
197 7.419560e-01 7.068000e-03 2.509760e-01
198 7.407400e-01 7.108000e-03 2.521520e-01
199 7.394800e-01 7.232000e-03 2.532880e-01
200 7.382440e-01 7.164000e-03 2.545920e-01
201 7.369680e-01 7.184000e-03 2.558480e-01
202 7.357040e-01 7.132000e-03 2.571640e-01
203 7.344360e-01 7.112000e-03 2.584520e-01
204 7.332360e-01 7.076000e-03 2.596880e-01
205 7.320960e-01 6.944000e-03 2.609600e-01
206 7.309560e-01 6.760000e-03 2.622840e-01
207 7.298400e-01 6.640000e-03 2.635200e-01
208 7.286480e-01 6.636000e-03 2.647160e-01
209 7.275560e-01 6.588000e-03 2.658560e-01
210 7.264640e-01 6.520000e-03 2.670160e-01
211 7.254480e-01 6.404000e-03 2.681480e-01
212 7.244040e-01 6.304000e-03 2.692920e-01
213 7.233760e-01 6.276000e-03 2.703480e-01
214 7.223160e-01 6.256000e-03 2.714280e-01
215 7.213240e-01 6.128000e-03 2.725480e-01
216 7.202440e-01 6.148000e-03 2.736080e-01
217 7.192840e-01 6.000000e-03 2.747160e-01
218 7.181880e-01 5.968000e-03 2.758440e-01
219 7.170960e-01 6.040000e-03 2.768640e-01
220 7.160880e-01 6.076000e-03 2.778360e-01
221 7.148880e-01 6.212000e-03 2.789000e-01
222 7.137840e-01 6.200000e-03 2.800160e-01
223 7.128240e-01 6.080000e-03 2.810960e-01
224 7.118920e-01 5.984000e-03 2.821240e-01
225 7.107920e-01 6.148000e-03 2.830600e-01
226 7.097920e-01 6.148000e-03 2.840600e-01
227 7.087920e-01 6.084000e-03 2.851240e-01
228 7.075760e-01 6.184000e-03 2.862400e-01
229 7.065840e-01 6.232000e-03 2.871840e-01
230 7.055720e-01 6.252000e-03 2.881760e-01
231 7.044280e-01 6.236000e-03 2.893360e-01
232 7.032600e-01 6.232000e-03 2.905080e-01
233 7.022120e-01 6.132000e-03 2.916560e-01
234 7.012640e-01 6.040000e-03 2.926960e-01
235 7.003480e-01 5.936000e-03 2.937160e-01
236 6.993880e-01 5.820000e-03 2.947920e-01
237 6.984000e-01 5.728000e-03 2.958720e-01
238 6.974480e-01 5.680000e-03 2.968720e-01
239 6.965360e-01 5.548000e-03 2.979160e-01
240 6.956080e-01 5.552000e-03 2.988400e-01
241 6.946440e-01 5.572000e-03 2.997840e-01
242 6.936760e-01 5.560000e-03 3.007640e-01
243 6.926880e-01 5.572000e-03 3.017400e-01
244 6.918160e-01 5.580000e-03 3.026040e-01
245 6.908440e-01 5.632000e-03 3.035240e-01
246 6.898520e-01 5.748000e-03 3.044000e-01
247 6.887280e-01 5.908000e-03 3.053640e-01
248 6.876680e-01 5.852000e-03 3.064800e-01
249 6.868240e-01 5.704000e-03 3.074720e-01
250 6.858320e-01 5.820000e-03 3.083480e-01
251 6.847880e-01 5.912000e-03 3.093000e-01
252 6.837720e-01 5.840000e-03 3.103880e-01
253 6.828080e-01 5.664000e-03 3.115280e-01
254 6.818320e-01 5.644000e-03 3.125240e-01
255 6.808960e-01 5.612000e-03 3.134920e-01
256 6.800320e-01 5.472000e-03 3.144960e-01
257 6.791000e-01 5.436000e-03 3.154640e-01
258 6.781400e-01 5.448000e-03 3.164120e-01
259 6.771760e-01 5.468000e-03 3.173560e-01
260 6.763160e-01 5.364000e-03 3.183200e-01
261 6.754880e-01 5.292000e-03 3.192200e-01
262 6.745680e-01 5.328000e-03 3.201040e-01
263 6.736760e-01 5.316000e-03 3.210080e-01
264 6.727880e-01 5.416000e-03 3.217960e-01
265 6.718880e-01 5.340000e-03 3.227720e-01
266 6.709160e-01 5.416000e-03 3.236680e-01
267 6.700400e-01 5.372000e-03 3.245880e-01
268 6.690440e-01 5.436000e-03 3.255200e-01
269 6.681640e-01 5.308000e-03 3.265280e-01
270 6.672600e-01 5.264000e-03 3.274760e-01
271 6.663240e-01 5.224000e-03 3.284520e-01
272 6.654360e-01 5.344000e-03 3.292200e-01
273 6.645160e-01 5.376000e-03 3.301080e-01
274 6.635880e-01 5.352000e-03 3.310600e-01
275 6.625560e-01 5.460000e-03 3.319840e-01
276 6.616760e-01 5.440000e-03 3.328840e-01
277 6.606880e-01 5.388000e-03 3.339240e-01
278 6.596920e-01 5.340000e-03 3.349680e-01
279 6.587680e-01 5.276000e-03 3.359560e-01
280 6.578160e-01 5.316000e-03 3.368680e-01
281 6.569960e-01 5.120000e-03 3.378840e-01
282 6.559880e-01 5.196000e-03 3.388160e-01
283 6.552800e-01 5.052000e-03 3.396680e-01
284 6.544720e-01 5.036000e-03 3.404920e-01
285 6.536000e-01 5.008000e-03 3.413920e-01
286 6.527440e-01 4.964000e-03 3.422920e-01
287 6.520360e-01 4.712000e-03 3.432520e-01
288 6.512440e-01 4.724000e-03 3.440320e-01
289 6.505280e-01 4.564000e-03 3.449080e-01
290 6.497960e-01 4.532000e-03 3.456720e-01
291 6.490440e-01 4.452000e-03 3.465040e-01
292 6.483360e-01 4.360000e-03 3.473040e-01
293 6.474760e-01 4.444000e-03 3.480800e-01
294 6.467400e-01 4.416000e-03 3.488440e-01
295 6.459600e-01 4.300000e-03 3.497400e-01
296 6.452560e-01 4.264000e-03 3.504800e-01
297 6.445680e-01 4.248000e-03 3.511840e-01
298 6.439120e-01 4.276000e-03 3.518120e-01
299 6.432080e-01 4.228000e-03 3.525640e-01
300 6.424840e-01 4.112000e-03 3.534040e-01
301 6.416360e-01 4.288000e-03 3.540760e-01
302 6.408640e-01 4.340000e-03 3.547960e-01
303 6.401200e-01 4.344000e-03 3.555360e-01
304 6.393680e-01 4.280000e-03 3.563520e-01
305 6.385600e-01 4.404000e-03 3.570360e-01
306 6.376520e-01 4.620000e-03 3.577280e-01
307 6.368040e-01 4.640000e-03 3.585560e-01
308 6.359960e-01 4.692000e-03 3.593120e-01
309 6.351880e-01 4.720000e-03 3.600920e-01
310 6.345320e-01 4.556000e-03 3.609120e-01
311 6.337640e-01 4.444000e-03 3.617920e-01
312 6.329040e-01 4.536000e-03 3.625600e-01
313 6.321400e-01 4.528000e-03 3.633320e-01
314 6.313720e-01 4.572000e-03 3.640560e-01
315 6.306200e-01 4.576000e-03 3.648040e-01
316 6.297320e-01 4.620000e-03 3.656480e-01
317 6.289160e-01 4.628000e-03 3.664560e-01
318 6.280440e-01 4.680000e-03 3.672760e-01
319 6.272160e-01 4.676000e-03 3.681080e-01
320 6.264000e-01 4.584000e-03 3.690160e-01
321 6.257000e-01 4.408000e-03 3.698920e-01
322 6.250640e-01 4.364000e-03 3.705720e-01
323 6.243680e-01 4.312000e-03 3.713200e-01
324 6.238200e-01 4.152000e-03 3.720280e-01
325 6.230840e-01 4.140000e-03 3.727760e-01
326 6.224360e-01 4.120000e-03 3.734440e-01
327 6.218440e-01 4.048000e-03 3.741080e-01
328 6.212040e-01 3.972000e-03 3.748240e-01
329 6.206840e-01 3.844000e-03 3.754720e-01
330 6.200200e-01 3.832000e-03 3.761480e-01
331 6.193200e-01 3.784000e-03 3.768960e-01
332 6.186760e-01 3.780000e-03 3.775440e-01
333 6.180400e-01 3.716000e-03 3.782440e-01
334 6.175200e-01 3.608000e-03 3.788720e-01
335 6.169280e-01 3.512000e-03 3.795600e-01
336 6.162920e-01 3.540000e-03 3.801680e-01
337 6.157960e-01 3.460000e-03 3.807440e-01
338 6.151720e-01 3.428000e-03 3.814000e-01
339 6.145840e-01 3.392000e-03 3.820240e-01
340 6.139760e-01 3.396000e-03 3.826280e-01
341 6.134320e-01 3.248000e-03 3.833200e-01
342 6.129120e-01 3.332000e-03 3.837560e-01
343 6.124120e-01 3.304000e-03 3.842840e-01
344 6.117280e-01 3.416000e-03 3.848560e-01
345 6.110880e-01 3.512000e-03 3.854000e-01
346 6.104560e-01 3.592000e-03 3.859520e-01
347 6.098680e-01 3.444000e-03 3.866880e-01
348 6.091720e-01 3.528000e-03 3.873000e-01
349 6.084840e-01 3.544000e-03 3.879720e-01
350 6.077680e-01 3.588000e-03 3.886440e-01
351 6.070960e-01 3.656000e-03 3.892480e-01
352 6.065480e-01 3.648000e-03 3.898040e-01
353 6.060160e-01 3.556000e-03 3.904280e-01
354 6.054280e-01 3.428000e-03 3.911440e-01
355 6.048520e-01 3.424000e-03 3.917240e-01
356 6.044000e-01 3.216000e-03 3.923840e-01
357 6.039440e-01 3.180000e-03 3.928760e-01
358 6.034200e-01 3.176000e-03 3.934040e-01
359 6.027400e-01 3.340000e-03 3.939200e-01
360 6.021160e-01 3.372000e-03 3.945120e-01
361 6.014960e-01 3.432000e-03 3.950720e-01
362 6.009240e-01 3.440000e-03 3.956360e-01
363 6.002720e-01 3.540000e-03 3.961880e-01
364 5.997120e-01 3.504000e-03 3.967840e-01
365 5.991800e-01 3.372000e-03 3.974480e-01
366 5.986840e-01 3.384000e-03 3.979320e-01
367 5.981680e-01 3.352000e-03 3.984800e-01
368 5.975720e-01 3.432000e-03 3.989960e-01
369 5.970240e-01 3.388000e-03 3.995880e-01
370 5.964920e-01 3.284000e-03 4.002240e-01
371 5.959240e-01 3.292000e-03 4.007840e-01
372 5.955080e-01 3.076000e-03 4.014160e-01
373 5.950960e-01 2.928000e-03 4.019760e-01
374 5.946040e-01 2.960000e-03 4.024360e-01
375 5.941360e-01 2.884000e-03 4.029800e-01
376 5.936760e-01 2.764000e-03 4.035600e-01
377 5.932440e-01 2.720000e-03 4.040360e-01
378 5.927440e-01 2.740000e-03 4.045160e-01
379 5.923040e-01 2.732000e-03 4.049640e-01
380 5.917920e-01 2.804000e-03 4.054040e-01
381 5.912160e-01 2.900000e-03 4.058840e-01
382 5.907040e-01 2.920000e-03 4.063760e-01
383 5.900880e-01 3.040000e-03 4.068720e-01
384 5.895600e-01 3.044000e-03 4.073960e-01
385 5.890120e-01 3.096000e-03 4.078920e-01
386 5.884720e-01 3.048000e-03 4.084800e-01
387 5.879520e-01 3.084000e-03 4.089640e-01
388 5.874640e-01 3.012000e-03 4.095240e-01
389 5.869760e-01 2.924000e-03 4.101000e-01
390 5.865640e-01 2.852000e-03 4.105840e-01
391 5.861080e-01 2.764000e-03 4.111280e-01
392 5.857040e-01 2.712000e-03 4.115840e-01
393 5.852120e-01 2.688000e-03 4.121000e-01
394 5.847600e-01 2.688000e-03 4.125520e-01
395 5.842360e-01 2.824000e-03 4.129400e-01
396 5.837480e-01 2.816000e-03 4.134360e-01
397 5.832280e-01 2.816000e-03 4.139560e-01
398 5.828040e-01 2.732000e-03 4.144640e-01
399 5.823560e-01 2.644000e-03 4.150000e-01
400 5.818360e-01 2.644000e-03 4.155200e-01
401 5.813960e-01 2.652000e-03 4.159520e-01
402 5.809880e-01 2.656000e-03 4.163560e-01
403 5.804960e-01 2.692000e-03 4.168120e-01
404 5.801480e-01 2.564000e-03 4.172880e-01
405 5.798160e-01 2.484000e-03 4.177000e-01
406 5.794960e-01 2.296000e-03 4.182080e-01
407 5.791520e-01 2.204000e-03 4.186440e-01
408 5.788120e-01 2.148000e-03 4.190400e-01
409 5.785040e-01 2.104000e-03 4.193920e-01
410 5.781200e-01 2.144000e-03 4.197360e-01
411 5.778080e-01 2.044000e-03 4.201480e-01
412 5.775400e-01 1.940000e-03 4.205200e-01
413 5.772920e-01 1.804000e-03 4.209040e-01
414 5.769440e-01 1.832000e-03 4.212240e-01
415 5.765800e-01 1.856000e-03 4.215640e-01
416 5.761800e-01 1.940000e-03 4.218800e-01
417 5.758120e-01 1.928000e-03 4.222600e-01
418 5.754360e-01 1.972000e-03 4.225920e-01
419 5.749880e-01 2.092000e-03 4.229200e-01
420 5.745600e-01 2.216000e-03 4.232240e-01
421 5.741240e-01 2.248000e-03 4.236280e-01
422 5.737320e-01 2.324000e-03 4.239440e-01
423 5.732800e-01 2.372000e-03 4.243480e-01
424 5.728400e-01 2.360000e-03 4.248000e-01
425 5.724440e-01 2.380000e-03 4.251760e-01
426 5.719640e-01 2.500000e-03 4.255360e-01
427 5.715120e-01 2.560000e-03 4.259280e-01
428 5.710800e-01 2.540000e-03 4.263800e-01
429 5.706480e-01 2.476000e-03 4.268760e-01
430 5.702040e-01 2.452000e-03 4.273440e-01
431 5.698320e-01 2.432000e-03 4.277360e-01
432 5.694880e-01 2.376000e-03 4.281360e-01
433 5.691560e-01 2.280000e-03 4.285640e-01
434 5.687600e-01 2.240000e-03 4.290000e-01
435 5.684520e-01 2.096000e-03 4.294520e-01
436 5.680960e-01 2.100000e-03 4.298040e-01
437 5.677480e-01 2.084000e-03 4.301680e-01
438 5.674080e-01 2.020000e-03 4.305720e-01
439 5.670880e-01 2.048000e-03 4.308640e-01
440 5.667520e-01 2.020000e-03 4.312280e-01
441 5.664560e-01 1.932000e-03 4.316120e-01
442 5.661640e-01 1.960000e-03 4.318760e-01
443 5.659040e-01 1.904000e-03 4.321920e-01
444 5.656040e-01 1.808000e-03 4.325880e-01
445 5.653080e-01 1.788000e-03 4.329040e-01
446 5.650720e-01 1.724000e-03 4.332040e-01
447 5.648440e-01 1.684000e-03 4.334720e-01
448 5.646280e-01 1.664000e-03 4.337080e-01
449 5.644280e-01 1.508000e-03 4.340640e-01
450 5.642280e-01 1.468000e-03 4.343040e-01
451 5.640680e-01 1.372000e-03 4.345600e-01
452 5.638600e-01 1.340000e-03 4.348000e-01
453 5.637000e-01 1.276000e-03 4.350240e-01
454 5.635520e-01 1.216000e-03 4.352320e-01
455 5.634080e-01 1.108000e-03 4.354840e-01
456 5.632760e-01 1.048000e-03 4.356760e-01
457 5.631680e-01 9.560000e-04 4.358760e-01
458 5.630440e-01 9.240000e-04 4.360320e-01
459 5.628920e-01 8.880000e-04 4.362200e-01
460 5.627640e-01 8.400000e-04 4.363960e-01
461 5.625920e-01 8.840000e-04 4.365240e-01
462 5.624800e-01 8.000000e-04 4.367200e-01
463 5.623600e-01 7.560000e-04 4.368840e-01
464 5.622120e-01 7.840000e-04 4.370040e-01
465 5.620560e-01 8.200000e-04 4.371240e-01
466 5.618400e-01 8.720000e-04 4.372880e-01
467 5.616880e-01 8.680000e-04 4.374440e-01
468 5.615600e-01 8.240000e-04 4.376160e-01
469 5.613800e-01 8.880000e-04 4.377320e-01
470 5.611760e-01 9.240000e-04 4.379000e-01
471 5.610040e-01 9.480000e-04 4.380480e-01
472 5.608320e-01 9.520000e-04 4.382160e-01
473 5.606760e-01 9.680000e-04 4.383560e-01
474 5.605200e-01 9.640000e-04 4.385160e-01
475 5.603720e-01 9.360000e-04 4.386920e-01
476 5.602000e-01 9.640000e-04 4.388360e-01
477 5.600560e-01 8.920000e-04 4.390520e-01
478 5.599520e-01 8.400000e-04 4.392080e-01
479 5.597960e-01 8.880000e-04 4.393160e-01
480 5.596840e-01 8.400000e-04 4.394760e-01
481 5.595440e-01 8.360000e-04 4.396200e-01
482 5.594360e-01 8.040000e-04 4.397600e-01
483 5.592720e-01 8.280000e-04 4.399000e-01
484 5.591320e-01 8.000000e-04 4.400680e-01
485 5.589800e-01 8.120000e-04 4.402080e-01
486 5.588840e-01 7.760000e-04 4.403400e-01
487 5.587440e-01 7.680000e-04 4.404880e-01
488 5.586000e-01 7.440000e-04 4.406560e-01
489 5.584800e-01 7.360000e-04 4.407840e-01
490 5.583920e-01 7.120000e-04 4.408960e-01
491 5.582320e-01 7.800000e-04 4.409880e-01
492 5.581240e-01 7.800000e-04 4.410960e-01
493 5.580120e-01 7.480000e-04 4.412400e-01
494 5.578920e-01 7.320000e-04 4.413760e-01
495 5.577880e-01 7.240000e-04 4.414880e-01
496 5.576680e-01 7.240000e-04 4.416080e-01
497 5.575360e-01 7.080000e-04 4.417560e-01
498 5.573840e-01 7.560000e-04 4.418600e-01
499 5.572800e-01 7.280000e-04 4.419920e-01
500 5.571560e-01 7.720000e-04 4.420720e-01
