1 9.991280e-01 7.920000e-04 8.000000e-05
2 9.986160e-01 1.116000e-03 2.680000e-04
3 9.980120e-01 1.520000e-03 4.680000e-04
4 9.972480e-01 1.992000e-03 7.600000e-04
5 9.964560e-01 2.408000e-03 1.136000e-03
6 9.954680e-01 2.996000e-03 1.536000e-03
7 9.944640e-01 3.432000e-03 2.104000e-03
8 9.935200e-01 3.812000e-03 2.668000e-03
9 9.924160e-01 4.216000e-03 3.368000e-03
10 9.913760e-01 4.540000e-03 4.084000e-03
11 9.901200e-01 4.944000e-03 4.936000e-03
12 9.889160e-01 5.056000e-03 6.028000e-03
13 9.877440e-01 5.280000e-03 6.976000e-03
14 9.864960e-01 5.540000e-03 7.964000e-03
15 9.852720e-01 5.820000e-03 8.908000e-03
16 9.840000e-01 6.084000e-03 9.916000e-03
17 9.827080e-01 6.264000e-03 1.102800e-02
18 9.812720e-01 6.536000e-03 1.219200e-02
19 9.798920e-01 6.704000e-03 1.340400e-02
20 9.784600e-01 6.980000e-03 1.456000e-02
21 9.769560e-01 7.340000e-03 1.570400e-02
22 9.754720e-01 7.524000e-03 1.700400e-02
23 9.739320e-01 7.808000e-03 1.826000e-02
24 9.725080e-01 7.916000e-03 1.957600e-02
25 9.711320e-01 7.948000e-03 2.092000e-02
26 9.695840e-01 8.208000e-03 2.220800e-02
27 9.681720e-01 8.168000e-03 2.366000e-02
28 9.666240e-01 8.336000e-03 2.504000e-02
29 9.651600e-01 8.440000e-03 2.640000e-02
30 9.637680e-01 8.464000e-03 2.776800e-02
31 9.621480e-01 8.556000e-03 2.929600e-02
32 9.606400e-01 8.548000e-03 3.081200e-02
33 9.592680e-01 8.388000e-03 3.234400e-02
34 9.577360e-01 8.416000e-03 3.384800e-02
35 9.562960e-01 8.528000e-03 3.517600e-02
36 9.546600e-01 8.584000e-03 3.675600e-02
37 9.528360e-01 8.856000e-03 3.830800e-02
38 9.511400e-01 8.928000e-03 3.993200e-02
39 9.497320e-01 8.936000e-03 4.133200e-02
40 9.482040e-01 8.840000e-03 4.295600e-02
41 9.466320e-01 8.916000e-03 4.445200e-02
42 9.451840e-01 8.908000e-03 4.590800e-02
43 9.438160e-01 8.676000e-03 4.750800e-02
44 9.421720e-01 8.764000e-03 4.906400e-02
45 9.406240e-01 8.764000e-03 5.061200e-02
46 9.391160e-01 8.688000e-03 5.219600e-02
47 9.376400e-01 8.648000e-03 5.371200e-02
48 9.360600e-01 8.776000e-03 5.516400e-02
49 9.344800e-01 8.952000e-03 5.656800e-02
50 9.328320e-01 9.252000e-03 5.791600e-02
51 9.311160e-01 9.364000e-03 5.952000e-02
52 9.293240e-01 9.356000e-03 6.132000e-02
53 9.276080e-01 9.396000e-03 6.299600e-02
54 9.258520e-01 9.452000e-03 6.469600e-02
55 9.240360e-01 9.628000e-03 6.633600e-02
56 9.221400e-01 9.840000e-03 6.802000e-02
57 9.203800e-01 9.832000e-03 6.978800e-02
58 9.184280e-01 1.003200e-02 7.154000e-02
59 9.166720e-01 1.004800e-02 7.328000e-02
60 9.149960e-01 1.010400e-02 7.490000e-02
61 9.131240e-01 1.004400e-02 7.683200e-02
62 9.113120e-01 1.011600e-02 7.857200e-02
63 9.097520e-01 9.940000e-03 8.030800e-02
64 9.081320e-01 9.800000e-03 8.206800e-02
65 9.067200e-01 9.404000e-03 8.387600e-02
66 9.051160e-01 9.400000e-03 8.548400e-02
67 9.036680e-01 9.144000e-03 8.718800e-02
68 9.022000e-01 9.028000e-03 8.877200e-02
69 9.005640e-01 8.988000e-03 9.044800e-02
70 8.990080e-01 9.088000e-03 9.190400e-02
71 8.974560e-01 9.056000e-03 9.348800e-02
72 8.958560e-01 9.164000e-03 9.498000e-02
73 8.941320e-01 9.396000e-03 9.647200e-02
74 8.924800e-01 9.344000e-03 9.817600e-02
75 8.907240e-01 9.528000e-03 9.974800e-02
76 8.889080e-01 9.716000e-03 1.013760e-01
77 8.872440e-01 9.760000e-03 1.029960e-01
78 8.851960e-01 1.016400e-02 1.046400e-01
79 8.832240e-01 1.034400e-02 1.064320e-01
80 8.814680e-01 1.019200e-02 1.083400e-01
81 8.796400e-01 1.022000e-02 1.101400e-01
82 8.778160e-01 1.015200e-02 1.120320e-01
83 8.761080e-01 1.004800e-02 1.138440e-01
84 8.743560e-01 1.003600e-02 1.156080e-01
85 8.725240e-01 1.001600e-02 1.174600e-01
86 8.705080e-01 1.018000e-02 1.193120e-01
87 8.686480e-01 1.023600e-02 1.211160e-01
88 8.668760e-01 1.022800e-02 1.228960e-01
89 8.648920e-01 1.047200e-02 1.246360e-01
90 8.633200e-01 1.030400e-02 1.263760e-01
91 8.614720e-01 1.049600e-02 1.280320e-01
92 8.596960e-01 1.036800e-02 1.299360e-01
93 8.578840e-01 1.045600e-02 1.316600e-01
94 8.560720e-01 1.034400e-02 1.335840e-01
95 8.543040e-01 1.026800e-02 1.354280e-01
96 8.525600e-01 1.030400e-02 1.371360e-01
97 8.508440e-01 1.031600e-02 1.388400e-01
98 8.489600e-01 1.035600e-02 1.406840e-01
99 8.470440e-01 1.058000e-02 1.423760e-01
100 8.453480e-01 1.048000e-02 1.441720e-01
101 8.434880e-01 1.060400e-02 1.459080e-01
102 8.415680e-01 1.065200e-02 1.477800e-01
103 8.397120e-01 1.072000e-02 1.495680e-01
104 8.378320e-01 1.068000e-02 1.514880e-01
105 8.359840e-01 1.072400e-02 1.532920e-01
106 8.341560e-01 1.070400e-02 1.551400e-01
107 8.321960e-01 1.074400e-02 1.570600e-01
108 8.304520e-01 1.060800e-02 1.589400e-01
109 8.287280e-01 1.056400e-02 1.607080e-01
110 8.269480e-01 1.059600e-02 1.624560e-01
111 8.251080e-01 1.070000e-02 1.641920e-01
112 8.233160e-01 1.067200e-02 1.660120e-01
113 8.214720e-01 1.067600e-02 1.678520e-01
114 8.197200e-01 1.049200e-02 1.697880e-01
115 8.179960e-01 1.035600e-02 1.716480e-01
116 8.161520e-01 1.052400e-02 1.733240e-01
117 8.143000e-01 1.066400e-02 1.750360e-01
118 8.125440e-01 1.045600e-02 1.770000e-01
119 8.106760e-01 1.036000e-02 1.789640e-01
120 8.089560e-01 1.031600e-02 1.807280e-01
121 8.073440e-01 1.000000e-02 1.826560e-01
122 8.056880e-01 9.952000e-03 1.843600e-01
123 8.039800e-01 1.001600e-02 1.860040e-01
124 8.024360e-01 9.864000e-03 1.877000e-01
125 8.009000e-01 9.656000e-03 1.894440e-01
126 7.994160e-01 9.484000e-03 1.911000e-01
127 7.978520e-01 9.452000e-03 1.926960e-01
128 7.965200e-01 9.172000e-03 1.943080e-01
129 7.951320e-01 8.920000e-03 1.959480e-01
130 7.937640e-01 8.748000e-03 1.974880e-01
131 7.923040e-01 8.684000e-03 1.990120e-01
132 7.909600e-01 8.692000e-03 2.003480e-01
133 7.894920e-01 8.604000e-03 2.019040e-01
134 7.879200e-01 8.696000e-03 2.033840e-01
135 7.864040e-01 8.724000e-03 2.048720e-01
136 7.851040e-01 8.396000e-03 2.065000e-01
137 7.835840e-01 8.576000e-03 2.078400e-01
138 7.821080e-01 8.496000e-03 2.093960e-01
139 7.805120e-01 8.540000e-03 2.109480e-01
140 7.790320e-01 8.464000e-03 2.125040e-01
141 7.774920e-01 8.464000e-03 2.140440e-01
142 7.759880e-01 8.504000e-03 2.155080e-01
143 7.746600e-01 8.336000e-03 2.170040e-01
144 7.733920e-01 8.160000e-03 2.184480e-01
145 7.720120e-01 8.060000e-03 2.199280e-01
146 7.706960e-01 8.084000e-03 2.212200e-01
147 7.693360e-01 7.996000e-03 2.226680e-01
148 7.681000e-01 7.784000e-03 2.241160e-01
149 7.669120e-01 7.628000e-03 2.254600e-01
150 7.655080e-01 7.708000e-03 2.267840e-01
151 7.643280e-01 7.624000e-03 2.280480e-01
152 7.630600e-01 7.668000e-03 2.292720e-01
153 7.618160e-01 7.528000e-03 2.306560e-01
154 7.605440e-01 7.488000e-03 2.319680e-01
155 7.592760e-01 7.584000e-03 2.331400e-01
156 7.580600e-01 7.476000e-03 2.344640e-01
157 7.568560e-01 7.544000e-03 2.356000e-01
158 7.556680e-01 7.452000e-03 2.368800e-01
159 7.545400e-01 7.292000e-03 2.381680e-01
160 7.532720e-01 7.224000e-03 2.395040e-01
161 7.520800e-01 7.176000e-03 2.407440e-01
162 7.508400e-01 7.216000e-03 2.419440e-01
163 7.495960e-01 7.312000e-03 2.430920e-01
164 7.483560e-01 7.208000e-03 2.444360e-01
165 7.472200e-01 7.084000e-03 2.456960e-01
166 7.459240e-01 7.180000e-03 2.468960e-01
167 7.447240e-01 7.136000e-03 2.481400e-01
168 7.434440e-01 7.092000e-03 2.494640e-01
169 7.423560e-01 6.884000e-03 2.507600e-01
170 7.411360e-01 6.928000e-03 2.519360e-01
171 7.399760e-01 6.872000e-03 2.531520e-01
172 7.388240e-01 6.712000e-03 2.544640e-01
173 7.376960e-01 6.652000e-03 2.556520e-01
174 7.364000e-01 6.816000e-03 2.567840e-01
175 7.353120e-01 6.736000e-03 2.579520e-01
176 7.342280e-01 6.700000e-03 2.590720e-01
177 7.331120e-01 6.616000e-03 2.602720e-01
178 7.321240e-01 6.556000e-03 2.613200e-01
179 7.309960e-01 6.560000e-03 2.624440e-01
180 7.299160e-01 6.540000e-03 2.635440e-01
181 7.288640e-01 6.452000e-03 2.646840e-01
182 7.277040e-01 6.500000e-03 2.657960e-01
183 7.266120e-01 6.456000e-03 2.669320e-01
184 7.256280e-01 6.384000e-03 2.679880e-01
185 7.244520e-01 6.496000e-03 2.690520e-01
186 7.233360e-01 6.464000e-03 2.702000e-01
187 7.223440e-01 6.312000e-03 2.713440e-01
188 7.214320e-01 6.124000e-03 2.724440e-01
189 7.204520e-01 6.044000e-03 2.735040e-01
190 7.194200e-01 6.036000e-03 2.745440e-01
191 7.184120e-01 6.040000e-03 2.755480e-01
192 7.173720e-01 5.964000e-03 2.766640e-01
193 7.163720e-01 5.960000e-03 2.776680e-01
194 7.151720e-01 6.092000e-03 2.787360e-01
195 7.141000e-01 6.028000e-03 2.798720e-01
196 7.131800e-01 5.864000e-03 2.809560e-01
197 7.120960e-01 5.828000e-03 2.820760e-01
198 7.110160e-01 5.896000e-03 2.830880e-01
199 7.100160e-01 5.808000e-03 2.841760e-01
200 7.090640e-01 5.780000e-03 2.851560e-01
201 7.081480e-01 5.596000e-03 2.862560e-01
202 7.073160e-01 5.372000e-03 2.873120e-01
203 7.063600e-01 5.348000e-03 2.882920e-01
204 7.054880e-01 5.304000e-03 2.892080e-01
205 7.044920e-01 5.424000e-03 2.900840e-01
206 7.035240e-01 5.468000e-03 2.910080e-01
207 7.025160e-01 5.508000e-03 2.919760e-01
208 7.016400e-01 5.420000e-03 2.929400e-01
209 7.007920e-01 5.364000e-03 2.938440e-01
210 6.999120e-01 5.264000e-03 2.948240e-01
211 6.990960e-01 5.232000e-03 2.956720e-01
212 6.982120e-01 5.372000e-03 2.964160e-01
213 6.973440e-01 5.332000e-03 2.973240e-01
214 6.964280e-01 5.352000e-03 2.982200e-01
215 6.955320e-01 5.328000e-03 2.991400e-01
216 6.947000e-01 5.076000e-03 3.002240e-01
217 6.939520e-01 4.796000e-03 3.012520e-01
218 6.931800e-01 4.744000e-03 3.020760e-01
219 6.923880e-01 4.752000e-03 3.028600e-01
220 6.916000e-01 4.768000e-03 3.036320e-01
221 6.908720e-01 4.648000e-03 3.044800e-01
222 6.900080e-01 4.648000e-03 3.053440e-01
223 6.892760e-01 4.548000e-03 3.061760e-01
224 6.885960e-01 4.476000e-03 3.069280e-01
225 6.878560e-01 4.460000e-03 3.076840e-01
226 6.871640e-01 4.472000e-03 3.083640e-01
227 6.865720e-01 4.348000e-03 3.090800e-01
228 6.859280e-01 4.244000e-03 3.098280e-01
229 6.852200e-01 4.152000e-03 3.106280e-01
230 6.845680e-01 4.076000e-03 3.113560e-01
231 6.839760e-01 3.908000e-03 3.121160e-01
232 6.833160e-01 3.876000e-03 3.128080e-01
233 6.825480e-01 3.968000e-03 3.134840e-01
234 6.818920e-01 3.856000e-03 3.142520e-01
235 6.812440e-01 3.800000e-03 3.149560e-01
236 6.806720e-01 3.736000e-03 3.155920e-01
237 6.800280e-01 3.784000e-03 3.161880e-01
238 6.793840e-01 3.812000e-03 3.168040e-01
239 6.787560e-01 3.720000e-03 3.175240e-01
240 6.781080e-01 3.680000e-03 3.182120e-01
241 6.775680e-01 3.540000e-03 3.188920e-01
242 6.770880e-01 3.440000e-03 3.194720e-01
243 6.765640e-01 3.408000e-03 3.200280e-01
244 6.759960e-01 3.400000e-03 3.206040e-01
245 6.755280e-01 3.356000e-03 3.211160e-01
246 6.750160e-01 3.244000e-03 3.217400e-01
247 6.744720e-01 3.212000e-03 3.223160e-01
248 6.739760e-01 3.164000e-03 3.228600e-01
249 6.735160e-01 3.068000e-03 3.234160e-01
250 6.729440e-01 3.160000e-03 3.238960e-01
251 6.723720e-01 3.184000e-03 3.244440e-01
252 6.718840e-01 3.092000e-03 3.250240e-01
253 6.713000e-01 3.112000e-03 3.255880e-01
254 6.706520e-01 3.240000e-03 3.261080e-01
255 6.700880e-01 3.276000e-03 3.266360e-01
256 6.694640e-01 3.348000e-03 3.271880e-01
257 6.688640e-01 3.404000e-03 3.277320e-01
258 6.682880e-01 3.444000e-03 3.282680e-01
259 6.676200e-01 3.440000e-03 3.289400e-01
260 6.671120e-01 3.328000e-03 3.295600e-01
261 6.665280e-01 3.392000e-03 3.300800e-01
262 6.659280e-01 3.264000e-03 3.308080e-01
263 6.653680e-01 3.188000e-03 3.314440e-01
264 6.648480e-01 3.200000e-03 3.319520e-01
265 6.644040e-01 3.064000e-03 3.325320e-01
266 6.639040e-01 2.956000e-03 3.331400e-01
267 6.634520e-01 2.888000e-03 3.336600e-01
268 6.629040e-01 2.908000e-03 3.341880e-01
269 6.624160e-01 2.920000e-03 3.346640e-01
270 6.619320e-01 2.956000e-03 3.351120e-01
271 6.614880e-01 2.900000e-03 3.356120e-01
272 6.609880e-01 2.904000e-03 3.361080e-01
273 6.605320e-01 2.884000e-03 3.365840e-01
274 6.600760e-01 2.780000e-03 3.371440e-01
275 6.596200e-01 2.804000e-03 3.375760e-01
276 6.591080e-01 2.808000e-03 3.380840e-01
277 6.587480e-01 2.716000e-03 3.385360e-01
278 6.583280e-01 2.696000e-03 3.389760e-01
279 6.579120e-01 2.680000e-03 3.394080e-01
280 6.573800e-01 2.772000e-03 3.398480e-01
281 6.568480e-01 2.856000e-03 3.402960e-01
282 6.562680e-01 2.896000e-03 3.408360e-01
283 6.558240e-01 2.828000e-03 3.413480e-01
284 6.553280e-01 2.808000e-03 3.418640e-01
285 6.549640e-01 2.720000e-03 3.423160e-01
286 6.544280e-01 2.764000e-03 3.428080e-01
287 6.539520e-01 2.804000e-03 3.432440e-01
288 6.535160e-01 2.712000e-03 3.437720e-01
289 6.530720e-01 2.696000e-03 3.442320e-01
290 6.526240e-01 2.712000e-03 3.446640e-01
291 6.521880e-01 2.660000e-03 3.451520e-01
292 6.517600e-01 2.656000e-03 3.455840e-01
293 6.512160e-01 2.752000e-03 3.460320e-01
294 6.506640e-01 2.796000e-03 3.465400e-01
295 6.502600e-01 2.728000e-03 3.470120e-01
296 6.498120e-01 2.620000e-03 3.475680e-01
297 6.493440e-01 2.596000e-03 3.480600e-01
298 6.489080e-01 2.720000e-03 3.483720e-01
299 6.484520e-01 2.620000e-03 3.489280e-01
300 6.480520e-01 2.548000e-03 3.494000e-01
301 6.476440e-01 2.560000e-03 3.497960e-01
302 6.472160e-01 2.556000e-03 3.502280e-01
303 6.467320e-01 2.608000e-03 3.506600e-01
304 6.462600e-01 2.608000e-03 3.511320e-01
305 6.458200e-01 2.628000e-03 3.515520e-01
306 6.452680e-01 2.664000e-03 3.520680e-01
307 6.448160e-01 2.688000e-03 3.524960e-01
308 6.443920e-01 2.684000e-03 3.529240e-01
309 6.438760e-01 2.732000e-03 3.533920e-01
310 6.433920e-01 2.704000e-03 3.539040e-01
311 6.429440e-01 2.680000e-03 3.543760e-01
312 6.425480e-01 2.552000e-03 3.549000e-01
313 6.419840e-01 2.704000e-03 3.553120e-01
314 6.415320e-01 2.656000e-03 3.558120e-01
315 6.410320e-01 2.724000e-03 3.562440e-01
316 6.405920e-01 2.708000e-03 3.567000e-01
317 6.401200e-01 2.724000e-03 3.571560e-01
318 6.396800e-01 2.656000e-03 3.576640e-01
319 6.392480e-01 2.600000e-03 3.581520e-01
320 6.388280e-01 2.592000e-03 3.585800e-01
321 6.384160e-01 2.596000e-03 3.589880e-01
322 6.380920e-01 2.512000e-03 3.593960e-01
323 6.377960e-01 2.360000e-03 3.598440e-01
324 6.374520e-01 2.236000e-03 3.603120e-01
325 6.370280e-01 2.256000e-03 3.607160e-01
326 6.366560e-01 2.188000e-03 3.611560e-01
327 6.362280e-01 2.268000e-03 3.615040e-01
328 6.358400e-01 2.284000e-03 3.618760e-01
329 6.355080e-01 2.248000e-03 3.622440e-01
330 6.351440e-01 2.204000e-03 3.626520e-01
331 6.347520e-01 2.196000e-03 3.630520e-01
332 6.344440e-01 2.128000e-03 3.634280e-01
333 6.340960e-01 2.104000e-03 3.638000e-01
334 6.336960e-01 2.064000e-03 3.642400e-01
335 6.333480e-01 2.088000e-03 3.645640e-01
336 6.329240e-01 2.152000e-03 3.649240e-01
337 6.325480e-01 2.100000e-03 3.653520e-01
338 6.322280e-01 2.088000e-03 3.656840e-01
339 6.318840e-01 2.132000e-03 3.659840e-01
340 6.315320e-01 2.144000e-03 3.663240e-01
341 6.311760e-01 2.164000e-03 3.666600e-01
342 6.307760e-01 2.188000e-03 3.670360e-01
343 6.304440e-01 2.136000e-03 3.674200e-01
344 6.300560e-01 2.136000e-03 3.678080e-01
345 6.297320e-01 2.036000e-03 3.682320e-01
346 6.294200e-01 1.972000e-03 3.686080e-01
347 6.291200e-01 1.956000e-03 3.689240e-01
348 6.288360e-01 1.904000e-03 3.692600e-01
349 6.284880e-01 1.908000e-03 3.696040e-01
350 6.281680e-01 1.904000e-03 3.699280e-01
351 6.278520e-01 1.920000e-03 3.702280e-01
352 6.275320e-01 1.928000e-03 3.705400e-01
353 6.272840e-01 1.768000e-03 3.709480e-01
354 6.269800e-01 1.788000e-03 3.712320e-01
355 6.266920e-01 1.792000e-03 3.715160e-01
356 6.264000e-01 1.720000e-03 3.718800e-01
357 6.261720e-01 1.672000e-03 3.721560e-01
358 6.259200e-01 1.672000e-03 3.724080e-01
359 6.256080e-01 1.676000e-03 3.727160e-01
360 6.253960e-01 1.600000e-03 3.730040e-01
361 6.251520e-01 1.584000e-03 3.732640e-01
362 6.248640e-01 1.608000e-03 3.735280e-01
363 6.245000e-01 1.648000e-03 3.738520e-01
364 6.243240e-01 1.544000e-03 3.741320e-01
365 6.240400e-01 1.516000e-03 3.744440e-01
366 6.237800e-01 1.552000e-03 3.746680e-01
367 6.235640e-01 1.484000e-03 3.749520e-01
368 6.232600e-01 1.520000e-03 3.752200e-01
369 6.229680e-01 1.544000e-03 3.754880e-01
370 6.226840e-01 1.628000e-03 3.756880e-01
371 6.224280e-01 1.624000e-03 3.759480e-01
372 6.220360e-01 1.708000e-03 3.762560e-01
373 6.217880e-01 1.716000e-03 3.764960e-01
374 6.214960e-01 1.756000e-03 3.767480e-01
375 6.211680e-01 1.808000e-03 3.770240e-01
376 6.208880e-01 1.744000e-03 3.773680e-01
377 6.205840e-01 1.696000e-03 3.777200e-01
378 6.202720e-01 1.708000e-03 3.780200e-01
379 6.200880e-01 1.624000e-03 3.782880e-01
380 6.198600e-01 1.560000e-03 3.785800e-01
381 6.195840e-01 1.548000e-03 3.788680e-01
382 6.193000e-01 1.564000e-03 3.791360e-01
383 6.190400e-01 1.528000e-03 3.794320e-01
384 6.187920e-01 1.500000e-03 3.797080e-01
385 6.185600e-01 1.464000e-03 3.799760e-01
386 6.182960e-01 1.476000e-03 3.802280e-01
387 6.180200e-01 1.468000e-03 3.805120e-01
388 6.177360e-01 1.480000e-03 3.807840e-01
389 6.174320e-01 1.532000e-03 3.810360e-01
390 6.171080e-01 1.632000e-03 3.812600e-01
391 6.167400e-01 1.640000e-03 3.816200e-01
392 6.165000e-01 1.620000e-03 3.818800e-01
393 6.161760e-01 1.660000e-03 3.821640e-01
394 6.158600e-01 1.696000e-03 3.824440e-01
395 6.156400e-01 1.584000e-03 3.827760e-01
396 6.153520e-01 1.604000e-03 3.830440e-01
397 6.150840e-01 1.600000e-03 3.833160e-01
398 6.148760e-01 1.544000e-03 3.835800e-01
399 6.146600e-01 1.528000e-03 3.838120e-01
400 6.144120e-01 1.536000e-03 3.840520e-01
401 6.141600e-01 1.532000e-03 3.843080e-01
402 6.139720e-01 1.420000e-03 3.846080e-01
403 6.138120e-01 1.364000e-03 3.848240e-01
404 6.136520e-01 1.328000e-03 3.850200e-01
405 6.135320e-01 1.224000e-03 3.852440e-01
406 6.133560e-01 1.152000e-03 3.854920e-01
407 6.131760e-01 1.152000e-03 3.856720e-01
408 6.129800e-01 1.176000e-03 3.858440e-01
409 6.127880e-01 1.152000e-03 3.860600e-01
410 6.126360e-01 1.124000e-03 3.862400e-01
411 6.124880e-01 1.036000e-03 3.864760e-01
412 6.123280e-01 1.004000e-03 3.866680e-01
413 6.121440e-01 1.032000e-03 3.868240e-01
414 6.119600e-01 1.036000e-03 3.870040e-01
415 6.118040e-01 1.016000e-03 3.871800e-01
416 6.116520e-01 9.920000e-04 3.873560e-01
417 6.115200e-01 9.160000e-04 3.875640e-01
418 6.113880e-01 8.960000e-04 3.877160e-01
419 6.112680e-01 8.600000e-04 3.878720e-01
420 6.112080e-01 7.720000e-04 3.880200e-01
421 6.110680e-01 7.840000e-04 3.881480e-01
422 6.109880e-01 7.360000e-04 3.882760e-01
423 6.108720e-01 6.680000e-04 3.884600e-01
424 6.108080e-01 5.920000e-04 3.886000e-01
425 6.107080e-01 5.840000e-04 3.887080e-01
426 6.105840e-01 6.080000e-04 3.888080e-01
427 6.104080e-01 6.600000e-04 3.889320e-01
428 6.102560e-01 7.040000e-04 3.890400e-01
429 6.101440e-01 6.960000e-04 3.891600e-01
430 6.100600e-01 6.800000e-04 3.892600e-01
431 6.099560e-01 6.480000e-04 3.893960e-01
432 6.098720e-01 6.080000e-04 3.895200e-01
433 6.097520e-01 5.960000e-04 3.896520e-01
434 6.096600e-01 5.480000e-04 3.897920e-01
435 6.095880e-01 5.360000e-04 3.898760e-01
436 6.095080e-01 5.280000e-04 3.899640e-01
437 6.094400e-01 5.080000e-04 3.900520e-01
438 6.093480e-01 5.240000e-04 3.901280e-01
439 6.093040e-01 4.640000e-04 3.902320e-01
440 6.092560e-01 4.200000e-04 3.903240e-01
441 6.091880e-01 3.920000e-04 3.904200e-01
442 6.091520e-01 3.680000e-04 3.904800e-01
443 6.091120e-01 3.560000e-04 3.905320e-01
444 6.090480e-01 3.640000e-04 3.905880e-01
445 6.090040e-01 3.560000e-04 3.906400e-01
446 6.089520e-01 3.560000e-04 3.906920e-01
447 6.089120e-01 3.520000e-04 3.907360e-01
448 6.088360e-01 3.480000e-04 3.908160e-01
449 6.087800e-01 3.480000e-04 3.908720e-01
450 6.087160e-01 3.480000e-04 3.909360e-01
451 6.086640e-01 3.440000e-04 3.909920e-01
452 6.086160e-01 3.320000e-04 3.910520e-01
453 6.085640e-01 3.400000e-04 3.910960e-01
454 6.084720e-01 3.840000e-04 3.911440e-01
455 6.083960e-01 4.000000e-04 3.912040e-01
456 6.083520e-01 3.680000e-04 3.912800e-01
457 6.082800e-01 3.680000e-04 3.913520e-01
458 6.082240e-01 3.680000e-04 3.914080e-01
459 6.081920e-01 3.280000e-04 3.914800e-01
460 6.081560e-01 2.840000e-04 3.915600e-01
461 6.080880e-01 2.800000e-04 3.916320e-01
462 6.080240e-01 2.960000e-04 3.916800e-01
463 6.079840e-01 2.640000e-04 3.917520e-01
464 6.079120e-01 2.560000e-04 3.918320e-01
465 6.078640e-01 2.400000e-04 3.918960e-01
466 6.078120e-01 2.400000e-04 3.919480e-01
467 6.077680e-01 2.560000e-04 3.919760e-01
468 6.076920e-01 2.840000e-04 3.920240e-01
469 6.076480e-01 2.880000e-04 3.920640e-01
470 6.075840e-01 2.800000e-04 3.921360e-01
471 6.074920e-01 3.120000e-04 3.921960e-01
472 6.074080e-01 3.280000e-04 3.922640e-01
473 6.073360e-01 3.360000e-04 3.923280e-01
474 6.072120e-01 4.040000e-04 3.923840e-01
475 6.071080e-01 4.320000e-04 3.924600e-01
476 6.069760e-01 4.840000e-04 3.925400e-01
477 6.068440e-01 5.080000e-04 3.926480e-01
478 6.067440e-01 5.280000e-04 3.927280e-01
479 6.066640e-01 4.840000e-04 3.928520e-01
480 6.065800e-01 5.080000e-04 3.929120e-01
481 6.064680e-01 5.400000e-04 3.929920e-01
482 6.063760e-01 5.640000e-04 3.930600e-01
483 6.061960e-01 6.520000e-04 3.931520e-01
484 6.060840e-01 6.360000e-04 3.932800e-01
485 6.059560e-01 6.520000e-04 3.933920e-01
486 6.058000e-01 6.640000e-04 3.935360e-01
487 6.056880e-01 6.680000e-04 3.936440e-01
488 6.055760e-01 6.520000e-04 3.937720e-01
489 6.054240e-01 6.680000e-04 3.939080e-01
490 6.052880e-01 6.800000e-04 3.940320e-01
491 6.051720e-01 7.000000e-04 3.941280e-01
492 6.050520e-01 7.240000e-04 3.942240e-01
493 6.049800e-01 6.920000e-04 3.943280e-01
494 6.048600e-01 6.680000e-04 3.944720e-01
495 6.047920e-01 6.280000e-04 3.945800e-01
496 6.046760e-01 6.640000e-04 3.946600e-01
497 6.045840e-01 6.240000e-04 3.947920e-01
498 6.044880e-01 6.400000e-04 3.948720e-01
499 6.043960e-01 6.520000e-04 3.949520e-01
500 6.042920e-01 6.480000e-04 3.950600e-01
