1 9.991880e-01 6.880000e-04 1.240000e-04
2 9.987120e-01 9.880000e-04 3.000000e-04
3 9.979760e-01 1.496000e-03 5.280000e-04
4 9.972680e-01 1.928000e-03 8.040000e-04
5 9.964640e-01 2.388000e-03 1.148000e-03
6 9.957120e-01 2.712000e-03 1.576000e-03
7 9.948240e-01 3.032000e-03 2.144000e-03
8 9.939360e-01 3.348000e-03 2.716000e-03
9 9.930920e-01 3.516000e-03 3.392000e-03
10 9.920200e-01 3.956000e-03 4.024000e-03
11 9.910600e-01 4.248000e-03 4.692000e-03
12 9.900040e-01 4.588000e-03 5.408000e-03
13 9.889160e-01 4.784000e-03 6.300000e-03
14 9.878040e-01 4.932000e-03 7.264000e-03
15 9.867600e-01 5.120000e-03 8.120000e-03
16 9.856360e-01 5.292000e-03 9.072000e-03
17 9.844800e-01 5.460000e-03 1.006000e-02
18 9.833480e-01 5.696000e-03 1.095600e-02
19 9.822000e-01 5.824000e-03 1.197600e-02
20 9.809040e-01 6.100000e-03 1.299600e-02
21 9.796160e-01 6.320000e-03 1.406400e-02
22 9.783320e-01 6.484000e-03 1.518400e-02
23 9.769480e-01 6.764000e-03 1.628800e-02
24 9.757000e-01 6.824000e-03 1.747600e-02
25 9.743840e-01 6.896000e-03 1.872000e-02
26 9.730040e-01 7.016000e-03 1.998000e-02
27 9.717720e-01 6.976000e-03 2.125200e-02
28 9.703800e-01 7.192000e-03 2.242800e-02
29 9.689440e-01 7.340000e-03 2.371600e-02
30 9.675440e-01 7.404000e-03 2.505200e-02
31 9.660480e-01 7.736000e-03 2.621600e-02
32 9.644040e-01 8.096000e-03 2.750000e-02
33 9.627760e-01 8.232000e-03 2.899200e-02
34 9.611840e-01 8.336000e-03 3.048000e-02
35 9.595240e-01 8.656000e-03 3.182000e-02
36 9.576080e-01 9.056000e-03 3.333600e-02
37 9.560400e-01 9.160000e-03 3.480000e-02
38 9.543560e-01 9.224000e-03 3.642000e-02
39 9.528120e-01 9.224000e-03 3.796400e-02
40 9.510800e-01 9.364000e-03 3.955600e-02
41 9.496240e-01 9.300000e-03 4.107600e-02
42 9.478800e-01 9.344000e-03 4.277600e-02
43 9.461000e-01 9.436000e-03 4.446400e-02
44 9.443120e-01 9.676000e-03 4.601200e-02
45 9.426160e-01 9.772000e-03 4.761200e-02
46 9.411200e-01 9.564000e-03 4.931600e-02
47 9.395520e-01 9.420000e-03 5.102800e-02
48 9.380200e-01 9.324000e-03 5.265600e-02
49 9.364320e-01 9.412000e-03 5.415600e-02
50 9.348280e-01 9.432000e-03 5.574000e-02
51 9.330600e-01 9.632000e-03 5.730800e-02
52 9.313800e-01 9.580000e-03 5.904000e-02
53 9.297120e-01 9.584000e-03 6.070400e-02
54 9.279320e-01 9.836000e-03 6.223200e-02
55 9.260440e-01 9.912000e-03 6.404400e-02
56 9.242600e-01 9.920000e-03 6.582000e-02
57 9.226040e-01 9.756000e-03 6.764000e-02
58 9.208800e-01 9.736000e-03 6.938400e-02
59 9.192760e-01 9.708000e-03 7.101600e-02
60 9.176880e-01 9.644000e-03 7.266800e-02
61 9.161640e-01 9.500000e-03 7.433600e-02
62 9.146040e-01 9.264000e-03 7.613200e-02
63 9.130440e-01 9.232000e-03 7.772400e-02
64 9.114040e-01 9.232000e-03 7.936400e-02
65 9.096280e-01 9.412000e-03 8.096000e-02
66 9.078720e-01 9.528000e-03 8.260000e-02
67 9.060640e-01 9.688000e-03 8.424800e-02
68 9.042680e-01 9.804000e-03 8.592800e-02
69 9.026520e-01 9.576000e-03 8.777200e-02
70 9.010200e-01 9.464000e-03 8.951600e-02
71 8.994600e-01 9.376000e-03 9.116400e-02
72 8.978560e-01 9.328000e-03 9.281600e-02
73 8.962840e-01 9.404000e-03 9.431200e-02
74 8.945960e-01 9.468000e-03 9.593600e-02
75 8.927560e-01 9.592000e-03 9.765200e-02
76 8.910520e-01 9.508000e-03 9.944000e-02
77 8.891720e-01 9.772000e-03 1.010560e-01
78 8.872960e-01 9.880000e-03 1.028240e-01
79 8.855320e-01 9.988000e-03 1.044800e-01
80 8.839040e-01 9.924000e-03 1.061720e-01
81 8.823440e-01 9.692000e-03 1.079640e-01
82 8.807240e-01 9.592000e-03 1.096840e-01
83 8.791440e-01 9.528000e-03 1.113280e-01
84 8.776200e-01 9.352000e-03 1.130280e-01
85 8.758760e-01 9.376000e-03 1.147480e-01
86 8.743120e-01 9.320000e-03 1.163680e-01
87 8.726240e-01 9.364000e-03 1.180120e-01
88 8.711640e-01 9.224000e-03 1.196120e-01
89 8.696920e-01 9.116000e-03 1.211920e-01
90 8.681080e-01 9.140000e-03 1.227520e-01
91 8.662800e-01 9.412000e-03 1.243080e-01
92 8.645960e-01 9.336000e-03 1.260680e-01
93 8.629160e-01 9.452000e-03 1.276320e-01
94 8.612880e-01 9.560000e-03 1.291520e-01
95 8.595480e-01 9.616000e-03 1.308360e-01
96 8.578160e-01 9.556000e-03 1.326280e-01
97 8.560760e-01 9.636000e-03 1.342880e-01
98 8.545480e-01 9.440000e-03 1.360120e-01
99 8.528840e-01 9.532000e-03 1.375840e-01
100 8.511160e-01 9.624000e-03 1.392600e-01
101 8.495320e-01 9.376000e-03 1.410920e-01
102 8.478440e-01 9.464000e-03 1.426920e-01
103 8.462720e-01 9.256000e-03 1.444720e-01
104 8.445000e-01 9.396000e-03 1.461040e-01
105 8.426600e-01 9.616000e-03 1.477240e-01
106 8.410120e-01 9.720000e-03 1.492680e-01
107 8.389920e-01 1.007600e-02 1.509320e-01
108 8.371080e-01 1.016000e-02 1.527320e-01
109 8.351960e-01 1.017600e-02 1.546280e-01
110 8.334960e-01 9.972000e-03 1.565320e-01
111 8.316320e-01 1.020000e-02 1.581680e-01
112 8.298440e-01 1.020400e-02 1.599520e-01
113 8.281360e-01 1.014800e-02 1.617160e-01
114 8.264840e-01 9.968000e-03 1.635480e-01
115 8.248600e-01 9.804000e-03 1.653360e-01
116 8.231200e-01 9.836000e-03 1.670440e-01
117 8.214360e-01 9.808000e-03 1.687560e-01
118 8.197600e-01 9.624000e-03 1.706160e-01
119 8.181840e-01 9.516000e-03 1.723000e-01
120 8.164640e-01 9.616000e-03 1.739200e-01
121 8.148200e-01 9.604000e-03 1.755760e-01
122 8.132880e-01 9.452000e-03 1.772600e-01
123 8.116720e-01 9.436000e-03 1.788920e-01
124 8.102120e-01 9.340000e-03 1.804480e-01
125 8.085080e-01 9.452000e-03 1.820400e-01
126 8.068480e-01 9.476000e-03 1.836760e-01
127 8.052400e-01 9.596000e-03 1.851640e-01
128 8.035840e-01 9.560000e-03 1.868560e-01
129 8.018960e-01 9.512000e-03 1.885920e-01
130 8.003040e-01 9.456000e-03 1.902400e-01
131 7.985560e-01 9.496000e-03 1.919480e-01
132 7.971120e-01 9.376000e-03 1.935120e-01
133 7.956440e-01 9.384000e-03 1.949720e-01
134 7.941560e-01 9.212000e-03 1.966320e-01
135 7.926520e-01 9.092000e-03 1.982560e-01
136 7.911680e-01 8.996000e-03 1.998360e-01
137 7.895800e-01 9.104000e-03 2.013160e-01
138 7.880640e-01 8.944000e-03 2.029920e-01
139 7.864720e-01 8.992000e-03 2.045360e-01
140 7.849600e-01 8.796000e-03 2.062440e-01
141 7.835000e-01 8.652000e-03 2.078480e-01
142 7.819880e-01 8.712000e-03 2.093000e-01
143 7.804520e-01 8.536000e-03 2.110120e-01
144 7.790320e-01 8.548000e-03 2.124200e-01
145 7.775360e-01 8.564000e-03 2.139000e-01
146 7.762160e-01 8.472000e-03 2.153120e-01
147 7.747960e-01 8.456000e-03 2.167480e-01
148 7.735080e-01 8.448000e-03 2.180440e-01
149 7.722160e-01 8.304000e-03 2.194800e-01
150 7.709120e-01 8.188000e-03 2.209000e-01
151 7.695720e-01 8.104000e-03 2.223240e-01
152 7.682680e-01 7.968000e-03 2.237640e-01
153 7.668840e-01 7.920000e-03 2.251960e-01
154 7.655600e-01 7.872000e-03 2.265680e-01
155 7.643120e-01 7.628000e-03 2.280600e-01
156 7.630720e-01 7.424000e-03 2.295040e-01
157 7.618480e-01 7.372000e-03 2.307800e-01
158 7.605520e-01 7.424000e-03 2.320240e-01
159 7.592040e-01 7.644000e-03 2.331520e-01
160 7.577120e-01 7.908000e-03 2.343800e-01
161 7.562320e-01 8.100000e-03 2.356680e-01
162 7.547680e-01 8.120000e-03 2.371120e-01
163 7.535320e-01 7.824000e-03 2.386440e-01
164 7.523240e-01 7.640000e-03 2.400360e-01
165 7.511600e-01 7.316000e-03 2.415240e-01
166 7.498920e-01 7.360000e-03 2.427480e-01
167 7.487800e-01 7.208000e-03 2.440120e-01
168 7.475960e-01 7.264000e-03 2.451400e-01
169 7.465360e-01 7.100000e-03 2.463640e-01
170 7.454200e-01 7.008000e-03 2.475720e-01
171 7.442240e-01 7.028000e-03 2.487480e-01
172 7.431720e-01 6.892000e-03 2.499360e-01
173 7.419800e-01 6.924000e-03 2.510960e-01
174 7.409520e-01 6.728000e-03 2.523200e-01
175 7.398320e-01 6.796000e-03 2.533720e-01
176 7.388520e-01 6.568000e-03 2.545800e-01
177 7.378040e-01 6.456000e-03 2.557400e-01
178 7.366600e-01 6.548000e-03 2.567920e-01
179 7.353880e-01 6.672000e-03 2.579400e-01
180 7.341160e-01 6.780000e-03 2.591040e-01
181 7.328240e-01 6.760000e-03 2.604160e-01
182 7.316480e-01 6.696000e-03 2.616560e-01
183 7.305560e-01 6.668000e-03 2.627760e-01
184 7.295400e-01 6.584000e-03 2.638760e-01
185 7.285040e-01 6.520000e-03 2.649760e-01
186 7.274480e-01 6.428000e-03 2.661240e-01
187 7.264000e-01 6.324000e-03 2.672760e-01
188 7.252640e-01 6.408000e-03 2.683280e-01
189 7.243200e-01 6.280000e-03 2.694000e-01
190 7.233080e-01 6.140000e-03 2.705520e-01
191 7.222400e-01 6.244000e-03 2.715160e-01
192 7.211680e-01 6.088000e-03 2.727440e-01
193 7.201680e-01 5.976000e-03 2.738560e-01
194 7.191440e-01 5.932000e-03 2.749240e-01
195 7.180720e-01 5.996000e-03 2.759320e-01
196 7.170520e-01 5.924000e-03 2.770240e-01
197 7.160040e-01 5.960000e-03 2.780360e-01
198 7.150000e-01 5.940000e-03 2.790600e-01
199 7.140360e-01 5.872000e-03 2.800920e-01
200 7.130680e-01 5.744000e-03 2.811880e-01
201 7.122240e-01 5.608000e-03 2.821680e-01
202 7.112360e-01 5.532000e-03 2.832320e-01
203 7.103640e-01 5.412000e-03 2.842240e-01
204 7.093320e-01 5.496000e-03 2.851720e-01
205 7.083880e-01 5.500000e-03 2.861120e-01
206 7.075600e-01 5.344000e-03 2.870960e-01
207 7.066960e-01 5.196000e-03 2.881080e-01
208 7.059360e-01 5.072000e-03 2.889920e-01
209 7.051520e-01 5.004000e-03 2.898440e-01
210 7.043440e-01 4.856000e-03 2.908000e-01
211 7.035720e-01 4.760000e-03 2.916680e-01
212 7.027720e-01 4.660000e-03 2.925680e-01
213 7.019600e-01 4.704000e-03 2.933360e-01
214 7.011720e-01 4.644000e-03 2.941840e-01
215 7.004040e-01 4.660000e-03 2.949360e-01
216 6.996400e-01 4.632000e-03 2.957280e-01
217 6.989160e-01 4.528000e-03 2.965560e-01
218 6.981640e-01 4.564000e-03 2.972720e-01
219 6.973200e-01 4.576000e-03 2.981040e-01
220 6.964480e-01 4.596000e-03 2.989560e-01
221 6.956440e-01 4.600000e-03 2.997560e-01
222 6.948480e-01 4.528000e-03 3.006240e-01
223 6.940200e-01 4.624000e-03 3.013560e-01
224 6.931960e-01 4.584000e-03 3.022200e-01
225 6.923440e-01 4.572000e-03 3.030840e-01
226 6.914600e-01 4.576000e-03 3.039640e-01
227 6.905440e-01 4.656000e-03 3.048000e-01
228 6.896760e-01 4.656000e-03 3.056680e-01
229 6.888520e-01 4.712000e-03 3.064360e-01
230 6.881920e-01 4.568000e-03 3.072400e-01
231 6.874680e-01 4.324000e-03 3.082080e-01
232 6.867120e-01 4.288000e-03 3.090000e-01
233 6.861400e-01 4.072000e-03 3.097880e-01
234 6.854960e-01 4.072000e-03 3.104320e-01
235 6.847960e-01 4.060000e-03 3.111440e-01
236 6.840800e-01 4.088000e-03 3.118320e-01
237 6.833480e-01 4.040000e-03 3.126120e-01
238 6.826000e-01 4.052000e-03 3.133480e-01
239 6.819040e-01 3.988000e-03 3.141080e-01
240 6.812280e-01 4.012000e-03 3.147600e-01
241 6.804960e-01 4.056000e-03 3.154480e-01
242 6.797280e-01 4.160000e-03 3.161120e-01
243 6.789720e-01 4.116000e-03 3.169120e-01
244 6.783000e-01 4.148000e-03 3.175520e-01
245 6.775800e-01 4.120000e-03 3.183000e-01
246 6.769000e-01 4.108000e-03 3.189920e-01
247 6.761960e-01 4.052000e-03 3.197520e-01
248 6.754080e-01 4.124000e-03 3.204680e-01
249 6.748040e-01 3.988000e-03 3.212080e-01
250 6.741920e-01 3.968000e-03 3.218400e-01
251 6.735800e-01 3.904000e-03 3.225160e-01
252 6.728480e-01 4.000000e-03 3.231520e-01
253 6.721880e-01 3.872000e-03 3.239400e-01
254 6.715720e-01 3.812000e-03 3.246160e-01
255 6.708840e-01 3.788000e-03 3.253280e-01
256 6.701600e-01 3.852000e-03 3.259880e-01
257 6.695440e-01 3.856000e-03 3.266000e-01
258 6.689080e-01 3.768000e-03 3.273240e-01
259 6.682680e-01 3.796000e-03 3.279360e-01
260 6.675840e-01 3.844000e-03 3.285720e-01
261 6.668600e-01 3.844000e-03 3.292960e-01
262 6.662840e-01 3.736000e-03 3.299800e-01
263 6.657720e-01 3.608000e-03 3.306200e-01
264 6.652640e-01 3.528000e-03 3.312080e-01
265 6.646960e-01 3.472000e-03 3.318320e-01
266 6.641880e-01 3.344000e-03 3.324680e-01
267 6.636640e-01 3.292000e-03 3.330440e-01
268 6.631240e-01 3.268000e-03 3.336080e-01
269 6.625160e-01 3.232000e-03 3.342520e-01
270 6.618840e-01 3.296000e-03 3.348200e-01
271 6.613120e-01 3.268000e-03 3.354200e-01
272 6.606760e-01 3.244000e-03 3.360800e-01
273 6.601120e-01 3.220000e-03 3.366680e-01
274 6.595280e-01 3.184000e-03 3.372880e-01
275 6.589160e-01 3.236000e-03 3.378480e-01
276 6.584440e-01 3.164000e-03 3.383920e-01
277 6.579040e-01 3.164000e-03 3.389320e-01
278 6.574280e-01 3.072000e-03 3.395000e-01
279 6.569480e-01 3.080000e-03 3.399720e-01
280 6.565280e-01 3.060000e-03 3.404120e-01
281 6.560600e-01 2.964000e-03 3.409760e-01
282 6.556200e-01 2.912000e-03 3.414680e-01
283 6.552040e-01 2.780000e-03 3.420160e-01
284 6.546520e-01 2.880000e-03 3.424680e-01
285 6.540880e-01 2.992000e-03 3.429200e-01
286 6.535840e-01 2.980000e-03 3.434360e-01
287 6.530560e-01 2.952000e-03 3.439920e-01
288 6.525080e-01 2.980000e-03 3.445120e-01
289 6.518680e-01 3.152000e-03 3.449800e-01
290 6.513840e-01 3.136000e-03 3.454800e-01
291 6.508920e-01 3.052000e-03 3.460560e-01
292 6.503280e-01 3.160000e-03 3.465120e-01
293 6.498520e-01 3.116000e-03 3.470320e-01
294 6.493560e-01 3.080000e-03 3.475640e-01
295 6.488320e-01 3.080000e-03 3.480880e-01
296 6.483760e-01 3.104000e-03 3.485200e-01
297 6.479120e-01 3.000000e-03 3.490880e-01
298 6.474040e-01 2.984000e-03 3.496120e-01
299 6.470080e-01 2.840000e-03 3.501520e-01
300 6.464360e-01 2.888000e-03 3.506760e-01
301 6.460040e-01 2.872000e-03 3.511240e-01
302 6.455400e-01 2.892000e-03 3.515680e-01
303 6.450080e-01 2.952000e-03 3.520400e-01
304 6.444920e-01 2.948000e-03 3.525600e-01
305 6.438920e-01 3.080000e-03 3.530280e-01
306 6.434120e-01 3.012000e-03 3.535760e-01
307 6.428400e-01 3.076000e-03 3.540840e-01
308 6.422960e-01 3.080000e-03 3.546240e-01
309 6.418040e-01 3.092000e-03 3.551040e-01
310 6.412560e-01 3.088000e-03 3.556560e-01
311 6.407840e-01 3.056000e-03 3.561600e-01
312 6.403040e-01 2.932000e-03 3.567640e-01
313 6.399040e-01 2.792000e-03 3.573040e-01
314 6.394400e-01 2.772000e-03 3.577880e-01
315 6.389200e-01 2.836000e-03 3.582440e-01
316 6.383840e-01 2.864000e-03 3.587520e-01
317 6.379800e-01 2.736000e-03 3.592840e-01
318 6.375640e-01 2.660000e-03 3.597760e-01
319 6.370840e-01 2.656000e-03 3.602600e-01
320 6.367400e-01 2.524000e-03 3.607360e-01
321 6.363240e-01 2.536000e-03 3.611400e-01
322 6.360400e-01 2.352000e-03 3.616080e-01
323 6.357360e-01 2.268000e-03 3.619960e-01
324 6.353320e-01 2.268000e-03 3.624000e-01
325 6.349760e-01 2.252000e-03 3.627720e-01
326 6.346200e-01 2.236000e-03 3.631440e-01
327 6.342560e-01 2.264000e-03 3.634800e-01
328 6.339480e-01 2.200000e-03 3.638520e-01
329 6.335560e-01 2.208000e-03 3.642360e-01
330 6.332240e-01 2.188000e-03 3.645880e-01
331 6.328880e-01 2.080000e-03 3.650320e-01
332 6.325600e-01 2.008000e-03 3.654320e-01
333 6.321840e-01 2.024000e-03 3.657920e-01
334 6.318760e-01 2.020000e-03 3.661040e-01
335 6.315640e-01 2.028000e-03 3.664080e-01
336 6.312560e-01 2.004000e-03 3.667400e-01
337 6.310000e-01 1.920000e-03 3.670800e-01
338 6.306440e-01 1.912000e-03 3.674440e-01
339 6.303160e-01 1.852000e-03 3.678320e-01
340 6.300120e-01 1.788000e-03 3.682000e-01
341 6.297040e-01 1.792000e-03 3.685040e-01
342 6.293400e-01 1.788000e-03 3.688720e-01
343 6.290120e-01 1.808000e-03 3.691800e-01
344 6.286960e-01 1.792000e-03 3.695120e-01
345 6.283520e-01 1.848000e-03 3.698000e-01
346 6.280200e-01 1.832000e-03 3.701480e-01
347 6.276400e-01 1.880000e-03 3.704800e-01
348 6.273520e-01 1.832000e-03 3.708160e-01
349 6.270560e-01 1.824000e-03 3.711200e-01
350 6.267840e-01 1.768000e-03 3.714480e-01
351 6.265640e-01 1.632000e-03 3.718040e-01
352 6.261960e-01 1.736000e-03 3.720680e-01
353 6.258880e-01 1.768000e-03 3.723440e-01
354 6.255920e-01 1.780000e-03 3.726280e-01
355 6.253080e-01 1.728000e-03 3.729640e-01
356 6.250040e-01 1.736000e-03 3.732600e-01
357 6.246280e-01 1.844000e-03 3.735280e-01
358 6.242880e-01 1.908000e-03 3.738040e-01
359 6.240800e-01 1.780000e-03 3.741400e-01
360 6.238480e-01 1.716000e-03 3.744360e-01
361 6.236000e-01 1.676000e-03 3.747240e-01
362 6.233480e-01 1.656000e-03 3.749960e-01
363 6.230680e-01 1.644000e-03 3.752880e-01
364 6.228160e-01 1.592000e-03 3.755920e-01
365 6.225880e-01 1.552000e-03 3.758600e-01
366 6.223320e-01 1.544000e-03 3.761240e-01
367 6.220920e-01 1.532000e-03 3.763760e-01
368 6.218400e-01 1.524000e-03 3.766360e-01
369 6.216160e-01 1.500000e-03 3.768840e-01
370 6.213960e-01 1.472000e-03 3.771320e-01
371 6.210960e-01 1.480000e-03 3.774240e-01
372 6.209400e-01 1.360000e-03 3.777000e-01
373 6.207200e-01 1.300000e-03 3.779800e-01
374 6.205200e-01 1.268000e-03 3.782120e-01
375 6.203120e-01 1.268000e-03 3.784200e-01
376 6.201160e-01 1.212000e-03 3.786720e-01
377 6.198520e-01 1.264000e-03 3.788840e-01
378 6.196400e-01 1.252000e-03 3.791080e-01
379 6.194200e-01 1.276000e-03 3.793040e-01
380 6.192400e-01 1.236000e-03 3.795240e-01
381 6.190440e-01 1.244000e-03 3.797120e-01
382 6.188400e-01 1.248000e-03 3.799120e-01
383 6.186400e-01 1.256000e-03 3.801040e-01
384 6.183800e-01 1.340000e-03 3.802800e-01
385 6.181160e-01 1.324000e-03 3.805600e-01
386 6.178440e-01 1.324000e-03 3.808320e-01
387 6.175600e-01 1.320000e-03 3.811200e-01
388 6.173280e-01 1.296000e-03 3.813760e-01
389 6.171000e-01 1.312000e-03 3.815880e-01
390 6.169160e-01 1.312000e-03 3.817720e-01
391 6.166240e-01 1.400000e-03 3.819760e-01
392 6.162840e-01 1.480000e-03 3.822360e-01
393 6.159560e-01 1.516000e-03 3.825280e-01
394 6.157040e-01 1.512000e-03 3.827840e-01
395 6.154320e-01 1.516000e-03 3.830520e-01
396 6.151360e-01 1.544000e-03 3.833200e-01
397 6.148760e-01 1.516000e-03 3.836080e-01
398 6.145880e-01 1.520000e-03 3.838920e-01
399 6.144000e-01 1.444000e-03 3.841560e-01
400 6.141160e-01 1.436000e-03 3.844480e-01
401 6.138760e-01 1.424000e-03 3.847000e-01
402 6.135800e-01 1.476000e-03 3.849440e-01
403 6.133200e-01 1.484000e-03 3.851960e-01
404 6.130360e-01 1.572000e-03 3.853920e-01
405 6.128720e-01 1.516000e-03 3.856120e-01
406 6.125720e-01 1.588000e-03 3.858400e-01
407 6.123360e-01 1.560000e-03 3.861040e-01
408 6.120480e-01 1.580000e-03 3.863720e-01
409 6.117160e-01 1.644000e-03 3.866400e-01
410 6.114040e-01 1.676000e-03 3.869200e-01
411 6.110440e-01 1.724000e-03 3.872320e-01
412 6.107120e-01 1.716000e-03 3.875720e-01
413 6.104240e-01 1.696000e-03 3.878800e-01
414 6.101680e-01 1.616000e-03 3.882160e-01
415 6.099000e-01 1.656000e-03 3.884440e-01
416 6.096360e-01 1.652000e-03 3.887120e-01
417 6.092760e-01 1.732000e-03 3.889920e-01
418 6.089560e-01 1.712000e-03 3.893320e-01
419 6.086320e-01 1.752000e-03 3.896160e-01
420 6.082880e-01 1.768000e-03 3.899440e-01
421 6.079480e-01 1.788000e-03 3.902640e-01
422 6.076280e-01 1.880000e-03 3.904920e-01
423 6.073560e-01 1.812000e-03 3.908320e-01
424 6.069560e-01 1.836000e-03 3.912080e-01
425 6.065280e-01 2.020000e-03 3.914520e-01
426 6.061600e-01 2.076000e-03 3.917640e-01
427 6.057000e-01 2.192000e-03 3.921080e-01
428 6.053400e-01 2.188000e-03 3.924720e-01
429 6.050120e-01 2.136000e-03 3.928520e-01
430 6.047400e-01 2.024000e-03 3.932360e-01
431 6.044320e-01 1.984000e-03 3.935840e-01
432 6.040800e-01 2.000000e-03 3.939200e-01
433 6.038080e-01 1.956000e-03 3.942360e-01
434 6.034920e-01 1.908000e-03 3.946000e-01
435 6.031560e-01 1.880000e-03 3.949640e-01
436 6.029000e-01 1.792000e-03 3.953080e-01
437 6.025840e-01 1.760000e-03 3.956560e-01
438 6.023200e-01 1.724000e-03 3.959560e-01
439 6.020360e-01 1.676000e-03 3.962880e-01
440 6.018040e-01 1.640000e-03 3.965560e-01
441 6.015400e-01 1.640000e-03 3.968200e-01
442 6.012480e-01 1.600000e-03 3.971520e-01
443 6.010600e-01 1.520000e-03 3.974200e-01
444 6.008840e-01 1.444000e-03 3.976720e-01
445 6.007120e-01 1.392000e-03 3.978960e-01
446 6.005680e-01 1.308000e-03 3.981240e-01
447 6.003800e-01 1.264000e-03 3.983560e-01
448 6.002520e-01 1.216000e-03 3.985320e-01
449 6.001120e-01 1.144000e-03 3.987440e-01
450 5.999560e-01 1.116000e-03 3.989280e-01
451 5.997800e-01 1.120000e-03 3.991000e-01
452 5.996440e-01 1.056000e-03 3.993000e-01
453 5.994680e-01 1.056000e-03 3.994760e-01
454 5.993800e-01 1.016000e-03 3.996040e-01
455 5.992480e-01 9.680000e-04 3.997840e-01
456 5.991000e-01 9.480000e-04 3.999520e-01
457 5.989720e-01 9.160000e-04 4.001120e-01
458 5.988080e-01 9.160000e-04 4.002760e-01
459 5.985800e-01 1.020000e-03 4.004000e-01
460 5.984320e-01 1.016000e-03 4.005520e-01
461 5.983080e-01 9.480000e-04 4.007440e-01
462 5.981600e-01 9.560000e-04 4.008840e-01
463 5.980000e-01 9.240000e-04 4.010760e-01
464 5.978720e-01 8.920000e-04 4.012360e-01
465 5.976960e-01 9.240000e-04 4.013800e-01
466 5.975760e-01 8.440000e-04 4.015800e-01
467 5.974320e-01 8.160000e-04 4.017520e-01
468 5.972680e-01 8.280000e-04 4.019040e-01
469 5.971720e-01 7.560000e-04 4.020720e-01
470 5.970280e-01 7.800000e-04 4.021920e-01
471 5.969200e-01 7.600000e-04 4.023200e-01
472 5.967920e-01 7.520000e-04 4.024560e-01
473 5.966920e-01 7.160000e-04 4.025920e-01
474 5.965720e-01 6.880000e-04 4.027400e-01
475 5.964440e-01 7.240000e-04 4.028320e-01
476 5.963120e-01 7.400000e-04 4.029480e-01
477 5.962000e-01 7.040000e-04 4.030960e-01
478 5.961000e-01 6.840000e-04 4.032160e-01
479 5.960120e-01 6.920000e-04 4.032960e-01
480 5.959240e-01 6.840000e-04 4.033920e-01
481 5.958320e-01 6.560000e-04 4.035120e-01
482 5.957520e-01 6.560000e-04 4.035920e-01
483 5.956480e-01 6.560000e-04 4.036960e-01
484 5.955520e-01 6.520000e-04 4.037960e-01
485 5.954640e-01 6.360000e-04 4.039000e-01
486 5.954120e-01 6.000000e-04 4.039880e-01
487 5.953440e-01 5.840000e-04 4.040720e-01
488 5.952440e-01 6.160000e-04 4.041400e-01
489 5.951200e-01 6.040000e-04 4.042760e-01
490 5.950520e-01 5.840000e-04 4.043640e-01
491 5.949760e-01 5.720000e-04 4.044520e-01
492 5.949200e-01 4.920000e-04 4.045880e-01
493 5.948440e-01 4.760000e-04 4.046800e-01
494 5.947800e-01 4.600000e-04 4.047600e-01
495 5.947000e-01 4.240000e-04 4.048760e-01
496 5.946200e-01 4.480000e-04 4.049320e-01
497 5.945520e-01 4.080000e-04 4.050400e-01
498 5.944920e-01 4.000000e-04 4.051080e-01
499 5.944600e-01 3.480000e-04 4.051920e-01
500 5.943880e-01 3.640000e-04 4.052480e-01
