1 9.991240e-01 7.760000e-04 1.000000e-04
2 9.985200e-01 1.232000e-03 2.480000e-04
3 9.977800e-01 1.720000e-03 5.000000e-04
4 9.969520e-01 2.180000e-03 8.680000e-04
5 9.961960e-01 2.540000e-03 1.264000e-03
6 9.954200e-01 2.912000e-03 1.668000e-03
7 9.944760e-01 3.304000e-03 2.220000e-03
8 9.933400e-01 3.912000e-03 2.748000e-03
9 9.923080e-01 4.284000e-03 3.408000e-03
10 9.911560e-01 4.640000e-03 4.204000e-03
11 9.899760e-01 4.996000e-03 5.028000e-03
12 9.888400e-01 5.240000e-03 5.920000e-03
13 9.877520e-01 5.372000e-03 6.876000e-03
14 9.865760e-01 5.688000e-03 7.736000e-03
15 9.854960e-01 5.736000e-03 8.768000e-03
16 9.844000e-01 5.804000e-03 9.796000e-03
17 9.831360e-01 6.040000e-03 1.082400e-02
18 9.818640e-01 6.252000e-03 1.188400e-02
19 9.804960e-01 6.480000e-03 1.302400e-02
20 9.790920e-01 6.544000e-03 1.436400e-02
21 9.778840e-01 6.616000e-03 1.550000e-02
22 9.765760e-01 6.824000e-03 1.660000e-02
23 9.753360e-01 6.888000e-03 1.777600e-02
24 9.739760e-01 6.980000e-03 1.904400e-02
25 9.724440e-01 7.316000e-03 2.024000e-02
26 9.710160e-01 7.512000e-03 2.147200e-02
27 9.696160e-01 7.560000e-03 2.282400e-02
28 9.681120e-01 7.664000e-03 2.422400e-02
29 9.667760e-01 7.668000e-03 2.555600e-02
30 9.652600e-01 7.716000e-03 2.702400e-02
31 9.637360e-01 7.788000e-03 2.847600e-02
32 9.622320e-01 7.880000e-03 2.988800e-02
33 9.605640e-01 8.100000e-03 3.133600e-02
34 9.589480e-01 8.340000e-03 3.271200e-02
35 9.572480e-01 8.664000e-03 3.408800e-02
36 9.554800e-01 8.860000e-03 3.566000e-02
37 9.538080e-01 9.012000e-03 3.718000e-02
38 9.519680e-01 9.220000e-03 3.881200e-02
39 9.502320e-01 9.424000e-03 4.034400e-02
40 9.483720e-01 9.652000e-03 4.197600e-02
41 9.465840e-01 9.792000e-03 4.362400e-02
42 9.449080e-01 9.876000e-03 4.521600e-02
43 9.431360e-01 9.868000e-03 4.699600e-02
44 9.414200e-01 9.840000e-03 4.874000e-02
45 9.394960e-01 1.003200e-02 5.047200e-02
46 9.376400e-01 1.005200e-02 5.230800e-02
47 9.358480e-01 1.009200e-02 5.406000e-02
48 9.341200e-01 1.001600e-02 5.586400e-02
49 9.322880e-01 1.001600e-02 5.769600e-02
50 9.306120e-01 9.920000e-03 5.946800e-02
51 9.287720e-01 9.988000e-03 6.124000e-02
52 9.270000e-01 1.009600e-02 6.290400e-02
53 9.253320e-01 9.996000e-03 6.467200e-02
54 9.237160e-01 9.920000e-03 6.636400e-02
55 9.221040e-01 9.896000e-03 6.800000e-02
56 9.204240e-01 9.972000e-03 6.960400e-02
57 9.186880e-01 1.010000e-02 7.121200e-02
58 9.171520e-01 9.864000e-03 7.298400e-02
59 9.156280e-01 9.576000e-03 7.479600e-02
60 9.139560e-01 9.552000e-03 7.649200e-02
61 9.122480e-01 9.592000e-03 7.816000e-02
62 9.107480e-01 9.420000e-03 7.983200e-02
63 9.090400e-01 9.584000e-03 8.137600e-02
64 9.074520e-01 9.504000e-03 8.304400e-02
65 9.056280e-01 9.604000e-03 8.476800e-02
66 9.040040e-01 9.560000e-03 8.643600e-02
67 9.025600e-01 9.332000e-03 8.810800e-02
68 9.009480e-01 9.428000e-03 8.962400e-02
69 8.994160e-01 9.304000e-03 9.128000e-02
70 8.979800e-01 9.176000e-03 9.284400e-02
71 8.963480e-01 9.212000e-03 9.444000e-02
72 8.947240e-01 9.264000e-03 9.601200e-02
73 8.931280e-01 9.268000e-03 9.760400e-02
74 8.915160e-01 9.208000e-03 9.927600e-02
75 8.898800e-01 9.212000e-03 1.009080e-01
76 8.883440e-01 9.004000e-03 1.026520e-01
77 8.868560e-01 8.928000e-03 1.042160e-01
78 8.853400e-01 8.792000e-03 1.058680e-01
79 8.838600e-01 8.780000e-03 1.073600e-01
80 8.824280e-01 8.552000e-03 1.090200e-01
81 8.808560e-01 8.516000e-03 1.106280e-01
82 8.793280e-01 8.576000e-03 1.120960e-01
83 8.777480e-01 8.664000e-03 1.135880e-01
84 8.762440e-01 8.760000e-03 1.149960e-01
85 8.747000e-01 8.820000e-03 1.164800e-01
86 8.729360e-01 9.044000e-03 1.180200e-01
87 8.712640e-01 9.032000e-03 1.197040e-01
88 8.694760e-01 9.252000e-03 1.212720e-01
89 8.679120e-01 9.128000e-03 1.229600e-01
90 8.662800e-01 9.248000e-03 1.244720e-01
91 8.645360e-01 9.512000e-03 1.259520e-01
92 8.628280e-01 9.640000e-03 1.275320e-01
93 8.610560e-01 9.788000e-03 1.291560e-01
94 8.592360e-01 9.812000e-03 1.309520e-01
95 8.572960e-01 1.004000e-02 1.326640e-01
96 8.553880e-01 1.016400e-02 1.344480e-01
97 8.536160e-01 1.008400e-02 1.363000e-01
98 8.518760e-01 9.972000e-03 1.381520e-01
99 8.501920e-01 9.920000e-03 1.398880e-01
100 8.482840e-01 1.008800e-02 1.416280e-01
101 8.466720e-01 9.972000e-03 1.433560e-01
102 8.450760e-01 9.780000e-03 1.451440e-01
103 8.434720e-01 9.764000e-03 1.467640e-01
104 8.419840e-01 9.436000e-03 1.485800e-01
105 8.405240e-01 9.384000e-03 1.500920e-01
106 8.390000e-01 9.312000e-03 1.516880e-01
107 8.374520e-01 9.184000e-03 1.533640e-01
108 8.358760e-01 9.112000e-03 1.550120e-01
109 8.344920e-01 9.020000e-03 1.564880e-01
110 8.329640e-01 8.860000e-03 1.581760e-01
111 8.316280e-01 8.532000e-03 1.598400e-01
112 8.302880e-01 8.412000e-03 1.613000e-01
113 8.289720e-01 8.220000e-03 1.628080e-01
114 8.275640e-01 8.276000e-03 1.641600e-01
115 8.262040e-01 8.264000e-03 1.655320e-01
116 8.248600e-01 8.276000e-03 1.668640e-01
117 8.234360e-01 8.240000e-03 1.683240e-01
118 8.220920e-01 8.132000e-03 1.697760e-01
119 8.207240e-01 8.036000e-03 1.712400e-01
120 8.194040e-01 8.048000e-03 1.725480e-01
121 8.180520e-01 7.992000e-03 1.739560e-01
122 8.166680e-01 7.952000e-03 1.753800e-01
123 8.153720e-01 7.880000e-03 1.767480e-01
124 8.140320e-01 7.856000e-03 1.781120e-01
125 8.127000e-01 7.836000e-03 1.794640e-01
126 8.112800e-01 7.872000e-03 1.808480e-01
127 8.100080e-01 7.680000e-03 1.823120e-01
128 8.088280e-01 7.608000e-03 1.835640e-01
129 8.076400e-01 7.444000e-03 1.849160e-01
130 8.066440e-01 7.068000e-03 1.862880e-01
131 8.054440e-01 7.028000e-03 1.875280e-01
132 8.042080e-01 7.052000e-03 1.887400e-01
133 8.029600e-01 7.180000e-03 1.898600e-01
134 8.017720e-01 7.008000e-03 1.912200e-01
135 8.005880e-01 7.024000e-03 1.923880e-01
136 7.994800e-01 6.932000e-03 1.935880e-01
137 7.983160e-01 6.968000e-03 1.947160e-01
138 7.970880e-01 6.952000e-03 1.959600e-01
139 7.958760e-01 7.044000e-03 1.970800e-01
140 7.947320e-01 6.956000e-03 1.983120e-01
141 7.936120e-01 6.828000e-03 1.995600e-01
142 7.924280e-01 6.772000e-03 2.008000e-01
143 7.913560e-01 6.720000e-03 2.019240e-01
144 7.903720e-01 6.508000e-03 2.031200e-01
145 7.893800e-01 6.340000e-03 2.042800e-01
146 7.884720e-01 6.092000e-03 2.054360e-01
147 7.874760e-01 6.096000e-03 2.064280e-01
148 7.865480e-01 5.932000e-03 2.075200e-01
149 7.856120e-01 5.832000e-03 2.085560e-01
150 7.847200e-01 5.680000e-03 2.096000e-01
151 7.838000e-01 5.692000e-03 2.105080e-01
152 7.827800e-01 5.712000e-03 2.115080e-01
153 7.817960e-01 5.752000e-03 2.124520e-01
154 7.809640e-01 5.612000e-03 2.134240e-01
155 7.801240e-01 5.456000e-03 2.144200e-01
156 7.792400e-01 5.384000e-03 2.153760e-01
157 7.782920e-01 5.400000e-03 2.163080e-01
158 7.773880e-01 5.372000e-03 2.172400e-01
159 7.765200e-01 5.244000e-03 2.182360e-01
160 7.756080e-01 5.248000e-03 2.191440e-01
161 7.747400e-01 5.184000e-03 2.200760e-01
162 7.740000e-01 5.040000e-03 2.209600e-01
163 7.731080e-01 5.004000e-03 2.218880e-01
164 7.722320e-01 5.040000e-03 2.227280e-01
165 7.712600e-01 5.204000e-03 2.235360e-01
166 7.704160e-01 5.116000e-03 2.244680e-01
167 7.695600e-01 5.016000e-03 2.254240e-01
168 7.687040e-01 5.012000e-03 2.262840e-01
169 7.678040e-01 5.028000e-03 2.271680e-01
170 7.669320e-01 5.024000e-03 2.280440e-01
171 7.660120e-01 5.016000e-03 2.289720e-01
172 7.651640e-01 4.964000e-03 2.298720e-01
173 7.642480e-01 5.104000e-03 2.306480e-01
174 7.633760e-01 5.016000e-03 2.316080e-01
175 7.623960e-01 5.080000e-03 2.325240e-01
176 7.614720e-01 5.008000e-03 2.335200e-01
177 7.606760e-01 4.924000e-03 2.344000e-01
178 7.598240e-01 4.872000e-03 2.353040e-01
179 7.589400e-01 4.960000e-03 2.361000e-01
180 7.582040e-01 4.884000e-03 2.369120e-01
181 7.573880e-01 4.848000e-03 2.377640e-01
182 7.566560e-01 4.732000e-03 2.386120e-01
183 7.559640e-01 4.560000e-03 2.394760e-01
184 7.553040e-01 4.556000e-03 2.401400e-01
185 7.545440e-01 4.532000e-03 2.409240e-01
186 7.537760e-01 4.440000e-03 2.417840e-01
187 7.531000e-01 4.244000e-03 2.426560e-01
188 7.524280e-01 4.168000e-03 2.434040e-01
189 7.516240e-01 4.244000e-03 2.441320e-01
190 7.508640e-01 4.292000e-03 2.448440e-01
191 7.500360e-01 4.376000e-03 2.455880e-01
192 7.493960e-01 4.220000e-03 2.463840e-01
193 7.487680e-01 4.112000e-03 2.471200e-01
194 7.481160e-01 4.104000e-03 2.477800e-01
195 7.475880e-01 3.980000e-03 2.484320e-01
196 7.469720e-01 3.936000e-03 2.490920e-01
197 7.463920e-01 3.824000e-03 2.497840e-01
198 7.457960e-01 3.832000e-03 2.503720e-01
199 7.451920e-01 3.776000e-03 2.510320e-01
200 7.445800e-01 3.696000e-03 2.517240e-01
201 7.439960e-01 3.608000e-03 2.523960e-01
202 7.433840e-01 3.604000e-03 2.530120e-01
203 7.427920e-01 3.536000e-03 2.536720e-01
204 7.422040e-01 3.464000e-03 2.543320e-01
205 7.416160e-01 3.496000e-03 2.548880e-01
206 7.410800e-01 3.408000e-03 2.555120e-01
207 7.405720e-01 3.280000e-03 2.561480e-01
208 7.400800e-01 3.284000e-03 2.566360e-01
209 7.396040e-01 3.140000e-03 2.572560e-01
210 7.391000e-01 3.048000e-03 2.578520e-01
211 7.385200e-01 3.156000e-03 2.583240e-01
212 7.379640e-01 3.220000e-03 2.588160e-01
213 7.374360e-01 3.172000e-03 2.593920e-01
214 7.368360e-01 3.144000e-03 2.600200e-01
215 7.362720e-01 3.216000e-03 2.605120e-01
216 7.357400e-01 3.244000e-03 2.610160e-01
217 7.351560e-01 3.252000e-03 2.615920e-01
218 7.346240e-01 3.128000e-03 2.622480e-01
219 7.340720e-01 3.108000e-03 2.628200e-01
220 7.335640e-01 3.052000e-03 2.633840e-01
221 7.330560e-01 3.028000e-03 2.639160e-01
222 7.325240e-01 3.076000e-03 2.644000e-01
223 7.319440e-01 3.120000e-03 2.649360e-01
224 7.313640e-01 3.120000e-03 2.655160e-01
225 7.307520e-01 3.148000e-03 2.661000e-01
226 7.302200e-01 3.212000e-03 2.665680e-01
227 7.296960e-01 3.240000e-03 2.670640e-01
228 7.291480e-01 3.288000e-03 2.675640e-01
229 7.286200e-01 3.224000e-03 2.681560e-01
230 7.280920e-01 3.180000e-03 2.687280e-01
231 7.275920e-01 3.116000e-03 2.692920e-01
232 7.270960e-01 3.076000e-03 2.698280e-01
233 7.265560e-01 3.088000e-03 2.703560e-01
234 7.259800e-01 3.120000e-03 2.709000e-01
235 7.254680e-01 3.100000e-03 2.714320e-01
236 7.250000e-01 2.976000e-03 2.720240e-01
237 7.244240e-01 3.052000e-03 2.725240e-01
238 7.238280e-01 3.080000e-03 2.730920e-01
239 7.233680e-01 3.012000e-03 2.736200e-01
240 7.228360e-01 2.972000e-03 2.741920e-01
241 7.223080e-01 3.000000e-03 2.746920e-01
242 7.218600e-01 2.884000e-03 2.752560e-01
243 7.213160e-01 2.956000e-03 2.757280e-01
244 7.207960e-01 2.944000e-03 2.762600e-01
245 7.202800e-01 2.944000e-03 2.767760e-01
246 7.198120e-01 2.932000e-03 2.772560e-01
247 7.192400e-01 2.996000e-03 2.777640e-01
248 7.187680e-01 2.860000e-03 2.783720e-01
249 7.183280e-01 2.740000e-03 2.789320e-01
250 7.178560e-01 2.744000e-03 2.794000e-01
251 7.174320e-01 2.648000e-03 2.799200e-01
252 7.170440e-01 2.608000e-03 2.803480e-01
253 7.166240e-01 2.556000e-03 2.808200e-01
254 7.161920e-01 2.560000e-03 2.812480e-01
255 7.158480e-01 2.424000e-03 2.817280e-01
256 7.155560e-01 2.336000e-03 2.821080e-01
257 7.151960e-01 2.320000e-03 2.824840e-01
258 7.148920e-01 2.284000e-03 2.828240e-01
259 7.145960e-01 2.180000e-03 2.832240e-01
260 7.143000e-01 2.072000e-03 2.836280e-01
261 7.139680e-01 2.072000e-03 2.839600e-01
262 7.135800e-01 2.068000e-03 2.843520e-01
263 7.132200e-01 2.072000e-03 2.847080e-01
264 7.128160e-01 2.228000e-03 2.849560e-01
265 7.124600e-01 2.168000e-03 2.853720e-01
266 7.120840e-01 2.144000e-03 2.857720e-01
267 7.117200e-01 2.132000e-03 2.861480e-01
268 7.112760e-01 2.148000e-03 2.865760e-01
269 7.108600e-01 2.176000e-03 2.869640e-01
270 7.104520e-01 2.212000e-03 2.873360e-01
271 7.100640e-01 2.212000e-03 2.877240e-01
272 7.096360e-01 2.220000e-03 2.881440e-01
273 7.091560e-01 2.308000e-03 2.885360e-01
274 7.087920e-01 2.376000e-03 2.888320e-01
275 7.083840e-01 2.312000e-03 2.893040e-01
276 7.080360e-01 2.304000e-03 2.896600e-01
277 7.076640e-01 2.260000e-03 2.900760e-01
278 7.072360e-01 2.336000e-03 2.904280e-01
279 7.068720e-01 2.276000e-03 2.908520e-01
280 7.064960e-01 2.224000e-03 2.912800e-01
281 7.061800e-01 2.108000e-03 2.917120e-01
282 7.058040e-01 2.136000e-03 2.920600e-01
283 7.054200e-01 2.088000e-03 2.924920e-01
284 7.050240e-01 2.160000e-03 2.928160e-01
285 7.046120e-01 2.112000e-03 2.932760e-01
286 7.042600e-01 2.112000e-03 2.936280e-01
287 7.039000e-01 2.104000e-03 2.939960e-01
288 7.035480e-01 2.072000e-03 2.943800e-01
289 7.032240e-01 2.048000e-03 2.947280e-01
290 7.029200e-01 1.972000e-03 2.951080e-01
291 7.025240e-01 1.980000e-03 2.954960e-01
292 7.022000e-01 1.964000e-03 2.958360e-01
293 7.019280e-01 1.856000e-03 2.962160e-01
294 7.016600e-01 1.816000e-03 2.965240e-01
295 7.014320e-01 1.720000e-03 2.968480e-01
296 7.011440e-01 1.692000e-03 2.971640e-01
297 7.009200e-01 1.580000e-03 2.975000e-01
298 7.007000e-01 1.532000e-03 2.977680e-01
299 7.004760e-01 1.548000e-03 2.979760e-01
300 7.002400e-01 1.440000e-03 2.983200e-01
301 7.000400e-01 1.392000e-03 2.985680e-01
302 6.998400e-01 1.348000e-03 2.988120e-01
303 6.996520e-01 1.268000e-03 2.990800e-01
304 6.993920e-01 1.292000e-03 2.993160e-01
305 6.992120e-01 1.284000e-03 2.995040e-01
306 6.990280e-01 1.260000e-03 2.997120e-01
307 6.987920e-01 1.300000e-03 2.999080e-01
308 6.985560e-01 1.296000e-03 3.001480e-01
309 6.984040e-01 1.228000e-03 3.003680e-01
310 6.982760e-01 1.168000e-03 3.005560e-01
311 6.980680e-01 1.220000e-03 3.007120e-01
312 6.979000e-01 1.172000e-03 3.009280e-01
313 6.977160e-01 1.128000e-03 3.011560e-01
314 6.975200e-01 1.180000e-03 3.013000e-01
315 6.972360e-01 1.272000e-03 3.014920e-01
316 6.969560e-01 1.308000e-03 3.017360e-01
317 6.966960e-01 1.332000e-03 3.019720e-01
318 6.964400e-01 1.356000e-03 3.022040e-01
319 6.962080e-01 1.308000e-03 3.024840e-01
320 6.959360e-01 1.304000e-03 3.027600e-01
321 6.957200e-01 1.340000e-03 3.029400e-01
322 6.955480e-01 1.276000e-03 3.031760e-01
323 6.953000e-01 1.264000e-03 3.034360e-01
324 6.951440e-01 1.184000e-03 3.036720e-01
325 6.949400e-01 1.160000e-03 3.039000e-01
326 6.947320e-01 1.196000e-03 3.040720e-01
327 6.945600e-01 1.204000e-03 3.042360e-01
328 6.943520e-01 1.244000e-03 3.044040e-01
329 6.941360e-01 1.236000e-03 3.046280e-01
330 6.939440e-01 1.204000e-03 3.048520e-01
331 6.937240e-01 1.252000e-03 3.050240e-01
332 6.934800e-01 1.224000e-03 3.052960e-01
333 6.932560e-01 1.256000e-03 3.054880e-01
334 6.929920e-01 1.328000e-03 3.056800e-01
335 6.927560e-01 1.368000e-03 3.058760e-01
336 6.924840e-01 1.420000e-03 3.060960e-01
337 6.922480e-01 1.420000e-03 3.063320e-01
338 6.919600e-01 1.468000e-03 3.065720e-01
339 6.917280e-01 1.468000e-03 3.068040e-01
340 6.914600e-01 1.420000e-03 3.071200e-01
341 6.912800e-01 1.400000e-03 3.073200e-01
342 6.910240e-01 1.428000e-03 3.075480e-01
343 6.907840e-01 1.420000e-03 3.077960e-01
344 6.905120e-01 1.448000e-03 3.080400e-01
345 6.902880e-01 1.368000e-03 3.083440e-01
346 6.901360e-01 1.280000e-03 3.085840e-01
347 6.899560e-01 1.208000e-03 3.088360e-01
348 6.897800e-01 1.148000e-03 3.090720e-01
349 6.895720e-01 1.148000e-03 3.092800e-01
350 6.893520e-01 1.220000e-03 3.094280e-01
351 6.892200e-01 1.136000e-03 3.096440e-01
352 6.890720e-01 1.072000e-03 3.098560e-01
353 6.889000e-01 1.012000e-03 3.100880e-01
354 6.887520e-01 9.760000e-04 3.102720e-01
355 6.886480e-01 9.080000e-04 3.104440e-01
356 6.884840e-01 9.400000e-04 3.105760e-01
357 6.883160e-01 9.440000e-04 3.107400e-01
358 6.881720e-01 8.480000e-04 3.109800e-01
359 6.880160e-01 8.640000e-04 3.111200e-01
360 6.878800e-01 8.640000e-04 3.112560e-01
361 6.877240e-01 8.840000e-04 3.113920e-01
362 6.875760e-01 8.920000e-04 3.115320e-01
363 6.874080e-01 9.040000e-04 3.116880e-01
364 6.872720e-01 8.800000e-04 3.118480e-01
365 6.871680e-01 8.200000e-04 3.120120e-01
366 6.869680e-01 8.840000e-04 3.121480e-01
367 6.868240e-01 8.920000e-04 3.122840e-01
368 6.865960e-01 9.640000e-04 3.124400e-01
369 6.864080e-01 9.760000e-04 3.126160e-01
370 6.861960e-01 1.016000e-03 3.127880e-01
371 6.860640e-01 9.520000e-04 3.129840e-01
372 6.859280e-01 9.000000e-04 3.131720e-01
373 6.857800e-01 8.600000e-04 3.133600e-01
374 6.856760e-01 8.120000e-04 3.135120e-01
375 6.855560e-01 7.600000e-04 3.136840e-01
376 6.854520e-01 7.240000e-04 3.138240e-01
377 6.853440e-01 6.880000e-04 3.139680e-01
378 6.852040e-01 7.240000e-04 3.140720e-01
379 6.850840e-01 7.520000e-04 3.141640e-01
380 6.849400e-01 7.560000e-04 3.143040e-01
381 6.848080e-01 7.720000e-04 3.144200e-01
382 6.846480e-01 7.960000e-04 3.145560e-01
383 6.844760e-01 8.640000e-04 3.146600e-01
384 6.843160e-01 8.480000e-04 3.148360e-01
385 6.841600e-01 8.560000e-04 3.149840e-01
386 6.839720e-01 9.320000e-04 3.150960e-01
387 6.837560e-01 9.880000e-04 3.152560e-01
388 6.836240e-01 9.800000e-04 3.153960e-01
389 6.834840e-01 9.600000e-04 3.155560e-01
390 6.833440e-01 9.000000e-04 3.157560e-01
391 6.832320e-01 9.000000e-04 3.158680e-01
392 6.830520e-01 9.040000e-04 3.160440e-01
393 6.829240e-01 9.000000e-04 3.161760e-01
394 6.828000e-01 8.360000e-04 3.163640e-01
395 6.826640e-01 8.560000e-04 3.164800e-01
396 6.825320e-01 8.440000e-04 3.166240e-01
397 6.824000e-01 8.520000e-04 3.167480e-01
398 6.823200e-01 8.080000e-04 3.168720e-01
399 6.821600e-01 8.600000e-04 3.169800e-01
400 6.820040e-01 8.640000e-04 3.171320e-01
401 6.818720e-01 8.600000e-04 3.172680e-01
402 6.817080e-01 8.800000e-04 3.174120e-01
403 6.815760e-01 8.680000e-04 3.175560e-01
404 6.814560e-01 8.240000e-04 3.177200e-01
405 6.813560e-01 7.800000e-04 3.178640e-01
406 6.812440e-01 7.520000e-04 3.180040e-01
407 6.811640e-01 6.640000e-04 3.181720e-01
408 6.810720e-01 6.320000e-04 3.182960e-01
409 6.809800e-01 6.120000e-04 3.184080e-01
410 6.808840e-01 6.080000e-04 3.185080e-01
411 6.807960e-01 6.080000e-04 3.185960e-01
412 6.807240e-01 5.760000e-04 3.187000e-01
413 6.806080e-01 6.040000e-04 3.187880e-01
414 6.804880e-01 6.000000e-04 3.189120e-01
415 6.804080e-01 5.840000e-04 3.190080e-01
416 6.803520e-01 5.440000e-04 3.191040e-01
417 6.802600e-01 5.600000e-04 3.191800e-01
418 6.802040e-01 5.000000e-04 3.192960e-01
419 6.801160e-01 5.080000e-04 3.193760e-01
420 6.800480e-01 5.000000e-04 3.194520e-01
421 6.799200e-01 5.400000e-04 3.195400e-01
422 6.798240e-01 5.240000e-04 3.196520e-01
423 6.797440e-01 5.120000e-04 3.197440e-01
424 6.796440e-01 4.960000e-04 3.198600e-01
425 6.795480e-01 5.000000e-04 3.199520e-01
426 6.794560e-01 5.040000e-04 3.200400e-01
427 6.793480e-01 5.280000e-04 3.201240e-01
428 6.792400e-01 5.400000e-04 3.202200e-01
429 6.791000e-01 5.720000e-04 3.203280e-01
430 6.790200e-01 5.360000e-04 3.204440e-01
431 6.789840e-01 4.920000e-04 3.205240e-01
432 6.789440e-01 4.760000e-04 3.205800e-01
433 6.788560e-01 4.960000e-04 3.206480e-01
434 6.788040e-01 4.440000e-04 3.207520e-01
435 6.787080e-01 4.760000e-04 3.208160e-01
436 6.786720e-01 4.520000e-04 3.208760e-01
437 6.786360e-01 4.080000e-04 3.209560e-01
438 6.785840e-01 3.960000e-04 3.210200e-01
439 6.785560e-01 3.560000e-04 3.210880e-01
440 6.785120e-01 3.280000e-04 3.211600e-01
441 6.784760e-01 3.200000e-04 3.212040e-01
442 6.784280e-01 3.200000e-04 3.212520e-01
443 6.783680e-01 3.320000e-04 3.213000e-01
444 6.783160e-01 3.200000e-04 3.213640e-01
445 6.782440e-01 3.320000e-04 3.214240e-01
446 6.782040e-01 2.880000e-04 3.215080e-01
447 6.781640e-01 2.760000e-04 3.215600e-01
448 6.781120e-01 2.920000e-04 3.215960e-01
449 6.780760e-01 2.880000e-04 3.216360e-01
450 6.780360e-01 2.840000e-04 3.216800e-01
451 6.779920e-01 2.800000e-04 3.217280e-01
452 6.779400e-01 2.840000e-04 3.217760e-01
453 6.778840e-01 2.800000e-04 3.218360e-01
454 6.778160e-01 2.960000e-04 3.218880e-01
455 6.777680e-01 2.920000e-04 3.219400e-01
456 6.777360e-01 2.640000e-04 3.220000e-01
457 6.776880e-01 2.640000e-04 3.220480e-01
458 6.776240e-01 2.800000e-04 3.220960e-01
459 6.775680e-01 2.720000e-04 3.221600e-01
460 6.775200e-01 2.720000e-04 3.222080e-01
461 6.774680e-01 2.960000e-04 3.222360e-01
462 6.774320e-01 2.800000e-04 3.222880e-01
463 6.773840e-01 2.840000e-04 3.223320e-01
464 6.773600e-01 2.760000e-04 3.223640e-01
465 6.773240e-01 2.360000e-04 3.224400e-01
466 6.773000e-01 2.280000e-04 3.224720e-01
467 6.772840e-01 2.080000e-04 3.225080e-01
468 6.772480e-01 2.160000e-04 3.225360e-01
469 6.772200e-01 2.080000e-04 3.225720e-01
470 6.771920e-01 2.040000e-04 3.226040e-01
471 6.771480e-01 1.880000e-04 3.226640e-01
472 6.771160e-01 1.800000e-04 3.227040e-01
473 6.770800e-01 1.880000e-04 3.227320e-01
474 6.770600e-01 1.600000e-04 3.227800e-01
475 6.770120e-01 1.680000e-04 3.228200e-01
476 6.769560e-01 1.880000e-04 3.228560e-01
477 6.769280e-01 1.760000e-04 3.228960e-01
478 6.769040e-01 1.760000e-04 3.229200e-01
479 6.768680e-01 1.840000e-04 3.229480e-01
480 6.768080e-01 1.880000e-04 3.230040e-01
481 6.767960e-01 1.520000e-04 3.230520e-01
482 6.767240e-01 1.920000e-04 3.230840e-01
483 6.766920e-01 1.720000e-04 3.231360e-01
484 6.766480e-01 1.840000e-04 3.231680e-01
485 6.766280e-01 1.640000e-04 3.232080e-01
486 6.765960e-01 1.680000e-04 3.232360e-01
487 6.765640e-01 1.800000e-04 3.232560e-01
488 6.765400e-01 1.720000e-04 3.232880e-01
489 6.765160e-01 1.680000e-04 3.233160e-01
490 6.765000e-01 1.600000e-04 3.233400e-01
491 6.764880e-01 1.520000e-04 3.233600e-01
492 6.764680e-01 1.440000e-04 3.233880e-01
493 6.764600e-01 1.320000e-04 3.234080e-01
494 6.764440e-01 1.200000e-04 3.234360e-01
495 6.764240e-01 1.160000e-04 3.234600e-01
496 6.763960e-01 1.240000e-04 3.234800e-01
497 6.763800e-01 1.160000e-04 3.235040e-01
498 6.763760e-01 1.080000e-04 3.235160e-01
499 6.763760e-01 8.800000e-05 3.235360e-01
500 6.763560e-01 9.200000e-05 3.235520e-01
