1 9.992400e-01 6.760000e-04 8.400000e-05
2 9.985920e-01 1.136000e-03 2.720000e-04
3 9.979080e-01 1.612000e-03 4.800000e-04
4 9.972400e-01 1.968000e-03 7.920000e-04
5 9.965360e-01 2.308000e-03 1.156000e-03
6 9.956600e-01 2.792000e-03 1.548000e-03
7 9.947840e-01 3.092000e-03 2.124000e-03
8 9.939440e-01 3.340000e-03 2.716000e-03
9 9.930440e-01 3.604000e-03 3.352000e-03
10 9.920720e-01 3.916000e-03 4.012000e-03
11 9.910760e-01 4.188000e-03 4.736000e-03
12 9.900040e-01 4.448000e-03 5.548000e-03
13 9.889880e-01 4.604000e-03 6.408000e-03
14 9.878600e-01 4.928000e-03 7.212000e-03
15 9.866360e-01 5.180000e-03 8.184000e-03
16 9.854120e-01 5.496000e-03 9.092000e-03
17 9.841440e-01 5.760000e-03 1.009600e-02
18 9.828280e-01 6.136000e-03 1.103600e-02
19 9.815160e-01 6.348000e-03 1.213600e-02
20 9.802600e-01 6.384000e-03 1.335600e-02
21 9.789640e-01 6.476000e-03 1.456000e-02
22 9.776760e-01 6.612000e-03 1.571200e-02
23 9.762400e-01 6.868000e-03 1.689200e-02
24 9.748280e-01 7.060000e-03 1.811200e-02
25 9.734680e-01 7.272000e-03 1.926000e-02
26 9.720360e-01 7.264000e-03 2.070000e-02
27 9.706280e-01 7.408000e-03 2.196400e-02
28 9.691720e-01 7.584000e-03 2.324400e-02
29 9.677080e-01 7.668000e-03 2.462400e-02
30 9.663520e-01 7.768000e-03 2.588000e-02
31 9.650920e-01 7.708000e-03 2.720000e-02
32 9.637920e-01 7.764000e-03 2.844400e-02
33 9.624600e-01 7.756000e-03 2.978400e-02
34 9.608920e-01 7.984000e-03 3.112400e-02
35 9.595960e-01 7.892000e-03 3.251200e-02
36 9.582440e-01 7.880000e-03 3.387600e-02
37 9.571040e-01 7.716000e-03 3.518000e-02
38 9.557360e-01 7.820000e-03 3.644400e-02
39 9.544160e-01 7.740000e-03 3.784400e-02
40 9.531360e-01 7.736000e-03 3.912800e-02
41 9.518400e-01 7.708000e-03 4.045200e-02
42 9.503200e-01 7.920000e-03 4.176000e-02
43 9.487400e-01 8.124000e-03 4.313600e-02
44 9.472520e-01 8.184000e-03 4.456400e-02
45 9.458600e-01 8.044000e-03 4.609600e-02
46 9.444600e-01 7.904000e-03 4.763600e-02
47 9.430480e-01 7.964000e-03 4.898800e-02
48 9.415600e-01 8.000000e-03 5.044000e-02
49 9.401240e-01 8.120000e-03 5.175600e-02
50 9.386720e-01 8.152000e-03 5.317600e-02
51 9.371400e-01 8.156000e-03 5.470400e-02
52 9.357040e-01 8.180000e-03 5.611600e-02
53 9.341000e-01 8.432000e-03 5.746800e-02
54 9.325160e-01 8.584000e-03 5.890000e-02
55 9.310440e-01 8.532000e-03 6.042400e-02
56 9.295520e-01 8.532000e-03 6.191600e-02
57 9.281080e-01 8.580000e-03 6.331200e-02
58 9.267520e-01 8.400000e-03 6.484800e-02
59 9.253680e-01 8.348000e-03 6.628400e-02
60 9.239200e-01 8.348000e-03 6.773200e-02
61 9.223360e-01 8.576000e-03 6.908800e-02
62 9.208280e-01 8.580000e-03 7.059200e-02
63 9.193440e-01 8.624000e-03 7.203200e-02
64 9.176360e-01 8.852000e-03 7.351200e-02
65 9.158880e-01 9.032000e-03 7.508000e-02
66 9.143840e-01 8.924000e-03 7.669200e-02
67 9.128760e-01 8.848000e-03 7.827600e-02
68 9.112520e-01 8.984000e-03 7.976400e-02
69 9.096480e-01 9.124000e-03 8.122800e-02
70 9.079680e-01 9.096000e-03 8.293600e-02
71 9.063960e-01 9.112000e-03 8.449200e-02
72 9.048760e-01 9.012000e-03 8.611200e-02
73 9.032280e-01 9.052000e-03 8.772000e-02
74 9.017120e-01 8.936000e-03 8.935200e-02
75 9.001560e-01 8.892000e-03 9.095200e-02
76 8.986800e-01 8.828000e-03 9.249200e-02
77 8.971600e-01 8.860000e-03 9.398000e-02
78 8.955160e-01 8.972000e-03 9.551200e-02
79 8.939360e-01 9.096000e-03 9.696800e-02
80 8.924800e-01 8.844000e-03 9.867600e-02
81 8.909120e-01 8.940000e-03 1.001480e-01
82 8.893240e-01 9.080000e-03 1.015960e-01
83 8.879480e-01 8.900000e-03 1.031520e-01
84 8.864360e-01 8.876000e-03 1.046880e-01
85 8.849400e-01 8.788000e-03 1.062720e-01
86 8.834360e-01 8.752000e-03 1.078120e-01
87 8.820120e-01 8.672000e-03 1.093160e-01
88 8.804280e-01 8.748000e-03 1.108240e-01
89 8.788240e-01 8.788000e-03 1.123880e-01
90 8.768760e-01 9.232000e-03 1.138920e-01
91 8.752360e-01 9.452000e-03 1.153120e-01
92 8.735160e-01 9.600000e-03 1.168840e-01
93 8.718760e-01 9.516000e-03 1.186080e-01
94 8.703080e-01 9.408000e-03 1.202840e-01
95 8.687680e-01 9.332000e-03 1.219000e-01
96 8.671560e-01 9.392000e-03 1.234520e-01
97 8.655280e-01 9.404000e-03 1.250680e-01
98 8.638560e-01 9.408000e-03 1.267360e-01
99 8.622040e-01 9.264000e-03 1.285320e-01
100 8.605840e-01 9.264000e-03 1.301520e-01
101 8.589520e-01 9.316000e-03 1.317320e-01
102 8.574120e-01 9.200000e-03 1.333880e-01
103 8.558280e-01 9.264000e-03 1.349080e-01
104 8.542800e-01 9.296000e-03 1.364240e-01
105 8.527600e-01 9.408000e-03 1.378320e-01
106 8.512040e-01 9.336000e-03 1.394600e-01
107 8.497440e-01 9.152000e-03 1.411040e-01
108 8.483120e-01 8.928000e-03 1.427600e-01
109 8.468480e-01 8.880000e-03 1.442720e-01
110 8.453960e-01 8.836000e-03 1.457680e-01
111 8.436640e-01 9.132000e-03 1.472040e-01
112 8.420960e-01 9.136000e-03 1.487680e-01
113 8.406120e-01 9.144000e-03 1.502440e-01
114 8.389440e-01 9.208000e-03 1.518480e-01
115 8.373920e-01 9.156000e-03 1.534520e-01
116 8.356360e-01 9.448000e-03 1.549160e-01
117 8.340000e-01 9.392000e-03 1.566080e-01
118 8.322480e-01 9.384000e-03 1.583680e-01
119 8.307520e-01 9.380000e-03 1.598680e-01
120 8.291160e-01 9.336000e-03 1.615480e-01
121 8.275640e-01 9.376000e-03 1.630600e-01
122 8.261240e-01 9.344000e-03 1.645320e-01
123 8.244520e-01 9.360000e-03 1.661880e-01
124 8.227840e-01 9.504000e-03 1.677120e-01
125 8.211800e-01 9.496000e-03 1.693240e-01
126 8.195120e-01 9.532000e-03 1.709560e-01
127 8.179120e-01 9.464000e-03 1.726240e-01
128 8.163680e-01 9.380000e-03 1.742520e-01
129 8.148000e-01 9.392000e-03 1.758080e-01
130 8.130720e-01 9.544000e-03 1.773840e-01
131 8.113800e-01 9.496000e-03 1.791240e-01
132 8.096840e-01 9.392000e-03 1.809240e-01
133 8.082120e-01 9.168000e-03 1.826200e-01
134 8.065840e-01 9.076000e-03 1.843400e-01
135 8.048840e-01 9.192000e-03 1.859240e-01
136 8.031960e-01 9.416000e-03 1.873880e-01
137 8.016040e-01 9.196000e-03 1.892000e-01
138 8.000000e-01 9.264000e-03 1.907360e-01
139 7.985000e-01 9.164000e-03 1.923360e-01
140 7.969080e-01 9.128000e-03 1.939640e-01
141 7.953400e-01 9.008000e-03 1.956520e-01
142 7.937640e-01 8.952000e-03 1.972840e-01
143 7.922600e-01 8.872000e-03 1.988680e-01
144 7.908360e-01 8.820000e-03 2.003440e-01
145 7.892960e-01 8.940000e-03 2.017640e-01
146 7.879560e-01 8.720000e-03 2.033240e-01
147 7.864960e-01 8.764000e-03 2.047400e-01
148 7.850440e-01 8.624000e-03 2.063320e-01
149 7.836080e-01 8.644000e-03 2.077480e-01
150 7.821040e-01 8.700000e-03 2.091960e-01
151 7.805480e-01 8.584000e-03 2.108680e-01
152 7.790600e-01 8.504000e-03 2.124360e-01
153 7.776280e-01 8.476000e-03 2.138960e-01
154 7.761160e-01 8.424000e-03 2.154600e-01
155 7.747480e-01 8.380000e-03 2.168720e-01
156 7.732520e-01 8.416000e-03 2.183320e-01
157 7.718880e-01 8.364000e-03 2.197480e-01
158 7.705640e-01 8.240000e-03 2.211960e-01
159 7.691360e-01 8.196000e-03 2.226680e-01
160 7.679600e-01 7.912000e-03 2.241280e-01
161 7.665560e-01 7.804000e-03 2.256400e-01
162 7.652200e-01 7.816000e-03 2.269640e-01
163 7.638080e-01 7.804000e-03 2.283880e-01
164 7.623880e-01 7.660000e-03 2.299520e-01
165 7.610720e-01 7.516000e-03 2.314120e-01
166 7.598600e-01 7.372000e-03 2.327680e-01
167 7.586360e-01 7.308000e-03 2.340560e-01
168 7.572400e-01 7.332000e-03 2.354280e-01
169 7.559600e-01 7.304000e-03 2.367360e-01
170 7.547800e-01 7.208000e-03 2.380120e-01
171 7.534560e-01 7.208000e-03 2.393360e-01
172 7.521400e-01 7.240000e-03 2.406200e-01
173 7.509040e-01 7.276000e-03 2.418200e-01
174 7.497320e-01 7.260000e-03 2.430080e-01
175 7.485600e-01 7.232000e-03 2.442080e-01
176 7.473240e-01 7.192000e-03 2.454840e-01
177 7.460840e-01 7.144000e-03 2.467720e-01
178 7.449040e-01 7.104000e-03 2.479920e-01
179 7.436600e-01 7.080000e-03 2.492600e-01
180 7.425000e-01 7.164000e-03 2.503360e-01
181 7.413520e-01 7.060000e-03 2.515880e-01
182 7.401040e-01 7.072000e-03 2.528240e-01
183 7.389520e-01 6.976000e-03 2.540720e-01
184 7.377880e-01 6.928000e-03 2.552840e-01
185 7.364760e-01 7.172000e-03 2.563520e-01
186 7.353000e-01 7.216000e-03 2.574840e-01
187 7.341160e-01 7.016000e-03 2.588680e-01
188 7.328160e-01 7.104000e-03 2.600800e-01
189 7.316600e-01 6.900000e-03 2.614400e-01
190 7.305640e-01 6.844000e-03 2.625920e-01
191 7.293840e-01 6.684000e-03 2.639320e-01
192 7.283560e-01 6.576000e-03 2.650680e-01
193 7.273000e-01 6.444000e-03 2.662560e-01
194 7.262360e-01 6.288000e-03 2.674760e-01
195 7.251480e-01 6.348000e-03 2.685040e-01
196 7.240560e-01 6.356000e-03 2.695880e-01
197 7.228920e-01 6.200000e-03 2.709080e-01
198 7.218120e-01 6.152000e-03 2.720360e-01
199 7.207560e-01 6.216000e-03 2.730280e-01
200 7.195240e-01 6.424000e-03 2.740520e-01
201 7.183000e-01 6.512000e-03 2.751880e-01
202 7.171600e-01 6.620000e-03 2.762200e-01
203 7.160200e-01 6.672000e-03 2.773080e-01
204 7.148440e-01 6.632000e-03 2.785240e-01
205 7.137720e-01 6.604000e-03 2.796240e-01
206 7.127200e-01 6.516000e-03 2.807640e-01
207 7.114000e-01 6.856000e-03 2.817440e-01
208 7.100280e-01 6.992000e-03 2.829800e-01
209 7.086360e-01 7.144000e-03 2.842200e-01
210 7.073760e-01 7.208000e-03 2.854160e-01
211 7.062440e-01 7.008000e-03 2.867480e-01
212 7.050920e-01 7.100000e-03 2.878080e-01
213 7.039480e-01 7.080000e-03 2.889720e-01
214 7.027560e-01 7.040000e-03 2.902040e-01
215 7.016160e-01 6.712000e-03 2.916720e-01
216 7.003880e-01 6.724000e-03 2.928880e-01
217 6.992000e-01 6.784000e-03 2.940160e-01
218 6.979960e-01 6.776000e-03 2.952280e-01
219 6.968160e-01 6.692000e-03 2.964920e-01
220 6.957320e-01 6.564000e-03 2.977040e-01
221 6.945040e-01 6.644000e-03 2.988520e-01
222 6.933000e-01 6.676000e-03 3.000240e-01
223 6.921240e-01 6.712000e-03 3.011640e-01
224 6.909480e-01 6.780000e-03 3.022720e-01
225 6.897480e-01 6.816000e-03 3.034360e-01
226 6.885960e-01 6.896000e-03 3.045080e-01
227 6.873920e-01 6.920000e-03 3.056880e-01
228 6.860720e-01 7.020000e-03 3.069080e-01
229 6.848080e-01 6.996000e-03 3.081960e-01
230 6.835160e-01 7.100000e-03 3.093840e-01
231 6.823360e-01 6.972000e-03 3.106920e-01
232 6.810720e-01 6.952000e-03 3.119760e-01
233 6.799440e-01 6.808000e-03 3.132480e-01
234 6.789200e-01 6.648000e-03 3.144320e-01
235 6.777440e-01 6.592000e-03 3.156640e-01
236 6.765400e-01 6.476000e-03 3.169840e-01
237 6.754240e-01 6.448000e-03 3.181280e-01
238 6.742560e-01 6.536000e-03 3.192080e-01
239 6.729840e-01 6.604000e-03 3.204120e-01
240 6.718280e-01 6.692000e-03 3.214800e-01
241 6.708440e-01 6.396000e-03 3.227600e-01
242 6.698080e-01 6.252000e-03 3.239400e-01
243 6.687680e-01 6.216000e-03 3.250160e-01
244 6.678440e-01 5.920000e-03 3.262360e-01
245 6.668320e-01 5.808000e-03 3.273600e-01
246 6.658360e-01 5.752000e-03 3.284120e-01
247 6.648600e-01 5.640000e-03 3.295000e-01
248 6.639080e-01 5.672000e-03 3.304200e-01
249 6.629240e-01 5.620000e-03 3.314560e-01
250 6.620640e-01 5.476000e-03 3.324600e-01
251 6.611640e-01 5.428000e-03 3.334080e-01
252 6.601320e-01 5.452000e-03 3.344160e-01
253 6.592600e-01 5.472000e-03 3.352680e-01
254 6.584120e-01 5.348000e-03 3.362400e-01
255 6.575520e-01 5.208000e-03 3.372400e-01
256 6.566880e-01 5.156000e-03 3.381560e-01
257 6.557360e-01 5.088000e-03 3.391760e-01
258 6.548920e-01 5.152000e-03 3.399560e-01
259 6.540880e-01 5.084000e-03 3.408280e-01
260 6.532600e-01 5.048000e-03 3.416920e-01
261 6.523640e-01 5.088000e-03 3.425480e-01
262 6.514800e-01 5.088000e-03 3.434320e-01
263 6.506800e-01 4.924000e-03 3.443960e-01
264 6.497960e-01 4.936000e-03 3.452680e-01
265 6.489680e-01 4.800000e-03 3.462320e-01
266 6.481440e-01 4.760000e-03 3.470960e-01
267 6.473080e-01 4.816000e-03 3.478760e-01
268 6.465360e-01 4.752000e-03 3.487120e-01
269 6.458000e-01 4.776000e-03 3.494240e-01
270 6.450280e-01 4.740000e-03 3.502320e-01
271 6.441880e-01 4.784000e-03 3.510280e-01
272 6.434200e-01 4.748000e-03 3.518320e-01
273 6.426640e-01 4.704000e-03 3.526320e-01
274 6.419520e-01 4.568000e-03 3.534800e-01
275 6.413480e-01 4.340000e-03 3.543120e-01
276 6.407320e-01 4.212000e-03 3.550560e-01
277 6.401200e-01 4.184000e-03 3.556960e-01
278 6.395160e-01 4.040000e-03 3.564440e-01
279 6.388480e-01 4.044000e-03 3.571080e-01
280 6.381120e-01 4.048000e-03 3.578400e-01
281 6.374080e-01 4.096000e-03 3.584960e-01
282 6.366440e-01 4.168000e-03 3.591880e-01
283 6.357800e-01 4.408000e-03 3.598120e-01
284 6.350360e-01 4.332000e-03 3.606320e-01
285 6.343000e-01 4.168000e-03 3.615320e-01
286 6.335120e-01 4.208000e-03 3.622800e-01
287 6.328360e-01 4.132000e-03 3.630320e-01
288 6.321520e-01 4.028000e-03 3.638200e-01
289 6.314800e-01 3.968000e-03 3.645520e-01
290 6.307920e-01 3.912000e-03 3.652960e-01
291 6.302080e-01 3.840000e-03 3.659520e-01
292 6.295760e-01 3.764000e-03 3.666600e-01
293 6.289720e-01 3.668000e-03 3.673600e-01
294 6.283720e-01 3.652000e-03 3.679760e-01
295 6.277160e-01 3.676000e-03 3.686080e-01
296 6.271320e-01 3.624000e-03 3.692440e-01
297 6.265280e-01 3.608000e-03 3.698640e-01
298 6.259760e-01 3.592000e-03 3.704320e-01
299 6.254080e-01 3.568000e-03 3.710240e-01
300 6.248200e-01 3.516000e-03 3.716640e-01
301 6.242720e-01 3.328000e-03 3.724000e-01
302 6.236280e-01 3.404000e-03 3.729680e-01
303 6.229680e-01 3.492000e-03 3.735400e-01
304 6.222880e-01 3.604000e-03 3.741080e-01
305 6.216400e-01 3.660000e-03 3.747000e-01
306 6.208920e-01 3.728000e-03 3.753800e-01
307 6.201800e-01 3.828000e-03 3.759920e-01
308 6.194880e-01 3.880000e-03 3.766320e-01
309 6.188960e-01 3.796000e-03 3.773080e-01
310 6.182720e-01 3.820000e-03 3.779080e-01
311 6.175400e-01 3.932000e-03 3.785280e-01
312 6.168800e-01 3.904000e-03 3.792160e-01
313 6.162080e-01 3.932000e-03 3.798600e-01
314 6.156520e-01 3.860000e-03 3.804880e-01
315 6.150280e-01 3.788000e-03 3.811840e-01
316 6.143920e-01 3.720000e-03 3.818880e-01
317 6.137680e-01 3.672000e-03 3.825600e-01
318 6.132280e-01 3.500000e-03 3.832720e-01
319 6.126880e-01 3.440000e-03 3.838720e-01
320 6.121160e-01 3.376000e-03 3.845080e-01
321 6.115800e-01 3.328000e-03 3.850920e-01
322 6.110760e-01 3.228000e-03 3.856960e-01
323 6.105600e-01 3.196000e-03 3.862440e-01
324 6.100240e-01 3.196000e-03 3.867800e-01
325 6.094480e-01 3.232000e-03 3.873200e-01
326 6.089200e-01 3.196000e-03 3.878840e-01
327 6.083680e-01 3.228000e-03 3.884040e-01
328 6.078240e-01 3.240000e-03 3.889360e-01
329 6.072600e-01 3.264000e-03 3.894760e-01
330 6.068000e-01 3.124000e-03 3.900760e-01
331 6.062680e-01 3.108000e-03 3.906240e-01
332 6.056960e-01 3.124000e-03 3.911800e-01
333 6.051480e-01 3.072000e-03 3.917800e-01
334 6.044880e-01 3.168000e-03 3.923440e-01
335 6.040200e-01 3.092000e-03 3.928880e-01
336 6.035600e-01 2.996000e-03 3.934440e-01
337 6.031080e-01 2.980000e-03 3.939120e-01
338 6.026600e-01 2.932000e-03 3.944080e-01
339 6.021760e-01 2.844000e-03 3.949800e-01
340 6.017160e-01 2.828000e-03 3.954560e-01
341 6.013480e-01 2.708000e-03 3.959440e-01
342 6.009320e-01 2.668000e-03 3.964000e-01
343 6.004920e-01 2.672000e-03 3.968360e-01
344 6.001680e-01 2.492000e-03 3.973400e-01
345 5.997080e-01 2.536000e-03 3.977560e-01
346 5.993080e-01 2.480000e-03 3.982120e-01
347 5.989440e-01 2.424000e-03 3.986320e-01
348 5.985120e-01 2.408000e-03 3.990800e-01
349 5.981200e-01 2.384000e-03 3.994960e-01
350 5.978400e-01 2.296000e-03 3.998640e-01
351 5.975040e-01 2.228000e-03 4.002680e-01
352 5.971640e-01 2.220000e-03 4.006160e-01
353 5.968320e-01 2.216000e-03 4.009520e-01
354 5.964520e-01 2.204000e-03 4.013440e-01
355 5.960960e-01 2.188000e-03 4.017160e-01
356 5.957120e-01 2.096000e-03 4.021920e-01
357 5.954360e-01 2.000000e-03 4.025640e-01
358 5.951760e-01 1.884000e-03 4.029400e-01
359 5.949360e-01 1.800000e-03 4.032640e-01
360 5.946360e-01 1.796000e-03 4.035680e-01
361 5.943280e-01 1.796000e-03 4.038760e-01
362 5.939680e-01 1.860000e-03 4.041720e-01
363 5.936440e-01 1.852000e-03 4.045040e-01
364 5.933240e-01 1.848000e-03 4.048280e-01
365 5.929120e-01 1.900000e-03 4.051880e-01
366 5.926000e-01 1.948000e-03 4.054520e-01
367 5.921960e-01 2.024000e-03 4.057800e-01
368 5.917960e-01 2.072000e-03 4.061320e-01
369 5.913920e-01 2.068000e-03 4.065400e-01
370 5.910080e-01 2.048000e-03 4.069440e-01
371 5.906080e-01 2.064000e-03 4.073280e-01
372 5.903080e-01 2.080000e-03 4.076120e-01
373 5.898640e-01 2.040000e-03 4.080960e-01
374 5.893760e-01 2.164000e-03 4.084600e-01
375 5.890200e-01 2.208000e-03 4.087720e-01
376 5.886280e-01 2.220000e-03 4.091520e-01
377 5.882640e-01 2.256000e-03 4.094800e-01
378 5.878600e-01 2.260000e-03 4.098800e-01
379 5.873880e-01 2.292000e-03 4.103200e-01
380 5.870160e-01 2.164000e-03 4.108200e-01
381 5.866160e-01 2.116000e-03 4.112680e-01
382 5.862200e-01 2.088000e-03 4.116920e-01
383 5.859000e-01 2.052000e-03 4.120480e-01
384 5.855120e-01 2.048000e-03 4.124400e-01
385 5.851680e-01 2.028000e-03 4.128040e-01
386 5.847960e-01 2.016000e-03 4.131880e-01
387 5.844240e-01 2.048000e-03 4.135280e-01
388 5.840520e-01 2.072000e-03 4.138760e-01
389 5.836640e-01 2.120000e-03 4.142160e-01
390 5.833880e-01 1.996000e-03 4.146160e-01
391 5.829680e-01 2.092000e-03 4.149400e-01
392 5.826680e-01 2.040000e-03 4.152920e-01
393 5.823400e-01 2.036000e-03 4.156240e-01
394 5.819920e-01 2.016000e-03 4.159920e-01
395 5.817160e-01 1.888000e-03 4.163960e-01
396 5.814280e-01 1.920000e-03 4.166520e-01
397 5.811080e-01 1.904000e-03 4.169880e-01
398 5.807920e-01 1.868000e-03 4.173400e-01
399 5.804520e-01 1.932000e-03 4.176160e-01
400 5.801920e-01 1.820000e-03 4.179880e-01
401 5.799600e-01 1.768000e-03 4.182720e-01
402 5.797040e-01 1.676000e-03 4.186200e-01
403 5.794880e-01 1.636000e-03 4.188760e-01
404 5.792400e-01 1.544000e-03 4.192160e-01
405 5.790400e-01 1.488000e-03 4.194720e-01
406 5.788800e-01 1.380000e-03 4.197400e-01
407 5.787200e-01 1.280000e-03 4.200000e-01
408 5.785160e-01 1.220000e-03 4.202640e-01
409 5.782920e-01 1.228000e-03 4.204800e-01
410 5.781000e-01 1.248000e-03 4.206520e-01
411 5.778760e-01 1.236000e-03 4.208880e-01
412 5.776400e-01 1.272000e-03 4.210880e-01
413 5.774200e-01 1.296000e-03 4.212840e-01
414 5.772200e-01 1.304000e-03 4.214760e-01
415 5.770000e-01 1.292000e-03 4.217080e-01
416 5.767480e-01 1.336000e-03 4.219160e-01
417 5.765720e-01 1.304000e-03 4.221240e-01
418 5.763720e-01 1.244000e-03 4.223840e-01
419 5.761480e-01 1.260000e-03 4.225920e-01
420 5.758920e-01 1.292000e-03 4.228160e-01
421 5.756600e-01 1.336000e-03 4.230040e-01
422 5.755000e-01 1.264000e-03 4.232360e-01
423 5.753080e-01 1.184000e-03 4.235080e-01
424 5.751640e-01 1.096000e-03 4.237400e-01
425 5.749920e-01 1.100000e-03 4.239080e-01
426 5.748080e-01 1.116000e-03 4.240760e-01
427 5.746440e-01 1.104000e-03 4.242520e-01
428 5.744480e-01 1.096000e-03 4.244560e-01
429 5.742640e-01 1.068000e-03 4.246680e-01
430 5.740960e-01 9.840000e-04 4.249200e-01
431 5.738760e-01 1.040000e-03 4.250840e-01
432 5.737040e-01 1.040000e-03 4.252560e-01
433 5.735280e-01 1.004000e-03 4.254680e-01
434 5.733760e-01 9.920000e-04 4.256320e-01
435 5.732760e-01 9.280000e-04 4.257960e-01
436 5.731440e-01 9.160000e-04 4.259400e-01
437 5.730160e-01 8.720000e-04 4.261120e-01
438 5.729200e-01 8.240000e-04 4.262560e-01
439 5.728000e-01 8.080000e-04 4.263920e-01
440 5.726280e-01 8.640000e-04 4.265080e-01
441 5.725160e-01 7.960000e-04 4.266880e-01
442 5.724240e-01 7.240000e-04 4.268520e-01
443 5.723120e-01 7.560000e-04 4.269320e-01
444 5.722080e-01 7.200000e-04 4.270720e-01
445 5.720400e-01 7.360000e-04 4.272240e-01
446 5.718960e-01 7.400000e-04 4.273640e-01
447 5.717840e-01 7.600000e-04 4.274560e-01
448 5.716400e-01 7.560000e-04 4.276040e-01
449 5.715240e-01 7.560000e-04 4.277200e-01
450 5.713880e-01 7.360000e-04 4.278760e-01
451 5.712920e-01 6.800000e-04 4.280280e-01
452 5.711720e-01 6.840000e-04 4.281440e-01
453 5.710640e-01 6.440000e-04 4.282920e-01
454 5.708920e-01 6.960000e-04 4.284120e-01
455 5.708040e-01 6.880000e-04 4.285080e-01
456 5.706920e-01 6.640000e-04 4.286440e-01
457 5.705520e-01 7.080000e-04 4.287400e-01
458 5.704720e-01 6.640000e-04 4.288640e-01
459 5.704080e-01 6.040000e-04 4.289880e-01
460 5.703640e-01 5.200000e-04 4.291160e-01
461 5.703080e-01 4.880000e-04 4.292040e-01
462 5.702360e-01 4.560000e-04 4.293080e-01
463 5.701520e-01 4.800000e-04 4.293680e-01
464 5.700480e-01 5.080000e-04 4.294440e-01
465 5.699720e-01 5.000000e-04 4.295280e-01
466 5.698880e-01 5.200000e-04 4.295920e-01
467 5.697880e-01 5.240000e-04 4.296880e-01
468 5.696960e-01 5.120000e-04 4.297920e-01
469 5.696320e-01 4.880000e-04 4.298800e-01
470 5.695280e-01 5.040000e-04 4.299680e-01
471 5.694200e-01 5.320000e-04 4.300480e-01
472 5.693080e-01 5.720000e-04 4.301200e-01
473 5.692240e-01 5.560000e-04 4.302200e-01
474 5.691240e-01 5.400000e-04 4.303360e-01
475 5.690120e-01 5.480000e-04 4.304400e-01
476 5.689200e-01 5.360000e-04 4.305440e-01
477 5.688160e-01 5.520000e-04 4.306320e-01
478 5.687200e-01 5.560000e-04 4.307240e-01
479 5.685880e-01 6.000000e-04 4.308120e-01
480 5.684680e-01 5.960000e-04 4.309360e-01
481 5.683760e-01 5.880000e-04 4.310360e-01
482 5.682480e-01 6.120000e-04 4.311400e-01
483 5.681480e-01 6.280000e-04 4.312240e-01
484 5.681080e-01 5.600000e-04 4.313320e-01
485 5.680680e-01 5.000000e-04 4.314320e-01
486 5.680040e-01 4.640000e-04 4.315320e-01
487 5.679360e-01 4.400000e-04 4.316240e-01
488 5.678680e-01 4.240000e-04 4.317080e-01
489 5.677760e-01 4.280000e-04 4.317960e-01
490 5.676960e-01 4.320000e-04 4.318720e-01
491 5.676560e-01 3.760000e-04 4.319680e-01
492 5.676120e-01 3.680000e-04 4.320200e-01
493 5.675320e-01 3.720000e-04 4.320960e-01
494 5.674760e-01 3.520000e-04 4.321720e-01
495 5.674360e-01 3.440000e-04 4.322200e-01
496 5.673720e-01 3.560000e-04 4.322720e-01
497 5.673280e-01 3.600000e-04 4.323120e-01
498 5.672880e-01 3.120000e-04 4.324000e-01
499 5.672320e-01 3.120000e-04 4.324560e-01
500 5.671760e-01 3.000000e-04 4.325240e-01
