1 9.991920e-01 6.880000e-04 1.200000e-04
2 9.987680e-01 9.600000e-04 2.720000e-04
3 9.981160e-01 1.408000e-03 4.760000e-04
4 9.973240e-01 1.904000e-03 7.720000e-04
5 9.964040e-01 2.472000e-03 1.124000e-03
6 9.955080e-01 2.932000e-03 1.560000e-03
7 9.944200e-01 3.428000e-03 2.152000e-03
8 9.933360e-01 3.884000e-03 2.780000e-03
9 9.922520e-01 4.288000e-03 3.460000e-03
10 9.911320e-01 4.620000e-03 4.248000e-03
11 9.899840e-01 4.944000e-03 5.072000e-03
12 9.888600e-01 5.188000e-03 5.952000e-03
13 9.877400e-01 5.424000e-03 6.836000e-03
14 9.864800e-01 5.644000e-03 7.876000e-03
15 9.853240e-01 5.756000e-03 8.920000e-03
16 9.840320e-01 6.048000e-03 9.920000e-03
17 9.828040e-01 6.240000e-03 1.095600e-02
18 9.814000e-01 6.532000e-03 1.206800e-02
19 9.801720e-01 6.608000e-03 1.322000e-02
20 9.788840e-01 6.752000e-03 1.436400e-02
21 9.775920e-01 6.776000e-03 1.563200e-02
22 9.760760e-01 6.924000e-03 1.700000e-02
23 9.747280e-01 7.020000e-03 1.825200e-02
24 9.734360e-01 7.124000e-03 1.944000e-02
25 9.720240e-01 7.260000e-03 2.071600e-02
26 9.707400e-01 7.316000e-03 2.194400e-02
27 9.693520e-01 7.492000e-03 2.315600e-02
28 9.681080e-01 7.468000e-03 2.442400e-02
29 9.668920e-01 7.348000e-03 2.576000e-02
30 9.654920e-01 7.544000e-03 2.696400e-02
31 9.642120e-01 7.588000e-03 2.820000e-02
32 9.628680e-01 7.688000e-03 2.944400e-02
33 9.614880e-01 7.788000e-03 3.072400e-02
34 9.602240e-01 7.724000e-03 3.205200e-02
35 9.588640e-01 7.724000e-03 3.341200e-02
36 9.575080e-01 7.696000e-03 3.479600e-02
37 9.561160e-01 7.756000e-03 3.612800e-02
38 9.546400e-01 7.872000e-03 3.748800e-02
39 9.533240e-01 7.804000e-03 3.887200e-02
40 9.518400e-01 7.852000e-03 4.030800e-02
41 9.505000e-01 7.800000e-03 4.170000e-02
42 9.492120e-01 7.764000e-03 4.302400e-02
43 9.477880e-01 7.876000e-03 4.433600e-02
44 9.463720e-01 7.880000e-03 4.574800e-02
45 9.450440e-01 7.868000e-03 4.708800e-02
46 9.437920e-01 7.804000e-03 4.840400e-02
47 9.424000e-01 7.848000e-03 4.975200e-02
48 9.408680e-01 8.032000e-03 5.110000e-02
49 9.394120e-01 8.204000e-03 5.238400e-02
50 9.379080e-01 8.220000e-03 5.387200e-02
51 9.365600e-01 8.176000e-03 5.526400e-02
52 9.354160e-01 7.820000e-03 5.676400e-02
53 9.340920e-01 7.696000e-03 5.821200e-02
54 9.328240e-01 7.616000e-03 5.956000e-02
55 9.315160e-01 7.616000e-03 6.086800e-02
56 9.302320e-01 7.556000e-03 6.221200e-02
57 9.288720e-01 7.532000e-03 6.359600e-02
58 9.273480e-01 7.704000e-03 6.494800e-02
59 9.260280e-01 7.668000e-03 6.630400e-02
60 9.247440e-01 7.636000e-03 6.762000e-02
61 9.233600e-01 7.716000e-03 6.892400e-02
62 9.220440e-01 7.652000e-03 7.030400e-02
63 9.205840e-01 7.868000e-03 7.154800e-02
64 9.190560e-01 8.100000e-03 7.284400e-02
65 9.174880e-01 8.108000e-03 7.440400e-02
66 9.160000e-01 8.036000e-03 7.596400e-02
67 9.145160e-01 8.140000e-03 7.734400e-02
68 9.131440e-01 8.152000e-03 7.870400e-02
69 9.118040e-01 8.164000e-03 8.003200e-02
70 9.104400e-01 8.172000e-03 8.138800e-02
71 9.089640e-01 8.084000e-03 8.295200e-02
72 9.076240e-01 7.980000e-03 8.439600e-02
73 9.062160e-01 7.996000e-03 8.578800e-02
74 9.048320e-01 7.988000e-03 8.718000e-02
75 9.034280e-01 7.912000e-03 8.866000e-02
76 9.020720e-01 7.920000e-03 9.000800e-02
77 9.007480e-01 7.876000e-03 9.137600e-02
78 8.993400e-01 7.860000e-03 9.280000e-02
79 8.979240e-01 8.000000e-03 9.407600e-02
80 8.965200e-01 8.016000e-03 9.546400e-02
81 8.950880e-01 7.940000e-03 9.697200e-02
82 8.938040e-01 7.888000e-03 9.830800e-02
83 8.923280e-01 8.032000e-03 9.964000e-02
84 8.913080e-01 7.724000e-03 1.009680e-01
85 8.901560e-01 7.508000e-03 1.023360e-01
86 8.889640e-01 7.384000e-03 1.036520e-01
87 8.877760e-01 7.228000e-03 1.049960e-01
88 8.865920e-01 7.212000e-03 1.061960e-01
89 8.853320e-01 7.152000e-03 1.075160e-01
90 8.841400e-01 7.036000e-03 1.088240e-01
91 8.829360e-01 6.956000e-03 1.101080e-01
92 8.816760e-01 7.016000e-03 1.113080e-01
93 8.802600e-01 7.188000e-03 1.125520e-01
94 8.789720e-01 7.300000e-03 1.137280e-01
95 8.777880e-01 7.132000e-03 1.150800e-01
96 8.763000e-01 7.376000e-03 1.163240e-01
97 8.748800e-01 7.448000e-03 1.176720e-01
98 8.736920e-01 7.380000e-03 1.189280e-01
99 8.723720e-01 7.396000e-03 1.202320e-01
100 8.711080e-01 7.356000e-03 1.215360e-01
101 8.697840e-01 7.448000e-03 1.227680e-01
102 8.686000e-01 7.300000e-03 1.241000e-01
103 8.675840e-01 7.060000e-03 1.253560e-01
104 8.663200e-01 7.072000e-03 1.266080e-01
105 8.650760e-01 7.088000e-03 1.278360e-01
106 8.638520e-01 7.020000e-03 1.291280e-01
107 8.626960e-01 6.912000e-03 1.303920e-01
108 8.616720e-01 6.864000e-03 1.314640e-01
109 8.605280e-01 6.836000e-03 1.326360e-01
110 8.593480e-01 6.868000e-03 1.337840e-01
111 8.581680e-01 6.852000e-03 1.349800e-01
112 8.570440e-01 6.760000e-03 1.361960e-01
113 8.559040e-01 6.696000e-03 1.374000e-01
114 8.547640e-01 6.516000e-03 1.387200e-01
115 8.536760e-01 6.504000e-03 1.398200e-01
116 8.527880e-01 6.240000e-03 1.409720e-01
117 8.517560e-01 6.292000e-03 1.419520e-01
118 8.507680e-01 6.064000e-03 1.431680e-01
119 8.497040e-01 6.052000e-03 1.442440e-01
120 8.487720e-01 5.968000e-03 1.452600e-01
121 8.478600e-01 5.876000e-03 1.462640e-01
122 8.467000e-01 5.952000e-03 1.473480e-01
123 8.456440e-01 5.904000e-03 1.484520e-01
124 8.445440e-01 5.872000e-03 1.495840e-01
125 8.435120e-01 5.888000e-03 1.506000e-01
126 8.425200e-01 5.924000e-03 1.515560e-01
127 8.415160e-01 5.752000e-03 1.527320e-01
128 8.406480e-01 5.612000e-03 1.537400e-01
129 8.397200e-01 5.556000e-03 1.547240e-01
130 8.387320e-01 5.556000e-03 1.557120e-01
131 8.378800e-01 5.376000e-03 1.567440e-01
132 8.370120e-01 5.244000e-03 1.577440e-01
133 8.362400e-01 5.164000e-03 1.585960e-01
134 8.353960e-01 5.064000e-03 1.595400e-01
135 8.346640e-01 4.948000e-03 1.603880e-01
136 8.338520e-01 4.848000e-03 1.613000e-01
137 8.331640e-01 4.664000e-03 1.621720e-01
138 8.322800e-01 4.660000e-03 1.630600e-01
139 8.315480e-01 4.636000e-03 1.638160e-01
140 8.305480e-01 4.888000e-03 1.645640e-01
141 8.296160e-01 5.016000e-03 1.653680e-01
142 8.286520e-01 5.160000e-03 1.661880e-01
143 8.277840e-01 5.148000e-03 1.670680e-01
144 8.269640e-01 5.064000e-03 1.679720e-01
145 8.260360e-01 5.176000e-03 1.687880e-01
146 8.251160e-01 5.192000e-03 1.696920e-01
147 8.242680e-01 5.168000e-03 1.705640e-01
148 8.234000e-01 5.144000e-03 1.714560e-01
149 8.224920e-01 5.128000e-03 1.723800e-01
150 8.214640e-01 5.284000e-03 1.732520e-01
151 8.205920e-01 5.252000e-03 1.741560e-01
152 8.196920e-01 5.204000e-03 1.751040e-01
153 8.187280e-01 5.252000e-03 1.760200e-01
154 8.178560e-01 5.260000e-03 1.768840e-01
155 8.170440e-01 5.012000e-03 1.779440e-01
156 8.160720e-01 5.040000e-03 1.788880e-01
157 8.152120e-01 5.084000e-03 1.797040e-01
158 8.143800e-01 5.080000e-03 1.805400e-01
159 8.135640e-01 4.996000e-03 1.814400e-01
160 8.126800e-01 4.932000e-03 1.823880e-01
161 8.118040e-01 4.856000e-03 1.833400e-01
162 8.109480e-01 4.948000e-03 1.841040e-01
163 8.100200e-01 4.928000e-03 1.850520e-01
164 8.089720e-01 5.088000e-03 1.859400e-01
165 8.079520e-01 5.244000e-03 1.868040e-01
166 8.071360e-01 5.088000e-03 1.877760e-01
167 8.064200e-01 4.972000e-03 1.886080e-01
168 8.055360e-01 4.992000e-03 1.894720e-01
169 8.047440e-01 4.824000e-03 1.904320e-01
170 8.037480e-01 4.996000e-03 1.912560e-01
171 8.027080e-01 5.112000e-03 1.921800e-01
172 8.018120e-01 4.996000e-03 1.931920e-01
173 8.009440e-01 5.028000e-03 1.940280e-01
174 7.999720e-01 5.060000e-03 1.949680e-01
175 7.992120e-01 4.880000e-03 1.959080e-01
176 7.983000e-01 4.908000e-03 1.967920e-01
177 7.975160e-01 4.884000e-03 1.976000e-01
178 7.967520e-01 4.876000e-03 1.983720e-01
179 7.959600e-01 4.820000e-03 1.992200e-01
180 7.951840e-01 4.716000e-03 2.001000e-01
181 7.944920e-01 4.600000e-03 2.009080e-01
182 7.938000e-01 4.516000e-03 2.016840e-01
183 7.930800e-01 4.468000e-03 2.024520e-01
184 7.923120e-01 4.444000e-03 2.032440e-01
185 7.915480e-01 4.500000e-03 2.039520e-01
186 7.906760e-01 4.556000e-03 2.047680e-01
187 7.898640e-01 4.636000e-03 2.055000e-01
188 7.891920e-01 4.444000e-03 2.063640e-01
189 7.884080e-01 4.504000e-03 2.070880e-01
190 7.877120e-01 4.436000e-03 2.078520e-01
191 7.870000e-01 4.364000e-03 2.086360e-01
192 7.862160e-01 4.428000e-03 2.093560e-01
193 7.854920e-01 4.428000e-03 2.100800e-01
194 7.848440e-01 4.300000e-03 2.108560e-01
195 7.841240e-01 4.260000e-03 2.116160e-01
196 7.834680e-01 4.176000e-03 2.123560e-01
197 7.828480e-01 4.096000e-03 2.130560e-01
198 7.822840e-01 3.900000e-03 2.138160e-01
199 7.817520e-01 3.680000e-03 2.145680e-01
200 7.811840e-01 3.572000e-03 2.152440e-01
201 7.807200e-01 3.428000e-03 2.158520e-01
202 7.802320e-01 3.260000e-03 2.165080e-01
203 7.796080e-01 3.340000e-03 2.170520e-01
204 7.790400e-01 3.328000e-03 2.176320e-01
205 7.784320e-01 3.372000e-03 2.181960e-01
206 7.779120e-01 3.252000e-03 2.188360e-01
207 7.773600e-01 3.200000e-03 2.194400e-01
208 7.768640e-01 3.088000e-03 2.200480e-01
209 7.763680e-01 3.088000e-03 2.205440e-01
210 7.759080e-01 2.948000e-03 2.211440e-01
211 7.754480e-01 2.896000e-03 2.216560e-01
212 7.748160e-01 2.972000e-03 2.222120e-01
213 7.741840e-01 3.148000e-03 2.226680e-01
214 7.736000e-01 3.216000e-03 2.231840e-01
215 7.730200e-01 3.256000e-03 2.237240e-01
216 7.723560e-01 3.400000e-03 2.242440e-01
217 7.717400e-01 3.416000e-03 2.248440e-01
218 7.710680e-01 3.476000e-03 2.254560e-01
219 7.703800e-01 3.524000e-03 2.260960e-01
220 7.697680e-01 3.504000e-03 2.267280e-01
221 7.690960e-01 3.612000e-03 2.272920e-01
222 7.683920e-01 3.696000e-03 2.279120e-01
223 7.678280e-01 3.612000e-03 2.285600e-01
224 7.672760e-01 3.468000e-03 2.292560e-01
225 7.667600e-01 3.372000e-03 2.298680e-01
226 7.660080e-01 3.564000e-03 2.304280e-01
227 7.653760e-01 3.480000e-03 2.311440e-01
228 7.647560e-01 3.544000e-03 2.317000e-01
229 7.640280e-01 3.692000e-03 2.322800e-01
230 7.633480e-01 3.764000e-03 2.328880e-01
231 7.626520e-01 3.836000e-03 2.335120e-01
232 7.620720e-01 3.788000e-03 2.341400e-01
233 7.613640e-01 3.884000e-03 2.347520e-01
234 7.608560e-01 3.724000e-03 2.354200e-01
235 7.603480e-01 3.596000e-03 2.360560e-01
236 7.597280e-01 3.628000e-03 2.366440e-01
237 7.591840e-01 3.600000e-03 2.372160e-01
238 7.587120e-01 3.516000e-03 2.377720e-01
239 7.582400e-01 3.408000e-03 2.383520e-01
240 7.576480e-01 3.436000e-03 2.389160e-01
241 7.569760e-01 3.476000e-03 2.395480e-01
242 7.564760e-01 3.348000e-03 2.401760e-01
243 7.559600e-01 3.328000e-03 2.407120e-01
244 7.553880e-01 3.376000e-03 2.412360e-01
245 7.547440e-01 3.468000e-03 2.417880e-01
246 7.541440e-01 3.504000e-03 2.423520e-01
247 7.535640e-01 3.544000e-03 2.428920e-01
248 7.529520e-01 3.536000e-03 2.435120e-01
249 7.523280e-01 3.584000e-03 2.440880e-01
250 7.517720e-01 3.480000e-03 2.447480e-01
251 7.511720e-01 3.484000e-03 2.453440e-01
252 7.505480e-01 3.508000e-03 2.459440e-01
253 7.498880e-01 3.600000e-03 2.465120e-01
254 7.492920e-01 3.596000e-03 2.471120e-01
255 7.486160e-01 3.624000e-03 2.477600e-01
256 7.479480e-01 3.664000e-03 2.483880e-01
257 7.473160e-01 3.704000e-03 2.489800e-01
258 7.466560e-01 3.728000e-03 2.496160e-01
259 7.460240e-01 3.692000e-03 2.502840e-01
260 7.454520e-01 3.580000e-03 2.509680e-01
261 7.447280e-01 3.696000e-03 2.515760e-01
262 7.440640e-01 3.704000e-03 2.522320e-01
263 7.433520e-01 3.704000e-03 2.529440e-01
264 7.426280e-01 3.788000e-03 2.535840e-01
265 7.419440e-01 3.804000e-03 2.542520e-01
266 7.413160e-01 3.740000e-03 2.549440e-01
267 7.406640e-01 3.708000e-03 2.556280e-01
268 7.399640e-01 3.812000e-03 2.562240e-01
269 7.393480e-01 3.724000e-03 2.569280e-01
270 7.386600e-01 3.756000e-03 2.575840e-01
271 7.381760e-01 3.600000e-03 2.582240e-01
272 7.375640e-01 3.588000e-03 2.588480e-01
273 7.369560e-01 3.624000e-03 2.594200e-01
274 7.364200e-01 3.396000e-03 2.601840e-01
275 7.358400e-01 3.324000e-03 2.608360e-01
276 7.353160e-01 3.240000e-03 2.614440e-01
277 7.348080e-01 3.204000e-03 2.619880e-01
278 7.342880e-01 3.204000e-03 2.625080e-01
279 7.337400e-01 3.240000e-03 2.630200e-01
280 7.332800e-01 3.208000e-03 2.635120e-01
281 7.326760e-01 3.208000e-03 2.641160e-01
282 7.321160e-01 3.208000e-03 2.646760e-01
283 7.315320e-01 3.168000e-03 2.653000e-01
284 7.309720e-01 3.156000e-03 2.658720e-01
285 7.304720e-01 3.112000e-03 2.664160e-01
286 7.299440e-01 3.100000e-03 2.669560e-01
287 7.294560e-01 3.052000e-03 2.674920e-01
288 7.288200e-01 3.132000e-03 2.680480e-01
289 7.282600e-01 3.172000e-03 2.685680e-01
290 7.276480e-01 3.168000e-03 2.691840e-01
291 7.270920e-01 3.156000e-03 2.697520e-01
292 7.264920e-01 3.160000e-03 2.703480e-01
293 7.258960e-01 3.212000e-03 2.708920e-01
294 7.254440e-01 3.124000e-03 2.714320e-01
295 7.249520e-01 3.040000e-03 2.720080e-01
296 7.243280e-01 3.164000e-03 2.725080e-01
297 7.238160e-01 3.064000e-03 2.731200e-01
298 7.233080e-01 3.068000e-03 2.736240e-01
299 7.227720e-01 3.112000e-03 2.741160e-01
300 7.222280e-01 3.120000e-03 2.746520e-01
301 7.216440e-01 3.124000e-03 2.752320e-01
302 7.210880e-01 3.188000e-03 2.757240e-01
303 7.205480e-01 3.288000e-03 2.761640e-01
304 7.199840e-01 3.304000e-03 2.767120e-01
305 7.194240e-01 3.340000e-03 2.772360e-01
306 7.189240e-01 3.204000e-03 2.778720e-01
307 7.184480e-01 3.100000e-03 2.784520e-01
308 7.178800e-01 3.120000e-03 2.790000e-01
309 7.173200e-01 3.124000e-03 2.795560e-01
310 7.167480e-01 3.156000e-03 2.800960e-01
311 7.162760e-01 3.160000e-03 2.805640e-01
312 7.158120e-01 3.144000e-03 2.810440e-01
313 7.152920e-01 3.080000e-03 2.816280e-01
314 7.147760e-01 3.144000e-03 2.820800e-01
315 7.143320e-01 3.036000e-03 2.826320e-01
316 7.138000e-01 2.992000e-03 2.832080e-01
317 7.132720e-01 2.984000e-03 2.837440e-01
318 7.127880e-01 2.972000e-03 2.842400e-01
319 7.123040e-01 2.920000e-03 2.847760e-01
320 7.117080e-01 3.000000e-03 2.852920e-01
321 7.112160e-01 2.924000e-03 2.858600e-01
322 7.107080e-01 2.944000e-03 2.863480e-01
323 7.102880e-01 2.860000e-03 2.868520e-01
324 7.098000e-01 2.872000e-03 2.873280e-01
325 7.093320e-01 2.836000e-03 2.878320e-01
326 7.088440e-01 2.744000e-03 2.884120e-01
327 7.083240e-01 2.828000e-03 2.888480e-01
328 7.077440e-01 2.924000e-03 2.893320e-01
329 7.072040e-01 2.976000e-03 2.898200e-01
330 7.067240e-01 2.944000e-03 2.903320e-01
331 7.061480e-01 3.020000e-03 2.908320e-01
332 7.056720e-01 2.928000e-03 2.914000e-01
333 7.051440e-01 2.972000e-03 2.918840e-01
334 7.046240e-01 2.964000e-03 2.924120e-01
335 7.040800e-01 3.036000e-03 2.928840e-01
336 7.035600e-01 3.036000e-03 2.934040e-01
337 7.030040e-01 3.120000e-03 2.938760e-01
338 7.025320e-01 3.028000e-03 2.944400e-01
339 7.020360e-01 3.040000e-03 2.949240e-01
340 7.016320e-01 2.944000e-03 2.954240e-01
341 7.011240e-01 2.972000e-03 2.959040e-01
342 7.005600e-01 2.952000e-03 2.964880e-01
343 7.001080e-01 2.916000e-03 2.969760e-01
344 6.995640e-01 2.968000e-03 2.974680e-01
345 6.990960e-01 2.892000e-03 2.980120e-01
346 6.986520e-01 2.788000e-03 2.985600e-01
347 6.983480e-01 2.632000e-03 2.990200e-01
348 6.979680e-01 2.584000e-03 2.994480e-01
349 6.976480e-01 2.472000e-03 2.998800e-01
350 6.973120e-01 2.420000e-03 3.002680e-01
351 6.969800e-01 2.324000e-03 3.006960e-01
352 6.966080e-01 2.288000e-03 3.011040e-01
353 6.962160e-01 2.256000e-03 3.015280e-01
354 6.959040e-01 2.188000e-03 3.019080e-01
355 6.955440e-01 2.096000e-03 3.023600e-01
356 6.950800e-01 2.200000e-03 3.027200e-01
357 6.947480e-01 2.168000e-03 3.030840e-01
358 6.944240e-01 2.116000e-03 3.034600e-01
359 6.940520e-01 2.128000e-03 3.038200e-01
360 6.937560e-01 2.096000e-03 3.041480e-01
361 6.933560e-01 2.132000e-03 3.045120e-01
362 6.930040e-01 2.148000e-03 3.048480e-01
363 6.926480e-01 2.144000e-03 3.052080e-01
364 6.922960e-01 2.128000e-03 3.055760e-01
365 6.919840e-01 2.064000e-03 3.059520e-01
366 6.916720e-01 2.052000e-03 3.062760e-01
367 6.912920e-01 2.052000e-03 3.066560e-01
368 6.909400e-01 2.028000e-03 3.070320e-01
369 6.905720e-01 2.040000e-03 3.073880e-01
370 6.902440e-01 1.980000e-03 3.077760e-01
371 6.898640e-01 1.992000e-03 3.081440e-01
372 6.895000e-01 2.032000e-03 3.084680e-01
373 6.891480e-01 2.048000e-03 3.088040e-01
374 6.887640e-01 2.072000e-03 3.091640e-01
375 6.883800e-01 2.160000e-03 3.094600e-01
376 6.879320e-01 2.204000e-03 3.098640e-01
377 6.876080e-01 2.112000e-03 3.102800e-01
378 6.872160e-01 2.120000e-03 3.106640e-01
379 6.869360e-01 1.956000e-03 3.111080e-01
380 6.865520e-01 2.048000e-03 3.114000e-01
381 6.861800e-01 2.100000e-03 3.117200e-01
382 6.858320e-01 2.056000e-03 3.121120e-01
383 6.853840e-01 2.136000e-03 3.124800e-01
384 6.850600e-01 2.144000e-03 3.127960e-01
385 6.847200e-01 2.064000e-03 3.132160e-01
386 6.843920e-01 2.052000e-03 3.135560e-01
387 6.840400e-01 2.012000e-03 3.139480e-01
388 6.837000e-01 2.092000e-03 3.142080e-01
389 6.833200e-01 2.088000e-03 3.145920e-01
390 6.829880e-01 2.052000e-03 3.149600e-01
391 6.825880e-01 2.092000e-03 3.153200e-01
392 6.822040e-01 2.128000e-03 3.156680e-01
393 6.818120e-01 2.196000e-03 3.159920e-01
394 6.814960e-01 2.136000e-03 3.163680e-01
395 6.812040e-01 2.064000e-03 3.167320e-01
396 6.808960e-01 1.972000e-03 3.171320e-01
397 6.805560e-01 1.972000e-03 3.174720e-01
398 6.802240e-01 1.960000e-03 3.178160e-01
399 6.798680e-01 2.016000e-03 3.181160e-01
400 6.795120e-01 2.020000e-03 3.184680e-01
401 6.791680e-01 1.976000e-03 3.188560e-01
402 6.788680e-01 1.952000e-03 3.191800e-01
403 6.785960e-01 1.952000e-03 3.194520e-01
404 6.782640e-01 1.976000e-03 3.197600e-01
405 6.779800e-01 1.948000e-03 3.200720e-01
406 6.777200e-01 1.892000e-03 3.203880e-01
407 6.774360e-01 1.832000e-03 3.207320e-01
408 6.770840e-01 1.820000e-03 3.210960e-01
409 6.767120e-01 1.836000e-03 3.214520e-01
410 6.763400e-01 1.876000e-03 3.217840e-01
411 6.761040e-01 1.848000e-03 3.220480e-01
412 6.758400e-01 1.792000e-03 3.223680e-01
413 6.755560e-01 1.792000e-03 3.226520e-01
414 6.752680e-01 1.776000e-03 3.229560e-01
415 6.750240e-01 1.744000e-03 3.232320e-01
416 6.747360e-01 1.764000e-03 3.235000e-01
417 6.744320e-01 1.756000e-03 3.238120e-01
418 6.741400e-01 1.736000e-03 3.241240e-01
419 6.738240e-01 1.768000e-03 3.244080e-01
420 6.735080e-01 1.792000e-03 3.247000e-01
421 6.732800e-01 1.660000e-03 3.250600e-01
422 6.730160e-01 1.592000e-03 3.253920e-01
423 6.727400e-01 1.560000e-03 3.257000e-01
424 6.724320e-01 1.588000e-03 3.259800e-01
425 6.721240e-01 1.608000e-03 3.262680e-01
426 6.718160e-01 1.632000e-03 3.265520e-01
427 6.714720e-01 1.684000e-03 3.268440e-01
428 6.712040e-01 1.672000e-03 3.271240e-01
429 6.709160e-01 1.652000e-03 3.274320e-01
430 6.706080e-01 1.680000e-03 3.277120e-01
431 6.703360e-01 1.688000e-03 3.279760e-01
432 6.700440e-01 1.700000e-03 3.282560e-01
433 6.697160e-01 1.700000e-03 3.285840e-01
434 6.694360e-01 1.684000e-03 3.288800e-01
435 6.690720e-01 1.772000e-03 3.291560e-01
436 6.687520e-01 1.764000e-03 3.294840e-01
437 6.684600e-01 1.784000e-03 3.297560e-01
438 6.681920e-01 1.716000e-03 3.300920e-01
439 6.679360e-01 1.696000e-03 3.303680e-01
440 6.676560e-01 1.664000e-03 3.306800e-01
441 6.673720e-01 1.680000e-03 3.309480e-01
442 6.670640e-01 1.660000e-03 3.312760e-01
443 6.667480e-01 1.700000e-03 3.315520e-01
444 6.664000e-01 1.776000e-03 3.318240e-01
445 6.660640e-01 1.784000e-03 3.321520e-01
446 6.656560e-01 1.832000e-03 3.325120e-01
447 6.653680e-01 1.820000e-03 3.328120e-01
448 6.650040e-01 1.932000e-03 3.330640e-01
449 6.646760e-01 1.964000e-03 3.333600e-01
450 6.644120e-01 1.900000e-03 3.336880e-01
451 6.641520e-01 1.868000e-03 3.339800e-01
452 6.638480e-01 1.848000e-03 3.343040e-01
453 6.635760e-01 1.828000e-03 3.345960e-01
454 6.631840e-01 1.864000e-03 3.349520e-01
455 6.629320e-01 1.800000e-03 3.352680e-01
456 6.626320e-01 1.824000e-03 3.355440e-01
457 6.622760e-01 1.868000e-03 3.358560e-01
458 6.619840e-01 1.912000e-03 3.361040e-01
459 6.616640e-01 1.920000e-03 3.364160e-01
460 6.613440e-01 1.892000e-03 3.367640e-01
461 6.609560e-01 1.972000e-03 3.370720e-01
462 6.605600e-01 2.012000e-03 3.374280e-01
463 6.601720e-01 2.048000e-03 3.377800e-01
464 6.597880e-01 2.068000e-03 3.381440e-01
465 6.593960e-01 2.140000e-03 3.384640e-01
466 6.590240e-01 2.136000e-03 3.388400e-01
467 6.586840e-01 2.084000e-03 3.392320e-01
468 6.582680e-01 2.148000e-03 3.395840e-01
469 6.579440e-01 2.092000e-03 3.399640e-01
470 6.575480e-01 2.104000e-03 3.403480e-01
471 6.571800e-01 2.136000e-03 3.406840e-01
472 6.568400e-01 2.072000e-03 3.410880e-01
473 6.565320e-01 2.016000e-03 3.414520e-01
474 6.561600e-01 2.088000e-03 3.417520e-01
475 6.558880e-01 2.012000e-03 3.421000e-01
476 6.555560e-01 2.024000e-03 3.424200e-01
477 6.553440e-01 1.860000e-03 3.427960e-01
478 6.550960e-01 1.824000e-03 3.430800e-01
479 6.548480e-01 1.752000e-03 3.434000e-01
480 6.545680e-01 1.684000e-03 3.437480e-01
481 6.542920e-01 1.664000e-03 3.440440e-01
482 6.539680e-01 1.688000e-03 3.443440e-01
483 6.536640e-01 1.716000e-03 3.446200e-01
484 6.533880e-01 1.716000e-03 3.448960e-01
485 6.531440e-01 1.668000e-03 3.451880e-01
486 6.528040e-01 1.632000e-03 3.455640e-01
487 6.525240e-01 1.608000e-03 3.458680e-01
488 6.523160e-01 1.556000e-03 3.461280e-01
489 6.521080e-01 1.552000e-03 3.463400e-01
490 6.518520e-01 1.580000e-03 3.465680e-01
491 6.515760e-01 1.604000e-03 3.468200e-01
492 6.513360e-01 1.560000e-03 3.471040e-01
493 6.511040e-01 1.520000e-03 3.473760e-01
494 6.507960e-01 1.512000e-03 3.476920e-01
495 6.505160e-01 1.516000e-03 3.479680e-01
496 6.502320e-01 1.488000e-03 3.482800e-01
497 6.500640e-01 1.400000e-03 3.485360e-01
498 6.498120e-01 1.436000e-03 3.487520e-01
499 6.495520e-01 1.428000e-03 3.490200e-01
500 6.492960e-01 1.412000e-03 3.492920e-01
