1 9.991280e-01 7.800000e-04 9.200000e-05
2 9.985080e-01 1.252000e-03 2.400000e-04
3 9.978400e-01 1.608000e-03 5.520000e-04
4 9.970880e-01 2.068000e-03 8.440000e-04
5 9.962440e-01 2.448000e-03 1.308000e-03
6 9.954320e-01 2.792000e-03 1.776000e-03
7 9.945720e-01 3.172000e-03 2.256000e-03
8 9.935960e-01 3.516000e-03 2.888000e-03
9 9.926120e-01 3.784000e-03 3.604000e-03
10 9.917240e-01 3.952000e-03 4.324000e-03
11 9.907480e-01 4.216000e-03 5.036000e-03
12 9.897160e-01 4.500000e-03 5.784000e-03
13 9.886760e-01 4.772000e-03 6.552000e-03
14 9.876040e-01 5.040000e-03 7.356000e-03
15 9.865520e-01 5.244000e-03 8.204000e-03
16 9.854040e-01 5.384000e-03 9.212000e-03
17 9.843560e-01 5.444000e-03 1.020000e-02
18 9.832320e-01 5.576000e-03 1.119200e-02
19 9.819880e-01 5.832000e-03 1.218000e-02
20 9.808160e-01 5.976000e-03 1.320800e-02
21 9.797080e-01 6.032000e-03 1.426000e-02
22 9.783240e-01 6.336000e-03 1.534000e-02
23 9.771160e-01 6.520000e-03 1.636400e-02
24 9.757240e-01 6.696000e-03 1.758000e-02
25 9.743760e-01 6.864000e-03 1.876000e-02
26 9.730760e-01 6.948000e-03 1.997600e-02
27 9.717920e-01 7.072000e-03 2.113600e-02
28 9.703760e-01 7.212000e-03 2.241200e-02
29 9.691400e-01 7.216000e-03 2.364400e-02
30 9.677560e-01 7.304000e-03 2.494000e-02
31 9.663920e-01 7.420000e-03 2.618800e-02
32 9.649080e-01 7.656000e-03 2.743600e-02
33 9.634080e-01 7.840000e-03 2.875200e-02
34 9.619280e-01 7.964000e-03 3.010800e-02
35 9.605360e-01 7.928000e-03 3.153600e-02
36 9.590480e-01 7.948000e-03 3.300400e-02
37 9.576800e-01 7.808000e-03 3.451200e-02
38 9.560800e-01 8.016000e-03 3.590400e-02
39 9.546360e-01 8.104000e-03 3.726000e-02
40 9.530880e-01 8.184000e-03 3.872800e-02
41 9.514480e-01 8.372000e-03 4.018000e-02
42 9.499480e-01 8.448000e-03 4.160400e-02
43 9.485440e-01 8.408000e-03 4.304800e-02
44 9.469240e-01 8.500000e-03 4.457600e-02
45 9.453560e-01 8.556000e-03 4.608800e-02
46 9.436960e-01 8.740000e-03 4.756400e-02
47 9.418240e-01 9.016000e-03 4.916000e-02
48 9.399680e-01 9.372000e-03 5.066000e-02
49 9.382520e-01 9.348000e-03 5.240000e-02
50 9.363880e-01 9.560000e-03 5.405200e-02
51 9.345400e-01 9.792000e-03 5.566800e-02
52 9.328000e-01 9.824000e-03 5.737600e-02
53 9.309800e-01 9.904000e-03 5.911600e-02
54 9.293120e-01 9.916000e-03 6.077200e-02
55 9.275320e-01 1.005200e-02 6.241600e-02
56 9.257280e-01 1.012800e-02 6.414400e-02
57 9.237920e-01 1.021200e-02 6.599600e-02
58 9.219960e-01 1.035600e-02 6.764800e-02
59 9.200880e-01 1.053600e-02 6.937600e-02
60 9.180280e-01 1.078800e-02 7.118400e-02
61 9.162360e-01 1.068000e-02 7.308400e-02
62 9.143720e-01 1.067600e-02 7.495200e-02
63 9.125080e-01 1.081200e-02 7.668000e-02
64 9.105760e-01 1.095600e-02 7.846800e-02
65 9.087520e-01 1.099200e-02 8.025600e-02
66 9.069000e-01 1.096800e-02 8.213200e-02
67 9.050480e-01 1.090800e-02 8.404400e-02
68 9.032520e-01 1.083600e-02 8.591200e-02
69 9.014920e-01 1.055200e-02 8.795600e-02
70 8.996600e-01 1.059200e-02 8.974800e-02
71 8.979160e-01 1.059600e-02 9.148800e-02
72 8.962520e-01 1.036400e-02 9.338400e-02
73 8.945720e-01 1.023200e-02 9.519600e-02
74 8.928880e-01 1.002000e-02 9.709200e-02
75 8.913960e-01 9.784000e-03 9.882000e-02
76 8.897080e-01 9.760000e-03 1.005320e-01
77 8.880800e-01 9.564000e-03 1.023560e-01
78 8.864160e-01 9.524000e-03 1.040600e-01
79 8.847720e-01 9.516000e-03 1.057120e-01
80 8.831800e-01 9.408000e-03 1.074120e-01
81 8.816840e-01 9.332000e-03 1.089840e-01
82 8.800360e-01 9.260000e-03 1.107040e-01
83 8.782240e-01 9.424000e-03 1.123520e-01
84 8.765520e-01 9.448000e-03 1.140000e-01
85 8.748720e-01 9.556000e-03 1.155720e-01
86 8.731920e-01 9.696000e-03 1.171120e-01
87 8.714480e-01 9.788000e-03 1.187640e-01
88 8.696400e-01 9.800000e-03 1.205600e-01
89 8.679080e-01 9.824000e-03 1.222680e-01
90 8.662120e-01 9.840000e-03 1.239480e-01
91 8.645440e-01 9.760000e-03 1.256960e-01
92 8.627480e-01 9.736000e-03 1.275160e-01
93 8.610040e-01 9.752000e-03 1.292440e-01
94 8.593680e-01 9.628000e-03 1.310040e-01
95 8.577640e-01 9.508000e-03 1.327280e-01
96 8.559440e-01 9.712000e-03 1.343440e-01
97 8.544040e-01 9.556000e-03 1.360400e-01
98 8.528400e-01 9.532000e-03 1.376280e-01
99 8.513280e-01 9.424000e-03 1.392480e-01
100 8.497320e-01 9.404000e-03 1.408640e-01
101 8.482200e-01 9.272000e-03 1.425080e-01
102 8.465480e-01 9.372000e-03 1.440800e-01
103 8.450400e-01 9.196000e-03 1.457640e-01
104 8.435120e-01 9.120000e-03 1.473680e-01
105 8.419560e-01 9.160000e-03 1.488840e-01
106 8.404400e-01 9.108000e-03 1.504520e-01
107 8.389360e-01 8.944000e-03 1.521200e-01
108 8.374720e-01 9.004000e-03 1.535240e-01
109 8.360040e-01 9.008000e-03 1.549880e-01
110 8.345120e-01 9.028000e-03 1.564600e-01
111 8.329320e-01 8.976000e-03 1.580920e-01
112 8.315720e-01 8.768000e-03 1.596600e-01
113 8.300280e-01 8.752000e-03 1.612200e-01
114 8.285000e-01 8.796000e-03 1.627040e-01
115 8.270640e-01 8.752000e-03 1.641840e-01
116 8.256240e-01 8.660000e-03 1.657160e-01
117 8.242400e-01 8.480000e-03 1.672800e-01
118 8.228000e-01 8.428000e-03 1.687720e-01
119 8.212520e-01 8.504000e-03 1.702440e-01
120 8.197680e-01 8.512000e-03 1.717200e-01
121 8.184600e-01 8.304000e-03 1.732360e-01
122 8.171000e-01 8.328000e-03 1.745720e-01
123 8.157880e-01 8.160000e-03 1.760520e-01
124 8.144080e-01 8.116000e-03 1.774760e-01
125 8.131160e-01 8.040000e-03 1.788440e-01
126 8.119240e-01 7.816000e-03 1.802600e-01
127 8.106720e-01 7.624000e-03 1.817040e-01
128 8.092160e-01 7.892000e-03 1.828920e-01
129 8.078280e-01 8.020000e-03 1.841520e-01
130 8.064160e-01 7.996000e-03 1.855880e-01
131 8.049320e-01 8.068000e-03 1.870000e-01
132 8.035720e-01 8.024000e-03 1.884040e-01
133 8.020040e-01 8.136000e-03 1.898600e-01
134 8.004520e-01 8.356000e-03 1.911920e-01
135 7.989600e-01 8.404000e-03 1.926360e-01
136 7.974440e-01 8.556000e-03 1.940000e-01
137 7.960600e-01 8.376000e-03 1.955640e-01
138 7.946840e-01 8.380000e-03 1.969360e-01
139 7.931560e-01 8.432000e-03 1.984120e-01
140 7.916240e-01 8.544000e-03 1.998320e-01
141 7.902360e-01 8.612000e-03 2.011520e-01
142 7.889040e-01 8.556000e-03 2.025400e-01
143 7.876000e-01 8.372000e-03 2.040280e-01
144 7.863360e-01 8.168000e-03 2.054960e-01
145 7.849160e-01 8.140000e-03 2.069440e-01
146 7.835800e-01 8.060000e-03 2.083600e-01
147 7.822760e-01 7.860000e-03 2.098640e-01
148 7.811360e-01 7.628000e-03 2.112360e-01
149 7.800280e-01 7.520000e-03 2.124520e-01
150 7.788520e-01 7.484000e-03 2.136640e-01
151 7.775720e-01 7.444000e-03 2.149840e-01
152 7.764320e-01 7.240000e-03 2.163280e-01
153 7.754920e-01 6.936000e-03 2.175720e-01
154 7.744320e-01 6.852000e-03 2.187160e-01
155 7.733440e-01 6.848000e-03 2.198080e-01
156 7.721960e-01 6.764000e-03 2.210400e-01
157 7.710560e-01 6.736000e-03 2.222080e-01
158 7.698920e-01 6.748000e-03 2.233600e-01
159 7.687760e-01 6.724000e-03 2.245000e-01
160 7.676840e-01 6.552000e-03 2.257640e-01
161 7.667080e-01 6.412000e-03 2.268800e-01
162 7.655920e-01 6.344000e-03 2.280640e-01
163 7.645280e-01 6.368000e-03 2.291040e-01
164 7.633800e-01 6.380000e-03 2.302400e-01
165 7.622480e-01 6.516000e-03 2.312360e-01
166 7.612600e-01 6.336000e-03 2.324040e-01
167 7.601200e-01 6.436000e-03 2.334440e-01
168 7.592000e-01 6.164000e-03 2.346360e-01
169 7.581760e-01 6.092000e-03 2.357320e-01
170 7.571400e-01 6.028000e-03 2.368320e-01
171 7.562840e-01 5.904000e-03 2.378120e-01
172 7.553920e-01 5.808000e-03 2.388000e-01
173 7.545480e-01 5.620000e-03 2.398320e-01
174 7.535680e-01 5.636000e-03 2.407960e-01
175 7.526680e-01 5.568000e-03 2.417640e-01
176 7.517560e-01 5.500000e-03 2.427440e-01
177 7.508520e-01 5.400000e-03 2.437480e-01
178 7.498920e-01 5.472000e-03 2.446360e-01
179 7.488840e-01 5.508000e-03 2.456080e-01
180 7.480520e-01 5.352000e-03 2.465960e-01
181 7.471200e-01 5.368000e-03 2.475120e-01
182 7.462920e-01 5.112000e-03 2.485960e-01
183 7.455800e-01 4.940000e-03 2.494800e-01
184 7.447280e-01 4.928000e-03 2.503440e-01
185 7.438280e-01 5.016000e-03 2.511560e-01
186 7.427840e-01 5.144000e-03 2.520720e-01
187 7.418920e-01 5.196000e-03 2.529120e-01
188 7.410080e-01 5.128000e-03 2.538640e-01
189 7.399480e-01 5.316000e-03 2.547360e-01
190 7.389800e-01 5.336000e-03 2.556840e-01
191 7.380360e-01 5.416000e-03 2.565480e-01
192 7.371560e-01 5.372000e-03 2.574720e-01
193 7.362120e-01 5.308000e-03 2.584800e-01
194 7.353480e-01 5.244000e-03 2.594080e-01
195 7.343600e-01 5.316000e-03 2.603240e-01
196 7.335120e-01 5.340000e-03 2.611480e-01
197 7.325720e-01 5.300000e-03 2.621280e-01
198 7.318760e-01 4.996000e-03 2.631280e-01
199 7.311480e-01 4.880000e-03 2.639720e-01
200 7.303920e-01 4.832000e-03 2.647760e-01
201 7.296520e-01 4.660000e-03 2.656880e-01
202 7.289440e-01 4.524000e-03 2.665320e-01
203 7.282320e-01 4.404000e-03 2.673640e-01
204 7.275800e-01 4.316000e-03 2.681040e-01
205 7.268360e-01 4.368000e-03 2.687960e-01
206 7.261120e-01 4.284000e-03 2.696040e-01
207 7.252800e-01 4.308000e-03 2.704120e-01
208 7.245440e-01 4.320000e-03 2.711360e-01
209 7.238440e-01 4.252000e-03 2.719040e-01
210 7.231080e-01 4.240000e-03 2.726520e-01
211 7.223600e-01 4.248000e-03 2.733920e-01
212 7.215840e-01 4.400000e-03 2.740160e-01
213 7.207680e-01 4.392000e-03 2.748400e-01
214 7.199360e-01 4.508000e-03 2.755560e-01
215 7.191400e-01 4.440000e-03 2.764200e-01
216 7.183440e-01 4.432000e-03 2.772240e-01
217 7.176800e-01 4.236000e-03 2.780840e-01
218 7.169480e-01 4.264000e-03 2.787880e-01
219 7.162240e-01 4.308000e-03 2.794680e-01
220 7.155160e-01 4.300000e-03 2.801840e-01
221 7.147240e-01 4.240000e-03 2.810360e-01
222 7.140480e-01 4.172000e-03 2.817800e-01
223 7.133320e-01 4.200000e-03 2.824680e-01
224 7.125720e-01 4.256000e-03 2.831720e-01
225 7.118680e-01 4.112000e-03 2.840200e-01
226 7.112080e-01 4.048000e-03 2.847440e-01
227 7.104600e-01 4.084000e-03 2.854560e-01
228 7.098440e-01 3.884000e-03 2.862720e-01
229 7.092160e-01 3.868000e-03 2.869160e-01
230 7.086240e-01 3.788000e-03 2.875880e-01
231 7.080360e-01 3.708000e-03 2.882560e-01
232 7.074240e-01 3.708000e-03 2.888680e-01
233 7.068160e-01 3.684000e-03 2.895000e-01
234 7.060520e-01 3.840000e-03 2.901080e-01
235 7.053720e-01 3.840000e-03 2.907880e-01
236 7.047000e-01 3.912000e-03 2.913880e-01
237 7.040160e-01 3.788000e-03 2.921960e-01
238 7.032120e-01 3.848000e-03 2.929400e-01
239 7.025240e-01 3.828000e-03 2.936480e-01
240 7.017680e-01 3.836000e-03 2.943960e-01
241 7.010360e-01 3.892000e-03 2.950720e-01
242 7.002360e-01 3.940000e-03 2.958240e-01
243 6.994120e-01 4.072000e-03 2.965160e-01
244 6.986400e-01 4.160000e-03 2.972000e-01
245 6.978760e-01 4.264000e-03 2.978600e-01
246 6.970320e-01 4.296000e-03 2.986720e-01
247 6.963000e-01 4.308000e-03 2.993920e-01
248 6.956360e-01 4.216000e-03 3.001480e-01
249 6.948880e-01 4.236000e-03 3.008760e-01
250 6.941640e-01 4.188000e-03 3.016480e-01
251 6.934520e-01 4.112000e-03 3.024360e-01
252 6.928240e-01 3.988000e-03 3.031880e-01
253 6.921920e-01 3.864000e-03 3.039440e-01
254 6.914640e-01 3.972000e-03 3.045640e-01
255 6.907920e-01 3.936000e-03 3.052720e-01
256 6.902320e-01 3.764000e-03 3.060040e-01
257 6.895840e-01 3.680000e-03 3.067360e-01
258 6.888960e-01 3.772000e-03 3.073320e-01
259 6.883240e-01 3.716000e-03 3.079600e-01
260 6.877480e-01 3.568000e-03 3.086840e-01
261 6.871760e-01 3.624000e-03 3.092000e-01
262 6.865440e-01 3.588000e-03 3.098680e-01
263 6.860240e-01 3.392000e-03 3.105840e-01
264 6.854680e-01 3.396000e-03 3.111360e-01
265 6.848240e-01 3.472000e-03 3.117040e-01
266 6.842200e-01 3.480000e-03 3.123000e-01
267 6.837320e-01 3.356000e-03 3.129120e-01
268 6.831320e-01 3.388000e-03 3.134800e-01
269 6.824560e-01 3.476000e-03 3.140680e-01
270 6.819000e-01 3.452000e-03 3.146480e-01
271 6.813520e-01 3.400000e-03 3.152480e-01
272 6.807720e-01 3.412000e-03 3.158160e-01
273 6.802240e-01 3.416000e-03 3.163600e-01
274 6.795760e-01 3.428000e-03 3.169960e-01
275 6.790600e-01 3.384000e-03 3.175560e-01
276 6.783800e-01 3.544000e-03 3.180760e-01
277 6.778000e-01 3.612000e-03 3.185880e-01
278 6.773040e-01 3.452000e-03 3.192440e-01
279 6.768320e-01 3.396000e-03 3.197720e-01
280 6.763640e-01 3.228000e-03 3.204080e-01
281 6.758680e-01 3.160000e-03 3.209720e-01
282 6.753440e-01 3.172000e-03 3.214840e-01
283 6.747960e-01 3.152000e-03 3.220520e-01
284 6.742600e-01 3.116000e-03 3.226240e-01
285 6.738240e-01 3.008000e-03 3.231680e-01
286 6.734760e-01 2.828000e-03 3.236960e-01
287 6.730520e-01 2.712000e-03 3.242360e-01
288 6.726960e-01 2.596000e-03 3.247080e-01
289 6.722560e-01 2.588000e-03 3.251560e-01
290 6.718480e-01 2.604000e-03 3.255480e-01
291 6.713440e-01 2.664000e-03 3.259920e-01
292 6.708160e-01 2.664000e-03 3.265200e-01
293 6.702880e-01 2.716000e-03 3.269960e-01
294 6.697760e-01 2.744000e-03 3.274800e-01
295 6.693280e-01 2.712000e-03 3.279600e-01
296 6.689080e-01 2.656000e-03 3.284360e-01
297 6.685360e-01 2.572000e-03 3.288920e-01
298 6.680560e-01 2.636000e-03 3.293080e-01
299 6.676080e-01 2.612000e-03 3.297800e-01
300 6.672880e-01 2.532000e-03 3.301800e-01
301 6.669160e-01 2.516000e-03 3.305680e-01
302 6.664840e-01 2.484000e-03 3.310320e-01
303 6.660720e-01 2.496000e-03 3.314320e-01
304 6.656920e-01 2.504000e-03 3.318040e-01
305 6.653360e-01 2.420000e-03 3.322440e-01
306 6.650360e-01 2.348000e-03 3.326160e-01
307 6.646800e-01 2.352000e-03 3.329680e-01
308 6.643680e-01 2.176000e-03 3.334560e-01
309 6.640480e-01 2.120000e-03 3.338320e-01
310 6.636960e-01 2.092000e-03 3.342120e-01
311 6.634280e-01 2.076000e-03 3.344960e-01
312 6.631480e-01 2.060000e-03 3.347920e-01
313 6.628520e-01 2.060000e-03 3.350880e-01
314 6.626320e-01 1.896000e-03 3.354720e-01
315 6.623800e-01 1.780000e-03 3.358400e-01
316 6.621240e-01 1.720000e-03 3.361560e-01
317 6.619200e-01 1.620000e-03 3.364600e-01
318 6.616640e-01 1.596000e-03 3.367400e-01
319 6.613800e-01 1.600000e-03 3.370200e-01
320 6.611520e-01 1.548000e-03 3.373000e-01
321 6.609200e-01 1.488000e-03 3.375920e-01
322 6.606400e-01 1.548000e-03 3.378120e-01
323 6.603680e-01 1.520000e-03 3.381120e-01
324 6.601000e-01 1.528000e-03 3.383720e-01
325 6.598360e-01 1.528000e-03 3.386360e-01
326 6.595600e-01 1.544000e-03 3.388960e-01
327 6.593280e-01 1.524000e-03 3.391480e-01
328 6.591200e-01 1.404000e-03 3.394760e-01
329 6.589240e-01 1.348000e-03 3.397280e-01
330 6.587160e-01 1.348000e-03 3.399360e-01
331 6.584840e-01 1.312000e-03 3.402040e-01
332 6.582840e-01 1.212000e-03 3.405040e-01
333 6.580080e-01 1.284000e-03 3.407080e-01
334 6.577800e-01 1.312000e-03 3.409080e-01
335 6.575640e-01 1.280000e-03 3.411560e-01
336 6.573360e-01 1.268000e-03 3.413960e-01
337 6.571600e-01 1.208000e-03 3.416320e-01
338 6.570240e-01 1.172000e-03 3.418040e-01
339 6.568560e-01 1.128000e-03 3.420160e-01
340 6.566640e-01 1.108000e-03 3.422280e-01
341 6.564880e-01 1.072000e-03 3.424400e-01
342 6.563400e-01 1.044000e-03 3.426160e-01
343 6.561160e-01 1.040000e-03 3.428440e-01
344 6.559320e-01 1.012000e-03 3.430560e-01
345 6.556760e-01 1.084000e-03 3.432400e-01
346 6.554440e-01 1.136000e-03 3.434200e-01
347 6.552280e-01 1.140000e-03 3.436320e-01
348 6.550440e-01 1.156000e-03 3.438000e-01
349 6.548720e-01 1.116000e-03 3.440120e-01
350 6.547400e-01 1.080000e-03 3.441800e-01
351 6.546040e-01 1.036000e-03 3.443600e-01
352 6.544200e-01 1.052000e-03 3.445280e-01
353 6.542240e-01 1.064000e-03 3.447120e-01
354 6.540400e-01 1.076000e-03 3.448840e-01
355 6.538880e-01 1.048000e-03 3.450640e-01
356 6.537320e-01 1.032000e-03 3.452360e-01
357 6.535360e-01 1.020000e-03 3.454440e-01
358 6.533800e-01 1.000000e-03 3.456200e-01
359 6.532200e-01 1.040000e-03 3.457400e-01
360 6.530560e-01 1.052000e-03 3.458920e-01
361 6.528960e-01 1.048000e-03 3.460560e-01
362 6.527720e-01 1.020000e-03 3.462080e-01
363 6.525880e-01 1.028000e-03 3.463840e-01
364 6.523960e-01 1.020000e-03 3.465840e-01
365 6.522040e-01 9.760000e-04 3.468200e-01
366 6.520400e-01 9.480000e-04 3.470120e-01
367 6.518160e-01 1.032000e-03 3.471520e-01
368 6.515960e-01 1.068000e-03 3.473360e-01
369 6.513920e-01 1.080000e-03 3.475280e-01
370 6.512120e-01 1.080000e-03 3.477080e-01
371 6.510320e-01 1.104000e-03 3.478640e-01
372 6.508640e-01 1.100000e-03 3.480360e-01
373 6.507080e-01 1.060000e-03 3.482320e-01
374 6.504440e-01 1.192000e-03 3.483640e-01
375 6.502640e-01 1.160000e-03 3.485760e-01
376 6.500360e-01 1.184000e-03 3.487800e-01
377 6.498000e-01 1.184000e-03 3.490160e-01
378 6.496120e-01 1.196000e-03 3.491920e-01
379 6.494480e-01 1.152000e-03 3.494000e-01
380 6.493000e-01 1.080000e-03 3.496200e-01
381 6.491320e-01 1.044000e-03 3.498240e-01
382 6.489280e-01 1.088000e-03 3.499840e-01
383 6.487600e-01 1.004000e-03 3.502360e-01
384 6.486160e-01 9.920000e-04 3.503920e-01
385 6.484480e-01 9.680000e-04 3.505840e-01
386 6.483080e-01 9.320000e-04 3.507600e-01
387 6.481840e-01 8.840000e-04 3.509320e-01
388 6.480760e-01 8.440000e-04 3.510800e-01
389 6.479600e-01 7.960000e-04 3.512440e-01
390 6.478080e-01 8.160000e-04 3.513760e-01
391 6.476520e-01 8.160000e-04 3.515320e-01
392 6.475080e-01 8.200000e-04 3.516720e-01
393 6.473560e-01 8.240000e-04 3.518200e-01
394 6.471960e-01 8.320000e-04 3.519720e-01
395 6.470000e-01 8.840000e-04 3.521160e-01
396 6.468120e-01 9.200000e-04 3.522680e-01
397 6.466240e-01 9.480000e-04 3.524280e-01
398 6.464880e-01 9.160000e-04 3.525960e-01
399 6.462960e-01 9.280000e-04 3.527760e-01
400 6.461240e-01 9.400000e-04 3.529360e-01
401 6.459800e-01 9.400000e-04 3.530800e-01
402 6.458440e-01 9.080000e-04 3.532480e-01
403 6.456560e-01 9.280000e-04 3.534160e-01
404 6.454680e-01 9.400000e-04 3.535920e-01
405 6.452720e-01 9.760000e-04 3.537520e-01
406 6.451000e-01 1.028000e-03 3.538720e-01
407 6.448920e-01 1.072000e-03 3.540360e-01
408 6.447280e-01 1.088000e-03 3.541840e-01
409 6.445800e-01 1.024000e-03 3.543960e-01
410 6.444600e-01 9.880000e-04 3.545520e-01
411 6.442600e-01 1.052000e-03 3.546880e-01
412 6.441160e-01 1.028000e-03 3.548560e-01
413 6.439840e-01 9.960000e-04 3.550200e-01
414 6.437880e-01 1.048000e-03 3.551640e-01
415 6.435760e-01 1.108000e-03 3.553160e-01
416 6.434600e-01 1.032000e-03 3.555080e-01
417 6.433080e-01 1.068000e-03 3.556240e-01
418 6.431760e-01 1.032000e-03 3.557920e-01
419 6.430440e-01 9.800000e-04 3.559760e-01
420 6.429400e-01 9.400000e-04 3.561200e-01
421 6.428000e-01 9.400000e-04 3.562600e-01
422 6.426920e-01 8.920000e-04 3.564160e-01
423 6.425880e-01 8.560000e-04 3.565560e-01
424 6.425080e-01 7.920000e-04 3.567000e-01
425 6.423680e-01 7.720000e-04 3.568600e-01
426 6.422960e-01 6.880000e-04 3.570160e-01
427 6.422040e-01 6.240000e-04 3.571720e-01
428 6.420960e-01 6.160000e-04 3.572880e-01
429 6.419400e-01 6.640000e-04 3.573960e-01
430 6.418560e-01 6.680000e-04 3.574760e-01
431 6.417640e-01 6.520000e-04 3.575840e-01
432 6.416400e-01 6.040000e-04 3.577560e-01
433 6.415040e-01 6.160000e-04 3.578800e-01
434 6.413720e-01 6.280000e-04 3.580000e-01
435 6.412760e-01 6.120000e-04 3.581120e-01
436 6.411560e-01 6.040000e-04 3.582400e-01
437 6.410400e-01 6.200000e-04 3.583400e-01
438 6.409320e-01 6.120000e-04 3.584560e-01
439 6.408760e-01 5.840000e-04 3.585400e-01
440 6.407840e-01 5.760000e-04 3.586400e-01
441 6.407200e-01 5.240000e-04 3.587560e-01
442 6.406280e-01 4.960000e-04 3.588760e-01
443 6.406000e-01 4.280000e-04 3.589720e-01
444 6.404880e-01 4.360000e-04 3.590760e-01
445 6.404160e-01 4.320000e-04 3.591520e-01
446 6.403600e-01 3.960000e-04 3.592440e-01
447 6.402960e-01 3.640000e-04 3.593400e-01
448 6.402360e-01 3.600000e-04 3.594040e-01
449 6.401840e-01 3.280000e-04 3.594880e-01
450 6.401400e-01 3.160000e-04 3.595440e-01
451 6.400960e-01 3.120000e-04 3.595920e-01
452 6.400760e-01 2.800000e-04 3.596440e-01
453 6.400320e-01 2.800000e-04 3.596880e-01
454 6.399920e-01 2.760000e-04 3.597320e-01
455 6.399640e-01 2.680000e-04 3.597680e-01
456 6.399360e-01 2.600000e-04 3.598040e-01
457 6.398960e-01 2.400000e-04 3.598640e-01
458 6.398600e-01 2.360000e-04 3.599040e-01
459 6.398240e-01 2.240000e-04 3.599520e-01
460 6.397840e-01 2.360000e-04 3.599800e-01
461 6.397640e-01 2.160000e-04 3.600200e-01
462 6.397440e-01 1.920000e-04 3.600640e-01
463 6.397200e-01 1.840000e-04 3.600960e-01
464 6.396680e-01 2.040000e-04 3.601280e-01
465 6.396400e-01 1.920000e-04 3.601680e-01
466 6.396240e-01 1.720000e-04 3.602040e-01
467 6.396000e-01 1.840000e-04 3.602160e-01
468 6.395840e-01 1.600000e-04 3.602560e-01
469 6.395640e-01 1.640000e-04 3.602720e-01
470 6.395440e-01 1.640000e-04 3.602920e-01
471 6.395200e-01 1.440000e-04 3.603360e-01
472 6.394960e-01 1.480000e-04 3.603560e-01
473 6.394640e-01 1.640000e-04 3.603720e-01
474 6.394280e-01 1.840000e-04 3.603880e-01
475 6.393840e-01 1.840000e-04 3.604320e-01
476 6.393360e-01 2.040000e-04 3.604600e-01
477 6.393120e-01 2.000000e-04 3.604880e-01
478 6.392840e-01 1.800000e-04 3.605360e-01
479 6.392400e-01 1.920000e-04 3.605680e-01
480 6.392120e-01 1.960000e-04 3.605920e-01
481 6.391760e-01 1.880000e-04 3.606360e-01
482 6.391320e-01 1.800000e-04 3.606880e-01
483 6.391040e-01 1.840000e-04 3.607120e-01
484 6.390600e-01 1.840000e-04 3.607560e-01
485 6.390280e-01 1.760000e-04 3.607960e-01
486 6.390000e-01 1.600000e-04 3.608400e-01
487 6.389760e-01 1.600000e-04 3.608640e-01
488 6.389320e-01 1.920000e-04 3.608760e-01
489 6.389160e-01 1.840000e-04 3.609000e-01
490 6.388680e-01 2.120000e-04 3.609200e-01
491 6.388280e-01 2.200000e-04 3.609520e-01
492 6.387920e-01 1.880000e-04 3.610200e-01
493 6.387560e-01 1.840000e-04 3.610600e-01
494 6.386880e-01 2.280000e-04 3.610840e-01
495 6.386600e-01 2.400000e-04 3.611000e-01
496 6.386320e-01 2.040000e-04 3.611640e-01
497 6.385960e-01 2.040000e-04 3.612000e-01
498 6.385480e-01 2.320000e-04 3.612200e-01
499 6.385040e-01 2.400000e-04 3.612560e-01
500 6.384520e-01 2.720000e-04 3.612760e-01
