1 9.991440e-01 7.920000e-04 6.400000e-05
2 9.986560e-01 1.100000e-03 2.440000e-04
3 9.979800e-01 1.516000e-03 5.040000e-04
4 9.971960e-01 2.044000e-03 7.600000e-04
5 9.963240e-01 2.520000e-03 1.156000e-03
6 9.953600e-01 3.036000e-03 1.604000e-03
7 9.943720e-01 3.416000e-03 2.212000e-03
8 9.934400e-01 3.712000e-03 2.848000e-03
9 9.924520e-01 3.988000e-03 3.560000e-03
10 9.912640e-01 4.472000e-03 4.264000e-03
11 9.901040e-01 4.788000e-03 5.108000e-03
12 9.889240e-01 4.960000e-03 6.116000e-03
13 9.878080e-01 5.188000e-03 7.004000e-03
14 9.865440e-01 5.532000e-03 7.924000e-03
15 9.853320e-01 5.708000e-03 8.960000e-03
16 9.840000e-01 6.116000e-03 9.884000e-03
17 9.825880e-01 6.476000e-03 1.093600e-02
18 9.813000e-01 6.600000e-03 1.210000e-02
19 9.796680e-01 7.016000e-03 1.331600e-02
20 9.782720e-01 7.092000e-03 1.463600e-02
21 9.768520e-01 7.144000e-03 1.600400e-02
22 9.752960e-01 7.424000e-03 1.728000e-02
23 9.736520e-01 7.748000e-03 1.860000e-02
24 9.721320e-01 7.828000e-03 2.004000e-02
25 9.705440e-01 8.012000e-03 2.144400e-02
26 9.690240e-01 8.232000e-03 2.274400e-02
27 9.672880e-01 8.476000e-03 2.423600e-02
28 9.656320e-01 8.604000e-03 2.576400e-02
29 9.640200e-01 8.824000e-03 2.715600e-02
30 9.623200e-01 8.928000e-03 2.875200e-02
31 9.606440e-01 9.028000e-03 3.032800e-02
32 9.591920e-01 9.060000e-03 3.174800e-02
33 9.573720e-01 9.264000e-03 3.336400e-02
34 9.555040e-01 9.396000e-03 3.510000e-02
35 9.537040e-01 9.604000e-03 3.669200e-02
36 9.519000e-01 9.800000e-03 3.830000e-02
37 9.500800e-01 9.840000e-03 4.008000e-02
38 9.482680e-01 9.856000e-03 4.187600e-02
39 9.464040e-01 9.892000e-03 4.370400e-02
40 9.447160e-01 9.916000e-03 4.536800e-02
41 9.430840e-01 9.720000e-03 4.719600e-02
42 9.413360e-01 9.764000e-03 4.890000e-02
43 9.396280e-01 9.768000e-03 5.060400e-02
44 9.379080e-01 9.904000e-03 5.218800e-02
45 9.361600e-01 9.928000e-03 5.391200e-02
46 9.344560e-01 9.936000e-03 5.560800e-02
47 9.326200e-01 9.988000e-03 5.739200e-02
48 9.308440e-01 1.000000e-02 5.915600e-02
49 9.290280e-01 1.016800e-02 6.080400e-02
50 9.272200e-01 1.018800e-02 6.259200e-02
51 9.253800e-01 1.020000e-02 6.442000e-02
52 9.233840e-01 1.030000e-02 6.631600e-02
53 9.214680e-01 1.036000e-02 6.817200e-02
54 9.195680e-01 1.048400e-02 6.994800e-02
55 9.177920e-01 1.053200e-02 7.167600e-02
56 9.158840e-01 1.050800e-02 7.360800e-02
57 9.140200e-01 1.059200e-02 7.538800e-02
58 9.122400e-01 1.040400e-02 7.735600e-02
59 9.104880e-01 1.043600e-02 7.907600e-02
60 9.086480e-01 1.057200e-02 8.078000e-02
61 9.066720e-01 1.055600e-02 8.277200e-02
62 9.048720e-01 1.040400e-02 8.472400e-02
63 9.029840e-01 1.036800e-02 8.664800e-02
64 9.010120e-01 1.047600e-02 8.851200e-02
65 8.989240e-01 1.065600e-02 9.042000e-02
66 8.969720e-01 1.076400e-02 9.226400e-02
67 8.952720e-01 1.052000e-02 9.420800e-02
68 8.933800e-01 1.068800e-02 9.593200e-02
69 8.914760e-01 1.059200e-02 9.793200e-02
70 8.896840e-01 1.053200e-02 9.978400e-02
71 8.876760e-01 1.088000e-02 1.014440e-01
72 8.858000e-01 1.085600e-02 1.033440e-01
73 8.838600e-01 1.088800e-02 1.052520e-01
74 8.820480e-01 1.087600e-02 1.070760e-01
75 8.800280e-01 1.106400e-02 1.089080e-01
76 8.781800e-01 1.104400e-02 1.107760e-01
77 8.761920e-01 1.112400e-02 1.126840e-01
78 8.743800e-01 1.094400e-02 1.146760e-01
79 8.724280e-01 1.103600e-02 1.165360e-01
80 8.705040e-01 1.093600e-02 1.185600e-01
81 8.685240e-01 1.099600e-02 1.204800e-01
82 8.667120e-01 1.086000e-02 1.224280e-01
83 8.647720e-01 1.082000e-02 1.244080e-01
84 8.629600e-01 1.074000e-02 1.263000e-01
85 8.612080e-01 1.063200e-02 1.281600e-01
86 8.594440e-01 1.062400e-02 1.299320e-01
87 8.576240e-01 1.048000e-02 1.318960e-01
88 8.559960e-01 1.038800e-02 1.336160e-01
89 8.541560e-01 1.037200e-02 1.354720e-01
90 8.522760e-01 1.041600e-02 1.373080e-01
91 8.504160e-01 1.036000e-02 1.392240e-01
92 8.484880e-01 1.053600e-02 1.409760e-01
93 8.466600e-01 1.042000e-02 1.429200e-01
94 8.448920e-01 1.030800e-02 1.448000e-01
95 8.431760e-01 1.012400e-02 1.467000e-01
96 8.415320e-01 1.000800e-02 1.484600e-01
97 8.399760e-01 9.800000e-03 1.502240e-01
98 8.385440e-01 9.616000e-03 1.518400e-01
99 8.369640e-01 9.524000e-03 1.535120e-01
100 8.352600e-01 9.636000e-03 1.551040e-01
101 8.335000e-01 9.904000e-03 1.565960e-01
102 8.316440e-01 1.010000e-02 1.582560e-01
103 8.298720e-01 1.012000e-02 1.600080e-01
104 8.281200e-01 1.006800e-02 1.618120e-01
105 8.263320e-01 1.013600e-02 1.635320e-01
106 8.245440e-01 1.012400e-02 1.653320e-01
107 8.228840e-01 9.976000e-03 1.671400e-01
108 8.211960e-01 9.952000e-03 1.688520e-01
109 8.196280e-01 9.912000e-03 1.704600e-01
110 8.180560e-01 9.776000e-03 1.721680e-01
111 8.164960e-01 9.576000e-03 1.739280e-01
112 8.150640e-01 9.248000e-03 1.756880e-01
113 8.135560e-01 9.052000e-03 1.773920e-01
114 8.119360e-01 9.060000e-03 1.790040e-01
115 8.104400e-01 9.092000e-03 1.804680e-01
116 8.088880e-01 8.996000e-03 1.821160e-01
117 8.073640e-01 8.904000e-03 1.837320e-01
118 8.059240e-01 8.824000e-03 1.852520e-01
119 8.042440e-01 8.904000e-03 1.868520e-01
120 8.026600e-01 8.944000e-03 1.883960e-01
121 8.009120e-01 9.108000e-03 1.899800e-01
122 7.993200e-01 9.212000e-03 1.914680e-01
123 7.977880e-01 9.044000e-03 1.931680e-01
124 7.962280e-01 9.168000e-03 1.946040e-01
125 7.946280e-01 9.084000e-03 1.962880e-01
126 7.930840e-01 8.848000e-03 1.980680e-01
127 7.915120e-01 8.848000e-03 1.996400e-01
128 7.899600e-01 8.860000e-03 2.011800e-01
129 7.884120e-01 8.832000e-03 2.027560e-01
130 7.869120e-01 8.620000e-03 2.044680e-01
131 7.855360e-01 8.436000e-03 2.060280e-01
132 7.841280e-01 8.464000e-03 2.074080e-01
133 7.827560e-01 8.376000e-03 2.088680e-01
134 7.813920e-01 8.244000e-03 2.103640e-01
135 7.800520e-01 8.176000e-03 2.117720e-01
136 7.787600e-01 8.000000e-03 2.132400e-01
137 7.774920e-01 7.896000e-03 2.146120e-01
138 7.762400e-01 7.828000e-03 2.159320e-01
139 7.748440e-01 7.860000e-03 2.172960e-01
140 7.735600e-01 7.676000e-03 2.187640e-01
141 7.721680e-01 7.816000e-03 2.200160e-01
142 7.708280e-01 7.780000e-03 2.213920e-01
143 7.694720e-01 7.816000e-03 2.227120e-01
144 7.680920e-01 7.856000e-03 2.240520e-01
145 7.669120e-01 7.568000e-03 2.255200e-01
146 7.657480e-01 7.448000e-03 2.268040e-01
147 7.645600e-01 7.296000e-03 2.281440e-01
148 7.633200e-01 7.248000e-03 2.294320e-01
149 7.620800e-01 7.248000e-03 2.306720e-01
150 7.607600e-01 7.304000e-03 2.319360e-01
151 7.596960e-01 7.204000e-03 2.331000e-01
152 7.585400e-01 7.128000e-03 2.343320e-01
153 7.574200e-01 6.960000e-03 2.356200e-01
154 7.562200e-01 6.840000e-03 2.369400e-01
155 7.551680e-01 6.692000e-03 2.381400e-01
156 7.540120e-01 6.596000e-03 2.393920e-01
157 7.529000e-01 6.536000e-03 2.405640e-01
158 7.517320e-01 6.552000e-03 2.417160e-01
159 7.504920e-01 6.688000e-03 2.428200e-01
160 7.492360e-01 6.708000e-03 2.440560e-01
161 7.480560e-01 6.764000e-03 2.451800e-01
162 7.468600e-01 6.808000e-03 2.463320e-01
163 7.456360e-01 6.828000e-03 2.475360e-01
164 7.443640e-01 6.884000e-03 2.487520e-01
165 7.431280e-01 6.992000e-03 2.498800e-01
166 7.418800e-01 7.060000e-03 2.510600e-01
167 7.404880e-01 7.236000e-03 2.522760e-01
168 7.392640e-01 7.172000e-03 2.535640e-01
169 7.378760e-01 7.256000e-03 2.548680e-01
170 7.366040e-01 7.272000e-03 2.561240e-01
171 7.352800e-01 7.296000e-03 2.574240e-01
172 7.340720e-01 7.288000e-03 2.586400e-01
173 7.328960e-01 7.116000e-03 2.599880e-01
174 7.316000e-01 7.236000e-03 2.611640e-01
175 7.304920e-01 7.048000e-03 2.624600e-01
176 7.293960e-01 6.912000e-03 2.636920e-01
177 7.282960e-01 6.868000e-03 2.648360e-01
178 7.272000e-01 6.752000e-03 2.660480e-01
179 7.261400e-01 6.708000e-03 2.671520e-01
180 7.249920e-01 6.760000e-03 2.682480e-01
181 7.238760e-01 6.724000e-03 2.694000e-01
182 7.227360e-01 6.796000e-03 2.704680e-01
183 7.216280e-01 6.748000e-03 2.716240e-01
184 7.205080e-01 6.716000e-03 2.727760e-01
185 7.194440e-01 6.644000e-03 2.739120e-01
186 7.183320e-01 6.724000e-03 2.749440e-01
187 7.171440e-01 6.652000e-03 2.762040e-01
188 7.159240e-01 6.664000e-03 2.774120e-01
189 7.148720e-01 6.544000e-03 2.785840e-01
190 7.137040e-01 6.644000e-03 2.796520e-01
191 7.125440e-01 6.612000e-03 2.808440e-01
192 7.114880e-01 6.584000e-03 2.819280e-01
193 7.104280e-01 6.512000e-03 2.830600e-01
194 7.093760e-01 6.440000e-03 2.841840e-01
195 7.081520e-01 6.564000e-03 2.852840e-01
196 7.071120e-01 6.560000e-03 2.863280e-01
197 7.060280e-01 6.428000e-03 2.875440e-01
198 7.049600e-01 6.408000e-03 2.886320e-01
199 7.038840e-01 6.372000e-03 2.897440e-01
200 7.028360e-01 6.336000e-03 2.908280e-01
201 7.018360e-01 6.168000e-03 2.919960e-01
202 7.008440e-01 6.108000e-03 2.930480e-01
203 7.000160e-01 5.712000e-03 2.942720e-01
204 6.992160e-01 5.508000e-03 2.952760e-01
205 6.983400e-01 5.416000e-03 2.962440e-01
206 6.973960e-01 5.520000e-03 2.970840e-01
207 6.963960e-01 5.504000e-03 2.981000e-01
208 6.954080e-01 5.520000e-03 2.990720e-01
209 6.944600e-01 5.556000e-03 2.999840e-01
210 6.936240e-01 5.496000e-03 3.008800e-01
211 6.926800e-01 5.392000e-03 3.019280e-01
212 6.917320e-01 5.412000e-03 3.028560e-01
213 6.907520e-01 5.424000e-03 3.038240e-01
214 6.898600e-01 5.372000e-03 3.047680e-01
215 6.889040e-01 5.396000e-03 3.057000e-01
216 6.880760e-01 5.288000e-03 3.066360e-01
217 6.872800e-01 5.176000e-03 3.075440e-01
218 6.865440e-01 5.040000e-03 3.084160e-01
219 6.857160e-01 4.996000e-03 3.092880e-01
220 6.847520e-01 5.136000e-03 3.101120e-01
221 6.839120e-01 5.096000e-03 3.109920e-01
222 6.830960e-01 5.040000e-03 3.118640e-01
223 6.822600e-01 5.044000e-03 3.126960e-01
224 6.814120e-01 5.044000e-03 3.135440e-01
225 6.806480e-01 4.996000e-03 3.143560e-01
226 6.799080e-01 4.916000e-03 3.151760e-01
227 6.791240e-01 4.860000e-03 3.160160e-01
228 6.782680e-01 4.880000e-03 3.168520e-01
229 6.774040e-01 4.844000e-03 3.177520e-01
230 6.765800e-01 4.808000e-03 3.186120e-01
231 6.757040e-01 4.824000e-03 3.194720e-01
232 6.750280e-01 4.604000e-03 3.203680e-01
233 6.743800e-01 4.440000e-03 3.211800e-01
234 6.736080e-01 4.380000e-03 3.220120e-01
235 6.728000e-01 4.480000e-03 3.227200e-01
236 6.720480e-01 4.452000e-03 3.235000e-01
237 6.712160e-01 4.492000e-03 3.242920e-01
238 6.704920e-01 4.404000e-03 3.251040e-01
239 6.697160e-01 4.384000e-03 3.259000e-01
240 6.690720e-01 4.244000e-03 3.266840e-01
241 6.684040e-01 4.204000e-03 3.273920e-01
242 6.677680e-01 4.140000e-03 3.280920e-01
243 6.671120e-01 4.064000e-03 3.288240e-01
244 6.664640e-01 4.076000e-03 3.294600e-01
245 6.657920e-01 4.032000e-03 3.301760e-01
246 6.650160e-01 4.104000e-03 3.308800e-01
247 6.644280e-01 3.980000e-03 3.315920e-01
248 6.636760e-01 3.960000e-03 3.323640e-01
249 6.629600e-01 3.964000e-03 3.330760e-01
250 6.623520e-01 3.840000e-03 3.338080e-01
251 6.617160e-01 3.872000e-03 3.344120e-01
252 6.611400e-01 3.732000e-03 3.351280e-01
253 6.605800e-01 3.684000e-03 3.357360e-01
254 6.599920e-01 3.672000e-03 3.363360e-01
255 6.593520e-01 3.704000e-03 3.369440e-01
256 6.586800e-01 3.712000e-03 3.376080e-01
257 6.579280e-01 3.860000e-03 3.382120e-01
258 6.573360e-01 3.792000e-03 3.388720e-01
259 6.567800e-01 3.728000e-03 3.394920e-01
260 6.561080e-01 3.780000e-03 3.401120e-01
261 6.553960e-01 3.924000e-03 3.406800e-01
262 6.546240e-01 4.016000e-03 3.413600e-01
263 6.539520e-01 3.956000e-03 3.420920e-01
264 6.532040e-01 4.064000e-03 3.427320e-01
265 6.525400e-01 4.064000e-03 3.433960e-01
266 6.518240e-01 4.120000e-03 3.440560e-01
267 6.510840e-01 4.084000e-03 3.448320e-01
268 6.503240e-01 4.172000e-03 3.455040e-01
269 6.496200e-01 4.088000e-03 3.462920e-01
270 6.490000e-01 3.952000e-03 3.470480e-01
271 6.483080e-01 3.988000e-03 3.477040e-01
272 6.476600e-01 3.924000e-03 3.484160e-01
273 6.469840e-01 3.884000e-03 3.491320e-01
274 6.463720e-01 3.820000e-03 3.498080e-01
275 6.456800e-01 3.788000e-03 3.505320e-01
276 6.450440e-01 3.756000e-03 3.512000e-01
277 6.444600e-01 3.664000e-03 3.518760e-01
278 6.438320e-01 3.636000e-03 3.525320e-01
279 6.432000e-01 3.616000e-03 3.531840e-01
280 6.426080e-01 3.564000e-03 3.538280e-01
281 6.420040e-01 3.528000e-03 3.544680e-01
282 6.414440e-01 3.440000e-03 3.551160e-01
283 6.409040e-01 3.376000e-03 3.557200e-01
284 6.403400e-01 3.332000e-03 3.563280e-01
285 6.397760e-01 3.356000e-03 3.568680e-01
286 6.392480e-01 3.224000e-03 3.575280e-01
287 6.387440e-01 3.164000e-03 3.580920e-01
288 6.382160e-01 3.196000e-03 3.585880e-01
289 6.377920e-01 3.128000e-03 3.590800e-01
290 6.373160e-01 2.992000e-03 3.596920e-01
291 6.368520e-01 2.904000e-03 3.602440e-01
292 6.363920e-01 2.784000e-03 3.608240e-01
293 6.359560e-01 2.728000e-03 3.613160e-01
294 6.354840e-01 2.712000e-03 3.618040e-01
295 6.350400e-01 2.744000e-03 3.622160e-01
296 6.345160e-01 2.788000e-03 3.626960e-01
297 6.340400e-01 2.788000e-03 3.631720e-01
298 6.335840e-01 2.768000e-03 3.636480e-01
299 6.331280e-01 2.748000e-03 3.641240e-01
300 6.326600e-01 2.728000e-03 3.646120e-01
301 6.321760e-01 2.712000e-03 3.651120e-01
302 6.317400e-01 2.672000e-03 3.655880e-01
303 6.312200e-01 2.704000e-03 3.660760e-01
304 6.307440e-01 2.760000e-03 3.664960e-01
305 6.301600e-01 2.920000e-03 3.669200e-01
306 6.296920e-01 2.960000e-03 3.673480e-01
307 6.292360e-01 2.900000e-03 3.678640e-01
308 6.286920e-01 2.900000e-03 3.684080e-01
309 6.281880e-01 2.972000e-03 3.688400e-01
310 6.277120e-01 2.860000e-03 3.694280e-01
311 6.272400e-01 2.772000e-03 3.699880e-01
312 6.268560e-01 2.676000e-03 3.704680e-01
313 6.264600e-01 2.656000e-03 3.708840e-01
314 6.260160e-01 2.624000e-03 3.713600e-01
315 6.256120e-01 2.608000e-03 3.717800e-01
316 6.252000e-01 2.568000e-03 3.722320e-01
317 6.247920e-01 2.564000e-03 3.726440e-01
318 6.245080e-01 2.460000e-03 3.730320e-01
319 6.241400e-01 2.464000e-03 3.733960e-01
320 6.238120e-01 2.364000e-03 3.738240e-01
321 6.234880e-01 2.292000e-03 3.742200e-01
322 6.231040e-01 2.336000e-03 3.745600e-01
323 6.226520e-01 2.408000e-03 3.749400e-01
324 6.222800e-01 2.388000e-03 3.753320e-01
325 6.218240e-01 2.372000e-03 3.758040e-01
326 6.213520e-01 2.404000e-03 3.762440e-01
327 6.209640e-01 2.336000e-03 3.767000e-01
328 6.206280e-01 2.228000e-03 3.771440e-01
329 6.202280e-01 2.252000e-03 3.775200e-01
330 6.198360e-01 2.248000e-03 3.779160e-01
331 6.193760e-01 2.240000e-03 3.783840e-01
332 6.190720e-01 2.092000e-03 3.788360e-01
333 6.186920e-01 2.124000e-03 3.791840e-01
334 6.182840e-01 2.144000e-03 3.795720e-01
335 6.179400e-01 2.124000e-03 3.799360e-01
336 6.175880e-01 2.108000e-03 3.803040e-01
337 6.171960e-01 2.088000e-03 3.807160e-01
338 6.168440e-01 2.076000e-03 3.810800e-01
339 6.165400e-01 2.064000e-03 3.813960e-01
340 6.162600e-01 1.964000e-03 3.817760e-01
341 6.159600e-01 1.948000e-03 3.820920e-01
342 6.155480e-01 1.980000e-03 3.824720e-01
343 6.152680e-01 1.948000e-03 3.827840e-01
344 6.149760e-01 1.880000e-03 3.831440e-01
345 6.147360e-01 1.808000e-03 3.834560e-01
346 6.144320e-01 1.776000e-03 3.837920e-01
347 6.141640e-01 1.728000e-03 3.841080e-01
348 6.138400e-01 1.684000e-03 3.844760e-01
349 6.135720e-01 1.680000e-03 3.847480e-01
350 6.132320e-01 1.752000e-03 3.850160e-01
351 6.129560e-01 1.692000e-03 3.853520e-01
352 6.125640e-01 1.840000e-03 3.855960e-01
353 6.122320e-01 1.872000e-03 3.858960e-01
354 6.119080e-01 1.912000e-03 3.861800e-01
355 6.115640e-01 1.876000e-03 3.865600e-01
356 6.112440e-01 1.872000e-03 3.868840e-01
357 6.109360e-01 1.856000e-03 3.872080e-01
358 6.106120e-01 1.876000e-03 3.875120e-01
359 6.102840e-01 1.932000e-03 3.877840e-01
360 6.099920e-01 1.860000e-03 3.881480e-01
361 6.097200e-01 1.792000e-03 3.884880e-01
362 6.094040e-01 1.788000e-03 3.888080e-01
363 6.091040e-01 1.796000e-03 3.891000e-01
364 6.087640e-01 1.804000e-03 3.894320e-01
365 6.084600e-01 1.808000e-03 3.897320e-01
366 6.082120e-01 1.788000e-03 3.900000e-01
367 6.078360e-01 1.872000e-03 3.902920e-01
368 6.075080e-01 1.872000e-03 3.906200e-01
369 6.072240e-01 1.768000e-03 3.910080e-01
370 6.069040e-01 1.820000e-03 3.912760e-01
371 6.065960e-01 1.820000e-03 3.915840e-01
372 6.063000e-01 1.792000e-03 3.919080e-01
373 6.060080e-01 1.768000e-03 3.922240e-01
374 6.056760e-01 1.812000e-03 3.925120e-01
375 6.053600e-01 1.840000e-03 3.928000e-01
376 6.050160e-01 1.840000e-03 3.931440e-01
377 6.047000e-01 1.824000e-03 3.934760e-01
378 6.044480e-01 1.724000e-03 3.938280e-01
379 6.042040e-01 1.656000e-03 3.941400e-01
380 6.039560e-01 1.644000e-03 3.944000e-01
381 6.037520e-01 1.608000e-03 3.946400e-01
382 6.035000e-01 1.524000e-03 3.949760e-01
383 6.032680e-01 1.524000e-03 3.952080e-01
384 6.030640e-01 1.444000e-03 3.954920e-01
385 6.028200e-01 1.416000e-03 3.957640e-01
386 6.025960e-01 1.436000e-03 3.959680e-01
387 6.023520e-01 1.420000e-03 3.962280e-01
388 6.020960e-01 1.440000e-03 3.964640e-01
389 6.019440e-01 1.340000e-03 3.967160e-01
390 6.017080e-01 1.340000e-03 3.969520e-01
391 6.015160e-01 1.264000e-03 3.972200e-01
392 6.013160e-01 1.252000e-03 3.974320e-01
393 6.010960e-01 1.224000e-03 3.976800e-01
394 6.008960e-01 1.224000e-03 3.978800e-01
395 6.006800e-01 1.188000e-03 3.981320e-01
396 6.004960e-01 1.152000e-03 3.983520e-01
397 6.003280e-01 1.104000e-03 3.985680e-01
398 6.001880e-01 1.052000e-03 3.987600e-01
399 5.999640e-01 1.072000e-03 3.989640e-01
400 5.997720e-01 1.064000e-03 3.991640e-01
401 5.994920e-01 1.132000e-03 3.993760e-01
402 5.993320e-01 1.012000e-03 3.996560e-01
403 5.991640e-01 1.012000e-03 3.998240e-01
404 5.989960e-01 1.028000e-03 3.999760e-01
405 5.988280e-01 1.052000e-03 4.001200e-01
406 5.986880e-01 1.020000e-03 4.002920e-01
407 5.985600e-01 1.004000e-03 4.004360e-01
408 5.983680e-01 1.060000e-03 4.005720e-01
409 5.981880e-01 1.080000e-03 4.007320e-01
410 5.979960e-01 1.076000e-03 4.009280e-01
411 5.978080e-01 1.044000e-03 4.011480e-01
412 5.976200e-01 1.048000e-03 4.013320e-01
413 5.974360e-01 1.068000e-03 4.014960e-01
414 5.972680e-01 1.024000e-03 4.017080e-01
415 5.971240e-01 9.800000e-04 4.018960e-01
416 5.969440e-01 9.680000e-04 4.020880e-01
417 5.967840e-01 9.920000e-04 4.022240e-01
418 5.966360e-01 9.840000e-04 4.023800e-01
419 5.964760e-01 9.400000e-04 4.025840e-01
420 5.963120e-01 9.440000e-04 4.027440e-01
421 5.961360e-01 9.680000e-04 4.028960e-01
422 5.959720e-01 1.004000e-03 4.030240e-01
423 5.957960e-01 9.960000e-04 4.032080e-01
424 5.956200e-01 9.840000e-04 4.033960e-01
425 5.954200e-01 1.020000e-03 4.035600e-01
426 5.952240e-01 1.036000e-03 4.037400e-01
427 5.950200e-01 1.100000e-03 4.038800e-01
428 5.947920e-01 1.140000e-03 4.040680e-01
429 5.945840e-01 1.208000e-03 4.042080e-01
430 5.943360e-01 1.188000e-03 4.044760e-01
431 5.941080e-01 1.192000e-03 4.047000e-01
432 5.939040e-01 1.196000e-03 4.049000e-01
433 5.936880e-01 1.188000e-03 4.051240e-01
434 5.934960e-01 1.172000e-03 4.053320e-01
435 5.933000e-01 1.156000e-03 4.055440e-01
436 5.931080e-01 1.196000e-03 4.056960e-01
437 5.929280e-01 1.148000e-03 4.059240e-01
438 5.927720e-01 1.104000e-03 4.061240e-01
439 5.925560e-01 1.112000e-03 4.063320e-01
440 5.923640e-01 1.080000e-03 4.065560e-01
441 5.921320e-01 1.104000e-03 4.067640e-01
442 5.919240e-01 1.072000e-03 4.070040e-01
443 5.916520e-01 1.168000e-03 4.071800e-01
444 5.914120e-01 1.204000e-03 4.073840e-01
445 5.911880e-01 1.172000e-03 4.076400e-01
446 5.910240e-01 1.128000e-03 4.078480e-01
447 5.908800e-01 1.056000e-03 4.080640e-01
448 5.907040e-01 1.068000e-03 4.082280e-01
449 5.905440e-01 1.052000e-03 4.084040e-01
450 5.903720e-01 1.012000e-03 4.086160e-01
451 5.901920e-01 1.044000e-03 4.087640e-01
452 5.900120e-01 1.068000e-03 4.089200e-01
453 5.898560e-01 1.024000e-03 4.091200e-01
454 5.897760e-01 8.600000e-04 4.093640e-01
455 5.896600e-01 7.920000e-04 4.095480e-01
456 5.894960e-01 7.840000e-04 4.097200e-01
457 5.893920e-01 7.600000e-04 4.098480e-01
458 5.892800e-01 7.400000e-04 4.099800e-01
459 5.891280e-01 7.800000e-04 4.100920e-01
460 5.890440e-01 7.560000e-04 4.102000e-01
461 5.888680e-01 7.800000e-04 4.103520e-01
462 5.887360e-01 7.600000e-04 4.105040e-01
463 5.886120e-01 7.800000e-04 4.106080e-01
464 5.884800e-01 7.720000e-04 4.107480e-01
465 5.883560e-01 7.520000e-04 4.108920e-01
466 5.882040e-01 7.960000e-04 4.110000e-01
467 5.880720e-01 7.880000e-04 4.111400e-01
468 5.879760e-01 7.400000e-04 4.112840e-01
469 5.878800e-01 7.000000e-04 4.114200e-01
470 5.877480e-01 7.400000e-04 4.115120e-01
471 5.876040e-01 7.400000e-04 4.116560e-01
472 5.874640e-01 7.560000e-04 4.117800e-01
473 5.873080e-01 8.040000e-04 4.118880e-01
474 5.871800e-01 8.200000e-04 4.120000e-01
475 5.871040e-01 7.440000e-04 4.121520e-01
476 5.870120e-01 6.960000e-04 4.122920e-01
477 5.869360e-01 6.360000e-04 4.124280e-01
478 5.868680e-01 5.920000e-04 4.125400e-01
479 5.867880e-01 5.880000e-04 4.126240e-01
480 5.867280e-01 5.520000e-04 4.127200e-01
481 5.866560e-01 5.000000e-04 4.128440e-01
482 5.866080e-01 4.600000e-04 4.129320e-01
483 5.865440e-01 4.280000e-04 4.130280e-01
484 5.864720e-01 3.760000e-04 4.131520e-01
485 5.864280e-01 3.320000e-04 4.132400e-01
486 5.863440e-01 3.360000e-04 4.133200e-01
487 5.863120e-01 3.320000e-04 4.133560e-01
488 5.862880e-01 2.960000e-04 4.134160e-01
489 5.862520e-01 2.680000e-04 4.134800e-01
490 5.862040e-01 2.640000e-04 4.135320e-01
491 5.861760e-01 2.480000e-04 4.135760e-01
492 5.861640e-01 2.160000e-04 4.136200e-01
493 5.861520e-01 1.840000e-04 4.136640e-01
494 5.861320e-01 1.720000e-04 4.136960e-01
495 5.861160e-01 1.600000e-04 4.137240e-01
496 5.861080e-01 1.320000e-04 4.137600e-01
497 5.860760e-01 1.280000e-04 4.137960e-01
498 5.860600e-01 1.280000e-04 4.138120e-01
499 5.860600e-01 8.000000e-05 4.138600e-01
500 5.860480e-01 6.000000e-05 4.138920e-01
