1 9.990760e-01 8.320000e-04 9.200000e-05
2 9.984080e-01 1.324000e-03 2.680000e-04
3 9.975240e-01 2.004000e-03 4.720000e-04
4 9.966880e-01 2.376000e-03 9.360000e-04
5 9.958800e-01 2.704000e-03 1.416000e-03
6 9.949000e-01 3.160000e-03 1.940000e-03
7 9.938840e-01 3.612000e-03 2.504000e-03
8 9.929400e-01 3.884000e-03 3.176000e-03
9 9.918840e-01 4.200000e-03 3.916000e-03
10 9.909160e-01 4.320000e-03 4.764000e-03
11 9.899880e-01 4.544000e-03 5.468000e-03
12 9.890520e-01 4.656000e-03 6.292000e-03
13 9.878760e-01 5.016000e-03 7.108000e-03
14 9.867000e-01 5.348000e-03 7.952000e-03
15 9.856000e-01 5.528000e-03 8.872000e-03
16 9.844240e-01 5.800000e-03 9.776000e-03
17 9.831440e-01 6.104000e-03 1.075200e-02
18 9.819960e-01 6.112000e-03 1.189200e-02
19 9.807720e-01 6.256000e-03 1.297200e-02
20 9.795880e-01 6.312000e-03 1.410000e-02
21 9.781440e-01 6.604000e-03 1.525200e-02
22 9.766440e-01 6.972000e-03 1.638400e-02
23 9.753960e-01 6.928000e-03 1.767600e-02
24 9.740760e-01 7.036000e-03 1.888800e-02
25 9.726640e-01 7.216000e-03 2.012000e-02
26 9.713560e-01 7.220000e-03 2.142400e-02
27 9.699880e-01 7.468000e-03 2.254400e-02
28 9.685800e-01 7.492000e-03 2.392800e-02
29 9.670960e-01 7.788000e-03 2.511600e-02
30 9.657920e-01 7.692000e-03 2.651600e-02
31 9.643400e-01 7.860000e-03 2.780000e-02
32 9.627800e-01 8.000000e-03 2.922000e-02
33 9.612240e-01 8.096000e-03 3.068000e-02
34 9.597640e-01 8.052000e-03 3.218400e-02
35 9.582520e-01 8.212000e-03 3.353600e-02
36 9.566240e-01 8.532000e-03 3.484400e-02
37 9.550840e-01 8.680000e-03 3.623600e-02
38 9.535520e-01 8.640000e-03 3.780800e-02
39 9.519480e-01 8.712000e-03 3.934000e-02
40 9.502760e-01 8.764000e-03 4.096000e-02
41 9.487680e-01 8.844000e-03 4.238800e-02
42 9.469800e-01 9.016000e-03 4.400400e-02
43 9.453400e-01 9.056000e-03 4.560400e-02
44 9.435200e-01 9.204000e-03 4.727600e-02
45 9.420320e-01 9.128000e-03 4.884000e-02
46 9.403960e-01 9.124000e-03 5.048000e-02
47 9.388160e-01 9.108000e-03 5.207600e-02
48 9.371360e-01 9.232000e-03 5.363200e-02
49 9.356960e-01 9.140000e-03 5.516400e-02
50 9.342640e-01 8.936000e-03 5.680000e-02
51 9.328680e-01 8.808000e-03 5.832400e-02
52 9.314680e-01 8.660000e-03 5.987200e-02
53 9.300040e-01 8.596000e-03 6.140000e-02
54 9.282800e-01 8.748000e-03 6.297200e-02
55 9.266440e-01 8.928000e-03 6.442800e-02
56 9.249360e-01 8.984000e-03 6.608000e-02
57 9.233480e-01 9.064000e-03 6.758800e-02
58 9.216720e-01 9.300000e-03 6.902800e-02
59 9.198960e-01 9.428000e-03 7.067600e-02
60 9.182480e-01 9.412000e-03 7.234000e-02
61 9.165800e-01 9.336000e-03 7.408400e-02
62 9.149000e-01 9.396000e-03 7.570400e-02
63 9.131040e-01 9.692000e-03 7.720400e-02
64 9.114480e-01 9.596000e-03 7.895600e-02
65 9.098280e-01 9.468000e-03 8.070400e-02
66 9.081120e-01 9.540000e-03 8.234800e-02
67 9.065360e-01 9.316000e-03 8.414800e-02
68 9.048440e-01 9.500000e-03 8.565600e-02
69 9.031200e-01 9.496000e-03 8.738400e-02
70 9.014520e-01 9.612000e-03 8.893600e-02
71 8.996760e-01 9.648000e-03 9.067600e-02
72 8.979440e-01 9.764000e-03 9.229200e-02
73 8.961200e-01 9.912000e-03 9.396800e-02
74 8.944680e-01 9.756000e-03 9.577600e-02
75 8.928360e-01 9.700000e-03 9.746400e-02
76 8.911840e-01 9.640000e-03 9.917600e-02
77 8.895400e-01 9.496000e-03 1.009640e-01
78 8.879080e-01 9.380000e-03 1.027120e-01
79 8.862880e-01 9.184000e-03 1.045280e-01
80 8.847600e-01 9.116000e-03 1.061240e-01
81 8.833760e-01 8.940000e-03 1.076840e-01
82 8.818200e-01 8.988000e-03 1.091920e-01
83 8.802600e-01 8.952000e-03 1.107880e-01
84 8.789360e-01 8.692000e-03 1.123720e-01
85 8.776440e-01 8.632000e-03 1.137240e-01
86 8.763080e-01 8.536000e-03 1.151560e-01
87 8.749800e-01 8.392000e-03 1.166280e-01
88 8.736960e-01 8.236000e-03 1.180680e-01
89 8.724560e-01 8.120000e-03 1.194240e-01
90 8.712120e-01 8.032000e-03 1.207560e-01
91 8.699840e-01 7.840000e-03 1.221760e-01
92 8.688960e-01 7.716000e-03 1.233880e-01
93 8.676800e-01 7.624000e-03 1.246960e-01
94 8.663680e-01 7.660000e-03 1.259720e-01
95 8.650320e-01 7.680000e-03 1.272880e-01
96 8.637280e-01 7.600000e-03 1.286720e-01
97 8.623680e-01 7.616000e-03 1.300160e-01
98 8.610000e-01 7.628000e-03 1.313720e-01
99 8.595800e-01 7.764000e-03 1.326560e-01
100 8.581800e-01 7.864000e-03 1.339560e-01
101 8.567480e-01 7.916000e-03 1.353360e-01
102 8.552880e-01 8.016000e-03 1.366960e-01
103 8.537880e-01 8.188000e-03 1.380240e-01
104 8.523760e-01 8.280000e-03 1.393440e-01
105 8.510200e-01 8.200000e-03 1.407800e-01
106 8.496440e-01 8.168000e-03 1.421880e-01
107 8.482400e-01 8.176000e-03 1.435840e-01
108 8.467640e-01 8.164000e-03 1.450720e-01
109 8.453080e-01 8.152000e-03 1.465400e-01
110 8.438640e-01 8.200000e-03 1.479360e-01
111 8.422840e-01 8.264000e-03 1.494520e-01
112 8.407560e-01 8.252000e-03 1.509920e-01
113 8.391480e-01 8.388000e-03 1.524640e-01
114 8.376160e-01 8.488000e-03 1.538960e-01
115 8.360600e-01 8.616000e-03 1.553240e-01
116 8.345680e-01 8.624000e-03 1.568080e-01
117 8.330680e-01 8.536000e-03 1.583960e-01
118 8.316200e-01 8.704000e-03 1.596760e-01
119 8.302360e-01 8.512000e-03 1.612520e-01
120 8.289440e-01 8.312000e-03 1.627440e-01
121 8.275200e-01 8.244000e-03 1.642360e-01
122 8.261760e-01 8.236000e-03 1.655880e-01
123 8.248560e-01 8.108000e-03 1.670360e-01
124 8.235200e-01 8.100000e-03 1.683800e-01
125 8.221880e-01 8.040000e-03 1.697720e-01
126 8.207040e-01 8.116000e-03 1.711800e-01
127 8.192160e-01 8.140000e-03 1.726440e-01
128 8.177760e-01 8.136000e-03 1.740880e-01
129 8.164840e-01 7.992000e-03 1.755240e-01
130 8.150040e-01 8.100000e-03 1.768960e-01
131 8.137040e-01 8.152000e-03 1.781440e-01
132 8.121720e-01 8.348000e-03 1.794800e-01
133 8.106200e-01 8.380000e-03 1.810000e-01
134 8.092400e-01 8.272000e-03 1.824880e-01
135 8.078240e-01 8.128000e-03 1.840480e-01
136 8.065440e-01 7.888000e-03 1.855680e-01
137 8.052640e-01 7.796000e-03 1.869400e-01
138 8.038120e-01 7.956000e-03 1.882320e-01
139 8.024880e-01 7.760000e-03 1.897520e-01
140 8.013040e-01 7.664000e-03 1.910320e-01
141 8.000240e-01 7.620000e-03 1.923560e-01
142 7.988440e-01 7.504000e-03 1.936520e-01
143 7.976080e-01 7.412000e-03 1.949800e-01
144 7.964840e-01 7.324000e-03 1.961920e-01
145 7.953920e-01 7.116000e-03 1.974920e-01
146 7.941840e-01 7.172000e-03 1.986440e-01
147 7.929640e-01 7.084000e-03 1.999520e-01
148 7.917360e-01 7.072000e-03 2.011920e-01
149 7.906160e-01 6.912000e-03 2.024720e-01
150 7.893840e-01 6.876000e-03 2.037400e-01
151 7.882200e-01 6.860000e-03 2.049200e-01
152 7.870560e-01 6.928000e-03 2.060160e-01
153 7.858400e-01 7.016000e-03 2.071440e-01
154 7.846800e-01 6.916000e-03 2.084040e-01
155 7.836280e-01 6.648000e-03 2.097240e-01
156 7.825400e-01 6.664000e-03 2.107960e-01
157 7.814240e-01 6.608000e-03 2.119680e-01
158 7.804000e-01 6.380000e-03 2.132200e-01
159 7.792880e-01 6.188000e-03 2.145240e-01
160 7.781800e-01 6.304000e-03 2.155160e-01
161 7.771080e-01 6.156000e-03 2.167360e-01
162 7.760480e-01 6.192000e-03 2.177600e-01
163 7.749920e-01 6.120000e-03 2.188880e-01
164 7.739720e-01 6.012000e-03 2.200160e-01
165 7.728840e-01 5.972000e-03 2.211440e-01
166 7.718920e-01 5.852000e-03 2.222560e-01
167 7.709160e-01 5.752000e-03 2.233320e-01
168 7.699600e-01 5.684000e-03 2.243560e-01
169 7.689280e-01 5.712000e-03 2.253600e-01
170 7.680480e-01 5.672000e-03 2.262800e-01
171 7.671160e-01 5.508000e-03 2.273760e-01
172 7.661760e-01 5.524000e-03 2.283000e-01
173 7.652360e-01 5.572000e-03 2.291920e-01
174 7.643120e-01 5.496000e-03 2.301920e-01
175 7.633400e-01 5.496000e-03 2.311640e-01
176 7.624160e-01 5.392000e-03 2.321920e-01
177 7.615920e-01 5.280000e-03 2.331280e-01
178 7.607280e-01 5.188000e-03 2.340840e-01
179 7.598960e-01 5.080000e-03 2.350240e-01
180 7.591120e-01 4.928000e-03 2.359600e-01
181 7.583400e-01 4.804000e-03 2.368560e-01
182 7.576000e-01 4.700000e-03 2.377000e-01
183 7.568560e-01 4.632000e-03 2.385120e-01
184 7.561600e-01 4.568000e-03 2.392720e-01
185 7.553880e-01 4.564000e-03 2.400480e-01
186 7.546160e-01 4.620000e-03 2.407640e-01
187 7.537920e-01 4.620000e-03 2.415880e-01
188 7.529360e-01 4.672000e-03 2.423920e-01
189 7.520960e-01 4.768000e-03 2.431360e-01
190 7.511400e-01 4.848000e-03 2.440120e-01
191 7.502880e-01 4.808000e-03 2.449040e-01
192 7.495600e-01 4.772000e-03 2.456680e-01
193 7.488040e-01 4.664000e-03 2.465320e-01
194 7.479800e-01 4.696000e-03 2.473240e-01
195 7.471440e-01 4.764000e-03 2.480920e-01
196 7.463720e-01 4.712000e-03 2.489160e-01
197 7.456040e-01 4.672000e-03 2.497240e-01
198 7.447640e-01 4.724000e-03 2.505120e-01
199 7.440280e-01 4.576000e-03 2.513960e-01
200 7.432360e-01 4.548000e-03 2.522160e-01
201 7.425800e-01 4.448000e-03 2.529720e-01
202 7.418480e-01 4.452000e-03 2.537000e-01
203 7.410440e-01 4.484000e-03 2.544720e-01
204 7.403360e-01 4.296000e-03 2.553680e-01
205 7.396040e-01 4.192000e-03 2.562040e-01
206 7.389000e-01 4.108000e-03 2.569920e-01
207 7.382080e-01 4.016000e-03 2.577760e-01
208 7.375520e-01 3.976000e-03 2.584720e-01
209 7.369200e-01 3.928000e-03 2.591520e-01
210 7.361680e-01 3.968000e-03 2.598640e-01
211 7.355760e-01 3.784000e-03 2.606400e-01
212 7.348680e-01 3.900000e-03 2.612320e-01
213 7.342120e-01 3.864000e-03 2.619240e-01
214 7.335760e-01 3.840000e-03 2.625840e-01
215 7.329400e-01 3.860000e-03 2.632000e-01
216 7.323200e-01 3.824000e-03 2.638560e-01
217 7.317600e-01 3.656000e-03 2.645840e-01
218 7.311720e-01 3.620000e-03 2.652080e-01
219 7.305680e-01 3.640000e-03 2.657920e-01
220 7.299840e-01 3.588000e-03 2.664280e-01
221 7.292760e-01 3.640000e-03 2.670840e-01
222 7.286320e-01 3.660000e-03 2.677080e-01
223 7.280480e-01 3.612000e-03 2.683400e-01
224 7.274560e-01 3.552000e-03 2.689920e-01
225 7.269080e-01 3.456000e-03 2.696360e-01
226 7.263920e-01 3.304000e-03 2.703040e-01
227 7.257520e-01 3.428000e-03 2.708200e-01
228 7.251720e-01 3.432000e-03 2.713960e-01
229 7.246280e-01 3.428000e-03 2.719440e-01
230 7.240720e-01 3.448000e-03 2.724800e-01
231 7.233880e-01 3.492000e-03 2.731200e-01
232 7.227560e-01 3.524000e-03 2.737200e-01
233 7.221080e-01 3.516000e-03 2.743760e-01
234 7.214720e-01 3.492000e-03 2.750360e-01
235 7.207440e-01 3.664000e-03 2.755920e-01
236 7.201840e-01 3.664000e-03 2.761520e-01
237 7.196840e-01 3.580000e-03 2.767360e-01
238 7.189720e-01 3.656000e-03 2.773720e-01
239 7.183600e-01 3.672000e-03 2.779680e-01
240 7.177640e-01 3.644000e-03 2.785920e-01
241 7.170960e-01 3.696000e-03 2.792080e-01
242 7.164240e-01 3.716000e-03 2.798600e-01
243 7.157800e-01 3.784000e-03 2.804360e-01
244 7.150840e-01 3.804000e-03 2.811120e-01
245 7.144640e-01 3.800000e-03 2.817360e-01
246 7.138960e-01 3.712000e-03 2.823920e-01
247 7.133680e-01 3.532000e-03 2.831000e-01
248 7.128480e-01 3.388000e-03 2.837640e-01
249 7.123760e-01 3.316000e-03 2.843080e-01
250 7.119280e-01 3.188000e-03 2.848840e-01
251 7.115000e-01 3.080000e-03 2.854200e-01
252 7.110120e-01 3.088000e-03 2.859000e-01
253 7.105760e-01 3.040000e-03 2.863840e-01
254 7.101520e-01 2.916000e-03 2.869320e-01
255 7.097440e-01 2.840000e-03 2.874160e-01
256 7.093160e-01 2.780000e-03 2.879040e-01
257 7.089240e-01 2.708000e-03 2.883680e-01
258 7.084480e-01 2.712000e-03 2.888400e-01
259 7.080360e-01 2.648000e-03 2.893160e-01
260 7.076000e-01 2.660000e-03 2.897400e-01
261 7.071920e-01 2.652000e-03 2.901560e-01
262 7.067680e-01 2.644000e-03 2.905880e-01
263 7.063800e-01 2.608000e-03 2.910120e-01
264 7.060320e-01 2.508000e-03 2.914600e-01
265 7.057000e-01 2.396000e-03 2.919040e-01
266 7.053000e-01 2.408000e-03 2.922920e-01
267 7.049000e-01 2.416000e-03 2.926840e-01
268 7.044480e-01 2.384000e-03 2.931680e-01
269 7.039240e-01 2.464000e-03 2.936120e-01
270 7.034720e-01 2.504000e-03 2.940240e-01
271 7.029760e-01 2.556000e-03 2.944680e-01
272 7.025360e-01 2.544000e-03 2.949200e-01
273 7.020640e-01 2.540000e-03 2.953960e-01
274 7.015840e-01 2.536000e-03 2.958800e-01
275 7.010840e-01 2.620000e-03 2.962960e-01
276 7.006680e-01 2.616000e-03 2.967160e-01
277 7.002640e-01 2.592000e-03 2.971440e-01
278 6.998120e-01 2.680000e-03 2.975080e-01
279 6.992840e-01 2.688000e-03 2.980280e-01
280 6.989040e-01 2.644000e-03 2.984520e-01
281 6.984280e-01 2.672000e-03 2.989000e-01
282 6.980000e-01 2.620000e-03 2.993800e-01
283 6.975720e-01 2.636000e-03 2.997920e-01
284 6.971400e-01 2.640000e-03 3.002200e-01
285 6.966600e-01 2.640000e-03 3.007000e-01
286 6.962640e-01 2.592000e-03 3.011440e-01
287 6.958560e-01 2.540000e-03 3.016040e-01
288 6.953480e-01 2.696000e-03 3.019560e-01
289 6.949400e-01 2.604000e-03 3.024560e-01
290 6.945240e-01 2.584000e-03 3.028920e-01
291 6.940480e-01 2.612000e-03 3.033400e-01
292 6.936080e-01 2.544000e-03 3.038480e-01
293 6.931120e-01 2.616000e-03 3.042720e-01
294 6.926800e-01 2.604000e-03 3.047160e-01
295 6.922080e-01 2.584000e-03 3.052080e-01
296 6.917720e-01 2.544000e-03 3.056840e-01
297 6.912840e-01 2.588000e-03 3.061280e-01
298 6.908360e-01 2.556000e-03 3.066080e-01
299 6.904240e-01 2.548000e-03 3.070280e-01
300 6.899680e-01 2.532000e-03 3.075000e-01
301 6.894760e-01 2.544000e-03 3.079800e-01
302 6.891000e-01 2.412000e-03 3.084880e-01
303 6.886920e-01 2.388000e-03 3.089200e-01
304 6.883080e-01 2.324000e-03 3.093680e-01
305 6.878720e-01 2.384000e-03 3.097440e-01
306 6.874880e-01 2.360000e-03 3.101520e-01
307 6.871280e-01 2.284000e-03 3.105880e-01
308 6.867560e-01 2.236000e-03 3.110080e-01
309 6.864400e-01 2.180000e-03 3.113800e-01
310 6.860240e-01 2.188000e-03 3.117880e-01
311 6.856200e-01 2.224000e-03 3.121560e-01
312 6.852280e-01 2.240000e-03 3.125320e-01
313 6.847720e-01 2.328000e-03 3.129000e-01
314 6.843800e-01 2.276000e-03 3.133440e-01
315 6.839680e-01 2.372000e-03 3.136600e-01
316 6.835920e-01 2.360000e-03 3.140480e-01
317 6.831280e-01 2.340000e-03 3.145320e-01
318 6.827480e-01 2.320000e-03 3.149320e-01
319 6.824280e-01 2.232000e-03 3.153400e-01
320 6.820760e-01 2.256000e-03 3.156680e-01
321 6.817520e-01 2.088000e-03 3.161600e-01
322 6.813880e-01 2.060000e-03 3.165520e-01
323 6.810000e-01 2.100000e-03 3.169000e-01
324 6.806080e-01 2.124000e-03 3.172680e-01
325 6.802080e-01 2.140000e-03 3.176520e-01
326 6.797720e-01 2.188000e-03 3.180400e-01
327 6.793880e-01 2.112000e-03 3.185000e-01
328 6.790120e-01 2.140000e-03 3.188480e-01
329 6.786440e-01 2.200000e-03 3.191560e-01
330 6.783120e-01 2.140000e-03 3.195480e-01
331 6.779320e-01 2.144000e-03 3.199240e-01
332 6.775360e-01 2.108000e-03 3.203560e-01
333 6.772760e-01 2.048000e-03 3.206760e-01
334 6.769680e-01 1.976000e-03 3.210560e-01
335 6.765760e-01 2.012000e-03 3.214120e-01
336 6.762880e-01 1.980000e-03 3.217320e-01
337 6.759720e-01 1.880000e-03 3.221480e-01
338 6.756960e-01 1.828000e-03 3.224760e-01
339 6.754040e-01 1.744000e-03 3.228520e-01
340 6.751440e-01 1.788000e-03 3.230680e-01
341 6.749080e-01 1.692000e-03 3.234000e-01
342 6.746560e-01 1.676000e-03 3.236680e-01
343 6.743880e-01 1.672000e-03 3.239400e-01
344 6.741360e-01 1.612000e-03 3.242520e-01
345 6.738760e-01 1.548000e-03 3.245760e-01
346 6.736080e-01 1.580000e-03 3.248120e-01
347 6.733640e-01 1.608000e-03 3.250280e-01
348 6.730800e-01 1.576000e-03 3.253440e-01
349 6.727840e-01 1.560000e-03 3.256560e-01
350 6.725360e-01 1.536000e-03 3.259280e-01
351 6.723400e-01 1.488000e-03 3.261720e-01
352 6.721320e-01 1.440000e-03 3.264280e-01
353 6.718960e-01 1.420000e-03 3.266840e-01
354 6.716680e-01 1.416000e-03 3.269160e-01
355 6.714880e-01 1.340000e-03 3.271720e-01
356 6.712560e-01 1.336000e-03 3.274080e-01
357 6.709920e-01 1.364000e-03 3.276440e-01
358 6.707400e-01 1.348000e-03 3.279120e-01
359 6.705280e-01 1.292000e-03 3.281800e-01
360 6.702840e-01 1.348000e-03 3.283680e-01
361 6.700520e-01 1.388000e-03 3.285600e-01
362 6.698400e-01 1.344000e-03 3.288160e-01
363 6.695600e-01 1.392000e-03 3.290480e-01
364 6.693440e-01 1.356000e-03 3.293000e-01
365 6.691720e-01 1.296000e-03 3.295320e-01
366 6.689680e-01 1.300000e-03 3.297320e-01
367 6.686800e-01 1.360000e-03 3.299600e-01
368 6.684240e-01 1.332000e-03 3.302440e-01
369 6.682120e-01 1.304000e-03 3.304840e-01
370 6.680000e-01 1.292000e-03 3.307080e-01
371 6.678040e-01 1.272000e-03 3.309240e-01
372 6.675880e-01 1.268000e-03 3.311440e-01
373 6.673280e-01 1.368000e-03 3.313040e-01
374 6.671280e-01 1.340000e-03 3.315320e-01
375 6.669200e-01 1.280000e-03 3.318000e-01
376 6.667120e-01 1.260000e-03 3.320280e-01
377 6.664840e-01 1.276000e-03 3.322400e-01
378 6.662840e-01 1.292000e-03 3.324240e-01
379 6.660280e-01 1.336000e-03 3.326360e-01
380 6.657480e-01 1.300000e-03 3.329520e-01
381 6.655160e-01 1.352000e-03 3.331320e-01
382 6.653000e-01 1.348000e-03 3.333520e-01
383 6.650760e-01 1.316000e-03 3.336080e-01
384 6.648720e-01 1.296000e-03 3.338320e-01
385 6.646600e-01 1.228000e-03 3.341120e-01
386 6.644320e-01 1.212000e-03 3.343560e-01
387 6.642600e-01 1.140000e-03 3.346000e-01
388 6.640520e-01 1.140000e-03 3.348080e-01
389 6.638240e-01 1.192000e-03 3.349840e-01
390 6.636640e-01 1.160000e-03 3.351760e-01
391 6.635600e-01 1.052000e-03 3.353880e-01
392 6.633960e-01 1.028000e-03 3.355760e-01
393 6.632760e-01 9.720000e-04 3.357520e-01
394 6.631400e-01 9.640000e-04 3.358960e-01
395 6.628960e-01 1.044000e-03 3.360600e-01
396 6.627480e-01 1.008000e-03 3.362440e-01
397 6.625920e-01 9.720000e-04 3.364360e-01
398 6.624040e-01 9.920000e-04 3.366040e-01
399 6.622360e-01 1.048000e-03 3.367160e-01
400 6.620560e-01 1.036000e-03 3.369080e-01
401 6.619000e-01 1.016000e-03 3.370840e-01
402 6.617400e-01 9.680000e-04 3.372920e-01
403 6.616040e-01 9.520000e-04 3.374440e-01
404 6.614640e-01 8.960000e-04 3.376400e-01
405 6.612840e-01 9.120000e-04 3.378040e-01
406 6.611480e-01 9.120000e-04 3.379400e-01
407 6.610360e-01 8.440000e-04 3.381200e-01
408 6.609080e-01 7.840000e-04 3.383080e-01
409 6.607560e-01 8.160000e-04 3.384280e-01
410 6.606320e-01 7.720000e-04 3.385960e-01
411 6.605480e-01 7.360000e-04 3.387160e-01
412 6.604120e-01 7.400000e-04 3.388480e-01
413 6.602760e-01 7.600000e-04 3.389640e-01
414 6.601640e-01 7.080000e-04 3.391280e-01
415 6.600640e-01 6.880000e-04 3.392480e-01
416 6.599320e-01 7.040000e-04 3.393640e-01
417 6.597920e-01 7.520000e-04 3.394560e-01
418 6.597200e-01 6.760000e-04 3.396040e-01
419 6.596240e-01 6.760000e-04 3.397000e-01
420 6.594720e-01 7.440000e-04 3.397840e-01
421 6.593600e-01 7.000000e-04 3.399400e-01
422 6.592520e-01 7.160000e-04 3.400320e-01
423 6.591480e-01 6.800000e-04 3.401720e-01
424 6.590320e-01 6.960000e-04 3.402720e-01
425 6.589160e-01 7.240000e-04 3.403600e-01
426 6.587720e-01 7.040000e-04 3.405240e-01
427 6.586400e-01 7.040000e-04 3.406560e-01
428 6.585200e-01 6.600000e-04 3.408200e-01
429 6.584440e-01 6.080000e-04 3.409480e-01
430 6.583520e-01 5.800000e-04 3.410680e-01
431 6.582720e-01 5.600000e-04 3.411680e-01
432 6.581760e-01 5.440000e-04 3.412800e-01
433 6.580840e-01 5.200000e-04 3.413960e-01
434 6.579960e-01 5.560000e-04 3.414480e-01
435 6.578800e-01 5.640000e-04 3.415560e-01
436 6.577920e-01 5.320000e-04 3.416760e-01
437 6.577120e-01 5.160000e-04 3.417720e-01
438 6.576120e-01 4.960000e-04 3.418920e-01
439 6.575600e-01 4.480000e-04 3.419920e-01
440 6.574960e-01 4.480000e-04 3.420560e-01
441 6.574080e-01 4.560000e-04 3.421360e-01
442 6.573280e-01 4.800000e-04 3.421920e-01
443 6.572640e-01 4.600000e-04 3.422760e-01
444 6.571960e-01 4.520000e-04 3.423520e-01
445 6.571200e-01 4.440000e-04 3.424360e-01
446 6.570360e-01 4.520000e-04 3.425120e-01
447 6.569400e-01 4.800000e-04 3.425800e-01
448 6.568520e-01 4.760000e-04 3.426720e-01
449 6.567680e-01 4.760000e-04 3.427560e-01
450 6.567200e-01 4.680000e-04 3.428120e-01
451 6.566240e-01 4.640000e-04 3.429120e-01
452 6.565680e-01 4.360000e-04 3.429960e-01
453 6.565120e-01 4.080000e-04 3.430800e-01
454 6.564480e-01 4.000000e-04 3.431520e-01
455 6.563760e-01 3.840000e-04 3.432400e-01
456 6.563120e-01 3.760000e-04 3.433120e-01
457 6.562640e-01 3.600000e-04 3.433760e-01
458 6.562160e-01 3.440000e-04 3.434400e-01
459 6.561320e-01 3.720000e-04 3.434960e-01
460 6.560920e-01 3.320000e-04 3.435760e-01
461 6.559920e-01 3.840000e-04 3.436240e-01
462 6.559200e-01 3.760000e-04 3.437040e-01
463 6.558480e-01 3.960000e-04 3.437560e-01
464 6.557800e-01 4.000000e-04 3.438200e-01
465 6.557400e-01 3.720000e-04 3.438880e-01
466 6.556560e-01 3.920000e-04 3.439520e-01
467 6.555920e-01 3.840000e-04 3.440240e-01
468 6.555000e-01 4.040000e-04 3.440960e-01
469 6.554400e-01 3.800000e-04 3.441800e-01
470 6.553680e-01 3.720000e-04 3.442600e-01
471 6.552800e-01 3.880000e-04 3.443320e-01
472 6.552360e-01 3.560000e-04 3.444080e-01
473 6.551720e-01 3.640000e-04 3.444640e-01
474 6.551280e-01 3.280000e-04 3.445440e-01
475 6.550960e-01 3.120000e-04 3.445920e-01
476 6.550400e-01 2.720000e-04 3.446880e-01
477 6.550080e-01 2.400000e-04 3.447520e-01
478 6.549640e-01 2.440000e-04 3.447920e-01
479 6.549320e-01 2.520000e-04 3.448160e-01
480 6.549040e-01 2.240000e-04 3.448720e-01
481 6.548560e-01 2.400000e-04 3.449040e-01
482 6.548280e-01 2.280000e-04 3.449440e-01
483 6.548160e-01 2.120000e-04 3.449720e-01
484 6.547800e-01 2.160000e-04 3.450040e-01
485 6.547360e-01 2.240000e-04 3.450400e-01
486 6.546800e-01 2.520000e-04 3.450680e-01
487 6.546440e-01 2.480000e-04 3.451080e-01
488 6.545840e-01 2.720000e-04 3.451440e-01
489 6.545440e-01 2.720000e-04 3.451840e-01
490 6.544920e-01 2.720000e-04 3.452360e-01
491 6.544560e-01 2.680000e-04 3.452760e-01
492 6.544000e-01 3.000000e-04 3.453000e-01
493 6.543480e-01 2.840000e-04 3.453680e-01
494 6.543120e-01 2.760000e-04 3.454120e-01
495 6.542400e-01 2.920000e-04 3.454680e-01
496 6.541920e-01 3.040000e-04 3.455040e-01
497 6.541520e-01 2.920000e-04 3.455560e-01
498 6.541160e-01 2.840000e-04 3.456000e-01
499 6.540680e-01 2.880000e-04 3.456440e-01
500 6.540240e-01 3.000000e-04 3.456760e-01
