1 9.991480e-01 7.920000e-04 6.000000e-05
2 9.985280e-01 1.260000e-03 2.120000e-04
3 9.978480e-01 1.744000e-03 4.080000e-04
4 9.970680e-01 2.080000e-03 8.520000e-04
5 9.960840e-01 2.620000e-03 1.296000e-03
6 9.952760e-01 2.880000e-03 1.844000e-03
7 9.942640e-01 3.332000e-03 2.404000e-03
8 9.932440e-01 3.800000e-03 2.956000e-03
9 9.921960e-01 4.108000e-03 3.696000e-03
10 9.911640e-01 4.332000e-03 4.504000e-03
11 9.900920e-01 4.632000e-03 5.276000e-03
12 9.890560e-01 4.836000e-03 6.108000e-03
13 9.881600e-01 4.832000e-03 7.008000e-03
14 9.870640e-01 5.144000e-03 7.792000e-03
15 9.859240e-01 5.312000e-03 8.764000e-03
16 9.847000e-01 5.560000e-03 9.740000e-03
17 9.835200e-01 5.796000e-03 1.068400e-02
18 9.822720e-01 6.068000e-03 1.166000e-02
19 9.809920e-01 6.264000e-03 1.274400e-02
20 9.797800e-01 6.400000e-03 1.382000e-02
21 9.786040e-01 6.332000e-03 1.506400e-02
22 9.774400e-01 6.468000e-03 1.609200e-02
23 9.762320e-01 6.528000e-03 1.724000e-02
24 9.747960e-01 6.900000e-03 1.830400e-02
25 9.734520e-01 6.988000e-03 1.956000e-02
26 9.721240e-01 7.024000e-03 2.085200e-02
27 9.708920e-01 7.052000e-03 2.205600e-02
28 9.695760e-01 7.140000e-03 2.328400e-02
29 9.682680e-01 7.136000e-03 2.459600e-02
30 9.669600e-01 7.308000e-03 2.573200e-02
31 9.654240e-01 7.640000e-03 2.693600e-02
32 9.640160e-01 7.572000e-03 2.841200e-02
33 9.626400e-01 7.736000e-03 2.962400e-02
34 9.613040e-01 7.712000e-03 3.098400e-02
35 9.597320e-01 7.992000e-03 3.227600e-02
36 9.583840e-01 7.960000e-03 3.365600e-02
37 9.568400e-01 8.180000e-03 3.498000e-02
38 9.550920e-01 8.536000e-03 3.637200e-02
39 9.535400e-01 8.588000e-03 3.787200e-02
40 9.520760e-01 8.580000e-03 3.934400e-02
41 9.504760e-01 8.608000e-03 4.091600e-02
42 9.490240e-01 8.656000e-03 4.232000e-02
43 9.475040e-01 8.624000e-03 4.387200e-02
44 9.458800e-01 8.680000e-03 4.544000e-02
45 9.442880e-01 8.776000e-03 4.693600e-02
46 9.427840e-01 8.660000e-03 4.855600e-02
47 9.411800e-01 8.776000e-03 5.004400e-02
48 9.395160e-01 8.924000e-03 5.156000e-02
49 9.376960e-01 9.200000e-03 5.310400e-02
50 9.357840e-01 9.488000e-03 5.472800e-02
51 9.340800e-01 9.752000e-03 5.616800e-02
52 9.322840e-01 9.744000e-03 5.797200e-02
53 9.305040e-01 9.964000e-03 5.953200e-02
54 9.287280e-01 1.012000e-02 6.115200e-02
55 9.268880e-01 1.017200e-02 6.294000e-02
56 9.252440e-01 1.005200e-02 6.470400e-02
57 9.234360e-01 1.011600e-02 6.644800e-02
58 9.216240e-01 1.004000e-02 6.833600e-02
59 9.198960e-01 9.952000e-03 7.015200e-02
60 9.180760e-01 9.972000e-03 7.195200e-02
61 9.164880e-01 9.864000e-03 7.364800e-02
62 9.148240e-01 9.912000e-03 7.526400e-02
63 9.130680e-01 9.868000e-03 7.706400e-02
64 9.114120e-01 9.876000e-03 7.871200e-02
65 9.097520e-01 9.772000e-03 8.047600e-02
66 9.082520e-01 9.640000e-03 8.210800e-02
67 9.065040e-01 9.716000e-03 8.378000e-02
68 9.047960e-01 9.660000e-03 8.554400e-02
69 9.031080e-01 9.680000e-03 8.721200e-02
70 9.013800e-01 9.832000e-03 8.878800e-02
71 8.996600e-01 9.848000e-03 9.049200e-02
72 8.979200e-01 9.960000e-03 9.212000e-02
73 8.961240e-01 9.960000e-03 9.391600e-02
74 8.943040e-01 1.002400e-02 9.567200e-02
75 8.926600e-01 9.920000e-03 9.742000e-02
76 8.910040e-01 9.732000e-03 9.926400e-02
77 8.893400e-01 9.780000e-03 1.008800e-01
78 8.877560e-01 9.428000e-03 1.028160e-01
79 8.860760e-01 9.452000e-03 1.044720e-01
80 8.843240e-01 9.560000e-03 1.061160e-01
81 8.826240e-01 9.608000e-03 1.077680e-01
82 8.809560e-01 9.648000e-03 1.093960e-01
83 8.793080e-01 9.484000e-03 1.112080e-01
84 8.777400e-01 9.368000e-03 1.128920e-01
85 8.761280e-01 9.256000e-03 1.146160e-01
86 8.744960e-01 9.048000e-03 1.164560e-01
87 8.729160e-01 9.056000e-03 1.180280e-01
88 8.712320e-01 9.124000e-03 1.196440e-01
89 8.695960e-01 9.112000e-03 1.212920e-01
90 8.678560e-01 9.192000e-03 1.229520e-01
91 8.661840e-01 9.432000e-03 1.243840e-01
92 8.645320e-01 9.440000e-03 1.260280e-01
93 8.628520e-01 9.492000e-03 1.276560e-01
94 8.610200e-01 9.628000e-03 1.293520e-01
95 8.592080e-01 9.860000e-03 1.309320e-01
96 8.576800e-01 9.576000e-03 1.327440e-01
97 8.561360e-01 9.392000e-03 1.344720e-01
98 8.544840e-01 9.480000e-03 1.360360e-01
99 8.530600e-01 9.276000e-03 1.376640e-01
100 8.515280e-01 9.096000e-03 1.393760e-01
101 8.500160e-01 8.964000e-03 1.410200e-01
102 8.485480e-01 8.952000e-03 1.425000e-01
103 8.470440e-01 8.940000e-03 1.440160e-01
104 8.454800e-01 9.008000e-03 1.455120e-01
105 8.440800e-01 8.828000e-03 1.470920e-01
106 8.426600e-01 8.812000e-03 1.485280e-01
107 8.413040e-01 8.600000e-03 1.500960e-01
108 8.398320e-01 8.532000e-03 1.516360e-01
109 8.384360e-01 8.384000e-03 1.531800e-01
110 8.370360e-01 8.364000e-03 1.546000e-01
111 8.355880e-01 8.308000e-03 1.561040e-01
112 8.342920e-01 8.160000e-03 1.575480e-01
113 8.329720e-01 8.040000e-03 1.589880e-01
114 8.314080e-01 8.124000e-03 1.604680e-01
115 8.298760e-01 8.308000e-03 1.618160e-01
116 8.283320e-01 8.460000e-03 1.632080e-01
117 8.266000e-01 8.704000e-03 1.646960e-01
118 8.250440e-01 8.808000e-03 1.661480e-01
119 8.233360e-01 9.012000e-03 1.676520e-01
120 8.216200e-01 8.988000e-03 1.693920e-01
121 8.201800e-01 8.932000e-03 1.708880e-01
122 8.186560e-01 8.932000e-03 1.724120e-01
123 8.170440e-01 8.952000e-03 1.740040e-01
124 8.156440e-01 8.732000e-03 1.756240e-01
125 8.141080e-01 8.676000e-03 1.772160e-01
126 8.128480e-01 8.396000e-03 1.787560e-01
127 8.114800e-01 8.324000e-03 1.801960e-01
128 8.101080e-01 8.324000e-03 1.815680e-01
129 8.087080e-01 8.292000e-03 1.830000e-01
130 8.073880e-01 8.188000e-03 1.844240e-01
131 8.058240e-01 8.388000e-03 1.857880e-01
132 8.046440e-01 8.092000e-03 1.872640e-01
133 8.032920e-01 7.956000e-03 1.887520e-01
134 8.020640e-01 7.804000e-03 1.901320e-01
135 8.008480e-01 7.724000e-03 1.914280e-01
136 7.995640e-01 7.612000e-03 1.928240e-01
137 7.983400e-01 7.492000e-03 1.941680e-01
138 7.970320e-01 7.572000e-03 1.953960e-01
139 7.957800e-01 7.512000e-03 1.967080e-01
140 7.944920e-01 7.492000e-03 1.980160e-01
141 7.933160e-01 7.384000e-03 1.993000e-01
142 7.920760e-01 7.296000e-03 2.006280e-01
143 7.908320e-01 7.244000e-03 2.019240e-01
144 7.896840e-01 7.180000e-03 2.031360e-01
145 7.885400e-01 7.016000e-03 2.044440e-01
146 7.873960e-01 6.852000e-03 2.057520e-01
147 7.860520e-01 6.920000e-03 2.070280e-01
148 7.847840e-01 6.968000e-03 2.082480e-01
149 7.834920e-01 7.064000e-03 2.094440e-01
150 7.822800e-01 6.952000e-03 2.107680e-01
151 7.808800e-01 7.104000e-03 2.120160e-01
152 7.797720e-01 7.120000e-03 2.131080e-01
153 7.786000e-01 6.964000e-03 2.144360e-01
154 7.773880e-01 6.912000e-03 2.157000e-01
155 7.761120e-01 6.984000e-03 2.169040e-01
156 7.749240e-01 6.988000e-03 2.180880e-01
157 7.737840e-01 6.900000e-03 2.193160e-01
158 7.727200e-01 6.744000e-03 2.205360e-01
159 7.715160e-01 6.684000e-03 2.218000e-01
160 7.704440e-01 6.556000e-03 2.230000e-01
161 7.693720e-01 6.612000e-03 2.240160e-01
162 7.683400e-01 6.484000e-03 2.251760e-01
163 7.672880e-01 6.448000e-03 2.262640e-01
164 7.662120e-01 6.440000e-03 2.273480e-01
165 7.650800e-01 6.504000e-03 2.284160e-01
166 7.640200e-01 6.504000e-03 2.294760e-01
167 7.628120e-01 6.588000e-03 2.306000e-01
168 7.617560e-01 6.468000e-03 2.317760e-01
169 7.605520e-01 6.576000e-03 2.328720e-01
170 7.595400e-01 6.484000e-03 2.339760e-01
171 7.586040e-01 6.364000e-03 2.350320e-01
172 7.575640e-01 6.200000e-03 2.362360e-01
173 7.564840e-01 6.200000e-03 2.373160e-01
174 7.555400e-01 6.104000e-03 2.383560e-01
175 7.546760e-01 5.880000e-03 2.394440e-01
176 7.537240e-01 5.788000e-03 2.404880e-01
177 7.529800e-01 5.588000e-03 2.414320e-01
178 7.521200e-01 5.544000e-03 2.423360e-01
179 7.514480e-01 5.188000e-03 2.433640e-01
180 7.507040e-01 5.084000e-03 2.442120e-01
181 7.499160e-01 5.076000e-03 2.450080e-01
182 7.490120e-01 5.040000e-03 2.459480e-01
183 7.481240e-01 5.032000e-03 2.468440e-01
184 7.472640e-01 5.040000e-03 2.476960e-01
185 7.464920e-01 4.932000e-03 2.485760e-01
186 7.455920e-01 5.000000e-03 2.494080e-01
187 7.448640e-01 4.864000e-03 2.502720e-01
188 7.440720e-01 4.828000e-03 2.511000e-01
189 7.432200e-01 4.840000e-03 2.519400e-01
190 7.423200e-01 4.940000e-03 2.527400e-01
191 7.413320e-01 4.992000e-03 2.536760e-01
192 7.404040e-01 5.012000e-03 2.545840e-01
193 7.393880e-01 5.152000e-03 2.554600e-01
194 7.384720e-01 5.176000e-03 2.563520e-01
195 7.374880e-01 5.152000e-03 2.573600e-01
196 7.366280e-01 5.180000e-03 2.581920e-01
197 7.358040e-01 5.124000e-03 2.590720e-01
198 7.349720e-01 4.952000e-03 2.600760e-01
199 7.341880e-01 4.832000e-03 2.609800e-01
200 7.333520e-01 4.824000e-03 2.618240e-01
201 7.324880e-01 4.872000e-03 2.626400e-01
202 7.315720e-01 4.916000e-03 2.635120e-01
203 7.306840e-01 4.880000e-03 2.644360e-01
204 7.298680e-01 4.820000e-03 2.653120e-01
205 7.290840e-01 4.724000e-03 2.661920e-01
206 7.282240e-01 4.720000e-03 2.670560e-01
207 7.272840e-01 4.788000e-03 2.679280e-01
208 7.264800e-01 4.832000e-03 2.686880e-01
209 7.256640e-01 4.888000e-03 2.694480e-01
210 7.247800e-01 5.020000e-03 2.702000e-01
211 7.238640e-01 5.048000e-03 2.710880e-01
212 7.230080e-01 4.984000e-03 2.720080e-01
213 7.220680e-01 4.976000e-03 2.729560e-01
214 7.212280e-01 5.096000e-03 2.736760e-01
215 7.203040e-01 5.124000e-03 2.745720e-01
216 7.196200e-01 4.920000e-03 2.754600e-01
217 7.189320e-01 4.668000e-03 2.764000e-01
218 7.182080e-01 4.524000e-03 2.772680e-01
219 7.176680e-01 4.168000e-03 2.781640e-01
220 7.170360e-01 4.072000e-03 2.788920e-01
221 7.163320e-01 4.064000e-03 2.796040e-01
222 7.156560e-01 4.100000e-03 2.802440e-01
223 7.149760e-01 4.072000e-03 2.809520e-01
224 7.143360e-01 3.964000e-03 2.817000e-01
225 7.135920e-01 4.056000e-03 2.823520e-01
226 7.129080e-01 4.056000e-03 2.830360e-01
227 7.122960e-01 3.952000e-03 2.837520e-01
228 7.117040e-01 3.908000e-03 2.843880e-01
229 7.110720e-01 3.836000e-03 2.850920e-01
230 7.104640e-01 3.768000e-03 2.857680e-01
231 7.099440e-01 3.740000e-03 2.863160e-01
232 7.093960e-01 3.708000e-03 2.868960e-01
233 7.087840e-01 3.708000e-03 2.875080e-01
234 7.082120e-01 3.704000e-03 2.880840e-01
235 7.077040e-01 3.632000e-03 2.886640e-01
236 7.072040e-01 3.452000e-03 2.893440e-01
237 7.065880e-01 3.464000e-03 2.899480e-01
238 7.060560e-01 3.404000e-03 2.905400e-01
239 7.054560e-01 3.436000e-03 2.911080e-01
240 7.047920e-01 3.532000e-03 2.916760e-01
241 7.041080e-01 3.608000e-03 2.922840e-01
242 7.034160e-01 3.620000e-03 2.929640e-01
243 7.027760e-01 3.708000e-03 2.935160e-01
244 7.020600e-01 3.816000e-03 2.941240e-01
245 7.014640e-01 3.788000e-03 2.947480e-01
246 7.008600e-01 3.712000e-03 2.954280e-01
247 7.002960e-01 3.576000e-03 2.961280e-01
248 6.997120e-01 3.600000e-03 2.966880e-01
249 6.991120e-01 3.600000e-03 2.972880e-01
250 6.984440e-01 3.656000e-03 2.979000e-01
251 6.977080e-01 3.724000e-03 2.985680e-01
252 6.970360e-01 3.776000e-03 2.991880e-01
253 6.963800e-01 3.748000e-03 2.998720e-01
254 6.956160e-01 3.892000e-03 3.004920e-01
255 6.948480e-01 4.012000e-03 3.011400e-01
256 6.940640e-01 4.156000e-03 3.017800e-01
257 6.932720e-01 4.180000e-03 3.025480e-01
258 6.925800e-01 4.160000e-03 3.032600e-01
259 6.919600e-01 4.116000e-03 3.039240e-01
260 6.912720e-01 4.056000e-03 3.046720e-01
261 6.906400e-01 4.040000e-03 3.053200e-01
262 6.898320e-01 4.156000e-03 3.060120e-01
263 6.890720e-01 4.108000e-03 3.068200e-01
264 6.883480e-01 4.028000e-03 3.076240e-01
265 6.877480e-01 3.924000e-03 3.083280e-01
266 6.870360e-01 3.960000e-03 3.090040e-01
267 6.863720e-01 3.972000e-03 3.096560e-01
268 6.856160e-01 3.968000e-03 3.104160e-01
269 6.849480e-01 3.816000e-03 3.112360e-01
270 6.842640e-01 3.808000e-03 3.119280e-01
271 6.835720e-01 3.856000e-03 3.125720e-01
272 6.828480e-01 3.872000e-03 3.132800e-01
273 6.821760e-01 3.840000e-03 3.139840e-01
274 6.815040e-01 3.832000e-03 3.146640e-01
275 6.807600e-01 3.768000e-03 3.154720e-01
276 6.801320e-01 3.744000e-03 3.161240e-01
277 6.793360e-01 3.852000e-03 3.168120e-01
278 6.786760e-01 3.852000e-03 3.174720e-01
279 6.780520e-01 3.864000e-03 3.180840e-01
280 6.774440e-01 3.828000e-03 3.187280e-01
281 6.768440e-01 3.744000e-03 3.194120e-01
282 6.762120e-01 3.820000e-03 3.199680e-01
283 6.756280e-01 3.672000e-03 3.207000e-01
284 6.749760e-01 3.700000e-03 3.213240e-01
285 6.742800e-01 3.752000e-03 3.219680e-01
286 6.736440e-01 3.756000e-03 3.226000e-01
287 6.729720e-01 3.768000e-03 3.232600e-01
288 6.723320e-01 3.788000e-03 3.238800e-01
289 6.717480e-01 3.768000e-03 3.244840e-01
290 6.710560e-01 3.808000e-03 3.251360e-01
291 6.703600e-01 3.780000e-03 3.258600e-01
292 6.698480e-01 3.688000e-03 3.264640e-01
293 6.691960e-01 3.632000e-03 3.271720e-01
294 6.686080e-01 3.572000e-03 3.278200e-01
295 6.679440e-01 3.664000e-03 3.283920e-01
296 6.673960e-01 3.632000e-03 3.289720e-01
297 6.667440e-01 3.716000e-03 3.295400e-01
298 6.662600e-01 3.528000e-03 3.302120e-01
299 6.657720e-01 3.388000e-03 3.308400e-01
300 6.652400e-01 3.388000e-03 3.313720e-01
301 6.646880e-01 3.352000e-03 3.319600e-01
302 6.640960e-01 3.336000e-03 3.325680e-01
303 6.636320e-01 3.240000e-03 3.331280e-01
304 6.631400e-01 3.144000e-03 3.337160e-01
305 6.626560e-01 3.092000e-03 3.342520e-01
306 6.621600e-01 3.064000e-03 3.347760e-01
307 6.616720e-01 3.016000e-03 3.353120e-01
308 6.612200e-01 2.916000e-03 3.358640e-01
309 6.606720e-01 2.956000e-03 3.363720e-01
310 6.601840e-01 2.884000e-03 3.369320e-01
311 6.597040e-01 2.896000e-03 3.374000e-01
312 6.591120e-01 2.868000e-03 3.380200e-01
313 6.586680e-01 2.828000e-03 3.385040e-01
314 6.582720e-01 2.768000e-03 3.389600e-01
315 6.577640e-01 2.844000e-03 3.393920e-01
316 6.573680e-01 2.704000e-03 3.399280e-01
317 6.568400e-01 2.768000e-03 3.403920e-01
318 6.563360e-01 2.792000e-03 3.408720e-01
319 6.557760e-01 2.956000e-03 3.412680e-01
320 6.553240e-01 2.852000e-03 3.418240e-01
321 6.549120e-01 2.728000e-03 3.423600e-01
322 6.543800e-01 2.780000e-03 3.428400e-01
323 6.538840e-01 2.772000e-03 3.433440e-01
324 6.534000e-01 2.776000e-03 3.438240e-01
325 6.529360e-01 2.736000e-03 3.443280e-01
326 6.524400e-01 2.748000e-03 3.448120e-01
327 6.519120e-01 2.780000e-03 3.453080e-01
328 6.514160e-01 2.812000e-03 3.457720e-01
329 6.508880e-01 2.876000e-03 3.462360e-01
330 6.504080e-01 2.820000e-03 3.467720e-01
331 6.499880e-01 2.748000e-03 3.472640e-01
332 6.495880e-01 2.700000e-03 3.477120e-01
333 6.491200e-01 2.748000e-03 3.481320e-01
334 6.486840e-01 2.720000e-03 3.485960e-01
335 6.482120e-01 2.728000e-03 3.490600e-01
336 6.477200e-01 2.776000e-03 3.495040e-01
337 6.473000e-01 2.712000e-03 3.499880e-01
338 6.469040e-01 2.616000e-03 3.504800e-01
339 6.464960e-01 2.568000e-03 3.509360e-01
340 6.461440e-01 2.496000e-03 3.513600e-01
341 6.458080e-01 2.480000e-03 3.517120e-01
342 6.454400e-01 2.368000e-03 3.521920e-01
343 6.450320e-01 2.296000e-03 3.526720e-01
344 6.446480e-01 2.320000e-03 3.530320e-01
345 6.442800e-01 2.268000e-03 3.534520e-01
346 6.438560e-01 2.388000e-03 3.537560e-01
347 6.434960e-01 2.304000e-03 3.542000e-01
348 6.431200e-01 2.236000e-03 3.546440e-01
349 6.427000e-01 2.256000e-03 3.550440e-01
350 6.422680e-01 2.316000e-03 3.554160e-01
351 6.418880e-01 2.272000e-03 3.558400e-01
352 6.415800e-01 2.208000e-03 3.562120e-01
353 6.411520e-01 2.236000e-03 3.566120e-01
354 6.407280e-01 2.276000e-03 3.569960e-01
355 6.402320e-01 2.388000e-03 3.573800e-01
356 6.398960e-01 2.352000e-03 3.577520e-01
357 6.395560e-01 2.252000e-03 3.581920e-01
358 6.391480e-01 2.304000e-03 3.585480e-01
359 6.388560e-01 2.208000e-03 3.589360e-01
360 6.385000e-01 2.168000e-03 3.593320e-01
361 6.381160e-01 2.144000e-03 3.597400e-01
362 6.377160e-01 2.228000e-03 3.600560e-01
363 6.373560e-01 2.224000e-03 3.604200e-01
364 6.370120e-01 2.180000e-03 3.608080e-01
365 6.366880e-01 2.156000e-03 3.611560e-01
366 6.364000e-01 2.040000e-03 3.615600e-01
367 6.359640e-01 2.108000e-03 3.619280e-01
368 6.355600e-01 2.152000e-03 3.622880e-01
369 6.351880e-01 2.180000e-03 3.626320e-01
370 6.347680e-01 2.216000e-03 3.630160e-01
371 6.343800e-01 2.216000e-03 3.634040e-01
372 6.339640e-01 2.232000e-03 3.638040e-01
373 6.335600e-01 2.240000e-03 3.642000e-01
374 6.331320e-01 2.272000e-03 3.645960e-01
375 6.326800e-01 2.348000e-03 3.649720e-01
376 6.322560e-01 2.352000e-03 3.653920e-01
377 6.319360e-01 2.224000e-03 3.658400e-01
378 6.314640e-01 2.320000e-03 3.662160e-01
379 6.310600e-01 2.344000e-03 3.665960e-01
380 6.306360e-01 2.368000e-03 3.669960e-01
381 6.301680e-01 2.404000e-03 3.674280e-01
382 6.297520e-01 2.368000e-03 3.678800e-01
383 6.293080e-01 2.368000e-03 3.683240e-01
384 6.290080e-01 2.340000e-03 3.686520e-01
385 6.287200e-01 2.232000e-03 3.690480e-01
386 6.283080e-01 2.260000e-03 3.694320e-01
387 6.279680e-01 2.168000e-03 3.698640e-01
388 6.276160e-01 2.164000e-03 3.702200e-01
389 6.272720e-01 2.116000e-03 3.706120e-01
390 6.269320e-01 2.040000e-03 3.710280e-01
391 6.265320e-01 2.084000e-03 3.713840e-01
392 6.261880e-01 2.048000e-03 3.717640e-01
393 6.258400e-01 2.004000e-03 3.721560e-01
394 6.255560e-01 1.932000e-03 3.725120e-01
395 6.252840e-01 1.868000e-03 3.728480e-01
396 6.249760e-01 1.840000e-03 3.731840e-01
397 6.247040e-01 1.736000e-03 3.735600e-01
398 6.244720e-01 1.716000e-03 3.738120e-01
399 6.242360e-01 1.612000e-03 3.741520e-01
400 6.239840e-01 1.520000e-03 3.744960e-01
401 6.237600e-01 1.484000e-03 3.747560e-01
402 6.235920e-01 1.420000e-03 3.749880e-01
403 6.233680e-01 1.372000e-03 3.752600e-01
404 6.231480e-01 1.356000e-03 3.754960e-01
405 6.229600e-01 1.328000e-03 3.757120e-01
406 6.227440e-01 1.296000e-03 3.759600e-01
407 6.225120e-01 1.308000e-03 3.761800e-01
408 6.222720e-01 1.340000e-03 3.763880e-01
409 6.220080e-01 1.368000e-03 3.766240e-01
410 6.218400e-01 1.324000e-03 3.768360e-01
411 6.216840e-01 1.272000e-03 3.770440e-01
412 6.215160e-01 1.224000e-03 3.772600e-01
413 6.213520e-01 1.212000e-03 3.774360e-01
414 6.212040e-01 1.160000e-03 3.776360e-01
415 6.210640e-01 1.124000e-03 3.778120e-01
416 6.208960e-01 1.068000e-03 3.780360e-01
417 6.207160e-01 1.040000e-03 3.782440e-01
418 6.205560e-01 9.600000e-04 3.784840e-01
419 6.204040e-01 9.080000e-04 3.786880e-01
420 6.203080e-01 8.320000e-04 3.788600e-01
421 6.201440e-01 8.880000e-04 3.789680e-01
422 6.200160e-01 8.520000e-04 3.791320e-01
423 6.198520e-01 8.760000e-04 3.792720e-01
424 6.196800e-01 9.080000e-04 3.794120e-01
425 6.195440e-01 8.840000e-04 3.795720e-01
426 6.193920e-01 8.800000e-04 3.797280e-01
427 6.192640e-01 8.560000e-04 3.798800e-01
428 6.191000e-01 9.000000e-04 3.800000e-01
429 6.189440e-01 9.160000e-04 3.801400e-01
430 6.187560e-01 9.400000e-04 3.803040e-01
431 6.186080e-01 9.520000e-04 3.804400e-01
432 6.184120e-01 9.720000e-04 3.806160e-01
433 6.182160e-01 9.960000e-04 3.807880e-01
434 6.180480e-01 9.680000e-04 3.809840e-01
435 6.178560e-01 9.920000e-04 3.811520e-01
436 6.176680e-01 9.800000e-04 3.813520e-01
437 6.175120e-01 9.640000e-04 3.815240e-01
438 6.173200e-01 9.880000e-04 3.816920e-01
439 6.171400e-01 1.000000e-03 3.818600e-01
440 6.169320e-01 1.032000e-03 3.820360e-01
441 6.167560e-01 1.032000e-03 3.822120e-01
442 6.166160e-01 9.920000e-04 3.823920e-01
443 6.164360e-01 9.720000e-04 3.825920e-01
444 6.162760e-01 9.520000e-04 3.827720e-01
445 6.160960e-01 9.360000e-04 3.829680e-01
446 6.159480e-01 9.160000e-04 3.831360e-01
447 6.157720e-01 9.080000e-04 3.833200e-01
448 6.156840e-01 8.000000e-04 3.835160e-01
449 6.155320e-01 7.880000e-04 3.836800e-01
450 6.153720e-01 8.080000e-04 3.838200e-01
451 6.151840e-01 8.560000e-04 3.839600e-01
452 6.150440e-01 8.600000e-04 3.840960e-01
453 6.149040e-01 8.760000e-04 3.842200e-01
454 6.147640e-01 8.680000e-04 3.843680e-01
455 6.146240e-01 8.680000e-04 3.845080e-01
456 6.144680e-01 8.800000e-04 3.846520e-01
457 6.143120e-01 9.000000e-04 3.847880e-01
458 6.141400e-01 8.840000e-04 3.849760e-01
459 6.139920e-01 8.800000e-04 3.851280e-01
460 6.137760e-01 9.280000e-04 3.852960e-01
461 6.135480e-01 1.000000e-03 3.854520e-01
462 6.133280e-01 1.080000e-03 3.855920e-01
463 6.131040e-01 1.156000e-03 3.857400e-01
464 6.129360e-01 1.124000e-03 3.859400e-01
465 6.127360e-01 1.100000e-03 3.861640e-01
466 6.125680e-01 1.092000e-03 3.863400e-01
467 6.123760e-01 1.128000e-03 3.864960e-01
468 6.121920e-01 1.124000e-03 3.866840e-01
469 6.119320e-01 1.196000e-03 3.868720e-01
470 6.117720e-01 1.168000e-03 3.870600e-01
471 6.115360e-01 1.168000e-03 3.872960e-01
472 6.113760e-01 1.132000e-03 3.874920e-01
473 6.111400e-01 1.148000e-03 3.877120e-01
474 6.109880e-01 1.104000e-03 3.879080e-01
475 6.108160e-01 1.068000e-03 3.881160e-01
476 6.106320e-01 1.104000e-03 3.882640e-01
477 6.104480e-01 1.060000e-03 3.884920e-01
478 6.102240e-01 1.120000e-03 3.886560e-01
479 6.100120e-01 1.124000e-03 3.888640e-01
480 6.098280e-01 1.184000e-03 3.889880e-01
481 6.096800e-01 1.172000e-03 3.891480e-01
482 6.095200e-01 1.136000e-03 3.893440e-01
483 6.093640e-01 1.112000e-03 3.895240e-01
484 6.091960e-01 1.084000e-03 3.897200e-01
485 6.090720e-01 1.040000e-03 3.898880e-01
486 6.088600e-01 1.064000e-03 3.900760e-01
487 6.086800e-01 1.084000e-03 3.902360e-01
488 6.085200e-01 1.096000e-03 3.903840e-01
489 6.083760e-01 1.072000e-03 3.905520e-01
490 6.081880e-01 1.032000e-03 3.907800e-01
491 6.079800e-01 1.064000e-03 3.909560e-01
492 6.077840e-01 1.068000e-03 3.911480e-01
493 6.076120e-01 1.064000e-03 3.913240e-01
494 6.073960e-01 1.104000e-03 3.915000e-01
495 6.072280e-01 1.072000e-03 3.917000e-01
496 6.070520e-01 1.084000e-03 3.918640e-01
497 6.069280e-01 1.004000e-03 3.920680e-01
498 6.067800e-01 9.960000e-04 3.922240e-01
499 6.066400e-01 9.600000e-04 3.924000e-01
500 6.065000e-01 9.280000e-04 3.925720e-01
