1 9.992120e-01 6.800000e-04 1.080000e-04
2 9.986760e-01 1.060000e-03 2.640000e-04
3 9.980280e-01 1.492000e-03 4.800000e-04
4 9.973000e-01 1.884000e-03 8.160000e-04
5 9.965840e-01 2.260000e-03 1.156000e-03
6 9.958080e-01 2.588000e-03 1.604000e-03
7 9.947720e-01 3.128000e-03 2.100000e-03
8 9.937760e-01 3.548000e-03 2.676000e-03
9 9.926000e-01 4.060000e-03 3.340000e-03
10 9.914320e-01 4.484000e-03 4.084000e-03
11 9.901040e-01 5.052000e-03 4.844000e-03
12 9.887880e-01 5.516000e-03 5.696000e-03
13 9.874640e-01 5.772000e-03 6.764000e-03
14 9.861840e-01 6.076000e-03 7.740000e-03
15 9.849160e-01 6.204000e-03 8.880000e-03
16 9.836040e-01 6.416000e-03 9.980000e-03
17 9.821160e-01 6.820000e-03 1.106400e-02
18 9.805680e-01 7.144000e-03 1.228800e-02
19 9.792400e-01 7.208000e-03 1.355200e-02
20 9.777240e-01 7.412000e-03 1.486400e-02
21 9.763120e-01 7.476000e-03 1.621200e-02
22 9.748480e-01 7.680000e-03 1.747200e-02
23 9.734280e-01 7.768000e-03 1.880400e-02
24 9.721160e-01 7.844000e-03 2.004000e-02
25 9.705760e-01 7.988000e-03 2.143600e-02
26 9.691000e-01 7.932000e-03 2.296800e-02
27 9.675360e-01 7.944000e-03 2.452000e-02
28 9.660000e-01 8.104000e-03 2.589600e-02
29 9.643800e-01 8.348000e-03 2.727200e-02
30 9.627320e-01 8.468000e-03 2.880000e-02
31 9.610800e-01 8.612000e-03 3.030800e-02
32 9.593640e-01 8.908000e-03 3.172800e-02
33 9.576640e-01 9.068000e-03 3.326800e-02
34 9.559560e-01 9.108000e-03 3.493600e-02
35 9.544200e-01 9.108000e-03 3.647200e-02
36 9.526400e-01 9.416000e-03 3.794400e-02
37 9.510120e-01 9.344000e-03 3.964400e-02
38 9.494560e-01 9.204000e-03 4.134000e-02
39 9.477960e-01 9.136000e-03 4.306800e-02
40 9.462920e-01 9.084000e-03 4.462400e-02
41 9.447840e-01 9.024000e-03 4.619200e-02
42 9.431440e-01 9.148000e-03 4.770800e-02
43 9.415680e-01 9.092000e-03 4.934000e-02
44 9.400640e-01 9.044000e-03 5.089200e-02
45 9.384200e-01 9.060000e-03 5.252000e-02
46 9.368960e-01 9.032000e-03 5.407200e-02
47 9.351000e-01 9.328000e-03 5.557200e-02
48 9.334840e-01 9.188000e-03 5.732800e-02
49 9.319280e-01 9.128000e-03 5.894400e-02
50 9.302160e-01 9.180000e-03 6.060400e-02
51 9.285840e-01 9.248000e-03 6.216800e-02
52 9.270960e-01 9.192000e-03 6.371200e-02
53 9.256160e-01 9.068000e-03 6.531600e-02
54 9.240600e-01 9.024000e-03 6.691600e-02
55 9.226480e-01 9.068000e-03 6.828400e-02
56 9.210840e-01 9.056000e-03 6.986000e-02
57 9.195440e-01 8.908000e-03 7.154800e-02
58 9.179440e-01 8.980000e-03 7.307600e-02
59 9.162440e-01 9.036000e-03 7.472000e-02
60 9.145680e-01 9.204000e-03 7.622800e-02
61 9.127760e-01 9.328000e-03 7.789600e-02
62 9.111920e-01 9.224000e-03 7.958400e-02
63 9.096120e-01 9.268000e-03 8.112000e-02
64 9.078800e-01 9.380000e-03 8.274000e-02
65 9.062160e-01 9.288000e-03 8.449600e-02
66 9.045840e-01 9.476000e-03 8.594000e-02
67 9.029760e-01 9.476000e-03 8.754800e-02
68 9.013040e-01 9.608000e-03 8.908800e-02
69 8.995120e-01 9.772000e-03 9.071600e-02
70 8.977000e-01 1.000400e-02 9.229600e-02
71 8.958960e-01 1.005600e-02 9.404800e-02
72 8.940000e-01 1.018000e-02 9.582000e-02
73 8.921720e-01 1.026000e-02 9.756800e-02
74 8.904440e-01 1.023200e-02 9.932400e-02
75 8.886640e-01 1.019600e-02 1.011400e-01
76 8.870080e-01 1.003600e-02 1.029560e-01
77 8.852400e-01 9.820000e-03 1.049400e-01
78 8.836800e-01 9.672000e-03 1.066480e-01
79 8.818840e-01 9.728000e-03 1.083880e-01
80 8.801440e-01 9.624000e-03 1.102320e-01
81 8.784280e-01 9.708000e-03 1.118640e-01
82 8.768520e-01 9.560000e-03 1.135880e-01
83 8.751640e-01 9.672000e-03 1.151640e-01
84 8.736280e-01 9.592000e-03 1.167800e-01
85 8.721640e-01 9.476000e-03 1.183600e-01
86 8.707360e-01 9.268000e-03 1.199960e-01
87 8.693000e-01 9.052000e-03 1.216480e-01
88 8.678400e-01 8.848000e-03 1.233120e-01
89 8.661560e-01 8.904000e-03 1.249400e-01
90 8.645880e-01 8.784000e-03 1.266280e-01
91 8.629560e-01 8.884000e-03 1.281600e-01
92 8.614360e-01 8.932000e-03 1.296320e-01
93 8.600720e-01 8.860000e-03 1.310680e-01
94 8.584920e-01 8.848000e-03 1.326600e-01
95 8.570480e-01 8.716000e-03 1.342360e-01
96 8.553720e-01 8.920000e-03 1.357080e-01
97 8.538120e-01 8.948000e-03 1.372400e-01
98 8.521160e-01 9.136000e-03 1.387480e-01
99 8.506360e-01 9.016000e-03 1.403480e-01
100 8.489080e-01 9.256000e-03 1.418360e-01
101 8.472600e-01 9.244000e-03 1.434960e-01
102 8.457520e-01 9.152000e-03 1.450960e-01
103 8.443000e-01 8.900000e-03 1.468000e-01
104 8.427040e-01 8.892000e-03 1.484040e-01
105 8.412360e-01 8.796000e-03 1.499680e-01
106 8.397400e-01 8.804000e-03 1.514560e-01
107 8.383840e-01 8.604000e-03 1.530120e-01
108 8.369040e-01 8.600000e-03 1.544960e-01
109 8.353520e-01 8.640000e-03 1.560080e-01
110 8.340000e-01 8.488000e-03 1.575120e-01
111 8.325600e-01 8.300000e-03 1.591400e-01
112 8.311920e-01 8.176000e-03 1.606320e-01
113 8.298440e-01 8.056000e-03 1.621000e-01
114 8.284800e-01 8.068000e-03 1.634520e-01
115 8.271520e-01 8.028000e-03 1.648200e-01
116 8.257800e-01 8.064000e-03 1.661560e-01
117 8.243280e-01 8.136000e-03 1.675360e-01
118 8.228360e-01 8.212000e-03 1.689520e-01
119 8.215280e-01 8.060000e-03 1.704120e-01
120 8.200560e-01 8.180000e-03 1.717640e-01
121 8.184840e-01 8.364000e-03 1.731520e-01
122 8.171160e-01 8.084000e-03 1.748000e-01
123 8.156600e-01 8.164000e-03 1.761760e-01
124 8.141200e-01 8.400000e-03 1.774800e-01
125 8.127600e-01 8.288000e-03 1.789520e-01
126 8.115400e-01 8.068000e-03 1.803920e-01
127 8.102160e-01 7.936000e-03 1.818480e-01
128 8.089920e-01 7.672000e-03 1.833360e-01
129 8.078200e-01 7.516000e-03 1.846640e-01
130 8.065560e-01 7.420000e-03 1.860240e-01
131 8.053680e-01 7.240000e-03 1.873920e-01
132 8.041400e-01 7.224000e-03 1.886360e-01
133 8.028960e-01 7.264000e-03 1.898400e-01
134 8.015800e-01 7.380000e-03 1.910400e-01
135 8.003040e-01 7.420000e-03 1.922760e-01
136 7.988440e-01 7.612000e-03 1.935440e-01
137 7.975200e-01 7.644000e-03 1.948360e-01
138 7.961920e-01 7.584000e-03 1.962240e-01
139 7.947960e-01 7.696000e-03 1.975080e-01
140 7.934600e-01 7.664000e-03 1.988760e-01
141 7.920520e-01 7.680000e-03 2.002680e-01
142 7.907480e-01 7.660000e-03 2.015920e-01
143 7.895480e-01 7.512000e-03 2.029400e-01
144 7.883720e-01 7.332000e-03 2.042960e-01
145 7.871840e-01 7.300000e-03 2.055160e-01
146 7.861240e-01 7.048000e-03 2.068280e-01
147 7.848920e-01 7.048000e-03 2.080600e-01
148 7.835480e-01 7.176000e-03 2.092760e-01
149 7.821720e-01 7.432000e-03 2.103960e-01
150 7.807720e-01 7.516000e-03 2.117120e-01
151 7.794240e-01 7.548000e-03 2.130280e-01
152 7.781640e-01 7.540000e-03 2.142960e-01
153 7.770760e-01 7.388000e-03 2.155360e-01
154 7.759120e-01 7.292000e-03 2.167960e-01
155 7.746960e-01 7.264000e-03 2.180400e-01
156 7.733680e-01 7.212000e-03 2.194200e-01
157 7.723160e-01 7.004000e-03 2.206800e-01
158 7.710680e-01 7.056000e-03 2.218760e-01
159 7.700240e-01 6.856000e-03 2.231200e-01
160 7.689160e-01 6.784000e-03 2.243000e-01
161 7.676760e-01 6.824000e-03 2.255000e-01
162 7.664800e-01 6.804000e-03 2.267160e-01
163 7.653760e-01 6.796000e-03 2.278280e-01
164 7.641400e-01 6.832000e-03 2.290280e-01
165 7.629720e-01 6.776000e-03 2.302520e-01
166 7.616880e-01 6.904000e-03 2.314080e-01
167 7.605080e-01 6.892000e-03 2.326000e-01
168 7.594520e-01 6.816000e-03 2.337320e-01
169 7.584040e-01 6.612000e-03 2.349840e-01
170 7.572520e-01 6.588000e-03 2.361600e-01
171 7.562360e-01 6.508000e-03 2.372560e-01
172 7.551200e-01 6.496000e-03 2.383840e-01
173 7.540320e-01 6.460000e-03 2.395080e-01
174 7.529400e-01 6.404000e-03 2.406560e-01
175 7.518320e-01 6.384000e-03 2.417840e-01
176 7.508560e-01 6.152000e-03 2.429920e-01
177 7.498000e-01 6.116000e-03 2.440840e-01
178 7.487320e-01 6.112000e-03 2.451560e-01
179 7.477240e-01 5.972000e-03 2.463040e-01
180 7.468360e-01 5.736000e-03 2.474280e-01
181 7.458200e-01 5.804000e-03 2.483760e-01
182 7.447480e-01 5.820000e-03 2.494320e-01
183 7.438120e-01 5.740000e-03 2.504480e-01
184 7.427840e-01 5.780000e-03 2.514360e-01
185 7.417320e-01 5.892000e-03 2.523760e-01
186 7.407480e-01 5.900000e-03 2.533520e-01
187 7.396720e-01 6.040000e-03 2.542880e-01
188 7.386800e-01 5.848000e-03 2.554720e-01
189 7.375840e-01 5.888000e-03 2.565280e-01
190 7.365760e-01 5.828000e-03 2.575960e-01
191 7.356560e-01 5.728000e-03 2.586160e-01
192 7.347520e-01 5.620000e-03 2.596280e-01
193 7.337880e-01 5.592000e-03 2.606200e-01
194 7.328360e-01 5.680000e-03 2.614840e-01
195 7.318760e-01 5.628000e-03 2.624960e-01
196 7.309480e-01 5.708000e-03 2.633440e-01
197 7.301040e-01 5.612000e-03 2.642840e-01
198 7.291280e-01 5.604000e-03 2.652680e-01
199 7.282520e-01 5.584000e-03 2.661640e-01
200 7.273720e-01 5.524000e-03 2.671040e-01
201 7.265160e-01 5.440000e-03 2.680440e-01
202 7.256680e-01 5.352000e-03 2.689800e-01
203 7.247000e-01 5.400000e-03 2.699000e-01
204 7.238560e-01 5.228000e-03 2.709160e-01
205 7.231360e-01 4.992000e-03 2.718720e-01
206 7.223200e-01 4.992000e-03 2.726880e-01
207 7.215080e-01 4.956000e-03 2.735360e-01
208 7.206280e-01 5.044000e-03 2.743280e-01
209 7.197000e-01 5.120000e-03 2.751800e-01
210 7.188840e-01 5.068000e-03 2.760480e-01
211 7.181120e-01 4.976000e-03 2.769120e-01
212 7.173280e-01 4.796000e-03 2.778760e-01
213 7.164480e-01 4.908000e-03 2.786440e-01
214 7.156880e-01 4.820000e-03 2.794920e-01
215 7.149640e-01 4.764000e-03 2.802720e-01
216 7.142320e-01 4.712000e-03 2.810560e-01
217 7.136120e-01 4.412000e-03 2.819760e-01
218 7.129400e-01 4.336000e-03 2.827240e-01
219 7.122120e-01 4.376000e-03 2.834120e-01
220 7.114160e-01 4.504000e-03 2.840800e-01
221 7.106360e-01 4.544000e-03 2.848200e-01
222 7.098040e-01 4.644000e-03 2.855520e-01
223 7.089120e-01 4.728000e-03 2.863600e-01
224 7.080840e-01 4.772000e-03 2.871440e-01
225 7.072840e-01 4.680000e-03 2.880360e-01
226 7.066560e-01 4.532000e-03 2.888120e-01
227 7.059080e-01 4.556000e-03 2.895360e-01
228 7.052600e-01 4.440000e-03 2.903000e-01
229 7.046120e-01 4.284000e-03 2.911040e-01
230 7.038520e-01 4.316000e-03 2.918320e-01
231 7.031560e-01 4.332000e-03 2.925120e-01
232 7.024080e-01 4.344000e-03 2.932480e-01
233 7.016640e-01 4.352000e-03 2.939840e-01
234 7.009280e-01 4.340000e-03 2.947320e-01
235 7.000760e-01 4.424000e-03 2.955000e-01
236 6.991800e-01 4.528000e-03 2.962920e-01
237 6.983400e-01 4.436000e-03 2.972240e-01
238 6.974120e-01 4.512000e-03 2.980760e-01
239 6.965840e-01 4.436000e-03 2.989800e-01
240 6.958320e-01 4.304000e-03 2.998640e-01
241 6.951080e-01 4.324000e-03 3.005680e-01
242 6.943480e-01 4.328000e-03 3.013240e-01
243 6.934240e-01 4.516000e-03 3.020600e-01
244 6.927560e-01 4.384000e-03 3.028600e-01
245 6.920080e-01 4.388000e-03 3.036040e-01
246 6.912640e-01 4.340000e-03 3.043960e-01
247 6.905320e-01 4.236000e-03 3.052320e-01
248 6.898440e-01 4.184000e-03 3.059720e-01
249 6.891000e-01 4.176000e-03 3.067240e-01
250 6.884080e-01 4.068000e-03 3.075240e-01
251 6.876120e-01 4.068000e-03 3.083200e-01
252 6.869520e-01 4.024000e-03 3.090240e-01
253 6.861960e-01 4.040000e-03 3.097640e-01
254 6.854480e-01 4.112000e-03 3.104400e-01
255 6.847360e-01 4.052000e-03 3.112120e-01
256 6.839640e-01 4.076000e-03 3.119600e-01
257 6.832160e-01 4.112000e-03 3.126720e-01
258 6.825640e-01 4.008000e-03 3.134280e-01
259 6.818040e-01 3.980000e-03 3.142160e-01
260 6.811480e-01 3.896000e-03 3.149560e-01
261 6.805520e-01 3.732000e-03 3.157160e-01
262 6.799000e-01 3.760000e-03 3.163400e-01
263 6.793160e-01 3.568000e-03 3.171160e-01
264 6.787240e-01 3.620000e-03 3.176560e-01
265 6.782040e-01 3.456000e-03 3.183400e-01
266 6.776080e-01 3.424000e-03 3.189680e-01
267 6.769000e-01 3.564000e-03 3.195360e-01
268 6.762800e-01 3.592000e-03 3.201280e-01
269 6.755800e-01 3.716000e-03 3.207040e-01
270 6.750080e-01 3.660000e-03 3.213320e-01
271 6.744120e-01 3.640000e-03 3.219480e-01
272 6.737720e-01 3.640000e-03 3.225880e-01
273 6.731560e-01 3.668000e-03 3.231760e-01
274 6.724960e-01 3.708000e-03 3.237960e-01
275 6.718320e-01 3.768000e-03 3.244000e-01
276 6.712440e-01 3.752000e-03 3.250040e-01
277 6.706680e-01 3.652000e-03 3.256800e-01
278 6.701000e-01 3.596000e-03 3.263040e-01
279 6.695480e-01 3.504000e-03 3.269480e-01
280 6.690160e-01 3.512000e-03 3.274720e-01
281 6.684520e-01 3.472000e-03 3.280760e-01
282 6.678680e-01 3.420000e-03 3.287120e-01
283 6.673120e-01 3.388000e-03 3.293000e-01
284 6.667840e-01 3.308000e-03 3.299080e-01
285 6.662520e-01 3.212000e-03 3.305360e-01
286 6.656960e-01 3.228000e-03 3.310760e-01
287 6.651120e-01 3.312000e-03 3.315760e-01
288 6.644120e-01 3.456000e-03 3.321320e-01
289 6.637440e-01 3.524000e-03 3.327320e-01
290 6.631800e-01 3.484000e-03 3.333360e-01
291 6.624680e-01 3.528000e-03 3.340040e-01
292 6.618320e-01 3.536000e-03 3.346320e-01
293 6.611320e-01 3.604000e-03 3.352640e-01
294 6.604880e-01 3.628000e-03 3.358840e-01
295 6.597400e-01 3.744000e-03 3.365160e-01
296 6.589520e-01 3.764000e-03 3.372840e-01
297 6.583160e-01 3.712000e-03 3.379720e-01
298 6.577440e-01 3.580000e-03 3.386760e-01
299 6.571120e-01 3.564000e-03 3.393240e-01
300 6.564800e-01 3.512000e-03 3.400080e-01
301 6.558880e-01 3.408000e-03 3.407040e-01
302 6.552600e-01 3.420000e-03 3.413200e-01
303 6.548040e-01 3.368000e-03 3.418280e-01
304 6.542560e-01 3.360000e-03 3.423840e-01
305 6.537040e-01 3.380000e-03 3.429160e-01
306 6.531040e-01 3.456000e-03 3.434400e-01
307 6.525240e-01 3.384000e-03 3.440920e-01
308 6.519200e-01 3.384000e-03 3.446960e-01
309 6.513920e-01 3.348000e-03 3.452600e-01
310 6.507960e-01 3.304000e-03 3.459000e-01
311 6.503040e-01 3.244000e-03 3.464520e-01
312 6.498680e-01 3.184000e-03 3.469480e-01
313 6.493760e-01 3.140000e-03 3.474840e-01
314 6.488640e-01 3.148000e-03 3.479880e-01
315 6.483200e-01 3.176000e-03 3.485040e-01
316 6.478080e-01 3.112000e-03 3.490800e-01
317 6.473040e-01 3.064000e-03 3.496320e-01
318 6.467720e-01 3.124000e-03 3.501040e-01
319 6.462560e-01 3.132000e-03 3.506120e-01
320 6.457880e-01 3.092000e-03 3.511200e-01
321 6.453880e-01 2.920000e-03 3.516920e-01
322 6.448960e-01 2.908000e-03 3.521960e-01
323 6.444200e-01 2.940000e-03 3.526400e-01
324 6.439680e-01 2.908000e-03 3.531240e-01
325 6.435280e-01 2.780000e-03 3.536920e-01
326 6.431680e-01 2.696000e-03 3.541360e-01
327 6.427680e-01 2.584000e-03 3.546480e-01
328 6.423800e-01 2.496000e-03 3.551240e-01
329 6.420200e-01 2.352000e-03 3.556280e-01
330 6.417040e-01 2.228000e-03 3.560680e-01
331 6.413360e-01 2.240000e-03 3.564240e-01
332 6.409240e-01 2.272000e-03 3.568040e-01
333 6.405880e-01 2.240000e-03 3.571720e-01
334 6.401400e-01 2.332000e-03 3.575280e-01
335 6.397880e-01 2.352000e-03 3.578600e-01
336 6.393680e-01 2.356000e-03 3.582760e-01
337 6.390560e-01 2.320000e-03 3.586240e-01
338 6.387520e-01 2.264000e-03 3.589840e-01
339 6.383760e-01 2.308000e-03 3.593160e-01
340 6.379800e-01 2.300000e-03 3.597200e-01
341 6.376080e-01 2.276000e-03 3.601160e-01
342 6.373160e-01 2.092000e-03 3.605920e-01
343 6.370040e-01 2.008000e-03 3.609880e-01
344 6.367040e-01 1.952000e-03 3.613440e-01
345 6.364160e-01 1.892000e-03 3.616920e-01
346 6.361640e-01 1.828000e-03 3.620080e-01
347 6.358520e-01 1.856000e-03 3.622920e-01
348 6.355640e-01 1.800000e-03 3.626360e-01
349 6.351920e-01 1.848000e-03 3.629600e-01
350 6.349240e-01 1.796000e-03 3.632800e-01
351 6.346160e-01 1.764000e-03 3.636200e-01
352 6.342800e-01 1.788000e-03 3.639320e-01
353 6.339200e-01 1.832000e-03 3.642480e-01
354 6.335800e-01 1.820000e-03 3.646000e-01
355 6.332560e-01 1.760000e-03 3.649840e-01
356 6.330000e-01 1.684000e-03 3.653160e-01
357 6.327200e-01 1.684000e-03 3.655960e-01
358 6.323560e-01 1.752000e-03 3.658920e-01
359 6.321000e-01 1.760000e-03 3.661400e-01
360 6.317080e-01 1.812000e-03 3.664800e-01
361 6.313920e-01 1.836000e-03 3.667720e-01
362 6.311280e-01 1.796000e-03 3.670760e-01
363 6.308360e-01 1.780000e-03 3.673840e-01
364 6.305840e-01 1.720000e-03 3.676960e-01
365 6.303200e-01 1.592000e-03 3.680880e-01
366 6.301240e-01 1.528000e-03 3.683480e-01
367 6.298600e-01 1.456000e-03 3.686840e-01
368 6.296200e-01 1.436000e-03 3.689440e-01
369 6.293240e-01 1.488000e-03 3.691880e-01
370 6.290840e-01 1.468000e-03 3.694480e-01
371 6.287520e-01 1.528000e-03 3.697200e-01
372 6.283480e-01 1.708000e-03 3.699440e-01
373 6.281080e-01 1.648000e-03 3.702440e-01
374 6.277200e-01 1.724000e-03 3.705560e-01
375 6.273600e-01 1.800000e-03 3.708400e-01
376 6.269880e-01 1.876000e-03 3.711360e-01
377 6.265920e-01 1.892000e-03 3.715160e-01
378 6.262320e-01 1.932000e-03 3.718360e-01
379 6.259560e-01 1.808000e-03 3.722360e-01
380 6.257480e-01 1.716000e-03 3.725360e-01
381 6.254960e-01 1.684000e-03 3.728200e-01
382 6.252400e-01 1.652000e-03 3.731080e-01
383 6.249880e-01 1.620000e-03 3.733920e-01
384 6.247240e-01 1.592000e-03 3.736840e-01
385 6.244680e-01 1.588000e-03 3.739440e-01
386 6.242320e-01 1.532000e-03 3.742360e-01
387 6.239920e-01 1.548000e-03 3.744600e-01
388 6.237520e-01 1.516000e-03 3.747320e-01
389 6.234720e-01 1.548000e-03 3.749800e-01
390 6.232200e-01 1.492000e-03 3.752880e-01
391 6.230120e-01 1.412000e-03 3.755760e-01
392 6.227840e-01 1.324000e-03 3.758920e-01
393 6.225840e-01 1.316000e-03 3.761000e-01
394 6.223760e-01 1.296000e-03 3.763280e-01
395 6.222040e-01 1.308000e-03 3.764880e-01
396 6.219800e-01 1.332000e-03 3.766880e-01
397 6.217880e-01 1.292000e-03 3.769200e-01
398 6.215960e-01 1.280000e-03 3.771240e-01
399 6.214200e-01 1.236000e-03 3.773440e-01
400 6.212160e-01 1.220000e-03 3.775640e-01
401 6.209840e-01 1.256000e-03 3.777600e-01
402 6.207080e-01 1.324000e-03 3.779680e-01
403 6.204920e-01 1.288000e-03 3.782200e-01
404 6.202800e-01 1.284000e-03 3.784360e-01
405 6.200720e-01 1.272000e-03 3.786560e-01
406 6.199080e-01 1.188000e-03 3.789040e-01
407 6.197040e-01 1.204000e-03 3.790920e-01
408 6.195520e-01 1.164000e-03 3.792840e-01
409 6.193680e-01 1.128000e-03 3.795040e-01
410 6.191480e-01 1.116000e-03 3.797360e-01
411 6.189760e-01 1.108000e-03 3.799160e-01
412 6.188320e-01 1.004000e-03 3.801640e-01
413 6.186800e-01 1.012000e-03 3.803080e-01
414 6.185200e-01 1.008000e-03 3.804720e-01
415 6.183560e-01 9.960000e-04 3.806480e-01
416 6.182080e-01 9.720000e-04 3.808200e-01
417 6.180440e-01 9.560000e-04 3.810000e-01
418 6.178760e-01 9.600000e-04 3.811640e-01
419 6.177080e-01 9.760000e-04 3.813160e-01
420 6.175240e-01 9.840000e-04 3.814920e-01
421 6.173440e-01 9.760000e-04 3.816800e-01
422 6.171840e-01 9.720000e-04 3.818440e-01
423 6.170360e-01 9.520000e-04 3.820120e-01
424 6.168680e-01 9.600000e-04 3.821720e-01
425 6.167240e-01 9.280000e-04 3.823480e-01
426 6.165680e-01 8.760000e-04 3.825560e-01
427 6.164480e-01 8.400000e-04 3.827120e-01
428 6.163520e-01 7.880000e-04 3.828600e-01
429 6.162320e-01 7.880000e-04 3.829800e-01
430 6.161320e-01 7.400000e-04 3.831280e-01
431 6.160760e-01 6.560000e-04 3.832680e-01
432 6.159920e-01 6.200000e-04 3.833880e-01
433 6.158800e-01 6.320000e-04 3.834880e-01
434 6.157720e-01 6.480000e-04 3.835800e-01
435 6.156640e-01 6.400000e-04 3.836960e-01
436 6.155760e-01 6.040000e-04 3.838200e-01
437 6.154760e-01 5.760000e-04 3.839480e-01
438 6.153760e-01 5.560000e-04 3.840680e-01
439 6.152800e-01 5.520000e-04 3.841680e-01
440 6.151880e-01 5.680000e-04 3.842440e-01
441 6.150840e-01 5.840000e-04 3.843320e-01
442 6.149520e-01 6.280000e-04 3.844200e-01
443 6.148160e-01 6.720000e-04 3.845120e-01
444 6.146880e-01 6.560000e-04 3.846560e-01
445 6.145960e-01 6.280000e-04 3.847760e-01
446 6.145040e-01 5.960000e-04 3.849000e-01
447 6.144360e-01 5.480000e-04 3.850160e-01
448 6.143240e-01 5.760000e-04 3.851000e-01
449 6.141800e-01 6.160000e-04 3.852040e-01
450 6.140840e-01 6.000000e-04 3.853160e-01
451 6.139520e-01 6.240000e-04 3.854240e-01
452 6.137920e-01 6.600000e-04 3.855480e-01
453 6.136800e-01 6.720000e-04 3.856480e-01
454 6.135200e-01 7.080000e-04 3.857720e-01
455 6.133880e-01 7.360000e-04 3.858760e-01
456 6.131920e-01 7.920000e-04 3.860160e-01
457 6.130400e-01 7.760000e-04 3.861840e-01
458 6.128840e-01 7.840000e-04 3.863320e-01
459 6.127440e-01 7.840000e-04 3.864720e-01
460 6.126400e-01 7.920000e-04 3.865680e-01
461 6.124320e-01 8.520000e-04 3.867160e-01
462 6.122760e-01 8.560000e-04 3.868680e-01
463 6.120920e-01 8.960000e-04 3.870120e-01
464 6.119240e-01 9.080000e-04 3.871680e-01
465 6.117760e-01 9.120000e-04 3.873120e-01
466 6.115680e-01 9.800000e-04 3.874520e-01
467 6.113800e-01 9.920000e-04 3.876280e-01
468 6.112360e-01 9.760000e-04 3.877880e-01
469 6.110640e-01 9.960000e-04 3.879400e-01
470 6.109360e-01 9.680000e-04 3.880960e-01
471 6.108200e-01 9.560000e-04 3.882240e-01
472 6.107160e-01 8.920000e-04 3.883920e-01
473 6.105960e-01 8.520000e-04 3.885520e-01
474 6.104440e-01 8.560000e-04 3.887000e-01
475 6.102840e-01 8.720000e-04 3.888440e-01
476 6.101040e-01 9.080000e-04 3.889880e-01
477 6.099200e-01 9.760000e-04 3.891040e-01
478 6.097480e-01 1.004000e-03 3.892480e-01
479 6.095640e-01 9.720000e-04 3.894640e-01
480 6.093880e-01 9.920000e-04 3.896200e-01
481 6.092240e-01 9.720000e-04 3.898040e-01
482 6.090360e-01 1.000000e-03 3.899640e-01
483 6.088440e-01 9.520000e-04 3.902040e-01
484 6.086600e-01 1.000000e-03 3.903400e-01
485 6.084400e-01 1.064000e-03 3.904960e-01
486 6.082480e-01 1.092000e-03 3.906600e-01
487 6.080080e-01 1.132000e-03 3.908600e-01
488 6.078160e-01 1.140000e-03 3.910440e-01
489 6.076520e-01 1.132000e-03 3.912160e-01
490 6.074600e-01 1.120000e-03 3.914200e-01
491 6.072320e-01 1.176000e-03 3.915920e-01
492 6.069880e-01 1.224000e-03 3.917880e-01
493 6.067760e-01 1.232000e-03 3.919920e-01
494 6.066240e-01 1.176000e-03 3.922000e-01
495 6.064360e-01 1.180000e-03 3.923840e-01
496 6.062360e-01 1.152000e-03 3.926120e-01
497 6.061120e-01 1.076000e-03 3.928120e-01
498 6.059480e-01 1.048000e-03 3.930040e-01
499 6.058080e-01 9.760000e-04 3.932160e-01
500 6.056960e-01 9.360000e-04 3.933680e-01
