1 9.990680e-01 8.440000e-04 8.800000e-05
2 9.984280e-01 1.320000e-03 2.520000e-04
3 9.977400e-01 1.752000e-03 5.080000e-04
4 9.968440e-01 2.280000e-03 8.760000e-04
5 9.959640e-01 2.712000e-03 1.324000e-03
6 9.951000e-01 3.092000e-03 1.808000e-03
7 9.942120e-01 3.384000e-03 2.404000e-03
8 9.932320e-01 3.652000e-03 3.116000e-03
9 9.923640e-01 3.888000e-03 3.748000e-03
10 9.913120e-01 4.260000e-03 4.428000e-03
11 9.902880e-01 4.532000e-03 5.180000e-03
12 9.891720e-01 4.904000e-03 5.924000e-03
13 9.879840e-01 5.216000e-03 6.800000e-03
14 9.868560e-01 5.444000e-03 7.700000e-03
15 9.855880e-01 5.628000e-03 8.784000e-03
16 9.843440e-01 5.884000e-03 9.772000e-03
17 9.829920e-01 6.104000e-03 1.090400e-02
18 9.818400e-01 6.140000e-03 1.202000e-02
19 9.807640e-01 6.032000e-03 1.320400e-02
20 9.795560e-01 6.068000e-03 1.437600e-02
21 9.782920e-01 6.236000e-03 1.547200e-02
22 9.770840e-01 6.332000e-03 1.658400e-02
23 9.757720e-01 6.448000e-03 1.778000e-02
24 9.744560e-01 6.596000e-03 1.894800e-02
25 9.731800e-01 6.636000e-03 2.018400e-02
26 9.718600e-01 6.760000e-03 2.138000e-02
27 9.704960e-01 6.804000e-03 2.270000e-02
28 9.692040e-01 6.900000e-03 2.389600e-02
29 9.677920e-01 7.044000e-03 2.516400e-02
30 9.662960e-01 7.316000e-03 2.638800e-02
31 9.651360e-01 7.240000e-03 2.762400e-02
32 9.639440e-01 7.116000e-03 2.894000e-02
33 9.627640e-01 7.096000e-03 3.014000e-02
34 9.614800e-01 7.180000e-03 3.134000e-02
35 9.601040e-01 7.300000e-03 3.259600e-02
36 9.586040e-01 7.604000e-03 3.379200e-02
37 9.571480e-01 7.744000e-03 3.510800e-02
38 9.557640e-01 7.828000e-03 3.640800e-02
39 9.543960e-01 7.840000e-03 3.776400e-02
40 9.530560e-01 7.832000e-03 3.911200e-02
41 9.517960e-01 7.800000e-03 4.040400e-02
42 9.505480e-01 7.676000e-03 4.177600e-02
43 9.494480e-01 7.520000e-03 4.303200e-02
44 9.482280e-01 7.536000e-03 4.423600e-02
45 9.469480e-01 7.480000e-03 4.557200e-02
46 9.455840e-01 7.452000e-03 4.696400e-02
47 9.442480e-01 7.524000e-03 4.822800e-02
48 9.428880e-01 7.544000e-03 4.956800e-02
49 9.415200e-01 7.464000e-03 5.101600e-02
50 9.401280e-01 7.560000e-03 5.231200e-02
51 9.386760e-01 7.796000e-03 5.352800e-02
52 9.371920e-01 7.968000e-03 5.484000e-02
53 9.355800e-01 8.152000e-03 5.626800e-02
54 9.341360e-01 8.016000e-03 5.784800e-02
55 9.326720e-01 8.192000e-03 5.913600e-02
56 9.311840e-01 8.260000e-03 6.055600e-02
57 9.297040e-01 8.420000e-03 6.187600e-02
58 9.282800e-01 8.452000e-03 6.326800e-02
59 9.268840e-01 8.392000e-03 6.472400e-02
60 9.252720e-01 8.628000e-03 6.610000e-02
61 9.237360e-01 8.596000e-03 6.766800e-02
62 9.223120e-01 8.456000e-03 6.923200e-02
63 9.205480e-01 8.808000e-03 7.064400e-02
64 9.189280e-01 8.840000e-03 7.223200e-02
65 9.172720e-01 9.016000e-03 7.371200e-02
66 9.156880e-01 8.964000e-03 7.534800e-02
67 9.140480e-01 9.076000e-03 7.687600e-02
68 9.124280e-01 9.092000e-03 7.848000e-02
69 9.106760e-01 9.208000e-03 8.011600e-02
70 9.090640e-01 9.220000e-03 8.171600e-02
71 9.074360e-01 9.200000e-03 8.336400e-02
72 9.058200e-01 9.160000e-03 8.502000e-02
73 9.040080e-01 9.452000e-03 8.654000e-02
74 9.022480e-01 9.576000e-03 8.817600e-02
75 9.007080e-01 9.448000e-03 8.984400e-02
76 8.990800e-01 9.412000e-03 9.150800e-02
77 8.974400e-01 9.432000e-03 9.312800e-02
78 8.957160e-01 9.568000e-03 9.471600e-02
79 8.940480e-01 9.636000e-03 9.631600e-02
80 8.923440e-01 9.584000e-03 9.807200e-02
81 8.906880e-01 9.692000e-03 9.962000e-02
82 8.891200e-01 9.776000e-03 1.011040e-01
83 8.874080e-01 9.832000e-03 1.027600e-01
84 8.855840e-01 9.896000e-03 1.045200e-01
85 8.839800e-01 9.776000e-03 1.062440e-01
86 8.821960e-01 9.868000e-03 1.079360e-01
87 8.805040e-01 9.892000e-03 1.096040e-01
88 8.788320e-01 9.704000e-03 1.114640e-01
89 8.769960e-01 9.916000e-03 1.130880e-01
90 8.752840e-01 9.928000e-03 1.147880e-01
91 8.733320e-01 1.016800e-02 1.165000e-01
92 8.715160e-01 1.016800e-02 1.183160e-01
93 8.696400e-01 1.018400e-02 1.201760e-01
94 8.679720e-01 1.010400e-02 1.219240e-01
95 8.662840e-01 9.972000e-03 1.237440e-01
96 8.646680e-01 9.980000e-03 1.253520e-01
97 8.629440e-01 9.932000e-03 1.271240e-01
98 8.611480e-01 1.006400e-02 1.287880e-01
99 8.593040e-01 1.021600e-02 1.304800e-01
100 8.575840e-01 1.018000e-02 1.322360e-01
101 8.558880e-01 1.002000e-02 1.340920e-01
102 8.542840e-01 9.928000e-03 1.357880e-01
103 8.525760e-01 9.908000e-03 1.375160e-01
104 8.507840e-01 9.872000e-03 1.393440e-01
105 8.490280e-01 9.864000e-03 1.411080e-01
106 8.472920e-01 9.828000e-03 1.428800e-01
107 8.454600e-01 9.896000e-03 1.446440e-01
108 8.437840e-01 9.908000e-03 1.463080e-01
109 8.419880e-01 1.010400e-02 1.479080e-01
110 8.403160e-01 1.003200e-02 1.496520e-01
111 8.384560e-01 1.007600e-02 1.514680e-01
112 8.367800e-01 1.007600e-02 1.531440e-01
113 8.349160e-01 1.009200e-02 1.549920e-01
114 8.332400e-01 9.880000e-03 1.568800e-01
115 8.315520e-01 9.740000e-03 1.587080e-01
116 8.296840e-01 9.832000e-03 1.604840e-01
117 8.279440e-01 9.856000e-03 1.622000e-01
118 8.260760e-01 9.996000e-03 1.639280e-01
119 8.240920e-01 1.014400e-02 1.657640e-01
120 8.222960e-01 1.014000e-02 1.675640e-01
121 8.204800e-01 1.026000e-02 1.692600e-01
122 8.186800e-01 1.037200e-02 1.709480e-01
123 8.168600e-01 1.032000e-02 1.728200e-01
124 8.151520e-01 1.014400e-02 1.747040e-01
125 8.133560e-01 1.014000e-02 1.765040e-01
126 8.115040e-01 1.023200e-02 1.782640e-01
127 8.096960e-01 1.025600e-02 1.800480e-01
128 8.079280e-01 1.009600e-02 1.819760e-01
129 8.062520e-01 1.002800e-02 1.837200e-01
130 8.047240e-01 9.816000e-03 1.854600e-01
131 8.031280e-01 9.628000e-03 1.872440e-01
132 8.013720e-01 9.684000e-03 1.889440e-01
133 7.996680e-01 9.616000e-03 1.907160e-01
134 7.980760e-01 9.796000e-03 1.921280e-01
135 7.966480e-01 9.468000e-03 1.938840e-01
136 7.951880e-01 9.172000e-03 1.956400e-01
137 7.937160e-01 9.068000e-03 1.972160e-01
138 7.923440e-01 8.812000e-03 1.988440e-01
139 7.909400e-01 8.796000e-03 2.002640e-01
140 7.894240e-01 8.712000e-03 2.018640e-01
141 7.878680e-01 8.640000e-03 2.034920e-01
142 7.865280e-01 8.556000e-03 2.049160e-01
143 7.851360e-01 8.384000e-03 2.064800e-01
144 7.838720e-01 8.196000e-03 2.079320e-01
145 7.824880e-01 8.068000e-03 2.094440e-01
146 7.811440e-01 8.076000e-03 2.107800e-01
147 7.798120e-01 7.928000e-03 2.122600e-01
148 7.785920e-01 7.700000e-03 2.137080e-01
149 7.772560e-01 7.704000e-03 2.150400e-01
150 7.759360e-01 7.688000e-03 2.163760e-01
151 7.746640e-01 7.596000e-03 2.177400e-01
152 7.734200e-01 7.628000e-03 2.189520e-01
153 7.720920e-01 7.588000e-03 2.203200e-01
154 7.709960e-01 7.288000e-03 2.217160e-01
155 7.699240e-01 7.060000e-03 2.230160e-01
156 7.688120e-01 7.008000e-03 2.241800e-01
157 7.677400e-01 6.896000e-03 2.253640e-01
158 7.667440e-01 6.756000e-03 2.265000e-01
159 7.657280e-01 6.528000e-03 2.277440e-01
160 7.645600e-01 6.588000e-03 2.288520e-01
161 7.634000e-01 6.588000e-03 2.300120e-01
162 7.624000e-01 6.324000e-03 2.312760e-01
163 7.614880e-01 6.168000e-03 2.323440e-01
164 7.605600e-01 5.880000e-03 2.335600e-01
165 7.595960e-01 5.776000e-03 2.346280e-01
166 7.586160e-01 5.796000e-03 2.355880e-01
167 7.575680e-01 5.776000e-03 2.366560e-01
168 7.565800e-01 5.768000e-03 2.376520e-01
169 7.555280e-01 5.864000e-03 2.386080e-01
170 7.544480e-01 5.920000e-03 2.396320e-01
171 7.531640e-01 6.248000e-03 2.405880e-01
172 7.520280e-01 6.192000e-03 2.417800e-01
173 7.508920e-01 6.332000e-03 2.427760e-01
174 7.497240e-01 6.252000e-03 2.440240e-01
175 7.485640e-01 6.388000e-03 2.450480e-01
176 7.474800e-01 6.396000e-03 2.461240e-01
177 7.464720e-01 6.280000e-03 2.472480e-01
178 7.453720e-01 6.268000e-03 2.483600e-01
179 7.443440e-01 6.220000e-03 2.494360e-01
180 7.434240e-01 6.072000e-03 2.505040e-01
181 7.424440e-01 6.012000e-03 2.515440e-01
182 7.414840e-01 5.884000e-03 2.526320e-01
183 7.405480e-01 5.684000e-03 2.537680e-01
184 7.396120e-01 5.712000e-03 2.546760e-01
185 7.386920e-01 5.528000e-03 2.557800e-01
186 7.377560e-01 5.500000e-03 2.567440e-01
187 7.368360e-01 5.400000e-03 2.577640e-01
188 7.358080e-01 5.436000e-03 2.587560e-01
189 7.348040e-01 5.456000e-03 2.597400e-01
190 7.337880e-01 5.556000e-03 2.606560e-01
191 7.328280e-01 5.580000e-03 2.615920e-01
192 7.319000e-01 5.520000e-03 2.625800e-01
193 7.308920e-01 5.596000e-03 2.635120e-01
194 7.298960e-01 5.696000e-03 2.644080e-01
195 7.289120e-01 5.808000e-03 2.652800e-01
196 7.278680e-01 5.876000e-03 2.662560e-01
197 7.268920e-01 5.848000e-03 2.672600e-01
198 7.259000e-01 5.836000e-03 2.682640e-01
199 7.248480e-01 5.824000e-03 2.693280e-01
200 7.237240e-01 5.876000e-03 2.704000e-01
201 7.225600e-01 5.908000e-03 2.715320e-01
202 7.214560e-01 5.960000e-03 2.725840e-01
203 7.205120e-01 5.876000e-03 2.736120e-01
204 7.194400e-01 5.888000e-03 2.746720e-01
205 7.183440e-01 5.948000e-03 2.757080e-01
206 7.172880e-01 5.968000e-03 2.767440e-01
207 7.161840e-01 5.940000e-03 2.778760e-01
208 7.150120e-01 6.148000e-03 2.788400e-01
209 7.138720e-01 6.256000e-03 2.798720e-01
210 7.125680e-01 6.480000e-03 2.809520e-01
211 7.114200e-01 6.496000e-03 2.820840e-01
212 7.102680e-01 6.476000e-03 2.832560e-01
213 7.089360e-01 6.692000e-03 2.843720e-01
214 7.075400e-01 6.996000e-03 2.854640e-01
215 7.063720e-01 6.956000e-03 2.866720e-01
216 7.051920e-01 6.968000e-03 2.878400e-01
217 7.040560e-01 6.920000e-03 2.890240e-01
218 7.028160e-01 6.984000e-03 2.902000e-01
219 7.016040e-01 7.124000e-03 2.912720e-01
220 7.005040e-01 7.036000e-03 2.924600e-01
221 6.993120e-01 6.964000e-03 2.937240e-01
222 6.981520e-01 6.788000e-03 2.950600e-01
223 6.969360e-01 6.816000e-03 2.962480e-01
224 6.957520e-01 6.780000e-03 2.974680e-01
225 6.945200e-01 6.804000e-03 2.986760e-01
226 6.935080e-01 6.608000e-03 2.998840e-01
227 6.925800e-01 6.328000e-03 3.010920e-01
228 6.917480e-01 6.064000e-03 3.021880e-01
229 6.908080e-01 5.940000e-03 3.032520e-01
230 6.897720e-01 5.964000e-03 3.042640e-01
231 6.887680e-01 5.948000e-03 3.052840e-01
232 6.878080e-01 5.872000e-03 3.063200e-01
233 6.868040e-01 5.856000e-03 3.073400e-01
234 6.858760e-01 5.748000e-03 3.083760e-01
235 6.850040e-01 5.580000e-03 3.094160e-01
236 6.841360e-01 5.440000e-03 3.104240e-01
237 6.832040e-01 5.468000e-03 3.113280e-01
238 6.822520e-01 5.340000e-03 3.124080e-01
239 6.814120e-01 5.288000e-03 3.133000e-01
240 6.804760e-01 5.320000e-03 3.142040e-01
241 6.795680e-01 5.316000e-03 3.151160e-01
242 6.787000e-01 5.180000e-03 3.161200e-01
243 6.778320e-01 5.192000e-03 3.169760e-01
244 6.768480e-01 5.252000e-03 3.179000e-01
245 6.760520e-01 5.112000e-03 3.188360e-01
246 6.750880e-01 5.184000e-03 3.197280e-01
247 6.741520e-01 5.164000e-03 3.206840e-01
248 6.731680e-01 5.136000e-03 3.216960e-01
249 6.724040e-01 5.056000e-03 3.225400e-01
250 6.714480e-01 5.104000e-03 3.234480e-01
251 6.705920e-01 5.172000e-03 3.242360e-01
252 6.695920e-01 5.268000e-03 3.251400e-01
253 6.687120e-01 5.200000e-03 3.260880e-01
254 6.678520e-01 5.108000e-03 3.270400e-01
255 6.670320e-01 5.064000e-03 3.279040e-01
256 6.662080e-01 5.096000e-03 3.286960e-01
257 6.653240e-01 5.076000e-03 3.296000e-01
258 6.644760e-01 5.024000e-03 3.305000e-01
259 6.636600e-01 4.816000e-03 3.315240e-01
260 6.628880e-01 4.692000e-03 3.324200e-01
261 6.621480e-01 4.648000e-03 3.332040e-01
262 6.614200e-01 4.576000e-03 3.340040e-01
263 6.607000e-01 4.512000e-03 3.347880e-01
264 6.600320e-01 4.348000e-03 3.356200e-01
265 6.594200e-01 4.184000e-03 3.363960e-01
266 6.587080e-01 4.168000e-03 3.371240e-01
267 6.581360e-01 4.012000e-03 3.378520e-01
268 6.575200e-01 3.952000e-03 3.385280e-01
269 6.569040e-01 3.916000e-03 3.391800e-01
270 6.563480e-01 3.836000e-03 3.398160e-01
271 6.558120e-01 3.712000e-03 3.404760e-01
272 6.552560e-01 3.640000e-03 3.411040e-01
273 6.547400e-01 3.544000e-03 3.417160e-01
274 6.541920e-01 3.468000e-03 3.423400e-01
275 6.535640e-01 3.512000e-03 3.429240e-01
276 6.529640e-01 3.472000e-03 3.435640e-01
277 6.523600e-01 3.488000e-03 3.441520e-01
278 6.517920e-01 3.404000e-03 3.448040e-01
279 6.511600e-01 3.452000e-03 3.453880e-01
280 6.506080e-01 3.324000e-03 3.460680e-01
281 6.499480e-01 3.416000e-03 3.466360e-01
282 6.494640e-01 3.268000e-03 3.472680e-01
283 6.489320e-01 3.220000e-03 3.478480e-01
284 6.483160e-01 3.240000e-03 3.484440e-01
285 6.477720e-01 3.232000e-03 3.489960e-01
286 6.470800e-01 3.328000e-03 3.495920e-01
287 6.464120e-01 3.392000e-03 3.501960e-01
288 6.457400e-01 3.524000e-03 3.507360e-01
289 6.451960e-01 3.420000e-03 3.513840e-01
290 6.446000e-01 3.332000e-03 3.520680e-01
291 6.439800e-01 3.436000e-03 3.525840e-01
292 6.434560e-01 3.356000e-03 3.531880e-01
293 6.428240e-01 3.468000e-03 3.537080e-01
294 6.422280e-01 3.464000e-03 3.543080e-01
295 6.416800e-01 3.468000e-03 3.548520e-01
296 6.410920e-01 3.512000e-03 3.553960e-01
297 6.405440e-01 3.516000e-03 3.559400e-01
298 6.398520e-01 3.624000e-03 3.565240e-01
299 6.392240e-01 3.620000e-03 3.571560e-01
300 6.386280e-01 3.520000e-03 3.578520e-01
301 6.380520e-01 3.528000e-03 3.584200e-01
302 6.374760e-01 3.516000e-03 3.590080e-01
303 6.369120e-01 3.352000e-03 3.597360e-01
304 6.363240e-01 3.248000e-03 3.604280e-01
305 6.358400e-01 3.256000e-03 3.609040e-01
306 6.353880e-01 3.112000e-03 3.615000e-01
307 6.348880e-01 3.036000e-03 3.620760e-01
308 6.343880e-01 3.044000e-03 3.625680e-01
309 6.337760e-01 3.108000e-03 3.631160e-01
310 6.333120e-01 3.048000e-03 3.636400e-01
311 6.328320e-01 3.032000e-03 3.641360e-01
312 6.323920e-01 2.940000e-03 3.646680e-01
313 6.319360e-01 2.872000e-03 3.651920e-01
314 6.314880e-01 2.764000e-03 3.657480e-01
315 6.309960e-01 2.740000e-03 3.662640e-01
316 6.304680e-01 2.840000e-03 3.666920e-01
317 6.300240e-01 2.848000e-03 3.671280e-01
318 6.295840e-01 2.760000e-03 3.676560e-01
319 6.292600e-01 2.604000e-03 3.681360e-01
320 6.288920e-01 2.548000e-03 3.685600e-01
321 6.284240e-01 2.536000e-03 3.690400e-01
322 6.280560e-01 2.520000e-03 3.694240e-01
323 6.277040e-01 2.464000e-03 3.698320e-01
324 6.272800e-01 2.508000e-03 3.702120e-01
325 6.268800e-01 2.520000e-03 3.706000e-01
326 6.264640e-01 2.416000e-03 3.711200e-01
327 6.261000e-01 2.380000e-03 3.715200e-01
328 6.256600e-01 2.392000e-03 3.719480e-01
329 6.252440e-01 2.320000e-03 3.724360e-01
330 6.248080e-01 2.364000e-03 3.728280e-01
331 6.244880e-01 2.248000e-03 3.732640e-01
332 6.242080e-01 2.108000e-03 3.736840e-01
333 6.239280e-01 2.032000e-03 3.740400e-01
334 6.235880e-01 1.976000e-03 3.744360e-01
335 6.232920e-01 1.968000e-03 3.747400e-01
336 6.229200e-01 1.944000e-03 3.751360e-01
337 6.226480e-01 1.884000e-03 3.754680e-01
338 6.223920e-01 1.780000e-03 3.758280e-01
339 6.220760e-01 1.796000e-03 3.761280e-01
340 6.217840e-01 1.816000e-03 3.764000e-01
341 6.215320e-01 1.740000e-03 3.767280e-01
342 6.212240e-01 1.720000e-03 3.770560e-01
343 6.208880e-01 1.748000e-03 3.773640e-01
344 6.206760e-01 1.616000e-03 3.777080e-01
345 6.204240e-01 1.608000e-03 3.779680e-01
346 6.201440e-01 1.608000e-03 3.782480e-01
347 6.198320e-01 1.644000e-03 3.785240e-01
348 6.195320e-01 1.664000e-03 3.788040e-01
349 6.192760e-01 1.600000e-03 3.791240e-01
350 6.190040e-01 1.568000e-03 3.794280e-01
351 6.187480e-01 1.540000e-03 3.797120e-01
352 6.185040e-01 1.472000e-03 3.800240e-01
353 6.182960e-01 1.400000e-03 3.803040e-01
354 6.181040e-01 1.348000e-03 3.805480e-01
355 6.178800e-01 1.344000e-03 3.807760e-01
356 6.176200e-01 1.360000e-03 3.810200e-01
357 6.174160e-01 1.308000e-03 3.812760e-01
358 6.171280e-01 1.340000e-03 3.815320e-01
359 6.169200e-01 1.336000e-03 3.817440e-01
360 6.166520e-01 1.360000e-03 3.819880e-01
361 6.164040e-01 1.344000e-03 3.822520e-01
362 6.161800e-01 1.340000e-03 3.824800e-01
363 6.159160e-01 1.392000e-03 3.826920e-01
364 6.157000e-01 1.324000e-03 3.829760e-01
365 6.154640e-01 1.364000e-03 3.831720e-01
366 6.151880e-01 1.376000e-03 3.834360e-01
367 6.149200e-01 1.392000e-03 3.836880e-01
368 6.146640e-01 1.448000e-03 3.838880e-01
369 6.144400e-01 1.464000e-03 3.840960e-01
370 6.141120e-01 1.560000e-03 3.843280e-01
371 6.137800e-01 1.576000e-03 3.846440e-01
372 6.134560e-01 1.600000e-03 3.849440e-01
373 6.131400e-01 1.648000e-03 3.852120e-01
374 6.128400e-01 1.664000e-03 3.854960e-01
375 6.125480e-01 1.660000e-03 3.857920e-01
376 6.122920e-01 1.632000e-03 3.860760e-01
377 6.120360e-01 1.580000e-03 3.863840e-01
378 6.118120e-01 1.516000e-03 3.866720e-01
379 6.115600e-01 1.524000e-03 3.869160e-01
380 6.113560e-01 1.468000e-03 3.871760e-01
381 6.111040e-01 1.456000e-03 3.874400e-01
382 6.108440e-01 1.488000e-03 3.876680e-01
383 6.104840e-01 1.608000e-03 3.879080e-01
384 6.101840e-01 1.644000e-03 3.881720e-01
385 6.098760e-01 1.656000e-03 3.884680e-01
386 6.095320e-01 1.708000e-03 3.887600e-01
387 6.092640e-01 1.708000e-03 3.890280e-01
388 6.089400e-01 1.740000e-03 3.893200e-01
389 6.086560e-01 1.776000e-03 3.895680e-01
390 6.083720e-01 1.700000e-03 3.899280e-01
391 6.080880e-01 1.600000e-03 3.903120e-01
392 6.078280e-01 1.564000e-03 3.906080e-01
393 6.075720e-01 1.536000e-03 3.908920e-01
394 6.073760e-01 1.508000e-03 3.911160e-01
395 6.071120e-01 1.524000e-03 3.913640e-01
396 6.068320e-01 1.500000e-03 3.916680e-01
397 6.066560e-01 1.388000e-03 3.919560e-01
398 6.064960e-01 1.308000e-03 3.921960e-01
399 6.063480e-01 1.236000e-03 3.924160e-01
400 6.061000e-01 1.280000e-03 3.926200e-01
401 6.058640e-01 1.324000e-03 3.928120e-01
402 6.056920e-01 1.260000e-03 3.930480e-01
403 6.054720e-01 1.268000e-03 3.932600e-01
404 6.051840e-01 1.372000e-03 3.934440e-01
405 6.049840e-01 1.300000e-03 3.937160e-01
406 6.048680e-01 1.208000e-03 3.939240e-01
407 6.046600e-01 1.284000e-03 3.940560e-01
408 6.044800e-01 1.276000e-03 3.942440e-01
409 6.042680e-01 1.252000e-03 3.944800e-01
410 6.040960e-01 1.248000e-03 3.946560e-01
411 6.038880e-01 1.280000e-03 3.948320e-01
412 6.035760e-01 1.328000e-03 3.950960e-01
413 6.033240e-01 1.340000e-03 3.953360e-01
414 6.030960e-01 1.312000e-03 3.955920e-01
415 6.028600e-01 1.268000e-03 3.958720e-01
416 6.026000e-01 1.252000e-03 3.961480e-01
417 6.023560e-01 1.252000e-03 3.963920e-01
418 6.021000e-01 1.236000e-03 3.966640e-01
419 6.019000e-01 1.220000e-03 3.968800e-01
420 6.016280e-01 1.260000e-03 3.971120e-01
421 6.014080e-01 1.268000e-03 3.973240e-01
422 6.011560e-01 1.304000e-03 3.975400e-01
423 6.009080e-01 1.352000e-03 3.977400e-01
424 6.006960e-01 1.364000e-03 3.979400e-01
425 6.004600e-01 1.372000e-03 3.981680e-01
426 6.001800e-01 1.424000e-03 3.983960e-01
427 5.999800e-01 1.312000e-03 3.987080e-01
428 5.997680e-01 1.320000e-03 3.989120e-01
429 5.995480e-01 1.292000e-03 3.991600e-01
430 5.993520e-01 1.216000e-03 3.994320e-01
431 5.991760e-01 1.220000e-03 3.996040e-01
432 5.989960e-01 1.160000e-03 3.998440e-01
433 5.987880e-01 1.172000e-03 4.000400e-01
434 5.985080e-01 1.232000e-03 4.002600e-01
435 5.982440e-01 1.268000e-03 4.004880e-01
436 5.979480e-01 1.356000e-03 4.006960e-01
437 5.976760e-01 1.352000e-03 4.009720e-01
438 5.974560e-01 1.328000e-03 4.012160e-01
439 5.971280e-01 1.388000e-03 4.014840e-01
440 5.969320e-01 1.340000e-03 4.017280e-01
441 5.967480e-01 1.308000e-03 4.019440e-01
442 5.964800e-01 1.380000e-03 4.021400e-01
443 5.962520e-01 1.360000e-03 4.023880e-01
444 5.959800e-01 1.408000e-03 4.026120e-01
445 5.957240e-01 1.440000e-03 4.028360e-01
446 5.954680e-01 1.400000e-03 4.031320e-01
447 5.952160e-01 1.360000e-03 4.034240e-01
448 5.949640e-01 1.324000e-03 4.037120e-01
449 5.947520e-01 1.264000e-03 4.039840e-01
450 5.945920e-01 1.192000e-03 4.042160e-01
451 5.943440e-01 1.236000e-03 4.044200e-01
452 5.941800e-01 1.228000e-03 4.045920e-01
453 5.939960e-01 1.224000e-03 4.047800e-01
454 5.937720e-01 1.232000e-03 4.049960e-01
455 5.935600e-01 1.236000e-03 4.052040e-01
456 5.933240e-01 1.288000e-03 4.053880e-01
457 5.930600e-01 1.356000e-03 4.055840e-01
458 5.927920e-01 1.376000e-03 4.058320e-01
459 5.924880e-01 1.360000e-03 4.061520e-01
460 5.922280e-01 1.400000e-03 4.063720e-01
461 5.920440e-01 1.344000e-03 4.066120e-01
462 5.918520e-01 1.252000e-03 4.068960e-01
463 5.916840e-01 1.248000e-03 4.070680e-01
464 5.914920e-01 1.260000e-03 4.072480e-01
465 5.912880e-01 1.264000e-03 4.074480e-01
466 5.910600e-01 1.260000e-03 4.076800e-01
467 5.908800e-01 1.240000e-03 4.078800e-01
468 5.906520e-01 1.228000e-03 4.081200e-01
469 5.903640e-01 1.316000e-03 4.083200e-01
470 5.901520e-01 1.268000e-03 4.085800e-01
471 5.899440e-01 1.260000e-03 4.087960e-01
472 5.897640e-01 1.216000e-03 4.090200e-01
473 5.896080e-01 1.176000e-03 4.092160e-01
474 5.894160e-01 1.112000e-03 4.094720e-01
475 5.891840e-01 1.184000e-03 4.096320e-01
476 5.889480e-01 1.168000e-03 4.098840e-01
477 5.887520e-01 1.188000e-03 4.100600e-01
478 5.885560e-01 1.172000e-03 4.102720e-01
479 5.883240e-01 1.208000e-03 4.104680e-01
480 5.881520e-01 1.140000e-03 4.107080e-01
481 5.879520e-01 1.084000e-03 4.109640e-01
482 5.878520e-01 9.560000e-04 4.111920e-01
483 5.877200e-01 9.160000e-04 4.113640e-01
484 5.876040e-01 8.640000e-04 4.115320e-01
485 5.874600e-01 8.600000e-04 4.116800e-01
486 5.872760e-01 8.880000e-04 4.118360e-01
487 5.871160e-01 9.000000e-04 4.119840e-01
488 5.869560e-01 9.560000e-04 4.120880e-01
489 5.867680e-01 9.440000e-04 4.122880e-01
490 5.865800e-01 9.640000e-04 4.124560e-01
491 5.863240e-01 1.048000e-03 4.126280e-01
492 5.861000e-01 1.136000e-03 4.127640e-01
493 5.859040e-01 1.132000e-03 4.129640e-01
494 5.857280e-01 1.100000e-03 4.131720e-01
495 5.855520e-01 1.104000e-03 4.133440e-01
496 5.853160e-01 1.152000e-03 4.135320e-01
497 5.850840e-01 1.176000e-03 4.137400e-01
498 5.849000e-01 1.156000e-03 4.139440e-01
499 5.847240e-01 1.160000e-03 4.141160e-01
500 5.845440e-01 1.136000e-03 4.143200e-01
