1 9.992400e-01 6.400000e-04 1.200000e-04
2 9.987840e-01 9.880000e-04 2.280000e-04
3 9.981480e-01 1.460000e-03 3.920000e-04
4 9.974920e-01 1.756000e-03 7.520000e-04
5 9.967560e-01 2.112000e-03 1.132000e-03
6 9.960160e-01 2.464000e-03 1.520000e-03
7 9.952560e-01 2.740000e-03 2.004000e-03
8 9.943760e-01 3.076000e-03 2.548000e-03
9 9.935720e-01 3.300000e-03 3.128000e-03
10 9.926160e-01 3.652000e-03 3.732000e-03
11 9.914880e-01 4.164000e-03 4.348000e-03
12 9.904720e-01 4.412000e-03 5.116000e-03
13 9.895080e-01 4.632000e-03 5.860000e-03
14 9.883080e-01 5.028000e-03 6.664000e-03
15 9.871200e-01 5.360000e-03 7.520000e-03
16 9.858960e-01 5.520000e-03 8.584000e-03
17 9.846480e-01 5.804000e-03 9.548000e-03
18 9.834480e-01 6.012000e-03 1.054000e-02
19 9.821560e-01 6.320000e-03 1.152400e-02
20 9.808840e-01 6.440000e-03 1.267600e-02
21 9.797040e-01 6.416000e-03 1.388000e-02
22 9.785000e-01 6.552000e-03 1.494800e-02
23 9.772880e-01 6.644000e-03 1.606800e-02
24 9.760120e-01 6.888000e-03 1.710000e-02
25 9.748040e-01 6.952000e-03 1.824400e-02
26 9.735840e-01 7.012000e-03 1.940400e-02
27 9.722520e-01 7.004000e-03 2.074400e-02
28 9.708040e-01 7.308000e-03 2.188800e-02
29 9.693160e-01 7.592000e-03 2.309200e-02
30 9.678040e-01 7.720000e-03 2.447600e-02
31 9.664080e-01 7.752000e-03 2.584000e-02
32 9.649680e-01 7.780000e-03 2.725200e-02
33 9.635840e-01 7.832000e-03 2.858400e-02
34 9.620160e-01 7.988000e-03 2.999600e-02
35 9.604520e-01 8.040000e-03 3.150800e-02
36 9.588080e-01 8.208000e-03 3.298400e-02
37 9.571560e-01 8.404000e-03 3.444000e-02
38 9.557160e-01 8.472000e-03 3.581200e-02
39 9.541600e-01 8.428000e-03 3.741200e-02
40 9.524680e-01 8.688000e-03 3.884400e-02
41 9.508560e-01 8.772000e-03 4.037200e-02
42 9.492200e-01 8.936000e-03 4.184400e-02
43 9.475600e-01 9.248000e-03 4.319200e-02
44 9.458840e-01 9.284000e-03 4.483200e-02
45 9.441480e-01 9.396000e-03 4.645600e-02
46 9.424920e-01 9.560000e-03 4.794800e-02
47 9.407880e-01 9.520000e-03 4.969200e-02
48 9.389400e-01 9.648000e-03 5.141200e-02
49 9.371520e-01 9.748000e-03 5.310000e-02
50 9.354360e-01 9.844000e-03 5.472000e-02
51 9.336200e-01 1.001200e-02 5.636800e-02
52 9.318920e-01 1.008400e-02 5.802400e-02
53 9.302040e-01 1.005200e-02 5.974400e-02
54 9.285960e-01 9.832000e-03 6.157200e-02
55 9.270120e-01 9.640000e-03 6.334800e-02
56 9.254080e-01 9.612000e-03 6.498000e-02
57 9.237480e-01 9.608000e-03 6.664400e-02
58 9.220720e-01 9.676000e-03 6.825200e-02
59 9.205520e-01 9.536000e-03 6.991200e-02
60 9.189120e-01 9.428000e-03 7.166000e-02
61 9.172040e-01 9.568000e-03 7.322800e-02
62 9.154280e-01 9.640000e-03 7.493200e-02
63 9.134760e-01 9.828000e-03 7.669600e-02
64 9.117200e-01 9.960000e-03 7.832000e-02
65 9.099520e-01 9.988000e-03 8.006000e-02
66 9.080840e-01 1.003600e-02 8.188000e-02
67 9.063000e-01 1.008000e-02 8.362000e-02
68 9.044800e-01 1.024400e-02 8.527600e-02
69 9.025360e-01 1.029200e-02 8.717200e-02
70 9.005480e-01 1.057200e-02 8.888000e-02
71 8.986320e-01 1.067200e-02 9.069600e-02
72 8.967480e-01 1.082400e-02 9.242800e-02
73 8.946760e-01 1.102000e-02 9.430400e-02
74 8.926520e-01 1.119200e-02 9.615600e-02
75 8.905240e-01 1.122000e-02 9.825600e-02
76 8.885800e-01 1.124000e-02 1.001800e-01
77 8.865680e-01 1.134400e-02 1.020880e-01
78 8.846480e-01 1.137200e-02 1.039800e-01
79 8.827800e-01 1.124000e-02 1.059800e-01
80 8.809920e-01 1.112400e-02 1.078840e-01
81 8.792360e-01 1.074800e-02 1.100160e-01
82 8.773480e-01 1.073200e-02 1.119200e-01
83 8.754760e-01 1.071600e-02 1.138080e-01
84 8.737280e-01 1.062800e-02 1.156440e-01
85 8.720040e-01 1.054000e-02 1.174560e-01
86 8.700960e-01 1.058800e-02 1.193160e-01
87 8.681520e-01 1.063200e-02 1.212160e-01
88 8.662400e-01 1.073600e-02 1.230240e-01
89 8.644560e-01 1.057200e-02 1.249720e-01
90 8.624320e-01 1.068000e-02 1.268880e-01
91 8.606360e-01 1.070000e-02 1.286640e-01
92 8.588040e-01 1.064800e-02 1.305480e-01
93 8.569200e-01 1.064000e-02 1.324400e-01
94 8.552400e-01 1.057600e-02 1.341840e-01
95 8.533200e-01 1.064800e-02 1.360320e-01
96 8.514640e-01 1.067200e-02 1.378640e-01
97 8.494720e-01 1.078800e-02 1.397400e-01
98 8.477760e-01 1.052000e-02 1.417040e-01
99 8.460800e-01 1.053600e-02 1.433840e-01
100 8.443040e-01 1.035200e-02 1.453440e-01
101 8.425960e-01 1.018800e-02 1.472160e-01
102 8.408200e-01 1.016400e-02 1.490160e-01
103 8.391200e-01 1.018800e-02 1.506920e-01
104 8.373480e-01 1.015200e-02 1.525000e-01
105 8.355240e-01 1.011200e-02 1.543640e-01
106 8.337760e-01 1.020800e-02 1.560160e-01
107 8.320000e-01 1.019200e-02 1.578080e-01
108 8.302440e-01 1.030400e-02 1.594520e-01
109 8.284960e-01 1.029200e-02 1.612120e-01
110 8.265200e-01 1.042400e-02 1.630560e-01
111 8.246040e-01 1.057200e-02 1.648240e-01
112 8.228800e-01 1.046400e-02 1.666560e-01
113 8.211400e-01 1.040400e-02 1.684560e-01
114 8.193600e-01 1.036000e-02 1.702800e-01
115 8.175880e-01 1.031600e-02 1.720960e-01
116 8.159000e-01 1.032800e-02 1.737720e-01
117 8.140520e-01 1.027200e-02 1.756760e-01
118 8.122000e-01 1.019600e-02 1.776040e-01
119 8.105440e-01 1.021600e-02 1.792400e-01
120 8.088680e-01 1.001200e-02 1.811200e-01
121 8.072200e-01 9.832000e-03 1.829480e-01
122 8.055800e-01 9.760000e-03 1.846600e-01
123 8.040360e-01 9.700000e-03 1.862640e-01
124 8.022600e-01 9.752000e-03 1.879880e-01
125 8.005680e-01 9.744000e-03 1.896880e-01
126 7.989040e-01 9.644000e-03 1.914520e-01
127 7.972080e-01 9.612000e-03 1.931800e-01
128 7.956280e-01 9.600000e-03 1.947720e-01
129 7.940280e-01 9.548000e-03 1.964240e-01
130 7.923920e-01 9.528000e-03 1.980800e-01
131 7.907800e-01 9.484000e-03 1.997360e-01
132 7.891400e-01 9.424000e-03 2.014360e-01
133 7.873720e-01 9.644000e-03 2.029840e-01
134 7.857920e-01 9.596000e-03 2.046120e-01
135 7.843480e-01 9.272000e-03 2.063800e-01
136 7.827040e-01 9.316000e-03 2.079800e-01
137 7.813040e-01 9.144000e-03 2.095520e-01
138 7.797800e-01 9.040000e-03 2.111800e-01
139 7.782560e-01 8.912000e-03 2.128320e-01
140 7.768720e-01 8.792000e-03 2.143360e-01
141 7.753760e-01 8.688000e-03 2.159360e-01
142 7.740920e-01 8.416000e-03 2.174920e-01
143 7.726960e-01 8.344000e-03 2.189600e-01
144 7.713080e-01 8.272000e-03 2.204200e-01
145 7.698520e-01 8.120000e-03 2.220280e-01
146 7.683240e-01 8.320000e-03 2.233560e-01
147 7.668880e-01 8.256000e-03 2.248560e-01
148 7.657440e-01 7.964000e-03 2.262920e-01
149 7.645120e-01 7.772000e-03 2.277160e-01
150 7.631000e-01 7.796000e-03 2.291040e-01
151 7.616000e-01 7.868000e-03 2.305320e-01
152 7.603760e-01 7.628000e-03 2.319960e-01
153 7.591920e-01 7.384000e-03 2.334240e-01
154 7.581360e-01 7.048000e-03 2.348160e-01
155 7.570800e-01 6.792000e-03 2.361280e-01
156 7.559920e-01 6.728000e-03 2.372800e-01
157 7.549800e-01 6.508000e-03 2.385120e-01
158 7.539320e-01 6.340000e-03 2.397280e-01
159 7.528000e-01 6.412000e-03 2.407880e-01
160 7.516240e-01 6.476000e-03 2.419000e-01
161 7.505280e-01 6.440000e-03 2.430320e-01
162 7.493200e-01 6.444000e-03 2.442360e-01
163 7.482800e-01 6.448000e-03 2.452720e-01
164 7.472120e-01 6.440000e-03 2.463480e-01
165 7.461680e-01 6.380000e-03 2.474520e-01
166 7.452160e-01 6.160000e-03 2.486240e-01
167 7.441680e-01 6.168000e-03 2.496640e-01
168 7.431360e-01 6.060000e-03 2.508040e-01
169 7.420240e-01 5.996000e-03 2.519800e-01
170 7.410520e-01 5.828000e-03 2.531200e-01
171 7.400160e-01 5.836000e-03 2.541480e-01
172 7.390720e-01 5.780000e-03 2.551480e-01
173 7.382440e-01 5.524000e-03 2.562320e-01
174 7.374960e-01 5.292000e-03 2.572120e-01
175 7.365960e-01 5.352000e-03 2.580520e-01
176 7.357760e-01 5.268000e-03 2.589560e-01
177 7.349360e-01 5.176000e-03 2.598880e-01
178 7.341600e-01 5.024000e-03 2.608160e-01
179 7.332840e-01 5.020000e-03 2.616960e-01
180 7.323720e-01 5.004000e-03 2.626240e-01
181 7.314440e-01 5.012000e-03 2.635440e-01
182 7.305960e-01 4.904000e-03 2.645000e-01
183 7.297280e-01 4.860000e-03 2.654120e-01
184 7.289920e-01 4.776000e-03 2.662320e-01
185 7.282840e-01 4.636000e-03 2.670800e-01
186 7.275560e-01 4.540000e-03 2.679040e-01
187 7.267800e-01 4.408000e-03 2.688120e-01
188 7.260360e-01 4.336000e-03 2.696280e-01
189 7.253120e-01 4.256000e-03 2.704320e-01
190 7.244960e-01 4.380000e-03 2.711240e-01
191 7.237640e-01 4.384000e-03 2.718520e-01
192 7.229920e-01 4.432000e-03 2.725760e-01
193 7.221800e-01 4.468000e-03 2.733520e-01
194 7.214600e-01 4.484000e-03 2.740560e-01
195 7.207480e-01 4.348000e-03 2.749040e-01
196 7.200960e-01 4.212000e-03 2.756920e-01
197 7.194040e-01 4.168000e-03 2.764280e-01
198 7.188400e-01 3.956000e-03 2.772040e-01
199 7.181520e-01 3.956000e-03 2.778920e-01
200 7.173920e-01 4.092000e-03 2.785160e-01
201 7.168320e-01 3.916000e-03 2.792520e-01
202 7.161680e-01 3.932000e-03 2.799000e-01
203 7.154720e-01 3.980000e-03 2.805480e-01
204 7.148640e-01 4.008000e-03 2.811280e-01
205 7.141720e-01 3.956000e-03 2.818720e-01
206 7.134880e-01 3.952000e-03 2.825600e-01
207 7.128640e-01 3.836000e-03 2.833000e-01
208 7.122680e-01 3.760000e-03 2.839720e-01
209 7.116160e-01 3.644000e-03 2.847400e-01
210 7.110080e-01 3.612000e-03 2.853800e-01
211 7.104680e-01 3.584000e-03 2.859480e-01
212 7.098960e-01 3.432000e-03 2.866720e-01
213 7.093640e-01 3.404000e-03 2.872320e-01
214 7.088600e-01 3.356000e-03 2.877840e-01
215 7.082600e-01 3.380000e-03 2.883600e-01
216 7.076800e-01 3.296000e-03 2.890240e-01
217 7.071400e-01 3.256000e-03 2.896040e-01
218 7.065760e-01 3.200000e-03 2.902240e-01
219 7.059480e-01 3.236000e-03 2.908160e-01
220 7.054520e-01 3.176000e-03 2.913720e-01
221 7.048440e-01 3.228000e-03 2.919280e-01
222 7.043040e-01 3.232000e-03 2.924640e-01
223 7.037960e-01 3.128000e-03 2.930760e-01
224 7.033000e-01 3.000000e-03 2.937000e-01
225 7.028440e-01 2.876000e-03 2.942800e-01
226 7.022560e-01 2.948000e-03 2.947960e-01
227 7.016160e-01 3.072000e-03 2.953120e-01
228 7.010600e-01 3.080000e-03 2.958600e-01
229 7.005840e-01 3.080000e-03 2.963360e-01
230 6.999920e-01 3.172000e-03 2.968360e-01
231 6.994320e-01 3.148000e-03 2.974200e-01
232 6.989360e-01 3.168000e-03 2.978960e-01
233 6.983440e-01 3.224000e-03 2.984320e-01
234 6.978800e-01 3.088000e-03 2.990320e-01
235 6.974400e-01 3.000000e-03 2.995600e-01
236 6.969840e-01 2.936000e-03 3.000800e-01
237 6.966480e-01 2.816000e-03 3.005360e-01
238 6.961880e-01 2.784000e-03 3.010280e-01
239 6.958440e-01 2.644000e-03 3.015120e-01
240 6.953480e-01 2.600000e-03 3.020520e-01
241 6.949520e-01 2.512000e-03 3.025360e-01
242 6.945760e-01 2.416000e-03 3.030080e-01
243 6.941520e-01 2.444000e-03 3.034040e-01
244 6.937080e-01 2.468000e-03 3.038240e-01
245 6.932720e-01 2.500000e-03 3.042280e-01
246 6.928560e-01 2.536000e-03 3.046080e-01
247 6.923760e-01 2.552000e-03 3.050720e-01
248 6.919560e-01 2.472000e-03 3.055720e-01
249 6.915000e-01 2.488000e-03 3.060120e-01
250 6.910480e-01 2.444000e-03 3.065080e-01
251 6.906080e-01 2.480000e-03 3.069120e-01
252 6.901800e-01 2.440000e-03 3.073800e-01
253 6.896800e-01 2.496000e-03 3.078240e-01
254 6.891880e-01 2.664000e-03 3.081480e-01
255 6.886800e-01 2.768000e-03 3.085520e-01
256 6.881880e-01 2.824000e-03 3.089880e-01
257 6.877320e-01 2.756000e-03 3.095120e-01
258 6.872680e-01 2.800000e-03 3.099320e-01
259 6.867560e-01 2.784000e-03 3.104600e-01
260 6.862360e-01 2.752000e-03 3.110120e-01
261 6.857760e-01 2.780000e-03 3.114440e-01
262 6.853320e-01 2.684000e-03 3.119840e-01
263 6.848280e-01 2.684000e-03 3.124880e-01
264 6.843320e-01 2.716000e-03 3.129520e-01
265 6.838920e-01 2.716000e-03 3.133920e-01
266 6.834080e-01 2.780000e-03 3.138120e-01
267 6.829120e-01 2.748000e-03 3.143400e-01
268 6.824560e-01 2.688000e-03 3.148560e-01
269 6.819760e-01 2.652000e-03 3.153720e-01
270 6.814520e-01 2.772000e-03 3.157760e-01
271 6.810320e-01 2.744000e-03 3.162240e-01
272 6.805120e-01 2.792000e-03 3.166960e-01
273 6.800320e-01 2.832000e-03 3.171360e-01
274 6.796560e-01 2.716000e-03 3.176280e-01
275 6.792280e-01 2.624000e-03 3.181480e-01
276 6.788520e-01 2.604000e-03 3.185440e-01
277 6.784480e-01 2.540000e-03 3.190120e-01
278 6.780120e-01 2.572000e-03 3.194160e-01
279 6.776240e-01 2.608000e-03 3.197680e-01
280 6.771440e-01 2.652000e-03 3.202040e-01
281 6.766080e-01 2.736000e-03 3.206560e-01
282 6.761240e-01 2.704000e-03 3.211720e-01
283 6.756760e-01 2.624000e-03 3.217000e-01
284 6.752240e-01 2.620000e-03 3.221560e-01
285 6.746320e-01 2.748000e-03 3.226200e-01
286 6.740800e-01 2.764000e-03 3.231560e-01
287 6.736800e-01 2.628000e-03 3.236920e-01
288 6.732040e-01 2.672000e-03 3.241240e-01
289 6.727800e-01 2.588000e-03 3.246320e-01
290 6.723760e-01 2.516000e-03 3.251080e-01
291 6.719400e-01 2.520000e-03 3.255400e-01
292 6.714280e-01 2.596000e-03 3.259760e-01
293 6.709720e-01 2.464000e-03 3.265640e-01
294 6.705000e-01 2.508000e-03 3.269920e-01
295 6.701560e-01 2.496000e-03 3.273480e-01
296 6.697520e-01 2.500000e-03 3.277480e-01
297 6.693760e-01 2.384000e-03 3.282400e-01
298 6.689040e-01 2.472000e-03 3.286240e-01
299 6.684960e-01 2.384000e-03 3.291200e-01
300 6.681680e-01 2.332000e-03 3.295000e-01
301 6.677640e-01 2.352000e-03 3.298840e-01
302 6.673720e-01 2.304000e-03 3.303240e-01
303 6.669840e-01 2.332000e-03 3.306840e-01
304 6.665680e-01 2.364000e-03 3.310680e-01
305 6.661320e-01 2.348000e-03 3.315200e-01
306 6.657560e-01 2.260000e-03 3.319840e-01
307 6.652280e-01 2.368000e-03 3.324040e-01
308 6.648080e-01 2.404000e-03 3.327880e-01
309 6.643760e-01 2.340000e-03 3.332840e-01
310 6.639800e-01 2.312000e-03 3.337080e-01
311 6.635200e-01 2.440000e-03 3.340400e-01
312 6.630400e-01 2.548000e-03 3.344120e-01
313 6.626120e-01 2.572000e-03 3.348160e-01
314 6.621680e-01 2.540000e-03 3.352920e-01
315 6.618280e-01 2.496000e-03 3.356760e-01
316 6.614040e-01 2.484000e-03 3.361120e-01
317 6.610680e-01 2.464000e-03 3.364680e-01
318 6.606480e-01 2.468000e-03 3.368840e-01
319 6.603400e-01 2.304000e-03 3.373560e-01
320 6.599760e-01 2.268000e-03 3.377560e-01
321 6.596160e-01 2.212000e-03 3.381720e-01
322 6.593040e-01 2.176000e-03 3.385200e-01
323 6.589160e-01 2.184000e-03 3.389000e-01
324 6.585000e-01 2.156000e-03 3.393440e-01
325 6.580920e-01 2.232000e-03 3.396760e-01
326 6.577320e-01 2.252000e-03 3.400160e-01
327 6.573320e-01 2.240000e-03 3.404280e-01
328 6.570240e-01 2.168000e-03 3.408080e-01
329 6.566840e-01 2.120000e-03 3.411960e-01
330 6.563680e-01 2.080000e-03 3.415520e-01
331 6.560200e-01 2.072000e-03 3.419080e-01
332 6.557000e-01 2.084000e-03 3.422160e-01
333 6.553080e-01 2.080000e-03 3.426120e-01
334 6.549720e-01 2.076000e-03 3.429520e-01
335 6.545880e-01 2.024000e-03 3.433880e-01
336 6.542160e-01 2.068000e-03 3.437160e-01
337 6.538240e-01 2.140000e-03 3.440360e-01
338 6.534840e-01 2.092000e-03 3.444240e-01
339 6.531840e-01 2.024000e-03 3.447920e-01
340 6.528320e-01 2.096000e-03 3.450720e-01
341 6.525320e-01 2.028000e-03 3.454400e-01
342 6.522200e-01 1.956000e-03 3.458240e-01
343 6.518560e-01 1.996000e-03 3.461480e-01
344 6.514600e-01 2.072000e-03 3.464680e-01
345 6.510840e-01 2.040000e-03 3.468760e-01
346 6.507800e-01 1.964000e-03 3.472560e-01
347 6.505000e-01 1.916000e-03 3.475840e-01
348 6.501720e-01 1.916000e-03 3.479120e-01
349 6.498320e-01 1.940000e-03 3.482280e-01
350 6.494720e-01 1.960000e-03 3.485680e-01
351 6.490920e-01 2.016000e-03 3.488920e-01
352 6.487720e-01 2.044000e-03 3.491840e-01
353 6.484520e-01 1.940000e-03 3.496080e-01
354 6.481560e-01 1.880000e-03 3.499640e-01
355 6.478880e-01 1.824000e-03 3.502880e-01
356 6.475560e-01 1.728000e-03 3.507160e-01
357 6.473480e-01 1.640000e-03 3.510120e-01
358 6.471000e-01 1.592000e-03 3.513080e-01
359 6.467960e-01 1.700000e-03 3.515040e-01
360 6.465960e-01 1.656000e-03 3.517480e-01
361 6.463160e-01 1.656000e-03 3.520280e-01
362 6.460520e-01 1.600000e-03 3.523480e-01
363 6.458240e-01 1.516000e-03 3.526600e-01
364 6.455560e-01 1.496000e-03 3.529480e-01
365 6.453400e-01 1.484000e-03 3.531760e-01
366 6.450600e-01 1.524000e-03 3.534160e-01
367 6.447760e-01 1.556000e-03 3.536680e-01
368 6.444600e-01 1.628000e-03 3.539120e-01
369 6.442840e-01 1.552000e-03 3.541640e-01
370 6.440440e-01 1.512000e-03 3.544440e-01
371 6.437880e-01 1.484000e-03 3.547280e-01
372 6.435920e-01 1.388000e-03 3.550200e-01
373 6.433000e-01 1.392000e-03 3.553080e-01
374 6.430320e-01 1.412000e-03 3.555560e-01
375 6.427720e-01 1.408000e-03 3.558200e-01
376 6.424920e-01 1.428000e-03 3.560800e-01
377 6.421680e-01 1.464000e-03 3.563680e-01
378 6.418760e-01 1.504000e-03 3.566200e-01
379 6.416480e-01 1.408000e-03 3.569440e-01
380 6.414440e-01 1.348000e-03 3.572080e-01
381 6.412000e-01 1.348000e-03 3.574520e-01
382 6.409600e-01 1.372000e-03 3.576680e-01
383 6.407640e-01 1.340000e-03 3.578960e-01
384 6.404960e-01 1.344000e-03 3.581600e-01
385 6.402240e-01 1.372000e-03 3.584040e-01
386 6.399560e-01 1.340000e-03 3.587040e-01
387 6.396240e-01 1.436000e-03 3.589400e-01
388 6.393880e-01 1.448000e-03 3.591640e-01
389 6.390880e-01 1.524000e-03 3.593880e-01
390 6.387680e-01 1.612000e-03 3.596200e-01
391 6.384560e-01 1.644000e-03 3.599000e-01
392 6.382040e-01 1.648000e-03 3.601480e-01
393 6.379720e-01 1.576000e-03 3.604520e-01
394 6.377960e-01 1.480000e-03 3.607240e-01
395 6.375960e-01 1.412000e-03 3.609920e-01
396 6.373800e-01 1.424000e-03 3.611960e-01
397 6.370880e-01 1.508000e-03 3.614040e-01
398 6.368520e-01 1.432000e-03 3.617160e-01
399 6.366080e-01 1.448000e-03 3.619440e-01
400 6.364200e-01 1.392000e-03 3.621880e-01
401 6.361960e-01 1.388000e-03 3.624160e-01
402 6.359800e-01 1.316000e-03 3.627040e-01
403 6.357720e-01 1.272000e-03 3.629560e-01
404 6.355880e-01 1.236000e-03 3.631760e-01
405 6.353480e-01 1.256000e-03 3.633960e-01
406 6.351080e-01 1.292000e-03 3.636000e-01
407 6.349040e-01 1.252000e-03 3.638440e-01
408 6.347280e-01 1.196000e-03 3.640760e-01
409 6.345360e-01 1.160000e-03 3.643040e-01
410 6.343680e-01 1.128000e-03 3.645040e-01
411 6.341200e-01 1.184000e-03 3.646960e-01
412 6.338600e-01 1.224000e-03 3.649160e-01
413 6.335360e-01 1.344000e-03 3.651200e-01
414 6.332800e-01 1.396000e-03 3.653240e-01
415 6.329400e-01 1.484000e-03 3.655760e-01
416 6.326240e-01 1.520000e-03 3.658560e-01
417 6.322880e-01 1.592000e-03 3.661200e-01
418 6.320360e-01 1.600000e-03 3.663640e-01
419 6.317320e-01 1.620000e-03 3.666480e-01
420 6.314840e-01 1.608000e-03 3.669080e-01
421 6.311800e-01 1.672000e-03 3.671480e-01
422 6.308400e-01 1.752000e-03 3.674080e-01
423 6.305240e-01 1.740000e-03 3.677360e-01
424 6.302520e-01 1.676000e-03 3.680720e-01
425 6.300640e-01 1.544000e-03 3.683920e-01
426 6.297640e-01 1.560000e-03 3.686760e-01
427 6.295000e-01 1.592000e-03 3.689080e-01
428 6.292480e-01 1.568000e-03 3.691840e-01
429 6.289520e-01 1.636000e-03 3.694120e-01
430 6.286960e-01 1.584000e-03 3.697200e-01
431 6.284640e-01 1.520000e-03 3.700160e-01
432 6.282160e-01 1.444000e-03 3.703400e-01
433 6.280000e-01 1.384000e-03 3.706160e-01
434 6.277680e-01 1.360000e-03 3.708720e-01
435 6.275520e-01 1.304000e-03 3.711440e-01
436 6.273440e-01 1.288000e-03 3.713680e-01
437 6.271000e-01 1.308000e-03 3.715920e-01
438 6.269520e-01 1.188000e-03 3.718600e-01
439 6.267480e-01 1.200000e-03 3.720520e-01
440 6.265480e-01 1.212000e-03 3.722400e-01
441 6.263960e-01 1.152000e-03 3.724520e-01
442 6.262120e-01 1.112000e-03 3.726760e-01
443 6.259960e-01 1.132000e-03 3.728720e-01
444 6.258400e-01 1.100000e-03 3.730600e-01
445 6.256760e-01 1.072000e-03 3.732520e-01
446 6.254880e-01 1.080000e-03 3.734320e-01
447 6.253000e-01 1.068000e-03 3.736320e-01
448 6.251080e-01 1.096000e-03 3.737960e-01
449 6.249520e-01 1.104000e-03 3.739440e-01
450 6.247440e-01 1.148000e-03 3.741080e-01
451 6.245520e-01 1.156000e-03 3.742920e-01
452 6.244080e-01 1.080000e-03 3.745120e-01
453 6.241800e-01 1.132000e-03 3.746880e-01
454 6.239600e-01 1.152000e-03 3.748880e-01
455 6.237600e-01 1.208000e-03 3.750320e-01
456 6.235360e-01 1.236000e-03 3.752280e-01
457 6.233680e-01 1.184000e-03 3.754480e-01
458 6.231960e-01 1.128000e-03 3.756760e-01
459 6.229640e-01 1.184000e-03 3.758520e-01
460 6.228080e-01 1.112000e-03 3.760800e-01
461 6.226680e-01 1.080000e-03 3.762520e-01
462 6.224920e-01 1.052000e-03 3.764560e-01
463 6.223280e-01 1.032000e-03 3.766400e-01
464 6.222120e-01 9.680000e-04 3.768200e-01
465 6.220800e-01 8.880000e-04 3.770320e-01
466 6.220040e-01 7.920000e-04 3.772040e-01
467 6.218920e-01 7.560000e-04 3.773520e-01
468 6.217840e-01 7.560000e-04 3.774600e-01
469 6.216240e-01 7.600000e-04 3.776160e-01
470 6.214920e-01 7.440000e-04 3.777640e-01
471 6.212920e-01 8.000000e-04 3.779080e-01
472 6.211720e-01 8.000000e-04 3.780280e-01
473 6.210800e-01 7.240000e-04 3.781960e-01
474 6.209560e-01 7.160000e-04 3.783280e-01
475 6.208600e-01 7.040000e-04 3.784360e-01
476 6.207280e-01 7.120000e-04 3.785600e-01
477 6.206240e-01 6.960000e-04 3.786800e-01
478 6.204880e-01 7.280000e-04 3.787840e-01
479 6.203920e-01 7.360000e-04 3.788720e-01
480 6.202560e-01 7.600000e-04 3.789840e-01
481 6.201200e-01 7.800000e-04 3.791000e-01
482 6.199400e-01 8.440000e-04 3.792160e-01
483 6.197480e-01 8.720000e-04 3.793800e-01
484 6.196400e-01 8.080000e-04 3.795520e-01
485 6.194920e-01 8.440000e-04 3.796640e-01
486 6.193320e-01 8.440000e-04 3.798240e-01
487 6.192000e-01 8.560000e-04 3.799440e-01
488 6.190720e-01 8.080000e-04 3.801200e-01
489 6.189240e-01 7.840000e-04 3.802920e-01
490 6.187520e-01 8.200000e-04 3.804280e-01
491 6.186040e-01 8.200000e-04 3.805760e-01
492 6.185080e-01 7.920000e-04 3.807000e-01
493 6.184000e-01 7.440000e-04 3.808560e-01
494 6.182400e-01 8.000000e-04 3.809600e-01
495 6.180600e-01 8.320000e-04 3.811080e-01
496 6.179280e-01 8.160000e-04 3.812560e-01
497 6.177800e-01 8.040000e-04 3.814160e-01
498 6.176240e-01 8.320000e-04 3.815440e-01
499 6.174440e-01 8.800000e-04 3.816760e-01
500 6.173040e-01 8.680000e-04 3.818280e-01
