1 9.992360e-01 6.640000e-04 1.000000e-04
2 9.987480e-01 9.920000e-04 2.600000e-04
3 9.981160e-01 1.356000e-03 5.280000e-04
4 9.973960e-01 1.800000e-03 8.040000e-04
5 9.965680e-01 2.268000e-03 1.164000e-03
6 9.957400e-01 2.696000e-03 1.564000e-03
7 9.949160e-01 3.056000e-03 2.028000e-03
8 9.938040e-01 3.544000e-03 2.652000e-03
9 9.928440e-01 3.856000e-03 3.300000e-03
10 9.919200e-01 4.060000e-03 4.020000e-03
11 9.907360e-01 4.500000e-03 4.764000e-03
12 9.896160e-01 4.844000e-03 5.540000e-03
13 9.884920e-01 5.104000e-03 6.404000e-03
14 9.873120e-01 5.468000e-03 7.220000e-03
15 9.860680e-01 5.664000e-03 8.268000e-03
16 9.847280e-01 5.964000e-03 9.308000e-03
17 9.831920e-01 6.400000e-03 1.040800e-02
18 9.816760e-01 6.772000e-03 1.155200e-02
19 9.801320e-01 7.060000e-03 1.280800e-02
20 9.787080e-01 7.300000e-03 1.399200e-02
21 9.773600e-01 7.360000e-03 1.528000e-02
22 9.759440e-01 7.316000e-03 1.674000e-02
23 9.746920e-01 7.400000e-03 1.790800e-02
24 9.733240e-01 7.432000e-03 1.924400e-02
25 9.719120e-01 7.648000e-03 2.044000e-02
26 9.704200e-01 7.832000e-03 2.174800e-02
27 9.688600e-01 7.940000e-03 2.320000e-02
28 9.673960e-01 8.040000e-03 2.456400e-02
29 9.657960e-01 8.160000e-03 2.604400e-02
30 9.644440e-01 8.032000e-03 2.752400e-02
31 9.630560e-01 8.036000e-03 2.890800e-02
32 9.615640e-01 8.112000e-03 3.032400e-02
33 9.599320e-01 8.348000e-03 3.172000e-02
34 9.582800e-01 8.560000e-03 3.316000e-02
35 9.567000e-01 8.688000e-03 3.461200e-02
36 9.552040e-01 8.660000e-03 3.613600e-02
37 9.535640e-01 8.912000e-03 3.752400e-02
38 9.520200e-01 8.808000e-03 3.917200e-02
39 9.503160e-01 8.856000e-03 4.082800e-02
40 9.487040e-01 8.928000e-03 4.236800e-02
41 9.472720e-01 8.836000e-03 4.389200e-02
42 9.455280e-01 9.000000e-03 4.547200e-02
43 9.436240e-01 9.344000e-03 4.703200e-02
44 9.418920e-01 9.412000e-03 4.869600e-02
45 9.402120e-01 9.400000e-03 5.038800e-02
46 9.385320e-01 9.476000e-03 5.199200e-02
47 9.367640e-01 9.540000e-03 5.369600e-02
48 9.350080e-01 9.604000e-03 5.538800e-02
49 9.333280e-01 9.644000e-03 5.702800e-02
50 9.316160e-01 9.628000e-03 5.875600e-02
51 9.299040e-01 9.768000e-03 6.032800e-02
52 9.281480e-01 9.972000e-03 6.188000e-02
53 9.265000e-01 9.932000e-03 6.356800e-02
54 9.247160e-01 9.944000e-03 6.534000e-02
55 9.230400e-01 9.880000e-03 6.708000e-02
56 9.213320e-01 9.952000e-03 6.871600e-02
57 9.197400e-01 9.988000e-03 7.027200e-02
58 9.179800e-01 1.010400e-02 7.191600e-02
59 9.163360e-01 1.006400e-02 7.360000e-02
60 9.144600e-01 1.005600e-02 7.548400e-02
61 9.125920e-01 1.000400e-02 7.740400e-02
62 9.109480e-01 9.964000e-03 7.908800e-02
63 9.091280e-01 9.992000e-03 8.088000e-02
64 9.072720e-01 1.017600e-02 8.255200e-02
65 9.054320e-01 1.035600e-02 8.421200e-02
66 9.034880e-01 1.046000e-02 8.605200e-02
67 9.015000e-01 1.053200e-02 8.796800e-02
68 8.997560e-01 1.041200e-02 8.983200e-02
69 8.977840e-01 1.062400e-02 9.159200e-02
70 8.959400e-01 1.062800e-02 9.343200e-02
71 8.940200e-01 1.060000e-02 9.538000e-02
72 8.921600e-01 1.053200e-02 9.730800e-02
73 8.904600e-01 1.045600e-02 9.908400e-02
74 8.886120e-01 1.050400e-02 1.008840e-01
75 8.866960e-01 1.060800e-02 1.026960e-01
76 8.847440e-01 1.064400e-02 1.046120e-01
77 8.830440e-01 1.050800e-02 1.064480e-01
78 8.812720e-01 1.049200e-02 1.082360e-01
79 8.795800e-01 1.030800e-02 1.101120e-01
80 8.779160e-01 1.037200e-02 1.117120e-01
81 8.764240e-01 1.018000e-02 1.133960e-01
82 8.747840e-01 9.996000e-03 1.152200e-01
83 8.731240e-01 9.900000e-03 1.169760e-01
84 8.714240e-01 9.892000e-03 1.186840e-01
85 8.695960e-01 9.944000e-03 1.204600e-01
86 8.678520e-01 1.000800e-02 1.221400e-01
87 8.660680e-01 1.005600e-02 1.238760e-01
88 8.644120e-01 9.996000e-03 1.255920e-01
89 8.625560e-01 1.018800e-02 1.272560e-01
90 8.608480e-01 1.019600e-02 1.289560e-01
91 8.592800e-01 1.004000e-02 1.306800e-01
92 8.575680e-01 9.952000e-03 1.324800e-01
93 8.559720e-01 9.924000e-03 1.341040e-01
94 8.541480e-01 9.920000e-03 1.359320e-01
95 8.524760e-01 9.904000e-03 1.376200e-01
96 8.506760e-01 1.004800e-02 1.392760e-01
97 8.489480e-01 9.992000e-03 1.410600e-01
98 8.473160e-01 9.780000e-03 1.429040e-01
99 8.457480e-01 9.632000e-03 1.446200e-01
100 8.439360e-01 9.752000e-03 1.463120e-01
101 8.422520e-01 9.716000e-03 1.480320e-01
102 8.406920e-01 9.460000e-03 1.498480e-01
103 8.390880e-01 9.468000e-03 1.514440e-01
104 8.375520e-01 9.292000e-03 1.531560e-01
105 8.360320e-01 9.264000e-03 1.547040e-01
106 8.346520e-01 9.052000e-03 1.562960e-01
107 8.330640e-01 9.036000e-03 1.579000e-01
108 8.315480e-01 9.008000e-03 1.594440e-01
109 8.298640e-01 9.064000e-03 1.610720e-01
110 8.283440e-01 8.984000e-03 1.626720e-01
111 8.268560e-01 8.900000e-03 1.642440e-01
112 8.254640e-01 8.584000e-03 1.659520e-01
113 8.239920e-01 8.564000e-03 1.674440e-01
114 8.225080e-01 8.604000e-03 1.688880e-01
115 8.209320e-01 8.796000e-03 1.702720e-01
116 8.192400e-01 9.000000e-03 1.717600e-01
117 8.175400e-01 9.156000e-03 1.733040e-01
118 8.158720e-01 9.172000e-03 1.749560e-01
119 8.142480e-01 9.088000e-03 1.766640e-01
120 8.128000e-01 9.004000e-03 1.781960e-01
121 8.110960e-01 9.284000e-03 1.796200e-01
122 8.094000e-01 9.328000e-03 1.812720e-01
123 8.077760e-01 9.196000e-03 1.830280e-01
124 8.063320e-01 9.052000e-03 1.846160e-01
125 8.047880e-01 9.012000e-03 1.862000e-01
126 8.033320e-01 8.924000e-03 1.877440e-01
127 8.017080e-01 8.868000e-03 1.894240e-01
128 8.000240e-01 9.128000e-03 1.908480e-01
129 7.986160e-01 8.920000e-03 1.924640e-01
130 7.971360e-01 8.840000e-03 1.940240e-01
131 7.956760e-01 8.792000e-03 1.955320e-01
132 7.941720e-01 8.880000e-03 1.969480e-01
133 7.926440e-01 8.908000e-03 1.984480e-01
134 7.910920e-01 8.864000e-03 2.000440e-01
135 7.896880e-01 8.636000e-03 2.016760e-01
136 7.881680e-01 8.640000e-03 2.031920e-01
137 7.866360e-01 8.608000e-03 2.047560e-01
138 7.851920e-01 8.532000e-03 2.062760e-01
139 7.837960e-01 8.404000e-03 2.078000e-01
140 7.823720e-01 8.308000e-03 2.093200e-01
141 7.807400e-01 8.488000e-03 2.107720e-01
142 7.793280e-01 8.336000e-03 2.123360e-01
143 7.780320e-01 8.180000e-03 2.137880e-01
144 7.767320e-01 8.140000e-03 2.151280e-01
145 7.753480e-01 8.020000e-03 2.166320e-01
146 7.740720e-01 7.952000e-03 2.179760e-01
147 7.724480e-01 8.188000e-03 2.193640e-01
148 7.711000e-01 8.180000e-03 2.207200e-01
149 7.696160e-01 8.204000e-03 2.221800e-01
150 7.681400e-01 8.184000e-03 2.236760e-01
151 7.667440e-01 7.984000e-03 2.252720e-01
152 7.654000e-01 7.952000e-03 2.266480e-01
153 7.640880e-01 7.872000e-03 2.280400e-01
154 7.628760e-01 7.820000e-03 2.293040e-01
155 7.617440e-01 7.572000e-03 2.306840e-01
156 7.605280e-01 7.432000e-03 2.320400e-01
157 7.592800e-01 7.428000e-03 2.332920e-01
158 7.581640e-01 7.312000e-03 2.345240e-01
159 7.569600e-01 7.284000e-03 2.357560e-01
160 7.558560e-01 7.028000e-03 2.371160e-01
161 7.545600e-01 7.144000e-03 2.382960e-01
162 7.533400e-01 7.196000e-03 2.394640e-01
163 7.520480e-01 7.268000e-03 2.406840e-01
164 7.508480e-01 7.224000e-03 2.419280e-01
165 7.496960e-01 7.072000e-03 2.432320e-01
166 7.485800e-01 6.896000e-03 2.445240e-01
167 7.474400e-01 6.864000e-03 2.456960e-01
168 7.463080e-01 6.872000e-03 2.468200e-01
169 7.453040e-01 6.844000e-03 2.478520e-01
170 7.441280e-01 6.920000e-03 2.489520e-01
171 7.429360e-01 6.812000e-03 2.502520e-01
172 7.418720e-01 6.676000e-03 2.514520e-01
173 7.407800e-01 6.660000e-03 2.525600e-01
174 7.396200e-01 6.644000e-03 2.537360e-01
175 7.384400e-01 6.756000e-03 2.548040e-01
176 7.372640e-01 6.772000e-03 2.559640e-01
177 7.360840e-01 6.792000e-03 2.571240e-01
178 7.349760e-01 6.672000e-03 2.583520e-01
179 7.338360e-01 6.656000e-03 2.595080e-01
180 7.326760e-01 6.716000e-03 2.606080e-01
181 7.315680e-01 6.736000e-03 2.616960e-01
182 7.306720e-01 6.508000e-03 2.628200e-01
183 7.294880e-01 6.564000e-03 2.639480e-01
184 7.283280e-01 6.616000e-03 2.650560e-01
185 7.272720e-01 6.396000e-03 2.663320e-01
186 7.260560e-01 6.520000e-03 2.674240e-01
187 7.250280e-01 6.444000e-03 2.685280e-01
188 7.239360e-01 6.448000e-03 2.696160e-01
189 7.228160e-01 6.404000e-03 2.707800e-01
190 7.218120e-01 6.192000e-03 2.719960e-01
191 7.207280e-01 6.164000e-03 2.731080e-01
192 7.197280e-01 6.140000e-03 2.741320e-01
193 7.187480e-01 6.024000e-03 2.752280e-01
194 7.176800e-01 6.044000e-03 2.762760e-01
195 7.166840e-01 5.984000e-03 2.773320e-01
196 7.157600e-01 5.812000e-03 2.784280e-01
197 7.146760e-01 5.972000e-03 2.793520e-01
198 7.136640e-01 5.996000e-03 2.803400e-01
199 7.127320e-01 5.880000e-03 2.813880e-01
200 7.117160e-01 5.772000e-03 2.825120e-01
201 7.107440e-01 5.764000e-03 2.834920e-01
202 7.097080e-01 5.788000e-03 2.845040e-01
203 7.087520e-01 5.780000e-03 2.854680e-01
204 7.076680e-01 5.904000e-03 2.864280e-01
205 7.066120e-01 5.920000e-03 2.874680e-01
206 7.055360e-01 6.000000e-03 2.884640e-01
207 7.044760e-01 5.944000e-03 2.895800e-01
208 7.033080e-01 6.060000e-03 2.906320e-01
209 7.021360e-01 6.148000e-03 2.917160e-01
210 7.010800e-01 6.212000e-03 2.927080e-01
211 6.998960e-01 6.276000e-03 2.938280e-01
212 6.987400e-01 6.260000e-03 2.950000e-01
213 6.974960e-01 6.396000e-03 2.961080e-01
214 6.963440e-01 6.380000e-03 2.972760e-01
215 6.951640e-01 6.308000e-03 2.985280e-01
216 6.940600e-01 6.328000e-03 2.996120e-01
217 6.928280e-01 6.392000e-03 3.007800e-01
218 6.918120e-01 6.324000e-03 3.018640e-01
219 6.906960e-01 6.292000e-03 3.030120e-01
220 6.896600e-01 6.152000e-03 3.041880e-01
221 6.884960e-01 6.356000e-03 3.051480e-01
222 6.873920e-01 6.352000e-03 3.062560e-01
223 6.863280e-01 6.416000e-03 3.072560e-01
224 6.852920e-01 6.328000e-03 3.083800e-01
225 6.843200e-01 6.220000e-03 3.094600e-01
226 6.833040e-01 6.224000e-03 3.104720e-01
227 6.822720e-01 6.176000e-03 3.115520e-01
228 6.813160e-01 6.024000e-03 3.126600e-01
229 6.803040e-01 6.004000e-03 3.136920e-01
230 6.795120e-01 5.748000e-03 3.147400e-01
231 6.785760e-01 5.696000e-03 3.157280e-01
232 6.775840e-01 5.720000e-03 3.166960e-01
233 6.766400e-01 5.752000e-03 3.176080e-01
234 6.756960e-01 5.692000e-03 3.186120e-01
235 6.747240e-01 5.716000e-03 3.195600e-01
236 6.737480e-01 5.740000e-03 3.205120e-01
237 6.727520e-01 5.712000e-03 3.215360e-01
238 6.717600e-01 5.704000e-03 3.225360e-01
239 6.707480e-01 5.824000e-03 3.234280e-01
240 6.697440e-01 5.852000e-03 3.244040e-01
241 6.685120e-01 6.036000e-03 3.254520e-01
242 6.674280e-01 6.072000e-03 3.265000e-01
243 6.662880e-01 6.168000e-03 3.275440e-01
244 6.652600e-01 6.176000e-03 3.285640e-01
245 6.642880e-01 6.192000e-03 3.295200e-01
246 6.634480e-01 5.988000e-03 3.305640e-01
247 6.625800e-01 5.856000e-03 3.315640e-01
248 6.617040e-01 5.728000e-03 3.325680e-01
249 6.608360e-01 5.536000e-03 3.336280e-01
250 6.600240e-01 5.396000e-03 3.345800e-01
251 6.591360e-01 5.268000e-03 3.355960e-01
252 6.584000e-01 5.172000e-03 3.364280e-01
253 6.575200e-01 5.244000e-03 3.372360e-01
254 6.567120e-01 5.156000e-03 3.381320e-01
255 6.559880e-01 5.024000e-03 3.389880e-01
256 6.552680e-01 4.916000e-03 3.398160e-01
257 6.546280e-01 4.788000e-03 3.405840e-01
258 6.539040e-01 4.716000e-03 3.413800e-01
259 6.531760e-01 4.656000e-03 3.421680e-01
260 6.525520e-01 4.504000e-03 3.429440e-01
261 6.518280e-01 4.496000e-03 3.436760e-01
262 6.510800e-01 4.456000e-03 3.444640e-01
263 6.502640e-01 4.516000e-03 3.452200e-01
264 6.495160e-01 4.476000e-03 3.460080e-01
265 6.488400e-01 4.300000e-03 3.468600e-01
266 6.481120e-01 4.304000e-03 3.475840e-01
267 6.473400e-01 4.272000e-03 3.483880e-01
268 6.466520e-01 4.188000e-03 3.491600e-01
269 6.458840e-01 4.212000e-03 3.499040e-01
270 6.451040e-01 4.240000e-03 3.506560e-01
271 6.443560e-01 4.368000e-03 3.512760e-01
272 6.435360e-01 4.392000e-03 3.520720e-01
273 6.427960e-01 4.300000e-03 3.529040e-01
274 6.421600e-01 4.236000e-03 3.536040e-01
275 6.415680e-01 4.076000e-03 3.543560e-01
276 6.409800e-01 4.000000e-03 3.550200e-01
277 6.403120e-01 3.936000e-03 3.557520e-01
278 6.397080e-01 3.904000e-03 3.563880e-01
279 6.391280e-01 3.872000e-03 3.570000e-01
280 6.384720e-01 3.864000e-03 3.576640e-01
281 6.378680e-01 3.768000e-03 3.583640e-01
282 6.373200e-01 3.640000e-03 3.590400e-01
283 6.366480e-01 3.648000e-03 3.597040e-01
284 6.360840e-01 3.576000e-03 3.603400e-01
285 6.354240e-01 3.568000e-03 3.610080e-01
286 6.348960e-01 3.504000e-03 3.616000e-01
287 6.344040e-01 3.524000e-03 3.620720e-01
288 6.338800e-01 3.468000e-03 3.626520e-01
289 6.334320e-01 3.304000e-03 3.632640e-01
290 6.328440e-01 3.372000e-03 3.637840e-01
291 6.323120e-01 3.336000e-03 3.643520e-01
292 6.318440e-01 3.296000e-03 3.648600e-01
293 6.312360e-01 3.232000e-03 3.655320e-01
294 6.305960e-01 3.316000e-03 3.660880e-01
295 6.301120e-01 3.196000e-03 3.666920e-01
296 6.296320e-01 3.148000e-03 3.672200e-01
297 6.290800e-01 3.108000e-03 3.678120e-01
298 6.285440e-01 3.072000e-03 3.683840e-01
299 6.280800e-01 3.000000e-03 3.689200e-01
300 6.276480e-01 2.952000e-03 3.694000e-01
301 6.271200e-01 2.976000e-03 3.699040e-01
302 6.265600e-01 3.060000e-03 3.703800e-01
303 6.259600e-01 3.080000e-03 3.709600e-01
304 6.254320e-01 3.048000e-03 3.715200e-01
305 6.249480e-01 2.988000e-03 3.720640e-01
306 6.244600e-01 2.948000e-03 3.725920e-01
307 6.239600e-01 2.988000e-03 3.730520e-01
308 6.235880e-01 2.768000e-03 3.736440e-01
309 6.230720e-01 2.824000e-03 3.741040e-01
310 6.226000e-01 2.812000e-03 3.745880e-01
311 6.220240e-01 2.864000e-03 3.751120e-01
312 6.215960e-01 2.784000e-03 3.756200e-01
313 6.211160e-01 2.840000e-03 3.760440e-01
314 6.206120e-01 2.912000e-03 3.764760e-01
315 6.201040e-01 2.820000e-03 3.770760e-01
316 6.196640e-01 2.792000e-03 3.775440e-01
317 6.191160e-01 2.888000e-03 3.779960e-01
318 6.186480e-01 2.860000e-03 3.784920e-01
319 6.180680e-01 3.032000e-03 3.789000e-01
320 6.176280e-01 2.976000e-03 3.793960e-01
321 6.172320e-01 2.820000e-03 3.799480e-01
322 6.168560e-01 2.768000e-03 3.803760e-01
323 6.164520e-01 2.692000e-03 3.808560e-01
324 6.160240e-01 2.616000e-03 3.813600e-01
325 6.156360e-01 2.452000e-03 3.819120e-01
326 6.153480e-01 2.328000e-03 3.823240e-01
327 6.149840e-01 2.272000e-03 3.827440e-01
328 6.146960e-01 2.156000e-03 3.831480e-01
329 6.143160e-01 2.164000e-03 3.835200e-01
330 6.140200e-01 2.060000e-03 3.839200e-01
331 6.136800e-01 2.004000e-03 3.843160e-01
332 6.134400e-01 1.928000e-03 3.846320e-01
333 6.131560e-01 1.864000e-03 3.849800e-01
334 6.128880e-01 1.844000e-03 3.852680e-01
335 6.126320e-01 1.832000e-03 3.855360e-01
336 6.123480e-01 1.836000e-03 3.858160e-01
337 6.120160e-01 1.856000e-03 3.861280e-01
338 6.116680e-01 1.856000e-03 3.864760e-01
339 6.113600e-01 1.800000e-03 3.868400e-01
340 6.110120e-01 1.840000e-03 3.871480e-01
341 6.107080e-01 1.804000e-03 3.874880e-01
342 6.104320e-01 1.816000e-03 3.877520e-01
343 6.100800e-01 1.776000e-03 3.881440e-01
344 6.097760e-01 1.804000e-03 3.884200e-01
345 6.093640e-01 1.944000e-03 3.886920e-01
346 6.089840e-01 2.024000e-03 3.889920e-01
347 6.085680e-01 2.004000e-03 3.894280e-01
348 6.082080e-01 2.032000e-03 3.897600e-01
349 6.078520e-01 2.032000e-03 3.901160e-01
350 6.075120e-01 1.976000e-03 3.905120e-01
351 6.071760e-01 1.988000e-03 3.908360e-01
352 6.067760e-01 1.980000e-03 3.912440e-01
353 6.064560e-01 1.940000e-03 3.916040e-01
354 6.062320e-01 1.788000e-03 3.919800e-01
355 6.059320e-01 1.792000e-03 3.922760e-01
356 6.055840e-01 1.820000e-03 3.925960e-01
357 6.052720e-01 1.808000e-03 3.929200e-01
358 6.049880e-01 1.768000e-03 3.932440e-01
359 6.046240e-01 1.800000e-03 3.935760e-01
360 6.042800e-01 1.840000e-03 3.938800e-01
361 6.039120e-01 1.856000e-03 3.942320e-01
362 6.034880e-01 2.000000e-03 3.945120e-01
363 6.031400e-01 2.024000e-03 3.948360e-01
364 6.027680e-01 2.008000e-03 3.952240e-01
365 6.024440e-01 1.996000e-03 3.955600e-01
366 6.021320e-01 1.976000e-03 3.958920e-01
367 6.018240e-01 1.972000e-03 3.962040e-01
368 6.015520e-01 1.908000e-03 3.965400e-01
369 6.013040e-01 1.784000e-03 3.969120e-01
370 6.009720e-01 1.788000e-03 3.972400e-01
371 6.005680e-01 1.904000e-03 3.975280e-01
372 6.001760e-01 1.976000e-03 3.978480e-01
373 5.998280e-01 1.988000e-03 3.981840e-01
374 5.994240e-01 2.004000e-03 3.985720e-01
375 5.991200e-01 1.992000e-03 3.988880e-01
376 5.987440e-01 1.988000e-03 3.992680e-01
377 5.983720e-01 1.980000e-03 3.996480e-01
378 5.981200e-01 1.876000e-03 4.000040e-01
379 5.978200e-01 1.800000e-03 4.003800e-01
380 5.975280e-01 1.728000e-03 4.007440e-01
381 5.972760e-01 1.644000e-03 4.010800e-01
382 5.969360e-01 1.668000e-03 4.013960e-01
383 5.966720e-01 1.640000e-03 4.016880e-01
384 5.963480e-01 1.712000e-03 4.019400e-01
385 5.960880e-01 1.676000e-03 4.022360e-01
386 5.958560e-01 1.620000e-03 4.025240e-01
387 5.956160e-01 1.580000e-03 4.028040e-01
388 5.953720e-01 1.532000e-03 4.030960e-01
389 5.950440e-01 1.664000e-03 4.032920e-01
390 5.947680e-01 1.664000e-03 4.035680e-01
391 5.944320e-01 1.692000e-03 4.038760e-01
392 5.941680e-01 1.644000e-03 4.041880e-01
393 5.939480e-01 1.580000e-03 4.044720e-01
394 5.937480e-01 1.528000e-03 4.047240e-01
395 5.935120e-01 1.560000e-03 4.049280e-01
396 5.932720e-01 1.504000e-03 4.052240e-01
397 5.930000e-01 1.492000e-03 4.055080e-01
398 5.927480e-01 1.500000e-03 4.057520e-01
399 5.924960e-01 1.496000e-03 4.060080e-01
400 5.922560e-01 1.500000e-03 4.062440e-01
401 5.920320e-01 1.496000e-03 4.064720e-01
402 5.918280e-01 1.484000e-03 4.066880e-01
403 5.916280e-01 1.468000e-03 4.069040e-01
404 5.914240e-01 1.428000e-03 4.071480e-01
405 5.912320e-01 1.396000e-03 4.073720e-01
406 5.910120e-01 1.356000e-03 4.076320e-01
407 5.907800e-01 1.352000e-03 4.078680e-01
408 5.905560e-01 1.304000e-03 4.081400e-01
409 5.903720e-01 1.200000e-03 4.084280e-01
410 5.902320e-01 1.144000e-03 4.086240e-01
411 5.900760e-01 1.136000e-03 4.087880e-01
412 5.899160e-01 1.056000e-03 4.090280e-01
413 5.897560e-01 1.076000e-03 4.091680e-01
414 5.896200e-01 1.032000e-03 4.093480e-01
415 5.894400e-01 1.028000e-03 4.095320e-01
416 5.892160e-01 1.084000e-03 4.097000e-01
417 5.890360e-01 1.032000e-03 4.099320e-01
418 5.888560e-01 1.052000e-03 4.100920e-01
419 5.886560e-01 1.076000e-03 4.102680e-01
420 5.884680e-01 1.080000e-03 4.104520e-01
421 5.882320e-01 1.116000e-03 4.106520e-01
422 5.880120e-01 1.164000e-03 4.108240e-01
423 5.877960e-01 1.184000e-03 4.110200e-01
424 5.875640e-01 1.204000e-03 4.112320e-01
425 5.873560e-01 1.196000e-03 4.114480e-01
426 5.871760e-01 1.172000e-03 4.116520e-01
427 5.869360e-01 1.164000e-03 4.119000e-01
428 5.867560e-01 1.100000e-03 4.121440e-01
429 5.865720e-01 1.144000e-03 4.122840e-01
430 5.863600e-01 1.164000e-03 4.124760e-01
431 5.861840e-01 1.116000e-03 4.127000e-01
432 5.860560e-01 1.052000e-03 4.128920e-01
433 5.859320e-01 9.720000e-04 4.130960e-01
434 5.858400e-01 9.080000e-04 4.132520e-01
435 5.856760e-01 9.360000e-04 4.133880e-01
436 5.855560e-01 8.720000e-04 4.135720e-01
437 5.854160e-01 8.480000e-04 4.137360e-01
438 5.853000e-01 8.200000e-04 4.138800e-01
439 5.851640e-01 8.240000e-04 4.140120e-01
440 5.850560e-01 7.960000e-04 4.141480e-01
441 5.849120e-01 8.200000e-04 4.142680e-01
442 5.847640e-01 8.000000e-04 4.144360e-01
443 5.846160e-01 8.120000e-04 4.145720e-01
444 5.844960e-01 7.880000e-04 4.147160e-01
445 5.843480e-01 7.800000e-04 4.148720e-01
446 5.842240e-01 7.880000e-04 4.149880e-01
447 5.840800e-01 7.800000e-04 4.151400e-01
448 5.839040e-01 8.080000e-04 4.152880e-01
449 5.837400e-01 8.480000e-04 4.154120e-01
450 5.836200e-01 7.960000e-04 4.155840e-01
451 5.835120e-01 7.120000e-04 4.157760e-01
452 5.834080e-01 6.800000e-04 4.159120e-01
453 5.832720e-01 7.000000e-04 4.160280e-01
454 5.831480e-01 7.080000e-04 4.161440e-01
455 5.829960e-01 7.480000e-04 4.162560e-01
456 5.828560e-01 7.800000e-04 4.163640e-01
457 5.827520e-01 7.720000e-04 4.164760e-01
458 5.826720e-01 6.960000e-04 4.166320e-01
459 5.824960e-01 7.320000e-04 4.167720e-01
460 5.823920e-01 7.200000e-04 4.168880e-01
461 5.822560e-01 7.440000e-04 4.170000e-01
462 5.820880e-01 8.080000e-04 4.171040e-01
463 5.818960e-01 8.680000e-04 4.172360e-01
464 5.817040e-01 9.120000e-04 4.173840e-01
465 5.815360e-01 8.760000e-04 4.175880e-01
466 5.814000e-01 8.960000e-04 4.177040e-01
467 5.812160e-01 9.200000e-04 4.178640e-01
468 5.810640e-01 9.040000e-04 4.180320e-01
469 5.809120e-01 8.720000e-04 4.182160e-01
470 5.807680e-01 9.240000e-04 4.183080e-01
471 5.805640e-01 9.720000e-04 4.184640e-01
472 5.804400e-01 9.240000e-04 4.186360e-01
473 5.803080e-01 8.680000e-04 4.188240e-01
474 5.801240e-01 8.880000e-04 4.189880e-01
475 5.800040e-01 8.520000e-04 4.191440e-01
476 5.798080e-01 8.960000e-04 4.192960e-01
477 5.796840e-01 8.560000e-04 4.194600e-01
478 5.794400e-01 9.680000e-04 4.195920e-01
479 5.792000e-01 1.048000e-03 4.197520e-01
480 5.790560e-01 1.016000e-03 4.199280e-01
481 5.788200e-01 1.088000e-03 4.200920e-01
482 5.786840e-01 1.012000e-03 4.203040e-01
483 5.784920e-01 1.004000e-03 4.205040e-01
484 5.783520e-01 1.016000e-03 4.206320e-01
485 5.782480e-01 8.960000e-04 4.208560e-01
486 5.781240e-01 8.320000e-04 4.210440e-01
487 5.779280e-01 8.880000e-04 4.211840e-01
488 5.777680e-01 8.680000e-04 4.213640e-01
489 5.775920e-01 9.160000e-04 4.214920e-01
490 5.774440e-01 9.040000e-04 4.216520e-01
491 5.772800e-01 8.960000e-04 4.218240e-01
492 5.771480e-01 8.800000e-04 4.219720e-01
493 5.770280e-01 8.560000e-04 4.221160e-01
494 5.769000e-01 8.440000e-04 4.222560e-01
495 5.767680e-01 8.520000e-04 4.223800e-01
496 5.766600e-01 8.360000e-04 4.225040e-01
497 5.765080e-01 8.480000e-04 4.226440e-01
498 5.763440e-01 8.440000e-04 4.228120e-01
499 5.762160e-01 8.520000e-04 4.229320e-01
500 5.760680e-01 8.280000e-04 4.231040e-01
