1 9.992880e-01 6.240000e-04 8.800000e-05
2 9.987440e-01 1.076000e-03 1.800000e-04
3 9.979080e-01 1.704000e-03 3.880000e-04
4 9.970080e-01 2.256000e-03 7.360000e-04
5 9.960080e-01 2.840000e-03 1.152000e-03
6 9.949880e-01 3.428000e-03 1.584000e-03
7 9.939200e-01 3.864000e-03 2.216000e-03
8 9.927080e-01 4.400000e-03 2.892000e-03
9 9.915200e-01 4.784000e-03 3.696000e-03
10 9.903520e-01 5.048000e-03 4.600000e-03
11 9.893360e-01 5.144000e-03 5.520000e-03
12 9.881800e-01 5.444000e-03 6.376000e-03
13 9.868480e-01 5.716000e-03 7.436000e-03
14 9.856400e-01 6.004000e-03 8.356000e-03
15 9.843120e-01 6.236000e-03 9.452000e-03
16 9.830360e-01 6.452000e-03 1.051200e-02
17 9.815400e-01 6.848000e-03 1.161200e-02
18 9.801600e-01 7.028000e-03 1.281200e-02
19 9.785920e-01 7.344000e-03 1.406400e-02
20 9.770760e-01 7.540000e-03 1.538400e-02
21 9.756120e-01 7.588000e-03 1.680000e-02
22 9.740760e-01 7.816000e-03 1.810800e-02
23 9.723600e-01 8.236000e-03 1.940400e-02
24 9.708400e-01 8.140000e-03 2.102000e-02
25 9.692120e-01 8.296000e-03 2.249200e-02
26 9.677000e-01 8.340000e-03 2.396000e-02
27 9.660720e-01 8.504000e-03 2.542400e-02
28 9.643760e-01 8.620000e-03 2.700400e-02
29 9.627400e-01 8.648000e-03 2.861200e-02
30 9.611000e-01 8.704000e-03 3.019600e-02
31 9.594480e-01 8.772000e-03 3.178000e-02
32 9.579200e-01 8.764000e-03 3.331600e-02
33 9.562760e-01 8.732000e-03 3.499200e-02
34 9.545920e-01 8.904000e-03 3.650400e-02
35 9.528280e-01 9.124000e-03 3.804800e-02
36 9.511360e-01 9.184000e-03 3.968000e-02
37 9.493840e-01 9.324000e-03 4.129200e-02
38 9.477960e-01 9.284000e-03 4.292000e-02
39 9.460400e-01 9.316000e-03 4.464400e-02
40 9.444320e-01 9.188000e-03 4.638000e-02
41 9.426040e-01 9.364000e-03 4.803200e-02
42 9.407680e-01 9.620000e-03 4.961200e-02
43 9.386920e-01 9.960000e-03 5.134800e-02
44 9.367640e-01 1.024400e-02 5.299200e-02
45 9.348120e-01 1.036000e-02 5.482800e-02
46 9.328080e-01 1.051600e-02 5.667600e-02
47 9.305400e-01 1.087200e-02 5.858800e-02
48 9.285120e-01 1.107600e-02 6.041200e-02
49 9.265040e-01 1.122000e-02 6.227600e-02
50 9.245440e-01 1.123200e-02 6.422400e-02
51 9.227040e-01 1.111200e-02 6.618400e-02
52 9.207520e-01 1.110000e-02 6.814800e-02
53 9.188600e-01 1.110400e-02 7.003600e-02
54 9.167760e-01 1.126800e-02 7.195600e-02
55 9.149960e-01 1.108400e-02 7.392000e-02
56 9.129000e-01 1.135200e-02 7.574800e-02
57 9.109960e-01 1.135200e-02 7.765200e-02
58 9.089240e-01 1.131200e-02 7.976400e-02
59 9.068600e-01 1.140000e-02 8.174000e-02
60 9.049400e-01 1.134800e-02 8.371200e-02
61 9.030200e-01 1.120000e-02 8.578000e-02
62 9.010640e-01 1.128400e-02 8.765200e-02
63 8.990360e-01 1.114000e-02 8.982400e-02
64 8.970000e-01 1.116000e-02 9.184000e-02
65 8.949840e-01 1.119200e-02 9.382400e-02
66 8.927960e-01 1.146400e-02 9.574000e-02
67 8.909480e-01 1.120400e-02 9.784800e-02
68 8.890480e-01 1.109200e-02 9.986000e-02
69 8.871600e-01 1.096800e-02 1.018720e-01
70 8.853800e-01 1.095600e-02 1.036640e-01
71 8.836000e-01 1.084000e-02 1.055600e-01
72 8.817920e-01 1.090400e-02 1.073040e-01
73 8.800960e-01 1.071600e-02 1.091880e-01
74 8.783800e-01 1.052400e-02 1.110960e-01
75 8.766120e-01 1.040800e-02 1.129800e-01
76 8.749360e-01 1.033600e-02 1.147280e-01
77 8.732960e-01 1.003600e-02 1.166680e-01
78 8.717880e-01 9.768000e-03 1.184440e-01
79 8.700640e-01 9.844000e-03 1.200920e-01
80 8.684160e-01 9.824000e-03 1.217600e-01
81 8.668320e-01 9.520000e-03 1.236480e-01
82 8.653120e-01 9.476000e-03 1.252120e-01
83 8.636080e-01 9.608000e-03 1.267840e-01
84 8.619840e-01 9.520000e-03 1.284960e-01
85 8.604080e-01 9.524000e-03 1.300680e-01
86 8.588440e-01 9.376000e-03 1.317800e-01
87 8.571520e-01 9.452000e-03 1.333960e-01
88 8.554720e-01 9.636000e-03 1.348920e-01
89 8.537800e-01 9.660000e-03 1.365600e-01
90 8.520080e-01 9.804000e-03 1.381880e-01
91 8.503800e-01 9.932000e-03 1.396880e-01
92 8.486560e-01 1.001600e-02 1.413280e-01
93 8.469800e-01 9.896000e-03 1.431240e-01
94 8.453240e-01 9.752000e-03 1.449240e-01
95 8.435560e-01 9.760000e-03 1.466840e-01
96 8.419160e-01 9.568000e-03 1.485160e-01
97 8.401680e-01 9.660000e-03 1.501720e-01
98 8.383560e-01 9.832000e-03 1.518120e-01
99 8.365800e-01 1.001600e-02 1.534040e-01
100 8.347320e-01 1.008400e-02 1.551840e-01
101 8.330200e-01 9.920000e-03 1.570600e-01
102 8.313320e-01 9.952000e-03 1.587160e-01
103 8.297240e-01 9.780000e-03 1.604960e-01
104 8.279960e-01 9.832000e-03 1.621720e-01
105 8.262160e-01 9.868000e-03 1.639160e-01
106 8.244440e-01 9.996000e-03 1.655600e-01
107 8.227440e-01 9.956000e-03 1.673000e-01
108 8.209040e-01 1.006800e-02 1.690280e-01
109 8.191920e-01 1.004000e-02 1.707680e-01
110 8.174680e-01 1.016400e-02 1.723680e-01
111 8.155960e-01 1.032800e-02 1.740760e-01
112 8.138680e-01 1.021600e-02 1.759160e-01
113 8.121840e-01 1.012000e-02 1.776960e-01
114 8.105840e-01 1.005600e-02 1.793600e-01
115 8.089440e-01 9.796000e-03 1.812600e-01
116 8.073320e-01 9.788000e-03 1.828800e-01
117 8.056520e-01 9.720000e-03 1.846280e-01
118 8.039920e-01 9.552000e-03 1.864560e-01
119 8.023640e-01 9.608000e-03 1.880280e-01
120 8.007320e-01 9.560000e-03 1.897080e-01
121 7.991160e-01 9.476000e-03 1.914080e-01
122 7.975120e-01 9.392000e-03 1.930960e-01
123 7.959040e-01 9.372000e-03 1.947240e-01
124 7.943960e-01 9.204000e-03 1.964000e-01
125 7.929440e-01 8.972000e-03 1.980840e-01
126 7.914960e-01 8.872000e-03 1.996320e-01
127 7.899640e-01 8.916000e-03 2.011200e-01
128 7.883320e-01 8.852000e-03 2.028160e-01
129 7.870000e-01 8.668000e-03 2.043320e-01
130 7.855280e-01 8.564000e-03 2.059080e-01
131 7.840200e-01 8.628000e-03 2.073520e-01
132 7.825280e-01 8.604000e-03 2.088680e-01
133 7.809600e-01 8.660000e-03 2.103800e-01
134 7.794440e-01 8.716000e-03 2.118400e-01
135 7.778520e-01 8.892000e-03 2.132560e-01
136 7.762280e-01 8.860000e-03 2.149120e-01
137 7.746000e-01 9.040000e-03 2.163600e-01
138 7.731480e-01 8.872000e-03 2.179800e-01
139 7.716120e-01 8.912000e-03 2.194760e-01
140 7.700480e-01 8.960000e-03 2.209920e-01
141 7.686720e-01 8.712000e-03 2.226160e-01
142 7.670840e-01 8.836000e-03 2.240800e-01
143 7.656200e-01 8.692000e-03 2.256880e-01
144 7.641880e-01 8.632000e-03 2.271800e-01
145 7.627440e-01 8.588000e-03 2.286680e-01
146 7.614160e-01 8.360000e-03 2.302240e-01
147 7.600640e-01 8.264000e-03 2.316720e-01
148 7.587120e-01 8.164000e-03 2.331240e-01
149 7.573520e-01 8.160000e-03 2.344880e-01
150 7.562680e-01 7.836000e-03 2.358960e-01
151 7.549160e-01 7.988000e-03 2.370960e-01
152 7.536400e-01 7.872000e-03 2.384880e-01
153 7.523320e-01 7.836000e-03 2.398320e-01
154 7.511280e-01 7.660000e-03 2.412120e-01
155 7.498240e-01 7.552000e-03 2.426240e-01
156 7.485560e-01 7.500000e-03 2.439440e-01
157 7.471560e-01 7.616000e-03 2.452280e-01
158 7.459120e-01 7.520000e-03 2.465680e-01
159 7.447680e-01 7.412000e-03 2.478200e-01
160 7.435480e-01 7.416000e-03 2.490360e-01
161 7.423080e-01 7.324000e-03 2.503680e-01
162 7.411760e-01 7.144000e-03 2.516800e-01
163 7.400160e-01 7.092000e-03 2.528920e-01
164 7.386600e-01 7.224000e-03 2.541160e-01
165 7.373760e-01 7.072000e-03 2.555520e-01
166 7.363600e-01 6.932000e-03 2.567080e-01
167 7.353000e-01 6.812000e-03 2.578880e-01
168 7.341040e-01 6.696000e-03 2.592000e-01
169 7.329720e-01 6.572000e-03 2.604560e-01
170 7.317600e-01 6.656000e-03 2.615840e-01
171 7.305600e-01 6.604000e-03 2.628360e-01
172 7.293080e-01 6.664000e-03 2.640280e-01
173 7.281120e-01 6.804000e-03 2.650840e-01
174 7.270440e-01 6.736000e-03 2.662200e-01
175 7.259040e-01 6.828000e-03 2.672680e-01
176 7.247000e-01 6.768000e-03 2.685320e-01
177 7.235080e-01 6.712000e-03 2.697800e-01
178 7.222880e-01 6.756000e-03 2.709560e-01
179 7.209760e-01 6.780000e-03 2.722440e-01
180 7.197720e-01 6.788000e-03 2.734400e-01
181 7.185240e-01 6.856000e-03 2.746200e-01
182 7.173920e-01 6.896000e-03 2.757120e-01
183 7.162400e-01 6.864000e-03 2.768960e-01
184 7.151080e-01 6.776000e-03 2.781160e-01
185 7.138360e-01 6.840000e-03 2.793240e-01
186 7.125880e-01 6.916000e-03 2.804960e-01
187 7.114320e-01 6.836000e-03 2.817320e-01
188 7.103320e-01 6.688000e-03 2.829800e-01
189 7.090880e-01 6.636000e-03 2.842760e-01
190 7.080160e-01 6.516000e-03 2.854680e-01
191 7.069040e-01 6.468000e-03 2.866280e-01
192 7.057480e-01 6.476000e-03 2.877760e-01
193 7.046280e-01 6.464000e-03 2.889080e-01
194 7.035160e-01 6.488000e-03 2.899960e-01
195 7.025360e-01 6.288000e-03 2.911760e-01
196 7.014240e-01 6.328000e-03 2.922480e-01
197 7.004200e-01 6.336000e-03 2.932440e-01
198 6.995120e-01 6.136000e-03 2.943520e-01
199 6.985200e-01 6.104000e-03 2.953760e-01
200 6.975720e-01 5.960000e-03 2.964680e-01
201 6.966960e-01 5.760000e-03 2.975440e-01
202 6.958520e-01 5.620000e-03 2.985280e-01
203 6.948960e-01 5.596000e-03 2.995080e-01
204 6.939920e-01 5.492000e-03 3.005160e-01
205 6.931080e-01 5.476000e-03 3.014160e-01
206 6.921080e-01 5.404000e-03 3.024880e-01
207 6.912400e-01 5.248000e-03 3.035120e-01
208 6.903360e-01 5.204000e-03 3.044600e-01
209 6.894520e-01 5.156000e-03 3.053920e-01
210 6.886120e-01 5.060000e-03 3.063280e-01
211 6.877240e-01 5.140000e-03 3.071360e-01
212 6.868920e-01 5.088000e-03 3.080200e-01
213 6.860760e-01 5.076000e-03 3.088480e-01
214 6.852840e-01 5.008000e-03 3.097080e-01
215 6.844960e-01 4.916000e-03 3.105880e-01
216 6.837080e-01 4.844000e-03 3.114480e-01
217 6.828280e-01 4.920000e-03 3.122520e-01
218 6.818240e-01 5.036000e-03 3.131400e-01
219 6.808320e-01 5.152000e-03 3.140160e-01
220 6.798080e-01 5.196000e-03 3.149960e-01
221 6.788400e-01 5.316000e-03 3.158440e-01
222 6.778920e-01 5.304000e-03 3.168040e-01
223 6.769840e-01 5.264000e-03 3.177520e-01
224 6.759640e-01 5.284000e-03 3.187520e-01
225 6.749480e-01 5.316000e-03 3.197360e-01
226 6.740920e-01 5.144000e-03 3.207640e-01
227 6.733360e-01 5.096000e-03 3.215680e-01
228 6.725000e-01 5.072000e-03 3.224280e-01
229 6.716760e-01 4.916000e-03 3.234080e-01
230 6.708720e-01 4.996000e-03 3.241320e-01
231 6.700120e-01 5.028000e-03 3.249600e-01
232 6.691640e-01 4.960000e-03 3.258760e-01
233 6.682960e-01 4.924000e-03 3.267800e-01
234 6.673560e-01 4.948000e-03 3.276960e-01
235 6.664680e-01 4.956000e-03 3.285760e-01
236 6.655280e-01 4.988000e-03 3.294840e-01
237 6.646640e-01 5.008000e-03 3.303280e-01
238 6.636040e-01 5.152000e-03 3.312440e-01
239 6.626200e-01 5.172000e-03 3.322080e-01
240 6.615760e-01 5.384000e-03 3.330400e-01
241 6.605400e-01 5.476000e-03 3.339840e-01
242 6.596080e-01 5.456000e-03 3.349360e-01
243 6.584640e-01 5.652000e-03 3.358840e-01
244 6.574640e-01 5.696000e-03 3.368400e-01
245 6.565160e-01 5.596000e-03 3.378880e-01
246 6.555320e-01 5.508000e-03 3.389600e-01
247 6.546240e-01 5.364000e-03 3.400120e-01
248 6.537160e-01 5.300000e-03 3.409840e-01
249 6.527520e-01 5.408000e-03 3.418400e-01
250 6.518800e-01 5.288000e-03 3.428320e-01
251 6.509720e-01 5.228000e-03 3.438000e-01
252 6.500440e-01 5.132000e-03 3.448240e-01
253 6.490800e-01 5.240000e-03 3.456800e-01
254 6.481800e-01 5.184000e-03 3.466360e-01
255 6.474000e-01 5.040000e-03 3.475600e-01
256 6.465520e-01 4.936000e-03 3.485120e-01
257 6.456200e-01 4.956000e-03 3.494240e-01
258 6.448760e-01 4.808000e-03 3.503160e-01
259 6.440360e-01 4.876000e-03 3.510880e-01
260 6.431800e-01 4.892000e-03 3.519280e-01
261 6.423520e-01 4.928000e-03 3.527200e-01
262 6.415400e-01 4.880000e-03 3.535800e-01
263 6.406960e-01 4.908000e-03 3.543960e-01
264 6.397960e-01 4.876000e-03 3.553280e-01
265 6.388480e-01 4.912000e-03 3.562400e-01
266 6.378600e-01 4.948000e-03 3.571920e-01
267 6.370120e-01 4.780000e-03 3.582080e-01
268 6.362600e-01 4.768000e-03 3.589720e-01
269 6.354000e-01 4.756000e-03 3.598440e-01
270 6.345520e-01 4.776000e-03 3.606720e-01
271 6.337200e-01 4.752000e-03 3.615280e-01
272 6.329280e-01 4.736000e-03 3.623360e-01
273 6.320720e-01 4.772000e-03 3.631560e-01
274 6.313880e-01 4.556000e-03 3.640560e-01
275 6.305760e-01 4.640000e-03 3.647840e-01
276 6.298080e-01 4.672000e-03 3.655200e-01
277 6.289600e-01 4.768000e-03 3.662720e-01
278 6.281600e-01 4.728000e-03 3.671120e-01
279 6.273040e-01 4.708000e-03 3.679880e-01
280 6.265920e-01 4.536000e-03 3.688720e-01
281 6.257960e-01 4.616000e-03 3.695880e-01
282 6.250480e-01 4.500000e-03 3.704520e-01
283 6.242640e-01 4.536000e-03 3.712000e-01
284 6.235360e-01 4.496000e-03 3.719680e-01
285 6.226440e-01 4.656000e-03 3.727000e-01
286 6.220000e-01 4.484000e-03 3.735160e-01
287 6.212560e-01 4.364000e-03 3.743800e-01
288 6.206160e-01 4.240000e-03 3.751440e-01
289 6.199280e-01 4.196000e-03 3.758760e-01
290 6.191320e-01 4.256000e-03 3.766120e-01
291 6.183640e-01 4.292000e-03 3.773440e-01
292 6.175920e-01 4.276000e-03 3.781320e-01
293 6.168720e-01 4.196000e-03 3.789320e-01
294 6.161000e-01 4.260000e-03 3.796400e-01
295 6.153960e-01 4.316000e-03 3.802880e-01
296 6.147040e-01 4.272000e-03 3.810240e-01
297 6.139800e-01 4.352000e-03 3.816680e-01
298 6.132760e-01 4.312000e-03 3.824120e-01
299 6.124760e-01 4.364000e-03 3.831600e-01
300 6.118640e-01 4.196000e-03 3.839400e-01
301 6.111360e-01 4.208000e-03 3.846560e-01
302 6.104840e-01 4.168000e-03 3.853480e-01
303 6.098120e-01 4.072000e-03 3.861160e-01
304 6.091520e-01 3.964000e-03 3.868840e-01
305 6.084560e-01 3.992000e-03 3.875520e-01
306 6.077520e-01 3.980000e-03 3.882680e-01
307 6.069680e-01 4.060000e-03 3.889720e-01
308 6.063000e-01 3.964000e-03 3.897360e-01
309 6.056520e-01 4.020000e-03 3.903280e-01
310 6.049840e-01 4.008000e-03 3.910080e-01
311 6.043960e-01 4.024000e-03 3.915800e-01
312 6.037720e-01 3.996000e-03 3.922320e-01
313 6.031400e-01 3.920000e-03 3.929400e-01
314 6.026080e-01 3.788000e-03 3.936040e-01
315 6.019920e-01 3.572000e-03 3.944360e-01
316 6.013800e-01 3.632000e-03 3.949880e-01
317 6.008640e-01 3.544000e-03 3.955920e-01
318 6.002480e-01 3.520000e-03 3.962320e-01
319 5.995720e-01 3.504000e-03 3.969240e-01
320 5.990600e-01 3.408000e-03 3.975320e-01
321 5.985520e-01 3.336000e-03 3.981120e-01
322 5.979680e-01 3.292000e-03 3.987400e-01
323 5.973400e-01 3.312000e-03 3.993480e-01
324 5.967760e-01 3.300000e-03 3.999240e-01
325 5.962200e-01 3.276000e-03 4.005040e-01
326 5.956680e-01 3.260000e-03 4.010720e-01
327 5.950720e-01 3.312000e-03 4.016160e-01
328 5.945040e-01 3.304000e-03 4.021920e-01
329 5.938120e-01 3.424000e-03 4.027640e-01
330 5.930840e-01 3.504000e-03 4.034120e-01
331 5.924920e-01 3.448000e-03 4.040600e-01
332 5.919280e-01 3.368000e-03 4.047040e-01
333 5.913320e-01 3.424000e-03 4.052440e-01
334 5.907440e-01 3.432000e-03 4.058240e-01
335 5.901480e-01 3.472000e-03 4.063800e-01
336 5.895960e-01 3.332000e-03 4.070720e-01
337 5.891280e-01 3.300000e-03 4.075720e-01
338 5.885920e-01 3.304000e-03 4.081040e-01
339 5.880920e-01 3.140000e-03 4.087680e-01
340 5.876200e-01 3.036000e-03 4.093440e-01
341 5.870920e-01 3.032000e-03 4.098760e-01
342 5.865120e-01 3.040000e-03 4.104480e-01
343 5.859200e-01 3.052000e-03 4.110280e-01
344 5.854040e-01 3.028000e-03 4.115680e-01
345 5.849160e-01 2.960000e-03 4.121240e-01
346 5.843440e-01 3.000000e-03 4.126560e-01
347 5.837480e-01 3.056000e-03 4.131960e-01
348 5.831840e-01 3.100000e-03 4.137160e-01
349 5.826360e-01 3.104000e-03 4.142600e-01
350 5.820200e-01 3.184000e-03 4.147960e-01
351 5.814040e-01 3.288000e-03 4.153080e-01
352 5.808360e-01 3.344000e-03 4.158200e-01
353 5.802600e-01 3.320000e-03 4.164200e-01
354 5.797840e-01 3.188000e-03 4.170280e-01
355 5.792920e-01 3.124000e-03 4.175840e-01
356 5.787440e-01 3.168000e-03 4.180880e-01
357 5.782320e-01 3.064000e-03 4.187040e-01
358 5.776400e-01 3.120000e-03 4.192400e-01
359 5.770720e-01 3.120000e-03 4.198080e-01
360 5.765040e-01 3.120000e-03 4.203760e-01
361 5.759800e-01 3.084000e-03 4.209360e-01
362 5.755120e-01 2.956000e-03 4.215320e-01
363 5.750160e-01 2.984000e-03 4.220000e-01
364 5.744360e-01 3.036000e-03 4.225280e-01
365 5.738840e-01 3.116000e-03 4.230000e-01
366 5.732840e-01 3.228000e-03 4.234880e-01
367 5.727120e-01 3.240000e-03 4.240480e-01
368 5.721120e-01 3.236000e-03 4.246520e-01
369 5.715960e-01 3.244000e-03 4.251600e-01
370 5.709040e-01 3.340000e-03 4.257560e-01
371 5.702760e-01 3.412000e-03 4.263120e-01
372 5.695640e-01 3.548000e-03 4.268880e-01
373 5.688560e-01 3.700000e-03 4.274440e-01
374 5.683000e-01 3.620000e-03 4.280800e-01
375 5.676600e-01 3.640000e-03 4.287000e-01
376 5.670440e-01 3.600000e-03 4.293560e-01
377 5.665080e-01 3.556000e-03 4.299360e-01
378 5.657760e-01 3.632000e-03 4.305920e-01
379 5.651720e-01 3.520000e-03 4.313080e-01
380 5.645520e-01 3.532000e-03 4.319160e-01
381 5.639440e-01 3.588000e-03 4.324680e-01
382 5.633240e-01 3.560000e-03 4.331160e-01
383 5.627560e-01 3.548000e-03 4.336960e-01
384 5.622120e-01 3.548000e-03 4.342400e-01
385 5.617360e-01 3.384000e-03 4.348800e-01
386 5.611880e-01 3.364000e-03 4.354480e-01
387 5.607400e-01 3.244000e-03 4.360160e-01
388 5.602080e-01 3.160000e-03 4.366320e-01
389 5.597160e-01 3.096000e-03 4.371880e-01
390 5.592200e-01 3.060000e-03 4.377200e-01
391 5.587240e-01 3.132000e-03 4.381440e-01
392 5.582120e-01 3.076000e-03 4.387120e-01
393 5.576920e-01 3.096000e-03 4.392120e-01
394 5.571920e-01 3.064000e-03 4.397440e-01
395 5.567320e-01 3.040000e-03 4.402280e-01
396 5.562640e-01 3.016000e-03 4.407200e-01
397 5.558120e-01 2.956000e-03 4.412320e-01
398 5.553000e-01 2.956000e-03 4.417440e-01
399 5.548080e-01 2.904000e-03 4.422880e-01
400 5.543120e-01 2.876000e-03 4.428120e-01
401 5.537720e-01 2.896000e-03 4.433320e-01
402 5.532040e-01 2.892000e-03 4.439040e-01
403 5.528200e-01 2.768000e-03 4.444120e-01
404 5.524360e-01 2.652000e-03 4.449120e-01
405 5.520240e-01 2.604000e-03 4.453720e-01
406 5.516200e-01 2.572000e-03 4.458080e-01
407 5.511960e-01 2.540000e-03 4.462640e-01
408 5.508120e-01 2.480000e-03 4.467080e-01
409 5.504560e-01 2.424000e-03 4.471200e-01
410 5.501280e-01 2.364000e-03 4.475080e-01
411 5.497160e-01 2.364000e-03 4.479200e-01
412 5.493080e-01 2.324000e-03 4.483680e-01
413 5.489040e-01 2.320000e-03 4.487760e-01
414 5.484960e-01 2.364000e-03 4.491400e-01
415 5.480760e-01 2.352000e-03 4.495720e-01
416 5.476200e-01 2.432000e-03 4.499480e-01
417 5.470560e-01 2.512000e-03 4.504320e-01
418 5.465360e-01 2.576000e-03 4.508880e-01
419 5.461600e-01 2.484000e-03 4.513560e-01
420 5.457200e-01 2.524000e-03 4.517560e-01
421 5.452920e-01 2.452000e-03 4.522560e-01
422 5.448880e-01 2.440000e-03 4.526720e-01
423 5.444760e-01 2.424000e-03 4.531000e-01
424 5.440520e-01 2.368000e-03 4.535800e-01
425 5.436280e-01 2.424000e-03 4.539480e-01
426 5.431920e-01 2.388000e-03 4.544200e-01
427 5.428320e-01 2.308000e-03 4.548600e-01
428 5.424640e-01 2.296000e-03 4.552400e-01
429 5.420840e-01 2.316000e-03 4.556000e-01
430 5.417880e-01 2.196000e-03 4.560160e-01
431 5.414240e-01 2.240000e-03 4.563360e-01
432 5.409600e-01 2.312000e-03 4.567280e-01
433 5.405280e-01 2.268000e-03 4.572040e-01
434 5.400520e-01 2.340000e-03 4.576080e-01
435 5.396160e-01 2.376000e-03 4.580080e-01
436 5.392360e-01 2.396000e-03 4.583680e-01
437 5.388160e-01 2.352000e-03 4.588320e-01
438 5.384760e-01 2.308000e-03 4.592160e-01
439 5.381480e-01 2.232000e-03 4.596200e-01
440 5.377520e-01 2.248000e-03 4.600000e-01
441 5.374160e-01 2.228000e-03 4.603560e-01
442 5.369800e-01 2.312000e-03 4.607080e-01
443 5.366880e-01 2.176000e-03 4.611360e-01
444 5.363280e-01 2.152000e-03 4.615200e-01
445 5.359520e-01 2.220000e-03 4.618280e-01
446 5.356080e-01 2.216000e-03 4.621760e-01
447 5.351840e-01 2.216000e-03 4.626000e-01
448 5.347840e-01 2.232000e-03 4.629840e-01
449 5.343680e-01 2.300000e-03 4.633320e-01
450 5.339760e-01 2.268000e-03 4.637560e-01
451 5.336000e-01 2.220000e-03 4.641800e-01
452 5.333040e-01 2.036000e-03 4.646600e-01
453 5.329240e-01 2.060000e-03 4.650160e-01
454 5.325640e-01 2.112000e-03 4.653240e-01
455 5.322360e-01 2.100000e-03 4.656640e-01
456 5.318480e-01 2.116000e-03 4.660360e-01
457 5.314760e-01 2.088000e-03 4.664360e-01
458 5.311520e-01 2.004000e-03 4.668440e-01
459 5.308400e-01 2.024000e-03 4.671360e-01
460 5.305160e-01 2.064000e-03 4.674200e-01
461 5.301960e-01 1.956000e-03 4.678480e-01
462 5.299040e-01 1.928000e-03 4.681680e-01
463 5.296160e-01 1.900000e-03 4.684840e-01
464 5.293360e-01 1.836000e-03 4.688280e-01
465 5.289880e-01 1.868000e-03 4.691440e-01
466 5.286600e-01 1.892000e-03 4.694480e-01
467 5.283320e-01 1.928000e-03 4.697400e-01
468 5.279640e-01 1.980000e-03 4.700560e-01
469 5.275960e-01 2.028000e-03 4.703760e-01
470 5.272440e-01 2.052000e-03 4.707040e-01
471 5.268600e-01 2.124000e-03 4.710160e-01
472 5.264920e-01 2.116000e-03 4.713920e-01
473 5.261920e-01 2.068000e-03 4.717400e-01
474 5.258680e-01 2.076000e-03 4.720560e-01
475 5.255120e-01 2.052000e-03 4.724360e-01
476 5.251800e-01 2.072000e-03 4.727480e-01
477 5.248560e-01 2.012000e-03 4.731320e-01
478 5.246040e-01 1.868000e-03 4.735280e-01
479 5.243120e-01 1.872000e-03 4.738160e-01
480 5.240560e-01 1.836000e-03 4.741080e-01
481 5.237760e-01 1.808000e-03 4.744160e-01
482 5.235240e-01 1.744000e-03 4.747320e-01
483 5.232840e-01 1.712000e-03 4.750040e-01
484 5.230880e-01 1.556000e-03 4.753560e-01
485 5.228680e-01 1.552000e-03 4.755800e-01
486 5.226320e-01 1.524000e-03 4.758440e-01
487 5.224360e-01 1.420000e-03 4.761440e-01
488 5.222640e-01 1.320000e-03 4.764160e-01
489 5.220840e-01 1.296000e-03 4.766200e-01
490 5.218440e-01 1.320000e-03 4.768360e-01
491 5.216120e-01 1.348000e-03 4.770400e-01
492 5.214440e-01 1.240000e-03 4.773160e-01
493 5.212240e-01 1.232000e-03 4.775440e-01
494 5.210840e-01 1.148000e-03 4.777680e-01
495 5.209240e-01 1.104000e-03 4.779720e-01
496 5.207400e-01 1.116000e-03 4.781440e-01
497 5.205480e-01 1.104000e-03 4.783480e-01
498 5.203560e-01 1.112000e-03 4.785320e-01
499 5.201960e-01 1.032000e-03 4.787720e-01
500 5.199280e-01 1.108000e-03 4.789640e-01
