1 9.991840e-01 7.120000e-04 1.040000e-04
2 9.986280e-01 1.084000e-03 2.880000e-04
3 9.980080e-01 1.412000e-03 5.800000e-04
4 9.974400e-01 1.704000e-03 8.560000e-04
5 9.965760e-01 2.200000e-03 1.224000e-03
6 9.956520e-01 2.700000e-03 1.648000e-03
7 9.947640e-01 3.116000e-03 2.120000e-03
8 9.938640e-01 3.480000e-03 2.656000e-03
9 9.928640e-01 3.884000e-03 3.252000e-03
10 9.916680e-01 4.364000e-03 3.968000e-03
11 9.904720e-01 4.724000e-03 4.804000e-03
12 9.893960e-01 4.944000e-03 5.660000e-03
13 9.881560e-01 5.260000e-03 6.584000e-03
14 9.868640e-01 5.512000e-03 7.624000e-03
15 9.856080e-01 5.816000e-03 8.576000e-03
16 9.843440e-01 6.004000e-03 9.652000e-03
17 9.830240e-01 6.256000e-03 1.072000e-02
18 9.817400e-01 6.496000e-03 1.176400e-02
19 9.803120e-01 6.796000e-03 1.289200e-02
20 9.788640e-01 7.032000e-03 1.410400e-02
21 9.774800e-01 7.240000e-03 1.528000e-02
22 9.758000e-01 7.708000e-03 1.649200e-02
23 9.743480e-01 7.664000e-03 1.798800e-02
24 9.727200e-01 7.888000e-03 1.939200e-02
25 9.709800e-01 8.228000e-03 2.079200e-02
26 9.693160e-01 8.512000e-03 2.217200e-02
27 9.676640e-01 8.648000e-03 2.368800e-02
28 9.660680e-01 8.612000e-03 2.532000e-02
29 9.645880e-01 8.500000e-03 2.691200e-02
30 9.630440e-01 8.424000e-03 2.853200e-02
31 9.615720e-01 8.540000e-03 2.988800e-02
32 9.599600e-01 8.552000e-03 3.148800e-02
33 9.582800e-01 8.836000e-03 3.288400e-02
34 9.566520e-01 8.924000e-03 3.442400e-02
35 9.547920e-01 9.224000e-03 3.598400e-02
36 9.530320e-01 9.468000e-03 3.750000e-02
37 9.511400e-01 9.656000e-03 3.920400e-02
38 9.493080e-01 9.828000e-03 4.086400e-02
39 9.476400e-01 9.872000e-03 4.248800e-02
40 9.456560e-01 1.022400e-02 4.412000e-02
41 9.437320e-01 1.031600e-02 4.595200e-02
42 9.419400e-01 1.031600e-02 4.774400e-02
43 9.400480e-01 1.033600e-02 4.961600e-02
44 9.382840e-01 1.031200e-02 5.140400e-02
45 9.363560e-01 1.039200e-02 5.325200e-02
46 9.344200e-01 1.065200e-02 5.492800e-02
47 9.326120e-01 1.060400e-02 5.678400e-02
48 9.305760e-01 1.072000e-02 5.870400e-02
49 9.286680e-01 1.070800e-02 6.062400e-02
50 9.268200e-01 1.078800e-02 6.239200e-02
51 9.248520e-01 1.072400e-02 6.442400e-02
52 9.229600e-01 1.076800e-02 6.627200e-02
53 9.210560e-01 1.078400e-02 6.816000e-02
54 9.193280e-01 1.056800e-02 7.010400e-02
55 9.176000e-01 1.055600e-02 7.184400e-02
56 9.157600e-01 1.061200e-02 7.362800e-02
57 9.138960e-01 1.048000e-02 7.562400e-02
58 9.120600e-01 1.060000e-02 7.734000e-02
59 9.104120e-01 1.042800e-02 7.916000e-02
60 9.086480e-01 1.026000e-02 8.109200e-02
61 9.067760e-01 1.046800e-02 8.275600e-02
62 9.049920e-01 1.040400e-02 8.460400e-02
63 9.031480e-01 1.048800e-02 8.636400e-02
64 9.012920e-01 1.064400e-02 8.806400e-02
65 8.992000e-01 1.080000e-02 9.000000e-02
66 8.971640e-01 1.101600e-02 9.182000e-02
67 8.951960e-01 1.112000e-02 9.368400e-02
68 8.933920e-01 1.109200e-02 9.551600e-02
69 8.913760e-01 1.104000e-02 9.758400e-02
70 8.893360e-01 1.109200e-02 9.957200e-02
71 8.872360e-01 1.139200e-02 1.013720e-01
72 8.850760e-01 1.161200e-02 1.033120e-01
73 8.829160e-01 1.174000e-02 1.053440e-01
74 8.808720e-01 1.173200e-02 1.073960e-01
75 8.787440e-01 1.176400e-02 1.094920e-01
76 8.768040e-01 1.171200e-02 1.114840e-01
77 8.746120e-01 1.191200e-02 1.134760e-01
78 8.727400e-01 1.174800e-02 1.155120e-01
79 8.707880e-01 1.177600e-02 1.174360e-01
80 8.687920e-01 1.173200e-02 1.194760e-01
81 8.667120e-01 1.181600e-02 1.214720e-01
82 8.647360e-01 1.170000e-02 1.235640e-01
83 8.627120e-01 1.164800e-02 1.256400e-01
84 8.606840e-01 1.158800e-02 1.277280e-01
85 8.588360e-01 1.138000e-02 1.297840e-01
86 8.567880e-01 1.169600e-02 1.315160e-01
87 8.548040e-01 1.178000e-02 1.334160e-01
88 8.529280e-01 1.158400e-02 1.354880e-01
89 8.509960e-01 1.151600e-02 1.374880e-01
90 8.492040e-01 1.144400e-02 1.393520e-01
91 8.471160e-01 1.162000e-02 1.412640e-01
92 8.452520e-01 1.158400e-02 1.431640e-01
93 8.434000e-01 1.154800e-02 1.450520e-01
94 8.414160e-01 1.135600e-02 1.472280e-01
95 8.397320e-01 1.099200e-02 1.492760e-01
96 8.379320e-01 1.102400e-02 1.510440e-01
97 8.362440e-01 1.082000e-02 1.529360e-01
98 8.346000e-01 1.063200e-02 1.547680e-01
99 8.328640e-01 1.059200e-02 1.565440e-01
100 8.309760e-01 1.060000e-02 1.584240e-01
101 8.291080e-01 1.058800e-02 1.603040e-01
102 8.274120e-01 1.042400e-02 1.621640e-01
103 8.256320e-01 1.057600e-02 1.637920e-01
104 8.238880e-01 1.044000e-02 1.656720e-01
105 8.221360e-01 1.033600e-02 1.675280e-01
106 8.204760e-01 1.008400e-02 1.694400e-01
107 8.188480e-01 1.002400e-02 1.711280e-01
108 8.172480e-01 9.812000e-03 1.729400e-01
109 8.156680e-01 9.656000e-03 1.746760e-01
110 8.139120e-01 9.748000e-03 1.763400e-01
111 8.122720e-01 9.632000e-03 1.780960e-01
112 8.106440e-01 9.572000e-03 1.797840e-01
113 8.091040e-01 9.632000e-03 1.812640e-01
114 8.076000e-01 9.420000e-03 1.829800e-01
115 8.058800e-01 9.512000e-03 1.846080e-01
116 8.044640e-01 9.200000e-03 1.863360e-01
117 8.028360e-01 9.284000e-03 1.878800e-01
118 8.013160e-01 9.200000e-03 1.894840e-01
119 7.997840e-01 9.128000e-03 1.910880e-01
120 7.983160e-01 9.108000e-03 1.925760e-01
121 7.969240e-01 8.804000e-03 1.942720e-01
122 7.953760e-01 8.820000e-03 1.958040e-01
123 7.939080e-01 8.812000e-03 1.972800e-01
124 7.922640e-01 8.796000e-03 1.989400e-01
125 7.906880e-01 8.876000e-03 2.004360e-01
126 7.890200e-01 9.004000e-03 2.019760e-01
127 7.874160e-01 8.928000e-03 2.036560e-01
128 7.858320e-01 8.908000e-03 2.052600e-01
129 7.841640e-01 8.892000e-03 2.069440e-01
130 7.825800e-01 8.896000e-03 2.085240e-01
131 7.810160e-01 8.932000e-03 2.100520e-01
132 7.794440e-01 8.896000e-03 2.116600e-01
133 7.777960e-01 8.924000e-03 2.132800e-01
134 7.762640e-01 8.932000e-03 2.148040e-01
135 7.747520e-01 8.756000e-03 2.164920e-01
136 7.732680e-01 8.796000e-03 2.179360e-01
137 7.718080e-01 8.600000e-03 2.195920e-01
138 7.703720e-01 8.504000e-03 2.211240e-01
139 7.689920e-01 8.296000e-03 2.227120e-01
140 7.676720e-01 8.064000e-03 2.242640e-01
141 7.664080e-01 7.928000e-03 2.256640e-01
142 7.650120e-01 7.812000e-03 2.271760e-01
143 7.637320e-01 7.672000e-03 2.285960e-01
144 7.622720e-01 7.792000e-03 2.299360e-01
145 7.608000e-01 7.836000e-03 2.313640e-01
146 7.593280e-01 7.996000e-03 2.326760e-01
147 7.580440e-01 7.900000e-03 2.340560e-01
148 7.567800e-01 7.924000e-03 2.352960e-01
149 7.553880e-01 8.016000e-03 2.365960e-01
150 7.538600e-01 8.176000e-03 2.379640e-01
151 7.525040e-01 8.024000e-03 2.394720e-01
152 7.510720e-01 8.040000e-03 2.408880e-01
153 7.495880e-01 8.220000e-03 2.421920e-01
154 7.479560e-01 8.392000e-03 2.436520e-01
155 7.466000e-01 8.332000e-03 2.450680e-01
156 7.450600e-01 8.412000e-03 2.465280e-01
157 7.436960e-01 8.120000e-03 2.481840e-01
158 7.422480e-01 8.192000e-03 2.495600e-01
159 7.407560e-01 8.288000e-03 2.509560e-01
160 7.392360e-01 8.336000e-03 2.524280e-01
161 7.378960e-01 8.176000e-03 2.539280e-01
162 7.365760e-01 7.976000e-03 2.554480e-01
163 7.352800e-01 7.920000e-03 2.568000e-01
164 7.341120e-01 7.688000e-03 2.582000e-01
165 7.329120e-01 7.396000e-03 2.596920e-01
166 7.316760e-01 7.368000e-03 2.609560e-01
167 7.303400e-01 7.528000e-03 2.621320e-01
168 7.291800e-01 7.312000e-03 2.635080e-01
169 7.280280e-01 7.216000e-03 2.647560e-01
170 7.268080e-01 7.124000e-03 2.660680e-01
171 7.255360e-01 7.100000e-03 2.673640e-01
172 7.243840e-01 7.084000e-03 2.685320e-01
173 7.232560e-01 6.972000e-03 2.697720e-01
174 7.221040e-01 7.004000e-03 2.708920e-01
175 7.208720e-01 7.056000e-03 2.720720e-01
176 7.195720e-01 7.100000e-03 2.733280e-01
177 7.182840e-01 7.088000e-03 2.746280e-01
178 7.169720e-01 7.032000e-03 2.759960e-01
179 7.158200e-01 6.900000e-03 2.772800e-01
180 7.146400e-01 6.840000e-03 2.785200e-01
181 7.135520e-01 6.732000e-03 2.797160e-01
182 7.124680e-01 6.676000e-03 2.808560e-01
183 7.112920e-01 6.740000e-03 2.819680e-01
184 7.101400e-01 6.728000e-03 2.831320e-01
185 7.090680e-01 6.632000e-03 2.843000e-01
186 7.078080e-01 6.656000e-03 2.855360e-01
187 7.066960e-01 6.788000e-03 2.865160e-01
188 7.054640e-01 6.780000e-03 2.877560e-01
189 7.045640e-01 6.448000e-03 2.889880e-01
190 7.034120e-01 6.516000e-03 2.900720e-01
191 7.022720e-01 6.528000e-03 2.912000e-01
192 7.012680e-01 6.460000e-03 2.922720e-01
193 7.002680e-01 6.412000e-03 2.933200e-01
194 6.991640e-01 6.408000e-03 2.944280e-01
195 6.982760e-01 6.160000e-03 2.955640e-01
196 6.973200e-01 5.904000e-03 2.967760e-01
197 6.963640e-01 5.896000e-03 2.977400e-01
198 6.955160e-01 5.768000e-03 2.987160e-01
199 6.947280e-01 5.588000e-03 2.996840e-01
200 6.939240e-01 5.540000e-03 3.005360e-01
201 6.929400e-01 5.556000e-03 3.015040e-01
202 6.920000e-01 5.452000e-03 3.025480e-01
203 6.910080e-01 5.580000e-03 3.034120e-01
204 6.900200e-01 5.668000e-03 3.043120e-01
205 6.891480e-01 5.564000e-03 3.052880e-01
206 6.880840e-01 5.612000e-03 3.063040e-01
207 6.871760e-01 5.500000e-03 3.073240e-01
208 6.863640e-01 5.408000e-03 3.082280e-01
209 6.854880e-01 5.252000e-03 3.092600e-01
210 6.844280e-01 5.468000e-03 3.101040e-01
211 6.834560e-01 5.524000e-03 3.110200e-01
212 6.825120e-01 5.432000e-03 3.120560e-01
213 6.814200e-01 5.424000e-03 3.131560e-01
214 6.804360e-01 5.484000e-03 3.140800e-01
215 6.796600e-01 5.300000e-03 3.150400e-01
216 6.788280e-01 5.180000e-03 3.159920e-01
217 6.780760e-01 5.016000e-03 3.169080e-01
218 6.773320e-01 4.936000e-03 3.177320e-01
219 6.764520e-01 4.904000e-03 3.186440e-01
220 6.755680e-01 4.880000e-03 3.195520e-01
221 6.748040e-01 4.784000e-03 3.204120e-01
222 6.739520e-01 4.800000e-03 3.212480e-01
223 6.732840e-01 4.568000e-03 3.221480e-01
224 6.724640e-01 4.608000e-03 3.229280e-01
225 6.716280e-01 4.608000e-03 3.237640e-01
226 6.709000e-01 4.560000e-03 3.245400e-01
227 6.701040e-01 4.528000e-03 3.253680e-01
228 6.693360e-01 4.440000e-03 3.262240e-01
229 6.685600e-01 4.524000e-03 3.269160e-01
230 6.678560e-01 4.420000e-03 3.277240e-01
231 6.671600e-01 4.344000e-03 3.284960e-01
232 6.663800e-01 4.340000e-03 3.292800e-01
233 6.656680e-01 4.252000e-03 3.300800e-01
234 6.650040e-01 4.204000e-03 3.307920e-01
235 6.643440e-01 4.196000e-03 3.314600e-01
236 6.637280e-01 4.148000e-03 3.321240e-01
237 6.630440e-01 4.048000e-03 3.329080e-01
238 6.623600e-01 4.016000e-03 3.336240e-01
239 6.617520e-01 3.920000e-03 3.343280e-01
240 6.610480e-01 3.936000e-03 3.350160e-01
241 6.604360e-01 3.808000e-03 3.357560e-01
242 6.598200e-01 3.792000e-03 3.363880e-01
243 6.592120e-01 3.744000e-03 3.370440e-01
244 6.584760e-01 3.836000e-03 3.376880e-01
245 6.576760e-01 3.984000e-03 3.383400e-01
246 6.569520e-01 3.932000e-03 3.391160e-01
247 6.561600e-01 4.084000e-03 3.397560e-01
248 6.553400e-01 4.176000e-03 3.404840e-01
249 6.545200e-01 4.312000e-03 3.411680e-01
250 6.538000e-01 4.296000e-03 3.419040e-01
251 6.530520e-01 4.388000e-03 3.425600e-01
252 6.523320e-01 4.376000e-03 3.432920e-01
253 6.513720e-01 4.540000e-03 3.440880e-01
254 6.506560e-01 4.408000e-03 3.449360e-01
255 6.499520e-01 4.392000e-03 3.456560e-01
256 6.492960e-01 4.264000e-03 3.464400e-01
257 6.486160e-01 4.208000e-03 3.471760e-01
258 6.479600e-01 4.140000e-03 3.479000e-01
259 6.473040e-01 4.024000e-03 3.486720e-01
260 6.466400e-01 3.960000e-03 3.494000e-01
261 6.459920e-01 3.900000e-03 3.501080e-01
262 6.454400e-01 3.712000e-03 3.508480e-01
263 6.448360e-01 3.572000e-03 3.515920e-01
264 6.442560e-01 3.604000e-03 3.521400e-01
265 6.435960e-01 3.600000e-03 3.528040e-01
266 6.429920e-01 3.568000e-03 3.534400e-01
267 6.424120e-01 3.516000e-03 3.540720e-01
268 6.418320e-01 3.484000e-03 3.546840e-01
269 6.412320e-01 3.404000e-03 3.553640e-01
270 6.406160e-01 3.356000e-03 3.560280e-01
271 6.399520e-01 3.492000e-03 3.565560e-01
272 6.392160e-01 3.564000e-03 3.572200e-01
273 6.386880e-01 3.376000e-03 3.579360e-01
274 6.381440e-01 3.380000e-03 3.584760e-01
275 6.375640e-01 3.420000e-03 3.590160e-01
276 6.369040e-01 3.432000e-03 3.596640e-01
277 6.363680e-01 3.396000e-03 3.602360e-01
278 6.357560e-01 3.392000e-03 3.608520e-01
279 6.352040e-01 3.388000e-03 3.614080e-01
280 6.346520e-01 3.396000e-03 3.619520e-01
281 6.339960e-01 3.472000e-03 3.625320e-01
282 6.334480e-01 3.472000e-03 3.630800e-01
283 6.330320e-01 3.260000e-03 3.637080e-01
284 6.325000e-01 3.268000e-03 3.642320e-01
285 6.320680e-01 3.148000e-03 3.647840e-01
286 6.315960e-01 3.112000e-03 3.652920e-01
287 6.311160e-01 3.056000e-03 3.658280e-01
288 6.307240e-01 3.000000e-03 3.662760e-01
289 6.302200e-01 2.992000e-03 3.667880e-01
290 6.296920e-01 3.036000e-03 3.672720e-01
291 6.292800e-01 2.896000e-03 3.678240e-01
292 6.288160e-01 2.864000e-03 3.683200e-01
293 6.283200e-01 2.940000e-03 3.687400e-01
294 6.278240e-01 2.944000e-03 3.692320e-01
295 6.273480e-01 2.928000e-03 3.697240e-01
296 6.269080e-01 2.892000e-03 3.702000e-01
297 6.264440e-01 2.860000e-03 3.706960e-01
298 6.259520e-01 2.768000e-03 3.712800e-01
299 6.255600e-01 2.648000e-03 3.717920e-01
300 6.252600e-01 2.464000e-03 3.722760e-01
301 6.249360e-01 2.384000e-03 3.726800e-01
302 6.246360e-01 2.292000e-03 3.730720e-01
303 6.243000e-01 2.204000e-03 3.734960e-01
304 6.239840e-01 2.152000e-03 3.738640e-01
305 6.236440e-01 2.116000e-03 3.742400e-01
306 6.233440e-01 2.100000e-03 3.745560e-01
307 6.229680e-01 2.064000e-03 3.749680e-01
308 6.226960e-01 1.940000e-03 3.753640e-01
309 6.224000e-01 1.908000e-03 3.756920e-01
310 6.221160e-01 1.896000e-03 3.759880e-01
311 6.218000e-01 1.908000e-03 3.762920e-01
312 6.214280e-01 1.988000e-03 3.765840e-01
313 6.210840e-01 1.952000e-03 3.769640e-01
314 6.207200e-01 2.032000e-03 3.772480e-01
315 6.204520e-01 1.904000e-03 3.776440e-01
316 6.201480e-01 1.836000e-03 3.780160e-01
317 6.198920e-01 1.772000e-03 3.783360e-01
318 6.195040e-01 1.876000e-03 3.786200e-01
319 6.191920e-01 1.840000e-03 3.789680e-01
320 6.188720e-01 1.884000e-03 3.792440e-01
321 6.184920e-01 1.940000e-03 3.795680e-01
322 6.182160e-01 1.880000e-03 3.799040e-01
323 6.179080e-01 1.860000e-03 3.802320e-01
324 6.175400e-01 1.892000e-03 3.805680e-01
325 6.173080e-01 1.764000e-03 3.809280e-01
326 6.170200e-01 1.732000e-03 3.812480e-01
327 6.167040e-01 1.740000e-03 3.815560e-01
328 6.164440e-01 1.656000e-03 3.819000e-01
329 6.161440e-01 1.688000e-03 3.821680e-01
330 6.158960e-01 1.724000e-03 3.823800e-01
331 6.156520e-01 1.636000e-03 3.827120e-01
332 6.153520e-01 1.588000e-03 3.830600e-01
333 6.151600e-01 1.504000e-03 3.833360e-01
334 6.149280e-01 1.472000e-03 3.836000e-01
335 6.146720e-01 1.512000e-03 3.838160e-01
336 6.144640e-01 1.476000e-03 3.840600e-01
337 6.142040e-01 1.476000e-03 3.843200e-01
338 6.139520e-01 1.500000e-03 3.845480e-01
339 6.137160e-01 1.432000e-03 3.848520e-01
340 6.134640e-01 1.396000e-03 3.851400e-01
341 6.132160e-01 1.364000e-03 3.854200e-01
342 6.129760e-01 1.340000e-03 3.856840e-01
343 6.127400e-01 1.392000e-03 3.858680e-01
344 6.125000e-01 1.412000e-03 3.860880e-01
345 6.122920e-01 1.404000e-03 3.863040e-01
346 6.120840e-01 1.316000e-03 3.866000e-01
347 6.118600e-01 1.324000e-03 3.868160e-01
348 6.115960e-01 1.352000e-03 3.870520e-01
349 6.114040e-01 1.256000e-03 3.873400e-01
350 6.111800e-01 1.256000e-03 3.875640e-01
351 6.109920e-01 1.216000e-03 3.877920e-01
352 6.107920e-01 1.216000e-03 3.879920e-01
353 6.105600e-01 1.260000e-03 3.881800e-01
354 6.103520e-01 1.284000e-03 3.883640e-01
355 6.101600e-01 1.260000e-03 3.885800e-01
356 6.099080e-01 1.264000e-03 3.888280e-01
357 6.096960e-01 1.180000e-03 3.891240e-01
358 6.094800e-01 1.220000e-03 3.893000e-01
359 6.092800e-01 1.236000e-03 3.894840e-01
360 6.090640e-01 1.228000e-03 3.897080e-01
361 6.088520e-01 1.200000e-03 3.899480e-01
362 6.086480e-01 1.180000e-03 3.901720e-01
363 6.084200e-01 1.204000e-03 3.903760e-01
364 6.081840e-01 1.208000e-03 3.906080e-01
365 6.079360e-01 1.256000e-03 3.908080e-01
366 6.077320e-01 1.268000e-03 3.910000e-01
367 6.075080e-01 1.232000e-03 3.912600e-01
368 6.072920e-01 1.208000e-03 3.915000e-01
369 6.070240e-01 1.268000e-03 3.917080e-01
370 6.068120e-01 1.268000e-03 3.919200e-01
371 6.065840e-01 1.292000e-03 3.921240e-01
372 6.063880e-01 1.208000e-03 3.924040e-01
373 6.061400e-01 1.244000e-03 3.926160e-01
374 6.059720e-01 1.228000e-03 3.928000e-01
375 6.057360e-01 1.264000e-03 3.930000e-01
376 6.055000e-01 1.236000e-03 3.932640e-01
377 6.053040e-01 1.236000e-03 3.934600e-01
378 6.050760e-01 1.212000e-03 3.937120e-01
379 6.048200e-01 1.236000e-03 3.939440e-01
380 6.046000e-01 1.204000e-03 3.941960e-01
381 6.043040e-01 1.280000e-03 3.944160e-01
382 6.040400e-01 1.324000e-03 3.946360e-01
383 6.037720e-01 1.372000e-03 3.948560e-01
384 6.035080e-01 1.396000e-03 3.950960e-01
385 6.032440e-01 1.432000e-03 3.953240e-01
386 6.030040e-01 1.436000e-03 3.955600e-01
387 6.027600e-01 1.392000e-03 3.958480e-01
388 6.025200e-01 1.384000e-03 3.960960e-01
389 6.023400e-01 1.324000e-03 3.963360e-01
390 6.021600e-01 1.244000e-03 3.965960e-01
391 6.018920e-01 1.260000e-03 3.968480e-01
392 6.017200e-01 1.208000e-03 3.970720e-01
393 6.014480e-01 1.244000e-03 3.973080e-01
394 6.012040e-01 1.240000e-03 3.975560e-01
395 6.009760e-01 1.240000e-03 3.977840e-01
396 6.008200e-01 1.200000e-03 3.979800e-01
397 6.006840e-01 1.112000e-03 3.982040e-01
398 6.005560e-01 1.084000e-03 3.983600e-01
399 6.004240e-01 1.028000e-03 3.985480e-01
400 6.002960e-01 9.520000e-04 3.987520e-01
401 6.001320e-01 9.280000e-04 3.989400e-01
402 5.999800e-01 9.600000e-04 3.990600e-01
403 5.997960e-01 9.360000e-04 3.992680e-01
404 5.996240e-01 9.880000e-04 3.993880e-01
405 5.994680e-01 1.008000e-03 3.995240e-01
406 5.992800e-01 9.840000e-04 3.997360e-01
407 5.990920e-01 1.000000e-03 3.999080e-01
408 5.989120e-01 9.880000e-04 4.001000e-01
409 5.987920e-01 9.520000e-04 4.002560e-01
410 5.986240e-01 9.760000e-04 4.004000e-01
411 5.984600e-01 9.840000e-04 4.005560e-01
412 5.982520e-01 1.008000e-03 4.007400e-01
413 5.980440e-01 1.040000e-03 4.009160e-01
414 5.978240e-01 1.072000e-03 4.011040e-01
415 5.976680e-01 1.044000e-03 4.012880e-01
416 5.974040e-01 1.140000e-03 4.014560e-01
417 5.972160e-01 1.108000e-03 4.016760e-01
418 5.970320e-01 1.084000e-03 4.018840e-01
419 5.968040e-01 1.120000e-03 4.020760e-01
420 5.965840e-01 1.140000e-03 4.022760e-01
421 5.964200e-01 1.084000e-03 4.024960e-01
422 5.962320e-01 1.080000e-03 4.026880e-01
423 5.960280e-01 1.096000e-03 4.028760e-01
424 5.958080e-01 1.156000e-03 4.030360e-01
425 5.956280e-01 1.132000e-03 4.032400e-01
426 5.954760e-01 1.104000e-03 4.034200e-01
427 5.953040e-01 1.108000e-03 4.035880e-01
428 5.951360e-01 1.124000e-03 4.037400e-01
429 5.949680e-01 1.104000e-03 4.039280e-01
430 5.947840e-01 1.148000e-03 4.040680e-01
431 5.946240e-01 1.108000e-03 4.042680e-01
432 5.944560e-01 1.060000e-03 4.044840e-01
433 5.943360e-01 9.960000e-04 4.046680e-01
434 5.941880e-01 9.600000e-04 4.048520e-01
435 5.940600e-01 9.640000e-04 4.049760e-01
436 5.939280e-01 9.000000e-04 4.051720e-01
437 5.938480e-01 8.240000e-04 4.053280e-01
438 5.937160e-01 8.120000e-04 4.054720e-01
439 5.936080e-01 8.040000e-04 4.055880e-01
440 5.934960e-01 7.760000e-04 4.057280e-01
441 5.933920e-01 7.640000e-04 4.058440e-01
442 5.932600e-01 7.560000e-04 4.059840e-01
443 5.931360e-01 7.480000e-04 4.061160e-01
444 5.930280e-01 7.400000e-04 4.062320e-01
445 5.929480e-01 6.800000e-04 4.063720e-01
446 5.928840e-01 6.160000e-04 4.065000e-01
447 5.928160e-01 5.800000e-04 4.066040e-01
448 5.927600e-01 5.320000e-04 4.067080e-01
449 5.926760e-01 5.160000e-04 4.068080e-01
450 5.926280e-01 4.920000e-04 4.068800e-01
451 5.925560e-01 4.920000e-04 4.069520e-01
452 5.925200e-01 4.920000e-04 4.069880e-01
453 5.924760e-01 4.360000e-04 4.070880e-01
454 5.924200e-01 4.120000e-04 4.071680e-01
455 5.923840e-01 3.840000e-04 4.072320e-01
456 5.923520e-01 3.560000e-04 4.072920e-01
457 5.923120e-01 3.160000e-04 4.073720e-01
458 5.922480e-01 3.080000e-04 4.074440e-01
459 5.922200e-01 2.880000e-04 4.074920e-01
460 5.921680e-01 2.960000e-04 4.075360e-01
461 5.921560e-01 2.560000e-04 4.075880e-01
462 5.921160e-01 2.680000e-04 4.076160e-01
463 5.920920e-01 2.480000e-04 4.076600e-01
464 5.920600e-01 2.240000e-04 4.077160e-01
465 5.920360e-01 2.120000e-04 4.077520e-01
466 5.920320e-01 1.720000e-04 4.077960e-01
467 5.920120e-01 1.800000e-04 4.078080e-01
468 5.919760e-01 1.680000e-04 4.078560e-01
469 5.919520e-01 1.800000e-04 4.078680e-01
470 5.919200e-01 1.840000e-04 4.078960e-01
471 5.919000e-01 1.600000e-04 4.079400e-01
472 5.918720e-01 1.680000e-04 4.079600e-01
473 5.918440e-01 1.600000e-04 4.079960e-01
474 5.918280e-01 1.440000e-04 4.080280e-01
475 5.918080e-01 1.320000e-04 4.080600e-01
476 5.917920e-01 1.200000e-04 4.080880e-01
477 5.917760e-01 9.600000e-05 4.081280e-01
478 5.917560e-01 1.080000e-04 4.081360e-01
479 5.917480e-01 1.040000e-04 4.081480e-01
480 5.917200e-01 1.080000e-04 4.081720e-01
481 5.917080e-01 9.600000e-05 4.081960e-01
482 5.917080e-01 7.200000e-05 4.082200e-01
483 5.917080e-01 6.800000e-05 4.082240e-01
484 5.917080e-01 6.400000e-05 4.082280e-01
485 5.917040e-01 6.400000e-05 4.082320e-01
486 5.917040e-01 5.200000e-05 4.082440e-01
487 5.917000e-01 4.000000e-05 4.082600e-01
488 5.917000e-01 3.600000e-05 4.082640e-01
489 5.917000e-01 2.800000e-05 4.082720e-01
490 5.916960e-01 3.200000e-05 4.082720e-01
491 5.916920e-01 2.800000e-05 4.082800e-01
492 5.916840e-01 2.800000e-05 4.082880e-01
493 5.916800e-01 3.200000e-05 4.082880e-01
494 5.916800e-01 2.400000e-05 4.082960e-01
495 5.916760e-01 2.800000e-05 4.082960e-01
496 5.916760e-01 2.400000e-05 4.083000e-01
497 5.916720e-01 2.000000e-05 4.083080e-01
498 5.916680e-01 2.400000e-05 4.083080e-01
499 5.916680e-01 2.000000e-05 4.083120e-01
500 5.916680e-01 2.000000e-05 4.083120e-01
