1 9.992960e-01 6.080000e-04 9.600000e-05
2 9.988280e-01 9.520000e-04 2.200000e-04
3 9.983120e-01 1.288000e-03 4.000000e-04
4 9.975720e-01 1.788000e-03 6.400000e-04
5 9.966160e-01 2.376000e-03 1.008000e-03
6 9.958240e-01 2.724000e-03 1.452000e-03
7 9.949000e-01 3.192000e-03 1.908000e-03
8 9.938240e-01 3.652000e-03 2.524000e-03
9 9.927600e-01 4.092000e-03 3.148000e-03
10 9.915760e-01 4.520000e-03 3.904000e-03
11 9.902840e-01 5.016000e-03 4.700000e-03
12 9.891000e-01 5.424000e-03 5.476000e-03
13 9.878720e-01 5.680000e-03 6.448000e-03
14 9.866560e-01 5.768000e-03 7.576000e-03
15 9.854080e-01 5.900000e-03 8.692000e-03
16 9.842840e-01 5.992000e-03 9.724000e-03
17 9.830240e-01 6.244000e-03 1.073200e-02
18 9.816320e-01 6.552000e-03 1.181600e-02
19 9.800520e-01 7.040000e-03 1.290800e-02
20 9.783840e-01 7.472000e-03 1.414400e-02
21 9.768960e-01 7.648000e-03 1.545600e-02
22 9.753800e-01 7.876000e-03 1.674400e-02
23 9.737320e-01 8.072000e-03 1.819600e-02
24 9.722720e-01 8.136000e-03 1.959200e-02
25 9.707320e-01 8.240000e-03 2.102800e-02
26 9.692080e-01 8.376000e-03 2.241600e-02
27 9.677160e-01 8.344000e-03 2.394000e-02
28 9.661120e-01 8.440000e-03 2.544800e-02
29 9.646440e-01 8.400000e-03 2.695600e-02
30 9.632200e-01 8.336000e-03 2.844400e-02
31 9.616480e-01 8.436000e-03 2.991600e-02
32 9.600440e-01 8.480000e-03 3.147600e-02
33 9.583880e-01 8.680000e-03 3.293200e-02
34 9.566360e-01 8.920000e-03 3.444400e-02
35 9.548800e-01 9.096000e-03 3.602400e-02
36 9.531400e-01 9.268000e-03 3.759200e-02
37 9.514280e-01 9.392000e-03 3.918000e-02
38 9.498040e-01 9.324000e-03 4.087200e-02
39 9.481760e-01 9.468000e-03 4.235600e-02
40 9.463920e-01 9.528000e-03 4.408000e-02
41 9.447960e-01 9.400000e-03 4.580400e-02
42 9.432360e-01 9.532000e-03 4.723200e-02
43 9.414880e-01 9.592000e-03 4.892000e-02
44 9.397360e-01 9.752000e-03 5.051200e-02
45 9.377920e-01 1.004000e-02 5.216800e-02
46 9.360280e-01 1.007600e-02 5.389600e-02
47 9.341160e-01 1.022800e-02 5.565600e-02
48 9.323560e-01 1.015200e-02 5.749200e-02
49 9.305280e-01 1.019600e-02 5.927600e-02
50 9.287400e-01 1.014000e-02 6.112000e-02
51 9.268440e-01 1.021200e-02 6.294400e-02
52 9.249400e-01 1.026000e-02 6.480000e-02
53 9.231400e-01 1.029200e-02 6.656800e-02
54 9.212960e-01 1.033600e-02 6.836800e-02
55 9.194040e-01 1.040400e-02 7.019200e-02
56 9.175760e-01 1.039200e-02 7.203200e-02
57 9.157320e-01 1.041600e-02 7.385200e-02
58 9.141400e-01 1.015600e-02 7.570400e-02
59 9.123760e-01 1.020000e-02 7.742400e-02
60 9.105640e-01 9.976000e-03 7.946000e-02
61 9.087920e-01 1.006000e-02 8.114800e-02
62 9.070200e-01 1.003200e-02 8.294800e-02
63 9.054280e-01 9.856000e-03 8.471600e-02
64 9.035360e-01 9.980000e-03 8.648400e-02
65 9.017880e-01 1.017600e-02 8.803600e-02
66 8.999080e-01 1.018400e-02 8.990800e-02
67 8.981240e-01 1.016800e-02 9.170800e-02
68 8.963560e-01 1.027600e-02 9.336800e-02
69 8.943960e-01 1.038000e-02 9.522400e-02
70 8.924680e-01 1.050400e-02 9.702800e-02
71 8.905440e-01 1.062400e-02 9.883200e-02
72 8.885200e-01 1.071600e-02 1.007640e-01
73 8.865200e-01 1.078000e-02 1.027000e-01
74 8.845320e-01 1.098800e-02 1.044800e-01
75 8.826080e-01 1.097600e-02 1.064160e-01
76 8.808080e-01 1.083200e-02 1.083600e-01
77 8.789560e-01 1.090400e-02 1.101400e-01
78 8.771080e-01 1.083600e-02 1.120560e-01
79 8.750240e-01 1.099600e-02 1.139800e-01
80 8.731960e-01 1.102000e-02 1.157840e-01
81 8.712440e-01 1.104000e-02 1.177160e-01
82 8.694480e-01 1.099600e-02 1.195560e-01
83 8.675200e-01 1.112400e-02 1.213560e-01
84 8.655480e-01 1.126400e-02 1.231880e-01
85 8.635840e-01 1.124400e-02 1.251720e-01
86 8.616160e-01 1.124400e-02 1.271400e-01
87 8.597320e-01 1.106800e-02 1.292000e-01
88 8.577280e-01 1.114000e-02 1.311320e-01
89 8.557000e-01 1.135200e-02 1.329480e-01
90 8.535840e-01 1.147200e-02 1.349440e-01
91 8.514160e-01 1.161200e-02 1.369720e-01
92 8.495640e-01 1.147200e-02 1.389640e-01
93 8.476760e-01 1.153600e-02 1.407880e-01
94 8.458000e-01 1.133600e-02 1.428640e-01
95 8.437600e-01 1.142400e-02 1.448160e-01
96 8.419640e-01 1.119200e-02 1.468440e-01
97 8.402280e-01 1.090400e-02 1.488680e-01
98 8.383560e-01 1.090800e-02 1.507360e-01
99 8.365080e-01 1.089600e-02 1.525960e-01
100 8.346480e-01 1.084000e-02 1.545120e-01
101 8.330520e-01 1.046400e-02 1.564840e-01
102 8.313600e-01 1.038000e-02 1.582600e-01
103 8.295760e-01 1.040400e-02 1.600200e-01
104 8.279720e-01 1.016800e-02 1.618600e-01
105 8.264320e-01 9.948000e-03 1.636200e-01
106 8.247120e-01 9.904000e-03 1.653840e-01
107 8.231360e-01 9.744000e-03 1.671200e-01
108 8.216000e-01 9.528000e-03 1.688720e-01
109 8.200680e-01 9.532000e-03 1.704000e-01
110 8.185360e-01 9.416000e-03 1.720480e-01
111 8.170000e-01 9.436000e-03 1.735640e-01
112 8.154080e-01 9.328000e-03 1.752640e-01
113 8.138160e-01 9.280000e-03 1.769040e-01
114 8.122480e-01 9.160000e-03 1.785920e-01
115 8.107000e-01 9.232000e-03 1.800680e-01
116 8.090760e-01 9.104000e-03 1.818200e-01
117 8.078520e-01 8.660000e-03 1.834880e-01
118 8.063600e-01 8.740000e-03 1.849000e-01
119 8.048120e-01 8.732000e-03 1.864560e-01
120 8.032000e-01 8.792000e-03 1.880080e-01
121 8.015600e-01 9.060000e-03 1.893800e-01
122 7.997760e-01 9.372000e-03 1.908520e-01
123 7.981560e-01 9.344000e-03 1.925000e-01
124 7.963880e-01 9.484000e-03 1.941280e-01
125 7.947480e-01 9.336000e-03 1.959160e-01
126 7.931000e-01 9.344000e-03 1.975560e-01
127 7.916000e-01 9.248000e-03 1.991520e-01
128 7.901680e-01 9.052000e-03 2.007800e-01
129 7.887320e-01 8.812000e-03 2.024560e-01
130 7.874600e-01 8.520000e-03 2.040200e-01
131 7.859520e-01 8.572000e-03 2.054760e-01
132 7.843840e-01 8.728000e-03 2.068880e-01
133 7.829240e-01 8.712000e-03 2.083640e-01
134 7.815200e-01 8.456000e-03 2.100240e-01
135 7.801200e-01 8.376000e-03 2.115040e-01
136 7.785760e-01 8.408000e-03 2.130160e-01
137 7.772040e-01 8.364000e-03 2.144320e-01
138 7.759480e-01 8.196000e-03 2.158560e-01
139 7.746160e-01 8.204000e-03 2.171800e-01
140 7.732480e-01 8.232000e-03 2.185200e-01
141 7.719400e-01 8.152000e-03 2.199080e-01
142 7.705520e-01 8.136000e-03 2.213120e-01
143 7.693160e-01 7.956000e-03 2.227280e-01
144 7.679960e-01 7.880000e-03 2.241240e-01
145 7.667720e-01 7.728000e-03 2.255000e-01
146 7.655440e-01 7.636000e-03 2.268200e-01
147 7.642600e-01 7.512000e-03 2.282280e-01
148 7.630440e-01 7.296000e-03 2.296600e-01
149 7.617520e-01 7.272000e-03 2.309760e-01
150 7.605800e-01 7.096000e-03 2.323240e-01
151 7.594720e-01 6.944000e-03 2.335840e-01
152 7.583320e-01 6.844000e-03 2.348240e-01
153 7.570880e-01 6.864000e-03 2.360480e-01
154 7.559800e-01 6.816000e-03 2.372040e-01
155 7.548720e-01 6.728000e-03 2.384000e-01
156 7.537400e-01 6.672000e-03 2.395880e-01
157 7.525840e-01 6.616000e-03 2.408000e-01
158 7.514520e-01 6.648000e-03 2.419000e-01
159 7.504520e-01 6.368000e-03 2.431800e-01
160 7.492760e-01 6.524000e-03 2.442000e-01
161 7.482440e-01 6.428000e-03 2.453280e-01
162 7.471960e-01 6.460000e-03 2.463440e-01
163 7.462400e-01 6.316000e-03 2.474440e-01
164 7.452880e-01 6.148000e-03 2.485640e-01
165 7.442120e-01 6.196000e-03 2.495920e-01
166 7.433400e-01 6.036000e-03 2.506240e-01
167 7.425680e-01 5.664000e-03 2.517680e-01
168 7.415400e-01 5.592000e-03 2.528680e-01
169 7.406200e-01 5.660000e-03 2.537200e-01
170 7.396720e-01 5.568000e-03 2.547600e-01
171 7.389160e-01 5.356000e-03 2.557280e-01
172 7.380720e-01 5.320000e-03 2.566080e-01
173 7.373160e-01 5.152000e-03 2.575320e-01
174 7.365160e-01 5.012000e-03 2.584720e-01
175 7.356520e-01 4.936000e-03 2.594120e-01
176 7.349640e-01 4.792000e-03 2.602440e-01
177 7.341120e-01 4.812000e-03 2.610760e-01
178 7.334280e-01 4.624000e-03 2.619480e-01
179 7.326560e-01 4.640000e-03 2.627040e-01
180 7.318000e-01 4.796000e-03 2.634040e-01
181 7.309720e-01 4.784000e-03 2.642440e-01
182 7.300240e-01 5.000000e-03 2.649760e-01
183 7.291040e-01 5.040000e-03 2.658560e-01
184 7.281920e-01 5.060000e-03 2.667480e-01
185 7.274160e-01 4.908000e-03 2.676760e-01
186 7.266160e-01 4.932000e-03 2.684520e-01
187 7.256320e-01 5.052000e-03 2.693160e-01
188 7.247240e-01 5.200000e-03 2.700760e-01
189 7.239280e-01 5.004000e-03 2.710680e-01
190 7.229880e-01 5.068000e-03 2.719440e-01
191 7.220520e-01 5.164000e-03 2.727840e-01
192 7.212400e-01 5.072000e-03 2.736880e-01
193 7.203920e-01 5.004000e-03 2.746040e-01
194 7.195400e-01 4.992000e-03 2.754680e-01
195 7.186800e-01 4.920000e-03 2.764000e-01
196 7.178480e-01 4.912000e-03 2.772400e-01
197 7.171320e-01 4.700000e-03 2.781680e-01
198 7.163640e-01 4.640000e-03 2.789960e-01
199 7.155800e-01 4.592000e-03 2.798280e-01
200 7.147520e-01 4.668000e-03 2.805800e-01
201 7.140120e-01 4.592000e-03 2.813960e-01
202 7.131640e-01 4.704000e-03 2.821320e-01
203 7.122800e-01 4.792000e-03 2.829280e-01
204 7.116040e-01 4.756000e-03 2.836400e-01
205 7.108920e-01 4.588000e-03 2.845200e-01
206 7.101880e-01 4.428000e-03 2.853840e-01
207 7.093520e-01 4.468000e-03 2.861800e-01
208 7.085640e-01 4.392000e-03 2.870440e-01
209 7.079040e-01 4.288000e-03 2.878080e-01
210 7.072600e-01 4.208000e-03 2.885320e-01
211 7.064680e-01 4.208000e-03 2.893240e-01
212 7.057840e-01 4.164000e-03 2.900520e-01
213 7.049440e-01 4.240000e-03 2.908160e-01
214 7.041120e-01 4.368000e-03 2.915200e-01
215 7.032760e-01 4.408000e-03 2.923160e-01
216 7.024960e-01 4.464000e-03 2.930400e-01
217 7.017440e-01 4.464000e-03 2.937920e-01
218 7.009520e-01 4.556000e-03 2.944920e-01
219 7.002000e-01 4.464000e-03 2.953360e-01
220 6.993960e-01 4.536000e-03 2.960680e-01
221 6.986360e-01 4.580000e-03 2.967840e-01
222 6.978200e-01 4.632000e-03 2.975480e-01
223 6.970560e-01 4.556000e-03 2.983880e-01
224 6.962960e-01 4.568000e-03 2.991360e-01
225 6.954600e-01 4.696000e-03 2.998440e-01
226 6.945520e-01 4.876000e-03 3.005720e-01
227 6.936960e-01 4.952000e-03 3.013520e-01
228 6.928880e-01 4.904000e-03 3.022080e-01
229 6.920200e-01 4.968000e-03 3.030120e-01
230 6.912240e-01 4.920000e-03 3.038560e-01
231 6.904120e-01 4.836000e-03 3.047520e-01
232 6.897120e-01 4.728000e-03 3.055600e-01
233 6.888960e-01 4.620000e-03 3.064840e-01
234 6.880920e-01 4.636000e-03 3.072720e-01
235 6.873160e-01 4.612000e-03 3.080720e-01
236 6.865160e-01 4.640000e-03 3.088440e-01
237 6.857680e-01 4.564000e-03 3.096680e-01
238 6.850240e-01 4.456000e-03 3.105200e-01
239 6.842760e-01 4.360000e-03 3.113640e-01
240 6.836480e-01 4.288000e-03 3.120640e-01
241 6.829120e-01 4.332000e-03 3.127560e-01
242 6.822520e-01 4.212000e-03 3.135360e-01
243 6.815360e-01 4.132000e-03 3.143320e-01
244 6.808760e-01 4.040000e-03 3.150840e-01
245 6.803160e-01 3.864000e-03 3.158200e-01
246 6.796920e-01 3.756000e-03 3.165520e-01
247 6.790200e-01 3.756000e-03 3.172240e-01
248 6.783320e-01 3.764000e-03 3.179040e-01
249 6.776480e-01 3.796000e-03 3.185560e-01
250 6.770520e-01 3.728000e-03 3.192200e-01
251 6.765840e-01 3.532000e-03 3.198840e-01
252 6.760560e-01 3.436000e-03 3.205080e-01
253 6.755480e-01 3.388000e-03 3.210640e-01
254 6.750840e-01 3.248000e-03 3.216680e-01
255 6.746440e-01 3.160000e-03 3.221960e-01
256 6.741400e-01 3.168000e-03 3.226920e-01
257 6.737720e-01 3.000000e-03 3.232280e-01
258 6.732720e-01 3.036000e-03 3.236920e-01
259 6.728960e-01 2.888000e-03 3.242160e-01
260 6.724240e-01 2.828000e-03 3.247480e-01
261 6.719280e-01 2.916000e-03 3.251560e-01
262 6.714200e-01 2.964000e-03 3.256160e-01
263 6.708920e-01 3.016000e-03 3.260920e-01
264 6.703800e-01 2.960000e-03 3.266600e-01
265 6.699000e-01 2.928000e-03 3.271720e-01
266 6.693720e-01 2.972000e-03 3.276560e-01
267 6.688440e-01 3.016000e-03 3.281400e-01
268 6.683080e-01 3.056000e-03 3.286360e-01
269 6.678200e-01 2.940000e-03 3.292400e-01
270 6.673960e-01 2.848000e-03 3.297560e-01
271 6.669200e-01 2.836000e-03 3.302440e-01
272 6.665080e-01 2.724000e-03 3.307680e-01
273 6.660680e-01 2.728000e-03 3.312040e-01
274 6.656840e-01 2.724000e-03 3.315920e-01
275 6.652520e-01 2.648000e-03 3.321000e-01
276 6.648320e-01 2.624000e-03 3.325440e-01
277 6.644160e-01 2.620000e-03 3.329640e-01
278 6.639720e-01 2.528000e-03 3.335000e-01
279 6.635400e-01 2.496000e-03 3.339640e-01
280 6.631440e-01 2.488000e-03 3.343680e-01
281 6.627960e-01 2.396000e-03 3.348080e-01
282 6.623960e-01 2.396000e-03 3.352080e-01
283 6.620240e-01 2.292000e-03 3.356840e-01
284 6.616800e-01 2.208000e-03 3.361120e-01
285 6.613440e-01 2.208000e-03 3.364480e-01
286 6.610600e-01 2.080000e-03 3.368600e-01
287 6.607960e-01 2.004000e-03 3.372000e-01
288 6.604200e-01 2.056000e-03 3.375240e-01
289 6.600680e-01 2.104000e-03 3.378280e-01
290 6.597360e-01 2.092000e-03 3.381720e-01
291 6.594040e-01 2.048000e-03 3.385480e-01
292 6.590840e-01 2.008000e-03 3.389080e-01
293 6.587560e-01 1.960000e-03 3.392840e-01
294 6.584080e-01 2.008000e-03 3.395840e-01
295 6.580120e-01 2.068000e-03 3.399200e-01
296 6.577200e-01 1.964000e-03 3.403160e-01
297 6.573920e-01 1.944000e-03 3.406640e-01
298 6.571320e-01 1.876000e-03 3.409920e-01
299 6.568360e-01 1.852000e-03 3.413120e-01
300 6.565640e-01 1.788000e-03 3.416480e-01
301 6.562880e-01 1.772000e-03 3.419400e-01
302 6.560120e-01 1.752000e-03 3.422360e-01
303 6.557680e-01 1.708000e-03 3.425240e-01
304 6.554680e-01 1.752000e-03 3.427800e-01
305 6.552640e-01 1.672000e-03 3.430640e-01
306 6.550040e-01 1.660000e-03 3.433360e-01
307 6.547360e-01 1.616000e-03 3.436480e-01
308 6.544440e-01 1.600000e-03 3.439560e-01
309 6.541480e-01 1.608000e-03 3.442440e-01
310 6.538680e-01 1.644000e-03 3.444880e-01
311 6.536280e-01 1.584000e-03 3.447880e-01
312 6.533760e-01 1.588000e-03 3.450360e-01
313 6.531240e-01 1.600000e-03 3.452760e-01
314 6.528400e-01 1.572000e-03 3.455880e-01
315 6.525600e-01 1.636000e-03 3.458040e-01
316 6.522880e-01 1.596000e-03 3.461160e-01
317 6.520400e-01 1.600000e-03 3.463600e-01
318 6.517480e-01 1.612000e-03 3.466400e-01
319 6.514840e-01 1.616000e-03 3.469000e-01
320 6.512240e-01 1.612000e-03 3.471640e-01
321 6.509720e-01 1.560000e-03 3.474680e-01
322 6.506520e-01 1.600000e-03 3.477480e-01
323 6.503440e-01 1.596000e-03 3.480600e-01
324 6.499720e-01 1.724000e-03 3.483040e-01
325 6.496400e-01 1.792000e-03 3.485680e-01
326 6.493360e-01 1.816000e-03 3.488480e-01
327 6.490160e-01 1.828000e-03 3.491560e-01
328 6.486960e-01 1.836000e-03 3.494680e-01
329 6.484360e-01 1.816000e-03 3.497480e-01
330 6.481400e-01 1.760000e-03 3.501000e-01
331 6.478720e-01 1.804000e-03 3.503240e-01
332 6.476280e-01 1.756000e-03 3.506160e-01
333 6.473800e-01 1.684000e-03 3.509360e-01
334 6.471240e-01 1.680000e-03 3.511960e-01
335 6.467600e-01 1.788000e-03 3.514520e-01
336 6.464560e-01 1.776000e-03 3.517680e-01
337 6.460440e-01 1.904000e-03 3.520520e-01
338 6.457240e-01 1.888000e-03 3.523880e-01
339 6.453920e-01 1.880000e-03 3.527280e-01
340 6.450240e-01 1.932000e-03 3.530440e-01
341 6.446680e-01 1.988000e-03 3.533440e-01
342 6.443440e-01 1.944000e-03 3.537120e-01
343 6.439920e-01 1.936000e-03 3.540720e-01
344 6.436080e-01 1.988000e-03 3.544040e-01
345 6.432480e-01 1.944000e-03 3.548080e-01
346 6.429400e-01 1.932000e-03 3.551280e-01
347 6.425720e-01 1.968000e-03 3.554600e-01
348 6.422640e-01 1.924000e-03 3.558120e-01
349 6.419720e-01 1.896000e-03 3.561320e-01
350 6.416680e-01 1.924000e-03 3.564080e-01
351 6.413600e-01 1.884000e-03 3.567560e-01
352 6.410240e-01 1.844000e-03 3.571320e-01
353 6.407680e-01 1.772000e-03 3.574600e-01
354 6.404440e-01 1.776000e-03 3.577800e-01
355 6.401600e-01 1.836000e-03 3.580040e-01
356 6.398680e-01 1.844000e-03 3.582880e-01
357 6.396000e-01 1.748000e-03 3.586520e-01
358 6.393240e-01 1.684000e-03 3.589920e-01
359 6.391000e-01 1.572000e-03 3.593280e-01
360 6.388640e-01 1.492000e-03 3.596440e-01
361 6.386360e-01 1.488000e-03 3.598760e-01
362 6.384280e-01 1.428000e-03 3.601440e-01
363 6.381080e-01 1.484000e-03 3.604080e-01
364 6.379200e-01 1.448000e-03 3.606320e-01
365 6.376040e-01 1.472000e-03 3.609240e-01
366 6.373720e-01 1.496000e-03 3.611320e-01
367 6.371680e-01 1.396000e-03 3.614360e-01
368 6.369640e-01 1.368000e-03 3.616680e-01
369 6.367080e-01 1.384000e-03 3.619080e-01
370 6.364520e-01 1.404000e-03 3.621440e-01
371 6.361840e-01 1.408000e-03 3.624080e-01
372 6.359000e-01 1.460000e-03 3.626400e-01
373 6.356640e-01 1.460000e-03 3.628760e-01
374 6.354960e-01 1.404000e-03 3.631000e-01
375 6.353040e-01 1.344000e-03 3.633520e-01
376 6.350920e-01 1.296000e-03 3.636120e-01
377 6.348800e-01 1.280000e-03 3.638400e-01
378 6.346840e-01 1.220000e-03 3.640960e-01
379 6.344800e-01 1.224000e-03 3.642960e-01
380 6.342840e-01 1.200000e-03 3.645160e-01
381 6.341000e-01 1.188000e-03 3.647120e-01
382 6.338960e-01 1.192000e-03 3.649120e-01
383 6.336960e-01 1.196000e-03 3.651080e-01
384 6.334720e-01 1.180000e-03 3.653480e-01
385 6.332600e-01 1.172000e-03 3.655680e-01
386 6.330880e-01 1.132000e-03 3.657800e-01
387 6.329280e-01 1.052000e-03 3.660200e-01
388 6.326840e-01 1.128000e-03 3.661880e-01
389 6.325320e-01 1.100000e-03 3.663680e-01
390 6.322840e-01 1.136000e-03 3.665800e-01
391 6.321200e-01 1.092000e-03 3.667880e-01
392 6.319080e-01 1.100000e-03 3.669920e-01
393 6.317480e-01 1.064000e-03 3.671880e-01
394 6.315480e-01 1.072000e-03 3.673800e-01
395 6.313760e-01 1.056000e-03 3.675680e-01
396 6.312120e-01 1.044000e-03 3.677440e-01
397 6.310280e-01 1.080000e-03 3.678920e-01
398 6.308520e-01 1.080000e-03 3.680680e-01
399 6.307080e-01 1.000000e-03 3.682920e-01
400 6.305680e-01 9.480000e-04 3.684840e-01
401 6.304200e-01 9.440000e-04 3.686360e-01
402 6.302120e-01 9.760000e-04 3.688120e-01
403 6.300240e-01 1.020000e-03 3.689560e-01
404 6.298800e-01 1.008000e-03 3.691120e-01
405 6.296960e-01 1.024000e-03 3.692800e-01
406 6.295200e-01 1.044000e-03 3.694360e-01
407 6.293480e-01 1.040000e-03 3.696120e-01
408 6.291440e-01 1.060000e-03 3.697960e-01
409 6.290160e-01 9.960000e-04 3.699880e-01
410 6.288400e-01 1.008000e-03 3.701520e-01
411 6.287080e-01 9.280000e-04 3.703640e-01
412 6.285200e-01 9.360000e-04 3.705440e-01
413 6.283120e-01 1.012000e-03 3.706760e-01
414 6.280800e-01 1.064000e-03 3.708560e-01
415 6.278840e-01 1.040000e-03 3.710760e-01
416 6.276960e-01 1.052000e-03 3.712520e-01
417 6.275200e-01 1.036000e-03 3.714440e-01
418 6.273400e-01 1.024000e-03 3.716360e-01
419 6.271880e-01 1.004000e-03 3.718080e-01
420 6.270520e-01 9.960000e-04 3.719520e-01
421 6.268800e-01 9.760000e-04 3.721440e-01
422 6.267120e-01 9.680000e-04 3.723200e-01
423 6.266040e-01 8.920000e-04 3.725040e-01
424 6.264360e-01 8.840000e-04 3.726800e-01
425 6.263160e-01 8.800000e-04 3.728040e-01
426 6.261800e-01 8.560000e-04 3.729640e-01
427 6.260640e-01 8.120000e-04 3.731240e-01
428 6.259520e-01 7.680000e-04 3.732800e-01
429 6.258440e-01 7.520000e-04 3.734040e-01
430 6.256680e-01 7.880000e-04 3.735440e-01
431 6.255200e-01 8.080000e-04 3.736720e-01
432 6.253680e-01 8.160000e-04 3.738160e-01
433 6.252520e-01 8.200000e-04 3.739280e-01
434 6.250960e-01 8.320000e-04 3.740720e-01
435 6.249520e-01 8.320000e-04 3.742160e-01
436 6.248240e-01 8.200000e-04 3.743560e-01
437 6.246920e-01 8.160000e-04 3.744920e-01
438 6.245640e-01 7.680000e-04 3.746680e-01
439 6.244200e-01 7.800000e-04 3.748000e-01
440 6.242880e-01 7.880000e-04 3.749240e-01
441 6.241320e-01 7.880000e-04 3.750800e-01
442 6.240200e-01 7.640000e-04 3.752160e-01
443 6.238800e-01 7.720000e-04 3.753480e-01
444 6.237400e-01 7.600000e-04 3.755000e-01
445 6.235520e-01 7.960000e-04 3.756520e-01
446 6.234520e-01 7.720000e-04 3.757760e-01
447 6.232960e-01 7.920000e-04 3.759120e-01
448 6.231800e-01 7.720000e-04 3.760480e-01
449 6.230160e-01 8.080000e-04 3.761760e-01
450 6.228640e-01 8.440000e-04 3.762920e-01
451 6.227600e-01 8.160000e-04 3.764240e-01
452 6.226280e-01 8.120000e-04 3.765600e-01
453 6.225400e-01 8.120000e-04 3.766480e-01
454 6.224040e-01 7.920000e-04 3.768040e-01
455 6.223160e-01 7.280000e-04 3.769560e-01
456 6.222000e-01 7.160000e-04 3.770840e-01
457 6.220920e-01 7.000000e-04 3.772080e-01
458 6.219840e-01 7.200000e-04 3.772960e-01
459 6.218480e-01 7.000000e-04 3.774520e-01
460 6.217320e-01 7.000000e-04 3.775680e-01
461 6.216040e-01 6.720000e-04 3.777240e-01
462 6.215200e-01 6.200000e-04 3.778600e-01
463 6.214160e-01 5.880000e-04 3.779960e-01
464 6.213160e-01 6.120000e-04 3.780720e-01
465 6.212520e-01 6.000000e-04 3.781480e-01
466 6.211480e-01 6.400000e-04 3.782120e-01
467 6.210760e-01 6.040000e-04 3.783200e-01
468 6.209920e-01 5.840000e-04 3.784240e-01
469 6.208760e-01 6.000000e-04 3.785240e-01
470 6.207680e-01 6.120000e-04 3.786200e-01
471 6.206600e-01 6.120000e-04 3.787280e-01
472 6.205400e-01 6.520000e-04 3.788080e-01
473 6.204120e-01 6.280000e-04 3.789600e-01
474 6.203240e-01 5.760000e-04 3.791000e-01
475 6.201880e-01 5.960000e-04 3.792160e-01
476 6.201040e-01 5.720000e-04 3.793240e-01
477 6.200280e-01 5.560000e-04 3.794160e-01
478 6.199720e-01 4.880000e-04 3.795400e-01
479 6.198920e-01 4.840000e-04 3.796240e-01
480 6.197840e-01 5.200000e-04 3.796960e-01
481 6.196720e-01 5.440000e-04 3.797840e-01
482 6.195840e-01 5.280000e-04 3.798880e-01
483 6.194880e-01 5.360000e-04 3.799760e-01
484 6.194040e-01 5.360000e-04 3.800600e-01
485 6.192760e-01 5.680000e-04 3.801560e-01
486 6.191160e-01 6.000000e-04 3.802840e-01
487 6.190160e-01 5.720000e-04 3.804120e-01
488 6.188640e-01 6.160000e-04 3.805200e-01
489 6.187440e-01 6.320000e-04 3.806240e-01
490 6.186520e-01 6.120000e-04 3.807360e-01
491 6.185360e-01 6.760000e-04 3.807880e-01
492 6.184320e-01 7.000000e-04 3.808680e-01
493 6.182720e-01 7.320000e-04 3.809960e-01
494 6.181160e-01 7.680000e-04 3.811160e-01
495 6.179320e-01 8.120000e-04 3.812560e-01
496 6.177600e-01 8.080000e-04 3.814320e-01
497 6.176440e-01 7.760000e-04 3.815800e-01
498 6.175760e-01 7.400000e-04 3.816840e-01
499 6.174600e-01 7.360000e-04 3.818040e-01
500 6.173280e-01 7.680000e-04 3.819040e-01
