1 9.991600e-01 7.080000e-04 1.320000e-04
2 9.986120e-01 1.088000e-03 3.000000e-04
3 9.979400e-01 1.540000e-03 5.200000e-04
4 9.971880e-01 1.988000e-03 8.240000e-04
5 9.963160e-01 2.496000e-03 1.188000e-03
6 9.954280e-01 2.944000e-03 1.628000e-03
7 9.944040e-01 3.436000e-03 2.160000e-03
8 9.934800e-01 3.712000e-03 2.808000e-03
9 9.924200e-01 4.160000e-03 3.420000e-03
10 9.912840e-01 4.600000e-03 4.116000e-03
11 9.901560e-01 4.804000e-03 5.040000e-03
12 9.889720e-01 5.208000e-03 5.820000e-03
13 9.877120e-01 5.620000e-03 6.668000e-03
14 9.865520e-01 5.840000e-03 7.608000e-03
15 9.853720e-01 6.028000e-03 8.600000e-03
16 9.841680e-01 6.116000e-03 9.716000e-03
17 9.830480e-01 6.244000e-03 1.070800e-02
18 9.816720e-01 6.544000e-03 1.178400e-02
19 9.803400e-01 6.668000e-03 1.299200e-02
20 9.790800e-01 6.836000e-03 1.408400e-02
21 9.778120e-01 6.800000e-03 1.538800e-02
22 9.765000e-01 6.916000e-03 1.658400e-02
23 9.752320e-01 6.912000e-03 1.785600e-02
24 9.739200e-01 7.048000e-03 1.903200e-02
25 9.724280e-01 7.316000e-03 2.025600e-02
26 9.709360e-01 7.512000e-03 2.155200e-02
27 9.693440e-01 7.692000e-03 2.296400e-02
28 9.675840e-01 8.028000e-03 2.438800e-02
29 9.658600e-01 8.452000e-03 2.568800e-02
30 9.642680e-01 8.536000e-03 2.719600e-02
31 9.624800e-01 8.820000e-03 2.870000e-02
32 9.608600e-01 8.916000e-03 3.022400e-02
33 9.592480e-01 8.984000e-03 3.176800e-02
34 9.574760e-01 9.232000e-03 3.329200e-02
35 9.558640e-01 9.224000e-03 3.491200e-02
36 9.540920e-01 9.332000e-03 3.657600e-02
37 9.523840e-01 9.384000e-03 3.823200e-02
38 9.507320e-01 9.396000e-03 3.987200e-02
39 9.490840e-01 9.320000e-03 4.159600e-02
40 9.473560e-01 9.420000e-03 4.322400e-02
41 9.456560e-01 9.396000e-03 4.494800e-02
42 9.438520e-01 9.460000e-03 4.668800e-02
43 9.423280e-01 9.340000e-03 4.833200e-02
44 9.405840e-01 9.400000e-03 5.001600e-02
45 9.389640e-01 9.256000e-03 5.178000e-02
46 9.373920e-01 9.252000e-03 5.335600e-02
47 9.357080e-01 9.264000e-03 5.502800e-02
48 9.339560e-01 9.392000e-03 5.665200e-02
49 9.322760e-01 9.560000e-03 5.816400e-02
50 9.304120e-01 9.704000e-03 5.988400e-02
51 9.286920e-01 9.748000e-03 6.156000e-02
52 9.270520e-01 9.688000e-03 6.326000e-02
53 9.252120e-01 9.812000e-03 6.497600e-02
54 9.233400e-01 9.924000e-03 6.673600e-02
55 9.215120e-01 9.944000e-03 6.854400e-02
56 9.195920e-01 1.017200e-02 7.023600e-02
57 9.178040e-01 1.030000e-02 7.189600e-02
58 9.159320e-01 1.024400e-02 7.382400e-02
59 9.140720e-01 1.017600e-02 7.575200e-02
60 9.123720e-01 1.004000e-02 7.758800e-02
61 9.106120e-01 1.008000e-02 7.930800e-02
62 9.089880e-01 9.928000e-03 8.108400e-02
63 9.071720e-01 9.904000e-03 8.292400e-02
64 9.053800e-01 1.004400e-02 8.457600e-02
65 9.035560e-01 1.016400e-02 8.628000e-02
66 9.016960e-01 1.045200e-02 8.785200e-02
67 8.997640e-01 1.065600e-02 8.958000e-02
68 8.978080e-01 1.066800e-02 9.152400e-02
69 8.960080e-01 1.059600e-02 9.339600e-02
70 8.942600e-01 1.056000e-02 9.518000e-02
71 8.924360e-01 1.042800e-02 9.713600e-02
72 8.905560e-01 1.054000e-02 9.890400e-02
73 8.885960e-01 1.074400e-02 1.006600e-01
74 8.866080e-01 1.075200e-02 1.026400e-01
75 8.845360e-01 1.101600e-02 1.044480e-01
76 8.825880e-01 1.100000e-02 1.064120e-01
77 8.804200e-01 1.133200e-02 1.082480e-01
78 8.785080e-01 1.118000e-02 1.103120e-01
79 8.764680e-01 1.124000e-02 1.122920e-01
80 8.745720e-01 1.118800e-02 1.142400e-01
81 8.725640e-01 1.121200e-02 1.162240e-01
82 8.704960e-01 1.134400e-02 1.181600e-01
83 8.685520e-01 1.128800e-02 1.201600e-01
84 8.666480e-01 1.129200e-02 1.220600e-01
85 8.648080e-01 1.112000e-02 1.240720e-01
86 8.631800e-01 1.095200e-02 1.258680e-01
87 8.614240e-01 1.072000e-02 1.278560e-01
88 8.596200e-01 1.067600e-02 1.297040e-01
89 8.577840e-01 1.061200e-02 1.316040e-01
90 8.559720e-01 1.053200e-02 1.334960e-01
91 8.540320e-01 1.052000e-02 1.354480e-01
92 8.522400e-01 1.034400e-02 1.374160e-01
93 8.504640e-01 1.041600e-02 1.391200e-01
94 8.487760e-01 1.035600e-02 1.408680e-01
95 8.469920e-01 1.036000e-02 1.426480e-01
96 8.451840e-01 1.038400e-02 1.444320e-01
97 8.434600e-01 1.048800e-02 1.460520e-01
98 8.415800e-01 1.046400e-02 1.479560e-01
99 8.396480e-01 1.065200e-02 1.497000e-01
100 8.377680e-01 1.064000e-02 1.515920e-01
101 8.359400e-01 1.062000e-02 1.534400e-01
102 8.342080e-01 1.036400e-02 1.554280e-01
103 8.323000e-01 1.030800e-02 1.573920e-01
104 8.304360e-01 1.038800e-02 1.591760e-01
105 8.286040e-01 1.046000e-02 1.609360e-01
106 8.268280e-01 1.040800e-02 1.627640e-01
107 8.249120e-01 1.051200e-02 1.645760e-01
108 8.230040e-01 1.050400e-02 1.664920e-01
109 8.211280e-01 1.061200e-02 1.682600e-01
110 8.194880e-01 1.040800e-02 1.701040e-01
111 8.178000e-01 1.029200e-02 1.719080e-01
112 8.162960e-01 9.976000e-03 1.737280e-01
113 8.148640e-01 9.612000e-03 1.755240e-01
114 8.132360e-01 9.652000e-03 1.771120e-01
115 8.115280e-01 9.880000e-03 1.785920e-01
116 8.098640e-01 9.792000e-03 1.803440e-01
117 8.082520e-01 9.636000e-03 1.821120e-01
118 8.065600e-01 9.620000e-03 1.838200e-01
119 8.047440e-01 9.756000e-03 1.855000e-01
120 8.030640e-01 9.760000e-03 1.871760e-01
121 8.013160e-01 9.764000e-03 1.889200e-01
122 7.995240e-01 9.816000e-03 1.906600e-01
123 7.976600e-01 9.972000e-03 1.923680e-01
124 7.958480e-01 9.928000e-03 1.942240e-01
125 7.940680e-01 9.928000e-03 1.960040e-01
126 7.924440e-01 9.852000e-03 1.977040e-01
127 7.908200e-01 9.756000e-03 1.994240e-01
128 7.891920e-01 9.712000e-03 2.010960e-01
129 7.875000e-01 9.768000e-03 2.027320e-01
130 7.858840e-01 9.732000e-03 2.043840e-01
131 7.843400e-01 9.604000e-03 2.060560e-01
132 7.828400e-01 9.476000e-03 2.076840e-01
133 7.812960e-01 9.380000e-03 2.093240e-01
134 7.798720e-01 9.252000e-03 2.108760e-01
135 7.782400e-01 9.188000e-03 2.125720e-01
136 7.766840e-01 9.180000e-03 2.141360e-01
137 7.751640e-01 8.968000e-03 2.158680e-01
138 7.736520e-01 9.060000e-03 2.172880e-01
139 7.723200e-01 8.836000e-03 2.188440e-01
140 7.707280e-01 8.884000e-03 2.203880e-01
141 7.692320e-01 8.788000e-03 2.219800e-01
142 7.675280e-01 8.940000e-03 2.235320e-01
143 7.658440e-01 9.092000e-03 2.250640e-01
144 7.641600e-01 9.136000e-03 2.267040e-01
145 7.625160e-01 9.156000e-03 2.283280e-01
146 7.610600e-01 8.848000e-03 2.300920e-01
147 7.595800e-01 8.684000e-03 2.317360e-01
148 7.582760e-01 8.424000e-03 2.333000e-01
149 7.568840e-01 8.412000e-03 2.347040e-01
150 7.554960e-01 8.348000e-03 2.361560e-01
151 7.541600e-01 8.144000e-03 2.376960e-01
152 7.527240e-01 8.024000e-03 2.392520e-01
153 7.514800e-01 7.844000e-03 2.406760e-01
154 7.502720e-01 7.692000e-03 2.420360e-01
155 7.489680e-01 7.484000e-03 2.435480e-01
156 7.476920e-01 7.444000e-03 2.448640e-01
157 7.464560e-01 7.376000e-03 2.461680e-01
158 7.450760e-01 7.440000e-03 2.474840e-01
159 7.440120e-01 7.196000e-03 2.487920e-01
160 7.427600e-01 7.100000e-03 2.501400e-01
161 7.416440e-01 7.008000e-03 2.513480e-01
162 7.404680e-01 6.912000e-03 2.526200e-01
163 7.391880e-01 6.932000e-03 2.538800e-01
164 7.380560e-01 6.760000e-03 2.551840e-01
165 7.369560e-01 6.632000e-03 2.564120e-01
166 7.357200e-01 6.756000e-03 2.575240e-01
167 7.345480e-01 6.792000e-03 2.586600e-01
168 7.333560e-01 6.784000e-03 2.598600e-01
169 7.322400e-01 6.696000e-03 2.610640e-01
170 7.311480e-01 6.572000e-03 2.622800e-01
171 7.300040e-01 6.588000e-03 2.634080e-01
172 7.288440e-01 6.620000e-03 2.645360e-01
173 7.276720e-01 6.560000e-03 2.657680e-01
174 7.265320e-01 6.536000e-03 2.669320e-01
175 7.254600e-01 6.540000e-03 2.680000e-01
176 7.244320e-01 6.404000e-03 2.691640e-01
177 7.233560e-01 6.340000e-03 2.703040e-01
178 7.224040e-01 6.172000e-03 2.714240e-01
179 7.213160e-01 6.124000e-03 2.725600e-01
180 7.201440e-01 6.248000e-03 2.736080e-01
181 7.191120e-01 6.228000e-03 2.746600e-01
182 7.180960e-01 6.236000e-03 2.756680e-01
183 7.170880e-01 6.124000e-03 2.767880e-01
184 7.160960e-01 6.032000e-03 2.778720e-01
185 7.150720e-01 6.068000e-03 2.788600e-01
186 7.142200e-01 5.892000e-03 2.798880e-01
187 7.133320e-01 5.720000e-03 2.809480e-01
188 7.125120e-01 5.560000e-03 2.819280e-01
189 7.116280e-01 5.448000e-03 2.829240e-01
190 7.106280e-01 5.508000e-03 2.838640e-01
191 7.096800e-01 5.432000e-03 2.848880e-01
192 7.088920e-01 5.252000e-03 2.858560e-01
193 7.080160e-01 5.176000e-03 2.868080e-01
194 7.070880e-01 5.176000e-03 2.877360e-01
195 7.062640e-01 5.160000e-03 2.885760e-01
196 7.055480e-01 5.004000e-03 2.894480e-01
197 7.047480e-01 4.896000e-03 2.903560e-01
198 7.040080e-01 4.780000e-03 2.912120e-01
199 7.032360e-01 4.676000e-03 2.920880e-01
200 7.024640e-01 4.504000e-03 2.930320e-01
201 7.016960e-01 4.540000e-03 2.937640e-01
202 7.009040e-01 4.524000e-03 2.945720e-01
203 7.000680e-01 4.564000e-03 2.953680e-01
204 6.993160e-01 4.532000e-03 2.961520e-01
205 6.985720e-01 4.440000e-03 2.969880e-01
206 6.978560e-01 4.368000e-03 2.977760e-01
207 6.970480e-01 4.452000e-03 2.985000e-01
208 6.962320e-01 4.496000e-03 2.992720e-01
209 6.954400e-01 4.460000e-03 3.001000e-01
210 6.947200e-01 4.456000e-03 3.008240e-01
211 6.939160e-01 4.408000e-03 3.016760e-01
212 6.931080e-01 4.440000e-03 3.024520e-01
213 6.924120e-01 4.344000e-03 3.032440e-01
214 6.916600e-01 4.320000e-03 3.040200e-01
215 6.909080e-01 4.364000e-03 3.047280e-01
216 6.901760e-01 4.344000e-03 3.054800e-01
217 6.893960e-01 4.444000e-03 3.061600e-01
218 6.886880e-01 4.272000e-03 3.070400e-01
219 6.880480e-01 4.240000e-03 3.077120e-01
220 6.873840e-01 4.212000e-03 3.084040e-01
221 6.867000e-01 4.148000e-03 3.091520e-01
222 6.861400e-01 3.992000e-03 3.098680e-01
223 6.855360e-01 3.944000e-03 3.105200e-01
224 6.849240e-01 3.924000e-03 3.111520e-01
225 6.843440e-01 3.864000e-03 3.117920e-01
226 6.836560e-01 3.800000e-03 3.125440e-01
227 6.830080e-01 3.800000e-03 3.131920e-01
228 6.823120e-01 3.828000e-03 3.138600e-01
229 6.816640e-01 3.716000e-03 3.146200e-01
230 6.810360e-01 3.600000e-03 3.153640e-01
231 6.803880e-01 3.648000e-03 3.159640e-01
232 6.797080e-01 3.660000e-03 3.166320e-01
233 6.790920e-01 3.560000e-03 3.173480e-01
234 6.785160e-01 3.532000e-03 3.179520e-01
235 6.777840e-01 3.704000e-03 3.185120e-01
236 6.771880e-01 3.628000e-03 3.191840e-01
237 6.766080e-01 3.572000e-03 3.198200e-01
238 6.760400e-01 3.536000e-03 3.204240e-01
239 6.755440e-01 3.400000e-03 3.210560e-01
240 6.749920e-01 3.264000e-03 3.217440e-01
241 6.744880e-01 3.224000e-03 3.222880e-01
242 6.738960e-01 3.236000e-03 3.228680e-01
243 6.733040e-01 3.228000e-03 3.234680e-01
244 6.727320e-01 3.136000e-03 3.241320e-01
245 6.721840e-01 3.164000e-03 3.246520e-01
246 6.715520e-01 3.280000e-03 3.251680e-01
247 6.710160e-01 3.284000e-03 3.257000e-01
248 6.704640e-01 3.212000e-03 3.263240e-01
249 6.699400e-01 3.100000e-03 3.269600e-01
250 6.693080e-01 3.144000e-03 3.275480e-01
251 6.686920e-01 3.260000e-03 3.280480e-01
252 6.682440e-01 3.048000e-03 3.287080e-01
253 6.677400e-01 2.992000e-03 3.292680e-01
254 6.673120e-01 2.916000e-03 3.297720e-01
255 6.669080e-01 2.812000e-03 3.302800e-01
256 6.664840e-01 2.696000e-03 3.308200e-01
257 6.660880e-01 2.644000e-03 3.312680e-01
258 6.656600e-01 2.644000e-03 3.316960e-01
259 6.652040e-01 2.688000e-03 3.321080e-01
260 6.647680e-01 2.648000e-03 3.325840e-01
261 6.643000e-01 2.644000e-03 3.330560e-01
262 6.638640e-01 2.596000e-03 3.335400e-01
263 6.634240e-01 2.568000e-03 3.340080e-01
264 6.630120e-01 2.484000e-03 3.345040e-01
265 6.626440e-01 2.440000e-03 3.349160e-01
266 6.621760e-01 2.472000e-03 3.353520e-01
267 6.617840e-01 2.392000e-03 3.358240e-01
268 6.614320e-01 2.316000e-03 3.362520e-01
269 6.610720e-01 2.280000e-03 3.366480e-01
270 6.606600e-01 2.312000e-03 3.370280e-01
271 6.603280e-01 2.296000e-03 3.373760e-01
272 6.599800e-01 2.236000e-03 3.377840e-01
273 6.596280e-01 2.172000e-03 3.382000e-01
274 6.592040e-01 2.136000e-03 3.386600e-01
275 6.588200e-01 2.096000e-03 3.390840e-01
276 6.584880e-01 2.140000e-03 3.393720e-01
277 6.581800e-01 2.000000e-03 3.398200e-01
278 6.578560e-01 1.988000e-03 3.401560e-01
279 6.575120e-01 1.948000e-03 3.405400e-01
280 6.572280e-01 1.924000e-03 3.408480e-01
281 6.568880e-01 1.904000e-03 3.412080e-01
282 6.565440e-01 1.896000e-03 3.415600e-01
283 6.563160e-01 1.760000e-03 3.419240e-01
284 6.560040e-01 1.768000e-03 3.422280e-01
285 6.556320e-01 1.808000e-03 3.425600e-01
286 6.553000e-01 1.804000e-03 3.428960e-01
287 6.549320e-01 1.800000e-03 3.432680e-01
288 6.546000e-01 1.808000e-03 3.435920e-01
289 6.542800e-01 1.812000e-03 3.439080e-01
290 6.539480e-01 1.836000e-03 3.442160e-01
291 6.536960e-01 1.724000e-03 3.445800e-01
292 6.533520e-01 1.728000e-03 3.449200e-01
293 6.530840e-01 1.712000e-03 3.452040e-01
294 6.528400e-01 1.660000e-03 3.455000e-01
295 6.525520e-01 1.688000e-03 3.457600e-01
296 6.522760e-01 1.672000e-03 3.460520e-01
297 6.520000e-01 1.660000e-03 3.463400e-01
298 6.518200e-01 1.596000e-03 3.465840e-01
299 6.516120e-01 1.528000e-03 3.468600e-01
300 6.513360e-01 1.584000e-03 3.470800e-01
301 6.510720e-01 1.528000e-03 3.474000e-01
302 6.508400e-01 1.440000e-03 3.477200e-01
303 6.505920e-01 1.428000e-03 3.479800e-01
304 6.504040e-01 1.340000e-03 3.482560e-01
305 6.501920e-01 1.312000e-03 3.484960e-01
306 6.499800e-01 1.268000e-03 3.487520e-01
307 6.498160e-01 1.252000e-03 3.489320e-01
308 6.495840e-01 1.284000e-03 3.491320e-01
309 6.493440e-01 1.340000e-03 3.493160e-01
310 6.490320e-01 1.356000e-03 3.496120e-01
311 6.487960e-01 1.360000e-03 3.498440e-01
312 6.485120e-01 1.340000e-03 3.501480e-01
313 6.482440e-01 1.368000e-03 3.503880e-01
314 6.479880e-01 1.380000e-03 3.506320e-01
315 6.477920e-01 1.288000e-03 3.509200e-01
316 6.475720e-01 1.296000e-03 3.511320e-01
317 6.473760e-01 1.260000e-03 3.513640e-01
318 6.471680e-01 1.220000e-03 3.516120e-01
319 6.469800e-01 1.212000e-03 3.518080e-01
320 6.467560e-01 1.200000e-03 3.520440e-01
321 6.465200e-01 1.228000e-03 3.522520e-01
322 6.462680e-01 1.236000e-03 3.524960e-01
323 6.460600e-01 1.240000e-03 3.527000e-01
324 6.457880e-01 1.248000e-03 3.529640e-01
325 6.455280e-01 1.284000e-03 3.531880e-01
326 6.453160e-01 1.276000e-03 3.534080e-01
327 6.450680e-01 1.292000e-03 3.536400e-01
328 6.448400e-01 1.300000e-03 3.538600e-01
329 6.445600e-01 1.368000e-03 3.540720e-01
330 6.443080e-01 1.360000e-03 3.543320e-01
331 6.440600e-01 1.384000e-03 3.545560e-01
332 6.437680e-01 1.416000e-03 3.548160e-01
333 6.435640e-01 1.364000e-03 3.550720e-01
334 6.432960e-01 1.384000e-03 3.553200e-01
335 6.429600e-01 1.508000e-03 3.555320e-01
336 6.427160e-01 1.508000e-03 3.557760e-01
337 6.425000e-01 1.484000e-03 3.560160e-01
338 6.422520e-01 1.512000e-03 3.562360e-01
339 6.419400e-01 1.532000e-03 3.565280e-01
340 6.417280e-01 1.444000e-03 3.568280e-01
341 6.415280e-01 1.412000e-03 3.570600e-01
342 6.412720e-01 1.428000e-03 3.573000e-01
343 6.409760e-01 1.472000e-03 3.575520e-01
344 6.407000e-01 1.524000e-03 3.577760e-01
345 6.404400e-01 1.516000e-03 3.580440e-01
346 6.402120e-01 1.488000e-03 3.583000e-01
347 6.399600e-01 1.504000e-03 3.585360e-01
348 6.396360e-01 1.576000e-03 3.587880e-01
349 6.393320e-01 1.596000e-03 3.590720e-01
350 6.390800e-01 1.568000e-03 3.593520e-01
351 6.388480e-01 1.520000e-03 3.596320e-01
352 6.385240e-01 1.580000e-03 3.598960e-01
353 6.382640e-01 1.568000e-03 3.601680e-01
354 6.380400e-01 1.508000e-03 3.604520e-01
355 6.378600e-01 1.372000e-03 3.607680e-01
356 6.376720e-01 1.332000e-03 3.609960e-01
357 6.374920e-01 1.276000e-03 3.612320e-01
358 6.372800e-01 1.280000e-03 3.614400e-01
359 6.370760e-01 1.280000e-03 3.616440e-01
360 6.368320e-01 1.344000e-03 3.618240e-01
361 6.366200e-01 1.256000e-03 3.621240e-01
362 6.364520e-01 1.220000e-03 3.623280e-01
363 6.362960e-01 1.192000e-03 3.625120e-01
364 6.361080e-01 1.216000e-03 3.626760e-01
365 6.359840e-01 1.144000e-03 3.628720e-01
366 6.358120e-01 1.140000e-03 3.630480e-01
367 6.356280e-01 1.112000e-03 3.632600e-01
368 6.354480e-01 1.136000e-03 3.634160e-01
369 6.352880e-01 1.084000e-03 3.636280e-01
370 6.351320e-01 1.048000e-03 3.638200e-01
371 6.349680e-01 1.008000e-03 3.640240e-01
372 6.348160e-01 1.020000e-03 3.641640e-01
373 6.347000e-01 9.640000e-04 3.643360e-01
374 6.345840e-01 9.160000e-04 3.645000e-01
375 6.344600e-01 8.720000e-04 3.646680e-01
376 6.343640e-01 8.320000e-04 3.648040e-01
377 6.342480e-01 8.280000e-04 3.649240e-01
378 6.341400e-01 7.960000e-04 3.650640e-01
379 6.340000e-01 7.760000e-04 3.652240e-01
380 6.338760e-01 7.640000e-04 3.653600e-01
381 6.337560e-01 7.240000e-04 3.655200e-01
382 6.336280e-01 7.720000e-04 3.656000e-01
383 6.334920e-01 8.000000e-04 3.657080e-01
384 6.333360e-01 7.920000e-04 3.658720e-01
385 6.331480e-01 8.680000e-04 3.659840e-01
386 6.330320e-01 8.400000e-04 3.661280e-01
387 6.329400e-01 7.720000e-04 3.662880e-01
388 6.328200e-01 7.680000e-04 3.664120e-01
389 6.326760e-01 7.800000e-04 3.665440e-01
390 6.325520e-01 7.680000e-04 3.666800e-01
391 6.323840e-01 7.600000e-04 3.668560e-01
392 6.322520e-01 7.280000e-04 3.670200e-01
393 6.320840e-01 7.760000e-04 3.671400e-01
394 6.319080e-01 8.000000e-04 3.672920e-01
395 6.317560e-01 8.000000e-04 3.674440e-01
396 6.316280e-01 7.760000e-04 3.675960e-01
397 6.315280e-01 7.800000e-04 3.676920e-01
398 6.313560e-01 8.120000e-04 3.678320e-01
399 6.311800e-01 8.520000e-04 3.679680e-01
400 6.310400e-01 8.480000e-04 3.681120e-01
401 6.309240e-01 7.680000e-04 3.683080e-01
402 6.307920e-01 7.520000e-04 3.684560e-01
403 6.306360e-01 7.760000e-04 3.685880e-01
404 6.305080e-01 7.480000e-04 3.687440e-01
405 6.303840e-01 7.120000e-04 3.689040e-01
406 6.302800e-01 6.960000e-04 3.690240e-01
407 6.301960e-01 6.200000e-04 3.691840e-01
408 6.300880e-01 6.080000e-04 3.693040e-01
409 6.299800e-01 6.160000e-04 3.694040e-01
410 6.299000e-01 6.120000e-04 3.694880e-01
411 6.297880e-01 6.320000e-04 3.695800e-01
412 6.296960e-01 6.080000e-04 3.696960e-01
413 6.295760e-01 6.400000e-04 3.697840e-01
414 6.294920e-01 6.160000e-04 3.698920e-01
415 6.293600e-01 6.400000e-04 3.700000e-01
416 6.292440e-01 6.560000e-04 3.701000e-01
417 6.290960e-01 6.880000e-04 3.702160e-01
418 6.289280e-01 7.520000e-04 3.703200e-01
419 6.287600e-01 7.920000e-04 3.704480e-01
420 6.285880e-01 8.480000e-04 3.705640e-01
421 6.283920e-01 9.160000e-04 3.706920e-01
422 6.282280e-01 8.760000e-04 3.708960e-01
423 6.280320e-01 9.200000e-04 3.710480e-01
424 6.278720e-01 8.880000e-04 3.712400e-01
425 6.277520e-01 8.600000e-04 3.713880e-01
426 6.276280e-01 8.600000e-04 3.715120e-01
427 6.274760e-01 8.520000e-04 3.716720e-01
428 6.273000e-01 9.120000e-04 3.717880e-01
429 6.271440e-01 9.040000e-04 3.719520e-01
430 6.270200e-01 9.000000e-04 3.720800e-01
431 6.268960e-01 8.560000e-04 3.722480e-01
432 6.267440e-01 8.880000e-04 3.723680e-01
433 6.266320e-01 7.920000e-04 3.725760e-01
434 6.264880e-01 8.200000e-04 3.726920e-01
435 6.263680e-01 7.800000e-04 3.728520e-01
436 6.262480e-01 7.840000e-04 3.729680e-01
437 6.260800e-01 8.080000e-04 3.731120e-01
438 6.259400e-01 8.280000e-04 3.732320e-01
439 6.258120e-01 7.760000e-04 3.734120e-01
440 6.256680e-01 8.240000e-04 3.735080e-01
441 6.254880e-01 8.680000e-04 3.736440e-01
442 6.252680e-01 9.400000e-04 3.737920e-01
443 6.251240e-01 9.200000e-04 3.739560e-01
444 6.249480e-01 9.560000e-04 3.740960e-01
445 6.247720e-01 9.720000e-04 3.742560e-01
446 6.246400e-01 9.520000e-04 3.744080e-01
447 6.244880e-01 9.560000e-04 3.745560e-01
448 6.243520e-01 9.120000e-04 3.747360e-01
449 6.242040e-01 8.960000e-04 3.749000e-01
450 6.240720e-01 8.840000e-04 3.750440e-01
451 6.238960e-01 8.920000e-04 3.752120e-01
452 6.237360e-01 9.120000e-04 3.753520e-01
453 6.235520e-01 9.400000e-04 3.755080e-01
454 6.233600e-01 9.760000e-04 3.756640e-01
455 6.231560e-01 1.004000e-03 3.758400e-01
456 6.230000e-01 9.880000e-04 3.760120e-01
457 6.228520e-01 9.280000e-04 3.762200e-01
458 6.226600e-01 9.680000e-04 3.763720e-01
459 6.225040e-01 9.480000e-04 3.765480e-01
460 6.223800e-01 9.040000e-04 3.767160e-01
461 6.222200e-01 9.200000e-04 3.768600e-01
462 6.221160e-01 8.280000e-04 3.770560e-01
463 6.220160e-01 8.120000e-04 3.771720e-01
464 6.219080e-01 7.880000e-04 3.773040e-01
465 6.217600e-01 8.080000e-04 3.774320e-01
466 6.215920e-01 8.600000e-04 3.775480e-01
467 6.214440e-01 8.680000e-04 3.776880e-01
468 6.212800e-01 8.880000e-04 3.778320e-01
469 6.211360e-01 8.880000e-04 3.779760e-01
470 6.210040e-01 8.600000e-04 3.781360e-01
471 6.208360e-01 9.000000e-04 3.782640e-01
472 6.207160e-01 8.720000e-04 3.784120e-01
473 6.205400e-01 8.920000e-04 3.785680e-01
474 6.204320e-01 8.080000e-04 3.787600e-01
475 6.202800e-01 8.000000e-04 3.789200e-01
476 6.201720e-01 7.680000e-04 3.790600e-01
477 6.200600e-01 7.640000e-04 3.791760e-01
478 6.199840e-01 7.280000e-04 3.792880e-01
479 6.199120e-01 6.720000e-04 3.794160e-01
480 6.198000e-01 6.840000e-04 3.795160e-01
481 6.197320e-01 6.520000e-04 3.796160e-01
482 6.196520e-01 6.440000e-04 3.797040e-01
483 6.195320e-01 6.640000e-04 3.798040e-01
484 6.194160e-01 6.680000e-04 3.799160e-01
485 6.192800e-01 6.640000e-04 3.800560e-01
486 6.192040e-01 5.960000e-04 3.802000e-01
487 6.191200e-01 5.680000e-04 3.803120e-01
488 6.190360e-01 5.320000e-04 3.804320e-01
489 6.189400e-01 5.440000e-04 3.805160e-01
490 6.188400e-01 5.480000e-04 3.806120e-01
491 6.187600e-01 5.160000e-04 3.807240e-01
492 6.187040e-01 5.160000e-04 3.807800e-01
493 6.185880e-01 5.280000e-04 3.808840e-01
494 6.185000e-01 5.120000e-04 3.809880e-01
495 6.184360e-01 4.880000e-04 3.810760e-01
496 6.183400e-01 5.120000e-04 3.811480e-01
497 6.182480e-01 5.080000e-04 3.812440e-01
498 6.181840e-01 5.040000e-04 3.813120e-01
499 6.181400e-01 4.720000e-04 3.813880e-01
500 6.180440e-01 4.840000e-04 3.814720e-01
