1 9.993120e-01 5.880000e-04 1.000000e-04
2 9.988680e-01 8.840000e-04 2.480000e-04
3 9.983840e-01 1.208000e-03 4.080000e-04
4 9.976960e-01 1.680000e-03 6.240000e-04
5 9.969080e-01 2.200000e-03 8.920000e-04
6 9.960360e-01 2.620000e-03 1.344000e-03
7 9.952160e-01 3.016000e-03 1.768000e-03
8 9.943280e-01 3.312000e-03 2.360000e-03
9 9.933960e-01 3.632000e-03 2.972000e-03
10 9.923840e-01 4.028000e-03 3.588000e-03
11 9.912000e-01 4.460000e-03 4.340000e-03
12 9.901240e-01 4.752000e-03 5.124000e-03
13 9.890560e-01 4.928000e-03 6.016000e-03
14 9.879120e-01 5.116000e-03 6.972000e-03
15 9.866560e-01 5.352000e-03 7.992000e-03
16 9.853920e-01 5.608000e-03 9.000000e-03
17 9.841360e-01 5.824000e-03 1.004000e-02
18 9.827120e-01 6.220000e-03 1.106800e-02
19 9.812160e-01 6.604000e-03 1.218000e-02
20 9.799640e-01 6.644000e-03 1.339200e-02
21 9.785480e-01 6.900000e-03 1.455200e-02
22 9.771040e-01 7.172000e-03 1.572400e-02
23 9.756000e-01 7.392000e-03 1.700800e-02
24 9.741360e-01 7.584000e-03 1.828000e-02
25 9.726120e-01 7.768000e-03 1.962000e-02
26 9.712240e-01 7.800000e-03 2.097600e-02
27 9.697640e-01 7.844000e-03 2.239200e-02
28 9.682640e-01 7.828000e-03 2.390800e-02
29 9.666960e-01 7.932000e-03 2.537200e-02
30 9.651360e-01 8.036000e-03 2.682800e-02
31 9.633840e-01 8.344000e-03 2.827200e-02
32 9.617560e-01 8.468000e-03 2.977600e-02
33 9.601320e-01 8.628000e-03 3.124000e-02
34 9.585240e-01 8.744000e-03 3.273200e-02
35 9.569600e-01 8.752000e-03 3.428800e-02
36 9.551240e-01 9.000000e-03 3.587600e-02
37 9.533640e-01 9.176000e-03 3.746000e-02
38 9.516360e-01 9.312000e-03 3.905200e-02
39 9.500880e-01 9.304000e-03 4.060800e-02
40 9.483520e-01 9.344000e-03 4.230400e-02
41 9.466560e-01 9.468000e-03 4.387600e-02
42 9.450000e-01 9.416000e-03 4.558400e-02
43 9.432600e-01 9.584000e-03 4.715600e-02
44 9.415640e-01 9.584000e-03 4.885200e-02
45 9.399200e-01 9.604000e-03 5.047600e-02
46 9.383080e-01 9.512000e-03 5.218000e-02
47 9.366120e-01 9.460000e-03 5.392800e-02
48 9.350360e-01 9.372000e-03 5.559200e-02
49 9.335160e-01 9.156000e-03 5.732800e-02
50 9.320960e-01 8.888000e-03 5.901600e-02
51 9.306840e-01 8.672000e-03 6.064400e-02
52 9.290040e-01 8.732000e-03 6.226400e-02
53 9.275080e-01 8.784000e-03 6.370800e-02
54 9.258840e-01 8.892000e-03 6.522400e-02
55 9.245000e-01 8.700000e-03 6.680000e-02
56 9.230440e-01 8.600000e-03 6.835600e-02
57 9.217120e-01 8.540000e-03 6.974800e-02
58 9.203400e-01 8.360000e-03 7.130000e-02
59 9.188120e-01 8.404000e-03 7.278400e-02
60 9.172640e-01 8.480000e-03 7.425600e-02
61 9.159880e-01 8.176000e-03 7.583600e-02
62 9.145440e-01 8.216000e-03 7.724000e-02
63 9.131320e-01 8.192000e-03 7.867600e-02
64 9.116000e-01 8.300000e-03 8.010000e-02
65 9.100000e-01 8.444000e-03 8.155600e-02
66 9.085200e-01 8.336000e-03 8.314400e-02
67 9.069960e-01 8.468000e-03 8.453600e-02
68 9.056720e-01 8.276000e-03 8.605200e-02
69 9.041120e-01 8.456000e-03 8.743200e-02
70 9.027600e-01 8.364000e-03 8.887600e-02
71 9.013480e-01 8.252000e-03 9.040000e-02
72 8.999040e-01 8.316000e-03 9.178000e-02
73 8.984160e-01 8.448000e-03 9.313600e-02
74 8.968400e-01 8.472000e-03 9.468800e-02
75 8.953560e-01 8.432000e-03 9.621200e-02
76 8.939040e-01 8.272000e-03 9.782400e-02
77 8.925000e-01 8.184000e-03 9.931600e-02
78 8.910360e-01 8.224000e-03 1.007400e-01
79 8.895640e-01 8.252000e-03 1.021840e-01
80 8.881760e-01 8.232000e-03 1.035920e-01
81 8.867120e-01 8.296000e-03 1.049920e-01
82 8.853600e-01 8.152000e-03 1.064880e-01
83 8.838680e-01 8.292000e-03 1.078400e-01
84 8.825840e-01 8.148000e-03 1.092680e-01
85 8.811160e-01 8.136000e-03 1.107480e-01
86 8.798000e-01 8.020000e-03 1.121800e-01
87 8.783240e-01 8.132000e-03 1.135440e-01
88 8.769040e-01 8.208000e-03 1.148880e-01
89 8.754240e-01 8.296000e-03 1.162800e-01
90 8.740680e-01 8.264000e-03 1.176680e-01
91 8.726680e-01 8.276000e-03 1.190560e-01
92 8.714480e-01 7.996000e-03 1.205560e-01
93 8.700480e-01 7.964000e-03 1.219880e-01
94 8.685840e-01 8.064000e-03 1.233520e-01
95 8.671160e-01 8.124000e-03 1.247600e-01
96 8.656920e-01 8.100000e-03 1.262080e-01
97 8.643760e-01 8.012000e-03 1.276120e-01
98 8.628920e-01 8.124000e-03 1.289840e-01
99 8.614600e-01 8.084000e-03 1.304560e-01
100 8.598840e-01 8.212000e-03 1.319040e-01
101 8.583480e-01 8.276000e-03 1.333760e-01
102 8.568680e-01 8.268000e-03 1.348640e-01
103 8.554600e-01 8.252000e-03 1.362880e-01
104 8.540920e-01 8.276000e-03 1.376320e-01
105 8.527680e-01 8.188000e-03 1.390440e-01
106 8.513840e-01 8.048000e-03 1.405680e-01
107 8.500200e-01 8.004000e-03 1.419760e-01
108 8.486000e-01 8.056000e-03 1.433440e-01
109 8.471800e-01 8.068000e-03 1.447520e-01
110 8.457880e-01 7.948000e-03 1.462640e-01
111 8.444840e-01 7.832000e-03 1.476840e-01
112 8.431560e-01 7.820000e-03 1.490240e-01
113 8.420600e-01 7.604000e-03 1.503360e-01
114 8.409120e-01 7.360000e-03 1.517280e-01
115 8.397520e-01 7.164000e-03 1.530840e-01
116 8.385440e-01 7.124000e-03 1.543320e-01
117 8.374240e-01 6.988000e-03 1.555880e-01
118 8.361000e-01 7.076000e-03 1.568240e-01
119 8.347200e-01 7.184000e-03 1.580960e-01
120 8.334920e-01 7.084000e-03 1.594240e-01
121 8.322360e-01 7.032000e-03 1.607320e-01
122 8.309840e-01 7.024000e-03 1.619920e-01
123 8.298280e-01 6.964000e-03 1.632080e-01
124 8.284360e-01 7.136000e-03 1.644280e-01
125 8.271800e-01 7.120000e-03 1.657000e-01
126 8.260440e-01 7.036000e-03 1.669200e-01
127 8.247440e-01 7.248000e-03 1.680080e-01
128 8.233360e-01 7.324000e-03 1.693400e-01
129 8.221800e-01 7.160000e-03 1.706600e-01
130 8.208280e-01 7.380000e-03 1.717920e-01
131 8.194440e-01 7.464000e-03 1.730920e-01
132 8.180880e-01 7.456000e-03 1.744560e-01
133 8.168240e-01 7.420000e-03 1.757560e-01
134 8.155360e-01 7.380000e-03 1.770840e-01
135 8.142800e-01 7.376000e-03 1.783440e-01
136 8.129760e-01 7.424000e-03 1.796000e-01
137 8.117120e-01 7.284000e-03 1.810040e-01
138 8.105640e-01 7.236000e-03 1.822000e-01
139 8.093560e-01 7.224000e-03 1.834200e-01
140 8.081720e-01 7.128000e-03 1.847000e-01
141 8.070320e-01 7.104000e-03 1.858640e-01
142 8.055240e-01 7.352000e-03 1.871240e-01
143 8.041600e-01 7.412000e-03 1.884280e-01
144 8.028240e-01 7.460000e-03 1.897160e-01
145 8.013520e-01 7.572000e-03 1.910760e-01
146 7.999200e-01 7.844000e-03 1.922360e-01
147 7.984960e-01 7.856000e-03 1.936480e-01
148 7.971200e-01 7.924000e-03 1.949560e-01
149 7.958640e-01 7.820000e-03 1.963160e-01
150 7.946040e-01 7.652000e-03 1.977440e-01
151 7.933520e-01 7.624000e-03 1.990240e-01
152 7.920680e-01 7.552000e-03 2.003800e-01
153 7.907400e-01 7.588000e-03 2.016720e-01
154 7.896720e-01 7.432000e-03 2.028960e-01
155 7.884000e-01 7.392000e-03 2.042080e-01
156 7.870960e-01 7.352000e-03 2.055520e-01
157 7.857000e-01 7.512000e-03 2.067880e-01
158 7.844560e-01 7.296000e-03 2.082480e-01
159 7.831280e-01 7.324000e-03 2.095480e-01
160 7.819080e-01 7.264000e-03 2.108280e-01
161 7.805840e-01 7.284000e-03 2.121320e-01
162 7.792480e-01 7.452000e-03 2.133000e-01
163 7.780440e-01 7.364000e-03 2.145920e-01
164 7.768040e-01 7.308000e-03 2.158880e-01
165 7.755240e-01 7.316000e-03 2.171600e-01
166 7.742080e-01 7.260000e-03 2.185320e-01
167 7.728600e-01 7.244000e-03 2.198960e-01
168 7.715240e-01 7.320000e-03 2.211560e-01
169 7.703520e-01 7.260000e-03 2.223880e-01
170 7.690840e-01 7.168000e-03 2.237480e-01
171 7.677440e-01 7.192000e-03 2.250640e-01
172 7.664720e-01 7.220000e-03 2.263080e-01
173 7.650880e-01 7.292000e-03 2.276200e-01
174 7.637840e-01 7.252000e-03 2.289640e-01
175 7.625960e-01 7.148000e-03 2.302560e-01
176 7.614280e-01 7.136000e-03 2.314360e-01
177 7.601760e-01 7.240000e-03 2.325840e-01
178 7.588400e-01 7.284000e-03 2.338760e-01
179 7.574160e-01 7.448000e-03 2.351360e-01
180 7.560920e-01 7.288000e-03 2.366200e-01
181 7.549960e-01 7.000000e-03 2.380040e-01
182 7.538520e-01 6.888000e-03 2.392600e-01
183 7.526880e-01 6.944000e-03 2.403680e-01
184 7.514840e-01 6.860000e-03 2.416560e-01
185 7.503080e-01 6.844000e-03 2.428480e-01
186 7.490840e-01 6.928000e-03 2.439880e-01
187 7.480200e-01 6.828000e-03 2.451520e-01
188 7.469000e-01 6.852000e-03 2.462480e-01
189 7.457160e-01 6.900000e-03 2.473840e-01
190 7.445760e-01 6.852000e-03 2.485720e-01
191 7.434960e-01 6.740000e-03 2.497640e-01
192 7.423680e-01 6.636000e-03 2.509960e-01
193 7.412960e-01 6.632000e-03 2.520720e-01
194 7.403320e-01 6.416000e-03 2.532520e-01
195 7.394400e-01 6.268000e-03 2.542920e-01
196 7.383560e-01 6.340000e-03 2.553040e-01
197 7.374120e-01 6.236000e-03 2.563520e-01
198 7.365720e-01 6.048000e-03 2.573800e-01
199 7.356680e-01 5.872000e-03 2.584600e-01
200 7.348280e-01 5.740000e-03 2.594320e-01
201 7.339800e-01 5.564000e-03 2.604560e-01
202 7.330520e-01 5.524000e-03 2.614240e-01
203 7.321880e-01 5.388000e-03 2.624240e-01
204 7.312640e-01 5.396000e-03 2.633400e-01
205 7.302640e-01 5.460000e-03 2.642760e-01
206 7.292080e-01 5.660000e-03 2.651320e-01
207 7.281760e-01 5.652000e-03 2.661720e-01
208 7.272600e-01 5.556000e-03 2.671840e-01
209 7.264120e-01 5.376000e-03 2.682120e-01
210 7.256320e-01 5.144000e-03 2.692240e-01
211 7.247560e-01 5.128000e-03 2.701160e-01
212 7.238880e-01 5.132000e-03 2.709800e-01
213 7.229640e-01 5.168000e-03 2.718680e-01
214 7.220440e-01 5.128000e-03 2.728280e-01
215 7.211440e-01 5.140000e-03 2.737160e-01
216 7.202240e-01 5.152000e-03 2.746240e-01
217 7.192480e-01 5.228000e-03 2.755240e-01
218 7.182720e-01 5.300000e-03 2.764280e-01
219 7.174360e-01 5.180000e-03 2.773840e-01
220 7.165440e-01 5.140000e-03 2.783160e-01
221 7.156880e-01 5.096000e-03 2.792160e-01
222 7.147680e-01 5.092000e-03 2.801400e-01
223 7.139080e-01 5.052000e-03 2.810400e-01
224 7.130120e-01 5.152000e-03 2.818360e-01
225 7.121080e-01 5.156000e-03 2.827360e-01
226 7.112360e-01 5.140000e-03 2.836240e-01
227 7.102640e-01 5.160000e-03 2.845760e-01
228 7.094440e-01 5.068000e-03 2.854880e-01
229 7.085360e-01 5.052000e-03 2.864120e-01
230 7.075000e-01 5.224000e-03 2.872760e-01
231 7.065760e-01 5.160000e-03 2.882640e-01
232 7.057000e-01 5.164000e-03 2.891360e-01
233 7.046800e-01 5.248000e-03 2.900720e-01
234 7.036960e-01 5.428000e-03 2.908760e-01
235 7.027840e-01 5.440000e-03 2.917760e-01
236 7.018800e-01 5.344000e-03 2.927760e-01
237 7.010000e-01 5.276000e-03 2.937240e-01
238 7.002440e-01 5.068000e-03 2.946880e-01
239 6.995120e-01 4.980000e-03 2.955080e-01
240 6.987200e-01 4.848000e-03 2.964320e-01
241 6.980120e-01 4.704000e-03 2.972840e-01
242 6.973200e-01 4.496000e-03 2.981840e-01
243 6.966400e-01 4.444000e-03 2.989160e-01
244 6.959680e-01 4.348000e-03 2.996840e-01
245 6.952440e-01 4.320000e-03 3.004360e-01
246 6.945040e-01 4.332000e-03 3.011640e-01
247 6.938880e-01 4.192000e-03 3.019200e-01
248 6.932000e-01 4.152000e-03 3.026480e-01
249 6.926240e-01 4.060000e-03 3.033160e-01
250 6.920160e-01 4.000000e-03 3.039840e-01
251 6.914480e-01 3.956000e-03 3.045960e-01
252 6.909480e-01 3.780000e-03 3.052720e-01
253 6.904480e-01 3.724000e-03 3.058280e-01
254 6.898600e-01 3.612000e-03 3.065280e-01
255 6.892200e-01 3.616000e-03 3.071640e-01
256 6.886840e-01 3.560000e-03 3.077560e-01
257 6.881760e-01 3.388000e-03 3.084360e-01
258 6.876240e-01 3.400000e-03 3.089760e-01
259 6.870360e-01 3.508000e-03 3.094560e-01
260 6.864920e-01 3.444000e-03 3.100640e-01
261 6.859760e-01 3.356000e-03 3.106680e-01
262 6.854560e-01 3.296000e-03 3.112480e-01
263 6.849360e-01 3.264000e-03 3.118000e-01
264 6.843320e-01 3.272000e-03 3.123960e-01
265 6.838200e-01 3.180000e-03 3.130000e-01
266 6.832520e-01 3.200000e-03 3.135480e-01
267 6.826760e-01 3.236000e-03 3.140880e-01
268 6.820960e-01 3.160000e-03 3.147440e-01
269 6.815720e-01 3.172000e-03 3.152560e-01
270 6.809520e-01 3.264000e-03 3.157840e-01
271 6.803440e-01 3.300000e-03 3.163560e-01
272 6.797720e-01 3.292000e-03 3.169360e-01
273 6.792880e-01 3.180000e-03 3.175320e-01
274 6.787360e-01 3.184000e-03 3.180800e-01
275 6.782200e-01 3.168000e-03 3.186120e-01
276 6.777520e-01 3.056000e-03 3.191920e-01
277 6.772680e-01 2.984000e-03 3.197480e-01
278 6.767640e-01 2.928000e-03 3.203080e-01
279 6.762720e-01 2.924000e-03 3.208040e-01
280 6.758160e-01 2.860000e-03 3.213240e-01
281 6.753360e-01 2.936000e-03 3.217280e-01
282 6.747560e-01 2.948000e-03 3.222960e-01
283 6.742200e-01 2.940000e-03 3.228400e-01
284 6.736480e-01 2.940000e-03 3.234120e-01
285 6.731080e-01 3.084000e-03 3.238080e-01
286 6.724840e-01 3.212000e-03 3.243040e-01
287 6.719000e-01 3.168000e-03 3.249320e-01
288 6.713400e-01 3.252000e-03 3.254080e-01
289 6.707000e-01 3.380000e-03 3.259200e-01
290 6.700640e-01 3.428000e-03 3.265080e-01
291 6.694840e-01 3.404000e-03 3.271120e-01
292 6.690000e-01 3.316000e-03 3.276840e-01
293 6.685600e-01 3.156000e-03 3.282840e-01
294 6.680280e-01 3.120000e-03 3.288520e-01
295 6.675640e-01 2.952000e-03 3.294840e-01
296 6.670280e-01 3.044000e-03 3.299280e-01
297 6.665600e-01 2.992000e-03 3.304480e-01
298 6.660880e-01 2.908000e-03 3.310040e-01
299 6.657120e-01 2.812000e-03 3.314760e-01
300 6.652440e-01 2.724000e-03 3.320320e-01
301 6.648600e-01 2.672000e-03 3.324680e-01
302 6.644080e-01 2.616000e-03 3.329760e-01
303 6.640080e-01 2.556000e-03 3.334360e-01
304 6.636440e-01 2.516000e-03 3.338400e-01
305 6.632440e-01 2.472000e-03 3.342840e-01
306 6.627880e-01 2.512000e-03 3.347000e-01
307 6.623080e-01 2.524000e-03 3.351680e-01
308 6.618160e-01 2.504000e-03 3.356800e-01
309 6.614200e-01 2.520000e-03 3.360600e-01
310 6.609360e-01 2.556000e-03 3.365080e-01
311 6.605360e-01 2.492000e-03 3.369720e-01
312 6.601000e-01 2.540000e-03 3.373600e-01
313 6.596080e-01 2.512000e-03 3.378800e-01
314 6.592440e-01 2.436000e-03 3.383200e-01
315 6.588360e-01 2.432000e-03 3.387320e-01
316 6.582920e-01 2.568000e-03 3.391400e-01
317 6.578680e-01 2.532000e-03 3.396000e-01
318 6.574360e-01 2.556000e-03 3.400080e-01
319 6.568840e-01 2.660000e-03 3.404560e-01
320 6.564280e-01 2.640000e-03 3.409320e-01
321 6.558560e-01 2.840000e-03 3.413040e-01
322 6.553120e-01 2.912000e-03 3.417760e-01
323 6.548040e-01 2.916000e-03 3.422800e-01
324 6.543160e-01 2.888000e-03 3.427960e-01
325 6.538360e-01 2.792000e-03 3.433720e-01
326 6.533760e-01 2.700000e-03 3.439240e-01
327 6.528000e-01 2.808000e-03 3.443920e-01
328 6.523480e-01 2.760000e-03 3.448920e-01
329 6.518360e-01 2.792000e-03 3.453720e-01
330 6.513600e-01 2.672000e-03 3.459680e-01
331 6.508800e-01 2.704000e-03 3.464160e-01
332 6.504640e-01 2.648000e-03 3.468880e-01
333 6.500080e-01 2.708000e-03 3.472840e-01
334 6.495320e-01 2.684000e-03 3.477840e-01
335 6.490920e-01 2.668000e-03 3.482400e-01
336 6.486000e-01 2.680000e-03 3.487200e-01
337 6.481640e-01 2.672000e-03 3.491640e-01
338 6.476680e-01 2.644000e-03 3.496880e-01
339 6.471680e-01 2.640000e-03 3.501920e-01
340 6.467520e-01 2.588000e-03 3.506600e-01
341 6.462760e-01 2.592000e-03 3.511320e-01
342 6.458040e-01 2.616000e-03 3.515800e-01
343 6.453040e-01 2.720000e-03 3.519760e-01
344 6.447240e-01 2.860000e-03 3.524160e-01
345 6.441880e-01 2.888000e-03 3.529240e-01
346 6.436960e-01 2.856000e-03 3.534480e-01
347 6.432920e-01 2.712000e-03 3.539960e-01
348 6.428360e-01 2.740000e-03 3.544240e-01
349 6.423320e-01 2.800000e-03 3.548680e-01
350 6.419920e-01 2.684000e-03 3.553240e-01
351 6.415160e-01 2.680000e-03 3.558040e-01
352 6.410280e-01 2.672000e-03 3.563000e-01
353 6.404960e-01 2.744000e-03 3.567600e-01
354 6.399960e-01 2.720000e-03 3.572840e-01
355 6.396200e-01 2.588000e-03 3.577920e-01
356 6.392920e-01 2.452000e-03 3.582560e-01
357 6.388920e-01 2.452000e-03 3.586560e-01
358 6.384200e-01 2.460000e-03 3.591200e-01
359 6.380120e-01 2.452000e-03 3.595360e-01
360 6.376240e-01 2.428000e-03 3.599480e-01
361 6.372160e-01 2.428000e-03 3.603560e-01
362 6.367680e-01 2.504000e-03 3.607280e-01
363 6.363680e-01 2.444000e-03 3.611880e-01
364 6.359840e-01 2.428000e-03 3.615880e-01
365 6.355760e-01 2.384000e-03 3.620400e-01
366 6.351600e-01 2.380000e-03 3.624600e-01
367 6.347560e-01 2.396000e-03 3.628480e-01
368 6.343720e-01 2.332000e-03 3.632960e-01
369 6.340360e-01 2.300000e-03 3.636640e-01
370 6.337120e-01 2.252000e-03 3.640360e-01
371 6.333040e-01 2.296000e-03 3.644000e-01
372 6.328800e-01 2.328000e-03 3.647920e-01
373 6.324480e-01 2.352000e-03 3.652000e-01
374 6.320680e-01 2.236000e-03 3.656960e-01
375 6.315880e-01 2.328000e-03 3.660840e-01
376 6.311680e-01 2.312000e-03 3.665200e-01
377 6.308000e-01 2.276000e-03 3.669240e-01
378 6.304040e-01 2.304000e-03 3.672920e-01
379 6.300400e-01 2.280000e-03 3.676800e-01
380 6.296480e-01 2.308000e-03 3.680440e-01
381 6.292160e-01 2.340000e-03 3.684440e-01
382 6.288800e-01 2.296000e-03 3.688240e-01
383 6.285720e-01 2.296000e-03 3.691320e-01
384 6.281920e-01 2.300000e-03 3.695080e-01
385 6.278440e-01 2.256000e-03 3.699000e-01
386 6.274480e-01 2.252000e-03 3.703000e-01
387 6.271200e-01 2.136000e-03 3.707440e-01
388 6.267560e-01 2.172000e-03 3.710720e-01
389 6.264200e-01 2.140000e-03 3.714400e-01
390 6.260600e-01 2.132000e-03 3.718080e-01
391 6.256880e-01 2.144000e-03 3.721680e-01
392 6.253240e-01 2.132000e-03 3.725440e-01
393 6.250160e-01 2.068000e-03 3.729160e-01
394 6.246960e-01 2.076000e-03 3.732280e-01
395 6.244120e-01 1.988000e-03 3.736000e-01
396 6.241320e-01 1.920000e-03 3.739480e-01
397 6.238560e-01 1.896000e-03 3.742480e-01
398 6.235480e-01 1.820000e-03 3.746320e-01
399 6.232840e-01 1.804000e-03 3.749120e-01
400 6.230560e-01 1.692000e-03 3.752520e-01
401 6.227920e-01 1.608000e-03 3.756000e-01
402 6.225840e-01 1.536000e-03 3.758800e-01
403 6.224120e-01 1.464000e-03 3.761240e-01
404 6.221600e-01 1.436000e-03 3.764040e-01
405 6.219440e-01 1.484000e-03 3.765720e-01
406 6.216920e-01 1.496000e-03 3.768120e-01
407 6.214760e-01 1.460000e-03 3.770640e-01
408 6.212120e-01 1.524000e-03 3.772640e-01
409 6.209760e-01 1.452000e-03 3.775720e-01
410 6.207160e-01 1.436000e-03 3.778480e-01
411 6.204240e-01 1.512000e-03 3.780640e-01
412 6.201960e-01 1.428000e-03 3.783760e-01
413 6.199080e-01 1.492000e-03 3.786000e-01
414 6.196280e-01 1.520000e-03 3.788520e-01
415 6.193520e-01 1.528000e-03 3.791200e-01
416 6.190560e-01 1.504000e-03 3.794400e-01
417 6.188440e-01 1.448000e-03 3.797080e-01
418 6.185880e-01 1.452000e-03 3.799600e-01
419 6.182680e-01 1.556000e-03 3.801760e-01
420 6.179960e-01 1.568000e-03 3.804360e-01
421 6.177440e-01 1.572000e-03 3.806840e-01
422 6.175160e-01 1.488000e-03 3.809960e-01
423 6.173000e-01 1.388000e-03 3.813120e-01
424 6.170640e-01 1.392000e-03 3.815440e-01
425 6.168320e-01 1.392000e-03 3.817760e-01
426 6.166120e-01 1.356000e-03 3.820320e-01
427 6.163640e-01 1.376000e-03 3.822600e-01
428 6.161480e-01 1.376000e-03 3.824760e-01
429 6.159400e-01 1.312000e-03 3.827480e-01
430 6.156960e-01 1.352000e-03 3.829520e-01
431 6.155120e-01 1.316000e-03 3.831720e-01
432 6.153000e-01 1.324000e-03 3.833760e-01
433 6.151320e-01 1.312000e-03 3.835560e-01
434 6.149040e-01 1.328000e-03 3.837680e-01
435 6.147080e-01 1.280000e-03 3.840120e-01
436 6.145160e-01 1.252000e-03 3.842320e-01
437 6.143240e-01 1.228000e-03 3.844480e-01
438 6.140680e-01 1.256000e-03 3.846760e-01
439 6.139680e-01 1.132000e-03 3.849000e-01
440 6.138000e-01 1.112000e-03 3.850880e-01
441 6.136160e-01 1.076000e-03 3.853080e-01
442 6.134320e-01 1.060000e-03 3.855080e-01
443 6.132200e-01 1.096000e-03 3.856840e-01
444 6.129320e-01 1.136000e-03 3.859320e-01
445 6.127120e-01 1.148000e-03 3.861400e-01
446 6.124800e-01 1.188000e-03 3.863320e-01
447 6.123040e-01 1.152000e-03 3.865440e-01
448 6.120920e-01 1.168000e-03 3.867400e-01
449 6.118680e-01 1.208000e-03 3.869240e-01
450 6.116400e-01 1.212000e-03 3.871480e-01
451 6.114680e-01 1.180000e-03 3.873520e-01
452 6.112760e-01 1.148000e-03 3.875760e-01
453 6.111320e-01 1.124000e-03 3.877440e-01
454 6.109400e-01 1.056000e-03 3.880040e-01
455 6.107640e-01 1.040000e-03 3.881960e-01
456 6.105840e-01 1.056000e-03 3.883600e-01
457 6.103600e-01 1.068000e-03 3.885720e-01
458 6.101480e-01 1.124000e-03 3.887280e-01
459 6.099400e-01 1.148000e-03 3.889120e-01
460 6.096920e-01 1.244000e-03 3.890640e-01
461 6.094520e-01 1.296000e-03 3.892520e-01
462 6.092640e-01 1.256000e-03 3.894800e-01
463 6.090320e-01 1.316000e-03 3.896520e-01
464 6.087760e-01 1.328000e-03 3.898960e-01
465 6.085240e-01 1.364000e-03 3.901120e-01
466 6.083040e-01 1.356000e-03 3.903400e-01
467 6.080880e-01 1.348000e-03 3.905640e-01
468 6.078160e-01 1.376000e-03 3.908080e-01
469 6.075800e-01 1.380000e-03 3.910400e-01
470 6.073560e-01 1.372000e-03 3.912720e-01
471 6.071440e-01 1.336000e-03 3.915200e-01
472 6.069920e-01 1.264000e-03 3.917440e-01
473 6.068240e-01 1.264000e-03 3.919120e-01
474 6.066440e-01 1.220000e-03 3.921360e-01
475 6.064400e-01 1.212000e-03 3.923480e-01
476 6.062800e-01 1.200000e-03 3.925200e-01
477 6.060960e-01 1.184000e-03 3.927200e-01
478 6.059480e-01 1.152000e-03 3.929000e-01
479 6.057600e-01 1.176000e-03 3.930640e-01
480 6.055640e-01 1.172000e-03 3.932640e-01
481 6.054040e-01 1.112000e-03 3.934840e-01
482 6.052880e-01 1.032000e-03 3.936800e-01
483 6.051440e-01 1.000000e-03 3.938560e-01
484 6.050360e-01 9.760000e-04 3.939880e-01
485 6.049520e-01 9.120000e-04 3.941360e-01
486 6.048640e-01 8.400000e-04 3.942960e-01
487 6.047800e-01 7.840000e-04 3.944360e-01
488 6.046640e-01 7.920000e-04 3.945440e-01
489 6.045680e-01 7.520000e-04 3.946800e-01
490 6.044600e-01 7.000000e-04 3.948400e-01
491 6.043840e-01 6.880000e-04 3.949280e-01
492 6.043000e-01 6.480000e-04 3.950520e-01
493 6.042440e-01 6.000000e-04 3.951560e-01
494 6.041640e-01 6.000000e-04 3.952360e-01
495 6.040720e-01 5.840000e-04 3.953440e-01
496 6.039960e-01 5.880000e-04 3.954160e-01
497 6.038480e-01 6.320000e-04 3.955200e-01
498 6.037640e-01 5.920000e-04 3.956440e-01
499 6.036720e-01 5.560000e-04 3.957720e-01
500 6.036000e-01 5.160000e-04 3.958840e-01
