1 9.992120e-01 7.000000e-04 8.800000e-05
2 9.986040e-01 1.128000e-03 2.680000e-04
3 9.980040e-01 1.440000e-03 5.560000e-04
4 9.973520e-01 1.744000e-03 9.040000e-04
5 9.967800e-01 1.980000e-03 1.240000e-03
6 9.960160e-01 2.388000e-03 1.596000e-03
7 9.951360e-01 2.772000e-03 2.092000e-03
8 9.943200e-01 3.048000e-03 2.632000e-03
9 9.934120e-01 3.480000e-03 3.108000e-03
10 9.924960e-01 3.712000e-03 3.792000e-03
11 9.915720e-01 4.036000e-03 4.392000e-03
12 9.907240e-01 4.148000e-03 5.128000e-03
13 9.897360e-01 4.396000e-03 5.868000e-03
14 9.886000e-01 4.744000e-03 6.656000e-03
15 9.875200e-01 5.092000e-03 7.388000e-03
16 9.863680e-01 5.312000e-03 8.320000e-03
17 9.852640e-01 5.556000e-03 9.180000e-03
18 9.841360e-01 5.760000e-03 1.010400e-02
19 9.829600e-01 5.768000e-03 1.127200e-02
20 9.816760e-01 6.048000e-03 1.227600e-02
21 9.803400e-01 6.252000e-03 1.340800e-02
22 9.791920e-01 6.276000e-03 1.453200e-02
23 9.778880e-01 6.516000e-03 1.559600e-02
24 9.765120e-01 6.844000e-03 1.664400e-02
25 9.750640e-01 7.104000e-03 1.783200e-02
26 9.738120e-01 7.036000e-03 1.915200e-02
27 9.724880e-01 7.156000e-03 2.035600e-02
28 9.711040e-01 7.288000e-03 2.160800e-02
29 9.696520e-01 7.496000e-03 2.285200e-02
30 9.683720e-01 7.416000e-03 2.421200e-02
31 9.671440e-01 7.308000e-03 2.554800e-02
32 9.657800e-01 7.388000e-03 2.683200e-02
33 9.643520e-01 7.516000e-03 2.813200e-02
34 9.629560e-01 7.496000e-03 2.954800e-02
35 9.615880e-01 7.532000e-03 3.088000e-02
36 9.601200e-01 7.744000e-03 3.213600e-02
37 9.585600e-01 7.920000e-03 3.352000e-02
38 9.570640e-01 7.912000e-03 3.502400e-02
39 9.558000e-01 7.840000e-03 3.636000e-02
40 9.544800e-01 7.684000e-03 3.783600e-02
41 9.531440e-01 7.736000e-03 3.912000e-02
42 9.517400e-01 7.788000e-03 4.047200e-02
43 9.503600e-01 7.784000e-03 4.185600e-02
44 9.490200e-01 7.684000e-03 4.329600e-02
45 9.476760e-01 7.664000e-03 4.466000e-02
46 9.461200e-01 7.824000e-03 4.605600e-02
47 9.446800e-01 7.908000e-03 4.741200e-02
48 9.432480e-01 7.964000e-03 4.878800e-02
49 9.417120e-01 8.072000e-03 5.021600e-02
50 9.401840e-01 8.084000e-03 5.173200e-02
51 9.387720e-01 8.040000e-03 5.318800e-02
52 9.374200e-01 7.964000e-03 5.461600e-02
53 9.359640e-01 8.028000e-03 5.600800e-02
54 9.344680e-01 8.060000e-03 5.747200e-02
55 9.329960e-01 8.056000e-03 5.894800e-02
56 9.316480e-01 7.984000e-03 6.036800e-02
57 9.301720e-01 8.060000e-03 6.176800e-02
58 9.288480e-01 7.872000e-03 6.328000e-02
59 9.274560e-01 7.892000e-03 6.465200e-02
60 9.260600e-01 7.928000e-03 6.601200e-02
61 9.247120e-01 7.820000e-03 6.746800e-02
62 9.232880e-01 7.888000e-03 6.882400e-02
63 9.220600e-01 7.784000e-03 7.015600e-02
64 9.207720e-01 7.792000e-03 7.143600e-02
65 9.195280e-01 7.652000e-03 7.282000e-02
66 9.181080e-01 7.716000e-03 7.417600e-02
67 9.168800e-01 7.608000e-03 7.551200e-02
68 9.155440e-01 7.520000e-03 7.693600e-02
69 9.143560e-01 7.472000e-03 7.817200e-02
70 9.129480e-01 7.564000e-03 7.948800e-02
71 9.116240e-01 7.480000e-03 8.089600e-02
72 9.101120e-01 7.632000e-03 8.225600e-02
73 9.087480e-01 7.600000e-03 8.365200e-02
74 9.074280e-01 7.624000e-03 8.494800e-02
75 9.061280e-01 7.672000e-03 8.620000e-02
76 9.048440e-01 7.576000e-03 8.758000e-02
77 9.035880e-01 7.504000e-03 8.890800e-02
78 9.023360e-01 7.420000e-03 9.024400e-02
79 9.008920e-01 7.484000e-03 9.162400e-02
80 8.997400e-01 7.336000e-03 9.292400e-02
81 8.984680e-01 7.384000e-03 9.414800e-02
82 8.971640e-01 7.404000e-03 9.543200e-02
83 8.959360e-01 7.332000e-03 9.673200e-02
84 8.945720e-01 7.524000e-03 9.790400e-02
85 8.932040e-01 7.560000e-03 9.923600e-02
86 8.919320e-01 7.484000e-03 1.005840e-01
87 8.906160e-01 7.332000e-03 1.020520e-01
88 8.892320e-01 7.384000e-03 1.033840e-01
89 8.878240e-01 7.468000e-03 1.047080e-01
90 8.866320e-01 7.340000e-03 1.060280e-01
91 8.856000e-01 7.204000e-03 1.071960e-01
92 8.843880e-01 7.148000e-03 1.084640e-01
93 8.830800e-01 7.076000e-03 1.098440e-01
94 8.817840e-01 7.108000e-03 1.111080e-01
95 8.803720e-01 7.236000e-03 1.123920e-01
96 8.790960e-01 7.180000e-03 1.137240e-01
97 8.778960e-01 7.000000e-03 1.151040e-01
98 8.767120e-01 6.972000e-03 1.163160e-01
99 8.755280e-01 6.912000e-03 1.175600e-01
100 8.743160e-01 6.920000e-03 1.187640e-01
101 8.732560e-01 6.768000e-03 1.199760e-01
102 8.718000e-01 7.064000e-03 1.211360e-01
103 8.704400e-01 7.220000e-03 1.223400e-01
104 8.692120e-01 7.192000e-03 1.235960e-01
105 8.678640e-01 7.292000e-03 1.248440e-01
106 8.666560e-01 7.196000e-03 1.261480e-01
107 8.654800e-01 7.116000e-03 1.274040e-01
108 8.641640e-01 7.156000e-03 1.286800e-01
109 8.629200e-01 7.120000e-03 1.299600e-01
110 8.617680e-01 7.032000e-03 1.312000e-01
111 8.605680e-01 6.960000e-03 1.324720e-01
112 8.592800e-01 6.968000e-03 1.337520e-01
113 8.581080e-01 6.980000e-03 1.349120e-01
114 8.569520e-01 6.876000e-03 1.361720e-01
115 8.557160e-01 6.928000e-03 1.373560e-01
116 8.547120e-01 6.716000e-03 1.385720e-01
117 8.535960e-01 6.676000e-03 1.397280e-01
118 8.524920e-01 6.556000e-03 1.409520e-01
119 8.513200e-01 6.544000e-03 1.421360e-01
120 8.502720e-01 6.480000e-03 1.432480e-01
121 8.492360e-01 6.324000e-03 1.444400e-01
122 8.482280e-01 6.152000e-03 1.456200e-01
123 8.471400e-01 6.224000e-03 1.466360e-01
124 8.461560e-01 6.160000e-03 1.476840e-01
125 8.450400e-01 6.280000e-03 1.486800e-01
126 8.439200e-01 6.288000e-03 1.497920e-01
127 8.428440e-01 6.348000e-03 1.508080e-01
128 8.417480e-01 6.360000e-03 1.518920e-01
129 8.408200e-01 6.176000e-03 1.530040e-01
130 8.397240e-01 6.096000e-03 1.541800e-01
131 8.387640e-01 5.900000e-03 1.553360e-01
132 8.376320e-01 5.956000e-03 1.564120e-01
133 8.366440e-01 5.840000e-03 1.575160e-01
134 8.357480e-01 5.700000e-03 1.585520e-01
135 8.348640e-01 5.620000e-03 1.595160e-01
136 8.339480e-01 5.584000e-03 1.604680e-01
137 8.329680e-01 5.488000e-03 1.615440e-01
138 8.319720e-01 5.432000e-03 1.625960e-01
139 8.310000e-01 5.360000e-03 1.636400e-01
140 8.301160e-01 5.348000e-03 1.645360e-01
141 8.290240e-01 5.364000e-03 1.656120e-01
142 8.280760e-01 5.348000e-03 1.665760e-01
143 8.270600e-01 5.376000e-03 1.675640e-01
144 8.260920e-01 5.440000e-03 1.684680e-01
145 8.250600e-01 5.444000e-03 1.694960e-01
146 8.240280e-01 5.596000e-03 1.703760e-01
147 8.230040e-01 5.524000e-03 1.714720e-01
148 8.219120e-01 5.592000e-03 1.724960e-01
149 8.210800e-01 5.532000e-03 1.733880e-01
150 8.203080e-01 5.364000e-03 1.743280e-01
151 8.192800e-01 5.420000e-03 1.753000e-01
152 8.182840e-01 5.492000e-03 1.762240e-01
153 8.172120e-01 5.580000e-03 1.772080e-01
154 8.162160e-01 5.676000e-03 1.781080e-01
155 8.152440e-01 5.668000e-03 1.790880e-01
156 8.141880e-01 5.688000e-03 1.801240e-01
157 8.131320e-01 5.784000e-03 1.810840e-01
158 8.120360e-01 5.836000e-03 1.821280e-01
159 8.110520e-01 5.884000e-03 1.830640e-01
160 8.101000e-01 5.836000e-03 1.840640e-01
161 8.090320e-01 5.988000e-03 1.849800e-01
162 8.078800e-01 6.120000e-03 1.860000e-01
163 8.068440e-01 6.000000e-03 1.871560e-01
164 8.056840e-01 6.068000e-03 1.882480e-01
165 8.045240e-01 6.212000e-03 1.892640e-01
166 8.035360e-01 6.144000e-03 1.903200e-01
167 8.026200e-01 6.044000e-03 1.913360e-01
168 8.016440e-01 5.916000e-03 1.924400e-01
169 8.006440e-01 5.964000e-03 1.933920e-01
170 7.997040e-01 5.840000e-03 1.944560e-01
171 7.989600e-01 5.572000e-03 1.954680e-01
172 7.980000e-01 5.596000e-03 1.964040e-01
173 7.970240e-01 5.632000e-03 1.973440e-01
174 7.961960e-01 5.504000e-03 1.983000e-01
175 7.954040e-01 5.356000e-03 1.992400e-01
176 7.944960e-01 5.156000e-03 2.003480e-01
177 7.935280e-01 5.192000e-03 2.012800e-01
178 7.925880e-01 5.296000e-03 2.021160e-01
179 7.916800e-01 5.228000e-03 2.030920e-01
180 7.907000e-01 5.292000e-03 2.040080e-01
181 7.897880e-01 5.280000e-03 2.049320e-01
182 7.887720e-01 5.392000e-03 2.058360e-01
183 7.879920e-01 5.272000e-03 2.067360e-01
184 7.870240e-01 5.192000e-03 2.077840e-01
185 7.861400e-01 5.176000e-03 2.086840e-01
186 7.851880e-01 5.224000e-03 2.095880e-01
187 7.841560e-01 5.388000e-03 2.104560e-01
188 7.832640e-01 5.372000e-03 2.113640e-01
189 7.823400e-01 5.296000e-03 2.123640e-01
190 7.814080e-01 5.396000e-03 2.131960e-01
191 7.804440e-01 5.520000e-03 2.140360e-01
192 7.795160e-01 5.512000e-03 2.149720e-01
193 7.787400e-01 5.240000e-03 2.160200e-01
194 7.778600e-01 5.192000e-03 2.169480e-01
195 7.770840e-01 5.080000e-03 2.178360e-01
196 7.762720e-01 4.964000e-03 2.187640e-01
197 7.754000e-01 4.944000e-03 2.196560e-01
198 7.745280e-01 4.928000e-03 2.205440e-01
199 7.736480e-01 4.932000e-03 2.214200e-01
200 7.727160e-01 5.120000e-03 2.221640e-01
201 7.719000e-01 5.044000e-03 2.230560e-01
202 7.712160e-01 4.856000e-03 2.239280e-01
203 7.704880e-01 4.696000e-03 2.248160e-01
204 7.697280e-01 4.760000e-03 2.255120e-01
205 7.689800e-01 4.744000e-03 2.262760e-01
206 7.682360e-01 4.696000e-03 2.270680e-01
207 7.674640e-01 4.800000e-03 2.277360e-01
208 7.667280e-01 4.808000e-03 2.284640e-01
209 7.659120e-01 4.796000e-03 2.292920e-01
210 7.651800e-01 4.628000e-03 2.301920e-01
211 7.644680e-01 4.512000e-03 2.310200e-01
212 7.637040e-01 4.580000e-03 2.317160e-01
213 7.629360e-01 4.472000e-03 2.325920e-01
214 7.621080e-01 4.584000e-03 2.333080e-01
215 7.612960e-01 4.632000e-03 2.340720e-01
216 7.606080e-01 4.496000e-03 2.348960e-01
217 7.598160e-01 4.480000e-03 2.357040e-01
218 7.590720e-01 4.472000e-03 2.364560e-01
219 7.583600e-01 4.376000e-03 2.372640e-01
220 7.576280e-01 4.440000e-03 2.379320e-01
221 7.568840e-01 4.396000e-03 2.387200e-01
222 7.562320e-01 4.328000e-03 2.394400e-01
223 7.556520e-01 4.116000e-03 2.402320e-01
224 7.550320e-01 3.960000e-03 2.410080e-01
225 7.543560e-01 3.896000e-03 2.417480e-01
226 7.536680e-01 3.896000e-03 2.424360e-01
227 7.529680e-01 3.924000e-03 2.431080e-01
228 7.523320e-01 3.840000e-03 2.438280e-01
229 7.518000e-01 3.756000e-03 2.444440e-01
230 7.511080e-01 3.840000e-03 2.450520e-01
231 7.504640e-01 3.824000e-03 2.457120e-01
232 7.497840e-01 3.824000e-03 2.463920e-01
233 7.491640e-01 3.820000e-03 2.470160e-01
234 7.484920e-01 3.776000e-03 2.477320e-01
235 7.479280e-01 3.644000e-03 2.484280e-01
236 7.473320e-01 3.660000e-03 2.490080e-01
237 7.466960e-01 3.612000e-03 2.496920e-01
238 7.459480e-01 3.696000e-03 2.503560e-01
239 7.452360e-01 3.724000e-03 2.510400e-01
240 7.445160e-01 3.864000e-03 2.516200e-01
241 7.437640e-01 3.856000e-03 2.523800e-01
242 7.430680e-01 3.956000e-03 2.529760e-01
243 7.423240e-01 4.036000e-03 2.536400e-01
244 7.416640e-01 3.952000e-03 2.543840e-01
245 7.408960e-01 4.044000e-03 2.550600e-01
246 7.401160e-01 4.176000e-03 2.557080e-01
247 7.392840e-01 4.332000e-03 2.563840e-01
248 7.385920e-01 4.304000e-03 2.571040e-01
249 7.379160e-01 4.292000e-03 2.577920e-01
250 7.372320e-01 4.248000e-03 2.585200e-01
251 7.365360e-01 4.200000e-03 2.592640e-01
252 7.358200e-01 4.128000e-03 2.600520e-01
253 7.351840e-01 3.984000e-03 2.608320e-01
254 7.346440e-01 3.828000e-03 2.615280e-01
255 7.341720e-01 3.584000e-03 2.622440e-01
256 7.334920e-01 3.684000e-03 2.628240e-01
257 7.327760e-01 3.688000e-03 2.635360e-01
258 7.321200e-01 3.744000e-03 2.641360e-01
259 7.314280e-01 3.744000e-03 2.648280e-01
260 7.306960e-01 3.836000e-03 2.654680e-01
261 7.299840e-01 3.872000e-03 2.661440e-01
262 7.293000e-01 3.808000e-03 2.668920e-01
263 7.284680e-01 4.016000e-03 2.675160e-01
264 7.276400e-01 4.076000e-03 2.682840e-01
265 7.269640e-01 4.020000e-03 2.690160e-01
266 7.262200e-01 4.108000e-03 2.696720e-01
267 7.254800e-01 4.152000e-03 2.703680e-01
268 7.247400e-01 4.184000e-03 2.710760e-01
269 7.241480e-01 4.104000e-03 2.717480e-01
270 7.234840e-01 4.056000e-03 2.724600e-01
271 7.228560e-01 4.000000e-03 2.731440e-01
272 7.222840e-01 3.908000e-03 2.738080e-01
273 7.215320e-01 4.052000e-03 2.744160e-01
274 7.209440e-01 3.852000e-03 2.752040e-01
275 7.203320e-01 3.788000e-03 2.758800e-01
276 7.198120e-01 3.708000e-03 2.764800e-01
277 7.191320e-01 3.804000e-03 2.770640e-01
278 7.184880e-01 3.784000e-03 2.777280e-01
279 7.178760e-01 3.832000e-03 2.782920e-01
280 7.172720e-01 3.756000e-03 2.789720e-01
281 7.167000e-01 3.692000e-03 2.796080e-01
282 7.160480e-01 3.652000e-03 2.803000e-01
283 7.153720e-01 3.700000e-03 2.809280e-01
284 7.147520e-01 3.652000e-03 2.815960e-01
285 7.141680e-01 3.540000e-03 2.822920e-01
286 7.135960e-01 3.472000e-03 2.829320e-01
287 7.131200e-01 3.340000e-03 2.835400e-01
288 7.126720e-01 3.240000e-03 2.840880e-01
289 7.122360e-01 3.144000e-03 2.846200e-01
290 7.117360e-01 3.108000e-03 2.851560e-01
291 7.112280e-01 3.124000e-03 2.856480e-01
292 7.107320e-01 3.052000e-03 2.862160e-01
293 7.101640e-01 3.072000e-03 2.867640e-01
294 7.096520e-01 3.024000e-03 2.873240e-01
295 7.090320e-01 3.128000e-03 2.878400e-01
296 7.084440e-01 3.132000e-03 2.884240e-01
297 7.078480e-01 3.224000e-03 2.889280e-01
298 7.072840e-01 3.208000e-03 2.895080e-01
299 7.067400e-01 3.244000e-03 2.900160e-01
300 7.061760e-01 3.212000e-03 2.906120e-01
301 7.056520e-01 3.152000e-03 2.911960e-01
302 7.050920e-01 3.140000e-03 2.917680e-01
303 7.046360e-01 3.044000e-03 2.923200e-01
304 7.040680e-01 3.088000e-03 2.928440e-01
305 7.036080e-01 3.056000e-03 2.933360e-01
306 7.031600e-01 2.972000e-03 2.938680e-01
307 7.027920e-01 2.808000e-03 2.944000e-01
308 7.023400e-01 2.808000e-03 2.948520e-01
309 7.019480e-01 2.712000e-03 2.953400e-01
310 7.014880e-01 2.708000e-03 2.958040e-01
311 7.009840e-01 2.768000e-03 2.962480e-01
312 7.005720e-01 2.800000e-03 2.966280e-01
313 7.001640e-01 2.696000e-03 2.971400e-01
314 6.996520e-01 2.732000e-03 2.976160e-01
315 6.992800e-01 2.680000e-03 2.980400e-01
316 6.987520e-01 2.696000e-03 2.985520e-01
317 6.983160e-01 2.632000e-03 2.990520e-01
318 6.979520e-01 2.608000e-03 2.994400e-01
319 6.974960e-01 2.572000e-03 2.999320e-01
320 6.970120e-01 2.648000e-03 3.003400e-01
321 6.965080e-01 2.696000e-03 3.007960e-01
322 6.960440e-01 2.676000e-03 3.012800e-01
323 6.956600e-01 2.592000e-03 3.017480e-01
324 6.952880e-01 2.492000e-03 3.022200e-01
325 6.948760e-01 2.416000e-03 3.027080e-01
326 6.945480e-01 2.240000e-03 3.032120e-01
327 6.941360e-01 2.312000e-03 3.035520e-01
328 6.937840e-01 2.248000e-03 3.039680e-01
329 6.933360e-01 2.284000e-03 3.043800e-01
330 6.929400e-01 2.256000e-03 3.048040e-01
331 6.924680e-01 2.352000e-03 3.051800e-01
332 6.919720e-01 2.452000e-03 3.055760e-01
333 6.914720e-01 2.488000e-03 3.060400e-01
334 6.910360e-01 2.516000e-03 3.064480e-01
335 6.905320e-01 2.616000e-03 3.068520e-01
336 6.900680e-01 2.636000e-03 3.072960e-01
337 6.895040e-01 2.748000e-03 3.077480e-01
338 6.890080e-01 2.756000e-03 3.082360e-01
339 6.884200e-01 2.892000e-03 3.086880e-01
340 6.878760e-01 2.964000e-03 3.091600e-01
341 6.873240e-01 3.008000e-03 3.096680e-01
342 6.867880e-01 3.112000e-03 3.101000e-01
343 6.862520e-01 3.052000e-03 3.106960e-01
344 6.857240e-01 3.028000e-03 3.112480e-01
345 6.852240e-01 3.000000e-03 3.117760e-01
346 6.847000e-01 2.948000e-03 3.123520e-01
347 6.841520e-01 2.972000e-03 3.128760e-01
348 6.836560e-01 2.928000e-03 3.134160e-01
349 6.831160e-01 2.932000e-03 3.139520e-01
350 6.825440e-01 2.992000e-03 3.144640e-01
351 6.819560e-01 3.044000e-03 3.150000e-01
352 6.813560e-01 3.048000e-03 3.155960e-01
353 6.808040e-01 3.152000e-03 3.160440e-01
354 6.802720e-01 3.164000e-03 3.165640e-01
355 6.797720e-01 3.088000e-03 3.171400e-01
356 6.793200e-01 2.968000e-03 3.177120e-01
357 6.788760e-01 2.876000e-03 3.182480e-01
358 6.783680e-01 2.852000e-03 3.187800e-01
359 6.778800e-01 2.836000e-03 3.192840e-01
360 6.773720e-01 2.848000e-03 3.197800e-01
361 6.768760e-01 2.848000e-03 3.202760e-01
362 6.764520e-01 2.704000e-03 3.208440e-01
363 6.759280e-01 2.804000e-03 3.212680e-01
364 6.754840e-01 2.764000e-03 3.217520e-01
365 6.750680e-01 2.700000e-03 3.222320e-01
366 6.745360e-01 2.724000e-03 3.227400e-01
367 6.741160e-01 2.608000e-03 3.232760e-01
368 6.737120e-01 2.520000e-03 3.237680e-01
369 6.733120e-01 2.476000e-03 3.242120e-01
370 6.729560e-01 2.416000e-03 3.246280e-01
371 6.725680e-01 2.416000e-03 3.250160e-01
372 6.721120e-01 2.372000e-03 3.255160e-01
373 6.717120e-01 2.400000e-03 3.258880e-01
374 6.713360e-01 2.396000e-03 3.262680e-01
375 6.708800e-01 2.408000e-03 3.267120e-01
376 6.704840e-01 2.368000e-03 3.271480e-01
377 6.700440e-01 2.424000e-03 3.275320e-01
378 6.696280e-01 2.420000e-03 3.279520e-01
379 6.691440e-01 2.472000e-03 3.283840e-01
380 6.687200e-01 2.476000e-03 3.288040e-01
381 6.683040e-01 2.436000e-03 3.292600e-01
382 6.678760e-01 2.456000e-03 3.296680e-01
383 6.674280e-01 2.464000e-03 3.301080e-01
384 6.670160e-01 2.400000e-03 3.305840e-01
385 6.666600e-01 2.356000e-03 3.309840e-01
386 6.662600e-01 2.392000e-03 3.313480e-01
387 6.659640e-01 2.260000e-03 3.317760e-01
388 6.655720e-01 2.300000e-03 3.321280e-01
389 6.652520e-01 2.148000e-03 3.326000e-01
390 6.649400e-01 2.072000e-03 3.329880e-01
391 6.646440e-01 2.008000e-03 3.333480e-01
392 6.643640e-01 1.940000e-03 3.336960e-01
393 6.640360e-01 1.908000e-03 3.340560e-01
394 6.637080e-01 1.908000e-03 3.343840e-01
395 6.633840e-01 1.908000e-03 3.347080e-01
396 6.630720e-01 1.928000e-03 3.350000e-01
397 6.627000e-01 1.952000e-03 3.353480e-01
398 6.623560e-01 1.940000e-03 3.357040e-01
399 6.619240e-01 2.060000e-03 3.360160e-01
400 6.614880e-01 2.116000e-03 3.363960e-01
401 6.611240e-01 2.156000e-03 3.367200e-01
402 6.607360e-01 2.144000e-03 3.371200e-01
403 6.604320e-01 2.032000e-03 3.375360e-01
404 6.601120e-01 2.028000e-03 3.378600e-01
405 6.598720e-01 1.944000e-03 3.381840e-01
406 6.595680e-01 1.972000e-03 3.384600e-01
407 6.593280e-01 1.864000e-03 3.388080e-01
408 6.590800e-01 1.732000e-03 3.391880e-01
409 6.588640e-01 1.612000e-03 3.395240e-01
410 6.586640e-01 1.560000e-03 3.397760e-01
411 6.584600e-01 1.488000e-03 3.400520e-01
412 6.581960e-01 1.476000e-03 3.403280e-01
413 6.579640e-01 1.384000e-03 3.406520e-01
414 6.578160e-01 1.300000e-03 3.408840e-01
415 6.576320e-01 1.244000e-03 3.411240e-01
416 6.573800e-01 1.256000e-03 3.413640e-01
417 6.571960e-01 1.216000e-03 3.415880e-01
418 6.569520e-01 1.236000e-03 3.418120e-01
419 6.567400e-01 1.248000e-03 3.420120e-01
420 6.565280e-01 1.204000e-03 3.422680e-01
421 6.562960e-01 1.252000e-03 3.424520e-01
422 6.560720e-01 1.212000e-03 3.427160e-01
423 6.558280e-01 1.236000e-03 3.429360e-01
424 6.556000e-01 1.228000e-03 3.431720e-01
425 6.553960e-01 1.204000e-03 3.434000e-01
426 6.551440e-01 1.240000e-03 3.436160e-01
427 6.548160e-01 1.356000e-03 3.438280e-01
428 6.545480e-01 1.448000e-03 3.440040e-01
429 6.542600e-01 1.460000e-03 3.442800e-01
430 6.539640e-01 1.448000e-03 3.445880e-01
431 6.536640e-01 1.508000e-03 3.448280e-01
432 6.534120e-01 1.524000e-03 3.450640e-01
433 6.531840e-01 1.496000e-03 3.453200e-01
434 6.528840e-01 1.568000e-03 3.455480e-01
435 6.526160e-01 1.532000e-03 3.458520e-01
436 6.523320e-01 1.560000e-03 3.461080e-01
437 6.520400e-01 1.652000e-03 3.463080e-01
438 6.517840e-01 1.616000e-03 3.466000e-01
439 6.514400e-01 1.680000e-03 3.468800e-01
440 6.511640e-01 1.664000e-03 3.471720e-01
441 6.508920e-01 1.660000e-03 3.474480e-01
442 6.506320e-01 1.628000e-03 3.477400e-01
443 6.503440e-01 1.648000e-03 3.480080e-01
444 6.500240e-01 1.700000e-03 3.482760e-01
445 6.497120e-01 1.680000e-03 3.486080e-01
446 6.494320e-01 1.656000e-03 3.489120e-01
447 6.490960e-01 1.692000e-03 3.492120e-01
448 6.487880e-01 1.728000e-03 3.494840e-01
449 6.485080e-01 1.692000e-03 3.498000e-01
450 6.482280e-01 1.644000e-03 3.501280e-01
451 6.479160e-01 1.668000e-03 3.504160e-01
452 6.476560e-01 1.648000e-03 3.506960e-01
453 6.473800e-01 1.636000e-03 3.509840e-01
454 6.471040e-01 1.576000e-03 3.513200e-01
455 6.468520e-01 1.604000e-03 3.515440e-01
456 6.465600e-01 1.612000e-03 3.518280e-01
457 6.463160e-01 1.596000e-03 3.520880e-01
458 6.460000e-01 1.624000e-03 3.523760e-01
459 6.457000e-01 1.656000e-03 3.526440e-01
460 6.454560e-01 1.648000e-03 3.528960e-01
461 6.451960e-01 1.612000e-03 3.531920e-01
462 6.449560e-01 1.548000e-03 3.534960e-01
463 6.447640e-01 1.484000e-03 3.537520e-01
464 6.445760e-01 1.412000e-03 3.540120e-01
465 6.443560e-01 1.420000e-03 3.542240e-01
466 6.440640e-01 1.460000e-03 3.544760e-01
467 6.438280e-01 1.432000e-03 3.547400e-01
468 6.436240e-01 1.348000e-03 3.550280e-01
469 6.433680e-01 1.348000e-03 3.552840e-01
470 6.431400e-01 1.356000e-03 3.555040e-01
471 6.428920e-01 1.384000e-03 3.557240e-01
472 6.426520e-01 1.344000e-03 3.560040e-01
473 6.424120e-01 1.356000e-03 3.562320e-01
474 6.422160e-01 1.304000e-03 3.564800e-01
475 6.419440e-01 1.316000e-03 3.567400e-01
476 6.417800e-01 1.240000e-03 3.569800e-01
477 6.415960e-01 1.188000e-03 3.572160e-01
478 6.414120e-01 1.216000e-03 3.573720e-01
479 6.412040e-01 1.192000e-03 3.576040e-01
480 6.410000e-01 1.180000e-03 3.578200e-01
481 6.408360e-01 1.200000e-03 3.579640e-01
482 6.406680e-01 1.160000e-03 3.581720e-01
483 6.404800e-01 1.152000e-03 3.583680e-01
484 6.402520e-01 1.176000e-03 3.585720e-01
485 6.400880e-01 1.120000e-03 3.587920e-01
486 6.399240e-01 1.084000e-03 3.589920e-01
487 6.397280e-01 1.080000e-03 3.591920e-01
488 6.395400e-01 1.072000e-03 3.593880e-01
489 6.393640e-01 1.064000e-03 3.595720e-01
490 6.391320e-01 1.108000e-03 3.597600e-01
491 6.389280e-01 1.156000e-03 3.599160e-01
492 6.387160e-01 1.188000e-03 3.600960e-01
493 6.384760e-01 1.168000e-03 3.603560e-01
494 6.382960e-01 1.144000e-03 3.605600e-01
495 6.380880e-01 1.156000e-03 3.607560e-01
496 6.378840e-01 1.188000e-03 3.609280e-01
497 6.376600e-01 1.204000e-03 3.611360e-01
498 6.374640e-01 1.228000e-03 3.613080e-01
499 6.372400e-01 1.220000e-03 3.615400e-01
500 6.370000e-01 1.248000e-03 3.617520e-01
