1 9.992600e-01 6.560000e-04 8.400000e-05
2 9.987040e-01 1.076000e-03 2.200000e-04
3 9.980080e-01 1.572000e-03 4.200000e-04
4 9.971760e-01 2.056000e-03 7.680000e-04
5 9.963160e-01 2.496000e-03 1.188000e-03
6 9.954160e-01 2.880000e-03 1.704000e-03
7 9.943520e-01 3.356000e-03 2.292000e-03
8 9.933320e-01 3.716000e-03 2.952000e-03
9 9.922560e-01 4.132000e-03 3.612000e-03
10 9.909960e-01 4.644000e-03 4.360000e-03
11 9.897560e-01 5.088000e-03 5.156000e-03
12 9.886680e-01 5.156000e-03 6.176000e-03
13 9.873760e-01 5.452000e-03 7.172000e-03
14 9.860640e-01 5.680000e-03 8.256000e-03
15 9.848160e-01 5.940000e-03 9.244000e-03
16 9.835440e-01 6.204000e-03 1.025200e-02
17 9.823080e-01 6.308000e-03 1.138400e-02
18 9.809280e-01 6.536000e-03 1.253600e-02
19 9.796680e-01 6.740000e-03 1.359200e-02
20 9.782280e-01 6.912000e-03 1.486000e-02
21 9.766720e-01 7.268000e-03 1.606000e-02
22 9.751080e-01 7.612000e-03 1.728000e-02
23 9.735760e-01 7.896000e-03 1.852800e-02
24 9.720600e-01 8.076000e-03 1.986400e-02
25 9.705000e-01 8.200000e-03 2.130000e-02
26 9.690160e-01 8.224000e-03 2.276000e-02
27 9.674520e-01 8.368000e-03 2.418000e-02
28 9.658040e-01 8.544000e-03 2.565200e-02
29 9.641760e-01 8.656000e-03 2.716800e-02
30 9.625560e-01 8.828000e-03 2.861600e-02
31 9.608640e-01 8.908000e-03 3.022800e-02
32 9.590680e-01 9.156000e-03 3.177600e-02
33 9.572600e-01 9.396000e-03 3.334400e-02
34 9.555240e-01 9.520000e-03 3.495600e-02
35 9.537640e-01 9.600000e-03 3.663600e-02
36 9.519640e-01 9.792000e-03 3.824400e-02
37 9.501440e-01 9.808000e-03 4.004800e-02
38 9.483800e-01 9.936000e-03 4.168400e-02
39 9.465760e-01 1.017600e-02 4.324800e-02
40 9.446000e-01 1.044800e-02 4.495200e-02
41 9.426400e-01 1.057200e-02 4.678800e-02
42 9.407160e-01 1.050400e-02 4.878000e-02
43 9.389200e-01 1.050400e-02 5.057600e-02
44 9.372960e-01 1.025600e-02 5.244800e-02
45 9.355120e-01 1.024000e-02 5.424800e-02
46 9.336680e-01 1.023200e-02 5.610000e-02
47 9.318800e-01 1.029600e-02 5.782400e-02
48 9.299600e-01 1.049600e-02 5.954400e-02
49 9.280400e-01 1.066400e-02 6.129600e-02
50 9.260560e-01 1.077200e-02 6.317200e-02
51 9.242200e-01 1.084000e-02 6.494000e-02
52 9.224200e-01 1.074000e-02 6.684000e-02
53 9.205680e-01 1.069200e-02 6.874000e-02
54 9.187680e-01 1.066000e-02 7.057200e-02
55 9.168520e-01 1.051200e-02 7.263600e-02
56 9.150560e-01 1.049200e-02 7.445200e-02
57 9.132400e-01 1.054400e-02 7.621600e-02
58 9.113480e-01 1.067200e-02 7.798000e-02
59 9.093160e-01 1.095200e-02 7.973200e-02
60 9.072800e-01 1.094000e-02 8.178000e-02
61 9.053560e-01 1.085200e-02 8.379200e-02
62 9.035840e-01 1.072800e-02 8.568800e-02
63 9.016640e-01 1.073600e-02 8.760000e-02
64 8.997640e-01 1.081600e-02 8.942000e-02
65 8.979160e-01 1.080800e-02 9.127600e-02
66 8.961200e-01 1.072800e-02 9.315200e-02
67 8.942360e-01 1.076000e-02 9.500400e-02
68 8.924680e-01 1.066400e-02 9.686800e-02
69 8.907720e-01 1.044800e-02 9.878000e-02
70 8.890440e-01 1.039600e-02 1.005600e-01
71 8.871440e-01 1.042800e-02 1.024280e-01
72 8.852880e-01 1.043200e-02 1.042800e-01
73 8.835560e-01 1.036400e-02 1.060800e-01
74 8.816560e-01 1.036800e-02 1.079760e-01
75 8.798000e-01 1.054800e-02 1.096520e-01
76 8.781000e-01 1.055200e-02 1.113480e-01
77 8.763200e-01 1.048400e-02 1.131960e-01
78 8.746480e-01 1.058400e-02 1.147680e-01
79 8.727920e-01 1.046000e-02 1.167480e-01
80 8.710760e-01 1.042000e-02 1.185040e-01
81 8.693200e-01 1.027600e-02 1.204040e-01
82 8.674640e-01 1.026000e-02 1.222760e-01
83 8.656760e-01 1.033600e-02 1.239880e-01
84 8.639200e-01 1.026800e-02 1.258120e-01
85 8.621200e-01 1.032400e-02 1.275560e-01
86 8.601840e-01 1.046800e-02 1.293480e-01
87 8.583160e-01 1.064800e-02 1.310360e-01
88 8.564280e-01 1.064000e-02 1.329320e-01
89 8.545600e-01 1.048800e-02 1.349520e-01
90 8.527520e-01 1.033200e-02 1.369160e-01
91 8.510880e-01 1.010800e-02 1.388040e-01
92 8.494960e-01 9.992000e-03 1.405120e-01
93 8.477360e-01 1.002800e-02 1.422360e-01
94 8.460880e-01 9.856000e-03 1.440560e-01
95 8.443080e-01 9.940000e-03 1.457520e-01
96 8.425120e-01 1.010800e-02 1.473800e-01
97 8.407040e-01 1.020000e-02 1.490960e-01
98 8.390720e-01 1.012000e-02 1.508080e-01
99 8.374600e-01 9.972000e-03 1.525680e-01
100 8.357520e-01 9.980000e-03 1.542680e-01
101 8.341000e-01 9.888000e-03 1.560120e-01
102 8.324440e-01 9.896000e-03 1.576600e-01
103 8.307600e-01 9.748000e-03 1.594920e-01
104 8.291680e-01 9.644000e-03 1.611880e-01
105 8.275480e-01 9.588000e-03 1.628640e-01
106 8.259760e-01 9.464000e-03 1.645600e-01
107 8.244120e-01 9.460000e-03 1.661280e-01
108 8.226440e-01 9.616000e-03 1.677400e-01
109 8.208800e-01 9.728000e-03 1.693920e-01
110 8.192240e-01 9.616000e-03 1.711600e-01
111 8.175520e-01 9.520000e-03 1.729280e-01
112 8.161800e-01 9.128000e-03 1.746920e-01
113 8.146640e-01 8.972000e-03 1.763640e-01
114 8.131720e-01 8.856000e-03 1.779720e-01
115 8.117240e-01 8.652000e-03 1.796240e-01
116 8.101600e-01 8.652000e-03 1.811880e-01
117 8.087680e-01 8.488000e-03 1.827440e-01
118 8.074040e-01 8.296000e-03 1.843000e-01
119 8.060320e-01 8.260000e-03 1.857080e-01
120 8.045400e-01 8.124000e-03 1.873360e-01
121 8.034000e-01 7.848000e-03 1.887520e-01
122 8.019640e-01 7.980000e-03 1.900560e-01
123 8.006440e-01 8.000000e-03 1.913560e-01
124 7.991600e-01 8.104000e-03 1.927360e-01
125 7.977480e-01 8.064000e-03 1.941880e-01
126 7.963440e-01 8.024000e-03 1.956320e-01
127 7.949800e-01 8.140000e-03 1.968800e-01
128 7.936840e-01 8.024000e-03 1.982920e-01
129 7.925360e-01 7.728000e-03 1.997360e-01
130 7.912440e-01 7.712000e-03 2.010440e-01
131 7.898280e-01 7.800000e-03 2.023720e-01
132 7.885720e-01 7.740000e-03 2.036880e-01
133 7.872960e-01 7.680000e-03 2.050240e-01
134 7.859520e-01 7.744000e-03 2.063040e-01
135 7.846320e-01 7.716000e-03 2.076520e-01
136 7.834680e-01 7.392000e-03 2.091400e-01
137 7.822680e-01 7.392000e-03 2.103400e-01
138 7.809440e-01 7.488000e-03 2.115680e-01
139 7.795120e-01 7.560000e-03 2.129280e-01
140 7.781480e-01 7.480000e-03 2.143720e-01
141 7.769120e-01 7.408000e-03 2.156800e-01
142 7.753840e-01 7.604000e-03 2.170120e-01
143 7.739680e-01 7.644000e-03 2.183880e-01
144 7.726520e-01 7.708000e-03 2.196400e-01
145 7.713120e-01 7.760000e-03 2.209280e-01
146 7.700080e-01 7.652000e-03 2.223400e-01
147 7.688040e-01 7.392000e-03 2.238040e-01
148 7.673960e-01 7.556000e-03 2.250480e-01
149 7.661520e-01 7.284000e-03 2.265640e-01
150 7.649760e-01 7.016000e-03 2.280080e-01
151 7.637920e-01 6.960000e-03 2.292480e-01
152 7.627240e-01 6.924000e-03 2.303520e-01
153 7.614120e-01 7.084000e-03 2.315040e-01
154 7.601760e-01 7.048000e-03 2.327760e-01
155 7.589120e-01 7.216000e-03 2.338720e-01
156 7.575720e-01 7.276000e-03 2.351520e-01
157 7.563680e-01 7.212000e-03 2.364200e-01
158 7.551800e-01 7.172000e-03 2.376480e-01
159 7.537520e-01 7.396000e-03 2.388520e-01
160 7.524000e-01 7.448000e-03 2.401520e-01
161 7.511120e-01 7.352000e-03 2.415360e-01
162 7.496760e-01 7.468000e-03 2.428560e-01
163 7.483560e-01 7.388000e-03 2.442560e-01
164 7.470680e-01 7.264000e-03 2.456680e-01
165 7.458400e-01 7.284000e-03 2.468760e-01
166 7.444040e-01 7.500000e-03 2.480960e-01
167 7.431760e-01 7.512000e-03 2.493120e-01
168 7.419320e-01 7.488000e-03 2.505800e-01
169 7.406920e-01 7.376000e-03 2.519320e-01
170 7.394720e-01 7.384000e-03 2.531440e-01
171 7.381840e-01 7.388000e-03 2.544280e-01
172 7.369120e-01 7.448000e-03 2.556400e-01
173 7.357080e-01 7.384000e-03 2.569080e-01
174 7.344680e-01 7.292000e-03 2.582400e-01
175 7.331160e-01 7.364000e-03 2.595200e-01
176 7.319320e-01 7.332000e-03 2.607360e-01
177 7.307040e-01 7.256000e-03 2.620400e-01
178 7.293160e-01 7.424000e-03 2.632600e-01
179 7.282080e-01 7.224000e-03 2.645680e-01
180 7.269000e-01 7.284000e-03 2.658160e-01
181 7.255520e-01 7.336000e-03 2.671120e-01
182 7.243640e-01 7.188000e-03 2.684480e-01
183 7.228760e-01 7.412000e-03 2.697120e-01
184 7.215440e-01 7.480000e-03 2.709760e-01
185 7.201640e-01 7.504000e-03 2.723320e-01
186 7.188320e-01 7.364000e-03 2.738040e-01
187 7.176000e-01 7.296000e-03 2.751040e-01
188 7.163760e-01 7.216000e-03 2.764080e-01
189 7.153120e-01 7.056000e-03 2.776320e-01
190 7.140960e-01 7.120000e-03 2.787840e-01
191 7.129000e-01 7.128000e-03 2.799720e-01
192 7.116720e-01 7.132000e-03 2.811960e-01
193 7.105880e-01 6.972000e-03 2.824400e-01
194 7.094120e-01 7.076000e-03 2.835120e-01
195 7.081400e-01 7.092000e-03 2.847680e-01
196 7.068640e-01 7.096000e-03 2.860400e-01
197 7.056560e-01 7.104000e-03 2.872400e-01
198 7.045280e-01 6.996000e-03 2.884760e-01
199 7.033320e-01 6.952000e-03 2.897160e-01
200 7.020360e-01 6.992000e-03 2.909720e-01
201 7.008000e-01 6.952000e-03 2.922480e-01
202 6.996160e-01 6.836000e-03 2.935480e-01
203 6.984720e-01 6.664000e-03 2.948640e-01
204 6.972800e-01 6.764000e-03 2.959560e-01
205 6.961000e-01 6.776000e-03 2.971240e-01
206 6.948160e-01 6.936000e-03 2.982480e-01
207 6.937000e-01 6.788000e-03 2.995120e-01
208 6.925080e-01 6.776000e-03 3.007160e-01
209 6.913120e-01 6.688000e-03 3.020000e-01
210 6.902120e-01 6.620000e-03 3.031680e-01
211 6.890080e-01 6.592000e-03 3.044000e-01
212 6.877640e-01 6.624000e-03 3.056120e-01
213 6.865920e-01 6.632000e-03 3.067760e-01
214 6.854960e-01 6.504000e-03 3.080000e-01
215 6.843760e-01 6.420000e-03 3.092040e-01
216 6.832640e-01 6.464000e-03 3.102720e-01
217 6.819920e-01 6.652000e-03 3.113560e-01
218 6.807720e-01 6.772000e-03 3.124560e-01
219 6.796360e-01 6.700000e-03 3.136640e-01
220 6.785360e-01 6.736000e-03 3.147280e-01
221 6.773200e-01 6.872000e-03 3.158080e-01
222 6.760120e-01 6.912000e-03 3.170760e-01
223 6.749000e-01 6.964000e-03 3.181360e-01
224 6.735560e-01 7.068000e-03 3.193760e-01
225 6.721320e-01 7.164000e-03 3.207040e-01
226 6.708640e-01 7.184000e-03 3.219520e-01
227 6.695840e-01 7.132000e-03 3.232840e-01
228 6.683320e-01 7.164000e-03 3.245040e-01
229 6.670040e-01 7.196000e-03 3.258000e-01
230 6.659200e-01 7.088000e-03 3.269920e-01
231 6.646760e-01 7.172000e-03 3.281520e-01
232 6.633760e-01 7.108000e-03 3.295160e-01
233 6.621960e-01 7.016000e-03 3.307880e-01
234 6.609960e-01 7.056000e-03 3.319480e-01
235 6.598160e-01 7.076000e-03 3.331080e-01
236 6.586560e-01 7.000000e-03 3.343440e-01
237 6.574240e-01 7.044000e-03 3.355320e-01
238 6.562520e-01 6.824000e-03 3.369240e-01
239 6.551760e-01 6.816000e-03 3.380080e-01
240 6.539840e-01 6.688000e-03 3.393280e-01
241 6.529640e-01 6.612000e-03 3.404240e-01
242 6.519600e-01 6.516000e-03 3.415240e-01
243 6.508720e-01 6.460000e-03 3.426680e-01
244 6.497920e-01 6.408000e-03 3.438000e-01
245 6.488160e-01 6.232000e-03 3.449520e-01
246 6.478400e-01 6.176000e-03 3.459840e-01
247 6.467840e-01 6.128000e-03 3.470880e-01
248 6.457960e-01 6.028000e-03 3.481760e-01
249 6.446720e-01 6.172000e-03 3.491560e-01
250 6.437000e-01 5.984000e-03 3.503160e-01
251 6.427600e-01 5.964000e-03 3.512760e-01
252 6.418200e-01 5.860000e-03 3.523200e-01
253 6.407520e-01 5.936000e-03 3.533120e-01
254 6.398160e-01 5.952000e-03 3.542320e-01
255 6.387600e-01 5.920000e-03 3.553200e-01
256 6.378040e-01 5.896000e-03 3.563000e-01
257 6.368720e-01 5.864000e-03 3.572640e-01
258 6.358560e-01 5.772000e-03 3.583720e-01
259 6.348160e-01 5.844000e-03 3.593400e-01
260 6.337320e-01 5.904000e-03 3.603640e-01
261 6.327800e-01 5.808000e-03 3.614120e-01
262 6.317920e-01 5.824000e-03 3.623840e-01
263 6.308640e-01 5.676000e-03 3.634600e-01
264 6.300320e-01 5.496000e-03 3.644720e-01
265 6.290000e-01 5.500000e-03 3.655000e-01
266 6.280040e-01 5.472000e-03 3.665240e-01
267 6.271320e-01 5.392000e-03 3.674760e-01
268 6.263520e-01 5.248000e-03 3.684000e-01
269 6.255400e-01 5.056000e-03 3.694040e-01
270 6.246360e-01 5.008000e-03 3.703560e-01
271 6.238120e-01 4.908000e-03 3.712800e-01
272 6.229160e-01 4.912000e-03 3.721720e-01
273 6.220000e-01 5.000000e-03 3.730000e-01
274 6.211800e-01 4.992000e-03 3.738280e-01
275 6.203160e-01 4.908000e-03 3.747760e-01
276 6.194360e-01 4.852000e-03 3.757120e-01
277 6.185320e-01 4.916000e-03 3.765520e-01
278 6.175720e-01 5.052000e-03 3.773760e-01
279 6.167280e-01 5.112000e-03 3.781600e-01
280 6.158240e-01 5.116000e-03 3.790600e-01
281 6.149960e-01 5.064000e-03 3.799400e-01
282 6.141240e-01 5.096000e-03 3.807800e-01
283 6.133320e-01 5.012000e-03 3.816560e-01
284 6.124720e-01 4.972000e-03 3.825560e-01
285 6.115800e-01 5.080000e-03 3.833400e-01
286 6.108320e-01 4.900000e-03 3.842680e-01
287 6.099680e-01 4.832000e-03 3.852000e-01
288 6.091920e-01 4.780000e-03 3.860280e-01
289 6.084120e-01 4.740000e-03 3.868480e-01
290 6.077440e-01 4.540000e-03 3.877160e-01
291 6.070240e-01 4.460000e-03 3.885160e-01
292 6.062760e-01 4.432000e-03 3.892920e-01
293 6.054840e-01 4.416000e-03 3.901000e-01
294 6.047720e-01 4.272000e-03 3.909560e-01
295 6.041400e-01 4.096000e-03 3.917640e-01
296 6.033880e-01 4.152000e-03 3.924600e-01
297 6.026240e-01 4.188000e-03 3.931880e-01
298 6.019480e-01 4.164000e-03 3.938880e-01
299 6.011480e-01 4.268000e-03 3.945840e-01
300 6.003800e-01 4.316000e-03 3.953040e-01
301 5.996400e-01 4.212000e-03 3.961480e-01
302 5.988520e-01 4.264000e-03 3.968840e-01
303 5.982160e-01 4.188000e-03 3.975960e-01
304 5.974960e-01 4.104000e-03 3.984000e-01
305 5.967960e-01 4.080000e-03 3.991240e-01
306 5.960280e-01 4.160000e-03 3.998120e-01
307 5.952160e-01 4.220000e-03 4.005640e-01
308 5.944400e-01 4.164000e-03 4.013960e-01
309 5.937400e-01 4.120000e-03 4.021400e-01
310 5.930800e-01 3.984000e-03 4.029360e-01
311 5.923640e-01 4.036000e-03 4.036000e-01
312 5.917880e-01 3.852000e-03 4.043600e-01
313 5.911600e-01 3.804000e-03 4.050360e-01
314 5.906680e-01 3.672000e-03 4.056600e-01
315 5.900640e-01 3.600000e-03 4.063360e-01
316 5.894040e-01 3.616000e-03 4.069800e-01
317 5.886400e-01 3.764000e-03 4.075960e-01
318 5.881040e-01 3.600000e-03 4.082960e-01
319 5.873680e-01 3.676000e-03 4.089560e-01
320 5.866800e-01 3.756000e-03 4.095640e-01
321 5.860040e-01 3.832000e-03 4.101640e-01
322 5.854200e-01 3.788000e-03 4.107920e-01
323 5.848080e-01 3.800000e-03 4.113920e-01
324 5.842480e-01 3.664000e-03 4.120880e-01
325 5.836680e-01 3.640000e-03 4.126920e-01
326 5.830240e-01 3.704000e-03 4.132720e-01
327 5.824600e-01 3.708000e-03 4.138320e-01
328 5.818600e-01 3.688000e-03 4.144520e-01
329 5.813480e-01 3.504000e-03 4.151480e-01
330 5.806920e-01 3.556000e-03 4.157520e-01
331 5.802080e-01 3.380000e-03 4.164120e-01
332 5.796280e-01 3.384000e-03 4.169880e-01
333 5.790520e-01 3.376000e-03 4.175720e-01
334 5.785280e-01 3.360000e-03 4.181120e-01
335 5.780200e-01 3.364000e-03 4.186160e-01
336 5.775360e-01 3.252000e-03 4.192120e-01
337 5.769720e-01 3.212000e-03 4.198160e-01
338 5.764760e-01 3.072000e-03 4.204520e-01
339 5.760000e-01 3.028000e-03 4.209720e-01
340 5.755360e-01 2.972000e-03 4.214920e-01
341 5.750320e-01 3.012000e-03 4.219560e-01
342 5.745560e-01 3.016000e-03 4.224280e-01
343 5.739360e-01 3.124000e-03 4.229400e-01
344 5.734160e-01 3.156000e-03 4.234280e-01
345 5.728880e-01 3.104000e-03 4.240080e-01
346 5.722840e-01 3.216000e-03 4.245000e-01
347 5.716880e-01 3.336000e-03 4.249760e-01
348 5.711520e-01 3.288000e-03 4.255600e-01
349 5.706240e-01 3.272000e-03 4.261040e-01
350 5.701360e-01 3.208000e-03 4.266560e-01
351 5.697720e-01 3.048000e-03 4.271800e-01
352 5.692920e-01 3.064000e-03 4.276440e-01
353 5.688320e-01 2.980000e-03 4.281880e-01
354 5.683720e-01 2.908000e-03 4.287200e-01
355 5.679560e-01 2.832000e-03 4.292120e-01
356 5.675040e-01 2.772000e-03 4.297240e-01
357 5.671160e-01 2.728000e-03 4.301560e-01
358 5.666760e-01 2.656000e-03 4.306680e-01
359 5.663240e-01 2.488000e-03 4.311880e-01
360 5.660200e-01 2.424000e-03 4.315560e-01
361 5.656840e-01 2.360000e-03 4.319560e-01
362 5.653720e-01 2.244000e-03 4.323840e-01
363 5.650320e-01 2.252000e-03 4.327160e-01
364 5.646360e-01 2.236000e-03 4.331280e-01
365 5.643000e-01 2.176000e-03 4.335240e-01
366 5.639640e-01 2.164000e-03 4.338720e-01
367 5.636520e-01 2.068000e-03 4.342800e-01
368 5.632680e-01 2.120000e-03 4.346120e-01
369 5.628840e-01 2.148000e-03 4.349680e-01
370 5.624560e-01 2.200000e-03 4.353440e-01
371 5.620880e-01 2.224000e-03 4.356880e-01
372 5.616240e-01 2.276000e-03 4.361000e-01
373 5.613120e-01 2.148000e-03 4.365400e-01
374 5.609920e-01 2.124000e-03 4.368840e-01
375 5.606080e-01 2.136000e-03 4.372560e-01
376 5.602440e-01 2.100000e-03 4.376560e-01
377 5.599040e-01 2.120000e-03 4.379760e-01
378 5.594680e-01 2.168000e-03 4.383640e-01
379 5.591040e-01 2.128000e-03 4.387680e-01
380 5.587040e-01 2.148000e-03 4.391480e-01
381 5.583560e-01 2.088000e-03 4.395560e-01
382 5.579760e-01 2.068000e-03 4.399560e-01
383 5.576080e-01 2.120000e-03 4.402720e-01
384 5.572320e-01 2.176000e-03 4.405920e-01
385 5.569360e-01 2.140000e-03 4.409240e-01
386 5.565720e-01 2.156000e-03 4.412720e-01
387 5.561520e-01 2.208000e-03 4.416400e-01
388 5.558520e-01 2.212000e-03 4.419360e-01
389 5.555280e-01 2.136000e-03 4.423360e-01
390 5.552320e-01 2.076000e-03 4.426920e-01
391 5.549920e-01 1.892000e-03 4.431160e-01
392 5.547320e-01 1.808000e-03 4.434600e-01
393 5.545120e-01 1.720000e-03 4.437680e-01
394 5.542200e-01 1.672000e-03 4.441080e-01
395 5.538840e-01 1.652000e-03 4.444640e-01
396 5.536080e-01 1.608000e-03 4.447840e-01
397 5.532800e-01 1.652000e-03 4.450680e-01
398 5.529840e-01 1.632000e-03 4.453840e-01
399 5.527200e-01 1.668000e-03 4.456120e-01
400 5.524720e-01 1.580000e-03 4.459480e-01
401 5.522240e-01 1.532000e-03 4.462440e-01
402 5.519840e-01 1.504000e-03 4.465120e-01
403 5.517800e-01 1.444000e-03 4.467760e-01
404 5.515600e-01 1.372000e-03 4.470680e-01
405 5.513040e-01 1.388000e-03 4.473080e-01
406 5.510720e-01 1.404000e-03 4.475240e-01
407 5.508400e-01 1.352000e-03 4.478080e-01
408 5.505480e-01 1.424000e-03 4.480280e-01
409 5.502400e-01 1.508000e-03 4.482520e-01
410 5.499720e-01 1.476000e-03 4.485520e-01
411 5.497160e-01 1.440000e-03 4.488440e-01
412 5.494360e-01 1.508000e-03 4.490560e-01
413 5.491640e-01 1.512000e-03 4.493240e-01
414 5.488880e-01 1.496000e-03 4.496160e-01
415 5.485880e-01 1.504000e-03 4.499080e-01
416 5.483240e-01 1.480000e-03 4.501960e-01
417 5.480560e-01 1.492000e-03 4.504520e-01
418 5.477040e-01 1.568000e-03 4.507280e-01
419 5.474000e-01 1.628000e-03 4.509720e-01
420 5.471120e-01 1.632000e-03 4.512560e-01
421 5.468800e-01 1.600000e-03 4.515200e-01
422 5.465640e-01 1.624000e-03 4.518120e-01
423 5.462960e-01 1.632000e-03 4.520720e-01
424 5.460440e-01 1.556000e-03 4.524000e-01
425 5.458240e-01 1.496000e-03 4.526800e-01
426 5.455600e-01 1.516000e-03 4.529240e-01
427 5.452960e-01 1.520000e-03 4.531840e-01
428 5.450960e-01 1.456000e-03 4.534480e-01
429 5.448640e-01 1.496000e-03 4.536400e-01
430 5.446080e-01 1.540000e-03 4.538520e-01
431 5.443040e-01 1.524000e-03 4.541720e-01
432 5.440720e-01 1.504000e-03 4.544240e-01
433 5.438200e-01 1.460000e-03 4.547200e-01
434 5.436120e-01 1.408000e-03 4.549800e-01
435 5.433680e-01 1.428000e-03 4.552040e-01
436 5.431160e-01 1.408000e-03 4.554760e-01
437 5.428560e-01 1.420000e-03 4.557240e-01
438 5.426400e-01 1.400000e-03 4.559600e-01
439 5.424120e-01 1.420000e-03 4.561680e-01
440 5.422440e-01 1.364000e-03 4.563920e-01
441 5.420080e-01 1.324000e-03 4.566680e-01
442 5.418360e-01 1.216000e-03 4.569480e-01
443 5.416280e-01 1.240000e-03 4.571320e-01
444 5.414000e-01 1.228000e-03 4.573720e-01
445 5.412160e-01 1.188000e-03 4.575960e-01
446 5.410320e-01 1.144000e-03 4.578240e-01
447 5.408920e-01 1.064000e-03 4.580440e-01
448 5.407520e-01 1.020000e-03 4.582280e-01
449 5.405800e-01 1.004000e-03 4.584160e-01
450 5.404320e-01 1.036000e-03 4.585320e-01
451 5.402160e-01 1.108000e-03 4.586760e-01
452 5.400360e-01 1.060000e-03 4.589040e-01
453 5.399040e-01 1.024000e-03 4.590720e-01
454 5.397400e-01 1.008000e-03 4.592520e-01
455 5.396160e-01 9.440000e-04 4.594400e-01
456 5.394000e-01 9.680000e-04 4.596320e-01
457 5.392320e-01 9.880000e-04 4.597800e-01
458 5.390960e-01 9.920000e-04 4.599120e-01
459 5.389560e-01 9.080000e-04 4.601360e-01
460 5.388280e-01 8.840000e-04 4.602880e-01
461 5.387360e-01 8.320000e-04 4.604320e-01
462 5.386080e-01 8.120000e-04 4.605800e-01
463 5.384840e-01 7.720000e-04 4.607440e-01
464 5.383680e-01 7.880000e-04 4.608440e-01
465 5.382840e-01 7.560000e-04 4.609600e-01
466 5.382000e-01 6.640000e-04 4.611360e-01
467 5.380960e-01 6.200000e-04 4.612840e-01
468 5.380040e-01 6.200000e-04 4.613760e-01
469 5.379440e-01 5.440000e-04 4.615120e-01
470 5.378400e-01 5.480000e-04 4.616120e-01
471 5.377880e-01 5.200000e-04 4.616920e-01
472 5.376960e-01 5.360000e-04 4.617680e-01
473 5.375880e-01 5.640000e-04 4.618480e-01
474 5.374600e-01 5.920000e-04 4.619480e-01
475 5.373680e-01 5.800000e-04 4.620520e-01
476 5.372560e-01 5.800000e-04 4.621640e-01
477 5.371560e-01 6.080000e-04 4.622360e-01
478 5.370360e-01 6.080000e-04 4.623560e-01
479 5.369440e-01 6.000000e-04 4.624560e-01
480 5.368360e-01 5.600000e-04 4.626040e-01
481 5.367320e-01 5.720000e-04 4.626960e-01
482 5.365720e-01 6.480000e-04 4.627800e-01
483 5.364200e-01 7.040000e-04 4.628760e-01
484 5.362360e-01 7.560000e-04 4.630080e-01
485 5.360800e-01 7.840000e-04 4.631360e-01
486 5.359000e-01 8.440000e-04 4.632560e-01
487 5.357920e-01 8.200000e-04 4.633880e-01
488 5.356720e-01 8.040000e-04 4.635240e-01
489 5.355400e-01 7.800000e-04 4.636800e-01
490 5.353760e-01 8.000000e-04 4.638240e-01
491 5.352400e-01 8.040000e-04 4.639560e-01
492 5.351000e-01 7.880000e-04 4.641120e-01
493 5.349600e-01 7.680000e-04 4.642720e-01
494 5.348400e-01 7.400000e-04 4.644200e-01
495 5.347480e-01 7.040000e-04 4.645480e-01
496 5.346480e-01 6.800000e-04 4.646720e-01
497 5.345200e-01 6.560000e-04 4.648240e-01
498 5.344800e-01 5.800000e-04 4.649400e-01
499 5.343840e-01 6.040000e-04 4.650120e-01
500 5.343160e-01 5.680000e-04 4.651160e-01
