1 9.991640e-01 7.480000e-04 8.800000e-05
2 9.985000e-01 1.240000e-03 2.600000e-04
3 9.977040e-01 1.824000e-03 4.720000e-04
4 9.967480e-01 2.424000e-03 8.280000e-04
5 9.957240e-01 2.972000e-03 1.304000e-03
6 9.946720e-01 3.556000e-03 1.772000e-03
7 9.935080e-01 4.028000e-03 2.464000e-03
8 9.924120e-01 4.348000e-03 3.240000e-03
9 9.913360e-01 4.672000e-03 3.992000e-03
10 9.901920e-01 4.956000e-03 4.852000e-03
11 9.891320e-01 5.136000e-03 5.732000e-03
12 9.879160e-01 5.416000e-03 6.668000e-03
13 9.866520e-01 5.804000e-03 7.544000e-03
14 9.852960e-01 6.116000e-03 8.588000e-03
15 9.839600e-01 6.428000e-03 9.612000e-03
16 9.825920e-01 6.724000e-03 1.068400e-02
17 9.812280e-01 6.800000e-03 1.197200e-02
18 9.797280e-01 7.092000e-03 1.318000e-02
19 9.783520e-01 7.228000e-03 1.442000e-02
20 9.769640e-01 7.436000e-03 1.560000e-02
21 9.756320e-01 7.392000e-03 1.697600e-02
22 9.742200e-01 7.548000e-03 1.823200e-02
23 9.727720e-01 7.628000e-03 1.960000e-02
24 9.713920e-01 7.652000e-03 2.095600e-02
25 9.699720e-01 7.596000e-03 2.243200e-02
26 9.686160e-01 7.676000e-03 2.370800e-02
27 9.673000e-01 7.572000e-03 2.512800e-02
28 9.658600e-01 7.672000e-03 2.646800e-02
29 9.645000e-01 7.680000e-03 2.782000e-02
30 9.630160e-01 7.860000e-03 2.912400e-02
31 9.615240e-01 8.092000e-03 3.038400e-02
32 9.601040e-01 8.104000e-03 3.179200e-02
33 9.586640e-01 8.076000e-03 3.326000e-02
34 9.571960e-01 8.088000e-03 3.471600e-02
35 9.557840e-01 8.152000e-03 3.606400e-02
36 9.543120e-01 8.292000e-03 3.739600e-02
37 9.529160e-01 8.276000e-03 3.880800e-02
38 9.513560e-01 8.272000e-03 4.037200e-02
39 9.498400e-01 8.400000e-03 4.176000e-02
40 9.483920e-01 8.348000e-03 4.326000e-02
41 9.468720e-01 8.452000e-03 4.467600e-02
42 9.453440e-01 8.476000e-03 4.618000e-02
43 9.437960e-01 8.532000e-03 4.767200e-02
44 9.422400e-01 8.448000e-03 4.931200e-02
45 9.406680e-01 8.380000e-03 5.095200e-02
46 9.390240e-01 8.464000e-03 5.251200e-02
47 9.374600e-01 8.516000e-03 5.402400e-02
48 9.359360e-01 8.560000e-03 5.550400e-02
49 9.344000e-01 8.596000e-03 5.700400e-02
50 9.327280e-01 8.552000e-03 5.872000e-02
51 9.311760e-01 8.692000e-03 6.013200e-02
52 9.296920e-01 8.664000e-03 6.164400e-02
53 9.280120e-01 8.800000e-03 6.318800e-02
54 9.262440e-01 8.980000e-03 6.477600e-02
55 9.244800e-01 9.064000e-03 6.645600e-02
56 9.227600e-01 9.164000e-03 6.807600e-02
57 9.211240e-01 9.212000e-03 6.966400e-02
58 9.193720e-01 9.384000e-03 7.124400e-02
59 9.177120e-01 9.528000e-03 7.276000e-02
60 9.159200e-01 9.768000e-03 7.431200e-02
61 9.141480e-01 9.820000e-03 7.603200e-02
62 9.124880e-01 9.780000e-03 7.773200e-02
63 9.107720e-01 9.700000e-03 7.952800e-02
64 9.088760e-01 9.860000e-03 8.126400e-02
65 9.070440e-01 9.956000e-03 8.300000e-02
66 9.051200e-01 1.022800e-02 8.465200e-02
67 9.033360e-01 1.018000e-02 8.648400e-02
68 9.015720e-01 1.012400e-02 8.830400e-02
69 8.997360e-01 1.007200e-02 9.019200e-02
70 8.979560e-01 1.003200e-02 9.201200e-02
71 8.960320e-01 1.022800e-02 9.374000e-02
72 8.942520e-01 1.034800e-02 9.540000e-02
73 8.921760e-01 1.059200e-02 9.723200e-02
74 8.902520e-01 1.079600e-02 9.895200e-02
75 8.886640e-01 1.043600e-02 1.009000e-01
76 8.869880e-01 1.026000e-02 1.027520e-01
77 8.852480e-01 1.009200e-02 1.046600e-01
78 8.837280e-01 9.844000e-03 1.064280e-01
79 8.820640e-01 9.820000e-03 1.081160e-01
80 8.803680e-01 9.860000e-03 1.097720e-01
81 8.787520e-01 9.824000e-03 1.114240e-01
82 8.770680e-01 9.900000e-03 1.130320e-01
83 8.753000e-01 9.988000e-03 1.147120e-01
84 8.736040e-01 9.856000e-03 1.165400e-01
85 8.719880e-01 9.884000e-03 1.181280e-01
86 8.703160e-01 9.708000e-03 1.199760e-01
87 8.687240e-01 9.596000e-03 1.216800e-01
88 8.672720e-01 9.360000e-03 1.233680e-01
89 8.656800e-01 9.388000e-03 1.249320e-01
90 8.641440e-01 9.308000e-03 1.265480e-01
91 8.626040e-01 9.244000e-03 1.281520e-01
92 8.608240e-01 9.536000e-03 1.296400e-01
93 8.593240e-01 9.248000e-03 1.314280e-01
94 8.577240e-01 9.224000e-03 1.330520e-01
95 8.561000e-01 9.144000e-03 1.347560e-01
96 8.545520e-01 9.080000e-03 1.363680e-01
97 8.531160e-01 9.084000e-03 1.378000e-01
98 8.515640e-01 9.068000e-03 1.393680e-01
99 8.499800e-01 9.116000e-03 1.409040e-01
100 8.484760e-01 9.136000e-03 1.423880e-01
101 8.470240e-01 9.032000e-03 1.439440e-01
102 8.454760e-01 9.008000e-03 1.455160e-01
103 8.440720e-01 8.796000e-03 1.471320e-01
104 8.427880e-01 8.620000e-03 1.485920e-01
105 8.413840e-01 8.604000e-03 1.500120e-01
106 8.400800e-01 8.320000e-03 1.516000e-01
107 8.386720e-01 8.316000e-03 1.530120e-01
108 8.372280e-01 8.384000e-03 1.543880e-01
109 8.358280e-01 8.388000e-03 1.557840e-01
110 8.343320e-01 8.344000e-03 1.573240e-01
111 8.330200e-01 8.276000e-03 1.587040e-01
112 8.316440e-01 8.192000e-03 1.601640e-01
113 8.303200e-01 8.080000e-03 1.616000e-01
114 8.288760e-01 8.168000e-03 1.629560e-01
115 8.274280e-01 8.256000e-03 1.643160e-01
116 8.259960e-01 8.304000e-03 1.657000e-01
117 8.243120e-01 8.548000e-03 1.671400e-01
118 8.229840e-01 8.496000e-03 1.685200e-01
119 8.212920e-01 8.692000e-03 1.700160e-01
120 8.198360e-01 8.544000e-03 1.716200e-01
121 8.183920e-01 8.504000e-03 1.731040e-01
122 8.170760e-01 8.296000e-03 1.746280e-01
123 8.156920e-01 8.224000e-03 1.760840e-01
124 8.143640e-01 8.160000e-03 1.774760e-01
125 8.129720e-01 8.168000e-03 1.788600e-01
126 8.116320e-01 8.200000e-03 1.801680e-01
127 8.102960e-01 8.156000e-03 1.815480e-01
128 8.090480e-01 7.904000e-03 1.830480e-01
129 8.078200e-01 7.748000e-03 1.844320e-01
130 8.065960e-01 7.704000e-03 1.857000e-01
131 8.055920e-01 7.336000e-03 1.870720e-01
132 8.044920e-01 7.188000e-03 1.883200e-01
133 8.032480e-01 7.152000e-03 1.896000e-01
134 8.021240e-01 7.056000e-03 1.908200e-01
135 8.010240e-01 6.888000e-03 1.920880e-01
136 7.999000e-01 6.828000e-03 1.932720e-01
137 7.986880e-01 6.948000e-03 1.943640e-01
138 7.975240e-01 6.888000e-03 1.955880e-01
139 7.962880e-01 6.852000e-03 1.968600e-01
140 7.948800e-01 6.960000e-03 1.981600e-01
141 7.936160e-01 7.060000e-03 1.993240e-01
142 7.923120e-01 7.116000e-03 2.005720e-01
143 7.911160e-01 7.060000e-03 2.018240e-01
144 7.899640e-01 6.992000e-03 2.030440e-01
145 7.887720e-01 6.904000e-03 2.043240e-01
146 7.875640e-01 6.876000e-03 2.055600e-01
147 7.864840e-01 6.808000e-03 2.067080e-01
148 7.853600e-01 6.752000e-03 2.078880e-01
149 7.841360e-01 6.824000e-03 2.090400e-01
150 7.829760e-01 6.784000e-03 2.102400e-01
151 7.818280e-01 6.736000e-03 2.114360e-01
152 7.805640e-01 6.856000e-03 2.125800e-01
153 7.793320e-01 6.896000e-03 2.137720e-01
154 7.780400e-01 6.884000e-03 2.150760e-01
155 7.768520e-01 6.812000e-03 2.163360e-01
156 7.755480e-01 6.928000e-03 2.175240e-01
157 7.745080e-01 6.816000e-03 2.186760e-01
158 7.733120e-01 6.764000e-03 2.199240e-01
159 7.720680e-01 6.864000e-03 2.210680e-01
160 7.708120e-01 6.980000e-03 2.222080e-01
161 7.696920e-01 6.808000e-03 2.235000e-01
162 7.686640e-01 6.736000e-03 2.246000e-01
163 7.676040e-01 6.556000e-03 2.258400e-01
164 7.666240e-01 6.368000e-03 2.270080e-01
165 7.657360e-01 6.208000e-03 2.280560e-01
166 7.647040e-01 6.128000e-03 2.291680e-01
167 7.635920e-01 6.288000e-03 2.301200e-01
168 7.626920e-01 6.004000e-03 2.313040e-01
169 7.616080e-01 5.940000e-03 2.324520e-01
170 7.606360e-01 5.884000e-03 2.334800e-01
171 7.595920e-01 5.956000e-03 2.344520e-01
172 7.586280e-01 5.916000e-03 2.354560e-01
173 7.577560e-01 5.736000e-03 2.365080e-01
174 7.568520e-01 5.576000e-03 2.375720e-01
175 7.559080e-01 5.544000e-03 2.385480e-01
176 7.550000e-01 5.436000e-03 2.395640e-01
177 7.541360e-01 5.428000e-03 2.404360e-01
178 7.531800e-01 5.504000e-03 2.413160e-01
179 7.523440e-01 5.428000e-03 2.422280e-01
180 7.514960e-01 5.348000e-03 2.431560e-01
181 7.505320e-01 5.348000e-03 2.441200e-01
182 7.496000e-01 5.328000e-03 2.450720e-01
183 7.487960e-01 5.192000e-03 2.460120e-01
184 7.479160e-01 5.164000e-03 2.469200e-01
185 7.469520e-01 5.296000e-03 2.477520e-01
186 7.460960e-01 5.204000e-03 2.487000e-01
187 7.452720e-01 5.072000e-03 2.496560e-01
188 7.443880e-01 5.000000e-03 2.506120e-01
189 7.435360e-01 4.972000e-03 2.514920e-01
190 7.428600e-01 4.804000e-03 2.523360e-01
191 7.422440e-01 4.580000e-03 2.531760e-01
192 7.415320e-01 4.456000e-03 2.540120e-01
193 7.408360e-01 4.392000e-03 2.547720e-01
194 7.400480e-01 4.456000e-03 2.554960e-01
195 7.393760e-01 4.476000e-03 2.561480e-01
196 7.387520e-01 4.340000e-03 2.569080e-01
197 7.380920e-01 4.328000e-03 2.575800e-01
198 7.375280e-01 4.076000e-03 2.583960e-01
199 7.368640e-01 4.044000e-03 2.590920e-01
200 7.362120e-01 3.972000e-03 2.598160e-01
201 7.357000e-01 3.776000e-03 2.605240e-01
202 7.352040e-01 3.568000e-03 2.612280e-01
203 7.346720e-01 3.480000e-03 2.618480e-01
204 7.340080e-01 3.524000e-03 2.624680e-01
205 7.333920e-01 3.512000e-03 2.630960e-01
206 7.327960e-01 3.464000e-03 2.637400e-01
207 7.322280e-01 3.360000e-03 2.644120e-01
208 7.316040e-01 3.408000e-03 2.649880e-01
209 7.308920e-01 3.532000e-03 2.655760e-01
210 7.302840e-01 3.568000e-03 2.661480e-01
211 7.296320e-01 3.572000e-03 2.667960e-01
212 7.289400e-01 3.620000e-03 2.674400e-01
213 7.284280e-01 3.548000e-03 2.680240e-01
214 7.278360e-01 3.536000e-03 2.686280e-01
215 7.272520e-01 3.512000e-03 2.692360e-01
216 7.266920e-01 3.416000e-03 2.698920e-01
217 7.261120e-01 3.312000e-03 2.705760e-01
218 7.255960e-01 3.256000e-03 2.711480e-01
219 7.250720e-01 3.340000e-03 2.715880e-01
220 7.245720e-01 3.324000e-03 2.721040e-01
221 7.240360e-01 3.264000e-03 2.727000e-01
222 7.234800e-01 3.160000e-03 2.733600e-01
223 7.228840e-01 3.216000e-03 2.739000e-01
224 7.223400e-01 3.204000e-03 2.744560e-01
225 7.217800e-01 3.256000e-03 2.749640e-01
226 7.211880e-01 3.360000e-03 2.754520e-01
227 7.206280e-01 3.264000e-03 2.761080e-01
228 7.201720e-01 3.236000e-03 2.765920e-01
229 7.196680e-01 3.144000e-03 2.771880e-01
230 7.190880e-01 3.232000e-03 2.776800e-01
231 7.185320e-01 3.216000e-03 2.782520e-01
232 7.180800e-01 3.084000e-03 2.788360e-01
233 7.176000e-01 3.036000e-03 2.793640e-01
234 7.170920e-01 2.980000e-03 2.799280e-01
235 7.165440e-01 2.996000e-03 2.804600e-01
236 7.160680e-01 2.924000e-03 2.810080e-01
237 7.155240e-01 2.984000e-03 2.814920e-01
238 7.149080e-01 3.112000e-03 2.819800e-01
239 7.143880e-01 3.132000e-03 2.824800e-01
240 7.138160e-01 3.128000e-03 2.830560e-01
241 7.132240e-01 3.236000e-03 2.835400e-01
242 7.127160e-01 3.208000e-03 2.840760e-01
243 7.121800e-01 3.288000e-03 2.845320e-01
244 7.116720e-01 3.168000e-03 2.851600e-01
245 7.111520e-01 3.164000e-03 2.856840e-01
246 7.106360e-01 3.176000e-03 2.861880e-01
247 7.101960e-01 3.072000e-03 2.867320e-01
248 7.098160e-01 2.884000e-03 2.873000e-01
249 7.093200e-01 2.896000e-03 2.877840e-01
250 7.087880e-01 2.896000e-03 2.883160e-01
251 7.083400e-01 2.860000e-03 2.888000e-01
252 7.077680e-01 2.820000e-03 2.894120e-01
253 7.071800e-01 2.880000e-03 2.899400e-01
254 7.067120e-01 2.828000e-03 2.904600e-01
255 7.062360e-01 2.792000e-03 2.909720e-01
256 7.056960e-01 2.772000e-03 2.915320e-01
257 7.052240e-01 2.812000e-03 2.919640e-01
258 7.047760e-01 2.804000e-03 2.924200e-01
259 7.043280e-01 2.756000e-03 2.929160e-01
260 7.038520e-01 2.736000e-03 2.934120e-01
261 7.033640e-01 2.752000e-03 2.938840e-01
262 7.028160e-01 2.888000e-03 2.942960e-01
263 7.023320e-01 2.844000e-03 2.948240e-01
264 7.019160e-01 2.812000e-03 2.952720e-01
265 7.015200e-01 2.684000e-03 2.957960e-01
266 7.011240e-01 2.552000e-03 2.963240e-01
267 7.007400e-01 2.540000e-03 2.967200e-01
268 7.001640e-01 2.752000e-03 2.970840e-01
269 6.997560e-01 2.600000e-03 2.976440e-01
270 6.993240e-01 2.584000e-03 2.980920e-01
271 6.988640e-01 2.524000e-03 2.986120e-01
272 6.984000e-01 2.552000e-03 2.990480e-01
273 6.979440e-01 2.500000e-03 2.995560e-01
274 6.975080e-01 2.460000e-03 3.000320e-01
275 6.970520e-01 2.464000e-03 3.004840e-01
276 6.966200e-01 2.376000e-03 3.010040e-01
277 6.960920e-01 2.488000e-03 3.014200e-01
278 6.955760e-01 2.504000e-03 3.019200e-01
279 6.950480e-01 2.480000e-03 3.024720e-01
280 6.945320e-01 2.648000e-03 3.028200e-01
281 6.940520e-01 2.732000e-03 3.032160e-01
282 6.935880e-01 2.684000e-03 3.037280e-01
283 6.931120e-01 2.688000e-03 3.042000e-01
284 6.926520e-01 2.660000e-03 3.046880e-01
285 6.921720e-01 2.632000e-03 3.051960e-01
286 6.916720e-01 2.740000e-03 3.055880e-01
287 6.911720e-01 2.756000e-03 3.060720e-01
288 6.907680e-01 2.740000e-03 3.064920e-01
289 6.902920e-01 2.700000e-03 3.070080e-01
290 6.897960e-01 2.692000e-03 3.075120e-01
291 6.893080e-01 2.684000e-03 3.080080e-01
292 6.888880e-01 2.628000e-03 3.084840e-01
293 6.884240e-01 2.592000e-03 3.089840e-01
294 6.879680e-01 2.540000e-03 3.094920e-01
295 6.875480e-01 2.496000e-03 3.099560e-01
296 6.871560e-01 2.480000e-03 3.103640e-01
297 6.867840e-01 2.412000e-03 3.108040e-01
298 6.864520e-01 2.332000e-03 3.112160e-01
299 6.861040e-01 2.304000e-03 3.115920e-01
300 6.857280e-01 2.304000e-03 3.119680e-01
301 6.853200e-01 2.312000e-03 3.123680e-01
302 6.850000e-01 2.268000e-03 3.127320e-01
303 6.846600e-01 2.276000e-03 3.130640e-01
304 6.843200e-01 2.216000e-03 3.134640e-01
305 6.840120e-01 2.116000e-03 3.138720e-01
306 6.837560e-01 2.056000e-03 3.141880e-01
307 6.833880e-01 2.096000e-03 3.145160e-01
308 6.830760e-01 2.076000e-03 3.148480e-01
309 6.826960e-01 2.096000e-03 3.152080e-01
310 6.823480e-01 2.144000e-03 3.155080e-01
311 6.820120e-01 2.164000e-03 3.158240e-01
312 6.816760e-01 2.076000e-03 3.162480e-01
313 6.813560e-01 2.024000e-03 3.166200e-01
314 6.811120e-01 1.924000e-03 3.169640e-01
315 6.808600e-01 1.776000e-03 3.173640e-01
316 6.805520e-01 1.756000e-03 3.176920e-01
317 6.803000e-01 1.716000e-03 3.179840e-01
318 6.800440e-01 1.668000e-03 3.182880e-01
319 6.798280e-01 1.604000e-03 3.185680e-01
320 6.795760e-01 1.592000e-03 3.188320e-01
321 6.793680e-01 1.544000e-03 3.190880e-01
322 6.791560e-01 1.504000e-03 3.193400e-01
323 6.789080e-01 1.532000e-03 3.195600e-01
324 6.786840e-01 1.416000e-03 3.199000e-01
325 6.784600e-01 1.360000e-03 3.201800e-01
326 6.782000e-01 1.368000e-03 3.204320e-01
327 6.779480e-01 1.356000e-03 3.206960e-01
328 6.777040e-01 1.380000e-03 3.209160e-01
329 6.774640e-01 1.368000e-03 3.211680e-01
330 6.772560e-01 1.280000e-03 3.214640e-01
331 6.770520e-01 1.264000e-03 3.216840e-01
332 6.767920e-01 1.284000e-03 3.219240e-01
333 6.765200e-01 1.300000e-03 3.221800e-01
334 6.762840e-01 1.272000e-03 3.224440e-01
335 6.760680e-01 1.264000e-03 3.226680e-01
336 6.759000e-01 1.236000e-03 3.228640e-01
337 6.757400e-01 1.176000e-03 3.230840e-01
338 6.755320e-01 1.192000e-03 3.232760e-01
339 6.752520e-01 1.296000e-03 3.234520e-01
340 6.749240e-01 1.408000e-03 3.236680e-01
341 6.746840e-01 1.352000e-03 3.239640e-01
342 6.744920e-01 1.324000e-03 3.241840e-01
343 6.742280e-01 1.320000e-03 3.244520e-01
344 6.739960e-01 1.236000e-03 3.247680e-01
345 6.738080e-01 1.216000e-03 3.249760e-01
346 6.735680e-01 1.232000e-03 3.252000e-01
347 6.733280e-01 1.284000e-03 3.253880e-01
348 6.730480e-01 1.360000e-03 3.255920e-01
349 6.727840e-01 1.372000e-03 3.258440e-01
350 6.724960e-01 1.444000e-03 3.260600e-01
351 6.722320e-01 1.456000e-03 3.263120e-01
352 6.719600e-01 1.460000e-03 3.265800e-01
353 6.717520e-01 1.368000e-03 3.268800e-01
354 6.714960e-01 1.376000e-03 3.271280e-01
355 6.712200e-01 1.436000e-03 3.273440e-01
356 6.710080e-01 1.412000e-03 3.275800e-01
357 6.707560e-01 1.440000e-03 3.278040e-01
358 6.705560e-01 1.396000e-03 3.280480e-01
359 6.703600e-01 1.332000e-03 3.283080e-01
360 6.701040e-01 1.344000e-03 3.285520e-01
361 6.699280e-01 1.324000e-03 3.287480e-01
362 6.697320e-01 1.288000e-03 3.289800e-01
363 6.695240e-01 1.288000e-03 3.291880e-01
364 6.693200e-01 1.228000e-03 3.294520e-01
365 6.690560e-01 1.236000e-03 3.297080e-01
366 6.688440e-01 1.224000e-03 3.299320e-01
367 6.686240e-01 1.200000e-03 3.301760e-01
368 6.684440e-01 1.192000e-03 3.303640e-01
369 6.682440e-01 1.208000e-03 3.305480e-01
370 6.680200e-01 1.224000e-03 3.307560e-01
371 6.678400e-01 1.152000e-03 3.310080e-01
372 6.676680e-01 1.140000e-03 3.311920e-01
373 6.674760e-01 1.104000e-03 3.314200e-01
374 6.673160e-01 1.064000e-03 3.316200e-01
375 6.671720e-01 1.008000e-03 3.318200e-01
376 6.670240e-01 9.840000e-04 3.319920e-01
377 6.668600e-01 9.800000e-04 3.321600e-01
378 6.667160e-01 9.680000e-04 3.323160e-01
379 6.665440e-01 1.020000e-03 3.324360e-01
380 6.663640e-01 1.012000e-03 3.326240e-01
381 6.662160e-01 1.012000e-03 3.327720e-01
382 6.660400e-01 1.036000e-03 3.329240e-01
383 6.659000e-01 1.044000e-03 3.330560e-01
384 6.656400e-01 1.112000e-03 3.332480e-01
385 6.654240e-01 1.152000e-03 3.334240e-01
386 6.652880e-01 1.084000e-03 3.336280e-01
387 6.651320e-01 1.040000e-03 3.338280e-01
388 6.649600e-01 9.800000e-04 3.340600e-01
389 6.647640e-01 1.020000e-03 3.342160e-01
390 6.645920e-01 1.036000e-03 3.343720e-01
391 6.644160e-01 1.008000e-03 3.345760e-01
392 6.642080e-01 1.056000e-03 3.347360e-01
393 6.640720e-01 9.920000e-04 3.349360e-01
394 6.639280e-01 9.520000e-04 3.351200e-01
395 6.638120e-01 8.960000e-04 3.352920e-01
396 6.637000e-01 8.280000e-04 3.354720e-01
397 6.636160e-01 7.640000e-04 3.356200e-01
398 6.634920e-01 7.520000e-04 3.357560e-01
399 6.633600e-01 7.840000e-04 3.358560e-01
400 6.632240e-01 8.080000e-04 3.359680e-01
401 6.631160e-01 7.760000e-04 3.361080e-01
402 6.630160e-01 7.080000e-04 3.362760e-01
403 6.628760e-01 7.320000e-04 3.363920e-01
404 6.627440e-01 7.280000e-04 3.365280e-01
405 6.626280e-01 7.000000e-04 3.366720e-01
406 6.624800e-01 7.240000e-04 3.367960e-01
407 6.623400e-01 7.080000e-04 3.369520e-01
408 6.621440e-01 7.400000e-04 3.371160e-01
409 6.620120e-01 7.720000e-04 3.372160e-01
410 6.619040e-01 7.440000e-04 3.373520e-01
411 6.617480e-01 7.840000e-04 3.374680e-01
412 6.616200e-01 7.760000e-04 3.376040e-01
413 6.614920e-01 7.600000e-04 3.377480e-01
414 6.613760e-01 7.520000e-04 3.378720e-01
415 6.611800e-01 8.560000e-04 3.379640e-01
416 6.610080e-01 8.840000e-04 3.381080e-01
417 6.608120e-01 9.160000e-04 3.382720e-01
418 6.606560e-01 9.080000e-04 3.384360e-01
419 6.604560e-01 9.480000e-04 3.385960e-01
420 6.603120e-01 9.120000e-04 3.387760e-01
421 6.601600e-01 9.120000e-04 3.389280e-01
422 6.599600e-01 9.280000e-04 3.391120e-01
423 6.597920e-01 9.920000e-04 3.392160e-01
424 6.596880e-01 8.680000e-04 3.394440e-01
425 6.595720e-01 8.040000e-04 3.396240e-01
426 6.594040e-01 8.640000e-04 3.397320e-01
427 6.592560e-01 8.320000e-04 3.399120e-01
428 6.590440e-01 9.160000e-04 3.400400e-01
429 6.588800e-01 8.480000e-04 3.402720e-01
430 6.587520e-01 8.680000e-04 3.403800e-01
431 6.586280e-01 8.440000e-04 3.405280e-01
432 6.585320e-01 7.600000e-04 3.407080e-01
433 6.584120e-01 7.000000e-04 3.408880e-01
434 6.583000e-01 7.160000e-04 3.409840e-01
435 6.582320e-01 6.800000e-04 3.410880e-01
436 6.581040e-01 6.720000e-04 3.412240e-01
437 6.580080e-01 6.640000e-04 3.413280e-01
438 6.578960e-01 6.560000e-04 3.414480e-01
439 6.577960e-01 6.240000e-04 3.415800e-01
440 6.577240e-01 5.840000e-04 3.416920e-01
441 6.576480e-01 5.840000e-04 3.417680e-01
442 6.575040e-01 6.160000e-04 3.418800e-01
443 6.573960e-01 5.720000e-04 3.420320e-01
444 6.573360e-01 5.160000e-04 3.421480e-01
445 6.572480e-01 5.160000e-04 3.422360e-01
446 6.571280e-01 5.160000e-04 3.423560e-01
447 6.570200e-01 5.280000e-04 3.424520e-01
448 6.568880e-01 5.920000e-04 3.425200e-01
449 6.567920e-01 5.920000e-04 3.426160e-01
450 6.566880e-01 5.560000e-04 3.427560e-01
451 6.565400e-01 6.080000e-04 3.428520e-01
452 6.564040e-01 6.440000e-04 3.429520e-01
453 6.562680e-01 6.280000e-04 3.431040e-01
454 6.561760e-01 5.880000e-04 3.432360e-01
455 6.560960e-01 5.720000e-04 3.433320e-01
456 6.560120e-01 5.640000e-04 3.434240e-01
457 6.558880e-01 5.680000e-04 3.435440e-01
458 6.558000e-01 5.760000e-04 3.436240e-01
459 6.557120e-01 5.400000e-04 3.437480e-01
460 6.556160e-01 5.520000e-04 3.438320e-01
461 6.555200e-01 5.560000e-04 3.439240e-01
462 6.554240e-01 5.640000e-04 3.440120e-01
463 6.553240e-01 5.320000e-04 3.441440e-01
464 6.552160e-01 5.200000e-04 3.442640e-01
465 6.551280e-01 5.080000e-04 3.443640e-01
466 6.550280e-01 4.960000e-04 3.444760e-01
467 6.549160e-01 5.320000e-04 3.445520e-01
468 6.547680e-01 6.000000e-04 3.446320e-01
469 6.546560e-01 5.760000e-04 3.447680e-01
470 6.545680e-01 5.880000e-04 3.448440e-01
471 6.544880e-01 5.600000e-04 3.449520e-01
472 6.544040e-01 5.440000e-04 3.450520e-01
473 6.543360e-01 5.280000e-04 3.451360e-01
474 6.542600e-01 5.080000e-04 3.452320e-01
475 6.541960e-01 4.920000e-04 3.453120e-01
476 6.541480e-01 4.520000e-04 3.454000e-01
477 6.540920e-01 4.280000e-04 3.454800e-01
478 6.540400e-01 4.200000e-04 3.455400e-01
479 6.539880e-01 3.920000e-04 3.456200e-01
480 6.539200e-01 4.080000e-04 3.456720e-01
481 6.538680e-01 3.920000e-04 3.457400e-01
482 6.538240e-01 3.960000e-04 3.457800e-01
483 6.537840e-01 3.520000e-04 3.458640e-01
484 6.537320e-01 3.360000e-04 3.459320e-01
485 6.536840e-01 3.320000e-04 3.459840e-01
486 6.536200e-01 3.240000e-04 3.460560e-01
487 6.535720e-01 3.160000e-04 3.461120e-01
488 6.535440e-01 2.800000e-04 3.461760e-01
489 6.535080e-01 2.800000e-04 3.462120e-01
490 6.534600e-01 2.840000e-04 3.462560e-01
491 6.533920e-01 3.080000e-04 3.463000e-01
492 6.533320e-01 3.160000e-04 3.463520e-01
493 6.532360e-01 3.760000e-04 3.463880e-01
494 6.531680e-01 4.040000e-04 3.464280e-01
495 6.531400e-01 3.840000e-04 3.464760e-01
496 6.530640e-01 3.880000e-04 3.465480e-01
497 6.530160e-01 3.520000e-04 3.466320e-01
498 6.529640e-01 3.360000e-04 3.467000e-01
499 6.529160e-01 3.240000e-04 3.467600e-01
500 6.528600e-01 3.160000e-04 3.468240e-01
