1 9.991800e-01 7.440000e-04 7.600000e-05
2 9.986840e-01 1.072000e-03 2.440000e-04
3 9.979960e-01 1.572000e-03 4.320000e-04
4 9.973320e-01 1.960000e-03 7.080000e-04
5 9.966480e-01 2.216000e-03 1.136000e-03
6 9.958800e-01 2.588000e-03 1.532000e-03
7 9.950320e-01 2.960000e-03 2.008000e-03
8 9.941400e-01 3.252000e-03 2.608000e-03
9 9.932200e-01 3.576000e-03 3.204000e-03
10 9.921440e-01 3.988000e-03 3.868000e-03
11 9.912240e-01 4.120000e-03 4.656000e-03
12 9.902600e-01 4.380000e-03 5.360000e-03
13 9.892320e-01 4.488000e-03 6.280000e-03
14 9.883120e-01 4.652000e-03 7.036000e-03
15 9.873280e-01 4.856000e-03 7.816000e-03
16 9.862040e-01 5.128000e-03 8.668000e-03
17 9.851360e-01 5.348000e-03 9.516000e-03
18 9.839840e-01 5.460000e-03 1.055600e-02
19 9.828400e-01 5.536000e-03 1.162400e-02
20 9.817320e-01 5.576000e-03 1.269200e-02
21 9.805120e-01 5.780000e-03 1.370800e-02
22 9.794200e-01 5.808000e-03 1.477200e-02
23 9.782440e-01 5.952000e-03 1.580400e-02
24 9.771880e-01 5.956000e-03 1.685600e-02
25 9.761320e-01 6.056000e-03 1.781200e-02
26 9.748840e-01 6.196000e-03 1.892000e-02
27 9.735320e-01 6.500000e-03 1.996800e-02
28 9.722440e-01 6.620000e-03 2.113600e-02
29 9.709080e-01 6.804000e-03 2.228800e-02
30 9.694800e-01 7.044000e-03 2.347600e-02
31 9.681560e-01 7.172000e-03 2.467200e-02
32 9.667000e-01 7.296000e-03 2.600400e-02
33 9.651800e-01 7.492000e-03 2.732800e-02
34 9.638440e-01 7.524000e-03 2.863200e-02
35 9.624040e-01 7.680000e-03 2.991600e-02
36 9.609480e-01 7.716000e-03 3.133600e-02
37 9.594440e-01 7.724000e-03 3.283200e-02
38 9.580600e-01 7.716000e-03 3.422400e-02
39 9.564520e-01 8.104000e-03 3.544400e-02
40 9.549200e-01 8.204000e-03 3.687600e-02
41 9.533160e-01 8.352000e-03 3.833200e-02
42 9.517480e-01 8.564000e-03 3.968800e-02
43 9.501720e-01 8.644000e-03 4.118400e-02
44 9.486080e-01 8.652000e-03 4.274000e-02
45 9.471720e-01 8.500000e-03 4.432800e-02
46 9.457600e-01 8.420000e-03 4.582000e-02
47 9.441680e-01 8.600000e-03 4.723200e-02
48 9.424000e-01 8.864000e-03 4.873600e-02
49 9.406920e-01 9.072000e-03 5.023600e-02
50 9.389240e-01 9.272000e-03 5.180400e-02
51 9.372640e-01 9.324000e-03 5.341200e-02
52 9.355600e-01 9.368000e-03 5.507200e-02
53 9.339720e-01 9.432000e-03 5.659600e-02
54 9.323400e-01 9.236000e-03 5.842400e-02
55 9.305920e-01 9.372000e-03 6.003600e-02
56 9.286080e-01 9.712000e-03 6.168000e-02
57 9.268560e-01 9.756000e-03 6.338800e-02
58 9.249240e-01 9.960000e-03 6.511600e-02
59 9.229960e-01 1.017200e-02 6.683200e-02
60 9.212400e-01 1.012400e-02 6.863600e-02
61 9.193920e-01 1.016400e-02 7.044400e-02
62 9.177320e-01 9.988000e-03 7.228000e-02
63 9.162280e-01 9.840000e-03 7.393200e-02
64 9.146400e-01 9.700000e-03 7.566000e-02
65 9.128720e-01 9.720000e-03 7.740800e-02
66 9.112240e-01 9.648000e-03 7.912800e-02
67 9.093640e-01 9.780000e-03 8.085600e-02
68 9.077560e-01 9.916000e-03 8.232800e-02
69 9.059400e-01 9.984000e-03 8.407600e-02
70 9.040440e-01 1.022000e-02 8.573600e-02
71 9.020720e-01 1.044800e-02 8.748000e-02
72 9.001880e-01 1.046400e-02 8.934800e-02
73 8.983320e-01 1.043600e-02 9.123200e-02
74 8.964040e-01 1.058400e-02 9.301200e-02
75 8.943360e-01 1.070800e-02 9.495600e-02
76 8.924160e-01 1.078400e-02 9.680000e-02
77 8.906160e-01 1.077200e-02 9.861200e-02
78 8.888960e-01 1.065600e-02 1.004480e-01
79 8.872640e-01 1.050000e-02 1.022360e-01
80 8.855480e-01 1.027200e-02 1.041800e-01
81 8.837840e-01 1.018800e-02 1.060280e-01
82 8.821720e-01 1.003600e-02 1.077920e-01
83 8.805840e-01 9.784000e-03 1.096320e-01
84 8.787480e-01 9.888000e-03 1.113640e-01
85 8.770400e-01 9.804000e-03 1.131560e-01
86 8.753480e-01 9.724000e-03 1.149280e-01
87 8.736560e-01 9.824000e-03 1.165200e-01
88 8.718680e-01 9.836000e-03 1.182960e-01
89 8.699840e-01 1.011600e-02 1.199000e-01
90 8.681360e-01 1.006800e-02 1.217960e-01
91 8.664000e-01 1.013600e-02 1.234640e-01
92 8.644080e-01 1.044000e-02 1.251520e-01
93 8.624040e-01 1.072000e-02 1.268760e-01
94 8.606560e-01 1.062000e-02 1.287240e-01
95 8.588000e-01 1.068000e-02 1.305200e-01
96 8.568200e-01 1.083200e-02 1.323480e-01
97 8.550600e-01 1.062000e-02 1.343200e-01
98 8.534160e-01 1.042800e-02 1.361560e-01
99 8.516280e-01 1.047600e-02 1.378960e-01
100 8.498960e-01 1.032000e-02 1.397840e-01
101 8.480200e-01 1.041600e-02 1.415640e-01
102 8.462160e-01 1.018400e-02 1.436000e-01
103 8.443560e-01 1.036400e-02 1.452800e-01
104 8.425160e-01 1.057200e-02 1.469120e-01
105 8.407040e-01 1.050000e-02 1.487960e-01
106 8.389960e-01 1.028800e-02 1.507160e-01
107 8.373240e-01 1.005600e-02 1.526200e-01
108 8.356960e-01 1.010400e-02 1.542000e-01
109 8.341640e-01 9.840000e-03 1.559960e-01
110 8.326040e-01 9.716000e-03 1.576800e-01
111 8.310040e-01 9.624000e-03 1.593720e-01
112 8.291600e-01 9.692000e-03 1.611480e-01
113 8.274880e-01 9.716000e-03 1.627960e-01
114 8.257160e-01 9.748000e-03 1.645360e-01
115 8.240400e-01 9.732000e-03 1.662280e-01
116 8.222600e-01 9.608000e-03 1.681320e-01
117 8.205120e-01 9.596000e-03 1.698920e-01
118 8.187040e-01 9.720000e-03 1.715760e-01
119 8.168760e-01 9.936000e-03 1.731880e-01
120 8.152080e-01 9.768000e-03 1.750240e-01
121 8.134920e-01 9.808000e-03 1.767000e-01
122 8.118560e-01 9.692000e-03 1.784520e-01
123 8.101840e-01 9.612000e-03 1.802040e-01
124 8.086400e-01 9.528000e-03 1.818320e-01
125 8.070560e-01 9.324000e-03 1.836200e-01
126 8.055040e-01 9.236000e-03 1.852600e-01
127 8.040880e-01 9.156000e-03 1.867560e-01
128 8.026320e-01 8.968000e-03 1.884000e-01
129 8.011240e-01 8.916000e-03 1.899600e-01
130 7.994800e-01 9.040000e-03 1.914800e-01
131 7.978600e-01 9.064000e-03 1.930760e-01
132 7.964520e-01 8.884000e-03 1.946640e-01
133 7.948760e-01 8.908000e-03 1.962160e-01
134 7.932440e-01 9.092000e-03 1.976640e-01
135 7.917120e-01 9.060000e-03 1.992280e-01
136 7.901040e-01 9.192000e-03 2.007040e-01
137 7.884560e-01 9.208000e-03 2.023360e-01
138 7.869040e-01 9.240000e-03 2.038560e-01
139 7.853320e-01 9.224000e-03 2.054440e-01
140 7.838640e-01 9.148000e-03 2.069880e-01
141 7.823160e-01 9.060000e-03 2.086240e-01
142 7.805840e-01 9.204000e-03 2.102120e-01
143 7.790640e-01 9.048000e-03 2.118880e-01
144 7.774240e-01 9.100000e-03 2.134760e-01
145 7.759240e-01 8.992000e-03 2.150840e-01
146 7.744360e-01 8.888000e-03 2.166760e-01
147 7.731120e-01 8.624000e-03 2.182640e-01
148 7.718320e-01 8.464000e-03 2.197040e-01
149 7.704880e-01 8.260000e-03 2.212520e-01
150 7.691520e-01 8.120000e-03 2.227280e-01
151 7.678520e-01 7.944000e-03 2.242040e-01
152 7.663960e-01 7.952000e-03 2.256520e-01
153 7.650360e-01 7.944000e-03 2.270200e-01
154 7.636600e-01 7.996000e-03 2.283440e-01
155 7.623320e-01 7.924000e-03 2.297440e-01
156 7.610520e-01 7.740000e-03 2.312080e-01
157 7.597600e-01 7.668000e-03 2.325720e-01
158 7.584120e-01 7.692000e-03 2.338960e-01
159 7.571320e-01 7.624000e-03 2.352440e-01
160 7.559480e-01 7.400000e-03 2.366520e-01
161 7.547480e-01 7.236000e-03 2.380160e-01
162 7.534920e-01 7.300000e-03 2.392080e-01
163 7.522960e-01 7.252000e-03 2.404520e-01
164 7.510440e-01 7.220000e-03 2.417360e-01
165 7.498440e-01 7.096000e-03 2.430600e-01
166 7.483720e-01 7.384000e-03 2.442440e-01
167 7.470200e-01 7.440000e-03 2.455400e-01
168 7.456520e-01 7.512000e-03 2.468360e-01
169 7.444080e-01 7.396000e-03 2.481960e-01
170 7.431720e-01 7.388000e-03 2.494400e-01
171 7.419480e-01 7.344000e-03 2.507080e-01
172 7.407560e-01 7.240000e-03 2.520040e-01
173 7.393800e-01 7.268000e-03 2.533520e-01
174 7.380160e-01 7.352000e-03 2.546320e-01
175 7.368040e-01 7.276000e-03 2.559200e-01
176 7.355920e-01 7.228000e-03 2.571800e-01
177 7.343240e-01 7.200000e-03 2.584760e-01
178 7.330800e-01 7.148000e-03 2.597720e-01
179 7.318360e-01 7.132000e-03 2.610320e-01
180 7.305360e-01 7.168000e-03 2.622960e-01
181 7.293960e-01 7.188000e-03 2.634160e-01
182 7.280240e-01 7.256000e-03 2.647200e-01
183 7.267920e-01 7.236000e-03 2.659720e-01
184 7.255320e-01 7.280000e-03 2.671880e-01
185 7.243360e-01 7.208000e-03 2.684560e-01
186 7.231640e-01 7.196000e-03 2.696400e-01
187 7.221000e-01 6.976000e-03 2.709240e-01
188 7.210720e-01 6.740000e-03 2.721880e-01
189 7.198440e-01 6.792000e-03 2.733640e-01
190 7.187440e-01 6.760000e-03 2.744960e-01
191 7.177320e-01 6.600000e-03 2.756680e-01
192 7.166880e-01 6.520000e-03 2.767920e-01
193 7.156640e-01 6.460000e-03 2.778760e-01
194 7.146280e-01 6.348000e-03 2.790240e-01
195 7.134960e-01 6.368000e-03 2.801360e-01
196 7.124880e-01 6.272000e-03 2.812400e-01
197 7.114360e-01 6.332000e-03 2.822320e-01
198 7.103480e-01 6.252000e-03 2.834000e-01
199 7.093480e-01 6.144000e-03 2.845080e-01
200 7.084680e-01 5.948000e-03 2.855840e-01
201 7.073720e-01 6.052000e-03 2.865760e-01
202 7.063960e-01 5.916000e-03 2.876880e-01
203 7.055040e-01 5.776000e-03 2.887200e-01
204 7.045040e-01 5.832000e-03 2.896640e-01
205 7.035360e-01 5.752000e-03 2.907120e-01
206 7.025520e-01 5.676000e-03 2.917720e-01
207 7.016520e-01 5.664000e-03 2.926840e-01
208 7.006840e-01 5.672000e-03 2.936440e-01
209 6.997440e-01 5.640000e-03 2.946160e-01
210 6.987680e-01 5.568000e-03 2.956640e-01
211 6.978360e-01 5.524000e-03 2.966400e-01
212 6.970160e-01 5.456000e-03 2.975280e-01
213 6.960720e-01 5.444000e-03 2.984840e-01
214 6.949800e-01 5.680000e-03 2.993400e-01
215 6.939040e-01 5.844000e-03 3.002520e-01
216 6.930440e-01 5.800000e-03 3.011560e-01
217 6.920760e-01 5.608000e-03 3.023160e-01
218 6.911760e-01 5.520000e-03 3.033040e-01
219 6.902600e-01 5.528000e-03 3.042120e-01
220 6.893640e-01 5.488000e-03 3.051480e-01
221 6.883800e-01 5.552000e-03 3.060680e-01
222 6.874320e-01 5.448000e-03 3.071200e-01
223 6.864720e-01 5.464000e-03 3.080640e-01
224 6.856760e-01 5.284000e-03 3.090400e-01
225 6.848160e-01 5.288000e-03 3.098960e-01
226 6.838840e-01 5.288000e-03 3.108280e-01
227 6.830360e-01 5.144000e-03 3.118200e-01
228 6.822680e-01 5.032000e-03 3.127000e-01
229 6.814000e-01 5.092000e-03 3.135080e-01
230 6.804920e-01 5.188000e-03 3.143200e-01
231 6.796720e-01 5.096000e-03 3.152320e-01
232 6.788240e-01 4.964000e-03 3.162120e-01
233 6.780520e-01 4.756000e-03 3.171920e-01
234 6.772800e-01 4.672000e-03 3.180480e-01
235 6.764400e-01 4.660000e-03 3.189000e-01
236 6.756800e-01 4.592000e-03 3.197280e-01
237 6.748520e-01 4.600000e-03 3.205480e-01
238 6.740280e-01 4.644000e-03 3.213280e-01
239 6.732160e-01 4.684000e-03 3.221000e-01
240 6.724880e-01 4.596000e-03 3.229160e-01
241 6.717680e-01 4.528000e-03 3.237040e-01
242 6.709720e-01 4.560000e-03 3.244680e-01
243 6.702280e-01 4.564000e-03 3.252080e-01
244 6.694960e-01 4.524000e-03 3.259800e-01
245 6.687880e-01 4.368000e-03 3.268440e-01
246 6.681080e-01 4.240000e-03 3.276520e-01
247 6.672920e-01 4.316000e-03 3.283920e-01
248 6.666360e-01 4.272000e-03 3.290920e-01
249 6.659520e-01 4.248000e-03 3.298000e-01
250 6.653720e-01 4.204000e-03 3.304240e-01
251 6.647520e-01 4.124000e-03 3.311240e-01
252 6.640360e-01 4.144000e-03 3.318200e-01
253 6.633800e-01 4.040000e-03 3.325800e-01
254 6.627400e-01 3.988000e-03 3.332720e-01
255 6.621920e-01 3.932000e-03 3.338760e-01
256 6.615600e-01 3.896000e-03 3.345440e-01
257 6.608680e-01 3.916000e-03 3.352160e-01
258 6.601760e-01 3.832000e-03 3.359920e-01
259 6.594360e-01 3.868000e-03 3.366960e-01
260 6.587200e-01 3.800000e-03 3.374800e-01
261 6.579720e-01 3.848000e-03 3.381800e-01
262 6.572080e-01 3.952000e-03 3.388400e-01
263 6.564960e-01 4.016000e-03 3.394880e-01
264 6.557600e-01 4.076000e-03 3.401640e-01
265 6.550640e-01 4.080000e-03 3.408560e-01
266 6.542760e-01 4.228000e-03 3.414960e-01
267 6.534520e-01 4.344000e-03 3.422040e-01
268 6.527280e-01 4.308000e-03 3.429640e-01
269 6.520000e-01 4.300000e-03 3.437000e-01
270 6.512640e-01 4.232000e-03 3.445040e-01
271 6.505160e-01 4.244000e-03 3.452400e-01
272 6.498040e-01 4.188000e-03 3.460080e-01
273 6.491520e-01 4.168000e-03 3.466800e-01
274 6.484800e-01 4.232000e-03 3.472880e-01
275 6.477880e-01 4.172000e-03 3.480400e-01
276 6.470920e-01 4.064000e-03 3.488440e-01
277 6.464520e-01 3.992000e-03 3.495560e-01
278 6.458080e-01 3.932000e-03 3.502600e-01
279 6.451960e-01 3.860000e-03 3.509440e-01
280 6.445960e-01 3.692000e-03 3.517120e-01
281 6.439400e-01 3.652000e-03 3.524080e-01
282 6.434240e-01 3.572000e-03 3.530040e-01
283 6.428120e-01 3.548000e-03 3.536400e-01
284 6.422120e-01 3.452000e-03 3.543360e-01
285 6.416600e-01 3.420000e-03 3.549200e-01
286 6.411880e-01 3.352000e-03 3.554600e-01
287 6.405600e-01 3.328000e-03 3.561120e-01
288 6.401320e-01 3.152000e-03 3.567160e-01
289 6.396600e-01 3.108000e-03 3.572320e-01
290 6.391960e-01 2.912000e-03 3.578920e-01
291 6.387520e-01 2.916000e-03 3.583320e-01
292 6.382840e-01 2.872000e-03 3.588440e-01
293 6.377760e-01 2.884000e-03 3.593400e-01
294 6.372560e-01 2.872000e-03 3.598720e-01
295 6.368080e-01 2.828000e-03 3.603640e-01
296 6.363840e-01 2.760000e-03 3.608560e-01
297 6.359960e-01 2.620000e-03 3.613840e-01
298 6.355280e-01 2.608000e-03 3.618640e-01
299 6.351560e-01 2.548000e-03 3.622960e-01
300 6.348080e-01 2.384000e-03 3.628080e-01
301 6.345000e-01 2.348000e-03 3.631520e-01
302 6.341280e-01 2.368000e-03 3.635040e-01
303 6.338160e-01 2.224000e-03 3.639600e-01
304 6.334720e-01 2.180000e-03 3.643480e-01
305 6.332120e-01 2.140000e-03 3.646480e-01
306 6.328880e-01 2.116000e-03 3.649960e-01
307 6.326080e-01 2.056000e-03 3.653360e-01
308 6.323160e-01 1.976000e-03 3.657080e-01
309 6.320720e-01 1.920000e-03 3.660080e-01
310 6.318200e-01 1.812000e-03 3.663680e-01
311 6.315680e-01 1.780000e-03 3.666520e-01
312 6.312600e-01 1.784000e-03 3.669560e-01
313 6.309840e-01 1.756000e-03 3.672600e-01
314 6.307280e-01 1.680000e-03 3.675920e-01
315 6.304480e-01 1.660000e-03 3.678920e-01
316 6.301120e-01 1.728000e-03 3.681600e-01
317 6.298400e-01 1.692000e-03 3.684680e-01
318 6.295440e-01 1.648000e-03 3.688080e-01
319 6.292760e-01 1.672000e-03 3.690520e-01
320 6.290040e-01 1.668000e-03 3.693280e-01
321 6.288040e-01 1.596000e-03 3.696000e-01
322 6.286000e-01 1.520000e-03 3.698800e-01
323 6.282800e-01 1.532000e-03 3.701880e-01
324 6.279800e-01 1.572000e-03 3.704480e-01
325 6.276680e-01 1.608000e-03 3.707240e-01
326 6.274080e-01 1.672000e-03 3.709200e-01
327 6.271480e-01 1.608000e-03 3.712440e-01
328 6.268200e-01 1.640000e-03 3.715400e-01
329 6.264400e-01 1.788000e-03 3.717720e-01
330 6.260760e-01 1.812000e-03 3.721120e-01
331 6.257120e-01 1.848000e-03 3.724400e-01
332 6.254080e-01 1.852000e-03 3.727400e-01
333 6.251120e-01 1.832000e-03 3.730560e-01
334 6.247880e-01 1.856000e-03 3.733560e-01
335 6.244160e-01 1.892000e-03 3.736920e-01
336 6.240960e-01 1.892000e-03 3.740120e-01
337 6.237360e-01 1.916000e-03 3.743480e-01
338 6.234400e-01 1.880000e-03 3.746800e-01
339 6.231040e-01 1.904000e-03 3.749920e-01
340 6.228040e-01 1.816000e-03 3.753800e-01
341 6.224600e-01 1.832000e-03 3.757080e-01
342 6.221240e-01 1.884000e-03 3.759920e-01
343 6.218000e-01 1.836000e-03 3.763640e-01
344 6.215360e-01 1.840000e-03 3.766240e-01
345 6.212360e-01 1.824000e-03 3.769400e-01
346 6.209480e-01 1.816000e-03 3.772360e-01
347 6.207240e-01 1.724000e-03 3.775520e-01
348 6.204800e-01 1.644000e-03 3.778760e-01
349 6.202600e-01 1.624000e-03 3.781160e-01
350 6.199960e-01 1.664000e-03 3.783400e-01
351 6.196880e-01 1.672000e-03 3.786400e-01
352 6.194000e-01 1.636000e-03 3.789640e-01
353 6.191400e-01 1.628000e-03 3.792320e-01
354 6.188720e-01 1.564000e-03 3.795640e-01
355 6.185920e-01 1.532000e-03 3.798760e-01
356 6.183320e-01 1.532000e-03 3.801360e-01
357 6.181120e-01 1.464000e-03 3.804240e-01
358 6.177760e-01 1.588000e-03 3.806360e-01
359 6.174400e-01 1.648000e-03 3.809120e-01
360 6.171400e-01 1.700000e-03 3.811600e-01
361 6.168120e-01 1.720000e-03 3.814680e-01
362 6.164480e-01 1.832000e-03 3.817200e-01
363 6.160480e-01 1.872000e-03 3.820800e-01
364 6.156240e-01 1.948000e-03 3.824280e-01
365 6.152440e-01 1.940000e-03 3.828160e-01
366 6.149040e-01 1.988000e-03 3.831080e-01
367 6.144760e-01 1.996000e-03 3.835280e-01
368 6.141000e-01 1.996000e-03 3.839040e-01
369 6.138240e-01 1.920000e-03 3.842560e-01
370 6.134920e-01 1.900000e-03 3.846080e-01
371 6.131480e-01 1.932000e-03 3.849200e-01
372 6.127840e-01 1.920000e-03 3.852960e-01
373 6.124520e-01 1.940000e-03 3.856080e-01
374 6.122040e-01 1.844000e-03 3.859520e-01
375 6.118680e-01 1.872000e-03 3.862600e-01
376 6.115240e-01 1.868000e-03 3.866080e-01
377 6.111720e-01 1.876000e-03 3.869520e-01
378 6.107720e-01 1.952000e-03 3.872760e-01
379 6.104240e-01 1.988000e-03 3.875880e-01
380 6.101200e-01 1.932000e-03 3.879480e-01
381 6.098160e-01 1.856000e-03 3.883280e-01
382 6.095200e-01 1.864000e-03 3.886160e-01
383 6.092880e-01 1.764000e-03 3.889480e-01
384 6.090160e-01 1.720000e-03 3.892640e-01
385 6.087520e-01 1.620000e-03 3.896280e-01
386 6.085320e-01 1.576000e-03 3.898920e-01
387 6.082240e-01 1.632000e-03 3.901440e-01
388 6.079720e-01 1.632000e-03 3.903960e-01
389 6.077920e-01 1.564000e-03 3.906440e-01
390 6.075520e-01 1.564000e-03 3.908840e-01
391 6.073360e-01 1.536000e-03 3.911280e-01
392 6.071160e-01 1.524000e-03 3.913600e-01
393 6.068440e-01 1.548000e-03 3.916080e-01
394 6.066280e-01 1.460000e-03 3.919120e-01
395 6.063680e-01 1.532000e-03 3.921000e-01
396 6.060840e-01 1.528000e-03 3.923880e-01
397 6.059000e-01 1.416000e-03 3.926840e-01
398 6.056920e-01 1.396000e-03 3.929120e-01
399 6.055000e-01 1.384000e-03 3.931160e-01
400 6.053280e-01 1.328000e-03 3.933440e-01
401 6.050800e-01 1.296000e-03 3.936240e-01
402 6.048880e-01 1.232000e-03 3.938800e-01
403 6.046600e-01 1.260000e-03 3.940800e-01
404 6.044160e-01 1.316000e-03 3.942680e-01
405 6.042360e-01 1.272000e-03 3.944920e-01
406 6.040360e-01 1.324000e-03 3.946400e-01
407 6.038160e-01 1.308000e-03 3.948760e-01
408 6.036280e-01 1.260000e-03 3.951120e-01
409 6.034560e-01 1.184000e-03 3.953600e-01
410 6.032800e-01 1.148000e-03 3.955720e-01
411 6.030920e-01 1.128000e-03 3.957800e-01
412 6.028720e-01 1.164000e-03 3.959640e-01
413 6.027000e-01 1.180000e-03 3.961200e-01
414 6.025320e-01 1.132000e-03 3.963360e-01
415 6.023800e-01 1.104000e-03 3.965160e-01
416 6.022440e-01 1.052000e-03 3.967040e-01
417 6.020240e-01 1.096000e-03 3.968800e-01
418 6.018560e-01 1.064000e-03 3.970800e-01
419 6.016800e-01 1.104000e-03 3.972160e-01
420 6.014880e-01 1.076000e-03 3.974360e-01
421 6.012240e-01 1.184000e-03 3.975920e-01
422 6.009720e-01 1.220000e-03 3.978080e-01
423 6.007520e-01 1.220000e-03 3.980280e-01
424 6.005880e-01 1.192000e-03 3.982200e-01
425 6.004080e-01 1.168000e-03 3.984240e-01
426 6.002240e-01 1.124000e-03 3.986520e-01
427 6.000360e-01 1.084000e-03 3.988800e-01
428 5.998720e-01 1.076000e-03 3.990520e-01
429 5.996600e-01 1.096000e-03 3.992440e-01
430 5.994840e-01 1.016000e-03 3.995000e-01
431 5.993000e-01 1.052000e-03 3.996480e-01
432 5.991400e-01 9.920000e-04 3.998680e-01
433 5.989840e-01 9.680000e-04 4.000480e-01
434 5.988320e-01 9.360000e-04 4.002320e-01
435 5.986680e-01 9.240000e-04 4.004080e-01
436 5.985600e-01 8.600000e-04 4.005800e-01
437 5.984280e-01 8.440000e-04 4.007280e-01
438 5.982800e-01 8.320000e-04 4.008880e-01
439 5.981280e-01 8.360000e-04 4.010360e-01
440 5.979280e-01 8.960000e-04 4.011760e-01
441 5.977480e-01 9.400000e-04 4.013120e-01
442 5.975840e-01 9.320000e-04 4.014840e-01
443 5.974320e-01 9.480000e-04 4.016200e-01
444 5.972920e-01 9.400000e-04 4.017680e-01
445 5.971640e-01 9.240000e-04 4.019120e-01
446 5.970040e-01 9.280000e-04 4.020680e-01
447 5.968880e-01 8.800000e-04 4.022320e-01
448 5.967720e-01 8.680000e-04 4.023600e-01
449 5.966480e-01 8.480000e-04 4.025040e-01
450 5.964640e-01 8.720000e-04 4.026640e-01
451 5.962960e-01 9.120000e-04 4.027920e-01
452 5.961320e-01 9.040000e-04 4.029640e-01
453 5.959880e-01 9.120000e-04 4.031000e-01
454 5.958520e-01 8.640000e-04 4.032840e-01
455 5.957160e-01 8.760000e-04 4.034080e-01
456 5.955400e-01 8.760000e-04 4.035840e-01
457 5.953920e-01 8.600000e-04 4.037480e-01
458 5.952840e-01 8.080000e-04 4.039080e-01
459 5.951640e-01 7.760000e-04 4.040600e-01
460 5.950720e-01 7.400000e-04 4.041880e-01
461 5.949480e-01 7.280000e-04 4.043240e-01
462 5.947920e-01 7.400000e-04 4.044680e-01
463 5.947040e-01 6.680000e-04 4.046280e-01
464 5.946320e-01 6.280000e-04 4.047400e-01
465 5.945440e-01 6.160000e-04 4.048400e-01
466 5.944280e-01 6.320000e-04 4.049400e-01
467 5.942640e-01 6.960000e-04 4.050400e-01
468 5.941280e-01 6.680000e-04 4.052040e-01
469 5.939920e-01 7.320000e-04 4.052760e-01
470 5.938680e-01 7.360000e-04 4.053960e-01
471 5.936960e-01 7.760000e-04 4.055280e-01
472 5.935720e-01 7.680000e-04 4.056600e-01
473 5.934520e-01 7.320000e-04 4.058160e-01
474 5.933320e-01 7.400000e-04 4.059280e-01
475 5.932280e-01 7.200000e-04 4.060520e-01
476 5.931320e-01 6.600000e-04 4.062080e-01
477 5.930760e-01 6.360000e-04 4.062880e-01
478 5.930000e-01 5.800000e-04 4.064200e-01
479 5.928920e-01 5.880000e-04 4.065200e-01
480 5.927680e-01 6.120000e-04 4.066200e-01
481 5.926600e-01 6.000000e-04 4.067400e-01
482 5.925360e-01 6.040000e-04 4.068600e-01
483 5.924160e-01 6.480000e-04 4.069360e-01
484 5.923360e-01 6.120000e-04 4.070520e-01
485 5.922760e-01 5.640000e-04 4.071600e-01
486 5.921640e-01 5.840000e-04 4.072520e-01
487 5.920960e-01 5.560000e-04 4.073480e-01
488 5.920240e-01 5.640000e-04 4.074120e-01
489 5.919520e-01 5.320000e-04 4.075160e-01
490 5.918280e-01 5.600000e-04 4.076120e-01
491 5.917280e-01 5.680000e-04 4.077040e-01
492 5.916280e-01 5.840000e-04 4.077880e-01
493 5.915520e-01 5.440000e-04 4.079040e-01
494 5.914640e-01 5.520000e-04 4.079840e-01
495 5.913640e-01 5.640000e-04 4.080720e-01
496 5.912680e-01 5.840000e-04 4.081480e-01
497 5.911760e-01 5.440000e-04 4.082800e-01
498 5.910960e-01 5.280000e-04 4.083760e-01
499 5.909840e-01 5.240000e-04 4.084920e-01
500 5.908720e-01 5.280000e-04 4.086000e-01
