1 9.992480e-01 6.440000e-04 1.080000e-04
2 9.986880e-01 1.016000e-03 2.960000e-04
3 9.980200e-01 1.488000e-03 4.920000e-04
4 9.972680e-01 2.008000e-03 7.240000e-04
5 9.963120e-01 2.592000e-03 1.096000e-03
6 9.953120e-01 3.092000e-03 1.596000e-03
7 9.942960e-01 3.596000e-03 2.108000e-03
8 9.932800e-01 3.968000e-03 2.752000e-03
9 9.922080e-01 4.336000e-03 3.456000e-03
10 9.909680e-01 4.756000e-03 4.276000e-03
11 9.896840e-01 5.208000e-03 5.108000e-03
12 9.884680e-01 5.564000e-03 5.968000e-03
13 9.871480e-01 5.848000e-03 7.004000e-03
14 9.857560e-01 6.192000e-03 8.052000e-03
15 9.843560e-01 6.456000e-03 9.188000e-03
16 9.830120e-01 6.652000e-03 1.033600e-02
17 9.815800e-01 7.012000e-03 1.140800e-02
18 9.800200e-01 7.268000e-03 1.271200e-02
19 9.783880e-01 7.592000e-03 1.402000e-02
20 9.769720e-01 7.652000e-03 1.537600e-02
21 9.754360e-01 7.800000e-03 1.676400e-02
22 9.738480e-01 7.960000e-03 1.819200e-02
23 9.723320e-01 8.036000e-03 1.963200e-02
24 9.707480e-01 8.188000e-03 2.106400e-02
25 9.691600e-01 8.272000e-03 2.256800e-02
26 9.676000e-01 8.464000e-03 2.393600e-02
27 9.661320e-01 8.452000e-03 2.541600e-02
28 9.645800e-01 8.604000e-03 2.681600e-02
29 9.630240e-01 8.656000e-03 2.832000e-02
30 9.615320e-01 8.732000e-03 2.973600e-02
31 9.600880e-01 8.676000e-03 3.123600e-02
32 9.586240e-01 8.672000e-03 3.270400e-02
33 9.571720e-01 8.608000e-03 3.422000e-02
34 9.556240e-01 8.608000e-03 3.576800e-02
35 9.541840e-01 8.492000e-03 3.732400e-02
36 9.527920e-01 8.360000e-03 3.884800e-02
37 9.513720e-01 8.468000e-03 4.016000e-02
38 9.497520e-01 8.520000e-03 4.172800e-02
39 9.481280e-01 8.608000e-03 4.326400e-02
40 9.466480e-01 8.688000e-03 4.466400e-02
41 9.450960e-01 8.672000e-03 4.623200e-02
42 9.434320e-01 8.692000e-03 4.787600e-02
43 9.416880e-01 8.912000e-03 4.940000e-02
44 9.401240e-01 8.996000e-03 5.088000e-02
45 9.384800e-01 9.020000e-03 5.250000e-02
46 9.368400e-01 9.052000e-03 5.410800e-02
47 9.351680e-01 9.156000e-03 5.567600e-02
48 9.336360e-01 9.136000e-03 5.722800e-02
49 9.319800e-01 9.088000e-03 5.893200e-02
50 9.302920e-01 9.352000e-03 6.035600e-02
51 9.285280e-01 9.500000e-03 6.197200e-02
52 9.267960e-01 9.636000e-03 6.356800e-02
53 9.251040e-01 9.572000e-03 6.532400e-02
54 9.233000e-01 9.548000e-03 6.715200e-02
55 9.217120e-01 9.320000e-03 6.896800e-02
56 9.199640e-01 9.416000e-03 7.062000e-02
57 9.182280e-01 9.584000e-03 7.218800e-02
58 9.164680e-01 9.524000e-03 7.400800e-02
59 9.148680e-01 9.596000e-03 7.553600e-02
60 9.130120e-01 9.728000e-03 7.726000e-02
61 9.111960e-01 9.868000e-03 7.893600e-02
62 9.094640e-01 9.840000e-03 8.069600e-02
63 9.078560e-01 9.600000e-03 8.254400e-02
64 9.062320e-01 9.632000e-03 8.413600e-02
65 9.046160e-01 9.472000e-03 8.591200e-02
66 9.030240e-01 9.388000e-03 8.758800e-02
67 9.013520e-01 9.420000e-03 8.922800e-02
68 8.997880e-01 9.376000e-03 9.083600e-02
69 8.981760e-01 9.296000e-03 9.252800e-02
70 8.965840e-01 9.108000e-03 9.430800e-02
71 8.950160e-01 9.120000e-03 9.586400e-02
72 8.932680e-01 9.244000e-03 9.748800e-02
73 8.915560e-01 9.320000e-03 9.912400e-02
74 8.897640e-01 9.588000e-03 1.006480e-01
75 8.881440e-01 9.548000e-03 1.023080e-01
76 8.864120e-01 9.624000e-03 1.039640e-01
77 8.844240e-01 9.932000e-03 1.056440e-01
78 8.827280e-01 9.824000e-03 1.074480e-01
79 8.808000e-01 1.019200e-02 1.090080e-01
80 8.790040e-01 1.033600e-02 1.106600e-01
81 8.770640e-01 1.029600e-02 1.126400e-01
82 8.752120e-01 1.030400e-02 1.144840e-01
83 8.733880e-01 1.036400e-02 1.162480e-01
84 8.714160e-01 1.062400e-02 1.179600e-01
85 8.694240e-01 1.088800e-02 1.196880e-01
86 8.672280e-01 1.110000e-02 1.216720e-01
87 8.651760e-01 1.125600e-02 1.235680e-01
88 8.632000e-01 1.118000e-02 1.256200e-01
89 8.612720e-01 1.106000e-02 1.276680e-01
90 8.594560e-01 1.090400e-02 1.296400e-01
91 8.575120e-01 1.081200e-02 1.316760e-01
92 8.557720e-01 1.075600e-02 1.334720e-01
93 8.539960e-01 1.072400e-02 1.352800e-01
94 8.520760e-01 1.078000e-02 1.371440e-01
95 8.502480e-01 1.078400e-02 1.389680e-01
96 8.484040e-01 1.074400e-02 1.408520e-01
97 8.464000e-01 1.093200e-02 1.426680e-01
98 8.444360e-01 1.091200e-02 1.446520e-01
99 8.425000e-01 1.107600e-02 1.464240e-01
100 8.406640e-01 1.099600e-02 1.483400e-01
101 8.388720e-01 1.078800e-02 1.503400e-01
102 8.372640e-01 1.055200e-02 1.521840e-01
103 8.355560e-01 1.028400e-02 1.541600e-01
104 8.338880e-01 1.022400e-02 1.558880e-01
105 8.321480e-01 1.030000e-02 1.575520e-01
106 8.303920e-01 1.035600e-02 1.592520e-01
107 8.286000e-01 1.026800e-02 1.611320e-01
108 8.269040e-01 1.022800e-02 1.628680e-01
109 8.250520e-01 1.032400e-02 1.646240e-01
110 8.234080e-01 1.021600e-02 1.663760e-01
111 8.216360e-01 1.026400e-02 1.681000e-01
112 8.196400e-01 1.041600e-02 1.699440e-01
113 8.179720e-01 1.016800e-02 1.718600e-01
114 8.160720e-01 1.026800e-02 1.736600e-01
115 8.141840e-01 1.038000e-02 1.754360e-01
116 8.126560e-01 1.002000e-02 1.773240e-01
117 8.109800e-01 1.011600e-02 1.789040e-01
118 8.091640e-01 1.016800e-02 1.806680e-01
119 8.071400e-01 1.039200e-02 1.824680e-01
120 8.054560e-01 1.029200e-02 1.842520e-01
121 8.036320e-01 1.023600e-02 1.861320e-01
122 8.019200e-01 1.025200e-02 1.878280e-01
123 8.001640e-01 1.017600e-02 1.896600e-01
124 7.983200e-01 1.022000e-02 1.914600e-01
125 7.964640e-01 1.021600e-02 1.933200e-01
126 7.947240e-01 1.027200e-02 1.950040e-01
127 7.928160e-01 1.033600e-02 1.968480e-01
128 7.910560e-01 1.019600e-02 1.987480e-01
129 7.894160e-01 9.860000e-03 2.007240e-01
130 7.879040e-01 9.652000e-03 2.024440e-01
131 7.864320e-01 9.464000e-03 2.041040e-01
132 7.848880e-01 9.420000e-03 2.056920e-01
133 7.834520e-01 9.056000e-03 2.074920e-01
134 7.819640e-01 8.944000e-03 2.090920e-01
135 7.804000e-01 9.000000e-03 2.106000e-01
136 7.788760e-01 8.972000e-03 2.121520e-01
137 7.774040e-01 8.988000e-03 2.136080e-01
138 7.759080e-01 8.948000e-03 2.151440e-01
139 7.745600e-01 8.888000e-03 2.165520e-01
140 7.731160e-01 8.820000e-03 2.180640e-01
141 7.715960e-01 8.656000e-03 2.197480e-01
142 7.701400e-01 8.620000e-03 2.212400e-01
143 7.688080e-01 8.452000e-03 2.227400e-01
144 7.673560e-01 8.420000e-03 2.242240e-01
145 7.659840e-01 8.428000e-03 2.255880e-01
146 7.646040e-01 8.436000e-03 2.269600e-01
147 7.632600e-01 8.264000e-03 2.284760e-01
148 7.619720e-01 8.140000e-03 2.298880e-01
149 7.606200e-01 8.024000e-03 2.313560e-01
150 7.592960e-01 7.952000e-03 2.327520e-01
151 7.579520e-01 7.948000e-03 2.341000e-01
152 7.565800e-01 8.100000e-03 2.353200e-01
153 7.551720e-01 7.988000e-03 2.368400e-01
154 7.537480e-01 7.996000e-03 2.382560e-01
155 7.521760e-01 8.164000e-03 2.396600e-01
156 7.505360e-01 8.348000e-03 2.411160e-01
157 7.492920e-01 8.092000e-03 2.426160e-01
158 7.479040e-01 8.124000e-03 2.439720e-01
159 7.464520e-01 8.044000e-03 2.455040e-01
160 7.451440e-01 7.896000e-03 2.469600e-01
161 7.438400e-01 7.800000e-03 2.483600e-01
162 7.423840e-01 7.788000e-03 2.498280e-01
163 7.409880e-01 7.816000e-03 2.511960e-01
164 7.396440e-01 7.812000e-03 2.525440e-01
165 7.382560e-01 7.776000e-03 2.539680e-01
166 7.369960e-01 7.804000e-03 2.552000e-01
167 7.354440e-01 7.936000e-03 2.566200e-01
168 7.339640e-01 8.020000e-03 2.580160e-01
169 7.325760e-01 7.892000e-03 2.595320e-01
170 7.312360e-01 7.884000e-03 2.608800e-01
171 7.297760e-01 8.040000e-03 2.621840e-01
172 7.282880e-01 8.156000e-03 2.635560e-01
173 7.269560e-01 8.100000e-03 2.649440e-01
174 7.255680e-01 7.972000e-03 2.664600e-01
175 7.242480e-01 7.884000e-03 2.678680e-01
176 7.228160e-01 7.908000e-03 2.692760e-01
177 7.214320e-01 7.944000e-03 2.706240e-01
178 7.201520e-01 7.944000e-03 2.719040e-01
179 7.190120e-01 7.640000e-03 2.733480e-01
180 7.178960e-01 7.420000e-03 2.746840e-01
181 7.167720e-01 7.228000e-03 2.760000e-01
182 7.157200e-01 7.084000e-03 2.771960e-01
183 7.145760e-01 6.912000e-03 2.785120e-01
184 7.135360e-01 6.788000e-03 2.796760e-01
185 7.123480e-01 6.840000e-03 2.808120e-01
186 7.112400e-01 6.740000e-03 2.820200e-01
187 7.100680e-01 6.796000e-03 2.831360e-01
188 7.088640e-01 6.868000e-03 2.842680e-01
189 7.076160e-01 6.836000e-03 2.855480e-01
190 7.066480e-01 6.736000e-03 2.866160e-01
191 7.055920e-01 6.572000e-03 2.878360e-01
192 7.046280e-01 6.324000e-03 2.890480e-01
193 7.036000e-01 6.228000e-03 2.901720e-01
194 7.025840e-01 6.148000e-03 2.912680e-01
195 7.014080e-01 6.204000e-03 2.923880e-01
196 7.001840e-01 6.380000e-03 2.934360e-01
197 6.990920e-01 6.408000e-03 2.945000e-01
198 6.978920e-01 6.388000e-03 2.957200e-01
199 6.967840e-01 6.380000e-03 2.968360e-01
200 6.957880e-01 6.200000e-03 2.980120e-01
201 6.946400e-01 6.276000e-03 2.990840e-01
202 6.935960e-01 6.136000e-03 3.002680e-01
203 6.926520e-01 5.956000e-03 3.013920e-01
204 6.917400e-01 5.816000e-03 3.024440e-01
205 6.906880e-01 5.832000e-03 3.034800e-01
206 6.896840e-01 5.740000e-03 3.045760e-01
207 6.888240e-01 5.548000e-03 3.056280e-01
208 6.878760e-01 5.588000e-03 3.065360e-01
209 6.867920e-01 5.716000e-03 3.074920e-01
210 6.857880e-01 5.628000e-03 3.085840e-01
211 6.846320e-01 5.852000e-03 3.095160e-01
212 6.836000e-01 5.808000e-03 3.105920e-01
213 6.824600e-01 6.004000e-03 3.115360e-01
214 6.813400e-01 6.044000e-03 3.126160e-01
215 6.801520e-01 6.108000e-03 3.137400e-01
216 6.788440e-01 6.360000e-03 3.147960e-01
217 6.777040e-01 6.304000e-03 3.159920e-01
218 6.764800e-01 6.476000e-03 3.170440e-01
219 6.753400e-01 6.480000e-03 3.181800e-01
220 6.742240e-01 6.412000e-03 3.193640e-01
221 6.729640e-01 6.600000e-03 3.204360e-01
222 6.719160e-01 6.516000e-03 3.215680e-01
223 6.707640e-01 6.488000e-03 3.227480e-01
224 6.696440e-01 6.456000e-03 3.239000e-01
225 6.685680e-01 6.300000e-03 3.251320e-01
226 6.675560e-01 6.232000e-03 3.262120e-01
227 6.664520e-01 6.280000e-03 3.272680e-01
228 6.654760e-01 6.160000e-03 3.283640e-01
229 6.644760e-01 6.040000e-03 3.294840e-01
230 6.635240e-01 5.948000e-03 3.305280e-01
231 6.626120e-01 5.792000e-03 3.315960e-01
232 6.616640e-01 5.708000e-03 3.326280e-01
233 6.606320e-01 5.800000e-03 3.335680e-01
234 6.595960e-01 5.840000e-03 3.345640e-01
235 6.586600e-01 5.832000e-03 3.355080e-01
236 6.578480e-01 5.548000e-03 3.366040e-01
237 6.569440e-01 5.580000e-03 3.374760e-01
238 6.560840e-01 5.492000e-03 3.384240e-01
239 6.553280e-01 5.320000e-03 3.393520e-01
240 6.544400e-01 5.256000e-03 3.403040e-01
241 6.536680e-01 5.060000e-03 3.412720e-01
242 6.528320e-01 5.080000e-03 3.420880e-01
243 6.521760e-01 4.924000e-03 3.429000e-01
244 6.513520e-01 4.888000e-03 3.437600e-01
245 6.505280e-01 4.920000e-03 3.445520e-01
246 6.496760e-01 4.936000e-03 3.453880e-01
247 6.488320e-01 4.904000e-03 3.462640e-01
248 6.479720e-01 4.828000e-03 3.472000e-01
249 6.471840e-01 4.708000e-03 3.481080e-01
250 6.465560e-01 4.492000e-03 3.489520e-01
251 6.458200e-01 4.328000e-03 3.498520e-01
252 6.451880e-01 4.184000e-03 3.506280e-01
253 6.444960e-01 4.124000e-03 3.513800e-01
254 6.437480e-01 4.112000e-03 3.521400e-01
255 6.429920e-01 4.092000e-03 3.529160e-01
256 6.422920e-01 4.128000e-03 3.535800e-01
257 6.415840e-01 4.168000e-03 3.542480e-01
258 6.408600e-01 4.172000e-03 3.549680e-01
259 6.401640e-01 4.128000e-03 3.557080e-01
260 6.394960e-01 4.000000e-03 3.565040e-01
261 6.387720e-01 4.000000e-03 3.572280e-01
262 6.381000e-01 4.016000e-03 3.578840e-01
263 6.373080e-01 4.164000e-03 3.585280e-01
264 6.366520e-01 4.140000e-03 3.592080e-01
265 6.359120e-01 4.176000e-03 3.599120e-01
266 6.351600e-01 4.108000e-03 3.607320e-01
267 6.344520e-01 4.140000e-03 3.614080e-01
268 6.337360e-01 4.156000e-03 3.621080e-01
269 6.329600e-01 4.184000e-03 3.628560e-01
270 6.322520e-01 4.164000e-03 3.635840e-01
271 6.315040e-01 4.236000e-03 3.642600e-01
272 6.307440e-01 4.336000e-03 3.649200e-01
273 6.300200e-01 4.352000e-03 3.656280e-01
274 6.292920e-01 4.328000e-03 3.663800e-01
275 6.284280e-01 4.320000e-03 3.672520e-01
276 6.276680e-01 4.328000e-03 3.680040e-01
277 6.269080e-01 4.272000e-03 3.688200e-01
278 6.262640e-01 4.196000e-03 3.695400e-01
279 6.256160e-01 4.104000e-03 3.702800e-01
280 6.249560e-01 3.992000e-03 3.710520e-01
281 6.244000e-01 3.736000e-03 3.718640e-01
282 6.238520e-01 3.552000e-03 3.725960e-01
283 6.233280e-01 3.408000e-03 3.732640e-01
284 6.228120e-01 3.332000e-03 3.738560e-01
285 6.223800e-01 3.160000e-03 3.744600e-01
286 6.218840e-01 3.148000e-03 3.749680e-01
287 6.214800e-01 2.976000e-03 3.755440e-01
288 6.210600e-01 2.904000e-03 3.760360e-01
289 6.206200e-01 2.836000e-03 3.765440e-01
290 6.201400e-01 2.860000e-03 3.770000e-01
291 6.195760e-01 2.912000e-03 3.775120e-01
292 6.191080e-01 2.828000e-03 3.780640e-01
293 6.186520e-01 2.700000e-03 3.786480e-01
294 6.181680e-01 2.660000e-03 3.791720e-01
295 6.178400e-01 2.524000e-03 3.796360e-01
296 6.174400e-01 2.488000e-03 3.800720e-01
297 6.169960e-01 2.456000e-03 3.805480e-01
298 6.164840e-01 2.560000e-03 3.809560e-01
299 6.159840e-01 2.652000e-03 3.813640e-01
300 6.154440e-01 2.776000e-03 3.817800e-01
301 6.150240e-01 2.772000e-03 3.822040e-01
302 6.145560e-01 2.632000e-03 3.828120e-01
303 6.142200e-01 2.492000e-03 3.832880e-01
304 6.138880e-01 2.356000e-03 3.837560e-01
305 6.134840e-01 2.360000e-03 3.841560e-01
306 6.131400e-01 2.264000e-03 3.845960e-01
307 6.127520e-01 2.264000e-03 3.849840e-01
308 6.124120e-01 2.172000e-03 3.854160e-01
309 6.121760e-01 2.032000e-03 3.857920e-01
310 6.119360e-01 1.924000e-03 3.861400e-01
311 6.115520e-01 1.988000e-03 3.864600e-01
312 6.112520e-01 1.976000e-03 3.867720e-01
313 6.109720e-01 1.892000e-03 3.871360e-01
314 6.106440e-01 1.888000e-03 3.874680e-01
315 6.103760e-01 1.852000e-03 3.877720e-01
316 6.100640e-01 1.828000e-03 3.881080e-01
317 6.097960e-01 1.736000e-03 3.884680e-01
318 6.095160e-01 1.704000e-03 3.887800e-01
319 6.092280e-01 1.636000e-03 3.891360e-01
320 6.089520e-01 1.624000e-03 3.894240e-01
321 6.087040e-01 1.616000e-03 3.896800e-01
322 6.083800e-01 1.624000e-03 3.899960e-01
323 6.080680e-01 1.652000e-03 3.902800e-01
324 6.077880e-01 1.652000e-03 3.905600e-01
325 6.074120e-01 1.776000e-03 3.908120e-01
326 6.071200e-01 1.804000e-03 3.910760e-01
327 6.067680e-01 1.880000e-03 3.913520e-01
328 6.064360e-01 1.940000e-03 3.916240e-01
329 6.061000e-01 1.976000e-03 3.919240e-01
330 6.057760e-01 1.924000e-03 3.923000e-01
331 6.054520e-01 1.880000e-03 3.926680e-01
332 6.051160e-01 1.904000e-03 3.929800e-01
333 6.048120e-01 1.864000e-03 3.933240e-01
334 6.044920e-01 1.828000e-03 3.936800e-01
335 6.042280e-01 1.800000e-03 3.939720e-01
336 6.039000e-01 1.816000e-03 3.942840e-01
337 6.036480e-01 1.752000e-03 3.946000e-01
338 6.034040e-01 1.672000e-03 3.949240e-01
339 6.031520e-01 1.632000e-03 3.952160e-01
340 6.028880e-01 1.652000e-03 3.954600e-01
341 6.025920e-01 1.664000e-03 3.957440e-01
342 6.023560e-01 1.576000e-03 3.960680e-01
343 6.021280e-01 1.504000e-03 3.963680e-01
344 6.018640e-01 1.528000e-03 3.966080e-01
345 6.016280e-01 1.472000e-03 3.969000e-01
346 6.013480e-01 1.516000e-03 3.971360e-01
347 6.011800e-01 1.420000e-03 3.974000e-01
348 6.009840e-01 1.332000e-03 3.976840e-01
349 6.007480e-01 1.324000e-03 3.979280e-01
350 6.005040e-01 1.308000e-03 3.981880e-01
351 6.002680e-01 1.336000e-03 3.983960e-01
352 6.000480e-01 1.312000e-03 3.986400e-01
353 5.997880e-01 1.356000e-03 3.988560e-01
354 5.995280e-01 1.384000e-03 3.990880e-01
355 5.993080e-01 1.384000e-03 3.993080e-01
356 5.991160e-01 1.284000e-03 3.996000e-01
357 5.989000e-01 1.296000e-03 3.998040e-01
358 5.986320e-01 1.352000e-03 4.000160e-01
359 5.983800e-01 1.384000e-03 4.002360e-01
360 5.981920e-01 1.320000e-03 4.004880e-01
361 5.979760e-01 1.288000e-03 4.007360e-01
362 5.977640e-01 1.260000e-03 4.009760e-01
363 5.975520e-01 1.268000e-03 4.011800e-01
364 5.973800e-01 1.216000e-03 4.014040e-01
365 5.971880e-01 1.184000e-03 4.016280e-01
366 5.969560e-01 1.148000e-03 4.018960e-01
367 5.967400e-01 1.140000e-03 4.021200e-01
368 5.965280e-01 1.136000e-03 4.023360e-01
369 5.963280e-01 1.096000e-03 4.025760e-01
370 5.961440e-01 1.068000e-03 4.027880e-01
371 5.959520e-01 1.100000e-03 4.029480e-01
372 5.957680e-01 1.064000e-03 4.031680e-01
373 5.955240e-01 1.056000e-03 4.034200e-01
374 5.952600e-01 1.104000e-03 4.036360e-01
375 5.950520e-01 1.128000e-03 4.038200e-01
376 5.948520e-01 1.128000e-03 4.040200e-01
377 5.946720e-01 1.080000e-03 4.042480e-01
378 5.944800e-01 1.096000e-03 4.044240e-01
379 5.942960e-01 1.088000e-03 4.046160e-01
380 5.941720e-01 1.016000e-03 4.048120e-01
381 5.939920e-01 1.040000e-03 4.049680e-01
382 5.938480e-01 9.880000e-04 4.051640e-01
383 5.937440e-01 9.200000e-04 4.053360e-01
384 5.935560e-01 9.360000e-04 4.055080e-01
385 5.934160e-01 8.840000e-04 4.057000e-01
386 5.932360e-01 9.320000e-04 4.058320e-01
387 5.931080e-01 8.520000e-04 4.060400e-01
388 5.929560e-01 8.520000e-04 4.061920e-01
389 5.928320e-01 8.360000e-04 4.063320e-01
390 5.926440e-01 8.760000e-04 4.064800e-01
391 5.924120e-01 9.200000e-04 4.066680e-01
392 5.921840e-01 1.024000e-03 4.067920e-01
393 5.919240e-01 1.108000e-03 4.069680e-01
394 5.916560e-01 1.156000e-03 4.071880e-01
395 5.914120e-01 1.200000e-03 4.073880e-01
396 5.912480e-01 1.160000e-03 4.075920e-01
397 5.910440e-01 1.152000e-03 4.078040e-01
398 5.908520e-01 1.128000e-03 4.080200e-01
399 5.906200e-01 1.164000e-03 4.082160e-01
400 5.904240e-01 1.140000e-03 4.084360e-01
401 5.902240e-01 1.148000e-03 4.086280e-01
402 5.900360e-01 1.112000e-03 4.088520e-01
403 5.898640e-01 1.100000e-03 4.090360e-01
404 5.896680e-01 1.076000e-03 4.092560e-01
405 5.895040e-01 1.024000e-03 4.094720e-01
406 5.893480e-01 1.032000e-03 4.096200e-01
407 5.891760e-01 1.008000e-03 4.098160e-01
408 5.889880e-01 1.044000e-03 4.099680e-01
409 5.888120e-01 1.012000e-03 4.101760e-01
410 5.886480e-01 1.004000e-03 4.103480e-01
411 5.884440e-01 1.072000e-03 4.104840e-01
412 5.882720e-01 1.040000e-03 4.106880e-01
413 5.880360e-01 1.096000e-03 4.108680e-01
414 5.878640e-01 1.080000e-03 4.110560e-01
415 5.876680e-01 1.084000e-03 4.112480e-01
416 5.874800e-01 1.096000e-03 4.114240e-01
417 5.873000e-01 1.084000e-03 4.116160e-01
418 5.870880e-01 1.116000e-03 4.117960e-01
419 5.869280e-01 1.088000e-03 4.119840e-01
420 5.867120e-01 1.132000e-03 4.121560e-01
421 5.865480e-01 1.120000e-03 4.123320e-01
422 5.863400e-01 1.108000e-03 4.125520e-01
423 5.861440e-01 1.128000e-03 4.127280e-01
424 5.859960e-01 1.100000e-03 4.129040e-01
425 5.858000e-01 1.104000e-03 4.130960e-01
426 5.856360e-01 1.092000e-03 4.132720e-01
427 5.854280e-01 1.124000e-03 4.134480e-01
428 5.852800e-01 1.100000e-03 4.136200e-01
429 5.851240e-01 1.112000e-03 4.137640e-01
430 5.849720e-01 1.096000e-03 4.139320e-01
431 5.848000e-01 1.076000e-03 4.141240e-01
432 5.846120e-01 1.052000e-03 4.143360e-01
433 5.844640e-01 9.920000e-04 4.145440e-01
434 5.842360e-01 1.076000e-03 4.146880e-01
435 5.840320e-01 1.088000e-03 4.148800e-01
436 5.838480e-01 1.092000e-03 4.150600e-01
437 5.836440e-01 1.140000e-03 4.152160e-01
438 5.834840e-01 1.076000e-03 4.154400e-01
439 5.833240e-01 9.920000e-04 4.156840e-01
440 5.831360e-01 9.360000e-04 4.159280e-01
441 5.829760e-01 9.520000e-04 4.160720e-01
442 5.828720e-01 9.160000e-04 4.162120e-01
443 5.827400e-01 8.800000e-04 4.163800e-01
444 5.825800e-01 8.520000e-04 4.165680e-01
445 5.824320e-01 8.680000e-04 4.167000e-01
446 5.822440e-01 9.240000e-04 4.168320e-01
447 5.820840e-01 9.600000e-04 4.169560e-01
448 5.819280e-01 9.800000e-04 4.170920e-01
449 5.817440e-01 9.840000e-04 4.172720e-01
450 5.815120e-01 1.040000e-03 4.174480e-01
451 5.813720e-01 1.004000e-03 4.176240e-01
452 5.812000e-01 9.720000e-04 4.178280e-01
453 5.810400e-01 9.640000e-04 4.179960e-01
454 5.808680e-01 1.004000e-03 4.181280e-01
455 5.806680e-01 1.044000e-03 4.182880e-01
456 5.805080e-01 1.032000e-03 4.184600e-01
457 5.802840e-01 1.080000e-03 4.186360e-01
458 5.800640e-01 1.104000e-03 4.188320e-01
459 5.798560e-01 1.152000e-03 4.189920e-01
460 5.796680e-01 1.148000e-03 4.191840e-01
461 5.795480e-01 1.028000e-03 4.194240e-01
462 5.793880e-01 1.028000e-03 4.195840e-01
463 5.792320e-01 9.880000e-04 4.197800e-01
464 5.790720e-01 1.004000e-03 4.199240e-01
465 5.789200e-01 9.760000e-04 4.201040e-01
466 5.787560e-01 9.800000e-04 4.202640e-01
467 5.786400e-01 9.520000e-04 4.204080e-01
468 5.784920e-01 9.560000e-04 4.205520e-01
469 5.783720e-01 8.920000e-04 4.207360e-01
470 5.782240e-01 8.760000e-04 4.209000e-01
471 5.780840e-01 8.320000e-04 4.210840e-01
472 5.779360e-01 8.600000e-04 4.212040e-01
473 5.777880e-01 9.040000e-04 4.213080e-01
474 5.776920e-01 8.480000e-04 4.214600e-01
475 5.775960e-01 7.920000e-04 4.216120e-01
476 5.774360e-01 8.040000e-04 4.217600e-01
477 5.773240e-01 7.520000e-04 4.219240e-01
478 5.771240e-01 8.360000e-04 4.220400e-01
479 5.769920e-01 8.320000e-04 4.221760e-01
480 5.768800e-01 8.000000e-04 4.223200e-01
481 5.767960e-01 7.720000e-04 4.224320e-01
482 5.766680e-01 7.960000e-04 4.225360e-01
483 5.765280e-01 8.080000e-04 4.226640e-01
484 5.764120e-01 8.120000e-04 4.227760e-01
485 5.762360e-01 8.760000e-04 4.228880e-01
486 5.761000e-01 8.880000e-04 4.230120e-01
487 5.759440e-01 8.600000e-04 4.231960e-01
488 5.757840e-01 9.160000e-04 4.233000e-01
489 5.756520e-01 9.160000e-04 4.234320e-01
490 5.755320e-01 9.040000e-04 4.235640e-01
491 5.753840e-01 8.760000e-04 4.237400e-01
492 5.752280e-01 8.800000e-04 4.238920e-01
493 5.750720e-01 8.760000e-04 4.240520e-01
494 5.749520e-01 8.360000e-04 4.242120e-01
495 5.748120e-01 7.920000e-04 4.243960e-01
496 5.746440e-01 8.000000e-04 4.245560e-01
497 5.745320e-01 7.520000e-04 4.247160e-01
498 5.744400e-01 7.080000e-04 4.248520e-01
499 5.742840e-01 7.400000e-04 4.249760e-01
500 5.741080e-01 7.920000e-04 4.251000e-01
