1 9.991640e-01 7.360000e-04 1.000000e-04
2 9.985720e-01 1.172000e-03 2.560000e-04
3 9.978680e-01 1.604000e-03 5.280000e-04
4 9.971240e-01 2.040000e-03 8.360000e-04
5 9.963360e-01 2.424000e-03 1.240000e-03
6 9.956400e-01 2.616000e-03 1.744000e-03
7 9.947240e-01 3.096000e-03 2.180000e-03
8 9.937560e-01 3.520000e-03 2.724000e-03
9 9.928360e-01 3.812000e-03 3.352000e-03
10 9.918080e-01 4.204000e-03 3.988000e-03
11 9.908960e-01 4.276000e-03 4.828000e-03
12 9.898520e-01 4.460000e-03 5.688000e-03
13 9.887720e-01 4.772000e-03 6.456000e-03
14 9.875880e-01 5.088000e-03 7.324000e-03
15 9.863600e-01 5.460000e-03 8.180000e-03
16 9.850840e-01 5.676000e-03 9.240000e-03
17 9.839920e-01 5.684000e-03 1.032400e-02
18 9.828080e-01 5.824000e-03 1.136800e-02
19 9.816200e-01 6.024000e-03 1.235600e-02
20 9.804280e-01 6.276000e-03 1.329600e-02
21 9.790880e-01 6.548000e-03 1.436400e-02
22 9.777560e-01 6.772000e-03 1.547200e-02
23 9.765560e-01 6.656000e-03 1.678800e-02
24 9.751800e-01 6.928000e-03 1.789200e-02
25 9.737320e-01 7.212000e-03 1.905600e-02
26 9.723120e-01 7.348000e-03 2.034000e-02
27 9.709160e-01 7.364000e-03 2.172000e-02
28 9.695120e-01 7.416000e-03 2.307200e-02
29 9.681080e-01 7.532000e-03 2.436000e-02
30 9.666360e-01 7.800000e-03 2.556400e-02
31 9.652520e-01 7.804000e-03 2.694400e-02
32 9.638440e-01 7.876000e-03 2.828000e-02
33 9.623040e-01 7.996000e-03 2.970000e-02
34 9.608560e-01 8.024000e-03 3.112000e-02
35 9.593920e-01 7.984000e-03 3.262400e-02
36 9.579960e-01 8.016000e-03 3.398800e-02
37 9.565080e-01 7.996000e-03 3.549600e-02
38 9.552000e-01 7.996000e-03 3.680400e-02
39 9.535720e-01 8.160000e-03 3.826800e-02
40 9.521200e-01 8.056000e-03 3.982400e-02
41 9.506720e-01 8.096000e-03 4.123200e-02
42 9.491320e-01 8.212000e-03 4.265600e-02
43 9.475320e-01 8.336000e-03 4.413200e-02
44 9.460080e-01 8.344000e-03 4.564800e-02
45 9.444240e-01 8.512000e-03 4.706400e-02
46 9.426960e-01 8.768000e-03 4.853600e-02
47 9.410600e-01 8.928000e-03 5.001200e-02
48 9.394920e-01 9.016000e-03 5.149200e-02
49 9.378880e-01 9.072000e-03 5.304000e-02
50 9.362480e-01 9.112000e-03 5.464000e-02
51 9.346200e-01 9.032000e-03 5.634800e-02
52 9.329800e-01 9.000000e-03 5.802000e-02
53 9.311840e-01 9.200000e-03 5.961600e-02
54 9.296400e-01 9.008000e-03 6.135200e-02
55 9.280000e-01 9.220000e-03 6.278000e-02
56 9.264080e-01 9.216000e-03 6.437600e-02
57 9.248960e-01 8.980000e-03 6.612400e-02
58 9.232080e-01 8.944000e-03 6.784800e-02
59 9.215240e-01 9.028000e-03 6.944800e-02
60 9.198280e-01 9.092000e-03 7.108000e-02
61 9.182280e-01 9.096000e-03 7.267600e-02
62 9.166440e-01 9.152000e-03 7.420400e-02
63 9.149840e-01 9.148000e-03 7.586800e-02
64 9.133680e-01 9.132000e-03 7.750000e-02
65 9.117160e-01 9.080000e-03 7.920400e-02
66 9.102000e-01 9.024000e-03 8.077600e-02
67 9.086000e-01 9.148000e-03 8.225200e-02
68 9.067000e-01 9.396000e-03 8.390400e-02
69 9.049960e-01 9.400000e-03 8.560400e-02
70 9.033640e-01 9.456000e-03 8.718000e-02
71 9.016280e-01 9.512000e-03 8.886000e-02
72 8.998560e-01 9.496000e-03 9.064800e-02
73 8.980320e-01 9.708000e-03 9.226000e-02
74 8.962720e-01 9.764000e-03 9.396400e-02
75 8.945040e-01 9.924000e-03 9.557200e-02
76 8.928280e-01 9.896000e-03 9.727600e-02
77 8.910560e-01 9.896000e-03 9.904800e-02
78 8.893520e-01 9.860000e-03 1.007880e-01
79 8.876960e-01 9.828000e-03 1.024760e-01
80 8.859240e-01 9.920000e-03 1.041560e-01
81 8.839960e-01 1.016800e-02 1.058360e-01
82 8.820560e-01 1.039200e-02 1.075520e-01
83 8.803080e-01 1.037600e-02 1.093160e-01
84 8.782960e-01 1.051600e-02 1.111880e-01
85 8.764240e-01 1.052800e-02 1.130480e-01
86 8.745840e-01 1.048800e-02 1.149280e-01
87 8.726320e-01 1.069200e-02 1.166760e-01
88 8.706880e-01 1.083600e-02 1.184760e-01
89 8.686840e-01 1.078400e-02 1.205320e-01
90 8.668920e-01 1.086400e-02 1.222440e-01
91 8.649720e-01 1.101200e-02 1.240160e-01
92 8.629840e-01 1.109200e-02 1.259240e-01
93 8.609760e-01 1.121600e-02 1.278080e-01
94 8.589920e-01 1.128800e-02 1.297200e-01
95 8.572960e-01 1.094000e-02 1.317640e-01
96 8.555200e-01 1.083200e-02 1.336480e-01
97 8.538920e-01 1.052000e-02 1.355880e-01
98 8.521240e-01 1.040800e-02 1.374680e-01
99 8.504040e-01 1.032800e-02 1.392680e-01
100 8.487400e-01 1.019600e-02 1.410640e-01
101 8.469840e-01 1.019200e-02 1.428240e-01
102 8.451920e-01 1.022400e-02 1.445840e-01
103 8.433920e-01 1.024000e-02 1.463680e-01
104 8.416720e-01 1.024400e-02 1.480840e-01
105 8.398920e-01 1.026800e-02 1.498400e-01
106 8.382520e-01 1.007200e-02 1.516760e-01
107 8.365960e-01 9.856000e-03 1.535480e-01
108 8.347920e-01 9.904000e-03 1.553040e-01
109 8.331400e-01 9.816000e-03 1.570440e-01
110 8.314800e-01 9.700000e-03 1.588200e-01
111 8.299520e-01 9.596000e-03 1.604520e-01
112 8.285720e-01 9.388000e-03 1.620400e-01
113 8.271240e-01 9.164000e-03 1.637120e-01
114 8.256400e-01 9.032000e-03 1.653280e-01
115 8.243120e-01 8.900000e-03 1.667880e-01
116 8.229080e-01 8.820000e-03 1.682720e-01
117 8.215000e-01 8.872000e-03 1.696280e-01
118 8.199600e-01 8.852000e-03 1.711880e-01
119 8.184240e-01 8.960000e-03 1.726160e-01
120 8.169760e-01 8.944000e-03 1.740800e-01
121 8.153440e-01 8.924000e-03 1.757320e-01
122 8.139640e-01 8.796000e-03 1.772400e-01
123 8.123280e-01 8.808000e-03 1.788640e-01
124 8.108400e-01 8.716000e-03 1.804440e-01
125 8.094880e-01 8.456000e-03 1.820560e-01
126 8.080120e-01 8.544000e-03 1.834440e-01
127 8.067800e-01 8.336000e-03 1.848840e-01
128 8.053320e-01 8.292000e-03 1.863760e-01
129 8.039200e-01 8.148000e-03 1.879320e-01
130 8.025920e-01 8.052000e-03 1.893560e-01
131 8.011760e-01 7.980000e-03 1.908440e-01
132 7.998080e-01 7.968000e-03 1.922240e-01
133 7.982880e-01 8.080000e-03 1.936320e-01
134 7.968000e-01 8.156000e-03 1.950440e-01
135 7.953440e-01 8.236000e-03 1.964200e-01
136 7.939360e-01 8.252000e-03 1.978120e-01
137 7.925600e-01 8.232000e-03 1.992080e-01
138 7.910600e-01 8.180000e-03 2.007600e-01
139 7.896600e-01 8.072000e-03 2.022680e-01
140 7.882960e-01 8.048000e-03 2.036560e-01
141 7.867600e-01 8.200000e-03 2.050400e-01
142 7.852720e-01 8.220000e-03 2.065080e-01
143 7.838080e-01 8.292000e-03 2.079000e-01
144 7.823160e-01 8.312000e-03 2.093720e-01
145 7.809960e-01 8.252000e-03 2.107520e-01
146 7.796160e-01 8.292000e-03 2.120920e-01
147 7.782240e-01 8.196000e-03 2.135800e-01
148 7.769200e-01 8.180000e-03 2.149000e-01
149 7.755680e-01 8.152000e-03 2.162800e-01
150 7.742280e-01 8.076000e-03 2.176960e-01
151 7.729360e-01 7.848000e-03 2.192160e-01
152 7.716800e-01 7.736000e-03 2.205840e-01
153 7.704960e-01 7.568000e-03 2.219360e-01
154 7.693080e-01 7.416000e-03 2.232760e-01
155 7.680840e-01 7.316000e-03 2.246000e-01
156 7.668560e-01 7.284000e-03 2.258600e-01
157 7.655960e-01 7.312000e-03 2.270920e-01
158 7.643640e-01 7.116000e-03 2.285200e-01
159 7.631880e-01 6.980000e-03 2.298320e-01
160 7.619480e-01 6.932000e-03 2.311200e-01
161 7.606760e-01 6.960000e-03 2.323640e-01
162 7.594080e-01 6.948000e-03 2.336440e-01
163 7.583120e-01 6.860000e-03 2.348280e-01
164 7.571880e-01 6.744000e-03 2.360680e-01
165 7.558480e-01 6.928000e-03 2.372240e-01
166 7.546560e-01 6.984000e-03 2.383600e-01
167 7.534920e-01 7.036000e-03 2.394720e-01
168 7.524600e-01 6.820000e-03 2.407200e-01
169 7.514440e-01 6.604000e-03 2.419520e-01
170 7.504800e-01 6.468000e-03 2.430520e-01
171 7.495520e-01 6.220000e-03 2.442280e-01
172 7.486240e-01 6.036000e-03 2.453400e-01
173 7.476000e-01 5.976000e-03 2.464240e-01
174 7.464800e-01 6.184000e-03 2.473360e-01
175 7.454840e-01 6.044000e-03 2.484720e-01
176 7.443760e-01 6.132000e-03 2.494920e-01
177 7.432600e-01 6.064000e-03 2.506760e-01
178 7.421040e-01 6.180000e-03 2.517160e-01
179 7.410600e-01 6.080000e-03 2.528600e-01
180 7.399000e-01 6.248000e-03 2.538520e-01
181 7.386960e-01 6.396000e-03 2.549080e-01
182 7.376680e-01 6.364000e-03 2.559680e-01
183 7.365960e-01 6.352000e-03 2.570520e-01
184 7.354520e-01 6.312000e-03 2.582360e-01
185 7.343160e-01 6.356000e-03 2.593280e-01
186 7.333520e-01 6.208000e-03 2.604400e-01
187 7.324240e-01 6.044000e-03 2.615320e-01
188 7.312720e-01 6.088000e-03 2.626400e-01
189 7.302840e-01 5.944000e-03 2.637720e-01
190 7.292560e-01 5.928000e-03 2.648160e-01
191 7.282160e-01 5.884000e-03 2.659000e-01
192 7.272440e-01 5.772000e-03 2.669840e-01
193 7.263000e-01 5.764000e-03 2.679360e-01
194 7.251280e-01 5.976000e-03 2.688960e-01
195 7.240120e-01 6.028000e-03 2.699600e-01
196 7.229760e-01 5.964000e-03 2.710600e-01
197 7.219520e-01 5.908000e-03 2.721400e-01
198 7.209480e-01 5.872000e-03 2.731800e-01
199 7.199040e-01 5.828000e-03 2.742680e-01
200 7.187000e-01 6.096000e-03 2.752040e-01
201 7.175720e-01 6.140000e-03 2.762880e-01
202 7.163520e-01 6.204000e-03 2.774440e-01
203 7.152880e-01 6.196000e-03 2.785160e-01
204 7.141200e-01 6.256000e-03 2.796240e-01
205 7.130040e-01 6.268000e-03 2.807280e-01
206 7.118760e-01 6.368000e-03 2.817560e-01
207 7.107560e-01 6.424000e-03 2.828200e-01
208 7.097440e-01 6.296000e-03 2.839600e-01
209 7.086480e-01 6.264000e-03 2.850880e-01
210 7.075360e-01 6.292000e-03 2.861720e-01
211 7.064200e-01 6.248000e-03 2.873320e-01
212 7.052680e-01 6.280000e-03 2.884520e-01
213 7.041560e-01 6.244000e-03 2.896000e-01
214 7.030600e-01 6.372000e-03 2.905680e-01
215 7.020960e-01 6.240000e-03 2.916640e-01
216 7.011400e-01 6.120000e-03 2.927400e-01
217 7.002160e-01 6.020000e-03 2.937640e-01
218 6.993120e-01 5.924000e-03 2.947640e-01
219 6.982520e-01 5.996000e-03 2.957520e-01
220 6.973080e-01 5.948000e-03 2.967440e-01
221 6.964600e-01 5.880000e-03 2.976600e-01
222 6.955840e-01 5.704000e-03 2.987120e-01
223 6.946440e-01 5.564000e-03 2.997920e-01
224 6.935320e-01 5.596000e-03 3.008720e-01
225 6.925760e-01 5.668000e-03 3.017560e-01
226 6.916600e-01 5.784000e-03 3.025560e-01
227 6.906360e-01 5.832000e-03 3.035320e-01
228 6.896200e-01 5.916000e-03 3.044640e-01
229 6.885680e-01 5.880000e-03 3.055520e-01
230 6.875480e-01 5.836000e-03 3.066160e-01
231 6.866200e-01 5.724000e-03 3.076560e-01
232 6.856480e-01 5.664000e-03 3.086880e-01
233 6.847040e-01 5.600000e-03 3.096960e-01
234 6.836520e-01 5.596000e-03 3.107520e-01
235 6.826560e-01 5.600000e-03 3.117440e-01
236 6.817920e-01 5.556000e-03 3.126520e-01
237 6.809040e-01 5.432000e-03 3.136640e-01
238 6.800440e-01 5.404000e-03 3.145520e-01
239 6.791320e-01 5.324000e-03 3.155440e-01
240 6.782600e-01 5.260000e-03 3.164800e-01
241 6.773600e-01 5.236000e-03 3.174040e-01
242 6.763360e-01 5.268000e-03 3.183960e-01
243 6.754920e-01 5.176000e-03 3.193320e-01
244 6.745240e-01 5.180000e-03 3.202960e-01
245 6.736760e-01 5.112000e-03 3.212120e-01
246 6.729760e-01 4.912000e-03 3.221120e-01
247 6.721960e-01 4.820000e-03 3.229840e-01
248 6.713160e-01 4.864000e-03 3.238200e-01
249 6.704440e-01 4.904000e-03 3.246520e-01
250 6.694320e-01 5.004000e-03 3.255640e-01
251 6.685320e-01 5.020000e-03 3.264480e-01
252 6.676360e-01 4.968000e-03 3.273960e-01
253 6.667320e-01 5.012000e-03 3.282560e-01
254 6.657960e-01 5.108000e-03 3.290960e-01
255 6.648840e-01 5.164000e-03 3.299520e-01
256 6.641000e-01 5.020000e-03 3.308800e-01
257 6.632960e-01 4.952000e-03 3.317520e-01
258 6.624120e-01 4.984000e-03 3.326040e-01
259 6.615600e-01 4.992000e-03 3.334480e-01
260 6.607000e-01 4.884000e-03 3.344160e-01
261 6.599200e-01 4.788000e-03 3.352920e-01
262 6.591280e-01 4.736000e-03 3.361360e-01
263 6.584120e-01 4.652000e-03 3.369360e-01
264 6.577080e-01 4.624000e-03 3.376680e-01
265 6.569520e-01 4.496000e-03 3.385520e-01
266 6.561800e-01 4.488000e-03 3.393320e-01
267 6.554800e-01 4.476000e-03 3.400440e-01
268 6.547440e-01 4.456000e-03 3.408000e-01
269 6.538800e-01 4.564000e-03 3.415560e-01
270 6.531800e-01 4.516000e-03 3.423040e-01
271 6.524040e-01 4.520000e-03 3.430760e-01
272 6.516760e-01 4.536000e-03 3.437880e-01
273 6.509000e-01 4.428000e-03 3.446720e-01
274 6.501160e-01 4.476000e-03 3.454080e-01
275 6.494000e-01 4.416000e-03 3.461840e-01
276 6.487560e-01 4.288000e-03 3.469560e-01
277 6.481480e-01 4.060000e-03 3.477920e-01
278 6.476000e-01 3.924000e-03 3.484760e-01
279 6.469800e-01 3.916000e-03 3.491040e-01
280 6.463920e-01 3.760000e-03 3.498480e-01
281 6.457960e-01 3.748000e-03 3.504560e-01
282 6.451520e-01 3.692000e-03 3.511560e-01
283 6.446360e-01 3.564000e-03 3.518000e-01
284 6.441200e-01 3.412000e-03 3.524680e-01
285 6.435280e-01 3.380000e-03 3.530920e-01
286 6.428880e-01 3.444000e-03 3.536680e-01
287 6.422480e-01 3.536000e-03 3.542160e-01
288 6.416240e-01 3.596000e-03 3.547800e-01
289 6.409400e-01 3.696000e-03 3.553640e-01
290 6.402720e-01 3.780000e-03 3.559480e-01
291 6.396080e-01 3.768000e-03 3.566240e-01
292 6.388840e-01 3.864000e-03 3.572520e-01
293 6.383360e-01 3.684000e-03 3.579800e-01
294 6.377920e-01 3.664000e-03 3.585440e-01
295 6.372240e-01 3.560000e-03 3.592160e-01
296 6.366720e-01 3.492000e-03 3.598360e-01
297 6.361320e-01 3.416000e-03 3.604520e-01
298 6.355320e-01 3.424000e-03 3.610440e-01
299 6.349440e-01 3.376000e-03 3.616800e-01
300 6.343440e-01 3.380000e-03 3.622760e-01
301 6.337440e-01 3.444000e-03 3.628120e-01
302 6.330440e-01 3.588000e-03 3.633680e-01
303 6.324160e-01 3.540000e-03 3.640440e-01
304 6.317960e-01 3.496000e-03 3.647080e-01
305 6.312960e-01 3.340000e-03 3.653640e-01
306 6.307640e-01 3.332000e-03 3.659040e-01
307 6.301720e-01 3.396000e-03 3.664320e-01
308 6.296400e-01 3.372000e-03 3.669880e-01
309 6.290240e-01 3.428000e-03 3.675480e-01
310 6.285120e-01 3.304000e-03 3.681840e-01
311 6.280280e-01 3.236000e-03 3.687360e-01
312 6.274600e-01 3.240000e-03 3.693000e-01
313 6.268480e-01 3.236000e-03 3.699160e-01
314 6.263000e-01 3.240000e-03 3.704600e-01
315 6.258440e-01 3.028000e-03 3.711280e-01
316 6.254120e-01 2.928000e-03 3.716600e-01
317 6.249440e-01 2.792000e-03 3.722640e-01
318 6.244080e-01 2.876000e-03 3.727160e-01
319 6.239720e-01 2.820000e-03 3.732080e-01
320 6.235120e-01 2.760000e-03 3.737280e-01
321 6.230440e-01 2.820000e-03 3.741360e-01
322 6.225720e-01 2.816000e-03 3.746120e-01
323 6.220880e-01 2.844000e-03 3.750680e-01
324 6.215600e-01 2.824000e-03 3.756160e-01
325 6.211280e-01 2.812000e-03 3.760600e-01
326 6.206600e-01 2.716000e-03 3.766240e-01
327 6.201840e-01 2.780000e-03 3.770360e-01
328 6.196800e-01 2.824000e-03 3.774960e-01
329 6.192080e-01 2.820000e-03 3.779720e-01
330 6.187840e-01 2.776000e-03 3.784400e-01
331 6.183400e-01 2.772000e-03 3.788880e-01
332 6.179320e-01 2.740000e-03 3.793280e-01
333 6.173280e-01 2.848000e-03 3.798240e-01
334 6.168120e-01 2.884000e-03 3.803040e-01
335 6.163640e-01 2.788000e-03 3.808480e-01
336 6.158920e-01 2.792000e-03 3.813160e-01
337 6.153520e-01 2.896000e-03 3.817520e-01
338 6.148440e-01 2.896000e-03 3.822600e-01
339 6.143680e-01 2.836000e-03 3.827960e-01
340 6.139440e-01 2.780000e-03 3.832760e-01
341 6.134440e-01 2.856000e-03 3.837000e-01
342 6.129280e-01 2.880000e-03 3.841920e-01
343 6.124400e-01 2.876000e-03 3.846840e-01
344 6.119000e-01 2.940000e-03 3.851600e-01
345 6.113400e-01 3.028000e-03 3.856320e-01
346 6.107840e-01 3.020000e-03 3.861960e-01
347 6.103080e-01 2.952000e-03 3.867400e-01
348 6.098520e-01 2.892000e-03 3.872560e-01
349 6.093680e-01 2.840000e-03 3.877920e-01
350 6.090440e-01 2.692000e-03 3.882640e-01
351 6.086640e-01 2.680000e-03 3.886560e-01
352 6.082880e-01 2.568000e-03 3.891440e-01
353 6.079200e-01 2.508000e-03 3.895720e-01
354 6.075120e-01 2.492000e-03 3.899960e-01
355 6.070360e-01 2.556000e-03 3.904080e-01
356 6.065400e-01 2.584000e-03 3.908760e-01
357 6.061120e-01 2.596000e-03 3.912920e-01
358 6.057080e-01 2.500000e-03 3.917920e-01
359 6.052880e-01 2.420000e-03 3.922920e-01
360 6.049240e-01 2.356000e-03 3.927200e-01
361 6.045680e-01 2.328000e-03 3.931040e-01
362 6.040920e-01 2.448000e-03 3.934600e-01
363 6.036200e-01 2.524000e-03 3.938560e-01
364 6.031640e-01 2.524000e-03 3.943120e-01
365 6.027840e-01 2.536000e-03 3.946800e-01
366 6.023440e-01 2.520000e-03 3.951360e-01
367 6.018360e-01 2.528000e-03 3.956360e-01
368 6.014880e-01 2.416000e-03 3.960960e-01
369 6.009680e-01 2.520000e-03 3.965120e-01
370 6.004880e-01 2.476000e-03 3.970360e-01
371 6.001000e-01 2.356000e-03 3.975440e-01
372 5.996720e-01 2.424000e-03 3.979040e-01
373 5.993360e-01 2.328000e-03 3.983360e-01
374 5.989080e-01 2.272000e-03 3.988200e-01
375 5.985320e-01 2.228000e-03 3.992400e-01
376 5.981160e-01 2.312000e-03 3.995720e-01
377 5.977000e-01 2.312000e-03 3.999880e-01
378 5.972920e-01 2.260000e-03 4.004480e-01
379 5.969240e-01 2.168000e-03 4.009080e-01
380 5.965280e-01 2.184000e-03 4.012880e-01
381 5.961800e-01 2.120000e-03 4.017000e-01
382 5.959040e-01 2.068000e-03 4.020280e-01
383 5.955960e-01 1.980000e-03 4.024240e-01
384 5.953120e-01 1.872000e-03 4.028160e-01
385 5.950760e-01 1.780000e-03 4.031440e-01
386 5.948360e-01 1.740000e-03 4.034240e-01
387 5.946200e-01 1.672000e-03 4.037080e-01
388 5.943920e-01 1.576000e-03 4.040320e-01
389 5.941120e-01 1.620000e-03 4.042680e-01
390 5.939080e-01 1.592000e-03 4.045000e-01
391 5.936600e-01 1.576000e-03 4.047640e-01
392 5.933800e-01 1.516000e-03 4.051040e-01
393 5.931280e-01 1.476000e-03 4.053960e-01
394 5.928760e-01 1.512000e-03 4.056120e-01
395 5.925880e-01 1.512000e-03 4.059000e-01
396 5.922720e-01 1.568000e-03 4.061600e-01
397 5.920200e-01 1.544000e-03 4.064360e-01
398 5.917240e-01 1.544000e-03 4.067320e-01
399 5.913880e-01 1.576000e-03 4.070360e-01
400 5.911120e-01 1.584000e-03 4.073040e-01
401 5.908640e-01 1.588000e-03 4.075480e-01
402 5.906040e-01 1.608000e-03 4.077880e-01
403 5.903600e-01 1.580000e-03 4.080600e-01
404 5.900920e-01 1.608000e-03 4.083000e-01
405 5.897640e-01 1.632000e-03 4.086040e-01
406 5.894920e-01 1.576000e-03 4.089320e-01
407 5.892440e-01 1.544000e-03 4.092120e-01
408 5.890000e-01 1.492000e-03 4.095080e-01
409 5.887600e-01 1.428000e-03 4.098120e-01
410 5.885000e-01 1.520000e-03 4.099800e-01
411 5.882160e-01 1.536000e-03 4.102480e-01
412 5.879920e-01 1.460000e-03 4.105480e-01
413 5.877320e-01 1.512000e-03 4.107560e-01
414 5.875040e-01 1.468000e-03 4.110280e-01
415 5.872360e-01 1.452000e-03 4.113120e-01
416 5.870160e-01 1.416000e-03 4.115680e-01
417 5.868000e-01 1.412000e-03 4.117880e-01
418 5.865240e-01 1.488000e-03 4.119880e-01
419 5.862720e-01 1.440000e-03 4.122880e-01
420 5.859280e-01 1.536000e-03 4.125360e-01
421 5.856440e-01 1.532000e-03 4.128240e-01
422 5.853080e-01 1.604000e-03 4.130880e-01
423 5.849800e-01 1.644000e-03 4.133760e-01
424 5.847200e-01 1.680000e-03 4.136000e-01
425 5.844320e-01 1.684000e-03 4.138840e-01
426 5.840720e-01 1.744000e-03 4.141840e-01
427 5.837080e-01 1.776000e-03 4.145160e-01
428 5.833960e-01 1.736000e-03 4.148680e-01
429 5.831000e-01 1.704000e-03 4.151960e-01
430 5.827480e-01 1.748000e-03 4.155040e-01
431 5.824280e-01 1.764000e-03 4.158080e-01
432 5.821560e-01 1.744000e-03 4.161000e-01
433 5.819240e-01 1.640000e-03 4.164360e-01
434 5.815200e-01 1.756000e-03 4.167240e-01
435 5.811480e-01 1.824000e-03 4.170280e-01
436 5.807960e-01 1.876000e-03 4.173280e-01
437 5.804800e-01 1.864000e-03 4.176560e-01
438 5.801600e-01 1.864000e-03 4.179760e-01
439 5.798680e-01 1.848000e-03 4.182840e-01
440 5.796720e-01 1.768000e-03 4.185600e-01
441 5.794240e-01 1.752000e-03 4.188240e-01
442 5.792040e-01 1.692000e-03 4.191040e-01
443 5.789200e-01 1.704000e-03 4.193760e-01
444 5.786360e-01 1.684000e-03 4.196800e-01
445 5.784040e-01 1.652000e-03 4.199440e-01
446 5.781160e-01 1.652000e-03 4.202320e-01
447 5.779280e-01 1.540000e-03 4.205320e-01
448 5.776560e-01 1.584000e-03 4.207600e-01
449 5.774600e-01 1.528000e-03 4.210120e-01
450 5.772400e-01 1.472000e-03 4.212880e-01
451 5.769920e-01 1.452000e-03 4.215560e-01
452 5.767120e-01 1.480000e-03 4.218080e-01
453 5.764600e-01 1.508000e-03 4.220320e-01
454 5.762200e-01 1.516000e-03 4.222640e-01
455 5.760120e-01 1.412000e-03 4.225760e-01
456 5.757640e-01 1.400000e-03 4.228360e-01
457 5.755440e-01 1.348000e-03 4.231080e-01
458 5.753200e-01 1.364000e-03 4.233160e-01
459 5.750800e-01 1.332000e-03 4.235880e-01
460 5.748440e-01 1.380000e-03 4.237760e-01
461 5.746160e-01 1.352000e-03 4.240320e-01
462 5.744320e-01 1.308000e-03 4.242600e-01
463 5.742440e-01 1.264000e-03 4.244920e-01
464 5.740680e-01 1.216000e-03 4.247160e-01
465 5.738440e-01 1.228000e-03 4.249280e-01
466 5.736400e-01 1.188000e-03 4.251720e-01
467 5.734560e-01 1.088000e-03 4.254560e-01
468 5.733040e-01 1.060000e-03 4.256360e-01
469 5.730960e-01 1.096000e-03 4.258080e-01
470 5.728800e-01 1.160000e-03 4.259600e-01
471 5.727080e-01 1.112000e-03 4.261800e-01
472 5.724840e-01 1.168000e-03 4.263480e-01
473 5.722920e-01 1.152000e-03 4.265560e-01
474 5.721080e-01 1.152000e-03 4.267400e-01
475 5.719360e-01 1.052000e-03 4.270120e-01
476 5.717640e-01 1.032000e-03 4.272040e-01
477 5.715760e-01 1.068000e-03 4.273560e-01
478 5.713680e-01 1.084000e-03 4.275480e-01
479 5.711760e-01 1.080000e-03 4.277440e-01
480 5.710000e-01 1.064000e-03 4.279360e-01
481 5.708600e-01 1.048000e-03 4.280920e-01
482 5.706800e-01 1.052000e-03 4.282680e-01
483 5.705400e-01 9.520000e-04 4.285080e-01
484 5.704000e-01 8.920000e-04 4.287080e-01
485 5.702440e-01 9.240000e-04 4.288320e-01
486 5.701240e-01 8.920000e-04 4.289840e-01
487 5.699840e-01 8.920000e-04 4.291240e-01
488 5.698600e-01 8.480000e-04 4.292920e-01
489 5.697280e-01 8.480000e-04 4.294240e-01
490 5.695880e-01 8.160000e-04 4.295960e-01
491 5.694680e-01 7.880000e-04 4.297440e-01
492 5.693800e-01 7.680000e-04 4.298520e-01
493 5.692880e-01 7.040000e-04 4.300080e-01
494 5.691920e-01 6.840000e-04 4.301240e-01
495 5.691040e-01 6.400000e-04 4.302560e-01
496 5.690480e-01 5.720000e-04 4.303800e-01
497 5.689280e-01 5.960000e-04 4.304760e-01
498 5.688480e-01 5.920000e-04 4.305600e-01
499 5.687320e-01 5.920000e-04 4.306760e-01
500 5.686160e-01 6.320000e-04 4.307520e-01
