1 9.990640e-01 8.400000e-04 9.600000e-05
2 9.985320e-01 1.224000e-03 2.440000e-04
3 9.978600e-01 1.648000e-03 4.920000e-04
4 9.970960e-01 2.060000e-03 8.440000e-04
5 9.962560e-01 2.472000e-03 1.272000e-03
6 9.954520e-01 2.760000e-03 1.788000e-03
7 9.945120e-01 3.208000e-03 2.280000e-03
8 9.936560e-01 3.444000e-03 2.900000e-03
9 9.926560e-01 3.792000e-03 3.552000e-03
10 9.916880e-01 4.028000e-03 4.284000e-03
11 9.906120e-01 4.300000e-03 5.088000e-03
12 9.894760e-01 4.620000e-03 5.904000e-03
13 9.884960e-01 4.792000e-03 6.712000e-03
14 9.873360e-01 5.024000e-03 7.640000e-03
15 9.861880e-01 5.248000e-03 8.564000e-03
16 9.849800e-01 5.500000e-03 9.520000e-03
17 9.838400e-01 5.744000e-03 1.041600e-02
18 9.826880e-01 5.820000e-03 1.149200e-02
19 9.815160e-01 5.936000e-03 1.254800e-02
20 9.802480e-01 6.080000e-03 1.367200e-02
21 9.790240e-01 6.200000e-03 1.477600e-02
22 9.776520e-01 6.344000e-03 1.600400e-02
23 9.762920e-01 6.608000e-03 1.710000e-02
24 9.749960e-01 6.704000e-03 1.830000e-02
25 9.735720e-01 6.960000e-03 1.946800e-02
26 9.721240e-01 7.192000e-03 2.068400e-02
27 9.707040e-01 7.208000e-03 2.208800e-02
28 9.693600e-01 7.324000e-03 2.331600e-02
29 9.679560e-01 7.504000e-03 2.454000e-02
30 9.664400e-01 7.620000e-03 2.594000e-02
31 9.649800e-01 7.684000e-03 2.733600e-02
32 9.634320e-01 7.860000e-03 2.870800e-02
33 9.618360e-01 8.072000e-03 3.009200e-02
34 9.602160e-01 8.192000e-03 3.159200e-02
35 9.584440e-01 8.560000e-03 3.299600e-02
36 9.567800e-01 8.856000e-03 3.436400e-02
37 9.550520e-01 9.120000e-03 3.582800e-02
38 9.532680e-01 9.348000e-03 3.738400e-02
39 9.514760e-01 9.600000e-03 3.892400e-02
40 9.497720e-01 9.656000e-03 4.057200e-02
41 9.480400e-01 9.708000e-03 4.225200e-02
42 9.462280e-01 9.900000e-03 4.387200e-02
43 9.444560e-01 9.912000e-03 4.563200e-02
44 9.427000e-01 9.928000e-03 4.737200e-02
45 9.409160e-01 9.952000e-03 4.913200e-02
46 9.391080e-01 1.010800e-02 5.078400e-02
47 9.372480e-01 1.014800e-02 5.260400e-02
48 9.354840e-01 1.002400e-02 5.449200e-02
49 9.337480e-01 9.988000e-03 5.626400e-02
50 9.321040e-01 1.001600e-02 5.788000e-02
51 9.300600e-01 1.022400e-02 5.971600e-02
52 9.282840e-01 1.005600e-02 6.166000e-02
53 9.264640e-01 1.010000e-02 6.343600e-02
54 9.246240e-01 1.015600e-02 6.522000e-02
55 9.227960e-01 1.018800e-02 6.701600e-02
56 9.210480e-01 1.008000e-02 6.887200e-02
57 9.193880e-01 9.976000e-03 7.063600e-02
58 9.177360e-01 9.884000e-03 7.238000e-02
59 9.161040e-01 9.924000e-03 7.397200e-02
60 9.142920e-01 1.003600e-02 7.567200e-02
61 9.125880e-01 1.002800e-02 7.738400e-02
62 9.106280e-01 1.028400e-02 7.908800e-02
63 9.087720e-01 1.032800e-02 8.090000e-02
64 9.067080e-01 1.074400e-02 8.254800e-02
65 9.046400e-01 1.087600e-02 8.448400e-02
66 9.027920e-01 1.077600e-02 8.643200e-02
67 9.008680e-01 1.094000e-02 8.819200e-02
68 8.989160e-01 1.099600e-02 9.008800e-02
69 8.970520e-01 1.100000e-02 9.194800e-02
70 8.950960e-01 1.093200e-02 9.397200e-02
71 8.933720e-01 1.064400e-02 9.598400e-02
72 8.915160e-01 1.065200e-02 9.783200e-02
73 8.896080e-01 1.074800e-02 9.964400e-02
74 8.876200e-01 1.098400e-02 1.013960e-01
75 8.857640e-01 1.106400e-02 1.031720e-01
76 8.839080e-01 1.092400e-02 1.051680e-01
77 8.820840e-01 1.090000e-02 1.070160e-01
78 8.802720e-01 1.074800e-02 1.089800e-01
79 8.784240e-01 1.058400e-02 1.109920e-01
80 8.764880e-01 1.054400e-02 1.129680e-01
81 8.747920e-01 1.028400e-02 1.149240e-01
82 8.728840e-01 1.053200e-02 1.165840e-01
83 8.710840e-01 1.053600e-02 1.183800e-01
84 8.692360e-01 1.052400e-02 1.202400e-01
85 8.673720e-01 1.055600e-02 1.220720e-01
86 8.654800e-01 1.055200e-02 1.239680e-01
87 8.635720e-01 1.050400e-02 1.259240e-01
88 8.616720e-01 1.063600e-02 1.276920e-01
89 8.597320e-01 1.066000e-02 1.296080e-01
90 8.579320e-01 1.072400e-02 1.313440e-01
91 8.559560e-01 1.076400e-02 1.332800e-01
92 8.541320e-01 1.072000e-02 1.351480e-01
93 8.523640e-01 1.057600e-02 1.370600e-01
94 8.505800e-01 1.060400e-02 1.388160e-01
95 8.489360e-01 1.041600e-02 1.406480e-01
96 8.472680e-01 1.027200e-02 1.424600e-01
97 8.455920e-01 1.009600e-02 1.443120e-01
98 8.439120e-01 1.004800e-02 1.460400e-01
99 8.422080e-01 9.960000e-03 1.478320e-01
100 8.404440e-01 9.892000e-03 1.496640e-01
101 8.389320e-01 9.700000e-03 1.513680e-01
102 8.375160e-01 9.452000e-03 1.530320e-01
103 8.359720e-01 9.264000e-03 1.547640e-01
104 8.341600e-01 9.520000e-03 1.563200e-01
105 8.325880e-01 9.372000e-03 1.580400e-01
106 8.309480e-01 9.456000e-03 1.595960e-01
107 8.292720e-01 9.524000e-03 1.612040e-01
108 8.275520e-01 9.508000e-03 1.629400e-01
109 8.260000e-01 9.284000e-03 1.647160e-01
110 8.243760e-01 9.180000e-03 1.664440e-01
111 8.227360e-01 9.148000e-03 1.681160e-01
112 8.210560e-01 9.156000e-03 1.697880e-01
113 8.194680e-01 9.056000e-03 1.714760e-01
114 8.180160e-01 8.936000e-03 1.730480e-01
115 8.165040e-01 8.900000e-03 1.745960e-01
116 8.150280e-01 8.848000e-03 1.761240e-01
117 8.136080e-01 8.840000e-03 1.775520e-01
118 8.120160e-01 8.976000e-03 1.790080e-01
119 8.103760e-01 9.092000e-03 1.805320e-01
120 8.087640e-01 9.180000e-03 1.820560e-01
121 8.071000e-01 9.344000e-03 1.835560e-01
122 8.054520e-01 9.196000e-03 1.853520e-01
123 8.039840e-01 9.024000e-03 1.869920e-01
124 8.024440e-01 8.944000e-03 1.886120e-01
125 8.008920e-01 8.980000e-03 1.901280e-01
126 7.993520e-01 8.992000e-03 1.916560e-01
127 7.977760e-01 8.932000e-03 1.932920e-01
128 7.962960e-01 8.832000e-03 1.948720e-01
129 7.947200e-01 8.720000e-03 1.965600e-01
130 7.932320e-01 8.760000e-03 1.980080e-01
131 7.918920e-01 8.676000e-03 1.994320e-01
132 7.905520e-01 8.504000e-03 2.009440e-01
133 7.891200e-01 8.448000e-03 2.024320e-01
134 7.876680e-01 8.420000e-03 2.039120e-01
135 7.862760e-01 8.336000e-03 2.053880e-01
136 7.849480e-01 8.224000e-03 2.068280e-01
137 7.834200e-01 8.376000e-03 2.082040e-01
138 7.822360e-01 7.988000e-03 2.097760e-01
139 7.807880e-01 7.984000e-03 2.112280e-01
140 7.793960e-01 8.088000e-03 2.125160e-01
141 7.780000e-01 8.092000e-03 2.139080e-01
142 7.766320e-01 7.952000e-03 2.154160e-01
143 7.753160e-01 7.952000e-03 2.167320e-01
144 7.739520e-01 7.892000e-03 2.181560e-01
145 7.726400e-01 7.852000e-03 2.195080e-01
146 7.714200e-01 7.680000e-03 2.209000e-01
147 7.700720e-01 7.700000e-03 2.222280e-01
148 7.686960e-01 7.820000e-03 2.234840e-01
149 7.674880e-01 7.688000e-03 2.248240e-01
150 7.662840e-01 7.504000e-03 2.262120e-01
151 7.650400e-01 7.452000e-03 2.275080e-01
152 7.637520e-01 7.396000e-03 2.288520e-01
153 7.624520e-01 7.384000e-03 2.301640e-01
154 7.612640e-01 7.340000e-03 2.313960e-01
155 7.600000e-01 7.328000e-03 2.326720e-01
156 7.588360e-01 7.180000e-03 2.339840e-01
157 7.576400e-01 7.028000e-03 2.353320e-01
158 7.565840e-01 6.792000e-03 2.366240e-01
159 7.555360e-01 6.708000e-03 2.377560e-01
160 7.542320e-01 6.848000e-03 2.389200e-01
161 7.532200e-01 6.724000e-03 2.400560e-01
162 7.521280e-01 6.752000e-03 2.411200e-01
163 7.510480e-01 6.612000e-03 2.423400e-01
164 7.499280e-01 6.528000e-03 2.435440e-01
165 7.487920e-01 6.504000e-03 2.447040e-01
166 7.477480e-01 6.400000e-03 2.458520e-01
167 7.467880e-01 6.328000e-03 2.468840e-01
168 7.457760e-01 6.232000e-03 2.479920e-01
169 7.447960e-01 6.176000e-03 2.490280e-01
170 7.438880e-01 6.052000e-03 2.500600e-01
171 7.429360e-01 5.872000e-03 2.511920e-01
172 7.419920e-01 5.700000e-03 2.523080e-01
173 7.409360e-01 5.740000e-03 2.533240e-01
174 7.401360e-01 5.476000e-03 2.543880e-01
175 7.391320e-01 5.484000e-03 2.553840e-01
176 7.381640e-01 5.456000e-03 2.563800e-01
177 7.372360e-01 5.436000e-03 2.573280e-01
178 7.362600e-01 5.392000e-03 2.583480e-01
179 7.353880e-01 5.288000e-03 2.593240e-01
180 7.343720e-01 5.384000e-03 2.602440e-01
181 7.333400e-01 5.496000e-03 2.611640e-01
182 7.324560e-01 5.360000e-03 2.621840e-01
183 7.314000e-01 5.572000e-03 2.630280e-01
184 7.304440e-01 5.460000e-03 2.640960e-01
185 7.294000e-01 5.592000e-03 2.650080e-01
186 7.284640e-01 5.528000e-03 2.660080e-01
187 7.276400e-01 5.424000e-03 2.669360e-01
188 7.267800e-01 5.360000e-03 2.678600e-01
189 7.258200e-01 5.300000e-03 2.688800e-01
190 7.247680e-01 5.464000e-03 2.697680e-01
191 7.237680e-01 5.564000e-03 2.706680e-01
192 7.227560e-01 5.640000e-03 2.716040e-01
193 7.217800e-01 5.608000e-03 2.726120e-01
194 7.208360e-01 5.520000e-03 2.736440e-01
195 7.199320e-01 5.348000e-03 2.747200e-01
196 7.189760e-01 5.340000e-03 2.756840e-01
197 7.181200e-01 5.264000e-03 2.766160e-01
198 7.170840e-01 5.356000e-03 2.775600e-01
199 7.161520e-01 5.316000e-03 2.785320e-01
200 7.150840e-01 5.448000e-03 2.794680e-01
201 7.139600e-01 5.620000e-03 2.804200e-01
202 7.131000e-01 5.436000e-03 2.814640e-01
203 7.121040e-01 5.504000e-03 2.823920e-01
204 7.112400e-01 5.432000e-03 2.833280e-01
205 7.105000e-01 5.248000e-03 2.842520e-01
206 7.097360e-01 5.032000e-03 2.852320e-01
207 7.089000e-01 4.928000e-03 2.861720e-01
208 7.081880e-01 4.740000e-03 2.870720e-01
209 7.072800e-01 4.816000e-03 2.879040e-01
210 7.065320e-01 4.828000e-03 2.886400e-01
211 7.056960e-01 4.692000e-03 2.896120e-01
212 7.047520e-01 4.816000e-03 2.904320e-01
213 7.037960e-01 4.772000e-03 2.914320e-01
214 7.027680e-01 4.940000e-03 2.922920e-01
215 7.018640e-01 5.080000e-03 2.930560e-01
216 7.008320e-01 5.284000e-03 2.938840e-01
217 6.998680e-01 5.304000e-03 2.948280e-01
218 6.989200e-01 5.420000e-03 2.956600e-01
219 6.978960e-01 5.448000e-03 2.966560e-01
220 6.970680e-01 5.236000e-03 2.976960e-01
221 6.961520e-01 5.260000e-03 2.985880e-01
222 6.952840e-01 5.216000e-03 2.995000e-01
223 6.943000e-01 5.312000e-03 3.003880e-01
224 6.934240e-01 5.300000e-03 3.012760e-01
225 6.925960e-01 5.264000e-03 3.021400e-01
226 6.917880e-01 5.120000e-03 3.030920e-01
227 6.910320e-01 4.964000e-03 3.040040e-01
228 6.902200e-01 4.976000e-03 3.048040e-01
229 6.894200e-01 4.928000e-03 3.056520e-01
230 6.887080e-01 4.768000e-03 3.065240e-01
231 6.879480e-01 4.688000e-03 3.073640e-01
232 6.872000e-01 4.648000e-03 3.081520e-01
233 6.864360e-01 4.472000e-03 3.090920e-01
234 6.856800e-01 4.384000e-03 3.099360e-01
235 6.850080e-01 4.324000e-03 3.106680e-01
236 6.842760e-01 4.292000e-03 3.114320e-01
237 6.836040e-01 4.188000e-03 3.122080e-01
238 6.830640e-01 4.048000e-03 3.128880e-01
239 6.825120e-01 3.904000e-03 3.135840e-01
240 6.820160e-01 3.748000e-03 3.142360e-01
241 6.814280e-01 3.680000e-03 3.148920e-01
242 6.809200e-01 3.588000e-03 3.154920e-01
243 6.803600e-01 3.540000e-03 3.161000e-01
244 6.798720e-01 3.368000e-03 3.167600e-01
245 6.793760e-01 3.356000e-03 3.172680e-01
246 6.788280e-01 3.336000e-03 3.178360e-01
247 6.782960e-01 3.272000e-03 3.184320e-01
248 6.777120e-01 3.292000e-03 3.189960e-01
249 6.772080e-01 3.220000e-03 3.195720e-01
250 6.767240e-01 3.108000e-03 3.201680e-01
251 6.761200e-01 3.200000e-03 3.206800e-01
252 6.756000e-01 3.168000e-03 3.212320e-01
253 6.750640e-01 3.184000e-03 3.217520e-01
254 6.744160e-01 3.312000e-03 3.222720e-01
255 6.738400e-01 3.348000e-03 3.228120e-01
256 6.731880e-01 3.372000e-03 3.234400e-01
257 6.725080e-01 3.468000e-03 3.240240e-01
258 6.719600e-01 3.416000e-03 3.246240e-01
259 6.712920e-01 3.512000e-03 3.251960e-01
260 6.706760e-01 3.492000e-03 3.258320e-01
261 6.700640e-01 3.460000e-03 3.264760e-01
262 6.694640e-01 3.376000e-03 3.271600e-01
263 6.688760e-01 3.372000e-03 3.277520e-01
264 6.683280e-01 3.324000e-03 3.283480e-01
265 6.677480e-01 3.360000e-03 3.288920e-01
266 6.671520e-01 3.332000e-03 3.295160e-01
267 6.666360e-01 3.288000e-03 3.300760e-01
268 6.661160e-01 3.264000e-03 3.306200e-01
269 6.655920e-01 3.200000e-03 3.312080e-01
270 6.650440e-01 3.172000e-03 3.317840e-01
271 6.645080e-01 3.196000e-03 3.322960e-01
272 6.639880e-01 3.184000e-03 3.328280e-01
273 6.634080e-01 3.156000e-03 3.334360e-01
274 6.629440e-01 3.104000e-03 3.339520e-01
275 6.624280e-01 3.052000e-03 3.345200e-01
276 6.619360e-01 3.004000e-03 3.350600e-01
277 6.613760e-01 2.972000e-03 3.356520e-01
278 6.609080e-01 2.868000e-03 3.362240e-01
279 6.604600e-01 2.740000e-03 3.368000e-01
280 6.599560e-01 2.776000e-03 3.372680e-01
281 6.594280e-01 2.852000e-03 3.377200e-01
282 6.588640e-01 2.876000e-03 3.382600e-01
283 6.582880e-01 2.944000e-03 3.387680e-01
284 6.577920e-01 2.944000e-03 3.392640e-01
285 6.573320e-01 2.896000e-03 3.397720e-01
286 6.568160e-01 2.916000e-03 3.402680e-01
287 6.563480e-01 2.888000e-03 3.407640e-01
288 6.559600e-01 2.728000e-03 3.413120e-01
289 6.555480e-01 2.700000e-03 3.417520e-01
290 6.551880e-01 2.616000e-03 3.421960e-01
291 6.547440e-01 2.628000e-03 3.426280e-01
292 6.542840e-01 2.652000e-03 3.430640e-01
293 6.538240e-01 2.608000e-03 3.435680e-01
294 6.534560e-01 2.496000e-03 3.440480e-01
295 6.530800e-01 2.436000e-03 3.444840e-01
296 6.526680e-01 2.488000e-03 3.448440e-01
297 6.522480e-01 2.424000e-03 3.453280e-01
298 6.518240e-01 2.436000e-03 3.457400e-01
299 6.514040e-01 2.380000e-03 3.462160e-01
300 6.510680e-01 2.260000e-03 3.466720e-01
301 6.506480e-01 2.264000e-03 3.470880e-01
302 6.502520e-01 2.244000e-03 3.475040e-01
303 6.498720e-01 2.252000e-03 3.478760e-01
304 6.494440e-01 2.296000e-03 3.482600e-01
305 6.491240e-01 2.184000e-03 3.486920e-01
306 6.487360e-01 2.172000e-03 3.490920e-01
307 6.483640e-01 2.164000e-03 3.494720e-01
308 6.479880e-01 2.140000e-03 3.498720e-01
309 6.476360e-01 2.148000e-03 3.502160e-01
310 6.473200e-01 2.148000e-03 3.505320e-01
311 6.469080e-01 2.184000e-03 3.509080e-01
312 6.464560e-01 2.244000e-03 3.513000e-01
313 6.461280e-01 2.200000e-03 3.516720e-01
314 6.457760e-01 2.136000e-03 3.520880e-01
315 6.453960e-01 2.232000e-03 3.523720e-01
316 6.450080e-01 2.160000e-03 3.528320e-01
317 6.446080e-01 2.264000e-03 3.531280e-01
318 6.442280e-01 2.252000e-03 3.535200e-01
319 6.438120e-01 2.244000e-03 3.539440e-01
320 6.434800e-01 2.212000e-03 3.543080e-01
321 6.430640e-01 2.260000e-03 3.546760e-01
322 6.426720e-01 2.252000e-03 3.550760e-01
323 6.421840e-01 2.364000e-03 3.554520e-01
324 6.418240e-01 2.332000e-03 3.558440e-01
325 6.414600e-01 2.340000e-03 3.562000e-01
326 6.410640e-01 2.364000e-03 3.565720e-01
327 6.406760e-01 2.376000e-03 3.569480e-01
328 6.403400e-01 2.288000e-03 3.573720e-01
329 6.399920e-01 2.208000e-03 3.578000e-01
330 6.396720e-01 2.108000e-03 3.582200e-01
331 6.393280e-01 2.104000e-03 3.585680e-01
332 6.389560e-01 2.076000e-03 3.589680e-01
333 6.386560e-01 2.072000e-03 3.592720e-01
334 6.383480e-01 2.048000e-03 3.596040e-01
335 6.379920e-01 2.000000e-03 3.600080e-01
336 6.376360e-01 2.052000e-03 3.603120e-01
337 6.372480e-01 2.072000e-03 3.606800e-01
338 6.368280e-01 2.100000e-03 3.610720e-01
339 6.363960e-01 2.176000e-03 3.614280e-01
340 6.360920e-01 2.040000e-03 3.618680e-01
341 6.357920e-01 2.036000e-03 3.621720e-01
342 6.355200e-01 1.940000e-03 3.625400e-01
343 6.352480e-01 1.904000e-03 3.628480e-01
344 6.349240e-01 1.880000e-03 3.631960e-01
345 6.346440e-01 1.828000e-03 3.635280e-01
346 6.343480e-01 1.796000e-03 3.638560e-01
347 6.339480e-01 1.892000e-03 3.641600e-01
348 6.335480e-01 1.996000e-03 3.644560e-01
349 6.331880e-01 2.052000e-03 3.647600e-01
350 6.327560e-01 2.148000e-03 3.650960e-01
351 6.323760e-01 2.164000e-03 3.654600e-01
352 6.320360e-01 2.112000e-03 3.658520e-01
353 6.317160e-01 2.040000e-03 3.662440e-01
354 6.313960e-01 2.052000e-03 3.665520e-01
355 6.310920e-01 1.920000e-03 3.669880e-01
356 6.307840e-01 1.880000e-03 3.673360e-01
357 6.304880e-01 1.900000e-03 3.676120e-01
358 6.301480e-01 1.900000e-03 3.679520e-01
359 6.298920e-01 1.788000e-03 3.683200e-01
360 6.295520e-01 1.840000e-03 3.686080e-01
361 6.292760e-01 1.784000e-03 3.689400e-01
362 6.289480e-01 1.776000e-03 3.692760e-01
363 6.287320e-01 1.660000e-03 3.696080e-01
364 6.284840e-01 1.612000e-03 3.699040e-01
365 6.282320e-01 1.568000e-03 3.702000e-01
366 6.279720e-01 1.584000e-03 3.704440e-01
367 6.278080e-01 1.500000e-03 3.706920e-01
368 6.275360e-01 1.476000e-03 3.709880e-01
369 6.273240e-01 1.476000e-03 3.712000e-01
370 6.271360e-01 1.476000e-03 3.713880e-01
371 6.269400e-01 1.432000e-03 3.716280e-01
372 6.267000e-01 1.396000e-03 3.719040e-01
373 6.264920e-01 1.328000e-03 3.721800e-01
374 6.262240e-01 1.368000e-03 3.724080e-01
375 6.259800e-01 1.368000e-03 3.726520e-01
376 6.257240e-01 1.364000e-03 3.729120e-01
377 6.255000e-01 1.384000e-03 3.731160e-01
378 6.252760e-01 1.404000e-03 3.733200e-01
379 6.250400e-01 1.412000e-03 3.735480e-01
380 6.247400e-01 1.488000e-03 3.737720e-01
381 6.244960e-01 1.512000e-03 3.739920e-01
382 6.241880e-01 1.588000e-03 3.742240e-01
383 6.239280e-01 1.592000e-03 3.744800e-01
384 6.236320e-01 1.624000e-03 3.747440e-01
385 6.233880e-01 1.568000e-03 3.750440e-01
386 6.231120e-01 1.508000e-03 3.753800e-01
387 6.229000e-01 1.484000e-03 3.756160e-01
388 6.227160e-01 1.372000e-03 3.759120e-01
389 6.225280e-01 1.340000e-03 3.761320e-01
390 6.223200e-01 1.308000e-03 3.763720e-01
391 6.221440e-01 1.240000e-03 3.766160e-01
392 6.220560e-01 1.132000e-03 3.768120e-01
393 6.219080e-01 1.100000e-03 3.769920e-01
394 6.217960e-01 1.024000e-03 3.771800e-01
395 6.215960e-01 1.004000e-03 3.774000e-01
396 6.214200e-01 1.008000e-03 3.775720e-01
397 6.212640e-01 9.600000e-04 3.777760e-01
398 6.211040e-01 9.560000e-04 3.779400e-01
399 6.209800e-01 9.480000e-04 3.780720e-01
400 6.207640e-01 9.760000e-04 3.782600e-01
401 6.205600e-01 9.960000e-04 3.784440e-01
402 6.204160e-01 9.520000e-04 3.786320e-01
403 6.202120e-01 9.680000e-04 3.788200e-01
404 6.200160e-01 1.012000e-03 3.789720e-01
405 6.198320e-01 1.036000e-03 3.791320e-01
406 6.196000e-01 1.076000e-03 3.793240e-01
407 6.194200e-01 1.052000e-03 3.795280e-01
408 6.192600e-01 1.048000e-03 3.796920e-01
409 6.190440e-01 1.060000e-03 3.798960e-01
410 6.188760e-01 1.036000e-03 3.800880e-01
411 6.187240e-01 9.920000e-04 3.802840e-01
412 6.185560e-01 1.032000e-03 3.804120e-01
413 6.184040e-01 1.024000e-03 3.805720e-01
414 6.182720e-01 9.920000e-04 3.807360e-01
415 6.181080e-01 1.008000e-03 3.808840e-01
416 6.179960e-01 9.600000e-04 3.810440e-01
417 6.178680e-01 9.040000e-04 3.812280e-01
418 6.177360e-01 9.000000e-04 3.813640e-01
419 6.175800e-01 9.400000e-04 3.814800e-01
420 6.174320e-01 9.400000e-04 3.816280e-01
421 6.172960e-01 9.280000e-04 3.817760e-01
422 6.171200e-01 9.920000e-04 3.818880e-01
423 6.169680e-01 9.600000e-04 3.820720e-01
424 6.167920e-01 9.760000e-04 3.822320e-01
425 6.166680e-01 9.440000e-04 3.823880e-01
426 6.165640e-01 8.800000e-04 3.825560e-01
427 6.164800e-01 8.400000e-04 3.826800e-01
428 6.163760e-01 8.000000e-04 3.828240e-01
429 6.163040e-01 7.360000e-04 3.829600e-01
430 6.161680e-01 7.560000e-04 3.830760e-01
431 6.160320e-01 7.680000e-04 3.832000e-01
432 6.159080e-01 7.480000e-04 3.833440e-01
433 6.158040e-01 7.560000e-04 3.834400e-01
434 6.157080e-01 7.280000e-04 3.835640e-01
435 6.155920e-01 7.440000e-04 3.836640e-01
436 6.154440e-01 7.560000e-04 3.838000e-01
437 6.153640e-01 7.200000e-04 3.839160e-01
438 6.152360e-01 7.000000e-04 3.840640e-01
439 6.151440e-01 6.880000e-04 3.841680e-01
440 6.149680e-01 7.480000e-04 3.842840e-01
441 6.148880e-01 6.440000e-04 3.844680e-01
442 6.147840e-01 6.480000e-04 3.845680e-01
443 6.147000e-01 6.280000e-04 3.846720e-01
444 6.146160e-01 5.600000e-04 3.848240e-01
445 6.145200e-01 5.600000e-04 3.849200e-01
446 6.144040e-01 6.080000e-04 3.849880e-01
447 6.143560e-01 5.480000e-04 3.850960e-01
448 6.142720e-01 5.360000e-04 3.851920e-01
449 6.142240e-01 5.360000e-04 3.852400e-01
450 6.141440e-01 5.200000e-04 3.853360e-01
451 6.140400e-01 5.440000e-04 3.854160e-01
452 6.139640e-01 5.160000e-04 3.855200e-01
453 6.138600e-01 5.400000e-04 3.856000e-01
454 6.137800e-01 5.320000e-04 3.856880e-01
455 6.136800e-01 5.200000e-04 3.858000e-01
456 6.136000e-01 4.920000e-04 3.859080e-01
457 6.135240e-01 5.080000e-04 3.859680e-01
458 6.134800e-01 4.840000e-04 3.860360e-01
459 6.134000e-01 4.640000e-04 3.861360e-01
460 6.133440e-01 4.680000e-04 3.861880e-01
461 6.132480e-01 4.760000e-04 3.862760e-01
462 6.131400e-01 5.120000e-04 3.863480e-01
463 6.130480e-01 5.080000e-04 3.864440e-01
464 6.129640e-01 5.160000e-04 3.865200e-01
465 6.128880e-01 4.680000e-04 3.866440e-01
466 6.127960e-01 4.760000e-04 3.867280e-01
467 6.127560e-01 4.360000e-04 3.868080e-01
468 6.127160e-01 4.000000e-04 3.868840e-01
469 6.126920e-01 3.480000e-04 3.869600e-01
470 6.126520e-01 3.200000e-04 3.870280e-01
471 6.126280e-01 2.840000e-04 3.870880e-01
472 6.125840e-01 2.800000e-04 3.871360e-01
473 6.125360e-01 2.800000e-04 3.871840e-01
474 6.124960e-01 2.600000e-04 3.872440e-01
475 6.124720e-01 2.520000e-04 3.872760e-01
476 6.124400e-01 2.520000e-04 3.873080e-01
477 6.124040e-01 2.440000e-04 3.873520e-01
478 6.123800e-01 2.280000e-04 3.873920e-01
479 6.123320e-01 2.400000e-04 3.874280e-01
480 6.122800e-01 2.440000e-04 3.874760e-01
481 6.122240e-01 2.800000e-04 3.874960e-01
482 6.121720e-01 2.920000e-04 3.875360e-01
483 6.121400e-01 2.760000e-04 3.875840e-01
484 6.121360e-01 2.360000e-04 3.876280e-01
485 6.121120e-01 2.280000e-04 3.876600e-01
486 6.120800e-01 2.280000e-04 3.876920e-01
487 6.120200e-01 2.360000e-04 3.877440e-01
488 6.119680e-01 2.600000e-04 3.877720e-01
489 6.119400e-01 2.360000e-04 3.878240e-01
490 6.119080e-01 2.320000e-04 3.878600e-01
491 6.118920e-01 2.160000e-04 3.878920e-01
492 6.118680e-01 2.120000e-04 3.879200e-01
493 6.118440e-01 2.040000e-04 3.879520e-01
494 6.118080e-01 2.120000e-04 3.879800e-01
495 6.117600e-01 2.480000e-04 3.879920e-01
496 6.117200e-01 2.640000e-04 3.880160e-01
497 6.116840e-01 2.600000e-04 3.880560e-01
498 6.116320e-01 2.840000e-04 3.880840e-01
499 6.116040e-01 2.600000e-04 3.881360e-01
500 6.115440e-01 2.840000e-04 3.881720e-01
