1 9.992000e-01 7.000000e-04 1.000000e-04
2 9.987200e-01 1.028000e-03 2.520000e-04
3 9.980080e-01 1.496000e-03 4.960000e-04
4 9.973120e-01 1.852000e-03 8.360000e-04
5 9.964160e-01 2.380000e-03 1.204000e-03
6 9.955800e-01 2.828000e-03 1.592000e-03
7 9.947280e-01 3.096000e-03 2.176000e-03
8 9.938120e-01 3.452000e-03 2.736000e-03
9 9.927840e-01 3.860000e-03 3.356000e-03
10 9.916920e-01 4.236000e-03 4.072000e-03
11 9.908720e-01 4.352000e-03 4.776000e-03
12 9.899000e-01 4.532000e-03 5.568000e-03
13 9.888240e-01 4.724000e-03 6.452000e-03
14 9.877360e-01 5.004000e-03 7.260000e-03
15 9.865200e-01 5.364000e-03 8.116000e-03
16 9.853040e-01 5.524000e-03 9.172000e-03
17 9.841480e-01 5.704000e-03 1.014800e-02
18 9.830160e-01 5.820000e-03 1.116400e-02
19 9.818920e-01 5.900000e-03 1.220800e-02
20 9.807640e-01 6.100000e-03 1.313600e-02
21 9.796320e-01 6.112000e-03 1.425600e-02
22 9.784680e-01 6.216000e-03 1.531600e-02
23 9.773000e-01 6.320000e-03 1.638000e-02
24 9.759680e-01 6.560000e-03 1.747200e-02
25 9.746360e-01 6.792000e-03 1.857200e-02
26 9.731920e-01 6.968000e-03 1.984000e-02
27 9.717600e-01 7.200000e-03 2.104000e-02
28 9.703320e-01 7.400000e-03 2.226800e-02
29 9.689240e-01 7.444000e-03 2.363200e-02
30 9.675800e-01 7.484000e-03 2.493600e-02
31 9.662120e-01 7.544000e-03 2.624400e-02
32 9.648120e-01 7.552000e-03 2.763600e-02
33 9.634280e-01 7.636000e-03 2.893600e-02
34 9.619320e-01 7.784000e-03 3.028400e-02
35 9.604640e-01 7.908000e-03 3.162800e-02
36 9.590760e-01 7.840000e-03 3.308400e-02
37 9.576600e-01 7.776000e-03 3.456400e-02
38 9.560480e-01 8.024000e-03 3.592800e-02
39 9.544840e-01 8.148000e-03 3.736800e-02
40 9.530000e-01 8.280000e-03 3.872000e-02
41 9.514160e-01 8.428000e-03 4.015600e-02
42 9.499560e-01 8.452000e-03 4.159200e-02
43 9.484160e-01 8.324000e-03 4.326000e-02
44 9.468560e-01 8.388000e-03 4.475600e-02
45 9.452200e-01 8.668000e-03 4.611200e-02
46 9.436240e-01 8.832000e-03 4.754400e-02
47 9.419560e-01 8.956000e-03 4.908800e-02
48 9.402680e-01 9.108000e-03 5.062400e-02
49 9.386840e-01 9.064000e-03 5.225200e-02
50 9.371640e-01 9.052000e-03 5.378400e-02
51 9.357240e-01 9.012000e-03 5.526400e-02
52 9.341560e-01 9.100000e-03 5.674400e-02
53 9.326040e-01 8.960000e-03 5.843600e-02
54 9.309800e-01 9.024000e-03 5.999600e-02
55 9.293880e-01 9.056000e-03 6.155600e-02
56 9.277080e-01 9.208000e-03 6.308400e-02
57 9.260400e-01 9.344000e-03 6.461600e-02
58 9.244640e-01 9.388000e-03 6.614800e-02
59 9.227000e-01 9.524000e-03 6.777600e-02
60 9.211880e-01 9.336000e-03 6.947600e-02
61 9.195480e-01 9.428000e-03 7.102400e-02
62 9.180000e-01 9.364000e-03 7.263600e-02
63 9.164800e-01 9.240000e-03 7.428000e-02
64 9.147640e-01 9.376000e-03 7.586000e-02
65 9.129880e-01 9.532000e-03 7.748000e-02
66 9.113880e-01 9.464000e-03 7.914800e-02
67 9.096840e-01 9.456000e-03 8.086000e-02
68 9.081400e-01 9.356000e-03 8.250400e-02
69 9.064800e-01 9.368000e-03 8.415200e-02
70 9.048000e-01 9.388000e-03 8.581200e-02
71 9.031600e-01 9.276000e-03 8.756400e-02
72 9.016200e-01 9.188000e-03 8.919200e-02
73 8.999920e-01 9.232000e-03 9.077600e-02
74 8.984040e-01 9.196000e-03 9.240000e-02
75 8.968560e-01 9.196000e-03 9.394800e-02
76 8.952000e-01 9.264000e-03 9.553600e-02
77 8.937080e-01 9.260000e-03 9.703200e-02
78 8.921800e-01 9.224000e-03 9.859600e-02
79 8.907680e-01 9.028000e-03 1.002040e-01
80 8.891440e-01 9.092000e-03 1.017640e-01
81 8.875960e-01 9.164000e-03 1.032400e-01
82 8.861120e-01 9.084000e-03 1.048040e-01
83 8.847640e-01 8.792000e-03 1.064440e-01
84 8.832560e-01 8.812000e-03 1.079320e-01
85 8.819040e-01 8.712000e-03 1.093840e-01
86 8.805320e-01 8.516000e-03 1.109520e-01
87 8.791560e-01 8.364000e-03 1.124800e-01
88 8.776480e-01 8.376000e-03 1.139760e-01
89 8.762120e-01 8.372000e-03 1.154160e-01
90 8.747960e-01 8.312000e-03 1.168920e-01
91 8.734680e-01 8.188000e-03 1.183440e-01
92 8.720160e-01 8.156000e-03 1.198280e-01
93 8.707560e-01 7.984000e-03 1.212600e-01
94 8.693280e-01 7.908000e-03 1.227640e-01
95 8.680160e-01 7.680000e-03 1.243040e-01
96 8.667400e-01 7.528000e-03 1.257320e-01
97 8.654720e-01 7.516000e-03 1.270120e-01
98 8.642080e-01 7.388000e-03 1.284040e-01
99 8.628720e-01 7.408000e-03 1.297200e-01
100 8.616080e-01 7.400000e-03 1.309920e-01
101 8.602880e-01 7.368000e-03 1.323440e-01
102 8.588920e-01 7.380000e-03 1.337280e-01
103 8.577240e-01 7.360000e-03 1.349160e-01
104 8.564800e-01 7.352000e-03 1.361680e-01
105 8.552240e-01 7.444000e-03 1.373320e-01
106 8.539680e-01 7.432000e-03 1.386000e-01
107 8.527480e-01 7.284000e-03 1.399680e-01
108 8.513960e-01 7.344000e-03 1.412600e-01
109 8.501080e-01 7.312000e-03 1.425800e-01
110 8.489760e-01 7.220000e-03 1.438040e-01
111 8.478640e-01 7.092000e-03 1.450440e-01
112 8.467440e-01 6.936000e-03 1.463200e-01
113 8.456840e-01 6.784000e-03 1.475320e-01
114 8.445520e-01 6.652000e-03 1.487960e-01
115 8.434080e-01 6.556000e-03 1.500360e-01
116 8.423280e-01 6.512000e-03 1.511600e-01
117 8.412880e-01 6.296000e-03 1.524160e-01
118 8.402800e-01 6.128000e-03 1.535920e-01
119 8.393160e-01 6.040000e-03 1.546440e-01
120 8.382520e-01 5.960000e-03 1.557880e-01
121 8.371720e-01 5.920000e-03 1.569080e-01
122 8.361600e-01 5.848000e-03 1.579920e-01
123 8.350280e-01 5.860000e-03 1.591120e-01
124 8.340000e-01 5.852000e-03 1.601480e-01
125 8.329640e-01 5.912000e-03 1.611240e-01
126 8.319360e-01 5.912000e-03 1.621520e-01
127 8.308760e-01 5.996000e-03 1.631280e-01
128 8.299560e-01 5.864000e-03 1.641800e-01
129 8.289440e-01 5.752000e-03 1.653040e-01
130 8.279880e-01 5.688000e-03 1.663240e-01
131 8.270840e-01 5.552000e-03 1.673640e-01
132 8.260640e-01 5.660000e-03 1.682760e-01
133 8.250880e-01 5.656000e-03 1.692560e-01
134 8.241840e-01 5.544000e-03 1.702720e-01
135 8.233480e-01 5.444000e-03 1.712080e-01
136 8.223840e-01 5.436000e-03 1.721800e-01
137 8.214520e-01 5.248000e-03 1.733000e-01
138 8.204600e-01 5.260000e-03 1.742800e-01
139 8.196760e-01 5.100000e-03 1.752240e-01
140 8.188240e-01 5.056000e-03 1.761200e-01
141 8.179240e-01 5.072000e-03 1.770040e-01
142 8.170600e-01 5.096000e-03 1.778440e-01
143 8.161520e-01 5.076000e-03 1.787720e-01
144 8.152760e-01 5.024000e-03 1.797000e-01
145 8.143760e-01 5.060000e-03 1.805640e-01
146 8.133480e-01 5.188000e-03 1.814640e-01
147 8.124080e-01 5.180000e-03 1.824120e-01
148 8.115360e-01 5.132000e-03 1.833320e-01
149 8.106640e-01 5.164000e-03 1.841720e-01
150 8.096640e-01 5.292000e-03 1.850440e-01
151 8.087640e-01 5.244000e-03 1.859920e-01
152 8.077960e-01 5.348000e-03 1.868560e-01
153 8.068120e-01 5.480000e-03 1.877080e-01
154 8.057960e-01 5.548000e-03 1.886560e-01
155 8.048000e-01 5.524000e-03 1.896760e-01
156 8.037720e-01 5.604000e-03 1.906240e-01
157 8.028560e-01 5.448000e-03 1.916960e-01
158 8.018800e-01 5.504000e-03 1.926160e-01
159 8.008240e-01 5.532000e-03 1.936440e-01
160 7.998800e-01 5.512000e-03 1.946080e-01
161 7.987840e-01 5.592000e-03 1.956240e-01
162 7.977160e-01 5.640000e-03 1.966440e-01
163 7.966440e-01 5.780000e-03 1.975760e-01
164 7.955560e-01 5.836000e-03 1.986080e-01
165 7.945920e-01 5.840000e-03 1.995680e-01
166 7.935240e-01 5.820000e-03 2.006560e-01
167 7.926040e-01 5.760000e-03 2.016360e-01
168 7.915880e-01 5.692000e-03 2.027200e-01
169 7.906240e-01 5.716000e-03 2.036600e-01
170 7.898160e-01 5.612000e-03 2.045720e-01
171 7.889120e-01 5.588000e-03 2.055000e-01
172 7.879920e-01 5.404000e-03 2.066040e-01
173 7.871040e-01 5.340000e-03 2.075560e-01
174 7.862840e-01 5.268000e-03 2.084480e-01
175 7.853360e-01 5.336000e-03 2.093280e-01
176 7.843160e-01 5.316000e-03 2.103680e-01
177 7.834840e-01 5.236000e-03 2.112800e-01
178 7.825480e-01 5.164000e-03 2.122880e-01
179 7.816800e-01 5.192000e-03 2.131280e-01
180 7.807320e-01 5.224000e-03 2.140440e-01
181 7.799960e-01 5.036000e-03 2.149680e-01
182 7.791400e-01 4.988000e-03 2.158720e-01
183 7.781440e-01 5.080000e-03 2.167760e-01
184 7.773120e-01 5.024000e-03 2.176640e-01
185 7.763880e-01 5.068000e-03 2.185440e-01
186 7.754560e-01 5.128000e-03 2.194160e-01
187 7.745800e-01 5.156000e-03 2.202640e-01
188 7.736000e-01 5.220000e-03 2.211800e-01
189 7.727760e-01 5.152000e-03 2.220720e-01
190 7.719880e-01 5.064000e-03 2.229480e-01
191 7.711000e-01 5.084000e-03 2.238160e-01
192 7.703760e-01 4.968000e-03 2.246560e-01
193 7.695720e-01 4.976000e-03 2.254520e-01
194 7.688280e-01 4.940000e-03 2.262320e-01
195 7.680600e-01 4.980000e-03 2.269600e-01
196 7.672720e-01 4.888000e-03 2.278400e-01
197 7.665320e-01 4.712000e-03 2.287560e-01
198 7.658680e-01 4.464000e-03 2.296680e-01
199 7.651120e-01 4.404000e-03 2.304840e-01
200 7.644040e-01 4.324000e-03 2.312720e-01
201 7.638480e-01 4.144000e-03 2.320080e-01
202 7.632040e-01 4.028000e-03 2.327680e-01
203 7.625440e-01 3.980000e-03 2.334760e-01
204 7.618480e-01 4.044000e-03 2.341080e-01
205 7.612560e-01 3.868000e-03 2.348760e-01
206 7.606600e-01 3.700000e-03 2.356400e-01
207 7.601040e-01 3.612000e-03 2.362840e-01
208 7.595720e-01 3.468000e-03 2.369600e-01
209 7.589600e-01 3.400000e-03 2.376400e-01
210 7.583480e-01 3.428000e-03 2.382240e-01
211 7.576960e-01 3.468000e-03 2.388360e-01
212 7.570720e-01 3.424000e-03 2.395040e-01
213 7.564920e-01 3.504000e-03 2.400040e-01
214 7.557960e-01 3.572000e-03 2.406320e-01
215 7.551840e-01 3.540000e-03 2.412760e-01
216 7.545520e-01 3.564000e-03 2.418840e-01
217 7.538640e-01 3.636000e-03 2.425000e-01
218 7.532440e-01 3.524000e-03 2.432320e-01
219 7.526120e-01 3.568000e-03 2.438200e-01
220 7.520720e-01 3.488000e-03 2.444400e-01
221 7.514920e-01 3.492000e-03 2.450160e-01
222 7.508760e-01 3.440000e-03 2.456840e-01
223 7.504240e-01 3.256000e-03 2.463200e-01
224 7.498600e-01 3.252000e-03 2.468880e-01
225 7.493640e-01 3.184000e-03 2.474520e-01
226 7.487160e-01 3.312000e-03 2.479720e-01
227 7.481240e-01 3.304000e-03 2.485720e-01
228 7.475160e-01 3.332000e-03 2.491520e-01
229 7.469800e-01 3.280000e-03 2.497400e-01
230 7.463960e-01 3.300000e-03 2.503040e-01
231 7.457960e-01 3.324000e-03 2.508800e-01
232 7.452520e-01 3.256000e-03 2.514920e-01
233 7.446680e-01 3.216000e-03 2.521160e-01
234 7.441120e-01 3.240000e-03 2.526480e-01
235 7.435360e-01 3.248000e-03 2.532160e-01
236 7.429920e-01 3.172000e-03 2.538360e-01
237 7.424640e-01 3.172000e-03 2.543640e-01
238 7.419440e-01 3.148000e-03 2.549080e-01
239 7.414160e-01 3.172000e-03 2.554120e-01
240 7.409040e-01 3.176000e-03 2.559200e-01
241 7.402920e-01 3.308000e-03 2.564000e-01
242 7.396120e-01 3.344000e-03 2.570440e-01
243 7.389320e-01 3.408000e-03 2.576600e-01
244 7.383760e-01 3.400000e-03 2.582240e-01
245 7.377240e-01 3.448000e-03 2.588280e-01
246 7.371320e-01 3.452000e-03 2.594160e-01
247 7.365680e-01 3.420000e-03 2.600120e-01
248 7.359080e-01 3.588000e-03 2.605040e-01
249 7.352560e-01 3.624000e-03 2.611200e-01
250 7.347400e-01 3.532000e-03 2.617280e-01
251 7.341840e-01 3.420000e-03 2.623960e-01
252 7.336720e-01 3.368000e-03 2.629600e-01
253 7.331720e-01 3.288000e-03 2.635400e-01
254 7.326320e-01 3.220000e-03 2.641480e-01
255 7.321360e-01 3.112000e-03 2.647520e-01
256 7.316520e-01 3.052000e-03 2.652960e-01
257 7.312000e-01 3.040000e-03 2.657600e-01
258 7.307480e-01 2.944000e-03 2.663080e-01
259 7.302920e-01 2.844000e-03 2.668640e-01
260 7.297720e-01 2.836000e-03 2.673920e-01
261 7.292040e-01 2.892000e-03 2.679040e-01
262 7.287160e-01 2.840000e-03 2.684440e-01
263 7.282440e-01 2.884000e-03 2.688720e-01
264 7.277640e-01 2.860000e-03 2.693760e-01
265 7.272760e-01 2.840000e-03 2.698840e-01
266 7.268120e-01 2.912000e-03 2.702760e-01
267 7.264200e-01 2.856000e-03 2.707240e-01
268 7.260000e-01 2.776000e-03 2.712240e-01
269 7.255440e-01 2.740000e-03 2.717160e-01
270 7.250880e-01 2.704000e-03 2.722080e-01
271 7.246160e-01 2.668000e-03 2.727160e-01
272 7.240960e-01 2.688000e-03 2.732160e-01
273 7.235320e-01 2.780000e-03 2.736880e-01
274 7.229800e-01 2.792000e-03 2.742280e-01
275 7.225600e-01 2.688000e-03 2.747520e-01
276 7.221240e-01 2.620000e-03 2.752560e-01
277 7.217360e-01 2.532000e-03 2.757320e-01
278 7.213240e-01 2.552000e-03 2.761240e-01
279 7.209240e-01 2.492000e-03 2.765840e-01
280 7.205680e-01 2.468000e-03 2.769640e-01
281 7.201320e-01 2.532000e-03 2.773360e-01
282 7.197360e-01 2.496000e-03 2.777680e-01
283 7.193760e-01 2.484000e-03 2.781400e-01
284 7.189960e-01 2.492000e-03 2.785120e-01
285 7.185200e-01 2.512000e-03 2.789680e-01
286 7.180840e-01 2.524000e-03 2.793920e-01
287 7.177480e-01 2.436000e-03 2.798160e-01
288 7.173200e-01 2.408000e-03 2.802720e-01
289 7.168840e-01 2.436000e-03 2.806800e-01
290 7.164840e-01 2.436000e-03 2.810800e-01
291 7.161120e-01 2.448000e-03 2.814400e-01
292 7.156520e-01 2.556000e-03 2.817920e-01
293 7.152120e-01 2.588000e-03 2.822000e-01
294 7.147360e-01 2.564000e-03 2.827000e-01
295 7.143640e-01 2.436000e-03 2.832000e-01
296 7.139880e-01 2.372000e-03 2.836400e-01
297 7.136600e-01 2.348000e-03 2.839920e-01
298 7.132840e-01 2.316000e-03 2.844000e-01
299 7.129280e-01 2.300000e-03 2.847720e-01
300 7.125600e-01 2.256000e-03 2.851840e-01
301 7.121840e-01 2.244000e-03 2.855720e-01
302 7.117360e-01 2.316000e-03 2.859480e-01
303 7.113920e-01 2.252000e-03 2.863560e-01
304 7.109360e-01 2.268000e-03 2.867960e-01
305 7.105320e-01 2.288000e-03 2.871800e-01
306 7.101360e-01 2.292000e-03 2.875720e-01
307 7.097120e-01 2.264000e-03 2.880240e-01
308 7.092880e-01 2.324000e-03 2.883880e-01
309 7.088360e-01 2.384000e-03 2.887800e-01
310 7.084360e-01 2.372000e-03 2.891920e-01
311 7.080080e-01 2.336000e-03 2.896560e-01
312 7.076440e-01 2.300000e-03 2.900560e-01
313 7.072880e-01 2.256000e-03 2.904560e-01
314 7.069840e-01 2.200000e-03 2.908160e-01
315 7.065840e-01 2.224000e-03 2.911920e-01
316 7.062480e-01 2.188000e-03 2.915640e-01
317 7.058800e-01 2.152000e-03 2.919680e-01
318 7.055800e-01 2.100000e-03 2.923200e-01
319 7.052400e-01 2.072000e-03 2.926880e-01
320 7.049040e-01 2.012000e-03 2.930840e-01
321 7.045440e-01 2.020000e-03 2.934360e-01
322 7.041680e-01 2.056000e-03 2.937760e-01
323 7.037960e-01 2.044000e-03 2.941600e-01
324 7.033720e-01 2.076000e-03 2.945520e-01
325 7.030160e-01 1.984000e-03 2.950000e-01
326 7.026720e-01 2.008000e-03 2.953200e-01
327 7.023880e-01 1.976000e-03 2.956360e-01
328 7.019840e-01 2.012000e-03 2.960040e-01
329 7.016080e-01 2.092000e-03 2.963000e-01
330 7.013040e-01 2.020000e-03 2.966760e-01
331 7.008760e-01 2.080000e-03 2.970440e-01
332 7.004480e-01 2.176000e-03 2.973760e-01
333 6.999600e-01 2.224000e-03 2.978160e-01
334 6.995360e-01 2.196000e-03 2.982680e-01
335 6.991440e-01 2.216000e-03 2.986400e-01
336 6.987600e-01 2.176000e-03 2.990640e-01
337 6.983360e-01 2.192000e-03 2.994720e-01
338 6.979240e-01 2.228000e-03 2.998480e-01
339 6.976440e-01 2.148000e-03 3.002080e-01
340 6.971520e-01 2.272000e-03 3.005760e-01
341 6.967720e-01 2.264000e-03 3.009640e-01
342 6.964040e-01 2.288000e-03 3.013080e-01
343 6.961160e-01 2.184000e-03 3.017000e-01
344 6.958200e-01 2.116000e-03 3.020640e-01
345 6.955160e-01 2.048000e-03 3.024360e-01
346 6.951760e-01 2.116000e-03 3.027080e-01
347 6.948440e-01 2.108000e-03 3.030480e-01
348 6.945640e-01 2.008000e-03 3.034280e-01
349 6.942360e-01 2.032000e-03 3.037320e-01
350 6.939040e-01 1.980000e-03 3.041160e-01
351 6.935600e-01 1.920000e-03 3.045200e-01
352 6.932480e-01 1.860000e-03 3.048920e-01
353 6.929840e-01 1.832000e-03 3.051840e-01
354 6.926560e-01 1.860000e-03 3.054840e-01
355 6.923000e-01 1.872000e-03 3.058280e-01
356 6.920040e-01 1.876000e-03 3.061200e-01
357 6.916640e-01 1.888000e-03 3.064480e-01
358 6.913120e-01 1.932000e-03 3.067560e-01
359 6.910000e-01 1.920000e-03 3.070800e-01
360 6.906760e-01 1.896000e-03 3.074280e-01
361 6.903800e-01 1.820000e-03 3.078000e-01
362 6.900920e-01 1.752000e-03 3.081560e-01
363 6.897640e-01 1.808000e-03 3.084280e-01
364 6.894840e-01 1.780000e-03 3.087360e-01
365 6.891200e-01 1.796000e-03 3.090840e-01
366 6.887840e-01 1.776000e-03 3.094400e-01
367 6.885000e-01 1.740000e-03 3.097600e-01
368 6.882160e-01 1.740000e-03 3.100440e-01
369 6.879120e-01 1.672000e-03 3.104160e-01
370 6.875920e-01 1.660000e-03 3.107480e-01
371 6.872800e-01 1.708000e-03 3.110120e-01
372 6.870240e-01 1.736000e-03 3.112400e-01
373 6.867360e-01 1.740000e-03 3.115240e-01
374 6.865120e-01 1.640000e-03 3.118480e-01
375 6.862800e-01 1.548000e-03 3.121720e-01
376 6.860480e-01 1.508000e-03 3.124440e-01
377 6.858160e-01 1.432000e-03 3.127520e-01
378 6.855800e-01 1.428000e-03 3.129920e-01
379 6.853120e-01 1.472000e-03 3.132160e-01
380 6.849640e-01 1.552000e-03 3.134840e-01
381 6.846720e-01 1.632000e-03 3.136960e-01
382 6.843960e-01 1.620000e-03 3.139840e-01
383 6.840920e-01 1.616000e-03 3.142920e-01
384 6.839360e-01 1.504000e-03 3.145600e-01
385 6.837880e-01 1.372000e-03 3.148400e-01
386 6.836240e-01 1.312000e-03 3.150640e-01
387 6.834680e-01 1.264000e-03 3.152680e-01
388 6.833000e-01 1.232000e-03 3.154680e-01
389 6.831480e-01 1.220000e-03 3.156320e-01
390 6.829720e-01 1.176000e-03 3.158520e-01
391 6.827680e-01 1.204000e-03 3.160280e-01
392 6.825520e-01 1.220000e-03 3.162280e-01
393 6.823320e-01 1.252000e-03 3.164160e-01
394 6.820960e-01 1.216000e-03 3.166880e-01
395 6.818760e-01 1.236000e-03 3.168880e-01
396 6.816520e-01 1.252000e-03 3.170960e-01
397 6.813840e-01 1.304000e-03 3.173120e-01
398 6.811400e-01 1.320000e-03 3.175400e-01
399 6.807920e-01 1.408000e-03 3.178000e-01
400 6.805000e-01 1.444000e-03 3.180560e-01
401 6.803040e-01 1.320000e-03 3.183760e-01
402 6.800800e-01 1.292000e-03 3.186280e-01
403 6.798120e-01 1.360000e-03 3.188280e-01
404 6.795800e-01 1.372000e-03 3.190480e-01
405 6.793880e-01 1.372000e-03 3.192400e-01
406 6.791560e-01 1.380000e-03 3.194640e-01
407 6.789960e-01 1.308000e-03 3.196960e-01
408 6.787720e-01 1.256000e-03 3.199720e-01
409 6.785000e-01 1.384000e-03 3.201160e-01
410 6.782880e-01 1.344000e-03 3.203680e-01
411 6.780800e-01 1.308000e-03 3.206120e-01
412 6.778720e-01 1.252000e-03 3.208760e-01
413 6.776800e-01 1.220000e-03 3.211000e-01
414 6.774760e-01 1.196000e-03 3.213280e-01
415 6.773360e-01 1.108000e-03 3.215560e-01
416 6.771720e-01 1.104000e-03 3.217240e-01
417 6.769880e-01 1.120000e-03 3.218920e-01
418 6.767640e-01 1.116000e-03 3.221200e-01
419 6.765760e-01 1.140000e-03 3.222840e-01
420 6.764240e-01 1.096000e-03 3.224800e-01
421 6.762800e-01 1.052000e-03 3.226680e-01
422 6.760840e-01 1.036000e-03 3.228800e-01
423 6.759520e-01 1.008000e-03 3.230400e-01
424 6.758000e-01 1.000000e-03 3.232000e-01
425 6.756560e-01 9.600000e-04 3.233840e-01
426 6.755400e-01 9.240000e-04 3.235360e-01
427 6.754400e-01 8.600000e-04 3.237000e-01
428 6.752880e-01 8.520000e-04 3.238600e-01
429 6.751840e-01 8.080000e-04 3.240080e-01
430 6.750760e-01 7.760000e-04 3.241480e-01
431 6.749480e-01 7.600000e-04 3.242920e-01
432 6.748720e-01 7.200000e-04 3.244080e-01
433 6.747440e-01 7.400000e-04 3.245160e-01
434 6.746080e-01 7.440000e-04 3.246480e-01
435 6.745040e-01 7.320000e-04 3.247640e-01
436 6.744160e-01 7.040000e-04 3.248800e-01
437 6.743240e-01 7.000000e-04 3.249760e-01
438 6.741320e-01 7.800000e-04 3.250880e-01
439 6.740000e-01 7.720000e-04 3.252280e-01
440 6.738880e-01 7.600000e-04 3.253520e-01
441 6.737560e-01 7.560000e-04 3.254880e-01
442 6.736680e-01 7.080000e-04 3.256240e-01
443 6.735760e-01 6.600000e-04 3.257640e-01
444 6.734680e-01 6.360000e-04 3.258960e-01
445 6.733880e-01 6.240000e-04 3.259880e-01
446 6.732680e-01 6.680000e-04 3.260640e-01
447 6.731280e-01 7.200000e-04 3.261520e-01
448 6.729800e-01 7.320000e-04 3.262880e-01
449 6.728600e-01 7.400000e-04 3.264000e-01
450 6.727240e-01 7.520000e-04 3.265240e-01
451 6.726320e-01 6.880000e-04 3.266800e-01
452 6.725200e-01 6.600000e-04 3.268200e-01
453 6.724200e-01 6.200000e-04 3.269600e-01
454 6.723120e-01 6.320000e-04 3.270560e-01
455 6.722480e-01 5.920000e-04 3.271600e-01
456 6.721800e-01 5.600000e-04 3.272600e-01
457 6.721120e-01 5.400000e-04 3.273480e-01
458 6.720000e-01 5.520000e-04 3.274480e-01
459 6.718960e-01 5.560000e-04 3.275480e-01
460 6.718360e-01 5.520000e-04 3.276120e-01
461 6.717920e-01 5.200000e-04 3.276880e-01
462 6.716960e-01 5.320000e-04 3.277720e-01
463 6.716000e-01 5.120000e-04 3.278880e-01
464 6.715200e-01 5.120000e-04 3.279680e-01
465 6.713960e-01 5.160000e-04 3.280880e-01
466 6.713080e-01 5.120000e-04 3.281800e-01
467 6.712360e-01 5.400000e-04 3.282240e-01
468 6.711480e-01 5.240000e-04 3.283280e-01
469 6.710600e-01 5.240000e-04 3.284160e-01
470 6.709720e-01 5.520000e-04 3.284760e-01
471 6.708880e-01 5.000000e-04 3.286120e-01
472 6.708320e-01 4.480000e-04 3.287200e-01
473 6.707880e-01 4.080000e-04 3.288040e-01
474 6.707360e-01 4.000000e-04 3.288640e-01
475 6.707200e-01 3.280000e-04 3.289520e-01
476 6.706760e-01 3.000000e-04 3.290240e-01
477 6.706120e-01 3.080000e-04 3.290800e-01
478 6.705640e-01 3.080000e-04 3.291280e-01
479 6.705080e-01 2.960000e-04 3.291960e-01
480 6.704320e-01 3.400000e-04 3.292280e-01
481 6.703800e-01 3.440000e-04 3.292760e-01
482 6.703040e-01 3.600000e-04 3.293360e-01
483 6.702000e-01 3.960000e-04 3.294040e-01
484 6.701280e-01 4.240000e-04 3.294480e-01
485 6.700440e-01 4.280000e-04 3.295280e-01
486 6.699680e-01 4.160000e-04 3.296160e-01
487 6.698480e-01 4.600000e-04 3.296920e-01
488 6.697360e-01 5.040000e-04 3.297600e-01
489 6.696280e-01 5.120000e-04 3.298600e-01
490 6.695080e-01 5.560000e-04 3.299360e-01
491 6.693960e-01 5.720000e-04 3.300320e-01
492 6.693080e-01 5.720000e-04 3.301200e-01
493 6.692120e-01 5.520000e-04 3.302360e-01
494 6.691080e-01 5.400000e-04 3.303520e-01
495 6.689680e-01 6.000000e-04 3.304320e-01
496 6.687760e-01 6.680000e-04 3.305560e-01
497 6.686720e-01 6.400000e-04 3.306880e-01
498 6.686040e-01 6.080000e-04 3.307880e-01
499 6.684800e-01 6.480000e-04 3.308720e-01
500 6.683720e-01 6.440000e-04 3.309840e-01
