1 9.992040e-01 6.840000e-04 1.120000e-04
2 9.987320e-01 1.048000e-03 2.200000e-04
3 9.981120e-01 1.432000e-03 4.560000e-04
4 9.974400e-01 1.820000e-03 7.400000e-04
5 9.965440e-01 2.352000e-03 1.104000e-03
6 9.956040e-01 2.844000e-03 1.552000e-03
7 9.946920e-01 3.272000e-03 2.036000e-03
8 9.936400e-01 3.776000e-03 2.584000e-03
9 9.926000e-01 4.116000e-03 3.284000e-03
10 9.915960e-01 4.352000e-03 4.052000e-03
11 9.905080e-01 4.556000e-03 4.936000e-03
12 9.895520e-01 4.636000e-03 5.812000e-03
13 9.883480e-01 5.024000e-03 6.628000e-03
14 9.871680e-01 5.248000e-03 7.584000e-03
15 9.860120e-01 5.492000e-03 8.496000e-03
16 9.847240e-01 5.856000e-03 9.420000e-03
17 9.834280e-01 6.100000e-03 1.047200e-02
18 9.822280e-01 6.220000e-03 1.155200e-02
19 9.809600e-01 6.444000e-03 1.259600e-02
20 9.796280e-01 6.744000e-03 1.362800e-02
21 9.783520e-01 6.836000e-03 1.481200e-02
22 9.770040e-01 7.120000e-03 1.587600e-02
23 9.756560e-01 7.216000e-03 1.712800e-02
24 9.744280e-01 7.180000e-03 1.839200e-02
25 9.730720e-01 7.328000e-03 1.960000e-02
26 9.716600e-01 7.504000e-03 2.083600e-02
27 9.702760e-01 7.576000e-03 2.214800e-02
28 9.689400e-01 7.624000e-03 2.343600e-02
29 9.674760e-01 7.752000e-03 2.477200e-02
30 9.661120e-01 7.744000e-03 2.614400e-02
31 9.646400e-01 7.940000e-03 2.742000e-02
32 9.632840e-01 8.000000e-03 2.871600e-02
33 9.619080e-01 7.968000e-03 3.012400e-02
34 9.605240e-01 7.888000e-03 3.158800e-02
35 9.591080e-01 7.916000e-03 3.297600e-02
36 9.575160e-01 8.132000e-03 3.435200e-02
37 9.560200e-01 8.200000e-03 3.578000e-02
38 9.545480e-01 8.188000e-03 3.726400e-02
39 9.530440e-01 8.356000e-03 3.860000e-02
40 9.514600e-01 8.448000e-03 4.009200e-02
41 9.498160e-01 8.620000e-03 4.156400e-02
42 9.483760e-01 8.544000e-03 4.308000e-02
43 9.468680e-01 8.480000e-03 4.465200e-02
44 9.452160e-01 8.684000e-03 4.610000e-02
45 9.435800e-01 8.800000e-03 4.762000e-02
46 9.419880e-01 8.900000e-03 4.911200e-02
47 9.403480e-01 8.924000e-03 5.072800e-02
48 9.387640e-01 8.884000e-03 5.235200e-02
49 9.372320e-01 8.848000e-03 5.392000e-02
50 9.356480e-01 8.880000e-03 5.547200e-02
51 9.339280e-01 9.000000e-03 5.707200e-02
52 9.323720e-01 9.040000e-03 5.858800e-02
53 9.307840e-01 8.888000e-03 6.032800e-02
54 9.293160e-01 8.764000e-03 6.192000e-02
55 9.277960e-01 8.740000e-03 6.346400e-02
56 9.262800e-01 8.624000e-03 6.509600e-02
57 9.247280e-01 8.700000e-03 6.657200e-02
58 9.231080e-01 8.760000e-03 6.813200e-02
59 9.215920e-01 8.696000e-03 6.971200e-02
60 9.201720e-01 8.644000e-03 7.118400e-02
61 9.185320e-01 8.852000e-03 7.261600e-02
62 9.169520e-01 8.932000e-03 7.411600e-02
63 9.154360e-01 8.868000e-03 7.569600e-02
64 9.137080e-01 9.024000e-03 7.726800e-02
65 9.122520e-01 8.904000e-03 7.884400e-02
66 9.107240e-01 8.820000e-03 8.045600e-02
67 9.092040e-01 8.804000e-03 8.199200e-02
68 9.077520e-01 8.800000e-03 8.344800e-02
69 9.061760e-01 8.888000e-03 8.493600e-02
70 9.044520e-01 9.004000e-03 8.654400e-02
71 9.027440e-01 9.176000e-03 8.808000e-02
72 9.010320e-01 9.240000e-03 8.972800e-02
73 8.993480e-01 9.340000e-03 9.131200e-02
74 8.978760e-01 9.212000e-03 9.291200e-02
75 8.964640e-01 9.060000e-03 9.447600e-02
76 8.949480e-01 8.924000e-03 9.612800e-02
77 8.932960e-01 8.964000e-03 9.774000e-02
78 8.916280e-01 9.024000e-03 9.934800e-02
79 8.899040e-01 9.168000e-03 1.009280e-01
80 8.881040e-01 9.344000e-03 1.025520e-01
81 8.862680e-01 9.496000e-03 1.042360e-01
82 8.847200e-01 9.380000e-03 1.059000e-01
83 8.829840e-01 9.480000e-03 1.075360e-01
84 8.815600e-01 9.184000e-03 1.092560e-01
85 8.799600e-01 9.220000e-03 1.108200e-01
86 8.783800e-01 9.156000e-03 1.124640e-01
87 8.769040e-01 8.980000e-03 1.141160e-01
88 8.753680e-01 8.960000e-03 1.156720e-01
89 8.737480e-01 8.992000e-03 1.172600e-01
90 8.721760e-01 9.164000e-03 1.186600e-01
91 8.706320e-01 9.172000e-03 1.201960e-01
92 8.690640e-01 9.172000e-03 1.217640e-01
93 8.675160e-01 9.132000e-03 1.233520e-01
94 8.658280e-01 9.224000e-03 1.249480e-01
95 8.642600e-01 9.116000e-03 1.266240e-01
96 8.627480e-01 9.044000e-03 1.282080e-01
97 8.611600e-01 9.124000e-03 1.297160e-01
98 8.596600e-01 9.112000e-03 1.312280e-01
99 8.581560e-01 9.060000e-03 1.327840e-01
100 8.567720e-01 8.856000e-03 1.343720e-01
101 8.553920e-01 8.756000e-03 1.358520e-01
102 8.539720e-01 8.648000e-03 1.373800e-01
103 8.525320e-01 8.564000e-03 1.389040e-01
104 8.510080e-01 8.632000e-03 1.403600e-01
105 8.494440e-01 8.656000e-03 1.419000e-01
106 8.479720e-01 8.616000e-03 1.434120e-01
107 8.465640e-01 8.612000e-03 1.448240e-01
108 8.451160e-01 8.604000e-03 1.462800e-01
109 8.437120e-01 8.504000e-03 1.477840e-01
110 8.423440e-01 8.416000e-03 1.492400e-01
111 8.409520e-01 8.364000e-03 1.506840e-01
112 8.394720e-01 8.244000e-03 1.522840e-01
113 8.382560e-01 8.040000e-03 1.537040e-01
114 8.369600e-01 7.824000e-03 1.552160e-01
115 8.356360e-01 7.692000e-03 1.566720e-01
116 8.342640e-01 7.772000e-03 1.579640e-01
117 8.328800e-01 7.880000e-03 1.592400e-01
118 8.315840e-01 7.844000e-03 1.605720e-01
119 8.301280e-01 7.968000e-03 1.619040e-01
120 8.288440e-01 7.868000e-03 1.632880e-01
121 8.274080e-01 7.952000e-03 1.646400e-01
122 8.258360e-01 8.168000e-03 1.659960e-01
123 8.243880e-01 8.124000e-03 1.674880e-01
124 8.230040e-01 8.112000e-03 1.688840e-01
125 8.217000e-01 8.068000e-03 1.702320e-01
126 8.203360e-01 8.068000e-03 1.715960e-01
127 8.190360e-01 8.012000e-03 1.729520e-01
128 8.176600e-01 7.884000e-03 1.744560e-01
129 8.162440e-01 7.940000e-03 1.758160e-01
130 8.148560e-01 7.952000e-03 1.771920e-01
131 8.135320e-01 7.960000e-03 1.785080e-01
132 8.121840e-01 8.004000e-03 1.798120e-01
133 8.107280e-01 8.000000e-03 1.812720e-01
134 8.094600e-01 7.892000e-03 1.826480e-01
135 8.081680e-01 7.936000e-03 1.838960e-01
136 8.067280e-01 7.896000e-03 1.853760e-01
137 8.055160e-01 7.740000e-03 1.867440e-01
138 8.042200e-01 7.572000e-03 1.882080e-01
139 8.028800e-01 7.544000e-03 1.895760e-01
140 8.017200e-01 7.272000e-03 1.910080e-01
141 8.005440e-01 7.088000e-03 1.923680e-01
142 7.992720e-01 7.076000e-03 1.936520e-01
143 7.979800e-01 7.060000e-03 1.949600e-01
144 7.967400e-01 7.068000e-03 1.961920e-01
145 7.956000e-01 7.068000e-03 1.973320e-01
146 7.944360e-01 6.960000e-03 1.986040e-01
147 7.932840e-01 6.848000e-03 1.998680e-01
148 7.922400e-01 6.576000e-03 2.011840e-01
149 7.910960e-01 6.628000e-03 2.022760e-01
150 7.899520e-01 6.652000e-03 2.033960e-01
151 7.889440e-01 6.548000e-03 2.045080e-01
152 7.878520e-01 6.536000e-03 2.056120e-01
153 7.868120e-01 6.424000e-03 2.067640e-01
154 7.857040e-01 6.360000e-03 2.079360e-01
155 7.845840e-01 6.436000e-03 2.089800e-01
156 7.835360e-01 6.424000e-03 2.100400e-01
157 7.824240e-01 6.476000e-03 2.111000e-01
158 7.814080e-01 6.356000e-03 2.122360e-01
159 7.802640e-01 6.260000e-03 2.134760e-01
160 7.793360e-01 6.012000e-03 2.146520e-01
161 7.783960e-01 5.944000e-03 2.156600e-01
162 7.773720e-01 6.020000e-03 2.166080e-01
163 7.763240e-01 6.096000e-03 2.175800e-01
164 7.753800e-01 5.992000e-03 2.186280e-01
165 7.743800e-01 5.900000e-03 2.197200e-01
166 7.733160e-01 5.972000e-03 2.207120e-01
167 7.720280e-01 6.200000e-03 2.217720e-01
168 7.710920e-01 6.120000e-03 2.227880e-01
169 7.700040e-01 6.216000e-03 2.237800e-01
170 7.688920e-01 6.260000e-03 2.248480e-01
171 7.678080e-01 6.204000e-03 2.259880e-01
172 7.668480e-01 5.996000e-03 2.271560e-01
173 7.658280e-01 5.824000e-03 2.283480e-01
174 7.649640e-01 5.636000e-03 2.294000e-01
175 7.641200e-01 5.612000e-03 2.302680e-01
176 7.632200e-01 5.592000e-03 2.311880e-01
177 7.624000e-01 5.468000e-03 2.321320e-01
178 7.615480e-01 5.324000e-03 2.331280e-01
179 7.608440e-01 5.116000e-03 2.340400e-01
180 7.599920e-01 5.012000e-03 2.349960e-01
181 7.592960e-01 4.880000e-03 2.358240e-01
182 7.585440e-01 4.840000e-03 2.366160e-01
183 7.576840e-01 4.800000e-03 2.375160e-01
184 7.568880e-01 4.744000e-03 2.383680e-01
185 7.560200e-01 4.868000e-03 2.391120e-01
186 7.550720e-01 4.920000e-03 2.400080e-01
187 7.541680e-01 4.936000e-03 2.408960e-01
188 7.533040e-01 4.940000e-03 2.417560e-01
189 7.524160e-01 4.980000e-03 2.426040e-01
190 7.515680e-01 4.992000e-03 2.434400e-01
191 7.507400e-01 5.068000e-03 2.441920e-01
192 7.498920e-01 5.060000e-03 2.450480e-01
193 7.491400e-01 4.952000e-03 2.459080e-01
194 7.482680e-01 4.980000e-03 2.467520e-01
195 7.474440e-01 4.984000e-03 2.475720e-01
196 7.467240e-01 4.876000e-03 2.484000e-01
197 7.460000e-01 4.740000e-03 2.492600e-01
198 7.452280e-01 4.688000e-03 2.500840e-01
199 7.444200e-01 4.600000e-03 2.509800e-01
200 7.437080e-01 4.492000e-03 2.518000e-01
201 7.430160e-01 4.432000e-03 2.525520e-01
202 7.422600e-01 4.332000e-03 2.534080e-01
203 7.414800e-01 4.380000e-03 2.541400e-01
204 7.409120e-01 4.184000e-03 2.549040e-01
205 7.403000e-01 4.048000e-03 2.556520e-01
206 7.395200e-01 4.116000e-03 2.563640e-01
207 7.387480e-01 4.128000e-03 2.571240e-01
208 7.380360e-01 4.148000e-03 2.578160e-01
209 7.373800e-01 4.092000e-03 2.585280e-01
210 7.367160e-01 4.092000e-03 2.591920e-01
211 7.360520e-01 4.024000e-03 2.599240e-01
212 7.354040e-01 3.992000e-03 2.606040e-01
213 7.346840e-01 4.016000e-03 2.613000e-01
214 7.340800e-01 4.032000e-03 2.618880e-01
215 7.333600e-01 4.040000e-03 2.626000e-01
216 7.326880e-01 4.000000e-03 2.633120e-01
217 7.321000e-01 3.900000e-03 2.640000e-01
218 7.314320e-01 3.876000e-03 2.646920e-01
219 7.308720e-01 3.720000e-03 2.654080e-01
220 7.302200e-01 3.716000e-03 2.660640e-01
221 7.295680e-01 3.744000e-03 2.666880e-01
222 7.289160e-01 3.776000e-03 2.673080e-01
223 7.282080e-01 3.844000e-03 2.679480e-01
224 7.275640e-01 3.772000e-03 2.686640e-01
225 7.269640e-01 3.788000e-03 2.692480e-01
226 7.263480e-01 3.740000e-03 2.699120e-01
227 7.256800e-01 3.848000e-03 2.704720e-01
228 7.250080e-01 3.808000e-03 2.711840e-01
229 7.243480e-01 3.720000e-03 2.719320e-01
230 7.236040e-01 3.784000e-03 2.726120e-01
231 7.229960e-01 3.748000e-03 2.732560e-01
232 7.223880e-01 3.604000e-03 2.740080e-01
233 7.217800e-01 3.628000e-03 2.745920e-01
234 7.211320e-01 3.576000e-03 2.752920e-01
235 7.204720e-01 3.552000e-03 2.759760e-01
236 7.197680e-01 3.656000e-03 2.765760e-01
237 7.191080e-01 3.652000e-03 2.772400e-01
238 7.184720e-01 3.580000e-03 2.779480e-01
239 7.178200e-01 3.600000e-03 2.785800e-01
240 7.172480e-01 3.580000e-03 2.791720e-01
241 7.166200e-01 3.508000e-03 2.798720e-01
242 7.160840e-01 3.432000e-03 2.804840e-01
243 7.154040e-01 3.488000e-03 2.811080e-01
244 7.149400e-01 3.348000e-03 2.817120e-01
245 7.143440e-01 3.412000e-03 2.822440e-01
246 7.137400e-01 3.456000e-03 2.828040e-01
247 7.130880e-01 3.544000e-03 2.833680e-01
248 7.124080e-01 3.624000e-03 2.839680e-01
249 7.118200e-01 3.616000e-03 2.845640e-01
250 7.112720e-01 3.520000e-03 2.852080e-01
251 7.107640e-01 3.408000e-03 2.858280e-01
252 7.101280e-01 3.484000e-03 2.863880e-01
253 7.096120e-01 3.340000e-03 2.870480e-01
254 7.090760e-01 3.252000e-03 2.876720e-01
255 7.086280e-01 3.136000e-03 2.882360e-01
256 7.081040e-01 3.076000e-03 2.888200e-01
257 7.076880e-01 2.920000e-03 2.893920e-01
258 7.072720e-01 2.812000e-03 2.899160e-01
259 7.068240e-01 2.756000e-03 2.904200e-01
260 7.062920e-01 2.792000e-03 2.909160e-01
261 7.058120e-01 2.788000e-03 2.914000e-01
262 7.053080e-01 2.800000e-03 2.918920e-01
263 7.046680e-01 2.976000e-03 2.923560e-01
264 7.041440e-01 3.020000e-03 2.928360e-01
265 7.036400e-01 3.020000e-03 2.933400e-01
266 7.030440e-01 3.128000e-03 2.938280e-01
267 7.024880e-01 3.132000e-03 2.943800e-01
268 7.018280e-01 3.260000e-03 2.949120e-01
269 7.013120e-01 3.212000e-03 2.954760e-01
270 7.006120e-01 3.404000e-03 2.959840e-01
271 7.000880e-01 3.284000e-03 2.966280e-01
272 6.994520e-01 3.380000e-03 2.971680e-01
273 6.988040e-01 3.392000e-03 2.978040e-01
274 6.981960e-01 3.424000e-03 2.983800e-01
275 6.975000e-01 3.552000e-03 2.989480e-01
276 6.969120e-01 3.556000e-03 2.995320e-01
277 6.964160e-01 3.400000e-03 3.001840e-01
278 6.959520e-01 3.320000e-03 3.007280e-01
279 6.953600e-01 3.276000e-03 3.013640e-01
280 6.948320e-01 3.248000e-03 3.019200e-01
281 6.942520e-01 3.276000e-03 3.024720e-01
282 6.937080e-01 3.256000e-03 3.030360e-01
283 6.931040e-01 3.296000e-03 3.036000e-01
284 6.925280e-01 3.260000e-03 3.042120e-01
285 6.919960e-01 3.236000e-03 3.047680e-01
286 6.914000e-01 3.300000e-03 3.053000e-01
287 6.908400e-01 3.264000e-03 3.058960e-01
288 6.902040e-01 3.332000e-03 3.064640e-01
289 6.896040e-01 3.324000e-03 3.070720e-01
290 6.890280e-01 3.268000e-03 3.077040e-01
291 6.884560e-01 3.228000e-03 3.083160e-01
292 6.879080e-01 3.232000e-03 3.088600e-01
293 6.874160e-01 3.184000e-03 3.094000e-01
294 6.868640e-01 3.196000e-03 3.099400e-01
295 6.863160e-01 3.152000e-03 3.105320e-01
296 6.858040e-01 3.152000e-03 3.110440e-01
297 6.853800e-01 3.016000e-03 3.116040e-01
298 6.848520e-01 3.032000e-03 3.121160e-01
299 6.842920e-01 3.068000e-03 3.126400e-01
300 6.838920e-01 2.892000e-03 3.132160e-01
301 6.834120e-01 2.816000e-03 3.137720e-01
302 6.829280e-01 2.772000e-03 3.143000e-01
303 6.824080e-01 2.828000e-03 3.147640e-01
304 6.819560e-01 2.828000e-03 3.152160e-01
305 6.815360e-01 2.828000e-03 3.156360e-01
306 6.810400e-01 2.832000e-03 3.161280e-01
307 6.806360e-01 2.712000e-03 3.166520e-01
308 6.802840e-01 2.600000e-03 3.171160e-01
309 6.798880e-01 2.552000e-03 3.175600e-01
310 6.795520e-01 2.468000e-03 3.179800e-01
311 6.791760e-01 2.360000e-03 3.184640e-01
312 6.787640e-01 2.340000e-03 3.188960e-01
313 6.784040e-01 2.324000e-03 3.192720e-01
314 6.780040e-01 2.272000e-03 3.197240e-01
315 6.775800e-01 2.288000e-03 3.201320e-01
316 6.771640e-01 2.380000e-03 3.204560e-01
317 6.767640e-01 2.336000e-03 3.209000e-01
318 6.763840e-01 2.324000e-03 3.212920e-01
319 6.761120e-01 2.212000e-03 3.216760e-01
320 6.757280e-01 2.204000e-03 3.220680e-01
321 6.753440e-01 2.148000e-03 3.225080e-01
322 6.749840e-01 2.100000e-03 3.229160e-01
323 6.746240e-01 2.140000e-03 3.232360e-01
324 6.741920e-01 2.212000e-03 3.235960e-01
325 6.738040e-01 2.228000e-03 3.239680e-01
326 6.734160e-01 2.244000e-03 3.243400e-01
327 6.730480e-01 2.184000e-03 3.247680e-01
328 6.726840e-01 2.148000e-03 3.251680e-01
329 6.723760e-01 2.084000e-03 3.255400e-01
330 6.719240e-01 2.196000e-03 3.258800e-01
331 6.715520e-01 2.152000e-03 3.262960e-01
332 6.712720e-01 2.012000e-03 3.267160e-01
333 6.709800e-01 1.968000e-03 3.270520e-01
334 6.707400e-01 1.868000e-03 3.273920e-01
335 6.705240e-01 1.796000e-03 3.276800e-01
336 6.702760e-01 1.716000e-03 3.280080e-01
337 6.700320e-01 1.656000e-03 3.283120e-01
338 6.697800e-01 1.640000e-03 3.285800e-01
339 6.695080e-01 1.624000e-03 3.288680e-01
340 6.692240e-01 1.668000e-03 3.291080e-01
341 6.688920e-01 1.704000e-03 3.294040e-01
342 6.685880e-01 1.676000e-03 3.297360e-01
343 6.682960e-01 1.696000e-03 3.300080e-01
344 6.679680e-01 1.752000e-03 3.302800e-01
345 6.676840e-01 1.748000e-03 3.305680e-01
346 6.674560e-01 1.684000e-03 3.308600e-01
347 6.671760e-01 1.668000e-03 3.311560e-01
348 6.669600e-01 1.616000e-03 3.314240e-01
349 6.666680e-01 1.640000e-03 3.316920e-01
350 6.664360e-01 1.540000e-03 3.320240e-01
351 6.661720e-01 1.520000e-03 3.323080e-01
352 6.658240e-01 1.608000e-03 3.325680e-01
353 6.655600e-01 1.636000e-03 3.328040e-01
354 6.653000e-01 1.600000e-03 3.331000e-01
355 6.649880e-01 1.596000e-03 3.334160e-01
356 6.646800e-01 1.668000e-03 3.336520e-01
357 6.643800e-01 1.660000e-03 3.339600e-01
358 6.641200e-01 1.648000e-03 3.342320e-01
359 6.638120e-01 1.632000e-03 3.345560e-01
360 6.635120e-01 1.680000e-03 3.348080e-01
361 6.631960e-01 1.720000e-03 3.350840e-01
362 6.628520e-01 1.756000e-03 3.353920e-01
363 6.625480e-01 1.776000e-03 3.356760e-01
364 6.622880e-01 1.700000e-03 3.360120e-01
365 6.619880e-01 1.700000e-03 3.363120e-01
366 6.617360e-01 1.688000e-03 3.365760e-01
367 6.614640e-01 1.632000e-03 3.369040e-01
368 6.611840e-01 1.612000e-03 3.372040e-01
369 6.609720e-01 1.544000e-03 3.374840e-01
370 6.607680e-01 1.500000e-03 3.377320e-01
371 6.605520e-01 1.480000e-03 3.379680e-01
372 6.603120e-01 1.432000e-03 3.382560e-01
373 6.600760e-01 1.460000e-03 3.384640e-01
374 6.598640e-01 1.392000e-03 3.387440e-01
375 6.596480e-01 1.364000e-03 3.389880e-01
376 6.594440e-01 1.356000e-03 3.392000e-01
377 6.591640e-01 1.412000e-03 3.394240e-01
378 6.589400e-01 1.376000e-03 3.396840e-01
379 6.586760e-01 1.412000e-03 3.399120e-01
380 6.584080e-01 1.384000e-03 3.402080e-01
381 6.580680e-01 1.480000e-03 3.404520e-01
382 6.577760e-01 1.540000e-03 3.406840e-01
383 6.575280e-01 1.504000e-03 3.409680e-01
384 6.572800e-01 1.548000e-03 3.411720e-01
385 6.570080e-01 1.544000e-03 3.414480e-01
386 6.567640e-01 1.560000e-03 3.416760e-01
387 6.565000e-01 1.588000e-03 3.419120e-01
388 6.561800e-01 1.668000e-03 3.421520e-01
389 6.558920e-01 1.640000e-03 3.424680e-01
390 6.556520e-01 1.632000e-03 3.427160e-01
391 6.553680e-01 1.624000e-03 3.430080e-01
392 6.550760e-01 1.600000e-03 3.433240e-01
393 6.548800e-01 1.584000e-03 3.435360e-01
394 6.546960e-01 1.516000e-03 3.437880e-01
395 6.544840e-01 1.460000e-03 3.440560e-01
396 6.542600e-01 1.444000e-03 3.442960e-01
397 6.540240e-01 1.428000e-03 3.445480e-01
398 6.538280e-01 1.356000e-03 3.448160e-01
399 6.536200e-01 1.320000e-03 3.450600e-01
400 6.533760e-01 1.380000e-03 3.452440e-01
401 6.531240e-01 1.376000e-03 3.455000e-01
402 6.529240e-01 1.316000e-03 3.457600e-01
403 6.527320e-01 1.312000e-03 3.459560e-01
404 6.524560e-01 1.376000e-03 3.461680e-01
405 6.521960e-01 1.392000e-03 3.464120e-01
406 6.519720e-01 1.336000e-03 3.466920e-01
407 6.517400e-01 1.296000e-03 3.469640e-01
408 6.515520e-01 1.232000e-03 3.472160e-01
409 6.513640e-01 1.208000e-03 3.474280e-01
410 6.511960e-01 1.172000e-03 3.476320e-01
411 6.509800e-01 1.184000e-03 3.478360e-01
412 6.507640e-01 1.156000e-03 3.480800e-01
413 6.505800e-01 1.128000e-03 3.482920e-01
414 6.504280e-01 1.052000e-03 3.485200e-01
415 6.502440e-01 1.060000e-03 3.486960e-01
416 6.499720e-01 1.140000e-03 3.488880e-01
417 6.497800e-01 1.148000e-03 3.490720e-01
418 6.495600e-01 1.172000e-03 3.492680e-01
419 6.493600e-01 1.152000e-03 3.494880e-01
420 6.491440e-01 1.164000e-03 3.496920e-01
421 6.489440e-01 1.148000e-03 3.499080e-01
422 6.487720e-01 1.200000e-03 3.500280e-01
423 6.485560e-01 1.228000e-03 3.502160e-01
424 6.484080e-01 1.156000e-03 3.504360e-01
425 6.481880e-01 1.192000e-03 3.506200e-01
426 6.480120e-01 1.116000e-03 3.508720e-01
427 6.478480e-01 1.124000e-03 3.510280e-01
428 6.476600e-01 1.116000e-03 3.512240e-01
429 6.474720e-01 1.128000e-03 3.514000e-01
430 6.472600e-01 1.188000e-03 3.515520e-01
431 6.470640e-01 1.180000e-03 3.517560e-01
432 6.468200e-01 1.220000e-03 3.519600e-01
433 6.466520e-01 1.192000e-03 3.521560e-01
434 6.464720e-01 1.180000e-03 3.523480e-01
435 6.462680e-01 1.184000e-03 3.525480e-01
436 6.460760e-01 1.172000e-03 3.527520e-01
437 6.458160e-01 1.276000e-03 3.529080e-01
438 6.455720e-01 1.284000e-03 3.531440e-01
439 6.454120e-01 1.208000e-03 3.533800e-01
440 6.451720e-01 1.204000e-03 3.536240e-01
441 6.449840e-01 1.160000e-03 3.538560e-01
442 6.447600e-01 1.188000e-03 3.540520e-01
443 6.444760e-01 1.256000e-03 3.542680e-01
444 6.443000e-01 1.244000e-03 3.544560e-01
445 6.440040e-01 1.340000e-03 3.546560e-01
446 6.437960e-01 1.272000e-03 3.549320e-01
447 6.435840e-01 1.248000e-03 3.551680e-01
448 6.434000e-01 1.204000e-03 3.553960e-01
449 6.432400e-01 1.100000e-03 3.556600e-01
450 6.430440e-01 1.104000e-03 3.558520e-01
451 6.428560e-01 1.132000e-03 3.560120e-01
452 6.426400e-01 1.172000e-03 3.561880e-01
453 6.424600e-01 1.120000e-03 3.564200e-01
454 6.422800e-01 1.088000e-03 3.566320e-01
455 6.420840e-01 1.104000e-03 3.568120e-01
456 6.419320e-01 1.064000e-03 3.570040e-01
457 6.417160e-01 1.104000e-03 3.571800e-01
458 6.414880e-01 1.156000e-03 3.573560e-01
459 6.413120e-01 1.120000e-03 3.575680e-01
460 6.410640e-01 1.188000e-03 3.577480e-01
461 6.408760e-01 1.144000e-03 3.579800e-01
462 6.406800e-01 1.116000e-03 3.582040e-01
463 6.404360e-01 1.184000e-03 3.583800e-01
464 6.401960e-01 1.196000e-03 3.586080e-01
465 6.399880e-01 1.220000e-03 3.587920e-01
466 6.397800e-01 1.200000e-03 3.590200e-01
467 6.396280e-01 1.160000e-03 3.592120e-01
468 6.394120e-01 1.188000e-03 3.594000e-01
469 6.392160e-01 1.180000e-03 3.596040e-01
470 6.390000e-01 1.140000e-03 3.598600e-01
471 6.387880e-01 1.180000e-03 3.600320e-01
472 6.385920e-01 1.184000e-03 3.602240e-01
473 6.384160e-01 1.112000e-03 3.604720e-01
474 6.382720e-01 1.064000e-03 3.606640e-01
475 6.381000e-01 1.044000e-03 3.608560e-01
476 6.379200e-01 1.076000e-03 3.610040e-01
477 6.377640e-01 1.052000e-03 3.611840e-01
478 6.375680e-01 9.880000e-04 3.614440e-01
479 6.373800e-01 1.016000e-03 3.616040e-01
480 6.371680e-01 1.044000e-03 3.617880e-01
481 6.369600e-01 1.092000e-03 3.619480e-01
482 6.367360e-01 1.116000e-03 3.621480e-01
483 6.365880e-01 1.008000e-03 3.624040e-01
484 6.363880e-01 1.008000e-03 3.626040e-01
485 6.362000e-01 9.880000e-04 3.628120e-01
486 6.360120e-01 9.640000e-04 3.630240e-01
487 6.358520e-01 9.560000e-04 3.631920e-01
488 6.356240e-01 1.020000e-03 3.633560e-01
489 6.354280e-01 1.012000e-03 3.635600e-01
490 6.351960e-01 1.020000e-03 3.637840e-01
491 6.349400e-01 1.100000e-03 3.639600e-01
492 6.347680e-01 1.076000e-03 3.641560e-01
493 6.345600e-01 1.072000e-03 3.643680e-01
494 6.344040e-01 1.052000e-03 3.645440e-01
495 6.342240e-01 1.036000e-03 3.647400e-01
496 6.340600e-01 1.040000e-03 3.649000e-01
497 6.338360e-01 1.100000e-03 3.650640e-01
498 6.336280e-01 1.112000e-03 3.652600e-01
499 6.334600e-01 1.140000e-03 3.654000e-01
500 6.332840e-01 1.144000e-03 3.655720e-01
