1 9.991440e-01 7.640000e-04 9.200000e-05
2 9.984920e-01 1.308000e-03 2.000000e-04
3 9.978040e-01 1.796000e-03 4.000000e-04
4 9.969880e-01 2.320000e-03 6.920000e-04
5 9.960600e-01 2.836000e-03 1.104000e-03
6 9.951160e-01 3.228000e-03 1.656000e-03
7 9.941040e-01 3.540000e-03 2.356000e-03
8 9.931720e-01 3.836000e-03 2.992000e-03
9 9.922080e-01 4.024000e-03 3.768000e-03
10 9.911880e-01 4.352000e-03 4.460000e-03
11 9.901080e-01 4.660000e-03 5.232000e-03
12 9.889240e-01 4.928000e-03 6.148000e-03
13 9.876880e-01 5.272000e-03 7.040000e-03
14 9.864080e-01 5.728000e-03 7.864000e-03
15 9.851080e-01 5.976000e-03 8.916000e-03
16 9.835520e-01 6.408000e-03 1.004000e-02
17 9.823120e-01 6.396000e-03 1.129200e-02
18 9.810360e-01 6.504000e-03 1.246000e-02
19 9.797080e-01 6.644000e-03 1.364800e-02
20 9.782960e-01 6.892000e-03 1.481200e-02
21 9.769000e-01 7.060000e-03 1.604000e-02
22 9.754200e-01 7.248000e-03 1.733200e-02
23 9.738440e-01 7.596000e-03 1.856000e-02
24 9.724280e-01 7.572000e-03 2.000000e-02
25 9.708200e-01 7.748000e-03 2.143200e-02
26 9.692680e-01 7.852000e-03 2.288000e-02
27 9.678320e-01 8.000000e-03 2.416800e-02
28 9.664480e-01 7.956000e-03 2.559600e-02
29 9.649680e-01 8.096000e-03 2.693600e-02
30 9.634800e-01 8.256000e-03 2.826400e-02
31 9.619160e-01 8.376000e-03 2.970800e-02
32 9.605520e-01 8.244000e-03 3.120400e-02
33 9.591520e-01 8.168000e-03 3.268000e-02
34 9.576320e-01 8.160000e-03 3.420800e-02
35 9.559200e-01 8.456000e-03 3.562400e-02
36 9.542840e-01 8.604000e-03 3.711200e-02
37 9.527480e-01 8.712000e-03 3.854000e-02
38 9.511240e-01 8.836000e-03 4.004000e-02
39 9.493680e-01 8.976000e-03 4.165600e-02
40 9.475040e-01 9.268000e-03 4.322800e-02
41 9.457720e-01 9.476000e-03 4.475200e-02
42 9.441600e-01 9.476000e-03 4.636400e-02
43 9.424560e-01 9.376000e-03 4.816800e-02
44 9.407200e-01 9.412000e-03 4.986800e-02
45 9.389400e-01 9.620000e-03 5.144000e-02
46 9.371760e-01 9.620000e-03 5.320400e-02
47 9.353600e-01 9.660000e-03 5.498000e-02
48 9.335240e-01 9.780000e-03 5.669600e-02
49 9.317560e-01 9.944000e-03 5.830000e-02
50 9.299480e-01 9.888000e-03 6.016400e-02
51 9.282280e-01 9.976000e-03 6.179600e-02
52 9.265720e-01 9.928000e-03 6.350000e-02
53 9.250120e-01 9.824000e-03 6.516400e-02
54 9.233440e-01 9.776000e-03 6.688000e-02
55 9.216640e-01 9.904000e-03 6.843200e-02
56 9.198400e-01 9.932000e-03 7.022800e-02
57 9.180760e-01 9.872000e-03 7.205200e-02
58 9.162240e-01 9.988000e-03 7.378800e-02
59 9.144840e-01 9.920000e-03 7.559600e-02
60 9.129040e-01 9.792000e-03 7.730400e-02
61 9.112320e-01 9.708000e-03 7.906000e-02
62 9.096800e-01 9.628000e-03 8.069200e-02
63 9.080800e-01 9.560000e-03 8.236000e-02
64 9.063840e-01 9.744000e-03 8.387200e-02
65 9.048320e-01 9.548000e-03 8.562000e-02
66 9.032880e-01 9.316000e-03 8.739600e-02
67 9.015720e-01 9.464000e-03 8.896400e-02
68 8.999320e-01 9.460000e-03 9.060800e-02
69 8.984560e-01 9.096000e-03 9.244800e-02
70 8.968480e-01 8.972000e-03 9.418000e-02
71 8.954280e-01 8.804000e-03 9.576800e-02
72 8.938920e-01 8.796000e-03 9.731200e-02
73 8.924280e-01 8.772000e-03 9.880000e-02
74 8.908520e-01 8.764000e-03 1.003840e-01
75 8.892760e-01 8.896000e-03 1.018280e-01
76 8.875760e-01 8.972000e-03 1.034520e-01
77 8.859760e-01 8.908000e-03 1.051160e-01
78 8.844720e-01 8.872000e-03 1.066560e-01
79 8.829080e-01 8.852000e-03 1.082400e-01
80 8.813680e-01 8.892000e-03 1.097400e-01
81 8.797320e-01 8.960000e-03 1.113080e-01
82 8.781080e-01 8.996000e-03 1.128960e-01
83 8.766520e-01 9.072000e-03 1.142760e-01
84 8.751800e-01 8.948000e-03 1.158720e-01
85 8.737520e-01 8.812000e-03 1.174360e-01
86 8.721920e-01 8.676000e-03 1.191320e-01
87 8.705680e-01 8.716000e-03 1.207160e-01
88 8.688400e-01 9.088000e-03 1.220720e-01
89 8.671360e-01 9.244000e-03 1.236200e-01
90 8.654520e-01 9.260000e-03 1.252880e-01
91 8.637960e-01 9.340000e-03 1.268640e-01
92 8.620840e-01 9.428000e-03 1.284880e-01
93 8.605680e-01 9.200000e-03 1.302320e-01
94 8.590680e-01 9.016000e-03 1.319160e-01
95 8.575680e-01 8.848000e-03 1.335840e-01
96 8.561120e-01 8.840000e-03 1.350480e-01
97 8.545160e-01 8.884000e-03 1.366000e-01
98 8.529600e-01 8.860000e-03 1.381800e-01
99 8.513640e-01 8.908000e-03 1.397280e-01
100 8.498960e-01 8.924000e-03 1.411800e-01
101 8.483920e-01 8.920000e-03 1.426880e-01
102 8.468520e-01 8.916000e-03 1.442320e-01
103 8.451200e-01 9.144000e-03 1.457360e-01
104 8.435760e-01 9.076000e-03 1.473480e-01
105 8.420040e-01 8.992000e-03 1.490040e-01
106 8.405280e-01 8.864000e-03 1.506080e-01
107 8.389160e-01 8.892000e-03 1.521920e-01
108 8.374520e-01 8.900000e-03 1.536480e-01
109 8.359240e-01 8.872000e-03 1.552040e-01
110 8.345000e-01 8.780000e-03 1.567200e-01
111 8.330840e-01 8.620000e-03 1.582960e-01
112 8.318640e-01 8.508000e-03 1.596280e-01
113 8.304240e-01 8.544000e-03 1.610320e-01
114 8.290000e-01 8.392000e-03 1.626080e-01
115 8.274920e-01 8.488000e-03 1.640200e-01
116 8.260280e-01 8.384000e-03 1.655880e-01
117 8.244440e-01 8.548000e-03 1.670080e-01
118 8.231080e-01 8.392000e-03 1.685000e-01
119 8.215760e-01 8.560000e-03 1.698640e-01
120 8.202840e-01 8.320000e-03 1.713960e-01
121 8.189880e-01 8.264000e-03 1.727480e-01
122 8.177960e-01 8.068000e-03 1.741360e-01
123 8.165000e-01 7.948000e-03 1.755520e-01
124 8.151680e-01 7.836000e-03 1.769960e-01
125 8.139160e-01 7.764000e-03 1.783200e-01
126 8.127320e-01 7.528000e-03 1.797400e-01
127 8.114280e-01 7.448000e-03 1.811240e-01
128 8.100840e-01 7.480000e-03 1.824360e-01
129 8.088080e-01 7.512000e-03 1.836800e-01
130 8.075880e-01 7.384000e-03 1.850280e-01
131 8.064680e-01 7.132000e-03 1.864000e-01
132 8.053440e-01 7.076000e-03 1.875800e-01
133 8.041120e-01 7.168000e-03 1.887200e-01
134 8.029760e-01 7.116000e-03 1.899080e-01
135 8.016560e-01 7.216000e-03 1.911280e-01
136 8.003560e-01 7.300000e-03 1.923440e-01
137 7.991760e-01 7.140000e-03 1.936840e-01
138 7.980160e-01 7.028000e-03 1.949560e-01
139 7.969200e-01 6.896000e-03 1.961840e-01
140 7.958160e-01 6.760000e-03 1.974240e-01
141 7.946160e-01 6.824000e-03 1.985600e-01
142 7.934040e-01 6.768000e-03 1.998280e-01
143 7.921920e-01 6.796000e-03 2.010120e-01
144 7.909200e-01 6.904000e-03 2.021760e-01
145 7.897280e-01 6.916000e-03 2.033560e-01
146 7.886720e-01 6.704000e-03 2.046240e-01
147 7.873680e-01 6.864000e-03 2.057680e-01
148 7.861120e-01 6.904000e-03 2.069840e-01
149 7.847880e-01 7.084000e-03 2.081280e-01
150 7.835320e-01 7.128000e-03 2.093400e-01
151 7.822720e-01 6.964000e-03 2.107640e-01
152 7.810120e-01 6.920000e-03 2.120680e-01
153 7.798600e-01 6.796000e-03 2.133440e-01
154 7.786480e-01 6.880000e-03 2.144720e-01
155 7.772000e-01 7.180000e-03 2.156200e-01
156 7.759600e-01 7.156000e-03 2.168840e-01
157 7.744080e-01 7.416000e-03 2.181760e-01
158 7.730760e-01 7.424000e-03 2.195000e-01
159 7.715200e-01 7.708000e-03 2.207720e-01
160 7.700520e-01 7.816000e-03 2.221320e-01
161 7.685640e-01 7.900000e-03 2.235360e-01
162 7.671920e-01 7.916000e-03 2.248920e-01
163 7.658120e-01 7.872000e-03 2.263160e-01
164 7.644160e-01 7.944000e-03 2.276400e-01
165 7.629880e-01 7.980000e-03 2.290320e-01
166 7.615800e-01 7.980000e-03 2.304400e-01
167 7.601520e-01 8.084000e-03 2.317640e-01
168 7.588320e-01 7.988000e-03 2.331800e-01
169 7.574000e-01 8.076000e-03 2.345240e-01
170 7.559160e-01 8.104000e-03 2.359800e-01
171 7.544760e-01 8.216000e-03 2.373080e-01
172 7.530200e-01 8.260000e-03 2.387200e-01
173 7.516480e-01 8.244000e-03 2.401080e-01
174 7.503320e-01 8.120000e-03 2.415480e-01
175 7.489840e-01 8.072000e-03 2.429440e-01
176 7.476320e-01 7.952000e-03 2.444160e-01
177 7.463080e-01 7.692000e-03 2.460000e-01
178 7.449560e-01 7.664000e-03 2.473800e-01
179 7.435880e-01 7.696000e-03 2.487160e-01
180 7.422760e-01 7.644000e-03 2.500800e-01
181 7.410600e-01 7.576000e-03 2.513640e-01
182 7.397720e-01 7.632000e-03 2.525960e-01
183 7.384920e-01 7.676000e-03 2.538320e-01
184 7.370920e-01 7.624000e-03 2.552840e-01
185 7.359760e-01 7.556000e-03 2.564680e-01
186 7.347080e-01 7.488000e-03 2.578040e-01
187 7.335200e-01 7.352000e-03 2.591280e-01
188 7.322840e-01 7.304000e-03 2.604120e-01
189 7.311240e-01 7.192000e-03 2.616840e-01
190 7.300840e-01 7.144000e-03 2.627720e-01
191 7.289120e-01 7.028000e-03 2.640600e-01
192 7.277120e-01 6.940000e-03 2.653480e-01
193 7.266080e-01 6.760000e-03 2.666320e-01
194 7.254840e-01 6.648000e-03 2.678680e-01
195 7.244240e-01 6.564000e-03 2.690120e-01
196 7.231720e-01 6.660000e-03 2.701680e-01
197 7.221200e-01 6.576000e-03 2.713040e-01
198 7.209360e-01 6.668000e-03 2.723960e-01
199 7.197080e-01 6.708000e-03 2.735840e-01
200 7.185520e-01 6.712000e-03 2.747360e-01
201 7.173960e-01 6.748000e-03 2.758560e-01
202 7.163040e-01 6.772000e-03 2.769240e-01
203 7.151680e-01 6.692000e-03 2.781400e-01
204 7.141440e-01 6.548000e-03 2.793080e-01
205 7.131280e-01 6.404000e-03 2.804680e-01
206 7.119840e-01 6.324000e-03 2.816920e-01
207 7.109040e-01 6.272000e-03 2.828240e-01
208 7.097920e-01 6.180000e-03 2.840280e-01
209 7.086040e-01 6.316000e-03 2.850800e-01
210 7.075120e-01 6.336000e-03 2.861520e-01
211 7.063120e-01 6.428000e-03 2.872600e-01
212 7.051600e-01 6.456000e-03 2.883840e-01
213 7.040000e-01 6.420000e-03 2.895800e-01
214 7.030000e-01 6.252000e-03 2.907480e-01
215 7.019400e-01 6.240000e-03 2.918200e-01
216 7.009560e-01 6.160000e-03 2.928840e-01
217 6.998360e-01 6.148000e-03 2.940160e-01
218 6.988240e-01 6.052000e-03 2.951240e-01
219 6.978720e-01 6.060000e-03 2.960680e-01
220 6.968120e-01 6.012000e-03 2.971760e-01
221 6.958720e-01 5.912000e-03 2.982160e-01
222 6.949000e-01 5.896000e-03 2.992040e-01
223 6.938400e-01 5.980000e-03 3.001800e-01
224 6.926920e-01 5.996000e-03 3.013120e-01
225 6.916720e-01 5.968000e-03 3.023600e-01
226 6.903880e-01 6.108000e-03 3.035040e-01
227 6.893040e-01 6.192000e-03 3.045040e-01
228 6.881960e-01 6.268000e-03 3.055360e-01
229 6.871480e-01 6.200000e-03 3.066520e-01
230 6.860080e-01 6.348000e-03 3.076440e-01
231 6.849360e-01 6.260000e-03 3.088040e-01
232 6.838640e-01 6.228000e-03 3.099080e-01
233 6.829000e-01 6.092000e-03 3.110080e-01
234 6.820440e-01 5.880000e-03 3.120760e-01
235 6.812240e-01 5.820000e-03 3.129560e-01
236 6.803680e-01 5.656000e-03 3.139760e-01
237 6.795040e-01 5.576000e-03 3.149200e-01
238 6.786440e-01 5.492000e-03 3.158640e-01
239 6.777640e-01 5.472000e-03 3.167640e-01
240 6.769880e-01 5.256000e-03 3.177560e-01
241 6.762240e-01 5.172000e-03 3.186040e-01
242 6.753200e-01 5.200000e-03 3.194800e-01
243 6.745640e-01 5.008000e-03 3.204280e-01
244 6.738200e-01 4.928000e-03 3.212520e-01
245 6.730840e-01 4.804000e-03 3.221120e-01
246 6.722600e-01 4.788000e-03 3.229520e-01
247 6.714800e-01 4.776000e-03 3.237440e-01
248 6.706320e-01 4.772000e-03 3.245960e-01
249 6.698440e-01 4.708000e-03 3.254480e-01
250 6.689480e-01 4.780000e-03 3.262720e-01
251 6.682040e-01 4.652000e-03 3.271440e-01
252 6.673560e-01 4.704000e-03 3.279400e-01
253 6.665400e-01 4.724000e-03 3.287360e-01
254 6.656360e-01 4.824000e-03 3.295400e-01
255 6.648840e-01 4.844000e-03 3.302720e-01
256 6.641560e-01 4.720000e-03 3.311240e-01
257 6.633880e-01 4.648000e-03 3.319640e-01
258 6.626280e-01 4.544000e-03 3.328280e-01
259 6.617440e-01 4.628000e-03 3.336280e-01
260 6.609760e-01 4.400000e-03 3.346240e-01
261 6.601040e-01 4.500000e-03 3.353960e-01
262 6.593520e-01 4.492000e-03 3.361560e-01
263 6.586680e-01 4.360000e-03 3.369720e-01
264 6.579480e-01 4.312000e-03 3.377400e-01
265 6.572720e-01 4.140000e-03 3.385880e-01
266 6.566360e-01 4.116000e-03 3.392480e-01
267 6.559920e-01 4.052000e-03 3.399560e-01
268 6.554400e-01 3.896000e-03 3.406640e-01
269 6.549080e-01 3.844000e-03 3.412480e-01
270 6.542760e-01 3.816000e-03 3.419080e-01
271 6.537760e-01 3.708000e-03 3.425160e-01
272 6.532280e-01 3.632000e-03 3.431400e-01
273 6.526520e-01 3.524000e-03 3.438240e-01
274 6.521480e-01 3.404000e-03 3.444480e-01
275 6.515960e-01 3.336000e-03 3.450680e-01
276 6.510440e-01 3.384000e-03 3.455720e-01
277 6.505960e-01 3.316000e-03 3.460880e-01
278 6.500520e-01 3.288000e-03 3.466600e-01
279 6.495280e-01 3.292000e-03 3.471800e-01
280 6.491320e-01 3.136000e-03 3.477320e-01
281 6.486840e-01 3.080000e-03 3.482360e-01
282 6.482280e-01 3.024000e-03 3.487480e-01
283 6.477080e-01 3.036000e-03 3.492560e-01
284 6.471360e-01 3.056000e-03 3.498080e-01
285 6.465440e-01 3.188000e-03 3.502680e-01
286 6.459760e-01 3.180000e-03 3.508440e-01
287 6.455400e-01 3.088000e-03 3.513720e-01
288 6.450320e-01 3.104000e-03 3.518640e-01
289 6.444400e-01 3.180000e-03 3.523800e-01
290 6.439160e-01 3.140000e-03 3.529440e-01
291 6.434720e-01 3.088000e-03 3.534400e-01
292 6.430360e-01 2.976000e-03 3.539880e-01
293 6.425640e-01 2.876000e-03 3.545600e-01
294 6.421320e-01 2.804000e-03 3.550640e-01
295 6.416400e-01 2.812000e-03 3.555480e-01
296 6.411640e-01 2.820000e-03 3.560160e-01
297 6.407680e-01 2.756000e-03 3.564760e-01
298 6.403080e-01 2.736000e-03 3.569560e-01
299 6.397640e-01 2.784000e-03 3.574520e-01
300 6.393600e-01 2.696000e-03 3.579440e-01
301 6.389400e-01 2.604000e-03 3.584560e-01
302 6.385320e-01 2.520000e-03 3.589480e-01
303 6.381840e-01 2.360000e-03 3.594560e-01
304 6.377560e-01 2.368000e-03 3.598760e-01
305 6.373440e-01 2.312000e-03 3.603440e-01
306 6.369440e-01 2.312000e-03 3.607440e-01
307 6.365800e-01 2.268000e-03 3.611520e-01
308 6.361440e-01 2.216000e-03 3.616400e-01
309 6.357720e-01 2.220000e-03 3.620080e-01
310 6.353960e-01 2.256000e-03 3.623480e-01
311 6.349560e-01 2.292000e-03 3.627520e-01
312 6.345360e-01 2.336000e-03 3.631280e-01
313 6.340280e-01 2.452000e-03 3.635200e-01
314 6.335720e-01 2.480000e-03 3.639480e-01
315 6.331080e-01 2.552000e-03 3.643400e-01
316 6.326520e-01 2.624000e-03 3.647240e-01
317 6.321200e-01 2.780000e-03 3.651000e-01
318 6.315880e-01 2.804000e-03 3.656080e-01
319 6.311960e-01 2.712000e-03 3.660920e-01
320 6.307240e-01 2.712000e-03 3.665640e-01
321 6.303440e-01 2.604000e-03 3.670520e-01
322 6.300200e-01 2.444000e-03 3.675360e-01
323 6.295600e-01 2.496000e-03 3.679440e-01
324 6.291640e-01 2.440000e-03 3.683960e-01
325 6.286680e-01 2.528000e-03 3.688040e-01
326 6.282360e-01 2.524000e-03 3.692400e-01
327 6.278640e-01 2.480000e-03 3.696560e-01
328 6.275080e-01 2.444000e-03 3.700480e-01
329 6.271280e-01 2.420000e-03 3.704520e-01
330 6.267160e-01 2.444000e-03 3.708400e-01
331 6.263800e-01 2.384000e-03 3.712360e-01
332 6.260800e-01 2.252000e-03 3.716680e-01
333 6.256520e-01 2.356000e-03 3.719920e-01
334 6.252760e-01 2.288000e-03 3.724360e-01
335 6.249000e-01 2.240000e-03 3.728600e-01
336 6.246080e-01 2.136000e-03 3.732560e-01
337 6.242840e-01 2.104000e-03 3.736120e-01
338 6.239360e-01 2.060000e-03 3.740040e-01
339 6.236680e-01 2.000000e-03 3.743320e-01
340 6.233440e-01 1.916000e-03 3.747400e-01
341 6.230120e-01 1.916000e-03 3.750720e-01
342 6.226840e-01 1.856000e-03 3.754600e-01
343 6.223640e-01 1.876000e-03 3.757600e-01
344 6.220520e-01 1.856000e-03 3.760920e-01
345 6.217440e-01 1.804000e-03 3.764520e-01
346 6.215280e-01 1.744000e-03 3.767280e-01
347 6.212360e-01 1.772000e-03 3.769920e-01
348 6.209200e-01 1.792000e-03 3.772880e-01
349 6.207000e-01 1.740000e-03 3.775600e-01
350 6.203880e-01 1.772000e-03 3.778400e-01
351 6.200720e-01 1.712000e-03 3.782160e-01
352 6.198400e-01 1.624000e-03 3.785360e-01
353 6.195880e-01 1.568000e-03 3.788440e-01
354 6.193000e-01 1.568000e-03 3.791320e-01
355 6.190320e-01 1.592000e-03 3.793760e-01
356 6.187400e-01 1.584000e-03 3.796760e-01
357 6.185040e-01 1.528000e-03 3.799680e-01
358 6.182160e-01 1.612000e-03 3.801720e-01
359 6.179040e-01 1.692000e-03 3.804040e-01
360 6.176800e-01 1.604000e-03 3.807160e-01
361 6.174800e-01 1.508000e-03 3.810120e-01
362 6.173080e-01 1.420000e-03 3.812720e-01
363 6.170640e-01 1.396000e-03 3.815400e-01
364 6.168600e-01 1.368000e-03 3.817720e-01
365 6.166160e-01 1.344000e-03 3.820400e-01
366 6.163280e-01 1.380000e-03 3.822920e-01
367 6.160800e-01 1.416000e-03 3.825040e-01
368 6.157520e-01 1.476000e-03 3.827720e-01
369 6.154920e-01 1.476000e-03 3.830320e-01
370 6.151960e-01 1.540000e-03 3.832640e-01
371 6.149280e-01 1.544000e-03 3.835280e-01
372 6.146360e-01 1.648000e-03 3.837160e-01
373 6.143840e-01 1.604000e-03 3.840120e-01
374 6.141840e-01 1.508000e-03 3.843080e-01
375 6.139720e-01 1.416000e-03 3.846120e-01
376 6.137600e-01 1.412000e-03 3.848280e-01
377 6.134840e-01 1.452000e-03 3.850640e-01
378 6.132720e-01 1.460000e-03 3.852680e-01
379 6.130920e-01 1.392000e-03 3.855160e-01
380 6.128440e-01 1.372000e-03 3.857840e-01
381 6.126000e-01 1.392000e-03 3.860080e-01
382 6.124000e-01 1.328000e-03 3.862720e-01
383 6.121200e-01 1.364000e-03 3.865160e-01
384 6.118720e-01 1.396000e-03 3.867320e-01
385 6.117240e-01 1.280000e-03 3.869960e-01
386 6.114480e-01 1.316000e-03 3.872360e-01
387 6.112000e-01 1.392000e-03 3.874080e-01
388 6.109320e-01 1.492000e-03 3.875760e-01
389 6.106320e-01 1.536000e-03 3.878320e-01
390 6.103800e-01 1.544000e-03 3.880760e-01
391 6.099840e-01 1.684000e-03 3.883320e-01
392 6.097440e-01 1.560000e-03 3.886960e-01
393 6.095360e-01 1.476000e-03 3.889880e-01
394 6.093360e-01 1.444000e-03 3.892200e-01
395 6.091080e-01 1.412000e-03 3.894800e-01
396 6.088800e-01 1.396000e-03 3.897240e-01
397 6.086440e-01 1.380000e-03 3.899760e-01
398 6.083920e-01 1.404000e-03 3.902040e-01
399 6.082040e-01 1.392000e-03 3.904040e-01
400 6.079720e-01 1.368000e-03 3.906600e-01
401 6.077680e-01 1.348000e-03 3.908840e-01
402 6.075200e-01 1.348000e-03 3.911320e-01
403 6.071840e-01 1.432000e-03 3.913840e-01
404 6.069200e-01 1.468000e-03 3.916120e-01
405 6.065960e-01 1.520000e-03 3.918840e-01
406 6.063320e-01 1.544000e-03 3.921240e-01
407 6.060280e-01 1.580000e-03 3.923920e-01
408 6.057560e-01 1.580000e-03 3.926640e-01
409 6.054640e-01 1.600000e-03 3.929360e-01
410 6.051640e-01 1.640000e-03 3.931960e-01
411 6.048720e-01 1.652000e-03 3.934760e-01
412 6.045560e-01 1.644000e-03 3.938000e-01
413 6.042920e-01 1.636000e-03 3.940720e-01
414 6.040760e-01 1.556000e-03 3.943680e-01
415 6.038920e-01 1.520000e-03 3.945880e-01
416 6.036640e-01 1.476000e-03 3.948600e-01
417 6.033920e-01 1.424000e-03 3.951840e-01
418 6.031200e-01 1.436000e-03 3.954440e-01
419 6.028640e-01 1.376000e-03 3.957600e-01
420 6.026240e-01 1.416000e-03 3.959600e-01
421 6.024280e-01 1.384000e-03 3.961880e-01
422 6.021360e-01 1.400000e-03 3.964640e-01
423 6.019120e-01 1.368000e-03 3.967200e-01
424 6.017160e-01 1.356000e-03 3.969280e-01
425 6.014480e-01 1.436000e-03 3.971160e-01
426 6.012560e-01 1.368000e-03 3.973760e-01
427 6.009760e-01 1.420000e-03 3.976040e-01
428 6.007000e-01 1.484000e-03 3.978160e-01
429 6.004680e-01 1.480000e-03 3.980520e-01
430 6.002840e-01 1.424000e-03 3.982920e-01
431 6.000240e-01 1.460000e-03 3.985160e-01
432 5.998240e-01 1.372000e-03 3.988040e-01
433 5.996080e-01 1.344000e-03 3.990480e-01
434 5.993360e-01 1.416000e-03 3.992480e-01
435 5.991280e-01 1.332000e-03 3.995400e-01
436 5.989080e-01 1.344000e-03 3.997480e-01
437 5.986800e-01 1.320000e-03 4.000000e-01
438 5.984760e-01 1.332000e-03 4.001920e-01
439 5.982480e-01 1.300000e-03 4.004520e-01
440 5.980440e-01 1.308000e-03 4.006480e-01
441 5.977960e-01 1.308000e-03 4.008960e-01
442 5.975920e-01 1.272000e-03 4.011360e-01
443 5.974200e-01 1.232000e-03 4.013480e-01
444 5.972400e-01 1.196000e-03 4.015640e-01
445 5.970400e-01 1.184000e-03 4.017760e-01
446 5.968600e-01 1.136000e-03 4.020040e-01
447 5.967520e-01 1.020000e-03 4.022280e-01
448 5.966000e-01 9.800000e-04 4.024200e-01
449 5.964080e-01 1.008000e-03 4.025840e-01
450 5.962600e-01 9.360000e-04 4.028040e-01
451 5.961280e-01 8.960000e-04 4.029760e-01
452 5.959440e-01 9.200000e-04 4.031360e-01
453 5.957480e-01 9.160000e-04 4.033360e-01
454 5.955920e-01 9.240000e-04 4.034840e-01
455 5.953480e-01 1.004000e-03 4.036480e-01
456 5.952280e-01 9.840000e-04 4.037880e-01
457 5.951040e-01 9.640000e-04 4.039320e-01
458 5.949480e-01 9.560000e-04 4.040960e-01
459 5.948120e-01 9.280000e-04 4.042600e-01
460 5.946480e-01 9.240000e-04 4.044280e-01
461 5.944840e-01 9.320000e-04 4.045840e-01
462 5.943440e-01 9.320000e-04 4.047240e-01
463 5.942040e-01 9.560000e-04 4.048400e-01
464 5.939920e-01 1.024000e-03 4.049840e-01
465 5.938440e-01 1.016000e-03 4.051400e-01
466 5.937120e-01 9.840000e-04 4.053040e-01
467 5.935280e-01 1.008000e-03 4.054640e-01
468 5.933800e-01 1.008000e-03 4.056120e-01
469 5.931760e-01 1.040000e-03 4.057840e-01
470 5.929960e-01 1.024000e-03 4.059800e-01
471 5.928080e-01 1.072000e-03 4.061200e-01
472 5.926440e-01 1.060000e-03 4.062960e-01
473 5.924720e-01 1.072000e-03 4.064560e-01
474 5.923040e-01 1.048000e-03 4.066480e-01
475 5.920800e-01 1.068000e-03 4.068520e-01
476 5.918840e-01 1.060000e-03 4.070560e-01
477 5.916840e-01 1.076000e-03 4.072400e-01
478 5.915600e-01 9.960000e-04 4.074440e-01
479 5.914280e-01 9.360000e-04 4.076360e-01
480 5.913120e-01 8.760000e-04 4.078120e-01
481 5.911840e-01 8.200000e-04 4.079960e-01
482 5.910040e-01 8.440000e-04 4.081520e-01
483 5.908200e-01 8.560000e-04 4.083240e-01
484 5.906080e-01 9.440000e-04 4.084480e-01
485 5.904040e-01 9.840000e-04 4.086120e-01
486 5.902560e-01 9.000000e-04 4.088440e-01
487 5.900440e-01 9.880000e-04 4.089680e-01
488 5.898480e-01 1.028000e-03 4.091240e-01
489 5.896400e-01 1.032000e-03 4.093280e-01
490 5.894680e-01 1.028000e-03 4.095040e-01
491 5.892160e-01 1.080000e-03 4.097040e-01
492 5.890480e-01 1.044000e-03 4.099080e-01
493 5.888920e-01 1.024000e-03 4.100840e-01
494 5.886920e-01 1.088000e-03 4.102200e-01
495 5.884720e-01 1.116000e-03 4.104120e-01
496 5.882960e-01 1.072000e-03 4.106320e-01
497 5.881440e-01 1.032000e-03 4.108240e-01
498 5.879840e-01 9.840000e-04 4.110320e-01
499 5.878520e-01 9.800000e-04 4.111680e-01
500 5.877520e-01 9.080000e-04 4.113400e-01
