1 9.992880e-01 6.200000e-04 9.200000e-05
2 9.988200e-01 9.400000e-04 2.400000e-04
3 9.982440e-01 1.360000e-03 3.960000e-04
4 9.976000e-01 1.788000e-03 6.120000e-04
5 9.967760e-01 2.256000e-03 9.680000e-04
6 9.959880e-01 2.712000e-03 1.300000e-03
7 9.950440e-01 3.220000e-03 1.736000e-03
8 9.939080e-01 3.648000e-03 2.444000e-03
9 9.928040e-01 4.112000e-03 3.084000e-03
10 9.917240e-01 4.388000e-03 3.888000e-03
11 9.907160e-01 4.536000e-03 4.748000e-03
12 9.894800e-01 4.992000e-03 5.528000e-03
13 9.882720e-01 5.256000e-03 6.472000e-03
14 9.871520e-01 5.412000e-03 7.436000e-03
15 9.860320e-01 5.572000e-03 8.396000e-03
16 9.849240e-01 5.652000e-03 9.424000e-03
17 9.835720e-01 6.028000e-03 1.040000e-02
18 9.823520e-01 6.212000e-03 1.143600e-02
19 9.808920e-01 6.528000e-03 1.258000e-02
20 9.795400e-01 6.744000e-03 1.371600e-02
21 9.780680e-01 7.088000e-03 1.484400e-02
22 9.767280e-01 7.040000e-03 1.623200e-02
23 9.753080e-01 7.200000e-03 1.749200e-02
24 9.738400e-01 7.396000e-03 1.876400e-02
25 9.721680e-01 7.740000e-03 2.009200e-02
26 9.705800e-01 7.948000e-03 2.147200e-02
27 9.690240e-01 8.156000e-03 2.282000e-02
28 9.676000e-01 8.284000e-03 2.411600e-02
29 9.661200e-01 8.260000e-03 2.562000e-02
30 9.645920e-01 8.328000e-03 2.708000e-02
31 9.631920e-01 8.396000e-03 2.841200e-02
32 9.618360e-01 8.264000e-03 2.990000e-02
33 9.604080e-01 8.152000e-03 3.144000e-02
34 9.588840e-01 8.212000e-03 3.290400e-02
35 9.574280e-01 8.300000e-03 3.427200e-02
36 9.560080e-01 8.244000e-03 3.574800e-02
37 9.545600e-01 8.240000e-03 3.720000e-02
38 9.530920e-01 8.284000e-03 3.862400e-02
39 9.515440e-01 8.260000e-03 4.019600e-02
40 9.499880e-01 8.440000e-03 4.157200e-02
41 9.484520e-01 8.448000e-03 4.310000e-02
42 9.468480e-01 8.596000e-03 4.455600e-02
43 9.454680e-01 8.508000e-03 4.602400e-02
44 9.440360e-01 8.512000e-03 4.745200e-02
45 9.425200e-01 8.488000e-03 4.899200e-02
46 9.408840e-01 8.784000e-03 5.033200e-02
47 9.391520e-01 8.972000e-03 5.187600e-02
48 9.375680e-01 9.004000e-03 5.342800e-02
49 9.358640e-01 9.164000e-03 5.497200e-02
50 9.342880e-01 9.120000e-03 5.659200e-02
51 9.326280e-01 9.180000e-03 5.819200e-02
52 9.310240e-01 9.200000e-03 5.977600e-02
53 9.293960e-01 9.256000e-03 6.134800e-02
54 9.276640e-01 9.416000e-03 6.292000e-02
55 9.260920e-01 9.264000e-03 6.464400e-02
56 9.244840e-01 9.200000e-03 6.631600e-02
57 9.226800e-01 9.308000e-03 6.801200e-02
58 9.211280e-01 9.212000e-03 6.966000e-02
59 9.194680e-01 9.336000e-03 7.119600e-02
60 9.177920e-01 9.392000e-03 7.281600e-02
61 9.160640e-01 9.524000e-03 7.441200e-02
62 9.145880e-01 9.408000e-03 7.600400e-02
63 9.130360e-01 9.188000e-03 7.777600e-02
64 9.114760e-01 9.140000e-03 7.938400e-02
65 9.099640e-01 9.060000e-03 8.097600e-02
66 9.083120e-01 9.052000e-03 8.263600e-02
67 9.067520e-01 9.120000e-03 8.412800e-02
68 9.052000e-01 9.108000e-03 8.569200e-02
69 9.035920e-01 9.084000e-03 8.732400e-02
70 9.020120e-01 9.128000e-03 8.886000e-02
71 9.005480e-01 9.088000e-03 9.036400e-02
72 8.990800e-01 9.064000e-03 9.185600e-02
73 8.975280e-01 9.132000e-03 9.334000e-02
74 8.958480e-01 9.152000e-03 9.500000e-02
75 8.942880e-01 9.156000e-03 9.655600e-02
76 8.927280e-01 9.056000e-03 9.821600e-02
77 8.912000e-01 9.060000e-03 9.974000e-02
78 8.895800e-01 9.212000e-03 1.012080e-01
79 8.878720e-01 9.456000e-03 1.026720e-01
80 8.862240e-01 9.472000e-03 1.043040e-01
81 8.845400e-01 9.492000e-03 1.059680e-01
82 8.829920e-01 9.540000e-03 1.074680e-01
83 8.814360e-01 9.396000e-03 1.091680e-01
84 8.798760e-01 9.420000e-03 1.107040e-01
85 8.783960e-01 9.248000e-03 1.123560e-01
86 8.768080e-01 9.216000e-03 1.139760e-01
87 8.751960e-01 9.148000e-03 1.156560e-01
88 8.734920e-01 9.192000e-03 1.173160e-01
89 8.718520e-01 9.164000e-03 1.189840e-01
90 8.702880e-01 8.964000e-03 1.207480e-01
91 8.689680e-01 8.704000e-03 1.223280e-01
92 8.673600e-01 8.756000e-03 1.238840e-01
93 8.658880e-01 8.748000e-03 1.253640e-01
94 8.643400e-01 8.724000e-03 1.269360e-01
95 8.627080e-01 8.784000e-03 1.285080e-01
96 8.612240e-01 8.712000e-03 1.300640e-01
97 8.595960e-01 8.828000e-03 1.315760e-01
98 8.578920e-01 9.092000e-03 1.330160e-01
99 8.563560e-01 9.104000e-03 1.345400e-01
100 8.548840e-01 8.980000e-03 1.361360e-01
101 8.534080e-01 8.924000e-03 1.376680e-01
102 8.519560e-01 8.920000e-03 1.391240e-01
103 8.505800e-01 8.848000e-03 1.405720e-01
104 8.491800e-01 8.544000e-03 1.422760e-01
105 8.476920e-01 8.500000e-03 1.438080e-01
106 8.463000e-01 8.448000e-03 1.452520e-01
107 8.449960e-01 8.204000e-03 1.468000e-01
108 8.437240e-01 8.064000e-03 1.482120e-01
109 8.424560e-01 7.916000e-03 1.496280e-01
110 8.412480e-01 7.696000e-03 1.510560e-01
111 8.400440e-01 7.588000e-03 1.523680e-01
112 8.387360e-01 7.516000e-03 1.537480e-01
113 8.374400e-01 7.560000e-03 1.550000e-01
114 8.360320e-01 7.492000e-03 1.564760e-01
115 8.346040e-01 7.620000e-03 1.577760e-01
116 8.331640e-01 7.720000e-03 1.591160e-01
117 8.318080e-01 7.688000e-03 1.605040e-01
118 8.304600e-01 7.656000e-03 1.618840e-01
119 8.291040e-01 7.724000e-03 1.631720e-01
120 8.277640e-01 7.576000e-03 1.646600e-01
121 8.264240e-01 7.500000e-03 1.660760e-01
122 8.251760e-01 7.512000e-03 1.673120e-01
123 8.239000e-01 7.488000e-03 1.686120e-01
124 8.226160e-01 7.412000e-03 1.699720e-01
125 8.211960e-01 7.632000e-03 1.711720e-01
126 8.198040e-01 7.728000e-03 1.724680e-01
127 8.185720e-01 7.612000e-03 1.738160e-01
128 8.172960e-01 7.448000e-03 1.752560e-01
129 8.159240e-01 7.576000e-03 1.765000e-01
130 8.146360e-01 7.472000e-03 1.778920e-01
131 8.134240e-01 7.348000e-03 1.792280e-01
132 8.122120e-01 7.244000e-03 1.805440e-01
133 8.109080e-01 7.272000e-03 1.818200e-01
134 8.097360e-01 7.208000e-03 1.830560e-01
135 8.085360e-01 7.196000e-03 1.842680e-01
136 8.073680e-01 6.984000e-03 1.856480e-01
137 8.062320e-01 6.984000e-03 1.867840e-01
138 8.050560e-01 6.968000e-03 1.879760e-01
139 8.039240e-01 6.932000e-03 1.891440e-01
140 8.028320e-01 6.788000e-03 1.903800e-01
141 8.016680e-01 6.776000e-03 1.915560e-01
142 8.005800e-01 6.688000e-03 1.927320e-01
143 7.993920e-01 6.696000e-03 1.939120e-01
144 7.981800e-01 6.676000e-03 1.951440e-01
145 7.969440e-01 6.676000e-03 1.963800e-01
146 7.957560e-01 6.744000e-03 1.975000e-01
147 7.945320e-01 6.724000e-03 1.987440e-01
148 7.933760e-01 6.652000e-03 1.999720e-01
149 7.921520e-01 6.632000e-03 2.012160e-01
150 7.908760e-01 6.712000e-03 2.024120e-01
151 7.897880e-01 6.644000e-03 2.035680e-01
152 7.886800e-01 6.584000e-03 2.047360e-01
153 7.876480e-01 6.428000e-03 2.059240e-01
154 7.865840e-01 6.324000e-03 2.070920e-01
155 7.855200e-01 6.336000e-03 2.081440e-01
156 7.844200e-01 6.272000e-03 2.093080e-01
157 7.833280e-01 6.188000e-03 2.104840e-01
158 7.822720e-01 6.220000e-03 2.115080e-01
159 7.811480e-01 6.276000e-03 2.125760e-01
160 7.801040e-01 6.288000e-03 2.136080e-01
161 7.790680e-01 6.188000e-03 2.147440e-01
162 7.780920e-01 6.088000e-03 2.158200e-01
163 7.770400e-01 6.108000e-03 2.168520e-01
164 7.761040e-01 6.032000e-03 2.178640e-01
165 7.751760e-01 5.900000e-03 2.189240e-01
166 7.741000e-01 5.960000e-03 2.199400e-01
167 7.732000e-01 5.748000e-03 2.210520e-01
168 7.722760e-01 5.688000e-03 2.220360e-01
169 7.714720e-01 5.520000e-03 2.230080e-01
170 7.705280e-01 5.412000e-03 2.240600e-01
171 7.697240e-01 5.280000e-03 2.249960e-01
172 7.688200e-01 5.256000e-03 2.259240e-01
173 7.680120e-01 5.160000e-03 2.268280e-01
174 7.671400e-01 5.156000e-03 2.277040e-01
175 7.662480e-01 5.140000e-03 2.286120e-01
176 7.653880e-01 5.236000e-03 2.293760e-01
177 7.644840e-01 5.256000e-03 2.302600e-01
178 7.635680e-01 5.304000e-03 2.311280e-01
179 7.626560e-01 5.344000e-03 2.320000e-01
180 7.617280e-01 5.256000e-03 2.330160e-01
181 7.607600e-01 5.304000e-03 2.339360e-01
182 7.599440e-01 5.152000e-03 2.349040e-01
183 7.590920e-01 5.120000e-03 2.357880e-01
184 7.582840e-01 4.968000e-03 2.367480e-01
185 7.575080e-01 4.856000e-03 2.376360e-01
186 7.566120e-01 4.888000e-03 2.385000e-01
187 7.558480e-01 4.748000e-03 2.394040e-01
188 7.551520e-01 4.652000e-03 2.401960e-01
189 7.544160e-01 4.628000e-03 2.409560e-01
190 7.537040e-01 4.536000e-03 2.417600e-01
191 7.529120e-01 4.468000e-03 2.426200e-01
192 7.522040e-01 4.364000e-03 2.434320e-01
193 7.515160e-01 4.208000e-03 2.442760e-01
194 7.507760e-01 4.216000e-03 2.450080e-01
195 7.500480e-01 4.208000e-03 2.457440e-01
196 7.493200e-01 4.160000e-03 2.465200e-01
197 7.487160e-01 4.060000e-03 2.472240e-01
198 7.480000e-01 4.132000e-03 2.478680e-01
199 7.474120e-01 4.016000e-03 2.485720e-01
200 7.468840e-01 3.912000e-03 2.492040e-01
201 7.462760e-01 3.904000e-03 2.498200e-01
202 7.456400e-01 3.880000e-03 2.504800e-01
203 7.450040e-01 3.824000e-03 2.511720e-01
204 7.442840e-01 3.940000e-03 2.517760e-01
205 7.435640e-01 4.008000e-03 2.524280e-01
206 7.427280e-01 4.176000e-03 2.530960e-01
207 7.420760e-01 4.092000e-03 2.538320e-01
208 7.414000e-01 4.100000e-03 2.545000e-01
209 7.407560e-01 3.952000e-03 2.552920e-01
210 7.401720e-01 3.828000e-03 2.560000e-01
211 7.396640e-01 3.632000e-03 2.567040e-01
212 7.391120e-01 3.552000e-03 2.573360e-01
213 7.385800e-01 3.468000e-03 2.579520e-01
214 7.379800e-01 3.524000e-03 2.584960e-01
215 7.374760e-01 3.392000e-03 2.591320e-01
216 7.367560e-01 3.532000e-03 2.597120e-01
217 7.360880e-01 3.548000e-03 2.603640e-01
218 7.355680e-01 3.460000e-03 2.609720e-01
219 7.349760e-01 3.436000e-03 2.615880e-01
220 7.343720e-01 3.540000e-03 2.620880e-01
221 7.337920e-01 3.644000e-03 2.625640e-01
222 7.331480e-01 3.608000e-03 2.632440e-01
223 7.325920e-01 3.624000e-03 2.637840e-01
224 7.319080e-01 3.572000e-03 2.645200e-01
225 7.313120e-01 3.588000e-03 2.651000e-01
226 7.306280e-01 3.648000e-03 2.657240e-01
227 7.299640e-01 3.660000e-03 2.663760e-01
228 7.293720e-01 3.552000e-03 2.670760e-01
229 7.287960e-01 3.524000e-03 2.676800e-01
230 7.280880e-01 3.656000e-03 2.682560e-01
231 7.274760e-01 3.648000e-03 2.688760e-01
232 7.268000e-01 3.672000e-03 2.695280e-01
233 7.262080e-01 3.624000e-03 2.701680e-01
234 7.255600e-01 3.580000e-03 2.708600e-01
235 7.248280e-01 3.636000e-03 2.715360e-01
236 7.241440e-01 3.600000e-03 2.722560e-01
237 7.236080e-01 3.524000e-03 2.728680e-01
238 7.229960e-01 3.536000e-03 2.734680e-01
239 7.224520e-01 3.428000e-03 2.741200e-01
240 7.218840e-01 3.436000e-03 2.746800e-01
241 7.213640e-01 3.384000e-03 2.752520e-01
242 7.208560e-01 3.320000e-03 2.758240e-01
243 7.203680e-01 3.160000e-03 2.764720e-01
244 7.198000e-01 3.180000e-03 2.770200e-01
245 7.191560e-01 3.208000e-03 2.776360e-01
246 7.186360e-01 3.116000e-03 2.782480e-01
247 7.180680e-01 3.100000e-03 2.788320e-01
248 7.175520e-01 3.068000e-03 2.793800e-01
249 7.170160e-01 3.088000e-03 2.798960e-01
250 7.164840e-01 3.068000e-03 2.804480e-01
251 7.160400e-01 3.008000e-03 2.809520e-01
252 7.155280e-01 3.088000e-03 2.813840e-01
253 7.150400e-01 3.000000e-03 2.819600e-01
254 7.145400e-01 3.008000e-03 2.824520e-01
255 7.139640e-01 3.112000e-03 2.829240e-01
256 7.135000e-01 3.036000e-03 2.834640e-01
257 7.130400e-01 2.964000e-03 2.839960e-01
258 7.126720e-01 2.868000e-03 2.844600e-01
259 7.121960e-01 2.824000e-03 2.849800e-01
260 7.116960e-01 2.840000e-03 2.854640e-01
261 7.113120e-01 2.744000e-03 2.859440e-01
262 7.108520e-01 2.724000e-03 2.864240e-01
263 7.104120e-01 2.676000e-03 2.869120e-01
264 7.099400e-01 2.716000e-03 2.873440e-01
265 7.094400e-01 2.772000e-03 2.877880e-01
266 7.089160e-01 2.812000e-03 2.882720e-01
267 7.084520e-01 2.780000e-03 2.887680e-01
268 7.080320e-01 2.716000e-03 2.892520e-01
269 7.075680e-01 2.648000e-03 2.897840e-01
270 7.071080e-01 2.656000e-03 2.902360e-01
271 7.066920e-01 2.584000e-03 2.907240e-01
272 7.063360e-01 2.536000e-03 2.911280e-01
273 7.058720e-01 2.616000e-03 2.915120e-01
274 7.054720e-01 2.544000e-03 2.919840e-01
275 7.050120e-01 2.480000e-03 2.925080e-01
276 7.046880e-01 2.412000e-03 2.929000e-01
277 7.042520e-01 2.412000e-03 2.933360e-01
278 7.038400e-01 2.452000e-03 2.937080e-01
279 7.034360e-01 2.408000e-03 2.941560e-01
280 7.030840e-01 2.344000e-03 2.945720e-01
281 7.026400e-01 2.368000e-03 2.949920e-01
282 7.023720e-01 2.228000e-03 2.954000e-01
283 7.020000e-01 2.252000e-03 2.957480e-01
284 7.016680e-01 2.128000e-03 2.962040e-01
285 7.012880e-01 2.148000e-03 2.965640e-01
286 7.009440e-01 2.144000e-03 2.969120e-01
287 7.005840e-01 2.160000e-03 2.972560e-01
288 7.001880e-01 2.144000e-03 2.976680e-01
289 6.998880e-01 2.096000e-03 2.980160e-01
290 6.995360e-01 2.144000e-03 2.983200e-01
291 6.991080e-01 2.212000e-03 2.986800e-01
292 6.987120e-01 2.172000e-03 2.991160e-01
293 6.982640e-01 2.272000e-03 2.994640e-01
294 6.978800e-01 2.256000e-03 2.998640e-01
295 6.975120e-01 2.240000e-03 3.002480e-01
296 6.970840e-01 2.276000e-03 3.006400e-01
297 6.967000e-01 2.272000e-03 3.010280e-01
298 6.963600e-01 2.236000e-03 3.014040e-01
299 6.960120e-01 2.188000e-03 3.018000e-01
300 6.956600e-01 2.144000e-03 3.021960e-01
301 6.953520e-01 2.168000e-03 3.024800e-01
302 6.950160e-01 2.132000e-03 3.028520e-01
303 6.947160e-01 2.020000e-03 3.032640e-01
304 6.944000e-01 2.040000e-03 3.035600e-01
305 6.940840e-01 1.964000e-03 3.039520e-01
306 6.937360e-01 1.996000e-03 3.042680e-01
307 6.934680e-01 1.920000e-03 3.046120e-01
308 6.931920e-01 1.840000e-03 3.049680e-01
309 6.928760e-01 1.832000e-03 3.052920e-01
310 6.925760e-01 1.844000e-03 3.055800e-01
311 6.922760e-01 1.788000e-03 3.059360e-01
312 6.919680e-01 1.760000e-03 3.062720e-01
313 6.916080e-01 1.844000e-03 3.065480e-01
314 6.912520e-01 1.892000e-03 3.068560e-01
315 6.908040e-01 1.980000e-03 3.072160e-01
316 6.904080e-01 2.000000e-03 3.075920e-01
317 6.900320e-01 2.088000e-03 3.078800e-01
318 6.896760e-01 2.092000e-03 3.082320e-01
319 6.893280e-01 2.108000e-03 3.085640e-01
320 6.890120e-01 2.044000e-03 3.089440e-01
321 6.886560e-01 2.052000e-03 3.092920e-01
322 6.883120e-01 2.052000e-03 3.096360e-01
323 6.879640e-01 2.036000e-03 3.100000e-01
324 6.875840e-01 2.064000e-03 3.103520e-01
325 6.873080e-01 2.028000e-03 3.106640e-01
326 6.869360e-01 2.084000e-03 3.109800e-01
327 6.866600e-01 1.996000e-03 3.113440e-01
328 6.863920e-01 1.868000e-03 3.117400e-01
329 6.860560e-01 1.836000e-03 3.121080e-01
330 6.857320e-01 1.848000e-03 3.124200e-01
331 6.854240e-01 1.832000e-03 3.127440e-01
332 6.850480e-01 1.916000e-03 3.130360e-01
333 6.847160e-01 1.880000e-03 3.134040e-01
334 6.843960e-01 1.860000e-03 3.137440e-01
335 6.840480e-01 1.868000e-03 3.140840e-01
336 6.836760e-01 1.952000e-03 3.143720e-01
337 6.834040e-01 1.868000e-03 3.147280e-01
338 6.831320e-01 1.816000e-03 3.150520e-01
339 6.828600e-01 1.740000e-03 3.154000e-01
340 6.826120e-01 1.680000e-03 3.157080e-01
341 6.823920e-01 1.636000e-03 3.159720e-01
342 6.821840e-01 1.568000e-03 3.162480e-01
343 6.819040e-01 1.592000e-03 3.165040e-01
344 6.816440e-01 1.584000e-03 3.167720e-01
345 6.813760e-01 1.592000e-03 3.170320e-01
346 6.811360e-01 1.560000e-03 3.173040e-01
347 6.809240e-01 1.484000e-03 3.175920e-01
348 6.807320e-01 1.460000e-03 3.178080e-01
349 6.804520e-01 1.480000e-03 3.180680e-01
350 6.802160e-01 1.452000e-03 3.183320e-01
351 6.800000e-01 1.416000e-03 3.185840e-01
352 6.797680e-01 1.340000e-03 3.188920e-01
353 6.795440e-01 1.340000e-03 3.191160e-01
354 6.792680e-01 1.396000e-03 3.193360e-01
355 6.790440e-01 1.416000e-03 3.195400e-01
356 6.787920e-01 1.484000e-03 3.197240e-01
357 6.785440e-01 1.492000e-03 3.199640e-01
358 6.783520e-01 1.432000e-03 3.202160e-01
359 6.781560e-01 1.364000e-03 3.204800e-01
360 6.779800e-01 1.340000e-03 3.206800e-01
361 6.778480e-01 1.244000e-03 3.209080e-01
362 6.777480e-01 1.120000e-03 3.211320e-01
363 6.775440e-01 1.108000e-03 3.213480e-01
364 6.773600e-01 1.076000e-03 3.215640e-01
365 6.772560e-01 9.760000e-04 3.217680e-01
366 6.770880e-01 9.200000e-04 3.219920e-01
367 6.769640e-01 8.680000e-04 3.221680e-01
368 6.768520e-01 8.200000e-04 3.223280e-01
369 6.767400e-01 7.520000e-04 3.225080e-01
370 6.766240e-01 7.080000e-04 3.226680e-01
371 6.765640e-01 6.560000e-04 3.227800e-01
372 6.764720e-01 6.440000e-04 3.228840e-01
373 6.763640e-01 6.520000e-04 3.229840e-01
374 6.762560e-01 6.560000e-04 3.230880e-01
375 6.761520e-01 6.720000e-04 3.231760e-01
376 6.760400e-01 6.640000e-04 3.232960e-01
377 6.759240e-01 6.640000e-04 3.234120e-01
378 6.758120e-01 6.920000e-04 3.234960e-01
379 6.757080e-01 6.600000e-04 3.236320e-01
380 6.756000e-01 6.680000e-04 3.237320e-01
381 6.755040e-01 6.400000e-04 3.238560e-01
382 6.753600e-01 6.440000e-04 3.239960e-01
383 6.752400e-01 6.600000e-04 3.241000e-01
384 6.750680e-01 6.800000e-04 3.242520e-01
385 6.750040e-01 6.280000e-04 3.243680e-01
386 6.748840e-01 6.280000e-04 3.244880e-01
387 6.747520e-01 6.880000e-04 3.245600e-01
388 6.745920e-01 7.000000e-04 3.247080e-01
389 6.744360e-01 7.400000e-04 3.248240e-01
390 6.742800e-01 7.600000e-04 3.249600e-01
391 6.741240e-01 7.800000e-04 3.250960e-01
392 6.739720e-01 7.640000e-04 3.252640e-01
393 6.738240e-01 7.840000e-04 3.253920e-01
394 6.736920e-01 8.000000e-04 3.255080e-01
395 6.735720e-01 8.160000e-04 3.256120e-01
396 6.734760e-01 7.680000e-04 3.257560e-01
397 6.733280e-01 7.880000e-04 3.258840e-01
398 6.732080e-01 8.080000e-04 3.259840e-01
399 6.730600e-01 7.920000e-04 3.261480e-01
400 6.729800e-01 7.160000e-04 3.263040e-01
401 6.729040e-01 6.600000e-04 3.264360e-01
402 6.728160e-01 6.480000e-04 3.265360e-01
403 6.726880e-01 6.600000e-04 3.266520e-01
404 6.726240e-01 6.280000e-04 3.267480e-01
405 6.725480e-01 6.160000e-04 3.268360e-01
406 6.724880e-01 5.600000e-04 3.269520e-01
407 6.724080e-01 5.480000e-04 3.270440e-01
408 6.723480e-01 5.080000e-04 3.271440e-01
409 6.723120e-01 4.680000e-04 3.272200e-01
410 6.722520e-01 4.520000e-04 3.272960e-01
411 6.722160e-01 4.200000e-04 3.273640e-01
412 6.721600e-01 4.120000e-04 3.274280e-01
413 6.721200e-01 3.760000e-04 3.275040e-01
414 6.720600e-01 3.640000e-04 3.275760e-01
415 6.720120e-01 3.680000e-04 3.276200e-01
416 6.719640e-01 3.680000e-04 3.276680e-01
417 6.719080e-01 3.520000e-04 3.277400e-01
418 6.718800e-01 3.120000e-04 3.278080e-01
419 6.718480e-01 3.200000e-04 3.278320e-01
420 6.718320e-01 2.920000e-04 3.278760e-01
421 6.717960e-01 2.760000e-04 3.279280e-01
422 6.717280e-01 2.920000e-04 3.279800e-01
423 6.716720e-01 2.960000e-04 3.280320e-01
424 6.716280e-01 2.880000e-04 3.280840e-01
425 6.715800e-01 2.920000e-04 3.281280e-01
426 6.715360e-01 2.960000e-04 3.281680e-01
427 6.714920e-01 3.120000e-04 3.281960e-01
428 6.714120e-01 3.320000e-04 3.282560e-01
429 6.713200e-01 3.720000e-04 3.283080e-01
430 6.712480e-01 3.400000e-04 3.284120e-01
431 6.711640e-01 3.440000e-04 3.284920e-01
432 6.710800e-01 3.800000e-04 3.285400e-01
433 6.710160e-01 3.920000e-04 3.285920e-01
434 6.709320e-01 3.960000e-04 3.286720e-01
435 6.708880e-01 3.840000e-04 3.287280e-01
436 6.707840e-01 4.320000e-04 3.287840e-01
437 6.707680e-01 3.880000e-04 3.288440e-01
438 6.707280e-01 3.720000e-04 3.289000e-01
439 6.706920e-01 3.560000e-04 3.289520e-01
440 6.706200e-01 3.640000e-04 3.290160e-01
441 6.705280e-01 3.880000e-04 3.290840e-01
442 6.704720e-01 3.560000e-04 3.291720e-01
443 6.704480e-01 3.360000e-04 3.292160e-01
444 6.704120e-01 3.280000e-04 3.292600e-01
445 6.703640e-01 3.120000e-04 3.293240e-01
446 6.703320e-01 2.920000e-04 3.293760e-01
447 6.702720e-01 2.920000e-04 3.294360e-01
448 6.702040e-01 3.040000e-04 3.294920e-01
449 6.701640e-01 2.840000e-04 3.295520e-01
450 6.700680e-01 3.440000e-04 3.295880e-01
451 6.699760e-01 3.680000e-04 3.296560e-01
452 6.699320e-01 3.280000e-04 3.297400e-01
453 6.698520e-01 3.360000e-04 3.298120e-01
454 6.697960e-01 3.560000e-04 3.298480e-01
455 6.697080e-01 3.800000e-04 3.299120e-01
456 6.696320e-01 3.840000e-04 3.299840e-01
457 6.696040e-01 3.720000e-04 3.300240e-01
458 6.695600e-01 3.600000e-04 3.300800e-01
459 6.695080e-01 3.680000e-04 3.301240e-01
460 6.694640e-01 3.800000e-04 3.301560e-01
461 6.693800e-01 3.720000e-04 3.302480e-01
462 6.693000e-01 3.880000e-04 3.303120e-01
463 6.692280e-01 3.880000e-04 3.303840e-01
464 6.691440e-01 3.880000e-04 3.304680e-01
465 6.690160e-01 4.480000e-04 3.305360e-01
466 6.689480e-01 4.400000e-04 3.306120e-01
467 6.688480e-01 4.440000e-04 3.307080e-01
468 6.687720e-01 4.240000e-04 3.308040e-01
469 6.687000e-01 4.000000e-04 3.309000e-01
470 6.686200e-01 3.800000e-04 3.310000e-01
471 6.685800e-01 3.800000e-04 3.310400e-01
472 6.685440e-01 3.320000e-04 3.311240e-01
473 6.684880e-01 3.000000e-04 3.312120e-01
474 6.684360e-01 2.920000e-04 3.312720e-01
475 6.683880e-01 2.880000e-04 3.313240e-01
476 6.683560e-01 2.440000e-04 3.314000e-01
477 6.683240e-01 2.440000e-04 3.314320e-01
478 6.682800e-01 2.560000e-04 3.314640e-01
479 6.682200e-01 2.760000e-04 3.315040e-01
480 6.681880e-01 2.600000e-04 3.315520e-01
481 6.681480e-01 2.440000e-04 3.316080e-01
482 6.681000e-01 2.520000e-04 3.316480e-01
483 6.680600e-01 2.560000e-04 3.316840e-01
484 6.680280e-01 2.360000e-04 3.317360e-01
485 6.679920e-01 2.000000e-04 3.318080e-01
486 6.679360e-01 2.320000e-04 3.318320e-01
487 6.678520e-01 2.680000e-04 3.318800e-01
488 6.677560e-01 3.120000e-04 3.319320e-01
489 6.676440e-01 3.840000e-04 3.319720e-01
490 6.674920e-01 4.480000e-04 3.320600e-01
491 6.674000e-01 4.880000e-04 3.321120e-01
492 6.673240e-01 4.880000e-04 3.321880e-01
493 6.672360e-01 5.080000e-04 3.322560e-01
494 6.671840e-01 5.080000e-04 3.323080e-01
495 6.670960e-01 5.240000e-04 3.323800e-01
496 6.670360e-01 5.120000e-04 3.324520e-01
497 6.669840e-01 4.920000e-04 3.325240e-01
498 6.668880e-01 5.320000e-04 3.325800e-01
499 6.668000e-01 5.480000e-04 3.326520e-01
500 6.667160e-01 5.400000e-04 3.327440e-01
