1 9.992360e-01 6.480000e-04 1.160000e-04
2 9.988040e-01 9.080000e-04 2.880000e-04
3 9.982480e-01 1.252000e-03 5.000000e-04
4 9.977600e-01 1.476000e-03 7.640000e-04
5 9.971800e-01 1.736000e-03 1.084000e-03
6 9.964400e-01 2.136000e-03 1.424000e-03
7 9.958240e-01 2.396000e-03 1.780000e-03
8 9.951000e-01 2.696000e-03 2.204000e-03
9 9.942440e-01 3.100000e-03 2.656000e-03
10 9.933600e-01 3.376000e-03 3.264000e-03
11 9.924960e-01 3.696000e-03 3.808000e-03
12 9.916720e-01 3.856000e-03 4.472000e-03
13 9.907640e-01 4.032000e-03 5.204000e-03
14 9.898160e-01 4.256000e-03 5.928000e-03
15 9.889520e-01 4.420000e-03 6.628000e-03
16 9.880600e-01 4.576000e-03 7.364000e-03
17 9.870880e-01 4.628000e-03 8.284000e-03
18 9.860240e-01 4.872000e-03 9.104000e-03
19 9.850160e-01 4.936000e-03 1.004800e-02
20 9.839240e-01 5.228000e-03 1.084800e-02
21 9.828760e-01 5.380000e-03 1.174400e-02
22 9.818760e-01 5.372000e-03 1.275200e-02
23 9.807480e-01 5.612000e-03 1.364000e-02
24 9.797120e-01 5.652000e-03 1.463600e-02
25 9.784920e-01 5.868000e-03 1.564000e-02
26 9.774600e-01 5.888000e-03 1.665200e-02
27 9.761480e-01 6.112000e-03 1.774000e-02
28 9.750080e-01 6.128000e-03 1.886400e-02
29 9.737160e-01 6.376000e-03 1.990800e-02
30 9.723640e-01 6.512000e-03 2.112400e-02
31 9.710880e-01 6.700000e-03 2.221200e-02
32 9.697440e-01 6.900000e-03 2.335600e-02
33 9.683480e-01 7.036000e-03 2.461600e-02
34 9.669680e-01 7.092000e-03 2.594000e-02
35 9.656520e-01 7.164000e-03 2.718400e-02
36 9.643960e-01 7.208000e-03 2.839600e-02
37 9.629760e-01 7.340000e-03 2.968400e-02
38 9.617200e-01 7.304000e-03 3.097600e-02
39 9.602560e-01 7.464000e-03 3.228000e-02
40 9.587320e-01 7.652000e-03 3.361600e-02
41 9.572560e-01 7.844000e-03 3.490000e-02
42 9.560880e-01 7.648000e-03 3.626400e-02
43 9.548360e-01 7.520000e-03 3.764400e-02
44 9.534560e-01 7.708000e-03 3.883600e-02
45 9.521320e-01 7.744000e-03 4.012400e-02
46 9.507680e-01 7.724000e-03 4.150800e-02
47 9.493000e-01 7.828000e-03 4.287200e-02
48 9.481000e-01 7.616000e-03 4.428400e-02
49 9.468880e-01 7.556000e-03 4.555600e-02
50 9.454640e-01 7.740000e-03 4.679600e-02
51 9.442280e-01 7.504000e-03 4.826800e-02
52 9.427640e-01 7.760000e-03 4.947600e-02
53 9.413800e-01 7.860000e-03 5.076000e-02
54 9.399680e-01 8.008000e-03 5.202400e-02
55 9.385760e-01 7.984000e-03 5.344000e-02
56 9.372080e-01 8.000000e-03 5.479200e-02
57 9.360000e-01 7.740000e-03 5.626000e-02
58 9.345920e-01 7.808000e-03 5.760000e-02
59 9.332800e-01 7.784000e-03 5.893600e-02
60 9.320400e-01 7.552000e-03 6.040800e-02
61 9.308640e-01 7.372000e-03 6.176400e-02
62 9.296640e-01 7.336000e-03 6.300000e-02
63 9.284160e-01 7.240000e-03 6.434400e-02
64 9.268920e-01 7.396000e-03 6.571200e-02
65 9.255440e-01 7.500000e-03 6.695600e-02
66 9.241800e-01 7.636000e-03 6.818400e-02
67 9.228400e-01 7.620000e-03 6.954000e-02
68 9.214680e-01 7.656000e-03 7.087600e-02
69 9.200560e-01 7.596000e-03 7.234800e-02
70 9.187640e-01 7.668000e-03 7.356800e-02
71 9.174680e-01 7.644000e-03 7.488800e-02
72 9.162240e-01 7.476000e-03 7.630000e-02
73 9.150240e-01 7.444000e-03 7.753200e-02
74 9.136920e-01 7.452000e-03 7.885600e-02
75 9.125640e-01 7.304000e-03 8.013200e-02
76 9.113320e-01 7.280000e-03 8.138800e-02
77 9.100600e-01 7.316000e-03 8.262400e-02
78 9.087800e-01 7.336000e-03 8.388400e-02
79 9.073360e-01 7.388000e-03 8.527600e-02
80 9.062240e-01 7.176000e-03 8.660000e-02
81 9.049160e-01 7.264000e-03 8.782000e-02
82 9.037160e-01 7.328000e-03 8.895600e-02
83 9.024080e-01 7.316000e-03 9.027600e-02
84 9.011360e-01 7.324000e-03 9.154000e-02
85 8.998240e-01 7.356000e-03 9.282000e-02
86 8.984600e-01 7.332000e-03 9.420800e-02
87 8.972200e-01 7.224000e-03 9.555600e-02
88 8.959280e-01 7.240000e-03 9.683200e-02
89 8.946040e-01 7.344000e-03 9.805200e-02
90 8.931400e-01 7.428000e-03 9.943200e-02
91 8.916640e-01 7.636000e-03 1.007000e-01
92 8.902400e-01 7.636000e-03 1.021240e-01
93 8.888120e-01 7.664000e-03 1.035240e-01
94 8.873400e-01 7.780000e-03 1.048800e-01
95 8.856840e-01 8.152000e-03 1.061640e-01
96 8.839760e-01 8.612000e-03 1.074120e-01
97 8.824040e-01 8.552000e-03 1.090440e-01
98 8.806080e-01 8.932000e-03 1.104600e-01
99 8.789360e-01 9.016000e-03 1.120480e-01
100 8.772800e-01 9.064000e-03 1.136560e-01
101 8.756680e-01 9.104000e-03 1.152280e-01
102 8.739880e-01 9.220000e-03 1.167920e-01
103 8.723720e-01 9.144000e-03 1.184840e-01
104 8.710040e-01 8.896000e-03 1.201000e-01
105 8.695960e-01 8.776000e-03 1.216280e-01
106 8.681920e-01 8.604000e-03 1.232040e-01
107 8.666320e-01 8.684000e-03 1.246840e-01
108 8.651880e-01 8.636000e-03 1.261760e-01
109 8.636600e-01 8.588000e-03 1.277520e-01
110 8.622000e-01 8.584000e-03 1.292160e-01
111 8.608920e-01 8.440000e-03 1.306680e-01
112 8.596160e-01 8.124000e-03 1.322600e-01
113 8.583120e-01 7.960000e-03 1.337280e-01
114 8.568960e-01 7.948000e-03 1.351560e-01
115 8.556520e-01 7.680000e-03 1.366680e-01
116 8.544640e-01 7.476000e-03 1.380600e-01
117 8.531800e-01 7.448000e-03 1.393720e-01
118 8.520280e-01 7.340000e-03 1.406320e-01
119 8.509240e-01 7.256000e-03 1.418200e-01
120 8.497320e-01 7.112000e-03 1.431560e-01
121 8.484880e-01 7.188000e-03 1.443240e-01
122 8.473400e-01 7.108000e-03 1.455520e-01
123 8.461640e-01 7.000000e-03 1.468360e-01
124 8.449320e-01 6.980000e-03 1.480880e-01
125 8.437200e-01 7.048000e-03 1.492320e-01
126 8.425120e-01 7.036000e-03 1.504520e-01
127 8.411720e-01 7.156000e-03 1.516720e-01
128 8.398800e-01 7.176000e-03 1.529440e-01
129 8.385800e-01 7.136000e-03 1.542840e-01
130 8.373120e-01 7.108000e-03 1.555800e-01
131 8.360560e-01 7.168000e-03 1.567760e-01
132 8.347800e-01 7.124000e-03 1.580960e-01
133 8.335080e-01 7.156000e-03 1.593360e-01
134 8.322040e-01 7.244000e-03 1.605520e-01
135 8.309560e-01 7.232000e-03 1.618120e-01
136 8.296840e-01 7.260000e-03 1.630560e-01
137 8.284880e-01 7.128000e-03 1.643840e-01
138 8.272160e-01 7.172000e-03 1.656120e-01
139 8.261160e-01 6.980000e-03 1.669040e-01
140 8.249440e-01 6.892000e-03 1.681640e-01
141 8.238960e-01 6.824000e-03 1.692800e-01
142 8.228520e-01 6.672000e-03 1.704760e-01
143 8.216840e-01 6.496000e-03 1.718200e-01
144 8.206080e-01 6.416000e-03 1.729760e-01
145 8.196520e-01 6.284000e-03 1.740640e-01
146 8.186560e-01 6.316000e-03 1.750280e-01
147 8.175560e-01 6.276000e-03 1.761680e-01
148 8.165720e-01 6.120000e-03 1.773080e-01
149 8.153280e-01 6.364000e-03 1.783080e-01
150 8.142760e-01 6.288000e-03 1.794360e-01
151 8.132400e-01 6.216000e-03 1.805440e-01
152 8.121480e-01 6.184000e-03 1.816680e-01
153 8.112200e-01 6.068000e-03 1.827120e-01
154 8.102520e-01 6.044000e-03 1.837040e-01
155 8.093080e-01 5.864000e-03 1.848280e-01
156 8.082840e-01 5.760000e-03 1.859560e-01
157 8.073200e-01 5.632000e-03 1.870480e-01
158 8.064360e-01 5.480000e-03 1.880840e-01
159 8.053920e-01 5.568000e-03 1.890400e-01
160 8.044480e-01 5.500000e-03 1.900520e-01
161 8.034440e-01 5.540000e-03 1.910160e-01
162 8.023560e-01 5.616000e-03 1.920280e-01
163 8.011880e-01 5.800000e-03 1.930120e-01
164 8.001080e-01 5.824000e-03 1.940680e-01
165 7.990520e-01 5.820000e-03 1.951280e-01
166 7.980000e-01 5.896000e-03 1.961040e-01
167 7.970880e-01 5.724000e-03 1.971880e-01
168 7.961680e-01 5.720000e-03 1.981120e-01
169 7.952440e-01 5.712000e-03 1.990440e-01
170 7.942600e-01 5.660000e-03 2.000800e-01
171 7.934000e-01 5.536000e-03 2.010640e-01
172 7.924520e-01 5.556000e-03 2.019920e-01
173 7.915040e-01 5.508000e-03 2.029880e-01
174 7.906640e-01 5.440000e-03 2.038960e-01
175 7.897280e-01 5.400000e-03 2.048720e-01
176 7.887600e-01 5.472000e-03 2.057680e-01
177 7.878320e-01 5.408000e-03 2.067600e-01
178 7.869400e-01 5.364000e-03 2.076960e-01
179 7.860280e-01 5.404000e-03 2.085680e-01
180 7.850480e-01 5.464000e-03 2.094880e-01
181 7.842560e-01 5.212000e-03 2.105320e-01
182 7.834760e-01 5.016000e-03 2.115080e-01
183 7.825920e-01 5.048000e-03 2.123600e-01
184 7.818040e-01 4.972000e-03 2.132240e-01
185 7.808600e-01 4.992000e-03 2.141480e-01
186 7.800040e-01 5.000000e-03 2.149960e-01
187 7.792000e-01 4.952000e-03 2.158480e-01
188 7.784000e-01 5.024000e-03 2.165760e-01
189 7.773800e-01 5.152000e-03 2.174680e-01
190 7.764920e-01 5.164000e-03 2.183440e-01
191 7.757400e-01 4.980000e-03 2.192800e-01
192 7.750440e-01 4.788000e-03 2.201680e-01
193 7.743680e-01 4.636000e-03 2.209960e-01
194 7.736920e-01 4.480000e-03 2.218280e-01
195 7.729200e-01 4.512000e-03 2.225680e-01
196 7.722240e-01 4.356000e-03 2.234200e-01
197 7.715480e-01 4.312000e-03 2.241400e-01
198 7.707880e-01 4.328000e-03 2.248840e-01
199 7.700760e-01 4.260000e-03 2.256640e-01
200 7.694880e-01 4.148000e-03 2.263640e-01
201 7.689320e-01 3.972000e-03 2.270960e-01
202 7.682880e-01 3.972000e-03 2.277400e-01
203 7.676360e-01 3.928000e-03 2.284360e-01
204 7.669000e-01 4.020000e-03 2.290800e-01
205 7.661400e-01 4.108000e-03 2.297520e-01
206 7.654440e-01 4.056000e-03 2.305000e-01
207 7.647440e-01 4.032000e-03 2.312240e-01
208 7.640920e-01 3.920000e-03 2.319880e-01
209 7.634520e-01 3.776000e-03 2.327720e-01
210 7.627640e-01 3.772000e-03 2.334640e-01
211 7.620760e-01 3.756000e-03 2.341680e-01
212 7.613480e-01 3.840000e-03 2.348120e-01
213 7.606560e-01 3.948000e-03 2.353960e-01
214 7.599720e-01 3.924000e-03 2.361040e-01
215 7.593280e-01 3.896000e-03 2.367760e-01
216 7.586000e-01 3.884000e-03 2.375160e-01
217 7.580120e-01 3.704000e-03 2.382840e-01
218 7.573240e-01 3.800000e-03 2.388760e-01
219 7.566800e-01 3.840000e-03 2.394800e-01
220 7.559920e-01 3.836000e-03 2.401720e-01
221 7.552920e-01 3.880000e-03 2.408280e-01
222 7.545640e-01 3.920000e-03 2.415160e-01
223 7.538080e-01 3.940000e-03 2.422520e-01
224 7.530320e-01 4.032000e-03 2.429360e-01
225 7.522880e-01 4.052000e-03 2.436600e-01
226 7.516320e-01 4.044000e-03 2.443240e-01
227 7.509240e-01 4.020000e-03 2.450560e-01
228 7.503160e-01 3.956000e-03 2.457280e-01
229 7.496960e-01 3.804000e-03 2.465000e-01
230 7.490400e-01 3.808000e-03 2.471520e-01
231 7.484640e-01 3.680000e-03 2.478560e-01
232 7.478480e-01 3.604000e-03 2.485480e-01
233 7.473440e-01 3.460000e-03 2.491960e-01
234 7.467640e-01 3.444000e-03 2.497920e-01
235 7.462200e-01 3.344000e-03 2.504360e-01
236 7.456600e-01 3.272000e-03 2.510680e-01
237 7.450800e-01 3.276000e-03 2.516440e-01
238 7.445320e-01 3.184000e-03 2.522840e-01
239 7.439760e-01 3.228000e-03 2.527960e-01
240 7.433880e-01 3.320000e-03 2.532920e-01
241 7.427840e-01 3.336000e-03 2.538800e-01
242 7.421760e-01 3.332000e-03 2.544920e-01
243 7.416600e-01 3.232000e-03 2.551080e-01
244 7.410320e-01 3.368000e-03 2.556000e-01
245 7.404200e-01 3.404000e-03 2.561760e-01
246 7.397880e-01 3.472000e-03 2.567400e-01
247 7.392800e-01 3.312000e-03 2.574080e-01
248 7.387360e-01 3.296000e-03 2.579680e-01
249 7.381560e-01 3.332000e-03 2.585120e-01
250 7.375280e-01 3.432000e-03 2.590400e-01
251 7.368800e-01 3.536000e-03 2.595840e-01
252 7.361600e-01 3.600000e-03 2.602400e-01
253 7.354920e-01 3.692000e-03 2.608160e-01
254 7.348320e-01 3.704000e-03 2.614640e-01
255 7.341640e-01 3.708000e-03 2.621280e-01
256 7.335080e-01 3.712000e-03 2.627800e-01
257 7.328360e-01 3.788000e-03 2.633760e-01
258 7.321880e-01 3.884000e-03 2.639280e-01
259 7.314640e-01 4.036000e-03 2.645000e-01
260 7.308720e-01 3.900000e-03 2.652280e-01
261 7.302960e-01 3.812000e-03 2.658920e-01
262 7.297400e-01 3.732000e-03 2.665280e-01
263 7.290960e-01 3.748000e-03 2.671560e-01
264 7.284640e-01 3.736000e-03 2.678000e-01
265 7.278560e-01 3.752000e-03 2.683920e-01
266 7.272240e-01 3.676000e-03 2.691000e-01
267 7.265960e-01 3.588000e-03 2.698160e-01
268 7.259920e-01 3.532000e-03 2.704760e-01
269 7.253960e-01 3.468000e-03 2.711360e-01
270 7.248200e-01 3.516000e-03 2.716640e-01
271 7.242600e-01 3.500000e-03 2.722400e-01
272 7.238240e-01 3.280000e-03 2.728960e-01
273 7.233800e-01 3.232000e-03 2.733880e-01
274 7.229440e-01 3.084000e-03 2.739720e-01
275 7.224640e-01 3.028000e-03 2.745080e-01
276 7.220480e-01 2.876000e-03 2.750760e-01
277 7.215280e-01 2.944000e-03 2.755280e-01
278 7.210840e-01 2.912000e-03 2.760040e-01
279 7.206400e-01 2.856000e-03 2.765040e-01
280 7.202200e-01 2.768000e-03 2.770120e-01
281 7.196240e-01 2.888000e-03 2.774880e-01
282 7.191320e-01 2.892000e-03 2.779760e-01
283 7.186680e-01 2.804000e-03 2.785280e-01
284 7.181400e-01 2.792000e-03 2.790680e-01
285 7.176360e-01 2.800000e-03 2.795640e-01
286 7.171880e-01 2.724000e-03 2.800880e-01
287 7.166600e-01 2.768000e-03 2.805720e-01
288 7.162680e-01 2.668000e-03 2.810640e-01
289 7.157960e-01 2.572000e-03 2.816320e-01
290 7.153160e-01 2.568000e-03 2.821160e-01
291 7.149560e-01 2.528000e-03 2.825160e-01
292 7.146000e-01 2.496000e-03 2.829040e-01
293 7.142800e-01 2.364000e-03 2.833560e-01
294 7.139520e-01 2.336000e-03 2.837120e-01
295 7.135960e-01 2.324000e-03 2.840800e-01
296 7.131520e-01 2.364000e-03 2.844840e-01
297 7.128280e-01 2.272000e-03 2.849000e-01
298 7.124600e-01 2.228000e-03 2.853120e-01
299 7.121400e-01 2.220000e-03 2.856400e-01
300 7.118200e-01 2.184000e-03 2.859960e-01
301 7.115160e-01 2.120000e-03 2.863640e-01
302 7.112360e-01 2.048000e-03 2.867160e-01
303 7.109680e-01 1.932000e-03 2.871000e-01
304 7.105960e-01 1.992000e-03 2.874120e-01
305 7.102360e-01 1.976000e-03 2.877880e-01
306 7.099360e-01 1.924000e-03 2.881400e-01
307 7.095600e-01 2.008000e-03 2.884320e-01
308 7.091360e-01 2.072000e-03 2.887920e-01
309 7.087760e-01 2.080000e-03 2.891440e-01
310 7.084440e-01 2.116000e-03 2.894400e-01
311 7.081000e-01 2.112000e-03 2.897880e-01
312 7.077680e-01 2.004000e-03 2.902280e-01
313 7.074440e-01 1.956000e-03 2.906000e-01
314 7.070680e-01 1.988000e-03 2.909440e-01
315 7.068560e-01 1.872000e-03 2.912720e-01
316 7.065280e-01 1.868000e-03 2.916040e-01
317 7.062280e-01 1.752000e-03 2.920200e-01
318 7.059280e-01 1.728000e-03 2.923440e-01
319 7.056240e-01 1.768000e-03 2.926080e-01
320 7.053200e-01 1.820000e-03 2.928600e-01
321 7.050160e-01 1.804000e-03 2.931800e-01
322 7.046840e-01 1.844000e-03 2.934720e-01
323 7.043240e-01 1.876000e-03 2.938000e-01
324 7.039720e-01 1.896000e-03 2.941320e-01
325 7.035600e-01 1.964000e-03 2.944760e-01
326 7.031760e-01 1.976000e-03 2.948480e-01
327 7.027760e-01 2.084000e-03 2.951400e-01
328 7.023880e-01 2.136000e-03 2.954760e-01
329 7.020160e-01 2.116000e-03 2.958680e-01
330 7.016240e-01 2.076000e-03 2.963000e-01
331 7.013200e-01 1.948000e-03 2.967320e-01
332 7.009880e-01 1.916000e-03 2.970960e-01
333 7.007280e-01 1.812000e-03 2.974600e-01
334 7.004480e-01 1.780000e-03 2.977720e-01
335 7.001600e-01 1.712000e-03 2.981280e-01
336 6.998240e-01 1.756000e-03 2.984200e-01
337 6.994960e-01 1.792000e-03 2.987120e-01
338 6.991600e-01 1.836000e-03 2.990040e-01
339 6.987720e-01 1.936000e-03 2.992920e-01
340 6.984120e-01 1.940000e-03 2.996480e-01
341 6.980360e-01 2.004000e-03 2.999600e-01
342 6.977400e-01 1.948000e-03 3.003120e-01
343 6.974360e-01 1.928000e-03 3.006360e-01
344 6.971560e-01 1.892000e-03 3.009520e-01
345 6.968240e-01 1.936000e-03 3.012400e-01
346 6.965680e-01 1.824000e-03 3.016080e-01
347 6.963720e-01 1.668000e-03 3.019600e-01
348 6.961360e-01 1.632000e-03 3.022320e-01
349 6.958480e-01 1.612000e-03 3.025400e-01
350 6.956520e-01 1.548000e-03 3.028000e-01
351 6.954520e-01 1.460000e-03 3.030880e-01
352 6.952160e-01 1.448000e-03 3.033360e-01
353 6.950320e-01 1.416000e-03 3.035520e-01
354 6.948480e-01 1.328000e-03 3.038240e-01
355 6.947320e-01 1.248000e-03 3.040200e-01
356 6.945320e-01 1.236000e-03 3.042320e-01
357 6.943560e-01 1.224000e-03 3.044200e-01
358 6.941560e-01 1.208000e-03 3.046360e-01
359 6.939440e-01 1.244000e-03 3.048120e-01
360 6.937240e-01 1.224000e-03 3.050520e-01
361 6.935240e-01 1.216000e-03 3.052600e-01
362 6.933920e-01 1.104000e-03 3.055040e-01
363 6.932320e-01 1.080000e-03 3.056880e-01
364 6.930480e-01 1.116000e-03 3.058360e-01
365 6.928680e-01 1.116000e-03 3.060160e-01
366 6.926840e-01 1.092000e-03 3.062240e-01
367 6.925680e-01 1.040000e-03 3.063920e-01
368 6.924040e-01 1.092000e-03 3.065040e-01
369 6.922280e-01 1.096000e-03 3.066760e-01
370 6.920000e-01 1.140000e-03 3.068600e-01
371 6.918080e-01 1.112000e-03 3.070800e-01
372 6.916520e-01 1.092000e-03 3.072560e-01
373 6.914320e-01 1.100000e-03 3.074680e-01
374 6.912480e-01 1.116000e-03 3.076360e-01
375 6.910360e-01 1.128000e-03 3.078360e-01
376 6.908680e-01 1.104000e-03 3.080280e-01
377 6.907000e-01 1.076000e-03 3.082240e-01
378 6.905440e-01 1.024000e-03 3.084320e-01
379 6.903280e-01 1.044000e-03 3.086280e-01
380 6.900960e-01 1.104000e-03 3.088000e-01
381 6.898800e-01 1.120000e-03 3.090000e-01
382 6.896800e-01 1.104000e-03 3.092160e-01
383 6.894920e-01 1.100000e-03 3.094080e-01
384 6.893640e-01 1.044000e-03 3.095920e-01
385 6.891880e-01 1.060000e-03 3.097520e-01
386 6.889880e-01 1.080000e-03 3.099320e-01
387 6.888400e-01 1.020000e-03 3.101400e-01
388 6.886640e-01 1.012000e-03 3.103240e-01
389 6.885080e-01 9.800000e-04 3.105120e-01
390 6.883800e-01 9.360000e-04 3.106840e-01
391 6.881840e-01 9.560000e-04 3.108600e-01
392 6.880600e-01 8.680000e-04 3.110720e-01
393 6.879040e-01 8.680000e-04 3.112280e-01
394 6.877440e-01 8.480000e-04 3.114080e-01
395 6.875680e-01 8.520000e-04 3.115800e-01
396 6.874560e-01 8.000000e-04 3.117440e-01
397 6.873440e-01 7.800000e-04 3.118760e-01
398 6.872640e-01 7.160000e-04 3.120200e-01
399 6.871640e-01 7.000000e-04 3.121360e-01
400 6.870600e-01 6.680000e-04 3.122720e-01
401 6.869520e-01 6.640000e-04 3.123840e-01
402 6.868800e-01 6.120000e-04 3.125080e-01
403 6.868000e-01 6.040000e-04 3.125960e-01
404 6.867160e-01 5.840000e-04 3.127000e-01
405 6.866360e-01 5.760000e-04 3.127880e-01
406 6.865360e-01 5.640000e-04 3.129000e-01
407 6.864400e-01 5.680000e-04 3.129920e-01
408 6.863440e-01 5.440000e-04 3.131120e-01
409 6.862760e-01 5.080000e-04 3.132160e-01
410 6.861800e-01 5.160000e-04 3.133040e-01
411 6.860800e-01 5.240000e-04 3.133960e-01
412 6.859800e-01 5.120000e-04 3.135080e-01
413 6.858840e-01 5.360000e-04 3.135800e-01
414 6.857800e-01 5.600000e-04 3.136600e-01
415 6.856720e-01 5.840000e-04 3.137440e-01
416 6.855880e-01 5.840000e-04 3.138280e-01
417 6.855080e-01 5.680000e-04 3.139240e-01
418 6.854240e-01 5.480000e-04 3.140280e-01
419 6.853520e-01 5.200000e-04 3.141280e-01
420 6.853040e-01 4.600000e-04 3.142360e-01
421 6.851520e-01 5.560000e-04 3.142920e-01
422 6.850440e-01 5.800000e-04 3.143760e-01
423 6.849000e-01 6.000000e-04 3.145000e-01
424 6.848160e-01 6.160000e-04 3.145680e-01
425 6.846600e-01 6.720000e-04 3.146680e-01
426 6.845800e-01 6.360000e-04 3.147840e-01
427 6.844440e-01 6.760000e-04 3.148800e-01
428 6.843200e-01 7.080000e-04 3.149720e-01
429 6.841880e-01 7.040000e-04 3.151080e-01
430 6.841160e-01 6.720000e-04 3.152120e-01
431 6.840240e-01 6.280000e-04 3.153480e-01
432 6.839400e-01 6.360000e-04 3.154240e-01
433 6.838720e-01 5.800000e-04 3.155480e-01
434 6.838200e-01 5.360000e-04 3.156440e-01
435 6.837560e-01 4.920000e-04 3.157520e-01
436 6.836920e-01 4.600000e-04 3.158480e-01
437 6.836320e-01 4.400000e-04 3.159280e-01
438 6.835640e-01 4.680000e-04 3.159680e-01
439 6.835000e-01 4.400000e-04 3.160600e-01
440 6.834440e-01 4.320000e-04 3.161240e-01
441 6.833160e-01 4.720000e-04 3.162120e-01
442 6.832520e-01 4.240000e-04 3.163240e-01
443 6.831600e-01 4.160000e-04 3.164240e-01
444 6.830680e-01 4.560000e-04 3.164760e-01
445 6.829400e-01 4.960000e-04 3.165640e-01
446 6.828560e-01 5.120000e-04 3.166320e-01
447 6.827720e-01 5.120000e-04 3.167160e-01
448 6.826880e-01 4.600000e-04 3.168520e-01
449 6.825960e-01 4.560000e-04 3.169480e-01
450 6.825040e-01 4.680000e-04 3.170280e-01
451 6.824520e-01 4.600000e-04 3.170880e-01
452 6.823600e-01 4.680000e-04 3.171720e-01
453 6.822680e-01 4.720000e-04 3.172600e-01
454 6.821800e-01 4.800000e-04 3.173400e-01
455 6.820800e-01 4.920000e-04 3.174280e-01
456 6.819520e-01 5.120000e-04 3.175360e-01
457 6.818120e-01 5.360000e-04 3.176520e-01
458 6.817120e-01 5.320000e-04 3.177560e-01
459 6.816120e-01 5.120000e-04 3.178760e-01
460 6.815360e-01 4.880000e-04 3.179760e-01
461 6.814240e-01 5.160000e-04 3.180600e-01
462 6.813120e-01 5.200000e-04 3.181680e-01
463 6.812400e-01 5.040000e-04 3.182560e-01
464 6.811440e-01 5.080000e-04 3.183480e-01
465 6.810400e-01 5.080000e-04 3.184520e-01
466 6.809240e-01 5.360000e-04 3.185400e-01
467 6.807920e-01 5.960000e-04 3.186120e-01
468 6.806880e-01 5.840000e-04 3.187280e-01
469 6.805960e-01 5.720000e-04 3.188320e-01
470 6.804960e-01 5.480000e-04 3.189560e-01
471 6.803840e-01 5.600000e-04 3.190560e-01
472 6.802720e-01 5.480000e-04 3.191800e-01
473 6.801960e-01 5.400000e-04 3.192640e-01
474 6.801520e-01 4.800000e-04 3.193680e-01
475 6.800440e-01 5.120000e-04 3.194440e-01
476 6.799800e-01 4.920000e-04 3.195280e-01
477 6.799080e-01 4.520000e-04 3.196400e-01
478 6.798080e-01 4.840000e-04 3.197080e-01
479 6.797160e-01 5.280000e-04 3.197560e-01
480 6.796000e-01 5.520000e-04 3.198480e-01
481 6.795280e-01 5.360000e-04 3.199360e-01
482 6.794840e-01 4.720000e-04 3.200440e-01
483 6.793840e-01 4.720000e-04 3.201440e-01
484 6.792920e-01 4.680000e-04 3.202400e-01
485 6.792280e-01 4.640000e-04 3.203080e-01
486 6.791400e-01 4.800000e-04 3.203800e-01
487 6.790040e-01 5.240000e-04 3.204720e-01
488 6.788880e-01 5.400000e-04 3.205720e-01
489 6.787800e-01 5.480000e-04 3.206720e-01
490 6.787000e-01 5.440000e-04 3.207560e-01
491 6.785680e-01 5.720000e-04 3.208600e-01
492 6.784560e-01 5.720000e-04 3.209720e-01
493 6.783320e-01 5.800000e-04 3.210880e-01
494 6.782560e-01 5.680000e-04 3.211760e-01
495 6.781680e-01 5.720000e-04 3.212600e-01
496 6.780880e-01 5.400000e-04 3.213720e-01
497 6.779400e-01 5.840000e-04 3.214760e-01
498 6.778320e-01 5.800000e-04 3.215880e-01
499 6.777280e-01 5.960000e-04 3.216760e-01
500 6.776720e-01 5.440000e-04 3.217840e-01
