1 9.991360e-01 7.360000e-04 1.280000e-04
2 9.986120e-01 1.144000e-03 2.440000e-04
3 9.980080e-01 1.524000e-03 4.680000e-04
4 9.972360e-01 1.932000e-03 8.320000e-04
5 9.964000e-01 2.408000e-03 1.192000e-03
6 9.954880e-01 2.888000e-03 1.624000e-03
7 9.943920e-01 3.512000e-03 2.096000e-03
8 9.932880e-01 3.976000e-03 2.736000e-03
9 9.920640e-01 4.528000e-03 3.408000e-03
10 9.907280e-01 5.048000e-03 4.224000e-03
11 9.895160e-01 5.304000e-03 5.180000e-03
12 9.883640e-01 5.592000e-03 6.044000e-03
13 9.871160e-01 5.848000e-03 7.036000e-03
14 9.858720e-01 5.992000e-03 8.136000e-03
15 9.846320e-01 6.180000e-03 9.188000e-03
16 9.834120e-01 6.340000e-03 1.024800e-02
17 9.820640e-01 6.620000e-03 1.131600e-02
18 9.806120e-01 6.900000e-03 1.248800e-02
19 9.791400e-01 7.076000e-03 1.378400e-02
20 9.776200e-01 7.320000e-03 1.506000e-02
21 9.760520e-01 7.712000e-03 1.623600e-02
22 9.743440e-01 7.988000e-03 1.766800e-02
23 9.727600e-01 8.296000e-03 1.894400e-02
24 9.711120e-01 8.544000e-03 2.034400e-02
25 9.694360e-01 8.708000e-03 2.185600e-02
26 9.677920e-01 8.712000e-03 2.349600e-02
27 9.661880e-01 8.668000e-03 2.514400e-02
28 9.644720e-01 8.880000e-03 2.664800e-02
29 9.626640e-01 9.084000e-03 2.825200e-02
30 9.608160e-01 9.352000e-03 2.983200e-02
31 9.590360e-01 9.568000e-03 3.139600e-02
32 9.571800e-01 9.568000e-03 3.325200e-02
33 9.555120e-01 9.592000e-03 3.489600e-02
34 9.539080e-01 9.532000e-03 3.656000e-02
35 9.521120e-01 9.540000e-03 3.834800e-02
36 9.503200e-01 9.556000e-03 4.012400e-02
37 9.486280e-01 9.632000e-03 4.174000e-02
38 9.467920e-01 9.908000e-03 4.330000e-02
39 9.449920e-01 1.003200e-02 4.497600e-02
40 9.430840e-01 1.002000e-02 4.689600e-02
41 9.411880e-01 1.012000e-02 4.869200e-02
42 9.393080e-01 1.018800e-02 5.050400e-02
43 9.374560e-01 1.025600e-02 5.228800e-02
44 9.355760e-01 1.046400e-02 5.396000e-02
45 9.339080e-01 1.032400e-02 5.576800e-02
46 9.321160e-01 1.045600e-02 5.742800e-02
47 9.304720e-01 1.030000e-02 5.922800e-02
48 9.287600e-01 1.028400e-02 6.095600e-02
49 9.270200e-01 1.014800e-02 6.283200e-02
50 9.250240e-01 1.036800e-02 6.460800e-02
51 9.231000e-01 1.045200e-02 6.644800e-02
52 9.212320e-01 1.052000e-02 6.824800e-02
53 9.192320e-01 1.062800e-02 7.014000e-02
54 9.173440e-01 1.057200e-02 7.208400e-02
55 9.155840e-01 1.059200e-02 7.382400e-02
56 9.136040e-01 1.081200e-02 7.558400e-02
57 9.116520e-01 1.085200e-02 7.749600e-02
58 9.096640e-01 1.089600e-02 7.944000e-02
59 9.076960e-01 1.096000e-02 8.134400e-02
60 9.058360e-01 1.080400e-02 8.336000e-02
61 9.038440e-01 1.099200e-02 8.516400e-02
62 9.017360e-01 1.106000e-02 8.720400e-02
63 8.997920e-01 1.108800e-02 8.912000e-02
64 8.977240e-01 1.128000e-02 9.099600e-02
65 8.956200e-01 1.130800e-02 9.307200e-02
66 8.937360e-01 1.110000e-02 9.516400e-02
67 8.917640e-01 1.107600e-02 9.716000e-02
68 8.897800e-01 1.117600e-02 9.904400e-02
69 8.877720e-01 1.131600e-02 1.009120e-01
70 8.854480e-01 1.162800e-02 1.029240e-01
71 8.833440e-01 1.155600e-02 1.051000e-01
72 8.811720e-01 1.173600e-02 1.070920e-01
73 8.791200e-01 1.177600e-02 1.091040e-01
74 8.771520e-01 1.164800e-02 1.112000e-01
75 8.751840e-01 1.157600e-02 1.132400e-01
76 8.732200e-01 1.157200e-02 1.152080e-01
77 8.711440e-01 1.140800e-02 1.174480e-01
78 8.693880e-01 1.108400e-02 1.195280e-01
79 8.676120e-01 1.089600e-02 1.214920e-01
80 8.658760e-01 1.079200e-02 1.233320e-01
81 8.639840e-01 1.075600e-02 1.252600e-01
82 8.620680e-01 1.072800e-02 1.272040e-01
83 8.601160e-01 1.072000e-02 1.291640e-01
84 8.581320e-01 1.091600e-02 1.309520e-01
85 8.563760e-01 1.087200e-02 1.327520e-01
86 8.544840e-01 1.088400e-02 1.346320e-01
87 8.527680e-01 1.070800e-02 1.365240e-01
88 8.508880e-01 1.068400e-02 1.384280e-01
89 8.491600e-01 1.056000e-02 1.402800e-01
90 8.475120e-01 1.027600e-02 1.422120e-01
91 8.457480e-01 1.015200e-02 1.441000e-01
92 8.438400e-01 1.031200e-02 1.458480e-01
93 8.419800e-01 1.042400e-02 1.475960e-01
94 8.403560e-01 1.024400e-02 1.494000e-01
95 8.386560e-01 1.006800e-02 1.512760e-01
96 8.367920e-01 1.018000e-02 1.530280e-01
97 8.350960e-01 1.002800e-02 1.548760e-01
98 8.335120e-01 9.756000e-03 1.567320e-01
99 8.319120e-01 9.580000e-03 1.585080e-01
100 8.303200e-01 9.476000e-03 1.602040e-01
101 8.288040e-01 9.416000e-03 1.617800e-01
102 8.272560e-01 9.368000e-03 1.633760e-01
103 8.259720e-01 8.972000e-03 1.650560e-01
104 8.245800e-01 8.768000e-03 1.666520e-01
105 8.230800e-01 8.692000e-03 1.682280e-01
106 8.216160e-01 8.600000e-03 1.697840e-01
107 8.201160e-01 8.624000e-03 1.712600e-01
108 8.185320e-01 8.772000e-03 1.726960e-01
109 8.168240e-01 8.872000e-03 1.743040e-01
110 8.151880e-01 9.036000e-03 1.757760e-01
111 8.136200e-01 9.092000e-03 1.772880e-01
112 8.120360e-01 9.044000e-03 1.789200e-01
113 8.103840e-01 9.172000e-03 1.804440e-01
114 8.086800e-01 9.324000e-03 1.819960e-01
115 8.070720e-01 9.252000e-03 1.836760e-01
116 8.054840e-01 9.212000e-03 1.853040e-01
117 8.039520e-01 9.088000e-03 1.869600e-01
118 8.023560e-01 9.064000e-03 1.885800e-01
119 8.008280e-01 9.016000e-03 1.901560e-01
120 7.993880e-01 8.916000e-03 1.916960e-01
121 7.979920e-01 8.844000e-03 1.931640e-01
122 7.966000e-01 8.876000e-03 1.945240e-01
123 7.952560e-01 8.808000e-03 1.959360e-01
124 7.937040e-01 8.880000e-03 1.974160e-01
125 7.921800e-01 8.892000e-03 1.989280e-01
126 7.906800e-01 8.916000e-03 2.004040e-01
127 7.893400e-01 8.728000e-03 2.019320e-01
128 7.880320e-01 8.528000e-03 2.034400e-01
129 7.866600e-01 8.424000e-03 2.049160e-01
130 7.851760e-01 8.508000e-03 2.063160e-01
131 7.836880e-01 8.440000e-03 2.078720e-01
132 7.823840e-01 8.288000e-03 2.093280e-01
133 7.810840e-01 8.072000e-03 2.108440e-01
134 7.797960e-01 7.980000e-03 2.122240e-01
135 7.784360e-01 7.888000e-03 2.136760e-01
136 7.770520e-01 7.988000e-03 2.149600e-01
137 7.757320e-01 7.872000e-03 2.163960e-01
138 7.745360e-01 7.584000e-03 2.178800e-01
139 7.732240e-01 7.540000e-03 2.192360e-01
140 7.720000e-01 7.508000e-03 2.204920e-01
141 7.707920e-01 7.412000e-03 2.217960e-01
142 7.696240e-01 7.304000e-03 2.230720e-01
143 7.682800e-01 7.464000e-03 2.242560e-01
144 7.671200e-01 7.392000e-03 2.254880e-01
145 7.659800e-01 7.324000e-03 2.266960e-01
146 7.647320e-01 7.248000e-03 2.280200e-01
147 7.634120e-01 7.276000e-03 2.293120e-01
148 7.619640e-01 7.392000e-03 2.306440e-01
149 7.605720e-01 7.388000e-03 2.320400e-01
150 7.593200e-01 7.348000e-03 2.333320e-01
151 7.580640e-01 7.244000e-03 2.346920e-01
152 7.565600e-01 7.636000e-03 2.358040e-01
153 7.551640e-01 7.736000e-03 2.371000e-01
154 7.536960e-01 7.820000e-03 2.384840e-01
155 7.523640e-01 7.816000e-03 2.398200e-01
156 7.509000e-01 7.800000e-03 2.413000e-01
157 7.495520e-01 7.752000e-03 2.426960e-01
158 7.482880e-01 7.792000e-03 2.439200e-01
159 7.467920e-01 7.892000e-03 2.453160e-01
160 7.455280e-01 7.868000e-03 2.466040e-01
161 7.442240e-01 7.788000e-03 2.479880e-01
162 7.429920e-01 7.644000e-03 2.493640e-01
163 7.415720e-01 7.656000e-03 2.507720e-01
164 7.400480e-01 7.860000e-03 2.520920e-01
165 7.388040e-01 7.736000e-03 2.534600e-01
166 7.372920e-01 7.816000e-03 2.548920e-01
167 7.358800e-01 7.848000e-03 2.562720e-01
168 7.344160e-01 7.944000e-03 2.576400e-01
169 7.331080e-01 7.828000e-03 2.590640e-01
170 7.316680e-01 7.876000e-03 2.604560e-01
171 7.300880e-01 8.040000e-03 2.618720e-01
172 7.286240e-01 8.060000e-03 2.633160e-01
173 7.271600e-01 8.172000e-03 2.646680e-01
174 7.256680e-01 8.188000e-03 2.661440e-01
175 7.241520e-01 8.324000e-03 2.675240e-01
176 7.226680e-01 8.152000e-03 2.691800e-01
177 7.213640e-01 8.084000e-03 2.705520e-01
178 7.200760e-01 7.996000e-03 2.719280e-01
179 7.188680e-01 7.868000e-03 2.732640e-01
180 7.174840e-01 7.912000e-03 2.746040e-01
181 7.159120e-01 8.204000e-03 2.758840e-01
182 7.143360e-01 8.276000e-03 2.773880e-01
183 7.128080e-01 8.344000e-03 2.788480e-01
184 7.112760e-01 8.396000e-03 2.803280e-01
185 7.098520e-01 8.428000e-03 2.817200e-01
186 7.081600e-01 8.624000e-03 2.832160e-01
187 7.067280e-01 8.460000e-03 2.848120e-01
188 7.052080e-01 8.524000e-03 2.862680e-01
189 7.036440e-01 8.616000e-03 2.877400e-01
190 7.021720e-01 8.440000e-03 2.893880e-01
191 7.006720e-01 8.524000e-03 2.908040e-01
192 6.991560e-01 8.536000e-03 2.923080e-01
193 6.975400e-01 8.744000e-03 2.937160e-01
194 6.960200e-01 8.712000e-03 2.952680e-01
195 6.945520e-01 8.684000e-03 2.967640e-01
196 6.931600e-01 8.480000e-03 2.983600e-01
197 6.917200e-01 8.460000e-03 2.998200e-01
198 6.902160e-01 8.464000e-03 3.013200e-01
199 6.889120e-01 8.256000e-03 3.028320e-01
200 6.876640e-01 8.016000e-03 3.043200e-01
201 6.863480e-01 7.908000e-03 3.057440e-01
202 6.851200e-01 7.780000e-03 3.071000e-01
203 6.838880e-01 7.732000e-03 3.083800e-01
204 6.825360e-01 7.652000e-03 3.098120e-01
205 6.813160e-01 7.436000e-03 3.112480e-01
206 6.800240e-01 7.488000e-03 3.124880e-01
207 6.786320e-01 7.536000e-03 3.138320e-01
208 6.773880e-01 7.492000e-03 3.151200e-01
209 6.762000e-01 7.400000e-03 3.164000e-01
210 6.748960e-01 7.304000e-03 3.178000e-01
211 6.736440e-01 7.320000e-03 3.190360e-01
212 6.724000e-01 7.284000e-03 3.203160e-01
213 6.711080e-01 7.280000e-03 3.216120e-01
214 6.698360e-01 7.316000e-03 3.228480e-01
215 6.686240e-01 7.180000e-03 3.241960e-01
216 6.674760e-01 7.180000e-03 3.253440e-01
217 6.664120e-01 7.016000e-03 3.265720e-01
218 6.653520e-01 6.756000e-03 3.278920e-01
219 6.643160e-01 6.580000e-03 3.291040e-01
220 6.632880e-01 6.480000e-03 3.302320e-01
221 6.623400e-01 6.364000e-03 3.312960e-01
222 6.613320e-01 6.252000e-03 3.324160e-01
223 6.602080e-01 6.348000e-03 3.334440e-01
224 6.592400e-01 6.192000e-03 3.345680e-01
225 6.582160e-01 6.168000e-03 3.356160e-01
226 6.572200e-01 6.020000e-03 3.367600e-01
227 6.562760e-01 5.964000e-03 3.377600e-01
228 6.553560e-01 5.884000e-03 3.387600e-01
229 6.545360e-01 5.624000e-03 3.398400e-01
230 6.537000e-01 5.512000e-03 3.407880e-01
231 6.528040e-01 5.376000e-03 3.418200e-01
232 6.519680e-01 5.324000e-03 3.427080e-01
233 6.510400e-01 5.404000e-03 3.435560e-01
234 6.500480e-01 5.460000e-03 3.444920e-01
235 6.490480e-01 5.532000e-03 3.454200e-01
236 6.480880e-01 5.548000e-03 3.463640e-01
237 6.471280e-01 5.604000e-03 3.472680e-01
238 6.462160e-01 5.556000e-03 3.482280e-01
239 6.453240e-01 5.492000e-03 3.491840e-01
240 6.443480e-01 5.528000e-03 3.501240e-01
241 6.432000e-01 5.716000e-03 3.510840e-01
242 6.422040e-01 5.600000e-03 3.521960e-01
243 6.411720e-01 5.652000e-03 3.531760e-01
244 6.402000e-01 5.592000e-03 3.542080e-01
245 6.392080e-01 5.668000e-03 3.551240e-01
246 6.382240e-01 5.768000e-03 3.560080e-01
247 6.373000e-01 5.672000e-03 3.570280e-01
248 6.364320e-01 5.572000e-03 3.579960e-01
249 6.355120e-01 5.464000e-03 3.590240e-01
250 6.344760e-01 5.516000e-03 3.600080e-01
251 6.334640e-01 5.568000e-03 3.609680e-01
252 6.326160e-01 5.460000e-03 3.619240e-01
253 6.315840e-01 5.504000e-03 3.629120e-01
254 6.306280e-01 5.408000e-03 3.639640e-01
255 6.296720e-01 5.416000e-03 3.649120e-01
256 6.287760e-01 5.336000e-03 3.658880e-01
257 6.277760e-01 5.428000e-03 3.667960e-01
258 6.267600e-01 5.544000e-03 3.676960e-01
259 6.258080e-01 5.484000e-03 3.687080e-01
260 6.247640e-01 5.612000e-03 3.696240e-01
261 6.237840e-01 5.664000e-03 3.705520e-01
262 6.229000e-01 5.632000e-03 3.714680e-01
263 6.219600e-01 5.560000e-03 3.724800e-01
264 6.210080e-01 5.496000e-03 3.734960e-01
265 6.200240e-01 5.504000e-03 3.744720e-01
266 6.188600e-01 5.536000e-03 3.756040e-01
267 6.178640e-01 5.628000e-03 3.765080e-01
268 6.167760e-01 5.760000e-03 3.774640e-01
269 6.158880e-01 5.604000e-03 3.785080e-01
270 6.148840e-01 5.580000e-03 3.795360e-01
271 6.139960e-01 5.456000e-03 3.805480e-01
272 6.130400e-01 5.520000e-03 3.814400e-01
273 6.122080e-01 5.460000e-03 3.823320e-01
274 6.113800e-01 5.376000e-03 3.832440e-01
275 6.104800e-01 5.268000e-03 3.842520e-01
276 6.096760e-01 5.084000e-03 3.852400e-01
277 6.088880e-01 5.040000e-03 3.860720e-01
278 6.080480e-01 4.996000e-03 3.869560e-01
279 6.072160e-01 4.972000e-03 3.878120e-01
280 6.065080e-01 4.700000e-03 3.887920e-01
281 6.057800e-01 4.648000e-03 3.895720e-01
282 6.050800e-01 4.508000e-03 3.904120e-01
283 6.042840e-01 4.528000e-03 3.911880e-01
284 6.033560e-01 4.700000e-03 3.919440e-01
285 6.026440e-01 4.648000e-03 3.927080e-01
286 6.019200e-01 4.580000e-03 3.935000e-01
287 6.012560e-01 4.412000e-03 3.943320e-01
288 6.007440e-01 4.164000e-03 3.950920e-01
289 6.001840e-01 4.016000e-03 3.958000e-01
290 5.995560e-01 3.908000e-03 3.965360e-01
291 5.988480e-01 3.948000e-03 3.972040e-01
292 5.983360e-01 3.784000e-03 3.978800e-01
293 5.977320e-01 3.796000e-03 3.984720e-01
294 5.972000e-01 3.644000e-03 3.991560e-01
295 5.967080e-01 3.488000e-03 3.998040e-01
296 5.962880e-01 3.228000e-03 4.004840e-01
297 5.957400e-01 3.200000e-03 4.010600e-01
298 5.953040e-01 3.152000e-03 4.015440e-01
299 5.948520e-01 3.080000e-03 4.020680e-01
300 5.943040e-01 3.040000e-03 4.026560e-01
301 5.938200e-01 3.020000e-03 4.031600e-01
302 5.933760e-01 3.040000e-03 4.035840e-01
303 5.929360e-01 2.932000e-03 4.041320e-01
304 5.924800e-01 2.920000e-03 4.046000e-01
305 5.919440e-01 2.940000e-03 4.051160e-01
306 5.915000e-01 2.860000e-03 4.056400e-01
307 5.910400e-01 2.820000e-03 4.061400e-01
308 5.906160e-01 2.776000e-03 4.066080e-01
309 5.901360e-01 2.796000e-03 4.070680e-01
310 5.896920e-01 2.792000e-03 4.075160e-01
311 5.891880e-01 2.828000e-03 4.079840e-01
312 5.887360e-01 2.780000e-03 4.084840e-01
313 5.883960e-01 2.608000e-03 4.089960e-01
314 5.879440e-01 2.600000e-03 4.094560e-01
315 5.875680e-01 2.500000e-03 4.099320e-01
316 5.871720e-01 2.440000e-03 4.103880e-01
317 5.867120e-01 2.456000e-03 4.108320e-01
318 5.863480e-01 2.392000e-03 4.112600e-01
319 5.859880e-01 2.324000e-03 4.116880e-01
320 5.856320e-01 2.208000e-03 4.121600e-01
321 5.853280e-01 2.136000e-03 4.125360e-01
322 5.849960e-01 2.064000e-03 4.129400e-01
323 5.846880e-01 2.032000e-03 4.132800e-01
324 5.844000e-01 1.976000e-03 4.136240e-01
325 5.840800e-01 1.964000e-03 4.139560e-01
326 5.838000e-01 1.836000e-03 4.143640e-01
327 5.835600e-01 1.788000e-03 4.146520e-01
328 5.832880e-01 1.788000e-03 4.149240e-01
329 5.829840e-01 1.740000e-03 4.152760e-01
330 5.827000e-01 1.716000e-03 4.155840e-01
331 5.823160e-01 1.736000e-03 4.159480e-01
332 5.820520e-01 1.716000e-03 4.162320e-01
333 5.818120e-01 1.724000e-03 4.164640e-01
334 5.815360e-01 1.660000e-03 4.168040e-01
335 5.813000e-01 1.616000e-03 4.170840e-01
336 5.810480e-01 1.572000e-03 4.173800e-01
337 5.807680e-01 1.552000e-03 4.176800e-01
338 5.805520e-01 1.524000e-03 4.179240e-01
339 5.803040e-01 1.508000e-03 4.181880e-01
340 5.800520e-01 1.532000e-03 4.184160e-01
341 5.797160e-01 1.540000e-03 4.187440e-01
342 5.795040e-01 1.472000e-03 4.190240e-01
343 5.792640e-01 1.460000e-03 4.192760e-01
344 5.790480e-01 1.424000e-03 4.195280e-01
345 5.787880e-01 1.452000e-03 4.197600e-01
346 5.785280e-01 1.432000e-03 4.200400e-01
347 5.782520e-01 1.484000e-03 4.202640e-01
348 5.780080e-01 1.464000e-03 4.205280e-01
349 5.777440e-01 1.424000e-03 4.208320e-01
350 5.774680e-01 1.436000e-03 4.210960e-01
351 5.771760e-01 1.484000e-03 4.213400e-01
352 5.769120e-01 1.504000e-03 4.215840e-01
353 5.765720e-01 1.572000e-03 4.218560e-01
354 5.762840e-01 1.612000e-03 4.221040e-01
355 5.760000e-01 1.612000e-03 4.223880e-01
356 5.757840e-01 1.504000e-03 4.227120e-01
357 5.755760e-01 1.416000e-03 4.230080e-01
358 5.753280e-01 1.444000e-03 4.232280e-01
359 5.751320e-01 1.392000e-03 4.234760e-01
360 5.749200e-01 1.336000e-03 4.237440e-01
361 5.747200e-01 1.268000e-03 4.240120e-01
362 5.744720e-01 1.308000e-03 4.242200e-01
363 5.742320e-01 1.324000e-03 4.244440e-01
364 5.739200e-01 1.404000e-03 4.246760e-01
365 5.736680e-01 1.420000e-03 4.249120e-01
366 5.734480e-01 1.356000e-03 4.251960e-01
367 5.732480e-01 1.340000e-03 4.254120e-01
368 5.729880e-01 1.356000e-03 4.256560e-01
369 5.727640e-01 1.312000e-03 4.259240e-01
370 5.725880e-01 1.188000e-03 4.262240e-01
371 5.724080e-01 1.172000e-03 4.264200e-01
372 5.721880e-01 1.176000e-03 4.266360e-01
373 5.719400e-01 1.220000e-03 4.268400e-01
374 5.717000e-01 1.252000e-03 4.270480e-01
375 5.715240e-01 1.188000e-03 4.272880e-01
376 5.712800e-01 1.196000e-03 4.275240e-01
377 5.710520e-01 1.268000e-03 4.276800e-01
378 5.708640e-01 1.212000e-03 4.279240e-01
379 5.706000e-01 1.288000e-03 4.281120e-01
380 5.704000e-01 1.264000e-03 4.283360e-01
381 5.701880e-01 1.268000e-03 4.285440e-01
382 5.699160e-01 1.312000e-03 4.287720e-01
383 5.696880e-01 1.284000e-03 4.290280e-01
384 5.694760e-01 1.252000e-03 4.292720e-01
385 5.693200e-01 1.200000e-03 4.294800e-01
386 5.691560e-01 1.184000e-03 4.296600e-01
387 5.689880e-01 1.132000e-03 4.298800e-01
388 5.688120e-01 1.076000e-03 4.301120e-01
389 5.686240e-01 1.060000e-03 4.303160e-01
390 5.685040e-01 9.800000e-04 4.305160e-01
391 5.683360e-01 9.760000e-04 4.306880e-01
392 5.681960e-01 9.440000e-04 4.308600e-01
393 5.680400e-01 9.080000e-04 4.310520e-01
394 5.678960e-01 8.920000e-04 4.312120e-01
395 5.677840e-01 8.640000e-04 4.313520e-01
396 5.676120e-01 8.760000e-04 4.315120e-01
397 5.674960e-01 8.840000e-04 4.316200e-01
398 5.673360e-01 8.960000e-04 4.317680e-01
399 5.672000e-01 8.360000e-04 4.319640e-01
400 5.670680e-01 8.360000e-04 4.320960e-01
401 5.669680e-01 7.400000e-04 4.322920e-01
402 5.668240e-01 7.640000e-04 4.324120e-01
403 5.667360e-01 7.160000e-04 4.325480e-01
404 5.666400e-01 6.800000e-04 4.326800e-01
405 5.665520e-01 6.480000e-04 4.328000e-01
406 5.664680e-01 6.080000e-04 4.329240e-01
407 5.663600e-01 6.000000e-04 4.330400e-01
408 5.662320e-01 6.240000e-04 4.331440e-01
409 5.661840e-01 5.080000e-04 4.333080e-01
410 5.661320e-01 4.640000e-04 4.334040e-01
411 5.660160e-01 5.160000e-04 4.334680e-01
412 5.658840e-01 5.760000e-04 4.335400e-01
413 5.657760e-01 5.920000e-04 4.336320e-01
414 5.656920e-01 5.720000e-04 4.337360e-01
415 5.655840e-01 5.920000e-04 4.338240e-01
416 5.654960e-01 6.200000e-04 4.338840e-01
417 5.654000e-01 6.040000e-04 4.339960e-01
418 5.653600e-01 5.320000e-04 4.341080e-01
419 5.653160e-01 4.880000e-04 4.341960e-01
420 5.652240e-01 5.040000e-04 4.342720e-01
421 5.651280e-01 5.240000e-04 4.343480e-01
422 5.649840e-01 6.040000e-04 4.344120e-01
423 5.649080e-01 5.640000e-04 4.345280e-01
424 5.648040e-01 5.600000e-04 4.346360e-01
425 5.646760e-01 5.920000e-04 4.347320e-01
426 5.645240e-01 6.280000e-04 4.348480e-01
427 5.643960e-01 6.480000e-04 4.349560e-01
428 5.642960e-01 6.360000e-04 4.350680e-01
429 5.641680e-01 6.720000e-04 4.351600e-01
430 5.640320e-01 7.040000e-04 4.352640e-01
431 5.638800e-01 7.200000e-04 4.354000e-01
432 5.637440e-01 7.280000e-04 4.355280e-01
433 5.635680e-01 7.600000e-04 4.356720e-01
434 5.634160e-01 7.840000e-04 4.358000e-01
435 5.632880e-01 7.840000e-04 4.359280e-01
436 5.631160e-01 8.240000e-04 4.360600e-01
437 5.629640e-01 7.680000e-04 4.362680e-01
438 5.628400e-01 7.560000e-04 4.364040e-01
439 5.626960e-01 7.920000e-04 4.365120e-01
440 5.625440e-01 8.200000e-04 4.366360e-01
441 5.624560e-01 8.040000e-04 4.367400e-01
442 5.623040e-01 8.080000e-04 4.368880e-01
443 5.622080e-01 7.800000e-04 4.370120e-01
444 5.620840e-01 7.480000e-04 4.371680e-01
445 5.619440e-01 7.240000e-04 4.373320e-01
446 5.618320e-01 7.440000e-04 4.374240e-01
447 5.617240e-01 7.480000e-04 4.375280e-01
448 5.616560e-01 6.920000e-04 4.376520e-01
449 5.615520e-01 6.760000e-04 4.377720e-01
450 5.614600e-01 6.280000e-04 4.379120e-01
451 5.613640e-01 6.040000e-04 4.380320e-01
452 5.612680e-01 5.920000e-04 4.381400e-01
453 5.611960e-01 5.640000e-04 4.382400e-01
454 5.610640e-01 5.800000e-04 4.383560e-01
455 5.609560e-01 6.160000e-04 4.384280e-01
456 5.608360e-01 6.320000e-04 4.385320e-01
457 5.607400e-01 6.160000e-04 4.386440e-01
458 5.606400e-01 5.840000e-04 4.387760e-01
459 5.605080e-01 6.240000e-04 4.388680e-01
460 5.604240e-01 6.080000e-04 4.389680e-01
461 5.602800e-01 6.280000e-04 4.390920e-01
462 5.601960e-01 6.040000e-04 4.392000e-01
463 5.600720e-01 6.120000e-04 4.393160e-01
464 5.599560e-01 6.280000e-04 4.394160e-01
465 5.598720e-01 5.960000e-04 4.395320e-01
466 5.597840e-01 5.720000e-04 4.396440e-01
467 5.596960e-01 5.560000e-04 4.397480e-01
468 5.596000e-01 5.760000e-04 4.398240e-01
469 5.594840e-01 6.240000e-04 4.398920e-01
470 5.594280e-01 5.720000e-04 4.400000e-01
471 5.593360e-01 5.680000e-04 4.400960e-01
472 5.592440e-01 5.440000e-04 4.402120e-01
473 5.591600e-01 5.400000e-04 4.403000e-01
474 5.590880e-01 5.000000e-04 4.404120e-01
475 5.590440e-01 4.800000e-04 4.404760e-01
476 5.590000e-01 4.280000e-04 4.405720e-01
477 5.589680e-01 3.880000e-04 4.406440e-01
478 5.589120e-01 3.440000e-04 4.407440e-01
479 5.588640e-01 3.280000e-04 4.408080e-01
480 5.588200e-01 3.040000e-04 4.408760e-01
481 5.588040e-01 2.680000e-04 4.409280e-01
482 5.587760e-01 2.600000e-04 4.409640e-01
483 5.587400e-01 2.640000e-04 4.409960e-01
484 5.586880e-01 2.720000e-04 4.410400e-01
485 5.586760e-01 2.240000e-04 4.411000e-01
486 5.586400e-01 2.280000e-04 4.411320e-01
487 5.585920e-01 2.520000e-04 4.411560e-01
488 5.585480e-01 2.680000e-04 4.411840e-01
489 5.584920e-01 2.720000e-04 4.412360e-01
490 5.584760e-01 2.360000e-04 4.412880e-01
491 5.584560e-01 2.040000e-04 4.413400e-01
492 5.584320e-01 1.920000e-04 4.413760e-01
493 5.584080e-01 1.920000e-04 4.414000e-01
494 5.583720e-01 1.880000e-04 4.414400e-01
495 5.583440e-01 1.760000e-04 4.414800e-01
496 5.583240e-01 1.360000e-04 4.415400e-01
497 5.583040e-01 1.160000e-04 4.415800e-01
498 5.582800e-01 1.040000e-04 4.416160e-01
499 5.582560e-01 1.000000e-04 4.416440e-01
500 5.582520e-01 8.800000e-05 4.416600e-01
