1 9.991560e-01 7.480000e-04 9.600000e-05
2 9.987520e-01 9.880000e-04 2.600000e-04
3 9.981520e-01 1.420000e-03 4.280000e-04
4 9.973760e-01 1.844000e-03 7.800000e-04
5 9.964280e-01 2.396000e-03 1.176000e-03
6 9.954800e-01 2.860000e-03 1.660000e-03
7 9.943680e-01 3.440000e-03 2.192000e-03
8 9.931920e-01 3.996000e-03 2.812000e-03
9 9.921320e-01 4.332000e-03 3.536000e-03
10 9.911360e-01 4.604000e-03 4.260000e-03
11 9.899880e-01 4.932000e-03 5.080000e-03
12 9.888680e-01 5.164000e-03 5.968000e-03
13 9.876440e-01 5.444000e-03 6.912000e-03
14 9.864960e-01 5.592000e-03 7.912000e-03
15 9.851600e-01 5.864000e-03 8.976000e-03
16 9.839120e-01 6.068000e-03 1.002000e-02
17 9.826200e-01 6.252000e-03 1.112800e-02
18 9.811760e-01 6.504000e-03 1.232000e-02
19 9.798280e-01 6.636000e-03 1.353600e-02
20 9.784760e-01 6.932000e-03 1.459200e-02
21 9.771440e-01 7.000000e-03 1.585600e-02
22 9.757720e-01 7.204000e-03 1.702400e-02
23 9.743720e-01 7.360000e-03 1.826800e-02
24 9.729880e-01 7.428000e-03 1.958400e-02
25 9.715200e-01 7.520000e-03 2.096000e-02
26 9.701800e-01 7.448000e-03 2.237200e-02
27 9.688040e-01 7.580000e-03 2.361600e-02
28 9.673320e-01 7.660000e-03 2.500800e-02
29 9.658680e-01 7.804000e-03 2.632800e-02
30 9.644520e-01 7.840000e-03 2.770800e-02
31 9.629760e-01 7.992000e-03 2.903200e-02
32 9.615520e-01 8.156000e-03 3.029200e-02
33 9.600080e-01 8.252000e-03 3.174000e-02
34 9.584440e-01 8.376000e-03 3.318000e-02
35 9.569480e-01 8.456000e-03 3.459600e-02
36 9.554640e-01 8.388000e-03 3.614800e-02
37 9.538600e-01 8.508000e-03 3.763200e-02
38 9.523320e-01 8.596000e-03 3.907200e-02
39 9.508320e-01 8.640000e-03 4.052800e-02
40 9.490760e-01 8.852000e-03 4.207200e-02
41 9.472960e-01 9.064000e-03 4.364000e-02
42 9.458160e-01 8.876000e-03 4.530800e-02
43 9.443680e-01 8.876000e-03 4.675600e-02
44 9.426160e-01 8.992000e-03 4.839200e-02
45 9.411160e-01 8.932000e-03 4.995200e-02
46 9.395800e-01 8.912000e-03 5.150800e-02
47 9.382560e-01 8.748000e-03 5.299600e-02
48 9.368360e-01 8.512000e-03 5.465200e-02
49 9.355360e-01 8.144000e-03 5.632000e-02
50 9.340600e-01 8.204000e-03 5.773600e-02
51 9.327640e-01 8.144000e-03 5.909200e-02
52 9.312360e-01 8.252000e-03 6.051200e-02
53 9.297920e-01 8.260000e-03 6.194800e-02
54 9.283280e-01 8.120000e-03 6.355200e-02
55 9.270120e-01 7.960000e-03 6.502800e-02
56 9.253040e-01 8.148000e-03 6.654800e-02
57 9.236640e-01 8.332000e-03 6.800400e-02
58 9.221800e-01 8.324000e-03 6.949600e-02
59 9.207200e-01 8.348000e-03 7.093200e-02
60 9.193000e-01 8.384000e-03 7.231600e-02
61 9.179040e-01 8.344000e-03 7.375200e-02
62 9.162720e-01 8.508000e-03 7.522000e-02
63 9.147680e-01 8.524000e-03 7.670800e-02
64 9.131160e-01 8.704000e-03 7.818000e-02
65 9.114560e-01 8.836000e-03 7.970800e-02
66 9.099320e-01 8.692000e-03 8.137600e-02
67 9.083240e-01 8.760000e-03 8.291600e-02
68 9.066680e-01 8.824000e-03 8.450800e-02
69 9.051200e-01 8.884000e-03 8.599600e-02
70 9.035800e-01 8.876000e-03 8.754400e-02
71 9.019840e-01 9.048000e-03 8.896800e-02
72 9.004200e-01 8.880000e-03 9.070000e-02
73 8.989480e-01 8.732000e-03 9.232000e-02
74 8.974920e-01 8.548000e-03 9.396000e-02
75 8.961480e-01 8.472000e-03 9.538000e-02
76 8.947480e-01 8.380000e-03 9.687200e-02
77 8.933080e-01 8.348000e-03 9.834400e-02
78 8.919640e-01 8.116000e-03 9.992000e-02
79 8.905960e-01 8.136000e-03 1.012680e-01
80 8.892040e-01 8.048000e-03 1.027480e-01
81 8.877560e-01 8.096000e-03 1.041480e-01
82 8.863280e-01 8.108000e-03 1.055640e-01
83 8.848560e-01 8.088000e-03 1.070560e-01
84 8.834840e-01 7.984000e-03 1.085320e-01
85 8.822160e-01 7.948000e-03 1.098360e-01
86 8.807960e-01 8.004000e-03 1.112000e-01
87 8.793800e-01 7.968000e-03 1.126520e-01
88 8.778880e-01 7.984000e-03 1.141280e-01
89 8.764440e-01 8.088000e-03 1.154680e-01
90 8.750560e-01 8.168000e-03 1.167760e-01
91 8.737000e-01 8.056000e-03 1.182440e-01
92 8.723320e-01 7.972000e-03 1.196960e-01
93 8.709360e-01 8.044000e-03 1.210200e-01
94 8.696120e-01 8.012000e-03 1.223760e-01
95 8.681280e-01 8.128000e-03 1.237440e-01
96 8.667560e-01 8.084000e-03 1.251600e-01
97 8.653600e-01 8.028000e-03 1.266120e-01
98 8.639720e-01 7.908000e-03 1.281200e-01
99 8.627400e-01 7.876000e-03 1.293840e-01
100 8.614080e-01 7.896000e-03 1.306960e-01
101 8.599840e-01 7.984000e-03 1.320320e-01
102 8.585800e-01 8.144000e-03 1.332760e-01
103 8.570960e-01 8.308000e-03 1.345960e-01
104 8.556080e-01 8.360000e-03 1.360320e-01
105 8.541080e-01 8.508000e-03 1.373840e-01
106 8.525320e-01 8.608000e-03 1.388600e-01
107 8.511080e-01 8.504000e-03 1.403880e-01
108 8.496800e-01 8.640000e-03 1.416800e-01
109 8.480120e-01 8.868000e-03 1.431200e-01
110 8.465600e-01 8.940000e-03 1.445000e-01
111 8.451320e-01 8.744000e-03 1.461240e-01
112 8.436280e-01 8.604000e-03 1.477680e-01
113 8.423120e-01 8.492000e-03 1.491960e-01
114 8.409400e-01 8.356000e-03 1.507040e-01
115 8.396440e-01 8.184000e-03 1.521720e-01
116 8.385040e-01 7.756000e-03 1.537400e-01
117 8.372520e-01 7.772000e-03 1.549760e-01
118 8.360240e-01 7.724000e-03 1.562520e-01
119 8.348160e-01 7.652000e-03 1.575320e-01
120 8.335880e-01 7.428000e-03 1.589840e-01
121 8.322880e-01 7.484000e-03 1.602280e-01
122 8.308720e-01 7.568000e-03 1.615600e-01
123 8.295640e-01 7.460000e-03 1.629760e-01
124 8.281840e-01 7.456000e-03 1.643600e-01
125 8.269360e-01 7.452000e-03 1.656120e-01
126 8.257160e-01 7.396000e-03 1.668880e-01
127 8.244320e-01 7.220000e-03 1.683480e-01
128 8.231960e-01 7.204000e-03 1.696000e-01
129 8.219720e-01 7.336000e-03 1.706920e-01
130 8.208000e-01 7.200000e-03 1.720000e-01
131 8.196480e-01 7.252000e-03 1.731000e-01
132 8.186080e-01 7.088000e-03 1.743040e-01
133 8.174600e-01 6.992000e-03 1.755480e-01
134 8.163560e-01 6.860000e-03 1.767840e-01
135 8.151080e-01 6.952000e-03 1.779400e-01
136 8.138720e-01 6.960000e-03 1.791680e-01
137 8.126200e-01 7.032000e-03 1.803480e-01
138 8.113880e-01 7.104000e-03 1.815080e-01
139 8.102280e-01 7.004000e-03 1.827680e-01
140 8.090080e-01 7.044000e-03 1.839480e-01
141 8.078480e-01 7.020000e-03 1.851320e-01
142 8.066920e-01 7.024000e-03 1.862840e-01
143 8.054840e-01 7.088000e-03 1.874280e-01
144 8.043080e-01 6.996000e-03 1.886960e-01
145 8.030880e-01 6.996000e-03 1.899160e-01
146 8.019320e-01 6.844000e-03 1.912240e-01
147 8.008080e-01 6.756000e-03 1.924360e-01
148 7.996920e-01 6.688000e-03 1.936200e-01
149 7.987360e-01 6.420000e-03 1.948440e-01
150 7.976640e-01 6.360000e-03 1.959760e-01
151 7.965640e-01 6.352000e-03 1.970840e-01
152 7.955520e-01 6.320000e-03 1.981280e-01
153 7.944040e-01 6.304000e-03 1.992920e-01
154 7.934080e-01 6.116000e-03 2.004760e-01
155 7.924360e-01 6.052000e-03 2.015120e-01
156 7.915000e-01 6.028000e-03 2.024720e-01
157 7.905760e-01 5.944000e-03 2.034800e-01
158 7.895200e-01 5.956000e-03 2.045240e-01
159 7.885720e-01 5.844000e-03 2.055840e-01
160 7.875320e-01 5.836000e-03 2.066320e-01
161 7.866560e-01 5.692000e-03 2.076520e-01
162 7.856600e-01 5.748000e-03 2.085920e-01
163 7.848120e-01 5.572000e-03 2.096160e-01
164 7.838400e-01 5.584000e-03 2.105760e-01
165 7.829800e-01 5.548000e-03 2.114720e-01
166 7.820840e-01 5.396000e-03 2.125200e-01
167 7.811440e-01 5.424000e-03 2.134320e-01
168 7.802400e-01 5.444000e-03 2.143160e-01
169 7.792680e-01 5.404000e-03 2.153280e-01
170 7.784640e-01 5.276000e-03 2.162600e-01
171 7.775800e-01 5.316000e-03 2.171040e-01
172 7.767240e-01 5.216000e-03 2.180600e-01
173 7.757760e-01 5.244000e-03 2.189800e-01
174 7.747800e-01 5.320000e-03 2.199000e-01
175 7.738080e-01 5.356000e-03 2.208360e-01
176 7.729280e-01 5.216000e-03 2.218560e-01
177 7.721600e-01 5.024000e-03 2.228160e-01
178 7.714640e-01 4.848000e-03 2.236880e-01
179 7.708440e-01 4.608000e-03 2.245480e-01
180 7.701640e-01 4.536000e-03 2.253000e-01
181 7.694000e-01 4.520000e-03 2.260800e-01
182 7.686720e-01 4.516000e-03 2.268120e-01
183 7.680280e-01 4.428000e-03 2.275440e-01
184 7.672840e-01 4.408000e-03 2.283080e-01
185 7.666440e-01 4.232000e-03 2.291240e-01
186 7.660000e-01 4.168000e-03 2.298320e-01
187 7.653520e-01 4.020000e-03 2.306280e-01
188 7.646080e-01 4.024000e-03 2.313680e-01
189 7.639400e-01 3.984000e-03 2.320760e-01
190 7.632760e-01 3.996000e-03 2.327280e-01
191 7.626040e-01 3.968000e-03 2.334280e-01
192 7.619360e-01 3.932000e-03 2.341320e-01
193 7.613640e-01 3.744000e-03 2.348920e-01
194 7.607600e-01 3.732000e-03 2.355080e-01
195 7.601760e-01 3.644000e-03 2.361800e-01
196 7.595640e-01 3.576000e-03 2.368600e-01
197 7.589360e-01 3.616000e-03 2.374480e-01
198 7.582520e-01 3.732000e-03 2.380160e-01
199 7.574880e-01 3.856000e-03 2.386560e-01
200 7.567200e-01 3.960000e-03 2.393200e-01
201 7.560040e-01 3.992000e-03 2.400040e-01
202 7.552200e-01 4.128000e-03 2.406520e-01
203 7.545240e-01 4.148000e-03 2.413280e-01
204 7.539080e-01 4.104000e-03 2.419880e-01
205 7.532680e-01 4.104000e-03 2.426280e-01
206 7.527440e-01 3.928000e-03 2.433280e-01
207 7.521600e-01 3.828000e-03 2.440120e-01
208 7.515240e-01 3.900000e-03 2.445760e-01
209 7.507720e-01 3.844000e-03 2.453840e-01
210 7.500600e-01 3.908000e-03 2.460320e-01
211 7.493680e-01 3.916000e-03 2.467160e-01
212 7.486520e-01 4.020000e-03 2.473280e-01
213 7.479360e-01 4.064000e-03 2.480000e-01
214 7.472880e-01 4.012000e-03 2.487000e-01
215 7.465440e-01 3.952000e-03 2.495040e-01
216 7.458240e-01 3.952000e-03 2.502240e-01
217 7.451480e-01 3.884000e-03 2.509680e-01
218 7.445000e-01 3.876000e-03 2.516240e-01
219 7.437440e-01 3.944000e-03 2.523120e-01
220 7.430760e-01 3.940000e-03 2.529840e-01
221 7.422760e-01 4.048000e-03 2.536760e-01
222 7.414880e-01 4.080000e-03 2.544320e-01
223 7.407920e-01 4.048000e-03 2.551600e-01
224 7.401200e-01 4.012000e-03 2.558680e-01
225 7.394880e-01 3.936000e-03 2.565760e-01
226 7.388360e-01 3.904000e-03 2.572600e-01
227 7.382560e-01 3.756000e-03 2.579880e-01
228 7.375400e-01 3.844000e-03 2.586160e-01
229 7.369840e-01 3.780000e-03 2.592360e-01
230 7.363080e-01 3.740000e-03 2.599520e-01
231 7.356160e-01 3.808000e-03 2.605760e-01
232 7.349200e-01 3.832000e-03 2.612480e-01
233 7.343320e-01 3.788000e-03 2.618800e-01
234 7.337120e-01 3.788000e-03 2.625000e-01
235 7.330280e-01 3.764000e-03 2.632080e-01
236 7.323800e-01 3.760000e-03 2.638600e-01
237 7.316920e-01 3.800000e-03 2.645080e-01
238 7.309560e-01 3.820000e-03 2.652240e-01
239 7.302440e-01 3.828000e-03 2.659280e-01
240 7.295840e-01 3.804000e-03 2.666120e-01
241 7.289440e-01 3.764000e-03 2.672920e-01
242 7.282160e-01 3.852000e-03 2.679320e-01
243 7.276560e-01 3.680000e-03 2.686640e-01
244 7.270520e-01 3.716000e-03 2.692320e-01
245 7.264280e-01 3.724000e-03 2.698480e-01
246 7.257640e-01 3.740000e-03 2.704960e-01
247 7.250280e-01 3.896000e-03 2.710760e-01
248 7.244440e-01 3.740000e-03 2.718160e-01
249 7.237920e-01 3.696000e-03 2.725120e-01
250 7.232320e-01 3.700000e-03 2.730680e-01
251 7.226080e-01 3.656000e-03 2.737360e-01
252 7.220680e-01 3.556000e-03 2.743760e-01
253 7.215480e-01 3.524000e-03 2.749280e-01
254 7.210400e-01 3.420000e-03 2.755400e-01
255 7.205000e-01 3.380000e-03 2.761200e-01
256 7.200000e-01 3.340000e-03 2.766600e-01
257 7.195160e-01 3.168000e-03 2.773160e-01
258 7.190640e-01 3.072000e-03 2.778640e-01
259 7.186280e-01 3.060000e-03 2.783120e-01
260 7.180120e-01 3.140000e-03 2.788480e-01
261 7.175720e-01 3.000000e-03 2.794280e-01
262 7.170760e-01 2.980000e-03 2.799440e-01
263 7.165200e-01 2.960000e-03 2.805200e-01
264 7.159960e-01 3.004000e-03 2.810000e-01
265 7.155320e-01 2.916000e-03 2.815520e-01
266 7.151120e-01 2.816000e-03 2.820720e-01
267 7.146800e-01 2.832000e-03 2.824880e-01
268 7.141920e-01 2.796000e-03 2.830120e-01
269 7.136760e-01 2.728000e-03 2.835960e-01
270 7.132120e-01 2.696000e-03 2.840920e-01
271 7.127720e-01 2.676000e-03 2.845520e-01
272 7.123440e-01 2.648000e-03 2.850080e-01
273 7.118400e-01 2.704000e-03 2.854560e-01
274 7.114360e-01 2.672000e-03 2.858920e-01
275 7.110600e-01 2.624000e-03 2.863160e-01
276 7.106440e-01 2.576000e-03 2.867800e-01
277 7.103320e-01 2.504000e-03 2.871640e-01
278 7.100240e-01 2.324000e-03 2.876520e-01
279 7.096840e-01 2.344000e-03 2.879720e-01
280 7.092680e-01 2.304000e-03 2.884280e-01
281 7.089360e-01 2.304000e-03 2.887600e-01
282 7.085000e-01 2.324000e-03 2.891760e-01
283 7.082240e-01 2.184000e-03 2.895920e-01
284 7.078760e-01 2.128000e-03 2.899960e-01
285 7.075560e-01 2.068000e-03 2.903760e-01
286 7.072040e-01 2.056000e-03 2.907400e-01
287 7.068520e-01 2.040000e-03 2.911080e-01
288 7.065320e-01 2.004000e-03 2.914640e-01
289 7.061600e-01 1.972000e-03 2.918680e-01
290 7.057520e-01 2.052000e-03 2.921960e-01
291 7.054880e-01 1.964000e-03 2.925480e-01
292 7.051520e-01 1.896000e-03 2.929520e-01
293 7.048320e-01 1.824000e-03 2.933440e-01
294 7.044560e-01 1.868000e-03 2.936760e-01
295 7.041000e-01 1.920000e-03 2.939800e-01
296 7.037880e-01 1.992000e-03 2.942200e-01
297 7.035400e-01 1.908000e-03 2.945520e-01
298 7.032360e-01 1.920000e-03 2.948440e-01
299 7.029160e-01 1.904000e-03 2.951800e-01
300 7.026320e-01 1.868000e-03 2.955000e-01
301 7.023320e-01 1.828000e-03 2.958400e-01
302 7.020760e-01 1.792000e-03 2.961320e-01
303 7.017720e-01 1.808000e-03 2.964200e-01
304 7.014880e-01 1.756000e-03 2.967560e-01
305 7.010760e-01 1.860000e-03 2.970640e-01
306 7.007480e-01 1.860000e-03 2.973920e-01
307 7.004560e-01 1.808000e-03 2.977360e-01
308 7.001400e-01 1.820000e-03 2.980400e-01
309 6.998200e-01 1.848000e-03 2.983320e-01
310 6.995120e-01 1.832000e-03 2.986560e-01
311 6.992520e-01 1.704000e-03 2.990440e-01
312 6.990280e-01 1.644000e-03 2.993280e-01
313 6.987400e-01 1.628000e-03 2.996320e-01
314 6.984680e-01 1.580000e-03 2.999520e-01
315 6.982800e-01 1.516000e-03 3.002040e-01
316 6.980440e-01 1.520000e-03 3.004360e-01
317 6.977920e-01 1.504000e-03 3.007040e-01
318 6.975760e-01 1.436000e-03 3.009880e-01
319 6.974000e-01 1.372000e-03 3.012280e-01
320 6.972040e-01 1.328000e-03 3.014680e-01
321 6.969720e-01 1.300000e-03 3.017280e-01
322 6.967520e-01 1.268000e-03 3.019800e-01
323 6.965360e-01 1.216000e-03 3.022480e-01
324 6.963320e-01 1.232000e-03 3.024360e-01
325 6.960960e-01 1.208000e-03 3.026960e-01
326 6.959120e-01 1.156000e-03 3.029320e-01
327 6.956680e-01 1.180000e-03 3.031520e-01
328 6.954120e-01 1.216000e-03 3.033720e-01
329 6.951960e-01 1.216000e-03 3.035880e-01
330 6.949440e-01 1.272000e-03 3.037840e-01
331 6.946680e-01 1.340000e-03 3.039920e-01
332 6.944160e-01 1.368000e-03 3.042160e-01
333 6.942040e-01 1.328000e-03 3.044680e-01
334 6.939320e-01 1.388000e-03 3.046800e-01
335 6.936840e-01 1.404000e-03 3.049120e-01
336 6.934600e-01 1.352000e-03 3.051880e-01
337 6.932320e-01 1.400000e-03 3.053680e-01
338 6.929840e-01 1.380000e-03 3.056360e-01
339 6.927480e-01 1.380000e-03 3.058720e-01
340 6.924800e-01 1.412000e-03 3.061080e-01
341 6.923040e-01 1.344000e-03 3.063520e-01
342 6.920760e-01 1.312000e-03 3.066120e-01
343 6.918800e-01 1.320000e-03 3.068000e-01
344 6.916720e-01 1.280000e-03 3.070480e-01
345 6.914040e-01 1.280000e-03 3.073160e-01
346 6.910760e-01 1.340000e-03 3.075840e-01
347 6.907840e-01 1.400000e-03 3.078160e-01
348 6.904840e-01 1.468000e-03 3.080480e-01
349 6.902040e-01 1.496000e-03 3.083000e-01
350 6.899640e-01 1.460000e-03 3.085760e-01
351 6.897360e-01 1.412000e-03 3.088520e-01
352 6.893920e-01 1.480000e-03 3.091280e-01
353 6.890520e-01 1.536000e-03 3.094120e-01
354 6.887680e-01 1.512000e-03 3.097200e-01
355 6.884080e-01 1.580000e-03 3.100120e-01
356 6.881320e-01 1.572000e-03 3.102960e-01
357 6.877840e-01 1.660000e-03 3.105560e-01
358 6.874520e-01 1.688000e-03 3.108600e-01
359 6.871560e-01 1.648000e-03 3.111960e-01
360 6.868800e-01 1.556000e-03 3.115640e-01
361 6.865960e-01 1.556000e-03 3.118480e-01
362 6.863000e-01 1.548000e-03 3.121520e-01
363 6.860800e-01 1.468000e-03 3.124520e-01
364 6.857960e-01 1.484000e-03 3.127200e-01
365 6.855400e-01 1.484000e-03 3.129760e-01
366 6.852920e-01 1.436000e-03 3.132720e-01
367 6.850600e-01 1.372000e-03 3.135680e-01
368 6.848480e-01 1.312000e-03 3.138400e-01
369 6.846360e-01 1.328000e-03 3.140360e-01
370 6.844520e-01 1.296000e-03 3.142520e-01
371 6.842400e-01 1.284000e-03 3.144760e-01
372 6.840800e-01 1.200000e-03 3.147200e-01
373 6.838960e-01 1.220000e-03 3.148840e-01
374 6.837240e-01 1.224000e-03 3.150520e-01
375 6.835600e-01 1.160000e-03 3.152800e-01
376 6.833920e-01 1.120000e-03 3.154880e-01
377 6.832240e-01 1.092000e-03 3.156840e-01
378 6.830840e-01 1.052000e-03 3.158640e-01
379 6.829280e-01 1.064000e-03 3.160080e-01
380 6.827280e-01 1.052000e-03 3.162200e-01
381 6.825800e-01 1.020000e-03 3.164000e-01
382 6.823240e-01 1.132000e-03 3.165440e-01
383 6.821040e-01 1.148000e-03 3.167480e-01
384 6.818880e-01 1.168000e-03 3.169440e-01
385 6.817080e-01 1.180000e-03 3.171120e-01
386 6.814760e-01 1.228000e-03 3.172960e-01
387 6.813240e-01 1.120000e-03 3.175560e-01
388 6.811160e-01 1.148000e-03 3.177360e-01
389 6.809640e-01 1.156000e-03 3.178800e-01
390 6.808440e-01 1.088000e-03 3.180680e-01
391 6.806800e-01 1.088000e-03 3.182320e-01
392 6.805640e-01 9.920000e-04 3.184440e-01
393 6.803960e-01 9.920000e-04 3.186120e-01
394 6.802440e-01 9.680000e-04 3.187880e-01
395 6.800800e-01 9.960000e-04 3.189240e-01
396 6.798760e-01 1.008000e-03 3.191160e-01
397 6.797480e-01 9.520000e-04 3.193000e-01
398 6.796320e-01 8.680000e-04 3.195000e-01
399 6.794520e-01 8.640000e-04 3.196840e-01
400 6.792960e-01 8.920000e-04 3.198120e-01
401 6.791840e-01 8.840000e-04 3.199320e-01
402 6.790200e-01 8.880000e-04 3.200920e-01
403 6.787760e-01 9.640000e-04 3.202600e-01
404 6.786000e-01 9.880000e-04 3.204120e-01
405 6.784000e-01 1.012000e-03 3.205880e-01
406 6.782000e-01 9.760000e-04 3.208240e-01
407 6.779560e-01 1.016000e-03 3.210280e-01
408 6.777720e-01 1.052000e-03 3.211760e-01
409 6.775880e-01 1.040000e-03 3.213720e-01
410 6.773880e-01 1.072000e-03 3.215400e-01
411 6.771280e-01 1.160000e-03 3.217120e-01
412 6.769080e-01 1.200000e-03 3.218920e-01
413 6.766840e-01 1.216000e-03 3.221000e-01
414 6.764200e-01 1.240000e-03 3.223400e-01
415 6.762760e-01 1.140000e-03 3.225840e-01
416 6.761360e-01 1.088000e-03 3.227760e-01
417 6.759560e-01 1.084000e-03 3.229600e-01
418 6.757720e-01 1.092000e-03 3.231360e-01
419 6.755920e-01 1.092000e-03 3.233160e-01
420 6.753960e-01 1.152000e-03 3.234520e-01
421 6.752160e-01 1.128000e-03 3.236560e-01
422 6.750600e-01 1.060000e-03 3.238800e-01
423 6.748880e-01 1.040000e-03 3.240720e-01
424 6.747080e-01 1.028000e-03 3.242640e-01
425 6.746160e-01 9.360000e-04 3.244480e-01
426 6.744600e-01 9.200000e-04 3.246200e-01
427 6.743560e-01 8.560000e-04 3.247880e-01
428 6.742520e-01 7.800000e-04 3.249680e-01
429 6.741240e-01 7.600000e-04 3.251160e-01
430 6.739920e-01 7.520000e-04 3.252560e-01
431 6.738840e-01 7.160000e-04 3.254000e-01
432 6.737600e-01 6.840000e-04 3.255560e-01
433 6.736120e-01 7.120000e-04 3.256760e-01
434 6.734480e-01 7.480000e-04 3.258040e-01
435 6.732640e-01 8.120000e-04 3.259240e-01
436 6.731200e-01 8.280000e-04 3.260520e-01
437 6.729880e-01 8.080000e-04 3.262040e-01
438 6.728040e-01 8.840000e-04 3.263120e-01
439 6.726280e-01 9.400000e-04 3.264320e-01
440 6.724240e-01 9.800000e-04 3.265960e-01
441 6.722320e-01 1.052000e-03 3.267160e-01
442 6.720760e-01 1.040000e-03 3.268840e-01
443 6.719520e-01 9.760000e-04 3.270720e-01
444 6.718160e-01 9.280000e-04 3.272560e-01
445 6.717040e-01 8.880000e-04 3.274080e-01
446 6.715400e-01 8.920000e-04 3.275680e-01
447 6.713760e-01 9.040000e-04 3.277200e-01
448 6.712520e-01 8.720000e-04 3.278760e-01
449 6.710560e-01 9.120000e-04 3.280320e-01
450 6.708640e-01 9.120000e-04 3.282240e-01
451 6.707120e-01 9.280000e-04 3.283600e-01
452 6.705920e-01 8.800000e-04 3.285280e-01
453 6.705120e-01 8.320000e-04 3.286560e-01
454 6.704040e-01 8.200000e-04 3.287760e-01
455 6.703160e-01 7.720000e-04 3.289120e-01
456 6.702360e-01 7.560000e-04 3.290080e-01
457 6.701200e-01 7.640000e-04 3.291160e-01
458 6.700240e-01 7.440000e-04 3.292320e-01
459 6.699640e-01 6.600000e-04 3.293760e-01
460 6.698800e-01 6.080000e-04 3.295120e-01
461 6.697840e-01 5.800000e-04 3.296360e-01
462 6.697120e-01 5.720000e-04 3.297160e-01
463 6.696600e-01 5.360000e-04 3.298040e-01
464 6.696040e-01 4.960000e-04 3.299000e-01
465 6.695120e-01 4.880000e-04 3.300000e-01
466 6.694240e-01 5.120000e-04 3.300640e-01
467 6.693560e-01 4.680000e-04 3.301760e-01
468 6.692960e-01 4.560000e-04 3.302480e-01
469 6.692680e-01 4.200000e-04 3.303120e-01
470 6.691920e-01 4.560000e-04 3.303520e-01
471 6.691440e-01 4.520000e-04 3.304040e-01
472 6.691040e-01 4.480000e-04 3.304480e-01
473 6.690400e-01 4.320000e-04 3.305280e-01
474 6.689960e-01 4.280000e-04 3.305760e-01
475 6.689520e-01 4.160000e-04 3.306320e-01
476 6.688840e-01 4.360000e-04 3.306800e-01
477 6.688240e-01 4.000000e-04 3.307760e-01
478 6.687400e-01 4.080000e-04 3.308520e-01
479 6.686800e-01 3.920000e-04 3.309280e-01
480 6.685960e-01 4.120000e-04 3.309920e-01
481 6.684920e-01 4.160000e-04 3.310920e-01
482 6.683880e-01 4.320000e-04 3.311800e-01
483 6.683000e-01 4.400000e-04 3.312600e-01
484 6.681760e-01 5.080000e-04 3.313160e-01
485 6.680640e-01 5.360000e-04 3.314000e-01
486 6.679840e-01 5.360000e-04 3.314800e-01
487 6.679000e-01 5.440000e-04 3.315560e-01
488 6.678000e-01 5.760000e-04 3.316240e-01
489 6.677280e-01 5.480000e-04 3.317240e-01
490 6.676720e-01 5.040000e-04 3.318240e-01
491 6.676360e-01 4.360000e-04 3.319280e-01
492 6.675800e-01 4.120000e-04 3.320080e-01
493 6.675400e-01 3.840000e-04 3.320760e-01
494 6.674960e-01 3.560000e-04 3.321480e-01
495 6.674400e-01 3.640000e-04 3.321960e-01
496 6.673760e-01 3.720000e-04 3.322520e-01
497 6.672800e-01 4.080000e-04 3.323120e-01
498 6.672080e-01 4.000000e-04 3.323920e-01
499 6.671480e-01 3.880000e-04 3.324640e-01
500 6.670520e-01 4.080000e-04 3.325400e-01
