1 9.992280e-01 6.680000e-04 1.040000e-04
2 9.986360e-01 1.128000e-03 2.360000e-04
3 9.980520e-01 1.456000e-03 4.920000e-04
4 9.973960e-01 1.848000e-03 7.560000e-04
5 9.968040e-01 2.080000e-03 1.116000e-03
6 9.960720e-01 2.456000e-03 1.472000e-03
7 9.953560e-01 2.668000e-03 1.976000e-03
8 9.945600e-01 3.000000e-03 2.440000e-03
9 9.937760e-01 3.224000e-03 3.000000e-03
10 9.929360e-01 3.372000e-03 3.692000e-03
11 9.921200e-01 3.580000e-03 4.300000e-03
12 9.912760e-01 3.828000e-03 4.896000e-03
13 9.904440e-01 3.844000e-03 5.712000e-03
14 9.895480e-01 4.076000e-03 6.376000e-03
15 9.885600e-01 4.440000e-03 7.000000e-03
16 9.876480e-01 4.516000e-03 7.836000e-03
17 9.866760e-01 4.704000e-03 8.620000e-03
18 9.856760e-01 4.740000e-03 9.584000e-03
19 9.846200e-01 4.944000e-03 1.043600e-02
20 9.834920e-01 5.196000e-03 1.131200e-02
21 9.823400e-01 5.384000e-03 1.227600e-02
22 9.811800e-01 5.564000e-03 1.325600e-02
23 9.799960e-01 5.740000e-03 1.426400e-02
24 9.787120e-01 6.052000e-03 1.523600e-02
25 9.775640e-01 6.092000e-03 1.634400e-02
26 9.762200e-01 6.288000e-03 1.749200e-02
27 9.749200e-01 6.272000e-03 1.880800e-02
28 9.737160e-01 6.300000e-03 1.998400e-02
29 9.724200e-01 6.516000e-03 2.106400e-02
30 9.711240e-01 6.652000e-03 2.222400e-02
31 9.697840e-01 6.772000e-03 2.344400e-02
32 9.685000e-01 6.932000e-03 2.456800e-02
33 9.673640e-01 6.904000e-03 2.573200e-02
34 9.660840e-01 6.940000e-03 2.697600e-02
35 9.649240e-01 6.912000e-03 2.816400e-02
36 9.635880e-01 7.040000e-03 2.937200e-02
37 9.623600e-01 6.996000e-03 3.064400e-02
38 9.610960e-01 7.000000e-03 3.190400e-02
39 9.597880e-01 7.168000e-03 3.304400e-02
40 9.584200e-01 7.292000e-03 3.428800e-02
41 9.571680e-01 7.332000e-03 3.550000e-02
42 9.558440e-01 7.364000e-03 3.679200e-02
43 9.544480e-01 7.420000e-03 3.813200e-02
44 9.530320e-01 7.540000e-03 3.942800e-02
45 9.514720e-01 7.704000e-03 4.082400e-02
46 9.499000e-01 7.880000e-03 4.222000e-02
47 9.485080e-01 7.776000e-03 4.371600e-02
48 9.471320e-01 7.724000e-03 4.514400e-02
49 9.458520e-01 7.676000e-03 4.647200e-02
50 9.443880e-01 7.764000e-03 4.784800e-02
51 9.429000e-01 7.860000e-03 4.924000e-02
52 9.415800e-01 7.756000e-03 5.066400e-02
53 9.400120e-01 8.060000e-03 5.192800e-02
54 9.386120e-01 8.100000e-03 5.328800e-02
55 9.372920e-01 8.008000e-03 5.470000e-02
56 9.358800e-01 8.012000e-03 5.610800e-02
57 9.345800e-01 7.852000e-03 5.756800e-02
58 9.334160e-01 7.768000e-03 5.881600e-02
59 9.318280e-01 8.036000e-03 6.013600e-02
60 9.302800e-01 8.168000e-03 6.155200e-02
61 9.286880e-01 8.336000e-03 6.297600e-02
62 9.269800e-01 8.540000e-03 6.448000e-02
63 9.253960e-01 8.676000e-03 6.592800e-02
64 9.238760e-01 8.680000e-03 6.744400e-02
65 9.223080e-01 8.680000e-03 6.901200e-02
66 9.208400e-01 8.696000e-03 7.046400e-02
67 9.194160e-01 8.552000e-03 7.203200e-02
68 9.179640e-01 8.520000e-03 7.351600e-02
69 9.166240e-01 8.528000e-03 7.484800e-02
70 9.151880e-01 8.456000e-03 7.635600e-02
71 9.136960e-01 8.452000e-03 7.785200e-02
72 9.122280e-01 8.392000e-03 7.938000e-02
73 9.105400e-01 8.476000e-03 8.098400e-02
74 9.090960e-01 8.456000e-03 8.244800e-02
75 9.075000e-01 8.664000e-03 8.383600e-02
76 9.058880e-01 8.940000e-03 8.517200e-02
77 9.044320e-01 8.840000e-03 8.672800e-02
78 9.027680e-01 8.932000e-03 8.830000e-02
79 9.012560e-01 8.952000e-03 8.979200e-02
80 8.995280e-01 9.080000e-03 9.139200e-02
81 8.980080e-01 9.180000e-03 9.281200e-02
82 8.964000e-01 9.140000e-03 9.446000e-02
83 8.949200e-01 8.992000e-03 9.608800e-02
84 8.935520e-01 8.684000e-03 9.776400e-02
85 8.921400e-01 8.624000e-03 9.923600e-02
86 8.906960e-01 8.576000e-03 1.007280e-01
87 8.893080e-01 8.476000e-03 1.022160e-01
88 8.880360e-01 8.248000e-03 1.037160e-01
89 8.866000e-01 8.264000e-03 1.051360e-01
90 8.851720e-01 8.300000e-03 1.065280e-01
91 8.838000e-01 8.200000e-03 1.080000e-01
92 8.824200e-01 8.036000e-03 1.095440e-01
93 8.810040e-01 7.896000e-03 1.111000e-01
94 8.793440e-01 8.212000e-03 1.124440e-01
95 8.778840e-01 8.184000e-03 1.139320e-01
96 8.764480e-01 8.220000e-03 1.153320e-01
97 8.749680e-01 8.200000e-03 1.168320e-01
98 8.735880e-01 8.084000e-03 1.183280e-01
99 8.723400e-01 7.996000e-03 1.196640e-01
100 8.710120e-01 7.860000e-03 1.211280e-01
101 8.697960e-01 7.728000e-03 1.224760e-01
102 8.683920e-01 7.828000e-03 1.237800e-01
103 8.671200e-01 7.800000e-03 1.250800e-01
104 8.658640e-01 7.792000e-03 1.263440e-01
105 8.646920e-01 7.684000e-03 1.276240e-01
106 8.635440e-01 7.440000e-03 1.290160e-01
107 8.623200e-01 7.452000e-03 1.302280e-01
108 8.611200e-01 7.328000e-03 1.315520e-01
109 8.596840e-01 7.420000e-03 1.328960e-01
110 8.581560e-01 7.676000e-03 1.341680e-01
111 8.566800e-01 7.788000e-03 1.355320e-01
112 8.551480e-01 7.828000e-03 1.370240e-01
113 8.537480e-01 7.808000e-03 1.384440e-01
114 8.523440e-01 7.840000e-03 1.398160e-01
115 8.511720e-01 7.700000e-03 1.411280e-01
116 8.499160e-01 7.660000e-03 1.424240e-01
117 8.486720e-01 7.576000e-03 1.437520e-01
118 8.474520e-01 7.460000e-03 1.450880e-01
119 8.460960e-01 7.508000e-03 1.463960e-01
120 8.449080e-01 7.328000e-03 1.477640e-01
121 8.438160e-01 7.156000e-03 1.490280e-01
122 8.426880e-01 7.012000e-03 1.503000e-01
123 8.415520e-01 6.972000e-03 1.514760e-01
124 8.406080e-01 6.748000e-03 1.526440e-01
125 8.393400e-01 6.896000e-03 1.537640e-01
126 8.381520e-01 6.924000e-03 1.549240e-01
127 8.369520e-01 6.912000e-03 1.561360e-01
128 8.358320e-01 6.920000e-03 1.572480e-01
129 8.347240e-01 6.932000e-03 1.583440e-01
130 8.336600e-01 6.884000e-03 1.594560e-01
131 8.325800e-01 6.824000e-03 1.605960e-01
132 8.314760e-01 6.696000e-03 1.618280e-01
133 8.303920e-01 6.604000e-03 1.630040e-01
134 8.293320e-01 6.420000e-03 1.642480e-01
135 8.281640e-01 6.576000e-03 1.652600e-01
136 8.270200e-01 6.664000e-03 1.663160e-01
137 8.257560e-01 6.708000e-03 1.675360e-01
138 8.245400e-01 6.680000e-03 1.687800e-01
139 8.233280e-01 6.752000e-03 1.699200e-01
140 8.222240e-01 6.664000e-03 1.711120e-01
141 8.212000e-01 6.532000e-03 1.722680e-01
142 8.200120e-01 6.572000e-03 1.734160e-01
143 8.189120e-01 6.552000e-03 1.745360e-01
144 8.178560e-01 6.520000e-03 1.756240e-01
145 8.167640e-01 6.456000e-03 1.767800e-01
146 8.155480e-01 6.640000e-03 1.778120e-01
147 8.145720e-01 6.416000e-03 1.790120e-01
148 8.135720e-01 6.232000e-03 1.801960e-01
149 8.126040e-01 6.112000e-03 1.812840e-01
150 8.116240e-01 6.056000e-03 1.823200e-01
151 8.104640e-01 6.140000e-03 1.833960e-01
152 8.092880e-01 6.176000e-03 1.845360e-01
153 8.083080e-01 6.100000e-03 1.855920e-01
154 8.073000e-01 6.012000e-03 1.866880e-01
155 8.061560e-01 6.156000e-03 1.876880e-01
156 8.051160e-01 6.104000e-03 1.887800e-01
157 8.040560e-01 5.984000e-03 1.899600e-01
158 8.028800e-01 6.160000e-03 1.909600e-01
159 8.016280e-01 6.392000e-03 1.919800e-01
160 8.003600e-01 6.608000e-03 1.930320e-01
161 7.992400e-01 6.608000e-03 1.941520e-01
162 7.980520e-01 6.704000e-03 1.952440e-01
163 7.968000e-01 6.804000e-03 1.963960e-01
164 7.955760e-01 6.900000e-03 1.975240e-01
165 7.944080e-01 6.872000e-03 1.987200e-01
166 7.934200e-01 6.800000e-03 1.997800e-01
167 7.922680e-01 6.964000e-03 2.007680e-01
168 7.911360e-01 6.804000e-03 2.020600e-01
169 7.900400e-01 6.740000e-03 2.032200e-01
170 7.889720e-01 6.580000e-03 2.044480e-01
171 7.879360e-01 6.544000e-03 2.055200e-01
172 7.870080e-01 6.220000e-03 2.067720e-01
173 7.861320e-01 5.956000e-03 2.079120e-01
174 7.852160e-01 5.856000e-03 2.089280e-01
175 7.843320e-01 5.744000e-03 2.099240e-01
176 7.834880e-01 5.516000e-03 2.109960e-01
177 7.825160e-01 5.540000e-03 2.119440e-01
178 7.816440e-01 5.412000e-03 2.129440e-01
179 7.807960e-01 5.336000e-03 2.138680e-01
180 7.797800e-01 5.304000e-03 2.149160e-01
181 7.786880e-01 5.456000e-03 2.158560e-01
182 7.776680e-01 5.588000e-03 2.167440e-01
183 7.766880e-01 5.500000e-03 2.178120e-01
184 7.756040e-01 5.672000e-03 2.187240e-01
185 7.745680e-01 5.768000e-03 2.196640e-01
186 7.734840e-01 5.812000e-03 2.207040e-01
187 7.725440e-01 5.696000e-03 2.217600e-01
188 7.716080e-01 5.588000e-03 2.228040e-01
189 7.706640e-01 5.588000e-03 2.237480e-01
190 7.696720e-01 5.584000e-03 2.247440e-01
191 7.686040e-01 5.708000e-03 2.256880e-01
192 7.676400e-01 5.628000e-03 2.267320e-01
193 7.666320e-01 5.568000e-03 2.278000e-01
194 7.657440e-01 5.472000e-03 2.287840e-01
195 7.648600e-01 5.348000e-03 2.297920e-01
196 7.637200e-01 5.652000e-03 2.306280e-01
197 7.627240e-01 5.680000e-03 2.315960e-01
198 7.617240e-01 5.620000e-03 2.326560e-01
199 7.607520e-01 5.588000e-03 2.336600e-01
200 7.597880e-01 5.604000e-03 2.346080e-01
201 7.588080e-01 5.592000e-03 2.356000e-01
202 7.578280e-01 5.588000e-03 2.365840e-01
203 7.568680e-01 5.512000e-03 2.376200e-01
204 7.559280e-01 5.524000e-03 2.385480e-01
205 7.549480e-01 5.556000e-03 2.394960e-01
206 7.540840e-01 5.524000e-03 2.403920e-01
207 7.532400e-01 5.424000e-03 2.413360e-01
208 7.524120e-01 5.316000e-03 2.422720e-01
209 7.515920e-01 5.216000e-03 2.431920e-01
210 7.507000e-01 5.336000e-03 2.439640e-01
211 7.497640e-01 5.464000e-03 2.447720e-01
212 7.487920e-01 5.444000e-03 2.457640e-01
213 7.479400e-01 5.436000e-03 2.466240e-01
214 7.471200e-01 5.388000e-03 2.474920e-01
215 7.461920e-01 5.416000e-03 2.483920e-01
216 7.453320e-01 5.396000e-03 2.492720e-01
217 7.445200e-01 5.252000e-03 2.502280e-01
218 7.436600e-01 5.084000e-03 2.512560e-01
219 7.429080e-01 4.868000e-03 2.522240e-01
220 7.422680e-01 4.672000e-03 2.530600e-01
221 7.415360e-01 4.644000e-03 2.538200e-01
222 7.407280e-01 4.568000e-03 2.547040e-01
223 7.400400e-01 4.376000e-03 2.555840e-01
224 7.393840e-01 4.264000e-03 2.563520e-01
225 7.387120e-01 4.192000e-03 2.570960e-01
226 7.378760e-01 4.260000e-03 2.578640e-01
227 7.372200e-01 4.120000e-03 2.586600e-01
228 7.364480e-01 4.104000e-03 2.594480e-01
229 7.357120e-01 4.088000e-03 2.602000e-01
230 7.350080e-01 4.132000e-03 2.608600e-01
231 7.342920e-01 4.180000e-03 2.615280e-01
232 7.336040e-01 4.164000e-03 2.622320e-01
233 7.328360e-01 4.204000e-03 2.629600e-01
234 7.320760e-01 4.312000e-03 2.636120e-01
235 7.312240e-01 4.396000e-03 2.643800e-01
236 7.303880e-01 4.496000e-03 2.651160e-01
237 7.296720e-01 4.460000e-03 2.658680e-01
238 7.289120e-01 4.364000e-03 2.667240e-01
239 7.281120e-01 4.316000e-03 2.675720e-01
240 7.273800e-01 4.284000e-03 2.683360e-01
241 7.265760e-01 4.308000e-03 2.691160e-01
242 7.256880e-01 4.444000e-03 2.698680e-01
243 7.249600e-01 4.372000e-03 2.706680e-01
244 7.241720e-01 4.404000e-03 2.714240e-01
245 7.234680e-01 4.400000e-03 2.721320e-01
246 7.227760e-01 4.304000e-03 2.729200e-01
247 7.220880e-01 4.292000e-03 2.736200e-01
248 7.214640e-01 4.132000e-03 2.744040e-01
249 7.208080e-01 4.036000e-03 2.751560e-01
250 7.200720e-01 4.052000e-03 2.758760e-01
251 7.194800e-01 3.944000e-03 2.765760e-01
252 7.188840e-01 3.852000e-03 2.772640e-01
253 7.182920e-01 3.804000e-03 2.779040e-01
254 7.177080e-01 3.744000e-03 2.785480e-01
255 7.170880e-01 3.632000e-03 2.792800e-01
256 7.164840e-01 3.656000e-03 2.798600e-01
257 7.159000e-01 3.600000e-03 2.805000e-01
258 7.153000e-01 3.560000e-03 2.811400e-01
259 7.146400e-01 3.644000e-03 2.817160e-01
260 7.139520e-01 3.732000e-03 2.823160e-01
261 7.132880e-01 3.744000e-03 2.829680e-01
262 7.127880e-01 3.640000e-03 2.835720e-01
263 7.121960e-01 3.568000e-03 2.842360e-01
264 7.116520e-01 3.400000e-03 2.849480e-01
265 7.111320e-01 3.244000e-03 2.856240e-01
266 7.106160e-01 3.064000e-03 2.863200e-01
267 7.100640e-01 3.100000e-03 2.868360e-01
268 7.096240e-01 2.944000e-03 2.874320e-01
269 7.091760e-01 2.836000e-03 2.879880e-01
270 7.086440e-01 2.896000e-03 2.884600e-01
271 7.081000e-01 2.928000e-03 2.889720e-01
272 7.076240e-01 2.944000e-03 2.894320e-01
273 7.071600e-01 2.976000e-03 2.898640e-01
274 7.066120e-01 3.044000e-03 2.903440e-01
275 7.060520e-01 3.124000e-03 2.908240e-01
276 7.054600e-01 3.220000e-03 2.913200e-01
277 7.050240e-01 3.144000e-03 2.918320e-01
278 7.044400e-01 3.152000e-03 2.924080e-01
279 7.039000e-01 3.160000e-03 2.929400e-01
280 7.033840e-01 3.052000e-03 2.935640e-01
281 7.028400e-01 3.048000e-03 2.941120e-01
282 7.023600e-01 2.976000e-03 2.946640e-01
283 7.017960e-01 2.956000e-03 2.952480e-01
284 7.013160e-01 2.884000e-03 2.958000e-01
285 7.007640e-01 2.904000e-03 2.963320e-01
286 7.002040e-01 2.936000e-03 2.968600e-01
287 6.997280e-01 2.916000e-03 2.973560e-01
288 6.992600e-01 2.908000e-03 2.978320e-01
289 6.988880e-01 2.800000e-03 2.983120e-01
290 6.984760e-01 2.672000e-03 2.988520e-01
291 6.980880e-01 2.564000e-03 2.993480e-01
292 6.976800e-01 2.568000e-03 2.997520e-01
293 6.972560e-01 2.500000e-03 3.002440e-01
294 6.967320e-01 2.648000e-03 3.006200e-01
295 6.961800e-01 2.808000e-03 3.010120e-01
296 6.955920e-01 2.888000e-03 3.015200e-01
297 6.950720e-01 2.864000e-03 3.020640e-01
298 6.945920e-01 2.868000e-03 3.025400e-01
299 6.940280e-01 2.956000e-03 3.030160e-01
300 6.935000e-01 2.944000e-03 3.035560e-01
301 6.930320e-01 2.904000e-03 3.040640e-01
302 6.924600e-01 3.004000e-03 3.045360e-01
303 6.919440e-01 2.972000e-03 3.050840e-01
304 6.914960e-01 2.920000e-03 3.055840e-01
305 6.909840e-01 2.952000e-03 3.060640e-01
306 6.904680e-01 2.900000e-03 3.066320e-01
307 6.900280e-01 2.820000e-03 3.071520e-01
308 6.895600e-01 2.824000e-03 3.076160e-01
309 6.890600e-01 2.788000e-03 3.081520e-01
310 6.886400e-01 2.712000e-03 3.086480e-01
311 6.881720e-01 2.708000e-03 3.091200e-01
312 6.877560e-01 2.760000e-03 3.094840e-01
313 6.873040e-01 2.756000e-03 3.099400e-01
314 6.867960e-01 2.820000e-03 3.103840e-01
315 6.863520e-01 2.800000e-03 3.108480e-01
316 6.858480e-01 2.800000e-03 3.113520e-01
317 6.853360e-01 2.900000e-03 3.117640e-01
318 6.848400e-01 2.860000e-03 3.123000e-01
319 6.842960e-01 2.984000e-03 3.127200e-01
320 6.838080e-01 2.884000e-03 3.133080e-01
321 6.833720e-01 2.816000e-03 3.138120e-01
322 6.829000e-01 2.800000e-03 3.143000e-01
323 6.824800e-01 2.708000e-03 3.148120e-01
324 6.820600e-01 2.672000e-03 3.152680e-01
325 6.816960e-01 2.568000e-03 3.157360e-01
326 6.812680e-01 2.588000e-03 3.161440e-01
327 6.809200e-01 2.500000e-03 3.165800e-01
328 6.805520e-01 2.428000e-03 3.170200e-01
329 6.801960e-01 2.400000e-03 3.174040e-01
330 6.798240e-01 2.360000e-03 3.178160e-01
331 6.794640e-01 2.304000e-03 3.182320e-01
332 6.790280e-01 2.372000e-03 3.186000e-01
333 6.786600e-01 2.348000e-03 3.189920e-01
334 6.783840e-01 2.188000e-03 3.194280e-01
335 6.779800e-01 2.208000e-03 3.198120e-01
336 6.776640e-01 2.176000e-03 3.201600e-01
337 6.773400e-01 2.128000e-03 3.205320e-01
338 6.769800e-01 2.144000e-03 3.208760e-01
339 6.766560e-01 2.096000e-03 3.212480e-01
340 6.762760e-01 2.100000e-03 3.216240e-01
341 6.759000e-01 2.028000e-03 3.220720e-01
342 6.755200e-01 2.044000e-03 3.224360e-01
343 6.751240e-01 2.124000e-03 3.227520e-01
344 6.747440e-01 2.064000e-03 3.231920e-01
345 6.744080e-01 2.084000e-03 3.235080e-01
346 6.740200e-01 2.164000e-03 3.238160e-01
347 6.735720e-01 2.264000e-03 3.241640e-01
348 6.731640e-01 2.276000e-03 3.245600e-01
349 6.727280e-01 2.296000e-03 3.249760e-01
350 6.723760e-01 2.196000e-03 3.254280e-01
351 6.719760e-01 2.232000e-03 3.257920e-01
352 6.716440e-01 2.160000e-03 3.261960e-01
353 6.712480e-01 2.180000e-03 3.265720e-01
354 6.708680e-01 2.204000e-03 3.269280e-01
355 6.705160e-01 2.192000e-03 3.272920e-01
356 6.701880e-01 2.188000e-03 3.276240e-01
357 6.697960e-01 2.188000e-03 3.280160e-01
358 6.694760e-01 2.132000e-03 3.283920e-01
359 6.691120e-01 2.128000e-03 3.287600e-01
360 6.687640e-01 2.112000e-03 3.291240e-01
361 6.684720e-01 2.048000e-03 3.294800e-01
362 6.681240e-01 2.012000e-03 3.298640e-01
363 6.678120e-01 1.980000e-03 3.302080e-01
364 6.674720e-01 1.952000e-03 3.305760e-01
365 6.671360e-01 1.948000e-03 3.309160e-01
366 6.668640e-01 1.912000e-03 3.312240e-01
367 6.665320e-01 1.908000e-03 3.315600e-01
368 6.662360e-01 1.912000e-03 3.318520e-01
369 6.659480e-01 1.848000e-03 3.322040e-01
370 6.656760e-01 1.784000e-03 3.325400e-01
371 6.653560e-01 1.808000e-03 3.328360e-01
372 6.650240e-01 1.720000e-03 3.332560e-01
373 6.647800e-01 1.692000e-03 3.335280e-01
374 6.645280e-01 1.648000e-03 3.338240e-01
375 6.642560e-01 1.644000e-03 3.341000e-01
376 6.639360e-01 1.656000e-03 3.344080e-01
377 6.636360e-01 1.656000e-03 3.347080e-01
378 6.633400e-01 1.700000e-03 3.349600e-01
379 6.630920e-01 1.664000e-03 3.352440e-01
380 6.628280e-01 1.636000e-03 3.355360e-01
381 6.626160e-01 1.572000e-03 3.358120e-01
382 6.623360e-01 1.512000e-03 3.361520e-01
383 6.620680e-01 1.496000e-03 3.364360e-01
384 6.618360e-01 1.460000e-03 3.367040e-01
385 6.615800e-01 1.396000e-03 3.370240e-01
386 6.612480e-01 1.464000e-03 3.372880e-01
387 6.610120e-01 1.412000e-03 3.375760e-01
388 6.607880e-01 1.436000e-03 3.377760e-01
389 6.605240e-01 1.428000e-03 3.380480e-01
390 6.602760e-01 1.420000e-03 3.383040e-01
391 6.600440e-01 1.468000e-03 3.384880e-01
392 6.598480e-01 1.388000e-03 3.387640e-01
393 6.596160e-01 1.368000e-03 3.390160e-01
394 6.594040e-01 1.404000e-03 3.391920e-01
395 6.591840e-01 1.392000e-03 3.394240e-01
396 6.589880e-01 1.376000e-03 3.396360e-01
397 6.588000e-01 1.340000e-03 3.398600e-01
398 6.586120e-01 1.300000e-03 3.400880e-01
399 6.584280e-01 1.236000e-03 3.403360e-01
400 6.582520e-01 1.164000e-03 3.405840e-01
401 6.580640e-01 1.164000e-03 3.407720e-01
402 6.578680e-01 1.144000e-03 3.409880e-01
403 6.576920e-01 1.120000e-03 3.411880e-01
404 6.575080e-01 1.104000e-03 3.413880e-01
405 6.573840e-01 1.024000e-03 3.415920e-01
406 6.572000e-01 9.880000e-04 3.418120e-01
407 6.570280e-01 1.008000e-03 3.419640e-01
408 6.567960e-01 1.052000e-03 3.421520e-01
409 6.566040e-01 1.052000e-03 3.423440e-01
410 6.564240e-01 1.008000e-03 3.425680e-01
411 6.562720e-01 9.920000e-04 3.427360e-01
412 6.560520e-01 1.060000e-03 3.428880e-01
413 6.558840e-01 1.004000e-03 3.431120e-01
414 6.557320e-01 9.600000e-04 3.433080e-01
415 6.555240e-01 9.880000e-04 3.434880e-01
416 6.553040e-01 1.052000e-03 3.436440e-01
417 6.551200e-01 1.032000e-03 3.438480e-01
418 6.549640e-01 9.880000e-04 3.440480e-01
419 6.547400e-01 9.920000e-04 3.442680e-01
420 6.545320e-01 1.048000e-03 3.444200e-01
421 6.543160e-01 1.116000e-03 3.445680e-01
422 6.540760e-01 1.160000e-03 3.447640e-01
423 6.538560e-01 1.180000e-03 3.449640e-01
424 6.536280e-01 1.220000e-03 3.451520e-01
425 6.534320e-01 1.248000e-03 3.453200e-01
426 6.532520e-01 1.244000e-03 3.455040e-01
427 6.529840e-01 1.260000e-03 3.457560e-01
428 6.527400e-01 1.280000e-03 3.459800e-01
429 6.525560e-01 1.244000e-03 3.462000e-01
430 6.523920e-01 1.180000e-03 3.464280e-01
431 6.522280e-01 1.128000e-03 3.466440e-01
432 6.520360e-01 1.088000e-03 3.468760e-01
433 6.519240e-01 9.800000e-04 3.470960e-01
434 6.517760e-01 9.680000e-04 3.472560e-01
435 6.516520e-01 9.360000e-04 3.474120e-01
436 6.515120e-01 8.920000e-04 3.475960e-01
437 6.513360e-01 9.000000e-04 3.477640e-01
438 6.511960e-01 8.880000e-04 3.479160e-01
439 6.510160e-01 9.000000e-04 3.480840e-01
440 6.508360e-01 9.840000e-04 3.481800e-01
441 6.506840e-01 9.920000e-04 3.483240e-01
442 6.505240e-01 9.840000e-04 3.484920e-01
443 6.503720e-01 9.400000e-04 3.486880e-01
444 6.502120e-01 9.680000e-04 3.488200e-01
445 6.501320e-01 8.560000e-04 3.490120e-01
446 6.500160e-01 7.960000e-04 3.491880e-01
447 6.498920e-01 7.960000e-04 3.493120e-01
448 6.497760e-01 7.520000e-04 3.494720e-01
449 6.496680e-01 6.760000e-04 3.496560e-01
450 6.495080e-01 7.640000e-04 3.497280e-01
451 6.493360e-01 8.040000e-04 3.498600e-01
452 6.491920e-01 7.960000e-04 3.500120e-01
453 6.490480e-01 7.960000e-04 3.501560e-01
454 6.489440e-01 8.000000e-04 3.502560e-01
455 6.488480e-01 7.960000e-04 3.503560e-01
456 6.487120e-01 8.080000e-04 3.504800e-01
457 6.485520e-01 8.800000e-04 3.505680e-01
458 6.483840e-01 9.000000e-04 3.507160e-01
459 6.482520e-01 8.640000e-04 3.508840e-01
460 6.480400e-01 9.360000e-04 3.510240e-01
461 6.478440e-01 9.520000e-04 3.512040e-01
462 6.476720e-01 9.400000e-04 3.513880e-01
463 6.474720e-01 9.680000e-04 3.515600e-01
464 6.472720e-01 1.000000e-03 3.517280e-01
465 6.470480e-01 1.040000e-03 3.519120e-01
466 6.468320e-01 1.096000e-03 3.520720e-01
467 6.466400e-01 1.100000e-03 3.522600e-01
468 6.464680e-01 1.068000e-03 3.524640e-01
469 6.462760e-01 1.080000e-03 3.526440e-01
470 6.460840e-01 1.056000e-03 3.528600e-01
471 6.459440e-01 1.004000e-03 3.530520e-01
472 6.457840e-01 9.680000e-04 3.532480e-01
473 6.456680e-01 9.360000e-04 3.533960e-01
474 6.455320e-01 9.480000e-04 3.535200e-01
475 6.454200e-01 9.200000e-04 3.536600e-01
476 6.452760e-01 8.720000e-04 3.538520e-01
477 6.451080e-01 8.520000e-04 3.540400e-01
478 6.449560e-01 8.720000e-04 3.541720e-01
479 6.447880e-01 8.880000e-04 3.543240e-01
480 6.446160e-01 9.360000e-04 3.544480e-01
481 6.444840e-01 9.280000e-04 3.545880e-01
482 6.443200e-01 9.320000e-04 3.547480e-01
483 6.441400e-01 9.360000e-04 3.549240e-01
484 6.439760e-01 9.280000e-04 3.550960e-01
485 6.438040e-01 9.200000e-04 3.552760e-01
486 6.436320e-01 9.320000e-04 3.554360e-01
487 6.434760e-01 8.960000e-04 3.556280e-01
488 6.433320e-01 8.960000e-04 3.557720e-01
489 6.431640e-01 8.480000e-04 3.559880e-01
490 6.429920e-01 8.640000e-04 3.561440e-01
491 6.428520e-01 8.320000e-04 3.563160e-01
492 6.426920e-01 8.680000e-04 3.564400e-01
493 6.425400e-01 9.120000e-04 3.565480e-01
494 6.424160e-01 8.800000e-04 3.567040e-01
495 6.422520e-01 9.080000e-04 3.568400e-01
496 6.421080e-01 8.640000e-04 3.570280e-01
497 6.419520e-01 8.840000e-04 3.571640e-01
498 6.417960e-01 8.600000e-04 3.573440e-01
499 6.416560e-01 8.480000e-04 3.574960e-01
500 6.415320e-01 8.400000e-04 3.576280e-01
