1 9.992000e-01 7.000000e-04 1.000000e-04
2 9.986920e-01 1.032000e-03 2.760000e-04
3 9.981760e-01 1.364000e-03 4.600000e-04
4 9.974120e-01 1.904000e-03 6.840000e-04
5 9.966400e-01 2.312000e-03 1.048000e-03
6 9.958240e-01 2.716000e-03 1.460000e-03
7 9.950600e-01 2.996000e-03 1.944000e-03
8 9.942880e-01 3.184000e-03 2.528000e-03
9 9.934120e-01 3.500000e-03 3.088000e-03
10 9.923600e-01 4.040000e-03 3.600000e-03
11 9.913600e-01 4.316000e-03 4.324000e-03
12 9.903680e-01 4.568000e-03 5.064000e-03
13 9.893520e-01 4.716000e-03 5.932000e-03
14 9.882560e-01 4.964000e-03 6.780000e-03
15 9.871840e-01 5.152000e-03 7.664000e-03
16 9.861680e-01 5.268000e-03 8.564000e-03
17 9.851520e-01 5.372000e-03 9.476000e-03
18 9.840680e-01 5.436000e-03 1.049600e-02
19 9.831560e-01 5.384000e-03 1.146000e-02
20 9.820840e-01 5.448000e-03 1.246800e-02
21 9.810640e-01 5.496000e-03 1.344000e-02
22 9.799920e-01 5.596000e-03 1.441200e-02
23 9.788280e-01 5.836000e-03 1.533600e-02
24 9.777280e-01 5.888000e-03 1.638400e-02
25 9.765200e-01 6.156000e-03 1.732400e-02
26 9.752480e-01 6.328000e-03 1.842400e-02
27 9.739160e-01 6.580000e-03 1.950400e-02
28 9.727120e-01 6.648000e-03 2.064000e-02
29 9.715760e-01 6.644000e-03 2.178000e-02
30 9.703720e-01 6.676000e-03 2.295200e-02
31 9.691320e-01 6.772000e-03 2.409600e-02
32 9.680960e-01 6.552000e-03 2.535200e-02
33 9.669520e-01 6.600000e-03 2.644800e-02
34 9.656200e-01 6.872000e-03 2.750800e-02
35 9.644040e-01 6.908000e-03 2.868800e-02
36 9.629160e-01 7.104000e-03 2.998000e-02
37 9.616600e-01 7.088000e-03 3.125200e-02
38 9.602960e-01 7.176000e-03 3.252800e-02
39 9.591240e-01 7.144000e-03 3.373200e-02
40 9.577640e-01 7.312000e-03 3.492400e-02
41 9.564080e-01 7.280000e-03 3.631200e-02
42 9.550960e-01 7.364000e-03 3.754000e-02
43 9.538200e-01 7.460000e-03 3.872000e-02
44 9.523840e-01 7.668000e-03 3.994800e-02
45 9.509480e-01 7.848000e-03 4.120400e-02
46 9.494080e-01 7.976000e-03 4.261600e-02
47 9.479120e-01 8.056000e-03 4.403200e-02
48 9.465520e-01 8.028000e-03 4.542000e-02
49 9.450960e-01 8.084000e-03 4.682000e-02
50 9.435800e-01 8.212000e-03 4.820800e-02
51 9.420920e-01 8.260000e-03 4.964800e-02
52 9.404880e-01 8.312000e-03 5.120000e-02
53 9.389880e-01 8.364000e-03 5.264800e-02
54 9.375480e-01 8.328000e-03 5.412400e-02
55 9.359920e-01 8.416000e-03 5.559200e-02
56 9.344800e-01 8.572000e-03 5.694800e-02
57 9.328840e-01 8.752000e-03 5.836400e-02
58 9.313560e-01 8.736000e-03 5.990800e-02
59 9.298520e-01 8.708000e-03 6.144000e-02
60 9.284120e-01 8.568000e-03 6.302000e-02
61 9.268720e-01 8.596000e-03 6.453200e-02
62 9.251920e-01 8.784000e-03 6.602400e-02
63 9.235080e-01 9.048000e-03 6.744400e-02
64 9.219000e-01 9.028000e-03 6.907200e-02
65 9.201760e-01 9.152000e-03 7.067200e-02
66 9.184960e-01 9.116000e-03 7.238800e-02
67 9.167400e-01 9.296000e-03 7.396400e-02
68 9.150240e-01 9.404000e-03 7.557200e-02
69 9.132840e-01 9.432000e-03 7.728400e-02
70 9.116200e-01 9.496000e-03 7.888400e-02
71 9.099880e-01 9.492000e-03 8.052000e-02
72 9.083160e-01 9.572000e-03 8.211200e-02
73 9.066360e-01 9.664000e-03 8.370000e-02
74 9.050480e-01 9.576000e-03 8.537600e-02
75 9.034800e-01 9.440000e-03 8.708000e-02
76 9.018320e-01 9.528000e-03 8.864000e-02
77 9.000360e-01 9.652000e-03 9.031200e-02
78 8.984640e-01 9.536000e-03 9.200000e-02
79 8.968000e-01 9.500000e-03 9.370000e-02
80 8.952720e-01 9.264000e-03 9.546400e-02
81 8.938080e-01 9.184000e-03 9.700800e-02
82 8.921280e-01 9.372000e-03 9.850000e-02
83 8.902840e-01 9.620000e-03 1.000960e-01
84 8.885200e-01 9.696000e-03 1.017840e-01
85 8.867880e-01 9.732000e-03 1.034800e-01
86 8.852520e-01 9.512000e-03 1.052360e-01
87 8.837280e-01 9.388000e-03 1.068840e-01
88 8.820800e-01 9.324000e-03 1.085960e-01
89 8.807240e-01 9.128000e-03 1.101480e-01
90 8.792320e-01 9.040000e-03 1.117280e-01
91 8.776360e-01 9.124000e-03 1.132400e-01
92 8.759760e-01 9.100000e-03 1.149240e-01
93 8.744920e-01 9.016000e-03 1.164920e-01
94 8.729560e-01 9.012000e-03 1.180320e-01
95 8.712960e-01 9.068000e-03 1.196360e-01
96 8.696440e-01 8.932000e-03 1.214240e-01
97 8.682600e-01 8.836000e-03 1.229040e-01
98 8.666960e-01 8.792000e-03 1.245120e-01
99 8.651920e-01 8.784000e-03 1.260240e-01
100 8.635920e-01 8.936000e-03 1.274720e-01
101 8.620760e-01 8.852000e-03 1.290720e-01
102 8.605440e-01 8.820000e-03 1.306360e-01
103 8.589680e-01 8.888000e-03 1.321440e-01
104 8.575960e-01 8.776000e-03 1.336280e-01
105 8.562040e-01 8.648000e-03 1.351480e-01
106 8.546240e-01 8.668000e-03 1.367080e-01
107 8.531080e-01 8.632000e-03 1.382600e-01
108 8.516680e-01 8.492000e-03 1.398400e-01
109 8.500040e-01 8.732000e-03 1.412640e-01
110 8.485360e-01 8.624000e-03 1.428400e-01
111 8.470720e-01 8.632000e-03 1.442960e-01
112 8.456880e-01 8.528000e-03 1.457840e-01
113 8.443080e-01 8.612000e-03 1.470800e-01
114 8.428680e-01 8.484000e-03 1.486480e-01
115 8.414360e-01 8.496000e-03 1.500680e-01
116 8.399520e-01 8.536000e-03 1.515120e-01
117 8.385240e-01 8.440000e-03 1.530360e-01
118 8.370200e-01 8.432000e-03 1.545480e-01
119 8.356520e-01 8.244000e-03 1.561040e-01
120 8.344560e-01 7.972000e-03 1.575720e-01
121 8.331320e-01 7.864000e-03 1.590040e-01
122 8.318160e-01 7.892000e-03 1.602920e-01
123 8.305600e-01 7.736000e-03 1.617040e-01
124 8.291680e-01 7.668000e-03 1.631640e-01
125 8.278880e-01 7.604000e-03 1.645080e-01
126 8.266120e-01 7.564000e-03 1.658240e-01
127 8.253640e-01 7.552000e-03 1.670840e-01
128 8.240520e-01 7.532000e-03 1.684160e-01
129 8.227680e-01 7.548000e-03 1.696840e-01
130 8.213040e-01 7.680000e-03 1.710160e-01
131 8.198800e-01 7.920000e-03 1.722000e-01
132 8.186600e-01 7.736000e-03 1.736040e-01
133 8.173960e-01 7.464000e-03 1.751400e-01
134 8.160000e-01 7.480000e-03 1.765200e-01
135 8.147200e-01 7.468000e-03 1.778120e-01
136 8.135320e-01 7.336000e-03 1.791320e-01
137 8.123800e-01 7.280000e-03 1.803400e-01
138 8.111920e-01 7.140000e-03 1.816680e-01
139 8.099640e-01 7.180000e-03 1.828560e-01
140 8.088000e-01 6.976000e-03 1.842240e-01
141 8.077760e-01 6.736000e-03 1.854880e-01
142 8.066520e-01 6.572000e-03 1.867760e-01
143 8.056160e-01 6.360000e-03 1.880240e-01
144 8.044520e-01 6.380000e-03 1.891680e-01
145 8.033440e-01 6.212000e-03 1.904440e-01
146 8.020800e-01 6.352000e-03 1.915680e-01
147 8.008920e-01 6.364000e-03 1.927440e-01
148 7.997640e-01 6.360000e-03 1.938760e-01
149 7.986440e-01 6.360000e-03 1.949960e-01
150 7.974440e-01 6.496000e-03 1.960600e-01
151 7.962320e-01 6.552000e-03 1.972160e-01
152 7.951920e-01 6.520000e-03 1.982880e-01
153 7.940360e-01 6.532000e-03 1.994320e-01
154 7.929200e-01 6.404000e-03 2.006760e-01
155 7.917560e-01 6.504000e-03 2.017400e-01
156 7.904320e-01 6.596000e-03 2.029720e-01
157 7.891720e-01 6.724000e-03 2.041040e-01
158 7.880040e-01 6.612000e-03 2.053840e-01
159 7.868360e-01 6.632000e-03 2.065320e-01
160 7.858880e-01 6.324000e-03 2.077880e-01
161 7.849040e-01 6.220000e-03 2.088760e-01
162 7.838000e-01 6.256000e-03 2.099440e-01
163 7.826760e-01 6.292000e-03 2.110320e-01
164 7.816360e-01 6.220000e-03 2.121440e-01
165 7.805600e-01 6.264000e-03 2.131760e-01
166 7.793040e-01 6.476000e-03 2.142200e-01
167 7.781800e-01 6.400000e-03 2.154200e-01
168 7.770440e-01 6.416000e-03 2.165400e-01
169 7.758680e-01 6.424000e-03 2.177080e-01
170 7.749240e-01 6.224000e-03 2.188520e-01
171 7.739360e-01 6.140000e-03 2.199240e-01
172 7.729120e-01 6.068000e-03 2.210200e-01
173 7.720160e-01 5.824000e-03 2.221600e-01
174 7.709880e-01 5.776000e-03 2.232360e-01
175 7.701680e-01 5.676000e-03 2.241560e-01
176 7.692400e-01 5.572000e-03 2.251880e-01
177 7.683960e-01 5.452000e-03 2.261520e-01
178 7.675040e-01 5.456000e-03 2.270400e-01
179 7.664720e-01 5.568000e-03 2.279600e-01
180 7.654640e-01 5.528000e-03 2.290080e-01
181 7.645640e-01 5.348000e-03 2.300880e-01
182 7.637120e-01 5.324000e-03 2.309640e-01
183 7.627040e-01 5.312000e-03 2.319840e-01
184 7.618120e-01 5.244000e-03 2.329440e-01
185 7.609120e-01 5.208000e-03 2.338800e-01
186 7.600880e-01 5.100000e-03 2.348120e-01
187 7.592680e-01 5.016000e-03 2.357160e-01
188 7.584160e-01 5.100000e-03 2.364840e-01
189 7.575160e-01 5.172000e-03 2.373120e-01
190 7.567400e-01 5.156000e-03 2.381040e-01
191 7.558800e-01 5.224000e-03 2.388960e-01
192 7.548960e-01 5.272000e-03 2.398320e-01
193 7.539360e-01 5.268000e-03 2.407960e-01
194 7.530680e-01 5.280000e-03 2.416520e-01
195 7.520880e-01 5.272000e-03 2.426400e-01
196 7.510640e-01 5.332000e-03 2.436040e-01
197 7.501640e-01 5.292000e-03 2.445440e-01
198 7.491840e-01 5.288000e-03 2.455280e-01
199 7.481360e-01 5.424000e-03 2.464400e-01
200 7.471560e-01 5.496000e-03 2.473480e-01
201 7.460960e-01 5.560000e-03 2.483440e-01
202 7.450840e-01 5.568000e-03 2.493480e-01
203 7.441720e-01 5.520000e-03 2.503080e-01
204 7.432240e-01 5.524000e-03 2.512520e-01
205 7.422920e-01 5.620000e-03 2.520880e-01
206 7.412920e-01 5.732000e-03 2.529760e-01
207 7.404200e-01 5.688000e-03 2.538920e-01
208 7.393920e-01 5.828000e-03 2.547800e-01
209 7.383080e-01 5.856000e-03 2.558360e-01
210 7.373480e-01 5.864000e-03 2.567880e-01
211 7.363200e-01 5.920000e-03 2.577600e-01
212 7.353400e-01 5.828000e-03 2.588320e-01
213 7.342800e-01 5.808000e-03 2.599120e-01
214 7.333480e-01 5.744000e-03 2.609080e-01
215 7.324640e-01 5.660000e-03 2.618760e-01
216 7.316080e-01 5.508000e-03 2.628840e-01
217 7.307240e-01 5.440000e-03 2.638360e-01
218 7.298600e-01 5.244000e-03 2.648960e-01
219 7.288800e-01 5.280000e-03 2.658400e-01
220 7.280480e-01 5.140000e-03 2.668120e-01
221 7.272440e-01 5.068000e-03 2.676880e-01
222 7.264160e-01 4.992000e-03 2.685920e-01
223 7.256160e-01 4.940000e-03 2.694440e-01
224 7.248280e-01 4.932000e-03 2.702400e-01
225 7.241400e-01 4.852000e-03 2.710080e-01
226 7.232560e-01 4.876000e-03 2.718680e-01
227 7.223520e-01 5.008000e-03 2.726400e-01
228 7.214920e-01 5.024000e-03 2.734840e-01
229 7.207120e-01 5.024000e-03 2.742640e-01
230 7.198800e-01 4.880000e-03 2.752400e-01
231 7.191720e-01 4.784000e-03 2.760440e-01
232 7.184040e-01 4.680000e-03 2.769160e-01
233 7.176600e-01 4.644000e-03 2.776960e-01
234 7.169040e-01 4.640000e-03 2.784560e-01
235 7.161520e-01 4.540000e-03 2.793080e-01
236 7.153840e-01 4.464000e-03 2.801520e-01
237 7.145920e-01 4.540000e-03 2.808680e-01
238 7.137840e-01 4.572000e-03 2.816440e-01
239 7.129800e-01 4.564000e-03 2.824560e-01
240 7.122680e-01 4.472000e-03 2.832600e-01
241 7.115280e-01 4.480000e-03 2.839920e-01
242 7.108240e-01 4.396000e-03 2.847800e-01
243 7.101600e-01 4.284000e-03 2.855560e-01
244 7.094040e-01 4.280000e-03 2.863160e-01
245 7.087680e-01 4.144000e-03 2.870880e-01
246 7.079760e-01 4.244000e-03 2.877800e-01
247 7.072760e-01 4.228000e-03 2.884960e-01
248 7.065880e-01 4.252000e-03 2.891600e-01
249 7.058760e-01 4.260000e-03 2.898640e-01
250 7.052320e-01 4.104000e-03 2.906640e-01
251 7.045160e-01 4.076000e-03 2.914080e-01
252 7.038320e-01 4.076000e-03 2.920920e-01
253 7.031400e-01 4.092000e-03 2.927680e-01
254 7.025640e-01 4.008000e-03 2.934280e-01
255 7.018640e-01 4.072000e-03 2.940640e-01
256 7.012680e-01 3.984000e-03 2.947480e-01
257 7.005840e-01 3.984000e-03 2.954320e-01
258 7.000280e-01 3.840000e-03 2.961320e-01
259 6.994640e-01 3.776000e-03 2.967600e-01
260 6.988760e-01 3.664000e-03 2.974600e-01
261 6.982560e-01 3.680000e-03 2.980640e-01
262 6.976600e-01 3.608000e-03 2.987320e-01
263 6.971040e-01 3.552000e-03 2.993440e-01
264 6.966280e-01 3.336000e-03 3.000360e-01
265 6.960880e-01 3.320000e-03 3.005920e-01
266 6.955120e-01 3.364000e-03 3.011240e-01
267 6.949400e-01 3.348000e-03 3.017120e-01
268 6.943800e-01 3.284000e-03 3.023360e-01
269 6.937560e-01 3.364000e-03 3.028800e-01
270 6.931880e-01 3.308000e-03 3.035040e-01
271 6.924640e-01 3.484000e-03 3.040520e-01
272 6.917920e-01 3.584000e-03 3.046240e-01
273 6.911000e-01 3.624000e-03 3.052760e-01
274 6.904000e-01 3.624000e-03 3.059760e-01
275 6.897480e-01 3.672000e-03 3.065800e-01
276 6.891120e-01 3.652000e-03 3.072360e-01
277 6.884720e-01 3.740000e-03 3.077880e-01
278 6.878840e-01 3.692000e-03 3.084240e-01
279 6.872840e-01 3.600000e-03 3.091160e-01
280 6.866600e-01 3.608000e-03 3.097320e-01
281 6.860320e-01 3.620000e-03 3.103480e-01
282 6.854800e-01 3.564000e-03 3.109560e-01
283 6.848200e-01 3.612000e-03 3.115680e-01
284 6.842400e-01 3.532000e-03 3.122280e-01
285 6.836720e-01 3.536000e-03 3.127920e-01
286 6.830320e-01 3.568000e-03 3.134000e-01
287 6.823720e-01 3.556000e-03 3.140720e-01
288 6.817960e-01 3.488000e-03 3.147160e-01
289 6.812360e-01 3.376000e-03 3.153880e-01
290 6.806720e-01 3.388000e-03 3.159400e-01
291 6.801520e-01 3.344000e-03 3.165040e-01
292 6.796920e-01 3.220000e-03 3.170880e-01
293 6.791680e-01 3.200000e-03 3.176320e-01
294 6.786640e-01 3.160000e-03 3.181760e-01
295 6.781440e-01 3.092000e-03 3.187640e-01
296 6.777280e-01 2.892000e-03 3.193800e-01
297 6.772960e-01 2.860000e-03 3.198440e-01
298 6.768760e-01 2.744000e-03 3.203800e-01
299 6.764960e-01 2.664000e-03 3.208400e-01
300 6.760880e-01 2.604000e-03 3.213080e-01
301 6.757240e-01 2.496000e-03 3.217800e-01
302 6.753400e-01 2.460000e-03 3.222000e-01
303 6.748680e-01 2.508000e-03 3.226240e-01
304 6.744120e-01 2.548000e-03 3.230400e-01
305 6.740640e-01 2.480000e-03 3.234560e-01
306 6.737120e-01 2.440000e-03 3.238480e-01
307 6.734040e-01 2.364000e-03 3.242320e-01
308 6.730560e-01 2.276000e-03 3.246680e-01
309 6.727360e-01 2.220000e-03 3.250440e-01
310 6.723560e-01 2.272000e-03 3.253720e-01
311 6.719920e-01 2.200000e-03 3.258080e-01
312 6.715760e-01 2.248000e-03 3.261760e-01
313 6.711840e-01 2.320000e-03 3.264960e-01
314 6.707760e-01 2.324000e-03 3.269000e-01
315 6.704040e-01 2.240000e-03 3.273560e-01
316 6.700480e-01 2.136000e-03 3.278160e-01
317 6.697120e-01 2.084000e-03 3.282040e-01
318 6.693400e-01 2.100000e-03 3.285600e-01
319 6.689760e-01 2.156000e-03 3.288680e-01
320 6.686320e-01 2.172000e-03 3.291960e-01
321 6.682560e-01 2.164000e-03 3.295800e-01
322 6.678120e-01 2.192000e-03 3.299960e-01
323 6.674640e-01 2.100000e-03 3.304360e-01
324 6.671480e-01 2.060000e-03 3.307920e-01
325 6.668120e-01 2.016000e-03 3.311720e-01
326 6.665200e-01 1.912000e-03 3.315680e-01
327 6.662400e-01 1.868000e-03 3.318920e-01
328 6.659040e-01 1.912000e-03 3.321840e-01
329 6.655760e-01 1.884000e-03 3.325400e-01
330 6.652280e-01 1.916000e-03 3.328560e-01
331 6.648400e-01 1.960000e-03 3.332000e-01
332 6.645000e-01 2.036000e-03 3.334640e-01
333 6.640960e-01 2.108000e-03 3.337960e-01
334 6.637240e-01 2.088000e-03 3.341880e-01
335 6.632840e-01 2.228000e-03 3.344880e-01
336 6.629640e-01 2.220000e-03 3.348160e-01
337 6.625760e-01 2.224000e-03 3.352000e-01
338 6.622640e-01 2.108000e-03 3.356280e-01
339 6.618880e-01 2.148000e-03 3.359640e-01
340 6.615480e-01 2.116000e-03 3.363360e-01
341 6.612440e-01 2.036000e-03 3.367200e-01
342 6.609280e-01 1.988000e-03 3.370840e-01
343 6.606400e-01 1.860000e-03 3.375000e-01
344 6.603160e-01 1.800000e-03 3.378840e-01
345 6.600440e-01 1.728000e-03 3.382280e-01
346 6.597440e-01 1.692000e-03 3.385640e-01
347 6.594280e-01 1.676000e-03 3.388960e-01
348 6.591520e-01 1.696000e-03 3.391520e-01
349 6.588800e-01 1.716000e-03 3.394040e-01
350 6.586160e-01 1.688000e-03 3.396960e-01
351 6.582840e-01 1.692000e-03 3.400240e-01
352 6.579720e-01 1.744000e-03 3.402840e-01
353 6.577040e-01 1.624000e-03 3.406720e-01
354 6.573960e-01 1.632000e-03 3.409720e-01
355 6.571600e-01 1.524000e-03 3.413160e-01
356 6.569240e-01 1.472000e-03 3.416040e-01
357 6.566680e-01 1.444000e-03 3.418880e-01
358 6.564160e-01 1.460000e-03 3.421240e-01
359 6.561480e-01 1.480000e-03 3.423720e-01
360 6.558720e-01 1.500000e-03 3.426280e-01
361 6.556040e-01 1.468000e-03 3.429280e-01
362 6.553000e-01 1.512000e-03 3.431880e-01
363 6.549440e-01 1.648000e-03 3.434080e-01
364 6.546960e-01 1.612000e-03 3.436920e-01
365 6.543840e-01 1.676000e-03 3.439400e-01
366 6.540640e-01 1.704000e-03 3.442320e-01
367 6.537320e-01 1.736000e-03 3.445320e-01
368 6.534000e-01 1.760000e-03 3.448400e-01
369 6.530400e-01 1.852000e-03 3.451080e-01
370 6.526480e-01 1.960000e-03 3.453920e-01
371 6.523360e-01 1.892000e-03 3.457720e-01
372 6.520640e-01 1.852000e-03 3.460840e-01
373 6.517880e-01 1.744000e-03 3.464680e-01
374 6.515640e-01 1.656000e-03 3.467800e-01
375 6.513160e-01 1.628000e-03 3.470560e-01
376 6.511120e-01 1.544000e-03 3.473440e-01
377 6.508560e-01 1.552000e-03 3.475920e-01
378 6.506200e-01 1.564000e-03 3.478160e-01
379 6.503160e-01 1.572000e-03 3.481120e-01
380 6.499600e-01 1.684000e-03 3.483560e-01
381 6.496920e-01 1.688000e-03 3.486200e-01
382 6.494400e-01 1.584000e-03 3.489760e-01
383 6.492240e-01 1.552000e-03 3.492240e-01
384 6.489800e-01 1.500000e-03 3.495200e-01
385 6.487960e-01 1.472000e-03 3.497320e-01
386 6.484960e-01 1.508000e-03 3.499960e-01
387 6.483000e-01 1.464000e-03 3.502360e-01
388 6.480920e-01 1.408000e-03 3.505000e-01
389 6.478400e-01 1.464000e-03 3.506960e-01
390 6.476320e-01 1.484000e-03 3.508840e-01
391 6.474120e-01 1.448000e-03 3.511400e-01
392 6.471480e-01 1.448000e-03 3.514040e-01
393 6.469440e-01 1.404000e-03 3.516520e-01
394 6.466880e-01 1.412000e-03 3.519000e-01
395 6.464840e-01 1.356000e-03 3.521600e-01
396 6.462240e-01 1.432000e-03 3.523440e-01
397 6.459800e-01 1.428000e-03 3.525920e-01
398 6.457360e-01 1.436000e-03 3.528280e-01
399 6.454920e-01 1.396000e-03 3.531120e-01
400 6.452720e-01 1.360000e-03 3.533680e-01
401 6.450800e-01 1.356000e-03 3.535640e-01
402 6.449240e-01 1.308000e-03 3.537680e-01
403 6.447120e-01 1.260000e-03 3.540280e-01
404 6.445040e-01 1.192000e-03 3.543040e-01
405 6.442960e-01 1.180000e-03 3.545240e-01
406 6.440920e-01 1.228000e-03 3.546800e-01
407 6.438520e-01 1.284000e-03 3.548640e-01
408 6.436040e-01 1.268000e-03 3.551280e-01
409 6.433840e-01 1.248000e-03 3.553680e-01
410 6.431080e-01 1.340000e-03 3.555520e-01
411 6.428840e-01 1.320000e-03 3.557960e-01
412 6.427200e-01 1.276000e-03 3.560040e-01
413 6.425040e-01 1.264000e-03 3.562320e-01
414 6.422880e-01 1.232000e-03 3.564800e-01
415 6.421160e-01 1.224000e-03 3.566600e-01
416 6.419560e-01 1.168000e-03 3.568760e-01
417 6.418160e-01 1.056000e-03 3.571280e-01
418 6.416560e-01 9.920000e-04 3.573520e-01
419 6.414920e-01 9.440000e-04 3.575640e-01
420 6.413080e-01 9.680000e-04 3.577240e-01
421 6.411680e-01 9.440000e-04 3.578880e-01
422 6.410120e-01 9.800000e-04 3.580080e-01
423 6.408560e-01 1.020000e-03 3.581240e-01
424 6.407040e-01 9.960000e-04 3.583000e-01
425 6.405760e-01 9.120000e-04 3.585120e-01
426 6.404640e-01 8.520000e-04 3.586840e-01
427 6.403000e-01 8.880000e-04 3.588120e-01
428 6.401480e-01 8.320000e-04 3.590200e-01
429 6.400280e-01 7.960000e-04 3.591760e-01
430 6.399240e-01 7.400000e-04 3.593360e-01
431 6.397640e-01 8.000000e-04 3.594360e-01
432 6.396120e-01 8.560000e-04 3.595320e-01
433 6.394680e-01 8.760000e-04 3.596560e-01
434 6.392960e-01 8.760000e-04 3.598280e-01
435 6.391600e-01 8.200000e-04 3.600200e-01
436 6.390240e-01 8.200000e-04 3.601560e-01
437 6.388640e-01 8.400000e-04 3.602960e-01
438 6.386680e-01 9.160000e-04 3.604160e-01
439 6.385200e-01 9.040000e-04 3.605760e-01
440 6.383680e-01 8.840000e-04 3.607480e-01
441 6.382200e-01 8.760000e-04 3.609040e-01
442 6.380720e-01 8.680000e-04 3.610600e-01
443 6.379280e-01 8.880000e-04 3.611840e-01
444 6.378200e-01 8.480000e-04 3.613320e-01
445 6.376720e-01 8.600000e-04 3.614680e-01
446 6.374920e-01 8.920000e-04 3.616160e-01
447 6.373840e-01 9.000000e-04 3.617160e-01
448 6.372240e-01 9.040000e-04 3.618720e-01
449 6.370920e-01 8.560000e-04 3.620520e-01
450 6.369760e-01 8.640000e-04 3.621600e-01
451 6.368200e-01 8.520000e-04 3.623280e-01
452 6.367440e-01 7.520000e-04 3.625040e-01
453 6.366440e-01 7.040000e-04 3.626520e-01
454 6.365640e-01 6.480000e-04 3.627880e-01
455 6.364680e-01 6.680000e-04 3.628640e-01
456 6.363280e-01 7.080000e-04 3.629640e-01
457 6.362000e-01 7.040000e-04 3.630960e-01
458 6.360520e-01 7.080000e-04 3.632400e-01
459 6.359280e-01 7.200000e-04 3.633520e-01
460 6.358040e-01 7.120000e-04 3.634840e-01
461 6.356920e-01 6.880000e-04 3.636200e-01
462 6.355880e-01 6.640000e-04 3.637480e-01
463 6.355360e-01 6.080000e-04 3.638560e-01
464 6.354720e-01 5.640000e-04 3.639640e-01
465 6.353800e-01 5.640000e-04 3.640560e-01
466 6.352800e-01 5.360000e-04 3.641840e-01
467 6.351840e-01 5.400000e-04 3.642760e-01
468 6.350920e-01 5.520000e-04 3.643560e-01
469 6.349520e-01 6.280000e-04 3.644200e-01
470 6.348440e-01 6.120000e-04 3.645440e-01
471 6.346760e-01 6.640000e-04 3.646600e-01
472 6.345240e-01 7.080000e-04 3.647680e-01
473 6.344080e-01 6.880000e-04 3.649040e-01
474 6.342600e-01 6.720000e-04 3.650680e-01
475 6.341160e-01 6.880000e-04 3.651960e-01
476 6.340080e-01 6.800000e-04 3.653120e-01
477 6.339360e-01 6.360000e-04 3.654280e-01
478 6.338080e-01 6.600000e-04 3.655320e-01
479 6.336760e-01 6.760000e-04 3.656480e-01
480 6.335400e-01 7.040000e-04 3.657560e-01
481 6.334120e-01 7.240000e-04 3.658640e-01
482 6.332960e-01 6.680000e-04 3.660360e-01
483 6.331560e-01 6.960000e-04 3.661480e-01
484 6.329960e-01 7.120000e-04 3.662920e-01
485 6.328000e-01 7.520000e-04 3.664480e-01
486 6.326440e-01 8.040000e-04 3.665520e-01
487 6.324800e-01 7.800000e-04 3.667400e-01
488 6.324080e-01 7.400000e-04 3.668520e-01
489 6.323400e-01 6.280000e-04 3.670320e-01
490 6.322040e-01 6.680000e-04 3.671280e-01
491 6.320800e-01 6.840000e-04 3.672360e-01
492 6.319600e-01 6.560000e-04 3.673840e-01
493 6.318760e-01 6.240000e-04 3.675000e-01
494 6.317560e-01 6.400000e-04 3.676040e-01
495 6.316360e-01 6.520000e-04 3.677120e-01
496 6.314920e-01 7.040000e-04 3.678040e-01
497 6.313560e-01 7.040000e-04 3.679400e-01
498 6.312600e-01 6.440000e-04 3.680960e-01
499 6.311440e-01 6.400000e-04 3.682160e-01
500 6.310320e-01 6.160000e-04 3.683520e-01
