1 9.992680e-01 6.240000e-04 1.080000e-04
2 9.987480e-01 1.032000e-03 2.200000e-04
3 9.982000e-01 1.368000e-03 4.320000e-04
4 9.975400e-01 1.752000e-03 7.080000e-04
5 9.968480e-01 2.104000e-03 1.048000e-03
6 9.961880e-01 2.404000e-03 1.408000e-03
7 9.954840e-01 2.648000e-03 1.868000e-03
8 9.948200e-01 2.840000e-03 2.340000e-03
9 9.938920e-01 3.224000e-03 2.884000e-03
10 9.930440e-01 3.496000e-03 3.460000e-03
11 9.921200e-01 3.692000e-03 4.188000e-03
12 9.911800e-01 3.956000e-03 4.864000e-03
13 9.903120e-01 4.200000e-03 5.488000e-03
14 9.893320e-01 4.424000e-03 6.244000e-03
15 9.884440e-01 4.456000e-03 7.100000e-03
16 9.874640e-01 4.608000e-03 7.928000e-03
17 9.864960e-01 4.744000e-03 8.760000e-03
18 9.855040e-01 4.988000e-03 9.508000e-03
19 9.844960e-01 5.100000e-03 1.040400e-02
20 9.833800e-01 5.280000e-03 1.134000e-02
21 9.822920e-01 5.368000e-03 1.234000e-02
22 9.812640e-01 5.404000e-03 1.333200e-02
23 9.802040e-01 5.544000e-03 1.425200e-02
24 9.790000e-01 5.628000e-03 1.537200e-02
25 9.777720e-01 5.880000e-03 1.634800e-02
26 9.765760e-01 6.004000e-03 1.742000e-02
27 9.753520e-01 6.248000e-03 1.840000e-02
28 9.741600e-01 6.324000e-03 1.951600e-02
29 9.728480e-01 6.532000e-03 2.062000e-02
30 9.715600e-01 6.564000e-03 2.187600e-02
31 9.701120e-01 6.748000e-03 2.314000e-02
32 9.688000e-01 6.816000e-03 2.438400e-02
33 9.675480e-01 6.888000e-03 2.556400e-02
34 9.663480e-01 6.808000e-03 2.684400e-02
35 9.651520e-01 6.896000e-03 2.795200e-02
36 9.638440e-01 6.948000e-03 2.920800e-02
37 9.625200e-01 7.088000e-03 3.039200e-02
38 9.611400e-01 7.200000e-03 3.166000e-02
39 9.598080e-01 7.416000e-03 3.277600e-02
40 9.585480e-01 7.316000e-03 3.413600e-02
41 9.571600e-01 7.436000e-03 3.540400e-02
42 9.557040e-01 7.672000e-03 3.662400e-02
43 9.543600e-01 7.604000e-03 3.803600e-02
44 9.529760e-01 7.660000e-03 3.936400e-02
45 9.516080e-01 7.684000e-03 4.070800e-02
46 9.502440e-01 7.748000e-03 4.200800e-02
47 9.488000e-01 7.936000e-03 4.326400e-02
48 9.474120e-01 7.944000e-03 4.464400e-02
49 9.459920e-01 8.080000e-03 4.592800e-02
50 9.445840e-01 8.144000e-03 4.727200e-02
51 9.430200e-01 8.304000e-03 4.867600e-02
52 9.416120e-01 8.284000e-03 5.010400e-02
53 9.401320e-01 8.184000e-03 5.168400e-02
54 9.384600e-01 8.424000e-03 5.311600e-02
55 9.371040e-01 8.332000e-03 5.456400e-02
56 9.356080e-01 8.384000e-03 5.600800e-02
57 9.341120e-01 8.488000e-03 5.740000e-02
58 9.324680e-01 8.716000e-03 5.881600e-02
59 9.308960e-01 8.792000e-03 6.031200e-02
60 9.293480e-01 8.844000e-03 6.180800e-02
61 9.279880e-01 8.644000e-03 6.336800e-02
62 9.265200e-01 8.660000e-03 6.482000e-02
63 9.249240e-01 8.804000e-03 6.627200e-02
64 9.234320e-01 8.756000e-03 6.781200e-02
65 9.219320e-01 8.720000e-03 6.934800e-02
66 9.203720e-01 8.752000e-03 7.087600e-02
67 9.187560e-01 8.692000e-03 7.255200e-02
68 9.172760e-01 8.588000e-03 7.413600e-02
69 9.158320e-01 8.648000e-03 7.552000e-02
70 9.145360e-01 8.520000e-03 7.694400e-02
71 9.131160e-01 8.504000e-03 7.838000e-02
72 9.116040e-01 8.520000e-03 7.987600e-02
73 9.101640e-01 8.528000e-03 8.130800e-02
74 9.085400e-01 8.600000e-03 8.286000e-02
75 9.068640e-01 8.692000e-03 8.444400e-02
76 9.052760e-01 8.796000e-03 8.592800e-02
77 9.037960e-01 8.852000e-03 8.735200e-02
78 9.024120e-01 8.756000e-03 8.883200e-02
79 9.008280e-01 8.720000e-03 9.045200e-02
80 8.991720e-01 8.848000e-03 9.198000e-02
81 8.975240e-01 8.828000e-03 9.364800e-02
82 8.957640e-01 9.084000e-03 9.515200e-02
83 8.940640e-01 9.148000e-03 9.678800e-02
84 8.924800e-01 9.108000e-03 9.841200e-02
85 8.909120e-01 8.992000e-03 1.000960e-01
86 8.892040e-01 9.180000e-03 1.016160e-01
87 8.875880e-01 9.172000e-03 1.032400e-01
88 8.860480e-01 9.092000e-03 1.048600e-01
89 8.844560e-01 9.024000e-03 1.065200e-01
90 8.828400e-01 9.192000e-03 1.079680e-01
91 8.811880e-01 9.252000e-03 1.095600e-01
92 8.797200e-01 9.136000e-03 1.111440e-01
93 8.781480e-01 9.104000e-03 1.127480e-01
94 8.765480e-01 9.124000e-03 1.143280e-01
95 8.749960e-01 9.084000e-03 1.159200e-01
96 8.733080e-01 9.228000e-03 1.174640e-01
97 8.716160e-01 9.204000e-03 1.191800e-01
98 8.698360e-01 9.396000e-03 1.207680e-01
99 8.681080e-01 9.508000e-03 1.223840e-01
100 8.662360e-01 9.672000e-03 1.240920e-01
101 8.645080e-01 9.912000e-03 1.255800e-01
102 8.627600e-01 9.976000e-03 1.272640e-01
103 8.610160e-01 1.006400e-02 1.289200e-01
104 8.593040e-01 1.006400e-02 1.306320e-01
105 8.575080e-01 1.012800e-02 1.323640e-01
106 8.558160e-01 1.018800e-02 1.339960e-01
107 8.539720e-01 1.024000e-02 1.357880e-01
108 8.522000e-01 1.020400e-02 1.375960e-01
109 8.504000e-01 1.021200e-02 1.393880e-01
110 8.488080e-01 1.001600e-02 1.411760e-01
111 8.470800e-01 9.984000e-03 1.429360e-01
112 8.454880e-01 9.908000e-03 1.446040e-01
113 8.438160e-01 9.668000e-03 1.465160e-01
114 8.423080e-01 9.472000e-03 1.482200e-01
115 8.408160e-01 9.372000e-03 1.498120e-01
116 8.393000e-01 9.184000e-03 1.515160e-01
117 8.377840e-01 9.144000e-03 1.530720e-01
118 8.361160e-01 9.164000e-03 1.547200e-01
119 8.345720e-01 9.084000e-03 1.563440e-01
120 8.328960e-01 9.012000e-03 1.580920e-01
121 8.313200e-01 9.044000e-03 1.596360e-01
122 8.296880e-01 9.012000e-03 1.613000e-01
123 8.283440e-01 8.820000e-03 1.628360e-01
124 8.269760e-01 8.600000e-03 1.644240e-01
125 8.254080e-01 8.668000e-03 1.659240e-01
126 8.238600e-01 8.724000e-03 1.674160e-01
127 8.223640e-01 8.704000e-03 1.689320e-01
128 8.208240e-01 8.784000e-03 1.703920e-01
129 8.192880e-01 8.804000e-03 1.719080e-01
130 8.179840e-01 8.508000e-03 1.735080e-01
131 8.167000e-01 8.320000e-03 1.749800e-01
132 8.152800e-01 8.280000e-03 1.764400e-01
133 8.139960e-01 8.104000e-03 1.779000e-01
134 8.126920e-01 7.980000e-03 1.793280e-01
135 8.114280e-01 7.932000e-03 1.806400e-01
136 8.101520e-01 7.772000e-03 1.820760e-01
137 8.089680e-01 7.660000e-03 1.833720e-01
138 8.077200e-01 7.624000e-03 1.846560e-01
139 8.064360e-01 7.604000e-03 1.859600e-01
140 8.051920e-01 7.568000e-03 1.872400e-01
141 8.039520e-01 7.476000e-03 1.885720e-01
142 8.027360e-01 7.356000e-03 1.899080e-01
143 8.014600e-01 7.296000e-03 1.912440e-01
144 8.001640e-01 7.380000e-03 1.924560e-01
145 7.989480e-01 7.320000e-03 1.937320e-01
146 7.976400e-01 7.220000e-03 1.951400e-01
147 7.964240e-01 7.344000e-03 1.962320e-01
148 7.951640e-01 7.300000e-03 1.975360e-01
149 7.938600e-01 7.252000e-03 1.988880e-01
150 7.925320e-01 7.264000e-03 2.002040e-01
151 7.912920e-01 7.268000e-03 2.014400e-01
152 7.900120e-01 7.292000e-03 2.026960e-01
153 7.887000e-01 7.292000e-03 2.040080e-01
154 7.873840e-01 7.376000e-03 2.052400e-01
155 7.860640e-01 7.340000e-03 2.065960e-01
156 7.848320e-01 7.292000e-03 2.078760e-01
157 7.835600e-01 7.368000e-03 2.090720e-01
158 7.823480e-01 7.308000e-03 2.103440e-01
159 7.811960e-01 7.224000e-03 2.115800e-01
160 7.800120e-01 7.140000e-03 2.128480e-01
161 7.787480e-01 7.136000e-03 2.141160e-01
162 7.775360e-01 7.120000e-03 2.153440e-01
163 7.763840e-01 6.976000e-03 2.166400e-01
164 7.751840e-01 6.968000e-03 2.178480e-01
165 7.740480e-01 6.892000e-03 2.190600e-01
166 7.729520e-01 6.796000e-03 2.202520e-01
167 7.718520e-01 6.700000e-03 2.214480e-01
168 7.707360e-01 6.656000e-03 2.226080e-01
169 7.695240e-01 6.776000e-03 2.237000e-01
170 7.683520e-01 6.824000e-03 2.248240e-01
171 7.671400e-01 6.808000e-03 2.260520e-01
172 7.660720e-01 6.700000e-03 2.272280e-01
173 7.650200e-01 6.400000e-03 2.285800e-01
174 7.638360e-01 6.596000e-03 2.295680e-01
175 7.628360e-01 6.464000e-03 2.307000e-01
176 7.617880e-01 6.336000e-03 2.318760e-01
177 7.609000e-01 6.104000e-03 2.329960e-01
178 7.600200e-01 5.896000e-03 2.340840e-01
179 7.591520e-01 5.844000e-03 2.350040e-01
180 7.581520e-01 5.784000e-03 2.360640e-01
181 7.572280e-01 5.660000e-03 2.371120e-01
182 7.562400e-01 5.612000e-03 2.381480e-01
183 7.553680e-01 5.448000e-03 2.391840e-01
184 7.545480e-01 5.360000e-03 2.400920e-01
185 7.536360e-01 5.328000e-03 2.410360e-01
186 7.527880e-01 5.252000e-03 2.419600e-01
187 7.519040e-01 5.224000e-03 2.428720e-01
188 7.510200e-01 5.148000e-03 2.438320e-01
189 7.501320e-01 5.072000e-03 2.447960e-01
190 7.493640e-01 4.944000e-03 2.456920e-01
191 7.485560e-01 4.904000e-03 2.465400e-01
192 7.477320e-01 4.864000e-03 2.474040e-01
193 7.469320e-01 4.784000e-03 2.482840e-01
194 7.461680e-01 4.776000e-03 2.490560e-01
195 7.453400e-01 4.864000e-03 2.497960e-01
196 7.444680e-01 4.972000e-03 2.505600e-01
197 7.436320e-01 4.912000e-03 2.514560e-01
198 7.427000e-01 5.004000e-03 2.522960e-01
199 7.418840e-01 4.988000e-03 2.531280e-01
200 7.410800e-01 4.896000e-03 2.540240e-01
201 7.401920e-01 4.884000e-03 2.549240e-01
202 7.393800e-01 4.752000e-03 2.558680e-01
203 7.386280e-01 4.736000e-03 2.566360e-01
204 7.378840e-01 4.608000e-03 2.575080e-01
205 7.372480e-01 4.464000e-03 2.582880e-01
206 7.366680e-01 4.320000e-03 2.590120e-01
207 7.359520e-01 4.272000e-03 2.597760e-01
208 7.352800e-01 4.252000e-03 2.604680e-01
209 7.345840e-01 4.216000e-03 2.612000e-01
210 7.338160e-01 4.216000e-03 2.619680e-01
211 7.329640e-01 4.300000e-03 2.627360e-01
212 7.322200e-01 4.312000e-03 2.634680e-01
213 7.313640e-01 4.428000e-03 2.642080e-01
214 7.306160e-01 4.364000e-03 2.650200e-01
215 7.299440e-01 4.348000e-03 2.657080e-01
216 7.291320e-01 4.408000e-03 2.664600e-01
217 7.283080e-01 4.444000e-03 2.672480e-01
218 7.273080e-01 4.740000e-03 2.679520e-01
219 7.264440e-01 4.812000e-03 2.687440e-01
220 7.256480e-01 4.748000e-03 2.696040e-01
221 7.247760e-01 4.788000e-03 2.704360e-01
222 7.239600e-01 4.824000e-03 2.712160e-01
223 7.230840e-01 4.872000e-03 2.720440e-01
224 7.222400e-01 4.836000e-03 2.729240e-01
225 7.214440e-01 4.856000e-03 2.737000e-01
226 7.205840e-01 4.872000e-03 2.745440e-01
227 7.198040e-01 4.960000e-03 2.752360e-01
228 7.189240e-01 4.968000e-03 2.761080e-01
229 7.180600e-01 4.936000e-03 2.770040e-01
230 7.171080e-01 5.052000e-03 2.778400e-01
231 7.162840e-01 5.072000e-03 2.786440e-01
232 7.154560e-01 5.032000e-03 2.795120e-01
233 7.145880e-01 5.072000e-03 2.803400e-01
234 7.136960e-01 5.104000e-03 2.812000e-01
235 7.126600e-01 5.264000e-03 2.820760e-01
236 7.116000e-01 5.428000e-03 2.829720e-01
237 7.106920e-01 5.316000e-03 2.839920e-01
238 7.098680e-01 5.304000e-03 2.848280e-01
239 7.088720e-01 5.404000e-03 2.857240e-01
240 7.080120e-01 5.324000e-03 2.866640e-01
241 7.070840e-01 5.288000e-03 2.876280e-01
242 7.062720e-01 5.108000e-03 2.886200e-01
243 7.055160e-01 4.972000e-03 2.895120e-01
244 7.047800e-01 4.756000e-03 2.904640e-01
245 7.039880e-01 4.724000e-03 2.912880e-01
246 7.032400e-01 4.628000e-03 2.921320e-01
247 7.024320e-01 4.576000e-03 2.929920e-01
248 7.016720e-01 4.508000e-03 2.938200e-01
249 7.008600e-01 4.456000e-03 2.946840e-01
250 7.000920e-01 4.504000e-03 2.954040e-01
251 6.992640e-01 4.544000e-03 2.961920e-01
252 6.982920e-01 4.648000e-03 2.970600e-01
253 6.974520e-01 4.676000e-03 2.978720e-01
254 6.966880e-01 4.640000e-03 2.986720e-01
255 6.958880e-01 4.652000e-03 2.994600e-01
256 6.951920e-01 4.532000e-03 3.002760e-01
257 6.944280e-01 4.508000e-03 3.010640e-01
258 6.935920e-01 4.552000e-03 3.018560e-01
259 6.929320e-01 4.468000e-03 3.026000e-01
260 6.922480e-01 4.356000e-03 3.033960e-01
261 6.915520e-01 4.296000e-03 3.041520e-01
262 6.907760e-01 4.268000e-03 3.049560e-01
263 6.900760e-01 4.304000e-03 3.056200e-01
264 6.894200e-01 4.176000e-03 3.064040e-01
265 6.887560e-01 4.096000e-03 3.071480e-01
266 6.881200e-01 4.024000e-03 3.078560e-01
267 6.873760e-01 4.096000e-03 3.085280e-01
268 6.866200e-01 4.064000e-03 3.093160e-01
269 6.859760e-01 4.000000e-03 3.100240e-01
270 6.853000e-01 3.968000e-03 3.107320e-01
271 6.846200e-01 3.884000e-03 3.114960e-01
272 6.839960e-01 3.844000e-03 3.121600e-01
273 6.833800e-01 3.800000e-03 3.128200e-01
274 6.828440e-01 3.644000e-03 3.135120e-01
275 6.821560e-01 3.740000e-03 3.141040e-01
276 6.814200e-01 3.800000e-03 3.147800e-01
277 6.807760e-01 3.796000e-03 3.154280e-01
278 6.800360e-01 3.844000e-03 3.161200e-01
279 6.793880e-01 3.812000e-03 3.168000e-01
280 6.785880e-01 3.916000e-03 3.174960e-01
281 6.779240e-01 3.872000e-03 3.182040e-01
282 6.772680e-01 3.848000e-03 3.188840e-01
283 6.765800e-01 3.856000e-03 3.195640e-01
284 6.758680e-01 3.812000e-03 3.203200e-01
285 6.752360e-01 3.812000e-03 3.209520e-01
286 6.745960e-01 3.700000e-03 3.217040e-01
287 6.739720e-01 3.640000e-03 3.223880e-01
288 6.734240e-01 3.552000e-03 3.230240e-01
289 6.728720e-01 3.508000e-03 3.236200e-01
290 6.723320e-01 3.392000e-03 3.242760e-01
291 6.717640e-01 3.404000e-03 3.248320e-01
292 6.711840e-01 3.340000e-03 3.254760e-01
293 6.706960e-01 3.244000e-03 3.260600e-01
294 6.701400e-01 3.236000e-03 3.266240e-01
295 6.695200e-01 3.240000e-03 3.272400e-01
296 6.689240e-01 3.248000e-03 3.278280e-01
297 6.682800e-01 3.264000e-03 3.284560e-01
298 6.677200e-01 3.288000e-03 3.289920e-01
299 6.670760e-01 3.324000e-03 3.296000e-01
300 6.665160e-01 3.372000e-03 3.301120e-01
301 6.660640e-01 3.324000e-03 3.306120e-01
302 6.654640e-01 3.308000e-03 3.312280e-01
303 6.649720e-01 3.196000e-03 3.318320e-01
304 6.644360e-01 3.144000e-03 3.324200e-01
305 6.640320e-01 2.984000e-03 3.329840e-01
306 6.635680e-01 2.936000e-03 3.334960e-01
307 6.630960e-01 2.952000e-03 3.339520e-01
308 6.626000e-01 2.960000e-03 3.344400e-01
309 6.621360e-01 2.916000e-03 3.349480e-01
310 6.616280e-01 2.952000e-03 3.354200e-01
311 6.610560e-01 3.032000e-03 3.359120e-01
312 6.605760e-01 2.964000e-03 3.364600e-01
313 6.600600e-01 3.036000e-03 3.369040e-01
314 6.595920e-01 2.972000e-03 3.374360e-01
315 6.591280e-01 2.924000e-03 3.379480e-01
316 6.585960e-01 2.976000e-03 3.384280e-01
317 6.581160e-01 2.976000e-03 3.389080e-01
318 6.576880e-01 2.860000e-03 3.394520e-01
319 6.572720e-01 2.760000e-03 3.399680e-01
320 6.567880e-01 2.724000e-03 3.404880e-01
321 6.563040e-01 2.736000e-03 3.409600e-01
322 6.558160e-01 2.736000e-03 3.414480e-01
323 6.552280e-01 2.824000e-03 3.419480e-01
324 6.547440e-01 2.772000e-03 3.424840e-01
325 6.542720e-01 2.784000e-03 3.429440e-01
326 6.537560e-01 2.836000e-03 3.434080e-01
327 6.532360e-01 2.900000e-03 3.438640e-01
328 6.527960e-01 2.892000e-03 3.443120e-01
329 6.523880e-01 2.776000e-03 3.448360e-01
330 6.519040e-01 2.736000e-03 3.453600e-01
331 6.514000e-01 2.812000e-03 3.457880e-01
332 6.509040e-01 2.744000e-03 3.463520e-01
333 6.504840e-01 2.684000e-03 3.468320e-01
334 6.500800e-01 2.620000e-03 3.473000e-01
335 6.497040e-01 2.528000e-03 3.477680e-01
336 6.492640e-01 2.508000e-03 3.482280e-01
337 6.488080e-01 2.508000e-03 3.486840e-01
338 6.483960e-01 2.456000e-03 3.491480e-01
339 6.480000e-01 2.480000e-03 3.495200e-01
340 6.476240e-01 2.376000e-03 3.500000e-01
341 6.471600e-01 2.436000e-03 3.504040e-01
342 6.467320e-01 2.428000e-03 3.508400e-01
343 6.463840e-01 2.312000e-03 3.513040e-01
344 6.460320e-01 2.264000e-03 3.517040e-01
345 6.456880e-01 2.160000e-03 3.521520e-01
346 6.452960e-01 2.136000e-03 3.525680e-01
347 6.448920e-01 2.112000e-03 3.529960e-01
348 6.446080e-01 2.064000e-03 3.533280e-01
349 6.442320e-01 2.072000e-03 3.536960e-01
350 6.439200e-01 2.008000e-03 3.540720e-01
351 6.436360e-01 1.884000e-03 3.544800e-01
352 6.433200e-01 1.884000e-03 3.547960e-01
353 6.429760e-01 1.936000e-03 3.550880e-01
354 6.426160e-01 1.988000e-03 3.553960e-01
355 6.422880e-01 1.924000e-03 3.557880e-01
356 6.419960e-01 1.860000e-03 3.561440e-01
357 6.416440e-01 1.860000e-03 3.564960e-01
358 6.412840e-01 1.984000e-03 3.567320e-01
359 6.409520e-01 1.988000e-03 3.570600e-01
360 6.406840e-01 1.920000e-03 3.573960e-01
361 6.403320e-01 1.952000e-03 3.577160e-01
362 6.400640e-01 1.896000e-03 3.580400e-01
363 6.397960e-01 1.812000e-03 3.583920e-01
364 6.395640e-01 1.724000e-03 3.587120e-01
365 6.392400e-01 1.792000e-03 3.589680e-01
366 6.389640e-01 1.784000e-03 3.592520e-01
367 6.387160e-01 1.704000e-03 3.595800e-01
368 6.384280e-01 1.668000e-03 3.599040e-01
369 6.381720e-01 1.612000e-03 3.602160e-01
370 6.378920e-01 1.612000e-03 3.604960e-01
371 6.376480e-01 1.552000e-03 3.608000e-01
372 6.374400e-01 1.448000e-03 3.611120e-01
373 6.371880e-01 1.460000e-03 3.613520e-01
374 6.369760e-01 1.452000e-03 3.615720e-01
375 6.367200e-01 1.472000e-03 3.618080e-01
376 6.364360e-01 1.432000e-03 3.621320e-01
377 6.362320e-01 1.396000e-03 3.623720e-01
378 6.359800e-01 1.384000e-03 3.626360e-01
379 6.356560e-01 1.476000e-03 3.628680e-01
380 6.353840e-01 1.496000e-03 3.631200e-01
381 6.351720e-01 1.432000e-03 3.633960e-01
382 6.349360e-01 1.428000e-03 3.636360e-01
383 6.347400e-01 1.352000e-03 3.639080e-01
384 6.345600e-01 1.268000e-03 3.641720e-01
385 6.344080e-01 1.196000e-03 3.643960e-01
386 6.342000e-01 1.260000e-03 3.645400e-01
387 6.340200e-01 1.244000e-03 3.647360e-01
388 6.338000e-01 1.232000e-03 3.649680e-01
389 6.335640e-01 1.264000e-03 3.651720e-01
390 6.333600e-01 1.276000e-03 3.653640e-01
391 6.331240e-01 1.320000e-03 3.655560e-01
392 6.328400e-01 1.376000e-03 3.657840e-01
393 6.326320e-01 1.324000e-03 3.660440e-01
394 6.324280e-01 1.288000e-03 3.662840e-01
395 6.322320e-01 1.252000e-03 3.665160e-01
396 6.320160e-01 1.272000e-03 3.667120e-01
397 6.317760e-01 1.288000e-03 3.669360e-01
398 6.315680e-01 1.280000e-03 3.671520e-01
399 6.313760e-01 1.276000e-03 3.673480e-01
400 6.311880e-01 1.248000e-03 3.675640e-01
401 6.309480e-01 1.260000e-03 3.677920e-01
402 6.307120e-01 1.248000e-03 3.680400e-01
403 6.304320e-01 1.292000e-03 3.682760e-01
404 6.301800e-01 1.280000e-03 3.685400e-01
405 6.299720e-01 1.292000e-03 3.687360e-01
406 6.297080e-01 1.300000e-03 3.689920e-01
407 6.294280e-01 1.340000e-03 3.692320e-01
408 6.292040e-01 1.376000e-03 3.694200e-01
409 6.288880e-01 1.432000e-03 3.696800e-01
410 6.285720e-01 1.588000e-03 3.698400e-01
411 6.283240e-01 1.556000e-03 3.701200e-01
412 6.280400e-01 1.584000e-03 3.703760e-01
413 6.277640e-01 1.620000e-03 3.706160e-01
414 6.275120e-01 1.592000e-03 3.708960e-01
415 6.272520e-01 1.540000e-03 3.712080e-01
416 6.270440e-01 1.452000e-03 3.715040e-01
417 6.267400e-01 1.520000e-03 3.717400e-01
418 6.264400e-01 1.532000e-03 3.720280e-01
419 6.261760e-01 1.552000e-03 3.722720e-01
420 6.258720e-01 1.592000e-03 3.725360e-01
421 6.256280e-01 1.560000e-03 3.728120e-01
422 6.253720e-01 1.580000e-03 3.730480e-01
423 6.250160e-01 1.664000e-03 3.733200e-01
424 6.246400e-01 1.780000e-03 3.735800e-01
425 6.243480e-01 1.768000e-03 3.738840e-01
426 6.240720e-01 1.752000e-03 3.741760e-01
427 6.238880e-01 1.632000e-03 3.744800e-01
428 6.236400e-01 1.560000e-03 3.748000e-01
429 6.234480e-01 1.452000e-03 3.751000e-01
430 6.233120e-01 1.364000e-03 3.753240e-01
431 6.231920e-01 1.208000e-03 3.756000e-01
432 6.230760e-01 1.136000e-03 3.757880e-01
433 6.229240e-01 1.020000e-03 3.760560e-01
434 6.227600e-01 9.560000e-04 3.762840e-01
435 6.226800e-01 8.440000e-04 3.764760e-01
436 6.225640e-01 7.920000e-04 3.766440e-01
437 6.224200e-01 8.400000e-04 3.767400e-01
438 6.222200e-01 8.600000e-04 3.769200e-01
439 6.220840e-01 8.440000e-04 3.770720e-01
440 6.219840e-01 7.920000e-04 3.772240e-01
441 6.218600e-01 7.560000e-04 3.773840e-01
442 6.217440e-01 7.560000e-04 3.775000e-01
443 6.215680e-01 7.800000e-04 3.776520e-01
444 6.214120e-01 7.640000e-04 3.778240e-01
445 6.212280e-01 7.760000e-04 3.779960e-01
446 6.210760e-01 8.080000e-04 3.781160e-01
447 6.209200e-01 8.200000e-04 3.782600e-01
448 6.208040e-01 8.040000e-04 3.783920e-01
449 6.206760e-01 8.080000e-04 3.785160e-01
450 6.205320e-01 8.040000e-04 3.786640e-01
451 6.203800e-01 8.000000e-04 3.788200e-01
452 6.202440e-01 8.120000e-04 3.789440e-01
453 6.201000e-01 8.160000e-04 3.790840e-01
454 6.199360e-01 8.400000e-04 3.792240e-01
455 6.197600e-01 8.440000e-04 3.793960e-01
456 6.196120e-01 8.440000e-04 3.795440e-01
457 6.194000e-01 8.880000e-04 3.797120e-01
458 6.192800e-01 8.560000e-04 3.798640e-01
459 6.191040e-01 8.960000e-04 3.800000e-01
460 6.189280e-01 9.440000e-04 3.801280e-01
461 6.187520e-01 9.400000e-04 3.803080e-01
462 6.185640e-01 1.008000e-03 3.804280e-01
463 6.184040e-01 9.560000e-04 3.806400e-01
464 6.182640e-01 9.120000e-04 3.808240e-01
465 6.181440e-01 8.840000e-04 3.809720e-01
466 6.180240e-01 8.800000e-04 3.810960e-01
467 6.179240e-01 7.960000e-04 3.812800e-01
468 6.178400e-01 7.840000e-04 3.813760e-01
469 6.177200e-01 7.800000e-04 3.815000e-01
470 6.176080e-01 7.720000e-04 3.816200e-01
471 6.174800e-01 7.600000e-04 3.817600e-01
472 6.173760e-01 7.440000e-04 3.818800e-01
473 6.172840e-01 7.080000e-04 3.820080e-01
474 6.171560e-01 7.440000e-04 3.821000e-01
475 6.170720e-01 6.880000e-04 3.822400e-01
476 6.169480e-01 7.000000e-04 3.823520e-01
477 6.168640e-01 6.440000e-04 3.824920e-01
478 6.167440e-01 6.400000e-04 3.826160e-01
479 6.166400e-01 6.320000e-04 3.827280e-01
480 6.165760e-01 5.600000e-04 3.828640e-01
481 6.165000e-01 5.360000e-04 3.829640e-01
482 6.164640e-01 4.920000e-04 3.830440e-01
483 6.164040e-01 4.880000e-04 3.831080e-01
484 6.163280e-01 4.960000e-04 3.831760e-01
485 6.162560e-01 4.960000e-04 3.832480e-01
486 6.161800e-01 4.960000e-04 3.833240e-01
487 6.161200e-01 4.840000e-04 3.833960e-01
488 6.160320e-01 5.000000e-04 3.834680e-01
489 6.159520e-01 4.640000e-04 3.835840e-01
490 6.158880e-01 4.720000e-04 3.836400e-01
491 6.158280e-01 4.680000e-04 3.837040e-01
492 6.157960e-01 4.280000e-04 3.837760e-01
493 6.157360e-01 3.920000e-04 3.838720e-01
494 6.156760e-01 3.680000e-04 3.839560e-01
495 6.156120e-01 3.600000e-04 3.840280e-01
496 6.155400e-01 3.680000e-04 3.840920e-01
497 6.154760e-01 3.560000e-04 3.841680e-01
498 6.154000e-01 3.560000e-04 3.842440e-01
499 6.153440e-01 3.520000e-04 3.843040e-01
500 6.152680e-01 3.720000e-04 3.843600e-01
