1 9.991760e-01 7.200000e-04 1.040000e-04
2 9.986920e-01 1.044000e-03 2.640000e-04
3 9.980120e-01 1.496000e-03 4.920000e-04
4 9.971600e-01 2.056000e-03 7.840000e-04
5 9.962800e-01 2.528000e-03 1.192000e-03
6 9.955560e-01 2.816000e-03 1.628000e-03
7 9.947960e-01 3.000000e-03 2.204000e-03
8 9.938480e-01 3.428000e-03 2.724000e-03
9 9.927960e-01 3.864000e-03 3.340000e-03
10 9.918320e-01 4.128000e-03 4.040000e-03
11 9.908640e-01 4.328000e-03 4.808000e-03
12 9.899280e-01 4.504000e-03 5.568000e-03
13 9.888760e-01 4.720000e-03 6.404000e-03
14 9.879760e-01 4.784000e-03 7.240000e-03
15 9.869440e-01 4.996000e-03 8.060000e-03
16 9.858000e-01 5.260000e-03 8.940000e-03
17 9.846160e-01 5.468000e-03 9.916000e-03
18 9.834120e-01 5.704000e-03 1.088400e-02
19 9.821600e-01 5.844000e-03 1.199600e-02
20 9.808480e-01 6.000000e-03 1.315200e-02
21 9.795440e-01 6.276000e-03 1.418000e-02
22 9.781640e-01 6.580000e-03 1.525600e-02
23 9.768120e-01 6.796000e-03 1.639200e-02
24 9.752960e-01 6.996000e-03 1.770800e-02
25 9.739440e-01 7.028000e-03 1.902800e-02
26 9.726160e-01 7.164000e-03 2.022000e-02
27 9.713040e-01 7.240000e-03 2.145600e-02
28 9.700000e-01 7.228000e-03 2.277200e-02
29 9.686040e-01 7.368000e-03 2.402800e-02
30 9.672440e-01 7.352000e-03 2.540400e-02
31 9.658760e-01 7.484000e-03 2.664000e-02
32 9.643680e-01 7.636000e-03 2.799600e-02
33 9.629720e-01 7.612000e-03 2.941600e-02
34 9.614360e-01 7.796000e-03 3.076800e-02
35 9.600080e-01 7.764000e-03 3.222800e-02
36 9.585440e-01 7.712000e-03 3.374400e-02
37 9.571840e-01 7.708000e-03 3.510800e-02
38 9.560200e-01 7.532000e-03 3.644800e-02
39 9.546800e-01 7.476000e-03 3.784400e-02
40 9.533280e-01 7.536000e-03 3.913600e-02
41 9.519080e-01 7.648000e-03 4.044400e-02
42 9.504880e-01 7.800000e-03 4.171200e-02
43 9.489560e-01 8.008000e-03 4.303600e-02
44 9.474320e-01 8.168000e-03 4.440000e-02
45 9.459200e-01 8.280000e-03 4.580000e-02
46 9.442840e-01 8.488000e-03 4.722800e-02
47 9.427520e-01 8.508000e-03 4.874000e-02
48 9.414120e-01 8.616000e-03 4.997200e-02
49 9.400320e-01 8.432000e-03 5.153600e-02
50 9.386960e-01 8.296000e-03 5.300800e-02
51 9.373280e-01 8.224000e-03 5.444800e-02
52 9.358040e-01 8.404000e-03 5.579200e-02
53 9.344320e-01 8.324000e-03 5.724400e-02
54 9.330200e-01 8.312000e-03 5.866800e-02
55 9.315120e-01 8.392000e-03 6.009600e-02
56 9.298080e-01 8.632000e-03 6.156000e-02
57 9.283120e-01 8.780000e-03 6.290800e-02
58 9.267160e-01 8.856000e-03 6.442800e-02
59 9.250160e-01 8.940000e-03 6.604400e-02
60 9.233800e-01 9.056000e-03 6.756400e-02
61 9.218560e-01 9.052000e-03 6.909200e-02
62 9.201480e-01 9.136000e-03 7.071600e-02
63 9.185240e-01 9.048000e-03 7.242800e-02
64 9.166400e-01 9.412000e-03 7.394800e-02
65 9.148360e-01 9.508000e-03 7.565600e-02
66 9.130400e-01 9.624000e-03 7.733600e-02
67 9.111920e-01 9.796000e-03 7.901200e-02
68 9.095760e-01 9.604000e-03 8.082000e-02
69 9.078520e-01 9.716000e-03 8.243200e-02
70 9.062720e-01 9.596000e-03 8.413200e-02
71 9.045840e-01 9.664000e-03 8.575200e-02
72 9.028360e-01 9.808000e-03 8.735600e-02
73 9.012440e-01 9.492000e-03 8.926400e-02
74 8.997360e-01 9.316000e-03 9.094800e-02
75 8.981600e-01 9.220000e-03 9.262000e-02
76 8.966760e-01 9.084000e-03 9.424000e-02
77 8.951280e-01 8.936000e-03 9.593600e-02
78 8.935240e-01 8.868000e-03 9.760800e-02
79 8.918680e-01 8.996000e-03 9.913600e-02
80 8.902240e-01 9.136000e-03 1.006400e-01
81 8.885720e-01 9.188000e-03 1.022400e-01
82 8.868680e-01 9.296000e-03 1.038360e-01
83 8.851760e-01 9.356000e-03 1.054680e-01
84 8.835000e-01 9.360000e-03 1.071400e-01
85 8.818920e-01 9.336000e-03 1.087720e-01
86 8.803360e-01 9.216000e-03 1.104480e-01
87 8.787800e-01 9.124000e-03 1.120960e-01
88 8.771600e-01 9.108000e-03 1.137320e-01
89 8.755760e-01 9.044000e-03 1.153800e-01
90 8.741400e-01 8.892000e-03 1.169680e-01
91 8.728200e-01 8.548000e-03 1.186320e-01
92 8.714400e-01 8.356000e-03 1.202040e-01
93 8.700360e-01 8.228000e-03 1.217360e-01
94 8.688440e-01 7.892000e-03 1.232640e-01
95 8.674480e-01 7.852000e-03 1.247000e-01
96 8.661480e-01 7.792000e-03 1.260600e-01
97 8.648880e-01 7.760000e-03 1.273520e-01
98 8.636640e-01 7.696000e-03 1.286400e-01
99 8.624320e-01 7.544000e-03 1.300240e-01
100 8.610720e-01 7.516000e-03 1.314120e-01
101 8.598440e-01 7.432000e-03 1.327240e-01
102 8.588080e-01 7.080000e-03 1.341120e-01
103 8.576120e-01 7.188000e-03 1.352000e-01
104 8.562480e-01 7.304000e-03 1.364480e-01
105 8.549160e-01 7.336000e-03 1.377480e-01
106 8.536840e-01 7.340000e-03 1.389760e-01
107 8.524280e-01 7.392000e-03 1.401800e-01
108 8.511120e-01 7.416000e-03 1.414720e-01
109 8.499160e-01 7.312000e-03 1.427720e-01
110 8.486160e-01 7.324000e-03 1.440600e-01
111 8.473840e-01 7.212000e-03 1.454040e-01
112 8.459960e-01 7.360000e-03 1.466440e-01
113 8.446240e-01 7.448000e-03 1.479280e-01
114 8.434160e-01 7.396000e-03 1.491880e-01
115 8.421760e-01 7.368000e-03 1.504560e-01
116 8.408240e-01 7.508000e-03 1.516680e-01
117 8.395200e-01 7.536000e-03 1.529440e-01
118 8.381880e-01 7.476000e-03 1.543360e-01
119 8.368720e-01 7.484000e-03 1.556440e-01
120 8.355800e-01 7.464000e-03 1.569560e-01
121 8.342640e-01 7.360000e-03 1.583760e-01
122 8.327440e-01 7.540000e-03 1.597160e-01
123 8.314800e-01 7.560000e-03 1.609600e-01
124 8.300480e-01 7.632000e-03 1.623200e-01
125 8.286320e-01 7.636000e-03 1.637320e-01
126 8.272720e-01 7.656000e-03 1.650720e-01
127 8.259040e-01 7.660000e-03 1.664360e-01
128 8.243240e-01 7.844000e-03 1.678320e-01
129 8.229720e-01 7.848000e-03 1.691800e-01
130 8.217000e-01 7.740000e-03 1.705600e-01
131 8.202280e-01 7.940000e-03 1.718320e-01
132 8.187120e-01 8.060000e-03 1.732280e-01
133 8.172720e-01 8.148000e-03 1.745800e-01
134 8.159120e-01 8.068000e-03 1.760200e-01
135 8.145560e-01 8.032000e-03 1.774120e-01
136 8.132320e-01 7.816000e-03 1.789520e-01
137 8.118640e-01 7.780000e-03 1.803560e-01
138 8.104520e-01 7.872000e-03 1.816760e-01
139 8.091520e-01 7.772000e-03 1.830760e-01
140 8.077640e-01 7.968000e-03 1.842680e-01
141 8.063960e-01 7.976000e-03 1.856280e-01
142 8.049600e-01 8.152000e-03 1.868880e-01
143 8.035400e-01 8.164000e-03 1.882960e-01
144 8.021480e-01 8.220000e-03 1.896320e-01
145 8.009160e-01 8.120000e-03 1.909640e-01
146 7.994600e-01 8.100000e-03 1.924400e-01
147 7.979560e-01 8.248000e-03 1.937960e-01
148 7.964640e-01 8.164000e-03 1.953720e-01
149 7.949080e-01 8.360000e-03 1.967320e-01
150 7.934160e-01 8.416000e-03 1.981680e-01
151 7.921080e-01 8.232000e-03 1.996600e-01
152 7.906600e-01 8.132000e-03 2.012080e-01
153 7.892040e-01 8.024000e-03 2.027720e-01
154 7.877920e-01 8.044000e-03 2.041640e-01
155 7.864360e-01 8.084000e-03 2.054800e-01
156 7.851400e-01 7.884000e-03 2.069760e-01
157 7.838040e-01 7.736000e-03 2.084600e-01
158 7.822720e-01 7.868000e-03 2.098600e-01
159 7.808720e-01 7.792000e-03 2.113360e-01
160 7.797360e-01 7.644000e-03 2.126200e-01
161 7.784960e-01 7.536000e-03 2.139680e-01
162 7.773480e-01 7.352000e-03 2.153000e-01
163 7.762560e-01 7.124000e-03 2.166200e-01
164 7.750280e-01 7.104000e-03 2.178680e-01
165 7.737640e-01 7.120000e-03 2.191160e-01
166 7.724760e-01 7.064000e-03 2.204600e-01
167 7.712160e-01 7.052000e-03 2.217320e-01
168 7.699960e-01 7.116000e-03 2.228880e-01
169 7.688840e-01 6.984000e-03 2.241320e-01
170 7.677840e-01 6.760000e-03 2.254560e-01
171 7.667920e-01 6.672000e-03 2.265360e-01
172 7.657360e-01 6.460000e-03 2.278040e-01
173 7.645680e-01 6.548000e-03 2.288840e-01
174 7.634800e-01 6.432000e-03 2.300880e-01
175 7.623120e-01 6.432000e-03 2.312560e-01
176 7.612040e-01 6.376000e-03 2.324200e-01
177 7.601960e-01 6.204000e-03 2.336000e-01
178 7.591360e-01 6.112000e-03 2.347520e-01
179 7.580080e-01 6.276000e-03 2.357160e-01
180 7.569360e-01 6.360000e-03 2.367040e-01
181 7.558240e-01 6.340000e-03 2.378360e-01
182 7.547080e-01 6.436000e-03 2.388560e-01
183 7.534640e-01 6.448000e-03 2.400880e-01
184 7.523960e-01 6.412000e-03 2.411920e-01
185 7.514320e-01 6.200000e-03 2.423680e-01
186 7.504880e-01 5.952000e-03 2.435600e-01
187 7.495440e-01 5.872000e-03 2.445840e-01
188 7.485840e-01 5.788000e-03 2.456280e-01
189 7.477360e-01 5.608000e-03 2.466560e-01
190 7.467840e-01 5.560000e-03 2.476560e-01
191 7.459920e-01 5.276000e-03 2.487320e-01
192 7.451480e-01 5.132000e-03 2.497200e-01
193 7.443120e-01 5.080000e-03 2.506080e-01
194 7.434920e-01 5.080000e-03 2.514280e-01
195 7.425080e-01 5.264000e-03 2.522280e-01
196 7.415960e-01 5.184000e-03 2.532200e-01
197 7.406400e-01 5.244000e-03 2.541160e-01
198 7.397800e-01 5.200000e-03 2.550200e-01
199 7.388680e-01 5.216000e-03 2.559160e-01
200 7.380800e-01 5.044000e-03 2.568760e-01
201 7.371080e-01 5.064000e-03 2.578280e-01
202 7.362640e-01 5.004000e-03 2.587320e-01
203 7.353000e-01 5.112000e-03 2.595880e-01
204 7.343640e-01 5.196000e-03 2.604400e-01
205 7.335520e-01 5.112000e-03 2.613360e-01
206 7.328040e-01 4.968000e-03 2.622280e-01
207 7.320320e-01 4.948000e-03 2.630200e-01
208 7.312160e-01 4.916000e-03 2.638680e-01
209 7.302840e-01 5.012000e-03 2.647040e-01
210 7.293760e-01 4.940000e-03 2.656840e-01
211 7.285040e-01 5.020000e-03 2.664760e-01
212 7.277040e-01 4.984000e-03 2.673120e-01
213 7.269120e-01 4.904000e-03 2.681840e-01
214 7.260320e-01 4.864000e-03 2.691040e-01
215 7.251880e-01 4.816000e-03 2.699960e-01
216 7.244360e-01 4.664000e-03 2.709000e-01
217 7.235040e-01 4.828000e-03 2.716680e-01
218 7.225600e-01 4.964000e-03 2.724760e-01
219 7.217000e-01 5.016000e-03 2.732840e-01
220 7.207840e-01 5.096000e-03 2.741200e-01
221 7.199560e-01 5.044000e-03 2.750000e-01
222 7.191840e-01 5.072000e-03 2.757440e-01
223 7.184200e-01 4.884000e-03 2.766960e-01
224 7.176760e-01 4.828000e-03 2.774960e-01
225 7.168920e-01 4.888000e-03 2.782200e-01
226 7.160640e-01 4.872000e-03 2.790640e-01
227 7.153080e-01 4.876000e-03 2.798160e-01
228 7.144720e-01 4.908000e-03 2.806200e-01
229 7.136440e-01 4.852000e-03 2.815040e-01
230 7.127640e-01 4.896000e-03 2.823400e-01
231 7.119240e-01 4.928000e-03 2.831480e-01
232 7.110040e-01 4.996000e-03 2.840000e-01
233 7.101320e-01 4.976000e-03 2.848920e-01
234 7.093160e-01 4.900000e-03 2.857840e-01
235 7.084160e-01 4.972000e-03 2.866120e-01
236 7.075440e-01 5.068000e-03 2.873880e-01
237 7.066160e-01 5.096000e-03 2.882880e-01
238 7.058600e-01 5.048000e-03 2.890920e-01
239 7.050080e-01 5.064000e-03 2.899280e-01
240 7.041720e-01 5.104000e-03 2.907240e-01
241 7.034120e-01 4.988000e-03 2.916000e-01
242 7.025720e-01 5.020000e-03 2.924080e-01
243 7.017040e-01 5.096000e-03 2.932000e-01
244 7.009560e-01 5.044000e-03 2.940000e-01
245 7.001360e-01 4.968000e-03 2.948960e-01
246 6.994000e-01 4.820000e-03 2.957800e-01
247 6.986720e-01 4.696000e-03 2.966320e-01
248 6.979520e-01 4.536000e-03 2.975120e-01
249 6.972440e-01 4.540000e-03 2.982160e-01
250 6.966000e-01 4.392000e-03 2.990080e-01
251 6.958800e-01 4.360000e-03 2.997600e-01
252 6.951280e-01 4.356000e-03 3.005160e-01
253 6.945160e-01 4.188000e-03 3.012960e-01
254 6.939040e-01 4.052000e-03 3.020440e-01
255 6.932240e-01 4.056000e-03 3.027200e-01
256 6.927440e-01 3.888000e-03 3.033680e-01
257 6.922000e-01 3.756000e-03 3.040440e-01
258 6.916200e-01 3.696000e-03 3.046840e-01
259 6.911200e-01 3.548000e-03 3.053320e-01
260 6.905160e-01 3.568000e-03 3.059160e-01
261 6.898840e-01 3.548000e-03 3.065680e-01
262 6.892720e-01 3.584000e-03 3.071440e-01
263 6.885440e-01 3.640000e-03 3.078160e-01
264 6.878560e-01 3.640000e-03 3.085040e-01
265 6.872640e-01 3.620000e-03 3.091160e-01
266 6.866840e-01 3.564000e-03 3.097520e-01
267 6.860320e-01 3.568000e-03 3.104000e-01
268 6.853480e-01 3.568000e-03 3.110840e-01
269 6.847680e-01 3.400000e-03 3.118320e-01
270 6.841520e-01 3.368000e-03 3.124800e-01
271 6.834920e-01 3.348000e-03 3.131600e-01
272 6.828920e-01 3.348000e-03 3.137600e-01
273 6.823000e-01 3.344000e-03 3.143560e-01
274 6.816600e-01 3.448000e-03 3.148920e-01
275 6.809760e-01 3.544000e-03 3.154800e-01
276 6.803120e-01 3.596000e-03 3.160920e-01
277 6.797040e-01 3.508000e-03 3.167880e-01
278 6.790200e-01 3.576000e-03 3.174040e-01
279 6.783360e-01 3.644000e-03 3.180200e-01
280 6.776560e-01 3.672000e-03 3.186720e-01
281 6.769760e-01 3.704000e-03 3.193200e-01
282 6.763320e-01 3.676000e-03 3.199920e-01
283 6.757280e-01 3.540000e-03 3.207320e-01
284 6.750080e-01 3.636000e-03 3.213560e-01
285 6.743080e-01 3.592000e-03 3.221000e-01
286 6.737360e-01 3.556000e-03 3.227080e-01
287 6.730600e-01 3.596000e-03 3.233440e-01
288 6.723160e-01 3.664000e-03 3.240200e-01
289 6.715480e-01 3.808000e-03 3.246440e-01
290 6.708240e-01 3.904000e-03 3.252720e-01
291 6.701040e-01 3.988000e-03 3.259080e-01
292 6.693200e-01 3.992000e-03 3.266880e-01
293 6.686080e-01 3.964000e-03 3.274280e-01
294 6.678800e-01 3.976000e-03 3.281440e-01
295 6.672080e-01 3.936000e-03 3.288560e-01
296 6.665400e-01 3.960000e-03 3.295000e-01
297 6.658440e-01 3.884000e-03 3.302720e-01
298 6.652480e-01 3.884000e-03 3.308680e-01
299 6.645600e-01 3.920000e-03 3.315200e-01
300 6.639280e-01 3.920000e-03 3.321520e-01
301 6.632840e-01 3.892000e-03 3.328240e-01
302 6.627160e-01 3.840000e-03 3.334440e-01
303 6.622240e-01 3.696000e-03 3.340800e-01
304 6.616600e-01 3.644000e-03 3.346960e-01
305 6.611560e-01 3.504000e-03 3.353400e-01
306 6.606600e-01 3.428000e-03 3.359120e-01
307 6.600960e-01 3.356000e-03 3.365480e-01
308 6.595320e-01 3.364000e-03 3.371040e-01
309 6.589320e-01 3.372000e-03 3.376960e-01
310 6.583080e-01 3.328000e-03 3.383640e-01
311 6.577280e-01 3.348000e-03 3.389240e-01
312 6.571040e-01 3.336000e-03 3.395600e-01
313 6.564560e-01 3.392000e-03 3.401520e-01
314 6.557880e-01 3.516000e-03 3.406960e-01
315 6.551920e-01 3.448000e-03 3.413600e-01
316 6.546120e-01 3.456000e-03 3.419320e-01
317 6.540240e-01 3.432000e-03 3.425440e-01
318 6.534520e-01 3.384000e-03 3.431640e-01
319 6.528960e-01 3.308000e-03 3.437960e-01
320 6.524240e-01 3.208000e-03 3.443680e-01
321 6.518880e-01 3.200000e-03 3.449120e-01
322 6.513800e-01 3.132000e-03 3.454880e-01
323 6.508040e-01 3.124000e-03 3.460720e-01
324 6.503000e-01 3.024000e-03 3.466760e-01
325 6.497960e-01 3.076000e-03 3.471280e-01
326 6.491320e-01 3.212000e-03 3.476560e-01
327 6.485440e-01 3.200000e-03 3.482560e-01
328 6.480240e-01 3.164000e-03 3.488120e-01
329 6.473880e-01 3.176000e-03 3.494360e-01
330 6.467400e-01 3.264000e-03 3.499960e-01
331 6.462080e-01 3.276000e-03 3.505160e-01
332 6.456800e-01 3.164000e-03 3.511560e-01
333 6.451000e-01 3.064000e-03 3.518360e-01
334 6.445920e-01 3.124000e-03 3.522840e-01
335 6.439960e-01 3.132000e-03 3.528720e-01
336 6.434680e-01 3.100000e-03 3.534320e-01
337 6.429640e-01 2.980000e-03 3.540560e-01
338 6.425440e-01 2.796000e-03 3.546600e-01
339 6.420680e-01 2.824000e-03 3.551080e-01
340 6.416280e-01 2.880000e-03 3.554920e-01
341 6.411960e-01 2.708000e-03 3.560960e-01
342 6.407480e-01 2.676000e-03 3.565760e-01
343 6.402400e-01 2.708000e-03 3.570520e-01
344 6.396760e-01 2.832000e-03 3.574920e-01
345 6.392000e-01 2.812000e-03 3.579880e-01
346 6.387120e-01 2.764000e-03 3.585240e-01
347 6.382040e-01 2.744000e-03 3.590520e-01
348 6.376080e-01 2.868000e-03 3.595240e-01
349 6.371120e-01 2.928000e-03 3.599600e-01
350 6.366560e-01 2.884000e-03 3.604600e-01
351 6.362040e-01 2.764000e-03 3.610320e-01
352 6.357240e-01 2.764000e-03 3.615120e-01
353 6.352760e-01 2.736000e-03 3.619880e-01
354 6.348880e-01 2.648000e-03 3.624640e-01
355 6.345600e-01 2.564000e-03 3.628760e-01
356 6.341840e-01 2.508000e-03 3.633080e-01
357 6.338320e-01 2.436000e-03 3.637320e-01
358 6.334720e-01 2.392000e-03 3.641360e-01
359 6.330680e-01 2.348000e-03 3.645840e-01
360 6.325880e-01 2.328000e-03 3.650840e-01
361 6.321760e-01 2.384000e-03 3.654400e-01
362 6.317360e-01 2.448000e-03 3.658160e-01
363 6.313080e-01 2.464000e-03 3.662280e-01
364 6.308520e-01 2.480000e-03 3.666680e-01
365 6.304000e-01 2.600000e-03 3.670000e-01
366 6.300400e-01 2.520000e-03 3.674400e-01
367 6.295320e-01 2.584000e-03 3.678840e-01
368 6.291640e-01 2.484000e-03 3.683520e-01
369 6.287320e-01 2.456000e-03 3.688120e-01
370 6.283480e-01 2.472000e-03 3.691800e-01
371 6.279960e-01 2.376000e-03 3.696280e-01
372 6.275400e-01 2.328000e-03 3.701320e-01
373 6.270760e-01 2.340000e-03 3.705840e-01
374 6.266840e-01 2.344000e-03 3.709720e-01
375 6.262240e-01 2.424000e-03 3.713520e-01
376 6.258400e-01 2.396000e-03 3.717640e-01
377 6.254600e-01 2.396000e-03 3.721440e-01
378 6.250360e-01 2.360000e-03 3.726040e-01
379 6.246160e-01 2.328000e-03 3.730560e-01
380 6.242600e-01 2.312000e-03 3.734280e-01
381 6.238880e-01 2.228000e-03 3.738840e-01
382 6.234520e-01 2.320000e-03 3.742280e-01
383 6.230200e-01 2.380000e-03 3.746000e-01
384 6.225080e-01 2.504000e-03 3.749880e-01
385 6.221080e-01 2.428000e-03 3.754640e-01
386 6.216480e-01 2.532000e-03 3.758200e-01
387 6.212800e-01 2.476000e-03 3.762440e-01
388 6.209000e-01 2.480000e-03 3.766200e-01
389 6.204360e-01 2.516000e-03 3.770480e-01
390 6.199480e-01 2.588000e-03 3.774640e-01
391 6.193960e-01 2.612000e-03 3.779920e-01
392 6.189440e-01 2.552000e-03 3.785040e-01
393 6.184680e-01 2.544000e-03 3.789880e-01
394 6.180240e-01 2.496000e-03 3.794800e-01
395 6.175560e-01 2.496000e-03 3.799480e-01
396 6.171400e-01 2.468000e-03 3.803920e-01
397 6.167000e-01 2.436000e-03 3.808640e-01
398 6.162560e-01 2.420000e-03 3.813240e-01
399 6.159480e-01 2.332000e-03 3.817200e-01
400 6.155240e-01 2.308000e-03 3.821680e-01
401 6.151400e-01 2.240000e-03 3.826200e-01
402 6.146920e-01 2.284000e-03 3.830240e-01
403 6.142200e-01 2.316000e-03 3.834640e-01
404 6.137960e-01 2.380000e-03 3.838240e-01
405 6.133360e-01 2.456000e-03 3.842080e-01
406 6.127680e-01 2.612000e-03 3.846200e-01
407 6.122640e-01 2.632000e-03 3.851040e-01
408 6.118040e-01 2.620000e-03 3.855760e-01
409 6.113880e-01 2.684000e-03 3.859280e-01
410 6.110440e-01 2.620000e-03 3.863360e-01
411 6.106120e-01 2.648000e-03 3.867400e-01
412 6.101880e-01 2.544000e-03 3.872680e-01
413 6.097400e-01 2.532000e-03 3.877280e-01
414 6.093760e-01 2.456000e-03 3.881680e-01
415 6.089040e-01 2.508000e-03 3.885880e-01
416 6.084640e-01 2.576000e-03 3.889600e-01
417 6.079680e-01 2.612000e-03 3.894200e-01
418 6.074800e-01 2.600000e-03 3.899200e-01
419 6.070280e-01 2.612000e-03 3.903600e-01
420 6.065720e-01 2.600000e-03 3.908280e-01
421 6.062080e-01 2.572000e-03 3.912200e-01
422 6.057200e-01 2.684000e-03 3.915960e-01
423 6.052400e-01 2.668000e-03 3.920920e-01
424 6.048440e-01 2.612000e-03 3.925440e-01
425 6.043760e-01 2.652000e-03 3.929720e-01
426 6.039040e-01 2.628000e-03 3.934680e-01
427 6.034080e-01 2.692000e-03 3.939000e-01
428 6.030400e-01 2.632000e-03 3.943280e-01
429 6.026200e-01 2.600000e-03 3.947800e-01
430 6.022760e-01 2.552000e-03 3.951720e-01
431 6.019320e-01 2.460000e-03 3.956080e-01
432 6.015960e-01 2.344000e-03 3.960600e-01
433 6.012720e-01 2.224000e-03 3.965040e-01
434 6.009600e-01 2.208000e-03 3.968320e-01
435 6.006360e-01 2.216000e-03 3.971480e-01
436 6.002400e-01 2.176000e-03 3.975840e-01
437 5.998840e-01 2.132000e-03 3.979840e-01
438 5.994560e-01 2.192000e-03 3.983520e-01
439 5.990840e-01 2.232000e-03 3.986840e-01
440 5.986640e-01 2.256000e-03 3.990800e-01
441 5.982920e-01 2.248000e-03 3.994600e-01
442 5.979000e-01 2.264000e-03 3.998360e-01
443 5.974680e-01 2.304000e-03 4.002280e-01
444 5.971200e-01 2.208000e-03 4.006720e-01
445 5.967680e-01 2.140000e-03 4.010920e-01
446 5.963920e-01 2.096000e-03 4.015120e-01
447 5.961920e-01 1.912000e-03 4.018960e-01
448 5.958720e-01 1.920000e-03 4.022080e-01
449 5.956240e-01 1.868000e-03 4.025080e-01
450 5.952680e-01 1.916000e-03 4.028160e-01
451 5.949520e-01 1.884000e-03 4.031640e-01
452 5.946000e-01 1.932000e-03 4.034680e-01
453 5.942840e-01 1.932000e-03 4.037840e-01
454 5.940280e-01 1.868000e-03 4.041040e-01
455 5.937040e-01 1.936000e-03 4.043600e-01
456 5.933800e-01 1.992000e-03 4.046280e-01
457 5.930840e-01 1.888000e-03 4.050280e-01
458 5.927360e-01 1.900000e-03 4.053640e-01
459 5.923800e-01 1.964000e-03 4.056560e-01
460 5.921040e-01 1.908000e-03 4.059880e-01
461 5.917560e-01 1.952000e-03 4.062920e-01
462 5.914200e-01 1.976000e-03 4.066040e-01
463 5.911320e-01 1.932000e-03 4.069360e-01
464 5.907520e-01 1.992000e-03 4.072560e-01
465 5.904040e-01 1.896000e-03 4.077000e-01
466 5.901280e-01 1.820000e-03 4.080520e-01
467 5.898280e-01 1.732000e-03 4.084400e-01
468 5.895240e-01 1.788000e-03 4.086880e-01
469 5.892320e-01 1.764000e-03 4.090040e-01
470 5.889160e-01 1.800000e-03 4.092840e-01
471 5.886360e-01 1.796000e-03 4.095680e-01
472 5.883600e-01 1.732000e-03 4.099080e-01
473 5.880120e-01 1.772000e-03 4.102160e-01
474 5.877120e-01 1.692000e-03 4.105960e-01
475 5.874200e-01 1.636000e-03 4.109440e-01
476 5.871400e-01 1.628000e-03 4.112320e-01
477 5.868600e-01 1.576000e-03 4.115640e-01
478 5.866120e-01 1.556000e-03 4.118320e-01
479 5.863560e-01 1.552000e-03 4.120920e-01
480 5.860960e-01 1.548000e-03 4.123560e-01
481 5.858200e-01 1.520000e-03 4.126600e-01
482 5.855720e-01 1.516000e-03 4.129120e-01
483 5.853080e-01 1.556000e-03 4.131360e-01
484 5.850680e-01 1.524000e-03 4.134080e-01
485 5.847960e-01 1.520000e-03 4.136840e-01
486 5.844840e-01 1.572000e-03 4.139440e-01
487 5.842480e-01 1.532000e-03 4.142200e-01
488 5.839400e-01 1.592000e-03 4.144680e-01
489 5.836600e-01 1.580000e-03 4.147600e-01
490 5.834000e-01 1.596000e-03 4.150040e-01
491 5.831920e-01 1.480000e-03 4.153280e-01
492 5.829760e-01 1.452000e-03 4.155720e-01
493 5.827400e-01 1.400000e-03 4.158600e-01
494 5.824920e-01 1.412000e-03 4.160960e-01
495 5.822400e-01 1.472000e-03 4.162880e-01
496 5.819240e-01 1.544000e-03 4.165320e-01
497 5.815440e-01 1.628000e-03 4.168280e-01
498 5.812080e-01 1.668000e-03 4.171240e-01
499 5.809200e-01 1.604000e-03 4.174760e-01
500 5.805040e-01 1.732000e-03 4.177640e-01
