1 9.991840e-01 7.400000e-04 7.600000e-05
2 9.986400e-01 1.172000e-03 1.880000e-04
3 9.979280e-01 1.680000e-03 3.920000e-04
4 9.971680e-01 2.044000e-03 7.880000e-04
5 9.964320e-01 2.376000e-03 1.192000e-03
6 9.955960e-01 2.756000e-03 1.648000e-03
7 9.946040e-01 3.264000e-03 2.132000e-03
8 9.936440e-01 3.652000e-03 2.704000e-03
9 9.925640e-01 4.076000e-03 3.360000e-03
10 9.916480e-01 4.228000e-03 4.124000e-03
11 9.906360e-01 4.460000e-03 4.904000e-03
12 9.896160e-01 4.684000e-03 5.700000e-03
13 9.884720e-01 4.992000e-03 6.536000e-03
14 9.871920e-01 5.260000e-03 7.548000e-03
15 9.860040e-01 5.536000e-03 8.460000e-03
16 9.848000e-01 5.780000e-03 9.420000e-03
17 9.835120e-01 5.896000e-03 1.059200e-02
18 9.821800e-01 6.192000e-03 1.162800e-02
19 9.809880e-01 6.356000e-03 1.265600e-02
20 9.796400e-01 6.444000e-03 1.391600e-02
21 9.783000e-01 6.676000e-03 1.502400e-02
22 9.769360e-01 6.936000e-03 1.612800e-02
23 9.754880e-01 7.180000e-03 1.733200e-02
24 9.740480e-01 7.332000e-03 1.862000e-02
25 9.725560e-01 7.576000e-03 1.986800e-02
26 9.712600e-01 7.672000e-03 2.106800e-02
27 9.698160e-01 7.792000e-03 2.239200e-02
28 9.683600e-01 7.820000e-03 2.382000e-02
29 9.669080e-01 7.964000e-03 2.512800e-02
30 9.654600e-01 7.992000e-03 2.654800e-02
31 9.639560e-01 8.104000e-03 2.794000e-02
32 9.625160e-01 8.132000e-03 2.935200e-02
33 9.611920e-01 7.956000e-03 3.085200e-02
34 9.598960e-01 7.872000e-03 3.223200e-02
35 9.585280e-01 7.824000e-03 3.364800e-02
36 9.571680e-01 7.824000e-03 3.500800e-02
37 9.556920e-01 7.988000e-03 3.632000e-02
38 9.542840e-01 7.936000e-03 3.778000e-02
39 9.527800e-01 8.124000e-03 3.909600e-02
40 9.512840e-01 8.264000e-03 4.045200e-02
41 9.497960e-01 8.308000e-03 4.189600e-02
42 9.484720e-01 8.236000e-03 4.329200e-02
43 9.469600e-01 8.184000e-03 4.485600e-02
44 9.455240e-01 8.160000e-03 4.631600e-02
45 9.441240e-01 8.180000e-03 4.769600e-02
46 9.425960e-01 8.148000e-03 4.925600e-02
47 9.411880e-01 8.132000e-03 5.068000e-02
48 9.396880e-01 8.252000e-03 5.206000e-02
49 9.383520e-01 8.156000e-03 5.349200e-02
50 9.368640e-01 8.312000e-03 5.482400e-02
51 9.353320e-01 8.424000e-03 5.624400e-02
52 9.337960e-01 8.324000e-03 5.788000e-02
53 9.324360e-01 8.308000e-03 5.925600e-02
54 9.311240e-01 8.040000e-03 6.083600e-02
55 9.297200e-01 7.944000e-03 6.233600e-02
56 9.282600e-01 8.068000e-03 6.367200e-02
57 9.268320e-01 8.052000e-03 6.511600e-02
58 9.252640e-01 8.232000e-03 6.650400e-02
59 9.238120e-01 8.292000e-03 6.789600e-02
60 9.222720e-01 8.352000e-03 6.937600e-02
61 9.208480e-01 8.384000e-03 7.076800e-02
62 9.193640e-01 8.340000e-03 7.229600e-02
63 9.180040e-01 8.184000e-03 7.381200e-02
64 9.164960e-01 8.144000e-03 7.536000e-02
65 9.150960e-01 8.100000e-03 7.680400e-02
66 9.137400e-01 8.016000e-03 7.824400e-02
67 9.122840e-01 7.904000e-03 7.981200e-02
68 9.107640e-01 8.124000e-03 8.111200e-02
69 9.091800e-01 8.168000e-03 8.265200e-02
70 9.076120e-01 8.260000e-03 8.412800e-02
71 9.060800e-01 8.396000e-03 8.552400e-02
72 9.046400e-01 8.504000e-03 8.685600e-02
73 9.031360e-01 8.520000e-03 8.834400e-02
74 9.016480e-01 8.420000e-03 8.993200e-02
75 9.001120e-01 8.420000e-03 9.146800e-02
76 8.986280e-01 8.504000e-03 9.286800e-02
77 8.970120e-01 8.632000e-03 9.435600e-02
78 8.955680e-01 8.712000e-03 9.572000e-02
79 8.940240e-01 8.696000e-03 9.728000e-02
80 8.926160e-01 8.548000e-03 9.883600e-02
81 8.911000e-01 8.640000e-03 1.002600e-01
82 8.896800e-01 8.540000e-03 1.017800e-01
83 8.881840e-01 8.400000e-03 1.034160e-01
84 8.865920e-01 8.476000e-03 1.049320e-01
85 8.848560e-01 8.740000e-03 1.064040e-01
86 8.832960e-01 8.760000e-03 1.079440e-01
87 8.815560e-01 8.956000e-03 1.094880e-01
88 8.797560e-01 9.248000e-03 1.109960e-01
89 8.782160e-01 9.108000e-03 1.126760e-01
90 8.766440e-01 9.172000e-03 1.141840e-01
91 8.752560e-01 8.928000e-03 1.158160e-01
92 8.738240e-01 8.716000e-03 1.174600e-01
93 8.723640e-01 8.640000e-03 1.189960e-01
94 8.710360e-01 8.560000e-03 1.204040e-01
95 8.697320e-01 8.480000e-03 1.217880e-01
96 8.683120e-01 8.324000e-03 1.233640e-01
97 8.670840e-01 8.088000e-03 1.248280e-01
98 8.657520e-01 8.112000e-03 1.261360e-01
99 8.645160e-01 7.988000e-03 1.274960e-01
100 8.631440e-01 8.004000e-03 1.288520e-01
101 8.617360e-01 7.896000e-03 1.303680e-01
102 8.603760e-01 8.020000e-03 1.316040e-01
103 8.589480e-01 8.080000e-03 1.329720e-01
104 8.576840e-01 7.884000e-03 1.344320e-01
105 8.563320e-01 8.020000e-03 1.356480e-01
106 8.550880e-01 7.820000e-03 1.370920e-01
107 8.536600e-01 7.944000e-03 1.383960e-01
108 8.524160e-01 7.864000e-03 1.397200e-01
109 8.510320e-01 7.884000e-03 1.410840e-01
110 8.497800e-01 7.848000e-03 1.423720e-01
111 8.485320e-01 7.864000e-03 1.436040e-01
112 8.471040e-01 7.900000e-03 1.449960e-01
113 8.457920e-01 7.768000e-03 1.464400e-01
114 8.443840e-01 7.900000e-03 1.477160e-01
115 8.429840e-01 7.976000e-03 1.490400e-01
116 8.416000e-01 7.916000e-03 1.504840e-01
117 8.403720e-01 7.780000e-03 1.518480e-01
118 8.392440e-01 7.672000e-03 1.530840e-01
119 8.380240e-01 7.668000e-03 1.543080e-01
120 8.367480e-01 7.676000e-03 1.555760e-01
121 8.354080e-01 7.732000e-03 1.568600e-01
122 8.341480e-01 7.608000e-03 1.582440e-01
123 8.328080e-01 7.676000e-03 1.595160e-01
124 8.315120e-01 7.660000e-03 1.608280e-01
125 8.302600e-01 7.732000e-03 1.620080e-01
126 8.288480e-01 7.740000e-03 1.634120e-01
127 8.275440e-01 7.632000e-03 1.648240e-01
128 8.263360e-01 7.520000e-03 1.661440e-01
129 8.251720e-01 7.396000e-03 1.674320e-01
130 8.240560e-01 7.152000e-03 1.687920e-01
131 8.228520e-01 7.140000e-03 1.700080e-01
132 8.217320e-01 7.012000e-03 1.712560e-01
133 8.205480e-01 6.952000e-03 1.725000e-01
134 8.194480e-01 6.776000e-03 1.737760e-01
135 8.183920e-01 6.832000e-03 1.747760e-01
136 8.172640e-01 6.688000e-03 1.760480e-01
137 8.161400e-01 6.708000e-03 1.771520e-01
138 8.149960e-01 6.712000e-03 1.782920e-01
139 8.138200e-01 6.792000e-03 1.793880e-01
140 8.128320e-01 6.672000e-03 1.804960e-01
141 8.116720e-01 6.800000e-03 1.815280e-01
142 8.104520e-01 6.768000e-03 1.827800e-01
143 8.092520e-01 6.768000e-03 1.839800e-01
144 8.080880e-01 6.752000e-03 1.851600e-01
145 8.068960e-01 6.692000e-03 1.864120e-01
146 8.058120e-01 6.568000e-03 1.876200e-01
147 8.046840e-01 6.564000e-03 1.887520e-01
148 8.035720e-01 6.556000e-03 1.898720e-01
149 8.024920e-01 6.536000e-03 1.909720e-01
150 8.013280e-01 6.560000e-03 1.921120e-01
151 8.000720e-01 6.632000e-03 1.932960e-01
152 7.987720e-01 6.740000e-03 1.944880e-01
153 7.976040e-01 6.728000e-03 1.956680e-01
154 7.964320e-01 6.648000e-03 1.969200e-01
155 7.953160e-01 6.596000e-03 1.980880e-01
156 7.941400e-01 6.568000e-03 1.992920e-01
157 7.930080e-01 6.664000e-03 2.003280e-01
158 7.918960e-01 6.692000e-03 2.014120e-01
159 7.907880e-01 6.532000e-03 2.026800e-01
160 7.896240e-01 6.592000e-03 2.037840e-01
161 7.885880e-01 6.632000e-03 2.047800e-01
162 7.874880e-01 6.660000e-03 2.058520e-01
163 7.863840e-01 6.596000e-03 2.070200e-01
164 7.851920e-01 6.644000e-03 2.081640e-01
165 7.840440e-01 6.560000e-03 2.093960e-01
166 7.829160e-01 6.672000e-03 2.104120e-01
167 7.817680e-01 6.560000e-03 2.116720e-01
168 7.806240e-01 6.580000e-03 2.127960e-01
169 7.795560e-01 6.384000e-03 2.140600e-01
170 7.785200e-01 6.340000e-03 2.151400e-01
171 7.772880e-01 6.336000e-03 2.163760e-01
172 7.761080e-01 6.396000e-03 2.174960e-01
173 7.750360e-01 6.388000e-03 2.185760e-01
174 7.738280e-01 6.384000e-03 2.197880e-01
175 7.727760e-01 6.312000e-03 2.209120e-01
176 7.717440e-01 6.344000e-03 2.219120e-01
177 7.707600e-01 6.324000e-03 2.229160e-01
178 7.698080e-01 6.232000e-03 2.239600e-01
179 7.688480e-01 6.044000e-03 2.251080e-01
180 7.677680e-01 5.960000e-03 2.262720e-01
181 7.667240e-01 5.992000e-03 2.272840e-01
182 7.657720e-01 6.036000e-03 2.281920e-01
183 7.648680e-01 6.040000e-03 2.290920e-01
184 7.639320e-01 5.860000e-03 2.302080e-01
185 7.629600e-01 5.868000e-03 2.311720e-01
186 7.620000e-01 5.816000e-03 2.321840e-01
187 7.608800e-01 5.972000e-03 2.331480e-01
188 7.599720e-01 5.780000e-03 2.342480e-01
189 7.589480e-01 5.848000e-03 2.352040e-01
190 7.580920e-01 5.692000e-03 2.362160e-01
191 7.571440e-01 5.544000e-03 2.373120e-01
192 7.562440e-01 5.492000e-03 2.382640e-01
193 7.553000e-01 5.540000e-03 2.391600e-01
194 7.543600e-01 5.568000e-03 2.400720e-01
195 7.534720e-01 5.436000e-03 2.410920e-01
196 7.525880e-01 5.328000e-03 2.420840e-01
197 7.516360e-01 5.396000e-03 2.429680e-01
198 7.506520e-01 5.480000e-03 2.438680e-01
199 7.497000e-01 5.428000e-03 2.448720e-01
200 7.488320e-01 5.304000e-03 2.458640e-01
201 7.477840e-01 5.372000e-03 2.468440e-01
202 7.469480e-01 5.220000e-03 2.478320e-01
203 7.460680e-01 5.172000e-03 2.487600e-01
204 7.451560e-01 5.204000e-03 2.496400e-01
205 7.443240e-01 5.160000e-03 2.505160e-01
206 7.434640e-01 5.168000e-03 2.513680e-01
207 7.425880e-01 5.168000e-03 2.522440e-01
208 7.417040e-01 5.140000e-03 2.531560e-01
209 7.408960e-01 5.040000e-03 2.540640e-01
210 7.400960e-01 5.008000e-03 2.548960e-01
211 7.393720e-01 4.872000e-03 2.557560e-01
212 7.385560e-01 4.880000e-03 2.565640e-01
213 7.377880e-01 4.844000e-03 2.573680e-01
214 7.370400e-01 4.800000e-03 2.581600e-01
215 7.362440e-01 4.760000e-03 2.589960e-01
216 7.354400e-01 4.756000e-03 2.598040e-01
217 7.346160e-01 4.636000e-03 2.607480e-01
218 7.339360e-01 4.568000e-03 2.614960e-01
219 7.331760e-01 4.532000e-03 2.622920e-01
220 7.323880e-01 4.592000e-03 2.630200e-01
221 7.314840e-01 4.740000e-03 2.637760e-01
222 7.306280e-01 4.684000e-03 2.646880e-01
223 7.297960e-01 4.660000e-03 2.655440e-01
224 7.289240e-01 4.736000e-03 2.663400e-01
225 7.280880e-01 4.744000e-03 2.671680e-01
226 7.273560e-01 4.712000e-03 2.679320e-01
227 7.266280e-01 4.616000e-03 2.687560e-01
228 7.259480e-01 4.544000e-03 2.695080e-01
229 7.252480e-01 4.492000e-03 2.702600e-01
230 7.245440e-01 4.460000e-03 2.709960e-01
231 7.238240e-01 4.500000e-03 2.716760e-01
232 7.229240e-01 4.596000e-03 2.724800e-01
233 7.222120e-01 4.548000e-03 2.732400e-01
234 7.215720e-01 4.472000e-03 2.739560e-01
235 7.208400e-01 4.432000e-03 2.747280e-01
236 7.200360e-01 4.412000e-03 2.755520e-01
237 7.192720e-01 4.428000e-03 2.763000e-01
238 7.185000e-01 4.380000e-03 2.771200e-01
239 7.177880e-01 4.324000e-03 2.778880e-01
240 7.170880e-01 4.256000e-03 2.786560e-01
241 7.163320e-01 4.296000e-03 2.793720e-01
242 7.156280e-01 4.364000e-03 2.800080e-01
243 7.149000e-01 4.348000e-03 2.807520e-01
244 7.141400e-01 4.360000e-03 2.815000e-01
245 7.134800e-01 4.216000e-03 2.823040e-01
246 7.126960e-01 4.280000e-03 2.830240e-01
247 7.119440e-01 4.240000e-03 2.838160e-01
248 7.113000e-01 4.168000e-03 2.845320e-01
249 7.105600e-01 4.240000e-03 2.852000e-01
250 7.098560e-01 4.264000e-03 2.858800e-01
251 7.089840e-01 4.388000e-03 2.866280e-01
252 7.082240e-01 4.332000e-03 2.874440e-01
253 7.074680e-01 4.328000e-03 2.882040e-01
254 7.067360e-01 4.400000e-03 2.888640e-01
255 7.059760e-01 4.452000e-03 2.895720e-01
256 7.051920e-01 4.504000e-03 2.903040e-01
257 7.044240e-01 4.464000e-03 2.911120e-01
258 7.037040e-01 4.476000e-03 2.918200e-01
259 7.030240e-01 4.368000e-03 2.926080e-01
260 7.023240e-01 4.388000e-03 2.932880e-01
261 7.016840e-01 4.284000e-03 2.940320e-01
262 7.009880e-01 4.208000e-03 2.948040e-01
263 7.003120e-01 4.084000e-03 2.956040e-01
264 6.996320e-01 4.048000e-03 2.963200e-01
265 6.988240e-01 4.208000e-03 2.969680e-01
266 6.981960e-01 4.028000e-03 2.977760e-01
267 6.975560e-01 4.068000e-03 2.983760e-01
268 6.968840e-01 4.048000e-03 2.990680e-01
269 6.962760e-01 3.920000e-03 2.998040e-01
270 6.956840e-01 3.856000e-03 3.004600e-01
271 6.950640e-01 3.804000e-03 3.011320e-01
272 6.944880e-01 3.700000e-03 3.018120e-01
273 6.939520e-01 3.620000e-03 3.024280e-01
274 6.933720e-01 3.620000e-03 3.030080e-01
275 6.928440e-01 3.560000e-03 3.035960e-01
276 6.922800e-01 3.500000e-03 3.042200e-01
277 6.918240e-01 3.400000e-03 3.047760e-01
278 6.913120e-01 3.304000e-03 3.053840e-01
279 6.907920e-01 3.232000e-03 3.059760e-01
280 6.902560e-01 3.236000e-03 3.065080e-01
281 6.897480e-01 3.156000e-03 3.070960e-01
282 6.891760e-01 3.220000e-03 3.076040e-01
283 6.886960e-01 3.080000e-03 3.082240e-01
284 6.881880e-01 3.124000e-03 3.086880e-01
285 6.877320e-01 3.004000e-03 3.092640e-01
286 6.871760e-01 3.012000e-03 3.098120e-01
287 6.865840e-01 3.100000e-03 3.103160e-01
288 6.860560e-01 3.160000e-03 3.107840e-01
289 6.854920e-01 3.192000e-03 3.113160e-01
290 6.850000e-01 3.156000e-03 3.118440e-01
291 6.844440e-01 3.144000e-03 3.124120e-01
292 6.838720e-01 3.248000e-03 3.128800e-01
293 6.834320e-01 3.016000e-03 3.135520e-01
294 6.828920e-01 3.048000e-03 3.140600e-01
295 6.823960e-01 3.008000e-03 3.145960e-01
296 6.818840e-01 3.028000e-03 3.150880e-01
297 6.814680e-01 2.984000e-03 3.155480e-01
298 6.809280e-01 2.996000e-03 3.160760e-01
299 6.804400e-01 2.924000e-03 3.166360e-01
300 6.800040e-01 2.748000e-03 3.172480e-01
301 6.794800e-01 2.768000e-03 3.177520e-01
302 6.790360e-01 2.756000e-03 3.182080e-01
303 6.785240e-01 2.824000e-03 3.186520e-01
304 6.780640e-01 2.748000e-03 3.191880e-01
305 6.775720e-01 2.796000e-03 3.196320e-01
306 6.771720e-01 2.772000e-03 3.200560e-01
307 6.767120e-01 2.820000e-03 3.204680e-01
308 6.762160e-01 2.804000e-03 3.209800e-01
309 6.757240e-01 2.836000e-03 3.214400e-01
310 6.752720e-01 2.800000e-03 3.219280e-01
311 6.748960e-01 2.664000e-03 3.224400e-01
312 6.744800e-01 2.588000e-03 3.229320e-01
313 6.739520e-01 2.716000e-03 3.233320e-01
314 6.735360e-01 2.752000e-03 3.237120e-01
315 6.731320e-01 2.628000e-03 3.242400e-01
316 6.727480e-01 2.436000e-03 3.248160e-01
317 6.723520e-01 2.456000e-03 3.251920e-01
318 6.719760e-01 2.404000e-03 3.256200e-01
319 6.716600e-01 2.288000e-03 3.260520e-01
320 6.713280e-01 2.200000e-03 3.264720e-01
321 6.709840e-01 2.172000e-03 3.268440e-01
322 6.707400e-01 2.140000e-03 3.271200e-01
323 6.704560e-01 2.080000e-03 3.274640e-01
324 6.701520e-01 2.024000e-03 3.278240e-01
325 6.698880e-01 1.952000e-03 3.281600e-01
326 6.695680e-01 1.956000e-03 3.284760e-01
327 6.693000e-01 1.864000e-03 3.288360e-01
328 6.689200e-01 1.888000e-03 3.291920e-01
329 6.685240e-01 1.956000e-03 3.295200e-01
330 6.681520e-01 1.912000e-03 3.299360e-01
331 6.678560e-01 1.864000e-03 3.302800e-01
332 6.675600e-01 1.848000e-03 3.305920e-01
333 6.672160e-01 1.856000e-03 3.309280e-01
334 6.668480e-01 1.848000e-03 3.313040e-01
335 6.665760e-01 1.840000e-03 3.315840e-01
336 6.662800e-01 1.784000e-03 3.319360e-01
337 6.659760e-01 1.792000e-03 3.322320e-01
338 6.656560e-01 1.820000e-03 3.325240e-01
339 6.652840e-01 1.900000e-03 3.328160e-01
340 6.649520e-01 1.876000e-03 3.331720e-01
341 6.645960e-01 1.912000e-03 3.334920e-01
342 6.642000e-01 2.012000e-03 3.337880e-01
343 6.638520e-01 2.028000e-03 3.341200e-01
344 6.635520e-01 2.032000e-03 3.344160e-01
345 6.631680e-01 2.008000e-03 3.348240e-01
346 6.627840e-01 2.060000e-03 3.351560e-01
347 6.624560e-01 2.048000e-03 3.354960e-01
348 6.621040e-01 2.060000e-03 3.358360e-01
349 6.617600e-01 2.032000e-03 3.362080e-01
350 6.614520e-01 1.992000e-03 3.365560e-01
351 6.611120e-01 2.032000e-03 3.368560e-01
352 6.608360e-01 1.940000e-03 3.372240e-01
353 6.604880e-01 1.936000e-03 3.375760e-01
354 6.601760e-01 1.904000e-03 3.379200e-01
355 6.599000e-01 1.936000e-03 3.381640e-01
356 6.595080e-01 1.968000e-03 3.385240e-01
357 6.592200e-01 1.968000e-03 3.388120e-01
358 6.589280e-01 1.928000e-03 3.391440e-01
359 6.585840e-01 1.940000e-03 3.394760e-01
360 6.581960e-01 2.028000e-03 3.397760e-01
361 6.578200e-01 2.080000e-03 3.401000e-01
362 6.575080e-01 2.044000e-03 3.404480e-01
363 6.571240e-01 2.136000e-03 3.407400e-01
364 6.567000e-01 2.196000e-03 3.411040e-01
365 6.563400e-01 2.228000e-03 3.414320e-01
366 6.559520e-01 2.256000e-03 3.417920e-01
367 6.556040e-01 2.232000e-03 3.421640e-01
368 6.552920e-01 2.168000e-03 3.425400e-01
369 6.549200e-01 2.188000e-03 3.428920e-01
370 6.545760e-01 2.200000e-03 3.432240e-01
371 6.542080e-01 2.208000e-03 3.435840e-01
372 6.538640e-01 2.120000e-03 3.440160e-01
373 6.535800e-01 2.016000e-03 3.444040e-01
374 6.533080e-01 1.948000e-03 3.447440e-01
375 6.530240e-01 1.936000e-03 3.450400e-01
376 6.526680e-01 2.000000e-03 3.453320e-01
377 6.523320e-01 2.000000e-03 3.456680e-01
378 6.519480e-01 2.036000e-03 3.460160e-01
379 6.516120e-01 2.008000e-03 3.463800e-01
380 6.512640e-01 2.004000e-03 3.467320e-01
381 6.509160e-01 2.004000e-03 3.470800e-01
382 6.505720e-01 2.060000e-03 3.473680e-01
383 6.502600e-01 2.032000e-03 3.477080e-01
384 6.499960e-01 1.932000e-03 3.480720e-01
385 6.497480e-01 1.780000e-03 3.484720e-01
386 6.495440e-01 1.676000e-03 3.487800e-01
387 6.493200e-01 1.608000e-03 3.490720e-01
388 6.490840e-01 1.556000e-03 3.493600e-01
389 6.488720e-01 1.464000e-03 3.496640e-01
390 6.487200e-01 1.332000e-03 3.499480e-01
391 6.485080e-01 1.320000e-03 3.501720e-01
392 6.483640e-01 1.264000e-03 3.503720e-01
393 6.481640e-01 1.232000e-03 3.506040e-01
394 6.479880e-01 1.236000e-03 3.507760e-01
395 6.476920e-01 1.328000e-03 3.509800e-01
396 6.474320e-01 1.336000e-03 3.512320e-01
397 6.472600e-01 1.280000e-03 3.514600e-01
398 6.470840e-01 1.232000e-03 3.516840e-01
399 6.468840e-01 1.228000e-03 3.518880e-01
400 6.467360e-01 1.136000e-03 3.521280e-01
401 6.465760e-01 1.064000e-03 3.523600e-01
402 6.463800e-01 1.088000e-03 3.525320e-01
403 6.461760e-01 1.092000e-03 3.527320e-01
404 6.459840e-01 1.132000e-03 3.528840e-01
405 6.458240e-01 1.132000e-03 3.530440e-01
406 6.456320e-01 1.072000e-03 3.532960e-01
407 6.454480e-01 1.076000e-03 3.534760e-01
408 6.452840e-01 1.036000e-03 3.536800e-01
409 6.450960e-01 1.052000e-03 3.538520e-01
410 6.449120e-01 1.068000e-03 3.540200e-01
411 6.447280e-01 1.032000e-03 3.542400e-01
412 6.445360e-01 1.012000e-03 3.544520e-01
413 6.443720e-01 1.016000e-03 3.546120e-01
414 6.441240e-01 1.100000e-03 3.547760e-01
415 6.439480e-01 1.088000e-03 3.549640e-01
416 6.437560e-01 1.128000e-03 3.551160e-01
417 6.435680e-01 1.132000e-03 3.553000e-01
418 6.434240e-01 1.068000e-03 3.555080e-01
419 6.433080e-01 1.004000e-03 3.556880e-01
420 6.432160e-01 9.440000e-04 3.558400e-01
421 6.430800e-01 9.000000e-04 3.560200e-01
422 6.429640e-01 8.640000e-04 3.561720e-01
423 6.428640e-01 7.800000e-04 3.563560e-01
424 6.427800e-01 7.760000e-04 3.564440e-01
425 6.426400e-01 7.200000e-04 3.566400e-01
426 6.424800e-01 7.520000e-04 3.567680e-01
427 6.423600e-01 7.160000e-04 3.569240e-01
428 6.422520e-01 7.120000e-04 3.570360e-01
429 6.421200e-01 7.520000e-04 3.571280e-01
430 6.419800e-01 7.240000e-04 3.572960e-01
431 6.418520e-01 7.120000e-04 3.574360e-01
432 6.417000e-01 7.600000e-04 3.575400e-01
433 6.415320e-01 8.200000e-04 3.576480e-01
434 6.413320e-01 8.840000e-04 3.577840e-01
435 6.412000e-01 8.760000e-04 3.579240e-01
436 6.410720e-01 8.480000e-04 3.580800e-01
437 6.409080e-01 8.520000e-04 3.582400e-01
438 6.407560e-01 8.200000e-04 3.584240e-01
439 6.405960e-01 8.000000e-04 3.586040e-01
440 6.404400e-01 8.120000e-04 3.587480e-01
441 6.403040e-01 8.120000e-04 3.588840e-01
442 6.401120e-01 8.480000e-04 3.590400e-01
443 6.399960e-01 8.120000e-04 3.591920e-01
444 6.398200e-01 8.640000e-04 3.593160e-01
445 6.397240e-01 8.280000e-04 3.594480e-01
446 6.396200e-01 8.040000e-04 3.595760e-01
447 6.395360e-01 7.160000e-04 3.597480e-01
448 6.394120e-01 7.200000e-04 3.598680e-01
449 6.392600e-01 7.520000e-04 3.599880e-01
450 6.391360e-01 7.320000e-04 3.601320e-01
451 6.389840e-01 7.600000e-04 3.602560e-01
452 6.388680e-01 7.840000e-04 3.603480e-01
453 6.387640e-01 7.520000e-04 3.604840e-01
454 6.386440e-01 7.680000e-04 3.605880e-01
455 6.385400e-01 7.560000e-04 3.607040e-01
456 6.383640e-01 7.960000e-04 3.608400e-01
457 6.382560e-01 7.720000e-04 3.609720e-01
458 6.381120e-01 7.600000e-04 3.611280e-01
459 6.379320e-01 8.040000e-04 3.612640e-01
460 6.377960e-01 8.400000e-04 3.613640e-01
461 6.376520e-01 8.280000e-04 3.615200e-01
462 6.374560e-01 8.760000e-04 3.616680e-01
463 6.372880e-01 8.600000e-04 3.618520e-01
464 6.371560e-01 8.840000e-04 3.619600e-01
465 6.370320e-01 8.720000e-04 3.620960e-01
466 6.369000e-01 8.720000e-04 3.622280e-01
467 6.367400e-01 8.680000e-04 3.623920e-01
468 6.365520e-01 9.040000e-04 3.625440e-01
469 6.363960e-01 8.840000e-04 3.627200e-01
470 6.362240e-01 9.200000e-04 3.628560e-01
471 6.360920e-01 8.520000e-04 3.630560e-01
472 6.359760e-01 8.440000e-04 3.631800e-01
473 6.358520e-01 7.840000e-04 3.633640e-01
474 6.357480e-01 7.360000e-04 3.635160e-01
475 6.356720e-01 6.880000e-04 3.636400e-01
476 6.355880e-01 6.400000e-04 3.637720e-01
477 6.355080e-01 6.280000e-04 3.638640e-01
478 6.354160e-01 6.160000e-04 3.639680e-01
479 6.353680e-01 5.800000e-04 3.640520e-01
480 6.352840e-01 5.680000e-04 3.641480e-01
481 6.352200e-01 5.480000e-04 3.642320e-01
482 6.351120e-01 5.720000e-04 3.643160e-01
483 6.350040e-01 5.560000e-04 3.644400e-01
484 6.348920e-01 5.840000e-04 3.645240e-01
485 6.347920e-01 5.920000e-04 3.646160e-01
486 6.346640e-01 6.240000e-04 3.647120e-01
487 6.345800e-01 6.040000e-04 3.648160e-01
488 6.344600e-01 6.400000e-04 3.649000e-01
489 6.343320e-01 6.480000e-04 3.650200e-01
490 6.342080e-01 6.720000e-04 3.651200e-01
491 6.340280e-01 7.040000e-04 3.652680e-01
492 6.338800e-01 7.480000e-04 3.653720e-01
493 6.337560e-01 7.360000e-04 3.655080e-01
494 6.335800e-01 8.240000e-04 3.655960e-01
495 6.334680e-01 7.920000e-04 3.657400e-01
496 6.333240e-01 7.960000e-04 3.658800e-01
497 6.332040e-01 7.520000e-04 3.660440e-01
498 6.330840e-01 7.520000e-04 3.661640e-01
499 6.329720e-01 6.880000e-04 3.663400e-01
500 6.328760e-01 6.600000e-04 3.664640e-01
