1 9.991800e-01 7.280000e-04 9.200000e-05
2 9.987320e-01 1.032000e-03 2.360000e-04
3 9.981320e-01 1.432000e-03 4.360000e-04
4 9.975080e-01 1.744000e-03 7.480000e-04
5 9.967920e-01 2.116000e-03 1.092000e-03
6 9.959240e-01 2.596000e-03 1.480000e-03
7 9.949720e-01 3.072000e-03 1.956000e-03
8 9.940000e-01 3.452000e-03 2.548000e-03
9 9.929880e-01 3.904000e-03 3.108000e-03
10 9.918320e-01 4.328000e-03 3.840000e-03
11 9.905680e-01 4.844000e-03 4.588000e-03
12 9.892040e-01 5.352000e-03 5.444000e-03
13 9.879200e-01 5.600000e-03 6.480000e-03
14 9.865720e-01 5.912000e-03 7.516000e-03
15 9.850760e-01 6.360000e-03 8.564000e-03
16 9.836480e-01 6.700000e-03 9.652000e-03
17 9.822000e-01 6.884000e-03 1.091600e-02
18 9.807880e-01 7.140000e-03 1.207200e-02
19 9.794000e-01 7.264000e-03 1.333600e-02
20 9.777600e-01 7.644000e-03 1.459600e-02
21 9.761480e-01 7.880000e-03 1.597200e-02
22 9.744360e-01 8.200000e-03 1.736400e-02
23 9.728880e-01 8.184000e-03 1.892800e-02
24 9.712640e-01 8.524000e-03 2.021200e-02
25 9.697840e-01 8.480000e-03 2.173600e-02
26 9.683640e-01 8.428000e-03 2.320800e-02
27 9.668400e-01 8.512000e-03 2.464800e-02
28 9.653200e-01 8.452000e-03 2.622800e-02
29 9.636600e-01 8.700000e-03 2.764000e-02
30 9.620520e-01 8.692000e-03 2.925600e-02
31 9.603320e-01 8.876000e-03 3.079200e-02
32 9.586440e-01 8.972000e-03 3.238400e-02
33 9.573120e-01 8.884000e-03 3.380400e-02
34 9.558040e-01 8.796000e-03 3.540000e-02
35 9.543280e-01 8.776000e-03 3.689600e-02
36 9.528400e-01 8.764000e-03 3.839600e-02
37 9.513280e-01 8.752000e-03 3.992000e-02
38 9.497960e-01 8.788000e-03 4.141600e-02
39 9.482480e-01 8.880000e-03 4.287200e-02
40 9.467440e-01 8.868000e-03 4.438800e-02
41 9.450680e-01 9.028000e-03 4.590400e-02
42 9.431720e-01 9.308000e-03 4.752000e-02
43 9.417160e-01 9.084000e-03 4.920000e-02
44 9.399720e-01 9.264000e-03 5.076400e-02
45 9.381680e-01 9.368000e-03 5.246400e-02
46 9.364360e-01 9.452000e-03 5.411200e-02
47 9.348280e-01 9.364000e-03 5.580800e-02
48 9.331960e-01 9.404000e-03 5.740000e-02
49 9.317040e-01 9.232000e-03 5.906400e-02
50 9.302240e-01 8.996000e-03 6.078000e-02
51 9.288600e-01 8.916000e-03 6.222400e-02
52 9.272600e-01 8.972000e-03 6.376800e-02
53 9.257280e-01 8.940000e-03 6.533200e-02
54 9.240240e-01 9.068000e-03 6.690800e-02
55 9.224440e-01 9.040000e-03 6.851600e-02
56 9.207760e-01 9.232000e-03 6.999200e-02
57 9.191680e-01 9.204000e-03 7.162800e-02
58 9.177040e-01 8.984000e-03 7.331200e-02
59 9.162280e-01 8.896000e-03 7.487600e-02
60 9.147160e-01 8.836000e-03 7.644800e-02
61 9.130240e-01 8.976000e-03 7.800000e-02
62 9.114160e-01 9.088000e-03 7.949600e-02
63 9.098600e-01 9.108000e-03 8.103200e-02
64 9.082080e-01 9.184000e-03 8.260800e-02
65 9.066160e-01 9.236000e-03 8.414800e-02
66 9.050800e-01 9.156000e-03 8.576400e-02
67 9.036480e-01 8.860000e-03 8.749200e-02
68 9.020480e-01 8.812000e-03 8.914000e-02
69 9.005120e-01 8.752000e-03 9.073600e-02
70 8.988920e-01 8.796000e-03 9.231200e-02
71 8.973840e-01 8.748000e-03 9.386800e-02
72 8.958040e-01 8.760000e-03 9.543600e-02
73 8.942440e-01 8.724000e-03 9.703200e-02
74 8.926320e-01 8.980000e-03 9.838800e-02
75 8.909920e-01 9.120000e-03 9.988800e-02
76 8.893320e-01 9.208000e-03 1.014600e-01
77 8.876360e-01 9.280000e-03 1.030840e-01
78 8.860240e-01 9.348000e-03 1.046280e-01
79 8.844240e-01 9.344000e-03 1.062320e-01
80 8.826800e-01 9.468000e-03 1.078520e-01
81 8.810960e-01 9.460000e-03 1.094440e-01
82 8.795160e-01 9.368000e-03 1.111160e-01
83 8.777200e-01 9.548000e-03 1.127320e-01
84 8.761720e-01 9.452000e-03 1.143760e-01
85 8.745360e-01 9.452000e-03 1.160120e-01
86 8.728280e-01 9.384000e-03 1.177880e-01
87 8.710760e-01 9.428000e-03 1.194960e-01
88 8.693800e-01 9.520000e-03 1.211000e-01
89 8.679200e-01 9.492000e-03 1.225880e-01
90 8.662960e-01 9.436000e-03 1.242680e-01
91 8.647680e-01 9.312000e-03 1.259200e-01
92 8.632000e-01 9.340000e-03 1.274600e-01
93 8.616800e-01 9.204000e-03 1.291160e-01
94 8.602760e-01 9.092000e-03 1.306320e-01
95 8.587800e-01 9.056000e-03 1.321640e-01
96 8.572120e-01 9.164000e-03 1.336240e-01
97 8.556480e-01 9.184000e-03 1.351680e-01
98 8.540880e-01 9.036000e-03 1.368760e-01
99 8.526120e-01 8.904000e-03 1.384840e-01
100 8.509880e-01 8.832000e-03 1.401800e-01
101 8.495200e-01 8.868000e-03 1.416120e-01
102 8.479920e-01 8.968000e-03 1.430400e-01
103 8.463920e-01 8.964000e-03 1.446440e-01
104 8.450240e-01 8.860000e-03 1.461160e-01
105 8.434320e-01 8.920000e-03 1.476480e-01
106 8.418840e-01 8.960000e-03 1.491560e-01
107 8.404440e-01 8.804000e-03 1.507520e-01
108 8.389680e-01 8.652000e-03 1.523800e-01
109 8.374760e-01 8.584000e-03 1.539400e-01
110 8.361040e-01 8.564000e-03 1.553320e-01
111 8.347760e-01 8.412000e-03 1.568120e-01
112 8.335320e-01 8.168000e-03 1.583000e-01
113 8.322960e-01 8.088000e-03 1.596160e-01
114 8.309480e-01 8.180000e-03 1.608720e-01
115 8.296120e-01 8.156000e-03 1.622320e-01
116 8.283240e-01 8.056000e-03 1.636200e-01
117 8.268600e-01 8.208000e-03 1.649320e-01
118 8.255440e-01 8.180000e-03 1.662760e-01
119 8.240800e-01 8.220000e-03 1.677000e-01
120 8.224720e-01 8.412000e-03 1.691160e-01
121 8.210040e-01 8.320000e-03 1.706760e-01
122 8.195600e-01 8.304000e-03 1.721360e-01
123 8.180840e-01 8.360000e-03 1.735560e-01
124 8.167680e-01 8.180000e-03 1.750520e-01
125 8.155280e-01 7.952000e-03 1.765200e-01
126 8.141760e-01 7.908000e-03 1.779160e-01
127 8.128160e-01 7.928000e-03 1.792560e-01
128 8.115760e-01 7.948000e-03 1.804760e-01
129 8.103240e-01 7.872000e-03 1.818040e-01
130 8.090000e-01 7.816000e-03 1.831840e-01
131 8.077240e-01 7.652000e-03 1.846240e-01
132 8.064760e-01 7.592000e-03 1.859320e-01
133 8.052760e-01 7.612000e-03 1.871120e-01
134 8.039720e-01 7.576000e-03 1.884520e-01
135 8.027360e-01 7.404000e-03 1.898600e-01
136 8.016120e-01 7.184000e-03 1.912040e-01
137 8.004840e-01 7.004000e-03 1.925120e-01
138 7.992400e-01 7.036000e-03 1.937240e-01
139 7.980440e-01 7.076000e-03 1.948800e-01
140 7.968040e-01 7.100000e-03 1.960960e-01
141 7.955680e-01 7.148000e-03 1.972840e-01
142 7.942360e-01 7.324000e-03 1.984400e-01
143 7.930320e-01 7.196000e-03 1.997720e-01
144 7.918520e-01 7.104000e-03 2.010440e-01
145 7.907200e-01 7.168000e-03 2.021120e-01
146 7.894560e-01 7.188000e-03 2.033560e-01
147 7.882560e-01 7.068000e-03 2.046760e-01
148 7.870760e-01 7.028000e-03 2.058960e-01
149 7.859840e-01 6.880000e-03 2.071360e-01
150 7.849360e-01 6.716000e-03 2.083480e-01
151 7.838720e-01 6.616000e-03 2.095120e-01
152 7.828760e-01 6.408000e-03 2.107160e-01
153 7.817640e-01 6.300000e-03 2.119360e-01
154 7.808240e-01 6.128000e-03 2.130480e-01
155 7.796400e-01 6.144000e-03 2.142160e-01
156 7.786400e-01 6.112000e-03 2.152480e-01
157 7.776680e-01 6.044000e-03 2.162880e-01
158 7.765840e-01 6.200000e-03 2.172160e-01
159 7.755360e-01 6.164000e-03 2.183000e-01
160 7.745440e-01 6.116000e-03 2.193400e-01
161 7.735200e-01 6.040000e-03 2.204400e-01
162 7.723520e-01 6.104000e-03 2.215440e-01
163 7.712960e-01 6.136000e-03 2.225680e-01
164 7.702880e-01 6.112000e-03 2.236000e-01
165 7.693040e-01 5.940000e-03 2.247560e-01
166 7.683000e-01 5.880000e-03 2.258200e-01
167 7.671600e-01 6.000000e-03 2.268400e-01
168 7.661760e-01 5.840000e-03 2.279840e-01
169 7.650760e-01 5.852000e-03 2.290720e-01
170 7.640440e-01 5.812000e-03 2.301440e-01
171 7.631840e-01 5.604000e-03 2.312120e-01
172 7.622240e-01 5.576000e-03 2.322000e-01
173 7.612520e-01 5.552000e-03 2.331960e-01
174 7.602440e-01 5.452000e-03 2.343040e-01
175 7.592880e-01 5.508000e-03 2.352040e-01
176 7.583920e-01 5.456000e-03 2.361520e-01
177 7.573160e-01 5.588000e-03 2.370960e-01
178 7.561720e-01 5.808000e-03 2.380200e-01
179 7.549840e-01 5.936000e-03 2.390800e-01
180 7.540240e-01 5.852000e-03 2.401240e-01
181 7.530680e-01 5.800000e-03 2.411320e-01
182 7.520200e-01 5.844000e-03 2.421360e-01
183 7.509640e-01 5.996000e-03 2.430400e-01
184 7.500280e-01 5.884000e-03 2.440880e-01
185 7.489160e-01 5.952000e-03 2.451320e-01
186 7.479040e-01 5.992000e-03 2.461040e-01
187 7.469160e-01 5.948000e-03 2.471360e-01
188 7.457840e-01 6.000000e-03 2.482160e-01
189 7.447360e-01 6.076000e-03 2.491880e-01
190 7.436720e-01 6.056000e-03 2.502720e-01
191 7.425120e-01 6.048000e-03 2.514400e-01
192 7.414880e-01 6.048000e-03 2.524640e-01
193 7.403920e-01 6.160000e-03 2.534480e-01
194 7.393720e-01 6.096000e-03 2.545320e-01
195 7.383680e-01 6.060000e-03 2.555720e-01
196 7.373200e-01 6.080000e-03 2.566000e-01
197 7.363520e-01 5.992000e-03 2.576560e-01
198 7.351960e-01 6.176000e-03 2.586280e-01
199 7.342280e-01 6.012000e-03 2.597600e-01
200 7.331960e-01 5.956000e-03 2.608480e-01
201 7.323320e-01 5.640000e-03 2.620280e-01
202 7.314560e-01 5.480000e-03 2.630640e-01
203 7.305720e-01 5.464000e-03 2.639640e-01
204 7.296840e-01 5.400000e-03 2.649160e-01
205 7.288320e-01 5.264000e-03 2.659040e-01
206 7.278880e-01 5.352000e-03 2.667600e-01
207 7.270960e-01 5.180000e-03 2.677240e-01
208 7.262400e-01 5.248000e-03 2.685120e-01
209 7.253960e-01 5.168000e-03 2.694360e-01
210 7.246240e-01 4.992000e-03 2.703840e-01
211 7.238480e-01 4.932000e-03 2.712200e-01
212 7.231000e-01 4.812000e-03 2.720880e-01
213 7.223200e-01 4.788000e-03 2.728920e-01
214 7.214880e-01 4.784000e-03 2.737280e-01
215 7.206200e-01 4.812000e-03 2.745680e-01
216 7.198440e-01 4.780000e-03 2.753760e-01
217 7.190880e-01 4.628000e-03 2.762840e-01
218 7.183280e-01 4.512000e-03 2.771600e-01
219 7.175280e-01 4.560000e-03 2.779120e-01
220 7.168160e-01 4.492000e-03 2.786920e-01
221 7.160640e-01 4.524000e-03 2.794120e-01
222 7.152680e-01 4.588000e-03 2.801440e-01
223 7.145160e-01 4.596000e-03 2.808880e-01
224 7.137720e-01 4.504000e-03 2.817240e-01
225 7.130240e-01 4.480000e-03 2.824960e-01
226 7.124240e-01 4.288000e-03 2.832880e-01
227 7.118160e-01 4.120000e-03 2.840640e-01
228 7.111920e-01 4.068000e-03 2.847400e-01
229 7.105960e-01 3.940000e-03 2.854640e-01
230 7.100200e-01 3.824000e-03 2.861560e-01
231 7.094480e-01 3.756000e-03 2.867960e-01
232 7.088560e-01 3.664000e-03 2.874800e-01
233 7.083520e-01 3.520000e-03 2.881280e-01
234 7.078360e-01 3.416000e-03 2.887480e-01
235 7.073120e-01 3.340000e-03 2.893480e-01
236 7.068680e-01 3.228000e-03 2.899040e-01
237 7.062520e-01 3.328000e-03 2.904200e-01
238 7.057400e-01 3.220000e-03 2.910400e-01
239 7.051440e-01 3.208000e-03 2.916480e-01
240 7.046600e-01 3.120000e-03 2.922200e-01
241 7.041480e-01 3.124000e-03 2.927280e-01
242 7.035680e-01 3.188000e-03 2.932440e-01
243 7.030120e-01 3.112000e-03 2.938760e-01
244 7.025480e-01 3.068000e-03 2.943840e-01
245 7.020760e-01 2.964000e-03 2.949600e-01
246 7.016400e-01 2.900000e-03 2.954600e-01
247 7.012080e-01 2.804000e-03 2.959880e-01
248 7.007840e-01 2.812000e-03 2.964040e-01
249 7.003280e-01 2.824000e-03 2.968480e-01
250 6.998600e-01 2.808000e-03 2.973320e-01
251 6.993480e-01 2.788000e-03 2.978640e-01
252 6.988440e-01 2.860000e-03 2.982960e-01
253 6.982520e-01 2.948000e-03 2.988000e-01
254 6.977600e-01 2.956000e-03 2.992840e-01
255 6.972280e-01 2.956000e-03 2.998160e-01
256 6.967680e-01 2.880000e-03 3.003520e-01
257 6.962600e-01 2.948000e-03 3.007920e-01
258 6.958560e-01 2.796000e-03 3.013480e-01
259 6.954800e-01 2.664000e-03 3.018560e-01
260 6.951120e-01 2.576000e-03 3.023120e-01
261 6.947040e-01 2.532000e-03 3.027640e-01
262 6.942880e-01 2.500000e-03 3.032120e-01
263 6.939520e-01 2.384000e-03 3.036640e-01
264 6.934880e-01 2.464000e-03 3.040480e-01
265 6.930520e-01 2.436000e-03 3.045120e-01
266 6.925880e-01 2.492000e-03 3.049200e-01
267 6.921520e-01 2.528000e-03 3.053200e-01
268 6.917200e-01 2.552000e-03 3.057280e-01
269 6.913200e-01 2.588000e-03 3.060920e-01
270 6.908200e-01 2.584000e-03 3.065960e-01
271 6.903600e-01 2.616000e-03 3.070240e-01
272 6.899040e-01 2.644000e-03 3.074520e-01
273 6.893480e-01 2.652000e-03 3.080000e-01
274 6.888120e-01 2.752000e-03 3.084360e-01
275 6.882160e-01 2.860000e-03 3.089240e-01
276 6.876800e-01 2.864000e-03 3.094560e-01
277 6.870720e-01 2.932000e-03 3.099960e-01
278 6.865480e-01 3.000000e-03 3.104520e-01
279 6.859920e-01 3.012000e-03 3.109960e-01
280 6.854400e-01 3.088000e-03 3.114720e-01
281 6.849000e-01 3.108000e-03 3.119920e-01
282 6.843920e-01 3.060000e-03 3.125480e-01
283 6.839800e-01 2.936000e-03 3.130840e-01
284 6.836080e-01 2.848000e-03 3.135440e-01
285 6.830680e-01 2.936000e-03 3.139960e-01
286 6.826520e-01 2.884000e-03 3.144640e-01
287 6.822320e-01 2.792000e-03 3.149760e-01
288 6.817600e-01 2.788000e-03 3.154520e-01
289 6.813320e-01 2.740000e-03 3.159280e-01
290 6.809520e-01 2.612000e-03 3.164360e-01
291 6.805480e-01 2.532000e-03 3.169200e-01
292 6.801640e-01 2.500000e-03 3.173360e-01
293 6.798000e-01 2.492000e-03 3.177080e-01
294 6.793280e-01 2.592000e-03 3.180800e-01
295 6.789480e-01 2.528000e-03 3.185240e-01
296 6.784960e-01 2.580000e-03 3.189240e-01
297 6.780240e-01 2.616000e-03 3.193600e-01
298 6.775960e-01 2.540000e-03 3.198640e-01
299 6.771440e-01 2.532000e-03 3.203240e-01
300 6.767320e-01 2.520000e-03 3.207480e-01
301 6.763560e-01 2.492000e-03 3.211520e-01
302 6.759920e-01 2.436000e-03 3.215720e-01
303 6.756920e-01 2.328000e-03 3.219800e-01
304 6.754240e-01 2.180000e-03 3.223960e-01
305 6.750800e-01 2.200000e-03 3.227200e-01
306 6.747720e-01 2.156000e-03 3.230720e-01
307 6.744440e-01 2.116000e-03 3.234400e-01
308 6.741080e-01 2.120000e-03 3.237720e-01
309 6.737920e-01 2.032000e-03 3.241760e-01
310 6.735400e-01 1.924000e-03 3.245360e-01
311 6.732040e-01 1.948000e-03 3.248480e-01
312 6.729280e-01 1.880000e-03 3.251920e-01
313 6.726760e-01 1.880000e-03 3.254440e-01
314 6.724480e-01 1.756000e-03 3.257960e-01
315 6.721400e-01 1.724000e-03 3.261360e-01
316 6.718560e-01 1.692000e-03 3.264520e-01
317 6.715840e-01 1.708000e-03 3.267080e-01
318 6.713240e-01 1.672000e-03 3.270040e-01
319 6.710680e-01 1.632000e-03 3.273000e-01
320 6.708840e-01 1.528000e-03 3.275880e-01
321 6.706320e-01 1.536000e-03 3.278320e-01
322 6.703960e-01 1.532000e-03 3.280720e-01
323 6.701200e-01 1.548000e-03 3.283320e-01
324 6.698320e-01 1.552000e-03 3.286160e-01
325 6.695200e-01 1.584000e-03 3.288960e-01
326 6.692960e-01 1.564000e-03 3.291400e-01
327 6.690560e-01 1.504000e-03 3.294400e-01
328 6.688480e-01 1.404000e-03 3.297480e-01
329 6.685920e-01 1.388000e-03 3.300200e-01
330 6.683640e-01 1.332000e-03 3.303040e-01
331 6.681040e-01 1.364000e-03 3.305320e-01
332 6.678200e-01 1.428000e-03 3.307520e-01
333 6.675800e-01 1.412000e-03 3.310080e-01
334 6.673200e-01 1.444000e-03 3.312360e-01
335 6.670800e-01 1.408000e-03 3.315120e-01
336 6.668080e-01 1.436000e-03 3.317560e-01
337 6.665440e-01 1.456000e-03 3.320000e-01
338 6.662800e-01 1.456000e-03 3.322640e-01
339 6.659240e-01 1.536000e-03 3.325400e-01
340 6.656760e-01 1.500000e-03 3.328240e-01
341 6.653840e-01 1.512000e-03 3.331040e-01
342 6.650800e-01 1.568000e-03 3.333520e-01
343 6.647760e-01 1.612000e-03 3.336120e-01
344 6.644280e-01 1.688000e-03 3.338840e-01
345 6.641160e-01 1.668000e-03 3.342160e-01
346 6.637560e-01 1.712000e-03 3.345320e-01
347 6.634560e-01 1.668000e-03 3.348760e-01
348 6.632040e-01 1.628000e-03 3.351680e-01
349 6.629840e-01 1.580000e-03 3.354360e-01
350 6.627920e-01 1.448000e-03 3.357600e-01
351 6.625840e-01 1.452000e-03 3.359640e-01
352 6.623800e-01 1.376000e-03 3.362440e-01
353 6.621760e-01 1.332000e-03 3.364920e-01
354 6.619200e-01 1.364000e-03 3.367160e-01
355 6.616920e-01 1.360000e-03 3.369480e-01
356 6.614080e-01 1.400000e-03 3.371920e-01
357 6.611640e-01 1.352000e-03 3.374840e-01
358 6.608920e-01 1.396000e-03 3.377120e-01
359 6.606640e-01 1.396000e-03 3.379400e-01
360 6.604000e-01 1.400000e-03 3.382000e-01
361 6.601680e-01 1.340000e-03 3.384920e-01
362 6.599120e-01 1.352000e-03 3.387360e-01
363 6.596640e-01 1.364000e-03 3.389720e-01
364 6.593760e-01 1.396000e-03 3.392280e-01
365 6.591440e-01 1.440000e-03 3.394160e-01
366 6.589480e-01 1.292000e-03 3.397600e-01
367 6.587120e-01 1.352000e-03 3.399360e-01
368 6.585000e-01 1.304000e-03 3.401960e-01
369 6.582320e-01 1.320000e-03 3.404480e-01
370 6.579760e-01 1.324000e-03 3.407000e-01
371 6.577240e-01 1.356000e-03 3.409200e-01
372 6.574760e-01 1.364000e-03 3.411600e-01
373 6.572520e-01 1.348000e-03 3.414000e-01
374 6.570760e-01 1.280000e-03 3.416440e-01
375 6.568320e-01 1.340000e-03 3.418280e-01
376 6.566160e-01 1.352000e-03 3.420320e-01
377 6.563600e-01 1.380000e-03 3.422600e-01
378 6.561120e-01 1.384000e-03 3.425040e-01
379 6.558840e-01 1.400000e-03 3.427160e-01
380 6.556600e-01 1.412000e-03 3.429280e-01
381 6.554040e-01 1.464000e-03 3.431320e-01
382 6.551240e-01 1.504000e-03 3.433720e-01
383 6.548240e-01 1.560000e-03 3.436160e-01
384 6.545160e-01 1.556000e-03 3.439280e-01
385 6.543360e-01 1.488000e-03 3.441760e-01
386 6.541280e-01 1.440000e-03 3.444320e-01
387 6.539240e-01 1.404000e-03 3.446720e-01
388 6.537520e-01 1.316000e-03 3.449320e-01
389 6.535840e-01 1.296000e-03 3.451200e-01
390 6.533840e-01 1.280000e-03 3.453360e-01
391 6.531520e-01 1.300000e-03 3.455480e-01
392 6.529640e-01 1.272000e-03 3.457640e-01
393 6.528040e-01 1.212000e-03 3.459840e-01
394 6.526240e-01 1.228000e-03 3.461480e-01
395 6.524520e-01 1.152000e-03 3.463960e-01
396 6.522720e-01 1.172000e-03 3.465560e-01
397 6.520920e-01 1.176000e-03 3.467320e-01
398 6.518960e-01 1.196000e-03 3.469080e-01
399 6.517360e-01 1.160000e-03 3.471040e-01
400 6.515600e-01 1.144000e-03 3.472960e-01
401 6.513920e-01 1.124000e-03 3.474840e-01
402 6.512520e-01 1.076000e-03 3.476720e-01
403 6.511000e-01 1.020000e-03 3.478800e-01
404 6.509440e-01 1.000000e-03 3.480560e-01
405 6.508000e-01 9.640000e-04 3.482360e-01
406 6.506560e-01 9.320000e-04 3.484120e-01
407 6.505040e-01 9.400000e-04 3.485560e-01
408 6.504360e-01 8.640000e-04 3.487000e-01
409 6.502960e-01 8.640000e-04 3.488400e-01
410 6.502320e-01 7.720000e-04 3.489960e-01
411 6.500960e-01 7.640000e-04 3.491400e-01
412 6.500040e-01 6.880000e-04 3.493080e-01
413 6.499040e-01 6.600000e-04 3.494360e-01
414 6.498040e-01 6.320000e-04 3.495640e-01
415 6.497160e-01 6.160000e-04 3.496680e-01
416 6.496000e-01 6.320000e-04 3.497680e-01
417 6.494880e-01 6.600000e-04 3.498520e-01
418 6.493600e-01 6.760000e-04 3.499640e-01
419 6.492480e-01 6.680000e-04 3.500840e-01
420 6.491760e-01 6.360000e-04 3.501880e-01
421 6.490480e-01 6.560000e-04 3.502960e-01
422 6.489400e-01 6.560000e-04 3.504040e-01
423 6.488800e-01 6.040000e-04 3.505160e-01
424 6.488160e-01 5.600000e-04 3.506240e-01
425 6.487480e-01 5.320000e-04 3.507200e-01
426 6.486520e-01 5.240000e-04 3.508240e-01
427 6.485800e-01 4.960000e-04 3.509240e-01
428 6.485120e-01 4.720000e-04 3.510160e-01
429 6.484600e-01 4.280000e-04 3.511120e-01
430 6.484160e-01 4.120000e-04 3.511720e-01
431 6.483720e-01 3.880000e-04 3.512400e-01
432 6.483000e-01 4.120000e-04 3.512880e-01
433 6.482200e-01 4.520000e-04 3.513280e-01
434 6.481400e-01 4.240000e-04 3.514360e-01
435 6.481040e-01 3.640000e-04 3.515320e-01
436 6.480640e-01 3.440000e-04 3.515920e-01
437 6.480160e-01 3.360000e-04 3.516480e-01
438 6.479640e-01 3.400000e-04 3.516960e-01
439 6.479440e-01 2.720000e-04 3.517840e-01
440 6.479280e-01 2.640000e-04 3.518080e-01
441 6.478640e-01 2.920000e-04 3.518440e-01
442 6.478160e-01 2.960000e-04 3.518880e-01
443 6.477800e-01 2.640000e-04 3.519560e-01
444 6.477680e-01 2.280000e-04 3.520040e-01
445 6.477400e-01 2.440000e-04 3.520160e-01
446 6.476680e-01 2.880000e-04 3.520440e-01
447 6.476000e-01 2.920000e-04 3.521080e-01
448 6.475360e-01 3.000000e-04 3.521640e-01
449 6.474920e-01 3.160000e-04 3.521920e-01
450 6.474480e-01 3.080000e-04 3.522440e-01
451 6.474040e-01 2.840000e-04 3.523120e-01
452 6.473880e-01 2.400000e-04 3.523720e-01
453 6.473440e-01 2.560000e-04 3.524000e-01
454 6.473160e-01 2.520000e-04 3.524320e-01
455 6.473040e-01 1.880000e-04 3.525080e-01
456 6.472840e-01 1.760000e-04 3.525400e-01
457 6.472680e-01 1.640000e-04 3.525680e-01
458 6.472560e-01 1.520000e-04 3.525920e-01
459 6.472280e-01 1.640000e-04 3.526080e-01
460 6.472040e-01 1.560000e-04 3.526400e-01
461 6.471800e-01 1.560000e-04 3.526640e-01
462 6.471680e-01 1.280000e-04 3.527040e-01
463 6.471520e-01 1.120000e-04 3.527360e-01
464 6.471360e-01 1.200000e-04 3.527440e-01
465 6.471280e-01 1.080000e-04 3.527640e-01
466 6.471040e-01 1.080000e-04 3.527880e-01
467 6.470880e-01 1.120000e-04 3.528000e-01
468 6.470640e-01 1.120000e-04 3.528240e-01
469 6.470480e-01 9.600000e-05 3.528560e-01
470 6.470160e-01 1.120000e-04 3.528720e-01
471 6.469920e-01 1.200000e-04 3.528880e-01
472 6.469680e-01 1.200000e-04 3.529120e-01
473 6.469360e-01 1.360000e-04 3.529280e-01
474 6.468960e-01 1.560000e-04 3.529480e-01
475 6.468640e-01 1.600000e-04 3.529760e-01
476 6.468320e-01 1.640000e-04 3.530040e-01
477 6.468200e-01 1.520000e-04 3.530280e-01
478 6.468080e-01 1.360000e-04 3.530560e-01
479 6.467680e-01 1.600000e-04 3.530720e-01
480 6.467560e-01 1.480000e-04 3.530960e-01
481 6.467400e-01 1.360000e-04 3.531240e-01
482 6.467240e-01 1.440000e-04 3.531320e-01
483 6.467080e-01 1.360000e-04 3.531560e-01
484 6.466920e-01 1.160000e-04 3.531920e-01
485 6.466840e-01 9.600000e-05 3.532200e-01
486 6.466760e-01 8.800000e-05 3.532360e-01
487 6.466760e-01 7.600000e-05 3.532480e-01
488 6.466600e-01 8.400000e-05 3.532560e-01
489 6.466480e-01 9.200000e-05 3.532600e-01
490 6.466360e-01 8.400000e-05 3.532800e-01
491 6.466120e-01 8.800000e-05 3.533000e-01
492 6.465840e-01 1.120000e-04 3.533040e-01
493 6.465520e-01 1.320000e-04 3.533160e-01
494 6.465200e-01 1.400000e-04 3.533400e-01
495 6.464960e-01 1.400000e-04 3.533640e-01
496 6.464760e-01 1.360000e-04 3.533880e-01
497 6.464640e-01 1.280000e-04 3.534080e-01
498 6.464400e-01 1.480000e-04 3.534120e-01
499 6.464240e-01 1.320000e-04 3.534440e-01
500 6.463840e-01 1.520000e-04 3.534640e-01
