1 9.992600e-01 6.360000e-04 1.040000e-04
2 9.987200e-01 1.032000e-03 2.480000e-04
3 9.982120e-01 1.324000e-03 4.640000e-04
4 9.976200e-01 1.660000e-03 7.200000e-04
5 9.969840e-01 1.920000e-03 1.096000e-03
6 9.964000e-01 2.212000e-03 1.388000e-03
7 9.956920e-01 2.448000e-03 1.860000e-03
8 9.948960e-01 2.760000e-03 2.344000e-03
9 9.941200e-01 3.088000e-03 2.792000e-03
10 9.933360e-01 3.260000e-03 3.404000e-03
11 9.925440e-01 3.476000e-03 3.980000e-03
12 9.916760e-01 3.680000e-03 4.644000e-03
13 9.908000e-01 3.828000e-03 5.372000e-03
14 9.899240e-01 4.000000e-03 6.076000e-03
15 9.889880e-01 4.276000e-03 6.736000e-03
16 9.878800e-01 4.580000e-03 7.540000e-03
17 9.869880e-01 4.744000e-03 8.268000e-03
18 9.859200e-01 5.008000e-03 9.072000e-03
19 9.848560e-01 5.120000e-03 1.002400e-02
20 9.838240e-01 5.228000e-03 1.094800e-02
21 9.827280e-01 5.348000e-03 1.192400e-02
22 9.815720e-01 5.588000e-03 1.284000e-02
23 9.803360e-01 5.836000e-03 1.382800e-02
24 9.791000e-01 6.008000e-03 1.489200e-02
25 9.778920e-01 6.248000e-03 1.586000e-02
26 9.765680e-01 6.480000e-03 1.695200e-02
27 9.753920e-01 6.420000e-03 1.818800e-02
28 9.741200e-01 6.568000e-03 1.931200e-02
29 9.727440e-01 6.900000e-03 2.035600e-02
30 9.713600e-01 7.028000e-03 2.161200e-02
31 9.699760e-01 7.120000e-03 2.290400e-02
32 9.686760e-01 7.040000e-03 2.428400e-02
33 9.673240e-01 7.156000e-03 2.552000e-02
34 9.659960e-01 7.168000e-03 2.683600e-02
35 9.646600e-01 7.276000e-03 2.806400e-02
36 9.631680e-01 7.480000e-03 2.935200e-02
37 9.617720e-01 7.596000e-03 3.063200e-02
38 9.604480e-01 7.656000e-03 3.189600e-02
39 9.590840e-01 7.664000e-03 3.325200e-02
40 9.575800e-01 7.844000e-03 3.457600e-02
41 9.559600e-01 8.092000e-03 3.594800e-02
42 9.543960e-01 8.336000e-03 3.726800e-02
43 9.530000e-01 8.308000e-03 3.869200e-02
44 9.516160e-01 8.288000e-03 4.009600e-02
45 9.500840e-01 8.316000e-03 4.160000e-02
46 9.485400e-01 8.432000e-03 4.302800e-02
47 9.470400e-01 8.380000e-03 4.458000e-02
48 9.454600e-01 8.536000e-03 4.600400e-02
49 9.437800e-01 8.848000e-03 4.737200e-02
50 9.421800e-01 8.888000e-03 4.893200e-02
51 9.406920e-01 8.864000e-03 5.044400e-02
52 9.390800e-01 9.052000e-03 5.186800e-02
53 9.375480e-01 9.080000e-03 5.337200e-02
54 9.359120e-01 9.140000e-03 5.494800e-02
55 9.342360e-01 9.188000e-03 5.657600e-02
56 9.324880e-01 9.368000e-03 5.814400e-02
57 9.309200e-01 9.220000e-03 5.986000e-02
58 9.292920e-01 9.204000e-03 6.150400e-02
59 9.275800e-01 9.340000e-03 6.308000e-02
60 9.257480e-01 9.428000e-03 6.482400e-02
61 9.240640e-01 9.468000e-03 6.646800e-02
62 9.224600e-01 9.404000e-03 6.813600e-02
63 9.208000e-01 9.292000e-03 6.990800e-02
64 9.189000e-01 9.492000e-03 7.160800e-02
65 9.172240e-01 9.444000e-03 7.333200e-02
66 9.154600e-01 9.324000e-03 7.521600e-02
67 9.135960e-01 9.456000e-03 7.694800e-02
68 9.118680e-01 9.452000e-03 7.868000e-02
69 9.102960e-01 9.496000e-03 8.020800e-02
70 9.086520e-01 9.520000e-03 8.182800e-02
71 9.069800e-01 9.512000e-03 8.350800e-02
72 9.052960e-01 9.564000e-03 8.514000e-02
73 9.036600e-01 9.536000e-03 8.680400e-02
74 9.018960e-01 9.708000e-03 8.839600e-02
75 9.000440e-01 9.956000e-03 9.000000e-02
76 8.981960e-01 1.013600e-02 9.166800e-02
77 8.965600e-01 1.004400e-02 9.339600e-02
78 8.947760e-01 9.952000e-03 9.527200e-02
79 8.929920e-01 1.011200e-02 9.689600e-02
80 8.910720e-01 1.033200e-02 9.859600e-02
81 8.893080e-01 1.032400e-02 1.003680e-01
82 8.875120e-01 1.030400e-02 1.021840e-01
83 8.857440e-01 1.020400e-02 1.040520e-01
84 8.839800e-01 1.029600e-02 1.057240e-01
85 8.821280e-01 1.032800e-02 1.075440e-01
86 8.804280e-01 1.033200e-02 1.092400e-01
87 8.786320e-01 1.034400e-02 1.110240e-01
88 8.768600e-01 1.045200e-02 1.126880e-01
89 8.750360e-01 1.043200e-02 1.145320e-01
90 8.732120e-01 1.033600e-02 1.164520e-01
91 8.714080e-01 1.029600e-02 1.182960e-01
92 8.696880e-01 1.018800e-02 1.201240e-01
93 8.680880e-01 9.984000e-03 1.219280e-01
94 8.664080e-01 9.884000e-03 1.237080e-01
95 8.647480e-01 9.824000e-03 1.254280e-01
96 8.630640e-01 9.908000e-03 1.270280e-01
97 8.612120e-01 9.932000e-03 1.288560e-01
98 8.595120e-01 9.944000e-03 1.305440e-01
99 8.577760e-01 9.776000e-03 1.324480e-01
100 8.561320e-01 9.656000e-03 1.342120e-01
101 8.546120e-01 9.544000e-03 1.358440e-01
102 8.530160e-01 9.492000e-03 1.374920e-01
103 8.515360e-01 9.360000e-03 1.391040e-01
104 8.501760e-01 8.980000e-03 1.408440e-01
105 8.487240e-01 8.852000e-03 1.424240e-01
106 8.471440e-01 8.960000e-03 1.438960e-01
107 8.454760e-01 9.096000e-03 1.454280e-01
108 8.438560e-01 9.160000e-03 1.469840e-01
109 8.422680e-01 9.196000e-03 1.485360e-01
110 8.408120e-01 9.016000e-03 1.501720e-01
111 8.392760e-01 8.952000e-03 1.517720e-01
112 8.378200e-01 8.840000e-03 1.533400e-01
113 8.365280e-01 8.508000e-03 1.549640e-01
114 8.350280e-01 8.544000e-03 1.564280e-01
115 8.336200e-01 8.476000e-03 1.579040e-01
116 8.322280e-01 8.436000e-03 1.593360e-01
117 8.306160e-01 8.524000e-03 1.608600e-01
118 8.292160e-01 8.476000e-03 1.623080e-01
119 8.276400e-01 8.524000e-03 1.638360e-01
120 8.259800e-01 8.552000e-03 1.654680e-01
121 8.244720e-01 8.556000e-03 1.669720e-01
122 8.230200e-01 8.552000e-03 1.684280e-01
123 8.215840e-01 8.492000e-03 1.699240e-01
124 8.201120e-01 8.380000e-03 1.715080e-01
125 8.186200e-01 8.356000e-03 1.730240e-01
126 8.171040e-01 8.408000e-03 1.744880e-01
127 8.155680e-01 8.544000e-03 1.758880e-01
128 8.140240e-01 8.552000e-03 1.774240e-01
129 8.124600e-01 8.664000e-03 1.788760e-01
130 8.109400e-01 8.692000e-03 1.803680e-01
131 8.093520e-01 8.756000e-03 1.818920e-01
132 8.078600e-01 8.748000e-03 1.833920e-01
133 8.062560e-01 8.844000e-03 1.849000e-01
134 8.047680e-01 8.736000e-03 1.864960e-01
135 8.031240e-01 8.852000e-03 1.880240e-01
136 8.015840e-01 8.832000e-03 1.895840e-01
137 7.999920e-01 8.928000e-03 1.910800e-01
138 7.986920e-01 8.572000e-03 1.927360e-01
139 7.972920e-01 8.388000e-03 1.943200e-01
140 7.959080e-01 8.088000e-03 1.960040e-01
141 7.945200e-01 7.952000e-03 1.975280e-01
142 7.931600e-01 7.788000e-03 1.990520e-01
143 7.917880e-01 7.892000e-03 2.003200e-01
144 7.903560e-01 7.896000e-03 2.017480e-01
145 7.889920e-01 7.844000e-03 2.031640e-01
146 7.875240e-01 8.048000e-03 2.044280e-01
147 7.860440e-01 8.140000e-03 2.058160e-01
148 7.845760e-01 8.132000e-03 2.072920e-01
149 7.832480e-01 7.940000e-03 2.088120e-01
150 7.817120e-01 8.248000e-03 2.100400e-01
151 7.802880e-01 8.240000e-03 2.114720e-01
152 7.788640e-01 8.112000e-03 2.130240e-01
153 7.774840e-01 8.140000e-03 2.143760e-01
154 7.761640e-01 8.032000e-03 2.158040e-01
155 7.746720e-01 8.124000e-03 2.172040e-01
156 7.731880e-01 8.100000e-03 2.187120e-01
157 7.717880e-01 8.032000e-03 2.201800e-01
158 7.704400e-01 7.996000e-03 2.215640e-01
159 7.691120e-01 7.856000e-03 2.230320e-01
160 7.677240e-01 7.820000e-03 2.244560e-01
161 7.664960e-01 7.528000e-03 2.259760e-01
162 7.653200e-01 7.352000e-03 2.273280e-01
163 7.641080e-01 7.268000e-03 2.286240e-01
164 7.629200e-01 7.192000e-03 2.298880e-01
165 7.617440e-01 7.108000e-03 2.311480e-01
166 7.605160e-01 7.116000e-03 2.323680e-01
167 7.592280e-01 7.108000e-03 2.336640e-01
168 7.580200e-01 7.104000e-03 2.348760e-01
169 7.567640e-01 7.184000e-03 2.360520e-01
170 7.554040e-01 7.324000e-03 2.372720e-01
171 7.540200e-01 7.460000e-03 2.385200e-01
172 7.526400e-01 7.584000e-03 2.397760e-01
173 7.512560e-01 7.608000e-03 2.411360e-01
174 7.500200e-01 7.584000e-03 2.423960e-01
175 7.487040e-01 7.572000e-03 2.437240e-01
176 7.474400e-01 7.508000e-03 2.450520e-01
177 7.461080e-01 7.508000e-03 2.463840e-01
178 7.448960e-01 7.268000e-03 2.478360e-01
179 7.435720e-01 7.360000e-03 2.490680e-01
180 7.423880e-01 7.328000e-03 2.502840e-01
181 7.411560e-01 7.332000e-03 2.515120e-01
182 7.399960e-01 7.256000e-03 2.527480e-01
183 7.387240e-01 7.264000e-03 2.540120e-01
184 7.373600e-01 7.304000e-03 2.553360e-01
185 7.361520e-01 7.220000e-03 2.566280e-01
186 7.348840e-01 7.280000e-03 2.578360e-01
187 7.336880e-01 7.188000e-03 2.591240e-01
188 7.323760e-01 7.292000e-03 2.603320e-01
189 7.311800e-01 7.268000e-03 2.615520e-01
190 7.298800e-01 7.404000e-03 2.627160e-01
191 7.284720e-01 7.440000e-03 2.640880e-01
192 7.271640e-01 7.388000e-03 2.654480e-01
193 7.259160e-01 7.412000e-03 2.666720e-01
194 7.246960e-01 7.388000e-03 2.679160e-01
195 7.233120e-01 7.408000e-03 2.692800e-01
196 7.221240e-01 7.288000e-03 2.705880e-01
197 7.210720e-01 6.988000e-03 2.719400e-01
198 7.200000e-01 6.832000e-03 2.731680e-01
199 7.188000e-01 6.732000e-03 2.744680e-01
200 7.177080e-01 6.620000e-03 2.756720e-01
201 7.166760e-01 6.528000e-03 2.767960e-01
202 7.155440e-01 6.656000e-03 2.778000e-01
203 7.142960e-01 6.704000e-03 2.790000e-01
204 7.131800e-01 6.692000e-03 2.801280e-01
205 7.120120e-01 6.640000e-03 2.813480e-01
206 7.108280e-01 6.644000e-03 2.825280e-01
207 7.096120e-01 6.640000e-03 2.837480e-01
208 7.084560e-01 6.456000e-03 2.850880e-01
209 7.072000e-01 6.464000e-03 2.863360e-01
210 7.062720e-01 6.268000e-03 2.874600e-01
211 7.051560e-01 6.236000e-03 2.886080e-01
212 7.040240e-01 6.376000e-03 2.896000e-01
213 7.028080e-01 6.448000e-03 2.907440e-01
214 7.015760e-01 6.552000e-03 2.918720e-01
215 7.003280e-01 6.732000e-03 2.929400e-01
216 6.991160e-01 6.792000e-03 2.940920e-01
217 6.979120e-01 6.716000e-03 2.953720e-01
218 6.967560e-01 6.676000e-03 2.965680e-01
219 6.956760e-01 6.624000e-03 2.977000e-01
220 6.947480e-01 6.384000e-03 2.988680e-01
221 6.937040e-01 6.280000e-03 3.000160e-01
222 6.926600e-01 6.300000e-03 3.010400e-01
223 6.916800e-01 6.168000e-03 3.021520e-01
224 6.905280e-01 6.216000e-03 3.032560e-01
225 6.893760e-01 6.320000e-03 3.043040e-01
226 6.883040e-01 6.260000e-03 3.054360e-01
227 6.873160e-01 6.280000e-03 3.064040e-01
228 6.863040e-01 6.200000e-03 3.074960e-01
229 6.854320e-01 5.972000e-03 3.085960e-01
230 6.845440e-01 5.816000e-03 3.096400e-01
231 6.837400e-01 5.672000e-03 3.105880e-01
232 6.828920e-01 5.640000e-03 3.114680e-01
233 6.819880e-01 5.528000e-03 3.124840e-01
234 6.811040e-01 5.532000e-03 3.133640e-01
235 6.802440e-01 5.472000e-03 3.142840e-01
236 6.794080e-01 5.280000e-03 3.153120e-01
237 6.785920e-01 5.168000e-03 3.162400e-01
238 6.777200e-01 5.172000e-03 3.171080e-01
239 6.769520e-01 4.992000e-03 3.180560e-01
240 6.761080e-01 5.072000e-03 3.188200e-01
241 6.754560e-01 4.868000e-03 3.196760e-01
242 6.746760e-01 4.816000e-03 3.205080e-01
243 6.738600e-01 4.776000e-03 3.213640e-01
244 6.731040e-01 4.724000e-03 3.221720e-01
245 6.723400e-01 4.576000e-03 3.230840e-01
246 6.715680e-01 4.592000e-03 3.238400e-01
247 6.708480e-01 4.440000e-03 3.247120e-01
248 6.701440e-01 4.408000e-03 3.254480e-01
249 6.694920e-01 4.280000e-03 3.262280e-01
250 6.688400e-01 4.228000e-03 3.269320e-01
251 6.681440e-01 4.140000e-03 3.277160e-01
252 6.674960e-01 4.052000e-03 3.284520e-01
253 6.668880e-01 4.028000e-03 3.290840e-01
254 6.662600e-01 3.956000e-03 3.297840e-01
255 6.656000e-01 3.824000e-03 3.305760e-01
256 6.650000e-01 3.676000e-03 3.313240e-01
257 6.644160e-01 3.580000e-03 3.320040e-01
258 6.637600e-01 3.652000e-03 3.325880e-01
259 6.632000e-01 3.552000e-03 3.332480e-01
260 6.626280e-01 3.544000e-03 3.338280e-01
261 6.621000e-01 3.492000e-03 3.344080e-01
262 6.615360e-01 3.448000e-03 3.350160e-01
263 6.609440e-01 3.388000e-03 3.356680e-01
264 6.603160e-01 3.472000e-03 3.362120e-01
265 6.597360e-01 3.404000e-03 3.368600e-01
266 6.592520e-01 3.328000e-03 3.374200e-01
267 6.587640e-01 3.228000e-03 3.380080e-01
268 6.582040e-01 3.212000e-03 3.385840e-01
269 6.577160e-01 3.076000e-03 3.392080e-01
270 6.572240e-01 3.064000e-03 3.397120e-01
271 6.566960e-01 3.020000e-03 3.402840e-01
272 6.561840e-01 2.996000e-03 3.408200e-01
273 6.556920e-01 2.912000e-03 3.413960e-01
274 6.552240e-01 2.924000e-03 3.418520e-01
275 6.546600e-01 3.032000e-03 3.423080e-01
276 6.540760e-01 3.060000e-03 3.428640e-01
277 6.535040e-01 3.148000e-03 3.433480e-01
278 6.529640e-01 3.196000e-03 3.438400e-01
279 6.523920e-01 3.224000e-03 3.443840e-01
280 6.518800e-01 3.148000e-03 3.449720e-01
281 6.512320e-01 3.348000e-03 3.454200e-01
282 6.507120e-01 3.320000e-03 3.459680e-01
283 6.501080e-01 3.348000e-03 3.465440e-01
284 6.495520e-01 3.304000e-03 3.471440e-01
285 6.490200e-01 3.300000e-03 3.476800e-01
286 6.483960e-01 3.280000e-03 3.483240e-01
287 6.478480e-01 3.284000e-03 3.488680e-01
288 6.473240e-01 3.228000e-03 3.494480e-01
289 6.467920e-01 3.228000e-03 3.499800e-01
290 6.462840e-01 3.132000e-03 3.505840e-01
291 6.457800e-01 3.100000e-03 3.511200e-01
292 6.453000e-01 3.020000e-03 3.516800e-01
293 6.447800e-01 3.048000e-03 3.521720e-01
294 6.442400e-01 3.060000e-03 3.527000e-01
295 6.437160e-01 3.060000e-03 3.532240e-01
296 6.432480e-01 3.052000e-03 3.537000e-01
297 6.427320e-01 3.008000e-03 3.542600e-01
298 6.422160e-01 2.944000e-03 3.548400e-01
299 6.416920e-01 2.916000e-03 3.553920e-01
300 6.412520e-01 2.872000e-03 3.558760e-01
301 6.407600e-01 2.792000e-03 3.564480e-01
302 6.402640e-01 2.788000e-03 3.569480e-01
303 6.398520e-01 2.660000e-03 3.574880e-01
304 6.394120e-01 2.628000e-03 3.579600e-01
305 6.390400e-01 2.512000e-03 3.584480e-01
306 6.386440e-01 2.492000e-03 3.588640e-01
307 6.382600e-01 2.456000e-03 3.592840e-01
308 6.378360e-01 2.468000e-03 3.596960e-01
309 6.373920e-01 2.460000e-03 3.601480e-01
310 6.370480e-01 2.320000e-03 3.606320e-01
311 6.366520e-01 2.344000e-03 3.610040e-01
312 6.362640e-01 2.348000e-03 3.613880e-01
313 6.358760e-01 2.364000e-03 3.617600e-01
314 6.355160e-01 2.276000e-03 3.622080e-01
315 6.352160e-01 2.148000e-03 3.626360e-01
316 6.347760e-01 2.176000e-03 3.630480e-01
317 6.344120e-01 2.148000e-03 3.634400e-01
318 6.340040e-01 2.212000e-03 3.637840e-01
319 6.336640e-01 2.236000e-03 3.641000e-01
320 6.333160e-01 2.212000e-03 3.644720e-01
321 6.329560e-01 2.180000e-03 3.648640e-01
322 6.325080e-01 2.268000e-03 3.652240e-01
323 6.321480e-01 2.212000e-03 3.656400e-01
324 6.317440e-01 2.264000e-03 3.659920e-01
325 6.314520e-01 2.192000e-03 3.663560e-01
326 6.311760e-01 2.124000e-03 3.667000e-01
327 6.308320e-01 2.160000e-03 3.670080e-01
328 6.304480e-01 2.164000e-03 3.673880e-01
329 6.300840e-01 2.160000e-03 3.677560e-01
330 6.298000e-01 2.092000e-03 3.681080e-01
331 6.295000e-01 2.084000e-03 3.684160e-01
332 6.292080e-01 1.996000e-03 3.687960e-01
333 6.289320e-01 1.908000e-03 3.691600e-01
334 6.286360e-01 1.812000e-03 3.695520e-01
335 6.283160e-01 1.808000e-03 3.698760e-01
336 6.279840e-01 1.840000e-03 3.701760e-01
337 6.276920e-01 1.844000e-03 3.704640e-01
338 6.274040e-01 1.840000e-03 3.707560e-01
339 6.271160e-01 1.764000e-03 3.711200e-01
340 6.269160e-01 1.668000e-03 3.714160e-01
341 6.266960e-01 1.600000e-03 3.717040e-01
342 6.264520e-01 1.564000e-03 3.719840e-01
343 6.262080e-01 1.516000e-03 3.722760e-01
344 6.259040e-01 1.564000e-03 3.725320e-01
345 6.256240e-01 1.528000e-03 3.728480e-01
346 6.253760e-01 1.500000e-03 3.731240e-01
347 6.251520e-01 1.472000e-03 3.733760e-01
348 6.249320e-01 1.476000e-03 3.735920e-01
349 6.247080e-01 1.424000e-03 3.738680e-01
350 6.245000e-01 1.424000e-03 3.740760e-01
351 6.242920e-01 1.356000e-03 3.743520e-01
352 6.240840e-01 1.244000e-03 3.746720e-01
353 6.238640e-01 1.268000e-03 3.748680e-01
354 6.237200e-01 1.216000e-03 3.750640e-01
355 6.235040e-01 1.216000e-03 3.752800e-01
356 6.233520e-01 1.152000e-03 3.754960e-01
357 6.231680e-01 1.140000e-03 3.756920e-01
358 6.229440e-01 1.152000e-03 3.759040e-01
359 6.227440e-01 1.164000e-03 3.760920e-01
360 6.225520e-01 1.124000e-03 3.763240e-01
361 6.223840e-01 1.068000e-03 3.765480e-01
362 6.221840e-01 1.124000e-03 3.766920e-01
363 6.220080e-01 1.108000e-03 3.768840e-01
364 6.217720e-01 1.136000e-03 3.770920e-01
365 6.215200e-01 1.208000e-03 3.772720e-01
366 6.213040e-01 1.212000e-03 3.774840e-01
367 6.210760e-01 1.256000e-03 3.776680e-01
368 6.208440e-01 1.280000e-03 3.778760e-01
369 6.206160e-01 1.288000e-03 3.780960e-01
370 6.204040e-01 1.264000e-03 3.783320e-01
371 6.202280e-01 1.152000e-03 3.786200e-01
372 6.200760e-01 1.120000e-03 3.788040e-01
373 6.198680e-01 1.176000e-03 3.789560e-01
374 6.196640e-01 1.160000e-03 3.791760e-01
375 6.195280e-01 1.084000e-03 3.793880e-01
376 6.194120e-01 1.028000e-03 3.795600e-01
377 6.192360e-01 1.016000e-03 3.797480e-01
378 6.190880e-01 1.000000e-03 3.799120e-01
379 6.189640e-01 9.120000e-04 3.801240e-01
380 6.188040e-01 8.600000e-04 3.803360e-01
381 6.186200e-01 8.880000e-04 3.804920e-01
382 6.184200e-01 9.280000e-04 3.806520e-01
383 6.182720e-01 9.280000e-04 3.808000e-01
384 6.180960e-01 9.760000e-04 3.809280e-01
385 6.178640e-01 1.036000e-03 3.811000e-01
386 6.176880e-01 1.044000e-03 3.812680e-01
387 6.175320e-01 1.020000e-03 3.814480e-01
388 6.173080e-01 1.092000e-03 3.816000e-01
389 6.170800e-01 1.152000e-03 3.817680e-01
390 6.168320e-01 1.220000e-03 3.819480e-01
391 6.166640e-01 1.140000e-03 3.821960e-01
392 6.164840e-01 1.156000e-03 3.823600e-01
393 6.163160e-01 1.124000e-03 3.825600e-01
394 6.161680e-01 1.060000e-03 3.827720e-01
395 6.160120e-01 9.800000e-04 3.830080e-01
396 6.158720e-01 9.640000e-04 3.831640e-01
397 6.157240e-01 9.640000e-04 3.833120e-01
398 6.155320e-01 9.840000e-04 3.834840e-01
399 6.153200e-01 1.024000e-03 3.836560e-01
400 6.151400e-01 9.800000e-04 3.838800e-01
401 6.149920e-01 9.320000e-04 3.840760e-01
402 6.148480e-01 9.200000e-04 3.842320e-01
403 6.146440e-01 9.400000e-04 3.844160e-01
404 6.144880e-01 9.120000e-04 3.846000e-01
405 6.143320e-01 9.400000e-04 3.847280e-01
406 6.142040e-01 8.840000e-04 3.849120e-01
407 6.139960e-01 9.480000e-04 3.850560e-01
408 6.138040e-01 9.920000e-04 3.852040e-01
409 6.136480e-01 1.000000e-03 3.853520e-01
410 6.135400e-01 9.080000e-04 3.855520e-01
411 6.134080e-01 9.120000e-04 3.856800e-01
412 6.132920e-01 8.680000e-04 3.858400e-01
413 6.131760e-01 8.400000e-04 3.859840e-01
414 6.130400e-01 8.320000e-04 3.861280e-01
415 6.129320e-01 7.800000e-04 3.862880e-01
416 6.128280e-01 7.400000e-04 3.864320e-01
417 6.126920e-01 7.320000e-04 3.865760e-01
418 6.125440e-01 7.360000e-04 3.867200e-01
419 6.124160e-01 7.520000e-04 3.868320e-01
420 6.122960e-01 7.520000e-04 3.869520e-01
421 6.121560e-01 7.480000e-04 3.870960e-01
422 6.120680e-01 6.920000e-04 3.872400e-01
423 6.119560e-01 6.760000e-04 3.873680e-01
424 6.118720e-01 6.320000e-04 3.874960e-01
425 6.117760e-01 6.200000e-04 3.876040e-01
426 6.116800e-01 6.120000e-04 3.877080e-01
427 6.115480e-01 6.240000e-04 3.878280e-01
428 6.114360e-01 6.320000e-04 3.879320e-01
429 6.113360e-01 6.440000e-04 3.880200e-01
430 6.112560e-01 6.080000e-04 3.881360e-01
431 6.111440e-01 6.240000e-04 3.882320e-01
432 6.110240e-01 6.240000e-04 3.883520e-01
433 6.108520e-01 6.760000e-04 3.884720e-01
434 6.106760e-01 7.200000e-04 3.886040e-01
435 6.105360e-01 7.440000e-04 3.887200e-01
436 6.103920e-01 7.720000e-04 3.888360e-01
437 6.102240e-01 7.840000e-04 3.889920e-01
438 6.100280e-01 8.200000e-04 3.891520e-01
439 6.098920e-01 8.240000e-04 3.892840e-01
440 6.097240e-01 8.560000e-04 3.894200e-01
441 6.095720e-01 8.960000e-04 3.895320e-01
442 6.094280e-01 8.720000e-04 3.897000e-01
443 6.092000e-01 9.440000e-04 3.898560e-01
444 6.090240e-01 9.400000e-04 3.900360e-01
445 6.088640e-01 9.520000e-04 3.901840e-01
446 6.086800e-01 9.760000e-04 3.903440e-01
447 6.085120e-01 1.000000e-03 3.904880e-01
448 6.083240e-01 9.960000e-04 3.906800e-01
449 6.081760e-01 9.680000e-04 3.908560e-01
450 6.080720e-01 9.160000e-04 3.910120e-01
451 6.079360e-01 8.840000e-04 3.911800e-01
452 6.077520e-01 9.080000e-04 3.913400e-01
453 6.076240e-01 8.800000e-04 3.914960e-01
454 6.074600e-01 8.960000e-04 3.916440e-01
455 6.073160e-01 8.960000e-04 3.917880e-01
456 6.071480e-01 8.920000e-04 3.919600e-01
457 6.070240e-01 8.760000e-04 3.921000e-01
458 6.069080e-01 8.600000e-04 3.922320e-01
459 6.067400e-01 8.600000e-04 3.924000e-01
460 6.066280e-01 8.280000e-04 3.925440e-01
461 6.065120e-01 7.800000e-04 3.927080e-01
462 6.063880e-01 7.960000e-04 3.928160e-01
463 6.062360e-01 8.120000e-04 3.929520e-01
464 6.060680e-01 8.080000e-04 3.931240e-01
465 6.059640e-01 7.800000e-04 3.932560e-01
466 6.058720e-01 7.240000e-04 3.934040e-01
467 6.057680e-01 7.080000e-04 3.935240e-01
468 6.056960e-01 6.640000e-04 3.936400e-01
469 6.055760e-01 6.840000e-04 3.937400e-01
470 6.054640e-01 6.920000e-04 3.938440e-01
471 6.053920e-01 6.280000e-04 3.939800e-01
472 6.053040e-01 6.120000e-04 3.940840e-01
473 6.052360e-01 5.640000e-04 3.942000e-01
474 6.051400e-01 5.680000e-04 3.942920e-01
475 6.050520e-01 5.640000e-04 3.943840e-01
476 6.049840e-01 5.000000e-04 3.945160e-01
477 6.048920e-01 5.240000e-04 3.945840e-01
478 6.047920e-01 5.400000e-04 3.946680e-01
479 6.047120e-01 5.240000e-04 3.947640e-01
480 6.046080e-01 5.480000e-04 3.948440e-01
481 6.044720e-01 5.880000e-04 3.949400e-01
482 6.043240e-01 6.200000e-04 3.950560e-01
483 6.042040e-01 6.400000e-04 3.951560e-01
484 6.041240e-01 5.840000e-04 3.952920e-01
485 6.040240e-01 6.120000e-04 3.953640e-01
486 6.038920e-01 6.440000e-04 3.954640e-01
487 6.037720e-01 6.240000e-04 3.956040e-01
488 6.036280e-01 6.320000e-04 3.957400e-01
489 6.035000e-01 6.400000e-04 3.958600e-01
490 6.033400e-01 6.680000e-04 3.959920e-01
491 6.032280e-01 7.320000e-04 3.960400e-01
492 6.030640e-01 7.840000e-04 3.961520e-01
493 6.029120e-01 8.080000e-04 3.962800e-01
494 6.027480e-01 8.440000e-04 3.964080e-01
495 6.026000e-01 8.600000e-04 3.965400e-01
496 6.024400e-01 8.520000e-04 3.967080e-01
497 6.023160e-01 8.400000e-04 3.968440e-01
498 6.022040e-01 7.920000e-04 3.970040e-01
499 6.020880e-01 7.840000e-04 3.971280e-01
500 6.019840e-01 7.600000e-04 3.972560e-01
