1 9.992560e-01 6.520000e-04 9.200000e-05
2 9.988520e-01 8.960000e-04 2.520000e-04
3 9.981440e-01 1.404000e-03 4.520000e-04
4 9.974040e-01 1.864000e-03 7.320000e-04
5 9.965920e-01 2.296000e-03 1.112000e-03
6 9.956160e-01 2.844000e-03 1.540000e-03
7 9.947280e-01 3.220000e-03 2.052000e-03
8 9.937440e-01 3.624000e-03 2.632000e-03
9 9.927440e-01 3.888000e-03 3.368000e-03
10 9.918200e-01 4.108000e-03 4.072000e-03
11 9.908280e-01 4.444000e-03 4.728000e-03
12 9.897280e-01 4.748000e-03 5.524000e-03
13 9.887240e-01 4.944000e-03 6.332000e-03
14 9.874960e-01 5.320000e-03 7.184000e-03
15 9.864160e-01 5.460000e-03 8.124000e-03
16 9.852160e-01 5.720000e-03 9.064000e-03
17 9.840960e-01 5.896000e-03 1.000800e-02
18 9.830040e-01 5.996000e-03 1.100000e-02
19 9.817240e-01 6.248000e-03 1.202800e-02
20 9.806720e-01 6.112000e-03 1.321600e-02
21 9.795360e-01 6.212000e-03 1.425200e-02
22 9.784640e-01 6.116000e-03 1.542000e-02
23 9.773600e-01 6.064000e-03 1.657600e-02
24 9.762080e-01 6.192000e-03 1.760000e-02
25 9.749360e-01 6.384000e-03 1.868000e-02
26 9.735600e-01 6.692000e-03 1.974800e-02
27 9.722840e-01 6.684000e-03 2.103200e-02
28 9.709960e-01 6.792000e-03 2.221200e-02
29 9.697000e-01 6.812000e-03 2.348800e-02
30 9.683240e-01 6.980000e-03 2.469600e-02
31 9.669160e-01 7.236000e-03 2.584800e-02
32 9.655200e-01 7.356000e-03 2.712400e-02
33 9.641440e-01 7.456000e-03 2.840000e-02
34 9.627120e-01 7.620000e-03 2.966800e-02
35 9.611760e-01 7.912000e-03 3.091200e-02
36 9.596720e-01 8.080000e-03 3.224800e-02
37 9.582000e-01 8.172000e-03 3.362800e-02
38 9.567200e-01 8.204000e-03 3.507600e-02
39 9.550520e-01 8.404000e-03 3.654400e-02
40 9.533960e-01 8.652000e-03 3.795200e-02
41 9.515520e-01 8.908000e-03 3.954000e-02
42 9.500120e-01 8.868000e-03 4.112000e-02
43 9.482600e-01 9.148000e-03 4.259200e-02
44 9.465600e-01 9.196000e-03 4.424400e-02
45 9.449920e-01 9.116000e-03 4.589200e-02
46 9.434400e-01 9.004000e-03 4.755600e-02
47 9.416440e-01 9.216000e-03 4.914000e-02
48 9.398000e-01 9.396000e-03 5.080400e-02
49 9.381360e-01 9.444000e-03 5.242000e-02
50 9.365200e-01 9.356000e-03 5.412400e-02
51 9.349040e-01 9.248000e-03 5.584800e-02
52 9.334560e-01 9.000000e-03 5.754400e-02
53 9.319280e-01 8.964000e-03 5.910800e-02
54 9.305080e-01 8.904000e-03 6.058800e-02
55 9.289880e-01 8.920000e-03 6.209200e-02
56 9.276000e-01 8.756000e-03 6.364400e-02
57 9.259880e-01 8.736000e-03 6.527600e-02
58 9.243240e-01 8.796000e-03 6.688000e-02
59 9.228920e-01 8.768000e-03 6.834000e-02
60 9.213080e-01 8.924000e-03 6.976800e-02
61 9.196680e-01 8.996000e-03 7.133600e-02
62 9.180920e-01 9.080000e-03 7.282800e-02
63 9.168320e-01 8.756000e-03 7.441200e-02
64 9.156520e-01 8.400000e-03 7.594800e-02
65 9.142000e-01 8.308000e-03 7.749200e-02
66 9.127360e-01 8.288000e-03 7.897600e-02
67 9.114520e-01 8.084000e-03 8.046400e-02
68 9.099960e-01 8.124000e-03 8.188000e-02
69 9.085960e-01 8.136000e-03 8.326800e-02
70 9.072880e-01 8.100000e-03 8.461200e-02
71 9.058120e-01 8.104000e-03 8.608400e-02
72 9.043200e-01 8.248000e-03 8.743200e-02
73 9.030400e-01 8.128000e-03 8.883200e-02
74 9.015640e-01 8.220000e-03 9.021600e-02
75 8.999920e-01 8.400000e-03 9.160800e-02
76 8.985880e-01 8.472000e-03 9.294000e-02
77 8.971680e-01 8.388000e-03 9.444400e-02
78 8.955360e-01 8.504000e-03 9.596000e-02
79 8.940360e-01 8.628000e-03 9.733600e-02
80 8.923240e-01 8.820000e-03 9.885600e-02
81 8.908520e-01 8.728000e-03 1.004200e-01
82 8.894760e-01 8.592000e-03 1.019320e-01
83 8.880400e-01 8.536000e-03 1.034240e-01
84 8.866200e-01 8.520000e-03 1.048600e-01
85 8.853400e-01 8.312000e-03 1.063480e-01
86 8.838800e-01 8.288000e-03 1.078320e-01
87 8.824680e-01 8.268000e-03 1.092640e-01
88 8.811320e-01 8.228000e-03 1.106400e-01
89 8.796840e-01 8.192000e-03 1.121240e-01
90 8.782360e-01 8.180000e-03 1.135840e-01
91 8.769520e-01 8.052000e-03 1.149960e-01
92 8.756960e-01 7.884000e-03 1.164200e-01
93 8.745400e-01 7.748000e-03 1.177120e-01
94 8.731480e-01 7.868000e-03 1.189840e-01
95 8.718600e-01 7.784000e-03 1.203560e-01
96 8.704800e-01 7.852000e-03 1.216680e-01
97 8.689920e-01 8.024000e-03 1.229840e-01
98 8.676480e-01 7.980000e-03 1.243720e-01
99 8.664920e-01 7.680000e-03 1.258280e-01
100 8.652600e-01 7.560000e-03 1.271800e-01
101 8.640360e-01 7.324000e-03 1.286400e-01
102 8.629520e-01 7.208000e-03 1.298400e-01
103 8.616960e-01 7.228000e-03 1.310760e-01
104 8.605080e-01 7.200000e-03 1.322920e-01
105 8.592960e-01 7.160000e-03 1.335440e-01
106 8.581960e-01 7.032000e-03 1.347720e-01
107 8.570680e-01 6.968000e-03 1.359640e-01
108 8.557680e-01 7.140000e-03 1.370920e-01
109 8.545760e-01 6.996000e-03 1.384280e-01
110 8.533280e-01 7.140000e-03 1.395320e-01
111 8.520160e-01 7.148000e-03 1.408360e-01
112 8.507880e-01 7.188000e-03 1.420240e-01
113 8.495680e-01 7.060000e-03 1.433720e-01
114 8.484600e-01 6.904000e-03 1.446360e-01
115 8.473120e-01 6.756000e-03 1.459320e-01
116 8.461720e-01 6.592000e-03 1.472360e-01
117 8.450160e-01 6.624000e-03 1.483600e-01
118 8.438440e-01 6.684000e-03 1.494720e-01
119 8.428200e-01 6.524000e-03 1.506560e-01
120 8.417120e-01 6.548000e-03 1.517400e-01
121 8.406960e-01 6.400000e-03 1.529040e-01
122 8.395320e-01 6.420000e-03 1.540480e-01
123 8.384600e-01 6.448000e-03 1.550920e-01
124 8.373440e-01 6.412000e-03 1.562440e-01
125 8.361680e-01 6.540000e-03 1.572920e-01
126 8.349560e-01 6.680000e-03 1.583640e-01
127 8.337880e-01 6.592000e-03 1.596200e-01
128 8.325040e-01 6.760000e-03 1.607360e-01
129 8.313600e-01 6.724000e-03 1.619160e-01
130 8.301880e-01 6.764000e-03 1.630480e-01
131 8.289520e-01 6.608000e-03 1.644400e-01
132 8.278720e-01 6.572000e-03 1.655560e-01
133 8.269160e-01 6.408000e-03 1.666760e-01
134 8.258200e-01 6.372000e-03 1.678080e-01
135 8.247320e-01 6.444000e-03 1.688240e-01
136 8.236680e-01 6.560000e-03 1.697720e-01
137 8.223840e-01 6.724000e-03 1.708920e-01
138 8.213160e-01 6.656000e-03 1.720280e-01
139 8.201600e-01 6.612000e-03 1.732280e-01
140 8.190920e-01 6.572000e-03 1.743360e-01
141 8.179320e-01 6.496000e-03 1.755720e-01
142 8.168680e-01 6.488000e-03 1.766440e-01
143 8.157720e-01 6.460000e-03 1.777680e-01
144 8.146400e-01 6.552000e-03 1.788080e-01
145 8.134920e-01 6.636000e-03 1.798720e-01
146 8.124080e-01 6.448000e-03 1.811440e-01
147 8.113400e-01 6.356000e-03 1.823040e-01
148 8.101280e-01 6.444000e-03 1.834280e-01
149 8.090600e-01 6.280000e-03 1.846600e-01
150 8.079520e-01 6.200000e-03 1.858480e-01
151 8.069320e-01 6.216000e-03 1.868520e-01
152 8.059080e-01 6.172000e-03 1.879200e-01
153 8.046680e-01 6.300000e-03 1.890320e-01
154 8.035840e-01 6.216000e-03 1.902000e-01
155 8.026160e-01 6.144000e-03 1.912400e-01
156 8.016120e-01 6.068000e-03 1.923200e-01
157 8.005960e-01 6.152000e-03 1.932520e-01
158 7.994040e-01 6.244000e-03 1.943520e-01
159 7.982320e-01 6.264000e-03 1.955040e-01
160 7.971120e-01 6.268000e-03 1.966200e-01
161 7.958960e-01 6.400000e-03 1.977040e-01
162 7.948320e-01 6.264000e-03 1.989040e-01
163 7.938760e-01 6.156000e-03 1.999680e-01
164 7.928840e-01 6.072000e-03 2.010440e-01
165 7.920240e-01 5.880000e-03 2.020960e-01
166 7.912480e-01 5.556000e-03 2.031960e-01
167 7.904320e-01 5.400000e-03 2.041680e-01
168 7.896880e-01 5.176000e-03 2.051360e-01
169 7.889160e-01 5.116000e-03 2.059680e-01
170 7.881520e-01 5.000000e-03 2.068480e-01
171 7.874120e-01 4.900000e-03 2.076880e-01
172 7.865640e-01 4.928000e-03 2.085080e-01
173 7.857560e-01 5.036000e-03 2.092080e-01
174 7.850360e-01 4.844000e-03 2.101200e-01
175 7.842640e-01 4.868000e-03 2.108680e-01
176 7.834920e-01 4.680000e-03 2.118280e-01
177 7.828200e-01 4.608000e-03 2.125720e-01
178 7.820480e-01 4.632000e-03 2.133200e-01
179 7.812200e-01 4.692000e-03 2.140880e-01
180 7.803160e-01 4.756000e-03 2.149280e-01
181 7.794960e-01 4.752000e-03 2.157520e-01
182 7.785360e-01 4.888000e-03 2.165760e-01
183 7.777720e-01 4.788000e-03 2.174400e-01
184 7.769360e-01 4.832000e-03 2.182320e-01
185 7.762040e-01 4.764000e-03 2.190320e-01
186 7.754960e-01 4.636000e-03 2.198680e-01
187 7.747400e-01 4.600000e-03 2.206600e-01
188 7.739040e-01 4.604000e-03 2.214920e-01
189 7.731360e-01 4.608000e-03 2.222560e-01
190 7.724080e-01 4.524000e-03 2.230680e-01
191 7.715640e-01 4.612000e-03 2.238240e-01
192 7.708360e-01 4.452000e-03 2.247120e-01
193 7.700360e-01 4.412000e-03 2.255520e-01
194 7.693280e-01 4.324000e-03 2.263480e-01
195 7.685000e-01 4.472000e-03 2.270280e-01
196 7.675760e-01 4.660000e-03 2.277640e-01
197 7.666840e-01 4.776000e-03 2.285400e-01
198 7.659040e-01 4.856000e-03 2.292400e-01
199 7.651240e-01 4.864000e-03 2.300120e-01
200 7.643840e-01 4.728000e-03 2.308880e-01
201 7.635240e-01 4.704000e-03 2.317720e-01
202 7.628040e-01 4.588000e-03 2.326080e-01
203 7.620000e-01 4.580000e-03 2.334200e-01
204 7.612360e-01 4.560000e-03 2.342040e-01
205 7.605080e-01 4.460000e-03 2.350320e-01
206 7.598360e-01 4.348000e-03 2.358160e-01
207 7.591560e-01 4.288000e-03 2.365560e-01
208 7.584840e-01 4.204000e-03 2.373120e-01
209 7.577520e-01 4.212000e-03 2.380360e-01
210 7.570880e-01 4.152000e-03 2.387600e-01
211 7.563760e-01 4.168000e-03 2.394560e-01
212 7.557400e-01 4.080000e-03 2.401800e-01
213 7.548960e-01 4.208000e-03 2.408960e-01
214 7.542160e-01 4.144000e-03 2.416400e-01
215 7.535720e-01 4.060000e-03 2.423680e-01
216 7.528760e-01 4.064000e-03 2.430600e-01
217 7.522120e-01 4.008000e-03 2.437800e-01
218 7.516400e-01 3.876000e-03 2.444840e-01
219 7.509720e-01 3.908000e-03 2.451200e-01
220 7.502720e-01 3.836000e-03 2.458920e-01
221 7.496080e-01 3.808000e-03 2.465840e-01
222 7.489960e-01 3.740000e-03 2.472640e-01
223 7.482520e-01 3.756000e-03 2.479920e-01
224 7.476160e-01 3.764000e-03 2.486200e-01
225 7.469280e-01 3.812000e-03 2.492600e-01
226 7.462960e-01 3.724000e-03 2.499800e-01
227 7.456760e-01 3.656000e-03 2.506680e-01
228 7.451160e-01 3.576000e-03 2.513080e-01
229 7.444080e-01 3.624000e-03 2.519680e-01
230 7.439360e-01 3.380000e-03 2.526840e-01
231 7.433840e-01 3.328000e-03 2.532880e-01
232 7.428880e-01 3.156000e-03 2.539560e-01
233 7.422880e-01 3.188000e-03 2.545240e-01
234 7.417600e-01 3.184000e-03 2.550560e-01
235 7.412240e-01 3.176000e-03 2.556000e-01
236 7.407840e-01 3.028000e-03 2.561880e-01
237 7.402160e-01 3.068000e-03 2.567160e-01
238 7.396360e-01 3.016000e-03 2.573480e-01
239 7.390240e-01 3.088000e-03 2.578880e-01
240 7.385280e-01 2.992000e-03 2.584800e-01
241 7.381080e-01 2.908000e-03 2.589840e-01
242 7.376800e-01 2.840000e-03 2.594800e-01
243 7.373240e-01 2.672000e-03 2.600040e-01
244 7.368720e-01 2.604000e-03 2.605240e-01
245 7.364840e-01 2.552000e-03 2.609640e-01
246 7.360120e-01 2.636000e-03 2.613520e-01
247 7.356160e-01 2.540000e-03 2.618440e-01
248 7.351880e-01 2.504000e-03 2.623080e-01
249 7.346920e-01 2.560000e-03 2.627480e-01
250 7.341760e-01 2.632000e-03 2.631920e-01
251 7.337600e-01 2.564000e-03 2.636760e-01
252 7.333040e-01 2.540000e-03 2.641560e-01
253 7.329160e-01 2.540000e-03 2.645440e-01
254 7.325320e-01 2.524000e-03 2.649440e-01
255 7.321120e-01 2.520000e-03 2.653680e-01
256 7.316000e-01 2.612000e-03 2.657880e-01
257 7.311400e-01 2.672000e-03 2.661880e-01
258 7.307920e-01 2.564000e-03 2.666440e-01
259 7.303880e-01 2.576000e-03 2.670360e-01
260 7.300320e-01 2.524000e-03 2.674440e-01
261 7.296440e-01 2.484000e-03 2.678720e-01
262 7.292320e-01 2.436000e-03 2.683320e-01
263 7.288640e-01 2.348000e-03 2.687880e-01
264 7.284480e-01 2.308000e-03 2.692440e-01
265 7.280200e-01 2.344000e-03 2.696360e-01
266 7.276760e-01 2.288000e-03 2.700360e-01
267 7.272680e-01 2.272000e-03 2.704600e-01
268 7.268600e-01 2.268000e-03 2.708720e-01
269 7.264600e-01 2.300000e-03 2.712400e-01
270 7.260600e-01 2.312000e-03 2.716280e-01
271 7.257160e-01 2.228000e-03 2.720560e-01
272 7.253280e-01 2.192000e-03 2.724800e-01
273 7.249960e-01 2.152000e-03 2.728520e-01
274 7.246760e-01 2.136000e-03 2.731880e-01
275 7.242600e-01 2.184000e-03 2.735560e-01
276 7.238840e-01 2.248000e-03 2.738680e-01
277 7.235280e-01 2.232000e-03 2.742400e-01
278 7.232080e-01 2.140000e-03 2.746520e-01
279 7.228280e-01 2.120000e-03 2.750520e-01
280 7.224680e-01 2.108000e-03 2.754240e-01
281 7.221480e-01 2.056000e-03 2.757960e-01
282 7.218520e-01 1.968000e-03 2.761800e-01
283 7.215800e-01 1.928000e-03 2.764920e-01
284 7.212480e-01 1.928000e-03 2.768240e-01
285 7.209440e-01 1.820000e-03 2.772360e-01
286 7.206480e-01 1.808000e-03 2.775440e-01
287 7.203200e-01 1.824000e-03 2.778560e-01
288 7.199480e-01 1.888000e-03 2.781640e-01
289 7.195960e-01 1.920000e-03 2.784840e-01
290 7.191640e-01 2.000000e-03 2.788360e-01
291 7.187720e-01 2.044000e-03 2.791840e-01
292 7.184600e-01 2.016000e-03 2.795240e-01
293 7.181040e-01 2.056000e-03 2.798400e-01
294 7.177240e-01 2.144000e-03 2.801320e-01
295 7.173680e-01 2.164000e-03 2.804680e-01
296 7.170240e-01 2.080000e-03 2.808960e-01
297 7.167360e-01 1.960000e-03 2.813040e-01
298 7.164640e-01 1.908000e-03 2.816280e-01
299 7.162000e-01 1.872000e-03 2.819280e-01
300 7.159440e-01 1.796000e-03 2.822600e-01
301 7.156720e-01 1.692000e-03 2.826360e-01
302 7.153880e-01 1.724000e-03 2.828880e-01
303 7.151480e-01 1.684000e-03 2.831680e-01
304 7.148840e-01 1.668000e-03 2.834480e-01
305 7.146000e-01 1.644000e-03 2.837560e-01
306 7.142840e-01 1.672000e-03 2.840440e-01
307 7.139960e-01 1.664000e-03 2.843400e-01
308 7.136800e-01 1.660000e-03 2.846600e-01
309 7.134160e-01 1.576000e-03 2.850080e-01
310 7.131680e-01 1.524000e-03 2.853080e-01
311 7.129080e-01 1.472000e-03 2.856200e-01
312 7.126480e-01 1.468000e-03 2.858840e-01
313 7.124080e-01 1.452000e-03 2.861400e-01
314 7.122000e-01 1.464000e-03 2.863360e-01
315 7.119840e-01 1.416000e-03 2.866000e-01
316 7.117440e-01 1.428000e-03 2.868280e-01
317 7.115640e-01 1.372000e-03 2.870640e-01
318 7.113400e-01 1.428000e-03 2.872320e-01
319 7.110480e-01 1.464000e-03 2.874880e-01
320 7.107680e-01 1.516000e-03 2.877160e-01
321 7.105560e-01 1.452000e-03 2.879920e-01
322 7.102520e-01 1.536000e-03 2.882120e-01
323 7.100240e-01 1.512000e-03 2.884640e-01
324 7.096960e-01 1.576000e-03 2.887280e-01
325 7.094000e-01 1.572000e-03 2.890280e-01
326 7.091560e-01 1.576000e-03 2.892680e-01
327 7.089400e-01 1.508000e-03 2.895520e-01
328 7.086840e-01 1.496000e-03 2.898200e-01
329 7.083680e-01 1.568000e-03 2.900640e-01
330 7.080840e-01 1.620000e-03 2.902960e-01
331 7.078480e-01 1.568000e-03 2.905840e-01
332 7.075920e-01 1.524000e-03 2.908840e-01
333 7.073880e-01 1.508000e-03 2.911040e-01
334 7.070920e-01 1.496000e-03 2.914120e-01
335 7.068200e-01 1.504000e-03 2.916760e-01
336 7.065840e-01 1.420000e-03 2.919960e-01
337 7.063000e-01 1.408000e-03 2.922920e-01
338 7.060000e-01 1.512000e-03 2.924880e-01
339 7.057320e-01 1.520000e-03 2.927480e-01
340 7.054760e-01 1.560000e-03 2.929640e-01
341 7.052000e-01 1.564000e-03 2.932360e-01
342 7.049080e-01 1.596000e-03 2.934960e-01
343 7.046400e-01 1.612000e-03 2.937480e-01
344 7.043760e-01 1.600000e-03 2.940240e-01
345 7.040880e-01 1.596000e-03 2.943160e-01
346 7.038240e-01 1.648000e-03 2.945280e-01
347 7.035200e-01 1.684000e-03 2.947960e-01
348 7.032000e-01 1.732000e-03 2.950680e-01
349 7.028760e-01 1.732000e-03 2.953920e-01
350 7.025720e-01 1.792000e-03 2.956360e-01
351 7.022720e-01 1.808000e-03 2.959200e-01
352 7.020400e-01 1.700000e-03 2.962600e-01
353 7.017920e-01 1.620000e-03 2.965880e-01
354 7.015480e-01 1.592000e-03 2.968600e-01
355 7.012680e-01 1.656000e-03 2.970760e-01
356 7.010400e-01 1.592000e-03 2.973680e-01
357 7.007680e-01 1.628000e-03 2.976040e-01
358 7.005320e-01 1.616000e-03 2.978520e-01
359 7.002320e-01 1.584000e-03 2.981840e-01
360 6.999120e-01 1.616000e-03 2.984720e-01
361 6.996840e-01 1.580000e-03 2.987360e-01
362 6.994080e-01 1.564000e-03 2.990280e-01
363 6.991640e-01 1.540000e-03 2.992960e-01
364 6.989480e-01 1.512000e-03 2.995400e-01
365 6.986840e-01 1.512000e-03 2.998040e-01
366 6.984320e-01 1.488000e-03 3.000800e-01
367 6.981320e-01 1.576000e-03 3.002920e-01
368 6.977960e-01 1.640000e-03 3.005640e-01
369 6.975280e-01 1.668000e-03 3.008040e-01
370 6.972120e-01 1.688000e-03 3.011000e-01
371 6.969040e-01 1.696000e-03 3.014000e-01
372 6.966040e-01 1.660000e-03 3.017360e-01
373 6.963160e-01 1.608000e-03 3.020760e-01
374 6.960920e-01 1.544000e-03 3.023640e-01
375 6.958280e-01 1.512000e-03 3.026600e-01
376 6.955640e-01 1.508000e-03 3.029280e-01
377 6.953280e-01 1.544000e-03 3.031280e-01
378 6.950840e-01 1.516000e-03 3.034000e-01
379 6.947640e-01 1.536000e-03 3.037000e-01
380 6.945120e-01 1.496000e-03 3.039920e-01
381 6.942840e-01 1.444000e-03 3.042720e-01
382 6.940560e-01 1.388000e-03 3.045560e-01
383 6.938640e-01 1.356000e-03 3.047800e-01
384 6.936440e-01 1.368000e-03 3.049880e-01
385 6.933880e-01 1.400000e-03 3.052120e-01
386 6.931880e-01 1.324000e-03 3.054880e-01
387 6.930040e-01 1.320000e-03 3.056760e-01
388 6.926920e-01 1.432000e-03 3.058760e-01
389 6.924720e-01 1.420000e-03 3.061080e-01
390 6.922680e-01 1.392000e-03 3.063400e-01
391 6.920720e-01 1.324000e-03 3.066040e-01
392 6.918640e-01 1.304000e-03 3.068320e-01
393 6.917040e-01 1.228000e-03 3.070680e-01
394 6.915280e-01 1.220000e-03 3.072520e-01
395 6.913680e-01 1.112000e-03 3.075200e-01
396 6.912680e-01 1.020000e-03 3.077120e-01
397 6.911280e-01 9.840000e-04 3.078880e-01
398 6.909440e-01 1.012000e-03 3.080440e-01
399 6.908160e-01 1.004000e-03 3.081800e-01
400 6.906320e-01 9.840000e-04 3.083840e-01
401 6.904840e-01 9.400000e-04 3.085760e-01
402 6.903720e-01 8.880000e-04 3.087400e-01
403 6.902600e-01 8.400000e-04 3.089000e-01
404 6.901120e-01 8.320000e-04 3.090560e-01
405 6.900200e-01 7.560000e-04 3.092240e-01
406 6.899040e-01 7.280000e-04 3.093680e-01
407 6.897600e-01 7.880000e-04 3.094520e-01
408 6.896160e-01 7.720000e-04 3.096120e-01
409 6.894920e-01 7.640000e-04 3.097440e-01
410 6.893520e-01 7.640000e-04 3.098840e-01
411 6.892280e-01 7.600000e-04 3.100120e-01
412 6.890600e-01 7.680000e-04 3.101720e-01
413 6.888960e-01 7.720000e-04 3.103320e-01
414 6.887400e-01 8.080000e-04 3.104520e-01
415 6.885760e-01 8.480000e-04 3.105760e-01
416 6.883840e-01 8.920000e-04 3.107240e-01
417 6.882080e-01 8.800000e-04 3.109120e-01
418 6.880400e-01 8.600000e-04 3.111000e-01
419 6.878320e-01 8.720000e-04 3.112960e-01
420 6.876520e-01 8.720000e-04 3.114760e-01
421 6.874480e-01 9.720000e-04 3.115800e-01
422 6.872720e-01 9.880000e-04 3.117400e-01
423 6.871280e-01 9.320000e-04 3.119400e-01
424 6.869720e-01 9.560000e-04 3.120720e-01
425 6.868280e-01 9.640000e-04 3.122080e-01
426 6.866720e-01 9.560000e-04 3.123720e-01
427 6.865160e-01 9.320000e-04 3.125520e-01
428 6.863800e-01 9.040000e-04 3.127160e-01
429 6.862400e-01 8.720000e-04 3.128880e-01
430 6.861040e-01 8.800000e-04 3.130160e-01
431 6.859480e-01 8.600000e-04 3.131920e-01
432 6.858320e-01 8.000000e-04 3.133680e-01
433 6.856480e-01 8.760000e-04 3.134760e-01
434 6.854400e-01 9.040000e-04 3.136560e-01
435 6.852840e-01 9.280000e-04 3.137880e-01
436 6.851120e-01 9.240000e-04 3.139640e-01
437 6.849640e-01 9.080000e-04 3.141280e-01
438 6.848280e-01 8.880000e-04 3.142840e-01
439 6.846520e-01 8.840000e-04 3.144640e-01
440 6.845000e-01 8.680000e-04 3.146320e-01
441 6.843840e-01 8.240000e-04 3.147920e-01
442 6.842440e-01 8.160000e-04 3.149400e-01
443 6.840800e-01 8.400000e-04 3.150800e-01
444 6.839360e-01 8.120000e-04 3.152520e-01
445 6.838200e-01 7.600000e-04 3.154200e-01
446 6.836880e-01 7.840000e-04 3.155280e-01
447 6.836000e-01 7.240000e-04 3.156760e-01
448 6.834480e-01 7.600000e-04 3.157920e-01
449 6.833240e-01 7.480000e-04 3.159280e-01
450 6.832120e-01 7.400000e-04 3.160480e-01
451 6.831040e-01 6.920000e-04 3.162040e-01
452 6.828960e-01 7.240000e-04 3.163800e-01
453 6.827480e-01 7.240000e-04 3.165280e-01
454 6.825880e-01 7.440000e-04 3.166680e-01
455 6.824360e-01 7.400000e-04 3.168240e-01
456 6.822720e-01 7.200000e-04 3.170080e-01
457 6.821200e-01 7.680000e-04 3.171120e-01
458 6.819720e-01 7.960000e-04 3.172320e-01
459 6.818320e-01 7.920000e-04 3.173760e-01
460 6.817200e-01 7.880000e-04 3.174920e-01
461 6.815320e-01 8.360000e-04 3.176320e-01
462 6.813880e-01 8.600000e-04 3.177520e-01
463 6.812480e-01 7.880000e-04 3.179640e-01
464 6.810520e-01 8.640000e-04 3.180840e-01
465 6.809480e-01 8.280000e-04 3.182240e-01
466 6.808360e-01 8.320000e-04 3.183320e-01
467 6.806880e-01 8.480000e-04 3.184640e-01
468 6.804720e-01 9.120000e-04 3.186160e-01
469 6.802920e-01 9.200000e-04 3.187880e-01
470 6.801080e-01 9.280000e-04 3.189640e-01
471 6.799400e-01 9.600000e-04 3.191000e-01
472 6.797840e-01 9.320000e-04 3.192840e-01
473 6.796600e-01 8.760000e-04 3.194640e-01
474 6.795160e-01 8.920000e-04 3.195920e-01
475 6.793600e-01 8.960000e-04 3.197440e-01
476 6.792080e-01 9.320000e-04 3.198600e-01
477 6.790560e-01 9.320000e-04 3.200120e-01
478 6.788880e-01 9.320000e-04 3.201800e-01
479 6.787160e-01 9.000000e-04 3.203840e-01
480 6.785960e-01 8.640000e-04 3.205400e-01
481 6.784520e-01 8.600000e-04 3.206880e-01
482 6.782880e-01 8.320000e-04 3.208800e-01
483 6.781160e-01 8.440000e-04 3.210400e-01
484 6.779800e-01 8.400000e-04 3.211800e-01
485 6.778480e-01 7.680000e-04 3.213840e-01
486 6.777120e-01 8.000000e-04 3.214880e-01
487 6.776040e-01 7.680000e-04 3.216280e-01
488 6.775080e-01 7.000000e-04 3.217920e-01
489 6.774040e-01 7.000000e-04 3.218960e-01
490 6.773160e-01 6.800000e-04 3.220040e-01
491 6.772080e-01 6.800000e-04 3.221120e-01
492 6.770720e-01 7.240000e-04 3.222040e-01
493 6.769120e-01 7.440000e-04 3.223440e-01
494 6.767440e-01 7.720000e-04 3.224840e-01
495 6.765960e-01 7.960000e-04 3.226080e-01
496 6.764240e-01 8.400000e-04 3.227360e-01
497 6.762800e-01 8.320000e-04 3.228880e-01
498 6.761160e-01 8.200000e-04 3.230640e-01
499 6.759280e-01 8.720000e-04 3.232000e-01
500 6.757560e-01 8.880000e-04 3.233560e-01
