1 9.992960e-01 6.000000e-04 1.040000e-04
2 9.988120e-01 9.440000e-04 2.440000e-04
3 9.981200e-01 1.420000e-03 4.600000e-04
4 9.974320e-01 1.772000e-03 7.960000e-04
5 9.966160e-01 2.208000e-03 1.176000e-03
6 9.958560e-01 2.524000e-03 1.620000e-03
7 9.949800e-01 3.020000e-03 2.000000e-03
8 9.940280e-01 3.456000e-03 2.516000e-03
9 9.931560e-01 3.744000e-03 3.100000e-03
10 9.922000e-01 3.964000e-03 3.836000e-03
11 9.911440e-01 4.348000e-03 4.508000e-03
12 9.901480e-01 4.496000e-03 5.356000e-03
13 9.890680e-01 4.816000e-03 6.116000e-03
14 9.878200e-01 5.184000e-03 6.996000e-03
15 9.867480e-01 5.316000e-03 7.936000e-03
16 9.854560e-01 5.700000e-03 8.844000e-03
17 9.843200e-01 5.824000e-03 9.856000e-03
18 9.832640e-01 5.912000e-03 1.082400e-02
19 9.820400e-01 6.064000e-03 1.189600e-02
20 9.808360e-01 6.188000e-03 1.297600e-02
21 9.796000e-01 6.412000e-03 1.398800e-02
22 9.782880e-01 6.628000e-03 1.508400e-02
23 9.770200e-01 6.624000e-03 1.635600e-02
24 9.756240e-01 6.972000e-03 1.740400e-02
25 9.742640e-01 7.080000e-03 1.865600e-02
26 9.729360e-01 7.100000e-03 1.996400e-02
27 9.715840e-01 7.240000e-03 2.117600e-02
28 9.702000e-01 7.372000e-03 2.242800e-02
29 9.687720e-01 7.588000e-03 2.364000e-02
30 9.674560e-01 7.632000e-03 2.491200e-02
31 9.659720e-01 7.780000e-03 2.624800e-02
32 9.643880e-01 7.936000e-03 2.767600e-02
33 9.629120e-01 7.988000e-03 2.910000e-02
34 9.613720e-01 8.056000e-03 3.057200e-02
35 9.597840e-01 8.208000e-03 3.200800e-02
36 9.580000e-01 8.572000e-03 3.342800e-02
37 9.563360e-01 8.744000e-03 3.492000e-02
38 9.544880e-01 9.056000e-03 3.645600e-02
39 9.527720e-01 9.172000e-03 3.805600e-02
40 9.509920e-01 9.432000e-03 3.957600e-02
41 9.494320e-01 9.344000e-03 4.122400e-02
42 9.476920e-01 9.448000e-03 4.286000e-02
43 9.461080e-01 9.336000e-03 4.455600e-02
44 9.444920e-01 9.332000e-03 4.617600e-02
45 9.427840e-01 9.452000e-03 4.776400e-02
46 9.410520e-01 9.464000e-03 4.948400e-02
47 9.391960e-01 9.728000e-03 5.107600e-02
48 9.374840e-01 9.844000e-03 5.267200e-02
49 9.354320e-01 1.010800e-02 5.446000e-02
50 9.335400e-01 1.013600e-02 5.632400e-02
51 9.317600e-01 1.016000e-02 5.808000e-02
52 9.300440e-01 1.001200e-02 5.994400e-02
53 9.284440e-01 9.840000e-03 6.171600e-02
54 9.268400e-01 9.772000e-03 6.338800e-02
55 9.249760e-01 9.892000e-03 6.513200e-02
56 9.233080e-01 9.884000e-03 6.680800e-02
57 9.217520e-01 9.740000e-03 6.850800e-02
58 9.199480e-01 9.804000e-03 7.024800e-02
59 9.182040e-01 9.868000e-03 7.192800e-02
60 9.164680e-01 9.756000e-03 7.377600e-02
61 9.146520e-01 9.840000e-03 7.550800e-02
62 9.129160e-01 9.924000e-03 7.716000e-02
63 9.111560e-01 9.976000e-03 7.886800e-02
64 9.092440e-01 1.014000e-02 8.061600e-02
65 9.076680e-01 9.996000e-03 8.233600e-02
66 9.059200e-01 9.940000e-03 8.414000e-02
67 9.041000e-01 9.896000e-03 8.600400e-02
68 9.023840e-01 9.820000e-03 8.779600e-02
69 9.006040e-01 9.872000e-03 8.952400e-02
70 8.988320e-01 9.896000e-03 9.127200e-02
71 8.970840e-01 1.000800e-02 9.290800e-02
72 8.951880e-01 1.006800e-02 9.474400e-02
73 8.934880e-01 1.002000e-02 9.649200e-02
74 8.918520e-01 9.920000e-03 9.822800e-02
75 8.899840e-01 1.017200e-02 9.984400e-02
76 8.882960e-01 1.011200e-02 1.015920e-01
77 8.867040e-01 1.001600e-02 1.032800e-01
78 8.850320e-01 9.892000e-03 1.050760e-01
79 8.832680e-01 9.888000e-03 1.068440e-01
80 8.815280e-01 1.013200e-02 1.083400e-01
81 8.797880e-01 1.011600e-02 1.100960e-01
82 8.779920e-01 1.014800e-02 1.118600e-01
83 8.759120e-01 1.061200e-02 1.134760e-01
84 8.742600e-01 1.028800e-02 1.154520e-01
85 8.725240e-01 1.011200e-02 1.173640e-01
86 8.707080e-01 1.014000e-02 1.191520e-01
87 8.690720e-01 1.006800e-02 1.208600e-01
88 8.673400e-01 1.008000e-02 1.225800e-01
89 8.657200e-01 1.000800e-02 1.242720e-01
90 8.641640e-01 9.836000e-03 1.260000e-01
91 8.623280e-01 9.876000e-03 1.277960e-01
92 8.605760e-01 9.848000e-03 1.295760e-01
93 8.590200e-01 9.660000e-03 1.313200e-01
94 8.573680e-01 9.672000e-03 1.329600e-01
95 8.557680e-01 9.548000e-03 1.346840e-01
96 8.541960e-01 9.420000e-03 1.363840e-01
97 8.527080e-01 9.256000e-03 1.380360e-01
98 8.512760e-01 9.140000e-03 1.395840e-01
99 8.497840e-01 9.128000e-03 1.410880e-01
100 8.483320e-01 9.076000e-03 1.425920e-01
101 8.468400e-01 8.956000e-03 1.442040e-01
102 8.454640e-01 8.760000e-03 1.457760e-01
103 8.440720e-01 8.604000e-03 1.473240e-01
104 8.426120e-01 8.492000e-03 1.488960e-01
105 8.412520e-01 8.308000e-03 1.504400e-01
106 8.399080e-01 8.240000e-03 1.518520e-01
107 8.385280e-01 8.128000e-03 1.533440e-01
108 8.371280e-01 8.072000e-03 1.548000e-01
109 8.357920e-01 8.040000e-03 1.561680e-01
110 8.344440e-01 7.992000e-03 1.575640e-01
111 8.330520e-01 7.976000e-03 1.589720e-01
112 8.316960e-01 7.968000e-03 1.603360e-01
113 8.304360e-01 7.832000e-03 1.617320e-01
114 8.291640e-01 7.628000e-03 1.632080e-01
115 8.279280e-01 7.516000e-03 1.645560e-01
116 8.264880e-01 7.668000e-03 1.658440e-01
117 8.252760e-01 7.604000e-03 1.671200e-01
118 8.238880e-01 7.716000e-03 1.683960e-01
119 8.224320e-01 7.928000e-03 1.696400e-01
120 8.207840e-01 8.188000e-03 1.710280e-01
121 8.192480e-01 8.280000e-03 1.724720e-01
122 8.175800e-01 8.624000e-03 1.737960e-01
123 8.161320e-01 8.588000e-03 1.752800e-01
124 8.146400e-01 8.576000e-03 1.767840e-01
125 8.131680e-01 8.568000e-03 1.782640e-01
126 8.116400e-01 8.744000e-03 1.796160e-01
127 8.102360e-01 8.564000e-03 1.812000e-01
128 8.086760e-01 8.420000e-03 1.829040e-01
129 8.071320e-01 8.432000e-03 1.844360e-01
130 8.056720e-01 8.328000e-03 1.860000e-01
131 8.042560e-01 8.260000e-03 1.874840e-01
132 8.028200e-01 8.220000e-03 1.889600e-01
133 8.014160e-01 8.220000e-03 1.903640e-01
134 8.001320e-01 8.036000e-03 1.918320e-01
135 7.985640e-01 8.172000e-03 1.932640e-01
136 7.972280e-01 8.040000e-03 1.947320e-01
137 7.957600e-01 8.176000e-03 1.960640e-01
138 7.941480e-01 8.384000e-03 1.974680e-01
139 7.926440e-01 8.304000e-03 1.990520e-01
140 7.912920e-01 8.124000e-03 2.005840e-01
141 7.898680e-01 8.116000e-03 2.020160e-01
142 7.885320e-01 8.048000e-03 2.034200e-01
143 7.873880e-01 7.668000e-03 2.049440e-01
144 7.860400e-01 7.692000e-03 2.062680e-01
145 7.847080e-01 7.676000e-03 2.076160e-01
146 7.832920e-01 7.664000e-03 2.090440e-01
147 7.818880e-01 7.568000e-03 2.105440e-01
148 7.804400e-01 7.680000e-03 2.118800e-01
149 7.790680e-01 7.660000e-03 2.132720e-01
150 7.777720e-01 7.652000e-03 2.145760e-01
151 7.764840e-01 7.632000e-03 2.158840e-01
152 7.751840e-01 7.528000e-03 2.172880e-01
153 7.738320e-01 7.572000e-03 2.185960e-01
154 7.725160e-01 7.520000e-03 2.199640e-01
155 7.711480e-01 7.484000e-03 2.213680e-01
156 7.699720e-01 7.404000e-03 2.226240e-01
157 7.686720e-01 7.372000e-03 2.239560e-01
158 7.674600e-01 7.156000e-03 2.253840e-01
159 7.663320e-01 7.124000e-03 2.265440e-01
160 7.650880e-01 7.284000e-03 2.276280e-01
161 7.639520e-01 7.208000e-03 2.288400e-01
162 7.626360e-01 7.264000e-03 2.301000e-01
163 7.615040e-01 7.216000e-03 2.312800e-01
164 7.602600e-01 7.136000e-03 2.326040e-01
165 7.590560e-01 7.164000e-03 2.337800e-01
166 7.578000e-01 7.212000e-03 2.349880e-01
167 7.564880e-01 7.340000e-03 2.361720e-01
168 7.550840e-01 7.564000e-03 2.373520e-01
169 7.536440e-01 7.720000e-03 2.386360e-01
170 7.522720e-01 7.704000e-03 2.400240e-01
171 7.509680e-01 7.744000e-03 2.412880e-01
172 7.496360e-01 7.816000e-03 2.425480e-01
173 7.484600e-01 7.700000e-03 2.438400e-01
174 7.471160e-01 7.788000e-03 2.450960e-01
175 7.456680e-01 7.956000e-03 2.463760e-01
176 7.443960e-01 7.828000e-03 2.477760e-01
177 7.431720e-01 7.680000e-03 2.491480e-01
178 7.418640e-01 7.672000e-03 2.504640e-01
179 7.405760e-01 7.684000e-03 2.517400e-01
180 7.394520e-01 7.484000e-03 2.530640e-01
181 7.381240e-01 7.468000e-03 2.544080e-01
182 7.368800e-01 7.416000e-03 2.557040e-01
183 7.356680e-01 7.416000e-03 2.569160e-01
184 7.343200e-01 7.516000e-03 2.581640e-01
185 7.330120e-01 7.640000e-03 2.593480e-01
186 7.316640e-01 7.732000e-03 2.606040e-01
187 7.302320e-01 7.884000e-03 2.618840e-01
188 7.289400e-01 7.780000e-03 2.632800e-01
189 7.275800e-01 7.740000e-03 2.646800e-01
190 7.263680e-01 7.672000e-03 2.659600e-01
191 7.250720e-01 7.608000e-03 2.673200e-01
192 7.239160e-01 7.480000e-03 2.686040e-01
193 7.226680e-01 7.308000e-03 2.700240e-01
194 7.215080e-01 7.248000e-03 2.712440e-01
195 7.202720e-01 7.296000e-03 2.724320e-01
196 7.190600e-01 7.152000e-03 2.737880e-01
197 7.177240e-01 7.368000e-03 2.749080e-01
198 7.165200e-01 7.260000e-03 2.762200e-01
199 7.150920e-01 7.464000e-03 2.774440e-01
200 7.138320e-01 7.312000e-03 2.788560e-01
201 7.126920e-01 7.084000e-03 2.802240e-01
202 7.113800e-01 7.200000e-03 2.814200e-01
203 7.100760e-01 7.228000e-03 2.826960e-01
204 7.087560e-01 7.328000e-03 2.839160e-01
205 7.075360e-01 7.208000e-03 2.852560e-01
206 7.063000e-01 7.192000e-03 2.865080e-01
207 7.049360e-01 7.188000e-03 2.878760e-01
208 7.035800e-01 7.408000e-03 2.890120e-01
209 7.022000e-01 7.524000e-03 2.902760e-01
210 7.007800e-01 7.648000e-03 2.915720e-01
211 6.993680e-01 7.788000e-03 2.928440e-01
212 6.980480e-01 7.740000e-03 2.942120e-01
213 6.966880e-01 7.780000e-03 2.955320e-01
214 6.953320e-01 7.780000e-03 2.968880e-01
215 6.942960e-01 7.468000e-03 2.982360e-01
216 6.932200e-01 7.332000e-03 2.994480e-01
217 6.920320e-01 7.172000e-03 3.007960e-01
218 6.909640e-01 6.956000e-03 3.020800e-01
219 6.898480e-01 6.764000e-03 3.033880e-01
220 6.889480e-01 6.572000e-03 3.044800e-01
221 6.878280e-01 6.532000e-03 3.056400e-01
222 6.866720e-01 6.504000e-03 3.068240e-01
223 6.856560e-01 6.448000e-03 3.078960e-01
224 6.845960e-01 6.340000e-03 3.090640e-01
225 6.835400e-01 6.308000e-03 3.101520e-01
226 6.826200e-01 6.040000e-03 3.113400e-01
227 6.815960e-01 6.024000e-03 3.123800e-01
228 6.806480e-01 6.000000e-03 3.133520e-01
229 6.797360e-01 5.916000e-03 3.143480e-01
230 6.787680e-01 5.932000e-03 3.153000e-01
231 6.777240e-01 5.904000e-03 3.163720e-01
232 6.767920e-01 5.772000e-03 3.174360e-01
233 6.758320e-01 5.684000e-03 3.184840e-01
234 6.749680e-01 5.612000e-03 3.194200e-01
235 6.740800e-01 5.536000e-03 3.203840e-01
236 6.732120e-01 5.384000e-03 3.214040e-01
237 6.723840e-01 5.264000e-03 3.223520e-01
238 6.714920e-01 5.348000e-03 3.231600e-01
239 6.706480e-01 5.252000e-03 3.241000e-01
240 6.698840e-01 5.104000e-03 3.250120e-01
241 6.690720e-01 5.044000e-03 3.258840e-01
242 6.682000e-01 5.032000e-03 3.267680e-01
243 6.674080e-01 4.924000e-03 3.276680e-01
244 6.667080e-01 4.760000e-03 3.285320e-01
245 6.659120e-01 4.752000e-03 3.293360e-01
246 6.651280e-01 4.748000e-03 3.301240e-01
247 6.645280e-01 4.632000e-03 3.308400e-01
248 6.639200e-01 4.428000e-03 3.316520e-01
249 6.633000e-01 4.284000e-03 3.324160e-01
250 6.626120e-01 4.240000e-03 3.331480e-01
251 6.619480e-01 4.096000e-03 3.339560e-01
252 6.612600e-01 4.084000e-03 3.346560e-01
253 6.605520e-01 4.180000e-03 3.352680e-01
254 6.599200e-01 4.204000e-03 3.358760e-01
255 6.591640e-01 4.276000e-03 3.365600e-01
256 6.585480e-01 4.116000e-03 3.373360e-01
257 6.578120e-01 4.200000e-03 3.379880e-01
258 6.571320e-01 4.144000e-03 3.387240e-01
259 6.564400e-01 4.128000e-03 3.394320e-01
260 6.557720e-01 4.004000e-03 3.402240e-01
261 6.551640e-01 3.944000e-03 3.408920e-01
262 6.545240e-01 3.956000e-03 3.415200e-01
263 6.539440e-01 3.844000e-03 3.422120e-01
264 6.533480e-01 3.780000e-03 3.428720e-01
265 6.527360e-01 3.736000e-03 3.435280e-01
266 6.522080e-01 3.556000e-03 3.442360e-01
267 6.518040e-01 3.360000e-03 3.448360e-01
268 6.514040e-01 3.176000e-03 3.454200e-01
269 6.509040e-01 3.100000e-03 3.459960e-01
270 6.504280e-01 3.084000e-03 3.464880e-01
271 6.498920e-01 3.092000e-03 3.470160e-01
272 6.493320e-01 3.096000e-03 3.475720e-01
273 6.486640e-01 3.232000e-03 3.481040e-01
274 6.481480e-01 3.164000e-03 3.486880e-01
275 6.475800e-01 3.176000e-03 3.492440e-01
276 6.470360e-01 3.208000e-03 3.497560e-01
277 6.465080e-01 3.144000e-03 3.503480e-01
278 6.460760e-01 3.056000e-03 3.508680e-01
279 6.455840e-01 3.020000e-03 3.513960e-01
280 6.450800e-01 3.016000e-03 3.519040e-01
281 6.447000e-01 2.828000e-03 3.524720e-01
282 6.443240e-01 2.752000e-03 3.529240e-01
283 6.438120e-01 2.788000e-03 3.534000e-01
284 6.433720e-01 2.780000e-03 3.538480e-01
285 6.429440e-01 2.720000e-03 3.543360e-01
286 6.425320e-01 2.632000e-03 3.548360e-01
287 6.420720e-01 2.608000e-03 3.553200e-01
288 6.416400e-01 2.636000e-03 3.557240e-01
289 6.411760e-01 2.656000e-03 3.561680e-01
290 6.407080e-01 2.652000e-03 3.566400e-01
291 6.403160e-01 2.608000e-03 3.570760e-01
292 6.398840e-01 2.640000e-03 3.574760e-01
293 6.393600e-01 2.684000e-03 3.579560e-01
294 6.389440e-01 2.608000e-03 3.584480e-01
295 6.385560e-01 2.516000e-03 3.589280e-01
296 6.382800e-01 2.328000e-03 3.593920e-01
297 6.379240e-01 2.292000e-03 3.597840e-01
298 6.375320e-01 2.276000e-03 3.601920e-01
299 6.372280e-01 2.208000e-03 3.605640e-01
300 6.369400e-01 2.152000e-03 3.609080e-01
301 6.366480e-01 2.128000e-03 3.612240e-01
302 6.363960e-01 2.060000e-03 3.615440e-01
303 6.361440e-01 1.920000e-03 3.619360e-01
304 6.359040e-01 1.824000e-03 3.622720e-01
305 6.356720e-01 1.788000e-03 3.625400e-01
306 6.354120e-01 1.660000e-03 3.629280e-01
307 6.351480e-01 1.680000e-03 3.631720e-01
308 6.348960e-01 1.672000e-03 3.634320e-01
309 6.346560e-01 1.668000e-03 3.636760e-01
310 6.344520e-01 1.592000e-03 3.639560e-01
311 6.341960e-01 1.520000e-03 3.642840e-01
312 6.339440e-01 1.496000e-03 3.645600e-01
313 6.337200e-01 1.460000e-03 3.648200e-01
314 6.335200e-01 1.372000e-03 3.651080e-01
315 6.332760e-01 1.384000e-03 3.653400e-01
316 6.330480e-01 1.392000e-03 3.655600e-01
317 6.328760e-01 1.336000e-03 3.657880e-01
318 6.326320e-01 1.344000e-03 3.660240e-01
319 6.323960e-01 1.388000e-03 3.662160e-01
320 6.321720e-01 1.348000e-03 3.664800e-01
321 6.319080e-01 1.328000e-03 3.667640e-01
322 6.315600e-01 1.464000e-03 3.669760e-01
323 6.312000e-01 1.588000e-03 3.672120e-01
324 6.309240e-01 1.576000e-03 3.675000e-01
325 6.306360e-01 1.604000e-03 3.677600e-01
326 6.302840e-01 1.676000e-03 3.680400e-01
327 6.298960e-01 1.780000e-03 3.683240e-01
328 6.295080e-01 1.860000e-03 3.686320e-01
329 6.291960e-01 1.872000e-03 3.689320e-01
330 6.287720e-01 1.964000e-03 3.692640e-01
331 6.284080e-01 1.940000e-03 3.696520e-01
332 6.280000e-01 2.048000e-03 3.699520e-01
333 6.276760e-01 2.016000e-03 3.703080e-01
334 6.272600e-01 2.132000e-03 3.706080e-01
335 6.269280e-01 2.104000e-03 3.709680e-01
336 6.266320e-01 2.072000e-03 3.712960e-01
337 6.263480e-01 2.040000e-03 3.716120e-01
338 6.260840e-01 1.980000e-03 3.719360e-01
339 6.258360e-01 1.860000e-03 3.723040e-01
340 6.255560e-01 1.756000e-03 3.726880e-01
341 6.253800e-01 1.596000e-03 3.730240e-01
342 6.251240e-01 1.620000e-03 3.732560e-01
343 6.248520e-01 1.584000e-03 3.735640e-01
344 6.246200e-01 1.504000e-03 3.738760e-01
345 6.244160e-01 1.428000e-03 3.741560e-01
346 6.241840e-01 1.376000e-03 3.744400e-01
347 6.239760e-01 1.344000e-03 3.746800e-01
348 6.237920e-01 1.252000e-03 3.749560e-01
349 6.236120e-01 1.228000e-03 3.751600e-01
350 6.234560e-01 1.160000e-03 3.753840e-01
351 6.232960e-01 1.072000e-03 3.756320e-01
352 6.231480e-01 1.028000e-03 3.758240e-01
353 6.230400e-01 9.520000e-04 3.760080e-01
354 6.229120e-01 9.120000e-04 3.761760e-01
355 6.227640e-01 9.240000e-04 3.763120e-01
356 6.226880e-01 8.640000e-04 3.764480e-01
357 6.225320e-01 8.640000e-04 3.766040e-01
358 6.224360e-01 8.440000e-04 3.767200e-01
359 6.223160e-01 8.120000e-04 3.768720e-01
360 6.221840e-01 7.920000e-04 3.770240e-01
361 6.220880e-01 7.440000e-04 3.771680e-01
362 6.219760e-01 7.400000e-04 3.772840e-01
363 6.218600e-01 7.240000e-04 3.774160e-01
364 6.217480e-01 7.200000e-04 3.775320e-01
365 6.216000e-01 7.480000e-04 3.776520e-01
366 6.214560e-01 7.560000e-04 3.777880e-01
367 6.212880e-01 7.800000e-04 3.779320e-01
368 6.211400e-01 7.480000e-04 3.781120e-01
369 6.210400e-01 7.360000e-04 3.782240e-01
370 6.209000e-01 7.280000e-04 3.783720e-01
371 6.207720e-01 6.960000e-04 3.785320e-01
372 6.206280e-01 7.360000e-04 3.786360e-01
373 6.204640e-01 7.800000e-04 3.787560e-01
374 6.202800e-01 7.720000e-04 3.789480e-01
375 6.201120e-01 8.200000e-04 3.790680e-01
376 6.199000e-01 8.760000e-04 3.792240e-01
377 6.197640e-01 8.560000e-04 3.793800e-01
378 6.196560e-01 8.480000e-04 3.794960e-01
379 6.194600e-01 8.880000e-04 3.796520e-01
380 6.192680e-01 9.000000e-04 3.798320e-01
381 6.190120e-01 9.600000e-04 3.800280e-01
382 6.188200e-01 9.640000e-04 3.802160e-01
383 6.186520e-01 9.800000e-04 3.803680e-01
384 6.183920e-01 1.060000e-03 3.805480e-01
385 6.181320e-01 1.172000e-03 3.806960e-01
386 6.179200e-01 1.228000e-03 3.808520e-01
387 6.176800e-01 1.224000e-03 3.810960e-01
388 6.174640e-01 1.152000e-03 3.813840e-01
389 6.172640e-01 1.092000e-03 3.816440e-01
390 6.171000e-01 1.064000e-03 3.818360e-01
391 6.169440e-01 9.920000e-04 3.820640e-01
392 6.167600e-01 9.720000e-04 3.822680e-01
393 6.165920e-01 9.720000e-04 3.824360e-01
394 6.163880e-01 1.016000e-03 3.825960e-01
395 6.162400e-01 1.036000e-03 3.827240e-01
396 6.160480e-01 1.036000e-03 3.829160e-01
397 6.158920e-01 9.560000e-04 3.831520e-01
398 6.157160e-01 9.840000e-04 3.833000e-01
399 6.155720e-01 9.520000e-04 3.834760e-01
400 6.154160e-01 9.560000e-04 3.836280e-01
401 6.153080e-01 9.120000e-04 3.837800e-01
402 6.151960e-01 8.600000e-04 3.839440e-01
403 6.150360e-01 8.360000e-04 3.841280e-01
404 6.148640e-01 8.760000e-04 3.842600e-01
405 6.146840e-01 8.560000e-04 3.844600e-01
406 6.145000e-01 9.160000e-04 3.845840e-01
407 6.143360e-01 8.920000e-04 3.847720e-01
408 6.142080e-01 8.480000e-04 3.849440e-01
409 6.140480e-01 8.600000e-04 3.850920e-01
410 6.138360e-01 9.440000e-04 3.852200e-01
411 6.136200e-01 9.720000e-04 3.854080e-01
412 6.134680e-01 9.160000e-04 3.856160e-01
413 6.133000e-01 9.080000e-04 3.857920e-01
414 6.131040e-01 9.000000e-04 3.859960e-01
415 6.129920e-01 8.600000e-04 3.861480e-01
416 6.128640e-01 8.720000e-04 3.862640e-01
417 6.127440e-01 8.200000e-04 3.864360e-01
418 6.126080e-01 8.320000e-04 3.865600e-01
419 6.124960e-01 8.080000e-04 3.866960e-01
420 6.123040e-01 8.480000e-04 3.868480e-01
421 6.122040e-01 7.720000e-04 3.870240e-01
422 6.119920e-01 8.200000e-04 3.871880e-01
423 6.118120e-01 8.400000e-04 3.873480e-01
424 6.116440e-01 8.920000e-04 3.874640e-01
425 6.114560e-01 8.840000e-04 3.876600e-01
426 6.112920e-01 8.720000e-04 3.878360e-01
427 6.111520e-01 8.200000e-04 3.880280e-01
428 6.110080e-01 8.280000e-04 3.881640e-01
429 6.108080e-01 8.880000e-04 3.883040e-01
430 6.106720e-01 8.680000e-04 3.884600e-01
431 6.105360e-01 8.480000e-04 3.886160e-01
432 6.103960e-01 8.680000e-04 3.887360e-01
433 6.102360e-01 9.000000e-04 3.888640e-01
434 6.100720e-01 9.160000e-04 3.890120e-01
435 6.099200e-01 9.080000e-04 3.891720e-01
436 6.097200e-01 9.280000e-04 3.893520e-01
437 6.095840e-01 9.080000e-04 3.895080e-01
438 6.094320e-01 9.320000e-04 3.896360e-01
439 6.092680e-01 9.320000e-04 3.898000e-01
440 6.090880e-01 9.520000e-04 3.899600e-01
441 6.089480e-01 9.440000e-04 3.901080e-01
442 6.088200e-01 9.200000e-04 3.902600e-01
443 6.087080e-01 8.800000e-04 3.904120e-01
444 6.086000e-01 8.120000e-04 3.905880e-01
445 6.084920e-01 7.880000e-04 3.907200e-01
446 6.083400e-01 7.800000e-04 3.908800e-01
447 6.082400e-01 7.200000e-04 3.910400e-01
448 6.081000e-01 7.600000e-04 3.911400e-01
449 6.080280e-01 7.080000e-04 3.912640e-01
450 6.079040e-01 7.120000e-04 3.913840e-01
451 6.077840e-01 6.720000e-04 3.915440e-01
452 6.076760e-01 6.840000e-04 3.916400e-01
453 6.075560e-01 7.120000e-04 3.917320e-01
454 6.074680e-01 6.880000e-04 3.918440e-01
455 6.073440e-01 6.920000e-04 3.919640e-01
456 6.072760e-01 6.840000e-04 3.920400e-01
457 6.071680e-01 6.880000e-04 3.921440e-01
458 6.071120e-01 5.960000e-04 3.922920e-01
459 6.070000e-01 6.200000e-04 3.923800e-01
460 6.068600e-01 6.280000e-04 3.925120e-01
461 6.067440e-01 6.440000e-04 3.926120e-01
462 6.065880e-01 6.720000e-04 3.927400e-01
463 6.065040e-01 6.400000e-04 3.928560e-01
464 6.063920e-01 6.560000e-04 3.929520e-01
465 6.062960e-01 6.680000e-04 3.930360e-01
466 6.062200e-01 6.400000e-04 3.931400e-01
467 6.061560e-01 6.120000e-04 3.932320e-01
468 6.060560e-01 6.160000e-04 3.933280e-01
469 6.059480e-01 6.240000e-04 3.934280e-01
470 6.058440e-01 6.240000e-04 3.935320e-01
471 6.057600e-01 6.080000e-04 3.936320e-01
472 6.056920e-01 5.720000e-04 3.937360e-01
473 6.056240e-01 5.320000e-04 3.938440e-01
474 6.055560e-01 5.000000e-04 3.939440e-01
475 6.054760e-01 5.000000e-04 3.940240e-01
476 6.054000e-01 5.000000e-04 3.941000e-01
477 6.053000e-01 5.280000e-04 3.941720e-01
478 6.052080e-01 5.440000e-04 3.942480e-01
479 6.051160e-01 5.480000e-04 3.943360e-01
480 6.050360e-01 5.160000e-04 3.944480e-01
481 6.049480e-01 5.560000e-04 3.944960e-01
482 6.048880e-01 5.200000e-04 3.945920e-01
483 6.048160e-01 5.080000e-04 3.946760e-01
484 6.047520e-01 4.960000e-04 3.947520e-01
485 6.046320e-01 5.480000e-04 3.948200e-01
486 6.045480e-01 5.640000e-04 3.948880e-01
487 6.044080e-01 6.120000e-04 3.949800e-01
488 6.043000e-01 6.240000e-04 3.950760e-01
489 6.041920e-01 6.160000e-04 3.951920e-01
490 6.041000e-01 5.880000e-04 3.953120e-01
491 6.040160e-01 5.800000e-04 3.954040e-01
492 6.039280e-01 5.640000e-04 3.955080e-01
493 6.038120e-01 5.960000e-04 3.955920e-01
494 6.037040e-01 5.960000e-04 3.957000e-01
495 6.035880e-01 5.880000e-04 3.958240e-01
496 6.034880e-01 5.880000e-04 3.959240e-01
497 6.034360e-01 5.520000e-04 3.960120e-01
498 6.033560e-01 5.200000e-04 3.961240e-01
499 6.033000e-01 4.840000e-04 3.962160e-01
500 6.032400e-01 4.720000e-04 3.962880e-01
