1 9.993160e-01 5.760000e-04 1.080000e-04
2 9.987880e-01 1.008000e-03 2.040000e-04
3 9.982040e-01 1.380000e-03 4.160000e-04
4 9.974680e-01 1.856000e-03 6.760000e-04
5 9.966920e-01 2.220000e-03 1.088000e-03
6 9.958560e-01 2.652000e-03 1.492000e-03
7 9.950440e-01 2.908000e-03 2.048000e-03
8 9.942320e-01 3.188000e-03 2.580000e-03
9 9.933800e-01 3.524000e-03 3.096000e-03
10 9.923400e-01 3.868000e-03 3.792000e-03
11 9.913320e-01 4.196000e-03 4.472000e-03
12 9.902040e-01 4.568000e-03 5.228000e-03
13 9.891200e-01 4.824000e-03 6.056000e-03
14 9.880920e-01 4.924000e-03 6.984000e-03
15 9.871560e-01 5.092000e-03 7.752000e-03
16 9.859320e-01 5.452000e-03 8.616000e-03
17 9.845880e-01 5.836000e-03 9.576000e-03
18 9.832720e-01 6.152000e-03 1.057600e-02
19 9.820200e-01 6.280000e-03 1.170000e-02
20 9.806800e-01 6.472000e-03 1.284800e-02
21 9.793440e-01 6.668000e-03 1.398800e-02
22 9.778960e-01 7.008000e-03 1.509600e-02
23 9.765360e-01 7.164000e-03 1.630000e-02
24 9.751400e-01 7.424000e-03 1.743600e-02
25 9.737120e-01 7.500000e-03 1.878800e-02
26 9.723680e-01 7.476000e-03 2.015600e-02
27 9.710760e-01 7.456000e-03 2.146800e-02
28 9.698120e-01 7.432000e-03 2.275600e-02
29 9.685720e-01 7.328000e-03 2.410000e-02
30 9.672720e-01 7.304000e-03 2.542400e-02
31 9.658400e-01 7.484000e-03 2.667600e-02
32 9.645200e-01 7.512000e-03 2.796800e-02
33 9.631760e-01 7.528000e-03 2.929600e-02
34 9.618800e-01 7.548000e-03 3.057200e-02
35 9.604520e-01 7.520000e-03 3.202800e-02
36 9.590480e-01 7.524000e-03 3.342800e-02
37 9.577400e-01 7.428000e-03 3.483200e-02
38 9.563640e-01 7.516000e-03 3.612000e-02
39 9.549480e-01 7.476000e-03 3.757600e-02
40 9.535880e-01 7.540000e-03 3.887200e-02
41 9.521640e-01 7.732000e-03 4.010400e-02
42 9.506160e-01 7.816000e-03 4.156800e-02
43 9.490800e-01 7.900000e-03 4.302000e-02
44 9.477520e-01 7.916000e-03 4.433200e-02
45 9.461840e-01 8.144000e-03 4.567200e-02
46 9.446480e-01 8.332000e-03 4.702000e-02
47 9.430720e-01 8.256000e-03 4.867200e-02
48 9.415800e-01 8.280000e-03 5.014000e-02
49 9.401760e-01 8.192000e-03 5.163200e-02
50 9.387080e-01 8.144000e-03 5.314800e-02
51 9.373080e-01 8.172000e-03 5.452000e-02
52 9.358360e-01 8.216000e-03 5.594800e-02
53 9.343680e-01 8.212000e-03 5.742000e-02
54 9.329000e-01 8.100000e-03 5.900000e-02
55 9.313680e-01 8.312000e-03 6.032000e-02
56 9.299360e-01 8.284000e-03 6.178000e-02
57 9.285520e-01 8.232000e-03 6.321600e-02
58 9.270400e-01 8.152000e-03 6.480800e-02
59 9.256000e-01 8.136000e-03 6.626400e-02
60 9.240560e-01 8.284000e-03 6.766000e-02
61 9.227360e-01 8.164000e-03 6.910000e-02
62 9.211640e-01 8.300000e-03 7.053600e-02
63 9.197920e-01 8.248000e-03 7.196000e-02
64 9.182640e-01 8.376000e-03 7.336000e-02
65 9.168480e-01 8.400000e-03 7.475200e-02
66 9.154640e-01 8.284000e-03 7.625200e-02
67 9.140720e-01 8.128000e-03 7.780000e-02
68 9.125520e-01 8.176000e-03 7.927200e-02
69 9.111640e-01 8.152000e-03 8.068400e-02
70 9.098200e-01 8.040000e-03 8.214000e-02
71 9.084880e-01 8.080000e-03 8.343200e-02
72 9.071000e-01 7.976000e-03 8.492400e-02
73 9.056840e-01 8.056000e-03 8.626000e-02
74 9.044120e-01 7.936000e-03 8.765200e-02
75 9.032000e-01 7.868000e-03 8.893200e-02
76 9.019320e-01 7.688000e-03 9.038000e-02
77 9.006040e-01 7.628000e-03 9.176800e-02
78 8.993960e-01 7.484000e-03 9.312000e-02
79 8.981120e-01 7.264000e-03 9.462400e-02
80 8.967880e-01 7.360000e-03 9.585200e-02
81 8.955000e-01 7.440000e-03 9.706000e-02
82 8.941000e-01 7.520000e-03 9.838000e-02
83 8.927280e-01 7.536000e-03 9.973600e-02
84 8.913520e-01 7.544000e-03 1.011040e-01
85 8.898640e-01 7.760000e-03 1.023760e-01
86 8.884040e-01 7.856000e-03 1.037400e-01
87 8.870280e-01 7.808000e-03 1.051640e-01
88 8.855600e-01 7.872000e-03 1.065680e-01
89 8.841200e-01 7.988000e-03 1.078920e-01
90 8.828320e-01 7.940000e-03 1.092280e-01
91 8.814640e-01 7.936000e-03 1.106000e-01
92 8.801480e-01 7.832000e-03 1.120200e-01
93 8.787400e-01 7.848000e-03 1.134120e-01
94 8.773720e-01 7.716000e-03 1.149120e-01
95 8.762080e-01 7.500000e-03 1.162920e-01
96 8.748200e-01 7.640000e-03 1.175400e-01
97 8.735600e-01 7.588000e-03 1.188520e-01
98 8.724440e-01 7.320000e-03 1.202360e-01
99 8.714560e-01 6.964000e-03 1.215800e-01
100 8.702680e-01 6.804000e-03 1.229280e-01
101 8.691360e-01 6.876000e-03 1.239880e-01
102 8.681080e-01 6.736000e-03 1.251560e-01
103 8.668680e-01 6.764000e-03 1.263680e-01
104 8.656600e-01 6.828000e-03 1.275120e-01
105 8.646160e-01 6.664000e-03 1.287200e-01
106 8.635120e-01 6.508000e-03 1.299800e-01
107 8.624440e-01 6.584000e-03 1.309720e-01
108 8.614280e-01 6.384000e-03 1.321880e-01
109 8.604680e-01 6.260000e-03 1.332720e-01
110 8.594720e-01 6.160000e-03 1.343680e-01
111 8.582880e-01 6.312000e-03 1.354000e-01
112 8.570760e-01 6.376000e-03 1.365480e-01
113 8.560960e-01 6.268000e-03 1.376360e-01
114 8.549960e-01 6.340000e-03 1.386640e-01
115 8.538480e-01 6.328000e-03 1.398240e-01
116 8.528440e-01 6.272000e-03 1.408840e-01
117 8.519040e-01 6.104000e-03 1.419920e-01
118 8.509240e-01 5.976000e-03 1.431000e-01
119 8.499480e-01 5.928000e-03 1.441240e-01
120 8.489640e-01 5.868000e-03 1.451680e-01
121 8.480320e-01 5.752000e-03 1.462160e-01
122 8.470760e-01 5.716000e-03 1.472080e-01
123 8.461080e-01 5.676000e-03 1.482160e-01
124 8.452120e-01 5.544000e-03 1.492440e-01
125 8.441800e-01 5.708000e-03 1.501120e-01
126 8.431040e-01 5.860000e-03 1.510360e-01
127 8.421120e-01 5.772000e-03 1.521160e-01
128 8.410960e-01 5.752000e-03 1.531520e-01
129 8.400800e-01 5.864000e-03 1.540560e-01
130 8.392080e-01 5.772000e-03 1.550200e-01
131 8.382200e-01 5.820000e-03 1.559600e-01
132 8.372080e-01 5.696000e-03 1.570960e-01
133 8.361600e-01 5.724000e-03 1.581160e-01
134 8.351400e-01 5.736000e-03 1.591240e-01
135 8.340720e-01 5.912000e-03 1.600160e-01
136 8.331240e-01 5.876000e-03 1.610000e-01
137 8.322040e-01 5.688000e-03 1.621080e-01
138 8.313160e-01 5.632000e-03 1.630520e-01
139 8.303200e-01 5.636000e-03 1.640440e-01
140 8.291680e-01 5.740000e-03 1.650920e-01
141 8.281640e-01 5.708000e-03 1.661280e-01
142 8.271080e-01 5.780000e-03 1.671120e-01
143 8.260440e-01 5.808000e-03 1.681480e-01
144 8.249280e-01 5.788000e-03 1.692840e-01
145 8.239120e-01 5.740000e-03 1.703480e-01
146 8.229960e-01 5.604000e-03 1.714000e-01
147 8.220400e-01 5.544000e-03 1.724160e-01
148 8.211760e-01 5.492000e-03 1.733320e-01
149 8.203080e-01 5.416000e-03 1.742760e-01
150 8.194560e-01 5.336000e-03 1.752080e-01
151 8.186480e-01 5.344000e-03 1.760080e-01
152 8.179360e-01 5.172000e-03 1.768920e-01
153 8.171160e-01 5.188000e-03 1.776960e-01
154 8.162600e-01 5.144000e-03 1.785960e-01
155 8.154360e-01 5.032000e-03 1.795320e-01
156 8.145200e-01 5.080000e-03 1.804000e-01
157 8.136120e-01 5.172000e-03 1.812160e-01
158 8.127560e-01 5.156000e-03 1.820880e-01
159 8.117960e-01 5.288000e-03 1.829160e-01
160 8.106840e-01 5.496000e-03 1.838200e-01
161 8.096400e-01 5.608000e-03 1.847520e-01
162 8.085480e-01 5.688000e-03 1.857640e-01
163 8.074840e-01 5.760000e-03 1.867560e-01
164 8.064440e-01 5.788000e-03 1.877680e-01
165 8.054920e-01 5.704000e-03 1.888040e-01
166 8.044440e-01 5.768000e-03 1.897880e-01
167 8.035000e-01 5.680000e-03 1.908200e-01
168 8.025120e-01 5.716000e-03 1.917720e-01
169 8.015400e-01 5.656000e-03 1.928040e-01
170 8.006600e-01 5.428000e-03 1.939120e-01
171 7.998080e-01 5.320000e-03 1.948720e-01
172 7.988400e-01 5.408000e-03 1.957520e-01
173 7.979640e-01 5.380000e-03 1.966560e-01
174 7.970200e-01 5.368000e-03 1.976120e-01
175 7.962000e-01 5.180000e-03 1.986200e-01
176 7.953160e-01 5.196000e-03 1.994880e-01
177 7.943920e-01 5.264000e-03 2.003440e-01
178 7.935520e-01 5.080000e-03 2.013680e-01
179 7.926560e-01 5.100000e-03 2.022440e-01
180 7.917720e-01 5.060000e-03 2.031680e-01
181 7.909520e-01 5.056000e-03 2.039920e-01
182 7.899920e-01 5.180000e-03 2.048280e-01
183 7.891920e-01 5.076000e-03 2.057320e-01
184 7.884640e-01 4.892000e-03 2.066440e-01
185 7.876080e-01 4.960000e-03 2.074320e-01
186 7.866640e-01 5.008000e-03 2.083280e-01
187 7.856400e-01 5.212000e-03 2.091480e-01
188 7.847160e-01 5.196000e-03 2.100880e-01
189 7.838200e-01 5.264000e-03 2.109160e-01
190 7.828640e-01 5.340000e-03 2.117960e-01
191 7.819760e-01 5.320000e-03 2.127040e-01
192 7.811520e-01 5.308000e-03 2.135400e-01
193 7.802240e-01 5.240000e-03 2.145360e-01
194 7.792640e-01 5.364000e-03 2.153720e-01
195 7.783640e-01 5.396000e-03 2.162400e-01
196 7.774360e-01 5.392000e-03 2.171720e-01
197 7.765320e-01 5.384000e-03 2.180840e-01
198 7.755720e-01 5.412000e-03 2.190160e-01
199 7.746360e-01 5.424000e-03 2.199400e-01
200 7.738120e-01 5.416000e-03 2.207720e-01
201 7.729400e-01 5.380000e-03 2.216800e-01
202 7.720240e-01 5.380000e-03 2.225960e-01
203 7.711560e-01 5.284000e-03 2.235600e-01
204 7.701840e-01 5.276000e-03 2.245400e-01
205 7.693000e-01 5.184000e-03 2.255160e-01
206 7.683200e-01 5.200000e-03 2.264800e-01
207 7.674960e-01 5.112000e-03 2.273920e-01
208 7.666000e-01 5.112000e-03 2.282880e-01
209 7.657800e-01 5.028000e-03 2.291920e-01
210 7.649600e-01 4.992000e-03 2.300480e-01
211 7.641640e-01 4.964000e-03 2.308720e-01
212 7.633920e-01 4.864000e-03 2.317440e-01
213 7.625240e-01 4.940000e-03 2.325360e-01
214 7.616120e-01 5.024000e-03 2.333640e-01
215 7.608440e-01 4.896000e-03 2.342600e-01
216 7.601520e-01 4.820000e-03 2.350280e-01
217 7.592760e-01 4.876000e-03 2.358480e-01
218 7.584360e-01 4.856000e-03 2.367080e-01
219 7.577200e-01 4.676000e-03 2.376040e-01
220 7.569200e-01 4.700000e-03 2.383800e-01
221 7.561000e-01 4.696000e-03 2.392040e-01
222 7.553840e-01 4.504000e-03 2.401120e-01
223 7.545920e-01 4.396000e-03 2.410120e-01
224 7.538800e-01 4.292000e-03 2.418280e-01
225 7.531520e-01 4.316000e-03 2.425320e-01
226 7.523880e-01 4.364000e-03 2.432480e-01
227 7.514560e-01 4.592000e-03 2.439520e-01
228 7.506560e-01 4.596000e-03 2.447480e-01
229 7.498720e-01 4.524000e-03 2.456040e-01
230 7.490200e-01 4.492000e-03 2.464880e-01
231 7.482120e-01 4.536000e-03 2.472520e-01
232 7.474520e-01 4.472000e-03 2.480760e-01
233 7.464480e-01 4.696000e-03 2.488560e-01
234 7.456640e-01 4.688000e-03 2.496480e-01
235 7.449160e-01 4.668000e-03 2.504160e-01
236 7.442120e-01 4.592000e-03 2.511960e-01
237 7.434560e-01 4.560000e-03 2.519840e-01
238 7.426520e-01 4.544000e-03 2.528040e-01
239 7.420160e-01 4.400000e-03 2.535840e-01
240 7.413320e-01 4.400000e-03 2.542680e-01
241 7.406800e-01 4.368000e-03 2.549520e-01
242 7.399760e-01 4.356000e-03 2.556680e-01
243 7.393280e-01 4.252000e-03 2.564200e-01
244 7.386600e-01 4.252000e-03 2.570880e-01
245 7.379000e-01 4.276000e-03 2.578240e-01
246 7.371840e-01 4.252000e-03 2.585640e-01
247 7.364720e-01 4.244000e-03 2.592840e-01
248 7.357600e-01 4.236000e-03 2.600040e-01
249 7.351240e-01 4.184000e-03 2.606920e-01
250 7.344760e-01 4.108000e-03 2.614160e-01
251 7.338720e-01 3.976000e-03 2.621520e-01
252 7.332800e-01 3.880000e-03 2.628400e-01
253 7.327080e-01 3.848000e-03 2.634440e-01
254 7.320240e-01 3.884000e-03 2.640920e-01
255 7.313400e-01 3.884000e-03 2.647760e-01
256 7.307760e-01 3.868000e-03 2.653560e-01
257 7.301960e-01 3.724000e-03 2.660800e-01
258 7.296120e-01 3.684000e-03 2.667040e-01
259 7.289640e-01 3.736000e-03 2.673000e-01
260 7.282680e-01 3.744000e-03 2.679880e-01
261 7.274480e-01 3.872000e-03 2.686800e-01
262 7.267960e-01 3.816000e-03 2.693880e-01
263 7.261720e-01 3.740000e-03 2.700880e-01
264 7.254360e-01 3.864000e-03 2.707000e-01
265 7.248080e-01 3.848000e-03 2.713440e-01
266 7.241680e-01 3.768000e-03 2.720640e-01
267 7.236120e-01 3.712000e-03 2.726760e-01
268 7.231000e-01 3.532000e-03 2.733680e-01
269 7.226480e-01 3.380000e-03 2.739720e-01
270 7.221800e-01 3.268000e-03 2.745520e-01
271 7.216680e-01 3.240000e-03 2.750920e-01
272 7.212160e-01 3.128000e-03 2.756560e-01
273 7.207800e-01 3.032000e-03 2.761880e-01
274 7.204040e-01 2.876000e-03 2.767200e-01
275 7.199560e-01 2.792000e-03 2.772520e-01
276 7.195160e-01 2.724000e-03 2.777600e-01
277 7.190920e-01 2.616000e-03 2.782920e-01
278 7.186920e-01 2.560000e-03 2.787480e-01
279 7.183320e-01 2.532000e-03 2.791360e-01
280 7.179320e-01 2.476000e-03 2.795920e-01
281 7.174280e-01 2.576000e-03 2.799960e-01
282 7.169240e-01 2.668000e-03 2.804080e-01
283 7.164600e-01 2.640000e-03 2.809000e-01
284 7.159000e-01 2.696000e-03 2.814040e-01
285 7.154440e-01 2.596000e-03 2.819600e-01
286 7.150080e-01 2.544000e-03 2.824480e-01
287 7.145040e-01 2.580000e-03 2.829160e-01
288 7.141120e-01 2.436000e-03 2.834520e-01
289 7.136840e-01 2.504000e-03 2.838120e-01
290 7.132080e-01 2.568000e-03 2.842240e-01
291 7.127200e-01 2.624000e-03 2.846560e-01
292 7.122040e-01 2.700000e-03 2.850960e-01
293 7.117840e-01 2.676000e-03 2.855400e-01
294 7.113200e-01 2.660000e-03 2.860200e-01
295 7.109000e-01 2.620000e-03 2.864800e-01
296 7.105280e-01 2.468000e-03 2.870040e-01
297 7.101560e-01 2.412000e-03 2.874320e-01
298 7.097520e-01 2.340000e-03 2.879080e-01
299 7.093360e-01 2.352000e-03 2.883120e-01
300 7.089760e-01 2.348000e-03 2.886760e-01
301 7.086040e-01 2.308000e-03 2.890880e-01
302 7.082120e-01 2.304000e-03 2.894840e-01
303 7.078240e-01 2.292000e-03 2.898840e-01
304 7.074280e-01 2.288000e-03 2.902840e-01
305 7.070640e-01 2.228000e-03 2.907080e-01
306 7.067160e-01 2.208000e-03 2.910760e-01
307 7.063840e-01 2.144000e-03 2.914720e-01
308 7.060320e-01 2.128000e-03 2.918400e-01
309 7.056800e-01 2.072000e-03 2.922480e-01
310 7.053280e-01 2.084000e-03 2.925880e-01
311 7.049880e-01 2.072000e-03 2.929400e-01
312 7.046520e-01 2.016000e-03 2.933320e-01
313 7.042400e-01 2.108000e-03 2.936520e-01
314 7.038400e-01 2.104000e-03 2.940560e-01
315 7.034000e-01 2.256000e-03 2.943440e-01
316 7.030480e-01 2.252000e-03 2.947000e-01
317 7.026640e-01 2.244000e-03 2.950920e-01
318 7.023160e-01 2.200000e-03 2.954840e-01
319 7.018920e-01 2.236000e-03 2.958720e-01
320 7.014800e-01 2.208000e-03 2.963120e-01
321 7.010600e-01 2.212000e-03 2.967280e-01
322 7.006160e-01 2.296000e-03 2.970880e-01
323 7.002320e-01 2.248000e-03 2.975200e-01
324 6.998360e-01 2.296000e-03 2.978680e-01
325 6.993880e-01 2.280000e-03 2.983320e-01
326 6.990240e-01 2.188000e-03 2.987880e-01
327 6.986400e-01 2.228000e-03 2.991320e-01
328 6.983480e-01 2.172000e-03 2.994800e-01
329 6.979240e-01 2.212000e-03 2.998640e-01
330 6.975840e-01 2.184000e-03 3.002320e-01
331 6.972080e-01 2.100000e-03 3.006920e-01
332 6.968640e-01 2.084000e-03 3.010520e-01
333 6.964560e-01 2.056000e-03 3.014880e-01
334 6.961240e-01 2.004000e-03 3.018720e-01
335 6.958440e-01 1.868000e-03 3.022880e-01
336 6.955360e-01 1.888000e-03 3.025760e-01
337 6.952720e-01 1.796000e-03 3.029320e-01
338 6.950080e-01 1.728000e-03 3.032640e-01
339 6.947480e-01 1.712000e-03 3.035400e-01
340 6.944480e-01 1.804000e-03 3.037480e-01
341 6.942000e-01 1.708000e-03 3.040920e-01
342 6.939200e-01 1.680000e-03 3.044000e-01
343 6.937360e-01 1.592000e-03 3.046720e-01
344 6.935400e-01 1.512000e-03 3.049480e-01
345 6.933720e-01 1.428000e-03 3.052000e-01
346 6.932200e-01 1.328000e-03 3.054520e-01
347 6.930280e-01 1.324000e-03 3.056480e-01
348 6.928320e-01 1.304000e-03 3.058640e-01
349 6.926360e-01 1.336000e-03 3.060280e-01
350 6.924320e-01 1.352000e-03 3.062160e-01
351 6.922240e-01 1.340000e-03 3.064360e-01
352 6.920200e-01 1.340000e-03 3.066400e-01
353 6.917640e-01 1.332000e-03 3.069040e-01
354 6.915560e-01 1.308000e-03 3.071360e-01
355 6.913480e-01 1.312000e-03 3.073400e-01
356 6.911560e-01 1.280000e-03 3.075640e-01
357 6.909520e-01 1.244000e-03 3.078040e-01
358 6.907640e-01 1.212000e-03 3.080240e-01
359 6.905720e-01 1.188000e-03 3.082400e-01
360 6.904160e-01 1.144000e-03 3.084400e-01
361 6.902520e-01 1.108000e-03 3.086400e-01
362 6.900760e-01 1.064000e-03 3.088600e-01
363 6.899400e-01 9.920000e-04 3.090680e-01
364 6.898160e-01 9.600000e-04 3.092240e-01
365 6.897360e-01 8.720000e-04 3.093920e-01
366 6.895840e-01 8.320000e-04 3.095840e-01
367 6.894760e-01 8.120000e-04 3.097120e-01
368 6.893800e-01 7.640000e-04 3.098560e-01
369 6.892560e-01 7.200000e-04 3.100240e-01
370 6.891120e-01 7.360000e-04 3.101520e-01
371 6.889840e-01 7.360000e-04 3.102800e-01
372 6.888800e-01 7.280000e-04 3.103920e-01
373 6.887400e-01 7.400000e-04 3.105200e-01
374 6.885760e-01 7.640000e-04 3.106600e-01
375 6.884680e-01 7.280000e-04 3.108040e-01
376 6.883640e-01 7.040000e-04 3.109320e-01
377 6.881800e-01 7.800000e-04 3.110400e-01
378 6.880120e-01 8.040000e-04 3.111840e-01
379 6.878360e-01 8.360000e-04 3.113280e-01
380 6.876920e-01 8.400000e-04 3.114680e-01
381 6.875600e-01 8.400000e-04 3.116000e-01
382 6.873880e-01 8.560000e-04 3.117560e-01
383 6.872440e-01 8.720000e-04 3.118840e-01
384 6.870320e-01 9.000000e-04 3.120680e-01
385 6.868840e-01 8.520000e-04 3.122640e-01
386 6.866680e-01 9.080000e-04 3.124240e-01
387 6.864560e-01 9.520000e-04 3.125920e-01
388 6.862640e-01 1.000000e-03 3.127360e-01
389 6.860880e-01 1.036000e-03 3.128760e-01
390 6.859280e-01 9.880000e-04 3.130840e-01
391 6.857720e-01 9.400000e-04 3.132880e-01
392 6.856040e-01 9.480000e-04 3.134480e-01
393 6.854240e-01 9.400000e-04 3.136360e-01
394 6.852400e-01 9.600000e-04 3.138000e-01
395 6.850760e-01 9.400000e-04 3.139840e-01
396 6.849280e-01 9.680000e-04 3.141040e-01
397 6.848040e-01 9.280000e-04 3.142680e-01
398 6.846480e-01 9.280000e-04 3.144240e-01
399 6.845000e-01 9.640000e-04 3.145360e-01
400 6.843440e-01 9.520000e-04 3.147040e-01
401 6.842120e-01 9.400000e-04 3.148480e-01
402 6.840400e-01 1.004000e-03 3.149560e-01
403 6.838440e-01 1.008000e-03 3.151480e-01
404 6.836400e-01 1.024000e-03 3.153360e-01
405 6.834680e-01 1.036000e-03 3.154960e-01
406 6.832320e-01 1.116000e-03 3.156520e-01
407 6.829680e-01 1.160000e-03 3.158720e-01
408 6.827800e-01 1.128000e-03 3.160920e-01
409 6.825680e-01 1.144000e-03 3.162880e-01
410 6.823160e-01 1.164000e-03 3.165200e-01
411 6.821240e-01 1.148000e-03 3.167280e-01
412 6.818720e-01 1.228000e-03 3.169000e-01
413 6.816120e-01 1.196000e-03 3.171920e-01
414 6.813760e-01 1.196000e-03 3.174280e-01
415 6.811440e-01 1.184000e-03 3.176720e-01
416 6.809840e-01 1.096000e-03 3.179200e-01
417 6.807520e-01 1.128000e-03 3.181200e-01
418 6.805360e-01 1.140000e-03 3.183240e-01
419 6.803440e-01 1.128000e-03 3.185280e-01
420 6.801200e-01 1.136000e-03 3.187440e-01
421 6.798880e-01 1.192000e-03 3.189200e-01
422 6.796960e-01 1.164000e-03 3.191400e-01
423 6.795280e-01 1.144000e-03 3.193280e-01
424 6.793960e-01 1.092000e-03 3.195120e-01
425 6.791720e-01 1.096000e-03 3.197320e-01
426 6.789560e-01 1.160000e-03 3.198840e-01
427 6.787680e-01 1.160000e-03 3.200720e-01
428 6.785400e-01 1.224000e-03 3.202360e-01
429 6.783560e-01 1.172000e-03 3.204720e-01
430 6.781600e-01 1.148000e-03 3.206920e-01
431 6.779560e-01 1.192000e-03 3.208520e-01
432 6.777840e-01 1.176000e-03 3.210400e-01
433 6.775960e-01 1.144000e-03 3.212600e-01
434 6.774400e-01 1.100000e-03 3.214600e-01
435 6.772720e-01 1.096000e-03 3.216320e-01
436 6.771120e-01 1.048000e-03 3.218400e-01
437 6.770280e-01 9.520000e-04 3.220200e-01
438 6.768840e-01 9.360000e-04 3.221800e-01
439 6.767440e-01 9.320000e-04 3.223240e-01
440 6.765680e-01 9.440000e-04 3.224880e-01
441 6.764360e-01 9.120000e-04 3.226520e-01
442 6.762800e-01 9.320000e-04 3.227880e-01
443 6.761640e-01 8.840000e-04 3.229520e-01
444 6.760120e-01 8.640000e-04 3.231240e-01
445 6.758080e-01 9.320000e-04 3.232600e-01
446 6.756280e-01 9.560000e-04 3.234160e-01
447 6.755040e-01 9.240000e-04 3.235720e-01
448 6.753360e-01 9.560000e-04 3.237080e-01
449 6.751640e-01 9.800000e-04 3.238560e-01
450 6.749440e-01 1.052000e-03 3.240040e-01
451 6.747800e-01 1.028000e-03 3.241920e-01
452 6.746280e-01 1.024000e-03 3.243480e-01
453 6.744480e-01 1.020000e-03 3.245320e-01
454 6.741520e-01 1.144000e-03 3.247040e-01
455 6.739560e-01 1.192000e-03 3.248520e-01
456 6.737360e-01 1.188000e-03 3.250760e-01
457 6.735800e-01 1.160000e-03 3.252600e-01
458 6.733840e-01 1.124000e-03 3.254920e-01
459 6.732400e-01 1.092000e-03 3.256680e-01
460 6.730520e-01 1.068000e-03 3.258800e-01
461 6.729080e-01 1.016000e-03 3.260760e-01
462 6.727320e-01 9.880000e-04 3.262800e-01
463 6.725720e-01 9.520000e-04 3.264760e-01
464 6.723800e-01 9.400000e-04 3.266800e-01
465 6.722200e-01 9.480000e-04 3.268320e-01
466 6.720560e-01 9.840000e-04 3.269600e-01
467 6.718600e-01 1.000000e-03 3.271400e-01
468 6.716480e-01 1.048000e-03 3.273040e-01
469 6.714760e-01 1.024000e-03 3.275000e-01
470 6.713120e-01 1.016000e-03 3.276720e-01
471 6.711280e-01 1.008000e-03 3.278640e-01
472 6.709440e-01 9.840000e-04 3.280720e-01
473 6.707280e-01 1.084000e-03 3.281880e-01
474 6.705600e-01 1.080000e-03 3.283600e-01
475 6.703000e-01 1.140000e-03 3.285600e-01
476 6.700680e-01 1.188000e-03 3.287440e-01
477 6.698480e-01 1.156000e-03 3.289960e-01
478 6.696520e-01 1.132000e-03 3.292160e-01
479 6.694760e-01 1.132000e-03 3.293920e-01
480 6.693000e-01 1.120000e-03 3.295800e-01
481 6.691400e-01 1.092000e-03 3.297680e-01
482 6.689480e-01 1.080000e-03 3.299720e-01
483 6.688160e-01 1.020000e-03 3.301640e-01
484 6.686000e-01 1.072000e-03 3.303280e-01
485 6.684600e-01 9.960000e-04 3.305440e-01
486 6.683120e-01 9.280000e-04 3.307600e-01
487 6.681360e-01 9.480000e-04 3.309160e-01
488 6.680000e-01 9.480000e-04 3.310520e-01
489 6.678440e-01 9.480000e-04 3.312080e-01
490 6.676760e-01 9.120000e-04 3.314120e-01
491 6.675320e-01 8.800000e-04 3.315880e-01
492 6.674080e-01 8.160000e-04 3.317760e-01
493 6.672760e-01 8.320000e-04 3.318920e-01
494 6.671400e-01 8.200000e-04 3.320400e-01
495 6.669920e-01 8.560000e-04 3.321520e-01
496 6.668360e-01 8.320000e-04 3.323320e-01
497 6.667080e-01 8.000000e-04 3.324920e-01
498 6.665520e-01 8.120000e-04 3.326360e-01
499 6.663520e-01 8.720000e-04 3.327760e-01
500 6.662120e-01 8.280000e-04 3.329600e-01
