1 9.992120e-01 7.000000e-04 8.800000e-05
2 9.987520e-01 1.048000e-03 2.000000e-04
3 9.981360e-01 1.408000e-03 4.560000e-04
4 9.973680e-01 1.880000e-03 7.520000e-04
5 9.965720e-01 2.300000e-03 1.128000e-03
6 9.958240e-01 2.572000e-03 1.604000e-03
7 9.950280e-01 2.912000e-03 2.060000e-03
8 9.941760e-01 3.156000e-03 2.668000e-03
9 9.933320e-01 3.456000e-03 3.212000e-03
10 9.923920e-01 3.724000e-03 3.884000e-03
11 9.913840e-01 3.960000e-03 4.656000e-03
12 9.902720e-01 4.256000e-03 5.472000e-03
13 9.891720e-01 4.552000e-03 6.276000e-03
14 9.880800e-01 4.804000e-03 7.116000e-03
15 9.867120e-01 5.140000e-03 8.148000e-03
16 9.855600e-01 5.332000e-03 9.108000e-03
17 9.842720e-01 5.652000e-03 1.007600e-02
18 9.830760e-01 5.904000e-03 1.102000e-02
19 9.817200e-01 6.176000e-03 1.210400e-02
20 9.804440e-01 6.380000e-03 1.317600e-02
21 9.792040e-01 6.492000e-03 1.430400e-02
22 9.778120e-01 6.744000e-03 1.544400e-02
23 9.764000e-01 7.036000e-03 1.656400e-02
24 9.750200e-01 7.148000e-03 1.783200e-02
25 9.736360e-01 7.284000e-03 1.908000e-02
26 9.722880e-01 7.380000e-03 2.033200e-02
27 9.708600e-01 7.536000e-03 2.160400e-02
28 9.693360e-01 7.724000e-03 2.294000e-02
29 9.679680e-01 7.664000e-03 2.436800e-02
30 9.666040e-01 7.720000e-03 2.567600e-02
31 9.651800e-01 7.756000e-03 2.706400e-02
32 9.636720e-01 7.944000e-03 2.838400e-02
33 9.621520e-01 7.964000e-03 2.988400e-02
34 9.607920e-01 7.968000e-03 3.124000e-02
35 9.595400e-01 7.880000e-03 3.258000e-02
36 9.582760e-01 7.756000e-03 3.396800e-02
37 9.567680e-01 7.940000e-03 3.529200e-02
38 9.552600e-01 7.996000e-03 3.674400e-02
39 9.538440e-01 8.024000e-03 3.813200e-02
40 9.524240e-01 7.988000e-03 3.958800e-02
41 9.507040e-01 8.292000e-03 4.100400e-02
42 9.491320e-01 8.412000e-03 4.245600e-02
43 9.476200e-01 8.412000e-03 4.396800e-02
44 9.461480e-01 8.368000e-03 4.548400e-02
45 9.446280e-01 8.488000e-03 4.688400e-02
46 9.430720e-01 8.676000e-03 4.825200e-02
47 9.414160e-01 8.852000e-03 4.973200e-02
48 9.396800e-01 8.952000e-03 5.136800e-02
49 9.382360e-01 8.864000e-03 5.290000e-02
50 9.365840e-01 8.940000e-03 5.447600e-02
51 9.350200e-01 9.024000e-03 5.595600e-02
52 9.333600e-01 9.072000e-03 5.756800e-02
53 9.318440e-01 9.068000e-03 5.908800e-02
54 9.300240e-01 9.380000e-03 6.059600e-02
55 9.283000e-01 9.272000e-03 6.242800e-02
56 9.266520e-01 9.276000e-03 6.407200e-02
57 9.250600e-01 9.376000e-03 6.556400e-02
58 9.234080e-01 9.340000e-03 6.725200e-02
59 9.217080e-01 9.408000e-03 6.888400e-02
60 9.199360e-01 9.548000e-03 7.051600e-02
61 9.182760e-01 9.620000e-03 7.210400e-02
62 9.164320e-01 9.748000e-03 7.382000e-02
63 9.147120e-01 9.824000e-03 7.546400e-02
64 9.132440e-01 9.660000e-03 7.709600e-02
65 9.117520e-01 9.512000e-03 7.873600e-02
66 9.102120e-01 9.376000e-03 8.041200e-02
67 9.087360e-01 9.196000e-03 8.206800e-02
68 9.073160e-01 8.928000e-03 8.375600e-02
69 9.058400e-01 8.756000e-03 8.540400e-02
70 9.044240e-01 8.684000e-03 8.689200e-02
71 9.030120e-01 8.524000e-03 8.846400e-02
72 9.015680e-01 8.328000e-03 9.010400e-02
73 9.000840e-01 8.284000e-03 9.163200e-02
74 8.985760e-01 8.380000e-03 9.304400e-02
75 8.970520e-01 8.344000e-03 9.460400e-02
76 8.955040e-01 8.424000e-03 9.607200e-02
77 8.938720e-01 8.700000e-03 9.742800e-02
78 8.923280e-01 8.648000e-03 9.902400e-02
79 8.909120e-01 8.648000e-03 1.004400e-01
80 8.893280e-01 8.444000e-03 1.022280e-01
81 8.878200e-01 8.464000e-03 1.037160e-01
82 8.863720e-01 8.336000e-03 1.052920e-01
83 8.850120e-01 8.320000e-03 1.066680e-01
84 8.836480e-01 8.236000e-03 1.081160e-01
85 8.822520e-01 8.040000e-03 1.097080e-01
86 8.810200e-01 7.872000e-03 1.111080e-01
87 8.795360e-01 8.000000e-03 1.124640e-01
88 8.781840e-01 7.988000e-03 1.138280e-01
89 8.767840e-01 7.984000e-03 1.152320e-01
90 8.753400e-01 8.124000e-03 1.165360e-01
91 8.739400e-01 8.092000e-03 1.179680e-01
92 8.724960e-01 8.220000e-03 1.192840e-01
93 8.709320e-01 8.300000e-03 1.207680e-01
94 8.695760e-01 8.152000e-03 1.222720e-01
95 8.682720e-01 8.108000e-03 1.236200e-01
96 8.669600e-01 7.968000e-03 1.250720e-01
97 8.657520e-01 7.760000e-03 1.264880e-01
98 8.644800e-01 7.656000e-03 1.278640e-01
99 8.631320e-01 7.608000e-03 1.292600e-01
100 8.618160e-01 7.696000e-03 1.304880e-01
101 8.604720e-01 7.640000e-03 1.318880e-01
102 8.590640e-01 7.628000e-03 1.333080e-01
103 8.575880e-01 7.784000e-03 1.346280e-01
104 8.562800e-01 7.848000e-03 1.358720e-01
105 8.548360e-01 7.812000e-03 1.373520e-01
106 8.536600e-01 7.636000e-03 1.387040e-01
107 8.523840e-01 7.572000e-03 1.400440e-01
108 8.509680e-01 7.596000e-03 1.414360e-01
109 8.497640e-01 7.460000e-03 1.427760e-01
110 8.485960e-01 7.396000e-03 1.440080e-01
111 8.475120e-01 7.296000e-03 1.451920e-01
112 8.463840e-01 7.244000e-03 1.463720e-01
113 8.450600e-01 7.332000e-03 1.476080e-01
114 8.437920e-01 7.292000e-03 1.489160e-01
115 8.424320e-01 7.368000e-03 1.502000e-01
116 8.412560e-01 7.204000e-03 1.515400e-01
117 8.399360e-01 7.244000e-03 1.528200e-01
118 8.386280e-01 7.260000e-03 1.541120e-01
119 8.374600e-01 7.056000e-03 1.554840e-01
120 8.362760e-01 7.000000e-03 1.567240e-01
121 8.351080e-01 7.008000e-03 1.578840e-01
122 8.339520e-01 6.976000e-03 1.590720e-01
123 8.327320e-01 6.944000e-03 1.603240e-01
124 8.316000e-01 6.860000e-03 1.615400e-01
125 8.304440e-01 6.936000e-03 1.626200e-01
126 8.293000e-01 6.968000e-03 1.637320e-01
127 8.280800e-01 6.924000e-03 1.649960e-01
128 8.269400e-01 6.892000e-03 1.661680e-01
129 8.257200e-01 6.896000e-03 1.673840e-01
130 8.246200e-01 6.792000e-03 1.685880e-01
131 8.234440e-01 6.832000e-03 1.697240e-01
132 8.220200e-01 6.976000e-03 1.710040e-01
133 8.208000e-01 6.880000e-03 1.723200e-01
134 8.196920e-01 6.680000e-03 1.736280e-01
135 8.185120e-01 6.696000e-03 1.747920e-01
136 8.173480e-01 6.712000e-03 1.759400e-01
137 8.161320e-01 6.756000e-03 1.771120e-01
138 8.149720e-01 6.768000e-03 1.782600e-01
139 8.137760e-01 6.740000e-03 1.794840e-01
140 8.125560e-01 6.840000e-03 1.806040e-01
141 8.113280e-01 6.800000e-03 1.818720e-01
142 8.101320e-01 6.940000e-03 1.829280e-01
143 8.088840e-01 7.016000e-03 1.841000e-01
144 8.076320e-01 7.108000e-03 1.852600e-01
145 8.065440e-01 6.944000e-03 1.865120e-01
146 8.053760e-01 6.876000e-03 1.877480e-01
147 8.042120e-01 6.896000e-03 1.888920e-01
148 8.030560e-01 6.912000e-03 1.900320e-01
149 8.019360e-01 6.768000e-03 1.912960e-01
150 8.008320e-01 6.684000e-03 1.924840e-01
151 7.997000e-01 6.608000e-03 1.936920e-01
152 7.987480e-01 6.428000e-03 1.948240e-01
153 7.976760e-01 6.324000e-03 1.960000e-01
154 7.965480e-01 6.352000e-03 1.971000e-01
155 7.955480e-01 6.272000e-03 1.981800e-01
156 7.945320e-01 6.148000e-03 1.993200e-01
157 7.934320e-01 6.172000e-03 2.003960e-01
158 7.923600e-01 6.212000e-03 2.014280e-01
159 7.911920e-01 6.196000e-03 2.026120e-01
160 7.900440e-01 6.216000e-03 2.037400e-01
161 7.890440e-01 6.216000e-03 2.047400e-01
162 7.880920e-01 6.104000e-03 2.058040e-01
163 7.871200e-01 5.980000e-03 2.069000e-01
164 7.859040e-01 6.136000e-03 2.079600e-01
165 7.847680e-01 6.312000e-03 2.089200e-01
166 7.837720e-01 6.264000e-03 2.099640e-01
167 7.827960e-01 6.152000e-03 2.110520e-01
168 7.818000e-01 6.100000e-03 2.121000e-01
169 7.807960e-01 5.972000e-03 2.132320e-01
170 7.797080e-01 6.136000e-03 2.141560e-01
171 7.785880e-01 6.248000e-03 2.151640e-01
172 7.773320e-01 6.320000e-03 2.163480e-01
173 7.762800e-01 6.312000e-03 2.174080e-01
174 7.752840e-01 6.168000e-03 2.185480e-01
175 7.742040e-01 6.284000e-03 2.195120e-01
176 7.731560e-01 6.276000e-03 2.205680e-01
177 7.720720e-01 6.216000e-03 2.217120e-01
178 7.710600e-01 6.204000e-03 2.227360e-01
179 7.699960e-01 6.140000e-03 2.238640e-01
180 7.691160e-01 5.984000e-03 2.249000e-01
181 7.679920e-01 5.964000e-03 2.260440e-01
182 7.669720e-01 5.972000e-03 2.270560e-01
183 7.658920e-01 5.972000e-03 2.281360e-01
184 7.649320e-01 6.008000e-03 2.290600e-01
185 7.639800e-01 5.880000e-03 2.301400e-01
186 7.629760e-01 5.852000e-03 2.311720e-01
187 7.620600e-01 5.768000e-03 2.321720e-01
188 7.610080e-01 5.760000e-03 2.332320e-01
189 7.600160e-01 5.748000e-03 2.342360e-01
190 7.590520e-01 5.720000e-03 2.352280e-01
191 7.580120e-01 5.804000e-03 2.361840e-01
192 7.570400e-01 5.840000e-03 2.371200e-01
193 7.560560e-01 5.812000e-03 2.381320e-01
194 7.549960e-01 5.884000e-03 2.391200e-01
195 7.540800e-01 5.692000e-03 2.402280e-01
196 7.530280e-01 5.796000e-03 2.411760e-01
197 7.520000e-01 5.688000e-03 2.423120e-01
198 7.509680e-01 5.740000e-03 2.432920e-01
199 7.500800e-01 5.628000e-03 2.442920e-01
200 7.491080e-01 5.572000e-03 2.453200e-01
201 7.480840e-01 5.696000e-03 2.462200e-01
202 7.471920e-01 5.528000e-03 2.472800e-01
203 7.462240e-01 5.612000e-03 2.481640e-01
204 7.453040e-01 5.556000e-03 2.491400e-01
205 7.443960e-01 5.468000e-03 2.501360e-01
206 7.435480e-01 5.416000e-03 2.510360e-01
207 7.426280e-01 5.392000e-03 2.519800e-01
208 7.417520e-01 5.292000e-03 2.529560e-01
209 7.409480e-01 5.240000e-03 2.538120e-01
210 7.400480e-01 5.232000e-03 2.547200e-01
211 7.391640e-01 5.256000e-03 2.555800e-01
212 7.383120e-01 5.140000e-03 2.565480e-01
213 7.373720e-01 5.148000e-03 2.574800e-01
214 7.366360e-01 4.968000e-03 2.583960e-01
215 7.357440e-01 5.056000e-03 2.592000e-01
216 7.347280e-01 5.312000e-03 2.599600e-01
217 7.337560e-01 5.384000e-03 2.608600e-01
218 7.329080e-01 5.324000e-03 2.617680e-01
219 7.320800e-01 5.304000e-03 2.626160e-01
220 7.313680e-01 5.100000e-03 2.635320e-01
221 7.304920e-01 5.132000e-03 2.643760e-01
222 7.296440e-01 5.168000e-03 2.651880e-01
223 7.287760e-01 5.064000e-03 2.661600e-01
224 7.280600e-01 4.808000e-03 2.671320e-01
225 7.272680e-01 4.764000e-03 2.679680e-01
226 7.265040e-01 4.804000e-03 2.686920e-01
227 7.256960e-01 4.840000e-03 2.694640e-01
228 7.248960e-01 4.856000e-03 2.702480e-01
229 7.240680e-01 4.788000e-03 2.711440e-01
230 7.232360e-01 4.712000e-03 2.720520e-01
231 7.223960e-01 4.716000e-03 2.728880e-01
232 7.216120e-01 4.788000e-03 2.736000e-01
233 7.208480e-01 4.668000e-03 2.744840e-01
234 7.202120e-01 4.500000e-03 2.752880e-01
235 7.194320e-01 4.496000e-03 2.760720e-01
236 7.186520e-01 4.476000e-03 2.768720e-01
237 7.178720e-01 4.480000e-03 2.776480e-01
238 7.170960e-01 4.420000e-03 2.784840e-01
239 7.163160e-01 4.452000e-03 2.792320e-01
240 7.154720e-01 4.536000e-03 2.799920e-01
241 7.146000e-01 4.644000e-03 2.807560e-01
242 7.136320e-01 4.840000e-03 2.815280e-01
243 7.127000e-01 4.960000e-03 2.823400e-01
244 7.117120e-01 5.096000e-03 2.831920e-01
245 7.108040e-01 5.112000e-03 2.840840e-01
246 7.100200e-01 5.032000e-03 2.849480e-01
247 7.091760e-01 4.976000e-03 2.858480e-01
248 7.083240e-01 5.024000e-03 2.866520e-01
249 7.076800e-01 4.864000e-03 2.874560e-01
250 7.068480e-01 4.808000e-03 2.883440e-01
251 7.061320e-01 4.684000e-03 2.891840e-01
252 7.053640e-01 4.636000e-03 2.900000e-01
253 7.046360e-01 4.512000e-03 2.908520e-01
254 7.038800e-01 4.484000e-03 2.916360e-01
255 7.032040e-01 4.360000e-03 2.924360e-01
256 7.024800e-01 4.316000e-03 2.932040e-01
257 7.018040e-01 4.292000e-03 2.939040e-01
258 7.011360e-01 4.164000e-03 2.947000e-01
259 7.004040e-01 4.136000e-03 2.954600e-01
260 6.995600e-01 4.220000e-03 2.962200e-01
261 6.987600e-01 4.400000e-03 2.968400e-01
262 6.980480e-01 4.416000e-03 2.975360e-01
263 6.973760e-01 4.352000e-03 2.982720e-01
264 6.966640e-01 4.332000e-03 2.990040e-01
265 6.958240e-01 4.448000e-03 2.997280e-01
266 6.950040e-01 4.452000e-03 3.005440e-01
267 6.942080e-01 4.396000e-03 3.013960e-01
268 6.933880e-01 4.476000e-03 3.021360e-01
269 6.925320e-01 4.568000e-03 3.029000e-01
270 6.918720e-01 4.508000e-03 3.036200e-01
271 6.911440e-01 4.452000e-03 3.044040e-01
272 6.903040e-01 4.584000e-03 3.051120e-01
273 6.894400e-01 4.556000e-03 3.060040e-01
274 6.886600e-01 4.524000e-03 3.068160e-01
275 6.878240e-01 4.580000e-03 3.075960e-01
276 6.869120e-01 4.728000e-03 3.083600e-01
277 6.860440e-01 4.804000e-03 3.091520e-01
278 6.851680e-01 4.852000e-03 3.099800e-01
279 6.843800e-01 4.896000e-03 3.107240e-01
280 6.833560e-01 5.012000e-03 3.116320e-01
281 6.824440e-01 5.036000e-03 3.125200e-01
282 6.814880e-01 5.128000e-03 3.133840e-01
283 6.805880e-01 5.116000e-03 3.142960e-01
284 6.797800e-01 5.056000e-03 3.151640e-01
285 6.790320e-01 4.940000e-03 3.160280e-01
286 6.782440e-01 4.784000e-03 3.169720e-01
287 6.775680e-01 4.656000e-03 3.177760e-01
288 6.769320e-01 4.520000e-03 3.185480e-01
289 6.762920e-01 4.372000e-03 3.193360e-01
290 6.755280e-01 4.272000e-03 3.202000e-01
291 6.749200e-01 4.084000e-03 3.209960e-01
292 6.742960e-01 3.896000e-03 3.218080e-01
293 6.735760e-01 3.908000e-03 3.225160e-01
294 6.728240e-01 3.984000e-03 3.231920e-01
295 6.722160e-01 3.900000e-03 3.238840e-01
296 6.715440e-01 3.848000e-03 3.246080e-01
297 6.708720e-01 3.880000e-03 3.252480e-01
298 6.702280e-01 3.808000e-03 3.259640e-01
299 6.694880e-01 3.892000e-03 3.266200e-01
300 6.688400e-01 3.872000e-03 3.272880e-01
301 6.682360e-01 3.808000e-03 3.279560e-01
302 6.675800e-01 3.772000e-03 3.286480e-01
303 6.670960e-01 3.608000e-03 3.292960e-01
304 6.665720e-01 3.564000e-03 3.298640e-01
305 6.660560e-01 3.504000e-03 3.304400e-01
306 6.654720e-01 3.480000e-03 3.310480e-01
307 6.649040e-01 3.408000e-03 3.316880e-01
308 6.644200e-01 3.372000e-03 3.322080e-01
309 6.637920e-01 3.404000e-03 3.328040e-01
310 6.632600e-01 3.344000e-03 3.333960e-01
311 6.627520e-01 3.316000e-03 3.339320e-01
312 6.621960e-01 3.320000e-03 3.344840e-01
313 6.617640e-01 3.200000e-03 3.350360e-01
314 6.612440e-01 3.104000e-03 3.356520e-01
315 6.606760e-01 3.112000e-03 3.362120e-01
316 6.601400e-01 3.140000e-03 3.367200e-01
317 6.595640e-01 3.184000e-03 3.372520e-01
318 6.589720e-01 3.164000e-03 3.378640e-01
319 6.584040e-01 3.164000e-03 3.384320e-01
320 6.578760e-01 3.128000e-03 3.389960e-01
321 6.572960e-01 3.200000e-03 3.395040e-01
322 6.566800e-01 3.268000e-03 3.400520e-01
323 6.561320e-01 3.340000e-03 3.405280e-01
324 6.555960e-01 3.288000e-03 3.411160e-01
325 6.550320e-01 3.292000e-03 3.416760e-01
326 6.544760e-01 3.268000e-03 3.422560e-01
327 6.540000e-01 3.216000e-03 3.427840e-01
328 6.534760e-01 3.148000e-03 3.433760e-01
329 6.529560e-01 3.156000e-03 3.438880e-01
330 6.523680e-01 3.172000e-03 3.444600e-01
331 6.518680e-01 3.116000e-03 3.450160e-01
332 6.513680e-01 3.024000e-03 3.456080e-01
333 6.508240e-01 3.064000e-03 3.461120e-01
334 6.503440e-01 3.064000e-03 3.465920e-01
335 6.498400e-01 2.992000e-03 3.471680e-01
336 6.493600e-01 3.080000e-03 3.475600e-01
337 6.487080e-01 3.172000e-03 3.481200e-01
338 6.481320e-01 3.260000e-03 3.486080e-01
339 6.475680e-01 3.260000e-03 3.491720e-01
340 6.470760e-01 3.156000e-03 3.497680e-01
341 6.465560e-01 3.108000e-03 3.503360e-01
342 6.460920e-01 3.080000e-03 3.508280e-01
343 6.456360e-01 3.008000e-03 3.513560e-01
344 6.451400e-01 3.024000e-03 3.518360e-01
345 6.446120e-01 3.068000e-03 3.523200e-01
346 6.441000e-01 3.040000e-03 3.528600e-01
347 6.436240e-01 2.964000e-03 3.534120e-01
348 6.430560e-01 3.020000e-03 3.539240e-01
349 6.425880e-01 2.980000e-03 3.544320e-01
350 6.421440e-01 2.896000e-03 3.549600e-01
351 6.416880e-01 2.860000e-03 3.554520e-01
352 6.411960e-01 2.848000e-03 3.559560e-01
353 6.407000e-01 2.884000e-03 3.564160e-01
354 6.403480e-01 2.740000e-03 3.569120e-01
355 6.398960e-01 2.728000e-03 3.573760e-01
356 6.395160e-01 2.536000e-03 3.579480e-01
357 6.390920e-01 2.456000e-03 3.584520e-01
358 6.387080e-01 2.492000e-03 3.588000e-01
359 6.382520e-01 2.472000e-03 3.592760e-01
360 6.378000e-01 2.512000e-03 3.596880e-01
361 6.374880e-01 2.368000e-03 3.601440e-01
362 6.370800e-01 2.384000e-03 3.605360e-01
363 6.367600e-01 2.268000e-03 3.609720e-01
364 6.363680e-01 2.248000e-03 3.613840e-01
365 6.359640e-01 2.264000e-03 3.617720e-01
366 6.356360e-01 2.200000e-03 3.621640e-01
367 6.353440e-01 2.140000e-03 3.625160e-01
368 6.349760e-01 2.164000e-03 3.628600e-01
369 6.346240e-01 2.128000e-03 3.632480e-01
370 6.342880e-01 2.120000e-03 3.635920e-01
371 6.339600e-01 2.064000e-03 3.639760e-01
372 6.335680e-01 2.128000e-03 3.643040e-01
373 6.332120e-01 2.176000e-03 3.646120e-01
374 6.328240e-01 2.168000e-03 3.650080e-01
375 6.324840e-01 2.080000e-03 3.654360e-01
376 6.321520e-01 2.084000e-03 3.657640e-01
377 6.318000e-01 2.060000e-03 3.661400e-01
378 6.313960e-01 2.144000e-03 3.664600e-01
379 6.309760e-01 2.120000e-03 3.669040e-01
380 6.306000e-01 2.108000e-03 3.672920e-01
381 6.302360e-01 2.060000e-03 3.677040e-01
382 6.298360e-01 2.116000e-03 3.680480e-01
383 6.295000e-01 2.004000e-03 3.684960e-01
384 6.291800e-01 1.968000e-03 3.688520e-01
385 6.288520e-01 2.024000e-03 3.691240e-01
386 6.284560e-01 2.044000e-03 3.695000e-01
387 6.281080e-01 2.000000e-03 3.698920e-01
388 6.277400e-01 2.052000e-03 3.702080e-01
389 6.273760e-01 2.020000e-03 3.706040e-01
390 6.270520e-01 1.924000e-03 3.710240e-01
391 6.267160e-01 1.900000e-03 3.713840e-01
392 6.263360e-01 1.972000e-03 3.716920e-01
393 6.260120e-01 1.940000e-03 3.720480e-01
394 6.256000e-01 2.040000e-03 3.723600e-01
395 6.252920e-01 1.964000e-03 3.727440e-01
396 6.249800e-01 1.996000e-03 3.730240e-01
397 6.245880e-01 2.072000e-03 3.733400e-01
398 6.242200e-01 2.152000e-03 3.736280e-01
399 6.238720e-01 2.112000e-03 3.740160e-01
400 6.234360e-01 2.196000e-03 3.743680e-01
401 6.230600e-01 2.184000e-03 3.747560e-01
402 6.227200e-01 2.156000e-03 3.751240e-01
403 6.222880e-01 2.236000e-03 3.754760e-01
404 6.219400e-01 2.188000e-03 3.758720e-01
405 6.215200e-01 2.248000e-03 3.762320e-01
406 6.212040e-01 2.192000e-03 3.766040e-01
407 6.208640e-01 2.168000e-03 3.769680e-01
408 6.205800e-01 2.124000e-03 3.772960e-01
409 6.202200e-01 2.140000e-03 3.776400e-01
410 6.198440e-01 2.144000e-03 3.780120e-01
411 6.194520e-01 2.144000e-03 3.784040e-01
412 6.190320e-01 2.260000e-03 3.787080e-01
413 6.185720e-01 2.388000e-03 3.790400e-01
414 6.180840e-01 2.472000e-03 3.794440e-01
415 6.176160e-01 2.564000e-03 3.798200e-01
416 6.172400e-01 2.564000e-03 3.801960e-01
417 6.169520e-01 2.384000e-03 3.806640e-01
418 6.166880e-01 2.196000e-03 3.811160e-01
419 6.163920e-01 2.120000e-03 3.814880e-01
420 6.160680e-01 2.020000e-03 3.819120e-01
421 6.156680e-01 2.084000e-03 3.822480e-01
422 6.153920e-01 2.016000e-03 3.825920e-01
423 6.150720e-01 1.952000e-03 3.829760e-01
424 6.147720e-01 1.964000e-03 3.832640e-01
425 6.143800e-01 1.932000e-03 3.836880e-01
426 6.140720e-01 1.960000e-03 3.839680e-01
427 6.137080e-01 2.044000e-03 3.842480e-01
428 6.133160e-01 2.036000e-03 3.846480e-01
429 6.129360e-01 2.108000e-03 3.849560e-01
430 6.126080e-01 2.044000e-03 3.853480e-01
431 6.123640e-01 1.956000e-03 3.856800e-01
432 6.120560e-01 1.908000e-03 3.860360e-01
433 6.118160e-01 1.804000e-03 3.863800e-01
434 6.115800e-01 1.716000e-03 3.867040e-01
435 6.113480e-01 1.652000e-03 3.870000e-01
436 6.111720e-01 1.564000e-03 3.872640e-01
437 6.109200e-01 1.580000e-03 3.875000e-01
438 6.107320e-01 1.468000e-03 3.878000e-01
439 6.105520e-01 1.436000e-03 3.880120e-01
440 6.103680e-01 1.356000e-03 3.882760e-01
441 6.101680e-01 1.328000e-03 3.885040e-01
442 6.099760e-01 1.280000e-03 3.887440e-01
443 6.098120e-01 1.284000e-03 3.889040e-01
444 6.096520e-01 1.236000e-03 3.891120e-01
445 6.094680e-01 1.196000e-03 3.893360e-01
446 6.093760e-01 1.076000e-03 3.895480e-01
447 6.092440e-01 1.024000e-03 3.897320e-01
448 6.091320e-01 9.920000e-04 3.898760e-01
449 6.090040e-01 9.360000e-04 3.900600e-01
450 6.088920e-01 9.040000e-04 3.902040e-01
451 6.087600e-01 8.760000e-04 3.903640e-01
452 6.086320e-01 8.560000e-04 3.905120e-01
453 6.084600e-01 8.840000e-04 3.906560e-01
454 6.083760e-01 8.040000e-04 3.908200e-01
455 6.082400e-01 7.440000e-04 3.910160e-01
456 6.081240e-01 7.440000e-04 3.911320e-01
457 6.080400e-01 6.800000e-04 3.912800e-01
458 6.079560e-01 6.600000e-04 3.913840e-01
459 6.078680e-01 6.240000e-04 3.915080e-01
460 6.077760e-01 5.960000e-04 3.916280e-01
461 6.077000e-01 5.760000e-04 3.917240e-01
462 6.076360e-01 4.960000e-04 3.918680e-01
463 6.076000e-01 4.480000e-04 3.919520e-01
464 6.075560e-01 4.240000e-04 3.920200e-01
465 6.074720e-01 4.360000e-04 3.920920e-01
466 6.074240e-01 3.960000e-04 3.921800e-01
467 6.073760e-01 3.880000e-04 3.922360e-01
468 6.073360e-01 3.680000e-04 3.922960e-01
469 6.073000e-01 3.360000e-04 3.923640e-01
470 6.072560e-01 3.040000e-04 3.924400e-01
471 6.072080e-01 3.200000e-04 3.924720e-01
472 6.071760e-01 2.880000e-04 3.925360e-01
473 6.071240e-01 2.880000e-04 3.925880e-01
474 6.070960e-01 2.600000e-04 3.926440e-01
475 6.070880e-01 2.320000e-04 3.926800e-01
476 6.070680e-01 2.280000e-04 3.927040e-01
477 6.070240e-01 2.160000e-04 3.927600e-01
478 6.070000e-01 1.880000e-04 3.928120e-01
479 6.069800e-01 1.640000e-04 3.928560e-01
480 6.069600e-01 1.400000e-04 3.929000e-01
481 6.069360e-01 1.440000e-04 3.929200e-01
482 6.069240e-01 1.360000e-04 3.929400e-01
483 6.069240e-01 1.120000e-04 3.929640e-01
484 6.069080e-01 9.600000e-05 3.929960e-01
485 6.069000e-01 8.800000e-05 3.930120e-01
486 6.068960e-01 7.200000e-05 3.930320e-01
487 6.068960e-01 4.800000e-05 3.930560e-01
488 6.068840e-01 5.200000e-05 3.930640e-01
489 6.068840e-01 4.000000e-05 3.930760e-01
490 6.068840e-01 4.000000e-05 3.930760e-01
491 6.068800e-01 4.000000e-05 3.930800e-01
492 6.068720e-01 4.400000e-05 3.930840e-01
493 6.068680e-01 3.200000e-05 3.931000e-01
494 6.068560e-01 4.000000e-05 3.931040e-01
495 6.068320e-01 6.000000e-05 3.931080e-01
496 6.068240e-01 6.000000e-05 3.931160e-01
497 6.068160e-01 5.200000e-05 3.931320e-01
498 6.068120e-01 4.800000e-05 3.931400e-01
499 6.068040e-01 5.200000e-05 3.931440e-01
500 6.067920e-01 4.800000e-05 3.931600e-01
