1 9.991440e-01 7.880000e-04 6.800000e-05
2 9.986000e-01 1.144000e-03 2.560000e-04
3 9.979080e-01 1.608000e-03 4.840000e-04
4 9.971640e-01 2.012000e-03 8.240000e-04
5 9.964320e-01 2.336000e-03 1.232000e-03
6 9.955640e-01 2.744000e-03 1.692000e-03
7 9.947120e-01 3.144000e-03 2.144000e-03
8 9.937640e-01 3.544000e-03 2.692000e-03
9 9.929280e-01 3.748000e-03 3.324000e-03
10 9.920200e-01 3.952000e-03 4.028000e-03
11 9.910480e-01 4.232000e-03 4.720000e-03
12 9.898840e-01 4.616000e-03 5.500000e-03
13 9.886720e-01 5.064000e-03 6.264000e-03
14 9.875040e-01 5.360000e-03 7.136000e-03
15 9.861640e-01 5.784000e-03 8.052000e-03
16 9.849480e-01 6.004000e-03 9.048000e-03
17 9.836200e-01 6.212000e-03 1.016800e-02
18 9.823840e-01 6.332000e-03 1.128400e-02
19 9.810560e-01 6.528000e-03 1.241600e-02
20 9.794200e-01 7.032000e-03 1.354800e-02
21 9.778920e-01 7.296000e-03 1.481200e-02
22 9.763520e-01 7.536000e-03 1.611200e-02
23 9.746800e-01 7.900000e-03 1.742000e-02
24 9.730920e-01 8.084000e-03 1.882400e-02
25 9.714360e-01 8.288000e-03 2.027600e-02
26 9.698920e-01 8.404000e-03 2.170400e-02
27 9.682120e-01 8.692000e-03 2.309600e-02
28 9.665320e-01 8.712000e-03 2.475600e-02
29 9.649800e-01 8.632000e-03 2.638800e-02
30 9.635600e-01 8.632000e-03 2.780800e-02
31 9.619960e-01 8.708000e-03 2.929600e-02
32 9.604200e-01 8.692000e-03 3.088800e-02
33 9.588120e-01 8.672000e-03 3.251600e-02
34 9.572960e-01 8.712000e-03 3.399200e-02
35 9.557600e-01 8.776000e-03 3.546400e-02
36 9.539760e-01 8.776000e-03 3.724800e-02
37 9.521560e-01 8.988000e-03 3.885600e-02
38 9.504080e-01 9.152000e-03 4.044000e-02
39 9.487560e-01 9.096000e-03 4.214800e-02
40 9.470400e-01 9.192000e-03 4.376800e-02
41 9.453640e-01 9.272000e-03 4.536400e-02
42 9.437600e-01 9.236000e-03 4.700400e-02
43 9.420760e-01 9.228000e-03 4.869600e-02
44 9.403960e-01 9.180000e-03 5.042400e-02
45 9.388280e-01 9.324000e-03 5.184800e-02
46 9.371840e-01 9.412000e-03 5.340400e-02
47 9.355480e-01 9.316000e-03 5.513600e-02
48 9.338680e-01 9.308000e-03 5.682400e-02
49 9.321720e-01 9.384000e-03 5.844400e-02
50 9.306600e-01 9.336000e-03 6.000400e-02
51 9.287720e-01 9.520000e-03 6.170800e-02
52 9.269440e-01 9.556000e-03 6.350000e-02
53 9.252960e-01 9.548000e-03 6.515600e-02
54 9.236520e-01 9.584000e-03 6.676400e-02
55 9.217760e-01 9.748000e-03 6.847600e-02
56 9.197600e-01 9.944000e-03 7.029600e-02
57 9.179200e-01 1.002000e-02 7.206000e-02
58 9.161880e-01 9.912000e-03 7.390000e-02
59 9.142240e-01 1.005600e-02 7.572000e-02
60 9.124320e-01 9.992000e-03 7.757600e-02
61 9.107760e-01 1.000400e-02 7.922000e-02
62 9.090120e-01 1.001600e-02 8.097200e-02
63 9.073760e-01 9.964000e-03 8.266000e-02
64 9.057280e-01 9.876000e-03 8.439600e-02
65 9.041400e-01 9.692000e-03 8.616800e-02
66 9.025640e-01 9.436000e-03 8.800000e-02
67 9.009080e-01 9.476000e-03 8.961600e-02
68 8.993640e-01 9.468000e-03 9.116800e-02
69 8.977920e-01 9.416000e-03 9.279200e-02
70 8.961760e-01 9.284000e-03 9.454000e-02
71 8.945360e-01 9.272000e-03 9.619200e-02
72 8.928120e-01 9.448000e-03 9.774000e-02
73 8.909680e-01 9.596000e-03 9.943600e-02
74 8.893000e-01 9.504000e-03 1.011960e-01
75 8.875600e-01 9.596000e-03 1.028440e-01
76 8.857520e-01 9.760000e-03 1.044880e-01
77 8.838000e-01 9.964000e-03 1.062360e-01
78 8.819560e-01 9.940000e-03 1.081040e-01
79 8.800920e-01 9.908000e-03 1.100000e-01
80 8.783520e-01 9.988000e-03 1.116600e-01
81 8.765440e-01 1.006000e-02 1.133960e-01
82 8.748400e-01 9.956000e-03 1.152040e-01
83 8.732120e-01 9.848000e-03 1.169400e-01
84 8.716080e-01 9.788000e-03 1.186040e-01
85 8.699680e-01 9.668000e-03 1.203640e-01
86 8.683160e-01 9.592000e-03 1.220920e-01
87 8.667000e-01 9.508000e-03 1.237920e-01
88 8.651320e-01 9.432000e-03 1.254360e-01
89 8.635320e-01 9.464000e-03 1.270040e-01
90 8.619320e-01 9.468000e-03 1.286000e-01
91 8.604280e-01 9.412000e-03 1.301600e-01
92 8.587520e-01 9.416000e-03 1.318320e-01
93 8.571200e-01 9.336000e-03 1.335440e-01
94 8.555360e-01 9.192000e-03 1.352720e-01
95 8.539440e-01 9.168000e-03 1.368880e-01
96 8.525240e-01 9.112000e-03 1.383640e-01
97 8.510120e-01 9.056000e-03 1.399320e-01
98 8.493520e-01 9.136000e-03 1.415120e-01
99 8.477760e-01 9.108000e-03 1.431160e-01
100 8.461960e-01 9.036000e-03 1.447680e-01
101 8.446360e-01 9.040000e-03 1.463240e-01
102 8.430040e-01 9.136000e-03 1.478600e-01
103 8.413560e-01 9.120000e-03 1.495240e-01
104 8.397000e-01 9.228000e-03 1.510720e-01
105 8.379960e-01 9.164000e-03 1.528400e-01
106 8.363440e-01 9.156000e-03 1.545000e-01
107 8.347000e-01 9.184000e-03 1.561160e-01
108 8.331520e-01 9.116000e-03 1.577320e-01
109 8.314160e-01 9.256000e-03 1.593280e-01
110 8.297640e-01 9.380000e-03 1.608560e-01
111 8.281000e-01 9.612000e-03 1.622880e-01
112 8.265320e-01 9.536000e-03 1.639320e-01
113 8.249320e-01 9.612000e-03 1.654560e-01
114 8.233880e-01 9.592000e-03 1.670200e-01
115 8.216840e-01 9.472000e-03 1.688440e-01
116 8.201400e-01 9.424000e-03 1.704360e-01
117 8.184360e-01 9.416000e-03 1.721480e-01
118 8.167840e-01 9.400000e-03 1.738160e-01
119 8.150560e-01 9.528000e-03 1.754160e-01
120 8.133880e-01 9.588000e-03 1.770240e-01
121 8.118680e-01 9.424000e-03 1.787080e-01
122 8.103960e-01 9.244000e-03 1.803600e-01
123 8.088520e-01 9.020000e-03 1.821280e-01
124 8.072640e-01 9.076000e-03 1.836600e-01
125 8.056600e-01 8.996000e-03 1.853440e-01
126 8.040200e-01 9.108000e-03 1.868720e-01
127 8.025280e-01 9.116000e-03 1.883560e-01
128 8.010720e-01 8.984000e-03 1.899440e-01
129 7.994680e-01 9.012000e-03 1.915200e-01
130 7.979040e-01 8.996000e-03 1.931000e-01
131 7.964840e-01 8.904000e-03 1.946120e-01
132 7.949200e-01 8.912000e-03 1.961680e-01
133 7.934000e-01 8.720000e-03 1.978800e-01
134 7.918480e-01 8.864000e-03 1.992880e-01
135 7.900920e-01 9.076000e-03 2.008320e-01
136 7.884840e-01 9.104000e-03 2.024120e-01
137 7.870200e-01 8.968000e-03 2.040120e-01
138 7.853600e-01 9.048000e-03 2.055920e-01
139 7.837000e-01 9.004000e-03 2.072960e-01
140 7.821840e-01 8.916000e-03 2.089000e-01
141 7.805880e-01 8.920000e-03 2.104920e-01
142 7.792760e-01 8.752000e-03 2.119720e-01
143 7.778880e-01 8.660000e-03 2.134520e-01
144 7.765880e-01 8.452000e-03 2.149600e-01
145 7.753440e-01 8.228000e-03 2.164280e-01
146 7.740520e-01 8.128000e-03 2.178200e-01
147 7.727960e-01 8.024000e-03 2.191800e-01
148 7.713960e-01 7.904000e-03 2.207000e-01
149 7.701200e-01 7.824000e-03 2.220560e-01
150 7.688440e-01 7.868000e-03 2.232880e-01
151 7.675280e-01 7.836000e-03 2.246360e-01
152 7.660120e-01 7.852000e-03 2.261360e-01
153 7.646240e-01 7.832000e-03 2.275440e-01
154 7.632520e-01 7.728000e-03 2.290200e-01
155 7.618960e-01 7.716000e-03 2.303880e-01
156 7.605160e-01 7.804000e-03 2.316800e-01
157 7.591600e-01 7.724000e-03 2.331160e-01
158 7.578200e-01 7.636000e-03 2.345440e-01
159 7.563960e-01 7.660000e-03 2.359440e-01
160 7.550200e-01 7.696000e-03 2.372840e-01
161 7.536800e-01 7.652000e-03 2.386680e-01
162 7.523760e-01 7.492000e-03 2.401320e-01
163 7.511920e-01 7.492000e-03 2.413160e-01
164 7.499120e-01 7.452000e-03 2.426360e-01
165 7.485680e-01 7.420000e-03 2.440120e-01
166 7.472760e-01 7.328000e-03 2.453960e-01
167 7.460520e-01 7.360000e-03 2.465880e-01
168 7.449200e-01 7.204000e-03 2.478760e-01
169 7.437640e-01 7.156000e-03 2.490800e-01
170 7.426960e-01 6.956000e-03 2.503480e-01
171 7.414600e-01 6.932000e-03 2.516080e-01
172 7.401160e-01 7.092000e-03 2.527920e-01
173 7.386720e-01 7.392000e-03 2.539360e-01
174 7.374080e-01 7.336000e-03 2.552560e-01
175 7.361120e-01 7.296000e-03 2.565920e-01
176 7.348640e-01 7.252000e-03 2.578840e-01
177 7.336280e-01 7.208000e-03 2.591640e-01
178 7.323120e-01 7.340000e-03 2.603480e-01
179 7.309360e-01 7.520000e-03 2.615440e-01
180 7.295960e-01 7.524000e-03 2.628800e-01
181 7.282760e-01 7.568000e-03 2.641560e-01
182 7.270240e-01 7.460000e-03 2.655160e-01
183 7.258000e-01 7.408000e-03 2.667920e-01
184 7.245880e-01 7.320000e-03 2.680920e-01
185 7.234840e-01 7.152000e-03 2.693640e-01
186 7.223840e-01 6.980000e-03 2.706360e-01
187 7.213640e-01 6.864000e-03 2.717720e-01
188 7.201840e-01 6.916000e-03 2.729000e-01
189 7.190880e-01 6.692000e-03 2.742200e-01
190 7.181000e-01 6.436000e-03 2.754640e-01
191 7.169360e-01 6.440000e-03 2.766240e-01
192 7.158960e-01 6.336000e-03 2.777680e-01
193 7.148000e-01 6.280000e-03 2.789200e-01
194 7.137720e-01 6.260000e-03 2.799680e-01
195 7.128160e-01 6.056000e-03 2.811280e-01
196 7.117840e-01 6.060000e-03 2.821560e-01
197 7.107800e-01 6.076000e-03 2.831440e-01
198 7.097520e-01 5.988000e-03 2.842600e-01
199 7.087080e-01 5.960000e-03 2.853320e-01
200 7.077720e-01 5.868000e-03 2.863600e-01
201 7.067680e-01 5.876000e-03 2.873560e-01
202 7.057160e-01 5.792000e-03 2.884920e-01
203 7.047200e-01 5.784000e-03 2.894960e-01
204 7.037720e-01 5.788000e-03 2.904400e-01
205 7.028520e-01 5.744000e-03 2.914040e-01
206 7.019400e-01 5.688000e-03 2.923720e-01
207 7.009360e-01 5.696000e-03 2.933680e-01
208 6.999880e-01 5.640000e-03 2.943720e-01
209 6.991040e-01 5.540000e-03 2.953560e-01
210 6.981680e-01 5.572000e-03 2.962600e-01
211 6.973240e-01 5.372000e-03 2.973040e-01
212 6.965000e-01 5.248000e-03 2.982520e-01
213 6.956640e-01 5.112000e-03 2.992240e-01
214 6.948480e-01 5.008000e-03 3.001440e-01
215 6.939680e-01 5.072000e-03 3.009600e-01
216 6.929160e-01 5.224000e-03 3.018600e-01
217 6.920400e-01 5.220000e-03 3.027400e-01
218 6.912480e-01 5.160000e-03 3.035920e-01
219 6.902360e-01 5.344000e-03 3.044200e-01
220 6.892200e-01 5.512000e-03 3.052680e-01
221 6.883320e-01 5.468000e-03 3.062000e-01
222 6.873800e-01 5.452000e-03 3.071680e-01
223 6.865480e-01 5.468000e-03 3.079840e-01
224 6.856960e-01 5.336000e-03 3.089680e-01
225 6.847240e-01 5.452000e-03 3.098240e-01
226 6.839160e-01 5.280000e-03 3.108040e-01
227 6.830200e-01 5.220000e-03 3.117600e-01
228 6.822560e-01 5.108000e-03 3.126360e-01
229 6.815520e-01 4.960000e-03 3.134880e-01
230 6.807840e-01 4.864000e-03 3.143520e-01
231 6.799960e-01 4.772000e-03 3.152320e-01
232 6.792880e-01 4.636000e-03 3.160760e-01
233 6.785880e-01 4.568000e-03 3.168440e-01
234 6.778920e-01 4.536000e-03 3.175720e-01
235 6.772200e-01 4.452000e-03 3.183280e-01
236 6.765760e-01 4.252000e-03 3.191720e-01
237 6.758760e-01 4.224000e-03 3.199000e-01
238 6.751680e-01 4.204000e-03 3.206280e-01
239 6.744240e-01 4.236000e-03 3.213400e-01
240 6.737760e-01 4.132000e-03 3.220920e-01
241 6.730640e-01 4.192000e-03 3.227440e-01
242 6.724000e-01 4.116000e-03 3.234840e-01
243 6.716760e-01 4.192000e-03 3.241320e-01
244 6.711120e-01 4.020000e-03 3.248680e-01
245 6.704000e-01 4.064000e-03 3.255360e-01
246 6.697840e-01 4.020000e-03 3.261960e-01
247 6.691840e-01 3.892000e-03 3.269240e-01
248 6.685080e-01 3.856000e-03 3.276360e-01
249 6.678520e-01 3.756000e-03 3.283920e-01
250 6.672560e-01 3.740000e-03 3.290040e-01
251 6.665360e-01 3.820000e-03 3.296440e-01
252 6.658640e-01 3.840000e-03 3.302960e-01
253 6.653120e-01 3.752000e-03 3.309360e-01
254 6.647600e-01 3.648000e-03 3.315920e-01
255 6.641000e-01 3.612000e-03 3.322880e-01
256 6.634040e-01 3.656000e-03 3.329400e-01
257 6.627800e-01 3.620000e-03 3.336000e-01
258 6.622640e-01 3.524000e-03 3.342120e-01
259 6.615840e-01 3.596000e-03 3.348200e-01
260 6.609680e-01 3.656000e-03 3.353760e-01
261 6.603080e-01 3.740000e-03 3.359520e-01
262 6.597200e-01 3.700000e-03 3.365800e-01
263 6.590440e-01 3.716000e-03 3.372400e-01
264 6.583800e-01 3.776000e-03 3.378440e-01
265 6.576760e-01 3.848000e-03 3.384760e-01
266 6.570360e-01 3.812000e-03 3.391520e-01
267 6.564120e-01 3.684000e-03 3.399040e-01
268 6.557320e-01 3.748000e-03 3.405200e-01
269 6.550440e-01 3.804000e-03 3.411520e-01
270 6.544720e-01 3.764000e-03 3.417640e-01
271 6.537480e-01 3.832000e-03 3.424200e-01
272 6.531400e-01 3.836000e-03 3.430240e-01
273 6.525480e-01 3.780000e-03 3.436720e-01
274 6.519440e-01 3.800000e-03 3.442560e-01
275 6.513400e-01 3.728000e-03 3.449320e-01
276 6.507000e-01 3.736000e-03 3.455640e-01
277 6.500720e-01 3.732000e-03 3.461960e-01
278 6.494240e-01 3.788000e-03 3.467880e-01
279 6.487320e-01 3.840000e-03 3.474280e-01
280 6.480960e-01 3.800000e-03 3.481040e-01
281 6.474680e-01 3.732000e-03 3.488000e-01
282 6.468480e-01 3.716000e-03 3.494360e-01
283 6.461080e-01 3.772000e-03 3.501200e-01
284 6.454000e-01 3.828000e-03 3.507720e-01
285 6.446920e-01 3.904000e-03 3.514040e-01
286 6.440440e-01 3.888000e-03 3.520680e-01
287 6.434280e-01 3.844000e-03 3.527280e-01
288 6.428080e-01 3.832000e-03 3.533600e-01
289 6.421000e-01 3.900000e-03 3.540000e-01
290 6.415560e-01 3.764000e-03 3.546800e-01
291 6.409960e-01 3.704000e-03 3.553000e-01
292 6.404040e-01 3.632000e-03 3.559640e-01
293 6.398360e-01 3.592000e-03 3.565720e-01
294 6.391760e-01 3.696000e-03 3.571280e-01
295 6.385120e-01 3.644000e-03 3.578440e-01
296 6.379800e-01 3.592000e-03 3.584280e-01
297 6.374520e-01 3.436000e-03 3.591120e-01
298 6.369440e-01 3.308000e-03 3.597480e-01
299 6.364200e-01 3.264000e-03 3.603160e-01
300 6.359040e-01 3.220000e-03 3.608760e-01
301 6.353000e-01 3.260000e-03 3.614400e-01
302 6.348680e-01 3.136000e-03 3.619960e-01
303 6.343600e-01 3.168000e-03 3.624720e-01
304 6.338960e-01 3.116000e-03 3.629880e-01
305 6.334080e-01 3.104000e-03 3.634880e-01
306 6.328880e-01 3.056000e-03 3.640560e-01
307 6.325040e-01 2.908000e-03 3.645880e-01
308 6.321200e-01 2.820000e-03 3.650600e-01
309 6.317160e-01 2.728000e-03 3.655560e-01
310 6.313200e-01 2.612000e-03 3.660680e-01
311 6.309560e-01 2.580000e-03 3.664640e-01
312 6.305440e-01 2.508000e-03 3.669480e-01
313 6.302240e-01 2.348000e-03 3.674280e-01
314 6.298640e-01 2.316000e-03 3.678200e-01
315 6.294400e-01 2.384000e-03 3.681760e-01
316 6.290800e-01 2.388000e-03 3.685320e-01
317 6.286960e-01 2.360000e-03 3.689440e-01
318 6.283560e-01 2.228000e-03 3.694160e-01
319 6.280000e-01 2.156000e-03 3.698440e-01
320 6.276080e-01 2.164000e-03 3.702280e-01
321 6.272280e-01 2.156000e-03 3.706160e-01
322 6.268560e-01 2.136000e-03 3.710080e-01
323 6.264720e-01 2.140000e-03 3.713880e-01
324 6.260280e-01 2.256000e-03 3.717160e-01
325 6.256120e-01 2.276000e-03 3.721120e-01
326 6.252720e-01 2.220000e-03 3.725080e-01
327 6.248600e-01 2.264000e-03 3.728760e-01
328 6.244800e-01 2.236000e-03 3.732840e-01
329 6.241000e-01 2.244000e-03 3.736560e-01
330 6.237720e-01 2.256000e-03 3.739720e-01
331 6.234800e-01 2.136000e-03 3.743840e-01
332 6.231920e-01 2.084000e-03 3.747240e-01
333 6.228640e-01 1.984000e-03 3.751520e-01
334 6.225480e-01 1.996000e-03 3.754560e-01
335 6.222840e-01 1.956000e-03 3.757600e-01
336 6.219520e-01 1.940000e-03 3.761080e-01
337 6.216480e-01 1.844000e-03 3.765080e-01
338 6.213800e-01 1.820000e-03 3.768000e-01
339 6.210920e-01 1.796000e-03 3.771120e-01
340 6.208320e-01 1.748000e-03 3.774200e-01
341 6.205800e-01 1.660000e-03 3.777600e-01
342 6.203240e-01 1.676000e-03 3.780000e-01
343 6.200440e-01 1.672000e-03 3.782840e-01
344 6.197520e-01 1.668000e-03 3.785800e-01
345 6.195160e-01 1.608000e-03 3.788760e-01
346 6.192800e-01 1.548000e-03 3.791720e-01
347 6.189680e-01 1.580000e-03 3.794520e-01
348 6.186840e-01 1.628000e-03 3.796880e-01
349 6.184000e-01 1.648000e-03 3.799520e-01
350 6.181160e-01 1.676000e-03 3.802080e-01
351 6.178360e-01 1.668000e-03 3.804960e-01
352 6.175880e-01 1.584000e-03 3.808280e-01
353 6.173600e-01 1.560000e-03 3.810800e-01
354 6.170720e-01 1.564000e-03 3.813640e-01
355 6.167520e-01 1.588000e-03 3.816600e-01
356 6.164600e-01 1.592000e-03 3.819480e-01
357 6.161520e-01 1.604000e-03 3.822440e-01
358 6.158760e-01 1.624000e-03 3.825000e-01
359 6.156160e-01 1.600000e-03 3.827840e-01
360 6.153840e-01 1.588000e-03 3.830280e-01
361 6.151640e-01 1.548000e-03 3.832880e-01
362 6.149200e-01 1.536000e-03 3.835440e-01
363 6.147000e-01 1.496000e-03 3.838040e-01
364 6.144840e-01 1.420000e-03 3.840960e-01
365 6.142760e-01 1.412000e-03 3.843120e-01
366 6.141160e-01 1.336000e-03 3.845480e-01
367 6.139720e-01 1.248000e-03 3.847800e-01
368 6.138080e-01 1.220000e-03 3.849720e-01
369 6.136120e-01 1.180000e-03 3.852080e-01
370 6.134320e-01 1.152000e-03 3.854160e-01
371 6.132440e-01 1.140000e-03 3.856160e-01
372 6.129880e-01 1.184000e-03 3.858280e-01
373 6.127840e-01 1.188000e-03 3.860280e-01
374 6.125160e-01 1.276000e-03 3.862080e-01
375 6.122760e-01 1.276000e-03 3.864480e-01
376 6.120000e-01 1.344000e-03 3.866560e-01
377 6.117560e-01 1.376000e-03 3.868680e-01
378 6.115320e-01 1.372000e-03 3.870960e-01
379 6.113320e-01 1.360000e-03 3.873080e-01
380 6.111120e-01 1.356000e-03 3.875320e-01
381 6.108720e-01 1.356000e-03 3.877720e-01
382 6.106120e-01 1.364000e-03 3.880240e-01
383 6.102840e-01 1.476000e-03 3.882400e-01
384 6.100800e-01 1.420000e-03 3.885000e-01
385 6.097800e-01 1.476000e-03 3.887440e-01
386 6.095400e-01 1.460000e-03 3.890000e-01
387 6.093080e-01 1.412000e-03 3.892800e-01
388 6.090240e-01 1.440000e-03 3.895360e-01
389 6.087440e-01 1.492000e-03 3.897640e-01
390 6.084600e-01 1.604000e-03 3.899360e-01
391 6.081480e-01 1.636000e-03 3.902160e-01
392 6.078440e-01 1.636000e-03 3.905200e-01
393 6.075920e-01 1.584000e-03 3.908240e-01
394 6.073080e-01 1.596000e-03 3.910960e-01
395 6.070160e-01 1.608000e-03 3.913760e-01
396 6.067160e-01 1.584000e-03 3.917000e-01
397 6.063800e-01 1.668000e-03 3.919520e-01
398 6.060400e-01 1.748000e-03 3.922120e-01
399 6.057680e-01 1.720000e-03 3.925120e-01
400 6.055160e-01 1.688000e-03 3.927960e-01
401 6.052680e-01 1.692000e-03 3.930400e-01
402 6.049800e-01 1.708000e-03 3.933120e-01
403 6.047040e-01 1.640000e-03 3.936560e-01
404 6.044360e-01 1.664000e-03 3.939000e-01
405 6.041280e-01 1.680000e-03 3.941920e-01
406 6.038240e-01 1.720000e-03 3.944560e-01
407 6.035160e-01 1.732000e-03 3.947520e-01
408 6.031960e-01 1.768000e-03 3.950360e-01
409 6.028880e-01 1.792000e-03 3.953200e-01
410 6.025360e-01 1.828000e-03 3.956360e-01
411 6.022560e-01 1.788000e-03 3.959560e-01
412 6.019920e-01 1.676000e-03 3.963320e-01
413 6.017360e-01 1.692000e-03 3.965720e-01
414 6.015120e-01 1.604000e-03 3.968840e-01
415 6.012920e-01 1.532000e-03 3.971760e-01
416 6.011040e-01 1.428000e-03 3.974680e-01
417 6.008800e-01 1.384000e-03 3.977360e-01
418 6.006600e-01 1.372000e-03 3.979680e-01
419 6.004000e-01 1.416000e-03 3.981840e-01
420 6.002280e-01 1.388000e-03 3.983840e-01
421 6.000520e-01 1.352000e-03 3.985960e-01
422 5.999040e-01 1.244000e-03 3.988520e-01
423 5.997080e-01 1.240000e-03 3.990520e-01
424 5.995000e-01 1.208000e-03 3.992920e-01
425 5.992920e-01 1.220000e-03 3.994880e-01
426 5.990600e-01 1.276000e-03 3.996640e-01
427 5.987760e-01 1.308000e-03 3.999160e-01
428 5.984880e-01 1.368000e-03 4.001440e-01
429 5.983000e-01 1.340000e-03 4.003600e-01
430 5.980840e-01 1.332000e-03 4.005840e-01
431 5.978920e-01 1.288000e-03 4.008200e-01
432 5.976800e-01 1.280000e-03 4.010400e-01
433 5.975280e-01 1.184000e-03 4.012880e-01
434 5.972680e-01 1.276000e-03 4.014560e-01
435 5.971280e-01 1.200000e-03 4.016720e-01
436 5.969480e-01 1.164000e-03 4.018880e-01
437 5.967680e-01 1.088000e-03 4.021440e-01
438 5.966160e-01 1.056000e-03 4.023280e-01
439 5.964640e-01 1.032000e-03 4.025040e-01
440 5.962920e-01 1.028000e-03 4.026800e-01
441 5.961600e-01 1.004000e-03 4.028360e-01
442 5.960280e-01 9.960000e-04 4.029760e-01
443 5.958480e-01 1.004000e-03 4.031480e-01
444 5.956880e-01 1.004000e-03 4.033080e-01
445 5.955200e-01 1.004000e-03 4.034760e-01
446 5.953800e-01 9.560000e-04 4.036640e-01
447 5.951760e-01 1.036000e-03 4.037880e-01
448 5.950200e-01 9.920000e-04 4.039880e-01
449 5.948800e-01 9.360000e-04 4.041840e-01
450 5.946880e-01 9.280000e-04 4.043840e-01
451 5.944440e-01 1.016000e-03 4.045400e-01
452 5.941720e-01 1.100000e-03 4.047280e-01
453 5.939000e-01 1.128000e-03 4.049720e-01
454 5.936280e-01 1.172000e-03 4.052000e-01
455 5.933840e-01 1.192000e-03 4.054240e-01
456 5.931640e-01 1.184000e-03 4.056520e-01
457 5.929480e-01 1.208000e-03 4.058440e-01
458 5.927360e-01 1.204000e-03 4.060600e-01
459 5.925640e-01 1.176000e-03 4.062600e-01
460 5.923680e-01 1.144000e-03 4.064880e-01
461 5.922080e-01 1.136000e-03 4.066560e-01
462 5.920720e-01 1.084000e-03 4.068440e-01
463 5.918800e-01 1.076000e-03 4.070440e-01
464 5.917240e-01 1.048000e-03 4.072280e-01
465 5.915280e-01 1.016000e-03 4.074560e-01
466 5.913360e-01 1.060000e-03 4.076040e-01
467 5.912040e-01 9.400000e-04 4.078560e-01
468 5.910120e-01 9.520000e-04 4.080360e-01
469 5.908320e-01 9.320000e-04 4.082360e-01
470 5.907240e-01 8.520000e-04 4.084240e-01
471 5.905320e-01 8.920000e-04 4.085760e-01
472 5.903800e-01 9.000000e-04 4.087200e-01
473 5.901920e-01 9.400000e-04 4.088680e-01
474 5.900000e-01 1.000000e-03 4.090000e-01
475 5.897560e-01 1.104000e-03 4.091400e-01
476 5.895520e-01 1.128000e-03 4.093200e-01
477 5.893400e-01 1.144000e-03 4.095160e-01
478 5.891120e-01 1.188000e-03 4.097000e-01
479 5.889680e-01 1.144000e-03 4.098880e-01
480 5.888000e-01 1.064000e-03 4.101360e-01
481 5.885640e-01 1.116000e-03 4.103200e-01
482 5.883840e-01 1.136000e-03 4.104800e-01
483 5.881960e-01 1.104000e-03 4.107000e-01
484 5.880160e-01 1.048000e-03 4.109360e-01
485 5.878600e-01 9.960000e-04 4.111440e-01
486 5.877440e-01 9.000000e-04 4.113560e-01
487 5.876120e-01 8.600000e-04 4.115280e-01
488 5.874440e-01 8.960000e-04 4.116600e-01
489 5.872720e-01 9.320000e-04 4.117960e-01
490 5.871080e-01 9.280000e-04 4.119640e-01
491 5.869800e-01 9.280000e-04 4.120920e-01
492 5.868080e-01 9.360000e-04 4.122560e-01
493 5.866240e-01 9.160000e-04 4.124600e-01
494 5.864840e-01 8.600000e-04 4.126560e-01
495 5.863520e-01 8.320000e-04 4.128160e-01
496 5.862400e-01 8.200000e-04 4.129400e-01
497 5.860440e-01 8.880000e-04 4.130680e-01
498 5.858760e-01 8.680000e-04 4.132560e-01
499 5.857440e-01 7.640000e-04 4.134920e-01
500 5.855640e-01 8.000000e-04 4.136360e-01
