1 9.991640e-01 7.600000e-04 7.600000e-05
2 9.984640e-01 1.300000e-03 2.360000e-04
3 9.978280e-01 1.624000e-03 5.480000e-04
4 9.971280e-01 2.000000e-03 8.720000e-04
5 9.962680e-01 2.472000e-03 1.260000e-03
6 9.953480e-01 2.904000e-03 1.748000e-03
7 9.943280e-01 3.396000e-03 2.276000e-03
8 9.934000e-01 3.744000e-03 2.856000e-03
9 9.924600e-01 3.944000e-03 3.596000e-03
10 9.913160e-01 4.296000e-03 4.388000e-03
11 9.902840e-01 4.516000e-03 5.200000e-03
12 9.891520e-01 4.828000e-03 6.020000e-03
13 9.879920e-01 5.236000e-03 6.772000e-03
14 9.867520e-01 5.520000e-03 7.728000e-03
15 9.853640e-01 6.020000e-03 8.616000e-03
16 9.841200e-01 6.188000e-03 9.692000e-03
17 9.829200e-01 6.268000e-03 1.081200e-02
18 9.816320e-01 6.464000e-03 1.190400e-02
19 9.803560e-01 6.584000e-03 1.306000e-02
20 9.790640e-01 6.724000e-03 1.421200e-02
21 9.778400e-01 6.824000e-03 1.533600e-02
22 9.766240e-01 6.820000e-03 1.655600e-02
23 9.753040e-01 6.868000e-03 1.782800e-02
24 9.739080e-01 7.044000e-03 1.904800e-02
25 9.724960e-01 7.152000e-03 2.035200e-02
26 9.710960e-01 7.300000e-03 2.160400e-02
27 9.696640e-01 7.480000e-03 2.285600e-02
28 9.683040e-01 7.548000e-03 2.414800e-02
29 9.668080e-01 7.644000e-03 2.554800e-02
30 9.654800e-01 7.620000e-03 2.690000e-02
31 9.640040e-01 7.808000e-03 2.818800e-02
32 9.626440e-01 7.792000e-03 2.956400e-02
33 9.612760e-01 7.736000e-03 3.098800e-02
34 9.600280e-01 7.648000e-03 3.232400e-02
35 9.586720e-01 7.700000e-03 3.362800e-02
36 9.574240e-01 7.632000e-03 3.494400e-02
37 9.561720e-01 7.620000e-03 3.620800e-02
38 9.549080e-01 7.540000e-03 3.755200e-02
39 9.536000e-01 7.560000e-03 3.884000e-02
40 9.523480e-01 7.464000e-03 4.018800e-02
41 9.510640e-01 7.484000e-03 4.145200e-02
42 9.496280e-01 7.524000e-03 4.284800e-02
43 9.482800e-01 7.616000e-03 4.410400e-02
44 9.469360e-01 7.632000e-03 4.543200e-02
45 9.456080e-01 7.616000e-03 4.677600e-02
46 9.442840e-01 7.672000e-03 4.804400e-02
47 9.428320e-01 7.860000e-03 4.930800e-02
48 9.414320e-01 7.896000e-03 5.067200e-02
49 9.400760e-01 7.892000e-03 5.203200e-02
50 9.386920e-01 7.936000e-03 5.337200e-02
51 9.373160e-01 7.840000e-03 5.484400e-02
52 9.359160e-01 7.900000e-03 5.618400e-02
53 9.345640e-01 7.848000e-03 5.758800e-02
54 9.331160e-01 7.732000e-03 5.915200e-02
55 9.316960e-01 7.636000e-03 6.066800e-02
56 9.302400e-01 7.812000e-03 6.194800e-02
57 9.288320e-01 7.936000e-03 6.323200e-02
58 9.274360e-01 7.948000e-03 6.461600e-02
59 9.260400e-01 7.980000e-03 6.598000e-02
60 9.245800e-01 7.944000e-03 6.747600e-02
61 9.231640e-01 7.924000e-03 6.891200e-02
62 9.218640e-01 7.856000e-03 7.028000e-02
63 9.204880e-01 7.932000e-03 7.158000e-02
64 9.191240e-01 7.816000e-03 7.306000e-02
65 9.178760e-01 7.656000e-03 7.446800e-02
66 9.166080e-01 7.500000e-03 7.589200e-02
67 9.151920e-01 7.648000e-03 7.716000e-02
68 9.136560e-01 7.740000e-03 7.860400e-02
69 9.121720e-01 7.916000e-03 7.991200e-02
70 9.106520e-01 8.104000e-03 8.124400e-02
71 9.092080e-01 8.168000e-03 8.262400e-02
72 9.077800e-01 8.204000e-03 8.401600e-02
73 9.063720e-01 8.180000e-03 8.544800e-02
74 9.048800e-01 8.292000e-03 8.682800e-02
75 9.034600e-01 8.256000e-03 8.828400e-02
76 9.020920e-01 8.172000e-03 8.973600e-02
77 9.007960e-01 8.052000e-03 9.115200e-02
78 8.994520e-01 7.884000e-03 9.266400e-02
79 8.980880e-01 7.844000e-03 9.406800e-02
80 8.967840e-01 7.728000e-03 9.548800e-02
81 8.955560e-01 7.464000e-03 9.698000e-02
82 8.942320e-01 7.548000e-03 9.822000e-02
83 8.929640e-01 7.408000e-03 9.962800e-02
84 8.916680e-01 7.436000e-03 1.008960e-01
85 8.902840e-01 7.488000e-03 1.022280e-01
86 8.890280e-01 7.476000e-03 1.034960e-01
87 8.874560e-01 7.764000e-03 1.047800e-01
88 8.860920e-01 7.868000e-03 1.060400e-01
89 8.845280e-01 8.088000e-03 1.073840e-01
90 8.830600e-01 8.148000e-03 1.087920e-01
91 8.815960e-01 8.200000e-03 1.102040e-01
92 8.800840e-01 8.440000e-03 1.114760e-01
93 8.786840e-01 8.316000e-03 1.130000e-01
94 8.771440e-01 8.352000e-03 1.145040e-01
95 8.756800e-01 8.168000e-03 1.161520e-01
96 8.739160e-01 8.500000e-03 1.175840e-01
97 8.723080e-01 8.564000e-03 1.191280e-01
98 8.708920e-01 8.440000e-03 1.206680e-01
99 8.695120e-01 8.284000e-03 1.222040e-01
100 8.679680e-01 8.412000e-03 1.236200e-01
101 8.665320e-01 8.288000e-03 1.251800e-01
102 8.650560e-01 8.232000e-03 1.267120e-01
103 8.636240e-01 8.308000e-03 1.280680e-01
104 8.622800e-01 8.240000e-03 1.294800e-01
105 8.608960e-01 8.140000e-03 1.309640e-01
106 8.595000e-01 8.148000e-03 1.323520e-01
107 8.581000e-01 8.128000e-03 1.337720e-01
108 8.567600e-01 8.076000e-03 1.351640e-01
109 8.555160e-01 7.832000e-03 1.366520e-01
110 8.541000e-01 7.920000e-03 1.379800e-01
111 8.528080e-01 7.724000e-03 1.394680e-01
112 8.515440e-01 7.612000e-03 1.408440e-01
113 8.502640e-01 7.556000e-03 1.421800e-01
114 8.491800e-01 7.360000e-03 1.434600e-01
115 8.478080e-01 7.500000e-03 1.446920e-01
116 8.465880e-01 7.352000e-03 1.460600e-01
117 8.453840e-01 7.280000e-03 1.473360e-01
118 8.443920e-01 7.024000e-03 1.485840e-01
119 8.433200e-01 6.820000e-03 1.498600e-01
120 8.421760e-01 6.716000e-03 1.511080e-01
121 8.411280e-01 6.592000e-03 1.522800e-01
122 8.401560e-01 6.404000e-03 1.534400e-01
123 8.391480e-01 6.320000e-03 1.545320e-01
124 8.381560e-01 6.132000e-03 1.557120e-01
125 8.371200e-01 6.092000e-03 1.567880e-01
126 8.361560e-01 6.124000e-03 1.577200e-01
127 8.351720e-01 6.008000e-03 1.588200e-01
128 8.341920e-01 5.948000e-03 1.598600e-01
129 8.332800e-01 5.892000e-03 1.608280e-01
130 8.323240e-01 5.868000e-03 1.618080e-01
131 8.313280e-01 5.872000e-03 1.628000e-01
132 8.303040e-01 5.876000e-03 1.638200e-01
133 8.293280e-01 5.740000e-03 1.649320e-01
134 8.283600e-01 5.684000e-03 1.659560e-01
135 8.273600e-01 5.796000e-03 1.668440e-01
136 8.264080e-01 5.712000e-03 1.678800e-01
137 8.254720e-01 5.552000e-03 1.689760e-01
138 8.245320e-01 5.496000e-03 1.699720e-01
139 8.234840e-01 5.556000e-03 1.709600e-01
140 8.225600e-01 5.420000e-03 1.720200e-01
141 8.216400e-01 5.384000e-03 1.729760e-01
142 8.206120e-01 5.396000e-03 1.739920e-01
143 8.195760e-01 5.516000e-03 1.749080e-01
144 8.185720e-01 5.580000e-03 1.758480e-01
145 8.175520e-01 5.604000e-03 1.768440e-01
146 8.165800e-01 5.588000e-03 1.778320e-01
147 8.157920e-01 5.448000e-03 1.787600e-01
148 8.148200e-01 5.444000e-03 1.797360e-01
149 8.138160e-01 5.540000e-03 1.806440e-01
150 8.129680e-01 5.380000e-03 1.816520e-01
151 8.120120e-01 5.472000e-03 1.825160e-01
152 8.110000e-01 5.496000e-03 1.835040e-01
153 8.100800e-01 5.508000e-03 1.844120e-01
154 8.092280e-01 5.380000e-03 1.853920e-01
155 8.083720e-01 5.328000e-03 1.863000e-01
156 8.075240e-01 5.148000e-03 1.873280e-01
157 8.066480e-01 5.100000e-03 1.882520e-01
158 8.058600e-01 4.920000e-03 1.892200e-01
159 8.050400e-01 4.884000e-03 1.900760e-01
160 8.042840e-01 4.752000e-03 1.909640e-01
161 8.034640e-01 4.772000e-03 1.917640e-01
162 8.025160e-01 4.932000e-03 1.925520e-01
163 8.016520e-01 5.008000e-03 1.933400e-01
164 8.007040e-01 5.072000e-03 1.942240e-01
165 7.998200e-01 5.092000e-03 1.950880e-01
166 7.991000e-01 4.912000e-03 1.959880e-01
167 7.983520e-01 4.924000e-03 1.967240e-01
168 7.974800e-01 4.992000e-03 1.975280e-01
169 7.965040e-01 5.136000e-03 1.983600e-01
170 7.957200e-01 4.956000e-03 1.993240e-01
171 7.948640e-01 4.920000e-03 2.002160e-01
172 7.940320e-01 4.808000e-03 2.011600e-01
173 7.931800e-01 4.748000e-03 2.020720e-01
174 7.923880e-01 4.640000e-03 2.029720e-01
175 7.916520e-01 4.540000e-03 2.038080e-01
176 7.908680e-01 4.516000e-03 2.046160e-01
177 7.902320e-01 4.416000e-03 2.053520e-01
178 7.895400e-01 4.272000e-03 2.061880e-01
179 7.888480e-01 4.252000e-03 2.069000e-01
180 7.882080e-01 4.152000e-03 2.076400e-01
181 7.874720e-01 4.260000e-03 2.082680e-01
182 7.867640e-01 4.176000e-03 2.090600e-01
183 7.860920e-01 4.204000e-03 2.097040e-01
184 7.853520e-01 4.280000e-03 2.103680e-01
185 7.845840e-01 4.284000e-03 2.111320e-01
186 7.837840e-01 4.348000e-03 2.118680e-01
187 7.831080e-01 4.268000e-03 2.126240e-01
188 7.823920e-01 4.268000e-03 2.133400e-01
189 7.817360e-01 4.184000e-03 2.140800e-01
190 7.810400e-01 4.096000e-03 2.148640e-01
191 7.803640e-01 4.068000e-03 2.155680e-01
192 7.796320e-01 4.144000e-03 2.162240e-01
193 7.788960e-01 4.148000e-03 2.169560e-01
194 7.781000e-01 4.248000e-03 2.176520e-01
195 7.773080e-01 4.304000e-03 2.183880e-01
196 7.765440e-01 4.372000e-03 2.190840e-01
197 7.757880e-01 4.432000e-03 2.197800e-01
198 7.750920e-01 4.412000e-03 2.204960e-01
199 7.743360e-01 4.344000e-03 2.213200e-01
200 7.736680e-01 4.336000e-03 2.219960e-01
201 7.729360e-01 4.204000e-03 2.228600e-01
202 7.722080e-01 4.124000e-03 2.236680e-01
203 7.714080e-01 4.220000e-03 2.243720e-01
204 7.707120e-01 4.236000e-03 2.250520e-01
205 7.700720e-01 4.136000e-03 2.257920e-01
206 7.694400e-01 4.036000e-03 2.265240e-01
207 7.687800e-01 3.968000e-03 2.272520e-01
208 7.681040e-01 3.864000e-03 2.280320e-01
209 7.675080e-01 3.768000e-03 2.287240e-01
210 7.668720e-01 3.744000e-03 2.293840e-01
211 7.661840e-01 3.848000e-03 2.299680e-01
212 7.654640e-01 3.948000e-03 2.305880e-01
213 7.648800e-01 3.820000e-03 2.313000e-01
214 7.642280e-01 3.808000e-03 2.319640e-01
215 7.635880e-01 3.736000e-03 2.326760e-01
216 7.629480e-01 3.732000e-03 2.333200e-01
217 7.624040e-01 3.668000e-03 2.339280e-01
218 7.617960e-01 3.656000e-03 2.345480e-01
219 7.610680e-01 3.676000e-03 2.352560e-01
220 7.604080e-01 3.708000e-03 2.358840e-01
221 7.596640e-01 3.816000e-03 2.365200e-01
222 7.590920e-01 3.744000e-03 2.371640e-01
223 7.584000e-01 3.672000e-03 2.379280e-01
224 7.577720e-01 3.684000e-03 2.385440e-01
225 7.572000e-01 3.580000e-03 2.392200e-01
226 7.566680e-01 3.480000e-03 2.398520e-01
227 7.561280e-01 3.352000e-03 2.405200e-01
228 7.556400e-01 3.212000e-03 2.411480e-01
229 7.552400e-01 2.980000e-03 2.417800e-01
230 7.547720e-01 2.884000e-03 2.423440e-01
231 7.544400e-01 2.680000e-03 2.428800e-01
232 7.540760e-01 2.616000e-03 2.433080e-01
233 7.536000e-01 2.632000e-03 2.437680e-01
234 7.531840e-01 2.616000e-03 2.442000e-01
235 7.527880e-01 2.552000e-03 2.446600e-01
236 7.523200e-01 2.508000e-03 2.451720e-01
237 7.520040e-01 2.400000e-03 2.455960e-01
238 7.516240e-01 2.384000e-03 2.459920e-01
239 7.512520e-01 2.376000e-03 2.463720e-01
240 7.507680e-01 2.460000e-03 2.467720e-01
241 7.502720e-01 2.584000e-03 2.471440e-01
242 7.498560e-01 2.528000e-03 2.476160e-01
243 7.494040e-01 2.528000e-03 2.480680e-01
244 7.490640e-01 2.492000e-03 2.484440e-01
245 7.486880e-01 2.452000e-03 2.488600e-01
246 7.482920e-01 2.392000e-03 2.493160e-01
247 7.479880e-01 2.284000e-03 2.497280e-01
248 7.476920e-01 2.260000e-03 2.500480e-01
249 7.473760e-01 2.224000e-03 2.504000e-01
250 7.469960e-01 2.188000e-03 2.508160e-01
251 7.466000e-01 2.172000e-03 2.512280e-01
252 7.462000e-01 2.176000e-03 2.516240e-01
253 7.458440e-01 2.156000e-03 2.520000e-01
254 7.453800e-01 2.168000e-03 2.524520e-01
255 7.449960e-01 2.240000e-03 2.527640e-01
256 7.445960e-01 2.236000e-03 2.531680e-01
257 7.441680e-01 2.216000e-03 2.536160e-01
258 7.438040e-01 2.204000e-03 2.539920e-01
259 7.434040e-01 2.228000e-03 2.543680e-01
260 7.429840e-01 2.248000e-03 2.547680e-01
261 7.426120e-01 2.188000e-03 2.552000e-01
262 7.422280e-01 2.180000e-03 2.555920e-01
263 7.418640e-01 2.148000e-03 2.559880e-01
264 7.416040e-01 2.056000e-03 2.563400e-01
265 7.413200e-01 1.944000e-03 2.567360e-01
266 7.410080e-01 1.976000e-03 2.570160e-01
267 7.407320e-01 1.932000e-03 2.573360e-01
268 7.403760e-01 1.888000e-03 2.577360e-01
269 7.400600e-01 1.876000e-03 2.580640e-01
270 7.396720e-01 1.908000e-03 2.584200e-01
271 7.393080e-01 1.904000e-03 2.587880e-01
272 7.390120e-01 1.852000e-03 2.591360e-01
273 7.386760e-01 1.812000e-03 2.595120e-01
274 7.384000e-01 1.772000e-03 2.598280e-01
275 7.380560e-01 1.812000e-03 2.601320e-01
276 7.377600e-01 1.788000e-03 2.604520e-01
277 7.374480e-01 1.828000e-03 2.607240e-01
278 7.372160e-01 1.760000e-03 2.610240e-01
279 7.368880e-01 1.864000e-03 2.612480e-01
280 7.365000e-01 1.896000e-03 2.616040e-01
281 7.361440e-01 1.856000e-03 2.620000e-01
282 7.358720e-01 1.808000e-03 2.623200e-01
283 7.356240e-01 1.756000e-03 2.626200e-01
284 7.352800e-01 1.792000e-03 2.629280e-01
285 7.349720e-01 1.816000e-03 2.632120e-01
286 7.346600e-01 1.844000e-03 2.634960e-01
287 7.343240e-01 1.836000e-03 2.638400e-01
288 7.339880e-01 1.828000e-03 2.641840e-01
289 7.337240e-01 1.760000e-03 2.645160e-01
290 7.334920e-01 1.668000e-03 2.648400e-01
291 7.332560e-01 1.616000e-03 2.651280e-01
292 7.329960e-01 1.644000e-03 2.653600e-01
293 7.326800e-01 1.684000e-03 2.656360e-01
294 7.324280e-01 1.668000e-03 2.659040e-01
295 7.320800e-01 1.728000e-03 2.661920e-01
296 7.317760e-01 1.700000e-03 2.665240e-01
297 7.315080e-01 1.668000e-03 2.668240e-01
298 7.312400e-01 1.640000e-03 2.671200e-01
299 7.309400e-01 1.688000e-03 2.673720e-01
300 7.306560e-01 1.668000e-03 2.676760e-01
301 7.303840e-01 1.648000e-03 2.679680e-01
302 7.300280e-01 1.700000e-03 2.682720e-01
303 7.296760e-01 1.708000e-03 2.686160e-01
304 7.293040e-01 1.800000e-03 2.688960e-01
305 7.289080e-01 1.912000e-03 2.691800e-01
306 7.285240e-01 1.992000e-03 2.694840e-01
307 7.281880e-01 1.888000e-03 2.699240e-01
308 7.278400e-01 1.916000e-03 2.702440e-01
309 7.275480e-01 1.884000e-03 2.705680e-01
310 7.273040e-01 1.800000e-03 2.708960e-01
311 7.270200e-01 1.776000e-03 2.712040e-01
312 7.268040e-01 1.680000e-03 2.715160e-01
313 7.265600e-01 1.624000e-03 2.718160e-01
314 7.263080e-01 1.616000e-03 2.720760e-01
315 7.260360e-01 1.572000e-03 2.723920e-01
316 7.257640e-01 1.580000e-03 2.726560e-01
317 7.255160e-01 1.600000e-03 2.728840e-01
318 7.251200e-01 1.704000e-03 2.731760e-01
319 7.248480e-01 1.720000e-03 2.734320e-01
320 7.246120e-01 1.656000e-03 2.737320e-01
321 7.243440e-01 1.648000e-03 2.740080e-01
322 7.241200e-01 1.564000e-03 2.743160e-01
323 7.238800e-01 1.508000e-03 2.746120e-01
324 7.236440e-01 1.536000e-03 2.748200e-01
325 7.233560e-01 1.552000e-03 2.750920e-01
326 7.231080e-01 1.564000e-03 2.753280e-01
327 7.228520e-01 1.552000e-03 2.755960e-01
328 7.226080e-01 1.540000e-03 2.758520e-01
329 7.223240e-01 1.520000e-03 2.761560e-01
330 7.221320e-01 1.480000e-03 2.763880e-01
331 7.219160e-01 1.452000e-03 2.766320e-01
332 7.216480e-01 1.480000e-03 2.768720e-01
333 7.214440e-01 1.376000e-03 2.771800e-01
334 7.212200e-01 1.344000e-03 2.774360e-01
335 7.209800e-01 1.316000e-03 2.777040e-01
336 7.207560e-01 1.268000e-03 2.779760e-01
337 7.205120e-01 1.236000e-03 2.782520e-01
338 7.202960e-01 1.228000e-03 2.784760e-01
339 7.200680e-01 1.196000e-03 2.787360e-01
340 7.198680e-01 1.172000e-03 2.789600e-01
341 7.196600e-01 1.140000e-03 2.792000e-01
342 7.194560e-01 1.140000e-03 2.794040e-01
343 7.192200e-01 1.192000e-03 2.795880e-01
344 7.189360e-01 1.256000e-03 2.798080e-01
345 7.186880e-01 1.272000e-03 2.800400e-01
346 7.184160e-01 1.292000e-03 2.802920e-01
347 7.181680e-01 1.320000e-03 2.805120e-01
348 7.178560e-01 1.376000e-03 2.807680e-01
349 7.176320e-01 1.380000e-03 2.809880e-01
350 7.173000e-01 1.412000e-03 2.812880e-01
351 7.170280e-01 1.424000e-03 2.815480e-01
352 7.167640e-01 1.472000e-03 2.817640e-01
353 7.165600e-01 1.396000e-03 2.820440e-01
354 7.163560e-01 1.364000e-03 2.822800e-01
355 7.161040e-01 1.408000e-03 2.824880e-01
356 7.158880e-01 1.364000e-03 2.827480e-01
357 7.157360e-01 1.284000e-03 2.829800e-01
358 7.154880e-01 1.304000e-03 2.832080e-01
359 7.152920e-01 1.272000e-03 2.834360e-01
360 7.151040e-01 1.260000e-03 2.836360e-01
361 7.149000e-01 1.240000e-03 2.838600e-01
362 7.146320e-01 1.248000e-03 2.841200e-01
363 7.144280e-01 1.192000e-03 2.843800e-01
364 7.142800e-01 1.148000e-03 2.845720e-01
365 7.140920e-01 1.144000e-03 2.847640e-01
366 7.139120e-01 1.100000e-03 2.849880e-01
367 7.137240e-01 1.112000e-03 2.851640e-01
368 7.134960e-01 1.144000e-03 2.853600e-01
369 7.132640e-01 1.172000e-03 2.855640e-01
370 7.130640e-01 1.172000e-03 2.857640e-01
371 7.129000e-01 1.116000e-03 2.859840e-01
372 7.127480e-01 1.092000e-03 2.861600e-01
373 7.124480e-01 1.172000e-03 2.863800e-01
374 7.122680e-01 1.120000e-03 2.866120e-01
375 7.121240e-01 1.060000e-03 2.868160e-01
376 7.119200e-01 1.104000e-03 2.869760e-01
377 7.117080e-01 1.112000e-03 2.871800e-01
378 7.115120e-01 1.104000e-03 2.873840e-01
379 7.112440e-01 1.136000e-03 2.876200e-01
380 7.110520e-01 1.112000e-03 2.878360e-01
381 7.108480e-01 1.100000e-03 2.880520e-01
382 7.106240e-01 1.108000e-03 2.882680e-01
383 7.104400e-01 1.084000e-03 2.884760e-01
384 7.102680e-01 1.020000e-03 2.887120e-01
385 7.100560e-01 1.040000e-03 2.889040e-01
386 7.098640e-01 1.052000e-03 2.890840e-01
387 7.095960e-01 1.124000e-03 2.892800e-01
388 7.094160e-01 1.104000e-03 2.894800e-01
389 7.092400e-01 1.120000e-03 2.896400e-01
390 7.090160e-01 1.156000e-03 2.898280e-01
391 7.088000e-01 1.188000e-03 2.900120e-01
392 7.086040e-01 1.124000e-03 2.902720e-01
393 7.083360e-01 1.200000e-03 2.904640e-01
394 7.080440e-01 1.288000e-03 2.906680e-01
395 7.077840e-01 1.320000e-03 2.908960e-01
396 7.075520e-01 1.320000e-03 2.911280e-01
397 7.072680e-01 1.372000e-03 2.913600e-01
398 7.070880e-01 1.280000e-03 2.916320e-01
399 7.068880e-01 1.240000e-03 2.918720e-01
400 7.066880e-01 1.216000e-03 2.920960e-01
401 7.064600e-01 1.276000e-03 2.922640e-01
402 7.062480e-01 1.308000e-03 2.924440e-01
403 7.060240e-01 1.320000e-03 2.926560e-01
404 7.058400e-01 1.268000e-03 2.928920e-01
405 7.056880e-01 1.180000e-03 2.931320e-01
406 7.054840e-01 1.180000e-03 2.933360e-01
407 7.053360e-01 1.084000e-03 2.935800e-01
408 7.051240e-01 1.136000e-03 2.937400e-01
409 7.049320e-01 1.128000e-03 2.939400e-01
410 7.046760e-01 1.180000e-03 2.941440e-01
411 7.044680e-01 1.188000e-03 2.943440e-01
412 7.043000e-01 1.180000e-03 2.945200e-01
413 7.040960e-01 1.204000e-03 2.947000e-01
414 7.038880e-01 1.208000e-03 2.949040e-01
415 7.037000e-01 1.144000e-03 2.951560e-01
416 7.035520e-01 1.116000e-03 2.953320e-01
417 7.034560e-01 1.040000e-03 2.955040e-01
418 7.033280e-01 9.640000e-04 2.957080e-01
419 7.031440e-01 1.040000e-03 2.958160e-01
420 7.029840e-01 1.040000e-03 2.959760e-01
421 7.028280e-01 9.640000e-04 2.962080e-01
422 7.026160e-01 1.040000e-03 2.963440e-01
423 7.024160e-01 1.040000e-03 2.965440e-01
424 7.022200e-01 1.064000e-03 2.967160e-01
425 7.020360e-01 1.036000e-03 2.969280e-01
426 7.018440e-01 1.028000e-03 2.971280e-01
427 7.017400e-01 9.440000e-04 2.973160e-01
428 7.015640e-01 9.760000e-04 2.974600e-01
429 7.013280e-01 1.028000e-03 2.976440e-01
430 7.010880e-01 1.136000e-03 2.977760e-01
431 7.008520e-01 1.172000e-03 2.979760e-01
432 7.006040e-01 1.224000e-03 2.981720e-01
433 7.003440e-01 1.276000e-03 2.983800e-01
434 7.001280e-01 1.264000e-03 2.986080e-01
435 6.998960e-01 1.292000e-03 2.988120e-01
436 6.996160e-01 1.372000e-03 2.990120e-01
437 6.994320e-01 1.364000e-03 2.992040e-01
438 6.991920e-01 1.384000e-03 2.994240e-01
439 6.989760e-01 1.360000e-03 2.996640e-01
440 6.988200e-01 1.304000e-03 2.998760e-01
441 6.986520e-01 1.236000e-03 3.001120e-01
442 6.985040e-01 1.224000e-03 3.002720e-01
443 6.983840e-01 1.160000e-03 3.004560e-01
444 6.982600e-01 1.148000e-03 3.005920e-01
445 6.981000e-01 1.100000e-03 3.008000e-01
446 6.979360e-01 1.064000e-03 3.010000e-01
447 6.977960e-01 1.000000e-03 3.012040e-01
448 6.976560e-01 9.640000e-04 3.013800e-01
449 6.975160e-01 8.920000e-04 3.015920e-01
450 6.974040e-01 8.440000e-04 3.017520e-01
451 6.972880e-01 8.720000e-04 3.018400e-01
452 6.971600e-01 8.640000e-04 3.019760e-01
453 6.970240e-01 8.600000e-04 3.021160e-01
454 6.968880e-01 8.640000e-04 3.022480e-01
455 6.967240e-01 9.440000e-04 3.023320e-01
456 6.965680e-01 8.880000e-04 3.025440e-01
457 6.964000e-01 8.840000e-04 3.027160e-01
458 6.962560e-01 9.080000e-04 3.028360e-01
459 6.960760e-01 9.360000e-04 3.029880e-01
460 6.959440e-01 9.240000e-04 3.031320e-01
461 6.957920e-01 9.280000e-04 3.032800e-01
462 6.956560e-01 8.920000e-04 3.034520e-01
463 6.955400e-01 8.840000e-04 3.035760e-01
464 6.953680e-01 8.960000e-04 3.037360e-01
465 6.952440e-01 8.680000e-04 3.038880e-01
466 6.951080e-01 8.480000e-04 3.040440e-01
467 6.949680e-01 8.200000e-04 3.042120e-01
468 6.948040e-01 8.480000e-04 3.043480e-01
469 6.946280e-01 8.480000e-04 3.045240e-01
470 6.944760e-01 8.800000e-04 3.046440e-01
471 6.943600e-01 8.360000e-04 3.048040e-01
472 6.942160e-01 8.440000e-04 3.049400e-01
473 6.941160e-01 8.200000e-04 3.050640e-01
474 6.939720e-01 8.280000e-04 3.052000e-01
475 6.938400e-01 8.040000e-04 3.053560e-01
476 6.936880e-01 8.280000e-04 3.054840e-01
477 6.935480e-01 8.400000e-04 3.056120e-01
478 6.933880e-01 8.840000e-04 3.057280e-01
479 6.932640e-01 8.680000e-04 3.058680e-01
480 6.931000e-01 8.600000e-04 3.060400e-01
481 6.929320e-01 8.520000e-04 3.062160e-01
482 6.927960e-01 8.600000e-04 3.063440e-01
483 6.926120e-01 8.840000e-04 3.065040e-01
484 6.924800e-01 8.720000e-04 3.066480e-01
485 6.923520e-01 8.800000e-04 3.067680e-01
486 6.921880e-01 9.040000e-04 3.069080e-01
487 6.919920e-01 9.400000e-04 3.070680e-01
488 6.918640e-01 8.800000e-04 3.072560e-01
489 6.916920e-01 9.360000e-04 3.073720e-01
490 6.915400e-01 9.000000e-04 3.075600e-01
491 6.914200e-01 8.400000e-04 3.077400e-01
492 6.912840e-01 8.280000e-04 3.078880e-01
493 6.911200e-01 8.360000e-04 3.080440e-01
494 6.910000e-01 8.120000e-04 3.081880e-01
495 6.909000e-01 7.840000e-04 3.083160e-01
496 6.907680e-01 7.480000e-04 3.084840e-01
497 6.906160e-01 7.800000e-04 3.086040e-01
498 6.904920e-01 7.520000e-04 3.087560e-01
499 6.903040e-01 8.240000e-04 3.088720e-01
500 6.901400e-01 8.120000e-04 3.090480e-01
