1 9.992200e-01 6.920000e-04 8.800000e-05
2 9.987800e-01 9.360000e-04 2.840000e-04
3 9.982200e-01 1.316000e-03 4.640000e-04
4 9.976680e-01 1.628000e-03 7.040000e-04
5 9.970640e-01 1.908000e-03 1.028000e-03
6 9.963920e-01 2.256000e-03 1.352000e-03
7 9.956320e-01 2.552000e-03 1.816000e-03
8 9.948680e-01 2.836000e-03 2.296000e-03
9 9.939840e-01 3.216000e-03 2.800000e-03
10 9.930800e-01 3.472000e-03 3.448000e-03
11 9.921680e-01 3.824000e-03 4.008000e-03
12 9.912320e-01 4.088000e-03 4.680000e-03
13 9.902000e-01 4.368000e-03 5.432000e-03
14 9.890920e-01 4.740000e-03 6.168000e-03
15 9.878400e-01 5.164000e-03 6.996000e-03
16 9.866400e-01 5.344000e-03 8.016000e-03
17 9.853560e-01 5.652000e-03 8.992000e-03
18 9.841560e-01 5.824000e-03 1.002000e-02
19 9.828600e-01 6.144000e-03 1.099600e-02
20 9.815760e-01 6.372000e-03 1.205200e-02
21 9.802600e-01 6.500000e-03 1.324000e-02
22 9.790280e-01 6.528000e-03 1.444400e-02
23 9.778440e-01 6.508000e-03 1.564800e-02
24 9.767200e-01 6.532000e-03 1.674800e-02
25 9.753480e-01 6.868000e-03 1.778400e-02
26 9.739720e-01 6.924000e-03 1.910400e-02
27 9.725960e-01 7.016000e-03 2.038800e-02
28 9.714680e-01 6.976000e-03 2.155600e-02
29 9.701240e-01 7.104000e-03 2.277200e-02
30 9.688360e-01 7.212000e-03 2.395200e-02
31 9.674040e-01 7.396000e-03 2.520000e-02
32 9.660640e-01 7.528000e-03 2.640800e-02
33 9.645920e-01 7.708000e-03 2.770000e-02
34 9.632480e-01 7.640000e-03 2.911200e-02
35 9.618560e-01 7.732000e-03 3.041200e-02
36 9.604920e-01 7.720000e-03 3.178800e-02
37 9.592640e-01 7.648000e-03 3.308800e-02
38 9.578280e-01 7.688000e-03 3.448400e-02
39 9.564720e-01 7.828000e-03 3.570000e-02
40 9.551160e-01 7.840000e-03 3.704400e-02
41 9.537680e-01 7.812000e-03 3.842000e-02
42 9.524480e-01 7.696000e-03 3.985600e-02
43 9.511160e-01 7.640000e-03 4.124400e-02
44 9.497320e-01 7.588000e-03 4.268000e-02
45 9.482320e-01 7.808000e-03 4.396000e-02
46 9.468360e-01 7.804000e-03 4.536000e-02
47 9.453760e-01 7.872000e-03 4.675200e-02
48 9.440600e-01 7.880000e-03 4.806000e-02
49 9.426680e-01 7.884000e-03 4.944800e-02
50 9.414480e-01 7.628000e-03 5.092400e-02
51 9.401240e-01 7.616000e-03 5.226000e-02
52 9.387040e-01 7.772000e-03 5.352400e-02
53 9.373880e-01 7.636000e-03 5.497600e-02
54 9.359600e-01 7.728000e-03 5.631200e-02
55 9.346800e-01 7.732000e-03 5.758800e-02
56 9.331600e-01 7.832000e-03 5.900800e-02
57 9.319120e-01 7.664000e-03 6.042400e-02
58 9.304840e-01 7.824000e-03 6.169200e-02
59 9.290320e-01 7.840000e-03 6.312800e-02
60 9.277040e-01 7.768000e-03 6.452800e-02
61 9.262840e-01 7.860000e-03 6.585600e-02
62 9.249560e-01 7.920000e-03 6.712400e-02
63 9.235200e-01 8.068000e-03 6.841200e-02
64 9.220360e-01 8.028000e-03 6.993600e-02
65 9.205800e-01 8.176000e-03 7.124400e-02
66 9.191800e-01 8.104000e-03 7.271600e-02
67 9.177080e-01 8.236000e-03 7.405600e-02
68 9.163720e-01 8.024000e-03 7.560400e-02
69 9.150120e-01 7.944000e-03 7.704400e-02
70 9.134400e-01 8.124000e-03 7.843600e-02
71 9.119080e-01 8.180000e-03 7.991200e-02
72 9.105160e-01 8.240000e-03 8.124400e-02
73 9.090360e-01 8.228000e-03 8.273600e-02
74 9.076360e-01 8.084000e-03 8.428000e-02
75 9.062200e-01 8.208000e-03 8.557200e-02
76 9.049880e-01 8.060000e-03 8.695200e-02
77 9.035040e-01 8.232000e-03 8.826400e-02
78 9.021480e-01 8.208000e-03 8.964400e-02
79 9.008240e-01 8.120000e-03 9.105600e-02
80 8.993400e-01 8.160000e-03 9.250000e-02
81 8.978600e-01 8.156000e-03 9.398400e-02
82 8.963800e-01 8.236000e-03 9.538400e-02
83 8.948680e-01 8.304000e-03 9.682800e-02
84 8.934200e-01 8.340000e-03 9.824000e-02
85 8.919600e-01 8.396000e-03 9.964400e-02
86 8.905120e-01 8.512000e-03 1.009760e-01
87 8.891120e-01 8.368000e-03 1.025200e-01
88 8.876320e-01 8.348000e-03 1.040200e-01
89 8.860640e-01 8.480000e-03 1.054560e-01
90 8.845760e-01 8.584000e-03 1.068400e-01
91 8.831240e-01 8.572000e-03 1.083040e-01
92 8.817000e-01 8.564000e-03 1.097360e-01
93 8.802640e-01 8.580000e-03 1.111560e-01
94 8.789880e-01 8.412000e-03 1.126000e-01
95 8.777360e-01 8.216000e-03 1.140480e-01
96 8.762840e-01 8.228000e-03 1.154880e-01
97 8.747560e-01 8.308000e-03 1.169360e-01
98 8.734320e-01 8.320000e-03 1.182480e-01
99 8.720080e-01 8.268000e-03 1.197240e-01
100 8.707400e-01 8.144000e-03 1.211160e-01
101 8.694240e-01 8.104000e-03 1.224720e-01
102 8.680040e-01 8.120000e-03 1.238760e-01
103 8.666960e-01 8.020000e-03 1.252840e-01
104 8.652920e-01 8.036000e-03 1.266720e-01
105 8.639600e-01 7.928000e-03 1.281120e-01
106 8.627440e-01 7.760000e-03 1.294960e-01
107 8.615560e-01 7.592000e-03 1.308520e-01
108 8.602880e-01 7.468000e-03 1.322440e-01
109 8.589480e-01 7.540000e-03 1.335120e-01
110 8.574960e-01 7.736000e-03 1.347680e-01
111 8.560920e-01 7.768000e-03 1.361400e-01
112 8.546360e-01 7.892000e-03 1.374720e-01
113 8.533640e-01 7.724000e-03 1.389120e-01
114 8.519640e-01 7.704000e-03 1.403320e-01
115 8.506200e-01 7.688000e-03 1.416920e-01
116 8.493440e-01 7.748000e-03 1.429080e-01
117 8.480320e-01 7.760000e-03 1.442080e-01
118 8.466640e-01 7.720000e-03 1.456160e-01
119 8.454160e-01 7.592000e-03 1.469920e-01
120 8.440720e-01 7.604000e-03 1.483240e-01
121 8.428720e-01 7.568000e-03 1.495600e-01
122 8.416760e-01 7.504000e-03 1.508200e-01
123 8.404800e-01 7.428000e-03 1.520920e-01
124 8.392920e-01 7.364000e-03 1.533440e-01
125 8.381080e-01 7.444000e-03 1.544480e-01
126 8.367200e-01 7.512000e-03 1.557680e-01
127 8.354040e-01 7.600000e-03 1.569960e-01
128 8.340200e-01 7.648000e-03 1.583320e-01
129 8.327360e-01 7.616000e-03 1.596480e-01
130 8.314200e-01 7.732000e-03 1.608480e-01
131 8.301560e-01 7.680000e-03 1.621640e-01
132 8.287440e-01 7.772000e-03 1.634840e-01
133 8.273440e-01 7.824000e-03 1.648320e-01
134 8.260480e-01 7.880000e-03 1.660720e-01
135 8.246720e-01 7.784000e-03 1.675440e-01
136 8.234320e-01 7.592000e-03 1.689760e-01
137 8.223000e-01 7.416000e-03 1.702840e-01
138 8.210440e-01 7.412000e-03 1.715440e-01
139 8.198480e-01 7.236000e-03 1.729160e-01
140 8.187600e-01 7.124000e-03 1.741160e-01
141 8.175600e-01 7.088000e-03 1.753520e-01
142 8.164800e-01 6.892000e-03 1.766280e-01
143 8.153960e-01 6.788000e-03 1.778160e-01
144 8.141880e-01 6.792000e-03 1.790200e-01
145 8.130160e-01 6.788000e-03 1.801960e-01
146 8.118560e-01 6.720000e-03 1.814240e-01
147 8.106560e-01 6.816000e-03 1.825280e-01
148 8.094840e-01 6.884000e-03 1.836320e-01
149 8.082760e-01 7.008000e-03 1.847160e-01
150 8.071360e-01 6.860000e-03 1.860040e-01
151 8.057720e-01 7.108000e-03 1.871200e-01
152 8.046080e-01 7.092000e-03 1.883000e-01
153 8.034800e-01 7.068000e-03 1.894520e-01
154 8.021880e-01 7.116000e-03 1.906960e-01
155 8.008640e-01 7.308000e-03 1.918280e-01
156 7.996280e-01 7.324000e-03 1.930480e-01
157 7.984320e-01 7.336000e-03 1.942320e-01
158 7.972440e-01 7.260000e-03 1.954960e-01
159 7.960080e-01 7.112000e-03 1.968800e-01
160 7.948320e-01 7.088000e-03 1.980800e-01
161 7.935480e-01 7.060000e-03 1.993920e-01
162 7.925360e-01 6.900000e-03 2.005640e-01
163 7.914600e-01 6.804000e-03 2.017360e-01
164 7.903320e-01 6.716000e-03 2.029520e-01
165 7.893440e-01 6.376000e-03 2.042800e-01
166 7.881200e-01 6.428000e-03 2.054520e-01
167 7.870320e-01 6.316000e-03 2.066520e-01
168 7.858800e-01 6.288000e-03 2.078320e-01
169 7.847960e-01 6.284000e-03 2.089200e-01
170 7.838080e-01 6.036000e-03 2.101560e-01
171 7.827560e-01 6.104000e-03 2.111400e-01
172 7.816760e-01 6.232000e-03 2.120920e-01
173 7.805920e-01 6.248000e-03 2.131600e-01
174 7.796080e-01 6.104000e-03 2.142880e-01
175 7.785840e-01 6.020000e-03 2.153960e-01
176 7.776320e-01 5.944000e-03 2.164240e-01
177 7.766880e-01 5.752000e-03 2.175600e-01
178 7.757720e-01 5.660000e-03 2.185680e-01
179 7.748120e-01 5.544000e-03 2.196440e-01
180 7.738320e-01 5.444000e-03 2.207240e-01
181 7.727280e-01 5.640000e-03 2.216320e-01
182 7.717400e-01 5.604000e-03 2.226560e-01
183 7.707520e-01 5.660000e-03 2.235880e-01
184 7.697960e-01 5.616000e-03 2.245880e-01
185 7.687160e-01 5.716000e-03 2.255680e-01
186 7.676840e-01 5.736000e-03 2.265800e-01
187 7.666360e-01 5.712000e-03 2.276520e-01
188 7.655560e-01 5.700000e-03 2.287440e-01
189 7.645680e-01 5.608000e-03 2.298240e-01
190 7.635520e-01 5.648000e-03 2.308000e-01
191 7.624960e-01 5.776000e-03 2.317280e-01
192 7.615120e-01 5.824000e-03 2.326640e-01
193 7.605680e-01 5.760000e-03 2.336720e-01
194 7.596720e-01 5.620000e-03 2.347080e-01
195 7.587560e-01 5.512000e-03 2.357320e-01
196 7.579000e-01 5.392000e-03 2.367080e-01
197 7.569160e-01 5.356000e-03 2.377280e-01
198 7.560680e-01 5.268000e-03 2.386640e-01
199 7.550960e-01 5.288000e-03 2.396160e-01
200 7.542920e-01 5.188000e-03 2.405200e-01
201 7.533680e-01 5.252000e-03 2.413800e-01
202 7.524640e-01 5.264000e-03 2.422720e-01
203 7.514640e-01 5.352000e-03 2.431840e-01
204 7.505720e-01 5.420000e-03 2.440080e-01
205 7.497280e-01 5.276000e-03 2.449960e-01
206 7.488720e-01 5.200000e-03 2.459280e-01
207 7.477840e-01 5.432000e-03 2.467840e-01
208 7.468760e-01 5.364000e-03 2.477600e-01
209 7.459080e-01 5.404000e-03 2.486880e-01
210 7.448880e-01 5.464000e-03 2.496480e-01
211 7.440760e-01 5.216000e-03 2.507080e-01
212 7.432880e-01 5.044000e-03 2.516680e-01
213 7.424120e-01 5.080000e-03 2.525080e-01
214 7.417280e-01 4.896000e-03 2.533760e-01
215 7.408400e-01 4.872000e-03 2.542880e-01
216 7.399640e-01 4.796000e-03 2.552400e-01
217 7.390160e-01 4.968000e-03 2.560160e-01
218 7.381800e-01 4.996000e-03 2.568240e-01
219 7.373640e-01 4.968000e-03 2.576680e-01
220 7.366640e-01 4.832000e-03 2.585040e-01
221 7.358880e-01 4.664000e-03 2.594480e-01
222 7.352200e-01 4.524000e-03 2.602560e-01
223 7.344520e-01 4.520000e-03 2.610280e-01
224 7.336920e-01 4.572000e-03 2.617360e-01
225 7.329280e-01 4.540000e-03 2.625320e-01
226 7.322760e-01 4.408000e-03 2.633160e-01
227 7.316120e-01 4.420000e-03 2.639680e-01
228 7.309960e-01 4.204000e-03 2.648000e-01
229 7.302840e-01 4.180000e-03 2.655360e-01
230 7.295320e-01 4.236000e-03 2.662320e-01
231 7.285440e-01 4.492000e-03 2.669640e-01
232 7.276480e-01 4.576000e-03 2.677760e-01
233 7.269440e-01 4.456000e-03 2.686000e-01
234 7.261920e-01 4.360000e-03 2.694480e-01
235 7.254720e-01 4.396000e-03 2.701320e-01
236 7.246280e-01 4.508000e-03 2.708640e-01
237 7.238640e-01 4.448000e-03 2.716880e-01
238 7.230600e-01 4.348000e-03 2.725920e-01
239 7.223440e-01 4.380000e-03 2.732760e-01
240 7.215440e-01 4.420000e-03 2.740360e-01
241 7.206640e-01 4.572000e-03 2.747640e-01
242 7.197280e-01 4.660000e-03 2.756120e-01
243 7.189240e-01 4.612000e-03 2.764640e-01
244 7.182240e-01 4.380000e-03 2.773960e-01
245 7.174800e-01 4.344000e-03 2.781760e-01
246 7.168240e-01 4.160000e-03 2.790160e-01
247 7.161800e-01 4.068000e-03 2.797520e-01
248 7.155440e-01 4.056000e-03 2.804000e-01
249 7.148400e-01 4.000000e-03 2.811600e-01
250 7.142160e-01 3.916000e-03 2.818680e-01
251 7.135600e-01 3.844000e-03 2.825960e-01
252 7.130720e-01 3.600000e-03 2.833280e-01
253 7.124680e-01 3.636000e-03 2.838960e-01
254 7.118280e-01 3.632000e-03 2.845400e-01
255 7.110840e-01 3.752000e-03 2.851640e-01
256 7.104280e-01 3.768000e-03 2.858040e-01
257 7.097360e-01 3.836000e-03 2.864280e-01
258 7.090960e-01 3.676000e-03 2.872280e-01
259 7.084280e-01 3.716000e-03 2.878560e-01
260 7.077640e-01 3.708000e-03 2.885280e-01
261 7.069920e-01 3.808000e-03 2.892000e-01
262 7.063360e-01 3.848000e-03 2.898160e-01
263 7.056560e-01 3.808000e-03 2.905360e-01
264 7.049160e-01 3.880000e-03 2.912040e-01
265 7.043520e-01 3.748000e-03 2.919000e-01
266 7.036840e-01 3.688000e-03 2.926280e-01
267 7.030560e-01 3.704000e-03 2.932400e-01
268 7.023800e-01 3.684000e-03 2.939360e-01
269 7.017080e-01 3.748000e-03 2.945440e-01
270 7.010560e-01 3.720000e-03 2.952240e-01
271 7.002840e-01 3.716000e-03 2.960000e-01
272 6.995320e-01 3.852000e-03 2.966160e-01
273 6.987640e-01 4.032000e-03 2.972040e-01
274 6.980520e-01 4.040000e-03 2.979080e-01
275 6.972480e-01 4.144000e-03 2.986080e-01
276 6.965440e-01 4.112000e-03 2.993440e-01
277 6.957400e-01 4.228000e-03 3.000320e-01
278 6.949800e-01 4.248000e-03 3.007720e-01
279 6.943080e-01 4.196000e-03 3.014960e-01
280 6.935920e-01 4.176000e-03 3.022320e-01
281 6.928480e-01 4.188000e-03 3.029640e-01
282 6.921360e-01 4.160000e-03 3.037040e-01
283 6.913880e-01 4.172000e-03 3.044400e-01
284 6.906400e-01 4.092000e-03 3.052680e-01
285 6.900800e-01 3.948000e-03 3.059720e-01
286 6.893960e-01 3.900000e-03 3.067040e-01
287 6.886600e-01 3.940000e-03 3.074000e-01
288 6.879720e-01 3.984000e-03 3.080440e-01
289 6.873240e-01 3.912000e-03 3.087640e-01
290 6.867280e-01 3.824000e-03 3.094480e-01
291 6.860640e-01 3.780000e-03 3.101560e-01
292 6.854000e-01 3.788000e-03 3.108120e-01
293 6.847920e-01 3.684000e-03 3.115240e-01
294 6.840800e-01 3.688000e-03 3.122320e-01
295 6.834560e-01 3.744000e-03 3.128000e-01
296 6.828480e-01 3.664000e-03 3.134880e-01
297 6.822360e-01 3.656000e-03 3.141080e-01
298 6.816920e-01 3.656000e-03 3.146520e-01
299 6.811160e-01 3.552000e-03 3.153320e-01
300 6.806120e-01 3.428000e-03 3.159600e-01
301 6.801000e-01 3.304000e-03 3.165960e-01
302 6.795520e-01 3.228000e-03 3.172200e-01
303 6.790200e-01 3.236000e-03 3.177440e-01
304 6.784880e-01 3.220000e-03 3.182920e-01
305 6.779400e-01 3.176000e-03 3.188840e-01
306 6.774200e-01 3.076000e-03 3.195040e-01
307 6.769760e-01 3.008000e-03 3.200160e-01
308 6.764360e-01 2.992000e-03 3.205720e-01
309 6.759760e-01 2.892000e-03 3.211320e-01
310 6.754480e-01 2.872000e-03 3.216800e-01
311 6.750560e-01 2.856000e-03 3.220880e-01
312 6.745320e-01 2.916000e-03 3.225520e-01
313 6.740560e-01 2.860000e-03 3.230840e-01
314 6.735720e-01 2.780000e-03 3.236480e-01
315 6.730840e-01 2.812000e-03 3.241040e-01
316 6.726120e-01 2.788000e-03 3.246000e-01
317 6.722320e-01 2.680000e-03 3.250880e-01
318 6.717640e-01 2.756000e-03 3.254800e-01
319 6.712920e-01 2.708000e-03 3.260000e-01
320 6.708760e-01 2.612000e-03 3.265120e-01
321 6.704600e-01 2.592000e-03 3.269480e-01
322 6.700280e-01 2.540000e-03 3.274320e-01
323 6.695840e-01 2.588000e-03 3.278280e-01
324 6.691040e-01 2.620000e-03 3.282760e-01
325 6.686720e-01 2.644000e-03 3.286840e-01
326 6.682520e-01 2.664000e-03 3.290840e-01
327 6.678080e-01 2.680000e-03 3.295120e-01
328 6.673120e-01 2.748000e-03 3.299400e-01
329 6.667920e-01 2.752000e-03 3.304560e-01
330 6.662320e-01 2.808000e-03 3.309600e-01
331 6.657600e-01 2.836000e-03 3.314040e-01
332 6.653120e-01 2.776000e-03 3.319120e-01
333 6.648560e-01 2.788000e-03 3.323560e-01
334 6.644640e-01 2.740000e-03 3.327960e-01
335 6.640280e-01 2.724000e-03 3.332480e-01
336 6.635760e-01 2.668000e-03 3.337560e-01
337 6.631920e-01 2.620000e-03 3.341880e-01
338 6.627800e-01 2.584000e-03 3.346360e-01
339 6.623040e-01 2.640000e-03 3.350560e-01
340 6.617920e-01 2.740000e-03 3.354680e-01
341 6.612480e-01 2.748000e-03 3.360040e-01
342 6.606600e-01 2.836000e-03 3.365040e-01
343 6.601440e-01 2.872000e-03 3.369840e-01
344 6.596520e-01 2.912000e-03 3.374360e-01
345 6.593000e-01 2.788000e-03 3.379120e-01
346 6.588960e-01 2.736000e-03 3.383680e-01
347 6.585000e-01 2.652000e-03 3.388480e-01
348 6.581960e-01 2.404000e-03 3.394000e-01
349 6.578040e-01 2.348000e-03 3.398480e-01
350 6.574440e-01 2.368000e-03 3.401880e-01
351 6.570040e-01 2.408000e-03 3.405880e-01
352 6.566640e-01 2.248000e-03 3.410880e-01
353 6.563480e-01 2.184000e-03 3.414680e-01
354 6.560440e-01 2.156000e-03 3.418000e-01
355 6.557120e-01 2.128000e-03 3.421600e-01
356 6.553680e-01 2.024000e-03 3.426080e-01
357 6.550200e-01 2.016000e-03 3.429640e-01
358 6.546840e-01 1.960000e-03 3.433560e-01
359 6.543560e-01 1.916000e-03 3.437280e-01
360 6.540360e-01 1.888000e-03 3.440760e-01
361 6.536240e-01 1.920000e-03 3.444560e-01
362 6.531960e-01 1.984000e-03 3.448200e-01
363 6.528840e-01 1.948000e-03 3.451680e-01
364 6.525600e-01 1.944000e-03 3.454960e-01
365 6.522280e-01 1.888000e-03 3.458840e-01
366 6.518520e-01 1.952000e-03 3.461960e-01
367 6.515080e-01 1.900000e-03 3.465920e-01
368 6.511880e-01 1.868000e-03 3.469440e-01
369 6.508800e-01 1.816000e-03 3.473040e-01
370 6.505120e-01 1.852000e-03 3.476360e-01
371 6.501040e-01 1.964000e-03 3.479320e-01
372 6.496760e-01 2.072000e-03 3.482520e-01
373 6.493480e-01 2.048000e-03 3.486040e-01
374 6.490160e-01 2.052000e-03 3.489320e-01
375 6.486640e-01 2.096000e-03 3.492400e-01
376 6.482240e-01 2.156000e-03 3.496200e-01
377 6.478840e-01 2.196000e-03 3.499200e-01
378 6.475080e-01 2.192000e-03 3.503000e-01
379 6.471400e-01 2.204000e-03 3.506560e-01
380 6.467760e-01 2.208000e-03 3.510160e-01
381 6.463720e-01 2.256000e-03 3.513720e-01
382 6.460040e-01 2.252000e-03 3.517440e-01
383 6.455560e-01 2.304000e-03 3.521400e-01
384 6.451920e-01 2.300000e-03 3.525080e-01
385 6.446520e-01 2.412000e-03 3.529360e-01
386 6.442440e-01 2.388000e-03 3.533680e-01
387 6.437120e-01 2.536000e-03 3.537520e-01
388 6.433360e-01 2.476000e-03 3.541880e-01
389 6.428880e-01 2.512000e-03 3.546000e-01
390 6.425400e-01 2.456000e-03 3.550040e-01
391 6.422000e-01 2.328000e-03 3.554720e-01
392 6.418120e-01 2.288000e-03 3.559000e-01
393 6.414200e-01 2.284000e-03 3.562960e-01
394 6.410480e-01 2.200000e-03 3.567520e-01
395 6.406920e-01 2.184000e-03 3.571240e-01
396 6.402240e-01 2.228000e-03 3.575480e-01
397 6.397720e-01 2.292000e-03 3.579360e-01
398 6.392440e-01 2.416000e-03 3.583400e-01
399 6.387560e-01 2.428000e-03 3.588160e-01
400 6.383600e-01 2.444000e-03 3.591960e-01
401 6.380240e-01 2.400000e-03 3.595760e-01
402 6.376440e-01 2.316000e-03 3.600400e-01
403 6.372640e-01 2.304000e-03 3.604320e-01
404 6.369040e-01 2.240000e-03 3.608560e-01
405 6.365200e-01 2.212000e-03 3.612680e-01
406 6.361880e-01 2.176000e-03 3.616360e-01
407 6.358960e-01 2.128000e-03 3.619760e-01
408 6.355960e-01 2.072000e-03 3.623320e-01
409 6.353120e-01 1.976000e-03 3.627120e-01
410 6.350000e-01 2.000000e-03 3.630000e-01
411 6.347040e-01 1.948000e-03 3.633480e-01
412 6.343760e-01 1.916000e-03 3.637080e-01
413 6.339880e-01 1.920000e-03 3.640920e-01
414 6.337480e-01 1.872000e-03 3.643800e-01
415 6.334640e-01 1.804000e-03 3.647320e-01
416 6.331320e-01 1.796000e-03 3.650720e-01
417 6.328320e-01 1.764000e-03 3.654040e-01
418 6.325720e-01 1.752000e-03 3.656760e-01
419 6.323880e-01 1.652000e-03 3.659600e-01
420 6.321400e-01 1.656000e-03 3.662040e-01
421 6.318760e-01 1.600000e-03 3.665240e-01
422 6.316120e-01 1.632000e-03 3.667560e-01
423 6.313000e-01 1.696000e-03 3.670040e-01
424 6.310040e-01 1.776000e-03 3.672200e-01
425 6.307640e-01 1.748000e-03 3.674880e-01
426 6.304880e-01 1.716000e-03 3.677960e-01
427 6.302520e-01 1.632000e-03 3.681160e-01
428 6.300160e-01 1.656000e-03 3.683280e-01
429 6.297240e-01 1.620000e-03 3.686560e-01
430 6.295040e-01 1.520000e-03 3.689760e-01
431 6.292520e-01 1.508000e-03 3.692400e-01
432 6.290440e-01 1.424000e-03 3.695320e-01
433 6.288200e-01 1.392000e-03 3.697880e-01
434 6.285920e-01 1.356000e-03 3.700520e-01
435 6.283560e-01 1.344000e-03 3.703000e-01
436 6.281360e-01 1.328000e-03 3.705360e-01
437 6.279680e-01 1.292000e-03 3.707400e-01
438 6.278280e-01 1.224000e-03 3.709480e-01
439 6.276520e-01 1.160000e-03 3.711880e-01
440 6.274800e-01 1.156000e-03 3.713640e-01
441 6.273080e-01 1.108000e-03 3.715840e-01
442 6.271520e-01 1.048000e-03 3.718000e-01
443 6.269600e-01 1.028000e-03 3.720120e-01
444 6.267640e-01 1.036000e-03 3.722000e-01
445 6.266080e-01 1.048000e-03 3.723440e-01
446 6.264680e-01 1.040000e-03 3.724920e-01
447 6.263280e-01 9.880000e-04 3.726840e-01
448 6.261440e-01 1.020000e-03 3.728360e-01
449 6.259880e-01 9.880000e-04 3.730240e-01
450 6.257920e-01 1.004000e-03 3.732040e-01
451 6.256320e-01 1.012000e-03 3.733560e-01
452 6.254760e-01 1.012000e-03 3.735120e-01
453 6.253480e-01 9.600000e-04 3.736920e-01
454 6.251800e-01 9.680000e-04 3.738520e-01
455 6.249760e-01 9.800000e-04 3.740440e-01
456 6.248160e-01 9.720000e-04 3.742120e-01
457 6.246920e-01 9.760000e-04 3.743320e-01
458 6.245360e-01 9.840000e-04 3.744800e-01
459 6.244360e-01 8.720000e-04 3.746920e-01
460 6.243280e-01 8.560000e-04 3.748160e-01
461 6.242160e-01 8.240000e-04 3.749600e-01
462 6.240800e-01 8.160000e-04 3.751040e-01
463 6.239560e-01 7.960000e-04 3.752480e-01
464 6.237960e-01 8.120000e-04 3.753920e-01
465 6.236440e-01 8.120000e-04 3.755440e-01
466 6.234960e-01 8.440000e-04 3.756600e-01
467 6.233360e-01 8.480000e-04 3.758160e-01
468 6.232040e-01 7.760000e-04 3.760200e-01
469 6.230640e-01 7.840000e-04 3.761520e-01
470 6.229280e-01 7.760000e-04 3.762960e-01
471 6.227920e-01 7.800000e-04 3.764280e-01
472 6.226480e-01 7.960000e-04 3.765560e-01
473 6.225120e-01 7.920000e-04 3.766960e-01
474 6.224040e-01 7.640000e-04 3.768320e-01
475 6.222520e-01 7.800000e-04 3.769680e-01
476 6.221160e-01 7.520000e-04 3.771320e-01
477 6.220280e-01 7.120000e-04 3.772600e-01
478 6.219160e-01 7.120000e-04 3.773720e-01
479 6.218120e-01 7.000000e-04 3.774880e-01
480 6.217240e-01 6.560000e-04 3.776200e-01
481 6.215920e-01 6.280000e-04 3.777800e-01
482 6.214720e-01 6.680000e-04 3.778600e-01
483 6.213640e-01 6.880000e-04 3.779480e-01
484 6.212720e-01 6.800000e-04 3.780480e-01
485 6.211440e-01 6.840000e-04 3.781720e-01
486 6.210680e-01 6.160000e-04 3.783160e-01
487 6.209800e-01 6.120000e-04 3.784080e-01
488 6.208720e-01 6.040000e-04 3.785240e-01
489 6.207760e-01 5.800000e-04 3.786440e-01
490 6.206720e-01 6.120000e-04 3.787160e-01
491 6.205840e-01 6.040000e-04 3.788120e-01
492 6.204440e-01 5.960000e-04 3.789600e-01
493 6.203240e-01 6.040000e-04 3.790720e-01
494 6.201600e-01 6.320000e-04 3.792080e-01
495 6.200000e-01 6.920000e-04 3.793080e-01
496 6.198440e-01 7.000000e-04 3.794560e-01
497 6.197240e-01 6.760000e-04 3.796000e-01
498 6.195880e-01 6.840000e-04 3.797280e-01
499 6.194440e-01 7.200000e-04 3.798360e-01
500 6.192520e-01 8.080000e-04 3.799400e-01
