1 9.992920e-01 6.400000e-04 6.800000e-05
2 9.987920e-01 9.880000e-04 2.200000e-04
3 9.981720e-01 1.384000e-03 4.440000e-04
4 9.974440e-01 1.852000e-03 7.040000e-04
5 9.965840e-01 2.372000e-03 1.044000e-03
6 9.956960e-01 2.808000e-03 1.496000e-03
7 9.948440e-01 3.100000e-03 2.056000e-03
8 9.938360e-01 3.572000e-03 2.592000e-03
9 9.929320e-01 3.728000e-03 3.340000e-03
10 9.918600e-01 4.052000e-03 4.088000e-03
11 9.907400e-01 4.468000e-03 4.792000e-03
12 9.895040e-01 4.920000e-03 5.576000e-03
13 9.883800e-01 5.068000e-03 6.552000e-03
14 9.871440e-01 5.420000e-03 7.436000e-03
15 9.859080e-01 5.680000e-03 8.412000e-03
16 9.847440e-01 5.912000e-03 9.344000e-03
17 9.835480e-01 6.140000e-03 1.031200e-02
18 9.820920e-01 6.508000e-03 1.140000e-02
19 9.807920e-01 6.664000e-03 1.254400e-02
20 9.794920e-01 6.800000e-03 1.370800e-02
21 9.780920e-01 7.004000e-03 1.490400e-02
22 9.766880e-01 7.224000e-03 1.608800e-02
23 9.752880e-01 7.392000e-03 1.732000e-02
24 9.739600e-01 7.480000e-03 1.856000e-02
25 9.725200e-01 7.636000e-03 1.984400e-02
26 9.710320e-01 7.768000e-03 2.120000e-02
27 9.696880e-01 7.792000e-03 2.252000e-02
28 9.682160e-01 7.900000e-03 2.388400e-02
29 9.666080e-01 8.040000e-03 2.535200e-02
30 9.650400e-01 8.296000e-03 2.666400e-02
31 9.635600e-01 8.356000e-03 2.808400e-02
32 9.619360e-01 8.572000e-03 2.949200e-02
33 9.603720e-01 8.668000e-03 3.096000e-02
34 9.587240e-01 8.852000e-03 3.242400e-02
35 9.572000e-01 8.776000e-03 3.402400e-02
36 9.555000e-01 8.980000e-03 3.552000e-02
37 9.537840e-01 9.204000e-03 3.701200e-02
38 9.520280e-01 9.372000e-03 3.860000e-02
39 9.503000e-01 9.456000e-03 4.024400e-02
40 9.485080e-01 9.500000e-03 4.199200e-02
41 9.468640e-01 9.492000e-03 4.364400e-02
42 9.452040e-01 9.540000e-03 4.525600e-02
43 9.435680e-01 9.316000e-03 4.711600e-02
44 9.420240e-01 9.160000e-03 4.881600e-02
45 9.404040e-01 9.208000e-03 5.038800e-02
46 9.387840e-01 9.260000e-03 5.195600e-02
47 9.369600e-01 9.380000e-03 5.366000e-02
48 9.352040e-01 9.504000e-03 5.529200e-02
49 9.336000e-01 9.524000e-03 5.687600e-02
50 9.317720e-01 9.552000e-03 5.867600e-02
51 9.300520e-01 9.640000e-03 6.030800e-02
52 9.284400e-01 9.508000e-03 6.205200e-02
53 9.265840e-01 9.680000e-03 6.373600e-02
54 9.247840e-01 9.752000e-03 6.546400e-02
55 9.229600e-01 9.828000e-03 6.721200e-02
56 9.211200e-01 9.768000e-03 6.911200e-02
57 9.194720e-01 9.696000e-03 7.083200e-02
58 9.177800e-01 9.680000e-03 7.254000e-02
59 9.161160e-01 9.592000e-03 7.429200e-02
60 9.146120e-01 9.464000e-03 7.592400e-02
61 9.129200e-01 9.552000e-03 7.752800e-02
62 9.113440e-01 9.368000e-03 7.928800e-02
63 9.097800e-01 9.248000e-03 8.097200e-02
64 9.081600e-01 9.136000e-03 8.270400e-02
65 9.066920e-01 8.828000e-03 8.448000e-02
66 9.052320e-01 8.684000e-03 8.608400e-02
67 9.036400e-01 8.840000e-03 8.752000e-02
68 9.020600e-01 8.928000e-03 8.901200e-02
69 9.004080e-01 8.972000e-03 9.062000e-02
70 8.989240e-01 8.836000e-03 9.224000e-02
71 8.972720e-01 8.948000e-03 9.378000e-02
72 8.955720e-01 9.128000e-03 9.530000e-02
73 8.938640e-01 9.248000e-03 9.688800e-02
74 8.920720e-01 9.440000e-03 9.848800e-02
75 8.904200e-01 9.404000e-03 1.001760e-01
76 8.886880e-01 9.484000e-03 1.018280e-01
77 8.868600e-01 9.784000e-03 1.033560e-01
78 8.853120e-01 9.624000e-03 1.050640e-01
79 8.835000e-01 9.632000e-03 1.068680e-01
80 8.816680e-01 9.748000e-03 1.085840e-01
81 8.799360e-01 9.672000e-03 1.103920e-01
82 8.781400e-01 9.900000e-03 1.119600e-01
83 8.767000e-01 9.760000e-03 1.135400e-01
84 8.749040e-01 9.928000e-03 1.151680e-01
85 8.732840e-01 9.888000e-03 1.168280e-01
86 8.717000e-01 9.728000e-03 1.185720e-01
87 8.700600e-01 9.684000e-03 1.202560e-01
88 8.684400e-01 9.612000e-03 1.219480e-01
89 8.669560e-01 9.528000e-03 1.235160e-01
90 8.655240e-01 9.324000e-03 1.251520e-01
91 8.641240e-01 9.096000e-03 1.267800e-01
92 8.623640e-01 9.200000e-03 1.284360e-01
93 8.609560e-01 8.976000e-03 1.300680e-01
94 8.593400e-01 9.008000e-03 1.316520e-01
95 8.577720e-01 9.068000e-03 1.331600e-01
96 8.560720e-01 9.172000e-03 1.347560e-01
97 8.542240e-01 9.308000e-03 1.364680e-01
98 8.523040e-01 9.496000e-03 1.382000e-01
99 8.506880e-01 9.516000e-03 1.397960e-01
100 8.489560e-01 9.644000e-03 1.414000e-01
101 8.473640e-01 9.524000e-03 1.431120e-01
102 8.457960e-01 9.384000e-03 1.448200e-01
103 8.442920e-01 9.216000e-03 1.464920e-01
104 8.427840e-01 9.164000e-03 1.480520e-01
105 8.413280e-01 8.968000e-03 1.497040e-01
106 8.398720e-01 8.876000e-03 1.512520e-01
107 8.385360e-01 8.592000e-03 1.528720e-01
108 8.370880e-01 8.544000e-03 1.543680e-01
109 8.357480e-01 8.400000e-03 1.558520e-01
110 8.342640e-01 8.480000e-03 1.572560e-01
111 8.327800e-01 8.588000e-03 1.586320e-01
112 8.315040e-01 8.340000e-03 1.601560e-01
113 8.301040e-01 8.296000e-03 1.616000e-01
114 8.287760e-01 8.232000e-03 1.629920e-01
115 8.273920e-01 8.036000e-03 1.645720e-01
116 8.260280e-01 7.928000e-03 1.660440e-01
117 8.245680e-01 7.804000e-03 1.676280e-01
118 8.231280e-01 7.824000e-03 1.690480e-01
119 8.217280e-01 7.936000e-03 1.703360e-01
120 8.204040e-01 7.880000e-03 1.717160e-01
121 8.190240e-01 7.844000e-03 1.731320e-01
122 8.177360e-01 7.804000e-03 1.744600e-01
123 8.164400e-01 7.772000e-03 1.757880e-01
124 8.151320e-01 7.712000e-03 1.771560e-01
125 8.137800e-01 7.772000e-03 1.784480e-01
126 8.125120e-01 7.592000e-03 1.798960e-01
127 8.112320e-01 7.528000e-03 1.812400e-01
128 8.099320e-01 7.500000e-03 1.825680e-01
129 8.086000e-01 7.532000e-03 1.838680e-01
130 8.074880e-01 7.248000e-03 1.852640e-01
131 8.061200e-01 7.344000e-03 1.865360e-01
132 8.049280e-01 7.236000e-03 1.878360e-01
133 8.035760e-01 7.384000e-03 1.890400e-01
134 8.023760e-01 7.252000e-03 1.903720e-01
135 8.010400e-01 7.260000e-03 1.917000e-01
136 7.997440e-01 7.420000e-03 1.928360e-01
137 7.986800e-01 7.180000e-03 1.941400e-01
138 7.975560e-01 7.120000e-03 1.953240e-01
139 7.963720e-01 6.912000e-03 1.967160e-01
140 7.952600e-01 6.848000e-03 1.978920e-01
141 7.940480e-01 6.824000e-03 1.991280e-01
142 7.927280e-01 7.012000e-03 2.002600e-01
143 7.915880e-01 6.900000e-03 2.015120e-01
144 7.901360e-01 7.104000e-03 2.027600e-01
145 7.887560e-01 7.308000e-03 2.039360e-01
146 7.872200e-01 7.540000e-03 2.052400e-01
147 7.859480e-01 7.404000e-03 2.066480e-01
148 7.846240e-01 7.376000e-03 2.080000e-01
149 7.833560e-01 7.328000e-03 2.093160e-01
150 7.820960e-01 7.284000e-03 2.106200e-01
151 7.807920e-01 7.380000e-03 2.118280e-01
152 7.794000e-01 7.572000e-03 2.130280e-01
153 7.780400e-01 7.652000e-03 2.143080e-01
154 7.767680e-01 7.584000e-03 2.156480e-01
155 7.755240e-01 7.612000e-03 2.168640e-01
156 7.742600e-01 7.532000e-03 2.182080e-01
157 7.730000e-01 7.508000e-03 2.194920e-01
158 7.717320e-01 7.568000e-03 2.207000e-01
159 7.705600e-01 7.380000e-03 2.220600e-01
160 7.692120e-01 7.420000e-03 2.233680e-01
161 7.679840e-01 7.360000e-03 2.246560e-01
162 7.667360e-01 7.268000e-03 2.259960e-01
163 7.656640e-01 7.212000e-03 2.271240e-01
164 7.644240e-01 7.208000e-03 2.283680e-01
165 7.631520e-01 7.216000e-03 2.296320e-01
166 7.619640e-01 7.096000e-03 2.309400e-01
167 7.607160e-01 7.060000e-03 2.322240e-01
168 7.595360e-01 7.000000e-03 2.334640e-01
169 7.583680e-01 6.988000e-03 2.346440e-01
170 7.571920e-01 6.936000e-03 2.358720e-01
171 7.558240e-01 7.120000e-03 2.370560e-01
172 7.545440e-01 7.220000e-03 2.382360e-01
173 7.531840e-01 7.300000e-03 2.395160e-01
174 7.519520e-01 7.224000e-03 2.408240e-01
175 7.507560e-01 7.068000e-03 2.421760e-01
176 7.495560e-01 6.996000e-03 2.434480e-01
177 7.482920e-01 7.020000e-03 2.446880e-01
178 7.470840e-01 7.072000e-03 2.458440e-01
179 7.459840e-01 6.952000e-03 2.470640e-01
180 7.447720e-01 6.872000e-03 2.483560e-01
181 7.436600e-01 6.836000e-03 2.495040e-01
182 7.425000e-01 6.836000e-03 2.506640e-01
183 7.413560e-01 6.796000e-03 2.518480e-01
184 7.402040e-01 6.796000e-03 2.530000e-01
185 7.391520e-01 6.812000e-03 2.540360e-01
186 7.381600e-01 6.568000e-03 2.552720e-01
187 7.370560e-01 6.452000e-03 2.564920e-01
188 7.359520e-01 6.480000e-03 2.575680e-01
189 7.348640e-01 6.364000e-03 2.587720e-01
190 7.337320e-01 6.396000e-03 2.598720e-01
191 7.325880e-01 6.508000e-03 2.609040e-01
192 7.315080e-01 6.380000e-03 2.621120e-01
193 7.305240e-01 6.136000e-03 2.633400e-01
194 7.294600e-01 6.128000e-03 2.644120e-01
195 7.284320e-01 6.032000e-03 2.655360e-01
196 7.274000e-01 5.928000e-03 2.666720e-01
197 7.264600e-01 5.828000e-03 2.677120e-01
198 7.253680e-01 5.892000e-03 2.687400e-01
199 7.243360e-01 5.964000e-03 2.697000e-01
200 7.233520e-01 5.920000e-03 2.707280e-01
201 7.224600e-01 5.852000e-03 2.716880e-01
202 7.215600e-01 5.764000e-03 2.726760e-01
203 7.206800e-01 5.732000e-03 2.735880e-01
204 7.198240e-01 5.504000e-03 2.746720e-01
205 7.189560e-01 5.428000e-03 2.756160e-01
206 7.180920e-01 5.428000e-03 2.764800e-01
207 7.172880e-01 5.344000e-03 2.773680e-01
208 7.163120e-01 5.336000e-03 2.783520e-01
209 7.154360e-01 5.288000e-03 2.792760e-01
210 7.145960e-01 5.224000e-03 2.801800e-01
211 7.137120e-01 5.148000e-03 2.811400e-01
212 7.128280e-01 5.200000e-03 2.819720e-01
213 7.120520e-01 5.008000e-03 2.829400e-01
214 7.111840e-01 4.964000e-03 2.838520e-01
215 7.103000e-01 4.920000e-03 2.847800e-01
216 7.095480e-01 4.804000e-03 2.856480e-01
217 7.086320e-01 4.920000e-03 2.864480e-01
218 7.076560e-01 5.004000e-03 2.873400e-01
219 7.068520e-01 4.964000e-03 2.881840e-01
220 7.059840e-01 4.820000e-03 2.891960e-01
221 7.052120e-01 4.648000e-03 2.901400e-01
222 7.043160e-01 4.812000e-03 2.908720e-01
223 7.035840e-01 4.840000e-03 2.915760e-01
224 7.028360e-01 4.804000e-03 2.923600e-01
225 7.021040e-01 4.664000e-03 2.932320e-01
226 7.012600e-01 4.760000e-03 2.939800e-01
227 7.004160e-01 4.796000e-03 2.947880e-01
228 6.996360e-01 4.732000e-03 2.956320e-01
229 6.988280e-01 4.604000e-03 2.965680e-01
230 6.980640e-01 4.544000e-03 2.973920e-01
231 6.973200e-01 4.492000e-03 2.981880e-01
232 6.965160e-01 4.460000e-03 2.990240e-01
233 6.957840e-01 4.392000e-03 2.998240e-01
234 6.949880e-01 4.400000e-03 3.006120e-01
235 6.942480e-01 4.244000e-03 3.015080e-01
236 6.933480e-01 4.404000e-03 3.022480e-01
237 6.925080e-01 4.480000e-03 3.030120e-01
238 6.916200e-01 4.624000e-03 3.037560e-01
239 6.906160e-01 4.816000e-03 3.045680e-01
240 6.896480e-01 4.968000e-03 3.053840e-01
241 6.887080e-01 5.080000e-03 3.062120e-01
242 6.878040e-01 5.092000e-03 3.071040e-01
243 6.869520e-01 5.092000e-03 3.079560e-01
244 6.861720e-01 4.992000e-03 3.088360e-01
245 6.854240e-01 4.876000e-03 3.097000e-01
246 6.847440e-01 4.768000e-03 3.104880e-01
247 6.840080e-01 4.628000e-03 3.113640e-01
248 6.833560e-01 4.488000e-03 3.121560e-01
249 6.825640e-01 4.532000e-03 3.129040e-01
250 6.817800e-01 4.516000e-03 3.137040e-01
251 6.811760e-01 4.304000e-03 3.145200e-01
252 6.806160e-01 4.160000e-03 3.152240e-01
253 6.800960e-01 3.992000e-03 3.159120e-01
254 6.795640e-01 3.776000e-03 3.166600e-01
255 6.790200e-01 3.672000e-03 3.173080e-01
256 6.784400e-01 3.596000e-03 3.179640e-01
257 6.778520e-01 3.572000e-03 3.185760e-01
258 6.772560e-01 3.504000e-03 3.192400e-01
259 6.765360e-01 3.640000e-03 3.198240e-01
260 6.759160e-01 3.644000e-03 3.204400e-01
261 6.753680e-01 3.572000e-03 3.210600e-01
262 6.747760e-01 3.540000e-03 3.216840e-01
263 6.741920e-01 3.528000e-03 3.222800e-01
264 6.736600e-01 3.428000e-03 3.229120e-01
265 6.731160e-01 3.348000e-03 3.235360e-01
266 6.725520e-01 3.292000e-03 3.241560e-01
267 6.719920e-01 3.320000e-03 3.246880e-01
268 6.714960e-01 3.264000e-03 3.252400e-01
269 6.709960e-01 3.192000e-03 3.258120e-01
270 6.704000e-01 3.280000e-03 3.263200e-01
271 6.698280e-01 3.200000e-03 3.269720e-01
272 6.692280e-01 3.212000e-03 3.275600e-01
273 6.686680e-01 3.188000e-03 3.281440e-01
274 6.681280e-01 3.156000e-03 3.287160e-01
275 6.674560e-01 3.276000e-03 3.292680e-01
276 6.668480e-01 3.212000e-03 3.299400e-01
277 6.662200e-01 3.276000e-03 3.305040e-01
278 6.656720e-01 3.276000e-03 3.310520e-01
279 6.650840e-01 3.276000e-03 3.316400e-01
280 6.645400e-01 3.260000e-03 3.322000e-01
281 6.639840e-01 3.352000e-03 3.326640e-01
282 6.634880e-01 3.356000e-03 3.331560e-01
283 6.628800e-01 3.392000e-03 3.337280e-01
284 6.623120e-01 3.428000e-03 3.342600e-01
285 6.617240e-01 3.464000e-03 3.348120e-01
286 6.612080e-01 3.352000e-03 3.354400e-01
287 6.606960e-01 3.224000e-03 3.360800e-01
288 6.602280e-01 3.064000e-03 3.367080e-01
289 6.597360e-01 3.052000e-03 3.372120e-01
290 6.593040e-01 3.012000e-03 3.376840e-01
291 6.588120e-01 3.000000e-03 3.381880e-01
292 6.584520e-01 2.796000e-03 3.387520e-01
293 6.580160e-01 2.800000e-03 3.391840e-01
294 6.575360e-01 2.796000e-03 3.396680e-01
295 6.572000e-01 2.588000e-03 3.402120e-01
296 6.567880e-01 2.592000e-03 3.406200e-01
297 6.563040e-01 2.556000e-03 3.411400e-01
298 6.558360e-01 2.564000e-03 3.416000e-01
299 6.554280e-01 2.568000e-03 3.420040e-01
300 6.550000e-01 2.492000e-03 3.425080e-01
301 6.545440e-01 2.448000e-03 3.430080e-01
302 6.541320e-01 2.416000e-03 3.434520e-01
303 6.536760e-01 2.464000e-03 3.438600e-01
304 6.532480e-01 2.456000e-03 3.442960e-01
305 6.528520e-01 2.344000e-03 3.448040e-01
306 6.524600e-01 2.332000e-03 3.452080e-01
307 6.520040e-01 2.420000e-03 3.455760e-01
308 6.515840e-01 2.388000e-03 3.460280e-01
309 6.512480e-01 2.288000e-03 3.464640e-01
310 6.509160e-01 2.200000e-03 3.468840e-01
311 6.505120e-01 2.148000e-03 3.473400e-01
312 6.501280e-01 2.152000e-03 3.477200e-01
313 6.497280e-01 2.216000e-03 3.480560e-01
314 6.493480e-01 2.192000e-03 3.484600e-01
315 6.489880e-01 2.140000e-03 3.488720e-01
316 6.485680e-01 2.212000e-03 3.492200e-01
317 6.481400e-01 2.200000e-03 3.496600e-01
318 6.476920e-01 2.280000e-03 3.500280e-01
319 6.473840e-01 2.164000e-03 3.504520e-01
320 6.470440e-01 2.188000e-03 3.507680e-01
321 6.467240e-01 2.136000e-03 3.511400e-01
322 6.464040e-01 2.112000e-03 3.514840e-01
323 6.460640e-01 2.120000e-03 3.518160e-01
324 6.457800e-01 2.044000e-03 3.521760e-01
325 6.454720e-01 1.976000e-03 3.525520e-01
326 6.451120e-01 1.952000e-03 3.529360e-01
327 6.447480e-01 1.984000e-03 3.532680e-01
328 6.444520e-01 1.920000e-03 3.536280e-01
329 6.441400e-01 1.900000e-03 3.539600e-01
330 6.438800e-01 1.880000e-03 3.542400e-01
331 6.435960e-01 1.828000e-03 3.545760e-01
332 6.433720e-01 1.716000e-03 3.549120e-01
333 6.430040e-01 1.800000e-03 3.551960e-01
334 6.427280e-01 1.748000e-03 3.555240e-01
335 6.424680e-01 1.704000e-03 3.558280e-01
336 6.422040e-01 1.616000e-03 3.561800e-01
337 6.419600e-01 1.580000e-03 3.564600e-01
338 6.417280e-01 1.536000e-03 3.567360e-01
339 6.414760e-01 1.480000e-03 3.570440e-01
340 6.413120e-01 1.372000e-03 3.573160e-01
341 6.411120e-01 1.336000e-03 3.575520e-01
342 6.409360e-01 1.288000e-03 3.577760e-01
343 6.407200e-01 1.304000e-03 3.579760e-01
344 6.405080e-01 1.312000e-03 3.581800e-01
345 6.402240e-01 1.352000e-03 3.584240e-01
346 6.399200e-01 1.400000e-03 3.586800e-01
347 6.396840e-01 1.376000e-03 3.589400e-01
348 6.394320e-01 1.384000e-03 3.591840e-01
349 6.391840e-01 1.376000e-03 3.594400e-01
350 6.389520e-01 1.352000e-03 3.596960e-01
351 6.386840e-01 1.376000e-03 3.599400e-01
352 6.383960e-01 1.368000e-03 3.602360e-01
353 6.381480e-01 1.316000e-03 3.605360e-01
354 6.379160e-01 1.288000e-03 3.607960e-01
355 6.376440e-01 1.312000e-03 3.610440e-01
356 6.374240e-01 1.304000e-03 3.612720e-01
357 6.371440e-01 1.348000e-03 3.615080e-01
358 6.368600e-01 1.380000e-03 3.617600e-01
359 6.366080e-01 1.452000e-03 3.619400e-01
360 6.363480e-01 1.432000e-03 3.622200e-01
361 6.361480e-01 1.384000e-03 3.624680e-01
362 6.359480e-01 1.344000e-03 3.627080e-01
363 6.357800e-01 1.296000e-03 3.629240e-01
364 6.355960e-01 1.232000e-03 3.631720e-01
365 6.354480e-01 1.204000e-03 3.633480e-01
366 6.353360e-01 1.144000e-03 3.635200e-01
367 6.351720e-01 1.104000e-03 3.637240e-01
368 6.350800e-01 1.000000e-03 3.639200e-01
369 6.349080e-01 9.760000e-04 3.641160e-01
370 6.348080e-01 9.360000e-04 3.642560e-01
371 6.347160e-01 8.600000e-04 3.644240e-01
372 6.345720e-01 8.760000e-04 3.645520e-01
373 6.344520e-01 8.800000e-04 3.646680e-01
374 6.343160e-01 8.520000e-04 3.648320e-01
375 6.341840e-01 8.240000e-04 3.649920e-01
376 6.340600e-01 8.160000e-04 3.651240e-01
377 6.338840e-01 8.360000e-04 3.652800e-01
378 6.337400e-01 7.760000e-04 3.654840e-01
379 6.335960e-01 7.600000e-04 3.656440e-01
380 6.334880e-01 7.120000e-04 3.658000e-01
381 6.333600e-01 7.520000e-04 3.658880e-01
382 6.332200e-01 7.600000e-04 3.660200e-01
383 6.330360e-01 8.120000e-04 3.661520e-01
384 6.328840e-01 8.360000e-04 3.662800e-01
385 6.328040e-01 8.160000e-04 3.663800e-01
386 6.326720e-01 8.080000e-04 3.665200e-01
387 6.325600e-01 7.720000e-04 3.666680e-01
388 6.324480e-01 7.840000e-04 3.667680e-01
389 6.323160e-01 7.680000e-04 3.669160e-01
390 6.321800e-01 7.880000e-04 3.670320e-01
391 6.320240e-01 7.680000e-04 3.672080e-01
392 6.318960e-01 7.720000e-04 3.673320e-01
393 6.317800e-01 7.400000e-04 3.674800e-01
394 6.316520e-01 7.640000e-04 3.675840e-01
395 6.315360e-01 7.480000e-04 3.677160e-01
396 6.313680e-01 7.600000e-04 3.678720e-01
397 6.312320e-01 7.640000e-04 3.680040e-01
398 6.310560e-01 8.040000e-04 3.681400e-01
399 6.309080e-01 7.560000e-04 3.683360e-01
400 6.307520e-01 7.840000e-04 3.684640e-01
401 6.306320e-01 7.880000e-04 3.685800e-01
402 6.305360e-01 7.200000e-04 3.687440e-01
403 6.303960e-01 7.440000e-04 3.688600e-01
404 6.302560e-01 7.680000e-04 3.689760e-01
405 6.301400e-01 7.600000e-04 3.691000e-01
406 6.300240e-01 7.400000e-04 3.692360e-01
407 6.298600e-01 7.680000e-04 3.693720e-01
408 6.297600e-01 7.280000e-04 3.695120e-01
409 6.296000e-01 7.880000e-04 3.696120e-01
410 6.294760e-01 7.760000e-04 3.697480e-01
411 6.293240e-01 7.800000e-04 3.698960e-01
412 6.292160e-01 7.760000e-04 3.700080e-01
413 6.290920e-01 7.680000e-04 3.701400e-01
414 6.289760e-01 7.360000e-04 3.702880e-01
415 6.288840e-01 6.800000e-04 3.704360e-01
416 6.287880e-01 6.400000e-04 3.705720e-01
417 6.286800e-01 6.200000e-04 3.707000e-01
418 6.285720e-01 6.480000e-04 3.707800e-01
419 6.284880e-01 6.120000e-04 3.709000e-01
420 6.283760e-01 5.720000e-04 3.710520e-01
421 6.282160e-01 6.080000e-04 3.711760e-01
422 6.280320e-01 6.680000e-04 3.713000e-01
423 6.279120e-01 6.640000e-04 3.714240e-01
424 6.278040e-01 7.000000e-04 3.714960e-01
425 6.276400e-01 7.360000e-04 3.716240e-01
426 6.274800e-01 8.040000e-04 3.717160e-01
427 6.273400e-01 8.160000e-04 3.718440e-01
428 6.272080e-01 8.160000e-04 3.719760e-01
429 6.271160e-01 7.520000e-04 3.721320e-01
430 6.270160e-01 7.320000e-04 3.722520e-01
431 6.269520e-01 6.680000e-04 3.723800e-01
432 6.268480e-01 6.240000e-04 3.725280e-01
433 6.267600e-01 6.040000e-04 3.726360e-01
434 6.266640e-01 6.040000e-04 3.727320e-01
435 6.265400e-01 6.160000e-04 3.728440e-01
436 6.264400e-01 6.280000e-04 3.729320e-01
437 6.263720e-01 5.600000e-04 3.730680e-01
438 6.262720e-01 5.440000e-04 3.731840e-01
439 6.262160e-01 4.920000e-04 3.732920e-01
440 6.261760e-01 4.560000e-04 3.733680e-01
441 6.261360e-01 4.240000e-04 3.734400e-01
442 6.260840e-01 3.960000e-04 3.735200e-01
443 6.260440e-01 3.320000e-04 3.736240e-01
444 6.260280e-01 2.880000e-04 3.736840e-01
445 6.259840e-01 2.920000e-04 3.737240e-01
446 6.259440e-01 2.880000e-04 3.737680e-01
447 6.259200e-01 2.720000e-04 3.738080e-01
448 6.258840e-01 2.640000e-04 3.738520e-01
449 6.258400e-01 2.680000e-04 3.738920e-01
450 6.257520e-01 2.920000e-04 3.739560e-01
451 6.257040e-01 2.960000e-04 3.740000e-01
452 6.256680e-01 2.960000e-04 3.740360e-01
453 6.256320e-01 2.720000e-04 3.740960e-01
454 6.255720e-01 2.760000e-04 3.741520e-01
455 6.255440e-01 2.400000e-04 3.742160e-01
456 6.255240e-01 2.160000e-04 3.742600e-01
457 6.254680e-01 2.440000e-04 3.742880e-01
458 6.254600e-01 1.920000e-04 3.743480e-01
459 6.254240e-01 2.080000e-04 3.743680e-01
460 6.253520e-01 2.440000e-04 3.744040e-01
461 6.253080e-01 2.440000e-04 3.744480e-01
462 6.252280e-01 2.920000e-04 3.744800e-01
463 6.251680e-01 2.840000e-04 3.745480e-01
464 6.250880e-01 3.160000e-04 3.745960e-01
465 6.250320e-01 2.880000e-04 3.746800e-01
466 6.249720e-01 2.880000e-04 3.747400e-01
467 6.248880e-01 3.080000e-04 3.748040e-01
468 6.248360e-01 3.120000e-04 3.748520e-01
469 6.247800e-01 3.040000e-04 3.749160e-01
470 6.247240e-01 3.240000e-04 3.749520e-01
471 6.246600e-01 3.520000e-04 3.749880e-01
472 6.246080e-01 3.560000e-04 3.750360e-01
473 6.245600e-01 3.320000e-04 3.751080e-01
474 6.245040e-01 3.160000e-04 3.751800e-01
475 6.244360e-01 3.240000e-04 3.752400e-01
476 6.244120e-01 2.920000e-04 3.752960e-01
477 6.243640e-01 2.680000e-04 3.753680e-01
478 6.243160e-01 3.000000e-04 3.753840e-01
479 6.242560e-01 2.800000e-04 3.754640e-01
480 6.241920e-01 2.920000e-04 3.755160e-01
481 6.241440e-01 2.560000e-04 3.756000e-01
482 6.240960e-01 2.720000e-04 3.756320e-01
483 6.240360e-01 2.760000e-04 3.756880e-01
484 6.239600e-01 3.040000e-04 3.757360e-01
485 6.238960e-01 3.280000e-04 3.757760e-01
486 6.238360e-01 3.240000e-04 3.758400e-01
487 6.237720e-01 3.240000e-04 3.759040e-01
488 6.236880e-01 3.160000e-04 3.759960e-01
489 6.236520e-01 3.080000e-04 3.760400e-01
490 6.235960e-01 3.000000e-04 3.761040e-01
491 6.235320e-01 3.000000e-04 3.761680e-01
492 6.234640e-01 3.000000e-04 3.762360e-01
493 6.234080e-01 2.760000e-04 3.763160e-01
494 6.233680e-01 2.760000e-04 3.763560e-01
495 6.233160e-01 2.800000e-04 3.764040e-01
496 6.232560e-01 3.000000e-04 3.764440e-01
497 6.232040e-01 2.960000e-04 3.765000e-01
498 6.231400e-01 3.280000e-04 3.765320e-01
499 6.230840e-01 3.160000e-04 3.766000e-01
500 6.230200e-01 3.080000e-04 3.766720e-01
