1 9.992640e-01 6.600000e-04 7.600000e-05
2 9.987000e-01 1.048000e-03 2.520000e-04
3 9.981560e-01 1.372000e-03 4.720000e-04
4 9.975080e-01 1.736000e-03 7.560000e-04
5 9.968040e-01 2.072000e-03 1.124000e-03
6 9.960960e-01 2.400000e-03 1.504000e-03
7 9.952880e-01 2.724000e-03 1.988000e-03
8 9.943800e-01 3.092000e-03 2.528000e-03
9 9.935720e-01 3.308000e-03 3.120000e-03
10 9.926760e-01 3.524000e-03 3.800000e-03
11 9.916280e-01 3.904000e-03 4.468000e-03
12 9.907160e-01 4.100000e-03 5.184000e-03
13 9.896760e-01 4.448000e-03 5.876000e-03
14 9.885960e-01 4.684000e-03 6.720000e-03
15 9.875960e-01 4.880000e-03 7.524000e-03
16 9.864360e-01 5.172000e-03 8.392000e-03
17 9.854640e-01 5.304000e-03 9.232000e-03
18 9.844680e-01 5.412000e-03 1.012000e-02
19 9.833120e-01 5.660000e-03 1.102800e-02
20 9.820560e-01 5.900000e-03 1.204400e-02
21 9.808760e-01 5.964000e-03 1.316000e-02
22 9.796320e-01 6.184000e-03 1.418400e-02
23 9.783800e-01 6.404000e-03 1.521600e-02
24 9.771120e-01 6.520000e-03 1.636800e-02
25 9.757760e-01 6.732000e-03 1.749200e-02
26 9.745640e-01 6.652000e-03 1.878400e-02
27 9.731640e-01 6.876000e-03 1.996000e-02
28 9.719840e-01 6.756000e-03 2.126000e-02
29 9.706720e-01 6.924000e-03 2.240400e-02
30 9.694880e-01 6.884000e-03 2.362800e-02
31 9.683360e-01 6.876000e-03 2.478800e-02
32 9.670760e-01 7.048000e-03 2.587600e-02
33 9.657480e-01 7.160000e-03 2.709200e-02
34 9.644280e-01 7.192000e-03 2.838000e-02
35 9.628960e-01 7.420000e-03 2.968400e-02
36 9.614880e-01 7.620000e-03 3.089200e-02
37 9.603200e-01 7.472000e-03 3.220800e-02
38 9.588560e-01 7.640000e-03 3.350400e-02
39 9.573760e-01 7.804000e-03 3.482000e-02
40 9.557440e-01 8.036000e-03 3.622000e-02
41 9.541720e-01 8.216000e-03 3.761200e-02
42 9.527440e-01 8.308000e-03 3.894800e-02
43 9.511120e-01 8.476000e-03 4.041200e-02
44 9.495800e-01 8.420000e-03 4.200000e-02
45 9.479480e-01 8.552000e-03 4.350000e-02
46 9.464120e-01 8.520000e-03 4.506800e-02
47 9.450360e-01 8.500000e-03 4.646400e-02
48 9.433840e-01 8.796000e-03 4.782000e-02
49 9.417520e-01 8.724000e-03 4.952400e-02
50 9.400240e-01 8.840000e-03 5.113600e-02
51 9.384720e-01 8.708000e-03 5.282000e-02
52 9.369800e-01 8.724000e-03 5.429600e-02
53 9.355600e-01 8.628000e-03 5.581200e-02
54 9.339600e-01 8.768000e-03 5.727200e-02
55 9.322760e-01 8.976000e-03 5.874800e-02
56 9.305320e-01 9.184000e-03 6.028400e-02
57 9.289280e-01 9.208000e-03 6.186400e-02
58 9.274200e-01 9.036000e-03 6.354400e-02
59 9.258240e-01 9.116000e-03 6.506000e-02
60 9.242000e-01 9.208000e-03 6.659200e-02
61 9.225480e-01 9.144000e-03 6.830800e-02
62 9.208600e-01 9.320000e-03 6.982000e-02
63 9.191520e-01 9.364000e-03 7.148400e-02
64 9.174480e-01 9.316000e-03 7.323600e-02
65 9.157400e-01 9.360000e-03 7.490000e-02
66 9.140280e-01 9.480000e-03 7.649200e-02
67 9.123120e-01 9.620000e-03 7.806800e-02
68 9.107160e-01 9.532000e-03 7.975200e-02
69 9.090000e-01 9.504000e-03 8.149600e-02
70 9.072400e-01 9.552000e-03 8.320800e-02
71 9.055760e-01 9.588000e-03 8.483600e-02
72 9.040640e-01 9.412000e-03 8.652400e-02
73 9.024640e-01 9.372000e-03 8.816400e-02
74 9.008080e-01 9.524000e-03 8.966800e-02
75 8.991280e-01 9.476000e-03 9.139600e-02
76 8.973240e-01 9.556000e-03 9.312000e-02
77 8.957400e-01 9.472000e-03 9.478800e-02
78 8.941600e-01 9.432000e-03 9.640800e-02
79 8.926240e-01 9.212000e-03 9.816400e-02
80 8.911040e-01 9.124000e-03 9.977200e-02
81 8.896120e-01 9.136000e-03 1.012520e-01
82 8.881040e-01 9.084000e-03 1.028120e-01
83 8.866080e-01 9.008000e-03 1.043840e-01
84 8.848600e-01 9.208000e-03 1.059320e-01
85 8.832680e-01 9.312000e-03 1.074200e-01
86 8.815720e-01 9.292000e-03 1.091360e-01
87 8.798240e-01 9.376000e-03 1.108000e-01
88 8.781920e-01 9.268000e-03 1.125400e-01
89 8.765320e-01 9.400000e-03 1.140680e-01
90 8.750640e-01 9.172000e-03 1.157640e-01
91 8.734480e-01 9.184000e-03 1.173680e-01
92 8.720200e-01 9.080000e-03 1.189000e-01
93 8.704520e-01 9.088000e-03 1.204600e-01
94 8.688920e-01 9.116000e-03 1.219920e-01
95 8.673800e-01 8.904000e-03 1.237160e-01
96 8.657560e-01 9.060000e-03 1.251840e-01
97 8.642680e-01 9.120000e-03 1.266120e-01
98 8.627280e-01 9.072000e-03 1.282000e-01
99 8.612040e-01 9.100000e-03 1.296960e-01
100 8.595720e-01 9.296000e-03 1.311320e-01
101 8.579280e-01 9.272000e-03 1.328000e-01
102 8.563560e-01 9.216000e-03 1.344280e-01
103 8.547600e-01 9.172000e-03 1.360680e-01
104 8.530200e-01 9.364000e-03 1.376160e-01
105 8.513520e-01 9.472000e-03 1.391760e-01
106 8.496240e-01 9.520000e-03 1.408560e-01
107 8.478760e-01 9.552000e-03 1.425720e-01
108 8.462800e-01 9.612000e-03 1.441080e-01
109 8.446720e-01 9.552000e-03 1.457760e-01
110 8.431960e-01 9.296000e-03 1.475080e-01
111 8.416320e-01 9.204000e-03 1.491640e-01
112 8.401920e-01 9.044000e-03 1.507640e-01
113 8.386720e-01 8.976000e-03 1.523520e-01
114 8.368880e-01 9.184000e-03 1.539280e-01
115 8.352920e-01 9.148000e-03 1.555600e-01
116 8.336680e-01 9.160000e-03 1.571720e-01
117 8.320360e-01 9.172000e-03 1.587920e-01
118 8.304240e-01 9.204000e-03 1.603720e-01
119 8.286920e-01 9.364000e-03 1.619440e-01
120 8.268000e-01 9.684000e-03 1.635160e-01
121 8.251960e-01 9.528000e-03 1.652760e-01
122 8.235920e-01 9.488000e-03 1.669200e-01
123 8.218720e-01 9.500000e-03 1.686280e-01
124 8.200760e-01 9.648000e-03 1.702760e-01
125 8.185520e-01 9.412000e-03 1.720360e-01
126 8.169560e-01 9.248000e-03 1.737960e-01
127 8.153080e-01 9.208000e-03 1.754840e-01
128 8.136360e-01 9.324000e-03 1.770400e-01
129 8.121720e-01 9.188000e-03 1.786400e-01
130 8.104360e-01 9.300000e-03 1.802640e-01
131 8.089360e-01 9.116000e-03 1.819480e-01
132 8.073240e-01 9.132000e-03 1.835440e-01
133 8.059520e-01 8.972000e-03 1.850760e-01
134 8.044440e-01 8.880000e-03 1.866760e-01
135 8.030800e-01 8.564000e-03 1.883560e-01
136 8.017680e-01 8.336000e-03 1.898960e-01
137 8.006560e-01 7.900000e-03 1.914440e-01
138 7.995040e-01 7.588000e-03 1.929080e-01
139 7.983120e-01 7.452000e-03 1.942360e-01
140 7.971800e-01 7.316000e-03 1.955040e-01
141 7.960440e-01 7.084000e-03 1.968720e-01
142 7.949360e-01 6.936000e-03 1.981280e-01
143 7.937560e-01 6.852000e-03 1.993920e-01
144 7.926440e-01 6.756000e-03 2.006000e-01
145 7.915840e-01 6.600000e-03 2.018160e-01
146 7.905680e-01 6.428000e-03 2.030040e-01
147 7.895920e-01 6.296000e-03 2.041120e-01
148 7.886200e-01 6.224000e-03 2.051560e-01
149 7.875840e-01 6.156000e-03 2.062600e-01
150 7.866320e-01 6.028000e-03 2.073400e-01
151 7.855840e-01 6.040000e-03 2.083760e-01
152 7.846000e-01 5.800000e-03 2.096000e-01
153 7.835560e-01 5.748000e-03 2.106960e-01
154 7.825520e-01 5.772000e-03 2.116760e-01
155 7.814680e-01 5.772000e-03 2.127600e-01
156 7.804760e-01 5.720000e-03 2.138040e-01
157 7.794840e-01 5.648000e-03 2.148680e-01
158 7.785920e-01 5.468000e-03 2.159400e-01
159 7.776680e-01 5.520000e-03 2.168120e-01
160 7.767760e-01 5.496000e-03 2.177280e-01
161 7.759200e-01 5.388000e-03 2.186920e-01
162 7.746880e-01 5.684000e-03 2.196280e-01
163 7.736040e-01 5.700000e-03 2.206960e-01
164 7.725920e-01 5.700000e-03 2.217080e-01
165 7.715320e-01 5.720000e-03 2.227480e-01
166 7.705160e-01 5.720000e-03 2.237640e-01
167 7.695280e-01 5.716000e-03 2.247560e-01
168 7.684960e-01 5.748000e-03 2.257560e-01
169 7.675360e-01 5.692000e-03 2.267720e-01
170 7.666880e-01 5.496000e-03 2.278160e-01
171 7.658160e-01 5.436000e-03 2.287480e-01
172 7.648520e-01 5.472000e-03 2.296760e-01
173 7.639440e-01 5.408000e-03 2.306480e-01
174 7.631360e-01 5.256000e-03 2.316080e-01
175 7.622440e-01 5.256000e-03 2.325000e-01
176 7.612760e-01 5.276000e-03 2.334480e-01
177 7.603400e-01 5.208000e-03 2.344520e-01
178 7.594040e-01 5.208000e-03 2.353880e-01
179 7.585720e-01 5.148000e-03 2.362800e-01
180 7.577520e-01 5.072000e-03 2.371760e-01
181 7.569280e-01 5.044000e-03 2.380280e-01
182 7.561120e-01 4.996000e-03 2.388920e-01
183 7.552640e-01 5.016000e-03 2.397200e-01
184 7.544160e-01 5.024000e-03 2.405600e-01
185 7.535120e-01 5.136000e-03 2.413520e-01
186 7.525680e-01 5.160000e-03 2.422720e-01
187 7.516160e-01 5.116000e-03 2.432680e-01
188 7.506640e-01 5.180000e-03 2.441560e-01
189 7.497120e-01 5.260000e-03 2.450280e-01
190 7.488280e-01 5.196000e-03 2.459760e-01
191 7.478960e-01 5.104000e-03 2.470000e-01
192 7.470600e-01 5.044000e-03 2.478960e-01
193 7.462000e-01 5.100000e-03 2.487000e-01
194 7.453800e-01 5.064000e-03 2.495560e-01
195 7.444520e-01 5.048000e-03 2.505000e-01
196 7.435360e-01 5.116000e-03 2.513480e-01
197 7.425360e-01 5.344000e-03 2.521200e-01
198 7.415360e-01 5.284000e-03 2.531800e-01
199 7.406720e-01 5.300000e-03 2.540280e-01
200 7.397200e-01 5.336000e-03 2.549440e-01
201 7.387760e-01 5.368000e-03 2.558560e-01
202 7.379080e-01 5.348000e-03 2.567440e-01
203 7.369680e-01 5.352000e-03 2.576800e-01
204 7.360480e-01 5.424000e-03 2.585280e-01
205 7.351480e-01 5.480000e-03 2.593720e-01
206 7.342920e-01 5.440000e-03 2.602680e-01
207 7.333800e-01 5.488000e-03 2.611320e-01
208 7.325840e-01 5.392000e-03 2.620240e-01
209 7.316920e-01 5.360000e-03 2.629480e-01
210 7.307920e-01 5.320000e-03 2.638880e-01
211 7.297320e-01 5.556000e-03 2.647120e-01
212 7.287640e-01 5.608000e-03 2.656280e-01
213 7.278320e-01 5.472000e-03 2.666960e-01
214 7.268840e-01 5.464000e-03 2.676520e-01
215 7.258440e-01 5.476000e-03 2.686800e-01
216 7.249640e-01 5.396000e-03 2.696400e-01
217 7.240560e-01 5.412000e-03 2.705320e-01
218 7.230960e-01 5.352000e-03 2.715520e-01
219 7.221520e-01 5.316000e-03 2.725320e-01
220 7.213320e-01 5.180000e-03 2.734880e-01
221 7.203440e-01 5.276000e-03 2.743800e-01
222 7.194320e-01 5.392000e-03 2.751760e-01
223 7.185600e-01 5.332000e-03 2.761080e-01
224 7.175840e-01 5.444000e-03 2.769720e-01
225 7.166000e-01 5.464000e-03 2.779360e-01
226 7.155240e-01 5.556000e-03 2.789200e-01
227 7.145560e-01 5.648000e-03 2.797960e-01
228 7.136880e-01 5.616000e-03 2.806960e-01
229 7.127480e-01 5.604000e-03 2.816480e-01
230 7.118440e-01 5.560000e-03 2.825960e-01
231 7.109800e-01 5.456000e-03 2.835640e-01
232 7.100960e-01 5.372000e-03 2.845320e-01
233 7.091560e-01 5.400000e-03 2.854440e-01
234 7.082200e-01 5.452000e-03 2.863280e-01
235 7.073480e-01 5.364000e-03 2.872880e-01
236 7.065120e-01 5.236000e-03 2.882520e-01
237 7.057040e-01 5.172000e-03 2.891240e-01
238 7.049240e-01 5.036000e-03 2.900400e-01
239 7.043240e-01 4.860000e-03 2.908160e-01
240 7.036160e-01 4.776000e-03 2.916080e-01
241 7.029960e-01 4.580000e-03 2.924240e-01
242 7.023280e-01 4.476000e-03 2.931960e-01
243 7.015840e-01 4.508000e-03 2.939080e-01
244 7.008680e-01 4.292000e-03 2.948400e-01
245 7.002480e-01 4.152000e-03 2.956000e-01
246 6.995360e-01 4.228000e-03 2.962360e-01
247 6.988480e-01 4.176000e-03 2.969760e-01
248 6.981760e-01 4.096000e-03 2.977280e-01
249 6.975600e-01 3.988000e-03 2.984520e-01
250 6.969520e-01 3.896000e-03 2.991520e-01
251 6.962560e-01 3.900000e-03 2.998440e-01
252 6.956800e-01 3.768000e-03 3.005520e-01
253 6.951440e-01 3.600000e-03 3.012560e-01
254 6.945400e-01 3.612000e-03 3.018480e-01
255 6.938200e-01 3.744000e-03 3.024360e-01
256 6.931480e-01 3.716000e-03 3.031360e-01
257 6.924600e-01 3.756000e-03 3.037840e-01
258 6.918400e-01 3.740000e-03 3.044200e-01
259 6.912640e-01 3.624000e-03 3.051120e-01
260 6.906680e-01 3.600000e-03 3.057320e-01
261 6.900920e-01 3.628000e-03 3.062800e-01
262 6.894960e-01 3.520000e-03 3.069840e-01
263 6.888880e-01 3.528000e-03 3.075840e-01
264 6.883320e-01 3.488000e-03 3.081800e-01
265 6.877800e-01 3.392000e-03 3.088280e-01
266 6.870880e-01 3.560000e-03 3.093520e-01
267 6.864440e-01 3.636000e-03 3.099200e-01
268 6.858520e-01 3.600000e-03 3.105480e-01
269 6.852840e-01 3.472000e-03 3.112440e-01
270 6.847000e-01 3.460000e-03 3.118400e-01
271 6.840880e-01 3.544000e-03 3.123680e-01
272 6.834560e-01 3.564000e-03 3.129800e-01
273 6.828480e-01 3.560000e-03 3.135920e-01
274 6.823080e-01 3.524000e-03 3.141680e-01
275 6.816400e-01 3.580000e-03 3.147800e-01
276 6.810360e-01 3.620000e-03 3.153440e-01
277 6.805800e-01 3.384000e-03 3.160360e-01
278 6.801520e-01 3.272000e-03 3.165760e-01
279 6.794680e-01 3.304000e-03 3.172280e-01
280 6.789800e-01 3.244000e-03 3.177760e-01
281 6.784800e-01 3.272000e-03 3.182480e-01
282 6.779640e-01 3.196000e-03 3.188400e-01
283 6.774960e-01 3.152000e-03 3.193520e-01
284 6.769880e-01 3.104000e-03 3.199080e-01
285 6.765120e-01 3.076000e-03 3.204120e-01
286 6.759800e-01 3.068000e-03 3.209520e-01
287 6.754400e-01 3.092000e-03 3.214680e-01
288 6.749680e-01 3.012000e-03 3.220200e-01
289 6.744120e-01 3.056000e-03 3.225320e-01
290 6.738880e-01 3.132000e-03 3.229800e-01
291 6.734600e-01 2.988000e-03 3.235520e-01
292 6.730400e-01 2.896000e-03 3.240640e-01
293 6.725240e-01 2.896000e-03 3.245800e-01
294 6.720720e-01 2.904000e-03 3.250240e-01
295 6.716400e-01 2.788000e-03 3.255720e-01
296 6.712400e-01 2.684000e-03 3.260760e-01
297 6.708160e-01 2.628000e-03 3.265560e-01
298 6.704280e-01 2.540000e-03 3.270320e-01
299 6.700880e-01 2.496000e-03 3.274160e-01
300 6.697600e-01 2.396000e-03 3.278440e-01
301 6.693840e-01 2.364000e-03 3.282520e-01
302 6.689520e-01 2.356000e-03 3.286920e-01
303 6.685560e-01 2.288000e-03 3.291560e-01
304 6.682160e-01 2.288000e-03 3.294960e-01
305 6.678800e-01 2.236000e-03 3.298840e-01
306 6.675040e-01 2.268000e-03 3.302280e-01
307 6.671600e-01 2.188000e-03 3.306520e-01
308 6.667920e-01 2.240000e-03 3.309680e-01
309 6.664800e-01 2.152000e-03 3.313680e-01
310 6.661000e-01 2.220000e-03 3.316800e-01
311 6.658040e-01 2.096000e-03 3.321000e-01
312 6.655240e-01 1.988000e-03 3.324880e-01
313 6.651920e-01 1.888000e-03 3.329200e-01
314 6.649080e-01 1.804000e-03 3.332880e-01
315 6.646280e-01 1.748000e-03 3.336240e-01
316 6.643520e-01 1.680000e-03 3.339680e-01
317 6.641040e-01 1.604000e-03 3.342920e-01
318 6.639160e-01 1.492000e-03 3.345920e-01
319 6.636880e-01 1.416000e-03 3.348960e-01
320 6.634200e-01 1.444000e-03 3.351360e-01
321 6.631720e-01 1.392000e-03 3.354360e-01
322 6.629720e-01 1.364000e-03 3.356640e-01
323 6.627400e-01 1.376000e-03 3.358840e-01
324 6.624400e-01 1.476000e-03 3.360840e-01
325 6.621360e-01 1.568000e-03 3.362960e-01
326 6.617720e-01 1.656000e-03 3.365720e-01
327 6.615080e-01 1.644000e-03 3.368480e-01
328 6.612360e-01 1.620000e-03 3.371440e-01
329 6.610120e-01 1.496000e-03 3.374920e-01
330 6.607880e-01 1.464000e-03 3.377480e-01
331 6.605400e-01 1.464000e-03 3.379960e-01
332 6.603520e-01 1.416000e-03 3.382320e-01
333 6.600960e-01 1.440000e-03 3.384640e-01
334 6.598840e-01 1.432000e-03 3.386840e-01
335 6.596200e-01 1.436000e-03 3.389440e-01
336 6.593560e-01 1.448000e-03 3.391960e-01
337 6.591520e-01 1.404000e-03 3.394440e-01
338 6.589040e-01 1.424000e-03 3.396720e-01
339 6.586760e-01 1.372000e-03 3.399520e-01
340 6.584080e-01 1.444000e-03 3.401480e-01
341 6.581160e-01 1.472000e-03 3.404120e-01
342 6.578560e-01 1.468000e-03 3.406760e-01
343 6.575960e-01 1.404000e-03 3.410000e-01
344 6.573120e-01 1.456000e-03 3.412320e-01
345 6.570640e-01 1.448000e-03 3.414880e-01
346 6.567440e-01 1.532000e-03 3.417240e-01
347 6.563520e-01 1.656000e-03 3.419920e-01
348 6.560760e-01 1.660000e-03 3.422640e-01
349 6.558200e-01 1.620000e-03 3.425600e-01
350 6.555200e-01 1.636000e-03 3.428440e-01
351 6.552240e-01 1.684000e-03 3.430920e-01
352 6.548600e-01 1.748000e-03 3.433920e-01
353 6.545600e-01 1.764000e-03 3.436760e-01
354 6.542800e-01 1.712000e-03 3.440080e-01
355 6.540080e-01 1.704000e-03 3.442880e-01
356 6.535960e-01 1.832000e-03 3.445720e-01
357 6.532120e-01 1.852000e-03 3.449360e-01
358 6.528840e-01 1.856000e-03 3.452600e-01
359 6.525200e-01 1.916000e-03 3.455640e-01
360 6.522000e-01 1.876000e-03 3.459240e-01
361 6.518720e-01 1.936000e-03 3.461920e-01
362 6.514640e-01 2.048000e-03 3.464880e-01
363 6.510720e-01 2.116000e-03 3.468120e-01
364 6.507880e-01 2.036000e-03 3.471760e-01
365 6.504080e-01 2.068000e-03 3.475240e-01
366 6.501080e-01 2.056000e-03 3.478360e-01
367 6.497120e-01 2.092000e-03 3.481960e-01
368 6.493800e-01 2.064000e-03 3.485560e-01
369 6.490880e-01 1.932000e-03 3.489800e-01
370 6.487480e-01 1.948000e-03 3.493040e-01
371 6.484200e-01 1.952000e-03 3.496280e-01
372 6.480800e-01 1.912000e-03 3.500080e-01
373 6.478600e-01 1.784000e-03 3.503560e-01
374 6.475720e-01 1.772000e-03 3.506560e-01
375 6.473040e-01 1.696000e-03 3.510000e-01
376 6.470680e-01 1.668000e-03 3.512640e-01
377 6.468360e-01 1.600000e-03 3.515640e-01
378 6.465840e-01 1.608000e-03 3.518080e-01
379 6.463600e-01 1.540000e-03 3.521000e-01
380 6.460840e-01 1.576000e-03 3.523400e-01
381 6.458680e-01 1.488000e-03 3.526440e-01
382 6.455840e-01 1.540000e-03 3.528760e-01
383 6.452480e-01 1.588000e-03 3.531640e-01
384 6.449840e-01 1.576000e-03 3.534400e-01
385 6.446880e-01 1.580000e-03 3.537320e-01
386 6.444840e-01 1.552000e-03 3.539640e-01
387 6.442240e-01 1.520000e-03 3.542560e-01
388 6.439800e-01 1.504000e-03 3.545160e-01
389 6.437080e-01 1.524000e-03 3.547680e-01
390 6.434400e-01 1.544000e-03 3.550160e-01
391 6.431720e-01 1.532000e-03 3.552960e-01
392 6.428880e-01 1.556000e-03 3.555560e-01
393 6.426200e-01 1.588000e-03 3.557920e-01
394 6.423880e-01 1.532000e-03 3.560800e-01
395 6.421520e-01 1.504000e-03 3.563440e-01
396 6.418840e-01 1.532000e-03 3.565840e-01
397 6.416480e-01 1.500000e-03 3.568520e-01
398 6.414440e-01 1.456000e-03 3.571000e-01
399 6.411960e-01 1.428000e-03 3.573760e-01
400 6.409720e-01 1.424000e-03 3.576040e-01
401 6.407400e-01 1.396000e-03 3.578640e-01
402 6.405400e-01 1.360000e-03 3.581000e-01
403 6.402920e-01 1.384000e-03 3.583240e-01
404 6.400040e-01 1.404000e-03 3.585920e-01
405 6.397640e-01 1.416000e-03 3.588200e-01
406 6.394960e-01 1.420000e-03 3.590840e-01
407 6.392280e-01 1.448000e-03 3.593240e-01
408 6.389680e-01 1.428000e-03 3.596040e-01
409 6.386840e-01 1.476000e-03 3.598400e-01
410 6.384520e-01 1.432000e-03 3.601160e-01
411 6.382640e-01 1.396000e-03 3.603400e-01
412 6.379640e-01 1.420000e-03 3.606160e-01
413 6.376800e-01 1.452000e-03 3.608680e-01
414 6.374000e-01 1.512000e-03 3.610880e-01
415 6.371440e-01 1.544000e-03 3.613120e-01
416 6.368840e-01 1.508000e-03 3.616080e-01
417 6.365920e-01 1.564000e-03 3.618440e-01
418 6.363080e-01 1.588000e-03 3.621040e-01
419 6.360280e-01 1.576000e-03 3.623960e-01
420 6.357880e-01 1.556000e-03 3.626560e-01
421 6.354960e-01 1.596000e-03 3.629080e-01
422 6.352200e-01 1.592000e-03 3.631880e-01
423 6.349240e-01 1.564000e-03 3.635120e-01
424 6.346760e-01 1.596000e-03 3.637280e-01
425 6.344240e-01 1.576000e-03 3.640000e-01
426 6.341840e-01 1.532000e-03 3.642840e-01
427 6.339360e-01 1.508000e-03 3.645560e-01
428 6.336680e-01 1.516000e-03 3.648160e-01
429 6.334160e-01 1.516000e-03 3.650680e-01
430 6.331360e-01 1.508000e-03 3.653560e-01
431 6.328520e-01 1.500000e-03 3.656480e-01
432 6.325880e-01 1.456000e-03 3.659560e-01
433 6.323480e-01 1.448000e-03 3.662040e-01
434 6.320720e-01 1.536000e-03 3.663920e-01
435 6.318440e-01 1.512000e-03 3.666440e-01
436 6.316000e-01 1.544000e-03 3.668560e-01
437 6.313840e-01 1.464000e-03 3.671520e-01
438 6.311240e-01 1.472000e-03 3.674040e-01
439 6.308080e-01 1.504000e-03 3.676880e-01
440 6.306000e-01 1.464000e-03 3.679360e-01
441 6.303640e-01 1.460000e-03 3.681760e-01
442 6.301240e-01 1.480000e-03 3.683960e-01
443 6.299160e-01 1.424000e-03 3.686600e-01
444 6.296280e-01 1.436000e-03 3.689360e-01
445 6.294000e-01 1.376000e-03 3.692240e-01
446 6.291240e-01 1.408000e-03 3.694680e-01
447 6.288640e-01 1.400000e-03 3.697360e-01
448 6.286400e-01 1.372000e-03 3.699880e-01
449 6.283760e-01 1.376000e-03 3.702480e-01
450 6.281480e-01 1.328000e-03 3.705240e-01
451 6.278800e-01 1.316000e-03 3.708040e-01
452 6.276800e-01 1.304000e-03 3.710160e-01
453 6.274600e-01 1.268000e-03 3.712720e-01
454 6.272680e-01 1.240000e-03 3.714920e-01
455 6.270280e-01 1.256000e-03 3.717160e-01
456 6.268320e-01 1.232000e-03 3.719360e-01
457 6.266520e-01 1.220000e-03 3.721280e-01
458 6.264840e-01 1.140000e-03 3.723760e-01
459 6.263400e-01 1.116000e-03 3.725440e-01
460 6.261840e-01 1.100000e-03 3.727160e-01
461 6.259720e-01 1.128000e-03 3.729000e-01
462 6.258160e-01 1.096000e-03 3.730880e-01
463 6.256480e-01 1.036000e-03 3.733160e-01
464 6.254320e-01 1.072000e-03 3.734960e-01
465 6.252680e-01 1.044000e-03 3.736880e-01
466 6.250800e-01 1.032000e-03 3.738880e-01
467 6.249200e-01 1.004000e-03 3.740760e-01
468 6.248040e-01 9.240000e-04 3.742720e-01
469 6.246280e-01 9.880000e-04 3.743840e-01
470 6.244440e-01 9.880000e-04 3.745680e-01
471 6.242960e-01 9.720000e-04 3.747320e-01
472 6.241800e-01 8.920000e-04 3.749280e-01
473 6.240720e-01 8.320000e-04 3.750960e-01
474 6.239120e-01 8.200000e-04 3.752680e-01
475 6.237640e-01 8.400000e-04 3.753960e-01
476 6.236240e-01 8.160000e-04 3.755600e-01
477 6.234640e-01 8.000000e-04 3.757360e-01
478 6.233200e-01 8.120000e-04 3.758680e-01
479 6.231760e-01 8.280000e-04 3.759960e-01
480 6.230320e-01 8.600000e-04 3.761080e-01
481 6.228760e-01 8.800000e-04 3.762440e-01
482 6.227360e-01 8.680000e-04 3.763960e-01
483 6.226200e-01 8.680000e-04 3.765120e-01
484 6.224800e-01 8.680000e-04 3.766520e-01
485 6.223640e-01 8.600000e-04 3.767760e-01
486 6.222520e-01 8.080000e-04 3.769400e-01
487 6.221640e-01 7.440000e-04 3.770920e-01
488 6.220440e-01 7.520000e-04 3.772040e-01
489 6.219320e-01 7.600000e-04 3.773080e-01
490 6.217640e-01 8.240000e-04 3.774120e-01
491 6.215960e-01 8.320000e-04 3.775720e-01
492 6.214840e-01 8.120000e-04 3.777040e-01
493 6.212960e-01 8.320000e-04 3.778720e-01
494 6.211680e-01 8.040000e-04 3.780280e-01
495 6.210760e-01 7.400000e-04 3.781840e-01
496 6.209120e-01 7.760000e-04 3.783120e-01
497 6.207400e-01 8.320000e-04 3.784280e-01
498 6.205360e-01 8.880000e-04 3.785760e-01
499 6.203080e-01 9.560000e-04 3.787360e-01
500 6.201320e-01 9.800000e-04 3.788880e-01
