1 9.992240e-01 6.880000e-04 8.800000e-05
2 9.986440e-01 1.072000e-03 2.840000e-04
3 9.980880e-01 1.440000e-03 4.720000e-04
4 9.973480e-01 1.860000e-03 7.920000e-04
5 9.966160e-01 2.200000e-03 1.184000e-03
6 9.958560e-01 2.560000e-03 1.584000e-03
7 9.950560e-01 2.840000e-03 2.104000e-03
8 9.940400e-01 3.328000e-03 2.632000e-03
9 9.931880e-01 3.540000e-03 3.272000e-03
10 9.922000e-01 3.952000e-03 3.848000e-03
11 9.912120e-01 4.272000e-03 4.516000e-03
12 9.902400e-01 4.596000e-03 5.164000e-03
13 9.890440e-01 4.940000e-03 6.016000e-03
14 9.878080e-01 5.340000e-03 6.852000e-03
15 9.867520e-01 5.464000e-03 7.784000e-03
16 9.856760e-01 5.556000e-03 8.768000e-03
17 9.845440e-01 5.668000e-03 9.788000e-03
18 9.833040e-01 6.060000e-03 1.063600e-02
19 9.821480e-01 6.268000e-03 1.158400e-02
20 9.809120e-01 6.392000e-03 1.269600e-02
21 9.796720e-01 6.512000e-03 1.381600e-02
22 9.783000e-01 6.740000e-03 1.496000e-02
23 9.769760e-01 6.796000e-03 1.622800e-02
24 9.756200e-01 6.952000e-03 1.742800e-02
25 9.741720e-01 7.240000e-03 1.858800e-02
26 9.729080e-01 7.252000e-03 1.984000e-02
27 9.715520e-01 7.328000e-03 2.112000e-02
28 9.701520e-01 7.468000e-03 2.238000e-02
29 9.686960e-01 7.536000e-03 2.376800e-02
30 9.673440e-01 7.608000e-03 2.504800e-02
31 9.660000e-01 7.540000e-03 2.646000e-02
32 9.644360e-01 7.800000e-03 2.776400e-02
33 9.628640e-01 7.980000e-03 2.915600e-02
34 9.613760e-01 7.952000e-03 3.067200e-02
35 9.599760e-01 7.968000e-03 3.205600e-02
36 9.585600e-01 8.088000e-03 3.335200e-02
37 9.569240e-01 8.308000e-03 3.476800e-02
38 9.554520e-01 8.416000e-03 3.613200e-02
39 9.539480e-01 8.412000e-03 3.764000e-02
40 9.525280e-01 8.328000e-03 3.914400e-02
41 9.510720e-01 8.320000e-03 4.060800e-02
42 9.494400e-01 8.568000e-03 4.199200e-02
43 9.480320e-01 8.532000e-03 4.343600e-02
44 9.465480e-01 8.488000e-03 4.496400e-02
45 9.449720e-01 8.584000e-03 4.644400e-02
46 9.435240e-01 8.476000e-03 4.800000e-02
47 9.420920e-01 8.444000e-03 4.946400e-02
48 9.405800e-01 8.492000e-03 5.092800e-02
49 9.390720e-01 8.464000e-03 5.246400e-02
50 9.375040e-01 8.612000e-03 5.388400e-02
51 9.358280e-01 8.652000e-03 5.552000e-02
52 9.342720e-01 8.600000e-03 5.712800e-02
53 9.328080e-01 8.672000e-03 5.852000e-02
54 9.313480e-01 8.508000e-03 6.014400e-02
55 9.297400e-01 8.428000e-03 6.183200e-02
56 9.282880e-01 8.432000e-03 6.328000e-02
57 9.266680e-01 8.460000e-03 6.487200e-02
58 9.250880e-01 8.440000e-03 6.647200e-02
59 9.233480e-01 8.800000e-03 6.785200e-02
60 9.217440e-01 8.748000e-03 6.950800e-02
61 9.200240e-01 8.960000e-03 7.101600e-02
62 9.182920e-01 8.892000e-03 7.281600e-02
63 9.166240e-01 9.068000e-03 7.430800e-02
64 9.149080e-01 9.252000e-03 7.584000e-02
65 9.130640e-01 9.544000e-03 7.739200e-02
66 9.113320e-01 9.644000e-03 7.902400e-02
67 9.095160e-01 9.776000e-03 8.070800e-02
68 9.078600e-01 9.728000e-03 8.241200e-02
69 9.061760e-01 9.700000e-03 8.412400e-02
70 9.044760e-01 9.656000e-03 8.586800e-02
71 9.027240e-01 9.788000e-03 8.748800e-02
72 9.010640e-01 9.756000e-03 8.918000e-02
73 8.993640e-01 9.628000e-03 9.100800e-02
74 8.975680e-01 9.696000e-03 9.273600e-02
75 8.958840e-01 9.768000e-03 9.434800e-02
76 8.940720e-01 9.832000e-03 9.609600e-02
77 8.922920e-01 9.932000e-03 9.777600e-02
78 8.905040e-01 1.003200e-02 9.946400e-02
79 8.886680e-01 1.010800e-02 1.012240e-01
80 8.868960e-01 1.013200e-02 1.029720e-01
81 8.850480e-01 1.020000e-02 1.047520e-01
82 8.833000e-01 1.023600e-02 1.064640e-01
83 8.816160e-01 1.015200e-02 1.082320e-01
84 8.799520e-01 1.005200e-02 1.099960e-01
85 8.784360e-01 9.728000e-03 1.118360e-01
86 8.768280e-01 9.660000e-03 1.135120e-01
87 8.749920e-01 9.784000e-03 1.152240e-01
88 8.731480e-01 9.948000e-03 1.169040e-01
89 8.714760e-01 9.824000e-03 1.187000e-01
90 8.698720e-01 9.780000e-03 1.203480e-01
91 8.682840e-01 9.484000e-03 1.222320e-01
92 8.668440e-01 9.252000e-03 1.239040e-01
93 8.654200e-01 9.068000e-03 1.255120e-01
94 8.639160e-01 8.872000e-03 1.272120e-01
95 8.623880e-01 8.824000e-03 1.287880e-01
96 8.608200e-01 8.764000e-03 1.304160e-01
97 8.593160e-01 8.736000e-03 1.319480e-01
98 8.577560e-01 8.864000e-03 1.333800e-01
99 8.561800e-01 8.940000e-03 1.348800e-01
100 8.544200e-01 9.136000e-03 1.364440e-01
101 8.528800e-01 8.976000e-03 1.381440e-01
102 8.512960e-01 9.040000e-03 1.396640e-01
103 8.497120e-01 8.968000e-03 1.413200e-01
104 8.481680e-01 8.948000e-03 1.428840e-01
105 8.467280e-01 8.920000e-03 1.443520e-01
106 8.450880e-01 8.952000e-03 1.459600e-01
107 8.434080e-01 9.180000e-03 1.474120e-01
108 8.418200e-01 9.232000e-03 1.489480e-01
109 8.403440e-01 9.064000e-03 1.505920e-01
110 8.386880e-01 9.128000e-03 1.521840e-01
111 8.370120e-01 9.228000e-03 1.537600e-01
112 8.353920e-01 9.340000e-03 1.552680e-01
113 8.338360e-01 9.244000e-03 1.569200e-01
114 8.322040e-01 9.144000e-03 1.586520e-01
115 8.306880e-01 9.256000e-03 1.600560e-01
116 8.292520e-01 9.088000e-03 1.616600e-01
117 8.277320e-01 9.076000e-03 1.631920e-01
118 8.263920e-01 8.812000e-03 1.647960e-01
119 8.249840e-01 8.740000e-03 1.662760e-01
120 8.235520e-01 8.648000e-03 1.678000e-01
121 8.220560e-01 8.676000e-03 1.692680e-01
122 8.208160e-01 8.384000e-03 1.708000e-01
123 8.196200e-01 8.120000e-03 1.722600e-01
124 8.184040e-01 7.892000e-03 1.737040e-01
125 8.171800e-01 7.848000e-03 1.749720e-01
126 8.158760e-01 7.860000e-03 1.762640e-01
127 8.146520e-01 7.752000e-03 1.775960e-01
128 8.133000e-01 7.732000e-03 1.789680e-01
129 8.121400e-01 7.568000e-03 1.802920e-01
130 8.109080e-01 7.432000e-03 1.816600e-01
131 8.095880e-01 7.464000e-03 1.829480e-01
132 8.086160e-01 7.104000e-03 1.842800e-01
133 8.074800e-01 7.012000e-03 1.855080e-01
134 8.065080e-01 6.796000e-03 1.866960e-01
135 8.053320e-01 6.692000e-03 1.879760e-01
136 8.041840e-01 6.720000e-03 1.890960e-01
137 8.030400e-01 6.684000e-03 1.902760e-01
138 8.019480e-01 6.572000e-03 1.914800e-01
139 8.008560e-01 6.548000e-03 1.925960e-01
140 7.996480e-01 6.632000e-03 1.937200e-01
141 7.985240e-01 6.544000e-03 1.949320e-01
142 7.975880e-01 6.336000e-03 1.960760e-01
143 7.964280e-01 6.320000e-03 1.972520e-01
144 7.952800e-01 6.436000e-03 1.982840e-01
145 7.941320e-01 6.428000e-03 1.994400e-01
146 7.930160e-01 6.468000e-03 2.005160e-01
147 7.919600e-01 6.420000e-03 2.016200e-01
148 7.909080e-01 6.340000e-03 2.027520e-01
149 7.897520e-01 6.368000e-03 2.038800e-01
150 7.887160e-01 6.240000e-03 2.050440e-01
151 7.877440e-01 6.144000e-03 2.061120e-01
152 7.867680e-01 6.064000e-03 2.071680e-01
153 7.858800e-01 5.868000e-03 2.082520e-01
154 7.848720e-01 5.936000e-03 2.091920e-01
155 7.838080e-01 5.904000e-03 2.102880e-01
156 7.828040e-01 5.960000e-03 2.112360e-01
157 7.817880e-01 5.936000e-03 2.122760e-01
158 7.807800e-01 5.896000e-03 2.133240e-01
159 7.799000e-01 5.656000e-03 2.144440e-01
160 7.789520e-01 5.524000e-03 2.155240e-01
161 7.780680e-01 5.472000e-03 2.164600e-01
162 7.771360e-01 5.464000e-03 2.174000e-01
163 7.763600e-01 5.312000e-03 2.183280e-01
164 7.754640e-01 5.232000e-03 2.193040e-01
165 7.746920e-01 5.144000e-03 2.201640e-01
166 7.739000e-01 5.112000e-03 2.209880e-01
167 7.730000e-01 5.124000e-03 2.218760e-01
168 7.722080e-01 4.960000e-03 2.228320e-01
169 7.714560e-01 4.740000e-03 2.238040e-01
170 7.706560e-01 4.756000e-03 2.245880e-01
171 7.699440e-01 4.656000e-03 2.254000e-01
172 7.691280e-01 4.624000e-03 2.262480e-01
173 7.684240e-01 4.608000e-03 2.269680e-01
174 7.676360e-01 4.556000e-03 2.278080e-01
175 7.669880e-01 4.440000e-03 2.285720e-01
176 7.661880e-01 4.364000e-03 2.294480e-01
177 7.652920e-01 4.532000e-03 2.301760e-01
178 7.644080e-01 4.572000e-03 2.310200e-01
179 7.636200e-01 4.624000e-03 2.317560e-01
180 7.628080e-01 4.652000e-03 2.325400e-01
181 7.619840e-01 4.660000e-03 2.333560e-01
182 7.611520e-01 4.640000e-03 2.342080e-01
183 7.604200e-01 4.544000e-03 2.350360e-01
184 7.594880e-01 4.612000e-03 2.359000e-01
185 7.586560e-01 4.688000e-03 2.366560e-01
186 7.578040e-01 4.828000e-03 2.373680e-01
187 7.570040e-01 4.772000e-03 2.382240e-01
188 7.562360e-01 4.752000e-03 2.390120e-01
189 7.555480e-01 4.612000e-03 2.398400e-01
190 7.547560e-01 4.540000e-03 2.407040e-01
191 7.540680e-01 4.472000e-03 2.414600e-01
192 7.533080e-01 4.528000e-03 2.421640e-01
193 7.525080e-01 4.516000e-03 2.429760e-01
194 7.517880e-01 4.524000e-03 2.436880e-01
195 7.509360e-01 4.520000e-03 2.445440e-01
196 7.500600e-01 4.672000e-03 2.452680e-01
197 7.492480e-01 4.696000e-03 2.460560e-01
198 7.484680e-01 4.640000e-03 2.468920e-01
199 7.475880e-01 4.652000e-03 2.477600e-01
200 7.467880e-01 4.684000e-03 2.485280e-01
201 7.460440e-01 4.712000e-03 2.492440e-01
202 7.452680e-01 4.680000e-03 2.500520e-01
203 7.444880e-01 4.680000e-03 2.508320e-01
204 7.436600e-01 4.752000e-03 2.515880e-01
205 7.429120e-01 4.584000e-03 2.525040e-01
206 7.422000e-01 4.508000e-03 2.532920e-01
207 7.414360e-01 4.536000e-03 2.540280e-01
208 7.406040e-01 4.668000e-03 2.547280e-01
209 7.398880e-01 4.620000e-03 2.554920e-01
210 7.392800e-01 4.432000e-03 2.562880e-01
211 7.386080e-01 4.340000e-03 2.570520e-01
212 7.379840e-01 4.256000e-03 2.577600e-01
213 7.372520e-01 4.252000e-03 2.584960e-01
214 7.366520e-01 4.068000e-03 2.592800e-01
215 7.360480e-01 3.976000e-03 2.599760e-01
216 7.354120e-01 3.932000e-03 2.606560e-01
217 7.348080e-01 3.808000e-03 2.613840e-01
218 7.342440e-01 3.680000e-03 2.620760e-01
219 7.336360e-01 3.660000e-03 2.627040e-01
220 7.331240e-01 3.560000e-03 2.633160e-01
221 7.325800e-01 3.456000e-03 2.639640e-01
222 7.319760e-01 3.500000e-03 2.645240e-01
223 7.314360e-01 3.488000e-03 2.650760e-01
224 7.309600e-01 3.396000e-03 2.656440e-01
225 7.303320e-01 3.372000e-03 2.662960e-01
226 7.298160e-01 3.304000e-03 2.668800e-01
227 7.292200e-01 3.304000e-03 2.674760e-01
228 7.286560e-01 3.172000e-03 2.681720e-01
229 7.281000e-01 3.148000e-03 2.687520e-01
230 7.274840e-01 3.224000e-03 2.692920e-01
231 7.270360e-01 3.128000e-03 2.698360e-01
232 7.265200e-01 3.140000e-03 2.703400e-01
233 7.260640e-01 3.060000e-03 2.708760e-01
234 7.255760e-01 2.992000e-03 2.714320e-01
235 7.250680e-01 2.948000e-03 2.719840e-01
236 7.245360e-01 2.996000e-03 2.724680e-01
237 7.240360e-01 2.952000e-03 2.730120e-01
238 7.234640e-01 3.032000e-03 2.735040e-01
239 7.229600e-01 2.968000e-03 2.740720e-01
240 7.223680e-01 2.980000e-03 2.746520e-01
241 7.219000e-01 2.856000e-03 2.752440e-01
242 7.214320e-01 2.776000e-03 2.757920e-01
243 7.208280e-01 2.920000e-03 2.762520e-01
244 7.203280e-01 2.876000e-03 2.767960e-01
245 7.197960e-01 2.864000e-03 2.773400e-01
246 7.191360e-01 3.020000e-03 2.778440e-01
247 7.185920e-01 3.064000e-03 2.783440e-01
248 7.180520e-01 3.072000e-03 2.788760e-01
249 7.175160e-01 3.032000e-03 2.794520e-01
250 7.170600e-01 3.040000e-03 2.799000e-01
251 7.165840e-01 3.036000e-03 2.803800e-01
252 7.161520e-01 2.964000e-03 2.808840e-01
253 7.157760e-01 2.768000e-03 2.814560e-01
254 7.153240e-01 2.744000e-03 2.819320e-01
255 7.149160e-01 2.636000e-03 2.824480e-01
256 7.144840e-01 2.628000e-03 2.828880e-01
257 7.140080e-01 2.616000e-03 2.833760e-01
258 7.135160e-01 2.640000e-03 2.838440e-01
259 7.130440e-01 2.604000e-03 2.843520e-01
260 7.126000e-01 2.632000e-03 2.847680e-01
261 7.121800e-01 2.604000e-03 2.852160e-01
262 7.117000e-01 2.672000e-03 2.856280e-01
263 7.112400e-01 2.676000e-03 2.860840e-01
264 7.107280e-01 2.684000e-03 2.865880e-01
265 7.103360e-01 2.608000e-03 2.870560e-01
266 7.099640e-01 2.512000e-03 2.875240e-01
267 7.095160e-01 2.596000e-03 2.878880e-01
268 7.089760e-01 2.680000e-03 2.883440e-01
269 7.085720e-01 2.552000e-03 2.888760e-01
270 7.082360e-01 2.468000e-03 2.892960e-01
271 7.077760e-01 2.500000e-03 2.897240e-01
272 7.073360e-01 2.548000e-03 2.901160e-01
273 7.068880e-01 2.564000e-03 2.905480e-01
274 7.065200e-01 2.396000e-03 2.910840e-01
275 7.061400e-01 2.372000e-03 2.914880e-01
276 7.056760e-01 2.376000e-03 2.919480e-01
277 7.052400e-01 2.348000e-03 2.924120e-01
278 7.048800e-01 2.356000e-03 2.927640e-01
279 7.045600e-01 2.224000e-03 2.932160e-01
280 7.042680e-01 2.124000e-03 2.936080e-01
281 7.039800e-01 2.072000e-03 2.939480e-01
282 7.036120e-01 2.084000e-03 2.943040e-01
283 7.032680e-01 2.044000e-03 2.946880e-01
284 7.029720e-01 1.916000e-03 2.951120e-01
285 7.027080e-01 1.892000e-03 2.954000e-01
286 7.023760e-01 1.920000e-03 2.957040e-01
287 7.020600e-01 1.896000e-03 2.960440e-01
288 7.017760e-01 1.824000e-03 2.964000e-01
289 7.014560e-01 1.808000e-03 2.967360e-01
290 7.011720e-01 1.784000e-03 2.970440e-01
291 7.008800e-01 1.804000e-03 2.973160e-01
292 7.006200e-01 1.760000e-03 2.976200e-01
293 7.003160e-01 1.756000e-03 2.979280e-01
294 7.001080e-01 1.664000e-03 2.982280e-01
295 6.998720e-01 1.652000e-03 2.984760e-01
296 6.995960e-01 1.628000e-03 2.987760e-01
297 6.993840e-01 1.588000e-03 2.990280e-01
298 6.992160e-01 1.512000e-03 2.992720e-01
299 6.990160e-01 1.484000e-03 2.995000e-01
300 6.988400e-01 1.376000e-03 2.997840e-01
301 6.986560e-01 1.324000e-03 3.000200e-01
302 6.985320e-01 1.176000e-03 3.002920e-01
303 6.983240e-01 1.152000e-03 3.005240e-01
304 6.981240e-01 1.164000e-03 3.007120e-01
305 6.979000e-01 1.256000e-03 3.008440e-01
306 6.976520e-01 1.288000e-03 3.010600e-01
307 6.974000e-01 1.316000e-03 3.012840e-01
308 6.972280e-01 1.256000e-03 3.015160e-01
309 6.969760e-01 1.312000e-03 3.017120e-01
310 6.967440e-01 1.312000e-03 3.019440e-01
311 6.964880e-01 1.360000e-03 3.021520e-01
312 6.963240e-01 1.312000e-03 3.023640e-01
313 6.961360e-01 1.292000e-03 3.025720e-01
314 6.959320e-01 1.240000e-03 3.028280e-01
315 6.956720e-01 1.260000e-03 3.030680e-01
316 6.954200e-01 1.272000e-03 3.033080e-01
317 6.952080e-01 1.292000e-03 3.035000e-01
318 6.949360e-01 1.296000e-03 3.037680e-01
319 6.947000e-01 1.324000e-03 3.039760e-01
320 6.944640e-01 1.300000e-03 3.042360e-01
321 6.941840e-01 1.336000e-03 3.044800e-01
322 6.939640e-01 1.296000e-03 3.047400e-01
323 6.936560e-01 1.352000e-03 3.049920e-01
324 6.934680e-01 1.288000e-03 3.052440e-01
325 6.932280e-01 1.316000e-03 3.054560e-01
326 6.929920e-01 1.324000e-03 3.056840e-01
327 6.927400e-01 1.332000e-03 3.059280e-01
328 6.925920e-01 1.300000e-03 3.061080e-01
329 6.924160e-01 1.244000e-03 3.063400e-01
330 6.922400e-01 1.216000e-03 3.065440e-01
331 6.920720e-01 1.156000e-03 3.067720e-01
332 6.918320e-01 1.172000e-03 3.069960e-01
333 6.916400e-01 1.192000e-03 3.071680e-01
334 6.914320e-01 1.228000e-03 3.073400e-01
335 6.911920e-01 1.220000e-03 3.075880e-01
336 6.908840e-01 1.320000e-03 3.077960e-01
337 6.906520e-01 1.324000e-03 3.080240e-01
338 6.903840e-01 1.356000e-03 3.082600e-01
339 6.901640e-01 1.352000e-03 3.084840e-01
340 6.899280e-01 1.396000e-03 3.086760e-01
341 6.897400e-01 1.304000e-03 3.089560e-01
342 6.895640e-01 1.188000e-03 3.092480e-01
343 6.894200e-01 1.124000e-03 3.094560e-01
344 6.892240e-01 1.108000e-03 3.096680e-01
345 6.889960e-01 1.156000e-03 3.098480e-01
346 6.888280e-01 1.132000e-03 3.100400e-01
347 6.886280e-01 1.144000e-03 3.102280e-01
348 6.884240e-01 1.172000e-03 3.104040e-01
349 6.882480e-01 1.188000e-03 3.105640e-01
350 6.879880e-01 1.192000e-03 3.108200e-01
351 6.877720e-01 1.252000e-03 3.109760e-01
352 6.875240e-01 1.288000e-03 3.111880e-01
353 6.872760e-01 1.292000e-03 3.114320e-01
354 6.870880e-01 1.264000e-03 3.116480e-01
355 6.869160e-01 1.204000e-03 3.118800e-01
356 6.867240e-01 1.180000e-03 3.120960e-01
357 6.865160e-01 1.188000e-03 3.122960e-01
358 6.862440e-01 1.232000e-03 3.125240e-01
359 6.859880e-01 1.248000e-03 3.127640e-01
360 6.856520e-01 1.340000e-03 3.130080e-01
361 6.853880e-01 1.312000e-03 3.133000e-01
362 6.851800e-01 1.304000e-03 3.135160e-01
363 6.849400e-01 1.348000e-03 3.137120e-01
364 6.847400e-01 1.268000e-03 3.139920e-01
365 6.844680e-01 1.320000e-03 3.142120e-01
366 6.842360e-01 1.340000e-03 3.144240e-01
367 6.840160e-01 1.324000e-03 3.146600e-01
368 6.838080e-01 1.288000e-03 3.149040e-01
369 6.835680e-01 1.348000e-03 3.150840e-01
370 6.833960e-01 1.300000e-03 3.153040e-01
371 6.832320e-01 1.204000e-03 3.155640e-01
372 6.830400e-01 1.156000e-03 3.158040e-01
373 6.828880e-01 1.104000e-03 3.160080e-01
374 6.826680e-01 1.136000e-03 3.161960e-01
375 6.824960e-01 1.120000e-03 3.163840e-01
376 6.823520e-01 1.068000e-03 3.165800e-01
377 6.821720e-01 1.068000e-03 3.167600e-01
378 6.819880e-01 1.056000e-03 3.169560e-01
379 6.818240e-01 1.028000e-03 3.171480e-01
380 6.817240e-01 9.840000e-04 3.172920e-01
381 6.815440e-01 1.024000e-03 3.174320e-01
382 6.813680e-01 1.012000e-03 3.176200e-01
383 6.811960e-01 9.960000e-04 3.178080e-01
384 6.810560e-01 9.480000e-04 3.179960e-01
385 6.808400e-01 1.024000e-03 3.181360e-01
386 6.806440e-01 1.028000e-03 3.183280e-01
387 6.804080e-01 1.116000e-03 3.184760e-01
388 6.801880e-01 1.148000e-03 3.186640e-01
389 6.799480e-01 1.180000e-03 3.188720e-01
390 6.797600e-01 1.180000e-03 3.190600e-01
391 6.795560e-01 1.148000e-03 3.192960e-01
392 6.793640e-01 1.196000e-03 3.194400e-01
393 6.791440e-01 1.192000e-03 3.196640e-01
394 6.789600e-01 1.176000e-03 3.198640e-01
395 6.787360e-01 1.216000e-03 3.200480e-01
396 6.785920e-01 1.172000e-03 3.202360e-01
397 6.783920e-01 1.116000e-03 3.204920e-01
398 6.782160e-01 1.072000e-03 3.207120e-01
399 6.780520e-01 1.024000e-03 3.209240e-01
400 6.779160e-01 9.560000e-04 3.211280e-01
401 6.777600e-01 9.800000e-04 3.212600e-01
402 6.775960e-01 9.840000e-04 3.214200e-01
403 6.773800e-01 1.020000e-03 3.216000e-01
404 6.772240e-01 9.560000e-04 3.218200e-01
405 6.770400e-01 9.680000e-04 3.219920e-01
406 6.769080e-01 9.040000e-04 3.221880e-01
407 6.767800e-01 8.720000e-04 3.223480e-01
408 6.766240e-01 8.760000e-04 3.225000e-01
409 6.765240e-01 8.240000e-04 3.226520e-01
410 6.764160e-01 7.880000e-04 3.227960e-01
411 6.762640e-01 8.160000e-04 3.229200e-01
412 6.761440e-01 7.600000e-04 3.230960e-01
413 6.760000e-01 7.800000e-04 3.232200e-01
414 6.758840e-01 7.880000e-04 3.233280e-01
415 6.757440e-01 7.480000e-04 3.235080e-01
416 6.756360e-01 7.240000e-04 3.236400e-01
417 6.755160e-01 7.360000e-04 3.237480e-01
418 6.754160e-01 6.800000e-04 3.239040e-01
419 6.753200e-01 6.600000e-04 3.240200e-01
420 6.752040e-01 6.920000e-04 3.241040e-01
421 6.750680e-01 7.000000e-04 3.242320e-01
422 6.749120e-01 7.600000e-04 3.243280e-01
423 6.747560e-01 8.000000e-04 3.244440e-01
424 6.746280e-01 8.040000e-04 3.245680e-01
425 6.745120e-01 7.600000e-04 3.247280e-01
426 6.744080e-01 7.160000e-04 3.248760e-01
427 6.742920e-01 6.880000e-04 3.250200e-01
428 6.741480e-01 7.200000e-04 3.251320e-01
429 6.740160e-01 7.360000e-04 3.252480e-01
430 6.738640e-01 8.000000e-04 3.253360e-01
431 6.736520e-01 8.480000e-04 3.255000e-01
432 6.735120e-01 8.400000e-04 3.256480e-01
433 6.733720e-01 8.240000e-04 3.258040e-01
434 6.732120e-01 8.440000e-04 3.259440e-01
435 6.730280e-01 8.800000e-04 3.260920e-01
436 6.728480e-01 9.240000e-04 3.262280e-01
437 6.727200e-01 8.560000e-04 3.264240e-01
438 6.725720e-01 8.760000e-04 3.265520e-01
439 6.723840e-01 8.960000e-04 3.267200e-01
440 6.722720e-01 8.520000e-04 3.268760e-01
441 6.721560e-01 8.440000e-04 3.270000e-01
442 6.720160e-01 8.760000e-04 3.271080e-01
443 6.718440e-01 9.080000e-04 3.272480e-01
444 6.716800e-01 9.160000e-04 3.274040e-01
445 6.715000e-01 9.360000e-04 3.275640e-01
446 6.713520e-01 9.280000e-04 3.277200e-01
447 6.711360e-01 9.960000e-04 3.278680e-01
448 6.709360e-01 1.048000e-03 3.280160e-01
449 6.707120e-01 1.056000e-03 3.282320e-01
450 6.704960e-01 1.080000e-03 3.284240e-01
451 6.702760e-01 1.080000e-03 3.286440e-01
452 6.700120e-01 1.140000e-03 3.288480e-01
453 6.698440e-01 1.100000e-03 3.290560e-01
454 6.696520e-01 1.124000e-03 3.292240e-01
455 6.695000e-01 1.040000e-03 3.294600e-01
456 6.693200e-01 1.040000e-03 3.296400e-01
457 6.691200e-01 1.080000e-03 3.298000e-01
458 6.689240e-01 1.120000e-03 3.299560e-01
459 6.687480e-01 1.128000e-03 3.301240e-01
460 6.686360e-01 1.044000e-03 3.303200e-01
461 6.684720e-01 1.020000e-03 3.305080e-01
462 6.683040e-01 9.840000e-04 3.307120e-01
463 6.681640e-01 9.440000e-04 3.308920e-01
464 6.679640e-01 9.960000e-04 3.310400e-01
465 6.677920e-01 9.480000e-04 3.312600e-01
466 6.676840e-01 9.160000e-04 3.314000e-01
467 6.675800e-01 8.800000e-04 3.315400e-01
468 6.673560e-01 9.120000e-04 3.317320e-01
469 6.671920e-01 9.440000e-04 3.318640e-01
470 6.669520e-01 9.760000e-04 3.320720e-01
471 6.668120e-01 9.440000e-04 3.322440e-01
472 6.666560e-01 8.640000e-04 3.324800e-01
473 6.664800e-01 8.520000e-04 3.326680e-01
474 6.663320e-01 8.640000e-04 3.328040e-01
475 6.662480e-01 7.880000e-04 3.329640e-01
476 6.661440e-01 7.640000e-04 3.330920e-01
477 6.660400e-01 7.280000e-04 3.332320e-01
478 6.659160e-01 7.200000e-04 3.333640e-01
479 6.657640e-01 7.280000e-04 3.335080e-01
480 6.656120e-01 7.320000e-04 3.336560e-01
481 6.654880e-01 7.200000e-04 3.337920e-01
482 6.653280e-01 7.360000e-04 3.339360e-01
483 6.652080e-01 7.560000e-04 3.340360e-01
484 6.650760e-01 7.880000e-04 3.341360e-01
485 6.649040e-01 8.080000e-04 3.342880e-01
486 6.648120e-01 7.520000e-04 3.344360e-01
487 6.646920e-01 7.680000e-04 3.345400e-01
488 6.645720e-01 7.840000e-04 3.346440e-01
489 6.644840e-01 7.400000e-04 3.347760e-01
490 6.643160e-01 7.400000e-04 3.349440e-01
491 6.642080e-01 7.120000e-04 3.350800e-01
492 6.641000e-01 7.120000e-04 3.351880e-01
493 6.640000e-01 6.960000e-04 3.353040e-01
494 6.639320e-01 6.440000e-04 3.354240e-01
495 6.638360e-01 5.960000e-04 3.355680e-01
496 6.637440e-01 5.400000e-04 3.357160e-01
497 6.636840e-01 5.240000e-04 3.357920e-01
498 6.635920e-01 5.160000e-04 3.358920e-01
499 6.635040e-01 5.360000e-04 3.359600e-01
500 6.633360e-01 5.920000e-04 3.360720e-01
