1 9.992240e-01 6.760000e-04 1.000000e-04
2 9.987120e-01 1.032000e-03 2.560000e-04
3 9.981040e-01 1.404000e-03 4.920000e-04
4 9.973120e-01 1.904000e-03 7.840000e-04
5 9.965720e-01 2.256000e-03 1.172000e-03
6 9.958080e-01 2.656000e-03 1.536000e-03
7 9.951160e-01 2.884000e-03 2.000000e-03
8 9.942200e-01 3.208000e-03 2.572000e-03
9 9.933080e-01 3.576000e-03 3.116000e-03
10 9.924960e-01 3.748000e-03 3.756000e-03
11 9.915760e-01 4.004000e-03 4.420000e-03
12 9.906800e-01 4.240000e-03 5.080000e-03
13 9.896960e-01 4.536000e-03 5.768000e-03
14 9.887280e-01 4.692000e-03 6.580000e-03
15 9.876880e-01 4.860000e-03 7.452000e-03
16 9.865800e-01 5.160000e-03 8.260000e-03
17 9.852960e-01 5.472000e-03 9.232000e-03
18 9.839920e-01 5.644000e-03 1.036400e-02
19 9.828760e-01 5.788000e-03 1.133600e-02
20 9.816120e-01 6.072000e-03 1.231600e-02
21 9.804400e-01 6.300000e-03 1.326000e-02
22 9.792240e-01 6.496000e-03 1.428000e-02
23 9.778240e-01 6.812000e-03 1.536400e-02
24 9.765960e-01 6.752000e-03 1.665200e-02
25 9.753840e-01 6.756000e-03 1.786000e-02
26 9.742280e-01 6.696000e-03 1.907600e-02
27 9.730360e-01 6.728000e-03 2.023600e-02
28 9.718120e-01 6.624000e-03 2.156400e-02
29 9.705880e-01 6.680000e-03 2.273200e-02
30 9.692280e-01 7.004000e-03 2.376800e-02
31 9.680480e-01 6.948000e-03 2.500400e-02
32 9.667680e-01 7.148000e-03 2.608400e-02
33 9.654000e-01 7.264000e-03 2.733600e-02
34 9.640800e-01 7.312000e-03 2.860800e-02
35 9.627720e-01 7.212000e-03 3.001600e-02
36 9.613840e-01 7.304000e-03 3.131200e-02
37 9.600480e-01 7.504000e-03 3.244800e-02
38 9.586520e-01 7.564000e-03 3.378400e-02
39 9.572800e-01 7.716000e-03 3.500400e-02
40 9.556760e-01 8.028000e-03 3.629600e-02
41 9.542280e-01 7.948000e-03 3.782400e-02
42 9.527320e-01 8.028000e-03 3.924000e-02
43 9.512240e-01 8.248000e-03 4.052800e-02
44 9.497480e-01 8.288000e-03 4.196400e-02
45 9.481040e-01 8.512000e-03 4.338400e-02
46 9.466440e-01 8.520000e-03 4.483600e-02
47 9.451360e-01 8.544000e-03 4.632000e-02
48 9.436760e-01 8.468000e-03 4.785600e-02
49 9.421960e-01 8.472000e-03 4.933200e-02
50 9.406400e-01 8.496000e-03 5.086400e-02
51 9.390960e-01 8.580000e-03 5.232400e-02
52 9.375880e-01 8.588000e-03 5.382400e-02
53 9.361560e-01 8.452000e-03 5.539200e-02
54 9.346120e-01 8.540000e-03 5.684800e-02
55 9.332200e-01 8.408000e-03 5.837200e-02
56 9.317600e-01 8.344000e-03 5.989600e-02
57 9.303840e-01 8.180000e-03 6.143600e-02
58 9.289760e-01 8.092000e-03 6.293200e-02
59 9.275760e-01 8.076000e-03 6.434800e-02
60 9.261360e-01 8.120000e-03 6.574400e-02
61 9.247120e-01 7.996000e-03 6.729200e-02
62 9.232160e-01 7.968000e-03 6.881600e-02
63 9.218200e-01 8.080000e-03 7.010000e-02
64 9.203640e-01 8.060000e-03 7.157600e-02
65 9.189600e-01 8.020000e-03 7.302000e-02
66 9.175080e-01 8.188000e-03 7.430400e-02
67 9.159400e-01 8.308000e-03 7.575200e-02
68 9.145680e-01 8.148000e-03 7.728400e-02
69 9.131160e-01 8.088000e-03 7.879600e-02
70 9.115280e-01 8.372000e-03 8.010000e-02
71 9.100760e-01 8.336000e-03 8.158800e-02
72 9.086160e-01 8.340000e-03 8.304400e-02
73 9.071000e-01 8.412000e-03 8.448800e-02
74 9.056440e-01 8.368000e-03 8.598800e-02
75 9.041840e-01 8.228000e-03 8.758800e-02
76 9.025880e-01 8.484000e-03 8.892800e-02
77 9.008240e-01 8.652000e-03 9.052400e-02
78 8.992720e-01 8.748000e-03 9.198000e-02
79 8.977960e-01 8.636000e-03 9.356800e-02
80 8.962720e-01 8.576000e-03 9.515200e-02
81 8.947480e-01 8.672000e-03 9.658000e-02
82 8.929920e-01 8.820000e-03 9.818800e-02
83 8.916280e-01 8.732000e-03 9.964000e-02
84 8.899200e-01 8.832000e-03 1.012480e-01
85 8.880760e-01 9.144000e-03 1.027800e-01
86 8.863520e-01 9.160000e-03 1.044880e-01
87 8.848880e-01 9.044000e-03 1.060680e-01
88 8.833440e-01 9.032000e-03 1.076240e-01
89 8.818960e-01 8.888000e-03 1.092160e-01
90 8.803840e-01 8.876000e-03 1.107400e-01
91 8.789240e-01 8.836000e-03 1.122400e-01
92 8.773640e-01 8.912000e-03 1.137240e-01
93 8.756880e-01 8.996000e-03 1.153160e-01
94 8.740360e-01 9.016000e-03 1.169480e-01
95 8.725960e-01 8.868000e-03 1.185360e-01
96 8.709920e-01 8.856000e-03 1.201520e-01
97 8.693840e-01 8.876000e-03 1.217400e-01
98 8.679880e-01 8.692000e-03 1.233200e-01
99 8.664640e-01 8.652000e-03 1.248840e-01
100 8.649960e-01 8.636000e-03 1.263680e-01
101 8.635440e-01 8.428000e-03 1.280280e-01
102 8.619880e-01 8.380000e-03 1.296320e-01
103 8.602640e-01 8.664000e-03 1.310720e-01
104 8.586520e-01 8.640000e-03 1.327080e-01
105 8.571480e-01 8.616000e-03 1.342360e-01
106 8.554080e-01 8.988000e-03 1.356040e-01
107 8.539400e-01 8.972000e-03 1.370880e-01
108 8.524320e-01 8.940000e-03 1.386280e-01
109 8.509080e-01 8.864000e-03 1.402280e-01
110 8.494680e-01 8.676000e-03 1.418560e-01
111 8.479200e-01 8.796000e-03 1.432840e-01
112 8.463120e-01 8.852000e-03 1.448360e-01
113 8.448960e-01 8.708000e-03 1.463960e-01
114 8.434160e-01 8.572000e-03 1.480120e-01
115 8.419960e-01 8.436000e-03 1.495680e-01
116 8.406560e-01 8.240000e-03 1.511040e-01
117 8.393440e-01 8.140000e-03 1.525160e-01
118 8.379320e-01 8.072000e-03 1.539960e-01
119 8.367560e-01 7.984000e-03 1.552600e-01
120 8.355880e-01 7.688000e-03 1.567240e-01
121 8.344400e-01 7.492000e-03 1.580680e-01
122 8.332520e-01 7.272000e-03 1.594760e-01
123 8.319480e-01 7.352000e-03 1.607000e-01
124 8.307400e-01 7.392000e-03 1.618680e-01
125 8.295240e-01 7.368000e-03 1.631080e-01
126 8.283800e-01 7.308000e-03 1.643120e-01
127 8.272480e-01 7.244000e-03 1.655080e-01
128 8.259400e-01 7.184000e-03 1.668760e-01
129 8.247080e-01 7.192000e-03 1.681000e-01
130 8.234880e-01 7.076000e-03 1.694360e-01
131 8.224040e-01 6.968000e-03 1.706280e-01
132 8.212480e-01 6.868000e-03 1.718840e-01
133 8.203200e-01 6.676000e-03 1.730040e-01
134 8.192440e-01 6.664000e-03 1.740920e-01
135 8.181400e-01 6.592000e-03 1.752680e-01
136 8.170760e-01 6.508000e-03 1.764160e-01
137 8.159480e-01 6.540000e-03 1.775120e-01
138 8.148240e-01 6.556000e-03 1.786200e-01
139 8.136720e-01 6.452000e-03 1.798760e-01
140 8.126400e-01 6.472000e-03 1.808880e-01
141 8.114960e-01 6.568000e-03 1.819360e-01
142 8.104360e-01 6.580000e-03 1.829840e-01
143 8.093280e-01 6.520000e-03 1.841520e-01
144 8.082520e-01 6.516000e-03 1.852320e-01
145 8.072480e-01 6.420000e-03 1.863320e-01
146 8.063240e-01 6.240000e-03 1.874360e-01
147 8.052840e-01 6.288000e-03 1.884280e-01
148 8.041840e-01 6.284000e-03 1.895320e-01
149 8.030520e-01 6.396000e-03 1.905520e-01
150 8.020680e-01 6.432000e-03 1.915000e-01
151 8.009960e-01 6.300000e-03 1.927040e-01
152 7.999920e-01 6.196000e-03 1.938120e-01
153 7.988000e-01 6.244000e-03 1.949560e-01
154 7.977600e-01 6.232000e-03 1.960080e-01
155 7.967200e-01 6.156000e-03 1.971240e-01
156 7.956600e-01 6.144000e-03 1.981960e-01
157 7.946200e-01 6.116000e-03 1.992640e-01
158 7.936800e-01 6.004000e-03 2.003160e-01
159 7.926760e-01 5.988000e-03 2.013360e-01
160 7.916920e-01 5.912000e-03 2.023960e-01
161 7.907360e-01 5.892000e-03 2.033720e-01
162 7.896720e-01 5.792000e-03 2.045360e-01
163 7.888000e-01 5.640000e-03 2.055600e-01
164 7.878720e-01 5.588000e-03 2.065400e-01
165 7.869400e-01 5.484000e-03 2.075760e-01
166 7.859400e-01 5.572000e-03 2.084880e-01
167 7.850240e-01 5.432000e-03 2.095440e-01
168 7.841000e-01 5.520000e-03 2.103800e-01
169 7.831200e-01 5.576000e-03 2.113040e-01
170 7.821800e-01 5.560000e-03 2.122600e-01
171 7.811920e-01 5.572000e-03 2.132360e-01
172 7.801920e-01 5.576000e-03 2.142320e-01
173 7.792240e-01 5.576000e-03 2.152000e-01
174 7.781720e-01 5.616000e-03 2.162120e-01
175 7.772200e-01 5.516000e-03 2.172640e-01
176 7.764040e-01 5.456000e-03 2.181400e-01
177 7.755480e-01 5.300000e-03 2.191520e-01
178 7.746720e-01 5.200000e-03 2.201280e-01
179 7.736920e-01 5.336000e-03 2.209720e-01
180 7.727760e-01 5.356000e-03 2.218680e-01
181 7.718640e-01 5.328000e-03 2.228080e-01
182 7.709000e-01 5.388000e-03 2.237120e-01
183 7.700760e-01 5.252000e-03 2.246720e-01
184 7.692840e-01 5.112000e-03 2.256040e-01
185 7.684840e-01 5.088000e-03 2.264280e-01
186 7.677440e-01 4.916000e-03 2.273400e-01
187 7.670720e-01 4.792000e-03 2.281360e-01
188 7.662240e-01 4.836000e-03 2.289400e-01
189 7.654840e-01 4.680000e-03 2.298360e-01
190 7.647400e-01 4.584000e-03 2.306760e-01
191 7.639240e-01 4.592000e-03 2.314840e-01
192 7.630800e-01 4.576000e-03 2.323440e-01
193 7.623000e-01 4.612000e-03 2.330880e-01
194 7.614360e-01 4.668000e-03 2.338960e-01
195 7.607040e-01 4.588000e-03 2.347080e-01
196 7.599960e-01 4.464000e-03 2.355400e-01
197 7.594120e-01 4.288000e-03 2.363000e-01
198 7.587440e-01 4.220000e-03 2.370360e-01
199 7.580160e-01 4.220000e-03 2.377640e-01
200 7.574200e-01 4.044000e-03 2.385360e-01
201 7.567960e-01 3.956000e-03 2.392480e-01
202 7.561400e-01 3.920000e-03 2.399400e-01
203 7.554240e-01 3.940000e-03 2.406360e-01
204 7.547240e-01 3.980000e-03 2.412960e-01
205 7.540320e-01 4.092000e-03 2.418760e-01
206 7.532920e-01 4.084000e-03 2.426240e-01
207 7.525720e-01 4.140000e-03 2.432880e-01
208 7.518440e-01 4.152000e-03 2.440040e-01
209 7.511320e-01 4.120000e-03 2.447480e-01
210 7.504640e-01 4.036000e-03 2.455000e-01
211 7.497960e-01 3.952000e-03 2.462520e-01
212 7.491160e-01 4.024000e-03 2.468600e-01
213 7.483240e-01 4.140000e-03 2.475360e-01
214 7.474880e-01 4.292000e-03 2.482200e-01
215 7.466520e-01 4.312000e-03 2.490360e-01
216 7.459240e-01 4.284000e-03 2.497920e-01
217 7.451160e-01 4.364000e-03 2.505200e-01
218 7.442760e-01 4.452000e-03 2.512720e-01
219 7.434600e-01 4.504000e-03 2.520360e-01
220 7.426200e-01 4.500000e-03 2.528800e-01
221 7.418240e-01 4.492000e-03 2.536840e-01
222 7.411880e-01 4.388000e-03 2.544240e-01
223 7.405000e-01 4.304000e-03 2.551960e-01
224 7.396600e-01 4.352000e-03 2.559880e-01
225 7.389640e-01 4.300000e-03 2.567360e-01
226 7.383720e-01 4.168000e-03 2.574600e-01
227 7.377520e-01 3.960000e-03 2.582880e-01
228 7.371560e-01 3.888000e-03 2.589560e-01
229 7.365520e-01 3.848000e-03 2.596000e-01
230 7.359040e-01 3.860000e-03 2.602360e-01
231 7.353880e-01 3.744000e-03 2.608680e-01
232 7.348360e-01 3.596000e-03 2.615680e-01
233 7.342640e-01 3.500000e-03 2.622360e-01
234 7.337760e-01 3.388000e-03 2.628360e-01
235 7.332280e-01 3.380000e-03 2.633920e-01
236 7.326240e-01 3.400000e-03 2.639760e-01
237 7.319800e-01 3.440000e-03 2.645800e-01
238 7.313720e-01 3.536000e-03 2.650920e-01
239 7.309080e-01 3.348000e-03 2.657440e-01
240 7.303560e-01 3.280000e-03 2.663640e-01
241 7.297480e-01 3.280000e-03 2.669720e-01
242 7.291560e-01 3.296000e-03 2.675480e-01
243 7.287120e-01 3.180000e-03 2.681080e-01
244 7.281880e-01 3.256000e-03 2.685560e-01
245 7.277600e-01 3.092000e-03 2.691480e-01
246 7.272560e-01 3.068000e-03 2.696760e-01
247 7.267720e-01 3.072000e-03 2.701560e-01
248 7.261960e-01 3.080000e-03 2.707240e-01
249 7.256560e-01 3.084000e-03 2.712600e-01
250 7.252480e-01 2.944000e-03 2.718080e-01
251 7.248080e-01 2.800000e-03 2.723920e-01
252 7.243920e-01 2.800000e-03 2.728080e-01
253 7.239560e-01 2.728000e-03 2.733160e-01
254 7.235360e-01 2.648000e-03 2.738160e-01
255 7.231160e-01 2.552000e-03 2.743320e-01
256 7.226960e-01 2.532000e-03 2.747720e-01
257 7.222080e-01 2.640000e-03 2.751520e-01
258 7.215840e-01 2.832000e-03 2.755840e-01
259 7.209200e-01 3.024000e-03 2.760560e-01
260 7.203680e-01 3.080000e-03 2.765520e-01
261 7.198120e-01 3.116000e-03 2.770720e-01
262 7.193080e-01 3.012000e-03 2.776800e-01
263 7.187520e-01 3.048000e-03 2.782000e-01
264 7.182280e-01 3.036000e-03 2.787360e-01
265 7.177360e-01 2.992000e-03 2.792720e-01
266 7.171960e-01 3.020000e-03 2.797840e-01
267 7.166200e-01 3.028000e-03 2.803520e-01
268 7.160920e-01 3.016000e-03 2.808920e-01
269 7.155400e-01 2.968000e-03 2.814920e-01
270 7.150760e-01 2.932000e-03 2.819920e-01
271 7.145880e-01 2.864000e-03 2.825480e-01
272 7.140960e-01 2.848000e-03 2.830560e-01
273 7.135920e-01 2.880000e-03 2.835280e-01
274 7.131200e-01 2.828000e-03 2.840520e-01
275 7.126480e-01 2.788000e-03 2.845640e-01
276 7.121280e-01 2.840000e-03 2.850320e-01
277 7.117280e-01 2.752000e-03 2.855200e-01
278 7.113360e-01 2.656000e-03 2.860080e-01
279 7.108680e-01 2.668000e-03 2.864640e-01
280 7.103880e-01 2.760000e-03 2.868520e-01
281 7.098600e-01 2.800000e-03 2.873400e-01
282 7.094440e-01 2.800000e-03 2.877560e-01
283 7.090200e-01 2.776000e-03 2.882040e-01
284 7.084960e-01 2.780000e-03 2.887240e-01
285 7.080000e-01 2.768000e-03 2.892320e-01
286 7.074560e-01 2.920000e-03 2.896240e-01
287 7.069760e-01 2.940000e-03 2.900840e-01
288 7.064680e-01 2.968000e-03 2.905640e-01
289 7.060160e-01 2.948000e-03 2.910360e-01
290 7.055680e-01 2.928000e-03 2.915040e-01
291 7.050560e-01 2.904000e-03 2.920400e-01
292 7.044960e-01 3.020000e-03 2.924840e-01
293 7.040440e-01 2.980000e-03 2.929760e-01
294 7.035960e-01 2.896000e-03 2.935080e-01
295 7.032160e-01 2.776000e-03 2.940080e-01
296 7.027880e-01 2.752000e-03 2.944600e-01
297 7.023960e-01 2.664000e-03 2.949400e-01
298 7.020480e-01 2.548000e-03 2.954040e-01
299 7.016080e-01 2.484000e-03 2.959080e-01
300 7.012400e-01 2.440000e-03 2.963200e-01
301 7.007960e-01 2.432000e-03 2.967720e-01
302 7.003520e-01 2.496000e-03 2.971520e-01
303 6.999440e-01 2.448000e-03 2.976080e-01
304 6.994560e-01 2.544000e-03 2.980000e-01
305 6.990240e-01 2.556000e-03 2.984200e-01
306 6.986200e-01 2.560000e-03 2.988200e-01
307 6.982800e-01 2.456000e-03 2.992640e-01
308 6.978960e-01 2.440000e-03 2.996640e-01
309 6.974520e-01 2.508000e-03 3.000400e-01
310 6.970680e-01 2.480000e-03 3.004520e-01
311 6.966640e-01 2.512000e-03 3.008240e-01
312 6.962760e-01 2.444000e-03 3.012800e-01
313 6.959280e-01 2.440000e-03 3.016320e-01
314 6.955920e-01 2.344000e-03 3.020640e-01
315 6.951760e-01 2.360000e-03 3.024640e-01
316 6.948720e-01 2.280000e-03 3.028480e-01
317 6.945200e-01 2.216000e-03 3.032640e-01
318 6.941840e-01 2.156000e-03 3.036600e-01
319 6.938560e-01 2.124000e-03 3.040200e-01
320 6.935680e-01 2.004000e-03 3.044280e-01
321 6.932760e-01 1.944000e-03 3.047800e-01
322 6.929960e-01 1.928000e-03 3.050760e-01
323 6.927320e-01 1.860000e-03 3.054080e-01
324 6.925000e-01 1.744000e-03 3.057560e-01
325 6.922040e-01 1.692000e-03 3.061040e-01
326 6.919360e-01 1.660000e-03 3.064040e-01
327 6.916760e-01 1.612000e-03 3.067120e-01
328 6.913040e-01 1.700000e-03 3.069960e-01
329 6.910040e-01 1.736000e-03 3.072600e-01
330 6.907760e-01 1.676000e-03 3.075480e-01
331 6.905160e-01 1.640000e-03 3.078440e-01
332 6.903480e-01 1.460000e-03 3.081920e-01
333 6.900960e-01 1.436000e-03 3.084680e-01
334 6.898160e-01 1.492000e-03 3.086920e-01
335 6.895760e-01 1.500000e-03 3.089240e-01
336 6.892920e-01 1.460000e-03 3.092480e-01
337 6.890920e-01 1.400000e-03 3.095080e-01
338 6.888120e-01 1.468000e-03 3.097200e-01
339 6.884840e-01 1.512000e-03 3.100040e-01
340 6.882280e-01 1.504000e-03 3.102680e-01
341 6.879800e-01 1.476000e-03 3.105440e-01
342 6.876960e-01 1.488000e-03 3.108160e-01
343 6.873160e-01 1.604000e-03 3.110800e-01
344 6.869640e-01 1.632000e-03 3.114040e-01
345 6.866120e-01 1.708000e-03 3.116800e-01
346 6.862160e-01 1.776000e-03 3.120080e-01
347 6.858720e-01 1.832000e-03 3.122960e-01
348 6.854840e-01 1.932000e-03 3.125840e-01
349 6.850920e-01 1.944000e-03 3.129640e-01
350 6.848320e-01 1.892000e-03 3.132760e-01
351 6.845560e-01 1.872000e-03 3.135720e-01
352 6.842680e-01 1.824000e-03 3.139080e-01
353 6.839760e-01 1.808000e-03 3.142160e-01
354 6.836680e-01 1.788000e-03 3.145440e-01
355 6.834280e-01 1.728000e-03 3.148440e-01
356 6.831960e-01 1.684000e-03 3.151200e-01
357 6.830600e-01 1.488000e-03 3.154520e-01
358 6.828160e-01 1.456000e-03 3.157280e-01
359 6.826560e-01 1.300000e-03 3.160440e-01
360 6.824440e-01 1.284000e-03 3.162720e-01
361 6.822160e-01 1.308000e-03 3.164760e-01
362 6.821040e-01 1.200000e-03 3.166960e-01
363 6.819400e-01 1.172000e-03 3.168880e-01
364 6.817360e-01 1.184000e-03 3.170800e-01
365 6.815520e-01 1.156000e-03 3.172920e-01
366 6.813840e-01 1.124000e-03 3.174920e-01
367 6.811640e-01 1.148000e-03 3.176880e-01
368 6.809840e-01 1.156000e-03 3.178600e-01
369 6.808040e-01 1.132000e-03 3.180640e-01
370 6.806160e-01 1.108000e-03 3.182760e-01
371 6.804480e-01 1.104000e-03 3.184480e-01
372 6.802480e-01 1.156000e-03 3.185960e-01
373 6.800520e-01 1.148000e-03 3.188000e-01
374 6.798440e-01 1.204000e-03 3.189520e-01
375 6.796680e-01 1.120000e-03 3.192120e-01
376 6.795160e-01 1.068000e-03 3.194160e-01
377 6.793600e-01 1.040000e-03 3.196000e-01
378 6.791480e-01 1.064000e-03 3.197880e-01
379 6.789800e-01 1.032000e-03 3.199880e-01
380 6.788680e-01 9.480000e-04 3.201840e-01
381 6.787240e-01 9.200000e-04 3.203560e-01
382 6.785120e-01 9.920000e-04 3.204960e-01
383 6.783120e-01 1.048000e-03 3.206400e-01
384 6.781400e-01 1.060000e-03 3.208000e-01
385 6.779800e-01 1.052000e-03 3.209680e-01
386 6.778680e-01 9.480000e-04 3.211840e-01
387 6.777600e-01 8.920000e-04 3.213480e-01
388 6.776240e-01 8.640000e-04 3.215120e-01
389 6.774560e-01 8.800000e-04 3.216640e-01
390 6.773120e-01 8.840000e-04 3.218040e-01
391 6.771400e-01 8.960000e-04 3.219640e-01
392 6.769560e-01 9.360000e-04 3.221080e-01
393 6.768560e-01 8.880000e-04 3.222560e-01
394 6.767080e-01 8.680000e-04 3.224240e-01
395 6.765040e-01 9.080000e-04 3.225880e-01
396 6.763680e-01 9.040000e-04 3.227280e-01
397 6.761880e-01 9.600000e-04 3.228520e-01
398 6.760040e-01 9.560000e-04 3.230400e-01
399 6.758360e-01 9.200000e-04 3.232440e-01
400 6.757440e-01 8.600000e-04 3.233960e-01
401 6.756400e-01 8.280000e-04 3.235320e-01
402 6.755680e-01 7.800000e-04 3.236520e-01
403 6.754400e-01 7.600000e-04 3.238000e-01
404 6.753280e-01 7.160000e-04 3.239560e-01
405 6.752160e-01 7.080000e-04 3.240760e-01
406 6.751080e-01 6.840000e-04 3.242080e-01
407 6.750000e-01 6.560000e-04 3.243440e-01
408 6.748920e-01 6.560000e-04 3.244520e-01
409 6.747400e-01 6.720000e-04 3.245880e-01
410 6.746760e-01 6.080000e-04 3.247160e-01
411 6.745480e-01 6.080000e-04 3.248440e-01
412 6.744720e-01 6.040000e-04 3.249240e-01
413 6.743960e-01 5.680000e-04 3.250360e-01
414 6.743520e-01 5.080000e-04 3.251400e-01
415 6.742840e-01 4.960000e-04 3.252200e-01
416 6.742320e-01 4.600000e-04 3.253080e-01
417 6.741880e-01 4.120000e-04 3.254000e-01
418 6.741080e-01 4.200000e-04 3.254720e-01
419 6.740520e-01 3.960000e-04 3.255520e-01
420 6.740160e-01 3.600000e-04 3.256240e-01
421 6.739920e-01 3.160000e-04 3.256920e-01
422 6.739440e-01 3.160000e-04 3.257400e-01
423 6.738800e-01 3.200000e-04 3.258000e-01
424 6.738080e-01 3.320000e-04 3.258600e-01
425 6.737600e-01 3.160000e-04 3.259240e-01
426 6.737120e-01 3.160000e-04 3.259720e-01
427 6.736120e-01 3.720000e-04 3.260160e-01
428 6.735320e-01 3.800000e-04 3.260880e-01
429 6.734680e-01 3.840000e-04 3.261480e-01
430 6.734000e-01 4.040000e-04 3.261960e-01
431 6.733000e-01 4.400000e-04 3.262600e-01
432 6.732480e-01 3.960000e-04 3.263560e-01
433 6.731880e-01 3.520000e-04 3.264600e-01
434 6.731440e-01 3.400000e-04 3.265160e-01
435 6.731120e-01 3.320000e-04 3.265560e-01
436 6.730440e-01 3.400000e-04 3.266160e-01
437 6.729760e-01 3.520000e-04 3.266720e-01
438 6.729000e-01 3.680000e-04 3.267320e-01
439 6.728400e-01 3.760000e-04 3.267840e-01
440 6.727640e-01 4.080000e-04 3.268280e-01
441 6.727040e-01 4.200000e-04 3.268760e-01
442 6.726440e-01 4.120000e-04 3.269440e-01
443 6.725760e-01 3.680000e-04 3.270560e-01
444 6.725440e-01 3.400000e-04 3.271160e-01
445 6.724800e-01 3.480000e-04 3.271720e-01
446 6.724080e-01 3.600000e-04 3.272320e-01
447 6.723400e-01 3.640000e-04 3.272960e-01
448 6.722640e-01 3.800000e-04 3.273560e-01
449 6.721880e-01 3.720000e-04 3.274400e-01
450 6.721320e-01 3.680000e-04 3.275000e-01
451 6.720680e-01 3.440000e-04 3.275880e-01
452 6.720360e-01 2.920000e-04 3.276720e-01
453 6.719840e-01 3.040000e-04 3.277120e-01
454 6.719480e-01 3.000000e-04 3.277520e-01
455 6.718680e-01 3.400000e-04 3.277920e-01
456 6.718200e-01 3.200000e-04 3.278600e-01
457 6.717440e-01 3.440000e-04 3.279120e-01
458 6.716960e-01 3.360000e-04 3.279680e-01
459 6.716280e-01 3.480000e-04 3.280240e-01
460 6.715600e-01 3.680000e-04 3.280720e-01
461 6.714720e-01 3.800000e-04 3.281480e-01
462 6.713920e-01 4.040000e-04 3.282040e-01
463 6.713200e-01 4.200000e-04 3.282600e-01
464 6.712800e-01 4.000000e-04 3.283200e-01
465 6.711960e-01 4.240000e-04 3.283800e-01
466 6.711200e-01 3.880000e-04 3.284920e-01
467 6.710560e-01 3.880000e-04 3.285560e-01
468 6.710320e-01 3.720000e-04 3.285960e-01
469 6.709720e-01 3.560000e-04 3.286720e-01
470 6.708960e-01 3.680000e-04 3.287360e-01
471 6.708400e-01 3.840000e-04 3.287760e-01
472 6.707840e-01 3.720000e-04 3.288440e-01
473 6.707400e-01 3.360000e-04 3.289240e-01
474 6.706760e-01 3.200000e-04 3.290040e-01
475 6.706400e-01 2.960000e-04 3.290640e-01
476 6.705960e-01 3.080000e-04 3.290960e-01
477 6.705440e-01 3.200000e-04 3.291360e-01
478 6.704880e-01 3.240000e-04 3.291880e-01
479 6.704440e-01 3.200000e-04 3.292360e-01
480 6.704000e-01 2.960000e-04 3.293040e-01
481 6.703760e-01 2.680000e-04 3.293560e-01
482 6.703320e-01 2.600000e-04 3.294080e-01
483 6.703080e-01 2.480000e-04 3.294440e-01
484 6.702640e-01 2.240000e-04 3.295120e-01
485 6.702200e-01 2.360000e-04 3.295440e-01
486 6.701880e-01 2.440000e-04 3.295680e-01
487 6.701560e-01 2.200000e-04 3.296240e-01
488 6.701200e-01 2.360000e-04 3.296440e-01
489 6.700680e-01 2.640000e-04 3.296680e-01
490 6.700440e-01 2.760000e-04 3.296800e-01
491 6.700240e-01 2.560000e-04 3.297200e-01
492 6.699680e-01 2.840000e-04 3.297480e-01
493 6.699040e-01 2.760000e-04 3.298200e-01
494 6.698640e-01 2.800000e-04 3.298560e-01
495 6.698080e-01 2.960000e-04 3.298960e-01
496 6.697720e-01 2.960000e-04 3.299320e-01
497 6.697120e-01 3.080000e-04 3.299800e-01
498 6.696640e-01 3.080000e-04 3.300280e-01
499 6.696200e-01 3.120000e-04 3.300680e-01
500 6.695960e-01 2.880000e-04 3.301160e-01
