1 9.990320e-01 8.720000e-04 9.600000e-05
2 9.984720e-01 1.236000e-03 2.920000e-04
3 9.978320e-01 1.556000e-03 6.120000e-04
4 9.971760e-01 1.964000e-03 8.600000e-04
5 9.964800e-01 2.296000e-03 1.224000e-03
6 9.957040e-01 2.644000e-03 1.652000e-03
7 9.947480e-01 3.144000e-03 2.108000e-03
8 9.936880e-01 3.668000e-03 2.644000e-03
9 9.928520e-01 3.836000e-03 3.312000e-03
10 9.917880e-01 4.172000e-03 4.040000e-03
11 9.908080e-01 4.348000e-03 4.844000e-03
12 9.896880e-01 4.692000e-03 5.620000e-03
13 9.886320e-01 4.948000e-03 6.420000e-03
14 9.875480e-01 5.200000e-03 7.252000e-03
15 9.865280e-01 5.312000e-03 8.160000e-03
16 9.853160e-01 5.532000e-03 9.152000e-03
17 9.842000e-01 5.760000e-03 1.004000e-02
18 9.830040e-01 5.944000e-03 1.105200e-02
19 9.817240e-01 6.196000e-03 1.208000e-02
20 9.805120e-01 6.368000e-03 1.312000e-02
21 9.791680e-01 6.512000e-03 1.432000e-02
22 9.779120e-01 6.640000e-03 1.544800e-02
23 9.767240e-01 6.608000e-03 1.666800e-02
24 9.755200e-01 6.620000e-03 1.786000e-02
25 9.741080e-01 6.896000e-03 1.899600e-02
26 9.728480e-01 6.924000e-03 2.022800e-02
27 9.715480e-01 6.896000e-03 2.155600e-02
28 9.701800e-01 7.132000e-03 2.268800e-02
29 9.685440e-01 7.416000e-03 2.404000e-02
30 9.669080e-01 7.712000e-03 2.538000e-02
31 9.652280e-01 8.004000e-03 2.676800e-02
32 9.636080e-01 8.192000e-03 2.820000e-02
33 9.620520e-01 8.204000e-03 2.974400e-02
34 9.605640e-01 8.320000e-03 3.111600e-02
35 9.591280e-01 8.304000e-03 3.256800e-02
36 9.577120e-01 8.248000e-03 3.404000e-02
37 9.562360e-01 8.196000e-03 3.556800e-02
38 9.544960e-01 8.472000e-03 3.703200e-02
39 9.527160e-01 8.648000e-03 3.863600e-02
40 9.510160e-01 8.872000e-03 4.011200e-02
41 9.494280e-01 8.956000e-03 4.161600e-02
42 9.477600e-01 9.080000e-03 4.316000e-02
43 9.459560e-01 9.256000e-03 4.478800e-02
44 9.443520e-01 9.296000e-03 4.635200e-02
45 9.426080e-01 9.464000e-03 4.792800e-02
46 9.409080e-01 9.608000e-03 4.948400e-02
47 9.392960e-01 9.652000e-03 5.105200e-02
48 9.377000e-01 9.600000e-03 5.270000e-02
49 9.361520e-01 9.540000e-03 5.430800e-02
50 9.344200e-01 9.548000e-03 5.603200e-02
51 9.327600e-01 9.476000e-03 5.776400e-02
52 9.309480e-01 9.696000e-03 5.935600e-02
53 9.292560e-01 9.768000e-03 6.097600e-02
54 9.274040e-01 9.892000e-03 6.270400e-02
55 9.256760e-01 9.940000e-03 6.438400e-02
56 9.239040e-01 9.832000e-03 6.626400e-02
57 9.218560e-01 1.009600e-02 6.804800e-02
58 9.200360e-01 1.010800e-02 6.985600e-02
59 9.181880e-01 1.036000e-02 7.145200e-02
60 9.162040e-01 1.050000e-02 7.329600e-02
61 9.143440e-01 1.063200e-02 7.502400e-02
62 9.123800e-01 1.068800e-02 7.693200e-02
63 9.105800e-01 1.070000e-02 7.872000e-02
64 9.087000e-01 1.065600e-02 8.064400e-02
65 9.069360e-01 1.056000e-02 8.250400e-02
66 9.051880e-01 1.053600e-02 8.427600e-02
67 9.033360e-01 1.046400e-02 8.620000e-02
68 9.015440e-01 1.032800e-02 8.812800e-02
69 8.996760e-01 1.034800e-02 8.997600e-02
70 8.976400e-01 1.052800e-02 9.183200e-02
71 8.957840e-01 1.050000e-02 9.371600e-02
72 8.939680e-01 1.045200e-02 9.558000e-02
73 8.920320e-01 1.058000e-02 9.738800e-02
74 8.902120e-01 1.060800e-02 9.918000e-02
75 8.885680e-01 1.038000e-02 1.010520e-01
76 8.869600e-01 1.024400e-02 1.027960e-01
77 8.851400e-01 1.029200e-02 1.045680e-01
78 8.834080e-01 1.021200e-02 1.063800e-01
79 8.815800e-01 1.030400e-02 1.081160e-01
80 8.797440e-01 1.021600e-02 1.100400e-01
81 8.779880e-01 1.022400e-02 1.117880e-01
82 8.762280e-01 1.017200e-02 1.136000e-01
83 8.745320e-01 9.920000e-03 1.155480e-01
84 8.729280e-01 9.728000e-03 1.173440e-01
85 8.712000e-01 9.868000e-03 1.189320e-01
86 8.694680e-01 9.924000e-03 1.206080e-01
87 8.677480e-01 9.904000e-03 1.223480e-01
88 8.660720e-01 9.968000e-03 1.239600e-01
89 8.642400e-01 1.000400e-02 1.257560e-01
90 8.627960e-01 9.636000e-03 1.275680e-01
91 8.611000e-01 9.724000e-03 1.291760e-01
92 8.593600e-01 9.644000e-03 1.309960e-01
93 8.577000e-01 9.488000e-03 1.328120e-01
94 8.558720e-01 9.652000e-03 1.344760e-01
95 8.539440e-01 9.888000e-03 1.361680e-01
96 8.521040e-01 9.964000e-03 1.379320e-01
97 8.504920e-01 9.660000e-03 1.398480e-01
98 8.489160e-01 9.532000e-03 1.415520e-01
99 8.472480e-01 9.492000e-03 1.432600e-01
100 8.455160e-01 9.620000e-03 1.448640e-01
101 8.437240e-01 9.816000e-03 1.464600e-01
102 8.418920e-01 9.852000e-03 1.482560e-01
103 8.399520e-01 1.004800e-02 1.500000e-01
104 8.380760e-01 1.018400e-02 1.517400e-01
105 8.359360e-01 1.048400e-02 1.535800e-01
106 8.337680e-01 1.086000e-02 1.553720e-01
107 8.318960e-01 1.084800e-02 1.572560e-01
108 8.300800e-01 1.074800e-02 1.591720e-01
109 8.281160e-01 1.088400e-02 1.610000e-01
110 8.260760e-01 1.102000e-02 1.629040e-01
111 8.241280e-01 1.101200e-02 1.648600e-01
112 8.223000e-01 1.088400e-02 1.668160e-01
113 8.204120e-01 1.098800e-02 1.686000e-01
114 8.186160e-01 1.092400e-02 1.704600e-01
115 8.168240e-01 1.084400e-02 1.723320e-01
116 8.150320e-01 1.082000e-02 1.741480e-01
117 8.133000e-01 1.056400e-02 1.761360e-01
118 8.116760e-01 1.036000e-02 1.779640e-01
119 8.099600e-01 1.033600e-02 1.797040e-01
120 8.083320e-01 1.016000e-02 1.815080e-01
121 8.066520e-01 1.007200e-02 1.832760e-01
122 8.052120e-01 9.800000e-03 1.849880e-01
123 8.037200e-01 9.620000e-03 1.866600e-01
124 8.022160e-01 9.388000e-03 1.883960e-01
125 8.008240e-01 9.164000e-03 1.900120e-01
126 7.992640e-01 9.296000e-03 1.914400e-01
127 7.976880e-01 9.240000e-03 1.930720e-01
128 7.964520e-01 8.972000e-03 1.945760e-01
129 7.949880e-01 8.868000e-03 1.961440e-01
130 7.936240e-01 8.664000e-03 1.977120e-01
131 7.920480e-01 8.760000e-03 1.991920e-01
132 7.906920e-01 8.484000e-03 2.008240e-01
133 7.893360e-01 8.328000e-03 2.023360e-01
134 7.879440e-01 8.380000e-03 2.036760e-01
135 7.865080e-01 8.428000e-03 2.050640e-01
136 7.850240e-01 8.420000e-03 2.065560e-01
137 7.837280e-01 8.356000e-03 2.079160e-01
138 7.824920e-01 8.360000e-03 2.091480e-01
139 7.810800e-01 8.416000e-03 2.105040e-01
140 7.797520e-01 8.404000e-03 2.118440e-01
141 7.784560e-01 8.236000e-03 2.133080e-01
142 7.770240e-01 8.260000e-03 2.147160e-01
143 7.756240e-01 8.180000e-03 2.161960e-01
144 7.741600e-01 8.164000e-03 2.176760e-01
145 7.727520e-01 8.144000e-03 2.191040e-01
146 7.714160e-01 7.952000e-03 2.206320e-01
147 7.700880e-01 7.788000e-03 2.221240e-01
148 7.687120e-01 7.808000e-03 2.234800e-01
149 7.673640e-01 7.768000e-03 2.248680e-01
150 7.659720e-01 7.724000e-03 2.263040e-01
151 7.646040e-01 7.712000e-03 2.276840e-01
152 7.632880e-01 7.712000e-03 2.290000e-01
153 7.620360e-01 7.496000e-03 2.304680e-01
154 7.607480e-01 7.408000e-03 2.318440e-01
155 7.593400e-01 7.572000e-03 2.330880e-01
156 7.580240e-01 7.644000e-03 2.343320e-01
157 7.566560e-01 7.692000e-03 2.356520e-01
158 7.552200e-01 7.640000e-03 2.371400e-01
159 7.539960e-01 7.552000e-03 2.384520e-01
160 7.527440e-01 7.444000e-03 2.398120e-01
161 7.515360e-01 7.144000e-03 2.413200e-01
162 7.503280e-01 7.056000e-03 2.426160e-01
163 7.492800e-01 6.872000e-03 2.438480e-01
164 7.481640e-01 6.912000e-03 2.449240e-01
165 7.471240e-01 6.808000e-03 2.460680e-01
166 7.460880e-01 6.700000e-03 2.472120e-01
167 7.450200e-01 6.600000e-03 2.483800e-01
168 7.439880e-01 6.516000e-03 2.494960e-01
169 7.429800e-01 6.308000e-03 2.507120e-01
170 7.419960e-01 6.116000e-03 2.518880e-01
171 7.409440e-01 6.060000e-03 2.529960e-01
172 7.398960e-01 6.100000e-03 2.540040e-01
173 7.388800e-01 5.968000e-03 2.551520e-01
174 7.379000e-01 5.896000e-03 2.562040e-01
175 7.369480e-01 5.788000e-03 2.572640e-01
176 7.359400e-01 5.816000e-03 2.582440e-01
177 7.348880e-01 5.904000e-03 2.592080e-01
178 7.339320e-01 5.828000e-03 2.602400e-01
179 7.329040e-01 5.764000e-03 2.613320e-01
180 7.319000e-01 5.780000e-03 2.623200e-01
181 7.308080e-01 5.864000e-03 2.633280e-01
182 7.298400e-01 5.644000e-03 2.645160e-01
183 7.289120e-01 5.576000e-03 2.655120e-01
184 7.279320e-01 5.520000e-03 2.665480e-01
185 7.268560e-01 5.608000e-03 2.675360e-01
186 7.258840e-01 5.560000e-03 2.685560e-01
187 7.249280e-01 5.556000e-03 2.695160e-01
188 7.238840e-01 5.700000e-03 2.704160e-01
189 7.228640e-01 5.668000e-03 2.714680e-01
190 7.218480e-01 5.764000e-03 2.723880e-01
191 7.207800e-01 5.864000e-03 2.733560e-01
192 7.196840e-01 6.060000e-03 2.742560e-01
193 7.185640e-01 6.176000e-03 2.752600e-01
194 7.173680e-01 6.324000e-03 2.763080e-01
195 7.162120e-01 6.372000e-03 2.774160e-01
196 7.150520e-01 6.336000e-03 2.786120e-01
197 7.139280e-01 6.396000e-03 2.796760e-01
198 7.129680e-01 6.216000e-03 2.808160e-01
199 7.119560e-01 6.220000e-03 2.818240e-01
200 7.109120e-01 6.144000e-03 2.829440e-01
201 7.099160e-01 6.088000e-03 2.839960e-01
202 7.087960e-01 6.028000e-03 2.851760e-01
203 7.078120e-01 5.816000e-03 2.863720e-01
204 7.065840e-01 6.000000e-03 2.874160e-01
205 7.053600e-01 6.272000e-03 2.883680e-01
206 7.043400e-01 6.172000e-03 2.894880e-01
207 7.032640e-01 6.116000e-03 2.906200e-01
208 7.023040e-01 6.008000e-03 2.916880e-01
209 7.013320e-01 5.996000e-03 2.926720e-01
210 7.003760e-01 5.968000e-03 2.936560e-01
211 6.995200e-01 5.832000e-03 2.946480e-01
212 6.986200e-01 5.692000e-03 2.956880e-01
213 6.977440e-01 5.580000e-03 2.966760e-01
214 6.969160e-01 5.460000e-03 2.976240e-01
215 6.959400e-01 5.584000e-03 2.984760e-01
216 6.950120e-01 5.600000e-03 2.993880e-01
217 6.940640e-01 5.564000e-03 3.003720e-01
218 6.931160e-01 5.544000e-03 3.013400e-01
219 6.921920e-01 5.484000e-03 3.023240e-01
220 6.914160e-01 5.352000e-03 3.032320e-01
221 6.904840e-01 5.332000e-03 3.041840e-01
222 6.894960e-01 5.528000e-03 3.049760e-01
223 6.885360e-01 5.552000e-03 3.059120e-01
224 6.876600e-01 5.492000e-03 3.068480e-01
225 6.866840e-01 5.444000e-03 3.078720e-01
226 6.856560e-01 5.560000e-03 3.087840e-01
227 6.847000e-01 5.552000e-03 3.097480e-01
228 6.837560e-01 5.496000e-03 3.107480e-01
229 6.828840e-01 5.512000e-03 3.116040e-01
230 6.819720e-01 5.452000e-03 3.125760e-01
231 6.811600e-01 5.308000e-03 3.135320e-01
232 6.803080e-01 5.352000e-03 3.143400e-01
233 6.793080e-01 5.452000e-03 3.152400e-01
234 6.784040e-01 5.308000e-03 3.162880e-01
235 6.775760e-01 5.136000e-03 3.172880e-01
236 6.766880e-01 5.208000e-03 3.181040e-01
237 6.758520e-01 5.148000e-03 3.190000e-01
238 6.749720e-01 5.100000e-03 3.199280e-01
239 6.740880e-01 5.204000e-03 3.207080e-01
240 6.731680e-01 5.228000e-03 3.216040e-01
241 6.722360e-01 5.220000e-03 3.225440e-01
242 6.714240e-01 5.264000e-03 3.233120e-01
243 6.705640e-01 5.196000e-03 3.242400e-01
244 6.698200e-01 5.068000e-03 3.251120e-01
245 6.691040e-01 4.996000e-03 3.259000e-01
246 6.682840e-01 4.976000e-03 3.267400e-01
247 6.674920e-01 4.936000e-03 3.275720e-01
248 6.666160e-01 4.924000e-03 3.284600e-01
249 6.658080e-01 4.800000e-03 3.293920e-01
250 6.649680e-01 4.636000e-03 3.303960e-01
251 6.642400e-01 4.508000e-03 3.312520e-01
252 6.635600e-01 4.520000e-03 3.319200e-01
253 6.626120e-01 4.624000e-03 3.327640e-01
254 6.618360e-01 4.552000e-03 3.336120e-01
255 6.610160e-01 4.636000e-03 3.343480e-01
256 6.602480e-01 4.568000e-03 3.351840e-01
257 6.594880e-01 4.452000e-03 3.360600e-01
258 6.588120e-01 4.460000e-03 3.367280e-01
259 6.581040e-01 4.420000e-03 3.374760e-01
260 6.574280e-01 4.372000e-03 3.382000e-01
261 6.567120e-01 4.364000e-03 3.389240e-01
262 6.560320e-01 4.268000e-03 3.397000e-01
263 6.553560e-01 4.196000e-03 3.404480e-01
264 6.546400e-01 4.040000e-03 3.413200e-01
265 6.539000e-01 4.068000e-03 3.420320e-01
266 6.532480e-01 3.872000e-03 3.428800e-01
267 6.525880e-01 3.864000e-03 3.435480e-01
268 6.518400e-01 3.872000e-03 3.442880e-01
269 6.512440e-01 3.900000e-03 3.448560e-01
270 6.506280e-01 3.792000e-03 3.455800e-01
271 6.500160e-01 3.640000e-03 3.463440e-01
272 6.493280e-01 3.652000e-03 3.470200e-01
273 6.487120e-01 3.532000e-03 3.477560e-01
274 6.482160e-01 3.396000e-03 3.483880e-01
275 6.477040e-01 3.272000e-03 3.490240e-01
276 6.472160e-01 3.216000e-03 3.495680e-01
277 6.467160e-01 3.116000e-03 3.501680e-01
278 6.462400e-01 3.056000e-03 3.507040e-01
279 6.457000e-01 3.052000e-03 3.512480e-01
280 6.451200e-01 3.052000e-03 3.518280e-01
281 6.445160e-01 3.144000e-03 3.523400e-01
282 6.439880e-01 3.140000e-03 3.528720e-01
283 6.434960e-01 3.140000e-03 3.533640e-01
284 6.429080e-01 3.184000e-03 3.539080e-01
285 6.422760e-01 3.292000e-03 3.544320e-01
286 6.416680e-01 3.276000e-03 3.550560e-01
287 6.411040e-01 3.208000e-03 3.556880e-01
288 6.405640e-01 3.184000e-03 3.562520e-01
289 6.400120e-01 3.080000e-03 3.569080e-01
290 6.394720e-01 3.092000e-03 3.574360e-01
291 6.390560e-01 3.008000e-03 3.579360e-01
292 6.386280e-01 2.928000e-03 3.584440e-01
293 6.381000e-01 2.868000e-03 3.590320e-01
294 6.375240e-01 2.940000e-03 3.595360e-01
295 6.370520e-01 2.844000e-03 3.601040e-01
296 6.364520e-01 2.952000e-03 3.605960e-01
297 6.358160e-01 3.112000e-03 3.610720e-01
298 6.353080e-01 3.060000e-03 3.616320e-01
299 6.346800e-01 3.152000e-03 3.621680e-01
300 6.341600e-01 3.184000e-03 3.626560e-01
301 6.336320e-01 3.124000e-03 3.632440e-01
302 6.331480e-01 3.064000e-03 3.637880e-01
303 6.327160e-01 2.976000e-03 3.643080e-01
304 6.322560e-01 2.960000e-03 3.647840e-01
305 6.318600e-01 2.924000e-03 3.652160e-01
306 6.314640e-01 2.908000e-03 3.656280e-01
307 6.311040e-01 2.760000e-03 3.661360e-01
308 6.307480e-01 2.640000e-03 3.666120e-01
309 6.304120e-01 2.500000e-03 3.670880e-01
310 6.300160e-01 2.420000e-03 3.675640e-01
311 6.295840e-01 2.416000e-03 3.680000e-01
312 6.292800e-01 2.284000e-03 3.684360e-01
313 6.289200e-01 2.200000e-03 3.688800e-01
314 6.284680e-01 2.240000e-03 3.692920e-01
315 6.281200e-01 2.220000e-03 3.696600e-01
316 6.277840e-01 2.204000e-03 3.700120e-01
317 6.274640e-01 2.144000e-03 3.703920e-01
318 6.271200e-01 2.040000e-03 3.708400e-01
319 6.268080e-01 1.960000e-03 3.712320e-01
320 6.264960e-01 1.992000e-03 3.715120e-01
321 6.261920e-01 1.956000e-03 3.718520e-01
322 6.258760e-01 1.976000e-03 3.721480e-01
323 6.255560e-01 1.948000e-03 3.724960e-01
324 6.252440e-01 1.880000e-03 3.728760e-01
325 6.248800e-01 1.868000e-03 3.732520e-01
326 6.245400e-01 1.940000e-03 3.735200e-01
327 6.241080e-01 1.988000e-03 3.739040e-01
328 6.237480e-01 1.972000e-03 3.742800e-01
329 6.233720e-01 1.992000e-03 3.746360e-01
330 6.230400e-01 1.940000e-03 3.750200e-01
331 6.226560e-01 2.044000e-03 3.753000e-01
332 6.223120e-01 2.092000e-03 3.755960e-01
333 6.219880e-01 2.044000e-03 3.759680e-01
334 6.216960e-01 2.024000e-03 3.762800e-01
335 6.213720e-01 1.996000e-03 3.766320e-01
336 6.210400e-01 1.968000e-03 3.769920e-01
337 6.208360e-01 1.800000e-03 3.773640e-01
338 6.205920e-01 1.716000e-03 3.776920e-01
339 6.204560e-01 1.552000e-03 3.779920e-01
340 6.202600e-01 1.460000e-03 3.782800e-01
341 6.200680e-01 1.400000e-03 3.785320e-01
342 6.198240e-01 1.412000e-03 3.787640e-01
343 6.196120e-01 1.364000e-03 3.790240e-01
344 6.194280e-01 1.316000e-03 3.792560e-01
345 6.192160e-01 1.268000e-03 3.795160e-01
346 6.190640e-01 1.180000e-03 3.797560e-01
347 6.188480e-01 1.228000e-03 3.799240e-01
348 6.187000e-01 1.156000e-03 3.801440e-01
349 6.185800e-01 1.152000e-03 3.802680e-01
350 6.184560e-01 1.104000e-03 3.804400e-01
351 6.183160e-01 1.068000e-03 3.806160e-01
352 6.181800e-01 1.052000e-03 3.807680e-01
353 6.180360e-01 1.024000e-03 3.809400e-01
354 6.179360e-01 9.080000e-04 3.811560e-01
355 6.177600e-01 9.400000e-04 3.813000e-01
356 6.176240e-01 9.280000e-04 3.814480e-01
357 6.174520e-01 9.360000e-04 3.816120e-01
358 6.172560e-01 9.800000e-04 3.817640e-01
359 6.170800e-01 9.920000e-04 3.819280e-01
360 6.169480e-01 8.840000e-04 3.821680e-01
361 6.168720e-01 8.080000e-04 3.823200e-01
362 6.167240e-01 8.360000e-04 3.824400e-01
363 6.166520e-01 7.440000e-04 3.826040e-01
364 6.165440e-01 7.360000e-04 3.827200e-01
365 6.164400e-01 7.200000e-04 3.828400e-01
366 6.163160e-01 7.160000e-04 3.829680e-01
367 6.161960e-01 6.840000e-04 3.831200e-01
368 6.160920e-01 6.520000e-04 3.832560e-01
369 6.159760e-01 6.360000e-04 3.833880e-01
370 6.158680e-01 6.600000e-04 3.834720e-01
371 6.157680e-01 6.440000e-04 3.835880e-01
372 6.156160e-01 6.960000e-04 3.836880e-01
373 6.154520e-01 7.120000e-04 3.838360e-01
374 6.153640e-01 7.000000e-04 3.839360e-01
375 6.151920e-01 7.560000e-04 3.840520e-01
376 6.150920e-01 7.120000e-04 3.841960e-01
377 6.149480e-01 7.720000e-04 3.842800e-01
378 6.147600e-01 8.400000e-04 3.844000e-01
379 6.146000e-01 8.200000e-04 3.845800e-01
380 6.144280e-01 8.800000e-04 3.846920e-01
381 6.142480e-01 9.000000e-04 3.848520e-01
382 6.140440e-01 9.720000e-04 3.849840e-01
383 6.138360e-01 1.004000e-03 3.851600e-01
384 6.136400e-01 9.920000e-04 3.853680e-01
385 6.133960e-01 1.056000e-03 3.855480e-01
386 6.132200e-01 1.024000e-03 3.857560e-01
387 6.129800e-01 1.088000e-03 3.859320e-01
388 6.127640e-01 1.120000e-03 3.861160e-01
389 6.126080e-01 1.068000e-03 3.863240e-01
390 6.124360e-01 1.048000e-03 3.865160e-01
391 6.122680e-01 1.072000e-03 3.866600e-01
392 6.121240e-01 1.020000e-03 3.868560e-01
393 6.119120e-01 1.084000e-03 3.870040e-01
394 6.117360e-01 1.100000e-03 3.871640e-01
395 6.115360e-01 1.112000e-03 3.873520e-01
396 6.114000e-01 1.036000e-03 3.875640e-01
397 6.112480e-01 1.052000e-03 3.877000e-01
398 6.110880e-01 1.060000e-03 3.878520e-01
399 6.109280e-01 1.040000e-03 3.880320e-01
400 6.107920e-01 1.028000e-03 3.881800e-01
401 6.106680e-01 9.640000e-04 3.883680e-01
402 6.105160e-01 9.800000e-04 3.885040e-01
403 6.103480e-01 9.840000e-04 3.886680e-01
404 6.102000e-01 9.720000e-04 3.888280e-01
405 6.100960e-01 8.880000e-04 3.890160e-01
406 6.099200e-01 8.880000e-04 3.891920e-01
407 6.097440e-01 8.840000e-04 3.893720e-01
408 6.096160e-01 8.480000e-04 3.895360e-01
409 6.094760e-01 8.720000e-04 3.896520e-01
410 6.093680e-01 8.480000e-04 3.897840e-01
411 6.092400e-01 8.440000e-04 3.899160e-01
412 6.090840e-01 8.920000e-04 3.900240e-01
413 6.089560e-01 8.280000e-04 3.902160e-01
414 6.087800e-01 8.600000e-04 3.903600e-01
415 6.086320e-01 8.480000e-04 3.905200e-01
416 6.085080e-01 8.480000e-04 3.906440e-01
417 6.083680e-01 8.240000e-04 3.908080e-01
418 6.082320e-01 8.720000e-04 3.908960e-01
419 6.080760e-01 8.640000e-04 3.910600e-01
420 6.079920e-01 7.840000e-04 3.912240e-01
421 6.078360e-01 7.920000e-04 3.913720e-01
422 6.077440e-01 7.880000e-04 3.914680e-01
423 6.075720e-01 8.280000e-04 3.916000e-01
424 6.074520e-01 8.280000e-04 3.917200e-01
425 6.073240e-01 8.080000e-04 3.918680e-01
426 6.071840e-01 7.920000e-04 3.920240e-01
427 6.070640e-01 7.760000e-04 3.921600e-01
428 6.069320e-01 7.600000e-04 3.923080e-01
429 6.068320e-01 7.120000e-04 3.924560e-01
430 6.067400e-01 6.600000e-04 3.926000e-01
431 6.066480e-01 6.560000e-04 3.926960e-01
432 6.065560e-01 6.440000e-04 3.928000e-01
433 6.064640e-01 6.000000e-04 3.929360e-01
434 6.063880e-01 5.760000e-04 3.930360e-01
435 6.063000e-01 5.680000e-04 3.931320e-01
436 6.061800e-01 5.480000e-04 3.932720e-01
437 6.060840e-01 5.320000e-04 3.933840e-01
438 6.059800e-01 5.440000e-04 3.934760e-01
439 6.058280e-01 6.080000e-04 3.935640e-01
440 6.057120e-01 6.240000e-04 3.936640e-01
441 6.055720e-01 6.480000e-04 3.937800e-01
442 6.054680e-01 6.480000e-04 3.938840e-01
443 6.053840e-01 6.320000e-04 3.939840e-01
444 6.052600e-01 6.600000e-04 3.940800e-01
445 6.051680e-01 6.120000e-04 3.942200e-01
446 6.050800e-01 5.720000e-04 3.943480e-01
447 6.049640e-01 5.440000e-04 3.944920e-01
448 6.048760e-01 5.360000e-04 3.945880e-01
449 6.047720e-01 5.120000e-04 3.947160e-01
450 6.046680e-01 5.480000e-04 3.947840e-01
451 6.045640e-01 5.400000e-04 3.948960e-01
452 6.044880e-01 5.280000e-04 3.949840e-01
453 6.043920e-01 5.240000e-04 3.950840e-01
454 6.042840e-01 5.240000e-04 3.951920e-01
455 6.041960e-01 5.000000e-04 3.953040e-01
456 6.040920e-01 5.560000e-04 3.953520e-01
457 6.039240e-01 6.160000e-04 3.954600e-01
458 6.038080e-01 6.360000e-04 3.955560e-01
459 6.037040e-01 6.320000e-04 3.956640e-01
460 6.036200e-01 5.920000e-04 3.957880e-01
461 6.035480e-01 5.840000e-04 3.958680e-01
462 6.034840e-01 5.600000e-04 3.959560e-01
463 6.033920e-01 5.480000e-04 3.960600e-01
464 6.032800e-01 5.520000e-04 3.961680e-01
465 6.031960e-01 5.240000e-04 3.962800e-01
466 6.030800e-01 5.520000e-04 3.963680e-01
467 6.030040e-01 5.480000e-04 3.964480e-01
468 6.029520e-01 4.960000e-04 3.965520e-01
469 6.028720e-01 4.960000e-04 3.966320e-01
470 6.027960e-01 4.440000e-04 3.967600e-01
471 6.027400e-01 4.440000e-04 3.968160e-01
472 6.026600e-01 4.360000e-04 3.969040e-01
473 6.025920e-01 4.520000e-04 3.969560e-01
474 6.024960e-01 5.040000e-04 3.970000e-01
475 6.023720e-01 5.560000e-04 3.970720e-01
476 6.022400e-01 5.920000e-04 3.971680e-01
477 6.021640e-01 5.880000e-04 3.972480e-01
478 6.020800e-01 5.680000e-04 3.973520e-01
479 6.019960e-01 5.680000e-04 3.974360e-01
480 6.019120e-01 5.600000e-04 3.975280e-01
481 6.018280e-01 5.640000e-04 3.976080e-01
482 6.017320e-01 5.640000e-04 3.977040e-01
483 6.016760e-01 5.640000e-04 3.977600e-01
484 6.015720e-01 5.720000e-04 3.978560e-01
485 6.015040e-01 5.400000e-04 3.979560e-01
486 6.014160e-01 5.440000e-04 3.980400e-01
487 6.013280e-01 5.640000e-04 3.981080e-01
488 6.012520e-01 5.320000e-04 3.982160e-01
489 6.011640e-01 5.280000e-04 3.983080e-01
490 6.010600e-01 5.480000e-04 3.983920e-01
491 6.009520e-01 6.120000e-04 3.984360e-01
492 6.008320e-01 6.440000e-04 3.985240e-01
493 6.007360e-01 6.760000e-04 3.985880e-01
494 6.005680e-01 7.040000e-04 3.987280e-01
495 6.004760e-01 6.840000e-04 3.988400e-01
496 6.003280e-01 7.360000e-04 3.989360e-01
497 6.001960e-01 7.240000e-04 3.990800e-01
498 6.001000e-01 7.160000e-04 3.991840e-01
499 5.999600e-01 7.400000e-04 3.993000e-01
500 5.998280e-01 7.560000e-04 3.994160e-01
