1 9.992120e-01 7.000000e-04 8.800000e-05
2 9.987360e-01 9.880000e-04 2.760000e-04
3 9.981840e-01 1.288000e-03 5.280000e-04
4 9.975240e-01 1.684000e-03 7.920000e-04
5 9.967160e-01 2.168000e-03 1.116000e-03
6 9.959720e-01 2.548000e-03 1.480000e-03
7 9.950520e-01 2.976000e-03 1.972000e-03
8 9.941800e-01 3.228000e-03 2.592000e-03
9 9.931720e-01 3.548000e-03 3.280000e-03
10 9.922320e-01 3.728000e-03 4.040000e-03
11 9.911960e-01 4.136000e-03 4.668000e-03
12 9.901480e-01 4.364000e-03 5.488000e-03
13 9.890120e-01 4.744000e-03 6.244000e-03
14 9.878640e-01 4.964000e-03 7.172000e-03
15 9.867240e-01 5.276000e-03 8.000000e-03
16 9.855160e-01 5.580000e-03 8.904000e-03
17 9.842440e-01 5.832000e-03 9.924000e-03
18 9.830000e-01 6.004000e-03 1.099600e-02
19 9.815880e-01 6.360000e-03 1.205200e-02
20 9.802440e-01 6.592000e-03 1.316400e-02
21 9.788800e-01 6.828000e-03 1.429200e-02
22 9.775040e-01 6.996000e-03 1.550000e-02
23 9.760560e-01 7.156000e-03 1.678800e-02
24 9.745360e-01 7.324000e-03 1.814000e-02
25 9.731560e-01 7.452000e-03 1.939200e-02
26 9.716880e-01 7.620000e-03 2.069200e-02
27 9.702880e-01 7.688000e-03 2.202400e-02
28 9.687320e-01 7.920000e-03 2.334800e-02
29 9.672520e-01 8.008000e-03 2.474000e-02
30 9.657840e-01 8.028000e-03 2.618800e-02
31 9.643800e-01 8.124000e-03 2.749600e-02
32 9.628920e-01 8.092000e-03 2.901600e-02
33 9.613080e-01 8.200000e-03 3.049200e-02
34 9.595480e-01 8.404000e-03 3.204800e-02
35 9.578920e-01 8.476000e-03 3.363200e-02
36 9.562760e-01 8.576000e-03 3.514800e-02
37 9.544160e-01 8.932000e-03 3.665200e-02
38 9.526760e-01 9.116000e-03 3.820800e-02
39 9.510200e-01 9.180000e-03 3.980000e-02
40 9.491200e-01 9.288000e-03 4.159200e-02
41 9.475280e-01 9.228000e-03 4.324400e-02
42 9.458760e-01 9.292000e-03 4.483200e-02
43 9.444080e-01 9.044000e-03 4.654800e-02
44 9.427040e-01 9.096000e-03 4.820000e-02
45 9.411080e-01 9.008000e-03 4.988400e-02
46 9.395160e-01 8.960000e-03 5.152400e-02
47 9.378840e-01 8.924000e-03 5.319200e-02
48 9.362520e-01 9.048000e-03 5.470000e-02
49 9.345480e-01 9.120000e-03 5.633200e-02
50 9.329280e-01 9.096000e-03 5.797600e-02
51 9.314640e-01 8.988000e-03 5.954800e-02
52 9.299240e-01 8.948000e-03 6.112800e-02
53 9.283480e-01 8.868000e-03 6.278400e-02
54 9.267680e-01 8.860000e-03 6.437200e-02
55 9.251400e-01 8.840000e-03 6.602000e-02
56 9.235160e-01 8.864000e-03 6.762000e-02
57 9.219920e-01 8.740000e-03 6.926800e-02
58 9.203880e-01 8.908000e-03 7.070400e-02
59 9.187120e-01 9.036000e-03 7.225200e-02
60 9.171320e-01 8.996000e-03 7.387200e-02
61 9.154840e-01 9.104000e-03 7.541200e-02
62 9.138600e-01 9.100000e-03 7.704000e-02
63 9.122320e-01 9.276000e-03 7.849200e-02
64 9.104680e-01 9.332000e-03 8.020000e-02
65 9.088720e-01 9.208000e-03 8.192000e-02
66 9.072720e-01 9.192000e-03 8.353600e-02
67 9.056440e-01 9.232000e-03 8.512400e-02
68 9.042400e-01 8.984000e-03 8.677600e-02
69 9.027280e-01 8.904000e-03 8.836800e-02
70 9.011360e-01 8.920000e-03 8.994400e-02
71 8.994680e-01 9.112000e-03 9.142000e-02
72 8.979120e-01 8.960000e-03 9.312800e-02
73 8.963680e-01 8.824000e-03 9.480800e-02
74 8.948160e-01 9.004000e-03 9.618000e-02
75 8.932280e-01 8.924000e-03 9.784800e-02
76 8.917400e-01 8.956000e-03 9.930400e-02
77 8.901080e-01 9.024000e-03 1.008680e-01
78 8.886200e-01 8.836000e-03 1.025440e-01
79 8.870480e-01 8.832000e-03 1.041200e-01
80 8.854360e-01 8.900000e-03 1.056640e-01
81 8.838800e-01 8.812000e-03 1.073080e-01
82 8.824680e-01 8.600000e-03 1.089320e-01
83 8.810000e-01 8.508000e-03 1.104920e-01
84 8.792200e-01 8.856000e-03 1.119240e-01
85 8.777200e-01 8.748000e-03 1.135320e-01
86 8.764160e-01 8.544000e-03 1.150400e-01
87 8.749360e-01 8.600000e-03 1.164640e-01
88 8.734920e-01 8.448000e-03 1.180600e-01
89 8.721200e-01 8.168000e-03 1.197120e-01
90 8.707920e-01 8.068000e-03 1.211400e-01
91 8.693520e-01 8.064000e-03 1.225840e-01
92 8.679000e-01 8.116000e-03 1.239840e-01
93 8.665320e-01 8.024000e-03 1.254440e-01
94 8.652720e-01 7.892000e-03 1.268360e-01
95 8.638480e-01 7.976000e-03 1.281760e-01
96 8.625000e-01 7.788000e-03 1.297120e-01
97 8.612320e-01 7.588000e-03 1.311800e-01
98 8.599520e-01 7.532000e-03 1.325160e-01
99 8.587760e-01 7.344000e-03 1.338800e-01
100 8.575040e-01 7.252000e-03 1.352440e-01
101 8.561560e-01 7.300000e-03 1.365440e-01
102 8.550160e-01 7.128000e-03 1.378560e-01
103 8.537800e-01 7.024000e-03 1.391960e-01
104 8.527440e-01 6.796000e-03 1.404600e-01
105 8.516800e-01 6.724000e-03 1.415960e-01
106 8.506080e-01 6.584000e-03 1.428080e-01
107 8.496640e-01 6.388000e-03 1.439480e-01
108 8.487120e-01 6.296000e-03 1.449920e-01
109 8.477720e-01 6.152000e-03 1.460760e-01
110 8.468440e-01 5.984000e-03 1.471720e-01
111 8.459400e-01 5.816000e-03 1.482440e-01
112 8.450440e-01 5.692000e-03 1.492640e-01
113 8.441600e-01 5.640000e-03 1.502000e-01
114 8.433200e-01 5.440000e-03 1.512400e-01
115 8.423520e-01 5.464000e-03 1.521840e-01
116 8.412560e-01 5.644000e-03 1.531000e-01
117 8.401440e-01 5.844000e-03 1.540120e-01
118 8.391800e-01 5.812000e-03 1.550080e-01
119 8.381880e-01 5.688000e-03 1.561240e-01
120 8.372720e-01 5.664000e-03 1.570640e-01
121 8.363360e-01 5.680000e-03 1.579840e-01
122 8.352640e-01 5.788000e-03 1.589480e-01
123 8.342360e-01 5.832000e-03 1.599320e-01
124 8.331800e-01 5.752000e-03 1.610680e-01
125 8.320840e-01 5.900000e-03 1.620160e-01
126 8.311400e-01 5.856000e-03 1.630040e-01
127 8.301920e-01 5.636000e-03 1.641720e-01
128 8.292560e-01 5.560000e-03 1.651840e-01
129 8.282560e-01 5.584000e-03 1.661600e-01
130 8.272720e-01 5.652000e-03 1.670760e-01
131 8.263560e-01 5.492000e-03 1.681520e-01
132 8.253400e-01 5.556000e-03 1.691040e-01
133 8.243680e-01 5.464000e-03 1.701680e-01
134 8.234800e-01 5.404000e-03 1.711160e-01
135 8.225640e-01 5.344000e-03 1.720920e-01
136 8.216000e-01 5.464000e-03 1.729360e-01
137 8.205560e-01 5.576000e-03 1.738680e-01
138 8.196320e-01 5.524000e-03 1.748440e-01
139 8.187720e-01 5.336000e-03 1.758920e-01
140 8.178440e-01 5.380000e-03 1.767760e-01
141 8.168960e-01 5.376000e-03 1.777280e-01
142 8.159880e-01 5.212000e-03 1.788000e-01
143 8.151320e-01 5.188000e-03 1.796800e-01
144 8.143560e-01 5.008000e-03 1.806360e-01
145 8.135000e-01 4.916000e-03 1.815840e-01
146 8.126000e-01 4.980000e-03 1.824200e-01
147 8.117560e-01 5.068000e-03 1.831760e-01
148 8.109760e-01 4.856000e-03 1.841680e-01
149 8.102920e-01 4.752000e-03 1.849560e-01
150 8.096600e-01 4.604000e-03 1.857360e-01
151 8.090040e-01 4.440000e-03 1.865560e-01
152 8.082280e-01 4.428000e-03 1.873440e-01
153 8.074040e-01 4.436000e-03 1.881600e-01
154 8.066040e-01 4.420000e-03 1.889760e-01
155 8.058880e-01 4.304000e-03 1.898080e-01
156 8.051720e-01 4.228000e-03 1.906000e-01
157 8.042880e-01 4.336000e-03 1.913760e-01
158 8.034240e-01 4.420000e-03 1.921560e-01
159 8.027200e-01 4.276000e-03 1.930040e-01
160 8.019560e-01 4.244000e-03 1.938000e-01
161 8.012200e-01 4.228000e-03 1.945520e-01
162 8.004360e-01 4.244000e-03 1.953200e-01
163 7.997040e-01 4.264000e-03 1.960320e-01
164 7.989680e-01 4.296000e-03 1.967360e-01
165 7.980880e-01 4.440000e-03 1.974720e-01
166 7.972720e-01 4.516000e-03 1.982120e-01
167 7.964400e-01 4.504000e-03 1.990560e-01
168 7.956000e-01 4.580000e-03 1.998200e-01
169 7.948480e-01 4.608000e-03 2.005440e-01
170 7.941280e-01 4.548000e-03 2.013240e-01
171 7.932760e-01 4.652000e-03 2.020720e-01
172 7.924240e-01 4.732000e-03 2.028440e-01
173 7.915560e-01 4.692000e-03 2.037520e-01
174 7.907480e-01 4.756000e-03 2.044960e-01
175 7.899600e-01 4.812000e-03 2.052280e-01
176 7.891400e-01 4.792000e-03 2.060680e-01
177 7.884280e-01 4.556000e-03 2.070160e-01
178 7.875080e-01 4.708000e-03 2.077840e-01
179 7.866840e-01 4.592000e-03 2.087240e-01
180 7.858720e-01 4.568000e-03 2.095600e-01
181 7.850520e-01 4.592000e-03 2.103560e-01
182 7.843160e-01 4.548000e-03 2.111360e-01
183 7.836160e-01 4.488000e-03 2.118960e-01
184 7.828160e-01 4.504000e-03 2.126800e-01
185 7.818520e-01 4.680000e-03 2.134680e-01
186 7.810720e-01 4.648000e-03 2.142800e-01
187 7.801880e-01 4.748000e-03 2.150640e-01
188 7.792880e-01 4.852000e-03 2.158600e-01
189 7.783960e-01 4.868000e-03 2.167360e-01
190 7.775440e-01 4.892000e-03 2.175640e-01
191 7.766800e-01 4.852000e-03 2.184680e-01
192 7.760120e-01 4.736000e-03 2.192520e-01
193 7.752880e-01 4.640000e-03 2.200720e-01
194 7.746840e-01 4.448000e-03 2.208680e-01
195 7.739960e-01 4.368000e-03 2.216360e-01
196 7.732840e-01 4.328000e-03 2.223880e-01
197 7.725760e-01 4.336000e-03 2.230880e-01
198 7.716960e-01 4.376000e-03 2.239280e-01
199 7.709520e-01 4.348000e-03 2.247000e-01
200 7.701840e-01 4.316000e-03 2.255000e-01
201 7.694560e-01 4.308000e-03 2.262360e-01
202 7.686280e-01 4.452000e-03 2.269200e-01
203 7.679200e-01 4.268000e-03 2.278120e-01
204 7.671680e-01 4.284000e-03 2.285480e-01
205 7.663280e-01 4.356000e-03 2.293160e-01
206 7.655040e-01 4.468000e-03 2.300280e-01
207 7.646720e-01 4.508000e-03 2.308200e-01
208 7.639360e-01 4.400000e-03 2.316640e-01
209 7.631720e-01 4.412000e-03 2.324160e-01
210 7.623400e-01 4.596000e-03 2.330640e-01
211 7.616200e-01 4.544000e-03 2.338360e-01
212 7.608840e-01 4.532000e-03 2.345840e-01
213 7.601080e-01 4.588000e-03 2.353040e-01
214 7.593520e-01 4.560000e-03 2.360880e-01
215 7.586600e-01 4.440000e-03 2.369000e-01
216 7.579640e-01 4.356000e-03 2.376800e-01
217 7.573160e-01 4.228000e-03 2.384560e-01
218 7.566320e-01 4.292000e-03 2.390760e-01
219 7.559000e-01 4.288000e-03 2.398120e-01
220 7.551880e-01 4.248000e-03 2.405640e-01
221 7.544720e-01 4.160000e-03 2.413680e-01
222 7.537320e-01 4.148000e-03 2.421200e-01
223 7.529920e-01 4.124000e-03 2.428840e-01
224 7.522440e-01 4.108000e-03 2.436480e-01
225 7.514760e-01 4.168000e-03 2.443560e-01
226 7.507480e-01 4.124000e-03 2.451280e-01
227 7.500760e-01 4.036000e-03 2.458880e-01
228 7.494040e-01 3.944000e-03 2.466520e-01
229 7.487280e-01 3.908000e-03 2.473640e-01
230 7.481480e-01 3.844000e-03 2.480080e-01
231 7.475240e-01 3.772000e-03 2.487040e-01
232 7.468600e-01 3.824000e-03 2.493160e-01
233 7.462000e-01 3.876000e-03 2.499240e-01
234 7.454400e-01 3.980000e-03 2.505800e-01
235 7.448560e-01 3.856000e-03 2.512880e-01
236 7.441560e-01 3.888000e-03 2.519560e-01
237 7.435280e-01 3.876000e-03 2.525960e-01
238 7.429280e-01 3.776000e-03 2.532960e-01
239 7.423400e-01 3.632000e-03 2.540280e-01
240 7.417320e-01 3.676000e-03 2.545920e-01
241 7.410320e-01 3.720000e-03 2.552480e-01
242 7.403040e-01 3.916000e-03 2.557800e-01
243 7.396440e-01 3.868000e-03 2.564880e-01
244 7.389880e-01 3.860000e-03 2.571520e-01
245 7.383680e-01 3.800000e-03 2.578320e-01
246 7.377680e-01 3.788000e-03 2.584440e-01
247 7.372560e-01 3.660000e-03 2.590840e-01
248 7.366360e-01 3.640000e-03 2.597240e-01
249 7.359720e-01 3.744000e-03 2.602840e-01
250 7.352840e-01 3.720000e-03 2.609960e-01
251 7.346600e-01 3.780000e-03 2.615600e-01
252 7.339440e-01 3.856000e-03 2.622000e-01
253 7.333600e-01 3.828000e-03 2.628120e-01
254 7.328240e-01 3.660000e-03 2.635160e-01
255 7.322560e-01 3.564000e-03 2.641800e-01
256 7.316600e-01 3.584000e-03 2.647560e-01
257 7.311360e-01 3.492000e-03 2.653720e-01
258 7.305480e-01 3.428000e-03 2.660240e-01
259 7.299240e-01 3.364000e-03 2.667120e-01
260 7.294000e-01 3.300000e-03 2.673000e-01
261 7.289080e-01 3.184000e-03 2.679080e-01
262 7.282960e-01 3.248000e-03 2.684560e-01
263 7.277120e-01 3.256000e-03 2.690320e-01
264 7.271760e-01 3.284000e-03 2.695400e-01
265 7.264640e-01 3.420000e-03 2.701160e-01
266 7.258400e-01 3.472000e-03 2.706880e-01
267 7.253240e-01 3.384000e-03 2.712920e-01
268 7.247560e-01 3.392000e-03 2.718520e-01
269 7.242120e-01 3.328000e-03 2.724600e-01
270 7.237080e-01 3.188000e-03 2.731040e-01
271 7.231720e-01 3.216000e-03 2.736120e-01
272 7.226080e-01 3.232000e-03 2.741600e-01
273 7.221280e-01 3.148000e-03 2.747240e-01
274 7.216440e-01 3.052000e-03 2.753040e-01
275 7.211320e-01 3.048000e-03 2.758200e-01
276 7.206720e-01 2.984000e-03 2.763440e-01
277 7.202040e-01 2.944000e-03 2.768520e-01
278 7.197560e-01 2.884000e-03 2.773600e-01
279 7.191520e-01 3.024000e-03 2.778240e-01
280 7.185280e-01 3.100000e-03 2.783720e-01
281 7.179240e-01 3.156000e-03 2.789200e-01
282 7.173240e-01 3.364000e-03 2.793120e-01
283 7.167080e-01 3.324000e-03 2.799680e-01
284 7.161320e-01 3.340000e-03 2.805280e-01
285 7.156680e-01 3.264000e-03 2.810680e-01
286 7.151600e-01 3.184000e-03 2.816560e-01
287 7.146560e-01 3.152000e-03 2.821920e-01
288 7.141640e-01 3.128000e-03 2.827080e-01
289 7.136360e-01 3.140000e-03 2.832240e-01
290 7.131520e-01 3.096000e-03 2.837520e-01
291 7.127400e-01 2.948000e-03 2.843120e-01
292 7.122880e-01 2.908000e-03 2.848040e-01
293 7.117800e-01 2.884000e-03 2.853360e-01
294 7.112800e-01 2.924000e-03 2.857960e-01
295 7.108240e-01 2.912000e-03 2.862640e-01
296 7.103840e-01 2.856000e-03 2.867600e-01
297 7.099480e-01 2.764000e-03 2.872880e-01
298 7.094760e-01 2.740000e-03 2.877840e-01
299 7.090680e-01 2.700000e-03 2.882320e-01
300 7.086200e-01 2.712000e-03 2.886680e-01
301 7.081400e-01 2.716000e-03 2.891440e-01
302 7.076440e-01 2.792000e-03 2.895640e-01
303 7.071920e-01 2.760000e-03 2.900480e-01
304 7.067240e-01 2.696000e-03 2.905800e-01
305 7.062880e-01 2.712000e-03 2.910000e-01
306 7.057720e-01 2.700000e-03 2.915280e-01
307 7.052920e-01 2.720000e-03 2.919880e-01
308 7.048480e-01 2.764000e-03 2.923880e-01
309 7.044160e-01 2.732000e-03 2.928520e-01
310 7.039200e-01 2.708000e-03 2.933720e-01
311 7.034480e-01 2.748000e-03 2.938040e-01
312 7.029760e-01 2.800000e-03 2.942240e-01
313 7.024640e-01 2.788000e-03 2.947480e-01
314 7.019600e-01 2.808000e-03 2.952320e-01
315 7.014600e-01 2.812000e-03 2.957280e-01
316 7.009680e-01 2.776000e-03 2.962560e-01
317 7.005240e-01 2.764000e-03 2.967120e-01
318 7.000960e-01 2.620000e-03 2.972840e-01
319 6.996440e-01 2.652000e-03 2.977040e-01
320 6.991520e-01 2.736000e-03 2.981120e-01
321 6.986040e-01 2.856000e-03 2.985400e-01
322 6.980880e-01 2.856000e-03 2.990560e-01
323 6.974800e-01 2.936000e-03 2.995840e-01
324 6.970240e-01 2.892000e-03 3.000840e-01
325 6.964160e-01 3.040000e-03 3.005440e-01
326 6.959720e-01 3.008000e-03 3.010200e-01
327 6.955160e-01 2.964000e-03 3.015200e-01
328 6.950080e-01 2.940000e-03 3.020520e-01
329 6.945080e-01 2.940000e-03 3.025520e-01
330 6.940320e-01 2.892000e-03 3.030760e-01
331 6.935400e-01 2.888000e-03 3.035720e-01
332 6.929800e-01 2.924000e-03 3.040960e-01
333 6.925720e-01 2.784000e-03 3.046440e-01
334 6.921600e-01 2.744000e-03 3.050960e-01
335 6.917240e-01 2.692000e-03 3.055840e-01
336 6.912480e-01 2.680000e-03 3.060720e-01
337 6.908160e-01 2.624000e-03 3.065600e-01
338 6.903840e-01 2.624000e-03 3.069920e-01
339 6.899360e-01 2.632000e-03 3.074320e-01
340 6.894800e-01 2.688000e-03 3.078320e-01
341 6.891160e-01 2.564000e-03 3.083200e-01
342 6.887560e-01 2.432000e-03 3.088120e-01
343 6.883320e-01 2.476000e-03 3.091920e-01
344 6.879040e-01 2.460000e-03 3.096360e-01
345 6.875120e-01 2.388000e-03 3.101000e-01
346 6.871040e-01 2.408000e-03 3.104880e-01
347 6.866400e-01 2.456000e-03 3.109040e-01
348 6.862080e-01 2.436000e-03 3.113560e-01
349 6.858680e-01 2.336000e-03 3.117960e-01
350 6.855560e-01 2.288000e-03 3.121560e-01
351 6.852480e-01 2.168000e-03 3.125840e-01
352 6.848920e-01 2.156000e-03 3.129520e-01
353 6.845120e-01 2.212000e-03 3.132760e-01
354 6.841840e-01 2.192000e-03 3.136240e-01
355 6.837640e-01 2.264000e-03 3.139720e-01
356 6.832960e-01 2.388000e-03 3.143160e-01
357 6.828920e-01 2.388000e-03 3.147200e-01
358 6.824720e-01 2.408000e-03 3.151200e-01
359 6.819480e-01 2.504000e-03 3.155480e-01
360 6.814920e-01 2.496000e-03 3.160120e-01
361 6.810200e-01 2.548000e-03 3.164320e-01
362 6.806040e-01 2.500000e-03 3.168960e-01
363 6.802760e-01 2.448000e-03 3.172760e-01
364 6.799240e-01 2.396000e-03 3.176800e-01
365 6.795320e-01 2.412000e-03 3.180560e-01
366 6.790680e-01 2.480000e-03 3.184520e-01
367 6.786920e-01 2.380000e-03 3.189280e-01
368 6.783560e-01 2.348000e-03 3.192960e-01
369 6.779840e-01 2.332000e-03 3.196840e-01
370 6.775880e-01 2.336000e-03 3.200760e-01
371 6.771560e-01 2.364000e-03 3.204800e-01
372 6.767520e-01 2.328000e-03 3.209200e-01
373 6.764280e-01 2.292000e-03 3.212800e-01
374 6.760680e-01 2.148000e-03 3.217840e-01
375 6.757600e-01 2.028000e-03 3.222120e-01
376 6.754520e-01 1.936000e-03 3.226120e-01
377 6.751440e-01 1.940000e-03 3.229160e-01
378 6.747760e-01 1.948000e-03 3.232760e-01
379 6.744480e-01 1.916000e-03 3.236360e-01
380 6.740520e-01 2.040000e-03 3.239080e-01
381 6.736720e-01 2.112000e-03 3.242160e-01
382 6.732840e-01 2.132000e-03 3.245840e-01
383 6.729400e-01 2.136000e-03 3.249240e-01
384 6.725680e-01 2.156000e-03 3.252760e-01
385 6.722120e-01 2.160000e-03 3.256280e-01
386 6.717560e-01 2.268000e-03 3.259760e-01
387 6.714280e-01 2.152000e-03 3.264200e-01
388 6.710440e-01 2.124000e-03 3.268320e-01
389 6.706200e-01 2.120000e-03 3.272600e-01
390 6.702480e-01 2.100000e-03 3.276520e-01
391 6.698680e-01 2.140000e-03 3.279920e-01
392 6.695160e-01 2.164000e-03 3.283200e-01
393 6.691680e-01 2.120000e-03 3.287120e-01
394 6.688160e-01 2.056000e-03 3.291280e-01
395 6.684600e-01 2.024000e-03 3.295160e-01
396 6.680400e-01 2.072000e-03 3.298880e-01
397 6.677720e-01 2.020000e-03 3.302080e-01
398 6.674560e-01 1.980000e-03 3.305640e-01
399 6.671520e-01 1.940000e-03 3.309080e-01
400 6.668680e-01 1.892000e-03 3.312400e-01
401 6.665360e-01 1.816000e-03 3.316480e-01
402 6.661400e-01 1.828000e-03 3.320320e-01
403 6.658200e-01 1.824000e-03 3.323560e-01
404 6.654360e-01 1.936000e-03 3.326280e-01
405 6.651320e-01 1.876000e-03 3.329920e-01
406 6.648600e-01 1.912000e-03 3.332280e-01
407 6.646400e-01 1.752000e-03 3.336080e-01
408 6.644200e-01 1.664000e-03 3.339160e-01
409 6.642400e-01 1.588000e-03 3.341720e-01
410 6.639840e-01 1.548000e-03 3.344680e-01
411 6.637560e-01 1.496000e-03 3.347480e-01
412 6.635320e-01 1.464000e-03 3.350040e-01
413 6.633240e-01 1.464000e-03 3.352120e-01
414 6.631640e-01 1.352000e-03 3.354840e-01
415 6.629080e-01 1.380000e-03 3.357120e-01
416 6.626920e-01 1.376000e-03 3.359320e-01
417 6.624480e-01 1.384000e-03 3.361680e-01
418 6.622000e-01 1.368000e-03 3.364320e-01
419 6.619760e-01 1.388000e-03 3.366360e-01
420 6.617720e-01 1.352000e-03 3.368760e-01
421 6.615440e-01 1.352000e-03 3.371040e-01
422 6.613120e-01 1.404000e-03 3.372840e-01
423 6.610520e-01 1.384000e-03 3.375640e-01
424 6.608320e-01 1.380000e-03 3.377880e-01
425 6.606160e-01 1.392000e-03 3.379920e-01
426 6.604600e-01 1.260000e-03 3.382800e-01
427 6.602640e-01 1.208000e-03 3.385280e-01
428 6.600240e-01 1.196000e-03 3.387800e-01
429 6.598720e-01 1.196000e-03 3.389320e-01
430 6.596720e-01 1.212000e-03 3.391160e-01
431 6.594400e-01 1.244000e-03 3.393160e-01
432 6.591160e-01 1.324000e-03 3.395600e-01
433 6.589240e-01 1.292000e-03 3.397840e-01
434 6.587440e-01 1.244000e-03 3.400120e-01
435 6.585520e-01 1.224000e-03 3.402240e-01
436 6.583200e-01 1.248000e-03 3.404320e-01
437 6.580840e-01 1.284000e-03 3.406320e-01
438 6.578160e-01 1.384000e-03 3.408000e-01
439 6.576520e-01 1.324000e-03 3.410240e-01
440 6.574480e-01 1.296000e-03 3.412560e-01
441 6.572480e-01 1.280000e-03 3.414720e-01
442 6.570200e-01 1.304000e-03 3.416760e-01
443 6.568040e-01 1.304000e-03 3.418920e-01
444 6.566360e-01 1.236000e-03 3.421280e-01
445 6.564400e-01 1.200000e-03 3.423600e-01
446 6.562320e-01 1.220000e-03 3.425480e-01
447 6.560280e-01 1.212000e-03 3.427600e-01
448 6.558560e-01 1.180000e-03 3.429640e-01
449 6.556560e-01 1.180000e-03 3.431640e-01
450 6.554560e-01 1.216000e-03 3.433280e-01
451 6.552720e-01 1.176000e-03 3.435520e-01
452 6.551360e-01 1.136000e-03 3.437280e-01
453 6.549400e-01 1.156000e-03 3.439040e-01
454 6.547200e-01 1.172000e-03 3.441080e-01
455 6.545200e-01 1.116000e-03 3.443640e-01
456 6.542840e-01 1.168000e-03 3.445480e-01
457 6.540920e-01 1.164000e-03 3.447440e-01
458 6.539160e-01 1.144000e-03 3.449400e-01
459 6.536880e-01 1.152000e-03 3.451600e-01
460 6.535040e-01 1.132000e-03 3.453640e-01
461 6.532880e-01 1.160000e-03 3.455520e-01
462 6.530640e-01 1.188000e-03 3.457480e-01
463 6.528760e-01 1.144000e-03 3.459800e-01
464 6.526840e-01 1.108000e-03 3.462080e-01
465 6.524720e-01 1.152000e-03 3.463760e-01
466 6.522520e-01 1.196000e-03 3.465520e-01
467 6.520280e-01 1.212000e-03 3.467600e-01
468 6.517560e-01 1.276000e-03 3.469680e-01
469 6.515320e-01 1.248000e-03 3.472200e-01
470 6.512400e-01 1.348000e-03 3.474120e-01
471 6.509720e-01 1.384000e-03 3.476440e-01
472 6.506840e-01 1.412000e-03 3.479040e-01
473 6.504560e-01 1.408000e-03 3.481360e-01
474 6.501840e-01 1.404000e-03 3.484120e-01
475 6.499080e-01 1.436000e-03 3.486560e-01
476 6.496680e-01 1.404000e-03 3.489280e-01
477 6.494000e-01 1.384000e-03 3.492160e-01
478 6.491800e-01 1.404000e-03 3.494160e-01
479 6.489640e-01 1.336000e-03 3.497000e-01
480 6.487600e-01 1.304000e-03 3.499360e-01
481 6.485160e-01 1.364000e-03 3.501200e-01
482 6.482320e-01 1.396000e-03 3.503720e-01
483 6.479760e-01 1.424000e-03 3.506000e-01
484 6.477080e-01 1.420000e-03 3.508720e-01
485 6.474840e-01 1.400000e-03 3.511160e-01
486 6.472560e-01 1.384000e-03 3.513600e-01
487 6.470120e-01 1.396000e-03 3.515920e-01
488 6.468000e-01 1.352000e-03 3.518480e-01
489 6.465880e-01 1.356000e-03 3.520560e-01
490 6.463880e-01 1.304000e-03 3.523080e-01
491 6.461640e-01 1.332000e-03 3.525040e-01
492 6.459160e-01 1.364000e-03 3.527200e-01
493 6.456640e-01 1.344000e-03 3.529920e-01
494 6.454680e-01 1.292000e-03 3.532400e-01
495 6.452920e-01 1.256000e-03 3.534520e-01
496 6.450480e-01 1.300000e-03 3.536520e-01
497 6.448360e-01 1.276000e-03 3.538880e-01
498 6.446880e-01 1.276000e-03 3.540360e-01
499 6.445040e-01 1.256000e-03 3.542400e-01
500 6.443440e-01 1.192000e-03 3.544640e-01
