1 9.991640e-01 7.120000e-04 1.240000e-04
2 9.986800e-01 1.088000e-03 2.320000e-04
3 9.980400e-01 1.496000e-03 4.640000e-04
4 9.973200e-01 1.928000e-03 7.520000e-04
5 9.964600e-01 2.440000e-03 1.100000e-03
6 9.955880e-01 2.812000e-03 1.600000e-03
7 9.946360e-01 3.240000e-03 2.124000e-03
8 9.935840e-01 3.660000e-03 2.756000e-03
9 9.925440e-01 4.020000e-03 3.436000e-03
10 9.914080e-01 4.352000e-03 4.240000e-03
11 9.900520e-01 4.880000e-03 5.068000e-03
12 9.886520e-01 5.364000e-03 5.984000e-03
13 9.871360e-01 6.040000e-03 6.824000e-03
14 9.857320e-01 6.440000e-03 7.828000e-03
15 9.842280e-01 6.840000e-03 8.932000e-03
16 9.827800e-01 7.068000e-03 1.015200e-02
17 9.812160e-01 7.288000e-03 1.149600e-02
18 9.797160e-01 7.472000e-03 1.281200e-02
19 9.780720e-01 7.804000e-03 1.412400e-02
20 9.765160e-01 7.984000e-03 1.550000e-02
21 9.748920e-01 8.128000e-03 1.698000e-02
22 9.733360e-01 8.308000e-03 1.835600e-02
23 9.716960e-01 8.532000e-03 1.977200e-02
24 9.701280e-01 8.576000e-03 2.129600e-02
25 9.685040e-01 8.820000e-03 2.267600e-02
26 9.669520e-01 8.864000e-03 2.418400e-02
27 9.653440e-01 8.820000e-03 2.583600e-02
28 9.635440e-01 9.136000e-03 2.732000e-02
29 9.618840e-01 9.056000e-03 2.906000e-02
30 9.602360e-01 9.024000e-03 3.074000e-02
31 9.586400e-01 8.984000e-03 3.237600e-02
32 9.569720e-01 8.996000e-03 3.403200e-02
33 9.552640e-01 9.016000e-03 3.572000e-02
34 9.536840e-01 9.020000e-03 3.729600e-02
35 9.520560e-01 9.188000e-03 3.875600e-02
36 9.505840e-01 8.956000e-03 4.046000e-02
37 9.490400e-01 8.880000e-03 4.208000e-02
38 9.474520e-01 8.916000e-03 4.363200e-02
39 9.458040e-01 9.004000e-03 4.519200e-02
40 9.441800e-01 9.084000e-03 4.673600e-02
41 9.424720e-01 9.296000e-03 4.823200e-02
42 9.408240e-01 9.360000e-03 4.981600e-02
43 9.390840e-01 9.416000e-03 5.150000e-02
44 9.375080e-01 9.348000e-03 5.314400e-02
45 9.358880e-01 9.300000e-03 5.481200e-02
46 9.341200e-01 9.516000e-03 5.636400e-02
47 9.323680e-01 9.692000e-03 5.794000e-02
48 9.305840e-01 9.652000e-03 5.976400e-02
49 9.287480e-01 9.884000e-03 6.136800e-02
50 9.268760e-01 1.010000e-02 6.302400e-02
51 9.248960e-01 1.037600e-02 6.472800e-02
52 9.229960e-01 1.054000e-02 6.646400e-02
53 9.210960e-01 1.055200e-02 6.835200e-02
54 9.191840e-01 1.046400e-02 7.035200e-02
55 9.174320e-01 1.034000e-02 7.222800e-02
56 9.156160e-01 1.038000e-02 7.400400e-02
57 9.136640e-01 1.045200e-02 7.588400e-02
58 9.118160e-01 1.052400e-02 7.766000e-02
59 9.099200e-01 1.059200e-02 7.948800e-02
60 9.080520e-01 1.063600e-02 8.131200e-02
61 9.062480e-01 1.042800e-02 8.332400e-02
62 9.043560e-01 1.054400e-02 8.510000e-02
63 9.024400e-01 1.064000e-02 8.692000e-02
64 9.005400e-01 1.057200e-02 8.888800e-02
65 8.988760e-01 1.038800e-02 9.073600e-02
66 8.971200e-01 1.044800e-02 9.243200e-02
67 8.953480e-01 1.046800e-02 9.418400e-02
68 8.935600e-01 1.048800e-02 9.595200e-02
69 8.918360e-01 1.035200e-02 9.781200e-02
70 8.901080e-01 1.031600e-02 9.957600e-02
71 8.884440e-01 9.972000e-03 1.015840e-01
72 8.868680e-01 9.764000e-03 1.033680e-01
73 8.850920e-01 9.892000e-03 1.050160e-01
74 8.832200e-01 1.012800e-02 1.066520e-01
75 8.816240e-01 9.940000e-03 1.084360e-01
76 8.800000e-01 9.932000e-03 1.100680e-01
77 8.784360e-01 9.768000e-03 1.117960e-01
78 8.767720e-01 9.644000e-03 1.135840e-01
79 8.750440e-01 9.680000e-03 1.152760e-01
80 8.733880e-01 9.636000e-03 1.169760e-01
81 8.717320e-01 9.552000e-03 1.187160e-01
82 8.700160e-01 9.564000e-03 1.204200e-01
83 8.683200e-01 9.648000e-03 1.220320e-01
84 8.666360e-01 9.636000e-03 1.237280e-01
85 8.647360e-01 9.768000e-03 1.254960e-01
86 8.629200e-01 9.940000e-03 1.271400e-01
87 8.611280e-01 9.984000e-03 1.288880e-01
88 8.593960e-01 9.908000e-03 1.306960e-01
89 8.576800e-01 9.912000e-03 1.324080e-01
90 8.558240e-01 9.968000e-03 1.342080e-01
91 8.541440e-01 1.001600e-02 1.358400e-01
92 8.524400e-01 1.002800e-02 1.375320e-01
93 8.507960e-01 9.808000e-03 1.393960e-01
94 8.490840e-01 9.788000e-03 1.411280e-01
95 8.473400e-01 9.776000e-03 1.428840e-01
96 8.456960e-01 9.612000e-03 1.446920e-01
97 8.440720e-01 9.584000e-03 1.463440e-01
98 8.424880e-01 9.384000e-03 1.481280e-01
99 8.408160e-01 9.392000e-03 1.497920e-01
100 8.393160e-01 9.248000e-03 1.514360e-01
101 8.378360e-01 9.080000e-03 1.530840e-01
102 8.363520e-01 8.948000e-03 1.547000e-01
103 8.349840e-01 8.636000e-03 1.563800e-01
104 8.335840e-01 8.456000e-03 1.579600e-01
105 8.321440e-01 8.492000e-03 1.593640e-01
106 8.307560e-01 8.396000e-03 1.608480e-01
107 8.293000e-01 8.444000e-03 1.622560e-01
108 8.277360e-01 8.572000e-03 1.636920e-01
109 8.262880e-01 8.548000e-03 1.651640e-01
110 8.249040e-01 8.280000e-03 1.668160e-01
111 8.235760e-01 8.108000e-03 1.683160e-01
112 8.220160e-01 8.160000e-03 1.698240e-01
113 8.206480e-01 8.140000e-03 1.712120e-01
114 8.192840e-01 8.156000e-03 1.725600e-01
115 8.178880e-01 8.108000e-03 1.740040e-01
116 8.163720e-01 8.128000e-03 1.755000e-01
117 8.149240e-01 8.120000e-03 1.769560e-01
118 8.134880e-01 8.176000e-03 1.783360e-01
119 8.121800e-01 8.092000e-03 1.797280e-01
120 8.108400e-01 8.072000e-03 1.810880e-01
121 8.094520e-01 8.136000e-03 1.824120e-01
122 8.082760e-01 7.948000e-03 1.837760e-01
123 8.069680e-01 7.896000e-03 1.851360e-01
124 8.057200e-01 7.760000e-03 1.865200e-01
125 8.043920e-01 7.732000e-03 1.878760e-01
126 8.030920e-01 7.820000e-03 1.890880e-01
127 8.016640e-01 7.896000e-03 1.904400e-01
128 8.002560e-01 7.896000e-03 1.918480e-01
129 7.988880e-01 7.952000e-03 1.931600e-01
130 7.975040e-01 7.976000e-03 1.945200e-01
131 7.959600e-01 8.124000e-03 1.959160e-01
132 7.946440e-01 8.072000e-03 1.972840e-01
133 7.933000e-01 7.856000e-03 1.988440e-01
134 7.918520e-01 7.956000e-03 2.001920e-01
135 7.905040e-01 7.852000e-03 2.016440e-01
136 7.890880e-01 7.884000e-03 2.030280e-01
137 7.877280e-01 7.852000e-03 2.044200e-01
138 7.864520e-01 7.696000e-03 2.058520e-01
139 7.851760e-01 7.680000e-03 2.071440e-01
140 7.837920e-01 7.628000e-03 2.085800e-01
141 7.824880e-01 7.652000e-03 2.098600e-01
142 7.811920e-01 7.680000e-03 2.111280e-01
143 7.797600e-01 7.792000e-03 2.124480e-01
144 7.784840e-01 7.688000e-03 2.138280e-01
145 7.772720e-01 7.424000e-03 2.153040e-01
146 7.761680e-01 7.320000e-03 2.165120e-01
147 7.750800e-01 7.060000e-03 2.178600e-01
148 7.738640e-01 7.104000e-03 2.190320e-01
149 7.725920e-01 7.076000e-03 2.203320e-01
150 7.713920e-01 7.064000e-03 2.215440e-01
151 7.702840e-01 6.908000e-03 2.228080e-01
152 7.692000e-01 6.812000e-03 2.239880e-01
153 7.679960e-01 6.672000e-03 2.253320e-01
154 7.669040e-01 6.636000e-03 2.264600e-01
155 7.658240e-01 6.584000e-03 2.275920e-01
156 7.646800e-01 6.444000e-03 2.288760e-01
157 7.635000e-01 6.488000e-03 2.300120e-01
158 7.622160e-01 6.644000e-03 2.311400e-01
159 7.611360e-01 6.512000e-03 2.323520e-01
160 7.600200e-01 6.400000e-03 2.335800e-01
161 7.589720e-01 6.312000e-03 2.347160e-01
162 7.577320e-01 6.568000e-03 2.357000e-01
163 7.566520e-01 6.556000e-03 2.367920e-01
164 7.556680e-01 6.444000e-03 2.378880e-01
165 7.545040e-01 6.632000e-03 2.388640e-01
166 7.533760e-01 6.556000e-03 2.400680e-01
167 7.522160e-01 6.580000e-03 2.412040e-01
168 7.510760e-01 6.540000e-03 2.423840e-01
169 7.500040e-01 6.460000e-03 2.435360e-01
170 7.489720e-01 6.372000e-03 2.446560e-01
171 7.479880e-01 6.276000e-03 2.457360e-01
172 7.469280e-01 6.136000e-03 2.469360e-01
173 7.459520e-01 5.928000e-03 2.481200e-01
174 7.449200e-01 6.008000e-03 2.490720e-01
175 7.438560e-01 6.012000e-03 2.501320e-01
176 7.429400e-01 5.896000e-03 2.511640e-01
177 7.420600e-01 5.768000e-03 2.521720e-01
178 7.412640e-01 5.528000e-03 2.532080e-01
179 7.404840e-01 5.272000e-03 2.542440e-01
180 7.396280e-01 5.196000e-03 2.551760e-01
181 7.388440e-01 5.104000e-03 2.560520e-01
182 7.379760e-01 5.076000e-03 2.569480e-01
183 7.371280e-01 5.080000e-03 2.577920e-01
184 7.362640e-01 5.052000e-03 2.586840e-01
185 7.354120e-01 4.936000e-03 2.596520e-01
186 7.345720e-01 4.940000e-03 2.604880e-01
187 7.337560e-01 4.928000e-03 2.613160e-01
188 7.329360e-01 4.912000e-03 2.621520e-01
189 7.320880e-01 4.820000e-03 2.630920e-01
190 7.312680e-01 4.784000e-03 2.639480e-01
191 7.305080e-01 4.616000e-03 2.648760e-01
192 7.298320e-01 4.444000e-03 2.657240e-01
193 7.291600e-01 4.284000e-03 2.665560e-01
194 7.284600e-01 4.284000e-03 2.672560e-01
195 7.277920e-01 4.220000e-03 2.679880e-01
196 7.270800e-01 4.216000e-03 2.687040e-01
197 7.262520e-01 4.256000e-03 2.694920e-01
198 7.256280e-01 4.228000e-03 2.701440e-01
199 7.248840e-01 4.240000e-03 2.708760e-01
200 7.242480e-01 4.156000e-03 2.715960e-01
201 7.235840e-01 4.068000e-03 2.723480e-01
202 7.228920e-01 3.944000e-03 2.731640e-01
203 7.220680e-01 4.132000e-03 2.738000e-01
204 7.213160e-01 4.148000e-03 2.745360e-01
205 7.206720e-01 4.048000e-03 2.752800e-01
206 7.199760e-01 4.004000e-03 2.760200e-01
207 7.192240e-01 4.076000e-03 2.767000e-01
208 7.185560e-01 3.924000e-03 2.775200e-01
209 7.178520e-01 3.908000e-03 2.782400e-01
210 7.172760e-01 3.784000e-03 2.789400e-01
211 7.166440e-01 3.824000e-03 2.795320e-01
212 7.159760e-01 3.816000e-03 2.802080e-01
213 7.151680e-01 3.932000e-03 2.809000e-01
214 7.143720e-01 4.004000e-03 2.816240e-01
215 7.136360e-01 4.004000e-03 2.823600e-01
216 7.129360e-01 3.996000e-03 2.830680e-01
217 7.122200e-01 4.024000e-03 2.837560e-01
218 7.115680e-01 4.036000e-03 2.843960e-01
219 7.109240e-01 3.976000e-03 2.851000e-01
220 7.103200e-01 3.908000e-03 2.857720e-01
221 7.096320e-01 3.964000e-03 2.864040e-01
222 7.090200e-01 3.836000e-03 2.871440e-01
223 7.084120e-01 3.724000e-03 2.878640e-01
224 7.077320e-01 3.816000e-03 2.884520e-01
225 7.071440e-01 3.728000e-03 2.891280e-01
226 7.065120e-01 3.748000e-03 2.897400e-01
227 7.059360e-01 3.784000e-03 2.902800e-01
228 7.052120e-01 3.892000e-03 2.908960e-01
229 7.045440e-01 3.900000e-03 2.915560e-01
230 7.038320e-01 4.012000e-03 2.921560e-01
231 7.031640e-01 4.004000e-03 2.928320e-01
232 7.024920e-01 3.912000e-03 2.935960e-01
233 7.018680e-01 3.832000e-03 2.943000e-01
234 7.012360e-01 3.792000e-03 2.949720e-01
235 7.005920e-01 3.752000e-03 2.956560e-01
236 7.000040e-01 3.616000e-03 2.963800e-01
237 6.991720e-01 3.752000e-03 2.970760e-01
238 6.984480e-01 3.792000e-03 2.977600e-01
239 6.977880e-01 3.816000e-03 2.983960e-01
240 6.971840e-01 3.736000e-03 2.990800e-01
241 6.965640e-01 3.720000e-03 2.997160e-01
242 6.959440e-01 3.628000e-03 3.004280e-01
243 6.953160e-01 3.704000e-03 3.009800e-01
244 6.946920e-01 3.688000e-03 3.016200e-01
245 6.941200e-01 3.592000e-03 3.022880e-01
246 6.934840e-01 3.624000e-03 3.028920e-01
247 6.928080e-01 3.664000e-03 3.035280e-01
248 6.921800e-01 3.680000e-03 3.041400e-01
249 6.914120e-01 3.672000e-03 3.049160e-01
250 6.907840e-01 3.704000e-03 3.055120e-01
251 6.901520e-01 3.672000e-03 3.061760e-01
252 6.894600e-01 3.728000e-03 3.068120e-01
253 6.887400e-01 3.812000e-03 3.074480e-01
254 6.880000e-01 3.776000e-03 3.082240e-01
255 6.873840e-01 3.676000e-03 3.089400e-01
256 6.867280e-01 3.608000e-03 3.096640e-01
257 6.861920e-01 3.512000e-03 3.102960e-01
258 6.856080e-01 3.500000e-03 3.108920e-01
259 6.849680e-01 3.500000e-03 3.115320e-01
260 6.843800e-01 3.448000e-03 3.121720e-01
261 6.837000e-01 3.456000e-03 3.128440e-01
262 6.831760e-01 3.408000e-03 3.134160e-01
263 6.826160e-01 3.440000e-03 3.139440e-01
264 6.820560e-01 3.460000e-03 3.144840e-01
265 6.814880e-01 3.408000e-03 3.151040e-01
266 6.808720e-01 3.424000e-03 3.157040e-01
267 6.802800e-01 3.368000e-03 3.163520e-01
268 6.796240e-01 3.504000e-03 3.168720e-01
269 6.790680e-01 3.496000e-03 3.174360e-01
270 6.785320e-01 3.464000e-03 3.180040e-01
271 6.780000e-01 3.380000e-03 3.186200e-01
272 6.773760e-01 3.336000e-03 3.192880e-01
273 6.767280e-01 3.404000e-03 3.198680e-01
274 6.761320e-01 3.480000e-03 3.203880e-01
275 6.754680e-01 3.548000e-03 3.209840e-01
276 6.749200e-01 3.528000e-03 3.215520e-01
277 6.744520e-01 3.420000e-03 3.221280e-01
278 6.739320e-01 3.432000e-03 3.226360e-01
279 6.733560e-01 3.400000e-03 3.232440e-01
280 6.728720e-01 3.188000e-03 3.239400e-01
281 6.724440e-01 3.052000e-03 3.245040e-01
282 6.720080e-01 2.932000e-03 3.250600e-01
283 6.715440e-01 2.956000e-03 3.255000e-01
284 6.710280e-01 2.960000e-03 3.260120e-01
285 6.704280e-01 3.004000e-03 3.265680e-01
286 6.699520e-01 2.940000e-03 3.271080e-01
287 6.693520e-01 2.972000e-03 3.276760e-01
288 6.687320e-01 3.048000e-03 3.282200e-01
289 6.682120e-01 2.920000e-03 3.288680e-01
290 6.677720e-01 2.820000e-03 3.294080e-01
291 6.672400e-01 2.832000e-03 3.299280e-01
292 6.667560e-01 2.856000e-03 3.303880e-01
293 6.662480e-01 2.868000e-03 3.308840e-01
294 6.658040e-01 2.772000e-03 3.314240e-01
295 6.653200e-01 2.688000e-03 3.319920e-01
296 6.648800e-01 2.608000e-03 3.325120e-01
297 6.644880e-01 2.540000e-03 3.329720e-01
298 6.641040e-01 2.468000e-03 3.334280e-01
299 6.637000e-01 2.468000e-03 3.338320e-01
300 6.634160e-01 2.368000e-03 3.342160e-01
301 6.630360e-01 2.312000e-03 3.346520e-01
302 6.626000e-01 2.344000e-03 3.350560e-01
303 6.621840e-01 2.288000e-03 3.355280e-01
304 6.617640e-01 2.348000e-03 3.358880e-01
305 6.614440e-01 2.240000e-03 3.363160e-01
306 6.611320e-01 2.104000e-03 3.367640e-01
307 6.608320e-01 2.072000e-03 3.370960e-01
308 6.605520e-01 1.972000e-03 3.374760e-01
309 6.601880e-01 1.984000e-03 3.378280e-01
310 6.599560e-01 1.904000e-03 3.381400e-01
311 6.596920e-01 1.856000e-03 3.384520e-01
312 6.593200e-01 1.892000e-03 3.387880e-01
313 6.590200e-01 1.876000e-03 3.391040e-01
314 6.586960e-01 1.892000e-03 3.394120e-01
315 6.583680e-01 1.916000e-03 3.397160e-01
316 6.580440e-01 1.912000e-03 3.400440e-01
317 6.576960e-01 1.940000e-03 3.403640e-01
318 6.573200e-01 1.924000e-03 3.407560e-01
319 6.569600e-01 1.940000e-03 3.411000e-01
320 6.566320e-01 1.980000e-03 3.413880e-01
321 6.563040e-01 1.980000e-03 3.417160e-01
322 6.560800e-01 1.900000e-03 3.420200e-01
323 6.557600e-01 1.920000e-03 3.423200e-01
324 6.554560e-01 1.892000e-03 3.426520e-01
325 6.551320e-01 1.836000e-03 3.430320e-01
326 6.547800e-01 1.876000e-03 3.433440e-01
327 6.544800e-01 1.864000e-03 3.436560e-01
328 6.541200e-01 1.892000e-03 3.439880e-01
329 6.537240e-01 1.880000e-03 3.443960e-01
330 6.534360e-01 1.816000e-03 3.447480e-01
331 6.530880e-01 1.788000e-03 3.451240e-01
332 6.528680e-01 1.776000e-03 3.453560e-01
333 6.525560e-01 1.828000e-03 3.456160e-01
334 6.522320e-01 1.848000e-03 3.459200e-01
335 6.519160e-01 1.908000e-03 3.461760e-01
336 6.515840e-01 1.936000e-03 3.464800e-01
337 6.512600e-01 1.928000e-03 3.468120e-01
338 6.508600e-01 2.004000e-03 3.471360e-01
339 6.504480e-01 2.104000e-03 3.474480e-01
340 6.500440e-01 2.144000e-03 3.478120e-01
341 6.496800e-01 2.136000e-03 3.481840e-01
342 6.493720e-01 2.096000e-03 3.485320e-01
343 6.489160e-01 2.160000e-03 3.489240e-01
344 6.485680e-01 2.168000e-03 3.492640e-01
345 6.481520e-01 2.224000e-03 3.496240e-01
346 6.478040e-01 2.196000e-03 3.500000e-01
347 6.473840e-01 2.316000e-03 3.503000e-01
348 6.469520e-01 2.304000e-03 3.507440e-01
349 6.464840e-01 2.340000e-03 3.511760e-01
350 6.460200e-01 2.468000e-03 3.515120e-01
351 6.456080e-01 2.492000e-03 3.519000e-01
352 6.451120e-01 2.596000e-03 3.522920e-01
353 6.446360e-01 2.644000e-03 3.527200e-01
354 6.442120e-01 2.592000e-03 3.531960e-01
355 6.437360e-01 2.584000e-03 3.536800e-01
356 6.433600e-01 2.512000e-03 3.541280e-01
357 6.429960e-01 2.444000e-03 3.545600e-01
358 6.424880e-01 2.520000e-03 3.549920e-01
359 6.420120e-01 2.564000e-03 3.554240e-01
360 6.416240e-01 2.520000e-03 3.558560e-01
361 6.412240e-01 2.504000e-03 3.562720e-01
362 6.408320e-01 2.348000e-03 3.568200e-01
363 6.404880e-01 2.272000e-03 3.572400e-01
364 6.401640e-01 2.144000e-03 3.576920e-01
365 6.398400e-01 2.064000e-03 3.580960e-01
366 6.394600e-01 2.116000e-03 3.584240e-01
367 6.390840e-01 2.148000e-03 3.587680e-01
368 6.387120e-01 2.160000e-03 3.591280e-01
369 6.383280e-01 2.156000e-03 3.595160e-01
370 6.379680e-01 2.124000e-03 3.599080e-01
371 6.375520e-01 2.176000e-03 3.602720e-01
372 6.372400e-01 2.148000e-03 3.606120e-01
373 6.368520e-01 2.096000e-03 3.610520e-01
374 6.365120e-01 2.108000e-03 3.613800e-01
375 6.362000e-01 2.048000e-03 3.617520e-01
376 6.358400e-01 2.076000e-03 3.620840e-01
377 6.355080e-01 2.068000e-03 3.624240e-01
378 6.351640e-01 1.996000e-03 3.628400e-01
379 6.348280e-01 1.992000e-03 3.631800e-01
380 6.345640e-01 1.936000e-03 3.635000e-01
381 6.342840e-01 1.884000e-03 3.638320e-01
382 6.340720e-01 1.804000e-03 3.641240e-01
383 6.338360e-01 1.780000e-03 3.643840e-01
384 6.335800e-01 1.696000e-03 3.647240e-01
385 6.333680e-01 1.608000e-03 3.650240e-01
386 6.330760e-01 1.628000e-03 3.652960e-01
387 6.328360e-01 1.624000e-03 3.655400e-01
388 6.325400e-01 1.644000e-03 3.658160e-01
389 6.321880e-01 1.728000e-03 3.660840e-01
390 6.319880e-01 1.596000e-03 3.664160e-01
391 6.316840e-01 1.660000e-03 3.666560e-01
392 6.314160e-01 1.648000e-03 3.669360e-01
393 6.311360e-01 1.628000e-03 3.672360e-01
394 6.308960e-01 1.576000e-03 3.675280e-01
395 6.306760e-01 1.584000e-03 3.677400e-01
396 6.304040e-01 1.580000e-03 3.680160e-01
397 6.301560e-01 1.588000e-03 3.682560e-01
398 6.298960e-01 1.624000e-03 3.684800e-01
399 6.295680e-01 1.712000e-03 3.687200e-01
400 6.292600e-01 1.736000e-03 3.690040e-01
401 6.290360e-01 1.640000e-03 3.693240e-01
402 6.287320e-01 1.692000e-03 3.695760e-01
403 6.284840e-01 1.728000e-03 3.697880e-01
404 6.281040e-01 1.860000e-03 3.700360e-01
405 6.277840e-01 1.912000e-03 3.703040e-01
406 6.274600e-01 1.872000e-03 3.706680e-01
407 6.272320e-01 1.788000e-03 3.709800e-01
408 6.269240e-01 1.788000e-03 3.712880e-01
409 6.266400e-01 1.788000e-03 3.715720e-01
410 6.263720e-01 1.724000e-03 3.719040e-01
411 6.261080e-01 1.676000e-03 3.722160e-01
412 6.258280e-01 1.684000e-03 3.724880e-01
413 6.255400e-01 1.664000e-03 3.727960e-01
414 6.253400e-01 1.588000e-03 3.730720e-01
415 6.250640e-01 1.592000e-03 3.733440e-01
416 6.248440e-01 1.568000e-03 3.735880e-01
417 6.245920e-01 1.556000e-03 3.738520e-01
418 6.243440e-01 1.516000e-03 3.741400e-01
419 6.240520e-01 1.512000e-03 3.744360e-01
420 6.237640e-01 1.536000e-03 3.747000e-01
421 6.235920e-01 1.408000e-03 3.750000e-01
422 6.233440e-01 1.404000e-03 3.752520e-01
423 6.231040e-01 1.408000e-03 3.754880e-01
424 6.228920e-01 1.340000e-03 3.757680e-01
425 6.227160e-01 1.304000e-03 3.759800e-01
426 6.224920e-01 1.284000e-03 3.762240e-01
427 6.222760e-01 1.304000e-03 3.764200e-01
428 6.220480e-01 1.292000e-03 3.766600e-01
429 6.218560e-01 1.256000e-03 3.768880e-01
430 6.216520e-01 1.288000e-03 3.770600e-01
431 6.214240e-01 1.276000e-03 3.773000e-01
432 6.212880e-01 1.200000e-03 3.775120e-01
433 6.211320e-01 1.128000e-03 3.777400e-01
434 6.208760e-01 1.224000e-03 3.779000e-01
435 6.206440e-01 1.248000e-03 3.781080e-01
436 6.204120e-01 1.280000e-03 3.783080e-01
437 6.201840e-01 1.288000e-03 3.785280e-01
438 6.199960e-01 1.204000e-03 3.788000e-01
439 6.197880e-01 1.196000e-03 3.790160e-01
440 6.195320e-01 1.220000e-03 3.792480e-01
441 6.193520e-01 1.176000e-03 3.794720e-01
442 6.191600e-01 1.124000e-03 3.797160e-01
443 6.189480e-01 1.152000e-03 3.799000e-01
444 6.187760e-01 1.132000e-03 3.800920e-01
445 6.185880e-01 1.140000e-03 3.802720e-01
446 6.183680e-01 1.176000e-03 3.804560e-01
447 6.181880e-01 1.188000e-03 3.806240e-01
448 6.179800e-01 1.168000e-03 3.808520e-01
449 6.178120e-01 1.128000e-03 3.810600e-01
450 6.176080e-01 1.120000e-03 3.812720e-01
451 6.174240e-01 1.072000e-03 3.815040e-01
452 6.172560e-01 1.052000e-03 3.816920e-01
453 6.170720e-01 1.080000e-03 3.818480e-01
454 6.168840e-01 1.068000e-03 3.820480e-01
455 6.166760e-01 1.064000e-03 3.822600e-01
456 6.165360e-01 1.016000e-03 3.824480e-01
457 6.164360e-01 9.400000e-04 3.826240e-01
458 6.163000e-01 8.840000e-04 3.828160e-01
459 6.161840e-01 8.360000e-04 3.829800e-01
460 6.160560e-01 8.080000e-04 3.831360e-01
461 6.159480e-01 7.760000e-04 3.832760e-01
462 6.158440e-01 7.240000e-04 3.834320e-01
463 6.157480e-01 7.000000e-04 3.835520e-01
464 6.156400e-01 6.800000e-04 3.836800e-01
465 6.155000e-01 7.240000e-04 3.837760e-01
466 6.153720e-01 7.080000e-04 3.839200e-01
467 6.152160e-01 7.480000e-04 3.840360e-01
468 6.151200e-01 7.360000e-04 3.841440e-01
469 6.150080e-01 7.080000e-04 3.842840e-01
470 6.148520e-01 7.320000e-04 3.844160e-01
471 6.147200e-01 7.400000e-04 3.845400e-01
472 6.145640e-01 7.640000e-04 3.846720e-01
473 6.144760e-01 6.600000e-04 3.848640e-01
474 6.144040e-01 6.120000e-04 3.849840e-01
475 6.143000e-01 6.200000e-04 3.850800e-01
476 6.141520e-01 6.480000e-04 3.852000e-01
477 6.139840e-01 7.120000e-04 3.853040e-01
478 6.138560e-01 7.200000e-04 3.854240e-01
479 6.137040e-01 7.600000e-04 3.855360e-01
480 6.135360e-01 7.960000e-04 3.856680e-01
481 6.134440e-01 7.400000e-04 3.858160e-01
482 6.133240e-01 7.200000e-04 3.859560e-01
483 6.131960e-01 7.360000e-04 3.860680e-01
484 6.130720e-01 7.520000e-04 3.861760e-01
485 6.129880e-01 6.480000e-04 3.863640e-01
486 6.129080e-01 6.160000e-04 3.864760e-01
487 6.128480e-01 5.840000e-04 3.865680e-01
488 6.128000e-01 5.360000e-04 3.866640e-01
489 6.127360e-01 5.240000e-04 3.867400e-01
490 6.126520e-01 5.160000e-04 3.868320e-01
491 6.125920e-01 5.040000e-04 3.869040e-01
492 6.125760e-01 4.560000e-04 3.869680e-01
493 6.125160e-01 4.200000e-04 3.870640e-01
494 6.124600e-01 4.400000e-04 3.871000e-01
495 6.124080e-01 4.360000e-04 3.871560e-01
496 6.123960e-01 3.800000e-04 3.872240e-01
497 6.123720e-01 3.600000e-04 3.872680e-01
498 6.123480e-01 3.280000e-04 3.873240e-01
499 6.122960e-01 3.360000e-04 3.873680e-01
500 6.122440e-01 3.240000e-04 3.874320e-01
