1 9.992280e-01 6.480000e-04 1.240000e-04
2 9.987080e-01 1.072000e-03 2.200000e-04
3 9.981080e-01 1.396000e-03 4.960000e-04
4 9.973800e-01 1.840000e-03 7.800000e-04
5 9.965160e-01 2.276000e-03 1.208000e-03
6 9.956240e-01 2.728000e-03 1.648000e-03
7 9.947840e-01 3.100000e-03 2.116000e-03
8 9.938760e-01 3.444000e-03 2.680000e-03
9 9.929000e-01 3.752000e-03 3.348000e-03
10 9.918280e-01 4.112000e-03 4.060000e-03
11 9.907120e-01 4.440000e-03 4.848000e-03
12 9.896520e-01 4.624000e-03 5.724000e-03
13 9.883560e-01 5.084000e-03 6.560000e-03
14 9.871520e-01 5.396000e-03 7.452000e-03
15 9.858560e-01 5.680000e-03 8.464000e-03
16 9.845880e-01 5.940000e-03 9.472000e-03
17 9.831640e-01 6.408000e-03 1.042800e-02
18 9.818840e-01 6.596000e-03 1.152000e-02
19 9.806280e-01 6.624000e-03 1.274800e-02
20 9.791120e-01 6.816000e-03 1.407200e-02
21 9.777720e-01 6.900000e-03 1.532800e-02
22 9.764400e-01 7.028000e-03 1.653200e-02
23 9.749720e-01 7.336000e-03 1.769200e-02
24 9.736080e-01 7.380000e-03 1.901200e-02
25 9.721680e-01 7.568000e-03 2.026400e-02
26 9.708240e-01 7.644000e-03 2.153200e-02
27 9.693160e-01 7.800000e-03 2.288400e-02
28 9.677680e-01 8.044000e-03 2.418800e-02
29 9.662880e-01 8.124000e-03 2.558800e-02
30 9.649840e-01 7.916000e-03 2.710000e-02
31 9.635920e-01 7.984000e-03 2.842400e-02
32 9.620880e-01 8.152000e-03 2.976000e-02
33 9.605480e-01 8.152000e-03 3.130000e-02
34 9.590120e-01 8.204000e-03 3.278400e-02
35 9.574080e-01 8.472000e-03 3.412000e-02
36 9.558840e-01 8.416000e-03 3.570000e-02
37 9.542320e-01 8.612000e-03 3.715600e-02
38 9.527240e-01 8.748000e-03 3.852800e-02
39 9.512600e-01 8.688000e-03 4.005200e-02
40 9.496760e-01 8.820000e-03 4.150400e-02
41 9.481920e-01 8.816000e-03 4.299200e-02
42 9.465840e-01 8.812000e-03 4.460400e-02
43 9.451320e-01 8.756000e-03 4.611200e-02
44 9.437000e-01 8.588000e-03 4.771200e-02
45 9.423560e-01 8.308000e-03 4.933600e-02
46 9.409000e-01 8.284000e-03 5.081600e-02
47 9.396200e-01 8.256000e-03 5.212400e-02
48 9.380960e-01 8.260000e-03 5.364400e-02
49 9.367160e-01 8.120000e-03 5.516400e-02
50 9.353280e-01 8.212000e-03 5.646000e-02
51 9.340080e-01 8.072000e-03 5.792000e-02
52 9.325200e-01 8.192000e-03 5.928800e-02
53 9.311040e-01 8.112000e-03 6.078400e-02
54 9.297760e-01 8.004000e-03 6.222000e-02
55 9.284240e-01 8.012000e-03 6.356400e-02
56 9.268120e-01 8.168000e-03 6.502000e-02
57 9.253400e-01 8.196000e-03 6.646400e-02
58 9.238040e-01 8.288000e-03 6.790800e-02
59 9.222040e-01 8.432000e-03 6.936400e-02
60 9.206280e-01 8.608000e-03 7.076400e-02
61 9.190080e-01 8.756000e-03 7.223600e-02
62 9.174200e-01 8.888000e-03 7.369200e-02
63 9.158720e-01 8.896000e-03 7.523200e-02
64 9.144080e-01 8.888000e-03 7.670400e-02
65 9.129320e-01 8.736000e-03 7.833200e-02
66 9.117280e-01 8.340000e-03 7.993200e-02
67 9.104080e-01 8.208000e-03 8.138400e-02
68 9.090040e-01 8.152000e-03 8.284400e-02
69 9.078080e-01 7.904000e-03 8.428800e-02
70 9.067120e-01 7.552000e-03 8.573600e-02
71 9.054280e-01 7.452000e-03 8.712000e-02
72 9.041960e-01 7.280000e-03 8.852400e-02
73 9.030120e-01 7.180000e-03 8.980800e-02
74 9.017040e-01 7.348000e-03 9.094800e-02
75 9.004160e-01 7.224000e-03 9.236000e-02
76 8.991200e-01 7.168000e-03 9.371200e-02
77 8.978560e-01 7.196000e-03 9.494800e-02
78 8.966880e-01 7.088000e-03 9.622400e-02
79 8.953760e-01 7.188000e-03 9.743600e-02
80 8.938880e-01 7.460000e-03 9.865200e-02
81 8.925000e-01 7.472000e-03 1.000280e-01
82 8.912240e-01 7.412000e-03 1.013640e-01
83 8.899800e-01 7.400000e-03 1.026200e-01
84 8.886240e-01 7.464000e-03 1.039120e-01
85 8.873280e-01 7.420000e-03 1.052520e-01
86 8.862240e-01 7.140000e-03 1.066360e-01
87 8.849520e-01 7.120000e-03 1.079280e-01
88 8.837280e-01 7.024000e-03 1.092480e-01
89 8.825040e-01 6.916000e-03 1.105800e-01
90 8.812960e-01 6.984000e-03 1.117200e-01
91 8.799840e-01 7.148000e-03 1.128680e-01
92 8.787800e-01 7.108000e-03 1.141120e-01
93 8.775440e-01 7.108000e-03 1.153480e-01
94 8.763440e-01 7.044000e-03 1.166120e-01
95 8.752040e-01 6.996000e-03 1.178000e-01
96 8.739160e-01 7.108000e-03 1.189760e-01
97 8.726000e-01 7.200000e-03 1.202000e-01
98 8.711840e-01 7.420000e-03 1.213960e-01
99 8.700680e-01 7.324000e-03 1.226080e-01
100 8.688640e-01 7.248000e-03 1.238880e-01
101 8.675960e-01 7.180000e-03 1.252240e-01
102 8.664080e-01 7.092000e-03 1.265000e-01
103 8.652600e-01 7.008000e-03 1.277320e-01
104 8.640640e-01 6.952000e-03 1.289840e-01
105 8.628760e-01 6.916000e-03 1.302080e-01
106 8.616320e-01 7.060000e-03 1.313080e-01
107 8.603120e-01 7.156000e-03 1.325320e-01
108 8.591840e-01 6.948000e-03 1.338680e-01
109 8.580360e-01 6.884000e-03 1.350800e-01
110 8.567680e-01 7.064000e-03 1.361680e-01
111 8.555480e-01 7.148000e-03 1.373040e-01
112 8.542200e-01 7.264000e-03 1.385160e-01
113 8.529800e-01 7.244000e-03 1.397760e-01
114 8.517880e-01 7.128000e-03 1.410840e-01
115 8.506320e-01 7.148000e-03 1.422200e-01
116 8.494680e-01 7.112000e-03 1.434200e-01
117 8.482520e-01 7.144000e-03 1.446040e-01
118 8.469880e-01 7.204000e-03 1.458080e-01
119 8.456480e-01 7.252000e-03 1.471000e-01
120 8.443800e-01 7.268000e-03 1.483520e-01
121 8.430960e-01 7.164000e-03 1.497400e-01
122 8.418360e-01 7.204000e-03 1.509600e-01
123 8.404960e-01 7.288000e-03 1.522160e-01
124 8.391960e-01 7.328000e-03 1.534760e-01
125 8.378760e-01 7.448000e-03 1.546760e-01
126 8.366360e-01 7.320000e-03 1.560440e-01
127 8.352560e-01 7.408000e-03 1.573360e-01
128 8.340720e-01 7.308000e-03 1.586200e-01
129 8.328200e-01 7.300000e-03 1.598800e-01
130 8.316080e-01 7.328000e-03 1.610640e-01
131 8.306000e-01 7.144000e-03 1.622560e-01
132 8.295280e-01 7.016000e-03 1.634560e-01
133 8.283520e-01 6.964000e-03 1.646840e-01
134 8.270320e-01 7.148000e-03 1.658200e-01
135 8.258840e-01 7.164000e-03 1.669520e-01
136 8.247040e-01 7.132000e-03 1.681640e-01
137 8.235400e-01 7.024000e-03 1.694360e-01
138 8.223760e-01 7.028000e-03 1.705960e-01
139 8.212680e-01 6.928000e-03 1.718040e-01
140 8.202320e-01 6.724000e-03 1.730440e-01
141 8.190880e-01 6.636000e-03 1.742760e-01
142 8.178120e-01 6.780000e-03 1.754080e-01
143 8.165720e-01 6.980000e-03 1.764480e-01
144 8.152720e-01 7.108000e-03 1.776200e-01
145 8.139920e-01 7.092000e-03 1.789160e-01
146 8.126640e-01 7.244000e-03 1.800920e-01
147 8.112640e-01 7.312000e-03 1.814240e-01
148 8.101320e-01 7.208000e-03 1.826600e-01
149 8.089640e-01 7.192000e-03 1.838440e-01
150 8.077640e-01 7.240000e-03 1.849960e-01
151 8.065160e-01 7.152000e-03 1.863320e-01
152 8.051680e-01 7.316000e-03 1.875160e-01
153 8.038800e-01 7.336000e-03 1.887840e-01
154 8.027320e-01 7.088000e-03 1.901800e-01
155 8.015680e-01 6.872000e-03 1.915600e-01
156 8.003120e-01 7.108000e-03 1.925800e-01
157 7.990360e-01 7.148000e-03 1.938160e-01
158 7.978480e-01 7.132000e-03 1.950200e-01
159 7.966960e-01 7.156000e-03 1.961480e-01
160 7.955000e-01 7.140000e-03 1.973600e-01
161 7.943280e-01 7.064000e-03 1.986080e-01
162 7.931720e-01 6.972000e-03 1.998560e-01
163 7.919400e-01 7.032000e-03 2.010280e-01
164 7.907280e-01 6.952000e-03 2.023200e-01
165 7.895680e-01 6.868000e-03 2.035640e-01
166 7.885560e-01 6.836000e-03 2.046080e-01
167 7.873600e-01 6.892000e-03 2.057480e-01
168 7.863560e-01 6.676000e-03 2.069680e-01
169 7.853200e-01 6.428000e-03 2.082520e-01
170 7.841760e-01 6.432000e-03 2.093920e-01
171 7.829560e-01 6.512000e-03 2.105320e-01
172 7.820120e-01 6.260000e-03 2.117280e-01
173 7.810200e-01 5.988000e-03 2.129920e-01
174 7.798760e-01 6.104000e-03 2.140200e-01
175 7.789160e-01 5.900000e-03 2.151840e-01
176 7.778720e-01 5.856000e-03 2.162720e-01
177 7.769480e-01 5.668000e-03 2.173840e-01
178 7.758880e-01 5.760000e-03 2.183520e-01
179 7.748080e-01 5.760000e-03 2.194320e-01
180 7.738560e-01 5.660000e-03 2.204840e-01
181 7.728480e-01 5.708000e-03 2.214440e-01
182 7.720160e-01 5.516000e-03 2.224680e-01
183 7.710920e-01 5.584000e-03 2.233240e-01
184 7.701320e-01 5.552000e-03 2.243160e-01
185 7.692000e-01 5.496000e-03 2.253040e-01
186 7.682880e-01 5.428000e-03 2.262840e-01
187 7.673440e-01 5.320000e-03 2.273360e-01
188 7.666040e-01 5.128000e-03 2.282680e-01
189 7.657600e-01 5.084000e-03 2.291560e-01
190 7.648680e-01 5.084000e-03 2.300480e-01
191 7.639640e-01 5.160000e-03 2.308760e-01
192 7.631680e-01 5.108000e-03 2.317240e-01
193 7.623280e-01 5.016000e-03 2.326560e-01
194 7.614960e-01 4.948000e-03 2.335560e-01
195 7.606880e-01 4.852000e-03 2.344600e-01
196 7.598440e-01 4.860000e-03 2.352960e-01
197 7.590680e-01 4.844000e-03 2.360880e-01
198 7.583080e-01 4.772000e-03 2.369200e-01
199 7.575320e-01 4.672000e-03 2.377960e-01
200 7.568120e-01 4.568000e-03 2.386200e-01
201 7.560240e-01 4.560000e-03 2.394160e-01
202 7.552800e-01 4.572000e-03 2.401480e-01
203 7.545920e-01 4.512000e-03 2.408960e-01
204 7.539160e-01 4.380000e-03 2.417040e-01
205 7.531240e-01 4.428000e-03 2.424480e-01
206 7.523640e-01 4.408000e-03 2.432280e-01
207 7.516760e-01 4.384000e-03 2.439400e-01
208 7.509080e-01 4.492000e-03 2.446000e-01
209 7.502000e-01 4.324000e-03 2.454760e-01
210 7.493920e-01 4.352000e-03 2.462560e-01
211 7.486880e-01 4.252000e-03 2.470600e-01
212 7.479080e-01 4.300000e-03 2.477920e-01
213 7.471440e-01 4.336000e-03 2.485200e-01
214 7.463520e-01 4.424000e-03 2.492240e-01
215 7.456080e-01 4.380000e-03 2.500120e-01
216 7.448520e-01 4.408000e-03 2.507400e-01
217 7.440440e-01 4.380000e-03 2.515760e-01
218 7.433320e-01 4.292000e-03 2.523760e-01
219 7.426160e-01 4.236000e-03 2.531480e-01
220 7.419560e-01 4.216000e-03 2.538280e-01
221 7.413040e-01 4.020000e-03 2.546760e-01
222 7.406240e-01 3.912000e-03 2.554640e-01
223 7.398880e-01 4.060000e-03 2.560520e-01
224 7.392760e-01 4.020000e-03 2.567040e-01
225 7.386040e-01 3.984000e-03 2.574120e-01
226 7.378000e-01 4.032000e-03 2.581680e-01
227 7.371320e-01 3.988000e-03 2.588800e-01
228 7.363920e-01 4.004000e-03 2.596040e-01
229 7.356960e-01 4.084000e-03 2.602200e-01
230 7.350680e-01 4.092000e-03 2.608400e-01
231 7.343360e-01 4.084000e-03 2.615800e-01
232 7.337160e-01 3.948000e-03 2.623360e-01
233 7.329160e-01 4.060000e-03 2.630240e-01
234 7.322320e-01 3.960000e-03 2.638080e-01
235 7.314960e-01 4.044000e-03 2.644600e-01
236 7.307480e-01 4.036000e-03 2.652160e-01
237 7.300960e-01 4.012000e-03 2.658920e-01
238 7.294480e-01 3.928000e-03 2.666240e-01
239 7.289600e-01 3.776000e-03 2.672640e-01
240 7.283320e-01 3.840000e-03 2.678280e-01
241 7.277080e-01 3.828000e-03 2.684640e-01
242 7.271360e-01 3.688000e-03 2.691760e-01
243 7.266000e-01 3.624000e-03 2.697760e-01
244 7.259560e-01 3.636000e-03 2.704080e-01
245 7.252280e-01 3.788000e-03 2.709840e-01
246 7.244640e-01 3.856000e-03 2.716800e-01
247 7.237680e-01 3.968000e-03 2.722640e-01
248 7.231080e-01 3.952000e-03 2.729400e-01
249 7.224320e-01 3.888000e-03 2.736800e-01
250 7.218800e-01 3.736000e-03 2.743840e-01
251 7.212920e-01 3.748000e-03 2.749600e-01
252 7.206280e-01 3.676000e-03 2.756960e-01
253 7.200240e-01 3.620000e-03 2.763560e-01
254 7.194080e-01 3.640000e-03 2.769520e-01
255 7.187760e-01 3.640000e-03 2.775840e-01
256 7.182400e-01 3.544000e-03 2.782160e-01
257 7.176680e-01 3.484000e-03 2.788480e-01
258 7.170920e-01 3.448000e-03 2.794600e-01
259 7.165280e-01 3.448000e-03 2.800240e-01
260 7.158640e-01 3.564000e-03 2.805720e-01
261 7.152920e-01 3.516000e-03 2.811920e-01
262 7.146520e-01 3.520000e-03 2.818280e-01
263 7.140720e-01 3.432000e-03 2.824960e-01
264 7.134880e-01 3.416000e-03 2.830960e-01
265 7.129600e-01 3.348000e-03 2.836920e-01
266 7.124840e-01 3.268000e-03 2.842480e-01
267 7.119000e-01 3.308000e-03 2.847920e-01
268 7.113800e-01 3.308000e-03 2.853120e-01
269 7.109080e-01 3.172000e-03 2.859200e-01
270 7.104280e-01 3.136000e-03 2.864360e-01
271 7.099080e-01 3.128000e-03 2.869640e-01
272 7.093160e-01 3.124000e-03 2.875600e-01
273 7.087040e-01 3.176000e-03 2.881200e-01
274 7.080840e-01 3.276000e-03 2.886400e-01
275 7.073680e-01 3.468000e-03 2.891640e-01
276 7.067880e-01 3.404000e-03 2.898080e-01
277 7.061720e-01 3.312000e-03 2.905160e-01
278 7.054920e-01 3.420000e-03 2.910880e-01
279 7.049880e-01 3.364000e-03 2.916480e-01
280 7.044000e-01 3.408000e-03 2.921920e-01
281 7.038840e-01 3.292000e-03 2.928240e-01
282 7.032920e-01 3.332000e-03 2.933760e-01
283 7.026360e-01 3.332000e-03 2.940320e-01
284 7.020080e-01 3.404000e-03 2.945880e-01
285 7.012440e-01 3.596000e-03 2.951600e-01
286 7.005760e-01 3.604000e-03 2.958200e-01
287 6.999400e-01 3.668000e-03 2.963920e-01
288 6.993080e-01 3.696000e-03 2.969960e-01
289 6.985240e-01 3.904000e-03 2.975720e-01
290 6.978920e-01 3.828000e-03 2.982800e-01
291 6.972920e-01 3.800000e-03 2.989080e-01
292 6.967640e-01 3.648000e-03 2.995880e-01
293 6.960920e-01 3.744000e-03 3.001640e-01
294 6.954240e-01 3.684000e-03 3.008920e-01
295 6.947560e-01 3.684000e-03 3.015600e-01
296 6.940600e-01 3.748000e-03 3.021920e-01
297 6.933480e-01 3.800000e-03 3.028520e-01
298 6.928280e-01 3.736000e-03 3.034360e-01
299 6.922240e-01 3.656000e-03 3.041200e-01
300 6.914960e-01 3.776000e-03 3.047280e-01
301 6.908360e-01 3.736000e-03 3.054280e-01
302 6.902280e-01 3.656000e-03 3.061160e-01
303 6.896560e-01 3.564000e-03 3.067800e-01
304 6.891080e-01 3.552000e-03 3.073400e-01
305 6.884600e-01 3.608000e-03 3.079320e-01
306 6.878600e-01 3.556000e-03 3.085840e-01
307 6.874120e-01 3.424000e-03 3.091640e-01
308 6.869200e-01 3.252000e-03 3.098280e-01
309 6.864320e-01 3.204000e-03 3.103640e-01
310 6.858400e-01 3.168000e-03 3.109920e-01
311 6.852560e-01 3.156000e-03 3.115880e-01
312 6.846400e-01 3.248000e-03 3.121120e-01
313 6.840640e-01 3.256000e-03 3.126800e-01
314 6.835360e-01 3.188000e-03 3.132760e-01
315 6.829840e-01 3.204000e-03 3.138120e-01
316 6.824240e-01 3.280000e-03 3.142960e-01
317 6.818640e-01 3.320000e-03 3.148160e-01
318 6.812640e-01 3.320000e-03 3.154160e-01
319 6.806680e-01 3.384000e-03 3.159480e-01
320 6.801240e-01 3.368000e-03 3.165080e-01
321 6.796200e-01 3.264000e-03 3.171160e-01
322 6.791160e-01 3.240000e-03 3.176440e-01
323 6.786520e-01 3.088000e-03 3.182600e-01
324 6.781120e-01 3.076000e-03 3.188120e-01
325 6.775440e-01 3.132000e-03 3.193240e-01
326 6.769360e-01 3.224000e-03 3.198400e-01
327 6.764840e-01 3.080000e-03 3.204360e-01
328 6.760280e-01 2.988000e-03 3.209840e-01
329 6.755520e-01 2.916000e-03 3.215320e-01
330 6.751000e-01 2.940000e-03 3.219600e-01
331 6.745800e-01 2.928000e-03 3.224920e-01
332 6.740880e-01 2.892000e-03 3.230200e-01
333 6.735760e-01 2.904000e-03 3.235200e-01
334 6.731680e-01 2.776000e-03 3.240560e-01
335 6.727440e-01 2.748000e-03 3.245080e-01
336 6.723400e-01 2.664000e-03 3.249960e-01
337 6.719080e-01 2.684000e-03 3.254080e-01
338 6.713960e-01 2.696000e-03 3.259080e-01
339 6.709120e-01 2.636000e-03 3.264520e-01
340 6.704480e-01 2.648000e-03 3.269040e-01
341 6.700400e-01 2.600000e-03 3.273600e-01
342 6.696800e-01 2.504000e-03 3.278160e-01
343 6.692840e-01 2.492000e-03 3.282240e-01
344 6.688640e-01 2.460000e-03 3.286760e-01
345 6.684480e-01 2.396000e-03 3.291560e-01
346 6.680960e-01 2.368000e-03 3.295360e-01
347 6.677600e-01 2.268000e-03 3.299720e-01
348 6.673680e-01 2.264000e-03 3.303680e-01
349 6.670680e-01 2.152000e-03 3.307800e-01
350 6.667560e-01 2.072000e-03 3.311720e-01
351 6.664600e-01 1.972000e-03 3.315680e-01
352 6.660960e-01 2.008000e-03 3.318960e-01
353 6.657720e-01 2.020000e-03 3.322080e-01
354 6.654200e-01 2.088000e-03 3.324920e-01
355 6.650720e-01 2.080000e-03 3.328480e-01
356 6.646440e-01 2.116000e-03 3.332400e-01
357 6.642680e-01 2.116000e-03 3.336160e-01
358 6.638080e-01 2.168000e-03 3.340240e-01
359 6.633840e-01 2.212000e-03 3.344040e-01
360 6.629920e-01 2.232000e-03 3.347760e-01
361 6.626040e-01 2.220000e-03 3.351760e-01
362 6.621880e-01 2.252000e-03 3.355600e-01
363 6.617480e-01 2.264000e-03 3.359880e-01
364 6.613040e-01 2.344000e-03 3.363520e-01
365 6.608680e-01 2.376000e-03 3.367560e-01
366 6.604200e-01 2.392000e-03 3.371880e-01
367 6.600040e-01 2.376000e-03 3.376200e-01
368 6.595840e-01 2.392000e-03 3.380240e-01
369 6.592280e-01 2.304000e-03 3.384680e-01
370 6.588760e-01 2.228000e-03 3.388960e-01
371 6.585040e-01 2.232000e-03 3.392640e-01
372 6.581440e-01 2.276000e-03 3.395800e-01
373 6.577960e-01 2.256000e-03 3.399480e-01
374 6.574720e-01 2.232000e-03 3.402960e-01
375 6.571360e-01 2.212000e-03 3.406520e-01
376 6.568040e-01 2.160000e-03 3.410360e-01
377 6.564560e-01 2.120000e-03 3.414240e-01
378 6.561840e-01 2.116000e-03 3.417000e-01
379 6.558640e-01 2.060000e-03 3.420760e-01
380 6.556000e-01 1.960000e-03 3.424400e-01
381 6.552440e-01 1.968000e-03 3.427880e-01
382 6.548840e-01 1.988000e-03 3.431280e-01
383 6.545360e-01 1.980000e-03 3.434840e-01
384 6.541880e-01 1.996000e-03 3.438160e-01
385 6.538680e-01 1.984000e-03 3.441480e-01
386 6.535200e-01 2.000000e-03 3.444800e-01
387 6.531440e-01 2.024000e-03 3.448320e-01
388 6.527680e-01 2.100000e-03 3.451320e-01
389 6.525000e-01 2.024000e-03 3.454760e-01
390 6.521600e-01 1.972000e-03 3.458680e-01
391 6.517400e-01 2.080000e-03 3.461800e-01
392 6.514000e-01 2.064000e-03 3.465360e-01
393 6.511120e-01 2.016000e-03 3.468720e-01
394 6.508280e-01 1.944000e-03 3.472280e-01
395 6.505280e-01 1.928000e-03 3.475440e-01
396 6.502560e-01 1.860000e-03 3.478840e-01
397 6.499520e-01 1.868000e-03 3.481800e-01
398 6.497120e-01 1.768000e-03 3.485200e-01
399 6.494800e-01 1.676000e-03 3.488440e-01
400 6.492320e-01 1.632000e-03 3.491360e-01
401 6.490040e-01 1.616000e-03 3.493800e-01
402 6.487360e-01 1.624000e-03 3.496400e-01
403 6.484360e-01 1.656000e-03 3.499080e-01
404 6.481200e-01 1.708000e-03 3.501720e-01
405 6.478880e-01 1.644000e-03 3.504680e-01
406 6.476320e-01 1.652000e-03 3.507160e-01
407 6.473560e-01 1.604000e-03 3.510400e-01
408 6.470400e-01 1.664000e-03 3.512960e-01
409 6.467600e-01 1.624000e-03 3.516160e-01
410 6.465000e-01 1.624000e-03 3.518760e-01
411 6.462280e-01 1.592000e-03 3.521800e-01
412 6.459640e-01 1.564000e-03 3.524720e-01
413 6.456840e-01 1.584000e-03 3.527320e-01
414 6.454000e-01 1.540000e-03 3.530600e-01
415 6.451080e-01 1.536000e-03 3.533560e-01
416 6.448480e-01 1.492000e-03 3.536600e-01
417 6.445560e-01 1.508000e-03 3.539360e-01
418 6.443280e-01 1.500000e-03 3.541720e-01
419 6.440600e-01 1.460000e-03 3.544800e-01
420 6.437600e-01 1.496000e-03 3.547440e-01
421 6.434200e-01 1.604000e-03 3.549760e-01
422 6.431200e-01 1.620000e-03 3.552600e-01
423 6.428720e-01 1.548000e-03 3.555800e-01
424 6.426080e-01 1.528000e-03 3.558640e-01
425 6.423120e-01 1.576000e-03 3.561120e-01
426 6.420600e-01 1.596000e-03 3.563440e-01
427 6.417400e-01 1.648000e-03 3.566120e-01
428 6.414960e-01 1.608000e-03 3.568960e-01
429 6.412320e-01 1.620000e-03 3.571480e-01
430 6.409760e-01 1.588000e-03 3.574360e-01
431 6.406920e-01 1.564000e-03 3.577440e-01
432 6.403480e-01 1.640000e-03 3.580120e-01
433 6.400440e-01 1.672000e-03 3.582840e-01
434 6.397640e-01 1.672000e-03 3.585640e-01
435 6.394000e-01 1.752000e-03 3.588480e-01
436 6.390240e-01 1.796000e-03 3.591800e-01
437 6.386600e-01 1.796000e-03 3.595440e-01
438 6.383960e-01 1.760000e-03 3.598440e-01
439 6.380840e-01 1.728000e-03 3.601880e-01
440 6.378160e-01 1.576000e-03 3.606080e-01
441 6.375160e-01 1.580000e-03 3.609040e-01
442 6.372560e-01 1.552000e-03 3.611920e-01
443 6.369800e-01 1.536000e-03 3.614840e-01
444 6.367400e-01 1.464000e-03 3.617960e-01
445 6.363800e-01 1.588000e-03 3.620320e-01
446 6.360960e-01 1.612000e-03 3.622920e-01
447 6.358720e-01 1.532000e-03 3.625960e-01
448 6.356440e-01 1.512000e-03 3.628440e-01
449 6.353360e-01 1.544000e-03 3.631200e-01
450 6.351120e-01 1.500000e-03 3.633880e-01
451 6.349320e-01 1.460000e-03 3.636080e-01
452 6.346760e-01 1.452000e-03 3.638720e-01
453 6.344240e-01 1.432000e-03 3.641440e-01
454 6.340640e-01 1.532000e-03 3.644040e-01
455 6.337920e-01 1.528000e-03 3.646800e-01
456 6.335400e-01 1.500000e-03 3.649600e-01
457 6.333320e-01 1.432000e-03 3.652360e-01
458 6.330720e-01 1.412000e-03 3.655160e-01
459 6.328600e-01 1.332000e-03 3.658080e-01
460 6.325880e-01 1.412000e-03 3.660000e-01
461 6.323920e-01 1.344000e-03 3.662640e-01
462 6.322160e-01 1.268000e-03 3.665160e-01
463 6.320720e-01 1.216000e-03 3.667120e-01
464 6.319240e-01 1.128000e-03 3.669480e-01
465 6.317920e-01 1.072000e-03 3.671360e-01
466 6.316880e-01 9.800000e-04 3.673320e-01
467 6.315040e-01 1.024000e-03 3.674720e-01
468 6.313120e-01 1.020000e-03 3.676680e-01
469 6.312000e-01 9.640000e-04 3.678360e-01
470 6.310880e-01 9.200000e-04 3.679920e-01
471 6.309960e-01 8.680000e-04 3.681360e-01
472 6.308960e-01 8.480000e-04 3.682560e-01
473 6.307840e-01 8.000000e-04 3.684160e-01
474 6.306800e-01 7.840000e-04 3.685360e-01
475 6.305920e-01 7.360000e-04 3.686720e-01
476 6.305440e-01 6.560000e-04 3.688000e-01
477 6.304760e-01 6.240000e-04 3.689000e-01
478 6.304040e-01 5.440000e-04 3.690520e-01
479 6.303320e-01 5.280000e-04 3.691400e-01
480 6.302240e-01 5.600000e-04 3.692160e-01
481 6.300960e-01 5.960000e-04 3.693080e-01
482 6.300040e-01 5.840000e-04 3.694120e-01
483 6.298880e-01 6.080000e-04 3.695040e-01
484 6.297840e-01 5.680000e-04 3.696480e-01
485 6.296600e-01 5.720000e-04 3.697680e-01
486 6.295520e-01 5.600000e-04 3.698880e-01
487 6.294920e-01 5.160000e-04 3.699920e-01
488 6.294120e-01 5.000000e-04 3.700880e-01
489 6.293640e-01 4.520000e-04 3.701840e-01
490 6.292920e-01 4.280000e-04 3.702800e-01
491 6.292160e-01 4.320000e-04 3.703520e-01
492 6.291360e-01 4.560000e-04 3.704080e-01
493 6.290360e-01 4.920000e-04 3.704720e-01
494 6.289120e-01 5.120000e-04 3.705760e-01
495 6.288120e-01 5.240000e-04 3.706640e-01
496 6.287440e-01 5.040000e-04 3.707520e-01
497 6.287040e-01 4.520000e-04 3.708440e-01
498 6.286360e-01 4.160000e-04 3.709480e-01
499 6.286040e-01 3.840000e-04 3.710120e-01
500 6.285400e-01 3.840000e-04 3.710760e-01
