1 9.992600e-01 6.480000e-04 9.200000e-05
2 9.987760e-01 9.720000e-04 2.520000e-04
3 9.982280e-01 1.264000e-03 5.080000e-04
4 9.975320e-01 1.688000e-03 7.800000e-04
5 9.968280e-01 2.032000e-03 1.140000e-03
6 9.960400e-01 2.456000e-03 1.504000e-03
7 9.952080e-01 2.896000e-03 1.896000e-03
8 9.942840e-01 3.276000e-03 2.440000e-03
9 9.933200e-01 3.648000e-03 3.032000e-03
10 9.923040e-01 3.952000e-03 3.744000e-03
11 9.912080e-01 4.296000e-03 4.496000e-03
12 9.901400e-01 4.636000e-03 5.224000e-03
13 9.889520e-01 4.972000e-03 6.076000e-03
14 9.878840e-01 5.108000e-03 7.008000e-03
15 9.866960e-01 5.392000e-03 7.912000e-03
16 9.855440e-01 5.584000e-03 8.872000e-03
17 9.843280e-01 5.860000e-03 9.812000e-03
18 9.829920e-01 6.104000e-03 1.090400e-02
19 9.816680e-01 6.268000e-03 1.206400e-02
20 9.802800e-01 6.532000e-03 1.318800e-02
21 9.787880e-01 6.792000e-03 1.442000e-02
22 9.774320e-01 6.924000e-03 1.564400e-02
23 9.760160e-01 7.056000e-03 1.692800e-02
24 9.746560e-01 7.300000e-03 1.804400e-02
25 9.731520e-01 7.508000e-03 1.934000e-02
26 9.716880e-01 7.640000e-03 2.067200e-02
27 9.701720e-01 7.660000e-03 2.216800e-02
28 9.687920e-01 7.580000e-03 2.362800e-02
29 9.674160e-01 7.660000e-03 2.492400e-02
30 9.660840e-01 7.672000e-03 2.624400e-02
31 9.647160e-01 7.548000e-03 2.773600e-02
32 9.633120e-01 7.640000e-03 2.904800e-02
33 9.619600e-01 7.572000e-03 3.046800e-02
34 9.605320e-01 7.756000e-03 3.171200e-02
35 9.590440e-01 7.904000e-03 3.305200e-02
36 9.576360e-01 7.944000e-03 3.442000e-02
37 9.559760e-01 8.144000e-03 3.588000e-02
38 9.543600e-01 8.316000e-03 3.732400e-02
39 9.527360e-01 8.600000e-03 3.866400e-02
40 9.511920e-01 8.696000e-03 4.011200e-02
41 9.497840e-01 8.616000e-03 4.160000e-02
42 9.482360e-01 8.608000e-03 4.315600e-02
43 9.468560e-01 8.636000e-03 4.450800e-02
44 9.452600e-01 8.840000e-03 4.590000e-02
45 9.436280e-01 8.960000e-03 4.741200e-02
46 9.420640e-01 8.984000e-03 4.895200e-02
47 9.405240e-01 8.924000e-03 5.055200e-02
48 9.389160e-01 8.880000e-03 5.220400e-02
49 9.372360e-01 8.932000e-03 5.383200e-02
50 9.356280e-01 8.972000e-03 5.540000e-02
51 9.339320e-01 9.032000e-03 5.703600e-02
52 9.323400e-01 8.984000e-03 5.867600e-02
53 9.306280e-01 9.048000e-03 6.032400e-02
54 9.291000e-01 9.028000e-03 6.187200e-02
55 9.272920e-01 9.192000e-03 6.351600e-02
56 9.254440e-01 9.412000e-03 6.514400e-02
57 9.236880e-01 9.488000e-03 6.682400e-02
58 9.215840e-01 9.876000e-03 6.854000e-02
59 9.196400e-01 1.009600e-02 7.026400e-02
60 9.178680e-01 1.008000e-02 7.205200e-02
61 9.160720e-01 1.015200e-02 7.377600e-02
62 9.142520e-01 1.025600e-02 7.549200e-02
63 9.123560e-01 1.044800e-02 7.719600e-02
64 9.105040e-01 1.058000e-02 7.891600e-02
65 9.088040e-01 1.033200e-02 8.086400e-02
66 9.069880e-01 1.039600e-02 8.261600e-02
67 9.052840e-01 1.025600e-02 8.446000e-02
68 9.035440e-01 1.017200e-02 8.628400e-02
69 9.018240e-01 1.016000e-02 8.801600e-02
70 9.001320e-01 1.008400e-02 8.978400e-02
71 8.982920e-01 1.027200e-02 9.143600e-02
72 8.965280e-01 1.014400e-02 9.332800e-02
73 8.947600e-01 1.026000e-02 9.498000e-02
74 8.931560e-01 1.022800e-02 9.661600e-02
75 8.913960e-01 1.004000e-02 9.856400e-02
76 8.898640e-01 9.944000e-03 1.001920e-01
77 8.883280e-01 9.668000e-03 1.020040e-01
78 8.867520e-01 9.616000e-03 1.036320e-01
79 8.850640e-01 9.772000e-03 1.051640e-01
80 8.833160e-01 9.836000e-03 1.068480e-01
81 8.817120e-01 9.800000e-03 1.084880e-01
82 8.801080e-01 9.648000e-03 1.102440e-01
83 8.784800e-01 9.584000e-03 1.119360e-01
84 8.768360e-01 9.668000e-03 1.134960e-01
85 8.753000e-01 9.556000e-03 1.151440e-01
86 8.737200e-01 9.360000e-03 1.169200e-01
87 8.720720e-01 9.224000e-03 1.187040e-01
88 8.705560e-01 9.160000e-03 1.202840e-01
89 8.690040e-01 9.152000e-03 1.218440e-01
90 8.674640e-01 9.024000e-03 1.235120e-01
91 8.656840e-01 9.140000e-03 1.251760e-01
92 8.641200e-01 9.164000e-03 1.267160e-01
93 8.626280e-01 8.924000e-03 1.284480e-01
94 8.611200e-01 8.964000e-03 1.299160e-01
95 8.595040e-01 9.056000e-03 1.314400e-01
96 8.578400e-01 9.156000e-03 1.330040e-01
97 8.562880e-01 9.012000e-03 1.347000e-01
98 8.548600e-01 8.884000e-03 1.362560e-01
99 8.531760e-01 9.008000e-03 1.378160e-01
100 8.516160e-01 9.016000e-03 1.393680e-01
101 8.500080e-01 9.108000e-03 1.408840e-01
102 8.486000e-01 8.860000e-03 1.425400e-01
103 8.470720e-01 8.848000e-03 1.440800e-01
104 8.454320e-01 8.944000e-03 1.456240e-01
105 8.438880e-01 8.976000e-03 1.471360e-01
106 8.422920e-01 9.072000e-03 1.486360e-01
107 8.407000e-01 9.144000e-03 1.501560e-01
108 8.391720e-01 9.088000e-03 1.517400e-01
109 8.376560e-01 8.936000e-03 1.534080e-01
110 8.363160e-01 8.696000e-03 1.549880e-01
111 8.347040e-01 8.836000e-03 1.564600e-01
112 8.331880e-01 8.836000e-03 1.579760e-01
113 8.317240e-01 8.828000e-03 1.594480e-01
114 8.300160e-01 9.088000e-03 1.608960e-01
115 8.284080e-01 9.276000e-03 1.623160e-01
116 8.269560e-01 9.096000e-03 1.639480e-01
117 8.255400e-01 8.916000e-03 1.655440e-01
118 8.240840e-01 8.796000e-03 1.671200e-01
119 8.226280e-01 8.604000e-03 1.687680e-01
120 8.211160e-01 8.680000e-03 1.702040e-01
121 8.195560e-01 8.692000e-03 1.717520e-01
122 8.180720e-01 8.624000e-03 1.733040e-01
123 8.165040e-01 8.732000e-03 1.747640e-01
124 8.150480e-01 8.712000e-03 1.762400e-01
125 8.136600e-01 8.540000e-03 1.778000e-01
126 8.123920e-01 8.432000e-03 1.791760e-01
127 8.111800e-01 8.152000e-03 1.806680e-01
128 8.098080e-01 8.072000e-03 1.821200e-01
129 8.086440e-01 7.892000e-03 1.834640e-01
130 8.073240e-01 7.760000e-03 1.849160e-01
131 8.062000e-01 7.452000e-03 1.863480e-01
132 8.050040e-01 7.392000e-03 1.876040e-01
133 8.036480e-01 7.508000e-03 1.888440e-01
134 8.024880e-01 7.476000e-03 1.900360e-01
135 8.012160e-01 7.408000e-03 1.913760e-01
136 8.001000e-01 7.280000e-03 1.926200e-01
137 7.988160e-01 7.316000e-03 1.938680e-01
138 7.974960e-01 7.308000e-03 1.951960e-01
139 7.960280e-01 7.472000e-03 1.965000e-01
140 7.946680e-01 7.588000e-03 1.977440e-01
141 7.933000e-01 7.592000e-03 1.991080e-01
142 7.920240e-01 7.620000e-03 2.003560e-01
143 7.908320e-01 7.544000e-03 2.016240e-01
144 7.895520e-01 7.588000e-03 2.028600e-01
145 7.884080e-01 7.348000e-03 2.042440e-01
146 7.871480e-01 7.360000e-03 2.054920e-01
147 7.859400e-01 7.164000e-03 2.068960e-01
148 7.847680e-01 6.960000e-03 2.082720e-01
149 7.837240e-01 6.900000e-03 2.093760e-01
150 7.825280e-01 6.984000e-03 2.104880e-01
151 7.812760e-01 6.876000e-03 2.118480e-01
152 7.802120e-01 6.748000e-03 2.130400e-01
153 7.792560e-01 6.504000e-03 2.142400e-01
154 7.782120e-01 6.516000e-03 2.152720e-01
155 7.772320e-01 6.408000e-03 2.163600e-01
156 7.762080e-01 6.384000e-03 2.174080e-01
157 7.750680e-01 6.476000e-03 2.184560e-01
158 7.740960e-01 6.276000e-03 2.196280e-01
159 7.730920e-01 6.188000e-03 2.207200e-01
160 7.722200e-01 5.972000e-03 2.218080e-01
161 7.711560e-01 5.972000e-03 2.228720e-01
162 7.702520e-01 5.728000e-03 2.240200e-01
163 7.693600e-01 5.596000e-03 2.250440e-01
164 7.684120e-01 5.704000e-03 2.258840e-01
165 7.674160e-01 5.732000e-03 2.268520e-01
166 7.664720e-01 5.656000e-03 2.278720e-01
167 7.655160e-01 5.668000e-03 2.288160e-01
168 7.645960e-01 5.624000e-03 2.297800e-01
169 7.635640e-01 5.712000e-03 2.307240e-01
170 7.625000e-01 5.680000e-03 2.318200e-01
171 7.615720e-01 5.664000e-03 2.327640e-01
172 7.605800e-01 5.744000e-03 2.336760e-01
173 7.597760e-01 5.500000e-03 2.347240e-01
174 7.588920e-01 5.544000e-03 2.355640e-01
175 7.579680e-01 5.528000e-03 2.365040e-01
176 7.571320e-01 5.464000e-03 2.374040e-01
177 7.563040e-01 5.440000e-03 2.382560e-01
178 7.554360e-01 5.360000e-03 2.392040e-01
179 7.546520e-01 5.236000e-03 2.401120e-01
180 7.537960e-01 5.200000e-03 2.410040e-01
181 7.529280e-01 5.188000e-03 2.418840e-01
182 7.520920e-01 5.148000e-03 2.427600e-01
183 7.512400e-01 5.104000e-03 2.436560e-01
184 7.503760e-01 5.008000e-03 2.446160e-01
185 7.495640e-01 4.908000e-03 2.455280e-01
186 7.487480e-01 4.868000e-03 2.463840e-01
187 7.479040e-01 4.944000e-03 2.471520e-01
188 7.471880e-01 4.836000e-03 2.479760e-01
189 7.463680e-01 4.848000e-03 2.487840e-01
190 7.456400e-01 4.692000e-03 2.496680e-01
191 7.448200e-01 4.676000e-03 2.505040e-01
192 7.440760e-01 4.684000e-03 2.512400e-01
193 7.432120e-01 4.680000e-03 2.521080e-01
194 7.423760e-01 4.740000e-03 2.528840e-01
195 7.414400e-01 4.824000e-03 2.537360e-01
196 7.407400e-01 4.768000e-03 2.544920e-01
197 7.399320e-01 4.744000e-03 2.553240e-01
198 7.391560e-01 4.772000e-03 2.560720e-01
199 7.383360e-01 4.688000e-03 2.569760e-01
200 7.376240e-01 4.528000e-03 2.578480e-01
201 7.367920e-01 4.500000e-03 2.587080e-01
202 7.360000e-01 4.420000e-03 2.595800e-01
203 7.353080e-01 4.392000e-03 2.603000e-01
204 7.345440e-01 4.296000e-03 2.611600e-01
205 7.338520e-01 4.296000e-03 2.618520e-01
206 7.330640e-01 4.296000e-03 2.626400e-01
207 7.324080e-01 4.132000e-03 2.634600e-01
208 7.315680e-01 4.284000e-03 2.641480e-01
209 7.307440e-01 4.352000e-03 2.649040e-01
210 7.299880e-01 4.328000e-03 2.656840e-01
211 7.292520e-01 4.340000e-03 2.664080e-01
212 7.284960e-01 4.328000e-03 2.671760e-01
213 7.276560e-01 4.388000e-03 2.679560e-01
214 7.268560e-01 4.480000e-03 2.686640e-01
215 7.260840e-01 4.452000e-03 2.694640e-01
216 7.251760e-01 4.572000e-03 2.702520e-01
217 7.243640e-01 4.600000e-03 2.710360e-01
218 7.235320e-01 4.612000e-03 2.718560e-01
219 7.226680e-01 4.640000e-03 2.726920e-01
220 7.217840e-01 4.788000e-03 2.734280e-01
221 7.208880e-01 4.888000e-03 2.742240e-01
222 7.200320e-01 4.908000e-03 2.750600e-01
223 7.192360e-01 4.852000e-03 2.759120e-01
224 7.183880e-01 4.812000e-03 2.768000e-01
225 7.177640e-01 4.664000e-03 2.775720e-01
226 7.171400e-01 4.512000e-03 2.783480e-01
227 7.165240e-01 4.384000e-03 2.790920e-01
228 7.158480e-01 4.316000e-03 2.798360e-01
229 7.151640e-01 4.200000e-03 2.806360e-01
230 7.145520e-01 4.052000e-03 2.813960e-01
231 7.139600e-01 3.884000e-03 2.821560e-01
232 7.134800e-01 3.684000e-03 2.828360e-01
233 7.130200e-01 3.552000e-03 2.834280e-01
234 7.124720e-01 3.532000e-03 2.839960e-01
235 7.118680e-01 3.488000e-03 2.846440e-01
236 7.114200e-01 3.372000e-03 2.852080e-01
237 7.109360e-01 3.248000e-03 2.858160e-01
238 7.104040e-01 3.316000e-03 2.862800e-01
239 7.098600e-01 3.292000e-03 2.868480e-01
240 7.093200e-01 3.252000e-03 2.874280e-01
241 7.089280e-01 3.072000e-03 2.880000e-01
242 7.083880e-01 3.060000e-03 2.885520e-01
243 7.079400e-01 2.944000e-03 2.891160e-01
244 7.074160e-01 2.900000e-03 2.896840e-01
245 7.069440e-01 2.876000e-03 2.901800e-01
246 7.064640e-01 2.836000e-03 2.907000e-01
247 7.060320e-01 2.764000e-03 2.912040e-01
248 7.056080e-01 2.684000e-03 2.917080e-01
249 7.051720e-01 2.672000e-03 2.921560e-01
250 7.047000e-01 2.652000e-03 2.926480e-01
251 7.043760e-01 2.516000e-03 2.931080e-01
252 7.038960e-01 2.556000e-03 2.935480e-01
253 7.034640e-01 2.580000e-03 2.939560e-01
254 7.030000e-01 2.608000e-03 2.943920e-01
255 7.025560e-01 2.560000e-03 2.948840e-01
256 7.022360e-01 2.396000e-03 2.953680e-01
257 7.019520e-01 2.232000e-03 2.958160e-01
258 7.016800e-01 2.176000e-03 2.961440e-01
259 7.012840e-01 2.240000e-03 2.964760e-01
260 7.008640e-01 2.316000e-03 2.968200e-01
261 7.004680e-01 2.304000e-03 2.972280e-01
262 7.000440e-01 2.340000e-03 2.976160e-01
263 6.996240e-01 2.316000e-03 2.980600e-01
264 6.992760e-01 2.288000e-03 2.984360e-01
265 6.988360e-01 2.328000e-03 2.988360e-01
266 6.984640e-01 2.344000e-03 2.991920e-01
267 6.980600e-01 2.364000e-03 2.995760e-01
268 6.975840e-01 2.468000e-03 2.999480e-01
269 6.971680e-01 2.440000e-03 3.003920e-01
270 6.967600e-01 2.396000e-03 3.008440e-01
271 6.962920e-01 2.468000e-03 3.012400e-01
272 6.958960e-01 2.428000e-03 3.016760e-01
273 6.954000e-01 2.584000e-03 3.020160e-01
274 6.948680e-01 2.716000e-03 3.024160e-01
275 6.944000e-01 2.724000e-03 3.028760e-01
276 6.938920e-01 2.744000e-03 3.033640e-01
277 6.934480e-01 2.700000e-03 3.038520e-01
278 6.929880e-01 2.600000e-03 3.044120e-01
279 6.926280e-01 2.476000e-03 3.048960e-01
280 6.922240e-01 2.540000e-03 3.052360e-01
281 6.918080e-01 2.500000e-03 3.056920e-01
282 6.913560e-01 2.500000e-03 3.061440e-01
283 6.909080e-01 2.500000e-03 3.065920e-01
284 6.904800e-01 2.444000e-03 3.070760e-01
285 6.900240e-01 2.480000e-03 3.074960e-01
286 6.896360e-01 2.440000e-03 3.079240e-01
287 6.892560e-01 2.388000e-03 3.083560e-01
288 6.887960e-01 2.456000e-03 3.087480e-01
289 6.884320e-01 2.416000e-03 3.091520e-01
290 6.879600e-01 2.468000e-03 3.095720e-01
291 6.875800e-01 2.440000e-03 3.099800e-01
292 6.871840e-01 2.412000e-03 3.104040e-01
293 6.867320e-01 2.336000e-03 3.109320e-01
294 6.863400e-01 2.372000e-03 3.112880e-01
295 6.859320e-01 2.368000e-03 3.117000e-01
296 6.855440e-01 2.384000e-03 3.120720e-01
297 6.852080e-01 2.264000e-03 3.125280e-01
298 6.847920e-01 2.304000e-03 3.129040e-01
299 6.844600e-01 2.244000e-03 3.132960e-01
300 6.840720e-01 2.252000e-03 3.136760e-01
301 6.836400e-01 2.372000e-03 3.139880e-01
302 6.831480e-01 2.456000e-03 3.143960e-01
303 6.826240e-01 2.552000e-03 3.148240e-01
304 6.822480e-01 2.488000e-03 3.152640e-01
305 6.819200e-01 2.408000e-03 3.156720e-01
306 6.815160e-01 2.416000e-03 3.160680e-01
307 6.811280e-01 2.424000e-03 3.164480e-01
308 6.807800e-01 2.280000e-03 3.169400e-01
309 6.804280e-01 2.216000e-03 3.173560e-01
310 6.800680e-01 2.144000e-03 3.177880e-01
311 6.797280e-01 2.104000e-03 3.181680e-01
312 6.793600e-01 2.056000e-03 3.185840e-01
313 6.790440e-01 2.056000e-03 3.189000e-01
314 6.786120e-01 2.100000e-03 3.192880e-01
315 6.782800e-01 2.072000e-03 3.196480e-01
316 6.779600e-01 2.040000e-03 3.200000e-01
317 6.775520e-01 2.088000e-03 3.203600e-01
318 6.772280e-01 2.068000e-03 3.207040e-01
319 6.768720e-01 2.088000e-03 3.210400e-01
320 6.764800e-01 2.136000e-03 3.213840e-01
321 6.761200e-01 2.124000e-03 3.217560e-01
322 6.756800e-01 2.260000e-03 3.220600e-01
323 6.753000e-01 2.224000e-03 3.224760e-01
324 6.749320e-01 2.232000e-03 3.228360e-01
325 6.744840e-01 2.260000e-03 3.232560e-01
326 6.741600e-01 2.200000e-03 3.236400e-01
327 6.738880e-01 2.068000e-03 3.240440e-01
328 6.735920e-01 1.980000e-03 3.244280e-01
329 6.732480e-01 2.052000e-03 3.247000e-01
330 6.729400e-01 1.924000e-03 3.251360e-01
331 6.726280e-01 1.872000e-03 3.255000e-01
332 6.723600e-01 1.824000e-03 3.258160e-01
333 6.720800e-01 1.820000e-03 3.261000e-01
334 6.717320e-01 1.880000e-03 3.263880e-01
335 6.714000e-01 1.916000e-03 3.266840e-01
336 6.709000e-01 2.092000e-03 3.270080e-01
337 6.704560e-01 2.136000e-03 3.274080e-01
338 6.701520e-01 2.036000e-03 3.278120e-01
339 6.698440e-01 2.020000e-03 3.281360e-01
340 6.695000e-01 1.996000e-03 3.285040e-01
341 6.691320e-01 1.972000e-03 3.288960e-01
342 6.688200e-01 1.996000e-03 3.291840e-01
343 6.685120e-01 1.960000e-03 3.295280e-01
344 6.682080e-01 1.920000e-03 3.298720e-01
345 6.679440e-01 1.812000e-03 3.302440e-01
346 6.676880e-01 1.772000e-03 3.305400e-01
347 6.674920e-01 1.720000e-03 3.307880e-01
348 6.672560e-01 1.664000e-03 3.310800e-01
349 6.670080e-01 1.604000e-03 3.313880e-01
350 6.667400e-01 1.620000e-03 3.316400e-01
351 6.665280e-01 1.564000e-03 3.319080e-01
352 6.662680e-01 1.500000e-03 3.322320e-01
353 6.659800e-01 1.520000e-03 3.325000e-01
354 6.655960e-01 1.624000e-03 3.327800e-01
355 6.652840e-01 1.636000e-03 3.330800e-01
356 6.649440e-01 1.692000e-03 3.333640e-01
357 6.646560e-01 1.664000e-03 3.336800e-01
358 6.643800e-01 1.704000e-03 3.339160e-01
359 6.640600e-01 1.636000e-03 3.343040e-01
360 6.638080e-01 1.584000e-03 3.346080e-01
361 6.635160e-01 1.592000e-03 3.348920e-01
362 6.632720e-01 1.548000e-03 3.351800e-01
363 6.629920e-01 1.536000e-03 3.354720e-01
364 6.626720e-01 1.576000e-03 3.357520e-01
365 6.623600e-01 1.652000e-03 3.359880e-01
366 6.620000e-01 1.732000e-03 3.362680e-01
367 6.616720e-01 1.760000e-03 3.365680e-01
368 6.614320e-01 1.700000e-03 3.368680e-01
369 6.611520e-01 1.700000e-03 3.371480e-01
370 6.609120e-01 1.640000e-03 3.374480e-01
371 6.606600e-01 1.608000e-03 3.377320e-01
372 6.603760e-01 1.624000e-03 3.380000e-01
373 6.601760e-01 1.524000e-03 3.383000e-01
374 6.599280e-01 1.460000e-03 3.386120e-01
375 6.596680e-01 1.400000e-03 3.389320e-01
376 6.594480e-01 1.352000e-03 3.392000e-01
377 6.592360e-01 1.356000e-03 3.394080e-01
378 6.590280e-01 1.312000e-03 3.396600e-01
379 6.588680e-01 1.252000e-03 3.398800e-01
380 6.587120e-01 1.172000e-03 3.401160e-01
381 6.585280e-01 1.148000e-03 3.403240e-01
382 6.583440e-01 1.116000e-03 3.405400e-01
383 6.581400e-01 1.180000e-03 3.406800e-01
384 6.579280e-01 1.204000e-03 3.408680e-01
385 6.577320e-01 1.220000e-03 3.410480e-01
386 6.575360e-01 1.248000e-03 3.412160e-01
387 6.573040e-01 1.268000e-03 3.414280e-01
388 6.570720e-01 1.256000e-03 3.416720e-01
389 6.568280e-01 1.288000e-03 3.418840e-01
390 6.565960e-01 1.308000e-03 3.420960e-01
391 6.563600e-01 1.328000e-03 3.423120e-01
392 6.561840e-01 1.252000e-03 3.425640e-01
393 6.559760e-01 1.224000e-03 3.428000e-01
394 6.558200e-01 1.148000e-03 3.430320e-01
395 6.556880e-01 1.076000e-03 3.432360e-01
396 6.555640e-01 1.016000e-03 3.434200e-01
397 6.553840e-01 9.880000e-04 3.436280e-01
398 6.552080e-01 1.004000e-03 3.437880e-01
399 6.550640e-01 9.600000e-04 3.439760e-01
400 6.549080e-01 9.360000e-04 3.441560e-01
401 6.547600e-01 9.360000e-04 3.443040e-01
402 6.546320e-01 8.920000e-04 3.444760e-01
403 6.545240e-01 8.120000e-04 3.446640e-01
404 6.543760e-01 8.320000e-04 3.447920e-01
405 6.542600e-01 8.200000e-04 3.449200e-01
406 6.540840e-01 8.840000e-04 3.450320e-01
407 6.539120e-01 8.880000e-04 3.452000e-01
408 6.537160e-01 9.800000e-04 3.453040e-01
409 6.535680e-01 9.600000e-04 3.454720e-01
410 6.534480e-01 9.080000e-04 3.456440e-01
411 6.532760e-01 8.960000e-04 3.458280e-01
412 6.531400e-01 8.600000e-04 3.460000e-01
413 6.529440e-01 8.960000e-04 3.461600e-01
414 6.528320e-01 8.400000e-04 3.463280e-01
415 6.526880e-01 8.560000e-04 3.464560e-01
416 6.525680e-01 8.400000e-04 3.465920e-01
417 6.524160e-01 8.440000e-04 3.467400e-01
418 6.522480e-01 8.560000e-04 3.468960e-01
419 6.520800e-01 8.720000e-04 3.470480e-01
420 6.518960e-01 8.480000e-04 3.472560e-01
421 6.517680e-01 8.560000e-04 3.473760e-01
422 6.515920e-01 9.160000e-04 3.474920e-01
423 6.514840e-01 8.440000e-04 3.476720e-01
424 6.513360e-01 8.800000e-04 3.477840e-01
425 6.512000e-01 8.920000e-04 3.479080e-01
426 6.510840e-01 9.160000e-04 3.480000e-01
427 6.509640e-01 8.720000e-04 3.481640e-01
428 6.508280e-01 8.640000e-04 3.483080e-01
429 6.506880e-01 8.840000e-04 3.484280e-01
430 6.505400e-01 8.880000e-04 3.485720e-01
431 6.504240e-01 8.600000e-04 3.487160e-01
432 6.503520e-01 7.680000e-04 3.488800e-01
433 6.502520e-01 7.480000e-04 3.490000e-01
434 6.501680e-01 6.720000e-04 3.491600e-01
435 6.500040e-01 7.160000e-04 3.492800e-01
436 6.498400e-01 7.880000e-04 3.493720e-01
437 6.496640e-01 8.240000e-04 3.495120e-01
438 6.494480e-01 8.600000e-04 3.496920e-01
439 6.492360e-01 9.360000e-04 3.498280e-01
440 6.490240e-01 9.880000e-04 3.499880e-01
441 6.488000e-01 1.044000e-03 3.501560e-01
442 6.485760e-01 1.096000e-03 3.503280e-01
443 6.483760e-01 1.136000e-03 3.504880e-01
444 6.481880e-01 1.180000e-03 3.506320e-01
445 6.479840e-01 1.180000e-03 3.508360e-01
446 6.478200e-01 1.172000e-03 3.510080e-01
447 6.475920e-01 1.228000e-03 3.511800e-01
448 6.473560e-01 1.244000e-03 3.514000e-01
449 6.471600e-01 1.232000e-03 3.516080e-01
450 6.469880e-01 1.180000e-03 3.518320e-01
451 6.468560e-01 1.112000e-03 3.520320e-01
452 6.467040e-01 1.136000e-03 3.521600e-01
453 6.465400e-01 1.088000e-03 3.523720e-01
454 6.464200e-01 1.016000e-03 3.525640e-01
455 6.462680e-01 9.760000e-04 3.527560e-01
456 6.461280e-01 9.320000e-04 3.529400e-01
457 6.460000e-01 9.160000e-04 3.530840e-01
458 6.458760e-01 8.600000e-04 3.532640e-01
459 6.457520e-01 8.160000e-04 3.534320e-01
460 6.456480e-01 7.920000e-04 3.535600e-01
461 6.455000e-01 8.200000e-04 3.536800e-01
462 6.453560e-01 8.720000e-04 3.537720e-01
463 6.452240e-01 8.560000e-04 3.539200e-01
464 6.450720e-01 8.680000e-04 3.540600e-01
465 6.449360e-01 8.840000e-04 3.541800e-01
466 6.448200e-01 8.240000e-04 3.543560e-01
467 6.446440e-01 8.800000e-04 3.544760e-01
468 6.445480e-01 8.520000e-04 3.546000e-01
469 6.444240e-01 8.040000e-04 3.547720e-01
470 6.443040e-01 8.000000e-04 3.548960e-01
471 6.441440e-01 8.440000e-04 3.550120e-01
472 6.440320e-01 8.320000e-04 3.551360e-01
473 6.438720e-01 8.120000e-04 3.553160e-01
474 6.437360e-01 7.600000e-04 3.555040e-01
475 6.435960e-01 7.840000e-04 3.556200e-01
476 6.434960e-01 7.400000e-04 3.557640e-01
477 6.433320e-01 7.640000e-04 3.559040e-01
478 6.432720e-01 6.880000e-04 3.560400e-01
479 6.431800e-01 6.840000e-04 3.561360e-01
480 6.430480e-01 7.040000e-04 3.562480e-01
481 6.429080e-01 7.360000e-04 3.563560e-01
482 6.427880e-01 7.200000e-04 3.564920e-01
483 6.426560e-01 7.280000e-04 3.566160e-01
484 6.425320e-01 6.960000e-04 3.567720e-01
485 6.424040e-01 7.280000e-04 3.568680e-01
486 6.422680e-01 7.560000e-04 3.569760e-01
487 6.421760e-01 7.160000e-04 3.571080e-01
488 6.419920e-01 7.440000e-04 3.572640e-01
489 6.418520e-01 7.440000e-04 3.574040e-01
490 6.416920e-01 7.760000e-04 3.575320e-01
491 6.415760e-01 7.760000e-04 3.576480e-01
492 6.414680e-01 7.520000e-04 3.577800e-01
493 6.413200e-01 7.480000e-04 3.579320e-01
494 6.411640e-01 7.880000e-04 3.580480e-01
495 6.410200e-01 7.960000e-04 3.581840e-01
496 6.408960e-01 8.240000e-04 3.582800e-01
497 6.407680e-01 8.320000e-04 3.584000e-01
498 6.406400e-01 8.000000e-04 3.585600e-01
499 6.405000e-01 7.920000e-04 3.587080e-01
500 6.404040e-01 7.360000e-04 3.588600e-01
