1 9.992080e-01 7.000000e-04 9.200000e-05
2 9.988120e-01 9.320000e-04 2.560000e-04
3 9.982440e-01 1.304000e-03 4.520000e-04
4 9.975560e-01 1.720000e-03 7.240000e-04
5 9.966920e-01 2.252000e-03 1.056000e-03
6 9.958120e-01 2.740000e-03 1.448000e-03
7 9.949640e-01 3.092000e-03 1.944000e-03
8 9.940000e-01 3.536000e-03 2.464000e-03
9 9.929720e-01 3.912000e-03 3.116000e-03
10 9.919560e-01 4.180000e-03 3.864000e-03
11 9.908040e-01 4.520000e-03 4.676000e-03
12 9.897080e-01 4.720000e-03 5.572000e-03
13 9.884720e-01 5.088000e-03 6.440000e-03
14 9.872480e-01 5.340000e-03 7.412000e-03
15 9.861200e-01 5.604000e-03 8.276000e-03
16 9.849120e-01 5.760000e-03 9.328000e-03
17 9.836640e-01 6.036000e-03 1.030000e-02
18 9.823360e-01 6.260000e-03 1.140400e-02
19 9.810440e-01 6.524000e-03 1.243200e-02
20 9.797720e-01 6.648000e-03 1.358000e-02
21 9.785320e-01 6.684000e-03 1.478400e-02
22 9.773400e-01 6.748000e-03 1.591200e-02
23 9.760120e-01 6.856000e-03 1.713200e-02
24 9.747400e-01 6.924000e-03 1.833600e-02
25 9.735080e-01 6.964000e-03 1.952800e-02
26 9.722680e-01 6.884000e-03 2.084800e-02
27 9.709800e-01 7.008000e-03 2.201200e-02
28 9.696360e-01 7.252000e-03 2.311200e-02
29 9.682800e-01 7.232000e-03 2.448800e-02
30 9.667320e-01 7.520000e-03 2.574800e-02
31 9.652920e-01 7.572000e-03 2.713600e-02
32 9.638440e-01 7.668000e-03 2.848800e-02
33 9.623040e-01 7.976000e-03 2.972000e-02
34 9.606320e-01 8.352000e-03 3.101600e-02
35 9.590720e-01 8.484000e-03 3.244400e-02
36 9.574320e-01 8.644000e-03 3.392400e-02
37 9.557800e-01 8.660000e-03 3.556000e-02
38 9.542120e-01 8.748000e-03 3.704000e-02
39 9.526800e-01 8.692000e-03 3.862800e-02
40 9.511520e-01 8.684000e-03 4.016400e-02
41 9.495680e-01 8.668000e-03 4.176400e-02
42 9.479200e-01 8.768000e-03 4.331200e-02
43 9.463400e-01 8.752000e-03 4.490800e-02
44 9.447960e-01 8.692000e-03 4.651200e-02
45 9.431440e-01 8.740000e-03 4.811600e-02
46 9.415080e-01 8.836000e-03 4.965600e-02
47 9.398080e-01 8.956000e-03 5.123600e-02
48 9.381600e-01 9.072000e-03 5.276800e-02
49 9.366120e-01 9.068000e-03 5.432000e-02
50 9.349600e-01 9.200000e-03 5.584000e-02
51 9.334760e-01 9.080000e-03 5.744400e-02
52 9.319440e-01 9.108000e-03 5.894800e-02
53 9.304120e-01 9.024000e-03 6.056400e-02
54 9.287920e-01 9.168000e-03 6.204000e-02
55 9.271120e-01 9.192000e-03 6.369600e-02
56 9.253560e-01 9.372000e-03 6.527200e-02
57 9.234480e-01 9.712000e-03 6.684000e-02
58 9.215680e-01 9.864000e-03 6.856800e-02
59 9.196800e-01 1.002000e-02 7.030000e-02
60 9.178920e-01 9.916000e-03 7.219200e-02
61 9.160960e-01 9.732000e-03 7.417200e-02
62 9.144440e-01 9.656000e-03 7.590000e-02
63 9.128680e-01 9.496000e-03 7.763600e-02
64 9.112040e-01 9.476000e-03 7.932000e-02
65 9.097040e-01 9.352000e-03 8.094400e-02
66 9.080440e-01 9.300000e-03 8.265600e-02
67 9.065400e-01 9.168000e-03 8.429200e-02
68 9.048440e-01 9.256000e-03 8.590000e-02
69 9.032920e-01 9.116000e-03 8.759200e-02
70 9.016320e-01 9.124000e-03 8.924400e-02
71 8.999920e-01 9.160000e-03 9.084800e-02
72 8.983600e-01 9.244000e-03 9.239600e-02
73 8.966080e-01 9.324000e-03 9.406800e-02
74 8.950480e-01 9.080000e-03 9.587200e-02
75 8.935200e-01 9.044000e-03 9.743600e-02
76 8.919200e-01 9.080000e-03 9.900000e-02
77 8.902560e-01 9.076000e-03 1.006680e-01
78 8.886880e-01 9.084000e-03 1.022280e-01
79 8.871520e-01 9.136000e-03 1.037120e-01
80 8.856400e-01 9.100000e-03 1.052600e-01
81 8.841400e-01 9.008000e-03 1.068520e-01
82 8.825520e-01 9.116000e-03 1.083320e-01
83 8.809960e-01 9.012000e-03 1.099920e-01
84 8.794640e-01 9.016000e-03 1.115200e-01
85 8.779800e-01 9.060000e-03 1.129600e-01
86 8.765040e-01 8.836000e-03 1.146600e-01
87 8.750800e-01 8.916000e-03 1.160040e-01
88 8.736680e-01 8.776000e-03 1.175560e-01
89 8.723240e-01 8.536000e-03 1.191400e-01
90 8.708240e-01 8.540000e-03 1.206360e-01
91 8.693440e-01 8.476000e-03 1.221800e-01
92 8.679280e-01 8.320000e-03 1.237520e-01
93 8.665760e-01 8.332000e-03 1.250920e-01
94 8.652880e-01 8.048000e-03 1.266640e-01
95 8.637080e-01 8.160000e-03 1.281320e-01
96 8.624280e-01 7.932000e-03 1.296400e-01
97 8.610320e-01 8.012000e-03 1.309560e-01
98 8.596600e-01 8.044000e-03 1.322960e-01
99 8.583360e-01 7.820000e-03 1.338440e-01
100 8.568640e-01 7.900000e-03 1.352360e-01
101 8.555960e-01 7.712000e-03 1.366920e-01
102 8.543600e-01 7.620000e-03 1.380200e-01
103 8.531680e-01 7.440000e-03 1.393920e-01
104 8.520560e-01 7.220000e-03 1.407240e-01
105 8.508720e-01 7.084000e-03 1.420440e-01
106 8.497200e-01 6.976000e-03 1.433040e-01
107 8.485040e-01 6.972000e-03 1.445240e-01
108 8.473560e-01 6.812000e-03 1.458320e-01
109 8.462880e-01 6.640000e-03 1.470720e-01
110 8.450880e-01 6.528000e-03 1.483840e-01
111 8.440080e-01 6.508000e-03 1.494840e-01
112 8.428000e-01 6.536000e-03 1.506640e-01
113 8.416640e-01 6.432000e-03 1.519040e-01
114 8.404720e-01 6.512000e-03 1.530160e-01
115 8.392560e-01 6.472000e-03 1.542720e-01
116 8.382120e-01 6.288000e-03 1.555000e-01
117 8.369800e-01 6.340000e-03 1.566800e-01
118 8.359120e-01 6.408000e-03 1.576800e-01
119 8.347200e-01 6.412000e-03 1.588680e-01
120 8.335560e-01 6.488000e-03 1.599560e-01
121 8.323440e-01 6.500000e-03 1.611560e-01
122 8.311480e-01 6.564000e-03 1.622880e-01
123 8.299360e-01 6.680000e-03 1.633840e-01
124 8.285320e-01 6.868000e-03 1.646000e-01
125 8.271480e-01 7.144000e-03 1.657080e-01
126 8.257640e-01 7.228000e-03 1.670080e-01
127 8.244000e-01 7.360000e-03 1.682400e-01
128 8.229560e-01 7.548000e-03 1.694960e-01
129 8.214840e-01 7.704000e-03 1.708120e-01
130 8.201640e-01 7.600000e-03 1.722360e-01
131 8.189840e-01 7.408000e-03 1.736080e-01
132 8.177240e-01 7.468000e-03 1.748080e-01
133 8.166320e-01 7.216000e-03 1.761520e-01
134 8.154800e-01 7.136000e-03 1.773840e-01
135 8.143840e-01 6.968000e-03 1.786480e-01
136 8.132080e-01 7.004000e-03 1.797880e-01
137 8.119360e-01 7.072000e-03 1.809920e-01
138 8.107120e-01 7.160000e-03 1.821280e-01
139 8.096200e-01 6.904000e-03 1.834760e-01
140 8.084160e-01 6.820000e-03 1.847640e-01
141 8.072760e-01 6.740000e-03 1.859840e-01
142 8.061480e-01 6.592000e-03 1.872600e-01
143 8.049480e-01 6.576000e-03 1.884760e-01
144 8.038680e-01 6.588000e-03 1.895440e-01
145 8.027800e-01 6.476000e-03 1.907440e-01
146 8.017520e-01 6.452000e-03 1.917960e-01
147 8.007040e-01 6.312000e-03 1.929840e-01
148 7.996560e-01 6.324000e-03 1.940200e-01
149 7.986520e-01 6.232000e-03 1.951160e-01
150 7.976280e-01 6.152000e-03 1.962200e-01
151 7.965560e-01 6.152000e-03 1.972920e-01
152 7.955800e-01 6.076000e-03 1.983440e-01
153 7.945920e-01 5.972000e-03 1.994360e-01
154 7.935400e-01 6.048000e-03 2.004120e-01
155 7.925080e-01 6.072000e-03 2.014200e-01
156 7.915720e-01 6.060000e-03 2.023680e-01
157 7.905280e-01 5.968000e-03 2.035040e-01
158 7.894840e-01 5.996000e-03 2.045200e-01
159 7.884880e-01 5.972000e-03 2.055400e-01
160 7.875080e-01 5.948000e-03 2.065440e-01
161 7.865840e-01 5.888000e-03 2.075280e-01
162 7.856720e-01 5.708000e-03 2.086200e-01
163 7.848640e-01 5.464000e-03 2.096720e-01
164 7.840000e-01 5.392000e-03 2.106080e-01
165 7.831920e-01 5.256000e-03 2.115520e-01
166 7.823160e-01 5.244000e-03 2.124400e-01
167 7.813520e-01 5.436000e-03 2.132120e-01
168 7.803400e-01 5.448000e-03 2.142120e-01
169 7.794080e-01 5.464000e-03 2.151280e-01
170 7.784640e-01 5.536000e-03 2.160000e-01
171 7.774600e-01 5.624000e-03 2.169160e-01
172 7.765960e-01 5.488000e-03 2.179160e-01
173 7.757280e-01 5.448000e-03 2.188240e-01
174 7.747600e-01 5.492000e-03 2.197480e-01
175 7.739080e-01 5.312000e-03 2.207800e-01
176 7.730240e-01 5.256000e-03 2.217200e-01
177 7.722920e-01 5.148000e-03 2.225600e-01
178 7.714120e-01 5.152000e-03 2.234360e-01
179 7.704560e-01 5.276000e-03 2.242680e-01
180 7.695760e-01 5.108000e-03 2.253160e-01
181 7.686600e-01 5.176000e-03 2.261640e-01
182 7.677480e-01 5.232000e-03 2.270200e-01
183 7.668640e-01 5.180000e-03 2.279560e-01
184 7.659240e-01 5.152000e-03 2.289240e-01
185 7.650680e-01 5.192000e-03 2.297400e-01
186 7.642400e-01 5.192000e-03 2.305680e-01
187 7.633640e-01 5.180000e-03 2.314560e-01
188 7.626000e-01 4.936000e-03 2.324640e-01
189 7.618280e-01 4.888000e-03 2.332840e-01
190 7.610320e-01 4.832000e-03 2.341360e-01
191 7.602920e-01 4.768000e-03 2.349400e-01
192 7.594880e-01 4.760000e-03 2.357520e-01
193 7.587120e-01 4.660000e-03 2.366280e-01
194 7.580080e-01 4.596000e-03 2.373960e-01
195 7.572720e-01 4.496000e-03 2.382320e-01
196 7.565240e-01 4.480000e-03 2.389960e-01
197 7.556840e-01 4.560000e-03 2.397560e-01
198 7.548640e-01 4.636000e-03 2.405000e-01
199 7.540120e-01 4.680000e-03 2.413080e-01
200 7.531840e-01 4.632000e-03 2.421840e-01
201 7.523320e-01 4.608000e-03 2.430600e-01
202 7.516120e-01 4.364000e-03 2.440240e-01
203 7.508320e-01 4.388000e-03 2.447800e-01
204 7.500200e-01 4.396000e-03 2.455840e-01
205 7.492480e-01 4.392000e-03 2.463600e-01
206 7.484840e-01 4.448000e-03 2.470680e-01
207 7.478000e-01 4.384000e-03 2.478160e-01
208 7.470760e-01 4.392000e-03 2.485320e-01
209 7.464160e-01 4.188000e-03 2.493960e-01
210 7.456400e-01 4.216000e-03 2.501440e-01
211 7.449240e-01 4.252000e-03 2.508240e-01
212 7.442480e-01 4.284000e-03 2.514680e-01
213 7.435200e-01 4.240000e-03 2.522400e-01
214 7.427400e-01 4.340000e-03 2.529200e-01
215 7.419520e-01 4.368000e-03 2.536800e-01
216 7.412480e-01 4.416000e-03 2.543360e-01
217 7.405560e-01 4.372000e-03 2.550720e-01
218 7.397800e-01 4.392000e-03 2.558280e-01
219 7.390200e-01 4.384000e-03 2.565960e-01
220 7.381840e-01 4.424000e-03 2.573920e-01
221 7.374280e-01 4.420000e-03 2.581520e-01
222 7.365920e-01 4.364000e-03 2.590440e-01
223 7.359120e-01 4.288000e-03 2.598000e-01
224 7.351760e-01 4.296000e-03 2.605280e-01
225 7.344200e-01 4.296000e-03 2.612840e-01
226 7.336040e-01 4.376000e-03 2.620200e-01
227 7.327280e-01 4.516000e-03 2.627560e-01
228 7.319200e-01 4.488000e-03 2.635920e-01
229 7.311080e-01 4.556000e-03 2.643360e-01
230 7.303440e-01 4.532000e-03 2.651240e-01
231 7.295440e-01 4.600000e-03 2.658560e-01
232 7.286720e-01 4.768000e-03 2.665600e-01
233 7.279000e-01 4.740000e-03 2.673600e-01
234 7.271720e-01 4.772000e-03 2.680560e-01
235 7.264520e-01 4.720000e-03 2.688280e-01
236 7.256920e-01 4.584000e-03 2.697240e-01
237 7.249920e-01 4.564000e-03 2.704440e-01
238 7.242000e-01 4.556000e-03 2.712440e-01
239 7.234320e-01 4.504000e-03 2.720640e-01
240 7.226160e-01 4.436000e-03 2.729480e-01
241 7.218280e-01 4.484000e-03 2.736880e-01
242 7.210440e-01 4.480000e-03 2.744760e-01
243 7.201960e-01 4.592000e-03 2.752120e-01
244 7.194120e-01 4.620000e-03 2.759680e-01
245 7.186400e-01 4.680000e-03 2.766800e-01
246 7.178760e-01 4.620000e-03 2.775040e-01
247 7.171480e-01 4.548000e-03 2.783040e-01
248 7.164040e-01 4.504000e-03 2.790920e-01
249 7.157040e-01 4.360000e-03 2.799360e-01
250 7.150680e-01 4.228000e-03 2.807040e-01
251 7.145920e-01 3.944000e-03 2.814640e-01
252 7.140360e-01 3.896000e-03 2.820680e-01
253 7.134600e-01 3.800000e-03 2.827400e-01
254 7.128560e-01 3.756000e-03 2.833880e-01
255 7.123400e-01 3.604000e-03 2.840560e-01
256 7.117640e-01 3.524000e-03 2.847120e-01
257 7.113160e-01 3.336000e-03 2.853480e-01
258 7.107520e-01 3.336000e-03 2.859120e-01
259 7.102480e-01 3.312000e-03 2.864400e-01
260 7.097600e-01 3.240000e-03 2.870000e-01
261 7.091800e-01 3.128000e-03 2.876920e-01
262 7.086400e-01 3.156000e-03 2.882040e-01
263 7.081520e-01 3.120000e-03 2.887280e-01
264 7.076160e-01 3.144000e-03 2.892400e-01
265 7.069720e-01 3.208000e-03 2.898200e-01
266 7.064200e-01 3.136000e-03 2.904440e-01
267 7.059400e-01 3.072000e-03 2.909880e-01
268 7.053560e-01 3.140000e-03 2.915040e-01
269 7.048560e-01 3.140000e-03 2.920040e-01
270 7.042760e-01 3.132000e-03 2.925920e-01
271 7.038640e-01 3.096000e-03 2.930400e-01
272 7.034800e-01 2.980000e-03 2.935400e-01
273 7.030760e-01 2.916000e-03 2.940080e-01
274 7.026760e-01 2.888000e-03 2.944360e-01
275 7.022320e-01 2.808000e-03 2.949600e-01
276 7.017920e-01 2.720000e-03 2.954880e-01
277 7.013960e-01 2.608000e-03 2.959960e-01
278 7.009160e-01 2.616000e-03 2.964680e-01
279 7.004840e-01 2.616000e-03 2.969000e-01
280 6.999720e-01 2.616000e-03 2.974120e-01
281 6.995000e-01 2.624000e-03 2.978760e-01
282 6.991080e-01 2.568000e-03 2.983240e-01
283 6.986520e-01 2.568000e-03 2.987800e-01
284 6.982920e-01 2.464000e-03 2.992440e-01
285 6.978640e-01 2.432000e-03 2.997040e-01
286 6.974040e-01 2.516000e-03 3.000800e-01
287 6.969800e-01 2.504000e-03 3.005160e-01
288 6.965760e-01 2.488000e-03 3.009360e-01
289 6.960960e-01 2.532000e-03 3.013720e-01
290 6.955920e-01 2.604000e-03 3.018040e-01
291 6.951120e-01 2.640000e-03 3.022480e-01
292 6.946240e-01 2.652000e-03 3.027240e-01
293 6.941360e-01 2.604000e-03 3.032600e-01
294 6.937080e-01 2.580000e-03 3.037120e-01
295 6.931640e-01 2.704000e-03 3.041320e-01
296 6.926720e-01 2.724000e-03 3.046040e-01
297 6.921760e-01 2.748000e-03 3.050760e-01
298 6.917000e-01 2.684000e-03 3.056160e-01
299 6.913600e-01 2.596000e-03 3.060440e-01
300 6.909000e-01 2.628000e-03 3.064720e-01
301 6.904960e-01 2.644000e-03 3.068600e-01
302 6.901080e-01 2.580000e-03 3.073120e-01
303 6.896800e-01 2.520000e-03 3.078000e-01
304 6.892600e-01 2.484000e-03 3.082560e-01
305 6.889640e-01 2.344000e-03 3.086920e-01
306 6.886680e-01 2.220000e-03 3.091120e-01
307 6.883000e-01 2.256000e-03 3.094440e-01
308 6.879760e-01 2.204000e-03 3.098200e-01
309 6.876320e-01 2.152000e-03 3.102160e-01
310 6.872320e-01 2.136000e-03 3.106320e-01
311 6.869240e-01 2.080000e-03 3.109960e-01
312 6.865760e-01 2.060000e-03 3.113640e-01
313 6.862480e-01 2.036000e-03 3.117160e-01
314 6.859520e-01 2.012000e-03 3.120360e-01
315 6.856040e-01 2.040000e-03 3.123560e-01
316 6.852120e-01 2.060000e-03 3.127280e-01
317 6.849280e-01 1.960000e-03 3.131120e-01
318 6.845960e-01 1.976000e-03 3.134280e-01
319 6.842880e-01 1.872000e-03 3.138400e-01
320 6.839120e-01 1.944000e-03 3.141440e-01
321 6.835040e-01 1.952000e-03 3.145440e-01
322 6.830480e-01 2.064000e-03 3.148880e-01
323 6.826160e-01 2.124000e-03 3.152600e-01
324 6.821800e-01 2.216000e-03 3.156040e-01
325 6.817200e-01 2.324000e-03 3.159560e-01
326 6.812480e-01 2.356000e-03 3.163960e-01
327 6.808200e-01 2.352000e-03 3.168280e-01
328 6.803920e-01 2.376000e-03 3.172320e-01
329 6.799800e-01 2.420000e-03 3.176000e-01
330 6.796240e-01 2.340000e-03 3.180360e-01
331 6.791880e-01 2.352000e-03 3.184600e-01
332 6.787440e-01 2.400000e-03 3.188560e-01
333 6.783560e-01 2.332000e-03 3.193120e-01
334 6.780080e-01 2.288000e-03 3.197040e-01
335 6.776480e-01 2.212000e-03 3.201400e-01
336 6.771920e-01 2.340000e-03 3.204680e-01
337 6.768000e-01 2.296000e-03 3.209040e-01
338 6.764920e-01 2.236000e-03 3.212720e-01
339 6.761640e-01 2.196000e-03 3.216400e-01
340 6.758440e-01 2.144000e-03 3.220120e-01
341 6.755320e-01 2.092000e-03 3.223760e-01
342 6.752160e-01 1.952000e-03 3.228320e-01
343 6.748000e-01 2.012000e-03 3.231880e-01
344 6.744480e-01 2.000000e-03 3.235520e-01
345 6.741280e-01 1.932000e-03 3.239400e-01
346 6.738240e-01 1.904000e-03 3.242720e-01
347 6.734720e-01 1.948000e-03 3.245800e-01
348 6.731720e-01 1.928000e-03 3.249000e-01
349 6.728240e-01 1.940000e-03 3.252360e-01
350 6.724440e-01 1.964000e-03 3.255920e-01
351 6.721000e-01 1.920000e-03 3.259800e-01
352 6.717600e-01 1.924000e-03 3.263160e-01
353 6.714200e-01 1.908000e-03 3.266720e-01
354 6.710760e-01 1.904000e-03 3.270200e-01
355 6.707800e-01 1.892000e-03 3.273280e-01
356 6.704800e-01 1.844000e-03 3.276760e-01
357 6.701160e-01 1.852000e-03 3.280320e-01
358 6.698440e-01 1.776000e-03 3.283800e-01
359 6.695440e-01 1.756000e-03 3.287000e-01
360 6.692480e-01 1.756000e-03 3.289960e-01
361 6.689880e-01 1.672000e-03 3.293400e-01
362 6.686920e-01 1.660000e-03 3.296480e-01
363 6.684560e-01 1.620000e-03 3.299240e-01
364 6.682040e-01 1.568000e-03 3.302280e-01
365 6.679520e-01 1.544000e-03 3.305040e-01
366 6.677560e-01 1.480000e-03 3.307640e-01
367 6.675840e-01 1.392000e-03 3.310240e-01
368 6.673120e-01 1.388000e-03 3.313000e-01
369 6.670520e-01 1.404000e-03 3.315440e-01
370 6.667840e-01 1.384000e-03 3.318320e-01
371 6.665680e-01 1.344000e-03 3.320880e-01
372 6.663240e-01 1.360000e-03 3.323160e-01
373 6.660920e-01 1.316000e-03 3.325920e-01
374 6.657240e-01 1.412000e-03 3.328640e-01
375 6.655480e-01 1.324000e-03 3.331280e-01
376 6.653800e-01 1.300000e-03 3.333200e-01
377 6.651880e-01 1.268000e-03 3.335440e-01
378 6.650040e-01 1.312000e-03 3.336840e-01
379 6.648160e-01 1.264000e-03 3.339200e-01
380 6.646720e-01 1.180000e-03 3.341480e-01
381 6.645000e-01 1.140000e-03 3.343600e-01
382 6.643600e-01 1.084000e-03 3.345560e-01
383 6.642040e-01 1.068000e-03 3.347280e-01
384 6.640720e-01 1.052000e-03 3.348760e-01
385 6.639560e-01 9.840000e-04 3.350600e-01
386 6.638560e-01 9.320000e-04 3.352120e-01
387 6.637320e-01 9.120000e-04 3.353560e-01
388 6.636280e-01 8.400000e-04 3.355320e-01
389 6.634960e-01 8.640000e-04 3.356400e-01
390 6.633880e-01 7.640000e-04 3.358480e-01
391 6.632680e-01 7.560000e-04 3.359760e-01
392 6.631200e-01 7.320000e-04 3.361480e-01
393 6.630560e-01 6.680000e-04 3.362760e-01
394 6.628920e-01 6.880000e-04 3.364200e-01
395 6.628000e-01 6.520000e-04 3.365480e-01
396 6.626440e-01 6.960000e-04 3.366600e-01
397 6.625360e-01 7.280000e-04 3.367360e-01
398 6.623720e-01 7.880000e-04 3.368400e-01
399 6.622360e-01 7.920000e-04 3.369720e-01
400 6.620960e-01 8.240000e-04 3.370800e-01
401 6.619600e-01 8.320000e-04 3.372080e-01
402 6.618200e-01 8.400000e-04 3.373400e-01
403 6.616200e-01 8.800000e-04 3.375000e-01
404 6.614800e-01 8.720000e-04 3.376480e-01
405 6.613120e-01 8.680000e-04 3.378200e-01
406 6.611520e-01 8.840000e-04 3.379640e-01
407 6.610440e-01 8.520000e-04 3.381040e-01
408 6.608920e-01 8.880000e-04 3.382200e-01
409 6.607360e-01 8.880000e-04 3.383760e-01
410 6.605880e-01 8.840000e-04 3.385280e-01
411 6.604280e-01 9.040000e-04 3.386680e-01
412 6.603480e-01 8.200000e-04 3.388320e-01
413 6.602720e-01 7.880000e-04 3.389400e-01
414 6.601560e-01 7.640000e-04 3.390800e-01
415 6.600320e-01 7.720000e-04 3.391960e-01
416 6.598680e-01 7.760000e-04 3.393560e-01
417 6.597440e-01 7.920000e-04 3.394640e-01
418 6.596360e-01 7.640000e-04 3.396000e-01
419 6.595000e-01 7.800000e-04 3.397200e-01
420 6.594200e-01 7.440000e-04 3.398360e-01
421 6.592880e-01 7.600000e-04 3.399520e-01
422 6.591200e-01 7.960000e-04 3.400840e-01
423 6.589720e-01 8.120000e-04 3.402160e-01
424 6.588280e-01 7.960000e-04 3.403760e-01
425 6.587080e-01 7.840000e-04 3.405080e-01
426 6.586120e-01 7.720000e-04 3.406160e-01
427 6.584880e-01 7.840000e-04 3.407280e-01
428 6.583400e-01 8.160000e-04 3.408440e-01
429 6.581920e-01 8.320000e-04 3.409760e-01
430 6.580280e-01 8.480000e-04 3.411240e-01
431 6.578400e-01 9.000000e-04 3.412600e-01
432 6.576960e-01 8.800000e-04 3.414240e-01
433 6.575240e-01 9.160000e-04 3.415600e-01
434 6.573960e-01 9.240000e-04 3.416800e-01
435 6.572240e-01 9.560000e-04 3.418200e-01
436 6.570560e-01 9.320000e-04 3.420120e-01
437 6.568880e-01 9.560000e-04 3.421560e-01
438 6.567240e-01 9.760000e-04 3.423000e-01
439 6.565960e-01 9.040000e-04 3.425000e-01
440 6.564680e-01 8.720000e-04 3.426600e-01
441 6.563600e-01 8.240000e-04 3.428160e-01
442 6.562560e-01 7.440000e-04 3.430000e-01
443 6.561200e-01 7.600000e-04 3.431200e-01
444 6.559640e-01 7.320000e-04 3.433040e-01
445 6.558640e-01 7.200000e-04 3.434160e-01
446 6.557600e-01 6.920000e-04 3.435480e-01
447 6.555840e-01 7.680000e-04 3.436480e-01
448 6.554560e-01 7.680000e-04 3.437760e-01
449 6.553160e-01 8.160000e-04 3.438680e-01
450 6.551320e-01 7.880000e-04 3.440800e-01
451 6.550040e-01 7.760000e-04 3.442200e-01
452 6.549080e-01 7.240000e-04 3.443680e-01
453 6.547720e-01 7.680000e-04 3.444600e-01
454 6.546280e-01 7.440000e-04 3.446280e-01
455 6.545320e-01 7.120000e-04 3.447560e-01
456 6.544280e-01 7.120000e-04 3.448600e-01
457 6.543240e-01 6.760000e-04 3.450000e-01
458 6.542120e-01 6.640000e-04 3.451240e-01
459 6.540920e-01 6.400000e-04 3.452680e-01
460 6.539600e-01 6.720000e-04 3.453680e-01
461 6.538520e-01 6.560000e-04 3.454920e-01
462 6.537320e-01 6.720000e-04 3.455960e-01
463 6.536440e-01 6.400000e-04 3.457160e-01
464 6.535200e-01 6.440000e-04 3.458360e-01
465 6.534000e-01 6.920000e-04 3.459080e-01
466 6.532720e-01 6.960000e-04 3.460320e-01
467 6.531720e-01 7.040000e-04 3.461240e-01
468 6.530760e-01 6.800000e-04 3.462440e-01
469 6.529680e-01 6.600000e-04 3.463720e-01
470 6.528280e-01 6.880000e-04 3.464840e-01
471 6.527280e-01 6.960000e-04 3.465760e-01
472 6.526320e-01 6.560000e-04 3.467120e-01
473 6.525320e-01 6.400000e-04 3.468280e-01
474 6.524320e-01 6.040000e-04 3.469640e-01
475 6.523400e-01 5.720000e-04 3.470880e-01
476 6.522600e-01 5.480000e-04 3.471920e-01
477 6.521440e-01 5.480000e-04 3.473080e-01
478 6.520600e-01 5.200000e-04 3.474200e-01
479 6.519840e-01 5.160000e-04 3.475000e-01
480 6.519240e-01 5.120000e-04 3.475640e-01
481 6.518560e-01 4.680000e-04 3.476760e-01
482 6.517600e-01 4.920000e-04 3.477480e-01
483 6.516720e-01 5.000000e-04 3.478280e-01
484 6.515920e-01 4.800000e-04 3.479280e-01
485 6.514920e-01 5.360000e-04 3.479720e-01
486 6.514320e-01 4.960000e-04 3.480720e-01
487 6.513800e-01 4.720000e-04 3.481480e-01
488 6.513080e-01 4.280000e-04 3.482640e-01
489 6.512600e-01 3.880000e-04 3.483520e-01
490 6.512160e-01 3.480000e-04 3.484360e-01
491 6.511560e-01 3.800000e-04 3.484640e-01
492 6.511080e-01 3.680000e-04 3.485240e-01
493 6.510280e-01 3.760000e-04 3.485960e-01
494 6.509560e-01 3.640000e-04 3.486800e-01
495 6.508360e-01 4.200000e-04 3.487440e-01
496 6.507640e-01 4.360000e-04 3.488000e-01
497 6.506640e-01 4.720000e-04 3.488640e-01
498 6.505520e-01 4.880000e-04 3.489600e-01
499 6.504440e-01 4.920000e-04 3.490640e-01
500 6.503760e-01 4.360000e-04 3.491880e-01
