1 9.991000e-01 8.280000e-04 7.200000e-05
2 9.984960e-01 1.248000e-03 2.560000e-04
3 9.978400e-01 1.632000e-03 5.280000e-04
4 9.970360e-01 2.044000e-03 9.200000e-04
5 9.962240e-01 2.412000e-03 1.364000e-03
6 9.953480e-01 2.780000e-03 1.872000e-03
7 9.944000e-01 3.208000e-03 2.392000e-03
8 9.934320e-01 3.640000e-03 2.928000e-03
9 9.923720e-01 4.036000e-03 3.592000e-03
10 9.913880e-01 4.280000e-03 4.332000e-03
11 9.903920e-01 4.516000e-03 5.092000e-03
12 9.891600e-01 4.900000e-03 5.940000e-03
13 9.880600e-01 5.096000e-03 6.844000e-03
14 9.868280e-01 5.412000e-03 7.760000e-03
15 9.857440e-01 5.596000e-03 8.660000e-03
16 9.846760e-01 5.720000e-03 9.604000e-03
17 9.834120e-01 6.040000e-03 1.054800e-02
18 9.822600e-01 6.124000e-03 1.161600e-02
19 9.810680e-01 6.276000e-03 1.265600e-02
20 9.799360e-01 6.328000e-03 1.373600e-02
21 9.787160e-01 6.392000e-03 1.489200e-02
22 9.774800e-01 6.552000e-03 1.596800e-02
23 9.763560e-01 6.580000e-03 1.706400e-02
24 9.751560e-01 6.628000e-03 1.821600e-02
25 9.739680e-01 6.716000e-03 1.931600e-02
26 9.726720e-01 6.832000e-03 2.049600e-02
27 9.714320e-01 6.824000e-03 2.174400e-02
28 9.700040e-01 6.968000e-03 2.302800e-02
29 9.686720e-01 7.092000e-03 2.423600e-02
30 9.672280e-01 7.324000e-03 2.544800e-02
31 9.657560e-01 7.452000e-03 2.679200e-02
32 9.643720e-01 7.492000e-03 2.813600e-02
33 9.629560e-01 7.768000e-03 2.927600e-02
34 9.614880e-01 7.932000e-03 3.058000e-02
35 9.599320e-01 8.076000e-03 3.199200e-02
36 9.583400e-01 8.112000e-03 3.354800e-02
37 9.567600e-01 8.188000e-03 3.505200e-02
38 9.552560e-01 8.232000e-03 3.651200e-02
39 9.538400e-01 8.220000e-03 3.794000e-02
40 9.524800e-01 8.140000e-03 3.938000e-02
41 9.510520e-01 8.264000e-03 4.068400e-02
42 9.495720e-01 8.316000e-03 4.211200e-02
43 9.479720e-01 8.488000e-03 4.354000e-02
44 9.463160e-01 8.744000e-03 4.494000e-02
45 9.448000e-01 8.760000e-03 4.644000e-02
46 9.432680e-01 8.816000e-03 4.791600e-02
47 9.417720e-01 8.828000e-03 4.940000e-02
48 9.402200e-01 8.824000e-03 5.095600e-02
49 9.386160e-01 8.864000e-03 5.252000e-02
50 9.371080e-01 8.736000e-03 5.415600e-02
51 9.355800e-01 8.768000e-03 5.565200e-02
52 9.340440e-01 8.768000e-03 5.718800e-02
53 9.325400e-01 8.732000e-03 5.872800e-02
54 9.309160e-01 8.916000e-03 6.016800e-02
55 9.292200e-01 8.904000e-03 6.187600e-02
56 9.275120e-01 8.924000e-03 6.356400e-02
57 9.259080e-01 8.928000e-03 6.516400e-02
58 9.243520e-01 8.940000e-03 6.670800e-02
59 9.227720e-01 8.972000e-03 6.825600e-02
60 9.211680e-01 9.004000e-03 6.982800e-02
61 9.195240e-01 9.092000e-03 7.138400e-02
62 9.179200e-01 9.012000e-03 7.306800e-02
63 9.162920e-01 9.024000e-03 7.468400e-02
64 9.144960e-01 9.204000e-03 7.630000e-02
65 9.129360e-01 9.140000e-03 7.792400e-02
66 9.112840e-01 9.100000e-03 7.961600e-02
67 9.098720e-01 8.812000e-03 8.131600e-02
68 9.083120e-01 8.832000e-03 8.285600e-02
69 9.068480e-01 8.812000e-03 8.434000e-02
70 9.054520e-01 8.732000e-03 8.581600e-02
71 9.040200e-01 8.672000e-03 8.730800e-02
72 9.025400e-01 8.700000e-03 8.876000e-02
73 9.010680e-01 8.704000e-03 9.022800e-02
74 8.995280e-01 8.728000e-03 9.174400e-02
75 8.979440e-01 8.892000e-03 9.316400e-02
76 8.963960e-01 8.944000e-03 9.466000e-02
77 8.947800e-01 9.060000e-03 9.616000e-02
78 8.930520e-01 9.272000e-03 9.767600e-02
79 8.912320e-01 9.580000e-03 9.918800e-02
80 8.895560e-01 9.444000e-03 1.010000e-01
81 8.877960e-01 9.632000e-03 1.025720e-01
82 8.860040e-01 9.752000e-03 1.042440e-01
83 8.841960e-01 9.872000e-03 1.059320e-01
84 8.823000e-01 1.006400e-02 1.076360e-01
85 8.804760e-01 9.908000e-03 1.096160e-01
86 8.787160e-01 9.988000e-03 1.112960e-01
87 8.769560e-01 9.924000e-03 1.131200e-01
88 8.752560e-01 9.924000e-03 1.148200e-01
89 8.736400e-01 9.804000e-03 1.165560e-01
90 8.719360e-01 9.760000e-03 1.183040e-01
91 8.702600e-01 9.716000e-03 1.200240e-01
92 8.686680e-01 9.616000e-03 1.217160e-01
93 8.671480e-01 9.380000e-03 1.234720e-01
94 8.655040e-01 9.488000e-03 1.250080e-01
95 8.639080e-01 9.480000e-03 1.266120e-01
96 8.623400e-01 9.472000e-03 1.281880e-01
97 8.606920e-01 9.508000e-03 1.298000e-01
98 8.591360e-01 9.280000e-03 1.315840e-01
99 8.576080e-01 9.160000e-03 1.332320e-01
100 8.559200e-01 9.252000e-03 1.348280e-01
101 8.544120e-01 9.108000e-03 1.364800e-01
102 8.530360e-01 8.872000e-03 1.380920e-01
103 8.515440e-01 8.900000e-03 1.395560e-01
104 8.500360e-01 8.804000e-03 1.411600e-01
105 8.485840e-01 8.748000e-03 1.426680e-01
106 8.471680e-01 8.580000e-03 1.442520e-01
107 8.457240e-01 8.548000e-03 1.457280e-01
108 8.442280e-01 8.624000e-03 1.471480e-01
109 8.426640e-01 8.648000e-03 1.486880e-01
110 8.410760e-01 8.652000e-03 1.502720e-01
111 8.396640e-01 8.752000e-03 1.515840e-01
112 8.381320e-01 8.700000e-03 1.531680e-01
113 8.365600e-01 8.796000e-03 1.546440e-01
114 8.350960e-01 8.720000e-03 1.561840e-01
115 8.336000e-01 8.588000e-03 1.578120e-01
116 8.321640e-01 8.432000e-03 1.594040e-01
117 8.306920e-01 8.380000e-03 1.609280e-01
118 8.293640e-01 8.216000e-03 1.624200e-01
119 8.277640e-01 8.420000e-03 1.638160e-01
120 8.263400e-01 8.400000e-03 1.652600e-01
121 8.249480e-01 8.324000e-03 1.667280e-01
122 8.234960e-01 8.252000e-03 1.682520e-01
123 8.220280e-01 8.184000e-03 1.697880e-01
124 8.206160e-01 8.168000e-03 1.712160e-01
125 8.193120e-01 7.888000e-03 1.728000e-01
126 8.179000e-01 7.948000e-03 1.741520e-01
127 8.165240e-01 7.904000e-03 1.755720e-01
128 8.150320e-01 7.932000e-03 1.770360e-01
129 8.136320e-01 7.920000e-03 1.784480e-01
130 8.123880e-01 7.812000e-03 1.798000e-01
131 8.109120e-01 7.996000e-03 1.810920e-01
132 8.095280e-01 8.008000e-03 1.824640e-01
133 8.081480e-01 8.044000e-03 1.838080e-01
134 8.068320e-01 7.900000e-03 1.852680e-01
135 8.056920e-01 7.724000e-03 1.865840e-01
136 8.042360e-01 7.832000e-03 1.879320e-01
137 8.030160e-01 7.788000e-03 1.891960e-01
138 8.017680e-01 7.644000e-03 1.905880e-01
139 8.005680e-01 7.380000e-03 1.920520e-01
140 7.994120e-01 7.260000e-03 1.933280e-01
141 7.982840e-01 7.052000e-03 1.946640e-01
142 7.970800e-01 7.016000e-03 1.959040e-01
143 7.958880e-01 6.940000e-03 1.971720e-01
144 7.947640e-01 6.880000e-03 1.983560e-01
145 7.935640e-01 7.012000e-03 1.994240e-01
146 7.923960e-01 7.060000e-03 2.005440e-01
147 7.912800e-01 6.912000e-03 2.018080e-01
148 7.900400e-01 6.908000e-03 2.030520e-01
149 7.888360e-01 6.936000e-03 2.042280e-01
150 7.875440e-01 6.972000e-03 2.054840e-01
151 7.862720e-01 6.968000e-03 2.067600e-01
152 7.851280e-01 6.888000e-03 2.079840e-01
153 7.840160e-01 6.792000e-03 2.091920e-01
154 7.828800e-01 6.668000e-03 2.104520e-01
155 7.815360e-01 6.884000e-03 2.115800e-01
156 7.803360e-01 6.936000e-03 2.127280e-01
157 7.793000e-01 6.732000e-03 2.139680e-01
158 7.783040e-01 6.540000e-03 2.151560e-01
159 7.771400e-01 6.460000e-03 2.164000e-01
160 7.761040e-01 6.472000e-03 2.174240e-01
161 7.750840e-01 6.368000e-03 2.185480e-01
162 7.741120e-01 6.236000e-03 2.196520e-01
163 7.730480e-01 6.160000e-03 2.207920e-01
164 7.720400e-01 6.112000e-03 2.218480e-01
165 7.709880e-01 6.160000e-03 2.228520e-01
166 7.697960e-01 6.240000e-03 2.239640e-01
167 7.688080e-01 6.132000e-03 2.250600e-01
168 7.677920e-01 6.024000e-03 2.261840e-01
169 7.666040e-01 6.156000e-03 2.272400e-01
170 7.656320e-01 6.032000e-03 2.283360e-01
171 7.644200e-01 6.116000e-03 2.294640e-01
172 7.632560e-01 6.244000e-03 2.305000e-01
173 7.619560e-01 6.456000e-03 2.315880e-01
174 7.607680e-01 6.580000e-03 2.326520e-01
175 7.596840e-01 6.500000e-03 2.338160e-01
176 7.586160e-01 6.468000e-03 2.349160e-01
177 7.575120e-01 6.328000e-03 2.361600e-01
178 7.564320e-01 6.388000e-03 2.371800e-01
179 7.553760e-01 6.308000e-03 2.383160e-01
180 7.543520e-01 6.284000e-03 2.393640e-01
181 7.533680e-01 6.248000e-03 2.403840e-01
182 7.524120e-01 6.156000e-03 2.414320e-01
183 7.513640e-01 6.116000e-03 2.425200e-01
184 7.504280e-01 5.960000e-03 2.436120e-01
185 7.495000e-01 5.908000e-03 2.445920e-01
186 7.485720e-01 5.828000e-03 2.456000e-01
187 7.476120e-01 5.796000e-03 2.465920e-01
188 7.466240e-01 5.900000e-03 2.474760e-01
189 7.456400e-01 5.808000e-03 2.485520e-01
190 7.446880e-01 5.768000e-03 2.495440e-01
191 7.437760e-01 5.696000e-03 2.505280e-01
192 7.428840e-01 5.648000e-03 2.514680e-01
193 7.419560e-01 5.576000e-03 2.524680e-01
194 7.409600e-01 5.564000e-03 2.534760e-01
195 7.399920e-01 5.544000e-03 2.544640e-01
196 7.389480e-01 5.676000e-03 2.553760e-01
197 7.379240e-01 5.668000e-03 2.564080e-01
198 7.371520e-01 5.448000e-03 2.574000e-01
199 7.362480e-01 5.488000e-03 2.582640e-01
200 7.354960e-01 5.288000e-03 2.592160e-01
201 7.345560e-01 5.260000e-03 2.601840e-01
202 7.336400e-01 5.228000e-03 2.611320e-01
203 7.327680e-01 5.132000e-03 2.621000e-01
204 7.319840e-01 4.988000e-03 2.630280e-01
205 7.310240e-01 5.052000e-03 2.639240e-01
206 7.303240e-01 4.864000e-03 2.648120e-01
207 7.294800e-01 4.820000e-03 2.657000e-01
208 7.286560e-01 4.860000e-03 2.664840e-01
209 7.278960e-01 4.704000e-03 2.674000e-01
210 7.271280e-01 4.752000e-03 2.681200e-01
211 7.263440e-01 4.700000e-03 2.689560e-01
212 7.254760e-01 4.764000e-03 2.697600e-01
213 7.246360e-01 4.752000e-03 2.706120e-01
214 7.237360e-01 4.648000e-03 2.716160e-01
215 7.227320e-01 4.832000e-03 2.724360e-01
216 7.218760e-01 4.848000e-03 2.732760e-01
217 7.209080e-01 4.948000e-03 2.741440e-01
218 7.200360e-01 4.956000e-03 2.750080e-01
219 7.191400e-01 5.044000e-03 2.758160e-01
220 7.182200e-01 5.072000e-03 2.767080e-01
221 7.174080e-01 4.980000e-03 2.776120e-01
222 7.166520e-01 4.872000e-03 2.784760e-01
223 7.159120e-01 4.756000e-03 2.793320e-01
224 7.150480e-01 4.812000e-03 2.801400e-01
225 7.141440e-01 4.916000e-03 2.809400e-01
226 7.133120e-01 4.900000e-03 2.817880e-01
227 7.124880e-01 4.888000e-03 2.826240e-01
228 7.116680e-01 4.848000e-03 2.834840e-01
229 7.107720e-01 4.872000e-03 2.843560e-01
230 7.100440e-01 4.720000e-03 2.852360e-01
231 7.092040e-01 4.704000e-03 2.860920e-01
232 7.084560e-01 4.656000e-03 2.868880e-01
233 7.076600e-01 4.628000e-03 2.877120e-01
234 7.068440e-01 4.548000e-03 2.886080e-01
235 7.060320e-01 4.560000e-03 2.894080e-01
236 7.053320e-01 4.468000e-03 2.902000e-01
237 7.046400e-01 4.472000e-03 2.908880e-01
238 7.040280e-01 4.224000e-03 2.917480e-01
239 7.033720e-01 4.164000e-03 2.924640e-01
240 7.026440e-01 4.148000e-03 2.932080e-01
241 7.020640e-01 3.968000e-03 2.939680e-01
242 7.013440e-01 4.004000e-03 2.946520e-01
243 7.007000e-01 4.020000e-03 2.952800e-01
244 7.000400e-01 4.044000e-03 2.959160e-01
245 6.993680e-01 3.956000e-03 2.966760e-01
246 6.985920e-01 4.104000e-03 2.973040e-01
247 6.978600e-01 4.140000e-03 2.980000e-01
248 6.972280e-01 3.988000e-03 2.987840e-01
249 6.965000e-01 3.980000e-03 2.995200e-01
250 6.958160e-01 3.924000e-03 3.002600e-01
251 6.952040e-01 3.836000e-03 3.009600e-01
252 6.944920e-01 3.876000e-03 3.016320e-01
253 6.938120e-01 3.868000e-03 3.023200e-01
254 6.933240e-01 3.656000e-03 3.030200e-01
255 6.926680e-01 3.700000e-03 3.036320e-01
256 6.920280e-01 3.764000e-03 3.042080e-01
257 6.912840e-01 3.840000e-03 3.048760e-01
258 6.906840e-01 3.816000e-03 3.055000e-01
259 6.900440e-01 3.852000e-03 3.061040e-01
260 6.893280e-01 3.848000e-03 3.068240e-01
261 6.885840e-01 3.932000e-03 3.074840e-01
262 6.879120e-01 3.896000e-03 3.081920e-01
263 6.871840e-01 4.008000e-03 3.088080e-01
264 6.865520e-01 3.932000e-03 3.095160e-01
265 6.858400e-01 3.980000e-03 3.101800e-01
266 6.853040e-01 3.840000e-03 3.108560e-01
267 6.846480e-01 3.896000e-03 3.114560e-01
268 6.840400e-01 3.828000e-03 3.121320e-01
269 6.833520e-01 3.892000e-03 3.127560e-01
270 6.826800e-01 3.984000e-03 3.133360e-01
271 6.819720e-01 3.992000e-03 3.140360e-01
272 6.813160e-01 3.924000e-03 3.147600e-01
273 6.804960e-01 4.060000e-03 3.154440e-01
274 6.798120e-01 4.000000e-03 3.161880e-01
275 6.790480e-01 4.040000e-03 3.169120e-01
276 6.783560e-01 3.944000e-03 3.177000e-01
277 6.776320e-01 3.900000e-03 3.184680e-01
278 6.768520e-01 3.980000e-03 3.191680e-01
279 6.762000e-01 3.956000e-03 3.198440e-01
280 6.755800e-01 4.004000e-03 3.204160e-01
281 6.749600e-01 3.912000e-03 3.211280e-01
282 6.743120e-01 3.856000e-03 3.218320e-01
283 6.735800e-01 3.808000e-03 3.226120e-01
284 6.729400e-01 3.808000e-03 3.232520e-01
285 6.722960e-01 3.812000e-03 3.238920e-01
286 6.716520e-01 3.856000e-03 3.244920e-01
287 6.709840e-01 3.828000e-03 3.251880e-01
288 6.703080e-01 3.836000e-03 3.258560e-01
289 6.696240e-01 3.816000e-03 3.265600e-01
290 6.689960e-01 3.788000e-03 3.272160e-01
291 6.682440e-01 3.828000e-03 3.279280e-01
292 6.674920e-01 3.908000e-03 3.286000e-01
293 6.668520e-01 3.944000e-03 3.292040e-01
294 6.662040e-01 3.980000e-03 3.298160e-01
295 6.654200e-01 4.056000e-03 3.305240e-01
296 6.646960e-01 4.048000e-03 3.312560e-01
297 6.639920e-01 4.032000e-03 3.319760e-01
298 6.633560e-01 3.960000e-03 3.326840e-01
299 6.627640e-01 3.804000e-03 3.334320e-01
300 6.622520e-01 3.636000e-03 3.341120e-01
301 6.617280e-01 3.536000e-03 3.347360e-01
302 6.611640e-01 3.532000e-03 3.353040e-01
303 6.606440e-01 3.440000e-03 3.359160e-01
304 6.600600e-01 3.424000e-03 3.365160e-01
305 6.594640e-01 3.400000e-03 3.371360e-01
306 6.589040e-01 3.400000e-03 3.376960e-01
307 6.584240e-01 3.272000e-03 3.383040e-01
308 6.578880e-01 3.188000e-03 3.389240e-01
309 6.573960e-01 3.076000e-03 3.395280e-01
310 6.569240e-01 2.984000e-03 3.400920e-01
311 6.564320e-01 2.944000e-03 3.406240e-01
312 6.559840e-01 2.832000e-03 3.411840e-01
313 6.555840e-01 2.728000e-03 3.416880e-01
314 6.550760e-01 2.720000e-03 3.422040e-01
315 6.545920e-01 2.704000e-03 3.427040e-01
316 6.540920e-01 2.780000e-03 3.431280e-01
317 6.536080e-01 2.776000e-03 3.436160e-01
318 6.530680e-01 2.848000e-03 3.440840e-01
319 6.526120e-01 2.852000e-03 3.445360e-01
320 6.521440e-01 2.732000e-03 3.451240e-01
321 6.515960e-01 2.760000e-03 3.456440e-01
322 6.512080e-01 2.660000e-03 3.461320e-01
323 6.507960e-01 2.564000e-03 3.466400e-01
324 6.503800e-01 2.520000e-03 3.471000e-01
325 6.500040e-01 2.440000e-03 3.475560e-01
326 6.495680e-01 2.380000e-03 3.480520e-01
327 6.491920e-01 2.312000e-03 3.484960e-01
328 6.488240e-01 2.280000e-03 3.488960e-01
329 6.484440e-01 2.276000e-03 3.492800e-01
330 6.479480e-01 2.392000e-03 3.496600e-01
331 6.476000e-01 2.352000e-03 3.500480e-01
332 6.471960e-01 2.296000e-03 3.505080e-01
333 6.468000e-01 2.320000e-03 3.508800e-01
334 6.464320e-01 2.252000e-03 3.513160e-01
335 6.459760e-01 2.312000e-03 3.517120e-01
336 6.456360e-01 2.268000e-03 3.520960e-01
337 6.452640e-01 2.196000e-03 3.525400e-01
338 6.449240e-01 2.260000e-03 3.528160e-01
339 6.445040e-01 2.324000e-03 3.531720e-01
340 6.440960e-01 2.332000e-03 3.535720e-01
341 6.437080e-01 2.360000e-03 3.539320e-01
342 6.433280e-01 2.324000e-03 3.543480e-01
343 6.428560e-01 2.396000e-03 3.547480e-01
344 6.424640e-01 2.272000e-03 3.552640e-01
345 6.420800e-01 2.248000e-03 3.556720e-01
346 6.417240e-01 2.180000e-03 3.560960e-01
347 6.413960e-01 2.096000e-03 3.565080e-01
348 6.410080e-01 2.092000e-03 3.569000e-01
349 6.406440e-01 2.136000e-03 3.572200e-01
350 6.401960e-01 2.232000e-03 3.575720e-01
351 6.396800e-01 2.364000e-03 3.579560e-01
352 6.392440e-01 2.388000e-03 3.583680e-01
353 6.388840e-01 2.300000e-03 3.588160e-01
354 6.385040e-01 2.304000e-03 3.591920e-01
355 6.380920e-01 2.284000e-03 3.596240e-01
356 6.376680e-01 2.312000e-03 3.600200e-01
357 6.372800e-01 2.300000e-03 3.604200e-01
358 6.369160e-01 2.252000e-03 3.608320e-01
359 6.364920e-01 2.372000e-03 3.611360e-01
360 6.361240e-01 2.268000e-03 3.616080e-01
361 6.358040e-01 2.208000e-03 3.619880e-01
362 6.353640e-01 2.232000e-03 3.624040e-01
363 6.349560e-01 2.228000e-03 3.628160e-01
364 6.345720e-01 2.192000e-03 3.632360e-01
365 6.341240e-01 2.272000e-03 3.636040e-01
366 6.337200e-01 2.320000e-03 3.639600e-01
367 6.332880e-01 2.356000e-03 3.643560e-01
368 6.328160e-01 2.356000e-03 3.648280e-01
369 6.324160e-01 2.424000e-03 3.651600e-01
370 6.319480e-01 2.496000e-03 3.655560e-01
371 6.314680e-01 2.484000e-03 3.660480e-01
372 6.310480e-01 2.504000e-03 3.664480e-01
373 6.307440e-01 2.280000e-03 3.669760e-01
374 6.304240e-01 2.200000e-03 3.673760e-01
375 6.300760e-01 2.180000e-03 3.677440e-01
376 6.296760e-01 2.260000e-03 3.680640e-01
377 6.293960e-01 2.160000e-03 3.684440e-01
378 6.290600e-01 2.100000e-03 3.688400e-01
379 6.287880e-01 2.016000e-03 3.691960e-01
380 6.284920e-01 1.936000e-03 3.695720e-01
381 6.281920e-01 1.884000e-03 3.699240e-01
382 6.278440e-01 1.880000e-03 3.702760e-01
383 6.275080e-01 1.924000e-03 3.705680e-01
384 6.271480e-01 1.960000e-03 3.708920e-01
385 6.267560e-01 2.016000e-03 3.712280e-01
386 6.264280e-01 1.968000e-03 3.716040e-01
387 6.261120e-01 2.012000e-03 3.718760e-01
388 6.257560e-01 2.056000e-03 3.721880e-01
389 6.254120e-01 2.060000e-03 3.725280e-01
390 6.250280e-01 2.040000e-03 3.729320e-01
391 6.245600e-01 2.188000e-03 3.732520e-01
392 6.242240e-01 2.132000e-03 3.736440e-01
393 6.239520e-01 2.008000e-03 3.740400e-01
394 6.237400e-01 1.832000e-03 3.744280e-01
395 6.234280e-01 1.816000e-03 3.747560e-01
396 6.231560e-01 1.784000e-03 3.750600e-01
397 6.229080e-01 1.744000e-03 3.753480e-01
398 6.226720e-01 1.680000e-03 3.756480e-01
399 6.224360e-01 1.588000e-03 3.759760e-01
400 6.222040e-01 1.552000e-03 3.762440e-01
401 6.220040e-01 1.508000e-03 3.764880e-01
402 6.217800e-01 1.444000e-03 3.767760e-01
403 6.215280e-01 1.440000e-03 3.770320e-01
404 6.213320e-01 1.376000e-03 3.772920e-01
405 6.210960e-01 1.360000e-03 3.775440e-01
406 6.208880e-01 1.324000e-03 3.777880e-01
407 6.206960e-01 1.304000e-03 3.780000e-01
408 6.204960e-01 1.284000e-03 3.782200e-01
409 6.203200e-01 1.244000e-03 3.784360e-01
410 6.200920e-01 1.248000e-03 3.786600e-01
411 6.198960e-01 1.256000e-03 3.788480e-01
412 6.197040e-01 1.224000e-03 3.790720e-01
413 6.195000e-01 1.224000e-03 3.792760e-01
414 6.193120e-01 1.208000e-03 3.794800e-01
415 6.191280e-01 1.168000e-03 3.797040e-01
416 6.189600e-01 1.104000e-03 3.799360e-01
417 6.187360e-01 1.084000e-03 3.801800e-01
418 6.185920e-01 1.084000e-03 3.803240e-01
419 6.184280e-01 1.080000e-03 3.804920e-01
420 6.182760e-01 1.068000e-03 3.806560e-01
421 6.181080e-01 1.036000e-03 3.808560e-01
422 6.179560e-01 1.036000e-03 3.810080e-01
423 6.178240e-01 1.008000e-03 3.811680e-01
424 6.176600e-01 1.012000e-03 3.813280e-01
425 6.175160e-01 9.680000e-04 3.815160e-01
426 6.174080e-01 9.240000e-04 3.816680e-01
427 6.173200e-01 8.840000e-04 3.817960e-01
428 6.172520e-01 7.680000e-04 3.819800e-01
429 6.171760e-01 7.080000e-04 3.821160e-01
430 6.170720e-01 7.040000e-04 3.822240e-01
431 6.169960e-01 6.360000e-04 3.823680e-01
432 6.169120e-01 6.000000e-04 3.824880e-01
433 6.167600e-01 6.240000e-04 3.826160e-01
434 6.166960e-01 5.680000e-04 3.827360e-01
435 6.165920e-01 5.160000e-04 3.828920e-01
436 6.165000e-01 5.120000e-04 3.829880e-01
437 6.164080e-01 5.200000e-04 3.830720e-01
438 6.162960e-01 5.480000e-04 3.831560e-01
439 6.162040e-01 5.680000e-04 3.832280e-01
440 6.160880e-01 6.000000e-04 3.833120e-01
441 6.160000e-01 5.600000e-04 3.834400e-01
442 6.158760e-01 6.040000e-04 3.835200e-01
443 6.157960e-01 5.880000e-04 3.836160e-01
444 6.156800e-01 5.880000e-04 3.837320e-01
445 6.155520e-01 6.320000e-04 3.838160e-01
446 6.154000e-01 6.920000e-04 3.839080e-01
447 6.152800e-01 7.000000e-04 3.840200e-01
448 6.152040e-01 6.680000e-04 3.841280e-01
449 6.150720e-01 6.280000e-04 3.843000e-01
450 6.149560e-01 6.400000e-04 3.844040e-01
451 6.148320e-01 6.960000e-04 3.844720e-01
452 6.146960e-01 6.720000e-04 3.846320e-01
453 6.146080e-01 6.320000e-04 3.847600e-01
454 6.145040e-01 6.600000e-04 3.848360e-01
455 6.144120e-01 6.280000e-04 3.849600e-01
456 6.143160e-01 6.080000e-04 3.850760e-01
457 6.142120e-01 5.880000e-04 3.852000e-01
458 6.141040e-01 6.000000e-04 3.852960e-01
459 6.139640e-01 6.520000e-04 3.853840e-01
460 6.137880e-01 6.840000e-04 3.855280e-01
461 6.136720e-01 6.920000e-04 3.856360e-01
462 6.135240e-01 7.040000e-04 3.857720e-01
463 6.133840e-01 7.560000e-04 3.858600e-01
464 6.132160e-01 7.600000e-04 3.860240e-01
465 6.130520e-01 7.680000e-04 3.861800e-01
466 6.129480e-01 7.320000e-04 3.863200e-01
467 6.128080e-01 7.640000e-04 3.864280e-01
468 6.127000e-01 7.560000e-04 3.865440e-01
469 6.126240e-01 7.040000e-04 3.866720e-01
470 6.125080e-01 6.840000e-04 3.868080e-01
471 6.124080e-01 6.520000e-04 3.869400e-01
472 6.123160e-01 6.360000e-04 3.870480e-01
473 6.122200e-01 6.120000e-04 3.871680e-01
474 6.121200e-01 5.960000e-04 3.872840e-01
475 6.120240e-01 6.080000e-04 3.873680e-01
476 6.119400e-01 5.680000e-04 3.874920e-01
477 6.118480e-01 5.400000e-04 3.876120e-01
478 6.117480e-01 5.240000e-04 3.877280e-01
479 6.116760e-01 5.320000e-04 3.877920e-01
480 6.116080e-01 5.080000e-04 3.878840e-01
481 6.115480e-01 4.760000e-04 3.879760e-01
482 6.114600e-01 4.960000e-04 3.880440e-01
483 6.113760e-01 5.080000e-04 3.881160e-01
484 6.113040e-01 5.120000e-04 3.881840e-01
485 6.112280e-01 4.840000e-04 3.882880e-01
486 6.111440e-01 4.800000e-04 3.883760e-01
487 6.110760e-01 4.840000e-04 3.884400e-01
488 6.110120e-01 4.840000e-04 3.885040e-01
489 6.109080e-01 4.960000e-04 3.885960e-01
490 6.108040e-01 5.240000e-04 3.886720e-01
491 6.107440e-01 4.800000e-04 3.887760e-01
492 6.106760e-01 4.840000e-04 3.888400e-01
493 6.106040e-01 4.520000e-04 3.889440e-01
494 6.105200e-01 4.800000e-04 3.890000e-01
495 6.104240e-01 5.280000e-04 3.890480e-01
496 6.103240e-01 5.720000e-04 3.891040e-01
497 6.102120e-01 5.520000e-04 3.892360e-01
498 6.100560e-01 6.120000e-04 3.893320e-01
499 6.099880e-01 5.880000e-04 3.894240e-01
500 6.098600e-01 6.040000e-04 3.895360e-01
