1 9.992720e-01 6.760000e-04 5.200000e-05
2 9.988280e-01 9.560000e-04 2.160000e-04
3 9.982960e-01 1.316000e-03 3.880000e-04
4 9.975080e-01 1.852000e-03 6.400000e-04
5 9.967440e-01 2.236000e-03 1.020000e-03
6 9.959720e-01 2.628000e-03 1.400000e-03
7 9.949680e-01 3.160000e-03 1.872000e-03
8 9.940280e-01 3.516000e-03 2.456000e-03
9 9.930920e-01 3.820000e-03 3.088000e-03
10 9.921120e-01 4.096000e-03 3.792000e-03
11 9.910880e-01 4.432000e-03 4.480000e-03
12 9.898840e-01 4.876000e-03 5.240000e-03
13 9.886080e-01 5.260000e-03 6.132000e-03
14 9.873320e-01 5.608000e-03 7.060000e-03
15 9.861400e-01 5.768000e-03 8.092000e-03
16 9.848080e-01 6.040000e-03 9.152000e-03
17 9.836280e-01 6.184000e-03 1.018800e-02
18 9.824120e-01 6.300000e-03 1.128800e-02
19 9.811800e-01 6.428000e-03 1.239200e-02
20 9.799360e-01 6.604000e-03 1.346000e-02
21 9.786000e-01 6.840000e-03 1.456000e-02
22 9.774200e-01 6.824000e-03 1.575600e-02
23 9.760120e-01 7.064000e-03 1.692400e-02
24 9.746920e-01 7.088000e-03 1.822000e-02
25 9.733160e-01 7.180000e-03 1.950400e-02
26 9.717720e-01 7.424000e-03 2.080400e-02
27 9.701680e-01 7.864000e-03 2.196800e-02
28 9.686400e-01 8.044000e-03 2.331600e-02
29 9.671120e-01 8.088000e-03 2.480000e-02
30 9.656440e-01 8.228000e-03 2.612800e-02
31 9.641760e-01 8.244000e-03 2.758000e-02
32 9.626840e-01 8.300000e-03 2.901600e-02
33 9.612120e-01 8.228000e-03 3.056000e-02
34 9.598520e-01 8.096000e-03 3.205200e-02
35 9.584240e-01 8.048000e-03 3.352800e-02
36 9.571800e-01 7.840000e-03 3.498000e-02
37 9.558880e-01 7.660000e-03 3.645200e-02
38 9.545840e-01 7.628000e-03 3.778800e-02
39 9.532200e-01 7.720000e-03 3.906000e-02
40 9.518640e-01 7.628000e-03 4.050800e-02
41 9.505280e-01 7.656000e-03 4.181600e-02
42 9.489560e-01 7.940000e-03 4.310400e-02
43 9.475360e-01 8.048000e-03 4.441600e-02
44 9.460120e-01 8.192000e-03 4.579600e-02
45 9.445000e-01 8.184000e-03 4.731600e-02
46 9.429560e-01 8.320000e-03 4.872400e-02
47 9.414800e-01 8.352000e-03 5.016800e-02
48 9.400160e-01 8.420000e-03 5.156400e-02
49 9.385400e-01 8.472000e-03 5.298800e-02
50 9.370760e-01 8.396000e-03 5.452800e-02
51 9.356160e-01 8.456000e-03 5.592800e-02
52 9.341560e-01 8.368000e-03 5.747600e-02
53 9.326320e-01 8.420000e-03 5.894800e-02
54 9.311760e-01 8.476000e-03 6.034800e-02
55 9.294800e-01 8.748000e-03 6.177200e-02
56 9.278600e-01 8.784000e-03 6.335600e-02
57 9.262320e-01 8.868000e-03 6.490000e-02
58 9.245640e-01 9.080000e-03 6.635600e-02
59 9.230400e-01 9.068000e-03 6.789200e-02
60 9.212840e-01 9.248000e-03 6.946800e-02
61 9.197520e-01 9.232000e-03 7.101600e-02
62 9.180320e-01 9.336000e-03 7.263200e-02
63 9.163920e-01 9.420000e-03 7.418800e-02
64 9.148520e-01 9.248000e-03 7.590000e-02
65 9.133360e-01 9.300000e-03 7.736400e-02
66 9.116960e-01 9.348000e-03 7.895600e-02
67 9.101640e-01 9.248000e-03 8.058800e-02
68 9.086160e-01 9.244000e-03 8.214000e-02
69 9.070240e-01 9.212000e-03 8.376400e-02
70 9.054480e-01 9.176000e-03 8.537600e-02
71 9.038520e-01 9.108000e-03 8.704000e-02
72 9.024720e-01 8.940000e-03 8.858800e-02
73 9.011760e-01 8.684000e-03 9.014000e-02
74 8.998000e-01 8.404000e-03 9.179600e-02
75 8.985400e-01 8.328000e-03 9.313200e-02
76 8.971520e-01 8.260000e-03 9.458800e-02
77 8.957840e-01 8.176000e-03 9.604000e-02
78 8.943720e-01 8.152000e-03 9.747600e-02
79 8.929800e-01 8.136000e-03 9.888400e-02
80 8.915840e-01 8.180000e-03 1.002360e-01
81 8.901680e-01 8.212000e-03 1.016200e-01
82 8.886560e-01 8.436000e-03 1.029080e-01
83 8.873440e-01 8.308000e-03 1.043480e-01
84 8.858760e-01 8.228000e-03 1.058960e-01
85 8.844440e-01 8.312000e-03 1.072440e-01
86 8.832120e-01 8.032000e-03 1.087560e-01
87 8.817960e-01 8.020000e-03 1.101840e-01
88 8.804840e-01 7.948000e-03 1.115680e-01
89 8.791760e-01 7.908000e-03 1.129160e-01
90 8.778040e-01 7.728000e-03 1.144680e-01
91 8.764160e-01 7.820000e-03 1.157640e-01
92 8.750320e-01 7.796000e-03 1.171720e-01
93 8.736640e-01 7.832000e-03 1.185040e-01
94 8.722760e-01 7.828000e-03 1.198960e-01
95 8.709200e-01 7.796000e-03 1.212840e-01
96 8.694840e-01 7.888000e-03 1.226280e-01
97 8.679320e-01 8.064000e-03 1.240040e-01
98 8.664640e-01 8.100000e-03 1.254360e-01
99 8.651600e-01 7.948000e-03 1.268920e-01
100 8.639640e-01 7.704000e-03 1.283320e-01
101 8.625160e-01 7.708000e-03 1.297760e-01
102 8.611040e-01 7.808000e-03 1.310880e-01
103 8.598360e-01 7.732000e-03 1.324320e-01
104 8.584200e-01 7.760000e-03 1.338200e-01
105 8.571280e-01 7.724000e-03 1.351480e-01
106 8.558840e-01 7.668000e-03 1.364480e-01
107 8.546320e-01 7.644000e-03 1.377240e-01
108 8.534360e-01 7.512000e-03 1.390520e-01
109 8.520840e-01 7.428000e-03 1.404880e-01
110 8.507720e-01 7.432000e-03 1.417960e-01
111 8.493920e-01 7.444000e-03 1.431640e-01
112 8.478600e-01 7.692000e-03 1.444480e-01
113 8.464320e-01 7.780000e-03 1.457880e-01
114 8.450160e-01 7.756000e-03 1.472280e-01
115 8.437800e-01 7.688000e-03 1.485320e-01
116 8.424280e-01 7.796000e-03 1.497760e-01
117 8.411840e-01 7.712000e-03 1.511040e-01
118 8.398440e-01 7.800000e-03 1.523560e-01
119 8.383800e-01 7.836000e-03 1.537840e-01
120 8.370240e-01 7.716000e-03 1.552600e-01
121 8.357840e-01 7.624000e-03 1.565920e-01
122 8.343800e-01 7.700000e-03 1.579200e-01
123 8.331840e-01 7.468000e-03 1.593480e-01
124 8.320960e-01 7.288000e-03 1.606160e-01
125 8.307440e-01 7.348000e-03 1.619080e-01
126 8.294160e-01 7.464000e-03 1.631200e-01
127 8.281400e-01 7.492000e-03 1.643680e-01
128 8.268400e-01 7.624000e-03 1.655360e-01
129 8.257240e-01 7.408000e-03 1.668680e-01
130 8.244240e-01 7.348000e-03 1.682280e-01
131 8.231560e-01 7.324000e-03 1.695200e-01
132 8.217560e-01 7.328000e-03 1.709160e-01
133 8.204120e-01 7.412000e-03 1.721760e-01
134 8.191600e-01 7.388000e-03 1.734520e-01
135 8.178120e-01 7.460000e-03 1.747280e-01
136 8.164600e-01 7.516000e-03 1.760240e-01
137 8.152360e-01 7.396000e-03 1.773680e-01
138 8.139880e-01 7.332000e-03 1.786800e-01
139 8.127360e-01 7.376000e-03 1.798880e-01
140 8.115600e-01 7.268000e-03 1.811720e-01
141 8.102560e-01 7.344000e-03 1.824000e-01
142 8.088760e-01 7.420000e-03 1.837040e-01
143 8.075880e-01 7.492000e-03 1.849200e-01
144 8.063560e-01 7.452000e-03 1.861920e-01
145 8.050280e-01 7.520000e-03 1.874520e-01
146 8.037480e-01 7.460000e-03 1.887920e-01
147 8.024400e-01 7.548000e-03 1.900120e-01
148 8.010520e-01 7.688000e-03 1.912600e-01
149 7.997640e-01 7.572000e-03 1.926640e-01
150 7.984400e-01 7.632000e-03 1.939280e-01
151 7.972240e-01 7.560000e-03 1.952160e-01
152 7.960120e-01 7.484000e-03 1.965040e-01
153 7.946120e-01 7.660000e-03 1.977280e-01
154 7.933080e-01 7.624000e-03 1.990680e-01
155 7.921040e-01 7.544000e-03 2.003520e-01
156 7.909280e-01 7.440000e-03 2.016320e-01
157 7.896920e-01 7.448000e-03 2.028600e-01
158 7.884960e-01 7.280000e-03 2.042240e-01
159 7.872360e-01 7.220000e-03 2.055440e-01
160 7.860360e-01 7.112000e-03 2.068520e-01
161 7.850720e-01 6.824000e-03 2.081040e-01
162 7.839960e-01 6.632000e-03 2.093720e-01
163 7.829800e-01 6.436000e-03 2.105840e-01
164 7.820680e-01 6.204000e-03 2.117280e-01
165 7.811440e-01 6.004000e-03 2.128520e-01
166 7.800720e-01 6.036000e-03 2.138920e-01
167 7.791760e-01 5.912000e-03 2.149120e-01
168 7.782760e-01 5.704000e-03 2.160200e-01
169 7.775120e-01 5.480000e-03 2.170080e-01
170 7.766760e-01 5.324000e-03 2.180000e-01
171 7.758160e-01 5.392000e-03 2.187920e-01
172 7.747960e-01 5.440000e-03 2.197640e-01
173 7.739400e-01 5.328000e-03 2.207320e-01
174 7.730680e-01 5.236000e-03 2.216960e-01
175 7.722200e-01 5.176000e-03 2.226040e-01
176 7.712840e-01 5.172000e-03 2.235440e-01
177 7.704720e-01 5.160000e-03 2.243680e-01
178 7.694920e-01 5.240000e-03 2.252680e-01
179 7.685160e-01 5.200000e-03 2.262840e-01
180 7.675200e-01 5.296000e-03 2.271840e-01
181 7.664960e-01 5.396000e-03 2.281080e-01
182 7.653280e-01 5.576000e-03 2.290960e-01
183 7.644080e-01 5.508000e-03 2.300840e-01
184 7.633880e-01 5.484000e-03 2.311280e-01
185 7.624800e-01 5.484000e-03 2.320360e-01
186 7.614640e-01 5.580000e-03 2.329560e-01
187 7.604600e-01 5.520000e-03 2.340200e-01
188 7.595760e-01 5.388000e-03 2.350360e-01
189 7.585280e-01 5.476000e-03 2.359960e-01
190 7.576920e-01 5.348000e-03 2.369600e-01
191 7.567000e-01 5.444000e-03 2.378560e-01
192 7.558080e-01 5.416000e-03 2.387760e-01
193 7.549880e-01 5.280000e-03 2.397320e-01
194 7.540880e-01 5.220000e-03 2.406920e-01
195 7.533160e-01 5.032000e-03 2.416520e-01
196 7.525400e-01 4.872000e-03 2.425880e-01
197 7.518120e-01 4.744000e-03 2.434440e-01
198 7.509400e-01 4.836000e-03 2.442240e-01
199 7.501080e-01 4.864000e-03 2.450280e-01
200 7.492880e-01 4.832000e-03 2.458800e-01
201 7.485640e-01 4.712000e-03 2.467240e-01
202 7.477880e-01 4.728000e-03 2.474840e-01
203 7.470640e-01 4.620000e-03 2.483160e-01
204 7.463360e-01 4.636000e-03 2.490280e-01
205 7.455400e-01 4.636000e-03 2.498240e-01
206 7.447320e-01 4.700000e-03 2.505680e-01
207 7.438960e-01 4.728000e-03 2.513760e-01
208 7.430960e-01 4.656000e-03 2.522480e-01
209 7.423160e-01 4.552000e-03 2.531320e-01
210 7.414800e-01 4.556000e-03 2.539640e-01
211 7.406880e-01 4.548000e-03 2.547640e-01
212 7.399200e-01 4.576000e-03 2.555040e-01
213 7.391400e-01 4.544000e-03 2.563160e-01
214 7.384080e-01 4.556000e-03 2.570360e-01
215 7.376720e-01 4.468000e-03 2.578600e-01
216 7.369760e-01 4.408000e-03 2.586160e-01
217 7.361920e-01 4.368000e-03 2.594400e-01
218 7.353720e-01 4.424000e-03 2.602040e-01
219 7.344880e-01 4.460000e-03 2.610520e-01
220 7.337200e-01 4.420000e-03 2.618600e-01
221 7.329200e-01 4.464000e-03 2.626160e-01
222 7.321160e-01 4.428000e-03 2.634560e-01
223 7.312960e-01 4.488000e-03 2.642160e-01
224 7.305440e-01 4.456000e-03 2.650000e-01
225 7.297880e-01 4.528000e-03 2.656840e-01
226 7.289720e-01 4.476000e-03 2.665520e-01
227 7.281520e-01 4.500000e-03 2.673480e-01
228 7.274320e-01 4.444000e-03 2.681240e-01
229 7.268240e-01 4.224000e-03 2.689520e-01
230 7.262600e-01 4.128000e-03 2.696120e-01
231 7.255880e-01 4.076000e-03 2.703360e-01
232 7.249560e-01 4.008000e-03 2.710360e-01
233 7.243520e-01 3.896000e-03 2.717520e-01
234 7.237560e-01 3.844000e-03 2.724000e-01
235 7.230920e-01 3.840000e-03 2.730680e-01
236 7.224080e-01 3.900000e-03 2.736920e-01
237 7.216520e-01 3.996000e-03 2.743520e-01
238 7.209680e-01 3.944000e-03 2.750880e-01
239 7.203240e-01 3.896000e-03 2.757800e-01
240 7.196680e-01 3.840000e-03 2.764920e-01
241 7.189520e-01 3.872000e-03 2.771760e-01
242 7.181800e-01 3.952000e-03 2.778680e-01
243 7.174280e-01 4.000000e-03 2.785720e-01
244 7.167880e-01 3.960000e-03 2.792520e-01
245 7.162240e-01 3.844000e-03 2.799320e-01
246 7.154560e-01 3.924000e-03 2.806200e-01
247 7.147120e-01 3.924000e-03 2.813640e-01
248 7.140400e-01 3.860000e-03 2.821000e-01
249 7.133840e-01 3.860000e-03 2.827560e-01
250 7.126680e-01 3.800000e-03 2.835320e-01
251 7.119280e-01 3.896000e-03 2.841760e-01
252 7.112200e-01 4.008000e-03 2.847720e-01
253 7.105960e-01 3.940000e-03 2.854640e-01
254 7.099080e-01 3.784000e-03 2.863080e-01
255 7.093080e-01 3.720000e-03 2.869720e-01
256 7.086000e-01 3.764000e-03 2.876360e-01
257 7.079600e-01 3.756000e-03 2.882840e-01
258 7.073480e-01 3.704000e-03 2.889480e-01
259 7.066120e-01 3.824000e-03 2.895640e-01
260 7.060120e-01 3.756000e-03 2.902320e-01
261 7.053800e-01 3.792000e-03 2.908280e-01
262 7.048480e-01 3.680000e-03 2.914720e-01
263 7.042320e-01 3.680000e-03 2.920880e-01
264 7.036480e-01 3.644000e-03 2.927080e-01
265 7.030040e-01 3.660000e-03 2.933360e-01
266 7.024120e-01 3.600000e-03 2.939880e-01
267 7.018000e-01 3.576000e-03 2.946240e-01
268 7.011120e-01 3.688000e-03 2.952000e-01
269 7.004000e-01 3.692000e-03 2.959080e-01
270 6.997520e-01 3.720000e-03 2.965280e-01
271 6.991000e-01 3.684000e-03 2.972160e-01
272 6.984120e-01 3.676000e-03 2.979120e-01
273 6.977400e-01 3.728000e-03 2.985320e-01
274 6.971240e-01 3.688000e-03 2.991880e-01
275 6.964720e-01 3.652000e-03 2.998760e-01
276 6.958200e-01 3.704000e-03 3.004760e-01
277 6.953320e-01 3.592000e-03 3.010760e-01
278 6.947120e-01 3.632000e-03 3.016560e-01
279 6.940720e-01 3.576000e-03 3.023520e-01
280 6.935520e-01 3.448000e-03 3.030000e-01
281 6.930640e-01 3.328000e-03 3.036080e-01
282 6.925800e-01 3.240000e-03 3.041800e-01
283 6.920320e-01 3.216000e-03 3.047520e-01
284 6.915720e-01 3.144000e-03 3.052840e-01
285 6.910760e-01 3.128000e-03 3.057960e-01
286 6.905200e-01 3.060000e-03 3.064200e-01
287 6.900600e-01 3.024000e-03 3.069160e-01
288 6.895200e-01 3.072000e-03 3.074080e-01
289 6.889400e-01 3.120000e-03 3.079400e-01
290 6.884160e-01 3.064000e-03 3.085200e-01
291 6.879600e-01 2.896000e-03 3.091440e-01
292 6.874400e-01 2.916000e-03 3.096440e-01
293 6.868720e-01 2.904000e-03 3.102240e-01
294 6.863920e-01 2.876000e-03 3.107320e-01
295 6.858680e-01 2.860000e-03 3.112720e-01
296 6.853600e-01 2.856000e-03 3.117840e-01
297 6.849760e-01 2.756000e-03 3.122680e-01
298 6.845680e-01 2.648000e-03 3.127840e-01
299 6.840440e-01 2.724000e-03 3.132320e-01
300 6.836120e-01 2.636000e-03 3.137520e-01
301 6.832160e-01 2.628000e-03 3.141560e-01
302 6.827440e-01 2.608000e-03 3.146480e-01
303 6.823440e-01 2.552000e-03 3.151040e-01
304 6.819720e-01 2.480000e-03 3.155480e-01
305 6.815800e-01 2.456000e-03 3.159640e-01
306 6.812320e-01 2.480000e-03 3.162880e-01
307 6.808000e-01 2.504000e-03 3.166960e-01
308 6.803200e-01 2.568000e-03 3.171120e-01
309 6.799600e-01 2.544000e-03 3.174960e-01
310 6.795760e-01 2.504000e-03 3.179200e-01
311 6.791960e-01 2.500000e-03 3.183040e-01
312 6.787920e-01 2.400000e-03 3.188080e-01
313 6.783640e-01 2.428000e-03 3.192080e-01
314 6.779720e-01 2.404000e-03 3.196240e-01
315 6.775960e-01 2.392000e-03 3.200120e-01
316 6.772280e-01 2.292000e-03 3.204800e-01
317 6.769000e-01 2.204000e-03 3.208960e-01
318 6.766120e-01 2.152000e-03 3.212360e-01
319 6.762560e-01 2.176000e-03 3.215680e-01
320 6.759360e-01 2.072000e-03 3.219920e-01
321 6.756120e-01 2.100000e-03 3.222880e-01
322 6.752160e-01 2.084000e-03 3.227000e-01
323 6.748680e-01 2.052000e-03 3.230800e-01
324 6.745800e-01 1.972000e-03 3.234480e-01
325 6.743160e-01 1.872000e-03 3.238120e-01
326 6.740200e-01 1.884000e-03 3.240960e-01
327 6.736520e-01 1.972000e-03 3.243760e-01
328 6.733000e-01 1.996000e-03 3.247040e-01
329 6.730280e-01 1.852000e-03 3.251200e-01
330 6.727200e-01 1.852000e-03 3.254280e-01
331 6.723840e-01 1.844000e-03 3.257720e-01
332 6.720280e-01 1.880000e-03 3.260920e-01
333 6.716160e-01 1.968000e-03 3.264160e-01
334 6.713160e-01 1.916000e-03 3.267680e-01
335 6.710160e-01 1.908000e-03 3.270760e-01
336 6.706440e-01 1.944000e-03 3.274120e-01
337 6.703880e-01 1.852000e-03 3.277600e-01
338 6.700760e-01 1.816000e-03 3.281080e-01
339 6.697680e-01 1.792000e-03 3.284400e-01
340 6.695040e-01 1.764000e-03 3.287320e-01
341 6.691480e-01 1.740000e-03 3.291120e-01
342 6.689320e-01 1.640000e-03 3.294280e-01
343 6.687240e-01 1.600000e-03 3.296760e-01
344 6.685080e-01 1.584000e-03 3.299080e-01
345 6.683000e-01 1.516000e-03 3.301840e-01
346 6.680280e-01 1.504000e-03 3.304680e-01
347 6.677360e-01 1.520000e-03 3.307440e-01
348 6.674760e-01 1.520000e-03 3.310040e-01
349 6.671760e-01 1.548000e-03 3.312760e-01
350 6.669080e-01 1.580000e-03 3.315120e-01
351 6.666240e-01 1.636000e-03 3.317400e-01
352 6.663760e-01 1.576000e-03 3.320480e-01
353 6.660280e-01 1.628000e-03 3.323440e-01
354 6.657720e-01 1.552000e-03 3.326760e-01
355 6.654280e-01 1.592000e-03 3.329800e-01
356 6.651240e-01 1.596000e-03 3.332800e-01
357 6.648320e-01 1.640000e-03 3.335280e-01
358 6.644440e-01 1.752000e-03 3.338040e-01
359 6.641120e-01 1.752000e-03 3.341360e-01
360 6.638080e-01 1.756000e-03 3.344360e-01
361 6.635040e-01 1.760000e-03 3.347360e-01
362 6.631200e-01 1.864000e-03 3.350160e-01
363 6.628080e-01 1.904000e-03 3.352880e-01
364 6.625040e-01 1.916000e-03 3.355800e-01
365 6.622160e-01 1.888000e-03 3.358960e-01
366 6.619400e-01 1.896000e-03 3.361640e-01
367 6.616320e-01 1.832000e-03 3.365360e-01
368 6.614000e-01 1.768000e-03 3.368320e-01
369 6.610960e-01 1.780000e-03 3.371240e-01
370 6.608920e-01 1.648000e-03 3.374600e-01
371 6.606880e-01 1.596000e-03 3.377160e-01
372 6.604560e-01 1.528000e-03 3.380160e-01
373 6.602280e-01 1.516000e-03 3.382560e-01
374 6.599960e-01 1.480000e-03 3.385240e-01
375 6.597240e-01 1.528000e-03 3.387480e-01
376 6.593880e-01 1.640000e-03 3.389720e-01
377 6.591440e-01 1.568000e-03 3.392880e-01
378 6.588400e-01 1.624000e-03 3.395360e-01
379 6.585400e-01 1.628000e-03 3.398320e-01
380 6.582000e-01 1.676000e-03 3.401240e-01
381 6.578760e-01 1.688000e-03 3.404360e-01
382 6.574840e-01 1.716000e-03 3.408000e-01
383 6.571960e-01 1.740000e-03 3.410640e-01
384 6.568880e-01 1.772000e-03 3.413400e-01
385 6.566080e-01 1.768000e-03 3.416240e-01
386 6.563280e-01 1.708000e-03 3.419640e-01
387 6.560440e-01 1.712000e-03 3.422440e-01
388 6.556880e-01 1.828000e-03 3.424840e-01
389 6.553720e-01 1.824000e-03 3.428040e-01
390 6.551320e-01 1.776000e-03 3.430920e-01
391 6.549000e-01 1.692000e-03 3.434080e-01
392 6.546800e-01 1.624000e-03 3.436960e-01
393 6.543600e-01 1.664000e-03 3.439760e-01
394 6.541280e-01 1.572000e-03 3.443000e-01
395 6.538720e-01 1.456000e-03 3.446720e-01
396 6.536400e-01 1.416000e-03 3.449440e-01
397 6.534160e-01 1.360000e-03 3.452240e-01
398 6.531640e-01 1.348000e-03 3.454880e-01
399 6.529880e-01 1.296000e-03 3.457160e-01
400 6.527560e-01 1.296000e-03 3.459480e-01
401 6.524640e-01 1.336000e-03 3.462000e-01
402 6.522240e-01 1.264000e-03 3.465120e-01
403 6.519840e-01 1.260000e-03 3.467560e-01
404 6.517880e-01 1.248000e-03 3.469640e-01
405 6.516000e-01 1.216000e-03 3.471840e-01
406 6.514160e-01 1.164000e-03 3.474200e-01
407 6.512240e-01 1.168000e-03 3.476080e-01
408 6.510240e-01 1.200000e-03 3.477760e-01
409 6.508760e-01 1.124000e-03 3.480000e-01
410 6.507040e-01 1.092000e-03 3.482040e-01
411 6.505480e-01 1.084000e-03 3.483680e-01
412 6.503880e-01 1.084000e-03 3.485280e-01
413 6.502280e-01 1.064000e-03 3.487080e-01
414 6.500760e-01 9.840000e-04 3.489400e-01
415 6.498720e-01 1.028000e-03 3.491000e-01
416 6.497520e-01 9.560000e-04 3.492920e-01
417 6.495280e-01 1.008000e-03 3.494640e-01
418 6.493760e-01 9.600000e-04 3.496640e-01
419 6.491880e-01 9.520000e-04 3.498600e-01
420 6.490360e-01 9.520000e-04 3.500120e-01
421 6.488720e-01 8.920000e-04 3.502360e-01
422 6.487200e-01 9.120000e-04 3.503680e-01
423 6.485720e-01 9.280000e-04 3.505000e-01
424 6.484440e-01 9.040000e-04 3.506520e-01
425 6.483480e-01 8.480000e-04 3.508040e-01
426 6.481840e-01 8.400000e-04 3.509760e-01
427 6.480360e-01 8.760000e-04 3.510880e-01
428 6.479040e-01 8.680000e-04 3.512280e-01
429 6.477760e-01 8.360000e-04 3.513880e-01
430 6.476800e-01 7.680000e-04 3.515520e-01
431 6.475720e-01 7.360000e-04 3.516920e-01
432 6.474720e-01 7.400000e-04 3.517880e-01
433 6.473880e-01 6.840000e-04 3.519280e-01
434 6.473240e-01 6.520000e-04 3.520240e-01
435 6.472560e-01 6.280000e-04 3.521160e-01
436 6.471640e-01 6.080000e-04 3.522280e-01
437 6.470840e-01 5.920000e-04 3.523240e-01
438 6.470400e-01 5.360000e-04 3.524240e-01
439 6.469680e-01 5.200000e-04 3.525120e-01
440 6.469280e-01 5.040000e-04 3.525680e-01
441 6.468920e-01 4.280000e-04 3.526800e-01
442 6.468160e-01 3.960000e-04 3.527880e-01
443 6.467520e-01 3.920000e-04 3.528560e-01
444 6.466960e-01 3.800000e-04 3.529240e-01
445 6.466040e-01 4.080000e-04 3.529880e-01
446 6.465360e-01 3.800000e-04 3.530840e-01
447 6.464600e-01 3.760000e-04 3.531640e-01
448 6.463960e-01 3.800000e-04 3.532240e-01
449 6.463280e-01 3.760000e-04 3.532960e-01
450 6.462440e-01 3.880000e-04 3.533680e-01
451 6.462080e-01 3.560000e-04 3.534360e-01
452 6.461440e-01 3.720000e-04 3.534840e-01
453 6.460600e-01 4.000000e-04 3.535400e-01
454 6.460080e-01 3.800000e-04 3.536120e-01
455 6.459400e-01 3.760000e-04 3.536840e-01
456 6.458600e-01 3.960000e-04 3.537440e-01
457 6.458080e-01 3.640000e-04 3.538280e-01
458 6.457400e-01 3.440000e-04 3.539160e-01
459 6.456760e-01 3.600000e-04 3.539640e-01
460 6.455920e-01 3.640000e-04 3.540440e-01
461 6.455120e-01 3.720000e-04 3.541160e-01
462 6.454360e-01 3.760000e-04 3.541880e-01
463 6.453880e-01 3.560000e-04 3.542560e-01
464 6.453200e-01 3.680000e-04 3.543120e-01
465 6.452600e-01 3.600000e-04 3.543800e-01
466 6.452160e-01 3.360000e-04 3.544480e-01
467 6.451440e-01 3.640000e-04 3.544920e-01
468 6.450920e-01 3.600000e-04 3.545480e-01
469 6.450320e-01 3.480000e-04 3.546200e-01
470 6.449640e-01 3.480000e-04 3.546880e-01
471 6.448680e-01 3.800000e-04 3.547520e-01
472 6.447920e-01 3.520000e-04 3.548560e-01
473 6.447200e-01 3.640000e-04 3.549160e-01
474 6.446400e-01 3.720000e-04 3.549880e-01
475 6.445880e-01 3.560000e-04 3.550560e-01
476 6.445160e-01 3.400000e-04 3.551440e-01
477 6.444600e-01 3.160000e-04 3.552240e-01
478 6.443960e-01 3.120000e-04 3.552920e-01
479 6.443320e-01 2.880000e-04 3.553800e-01
480 6.442960e-01 2.920000e-04 3.554120e-01
481 6.442480e-01 2.880000e-04 3.554640e-01
482 6.442160e-01 2.720000e-04 3.555120e-01
483 6.441560e-01 2.800000e-04 3.555640e-01
484 6.440840e-01 2.920000e-04 3.556240e-01
485 6.440120e-01 3.040000e-04 3.556840e-01
486 6.439120e-01 3.680000e-04 3.557200e-01
487 6.438080e-01 4.120000e-04 3.557800e-01
488 6.437400e-01 4.200000e-04 3.558400e-01
489 6.436560e-01 4.520000e-04 3.558920e-01
490 6.435760e-01 4.440000e-04 3.559800e-01
491 6.434760e-01 4.520000e-04 3.560720e-01
492 6.434080e-01 4.320000e-04 3.561600e-01
493 6.433440e-01 4.160000e-04 3.562400e-01
494 6.432680e-01 4.400000e-04 3.562920e-01
495 6.431760e-01 4.520000e-04 3.563720e-01
496 6.430640e-01 4.600000e-04 3.564760e-01
497 6.429640e-01 4.600000e-04 3.565760e-01
498 6.428720e-01 4.960000e-04 3.566320e-01
499 6.427760e-01 4.880000e-04 3.567360e-01
500 6.427120e-01 4.800000e-04 3.568080e-01
