1 9.992080e-01 7.040000e-04 8.800000e-05
2 9.986480e-01 1.128000e-03 2.240000e-04
3 9.980560e-01 1.520000e-03 4.240000e-04
4 9.971880e-01 2.124000e-03 6.880000e-04
5 9.963200e-01 2.552000e-03 1.128000e-03
6 9.954120e-01 2.988000e-03 1.600000e-03
7 9.944960e-01 3.376000e-03 2.128000e-03
8 9.933800e-01 3.856000e-03 2.764000e-03
9 9.922840e-01 4.248000e-03 3.468000e-03
10 9.910480e-01 4.748000e-03 4.204000e-03
11 9.900320e-01 4.940000e-03 5.028000e-03
12 9.890640e-01 4.972000e-03 5.964000e-03
13 9.880160e-01 5.060000e-03 6.924000e-03
14 9.869040e-01 5.236000e-03 7.860000e-03
15 9.856920e-01 5.524000e-03 8.784000e-03
16 9.844720e-01 5.732000e-03 9.796000e-03
17 9.832480e-01 5.996000e-03 1.075600e-02
18 9.820360e-01 6.156000e-03 1.180800e-02
19 9.808600e-01 6.152000e-03 1.298800e-02
20 9.797000e-01 6.344000e-03 1.395600e-02
21 9.784240e-01 6.484000e-03 1.509200e-02
22 9.772520e-01 6.536000e-03 1.621200e-02
23 9.760840e-01 6.552000e-03 1.736400e-02
24 9.748000e-01 6.748000e-03 1.845200e-02
25 9.734320e-01 6.828000e-03 1.974000e-02
26 9.720480e-01 7.100000e-03 2.085200e-02
27 9.707000e-01 7.236000e-03 2.206400e-02
28 9.694160e-01 7.320000e-03 2.326400e-02
29 9.679240e-01 7.392000e-03 2.468400e-02
30 9.664040e-01 7.644000e-03 2.595200e-02
31 9.649160e-01 7.792000e-03 2.729200e-02
32 9.634640e-01 7.664000e-03 2.887200e-02
33 9.620680e-01 7.556000e-03 3.037600e-02
34 9.606600e-01 7.640000e-03 3.170000e-02
35 9.593400e-01 7.636000e-03 3.302400e-02
36 9.579080e-01 7.700000e-03 3.439200e-02
37 9.564760e-01 7.832000e-03 3.569200e-02
38 9.549520e-01 8.036000e-03 3.701200e-02
39 9.533480e-01 8.268000e-03 3.838400e-02
40 9.518040e-01 8.376000e-03 3.982000e-02
41 9.502120e-01 8.464000e-03 4.132400e-02
42 9.487360e-01 8.376000e-03 4.288800e-02
43 9.471920e-01 8.492000e-03 4.431600e-02
44 9.457480e-01 8.364000e-03 4.588800e-02
45 9.444120e-01 8.124000e-03 4.746400e-02
46 9.431000e-01 8.000000e-03 4.890000e-02
47 9.417000e-01 7.968000e-03 5.033200e-02
48 9.404200e-01 7.780000e-03 5.180000e-02
49 9.390880e-01 7.728000e-03 5.318400e-02
50 9.376680e-01 7.748000e-03 5.458400e-02
51 9.363200e-01 7.656000e-03 5.602400e-02
52 9.349960e-01 7.744000e-03 5.726000e-02
53 9.336560e-01 7.740000e-03 5.860400e-02
54 9.323720e-01 7.704000e-03 5.992400e-02
55 9.309320e-01 7.688000e-03 6.138000e-02
56 9.294200e-01 7.932000e-03 6.264800e-02
57 9.279400e-01 8.036000e-03 6.402400e-02
58 9.265520e-01 8.076000e-03 6.537200e-02
59 9.252520e-01 8.104000e-03 6.664400e-02
60 9.236480e-01 8.104000e-03 6.824800e-02
61 9.221800e-01 8.084000e-03 6.973600e-02
62 9.207000e-01 8.280000e-03 7.102000e-02
63 9.193200e-01 8.144000e-03 7.253600e-02
64 9.178840e-01 8.120000e-03 7.399600e-02
65 9.165360e-01 8.020000e-03 7.544400e-02
66 9.150640e-01 8.176000e-03 7.676000e-02
67 9.136840e-01 8.008000e-03 7.830800e-02
68 9.124720e-01 7.812000e-03 7.971600e-02
69 9.112640e-01 7.744000e-03 8.099200e-02
70 9.100080e-01 7.672000e-03 8.232000e-02
71 9.086400e-01 7.676000e-03 8.368400e-02
72 9.071560e-01 7.776000e-03 8.506800e-02
73 9.058880e-01 7.680000e-03 8.643200e-02
74 9.044360e-01 7.772000e-03 8.779200e-02
75 9.031080e-01 7.816000e-03 8.907600e-02
76 9.016680e-01 7.928000e-03 9.040400e-02
77 9.000880e-01 8.120000e-03 9.179200e-02
78 8.986160e-01 8.300000e-03 9.308400e-02
79 8.971680e-01 8.232000e-03 9.460000e-02
80 8.955240e-01 8.416000e-03 9.606000e-02
81 8.939560e-01 8.616000e-03 9.742800e-02
82 8.925720e-01 8.304000e-03 9.912400e-02
83 8.909400e-01 8.432000e-03 1.006280e-01
84 8.894920e-01 8.412000e-03 1.020960e-01
85 8.880360e-01 8.312000e-03 1.036520e-01
86 8.865000e-01 8.360000e-03 1.051400e-01
87 8.850120e-01 8.352000e-03 1.066360e-01
88 8.837040e-01 8.248000e-03 1.080480e-01
89 8.823160e-01 8.200000e-03 1.094840e-01
90 8.809120e-01 8.052000e-03 1.110360e-01
91 8.794520e-01 8.172000e-03 1.123760e-01
92 8.781520e-01 7.920000e-03 1.139280e-01
93 8.768120e-01 7.780000e-03 1.154080e-01
94 8.754960e-01 7.788000e-03 1.167160e-01
95 8.741360e-01 7.752000e-03 1.181120e-01
96 8.728600e-01 7.604000e-03 1.195360e-01
97 8.715920e-01 7.580000e-03 1.208280e-01
98 8.701040e-01 7.756000e-03 1.221400e-01
99 8.687760e-01 7.700000e-03 1.235240e-01
100 8.674800e-01 7.688000e-03 1.248320e-01
101 8.662640e-01 7.456000e-03 1.262800e-01
102 8.649920e-01 7.412000e-03 1.275960e-01
103 8.637520e-01 7.448000e-03 1.288000e-01
104 8.622360e-01 7.588000e-03 1.301760e-01
105 8.607760e-01 7.768000e-03 1.314560e-01
106 8.592520e-01 7.980000e-03 1.327680e-01
107 8.577280e-01 8.012000e-03 1.342600e-01
108 8.562240e-01 8.280000e-03 1.354960e-01
109 8.547120e-01 8.456000e-03 1.368320e-01
110 8.531440e-01 8.624000e-03 1.382320e-01
111 8.514560e-01 8.708000e-03 1.398360e-01
112 8.498520e-01 8.700000e-03 1.414480e-01
113 8.482720e-01 8.836000e-03 1.428920e-01
114 8.466760e-01 8.800000e-03 1.445240e-01
115 8.452680e-01 8.624000e-03 1.461080e-01
116 8.436880e-01 8.728000e-03 1.475840e-01
117 8.421600e-01 8.764000e-03 1.490760e-01
118 8.407200e-01 8.616000e-03 1.506640e-01
119 8.393000e-01 8.584000e-03 1.521160e-01
120 8.379080e-01 8.520000e-03 1.535720e-01
121 8.364760e-01 8.476000e-03 1.550480e-01
122 8.348440e-01 8.652000e-03 1.565040e-01
123 8.333120e-01 8.752000e-03 1.579360e-01
124 8.316600e-01 8.944000e-03 1.593960e-01
125 8.301640e-01 8.988000e-03 1.608480e-01
126 8.285880e-01 8.972000e-03 1.624400e-01
127 8.269080e-01 9.040000e-03 1.640520e-01
128 8.253560e-01 9.016000e-03 1.656280e-01
129 8.238040e-01 9.008000e-03 1.671880e-01
130 8.223080e-01 8.852000e-03 1.688400e-01
131 8.208080e-01 8.828000e-03 1.703640e-01
132 8.193800e-01 8.812000e-03 1.718080e-01
133 8.178640e-01 8.772000e-03 1.733640e-01
134 8.164160e-01 8.804000e-03 1.747800e-01
135 8.150920e-01 8.560000e-03 1.763480e-01
136 8.135840e-01 8.608000e-03 1.778080e-01
137 8.119880e-01 8.712000e-03 1.793000e-01
138 8.105160e-01 8.560000e-03 1.809240e-01
139 8.089520e-01 8.616000e-03 1.824320e-01
140 8.073440e-01 8.740000e-03 1.839160e-01
141 8.057720e-01 8.760000e-03 1.854680e-01
142 8.042320e-01 8.736000e-03 1.870320e-01
143 8.027440e-01 8.800000e-03 1.884560e-01
144 8.013440e-01 8.592000e-03 1.900640e-01
145 8.000640e-01 8.432000e-03 1.915040e-01
146 7.987080e-01 8.272000e-03 1.930200e-01
147 7.973840e-01 8.148000e-03 1.944680e-01
148 7.960600e-01 8.040000e-03 1.959000e-01
149 7.947280e-01 7.972000e-03 1.973000e-01
150 7.933080e-01 7.908000e-03 1.987840e-01
151 7.920080e-01 7.760000e-03 2.002320e-01
152 7.907200e-01 7.684000e-03 2.015960e-01
153 7.894400e-01 7.544000e-03 2.030160e-01
154 7.882240e-01 7.528000e-03 2.042480e-01
155 7.868720e-01 7.596000e-03 2.055320e-01
156 7.856440e-01 7.628000e-03 2.067280e-01
157 7.842120e-01 7.704000e-03 2.080840e-01
158 7.828680e-01 7.672000e-03 2.094600e-01
159 7.816120e-01 7.616000e-03 2.107720e-01
160 7.803440e-01 7.680000e-03 2.119760e-01
161 7.791680e-01 7.616000e-03 2.132160e-01
162 7.777520e-01 7.704000e-03 2.145440e-01
163 7.763720e-01 7.804000e-03 2.158240e-01
164 7.750720e-01 7.768000e-03 2.171600e-01
165 7.739200e-01 7.612000e-03 2.184680e-01
166 7.726840e-01 7.512000e-03 2.198040e-01
167 7.714760e-01 7.340000e-03 2.211840e-01
168 7.702560e-01 7.308000e-03 2.224360e-01
169 7.691240e-01 7.124000e-03 2.237520e-01
170 7.679240e-01 7.136000e-03 2.249400e-01
171 7.666120e-01 7.156000e-03 2.262320e-01
172 7.653600e-01 7.080000e-03 2.275600e-01
173 7.640400e-01 7.172000e-03 2.287880e-01
174 7.628960e-01 6.964000e-03 2.301400e-01
175 7.616840e-01 7.020000e-03 2.312960e-01
176 7.605480e-01 6.908000e-03 2.325440e-01
177 7.593160e-01 6.916000e-03 2.337680e-01
178 7.583240e-01 6.864000e-03 2.348120e-01
179 7.572480e-01 6.800000e-03 2.359520e-01
180 7.560560e-01 6.776000e-03 2.371680e-01
181 7.549120e-01 6.812000e-03 2.382760e-01
182 7.538360e-01 6.808000e-03 2.393560e-01
183 7.528120e-01 6.684000e-03 2.405040e-01
184 7.518240e-01 6.520000e-03 2.416560e-01
185 7.508880e-01 6.308000e-03 2.428040e-01
186 7.498440e-01 6.216000e-03 2.439400e-01
187 7.489080e-01 6.084000e-03 2.450080e-01
188 7.478960e-01 6.100000e-03 2.460040e-01
189 7.468920e-01 6.084000e-03 2.470240e-01
190 7.458720e-01 6.072000e-03 2.480560e-01
191 7.449520e-01 5.980000e-03 2.490680e-01
192 7.440520e-01 5.760000e-03 2.501880e-01
193 7.431280e-01 5.736000e-03 2.511360e-01
194 7.421840e-01 5.692000e-03 2.521240e-01
195 7.412400e-01 5.696000e-03 2.530640e-01
196 7.401320e-01 5.828000e-03 2.540400e-01
197 7.391200e-01 5.856000e-03 2.550240e-01
198 7.381240e-01 5.768000e-03 2.561080e-01
199 7.371320e-01 5.784000e-03 2.570840e-01
200 7.361400e-01 5.784000e-03 2.580760e-01
201 7.352480e-01 5.676000e-03 2.590760e-01
202 7.341880e-01 5.712000e-03 2.601000e-01
203 7.332600e-01 5.628000e-03 2.611120e-01
204 7.322680e-01 5.680000e-03 2.620520e-01
205 7.312040e-01 5.700000e-03 2.630960e-01
206 7.301800e-01 5.740000e-03 2.640800e-01
207 7.291880e-01 5.816000e-03 2.649960e-01
208 7.281960e-01 5.796000e-03 2.660080e-01
209 7.270720e-01 5.752000e-03 2.671760e-01
210 7.261040e-01 5.696000e-03 2.682000e-01
211 7.251560e-01 5.684000e-03 2.691600e-01
212 7.243560e-01 5.428000e-03 2.702160e-01
213 7.236040e-01 5.256000e-03 2.711400e-01
214 7.226800e-01 5.204000e-03 2.721160e-01
215 7.217200e-01 5.192000e-03 2.730880e-01
216 7.207920e-01 5.252000e-03 2.739560e-01
217 7.199480e-01 5.036000e-03 2.750160e-01
218 7.190600e-01 5.060000e-03 2.758800e-01
219 7.181760e-01 5.060000e-03 2.767640e-01
220 7.174280e-01 4.936000e-03 2.776360e-01
221 7.166120e-01 4.920000e-03 2.784680e-01
222 7.158880e-01 4.776000e-03 2.793360e-01
223 7.152480e-01 4.628000e-03 2.801240e-01
224 7.144720e-01 4.600000e-03 2.809280e-01
225 7.136040e-01 4.568000e-03 2.818280e-01
226 7.128000e-01 4.532000e-03 2.826680e-01
227 7.119800e-01 4.624000e-03 2.833960e-01
228 7.111360e-01 4.636000e-03 2.842280e-01
229 7.102920e-01 4.644000e-03 2.850640e-01
230 7.095160e-01 4.604000e-03 2.858800e-01
231 7.087960e-01 4.504000e-03 2.867000e-01
232 7.081920e-01 4.352000e-03 2.874560e-01
233 7.074880e-01 4.236000e-03 2.882760e-01
234 7.068160e-01 4.168000e-03 2.890160e-01
235 7.060840e-01 4.240000e-03 2.896760e-01
236 7.053760e-01 4.200000e-03 2.904240e-01
237 7.045920e-01 4.236000e-03 2.911720e-01
238 7.038720e-01 4.168000e-03 2.919600e-01
239 7.032600e-01 4.112000e-03 2.926280e-01
240 7.026800e-01 3.996000e-03 2.933240e-01
241 7.019800e-01 4.040000e-03 2.939800e-01
242 7.013840e-01 3.920000e-03 2.946960e-01
243 7.008040e-01 3.956000e-03 2.952400e-01
244 7.001160e-01 3.968000e-03 2.959160e-01
245 6.995280e-01 3.920000e-03 2.965520e-01
246 6.989160e-01 3.844000e-03 2.972400e-01
247 6.984360e-01 3.608000e-03 2.979560e-01
248 6.979520e-01 3.400000e-03 2.986480e-01
249 6.974400e-01 3.328000e-03 2.992320e-01
250 6.969800e-01 3.200000e-03 2.998200e-01
251 6.964920e-01 3.100000e-03 3.004080e-01
252 6.960480e-01 2.944000e-03 3.010080e-01
253 6.955400e-01 2.924000e-03 3.015360e-01
254 6.950520e-01 2.944000e-03 3.020040e-01
255 6.944680e-01 3.060000e-03 3.024720e-01
256 6.939080e-01 3.144000e-03 3.029480e-01
257 6.934240e-01 3.092000e-03 3.034840e-01
258 6.928240e-01 3.148000e-03 3.040280e-01
259 6.922040e-01 3.176000e-03 3.046200e-01
260 6.916120e-01 3.224000e-03 3.051640e-01
261 6.910600e-01 3.212000e-03 3.057280e-01
262 6.904880e-01 3.136000e-03 3.063760e-01
263 6.899400e-01 3.104000e-03 3.069560e-01
264 6.893560e-01 3.140000e-03 3.075040e-01
265 6.886480e-01 3.280000e-03 3.080720e-01
266 6.880840e-01 3.256000e-03 3.086600e-01
267 6.875200e-01 3.324000e-03 3.091560e-01
268 6.869160e-01 3.356000e-03 3.097280e-01
269 6.862240e-01 3.472000e-03 3.103040e-01
270 6.855760e-01 3.492000e-03 3.109320e-01
271 6.849960e-01 3.376000e-03 3.116280e-01
272 6.843600e-01 3.464000e-03 3.121760e-01
273 6.836440e-01 3.520000e-03 3.128360e-01
274 6.829960e-01 3.516000e-03 3.134880e-01
275 6.823520e-01 3.568000e-03 3.140800e-01
276 6.818560e-01 3.468000e-03 3.146760e-01
277 6.812320e-01 3.552000e-03 3.152160e-01
278 6.805880e-01 3.576000e-03 3.158360e-01
279 6.799080e-01 3.704000e-03 3.163880e-01
280 6.792520e-01 3.712000e-03 3.170360e-01
281 6.786040e-01 3.704000e-03 3.176920e-01
282 6.779800e-01 3.748000e-03 3.182720e-01
283 6.773240e-01 3.768000e-03 3.189080e-01
284 6.767120e-01 3.684000e-03 3.196040e-01
285 6.760680e-01 3.708000e-03 3.202240e-01
286 6.753840e-01 3.652000e-03 3.209640e-01
287 6.748040e-01 3.612000e-03 3.215840e-01
288 6.740880e-01 3.764000e-03 3.221480e-01
289 6.733520e-01 3.840000e-03 3.228080e-01
290 6.727200e-01 3.872000e-03 3.234080e-01
291 6.719760e-01 3.904000e-03 3.241200e-01
292 6.713440e-01 3.884000e-03 3.247720e-01
293 6.706400e-01 3.876000e-03 3.254840e-01
294 6.699760e-01 3.808000e-03 3.262160e-01
295 6.693400e-01 3.772000e-03 3.268880e-01
296 6.687400e-01 3.728000e-03 3.275320e-01
297 6.680720e-01 3.748000e-03 3.281800e-01
298 6.674760e-01 3.640000e-03 3.288840e-01
299 6.669040e-01 3.588000e-03 3.295080e-01
300 6.663560e-01 3.572000e-03 3.300720e-01
301 6.658040e-01 3.464000e-03 3.307320e-01
302 6.652640e-01 3.388000e-03 3.313480e-01
303 6.647120e-01 3.364000e-03 3.319240e-01
304 6.642480e-01 3.244000e-03 3.325080e-01
305 6.637400e-01 3.232000e-03 3.330280e-01
306 6.632200e-01 3.160000e-03 3.336200e-01
307 6.627000e-01 3.152000e-03 3.341480e-01
308 6.621520e-01 3.088000e-03 3.347600e-01
309 6.616360e-01 3.112000e-03 3.352520e-01
310 6.611840e-01 2.980000e-03 3.358360e-01
311 6.607040e-01 2.892000e-03 3.364040e-01
312 6.602040e-01 2.892000e-03 3.369040e-01
313 6.596880e-01 3.008000e-03 3.373040e-01
314 6.592120e-01 2.940000e-03 3.378480e-01
315 6.586960e-01 2.872000e-03 3.384320e-01
316 6.583040e-01 2.820000e-03 3.388760e-01
317 6.578960e-01 2.740000e-03 3.393640e-01
318 6.575040e-01 2.632000e-03 3.398640e-01
319 6.571200e-01 2.552000e-03 3.403280e-01
320 6.567360e-01 2.440000e-03 3.408240e-01
321 6.563760e-01 2.384000e-03 3.412400e-01
322 6.559560e-01 2.440000e-03 3.416040e-01
323 6.555280e-01 2.448000e-03 3.420240e-01
324 6.551200e-01 2.380000e-03 3.425000e-01
325 6.546880e-01 2.368000e-03 3.429440e-01
326 6.542840e-01 2.312000e-03 3.434040e-01
327 6.538320e-01 2.384000e-03 3.437840e-01
328 6.533360e-01 2.532000e-03 3.441320e-01
329 6.528520e-01 2.612000e-03 3.445360e-01
330 6.523480e-01 2.600000e-03 3.450520e-01
331 6.518440e-01 2.612000e-03 3.455440e-01
332 6.513080e-01 2.652000e-03 3.460400e-01
333 6.509160e-01 2.564000e-03 3.465200e-01
334 6.504640e-01 2.576000e-03 3.469600e-01
335 6.499840e-01 2.596000e-03 3.474200e-01
336 6.495320e-01 2.664000e-03 3.478040e-01
337 6.491800e-01 2.580000e-03 3.482400e-01
338 6.488200e-01 2.524000e-03 3.486560e-01
339 6.484960e-01 2.376000e-03 3.491280e-01
340 6.481440e-01 2.268000e-03 3.495880e-01
341 6.477920e-01 2.244000e-03 3.499640e-01
342 6.474520e-01 2.144000e-03 3.504040e-01
343 6.470720e-01 2.200000e-03 3.507280e-01
344 6.466880e-01 2.228000e-03 3.510840e-01
345 6.463120e-01 2.188000e-03 3.515000e-01
346 6.458880e-01 2.252000e-03 3.518600e-01
347 6.455440e-01 2.240000e-03 3.522160e-01
348 6.452040e-01 2.136000e-03 3.526600e-01
349 6.449000e-01 2.072000e-03 3.530280e-01
350 6.445840e-01 2.032000e-03 3.533840e-01
351 6.442440e-01 2.052000e-03 3.537040e-01
352 6.439400e-01 1.956000e-03 3.541040e-01
353 6.435720e-01 1.976000e-03 3.544520e-01
354 6.431120e-01 2.060000e-03 3.548280e-01
355 6.427960e-01 2.020000e-03 3.551840e-01
356 6.424640e-01 1.960000e-03 3.555760e-01
357 6.421640e-01 1.924000e-03 3.559120e-01
358 6.418640e-01 1.904000e-03 3.562320e-01
359 6.415600e-01 1.956000e-03 3.564840e-01
360 6.412240e-01 1.940000e-03 3.568360e-01
361 6.409640e-01 1.864000e-03 3.571720e-01
362 6.407200e-01 1.832000e-03 3.574480e-01
363 6.404800e-01 1.760000e-03 3.577600e-01
364 6.402040e-01 1.708000e-03 3.580880e-01
365 6.399240e-01 1.712000e-03 3.583640e-01
366 6.396120e-01 1.736000e-03 3.586520e-01
367 6.393440e-01 1.656000e-03 3.590000e-01
368 6.390040e-01 1.752000e-03 3.592440e-01
369 6.387200e-01 1.700000e-03 3.595800e-01
370 6.383840e-01 1.736000e-03 3.598800e-01
371 6.381080e-01 1.728000e-03 3.601640e-01
372 6.378000e-01 1.700000e-03 3.605000e-01
373 6.374960e-01 1.688000e-03 3.608160e-01
374 6.371560e-01 1.740000e-03 3.611040e-01
375 6.368160e-01 1.784000e-03 3.614000e-01
376 6.364760e-01 1.848000e-03 3.616760e-01
377 6.361720e-01 1.892000e-03 3.619360e-01
378 6.358880e-01 1.800000e-03 3.623120e-01
379 6.354880e-01 1.896000e-03 3.626160e-01
380 6.352160e-01 1.780000e-03 3.630040e-01
381 6.349560e-01 1.732000e-03 3.633120e-01
382 6.346800e-01 1.712000e-03 3.636080e-01
383 6.344240e-01 1.632000e-03 3.639440e-01
384 6.341480e-01 1.564000e-03 3.642880e-01
385 6.338960e-01 1.548000e-03 3.645560e-01
386 6.336240e-01 1.560000e-03 3.648160e-01
387 6.334000e-01 1.508000e-03 3.650920e-01
388 6.331520e-01 1.520000e-03 3.653280e-01
389 6.329000e-01 1.508000e-03 3.655920e-01
390 6.326360e-01 1.488000e-03 3.658760e-01
391 6.322720e-01 1.600000e-03 3.661280e-01
392 6.319640e-01 1.652000e-03 3.663840e-01
393 6.317280e-01 1.572000e-03 3.667000e-01
394 6.314800e-01 1.568000e-03 3.669520e-01
395 6.312600e-01 1.536000e-03 3.672040e-01
396 6.309760e-01 1.588000e-03 3.674360e-01
397 6.306840e-01 1.632000e-03 3.676840e-01
398 6.304320e-01 1.628000e-03 3.679400e-01
399 6.301800e-01 1.580000e-03 3.682400e-01
400 6.299440e-01 1.616000e-03 3.684400e-01
401 6.296400e-01 1.664000e-03 3.686960e-01
402 6.293920e-01 1.640000e-03 3.689680e-01
403 6.291600e-01 1.580000e-03 3.692600e-01
404 6.289600e-01 1.476000e-03 3.695640e-01
405 6.287400e-01 1.472000e-03 3.697880e-01
406 6.285600e-01 1.384000e-03 3.700560e-01
407 6.283400e-01 1.336000e-03 3.703240e-01
408 6.281520e-01 1.300000e-03 3.705480e-01
409 6.279360e-01 1.344000e-03 3.707200e-01
410 6.277640e-01 1.232000e-03 3.710040e-01
411 6.276040e-01 1.180000e-03 3.712160e-01
412 6.274080e-01 1.208000e-03 3.713840e-01
413 6.272200e-01 1.180000e-03 3.716000e-01
414 6.270360e-01 1.136000e-03 3.718280e-01
415 6.268440e-01 1.092000e-03 3.720640e-01
416 6.266320e-01 1.140000e-03 3.722280e-01
417 6.264240e-01 1.200000e-03 3.723760e-01
418 6.262600e-01 1.188000e-03 3.725520e-01
419 6.260720e-01 1.188000e-03 3.727400e-01
420 6.258840e-01 1.200000e-03 3.729160e-01
421 6.256960e-01 1.168000e-03 3.731360e-01
422 6.255160e-01 1.148000e-03 3.733360e-01
423 6.253800e-01 1.060000e-03 3.735600e-01
424 6.252080e-01 1.056000e-03 3.737360e-01
425 6.250040e-01 1.080000e-03 3.739160e-01
426 6.247800e-01 1.116000e-03 3.741040e-01
427 6.245560e-01 1.140000e-03 3.743040e-01
428 6.242880e-01 1.144000e-03 3.745680e-01
429 6.240440e-01 1.212000e-03 3.747440e-01
430 6.238480e-01 1.196000e-03 3.749560e-01
431 6.236160e-01 1.180000e-03 3.752040e-01
432 6.234320e-01 1.188000e-03 3.753800e-01
433 6.232240e-01 1.200000e-03 3.755760e-01
434 6.229640e-01 1.256000e-03 3.757800e-01
435 6.227960e-01 1.192000e-03 3.760120e-01
436 6.225880e-01 1.212000e-03 3.762000e-01
437 6.223600e-01 1.224000e-03 3.764160e-01
438 6.221360e-01 1.284000e-03 3.765800e-01
439 6.219560e-01 1.256000e-03 3.767880e-01
440 6.217600e-01 1.200000e-03 3.770400e-01
441 6.215920e-01 1.128000e-03 3.772800e-01
442 6.213800e-01 1.104000e-03 3.775160e-01
443 6.211360e-01 1.156000e-03 3.777080e-01
444 6.209680e-01 1.108000e-03 3.779240e-01
445 6.207360e-01 1.124000e-03 3.781400e-01
446 6.205720e-01 1.092000e-03 3.783360e-01
447 6.203960e-01 1.104000e-03 3.785000e-01
448 6.202200e-01 1.080000e-03 3.787000e-01
449 6.200760e-01 1.020000e-03 3.789040e-01
450 6.199200e-01 9.640000e-04 3.791160e-01
451 6.197880e-01 9.280000e-04 3.792840e-01
452 6.196480e-01 8.960000e-04 3.794560e-01
453 6.195400e-01 8.400000e-04 3.796200e-01
454 6.193920e-01 8.720000e-04 3.797360e-01
455 6.192440e-01 8.880000e-04 3.798680e-01
456 6.191240e-01 8.760000e-04 3.800000e-01
457 6.189960e-01 8.560000e-04 3.801480e-01
458 6.188760e-01 8.320000e-04 3.802920e-01
459 6.187600e-01 7.880000e-04 3.804520e-01
460 6.186200e-01 7.920000e-04 3.805880e-01
461 6.185360e-01 7.600000e-04 3.807040e-01
462 6.184360e-01 7.480000e-04 3.808160e-01
463 6.183800e-01 6.920000e-04 3.809280e-01
464 6.182880e-01 6.640000e-04 3.810480e-01
465 6.182160e-01 6.160000e-04 3.811680e-01
466 6.181400e-01 6.200000e-04 3.812400e-01
467 6.180520e-01 5.920000e-04 3.813560e-01
468 6.179480e-01 6.080000e-04 3.814440e-01
469 6.178160e-01 6.200000e-04 3.815640e-01
470 6.176520e-01 6.760000e-04 3.816720e-01
471 6.175120e-01 6.640000e-04 3.818240e-01
472 6.174080e-01 6.360000e-04 3.819560e-01
473 6.173080e-01 6.120000e-04 3.820800e-01
474 6.172080e-01 6.040000e-04 3.821880e-01
475 6.170880e-01 6.280000e-04 3.822840e-01
476 6.169400e-01 6.720000e-04 3.823880e-01
477 6.168000e-01 6.880000e-04 3.825120e-01
478 6.167240e-01 6.360000e-04 3.826400e-01
479 6.166680e-01 5.600000e-04 3.827720e-01
480 6.166000e-01 5.120000e-04 3.828880e-01
481 6.165520e-01 4.600000e-04 3.829880e-01
482 6.164880e-01 4.600000e-04 3.830520e-01
483 6.164080e-01 4.520000e-04 3.831400e-01
484 6.162880e-01 5.040000e-04 3.832080e-01
485 6.162120e-01 4.960000e-04 3.832920e-01
486 6.161640e-01 4.560000e-04 3.833800e-01
487 6.160960e-01 4.440000e-04 3.834600e-01
488 6.160320e-01 4.120000e-04 3.835560e-01
489 6.159600e-01 4.160000e-04 3.836240e-01
490 6.158840e-01 4.000000e-04 3.837160e-01
491 6.158040e-01 4.160000e-04 3.837800e-01
492 6.157560e-01 4.000000e-04 3.838440e-01
493 6.156800e-01 4.120000e-04 3.839080e-01
494 6.156120e-01 3.960000e-04 3.839920e-01
495 6.155400e-01 3.840000e-04 3.840760e-01
496 6.154680e-01 4.080000e-04 3.841240e-01
497 6.153960e-01 4.320000e-04 3.841720e-01
498 6.153160e-01 4.480000e-04 3.842360e-01
499 6.152080e-01 4.720000e-04 3.843200e-01
500 6.151160e-01 5.040000e-04 3.843800e-01
