1 9.991800e-01 7.120000e-04 1.080000e-04
2 9.986560e-01 1.068000e-03 2.760000e-04
3 9.979640e-01 1.480000e-03 5.560000e-04
4 9.972160e-01 1.996000e-03 7.880000e-04
5 9.964760e-01 2.360000e-03 1.164000e-03
6 9.956560e-01 2.756000e-03 1.588000e-03
7 9.947560e-01 3.164000e-03 2.080000e-03
8 9.937720e-01 3.596000e-03 2.632000e-03
9 9.927000e-01 3.988000e-03 3.312000e-03
10 9.915920e-01 4.348000e-03 4.060000e-03
11 9.905800e-01 4.604000e-03 4.816000e-03
12 9.894600e-01 4.852000e-03 5.688000e-03
13 9.882360e-01 5.248000e-03 6.516000e-03
14 9.870360e-01 5.504000e-03 7.460000e-03
15 9.858920e-01 5.800000e-03 8.308000e-03
16 9.847680e-01 5.868000e-03 9.364000e-03
17 9.836240e-01 5.980000e-03 1.039600e-02
18 9.824200e-01 6.176000e-03 1.140400e-02
19 9.812400e-01 6.160000e-03 1.260000e-02
20 9.802000e-01 6.044000e-03 1.375600e-02
21 9.790360e-01 6.060000e-03 1.490400e-02
22 9.778840e-01 6.056000e-03 1.606000e-02
23 9.767480e-01 6.168000e-03 1.708400e-02
24 9.755360e-01 6.232000e-03 1.823200e-02
25 9.742440e-01 6.524000e-03 1.923200e-02
26 9.729560e-01 6.664000e-03 2.038000e-02
27 9.716800e-01 6.820000e-03 2.150000e-02
28 9.701600e-01 7.100000e-03 2.274000e-02
29 9.688360e-01 7.216000e-03 2.394800e-02
30 9.673800e-01 7.460000e-03 2.516000e-02
31 9.660520e-01 7.368000e-03 2.658000e-02
32 9.645720e-01 7.592000e-03 2.783600e-02
33 9.631480e-01 7.728000e-03 2.912400e-02
34 9.617200e-01 7.716000e-03 3.056400e-02
35 9.603520e-01 7.664000e-03 3.198400e-02
36 9.588760e-01 7.664000e-03 3.346000e-02
37 9.574720e-01 7.800000e-03 3.472800e-02
38 9.561480e-01 7.816000e-03 3.603600e-02
39 9.548360e-01 7.748000e-03 3.741600e-02
40 9.533160e-01 7.964000e-03 3.872000e-02
41 9.519680e-01 7.960000e-03 4.007200e-02
42 9.505720e-01 8.004000e-03 4.142400e-02
43 9.491080e-01 8.008000e-03 4.288400e-02
44 9.477600e-01 7.896000e-03 4.434400e-02
45 9.464160e-01 7.792000e-03 4.579200e-02
46 9.450400e-01 7.792000e-03 4.716800e-02
47 9.436840e-01 7.896000e-03 4.842000e-02
48 9.423840e-01 7.920000e-03 4.969600e-02
49 9.411720e-01 7.672000e-03 5.115600e-02
50 9.399080e-01 7.604000e-03 5.248800e-02
51 9.385800e-01 7.572000e-03 5.384800e-02
52 9.372160e-01 7.536000e-03 5.524800e-02
53 9.357560e-01 7.720000e-03 5.652400e-02
54 9.342640e-01 7.932000e-03 5.780400e-02
55 9.329480e-01 7.844000e-03 5.920800e-02
56 9.316720e-01 7.768000e-03 6.056000e-02
57 9.303720e-01 7.688000e-03 6.194000e-02
58 9.289400e-01 7.940000e-03 6.312000e-02
59 9.277720e-01 7.732000e-03 6.449600e-02
60 9.265480e-01 7.696000e-03 6.575600e-02
61 9.252400e-01 7.636000e-03 6.712400e-02
62 9.240480e-01 7.528000e-03 6.842400e-02
63 9.229400e-01 7.292000e-03 6.976800e-02
64 9.215920e-01 7.404000e-03 7.100400e-02
65 9.202360e-01 7.484000e-03 7.228000e-02
66 9.188120e-01 7.548000e-03 7.364000e-02
67 9.174080e-01 7.636000e-03 7.495600e-02
68 9.160840e-01 7.632000e-03 7.628400e-02
69 9.147240e-01 7.704000e-03 7.757200e-02
70 9.133200e-01 7.772000e-03 7.890800e-02
71 9.120520e-01 7.652000e-03 8.029600e-02
72 9.106560e-01 7.652000e-03 8.169200e-02
73 9.093760e-01 7.764000e-03 8.286000e-02
74 9.079720e-01 7.716000e-03 8.431200e-02
75 9.065040e-01 7.832000e-03 8.566400e-02
76 9.050280e-01 8.012000e-03 8.696000e-02
77 9.034800e-01 8.196000e-03 8.832400e-02
78 9.019480e-01 8.204000e-03 8.984800e-02
79 9.005880e-01 8.140000e-03 9.127200e-02
80 8.991680e-01 8.196000e-03 9.263600e-02
81 8.976000e-01 8.448000e-03 9.395200e-02
82 8.962480e-01 8.296000e-03 9.545600e-02
83 8.949440e-01 8.012000e-03 9.704400e-02
84 8.934880e-01 8.160000e-03 9.835200e-02
85 8.920960e-01 8.192000e-03 9.971200e-02
86 8.906640e-01 8.192000e-03 1.011440e-01
87 8.892840e-01 8.084000e-03 1.026320e-01
88 8.880400e-01 8.028000e-03 1.039320e-01
89 8.867240e-01 7.808000e-03 1.054680e-01
90 8.854560e-01 7.732000e-03 1.068120e-01
91 8.840160e-01 7.876000e-03 1.081080e-01
92 8.824800e-01 8.088000e-03 1.094320e-01
93 8.810440e-01 8.036000e-03 1.109200e-01
94 8.795120e-01 8.120000e-03 1.123680e-01
95 8.781720e-01 7.944000e-03 1.138840e-01
96 8.767760e-01 7.928000e-03 1.152960e-01
97 8.753560e-01 8.004000e-03 1.166400e-01
98 8.739800e-01 8.032000e-03 1.179880e-01
99 8.726120e-01 8.028000e-03 1.193600e-01
100 8.712040e-01 7.952000e-03 1.208440e-01
101 8.699880e-01 7.804000e-03 1.222080e-01
102 8.685840e-01 7.808000e-03 1.236080e-01
103 8.672360e-01 7.732000e-03 1.250320e-01
104 8.659000e-01 7.672000e-03 1.264280e-01
105 8.645440e-01 7.700000e-03 1.277560e-01
106 8.630720e-01 7.736000e-03 1.291920e-01
107 8.617680e-01 7.676000e-03 1.305560e-01
108 8.603280e-01 7.704000e-03 1.319680e-01
109 8.590280e-01 7.712000e-03 1.332600e-01
110 8.576600e-01 7.828000e-03 1.345120e-01
111 8.563320e-01 7.744000e-03 1.359240e-01
112 8.550320e-01 7.692000e-03 1.372760e-01
113 8.538160e-01 7.576000e-03 1.386080e-01
114 8.524560e-01 7.560000e-03 1.399840e-01
115 8.511840e-01 7.472000e-03 1.413440e-01
116 8.500160e-01 7.328000e-03 1.426560e-01
117 8.488840e-01 7.188000e-03 1.439280e-01
118 8.478120e-01 7.052000e-03 1.451360e-01
119 8.467120e-01 7.020000e-03 1.462680e-01
120 8.456080e-01 6.908000e-03 1.474840e-01
121 8.444640e-01 6.720000e-03 1.488160e-01
122 8.434000e-01 6.620000e-03 1.499800e-01
123 8.422240e-01 6.612000e-03 1.511640e-01
124 8.411640e-01 6.568000e-03 1.522680e-01
125 8.400920e-01 6.468000e-03 1.534400e-01
126 8.390960e-01 6.236000e-03 1.546680e-01
127 8.380760e-01 6.176000e-03 1.557480e-01
128 8.370400e-01 6.204000e-03 1.567560e-01
129 8.360360e-01 6.108000e-03 1.578560e-01
130 8.349840e-01 6.092000e-03 1.589240e-01
131 8.339200e-01 6.192000e-03 1.598880e-01
132 8.328600e-01 6.188000e-03 1.609520e-01
133 8.318400e-01 6.180000e-03 1.619800e-01
134 8.308120e-01 6.140000e-03 1.630480e-01
135 8.298600e-01 5.888000e-03 1.642520e-01
136 8.287840e-01 5.896000e-03 1.653200e-01
137 8.278280e-01 5.812000e-03 1.663600e-01
138 8.267600e-01 5.976000e-03 1.672640e-01
139 8.258000e-01 5.940000e-03 1.682600e-01
140 8.249440e-01 5.784000e-03 1.692720e-01
141 8.240160e-01 5.712000e-03 1.702720e-01
142 8.230640e-01 5.760000e-03 1.711760e-01
143 8.219360e-01 5.832000e-03 1.722320e-01
144 8.209080e-01 5.832000e-03 1.732600e-01
145 8.200440e-01 5.644000e-03 1.743120e-01
146 8.193360e-01 5.404000e-03 1.752600e-01
147 8.184920e-01 5.392000e-03 1.761160e-01
148 8.176120e-01 5.352000e-03 1.770360e-01
149 8.165920e-01 5.452000e-03 1.779560e-01
150 8.156520e-01 5.424000e-03 1.789240e-01
151 8.148400e-01 5.332000e-03 1.798280e-01
152 8.139960e-01 5.288000e-03 1.807160e-01
153 8.131920e-01 5.112000e-03 1.816960e-01
154 8.124360e-01 5.056000e-03 1.825080e-01
155 8.115720e-01 5.004000e-03 1.834240e-01
156 8.106480e-01 5.044000e-03 1.843080e-01
157 8.096560e-01 5.260000e-03 1.850840e-01
158 8.088280e-01 5.228000e-03 1.859440e-01
159 8.078560e-01 5.248000e-03 1.868960e-01
160 8.069920e-01 5.288000e-03 1.877200e-01
161 8.060640e-01 5.424000e-03 1.885120e-01
162 8.050920e-01 5.468000e-03 1.894400e-01
163 8.041840e-01 5.416000e-03 1.904000e-01
164 8.033040e-01 5.320000e-03 1.913760e-01
165 8.025120e-01 5.260000e-03 1.922280e-01
166 8.017440e-01 5.104000e-03 1.931520e-01
167 8.008920e-01 5.084000e-03 1.940240e-01
168 8.001960e-01 4.852000e-03 1.949520e-01
169 7.994680e-01 4.764000e-03 1.957680e-01
170 7.986800e-01 4.660000e-03 1.966600e-01
171 7.980040e-01 4.560000e-03 1.974360e-01
172 7.973680e-01 4.384000e-03 1.982480e-01
173 7.966960e-01 4.280000e-03 1.990240e-01
174 7.960120e-01 4.296000e-03 1.996920e-01
175 7.953040e-01 4.236000e-03 2.004600e-01
176 7.945840e-01 4.208000e-03 2.012080e-01
177 7.937960e-01 4.220000e-03 2.019840e-01
178 7.931480e-01 4.184000e-03 2.026680e-01
179 7.924440e-01 4.208000e-03 2.033480e-01
180 7.916800e-01 4.348000e-03 2.039720e-01
181 7.908880e-01 4.440000e-03 2.046720e-01
182 7.900720e-01 4.516000e-03 2.054120e-01
183 7.892880e-01 4.416000e-03 2.062960e-01
184 7.885600e-01 4.448000e-03 2.069920e-01
185 7.878800e-01 4.272000e-03 2.078480e-01
186 7.871000e-01 4.336000e-03 2.085640e-01
187 7.863480e-01 4.420000e-03 2.092320e-01
188 7.856720e-01 4.248000e-03 2.100800e-01
189 7.850440e-01 4.156000e-03 2.108000e-01
190 7.841440e-01 4.276000e-03 2.115800e-01
191 7.834320e-01 4.252000e-03 2.123160e-01
192 7.826560e-01 4.308000e-03 2.130360e-01
193 7.820480e-01 4.172000e-03 2.137800e-01
194 7.812880e-01 4.212000e-03 2.145000e-01
195 7.805040e-01 4.312000e-03 2.151840e-01
196 7.796400e-01 4.448000e-03 2.159120e-01
197 7.789360e-01 4.392000e-03 2.166720e-01
198 7.782760e-01 4.292000e-03 2.174320e-01
199 7.775640e-01 4.160000e-03 2.182760e-01
200 7.769000e-01 4.148000e-03 2.189520e-01
201 7.761160e-01 4.180000e-03 2.197040e-01
202 7.752800e-01 4.260000e-03 2.204600e-01
203 7.745680e-01 4.232000e-03 2.212000e-01
204 7.738000e-01 4.228000e-03 2.219720e-01
205 7.730880e-01 4.216000e-03 2.226960e-01
206 7.723360e-01 4.272000e-03 2.233920e-01
207 7.716200e-01 4.184000e-03 2.241960e-01
208 7.709880e-01 4.092000e-03 2.249200e-01
209 7.703080e-01 4.036000e-03 2.256560e-01
210 7.696480e-01 3.936000e-03 2.264160e-01
211 7.690920e-01 3.820000e-03 2.270880e-01
212 7.685280e-01 3.676000e-03 2.277960e-01
213 7.678840e-01 3.724000e-03 2.283920e-01
214 7.670480e-01 3.828000e-03 2.291240e-01
215 7.663520e-01 3.864000e-03 2.297840e-01
216 7.656320e-01 3.912000e-03 2.304560e-01
217 7.648240e-01 4.020000e-03 2.311560e-01
218 7.641480e-01 3.992000e-03 2.318600e-01
219 7.634880e-01 3.932000e-03 2.325800e-01
220 7.628080e-01 3.944000e-03 2.332480e-01
221 7.620520e-01 4.004000e-03 2.339440e-01
222 7.613720e-01 3.940000e-03 2.346880e-01
223 7.606800e-01 3.972000e-03 2.353480e-01
224 7.599720e-01 3.980000e-03 2.360480e-01
225 7.593200e-01 3.968000e-03 2.367120e-01
226 7.587120e-01 3.912000e-03 2.373760e-01
227 7.580720e-01 3.776000e-03 2.381520e-01
228 7.574280e-01 3.784000e-03 2.387880e-01
229 7.568840e-01 3.752000e-03 2.393640e-01
230 7.562920e-01 3.692000e-03 2.400160e-01
231 7.556920e-01 3.732000e-03 2.405760e-01
232 7.549520e-01 3.824000e-03 2.412240e-01
233 7.542200e-01 3.864000e-03 2.419160e-01
234 7.533600e-01 4.064000e-03 2.425760e-01
235 7.525960e-01 4.064000e-03 2.433400e-01
236 7.518120e-01 4.188000e-03 2.440000e-01
237 7.510320e-01 4.288000e-03 2.446800e-01
238 7.502760e-01 4.332000e-03 2.453920e-01
239 7.495760e-01 4.344000e-03 2.460800e-01
240 7.489200e-01 4.252000e-03 2.468280e-01
241 7.482240e-01 4.168000e-03 2.476080e-01
242 7.474360e-01 4.240000e-03 2.483240e-01
243 7.467240e-01 4.236000e-03 2.490400e-01
244 7.459760e-01 4.236000e-03 2.497880e-01
245 7.453320e-01 4.168000e-03 2.505000e-01
246 7.447200e-01 4.100000e-03 2.511800e-01
247 7.441360e-01 3.948000e-03 2.519160e-01
248 7.435280e-01 3.924000e-03 2.525480e-01
249 7.429160e-01 3.848000e-03 2.532360e-01
250 7.423280e-01 3.812000e-03 2.538600e-01
251 7.417640e-01 3.728000e-03 2.545080e-01
252 7.412680e-01 3.540000e-03 2.551920e-01
253 7.407400e-01 3.512000e-03 2.557480e-01
254 7.402000e-01 3.420000e-03 2.563800e-01
255 7.395720e-01 3.420000e-03 2.570080e-01
256 7.390360e-01 3.336000e-03 2.576280e-01
257 7.385000e-01 3.260000e-03 2.582400e-01
258 7.379040e-01 3.324000e-03 2.587720e-01
259 7.373080e-01 3.328000e-03 2.593640e-01
260 7.367480e-01 3.300000e-03 2.599520e-01
261 7.361760e-01 3.272000e-03 2.605520e-01
262 7.354760e-01 3.432000e-03 2.610920e-01
263 7.348760e-01 3.404000e-03 2.617200e-01
264 7.342920e-01 3.416000e-03 2.622920e-01
265 7.336240e-01 3.476000e-03 2.629000e-01
266 7.331600e-01 3.332000e-03 2.635080e-01
267 7.325560e-01 3.320000e-03 2.641240e-01
268 7.320080e-01 3.332000e-03 2.646600e-01
269 7.315360e-01 3.180000e-03 2.652840e-01
270 7.309680e-01 3.188000e-03 2.658440e-01
271 7.303400e-01 3.176000e-03 2.664840e-01
272 7.297320e-01 3.220000e-03 2.670480e-01
273 7.291160e-01 3.300000e-03 2.675840e-01
274 7.285200e-01 3.316000e-03 2.681640e-01
275 7.279120e-01 3.324000e-03 2.687640e-01
276 7.273960e-01 3.328000e-03 2.692760e-01
277 7.268840e-01 3.192000e-03 2.699240e-01
278 7.263200e-01 3.136000e-03 2.705440e-01
279 7.257520e-01 3.196000e-03 2.710520e-01
280 7.252240e-01 3.136000e-03 2.716400e-01
281 7.245480e-01 3.316000e-03 2.721360e-01
282 7.239800e-01 3.280000e-03 2.727400e-01
283 7.232680e-01 3.408000e-03 2.733240e-01
284 7.226320e-01 3.448000e-03 2.739200e-01
285 7.220840e-01 3.444000e-03 2.744720e-01
286 7.215280e-01 3.468000e-03 2.750040e-01
287 7.209240e-01 3.476000e-03 2.756000e-01
288 7.203880e-01 3.440000e-03 2.761720e-01
289 7.198800e-01 3.352000e-03 2.767680e-01
290 7.193520e-01 3.172000e-03 2.774760e-01
291 7.187800e-01 3.144000e-03 2.780760e-01
292 7.183040e-01 3.100000e-03 2.785960e-01
293 7.177720e-01 3.068000e-03 2.791600e-01
294 7.172400e-01 3.024000e-03 2.797360e-01
295 7.167920e-01 2.904000e-03 2.803040e-01
296 7.161880e-01 2.968000e-03 2.808440e-01
297 7.156200e-01 3.036000e-03 2.813440e-01
298 7.150840e-01 3.008000e-03 2.819080e-01
299 7.145280e-01 3.116000e-03 2.823560e-01
300 7.140600e-01 3.032000e-03 2.829080e-01
301 7.135560e-01 2.956000e-03 2.834880e-01
302 7.130640e-01 2.916000e-03 2.840200e-01
303 7.125720e-01 2.904000e-03 2.845240e-01
304 7.120520e-01 2.856000e-03 2.850920e-01
305 7.116280e-01 2.840000e-03 2.855320e-01
306 7.112240e-01 2.788000e-03 2.859880e-01
307 7.108240e-01 2.668000e-03 2.865080e-01
308 7.103480e-01 2.680000e-03 2.869720e-01
309 7.099200e-01 2.608000e-03 2.874720e-01
310 7.094480e-01 2.612000e-03 2.879400e-01
311 7.090560e-01 2.596000e-03 2.883480e-01
312 7.086720e-01 2.592000e-03 2.887360e-01
313 7.082080e-01 2.584000e-03 2.892080e-01
314 7.077400e-01 2.564000e-03 2.896960e-01
315 7.072640e-01 2.644000e-03 2.900920e-01
316 7.069440e-01 2.468000e-03 2.905880e-01
317 7.065080e-01 2.484000e-03 2.910080e-01
318 7.061160e-01 2.448000e-03 2.914360e-01
319 7.056240e-01 2.532000e-03 2.918440e-01
320 7.052360e-01 2.548000e-03 2.922160e-01
321 7.049600e-01 2.352000e-03 2.926880e-01
322 7.046360e-01 2.300000e-03 2.930640e-01
323 7.042680e-01 2.252000e-03 2.934800e-01
324 7.038680e-01 2.272000e-03 2.938600e-01
325 7.034720e-01 2.328000e-03 2.942000e-01
326 7.030800e-01 2.252000e-03 2.946680e-01
327 7.027240e-01 2.172000e-03 2.951040e-01
328 7.024160e-01 2.116000e-03 2.954680e-01
329 7.020920e-01 2.084000e-03 2.958240e-01
330 7.018520e-01 2.012000e-03 2.961360e-01
331 7.014800e-01 2.096000e-03 2.964240e-01
332 7.011720e-01 2.080000e-03 2.967480e-01
333 7.008480e-01 2.008000e-03 2.971440e-01
334 7.005120e-01 1.976000e-03 2.975120e-01
335 7.002240e-01 1.876000e-03 2.979000e-01
336 6.999280e-01 1.800000e-03 2.982720e-01
337 6.996560e-01 1.768000e-03 2.985760e-01
338 6.993960e-01 1.728000e-03 2.988760e-01
339 6.990440e-01 1.796000e-03 2.991600e-01
340 6.987600e-01 1.776000e-03 2.994640e-01
341 6.983880e-01 1.852000e-03 2.997600e-01
342 6.979920e-01 1.852000e-03 3.001560e-01
343 6.976840e-01 1.860000e-03 3.004560e-01
344 6.973360e-01 1.816000e-03 3.008480e-01
345 6.969520e-01 1.864000e-03 3.011840e-01
346 6.965920e-01 1.916000e-03 3.014920e-01
347 6.962120e-01 1.960000e-03 3.018280e-01
348 6.957800e-01 2.040000e-03 3.021800e-01
349 6.953720e-01 2.076000e-03 3.025520e-01
350 6.949320e-01 2.076000e-03 3.029920e-01
351 6.944800e-01 2.164000e-03 3.033560e-01
352 6.940040e-01 2.252000e-03 3.037440e-01
353 6.935480e-01 2.388000e-03 3.040640e-01
354 6.931440e-01 2.368000e-03 3.044880e-01
355 6.926600e-01 2.396000e-03 3.049440e-01
356 6.921880e-01 2.400000e-03 3.054120e-01
357 6.918040e-01 2.368000e-03 3.058280e-01
358 6.914680e-01 2.340000e-03 3.061920e-01
359 6.910760e-01 2.332000e-03 3.065920e-01
360 6.905840e-01 2.292000e-03 3.071240e-01
361 6.902760e-01 2.216000e-03 3.075080e-01
362 6.899400e-01 2.220000e-03 3.078400e-01
363 6.895320e-01 2.276000e-03 3.081920e-01
364 6.891120e-01 2.268000e-03 3.086200e-01
365 6.887080e-01 2.332000e-03 3.089600e-01
366 6.883640e-01 2.268000e-03 3.093680e-01
367 6.879720e-01 2.324000e-03 3.097040e-01
368 6.875680e-01 2.340000e-03 3.100920e-01
369 6.872080e-01 2.304000e-03 3.104880e-01
370 6.868120e-01 2.356000e-03 3.108320e-01
371 6.864400e-01 2.292000e-03 3.112680e-01
372 6.860680e-01 2.228000e-03 3.117040e-01
373 6.857680e-01 2.240000e-03 3.119920e-01
374 6.853520e-01 2.288000e-03 3.123600e-01
375 6.850880e-01 2.168000e-03 3.127440e-01
376 6.848400e-01 2.080000e-03 3.130800e-01
377 6.845760e-01 1.924000e-03 3.135000e-01
378 6.843280e-01 1.784000e-03 3.138880e-01
379 6.840360e-01 1.788000e-03 3.141760e-01
380 6.837440e-01 1.744000e-03 3.145120e-01
381 6.834040e-01 1.796000e-03 3.148000e-01
382 6.831680e-01 1.756000e-03 3.150760e-01
383 6.829040e-01 1.676000e-03 3.154200e-01
384 6.826880e-01 1.632000e-03 3.156800e-01
385 6.825240e-01 1.532000e-03 3.159440e-01
386 6.823440e-01 1.472000e-03 3.161840e-01
387 6.821840e-01 1.352000e-03 3.164640e-01
388 6.820200e-01 1.260000e-03 3.167200e-01
389 6.818360e-01 1.200000e-03 3.169640e-01
390 6.816760e-01 1.164000e-03 3.171600e-01
391 6.814640e-01 1.152000e-03 3.173840e-01
392 6.813000e-01 1.064000e-03 3.176360e-01
393 6.810800e-01 1.080000e-03 3.178400e-01
394 6.809400e-01 1.056000e-03 3.180040e-01
395 6.807920e-01 1.004000e-03 3.182040e-01
396 6.806360e-01 9.960000e-04 3.183680e-01
397 6.804760e-01 9.680000e-04 3.185560e-01
398 6.802400e-01 1.020000e-03 3.187400e-01
399 6.800040e-01 1.104000e-03 3.188920e-01
400 6.797960e-01 1.116000e-03 3.190880e-01
401 6.796200e-01 1.084000e-03 3.192960e-01
402 6.793920e-01 1.116000e-03 3.194920e-01
403 6.792200e-01 1.116000e-03 3.196640e-01
404 6.789920e-01 1.152000e-03 3.198560e-01
405 6.788560e-01 1.112000e-03 3.200320e-01
406 6.786560e-01 1.108000e-03 3.202360e-01
407 6.784920e-01 1.084000e-03 3.204240e-01
408 6.783240e-01 1.068000e-03 3.206080e-01
409 6.781320e-01 1.076000e-03 3.207920e-01
410 6.779280e-01 1.092000e-03 3.209800e-01
411 6.777320e-01 1.088000e-03 3.211800e-01
412 6.775480e-01 1.124000e-03 3.213280e-01
413 6.774040e-01 1.096000e-03 3.215000e-01
414 6.772520e-01 1.068000e-03 3.216800e-01
415 6.771000e-01 1.044000e-03 3.218560e-01
416 6.769040e-01 1.044000e-03 3.220520e-01
417 6.766640e-01 1.124000e-03 3.222120e-01
418 6.764560e-01 1.160000e-03 3.223840e-01
419 6.762840e-01 1.172000e-03 3.225440e-01
420 6.761160e-01 1.120000e-03 3.227640e-01
421 6.758840e-01 1.172000e-03 3.229440e-01
422 6.756440e-01 1.216000e-03 3.231400e-01
423 6.754280e-01 1.224000e-03 3.233480e-01
424 6.752480e-01 1.240000e-03 3.235120e-01
425 6.750080e-01 1.252000e-03 3.237400e-01
426 6.748160e-01 1.220000e-03 3.239640e-01
427 6.745960e-01 1.232000e-03 3.241720e-01
428 6.743840e-01 1.196000e-03 3.244200e-01
429 6.741280e-01 1.248000e-03 3.246240e-01
430 6.738400e-01 1.308000e-03 3.248520e-01
431 6.736440e-01 1.240000e-03 3.251160e-01
432 6.734560e-01 1.272000e-03 3.252720e-01
433 6.731920e-01 1.260000e-03 3.255480e-01
434 6.729840e-01 1.240000e-03 3.257760e-01
435 6.728360e-01 1.212000e-03 3.259520e-01
436 6.726800e-01 1.152000e-03 3.261680e-01
437 6.725000e-01 1.068000e-03 3.264320e-01
438 6.723160e-01 1.076000e-03 3.266080e-01
439 6.720920e-01 1.092000e-03 3.268160e-01
440 6.718880e-01 1.148000e-03 3.269640e-01
441 6.716400e-01 1.232000e-03 3.271280e-01
442 6.714520e-01 1.248000e-03 3.273000e-01
443 6.712680e-01 1.252000e-03 3.274800e-01
444 6.710920e-01 1.216000e-03 3.276920e-01
445 6.708600e-01 1.272000e-03 3.278680e-01
446 6.707120e-01 1.192000e-03 3.280960e-01
447 6.705200e-01 1.180000e-03 3.283000e-01
448 6.703760e-01 1.152000e-03 3.284720e-01
449 6.702040e-01 1.144000e-03 3.286520e-01
450 6.700240e-01 1.120000e-03 3.288560e-01
451 6.698800e-01 1.064000e-03 3.290560e-01
452 6.697080e-01 1.040000e-03 3.292520e-01
453 6.694960e-01 1.068000e-03 3.294360e-01
454 6.693000e-01 1.104000e-03 3.295960e-01
455 6.691040e-01 1.096000e-03 3.298000e-01
456 6.689640e-01 1.056000e-03 3.299800e-01
457 6.688040e-01 1.008000e-03 3.301880e-01
458 6.686560e-01 9.320000e-04 3.304120e-01
459 6.685040e-01 8.960000e-04 3.306000e-01
460 6.683520e-01 9.000000e-04 3.307480e-01
461 6.682440e-01 8.720000e-04 3.308840e-01
462 6.680760e-01 8.960000e-04 3.310280e-01
463 6.678880e-01 9.280000e-04 3.311840e-01
464 6.676920e-01 9.720000e-04 3.313360e-01
465 6.674960e-01 1.020000e-03 3.314840e-01
466 6.673280e-01 9.880000e-04 3.316840e-01
467 6.671440e-01 1.048000e-03 3.318080e-01
468 6.669800e-01 1.044000e-03 3.319760e-01
469 6.668000e-01 1.032000e-03 3.321680e-01
470 6.666160e-01 1.008000e-03 3.323760e-01
471 6.664840e-01 9.800000e-04 3.325360e-01
472 6.663320e-01 9.840000e-04 3.326840e-01
473 6.661880e-01 9.600000e-04 3.328520e-01
474 6.660400e-01 9.400000e-04 3.330200e-01
475 6.658600e-01 9.440000e-04 3.331960e-01
476 6.656760e-01 9.240000e-04 3.334000e-01
477 6.655080e-01 9.080000e-04 3.335840e-01
478 6.653560e-01 8.880000e-04 3.337560e-01
479 6.651760e-01 9.280000e-04 3.338960e-01
480 6.650600e-01 8.680000e-04 3.340720e-01
481 6.648960e-01 8.960000e-04 3.342080e-01
482 6.647120e-01 9.200000e-04 3.343680e-01
483 6.645040e-01 9.720000e-04 3.345240e-01
484 6.643000e-01 9.840000e-04 3.347160e-01
485 6.641560e-01 9.040000e-04 3.349400e-01
486 6.639800e-01 9.360000e-04 3.350840e-01
487 6.637760e-01 1.012000e-03 3.352120e-01
488 6.635920e-01 1.020000e-03 3.353880e-01
489 6.633840e-01 1.032000e-03 3.355840e-01
490 6.632240e-01 1.012000e-03 3.357640e-01
491 6.630360e-01 1.008000e-03 3.359560e-01
492 6.629120e-01 9.920000e-04 3.360960e-01
493 6.627480e-01 1.016000e-03 3.362360e-01
494 6.625920e-01 1.060000e-03 3.363480e-01
495 6.624280e-01 1.036000e-03 3.365360e-01
496 6.622560e-01 1.008000e-03 3.367360e-01
497 6.621040e-01 9.840000e-04 3.369120e-01
498 6.619520e-01 9.640000e-04 3.370840e-01
499 6.617280e-01 1.028000e-03 3.372440e-01
500 6.615720e-01 1.004000e-03 3.374240e-01
