1 9.991480e-01 7.480000e-04 1.040000e-04
2 9.986480e-01 1.084000e-03 2.680000e-04
3 9.979160e-01 1.576000e-03 5.080000e-04
4 9.970640e-01 2.140000e-03 7.960000e-04
5 9.962840e-01 2.524000e-03 1.192000e-03
6 9.953280e-01 3.008000e-03 1.664000e-03
7 9.943600e-01 3.400000e-03 2.240000e-03
8 9.931640e-01 3.992000e-03 2.844000e-03
9 9.919840e-01 4.472000e-03 3.544000e-03
10 9.909120e-01 4.712000e-03 4.376000e-03
11 9.896880e-01 5.020000e-03 5.292000e-03
12 9.884280e-01 5.332000e-03 6.240000e-03
13 9.872120e-01 5.604000e-03 7.184000e-03
14 9.859520e-01 5.992000e-03 8.056000e-03
15 9.845320e-01 6.340000e-03 9.128000e-03
16 9.832200e-01 6.568000e-03 1.021200e-02
17 9.817760e-01 6.896000e-03 1.132800e-02
18 9.803600e-01 7.072000e-03 1.256800e-02
19 9.789960e-01 7.252000e-03 1.375200e-02
20 9.775240e-01 7.512000e-03 1.496400e-02
21 9.761080e-01 7.536000e-03 1.635600e-02
22 9.745600e-01 7.868000e-03 1.757200e-02
23 9.730400e-01 7.908000e-03 1.905200e-02
24 9.715360e-01 8.144000e-03 2.032000e-02
25 9.699240e-01 8.412000e-03 2.166400e-02
26 9.684640e-01 8.452000e-03 2.308400e-02
27 9.670560e-01 8.352000e-03 2.459200e-02
28 9.657560e-01 8.228000e-03 2.601600e-02
29 9.642640e-01 8.336000e-03 2.740000e-02
30 9.627320e-01 8.444000e-03 2.882400e-02
31 9.610520e-01 8.616000e-03 3.033200e-02
32 9.594960e-01 8.716000e-03 3.178800e-02
33 9.578560e-01 8.860000e-03 3.328400e-02
34 9.563640e-01 8.788000e-03 3.484800e-02
35 9.547520e-01 8.768000e-03 3.648000e-02
36 9.531680e-01 8.784000e-03 3.804800e-02
37 9.513960e-01 8.984000e-03 3.962000e-02
38 9.497400e-01 9.100000e-03 4.116000e-02
39 9.479960e-01 9.324000e-03 4.268000e-02
40 9.461200e-01 9.512000e-03 4.436800e-02
41 9.444760e-01 9.504000e-03 4.602000e-02
42 9.426640e-01 9.636000e-03 4.770000e-02
43 9.409520e-01 9.720000e-03 4.932800e-02
44 9.391640e-01 9.868000e-03 5.096800e-02
45 9.374120e-01 9.896000e-03 5.269200e-02
46 9.355960e-01 1.004000e-02 5.436400e-02
47 9.336520e-01 1.021600e-02 5.613200e-02
48 9.317280e-01 1.044800e-02 5.782400e-02
49 9.297200e-01 1.059600e-02 5.968400e-02
50 9.279280e-01 1.049600e-02 6.157600e-02
51 9.259480e-01 1.061200e-02 6.344000e-02
52 9.241240e-01 1.057200e-02 6.530400e-02
53 9.221760e-01 1.074400e-02 6.708000e-02
54 9.201960e-01 1.088000e-02 6.892400e-02
55 9.182320e-01 1.101600e-02 7.075200e-02
56 9.160720e-01 1.123200e-02 7.269600e-02
57 9.139320e-01 1.126400e-02 7.480400e-02
58 9.119080e-01 1.123200e-02 7.686000e-02
59 9.097760e-01 1.136000e-02 7.886400e-02
60 9.076720e-01 1.155200e-02 8.077600e-02
61 9.057840e-01 1.141600e-02 8.280000e-02
62 9.037360e-01 1.161600e-02 8.464800e-02
63 9.017480e-01 1.175600e-02 8.649600e-02
64 8.994600e-01 1.198800e-02 8.855200e-02
65 8.973960e-01 1.182800e-02 9.077600e-02
66 8.951960e-01 1.189600e-02 9.290800e-02
67 8.928880e-01 1.218000e-02 9.493200e-02
68 8.905960e-01 1.221200e-02 9.719200e-02
69 8.884040e-01 1.228800e-02 9.930800e-02
70 8.864920e-01 1.201200e-02 1.014960e-01
71 8.844200e-01 1.184000e-02 1.037400e-01
72 8.823520e-01 1.188000e-02 1.057680e-01
73 8.803320e-01 1.174000e-02 1.079280e-01
74 8.782880e-01 1.170800e-02 1.100040e-01
75 8.762080e-01 1.176800e-02 1.120240e-01
76 8.741080e-01 1.186000e-02 1.140320e-01
77 8.722520e-01 1.169600e-02 1.160520e-01
78 8.701640e-01 1.190800e-02 1.179280e-01
79 8.681160e-01 1.190800e-02 1.199760e-01
80 8.662920e-01 1.158400e-02 1.221240e-01
81 8.644160e-01 1.142800e-02 1.241560e-01
82 8.625400e-01 1.130000e-02 1.261600e-01
83 8.604880e-01 1.134400e-02 1.281680e-01
84 8.584600e-01 1.136400e-02 1.301760e-01
85 8.565600e-01 1.135200e-02 1.320880e-01
86 8.547640e-01 1.119200e-02 1.340440e-01
87 8.528920e-01 1.108000e-02 1.360280e-01
88 8.510360e-01 1.088400e-02 1.380800e-01
89 8.492720e-01 1.072000e-02 1.400080e-01
90 8.474080e-01 1.062800e-02 1.419640e-01
91 8.454200e-01 1.072800e-02 1.438520e-01
92 8.435600e-01 1.078000e-02 1.456600e-01
93 8.418880e-01 1.072000e-02 1.473920e-01
94 8.401280e-01 1.046800e-02 1.494040e-01
95 8.383000e-01 1.039600e-02 1.513040e-01
96 8.365080e-01 1.044000e-02 1.530520e-01
97 8.347320e-01 1.042000e-02 1.548480e-01
98 8.331440e-01 9.924000e-03 1.569320e-01
99 8.315080e-01 9.896000e-03 1.585960e-01
100 8.297640e-01 9.856000e-03 1.603800e-01
101 8.281480e-01 9.756000e-03 1.620960e-01
102 8.264960e-01 9.752000e-03 1.637520e-01
103 8.247360e-01 9.720000e-03 1.655440e-01
104 8.230160e-01 9.888000e-03 1.670960e-01
105 8.211120e-01 1.018400e-02 1.687040e-01
106 8.192680e-01 1.027200e-02 1.704600e-01
107 8.173920e-01 1.023600e-02 1.723720e-01
108 8.155200e-01 1.041600e-02 1.740640e-01
109 8.135200e-01 1.063600e-02 1.758440e-01
110 8.116400e-01 1.058400e-02 1.777760e-01
111 8.097400e-01 1.048000e-02 1.797800e-01
112 8.079400e-01 1.048000e-02 1.815800e-01
113 8.060560e-01 1.055600e-02 1.833880e-01
114 8.044320e-01 1.048400e-02 1.850840e-01
115 8.025720e-01 1.048000e-02 1.869480e-01
116 8.009720e-01 1.024400e-02 1.887840e-01
117 7.991600e-01 1.032000e-02 1.905200e-01
118 7.974120e-01 1.041600e-02 1.921720e-01
119 7.957760e-01 1.022400e-02 1.940000e-01
120 7.940200e-01 1.016000e-02 1.958200e-01
121 7.923200e-01 1.015200e-02 1.975280e-01
122 7.906880e-01 9.936000e-03 1.993760e-01
123 7.889800e-01 9.972000e-03 2.010480e-01
124 7.873040e-01 9.808000e-03 2.028880e-01
125 7.857640e-01 9.796000e-03 2.044400e-01
126 7.841680e-01 9.684000e-03 2.061480e-01
127 7.827600e-01 9.440000e-03 2.078000e-01
128 7.811200e-01 9.444000e-03 2.094360e-01
129 7.795400e-01 9.436000e-03 2.110240e-01
130 7.779120e-01 9.464000e-03 2.126240e-01
131 7.761720e-01 9.560000e-03 2.142680e-01
132 7.742920e-01 9.740000e-03 2.159680e-01
133 7.726600e-01 9.456000e-03 2.178840e-01
134 7.710080e-01 9.524000e-03 2.194680e-01
135 7.693680e-01 9.520000e-03 2.211120e-01
136 7.676600e-01 9.412000e-03 2.229280e-01
137 7.660280e-01 9.384000e-03 2.245880e-01
138 7.643760e-01 9.364000e-03 2.262600e-01
139 7.629800e-01 9.264000e-03 2.277560e-01
140 7.613360e-01 9.188000e-03 2.294760e-01
141 7.599800e-01 8.964000e-03 2.310560e-01
142 7.585480e-01 8.896000e-03 2.325560e-01
143 7.570600e-01 8.888000e-03 2.340520e-01
144 7.556840e-01 8.876000e-03 2.354400e-01
145 7.540480e-01 9.020000e-03 2.369320e-01
146 7.523760e-01 9.224000e-03 2.384000e-01
147 7.507720e-01 9.204000e-03 2.400240e-01
148 7.491720e-01 9.224000e-03 2.416040e-01
149 7.475920e-01 9.124000e-03 2.432840e-01
150 7.460480e-01 9.172000e-03 2.447800e-01
151 7.443400e-01 9.152000e-03 2.465080e-01
152 7.428360e-01 9.084000e-03 2.480800e-01
153 7.414760e-01 8.880000e-03 2.496440e-01
154 7.400720e-01 8.800000e-03 2.511280e-01
155 7.386840e-01 8.660000e-03 2.526560e-01
156 7.373560e-01 8.492000e-03 2.541520e-01
157 7.359880e-01 8.340000e-03 2.556720e-01
158 7.347640e-01 8.136000e-03 2.571000e-01
159 7.334040e-01 8.032000e-03 2.585640e-01
160 7.321800e-01 7.920000e-03 2.599000e-01
161 7.310360e-01 7.768000e-03 2.611960e-01
162 7.296760e-01 7.888000e-03 2.624360e-01
163 7.285640e-01 7.684000e-03 2.637520e-01
164 7.273240e-01 7.688000e-03 2.649880e-01
165 7.261720e-01 7.468000e-03 2.663600e-01
166 7.248640e-01 7.408000e-03 2.677280e-01
167 7.236000e-01 7.388000e-03 2.690120e-01
168 7.221160e-01 7.720000e-03 2.701640e-01
169 7.207200e-01 7.772000e-03 2.715080e-01
170 7.193840e-01 7.764000e-03 2.728520e-01
171 7.180760e-01 7.600000e-03 2.743240e-01
172 7.168400e-01 7.468000e-03 2.756920e-01
173 7.154400e-01 7.576000e-03 2.769840e-01
174 7.142760e-01 7.336000e-03 2.783880e-01
175 7.131560e-01 7.168000e-03 2.796760e-01
176 7.120200e-01 7.088000e-03 2.808920e-01
177 7.108280e-01 7.100000e-03 2.820720e-01
178 7.096000e-01 7.124000e-03 2.832760e-01
179 7.083600e-01 7.248000e-03 2.843920e-01
180 7.071360e-01 7.192000e-03 2.856720e-01
181 7.058680e-01 7.232000e-03 2.869000e-01
182 7.045160e-01 7.336000e-03 2.881480e-01
183 7.033560e-01 7.160000e-03 2.894840e-01
184 7.021160e-01 7.216000e-03 2.906680e-01
185 7.008120e-01 7.212000e-03 2.919760e-01
186 6.994200e-01 7.484000e-03 2.930960e-01
187 6.981880e-01 7.516000e-03 2.942960e-01
188 6.970360e-01 7.228000e-03 2.957360e-01
189 6.957480e-01 7.352000e-03 2.969000e-01
190 6.946480e-01 7.216000e-03 2.981360e-01
191 6.935360e-01 7.076000e-03 2.993880e-01
192 6.923400e-01 6.904000e-03 3.007560e-01
193 6.913240e-01 6.812000e-03 3.018640e-01
194 6.903000e-01 6.692000e-03 3.030080e-01
195 6.893000e-01 6.512000e-03 3.041880e-01
196 6.881320e-01 6.588000e-03 3.052800e-01
197 6.870800e-01 6.576000e-03 3.063440e-01
198 6.859280e-01 6.536000e-03 3.075360e-01
199 6.848880e-01 6.404000e-03 3.087080e-01
200 6.836960e-01 6.476000e-03 3.098280e-01
201 6.825840e-01 6.472000e-03 3.109440e-01
202 6.815400e-01 6.384000e-03 3.120760e-01
203 6.803080e-01 6.560000e-03 3.131320e-01
204 6.790800e-01 6.652000e-03 3.142680e-01
205 6.779440e-01 6.580000e-03 3.154760e-01
206 6.768200e-01 6.512000e-03 3.166680e-01
207 6.756520e-01 6.544000e-03 3.178040e-01
208 6.745480e-01 6.564000e-03 3.188880e-01
209 6.734000e-01 6.548000e-03 3.200520e-01
210 6.722560e-01 6.544000e-03 3.212000e-01
211 6.709320e-01 6.784000e-03 3.222840e-01
212 6.697400e-01 6.744000e-03 3.235160e-01
213 6.686320e-01 6.688000e-03 3.246800e-01
214 6.674720e-01 6.696000e-03 3.258320e-01
215 6.662200e-01 6.872000e-03 3.269080e-01
216 6.650160e-01 6.836000e-03 3.281480e-01
217 6.639320e-01 6.752000e-03 3.293160e-01
218 6.628400e-01 6.724000e-03 3.304360e-01
219 6.616800e-01 6.696000e-03 3.316240e-01
220 6.605680e-01 6.716000e-03 3.327160e-01
221 6.594560e-01 6.560000e-03 3.339840e-01
222 6.583680e-01 6.484000e-03 3.351480e-01
223 6.572880e-01 6.440000e-03 3.362720e-01
224 6.562840e-01 6.320000e-03 3.373960e-01
225 6.553040e-01 6.204000e-03 3.384920e-01
226 6.543640e-01 6.068000e-03 3.395680e-01
227 6.533960e-01 6.012000e-03 3.405920e-01
228 6.523800e-01 6.036000e-03 3.415840e-01
229 6.515000e-01 5.904000e-03 3.425960e-01
230 6.505480e-01 5.736000e-03 3.437160e-01
231 6.496440e-01 5.652000e-03 3.447040e-01
232 6.487000e-01 5.516000e-03 3.457840e-01
233 6.478960e-01 5.344000e-03 3.467600e-01
234 6.470160e-01 5.268000e-03 3.477160e-01
235 6.461120e-01 5.304000e-03 3.485840e-01
236 6.452480e-01 5.276000e-03 3.494760e-01
237 6.443040e-01 5.356000e-03 3.503400e-01
238 6.434440e-01 5.228000e-03 3.513280e-01
239 6.425720e-01 5.112000e-03 3.523160e-01
240 6.416400e-01 5.112000e-03 3.532480e-01
241 6.408560e-01 5.028000e-03 3.541160e-01
242 6.399640e-01 5.052000e-03 3.549840e-01
243 6.391840e-01 4.936000e-03 3.558800e-01
244 6.384520e-01 4.808000e-03 3.567400e-01
245 6.376320e-01 4.728000e-03 3.576400e-01
246 6.368400e-01 4.684000e-03 3.584760e-01
247 6.360440e-01 4.660000e-03 3.592960e-01
248 6.353480e-01 4.472000e-03 3.601800e-01
249 6.347120e-01 4.284000e-03 3.610040e-01
250 6.340920e-01 4.088000e-03 3.618200e-01
251 6.333520e-01 4.084000e-03 3.625640e-01
252 6.326760e-01 4.040000e-03 3.632840e-01
253 6.320000e-01 4.044000e-03 3.639560e-01
254 6.313320e-01 3.976000e-03 3.646920e-01
255 6.305920e-01 3.916000e-03 3.654920e-01
256 6.298120e-01 4.032000e-03 3.661560e-01
257 6.290040e-01 4.216000e-03 3.667800e-01
258 6.282600e-01 4.224000e-03 3.675160e-01
259 6.275240e-01 4.236000e-03 3.682400e-01
260 6.268240e-01 4.100000e-03 3.690760e-01
261 6.259680e-01 4.316000e-03 3.697160e-01
262 6.252000e-01 4.292000e-03 3.705080e-01
263 6.245000e-01 4.200000e-03 3.713000e-01
264 6.236960e-01 4.296000e-03 3.720080e-01
265 6.230120e-01 4.284000e-03 3.727040e-01
266 6.222240e-01 4.416000e-03 3.733600e-01
267 6.213920e-01 4.476000e-03 3.741320e-01
268 6.204840e-01 4.596000e-03 3.749200e-01
269 6.197120e-01 4.504000e-03 3.757840e-01
270 6.190680e-01 4.444000e-03 3.764880e-01
271 6.183040e-01 4.448000e-03 3.772480e-01
272 6.176080e-01 4.456000e-03 3.779360e-01
273 6.169040e-01 4.332000e-03 3.787640e-01
274 6.160960e-01 4.312000e-03 3.795920e-01
275 6.153200e-01 4.336000e-03 3.803440e-01
276 6.145560e-01 4.332000e-03 3.811120e-01
277 6.138080e-01 4.288000e-03 3.819040e-01
278 6.131600e-01 4.240000e-03 3.826000e-01
279 6.125160e-01 4.192000e-03 3.832920e-01
280 6.117440e-01 4.248000e-03 3.840080e-01
281 6.110800e-01 4.172000e-03 3.847480e-01
282 6.104360e-01 4.048000e-03 3.855160e-01
283 6.098760e-01 3.960000e-03 3.861640e-01
284 6.091720e-01 3.960000e-03 3.868680e-01
285 6.086000e-01 3.816000e-03 3.875840e-01
286 6.080560e-01 3.752000e-03 3.881920e-01
287 6.073760e-01 3.776000e-03 3.888480e-01
288 6.068400e-01 3.656000e-03 3.895040e-01
289 6.061240e-01 3.652000e-03 3.902240e-01
290 6.056320e-01 3.440000e-03 3.909280e-01
291 6.051320e-01 3.384000e-03 3.914840e-01
292 6.045960e-01 3.348000e-03 3.920560e-01
293 6.040200e-01 3.420000e-03 3.925600e-01
294 6.034440e-01 3.348000e-03 3.932080e-01
295 6.028320e-01 3.360000e-03 3.938080e-01
296 6.023480e-01 3.296000e-03 3.943560e-01
297 6.018160e-01 3.260000e-03 3.949240e-01
298 6.013000e-01 3.232000e-03 3.954680e-01
299 6.006960e-01 3.176000e-03 3.961280e-01
300 6.002000e-01 3.112000e-03 3.966880e-01
301 5.996440e-01 3.144000e-03 3.972120e-01
302 5.990600e-01 3.188000e-03 3.977520e-01
303 5.984920e-01 3.192000e-03 3.983160e-01
304 5.979720e-01 3.148000e-03 3.988800e-01
305 5.974800e-01 3.092000e-03 3.994280e-01
306 5.970000e-01 3.036000e-03 3.999640e-01
307 5.964120e-01 3.124000e-03 4.004640e-01
308 5.958880e-01 3.060000e-03 4.010520e-01
309 5.952480e-01 3.196000e-03 4.015560e-01
310 5.946480e-01 3.212000e-03 4.021400e-01
311 5.941600e-01 3.168000e-03 4.026720e-01
312 5.936640e-01 3.068000e-03 4.032680e-01
313 5.931800e-01 3.036000e-03 4.037840e-01
314 5.927280e-01 3.012000e-03 4.042600e-01
315 5.922680e-01 2.920000e-03 4.048120e-01
316 5.918440e-01 2.924000e-03 4.052320e-01
317 5.913000e-01 2.996000e-03 4.057040e-01
318 5.907840e-01 3.080000e-03 4.061360e-01
319 5.902360e-01 3.148000e-03 4.066160e-01
320 5.898440e-01 3.036000e-03 4.071200e-01
321 5.893840e-01 2.936000e-03 4.076800e-01
322 5.889520e-01 2.776000e-03 4.082720e-01
323 5.885760e-01 2.668000e-03 4.087560e-01
324 5.882160e-01 2.600000e-03 4.091840e-01
325 5.877520e-01 2.568000e-03 4.096800e-01
326 5.873520e-01 2.508000e-03 4.101400e-01
327 5.869360e-01 2.496000e-03 4.105680e-01
328 5.866240e-01 2.404000e-03 4.109720e-01
329 5.861760e-01 2.404000e-03 4.114200e-01
330 5.857480e-01 2.460000e-03 4.117920e-01
331 5.853360e-01 2.460000e-03 4.122040e-01
332 5.848960e-01 2.496000e-03 4.126080e-01
333 5.844920e-01 2.504000e-03 4.130040e-01
334 5.840640e-01 2.536000e-03 4.134000e-01
335 5.835680e-01 2.552000e-03 4.138800e-01
336 5.830520e-01 2.632000e-03 4.143160e-01
337 5.825760e-01 2.700000e-03 4.147240e-01
338 5.822360e-01 2.532000e-03 4.152320e-01
339 5.818920e-01 2.344000e-03 4.157640e-01
340 5.814600e-01 2.408000e-03 4.161320e-01
341 5.810040e-01 2.428000e-03 4.165680e-01
342 5.805120e-01 2.524000e-03 4.169640e-01
343 5.800560e-01 2.576000e-03 4.173680e-01
344 5.795760e-01 2.624000e-03 4.178000e-01
345 5.791720e-01 2.576000e-03 4.182520e-01
346 5.788280e-01 2.488000e-03 4.186840e-01
347 5.784840e-01 2.332000e-03 4.191840e-01
348 5.781160e-01 2.264000e-03 4.196200e-01
349 5.777360e-01 2.248000e-03 4.200160e-01
350 5.774040e-01 2.196000e-03 4.204000e-01
351 5.770320e-01 2.208000e-03 4.207600e-01
352 5.766120e-01 2.316000e-03 4.210720e-01
353 5.762560e-01 2.240000e-03 4.215040e-01
354 5.758000e-01 2.288000e-03 4.219120e-01
355 5.754400e-01 2.288000e-03 4.222720e-01
356 5.749600e-01 2.392000e-03 4.226480e-01
357 5.744800e-01 2.384000e-03 4.231360e-01
358 5.741000e-01 2.368000e-03 4.235320e-01
359 5.736520e-01 2.396000e-03 4.239520e-01
360 5.732000e-01 2.464000e-03 4.243360e-01
361 5.728120e-01 2.400000e-03 4.247880e-01
362 5.724240e-01 2.368000e-03 4.252080e-01
363 5.720600e-01 2.288000e-03 4.256520e-01
364 5.717000e-01 2.252000e-03 4.260480e-01
365 5.713920e-01 2.164000e-03 4.264440e-01
366 5.710400e-01 2.068000e-03 4.268920e-01
367 5.706760e-01 2.092000e-03 4.272320e-01
368 5.703640e-01 2.064000e-03 4.275720e-01
369 5.699880e-01 2.096000e-03 4.279160e-01
370 5.696280e-01 2.088000e-03 4.282840e-01
371 5.692520e-01 2.064000e-03 4.286840e-01
372 5.688720e-01 2.076000e-03 4.290520e-01
373 5.685160e-01 2.084000e-03 4.294000e-01
374 5.681640e-01 2.056000e-03 4.297800e-01
375 5.678000e-01 2.056000e-03 4.301440e-01
376 5.674760e-01 2.016000e-03 4.305080e-01
377 5.671280e-01 2.028000e-03 4.308440e-01
378 5.667200e-01 2.080000e-03 4.312000e-01
379 5.663640e-01 2.080000e-03 4.315560e-01
380 5.659600e-01 2.116000e-03 4.319240e-01
381 5.655600e-01 2.200000e-03 4.322400e-01
382 5.653120e-01 2.084000e-03 4.326040e-01
383 5.650000e-01 2.072000e-03 4.329280e-01
384 5.646600e-01 2.056000e-03 4.332840e-01
385 5.643840e-01 2.016000e-03 4.336000e-01
386 5.640240e-01 2.032000e-03 4.339440e-01
387 5.637240e-01 1.960000e-03 4.343160e-01
388 5.633600e-01 2.028000e-03 4.346120e-01
389 5.630480e-01 2.000000e-03 4.349520e-01
390 5.627120e-01 1.940000e-03 4.353480e-01
391 5.623000e-01 1.976000e-03 4.357240e-01
392 5.620280e-01 1.852000e-03 4.361200e-01
393 5.617720e-01 1.800000e-03 4.364280e-01
394 5.615320e-01 1.708000e-03 4.367600e-01
395 5.613000e-01 1.664000e-03 4.370360e-01
396 5.610120e-01 1.644000e-03 4.373440e-01
397 5.607120e-01 1.624000e-03 4.376640e-01
398 5.604080e-01 1.644000e-03 4.379480e-01
399 5.602000e-01 1.524000e-03 4.382760e-01
400 5.599880e-01 1.428000e-03 4.385840e-01
401 5.597440e-01 1.480000e-03 4.387760e-01
402 5.595840e-01 1.384000e-03 4.390320e-01
403 5.593600e-01 1.388000e-03 4.392520e-01
404 5.592040e-01 1.316000e-03 4.394800e-01
405 5.589440e-01 1.348000e-03 4.397080e-01
406 5.586480e-01 1.408000e-03 4.399440e-01
407 5.584480e-01 1.348000e-03 4.402040e-01
408 5.582480e-01 1.308000e-03 4.404440e-01
409 5.580720e-01 1.196000e-03 4.407320e-01
410 5.579280e-01 1.104000e-03 4.409680e-01
411 5.578120e-01 1.004000e-03 4.411840e-01
412 5.576520e-01 1.000000e-03 4.413480e-01
413 5.575280e-01 9.320000e-04 4.415400e-01
414 5.573800e-01 8.760000e-04 4.417440e-01
415 5.572520e-01 8.240000e-04 4.419240e-01
416 5.571120e-01 8.200000e-04 4.420680e-01
417 5.569920e-01 8.200000e-04 4.421880e-01
418 5.568600e-01 8.200000e-04 4.423200e-01
419 5.567040e-01 8.360000e-04 4.424600e-01
420 5.565760e-01 8.400000e-04 4.425840e-01
421 5.564160e-01 8.440000e-04 4.427400e-01
422 5.562520e-01 8.680000e-04 4.428800e-01
423 5.561080e-01 8.560000e-04 4.430360e-01
424 5.559400e-01 8.760000e-04 4.431840e-01
425 5.557760e-01 8.880000e-04 4.433360e-01
426 5.556240e-01 8.880000e-04 4.434880e-01
427 5.554240e-01 9.200000e-04 4.436560e-01
428 5.551960e-01 9.880000e-04 4.438160e-01
429 5.550400e-01 9.840000e-04 4.439760e-01
430 5.548680e-01 9.520000e-04 4.441800e-01
431 5.546480e-01 9.920000e-04 4.443600e-01
432 5.544400e-01 1.020000e-03 4.445400e-01
433 5.542480e-01 1.024000e-03 4.447280e-01
434 5.541120e-01 9.760000e-04 4.449120e-01
435 5.539640e-01 9.720000e-04 4.450640e-01
436 5.538000e-01 9.480000e-04 4.452520e-01
437 5.535920e-01 1.000000e-03 4.454080e-01
438 5.533640e-01 1.056000e-03 4.455800e-01
439 5.531960e-01 1.072000e-03 4.457320e-01
440 5.529840e-01 1.116000e-03 4.459000e-01
441 5.527480e-01 1.184000e-03 4.460680e-01
442 5.525680e-01 1.204000e-03 4.462280e-01
443 5.524320e-01 1.132000e-03 4.464360e-01
444 5.522600e-01 1.132000e-03 4.466080e-01
445 5.520680e-01 1.120000e-03 4.468120e-01
446 5.519360e-01 1.084000e-03 4.469800e-01
447 5.518200e-01 1.028000e-03 4.471520e-01
448 5.516600e-01 1.004000e-03 4.473360e-01
449 5.515720e-01 9.520000e-04 4.474760e-01
450 5.515240e-01 8.680000e-04 4.476080e-01
451 5.514280e-01 8.120000e-04 4.477600e-01
452 5.513120e-01 8.000000e-04 4.478880e-01
453 5.512280e-01 7.480000e-04 4.480240e-01
454 5.510880e-01 7.520000e-04 4.481600e-01
455 5.510240e-01 6.520000e-04 4.483240e-01
456 5.509680e-01 5.560000e-04 4.484760e-01
457 5.509120e-01 5.080000e-04 4.485800e-01
458 5.508120e-01 5.240000e-04 4.486640e-01
459 5.507000e-01 5.120000e-04 4.487880e-01
460 5.506440e-01 4.560000e-04 4.489000e-01
461 5.506000e-01 4.280000e-04 4.489720e-01
462 5.505480e-01 3.720000e-04 4.490800e-01
463 5.504920e-01 3.960000e-04 4.491120e-01
464 5.504120e-01 4.000000e-04 4.491880e-01
465 5.503640e-01 3.920000e-04 4.492440e-01
466 5.503160e-01 3.600000e-04 4.493240e-01
467 5.502560e-01 3.680000e-04 4.493760e-01
468 5.502040e-01 3.680000e-04 4.494280e-01
469 5.501720e-01 3.280000e-04 4.495000e-01
470 5.501360e-01 3.200000e-04 4.495440e-01
471 5.500880e-01 3.080000e-04 4.496040e-01
472 5.500240e-01 3.200000e-04 4.496560e-01
473 5.499520e-01 3.320000e-04 4.497160e-01
474 5.499040e-01 3.320000e-04 4.497640e-01
475 5.498680e-01 3.000000e-04 4.498320e-01
476 5.498160e-01 2.960000e-04 4.498880e-01
477 5.497800e-01 2.640000e-04 4.499560e-01
478 5.497440e-01 2.520000e-04 4.500040e-01
479 5.497040e-01 2.600000e-04 4.500360e-01
480 5.496600e-01 2.280000e-04 4.501120e-01
481 5.496280e-01 2.120000e-04 4.501600e-01
482 5.495960e-01 2.160000e-04 4.501880e-01
483 5.495640e-01 2.160000e-04 4.502200e-01
484 5.495280e-01 2.160000e-04 4.502560e-01
485 5.494920e-01 2.320000e-04 4.502760e-01
486 5.494240e-01 2.680000e-04 4.503080e-01
487 5.493840e-01 2.480000e-04 4.503680e-01
488 5.493440e-01 2.280000e-04 4.504280e-01
489 5.492920e-01 2.280000e-04 4.504800e-01
490 5.492560e-01 2.120000e-04 4.505320e-01
491 5.492240e-01 2.000000e-04 4.505760e-01
492 5.491960e-01 2.000000e-04 4.506040e-01
493 5.491720e-01 1.760000e-04 4.506520e-01
494 5.491480e-01 1.520000e-04 4.507000e-01
495 5.491160e-01 1.720000e-04 4.507120e-01
496 5.490960e-01 1.760000e-04 4.507280e-01
497 5.490640e-01 1.880000e-04 4.507480e-01
498 5.490120e-01 2.120000e-04 4.507760e-01
499 5.489600e-01 2.320000e-04 4.508080e-01
500 5.489160e-01 2.440000e-04 4.508400e-01
