1 9.991160e-01 8.000000e-04 8.400000e-05
2 9.985040e-01 1.224000e-03 2.720000e-04
3 9.977120e-01 1.760000e-03 5.280000e-04
4 9.968720e-01 2.264000e-03 8.640000e-04
5 9.960240e-01 2.716000e-03 1.260000e-03
6 9.952680e-01 2.952000e-03 1.780000e-03
7 9.944240e-01 3.256000e-03 2.320000e-03
8 9.934880e-01 3.532000e-03 2.980000e-03
9 9.926040e-01 3.864000e-03 3.532000e-03
10 9.916400e-01 4.164000e-03 4.196000e-03
11 9.907160e-01 4.300000e-03 4.984000e-03
12 9.897880e-01 4.500000e-03 5.712000e-03
13 9.887920e-01 4.760000e-03 6.448000e-03
14 9.876360e-01 5.100000e-03 7.264000e-03
15 9.863840e-01 5.360000e-03 8.256000e-03
16 9.851320e-01 5.648000e-03 9.220000e-03
17 9.839840e-01 5.804000e-03 1.021200e-02
18 9.826960e-01 6.152000e-03 1.115200e-02
19 9.814400e-01 6.336000e-03 1.222400e-02
20 9.800880e-01 6.624000e-03 1.328800e-02
21 9.789520e-01 6.504000e-03 1.454400e-02
22 9.777640e-01 6.488000e-03 1.574800e-02
23 9.762640e-01 6.832000e-03 1.690400e-02
24 9.749720e-01 6.808000e-03 1.822000e-02
25 9.733120e-01 7.200000e-03 1.948800e-02
26 9.717320e-01 7.488000e-03 2.078000e-02
27 9.703360e-01 7.492000e-03 2.217200e-02
28 9.689440e-01 7.636000e-03 2.342000e-02
29 9.674320e-01 7.772000e-03 2.479600e-02
30 9.660240e-01 7.840000e-03 2.613600e-02
31 9.645520e-01 8.000000e-03 2.744800e-02
32 9.631160e-01 7.964000e-03 2.892000e-02
33 9.616280e-01 8.048000e-03 3.032400e-02
34 9.601520e-01 8.052000e-03 3.179600e-02
35 9.586200e-01 8.224000e-03 3.315600e-02
36 9.570080e-01 8.284000e-03 3.470800e-02
37 9.552040e-01 8.792000e-03 3.600400e-02
38 9.533960e-01 9.008000e-03 3.759600e-02
39 9.515880e-01 9.188000e-03 3.922400e-02
40 9.498440e-01 9.260000e-03 4.089600e-02
41 9.479120e-01 9.536000e-03 4.255200e-02
42 9.461280e-01 9.656000e-03 4.421600e-02
43 9.443960e-01 9.604000e-03 4.600000e-02
44 9.426640e-01 9.660000e-03 4.767600e-02
45 9.409560e-01 9.620000e-03 4.942400e-02
46 9.392400e-01 9.732000e-03 5.102800e-02
47 9.375280e-01 9.784000e-03 5.268800e-02
48 9.355800e-01 9.920000e-03 5.450000e-02
49 9.337040e-01 9.888000e-03 5.640800e-02
50 9.316760e-01 1.026800e-02 5.805600e-02
51 9.296280e-01 1.059600e-02 5.977600e-02
52 9.277440e-01 1.068400e-02 6.157200e-02
53 9.258880e-01 1.068000e-02 6.343200e-02
54 9.240240e-01 1.060800e-02 6.536800e-02
55 9.220600e-01 1.074800e-02 6.719200e-02
56 9.202280e-01 1.051600e-02 6.925600e-02
57 9.183400e-01 1.066800e-02 7.099200e-02
58 9.165120e-01 1.062000e-02 7.286800e-02
59 9.147640e-01 1.053200e-02 7.470400e-02
60 9.128920e-01 1.067600e-02 7.643200e-02
61 9.110560e-01 1.076000e-02 7.818400e-02
62 9.093800e-01 1.065200e-02 7.996800e-02
63 9.076480e-01 1.049600e-02 8.185600e-02
64 9.057920e-01 1.041200e-02 8.379600e-02
65 9.041600e-01 1.032800e-02 8.551200e-02
66 9.025600e-01 1.004400e-02 8.739600e-02
67 9.008640e-01 1.003600e-02 8.910000e-02
68 8.993360e-01 9.844000e-03 9.082000e-02
69 8.976360e-01 9.828000e-03 9.253600e-02
70 8.959880e-01 9.792000e-03 9.422000e-02
71 8.941920e-01 9.920000e-03 9.588800e-02
72 8.923920e-01 1.016000e-02 9.744800e-02
73 8.908560e-01 9.860000e-03 9.928400e-02
74 8.892000e-01 9.872000e-03 1.009280e-01
75 8.874880e-01 9.976000e-03 1.025360e-01
76 8.856880e-01 1.006400e-02 1.042480e-01
77 8.839160e-01 1.014800e-02 1.059360e-01
78 8.821720e-01 1.008800e-02 1.077400e-01
79 8.803840e-01 1.024800e-02 1.093680e-01
80 8.786120e-01 1.023200e-02 1.111560e-01
81 8.766840e-01 1.048800e-02 1.128280e-01
82 8.747880e-01 1.050800e-02 1.147040e-01
83 8.729960e-01 1.046800e-02 1.165360e-01
84 8.710400e-01 1.054000e-02 1.184200e-01
85 8.691200e-01 1.054800e-02 1.203320e-01
86 8.670760e-01 1.070000e-02 1.222240e-01
87 8.651640e-01 1.058000e-02 1.242560e-01
88 8.630480e-01 1.087600e-02 1.260760e-01
89 8.611640e-01 1.073600e-02 1.281000e-01
90 8.592400e-01 1.072000e-02 1.300400e-01
91 8.573960e-01 1.058400e-02 1.320200e-01
92 8.555360e-01 1.058000e-02 1.338840e-01
93 8.537840e-01 1.053200e-02 1.356840e-01
94 8.521560e-01 1.033200e-02 1.375120e-01
95 8.504240e-01 1.028800e-02 1.392880e-01
96 8.486040e-01 1.038000e-02 1.410160e-01
97 8.468960e-01 1.016800e-02 1.429360e-01
98 8.451160e-01 1.020800e-02 1.446760e-01
99 8.434160e-01 1.008800e-02 1.464960e-01
100 8.417880e-01 9.980000e-03 1.482320e-01
101 8.400280e-01 9.996000e-03 1.499760e-01
102 8.384240e-01 9.856000e-03 1.517200e-01
103 8.366960e-01 9.948000e-03 1.533560e-01
104 8.351040e-01 9.792000e-03 1.551040e-01
105 8.333320e-01 9.796000e-03 1.568720e-01
106 8.315760e-01 9.812000e-03 1.586120e-01
107 8.300120e-01 9.688000e-03 1.603000e-01
108 8.284080e-01 9.620000e-03 1.619720e-01
109 8.268480e-01 9.600000e-03 1.635520e-01
110 8.252440e-01 9.448000e-03 1.653080e-01
111 8.235440e-01 9.476000e-03 1.669800e-01
112 8.219160e-01 9.520000e-03 1.685640e-01
113 8.204520e-01 9.228000e-03 1.703200e-01
114 8.188440e-01 9.288000e-03 1.718680e-01
115 8.171920e-01 9.296000e-03 1.735120e-01
116 8.154760e-01 9.444000e-03 1.750800e-01
117 8.138400e-01 9.476000e-03 1.766840e-01
118 8.121600e-01 9.528000e-03 1.783120e-01
119 8.105560e-01 9.384000e-03 1.800600e-01
120 8.089720e-01 9.428000e-03 1.816000e-01
121 8.074000e-01 9.504000e-03 1.830960e-01
122 8.057880e-01 9.400000e-03 1.848120e-01
123 8.041640e-01 9.380000e-03 1.864560e-01
124 8.025040e-01 9.348000e-03 1.881480e-01
125 8.009440e-01 9.208000e-03 1.898480e-01
126 7.993960e-01 9.152000e-03 1.914520e-01
127 7.980160e-01 9.024000e-03 1.929600e-01
128 7.965480e-01 8.884000e-03 1.945680e-01
129 7.949640e-01 8.904000e-03 1.961320e-01
130 7.935920e-01 8.560000e-03 1.978480e-01
131 7.921520e-01 8.460000e-03 1.993880e-01
132 7.907360e-01 8.360000e-03 2.009040e-01
133 7.893160e-01 8.236000e-03 2.024480e-01
134 7.879160e-01 8.096000e-03 2.039880e-01
135 7.865400e-01 7.984000e-03 2.054760e-01
136 7.853600e-01 7.908000e-03 2.067320e-01
137 7.839840e-01 7.868000e-03 2.081480e-01
138 7.826840e-01 7.664000e-03 2.096520e-01
139 7.814800e-01 7.596000e-03 2.109240e-01
140 7.802120e-01 7.428000e-03 2.123600e-01
141 7.789600e-01 7.488000e-03 2.135520e-01
142 7.777840e-01 7.384000e-03 2.148320e-01
143 7.765280e-01 7.316000e-03 2.161560e-01
144 7.753840e-01 7.256000e-03 2.173600e-01
145 7.740960e-01 7.208000e-03 2.186960e-01
146 7.728480e-01 7.104000e-03 2.200480e-01
147 7.716520e-01 7.060000e-03 2.212880e-01
148 7.703680e-01 7.032000e-03 2.226000e-01
149 7.691200e-01 7.100000e-03 2.237800e-01
150 7.679680e-01 7.020000e-03 2.250120e-01
151 7.668200e-01 6.968000e-03 2.262120e-01
152 7.654920e-01 7.044000e-03 2.274640e-01
153 7.642200e-01 7.044000e-03 2.287360e-01
154 7.629720e-01 7.108000e-03 2.299200e-01
155 7.616440e-01 7.224000e-03 2.311320e-01
156 7.603040e-01 7.312000e-03 2.323840e-01
157 7.589680e-01 7.392000e-03 2.336400e-01
158 7.575720e-01 7.620000e-03 2.348080e-01
159 7.562520e-01 7.708000e-03 2.360400e-01
160 7.549840e-01 7.612000e-03 2.374040e-01
161 7.538120e-01 7.416000e-03 2.387720e-01
162 7.527680e-01 7.152000e-03 2.400800e-01
163 7.517600e-01 6.832000e-03 2.414080e-01
164 7.507520e-01 6.700000e-03 2.425480e-01
165 7.497840e-01 6.544000e-03 2.436720e-01
166 7.487000e-01 6.428000e-03 2.448720e-01
167 7.476960e-01 6.344000e-03 2.459600e-01
168 7.467000e-01 6.208000e-03 2.470920e-01
169 7.455840e-01 6.304000e-03 2.481120e-01
170 7.445560e-01 6.256000e-03 2.491880e-01
171 7.435400e-01 6.232000e-03 2.502280e-01
172 7.424320e-01 6.280000e-03 2.512880e-01
173 7.414080e-01 6.140000e-03 2.524520e-01
174 7.403320e-01 6.084000e-03 2.535840e-01
175 7.394280e-01 6.056000e-03 2.545160e-01
176 7.384040e-01 5.912000e-03 2.556840e-01
177 7.373960e-01 5.880000e-03 2.567240e-01
178 7.363760e-01 5.872000e-03 2.577520e-01
179 7.353440e-01 5.900000e-03 2.587560e-01
180 7.343080e-01 5.892000e-03 2.598000e-01
181 7.334240e-01 5.872000e-03 2.607040e-01
182 7.325600e-01 5.620000e-03 2.618200e-01
183 7.316800e-01 5.516000e-03 2.628040e-01
184 7.306960e-01 5.548000e-03 2.637560e-01
185 7.297480e-01 5.492000e-03 2.647600e-01
186 7.287920e-01 5.480000e-03 2.657280e-01
187 7.279080e-01 5.320000e-03 2.667720e-01
188 7.269040e-01 5.336000e-03 2.677600e-01
189 7.260960e-01 5.220000e-03 2.686840e-01
190 7.252440e-01 5.224000e-03 2.695320e-01
191 7.244520e-01 5.076000e-03 2.704720e-01
192 7.235840e-01 5.020000e-03 2.713960e-01
193 7.227960e-01 4.884000e-03 2.723200e-01
194 7.221040e-01 4.776000e-03 2.731200e-01
195 7.213920e-01 4.676000e-03 2.739320e-01
196 7.206600e-01 4.592000e-03 2.747480e-01
197 7.199960e-01 4.420000e-03 2.755840e-01
198 7.192400e-01 4.420000e-03 2.763400e-01
199 7.186280e-01 4.288000e-03 2.770840e-01
200 7.180200e-01 4.184000e-03 2.777960e-01
201 7.174280e-01 4.076000e-03 2.784960e-01
202 7.167480e-01 4.044000e-03 2.792080e-01
203 7.160360e-01 4.020000e-03 2.799440e-01
204 7.153400e-01 4.060000e-03 2.806000e-01
205 7.146960e-01 3.888000e-03 2.814160e-01
206 7.140000e-01 3.916000e-03 2.820840e-01
207 7.133040e-01 3.992000e-03 2.827040e-01
208 7.125960e-01 3.972000e-03 2.834320e-01
209 7.118600e-01 3.916000e-03 2.842240e-01
210 7.112360e-01 3.864000e-03 2.849000e-01
211 7.105600e-01 3.796000e-03 2.856440e-01
212 7.098360e-01 3.904000e-03 2.862600e-01
213 7.090680e-01 4.056000e-03 2.868760e-01
214 7.085160e-01 4.000000e-03 2.874840e-01
215 7.079520e-01 3.848000e-03 2.882000e-01
216 7.072520e-01 3.792000e-03 2.889560e-01
217 7.066000e-01 3.692000e-03 2.897080e-01
218 7.059280e-01 3.836000e-03 2.902360e-01
219 7.053120e-01 3.800000e-03 2.908880e-01
220 7.045600e-01 3.892000e-03 2.915480e-01
221 7.039080e-01 3.820000e-03 2.922720e-01
222 7.032120e-01 3.780000e-03 2.930080e-01
223 7.025800e-01 3.728000e-03 2.936920e-01
224 7.019920e-01 3.652000e-03 2.943560e-01
225 7.014720e-01 3.528000e-03 2.950000e-01
226 7.009040e-01 3.352000e-03 2.957440e-01
227 7.002680e-01 3.408000e-03 2.963240e-01
228 6.996480e-01 3.476000e-03 2.968760e-01
229 6.990680e-01 3.512000e-03 2.974200e-01
230 6.985440e-01 3.436000e-03 2.980200e-01
231 6.979960e-01 3.376000e-03 2.986280e-01
232 6.974760e-01 3.336000e-03 2.991880e-01
233 6.969320e-01 3.256000e-03 2.998120e-01
234 6.963680e-01 3.244000e-03 3.003880e-01
235 6.958520e-01 3.212000e-03 3.009360e-01
236 6.953320e-01 3.168000e-03 3.015000e-01
237 6.947280e-01 3.208000e-03 3.020640e-01
238 6.942000e-01 3.148000e-03 3.026520e-01
239 6.935560e-01 3.260000e-03 3.031840e-01
240 6.930440e-01 3.168000e-03 3.037880e-01
241 6.924760e-01 3.168000e-03 3.043560e-01
242 6.919000e-01 3.176000e-03 3.049240e-01
243 6.913920e-01 3.148000e-03 3.054600e-01
244 6.908200e-01 3.192000e-03 3.059880e-01
245 6.902920e-01 3.132000e-03 3.065760e-01
246 6.897880e-01 3.060000e-03 3.071520e-01
247 6.892280e-01 3.164000e-03 3.076080e-01
248 6.886480e-01 3.128000e-03 3.082240e-01
249 6.880440e-01 3.164000e-03 3.087920e-01
250 6.874760e-01 3.176000e-03 3.093480e-01
251 6.869320e-01 3.100000e-03 3.099680e-01
252 6.863080e-01 3.172000e-03 3.105200e-01
253 6.857960e-01 3.212000e-03 3.109920e-01
254 6.853080e-01 3.124000e-03 3.115680e-01
255 6.846680e-01 3.216000e-03 3.121160e-01
256 6.842200e-01 3.120000e-03 3.126600e-01
257 6.836240e-01 3.164000e-03 3.132120e-01
258 6.830000e-01 3.176000e-03 3.138240e-01
259 6.823840e-01 3.208000e-03 3.144080e-01
260 6.817080e-01 3.392000e-03 3.149000e-01
261 6.810640e-01 3.400000e-03 3.155360e-01
262 6.805240e-01 3.308000e-03 3.161680e-01
263 6.799440e-01 3.320000e-03 3.167360e-01
264 6.793040e-01 3.384000e-03 3.173120e-01
265 6.787640e-01 3.324000e-03 3.179120e-01
266 6.781320e-01 3.352000e-03 3.185160e-01
267 6.776240e-01 3.168000e-03 3.192080e-01
268 6.770720e-01 3.156000e-03 3.197720e-01
269 6.764720e-01 3.192000e-03 3.203360e-01
270 6.758560e-01 3.260000e-03 3.208840e-01
271 6.752800e-01 3.280000e-03 3.214400e-01
272 6.746520e-01 3.328000e-03 3.220200e-01
273 6.741160e-01 3.292000e-03 3.225920e-01
274 6.735920e-01 3.160000e-03 3.232480e-01
275 6.731560e-01 3.052000e-03 3.237920e-01
276 6.727000e-01 3.000000e-03 3.243000e-01
277 6.722240e-01 2.972000e-03 3.248040e-01
278 6.718120e-01 2.896000e-03 3.252920e-01
279 6.713560e-01 2.848000e-03 3.257960e-01
280 6.708200e-01 2.888000e-03 3.262920e-01
281 6.703400e-01 2.884000e-03 3.267760e-01
282 6.699080e-01 2.840000e-03 3.272520e-01
283 6.693720e-01 2.884000e-03 3.277440e-01
284 6.686880e-01 3.020000e-03 3.282920e-01
285 6.681600e-01 3.068000e-03 3.287720e-01
286 6.676520e-01 3.080000e-03 3.292680e-01
287 6.671560e-01 3.136000e-03 3.297080e-01
288 6.665800e-01 3.224000e-03 3.301960e-01
289 6.660200e-01 3.248000e-03 3.307320e-01
290 6.654680e-01 3.188000e-03 3.313440e-01
291 6.649040e-01 3.244000e-03 3.318520e-01
292 6.643200e-01 3.252000e-03 3.324280e-01
293 6.636600e-01 3.332000e-03 3.330080e-01
294 6.630920e-01 3.252000e-03 3.336560e-01
295 6.624360e-01 3.368000e-03 3.341960e-01
296 6.617880e-01 3.440000e-03 3.347720e-01
297 6.612160e-01 3.424000e-03 3.353600e-01
298 6.605800e-01 3.440000e-03 3.359800e-01
299 6.600120e-01 3.372000e-03 3.366160e-01
300 6.594600e-01 3.280000e-03 3.372600e-01
301 6.589480e-01 3.264000e-03 3.377880e-01
302 6.585280e-01 3.084000e-03 3.383880e-01
303 6.579800e-01 3.156000e-03 3.388640e-01
304 6.574760e-01 3.136000e-03 3.393880e-01
305 6.570000e-01 3.060000e-03 3.399400e-01
306 6.565080e-01 2.992000e-03 3.405000e-01
307 6.560280e-01 2.888000e-03 3.410840e-01
308 6.555480e-01 2.844000e-03 3.416080e-01
309 6.550720e-01 2.864000e-03 3.420640e-01
310 6.545760e-01 2.872000e-03 3.425520e-01
311 6.541040e-01 2.872000e-03 3.430240e-01
312 6.536360e-01 2.872000e-03 3.434920e-01
313 6.531840e-01 2.836000e-03 3.439800e-01
314 6.526960e-01 2.780000e-03 3.445240e-01
315 6.522760e-01 2.712000e-03 3.450120e-01
316 6.517480e-01 2.820000e-03 3.454320e-01
317 6.512680e-01 2.812000e-03 3.459200e-01
318 6.506600e-01 2.936000e-03 3.464040e-01
319 6.502280e-01 2.792000e-03 3.469800e-01
320 6.497440e-01 2.784000e-03 3.474720e-01
321 6.491720e-01 2.940000e-03 3.478880e-01
322 6.487640e-01 2.760000e-03 3.484760e-01
323 6.482320e-01 2.856000e-03 3.489120e-01
324 6.477640e-01 2.868000e-03 3.493680e-01
325 6.473720e-01 2.796000e-03 3.498320e-01
326 6.469120e-01 2.776000e-03 3.503120e-01
327 6.465320e-01 2.680000e-03 3.507880e-01
328 6.460840e-01 2.600000e-03 3.513160e-01
329 6.456120e-01 2.628000e-03 3.517600e-01
330 6.451800e-01 2.596000e-03 3.522240e-01
331 6.447000e-01 2.628000e-03 3.526720e-01
332 6.441600e-01 2.764000e-03 3.530760e-01
333 6.437360e-01 2.652000e-03 3.536120e-01
334 6.432600e-01 2.672000e-03 3.540680e-01
335 6.427800e-01 2.664000e-03 3.545560e-01
336 6.423320e-01 2.656000e-03 3.550120e-01
337 6.418720e-01 2.644000e-03 3.554840e-01
338 6.414400e-01 2.656000e-03 3.559040e-01
339 6.408920e-01 2.764000e-03 3.563440e-01
340 6.403400e-01 2.860000e-03 3.568000e-01
341 6.398600e-01 2.800000e-03 3.573400e-01
342 6.393360e-01 2.848000e-03 3.578160e-01
343 6.387960e-01 2.912000e-03 3.582920e-01
344 6.383120e-01 2.936000e-03 3.587520e-01
345 6.378800e-01 2.816000e-03 3.593040e-01
346 6.374400e-01 2.760000e-03 3.598000e-01
347 6.370160e-01 2.696000e-03 3.602880e-01
348 6.365520e-01 2.652000e-03 3.607960e-01
349 6.361440e-01 2.520000e-03 3.613360e-01
350 6.357080e-01 2.500000e-03 3.617920e-01
351 6.354400e-01 2.392000e-03 3.621680e-01
352 6.350680e-01 2.368000e-03 3.625640e-01
353 6.347440e-01 2.244000e-03 3.630120e-01
354 6.344280e-01 2.164000e-03 3.634080e-01
355 6.340800e-01 2.132000e-03 3.637880e-01
356 6.337560e-01 2.080000e-03 3.641640e-01
357 6.334280e-01 2.056000e-03 3.645160e-01
358 6.330520e-01 2.120000e-03 3.648280e-01
359 6.327360e-01 2.124000e-03 3.651400e-01
360 6.323320e-01 2.204000e-03 3.654640e-01
361 6.319760e-01 2.164000e-03 3.658600e-01
362 6.316600e-01 2.112000e-03 3.662280e-01
363 6.313080e-01 2.056000e-03 3.666360e-01
364 6.310080e-01 2.036000e-03 3.669560e-01
365 6.306640e-01 2.016000e-03 3.673200e-01
366 6.303480e-01 1.976000e-03 3.676760e-01
367 6.299920e-01 1.936000e-03 3.680720e-01
368 6.295440e-01 2.000000e-03 3.684560e-01
369 6.292280e-01 1.956000e-03 3.688160e-01
370 6.289240e-01 1.896000e-03 3.691800e-01
371 6.286120e-01 1.916000e-03 3.694720e-01
372 6.282840e-01 1.920000e-03 3.697960e-01
373 6.280000e-01 1.864000e-03 3.701360e-01
374 6.277160e-01 1.760000e-03 3.705240e-01
375 6.273320e-01 1.872000e-03 3.707960e-01
376 6.270120e-01 1.904000e-03 3.710840e-01
377 6.266240e-01 2.008000e-03 3.713680e-01
378 6.262720e-01 1.996000e-03 3.717320e-01
379 6.259280e-01 2.024000e-03 3.720480e-01
380 6.255000e-01 2.092000e-03 3.724080e-01
381 6.251840e-01 2.084000e-03 3.727320e-01
382 6.248560e-01 2.060000e-03 3.730840e-01
383 6.245000e-01 1.976000e-03 3.735240e-01
384 6.241720e-01 1.960000e-03 3.738680e-01
385 6.238960e-01 1.892000e-03 3.742120e-01
386 6.236080e-01 1.856000e-03 3.745360e-01
387 6.233160e-01 1.820000e-03 3.748640e-01
388 6.229440e-01 1.824000e-03 3.752320e-01
389 6.226600e-01 1.796000e-03 3.755440e-01
390 6.223080e-01 1.824000e-03 3.758680e-01
391 6.220040e-01 1.820000e-03 3.761760e-01
392 6.216880e-01 1.892000e-03 3.764200e-01
393 6.213040e-01 1.976000e-03 3.767200e-01
394 6.209240e-01 2.024000e-03 3.770520e-01
395 6.205840e-01 1.968000e-03 3.774480e-01
396 6.203480e-01 1.888000e-03 3.777640e-01
397 6.201080e-01 1.844000e-03 3.780480e-01
398 6.197960e-01 1.776000e-03 3.784280e-01
399 6.194880e-01 1.748000e-03 3.787640e-01
400 6.192000e-01 1.684000e-03 3.791160e-01
401 6.189240e-01 1.660000e-03 3.794160e-01
402 6.185880e-01 1.720000e-03 3.796920e-01
403 6.182960e-01 1.656000e-03 3.800480e-01
404 6.180520e-01 1.616000e-03 3.803320e-01
405 6.177200e-01 1.636000e-03 3.806440e-01
406 6.174400e-01 1.568000e-03 3.809920e-01
407 6.172360e-01 1.504000e-03 3.812600e-01
408 6.170200e-01 1.452000e-03 3.815280e-01
409 6.167920e-01 1.404000e-03 3.818040e-01
410 6.166160e-01 1.328000e-03 3.820560e-01
411 6.164480e-01 1.296000e-03 3.822560e-01
412 6.162120e-01 1.336000e-03 3.824520e-01
413 6.159920e-01 1.308000e-03 3.827000e-01
414 6.157440e-01 1.296000e-03 3.829600e-01
415 6.155560e-01 1.236000e-03 3.832080e-01
416 6.153720e-01 1.216000e-03 3.834120e-01
417 6.151640e-01 1.176000e-03 3.836600e-01
418 6.149360e-01 1.184000e-03 3.838800e-01
419 6.147240e-01 1.164000e-03 3.841120e-01
420 6.144920e-01 1.124000e-03 3.843840e-01
421 6.143200e-01 1.148000e-03 3.845320e-01
422 6.140640e-01 1.184000e-03 3.847520e-01
423 6.138240e-01 1.260000e-03 3.849160e-01
424 6.135920e-01 1.244000e-03 3.851640e-01
425 6.133040e-01 1.300000e-03 3.853960e-01
426 6.131080e-01 1.260000e-03 3.856320e-01
427 6.128720e-01 1.280000e-03 3.858480e-01
428 6.126440e-01 1.256000e-03 3.861000e-01
429 6.123440e-01 1.340000e-03 3.863160e-01
430 6.121440e-01 1.272000e-03 3.865840e-01
431 6.119040e-01 1.284000e-03 3.868120e-01
432 6.116440e-01 1.296000e-03 3.870600e-01
433 6.113920e-01 1.368000e-03 3.872400e-01
434 6.111640e-01 1.364000e-03 3.874720e-01
435 6.109240e-01 1.304000e-03 3.877720e-01
436 6.107000e-01 1.288000e-03 3.880120e-01
437 6.105400e-01 1.236000e-03 3.882240e-01
438 6.103960e-01 1.200000e-03 3.884040e-01
439 6.102400e-01 1.164000e-03 3.885960e-01
440 6.100640e-01 1.184000e-03 3.887520e-01
441 6.098560e-01 1.228000e-03 3.889160e-01
442 6.096960e-01 1.236000e-03 3.890680e-01
443 6.094880e-01 1.216000e-03 3.892960e-01
444 6.092720e-01 1.188000e-03 3.895400e-01
445 6.090840e-01 1.196000e-03 3.897200e-01
446 6.088760e-01 1.220000e-03 3.899040e-01
447 6.085920e-01 1.304000e-03 3.901040e-01
448 6.083360e-01 1.344000e-03 3.903200e-01
449 6.080520e-01 1.392000e-03 3.905560e-01
450 6.077960e-01 1.400000e-03 3.908040e-01
451 6.076000e-01 1.356000e-03 3.910440e-01
452 6.073480e-01 1.384000e-03 3.912680e-01
453 6.070920e-01 1.416000e-03 3.914920e-01
454 6.068680e-01 1.384000e-03 3.917480e-01
455 6.066760e-01 1.316000e-03 3.920080e-01
456 6.064400e-01 1.312000e-03 3.922480e-01
457 6.062240e-01 1.304000e-03 3.924720e-01
458 6.060480e-01 1.240000e-03 3.927120e-01
459 6.058320e-01 1.248000e-03 3.929200e-01
460 6.056320e-01 1.240000e-03 3.931280e-01
461 6.054560e-01 1.224000e-03 3.933200e-01
462 6.053280e-01 1.164000e-03 3.935080e-01
463 6.051960e-01 1.084000e-03 3.937200e-01
464 6.049880e-01 1.116000e-03 3.938960e-01
465 6.047960e-01 1.132000e-03 3.940720e-01
466 6.045960e-01 1.116000e-03 3.942880e-01
467 6.044000e-01 1.124000e-03 3.944760e-01
468 6.042040e-01 1.092000e-03 3.947040e-01
469 6.040320e-01 1.072000e-03 3.948960e-01
470 6.038760e-01 9.880000e-04 3.951360e-01
471 6.036680e-01 1.016000e-03 3.953160e-01
472 6.034560e-01 1.072000e-03 3.954720e-01
473 6.032720e-01 1.136000e-03 3.955920e-01
474 6.030400e-01 1.160000e-03 3.958000e-01
475 6.028520e-01 1.124000e-03 3.960240e-01
476 6.026840e-01 1.128000e-03 3.961880e-01
477 6.025320e-01 1.076000e-03 3.963920e-01
478 6.023840e-01 1.032000e-03 3.965840e-01
479 6.021920e-01 1.064000e-03 3.967440e-01
480 6.019920e-01 1.048000e-03 3.969600e-01
481 6.018320e-01 1.024000e-03 3.971440e-01
482 6.016160e-01 1.032000e-03 3.973520e-01
483 6.014280e-01 1.028000e-03 3.975440e-01
484 6.012520e-01 1.036000e-03 3.977120e-01
485 6.010880e-01 9.960000e-04 3.979160e-01
486 6.009360e-01 9.840000e-04 3.980800e-01
487 6.007480e-01 9.840000e-04 3.982680e-01
488 6.005680e-01 9.440000e-04 3.984880e-01
489 6.004360e-01 8.880000e-04 3.986760e-01
490 6.003720e-01 8.040000e-04 3.988240e-01
491 6.002600e-01 7.840000e-04 3.989560e-01
492 6.001920e-01 7.040000e-04 3.991040e-01
493 6.000760e-01 6.960000e-04 3.992280e-01
494 5.999360e-01 6.960000e-04 3.993680e-01
495 5.998360e-01 7.120000e-04 3.994520e-01
496 5.997120e-01 7.440000e-04 3.995440e-01
497 5.995800e-01 7.440000e-04 3.996760e-01
498 5.995000e-01 7.120000e-04 3.997880e-01
499 5.993920e-01 7.200000e-04 3.998880e-01
500 5.993160e-01 6.400000e-04 4.000440e-01
