1 9.991600e-01 7.560000e-04 8.400000e-05
2 9.985680e-01 1.168000e-03 2.640000e-04
3 9.979560e-01 1.556000e-03 4.880000e-04
4 9.972400e-01 1.904000e-03 8.560000e-04
5 9.964280e-01 2.316000e-03 1.256000e-03
6 9.955680e-01 2.740000e-03 1.692000e-03
7 9.945880e-01 3.244000e-03 2.168000e-03
8 9.934480e-01 3.780000e-03 2.772000e-03
9 9.924520e-01 4.128000e-03 3.420000e-03
10 9.913360e-01 4.412000e-03 4.252000e-03
11 9.903080e-01 4.536000e-03 5.156000e-03
12 9.891640e-01 4.800000e-03 6.036000e-03
13 9.881160e-01 5.016000e-03 6.868000e-03
14 9.869560e-01 5.204000e-03 7.840000e-03
15 9.857600e-01 5.632000e-03 8.608000e-03
16 9.844680e-01 5.996000e-03 9.536000e-03
17 9.829920e-01 6.436000e-03 1.057200e-02
18 9.814840e-01 6.836000e-03 1.168000e-02
19 9.800480e-01 7.120000e-03 1.283200e-02
20 9.782600e-01 7.644000e-03 1.409600e-02
21 9.765760e-01 7.956000e-03 1.546800e-02
22 9.750640e-01 8.032000e-03 1.690400e-02
23 9.735440e-01 8.100000e-03 1.835600e-02
24 9.720120e-01 8.272000e-03 1.971600e-02
25 9.704800e-01 8.360000e-03 2.116000e-02
26 9.689440e-01 8.376000e-03 2.268000e-02
27 9.672520e-01 8.596000e-03 2.415200e-02
28 9.656640e-01 8.624000e-03 2.571200e-02
29 9.641320e-01 8.616000e-03 2.725200e-02
30 9.623320e-01 9.092000e-03 2.857600e-02
31 9.606200e-01 9.260000e-03 3.012000e-02
32 9.588760e-01 9.576000e-03 3.154800e-02
33 9.569640e-01 9.932000e-03 3.310400e-02
34 9.550640e-01 1.006800e-02 3.486800e-02
35 9.531520e-01 1.024800e-02 3.660000e-02
36 9.512760e-01 1.019600e-02 3.852800e-02
37 9.494640e-01 1.023600e-02 4.030000e-02
38 9.477320e-01 1.022800e-02 4.204000e-02
39 9.458040e-01 1.043200e-02 4.376400e-02
40 9.439440e-01 1.032000e-02 4.573600e-02
41 9.422080e-01 1.033600e-02 4.745600e-02
42 9.403560e-01 1.045200e-02 4.919200e-02
43 9.385240e-01 1.050800e-02 5.096800e-02
44 9.366360e-01 1.048400e-02 5.288000e-02
45 9.347720e-01 1.048800e-02 5.474000e-02
46 9.329360e-01 1.069600e-02 5.636800e-02
47 9.311360e-01 1.058400e-02 5.828000e-02
48 9.293640e-01 1.044800e-02 6.018800e-02
49 9.275600e-01 1.049200e-02 6.194800e-02
50 9.258160e-01 1.053600e-02 6.364800e-02
51 9.241600e-01 1.041600e-02 6.542400e-02
52 9.223080e-01 1.040400e-02 6.728800e-02
53 9.204040e-01 1.054400e-02 6.905200e-02
54 9.185560e-01 1.074000e-02 7.070400e-02
55 9.167680e-01 1.067200e-02 7.256000e-02
56 9.148960e-01 1.055600e-02 7.454800e-02
57 9.131160e-01 1.042800e-02 7.645600e-02
58 9.113920e-01 1.036000e-02 7.824800e-02
59 9.094840e-01 1.044000e-02 8.007600e-02
60 9.076080e-01 1.057200e-02 8.182000e-02
61 9.056720e-01 1.059200e-02 8.373600e-02
62 9.037680e-01 1.052400e-02 8.570800e-02
63 9.019320e-01 1.057200e-02 8.749600e-02
64 9.001160e-01 1.043600e-02 8.944800e-02
65 8.984280e-01 1.033200e-02 9.124000e-02
66 8.968080e-01 1.020000e-02 9.299200e-02
67 8.951520e-01 1.022000e-02 9.462800e-02
68 8.935000e-01 1.011200e-02 9.638800e-02
69 8.918120e-01 1.004800e-02 9.814000e-02
70 8.902920e-01 9.856000e-03 9.985200e-02
71 8.887280e-01 9.740000e-03 1.015320e-01
72 8.869720e-01 9.768000e-03 1.032600e-01
73 8.853120e-01 9.664000e-03 1.050240e-01
74 8.836320e-01 9.604000e-03 1.067640e-01
75 8.820240e-01 9.692000e-03 1.082840e-01
76 8.805040e-01 9.596000e-03 1.099000e-01
77 8.788640e-01 9.528000e-03 1.116080e-01
78 8.771560e-01 9.672000e-03 1.131720e-01
79 8.756520e-01 9.576000e-03 1.147720e-01
80 8.741720e-01 9.432000e-03 1.163960e-01
81 8.726080e-01 9.200000e-03 1.181920e-01
82 8.710560e-01 9.112000e-03 1.198320e-01
83 8.696040e-01 9.036000e-03 1.213600e-01
84 8.680520e-01 8.892000e-03 1.230560e-01
85 8.665560e-01 8.892000e-03 1.245520e-01
86 8.649560e-01 8.884000e-03 1.261600e-01
87 8.635120e-01 8.908000e-03 1.275800e-01
88 8.619760e-01 8.920000e-03 1.291040e-01
89 8.603200e-01 9.056000e-03 1.306240e-01
90 8.586560e-01 9.120000e-03 1.322240e-01
91 8.570360e-01 9.188000e-03 1.337760e-01
92 8.553440e-01 9.248000e-03 1.354080e-01
93 8.536280e-01 9.376000e-03 1.369960e-01
94 8.520200e-01 9.340000e-03 1.386400e-01
95 8.503280e-01 9.288000e-03 1.403840e-01
96 8.486640e-01 9.300000e-03 1.420360e-01
97 8.470800e-01 9.340000e-03 1.435800e-01
98 8.456920e-01 9.180000e-03 1.451280e-01
99 8.440040e-01 9.224000e-03 1.467720e-01
100 8.424360e-01 9.296000e-03 1.482680e-01
101 8.407760e-01 9.408000e-03 1.498160e-01
102 8.393200e-01 9.244000e-03 1.514360e-01
103 8.377440e-01 9.080000e-03 1.531760e-01
104 8.360720e-01 9.132000e-03 1.547960e-01
105 8.344600e-01 9.160000e-03 1.563800e-01
106 8.329560e-01 8.976000e-03 1.580680e-01
107 8.313600e-01 8.928000e-03 1.597120e-01
108 8.298760e-01 8.872000e-03 1.612520e-01
109 8.285360e-01 8.592000e-03 1.628720e-01
110 8.272240e-01 8.540000e-03 1.642360e-01
111 8.259680e-01 8.376000e-03 1.656560e-01
112 8.245920e-01 8.320000e-03 1.670880e-01
113 8.233280e-01 8.232000e-03 1.684400e-01
114 8.219440e-01 8.108000e-03 1.699480e-01
115 8.206160e-01 8.148000e-03 1.712360e-01
116 8.193040e-01 8.000000e-03 1.726960e-01
117 8.180400e-01 7.912000e-03 1.740480e-01
118 8.167880e-01 7.816000e-03 1.753960e-01
119 8.156240e-01 7.636000e-03 1.767400e-01
120 8.144200e-01 7.508000e-03 1.780720e-01
121 8.132320e-01 7.380000e-03 1.793880e-01
122 8.120080e-01 7.360000e-03 1.806320e-01
123 8.108400e-01 7.268000e-03 1.818920e-01
124 8.098040e-01 6.980000e-03 1.832160e-01
125 8.086880e-01 6.940000e-03 1.843720e-01
126 8.076440e-01 6.684000e-03 1.856720e-01
127 8.067480e-01 6.420000e-03 1.868320e-01
128 8.057680e-01 6.352000e-03 1.878800e-01
129 8.047000e-01 6.292000e-03 1.890080e-01
130 8.037040e-01 6.132000e-03 1.901640e-01
131 8.027920e-01 5.932000e-03 1.912760e-01
132 8.017200e-01 5.964000e-03 1.923160e-01
133 8.007080e-01 5.892000e-03 1.934000e-01
134 7.997000e-01 5.832000e-03 1.944680e-01
135 7.987960e-01 5.664000e-03 1.955400e-01
136 7.979080e-01 5.584000e-03 1.965080e-01
137 7.970480e-01 5.520000e-03 1.974320e-01
138 7.961200e-01 5.548000e-03 1.983320e-01
139 7.952560e-01 5.452000e-03 1.992920e-01
140 7.943240e-01 5.404000e-03 2.002720e-01
141 7.934240e-01 5.336000e-03 2.012400e-01
142 7.924920e-01 5.380000e-03 2.021280e-01
143 7.914800e-01 5.424000e-03 2.030960e-01
144 7.904880e-01 5.532000e-03 2.039800e-01
145 7.895680e-01 5.592000e-03 2.048400e-01
146 7.886520e-01 5.524000e-03 2.058240e-01
147 7.877920e-01 5.448000e-03 2.067600e-01
148 7.869520e-01 5.328000e-03 2.077200e-01
149 7.860440e-01 5.268000e-03 2.086880e-01
150 7.851680e-01 5.264000e-03 2.095680e-01
151 7.843120e-01 5.212000e-03 2.104760e-01
152 7.834160e-01 5.296000e-03 2.112880e-01
153 7.825920e-01 5.172000e-03 2.122360e-01
154 7.815680e-01 5.244000e-03 2.131880e-01
155 7.805800e-01 5.268000e-03 2.141520e-01
156 7.795280e-01 5.208000e-03 2.152640e-01
157 7.786280e-01 5.184000e-03 2.161880e-01
158 7.777680e-01 5.104000e-03 2.171280e-01
159 7.768520e-01 5.160000e-03 2.179880e-01
160 7.761240e-01 4.924000e-03 2.189520e-01
161 7.753360e-01 4.916000e-03 2.197480e-01
162 7.743960e-01 4.976000e-03 2.206280e-01
163 7.735440e-01 4.892000e-03 2.215640e-01
164 7.726600e-01 4.916000e-03 2.224240e-01
165 7.717080e-01 4.896000e-03 2.233960e-01
166 7.707320e-01 5.112000e-03 2.241560e-01
167 7.699000e-01 4.972000e-03 2.251280e-01
168 7.690040e-01 5.056000e-03 2.259400e-01
169 7.680760e-01 5.108000e-03 2.268160e-01
170 7.672840e-01 5.060000e-03 2.276560e-01
171 7.663560e-01 5.224000e-03 2.284200e-01
172 7.655920e-01 5.056000e-03 2.293520e-01
173 7.647120e-01 5.040000e-03 2.302480e-01
174 7.640000e-01 4.944000e-03 2.310560e-01
175 7.632960e-01 4.788000e-03 2.319160e-01
176 7.624960e-01 4.816000e-03 2.326880e-01
177 7.616400e-01 4.824000e-03 2.335360e-01
178 7.608280e-01 4.824000e-03 2.343480e-01
179 7.600080e-01 4.872000e-03 2.351200e-01
180 7.590920e-01 4.896000e-03 2.360120e-01
181 7.581720e-01 4.976000e-03 2.368520e-01
182 7.572160e-01 5.040000e-03 2.377440e-01
183 7.563960e-01 4.948000e-03 2.386560e-01
184 7.555320e-01 5.120000e-03 2.393480e-01
185 7.547480e-01 5.032000e-03 2.402200e-01
186 7.538320e-01 5.064000e-03 2.411040e-01
187 7.531040e-01 4.820000e-03 2.420760e-01
188 7.522680e-01 4.824000e-03 2.429080e-01
189 7.515160e-01 4.712000e-03 2.437720e-01
190 7.506360e-01 4.800000e-03 2.445640e-01
191 7.497320e-01 4.884000e-03 2.453840e-01
192 7.489080e-01 4.980000e-03 2.461120e-01
193 7.481360e-01 4.888000e-03 2.469760e-01
194 7.473040e-01 4.836000e-03 2.478600e-01
195 7.465840e-01 4.712000e-03 2.487040e-01
196 7.458040e-01 4.676000e-03 2.495200e-01
197 7.450040e-01 4.684000e-03 2.503120e-01
198 7.443480e-01 4.548000e-03 2.511040e-01
199 7.436520e-01 4.420000e-03 2.519280e-01
200 7.429360e-01 4.308000e-03 2.527560e-01
201 7.422560e-01 4.244000e-03 2.535000e-01
202 7.415760e-01 4.208000e-03 2.542160e-01
203 7.408920e-01 4.208000e-03 2.549000e-01
204 7.401640e-01 4.156000e-03 2.556800e-01
205 7.393960e-01 4.108000e-03 2.564960e-01
206 7.386960e-01 4.084000e-03 2.572200e-01
207 7.381320e-01 3.916000e-03 2.579520e-01
208 7.374600e-01 3.888000e-03 2.586520e-01
209 7.367920e-01 3.852000e-03 2.593560e-01
210 7.360840e-01 3.912000e-03 2.600040e-01
211 7.354600e-01 3.944000e-03 2.605960e-01
212 7.348640e-01 3.852000e-03 2.612840e-01
213 7.341520e-01 3.936000e-03 2.619120e-01
214 7.335080e-01 3.924000e-03 2.625680e-01
215 7.327440e-01 3.972000e-03 2.632840e-01
216 7.321440e-01 3.932000e-03 2.639240e-01
217 7.314440e-01 3.908000e-03 2.646480e-01
218 7.307360e-01 3.992000e-03 2.652720e-01
219 7.299720e-01 4.036000e-03 2.659920e-01
220 7.291880e-01 4.144000e-03 2.666680e-01
221 7.285080e-01 4.044000e-03 2.674480e-01
222 7.278080e-01 4.004000e-03 2.681880e-01
223 7.271440e-01 4.020000e-03 2.688360e-01
224 7.263800e-01 4.076000e-03 2.695440e-01
225 7.256920e-01 4.088000e-03 2.702200e-01
226 7.250840e-01 4.000000e-03 2.709160e-01
227 7.244000e-01 4.012000e-03 2.715880e-01
228 7.237640e-01 3.924000e-03 2.723120e-01
229 7.231080e-01 3.928000e-03 2.729640e-01
230 7.224240e-01 4.004000e-03 2.735720e-01
231 7.217640e-01 3.968000e-03 2.742680e-01
232 7.211040e-01 3.900000e-03 2.749960e-01
233 7.204920e-01 3.856000e-03 2.756520e-01
234 7.199400e-01 3.744000e-03 2.763160e-01
235 7.192760e-01 3.748000e-03 2.769760e-01
236 7.187520e-01 3.600000e-03 2.776480e-01
237 7.182080e-01 3.552000e-03 2.782400e-01
238 7.176280e-01 3.632000e-03 2.787400e-01
239 7.170320e-01 3.616000e-03 2.793520e-01
240 7.164760e-01 3.548000e-03 2.799760e-01
241 7.159000e-01 3.644000e-03 2.804560e-01
242 7.153320e-01 3.604000e-03 2.810640e-01
243 7.147800e-01 3.564000e-03 2.816560e-01
244 7.142080e-01 3.516000e-03 2.822760e-01
245 7.135360e-01 3.560000e-03 2.829040e-01
246 7.129240e-01 3.512000e-03 2.835640e-01
247 7.122400e-01 3.568000e-03 2.841920e-01
248 7.115200e-01 3.712000e-03 2.847680e-01
249 7.107240e-01 3.848000e-03 2.854280e-01
250 7.100400e-01 3.872000e-03 2.860880e-01
251 7.093720e-01 3.856000e-03 2.867720e-01
252 7.088240e-01 3.728000e-03 2.874480e-01
253 7.083680e-01 3.568000e-03 2.880640e-01
254 7.077440e-01 3.592000e-03 2.886640e-01
255 7.072640e-01 3.420000e-03 2.893160e-01
256 7.068400e-01 3.236000e-03 2.899240e-01
257 7.062480e-01 3.320000e-03 2.904320e-01
258 7.058040e-01 3.188000e-03 2.910080e-01
259 7.052520e-01 3.196000e-03 2.915520e-01
260 7.047240e-01 3.216000e-03 2.920600e-01
261 7.041840e-01 3.260000e-03 2.925560e-01
262 7.036840e-01 3.160000e-03 2.931560e-01
263 7.030960e-01 3.256000e-03 2.936480e-01
264 7.025840e-01 3.204000e-03 2.942120e-01
265 7.021000e-01 3.068000e-03 2.948320e-01
266 7.016240e-01 2.932000e-03 2.954440e-01
267 7.012160e-01 2.784000e-03 2.960000e-01
268 7.007440e-01 2.800000e-03 2.964560e-01
269 7.003200e-01 2.684000e-03 2.969960e-01
270 6.998400e-01 2.676000e-03 2.974840e-01
271 6.993360e-01 2.700000e-03 2.979640e-01
272 6.989280e-01 2.652000e-03 2.984200e-01
273 6.984720e-01 2.664000e-03 2.988640e-01
274 6.980680e-01 2.612000e-03 2.993200e-01
275 6.976280e-01 2.536000e-03 2.998360e-01
276 6.972480e-01 2.508000e-03 3.002440e-01
277 6.968600e-01 2.372000e-03 3.007680e-01
278 6.965400e-01 2.264000e-03 3.011960e-01
279 6.960720e-01 2.340000e-03 3.015880e-01
280 6.956840e-01 2.376000e-03 3.019400e-01
281 6.953640e-01 2.332000e-03 3.023040e-01
282 6.949720e-01 2.352000e-03 3.026760e-01
283 6.946120e-01 2.272000e-03 3.031160e-01
284 6.942760e-01 2.212000e-03 3.035120e-01
285 6.938440e-01 2.232000e-03 3.039240e-01
286 6.934400e-01 2.232000e-03 3.043280e-01
287 6.929080e-01 2.388000e-03 3.047040e-01
288 6.925200e-01 2.384000e-03 3.050960e-01
289 6.921160e-01 2.396000e-03 3.054880e-01
290 6.917480e-01 2.376000e-03 3.058760e-01
291 6.912560e-01 2.392000e-03 3.063520e-01
292 6.908040e-01 2.408000e-03 3.067880e-01
293 6.904520e-01 2.320000e-03 3.072280e-01
294 6.899840e-01 2.388000e-03 3.076280e-01
295 6.895120e-01 2.468000e-03 3.080200e-01
296 6.890200e-01 2.472000e-03 3.085080e-01
297 6.885480e-01 2.504000e-03 3.089480e-01
298 6.880280e-01 2.468000e-03 3.095040e-01
299 6.875680e-01 2.472000e-03 3.099600e-01
300 6.871280e-01 2.492000e-03 3.103800e-01
301 6.866920e-01 2.512000e-03 3.107960e-01
302 6.862640e-01 2.500000e-03 3.112360e-01
303 6.858280e-01 2.480000e-03 3.116920e-01
304 6.854200e-01 2.456000e-03 3.121240e-01
305 6.850360e-01 2.460000e-03 3.125040e-01
306 6.847120e-01 2.372000e-03 3.129160e-01
307 6.842920e-01 2.400000e-03 3.133080e-01
308 6.839040e-01 2.348000e-03 3.137480e-01
309 6.835520e-01 2.292000e-03 3.141560e-01
310 6.831480e-01 2.404000e-03 3.144480e-01
311 6.827000e-01 2.416000e-03 3.148840e-01
312 6.823000e-01 2.424000e-03 3.152760e-01
313 6.819120e-01 2.376000e-03 3.157120e-01
314 6.814880e-01 2.376000e-03 3.161360e-01
315 6.810480e-01 2.428000e-03 3.165240e-01
316 6.806520e-01 2.404000e-03 3.169440e-01
317 6.802480e-01 2.380000e-03 3.173720e-01
318 6.798760e-01 2.352000e-03 3.177720e-01
319 6.794520e-01 2.324000e-03 3.182240e-01
320 6.790680e-01 2.244000e-03 3.186880e-01
321 6.787000e-01 2.268000e-03 3.190320e-01
322 6.783520e-01 2.236000e-03 3.194120e-01
323 6.779400e-01 2.256000e-03 3.198040e-01
324 6.775680e-01 2.204000e-03 3.202280e-01
325 6.771760e-01 2.168000e-03 3.206560e-01
326 6.767680e-01 2.192000e-03 3.210400e-01
327 6.763760e-01 2.200000e-03 3.214240e-01
328 6.759040e-01 2.300000e-03 3.217960e-01
329 6.755600e-01 2.244000e-03 3.221960e-01
330 6.751600e-01 2.248000e-03 3.225920e-01
331 6.747440e-01 2.248000e-03 3.230080e-01
332 6.744080e-01 2.204000e-03 3.233880e-01
333 6.740520e-01 2.156000e-03 3.237920e-01
334 6.736600e-01 2.128000e-03 3.242120e-01
335 6.732520e-01 2.248000e-03 3.245000e-01
336 6.728440e-01 2.288000e-03 3.248680e-01
337 6.725200e-01 2.160000e-03 3.253200e-01
338 6.721920e-01 2.144000e-03 3.256640e-01
339 6.718360e-01 2.048000e-03 3.261160e-01
340 6.714680e-01 2.000000e-03 3.265320e-01
341 6.711800e-01 1.952000e-03 3.268680e-01
342 6.708480e-01 1.996000e-03 3.271560e-01
343 6.705880e-01 1.948000e-03 3.274640e-01
344 6.701960e-01 1.992000e-03 3.278120e-01
345 6.698720e-01 1.900000e-03 3.282280e-01
346 6.695720e-01 1.876000e-03 3.285520e-01
347 6.692360e-01 1.896000e-03 3.288680e-01
348 6.689480e-01 1.836000e-03 3.292160e-01
349 6.686720e-01 1.716000e-03 3.296120e-01
350 6.683520e-01 1.676000e-03 3.299720e-01
351 6.680160e-01 1.728000e-03 3.302560e-01
352 6.677440e-01 1.724000e-03 3.305320e-01
353 6.674080e-01 1.788000e-03 3.308040e-01
354 6.670480e-01 1.860000e-03 3.310920e-01
355 6.666720e-01 1.924000e-03 3.314040e-01
356 6.662960e-01 1.988000e-03 3.317160e-01
357 6.659480e-01 1.992000e-03 3.320600e-01
358 6.655640e-01 2.064000e-03 3.323720e-01
359 6.652720e-01 2.012000e-03 3.327160e-01
360 6.649600e-01 1.948000e-03 3.330920e-01
361 6.646160e-01 1.928000e-03 3.334560e-01
362 6.642760e-01 1.988000e-03 3.337360e-01
363 6.639040e-01 1.968000e-03 3.341280e-01
364 6.636840e-01 1.820000e-03 3.344960e-01
365 6.634480e-01 1.740000e-03 3.348120e-01
366 6.632240e-01 1.668000e-03 3.351080e-01
367 6.630200e-01 1.532000e-03 3.354480e-01
368 6.627720e-01 1.484000e-03 3.357440e-01
369 6.624920e-01 1.512000e-03 3.359960e-01
370 6.622800e-01 1.400000e-03 3.363200e-01
371 6.620240e-01 1.392000e-03 3.365840e-01
372 6.617640e-01 1.392000e-03 3.368440e-01
373 6.614840e-01 1.448000e-03 3.370680e-01
374 6.612160e-01 1.516000e-03 3.372680e-01
375 6.609160e-01 1.564000e-03 3.375200e-01
376 6.606360e-01 1.576000e-03 3.377880e-01
377 6.603120e-01 1.580000e-03 3.381080e-01
378 6.600240e-01 1.572000e-03 3.384040e-01
379 6.596840e-01 1.660000e-03 3.386560e-01
380 6.593880e-01 1.624000e-03 3.389880e-01
381 6.590880e-01 1.684000e-03 3.392280e-01
382 6.588240e-01 1.628000e-03 3.395480e-01
383 6.586200e-01 1.560000e-03 3.398200e-01
384 6.583440e-01 1.556000e-03 3.401000e-01
385 6.580880e-01 1.556000e-03 3.403560e-01
386 6.578280e-01 1.572000e-03 3.406000e-01
387 6.575520e-01 1.536000e-03 3.409120e-01
388 6.573480e-01 1.480000e-03 3.411720e-01
389 6.570400e-01 1.508000e-03 3.414520e-01
390 6.567640e-01 1.548000e-03 3.416880e-01
391 6.564560e-01 1.588000e-03 3.419560e-01
392 6.562120e-01 1.500000e-03 3.422880e-01
393 6.559960e-01 1.492000e-03 3.425120e-01
394 6.557680e-01 1.436000e-03 3.427960e-01
395 6.555240e-01 1.400000e-03 3.430760e-01
396 6.553040e-01 1.372000e-03 3.433240e-01
397 6.551480e-01 1.272000e-03 3.435800e-01
398 6.549960e-01 1.180000e-03 3.438240e-01
399 6.548200e-01 1.156000e-03 3.440240e-01
400 6.546240e-01 1.144000e-03 3.442320e-01
401 6.544600e-01 1.132000e-03 3.444080e-01
402 6.542720e-01 1.132000e-03 3.445960e-01
403 6.541000e-01 1.108000e-03 3.447920e-01
404 6.538960e-01 1.104000e-03 3.450000e-01
405 6.536920e-01 1.088000e-03 3.452200e-01
406 6.535240e-01 1.044000e-03 3.454320e-01
407 6.533080e-01 1.036000e-03 3.456560e-01
408 6.530520e-01 1.128000e-03 3.458200e-01
409 6.528520e-01 1.148000e-03 3.460000e-01
410 6.525920e-01 1.236000e-03 3.461720e-01
411 6.523560e-01 1.248000e-03 3.463960e-01
412 6.521160e-01 1.268000e-03 3.466160e-01
413 6.518320e-01 1.316000e-03 3.468520e-01
414 6.516160e-01 1.320000e-03 3.470640e-01
415 6.513520e-01 1.332000e-03 3.473160e-01
416 6.511240e-01 1.320000e-03 3.475560e-01
417 6.509080e-01 1.308000e-03 3.477840e-01
418 6.507080e-01 1.348000e-03 3.479440e-01
419 6.504200e-01 1.392000e-03 3.481880e-01
420 6.501120e-01 1.452000e-03 3.484360e-01
421 6.497760e-01 1.504000e-03 3.487200e-01
422 6.495040e-01 1.496000e-03 3.490000e-01
423 6.492240e-01 1.496000e-03 3.492800e-01
424 6.489120e-01 1.524000e-03 3.495640e-01
425 6.486120e-01 1.532000e-03 3.498560e-01
426 6.483560e-01 1.568000e-03 3.500760e-01
427 6.481480e-01 1.508000e-03 3.503440e-01
428 6.479160e-01 1.428000e-03 3.506560e-01
429 6.476200e-01 1.492000e-03 3.508880e-01
430 6.473880e-01 1.464000e-03 3.511480e-01
431 6.472280e-01 1.348000e-03 3.514240e-01
432 6.470240e-01 1.316000e-03 3.516600e-01
433 6.468040e-01 1.296000e-03 3.519000e-01
434 6.465880e-01 1.288000e-03 3.521240e-01
435 6.463880e-01 1.252000e-03 3.523600e-01
436 6.461640e-01 1.272000e-03 3.525640e-01
437 6.459400e-01 1.316000e-03 3.527440e-01
438 6.456760e-01 1.380000e-03 3.529440e-01
439 6.454640e-01 1.296000e-03 3.532400e-01
440 6.452880e-01 1.276000e-03 3.534360e-01
441 6.450840e-01 1.300000e-03 3.536160e-01
442 6.448040e-01 1.412000e-03 3.537840e-01
443 6.446160e-01 1.344000e-03 3.540400e-01
444 6.444480e-01 1.256000e-03 3.542960e-01
445 6.442120e-01 1.288000e-03 3.545000e-01
446 6.440400e-01 1.284000e-03 3.546760e-01
447 6.438360e-01 1.264000e-03 3.549000e-01
448 6.436680e-01 1.172000e-03 3.551600e-01
449 6.434760e-01 1.152000e-03 3.553720e-01
450 6.432480e-01 1.180000e-03 3.555720e-01
451 6.430680e-01 1.124000e-03 3.558080e-01
452 6.429000e-01 1.048000e-03 3.560520e-01
453 6.427440e-01 1.036000e-03 3.562200e-01
454 6.426080e-01 1.008000e-03 3.563840e-01
455 6.424560e-01 1.000000e-03 3.565440e-01
456 6.423360e-01 9.360000e-04 3.567280e-01
457 6.422040e-01 8.840000e-04 3.569120e-01
458 6.420760e-01 8.520000e-04 3.570720e-01
459 6.419000e-01 8.600000e-04 3.572400e-01
460 6.417880e-01 8.000000e-04 3.574120e-01
461 6.416880e-01 7.560000e-04 3.575560e-01
462 6.415480e-01 7.680000e-04 3.576840e-01
463 6.413800e-01 8.120000e-04 3.578080e-01
464 6.412400e-01 7.960000e-04 3.579640e-01
465 6.411160e-01 8.120000e-04 3.580720e-01
466 6.410000e-01 7.800000e-04 3.582200e-01
467 6.408160e-01 8.240000e-04 3.583600e-01
468 6.406800e-01 8.400000e-04 3.584800e-01
469 6.405520e-01 8.240000e-04 3.586240e-01
470 6.404240e-01 8.120000e-04 3.587640e-01
471 6.403080e-01 7.720000e-04 3.589200e-01
472 6.401840e-01 7.880000e-04 3.590280e-01
473 6.400440e-01 7.840000e-04 3.591720e-01
474 6.399480e-01 7.400000e-04 3.593120e-01
475 6.398800e-01 6.480000e-04 3.594720e-01
476 6.398080e-01 5.960000e-04 3.595960e-01
477 6.397320e-01 5.560000e-04 3.597120e-01
478 6.396760e-01 5.280000e-04 3.597960e-01
479 6.395760e-01 5.160000e-04 3.599080e-01
480 6.395040e-01 4.800000e-04 3.600160e-01
481 6.393880e-01 5.400000e-04 3.600720e-01
482 6.393080e-01 5.080000e-04 3.601840e-01
483 6.392040e-01 5.240000e-04 3.602720e-01
484 6.390760e-01 5.920000e-04 3.603320e-01
485 6.389800e-01 6.000000e-04 3.604200e-01
486 6.388800e-01 6.080000e-04 3.605120e-01
487 6.388160e-01 5.720000e-04 3.606120e-01
488 6.387320e-01 5.600000e-04 3.607080e-01
489 6.386560e-01 5.600000e-04 3.607840e-01
490 6.385320e-01 5.800000e-04 3.608880e-01
491 6.383960e-01 6.520000e-04 3.609520e-01
492 6.383000e-01 6.120000e-04 3.610880e-01
493 6.382400e-01 5.200000e-04 3.612400e-01
494 6.381360e-01 5.600000e-04 3.613040e-01
495 6.380120e-01 6.120000e-04 3.613760e-01
496 6.379200e-01 5.960000e-04 3.614840e-01
497 6.378120e-01 6.000000e-04 3.615880e-01
498 6.376760e-01 6.280000e-04 3.616960e-01
499 6.375680e-01 6.320000e-04 3.618000e-01
500 6.374240e-01 6.480000e-04 3.619280e-01
