1 9.991920e-01 7.040000e-04 1.040000e-04
2 9.987360e-01 1.024000e-03 2.400000e-04
3 9.980520e-01 1.484000e-03 4.640000e-04
4 9.971480e-01 2.100000e-03 7.520000e-04
5 9.963640e-01 2.424000e-03 1.212000e-03
6 9.954400e-01 2.860000e-03 1.700000e-03
7 9.944520e-01 3.256000e-03 2.292000e-03
8 9.935040e-01 3.604000e-03 2.892000e-03
9 9.925360e-01 3.860000e-03 3.604000e-03
10 9.915440e-01 4.184000e-03 4.272000e-03
11 9.904920e-01 4.452000e-03 5.056000e-03
12 9.893800e-01 4.772000e-03 5.848000e-03
13 9.881200e-01 5.224000e-03 6.656000e-03
14 9.868440e-01 5.580000e-03 7.576000e-03
15 9.855480e-01 5.832000e-03 8.620000e-03
16 9.841640e-01 6.108000e-03 9.728000e-03
17 9.826920e-01 6.516000e-03 1.079200e-02
18 9.812560e-01 6.732000e-03 1.201200e-02
19 9.798360e-01 6.972000e-03 1.319200e-02
20 9.782240e-01 7.288000e-03 1.448800e-02
21 9.765760e-01 7.648000e-03 1.577600e-02
22 9.750840e-01 7.692000e-03 1.722400e-02
23 9.735640e-01 7.920000e-03 1.851600e-02
24 9.720720e-01 8.040000e-03 1.988800e-02
25 9.702120e-01 8.368000e-03 2.142000e-02
26 9.685360e-01 8.480000e-03 2.298400e-02
27 9.668520e-01 8.704000e-03 2.444400e-02
28 9.651160e-01 8.956000e-03 2.592800e-02
29 9.632720e-01 9.212000e-03 2.751600e-02
30 9.615480e-01 9.260000e-03 2.919200e-02
31 9.596120e-01 9.484000e-03 3.090400e-02
32 9.577440e-01 9.596000e-03 3.266000e-02
33 9.559280e-01 9.716000e-03 3.435600e-02
34 9.541680e-01 9.868000e-03 3.596400e-02
35 9.522000e-01 1.012000e-02 3.768000e-02
36 9.502840e-01 1.018400e-02 3.953200e-02
37 9.482920e-01 1.040000e-02 4.130800e-02
38 9.463480e-01 1.061200e-02 4.304000e-02
39 9.443960e-01 1.074000e-02 4.486400e-02
40 9.424960e-01 1.097600e-02 4.652800e-02
41 9.405360e-01 1.091600e-02 4.854800e-02
42 9.386120e-01 1.103200e-02 5.035600e-02
43 9.367240e-01 1.090800e-02 5.236800e-02
44 9.347640e-01 1.081600e-02 5.442000e-02
45 9.327600e-01 1.080000e-02 5.644000e-02
46 9.305320e-01 1.110400e-02 5.836400e-02
47 9.285000e-01 1.124000e-02 6.026000e-02
48 9.264920e-01 1.118800e-02 6.232000e-02
49 9.243920e-01 1.129200e-02 6.431600e-02
50 9.223160e-01 1.141200e-02 6.627200e-02
51 9.202880e-01 1.151600e-02 6.819600e-02
52 9.181720e-01 1.144800e-02 7.038000e-02
53 9.161360e-01 1.134400e-02 7.252000e-02
54 9.139800e-01 1.157200e-02 7.444800e-02
55 9.119720e-01 1.162400e-02 7.640400e-02
56 9.096760e-01 1.212800e-02 7.819600e-02
57 9.074600e-01 1.206400e-02 8.047600e-02
58 9.052400e-01 1.235200e-02 8.240800e-02
59 9.031040e-01 1.241600e-02 8.448000e-02
60 9.010160e-01 1.225200e-02 8.673200e-02
61 8.990400e-01 1.200800e-02 8.895200e-02
62 8.968600e-01 1.197200e-02 9.116800e-02
63 8.947880e-01 1.198400e-02 9.322800e-02
64 8.926760e-01 1.196400e-02 9.536000e-02
65 8.906240e-01 1.187200e-02 9.750400e-02
66 8.886480e-01 1.180000e-02 9.955200e-02
67 8.866120e-01 1.165600e-02 1.017320e-01
68 8.846240e-01 1.168400e-02 1.036920e-01
69 8.827040e-01 1.148800e-02 1.058080e-01
70 8.806360e-01 1.133200e-02 1.080320e-01
71 8.786760e-01 1.139200e-02 1.099320e-01
72 8.766880e-01 1.127200e-02 1.120400e-01
73 8.746120e-01 1.133600e-02 1.140520e-01
74 8.727120e-01 1.119200e-02 1.160960e-01
75 8.709280e-01 1.097600e-02 1.180960e-01
76 8.689520e-01 1.112000e-02 1.199280e-01
77 8.670040e-01 1.093200e-02 1.220640e-01
78 8.652800e-01 1.076400e-02 1.239560e-01
79 8.633440e-01 1.091200e-02 1.257440e-01
80 8.614080e-01 1.085200e-02 1.277400e-01
81 8.594560e-01 1.086800e-02 1.296760e-01
82 8.574640e-01 1.110000e-02 1.314360e-01
83 8.555840e-01 1.102000e-02 1.333960e-01
84 8.538520e-01 1.089600e-02 1.352520e-01
85 8.520840e-01 1.095200e-02 1.369640e-01
86 8.503520e-01 1.086400e-02 1.387840e-01
87 8.487080e-01 1.062000e-02 1.406720e-01
88 8.470000e-01 1.040000e-02 1.426000e-01
89 8.451760e-01 1.032800e-02 1.444960e-01
90 8.435280e-01 1.018000e-02 1.462920e-01
91 8.417800e-01 1.017200e-02 1.480480e-01
92 8.401960e-01 9.836000e-03 1.499680e-01
93 8.386840e-01 9.684000e-03 1.516320e-01
94 8.372280e-01 9.508000e-03 1.532640e-01
95 8.358440e-01 9.204000e-03 1.549520e-01
96 8.344280e-01 8.940000e-03 1.566320e-01
97 8.328520e-01 9.060000e-03 1.580880e-01
98 8.314440e-01 8.896000e-03 1.596600e-01
99 8.299000e-01 8.752000e-03 1.613480e-01
100 8.284360e-01 8.840000e-03 1.627240e-01
101 8.267840e-01 9.056000e-03 1.641600e-01
102 8.252560e-01 9.000000e-03 1.657440e-01
103 8.236600e-01 9.008000e-03 1.673320e-01
104 8.221680e-01 8.912000e-03 1.689200e-01
105 8.205800e-01 9.104000e-03 1.703160e-01
106 8.191080e-01 8.904000e-03 1.719880e-01
107 8.174760e-01 9.096000e-03 1.734280e-01
108 8.160400e-01 9.060000e-03 1.749000e-01
109 8.145680e-01 8.908000e-03 1.765240e-01
110 8.130720e-01 8.908000e-03 1.780200e-01
111 8.116120e-01 8.620000e-03 1.797680e-01
112 8.102080e-01 8.484000e-03 1.813080e-01
113 8.088520e-01 8.384000e-03 1.827640e-01
114 8.074440e-01 8.320000e-03 1.842360e-01
115 8.060200e-01 8.244000e-03 1.857360e-01
116 8.045640e-01 8.148000e-03 1.872880e-01
117 8.032000e-01 8.080000e-03 1.887200e-01
118 8.020160e-01 7.880000e-03 1.901040e-01
119 8.007560e-01 7.788000e-03 1.914560e-01
120 7.994400e-01 7.804000e-03 1.927560e-01
121 7.981240e-01 7.800000e-03 1.940760e-01
122 7.967240e-01 7.884000e-03 1.953920e-01
123 7.954240e-01 7.796000e-03 1.967800e-01
124 7.942320e-01 7.592000e-03 1.981760e-01
125 7.929840e-01 7.528000e-03 1.994880e-01
126 7.916680e-01 7.384000e-03 2.009480e-01
127 7.905480e-01 7.160000e-03 2.022920e-01
128 7.894680e-01 6.920000e-03 2.036120e-01
129 7.883000e-01 6.820000e-03 2.048800e-01
130 7.872280e-01 6.668000e-03 2.061040e-01
131 7.859160e-01 6.764000e-03 2.073200e-01
132 7.847800e-01 6.744000e-03 2.084760e-01
133 7.836240e-01 6.720000e-03 2.096560e-01
134 7.824800e-01 6.656000e-03 2.108640e-01
135 7.814200e-01 6.596000e-03 2.119840e-01
136 7.803280e-01 6.588000e-03 2.130840e-01
137 7.792440e-01 6.496000e-03 2.142600e-01
138 7.781800e-01 6.412000e-03 2.154080e-01
139 7.769760e-01 6.564000e-03 2.164600e-01
140 7.758720e-01 6.500000e-03 2.176280e-01
141 7.746960e-01 6.608000e-03 2.186960e-01
142 7.734760e-01 6.728000e-03 2.197960e-01
143 7.722800e-01 6.752000e-03 2.209680e-01
144 7.711120e-01 6.872000e-03 2.220160e-01
145 7.697080e-01 7.084000e-03 2.232080e-01
146 7.684680e-01 7.092000e-03 2.244400e-01
147 7.672560e-01 7.160000e-03 2.255840e-01
148 7.660080e-01 7.120000e-03 2.268720e-01
149 7.648320e-01 6.952000e-03 2.282160e-01
150 7.637520e-01 6.684000e-03 2.295640e-01
151 7.627760e-01 6.532000e-03 2.306920e-01
152 7.617240e-01 6.456000e-03 2.318200e-01
153 7.607720e-01 6.272000e-03 2.329560e-01
154 7.597320e-01 6.216000e-03 2.340520e-01
155 7.586000e-01 6.292000e-03 2.351080e-01
156 7.575920e-01 6.156000e-03 2.362520e-01
157 7.566000e-01 6.088000e-03 2.373120e-01
158 7.555480e-01 6.116000e-03 2.383360e-01
159 7.545680e-01 6.104000e-03 2.393280e-01
160 7.534280e-01 6.108000e-03 2.404640e-01
161 7.523640e-01 6.108000e-03 2.415280e-01
162 7.512520e-01 6.172000e-03 2.425760e-01
163 7.500400e-01 6.240000e-03 2.437200e-01
164 7.486720e-01 6.504000e-03 2.448240e-01
165 7.474080e-01 6.688000e-03 2.459040e-01
166 7.461680e-01 6.848000e-03 2.469840e-01
167 7.448040e-01 7.004000e-03 2.481920e-01
168 7.434760e-01 7.064000e-03 2.494600e-01
169 7.422200e-01 7.088000e-03 2.506920e-01
170 7.410000e-01 7.092000e-03 2.519080e-01
171 7.398640e-01 7.016000e-03 2.531200e-01
172 7.386080e-01 7.040000e-03 2.543520e-01
173 7.373640e-01 7.000000e-03 2.556360e-01
174 7.361520e-01 7.024000e-03 2.568240e-01
175 7.349160e-01 7.012000e-03 2.580720e-01
176 7.338040e-01 6.872000e-03 2.593240e-01
177 7.327560e-01 6.820000e-03 2.604240e-01
178 7.317000e-01 6.832000e-03 2.614680e-01
179 7.306600e-01 6.680000e-03 2.626600e-01
180 7.296480e-01 6.596000e-03 2.637560e-01
181 7.285680e-01 6.416000e-03 2.650160e-01
182 7.275240e-01 6.328000e-03 2.661480e-01
183 7.265680e-01 6.112000e-03 2.673200e-01
184 7.255240e-01 6.076000e-03 2.684000e-01
185 7.246520e-01 5.924000e-03 2.694240e-01
186 7.237960e-01 5.788000e-03 2.704160e-01
187 7.228440e-01 5.804000e-03 2.713520e-01
188 7.218960e-01 5.744000e-03 2.723600e-01
189 7.210040e-01 5.588000e-03 2.734080e-01
190 7.201360e-01 5.540000e-03 2.743240e-01
191 7.193480e-01 5.368000e-03 2.752840e-01
192 7.185840e-01 5.196000e-03 2.762200e-01
193 7.177680e-01 5.112000e-03 2.771200e-01
194 7.169160e-01 5.048000e-03 2.780360e-01
195 7.161520e-01 4.956000e-03 2.788920e-01
196 7.152680e-01 4.920000e-03 2.798120e-01
197 7.143760e-01 4.944000e-03 2.806800e-01
198 7.136000e-01 4.872000e-03 2.815280e-01
199 7.128080e-01 4.832000e-03 2.823600e-01
200 7.119880e-01 4.880000e-03 2.831320e-01
201 7.111600e-01 4.912000e-03 2.839280e-01
202 7.103320e-01 4.912000e-03 2.847560e-01
203 7.095680e-01 4.788000e-03 2.856440e-01
204 7.088400e-01 4.832000e-03 2.863280e-01
205 7.081280e-01 4.824000e-03 2.870480e-01
206 7.073960e-01 4.716000e-03 2.878880e-01
207 7.066400e-01 4.688000e-03 2.886720e-01
208 7.059440e-01 4.540000e-03 2.895160e-01
209 7.051480e-01 4.604000e-03 2.902480e-01
210 7.044000e-01 4.628000e-03 2.909720e-01
211 7.036280e-01 4.548000e-03 2.918240e-01
212 7.028400e-01 4.524000e-03 2.926360e-01
213 7.020600e-01 4.504000e-03 2.934360e-01
214 7.011720e-01 4.704000e-03 2.941240e-01
215 7.003280e-01 4.716000e-03 2.949560e-01
216 6.995520e-01 4.636000e-03 2.958120e-01
217 6.987200e-01 4.636000e-03 2.966440e-01
218 6.979160e-01 4.616000e-03 2.974680e-01
219 6.971800e-01 4.644000e-03 2.981760e-01
220 6.963640e-01 4.608000e-03 2.990280e-01
221 6.956080e-01 4.580000e-03 2.998120e-01
222 6.949000e-01 4.520000e-03 3.005800e-01
223 6.941560e-01 4.436000e-03 3.014080e-01
224 6.935240e-01 4.224000e-03 3.022520e-01
225 6.928040e-01 4.240000e-03 3.029560e-01
226 6.921560e-01 4.120000e-03 3.037240e-01
227 6.915760e-01 3.988000e-03 3.044360e-01
228 6.909200e-01 3.908000e-03 3.051720e-01
229 6.902120e-01 3.932000e-03 3.058560e-01
230 6.894640e-01 3.984000e-03 3.065520e-01
231 6.887760e-01 4.052000e-03 3.071720e-01
232 6.881480e-01 3.960000e-03 3.078920e-01
233 6.876400e-01 3.748000e-03 3.086120e-01
234 6.870200e-01 3.732000e-03 3.092480e-01
235 6.864400e-01 3.604000e-03 3.099560e-01
236 6.859120e-01 3.500000e-03 3.105880e-01
237 6.853800e-01 3.388000e-03 3.112320e-01
238 6.847080e-01 3.512000e-03 3.117800e-01
239 6.840880e-01 3.540000e-03 3.123720e-01
240 6.835000e-01 3.516000e-03 3.129840e-01
241 6.829240e-01 3.432000e-03 3.136440e-01
242 6.824160e-01 3.356000e-03 3.142280e-01
243 6.818560e-01 3.340000e-03 3.148040e-01
244 6.812880e-01 3.288000e-03 3.154240e-01
245 6.808360e-01 3.116000e-03 3.160480e-01
246 6.803560e-01 2.944000e-03 3.167000e-01
247 6.798880e-01 2.908000e-03 3.172040e-01
248 6.794120e-01 2.920000e-03 3.176680e-01
249 6.788680e-01 2.960000e-03 3.181720e-01
250 6.784160e-01 2.844000e-03 3.187400e-01
251 6.779840e-01 2.772000e-03 3.192440e-01
252 6.774520e-01 2.780000e-03 3.197680e-01
253 6.769840e-01 2.692000e-03 3.203240e-01
254 6.765120e-01 2.668000e-03 3.208200e-01
255 6.760560e-01 2.676000e-03 3.212680e-01
256 6.756440e-01 2.624000e-03 3.217320e-01
257 6.752200e-01 2.564000e-03 3.222160e-01
258 6.746840e-01 2.592000e-03 3.227240e-01
259 6.743120e-01 2.516000e-03 3.231720e-01
260 6.738000e-01 2.588000e-03 3.236120e-01
261 6.733440e-01 2.604000e-03 3.240520e-01
262 6.729680e-01 2.564000e-03 3.244680e-01
263 6.725320e-01 2.576000e-03 3.248920e-01
264 6.721120e-01 2.568000e-03 3.253200e-01
265 6.716280e-01 2.572000e-03 3.258000e-01
266 6.711720e-01 2.604000e-03 3.262240e-01
267 6.706200e-01 2.820000e-03 3.265600e-01
268 6.700760e-01 2.844000e-03 3.270800e-01
269 6.695800e-01 2.784000e-03 3.276360e-01
270 6.689600e-01 2.984000e-03 3.280560e-01
271 6.684520e-01 2.912000e-03 3.286360e-01
272 6.679760e-01 2.900000e-03 3.291240e-01
273 6.674920e-01 2.908000e-03 3.296000e-01
274 6.668400e-01 3.008000e-03 3.301520e-01
275 6.662920e-01 3.084000e-03 3.306240e-01
276 6.657360e-01 3.076000e-03 3.311880e-01
277 6.652320e-01 3.092000e-03 3.316760e-01
278 6.647960e-01 3.124000e-03 3.320800e-01
279 6.643400e-01 3.012000e-03 3.326480e-01
280 6.639160e-01 2.948000e-03 3.331360e-01
281 6.634560e-01 2.908000e-03 3.336360e-01
282 6.629720e-01 2.844000e-03 3.341840e-01
283 6.624560e-01 2.892000e-03 3.346520e-01
284 6.620600e-01 2.808000e-03 3.351320e-01
285 6.615640e-01 2.812000e-03 3.356240e-01
286 6.611680e-01 2.724000e-03 3.361080e-01
287 6.607360e-01 2.668000e-03 3.365960e-01
288 6.603240e-01 2.580000e-03 3.370960e-01
289 6.599440e-01 2.424000e-03 3.376320e-01
290 6.595520e-01 2.376000e-03 3.380720e-01
291 6.591320e-01 2.388000e-03 3.384800e-01
292 6.588400e-01 2.260000e-03 3.389000e-01
293 6.585320e-01 2.156000e-03 3.393120e-01
294 6.582240e-01 2.120000e-03 3.396560e-01
295 6.578600e-01 2.104000e-03 3.400360e-01
296 6.574600e-01 2.164000e-03 3.403760e-01
297 6.570000e-01 2.256000e-03 3.407440e-01
298 6.565600e-01 2.320000e-03 3.411200e-01
299 6.561440e-01 2.248000e-03 3.416080e-01
300 6.557400e-01 2.272000e-03 3.419880e-01
301 6.553160e-01 2.304000e-03 3.423800e-01
302 6.548960e-01 2.396000e-03 3.427080e-01
303 6.545160e-01 2.308000e-03 3.431760e-01
304 6.541360e-01 2.276000e-03 3.435880e-01
305 6.537560e-01 2.252000e-03 3.439920e-01
306 6.533720e-01 2.192000e-03 3.444360e-01
307 6.529800e-01 2.204000e-03 3.448160e-01
308 6.526360e-01 2.164000e-03 3.452000e-01
309 6.522480e-01 2.108000e-03 3.456440e-01
310 6.519040e-01 2.072000e-03 3.460240e-01
311 6.516080e-01 2.068000e-03 3.463240e-01
312 6.512560e-01 2.064000e-03 3.466800e-01
313 6.509840e-01 1.996000e-03 3.470200e-01
314 6.507560e-01 1.840000e-03 3.474040e-01
315 6.504880e-01 1.784000e-03 3.477280e-01
316 6.502240e-01 1.724000e-03 3.480520e-01
317 6.499120e-01 1.724000e-03 3.483640e-01
318 6.496120e-01 1.760000e-03 3.486280e-01
319 6.493120e-01 1.808000e-03 3.488800e-01
320 6.490040e-01 1.792000e-03 3.492040e-01
321 6.487120e-01 1.788000e-03 3.495000e-01
322 6.484240e-01 1.768000e-03 3.498080e-01
323 6.481360e-01 1.748000e-03 3.501160e-01
324 6.478320e-01 1.712000e-03 3.504560e-01
325 6.475440e-01 1.696000e-03 3.507600e-01
326 6.473040e-01 1.656000e-03 3.510400e-01
327 6.469840e-01 1.672000e-03 3.513440e-01
328 6.467640e-01 1.600000e-03 3.516360e-01
329 6.465440e-01 1.552000e-03 3.519040e-01
330 6.463120e-01 1.568000e-03 3.521200e-01
331 6.460400e-01 1.560000e-03 3.524000e-01
332 6.457360e-01 1.536000e-03 3.527280e-01
333 6.454600e-01 1.608000e-03 3.529320e-01
334 6.451960e-01 1.584000e-03 3.532200e-01
335 6.448840e-01 1.600000e-03 3.535160e-01
336 6.445840e-01 1.632000e-03 3.537840e-01
337 6.443400e-01 1.640000e-03 3.540200e-01
338 6.440080e-01 1.640000e-03 3.543520e-01
339 6.437120e-01 1.708000e-03 3.545800e-01
340 6.434320e-01 1.672000e-03 3.548960e-01
341 6.431760e-01 1.636000e-03 3.551880e-01
342 6.429240e-01 1.620000e-03 3.554560e-01
343 6.426320e-01 1.648000e-03 3.557200e-01
344 6.423960e-01 1.632000e-03 3.559720e-01
345 6.421480e-01 1.600000e-03 3.562520e-01
346 6.419040e-01 1.584000e-03 3.565120e-01
347 6.416760e-01 1.516000e-03 3.568080e-01
348 6.415120e-01 1.408000e-03 3.570800e-01
349 6.412840e-01 1.452000e-03 3.572640e-01
350 6.410440e-01 1.404000e-03 3.575520e-01
351 6.407760e-01 1.416000e-03 3.578080e-01
352 6.405600e-01 1.404000e-03 3.580360e-01
353 6.403560e-01 1.352000e-03 3.582920e-01
354 6.401600e-01 1.324000e-03 3.585160e-01
355 6.399520e-01 1.316000e-03 3.587320e-01
356 6.397920e-01 1.140000e-03 3.590680e-01
357 6.396280e-01 1.120000e-03 3.592520e-01
358 6.394640e-01 1.120000e-03 3.594160e-01
359 6.392880e-01 1.108000e-03 3.596040e-01
360 6.391480e-01 1.112000e-03 3.597400e-01
361 6.389480e-01 1.136000e-03 3.599160e-01
362 6.387200e-01 1.152000e-03 3.601280e-01
363 6.384800e-01 1.168000e-03 3.603520e-01
364 6.382200e-01 1.208000e-03 3.605720e-01
365 6.379720e-01 1.220000e-03 3.608080e-01
366 6.377920e-01 1.224000e-03 3.609840e-01
367 6.375640e-01 1.264000e-03 3.611720e-01
368 6.372840e-01 1.300000e-03 3.614160e-01
369 6.370440e-01 1.292000e-03 3.616640e-01
370 6.368920e-01 1.212000e-03 3.618960e-01
371 6.366880e-01 1.204000e-03 3.621080e-01
372 6.364840e-01 1.204000e-03 3.623120e-01
373 6.363160e-01 1.156000e-03 3.625280e-01
374 6.361520e-01 1.092000e-03 3.627560e-01
375 6.359400e-01 1.108000e-03 3.629520e-01
376 6.357520e-01 1.104000e-03 3.631440e-01
377 6.355960e-01 1.028000e-03 3.633760e-01
378 6.355120e-01 9.680000e-04 3.635200e-01
379 6.354200e-01 9.160000e-04 3.636640e-01
380 6.352000e-01 9.480000e-04 3.638520e-01
381 6.350520e-01 9.160000e-04 3.640320e-01
382 6.349120e-01 9.120000e-04 3.641760e-01
383 6.347600e-01 9.520000e-04 3.642880e-01
384 6.345880e-01 9.680000e-04 3.644440e-01
385 6.343960e-01 9.600000e-04 3.646440e-01
386 6.342120e-01 9.440000e-04 3.648440e-01
387 6.340480e-01 9.360000e-04 3.650160e-01
388 6.338680e-01 9.320000e-04 3.652000e-01
389 6.337160e-01 9.360000e-04 3.653480e-01
390 6.335600e-01 9.120000e-04 3.655280e-01
391 6.333640e-01 9.720000e-04 3.656640e-01
392 6.332000e-01 9.560000e-04 3.658440e-01
393 6.330360e-01 9.680000e-04 3.659960e-01
394 6.328760e-01 9.400000e-04 3.661840e-01
395 6.327320e-01 9.520000e-04 3.663160e-01
396 6.325600e-01 9.560000e-04 3.664840e-01
397 6.323440e-01 9.960000e-04 3.666600e-01
398 6.321720e-01 1.048000e-03 3.667800e-01
399 6.319600e-01 1.052000e-03 3.669880e-01
400 6.318400e-01 1.004000e-03 3.671560e-01
401 6.316680e-01 9.920000e-04 3.673400e-01
402 6.314800e-01 1.012000e-03 3.675080e-01
403 6.313320e-01 9.560000e-04 3.677120e-01
404 6.311600e-01 9.680000e-04 3.678720e-01
405 6.310120e-01 1.008000e-03 3.679800e-01
406 6.308840e-01 9.640000e-04 3.681520e-01
407 6.307680e-01 9.320000e-04 3.683000e-01
408 6.306200e-01 9.400000e-04 3.684400e-01
409 6.304800e-01 9.400000e-04 3.685800e-01
410 6.303360e-01 9.160000e-04 3.687480e-01
411 6.301880e-01 8.880000e-04 3.689240e-01
412 6.300240e-01 9.200000e-04 3.690560e-01
413 6.298520e-01 9.560000e-04 3.691920e-01
414 6.297080e-01 9.240000e-04 3.693680e-01
415 6.295560e-01 9.720000e-04 3.694720e-01
416 6.294440e-01 9.200000e-04 3.696360e-01
417 6.292880e-01 9.560000e-04 3.697560e-01
418 6.291520e-01 9.000000e-04 3.699480e-01
419 6.289680e-01 8.960000e-04 3.701360e-01
420 6.288560e-01 8.200000e-04 3.703240e-01
421 6.287720e-01 7.320000e-04 3.704960e-01
422 6.286760e-01 6.720000e-04 3.706520e-01
423 6.285720e-01 6.720000e-04 3.707560e-01
424 6.285200e-01 5.960000e-04 3.708840e-01
425 6.284120e-01 5.800000e-04 3.710080e-01
426 6.283200e-01 5.680000e-04 3.711120e-01
427 6.282120e-01 5.920000e-04 3.711960e-01
428 6.281160e-01 5.880000e-04 3.712960e-01
429 6.280240e-01 5.960000e-04 3.713800e-01
430 6.279160e-01 6.120000e-04 3.714720e-01
431 6.277960e-01 6.440000e-04 3.715600e-01
432 6.277040e-01 6.040000e-04 3.716920e-01
433 6.275840e-01 6.040000e-04 3.718120e-01
434 6.274720e-01 6.000000e-04 3.719280e-01
435 6.273640e-01 6.000000e-04 3.720360e-01
436 6.272760e-01 6.120000e-04 3.721120e-01
437 6.271640e-01 6.240000e-04 3.722120e-01
438 6.271040e-01 5.600000e-04 3.723360e-01
439 6.269880e-01 5.880000e-04 3.724240e-01
440 6.269280e-01 5.560000e-04 3.725160e-01
441 6.267880e-01 5.920000e-04 3.726200e-01
442 6.267040e-01 5.560000e-04 3.727400e-01
443 6.266720e-01 5.120000e-04 3.728160e-01
444 6.266160e-01 4.880000e-04 3.728960e-01
445 6.265720e-01 4.440000e-04 3.729840e-01
446 6.265240e-01 4.240000e-04 3.730520e-01
447 6.264720e-01 4.120000e-04 3.731160e-01
448 6.264160e-01 3.760000e-04 3.732080e-01
449 6.263840e-01 3.200000e-04 3.732960e-01
450 6.262920e-01 3.520000e-04 3.733560e-01
451 6.262600e-01 3.360000e-04 3.734040e-01
452 6.262240e-01 3.200000e-04 3.734560e-01
453 6.261840e-01 3.280000e-04 3.734880e-01
454 6.261200e-01 3.120000e-04 3.735680e-01
455 6.260880e-01 2.760000e-04 3.736360e-01
456 6.260520e-01 2.640000e-04 3.736840e-01
457 6.260280e-01 2.360000e-04 3.737360e-01
458 6.260080e-01 2.320000e-04 3.737600e-01
459 6.259480e-01 2.560000e-04 3.737960e-01
460 6.259280e-01 2.400000e-04 3.738320e-01
461 6.258800e-01 2.560000e-04 3.738640e-01
462 6.258360e-01 2.480000e-04 3.739160e-01
463 6.257880e-01 2.560000e-04 3.739560e-01
464 6.257040e-01 3.040000e-04 3.739920e-01
465 6.256320e-01 3.000000e-04 3.740680e-01
466 6.255520e-01 3.160000e-04 3.741320e-01
467 6.255000e-01 3.240000e-04 3.741760e-01
468 6.253800e-01 3.880000e-04 3.742320e-01
469 6.253200e-01 3.600000e-04 3.743200e-01
470 6.252720e-01 3.360000e-04 3.743920e-01
471 6.252160e-01 3.320000e-04 3.744520e-01
472 6.251680e-01 3.240000e-04 3.745080e-01
473 6.251200e-01 3.320000e-04 3.745480e-01
474 6.250560e-01 3.520000e-04 3.745920e-01
475 6.249920e-01 3.880000e-04 3.746200e-01
476 6.249400e-01 3.880000e-04 3.746720e-01
477 6.248960e-01 3.760000e-04 3.747280e-01
478 6.248600e-01 3.480000e-04 3.747920e-01
479 6.248080e-01 3.320000e-04 3.748600e-01
480 6.247840e-01 3.000000e-04 3.749160e-01
481 6.247440e-01 2.840000e-04 3.749720e-01
482 6.246760e-01 2.920000e-04 3.750320e-01
483 6.246560e-01 2.760000e-04 3.750680e-01
484 6.246360e-01 2.280000e-04 3.751360e-01
485 6.246040e-01 2.200000e-04 3.751760e-01
486 6.245560e-01 1.920000e-04 3.752520e-01
487 6.245200e-01 2.080000e-04 3.752720e-01
488 6.244720e-01 2.200000e-04 3.753080e-01
489 6.244360e-01 2.160000e-04 3.753480e-01
490 6.244040e-01 2.120000e-04 3.753840e-01
491 6.243720e-01 2.160000e-04 3.754120e-01
492 6.243360e-01 2.200000e-04 3.754440e-01
493 6.242960e-01 2.120000e-04 3.754920e-01
494 6.242840e-01 1.680000e-04 3.755480e-01
495 6.242720e-01 1.520000e-04 3.755760e-01
496 6.242600e-01 1.440000e-04 3.755960e-01
497 6.242520e-01 1.240000e-04 3.756240e-01
498 6.242400e-01 1.160000e-04 3.756440e-01
499 6.242320e-01 9.200000e-05 3.756760e-01
500 6.242320e-01 7.600000e-05 3.756920e-01
