1 9.991720e-01 7.320000e-04 9.600000e-05
2 9.987480e-01 1.020000e-03 2.320000e-04
3 9.981560e-01 1.396000e-03 4.480000e-04
4 9.973600e-01 1.888000e-03 7.520000e-04
5 9.967040e-01 2.224000e-03 1.072000e-03
6 9.958680e-01 2.628000e-03 1.504000e-03
7 9.950720e-01 2.948000e-03 1.980000e-03
8 9.942240e-01 3.224000e-03 2.552000e-03
9 9.932680e-01 3.652000e-03 3.080000e-03
10 9.921240e-01 4.160000e-03 3.716000e-03
11 9.911160e-01 4.412000e-03 4.472000e-03
12 9.899880e-01 4.836000e-03 5.176000e-03
13 9.888920e-01 5.072000e-03 6.036000e-03
14 9.877520e-01 5.396000e-03 6.852000e-03
15 9.864920e-01 5.692000e-03 7.816000e-03
16 9.852560e-01 5.896000e-03 8.848000e-03
17 9.840520e-01 6.064000e-03 9.884000e-03
18 9.827960e-01 6.200000e-03 1.100400e-02
19 9.816240e-01 6.336000e-03 1.204000e-02
20 9.803000e-01 6.580000e-03 1.312000e-02
21 9.789720e-01 6.800000e-03 1.422800e-02
22 9.776440e-01 6.960000e-03 1.539600e-02
23 9.761280e-01 7.264000e-03 1.660800e-02
24 9.745840e-01 7.416000e-03 1.800000e-02
25 9.730360e-01 7.684000e-03 1.928000e-02
26 9.715480e-01 7.832000e-03 2.062000e-02
27 9.701720e-01 7.832000e-03 2.199600e-02
28 9.687400e-01 7.884000e-03 2.337600e-02
29 9.674760e-01 7.732000e-03 2.479200e-02
30 9.661840e-01 7.664000e-03 2.615200e-02
31 9.647960e-01 7.764000e-03 2.744000e-02
32 9.633760e-01 7.756000e-03 2.886800e-02
33 9.618720e-01 7.984000e-03 3.014400e-02
34 9.603680e-01 8.172000e-03 3.146000e-02
35 9.588600e-01 8.200000e-03 3.294000e-02
36 9.572960e-01 8.192000e-03 3.451200e-02
37 9.558160e-01 8.232000e-03 3.595200e-02
38 9.543800e-01 8.220000e-03 3.740000e-02
39 9.529520e-01 8.208000e-03 3.884000e-02
40 9.515360e-01 8.224000e-03 4.024000e-02
41 9.501520e-01 8.140000e-03 4.170800e-02
42 9.487000e-01 8.160000e-03 4.314000e-02
43 9.473080e-01 8.184000e-03 4.450800e-02
44 9.459840e-01 8.132000e-03 4.588400e-02
45 9.445000e-01 8.112000e-03 4.738800e-02
46 9.430480e-01 8.168000e-03 4.878400e-02
47 9.415760e-01 8.260000e-03 5.016400e-02
48 9.400840e-01 8.308000e-03 5.160800e-02
49 9.385360e-01 8.296000e-03 5.316800e-02
50 9.371080e-01 8.276000e-03 5.461600e-02
51 9.356320e-01 8.240000e-03 5.612800e-02
52 9.341640e-01 8.272000e-03 5.756400e-02
53 9.327160e-01 8.276000e-03 5.900800e-02
54 9.314040e-01 8.176000e-03 6.042000e-02
55 9.301080e-01 8.140000e-03 6.175200e-02
56 9.286680e-01 8.204000e-03 6.312800e-02
57 9.272880e-01 8.116000e-03 6.459600e-02
58 9.258440e-01 8.232000e-03 6.592400e-02
59 9.243440e-01 8.232000e-03 6.742400e-02
60 9.229640e-01 8.188000e-03 6.884800e-02
61 9.215680e-01 8.152000e-03 7.028000e-02
62 9.202200e-01 7.948000e-03 7.183200e-02
63 9.189360e-01 7.828000e-03 7.323600e-02
64 9.174280e-01 7.916000e-03 7.465600e-02
65 9.159240e-01 7.932000e-03 7.614400e-02
66 9.144760e-01 8.136000e-03 7.738800e-02
67 9.129640e-01 8.168000e-03 7.886800e-02
68 9.114520e-01 8.224000e-03 8.032400e-02
69 9.099360e-01 8.316000e-03 8.174800e-02
70 9.082880e-01 8.544000e-03 8.316800e-02
71 9.066400e-01 8.812000e-03 8.454800e-02
72 9.051520e-01 8.736000e-03 8.611200e-02
73 9.036880e-01 8.616000e-03 8.769600e-02
74 9.022080e-01 8.680000e-03 8.911200e-02
75 9.007640e-01 8.616000e-03 9.062000e-02
76 8.991480e-01 8.820000e-03 9.203200e-02
77 8.976680e-01 8.856000e-03 9.347600e-02
78 8.960360e-01 8.824000e-03 9.514000e-02
79 8.943280e-01 8.904000e-03 9.676800e-02
80 8.928040e-01 8.880000e-03 9.831600e-02
81 8.912360e-01 8.900000e-03 9.986400e-02
82 8.896720e-01 8.956000e-03 1.013720e-01
83 8.882400e-01 8.852000e-03 1.029080e-01
84 8.866360e-01 8.936000e-03 1.044280e-01
85 8.851240e-01 8.688000e-03 1.061880e-01
86 8.836240e-01 8.708000e-03 1.076680e-01
87 8.820080e-01 8.940000e-03 1.090520e-01
88 8.803920e-01 8.932000e-03 1.106760e-01
89 8.788640e-01 9.000000e-03 1.121360e-01
90 8.773240e-01 8.976000e-03 1.137000e-01
91 8.760000e-01 8.692000e-03 1.153080e-01
92 8.745240e-01 8.752000e-03 1.167240e-01
93 8.730440e-01 8.672000e-03 1.182840e-01
94 8.715400e-01 8.700000e-03 1.197600e-01
95 8.700240e-01 8.600000e-03 1.213760e-01
96 8.685680e-01 8.588000e-03 1.228440e-01
97 8.671280e-01 8.604000e-03 1.242680e-01
98 8.655240e-01 8.776000e-03 1.257000e-01
99 8.640320e-01 8.696000e-03 1.272720e-01
100 8.626880e-01 8.584000e-03 1.287280e-01
101 8.612040e-01 8.468000e-03 1.303280e-01
102 8.598480e-01 8.412000e-03 1.317400e-01
103 8.583280e-01 8.384000e-03 1.332880e-01
104 8.567920e-01 8.428000e-03 1.347800e-01
105 8.553480e-01 8.376000e-03 1.362760e-01
106 8.538880e-01 8.420000e-03 1.376920e-01
107 8.522040e-01 8.644000e-03 1.391520e-01
108 8.508360e-01 8.560000e-03 1.406040e-01
109 8.493680e-01 8.388000e-03 1.422440e-01
110 8.479720e-01 8.340000e-03 1.436880e-01
111 8.464440e-01 8.464000e-03 1.450920e-01
112 8.448720e-01 8.668000e-03 1.464600e-01
113 8.433760e-01 8.632000e-03 1.479920e-01
114 8.418400e-01 8.648000e-03 1.495120e-01
115 8.403120e-01 8.696000e-03 1.509920e-01
116 8.389480e-01 8.556000e-03 1.524960e-01
117 8.374400e-01 8.552000e-03 1.540080e-01
118 8.361280e-01 8.308000e-03 1.555640e-01
119 8.347600e-01 8.260000e-03 1.569800e-01
120 8.333040e-01 8.332000e-03 1.583640e-01
121 8.319040e-01 8.300000e-03 1.597960e-01
122 8.305080e-01 8.216000e-03 1.612760e-01
123 8.291280e-01 8.188000e-03 1.626840e-01
124 8.278000e-01 7.980000e-03 1.642200e-01
125 8.265520e-01 7.808000e-03 1.656400e-01
126 8.252800e-01 7.696000e-03 1.670240e-01
127 8.238560e-01 7.784000e-03 1.683600e-01
128 8.224120e-01 7.840000e-03 1.697480e-01
129 8.212040e-01 7.716000e-03 1.710800e-01
130 8.199040e-01 7.700000e-03 1.723960e-01
131 8.187560e-01 7.480000e-03 1.737640e-01
132 8.175160e-01 7.288000e-03 1.751960e-01
133 8.162240e-01 7.400000e-03 1.763760e-01
134 8.149360e-01 7.320000e-03 1.777440e-01
135 8.136360e-01 7.364000e-03 1.790000e-01
136 8.122840e-01 7.336000e-03 1.803800e-01
137 8.110960e-01 7.304000e-03 1.816000e-01
138 8.097480e-01 7.372000e-03 1.828800e-01
139 8.086200e-01 7.168000e-03 1.842120e-01
140 8.073760e-01 7.128000e-03 1.854960e-01
141 8.060240e-01 7.244000e-03 1.867320e-01
142 8.047160e-01 7.168000e-03 1.881160e-01
143 8.034440e-01 7.248000e-03 1.893080e-01
144 8.023040e-01 7.168000e-03 1.905280e-01
145 8.009920e-01 7.284000e-03 1.917240e-01
146 7.997240e-01 7.168000e-03 1.931080e-01
147 7.985400e-01 7.124000e-03 1.943360e-01
148 7.972520e-01 7.196000e-03 1.955520e-01
149 7.960480e-01 7.196000e-03 1.967560e-01
150 7.948040e-01 6.984000e-03 1.982120e-01
151 7.937680e-01 6.864000e-03 1.993680e-01
152 7.924920e-01 6.920000e-03 2.005880e-01
153 7.912960e-01 6.940000e-03 2.017640e-01
154 7.901360e-01 6.908000e-03 2.029560e-01
155 7.889400e-01 6.800000e-03 2.042600e-01
156 7.875520e-01 7.024000e-03 2.054240e-01
157 7.863400e-01 6.904000e-03 2.067560e-01
158 7.851400e-01 7.044000e-03 2.078160e-01
159 7.839640e-01 6.948000e-03 2.090880e-01
160 7.828800e-01 6.852000e-03 2.102680e-01
161 7.816440e-01 6.880000e-03 2.114760e-01
162 7.804840e-01 6.876000e-03 2.126400e-01
163 7.792040e-01 6.836000e-03 2.139600e-01
164 7.779800e-01 6.808000e-03 2.152120e-01
165 7.768160e-01 6.700000e-03 2.164840e-01
166 7.757640e-01 6.572000e-03 2.176640e-01
167 7.746720e-01 6.404000e-03 2.189240e-01
168 7.734920e-01 6.416000e-03 2.200920e-01
169 7.722400e-01 6.544000e-03 2.212160e-01
170 7.711720e-01 6.452000e-03 2.223760e-01
171 7.701480e-01 6.360000e-03 2.234920e-01
172 7.690240e-01 6.428000e-03 2.245480e-01
173 7.679240e-01 6.532000e-03 2.255440e-01
174 7.668040e-01 6.524000e-03 2.266720e-01
175 7.656560e-01 6.576000e-03 2.277680e-01
176 7.645760e-01 6.492000e-03 2.289320e-01
177 7.633680e-01 6.560000e-03 2.300720e-01
178 7.621280e-01 6.700000e-03 2.311720e-01
179 7.609000e-01 6.752000e-03 2.323480e-01
180 7.597160e-01 6.760000e-03 2.335240e-01
181 7.584920e-01 6.816000e-03 2.346920e-01
182 7.571840e-01 6.892000e-03 2.359240e-01
183 7.560600e-01 6.816000e-03 2.371240e-01
184 7.549080e-01 6.920000e-03 2.381720e-01
185 7.537320e-01 6.932000e-03 2.393360e-01
186 7.525000e-01 6.988000e-03 2.405120e-01
187 7.512880e-01 7.020000e-03 2.416920e-01
188 7.500280e-01 7.104000e-03 2.428680e-01
189 7.486120e-01 7.268000e-03 2.441200e-01
190 7.473560e-01 7.308000e-03 2.453360e-01
191 7.461960e-01 7.144000e-03 2.466600e-01
192 7.450360e-01 6.932000e-03 2.480320e-01
193 7.439280e-01 6.872000e-03 2.492000e-01
194 7.429440e-01 6.680000e-03 2.503760e-01
195 7.419320e-01 6.548000e-03 2.515200e-01
196 7.410280e-01 6.168000e-03 2.528040e-01
197 7.399320e-01 6.276000e-03 2.537920e-01
198 7.386280e-01 6.444000e-03 2.549280e-01
199 7.374200e-01 6.504000e-03 2.560760e-01
200 7.363560e-01 6.400000e-03 2.572440e-01
201 7.353360e-01 6.428000e-03 2.582360e-01
202 7.342120e-01 6.388000e-03 2.594000e-01
203 7.332960e-01 6.156000e-03 2.605480e-01
204 7.324200e-01 5.952000e-03 2.616280e-01
205 7.314600e-01 5.916000e-03 2.626240e-01
206 7.305440e-01 5.816000e-03 2.636400e-01
207 7.296240e-01 5.716000e-03 2.646600e-01
208 7.287760e-01 5.484000e-03 2.657400e-01
209 7.277040e-01 5.536000e-03 2.667600e-01
210 7.267240e-01 5.560000e-03 2.677160e-01
211 7.258280e-01 5.484000e-03 2.686880e-01
212 7.249320e-01 5.408000e-03 2.696600e-01
213 7.240440e-01 5.436000e-03 2.705200e-01
214 7.232360e-01 5.376000e-03 2.713880e-01
215 7.223960e-01 5.196000e-03 2.724080e-01
216 7.215400e-01 5.172000e-03 2.732880e-01
217 7.206840e-01 5.136000e-03 2.741800e-01
218 7.198720e-01 5.040000e-03 2.750880e-01
219 7.191560e-01 4.896000e-03 2.759480e-01
220 7.182160e-01 4.960000e-03 2.768240e-01
221 7.173840e-01 4.900000e-03 2.777160e-01
222 7.164480e-01 4.912000e-03 2.786400e-01
223 7.155080e-01 5.032000e-03 2.794600e-01
224 7.145880e-01 5.020000e-03 2.803920e-01
225 7.137880e-01 4.916000e-03 2.812960e-01
226 7.129120e-01 5.052000e-03 2.820360e-01
227 7.121760e-01 4.912000e-03 2.829120e-01
228 7.114840e-01 4.640000e-03 2.838760e-01
229 7.107240e-01 4.708000e-03 2.845680e-01
230 7.099000e-01 4.724000e-03 2.853760e-01
231 7.090680e-01 4.724000e-03 2.862080e-01
232 7.081880e-01 4.820000e-03 2.869920e-01
233 7.074840e-01 4.724000e-03 2.877920e-01
234 7.068080e-01 4.632000e-03 2.885600e-01
235 7.061320e-01 4.400000e-03 2.894680e-01
236 7.053880e-01 4.408000e-03 2.902040e-01
237 7.046080e-01 4.376000e-03 2.910160e-01
238 7.039720e-01 4.228000e-03 2.918000e-01
239 7.031400e-01 4.332000e-03 2.925280e-01
240 7.024120e-01 4.248000e-03 2.933400e-01
241 7.018000e-01 4.152000e-03 2.940480e-01
242 7.011160e-01 4.124000e-03 2.947600e-01
243 7.004760e-01 4.000000e-03 2.955240e-01
244 6.997720e-01 4.024000e-03 2.962040e-01
245 6.990280e-01 4.112000e-03 2.968600e-01
246 6.984840e-01 4.048000e-03 2.974680e-01
247 6.978200e-01 4.072000e-03 2.981080e-01
248 6.972680e-01 3.872000e-03 2.988600e-01
249 6.967200e-01 3.688000e-03 2.995920e-01
250 6.961040e-01 3.648000e-03 3.002480e-01
251 6.954920e-01 3.640000e-03 3.008680e-01
252 6.948680e-01 3.728000e-03 3.014040e-01
253 6.942720e-01 3.736000e-03 3.019920e-01
254 6.937320e-01 3.672000e-03 3.025960e-01
255 6.931440e-01 3.592000e-03 3.032640e-01
256 6.926320e-01 3.452000e-03 3.039160e-01
257 6.920240e-01 3.388000e-03 3.045880e-01
258 6.914840e-01 3.300000e-03 3.052160e-01
259 6.910080e-01 3.204000e-03 3.057880e-01
260 6.904560e-01 3.236000e-03 3.063080e-01
261 6.898560e-01 3.232000e-03 3.069120e-01
262 6.892240e-01 3.304000e-03 3.074720e-01
263 6.886200e-01 3.276000e-03 3.081040e-01
264 6.880320e-01 3.212000e-03 3.087560e-01
265 6.875640e-01 3.100000e-03 3.093360e-01
266 6.870720e-01 3.132000e-03 3.097960e-01
267 6.865240e-01 3.220000e-03 3.102560e-01
268 6.860920e-01 3.000000e-03 3.109080e-01
269 6.855840e-01 2.904000e-03 3.115120e-01
270 6.850320e-01 2.960000e-03 3.120080e-01
271 6.844760e-01 3.008000e-03 3.125160e-01
272 6.839680e-01 2.952000e-03 3.130800e-01
273 6.834320e-01 3.028000e-03 3.135400e-01
274 6.829520e-01 2.960000e-03 3.140880e-01
275 6.824720e-01 2.836000e-03 3.146920e-01
276 6.819920e-01 2.864000e-03 3.151440e-01
277 6.815280e-01 2.884000e-03 3.155880e-01
278 6.811360e-01 2.736000e-03 3.161280e-01
279 6.806800e-01 2.680000e-03 3.166400e-01
280 6.802000e-01 2.752000e-03 3.170480e-01
281 6.798000e-01 2.716000e-03 3.174840e-01
282 6.792480e-01 2.756000e-03 3.179960e-01
283 6.787760e-01 2.780000e-03 3.184440e-01
284 6.784560e-01 2.516000e-03 3.190280e-01
285 6.780320e-01 2.472000e-03 3.194960e-01
286 6.776920e-01 2.320000e-03 3.199880e-01
287 6.772960e-01 2.272000e-03 3.204320e-01
288 6.768800e-01 2.320000e-03 3.208000e-01
289 6.765640e-01 2.232000e-03 3.212040e-01
290 6.762400e-01 2.172000e-03 3.215880e-01
291 6.759320e-01 2.080000e-03 3.219880e-01
292 6.756160e-01 2.004000e-03 3.223800e-01
293 6.752200e-01 2.080000e-03 3.227000e-01
294 6.748040e-01 2.100000e-03 3.230960e-01
295 6.744360e-01 2.108000e-03 3.234560e-01
296 6.740720e-01 2.052000e-03 3.238760e-01
297 6.737080e-01 2.024000e-03 3.242680e-01
298 6.734040e-01 1.992000e-03 3.246040e-01
299 6.730520e-01 1.956000e-03 3.249920e-01
300 6.727400e-01 2.004000e-03 3.252560e-01
301 6.724480e-01 1.960000e-03 3.255920e-01
302 6.721440e-01 1.972000e-03 3.258840e-01
303 6.718360e-01 1.940000e-03 3.262240e-01
304 6.715040e-01 1.960000e-03 3.265360e-01
305 6.712160e-01 1.996000e-03 3.267880e-01
306 6.709400e-01 1.992000e-03 3.270680e-01
307 6.706200e-01 1.992000e-03 3.273880e-01
308 6.702720e-01 2.028000e-03 3.277000e-01
309 6.699400e-01 1.996000e-03 3.280640e-01
310 6.696880e-01 1.892000e-03 3.284200e-01
311 6.693720e-01 1.900000e-03 3.287280e-01
312 6.690680e-01 1.852000e-03 3.290800e-01
313 6.687360e-01 1.824000e-03 3.294400e-01
314 6.684280e-01 1.824000e-03 3.297480e-01
315 6.680520e-01 1.900000e-03 3.300480e-01
316 6.676680e-01 2.008000e-03 3.303240e-01
317 6.673320e-01 1.996000e-03 3.306720e-01
318 6.669320e-01 2.124000e-03 3.309440e-01
319 6.665760e-01 2.112000e-03 3.313120e-01
320 6.662680e-01 2.084000e-03 3.316480e-01
321 6.658560e-01 2.020000e-03 3.321240e-01
322 6.654440e-01 2.068000e-03 3.324880e-01
323 6.650920e-01 2.028000e-03 3.328800e-01
324 6.646960e-01 2.024000e-03 3.332800e-01
325 6.643800e-01 1.984000e-03 3.336360e-01
326 6.640000e-01 2.008000e-03 3.339920e-01
327 6.636760e-01 1.960000e-03 3.343640e-01
328 6.633160e-01 1.992000e-03 3.346920e-01
329 6.629960e-01 2.008000e-03 3.349960e-01
330 6.626920e-01 1.932000e-03 3.353760e-01
331 6.623520e-01 1.908000e-03 3.357400e-01
332 6.620280e-01 1.924000e-03 3.360480e-01
333 6.616840e-01 1.900000e-03 3.364160e-01
334 6.613400e-01 1.892000e-03 3.367680e-01
335 6.610000e-01 1.904000e-03 3.370960e-01
336 6.606800e-01 1.852000e-03 3.374680e-01
337 6.604000e-01 1.780000e-03 3.378200e-01
338 6.600560e-01 1.800000e-03 3.381440e-01
339 6.597080e-01 1.856000e-03 3.384360e-01
340 6.593520e-01 1.864000e-03 3.387840e-01
341 6.589880e-01 1.872000e-03 3.391400e-01
342 6.586760e-01 1.856000e-03 3.394680e-01
343 6.583440e-01 1.852000e-03 3.398040e-01
344 6.580440e-01 1.692000e-03 3.402640e-01
345 6.577480e-01 1.652000e-03 3.406000e-01
346 6.574400e-01 1.720000e-03 3.408400e-01
347 6.571080e-01 1.744000e-03 3.411480e-01
348 6.568000e-01 1.752000e-03 3.414480e-01
349 6.565320e-01 1.768000e-03 3.417000e-01
350 6.562320e-01 1.796000e-03 3.419720e-01
351 6.558880e-01 1.844000e-03 3.422680e-01
352 6.555400e-01 1.836000e-03 3.426240e-01
353 6.551920e-01 1.860000e-03 3.429480e-01
354 6.548760e-01 1.880000e-03 3.432440e-01
355 6.545840e-01 1.888000e-03 3.435280e-01
356 6.542760e-01 1.800000e-03 3.439240e-01
357 6.540120e-01 1.800000e-03 3.441880e-01
358 6.537360e-01 1.792000e-03 3.444720e-01
359 6.534520e-01 1.760000e-03 3.447880e-01
360 6.532040e-01 1.736000e-03 3.450600e-01
361 6.529520e-01 1.644000e-03 3.454040e-01
362 6.526200e-01 1.660000e-03 3.457200e-01
363 6.523560e-01 1.680000e-03 3.459640e-01
364 6.521080e-01 1.580000e-03 3.463120e-01
365 6.518680e-01 1.552000e-03 3.465800e-01
366 6.516640e-01 1.464000e-03 3.468720e-01
367 6.514080e-01 1.480000e-03 3.471120e-01
368 6.511720e-01 1.452000e-03 3.473760e-01
369 6.509880e-01 1.352000e-03 3.476600e-01
370 6.506920e-01 1.372000e-03 3.479360e-01
371 6.504720e-01 1.332000e-03 3.481960e-01
372 6.503040e-01 1.260000e-03 3.484360e-01
373 6.499800e-01 1.352000e-03 3.486680e-01
374 6.497520e-01 1.356000e-03 3.488920e-01
375 6.494760e-01 1.388000e-03 3.491360e-01
376 6.492720e-01 1.372000e-03 3.493560e-01
377 6.490480e-01 1.336000e-03 3.496160e-01
378 6.488200e-01 1.340000e-03 3.498400e-01
379 6.486320e-01 1.300000e-03 3.500680e-01
380 6.484200e-01 1.304000e-03 3.502760e-01
381 6.482000e-01 1.280000e-03 3.505200e-01
382 6.480080e-01 1.216000e-03 3.507760e-01
383 6.478200e-01 1.216000e-03 3.509640e-01
384 6.475720e-01 1.244000e-03 3.511840e-01
385 6.473440e-01 1.268000e-03 3.513880e-01
386 6.471280e-01 1.268000e-03 3.516040e-01
387 6.469280e-01 1.224000e-03 3.518480e-01
388 6.467320e-01 1.196000e-03 3.520720e-01
389 6.464680e-01 1.292000e-03 3.522400e-01
390 6.461960e-01 1.336000e-03 3.524680e-01
391 6.460000e-01 1.260000e-03 3.527400e-01
392 6.457120e-01 1.312000e-03 3.529760e-01
393 6.455160e-01 1.324000e-03 3.531600e-01
394 6.452280e-01 1.420000e-03 3.533520e-01
395 6.449680e-01 1.440000e-03 3.535920e-01
396 6.447280e-01 1.488000e-03 3.537840e-01
397 6.444400e-01 1.488000e-03 3.540720e-01
398 6.442080e-01 1.444000e-03 3.543480e-01
399 6.439200e-01 1.480000e-03 3.546000e-01
400 6.437040e-01 1.408000e-03 3.548880e-01
401 6.434680e-01 1.468000e-03 3.550640e-01
402 6.431560e-01 1.552000e-03 3.552920e-01
403 6.428920e-01 1.532000e-03 3.555760e-01
404 6.426440e-01 1.512000e-03 3.558440e-01
405 6.423200e-01 1.512000e-03 3.561680e-01
406 6.419960e-01 1.592000e-03 3.564120e-01
407 6.418000e-01 1.520000e-03 3.566800e-01
408 6.414600e-01 1.608000e-03 3.569320e-01
409 6.411720e-01 1.588000e-03 3.572400e-01
410 6.409160e-01 1.524000e-03 3.575600e-01
411 6.407080e-01 1.484000e-03 3.578080e-01
412 6.405040e-01 1.408000e-03 3.580880e-01
413 6.402560e-01 1.436000e-03 3.583080e-01
414 6.400040e-01 1.428000e-03 3.585680e-01
415 6.397960e-01 1.412000e-03 3.587920e-01
416 6.395400e-01 1.444000e-03 3.590160e-01
417 6.393320e-01 1.420000e-03 3.592480e-01
418 6.391080e-01 1.396000e-03 3.594960e-01
419 6.388760e-01 1.428000e-03 3.596960e-01
420 6.386360e-01 1.380000e-03 3.599840e-01
421 6.383560e-01 1.424000e-03 3.602200e-01
422 6.381200e-01 1.412000e-03 3.604680e-01
423 6.378880e-01 1.360000e-03 3.607520e-01
424 6.376480e-01 1.368000e-03 3.609840e-01
425 6.374240e-01 1.400000e-03 3.611760e-01
426 6.371720e-01 1.392000e-03 3.614360e-01
427 6.369880e-01 1.372000e-03 3.616400e-01
428 6.368560e-01 1.228000e-03 3.619160e-01
429 6.367040e-01 1.196000e-03 3.621000e-01
430 6.365280e-01 1.180000e-03 3.622920e-01
431 6.364040e-01 1.108000e-03 3.624880e-01
432 6.362280e-01 1.096000e-03 3.626760e-01
433 6.360520e-01 1.080000e-03 3.628680e-01
434 6.359000e-01 1.028000e-03 3.630720e-01
435 6.357240e-01 1.020000e-03 3.632560e-01
436 6.355920e-01 9.360000e-04 3.634720e-01
437 6.354720e-01 8.680000e-04 3.636600e-01
438 6.353400e-01 8.720000e-04 3.637880e-01
439 6.352280e-01 8.400000e-04 3.639320e-01
440 6.351440e-01 8.000000e-04 3.640560e-01
441 6.350320e-01 7.960000e-04 3.641720e-01
442 6.349160e-01 7.720000e-04 3.643120e-01
443 6.347600e-01 7.720000e-04 3.644680e-01
444 6.346120e-01 7.840000e-04 3.646040e-01
445 6.345080e-01 7.560000e-04 3.647360e-01
446 6.343760e-01 7.600000e-04 3.648640e-01
447 6.342960e-01 7.120000e-04 3.649920e-01
448 6.341760e-01 7.200000e-04 3.651040e-01
449 6.340800e-01 7.240000e-04 3.651960e-01
450 6.339000e-01 7.600000e-04 3.653400e-01
451 6.337960e-01 7.520000e-04 3.654520e-01
452 6.337040e-01 6.640000e-04 3.656320e-01
453 6.335760e-01 6.480000e-04 3.657760e-01
454 6.334440e-01 6.960000e-04 3.658600e-01
455 6.333480e-01 6.520000e-04 3.660000e-01
456 6.332560e-01 5.920000e-04 3.661520e-01
457 6.331640e-01 5.920000e-04 3.662440e-01
458 6.330800e-01 5.960000e-04 3.663240e-01
459 6.329760e-01 5.920000e-04 3.664320e-01
460 6.328960e-01 5.640000e-04 3.665400e-01
461 6.328280e-01 5.240000e-04 3.666480e-01
462 6.327320e-01 5.280000e-04 3.667400e-01
463 6.326320e-01 5.600000e-04 3.668080e-01
464 6.325640e-01 5.280000e-04 3.669080e-01
465 6.324800e-01 5.240000e-04 3.669960e-01
466 6.324320e-01 4.720000e-04 3.670960e-01
467 6.323720e-01 4.560000e-04 3.671720e-01
468 6.323120e-01 4.280000e-04 3.672600e-01
469 6.322520e-01 4.240000e-04 3.673240e-01
470 6.322080e-01 3.960000e-04 3.673960e-01
471 6.321680e-01 3.520000e-04 3.674800e-01
472 6.321400e-01 3.360000e-04 3.675240e-01
473 6.321200e-01 2.880000e-04 3.675920e-01
474 6.321120e-01 2.640000e-04 3.676240e-01
475 6.320760e-01 2.520000e-04 3.676720e-01
476 6.320280e-01 2.680000e-04 3.677040e-01
477 6.319640e-01 2.680000e-04 3.677680e-01
478 6.319240e-01 2.360000e-04 3.678400e-01
479 6.318840e-01 2.160000e-04 3.679000e-01
480 6.318560e-01 1.960000e-04 3.679480e-01
481 6.318120e-01 1.960000e-04 3.679920e-01
482 6.317560e-01 2.080000e-04 3.680360e-01
483 6.317160e-01 2.120000e-04 3.680720e-01
484 6.316920e-01 2.040000e-04 3.681040e-01
485 6.316800e-01 1.800000e-04 3.681400e-01
486 6.316480e-01 1.880000e-04 3.681640e-01
487 6.316080e-01 1.880000e-04 3.682040e-01
488 6.315720e-01 1.840000e-04 3.682440e-01
489 6.315440e-01 1.880000e-04 3.682680e-01
490 6.315160e-01 1.920000e-04 3.682920e-01
491 6.314800e-01 2.000000e-04 3.683200e-01
492 6.314320e-01 2.240000e-04 3.683440e-01
493 6.313880e-01 2.240000e-04 3.683880e-01
494 6.313680e-01 2.040000e-04 3.684280e-01
495 6.313120e-01 2.280000e-04 3.684600e-01
496 6.312720e-01 2.320000e-04 3.684960e-01
497 6.312160e-01 2.400000e-04 3.685440e-01
498 6.311760e-01 2.280000e-04 3.685960e-01
499 6.311360e-01 2.120000e-04 3.686520e-01
500 6.311040e-01 1.960000e-04 3.687000e-01
