1 9.992160e-01 6.840000e-04 1.000000e-04
2 9.986360e-01 1.092000e-03 2.720000e-04
3 9.981120e-01 1.404000e-03 4.840000e-04
4 9.974600e-01 1.780000e-03 7.600000e-04
5 9.967120e-01 2.204000e-03 1.084000e-03
6 9.959200e-01 2.568000e-03 1.512000e-03
7 9.950200e-01 2.948000e-03 2.032000e-03
8 9.940600e-01 3.292000e-03 2.648000e-03
9 9.930400e-01 3.760000e-03 3.200000e-03
10 9.919920e-01 4.220000e-03 3.788000e-03
11 9.909040e-01 4.588000e-03 4.508000e-03
12 9.898280e-01 4.888000e-03 5.284000e-03
13 9.886720e-01 5.252000e-03 6.076000e-03
14 9.873400e-01 5.676000e-03 6.984000e-03
15 9.861000e-01 5.880000e-03 8.020000e-03
16 9.849760e-01 5.924000e-03 9.100000e-03
17 9.837720e-01 6.020000e-03 1.020800e-02
18 9.825560e-01 6.120000e-03 1.132400e-02
19 9.814760e-01 6.240000e-03 1.228400e-02
20 9.801200e-01 6.532000e-03 1.334800e-02
21 9.790200e-01 6.452000e-03 1.452800e-02
22 9.776080e-01 6.724000e-03 1.566800e-02
23 9.760160e-01 7.064000e-03 1.692000e-02
24 9.747840e-01 7.032000e-03 1.818400e-02
25 9.734720e-01 7.140000e-03 1.938800e-02
26 9.720720e-01 7.344000e-03 2.058400e-02
27 9.706440e-01 7.548000e-03 2.180800e-02
28 9.690480e-01 7.800000e-03 2.315200e-02
29 9.674520e-01 7.976000e-03 2.457200e-02
30 9.659280e-01 8.172000e-03 2.590000e-02
31 9.643040e-01 8.352000e-03 2.734400e-02
32 9.627640e-01 8.392000e-03 2.884400e-02
33 9.610080e-01 8.752000e-03 3.024000e-02
34 9.593120e-01 8.884000e-03 3.180400e-02
35 9.577080e-01 8.920000e-03 3.337200e-02
36 9.561080e-01 8.848000e-03 3.504400e-02
37 9.544800e-01 8.836000e-03 3.668400e-02
38 9.527920e-01 9.056000e-03 3.815200e-02
39 9.510440e-01 9.324000e-03 3.963200e-02
40 9.493400e-01 9.408000e-03 4.125200e-02
41 9.475560e-01 9.560000e-03 4.288400e-02
42 9.459200e-01 9.492000e-03 4.458800e-02
43 9.440360e-01 9.668000e-03 4.629600e-02
44 9.423800e-01 9.552000e-03 4.806800e-02
45 9.407080e-01 9.524000e-03 4.976800e-02
46 9.389760e-01 9.796000e-03 5.122800e-02
47 9.371600e-01 9.940000e-03 5.290000e-02
48 9.354080e-01 9.996000e-03 5.459600e-02
49 9.337720e-01 9.928000e-03 5.630000e-02
50 9.319240e-01 1.002800e-02 5.804800e-02
51 9.299000e-01 1.034800e-02 5.975200e-02
52 9.279480e-01 1.046000e-02 6.159200e-02
53 9.260680e-01 1.042400e-02 6.350800e-02
54 9.241480e-01 1.056800e-02 6.528400e-02
55 9.222000e-01 1.064400e-02 6.715600e-02
56 9.203760e-01 1.057600e-02 6.904800e-02
57 9.184480e-01 1.067600e-02 7.087600e-02
58 9.166200e-01 1.054400e-02 7.283600e-02
59 9.145920e-01 1.076000e-02 7.464800e-02
60 9.126480e-01 1.086800e-02 7.648400e-02
61 9.107400e-01 1.085200e-02 7.840800e-02
62 9.087200e-01 1.081600e-02 8.046400e-02
63 9.068960e-01 1.095200e-02 8.215200e-02
64 9.050640e-01 1.083200e-02 8.410400e-02
65 9.030640e-01 1.101600e-02 8.592000e-02
66 9.012840e-01 1.083200e-02 8.788400e-02
67 8.994640e-01 1.088400e-02 8.965200e-02
68 8.975640e-01 1.089200e-02 9.154400e-02
69 8.955600e-01 1.100000e-02 9.344000e-02
70 8.936120e-01 1.093200e-02 9.545600e-02
71 8.917960e-01 1.088800e-02 9.731600e-02
72 8.898360e-01 1.107600e-02 9.908800e-02
73 8.879520e-01 1.095200e-02 1.010960e-01
74 8.862160e-01 1.080400e-02 1.029800e-01
75 8.842680e-01 1.090800e-02 1.048240e-01
76 8.822720e-01 1.094800e-02 1.067800e-01
77 8.804400e-01 1.097600e-02 1.085840e-01
78 8.786640e-01 1.094000e-02 1.103960e-01
79 8.766480e-01 1.106400e-02 1.122880e-01
80 8.748320e-01 1.099600e-02 1.141720e-01
81 8.729200e-01 1.098800e-02 1.160920e-01
82 8.709960e-01 1.100800e-02 1.179960e-01
83 8.691680e-01 1.088400e-02 1.199480e-01
84 8.673200e-01 1.079200e-02 1.218880e-01
85 8.654000e-01 1.089200e-02 1.237080e-01
86 8.634400e-01 1.086400e-02 1.256960e-01
87 8.613800e-01 1.105600e-02 1.275640e-01
88 8.594680e-01 1.096400e-02 1.295680e-01
89 8.577440e-01 1.084000e-02 1.314160e-01
90 8.557320e-01 1.098000e-02 1.332880e-01
91 8.537880e-01 1.091200e-02 1.353000e-01
92 8.517520e-01 1.105600e-02 1.371920e-01
93 8.498040e-01 1.099600e-02 1.392000e-01
94 8.476960e-01 1.112000e-02 1.411840e-01
95 8.459040e-01 1.097200e-02 1.431240e-01
96 8.439600e-01 1.109600e-02 1.449440e-01
97 8.421920e-01 1.092400e-02 1.468840e-01
98 8.402080e-01 1.091600e-02 1.488760e-01
99 8.385400e-01 1.064000e-02 1.508200e-01
100 8.367040e-01 1.071200e-02 1.525840e-01
101 8.351400e-01 1.036000e-02 1.545000e-01
102 8.333560e-01 1.046000e-02 1.561840e-01
103 8.316040e-01 1.037200e-02 1.580240e-01
104 8.298760e-01 1.038000e-02 1.597440e-01
105 8.279680e-01 1.058800e-02 1.614440e-01
106 8.260720e-01 1.062400e-02 1.633040e-01
107 8.240160e-01 1.066800e-02 1.653160e-01
108 8.221960e-01 1.047200e-02 1.673320e-01
109 8.203800e-01 1.043600e-02 1.691840e-01
110 8.185040e-01 1.046800e-02 1.710280e-01
111 8.166880e-01 1.058800e-02 1.727240e-01
112 8.148800e-01 1.043600e-02 1.746840e-01
113 8.131880e-01 1.010000e-02 1.767120e-01
114 8.114440e-01 9.980000e-03 1.785760e-01
115 8.099600e-01 9.808000e-03 1.802320e-01
116 8.085720e-01 9.544000e-03 1.818840e-01
117 8.071760e-01 9.360000e-03 1.834640e-01
118 8.057640e-01 9.208000e-03 1.850280e-01
119 8.042720e-01 9.140000e-03 1.865880e-01
120 8.026600e-01 9.356000e-03 1.879840e-01
121 8.010280e-01 9.344000e-03 1.896280e-01
122 7.993160e-01 9.316000e-03 1.913680e-01
123 7.975840e-01 9.428000e-03 1.929880e-01
124 7.960840e-01 9.240000e-03 1.946760e-01
125 7.944720e-01 9.316000e-03 1.962120e-01
126 7.928200e-01 9.412000e-03 1.977680e-01
127 7.913520e-01 9.128000e-03 1.995200e-01
128 7.898680e-01 9.020000e-03 2.011120e-01
129 7.883680e-01 8.916000e-03 2.027160e-01
130 7.869320e-01 8.796000e-03 2.042720e-01
131 7.852880e-01 8.840000e-03 2.058720e-01
132 7.837880e-01 8.980000e-03 2.072320e-01
133 7.823720e-01 8.872000e-03 2.087560e-01
134 7.811560e-01 8.572000e-03 2.102720e-01
135 7.798360e-01 8.492000e-03 2.116720e-01
136 7.784840e-01 8.432000e-03 2.130840e-01
137 7.771600e-01 8.300000e-03 2.145400e-01
138 7.758800e-01 8.140000e-03 2.159800e-01
139 7.745520e-01 8.084000e-03 2.173640e-01
140 7.733280e-01 7.932000e-03 2.187400e-01
141 7.718720e-01 7.992000e-03 2.201360e-01
142 7.705680e-01 7.928000e-03 2.215040e-01
143 7.690840e-01 8.052000e-03 2.228640e-01
144 7.679000e-01 7.832000e-03 2.242680e-01
145 7.666720e-01 7.696000e-03 2.256320e-01
146 7.653960e-01 7.616000e-03 2.269880e-01
147 7.641240e-01 7.628000e-03 2.282480e-01
148 7.629040e-01 7.528000e-03 2.295680e-01
149 7.616320e-01 7.532000e-03 2.308360e-01
150 7.604360e-01 7.420000e-03 2.321440e-01
151 7.593600e-01 7.148000e-03 2.334920e-01
152 7.583160e-01 6.800000e-03 2.348840e-01
153 7.571000e-01 6.872000e-03 2.360280e-01
154 7.559040e-01 6.840000e-03 2.372560e-01
155 7.546920e-01 6.872000e-03 2.384360e-01
156 7.534280e-01 6.904000e-03 2.396680e-01
157 7.522920e-01 6.920000e-03 2.407880e-01
158 7.512160e-01 6.864000e-03 2.419200e-01
159 7.502200e-01 6.688000e-03 2.430920e-01
160 7.491640e-01 6.584000e-03 2.442520e-01
161 7.481320e-01 6.608000e-03 2.452600e-01
162 7.470400e-01 6.500000e-03 2.464600e-01
163 7.459400e-01 6.436000e-03 2.476240e-01
164 7.449080e-01 6.280000e-03 2.488120e-01
165 7.438840e-01 6.216000e-03 2.499000e-01
166 7.428160e-01 6.248000e-03 2.509360e-01
167 7.417920e-01 6.192000e-03 2.520160e-01
168 7.407320e-01 6.168000e-03 2.531000e-01
169 7.396840e-01 6.152000e-03 2.541640e-01
170 7.385680e-01 6.240000e-03 2.551920e-01
171 7.376560e-01 6.060000e-03 2.562840e-01
172 7.365240e-01 6.044000e-03 2.574320e-01
173 7.354280e-01 6.128000e-03 2.584440e-01
174 7.342920e-01 6.192000e-03 2.595160e-01
175 7.330520e-01 6.312000e-03 2.606360e-01
176 7.320120e-01 6.160000e-03 2.618280e-01
177 7.309360e-01 6.264000e-03 2.628000e-01
178 7.299360e-01 6.216000e-03 2.638480e-01
179 7.289280e-01 6.176000e-03 2.648960e-01
180 7.278520e-01 6.116000e-03 2.660320e-01
181 7.269200e-01 5.868000e-03 2.672120e-01
182 7.259120e-01 5.832000e-03 2.682560e-01
183 7.249320e-01 5.736000e-03 2.693320e-01
184 7.240280e-01 5.664000e-03 2.703080e-01
185 7.230000e-01 5.700000e-03 2.713000e-01
186 7.220880e-01 5.648000e-03 2.722640e-01
187 7.211040e-01 5.716000e-03 2.731800e-01
188 7.202800e-01 5.552000e-03 2.741680e-01
189 7.194240e-01 5.392000e-03 2.751840e-01
190 7.186120e-01 5.400000e-03 2.759880e-01
191 7.177560e-01 5.280000e-03 2.769640e-01
192 7.168200e-01 5.396000e-03 2.777840e-01
193 7.161160e-01 5.072000e-03 2.788120e-01
194 7.153880e-01 5.036000e-03 2.795760e-01
195 7.147520e-01 4.880000e-03 2.803680e-01
196 7.141040e-01 4.704000e-03 2.811920e-01
197 7.133920e-01 4.560000e-03 2.820480e-01
198 7.126280e-01 4.500000e-03 2.828720e-01
199 7.119440e-01 4.496000e-03 2.835600e-01
200 7.113000e-01 4.328000e-03 2.843720e-01
201 7.107160e-01 4.132000e-03 2.851520e-01
202 7.100200e-01 4.104000e-03 2.858760e-01
203 7.093800e-01 4.060000e-03 2.865600e-01
204 7.087240e-01 3.972000e-03 2.873040e-01
205 7.080880e-01 3.872000e-03 2.880400e-01
206 7.074480e-01 3.848000e-03 2.887040e-01
207 7.067240e-01 3.832000e-03 2.894440e-01
208 7.059680e-01 3.916000e-03 2.901160e-01
209 7.052760e-01 4.000000e-03 2.907240e-01
210 7.046960e-01 3.916000e-03 2.913880e-01
211 7.039600e-01 3.836000e-03 2.922040e-01
212 7.033600e-01 3.736000e-03 2.929040e-01
213 7.028360e-01 3.584000e-03 2.935800e-01
214 7.022840e-01 3.436000e-03 2.942800e-01
215 7.017160e-01 3.396000e-03 2.948880e-01
216 7.011680e-01 3.432000e-03 2.954000e-01
217 7.005920e-01 3.392000e-03 2.960160e-01
218 6.999560e-01 3.420000e-03 2.966240e-01
219 6.992920e-01 3.500000e-03 2.972080e-01
220 6.986360e-01 3.532000e-03 2.978320e-01
221 6.979720e-01 3.648000e-03 2.983800e-01
222 6.974240e-01 3.572000e-03 2.990040e-01
223 6.968200e-01 3.568000e-03 2.996120e-01
224 6.961520e-01 3.616000e-03 3.002320e-01
225 6.954960e-01 3.584000e-03 3.009200e-01
226 6.947360e-01 3.760000e-03 3.015040e-01
227 6.939920e-01 3.844000e-03 3.021640e-01
228 6.932600e-01 3.860000e-03 3.028800e-01
229 6.925960e-01 3.744000e-03 3.036600e-01
230 6.918440e-01 3.780000e-03 3.043760e-01
231 6.911640e-01 3.760000e-03 3.050760e-01
232 6.905120e-01 3.752000e-03 3.057360e-01
233 6.899000e-01 3.688000e-03 3.064120e-01
234 6.892680e-01 3.688000e-03 3.070440e-01
235 6.886120e-01 3.720000e-03 3.076680e-01
236 6.879160e-01 3.676000e-03 3.084080e-01
237 6.872800e-01 3.708000e-03 3.090120e-01
238 6.866240e-01 3.696000e-03 3.096800e-01
239 6.859000e-01 3.744000e-03 3.103560e-01
240 6.852800e-01 3.664000e-03 3.110560e-01
241 6.846080e-01 3.720000e-03 3.116720e-01
242 6.839440e-01 3.704000e-03 3.123520e-01
243 6.833560e-01 3.708000e-03 3.129360e-01
244 6.826960e-01 3.720000e-03 3.135840e-01
245 6.820480e-01 3.756000e-03 3.141960e-01
246 6.813320e-01 3.920000e-03 3.147480e-01
247 6.806760e-01 3.864000e-03 3.154600e-01
248 6.801080e-01 3.756000e-03 3.161360e-01
249 6.795400e-01 3.724000e-03 3.167360e-01
250 6.790280e-01 3.652000e-03 3.173200e-01
251 6.784840e-01 3.472000e-03 3.180440e-01
252 6.778320e-01 3.456000e-03 3.187120e-01
253 6.771200e-01 3.592000e-03 3.192880e-01
254 6.764960e-01 3.584000e-03 3.199200e-01
255 6.758640e-01 3.664000e-03 3.204720e-01
256 6.752680e-01 3.624000e-03 3.211080e-01
257 6.746760e-01 3.580000e-03 3.217440e-01
258 6.741120e-01 3.532000e-03 3.223560e-01
259 6.735440e-01 3.456000e-03 3.230000e-01
260 6.729280e-01 3.524000e-03 3.235480e-01
261 6.723640e-01 3.464000e-03 3.241720e-01
262 6.718560e-01 3.408000e-03 3.247360e-01
263 6.714040e-01 3.300000e-03 3.252960e-01
264 6.709360e-01 3.132000e-03 3.259320e-01
265 6.703960e-01 3.100000e-03 3.265040e-01
266 6.699000e-01 3.072000e-03 3.270280e-01
267 6.693000e-01 3.084000e-03 3.276160e-01
268 6.686760e-01 3.164000e-03 3.281600e-01
269 6.681200e-01 3.216000e-03 3.286640e-01
270 6.676320e-01 3.172000e-03 3.291960e-01
271 6.670920e-01 3.140000e-03 3.297680e-01
272 6.665960e-01 3.096000e-03 3.303080e-01
273 6.662000e-01 2.968000e-03 3.308320e-01
274 6.658360e-01 2.792000e-03 3.313720e-01
275 6.652240e-01 2.944000e-03 3.318320e-01
276 6.646360e-01 3.040000e-03 3.323240e-01
277 6.641320e-01 3.084000e-03 3.327840e-01
278 6.635400e-01 3.164000e-03 3.332960e-01
279 6.629640e-01 3.212000e-03 3.338240e-01
280 6.624240e-01 3.144000e-03 3.344320e-01
281 6.619480e-01 3.064000e-03 3.349880e-01
282 6.614360e-01 3.068000e-03 3.354960e-01
283 6.609760e-01 2.976000e-03 3.360480e-01
284 6.604880e-01 2.992000e-03 3.365200e-01
285 6.600360e-01 2.876000e-03 3.370880e-01
286 6.595720e-01 2.836000e-03 3.375920e-01
287 6.591680e-01 2.680000e-03 3.381520e-01
288 6.588040e-01 2.516000e-03 3.386800e-01
289 6.584160e-01 2.528000e-03 3.390560e-01
290 6.580080e-01 2.512000e-03 3.394800e-01
291 6.576040e-01 2.508000e-03 3.398880e-01
292 6.571640e-01 2.508000e-03 3.403280e-01
293 6.567560e-01 2.464000e-03 3.407800e-01
294 6.563160e-01 2.452000e-03 3.412320e-01
295 6.558960e-01 2.404000e-03 3.417000e-01
296 6.554600e-01 2.380000e-03 3.421600e-01
297 6.549760e-01 2.388000e-03 3.426360e-01
298 6.545360e-01 2.428000e-03 3.430360e-01
299 6.541720e-01 2.368000e-03 3.434600e-01
300 6.537440e-01 2.344000e-03 3.439120e-01
301 6.533840e-01 2.248000e-03 3.443680e-01
302 6.530560e-01 2.092000e-03 3.448520e-01
303 6.527480e-01 2.012000e-03 3.452400e-01
304 6.524120e-01 2.020000e-03 3.455680e-01
305 6.521040e-01 2.008000e-03 3.458880e-01
306 6.518120e-01 1.976000e-03 3.462120e-01
307 6.513760e-01 2.064000e-03 3.465600e-01
308 6.509880e-01 2.004000e-03 3.470080e-01
309 6.506600e-01 1.956000e-03 3.473840e-01
310 6.502960e-01 1.964000e-03 3.477400e-01
311 6.499240e-01 1.948000e-03 3.481280e-01
312 6.495880e-01 1.908000e-03 3.485040e-01
313 6.491600e-01 2.068000e-03 3.487720e-01
314 6.488440e-01 1.984000e-03 3.491720e-01
315 6.485120e-01 1.992000e-03 3.494960e-01
316 6.481360e-01 2.016000e-03 3.498480e-01
317 6.477160e-01 2.144000e-03 3.501400e-01
318 6.473120e-01 2.160000e-03 3.505280e-01
319 6.469040e-01 2.216000e-03 3.508800e-01
320 6.465000e-01 2.184000e-03 3.513160e-01
321 6.460760e-01 2.144000e-03 3.517800e-01
322 6.457760e-01 2.108000e-03 3.521160e-01
323 6.454560e-01 2.084000e-03 3.524600e-01
324 6.451960e-01 1.996000e-03 3.528080e-01
325 6.448920e-01 1.956000e-03 3.531520e-01
326 6.445320e-01 1.928000e-03 3.535400e-01
327 6.441800e-01 2.008000e-03 3.538120e-01
328 6.438240e-01 1.988000e-03 3.541880e-01
329 6.434400e-01 2.012000e-03 3.545480e-01
330 6.431160e-01 1.984000e-03 3.549000e-01
331 6.428000e-01 1.872000e-03 3.553280e-01
332 6.425680e-01 1.788000e-03 3.556440e-01
333 6.422720e-01 1.732000e-03 3.559960e-01
334 6.419720e-01 1.720000e-03 3.563080e-01
335 6.416840e-01 1.736000e-03 3.565800e-01
336 6.413800e-01 1.752000e-03 3.568680e-01
337 6.410800e-01 1.760000e-03 3.571600e-01
338 6.407320e-01 1.808000e-03 3.574600e-01
339 6.403920e-01 1.852000e-03 3.577560e-01
340 6.401080e-01 1.740000e-03 3.581520e-01
341 6.398120e-01 1.680000e-03 3.585080e-01
342 6.395400e-01 1.656000e-03 3.588040e-01
343 6.392280e-01 1.668000e-03 3.591040e-01
344 6.388760e-01 1.712000e-03 3.594120e-01
345 6.385680e-01 1.660000e-03 3.597720e-01
346 6.382080e-01 1.728000e-03 3.600640e-01
347 6.378560e-01 1.824000e-03 3.603200e-01
348 6.375000e-01 1.840000e-03 3.606600e-01
349 6.371400e-01 1.896000e-03 3.609640e-01
350 6.367520e-01 2.008000e-03 3.612400e-01
351 6.363560e-01 2.068000e-03 3.615760e-01
352 6.359200e-01 2.088000e-03 3.619920e-01
353 6.355600e-01 2.052000e-03 3.623880e-01
354 6.351680e-01 2.168000e-03 3.626640e-01
355 6.347360e-01 2.248000e-03 3.630160e-01
356 6.343400e-01 2.224000e-03 3.634360e-01
357 6.340160e-01 2.160000e-03 3.638240e-01
358 6.336520e-01 2.168000e-03 3.641800e-01
359 6.332920e-01 2.096000e-03 3.646120e-01
360 6.329000e-01 2.124000e-03 3.649760e-01
361 6.324760e-01 2.196000e-03 3.653280e-01
362 6.322360e-01 2.120000e-03 3.656440e-01
363 6.319680e-01 2.028000e-03 3.660040e-01
364 6.316280e-01 1.976000e-03 3.663960e-01
365 6.313720e-01 1.872000e-03 3.667560e-01
366 6.311160e-01 1.852000e-03 3.670320e-01
367 6.308480e-01 1.812000e-03 3.673400e-01
368 6.305840e-01 1.712000e-03 3.677040e-01
369 6.302840e-01 1.688000e-03 3.680280e-01
370 6.299840e-01 1.664000e-03 3.683520e-01
371 6.296560e-01 1.728000e-03 3.686160e-01
372 6.293200e-01 1.752000e-03 3.689280e-01
373 6.290440e-01 1.732000e-03 3.692240e-01
374 6.286200e-01 1.856000e-03 3.695240e-01
375 6.282920e-01 1.848000e-03 3.698600e-01
376 6.279560e-01 1.864000e-03 3.701800e-01
377 6.276040e-01 1.920000e-03 3.704760e-01
378 6.272680e-01 1.948000e-03 3.707840e-01
379 6.269080e-01 2.024000e-03 3.710680e-01
380 6.266160e-01 1.944000e-03 3.714400e-01
381 6.262840e-01 1.900000e-03 3.718160e-01
382 6.259400e-01 1.852000e-03 3.722080e-01
383 6.256080e-01 1.900000e-03 3.724920e-01
384 6.252480e-01 1.896000e-03 3.728560e-01
385 6.248880e-01 1.892000e-03 3.732200e-01
386 6.245440e-01 1.880000e-03 3.735760e-01
387 6.242680e-01 1.840000e-03 3.738920e-01
388 6.239960e-01 1.852000e-03 3.741520e-01
389 6.236920e-01 1.912000e-03 3.743960e-01
390 6.233480e-01 1.900000e-03 3.747520e-01
391 6.231160e-01 1.816000e-03 3.750680e-01
392 6.228160e-01 1.816000e-03 3.753680e-01
393 6.225360e-01 1.812000e-03 3.756520e-01
394 6.222680e-01 1.780000e-03 3.759520e-01
395 6.219960e-01 1.700000e-03 3.763040e-01
396 6.217520e-01 1.652000e-03 3.765960e-01
397 6.214880e-01 1.620000e-03 3.768920e-01
398 6.212440e-01 1.596000e-03 3.771600e-01
399 6.210440e-01 1.524000e-03 3.774320e-01
400 6.208680e-01 1.416000e-03 3.777160e-01
401 6.206600e-01 1.412000e-03 3.779280e-01
402 6.204480e-01 1.360000e-03 3.781920e-01
403 6.202520e-01 1.348000e-03 3.784000e-01
404 6.200320e-01 1.260000e-03 3.787080e-01
405 6.198480e-01 1.224000e-03 3.789280e-01
406 6.196600e-01 1.184000e-03 3.791560e-01
407 6.194880e-01 1.088000e-03 3.794240e-01
408 6.193560e-01 1.024000e-03 3.796200e-01
409 6.191680e-01 1.036000e-03 3.797960e-01
410 6.189600e-01 1.036000e-03 3.800040e-01
411 6.187680e-01 1.004000e-03 3.802280e-01
412 6.185600e-01 1.004000e-03 3.804360e-01
413 6.183840e-01 9.960000e-04 3.806200e-01
414 6.181960e-01 1.032000e-03 3.807720e-01
415 6.179640e-01 1.064000e-03 3.809720e-01
416 6.177920e-01 1.052000e-03 3.811560e-01
417 6.175440e-01 1.132000e-03 3.813240e-01
418 6.173360e-01 1.176000e-03 3.814880e-01
419 6.170960e-01 1.188000e-03 3.817160e-01
420 6.168680e-01 1.228000e-03 3.819040e-01
421 6.165760e-01 1.344000e-03 3.820800e-01
422 6.163440e-01 1.308000e-03 3.823480e-01
423 6.161080e-01 1.288000e-03 3.826040e-01
424 6.159280e-01 1.260000e-03 3.828120e-01
425 6.157680e-01 1.180000e-03 3.830520e-01
426 6.155880e-01 1.204000e-03 3.832080e-01
427 6.153640e-01 1.224000e-03 3.834120e-01
428 6.152320e-01 1.152000e-03 3.836160e-01
429 6.150560e-01 1.116000e-03 3.838280e-01
430 6.149200e-01 1.044000e-03 3.840360e-01
431 6.147600e-01 1.008000e-03 3.842320e-01
432 6.146040e-01 9.680000e-04 3.844280e-01
433 6.144200e-01 9.680000e-04 3.846120e-01
434 6.142040e-01 9.640000e-04 3.848320e-01
435 6.140680e-01 9.040000e-04 3.850280e-01
436 6.138840e-01 9.560000e-04 3.851600e-01
437 6.137080e-01 9.560000e-04 3.853360e-01
438 6.135400e-01 9.240000e-04 3.855360e-01
439 6.133560e-01 9.040000e-04 3.857400e-01
440 6.132280e-01 8.960000e-04 3.858760e-01
441 6.130320e-01 9.360000e-04 3.860320e-01
442 6.128280e-01 9.560000e-04 3.862160e-01
443 6.126440e-01 9.760000e-04 3.863800e-01
444 6.124600e-01 9.880000e-04 3.865520e-01
445 6.122920e-01 1.004000e-03 3.867040e-01
446 6.121640e-01 9.080000e-04 3.869280e-01
447 6.120040e-01 9.120000e-04 3.870840e-01
448 6.118280e-01 9.040000e-04 3.872680e-01
449 6.116880e-01 8.960000e-04 3.874160e-01
450 6.115120e-01 9.480000e-04 3.875400e-01
451 6.113480e-01 9.480000e-04 3.877040e-01
452 6.111160e-01 1.044000e-03 3.878400e-01
453 6.109800e-01 1.028000e-03 3.879920e-01
454 6.108000e-01 1.020000e-03 3.881800e-01
455 6.106240e-01 1.024000e-03 3.883520e-01
456 6.103960e-01 1.060000e-03 3.885440e-01
457 6.101440e-01 1.128000e-03 3.887280e-01
458 6.099280e-01 1.112000e-03 3.889600e-01
459 6.096960e-01 1.184000e-03 3.891200e-01
460 6.095200e-01 1.164000e-03 3.893160e-01
461 6.092600e-01 1.160000e-03 3.895800e-01
462 6.090120e-01 1.148000e-03 3.898400e-01
463 6.087360e-01 1.208000e-03 3.900560e-01
464 6.085280e-01 1.196000e-03 3.902760e-01
465 6.083040e-01 1.196000e-03 3.905000e-01
466 6.081120e-01 1.200000e-03 3.906880e-01
467 6.078840e-01 1.172000e-03 3.909440e-01
468 6.076400e-01 1.212000e-03 3.911480e-01
469 6.074080e-01 1.232000e-03 3.913600e-01
470 6.071640e-01 1.276000e-03 3.915600e-01
471 6.069680e-01 1.208000e-03 3.918240e-01
472 6.067760e-01 1.164000e-03 3.920600e-01
473 6.064960e-01 1.232000e-03 3.922720e-01
474 6.062560e-01 1.248000e-03 3.924960e-01
475 6.060400e-01 1.276000e-03 3.926840e-01
476 6.058400e-01 1.172000e-03 3.929880e-01
477 6.056600e-01 1.168000e-03 3.931720e-01
478 6.054120e-01 1.196000e-03 3.933920e-01
479 6.051800e-01 1.248000e-03 3.935720e-01
480 6.049280e-01 1.272000e-03 3.938000e-01
481 6.047080e-01 1.292000e-03 3.940000e-01
482 6.044160e-01 1.356000e-03 3.942280e-01
483 6.041880e-01 1.356000e-03 3.944560e-01
484 6.039040e-01 1.404000e-03 3.946920e-01
485 6.036720e-01 1.380000e-03 3.949480e-01
486 6.034600e-01 1.372000e-03 3.951680e-01
487 6.032840e-01 1.296000e-03 3.954200e-01
488 6.030200e-01 1.304000e-03 3.956760e-01
489 6.028240e-01 1.280000e-03 3.958960e-01
490 6.026200e-01 1.276000e-03 3.961040e-01
491 6.024000e-01 1.312000e-03 3.962880e-01
492 6.022280e-01 1.276000e-03 3.964960e-01
493 6.019360e-01 1.320000e-03 3.967440e-01
494 6.017360e-01 1.256000e-03 3.970080e-01
495 6.014960e-01 1.316000e-03 3.971880e-01
496 6.012640e-01 1.292000e-03 3.974440e-01
497 6.010480e-01 1.312000e-03 3.976400e-01
498 6.008640e-01 1.264000e-03 3.978720e-01
499 6.006960e-01 1.220000e-03 3.980840e-01
500 6.005720e-01 1.128000e-03 3.983000e-01
