1 9.992520e-01 6.480000e-04 1.000000e-04
2 9.986600e-01 1.116000e-03 2.240000e-04
3 9.980520e-01 1.468000e-03 4.800000e-04
4 9.974360e-01 1.784000e-03 7.800000e-04
5 9.966520e-01 2.228000e-03 1.120000e-03
6 9.958080e-01 2.660000e-03 1.532000e-03
7 9.949680e-01 2.968000e-03 2.064000e-03
8 9.940200e-01 3.400000e-03 2.580000e-03
9 9.930560e-01 3.704000e-03 3.240000e-03
10 9.921120e-01 3.984000e-03 3.904000e-03
11 9.911600e-01 4.264000e-03 4.576000e-03
12 9.900520e-01 4.616000e-03 5.332000e-03
13 9.889480e-01 4.952000e-03 6.100000e-03
14 9.877160e-01 5.376000e-03 6.908000e-03
15 9.864560e-01 5.764000e-03 7.780000e-03
16 9.851560e-01 6.108000e-03 8.736000e-03
17 9.837400e-01 6.484000e-03 9.776000e-03
18 9.821600e-01 6.856000e-03 1.098400e-02
19 9.805440e-01 7.212000e-03 1.224400e-02
20 9.790600e-01 7.384000e-03 1.355600e-02
21 9.774920e-01 7.688000e-03 1.482000e-02
22 9.759640e-01 7.788000e-03 1.624800e-02
23 9.743400e-01 8.104000e-03 1.755600e-02
24 9.728160e-01 8.232000e-03 1.895200e-02
25 9.713720e-01 8.128000e-03 2.050000e-02
26 9.699640e-01 8.112000e-03 2.192400e-02
27 9.684200e-01 8.220000e-03 2.336000e-02
28 9.668800e-01 8.380000e-03 2.474000e-02
29 9.652600e-01 8.332000e-03 2.640800e-02
30 9.637120e-01 8.544000e-03 2.774400e-02
31 9.621360e-01 8.648000e-03 2.921600e-02
32 9.605680e-01 8.616000e-03 3.081600e-02
33 9.592400e-01 8.496000e-03 3.226400e-02
34 9.578200e-01 8.468000e-03 3.371200e-02
35 9.562800e-01 8.608000e-03 3.511200e-02
36 9.545840e-01 8.888000e-03 3.652800e-02
37 9.527880e-01 9.124000e-03 3.808800e-02
38 9.510520e-01 9.252000e-03 3.969600e-02
39 9.494720e-01 9.228000e-03 4.130000e-02
40 9.478200e-01 9.300000e-03 4.288000e-02
41 9.460360e-01 9.528000e-03 4.443600e-02
42 9.442720e-01 9.640000e-03 4.608800e-02
43 9.423840e-01 9.824000e-03 4.779200e-02
44 9.406480e-01 9.904000e-03 4.944800e-02
45 9.387880e-01 9.856000e-03 5.135600e-02
46 9.371080e-01 9.872000e-03 5.302000e-02
47 9.353280e-01 9.872000e-03 5.480000e-02
48 9.338080e-01 9.692000e-03 5.650000e-02
49 9.320960e-01 9.660000e-03 5.824400e-02
50 9.304120e-01 9.520000e-03 6.006800e-02
51 9.286280e-01 9.644000e-03 6.172800e-02
52 9.269040e-01 9.772000e-03 6.332400e-02
53 9.250440e-01 9.948000e-03 6.500800e-02
54 9.230760e-01 1.020000e-02 6.672400e-02
55 9.210200e-01 1.052800e-02 6.845200e-02
56 9.192720e-01 1.022800e-02 7.050000e-02
57 9.174480e-01 1.028800e-02 7.226400e-02
58 9.156200e-01 1.033200e-02 7.404800e-02
59 9.139000e-01 1.008000e-02 7.602000e-02
60 9.121720e-01 1.002400e-02 7.780400e-02
61 9.103760e-01 1.014800e-02 7.947600e-02
62 9.087120e-01 1.020000e-02 8.108800e-02
63 9.067920e-01 1.028000e-02 8.292800e-02
64 9.050480e-01 1.024000e-02 8.471200e-02
65 9.032880e-01 1.030000e-02 8.641200e-02
66 9.016040e-01 1.028000e-02 8.811600e-02
67 8.997080e-01 1.028400e-02 9.000800e-02
68 8.979040e-01 1.042000e-02 9.167600e-02
69 8.959440e-01 1.059200e-02 9.346400e-02
70 8.940640e-01 1.065200e-02 9.528400e-02
71 8.922120e-01 1.066400e-02 9.712400e-02
72 8.902920e-01 1.072400e-02 9.898400e-02
73 8.883280e-01 1.090400e-02 1.007680e-01
74 8.863800e-01 1.105600e-02 1.025640e-01
75 8.843600e-01 1.111200e-02 1.045280e-01
76 8.825840e-01 1.095600e-02 1.064600e-01
77 8.807640e-01 1.087200e-02 1.083640e-01
78 8.789120e-01 1.084400e-02 1.102440e-01
79 8.770360e-01 1.080800e-02 1.121560e-01
80 8.753560e-01 1.058400e-02 1.140600e-01
81 8.734560e-01 1.057600e-02 1.159680e-01
82 8.717440e-01 1.056400e-02 1.176920e-01
83 8.699240e-01 1.045600e-02 1.196200e-01
84 8.680120e-01 1.059200e-02 1.213960e-01
85 8.661480e-01 1.070000e-02 1.231520e-01
86 8.643040e-01 1.062000e-02 1.250760e-01
87 8.624840e-01 1.057200e-02 1.269440e-01
88 8.606680e-01 1.054000e-02 1.287920e-01
89 8.588080e-01 1.072400e-02 1.304680e-01
90 8.568560e-01 1.103200e-02 1.321120e-01
91 8.549760e-01 1.109200e-02 1.339320e-01
92 8.531920e-01 1.099600e-02 1.358120e-01
93 8.512440e-01 1.102000e-02 1.377360e-01
94 8.493880e-01 1.078000e-02 1.398320e-01
95 8.475880e-01 1.079200e-02 1.416200e-01
96 8.456520e-01 1.068000e-02 1.436680e-01
97 8.438640e-01 1.057200e-02 1.455640e-01
98 8.420360e-01 1.056000e-02 1.474040e-01
99 8.401720e-01 1.063200e-02 1.491960e-01
100 8.383160e-01 1.064800e-02 1.510360e-01
101 8.365640e-01 1.055600e-02 1.528800e-01
102 8.348480e-01 1.057600e-02 1.545760e-01
103 8.332840e-01 1.032800e-02 1.563880e-01
104 8.316520e-01 1.022400e-02 1.581240e-01
105 8.298920e-01 1.016800e-02 1.599400e-01
106 8.283280e-01 9.884000e-03 1.617880e-01
107 8.267800e-01 9.684000e-03 1.635360e-01
108 8.251560e-01 9.436000e-03 1.654080e-01
109 8.235240e-01 9.340000e-03 1.671360e-01
110 8.218640e-01 9.436000e-03 1.687000e-01
111 8.202960e-01 9.312000e-03 1.703920e-01
112 8.186920e-01 9.336000e-03 1.719720e-01
113 8.170920e-01 9.308000e-03 1.736000e-01
114 8.154880e-01 9.228000e-03 1.752840e-01
115 8.138840e-01 9.020000e-03 1.770960e-01
116 8.123560e-01 8.972000e-03 1.786720e-01
117 8.109640e-01 8.752000e-03 1.802840e-01
118 8.094320e-01 8.720000e-03 1.818480e-01
119 8.080480e-01 8.692000e-03 1.832600e-01
120 8.064360e-01 8.752000e-03 1.848120e-01
121 8.050520e-01 8.636000e-03 1.863120e-01
122 8.035280e-01 8.684000e-03 1.877880e-01
123 8.019040e-01 8.816000e-03 1.892800e-01
124 8.004640e-01 8.836000e-03 1.907000e-01
125 7.990920e-01 8.632000e-03 1.922760e-01
126 7.978240e-01 8.352000e-03 1.938240e-01
127 7.964560e-01 8.296000e-03 1.952480e-01
128 7.951560e-01 8.184000e-03 1.966600e-01
129 7.937280e-01 8.240000e-03 1.980320e-01
130 7.922880e-01 8.296000e-03 1.994160e-01
131 7.908640e-01 8.300000e-03 2.008360e-01
132 7.895840e-01 8.072000e-03 2.023440e-01
133 7.882320e-01 8.076000e-03 2.036920e-01
134 7.867360e-01 8.336000e-03 2.049280e-01
135 7.853440e-01 8.220000e-03 2.064360e-01
136 7.837120e-01 8.476000e-03 2.078120e-01
137 7.823320e-01 8.456000e-03 2.092120e-01
138 7.808760e-01 8.440000e-03 2.106840e-01
139 7.793920e-01 8.500000e-03 2.121080e-01
140 7.778800e-01 8.576000e-03 2.135440e-01
141 7.764160e-01 8.364000e-03 2.152200e-01
142 7.749800e-01 8.332000e-03 2.166880e-01
143 7.734640e-01 8.316000e-03 2.182200e-01
144 7.720480e-01 8.204000e-03 2.197480e-01
145 7.706040e-01 8.208000e-03 2.211880e-01
146 7.691960e-01 8.204000e-03 2.226000e-01
147 7.678200e-01 8.136000e-03 2.240440e-01
148 7.664720e-01 8.036000e-03 2.254920e-01
149 7.650000e-01 8.188000e-03 2.268120e-01
150 7.636280e-01 8.104000e-03 2.282680e-01
151 7.621280e-01 8.100000e-03 2.297720e-01
152 7.606480e-01 8.196000e-03 2.311560e-01
153 7.593240e-01 8.052000e-03 2.326240e-01
154 7.580600e-01 8.012000e-03 2.339280e-01
155 7.568360e-01 7.840000e-03 2.353240e-01
156 7.554800e-01 7.748000e-03 2.367720e-01
157 7.540680e-01 7.772000e-03 2.381600e-01
158 7.527320e-01 7.884000e-03 2.393840e-01
159 7.512840e-01 7.932000e-03 2.407840e-01
160 7.498160e-01 7.960000e-03 2.422240e-01
161 7.483600e-01 8.056000e-03 2.435840e-01
162 7.469720e-01 8.052000e-03 2.449760e-01
163 7.456480e-01 8.016000e-03 2.463360e-01
164 7.443400e-01 7.952000e-03 2.477080e-01
165 7.428880e-01 8.128000e-03 2.489840e-01
166 7.415520e-01 8.084000e-03 2.503640e-01
167 7.402360e-01 8.104000e-03 2.516600e-01
168 7.388480e-01 8.132000e-03 2.530200e-01
169 7.374120e-01 8.064000e-03 2.545240e-01
170 7.361760e-01 7.916000e-03 2.559080e-01
171 7.349600e-01 7.852000e-03 2.571880e-01
172 7.336840e-01 7.780000e-03 2.585360e-01
173 7.325480e-01 7.456000e-03 2.599960e-01
174 7.313520e-01 7.384000e-03 2.612640e-01
175 7.300280e-01 7.420000e-03 2.625520e-01
176 7.288160e-01 7.232000e-03 2.639520e-01
177 7.276040e-01 7.216000e-03 2.651800e-01
178 7.262600e-01 7.296000e-03 2.664440e-01
179 7.250880e-01 7.264000e-03 2.676480e-01
180 7.236800e-01 7.400000e-03 2.689200e-01
181 7.223760e-01 7.500000e-03 2.701240e-01
182 7.210960e-01 7.368000e-03 2.715360e-01
183 7.197680e-01 7.420000e-03 2.728120e-01
184 7.185400e-01 7.376000e-03 2.740840e-01
185 7.172480e-01 7.248000e-03 2.755040e-01
186 7.160240e-01 7.136000e-03 2.768400e-01
187 7.147840e-01 7.140000e-03 2.780760e-01
188 7.134360e-01 7.256000e-03 2.793080e-01
189 7.120920e-01 7.248000e-03 2.806600e-01
190 7.108920e-01 7.176000e-03 2.819320e-01
191 7.095920e-01 7.312000e-03 2.830960e-01
192 7.083600e-01 7.284000e-03 2.843560e-01
193 7.071240e-01 7.224000e-03 2.856520e-01
194 7.058480e-01 7.296000e-03 2.868560e-01
195 7.045480e-01 7.308000e-03 2.881440e-01
196 7.033600e-01 7.260000e-03 2.893800e-01
197 7.021120e-01 7.140000e-03 2.907480e-01
198 7.008640e-01 7.120000e-03 2.920160e-01
199 6.997600e-01 7.048000e-03 2.931920e-01
200 6.985920e-01 7.016000e-03 2.943920e-01
201 6.974200e-01 7.040000e-03 2.955400e-01
202 6.962960e-01 6.976000e-03 2.967280e-01
203 6.950960e-01 7.036000e-03 2.978680e-01
204 6.939000e-01 7.060000e-03 2.990400e-01
205 6.927560e-01 6.864000e-03 3.003800e-01
206 6.916800e-01 6.892000e-03 3.014280e-01
207 6.904640e-01 6.804000e-03 3.027320e-01
208 6.891960e-01 6.944000e-03 3.038600e-01
209 6.879440e-01 6.936000e-03 3.051200e-01
210 6.867840e-01 6.900000e-03 3.063160e-01
211 6.855600e-01 7.032000e-03 3.074080e-01
212 6.843760e-01 7.108000e-03 3.085160e-01
213 6.830360e-01 7.196000e-03 3.097680e-01
214 6.818480e-01 7.224000e-03 3.109280e-01
215 6.807280e-01 7.116000e-03 3.121560e-01
216 6.794360e-01 7.068000e-03 3.134960e-01
217 6.783920e-01 7.052000e-03 3.145560e-01
218 6.772520e-01 6.920000e-03 3.158280e-01
219 6.761040e-01 6.996000e-03 3.169000e-01
220 6.749880e-01 6.984000e-03 3.180280e-01
221 6.739160e-01 6.852000e-03 3.192320e-01
222 6.728240e-01 6.668000e-03 3.205080e-01
223 6.717200e-01 6.532000e-03 3.217480e-01
224 6.707320e-01 6.416000e-03 3.228520e-01
225 6.696360e-01 6.296000e-03 3.240680e-01
226 6.685800e-01 6.344000e-03 3.250760e-01
227 6.674880e-01 6.348000e-03 3.261640e-01
228 6.664840e-01 6.360000e-03 3.271560e-01
229 6.655440e-01 6.252000e-03 3.282040e-01
230 6.645880e-01 6.120000e-03 3.292920e-01
231 6.635400e-01 6.152000e-03 3.303080e-01
232 6.625840e-01 6.124000e-03 3.312920e-01
233 6.616880e-01 6.048000e-03 3.322640e-01
234 6.609360e-01 5.824000e-03 3.332400e-01
235 6.599720e-01 5.760000e-03 3.342680e-01
236 6.590560e-01 5.740000e-03 3.352040e-01
237 6.582120e-01 5.616000e-03 3.361720e-01
238 6.574240e-01 5.492000e-03 3.370840e-01
239 6.565360e-01 5.316000e-03 3.381480e-01
240 6.558040e-01 5.036000e-03 3.391600e-01
241 6.550800e-01 4.952000e-03 3.399680e-01
242 6.543920e-01 4.804000e-03 3.408040e-01
243 6.537480e-01 4.564000e-03 3.416880e-01
244 6.531040e-01 4.404000e-03 3.424920e-01
245 6.524960e-01 4.340000e-03 3.431640e-01
246 6.517120e-01 4.368000e-03 3.439200e-01
247 6.510200e-01 4.328000e-03 3.446520e-01
248 6.502040e-01 4.380000e-03 3.454160e-01
249 6.494760e-01 4.248000e-03 3.462760e-01
250 6.486880e-01 4.244000e-03 3.470680e-01
251 6.479920e-01 4.232000e-03 3.477760e-01
252 6.471840e-01 4.268000e-03 3.485480e-01
253 6.465040e-01 4.232000e-03 3.492640e-01
254 6.457960e-01 4.232000e-03 3.499720e-01
255 6.449640e-01 4.332000e-03 3.507040e-01
256 6.440440e-01 4.492000e-03 3.514640e-01
257 6.432720e-01 4.456000e-03 3.522720e-01
258 6.424960e-01 4.476000e-03 3.530280e-01
259 6.416400e-01 4.504000e-03 3.538560e-01
260 6.408920e-01 4.532000e-03 3.545760e-01
261 6.401480e-01 4.492000e-03 3.553600e-01
262 6.394360e-01 4.412000e-03 3.561520e-01
263 6.387120e-01 4.448000e-03 3.568400e-01
264 6.381040e-01 4.296000e-03 3.576000e-01
265 6.374440e-01 4.236000e-03 3.583200e-01
266 6.368160e-01 4.056000e-03 3.591280e-01
267 6.360480e-01 4.168000e-03 3.597840e-01
268 6.352640e-01 4.216000e-03 3.605200e-01
269 6.346240e-01 4.116000e-03 3.612600e-01
270 6.339520e-01 4.016000e-03 3.620320e-01
271 6.331920e-01 4.044000e-03 3.627640e-01
272 6.324480e-01 4.040000e-03 3.635120e-01
273 6.317640e-01 3.948000e-03 3.642880e-01
274 6.310360e-01 4.028000e-03 3.649360e-01
275 6.303640e-01 4.012000e-03 3.656240e-01
276 6.296920e-01 3.952000e-03 3.663560e-01
277 6.291200e-01 3.756000e-03 3.671240e-01
278 6.285480e-01 3.696000e-03 3.677560e-01
279 6.279400e-01 3.748000e-03 3.683120e-01
280 6.273760e-01 3.736000e-03 3.688880e-01
281 6.267800e-01 3.652000e-03 3.695680e-01
282 6.261960e-01 3.556000e-03 3.702480e-01
283 6.256520e-01 3.432000e-03 3.709160e-01
284 6.251000e-01 3.420000e-03 3.714800e-01
285 6.244840e-01 3.468000e-03 3.720480e-01
286 6.239280e-01 3.472000e-03 3.726000e-01
287 6.234600e-01 3.412000e-03 3.731280e-01
288 6.229280e-01 3.336000e-03 3.737360e-01
289 6.223560e-01 3.340000e-03 3.743040e-01
290 6.218800e-01 3.208000e-03 3.749120e-01
291 6.213480e-01 3.112000e-03 3.755400e-01
292 6.208680e-01 3.104000e-03 3.760280e-01
293 6.203560e-01 3.120000e-03 3.765240e-01
294 6.199080e-01 3.016000e-03 3.770760e-01
295 6.194800e-01 2.988000e-03 3.775320e-01
296 6.189520e-01 3.052000e-03 3.779960e-01
297 6.185360e-01 2.968000e-03 3.784960e-01
298 6.181120e-01 2.872000e-03 3.790160e-01
299 6.176760e-01 2.784000e-03 3.795400e-01
300 6.171480e-01 2.812000e-03 3.800400e-01
301 6.166240e-01 2.828000e-03 3.805480e-01
302 6.161600e-01 2.712000e-03 3.811280e-01
303 6.157160e-01 2.712000e-03 3.815720e-01
304 6.151880e-01 2.776000e-03 3.820360e-01
305 6.146840e-01 2.836000e-03 3.824800e-01
306 6.142000e-01 2.840000e-03 3.829600e-01
307 6.136640e-01 2.884000e-03 3.834520e-01
308 6.131920e-01 2.876000e-03 3.839320e-01
309 6.126880e-01 2.812000e-03 3.845000e-01
310 6.121800e-01 2.788000e-03 3.850320e-01
311 6.116840e-01 2.876000e-03 3.854400e-01
312 6.112360e-01 2.812000e-03 3.859520e-01
313 6.108000e-01 2.752000e-03 3.864480e-01
314 6.102680e-01 2.832000e-03 3.869000e-01
315 6.097760e-01 2.740000e-03 3.874840e-01
316 6.092520e-01 2.828000e-03 3.879200e-01
317 6.087440e-01 2.860000e-03 3.883960e-01
318 6.081960e-01 2.904000e-03 3.889000e-01
319 6.076720e-01 2.876000e-03 3.894520e-01
320 6.071880e-01 2.876000e-03 3.899360e-01
321 6.065800e-01 2.996000e-03 3.904240e-01
322 6.060240e-01 2.948000e-03 3.910280e-01
323 6.054720e-01 2.992000e-03 3.915360e-01
324 6.049240e-01 2.988000e-03 3.920880e-01
325 6.044840e-01 2.916000e-03 3.926000e-01
326 6.040480e-01 2.800000e-03 3.931520e-01
327 6.036200e-01 2.728000e-03 3.936520e-01
328 6.031160e-01 2.784000e-03 3.941000e-01
329 6.026200e-01 2.800000e-03 3.945800e-01
330 6.021040e-01 2.808000e-03 3.950880e-01
331 6.016640e-01 2.780000e-03 3.955560e-01
332 6.011920e-01 2.660000e-03 3.961480e-01
333 6.007280e-01 2.744000e-03 3.965280e-01
334 6.002280e-01 2.824000e-03 3.969480e-01
335 5.996920e-01 2.804000e-03 3.975040e-01
336 5.991000e-01 2.904000e-03 3.979960e-01
337 5.985680e-01 2.952000e-03 3.984800e-01
338 5.980280e-01 3.000000e-03 3.989720e-01
339 5.974760e-01 3.020000e-03 3.995040e-01
340 5.969480e-01 3.032000e-03 4.000200e-01
341 5.964120e-01 2.980000e-03 4.006080e-01
342 5.958840e-01 2.860000e-03 4.012560e-01
343 5.953600e-01 2.836000e-03 4.018040e-01
344 5.949000e-01 2.800000e-03 4.023000e-01
345 5.944400e-01 2.836000e-03 4.027240e-01
346 5.939800e-01 2.768000e-03 4.032520e-01
347 5.935320e-01 2.684000e-03 4.037840e-01
348 5.929720e-01 2.788000e-03 4.042400e-01
349 5.925160e-01 2.780000e-03 4.047040e-01
350 5.920400e-01 2.792000e-03 4.051680e-01
351 5.915560e-01 2.808000e-03 4.056360e-01
352 5.910800e-01 2.892000e-03 4.060280e-01
353 5.906000e-01 2.892000e-03 4.065080e-01
354 5.902600e-01 2.788000e-03 4.069520e-01
355 5.898120e-01 2.804000e-03 4.073840e-01
356 5.893440e-01 2.780000e-03 4.078760e-01
357 5.889080e-01 2.700000e-03 4.083920e-01
358 5.885200e-01 2.640000e-03 4.088400e-01
359 5.880720e-01 2.600000e-03 4.093280e-01
360 5.876840e-01 2.548000e-03 4.097680e-01
361 5.873200e-01 2.524000e-03 4.101560e-01
362 5.869760e-01 2.384000e-03 4.106400e-01
363 5.867040e-01 2.300000e-03 4.109960e-01
364 5.863960e-01 2.208000e-03 4.113960e-01
365 5.861400e-01 2.104000e-03 4.117560e-01
366 5.857520e-01 2.180000e-03 4.120680e-01
367 5.854520e-01 2.144000e-03 4.124040e-01
368 5.851160e-01 2.112000e-03 4.127720e-01
369 5.848320e-01 2.088000e-03 4.130800e-01
370 5.845120e-01 2.040000e-03 4.134480e-01
371 5.842480e-01 1.952000e-03 4.138000e-01
372 5.839920e-01 1.900000e-03 4.141080e-01
373 5.837520e-01 1.776000e-03 4.144720e-01
374 5.835040e-01 1.736000e-03 4.147600e-01
375 5.832320e-01 1.700000e-03 4.150680e-01
376 5.829640e-01 1.612000e-03 4.154240e-01
377 5.827680e-01 1.540000e-03 4.156920e-01
378 5.825000e-01 1.552000e-03 4.159480e-01
379 5.822800e-01 1.552000e-03 4.161680e-01
380 5.820720e-01 1.532000e-03 4.163960e-01
381 5.818240e-01 1.572000e-03 4.166040e-01
382 5.815880e-01 1.532000e-03 4.168800e-01
383 5.813880e-01 1.448000e-03 4.171640e-01
384 5.811240e-01 1.472000e-03 4.174040e-01
385 5.808720e-01 1.456000e-03 4.176720e-01
386 5.806000e-01 1.480000e-03 4.179200e-01
387 5.803120e-01 1.508000e-03 4.181800e-01
388 5.799520e-01 1.628000e-03 4.184200e-01
389 5.796480e-01 1.656000e-03 4.186960e-01
390 5.793360e-01 1.680000e-03 4.189840e-01
391 5.790360e-01 1.684000e-03 4.192800e-01
392 5.786800e-01 1.740000e-03 4.195800e-01
393 5.782880e-01 1.816000e-03 4.198960e-01
394 5.779800e-01 1.784000e-03 4.202360e-01
395 5.776560e-01 1.780000e-03 4.205640e-01
396 5.773920e-01 1.732000e-03 4.208760e-01
397 5.770840e-01 1.732000e-03 4.211840e-01
398 5.768240e-01 1.700000e-03 4.214760e-01
399 5.764840e-01 1.804000e-03 4.217120e-01
400 5.762000e-01 1.776000e-03 4.220240e-01
401 5.759200e-01 1.768000e-03 4.223120e-01
402 5.754520e-01 1.924000e-03 4.226240e-01
403 5.750920e-01 1.976000e-03 4.229320e-01
404 5.746840e-01 2.052000e-03 4.232640e-01
405 5.743320e-01 2.012000e-03 4.236560e-01
406 5.739320e-01 2.076000e-03 4.239920e-01
407 5.736280e-01 2.000000e-03 4.243720e-01
408 5.733440e-01 1.936000e-03 4.247200e-01
409 5.730320e-01 1.872000e-03 4.250960e-01
410 5.727440e-01 1.860000e-03 4.253960e-01
411 5.724760e-01 1.816000e-03 4.257080e-01
412 5.722000e-01 1.776000e-03 4.260240e-01
413 5.718520e-01 1.800000e-03 4.263480e-01
414 5.714680e-01 1.868000e-03 4.266640e-01
415 5.711280e-01 1.908000e-03 4.269640e-01
416 5.708080e-01 1.928000e-03 4.272640e-01
417 5.704480e-01 1.988000e-03 4.275640e-01
418 5.700960e-01 1.980000e-03 4.279240e-01
419 5.697760e-01 1.972000e-03 4.282520e-01
420 5.694400e-01 1.968000e-03 4.285920e-01
421 5.691280e-01 1.940000e-03 4.289320e-01
422 5.687280e-01 2.040000e-03 4.292320e-01
423 5.684440e-01 1.992000e-03 4.295640e-01
424 5.682040e-01 1.900000e-03 4.298960e-01
425 5.679600e-01 1.800000e-03 4.302400e-01
426 5.677280e-01 1.788000e-03 4.304840e-01
427 5.674360e-01 1.748000e-03 4.308160e-01
428 5.671520e-01 1.768000e-03 4.310800e-01
429 5.669520e-01 1.692000e-03 4.313560e-01
430 5.666360e-01 1.712000e-03 4.316520e-01
431 5.663640e-01 1.712000e-03 4.319240e-01
432 5.660800e-01 1.720000e-03 4.322000e-01
433 5.657680e-01 1.684000e-03 4.325480e-01
434 5.655120e-01 1.652000e-03 4.328360e-01
435 5.653080e-01 1.584000e-03 4.331080e-01
436 5.650840e-01 1.528000e-03 4.333880e-01
437 5.648600e-01 1.500000e-03 4.336400e-01
438 5.646480e-01 1.416000e-03 4.339360e-01
439 5.644000e-01 1.396000e-03 4.342040e-01
440 5.641480e-01 1.432000e-03 4.344200e-01
441 5.638600e-01 1.492000e-03 4.346480e-01
442 5.636160e-01 1.476000e-03 4.349080e-01
443 5.633640e-01 1.464000e-03 4.351720e-01
444 5.631360e-01 1.452000e-03 4.354120e-01
445 5.629600e-01 1.384000e-03 4.356560e-01
446 5.627080e-01 1.416000e-03 4.358760e-01
447 5.624520e-01 1.388000e-03 4.361600e-01
448 5.621360e-01 1.412000e-03 4.364520e-01
449 5.618600e-01 1.444000e-03 4.366960e-01
450 5.615080e-01 1.492000e-03 4.370000e-01
451 5.612640e-01 1.504000e-03 4.372320e-01
452 5.610720e-01 1.404000e-03 4.375240e-01
453 5.608360e-01 1.412000e-03 4.377520e-01
454 5.606040e-01 1.408000e-03 4.379880e-01
455 5.604200e-01 1.356000e-03 4.382240e-01
456 5.601920e-01 1.332000e-03 4.384760e-01
457 5.599440e-01 1.324000e-03 4.387320e-01
458 5.597640e-01 1.328000e-03 4.389080e-01
459 5.595840e-01 1.328000e-03 4.390880e-01
460 5.594320e-01 1.232000e-03 4.393360e-01
461 5.592840e-01 1.164000e-03 4.395520e-01
462 5.590760e-01 1.144000e-03 4.397800e-01
463 5.589120e-01 1.120000e-03 4.399680e-01
464 5.587720e-01 1.048000e-03 4.401800e-01
465 5.586360e-01 9.880000e-04 4.403760e-01
466 5.584520e-01 1.028000e-03 4.405200e-01
467 5.583200e-01 1.004000e-03 4.406760e-01
468 5.581320e-01 1.004000e-03 4.408640e-01
469 5.579880e-01 1.000000e-03 4.410120e-01
470 5.577920e-01 1.012000e-03 4.411960e-01
471 5.576520e-01 9.480000e-04 4.414000e-01
472 5.574880e-01 9.080000e-04 4.416040e-01
473 5.573680e-01 9.080000e-04 4.417240e-01
474 5.572320e-01 8.880000e-04 4.418800e-01
475 5.570760e-01 8.600000e-04 4.420640e-01
476 5.569200e-01 8.920000e-04 4.421880e-01
477 5.567040e-01 9.560000e-04 4.423400e-01
478 5.565320e-01 9.680000e-04 4.425000e-01
479 5.564120e-01 9.240000e-04 4.426640e-01
480 5.562520e-01 9.360000e-04 4.428120e-01
481 5.561360e-01 8.840000e-04 4.429800e-01
482 5.560520e-01 8.720000e-04 4.430760e-01
483 5.559480e-01 8.360000e-04 4.432160e-01
484 5.558800e-01 7.720000e-04 4.433480e-01
485 5.557560e-01 7.480000e-04 4.434960e-01
486 5.556680e-01 6.880000e-04 4.436440e-01
487 5.555640e-01 7.080000e-04 4.437280e-01
488 5.554400e-01 7.200000e-04 4.438400e-01
489 5.553800e-01 6.680000e-04 4.439520e-01
490 5.553120e-01 5.920000e-04 4.440960e-01
491 5.552520e-01 5.520000e-04 4.441960e-01
492 5.551920e-01 5.120000e-04 4.442960e-01
493 5.551400e-01 4.760000e-04 4.443840e-01
494 5.550840e-01 4.360000e-04 4.444800e-01
495 5.549640e-01 4.880000e-04 4.445480e-01
496 5.548720e-01 5.200000e-04 4.446080e-01
497 5.548080e-01 4.960000e-04 4.446960e-01
498 5.547600e-01 4.800000e-04 4.447600e-01
499 5.546880e-01 4.760000e-04 4.448360e-01
500 5.545880e-01 4.880000e-04 4.449240e-01
