1 9.990840e-01 8.640000e-04 5.200000e-05
2 9.984840e-01 1.284000e-03 2.320000e-04
3 9.978400e-01 1.620000e-03 5.400000e-04
4 9.970280e-01 2.064000e-03 9.080000e-04
5 9.962320e-01 2.440000e-03 1.328000e-03
6 9.953160e-01 2.840000e-03 1.844000e-03
7 9.943040e-01 3.392000e-03 2.304000e-03
8 9.934400e-01 3.580000e-03 2.980000e-03
9 9.924280e-01 3.944000e-03 3.628000e-03
10 9.914080e-01 4.176000e-03 4.416000e-03
11 9.903960e-01 4.344000e-03 5.260000e-03
12 9.893880e-01 4.608000e-03 6.004000e-03
13 9.882720e-01 4.808000e-03 6.920000e-03
14 9.871840e-01 5.028000e-03 7.788000e-03
15 9.858280e-01 5.584000e-03 8.588000e-03
16 9.847200e-01 5.696000e-03 9.584000e-03
17 9.835360e-01 5.844000e-03 1.062000e-02
18 9.823840e-01 5.916000e-03 1.170000e-02
19 9.811280e-01 6.088000e-03 1.278400e-02
20 9.799400e-01 6.172000e-03 1.388800e-02
21 9.786640e-01 6.324000e-03 1.501200e-02
22 9.774280e-01 6.432000e-03 1.614000e-02
23 9.761520e-01 6.528000e-03 1.732000e-02
24 9.748080e-01 6.800000e-03 1.839200e-02
25 9.734320e-01 7.012000e-03 1.955600e-02
26 9.721160e-01 7.136000e-03 2.074800e-02
27 9.706920e-01 7.272000e-03 2.203600e-02
28 9.692160e-01 7.496000e-03 2.328800e-02
29 9.678680e-01 7.616000e-03 2.451600e-02
30 9.665920e-01 7.532000e-03 2.587600e-02
31 9.652080e-01 7.568000e-03 2.722400e-02
32 9.637640e-01 7.588000e-03 2.864800e-02
33 9.624720e-01 7.604000e-03 2.992400e-02
34 9.610840e-01 7.608000e-03 3.130800e-02
35 9.596200e-01 7.672000e-03 3.270800e-02
36 9.580080e-01 8.000000e-03 3.399200e-02
37 9.564240e-01 8.068000e-03 3.550800e-02
38 9.549840e-01 8.196000e-03 3.682000e-02
39 9.534320e-01 8.380000e-03 3.818800e-02
40 9.518280e-01 8.472000e-03 3.970000e-02
41 9.501480e-01 8.604000e-03 4.124800e-02
42 9.486800e-01 8.604000e-03 4.271600e-02
43 9.471840e-01 8.552000e-03 4.426400e-02
44 9.456360e-01 8.592000e-03 4.577200e-02
45 9.440880e-01 8.604000e-03 4.730800e-02
46 9.425000e-01 8.756000e-03 4.874400e-02
47 9.410000e-01 8.720000e-03 5.028000e-02
48 9.393240e-01 8.912000e-03 5.176400e-02
49 9.377480e-01 8.920000e-03 5.333200e-02
50 9.360600e-01 8.996000e-03 5.494400e-02
51 9.344640e-01 8.960000e-03 5.657600e-02
52 9.329520e-01 8.716000e-03 5.833200e-02
53 9.313480e-01 8.756000e-03 5.989600e-02
54 9.298440e-01 8.756000e-03 6.140000e-02
55 9.283280e-01 8.776000e-03 6.289600e-02
56 9.268600e-01 8.732000e-03 6.440800e-02
57 9.254560e-01 8.728000e-03 6.581600e-02
58 9.241080e-01 8.532000e-03 6.736000e-02
59 9.226360e-01 8.472000e-03 6.889200e-02
60 9.211480e-01 8.468000e-03 7.038400e-02
61 9.196200e-01 8.480000e-03 7.190000e-02
62 9.181200e-01 8.452000e-03 7.342800e-02
63 9.165320e-01 8.684000e-03 7.478400e-02
64 9.150160e-01 8.648000e-03 7.633600e-02
65 9.132640e-01 9.004000e-03 7.773200e-02
66 9.115680e-01 9.084000e-03 7.934800e-02
67 9.099560e-01 9.112000e-03 8.093200e-02
68 9.082720e-01 9.168000e-03 8.256000e-02
69 9.067800e-01 9.020000e-03 8.420000e-02
70 9.052320e-01 9.072000e-03 8.569600e-02
71 9.035760e-01 9.172000e-03 8.725200e-02
72 9.019240e-01 9.248000e-03 8.882800e-02
73 9.003160e-01 9.172000e-03 9.051200e-02
74 8.988120e-01 9.116000e-03 9.207200e-02
75 8.974200e-01 8.936000e-03 9.364400e-02
76 8.958560e-01 8.948000e-03 9.519600e-02
77 8.941840e-01 9.164000e-03 9.665200e-02
78 8.927640e-01 8.948000e-03 9.828800e-02
79 8.912360e-01 8.956000e-03 9.980800e-02
80 8.897120e-01 8.808000e-03 1.014800e-01
81 8.882680e-01 8.624000e-03 1.031080e-01
82 8.867800e-01 8.540000e-03 1.046800e-01
83 8.853040e-01 8.476000e-03 1.062200e-01
84 8.838360e-01 8.396000e-03 1.077680e-01
85 8.825280e-01 8.304000e-03 1.091680e-01
86 8.811360e-01 8.184000e-03 1.106800e-01
87 8.795880e-01 8.340000e-03 1.120720e-01
88 8.781480e-01 8.376000e-03 1.134760e-01
89 8.767680e-01 8.212000e-03 1.150200e-01
90 8.753600e-01 8.172000e-03 1.164680e-01
91 8.739640e-01 8.132000e-03 1.179040e-01
92 8.726800e-01 8.088000e-03 1.192320e-01
93 8.713560e-01 8.088000e-03 1.205560e-01
94 8.698920e-01 8.096000e-03 1.220120e-01
95 8.685680e-01 8.100000e-03 1.233320e-01
96 8.671440e-01 8.036000e-03 1.248200e-01
97 8.656880e-01 8.048000e-03 1.262640e-01
98 8.642160e-01 8.108000e-03 1.276760e-01
99 8.628480e-01 8.176000e-03 1.289760e-01
100 8.615120e-01 8.160000e-03 1.303280e-01
101 8.600760e-01 8.224000e-03 1.317000e-01
102 8.585400e-01 8.224000e-03 1.332360e-01
103 8.572600e-01 8.128000e-03 1.346120e-01
104 8.557480e-01 8.176000e-03 1.360760e-01
105 8.541280e-01 8.308000e-03 1.375640e-01
106 8.525600e-01 8.396000e-03 1.390440e-01
107 8.511480e-01 8.284000e-03 1.405680e-01
108 8.498160e-01 8.204000e-03 1.419800e-01
109 8.485200e-01 8.112000e-03 1.433680e-01
110 8.473120e-01 7.908000e-03 1.447800e-01
111 8.461160e-01 7.596000e-03 1.462880e-01
112 8.449600e-01 7.344000e-03 1.476960e-01
113 8.437280e-01 7.284000e-03 1.489880e-01
114 8.424520e-01 7.228000e-03 1.503200e-01
115 8.411560e-01 7.368000e-03 1.514760e-01
116 8.398760e-01 7.372000e-03 1.527520e-01
117 8.386520e-01 7.304000e-03 1.540440e-01
118 8.374040e-01 7.336000e-03 1.552600e-01
119 8.360640e-01 7.324000e-03 1.566120e-01
120 8.349240e-01 7.064000e-03 1.580120e-01
121 8.338400e-01 6.828000e-03 1.593320e-01
122 8.327280e-01 6.712000e-03 1.605600e-01
123 8.316160e-01 6.600000e-03 1.617840e-01
124 8.304560e-01 6.564000e-03 1.629800e-01
125 8.292160e-01 6.540000e-03 1.642440e-01
126 8.280240e-01 6.464000e-03 1.655120e-01
127 8.269120e-01 6.404000e-03 1.666840e-01
128 8.258000e-01 6.484000e-03 1.677160e-01
129 8.246080e-01 6.544000e-03 1.688480e-01
130 8.234080e-01 6.524000e-03 1.700680e-01
131 8.222760e-01 6.512000e-03 1.712120e-01
132 8.210920e-01 6.576000e-03 1.723320e-01
133 8.200600e-01 6.556000e-03 1.733840e-01
134 8.189360e-01 6.656000e-03 1.744080e-01
135 8.177240e-01 6.692000e-03 1.755840e-01
136 8.167160e-01 6.464000e-03 1.768200e-01
137 8.154720e-01 6.468000e-03 1.780600e-01
138 8.144440e-01 6.424000e-03 1.791320e-01
139 8.134040e-01 6.284000e-03 1.803120e-01
140 8.124280e-01 6.056000e-03 1.815160e-01
141 8.115320e-01 5.928000e-03 1.825400e-01
142 8.105080e-01 5.932000e-03 1.835600e-01
143 8.094960e-01 5.864000e-03 1.846400e-01
144 8.084520e-01 5.964000e-03 1.855840e-01
145 8.074400e-01 5.968000e-03 1.865920e-01
146 8.064760e-01 5.844000e-03 1.876800e-01
147 8.054360e-01 5.828000e-03 1.887360e-01
148 8.044400e-01 5.784000e-03 1.897760e-01
149 8.034120e-01 5.772000e-03 1.908160e-01
150 8.023080e-01 5.924000e-03 1.917680e-01
151 8.011400e-01 6.036000e-03 1.928240e-01
152 7.999640e-01 6.112000e-03 1.939240e-01
153 7.989000e-01 6.044000e-03 1.950560e-01
154 7.978040e-01 6.152000e-03 1.960440e-01
155 7.965360e-01 6.312000e-03 1.971520e-01
156 7.954120e-01 6.228000e-03 1.983600e-01
157 7.942960e-01 6.276000e-03 1.994280e-01
158 7.931120e-01 6.384000e-03 2.005040e-01
159 7.920000e-01 6.380000e-03 2.016200e-01
160 7.908480e-01 6.512000e-03 2.026400e-01
161 7.897200e-01 6.484000e-03 2.037960e-01
162 7.886120e-01 6.520000e-03 2.048680e-01
163 7.875680e-01 6.532000e-03 2.059000e-01
164 7.864880e-01 6.472000e-03 2.070400e-01
165 7.853080e-01 6.616000e-03 2.080760e-01
166 7.843280e-01 6.440000e-03 2.092320e-01
167 7.832320e-01 6.400000e-03 2.103680e-01
168 7.822880e-01 6.224000e-03 2.114880e-01
169 7.812080e-01 6.204000e-03 2.125880e-01
170 7.802360e-01 6.080000e-03 2.136840e-01
171 7.793120e-01 5.884000e-03 2.148040e-01
172 7.783120e-01 5.888000e-03 2.158000e-01
173 7.772720e-01 5.924000e-03 2.168040e-01
174 7.763600e-01 5.652000e-03 2.179880e-01
175 7.752880e-01 5.732000e-03 2.189800e-01
176 7.742880e-01 5.840000e-03 2.198720e-01
177 7.731960e-01 5.912000e-03 2.208920e-01
178 7.722160e-01 5.856000e-03 2.219280e-01
179 7.712320e-01 5.860000e-03 2.229080e-01
180 7.703320e-01 5.704000e-03 2.239640e-01
181 7.693800e-01 5.652000e-03 2.249680e-01
182 7.684360e-01 5.708000e-03 2.258560e-01
183 7.674520e-01 5.624000e-03 2.269240e-01
184 7.663840e-01 5.624000e-03 2.279920e-01
185 7.653160e-01 5.708000e-03 2.289760e-01
186 7.641720e-01 5.904000e-03 2.299240e-01
187 7.631280e-01 5.876000e-03 2.309960e-01
188 7.620760e-01 5.904000e-03 2.320200e-01
189 7.609920e-01 5.948000e-03 2.330600e-01
190 7.599360e-01 5.948000e-03 2.341160e-01
191 7.589360e-01 5.908000e-03 2.351560e-01
192 7.579160e-01 5.948000e-03 2.361360e-01
193 7.569520e-01 5.776000e-03 2.372720e-01
194 7.559320e-01 5.720000e-03 2.383480e-01
195 7.550640e-01 5.580000e-03 2.393560e-01
196 7.541440e-01 5.484000e-03 2.403720e-01
197 7.532480e-01 5.372000e-03 2.413800e-01
198 7.523840e-01 5.328000e-03 2.422880e-01
199 7.513760e-01 5.448000e-03 2.431760e-01
200 7.504200e-01 5.552000e-03 2.440280e-01
201 7.495640e-01 5.500000e-03 2.449360e-01
202 7.487760e-01 5.392000e-03 2.458320e-01
203 7.479160e-01 5.276000e-03 2.468080e-01
204 7.469240e-01 5.252000e-03 2.478240e-01
205 7.460920e-01 5.148000e-03 2.487600e-01
206 7.452240e-01 5.056000e-03 2.497200e-01
207 7.443560e-01 5.072000e-03 2.505720e-01
208 7.435480e-01 4.924000e-03 2.515280e-01
209 7.427880e-01 4.900000e-03 2.523120e-01
210 7.420800e-01 4.760000e-03 2.531600e-01
211 7.414520e-01 4.600000e-03 2.539480e-01
212 7.407560e-01 4.528000e-03 2.547160e-01
213 7.399440e-01 4.580000e-03 2.554760e-01
214 7.391320e-01 4.672000e-03 2.561960e-01
215 7.382520e-01 4.744000e-03 2.570040e-01
216 7.374560e-01 4.768000e-03 2.577760e-01
217 7.366360e-01 4.752000e-03 2.586120e-01
218 7.358480e-01 4.716000e-03 2.594360e-01
219 7.350480e-01 4.792000e-03 2.601600e-01
220 7.342600e-01 4.680000e-03 2.610600e-01
221 7.334040e-01 4.604000e-03 2.619920e-01
222 7.326920e-01 4.556000e-03 2.627520e-01
223 7.319360e-01 4.592000e-03 2.634720e-01
224 7.311280e-01 4.548000e-03 2.643240e-01
225 7.303280e-01 4.524000e-03 2.651480e-01
226 7.294840e-01 4.468000e-03 2.660480e-01
227 7.286880e-01 4.472000e-03 2.668400e-01
228 7.279160e-01 4.476000e-03 2.676080e-01
229 7.270440e-01 4.512000e-03 2.684440e-01
230 7.261240e-01 4.716000e-03 2.691600e-01
231 7.252640e-01 4.732000e-03 2.700040e-01
232 7.242680e-01 4.840000e-03 2.708920e-01
233 7.234560e-01 4.768000e-03 2.717760e-01
234 7.226640e-01 4.708000e-03 2.726280e-01
235 7.218840e-01 4.660000e-03 2.734560e-01
236 7.212280e-01 4.492000e-03 2.742800e-01
237 7.204600e-01 4.460000e-03 2.750800e-01
238 7.196720e-01 4.452000e-03 2.758760e-01
239 7.188840e-01 4.552000e-03 2.765640e-01
240 7.180320e-01 4.572000e-03 2.773960e-01
241 7.172160e-01 4.628000e-03 2.781560e-01
242 7.164280e-01 4.660000e-03 2.789120e-01
243 7.156800e-01 4.528000e-03 2.797920e-01
244 7.149520e-01 4.508000e-03 2.805400e-01
245 7.142880e-01 4.432000e-03 2.812800e-01
246 7.135800e-01 4.388000e-03 2.820320e-01
247 7.129120e-01 4.284000e-03 2.828040e-01
248 7.121120e-01 4.300000e-03 2.835880e-01
249 7.113640e-01 4.328000e-03 2.843080e-01
250 7.105480e-01 4.364000e-03 2.850880e-01
251 7.098560e-01 4.260000e-03 2.858840e-01
252 7.091040e-01 4.292000e-03 2.866040e-01
253 7.082880e-01 4.364000e-03 2.873480e-01
254 7.076720e-01 4.272000e-03 2.880560e-01
255 7.069120e-01 4.152000e-03 2.889360e-01
256 7.063320e-01 3.984000e-03 2.896840e-01
257 7.056640e-01 3.932000e-03 2.904040e-01
258 7.049440e-01 3.972000e-03 2.910840e-01
259 7.043680e-01 3.820000e-03 2.918120e-01
260 7.037840e-01 3.664000e-03 2.925520e-01
261 7.032640e-01 3.576000e-03 2.931600e-01
262 7.026400e-01 3.564000e-03 2.937960e-01
263 7.020400e-01 3.540000e-03 2.944200e-01
264 7.014160e-01 3.500000e-03 2.950840e-01
265 7.008120e-01 3.456000e-03 2.957320e-01
266 7.002840e-01 3.368000e-03 2.963480e-01
267 6.996520e-01 3.440000e-03 2.969080e-01
268 6.990600e-01 3.424000e-03 2.975160e-01
269 6.985440e-01 3.396000e-03 2.980600e-01
270 6.979240e-01 3.408000e-03 2.986680e-01
271 6.973240e-01 3.432000e-03 2.992440e-01
272 6.966800e-01 3.456000e-03 2.998640e-01
273 6.960800e-01 3.452000e-03 3.004680e-01
274 6.954920e-01 3.376000e-03 3.011320e-01
275 6.948880e-01 3.364000e-03 3.017480e-01
276 6.943480e-01 3.376000e-03 3.022760e-01
277 6.938840e-01 3.268000e-03 3.028480e-01
278 6.934040e-01 3.228000e-03 3.033680e-01
279 6.929080e-01 3.192000e-03 3.039000e-01
280 6.924200e-01 3.096000e-03 3.044840e-01
281 6.919040e-01 3.104000e-03 3.049920e-01
282 6.914480e-01 3.076000e-03 3.054760e-01
283 6.909200e-01 3.120000e-03 3.059600e-01
284 6.903440e-01 3.132000e-03 3.065240e-01
285 6.898760e-01 3.056000e-03 3.070680e-01
286 6.894080e-01 3.004000e-03 3.075880e-01
287 6.889080e-01 3.032000e-03 3.080600e-01
288 6.883640e-01 3.112000e-03 3.085240e-01
289 6.879080e-01 3.028000e-03 3.090640e-01
290 6.874680e-01 2.964000e-03 3.095680e-01
291 6.868880e-01 3.004000e-03 3.101080e-01
292 6.863640e-01 2.920000e-03 3.107160e-01
293 6.859240e-01 2.856000e-03 3.112200e-01
294 6.855040e-01 2.748000e-03 3.117480e-01
295 6.850320e-01 2.760000e-03 3.122080e-01
296 6.845400e-01 2.868000e-03 3.125920e-01
297 6.841280e-01 2.800000e-03 3.130720e-01
298 6.837240e-01 2.648000e-03 3.136280e-01
299 6.832440e-01 2.716000e-03 3.140400e-01
300 6.828800e-01 2.632000e-03 3.144880e-01
301 6.823120e-01 2.688000e-03 3.150000e-01
302 6.819160e-01 2.624000e-03 3.154600e-01
303 6.814920e-01 2.588000e-03 3.159200e-01
304 6.810480e-01 2.640000e-03 3.163120e-01
305 6.805240e-01 2.684000e-03 3.167920e-01
306 6.800760e-01 2.712000e-03 3.172120e-01
307 6.796320e-01 2.652000e-03 3.177160e-01
308 6.791560e-01 2.616000e-03 3.182280e-01
309 6.786680e-01 2.600000e-03 3.187320e-01
310 6.781720e-01 2.596000e-03 3.192320e-01
311 6.777280e-01 2.620000e-03 3.196520e-01
312 6.772280e-01 2.700000e-03 3.200720e-01
313 6.767680e-01 2.660000e-03 3.205720e-01
314 6.763000e-01 2.684000e-03 3.210160e-01
315 6.758480e-01 2.756000e-03 3.213960e-01
316 6.753280e-01 2.772000e-03 3.219000e-01
317 6.748400e-01 2.792000e-03 3.223680e-01
318 6.743960e-01 2.736000e-03 3.228680e-01
319 6.739760e-01 2.680000e-03 3.233440e-01
320 6.735280e-01 2.668000e-03 3.238040e-01
321 6.730400e-01 2.680000e-03 3.242800e-01
322 6.725000e-01 2.752000e-03 3.247480e-01
323 6.720480e-01 2.724000e-03 3.252280e-01
324 6.715840e-01 2.656000e-03 3.257600e-01
325 6.710600e-01 2.696000e-03 3.262440e-01
326 6.705920e-01 2.624000e-03 3.267840e-01
327 6.701680e-01 2.536000e-03 3.272960e-01
328 6.696840e-01 2.628000e-03 3.276880e-01
329 6.692080e-01 2.656000e-03 3.281360e-01
330 6.687080e-01 2.684000e-03 3.286080e-01
331 6.683040e-01 2.608000e-03 3.290880e-01
332 6.678040e-01 2.612000e-03 3.295840e-01
333 6.673280e-01 2.696000e-03 3.299760e-01
334 6.667560e-01 2.752000e-03 3.304920e-01
335 6.662280e-01 2.808000e-03 3.309640e-01
336 6.656880e-01 2.824000e-03 3.314880e-01
337 6.652480e-01 2.808000e-03 3.319440e-01
338 6.648360e-01 2.688000e-03 3.324760e-01
339 6.644120e-01 2.672000e-03 3.329160e-01
340 6.639720e-01 2.612000e-03 3.334160e-01
341 6.635280e-01 2.576000e-03 3.338960e-01
342 6.631000e-01 2.520000e-03 3.343800e-01
343 6.625520e-01 2.684000e-03 3.347640e-01
344 6.620680e-01 2.648000e-03 3.352840e-01
345 6.615760e-01 2.632000e-03 3.357920e-01
346 6.610920e-01 2.616000e-03 3.362920e-01
347 6.607000e-01 2.584000e-03 3.367160e-01
348 6.603120e-01 2.496000e-03 3.371920e-01
349 6.598760e-01 2.436000e-03 3.376880e-01
350 6.595400e-01 2.364000e-03 3.380960e-01
351 6.591560e-01 2.400000e-03 3.384440e-01
352 6.587920e-01 2.316000e-03 3.388920e-01
353 6.584040e-01 2.320000e-03 3.392760e-01
354 6.580280e-01 2.360000e-03 3.396120e-01
355 6.576600e-01 2.372000e-03 3.399680e-01
356 6.573320e-01 2.284000e-03 3.403840e-01
357 6.568680e-01 2.420000e-03 3.407120e-01
358 6.565840e-01 2.212000e-03 3.412040e-01
359 6.562360e-01 2.152000e-03 3.416120e-01
360 6.557800e-01 2.304000e-03 3.419160e-01
361 6.553240e-01 2.468000e-03 3.422080e-01
362 6.549280e-01 2.440000e-03 3.426320e-01
363 6.544560e-01 2.516000e-03 3.430280e-01
364 6.539400e-01 2.576000e-03 3.434840e-01
365 6.535120e-01 2.560000e-03 3.439280e-01
366 6.530320e-01 2.540000e-03 3.444280e-01
367 6.525720e-01 2.620000e-03 3.448080e-01
368 6.521680e-01 2.512000e-03 3.453200e-01
369 6.516920e-01 2.532000e-03 3.457760e-01
370 6.512400e-01 2.580000e-03 3.461800e-01
371 6.506960e-01 2.676000e-03 3.466280e-01
372 6.502200e-01 2.680000e-03 3.471000e-01
373 6.497480e-01 2.648000e-03 3.476040e-01
374 6.492800e-01 2.684000e-03 3.480360e-01
375 6.487880e-01 2.644000e-03 3.485680e-01
376 6.483000e-01 2.692000e-03 3.490080e-01
377 6.478200e-01 2.744000e-03 3.494360e-01
378 6.474120e-01 2.684000e-03 3.499040e-01
379 6.469360e-01 2.692000e-03 3.503720e-01
380 6.465120e-01 2.676000e-03 3.508120e-01
381 6.461160e-01 2.676000e-03 3.512080e-01
382 6.456400e-01 2.736000e-03 3.516240e-01
383 6.451840e-01 2.728000e-03 3.520880e-01
384 6.447760e-01 2.656000e-03 3.525680e-01
385 6.443560e-01 2.568000e-03 3.530760e-01
386 6.439000e-01 2.536000e-03 3.535640e-01
387 6.435040e-01 2.436000e-03 3.540600e-01
388 6.431280e-01 2.312000e-03 3.545600e-01
389 6.427120e-01 2.368000e-03 3.549200e-01
390 6.422880e-01 2.392000e-03 3.553200e-01
391 6.418680e-01 2.376000e-03 3.557560e-01
392 6.414040e-01 2.372000e-03 3.562240e-01
393 6.409880e-01 2.348000e-03 3.566640e-01
394 6.405800e-01 2.336000e-03 3.570840e-01
395 6.401120e-01 2.412000e-03 3.574760e-01
396 6.396200e-01 2.484000e-03 3.578960e-01
397 6.392160e-01 2.492000e-03 3.582920e-01
398 6.387920e-01 2.456000e-03 3.587520e-01
399 6.383280e-01 2.508000e-03 3.591640e-01
400 6.378640e-01 2.536000e-03 3.596000e-01
401 6.373960e-01 2.528000e-03 3.600760e-01
402 6.369280e-01 2.524000e-03 3.605480e-01
403 6.364600e-01 2.532000e-03 3.610080e-01
404 6.361000e-01 2.412000e-03 3.614880e-01
405 6.356920e-01 2.376000e-03 3.619320e-01
406 6.352680e-01 2.408000e-03 3.623240e-01
407 6.347640e-01 2.520000e-03 3.627160e-01
408 6.342920e-01 2.572000e-03 3.631360e-01
409 6.338240e-01 2.564000e-03 3.636120e-01
410 6.334120e-01 2.532000e-03 3.640560e-01
411 6.330680e-01 2.520000e-03 3.644120e-01
412 6.326960e-01 2.440000e-03 3.648640e-01
413 6.322200e-01 2.512000e-03 3.652680e-01
414 6.317840e-01 2.476000e-03 3.657400e-01
415 6.313960e-01 2.444000e-03 3.661600e-01
416 6.309880e-01 2.356000e-03 3.666560e-01
417 6.305800e-01 2.352000e-03 3.670680e-01
418 6.301800e-01 2.336000e-03 3.674840e-01
419 6.297960e-01 2.352000e-03 3.678520e-01
420 6.293960e-01 2.368000e-03 3.682360e-01
421 6.291120e-01 2.268000e-03 3.686200e-01
422 6.287600e-01 2.228000e-03 3.690120e-01
423 6.284560e-01 2.068000e-03 3.694760e-01
424 6.281240e-01 2.108000e-03 3.697680e-01
425 6.278000e-01 2.072000e-03 3.701280e-01
426 6.274760e-01 2.012000e-03 3.705120e-01
427 6.271400e-01 2.040000e-03 3.708200e-01
428 6.268240e-01 2.036000e-03 3.711400e-01
429 6.264560e-01 2.040000e-03 3.715040e-01
430 6.260920e-01 2.048000e-03 3.718600e-01
431 6.257560e-01 2.008000e-03 3.722360e-01
432 6.254960e-01 1.872000e-03 3.726320e-01
433 6.252840e-01 1.724000e-03 3.729920e-01
434 6.250040e-01 1.716000e-03 3.732800e-01
435 6.247280e-01 1.684000e-03 3.735880e-01
436 6.244000e-01 1.676000e-03 3.739240e-01
437 6.240440e-01 1.776000e-03 3.741800e-01
438 6.236440e-01 1.868000e-03 3.744880e-01
439 6.232840e-01 1.912000e-03 3.748040e-01
440 6.228640e-01 1.996000e-03 3.751400e-01
441 6.224440e-01 2.032000e-03 3.755240e-01
442 6.220600e-01 2.096000e-03 3.758440e-01
443 6.217040e-01 2.092000e-03 3.762040e-01
444 6.213720e-01 2.100000e-03 3.765280e-01
445 6.210440e-01 1.996000e-03 3.769600e-01
446 6.207280e-01 1.940000e-03 3.773320e-01
447 6.204360e-01 1.828000e-03 3.777360e-01
448 6.200600e-01 1.900000e-03 3.780400e-01
449 6.197120e-01 1.916000e-03 3.783720e-01
450 6.193160e-01 2.012000e-03 3.786720e-01
451 6.188600e-01 2.096000e-03 3.790440e-01
452 6.184880e-01 2.108000e-03 3.794040e-01
453 6.181600e-01 2.084000e-03 3.797560e-01
454 6.178040e-01 2.072000e-03 3.801240e-01
455 6.174560e-01 2.068000e-03 3.804760e-01
456 6.170280e-01 2.172000e-03 3.808000e-01
457 6.166680e-01 2.148000e-03 3.811840e-01
458 6.163160e-01 2.148000e-03 3.815360e-01
459 6.159520e-01 2.040000e-03 3.820080e-01
460 6.155960e-01 2.036000e-03 3.823680e-01
461 6.152400e-01 2.020000e-03 3.827400e-01
462 6.148600e-01 2.100000e-03 3.830400e-01
463 6.144960e-01 2.120000e-03 3.833840e-01
464 6.141440e-01 2.112000e-03 3.837440e-01
465 6.137240e-01 2.176000e-03 3.841000e-01
466 6.133680e-01 2.188000e-03 3.844440e-01
467 6.130320e-01 2.152000e-03 3.848160e-01
468 6.126920e-01 2.172000e-03 3.851360e-01
469 6.123880e-01 2.156000e-03 3.854560e-01
470 6.120200e-01 2.096000e-03 3.858840e-01
471 6.116200e-01 2.060000e-03 3.863200e-01
472 6.112640e-01 2.136000e-03 3.866000e-01
473 6.109240e-01 2.104000e-03 3.869720e-01
474 6.105960e-01 2.028000e-03 3.873760e-01
475 6.102840e-01 1.944000e-03 3.877720e-01
476 6.099680e-01 1.952000e-03 3.880800e-01
477 6.096240e-01 1.936000e-03 3.884400e-01
478 6.092920e-01 1.932000e-03 3.887760e-01
479 6.090360e-01 1.860000e-03 3.891040e-01
480 6.087080e-01 1.812000e-03 3.894800e-01
481 6.083560e-01 1.892000e-03 3.897520e-01
482 6.080440e-01 1.892000e-03 3.900640e-01
483 6.077600e-01 1.900000e-03 3.903400e-01
484 6.074680e-01 1.888000e-03 3.906440e-01
485 6.071480e-01 1.864000e-03 3.909880e-01
486 6.067600e-01 1.940000e-03 3.913000e-01
487 6.064360e-01 1.932000e-03 3.916320e-01
488 6.061040e-01 1.920000e-03 3.919760e-01
489 6.057520e-01 1.968000e-03 3.922800e-01
490 6.055040e-01 1.872000e-03 3.926240e-01
491 6.052600e-01 1.788000e-03 3.929520e-01
492 6.049320e-01 1.828000e-03 3.932400e-01
493 6.046160e-01 1.864000e-03 3.935200e-01
494 6.042720e-01 1.936000e-03 3.937920e-01
495 6.039360e-01 1.948000e-03 3.941160e-01
496 6.035320e-01 1.988000e-03 3.944800e-01
497 6.031480e-01 2.040000e-03 3.948120e-01
498 6.027600e-01 2.140000e-03 3.951000e-01
499 6.023160e-01 2.252000e-03 3.954320e-01
500 6.019520e-01 2.200000e-03 3.958480e-01
