1 9.991880e-01 7.120000e-04 1.000000e-04
2 9.987040e-01 1.052000e-03 2.440000e-04
3 9.980880e-01 1.428000e-03 4.840000e-04
4 9.973760e-01 1.848000e-03 7.760000e-04
5 9.966480e-01 2.220000e-03 1.132000e-03
6 9.957160e-01 2.792000e-03 1.492000e-03
7 9.949480e-01 3.020000e-03 2.032000e-03
8 9.941600e-01 3.256000e-03 2.584000e-03
9 9.932360e-01 3.496000e-03 3.268000e-03
10 9.922920e-01 3.856000e-03 3.852000e-03
11 9.914000e-01 4.128000e-03 4.472000e-03
12 9.904080e-01 4.372000e-03 5.220000e-03
13 9.892840e-01 4.712000e-03 6.004000e-03
14 9.881680e-01 4.976000e-03 6.856000e-03
15 9.869840e-01 5.264000e-03 7.752000e-03
16 9.859080e-01 5.396000e-03 8.696000e-03
17 9.847360e-01 5.544000e-03 9.720000e-03
18 9.835680e-01 5.880000e-03 1.055200e-02
19 9.823000e-01 6.064000e-03 1.163600e-02
20 9.808440e-01 6.508000e-03 1.264800e-02
21 9.794920e-01 6.724000e-03 1.378400e-02
22 9.780560e-01 6.924000e-03 1.502000e-02
23 9.765600e-01 7.084000e-03 1.635600e-02
24 9.752800e-01 7.212000e-03 1.750800e-02
25 9.738200e-01 7.452000e-03 1.872800e-02
26 9.723080e-01 7.632000e-03 2.006000e-02
27 9.709960e-01 7.624000e-03 2.138000e-02
28 9.695680e-01 7.628000e-03 2.280400e-02
29 9.680920e-01 7.656000e-03 2.425200e-02
30 9.664680e-01 8.004000e-03 2.552800e-02
31 9.650080e-01 8.044000e-03 2.694800e-02
32 9.635680e-01 8.076000e-03 2.835600e-02
33 9.619880e-01 8.284000e-03 2.972800e-02
34 9.605120e-01 8.196000e-03 3.129200e-02
35 9.589720e-01 8.416000e-03 3.261200e-02
36 9.575560e-01 8.452000e-03 3.399200e-02
37 9.562000e-01 8.388000e-03 3.541200e-02
38 9.547680e-01 8.216000e-03 3.701600e-02
39 9.534200e-01 8.176000e-03 3.840400e-02
40 9.519360e-01 8.140000e-03 3.992400e-02
41 9.505000e-01 8.136000e-03 4.136400e-02
42 9.490000e-01 8.124000e-03 4.287600e-02
43 9.474000e-01 8.336000e-03 4.426400e-02
44 9.459920e-01 8.296000e-03 4.571200e-02
45 9.445120e-01 8.292000e-03 4.719600e-02
46 9.429920e-01 8.432000e-03 4.857600e-02
47 9.415760e-01 8.368000e-03 5.005600e-02
48 9.401560e-01 8.316000e-03 5.152800e-02
49 9.386520e-01 8.416000e-03 5.293200e-02
50 9.371400e-01 8.440000e-03 5.442000e-02
51 9.356840e-01 8.524000e-03 5.579200e-02
52 9.341240e-01 8.600000e-03 5.727600e-02
53 9.328120e-01 8.480000e-03 5.870800e-02
54 9.313840e-01 8.472000e-03 6.014400e-02
55 9.299200e-01 8.472000e-03 6.160800e-02
56 9.284080e-01 8.444000e-03 6.314800e-02
57 9.269200e-01 8.436000e-03 6.464400e-02
58 9.254120e-01 8.588000e-03 6.600000e-02
59 9.238640e-01 8.644000e-03 6.749200e-02
60 9.224640e-01 8.452000e-03 6.908400e-02
61 9.210560e-01 8.356000e-03 7.058800e-02
62 9.195240e-01 8.524000e-03 7.195200e-02
63 9.181840e-01 8.404000e-03 7.341200e-02
64 9.167760e-01 8.316000e-03 7.490800e-02
65 9.154560e-01 8.128000e-03 7.641600e-02
66 9.141480e-01 8.088000e-03 7.776400e-02
67 9.128280e-01 8.028000e-03 7.914400e-02
68 9.113080e-01 8.096000e-03 8.059600e-02
69 9.099280e-01 8.196000e-03 8.187600e-02
70 9.086120e-01 8.084000e-03 8.330400e-02
71 9.071800e-01 8.028000e-03 8.479200e-02
72 9.058680e-01 7.964000e-03 8.616800e-02
73 9.043960e-01 8.128000e-03 8.747600e-02
74 9.030880e-01 7.928000e-03 8.898400e-02
75 9.015040e-01 8.200000e-03 9.029600e-02
76 9.002360e-01 8.088000e-03 9.167600e-02
77 8.987600e-01 8.140000e-03 9.310000e-02
78 8.973440e-01 8.200000e-03 9.445600e-02
79 8.957560e-01 8.280000e-03 9.596400e-02
80 8.942320e-01 8.300000e-03 9.746800e-02
81 8.926320e-01 8.576000e-03 9.879200e-02
82 8.910440e-01 8.832000e-03 1.001240e-01
83 8.894360e-01 8.892000e-03 1.016720e-01
84 8.876920e-01 9.148000e-03 1.031600e-01
85 8.861120e-01 9.072000e-03 1.048160e-01
86 8.846200e-01 9.032000e-03 1.063480e-01
87 8.830160e-01 9.180000e-03 1.078040e-01
88 8.815280e-01 9.124000e-03 1.093480e-01
89 8.799640e-01 9.080000e-03 1.109560e-01
90 8.784640e-01 8.996000e-03 1.125400e-01
91 8.770320e-01 8.792000e-03 1.141760e-01
92 8.755280e-01 8.900000e-03 1.155720e-01
93 8.741760e-01 8.652000e-03 1.171720e-01
94 8.728360e-01 8.536000e-03 1.186280e-01
95 8.714920e-01 8.260000e-03 1.202480e-01
96 8.702320e-01 7.992000e-03 1.217760e-01
97 8.688680e-01 8.012000e-03 1.231200e-01
98 8.675440e-01 7.972000e-03 1.244840e-01
99 8.661800e-01 8.000000e-03 1.258200e-01
100 8.649040e-01 7.980000e-03 1.271160e-01
101 8.634120e-01 8.148000e-03 1.284400e-01
102 8.620400e-01 8.148000e-03 1.298120e-01
103 8.605640e-01 8.188000e-03 1.312480e-01
104 8.591920e-01 8.244000e-03 1.325640e-01
105 8.578120e-01 8.012000e-03 1.341760e-01
106 8.563760e-01 8.032000e-03 1.355920e-01
107 8.550080e-01 8.048000e-03 1.369440e-01
108 8.536280e-01 8.092000e-03 1.382800e-01
109 8.523000e-01 8.056000e-03 1.396440e-01
110 8.508720e-01 8.068000e-03 1.410600e-01
111 8.495320e-01 8.088000e-03 1.423800e-01
112 8.480760e-01 8.140000e-03 1.437840e-01
113 8.467200e-01 8.052000e-03 1.452280e-01
114 8.453200e-01 7.924000e-03 1.467560e-01
115 8.438880e-01 8.028000e-03 1.480840e-01
116 8.426040e-01 7.864000e-03 1.495320e-01
117 8.413360e-01 7.864000e-03 1.508000e-01
118 8.400520e-01 7.836000e-03 1.521120e-01
119 8.386960e-01 7.756000e-03 1.535480e-01
120 8.373400e-01 7.672000e-03 1.549880e-01
121 8.360240e-01 7.692000e-03 1.562840e-01
122 8.346360e-01 7.808000e-03 1.575560e-01
123 8.331600e-01 7.864000e-03 1.589760e-01
124 8.317280e-01 7.880000e-03 1.603920e-01
125 8.304240e-01 7.764000e-03 1.618120e-01
126 8.291800e-01 7.648000e-03 1.631720e-01
127 8.279680e-01 7.496000e-03 1.645360e-01
128 8.267360e-01 7.460000e-03 1.658040e-01
129 8.255560e-01 7.456000e-03 1.669880e-01
130 8.243560e-01 7.360000e-03 1.682840e-01
131 8.231560e-01 7.296000e-03 1.695480e-01
132 8.219520e-01 7.216000e-03 1.708320e-01
133 8.208920e-01 6.924000e-03 1.721840e-01
134 8.196920e-01 6.900000e-03 1.734080e-01
135 8.184320e-01 6.992000e-03 1.745760e-01
136 8.171640e-01 7.012000e-03 1.758240e-01
137 8.157680e-01 7.116000e-03 1.771160e-01
138 8.144960e-01 7.152000e-03 1.783520e-01
139 8.131600e-01 7.288000e-03 1.795520e-01
140 8.117120e-01 7.496000e-03 1.807920e-01
141 8.103200e-01 7.644000e-03 1.820360e-01
142 8.089640e-01 7.648000e-03 1.833880e-01
143 8.076080e-01 7.716000e-03 1.846760e-01
144 8.061040e-01 7.976000e-03 1.859200e-01
145 8.047560e-01 7.900000e-03 1.873440e-01
146 8.035280e-01 7.684000e-03 1.887880e-01
147 8.022560e-01 7.636000e-03 1.901080e-01
148 8.011000e-01 7.472000e-03 1.914280e-01
149 7.999280e-01 7.328000e-03 1.927440e-01
150 7.987360e-01 7.296000e-03 1.939680e-01
151 7.976440e-01 7.172000e-03 1.951840e-01
152 7.964160e-01 7.136000e-03 1.964480e-01
153 7.952800e-01 6.972000e-03 1.977480e-01
154 7.939760e-01 7.044000e-03 1.989800e-01
155 7.929640e-01 6.888000e-03 2.001480e-01
156 7.916080e-01 7.100000e-03 2.012920e-01
157 7.903800e-01 7.148000e-03 2.024720e-01
158 7.890360e-01 7.308000e-03 2.036560e-01
159 7.877200e-01 7.420000e-03 2.048600e-01
160 7.865240e-01 7.292000e-03 2.061840e-01
161 7.852040e-01 7.376000e-03 2.074200e-01
162 7.840040e-01 7.292000e-03 2.087040e-01
163 7.826640e-01 7.396000e-03 2.099400e-01
164 7.814400e-01 7.376000e-03 2.111840e-01
165 7.802680e-01 7.220000e-03 2.125120e-01
166 7.790360e-01 7.172000e-03 2.137920e-01
167 7.778400e-01 7.004000e-03 2.151560e-01
168 7.767680e-01 6.888000e-03 2.163440e-01
169 7.753640e-01 7.120000e-03 2.175160e-01
170 7.739760e-01 7.288000e-03 2.187360e-01
171 7.726960e-01 7.272000e-03 2.200320e-01
172 7.714160e-01 7.324000e-03 2.212600e-01
173 7.700640e-01 7.440000e-03 2.224960e-01
174 7.688680e-01 7.240000e-03 2.238920e-01
175 7.676800e-01 7.284000e-03 2.250360e-01
176 7.664800e-01 7.108000e-03 2.264120e-01
177 7.652000e-01 7.244000e-03 2.275560e-01
178 7.639840e-01 7.140000e-03 2.288760e-01
179 7.628440e-01 7.040000e-03 2.301160e-01
180 7.616760e-01 7.012000e-03 2.313120e-01
181 7.604600e-01 7.008000e-03 2.325320e-01
182 7.591280e-01 7.136000e-03 2.337360e-01
183 7.578040e-01 7.168000e-03 2.350280e-01
184 7.565480e-01 7.068000e-03 2.363840e-01
185 7.554040e-01 6.916000e-03 2.376800e-01
186 7.542200e-01 6.852000e-03 2.389280e-01
187 7.531160e-01 6.852000e-03 2.400320e-01
188 7.520560e-01 6.660000e-03 2.412840e-01
189 7.510080e-01 6.520000e-03 2.424720e-01
190 7.500080e-01 6.424000e-03 2.435680e-01
191 7.489640e-01 6.436000e-03 2.446000e-01
192 7.479520e-01 6.296000e-03 2.457520e-01
193 7.469400e-01 6.220000e-03 2.468400e-01
194 7.459760e-01 6.176000e-03 2.478480e-01
195 7.449080e-01 6.232000e-03 2.488600e-01
196 7.438400e-01 6.164000e-03 2.499960e-01
197 7.429080e-01 6.028000e-03 2.510640e-01
198 7.419880e-01 5.872000e-03 2.521400e-01
199 7.410960e-01 5.704000e-03 2.532000e-01
200 7.402200e-01 5.624000e-03 2.541560e-01
201 7.392280e-01 5.692000e-03 2.550800e-01
202 7.382800e-01 5.616000e-03 2.561040e-01
203 7.372320e-01 5.652000e-03 2.571160e-01
204 7.362560e-01 5.508000e-03 2.582360e-01
205 7.353960e-01 5.424000e-03 2.591800e-01
206 7.343320e-01 5.552000e-03 2.601160e-01
207 7.335160e-01 5.436000e-03 2.610480e-01
208 7.325640e-01 5.460000e-03 2.619760e-01
209 7.318480e-01 5.288000e-03 2.628640e-01
210 7.310080e-01 5.184000e-03 2.638080e-01
211 7.303280e-01 4.952000e-03 2.647200e-01
212 7.295240e-01 4.920000e-03 2.655560e-01
213 7.287520e-01 4.812000e-03 2.664360e-01
214 7.280240e-01 4.680000e-03 2.672960e-01
215 7.273440e-01 4.616000e-03 2.680400e-01
216 7.265400e-01 4.604000e-03 2.688560e-01
217 7.257680e-01 4.488000e-03 2.697440e-01
218 7.250960e-01 4.308000e-03 2.705960e-01
219 7.243520e-01 4.372000e-03 2.712760e-01
220 7.236880e-01 4.188000e-03 2.721240e-01
221 7.231120e-01 3.996000e-03 2.728920e-01
222 7.225480e-01 3.788000e-03 2.736640e-01
223 7.218560e-01 3.860000e-03 2.742840e-01
224 7.212360e-01 3.712000e-03 2.750520e-01
225 7.206560e-01 3.632000e-03 2.757120e-01
226 7.200360e-01 3.608000e-03 2.763560e-01
227 7.194520e-01 3.504000e-03 2.770440e-01
228 7.189360e-01 3.404000e-03 2.776600e-01
229 7.183560e-01 3.396000e-03 2.782480e-01
230 7.177800e-01 3.440000e-03 2.787800e-01
231 7.172080e-01 3.396000e-03 2.793960e-01
232 7.166960e-01 3.284000e-03 2.800200e-01
233 7.161680e-01 3.212000e-03 2.806200e-01
234 7.156360e-01 3.252000e-03 2.811120e-01
235 7.150720e-01 3.168000e-03 2.817600e-01
236 7.145000e-01 3.128000e-03 2.823720e-01
237 7.138480e-01 3.212000e-03 2.829400e-01
238 7.132320e-01 3.160000e-03 2.836080e-01
239 7.126800e-01 3.168000e-03 2.841520e-01
240 7.121080e-01 3.212000e-03 2.846800e-01
241 7.115760e-01 3.260000e-03 2.851640e-01
242 7.109640e-01 3.268000e-03 2.857680e-01
243 7.103320e-01 3.260000e-03 2.864080e-01
244 7.098160e-01 3.220000e-03 2.869640e-01
245 7.092440e-01 3.220000e-03 2.875360e-01
246 7.087640e-01 3.080000e-03 2.881560e-01
247 7.081120e-01 3.228000e-03 2.886600e-01
248 7.075720e-01 3.184000e-03 2.892440e-01
249 7.069920e-01 3.184000e-03 2.898240e-01
250 7.063040e-01 3.352000e-03 2.903440e-01
251 7.055800e-01 3.536000e-03 2.908840e-01
252 7.049520e-01 3.556000e-03 2.914920e-01
253 7.043920e-01 3.420000e-03 2.921880e-01
254 7.038080e-01 3.424000e-03 2.927680e-01
255 7.032400e-01 3.284000e-03 2.934760e-01
256 7.027120e-01 3.224000e-03 2.940640e-01
257 7.021600e-01 3.156000e-03 2.946840e-01
258 7.015840e-01 3.160000e-03 2.952560e-01
259 7.010680e-01 3.112000e-03 2.958200e-01
260 7.003760e-01 3.208000e-03 2.964160e-01
261 6.995960e-01 3.484000e-03 2.969200e-01
262 6.989480e-01 3.552000e-03 2.975000e-01
263 6.981840e-01 3.636000e-03 2.981800e-01
264 6.976640e-01 3.520000e-03 2.988160e-01
265 6.970520e-01 3.488000e-03 2.994600e-01
266 6.965200e-01 3.408000e-03 3.000720e-01
267 6.959200e-01 3.460000e-03 3.006200e-01
268 6.953440e-01 3.348000e-03 3.013080e-01
269 6.948400e-01 3.324000e-03 3.018360e-01
270 6.943320e-01 3.300000e-03 3.023680e-01
271 6.938080e-01 3.224000e-03 3.029680e-01
272 6.932520e-01 3.188000e-03 3.035600e-01
273 6.926440e-01 3.268000e-03 3.040880e-01
274 6.920440e-01 3.232000e-03 3.047240e-01
275 6.914960e-01 3.256000e-03 3.052480e-01
276 6.909680e-01 3.176000e-03 3.058560e-01
277 6.903480e-01 3.244000e-03 3.064080e-01
278 6.898120e-01 3.292000e-03 3.068960e-01
279 6.891680e-01 3.392000e-03 3.074400e-01
280 6.886120e-01 3.372000e-03 3.080160e-01
281 6.880520e-01 3.368000e-03 3.085800e-01
282 6.875120e-01 3.248000e-03 3.092400e-01
283 6.869560e-01 3.324000e-03 3.097200e-01
284 6.863720e-01 3.332000e-03 3.102960e-01
285 6.857480e-01 3.348000e-03 3.109040e-01
286 6.851240e-01 3.376000e-03 3.115000e-01
287 6.844880e-01 3.424000e-03 3.120880e-01
288 6.839080e-01 3.352000e-03 3.127400e-01
289 6.832800e-01 3.420000e-03 3.133000e-01
290 6.826360e-01 3.520000e-03 3.138440e-01
291 6.819240e-01 3.628000e-03 3.144480e-01
292 6.813160e-01 3.648000e-03 3.150360e-01
293 6.806600e-01 3.688000e-03 3.156520e-01
294 6.800440e-01 3.560000e-03 3.163960e-01
295 6.794560e-01 3.528000e-03 3.170160e-01
296 6.788520e-01 3.532000e-03 3.176160e-01
297 6.782440e-01 3.532000e-03 3.182240e-01
298 6.777080e-01 3.400000e-03 3.188920e-01
299 6.771480e-01 3.416000e-03 3.194360e-01
300 6.765640e-01 3.452000e-03 3.199840e-01
301 6.760280e-01 3.376000e-03 3.205960e-01
302 6.754440e-01 3.412000e-03 3.211440e-01
303 6.748960e-01 3.396000e-03 3.217080e-01
304 6.743160e-01 3.460000e-03 3.222240e-01
305 6.737240e-01 3.464000e-03 3.228120e-01
306 6.731560e-01 3.356000e-03 3.234880e-01
307 6.726440e-01 3.268000e-03 3.240880e-01
308 6.722120e-01 3.084000e-03 3.247040e-01
309 6.716240e-01 3.160000e-03 3.252160e-01
310 6.711320e-01 3.080000e-03 3.257880e-01
311 6.706120e-01 3.072000e-03 3.263160e-01
312 6.701520e-01 2.992000e-03 3.268560e-01
313 6.696120e-01 3.080000e-03 3.273080e-01
314 6.690360e-01 3.136000e-03 3.278280e-01
315 6.684400e-01 3.156000e-03 3.284040e-01
316 6.678680e-01 3.188000e-03 3.289440e-01
317 6.673560e-01 3.060000e-03 3.295840e-01
318 6.667800e-01 3.084000e-03 3.301360e-01
319 6.662920e-01 2.992000e-03 3.307160e-01
320 6.657920e-01 2.964000e-03 3.312440e-01
321 6.653080e-01 2.992000e-03 3.317000e-01
322 6.647680e-01 3.008000e-03 3.322240e-01
323 6.643560e-01 2.924000e-03 3.327200e-01
324 6.636320e-01 3.028000e-03 3.333400e-01
325 6.630600e-01 3.112000e-03 3.338280e-01
326 6.625320e-01 3.060000e-03 3.344080e-01
327 6.619200e-01 3.084000e-03 3.349960e-01
328 6.613280e-01 3.140000e-03 3.355320e-01
329 6.607720e-01 3.112000e-03 3.361160e-01
330 6.602000e-01 3.104000e-03 3.366960e-01
331 6.596360e-01 3.088000e-03 3.372760e-01
332 6.591520e-01 3.064000e-03 3.377840e-01
333 6.585000e-01 3.176000e-03 3.383240e-01
334 6.578480e-01 3.236000e-03 3.389160e-01
335 6.571960e-01 3.316000e-03 3.394880e-01
336 6.566440e-01 3.372000e-03 3.399840e-01
337 6.560480e-01 3.368000e-03 3.405840e-01
338 6.554080e-01 3.452000e-03 3.411400e-01
339 6.547200e-01 3.504000e-03 3.417760e-01
340 6.541000e-01 3.412000e-03 3.424880e-01
341 6.535360e-01 3.408000e-03 3.430560e-01
342 6.530480e-01 3.276000e-03 3.436760e-01
343 6.525280e-01 3.308000e-03 3.441640e-01
344 6.520520e-01 3.188000e-03 3.447600e-01
345 6.514200e-01 3.164000e-03 3.454160e-01
346 6.509600e-01 3.076000e-03 3.459640e-01
347 6.504360e-01 3.076000e-03 3.464880e-01
348 6.498880e-01 3.100000e-03 3.470120e-01
349 6.493640e-01 3.060000e-03 3.475760e-01
350 6.489320e-01 2.944000e-03 3.481240e-01
351 6.484080e-01 3.016000e-03 3.485760e-01
352 6.477880e-01 3.116000e-03 3.490960e-01
353 6.471880e-01 3.124000e-03 3.496880e-01
354 6.465320e-01 3.208000e-03 3.502600e-01
355 6.458840e-01 3.292000e-03 3.508240e-01
356 6.451880e-01 3.404000e-03 3.514080e-01
357 6.445800e-01 3.388000e-03 3.520320e-01
358 6.439480e-01 3.468000e-03 3.525840e-01
359 6.434280e-01 3.336000e-03 3.532360e-01
360 6.428400e-01 3.264000e-03 3.538960e-01
361 6.423760e-01 3.116000e-03 3.545080e-01
362 6.418160e-01 3.124000e-03 3.550600e-01
363 6.413280e-01 3.096000e-03 3.555760e-01
364 6.408600e-01 2.992000e-03 3.561480e-01
365 6.403240e-01 3.052000e-03 3.566240e-01
366 6.397680e-01 3.076000e-03 3.571560e-01
367 6.392920e-01 2.920000e-03 3.577880e-01
368 6.387280e-01 2.992000e-03 3.582800e-01
369 6.382680e-01 2.892000e-03 3.588400e-01
370 6.378120e-01 2.832000e-03 3.593560e-01
371 6.373040e-01 2.868000e-03 3.598280e-01
372 6.367880e-01 2.872000e-03 3.603400e-01
373 6.363360e-01 2.800000e-03 3.608640e-01
374 6.358920e-01 2.692000e-03 3.614160e-01
375 6.354800e-01 2.700000e-03 3.618200e-01
376 6.349480e-01 2.696000e-03 3.623560e-01
377 6.344920e-01 2.720000e-03 3.627880e-01
378 6.341040e-01 2.676000e-03 3.632200e-01
379 6.336800e-01 2.584000e-03 3.637360e-01
380 6.332240e-01 2.656000e-03 3.641200e-01
381 6.328200e-01 2.584000e-03 3.645960e-01
382 6.324520e-01 2.408000e-03 3.651400e-01
383 6.321000e-01 2.356000e-03 3.655440e-01
384 6.316640e-01 2.404000e-03 3.659320e-01
385 6.313000e-01 2.272000e-03 3.664280e-01
386 6.309160e-01 2.236000e-03 3.668480e-01
387 6.305440e-01 2.236000e-03 3.672200e-01
388 6.301880e-01 2.216000e-03 3.675960e-01
389 6.297600e-01 2.208000e-03 3.680320e-01
390 6.293960e-01 2.180000e-03 3.684240e-01
391 6.290480e-01 2.212000e-03 3.687400e-01
392 6.286560e-01 2.212000e-03 3.691320e-01
393 6.282840e-01 2.200000e-03 3.695160e-01
394 6.279280e-01 2.200000e-03 3.698720e-01
395 6.275520e-01 2.208000e-03 3.702400e-01
396 6.271280e-01 2.196000e-03 3.706760e-01
397 6.267760e-01 2.200000e-03 3.710240e-01
398 6.264280e-01 2.192000e-03 3.713800e-01
399 6.260400e-01 2.180000e-03 3.717800e-01
400 6.257200e-01 2.136000e-03 3.721440e-01
401 6.253600e-01 2.184000e-03 3.724560e-01
402 6.250440e-01 2.128000e-03 3.728280e-01
403 6.246640e-01 2.092000e-03 3.732440e-01
404 6.242560e-01 2.128000e-03 3.736160e-01
405 6.238680e-01 2.100000e-03 3.740320e-01
406 6.235200e-01 2.080000e-03 3.744000e-01
407 6.232280e-01 2.044000e-03 3.747280e-01
408 6.230120e-01 1.880000e-03 3.751080e-01
409 6.227160e-01 1.836000e-03 3.754480e-01
410 6.223800e-01 1.888000e-03 3.757320e-01
411 6.221080e-01 1.852000e-03 3.760400e-01
412 6.218480e-01 1.740000e-03 3.764120e-01
413 6.215880e-01 1.652000e-03 3.767600e-01
414 6.213480e-01 1.656000e-03 3.769960e-01
415 6.210480e-01 1.668000e-03 3.772840e-01
416 6.208560e-01 1.652000e-03 3.774920e-01
417 6.205600e-01 1.704000e-03 3.777360e-01
418 6.202760e-01 1.728000e-03 3.779960e-01
419 6.199760e-01 1.788000e-03 3.782360e-01
420 6.196160e-01 1.788000e-03 3.785960e-01
421 6.193040e-01 1.844000e-03 3.788520e-01
422 6.189560e-01 1.864000e-03 3.791800e-01
423 6.186440e-01 1.840000e-03 3.795160e-01
424 6.183440e-01 1.816000e-03 3.798400e-01
425 6.180320e-01 1.828000e-03 3.801400e-01
426 6.177000e-01 1.808000e-03 3.804920e-01
427 6.173440e-01 1.856000e-03 3.808000e-01
428 6.169840e-01 1.876000e-03 3.811400e-01
429 6.166800e-01 1.860000e-03 3.814600e-01
430 6.164080e-01 1.808000e-03 3.817840e-01
431 6.161520e-01 1.752000e-03 3.820960e-01
432 6.158240e-01 1.816000e-03 3.823600e-01
433 6.154600e-01 1.860000e-03 3.826800e-01
434 6.150800e-01 1.860000e-03 3.830600e-01
435 6.147520e-01 1.804000e-03 3.834440e-01
436 6.143360e-01 1.836000e-03 3.838280e-01
437 6.140120e-01 1.876000e-03 3.841120e-01
438 6.137280e-01 1.860000e-03 3.844120e-01
439 6.133960e-01 1.852000e-03 3.847520e-01
440 6.130520e-01 1.868000e-03 3.850800e-01
441 6.127160e-01 1.872000e-03 3.854120e-01
442 6.124520e-01 1.804000e-03 3.857440e-01
443 6.122000e-01 1.728000e-03 3.860720e-01
444 6.119160e-01 1.704000e-03 3.863800e-01
445 6.115960e-01 1.688000e-03 3.867160e-01
446 6.113280e-01 1.636000e-03 3.870360e-01
447 6.110640e-01 1.608000e-03 3.873280e-01
448 6.107480e-01 1.676000e-03 3.875760e-01
449 6.105120e-01 1.584000e-03 3.879040e-01
450 6.102840e-01 1.556000e-03 3.881600e-01
451 6.100280e-01 1.544000e-03 3.884280e-01
452 6.097880e-01 1.496000e-03 3.887160e-01
453 6.095600e-01 1.452000e-03 3.889880e-01
454 6.093000e-01 1.440000e-03 3.892600e-01
455 6.090440e-01 1.492000e-03 3.894640e-01
456 6.087720e-01 1.536000e-03 3.896920e-01
457 6.085080e-01 1.524000e-03 3.899680e-01
458 6.082320e-01 1.552000e-03 3.902160e-01
459 6.079720e-01 1.588000e-03 3.904400e-01
460 6.077080e-01 1.540000e-03 3.907520e-01
461 6.074720e-01 1.456000e-03 3.910720e-01
462 6.071920e-01 1.468000e-03 3.913400e-01
463 6.069280e-01 1.504000e-03 3.915680e-01
464 6.066360e-01 1.560000e-03 3.918040e-01
465 6.063840e-01 1.488000e-03 3.921280e-01
466 6.061480e-01 1.492000e-03 3.923600e-01
467 6.059520e-01 1.444000e-03 3.926040e-01
468 6.057240e-01 1.400000e-03 3.928760e-01
469 6.054640e-01 1.428000e-03 3.931080e-01
470 6.052080e-01 1.432000e-03 3.933600e-01
471 6.049680e-01 1.408000e-03 3.936240e-01
472 6.047440e-01 1.408000e-03 3.938480e-01
473 6.045280e-01 1.356000e-03 3.941160e-01
474 6.043040e-01 1.348000e-03 3.943480e-01
475 6.040080e-01 1.444000e-03 3.945480e-01
476 6.037360e-01 1.448000e-03 3.948160e-01
477 6.034640e-01 1.488000e-03 3.950480e-01
478 6.032160e-01 1.480000e-03 3.953040e-01
479 6.029600e-01 1.512000e-03 3.955280e-01
480 6.027280e-01 1.468000e-03 3.958040e-01
481 6.024680e-01 1.464000e-03 3.960680e-01
482 6.022320e-01 1.352000e-03 3.964160e-01
483 6.019400e-01 1.468000e-03 3.965920e-01
484 6.015840e-01 1.580000e-03 3.968360e-01
485 6.013240e-01 1.524000e-03 3.971520e-01
486 6.010040e-01 1.544000e-03 3.974520e-01
487 6.006680e-01 1.612000e-03 3.977200e-01
488 6.003720e-01 1.624000e-03 3.980040e-01
489 6.001440e-01 1.596000e-03 3.982600e-01
490 5.998760e-01 1.604000e-03 3.985200e-01
491 5.996440e-01 1.576000e-03 3.987800e-01
492 5.993720e-01 1.616000e-03 3.990120e-01
493 5.991560e-01 1.552000e-03 3.992920e-01
494 5.989200e-01 1.528000e-03 3.995520e-01
495 5.986840e-01 1.520000e-03 3.997960e-01
496 5.984480e-01 1.488000e-03 4.000640e-01
497 5.982400e-01 1.444000e-03 4.003160e-01
498 5.980480e-01 1.396000e-03 4.005560e-01
499 5.978320e-01 1.312000e-03 4.008560e-01
500 5.976880e-01 1.272000e-03 4.010400e-01
