1 9.992240e-01 7.000000e-04 7.600000e-05
2 9.986160e-01 1.164000e-03 2.200000e-04
3 9.979480e-01 1.572000e-03 4.800000e-04
4 9.971040e-01 2.132000e-03 7.640000e-04
5 9.962080e-01 2.572000e-03 1.220000e-03
6 9.953000e-01 3.020000e-03 1.680000e-03
7 9.942200e-01 3.492000e-03 2.288000e-03
8 9.931680e-01 3.984000e-03 2.848000e-03
9 9.922000e-01 4.272000e-03 3.528000e-03
10 9.910280e-01 4.748000e-03 4.224000e-03
11 9.899320e-01 5.044000e-03 5.024000e-03
12 9.887000e-01 5.244000e-03 6.056000e-03
13 9.875280e-01 5.596000e-03 6.876000e-03
14 9.862560e-01 5.864000e-03 7.880000e-03
15 9.850040e-01 6.144000e-03 8.852000e-03
16 9.837840e-01 6.332000e-03 9.884000e-03
17 9.824920e-01 6.500000e-03 1.100800e-02
18 9.811000e-01 6.604000e-03 1.229600e-02
19 9.797920e-01 6.784000e-03 1.342400e-02
20 9.783000e-01 7.096000e-03 1.460400e-02
21 9.768520e-01 7.268000e-03 1.588000e-02
22 9.755240e-01 7.416000e-03 1.706000e-02
23 9.739440e-01 7.636000e-03 1.842000e-02
24 9.725440e-01 7.680000e-03 1.977600e-02
25 9.711240e-01 7.624000e-03 2.125200e-02
26 9.696480e-01 7.648000e-03 2.270400e-02
27 9.680720e-01 7.860000e-03 2.406800e-02
28 9.666000e-01 7.896000e-03 2.550400e-02
29 9.650160e-01 8.096000e-03 2.688800e-02
30 9.634760e-01 8.224000e-03 2.830000e-02
31 9.619240e-01 8.220000e-03 2.985600e-02
32 9.603560e-01 8.348000e-03 3.129600e-02
33 9.588320e-01 8.388000e-03 3.278000e-02
34 9.571600e-01 8.564000e-03 3.427600e-02
35 9.553840e-01 8.816000e-03 3.580000e-02
36 9.538480e-01 8.696000e-03 3.745600e-02
37 9.520920e-01 8.880000e-03 3.902800e-02
38 9.504000e-01 9.004000e-03 4.059600e-02
39 9.486880e-01 9.292000e-03 4.202000e-02
40 9.470480e-01 9.268000e-03 4.368400e-02
41 9.451880e-01 9.548000e-03 4.526400e-02
42 9.433560e-01 9.780000e-03 4.686400e-02
43 9.417200e-01 9.592000e-03 4.868800e-02
44 9.401080e-01 9.416000e-03 5.047600e-02
45 9.384720e-01 9.404000e-03 5.212400e-02
46 9.368200e-01 9.428000e-03 5.375200e-02
47 9.350000e-01 9.640000e-03 5.536000e-02
48 9.330920e-01 9.872000e-03 5.703600e-02
49 9.312880e-01 9.888000e-03 5.882400e-02
50 9.295960e-01 9.840000e-03 6.056400e-02
51 9.278920e-01 9.720000e-03 6.238800e-02
52 9.262040e-01 9.752000e-03 6.404400e-02
53 9.246240e-01 9.752000e-03 6.562400e-02
54 9.229960e-01 9.644000e-03 6.736000e-02
55 9.213440e-01 9.560000e-03 6.909600e-02
56 9.196200e-01 9.588000e-03 7.079200e-02
57 9.178320e-01 9.692000e-03 7.247600e-02
58 9.161520e-01 9.636000e-03 7.421200e-02
59 9.145520e-01 9.484000e-03 7.596400e-02
60 9.128720e-01 9.544000e-03 7.758400e-02
61 9.110320e-01 9.684000e-03 7.928400e-02
62 9.092960e-01 9.720000e-03 8.098400e-02
63 9.075240e-01 9.828000e-03 8.264800e-02
64 9.055960e-01 1.010000e-02 8.430400e-02
65 9.038000e-01 1.015200e-02 8.604800e-02
66 9.020720e-01 1.012000e-02 8.780800e-02
67 9.000280e-01 1.028800e-02 8.968400e-02
68 8.983160e-01 1.019200e-02 9.149200e-02
69 8.965760e-01 1.013200e-02 9.329200e-02
70 8.947160e-01 1.021600e-02 9.506800e-02
71 8.928680e-01 1.018000e-02 9.695200e-02
72 8.910840e-01 1.022800e-02 9.868800e-02
73 8.891480e-01 1.041200e-02 1.004400e-01
74 8.873440e-01 1.044400e-02 1.022120e-01
75 8.856200e-01 1.035200e-02 1.040280e-01
76 8.838320e-01 1.025600e-02 1.059120e-01
77 8.819520e-01 1.036800e-02 1.076800e-01
78 8.801000e-01 1.053600e-02 1.093640e-01
79 8.784000e-01 1.024800e-02 1.113520e-01
80 8.765160e-01 1.026000e-02 1.132240e-01
81 8.747800e-01 1.012400e-02 1.150960e-01
82 8.731880e-01 1.007200e-02 1.167400e-01
83 8.714200e-01 9.900000e-03 1.186800e-01
84 8.696760e-01 9.880000e-03 1.204440e-01
85 8.679720e-01 9.768000e-03 1.222600e-01
86 8.663160e-01 9.832000e-03 1.238520e-01
87 8.646920e-01 9.676000e-03 1.256320e-01
88 8.629640e-01 9.764000e-03 1.272720e-01
89 8.612560e-01 9.832000e-03 1.289120e-01
90 8.596480e-01 9.696000e-03 1.306560e-01
91 8.577880e-01 9.908000e-03 1.323040e-01
92 8.561480e-01 9.812000e-03 1.340400e-01
93 8.543200e-01 9.692000e-03 1.359880e-01
94 8.526560e-01 9.716000e-03 1.376280e-01
95 8.510200e-01 9.680000e-03 1.393000e-01
96 8.493440e-01 9.616000e-03 1.410400e-01
97 8.475880e-01 9.584000e-03 1.428280e-01
98 8.457840e-01 9.588000e-03 1.446280e-01
99 8.441600e-01 9.596000e-03 1.462440e-01
100 8.424960e-01 9.748000e-03 1.477560e-01
101 8.409920e-01 9.648000e-03 1.493600e-01
102 8.395400e-01 9.540000e-03 1.509200e-01
103 8.379440e-01 9.440000e-03 1.526160e-01
104 8.362600e-01 9.524000e-03 1.542160e-01
105 8.345320e-01 9.616000e-03 1.558520e-01
106 8.328560e-01 9.520000e-03 1.576240e-01
107 8.311040e-01 9.672000e-03 1.592240e-01
108 8.293840e-01 9.684000e-03 1.609320e-01
109 8.275760e-01 9.860000e-03 1.625640e-01
110 8.259600e-01 9.748000e-03 1.642920e-01
111 8.244840e-01 9.460000e-03 1.660560e-01
112 8.229360e-01 9.416000e-03 1.676480e-01
113 8.213480e-01 9.324000e-03 1.693280e-01
114 8.197600e-01 9.324000e-03 1.709160e-01
115 8.183120e-01 9.080000e-03 1.726080e-01
116 8.167320e-01 9.064000e-03 1.742040e-01
117 8.151560e-01 9.008000e-03 1.758360e-01
118 8.137080e-01 8.960000e-03 1.773320e-01
119 8.120440e-01 9.132000e-03 1.788240e-01
120 8.105520e-01 8.996000e-03 1.804520e-01
121 8.090640e-01 8.996000e-03 1.819400e-01
122 8.076880e-01 8.740000e-03 1.835720e-01
123 8.062840e-01 8.668000e-03 1.850480e-01
124 8.049480e-01 8.412000e-03 1.866400e-01
125 8.035280e-01 8.328000e-03 1.881440e-01
126 8.021000e-01 8.192000e-03 1.897080e-01
127 8.007240e-01 8.112000e-03 1.911640e-01
128 7.991680e-01 8.332000e-03 1.925000e-01
129 7.976000e-01 8.424000e-03 1.939760e-01
130 7.959920e-01 8.624000e-03 1.953840e-01
131 7.944280e-01 8.728000e-03 1.968440e-01
132 7.929840e-01 8.632000e-03 1.983840e-01
133 7.914760e-01 8.684000e-03 1.998400e-01
134 7.898080e-01 8.900000e-03 2.012920e-01
135 7.882920e-01 8.972000e-03 2.027360e-01
136 7.868840e-01 8.892000e-03 2.042240e-01
137 7.853360e-01 8.960000e-03 2.057040e-01
138 7.836200e-01 9.152000e-03 2.072280e-01
139 7.821680e-01 9.092000e-03 2.087400e-01
140 7.806920e-01 8.944000e-03 2.103640e-01
141 7.791800e-01 8.968000e-03 2.118520e-01
142 7.776440e-01 8.852000e-03 2.135040e-01
143 7.761000e-01 8.920000e-03 2.149800e-01
144 7.745560e-01 8.936000e-03 2.165080e-01
145 7.730280e-01 8.888000e-03 2.180840e-01
146 7.716240e-01 8.740000e-03 2.196360e-01
147 7.701960e-01 8.732000e-03 2.210720e-01
148 7.687840e-01 8.648000e-03 2.225680e-01
149 7.673000e-01 8.732000e-03 2.239680e-01
150 7.659000e-01 8.612000e-03 2.254880e-01
151 7.646400e-01 8.340000e-03 2.270200e-01
152 7.634240e-01 8.104000e-03 2.284720e-01
153 7.621720e-01 7.968000e-03 2.298600e-01
154 7.608880e-01 7.812000e-03 2.313000e-01
155 7.595000e-01 7.808000e-03 2.326920e-01
156 7.582680e-01 7.644000e-03 2.340880e-01
157 7.571320e-01 7.416000e-03 2.354520e-01
158 7.560200e-01 7.280000e-03 2.367000e-01
159 7.549480e-01 7.096000e-03 2.379560e-01
160 7.537000e-01 7.108000e-03 2.391920e-01
161 7.525320e-01 7.016000e-03 2.404520e-01
162 7.513640e-01 6.972000e-03 2.416640e-01
163 7.501520e-01 6.956000e-03 2.428920e-01
164 7.488200e-01 7.084000e-03 2.440960e-01
165 7.474640e-01 7.252000e-03 2.452840e-01
166 7.463080e-01 7.208000e-03 2.464840e-01
167 7.450600e-01 7.308000e-03 2.476320e-01
168 7.437760e-01 7.416000e-03 2.488080e-01
169 7.426120e-01 7.240000e-03 2.501480e-01
170 7.413960e-01 7.008000e-03 2.515960e-01
171 7.403280e-01 6.848000e-03 2.528240e-01
172 7.391320e-01 6.884000e-03 2.539840e-01
173 7.380520e-01 6.752000e-03 2.551960e-01
174 7.370400e-01 6.512000e-03 2.564480e-01
175 7.359200e-01 6.556000e-03 2.575240e-01
176 7.349160e-01 6.464000e-03 2.586200e-01
177 7.338480e-01 6.412000e-03 2.597400e-01
178 7.327400e-01 6.336000e-03 2.609240e-01
179 7.317200e-01 6.252000e-03 2.620280e-01
180 7.306960e-01 6.296000e-03 2.630080e-01
181 7.295040e-01 6.276000e-03 2.642200e-01
182 7.283840e-01 6.288000e-03 2.653280e-01
183 7.271760e-01 6.472000e-03 2.663520e-01
184 7.259840e-01 6.500000e-03 2.675160e-01
185 7.248480e-01 6.484000e-03 2.686680e-01
186 7.237960e-01 6.516000e-03 2.696880e-01
187 7.227120e-01 6.452000e-03 2.708360e-01
188 7.216200e-01 6.456000e-03 2.719240e-01
189 7.205680e-01 6.464000e-03 2.729680e-01
190 7.196360e-01 6.160000e-03 2.742040e-01
191 7.187600e-01 6.056000e-03 2.751840e-01
192 7.178040e-01 5.932000e-03 2.762640e-01
193 7.168800e-01 5.888000e-03 2.772320e-01
194 7.160720e-01 5.676000e-03 2.782520e-01
195 7.151720e-01 5.676000e-03 2.791520e-01
196 7.142120e-01 5.644000e-03 2.801440e-01
197 7.133640e-01 5.520000e-03 2.811160e-01
198 7.124160e-01 5.564000e-03 2.820200e-01
199 7.115480e-01 5.596000e-03 2.828560e-01
200 7.106000e-01 5.524000e-03 2.838760e-01
201 7.097480e-01 5.400000e-03 2.848520e-01
202 7.087440e-01 5.500000e-03 2.857560e-01
203 7.078080e-01 5.444000e-03 2.867480e-01
204 7.068440e-01 5.368000e-03 2.877880e-01
205 7.059320e-01 5.328000e-03 2.887400e-01
206 7.049640e-01 5.400000e-03 2.896360e-01
207 7.039520e-01 5.452000e-03 2.905960e-01
208 7.030960e-01 5.420000e-03 2.914840e-01
209 7.022280e-01 5.328000e-03 2.924440e-01
210 7.013480e-01 5.296000e-03 2.933560e-01
211 7.006280e-01 5.028000e-03 2.943440e-01
212 6.997040e-01 5.124000e-03 2.951720e-01
213 6.987680e-01 5.168000e-03 2.960640e-01
214 6.979760e-01 5.020000e-03 2.970040e-01
215 6.972200e-01 4.940000e-03 2.978400e-01
216 6.963640e-01 4.964000e-03 2.986720e-01
217 6.954920e-01 4.948000e-03 2.995600e-01
218 6.946760e-01 4.912000e-03 3.004120e-01
219 6.938400e-01 4.856000e-03 3.013040e-01
220 6.930600e-01 4.844000e-03 3.020960e-01
221 6.922760e-01 4.772000e-03 3.029520e-01
222 6.914840e-01 4.664000e-03 3.038520e-01
223 6.908160e-01 4.560000e-03 3.046240e-01
224 6.901560e-01 4.328000e-03 3.055160e-01
225 6.894000e-01 4.420000e-03 3.061800e-01
226 6.887400e-01 4.408000e-03 3.068520e-01
227 6.880320e-01 4.404000e-03 3.075640e-01
228 6.873840e-01 4.396000e-03 3.082200e-01
229 6.866680e-01 4.288000e-03 3.090440e-01
230 6.859880e-01 4.220000e-03 3.097920e-01
231 6.852640e-01 4.212000e-03 3.105240e-01
232 6.844720e-01 4.248000e-03 3.112800e-01
233 6.837720e-01 4.204000e-03 3.120240e-01
234 6.831400e-01 4.080000e-03 3.127800e-01
235 6.824320e-01 4.160000e-03 3.134080e-01
236 6.817280e-01 4.172000e-03 3.141000e-01
237 6.810840e-01 4.184000e-03 3.147320e-01
238 6.804360e-01 4.108000e-03 3.154560e-01
239 6.797280e-01 4.052000e-03 3.162200e-01
240 6.790080e-01 4.028000e-03 3.169640e-01
241 6.784120e-01 3.916000e-03 3.176720e-01
242 6.778360e-01 3.776000e-03 3.183880e-01
243 6.771640e-01 3.676000e-03 3.191600e-01
244 6.765520e-01 3.672000e-03 3.197760e-01
245 6.759720e-01 3.580000e-03 3.204480e-01
246 6.753240e-01 3.580000e-03 3.210960e-01
247 6.747600e-01 3.424000e-03 3.218160e-01
248 6.742240e-01 3.376000e-03 3.224000e-01
249 6.736480e-01 3.372000e-03 3.229800e-01
250 6.730160e-01 3.444000e-03 3.235400e-01
251 6.724360e-01 3.420000e-03 3.241440e-01
252 6.717960e-01 3.356000e-03 3.248480e-01
253 6.711320e-01 3.432000e-03 3.254360e-01
254 6.705000e-01 3.368000e-03 3.261320e-01
255 6.699160e-01 3.396000e-03 3.266880e-01
256 6.692560e-01 3.456000e-03 3.272880e-01
257 6.686560e-01 3.476000e-03 3.278680e-01
258 6.680320e-01 3.540000e-03 3.284280e-01
259 6.674200e-01 3.568000e-03 3.290120e-01
260 6.667960e-01 3.584000e-03 3.296200e-01
261 6.661960e-01 3.624000e-03 3.301800e-01
262 6.655560e-01 3.652000e-03 3.307920e-01
263 6.649560e-01 3.608000e-03 3.314360e-01
264 6.642320e-01 3.664000e-03 3.321040e-01
265 6.636600e-01 3.604000e-03 3.327360e-01
266 6.630640e-01 3.592000e-03 3.333440e-01
267 6.623400e-01 3.660000e-03 3.340000e-01
268 6.617000e-01 3.732000e-03 3.345680e-01
269 6.612440e-01 3.468000e-03 3.352880e-01
270 6.606760e-01 3.412000e-03 3.359120e-01
271 6.601640e-01 3.304000e-03 3.365320e-01
272 6.596120e-01 3.308000e-03 3.370800e-01
273 6.590160e-01 3.268000e-03 3.377160e-01
274 6.584360e-01 3.300000e-03 3.382640e-01
275 6.578080e-01 3.368000e-03 3.388240e-01
276 6.571280e-01 3.420000e-03 3.394520e-01
277 6.564720e-01 3.488000e-03 3.400400e-01
278 6.559800e-01 3.324000e-03 3.406960e-01
279 6.554560e-01 3.164000e-03 3.413800e-01
280 6.549840e-01 3.052000e-03 3.419640e-01
281 6.545640e-01 2.888000e-03 3.425480e-01
282 6.541480e-01 2.776000e-03 3.430760e-01
283 6.536760e-01 2.652000e-03 3.436720e-01
284 6.532360e-01 2.632000e-03 3.441320e-01
285 6.527800e-01 2.636000e-03 3.445840e-01
286 6.523480e-01 2.628000e-03 3.450240e-01
287 6.519320e-01 2.636000e-03 3.454320e-01
288 6.514680e-01 2.664000e-03 3.458680e-01
289 6.509680e-01 2.776000e-03 3.462560e-01
290 6.504800e-01 2.752000e-03 3.467680e-01
291 6.500680e-01 2.672000e-03 3.472600e-01
292 6.496960e-01 2.560000e-03 3.477440e-01
293 6.492560e-01 2.528000e-03 3.482160e-01
294 6.488240e-01 2.632000e-03 3.485440e-01
295 6.484400e-01 2.528000e-03 3.490320e-01
296 6.479200e-01 2.648000e-03 3.494320e-01
297 6.475400e-01 2.524000e-03 3.499360e-01
298 6.470640e-01 2.588000e-03 3.503480e-01
299 6.466840e-01 2.556000e-03 3.507600e-01
300 6.462480e-01 2.516000e-03 3.512360e-01
301 6.457800e-01 2.564000e-03 3.516560e-01
302 6.453280e-01 2.604000e-03 3.520680e-01
303 6.449360e-01 2.528000e-03 3.525360e-01
304 6.445760e-01 2.452000e-03 3.529720e-01
305 6.441320e-01 2.472000e-03 3.533960e-01
306 6.437320e-01 2.460000e-03 3.538080e-01
307 6.433720e-01 2.436000e-03 3.541920e-01
308 6.431000e-01 2.240000e-03 3.546600e-01
309 6.427200e-01 2.264000e-03 3.550160e-01
310 6.423960e-01 2.184000e-03 3.554200e-01
311 6.419280e-01 2.260000e-03 3.558120e-01
312 6.415040e-01 2.312000e-03 3.561840e-01
313 6.411800e-01 2.220000e-03 3.566000e-01
314 6.408800e-01 2.104000e-03 3.570160e-01
315 6.405400e-01 2.080000e-03 3.573800e-01
316 6.401560e-01 2.076000e-03 3.577680e-01
317 6.396960e-01 2.132000e-03 3.581720e-01
318 6.393000e-01 2.088000e-03 3.586120e-01
319 6.388560e-01 2.120000e-03 3.590240e-01
320 6.384600e-01 2.128000e-03 3.594120e-01
321 6.380440e-01 2.148000e-03 3.598080e-01
322 6.376720e-01 2.232000e-03 3.600960e-01
323 6.372640e-01 2.284000e-03 3.604520e-01
324 6.369160e-01 2.236000e-03 3.608480e-01
325 6.365120e-01 2.288000e-03 3.612000e-01
326 6.361080e-01 2.276000e-03 3.616160e-01
327 6.357080e-01 2.284000e-03 3.620080e-01
328 6.353160e-01 2.260000e-03 3.624240e-01
329 6.349480e-01 2.256000e-03 3.627960e-01
330 6.345400e-01 2.252000e-03 3.632080e-01
331 6.341320e-01 2.300000e-03 3.635680e-01
332 6.336840e-01 2.352000e-03 3.639640e-01
333 6.332320e-01 2.356000e-03 3.644120e-01
334 6.327320e-01 2.428000e-03 3.648400e-01
335 6.323080e-01 2.464000e-03 3.652280e-01
336 6.319080e-01 2.448000e-03 3.656440e-01
337 6.315280e-01 2.416000e-03 3.660560e-01
338 6.311200e-01 2.432000e-03 3.664480e-01
339 6.307880e-01 2.332000e-03 3.668800e-01
340 6.303280e-01 2.316000e-03 3.673560e-01
341 6.299920e-01 2.272000e-03 3.677360e-01
342 6.296440e-01 2.180000e-03 3.681760e-01
343 6.292680e-01 2.132000e-03 3.686000e-01
344 6.289200e-01 2.072000e-03 3.690080e-01
345 6.285240e-01 2.084000e-03 3.693920e-01
346 6.281760e-01 2.084000e-03 3.697400e-01
347 6.278240e-01 1.960000e-03 3.702160e-01
348 6.275040e-01 1.936000e-03 3.705600e-01
349 6.272440e-01 1.896000e-03 3.708600e-01
350 6.269440e-01 1.840000e-03 3.712160e-01
351 6.266040e-01 1.864000e-03 3.715320e-01
352 6.262880e-01 1.812000e-03 3.719000e-01
353 6.260120e-01 1.828000e-03 3.721600e-01
354 6.256400e-01 1.892000e-03 3.724680e-01
355 6.252520e-01 1.956000e-03 3.727920e-01
356 6.249320e-01 1.916000e-03 3.731520e-01
357 6.245960e-01 1.956000e-03 3.734480e-01
358 6.242400e-01 1.944000e-03 3.738160e-01
359 6.239080e-01 1.916000e-03 3.741760e-01
360 6.235840e-01 1.856000e-03 3.745600e-01
361 6.232320e-01 1.852000e-03 3.749160e-01
362 6.228600e-01 1.916000e-03 3.752240e-01
363 6.225320e-01 1.864000e-03 3.756040e-01
364 6.222320e-01 1.788000e-03 3.759800e-01
365 6.219200e-01 1.756000e-03 3.763240e-01
366 6.216560e-01 1.664000e-03 3.766800e-01
367 6.213720e-01 1.688000e-03 3.769400e-01
368 6.210840e-01 1.684000e-03 3.772320e-01
369 6.207400e-01 1.764000e-03 3.774960e-01
370 6.204200e-01 1.784000e-03 3.777960e-01
371 6.200720e-01 1.840000e-03 3.780880e-01
372 6.196960e-01 1.816000e-03 3.784880e-01
373 6.193120e-01 1.908000e-03 3.787800e-01
374 6.189880e-01 1.896000e-03 3.791160e-01
375 6.187000e-01 1.836000e-03 3.794640e-01
376 6.183400e-01 1.864000e-03 3.797960e-01
377 6.180040e-01 1.872000e-03 3.801240e-01
378 6.176920e-01 1.868000e-03 3.804400e-01
379 6.173880e-01 1.832000e-03 3.807800e-01
380 6.170560e-01 1.864000e-03 3.810800e-01
381 6.166680e-01 1.972000e-03 3.813600e-01
382 6.162920e-01 2.008000e-03 3.817000e-01
383 6.159200e-01 2.068000e-03 3.820120e-01
384 6.155280e-01 2.056000e-03 3.824160e-01
385 6.151560e-01 2.080000e-03 3.827640e-01
386 6.148280e-01 1.992000e-03 3.831800e-01
387 6.143920e-01 2.036000e-03 3.835720e-01
388 6.140000e-01 2.072000e-03 3.839280e-01
389 6.136200e-01 2.084000e-03 3.842960e-01
390 6.132840e-01 2.076000e-03 3.846400e-01
391 6.129560e-01 2.072000e-03 3.849720e-01
392 6.126400e-01 2.060000e-03 3.853000e-01
393 6.123040e-01 2.100000e-03 3.855960e-01
394 6.119600e-01 2.056000e-03 3.859840e-01
395 6.116560e-01 2.020000e-03 3.863240e-01
396 6.113480e-01 1.988000e-03 3.866640e-01
397 6.110080e-01 1.956000e-03 3.870360e-01
398 6.106440e-01 1.996000e-03 3.873600e-01
399 6.104040e-01 1.872000e-03 3.877240e-01
400 6.101480e-01 1.772000e-03 3.880800e-01
401 6.098320e-01 1.804000e-03 3.883640e-01
402 6.094920e-01 1.788000e-03 3.887200e-01
403 6.091160e-01 1.844000e-03 3.890400e-01
404 6.088240e-01 1.836000e-03 3.893400e-01
405 6.084360e-01 1.924000e-03 3.896400e-01
406 6.080920e-01 1.916000e-03 3.899920e-01
407 6.077440e-01 1.908000e-03 3.903480e-01
408 6.074600e-01 1.820000e-03 3.907200e-01
409 6.071440e-01 1.800000e-03 3.910560e-01
410 6.069360e-01 1.672000e-03 3.913920e-01
411 6.067000e-01 1.616000e-03 3.916840e-01
412 6.064640e-01 1.628000e-03 3.919080e-01
413 6.062080e-01 1.548000e-03 3.922440e-01
414 6.058680e-01 1.656000e-03 3.924760e-01
415 6.055960e-01 1.648000e-03 3.927560e-01
416 6.053240e-01 1.604000e-03 3.930720e-01
417 6.050000e-01 1.668000e-03 3.933320e-01
418 6.046760e-01 1.684000e-03 3.936400e-01
419 6.043800e-01 1.592000e-03 3.940280e-01
420 6.040520e-01 1.656000e-03 3.942920e-01
421 6.037040e-01 1.736000e-03 3.945600e-01
422 6.033920e-01 1.804000e-03 3.948040e-01
423 6.031160e-01 1.724000e-03 3.951600e-01
424 6.028000e-01 1.740000e-03 3.954600e-01
425 6.025000e-01 1.712000e-03 3.957880e-01
426 6.021840e-01 1.672000e-03 3.961440e-01
427 6.019240e-01 1.676000e-03 3.964000e-01
428 6.016000e-01 1.756000e-03 3.966440e-01
429 6.012600e-01 1.756000e-03 3.969840e-01
430 6.009440e-01 1.772000e-03 3.972840e-01
431 6.006200e-01 1.832000e-03 3.975480e-01
432 6.002720e-01 1.876000e-03 3.978520e-01
433 5.999600e-01 1.884000e-03 3.981560e-01
434 5.996880e-01 1.820000e-03 3.984920e-01
435 5.994480e-01 1.696000e-03 3.988560e-01
436 5.991960e-01 1.688000e-03 3.991160e-01
437 5.989840e-01 1.596000e-03 3.994200e-01
438 5.988040e-01 1.548000e-03 3.996480e-01
439 5.985320e-01 1.604000e-03 3.998640e-01
440 5.982520e-01 1.604000e-03 4.001440e-01
441 5.980720e-01 1.544000e-03 4.003840e-01
442 5.978080e-01 1.564000e-03 4.006280e-01
443 5.975880e-01 1.516000e-03 4.008960e-01
444 5.974080e-01 1.504000e-03 4.010880e-01
445 5.972120e-01 1.400000e-03 4.013880e-01
446 5.969960e-01 1.332000e-03 4.016720e-01
447 5.967880e-01 1.324000e-03 4.018880e-01
448 5.966360e-01 1.260000e-03 4.021040e-01
449 5.963640e-01 1.312000e-03 4.023240e-01
450 5.961800e-01 1.300000e-03 4.025200e-01
451 5.960080e-01 1.276000e-03 4.027160e-01
452 5.958200e-01 1.184000e-03 4.029960e-01
453 5.956680e-01 1.164000e-03 4.031680e-01
454 5.954680e-01 1.156000e-03 4.033760e-01
455 5.952560e-01 1.156000e-03 4.035880e-01
456 5.950520e-01 1.172000e-03 4.037760e-01
457 5.948400e-01 1.144000e-03 4.040160e-01
458 5.946760e-01 1.056000e-03 4.042680e-01
459 5.945520e-01 9.920000e-04 4.044560e-01
460 5.944440e-01 9.000000e-04 4.046560e-01
461 5.942120e-01 9.480000e-04 4.048400e-01
462 5.940120e-01 9.440000e-04 4.050440e-01
463 5.938080e-01 9.760000e-04 4.052160e-01
464 5.936680e-01 9.480000e-04 4.053840e-01
465 5.934440e-01 1.020000e-03 4.055360e-01
466 5.931880e-01 1.104000e-03 4.057080e-01
467 5.929880e-01 1.088000e-03 4.059240e-01
468 5.927720e-01 1.128000e-03 4.061000e-01
469 5.926080e-01 1.124000e-03 4.062680e-01
470 5.924320e-01 1.084000e-03 4.064840e-01
471 5.922280e-01 1.100000e-03 4.066720e-01
472 5.920040e-01 1.164000e-03 4.068320e-01
473 5.918320e-01 1.084000e-03 4.070840e-01
474 5.916680e-01 1.072000e-03 4.072600e-01
475 5.914760e-01 1.060000e-03 4.074640e-01
476 5.913000e-01 1.120000e-03 4.075800e-01
477 5.910760e-01 1.196000e-03 4.077280e-01
478 5.908800e-01 1.180000e-03 4.079400e-01
479 5.906960e-01 1.120000e-03 4.081840e-01
480 5.904960e-01 1.152000e-03 4.083520e-01
481 5.902840e-01 1.172000e-03 4.085440e-01
482 5.900120e-01 1.224000e-03 4.087640e-01
483 5.897480e-01 1.244000e-03 4.090080e-01
484 5.895040e-01 1.268000e-03 4.092280e-01
485 5.892600e-01 1.320000e-03 4.094200e-01
486 5.890320e-01 1.340000e-03 4.096280e-01
487 5.887600e-01 1.368000e-03 4.098720e-01
488 5.885120e-01 1.400000e-03 4.100880e-01
489 5.883520e-01 1.264000e-03 4.103840e-01
490 5.881440e-01 1.248000e-03 4.106080e-01
491 5.879920e-01 1.192000e-03 4.108160e-01
492 5.878400e-01 1.124000e-03 4.110360e-01
493 5.877080e-01 1.072000e-03 4.112200e-01
494 5.875480e-01 1.044000e-03 4.114080e-01
495 5.873440e-01 1.076000e-03 4.115800e-01
496 5.871480e-01 1.048000e-03 4.118040e-01
497 5.869760e-01 1.036000e-03 4.119880e-01
498 5.868200e-01 1.004000e-03 4.121760e-01
499 5.866520e-01 9.880000e-04 4.123600e-01
500 5.864760e-01 1.004000e-03 4.125200e-01
