1 9.992040e-01 6.920000e-04 1.040000e-04
2 9.987640e-01 9.680000e-04 2.680000e-04
3 9.981520e-01 1.368000e-03 4.800000e-04
4 9.973760e-01 1.880000e-03 7.440000e-04
5 9.966240e-01 2.272000e-03 1.104000e-03
6 9.958360e-01 2.612000e-03 1.552000e-03
7 9.950080e-01 3.028000e-03 1.964000e-03
8 9.939800e-01 3.464000e-03 2.556000e-03
9 9.929880e-01 3.796000e-03 3.216000e-03
10 9.919840e-01 4.112000e-03 3.904000e-03
11 9.909040e-01 4.516000e-03 4.580000e-03
12 9.896400e-01 4.876000e-03 5.484000e-03
13 9.884400e-01 5.108000e-03 6.452000e-03
14 9.872640e-01 5.432000e-03 7.304000e-03
15 9.859840e-01 5.796000e-03 8.220000e-03
16 9.847880e-01 5.984000e-03 9.228000e-03
17 9.836000e-01 6.212000e-03 1.018800e-02
18 9.822960e-01 6.352000e-03 1.135200e-02
19 9.809800e-01 6.484000e-03 1.253600e-02
20 9.794840e-01 6.732000e-03 1.378400e-02
21 9.781360e-01 7.032000e-03 1.483200e-02
22 9.768560e-01 7.084000e-03 1.606000e-02
23 9.754320e-01 7.288000e-03 1.728000e-02
24 9.740280e-01 7.460000e-03 1.851200e-02
25 9.726960e-01 7.432000e-03 1.987200e-02
26 9.711480e-01 7.688000e-03 2.116400e-02
27 9.696880e-01 7.856000e-03 2.245600e-02
28 9.682560e-01 7.964000e-03 2.378000e-02
29 9.667800e-01 8.080000e-03 2.514000e-02
30 9.651120e-01 8.344000e-03 2.654400e-02
31 9.635880e-01 8.452000e-03 2.796000e-02
32 9.620880e-01 8.632000e-03 2.928000e-02
33 9.605880e-01 8.696000e-03 3.071600e-02
34 9.589520e-01 8.712000e-03 3.233600e-02
35 9.573960e-01 8.640000e-03 3.396400e-02
36 9.557240e-01 8.688000e-03 3.558800e-02
37 9.541400e-01 8.844000e-03 3.701600e-02
38 9.525000e-01 8.896000e-03 3.860400e-02
39 9.509040e-01 8.904000e-03 4.019200e-02
40 9.491960e-01 9.064000e-03 4.174000e-02
41 9.476000e-01 9.068000e-03 4.333200e-02
42 9.459800e-01 9.084000e-03 4.493600e-02
43 9.444200e-01 9.024000e-03 4.655600e-02
44 9.428040e-01 8.992000e-03 4.820400e-02
45 9.410040e-01 9.156000e-03 4.984000e-02
46 9.393640e-01 9.204000e-03 5.143200e-02
47 9.376080e-01 9.424000e-03 5.296800e-02
48 9.358440e-01 9.364000e-03 5.479200e-02
49 9.341640e-01 9.388000e-03 5.644800e-02
50 9.325400e-01 9.420000e-03 5.804000e-02
51 9.309240e-01 9.380000e-03 5.969600e-02
52 9.293120e-01 9.280000e-03 6.140800e-02
53 9.275280e-01 9.416000e-03 6.305600e-02
54 9.257880e-01 9.472000e-03 6.474000e-02
55 9.239440e-01 9.608000e-03 6.644800e-02
56 9.221480e-01 9.712000e-03 6.814000e-02
57 9.201200e-01 9.988000e-03 6.989200e-02
58 9.185040e-01 9.964000e-03 7.153200e-02
59 9.165680e-01 1.025600e-02 7.317600e-02
60 9.146800e-01 1.035600e-02 7.496400e-02
61 9.130040e-01 1.031600e-02 7.668000e-02
62 9.111720e-01 1.025200e-02 7.857600e-02
63 9.091760e-01 1.044800e-02 8.037600e-02
64 9.074480e-01 1.038400e-02 8.216800e-02
65 9.056480e-01 1.030400e-02 8.404800e-02
66 9.037720e-01 1.036000e-02 8.586800e-02
67 9.018800e-01 1.034000e-02 8.778000e-02
68 9.002520e-01 1.016000e-02 8.958800e-02
69 8.981560e-01 1.048000e-02 9.136400e-02
70 8.961840e-01 1.075200e-02 9.306400e-02
71 8.943280e-01 1.077600e-02 9.489600e-02
72 8.924640e-01 1.074000e-02 9.679600e-02
73 8.907120e-01 1.065600e-02 9.863200e-02
74 8.888080e-01 1.076800e-02 1.004240e-01
75 8.869000e-01 1.072400e-02 1.023760e-01
76 8.849160e-01 1.081200e-02 1.042720e-01
77 8.830320e-01 1.084800e-02 1.061200e-01
78 8.809960e-01 1.098400e-02 1.080200e-01
79 8.789320e-01 1.108400e-02 1.099840e-01
80 8.769040e-01 1.122800e-02 1.118680e-01
81 8.750680e-01 1.112400e-02 1.138080e-01
82 8.731920e-01 1.105600e-02 1.157520e-01
83 8.714200e-01 1.091200e-02 1.176680e-01
84 8.694360e-01 1.090000e-02 1.196640e-01
85 8.672880e-01 1.118800e-02 1.215240e-01
86 8.653080e-01 1.121200e-02 1.234800e-01
87 8.634160e-01 1.115200e-02 1.254320e-01
88 8.615640e-01 1.090800e-02 1.275280e-01
89 8.598360e-01 1.080400e-02 1.293600e-01
90 8.580440e-01 1.078400e-02 1.311720e-01
91 8.564880e-01 1.048400e-02 1.330280e-01
92 8.546440e-01 1.045200e-02 1.349040e-01
93 8.527600e-01 1.037600e-02 1.368640e-01
94 8.509560e-01 1.046000e-02 1.385840e-01
95 8.492480e-01 1.029600e-02 1.404560e-01
96 8.475120e-01 1.038000e-02 1.421080e-01
97 8.457880e-01 1.031200e-02 1.439000e-01
98 8.441040e-01 1.026800e-02 1.456280e-01
99 8.424560e-01 1.019200e-02 1.473520e-01
100 8.408440e-01 9.996000e-03 1.491600e-01
101 8.393480e-01 9.812000e-03 1.508400e-01
102 8.376800e-01 9.700000e-03 1.526200e-01
103 8.359320e-01 9.708000e-03 1.543600e-01
104 8.343680e-01 9.588000e-03 1.560440e-01
105 8.329720e-01 9.348000e-03 1.576800e-01
106 8.314720e-01 9.148000e-03 1.593800e-01
107 8.301200e-01 8.956000e-03 1.609240e-01
108 8.288320e-01 8.708000e-03 1.624600e-01
109 8.274440e-01 8.428000e-03 1.641280e-01
110 8.260240e-01 8.432000e-03 1.655440e-01
111 8.245240e-01 8.416000e-03 1.670600e-01
112 8.232200e-01 8.184000e-03 1.685960e-01
113 8.217560e-01 8.180000e-03 1.700640e-01
114 8.203160e-01 8.232000e-03 1.714520e-01
115 8.188120e-01 8.196000e-03 1.729920e-01
116 8.174000e-01 8.264000e-03 1.743360e-01
117 8.158760e-01 8.368000e-03 1.757560e-01
118 8.143840e-01 8.384000e-03 1.772320e-01
119 8.130080e-01 8.324000e-03 1.786680e-01
120 8.114680e-01 8.352000e-03 1.801800e-01
121 8.100560e-01 8.340000e-03 1.816040e-01
122 8.084760e-01 8.496000e-03 1.830280e-01
123 8.069000e-01 8.516000e-03 1.845840e-01
124 8.054800e-01 8.560000e-03 1.859600e-01
125 8.040080e-01 8.540000e-03 1.874520e-01
126 8.025720e-01 8.544000e-03 1.888840e-01
127 8.011400e-01 8.480000e-03 1.903800e-01
128 7.997880e-01 8.408000e-03 1.918040e-01
129 7.982440e-01 8.504000e-03 1.932520e-01
130 7.967760e-01 8.472000e-03 1.947520e-01
131 7.953280e-01 8.440000e-03 1.962320e-01
132 7.937960e-01 8.396000e-03 1.978080e-01
133 7.923400e-01 8.404000e-03 1.992560e-01
134 7.907960e-01 8.404000e-03 2.008000e-01
135 7.893480e-01 8.372000e-03 2.022800e-01
136 7.878480e-01 8.576000e-03 2.035760e-01
137 7.864280e-01 8.448000e-03 2.051240e-01
138 7.850160e-01 8.276000e-03 2.067080e-01
139 7.837280e-01 8.144000e-03 2.081280e-01
140 7.824080e-01 8.016000e-03 2.095760e-01
141 7.810200e-01 8.048000e-03 2.109320e-01
142 7.796440e-01 8.032000e-03 2.123240e-01
143 7.782240e-01 7.996000e-03 2.137800e-01
144 7.768120e-01 7.996000e-03 2.151920e-01
145 7.754480e-01 7.960000e-03 2.165920e-01
146 7.741680e-01 7.820000e-03 2.180120e-01
147 7.728640e-01 7.764000e-03 2.193720e-01
148 7.714200e-01 7.700000e-03 2.208800e-01
149 7.701520e-01 7.672000e-03 2.221760e-01
150 7.688920e-01 7.548000e-03 2.235600e-01
151 7.677120e-01 7.340000e-03 2.249480e-01
152 7.666640e-01 7.140000e-03 2.261960e-01
153 7.656080e-01 6.952000e-03 2.274400e-01
154 7.643640e-01 7.068000e-03 2.285680e-01
155 7.632800e-01 6.872000e-03 2.298480e-01
156 7.622080e-01 6.840000e-03 2.309520e-01
157 7.610720e-01 6.844000e-03 2.320840e-01
158 7.597440e-01 6.992000e-03 2.332640e-01
159 7.586440e-01 6.744000e-03 2.346120e-01
160 7.574200e-01 6.720000e-03 2.358600e-01
161 7.563560e-01 6.656000e-03 2.369880e-01
162 7.552600e-01 6.476000e-03 2.382640e-01
163 7.539800e-01 6.620000e-03 2.394000e-01
164 7.529480e-01 6.428000e-03 2.406240e-01
165 7.518280e-01 6.508000e-03 2.416640e-01
166 7.505680e-01 6.600000e-03 2.428320e-01
167 7.494520e-01 6.612000e-03 2.439360e-01
168 7.482400e-01 6.728000e-03 2.450320e-01
169 7.469520e-01 6.784000e-03 2.462640e-01
170 7.456120e-01 6.968000e-03 2.474200e-01
171 7.442600e-01 7.072000e-03 2.486680e-01
172 7.428600e-01 7.140000e-03 2.500000e-01
173 7.414120e-01 7.248000e-03 2.513400e-01
174 7.402080e-01 7.348000e-03 2.524440e-01
175 7.388840e-01 7.440000e-03 2.536760e-01
176 7.375360e-01 7.444000e-03 2.550200e-01
177 7.363080e-01 7.276000e-03 2.564160e-01
178 7.350840e-01 7.248000e-03 2.576680e-01
179 7.338520e-01 7.132000e-03 2.590160e-01
180 7.327760e-01 7.008000e-03 2.602160e-01
181 7.316840e-01 6.824000e-03 2.614920e-01
182 7.305000e-01 6.824000e-03 2.626760e-01
183 7.292920e-01 6.804000e-03 2.639040e-01
184 7.282120e-01 6.700000e-03 2.650880e-01
185 7.270800e-01 6.536000e-03 2.663840e-01
186 7.260000e-01 6.448000e-03 2.675520e-01
187 7.249160e-01 6.456000e-03 2.686280e-01
188 7.239000e-01 6.292000e-03 2.698080e-01
189 7.228200e-01 6.364000e-03 2.708160e-01
190 7.217880e-01 6.276000e-03 2.719360e-01
191 7.208000e-01 6.060000e-03 2.731400e-01
192 7.198080e-01 6.040000e-03 2.741520e-01
193 7.188080e-01 5.968000e-03 2.752240e-01
194 7.176560e-01 6.052000e-03 2.762920e-01
195 7.164680e-01 6.192000e-03 2.773400e-01
196 7.154880e-01 6.056000e-03 2.784560e-01
197 7.144240e-01 6.076000e-03 2.795000e-01
198 7.132840e-01 6.100000e-03 2.806160e-01
199 7.121600e-01 6.184000e-03 2.816560e-01
200 7.111960e-01 6.040000e-03 2.827640e-01
201 7.101760e-01 5.956000e-03 2.838680e-01
202 7.091400e-01 5.892000e-03 2.849680e-01
203 7.082440e-01 5.712000e-03 2.860440e-01
204 7.072800e-01 5.740000e-03 2.869800e-01
205 7.061680e-01 5.872000e-03 2.879600e-01
206 7.052720e-01 5.772000e-03 2.889560e-01
207 7.042680e-01 5.684000e-03 2.900480e-01
208 7.033400e-01 5.648000e-03 2.910120e-01
209 7.023680e-01 5.612000e-03 2.920200e-01
210 7.014080e-01 5.636000e-03 2.929560e-01
211 7.003400e-01 5.720000e-03 2.939400e-01
212 6.992000e-01 6.016000e-03 2.947840e-01
213 6.982680e-01 5.908000e-03 2.958240e-01
214 6.972400e-01 5.960000e-03 2.968000e-01
215 6.963120e-01 5.796000e-03 2.978920e-01
216 6.952640e-01 5.796000e-03 2.989400e-01
217 6.942360e-01 5.840000e-03 2.999240e-01
218 6.933440e-01 5.716000e-03 3.009400e-01
219 6.923480e-01 5.764000e-03 3.018880e-01
220 6.913960e-01 5.696000e-03 3.029080e-01
221 6.904600e-01 5.632000e-03 3.039080e-01
222 6.894920e-01 5.620000e-03 3.048880e-01
223 6.884320e-01 5.628000e-03 3.059400e-01
224 6.874480e-01 5.624000e-03 3.069280e-01
225 6.865200e-01 5.424000e-03 3.080560e-01
226 6.856760e-01 5.244000e-03 3.090800e-01
227 6.847840e-01 5.120000e-03 3.100960e-01
228 6.838240e-01 5.180000e-03 3.109960e-01
229 6.829960e-01 5.116000e-03 3.118880e-01
230 6.820440e-01 5.160000e-03 3.127960e-01
231 6.812880e-01 5.096000e-03 3.136160e-01
232 6.804440e-01 5.032000e-03 3.145240e-01
233 6.795840e-01 4.944000e-03 3.154720e-01
234 6.788000e-01 4.932000e-03 3.162680e-01
235 6.780360e-01 4.920000e-03 3.170440e-01
236 6.772120e-01 4.876000e-03 3.179120e-01
237 6.764160e-01 4.824000e-03 3.187600e-01
238 6.754920e-01 4.960000e-03 3.195480e-01
239 6.747360e-01 4.892000e-03 3.203720e-01
240 6.738760e-01 4.804000e-03 3.213200e-01
241 6.730000e-01 4.904000e-03 3.220960e-01
242 6.721520e-01 4.848000e-03 3.230000e-01
243 6.713800e-01 4.760000e-03 3.238600e-01
244 6.705600e-01 4.788000e-03 3.246520e-01
245 6.698200e-01 4.708000e-03 3.254720e-01
246 6.690600e-01 4.596000e-03 3.263440e-01
247 6.683640e-01 4.464000e-03 3.271720e-01
248 6.675840e-01 4.416000e-03 3.280000e-01
249 6.667680e-01 4.444000e-03 3.287880e-01
250 6.660960e-01 4.400000e-03 3.295040e-01
251 6.654600e-01 4.240000e-03 3.303000e-01
252 6.647680e-01 4.188000e-03 3.310440e-01
253 6.641840e-01 4.000000e-03 3.318160e-01
254 6.636000e-01 3.916000e-03 3.324840e-01
255 6.629200e-01 3.884000e-03 3.331960e-01
256 6.622360e-01 3.852000e-03 3.339120e-01
257 6.615760e-01 3.816000e-03 3.346080e-01
258 6.609840e-01 3.696000e-03 3.353200e-01
259 6.602680e-01 3.812000e-03 3.359200e-01
260 6.596760e-01 3.740000e-03 3.365840e-01
261 6.591840e-01 3.564000e-03 3.372520e-01
262 6.586720e-01 3.432000e-03 3.378960e-01
263 6.580800e-01 3.360000e-03 3.385600e-01
264 6.575040e-01 3.268000e-03 3.392280e-01
265 6.569520e-01 3.256000e-03 3.397920e-01
266 6.564480e-01 3.172000e-03 3.403800e-01
267 6.558800e-01 3.228000e-03 3.408920e-01
268 6.553720e-01 3.188000e-03 3.414400e-01
269 6.547720e-01 3.240000e-03 3.419880e-01
270 6.542720e-01 3.116000e-03 3.426120e-01
271 6.537320e-01 3.104000e-03 3.431640e-01
272 6.532360e-01 3.088000e-03 3.436760e-01
273 6.526800e-01 3.080000e-03 3.442400e-01
274 6.522120e-01 2.968000e-03 3.448200e-01
275 6.517280e-01 2.936000e-03 3.453360e-01
276 6.511640e-01 3.008000e-03 3.458280e-01
277 6.506400e-01 3.084000e-03 3.462760e-01
278 6.501960e-01 2.952000e-03 3.468520e-01
279 6.497440e-01 2.876000e-03 3.473800e-01
280 6.493040e-01 2.844000e-03 3.478520e-01
281 6.489160e-01 2.756000e-03 3.483280e-01
282 6.484320e-01 2.792000e-03 3.487760e-01
283 6.479920e-01 2.756000e-03 3.492520e-01
284 6.475960e-01 2.668000e-03 3.497360e-01
285 6.472320e-01 2.604000e-03 3.501640e-01
286 6.468120e-01 2.544000e-03 3.506440e-01
287 6.463640e-01 2.616000e-03 3.510200e-01
288 6.458680e-01 2.660000e-03 3.514720e-01
289 6.453920e-01 2.624000e-03 3.519840e-01
290 6.449760e-01 2.568000e-03 3.524560e-01
291 6.446120e-01 2.488000e-03 3.529000e-01
292 6.442360e-01 2.400000e-03 3.533640e-01
293 6.438800e-01 2.304000e-03 3.538160e-01
294 6.434360e-01 2.368000e-03 3.541960e-01
295 6.429840e-01 2.468000e-03 3.545480e-01
296 6.425000e-01 2.508000e-03 3.549920e-01
297 6.419520e-01 2.620000e-03 3.554280e-01
298 6.414000e-01 2.720000e-03 3.558800e-01
299 6.408360e-01 2.808000e-03 3.563560e-01
300 6.403600e-01 2.808000e-03 3.568320e-01
301 6.398960e-01 2.820000e-03 3.572840e-01
302 6.394880e-01 2.740000e-03 3.577720e-01
303 6.390360e-01 2.708000e-03 3.582560e-01
304 6.385520e-01 2.768000e-03 3.586800e-01
305 6.380680e-01 2.768000e-03 3.591640e-01
306 6.376800e-01 2.732000e-03 3.595880e-01
307 6.371960e-01 2.800000e-03 3.600040e-01
308 6.366280e-01 2.872000e-03 3.605000e-01
309 6.361320e-01 2.836000e-03 3.610320e-01
310 6.356040e-01 2.884000e-03 3.615120e-01
311 6.350600e-01 2.944000e-03 3.619960e-01
312 6.345800e-01 2.920000e-03 3.625000e-01
313 6.340840e-01 2.944000e-03 3.629720e-01
314 6.336120e-01 2.988000e-03 3.634000e-01
315 6.331440e-01 2.888000e-03 3.639680e-01
316 6.327480e-01 2.748000e-03 3.645040e-01
317 6.322720e-01 2.736000e-03 3.649920e-01
318 6.318080e-01 2.744000e-03 3.654480e-01
319 6.313800e-01 2.668000e-03 3.659520e-01
320 6.309000e-01 2.712000e-03 3.663880e-01
321 6.304520e-01 2.708000e-03 3.668400e-01
322 6.299920e-01 2.648000e-03 3.673600e-01
323 6.295640e-01 2.552000e-03 3.678840e-01
324 6.291320e-01 2.596000e-03 3.682720e-01
325 6.286880e-01 2.652000e-03 3.686600e-01
326 6.281720e-01 2.720000e-03 3.691080e-01
327 6.277200e-01 2.696000e-03 3.695840e-01
328 6.272560e-01 2.612000e-03 3.701320e-01
329 6.268520e-01 2.476000e-03 3.706720e-01
330 6.263800e-01 2.600000e-03 3.710200e-01
331 6.259440e-01 2.544000e-03 3.715120e-01
332 6.255960e-01 2.544000e-03 3.718600e-01
333 6.251480e-01 2.488000e-03 3.723640e-01
334 6.246760e-01 2.432000e-03 3.728920e-01
335 6.242400e-01 2.492000e-03 3.732680e-01
336 6.237800e-01 2.484000e-03 3.737360e-01
337 6.233520e-01 2.500000e-03 3.741480e-01
338 6.228520e-01 2.672000e-03 3.744760e-01
339 6.223880e-01 2.660000e-03 3.749520e-01
340 6.219480e-01 2.624000e-03 3.754280e-01
341 6.214880e-01 2.640000e-03 3.758720e-01
342 6.210880e-01 2.564000e-03 3.763480e-01
343 6.207320e-01 2.472000e-03 3.767960e-01
344 6.204640e-01 2.328000e-03 3.772080e-01
345 6.200960e-01 2.336000e-03 3.775680e-01
346 6.197600e-01 2.236000e-03 3.780040e-01
347 6.194360e-01 2.156000e-03 3.784080e-01
348 6.191400e-01 2.100000e-03 3.787600e-01
349 6.188920e-01 2.064000e-03 3.790440e-01
350 6.185960e-01 2.060000e-03 3.793440e-01
351 6.183120e-01 2.004000e-03 3.796840e-01
352 6.180520e-01 1.948000e-03 3.800000e-01
353 6.178320e-01 1.852000e-03 3.803160e-01
354 6.176040e-01 1.724000e-03 3.806720e-01
355 6.173640e-01 1.704000e-03 3.809320e-01
356 6.171160e-01 1.680000e-03 3.812040e-01
357 6.169040e-01 1.604000e-03 3.814920e-01
358 6.166360e-01 1.588000e-03 3.817760e-01
359 6.163440e-01 1.588000e-03 3.820680e-01
360 6.160320e-01 1.644000e-03 3.823240e-01
361 6.157440e-01 1.668000e-03 3.825880e-01
362 6.155120e-01 1.648000e-03 3.828400e-01
363 6.152720e-01 1.596000e-03 3.831320e-01
364 6.151000e-01 1.524000e-03 3.833760e-01
365 6.148800e-01 1.512000e-03 3.836080e-01
366 6.146880e-01 1.460000e-03 3.838520e-01
367 6.145120e-01 1.364000e-03 3.841240e-01
368 6.143080e-01 1.356000e-03 3.843360e-01
369 6.141760e-01 1.256000e-03 3.845680e-01
370 6.140280e-01 1.160000e-03 3.848120e-01
371 6.138560e-01 1.176000e-03 3.849680e-01
372 6.136720e-01 1.160000e-03 3.851680e-01
373 6.135280e-01 1.100000e-03 3.853720e-01
374 6.133360e-01 1.096000e-03 3.855680e-01
375 6.131240e-01 1.100000e-03 3.857760e-01
376 6.129320e-01 1.080000e-03 3.859880e-01
377 6.127360e-01 1.104000e-03 3.861600e-01
378 6.125480e-01 1.036000e-03 3.864160e-01
379 6.123080e-01 1.096000e-03 3.865960e-01
380 6.121200e-01 1.120000e-03 3.867600e-01
381 6.119080e-01 1.144000e-03 3.869480e-01
382 6.116920e-01 1.148000e-03 3.871600e-01
383 6.115200e-01 1.132000e-03 3.873480e-01
384 6.113000e-01 1.088000e-03 3.876120e-01
385 6.111120e-01 1.116000e-03 3.877720e-01
386 6.109360e-01 1.100000e-03 3.879640e-01
387 6.107120e-01 1.112000e-03 3.881760e-01
388 6.105560e-01 1.096000e-03 3.883480e-01
389 6.103960e-01 1.044000e-03 3.885600e-01
390 6.101560e-01 1.128000e-03 3.887160e-01
391 6.100080e-01 1.080000e-03 3.889120e-01
392 6.098320e-01 1.028000e-03 3.891400e-01
393 6.096600e-01 1.044000e-03 3.892960e-01
394 6.094840e-01 1.048000e-03 3.894680e-01
395 6.092560e-01 1.128000e-03 3.896160e-01
396 6.090400e-01 1.160000e-03 3.898000e-01
397 6.088560e-01 1.052000e-03 3.900920e-01
398 6.087280e-01 1.004000e-03 3.902680e-01
399 6.085560e-01 9.920000e-04 3.904520e-01
400 6.084080e-01 9.280000e-04 3.906640e-01
401 6.082400e-01 9.480000e-04 3.908120e-01
402 6.080880e-01 9.440000e-04 3.909680e-01
403 6.079120e-01 9.600000e-04 3.911280e-01
404 6.077280e-01 1.000000e-03 3.912720e-01
405 6.075680e-01 9.640000e-04 3.914680e-01
406 6.074240e-01 9.360000e-04 3.916400e-01
407 6.073240e-01 8.480000e-04 3.918280e-01
408 6.072160e-01 7.960000e-04 3.919880e-01
409 6.070720e-01 8.120000e-04 3.921160e-01
410 6.069520e-01 8.040000e-04 3.922440e-01
411 6.067840e-01 8.320000e-04 3.923840e-01
412 6.066400e-01 8.360000e-04 3.925240e-01
413 6.065200e-01 7.760000e-04 3.927040e-01
414 6.063840e-01 8.000000e-04 3.928160e-01
415 6.062560e-01 7.560000e-04 3.929880e-01
416 6.061400e-01 7.360000e-04 3.931240e-01
417 6.060160e-01 7.240000e-04 3.932600e-01
418 6.058840e-01 7.360000e-04 3.933800e-01
419 6.057600e-01 7.320000e-04 3.935080e-01
420 6.055960e-01 7.480000e-04 3.936560e-01
421 6.054360e-01 7.680000e-04 3.937960e-01
422 6.052520e-01 7.960000e-04 3.939520e-01
423 6.051120e-01 7.720000e-04 3.941160e-01
424 6.049600e-01 8.040000e-04 3.942360e-01
425 6.047960e-01 8.280000e-04 3.943760e-01
426 6.046400e-01 8.280000e-04 3.945320e-01
427 6.045480e-01 7.760000e-04 3.946760e-01
428 6.044320e-01 8.000000e-04 3.947680e-01
429 6.043120e-01 7.880000e-04 3.949000e-01
430 6.041800e-01 7.680000e-04 3.950520e-01
431 6.040880e-01 7.480000e-04 3.951640e-01
432 6.039440e-01 7.720000e-04 3.952840e-01
433 6.038120e-01 7.520000e-04 3.954360e-01
434 6.037240e-01 7.080000e-04 3.955680e-01
435 6.035960e-01 7.200000e-04 3.956840e-01
436 6.035040e-01 6.520000e-04 3.958440e-01
437 6.034600e-01 6.160000e-04 3.959240e-01
438 6.033400e-01 6.160000e-04 3.960440e-01
439 6.032520e-01 6.160000e-04 3.961320e-01
440 6.032000e-01 5.640000e-04 3.962360e-01
441 6.031480e-01 5.280000e-04 3.963240e-01
442 6.030680e-01 4.920000e-04 3.964400e-01
443 6.029760e-01 5.200000e-04 3.965040e-01
444 6.029040e-01 4.960000e-04 3.966000e-01
445 6.028320e-01 4.880000e-04 3.966800e-01
446 6.027480e-01 5.120000e-04 3.967400e-01
447 6.026480e-01 5.040000e-04 3.968480e-01
448 6.025960e-01 4.640000e-04 3.969400e-01
449 6.025160e-01 4.720000e-04 3.970120e-01
450 6.024440e-01 4.480000e-04 3.971080e-01
451 6.023680e-01 4.480000e-04 3.971840e-01
452 6.023000e-01 4.600000e-04 3.972400e-01
453 6.022080e-01 4.800000e-04 3.973120e-01
454 6.021000e-01 5.120000e-04 3.973880e-01
455 6.020240e-01 4.880000e-04 3.974880e-01
456 6.019600e-01 4.880000e-04 3.975520e-01
457 6.019000e-01 4.360000e-04 3.976640e-01
458 6.018560e-01 3.960000e-04 3.977480e-01
459 6.017960e-01 4.000000e-04 3.978040e-01
460 6.017360e-01 3.640000e-04 3.979000e-01
461 6.016720e-01 3.640000e-04 3.979640e-01
462 6.016160e-01 3.520000e-04 3.980320e-01
463 6.015760e-01 3.400000e-04 3.980840e-01
464 6.015280e-01 3.160000e-04 3.981560e-01
465 6.014600e-01 3.320000e-04 3.982080e-01
466 6.014000e-01 3.200000e-04 3.982800e-01
467 6.013400e-01 3.280000e-04 3.983320e-01
468 6.012360e-01 3.600000e-04 3.984040e-01
469 6.012000e-01 3.280000e-04 3.984720e-01
470 6.011160e-01 3.360000e-04 3.985480e-01
471 6.010480e-01 3.440000e-04 3.986080e-01
472 6.009800e-01 3.480000e-04 3.986720e-01
473 6.009160e-01 3.240000e-04 3.987600e-01
474 6.008440e-01 3.080000e-04 3.988480e-01
475 6.008040e-01 3.080000e-04 3.988880e-01
476 6.007280e-01 3.000000e-04 3.989720e-01
477 6.006560e-01 3.280000e-04 3.990160e-01
478 6.005880e-01 3.320000e-04 3.990800e-01
479 6.005280e-01 3.120000e-04 3.991600e-01
480 6.004800e-01 3.080000e-04 3.992120e-01
481 6.004240e-01 3.160000e-04 3.992600e-01
482 6.004040e-01 2.640000e-04 3.993320e-01
483 6.003800e-01 2.480000e-04 3.993720e-01
484 6.003440e-01 2.440000e-04 3.994120e-01
485 6.003200e-01 2.320000e-04 3.994480e-01
486 6.003000e-01 2.320000e-04 3.994680e-01
487 6.002800e-01 1.920000e-04 3.995280e-01
488 6.002520e-01 1.840000e-04 3.995640e-01
489 6.002200e-01 1.760000e-04 3.996040e-01
490 6.002040e-01 1.680000e-04 3.996280e-01
491 6.001640e-01 1.880000e-04 3.996480e-01
492 6.001400e-01 1.760000e-04 3.996840e-01
493 6.001080e-01 1.880000e-04 3.997040e-01
494 6.000960e-01 1.720000e-04 3.997320e-01
495 6.000640e-01 1.720000e-04 3.997640e-01
496 6.000440e-01 1.720000e-04 3.997840e-01
497 6.000280e-01 1.680000e-04 3.998040e-01
498 6.000200e-01 1.480000e-04 3.998320e-01
499 6.000040e-01 1.360000e-04 3.998600e-01
500 5.999760e-01 1.280000e-04 3.998960e-01
