1 9.991480e-01 7.360000e-04 1.160000e-04
2 9.987280e-01 1.016000e-03 2.560000e-04
3 9.982000e-01 1.316000e-03 4.840000e-04
4 9.975240e-01 1.768000e-03 7.080000e-04
5 9.967040e-01 2.200000e-03 1.096000e-03
6 9.957480e-01 2.736000e-03 1.516000e-03
7 9.948480e-01 3.116000e-03 2.036000e-03
8 9.940440e-01 3.296000e-03 2.660000e-03
9 9.931440e-01 3.640000e-03 3.216000e-03
10 9.922040e-01 3.848000e-03 3.948000e-03
11 9.911440e-01 4.280000e-03 4.576000e-03
12 9.900920e-01 4.532000e-03 5.376000e-03
13 9.891000e-01 4.836000e-03 6.064000e-03
14 9.881200e-01 4.856000e-03 7.024000e-03
15 9.870760e-01 5.060000e-03 7.864000e-03
16 9.859920e-01 5.256000e-03 8.752000e-03
17 9.848000e-01 5.472000e-03 9.728000e-03
18 9.834680e-01 5.876000e-03 1.065600e-02
19 9.822040e-01 6.144000e-03 1.165200e-02
20 9.809720e-01 6.280000e-03 1.274800e-02
21 9.796760e-01 6.556000e-03 1.376800e-02
22 9.782800e-01 6.696000e-03 1.502400e-02
23 9.768600e-01 6.924000e-03 1.621600e-02
24 9.754800e-01 6.992000e-03 1.752800e-02
25 9.742160e-01 6.916000e-03 1.886800e-02
26 9.728320e-01 7.104000e-03 2.006400e-02
27 9.715080e-01 7.216000e-03 2.127600e-02
28 9.701400e-01 7.204000e-03 2.265600e-02
29 9.687680e-01 7.284000e-03 2.394800e-02
30 9.672640e-01 7.488000e-03 2.524800e-02
31 9.658000e-01 7.552000e-03 2.664800e-02
32 9.643680e-01 7.728000e-03 2.790400e-02
33 9.628840e-01 7.932000e-03 2.918400e-02
34 9.613160e-01 7.916000e-03 3.076800e-02
35 9.598280e-01 7.892000e-03 3.228000e-02
36 9.581720e-01 8.164000e-03 3.366400e-02
37 9.564600e-01 8.424000e-03 3.511600e-02
38 9.549600e-01 8.480000e-03 3.656000e-02
39 9.534520e-01 8.540000e-03 3.800800e-02
40 9.519280e-01 8.600000e-03 3.947200e-02
41 9.503840e-01 8.688000e-03 4.092800e-02
42 9.487920e-01 8.712000e-03 4.249600e-02
43 9.472200e-01 8.856000e-03 4.392400e-02
44 9.455000e-01 9.148000e-03 4.535200e-02
45 9.439120e-01 9.232000e-03 4.685600e-02
46 9.422520e-01 9.336000e-03 4.841200e-02
47 9.407440e-01 9.200000e-03 5.005600e-02
48 9.391000e-01 9.148000e-03 5.175200e-02
49 9.372280e-01 9.276000e-03 5.349600e-02
50 9.355640e-01 9.284000e-03 5.515200e-02
51 9.337840e-01 9.508000e-03 5.670800e-02
52 9.320000e-01 9.748000e-03 5.825200e-02
53 9.302520e-01 9.912000e-03 5.983600e-02
54 9.286080e-01 9.868000e-03 6.152400e-02
55 9.269160e-01 9.824000e-03 6.326000e-02
56 9.251720e-01 9.792000e-03 6.503600e-02
57 9.237080e-01 9.512000e-03 6.678000e-02
58 9.220680e-01 9.540000e-03 6.839200e-02
59 9.204040e-01 9.568000e-03 7.002800e-02
60 9.187800e-01 9.472000e-03 7.174800e-02
61 9.170280e-01 9.660000e-03 7.331200e-02
62 9.153080e-01 9.756000e-03 7.493600e-02
63 9.135800e-01 9.780000e-03 7.664000e-02
64 9.119800e-01 9.676000e-03 7.834400e-02
65 9.102520e-01 9.816000e-03 7.993200e-02
66 9.084880e-01 9.852000e-03 8.166000e-02
67 9.069240e-01 9.776000e-03 8.330000e-02
68 9.052840e-01 9.640000e-03 8.507600e-02
69 9.037720e-01 9.392000e-03 8.683600e-02
70 9.022080e-01 9.408000e-03 8.838400e-02
71 9.005480e-01 9.432000e-03 9.002000e-02
72 8.988560e-01 9.360000e-03 9.178400e-02
73 8.972320e-01 9.284000e-03 9.348400e-02
74 8.954320e-01 9.400000e-03 9.516800e-02
75 8.938400e-01 9.280000e-03 9.688000e-02
76 8.922680e-01 9.212000e-03 9.852000e-02
77 8.904880e-01 9.432000e-03 1.000800e-01
78 8.888720e-01 9.480000e-03 1.016480e-01
79 8.870280e-01 9.612000e-03 1.033600e-01
80 8.852080e-01 9.748000e-03 1.050440e-01
81 8.834240e-01 9.752000e-03 1.068240e-01
82 8.815480e-01 9.832000e-03 1.086200e-01
83 8.796240e-01 9.992000e-03 1.103840e-01
84 8.778240e-01 1.006000e-02 1.121160e-01
85 8.760160e-01 1.017600e-02 1.138080e-01
86 8.741640e-01 1.024000e-02 1.155960e-01
87 8.723120e-01 1.030000e-02 1.173880e-01
88 8.703960e-01 1.043600e-02 1.191680e-01
89 8.684840e-01 1.052400e-02 1.209920e-01
90 8.667080e-01 1.038800e-02 1.229040e-01
91 8.650600e-01 1.020400e-02 1.247360e-01
92 8.632440e-01 1.021200e-02 1.265440e-01
93 8.614040e-01 1.038800e-02 1.282080e-01
94 8.597120e-01 1.026000e-02 1.300280e-01
95 8.579880e-01 1.026000e-02 1.317520e-01
96 8.562920e-01 1.023200e-02 1.334760e-01
97 8.544560e-01 1.024000e-02 1.353040e-01
98 8.527600e-01 1.015200e-02 1.370880e-01
99 8.510920e-01 1.010000e-02 1.388080e-01
100 8.494680e-01 9.932000e-03 1.406000e-01
101 8.478120e-01 9.776000e-03 1.424120e-01
102 8.462640e-01 9.612000e-03 1.441240e-01
103 8.448040e-01 9.368000e-03 1.458280e-01
104 8.432600e-01 9.220000e-03 1.475200e-01
105 8.416480e-01 9.308000e-03 1.490440e-01
106 8.401760e-01 9.080000e-03 1.507440e-01
107 8.387280e-01 9.016000e-03 1.522560e-01
108 8.371640e-01 9.056000e-03 1.537800e-01
109 8.355600e-01 9.048000e-03 1.553920e-01
110 8.340600e-01 9.080000e-03 1.568600e-01
111 8.326000e-01 9.028000e-03 1.583720e-01
112 8.311440e-01 8.780000e-03 1.600760e-01
113 8.295920e-01 8.716000e-03 1.616920e-01
114 8.279600e-01 8.820000e-03 1.632200e-01
115 8.264880e-01 8.792000e-03 1.647200e-01
116 8.251200e-01 8.732000e-03 1.661480e-01
117 8.237880e-01 8.512000e-03 1.677000e-01
118 8.223640e-01 8.472000e-03 1.691640e-01
119 8.210200e-01 8.268000e-03 1.707120e-01
120 8.196160e-01 8.228000e-03 1.721560e-01
121 8.181840e-01 8.212000e-03 1.736040e-01
122 8.169560e-01 8.064000e-03 1.749800e-01
123 8.154880e-01 8.204000e-03 1.763080e-01
124 8.141040e-01 8.092000e-03 1.778040e-01
125 8.128520e-01 7.828000e-03 1.793200e-01
126 8.116480e-01 7.704000e-03 1.806480e-01
127 8.102080e-01 7.884000e-03 1.819080e-01
128 8.089920e-01 7.672000e-03 1.833360e-01
129 8.077400e-01 7.560000e-03 1.847000e-01
130 8.064880e-01 7.404000e-03 1.861080e-01
131 8.052800e-01 7.416000e-03 1.873040e-01
132 8.042440e-01 7.172000e-03 1.885840e-01
133 8.028920e-01 7.288000e-03 1.898200e-01
134 8.016640e-01 7.348000e-03 1.909880e-01
135 8.003440e-01 7.376000e-03 1.922800e-01
136 7.992640e-01 7.160000e-03 1.935760e-01
137 7.980520e-01 7.160000e-03 1.947880e-01
138 7.968680e-01 7.048000e-03 1.960840e-01
139 7.956440e-01 7.140000e-03 1.972160e-01
140 7.944520e-01 7.192000e-03 1.983560e-01
141 7.932680e-01 7.256000e-03 1.994760e-01
142 7.920560e-01 7.244000e-03 2.007000e-01
143 7.909640e-01 7.064000e-03 2.019720e-01
144 7.898520e-01 6.884000e-03 2.032640e-01
145 7.889920e-01 6.536000e-03 2.044720e-01
146 7.880160e-01 6.372000e-03 2.056120e-01
147 7.870600e-01 6.088000e-03 2.068520e-01
148 7.861680e-01 5.920000e-03 2.079120e-01
149 7.852320e-01 5.860000e-03 2.089080e-01
150 7.842760e-01 5.720000e-03 2.100040e-01
151 7.832800e-01 5.736000e-03 2.109840e-01
152 7.824200e-01 5.592000e-03 2.119880e-01
153 7.814400e-01 5.640000e-03 2.129200e-01
154 7.803480e-01 5.788000e-03 2.138640e-01
155 7.793960e-01 5.736000e-03 2.148680e-01
156 7.783440e-01 5.864000e-03 2.157920e-01
157 7.773760e-01 5.812000e-03 2.168120e-01
158 7.764040e-01 5.852000e-03 2.177440e-01
159 7.754920e-01 5.820000e-03 2.186880e-01
160 7.744840e-01 5.788000e-03 2.197280e-01
161 7.734120e-01 5.840000e-03 2.207480e-01
162 7.723600e-01 5.888000e-03 2.217520e-01
163 7.712400e-01 5.952000e-03 2.228080e-01
164 7.701840e-01 5.940000e-03 2.238760e-01
165 7.691200e-01 5.896000e-03 2.249840e-01
166 7.681480e-01 5.776000e-03 2.260760e-01
167 7.671320e-01 5.696000e-03 2.271720e-01
168 7.661720e-01 5.676000e-03 2.281520e-01
169 7.651200e-01 5.728000e-03 2.291520e-01
170 7.642360e-01 5.508000e-03 2.302560e-01
171 7.632040e-01 5.504000e-03 2.312920e-01
172 7.622720e-01 5.516000e-03 2.322120e-01
173 7.612320e-01 5.656000e-03 2.331120e-01
174 7.602240e-01 5.672000e-03 2.341040e-01
175 7.591520e-01 5.720000e-03 2.351280e-01
176 7.581600e-01 5.672000e-03 2.361680e-01
177 7.572720e-01 5.556000e-03 2.371720e-01
178 7.563280e-01 5.472000e-03 2.382000e-01
179 7.553200e-01 5.524000e-03 2.391560e-01
180 7.544880e-01 5.344000e-03 2.401680e-01
181 7.535880e-01 5.256000e-03 2.411560e-01
182 7.526600e-01 5.240000e-03 2.421000e-01
183 7.516560e-01 5.396000e-03 2.429480e-01
184 7.505680e-01 5.496000e-03 2.439360e-01
185 7.495880e-01 5.624000e-03 2.447880e-01
186 7.484880e-01 5.784000e-03 2.457280e-01
187 7.475240e-01 5.796000e-03 2.466800e-01
188 7.465920e-01 5.812000e-03 2.475960e-01
189 7.455600e-01 5.712000e-03 2.487280e-01
190 7.445960e-01 5.772000e-03 2.496320e-01
191 7.436680e-01 5.664000e-03 2.506680e-01
192 7.428040e-01 5.584000e-03 2.516120e-01
193 7.419520e-01 5.388000e-03 2.526600e-01
194 7.410000e-01 5.360000e-03 2.536400e-01
195 7.400680e-01 5.300000e-03 2.546320e-01
196 7.390800e-01 5.388000e-03 2.555320e-01
197 7.381520e-01 5.272000e-03 2.565760e-01
198 7.373200e-01 5.148000e-03 2.575320e-01
199 7.364120e-01 5.048000e-03 2.585400e-01
200 7.356400e-01 4.920000e-03 2.594400e-01
201 7.348640e-01 4.792000e-03 2.603440e-01
202 7.340160e-01 4.832000e-03 2.611520e-01
203 7.331400e-01 4.876000e-03 2.619840e-01
204 7.324440e-01 4.756000e-03 2.628000e-01
205 7.317080e-01 4.672000e-03 2.636200e-01
206 7.308800e-01 4.612000e-03 2.645080e-01
207 7.300600e-01 4.712000e-03 2.652280e-01
208 7.292000e-01 4.684000e-03 2.661160e-01
209 7.284360e-01 4.660000e-03 2.669040e-01
210 7.276760e-01 4.712000e-03 2.676120e-01
211 7.269960e-01 4.596000e-03 2.684080e-01
212 7.263160e-01 4.540000e-03 2.691440e-01
213 7.256440e-01 4.368000e-03 2.699880e-01
214 7.249640e-01 4.276000e-03 2.707600e-01
215 7.242360e-01 4.288000e-03 2.714760e-01
216 7.234840e-01 4.268000e-03 2.722480e-01
217 7.227480e-01 4.248000e-03 2.730040e-01
218 7.220920e-01 4.176000e-03 2.737320e-01
219 7.214720e-01 4.104000e-03 2.744240e-01
220 7.207320e-01 4.236000e-03 2.750320e-01
221 7.199560e-01 4.236000e-03 2.758080e-01
222 7.192680e-01 4.156000e-03 2.765760e-01
223 7.185520e-01 4.080000e-03 2.773680e-01
224 7.179000e-01 4.028000e-03 2.780720e-01
225 7.171800e-01 4.048000e-03 2.787720e-01
226 7.165000e-01 4.000000e-03 2.795000e-01
227 7.157040e-01 4.080000e-03 2.802160e-01
228 7.150320e-01 4.056000e-03 2.809120e-01
229 7.143240e-01 4.036000e-03 2.816400e-01
230 7.135920e-01 4.056000e-03 2.823520e-01
231 7.128280e-01 4.088000e-03 2.830840e-01
232 7.122120e-01 4.124000e-03 2.836640e-01
233 7.116000e-01 4.020000e-03 2.843800e-01
234 7.110000e-01 3.988000e-03 2.850120e-01
235 7.103560e-01 3.984000e-03 2.856600e-01
236 7.097800e-01 3.944000e-03 2.862760e-01
237 7.091520e-01 3.920000e-03 2.869280e-01
238 7.084840e-01 3.952000e-03 2.875640e-01
239 7.077600e-01 4.064000e-03 2.881760e-01
240 7.070520e-01 4.056000e-03 2.888920e-01
241 7.062560e-01 4.088000e-03 2.896560e-01
242 7.055520e-01 4.084000e-03 2.903640e-01
243 7.047760e-01 4.100000e-03 2.911240e-01
244 7.040800e-01 4.056000e-03 2.918640e-01
245 7.034000e-01 3.984000e-03 2.926160e-01
246 7.027040e-01 3.968000e-03 2.933280e-01
247 7.020840e-01 3.956000e-03 2.939600e-01
248 7.013600e-01 3.996000e-03 2.946440e-01
249 7.007240e-01 3.996000e-03 2.952800e-01
250 7.000760e-01 3.864000e-03 2.960600e-01
251 6.994440e-01 3.772000e-03 2.967840e-01
252 6.986520e-01 3.892000e-03 2.974560e-01
253 6.979680e-01 3.928000e-03 2.981040e-01
254 6.972480e-01 3.964000e-03 2.987880e-01
255 6.966440e-01 3.908000e-03 2.994480e-01
256 6.960320e-01 3.868000e-03 3.001000e-01
257 6.955000e-01 3.772000e-03 3.007280e-01
258 6.949120e-01 3.720000e-03 3.013680e-01
259 6.943080e-01 3.728000e-03 3.019640e-01
260 6.936840e-01 3.664000e-03 3.026520e-01
261 6.931320e-01 3.572000e-03 3.032960e-01
262 6.925920e-01 3.512000e-03 3.038960e-01
263 6.919920e-01 3.468000e-03 3.045400e-01
264 6.914080e-01 3.320000e-03 3.052720e-01
265 6.908720e-01 3.312000e-03 3.058160e-01
266 6.903240e-01 3.260000e-03 3.064160e-01
267 6.896880e-01 3.348000e-03 3.069640e-01
268 6.890360e-01 3.424000e-03 3.075400e-01
269 6.884000e-01 3.388000e-03 3.082120e-01
270 6.877320e-01 3.396000e-03 3.088720e-01
271 6.870440e-01 3.480000e-03 3.094760e-01
272 6.863920e-01 3.524000e-03 3.100840e-01
273 6.858480e-01 3.448000e-03 3.107040e-01
274 6.852600e-01 3.420000e-03 3.113200e-01
275 6.846360e-01 3.424000e-03 3.119400e-01
276 6.840280e-01 3.404000e-03 3.125680e-01
277 6.834400e-01 3.372000e-03 3.131880e-01
278 6.828560e-01 3.344000e-03 3.138000e-01
279 6.822800e-01 3.328000e-03 3.143920e-01
280 6.817320e-01 3.292000e-03 3.149760e-01
281 6.812120e-01 3.208000e-03 3.155800e-01
282 6.807240e-01 3.056000e-03 3.162200e-01
283 6.802240e-01 3.036000e-03 3.167400e-01
284 6.796760e-01 3.108000e-03 3.172160e-01
285 6.792000e-01 3.124000e-03 3.176760e-01
286 6.786880e-01 3.060000e-03 3.182520e-01
287 6.782640e-01 3.032000e-03 3.187040e-01
288 6.777160e-01 3.096000e-03 3.191880e-01
289 6.772280e-01 3.052000e-03 3.197200e-01
290 6.767280e-01 3.104000e-03 3.201680e-01
291 6.761960e-01 3.024000e-03 3.207800e-01
292 6.756640e-01 3.036000e-03 3.213000e-01
293 6.750760e-01 3.100000e-03 3.218240e-01
294 6.745280e-01 3.072000e-03 3.224000e-01
295 6.740480e-01 3.004000e-03 3.229480e-01
296 6.735080e-01 2.996000e-03 3.234960e-01
297 6.729200e-01 3.016000e-03 3.240640e-01
298 6.723880e-01 3.052000e-03 3.245600e-01
299 6.718480e-01 3.104000e-03 3.250480e-01
300 6.713520e-01 3.044000e-03 3.256040e-01
301 6.707720e-01 3.160000e-03 3.260680e-01
302 6.702040e-01 3.144000e-03 3.266520e-01
303 6.696000e-01 3.148000e-03 3.272520e-01
304 6.691080e-01 3.092000e-03 3.278000e-01
305 6.686200e-01 3.028000e-03 3.283520e-01
306 6.682080e-01 2.920000e-03 3.288720e-01
307 6.676760e-01 2.928000e-03 3.293960e-01
308 6.671360e-01 2.900000e-03 3.299640e-01
309 6.666480e-01 2.864000e-03 3.304880e-01
310 6.661920e-01 2.780000e-03 3.310280e-01
311 6.656840e-01 2.828000e-03 3.314880e-01
312 6.651520e-01 2.864000e-03 3.319840e-01
313 6.646000e-01 2.884000e-03 3.325160e-01
314 6.641200e-01 2.856000e-03 3.330240e-01
315 6.636840e-01 2.780000e-03 3.335360e-01
316 6.632360e-01 2.696000e-03 3.340680e-01
317 6.628280e-01 2.660000e-03 3.345120e-01
318 6.624360e-01 2.556000e-03 3.350080e-01
319 6.619880e-01 2.616000e-03 3.353960e-01
320 6.615360e-01 2.640000e-03 3.358240e-01
321 6.610760e-01 2.664000e-03 3.362600e-01
322 6.605760e-01 2.752000e-03 3.366720e-01
323 6.600680e-01 2.664000e-03 3.372680e-01
324 6.595680e-01 2.684000e-03 3.377480e-01
325 6.590800e-01 2.696000e-03 3.382240e-01
326 6.585680e-01 2.680000e-03 3.387520e-01
327 6.580520e-01 2.768000e-03 3.391800e-01
328 6.575200e-01 2.800000e-03 3.396800e-01
329 6.570160e-01 2.760000e-03 3.402240e-01
330 6.565200e-01 2.788000e-03 3.406920e-01
331 6.560360e-01 2.788000e-03 3.411760e-01
332 6.555400e-01 2.832000e-03 3.416280e-01
333 6.550360e-01 2.792000e-03 3.421720e-01
334 6.545280e-01 2.776000e-03 3.426960e-01
335 6.540920e-01 2.716000e-03 3.431920e-01
336 6.536240e-01 2.724000e-03 3.436520e-01
337 6.531600e-01 2.700000e-03 3.441400e-01
338 6.527400e-01 2.652000e-03 3.446080e-01
339 6.523040e-01 2.624000e-03 3.450720e-01
340 6.518600e-01 2.656000e-03 3.454840e-01
341 6.514320e-01 2.660000e-03 3.459080e-01
342 6.509880e-01 2.652000e-03 3.463600e-01
343 6.505720e-01 2.608000e-03 3.468200e-01
344 6.502440e-01 2.456000e-03 3.473000e-01
345 6.498560e-01 2.456000e-03 3.476880e-01
346 6.494800e-01 2.356000e-03 3.481640e-01
347 6.490680e-01 2.352000e-03 3.485800e-01
348 6.487040e-01 2.256000e-03 3.490400e-01
349 6.483400e-01 2.216000e-03 3.494440e-01
350 6.479840e-01 2.220000e-03 3.497960e-01
351 6.476200e-01 2.184000e-03 3.501960e-01
352 6.473560e-01 2.084000e-03 3.505600e-01
353 6.470280e-01 2.020000e-03 3.509520e-01
354 6.466960e-01 1.976000e-03 3.513280e-01
355 6.463640e-01 1.980000e-03 3.516560e-01
356 6.460800e-01 1.916000e-03 3.520040e-01
357 6.457840e-01 1.856000e-03 3.523600e-01
358 6.455080e-01 1.832000e-03 3.526600e-01
359 6.452760e-01 1.744000e-03 3.529800e-01
360 6.450760e-01 1.668000e-03 3.532560e-01
361 6.448480e-01 1.592000e-03 3.535600e-01
362 6.446520e-01 1.492000e-03 3.538560e-01
363 6.443880e-01 1.492000e-03 3.541200e-01
364 6.442040e-01 1.436000e-03 3.543600e-01
365 6.439920e-01 1.400000e-03 3.546080e-01
366 6.437560e-01 1.408000e-03 3.548360e-01
367 6.435080e-01 1.456000e-03 3.550360e-01
368 6.432440e-01 1.540000e-03 3.552160e-01
369 6.430360e-01 1.436000e-03 3.555280e-01
370 6.427880e-01 1.428000e-03 3.557840e-01
371 6.425680e-01 1.360000e-03 3.560720e-01
372 6.423880e-01 1.296000e-03 3.563160e-01
373 6.421480e-01 1.328000e-03 3.565240e-01
374 6.418760e-01 1.384000e-03 3.567400e-01
375 6.417360e-01 1.284000e-03 3.569800e-01
376 6.415440e-01 1.236000e-03 3.572200e-01
377 6.413000e-01 1.240000e-03 3.574600e-01
378 6.410840e-01 1.288000e-03 3.576280e-01
379 6.408840e-01 1.276000e-03 3.578400e-01
380 6.406600e-01 1.260000e-03 3.580800e-01
381 6.404320e-01 1.316000e-03 3.582520e-01
382 6.401240e-01 1.408000e-03 3.584680e-01
383 6.399040e-01 1.444000e-03 3.586520e-01
384 6.396760e-01 1.448000e-03 3.588760e-01
385 6.394520e-01 1.408000e-03 3.591400e-01
386 6.392400e-01 1.364000e-03 3.593960e-01
387 6.390040e-01 1.360000e-03 3.596360e-01
388 6.387680e-01 1.352000e-03 3.598800e-01
389 6.384920e-01 1.376000e-03 3.601320e-01
390 6.382200e-01 1.400000e-03 3.603800e-01
391 6.380400e-01 1.356000e-03 3.606040e-01
392 6.377920e-01 1.380000e-03 3.608280e-01
393 6.375880e-01 1.312000e-03 3.611000e-01
394 6.373880e-01 1.288000e-03 3.613240e-01
395 6.371800e-01 1.244000e-03 3.615760e-01
396 6.368680e-01 1.384000e-03 3.617480e-01
397 6.365360e-01 1.436000e-03 3.620280e-01
398 6.362200e-01 1.532000e-03 3.622480e-01
399 6.359160e-01 1.580000e-03 3.625040e-01
400 6.356800e-01 1.572000e-03 3.627480e-01
401 6.354800e-01 1.436000e-03 3.630840e-01
402 6.352760e-01 1.388000e-03 3.633360e-01
403 6.350960e-01 1.288000e-03 3.636160e-01
404 6.348920e-01 1.312000e-03 3.637960e-01
405 6.346880e-01 1.344000e-03 3.639680e-01
406 6.345040e-01 1.304000e-03 3.641920e-01
407 6.342680e-01 1.256000e-03 3.644760e-01
408 6.340680e-01 1.192000e-03 3.647400e-01
409 6.338800e-01 1.220000e-03 3.649000e-01
410 6.336800e-01 1.236000e-03 3.650840e-01
411 6.335360e-01 1.152000e-03 3.653120e-01
412 6.332680e-01 1.236000e-03 3.654960e-01
413 6.330480e-01 1.268000e-03 3.656840e-01
414 6.328240e-01 1.276000e-03 3.659000e-01
415 6.325840e-01 1.324000e-03 3.660920e-01
416 6.323120e-01 1.340000e-03 3.663480e-01
417 6.320800e-01 1.348000e-03 3.665720e-01
418 6.318000e-01 1.404000e-03 3.667960e-01
419 6.315680e-01 1.348000e-03 3.670840e-01
420 6.313040e-01 1.384000e-03 3.673120e-01
421 6.310200e-01 1.432000e-03 3.675480e-01
422 6.306760e-01 1.536000e-03 3.677880e-01
423 6.303000e-01 1.588000e-03 3.681120e-01
424 6.299960e-01 1.640000e-03 3.683640e-01
425 6.296880e-01 1.652000e-03 3.686600e-01
426 6.294400e-01 1.608000e-03 3.689520e-01
427 6.292200e-01 1.536000e-03 3.692440e-01
428 6.289880e-01 1.464000e-03 3.695480e-01
429 6.287120e-01 1.508000e-03 3.697800e-01
430 6.284560e-01 1.516000e-03 3.700280e-01
431 6.281960e-01 1.580000e-03 3.702240e-01
432 6.279280e-01 1.568000e-03 3.705040e-01
433 6.276320e-01 1.580000e-03 3.707880e-01
434 6.273240e-01 1.588000e-03 3.710880e-01
435 6.270080e-01 1.616000e-03 3.713760e-01
436 6.267240e-01 1.648000e-03 3.716280e-01
437 6.264160e-01 1.616000e-03 3.719680e-01
438 6.260960e-01 1.688000e-03 3.722160e-01
439 6.257680e-01 1.688000e-03 3.725440e-01
440 6.254960e-01 1.692000e-03 3.728120e-01
441 6.252440e-01 1.652000e-03 3.731040e-01
442 6.249720e-01 1.652000e-03 3.733760e-01
443 6.246520e-01 1.644000e-03 3.737040e-01
444 6.244200e-01 1.632000e-03 3.739480e-01
445 6.241440e-01 1.636000e-03 3.742200e-01
446 6.238800e-01 1.616000e-03 3.745040e-01
447 6.236760e-01 1.584000e-03 3.747400e-01
448 6.234280e-01 1.580000e-03 3.749920e-01
449 6.232000e-01 1.480000e-03 3.753200e-01
450 6.230200e-01 1.432000e-03 3.755480e-01
451 6.228000e-01 1.436000e-03 3.757640e-01
452 6.225120e-01 1.472000e-03 3.760160e-01
453 6.222760e-01 1.448000e-03 3.762760e-01
454 6.220640e-01 1.452000e-03 3.764840e-01
455 6.218400e-01 1.396000e-03 3.767640e-01
456 6.216320e-01 1.372000e-03 3.769960e-01
457 6.214000e-01 1.364000e-03 3.772360e-01
458 6.211040e-01 1.412000e-03 3.774840e-01
459 6.208080e-01 1.472000e-03 3.777200e-01
460 6.205200e-01 1.472000e-03 3.780080e-01
461 6.202760e-01 1.448000e-03 3.782760e-01
462 6.200440e-01 1.484000e-03 3.784720e-01
463 6.198560e-01 1.476000e-03 3.786680e-01
464 6.196240e-01 1.436000e-03 3.789400e-01
465 6.194120e-01 1.392000e-03 3.791960e-01
466 6.191920e-01 1.364000e-03 3.794440e-01
467 6.189560e-01 1.344000e-03 3.797000e-01
468 6.187440e-01 1.316000e-03 3.799400e-01
469 6.184800e-01 1.316000e-03 3.802040e-01
470 6.182200e-01 1.404000e-03 3.803760e-01
471 6.180080e-01 1.372000e-03 3.806200e-01
472 6.177120e-01 1.464000e-03 3.808240e-01
473 6.174280e-01 1.528000e-03 3.810440e-01
474 6.172400e-01 1.440000e-03 3.813200e-01
475 6.170440e-01 1.356000e-03 3.816000e-01
476 6.167000e-01 1.412000e-03 3.818880e-01
477 6.164440e-01 1.392000e-03 3.821640e-01
478 6.162400e-01 1.384000e-03 3.823760e-01
479 6.159640e-01 1.400000e-03 3.826360e-01
480 6.156960e-01 1.436000e-03 3.828680e-01
481 6.154520e-01 1.376000e-03 3.831720e-01
482 6.151800e-01 1.420000e-03 3.834000e-01
483 6.149400e-01 1.460000e-03 3.836000e-01
484 6.146960e-01 1.428000e-03 3.838760e-01
485 6.144640e-01 1.392000e-03 3.841440e-01
486 6.142200e-01 1.380000e-03 3.844000e-01
487 6.140320e-01 1.352000e-03 3.846160e-01
488 6.138320e-01 1.328000e-03 3.848400e-01
489 6.136160e-01 1.340000e-03 3.850440e-01
490 6.134480e-01 1.260000e-03 3.852920e-01
491 6.132840e-01 1.200000e-03 3.855160e-01
492 6.130600e-01 1.220000e-03 3.857200e-01
493 6.127960e-01 1.264000e-03 3.859400e-01
494 6.125960e-01 1.248000e-03 3.861560e-01
495 6.123840e-01 1.236000e-03 3.863800e-01
496 6.121600e-01 1.268000e-03 3.865720e-01
497 6.119640e-01 1.288000e-03 3.867480e-01
498 6.117560e-01 1.272000e-03 3.869720e-01
499 6.115800e-01 1.208000e-03 3.872120e-01
500 6.113680e-01 1.204000e-03 3.874280e-01
