1 9.992360e-01 6.720000e-04 9.200000e-05
2 9.987320e-01 1.052000e-03 2.160000e-04
3 9.981800e-01 1.396000e-03 4.240000e-04
4 9.974320e-01 1.880000e-03 6.880000e-04
5 9.965840e-01 2.408000e-03 1.008000e-03
6 9.956680e-01 2.908000e-03 1.424000e-03
7 9.946880e-01 3.440000e-03 1.872000e-03
8 9.937320e-01 3.752000e-03 2.516000e-03
9 9.926280e-01 4.124000e-03 3.248000e-03
10 9.915280e-01 4.492000e-03 3.980000e-03
11 9.903040e-01 4.928000e-03 4.768000e-03
12 9.890200e-01 5.408000e-03 5.572000e-03
13 9.877680e-01 5.828000e-03 6.404000e-03
14 9.864200e-01 6.128000e-03 7.452000e-03
15 9.851360e-01 6.368000e-03 8.496000e-03
16 9.839440e-01 6.464000e-03 9.592000e-03
17 9.827280e-01 6.528000e-03 1.074400e-02
18 9.814960e-01 6.588000e-03 1.191600e-02
19 9.801640e-01 6.724000e-03 1.311200e-02
20 9.787720e-01 6.772000e-03 1.445600e-02
21 9.772640e-01 7.036000e-03 1.570000e-02
22 9.757000e-01 7.312000e-03 1.698800e-02
23 9.742080e-01 7.444000e-03 1.834800e-02
24 9.727560e-01 7.540000e-03 1.970400e-02
25 9.712920e-01 7.604000e-03 2.110400e-02
26 9.696040e-01 7.888000e-03 2.250800e-02
27 9.679840e-01 8.092000e-03 2.392400e-02
28 9.664760e-01 8.160000e-03 2.536400e-02
29 9.649400e-01 8.352000e-03 2.670800e-02
30 9.632920e-01 8.560000e-03 2.814800e-02
31 9.616200e-01 8.712000e-03 2.966800e-02
32 9.599320e-01 8.840000e-03 3.122800e-02
33 9.582680e-01 8.980000e-03 3.275200e-02
34 9.566040e-01 9.152000e-03 3.424400e-02
35 9.548480e-01 9.316000e-03 3.583600e-02
36 9.528960e-01 9.648000e-03 3.745600e-02
37 9.511600e-01 9.820000e-03 3.902000e-02
38 9.494200e-01 9.864000e-03 4.071600e-02
39 9.474800e-01 1.002400e-02 4.249600e-02
40 9.457560e-01 1.001600e-02 4.422800e-02
41 9.440440e-01 9.840000e-03 4.611600e-02
42 9.424280e-01 9.744000e-03 4.782800e-02
43 9.405960e-01 9.996000e-03 4.940800e-02
44 9.386960e-01 1.017200e-02 5.113200e-02
45 9.369840e-01 1.015600e-02 5.286000e-02
46 9.352600e-01 1.013200e-02 5.460800e-02
47 9.334160e-01 1.016000e-02 5.642400e-02
48 9.316640e-01 1.018800e-02 5.814800e-02
49 9.298920e-01 1.009600e-02 6.001200e-02
50 9.280080e-01 1.018000e-02 6.181200e-02
51 9.261560e-01 1.017200e-02 6.367200e-02
52 9.243080e-01 1.032000e-02 6.537200e-02
53 9.225480e-01 1.031600e-02 6.713600e-02
54 9.207760e-01 1.029200e-02 6.893200e-02
55 9.188320e-01 1.041600e-02 7.075200e-02
56 9.171120e-01 1.028000e-02 7.260800e-02
57 9.153320e-01 1.025600e-02 7.441200e-02
58 9.136080e-01 1.012000e-02 7.627200e-02
59 9.120280e-01 9.984000e-03 7.798800e-02
60 9.102920e-01 1.002000e-02 7.968800e-02
61 9.085520e-01 9.932000e-03 8.151600e-02
62 9.069040e-01 9.820000e-03 8.327600e-02
63 9.050800e-01 9.892000e-03 8.502800e-02
64 9.033480e-01 9.820000e-03 8.683200e-02
65 9.016760e-01 9.768000e-03 8.855600e-02
66 8.998800e-01 9.836000e-03 9.028400e-02
67 8.981960e-01 9.808000e-03 9.199600e-02
68 8.965520e-01 9.840000e-03 9.360800e-02
69 8.949720e-01 9.764000e-03 9.526400e-02
70 8.933080e-01 9.800000e-03 9.689200e-02
71 8.915640e-01 9.852000e-03 9.858400e-02
72 8.898800e-01 9.960000e-03 1.001600e-01
73 8.881320e-01 1.001600e-02 1.018520e-01
74 8.862760e-01 1.001600e-02 1.037080e-01
75 8.845200e-01 1.015600e-02 1.053240e-01
76 8.828440e-01 1.018800e-02 1.069680e-01
77 8.810640e-01 1.015600e-02 1.087800e-01
78 8.791320e-01 1.034000e-02 1.105280e-01
79 8.774840e-01 1.014800e-02 1.123680e-01
80 8.758320e-01 9.900000e-03 1.142680e-01
81 8.740160e-01 1.000800e-02 1.159760e-01
82 8.723680e-01 9.716000e-03 1.179160e-01
83 8.707280e-01 9.568000e-03 1.197040e-01
84 8.691160e-01 9.604000e-03 1.212800e-01
85 8.672920e-01 9.656000e-03 1.230520e-01
86 8.656640e-01 9.696000e-03 1.246400e-01
87 8.639400e-01 9.880000e-03 1.261800e-01
88 8.622360e-01 9.720000e-03 1.280440e-01
89 8.606440e-01 9.640000e-03 1.297160e-01
90 8.589120e-01 9.652000e-03 1.314360e-01
91 8.572680e-01 9.636000e-03 1.330960e-01
92 8.557000e-01 9.504000e-03 1.347960e-01
93 8.540640e-01 9.496000e-03 1.364400e-01
94 8.524200e-01 9.512000e-03 1.380680e-01
95 8.505520e-01 9.736000e-03 1.397120e-01
96 8.487760e-01 9.800000e-03 1.414240e-01
97 8.469680e-01 9.900000e-03 1.431320e-01
98 8.450600e-01 1.014400e-02 1.447960e-01
99 8.431920e-01 1.017200e-02 1.466360e-01
100 8.414800e-01 9.972000e-03 1.485480e-01
101 8.396800e-01 1.009200e-02 1.502280e-01
102 8.380640e-01 9.944000e-03 1.519920e-01
103 8.364400e-01 9.900000e-03 1.536600e-01
104 8.347280e-01 9.832000e-03 1.554400e-01
105 8.329760e-01 9.916000e-03 1.571080e-01
106 8.312200e-01 9.844000e-03 1.589360e-01
107 8.294200e-01 1.009600e-02 1.604840e-01
108 8.276520e-01 1.002800e-02 1.623200e-01
109 8.261120e-01 9.740000e-03 1.641480e-01
110 8.244440e-01 9.644000e-03 1.659120e-01
111 8.228040e-01 9.628000e-03 1.675680e-01
112 8.211560e-01 9.548000e-03 1.692960e-01
113 8.196760e-01 9.176000e-03 1.711480e-01
114 8.181440e-01 9.084000e-03 1.727720e-01
115 8.166440e-01 9.080000e-03 1.742760e-01
116 8.151400e-01 8.880000e-03 1.759800e-01
117 8.135920e-01 8.884000e-03 1.775240e-01
118 8.120400e-01 8.884000e-03 1.790760e-01
119 8.106920e-01 8.700000e-03 1.806080e-01
120 8.092360e-01 8.680000e-03 1.820840e-01
121 8.079320e-01 8.340000e-03 1.837280e-01
122 8.065600e-01 8.332000e-03 1.851080e-01
123 8.051880e-01 8.296000e-03 1.865160e-01
124 8.037360e-01 8.288000e-03 1.879760e-01
125 8.023520e-01 8.160000e-03 1.894880e-01
126 8.011120e-01 7.804000e-03 1.910840e-01
127 7.999080e-01 7.736000e-03 1.923560e-01
128 7.983840e-01 7.884000e-03 1.937320e-01
129 7.968120e-01 8.008000e-03 1.951800e-01
130 7.953880e-01 7.904000e-03 1.967080e-01
131 7.941000e-01 7.788000e-03 1.981120e-01
132 7.926240e-01 7.920000e-03 1.994560e-01
133 7.912840e-01 7.908000e-03 2.008080e-01
134 7.899160e-01 7.888000e-03 2.021960e-01
135 7.886840e-01 7.716000e-03 2.036000e-01
136 7.874760e-01 7.552000e-03 2.049720e-01
137 7.862640e-01 7.452000e-03 2.062840e-01
138 7.851040e-01 7.336000e-03 2.075600e-01
139 7.837040e-01 7.536000e-03 2.087600e-01
140 7.822520e-01 7.744000e-03 2.100040e-01
141 7.808720e-01 7.784000e-03 2.113440e-01
142 7.795000e-01 7.772000e-03 2.127280e-01
143 7.781360e-01 7.756000e-03 2.141080e-01
144 7.768000e-01 7.680000e-03 2.155200e-01
145 7.753520e-01 7.700000e-03 2.169480e-01
146 7.738160e-01 7.968000e-03 2.182160e-01
147 7.723680e-01 7.944000e-03 2.196880e-01
148 7.709200e-01 8.076000e-03 2.210040e-01
149 7.694600e-01 8.120000e-03 2.224200e-01
150 7.679320e-01 8.308000e-03 2.237600e-01
151 7.665600e-01 8.252000e-03 2.251880e-01
152 7.650560e-01 8.292000e-03 2.266520e-01
153 7.637560e-01 8.148000e-03 2.280960e-01
154 7.624280e-01 7.940000e-03 2.296320e-01
155 7.612240e-01 7.848000e-03 2.309280e-01
156 7.598000e-01 7.980000e-03 2.322200e-01
157 7.586200e-01 7.832000e-03 2.335480e-01
158 7.573040e-01 7.792000e-03 2.349040e-01
159 7.560640e-01 7.640000e-03 2.362960e-01
160 7.547840e-01 7.532000e-03 2.376840e-01
161 7.536640e-01 7.284000e-03 2.390520e-01
162 7.524520e-01 7.280000e-03 2.402680e-01
163 7.511600e-01 7.356000e-03 2.414840e-01
164 7.499240e-01 7.244000e-03 2.428320e-01
165 7.487240e-01 7.192000e-03 2.440840e-01
166 7.475360e-01 7.008000e-03 2.454560e-01
167 7.463640e-01 6.764000e-03 2.468720e-01
168 7.452960e-01 6.624000e-03 2.480800e-01
169 7.441640e-01 6.516000e-03 2.493200e-01
170 7.432320e-01 6.352000e-03 2.504160e-01
171 7.420600e-01 6.416000e-03 2.515240e-01
172 7.410120e-01 6.476000e-03 2.525120e-01
173 7.399240e-01 6.476000e-03 2.536000e-01
174 7.389520e-01 6.244000e-03 2.548040e-01
175 7.381400e-01 5.920000e-03 2.559400e-01
176 7.373000e-01 5.652000e-03 2.570480e-01
177 7.363800e-01 5.600000e-03 2.580200e-01
178 7.355040e-01 5.416000e-03 2.590800e-01
179 7.346920e-01 5.300000e-03 2.600080e-01
180 7.338240e-01 5.240000e-03 2.609360e-01
181 7.329680e-01 5.180000e-03 2.618520e-01
182 7.321240e-01 5.136000e-03 2.627400e-01
183 7.313560e-01 5.080000e-03 2.635640e-01
184 7.305000e-01 5.024000e-03 2.644760e-01
185 7.297400e-01 4.856000e-03 2.654040e-01
186 7.290160e-01 4.640000e-03 2.663440e-01
187 7.282680e-01 4.592000e-03 2.671400e-01
188 7.275400e-01 4.580000e-03 2.678800e-01
189 7.269480e-01 4.348000e-03 2.687040e-01
190 7.262320e-01 4.328000e-03 2.694400e-01
191 7.255840e-01 4.328000e-03 2.700880e-01
192 7.248800e-01 4.280000e-03 2.708400e-01
193 7.242000e-01 4.216000e-03 2.715840e-01
194 7.234760e-01 4.292000e-03 2.722320e-01
195 7.227840e-01 4.192000e-03 2.730240e-01
196 7.221040e-01 4.132000e-03 2.737640e-01
197 7.214160e-01 4.116000e-03 2.744680e-01
198 7.207240e-01 4.132000e-03 2.751440e-01
199 7.200040e-01 4.140000e-03 2.758560e-01
200 7.192920e-01 4.068000e-03 2.766400e-01
201 7.186240e-01 4.112000e-03 2.772640e-01
202 7.179400e-01 4.112000e-03 2.779480e-01
203 7.172400e-01 4.044000e-03 2.787160e-01
204 7.164680e-01 4.084000e-03 2.794480e-01
205 7.158400e-01 4.032000e-03 2.801280e-01
206 7.151400e-01 3.996000e-03 2.808640e-01
207 7.144400e-01 3.956000e-03 2.816040e-01
208 7.137520e-01 3.920000e-03 2.823280e-01
209 7.131480e-01 3.844000e-03 2.830080e-01
210 7.124520e-01 3.904000e-03 2.836440e-01
211 7.117480e-01 3.912000e-03 2.843400e-01
212 7.110240e-01 3.928000e-03 2.850480e-01
213 7.104440e-01 3.844000e-03 2.857120e-01
214 7.097280e-01 3.928000e-03 2.863440e-01
215 7.090000e-01 4.000000e-03 2.870000e-01
216 7.082440e-01 3.976000e-03 2.877800e-01
217 7.076280e-01 3.868000e-03 2.885040e-01
218 7.069600e-01 3.836000e-03 2.892040e-01
219 7.062560e-01 3.916000e-03 2.898280e-01
220 7.056120e-01 4.016000e-03 2.903720e-01
221 7.049640e-01 3.984000e-03 2.910520e-01
222 7.043760e-01 3.880000e-03 2.917440e-01
223 7.037000e-01 3.820000e-03 2.924800e-01
224 7.031360e-01 3.728000e-03 2.931360e-01
225 7.025760e-01 3.584000e-03 2.938400e-01
226 7.020240e-01 3.488000e-03 2.944880e-01
227 7.015480e-01 3.376000e-03 2.950760e-01
228 7.010480e-01 3.304000e-03 2.956480e-01
229 7.004800e-01 3.200000e-03 2.963200e-01
230 6.999840e-01 3.168000e-03 2.968480e-01
231 6.995520e-01 3.072000e-03 2.973760e-01
232 6.990760e-01 3.004000e-03 2.979200e-01
233 6.985120e-01 3.020000e-03 2.984680e-01
234 6.979200e-01 2.980000e-03 2.991000e-01
235 6.973480e-01 3.064000e-03 2.995880e-01
236 6.967080e-01 3.192000e-03 3.001000e-01
237 6.960800e-01 3.212000e-03 3.007080e-01
238 6.954480e-01 3.324000e-03 3.012280e-01
239 6.948560e-01 3.380000e-03 3.017640e-01
240 6.941880e-01 3.448000e-03 3.023640e-01
241 6.935560e-01 3.440000e-03 3.030040e-01
242 6.929520e-01 3.436000e-03 3.036120e-01
243 6.924080e-01 3.328000e-03 3.042640e-01
244 6.918160e-01 3.308000e-03 3.048760e-01
245 6.913040e-01 3.260000e-03 3.054360e-01
246 6.907960e-01 3.228000e-03 3.059760e-01
247 6.903640e-01 3.104000e-03 3.065320e-01
248 6.897600e-01 3.116000e-03 3.071240e-01
249 6.891640e-01 3.176000e-03 3.076600e-01
250 6.886680e-01 3.136000e-03 3.081960e-01
251 6.882280e-01 3.064000e-03 3.087080e-01
252 6.877160e-01 3.076000e-03 3.092080e-01
253 6.872440e-01 3.008000e-03 3.097480e-01
254 6.866720e-01 3.080000e-03 3.102480e-01
255 6.861680e-01 3.052000e-03 3.107800e-01
256 6.856280e-01 3.052000e-03 3.113200e-01
257 6.852520e-01 2.864000e-03 3.118840e-01
258 6.847640e-01 2.848000e-03 3.123880e-01
259 6.842560e-01 2.920000e-03 3.128240e-01
260 6.837960e-01 2.828000e-03 3.133760e-01
261 6.833640e-01 2.748000e-03 3.138880e-01
262 6.829440e-01 2.680000e-03 3.143760e-01
263 6.824960e-01 2.672000e-03 3.148320e-01
264 6.821080e-01 2.664000e-03 3.152280e-01
265 6.816720e-01 2.676000e-03 3.156520e-01
266 6.812880e-01 2.624000e-03 3.160880e-01
267 6.809280e-01 2.500000e-03 3.165720e-01
268 6.805760e-01 2.396000e-03 3.170280e-01
269 6.802720e-01 2.328000e-03 3.174000e-01
270 6.798720e-01 2.312000e-03 3.178160e-01
271 6.794760e-01 2.288000e-03 3.182360e-01
272 6.791480e-01 2.244000e-03 3.186080e-01
273 6.787920e-01 2.172000e-03 3.190360e-01
274 6.784440e-01 2.136000e-03 3.194200e-01
275 6.781160e-01 2.080000e-03 3.198040e-01
276 6.778600e-01 1.952000e-03 3.201880e-01
277 6.776000e-01 1.884000e-03 3.205160e-01
278 6.773640e-01 1.792000e-03 3.208440e-01
279 6.771040e-01 1.736000e-03 3.211600e-01
280 6.769000e-01 1.628000e-03 3.214720e-01
281 6.766240e-01 1.632000e-03 3.217440e-01
282 6.764080e-01 1.564000e-03 3.220280e-01
283 6.761440e-01 1.512000e-03 3.223440e-01
284 6.759280e-01 1.476000e-03 3.225960e-01
285 6.756120e-01 1.556000e-03 3.228320e-01
286 6.753600e-01 1.560000e-03 3.230800e-01
287 6.751040e-01 1.548000e-03 3.233480e-01
288 6.748240e-01 1.544000e-03 3.236320e-01
289 6.745880e-01 1.436000e-03 3.239760e-01
290 6.743720e-01 1.412000e-03 3.242160e-01
291 6.741360e-01 1.440000e-03 3.244240e-01
292 6.738720e-01 1.448000e-03 3.246800e-01
293 6.736600e-01 1.412000e-03 3.249280e-01
294 6.734680e-01 1.356000e-03 3.251760e-01
295 6.733000e-01 1.244000e-03 3.254560e-01
296 6.730200e-01 1.324000e-03 3.256560e-01
297 6.728160e-01 1.276000e-03 3.259080e-01
298 6.726160e-01 1.232000e-03 3.261520e-01
299 6.724240e-01 1.188000e-03 3.263880e-01
300 6.722000e-01 1.236000e-03 3.265640e-01
301 6.720080e-01 1.216000e-03 3.267760e-01
302 6.718280e-01 1.156000e-03 3.270160e-01
303 6.716600e-01 1.148000e-03 3.271920e-01
304 6.714800e-01 1.152000e-03 3.273680e-01
305 6.713440e-01 1.072000e-03 3.275840e-01
306 6.711640e-01 1.024000e-03 3.278120e-01
307 6.709760e-01 1.004000e-03 3.280200e-01
308 6.708320e-01 9.880000e-04 3.281800e-01
309 6.706520e-01 1.024000e-03 3.283240e-01
310 6.704520e-01 1.096000e-03 3.284520e-01
311 6.703400e-01 1.032000e-03 3.286280e-01
312 6.701840e-01 9.760000e-04 3.288400e-01
313 6.700320e-01 9.360000e-04 3.290320e-01
314 6.698440e-01 9.720000e-04 3.291840e-01
315 6.696920e-01 9.600000e-04 3.293480e-01
316 6.695680e-01 9.160000e-04 3.295160e-01
317 6.694400e-01 8.800000e-04 3.296800e-01
318 6.693000e-01 8.920000e-04 3.298080e-01
319 6.691440e-01 8.920000e-04 3.299640e-01
320 6.690200e-01 8.680000e-04 3.301120e-01
321 6.688800e-01 8.400000e-04 3.302800e-01
322 6.687480e-01 8.120000e-04 3.304400e-01
323 6.686320e-01 7.720000e-04 3.305960e-01
324 6.685080e-01 7.560000e-04 3.307360e-01
325 6.684200e-01 7.000000e-04 3.308800e-01
326 6.682760e-01 7.480000e-04 3.309760e-01
327 6.681920e-01 7.440000e-04 3.310640e-01
328 6.680280e-01 7.920000e-04 3.311800e-01
329 6.679080e-01 7.800000e-04 3.313120e-01
330 6.677800e-01 7.840000e-04 3.314360e-01
331 6.677080e-01 7.160000e-04 3.315760e-01
332 6.676080e-01 6.960000e-04 3.316960e-01
333 6.675360e-01 6.760000e-04 3.317880e-01
334 6.674720e-01 6.000000e-04 3.319280e-01
335 6.673960e-01 5.880000e-04 3.320160e-01
336 6.673240e-01 5.200000e-04 3.321560e-01
337 6.672480e-01 5.160000e-04 3.322360e-01
338 6.671920e-01 4.880000e-04 3.323200e-01
339 6.671120e-01 4.760000e-04 3.324120e-01
340 6.670000e-01 5.240000e-04 3.324760e-01
341 6.668920e-01 5.480000e-04 3.325600e-01
342 6.668040e-01 5.280000e-04 3.326680e-01
343 6.667480e-01 5.080000e-04 3.327440e-01
344 6.666520e-01 5.400000e-04 3.328080e-01
345 6.665760e-01 5.240000e-04 3.329000e-01
346 6.665080e-01 5.000000e-04 3.329920e-01
347 6.664640e-01 4.720000e-04 3.330640e-01
348 6.663960e-01 4.360000e-04 3.331680e-01
349 6.663560e-01 4.320000e-04 3.332120e-01
350 6.663040e-01 4.120000e-04 3.332840e-01
351 6.662720e-01 3.720000e-04 3.333560e-01
352 6.661920e-01 3.840000e-04 3.334240e-01
353 6.661280e-01 3.280000e-04 3.335440e-01
354 6.660920e-01 3.200000e-04 3.335880e-01
355 6.660560e-01 2.920000e-04 3.336520e-01
356 6.660120e-01 2.720000e-04 3.337160e-01
357 6.659560e-01 2.920000e-04 3.337520e-01
358 6.658920e-01 3.120000e-04 3.337960e-01
359 6.658480e-01 3.200000e-04 3.338320e-01
360 6.657800e-01 3.280000e-04 3.338920e-01
361 6.657040e-01 3.480000e-04 3.339480e-01
362 6.656160e-01 3.600000e-04 3.340240e-01
363 6.655560e-01 3.440000e-04 3.341000e-01
364 6.655000e-01 3.600000e-04 3.341400e-01
365 6.653520e-01 4.440000e-04 3.342040e-01
366 6.652760e-01 4.200000e-04 3.343040e-01
367 6.652080e-01 3.960000e-04 3.343960e-01
368 6.651440e-01 3.840000e-04 3.344720e-01
369 6.651000e-01 3.400000e-04 3.345600e-01
370 6.650000e-01 3.720000e-04 3.346280e-01
371 6.649120e-01 3.960000e-04 3.346920e-01
372 6.648120e-01 4.360000e-04 3.347520e-01
373 6.647560e-01 4.360000e-04 3.348080e-01
374 6.646760e-01 4.560000e-04 3.348680e-01
375 6.645480e-01 5.160000e-04 3.349360e-01
376 6.644760e-01 5.120000e-04 3.350120e-01
377 6.643480e-01 5.120000e-04 3.351400e-01
378 6.642480e-01 5.080000e-04 3.352440e-01
379 6.641760e-01 4.640000e-04 3.353600e-01
380 6.640880e-01 4.680000e-04 3.354440e-01
381 6.639920e-01 4.680000e-04 3.355400e-01
382 6.638960e-01 4.880000e-04 3.356160e-01
383 6.638000e-01 4.640000e-04 3.357360e-01
384 6.636960e-01 4.960000e-04 3.358080e-01
385 6.636000e-01 5.280000e-04 3.358720e-01
386 6.634800e-01 5.760000e-04 3.359440e-01
387 6.634000e-01 5.680000e-04 3.360320e-01
388 6.633120e-01 5.560000e-04 3.361320e-01
389 6.632080e-01 5.440000e-04 3.362480e-01
390 6.631440e-01 5.240000e-04 3.363320e-01
391 6.630640e-01 4.800000e-04 3.364560e-01
392 6.629680e-01 5.160000e-04 3.365160e-01
393 6.629160e-01 4.800000e-04 3.366040e-01
394 6.628680e-01 4.600000e-04 3.366720e-01
395 6.627920e-01 4.600000e-04 3.367480e-01
396 6.626560e-01 5.120000e-04 3.368320e-01
397 6.625560e-01 4.960000e-04 3.369480e-01
398 6.624800e-01 4.840000e-04 3.370360e-01
399 6.623880e-01 4.760000e-04 3.371360e-01
400 6.623040e-01 4.720000e-04 3.372240e-01
401 6.622400e-01 4.560000e-04 3.373040e-01
402 6.621480e-01 4.680000e-04 3.373840e-01
403 6.620960e-01 4.360000e-04 3.374680e-01
404 6.620240e-01 4.400000e-04 3.375360e-01
405 6.619480e-01 4.440000e-04 3.376080e-01
406 6.618640e-01 4.800000e-04 3.376560e-01
407 6.618080e-01 4.560000e-04 3.377360e-01
408 6.617560e-01 4.280000e-04 3.378160e-01
409 6.616760e-01 4.600000e-04 3.378640e-01
410 6.616040e-01 4.560000e-04 3.379400e-01
411 6.615560e-01 4.440000e-04 3.380000e-01
412 6.614960e-01 4.080000e-04 3.380960e-01
413 6.614280e-01 4.040000e-04 3.381680e-01
414 6.613800e-01 3.840000e-04 3.382360e-01
415 6.613520e-01 3.320000e-04 3.383160e-01
416 6.612920e-01 3.280000e-04 3.383800e-01
417 6.612400e-01 3.520000e-04 3.384080e-01
418 6.611480e-01 4.200000e-04 3.384320e-01
419 6.610480e-01 4.480000e-04 3.385040e-01
420 6.609720e-01 4.360000e-04 3.385920e-01
421 6.608960e-01 4.640000e-04 3.386400e-01
422 6.608120e-01 4.680000e-04 3.387200e-01
423 6.607600e-01 4.360000e-04 3.388040e-01
424 6.606880e-01 3.760000e-04 3.389360e-01
425 6.606480e-01 3.360000e-04 3.390160e-01
426 6.606240e-01 3.000000e-04 3.390760e-01
427 6.605960e-01 2.960000e-04 3.391080e-01
428 6.605560e-01 2.640000e-04 3.391800e-01
429 6.605240e-01 2.440000e-04 3.392320e-01
430 6.605080e-01 2.320000e-04 3.392600e-01
431 6.604840e-01 2.200000e-04 3.392960e-01
432 6.604440e-01 2.200000e-04 3.393360e-01
433 6.604120e-01 2.080000e-04 3.393800e-01
434 6.603760e-01 1.720000e-04 3.394520e-01
435 6.603360e-01 1.640000e-04 3.395000e-01
436 6.603080e-01 1.600000e-04 3.395320e-01
437 6.602800e-01 1.640000e-04 3.395560e-01
438 6.602480e-01 1.640000e-04 3.395880e-01
439 6.601840e-01 1.960000e-04 3.396200e-01
440 6.601240e-01 2.200000e-04 3.396560e-01
441 6.600800e-01 2.240000e-04 3.396960e-01
442 6.600640e-01 1.960000e-04 3.397400e-01
443 6.600480e-01 1.560000e-04 3.397960e-01
444 6.600320e-01 1.440000e-04 3.398240e-01
445 6.600240e-01 1.200000e-04 3.398560e-01
446 6.600160e-01 1.000000e-04 3.398840e-01
447 6.600120e-01 8.400000e-05 3.399040e-01
448 6.600080e-01 7.600000e-05 3.399160e-01
449 6.600040e-01 7.600000e-05 3.399200e-01
450 6.599760e-01 8.000000e-05 3.399440e-01
451 6.599680e-01 7.200000e-05 3.399600e-01
452 6.599640e-01 6.000000e-05 3.399760e-01
453 6.599560e-01 5.600000e-05 3.399880e-01
454 6.599440e-01 5.200000e-05 3.400040e-01
455 6.599360e-01 6.000000e-05 3.400040e-01
456 6.599280e-01 6.000000e-05 3.400120e-01
457 6.599200e-01 5.200000e-05 3.400280e-01
458 6.599040e-01 4.400000e-05 3.400520e-01
459 6.598960e-01 4.400000e-05 3.400600e-01
460 6.598840e-01 4.800000e-05 3.400680e-01
461 6.598640e-01 5.600000e-05 3.400800e-01
462 6.598520e-01 6.400000e-05 3.400840e-01
463 6.598480e-01 5.600000e-05 3.400960e-01
464 6.598360e-01 6.400000e-05 3.401000e-01
465 6.598360e-01 6.000000e-05 3.401040e-01
466 6.598320e-01 4.400000e-05 3.401240e-01
467 6.598280e-01 4.000000e-05 3.401320e-01
468 6.598240e-01 4.400000e-05 3.401320e-01
469 6.598120e-01 5.600000e-05 3.401320e-01
470 6.598040e-01 5.200000e-05 3.401440e-01
471 6.597840e-01 5.600000e-05 3.401600e-01
472 6.597600e-01 7.200000e-05 3.401680e-01
473 6.597520e-01 6.800000e-05 3.401800e-01
474 6.597480e-01 7.200000e-05 3.401800e-01
475 6.597240e-01 8.800000e-05 3.401880e-01
476 6.596920e-01 1.000000e-04 3.402080e-01
477 6.596720e-01 1.120000e-04 3.402160e-01
478 6.596680e-01 8.800000e-05 3.402440e-01
479 6.596440e-01 1.000000e-04 3.402560e-01
480 6.596120e-01 1.160000e-04 3.402720e-01
481 6.595800e-01 1.200000e-04 3.403000e-01
482 6.595680e-01 1.160000e-04 3.403160e-01
483 6.595160e-01 1.320000e-04 3.403520e-01
484 6.595040e-01 1.160000e-04 3.403800e-01
485 6.594760e-01 1.400000e-04 3.403840e-01
486 6.594560e-01 1.400000e-04 3.404040e-01
487 6.594320e-01 1.280000e-04 3.404400e-01
488 6.594280e-01 1.120000e-04 3.404600e-01
489 6.594240e-01 9.600000e-05 3.404800e-01
490 6.594160e-01 9.600000e-05 3.404880e-01
491 6.594120e-01 7.600000e-05 3.405120e-01
492 6.594120e-01 6.400000e-05 3.405240e-01
493 6.593960e-01 5.600000e-05 3.405480e-01
494 6.593880e-01 6.000000e-05 3.405520e-01
495 6.593840e-01 5.600000e-05 3.405600e-01
496 6.593840e-01 5.200000e-05 3.405640e-01
497 6.593840e-01 3.600000e-05 3.405800e-01
498 6.593800e-01 3.200000e-05 3.405880e-01
499 6.593800e-01 2.800000e-05 3.405920e-01
500 6.593760e-01 2.800000e-05 3.405960e-01
