1 9.991600e-01 7.880000e-04 5.200000e-05
2 9.985160e-01 1.264000e-03 2.200000e-04
3 9.978440e-01 1.684000e-03 4.720000e-04
4 9.970240e-01 2.204000e-03 7.720000e-04
5 9.962360e-01 2.568000e-03 1.196000e-03
6 9.952280e-01 3.024000e-03 1.748000e-03
7 9.942240e-01 3.480000e-03 2.296000e-03
8 9.932040e-01 3.900000e-03 2.896000e-03
9 9.920000e-01 4.352000e-03 3.648000e-03
10 9.908640e-01 4.744000e-03 4.392000e-03
11 9.896800e-01 5.132000e-03 5.188000e-03
12 9.885800e-01 5.316000e-03 6.104000e-03
13 9.872800e-01 5.620000e-03 7.100000e-03
14 9.861760e-01 5.744000e-03 8.080000e-03
15 9.849520e-01 5.948000e-03 9.100000e-03
16 9.837720e-01 6.008000e-03 1.022000e-02
17 9.824880e-01 6.180000e-03 1.133200e-02
18 9.812880e-01 6.372000e-03 1.234000e-02
19 9.798840e-01 6.564000e-03 1.355200e-02
20 9.784800e-01 6.756000e-03 1.476400e-02
21 9.772680e-01 6.800000e-03 1.593200e-02
22 9.758840e-01 6.928000e-03 1.718800e-02
23 9.745520e-01 7.068000e-03 1.838000e-02
24 9.730000e-01 7.456000e-03 1.954400e-02
25 9.714320e-01 7.508000e-03 2.106000e-02
26 9.700600e-01 7.580000e-03 2.236000e-02
27 9.684400e-01 7.812000e-03 2.374800e-02
28 9.668480e-01 8.096000e-03 2.505600e-02
29 9.654440e-01 7.996000e-03 2.656000e-02
30 9.640640e-01 7.968000e-03 2.796800e-02
31 9.625560e-01 8.112000e-03 2.933200e-02
32 9.607960e-01 8.328000e-03 3.087600e-02
33 9.593200e-01 8.400000e-03 3.228000e-02
34 9.579160e-01 8.396000e-03 3.368800e-02
35 9.563680e-01 8.516000e-03 3.511600e-02
36 9.548240e-01 8.472000e-03 3.670400e-02
37 9.533280e-01 8.528000e-03 3.814400e-02
38 9.517480e-01 8.568000e-03 3.968400e-02
39 9.503160e-01 8.608000e-03 4.107600e-02
40 9.488560e-01 8.524000e-03 4.262000e-02
41 9.474840e-01 8.292000e-03 4.422400e-02
42 9.461760e-01 8.064000e-03 4.576000e-02
43 9.446960e-01 8.120000e-03 4.718400e-02
44 9.432840e-01 7.996000e-03 4.872000e-02
45 9.418440e-01 8.076000e-03 5.008000e-02
46 9.403000e-01 8.156000e-03 5.154400e-02
47 9.389600e-01 8.104000e-03 5.293600e-02
48 9.373720e-01 8.376000e-03 5.425200e-02
49 9.356800e-01 8.572000e-03 5.574800e-02
50 9.340360e-01 8.572000e-03 5.739200e-02
51 9.323840e-01 8.740000e-03 5.887600e-02
52 9.307960e-01 8.760000e-03 6.044400e-02
53 9.292880e-01 8.700000e-03 6.201200e-02
54 9.276680e-01 8.688000e-03 6.364400e-02
55 9.261480e-01 8.820000e-03 6.503200e-02
56 9.244560e-01 9.012000e-03 6.653200e-02
57 9.225520e-01 9.236000e-03 6.821200e-02
58 9.208440e-01 9.336000e-03 6.982000e-02
59 9.190960e-01 9.484000e-03 7.142000e-02
60 9.172240e-01 9.672000e-03 7.310400e-02
61 9.154520e-01 9.644000e-03 7.490400e-02
62 9.135560e-01 9.924000e-03 7.652000e-02
63 9.116040e-01 1.017200e-02 7.822400e-02
64 9.099320e-01 1.000000e-02 8.006800e-02
65 9.080480e-01 1.017600e-02 8.177600e-02
66 9.061240e-01 1.022400e-02 8.365200e-02
67 9.043640e-01 1.014400e-02 8.549200e-02
68 9.026000e-01 1.013200e-02 8.726800e-02
69 9.007600e-01 1.014400e-02 8.909600e-02
70 8.988200e-01 1.026800e-02 9.091200e-02
71 8.968000e-01 1.044800e-02 9.275200e-02
72 8.948720e-01 1.059600e-02 9.453200e-02
73 8.929400e-01 1.068400e-02 9.637600e-02
74 8.910840e-01 1.076400e-02 9.815200e-02
75 8.891680e-01 1.078800e-02 1.000440e-01
76 8.872440e-01 1.079200e-02 1.019640e-01
77 8.852160e-01 1.098400e-02 1.038000e-01
78 8.832480e-01 1.099200e-02 1.057600e-01
79 8.812440e-01 1.131200e-02 1.074440e-01
80 8.790800e-01 1.154800e-02 1.093720e-01
81 8.769520e-01 1.162800e-02 1.114200e-01
82 8.749720e-01 1.166000e-02 1.133680e-01
83 8.730280e-01 1.162400e-02 1.153480e-01
84 8.710920e-01 1.148400e-02 1.174240e-01
85 8.689720e-01 1.166400e-02 1.193640e-01
86 8.669360e-01 1.165600e-02 1.214080e-01
87 8.649440e-01 1.171200e-02 1.233440e-01
88 8.627920e-01 1.170800e-02 1.255000e-01
89 8.607400e-01 1.161600e-02 1.276440e-01
90 8.588120e-01 1.170400e-02 1.294840e-01
91 8.570680e-01 1.133200e-02 1.316000e-01
92 8.553000e-01 1.119200e-02 1.335080e-01
93 8.534880e-01 1.098400e-02 1.355280e-01
94 8.516160e-01 1.112400e-02 1.372600e-01
95 8.497560e-01 1.096400e-02 1.392800e-01
96 8.479240e-01 1.092800e-02 1.411480e-01
97 8.458960e-01 1.097200e-02 1.431320e-01
98 8.439840e-01 1.109200e-02 1.449240e-01
99 8.420840e-01 1.104000e-02 1.468760e-01
100 8.401240e-01 1.099600e-02 1.488800e-01
101 8.383200e-01 1.080400e-02 1.508760e-01
102 8.363520e-01 1.089200e-02 1.527560e-01
103 8.345640e-01 1.080800e-02 1.546280e-01
104 8.327560e-01 1.072000e-02 1.565240e-01
105 8.309080e-01 1.073200e-02 1.583600e-01
106 8.290440e-01 1.078800e-02 1.601680e-01
107 8.270400e-01 1.090800e-02 1.620520e-01
108 8.251640e-01 1.093600e-02 1.639000e-01
109 8.231040e-01 1.119200e-02 1.657040e-01
110 8.209560e-01 1.127600e-02 1.677680e-01
111 8.190680e-01 1.112400e-02 1.698080e-01
112 8.169160e-01 1.142000e-02 1.716640e-01
113 8.147640e-01 1.158000e-02 1.736560e-01
114 8.127800e-01 1.149600e-02 1.757240e-01
115 8.109720e-01 1.134400e-02 1.776840e-01
116 8.088120e-01 1.150400e-02 1.796840e-01
117 8.069600e-01 1.135600e-02 1.816840e-01
118 8.050120e-01 1.114000e-02 1.838480e-01
119 8.031000e-01 1.115600e-02 1.857440e-01
120 8.010840e-01 1.120000e-02 1.877160e-01
121 7.991000e-01 1.128800e-02 1.896120e-01
122 7.970320e-01 1.133600e-02 1.916320e-01
123 7.950120e-01 1.142800e-02 1.935600e-01
124 7.927040e-01 1.169600e-02 1.956000e-01
125 7.906640e-01 1.172000e-02 1.976160e-01
126 7.885440e-01 1.172800e-02 1.997280e-01
127 7.865080e-01 1.159200e-02 2.019000e-01
128 7.847440e-01 1.146000e-02 2.037960e-01
129 7.828280e-01 1.138000e-02 2.057920e-01
130 7.809040e-01 1.134000e-02 2.077560e-01
131 7.789720e-01 1.116400e-02 2.098640e-01
132 7.769240e-01 1.126400e-02 2.118120e-01
133 7.749320e-01 1.140400e-02 2.136640e-01
134 7.729760e-01 1.141600e-02 2.156080e-01
135 7.710040e-01 1.144400e-02 2.175520e-01
136 7.690760e-01 1.140000e-02 2.195240e-01
137 7.672080e-01 1.120400e-02 2.215880e-01
138 7.654000e-01 1.106000e-02 2.235400e-01
139 7.634640e-01 1.109600e-02 2.254400e-01
140 7.615320e-01 1.101200e-02 2.274560e-01
141 7.597560e-01 1.088800e-02 2.293560e-01
142 7.580720e-01 1.064000e-02 2.312880e-01
143 7.564680e-01 1.033200e-02 2.332000e-01
144 7.549560e-01 1.002400e-02 2.350200e-01
145 7.533680e-01 9.888000e-03 2.367440e-01
146 7.516840e-01 9.884000e-03 2.384320e-01
147 7.501080e-01 9.788000e-03 2.401040e-01
148 7.485240e-01 9.652000e-03 2.418240e-01
149 7.469160e-01 9.756000e-03 2.433280e-01
150 7.452760e-01 9.640000e-03 2.450840e-01
151 7.436120e-01 9.528000e-03 2.468600e-01
152 7.421360e-01 9.352000e-03 2.485120e-01
153 7.405920e-01 9.076000e-03 2.503320e-01
154 7.388680e-01 9.276000e-03 2.518560e-01
155 7.373760e-01 9.132000e-03 2.534920e-01
156 7.358920e-01 8.968000e-03 2.551400e-01
157 7.344200e-01 8.916000e-03 2.566640e-01
158 7.327760e-01 9.104000e-03 2.581200e-01
159 7.312080e-01 9.116000e-03 2.596760e-01
160 7.296560e-01 9.036000e-03 2.613080e-01
161 7.281320e-01 8.988000e-03 2.628800e-01
162 7.266160e-01 9.040000e-03 2.643440e-01
163 7.249960e-01 9.144000e-03 2.658600e-01
164 7.233640e-01 9.264000e-03 2.673720e-01
165 7.218040e-01 9.308000e-03 2.688880e-01
166 7.200880e-01 9.440000e-03 2.704720e-01
167 7.184960e-01 9.400000e-03 2.721040e-01
168 7.170320e-01 9.300000e-03 2.736680e-01
169 7.154720e-01 9.216000e-03 2.753120e-01
170 7.138360e-01 9.228000e-03 2.769360e-01
171 7.124680e-01 9.032000e-03 2.785000e-01
172 7.107120e-01 9.200000e-03 2.800880e-01
173 7.091520e-01 9.084000e-03 2.817640e-01
174 7.075320e-01 8.996000e-03 2.834720e-01
175 7.059000e-01 9.004000e-03 2.850960e-01
176 7.042920e-01 9.128000e-03 2.865800e-01
177 7.028240e-01 9.084000e-03 2.880920e-01
178 7.013840e-01 8.948000e-03 2.896680e-01
179 6.998680e-01 8.972000e-03 2.911600e-01
180 6.984600e-01 8.780000e-03 2.927600e-01
181 6.970640e-01 8.656000e-03 2.942800e-01
182 6.956520e-01 8.540000e-03 2.958080e-01
183 6.941680e-01 8.520000e-03 2.973120e-01
184 6.928080e-01 8.516000e-03 2.986760e-01
185 6.915440e-01 8.348000e-03 3.001080e-01
186 6.901280e-01 8.356000e-03 3.015160e-01
187 6.888880e-01 8.108000e-03 3.030040e-01
188 6.876560e-01 8.052000e-03 3.042920e-01
189 6.864360e-01 7.924000e-03 3.056400e-01
190 6.851120e-01 7.792000e-03 3.070960e-01
191 6.836960e-01 7.904000e-03 3.084000e-01
192 6.824720e-01 7.636000e-03 3.098920e-01
193 6.810760e-01 7.684000e-03 3.112400e-01
194 6.796920e-01 7.788000e-03 3.125200e-01
195 6.782760e-01 7.924000e-03 3.138000e-01
196 6.770560e-01 7.864000e-03 3.150800e-01
197 6.757920e-01 7.804000e-03 3.164040e-01
198 6.744640e-01 7.636000e-03 3.179000e-01
199 6.730880e-01 7.728000e-03 3.191840e-01
200 6.716440e-01 7.692000e-03 3.206640e-01
201 6.702360e-01 7.660000e-03 3.221040e-01
202 6.688800e-01 7.696000e-03 3.234240e-01
203 6.674400e-01 7.712000e-03 3.248480e-01
204 6.662440e-01 7.576000e-03 3.261800e-01
205 6.649760e-01 7.448000e-03 3.275760e-01
206 6.637640e-01 7.420000e-03 3.288160e-01
207 6.623960e-01 7.396000e-03 3.302080e-01
208 6.611400e-01 7.464000e-03 3.313960e-01
209 6.598240e-01 7.480000e-03 3.326960e-01
210 6.585480e-01 7.444000e-03 3.340080e-01
211 6.572440e-01 7.428000e-03 3.353280e-01
212 6.560120e-01 7.544000e-03 3.364440e-01
213 6.547200e-01 7.568000e-03 3.377120e-01
214 6.536400e-01 7.368000e-03 3.389920e-01
215 6.523360e-01 7.316000e-03 3.403480e-01
216 6.510880e-01 7.256000e-03 3.416560e-01
217 6.498800e-01 7.216000e-03 3.429040e-01
218 6.485720e-01 7.224000e-03 3.442040e-01
219 6.472040e-01 7.388000e-03 3.454080e-01
220 6.459920e-01 7.308000e-03 3.467000e-01
221 6.447640e-01 7.268000e-03 3.479680e-01
222 6.435520e-01 7.288000e-03 3.491600e-01
223 6.422800e-01 7.344000e-03 3.503760e-01
224 6.409880e-01 7.500000e-03 3.515120e-01
225 6.396680e-01 7.608000e-03 3.527240e-01
226 6.384200e-01 7.564000e-03 3.540160e-01
227 6.371280e-01 7.636000e-03 3.552360e-01
228 6.359840e-01 7.416000e-03 3.566000e-01
229 6.347720e-01 7.324000e-03 3.579040e-01
230 6.335240e-01 7.372000e-03 3.591040e-01
231 6.323320e-01 7.396000e-03 3.602720e-01
232 6.311360e-01 7.240000e-03 3.616240e-01
233 6.298920e-01 7.160000e-03 3.629480e-01
234 6.288160e-01 6.968000e-03 3.642160e-01
235 6.277640e-01 6.796000e-03 3.654400e-01
236 6.266960e-01 6.768000e-03 3.665360e-01
237 6.255960e-01 6.628000e-03 3.677760e-01
238 6.244640e-01 6.608000e-03 3.689280e-01
239 6.234800e-01 6.396000e-03 3.701240e-01
240 6.224160e-01 6.308000e-03 3.712760e-01
241 6.213680e-01 6.296000e-03 3.723360e-01
242 6.201480e-01 6.400000e-03 3.734520e-01
243 6.190480e-01 6.344000e-03 3.746080e-01
244 6.180600e-01 6.240000e-03 3.757000e-01
245 6.169920e-01 6.260000e-03 3.767480e-01
246 6.160000e-01 6.120000e-03 3.778800e-01
247 6.149440e-01 6.136000e-03 3.789200e-01
248 6.139320e-01 6.112000e-03 3.799560e-01
249 6.129520e-01 6.044000e-03 3.810040e-01
250 6.119960e-01 5.944000e-03 3.820600e-01
251 6.110560e-01 5.848000e-03 3.830960e-01
252 6.101800e-01 5.792000e-03 3.840280e-01
253 6.093040e-01 5.616000e-03 3.850800e-01
254 6.083960e-01 5.496000e-03 3.861080e-01
255 6.074040e-01 5.524000e-03 3.870720e-01
256 6.065560e-01 5.384000e-03 3.880600e-01
257 6.055720e-01 5.424000e-03 3.890040e-01
258 6.046680e-01 5.356000e-03 3.899760e-01
259 6.039200e-01 5.176000e-03 3.909040e-01
260 6.031080e-01 5.096000e-03 3.917960e-01
261 6.023920e-01 4.788000e-03 3.928200e-01
262 6.017360e-01 4.664000e-03 3.936000e-01
263 6.009520e-01 4.684000e-03 3.943640e-01
264 6.002640e-01 4.592000e-03 3.951440e-01
265 5.993880e-01 4.660000e-03 3.959520e-01
266 5.986400e-01 4.628000e-03 3.967320e-01
267 5.978280e-01 4.788000e-03 3.973840e-01
268 5.970440e-01 4.792000e-03 3.981640e-01
269 5.963040e-01 4.692000e-03 3.990040e-01
270 5.955360e-01 4.620000e-03 3.998440e-01
271 5.948360e-01 4.496000e-03 4.006680e-01
272 5.941960e-01 4.372000e-03 4.014320e-01
273 5.936360e-01 4.160000e-03 4.022040e-01
274 5.930840e-01 3.928000e-03 4.029880e-01
275 5.925760e-01 3.824000e-03 4.036000e-01
276 5.919800e-01 3.772000e-03 4.042480e-01
277 5.913120e-01 3.796000e-03 4.048920e-01
278 5.907720e-01 3.728000e-03 4.055000e-01
279 5.902280e-01 3.688000e-03 4.060840e-01
280 5.896400e-01 3.644000e-03 4.067160e-01
281 5.891280e-01 3.516000e-03 4.073560e-01
282 5.886360e-01 3.392000e-03 4.079720e-01
283 5.881840e-01 3.288000e-03 4.085280e-01
284 5.876320e-01 3.284000e-03 4.090840e-01
285 5.871120e-01 3.248000e-03 4.096400e-01
286 5.865800e-01 3.196000e-03 4.102240e-01
287 5.860200e-01 3.200000e-03 4.107800e-01
288 5.854760e-01 3.172000e-03 4.113520e-01
289 5.850000e-01 3.116000e-03 4.118840e-01
290 5.844440e-01 3.172000e-03 4.123840e-01
291 5.838200e-01 3.200000e-03 4.129800e-01
292 5.833360e-01 3.108000e-03 4.135560e-01
293 5.828080e-01 3.132000e-03 4.140600e-01
294 5.823440e-01 3.092000e-03 4.145640e-01
295 5.818760e-01 3.016000e-03 4.151080e-01
296 5.814800e-01 2.904000e-03 4.156160e-01
297 5.810480e-01 2.844000e-03 4.161080e-01
298 5.806000e-01 2.896000e-03 4.165040e-01
299 5.801040e-01 2.892000e-03 4.170040e-01
300 5.796960e-01 2.800000e-03 4.175040e-01
301 5.791600e-01 2.896000e-03 4.179440e-01
302 5.786800e-01 2.912000e-03 4.184080e-01
303 5.781920e-01 2.924000e-03 4.188840e-01
304 5.777600e-01 2.816000e-03 4.194240e-01
305 5.773480e-01 2.728000e-03 4.199240e-01
306 5.768680e-01 2.760000e-03 4.203720e-01
307 5.763680e-01 2.788000e-03 4.208440e-01
308 5.758600e-01 2.772000e-03 4.213680e-01
309 5.753640e-01 2.728000e-03 4.219080e-01
310 5.749240e-01 2.752000e-03 4.223240e-01
311 5.744920e-01 2.744000e-03 4.227640e-01
312 5.740480e-01 2.740000e-03 4.232120e-01
313 5.735760e-01 2.752000e-03 4.236720e-01
314 5.732280e-01 2.588000e-03 4.241840e-01
315 5.728400e-01 2.492000e-03 4.246680e-01
316 5.724640e-01 2.420000e-03 4.251160e-01
317 5.721400e-01 2.328000e-03 4.255320e-01
318 5.718320e-01 2.220000e-03 4.259480e-01
319 5.714600e-01 2.204000e-03 4.263360e-01
320 5.710400e-01 2.224000e-03 4.267360e-01
321 5.706560e-01 2.268000e-03 4.270760e-01
322 5.702960e-01 2.260000e-03 4.274440e-01
323 5.700480e-01 2.124000e-03 4.278280e-01
324 5.696800e-01 2.152000e-03 4.281680e-01
325 5.694360e-01 2.056000e-03 4.285080e-01
326 5.690600e-01 2.152000e-03 4.287880e-01
327 5.687600e-01 2.096000e-03 4.291440e-01
328 5.684760e-01 2.076000e-03 4.294480e-01
329 5.680720e-01 2.144000e-03 4.297840e-01
330 5.677680e-01 2.096000e-03 4.301360e-01
331 5.674040e-01 2.112000e-03 4.304840e-01
332 5.670520e-01 2.104000e-03 4.308440e-01
333 5.667400e-01 2.028000e-03 4.312320e-01
334 5.664200e-01 1.960000e-03 4.316200e-01
335 5.661120e-01 1.924000e-03 4.319640e-01
336 5.658280e-01 1.912000e-03 4.322600e-01
337 5.654600e-01 1.916000e-03 4.326240e-01
338 5.650680e-01 2.000000e-03 4.329320e-01
339 5.646600e-01 2.080000e-03 4.332600e-01
340 5.642960e-01 2.100000e-03 4.336040e-01
341 5.639480e-01 2.048000e-03 4.340040e-01
342 5.636240e-01 1.964000e-03 4.344120e-01
343 5.632760e-01 2.000000e-03 4.347240e-01
344 5.630080e-01 1.900000e-03 4.350920e-01
345 5.626840e-01 1.960000e-03 4.353560e-01
346 5.624240e-01 1.876000e-03 4.357000e-01
347 5.621320e-01 1.852000e-03 4.360160e-01
348 5.618280e-01 1.848000e-03 4.363240e-01
349 5.615600e-01 1.760000e-03 4.366800e-01
350 5.612160e-01 1.804000e-03 4.369800e-01
351 5.609160e-01 1.744000e-03 4.373400e-01
352 5.605840e-01 1.788000e-03 4.376280e-01
353 5.602880e-01 1.744000e-03 4.379680e-01
354 5.599520e-01 1.776000e-03 4.382720e-01
355 5.596720e-01 1.752000e-03 4.385760e-01
356 5.593240e-01 1.812000e-03 4.388640e-01
357 5.590320e-01 1.804000e-03 4.391640e-01
358 5.587880e-01 1.712000e-03 4.395000e-01
359 5.585200e-01 1.660000e-03 4.398200e-01
360 5.583280e-01 1.588000e-03 4.400840e-01
361 5.581000e-01 1.560000e-03 4.403400e-01
362 5.578800e-01 1.472000e-03 4.406480e-01
363 5.576000e-01 1.500000e-03 4.409000e-01
364 5.573120e-01 1.524000e-03 4.411640e-01
365 5.570080e-01 1.540000e-03 4.414520e-01
366 5.567880e-01 1.444000e-03 4.417680e-01
367 5.565920e-01 1.400000e-03 4.420080e-01
368 5.563760e-01 1.412000e-03 4.422120e-01
369 5.561440e-01 1.388000e-03 4.424680e-01
370 5.558840e-01 1.400000e-03 4.427160e-01
371 5.556640e-01 1.404000e-03 4.429320e-01
372 5.554600e-01 1.384000e-03 4.431560e-01
373 5.552760e-01 1.308000e-03 4.434160e-01
374 5.551360e-01 1.264000e-03 4.436000e-01
375 5.548640e-01 1.344000e-03 4.437920e-01
376 5.546280e-01 1.388000e-03 4.439840e-01
377 5.544040e-01 1.332000e-03 4.442640e-01
378 5.541560e-01 1.352000e-03 4.444920e-01
379 5.538880e-01 1.372000e-03 4.447400e-01
380 5.536440e-01 1.360000e-03 4.449960e-01
381 5.533160e-01 1.480000e-03 4.452040e-01
382 5.530600e-01 1.488000e-03 4.454520e-01
383 5.528040e-01 1.460000e-03 4.457360e-01
384 5.525600e-01 1.468000e-03 4.459720e-01
385 5.523240e-01 1.452000e-03 4.462240e-01
386 5.520680e-01 1.460000e-03 4.464720e-01
387 5.518720e-01 1.436000e-03 4.466920e-01
388 5.515520e-01 1.444000e-03 4.470040e-01
389 5.512040e-01 1.532000e-03 4.472640e-01
390 5.509200e-01 1.520000e-03 4.475600e-01
391 5.506760e-01 1.516000e-03 4.478080e-01
392 5.504320e-01 1.488000e-03 4.480800e-01
393 5.502320e-01 1.396000e-03 4.483720e-01
394 5.499920e-01 1.420000e-03 4.485880e-01
395 5.497680e-01 1.384000e-03 4.488480e-01
396 5.495440e-01 1.376000e-03 4.490800e-01
397 5.493400e-01 1.376000e-03 4.492840e-01
398 5.491320e-01 1.336000e-03 4.495320e-01
399 5.489480e-01 1.308000e-03 4.497440e-01
400 5.487440e-01 1.316000e-03 4.499400e-01
401 5.485840e-01 1.244000e-03 4.501720e-01
402 5.484160e-01 1.172000e-03 4.504120e-01
403 5.482360e-01 1.148000e-03 4.506160e-01
404 5.480880e-01 1.128000e-03 4.507840e-01
405 5.479000e-01 1.144000e-03 4.509560e-01
406 5.477480e-01 1.080000e-03 4.511720e-01
407 5.475920e-01 1.048000e-03 4.513600e-01
408 5.474720e-01 1.008000e-03 4.515200e-01
409 5.473240e-01 9.720000e-04 4.517040e-01
410 5.471840e-01 9.360000e-04 4.518800e-01
411 5.470720e-01 9.000000e-04 4.520280e-01
412 5.469200e-01 9.160000e-04 4.521640e-01
413 5.467360e-01 9.600000e-04 4.523040e-01
414 5.466120e-01 9.000000e-04 4.524880e-01
415 5.464480e-01 9.000000e-04 4.526520e-01
416 5.463160e-01 8.800000e-04 4.528040e-01
417 5.461800e-01 8.760000e-04 4.529440e-01
418 5.460360e-01 8.480000e-04 4.531160e-01
419 5.459200e-01 8.160000e-04 4.532640e-01
420 5.457680e-01 8.280000e-04 4.534040e-01
421 5.456400e-01 7.960000e-04 4.535640e-01
422 5.455000e-01 7.760000e-04 4.537240e-01
423 5.453840e-01 7.600000e-04 4.538560e-01
424 5.452360e-01 7.920000e-04 4.539720e-01
425 5.451040e-01 8.200000e-04 4.540760e-01
426 5.449800e-01 8.120000e-04 4.542080e-01
427 5.448680e-01 8.080000e-04 4.543240e-01
428 5.447000e-01 8.320000e-04 4.544680e-01
429 5.445400e-01 8.320000e-04 4.546280e-01
430 5.444400e-01 8.040000e-04 4.547560e-01
431 5.443280e-01 8.160000e-04 4.548560e-01
432 5.442400e-01 7.840000e-04 4.549760e-01
433 5.441200e-01 7.640000e-04 4.551160e-01
434 5.439720e-01 7.240000e-04 4.553040e-01
435 5.438440e-01 7.320000e-04 4.554240e-01
436 5.436360e-01 7.920000e-04 4.555720e-01
437 5.434760e-01 8.080000e-04 4.557160e-01
438 5.433160e-01 8.280000e-04 4.558560e-01
439 5.431520e-01 8.400000e-04 4.560080e-01
440 5.430360e-01 7.800000e-04 4.561840e-01
441 5.428520e-01 8.200000e-04 4.563280e-01
442 5.426960e-01 8.320000e-04 4.564720e-01
443 5.425520e-01 8.280000e-04 4.566200e-01
444 5.424160e-01 8.320000e-04 4.567520e-01
445 5.422760e-01 8.160000e-04 4.569080e-01
446 5.421600e-01 7.840000e-04 4.570560e-01
447 5.419960e-01 8.080000e-04 4.571960e-01
448 5.418200e-01 8.600000e-04 4.573200e-01
449 5.416520e-01 8.440000e-04 4.575040e-01
450 5.415240e-01 7.760000e-04 4.577000e-01
451 5.414280e-01 7.040000e-04 4.578680e-01
452 5.412880e-01 7.000000e-04 4.580120e-01
453 5.412080e-01 7.040000e-04 4.580880e-01
454 5.411520e-01 6.520000e-04 4.581960e-01
455 5.410560e-01 6.240000e-04 4.583200e-01
456 5.409760e-01 6.120000e-04 4.584120e-01
457 5.408760e-01 6.240000e-04 4.585000e-01
458 5.407240e-01 6.560000e-04 4.586200e-01
459 5.406040e-01 6.720000e-04 4.587240e-01
460 5.405040e-01 6.560000e-04 4.588400e-01
461 5.403720e-01 6.680000e-04 4.589600e-01
462 5.402560e-01 6.440000e-04 4.591000e-01
463 5.401080e-01 6.920000e-04 4.592000e-01
464 5.399560e-01 7.480000e-04 4.592960e-01
465 5.398200e-01 7.680000e-04 4.594120e-01
466 5.396400e-01 8.120000e-04 4.595480e-01
467 5.394840e-01 8.440000e-04 4.596720e-01
468 5.392920e-01 9.080000e-04 4.598000e-01
469 5.391280e-01 9.200000e-04 4.599520e-01
470 5.389240e-01 9.720000e-04 4.601040e-01
471 5.387880e-01 9.440000e-04 4.602680e-01
472 5.386080e-01 9.480000e-04 4.604440e-01
473 5.385080e-01 9.080000e-04 4.605840e-01
474 5.383520e-01 9.280000e-04 4.607200e-01
475 5.382200e-01 8.920000e-04 4.608880e-01
476 5.380440e-01 9.400000e-04 4.610160e-01
477 5.379040e-01 8.960000e-04 4.612000e-01
478 5.377800e-01 9.120000e-04 4.613080e-01
479 5.376960e-01 8.280000e-04 4.614760e-01
480 5.376040e-01 8.200000e-04 4.615760e-01
481 5.375160e-01 7.280000e-04 4.617560e-01
482 5.374320e-01 7.240000e-04 4.618440e-01
483 5.373640e-01 6.680000e-04 4.619680e-01
484 5.372800e-01 6.480000e-04 4.620720e-01
485 5.371680e-01 6.360000e-04 4.621960e-01
486 5.370920e-01 5.920000e-04 4.623160e-01
487 5.370200e-01 5.520000e-04 4.624280e-01
488 5.369360e-01 5.840000e-04 4.624800e-01
489 5.368640e-01 5.480000e-04 4.625880e-01
490 5.367760e-01 5.400000e-04 4.626840e-01
491 5.366600e-01 5.680000e-04 4.627720e-01
492 5.365640e-01 5.480000e-04 4.628880e-01
493 5.365120e-01 5.040000e-04 4.629840e-01
494 5.364240e-01 5.360000e-04 4.630400e-01
495 5.363040e-01 5.520000e-04 4.631440e-01
496 5.362160e-01 5.560000e-04 4.632280e-01
497 5.361080e-01 5.480000e-04 4.633440e-01
498 5.360080e-01 5.800000e-04 4.634120e-01
499 5.358920e-01 5.840000e-04 4.635240e-01
500 5.357680e-01 5.760000e-04 4.636560e-01
