1 9.992600e-01 6.560000e-04 8.400000e-05
2 9.987480e-01 9.880000e-04 2.640000e-04
3 9.980560e-01 1.468000e-03 4.760000e-04
4 9.972840e-01 1.972000e-03 7.440000e-04
5 9.963680e-01 2.440000e-03 1.192000e-03
6 9.955920e-01 2.672000e-03 1.736000e-03
7 9.945520e-01 3.196000e-03 2.252000e-03
8 9.935600e-01 3.600000e-03 2.840000e-03
9 9.924640e-01 3.992000e-03 3.544000e-03
10 9.913200e-01 4.400000e-03 4.280000e-03
11 9.900040e-01 4.888000e-03 5.108000e-03
12 9.889360e-01 5.160000e-03 5.904000e-03
13 9.876360e-01 5.468000e-03 6.896000e-03
14 9.864640e-01 5.692000e-03 7.844000e-03
15 9.852800e-01 5.816000e-03 8.904000e-03
16 9.840640e-01 5.852000e-03 1.008400e-02
17 9.827360e-01 6.140000e-03 1.112400e-02
18 9.813640e-01 6.412000e-03 1.222400e-02
19 9.799760e-01 6.624000e-03 1.340000e-02
20 9.784840e-01 6.884000e-03 1.463200e-02
21 9.769680e-01 7.072000e-03 1.596000e-02
22 9.755160e-01 7.332000e-03 1.715200e-02
23 9.739680e-01 7.676000e-03 1.835600e-02
24 9.725000e-01 7.768000e-03 1.973200e-02
25 9.709400e-01 8.056000e-03 2.100400e-02
26 9.695880e-01 7.868000e-03 2.254400e-02
27 9.682200e-01 7.936000e-03 2.384400e-02
28 9.667680e-01 7.940000e-03 2.529200e-02
29 9.652440e-01 8.044000e-03 2.671200e-02
30 9.638480e-01 8.068000e-03 2.808400e-02
31 9.626640e-01 7.864000e-03 2.947200e-02
32 9.612880e-01 7.928000e-03 3.078400e-02
33 9.599800e-01 7.908000e-03 3.211200e-02
34 9.586400e-01 7.732000e-03 3.362800e-02
35 9.572960e-01 7.668000e-03 3.503600e-02
36 9.561160e-01 7.484000e-03 3.640000e-02
37 9.547640e-01 7.480000e-03 3.775600e-02
38 9.534880e-01 7.484000e-03 3.902800e-02
39 9.521600e-01 7.480000e-03 4.036000e-02
40 9.508920e-01 7.556000e-03 4.155200e-02
41 9.496360e-01 7.408000e-03 4.295600e-02
42 9.483320e-01 7.372000e-03 4.429600e-02
43 9.471600e-01 7.272000e-03 4.556800e-02
44 9.459720e-01 7.200000e-03 4.682800e-02
45 9.448040e-01 7.124000e-03 4.807200e-02
46 9.436080e-01 7.104000e-03 4.928800e-02
47 9.423520e-01 7.152000e-03 5.049600e-02
48 9.410880e-01 7.024000e-03 5.188800e-02
49 9.398160e-01 7.048000e-03 5.313600e-02
50 9.385640e-01 7.072000e-03 5.436400e-02
51 9.373160e-01 7.000000e-03 5.568400e-02
52 9.359320e-01 7.216000e-03 5.685200e-02
53 9.345520e-01 7.360000e-03 5.808800e-02
54 9.330200e-01 7.624000e-03 5.935600e-02
55 9.314280e-01 7.808000e-03 6.076400e-02
56 9.298000e-01 8.036000e-03 6.216400e-02
57 9.284960e-01 7.892000e-03 6.361200e-02
58 9.270160e-01 7.940000e-03 6.504400e-02
59 9.255840e-01 8.032000e-03 6.638400e-02
60 9.241080e-01 8.112000e-03 6.778000e-02
61 9.227440e-01 8.048000e-03 6.920800e-02
62 9.211960e-01 8.320000e-03 7.048400e-02
63 9.197720e-01 8.304000e-03 7.192400e-02
64 9.184200e-01 7.992000e-03 7.358800e-02
65 9.171520e-01 7.896000e-03 7.495200e-02
66 9.158800e-01 7.716000e-03 7.640400e-02
67 9.145160e-01 7.820000e-03 7.766400e-02
68 9.132120e-01 7.832000e-03 7.895600e-02
69 9.118760e-01 7.784000e-03 8.034000e-02
70 9.105440e-01 7.860000e-03 8.159600e-02
71 9.091000e-01 7.856000e-03 8.304400e-02
72 9.078440e-01 7.688000e-03 8.446800e-02
73 9.064440e-01 7.780000e-03 8.577600e-02
74 9.052240e-01 7.596000e-03 8.718000e-02
75 9.039360e-01 7.580000e-03 8.848400e-02
76 9.026840e-01 7.516000e-03 8.980000e-02
77 9.016560e-01 7.168000e-03 9.117600e-02
78 9.005600e-01 7.084000e-03 9.235600e-02
79 8.994400e-01 7.028000e-03 9.353200e-02
80 8.982680e-01 6.936000e-03 9.479600e-02
81 8.971920e-01 6.820000e-03 9.598800e-02
82 8.960000e-01 6.804000e-03 9.719600e-02
83 8.946680e-01 6.972000e-03 9.836000e-02
84 8.932120e-01 7.268000e-03 9.952000e-02
85 8.920240e-01 7.200000e-03 1.007760e-01
86 8.905680e-01 7.376000e-03 1.020560e-01
87 8.892440e-01 7.580000e-03 1.031760e-01
88 8.878520e-01 7.564000e-03 1.045840e-01
89 8.864920e-01 7.620000e-03 1.058880e-01
90 8.851560e-01 7.624000e-03 1.072200e-01
91 8.839080e-01 7.532000e-03 1.085600e-01
92 8.825720e-01 7.468000e-03 1.099600e-01
93 8.812240e-01 7.504000e-03 1.112720e-01
94 8.799280e-01 7.448000e-03 1.126240e-01
95 8.787680e-01 7.332000e-03 1.139000e-01
96 8.774680e-01 7.360000e-03 1.151720e-01
97 8.763280e-01 7.160000e-03 1.165120e-01
98 8.750000e-01 7.316000e-03 1.176840e-01
99 8.739040e-01 7.144000e-03 1.189520e-01
100 8.727480e-01 7.008000e-03 1.202440e-01
101 8.716000e-01 6.968000e-03 1.214320e-01
102 8.704760e-01 6.832000e-03 1.226920e-01
103 8.693760e-01 6.776000e-03 1.238480e-01
104 8.681880e-01 6.676000e-03 1.251360e-01
105 8.670200e-01 6.632000e-03 1.263480e-01
106 8.660280e-01 6.336000e-03 1.276360e-01
107 8.649280e-01 6.404000e-03 1.286680e-01
108 8.638400e-01 6.404000e-03 1.297560e-01
109 8.626800e-01 6.360000e-03 1.309600e-01
110 8.615080e-01 6.484000e-03 1.320080e-01
111 8.601960e-01 6.532000e-03 1.332720e-01
112 8.591160e-01 6.512000e-03 1.343720e-01
113 8.579840e-01 6.548000e-03 1.354680e-01
114 8.568120e-01 6.548000e-03 1.366400e-01
115 8.556760e-01 6.508000e-03 1.378160e-01
116 8.544640e-01 6.652000e-03 1.388840e-01
117 8.533520e-01 6.612000e-03 1.400360e-01
118 8.522760e-01 6.552000e-03 1.411720e-01
119 8.511320e-01 6.672000e-03 1.421960e-01
120 8.499200e-01 6.648000e-03 1.434320e-01
121 8.486800e-01 6.660000e-03 1.446600e-01
122 8.474280e-01 6.780000e-03 1.457920e-01
123 8.462080e-01 6.904000e-03 1.468880e-01
124 8.450400e-01 6.832000e-03 1.481280e-01
125 8.439240e-01 6.848000e-03 1.492280e-01
126 8.428680e-01 6.708000e-03 1.504240e-01
127 8.416760e-01 6.764000e-03 1.515600e-01
128 8.405440e-01 6.736000e-03 1.527200e-01
129 8.394600e-01 6.576000e-03 1.539640e-01
130 8.384320e-01 6.560000e-03 1.550080e-01
131 8.374400e-01 6.456000e-03 1.561040e-01
132 8.363520e-01 6.432000e-03 1.572160e-01
133 8.354560e-01 6.144000e-03 1.584000e-01
134 8.343040e-01 6.276000e-03 1.594200e-01
135 8.331440e-01 6.376000e-03 1.604800e-01
136 8.319000e-01 6.584000e-03 1.615160e-01
137 8.307920e-01 6.532000e-03 1.626760e-01
138 8.297160e-01 6.424000e-03 1.638600e-01
139 8.286880e-01 6.320000e-03 1.649920e-01
140 8.274880e-01 6.400000e-03 1.661120e-01
141 8.264360e-01 6.344000e-03 1.672200e-01
142 8.253320e-01 6.308000e-03 1.683600e-01
143 8.242280e-01 6.332000e-03 1.694400e-01
144 8.231880e-01 6.288000e-03 1.705240e-01
145 8.221680e-01 6.180000e-03 1.716520e-01
146 8.210040e-01 6.264000e-03 1.727320e-01
147 8.200480e-01 6.112000e-03 1.738400e-01
148 8.190800e-01 5.888000e-03 1.750320e-01
149 8.181720e-01 5.700000e-03 1.761280e-01
150 8.172640e-01 5.636000e-03 1.771000e-01
151 8.164080e-01 5.568000e-03 1.780240e-01
152 8.154200e-01 5.576000e-03 1.790040e-01
153 8.145040e-01 5.480000e-03 1.800160e-01
154 8.136200e-01 5.368000e-03 1.810120e-01
155 8.126520e-01 5.348000e-03 1.820000e-01
156 8.117240e-01 5.376000e-03 1.829000e-01
157 8.108360e-01 5.276000e-03 1.838880e-01
158 8.097640e-01 5.384000e-03 1.848520e-01
159 8.087800e-01 5.472000e-03 1.857480e-01
160 8.077720e-01 5.484000e-03 1.867440e-01
161 8.068120e-01 5.492000e-03 1.876960e-01
162 8.058880e-01 5.568000e-03 1.885440e-01
163 8.048440e-01 5.692000e-03 1.894640e-01
164 8.038520e-01 5.648000e-03 1.905000e-01
165 8.029080e-01 5.568000e-03 1.915240e-01
166 8.018680e-01 5.684000e-03 1.924480e-01
167 8.008280e-01 5.788000e-03 1.933840e-01
168 7.999120e-01 5.688000e-03 1.944000e-01
169 7.990720e-01 5.568000e-03 1.953600e-01
170 7.981680e-01 5.432000e-03 1.964000e-01
171 7.973080e-01 5.360000e-03 1.973320e-01
172 7.964120e-01 5.344000e-03 1.982440e-01
173 7.954960e-01 5.296000e-03 1.992080e-01
174 7.946520e-01 5.176000e-03 2.001720e-01
175 7.938760e-01 5.064000e-03 2.010600e-01
176 7.930080e-01 5.076000e-03 2.019160e-01
177 7.921160e-01 5.096000e-03 2.027880e-01
178 7.912800e-01 5.068000e-03 2.036520e-01
179 7.903760e-01 5.164000e-03 2.044600e-01
180 7.895680e-01 5.116000e-03 2.053160e-01
181 7.886680e-01 5.108000e-03 2.062240e-01
182 7.878480e-01 5.044000e-03 2.071080e-01
183 7.870320e-01 4.956000e-03 2.080120e-01
184 7.862040e-01 5.028000e-03 2.087680e-01
185 7.853600e-01 5.008000e-03 2.096320e-01
186 7.844520e-01 5.040000e-03 2.105080e-01
187 7.835800e-01 5.064000e-03 2.113560e-01
188 7.828480e-01 4.852000e-03 2.123000e-01
189 7.820800e-01 4.720000e-03 2.132000e-01
190 7.812000e-01 4.668000e-03 2.141320e-01
191 7.804520e-01 4.584000e-03 2.149640e-01
192 7.796840e-01 4.528000e-03 2.157880e-01
193 7.788040e-01 4.612000e-03 2.165840e-01
194 7.779240e-01 4.728000e-03 2.173480e-01
195 7.770960e-01 4.716000e-03 2.181880e-01
196 7.762640e-01 4.648000e-03 2.190880e-01
197 7.753520e-01 4.656000e-03 2.199920e-01
198 7.745680e-01 4.616000e-03 2.208160e-01
199 7.737200e-01 4.556000e-03 2.217240e-01
200 7.729320e-01 4.540000e-03 2.225280e-01
201 7.721080e-01 4.532000e-03 2.233600e-01
202 7.714160e-01 4.424000e-03 2.241600e-01
203 7.708160e-01 4.196000e-03 2.249880e-01
204 7.700600e-01 4.256000e-03 2.256840e-01
205 7.694120e-01 4.144000e-03 2.264440e-01
206 7.688200e-01 3.960000e-03 2.272200e-01
207 7.680320e-01 4.124000e-03 2.278440e-01
208 7.673080e-01 4.072000e-03 2.286200e-01
209 7.667040e-01 3.972000e-03 2.293240e-01
210 7.660160e-01 3.916000e-03 2.300680e-01
211 7.652600e-01 4.012000e-03 2.307280e-01
212 7.645680e-01 3.968000e-03 2.314640e-01
213 7.638840e-01 3.996000e-03 2.321200e-01
214 7.632240e-01 4.008000e-03 2.327680e-01
215 7.625680e-01 3.960000e-03 2.334720e-01
216 7.620160e-01 3.852000e-03 2.341320e-01
217 7.614160e-01 3.700000e-03 2.348840e-01
218 7.608440e-01 3.672000e-03 2.354840e-01
219 7.601680e-01 3.660000e-03 2.361720e-01
220 7.595320e-01 3.752000e-03 2.367160e-01
221 7.588400e-01 3.872000e-03 2.372880e-01
222 7.581840e-01 3.872000e-03 2.379440e-01
223 7.575280e-01 3.812000e-03 2.386600e-01
224 7.569160e-01 3.740000e-03 2.393440e-01
225 7.561680e-01 3.768000e-03 2.400640e-01
226 7.555640e-01 3.780000e-03 2.406560e-01
227 7.549520e-01 3.724000e-03 2.413240e-01
228 7.543360e-01 3.688000e-03 2.419760e-01
229 7.538440e-01 3.536000e-03 2.426200e-01
230 7.533320e-01 3.400000e-03 2.432680e-01
231 7.528320e-01 3.412000e-03 2.437560e-01
232 7.523680e-01 3.276000e-03 2.443560e-01
233 7.518600e-01 3.296000e-03 2.448440e-01
234 7.513440e-01 3.212000e-03 2.454440e-01
235 7.508880e-01 3.172000e-03 2.459400e-01
236 7.504440e-01 3.072000e-03 2.464840e-01
237 7.499640e-01 3.068000e-03 2.469680e-01
238 7.493920e-01 3.096000e-03 2.475120e-01
239 7.488240e-01 3.168000e-03 2.480080e-01
240 7.483840e-01 3.116000e-03 2.485000e-01
241 7.478840e-01 3.008000e-03 2.491080e-01
242 7.474200e-01 2.980000e-03 2.496000e-01
243 7.469120e-01 2.920000e-03 2.501680e-01
244 7.464160e-01 2.948000e-03 2.506360e-01
245 7.458000e-01 3.028000e-03 2.511720e-01
246 7.452520e-01 3.080000e-03 2.516680e-01
247 7.447320e-01 3.080000e-03 2.521880e-01
248 7.441760e-01 3.120000e-03 2.527040e-01
249 7.435680e-01 3.124000e-03 2.533080e-01
250 7.430280e-01 3.164000e-03 2.538080e-01
251 7.425200e-01 3.108000e-03 2.543720e-01
252 7.420280e-01 3.000000e-03 2.549720e-01
253 7.414640e-01 2.936000e-03 2.556000e-01
254 7.409960e-01 2.808000e-03 2.561960e-01
255 7.405200e-01 2.876000e-03 2.566040e-01
256 7.401120e-01 2.792000e-03 2.570960e-01
257 7.396320e-01 2.788000e-03 2.575800e-01
258 7.392520e-01 2.684000e-03 2.580640e-01
259 7.387640e-01 2.688000e-03 2.585480e-01
260 7.383520e-01 2.648000e-03 2.590000e-01
261 7.379000e-01 2.624000e-03 2.594760e-01
262 7.374640e-01 2.624000e-03 2.599120e-01
263 7.370200e-01 2.600000e-03 2.603800e-01
264 7.366440e-01 2.548000e-03 2.608080e-01
265 7.362640e-01 2.476000e-03 2.612600e-01
266 7.359720e-01 2.348000e-03 2.616800e-01
267 7.356640e-01 2.272000e-03 2.620640e-01
268 7.353720e-01 2.184000e-03 2.624440e-01
269 7.350640e-01 2.164000e-03 2.627720e-01
270 7.348120e-01 2.048000e-03 2.631400e-01
271 7.345160e-01 1.996000e-03 2.634880e-01
272 7.341440e-01 2.004000e-03 2.638520e-01
273 7.338520e-01 1.956000e-03 2.641920e-01
274 7.336320e-01 1.824000e-03 2.645440e-01
275 7.333480e-01 1.760000e-03 2.648920e-01
276 7.331120e-01 1.748000e-03 2.651400e-01
277 7.327760e-01 1.776000e-03 2.654480e-01
278 7.324160e-01 1.828000e-03 2.657560e-01
279 7.321160e-01 1.780000e-03 2.661040e-01
280 7.317960e-01 1.812000e-03 2.663920e-01
281 7.315440e-01 1.820000e-03 2.666360e-01
282 7.311560e-01 1.888000e-03 2.669560e-01
283 7.307720e-01 1.956000e-03 2.672720e-01
284 7.303440e-01 2.064000e-03 2.675920e-01
285 7.300280e-01 2.000000e-03 2.679720e-01
286 7.296520e-01 2.024000e-03 2.683240e-01
287 7.293040e-01 2.020000e-03 2.686760e-01
288 7.290040e-01 1.992000e-03 2.690040e-01
289 7.286760e-01 2.004000e-03 2.693200e-01
290 7.283600e-01 1.996000e-03 2.696440e-01
291 7.280400e-01 1.888000e-03 2.700720e-01
292 7.277160e-01 1.828000e-03 2.704560e-01
293 7.274400e-01 1.812000e-03 2.707480e-01
294 7.270880e-01 1.836000e-03 2.710760e-01
295 7.267440e-01 1.880000e-03 2.713760e-01
296 7.264560e-01 1.788000e-03 2.717560e-01
297 7.261880e-01 1.732000e-03 2.720800e-01
298 7.258960e-01 1.684000e-03 2.724200e-01
299 7.256200e-01 1.640000e-03 2.727400e-01
300 7.253000e-01 1.608000e-03 2.730920e-01
301 7.250640e-01 1.540000e-03 2.733960e-01
302 7.247000e-01 1.616000e-03 2.736840e-01
303 7.243520e-01 1.680000e-03 2.739680e-01
304 7.240560e-01 1.648000e-03 2.742960e-01
305 7.237800e-01 1.656000e-03 2.745640e-01
306 7.235640e-01 1.588000e-03 2.748480e-01
307 7.233040e-01 1.536000e-03 2.751600e-01
308 7.230000e-01 1.536000e-03 2.754640e-01
309 7.227680e-01 1.512000e-03 2.757200e-01
310 7.224600e-01 1.568000e-03 2.759720e-01
311 7.221320e-01 1.644000e-03 2.762240e-01
312 7.218280e-01 1.680000e-03 2.764920e-01
313 7.215080e-01 1.648000e-03 2.768440e-01
314 7.211840e-01 1.652000e-03 2.771640e-01
315 7.208400e-01 1.716000e-03 2.774440e-01
316 7.205560e-01 1.632000e-03 2.778120e-01
317 7.203120e-01 1.556000e-03 2.781320e-01
318 7.200280e-01 1.548000e-03 2.784240e-01
319 7.196680e-01 1.640000e-03 2.786920e-01
320 7.194080e-01 1.644000e-03 2.789480e-01
321 7.190960e-01 1.648000e-03 2.792560e-01
322 7.187760e-01 1.700000e-03 2.795240e-01
323 7.184440e-01 1.740000e-03 2.798160e-01
324 7.181400e-01 1.736000e-03 2.801240e-01
325 7.177760e-01 1.784000e-03 2.804400e-01
326 7.174960e-01 1.732000e-03 2.807720e-01
327 7.172520e-01 1.744000e-03 2.810040e-01
328 7.169800e-01 1.680000e-03 2.813400e-01
329 7.167480e-01 1.644000e-03 2.816080e-01
330 7.164560e-01 1.612000e-03 2.819320e-01
331 7.162400e-01 1.544000e-03 2.822160e-01
332 7.160440e-01 1.480000e-03 2.824760e-01
333 7.157960e-01 1.480000e-03 2.827240e-01
334 7.156320e-01 1.396000e-03 2.829720e-01
335 7.154040e-01 1.388000e-03 2.832080e-01
336 7.151960e-01 1.332000e-03 2.834720e-01
337 7.149480e-01 1.344000e-03 2.837080e-01
338 7.146040e-01 1.436000e-03 2.839600e-01
339 7.143040e-01 1.476000e-03 2.842200e-01
340 7.140240e-01 1.488000e-03 2.844880e-01
341 7.137000e-01 1.532000e-03 2.847680e-01
342 7.134880e-01 1.452000e-03 2.850600e-01
343 7.132360e-01 1.464000e-03 2.853000e-01
344 7.130400e-01 1.388000e-03 2.855720e-01
345 7.128760e-01 1.304000e-03 2.858200e-01
346 7.127000e-01 1.244000e-03 2.860560e-01
347 7.124880e-01 1.164000e-03 2.863480e-01
348 7.123080e-01 1.168000e-03 2.865240e-01
349 7.121120e-01 1.172000e-03 2.867160e-01
350 7.118960e-01 1.172000e-03 2.869320e-01
351 7.116960e-01 1.196000e-03 2.871080e-01
352 7.114440e-01 1.228000e-03 2.873280e-01
353 7.112680e-01 1.184000e-03 2.875480e-01
354 7.109680e-01 1.268000e-03 2.877640e-01
355 7.106840e-01 1.352000e-03 2.879640e-01
356 7.104320e-01 1.336000e-03 2.882320e-01
357 7.101720e-01 1.332000e-03 2.884960e-01
358 7.098760e-01 1.404000e-03 2.887200e-01
359 7.096280e-01 1.368000e-03 2.890040e-01
360 7.094720e-01 1.260000e-03 2.892680e-01
361 7.092160e-01 1.320000e-03 2.894640e-01
362 7.090000e-01 1.292000e-03 2.897080e-01
363 7.086960e-01 1.340000e-03 2.899640e-01
364 7.084560e-01 1.352000e-03 2.901920e-01
365 7.082560e-01 1.312000e-03 2.904320e-01
366 7.080480e-01 1.252000e-03 2.907000e-01
367 7.078200e-01 1.252000e-03 2.909280e-01
368 7.076440e-01 1.176000e-03 2.911800e-01
369 7.075200e-01 1.104000e-03 2.913760e-01
370 7.073480e-01 1.080000e-03 2.915720e-01
371 7.070720e-01 1.160000e-03 2.917680e-01
372 7.067920e-01 1.204000e-03 2.920040e-01
373 7.064720e-01 1.312000e-03 2.922160e-01
374 7.062120e-01 1.312000e-03 2.924760e-01
375 7.059360e-01 1.380000e-03 2.926840e-01
376 7.056840e-01 1.348000e-03 2.929680e-01
377 7.054400e-01 1.332000e-03 2.932280e-01
378 7.051920e-01 1.364000e-03 2.934440e-01
379 7.050080e-01 1.312000e-03 2.936800e-01
380 7.047880e-01 1.332000e-03 2.938800e-01
381 7.045840e-01 1.356000e-03 2.940600e-01
382 7.043840e-01 1.288000e-03 2.943280e-01
383 7.042360e-01 1.228000e-03 2.945360e-01
384 7.041000e-01 1.180000e-03 2.947200e-01
385 7.039680e-01 1.132000e-03 2.949000e-01
386 7.037840e-01 1.108000e-03 2.951080e-01
387 7.036440e-01 1.032000e-03 2.953240e-01
388 7.034600e-01 1.012000e-03 2.955280e-01
389 7.032520e-01 1.064000e-03 2.956840e-01
390 7.030720e-01 1.056000e-03 2.958720e-01
391 7.028400e-01 1.088000e-03 2.960720e-01
392 7.025880e-01 1.132000e-03 2.962800e-01
393 7.023600e-01 1.180000e-03 2.964600e-01
394 7.021760e-01 1.104000e-03 2.967200e-01
395 7.019800e-01 1.088000e-03 2.969320e-01
396 7.017800e-01 1.132000e-03 2.970880e-01
397 7.015880e-01 1.152000e-03 2.972600e-01
398 7.013760e-01 1.192000e-03 2.974320e-01
399 7.011640e-01 1.176000e-03 2.976600e-01
400 7.009280e-01 1.204000e-03 2.978680e-01
401 7.006640e-01 1.276000e-03 2.980600e-01
402 7.004280e-01 1.324000e-03 2.982480e-01
403 7.002240e-01 1.272000e-03 2.985040e-01
404 7.000600e-01 1.224000e-03 2.987160e-01
405 6.999200e-01 1.148000e-03 2.989320e-01
406 6.998000e-01 1.060000e-03 2.991400e-01
407 6.996760e-01 1.012000e-03 2.993120e-01
408 6.995360e-01 1.008000e-03 2.994560e-01
409 6.994440e-01 9.560000e-04 2.996000e-01
410 6.993320e-01 9.360000e-04 2.997320e-01
411 6.992400e-01 8.640000e-04 2.998960e-01
412 6.991360e-01 8.320000e-04 3.000320e-01
413 6.990240e-01 7.640000e-04 3.002120e-01
414 6.988840e-01 7.640000e-04 3.003520e-01
415 6.987560e-01 7.520000e-04 3.004920e-01
416 6.986080e-01 7.640000e-04 3.006280e-01
417 6.984880e-01 7.320000e-04 3.007800e-01
418 6.984080e-01 6.920000e-04 3.009000e-01
419 6.983000e-01 6.560000e-04 3.010440e-01
420 6.982120e-01 6.280000e-04 3.011600e-01
421 6.980840e-01 6.600000e-04 3.012560e-01
422 6.979640e-01 6.320000e-04 3.014040e-01
423 6.978880e-01 5.560000e-04 3.015560e-01
424 6.977760e-01 5.760000e-04 3.016480e-01
425 6.976800e-01 5.800000e-04 3.017400e-01
426 6.975800e-01 5.880000e-04 3.018320e-01
427 6.974560e-01 6.320000e-04 3.019120e-01
428 6.973480e-01 6.160000e-04 3.020360e-01
429 6.972320e-01 6.120000e-04 3.021560e-01
430 6.971440e-01 6.080000e-04 3.022480e-01
431 6.970360e-01 6.320000e-04 3.023320e-01
432 6.968960e-01 6.440000e-04 3.024600e-01
433 6.967520e-01 7.160000e-04 3.025320e-01
434 6.966080e-01 7.560000e-04 3.026360e-01
435 6.965040e-01 7.040000e-04 3.027920e-01
436 6.964000e-01 6.760000e-04 3.029240e-01
437 6.963040e-01 6.800000e-04 3.030160e-01
438 6.962520e-01 6.240000e-04 3.031240e-01
439 6.961920e-01 5.880000e-04 3.032200e-01
440 6.961040e-01 5.840000e-04 3.033120e-01
441 6.960560e-01 5.440000e-04 3.034000e-01
442 6.959920e-01 5.000000e-04 3.035080e-01
443 6.958720e-01 5.440000e-04 3.035840e-01
444 6.958160e-01 4.880000e-04 3.036960e-01
445 6.957360e-01 4.960000e-04 3.037680e-01
446 6.956480e-01 4.880000e-04 3.038640e-01
447 6.955840e-01 4.720000e-04 3.039440e-01
448 6.955120e-01 4.600000e-04 3.040280e-01
449 6.954600e-01 4.360000e-04 3.041040e-01
450 6.953960e-01 4.280000e-04 3.041760e-01
451 6.953400e-01 4.160000e-04 3.042440e-01
452 6.952680e-01 3.920000e-04 3.043400e-01
453 6.951400e-01 4.520000e-04 3.044080e-01
454 6.950600e-01 4.560000e-04 3.044840e-01
455 6.949920e-01 4.760000e-04 3.045320e-01
456 6.949280e-01 4.520000e-04 3.046200e-01
457 6.948240e-01 4.800000e-04 3.046960e-01
458 6.947880e-01 4.480000e-04 3.047640e-01
459 6.947120e-01 4.720000e-04 3.048160e-01
460 6.946200e-01 4.840000e-04 3.048960e-01
461 6.945080e-01 5.120000e-04 3.049800e-01
462 6.943880e-01 5.480000e-04 3.050640e-01
463 6.942600e-01 6.000000e-04 3.051400e-01
464 6.941560e-01 6.120000e-04 3.052320e-01
465 6.940840e-01 5.720000e-04 3.053440e-01
466 6.939480e-01 5.840000e-04 3.054680e-01
467 6.938400e-01 5.920000e-04 3.055680e-01
468 6.936760e-01 6.640000e-04 3.056600e-01
469 6.935760e-01 6.600000e-04 3.057640e-01
470 6.934560e-01 6.480000e-04 3.058960e-01
471 6.933320e-01 6.560000e-04 3.060120e-01
472 6.932000e-01 7.040000e-04 3.060960e-01
473 6.931120e-01 6.640000e-04 3.062240e-01
474 6.929640e-01 7.280000e-04 3.063080e-01
475 6.928440e-01 7.440000e-04 3.064120e-01
476 6.927320e-01 7.200000e-04 3.065480e-01
477 6.926280e-01 7.240000e-04 3.066480e-01
478 6.925480e-01 6.600000e-04 3.067920e-01
479 6.924720e-01 6.000000e-04 3.069280e-01
480 6.923400e-01 5.960000e-04 3.070640e-01
481 6.922560e-01 5.760000e-04 3.071680e-01
482 6.922000e-01 5.240000e-04 3.072760e-01
483 6.921280e-01 5.160000e-04 3.073560e-01
484 6.920480e-01 4.640000e-04 3.074880e-01
485 6.919920e-01 4.360000e-04 3.075720e-01
486 6.919440e-01 4.200000e-04 3.076360e-01
487 6.918800e-01 3.960000e-04 3.077240e-01
488 6.918080e-01 3.640000e-04 3.078280e-01
489 6.917320e-01 3.680000e-04 3.079000e-01
490 6.916720e-01 3.200000e-04 3.080080e-01
491 6.915800e-01 3.480000e-04 3.080720e-01
492 6.915320e-01 3.200000e-04 3.081480e-01
493 6.914840e-01 3.160000e-04 3.082000e-01
494 6.914480e-01 2.880000e-04 3.082640e-01
495 6.913880e-01 2.840000e-04 3.083280e-01
496 6.913560e-01 2.560000e-04 3.083880e-01
497 6.913400e-01 2.240000e-04 3.084360e-01
498 6.913160e-01 1.960000e-04 3.084880e-01
499 6.912760e-01 1.960000e-04 3.085280e-01
500 6.912440e-01 1.960000e-04 3.085600e-01
