1 9.992280e-01 7.040000e-04 6.800000e-05
2 9.987520e-01 1.024000e-03 2.240000e-04
3 9.981240e-01 1.416000e-03 4.600000e-04
4 9.974720e-01 1.820000e-03 7.080000e-04
5 9.967880e-01 2.152000e-03 1.060000e-03
6 9.959920e-01 2.540000e-03 1.468000e-03
7 9.951200e-01 2.996000e-03 1.884000e-03
8 9.942000e-01 3.336000e-03 2.464000e-03
9 9.932000e-01 3.740000e-03 3.060000e-03
10 9.922960e-01 3.932000e-03 3.772000e-03
11 9.913400e-01 4.188000e-03 4.472000e-03
12 9.903920e-01 4.348000e-03 5.260000e-03
13 9.892880e-01 4.704000e-03 6.008000e-03
14 9.882240e-01 4.916000e-03 6.860000e-03
15 9.871120e-01 5.132000e-03 7.756000e-03
16 9.860520e-01 5.260000e-03 8.688000e-03
17 9.850040e-01 5.472000e-03 9.524000e-03
18 9.839400e-01 5.584000e-03 1.047600e-02
19 9.826120e-01 5.940000e-03 1.144800e-02
20 9.812400e-01 6.232000e-03 1.252800e-02
21 9.800000e-01 6.384000e-03 1.361600e-02
22 9.788400e-01 6.432000e-03 1.472800e-02
23 9.775360e-01 6.620000e-03 1.584400e-02
24 9.762560e-01 6.640000e-03 1.710400e-02
25 9.748200e-01 6.804000e-03 1.837600e-02
26 9.735320e-01 6.724000e-03 1.974400e-02
27 9.723000e-01 6.792000e-03 2.090800e-02
28 9.710160e-01 6.912000e-03 2.207200e-02
29 9.695600e-01 7.052000e-03 2.338800e-02
30 9.683080e-01 7.128000e-03 2.456400e-02
31 9.671000e-01 7.180000e-03 2.572000e-02
32 9.657400e-01 7.276000e-03 2.698400e-02
33 9.645760e-01 7.108000e-03 2.831600e-02
34 9.632720e-01 7.152000e-03 2.957600e-02
35 9.620360e-01 7.260000e-03 3.070400e-02
36 9.606160e-01 7.460000e-03 3.192400e-02
37 9.593360e-01 7.452000e-03 3.321200e-02
38 9.578960e-01 7.548000e-03 3.455600e-02
39 9.564440e-01 7.628000e-03 3.592800e-02
40 9.549600e-01 7.716000e-03 3.732400e-02
41 9.535320e-01 7.724000e-03 3.874400e-02
42 9.522080e-01 7.736000e-03 4.005600e-02
43 9.506840e-01 7.980000e-03 4.133600e-02
44 9.492360e-01 7.908000e-03 4.285600e-02
45 9.477200e-01 7.964000e-03 4.431600e-02
46 9.461160e-01 8.084000e-03 4.580000e-02
47 9.447000e-01 7.988000e-03 4.731200e-02
48 9.433080e-01 8.040000e-03 4.865200e-02
49 9.418720e-01 8.052000e-03 5.007600e-02
50 9.405960e-01 7.872000e-03 5.153200e-02
51 9.390720e-01 7.900000e-03 5.302800e-02
52 9.376400e-01 7.924000e-03 5.443600e-02
53 9.363520e-01 7.828000e-03 5.582000e-02
54 9.349480e-01 7.884000e-03 5.716800e-02
55 9.336800e-01 7.748000e-03 5.857200e-02
56 9.321080e-01 7.916000e-03 5.997600e-02
57 9.307840e-01 7.792000e-03 6.142400e-02
58 9.294760e-01 7.692000e-03 6.283200e-02
59 9.281840e-01 7.696000e-03 6.412000e-02
60 9.269680e-01 7.624000e-03 6.540800e-02
61 9.255280e-01 7.776000e-03 6.669600e-02
62 9.241840e-01 7.872000e-03 6.794400e-02
63 9.229840e-01 7.720000e-03 6.929600e-02
64 9.216760e-01 7.744000e-03 7.058000e-02
65 9.202880e-01 7.836000e-03 7.187600e-02
66 9.188920e-01 7.876000e-03 7.323200e-02
67 9.175280e-01 7.928000e-03 7.454400e-02
68 9.162360e-01 7.976000e-03 7.578800e-02
69 9.148280e-01 8.020000e-03 7.715200e-02
70 9.133160e-01 8.140000e-03 7.854400e-02
71 9.119360e-01 8.180000e-03 7.988400e-02
72 9.105120e-01 8.164000e-03 8.132400e-02
73 9.093240e-01 8.036000e-03 8.264000e-02
74 9.079440e-01 8.000000e-03 8.405600e-02
75 9.066360e-01 8.040000e-03 8.532400e-02
76 9.051440e-01 8.168000e-03 8.668800e-02
77 9.037440e-01 8.144000e-03 8.811200e-02
78 9.023480e-01 8.068000e-03 8.958400e-02
79 9.010000e-01 8.148000e-03 9.085200e-02
80 8.995840e-01 8.192000e-03 9.222400e-02
81 8.981440e-01 8.068000e-03 9.378800e-02
82 8.969400e-01 7.888000e-03 9.517200e-02
83 8.955880e-01 7.900000e-03 9.651200e-02
84 8.941680e-01 7.908000e-03 9.792400e-02
85 8.928320e-01 7.884000e-03 9.928400e-02
86 8.914520e-01 7.988000e-03 1.005600e-01
87 8.903840e-01 7.752000e-03 1.018640e-01
88 8.890480e-01 7.700000e-03 1.032520e-01
89 8.878000e-01 7.664000e-03 1.045360e-01
90 8.865000e-01 7.612000e-03 1.058880e-01
91 8.851320e-01 7.660000e-03 1.072080e-01
92 8.838800e-01 7.476000e-03 1.086440e-01
93 8.825640e-01 7.288000e-03 1.101480e-01
94 8.813960e-01 7.184000e-03 1.114200e-01
95 8.800680e-01 7.292000e-03 1.126400e-01
96 8.788320e-01 7.228000e-03 1.139400e-01
97 8.775080e-01 7.232000e-03 1.152600e-01
98 8.760560e-01 7.460000e-03 1.164840e-01
99 8.747000e-01 7.648000e-03 1.176520e-01
100 8.731440e-01 7.856000e-03 1.190000e-01
101 8.717920e-01 7.836000e-03 1.203720e-01
102 8.703400e-01 7.980000e-03 1.216800e-01
103 8.688480e-01 7.980000e-03 1.231720e-01
104 8.674400e-01 8.044000e-03 1.245160e-01
105 8.659840e-01 8.068000e-03 1.259480e-01
106 8.645880e-01 8.180000e-03 1.272320e-01
107 8.632080e-01 8.080000e-03 1.287120e-01
108 8.619040e-01 7.992000e-03 1.301040e-01
109 8.606000e-01 7.876000e-03 1.315240e-01
110 8.593160e-01 7.784000e-03 1.329000e-01
111 8.580120e-01 7.728000e-03 1.342600e-01
112 8.567480e-01 7.576000e-03 1.356760e-01
113 8.554520e-01 7.568000e-03 1.369800e-01
114 8.540880e-01 7.492000e-03 1.384200e-01
115 8.528160e-01 7.412000e-03 1.397720e-01
116 8.514800e-01 7.492000e-03 1.410280e-01
117 8.501080e-01 7.532000e-03 1.423600e-01
118 8.488960e-01 7.356000e-03 1.437480e-01
119 8.477280e-01 7.164000e-03 1.451080e-01
120 8.465120e-01 7.224000e-03 1.462640e-01
121 8.453640e-01 7.152000e-03 1.474840e-01
122 8.442120e-01 7.100000e-03 1.486880e-01
123 8.430880e-01 6.912000e-03 1.500000e-01
124 8.419480e-01 6.780000e-03 1.512720e-01
125 8.408480e-01 6.692000e-03 1.524600e-01
126 8.396480e-01 6.656000e-03 1.536960e-01
127 8.386040e-01 6.392000e-03 1.550040e-01
128 8.374720e-01 6.340000e-03 1.561880e-01
129 8.363320e-01 6.284000e-03 1.573840e-01
130 8.354240e-01 6.256000e-03 1.583200e-01
131 8.344200e-01 6.120000e-03 1.594600e-01
132 8.335440e-01 5.912000e-03 1.605440e-01
133 8.325480e-01 5.928000e-03 1.615240e-01
134 8.315240e-01 5.992000e-03 1.624840e-01
135 8.303760e-01 6.048000e-03 1.635760e-01
136 8.294160e-01 5.928000e-03 1.646560e-01
137 8.284560e-01 5.820000e-03 1.657240e-01
138 8.275400e-01 5.800000e-03 1.666600e-01
139 8.266560e-01 5.580000e-03 1.677640e-01
140 8.255640e-01 5.660000e-03 1.687760e-01
141 8.246040e-01 5.664000e-03 1.697320e-01
142 8.236000e-01 5.684000e-03 1.707160e-01
143 8.224920e-01 5.812000e-03 1.716960e-01
144 8.216080e-01 5.656000e-03 1.727360e-01
145 8.206280e-01 5.728000e-03 1.736440e-01
146 8.196960e-01 5.708000e-03 1.745960e-01
147 8.186440e-01 5.720000e-03 1.756360e-01
148 8.176880e-01 5.656000e-03 1.766560e-01
149 8.168120e-01 5.508000e-03 1.776800e-01
150 8.158320e-01 5.552000e-03 1.786160e-01
151 8.148320e-01 5.648000e-03 1.795200e-01
152 8.138360e-01 5.696000e-03 1.804680e-01
153 8.128520e-01 5.656000e-03 1.814920e-01
154 8.118880e-01 5.636000e-03 1.824760e-01
155 8.110360e-01 5.512000e-03 1.834520e-01
156 8.100960e-01 5.416000e-03 1.844880e-01
157 8.090960e-01 5.456000e-03 1.854480e-01
158 8.081280e-01 5.440000e-03 1.864320e-01
159 8.072600e-01 5.300000e-03 1.874400e-01
160 8.063920e-01 5.212000e-03 1.883960e-01
161 8.054640e-01 5.332000e-03 1.892040e-01
162 8.045640e-01 5.260000e-03 1.901760e-01
163 8.036360e-01 5.260000e-03 1.911040e-01
164 8.028680e-01 5.216000e-03 1.919160e-01
165 8.020320e-01 5.156000e-03 1.928120e-01
166 8.013680e-01 5.068000e-03 1.935640e-01
167 8.005840e-01 4.960000e-03 1.944560e-01
168 7.998000e-01 4.920000e-03 1.952800e-01
169 7.990440e-01 4.744000e-03 1.962120e-01
170 7.982640e-01 4.780000e-03 1.969560e-01
171 7.975600e-01 4.560000e-03 1.978800e-01
172 7.968600e-01 4.440000e-03 1.987000e-01
173 7.961120e-01 4.408000e-03 1.994800e-01
174 7.953480e-01 4.368000e-03 2.002840e-01
175 7.944280e-01 4.456000e-03 2.011160e-01
176 7.935960e-01 4.488000e-03 2.019160e-01
177 7.928240e-01 4.340000e-03 2.028360e-01
178 7.920840e-01 4.384000e-03 2.035320e-01
179 7.912560e-01 4.464000e-03 2.042800e-01
180 7.905160e-01 4.428000e-03 2.050560e-01
181 7.896520e-01 4.452000e-03 2.058960e-01
182 7.888520e-01 4.520000e-03 2.066280e-01
183 7.881360e-01 4.488000e-03 2.073760e-01
184 7.873920e-01 4.488000e-03 2.081200e-01
185 7.867760e-01 4.372000e-03 2.088520e-01
186 7.860440e-01 4.440000e-03 2.095160e-01
187 7.852960e-01 4.528000e-03 2.101760e-01
188 7.845520e-01 4.480000e-03 2.109680e-01
189 7.839120e-01 4.320000e-03 2.117680e-01
190 7.832880e-01 4.256000e-03 2.124560e-01
191 7.825240e-01 4.308000e-03 2.131680e-01
192 7.817440e-01 4.356000e-03 2.139000e-01
193 7.809960e-01 4.252000e-03 2.147520e-01
194 7.803640e-01 4.120000e-03 2.155160e-01
195 7.796520e-01 4.116000e-03 2.162320e-01
196 7.789480e-01 4.100000e-03 2.169520e-01
197 7.782000e-01 4.132000e-03 2.176680e-01
198 7.774640e-01 4.152000e-03 2.183840e-01
199 7.766480e-01 4.308000e-03 2.190440e-01
200 7.759680e-01 4.228000e-03 2.198040e-01
201 7.752080e-01 4.272000e-03 2.205200e-01
202 7.744120e-01 4.340000e-03 2.212480e-01
203 7.736440e-01 4.340000e-03 2.220160e-01
204 7.727920e-01 4.448000e-03 2.227600e-01
205 7.719840e-01 4.388000e-03 2.236280e-01
206 7.711480e-01 4.336000e-03 2.245160e-01
207 7.703600e-01 4.352000e-03 2.252880e-01
208 7.695000e-01 4.396000e-03 2.261040e-01
209 7.687240e-01 4.476000e-03 2.268000e-01
210 7.680280e-01 4.284000e-03 2.276880e-01
211 7.672840e-01 4.272000e-03 2.284440e-01
212 7.665760e-01 4.260000e-03 2.291640e-01
213 7.659040e-01 4.228000e-03 2.298680e-01
214 7.651400e-01 4.284000e-03 2.305760e-01
215 7.643560e-01 4.324000e-03 2.313200e-01
216 7.636720e-01 4.312000e-03 2.320160e-01
217 7.628400e-01 4.400000e-03 2.327600e-01
218 7.619880e-01 4.496000e-03 2.335160e-01
219 7.610600e-01 4.676000e-03 2.342640e-01
220 7.602440e-01 4.712000e-03 2.350440e-01
221 7.594320e-01 4.696000e-03 2.358720e-01
222 7.587520e-01 4.584000e-03 2.366640e-01
223 7.580240e-01 4.528000e-03 2.374480e-01
224 7.573560e-01 4.300000e-03 2.383440e-01
225 7.567120e-01 4.204000e-03 2.390840e-01
226 7.560520e-01 4.104000e-03 2.398440e-01
227 7.553800e-01 4.108000e-03 2.405120e-01
228 7.547920e-01 4.012000e-03 2.411960e-01
229 7.540840e-01 4.016000e-03 2.419000e-01
230 7.533280e-01 4.136000e-03 2.425360e-01
231 7.525200e-01 4.240000e-03 2.432400e-01
232 7.518320e-01 4.272000e-03 2.438960e-01
233 7.511520e-01 4.292000e-03 2.445560e-01
234 7.504280e-01 4.204000e-03 2.453680e-01
235 7.497560e-01 4.128000e-03 2.461160e-01
236 7.490520e-01 4.112000e-03 2.468360e-01
237 7.484240e-01 3.968000e-03 2.476080e-01
238 7.477040e-01 4.036000e-03 2.482600e-01
239 7.470360e-01 3.904000e-03 2.490600e-01
240 7.462160e-01 3.944000e-03 2.498400e-01
241 7.455320e-01 3.932000e-03 2.505360e-01
242 7.448120e-01 3.900000e-03 2.512880e-01
243 7.440440e-01 4.048000e-03 2.519080e-01
244 7.433480e-01 3.936000e-03 2.527160e-01
245 7.426280e-01 3.936000e-03 2.534360e-01
246 7.418520e-01 4.024000e-03 2.541240e-01
247 7.412000e-01 4.004000e-03 2.547960e-01
248 7.405680e-01 3.852000e-03 2.555800e-01
249 7.399520e-01 3.824000e-03 2.562240e-01
250 7.392480e-01 3.800000e-03 2.569520e-01
251 7.386800e-01 3.764000e-03 2.575560e-01
252 7.380680e-01 3.720000e-03 2.582120e-01
253 7.374280e-01 3.696000e-03 2.588760e-01
254 7.368360e-01 3.724000e-03 2.594400e-01
255 7.362240e-01 3.592000e-03 2.601840e-01
256 7.356440e-01 3.532000e-03 2.608240e-01
257 7.350440e-01 3.460000e-03 2.614960e-01
258 7.344600e-01 3.420000e-03 2.621200e-01
259 7.338400e-01 3.464000e-03 2.626960e-01
260 7.332760e-01 3.428000e-03 2.632960e-01
261 7.326960e-01 3.368000e-03 2.639360e-01
262 7.321320e-01 3.304000e-03 2.645640e-01
263 7.315520e-01 3.296000e-03 2.651520e-01
264 7.310440e-01 3.284000e-03 2.656720e-01
265 7.304320e-01 3.344000e-03 2.662240e-01
266 7.298920e-01 3.308000e-03 2.668000e-01
267 7.292800e-01 3.340000e-03 2.673800e-01
268 7.287080e-01 3.328000e-03 2.679640e-01
269 7.281320e-01 3.388000e-03 2.684800e-01
270 7.274480e-01 3.504000e-03 2.690480e-01
271 7.268440e-01 3.448000e-03 2.697080e-01
272 7.262520e-01 3.428000e-03 2.703200e-01
273 7.257160e-01 3.308000e-03 2.709760e-01
274 7.251040e-01 3.296000e-03 2.716000e-01
275 7.244760e-01 3.428000e-03 2.720960e-01
276 7.237960e-01 3.504000e-03 2.727000e-01
277 7.232160e-01 3.504000e-03 2.732800e-01
278 7.226360e-01 3.532000e-03 2.738320e-01
279 7.219520e-01 3.616000e-03 2.744320e-01
280 7.213120e-01 3.652000e-03 2.750360e-01
281 7.207080e-01 3.588000e-03 2.757040e-01
282 7.201040e-01 3.504000e-03 2.763920e-01
283 7.195240e-01 3.456000e-03 2.770200e-01
284 7.189560e-01 3.412000e-03 2.776320e-01
285 7.184120e-01 3.388000e-03 2.782000e-01
286 7.179240e-01 3.268000e-03 2.788080e-01
287 7.173800e-01 3.260000e-03 2.793600e-01
288 7.168160e-01 3.288000e-03 2.798960e-01
289 7.162040e-01 3.368000e-03 2.804280e-01
290 7.156720e-01 3.232000e-03 2.810960e-01
291 7.151360e-01 3.124000e-03 2.817400e-01
292 7.146360e-01 3.048000e-03 2.823160e-01
293 7.140880e-01 3.060000e-03 2.828520e-01
294 7.136720e-01 2.924000e-03 2.834040e-01
295 7.130480e-01 2.972000e-03 2.839800e-01
296 7.125160e-01 3.004000e-03 2.844800e-01
297 7.119760e-01 3.004000e-03 2.850200e-01
298 7.114840e-01 3.000000e-03 2.855160e-01
299 7.109760e-01 3.012000e-03 2.860120e-01
300 7.105640e-01 2.856000e-03 2.865800e-01
301 7.101440e-01 2.784000e-03 2.870720e-01
302 7.097040e-01 2.740000e-03 2.875560e-01
303 7.092760e-01 2.704000e-03 2.880200e-01
304 7.088440e-01 2.700000e-03 2.884560e-01
305 7.084160e-01 2.672000e-03 2.889120e-01
306 7.079840e-01 2.612000e-03 2.894040e-01
307 7.076440e-01 2.536000e-03 2.898200e-01
308 7.072720e-01 2.396000e-03 2.903320e-01
309 7.068320e-01 2.468000e-03 2.907000e-01
310 7.063800e-01 2.472000e-03 2.911480e-01
311 7.059040e-01 2.520000e-03 2.915760e-01
312 7.054640e-01 2.500000e-03 2.920360e-01
313 7.050240e-01 2.476000e-03 2.925000e-01
314 7.046200e-01 2.460000e-03 2.929200e-01
315 7.042200e-01 2.432000e-03 2.933480e-01
316 7.038040e-01 2.356000e-03 2.938400e-01
317 7.033520e-01 2.416000e-03 2.942320e-01
318 7.029200e-01 2.408000e-03 2.946720e-01
319 7.025160e-01 2.380000e-03 2.951040e-01
320 7.020640e-01 2.388000e-03 2.955480e-01
321 7.016480e-01 2.308000e-03 2.960440e-01
322 7.013080e-01 2.220000e-03 2.964720e-01
323 7.009320e-01 2.172000e-03 2.968960e-01
324 7.004840e-01 2.276000e-03 2.972400e-01
325 7.000240e-01 2.316000e-03 2.976600e-01
326 6.995880e-01 2.384000e-03 2.980280e-01
327 6.991640e-01 2.384000e-03 2.984520e-01
328 6.987040e-01 2.412000e-03 2.988840e-01
329 6.982480e-01 2.360000e-03 2.993920e-01
330 6.979240e-01 2.268000e-03 2.998080e-01
331 6.975280e-01 2.272000e-03 3.002000e-01
332 6.970920e-01 2.252000e-03 3.006560e-01
333 6.967520e-01 2.200000e-03 3.010480e-01
334 6.964480e-01 2.096000e-03 3.014560e-01
335 6.960080e-01 2.184000e-03 3.018080e-01
336 6.956000e-01 2.232000e-03 3.021680e-01
337 6.952040e-01 2.200000e-03 3.025960e-01
338 6.948720e-01 2.156000e-03 3.029720e-01
339 6.944680e-01 2.152000e-03 3.033800e-01
340 6.940600e-01 2.116000e-03 3.038240e-01
341 6.937240e-01 2.036000e-03 3.042400e-01
342 6.933320e-01 2.092000e-03 3.045760e-01
343 6.930800e-01 1.856000e-03 3.050640e-01
344 6.926840e-01 1.940000e-03 3.053760e-01
345 6.923520e-01 1.888000e-03 3.057600e-01
346 6.919800e-01 1.928000e-03 3.060920e-01
347 6.915600e-01 2.044000e-03 3.063960e-01
348 6.911520e-01 2.060000e-03 3.067880e-01
349 6.907800e-01 2.116000e-03 3.071040e-01
350 6.903480e-01 2.192000e-03 3.074600e-01
351 6.900360e-01 2.140000e-03 3.078240e-01
352 6.897040e-01 2.104000e-03 3.081920e-01
353 6.893280e-01 2.108000e-03 3.085640e-01
354 6.889520e-01 2.084000e-03 3.089640e-01
355 6.885720e-01 2.128000e-03 3.093000e-01
356 6.881960e-01 2.128000e-03 3.096760e-01
357 6.877800e-01 2.144000e-03 3.100760e-01
358 6.874200e-01 2.152000e-03 3.104280e-01
359 6.870480e-01 2.164000e-03 3.107880e-01
360 6.866800e-01 2.188000e-03 3.111320e-01
361 6.862840e-01 2.184000e-03 3.115320e-01
362 6.858120e-01 2.208000e-03 3.119800e-01
363 6.854600e-01 2.152000e-03 3.123880e-01
364 6.851200e-01 2.124000e-03 3.127560e-01
365 6.846920e-01 2.216000e-03 3.130920e-01
366 6.843360e-01 2.204000e-03 3.134600e-01
367 6.839840e-01 2.188000e-03 3.138280e-01
368 6.835880e-01 2.156000e-03 3.142560e-01
369 6.831640e-01 2.192000e-03 3.146440e-01
370 6.827400e-01 2.204000e-03 3.150560e-01
371 6.822920e-01 2.232000e-03 3.154760e-01
372 6.819280e-01 2.256000e-03 3.158160e-01
373 6.815160e-01 2.248000e-03 3.162360e-01
374 6.811480e-01 2.240000e-03 3.166120e-01
375 6.808160e-01 2.136000e-03 3.170480e-01
376 6.805360e-01 2.060000e-03 3.174040e-01
377 6.802120e-01 2.032000e-03 3.177560e-01
378 6.798720e-01 2.028000e-03 3.181000e-01
379 6.795120e-01 2.100000e-03 3.183880e-01
380 6.792360e-01 2.000000e-03 3.187640e-01
381 6.789040e-01 1.968000e-03 3.191280e-01
382 6.786160e-01 1.920000e-03 3.194640e-01
383 6.783160e-01 1.904000e-03 3.197800e-01
384 6.780200e-01 1.880000e-03 3.201000e-01
385 6.777320e-01 1.876000e-03 3.203920e-01
386 6.774560e-01 1.812000e-03 3.207320e-01
387 6.771200e-01 1.836000e-03 3.210440e-01
388 6.768200e-01 1.860000e-03 3.213200e-01
389 6.764760e-01 1.956000e-03 3.215680e-01
390 6.762440e-01 1.856000e-03 3.219000e-01
391 6.759760e-01 1.776000e-03 3.222480e-01
392 6.757280e-01 1.704000e-03 3.225680e-01
393 6.755040e-01 1.672000e-03 3.228240e-01
394 6.752320e-01 1.620000e-03 3.231480e-01
395 6.750000e-01 1.596000e-03 3.234040e-01
396 6.747000e-01 1.604000e-03 3.236960e-01
397 6.743640e-01 1.732000e-03 3.239040e-01
398 6.740040e-01 1.708000e-03 3.242880e-01
399 6.736840e-01 1.772000e-03 3.245440e-01
400 6.733520e-01 1.808000e-03 3.248400e-01
401 6.729600e-01 1.860000e-03 3.251800e-01
402 6.726240e-01 1.840000e-03 3.255360e-01
403 6.723360e-01 1.840000e-03 3.258240e-01
404 6.720560e-01 1.844000e-03 3.261000e-01
405 6.717640e-01 1.860000e-03 3.263760e-01
406 6.714720e-01 1.812000e-03 3.267160e-01
407 6.710840e-01 1.844000e-03 3.270720e-01
408 6.707160e-01 1.864000e-03 3.274200e-01
409 6.704080e-01 1.844000e-03 3.277480e-01
410 6.701080e-01 1.772000e-03 3.281200e-01
411 6.697960e-01 1.760000e-03 3.284440e-01
412 6.695560e-01 1.700000e-03 3.287440e-01
413 6.693760e-01 1.564000e-03 3.290600e-01
414 6.691880e-01 1.512000e-03 3.293000e-01
415 6.689080e-01 1.496000e-03 3.295960e-01
416 6.686400e-01 1.448000e-03 3.299120e-01
417 6.683880e-01 1.484000e-03 3.301280e-01
418 6.681360e-01 1.504000e-03 3.303600e-01
419 6.679360e-01 1.444000e-03 3.306200e-01
420 6.677000e-01 1.428000e-03 3.308720e-01
421 6.675040e-01 1.408000e-03 3.310880e-01
422 6.672680e-01 1.396000e-03 3.313360e-01
423 6.669200e-01 1.500000e-03 3.315800e-01
424 6.667240e-01 1.360000e-03 3.319160e-01
425 6.664880e-01 1.312000e-03 3.322000e-01
426 6.662680e-01 1.296000e-03 3.324360e-01
427 6.660200e-01 1.344000e-03 3.326360e-01
428 6.658160e-01 1.316000e-03 3.328680e-01
429 6.655640e-01 1.348000e-03 3.330880e-01
430 6.653120e-01 1.316000e-03 3.333720e-01
431 6.650880e-01 1.356000e-03 3.335560e-01
432 6.648400e-01 1.356000e-03 3.338040e-01
433 6.646520e-01 1.356000e-03 3.339920e-01
434 6.644720e-01 1.300000e-03 3.342280e-01
435 6.642760e-01 1.296000e-03 3.344280e-01
436 6.640920e-01 1.264000e-03 3.346440e-01
437 6.639160e-01 1.192000e-03 3.348920e-01
438 6.637520e-01 1.152000e-03 3.350960e-01
439 6.635760e-01 1.100000e-03 3.353240e-01
440 6.633960e-01 1.056000e-03 3.355480e-01
441 6.632640e-01 9.840000e-04 3.357520e-01
442 6.630800e-01 9.880000e-04 3.359320e-01
443 6.629360e-01 9.640000e-04 3.361000e-01
444 6.628080e-01 8.960000e-04 3.362960e-01
445 6.626240e-01 9.040000e-04 3.364720e-01
446 6.624680e-01 8.920000e-04 3.366400e-01
447 6.623280e-01 8.880000e-04 3.367840e-01
448 6.621320e-01 9.040000e-04 3.369640e-01
449 6.619720e-01 9.240000e-04 3.371040e-01
450 6.618160e-01 9.000000e-04 3.372840e-01
451 6.615800e-01 1.008000e-03 3.374120e-01
452 6.614000e-01 1.032000e-03 3.375680e-01
453 6.612080e-01 1.012000e-03 3.377800e-01
454 6.610280e-01 1.008000e-03 3.379640e-01
455 6.608800e-01 9.520000e-04 3.381680e-01
456 6.607480e-01 9.040000e-04 3.383480e-01
457 6.605880e-01 9.240000e-04 3.384880e-01
458 6.604360e-01 8.960000e-04 3.386680e-01
459 6.602840e-01 8.880000e-04 3.388280e-01
460 6.601480e-01 8.760000e-04 3.389760e-01
461 6.599560e-01 9.120000e-04 3.391320e-01
462 6.597680e-01 9.640000e-04 3.392680e-01
463 6.595920e-01 9.640000e-04 3.394440e-01
464 6.593840e-01 9.960000e-04 3.396200e-01
465 6.592600e-01 9.480000e-04 3.397920e-01
466 6.590600e-01 9.840000e-04 3.399560e-01
467 6.588720e-01 1.008000e-03 3.401200e-01
468 6.586640e-01 9.920000e-04 3.403440e-01
469 6.585400e-01 9.760000e-04 3.404840e-01
470 6.583520e-01 9.960000e-04 3.406520e-01
471 6.582040e-01 9.880000e-04 3.408080e-01
472 6.580680e-01 9.400000e-04 3.409920e-01
473 6.579240e-01 9.400000e-04 3.411360e-01
474 6.577320e-01 9.600000e-04 3.413080e-01
475 6.575400e-01 9.400000e-04 3.415200e-01
476 6.573680e-01 9.520000e-04 3.416800e-01
477 6.571880e-01 9.480000e-04 3.418640e-01
478 6.569520e-01 1.060000e-03 3.419880e-01
479 6.567480e-01 1.044000e-03 3.422080e-01
480 6.565520e-01 1.064000e-03 3.423840e-01
481 6.563320e-01 1.104000e-03 3.425640e-01
482 6.560800e-01 1.156000e-03 3.427640e-01
483 6.558680e-01 1.148000e-03 3.429840e-01
484 6.556680e-01 1.156000e-03 3.431760e-01
485 6.553960e-01 1.192000e-03 3.434120e-01
486 6.551480e-01 1.240000e-03 3.436120e-01
487 6.548800e-01 1.276000e-03 3.438440e-01
488 6.546440e-01 1.224000e-03 3.441320e-01
489 6.544000e-01 1.220000e-03 3.443800e-01
490 6.541080e-01 1.320000e-03 3.445720e-01
491 6.538640e-01 1.348000e-03 3.447880e-01
492 6.535880e-01 1.368000e-03 3.450440e-01
493 6.532920e-01 1.428000e-03 3.452800e-01
494 6.530200e-01 1.456000e-03 3.455240e-01
495 6.526840e-01 1.516000e-03 3.458000e-01
496 6.524560e-01 1.420000e-03 3.461240e-01
497 6.522360e-01 1.364000e-03 3.464000e-01
498 6.520480e-01 1.328000e-03 3.466240e-01
499 6.518360e-01 1.236000e-03 3.469280e-01
500 6.516280e-01 1.252000e-03 3.471200e-01
