1 9.992000e-01 6.920000e-04 1.080000e-04
2 9.987120e-01 1.024000e-03 2.640000e-04
3 9.981800e-01 1.356000e-03 4.640000e-04
4 9.975640e-01 1.724000e-03 7.120000e-04
5 9.968240e-01 2.160000e-03 1.016000e-03
6 9.959840e-01 2.568000e-03 1.448000e-03
7 9.949960e-01 2.988000e-03 2.016000e-03
8 9.940320e-01 3.380000e-03 2.588000e-03
9 9.930400e-01 3.740000e-03 3.220000e-03
10 9.919720e-01 4.204000e-03 3.824000e-03
11 9.908560e-01 4.576000e-03 4.568000e-03
12 9.898400e-01 4.744000e-03 5.416000e-03
13 9.885680e-01 5.096000e-03 6.336000e-03
14 9.873840e-01 5.248000e-03 7.368000e-03
15 9.862440e-01 5.440000e-03 8.316000e-03
16 9.851280e-01 5.652000e-03 9.220000e-03
17 9.838560e-01 5.884000e-03 1.026000e-02
18 9.826160e-01 6.144000e-03 1.124000e-02
19 9.813680e-01 6.132000e-03 1.250000e-02
20 9.801120e-01 6.284000e-03 1.360400e-02
21 9.788360e-01 6.432000e-03 1.473200e-02
22 9.775640e-01 6.500000e-03 1.593600e-02
23 9.762880e-01 6.632000e-03 1.708000e-02
24 9.749840e-01 6.812000e-03 1.820400e-02
25 9.737840e-01 6.856000e-03 1.936000e-02
26 9.724520e-01 6.972000e-03 2.057600e-02
27 9.711520e-01 7.060000e-03 2.178800e-02
28 9.698400e-01 7.120000e-03 2.304000e-02
29 9.684400e-01 7.320000e-03 2.424000e-02
30 9.669960e-01 7.504000e-03 2.550000e-02
31 9.653560e-01 7.848000e-03 2.679600e-02
32 9.639640e-01 7.756000e-03 2.828000e-02
33 9.624960e-01 7.908000e-03 2.959600e-02
34 9.609080e-01 8.092000e-03 3.100000e-02
35 9.595880e-01 7.952000e-03 3.246000e-02
36 9.579840e-01 8.116000e-03 3.390000e-02
37 9.564480e-01 8.172000e-03 3.538000e-02
38 9.548920e-01 8.144000e-03 3.696400e-02
39 9.533560e-01 8.284000e-03 3.836000e-02
40 9.518200e-01 8.412000e-03 3.976800e-02
41 9.503760e-01 8.420000e-03 4.120400e-02
42 9.487320e-01 8.456000e-03 4.281200e-02
43 9.470160e-01 8.576000e-03 4.440800e-02
44 9.455600e-01 8.552000e-03 4.588800e-02
45 9.440080e-01 8.572000e-03 4.742000e-02
46 9.425800e-01 8.428000e-03 4.899200e-02
47 9.410240e-01 8.496000e-03 5.048000e-02
48 9.394560e-01 8.520000e-03 5.202400e-02
49 9.378120e-01 8.596000e-03 5.359200e-02
50 9.363720e-01 8.436000e-03 5.519200e-02
51 9.350600e-01 8.376000e-03 5.656400e-02
52 9.335520e-01 8.372000e-03 5.807600e-02
53 9.320400e-01 8.436000e-03 5.952400e-02
54 9.304720e-01 8.452000e-03 6.107600e-02
55 9.290240e-01 8.392000e-03 6.258400e-02
56 9.275600e-01 8.352000e-03 6.408800e-02
57 9.261240e-01 8.492000e-03 6.538400e-02
58 9.247080e-01 8.396000e-03 6.689600e-02
59 9.232280e-01 8.396000e-03 6.837600e-02
60 9.218720e-01 8.268000e-03 6.986000e-02
61 9.204800e-01 8.104000e-03 7.141600e-02
62 9.191520e-01 7.972000e-03 7.287600e-02
63 9.177680e-01 7.900000e-03 7.433200e-02
64 9.165080e-01 7.760000e-03 7.573200e-02
65 9.150840e-01 7.772000e-03 7.714400e-02
66 9.137880e-01 7.712000e-03 7.850000e-02
67 9.124440e-01 7.740000e-03 7.981600e-02
68 9.111320e-01 7.744000e-03 8.112400e-02
69 9.097000e-01 7.868000e-03 8.243200e-02
70 9.084760e-01 7.744000e-03 8.378000e-02
71 9.072280e-01 7.616000e-03 8.515600e-02
72 9.058360e-01 7.676000e-03 8.648800e-02
73 9.043240e-01 7.892000e-03 8.778400e-02
74 9.030480e-01 7.744000e-03 8.920800e-02
75 9.017520e-01 7.652000e-03 9.059600e-02
76 9.005720e-01 7.436000e-03 9.199200e-02
77 8.992360e-01 7.520000e-03 9.324400e-02
78 8.979800e-01 7.436000e-03 9.458400e-02
79 8.968360e-01 7.292000e-03 9.587200e-02
80 8.956360e-01 7.304000e-03 9.706000e-02
81 8.943200e-01 7.380000e-03 9.830000e-02
82 8.931120e-01 7.264000e-03 9.962400e-02
83 8.919680e-01 7.216000e-03 1.008160e-01
84 8.907840e-01 7.128000e-03 1.020880e-01
85 8.894560e-01 7.340000e-03 1.032040e-01
86 8.882200e-01 7.316000e-03 1.044640e-01
87 8.869440e-01 7.276000e-03 1.057800e-01
88 8.856240e-01 7.376000e-03 1.070000e-01
89 8.844320e-01 7.372000e-03 1.081960e-01
90 8.831280e-01 7.376000e-03 1.094960e-01
91 8.817480e-01 7.444000e-03 1.108080e-01
92 8.803040e-01 7.452000e-03 1.122440e-01
93 8.790360e-01 7.344000e-03 1.136200e-01
94 8.777520e-01 7.484000e-03 1.147640e-01
95 8.764680e-01 7.488000e-03 1.160440e-01
96 8.752720e-01 7.372000e-03 1.173560e-01
97 8.740960e-01 7.368000e-03 1.185360e-01
98 8.728120e-01 7.356000e-03 1.198320e-01
99 8.714800e-01 7.384000e-03 1.211360e-01
100 8.703040e-01 7.280000e-03 1.224160e-01
101 8.691520e-01 7.200000e-03 1.236480e-01
102 8.679680e-01 7.136000e-03 1.248960e-01
103 8.668360e-01 7.096000e-03 1.260680e-01
104 8.657040e-01 6.852000e-03 1.274440e-01
105 8.644960e-01 6.948000e-03 1.285560e-01
106 8.632920e-01 6.964000e-03 1.297440e-01
107 8.622440e-01 6.876000e-03 1.308800e-01
108 8.610760e-01 6.872000e-03 1.320520e-01
109 8.599680e-01 6.728000e-03 1.333040e-01
110 8.588480e-01 6.668000e-03 1.344840e-01
111 8.577160e-01 6.556000e-03 1.357280e-01
112 8.564320e-01 6.660000e-03 1.369080e-01
113 8.553480e-01 6.596000e-03 1.380560e-01
114 8.541360e-01 6.656000e-03 1.392080e-01
115 8.529480e-01 6.656000e-03 1.403960e-01
116 8.518080e-01 6.560000e-03 1.416320e-01
117 8.506040e-01 6.628000e-03 1.427680e-01
118 8.494760e-01 6.568000e-03 1.439560e-01
119 8.484000e-01 6.476000e-03 1.451240e-01
120 8.471280e-01 6.608000e-03 1.462640e-01
121 8.459320e-01 6.700000e-03 1.473680e-01
122 8.448320e-01 6.616000e-03 1.485520e-01
123 8.436720e-01 6.636000e-03 1.496920e-01
124 8.426680e-01 6.476000e-03 1.508560e-01
125 8.414920e-01 6.564000e-03 1.519440e-01
126 8.404200e-01 6.548000e-03 1.530320e-01
127 8.393200e-01 6.496000e-03 1.541840e-01
128 8.382760e-01 6.444000e-03 1.552800e-01
129 8.371800e-01 6.344000e-03 1.564760e-01
130 8.360600e-01 6.220000e-03 1.577200e-01
131 8.350200e-01 6.104000e-03 1.588760e-01
132 8.339760e-01 6.144000e-03 1.598800e-01
133 8.329720e-01 5.976000e-03 1.610520e-01
134 8.319120e-01 6.144000e-03 1.619440e-01
135 8.309240e-01 6.208000e-03 1.628680e-01
136 8.298640e-01 6.208000e-03 1.639280e-01
137 8.288240e-01 6.172000e-03 1.650040e-01
138 8.278200e-01 6.216000e-03 1.659640e-01
139 8.266480e-01 6.316000e-03 1.670360e-01
140 8.257360e-01 6.140000e-03 1.681240e-01
141 8.247240e-01 6.072000e-03 1.692040e-01
142 8.238160e-01 5.944000e-03 1.702400e-01
143 8.227920e-01 5.924000e-03 1.712840e-01
144 8.217160e-01 5.924000e-03 1.723600e-01
145 8.206240e-01 6.072000e-03 1.733040e-01
146 8.196040e-01 6.000000e-03 1.743960e-01
147 8.185720e-01 6.084000e-03 1.753440e-01
148 8.173680e-01 6.096000e-03 1.765360e-01
149 8.164040e-01 5.912000e-03 1.776840e-01
150 8.153440e-01 5.900000e-03 1.787560e-01
151 8.143520e-01 5.756000e-03 1.798920e-01
152 8.132440e-01 5.836000e-03 1.809200e-01
153 8.121760e-01 5.944000e-03 1.818800e-01
154 8.111520e-01 5.828000e-03 1.830200e-01
155 8.102040e-01 5.756000e-03 1.840400e-01
156 8.092240e-01 5.740000e-03 1.850360e-01
157 8.082680e-01 5.668000e-03 1.860640e-01
158 8.073560e-01 5.584000e-03 1.870600e-01
159 8.064800e-01 5.452000e-03 1.880680e-01
160 8.056000e-01 5.268000e-03 1.891320e-01
161 8.046440e-01 5.364000e-03 1.899920e-01
162 8.036720e-01 5.444000e-03 1.908840e-01
163 8.028120e-01 5.352000e-03 1.918360e-01
164 8.019120e-01 5.392000e-03 1.926960e-01
165 8.008840e-01 5.440000e-03 1.936760e-01
166 7.999600e-01 5.320000e-03 1.947200e-01
167 7.990400e-01 5.412000e-03 1.955480e-01
168 7.981480e-01 5.388000e-03 1.964640e-01
169 7.972720e-01 5.288000e-03 1.974400e-01
170 7.964320e-01 5.116000e-03 1.984520e-01
171 7.955840e-01 5.040000e-03 1.993760e-01
172 7.946800e-01 5.040000e-03 2.002800e-01
173 7.938720e-01 4.956000e-03 2.011720e-01
174 7.930440e-01 4.948000e-03 2.020080e-01
175 7.921720e-01 4.808000e-03 2.030200e-01
176 7.912800e-01 4.864000e-03 2.038560e-01
177 7.905000e-01 4.900000e-03 2.046000e-01
178 7.896920e-01 4.912000e-03 2.053960e-01
179 7.888920e-01 4.820000e-03 2.062880e-01
180 7.879760e-01 4.988000e-03 2.070360e-01
181 7.871200e-01 4.904000e-03 2.079760e-01
182 7.862640e-01 4.944000e-03 2.087920e-01
183 7.853960e-01 4.920000e-03 2.096840e-01
184 7.845080e-01 5.004000e-03 2.104880e-01
185 7.836040e-01 5.084000e-03 2.113120e-01
186 7.826880e-01 5.116000e-03 2.121960e-01
187 7.817840e-01 5.032000e-03 2.131840e-01
188 7.809280e-01 4.956000e-03 2.141160e-01
189 7.799760e-01 5.088000e-03 2.149360e-01
190 7.791560e-01 5.048000e-03 2.157960e-01
191 7.781680e-01 5.160000e-03 2.166720e-01
192 7.771680e-01 5.280000e-03 2.175520e-01
193 7.763240e-01 5.264000e-03 2.184120e-01
194 7.754720e-01 5.184000e-03 2.193440e-01
195 7.746000e-01 5.120000e-03 2.202800e-01
196 7.738640e-01 4.944000e-03 2.211920e-01
197 7.730600e-01 4.824000e-03 2.221160e-01
198 7.721440e-01 4.984000e-03 2.228720e-01
199 7.711520e-01 5.100000e-03 2.237480e-01
200 7.701800e-01 5.212000e-03 2.246080e-01
201 7.693000e-01 5.204000e-03 2.254960e-01
202 7.684520e-01 5.104000e-03 2.264440e-01
203 7.675400e-01 5.108000e-03 2.273520e-01
204 7.666560e-01 5.152000e-03 2.281920e-01
205 7.659080e-01 5.024000e-03 2.290680e-01
206 7.649560e-01 5.080000e-03 2.299640e-01
207 7.641640e-01 5.040000e-03 2.307960e-01
208 7.633360e-01 4.996000e-03 2.316680e-01
209 7.624360e-01 5.092000e-03 2.324720e-01
210 7.615600e-01 5.016000e-03 2.334240e-01
211 7.607400e-01 5.040000e-03 2.342200e-01
212 7.599080e-01 4.960000e-03 2.351320e-01
213 7.590000e-01 5.056000e-03 2.359440e-01
214 7.581080e-01 5.176000e-03 2.367160e-01
215 7.571680e-01 5.296000e-03 2.375360e-01
216 7.563560e-01 5.100000e-03 2.385440e-01
217 7.556200e-01 4.936000e-03 2.394440e-01
218 7.549280e-01 4.700000e-03 2.403720e-01
219 7.543160e-01 4.532000e-03 2.411520e-01
220 7.537040e-01 4.348000e-03 2.419480e-01
221 7.529200e-01 4.276000e-03 2.428040e-01
222 7.523080e-01 4.144000e-03 2.435480e-01
223 7.516520e-01 3.996000e-03 2.443520e-01
224 7.510320e-01 3.944000e-03 2.450240e-01
225 7.502760e-01 3.992000e-03 2.457320e-01
226 7.496560e-01 3.936000e-03 2.464080e-01
227 7.489600e-01 3.924000e-03 2.471160e-01
228 7.482120e-01 3.940000e-03 2.478480e-01
229 7.475120e-01 3.944000e-03 2.485440e-01
230 7.467600e-01 4.008000e-03 2.492320e-01
231 7.459200e-01 4.148000e-03 2.499320e-01
232 7.451840e-01 4.144000e-03 2.506720e-01
233 7.445560e-01 4.112000e-03 2.513320e-01
234 7.438840e-01 4.096000e-03 2.520200e-01
235 7.430440e-01 4.172000e-03 2.527840e-01
236 7.422480e-01 4.188000e-03 2.535640e-01
237 7.415600e-01 4.188000e-03 2.542520e-01
238 7.408960e-01 4.168000e-03 2.549360e-01
239 7.402320e-01 4.188000e-03 2.555800e-01
240 7.395080e-01 4.132000e-03 2.563600e-01
241 7.388320e-01 4.052000e-03 2.571160e-01
242 7.380680e-01 4.156000e-03 2.577760e-01
243 7.373160e-01 4.184000e-03 2.585000e-01
244 7.365800e-01 4.104000e-03 2.593160e-01
245 7.359520e-01 4.016000e-03 2.600320e-01
246 7.353120e-01 3.956000e-03 2.607320e-01
247 7.345400e-01 3.976000e-03 2.614840e-01
248 7.337120e-01 4.120000e-03 2.621680e-01
249 7.329920e-01 4.100000e-03 2.629080e-01
250 7.322360e-01 4.124000e-03 2.636400e-01
251 7.316520e-01 4.000000e-03 2.643480e-01
252 7.310960e-01 3.864000e-03 2.650400e-01
253 7.305280e-01 3.836000e-03 2.656360e-01
254 7.300240e-01 3.700000e-03 2.662760e-01
255 7.294800e-01 3.584000e-03 2.669360e-01
256 7.289560e-01 3.496000e-03 2.675480e-01
257 7.283680e-01 3.472000e-03 2.681600e-01
258 7.278680e-01 3.376000e-03 2.687560e-01
259 7.273760e-01 3.284000e-03 2.693400e-01
260 7.268440e-01 3.204000e-03 2.699520e-01
261 7.263880e-01 3.148000e-03 2.704640e-01
262 7.258760e-01 3.116000e-03 2.710080e-01
263 7.253520e-01 3.072000e-03 2.715760e-01
264 7.248080e-01 3.004000e-03 2.721880e-01
265 7.242240e-01 3.012000e-03 2.727640e-01
266 7.237120e-01 2.872000e-03 2.734160e-01
267 7.232800e-01 2.776000e-03 2.739440e-01
268 7.228240e-01 2.712000e-03 2.744640e-01
269 7.223920e-01 2.688000e-03 2.749200e-01
270 7.219160e-01 2.696000e-03 2.753880e-01
271 7.214640e-01 2.796000e-03 2.757400e-01
272 7.210120e-01 2.764000e-03 2.762240e-01
273 7.205320e-01 2.736000e-03 2.767320e-01
274 7.199800e-01 2.780000e-03 2.772400e-01
275 7.194640e-01 2.828000e-03 2.777080e-01
276 7.190360e-01 2.732000e-03 2.782320e-01
277 7.185200e-01 2.836000e-03 2.786440e-01
278 7.179760e-01 2.860000e-03 2.791640e-01
279 7.175800e-01 2.740000e-03 2.796800e-01
280 7.171760e-01 2.648000e-03 2.801760e-01
281 7.167720e-01 2.620000e-03 2.806080e-01
282 7.164080e-01 2.492000e-03 2.811000e-01
283 7.160160e-01 2.408000e-03 2.815760e-01
284 7.156120e-01 2.424000e-03 2.819640e-01
285 7.152200e-01 2.400000e-03 2.823800e-01
286 7.148280e-01 2.348000e-03 2.828240e-01
287 7.144320e-01 2.344000e-03 2.832240e-01
288 7.139920e-01 2.340000e-03 2.836680e-01
289 7.135240e-01 2.392000e-03 2.840840e-01
290 7.130600e-01 2.392000e-03 2.845480e-01
291 7.126960e-01 2.368000e-03 2.849360e-01
292 7.122400e-01 2.396000e-03 2.853640e-01
293 7.117640e-01 2.396000e-03 2.858400e-01
294 7.113360e-01 2.392000e-03 2.862720e-01
295 7.108880e-01 2.428000e-03 2.866840e-01
296 7.104160e-01 2.452000e-03 2.871320e-01
297 7.099320e-01 2.516000e-03 2.875520e-01
298 7.094000e-01 2.644000e-03 2.879560e-01
299 7.089040e-01 2.652000e-03 2.884440e-01
300 7.084560e-01 2.632000e-03 2.889120e-01
301 7.079120e-01 2.700000e-03 2.893880e-01
302 7.074560e-01 2.592000e-03 2.899520e-01
303 7.070040e-01 2.588000e-03 2.904080e-01
304 7.066000e-01 2.612000e-03 2.907880e-01
305 7.061840e-01 2.600000e-03 2.912160e-01
306 7.056640e-01 2.592000e-03 2.917440e-01
307 7.051960e-01 2.616000e-03 2.921880e-01
308 7.047160e-01 2.644000e-03 2.926400e-01
309 7.043520e-01 2.560000e-03 2.930880e-01
310 7.039440e-01 2.456000e-03 2.936000e-01
311 7.034840e-01 2.480000e-03 2.940360e-01
312 7.030720e-01 2.444000e-03 2.944840e-01
313 7.026920e-01 2.380000e-03 2.949280e-01
314 7.022600e-01 2.404000e-03 2.953360e-01
315 7.017720e-01 2.544000e-03 2.956840e-01
316 7.012960e-01 2.620000e-03 2.960840e-01
317 7.008320e-01 2.608000e-03 2.965600e-01
318 7.003800e-01 2.548000e-03 2.970720e-01
319 6.999360e-01 2.496000e-03 2.975680e-01
320 6.995760e-01 2.384000e-03 2.980400e-01
321 6.991760e-01 2.308000e-03 2.985160e-01
322 6.987240e-01 2.340000e-03 2.989360e-01
323 6.983360e-01 2.328000e-03 2.993360e-01
324 6.978560e-01 2.412000e-03 2.997320e-01
325 6.974600e-01 2.344000e-03 3.001960e-01
326 6.970200e-01 2.388000e-03 3.005920e-01
327 6.966360e-01 2.348000e-03 3.010160e-01
328 6.962120e-01 2.372000e-03 3.014160e-01
329 6.958400e-01 2.276000e-03 3.018840e-01
330 6.954080e-01 2.260000e-03 3.023320e-01
331 6.950360e-01 2.224000e-03 3.027400e-01
332 6.947040e-01 2.168000e-03 3.031280e-01
333 6.943560e-01 2.136000e-03 3.035080e-01
334 6.939720e-01 2.232000e-03 3.037960e-01
335 6.935800e-01 2.208000e-03 3.042120e-01
336 6.932360e-01 2.124000e-03 3.046400e-01
337 6.929760e-01 1.976000e-03 3.050480e-01
338 6.926320e-01 1.972000e-03 3.053960e-01
339 6.922200e-01 2.040000e-03 3.057400e-01
340 6.918800e-01 2.044000e-03 3.060760e-01
341 6.915840e-01 1.976000e-03 3.064400e-01
342 6.913600e-01 1.824000e-03 3.068160e-01
343 6.910080e-01 1.864000e-03 3.071280e-01
344 6.907800e-01 1.712000e-03 3.075080e-01
345 6.905280e-01 1.660000e-03 3.078120e-01
346 6.903000e-01 1.604000e-03 3.080960e-01
347 6.900640e-01 1.536000e-03 3.084000e-01
348 6.898520e-01 1.532000e-03 3.086160e-01
349 6.896280e-01 1.520000e-03 3.088520e-01
350 6.894160e-01 1.476000e-03 3.091080e-01
351 6.891800e-01 1.524000e-03 3.092960e-01
352 6.889040e-01 1.576000e-03 3.095200e-01
353 6.886480e-01 1.560000e-03 3.097920e-01
354 6.884320e-01 1.396000e-03 3.101720e-01
355 6.882640e-01 1.360000e-03 3.103760e-01
356 6.880760e-01 1.272000e-03 3.106520e-01
357 6.878240e-01 1.292000e-03 3.108840e-01
358 6.875960e-01 1.280000e-03 3.111240e-01
359 6.873920e-01 1.280000e-03 3.113280e-01
360 6.871880e-01 1.256000e-03 3.115560e-01
361 6.870000e-01 1.240000e-03 3.117600e-01
362 6.867760e-01 1.232000e-03 3.119920e-01
363 6.865560e-01 1.264000e-03 3.121800e-01
364 6.863440e-01 1.284000e-03 3.123720e-01
365 6.861160e-01 1.268000e-03 3.126160e-01
366 6.858400e-01 1.340000e-03 3.128200e-01
367 6.856400e-01 1.304000e-03 3.130560e-01
368 6.854680e-01 1.200000e-03 3.133320e-01
369 6.853120e-01 1.164000e-03 3.135240e-01
370 6.851280e-01 1.132000e-03 3.137400e-01
371 6.848760e-01 1.188000e-03 3.139360e-01
372 6.847160e-01 1.112000e-03 3.141720e-01
373 6.845680e-01 1.032000e-03 3.144000e-01
374 6.844280e-01 9.840000e-04 3.145880e-01
375 6.842440e-01 1.024000e-03 3.147320e-01
376 6.840760e-01 9.880000e-04 3.149360e-01
377 6.839120e-01 9.360000e-04 3.151520e-01
378 6.837360e-01 9.480000e-04 3.153160e-01
379 6.835080e-01 9.920000e-04 3.155000e-01
380 6.833640e-01 9.600000e-04 3.156760e-01
381 6.831880e-01 9.800000e-04 3.158320e-01
382 6.829800e-01 9.800000e-04 3.160400e-01
383 6.827920e-01 1.016000e-03 3.161920e-01
384 6.826040e-01 1.036000e-03 3.163600e-01
385 6.824000e-01 1.012000e-03 3.165880e-01
386 6.822160e-01 1.032000e-03 3.167520e-01
387 6.819960e-01 1.076000e-03 3.169280e-01
388 6.817960e-01 1.048000e-03 3.171560e-01
389 6.816360e-01 1.016000e-03 3.173480e-01
390 6.814640e-01 1.008000e-03 3.175280e-01
391 6.812440e-01 1.092000e-03 3.176640e-01
392 6.810480e-01 1.076000e-03 3.178760e-01
393 6.808320e-01 1.136000e-03 3.180320e-01
394 6.806240e-01 1.156000e-03 3.182200e-01
395 6.804760e-01 1.128000e-03 3.183960e-01
396 6.803400e-01 1.108000e-03 3.185520e-01
397 6.801960e-01 1.076000e-03 3.187280e-01
398 6.800400e-01 1.056000e-03 3.189040e-01
399 6.799040e-01 1.012000e-03 3.190840e-01
400 6.798040e-01 9.240000e-04 3.192720e-01
401 6.796920e-01 9.120000e-04 3.193960e-01
402 6.795880e-01 8.320000e-04 3.195800e-01
403 6.794920e-01 7.600000e-04 3.197480e-01
404 6.793480e-01 7.600000e-04 3.198920e-01
405 6.792440e-01 7.440000e-04 3.200120e-01
406 6.791160e-01 7.760000e-04 3.201080e-01
407 6.790080e-01 7.560000e-04 3.202360e-01
408 6.788760e-01 7.760000e-04 3.203480e-01
409 6.788040e-01 7.160000e-04 3.204800e-01
410 6.787360e-01 6.520000e-04 3.206120e-01
411 6.786440e-01 6.560000e-04 3.207000e-01
412 6.785640e-01 6.120000e-04 3.208240e-01
413 6.784800e-01 6.040000e-04 3.209160e-01
414 6.783960e-01 5.560000e-04 3.210480e-01
415 6.782960e-01 5.760000e-04 3.211280e-01
416 6.782240e-01 5.360000e-04 3.212400e-01
417 6.781240e-01 5.240000e-04 3.213520e-01
418 6.780120e-01 5.440000e-04 3.214440e-01
419 6.779320e-01 5.200000e-04 3.215480e-01
420 6.778760e-01 4.720000e-04 3.216520e-01
421 6.777880e-01 4.880000e-04 3.217240e-01
422 6.777240e-01 4.320000e-04 3.218440e-01
423 6.776840e-01 4.040000e-04 3.219120e-01
424 6.776280e-01 3.840000e-04 3.219880e-01
425 6.775600e-01 3.920000e-04 3.220480e-01
426 6.775040e-01 3.920000e-04 3.221040e-01
427 6.774720e-01 3.720000e-04 3.221560e-01
428 6.774200e-01 3.640000e-04 3.222160e-01
429 6.773720e-01 3.520000e-04 3.222760e-01
430 6.773440e-01 2.920000e-04 3.223640e-01
431 6.772960e-01 2.920000e-04 3.224120e-01
432 6.772200e-01 3.080000e-04 3.224720e-01
433 6.771360e-01 3.440000e-04 3.225200e-01
434 6.770640e-01 3.560000e-04 3.225800e-01
435 6.770280e-01 3.120000e-04 3.226600e-01
436 6.769720e-01 3.120000e-04 3.227160e-01
437 6.768480e-01 3.920000e-04 3.227600e-01
438 6.767640e-01 4.480000e-04 3.227880e-01
439 6.766800e-01 4.400000e-04 3.228800e-01
440 6.766160e-01 4.200000e-04 3.229640e-01
441 6.765440e-01 4.400000e-04 3.230160e-01
442 6.764920e-01 4.120000e-04 3.230960e-01
443 6.764080e-01 4.120000e-04 3.231800e-01
444 6.763480e-01 3.720000e-04 3.232800e-01
445 6.763040e-01 3.480000e-04 3.233480e-01
446 6.761960e-01 3.840000e-04 3.234200e-01
447 6.761160e-01 4.120000e-04 3.234720e-01
448 6.760240e-01 4.080000e-04 3.235680e-01
449 6.759520e-01 3.920000e-04 3.236560e-01
450 6.758600e-01 4.000000e-04 3.237400e-01
451 6.757920e-01 3.960000e-04 3.238120e-01
452 6.757200e-01 3.960000e-04 3.238840e-01
453 6.756520e-01 3.720000e-04 3.239760e-01
454 6.755840e-01 3.840000e-04 3.240320e-01
455 6.755240e-01 3.880000e-04 3.240880e-01
456 6.754440e-01 4.120000e-04 3.241440e-01
457 6.753560e-01 4.400000e-04 3.242040e-01
458 6.752920e-01 4.360000e-04 3.242720e-01
459 6.752080e-01 4.520000e-04 3.243400e-01
460 6.751440e-01 4.240000e-04 3.244320e-01
461 6.750520e-01 4.440000e-04 3.245040e-01
462 6.749840e-01 4.040000e-04 3.246120e-01
463 6.749160e-01 4.040000e-04 3.246800e-01
464 6.748280e-01 4.320000e-04 3.247400e-01
465 6.747480e-01 4.360000e-04 3.248160e-01
466 6.747080e-01 3.800000e-04 3.249120e-01
467 6.746520e-01 3.280000e-04 3.250200e-01
468 6.746040e-01 3.080000e-04 3.250880e-01
469 6.745480e-01 3.240000e-04 3.251280e-01
470 6.744680e-01 3.640000e-04 3.251680e-01
471 6.744240e-01 3.360000e-04 3.252400e-01
472 6.743760e-01 3.080000e-04 3.253160e-01
473 6.743360e-01 3.040000e-04 3.253600e-01
474 6.742960e-01 3.000000e-04 3.254040e-01
475 6.742240e-01 3.200000e-04 3.254560e-01
476 6.741720e-01 3.080000e-04 3.255200e-01
477 6.740880e-01 3.320000e-04 3.255800e-01
478 6.740080e-01 3.480000e-04 3.256440e-01
479 6.739200e-01 3.880000e-04 3.256920e-01
480 6.738360e-01 4.200000e-04 3.257440e-01
481 6.737360e-01 4.200000e-04 3.258440e-01
482 6.736400e-01 4.560000e-04 3.259040e-01
483 6.735640e-01 4.440000e-04 3.259920e-01
484 6.734880e-01 4.240000e-04 3.260880e-01
485 6.734120e-01 4.320000e-04 3.261560e-01
486 6.733440e-01 4.000000e-04 3.262560e-01
487 6.732440e-01 4.240000e-04 3.263320e-01
488 6.731760e-01 4.080000e-04 3.264160e-01
489 6.731200e-01 4.000000e-04 3.264800e-01
490 6.730360e-01 4.240000e-04 3.265400e-01
491 6.729840e-01 4.040000e-04 3.266120e-01
492 6.729120e-01 4.040000e-04 3.266840e-01
493 6.728520e-01 4.120000e-04 3.267360e-01
494 6.727720e-01 4.440000e-04 3.267840e-01
495 6.727000e-01 4.520000e-04 3.268480e-01
496 6.726640e-01 4.000000e-04 3.269360e-01
497 6.725680e-01 4.480000e-04 3.269840e-01
498 6.725120e-01 4.200000e-04 3.270680e-01
499 6.724400e-01 4.400000e-04 3.271200e-01
500 6.723840e-01 4.520000e-04 3.271640e-01
