1 9.992480e-01 6.640000e-04 8.800000e-05
2 9.987520e-01 9.960000e-04 2.520000e-04
3 9.980560e-01 1.468000e-03 4.760000e-04
4 9.973720e-01 1.872000e-03 7.560000e-04
5 9.965960e-01 2.344000e-03 1.060000e-03
6 9.956880e-01 2.840000e-03 1.472000e-03
7 9.948960e-01 3.096000e-03 2.008000e-03
8 9.938720e-01 3.444000e-03 2.684000e-03
9 9.928400e-01 3.876000e-03 3.284000e-03
10 9.917280e-01 4.292000e-03 3.980000e-03
11 9.906800e-01 4.528000e-03 4.792000e-03
12 9.895160e-01 4.868000e-03 5.616000e-03
13 9.883880e-01 5.084000e-03 6.528000e-03
14 9.873640e-01 5.312000e-03 7.324000e-03
15 9.863040e-01 5.404000e-03 8.292000e-03
16 9.850960e-01 5.676000e-03 9.228000e-03
17 9.837040e-01 5.932000e-03 1.036400e-02
18 9.824640e-01 6.016000e-03 1.152000e-02
19 9.813360e-01 6.112000e-03 1.255200e-02
20 9.800640e-01 6.396000e-03 1.354000e-02
21 9.787800e-01 6.472000e-03 1.474800e-02
22 9.776040e-01 6.488000e-03 1.590800e-02
23 9.763200e-01 6.620000e-03 1.706000e-02
24 9.750080e-01 6.688000e-03 1.830400e-02
25 9.735560e-01 7.012000e-03 1.943200e-02
26 9.721720e-01 7.180000e-03 2.064800e-02
27 9.707120e-01 7.348000e-03 2.194000e-02
28 9.691720e-01 7.644000e-03 2.318400e-02
29 9.676640e-01 7.600000e-03 2.473600e-02
30 9.660160e-01 7.940000e-03 2.604400e-02
31 9.644400e-01 8.092000e-03 2.746800e-02
32 9.628400e-01 8.400000e-03 2.876000e-02
33 9.610080e-01 8.748000e-03 3.024400e-02
34 9.593560e-01 8.812000e-03 3.183200e-02
35 9.577160e-01 8.996000e-03 3.328800e-02
36 9.560520e-01 9.112000e-03 3.483600e-02
37 9.544760e-01 9.104000e-03 3.642000e-02
38 9.527960e-01 9.088000e-03 3.811600e-02
39 9.509880e-01 9.384000e-03 3.962800e-02
40 9.492920e-01 9.376000e-03 4.133200e-02
41 9.477280e-01 9.284000e-03 4.298800e-02
42 9.462040e-01 9.212000e-03 4.458400e-02
43 9.446000e-01 8.976000e-03 4.642400e-02
44 9.430720e-01 8.864000e-03 4.806400e-02
45 9.415120e-01 8.800000e-03 4.968800e-02
46 9.397880e-01 8.992000e-03 5.122000e-02
47 9.381440e-01 9.188000e-03 5.266800e-02
48 9.364520e-01 9.280000e-03 5.426800e-02
49 9.348800e-01 9.148000e-03 5.597200e-02
50 9.331760e-01 9.188000e-03 5.763600e-02
51 9.315360e-01 9.360000e-03 5.910400e-02
52 9.298440e-01 9.356000e-03 6.080000e-02
53 9.281760e-01 9.352000e-03 6.247200e-02
54 9.264880e-01 9.212000e-03 6.430000e-02
55 9.248720e-01 9.288000e-03 6.584000e-02
56 9.232480e-01 9.248000e-03 6.750400e-02
57 9.216440e-01 9.256000e-03 6.910000e-02
58 9.199480e-01 9.388000e-03 7.066400e-02
59 9.181560e-01 9.348000e-03 7.249600e-02
60 9.165720e-01 9.348000e-03 7.408000e-02
61 9.149280e-01 9.276000e-03 7.579600e-02
62 9.133280e-01 9.228000e-03 7.744400e-02
63 9.115400e-01 9.432000e-03 7.902800e-02
64 9.099080e-01 9.308000e-03 8.078400e-02
65 9.083160e-01 9.280000e-03 8.240400e-02
66 9.066240e-01 9.364000e-03 8.401200e-02
67 9.049720e-01 9.512000e-03 8.551600e-02
68 9.032120e-01 9.656000e-03 8.713200e-02
69 9.014480e-01 9.768000e-03 8.878400e-02
70 8.997240e-01 9.744000e-03 9.053200e-02
71 8.979840e-01 9.776000e-03 9.224000e-02
72 8.962000e-01 9.816000e-03 9.398400e-02
73 8.944400e-01 9.912000e-03 9.564800e-02
74 8.927360e-01 9.816000e-03 9.744800e-02
75 8.909200e-01 1.006000e-02 9.902000e-02
76 8.891440e-01 1.016800e-02 1.006880e-01
77 8.873520e-01 1.018000e-02 1.024680e-01
78 8.855280e-01 1.030000e-02 1.041720e-01
79 8.837720e-01 1.016400e-02 1.060640e-01
80 8.819560e-01 1.014000e-02 1.079040e-01
81 8.802680e-01 1.010000e-02 1.096320e-01
82 8.786600e-01 9.920000e-03 1.114200e-01
83 8.770600e-01 9.944000e-03 1.129960e-01
84 8.754960e-01 9.864000e-03 1.146400e-01
85 8.738520e-01 9.868000e-03 1.162800e-01
86 8.723520e-01 9.748000e-03 1.179000e-01
87 8.707240e-01 9.700000e-03 1.195760e-01
88 8.692800e-01 9.432000e-03 1.212880e-01
89 8.678200e-01 9.252000e-03 1.229280e-01
90 8.663280e-01 9.152000e-03 1.245200e-01
91 8.649320e-01 9.012000e-03 1.260560e-01
92 8.635280e-01 8.828000e-03 1.276440e-01
93 8.620480e-01 8.852000e-03 1.291000e-01
94 8.605280e-01 8.820000e-03 1.306520e-01
95 8.591600e-01 8.512000e-03 1.323280e-01
96 8.578560e-01 8.400000e-03 1.337440e-01
97 8.563960e-01 8.460000e-03 1.351440e-01
98 8.550800e-01 8.308000e-03 1.366120e-01
99 8.537240e-01 8.244000e-03 1.380320e-01
100 8.522360e-01 8.352000e-03 1.394120e-01
101 8.506480e-01 8.428000e-03 1.409240e-01
102 8.491480e-01 8.500000e-03 1.423520e-01
103 8.475880e-01 8.572000e-03 1.438400e-01
104 8.458360e-01 8.888000e-03 1.452760e-01
105 8.440760e-01 9.224000e-03 1.467000e-01
106 8.422560e-01 9.492000e-03 1.482520e-01
107 8.404880e-01 9.732000e-03 1.497800e-01
108 8.387920e-01 9.744000e-03 1.514640e-01
109 8.370360e-01 9.864000e-03 1.531000e-01
110 8.352960e-01 1.000000e-02 1.547040e-01
111 8.335280e-01 9.924000e-03 1.565480e-01
112 8.318560e-01 9.788000e-03 1.583560e-01
113 8.301200e-01 9.788000e-03 1.600920e-01
114 8.283520e-01 9.848000e-03 1.618000e-01
115 8.264840e-01 1.007200e-02 1.634440e-01
116 8.246480e-01 1.018400e-02 1.651680e-01
117 8.227880e-01 1.033600e-02 1.668760e-01
118 8.210040e-01 1.036800e-02 1.686280e-01
119 8.191800e-01 1.031200e-02 1.705080e-01
120 8.174680e-01 1.021200e-02 1.723200e-01
121 8.154840e-01 1.041600e-02 1.741000e-01
122 8.136880e-01 1.039200e-02 1.759200e-01
123 8.118400e-01 1.040800e-02 1.777520e-01
124 8.102440e-01 1.019600e-02 1.795600e-01
125 8.083920e-01 1.017600e-02 1.814320e-01
126 8.067040e-01 1.015600e-02 1.831400e-01
127 8.048720e-01 1.024800e-02 1.848800e-01
128 8.031680e-01 1.020000e-02 1.866320e-01
129 8.015160e-01 1.012400e-02 1.883600e-01
130 7.998600e-01 9.872000e-03 1.902680e-01
131 7.982800e-01 9.732000e-03 1.919880e-01
132 7.967400e-01 9.508000e-03 1.937520e-01
133 7.950920e-01 9.428000e-03 1.954800e-01
134 7.935960e-01 9.360000e-03 1.970440e-01
135 7.921120e-01 9.192000e-03 1.986960e-01
136 7.906040e-01 9.128000e-03 2.002680e-01
137 7.891040e-01 8.968000e-03 2.019280e-01
138 7.875240e-01 9.092000e-03 2.033840e-01
139 7.859360e-01 8.888000e-03 2.051760e-01
140 7.843200e-01 9.048000e-03 2.066320e-01
141 7.826440e-01 9.088000e-03 2.082680e-01
142 7.810040e-01 9.204000e-03 2.097920e-01
143 7.793920e-01 9.352000e-03 2.112560e-01
144 7.778600e-01 9.188000e-03 2.129520e-01
145 7.763160e-01 9.052000e-03 2.146320e-01
146 7.748520e-01 9.040000e-03 2.161080e-01
147 7.733960e-01 8.868000e-03 2.177360e-01
148 7.717960e-01 9.088000e-03 2.191160e-01
149 7.702280e-01 9.040000e-03 2.207320e-01
150 7.686360e-01 9.132000e-03 2.222320e-01
151 7.670720e-01 9.176000e-03 2.237520e-01
152 7.654600e-01 9.164000e-03 2.253760e-01
153 7.639280e-01 9.028000e-03 2.270440e-01
154 7.624000e-01 8.908000e-03 2.286920e-01
155 7.607920e-01 9.028000e-03 2.301800e-01
156 7.593440e-01 8.904000e-03 2.317520e-01
157 7.577240e-01 8.796000e-03 2.334800e-01
158 7.562960e-01 8.664000e-03 2.350400e-01
159 7.549080e-01 8.492000e-03 2.366000e-01
160 7.533200e-01 8.712000e-03 2.379680e-01
161 7.518480e-01 8.712000e-03 2.394400e-01
162 7.503040e-01 8.720000e-03 2.409760e-01
163 7.490480e-01 8.480000e-03 2.424720e-01
164 7.476640e-01 8.472000e-03 2.438640e-01
165 7.462920e-01 8.416000e-03 2.452920e-01
166 7.449800e-01 8.268000e-03 2.467520e-01
167 7.436000e-01 8.204000e-03 2.481960e-01
168 7.423440e-01 7.932000e-03 2.497240e-01
169 7.411040e-01 7.588000e-03 2.513080e-01
170 7.399680e-01 7.448000e-03 2.525840e-01
171 7.387440e-01 7.408000e-03 2.538480e-01
172 7.375120e-01 7.396000e-03 2.550920e-01
173 7.363680e-01 7.204000e-03 2.564280e-01
174 7.350360e-01 7.212000e-03 2.577520e-01
175 7.338120e-01 7.220000e-03 2.589680e-01
176 7.326080e-01 7.164000e-03 2.602280e-01
177 7.313800e-01 7.080000e-03 2.615400e-01
178 7.301240e-01 7.064000e-03 2.628120e-01
179 7.288880e-01 7.004000e-03 2.641080e-01
180 7.277040e-01 6.964000e-03 2.653320e-01
181 7.265120e-01 6.980000e-03 2.665080e-01
182 7.253040e-01 7.076000e-03 2.676200e-01
183 7.240800e-01 7.180000e-03 2.687400e-01
184 7.228720e-01 7.156000e-03 2.699720e-01
185 7.216520e-01 7.104000e-03 2.712440e-01
186 7.204960e-01 7.024000e-03 2.724800e-01
187 7.193160e-01 6.932000e-03 2.737520e-01
188 7.179600e-01 7.216000e-03 2.748240e-01
189 7.167640e-01 7.088000e-03 2.761480e-01
190 7.153880e-01 7.176000e-03 2.774360e-01
191 7.143440e-01 7.044000e-03 2.786120e-01
192 7.130880e-01 7.076000e-03 2.798360e-01
193 7.119240e-01 7.036000e-03 2.810400e-01
194 7.106440e-01 7.040000e-03 2.823160e-01
195 7.095440e-01 6.856000e-03 2.836000e-01
196 7.085880e-01 6.504000e-03 2.849080e-01
197 7.075120e-01 6.476000e-03 2.860120e-01
198 7.064840e-01 6.420000e-03 2.870960e-01
199 7.054200e-01 6.472000e-03 2.881080e-01
200 7.044160e-01 6.352000e-03 2.892320e-01
201 7.034400e-01 6.284000e-03 2.902760e-01
202 7.023240e-01 6.360000e-03 2.913160e-01
203 7.012280e-01 6.308000e-03 2.924640e-01
204 7.001240e-01 6.344000e-03 2.935320e-01
205 6.989560e-01 6.476000e-03 2.945680e-01
206 6.978840e-01 6.448000e-03 2.956680e-01
207 6.968760e-01 6.340000e-03 2.967840e-01
208 6.959400e-01 6.144000e-03 2.979160e-01
209 6.950200e-01 6.008000e-03 2.989720e-01
210 6.940040e-01 6.004000e-03 2.999920e-01
211 6.931760e-01 5.768000e-03 3.010560e-01
212 6.922360e-01 5.672000e-03 3.020920e-01
213 6.913360e-01 5.568000e-03 3.030960e-01
214 6.904640e-01 5.460000e-03 3.040760e-01
215 6.895880e-01 5.392000e-03 3.050200e-01
216 6.886400e-01 5.484000e-03 3.058760e-01
217 6.876920e-01 5.432000e-03 3.068760e-01
218 6.868160e-01 5.316000e-03 3.078680e-01
219 6.858040e-01 5.444000e-03 3.087520e-01
220 6.847360e-01 5.576000e-03 3.096880e-01
221 6.838920e-01 5.368000e-03 3.107400e-01
222 6.829960e-01 5.300000e-03 3.117040e-01
223 6.820080e-01 5.400000e-03 3.125920e-01
224 6.809560e-01 5.420000e-03 3.136240e-01
225 6.799720e-01 5.436000e-03 3.145920e-01
226 6.789680e-01 5.516000e-03 3.155160e-01
227 6.779280e-01 5.648000e-03 3.164240e-01
228 6.769400e-01 5.612000e-03 3.174480e-01
229 6.759280e-01 5.536000e-03 3.185360e-01
230 6.750040e-01 5.568000e-03 3.194280e-01
231 6.739520e-01 5.632000e-03 3.204160e-01
232 6.730200e-01 5.564000e-03 3.214160e-01
233 6.722000e-01 5.340000e-03 3.224600e-01
234 6.713560e-01 5.308000e-03 3.233360e-01
235 6.705600e-01 5.168000e-03 3.242720e-01
236 6.696640e-01 5.208000e-03 3.251280e-01
237 6.689400e-01 5.128000e-03 3.259320e-01
238 6.680160e-01 5.168000e-03 3.268160e-01
239 6.672040e-01 5.092000e-03 3.277040e-01
240 6.663040e-01 5.032000e-03 3.286640e-01
241 6.655000e-01 4.940000e-03 3.295600e-01
242 6.645320e-01 5.092000e-03 3.303760e-01
243 6.635760e-01 5.032000e-03 3.313920e-01
244 6.626400e-01 5.124000e-03 3.322360e-01
245 6.616760e-01 5.156000e-03 3.331680e-01
246 6.608560e-01 5.124000e-03 3.340200e-01
247 6.600440e-01 4.972000e-03 3.349840e-01
248 6.591680e-01 4.980000e-03 3.358520e-01
249 6.582680e-01 5.052000e-03 3.366800e-01
250 6.572800e-01 5.140000e-03 3.375800e-01
251 6.563640e-01 5.148000e-03 3.384880e-01
252 6.554480e-01 5.184000e-03 3.393680e-01
253 6.546520e-01 5.032000e-03 3.403160e-01
254 6.538840e-01 4.844000e-03 3.412720e-01
255 6.530640e-01 4.752000e-03 3.421840e-01
256 6.523480e-01 4.636000e-03 3.430160e-01
257 6.515560e-01 4.620000e-03 3.438240e-01
258 6.507320e-01 4.616000e-03 3.446520e-01
259 6.499200e-01 4.540000e-03 3.455400e-01
260 6.491520e-01 4.564000e-03 3.462840e-01
261 6.483840e-01 4.684000e-03 3.469320e-01
262 6.475840e-01 4.684000e-03 3.477320e-01
263 6.467720e-01 4.644000e-03 3.485840e-01
264 6.458880e-01 4.672000e-03 3.494400e-01
265 6.450640e-01 4.744000e-03 3.501920e-01
266 6.442880e-01 4.764000e-03 3.509480e-01
267 6.433840e-01 4.808000e-03 3.518080e-01
268 6.425960e-01 4.680000e-03 3.527240e-01
269 6.416320e-01 4.840000e-03 3.535280e-01
270 6.406920e-01 4.964000e-03 3.543440e-01
271 6.398880e-01 4.932000e-03 3.551800e-01
272 6.389680e-01 5.000000e-03 3.560320e-01
273 6.380800e-01 5.116000e-03 3.568040e-01
274 6.371160e-01 5.188000e-03 3.576960e-01
275 6.361760e-01 5.112000e-03 3.587120e-01
276 6.353640e-01 5.020000e-03 3.596160e-01
277 6.345120e-01 5.028000e-03 3.604600e-01
278 6.336800e-01 4.924000e-03 3.613960e-01
279 6.327240e-01 4.968000e-03 3.623080e-01
280 6.318400e-01 4.968000e-03 3.631920e-01
281 6.309360e-01 4.960000e-03 3.641040e-01
282 6.299680e-01 5.124000e-03 3.649080e-01
283 6.290800e-01 5.036000e-03 3.658840e-01
284 6.282000e-01 5.036000e-03 3.667640e-01
285 6.273840e-01 5.012000e-03 3.676040e-01
286 6.265840e-01 4.912000e-03 3.685040e-01
287 6.257920e-01 4.824000e-03 3.693840e-01
288 6.248600e-01 4.912000e-03 3.702280e-01
289 6.240440e-01 4.900000e-03 3.710560e-01
290 6.231360e-01 5.004000e-03 3.718600e-01
291 6.223280e-01 4.872000e-03 3.728000e-01
292 6.214280e-01 4.972000e-03 3.736000e-01
293 6.206920e-01 4.888000e-03 3.744200e-01
294 6.198840e-01 4.860000e-03 3.752560e-01
295 6.190280e-01 4.892000e-03 3.760800e-01
296 6.182080e-01 4.768000e-03 3.770240e-01
297 6.174520e-01 4.636000e-03 3.779120e-01
298 6.167240e-01 4.428000e-03 3.788480e-01
299 6.160120e-01 4.344000e-03 3.796440e-01
300 6.152040e-01 4.360000e-03 3.804360e-01
301 6.143960e-01 4.424000e-03 3.811800e-01
302 6.137120e-01 4.324000e-03 3.819640e-01
303 6.130160e-01 4.280000e-03 3.827040e-01
304 6.124640e-01 4.096000e-03 3.834400e-01
305 6.118520e-01 3.956000e-03 3.841920e-01
306 6.111800e-01 3.956000e-03 3.848640e-01
307 6.105040e-01 3.972000e-03 3.855240e-01
308 6.099080e-01 3.868000e-03 3.862240e-01
309 6.092160e-01 3.944000e-03 3.868400e-01
310 6.085320e-01 3.980000e-03 3.874880e-01
311 6.079280e-01 3.900000e-03 3.881720e-01
312 6.072160e-01 3.960000e-03 3.888240e-01
313 6.065840e-01 3.920000e-03 3.894960e-01
314 6.058920e-01 3.880000e-03 3.902280e-01
315 6.052800e-01 3.788000e-03 3.909320e-01
316 6.045760e-01 3.824000e-03 3.916000e-01
317 6.039040e-01 3.856000e-03 3.922400e-01
318 6.032440e-01 3.736000e-03 3.930200e-01
319 6.027760e-01 3.500000e-03 3.937240e-01
320 6.022640e-01 3.384000e-03 3.943520e-01
321 6.016760e-01 3.404000e-03 3.949200e-01
322 6.011280e-01 3.340000e-03 3.955320e-01
323 6.005600e-01 3.300000e-03 3.961400e-01
324 6.000800e-01 3.244000e-03 3.966760e-01
325 5.996560e-01 3.148000e-03 3.971960e-01
326 5.991600e-01 3.068000e-03 3.977720e-01
327 5.987320e-01 2.980000e-03 3.982880e-01
328 5.982440e-01 2.892000e-03 3.988640e-01
329 5.977120e-01 2.860000e-03 3.994280e-01
330 5.972240e-01 2.900000e-03 3.998760e-01
331 5.966800e-01 2.924000e-03 4.003960e-01
332 5.961240e-01 2.960000e-03 4.009160e-01
333 5.956680e-01 2.872000e-03 4.014600e-01
334 5.952480e-01 2.816000e-03 4.019360e-01
335 5.948240e-01 2.676000e-03 4.025000e-01
336 5.944320e-01 2.556000e-03 4.030120e-01
337 5.940120e-01 2.536000e-03 4.034520e-01
338 5.935600e-01 2.568000e-03 4.038720e-01
339 5.930600e-01 2.620000e-03 4.043200e-01
340 5.926480e-01 2.520000e-03 4.048320e-01
341 5.921760e-01 2.516000e-03 4.053080e-01
342 5.917800e-01 2.452000e-03 4.057680e-01
343 5.912680e-01 2.580000e-03 4.061520e-01
344 5.909360e-01 2.464000e-03 4.066000e-01
345 5.904960e-01 2.532000e-03 4.069720e-01
346 5.900760e-01 2.472000e-03 4.074520e-01
347 5.896640e-01 2.396000e-03 4.079400e-01
348 5.892720e-01 2.284000e-03 4.084440e-01
349 5.888920e-01 2.212000e-03 4.088960e-01
350 5.885280e-01 2.172000e-03 4.093000e-01
351 5.882440e-01 2.112000e-03 4.096440e-01
352 5.878520e-01 2.080000e-03 4.100680e-01
353 5.875520e-01 2.012000e-03 4.104360e-01
354 5.872240e-01 2.012000e-03 4.107640e-01
355 5.869280e-01 1.956000e-03 4.111160e-01
356 5.866240e-01 1.988000e-03 4.113880e-01
357 5.863600e-01 1.884000e-03 4.117560e-01
358 5.860560e-01 1.928000e-03 4.120160e-01
359 5.858000e-01 1.796000e-03 4.124040e-01
360 5.855400e-01 1.736000e-03 4.127240e-01
361 5.852120e-01 1.804000e-03 4.129840e-01
362 5.848640e-01 1.784000e-03 4.133520e-01
363 5.845600e-01 1.808000e-03 4.136320e-01
364 5.842520e-01 1.772000e-03 4.139760e-01
365 5.839600e-01 1.724000e-03 4.143160e-01
366 5.836480e-01 1.780000e-03 4.145720e-01
367 5.833400e-01 1.860000e-03 4.148000e-01
368 5.829880e-01 1.868000e-03 4.151440e-01
369 5.826680e-01 1.876000e-03 4.154560e-01
370 5.824080e-01 1.812000e-03 4.157800e-01
371 5.821240e-01 1.788000e-03 4.160880e-01
372 5.818680e-01 1.736000e-03 4.163960e-01
373 5.816280e-01 1.668000e-03 4.167040e-01
374 5.814120e-01 1.608000e-03 4.169800e-01
375 5.811400e-01 1.612000e-03 4.172480e-01
376 5.809560e-01 1.588000e-03 4.174560e-01
377 5.806600e-01 1.604000e-03 4.177360e-01
378 5.804040e-01 1.576000e-03 4.180200e-01
379 5.800800e-01 1.656000e-03 4.182640e-01
380 5.798520e-01 1.580000e-03 4.185680e-01
381 5.795560e-01 1.624000e-03 4.188200e-01
382 5.793040e-01 1.556000e-03 4.191400e-01
383 5.790520e-01 1.548000e-03 4.194000e-01
384 5.787640e-01 1.608000e-03 4.196280e-01
385 5.785120e-01 1.584000e-03 4.199040e-01
386 5.783000e-01 1.564000e-03 4.201360e-01
387 5.780800e-01 1.536000e-03 4.203840e-01
388 5.778760e-01 1.516000e-03 4.206080e-01
389 5.776480e-01 1.528000e-03 4.208240e-01
390 5.773880e-01 1.516000e-03 4.210960e-01
391 5.771800e-01 1.484000e-03 4.213360e-01
392 5.769120e-01 1.452000e-03 4.216360e-01
393 5.766240e-01 1.464000e-03 4.219120e-01
394 5.763400e-01 1.484000e-03 4.221760e-01
395 5.760800e-01 1.516000e-03 4.224040e-01
396 5.758280e-01 1.468000e-03 4.227040e-01
397 5.756360e-01 1.456000e-03 4.229080e-01
398 5.754280e-01 1.388000e-03 4.231840e-01
399 5.752480e-01 1.316000e-03 4.234360e-01
400 5.750800e-01 1.248000e-03 4.236720e-01
401 5.748360e-01 1.304000e-03 4.238600e-01
402 5.746280e-01 1.260000e-03 4.241120e-01
403 5.744400e-01 1.276000e-03 4.242840e-01
404 5.743040e-01 1.192000e-03 4.245040e-01
405 5.741120e-01 1.196000e-03 4.246920e-01
406 5.739080e-01 1.212000e-03 4.248800e-01
407 5.737480e-01 1.176000e-03 4.250760e-01
408 5.735800e-01 1.108000e-03 4.253120e-01
409 5.734720e-01 1.016000e-03 4.255120e-01
410 5.732600e-01 1.048000e-03 4.256920e-01
411 5.730800e-01 1.028000e-03 4.258920e-01
412 5.729360e-01 9.840000e-04 4.260800e-01
413 5.727840e-01 9.520000e-04 4.262640e-01
414 5.726200e-01 9.360000e-04 4.264440e-01
415 5.724560e-01 9.600000e-04 4.265840e-01
416 5.723560e-01 9.320000e-04 4.267120e-01
417 5.721360e-01 9.760000e-04 4.268880e-01
418 5.719600e-01 1.000000e-03 4.270400e-01
419 5.717920e-01 9.800000e-04 4.272280e-01
420 5.716080e-01 1.016000e-03 4.273760e-01
421 5.714440e-01 1.004000e-03 4.275520e-01
422 5.712920e-01 9.760000e-04 4.277320e-01
423 5.711080e-01 9.720000e-04 4.279200e-01
424 5.709840e-01 9.440000e-04 4.280720e-01
425 5.707920e-01 9.560000e-04 4.282520e-01
426 5.706160e-01 9.760000e-04 4.284080e-01
427 5.704280e-01 1.024000e-03 4.285480e-01
428 5.702680e-01 9.920000e-04 4.287400e-01
429 5.701040e-01 9.720000e-04 4.289240e-01
430 5.699600e-01 9.360000e-04 4.291040e-01
431 5.698160e-01 9.200000e-04 4.292640e-01
432 5.696680e-01 8.840000e-04 4.294480e-01
433 5.695880e-01 8.120000e-04 4.296000e-01
434 5.694200e-01 8.440000e-04 4.297360e-01
435 5.692320e-01 8.760000e-04 4.298920e-01
436 5.691320e-01 8.120000e-04 4.300560e-01
437 5.689960e-01 8.000000e-04 4.302040e-01
438 5.688680e-01 8.120000e-04 4.303200e-01
439 5.687440e-01 7.800000e-04 4.304760e-01
440 5.685880e-01 7.680000e-04 4.306440e-01
441 5.684520e-01 7.560000e-04 4.307920e-01
442 5.683000e-01 7.480000e-04 4.309520e-01
443 5.681960e-01 7.480000e-04 4.310560e-01
444 5.680400e-01 7.680000e-04 4.311920e-01
445 5.679480e-01 7.160000e-04 4.313360e-01
446 5.678400e-01 6.960000e-04 4.314640e-01
447 5.677320e-01 7.040000e-04 4.315640e-01
448 5.675760e-01 7.200000e-04 4.317040e-01
449 5.674760e-01 6.840000e-04 4.318400e-01
450 5.673480e-01 6.600000e-04 4.319920e-01
451 5.672240e-01 6.720000e-04 4.321040e-01
452 5.671160e-01 6.360000e-04 4.322480e-01
453 5.669600e-01 6.880000e-04 4.323520e-01
454 5.667440e-01 7.560000e-04 4.325000e-01
455 5.666280e-01 7.240000e-04 4.326480e-01
456 5.665200e-01 6.960000e-04 4.327840e-01
457 5.664320e-01 6.720000e-04 4.328960e-01
458 5.663200e-01 6.800000e-04 4.330000e-01
459 5.662040e-01 6.680000e-04 4.331280e-01
460 5.660920e-01 6.400000e-04 4.332680e-01
461 5.659840e-01 6.240000e-04 4.333920e-01
462 5.658480e-01 6.560000e-04 4.334960e-01
463 5.657280e-01 6.840000e-04 4.335880e-01
464 5.656080e-01 7.040000e-04 4.336880e-01
465 5.655080e-01 6.640000e-04 4.338280e-01
466 5.654040e-01 6.440000e-04 4.339520e-01
467 5.652960e-01 6.440000e-04 4.340600e-01
468 5.652040e-01 6.640000e-04 4.341320e-01
469 5.650520e-01 7.560000e-04 4.341920e-01
470 5.649400e-01 7.160000e-04 4.343440e-01
471 5.648120e-01 7.200000e-04 4.344680e-01
472 5.646840e-01 7.560000e-04 4.345600e-01
473 5.645400e-01 7.800000e-04 4.346800e-01
474 5.644120e-01 8.200000e-04 4.347680e-01
475 5.642240e-01 8.760000e-04 4.349000e-01
476 5.641280e-01 8.400000e-04 4.350320e-01
477 5.640440e-01 7.280000e-04 4.352280e-01
478 5.639080e-01 6.840000e-04 4.354080e-01
479 5.638160e-01 6.720000e-04 4.355120e-01
480 5.637440e-01 6.480000e-04 4.356080e-01
481 5.636760e-01 6.200000e-04 4.357040e-01
482 5.635520e-01 6.240000e-04 4.358240e-01
483 5.634960e-01 5.920000e-04 4.359120e-01
484 5.634240e-01 5.400000e-04 4.360360e-01
485 5.633600e-01 4.880000e-04 4.361520e-01
486 5.633080e-01 4.360000e-04 4.362560e-01
487 5.632680e-01 4.160000e-04 4.363160e-01
488 5.632080e-01 4.160000e-04 4.363760e-01
489 5.631440e-01 4.240000e-04 4.364320e-01
490 5.630840e-01 4.080000e-04 4.365080e-01
491 5.630280e-01 4.200000e-04 4.365520e-01
492 5.629640e-01 4.240000e-04 4.366120e-01
493 5.629280e-01 3.960000e-04 4.366760e-01
494 5.628800e-01 3.880000e-04 4.367320e-01
495 5.628160e-01 4.080000e-04 4.367760e-01
496 5.627600e-01 4.000000e-04 4.368400e-01
497 5.627040e-01 3.840000e-04 4.369120e-01
498 5.626600e-01 3.680000e-04 4.369720e-01
499 5.625800e-01 3.760000e-04 4.370440e-01
500 5.625440e-01 3.160000e-04 4.371400e-01
