1 9.991840e-01 7.080000e-04 1.080000e-04
2 9.985920e-01 1.160000e-03 2.480000e-04
3 9.980080e-01 1.544000e-03 4.480000e-04
4 9.972840e-01 1.912000e-03 8.040000e-04
5 9.965640e-01 2.288000e-03 1.148000e-03
6 9.957080e-01 2.632000e-03 1.660000e-03
7 9.948560e-01 3.040000e-03 2.104000e-03
8 9.940360e-01 3.352000e-03 2.612000e-03
9 9.930760e-01 3.712000e-03 3.212000e-03
10 9.922200e-01 3.876000e-03 3.904000e-03
11 9.914040e-01 3.960000e-03 4.636000e-03
12 9.904400e-01 4.256000e-03 5.304000e-03
13 9.894760e-01 4.552000e-03 5.972000e-03
14 9.884400e-01 4.760000e-03 6.800000e-03
15 9.873200e-01 5.060000e-03 7.620000e-03
16 9.863080e-01 5.164000e-03 8.528000e-03
17 9.850640e-01 5.452000e-03 9.484000e-03
18 9.839480e-01 5.708000e-03 1.034400e-02
19 9.827720e-01 5.872000e-03 1.135600e-02
20 9.815920e-01 5.904000e-03 1.250400e-02
21 9.802880e-01 6.196000e-03 1.351600e-02
22 9.790800e-01 6.264000e-03 1.465600e-02
23 9.776360e-01 6.556000e-03 1.580800e-02
24 9.762920e-01 6.712000e-03 1.699600e-02
25 9.749360e-01 6.796000e-03 1.826800e-02
26 9.735200e-01 7.012000e-03 1.946800e-02
27 9.721280e-01 7.244000e-03 2.062800e-02
28 9.708840e-01 7.232000e-03 2.188400e-02
29 9.695160e-01 7.472000e-03 2.301200e-02
30 9.681720e-01 7.480000e-03 2.434800e-02
31 9.668440e-01 7.528000e-03 2.562800e-02
32 9.652680e-01 7.776000e-03 2.695600e-02
33 9.638360e-01 8.020000e-03 2.814400e-02
34 9.624960e-01 7.900000e-03 2.960400e-02
35 9.610120e-01 7.916000e-03 3.107200e-02
36 9.596400e-01 7.912000e-03 3.244800e-02
37 9.581440e-01 7.964000e-03 3.389200e-02
38 9.566240e-01 8.196000e-03 3.518000e-02
39 9.550720e-01 8.380000e-03 3.654800e-02
40 9.535400e-01 8.428000e-03 3.803200e-02
41 9.519800e-01 8.440000e-03 3.958000e-02
42 9.506120e-01 8.300000e-03 4.108800e-02
43 9.490160e-01 8.496000e-03 4.248800e-02
44 9.474960e-01 8.636000e-03 4.386800e-02
45 9.459200e-01 8.672000e-03 4.540800e-02
46 9.443640e-01 8.720000e-03 4.691600e-02
47 9.426320e-01 8.852000e-03 4.851600e-02
48 9.410160e-01 8.940000e-03 5.004400e-02
49 9.393800e-01 9.068000e-03 5.155200e-02
50 9.378680e-01 9.004000e-03 5.312800e-02
51 9.362960e-01 9.148000e-03 5.455600e-02
52 9.346640e-01 9.224000e-03 5.611200e-02
53 9.331400e-01 9.268000e-03 5.759200e-02
54 9.316000e-01 9.220000e-03 5.918000e-02
55 9.299960e-01 9.116000e-03 6.088800e-02
56 9.284120e-01 9.076000e-03 6.251200e-02
57 9.268000e-01 9.268000e-03 6.393200e-02
58 9.253400e-01 9.076000e-03 6.558400e-02
59 9.236680e-01 9.296000e-03 6.703600e-02
60 9.220840e-01 9.292000e-03 6.862400e-02
61 9.204160e-01 9.236000e-03 7.034800e-02
62 9.187560e-01 9.268000e-03 7.197600e-02
63 9.169920e-01 9.500000e-03 7.350800e-02
64 9.153240e-01 9.576000e-03 7.510000e-02
65 9.137480e-01 9.572000e-03 7.668000e-02
66 9.121440e-01 9.444000e-03 7.841200e-02
67 9.104640e-01 9.380000e-03 8.015600e-02
68 9.088560e-01 9.424000e-03 8.172000e-02
69 9.074080e-01 9.248000e-03 8.334400e-02
70 9.059640e-01 8.948000e-03 8.508800e-02
71 9.046000e-01 8.792000e-03 8.660800e-02
72 9.032080e-01 8.624000e-03 8.816800e-02
73 9.016320e-01 8.716000e-03 8.965200e-02
74 9.002520e-01 8.608000e-03 9.114000e-02
75 8.989000e-01 8.476000e-03 9.262400e-02
76 8.974640e-01 8.412000e-03 9.412400e-02
77 8.959840e-01 8.340000e-03 9.567600e-02
78 8.945720e-01 8.240000e-03 9.718800e-02
79 8.932120e-01 8.216000e-03 9.857200e-02
80 8.919840e-01 8.016000e-03 1.000000e-01
81 8.905880e-01 7.968000e-03 1.014440e-01
82 8.891080e-01 8.016000e-03 1.028760e-01
83 8.877040e-01 7.908000e-03 1.043880e-01
84 8.864400e-01 7.848000e-03 1.057120e-01
85 8.851560e-01 7.844000e-03 1.070000e-01
86 8.836880e-01 7.928000e-03 1.083840e-01
87 8.822880e-01 7.996000e-03 1.097160e-01
88 8.808320e-01 7.956000e-03 1.112120e-01
89 8.793720e-01 8.044000e-03 1.125840e-01
90 8.779520e-01 8.152000e-03 1.138960e-01
91 8.765840e-01 8.104000e-03 1.153120e-01
92 8.750600e-01 8.284000e-03 1.166560e-01
93 8.735680e-01 8.324000e-03 1.181080e-01
94 8.721680e-01 8.308000e-03 1.195240e-01
95 8.709360e-01 8.056000e-03 1.210080e-01
96 8.695600e-01 8.072000e-03 1.223680e-01
97 8.682640e-01 7.952000e-03 1.237840e-01
98 8.669560e-01 7.896000e-03 1.251480e-01
99 8.656560e-01 7.828000e-03 1.265160e-01
100 8.643920e-01 7.736000e-03 1.278720e-01
101 8.632160e-01 7.500000e-03 1.292840e-01
102 8.619680e-01 7.484000e-03 1.305480e-01
103 8.606480e-01 7.528000e-03 1.318240e-01
104 8.594160e-01 7.280000e-03 1.333040e-01
105 8.581680e-01 7.192000e-03 1.346400e-01
106 8.570040e-01 7.144000e-03 1.358520e-01
107 8.557280e-01 7.176000e-03 1.370960e-01
108 8.543440e-01 7.248000e-03 1.384080e-01
109 8.530160e-01 7.260000e-03 1.397240e-01
110 8.518040e-01 7.196000e-03 1.410000e-01
111 8.505440e-01 7.204000e-03 1.422520e-01
112 8.491680e-01 7.384000e-03 1.434480e-01
113 8.477160e-01 7.564000e-03 1.447200e-01
114 8.463920e-01 7.512000e-03 1.460960e-01
115 8.451880e-01 7.428000e-03 1.473840e-01
116 8.439680e-01 7.256000e-03 1.487760e-01
117 8.426760e-01 7.212000e-03 1.501120e-01
118 8.414720e-01 7.216000e-03 1.513120e-01
119 8.403280e-01 6.980000e-03 1.526920e-01
120 8.391360e-01 6.996000e-03 1.538680e-01
121 8.378480e-01 7.016000e-03 1.551360e-01
122 8.366080e-01 7.008000e-03 1.563840e-01
123 8.353200e-01 7.148000e-03 1.575320e-01
124 8.340200e-01 7.192000e-03 1.587880e-01
125 8.327040e-01 7.264000e-03 1.600320e-01
126 8.313960e-01 7.148000e-03 1.614560e-01
127 8.300080e-01 7.368000e-03 1.626240e-01
128 8.287720e-01 7.208000e-03 1.640200e-01
129 8.274440e-01 7.324000e-03 1.652320e-01
130 8.261160e-01 7.348000e-03 1.665360e-01
131 8.249960e-01 7.252000e-03 1.677520e-01
132 8.237240e-01 7.216000e-03 1.690600e-01
133 8.225480e-01 7.168000e-03 1.702840e-01
134 8.213520e-01 7.064000e-03 1.715840e-01
135 8.201520e-01 7.180000e-03 1.726680e-01
136 8.189480e-01 7.148000e-03 1.739040e-01
137 8.178080e-01 7.040000e-03 1.751520e-01
138 8.164880e-01 7.100000e-03 1.764120e-01
139 8.152320e-01 7.148000e-03 1.776200e-01
140 8.140880e-01 7.024000e-03 1.788880e-01
141 8.129200e-01 7.048000e-03 1.800320e-01
142 8.118720e-01 6.740000e-03 1.813880e-01
143 8.107920e-01 6.540000e-03 1.826680e-01
144 8.096880e-01 6.564000e-03 1.837480e-01
145 8.085480e-01 6.492000e-03 1.849600e-01
146 8.075400e-01 6.340000e-03 1.861200e-01
147 8.064920e-01 6.240000e-03 1.872680e-01
148 8.054920e-01 6.192000e-03 1.883160e-01
149 8.043440e-01 6.316000e-03 1.893400e-01
150 8.035320e-01 5.892000e-03 1.905760e-01
151 8.027640e-01 5.620000e-03 1.916160e-01
152 8.018960e-01 5.484000e-03 1.926200e-01
153 8.009120e-01 5.532000e-03 1.935560e-01
154 7.999920e-01 5.580000e-03 1.944280e-01
155 7.990240e-01 5.500000e-03 1.954760e-01
156 7.982040e-01 5.360000e-03 1.964360e-01
157 7.972200e-01 5.504000e-03 1.972760e-01
158 7.962480e-01 5.592000e-03 1.981600e-01
159 7.954000e-01 5.576000e-03 1.990240e-01
160 7.944720e-01 5.492000e-03 2.000360e-01
161 7.934840e-01 5.440000e-03 2.010760e-01
162 7.926400e-01 5.380000e-03 2.019800e-01
163 7.917520e-01 5.252000e-03 2.029960e-01
164 7.908000e-01 5.332000e-03 2.038680e-01
165 7.898680e-01 5.296000e-03 2.048360e-01
166 7.889200e-01 5.272000e-03 2.058080e-01
167 7.880920e-01 5.216000e-03 2.066920e-01
168 7.871000e-01 5.384000e-03 2.075160e-01
169 7.861400e-01 5.452000e-03 2.084080e-01
170 7.851560e-01 5.508000e-03 2.093360e-01
171 7.841080e-01 5.588000e-03 2.103040e-01
172 7.830960e-01 5.652000e-03 2.112520e-01
173 7.822160e-01 5.476000e-03 2.123080e-01
174 7.814040e-01 5.532000e-03 2.130640e-01
175 7.804240e-01 5.588000e-03 2.139880e-01
176 7.794880e-01 5.596000e-03 2.149160e-01
177 7.785360e-01 5.544000e-03 2.159200e-01
178 7.777640e-01 5.360000e-03 2.168760e-01
179 7.770200e-01 5.280000e-03 2.177000e-01
180 7.761320e-01 5.304000e-03 2.185640e-01
181 7.752800e-01 5.248000e-03 2.194720e-01
182 7.743240e-01 5.300000e-03 2.203760e-01
183 7.733800e-01 5.424000e-03 2.211960e-01
184 7.724120e-01 5.368000e-03 2.222200e-01
185 7.714600e-01 5.336000e-03 2.232040e-01
186 7.707000e-01 5.124000e-03 2.241760e-01
187 7.699720e-01 5.044000e-03 2.249840e-01
188 7.691680e-01 4.912000e-03 2.259200e-01
189 7.682960e-01 4.880000e-03 2.268240e-01
190 7.674720e-01 4.868000e-03 2.276600e-01
191 7.665520e-01 4.924000e-03 2.285240e-01
192 7.656480e-01 5.004000e-03 2.293480e-01
193 7.648240e-01 4.956000e-03 2.302200e-01
194 7.638600e-01 5.112000e-03 2.310280e-01
195 7.628760e-01 5.136000e-03 2.319880e-01
196 7.619480e-01 5.128000e-03 2.329240e-01
197 7.610240e-01 5.044000e-03 2.339320e-01
198 7.602040e-01 5.016000e-03 2.347800e-01
199 7.594240e-01 4.992000e-03 2.355840e-01
200 7.585640e-01 5.032000e-03 2.364040e-01
201 7.576920e-01 5.016000e-03 2.372920e-01
202 7.567680e-01 5.092000e-03 2.381400e-01
203 7.559160e-01 5.004000e-03 2.390800e-01
204 7.551160e-01 4.980000e-03 2.399040e-01
205 7.542560e-01 5.024000e-03 2.407200e-01
206 7.534360e-01 4.920000e-03 2.416440e-01
207 7.526280e-01 4.912000e-03 2.424600e-01
208 7.517640e-01 4.848000e-03 2.433880e-01
209 7.509400e-01 4.636000e-03 2.444240e-01
210 7.501360e-01 4.620000e-03 2.452440e-01
211 7.494440e-01 4.428000e-03 2.461280e-01
212 7.488320e-01 4.288000e-03 2.468800e-01
213 7.481320e-01 4.336000e-03 2.475320e-01
214 7.474680e-01 4.200000e-03 2.483320e-01
215 7.468080e-01 4.096000e-03 2.490960e-01
216 7.461160e-01 4.056000e-03 2.498280e-01
217 7.455480e-01 3.996000e-03 2.504560e-01
218 7.449240e-01 3.948000e-03 2.511280e-01
219 7.443440e-01 3.920000e-03 2.517360e-01
220 7.437240e-01 3.808000e-03 2.524680e-01
221 7.431000e-01 3.728000e-03 2.531720e-01
222 7.423680e-01 3.852000e-03 2.537800e-01
223 7.417480e-01 3.832000e-03 2.544200e-01
224 7.410320e-01 3.916000e-03 2.550520e-01
225 7.403720e-01 3.892000e-03 2.557360e-01
226 7.395920e-01 4.084000e-03 2.563240e-01
227 7.389640e-01 4.008000e-03 2.570280e-01
228 7.383520e-01 3.952000e-03 2.576960e-01
229 7.376080e-01 4.004000e-03 2.583880e-01
230 7.370080e-01 3.856000e-03 2.591360e-01
231 7.362640e-01 3.944000e-03 2.597920e-01
232 7.354720e-01 4.016000e-03 2.605120e-01
233 7.347400e-01 4.064000e-03 2.611960e-01
234 7.339160e-01 4.204000e-03 2.618800e-01
235 7.331280e-01 4.224000e-03 2.626480e-01
236 7.323880e-01 4.232000e-03 2.633800e-01
237 7.316280e-01 4.280000e-03 2.640920e-01
238 7.309240e-01 4.236000e-03 2.648400e-01
239 7.301680e-01 4.348000e-03 2.654840e-01
240 7.292840e-01 4.460000e-03 2.662560e-01
241 7.285360e-01 4.360000e-03 2.671040e-01
242 7.276840e-01 4.376000e-03 2.679400e-01
243 7.268000e-01 4.496000e-03 2.687040e-01
244 7.259600e-01 4.564000e-03 2.694760e-01
245 7.252480e-01 4.436000e-03 2.703160e-01
246 7.245200e-01 4.260000e-03 2.712200e-01
247 7.239160e-01 4.076000e-03 2.720080e-01
248 7.232760e-01 3.908000e-03 2.728160e-01
249 7.226040e-01 3.940000e-03 2.734560e-01
250 7.221160e-01 3.772000e-03 2.741120e-01
251 7.215520e-01 3.728000e-03 2.747200e-01
252 7.209680e-01 3.684000e-03 2.753480e-01
253 7.203560e-01 3.588000e-03 2.760560e-01
254 7.197800e-01 3.520000e-03 2.767000e-01
255 7.191520e-01 3.564000e-03 2.772840e-01
256 7.186360e-01 3.500000e-03 2.778640e-01
257 7.179840e-01 3.528000e-03 2.784880e-01
258 7.173880e-01 3.516000e-03 2.790960e-01
259 7.167200e-01 3.624000e-03 2.796560e-01
260 7.161920e-01 3.516000e-03 2.802920e-01
261 7.156280e-01 3.552000e-03 2.808200e-01
262 7.151520e-01 3.388000e-03 2.814600e-01
263 7.146440e-01 3.292000e-03 2.820640e-01
264 7.141680e-01 3.204000e-03 2.826280e-01
265 7.137400e-01 3.048000e-03 2.832120e-01
266 7.132640e-01 3.012000e-03 2.837240e-01
267 7.127480e-01 2.992000e-03 2.842600e-01
268 7.123280e-01 2.892000e-03 2.847800e-01
269 7.119200e-01 2.852000e-03 2.852280e-01
270 7.115240e-01 2.732000e-03 2.857440e-01
271 7.111200e-01 2.588000e-03 2.862920e-01
272 7.106960e-01 2.636000e-03 2.866680e-01
273 7.103000e-01 2.568000e-03 2.871320e-01
274 7.099720e-01 2.428000e-03 2.876000e-01
275 7.096000e-01 2.360000e-03 2.880400e-01
276 7.092200e-01 2.288000e-03 2.884920e-01
277 7.088680e-01 2.316000e-03 2.888160e-01
278 7.083920e-01 2.352000e-03 2.892560e-01
279 7.081320e-01 2.232000e-03 2.896360e-01
280 7.077400e-01 2.208000e-03 2.900520e-01
281 7.073720e-01 2.124000e-03 2.905040e-01
282 7.069840e-01 2.072000e-03 2.909440e-01
283 7.065840e-01 2.184000e-03 2.912320e-01
284 7.061800e-01 2.224000e-03 2.915960e-01
285 7.058040e-01 2.224000e-03 2.919720e-01
286 7.053840e-01 2.212000e-03 2.924040e-01
287 7.050520e-01 2.160000e-03 2.927880e-01
288 7.046560e-01 2.224000e-03 2.931200e-01
289 7.042480e-01 2.192000e-03 2.935600e-01
290 7.038560e-01 2.192000e-03 2.939520e-01
291 7.034360e-01 2.224000e-03 2.943400e-01
292 7.030920e-01 2.232000e-03 2.946760e-01
293 7.027320e-01 2.284000e-03 2.949840e-01
294 7.023520e-01 2.320000e-03 2.953280e-01
295 7.019120e-01 2.308000e-03 2.957800e-01
296 7.014600e-01 2.368000e-03 2.961720e-01
297 7.009920e-01 2.408000e-03 2.966000e-01
298 7.005320e-01 2.412000e-03 2.970560e-01
299 7.001120e-01 2.368000e-03 2.975200e-01
300 6.996800e-01 2.344000e-03 2.979760e-01
301 6.992560e-01 2.324000e-03 2.984200e-01
302 6.989320e-01 2.228000e-03 2.988400e-01
303 6.984160e-01 2.368000e-03 2.992160e-01
304 6.979880e-01 2.336000e-03 2.996760e-01
305 6.975720e-01 2.372000e-03 3.000560e-01
306 6.971880e-01 2.368000e-03 3.004440e-01
307 6.967360e-01 2.364000e-03 3.009000e-01
308 6.963800e-01 2.320000e-03 3.013000e-01
309 6.959640e-01 2.372000e-03 3.016640e-01
310 6.957000e-01 2.248000e-03 3.020520e-01
311 6.953440e-01 2.216000e-03 3.024400e-01
312 6.949840e-01 2.124000e-03 3.028920e-01
313 6.946360e-01 2.112000e-03 3.032520e-01
314 6.942200e-01 2.208000e-03 3.035720e-01
315 6.938720e-01 2.180000e-03 3.039480e-01
316 6.934560e-01 2.240000e-03 3.043040e-01
317 6.930600e-01 2.236000e-03 3.047040e-01
318 6.927280e-01 2.112000e-03 3.051600e-01
319 6.923000e-01 2.172000e-03 3.055280e-01
320 6.918720e-01 2.216000e-03 3.059120e-01
321 6.914880e-01 2.276000e-03 3.062360e-01
322 6.911600e-01 2.240000e-03 3.066000e-01
323 6.907560e-01 2.264000e-03 3.069800e-01
324 6.903480e-01 2.304000e-03 3.073480e-01
325 6.899400e-01 2.276000e-03 3.077840e-01
326 6.895840e-01 2.280000e-03 3.081360e-01
327 6.892320e-01 2.248000e-03 3.085200e-01
328 6.888800e-01 2.204000e-03 3.089160e-01
329 6.884920e-01 2.172000e-03 3.093360e-01
330 6.881080e-01 2.160000e-03 3.097320e-01
331 6.877440e-01 2.112000e-03 3.101440e-01
332 6.874040e-01 2.112000e-03 3.104840e-01
333 6.870160e-01 2.096000e-03 3.108880e-01
334 6.866080e-01 2.160000e-03 3.112320e-01
335 6.862360e-01 2.196000e-03 3.115680e-01
336 6.859240e-01 2.152000e-03 3.119240e-01
337 6.855600e-01 2.092000e-03 3.123480e-01
338 6.851440e-01 2.172000e-03 3.126840e-01
339 6.848360e-01 2.076000e-03 3.130880e-01
340 6.844840e-01 2.076000e-03 3.134400e-01
341 6.840360e-01 2.184000e-03 3.137800e-01
342 6.836760e-01 2.116000e-03 3.142080e-01
343 6.833000e-01 2.172000e-03 3.145280e-01
344 6.829200e-01 2.232000e-03 3.148480e-01
345 6.824880e-01 2.272000e-03 3.152400e-01
346 6.821400e-01 2.200000e-03 3.156600e-01
347 6.817200e-01 2.220000e-03 3.160600e-01
348 6.813000e-01 2.232000e-03 3.164680e-01
349 6.809160e-01 2.204000e-03 3.168800e-01
350 6.805880e-01 2.136000e-03 3.172760e-01
351 6.802240e-01 2.152000e-03 3.176240e-01
352 6.798440e-01 2.124000e-03 3.180320e-01
353 6.794800e-01 2.108000e-03 3.184120e-01
354 6.792080e-01 2.040000e-03 3.187520e-01
355 6.788320e-01 2.092000e-03 3.190760e-01
356 6.785000e-01 2.088000e-03 3.194120e-01
357 6.780520e-01 2.152000e-03 3.197960e-01
358 6.776880e-01 2.156000e-03 3.201560e-01
359 6.772840e-01 2.164000e-03 3.205520e-01
360 6.768880e-01 2.172000e-03 3.209400e-01
361 6.765400e-01 2.128000e-03 3.213320e-01
362 6.761080e-01 2.188000e-03 3.217040e-01
363 6.756480e-01 2.244000e-03 3.221080e-01
364 6.752480e-01 2.240000e-03 3.225120e-01
365 6.748320e-01 2.272000e-03 3.228960e-01
366 6.744480e-01 2.280000e-03 3.232720e-01
367 6.740480e-01 2.212000e-03 3.237400e-01
368 6.737120e-01 2.156000e-03 3.241320e-01
369 6.734000e-01 2.132000e-03 3.244680e-01
370 6.731160e-01 2.004000e-03 3.248800e-01
371 6.727640e-01 1.996000e-03 3.252400e-01
372 6.725000e-01 1.896000e-03 3.256040e-01
373 6.721160e-01 1.920000e-03 3.259640e-01
374 6.718040e-01 1.860000e-03 3.263360e-01
375 6.714600e-01 1.876000e-03 3.266640e-01
376 6.711160e-01 1.932000e-03 3.269520e-01
377 6.707720e-01 1.972000e-03 3.272560e-01
378 6.704160e-01 1.984000e-03 3.276000e-01
379 6.701000e-01 1.908000e-03 3.279920e-01
380 6.697680e-01 1.952000e-03 3.282800e-01
381 6.694000e-01 1.972000e-03 3.286280e-01
382 6.691200e-01 1.884000e-03 3.289960e-01
383 6.687200e-01 2.016000e-03 3.292640e-01
384 6.683920e-01 2.020000e-03 3.295880e-01
385 6.680600e-01 1.996000e-03 3.299440e-01
386 6.676880e-01 2.004000e-03 3.303080e-01
387 6.673240e-01 2.044000e-03 3.306320e-01
388 6.670360e-01 1.980000e-03 3.309840e-01
389 6.667520e-01 1.872000e-03 3.313760e-01
390 6.664520e-01 1.832000e-03 3.317160e-01
391 6.661680e-01 1.824000e-03 3.320080e-01
392 6.658960e-01 1.784000e-03 3.323200e-01
393 6.655560e-01 1.804000e-03 3.326400e-01
394 6.651920e-01 1.824000e-03 3.329840e-01
395 6.649600e-01 1.756000e-03 3.332840e-01
396 6.646720e-01 1.744000e-03 3.335840e-01
397 6.644160e-01 1.660000e-03 3.339240e-01
398 6.641320e-01 1.700000e-03 3.341680e-01
399 6.639160e-01 1.600000e-03 3.344840e-01
400 6.636280e-01 1.616000e-03 3.347560e-01
401 6.633600e-01 1.636000e-03 3.350040e-01
402 6.630840e-01 1.616000e-03 3.353000e-01
403 6.627680e-01 1.640000e-03 3.355920e-01
404 6.624840e-01 1.656000e-03 3.358600e-01
405 6.621640e-01 1.624000e-03 3.362120e-01
406 6.618160e-01 1.700000e-03 3.364840e-01
407 6.614480e-01 1.732000e-03 3.368200e-01
408 6.611120e-01 1.808000e-03 3.370800e-01
409 6.608120e-01 1.800000e-03 3.373880e-01
410 6.604400e-01 1.888000e-03 3.376720e-01
411 6.601480e-01 1.860000e-03 3.379920e-01
412 6.598080e-01 1.912000e-03 3.382800e-01
413 6.594800e-01 1.920000e-03 3.386000e-01
414 6.592080e-01 1.848000e-03 3.389440e-01
415 6.589800e-01 1.760000e-03 3.392600e-01
416 6.587760e-01 1.616000e-03 3.396080e-01
417 6.585160e-01 1.628000e-03 3.398560e-01
418 6.582920e-01 1.572000e-03 3.401360e-01
419 6.580800e-01 1.540000e-03 3.403800e-01
420 6.578120e-01 1.536000e-03 3.406520e-01
421 6.575960e-01 1.520000e-03 3.408840e-01
422 6.573240e-01 1.520000e-03 3.411560e-01
423 6.570320e-01 1.560000e-03 3.414080e-01
424 6.567440e-01 1.576000e-03 3.416800e-01
425 6.564800e-01 1.544000e-03 3.419760e-01
426 6.562480e-01 1.532000e-03 3.422200e-01
427 6.560320e-01 1.504000e-03 3.424640e-01
428 6.557480e-01 1.516000e-03 3.427360e-01
429 6.554600e-01 1.608000e-03 3.429320e-01
430 6.551800e-01 1.620000e-03 3.432000e-01
431 6.548440e-01 1.728000e-03 3.434280e-01
432 6.545480e-01 1.740000e-03 3.437120e-01
433 6.542560e-01 1.692000e-03 3.440520e-01
434 6.539320e-01 1.740000e-03 3.443280e-01
435 6.536400e-01 1.760000e-03 3.446000e-01
436 6.533360e-01 1.772000e-03 3.448920e-01
437 6.530440e-01 1.784000e-03 3.451720e-01
438 6.527560e-01 1.764000e-03 3.454800e-01
439 6.525040e-01 1.668000e-03 3.458280e-01
440 6.522760e-01 1.596000e-03 3.461280e-01
441 6.520360e-01 1.556000e-03 3.464080e-01
442 6.518200e-01 1.452000e-03 3.467280e-01
443 6.516520e-01 1.392000e-03 3.469560e-01
444 6.514480e-01 1.328000e-03 3.472240e-01
445 6.513360e-01 1.212000e-03 3.474520e-01
446 6.511360e-01 1.232000e-03 3.476320e-01
447 6.509240e-01 1.248000e-03 3.478280e-01
448 6.507800e-01 1.168000e-03 3.480520e-01
449 6.505600e-01 1.216000e-03 3.482240e-01
450 6.503720e-01 1.144000e-03 3.484840e-01
451 6.501800e-01 1.164000e-03 3.486560e-01
452 6.500520e-01 1.076000e-03 3.488720e-01
453 6.498840e-01 1.092000e-03 3.490240e-01
454 6.496800e-01 1.096000e-03 3.492240e-01
455 6.495200e-01 1.088000e-03 3.493920e-01
456 6.493640e-01 1.060000e-03 3.495760e-01
457 6.491720e-01 1.104000e-03 3.497240e-01
458 6.490160e-01 1.088000e-03 3.498960e-01
459 6.488080e-01 1.080000e-03 3.501120e-01
460 6.486040e-01 1.076000e-03 3.503200e-01
461 6.483880e-01 1.140000e-03 3.504720e-01
462 6.481400e-01 1.168000e-03 3.506920e-01
463 6.479760e-01 1.124000e-03 3.509000e-01
464 6.477920e-01 1.128000e-03 3.510800e-01
465 6.476160e-01 1.140000e-03 3.512440e-01
466 6.474200e-01 1.124000e-03 3.514560e-01
467 6.472720e-01 1.040000e-03 3.516880e-01
468 6.471520e-01 9.480000e-04 3.519000e-01
469 6.470320e-01 8.880000e-04 3.520800e-01
470 6.468800e-01 8.680000e-04 3.522520e-01
471 6.467440e-01 8.680000e-04 3.523880e-01
472 6.466320e-01 8.280000e-04 3.525400e-01
473 6.465280e-01 7.600000e-04 3.527120e-01
474 6.464200e-01 7.400000e-04 3.528400e-01
475 6.463160e-01 7.040000e-04 3.529800e-01
476 6.462240e-01 6.720000e-04 3.531040e-01
477 6.461280e-01 6.520000e-04 3.532200e-01
478 6.460280e-01 6.320000e-04 3.533400e-01
479 6.459640e-01 5.600000e-04 3.534760e-01
480 6.458920e-01 5.520000e-04 3.535560e-01
481 6.458080e-01 5.600000e-04 3.536320e-01
482 6.457320e-01 5.560000e-04 3.537120e-01
483 6.456720e-01 5.280000e-04 3.538000e-01
484 6.455920e-01 5.360000e-04 3.538720e-01
485 6.454960e-01 5.080000e-04 3.539960e-01
486 6.454000e-01 4.840000e-04 3.541160e-01
487 6.453080e-01 5.120000e-04 3.541800e-01
488 6.452520e-01 5.040000e-04 3.542440e-01
489 6.451840e-01 4.920000e-04 3.543240e-01
490 6.451120e-01 5.080000e-04 3.543800e-01
491 6.450440e-01 4.720000e-04 3.544840e-01
492 6.449800e-01 4.600000e-04 3.545600e-01
493 6.449000e-01 4.120000e-04 3.546880e-01
494 6.448200e-01 4.120000e-04 3.547680e-01
495 6.447600e-01 4.200000e-04 3.548200e-01
496 6.447040e-01 4.080000e-04 3.548880e-01
497 6.446320e-01 4.240000e-04 3.549440e-01
498 6.445640e-01 4.200000e-04 3.550160e-01
499 6.445120e-01 3.880000e-04 3.551000e-01
500 6.444840e-01 3.320000e-04 3.551840e-01
