1 9.992240e-01 6.560000e-04 1.200000e-04
2 9.986680e-01 1.068000e-03 2.640000e-04
3 9.980280e-01 1.476000e-03 4.960000e-04
4 9.973640e-01 1.920000e-03 7.160000e-04
5 9.965880e-01 2.308000e-03 1.104000e-03
6 9.958400e-01 2.664000e-03 1.496000e-03
7 9.949120e-01 3.024000e-03 2.064000e-03
8 9.938440e-01 3.508000e-03 2.648000e-03
9 9.929320e-01 3.748000e-03 3.320000e-03
10 9.918400e-01 4.260000e-03 3.900000e-03
11 9.907200e-01 4.648000e-03 4.632000e-03
12 9.897320e-01 4.748000e-03 5.520000e-03
13 9.885640e-01 5.032000e-03 6.404000e-03
14 9.875680e-01 5.104000e-03 7.328000e-03
15 9.866520e-01 5.108000e-03 8.240000e-03
16 9.855560e-01 5.364000e-03 9.080000e-03
17 9.844920e-01 5.468000e-03 1.004000e-02
18 9.834200e-01 5.492000e-03 1.108800e-02
19 9.822440e-01 5.676000e-03 1.208000e-02
20 9.811560e-01 5.760000e-03 1.308400e-02
21 9.800200e-01 5.816000e-03 1.416400e-02
22 9.789400e-01 5.836000e-03 1.522400e-02
23 9.775600e-01 6.128000e-03 1.631200e-02
24 9.762840e-01 6.264000e-03 1.745200e-02
25 9.749920e-01 6.516000e-03 1.849200e-02
26 9.736360e-01 6.788000e-03 1.957600e-02
27 9.722760e-01 6.936000e-03 2.078800e-02
28 9.707920e-01 7.220000e-03 2.198800e-02
29 9.691600e-01 7.704000e-03 2.313600e-02
30 9.674560e-01 7.980000e-03 2.456400e-02
31 9.658280e-01 8.244000e-03 2.592800e-02
32 9.640640e-01 8.596000e-03 2.734000e-02
33 9.622880e-01 8.724000e-03 2.898800e-02
34 9.605960e-01 8.952000e-03 3.045200e-02
35 9.589120e-01 9.024000e-03 3.206400e-02
36 9.573120e-01 9.036000e-03 3.365200e-02
37 9.556920e-01 9.092000e-03 3.521600e-02
38 9.539480e-01 9.408000e-03 3.664400e-02
39 9.523960e-01 9.512000e-03 3.809200e-02
40 9.507840e-01 9.492000e-03 3.972400e-02
41 9.490920e-01 9.536000e-03 4.137200e-02
42 9.475560e-01 9.488000e-03 4.295600e-02
43 9.459280e-01 9.408000e-03 4.466400e-02
44 9.442000e-01 9.448000e-03 4.635200e-02
45 9.424800e-01 9.628000e-03 4.789200e-02
46 9.406720e-01 9.760000e-03 4.956800e-02
47 9.388880e-01 9.848000e-03 5.126400e-02
48 9.370880e-01 9.912000e-03 5.300000e-02
49 9.352280e-01 9.976000e-03 5.479600e-02
50 9.335000e-01 9.908000e-03 5.659200e-02
51 9.317600e-01 1.001200e-02 5.822800e-02
52 9.300960e-01 9.952000e-03 5.995200e-02
53 9.284680e-01 9.824000e-03 6.170800e-02
54 9.266800e-01 9.788000e-03 6.353200e-02
55 9.248360e-01 1.005200e-02 6.511200e-02
56 9.230560e-01 1.014000e-02 6.680400e-02
57 9.213160e-01 1.022000e-02 6.846400e-02
58 9.195200e-01 1.018800e-02 7.029200e-02
59 9.176560e-01 1.021200e-02 7.213200e-02
60 9.158480e-01 1.031200e-02 7.384000e-02
61 9.141160e-01 1.016400e-02 7.572000e-02
62 9.123040e-01 1.024400e-02 7.745200e-02
63 9.104560e-01 1.026000e-02 7.928400e-02
64 9.085600e-01 1.043200e-02 8.100800e-02
65 9.067320e-01 1.035600e-02 8.291200e-02
66 9.049560e-01 1.039600e-02 8.464800e-02
67 9.032040e-01 1.036400e-02 8.643200e-02
68 9.012920e-01 1.056000e-02 8.814800e-02
69 8.994400e-01 1.059200e-02 8.996800e-02
70 8.974840e-01 1.073200e-02 9.178400e-02
71 8.956920e-01 1.072400e-02 9.358400e-02
72 8.940440e-01 1.062800e-02 9.532800e-02
73 8.923840e-01 1.038400e-02 9.723200e-02
74 8.906200e-01 1.024000e-02 9.914000e-02
75 8.888680e-01 1.014000e-02 1.009920e-01
76 8.870960e-01 1.014400e-02 1.027600e-01
77 8.852440e-01 1.033600e-02 1.044200e-01
78 8.834880e-01 1.034000e-02 1.061720e-01
79 8.817120e-01 1.041600e-02 1.078720e-01
80 8.798840e-01 1.044400e-02 1.096720e-01
81 8.782240e-01 1.020800e-02 1.115680e-01
82 8.764040e-01 1.026400e-02 1.133320e-01
83 8.744760e-01 1.038400e-02 1.151400e-01
84 8.727320e-01 1.045200e-02 1.168160e-01
85 8.707880e-01 1.041200e-02 1.188000e-01
86 8.691160e-01 1.012000e-02 1.207640e-01
87 8.673200e-01 1.008000e-02 1.226000e-01
88 8.655880e-01 9.996000e-03 1.244160e-01
89 8.636440e-01 1.040400e-02 1.259520e-01
90 8.618920e-01 1.039600e-02 1.277120e-01
91 8.599160e-01 1.054000e-02 1.295440e-01
92 8.578840e-01 1.067200e-02 1.314440e-01
93 8.560120e-01 1.073600e-02 1.332520e-01
94 8.540200e-01 1.095600e-02 1.350240e-01
95 8.520240e-01 1.095600e-02 1.370200e-01
96 8.502600e-01 1.071200e-02 1.390280e-01
97 8.484440e-01 1.066000e-02 1.408960e-01
98 8.463960e-01 1.078000e-02 1.428240e-01
99 8.444960e-01 1.085600e-02 1.446480e-01
100 8.425600e-01 1.084000e-02 1.466000e-01
101 8.406440e-01 1.077200e-02 1.485840e-01
102 8.387600e-01 1.076400e-02 1.504760e-01
103 8.370280e-01 1.061200e-02 1.523600e-01
104 8.352760e-01 1.045200e-02 1.542720e-01
105 8.334760e-01 1.042000e-02 1.561040e-01
106 8.316800e-01 1.028000e-02 1.580400e-01
107 8.298760e-01 1.022000e-02 1.599040e-01
108 8.281600e-01 1.009200e-02 1.617480e-01
109 8.263920e-01 1.006400e-02 1.635440e-01
110 8.246960e-01 9.980000e-03 1.653240e-01
111 8.229520e-01 9.940000e-03 1.671080e-01
112 8.213320e-01 9.840000e-03 1.688280e-01
113 8.196280e-01 9.880000e-03 1.704920e-01
114 8.180560e-01 9.740000e-03 1.722040e-01
115 8.165360e-01 9.492000e-03 1.739720e-01
116 8.149320e-01 9.332000e-03 1.757360e-01
117 8.133880e-01 9.196000e-03 1.774160e-01
118 8.118440e-01 9.200000e-03 1.789560e-01
119 8.103600e-01 9.128000e-03 1.805120e-01
120 8.090280e-01 8.800000e-03 1.821720e-01
121 8.075960e-01 8.572000e-03 1.838320e-01
122 8.062160e-01 8.448000e-03 1.853360e-01
123 8.047480e-01 8.428000e-03 1.868240e-01
124 8.034400e-01 8.220000e-03 1.883400e-01
125 8.021240e-01 8.036000e-03 1.898400e-01
126 8.006520e-01 8.192000e-03 1.911560e-01
127 7.992240e-01 8.220000e-03 1.925560e-01
128 7.978760e-01 8.272000e-03 1.938520e-01
129 7.964920e-01 8.232000e-03 1.952760e-01
130 7.951160e-01 8.176000e-03 1.967080e-01
131 7.937960e-01 8.084000e-03 1.981200e-01
132 7.923200e-01 8.244000e-03 1.994360e-01
133 7.908440e-01 8.284000e-03 2.008720e-01
134 7.894720e-01 8.244000e-03 2.022840e-01
135 7.879800e-01 8.416000e-03 2.036040e-01
136 7.866240e-01 8.276000e-03 2.051000e-01
137 7.852640e-01 8.168000e-03 2.065680e-01
138 7.839040e-01 8.092000e-03 2.080040e-01
139 7.825880e-01 7.948000e-03 2.094640e-01
140 7.811360e-01 8.152000e-03 2.107120e-01
141 7.796840e-01 8.064000e-03 2.122520e-01
142 7.784080e-01 8.072000e-03 2.135200e-01
143 7.770000e-01 8.048000e-03 2.149520e-01
144 7.756080e-01 8.048000e-03 2.163440e-01
145 7.743080e-01 7.904000e-03 2.177880e-01
146 7.730880e-01 7.768000e-03 2.191440e-01
147 7.718200e-01 7.652000e-03 2.205280e-01
148 7.705640e-01 7.588000e-03 2.218480e-01
149 7.693400e-01 7.456000e-03 2.232040e-01
150 7.680040e-01 7.592000e-03 2.244040e-01
151 7.667200e-01 7.532000e-03 2.257480e-01
152 7.655000e-01 7.412000e-03 2.270880e-01
153 7.643520e-01 7.256000e-03 2.283920e-01
154 7.632320e-01 7.136000e-03 2.296320e-01
155 7.619480e-01 7.148000e-03 2.309040e-01
156 7.607960e-01 7.052000e-03 2.321520e-01
157 7.596520e-01 7.044000e-03 2.333040e-01
158 7.584320e-01 7.044000e-03 2.345240e-01
159 7.570480e-01 7.312000e-03 2.356400e-01
160 7.555920e-01 7.460000e-03 2.369480e-01
161 7.542760e-01 7.484000e-03 2.382400e-01
162 7.530120e-01 7.576000e-03 2.394120e-01
163 7.517080e-01 7.584000e-03 2.407080e-01
164 7.505440e-01 7.332000e-03 2.421240e-01
165 7.493200e-01 7.216000e-03 2.434640e-01
166 7.482400e-01 6.916000e-03 2.448440e-01
167 7.472480e-01 6.816000e-03 2.459360e-01
168 7.462520e-01 6.616000e-03 2.471320e-01
169 7.452040e-01 6.484000e-03 2.483120e-01
170 7.440560e-01 6.404000e-03 2.495400e-01
171 7.428920e-01 6.432000e-03 2.506760e-01
172 7.417280e-01 6.476000e-03 2.517960e-01
173 7.405240e-01 6.504000e-03 2.529720e-01
174 7.392840e-01 6.524000e-03 2.541920e-01
175 7.380800e-01 6.576000e-03 2.553440e-01
176 7.368880e-01 6.664000e-03 2.564480e-01
177 7.358360e-01 6.548000e-03 2.576160e-01
178 7.347520e-01 6.484000e-03 2.587640e-01
179 7.337080e-01 6.548000e-03 2.597440e-01
180 7.327520e-01 6.376000e-03 2.608720e-01
181 7.318000e-01 6.256000e-03 2.619440e-01
182 7.309560e-01 5.932000e-03 2.631120e-01
183 7.300840e-01 5.624000e-03 2.642920e-01
184 7.292440e-01 5.432000e-03 2.653240e-01
185 7.282280e-01 5.504000e-03 2.662680e-01
186 7.273840e-01 5.380000e-03 2.672360e-01
187 7.263560e-01 5.440000e-03 2.682040e-01
188 7.253560e-01 5.588000e-03 2.690560e-01
189 7.243600e-01 5.596000e-03 2.700440e-01
190 7.233880e-01 5.568000e-03 2.710440e-01
191 7.224040e-01 5.600000e-03 2.719960e-01
192 7.214640e-01 5.524000e-03 2.730120e-01
193 7.205280e-01 5.500000e-03 2.739720e-01
194 7.195760e-01 5.488000e-03 2.749360e-01
195 7.186480e-01 5.488000e-03 2.758640e-01
196 7.176280e-01 5.600000e-03 2.767720e-01
197 7.168720e-01 5.376000e-03 2.777520e-01
198 7.161600e-01 5.080000e-03 2.787600e-01
199 7.153800e-01 5.004000e-03 2.796160e-01
200 7.146400e-01 4.960000e-03 2.804000e-01
201 7.138560e-01 4.784000e-03 2.813600e-01
202 7.130040e-01 4.816000e-03 2.821800e-01
203 7.120720e-01 4.876000e-03 2.830520e-01
204 7.112160e-01 4.960000e-03 2.838240e-01
205 7.103440e-01 4.984000e-03 2.846720e-01
206 7.094600e-01 4.992000e-03 2.855480e-01
207 7.086560e-01 4.944000e-03 2.864000e-01
208 7.078760e-01 4.888000e-03 2.872360e-01
209 7.070080e-01 4.908000e-03 2.880840e-01
210 7.061760e-01 4.888000e-03 2.889360e-01
211 7.053120e-01 4.884000e-03 2.898040e-01
212 7.044240e-01 4.952000e-03 2.906240e-01
213 7.036080e-01 4.916000e-03 2.914760e-01
214 7.026840e-01 4.948000e-03 2.923680e-01
215 7.019760e-01 4.816000e-03 2.932080e-01
216 7.011760e-01 4.724000e-03 2.941000e-01
217 7.003520e-01 4.780000e-03 2.948680e-01
218 6.995160e-01 4.648000e-03 2.958360e-01
219 6.986640e-01 4.660000e-03 2.966760e-01
220 6.979160e-01 4.620000e-03 2.974640e-01
221 6.971200e-01 4.552000e-03 2.983280e-01
222 6.963960e-01 4.436000e-03 2.991680e-01
223 6.956520e-01 4.456000e-03 2.998920e-01
224 6.948720e-01 4.444000e-03 3.006840e-01
225 6.940640e-01 4.456000e-03 3.014800e-01
226 6.932600e-01 4.404000e-03 3.023360e-01
227 6.924720e-01 4.460000e-03 3.030680e-01
228 6.915960e-01 4.584000e-03 3.038200e-01
229 6.907520e-01 4.640000e-03 3.046080e-01
230 6.899720e-01 4.600000e-03 3.054280e-01
231 6.893080e-01 4.384000e-03 3.063080e-01
232 6.885280e-01 4.364000e-03 3.071080e-01
233 6.878280e-01 4.272000e-03 3.079000e-01
234 6.871280e-01 4.256000e-03 3.086160e-01
235 6.864280e-01 4.268000e-03 3.093040e-01
236 6.857080e-01 4.244000e-03 3.100480e-01
237 6.850520e-01 4.100000e-03 3.108480e-01
238 6.844240e-01 4.044000e-03 3.115320e-01
239 6.838840e-01 3.864000e-03 3.122520e-01
240 6.833480e-01 3.748000e-03 3.129040e-01
241 6.827280e-01 3.744000e-03 3.135280e-01
242 6.822120e-01 3.564000e-03 3.142240e-01
243 6.817120e-01 3.492000e-03 3.147960e-01
244 6.811600e-01 3.412000e-03 3.154280e-01
245 6.806160e-01 3.384000e-03 3.160000e-01
246 6.801240e-01 3.284000e-03 3.165920e-01
247 6.795560e-01 3.332000e-03 3.171120e-01
248 6.789320e-01 3.384000e-03 3.176840e-01
249 6.784960e-01 3.208000e-03 3.182960e-01
250 6.779640e-01 3.224000e-03 3.188120e-01
251 6.774520e-01 3.160000e-03 3.193880e-01
252 6.768240e-01 3.268000e-03 3.199080e-01
253 6.763240e-01 3.180000e-03 3.204960e-01
254 6.757640e-01 3.164000e-03 3.210720e-01
255 6.751840e-01 3.200000e-03 3.216160e-01
256 6.745960e-01 3.280000e-03 3.221240e-01
257 6.741080e-01 3.188000e-03 3.227040e-01
258 6.734840e-01 3.240000e-03 3.232760e-01
259 6.730040e-01 3.148000e-03 3.238480e-01
260 6.724720e-01 3.128000e-03 3.244000e-01
261 6.719240e-01 3.124000e-03 3.249520e-01
262 6.713520e-01 3.196000e-03 3.254520e-01
263 6.708280e-01 3.168000e-03 3.260040e-01
264 6.703960e-01 3.068000e-03 3.265360e-01
265 6.698920e-01 2.968000e-03 3.271400e-01
266 6.693840e-01 2.968000e-03 3.276480e-01
267 6.688680e-01 2.968000e-03 3.281640e-01
268 6.682960e-01 3.048000e-03 3.286560e-01
269 6.677800e-01 3.092000e-03 3.291280e-01
270 6.672720e-01 3.160000e-03 3.295680e-01
271 6.666400e-01 3.328000e-03 3.300320e-01
272 6.660880e-01 3.292000e-03 3.306200e-01
273 6.654960e-01 3.308000e-03 3.311960e-01
274 6.649080e-01 3.340000e-03 3.317520e-01
275 6.643720e-01 3.220000e-03 3.324080e-01
276 6.637880e-01 3.264000e-03 3.329480e-01
277 6.631880e-01 3.256000e-03 3.335560e-01
278 6.625200e-01 3.328000e-03 3.341520e-01
279 6.618680e-01 3.396000e-03 3.347360e-01
280 6.611960e-01 3.508000e-03 3.352960e-01
281 6.606880e-01 3.404000e-03 3.359080e-01
282 6.601240e-01 3.344000e-03 3.365320e-01
283 6.595800e-01 3.292000e-03 3.371280e-01
284 6.590040e-01 3.392000e-03 3.376040e-01
285 6.584240e-01 3.352000e-03 3.382240e-01
286 6.578360e-01 3.364000e-03 3.388000e-01
287 6.572400e-01 3.388000e-03 3.393720e-01
288 6.567080e-01 3.316000e-03 3.399760e-01
289 6.561520e-01 3.272000e-03 3.405760e-01
290 6.557120e-01 3.176000e-03 3.411120e-01
291 6.551440e-01 3.196000e-03 3.416600e-01
292 6.546240e-01 3.164000e-03 3.422120e-01
293 6.538920e-01 3.356000e-03 3.427520e-01
294 6.533440e-01 3.284000e-03 3.433720e-01
295 6.527320e-01 3.332000e-03 3.439360e-01
296 6.520840e-01 3.404000e-03 3.445120e-01
297 6.515520e-01 3.292000e-03 3.451560e-01
298 6.509520e-01 3.352000e-03 3.456960e-01
299 6.504160e-01 3.280000e-03 3.463040e-01
300 6.498880e-01 3.272000e-03 3.468400e-01
301 6.493360e-01 3.252000e-03 3.474120e-01
302 6.487360e-01 3.212000e-03 3.480520e-01
303 6.481640e-01 3.264000e-03 3.485720e-01
304 6.475440e-01 3.284000e-03 3.491720e-01
305 6.468760e-01 3.352000e-03 3.497720e-01
306 6.462520e-01 3.388000e-03 3.503600e-01
307 6.456120e-01 3.352000e-03 3.510360e-01
308 6.450760e-01 3.312000e-03 3.516120e-01
309 6.444680e-01 3.388000e-03 3.521440e-01
310 6.439360e-01 3.268000e-03 3.527960e-01
311 6.434440e-01 3.176000e-03 3.533800e-01
312 6.429200e-01 3.168000e-03 3.539120e-01
313 6.423280e-01 3.228000e-03 3.544440e-01
314 6.417360e-01 3.292000e-03 3.549720e-01
315 6.410800e-01 3.400000e-03 3.555200e-01
316 6.404680e-01 3.480000e-03 3.560520e-01
317 6.399480e-01 3.472000e-03 3.565800e-01
318 6.393680e-01 3.376000e-03 3.572560e-01
319 6.388080e-01 3.344000e-03 3.578480e-01
320 6.382720e-01 3.260000e-03 3.584680e-01
321 6.377000e-01 3.324000e-03 3.589760e-01
322 6.372120e-01 3.252000e-03 3.595360e-01
323 6.366920e-01 3.172000e-03 3.601360e-01
324 6.362400e-01 3.044000e-03 3.607160e-01
325 6.358320e-01 2.908000e-03 3.612600e-01
326 6.353920e-01 2.812000e-03 3.617960e-01
327 6.349360e-01 2.840000e-03 3.622240e-01
328 6.345280e-01 2.768000e-03 3.627040e-01
329 6.340720e-01 2.764000e-03 3.631640e-01
330 6.336200e-01 2.760000e-03 3.636200e-01
331 6.331440e-01 2.712000e-03 3.641440e-01
332 6.326600e-01 2.636000e-03 3.647040e-01
333 6.322120e-01 2.612000e-03 3.651760e-01
334 6.317640e-01 2.620000e-03 3.656160e-01
335 6.313840e-01 2.540000e-03 3.660760e-01
336 6.310120e-01 2.532000e-03 3.664560e-01
337 6.306440e-01 2.432000e-03 3.669240e-01
338 6.301800e-01 2.448000e-03 3.673720e-01
339 6.297480e-01 2.440000e-03 3.678120e-01
340 6.293240e-01 2.476000e-03 3.682000e-01
341 6.289400e-01 2.376000e-03 3.686840e-01
342 6.285440e-01 2.412000e-03 3.690440e-01
343 6.280880e-01 2.444000e-03 3.694680e-01
344 6.275800e-01 2.508000e-03 3.699120e-01
345 6.271400e-01 2.572000e-03 3.702880e-01
346 6.265760e-01 2.696000e-03 3.707280e-01
347 6.261280e-01 2.756000e-03 3.711160e-01
348 6.256680e-01 2.628000e-03 3.717040e-01
349 6.252440e-01 2.500000e-03 3.722560e-01
350 6.248040e-01 2.452000e-03 3.727440e-01
351 6.243760e-01 2.428000e-03 3.731960e-01
352 6.239600e-01 2.436000e-03 3.736040e-01
353 6.235600e-01 2.452000e-03 3.739880e-01
354 6.229960e-01 2.588000e-03 3.744160e-01
355 6.224600e-01 2.636000e-03 3.749040e-01
356 6.220360e-01 2.584000e-03 3.753800e-01
357 6.216160e-01 2.540000e-03 3.758440e-01
358 6.211280e-01 2.560000e-03 3.763120e-01
359 6.206960e-01 2.580000e-03 3.767240e-01
360 6.202040e-01 2.624000e-03 3.771720e-01
361 6.197400e-01 2.612000e-03 3.776480e-01
362 6.192720e-01 2.576000e-03 3.781520e-01
363 6.188280e-01 2.640000e-03 3.785320e-01
364 6.183480e-01 2.676000e-03 3.789760e-01
365 6.179320e-01 2.664000e-03 3.794040e-01
366 6.175760e-01 2.616000e-03 3.798080e-01
367 6.170800e-01 2.724000e-03 3.801960e-01
368 6.166640e-01 2.636000e-03 3.807000e-01
369 6.162760e-01 2.552000e-03 3.811720e-01
370 6.158560e-01 2.512000e-03 3.816320e-01
371 6.155280e-01 2.420000e-03 3.820520e-01
372 6.151440e-01 2.388000e-03 3.824680e-01
373 6.147600e-01 2.424000e-03 3.828160e-01
374 6.142920e-01 2.428000e-03 3.832800e-01
375 6.139320e-01 2.360000e-03 3.837080e-01
376 6.134920e-01 2.372000e-03 3.841360e-01
377 6.131080e-01 2.360000e-03 3.845320e-01
378 6.127280e-01 2.324000e-03 3.849480e-01
379 6.123280e-01 2.364000e-03 3.853080e-01
380 6.118720e-01 2.408000e-03 3.857200e-01
381 6.114640e-01 2.392000e-03 3.861440e-01
382 6.111520e-01 2.248000e-03 3.866000e-01
383 6.107840e-01 2.164000e-03 3.870520e-01
384 6.104320e-01 2.168000e-03 3.874000e-01
385 6.100880e-01 2.156000e-03 3.877560e-01
386 6.097680e-01 2.112000e-03 3.881200e-01
387 6.094720e-01 2.044000e-03 3.884840e-01
388 6.091080e-01 2.040000e-03 3.888520e-01
389 6.086720e-01 2.088000e-03 3.892400e-01
390 6.082880e-01 2.092000e-03 3.896200e-01
391 6.078720e-01 2.080000e-03 3.900480e-01
392 6.074880e-01 2.036000e-03 3.904760e-01
393 6.070720e-01 2.128000e-03 3.908000e-01
394 6.067680e-01 2.048000e-03 3.911840e-01
395 6.063960e-01 2.068000e-03 3.915360e-01
396 6.060520e-01 2.104000e-03 3.918440e-01
397 6.056720e-01 2.120000e-03 3.922080e-01
398 6.052800e-01 2.188000e-03 3.925320e-01
399 6.048720e-01 2.192000e-03 3.929360e-01
400 6.045360e-01 2.160000e-03 3.933040e-01
401 6.042240e-01 2.160000e-03 3.936160e-01
402 6.039800e-01 2.052000e-03 3.939680e-01
403 6.036680e-01 2.004000e-03 3.943280e-01
404 6.033880e-01 1.928000e-03 3.946840e-01
405 6.030840e-01 1.836000e-03 3.950800e-01
406 6.028160e-01 1.812000e-03 3.953720e-01
407 6.024840e-01 1.764000e-03 3.957520e-01
408 6.022480e-01 1.672000e-03 3.960800e-01
409 6.019920e-01 1.620000e-03 3.963880e-01
410 6.017040e-01 1.612000e-03 3.966840e-01
411 6.014280e-01 1.588000e-03 3.969840e-01
412 6.011360e-01 1.592000e-03 3.972720e-01
413 6.008680e-01 1.612000e-03 3.975200e-01
414 6.005760e-01 1.568000e-03 3.978560e-01
415 6.003120e-01 1.592000e-03 3.980960e-01
416 6.000080e-01 1.644000e-03 3.983480e-01
417 5.996920e-01 1.668000e-03 3.986400e-01
418 5.994000e-01 1.688000e-03 3.989120e-01
419 5.991040e-01 1.676000e-03 3.992200e-01
420 5.988120e-01 1.696000e-03 3.994920e-01
421 5.985360e-01 1.676000e-03 3.997880e-01
422 5.983280e-01 1.552000e-03 4.001200e-01
423 5.981400e-01 1.444000e-03 4.004160e-01
424 5.979280e-01 1.440000e-03 4.006320e-01
425 5.977120e-01 1.340000e-03 4.009480e-01
426 5.975040e-01 1.364000e-03 4.011320e-01
427 5.973000e-01 1.292000e-03 4.014080e-01
428 5.970480e-01 1.320000e-03 4.016320e-01
429 5.968120e-01 1.376000e-03 4.018120e-01
430 5.965440e-01 1.432000e-03 4.020240e-01
431 5.962400e-01 1.500000e-03 4.022600e-01
432 5.959920e-01 1.472000e-03 4.025360e-01
433 5.957240e-01 1.488000e-03 4.027880e-01
434 5.954760e-01 1.476000e-03 4.030480e-01
435 5.952360e-01 1.404000e-03 4.033600e-01
436 5.950560e-01 1.316000e-03 4.036280e-01
437 5.948440e-01 1.320000e-03 4.038360e-01
438 5.946440e-01 1.264000e-03 4.040920e-01
439 5.944200e-01 1.276000e-03 4.043040e-01
440 5.942000e-01 1.236000e-03 4.045640e-01
441 5.939520e-01 1.236000e-03 4.048120e-01
442 5.937360e-01 1.212000e-03 4.050520e-01
443 5.935520e-01 1.176000e-03 4.052720e-01
444 5.933760e-01 1.160000e-03 4.054640e-01
445 5.931440e-01 1.192000e-03 4.056640e-01
446 5.929040e-01 1.204000e-03 4.058920e-01
447 5.926840e-01 1.252000e-03 4.060640e-01
448 5.924200e-01 1.340000e-03 4.062400e-01
449 5.922080e-01 1.308000e-03 4.064840e-01
450 5.919840e-01 1.236000e-03 4.067800e-01
451 5.918080e-01 1.192000e-03 4.070000e-01
452 5.916080e-01 1.168000e-03 4.072240e-01
453 5.914040e-01 1.132000e-03 4.074640e-01
454 5.911160e-01 1.204000e-03 4.076800e-01
455 5.908880e-01 1.248000e-03 4.078640e-01
456 5.906880e-01 1.216000e-03 4.080960e-01
457 5.904760e-01 1.208000e-03 4.083160e-01
458 5.902240e-01 1.260000e-03 4.085160e-01
459 5.899720e-01 1.320000e-03 4.087080e-01
460 5.897040e-01 1.400000e-03 4.088960e-01
461 5.894920e-01 1.348000e-03 4.091600e-01
462 5.892400e-01 1.284000e-03 4.094760e-01
463 5.890400e-01 1.244000e-03 4.097160e-01
464 5.888600e-01 1.200000e-03 4.099400e-01
465 5.886760e-01 1.184000e-03 4.101400e-01
466 5.885000e-01 1.140000e-03 4.103600e-01
467 5.883600e-01 1.056000e-03 4.105840e-01
468 5.881680e-01 1.080000e-03 4.107520e-01
469 5.879840e-01 1.040000e-03 4.109760e-01
470 5.878480e-01 9.560000e-04 4.111960e-01
471 5.876320e-01 1.032000e-03 4.113360e-01
472 5.874160e-01 1.032000e-03 4.115520e-01
473 5.871880e-01 1.100000e-03 4.117120e-01
474 5.869800e-01 1.112000e-03 4.119080e-01
475 5.867520e-01 1.152000e-03 4.120960e-01
476 5.865240e-01 1.156000e-03 4.123200e-01
477 5.863200e-01 1.156000e-03 4.125240e-01
478 5.861240e-01 1.096000e-03 4.127800e-01
479 5.858840e-01 1.144000e-03 4.129720e-01
480 5.856640e-01 1.164000e-03 4.131720e-01
481 5.854960e-01 1.176000e-03 4.133280e-01
482 5.852840e-01 1.208000e-03 4.135080e-01
483 5.850920e-01 1.172000e-03 4.137360e-01
484 5.849600e-01 1.092000e-03 4.139480e-01
485 5.848280e-01 1.036000e-03 4.141360e-01
486 5.846000e-01 1.096000e-03 4.143040e-01
487 5.844240e-01 1.108000e-03 4.144680e-01
488 5.842560e-01 1.108000e-03 4.146360e-01
489 5.841000e-01 1.112000e-03 4.147880e-01
490 5.839720e-01 9.840000e-04 4.150440e-01
491 5.838400e-01 9.600000e-04 4.152000e-01
492 5.836960e-01 8.880000e-04 4.154160e-01
493 5.835680e-01 8.440000e-04 4.155880e-01
494 5.834240e-01 8.440000e-04 4.157320e-01
495 5.833160e-01 7.880000e-04 4.158960e-01
496 5.831560e-01 8.360000e-04 4.160080e-01
497 5.830680e-01 7.440000e-04 4.161880e-01
498 5.829720e-01 7.160000e-04 4.163120e-01
499 5.828520e-01 7.240000e-04 4.164240e-01
500 5.827560e-01 6.800000e-04 4.165640e-01
