1 9.992440e-01 6.440000e-04 1.120000e-04
2 9.987840e-01 9.440000e-04 2.720000e-04
3 9.982160e-01 1.320000e-03 4.640000e-04
4 9.975960e-01 1.676000e-03 7.280000e-04
5 9.968800e-01 2.040000e-03 1.080000e-03
6 9.961120e-01 2.412000e-03 1.476000e-03
7 9.953280e-01 2.708000e-03 1.964000e-03
8 9.945120e-01 2.976000e-03 2.512000e-03
9 9.936880e-01 3.232000e-03 3.080000e-03
10 9.927680e-01 3.604000e-03 3.628000e-03
11 9.918200e-01 3.900000e-03 4.280000e-03
12 9.908240e-01 4.240000e-03 4.936000e-03
13 9.898760e-01 4.424000e-03 5.700000e-03
14 9.889120e-01 4.588000e-03 6.500000e-03
15 9.879120e-01 4.708000e-03 7.380000e-03
16 9.867440e-01 5.044000e-03 8.212000e-03
17 9.858240e-01 5.112000e-03 9.064000e-03
18 9.847120e-01 5.292000e-03 9.996000e-03
19 9.836200e-01 5.548000e-03 1.083200e-02
20 9.826320e-01 5.496000e-03 1.187200e-02
21 9.815360e-01 5.632000e-03 1.283200e-02
22 9.803680e-01 5.764000e-03 1.386800e-02
23 9.791880e-01 5.840000e-03 1.497200e-02
24 9.780400e-01 5.940000e-03 1.602000e-02
25 9.769640e-01 6.000000e-03 1.703600e-02
26 9.757400e-01 6.156000e-03 1.810400e-02
27 9.744960e-01 6.296000e-03 1.920800e-02
28 9.732920e-01 6.540000e-03 2.016800e-02
29 9.721360e-01 6.544000e-03 2.132000e-02
30 9.708040e-01 6.752000e-03 2.244400e-02
31 9.694480e-01 6.704000e-03 2.384800e-02
32 9.681800e-01 6.780000e-03 2.504000e-02
33 9.669320e-01 6.788000e-03 2.628000e-02
34 9.656520e-01 6.916000e-03 2.743200e-02
35 9.644000e-01 6.888000e-03 2.871200e-02
36 9.630880e-01 6.940000e-03 2.997200e-02
37 9.616840e-01 7.104000e-03 3.121200e-02
38 9.604240e-01 7.228000e-03 3.234800e-02
39 9.591760e-01 7.120000e-03 3.370400e-02
40 9.579080e-01 7.152000e-03 3.494000e-02
41 9.566120e-01 7.124000e-03 3.626400e-02
42 9.553480e-01 7.164000e-03 3.748800e-02
43 9.539280e-01 7.336000e-03 3.873600e-02
44 9.526720e-01 7.268000e-03 4.006000e-02
45 9.514280e-01 7.288000e-03 4.128400e-02
46 9.501520e-01 7.284000e-03 4.256400e-02
47 9.489640e-01 7.232000e-03 4.380400e-02
48 9.476360e-01 7.240000e-03 4.512400e-02
49 9.464480e-01 7.080000e-03 4.647200e-02
50 9.452280e-01 6.972000e-03 4.780000e-02
51 9.439920e-01 7.008000e-03 4.900000e-02
52 9.428000e-01 7.012000e-03 5.018800e-02
53 9.415680e-01 7.116000e-03 5.131600e-02
54 9.401680e-01 7.340000e-03 5.249200e-02
55 9.388360e-01 7.548000e-03 5.361600e-02
56 9.375080e-01 7.516000e-03 5.497600e-02
57 9.361720e-01 7.572000e-03 5.625600e-02
58 9.347680e-01 7.504000e-03 5.772800e-02
59 9.333520e-01 7.544000e-03 5.910400e-02
60 9.319880e-01 7.488000e-03 6.052400e-02
61 9.307200e-01 7.400000e-03 6.188000e-02
62 9.294440e-01 7.372000e-03 6.318400e-02
63 9.279640e-01 7.548000e-03 6.448800e-02
64 9.265800e-01 7.640000e-03 6.578000e-02
65 9.254320e-01 7.492000e-03 6.707600e-02
66 9.240480e-01 7.380000e-03 6.857200e-02
67 9.228400e-01 7.276000e-03 6.988400e-02
68 9.216240e-01 7.232000e-03 7.114400e-02
69 9.203920e-01 7.212000e-03 7.239600e-02
70 9.192360e-01 6.940000e-03 7.382400e-02
71 9.180640e-01 6.924000e-03 7.501200e-02
72 9.169480e-01 6.832000e-03 7.622000e-02
73 9.156840e-01 6.896000e-03 7.742000e-02
74 9.144080e-01 7.028000e-03 7.856400e-02
75 9.130520e-01 7.160000e-03 7.978800e-02
76 9.116560e-01 7.192000e-03 8.115200e-02
77 9.103400e-01 7.224000e-03 8.243600e-02
78 9.090680e-01 7.212000e-03 8.372000e-02
79 9.078240e-01 7.188000e-03 8.498800e-02
80 9.065240e-01 7.184000e-03 8.629200e-02
81 9.052200e-01 7.176000e-03 8.760400e-02
82 9.039440e-01 7.216000e-03 8.884000e-02
83 9.025960e-01 7.248000e-03 9.015600e-02
84 9.010560e-01 7.504000e-03 9.144000e-02
85 8.996760e-01 7.652000e-03 9.267200e-02
86 8.984040e-01 7.616000e-03 9.398000e-02
87 8.970560e-01 7.716000e-03 9.522800e-02
88 8.956240e-01 7.736000e-03 9.664000e-02
89 8.941920e-01 7.872000e-03 9.793600e-02
90 8.929760e-01 7.732000e-03 9.929200e-02
91 8.915640e-01 7.748000e-03 1.006880e-01
92 8.904760e-01 7.492000e-03 1.020320e-01
93 8.891760e-01 7.484000e-03 1.033400e-01
94 8.879600e-01 7.500000e-03 1.045400e-01
95 8.866920e-01 7.504000e-03 1.058040e-01
96 8.853280e-01 7.512000e-03 1.071600e-01
97 8.841040e-01 7.452000e-03 1.084440e-01
98 8.828840e-01 7.324000e-03 1.097920e-01
99 8.815520e-01 7.452000e-03 1.109960e-01
100 8.804400e-01 7.236000e-03 1.123240e-01
101 8.790760e-01 7.232000e-03 1.136920e-01
102 8.778760e-01 7.212000e-03 1.149120e-01
103 8.765920e-01 7.228000e-03 1.161800e-01
104 8.754960e-01 7.056000e-03 1.174480e-01
105 8.742720e-01 7.040000e-03 1.186880e-01
106 8.730480e-01 6.852000e-03 1.201000e-01
107 8.719800e-01 6.740000e-03 1.212800e-01
108 8.708240e-01 6.668000e-03 1.225080e-01
109 8.696080e-01 6.732000e-03 1.236600e-01
110 8.685240e-01 6.596000e-03 1.248800e-01
111 8.673920e-01 6.556000e-03 1.260520e-01
112 8.661800e-01 6.616000e-03 1.272040e-01
113 8.652360e-01 6.444000e-03 1.283200e-01
114 8.641480e-01 6.416000e-03 1.294360e-01
115 8.630720e-01 6.468000e-03 1.304600e-01
116 8.619400e-01 6.500000e-03 1.315600e-01
117 8.607520e-01 6.508000e-03 1.327400e-01
118 8.595280e-01 6.532000e-03 1.339400e-01
119 8.583800e-01 6.568000e-03 1.350520e-01
120 8.572520e-01 6.520000e-03 1.362280e-01
121 8.562160e-01 6.376000e-03 1.374080e-01
122 8.549600e-01 6.492000e-03 1.385480e-01
123 8.538640e-01 6.400000e-03 1.397360e-01
124 8.528320e-01 6.404000e-03 1.407640e-01
125 8.518280e-01 6.408000e-03 1.417640e-01
126 8.509440e-01 6.320000e-03 1.427360e-01
127 8.500320e-01 5.976000e-03 1.439920e-01
128 8.490960e-01 5.812000e-03 1.450920e-01
129 8.482240e-01 5.656000e-03 1.461200e-01
130 8.474160e-01 5.540000e-03 1.470440e-01
131 8.465760e-01 5.464000e-03 1.479600e-01
132 8.458280e-01 5.248000e-03 1.489240e-01
133 8.449480e-01 5.256000e-03 1.497960e-01
134 8.440320e-01 5.256000e-03 1.507120e-01
135 8.432000e-01 5.144000e-03 1.516560e-01
136 8.422920e-01 5.112000e-03 1.525960e-01
137 8.414440e-01 5.116000e-03 1.534400e-01
138 8.405800e-01 5.048000e-03 1.543720e-01
139 8.395280e-01 5.208000e-03 1.552640e-01
140 8.385480e-01 5.236000e-03 1.562160e-01
141 8.376040e-01 5.224000e-03 1.571720e-01
142 8.367320e-01 5.216000e-03 1.580520e-01
143 8.358840e-01 5.104000e-03 1.590120e-01
144 8.351000e-01 4.972000e-03 1.599280e-01
145 8.343640e-01 4.964000e-03 1.606720e-01
146 8.334960e-01 4.976000e-03 1.615280e-01
147 8.327400e-01 4.876000e-03 1.623840e-01
148 8.320120e-01 4.724000e-03 1.632640e-01
149 8.311760e-01 4.764000e-03 1.640600e-01
150 8.303280e-01 4.712000e-03 1.649600e-01
151 8.294080e-01 4.768000e-03 1.658240e-01
152 8.285560e-01 4.828000e-03 1.666160e-01
153 8.277040e-01 4.904000e-03 1.673920e-01
154 8.269160e-01 4.900000e-03 1.681840e-01
155 8.259480e-01 5.068000e-03 1.689840e-01
156 8.250560e-01 5.024000e-03 1.699200e-01
157 8.242560e-01 4.892000e-03 1.708520e-01
158 8.233960e-01 4.944000e-03 1.716600e-01
159 8.225880e-01 4.852000e-03 1.725600e-01
160 8.216880e-01 4.916000e-03 1.733960e-01
161 8.208080e-01 4.996000e-03 1.741960e-01
162 8.200320e-01 4.884000e-03 1.750840e-01
163 8.191800e-01 4.956000e-03 1.758640e-01
164 8.182240e-01 4.952000e-03 1.768240e-01
165 8.174480e-01 4.920000e-03 1.776320e-01
166 8.165400e-01 4.972000e-03 1.784880e-01
167 8.156760e-01 4.968000e-03 1.793560e-01
168 8.147280e-01 4.892000e-03 1.803800e-01
169 8.137880e-01 5.032000e-03 1.811800e-01
170 8.128240e-01 5.168000e-03 1.820080e-01
171 8.119080e-01 5.276000e-03 1.828160e-01
172 8.108720e-01 5.376000e-03 1.837520e-01
173 8.099160e-01 5.392000e-03 1.846920e-01
174 8.089560e-01 5.464000e-03 1.855800e-01
175 8.079920e-01 5.396000e-03 1.866120e-01
176 8.070640e-01 5.352000e-03 1.875840e-01
177 8.061680e-01 5.336000e-03 1.884960e-01
178 8.053840e-01 5.120000e-03 1.894960e-01
179 8.045920e-01 4.956000e-03 1.904520e-01
180 8.038240e-01 4.844000e-03 1.913320e-01
181 8.031400e-01 4.644000e-03 1.922160e-01
182 8.024960e-01 4.520000e-03 1.929840e-01
183 8.017400e-01 4.548000e-03 1.937120e-01
184 8.010400e-01 4.440000e-03 1.945200e-01
185 8.002560e-01 4.436000e-03 1.953080e-01
186 7.994760e-01 4.548000e-03 1.959760e-01
187 7.987520e-01 4.504000e-03 1.967440e-01
188 7.981040e-01 4.388000e-03 1.975080e-01
189 7.974400e-01 4.360000e-03 1.982000e-01
190 7.967400e-01 4.236000e-03 1.990240e-01
191 7.960440e-01 4.244000e-03 1.997120e-01
192 7.954200e-01 4.160000e-03 2.004200e-01
193 7.947200e-01 4.128000e-03 2.011520e-01
194 7.940120e-01 4.188000e-03 2.018000e-01
195 7.931640e-01 4.296000e-03 2.025400e-01
196 7.924280e-01 4.284000e-03 2.032880e-01
197 7.917600e-01 4.168000e-03 2.040720e-01
198 7.911760e-01 4.064000e-03 2.047600e-01
199 7.905080e-01 3.996000e-03 2.054960e-01
200 7.897120e-01 4.072000e-03 2.062160e-01
201 7.891480e-01 3.912000e-03 2.069400e-01
202 7.885680e-01 3.836000e-03 2.075960e-01
203 7.878720e-01 3.868000e-03 2.082600e-01
204 7.872000e-01 3.876000e-03 2.089240e-01
205 7.866240e-01 3.736000e-03 2.096400e-01
206 7.860720e-01 3.744000e-03 2.101840e-01
207 7.854600e-01 3.684000e-03 2.108560e-01
208 7.848240e-01 3.668000e-03 2.115080e-01
209 7.841800e-01 3.648000e-03 2.121720e-01
210 7.835640e-01 3.652000e-03 2.127840e-01
211 7.828360e-01 3.760000e-03 2.134040e-01
212 7.820240e-01 3.912000e-03 2.140640e-01
213 7.813280e-01 3.848000e-03 2.148240e-01
214 7.806920e-01 3.868000e-03 2.154400e-01
215 7.800200e-01 3.908000e-03 2.160720e-01
216 7.792960e-01 3.972000e-03 2.167320e-01
217 7.786120e-01 3.920000e-03 2.174680e-01
218 7.779920e-01 3.736000e-03 2.182720e-01
219 7.774800e-01 3.612000e-03 2.189080e-01
220 7.769400e-01 3.464000e-03 2.195960e-01
221 7.764120e-01 3.376000e-03 2.202120e-01
222 7.757160e-01 3.448000e-03 2.208360e-01
223 7.749880e-01 3.520000e-03 2.214920e-01
224 7.743000e-01 3.564000e-03 2.221360e-01
225 7.737240e-01 3.492000e-03 2.227840e-01
226 7.730520e-01 3.544000e-03 2.234040e-01
227 7.724640e-01 3.528000e-03 2.240080e-01
228 7.718080e-01 3.492000e-03 2.247000e-01
229 7.711200e-01 3.552000e-03 2.253280e-01
230 7.705400e-01 3.448000e-03 2.260120e-01
231 7.699680e-01 3.416000e-03 2.266160e-01
232 7.693800e-01 3.380000e-03 2.272400e-01
233 7.688400e-01 3.248000e-03 2.279120e-01
234 7.682200e-01 3.292000e-03 2.284880e-01
235 7.675120e-01 3.396000e-03 2.290920e-01
236 7.667800e-01 3.604000e-03 2.296160e-01
237 7.660640e-01 3.768000e-03 2.301680e-01
238 7.654720e-01 3.708000e-03 2.308200e-01
239 7.647920e-01 3.744000e-03 2.314640e-01
240 7.641680e-01 3.704000e-03 2.321280e-01
241 7.635960e-01 3.568000e-03 2.328360e-01
242 7.628920e-01 3.688000e-03 2.334200e-01
243 7.622480e-01 3.688000e-03 2.340640e-01
244 7.615960e-01 3.760000e-03 2.346440e-01
245 7.608160e-01 3.896000e-03 2.352880e-01
246 7.602160e-01 3.880000e-03 2.359040e-01
247 7.596400e-01 3.772000e-03 2.365880e-01
248 7.591240e-01 3.548000e-03 2.373280e-01
249 7.585680e-01 3.468000e-03 2.379640e-01
250 7.580560e-01 3.420000e-03 2.385240e-01
251 7.574680e-01 3.444000e-03 2.390880e-01
252 7.570160e-01 3.260000e-03 2.397240e-01
253 7.565320e-01 3.152000e-03 2.403160e-01
254 7.560480e-01 3.128000e-03 2.408240e-01
255 7.556800e-01 2.920000e-03 2.414000e-01
256 7.552080e-01 2.860000e-03 2.419320e-01
257 7.547480e-01 2.852000e-03 2.424000e-01
258 7.543040e-01 2.740000e-03 2.429560e-01
259 7.537800e-01 2.784000e-03 2.434360e-01
260 7.531800e-01 2.868000e-03 2.439520e-01
261 7.526480e-01 2.928000e-03 2.444240e-01
262 7.521200e-01 2.896000e-03 2.449840e-01
263 7.515680e-01 2.884000e-03 2.455480e-01
264 7.510360e-01 2.988000e-03 2.459760e-01
265 7.505560e-01 2.908000e-03 2.465360e-01
266 7.500400e-01 2.932000e-03 2.470280e-01
267 7.494640e-01 2.936000e-03 2.476000e-01
268 7.489280e-01 2.904000e-03 2.481680e-01
269 7.484040e-01 2.860000e-03 2.487360e-01
270 7.479720e-01 2.812000e-03 2.492160e-01
271 7.474200e-01 2.868000e-03 2.497120e-01
272 7.469160e-01 2.904000e-03 2.501800e-01
273 7.464080e-01 2.884000e-03 2.507080e-01
274 7.458400e-01 2.972000e-03 2.511880e-01
275 7.453680e-01 2.900000e-03 2.517320e-01
276 7.447160e-01 3.044000e-03 2.522400e-01
277 7.440680e-01 3.104000e-03 2.528280e-01
278 7.435000e-01 3.164000e-03 2.533360e-01
279 7.429840e-01 3.160000e-03 2.538560e-01
280 7.424360e-01 3.096000e-03 2.544680e-01
281 7.419560e-01 3.040000e-03 2.550040e-01
282 7.415240e-01 2.956000e-03 2.555200e-01
283 7.409960e-01 2.980000e-03 2.560240e-01
284 7.405680e-01 2.924000e-03 2.565080e-01
285 7.400480e-01 2.976000e-03 2.569760e-01
286 7.394320e-01 3.064000e-03 2.575040e-01
287 7.389200e-01 3.004000e-03 2.580760e-01
288 7.382920e-01 3.080000e-03 2.586280e-01
289 7.377680e-01 3.008000e-03 2.592240e-01
290 7.371600e-01 3.100000e-03 2.597400e-01
291 7.365440e-01 3.116000e-03 2.603400e-01
292 7.359680e-01 3.176000e-03 2.608560e-01
293 7.353560e-01 3.260000e-03 2.613840e-01
294 7.348480e-01 3.268000e-03 2.618840e-01
295 7.342880e-01 3.340000e-03 2.623720e-01
296 7.337960e-01 3.368000e-03 2.628360e-01
297 7.332400e-01 3.316000e-03 2.634440e-01
298 7.328080e-01 3.204000e-03 2.639880e-01
299 7.323640e-01 3.112000e-03 2.645240e-01
300 7.319080e-01 3.100000e-03 2.649920e-01
301 7.315040e-01 2.944000e-03 2.655520e-01
302 7.311320e-01 2.832000e-03 2.660360e-01
303 7.306960e-01 2.808000e-03 2.664960e-01
304 7.303160e-01 2.736000e-03 2.669480e-01
305 7.298760e-01 2.660000e-03 2.674640e-01
306 7.294000e-01 2.644000e-03 2.679560e-01
307 7.289200e-01 2.692000e-03 2.683880e-01
308 7.284400e-01 2.752000e-03 2.688080e-01
309 7.278680e-01 2.816000e-03 2.693160e-01
310 7.273480e-01 2.888000e-03 2.697640e-01
311 7.268640e-01 2.840000e-03 2.702960e-01
312 7.264200e-01 2.832000e-03 2.707480e-01
313 7.259520e-01 2.816000e-03 2.712320e-01
314 7.255120e-01 2.788000e-03 2.717000e-01
315 7.250880e-01 2.744000e-03 2.721680e-01
316 7.246880e-01 2.644000e-03 2.726680e-01
317 7.242640e-01 2.588000e-03 2.731480e-01
318 7.238760e-01 2.548000e-03 2.735760e-01
319 7.234920e-01 2.496000e-03 2.740120e-01
320 7.231280e-01 2.356000e-03 2.745160e-01
321 7.227680e-01 2.344000e-03 2.748880e-01
322 7.223480e-01 2.372000e-03 2.752800e-01
323 7.219840e-01 2.344000e-03 2.756720e-01
324 7.215600e-01 2.416000e-03 2.760240e-01
325 7.211720e-01 2.384000e-03 2.764440e-01
326 7.208120e-01 2.376000e-03 2.768120e-01
327 7.204120e-01 2.368000e-03 2.772200e-01
328 7.200320e-01 2.376000e-03 2.775920e-01
329 7.196840e-01 2.368000e-03 2.779480e-01
330 7.193000e-01 2.404000e-03 2.782960e-01
331 7.188760e-01 2.360000e-03 2.787640e-01
332 7.185680e-01 2.344000e-03 2.790880e-01
333 7.182760e-01 2.256000e-03 2.794680e-01
334 7.179360e-01 2.192000e-03 2.798720e-01
335 7.176560e-01 2.148000e-03 2.801960e-01
336 7.172760e-01 2.092000e-03 2.806320e-01
337 7.170040e-01 1.980000e-03 2.810160e-01
338 7.167080e-01 1.964000e-03 2.813280e-01
339 7.164200e-01 1.964000e-03 2.816160e-01
340 7.161160e-01 1.948000e-03 2.819360e-01
341 7.157920e-01 1.936000e-03 2.822720e-01
342 7.154480e-01 1.920000e-03 2.826320e-01
343 7.151400e-01 1.940000e-03 2.829200e-01
344 7.148640e-01 1.848000e-03 2.832880e-01
345 7.145200e-01 1.892000e-03 2.835880e-01
346 7.141440e-01 1.916000e-03 2.839400e-01
347 7.138040e-01 1.896000e-03 2.843000e-01
348 7.135160e-01 1.844000e-03 2.846400e-01
349 7.131800e-01 1.816000e-03 2.850040e-01
350 7.128400e-01 1.868000e-03 2.852920e-01
351 7.125560e-01 1.872000e-03 2.855720e-01
352 7.122400e-01 1.836000e-03 2.859240e-01
353 7.120000e-01 1.712000e-03 2.862880e-01
354 7.117280e-01 1.736000e-03 2.865360e-01
355 7.114160e-01 1.776000e-03 2.868080e-01
356 7.110200e-01 1.876000e-03 2.871040e-01
357 7.106920e-01 1.876000e-03 2.874320e-01
358 7.103600e-01 1.848000e-03 2.877920e-01
359 7.100080e-01 1.876000e-03 2.881160e-01
360 7.097400e-01 1.824000e-03 2.884360e-01
361 7.094800e-01 1.776000e-03 2.887440e-01
362 7.091560e-01 1.768000e-03 2.890760e-01
363 7.088520e-01 1.768000e-03 2.893800e-01
364 7.085600e-01 1.732000e-03 2.897080e-01
365 7.082440e-01 1.760000e-03 2.899960e-01
366 7.078480e-01 1.820000e-03 2.903320e-01
367 7.074720e-01 1.832000e-03 2.906960e-01
368 7.071080e-01 1.896000e-03 2.909960e-01
369 7.067960e-01 1.936000e-03 2.912680e-01
370 7.064560e-01 1.804000e-03 2.917400e-01
371 7.061240e-01 1.828000e-03 2.920480e-01
372 7.058320e-01 1.784000e-03 2.923840e-01
373 7.055280e-01 1.812000e-03 2.926600e-01
374 7.052280e-01 1.776000e-03 2.929960e-01
375 7.049560e-01 1.756000e-03 2.932880e-01
376 7.046800e-01 1.652000e-03 2.936680e-01
377 7.043440e-01 1.716000e-03 2.939400e-01
378 7.039920e-01 1.744000e-03 2.942640e-01
379 7.037320e-01 1.732000e-03 2.945360e-01
380 7.034200e-01 1.748000e-03 2.948320e-01
381 7.030280e-01 1.848000e-03 2.951240e-01
382 7.027360e-01 1.848000e-03 2.954160e-01
383 7.025000e-01 1.748000e-03 2.957520e-01
384 7.021920e-01 1.776000e-03 2.960320e-01
385 7.019280e-01 1.740000e-03 2.963320e-01
386 7.016120e-01 1.756000e-03 2.966320e-01
387 7.013560e-01 1.700000e-03 2.969440e-01
388 7.010320e-01 1.768000e-03 2.972000e-01
389 7.007760e-01 1.752000e-03 2.974720e-01
390 7.005600e-01 1.708000e-03 2.977320e-01
391 7.002680e-01 1.680000e-03 2.980520e-01
392 6.999520e-01 1.656000e-03 2.983920e-01
393 6.996960e-01 1.636000e-03 2.986680e-01
394 6.993480e-01 1.692000e-03 2.989600e-01
395 6.990880e-01 1.644000e-03 2.992680e-01
396 6.988640e-01 1.592000e-03 2.995440e-01
397 6.986000e-01 1.560000e-03 2.998400e-01
398 6.983840e-01 1.548000e-03 3.000680e-01
399 6.981120e-01 1.584000e-03 3.003040e-01
400 6.978000e-01 1.596000e-03 3.006040e-01
401 6.975480e-01 1.572000e-03 3.008800e-01
402 6.972480e-01 1.576000e-03 3.011760e-01
403 6.970080e-01 1.512000e-03 3.014800e-01
404 6.967640e-01 1.524000e-03 3.017120e-01
405 6.964760e-01 1.540000e-03 3.019840e-01
406 6.962280e-01 1.516000e-03 3.022560e-01
407 6.960240e-01 1.452000e-03 3.025240e-01
408 6.957600e-01 1.500000e-03 3.027400e-01
409 6.955240e-01 1.424000e-03 3.030520e-01
410 6.952800e-01 1.392000e-03 3.033280e-01
411 6.950280e-01 1.416000e-03 3.035560e-01
412 6.947440e-01 1.444000e-03 3.038120e-01
413 6.944280e-01 1.492000e-03 3.040800e-01
414 6.941760e-01 1.472000e-03 3.043520e-01
415 6.939240e-01 1.484000e-03 3.045920e-01
416 6.936120e-01 1.508000e-03 3.048800e-01
417 6.933640e-01 1.480000e-03 3.051560e-01
418 6.931280e-01 1.488000e-03 3.053840e-01
419 6.928680e-01 1.512000e-03 3.056200e-01
420 6.925240e-01 1.568000e-03 3.059080e-01
421 6.922160e-01 1.568000e-03 3.062160e-01
422 6.919120e-01 1.608000e-03 3.064800e-01
423 6.914920e-01 1.756000e-03 3.067520e-01
424 6.911000e-01 1.876000e-03 3.070240e-01
425 6.907400e-01 1.908000e-03 3.073520e-01
426 6.903920e-01 1.908000e-03 3.077000e-01
427 6.900600e-01 1.936000e-03 3.080040e-01
428 6.897520e-01 1.908000e-03 3.083400e-01
429 6.894600e-01 1.868000e-03 3.086720e-01
430 6.892480e-01 1.784000e-03 3.089680e-01
431 6.889280e-01 1.784000e-03 3.092880e-01
432 6.886280e-01 1.768000e-03 3.096040e-01
433 6.884080e-01 1.660000e-03 3.099320e-01
434 6.881480e-01 1.636000e-03 3.102160e-01
435 6.879160e-01 1.568000e-03 3.105160e-01
436 6.877080e-01 1.556000e-03 3.107360e-01
437 6.874280e-01 1.532000e-03 3.110400e-01
438 6.871040e-01 1.612000e-03 3.112840e-01
439 6.868400e-01 1.636000e-03 3.115240e-01
440 6.866520e-01 1.524000e-03 3.118240e-01
441 6.863640e-01 1.528000e-03 3.121080e-01
442 6.861360e-01 1.444000e-03 3.124200e-01
443 6.858840e-01 1.444000e-03 3.126720e-01
444 6.856720e-01 1.384000e-03 3.129440e-01
445 6.854880e-01 1.332000e-03 3.131800e-01
446 6.852640e-01 1.380000e-03 3.133560e-01
447 6.850400e-01 1.356000e-03 3.136040e-01
448 6.848040e-01 1.332000e-03 3.138640e-01
449 6.845520e-01 1.352000e-03 3.140960e-01
450 6.842160e-01 1.436000e-03 3.143480e-01
451 6.839240e-01 1.480000e-03 3.145960e-01
452 6.836840e-01 1.480000e-03 3.148360e-01
453 6.833840e-01 1.512000e-03 3.151040e-01
454 6.830920e-01 1.500000e-03 3.154080e-01
455 6.827760e-01 1.520000e-03 3.157040e-01
456 6.825240e-01 1.548000e-03 3.159280e-01
457 6.823240e-01 1.500000e-03 3.161760e-01
458 6.820960e-01 1.448000e-03 3.164560e-01
459 6.818200e-01 1.512000e-03 3.166680e-01
460 6.815360e-01 1.460000e-03 3.170040e-01
461 6.812760e-01 1.480000e-03 3.172440e-01
462 6.810200e-01 1.476000e-03 3.175040e-01
463 6.807520e-01 1.536000e-03 3.177120e-01
464 6.804280e-01 1.560000e-03 3.180120e-01
465 6.802080e-01 1.536000e-03 3.182560e-01
466 6.799640e-01 1.532000e-03 3.185040e-01
467 6.797480e-01 1.520000e-03 3.187320e-01
468 6.794840e-01 1.500000e-03 3.190160e-01
469 6.792360e-01 1.464000e-03 3.193000e-01
470 6.790000e-01 1.404000e-03 3.195960e-01
471 6.787920e-01 1.368000e-03 3.198400e-01
472 6.785200e-01 1.380000e-03 3.201000e-01
473 6.782640e-01 1.392000e-03 3.203440e-01
474 6.780360e-01 1.352000e-03 3.206120e-01
475 6.778200e-01 1.344000e-03 3.208360e-01
476 6.775760e-01 1.356000e-03 3.210680e-01
477 6.773520e-01 1.352000e-03 3.212960e-01
478 6.771160e-01 1.336000e-03 3.215480e-01
479 6.768680e-01 1.348000e-03 3.217840e-01
480 6.765560e-01 1.412000e-03 3.220320e-01
481 6.762960e-01 1.356000e-03 3.223480e-01
482 6.761080e-01 1.308000e-03 3.225840e-01
483 6.759000e-01 1.308000e-03 3.227920e-01
484 6.757360e-01 1.252000e-03 3.230120e-01
485 6.755120e-01 1.192000e-03 3.232960e-01
486 6.753600e-01 1.160000e-03 3.234800e-01
487 6.751200e-01 1.180000e-03 3.237000e-01
488 6.749400e-01 1.192000e-03 3.238680e-01
489 6.747320e-01 1.152000e-03 3.241160e-01
490 6.745520e-01 1.160000e-03 3.242880e-01
491 6.743440e-01 1.172000e-03 3.244840e-01
492 6.741320e-01 1.188000e-03 3.246800e-01
493 6.739120e-01 1.200000e-03 3.248880e-01
494 6.737120e-01 1.184000e-03 3.251040e-01
495 6.735080e-01 1.212000e-03 3.252800e-01
496 6.732960e-01 1.236000e-03 3.254680e-01
497 6.730960e-01 1.212000e-03 3.256920e-01
498 6.728640e-01 1.252000e-03 3.258840e-01
499 6.726400e-01 1.236000e-03 3.261240e-01
500 6.724560e-01 1.208000e-03 3.263360e-01
