1 9.992360e-01 6.640000e-04 1.000000e-04
2 9.987760e-01 9.760000e-04 2.480000e-04
3 9.981280e-01 1.372000e-03 5.000000e-04
4 9.974680e-01 1.752000e-03 7.800000e-04
5 9.966800e-01 2.216000e-03 1.104000e-03
6 9.957480e-01 2.784000e-03 1.468000e-03
7 9.948360e-01 3.176000e-03 1.988000e-03
8 9.938880e-01 3.520000e-03 2.592000e-03
9 9.929280e-01 3.876000e-03 3.196000e-03
10 9.918440e-01 4.308000e-03 3.848000e-03
11 9.907880e-01 4.556000e-03 4.656000e-03
12 9.896880e-01 4.720000e-03 5.592000e-03
13 9.886400e-01 4.964000e-03 6.396000e-03
14 9.876040e-01 5.160000e-03 7.236000e-03
15 9.863960e-01 5.456000e-03 8.148000e-03
16 9.850640e-01 5.852000e-03 9.084000e-03
17 9.838560e-01 6.064000e-03 1.008000e-02
18 9.825000e-01 6.348000e-03 1.115200e-02
19 9.810920e-01 6.572000e-03 1.233600e-02
20 9.797640e-01 6.752000e-03 1.348400e-02
21 9.783720e-01 7.048000e-03 1.458000e-02
22 9.768400e-01 7.308000e-03 1.585200e-02
23 9.752720e-01 7.500000e-03 1.722800e-02
24 9.738120e-01 7.620000e-03 1.856800e-02
25 9.726080e-01 7.440000e-03 1.995200e-02
26 9.712280e-01 7.572000e-03 2.120000e-02
27 9.698560e-01 7.560000e-03 2.258400e-02
28 9.684240e-01 7.628000e-03 2.394800e-02
29 9.672120e-01 7.508000e-03 2.528000e-02
30 9.658880e-01 7.668000e-03 2.644400e-02
31 9.646480e-01 7.656000e-03 2.769600e-02
32 9.631240e-01 7.792000e-03 2.908400e-02
33 9.617800e-01 7.868000e-03 3.035200e-02
34 9.604160e-01 7.884000e-03 3.170000e-02
35 9.589440e-01 7.944000e-03 3.311200e-02
36 9.575440e-01 7.928000e-03 3.452800e-02
37 9.561560e-01 8.048000e-03 3.579600e-02
38 9.547200e-01 8.064000e-03 3.721600e-02
39 9.532840e-01 8.044000e-03 3.867200e-02
40 9.519320e-01 7.896000e-03 4.017200e-02
41 9.505320e-01 7.924000e-03 4.154400e-02
42 9.491040e-01 7.892000e-03 4.300400e-02
43 9.477120e-01 7.984000e-03 4.430400e-02
44 9.462560e-01 8.036000e-03 4.570800e-02
45 9.447280e-01 8.236000e-03 4.703600e-02
46 9.434360e-01 8.020000e-03 4.854400e-02
47 9.421280e-01 7.916000e-03 4.995600e-02
48 9.408040e-01 7.844000e-03 5.135200e-02
49 9.394680e-01 7.740000e-03 5.279200e-02
50 9.381280e-01 7.720000e-03 5.415200e-02
51 9.369200e-01 7.604000e-03 5.547600e-02
52 9.354640e-01 7.668000e-03 5.686800e-02
53 9.340960e-01 7.660000e-03 5.824400e-02
54 9.326600e-01 7.808000e-03 5.953200e-02
55 9.313240e-01 7.676000e-03 6.100000e-02
56 9.300320e-01 7.616000e-03 6.235200e-02
57 9.285120e-01 7.848000e-03 6.364000e-02
58 9.270720e-01 7.892000e-03 6.503600e-02
59 9.256400e-01 7.984000e-03 6.637600e-02
60 9.243720e-01 7.868000e-03 6.776000e-02
61 9.229760e-01 7.828000e-03 6.919600e-02
62 9.215160e-01 7.968000e-03 7.051600e-02
63 9.198760e-01 8.152000e-03 7.197200e-02
64 9.185560e-01 8.080000e-03 7.336400e-02
65 9.171200e-01 8.156000e-03 7.472400e-02
66 9.157240e-01 8.068000e-03 7.620800e-02
67 9.143040e-01 8.028000e-03 7.766800e-02
68 9.128080e-01 8.156000e-03 7.903600e-02
69 9.114600e-01 7.976000e-03 8.056400e-02
70 9.099800e-01 7.948000e-03 8.207200e-02
71 9.084960e-01 7.992000e-03 8.351200e-02
72 9.070480e-01 8.060000e-03 8.489200e-02
73 9.055600e-01 8.028000e-03 8.641200e-02
74 9.039880e-01 8.156000e-03 8.785600e-02
75 9.025360e-01 8.116000e-03 8.934800e-02
76 9.011480e-01 8.124000e-03 9.072800e-02
77 8.997160e-01 8.176000e-03 9.210800e-02
78 8.983080e-01 8.160000e-03 9.353200e-02
79 8.968360e-01 8.244000e-03 9.492000e-02
80 8.955440e-01 8.036000e-03 9.642000e-02
81 8.941560e-01 8.056000e-03 9.778800e-02
82 8.928760e-01 7.908000e-03 9.921600e-02
83 8.915400e-01 7.908000e-03 1.005520e-01
84 8.902480e-01 7.744000e-03 1.020080e-01
85 8.888720e-01 7.860000e-03 1.032680e-01
86 8.875360e-01 7.788000e-03 1.046760e-01
87 8.863560e-01 7.552000e-03 1.060920e-01
88 8.852160e-01 7.344000e-03 1.074400e-01
89 8.839640e-01 7.308000e-03 1.087280e-01
90 8.826360e-01 7.396000e-03 1.099680e-01
91 8.814360e-01 7.240000e-03 1.113240e-01
92 8.802920e-01 7.148000e-03 1.125600e-01
93 8.791200e-01 7.036000e-03 1.138440e-01
94 8.780160e-01 6.836000e-03 1.151480e-01
95 8.767400e-01 6.940000e-03 1.163200e-01
96 8.756280e-01 6.880000e-03 1.174920e-01
97 8.745040e-01 6.760000e-03 1.187360e-01
98 8.732800e-01 6.960000e-03 1.197600e-01
99 8.720120e-01 7.028000e-03 1.209600e-01
100 8.708800e-01 7.020000e-03 1.221000e-01
101 8.695880e-01 7.012000e-03 1.234000e-01
102 8.684640e-01 6.956000e-03 1.245800e-01
103 8.672520e-01 7.012000e-03 1.257360e-01
104 8.660640e-01 7.012000e-03 1.269240e-01
105 8.647800e-01 7.176000e-03 1.280440e-01
106 8.635400e-01 7.096000e-03 1.293640e-01
107 8.622880e-01 7.076000e-03 1.306360e-01
108 8.610840e-01 7.068000e-03 1.318480e-01
109 8.599920e-01 6.820000e-03 1.331880e-01
110 8.589840e-01 6.684000e-03 1.343320e-01
111 8.578840e-01 6.568000e-03 1.355480e-01
112 8.567600e-01 6.460000e-03 1.367800e-01
113 8.556800e-01 6.412000e-03 1.379080e-01
114 8.546640e-01 6.340000e-03 1.389960e-01
115 8.534920e-01 6.436000e-03 1.400720e-01
116 8.524040e-01 6.528000e-03 1.410680e-01
117 8.511440e-01 6.716000e-03 1.421400e-01
118 8.500320e-01 6.680000e-03 1.432880e-01
119 8.489280e-01 6.532000e-03 1.445400e-01
120 8.478560e-01 6.408000e-03 1.457360e-01
121 8.468720e-01 6.244000e-03 1.468840e-01
122 8.458840e-01 6.184000e-03 1.479320e-01
123 8.446200e-01 6.448000e-03 1.489320e-01
124 8.434920e-01 6.468000e-03 1.500400e-01
125 8.423640e-01 6.456000e-03 1.511800e-01
126 8.411000e-01 6.672000e-03 1.522280e-01
127 8.398440e-01 6.732000e-03 1.534240e-01
128 8.384760e-01 6.848000e-03 1.546760e-01
129 8.372640e-01 6.932000e-03 1.558040e-01
130 8.359600e-01 7.000000e-03 1.570400e-01
131 8.347680e-01 6.996000e-03 1.582360e-01
132 8.335080e-01 7.044000e-03 1.594480e-01
133 8.323040e-01 7.032000e-03 1.606640e-01
134 8.311040e-01 6.904000e-03 1.619920e-01
135 8.299880e-01 6.760000e-03 1.632520e-01
136 8.289240e-01 6.652000e-03 1.644240e-01
137 8.277640e-01 6.628000e-03 1.656080e-01
138 8.264240e-01 6.724000e-03 1.668520e-01
139 8.252600e-01 6.720000e-03 1.680200e-01
140 8.239560e-01 6.884000e-03 1.691600e-01
141 8.227400e-01 6.804000e-03 1.704560e-01
142 8.216520e-01 6.624000e-03 1.717240e-01
143 8.204680e-01 6.564000e-03 1.729680e-01
144 8.192920e-01 6.588000e-03 1.741200e-01
145 8.182080e-01 6.528000e-03 1.752640e-01
146 8.171600e-01 6.384000e-03 1.764560e-01
147 8.161720e-01 6.272000e-03 1.775560e-01
148 8.151360e-01 6.208000e-03 1.786560e-01
149 8.140920e-01 6.240000e-03 1.796680e-01
150 8.128720e-01 6.268000e-03 1.808600e-01
151 8.116520e-01 6.392000e-03 1.819560e-01
152 8.106240e-01 6.216000e-03 1.831600e-01
153 8.095400e-01 6.164000e-03 1.842960e-01
154 8.084520e-01 6.184000e-03 1.853640e-01
155 8.075040e-01 6.116000e-03 1.863800e-01
156 8.065440e-01 6.036000e-03 1.874200e-01
157 8.055080e-01 5.896000e-03 1.885960e-01
158 8.045440e-01 5.828000e-03 1.896280e-01
159 8.035560e-01 5.804000e-03 1.906400e-01
160 8.025680e-01 5.788000e-03 1.916440e-01
161 8.016480e-01 5.668000e-03 1.926840e-01
162 8.006760e-01 5.620000e-03 1.937040e-01
163 7.995800e-01 5.752000e-03 1.946680e-01
164 7.985720e-01 5.768000e-03 1.956600e-01
165 7.975040e-01 5.796000e-03 1.967000e-01
166 7.965320e-01 5.864000e-03 1.976040e-01
167 7.954200e-01 5.944000e-03 1.986360e-01
168 7.942960e-01 5.936000e-03 1.997680e-01
169 7.933520e-01 5.832000e-03 2.008160e-01
170 7.923680e-01 5.792000e-03 2.018400e-01
171 7.913720e-01 5.744000e-03 2.028840e-01
172 7.904480e-01 5.676000e-03 2.038760e-01
173 7.895960e-01 5.640000e-03 2.047640e-01
174 7.886680e-01 5.568000e-03 2.057640e-01
175 7.877960e-01 5.556000e-03 2.066480e-01
176 7.869120e-01 5.396000e-03 2.076920e-01
177 7.860080e-01 5.416000e-03 2.085760e-01
178 7.851280e-01 5.396000e-03 2.094760e-01
179 7.842800e-01 5.388000e-03 2.103320e-01
180 7.833200e-01 5.428000e-03 2.112520e-01
181 7.822520e-01 5.484000e-03 2.122640e-01
182 7.812320e-01 5.544000e-03 2.132240e-01
183 7.802920e-01 5.560000e-03 2.141480e-01
184 7.793640e-01 5.512000e-03 2.151240e-01
185 7.784680e-01 5.524000e-03 2.160080e-01
186 7.773840e-01 5.600000e-03 2.170160e-01
187 7.763040e-01 5.680000e-03 2.180160e-01
188 7.753760e-01 5.664000e-03 2.189600e-01
189 7.743560e-01 5.588000e-03 2.200560e-01
190 7.734160e-01 5.456000e-03 2.211280e-01
191 7.723640e-01 5.520000e-03 2.221160e-01
192 7.713400e-01 5.568000e-03 2.230920e-01
193 7.702480e-01 5.752000e-03 2.240000e-01
194 7.693040e-01 5.604000e-03 2.250920e-01
195 7.683120e-01 5.632000e-03 2.260560e-01
196 7.673200e-01 5.596000e-03 2.270840e-01
197 7.662320e-01 5.732000e-03 2.280360e-01
198 7.652320e-01 5.704000e-03 2.290640e-01
199 7.642200e-01 5.684000e-03 2.300960e-01
200 7.632240e-01 5.576000e-03 2.312000e-01
201 7.622000e-01 5.540000e-03 2.322600e-01
202 7.612080e-01 5.628000e-03 2.331640e-01
203 7.602440e-01 5.536000e-03 2.342200e-01
204 7.593600e-01 5.336000e-03 2.353040e-01
205 7.585400e-01 5.256000e-03 2.362040e-01
206 7.575920e-01 5.304000e-03 2.371040e-01
207 7.568280e-01 5.104000e-03 2.380680e-01
208 7.559400e-01 5.092000e-03 2.389680e-01
209 7.550880e-01 5.044000e-03 2.398680e-01
210 7.541840e-01 5.036000e-03 2.407800e-01
211 7.532240e-01 5.120000e-03 2.416560e-01
212 7.523840e-01 5.044000e-03 2.425720e-01
213 7.515040e-01 5.084000e-03 2.434120e-01
214 7.505960e-01 5.164000e-03 2.442400e-01
215 7.497040e-01 5.228000e-03 2.450680e-01
216 7.488040e-01 5.116000e-03 2.460800e-01
217 7.479440e-01 5.032000e-03 2.470240e-01
218 7.470600e-01 4.952000e-03 2.479880e-01
219 7.461520e-01 5.016000e-03 2.488320e-01
220 7.451880e-01 5.128000e-03 2.496840e-01
221 7.444800e-01 4.808000e-03 2.507120e-01
222 7.436160e-01 4.920000e-03 2.514640e-01
223 7.428360e-01 4.780000e-03 2.523840e-01
224 7.420560e-01 4.760000e-03 2.531840e-01
225 7.412480e-01 4.804000e-03 2.539480e-01
226 7.404480e-01 4.744000e-03 2.548080e-01
227 7.396120e-01 4.680000e-03 2.557080e-01
228 7.388360e-01 4.724000e-03 2.564400e-01
229 7.380440e-01 4.728000e-03 2.572280e-01
230 7.372480e-01 4.692000e-03 2.580600e-01
231 7.364960e-01 4.624000e-03 2.588800e-01
232 7.358320e-01 4.616000e-03 2.595520e-01
233 7.351200e-01 4.588000e-03 2.602920e-01
234 7.343840e-01 4.576000e-03 2.610400e-01
235 7.336560e-01 4.460000e-03 2.618840e-01
236 7.329720e-01 4.312000e-03 2.627160e-01
237 7.322520e-01 4.300000e-03 2.634480e-01
238 7.315360e-01 4.164000e-03 2.643000e-01
239 7.307640e-01 4.236000e-03 2.650000e-01
240 7.301080e-01 4.256000e-03 2.656360e-01
241 7.294640e-01 4.196000e-03 2.663400e-01
242 7.287440e-01 4.064000e-03 2.671920e-01
243 7.281600e-01 3.948000e-03 2.678920e-01
244 7.273840e-01 4.056000e-03 2.685600e-01
245 7.267400e-01 4.044000e-03 2.692160e-01
246 7.259920e-01 4.180000e-03 2.698280e-01
247 7.253360e-01 4.144000e-03 2.705200e-01
248 7.245840e-01 4.140000e-03 2.712760e-01
249 7.238240e-01 4.160000e-03 2.720160e-01
250 7.230520e-01 4.348000e-03 2.726000e-01
251 7.222960e-01 4.328000e-03 2.733760e-01
252 7.215080e-01 4.348000e-03 2.741440e-01
253 7.208640e-01 4.216000e-03 2.749200e-01
254 7.202400e-01 4.144000e-03 2.756160e-01
255 7.196000e-01 3.988000e-03 2.764120e-01
256 7.189800e-01 3.832000e-03 2.771880e-01
257 7.184440e-01 3.688000e-03 2.778680e-01
258 7.178920e-01 3.568000e-03 2.785400e-01
259 7.172560e-01 3.632000e-03 2.791120e-01
260 7.165600e-01 3.716000e-03 2.797240e-01
261 7.159240e-01 3.764000e-03 2.803120e-01
262 7.152520e-01 3.716000e-03 2.810320e-01
263 7.146400e-01 3.700000e-03 2.816600e-01
264 7.141040e-01 3.532000e-03 2.823640e-01
265 7.134840e-01 3.560000e-03 2.829560e-01
266 7.128880e-01 3.520000e-03 2.835920e-01
267 7.122960e-01 3.508000e-03 2.841960e-01
268 7.117080e-01 3.480000e-03 2.848120e-01
269 7.110920e-01 3.544000e-03 2.853640e-01
270 7.104160e-01 3.668000e-03 2.859160e-01
271 7.097680e-01 3.684000e-03 2.865480e-01
272 7.090680e-01 3.736000e-03 2.871960e-01
273 7.083440e-01 3.796000e-03 2.878600e-01
274 7.076400e-01 3.812000e-03 2.885480e-01
275 7.069320e-01 3.916000e-03 2.891520e-01
276 7.061880e-01 3.956000e-03 2.898560e-01
277 7.054520e-01 3.968000e-03 2.905800e-01
278 7.048360e-01 3.916000e-03 2.912480e-01
279 7.041320e-01 3.908000e-03 2.919600e-01
280 7.034640e-01 3.868000e-03 2.926680e-01
281 7.028080e-01 3.848000e-03 2.933440e-01
282 7.021280e-01 3.912000e-03 2.939600e-01
283 7.014960e-01 3.880000e-03 2.946240e-01
284 7.008320e-01 3.848000e-03 2.953200e-01
285 7.001080e-01 3.912000e-03 2.959800e-01
286 6.994560e-01 3.908000e-03 2.966360e-01
287 6.988360e-01 3.760000e-03 2.974040e-01
288 6.983040e-01 3.580000e-03 2.981160e-01
289 6.978080e-01 3.400000e-03 2.987920e-01
290 6.973320e-01 3.328000e-03 2.993400e-01
291 6.968440e-01 3.120000e-03 3.000360e-01
292 6.964000e-01 3.052000e-03 3.005480e-01
293 6.958640e-01 3.148000e-03 3.009880e-01
294 6.953760e-01 3.140000e-03 3.014840e-01
295 6.948120e-01 3.180000e-03 3.020080e-01
296 6.943080e-01 3.208000e-03 3.024840e-01
297 6.937640e-01 3.208000e-03 3.030280e-01
298 6.932720e-01 3.172000e-03 3.035560e-01
299 6.927080e-01 3.296000e-03 3.039960e-01
300 6.920160e-01 3.464000e-03 3.045200e-01
301 6.913840e-01 3.448000e-03 3.051680e-01
302 6.907000e-01 3.504000e-03 3.057960e-01
303 6.900880e-01 3.544000e-03 3.063680e-01
304 6.895160e-01 3.604000e-03 3.068800e-01
305 6.889240e-01 3.620000e-03 3.074560e-01
306 6.883400e-01 3.516000e-03 3.081440e-01
307 6.877720e-01 3.436000e-03 3.087920e-01
308 6.871760e-01 3.460000e-03 3.093640e-01
309 6.866240e-01 3.396000e-03 3.099800e-01
310 6.861160e-01 3.316000e-03 3.105680e-01
311 6.856360e-01 3.232000e-03 3.111320e-01
312 6.852200e-01 3.124000e-03 3.116560e-01
313 6.848000e-01 3.008000e-03 3.121920e-01
314 6.843920e-01 2.868000e-03 3.127400e-01
315 6.840040e-01 2.744000e-03 3.132520e-01
316 6.835200e-01 2.732000e-03 3.137480e-01
317 6.829320e-01 2.844000e-03 3.142240e-01
318 6.824560e-01 2.816000e-03 3.147280e-01
319 6.820080e-01 2.760000e-03 3.152320e-01
320 6.815440e-01 2.648000e-03 3.158080e-01
321 6.811160e-01 2.660000e-03 3.162240e-01
322 6.806160e-01 2.656000e-03 3.167280e-01
323 6.801920e-01 2.640000e-03 3.171680e-01
324 6.798320e-01 2.576000e-03 3.175920e-01
325 6.794600e-01 2.540000e-03 3.180000e-01
326 6.790600e-01 2.584000e-03 3.183560e-01
327 6.786160e-01 2.576000e-03 3.188080e-01
328 6.781360e-01 2.640000e-03 3.192240e-01
329 6.776960e-01 2.616000e-03 3.196880e-01
330 6.771880e-01 2.684000e-03 3.201280e-01
331 6.767120e-01 2.628000e-03 3.206600e-01
332 6.762560e-01 2.596000e-03 3.211480e-01
333 6.757760e-01 2.564000e-03 3.216600e-01
334 6.752240e-01 2.672000e-03 3.221040e-01
335 6.747320e-01 2.700000e-03 3.225680e-01
336 6.742480e-01 2.672000e-03 3.230800e-01
337 6.737680e-01 2.684000e-03 3.235480e-01
338 6.732240e-01 2.736000e-03 3.240400e-01
339 6.727320e-01 2.780000e-03 3.244880e-01
340 6.721280e-01 2.864000e-03 3.250080e-01
341 6.715080e-01 3.016000e-03 3.254760e-01
342 6.709960e-01 2.916000e-03 3.260880e-01
343 6.704880e-01 2.964000e-03 3.265480e-01
344 6.698920e-01 3.072000e-03 3.270360e-01
345 6.692680e-01 3.116000e-03 3.276160e-01
346 6.686760e-01 3.188000e-03 3.281360e-01
347 6.680240e-01 3.328000e-03 3.286480e-01
348 6.675280e-01 3.320000e-03 3.291520e-01
349 6.669840e-01 3.264000e-03 3.297520e-01
350 6.664040e-01 3.224000e-03 3.303720e-01
351 6.658680e-01 3.236000e-03 3.308960e-01
352 6.653160e-01 3.264000e-03 3.314200e-01
353 6.647800e-01 3.268000e-03 3.319520e-01
354 6.641400e-01 3.328000e-03 3.325320e-01
355 6.636800e-01 3.192000e-03 3.331280e-01
356 6.631760e-01 3.052000e-03 3.337720e-01
357 6.627800e-01 2.928000e-03 3.342920e-01
358 6.623840e-01 2.824000e-03 3.347920e-01
359 6.619080e-01 2.784000e-03 3.353080e-01
360 6.615280e-01 2.672000e-03 3.358000e-01
361 6.610560e-01 2.696000e-03 3.362480e-01
362 6.606280e-01 2.644000e-03 3.367280e-01
363 6.602080e-01 2.624000e-03 3.371680e-01
364 6.597880e-01 2.596000e-03 3.376160e-01
365 6.594800e-01 2.428000e-03 3.380920e-01
366 6.591360e-01 2.324000e-03 3.385400e-01
367 6.587800e-01 2.288000e-03 3.389320e-01
368 6.584120e-01 2.288000e-03 3.393000e-01
369 6.580320e-01 2.256000e-03 3.397120e-01
370 6.575920e-01 2.224000e-03 3.401840e-01
371 6.572520e-01 2.276000e-03 3.404720e-01
372 6.568800e-01 2.284000e-03 3.408360e-01
373 6.566200e-01 2.072000e-03 3.413080e-01
374 6.563320e-01 2.016000e-03 3.416520e-01
375 6.560040e-01 1.976000e-03 3.420200e-01
376 6.556360e-01 2.040000e-03 3.423240e-01
377 6.552800e-01 2.012000e-03 3.427080e-01
378 6.548920e-01 2.016000e-03 3.430920e-01
379 6.545640e-01 1.976000e-03 3.434600e-01
380 6.542080e-01 2.020000e-03 3.437720e-01
381 6.539320e-01 1.996000e-03 3.440720e-01
382 6.535960e-01 1.960000e-03 3.444440e-01
383 6.532920e-01 1.936000e-03 3.447720e-01
384 6.530160e-01 1.884000e-03 3.451000e-01
385 6.526520e-01 1.936000e-03 3.454120e-01
386 6.523440e-01 1.900000e-03 3.457560e-01
387 6.519920e-01 1.928000e-03 3.460800e-01
388 6.516560e-01 1.948000e-03 3.463960e-01
389 6.512880e-01 1.996000e-03 3.467160e-01
390 6.509640e-01 2.028000e-03 3.470080e-01
391 6.506040e-01 2.048000e-03 3.473480e-01
392 6.503280e-01 1.964000e-03 3.477080e-01
393 6.499680e-01 1.976000e-03 3.480560e-01
394 6.496840e-01 1.908000e-03 3.484080e-01
395 6.494560e-01 1.808000e-03 3.487360e-01
396 6.492200e-01 1.664000e-03 3.491160e-01
397 6.489880e-01 1.600000e-03 3.494120e-01
398 6.487040e-01 1.524000e-03 3.497720e-01
399 6.483960e-01 1.540000e-03 3.500640e-01
400 6.481880e-01 1.488000e-03 3.503240e-01
401 6.479440e-01 1.464000e-03 3.505920e-01
402 6.476800e-01 1.464000e-03 3.508560e-01
403 6.475080e-01 1.360000e-03 3.511320e-01
404 6.473480e-01 1.304000e-03 3.513480e-01
405 6.470480e-01 1.400000e-03 3.515520e-01
406 6.467640e-01 1.412000e-03 3.518240e-01
407 6.465640e-01 1.348000e-03 3.520880e-01
408 6.463560e-01 1.360000e-03 3.522840e-01
409 6.461000e-01 1.372000e-03 3.525280e-01
410 6.458760e-01 1.340000e-03 3.527840e-01
411 6.456480e-01 1.336000e-03 3.530160e-01
412 6.453800e-01 1.404000e-03 3.532160e-01
413 6.451640e-01 1.364000e-03 3.534720e-01
414 6.449480e-01 1.356000e-03 3.536960e-01
415 6.446920e-01 1.392000e-03 3.539160e-01
416 6.444080e-01 1.412000e-03 3.541800e-01
417 6.441840e-01 1.380000e-03 3.544360e-01
418 6.439480e-01 1.372000e-03 3.546800e-01
419 6.436840e-01 1.312000e-03 3.550040e-01
420 6.434560e-01 1.320000e-03 3.552240e-01
421 6.432400e-01 1.300000e-03 3.554600e-01
422 6.429960e-01 1.320000e-03 3.556840e-01
423 6.427600e-01 1.316000e-03 3.559240e-01
424 6.425400e-01 1.312000e-03 3.561480e-01
425 6.423360e-01 1.316000e-03 3.563480e-01
426 6.421720e-01 1.260000e-03 3.565680e-01
427 6.419840e-01 1.236000e-03 3.567800e-01
428 6.417280e-01 1.300000e-03 3.569720e-01
429 6.415720e-01 1.288000e-03 3.571400e-01
430 6.413160e-01 1.280000e-03 3.574040e-01
431 6.411240e-01 1.208000e-03 3.576680e-01
432 6.409320e-01 1.148000e-03 3.579200e-01
433 6.407160e-01 1.136000e-03 3.581480e-01
434 6.405720e-01 1.088000e-03 3.583400e-01
435 6.404040e-01 1.080000e-03 3.585160e-01
436 6.402640e-01 1.048000e-03 3.586880e-01
437 6.401160e-01 1.024000e-03 3.588600e-01
438 6.399760e-01 9.920000e-04 3.590320e-01
439 6.398280e-01 9.720000e-04 3.592000e-01
440 6.397080e-01 9.720000e-04 3.593200e-01
441 6.394920e-01 9.800000e-04 3.595280e-01
442 6.392920e-01 1.012000e-03 3.596960e-01
443 6.391480e-01 9.320000e-04 3.599200e-01
444 6.388760e-01 1.052000e-03 3.600720e-01
445 6.386440e-01 1.104000e-03 3.602520e-01
446 6.384360e-01 1.152000e-03 3.604120e-01
447 6.381640e-01 1.264000e-03 3.605720e-01
448 6.378760e-01 1.328000e-03 3.607960e-01
449 6.376280e-01 1.352000e-03 3.610200e-01
450 6.373760e-01 1.360000e-03 3.612640e-01
451 6.370840e-01 1.444000e-03 3.614720e-01
452 6.368240e-01 1.416000e-03 3.617600e-01
453 6.366120e-01 1.344000e-03 3.620440e-01
454 6.364240e-01 1.332000e-03 3.622440e-01
455 6.362480e-01 1.264000e-03 3.624880e-01
456 6.359800e-01 1.348000e-03 3.626720e-01
457 6.357640e-01 1.316000e-03 3.629200e-01
458 6.355200e-01 1.348000e-03 3.631320e-01
459 6.352720e-01 1.344000e-03 3.633840e-01
460 6.350040e-01 1.352000e-03 3.636440e-01
461 6.347800e-01 1.312000e-03 3.639080e-01
462 6.345280e-01 1.328000e-03 3.641440e-01
463 6.342520e-01 1.328000e-03 3.644200e-01
464 6.340680e-01 1.320000e-03 3.646120e-01
465 6.338520e-01 1.292000e-03 3.648560e-01
466 6.335960e-01 1.364000e-03 3.650400e-01
467 6.333480e-01 1.376000e-03 3.652760e-01
468 6.331400e-01 1.344000e-03 3.655160e-01
469 6.328800e-01 1.380000e-03 3.657400e-01
470 6.326040e-01 1.392000e-03 3.660040e-01
471 6.324480e-01 1.304000e-03 3.662480e-01
472 6.322360e-01 1.280000e-03 3.664840e-01
473 6.320680e-01 1.260000e-03 3.666720e-01
474 6.319120e-01 1.204000e-03 3.668840e-01
475 6.317160e-01 1.204000e-03 3.670800e-01
476 6.315360e-01 1.188000e-03 3.672760e-01
477 6.314120e-01 1.076000e-03 3.675120e-01
478 6.312600e-01 1.032000e-03 3.677080e-01
479 6.311400e-01 9.880000e-04 3.678720e-01
480 6.310080e-01 9.680000e-04 3.680240e-01
481 6.308200e-01 9.920000e-04 3.681880e-01
482 6.307000e-01 9.480000e-04 3.683520e-01
483 6.305400e-01 9.400000e-04 3.685200e-01
484 6.303960e-01 9.080000e-04 3.686960e-01
485 6.302480e-01 9.080000e-04 3.688440e-01
486 6.301200e-01 8.880000e-04 3.689920e-01
487 6.299920e-01 8.800000e-04 3.691280e-01
488 6.298680e-01 8.520000e-04 3.692800e-01
489 6.297600e-01 7.920000e-04 3.694480e-01
490 6.296760e-01 7.920000e-04 3.695320e-01
491 6.295360e-01 8.280000e-04 3.696360e-01
492 6.294040e-01 8.440000e-04 3.697520e-01
493 6.292840e-01 8.240000e-04 3.698920e-01
494 6.291760e-01 7.640000e-04 3.700600e-01
495 6.290400e-01 7.040000e-04 3.702560e-01
496 6.288880e-01 7.000000e-04 3.704120e-01
497 6.287480e-01 7.160000e-04 3.705360e-01
498 6.285800e-01 7.400000e-04 3.706800e-01
499 6.284520e-01 7.640000e-04 3.707840e-01
500 6.282640e-01 8.080000e-04 3.709280e-01
