1 9.990840e-01 8.120000e-04 1.040000e-04
2 9.985160e-01 1.208000e-03 2.760000e-04
3 9.977840e-01 1.696000e-03 5.200000e-04
4 9.968920e-01 2.200000e-03 9.080000e-04
5 9.960440e-01 2.592000e-03 1.364000e-03
6 9.952160e-01 2.884000e-03 1.900000e-03
7 9.943120e-01 3.264000e-03 2.424000e-03
8 9.933720e-01 3.588000e-03 3.040000e-03
9 9.923320e-01 4.028000e-03 3.640000e-03
10 9.911480e-01 4.432000e-03 4.420000e-03
11 9.900080e-01 4.780000e-03 5.212000e-03
12 9.889840e-01 4.892000e-03 6.124000e-03
13 9.878360e-01 5.136000e-03 7.028000e-03
14 9.866080e-01 5.348000e-03 8.044000e-03
15 9.853160e-01 5.668000e-03 9.016000e-03
16 9.842840e-01 5.608000e-03 1.010800e-02
17 9.831240e-01 5.692000e-03 1.118400e-02
18 9.819560e-01 5.884000e-03 1.216000e-02
19 9.807720e-01 5.920000e-03 1.330800e-02
20 9.793800e-01 6.144000e-03 1.447600e-02
21 9.780920e-01 6.316000e-03 1.559200e-02
22 9.769000e-01 6.292000e-03 1.680800e-02
23 9.755520e-01 6.544000e-03 1.790400e-02
24 9.743920e-01 6.592000e-03 1.901600e-02
25 9.730920e-01 6.824000e-03 2.008400e-02
26 9.717360e-01 6.924000e-03 2.134000e-02
27 9.702880e-01 7.136000e-03 2.257600e-02
28 9.689640e-01 7.244000e-03 2.379200e-02
29 9.675600e-01 7.436000e-03 2.500400e-02
30 9.660960e-01 7.576000e-03 2.632800e-02
31 9.648120e-01 7.576000e-03 2.761200e-02
32 9.633800e-01 7.580000e-03 2.904000e-02
33 9.620040e-01 7.736000e-03 3.026000e-02
34 9.606360e-01 7.812000e-03 3.155200e-02
35 9.591880e-01 7.828000e-03 3.298400e-02
36 9.577880e-01 7.904000e-03 3.430800e-02
37 9.562400e-01 8.008000e-03 3.575200e-02
38 9.548040e-01 7.976000e-03 3.722000e-02
39 9.533760e-01 8.076000e-03 3.854800e-02
40 9.518480e-01 8.228000e-03 3.992400e-02
41 9.503400e-01 8.156000e-03 4.150400e-02
42 9.490600e-01 7.912000e-03 4.302800e-02
43 9.476400e-01 7.996000e-03 4.436400e-02
44 9.462640e-01 8.052000e-03 4.568400e-02
45 9.449360e-01 8.036000e-03 4.702800e-02
46 9.434920e-01 7.988000e-03 4.852000e-02
47 9.419040e-01 8.152000e-03 4.994400e-02
48 9.404560e-01 8.204000e-03 5.134000e-02
49 9.388200e-01 8.344000e-03 5.283600e-02
50 9.373240e-01 8.340000e-03 5.433600e-02
51 9.358440e-01 8.388000e-03 5.576800e-02
52 9.345360e-01 8.336000e-03 5.712800e-02
53 9.330920e-01 8.300000e-03 5.860800e-02
54 9.314880e-01 8.288000e-03 6.022400e-02
55 9.300160e-01 8.276000e-03 6.170800e-02
56 9.285920e-01 8.228000e-03 6.318000e-02
57 9.271680e-01 8.324000e-03 6.450800e-02
58 9.257920e-01 8.236000e-03 6.597200e-02
59 9.243720e-01 8.304000e-03 6.732400e-02
60 9.230320e-01 8.268000e-03 6.870000e-02
61 9.214440e-01 8.284000e-03 7.027200e-02
62 9.200240e-01 8.288000e-03 7.168800e-02
63 9.185160e-01 8.220000e-03 7.326400e-02
64 9.169440e-01 8.256000e-03 7.480000e-02
65 9.154400e-01 8.340000e-03 7.622000e-02
66 9.138200e-01 8.516000e-03 7.766400e-02
67 9.123000e-01 8.604000e-03 7.909600e-02
68 9.108200e-01 8.704000e-03 8.047600e-02
69 9.091840e-01 8.908000e-03 8.190800e-02
70 9.075120e-01 9.024000e-03 8.346400e-02
71 9.060000e-01 8.844000e-03 8.515600e-02
72 9.046080e-01 8.676000e-03 8.671600e-02
73 9.032200e-01 8.488000e-03 8.829200e-02
74 9.017400e-01 8.408000e-03 8.985200e-02
75 9.003680e-01 8.140000e-03 9.149200e-02
76 8.987920e-01 8.300000e-03 9.290800e-02
77 8.972520e-01 8.388000e-03 9.436000e-02
78 8.957240e-01 8.436000e-03 9.584000e-02
79 8.941640e-01 8.472000e-03 9.736400e-02
80 8.923200e-01 8.796000e-03 9.888400e-02
81 8.906320e-01 9.024000e-03 1.003440e-01
82 8.891560e-01 8.864000e-03 1.019800e-01
83 8.875640e-01 9.092000e-03 1.033440e-01
84 8.860760e-01 9.084000e-03 1.048400e-01
85 8.846680e-01 8.776000e-03 1.065560e-01
86 8.831840e-01 8.696000e-03 1.081200e-01
87 8.817120e-01 8.580000e-03 1.097080e-01
88 8.802360e-01 8.452000e-03 1.113120e-01
89 8.787600e-01 8.504000e-03 1.127360e-01
90 8.772840e-01 8.552000e-03 1.141640e-01
91 8.757480e-01 8.440000e-03 1.158120e-01
92 8.743160e-01 8.340000e-03 1.173440e-01
93 8.730040e-01 8.060000e-03 1.189360e-01
94 8.716280e-01 8.072000e-03 1.203000e-01
95 8.703000e-01 8.068000e-03 1.216320e-01
96 8.688360e-01 8.184000e-03 1.229800e-01
97 8.676360e-01 7.884000e-03 1.244800e-01
98 8.662960e-01 7.888000e-03 1.258160e-01
99 8.649520e-01 7.768000e-03 1.272800e-01
100 8.636800e-01 7.640000e-03 1.286800e-01
101 8.624640e-01 7.520000e-03 1.300160e-01
102 8.611560e-01 7.488000e-03 1.313560e-01
103 8.598600e-01 7.500000e-03 1.326400e-01
104 8.585760e-01 7.480000e-03 1.339440e-01
105 8.574560e-01 7.116000e-03 1.354280e-01
106 8.563040e-01 7.000000e-03 1.366960e-01
107 8.550320e-01 7.128000e-03 1.378400e-01
108 8.537840e-01 7.208000e-03 1.390080e-01
109 8.524880e-01 7.184000e-03 1.403280e-01
110 8.512480e-01 7.240000e-03 1.415120e-01
111 8.498840e-01 7.148000e-03 1.429680e-01
112 8.486040e-01 7.212000e-03 1.441840e-01
113 8.472680e-01 7.164000e-03 1.455680e-01
114 8.459600e-01 7.292000e-03 1.467480e-01
115 8.445600e-01 7.460000e-03 1.479800e-01
116 8.432320e-01 7.424000e-03 1.493440e-01
117 8.418960e-01 7.400000e-03 1.507040e-01
118 8.407400e-01 7.304000e-03 1.519560e-01
119 8.394840e-01 7.392000e-03 1.531240e-01
120 8.379960e-01 7.656000e-03 1.543480e-01
121 8.365840e-01 7.732000e-03 1.556840e-01
122 8.352200e-01 7.780000e-03 1.570000e-01
123 8.338640e-01 7.836000e-03 1.583000e-01
124 8.325920e-01 7.776000e-03 1.596320e-01
125 8.313360e-01 7.680000e-03 1.609840e-01
126 8.301040e-01 7.480000e-03 1.624160e-01
127 8.288440e-01 7.460000e-03 1.636960e-01
128 8.275560e-01 7.516000e-03 1.649280e-01
129 8.263280e-01 7.500000e-03 1.661720e-01
130 8.250120e-01 7.576000e-03 1.674120e-01
131 8.237120e-01 7.548000e-03 1.687400e-01
132 8.225320e-01 7.400000e-03 1.700680e-01
133 8.212800e-01 7.240000e-03 1.714800e-01
134 8.199840e-01 7.308000e-03 1.727080e-01
135 8.187240e-01 7.220000e-03 1.740560e-01
136 8.173480e-01 7.328000e-03 1.753240e-01
137 8.159680e-01 7.460000e-03 1.765720e-01
138 8.146600e-01 7.472000e-03 1.778680e-01
139 8.132280e-01 7.500000e-03 1.792720e-01
140 8.117360e-01 7.656000e-03 1.806080e-01
141 8.103440e-01 7.556000e-03 1.821000e-01
142 8.088760e-01 7.644000e-03 1.834800e-01
143 8.073240e-01 7.824000e-03 1.848520e-01
144 8.058720e-01 7.832000e-03 1.862960e-01
145 8.045400e-01 7.716000e-03 1.877440e-01
146 8.032800e-01 7.648000e-03 1.890720e-01
147 8.019120e-01 7.740000e-03 1.903480e-01
148 8.005120e-01 7.760000e-03 1.917280e-01
149 7.990800e-01 7.820000e-03 1.931000e-01
150 7.975360e-01 7.988000e-03 1.944760e-01
151 7.961280e-01 8.104000e-03 1.957680e-01
152 7.946040e-01 8.228000e-03 1.971680e-01
153 7.931800e-01 8.268000e-03 1.985520e-01
154 7.916400e-01 8.344000e-03 2.000160e-01
155 7.901400e-01 8.320000e-03 2.015400e-01
156 7.885400e-01 8.404000e-03 2.030560e-01
157 7.871040e-01 8.352000e-03 2.045440e-01
158 7.856760e-01 8.228000e-03 2.060960e-01
159 7.843480e-01 8.080000e-03 2.075720e-01
160 7.829680e-01 8.080000e-03 2.089520e-01
161 7.816000e-01 7.940000e-03 2.104600e-01
162 7.802800e-01 7.820000e-03 2.119000e-01
163 7.788760e-01 7.916000e-03 2.132080e-01
164 7.774640e-01 7.920000e-03 2.146160e-01
165 7.760040e-01 7.932000e-03 2.160640e-01
166 7.746080e-01 7.900000e-03 2.174920e-01
167 7.733120e-01 7.716000e-03 2.189720e-01
168 7.721720e-01 7.480000e-03 2.203480e-01
169 7.708120e-01 7.484000e-03 2.217040e-01
170 7.695080e-01 7.324000e-03 2.231680e-01
171 7.682760e-01 7.224000e-03 2.245000e-01
172 7.670400e-01 7.308000e-03 2.256520e-01
173 7.659080e-01 7.088000e-03 2.270040e-01
174 7.646720e-01 7.132000e-03 2.281960e-01
175 7.634320e-01 7.108000e-03 2.294600e-01
176 7.621680e-01 7.172000e-03 2.306600e-01
177 7.610200e-01 7.128000e-03 2.318520e-01
178 7.598800e-01 6.884000e-03 2.332360e-01
179 7.587640e-01 6.740000e-03 2.344960e-01
180 7.576520e-01 6.684000e-03 2.356640e-01
181 7.564640e-01 6.720000e-03 2.368160e-01
182 7.553760e-01 6.588000e-03 2.380360e-01
183 7.543400e-01 6.472000e-03 2.391880e-01
184 7.531760e-01 6.480000e-03 2.403440e-01
185 7.521600e-01 6.400000e-03 2.414400e-01
186 7.511080e-01 6.256000e-03 2.426360e-01
187 7.499720e-01 6.332000e-03 2.436960e-01
188 7.488520e-01 6.292000e-03 2.448560e-01
189 7.477840e-01 6.292000e-03 2.459240e-01
190 7.466600e-01 6.296000e-03 2.470440e-01
191 7.455200e-01 6.276000e-03 2.482040e-01
192 7.444080e-01 6.312000e-03 2.492800e-01
193 7.433480e-01 6.224000e-03 2.504280e-01
194 7.421680e-01 6.316000e-03 2.515160e-01
195 7.410520e-01 6.348000e-03 2.526000e-01
196 7.397280e-01 6.532000e-03 2.537400e-01
197 7.388240e-01 6.216000e-03 2.549600e-01
198 7.377200e-01 6.208000e-03 2.560720e-01
199 7.366520e-01 6.256000e-03 2.570920e-01
200 7.356080e-01 6.220000e-03 2.581720e-01
201 7.345200e-01 6.264000e-03 2.592160e-01
202 7.335960e-01 6.080000e-03 2.603240e-01
203 7.325040e-01 6.132000e-03 2.613640e-01
204 7.315240e-01 6.016000e-03 2.624600e-01
205 7.304520e-01 5.940000e-03 2.636080e-01
206 7.295160e-01 5.736000e-03 2.647480e-01
207 7.283880e-01 5.860000e-03 2.657520e-01
208 7.272280e-01 6.024000e-03 2.667480e-01
209 7.260760e-01 6.192000e-03 2.677320e-01
210 7.248880e-01 6.400000e-03 2.687120e-01
211 7.237960e-01 6.388000e-03 2.698160e-01
212 7.227240e-01 6.320000e-03 2.709560e-01
213 7.216560e-01 6.152000e-03 2.721920e-01
214 7.205000e-01 6.212000e-03 2.732880e-01
215 7.196080e-01 6.044000e-03 2.743480e-01
216 7.185280e-01 6.092000e-03 2.753800e-01
217 7.175920e-01 6.056000e-03 2.763520e-01
218 7.167440e-01 5.900000e-03 2.773560e-01
219 7.157240e-01 5.860000e-03 2.784160e-01
220 7.147480e-01 5.728000e-03 2.795240e-01
221 7.137480e-01 5.748000e-03 2.805040e-01
222 7.126720e-01 5.792000e-03 2.815360e-01
223 7.116560e-01 5.828000e-03 2.825160e-01
224 7.108080e-01 5.588000e-03 2.836040e-01
225 7.099560e-01 5.444000e-03 2.846000e-01
226 7.089960e-01 5.328000e-03 2.856760e-01
227 7.079840e-01 5.396000e-03 2.866200e-01
228 7.070120e-01 5.388000e-03 2.876000e-01
229 7.060000e-01 5.236000e-03 2.887640e-01
230 7.052280e-01 5.092000e-03 2.896800e-01
231 7.043320e-01 5.056000e-03 2.906120e-01
232 7.033320e-01 5.188000e-03 2.914800e-01
233 7.024000e-01 5.192000e-03 2.924080e-01
234 7.014920e-01 5.208000e-03 2.933000e-01
235 7.006840e-01 5.068000e-03 2.942480e-01
236 6.998240e-01 5.020000e-03 2.951560e-01
237 6.990680e-01 4.840000e-03 2.960920e-01
238 6.983160e-01 4.720000e-03 2.969640e-01
239 6.975680e-01 4.628000e-03 2.978040e-01
240 6.966800e-01 4.716000e-03 2.986040e-01
241 6.959240e-01 4.644000e-03 2.994320e-01
242 6.952160e-01 4.568000e-03 3.002160e-01
243 6.944760e-01 4.560000e-03 3.009640e-01
244 6.937360e-01 4.492000e-03 3.017720e-01
245 6.930120e-01 4.508000e-03 3.024800e-01
246 6.923000e-01 4.416000e-03 3.032840e-01
247 6.915880e-01 4.376000e-03 3.040360e-01
248 6.907800e-01 4.452000e-03 3.047680e-01
249 6.900840e-01 4.432000e-03 3.054840e-01
250 6.893560e-01 4.412000e-03 3.062320e-01
251 6.886400e-01 4.332000e-03 3.070280e-01
252 6.877920e-01 4.560000e-03 3.076480e-01
253 6.869160e-01 4.624000e-03 3.084600e-01
254 6.860560e-01 4.568000e-03 3.093760e-01
255 6.852440e-01 4.604000e-03 3.101520e-01
256 6.844760e-01 4.508000e-03 3.110160e-01
257 6.836960e-01 4.468000e-03 3.118360e-01
258 6.827800e-01 4.616000e-03 3.126040e-01
259 6.820000e-01 4.564000e-03 3.134360e-01
260 6.811880e-01 4.504000e-03 3.143080e-01
261 6.803680e-01 4.584000e-03 3.150480e-01
262 6.795280e-01 4.540000e-03 3.159320e-01
263 6.787360e-01 4.568000e-03 3.166960e-01
264 6.778880e-01 4.620000e-03 3.174920e-01
265 6.771440e-01 4.528000e-03 3.183280e-01
266 6.764040e-01 4.476000e-03 3.191200e-01
267 6.756960e-01 4.400000e-03 3.199040e-01
268 6.750360e-01 4.292000e-03 3.206720e-01
269 6.743560e-01 4.232000e-03 3.214120e-01
270 6.736920e-01 4.228000e-03 3.220800e-01
271 6.730000e-01 4.124000e-03 3.228760e-01
272 6.722320e-01 4.176000e-03 3.235920e-01
273 6.715120e-01 4.064000e-03 3.244240e-01
274 6.708280e-01 4.016000e-03 3.251560e-01
275 6.702400e-01 4.020000e-03 3.257400e-01
276 6.696480e-01 3.956000e-03 3.263960e-01
277 6.689760e-01 3.952000e-03 3.270720e-01
278 6.682640e-01 3.972000e-03 3.277640e-01
279 6.676840e-01 3.884000e-03 3.284320e-01
280 6.669360e-01 3.968000e-03 3.290960e-01
281 6.661280e-01 4.156000e-03 3.297160e-01
282 6.654480e-01 4.064000e-03 3.304880e-01
283 6.647920e-01 4.004000e-03 3.312040e-01
284 6.640680e-01 4.020000e-03 3.319120e-01
285 6.635520e-01 3.812000e-03 3.326360e-01
286 6.629680e-01 3.732000e-03 3.333000e-01
287 6.622520e-01 3.808000e-03 3.339400e-01
288 6.616160e-01 3.756000e-03 3.346280e-01
289 6.610040e-01 3.668000e-03 3.353280e-01
290 6.603800e-01 3.604000e-03 3.360160e-01
291 6.597960e-01 3.552000e-03 3.366520e-01
292 6.591720e-01 3.612000e-03 3.372160e-01
293 6.586400e-01 3.604000e-03 3.377560e-01
294 6.579760e-01 3.620000e-03 3.384040e-01
295 6.573560e-01 3.556000e-03 3.390880e-01
296 6.568160e-01 3.504000e-03 3.396800e-01
297 6.562240e-01 3.480000e-03 3.402960e-01
298 6.556680e-01 3.392000e-03 3.409400e-01
299 6.552560e-01 3.272000e-03 3.414720e-01
300 6.547240e-01 3.184000e-03 3.420920e-01
301 6.540480e-01 3.332000e-03 3.426200e-01
302 6.534280e-01 3.336000e-03 3.432360e-01
303 6.529080e-01 3.300000e-03 3.437920e-01
304 6.523200e-01 3.344000e-03 3.443360e-01
305 6.517880e-01 3.228000e-03 3.449840e-01
306 6.512440e-01 3.212000e-03 3.455440e-01
307 6.507400e-01 3.144000e-03 3.461160e-01
308 6.502280e-01 3.116000e-03 3.466560e-01
309 6.497240e-01 3.164000e-03 3.471120e-01
310 6.491880e-01 3.124000e-03 3.476880e-01
311 6.487240e-01 3.032000e-03 3.482440e-01
312 6.482800e-01 3.000000e-03 3.487200e-01
313 6.478320e-01 2.968000e-03 3.492000e-01
314 6.473440e-01 2.908000e-03 3.497480e-01
315 6.469160e-01 2.820000e-03 3.502640e-01
316 6.465360e-01 2.636000e-03 3.508280e-01
317 6.461440e-01 2.552000e-03 3.513040e-01
318 6.456440e-01 2.600000e-03 3.517560e-01
319 6.451880e-01 2.528000e-03 3.522840e-01
320 6.446800e-01 2.656000e-03 3.526640e-01
321 6.442240e-01 2.628000e-03 3.531480e-01
322 6.438440e-01 2.488000e-03 3.536680e-01
323 6.434480e-01 2.328000e-03 3.542240e-01
324 6.430640e-01 2.316000e-03 3.546200e-01
325 6.426280e-01 2.376000e-03 3.549960e-01
326 6.423160e-01 2.292000e-03 3.553920e-01
327 6.418440e-01 2.408000e-03 3.557480e-01
328 6.414480e-01 2.400000e-03 3.561520e-01
329 6.410360e-01 2.388000e-03 3.565760e-01
330 6.407600e-01 2.224000e-03 3.570160e-01
331 6.405440e-01 2.040000e-03 3.574160e-01
332 6.402160e-01 1.904000e-03 3.578800e-01
333 6.399000e-01 1.952000e-03 3.581480e-01
334 6.396080e-01 1.936000e-03 3.584560e-01
335 6.392320e-01 1.928000e-03 3.588400e-01
336 6.389640e-01 1.892000e-03 3.591440e-01
337 6.386600e-01 1.868000e-03 3.594720e-01
338 6.384000e-01 1.768000e-03 3.598320e-01
339 6.381760e-01 1.652000e-03 3.601720e-01
340 6.379360e-01 1.620000e-03 3.604440e-01
341 6.376600e-01 1.596000e-03 3.607440e-01
342 6.373520e-01 1.612000e-03 3.610360e-01
343 6.370600e-01 1.596000e-03 3.613440e-01
344 6.367320e-01 1.632000e-03 3.616360e-01
345 6.365000e-01 1.580000e-03 3.619200e-01
346 6.362520e-01 1.524000e-03 3.622240e-01
347 6.360960e-01 1.420000e-03 3.624840e-01
348 6.358640e-01 1.432000e-03 3.627040e-01
349 6.356480e-01 1.416000e-03 3.629360e-01
350 6.354360e-01 1.400000e-03 3.631640e-01
351 6.351040e-01 1.512000e-03 3.633840e-01
352 6.348120e-01 1.540000e-03 3.636480e-01
353 6.345680e-01 1.512000e-03 3.639200e-01
354 6.342640e-01 1.560000e-03 3.641760e-01
355 6.339680e-01 1.596000e-03 3.644360e-01
356 6.336840e-01 1.532000e-03 3.647840e-01
357 6.334000e-01 1.616000e-03 3.649840e-01
358 6.331200e-01 1.600000e-03 3.652800e-01
359 6.328000e-01 1.624000e-03 3.655760e-01
360 6.325680e-01 1.588000e-03 3.658440e-01
361 6.323760e-01 1.488000e-03 3.661360e-01
362 6.321160e-01 1.516000e-03 3.663680e-01
363 6.318960e-01 1.472000e-03 3.666320e-01
364 6.316480e-01 1.424000e-03 3.669280e-01
365 6.314200e-01 1.412000e-03 3.671680e-01
366 6.311640e-01 1.388000e-03 3.674480e-01
367 6.309720e-01 1.312000e-03 3.677160e-01
368 6.307480e-01 1.276000e-03 3.679760e-01
369 6.304720e-01 1.340000e-03 3.681880e-01
370 6.302000e-01 1.328000e-03 3.684720e-01
371 6.299800e-01 1.304000e-03 3.687160e-01
372 6.297720e-01 1.232000e-03 3.689960e-01
373 6.295520e-01 1.208000e-03 3.692400e-01
374 6.293720e-01 1.196000e-03 3.694320e-01
375 6.291880e-01 1.120000e-03 3.696920e-01
376 6.290120e-01 1.088000e-03 3.699000e-01
377 6.288640e-01 1.008000e-03 3.701280e-01
378 6.287280e-01 9.640000e-04 3.703080e-01
379 6.285720e-01 9.440000e-04 3.704840e-01
380 6.284760e-01 8.520000e-04 3.706720e-01
381 6.283440e-01 8.600000e-04 3.707960e-01
382 6.281960e-01 8.600000e-04 3.709440e-01
383 6.280560e-01 8.360000e-04 3.711080e-01
384 6.279040e-01 8.240000e-04 3.712720e-01
385 6.277360e-01 8.640000e-04 3.714000e-01
386 6.276160e-01 8.320000e-04 3.715520e-01
387 6.275000e-01 7.680000e-04 3.717320e-01
388 6.273760e-01 7.440000e-04 3.718800e-01
389 6.272480e-01 7.520000e-04 3.720000e-01
390 6.271120e-01 7.840000e-04 3.721040e-01
391 6.269520e-01 7.920000e-04 3.722560e-01
392 6.268600e-01 7.560000e-04 3.723840e-01
393 6.267000e-01 7.960000e-04 3.725040e-01
394 6.264960e-01 8.600000e-04 3.726440e-01
395 6.263160e-01 9.000000e-04 3.727840e-01
396 6.261760e-01 8.760000e-04 3.729480e-01
397 6.260680e-01 8.200000e-04 3.731120e-01
398 6.259160e-01 7.920000e-04 3.732920e-01
399 6.257200e-01 8.080000e-04 3.734720e-01
400 6.255760e-01 8.440000e-04 3.735800e-01
401 6.254120e-01 8.160000e-04 3.737720e-01
402 6.252600e-01 8.760000e-04 3.738640e-01
403 6.251160e-01 8.440000e-04 3.740400e-01
404 6.249840e-01 8.400000e-04 3.741760e-01
405 6.248280e-01 8.400000e-04 3.743320e-01
406 6.246720e-01 8.160000e-04 3.745120e-01
407 6.245360e-01 7.760000e-04 3.746880e-01
408 6.244080e-01 7.600000e-04 3.748320e-01
409 6.243240e-01 7.400000e-04 3.749360e-01
410 6.242080e-01 7.200000e-04 3.750720e-01
411 6.241000e-01 7.000000e-04 3.752000e-01
412 6.239920e-01 7.000000e-04 3.753080e-01
413 6.239160e-01 6.600000e-04 3.754240e-01
414 6.238360e-01 6.400000e-04 3.755240e-01
415 6.237920e-01 5.520000e-04 3.756560e-01
416 6.237280e-01 5.200000e-04 3.757520e-01
417 6.236680e-01 5.000000e-04 3.758320e-01
418 6.235680e-01 5.200000e-04 3.759120e-01
419 6.234840e-01 4.920000e-04 3.760240e-01
420 6.233880e-01 5.080000e-04 3.761040e-01
421 6.232600e-01 5.360000e-04 3.762040e-01
422 6.231280e-01 5.720000e-04 3.763000e-01
423 6.230160e-01 5.880000e-04 3.763960e-01
424 6.229320e-01 5.640000e-04 3.765040e-01
425 6.228360e-01 5.640000e-04 3.766000e-01
426 6.227400e-01 5.760000e-04 3.766840e-01
427 6.226320e-01 5.840000e-04 3.767840e-01
428 6.225120e-01 6.080000e-04 3.768800e-01
429 6.223680e-01 6.320000e-04 3.770000e-01
430 6.221880e-01 7.280000e-04 3.770840e-01
431 6.220600e-01 7.360000e-04 3.772040e-01
432 6.219120e-01 7.640000e-04 3.773240e-01
433 6.217240e-01 8.360000e-04 3.774400e-01
434 6.216000e-01 7.800000e-04 3.776200e-01
435 6.215000e-01 7.440000e-04 3.777560e-01
436 6.214000e-01 7.000000e-04 3.779000e-01
437 6.213080e-01 6.760000e-04 3.780160e-01
438 6.211920e-01 6.680000e-04 3.781400e-01
439 6.210960e-01 6.600000e-04 3.782440e-01
440 6.210320e-01 6.120000e-04 3.783560e-01
441 6.209360e-01 5.640000e-04 3.785000e-01
442 6.208640e-01 5.480000e-04 3.785880e-01
443 6.207800e-01 5.480000e-04 3.786720e-01
444 6.207000e-01 5.240000e-04 3.787760e-01
445 6.206320e-01 5.040000e-04 3.788640e-01
446 6.205640e-01 4.960000e-04 3.789400e-01
447 6.204880e-01 5.080000e-04 3.790040e-01
448 6.203840e-01 5.400000e-04 3.790760e-01
449 6.202600e-01 5.600000e-04 3.791800e-01
450 6.201520e-01 5.520000e-04 3.792960e-01
451 6.200320e-01 5.760000e-04 3.793920e-01
452 6.199640e-01 4.800000e-04 3.795560e-01
453 6.198840e-01 4.800000e-04 3.796360e-01
454 6.197640e-01 5.360000e-04 3.797000e-01
455 6.196520e-01 5.480000e-04 3.798000e-01
456 6.195480e-01 5.560000e-04 3.798960e-01
457 6.194480e-01 5.520000e-04 3.800000e-01
458 6.193040e-01 6.160000e-04 3.800800e-01
459 6.191840e-01 6.160000e-04 3.802000e-01
460 6.190080e-01 6.920000e-04 3.803000e-01
461 6.189040e-01 6.600000e-04 3.804360e-01
462 6.187760e-01 6.680000e-04 3.805560e-01
463 6.186840e-01 6.440000e-04 3.806720e-01
464 6.186120e-01 5.760000e-04 3.808120e-01
465 6.185560e-01 5.360000e-04 3.809080e-01
466 6.184440e-01 5.800000e-04 3.809760e-01
467 6.183080e-01 5.840000e-04 3.811080e-01
468 6.182080e-01 5.880000e-04 3.812040e-01
469 6.180440e-01 6.920000e-04 3.812640e-01
470 6.179200e-01 6.840000e-04 3.813960e-01
471 6.178200e-01 6.480000e-04 3.815320e-01
472 6.176680e-01 6.840000e-04 3.816480e-01
473 6.175840e-01 6.680000e-04 3.817480e-01
474 6.174680e-01 6.720000e-04 3.818600e-01
475 6.173200e-01 7.480000e-04 3.819320e-01
476 6.171800e-01 7.600000e-04 3.820600e-01
477 6.169960e-01 8.320000e-04 3.821720e-01
478 6.168200e-01 8.560000e-04 3.823240e-01
479 6.166800e-01 8.320000e-04 3.824880e-01
480 6.165200e-01 8.480000e-04 3.826320e-01
481 6.163680e-01 9.000000e-04 3.827320e-01
482 6.162320e-01 8.760000e-04 3.828920e-01
483 6.160480e-01 9.120000e-04 3.830400e-01
484 6.158840e-01 9.160000e-04 3.832000e-01
485 6.157000e-01 9.760000e-04 3.833240e-01
486 6.155480e-01 9.880000e-04 3.834640e-01
487 6.153600e-01 9.680000e-04 3.836720e-01
488 6.151960e-01 9.960000e-04 3.838080e-01
489 6.150000e-01 1.076000e-03 3.839240e-01
490 6.148280e-01 1.064000e-03 3.841080e-01
491 6.145600e-01 1.120000e-03 3.843200e-01
492 6.143560e-01 1.132000e-03 3.845120e-01
493 6.141640e-01 1.132000e-03 3.847040e-01
494 6.139880e-01 1.088000e-03 3.849240e-01
495 6.138320e-01 1.084000e-03 3.850840e-01
496 6.136680e-01 1.100000e-03 3.852320e-01
497 6.135120e-01 1.064000e-03 3.854240e-01
498 6.133920e-01 9.920000e-04 3.856160e-01
499 6.132120e-01 1.020000e-03 3.857680e-01
500 6.130800e-01 9.880000e-04 3.859320e-01
