1 9.992200e-01 6.880000e-04 9.200000e-05
2 9.986440e-01 1.104000e-03 2.520000e-04
3 9.979160e-01 1.576000e-03 5.080000e-04
4 9.971280e-01 1.964000e-03 9.080000e-04
5 9.963720e-01 2.348000e-03 1.280000e-03
6 9.954720e-01 2.792000e-03 1.736000e-03
7 9.945400e-01 3.120000e-03 2.340000e-03
8 9.936320e-01 3.464000e-03 2.904000e-03
9 9.926120e-01 3.820000e-03 3.568000e-03
10 9.915320e-01 4.208000e-03 4.260000e-03
11 9.905600e-01 4.412000e-03 5.028000e-03
12 9.894680e-01 4.700000e-03 5.832000e-03
13 9.882040e-01 5.104000e-03 6.692000e-03
14 9.870200e-01 5.464000e-03 7.516000e-03
15 9.857160e-01 5.720000e-03 8.564000e-03
16 9.844920e-01 5.952000e-03 9.556000e-03
17 9.831920e-01 6.204000e-03 1.060400e-02
18 9.817720e-01 6.504000e-03 1.172400e-02
19 9.804200e-01 6.772000e-03 1.280800e-02
20 9.790160e-01 6.920000e-03 1.406400e-02
21 9.776320e-01 7.072000e-03 1.529600e-02
22 9.762760e-01 7.144000e-03 1.658000e-02
23 9.748160e-01 7.392000e-03 1.779200e-02
24 9.733640e-01 7.524000e-03 1.911200e-02
25 9.720440e-01 7.624000e-03 2.033200e-02
26 9.705280e-01 7.864000e-03 2.160800e-02
27 9.691480e-01 7.884000e-03 2.296800e-02
28 9.678760e-01 7.904000e-03 2.422000e-02
29 9.663520e-01 8.024000e-03 2.562400e-02
30 9.648120e-01 8.280000e-03 2.690800e-02
31 9.631960e-01 8.476000e-03 2.832800e-02
32 9.615760e-01 8.644000e-03 2.978000e-02
33 9.601280e-01 8.548000e-03 3.132400e-02
34 9.585000e-01 8.544000e-03 3.295600e-02
35 9.569440e-01 8.472000e-03 3.458400e-02
36 9.554360e-01 8.596000e-03 3.596800e-02
37 9.540080e-01 8.512000e-03 3.748000e-02
38 9.525000e-01 8.556000e-03 3.894400e-02
39 9.509320e-01 8.652000e-03 4.041600e-02
40 9.493520e-01 8.728000e-03 4.192000e-02
41 9.478440e-01 8.756000e-03 4.340000e-02
42 9.463520e-01 8.820000e-03 4.482800e-02
43 9.447560e-01 8.792000e-03 4.645200e-02
44 9.432400e-01 8.816000e-03 4.794400e-02
45 9.415480e-01 9.172000e-03 4.928000e-02
46 9.399560e-01 9.168000e-03 5.087600e-02
47 9.382320e-01 9.352000e-03 5.241600e-02
48 9.365520e-01 9.408000e-03 5.404000e-02
49 9.349360e-01 9.332000e-03 5.573200e-02
50 9.331640e-01 9.616000e-03 5.722000e-02
51 9.313120e-01 9.776000e-03 5.891200e-02
52 9.296240e-01 9.688000e-03 6.068800e-02
53 9.278760e-01 9.608000e-03 6.251600e-02
54 9.262920e-01 9.360000e-03 6.434800e-02
55 9.244640e-01 9.584000e-03 6.595200e-02
56 9.227360e-01 9.568000e-03 6.769600e-02
57 9.209480e-01 9.704000e-03 6.934800e-02
58 9.190560e-01 9.908000e-03 7.103600e-02
59 9.173400e-01 9.784000e-03 7.287600e-02
60 9.156680e-01 9.716000e-03 7.461600e-02
61 9.137880e-01 9.980000e-03 7.623200e-02
62 9.119360e-01 1.006000e-02 7.800400e-02
63 9.102000e-01 1.000000e-02 7.980000e-02
64 9.084840e-01 1.001600e-02 8.150000e-02
65 9.068080e-01 9.760000e-03 8.343200e-02
66 9.050400e-01 9.716000e-03 8.524400e-02
67 9.034280e-01 9.600000e-03 8.697200e-02
68 9.016440e-01 9.844000e-03 8.851200e-02
69 9.000000e-01 9.760000e-03 9.024000e-02
70 8.983120e-01 9.672000e-03 9.201600e-02
71 8.965560e-01 9.780000e-03 9.366400e-02
72 8.947680e-01 9.836000e-03 9.539600e-02
73 8.927840e-01 9.972000e-03 9.724400e-02
74 8.909600e-01 9.972000e-03 9.906800e-02
75 8.891480e-01 1.012800e-02 1.007240e-01
76 8.874600e-01 1.002800e-02 1.025120e-01
77 8.858120e-01 9.876000e-03 1.043120e-01
78 8.840040e-01 9.924000e-03 1.060720e-01
79 8.822640e-01 9.924000e-03 1.078120e-01
80 8.805680e-01 9.852000e-03 1.095800e-01
81 8.789280e-01 9.612000e-03 1.114600e-01
82 8.773000e-01 9.600000e-03 1.131000e-01
83 8.756240e-01 9.448000e-03 1.149280e-01
84 8.737720e-01 9.704000e-03 1.165240e-01
85 8.720960e-01 9.688000e-03 1.182160e-01
86 8.704360e-01 9.524000e-03 1.200400e-01
87 8.687080e-01 9.636000e-03 1.216560e-01
88 8.669880e-01 9.796000e-03 1.232160e-01
89 8.652680e-01 9.748000e-03 1.249840e-01
90 8.635480e-01 9.808000e-03 1.266440e-01
91 8.618120e-01 9.968000e-03 1.282200e-01
92 8.600640e-01 9.924000e-03 1.300120e-01
93 8.583680e-01 9.796000e-03 1.318360e-01
94 8.567280e-01 9.764000e-03 1.335080e-01
95 8.550760e-01 9.736000e-03 1.351880e-01
96 8.532920e-01 9.844000e-03 1.368640e-01
97 8.514040e-01 1.003200e-02 1.385640e-01
98 8.497320e-01 1.001200e-02 1.402560e-01
99 8.481120e-01 9.876000e-03 1.420120e-01
100 8.464080e-01 9.816000e-03 1.437760e-01
101 8.448120e-01 9.740000e-03 1.454480e-01
102 8.432600e-01 9.656000e-03 1.470840e-01
103 8.414440e-01 9.788000e-03 1.487680e-01
104 8.396320e-01 9.852000e-03 1.505160e-01
105 8.377880e-01 9.856000e-03 1.523560e-01
106 8.360080e-01 9.808000e-03 1.541840e-01
107 8.344040e-01 9.616000e-03 1.559800e-01
108 8.328040e-01 9.612000e-03 1.575840e-01
109 8.310760e-01 9.576000e-03 1.593480e-01
110 8.295400e-01 9.432000e-03 1.610280e-01
111 8.281400e-01 9.208000e-03 1.626520e-01
112 8.267000e-01 8.992000e-03 1.643080e-01
113 8.251400e-01 9.072000e-03 1.657880e-01
114 8.236400e-01 8.964000e-03 1.673960e-01
115 8.222320e-01 8.880000e-03 1.688880e-01
116 8.206840e-01 8.748000e-03 1.705680e-01
117 8.192160e-01 8.620000e-03 1.721640e-01
118 8.178800e-01 8.304000e-03 1.738160e-01
119 8.165200e-01 8.212000e-03 1.752680e-01
120 8.152000e-01 8.112000e-03 1.766880e-01
121 8.138400e-01 8.084000e-03 1.780760e-01
122 8.125360e-01 7.992000e-03 1.794720e-01
123 8.110960e-01 8.068000e-03 1.808360e-01
124 8.097400e-01 8.028000e-03 1.822320e-01
125 8.084360e-01 7.908000e-03 1.836560e-01
126 8.072960e-01 7.648000e-03 1.850560e-01
127 8.061360e-01 7.448000e-03 1.864160e-01
128 8.051120e-01 7.152000e-03 1.877360e-01
129 8.040040e-01 6.956000e-03 1.890400e-01
130 8.029520e-01 6.848000e-03 1.902000e-01
131 8.018400e-01 6.764000e-03 1.913960e-01
132 8.007560e-01 6.620000e-03 1.926240e-01
133 7.996440e-01 6.600000e-03 1.937560e-01
134 7.985680e-01 6.528000e-03 1.949040e-01
135 7.974440e-01 6.476000e-03 1.960800e-01
136 7.961920e-01 6.600000e-03 1.972080e-01
137 7.951240e-01 6.476000e-03 1.984000e-01
138 7.939440e-01 6.508000e-03 1.995480e-01
139 7.927280e-01 6.576000e-03 2.006960e-01
140 7.913680e-01 6.832000e-03 2.018000e-01
141 7.900400e-01 6.912000e-03 2.030480e-01
142 7.887640e-01 6.936000e-03 2.043000e-01
143 7.873480e-01 7.212000e-03 2.054400e-01
144 7.860800e-01 7.124000e-03 2.067960e-01
145 7.846640e-01 7.212000e-03 2.081240e-01
146 7.831280e-01 7.516000e-03 2.093560e-01
147 7.817080e-01 7.736000e-03 2.105560e-01
148 7.803840e-01 7.764000e-03 2.118520e-01
149 7.791560e-01 7.620000e-03 2.132240e-01
150 7.778080e-01 7.636000e-03 2.145560e-01
151 7.763880e-01 7.676000e-03 2.159360e-01
152 7.751520e-01 7.580000e-03 2.172680e-01
153 7.738760e-01 7.552000e-03 2.185720e-01
154 7.727800e-01 7.256000e-03 2.199640e-01
155 7.716720e-01 7.116000e-03 2.212120e-01
156 7.704560e-01 7.052000e-03 2.224920e-01
157 7.692080e-01 7.212000e-03 2.235800e-01
158 7.680200e-01 7.196000e-03 2.247840e-01
159 7.667880e-01 7.280000e-03 2.259320e-01
160 7.655640e-01 7.196000e-03 2.272400e-01
161 7.642320e-01 7.236000e-03 2.285320e-01
162 7.629160e-01 7.416000e-03 2.296680e-01
163 7.617200e-01 7.348000e-03 2.309320e-01
164 7.604520e-01 7.304000e-03 2.322440e-01
165 7.592960e-01 7.180000e-03 2.335240e-01
166 7.580520e-01 7.224000e-03 2.347240e-01
167 7.567640e-01 7.420000e-03 2.358160e-01
168 7.555040e-01 7.420000e-03 2.370760e-01
169 7.543480e-01 7.228000e-03 2.384240e-01
170 7.531760e-01 7.068000e-03 2.397560e-01
171 7.520160e-01 6.904000e-03 2.410800e-01
172 7.508800e-01 6.808000e-03 2.423120e-01
173 7.498000e-01 6.632000e-03 2.435680e-01
174 7.488000e-01 6.524000e-03 2.446760e-01
175 7.478080e-01 6.364000e-03 2.458280e-01
176 7.468840e-01 6.188000e-03 2.469280e-01
177 7.460120e-01 5.996000e-03 2.479920e-01
178 7.452040e-01 5.716000e-03 2.490800e-01
179 7.443120e-01 5.560000e-03 2.501280e-01
180 7.433680e-01 5.568000e-03 2.510640e-01
181 7.423760e-01 5.592000e-03 2.520320e-01
182 7.413080e-01 5.736000e-03 2.529560e-01
183 7.401760e-01 5.912000e-03 2.539120e-01
184 7.392280e-01 5.776000e-03 2.549960e-01
185 7.383240e-01 5.776000e-03 2.559000e-01
186 7.373760e-01 5.636000e-03 2.569880e-01
187 7.365520e-01 5.444000e-03 2.580040e-01
188 7.355560e-01 5.464000e-03 2.589800e-01
189 7.347120e-01 5.384000e-03 2.599040e-01
190 7.338280e-01 5.328000e-03 2.608440e-01
191 7.329840e-01 5.220000e-03 2.617960e-01
192 7.320920e-01 5.204000e-03 2.627040e-01
193 7.311720e-01 5.120000e-03 2.637080e-01
194 7.303840e-01 4.980000e-03 2.646360e-01
195 7.296200e-01 4.832000e-03 2.655480e-01
196 7.287160e-01 4.884000e-03 2.664000e-01
197 7.278480e-01 4.936000e-03 2.672160e-01
198 7.268760e-01 5.048000e-03 2.680760e-01
199 7.259640e-01 5.132000e-03 2.689040e-01
200 7.250640e-01 5.260000e-03 2.696760e-01
201 7.241320e-01 5.284000e-03 2.705840e-01
202 7.232160e-01 5.244000e-03 2.715400e-01
203 7.223960e-01 5.116000e-03 2.724880e-01
204 7.215360e-01 5.036000e-03 2.734280e-01
205 7.206080e-01 5.040000e-03 2.743520e-01
206 7.197520e-01 4.988000e-03 2.752600e-01
207 7.189480e-01 4.952000e-03 2.761000e-01
208 7.181280e-01 5.000000e-03 2.768720e-01
209 7.172440e-01 4.968000e-03 2.777880e-01
210 7.164840e-01 4.788000e-03 2.787280e-01
211 7.156360e-01 4.824000e-03 2.795400e-01
212 7.147040e-01 4.848000e-03 2.804480e-01
213 7.139160e-01 4.808000e-03 2.812760e-01
214 7.130960e-01 4.848000e-03 2.820560e-01
215 7.122960e-01 4.684000e-03 2.830200e-01
216 7.115520e-01 4.684000e-03 2.837640e-01
217 7.106560e-01 4.660000e-03 2.846840e-01
218 7.097960e-01 4.724000e-03 2.854800e-01
219 7.091120e-01 4.692000e-03 2.861960e-01
220 7.083160e-01 4.576000e-03 2.871080e-01
221 7.076160e-01 4.348000e-03 2.880360e-01
222 7.068640e-01 4.312000e-03 2.888240e-01
223 7.062520e-01 4.104000e-03 2.896440e-01
224 7.055760e-01 4.032000e-03 2.903920e-01
225 7.048840e-01 4.072000e-03 2.910440e-01
226 7.042080e-01 4.072000e-03 2.917200e-01
227 7.035000e-01 4.104000e-03 2.923960e-01
228 7.028640e-01 4.028000e-03 2.931080e-01
229 7.022480e-01 3.944000e-03 2.938080e-01
230 7.016520e-01 3.864000e-03 2.944840e-01
231 7.010520e-01 3.752000e-03 2.951960e-01
232 7.004640e-01 3.592000e-03 2.959440e-01
233 6.998800e-01 3.560000e-03 2.965600e-01
234 6.992520e-01 3.512000e-03 2.972360e-01
235 6.987040e-01 3.408000e-03 2.978880e-01
236 6.980880e-01 3.456000e-03 2.984560e-01
237 6.974600e-01 3.384000e-03 2.991560e-01
238 6.968200e-01 3.436000e-03 2.997440e-01
239 6.962000e-01 3.432000e-03 3.003680e-01
240 6.956240e-01 3.472000e-03 3.009040e-01
241 6.950520e-01 3.464000e-03 3.014840e-01
242 6.944480e-01 3.544000e-03 3.020080e-01
243 6.938760e-01 3.456000e-03 3.026680e-01
244 6.933280e-01 3.396000e-03 3.032760e-01
245 6.927800e-01 3.304000e-03 3.039160e-01
246 6.921640e-01 3.296000e-03 3.045400e-01
247 6.916200e-01 3.288000e-03 3.050920e-01
248 6.909840e-01 3.340000e-03 3.056760e-01
249 6.904000e-01 3.448000e-03 3.061520e-01
250 6.895920e-01 3.688000e-03 3.067200e-01
251 6.888600e-01 3.840000e-03 3.073000e-01
252 6.882200e-01 3.808000e-03 3.079720e-01
253 6.874480e-01 3.852000e-03 3.087000e-01
254 6.867160e-01 3.912000e-03 3.093720e-01
255 6.860800e-01 3.764000e-03 3.101560e-01
256 6.854120e-01 3.860000e-03 3.107280e-01
257 6.846560e-01 3.968000e-03 3.113760e-01
258 6.840000e-01 3.920000e-03 3.120800e-01
259 6.832480e-01 4.004000e-03 3.127480e-01
260 6.823960e-01 4.076000e-03 3.135280e-01
261 6.817000e-01 4.092000e-03 3.142080e-01
262 6.810080e-01 4.028000e-03 3.149640e-01
263 6.803640e-01 4.016000e-03 3.156200e-01
264 6.796720e-01 4.068000e-03 3.162600e-01
265 6.788440e-01 4.300000e-03 3.168560e-01
266 6.780360e-01 4.264000e-03 3.177000e-01
267 6.772520e-01 4.328000e-03 3.184200e-01
268 6.764440e-01 4.416000e-03 3.191400e-01
269 6.756960e-01 4.384000e-03 3.199200e-01
270 6.749000e-01 4.420000e-03 3.206800e-01
271 6.742160e-01 4.320000e-03 3.214640e-01
272 6.735880e-01 4.196000e-03 3.222160e-01
273 6.728240e-01 4.264000e-03 3.229120e-01
274 6.721360e-01 4.164000e-03 3.237000e-01
275 6.714320e-01 4.176000e-03 3.243920e-01
276 6.706280e-01 4.236000e-03 3.251360e-01
277 6.699480e-01 4.176000e-03 3.258760e-01
278 6.692200e-01 4.208000e-03 3.265720e-01
279 6.684560e-01 4.204000e-03 3.273400e-01
280 6.677040e-01 4.164000e-03 3.281320e-01
281 6.669240e-01 4.232000e-03 3.288440e-01
282 6.662680e-01 4.132000e-03 3.296000e-01
283 6.654840e-01 4.132000e-03 3.303840e-01
284 6.648080e-01 4.144000e-03 3.310480e-01
285 6.641200e-01 4.148000e-03 3.317320e-01
286 6.633960e-01 4.168000e-03 3.324360e-01
287 6.626920e-01 4.116000e-03 3.331920e-01
288 6.619640e-01 4.144000e-03 3.338920e-01
289 6.614000e-01 4.004000e-03 3.345960e-01
290 6.607560e-01 3.904000e-03 3.353400e-01
291 6.601080e-01 3.844000e-03 3.360480e-01
292 6.594800e-01 3.848000e-03 3.366720e-01
293 6.590440e-01 3.656000e-03 3.373000e-01
294 6.584520e-01 3.576000e-03 3.379720e-01
295 6.578720e-01 3.548000e-03 3.385800e-01
296 6.572120e-01 3.628000e-03 3.391600e-01
297 6.566360e-01 3.572000e-03 3.397920e-01
298 6.560160e-01 3.644000e-03 3.403400e-01
299 6.553560e-01 3.608000e-03 3.410360e-01
300 6.547640e-01 3.512000e-03 3.417240e-01
301 6.542320e-01 3.424000e-03 3.423440e-01
302 6.537560e-01 3.348000e-03 3.428960e-01
303 6.532040e-01 3.332000e-03 3.434640e-01
304 6.527600e-01 3.224000e-03 3.440160e-01
305 6.522760e-01 3.152000e-03 3.445720e-01
306 6.518400e-01 3.040000e-03 3.451200e-01
307 6.513960e-01 2.972000e-03 3.456320e-01
308 6.509960e-01 2.796000e-03 3.462080e-01
309 6.505840e-01 2.776000e-03 3.466400e-01
310 6.500320e-01 2.836000e-03 3.471320e-01
311 6.496120e-01 2.724000e-03 3.476640e-01
312 6.492440e-01 2.540000e-03 3.482160e-01
313 6.488280e-01 2.568000e-03 3.486040e-01
314 6.483800e-01 2.624000e-03 3.489960e-01
315 6.479000e-01 2.684000e-03 3.494160e-01
316 6.474040e-01 2.724000e-03 3.498720e-01
317 6.469400e-01 2.700000e-03 3.503600e-01
318 6.466080e-01 2.596000e-03 3.507960e-01
319 6.462280e-01 2.456000e-03 3.513160e-01
320 6.457880e-01 2.468000e-03 3.517440e-01
321 6.453600e-01 2.452000e-03 3.521880e-01
322 6.449760e-01 2.412000e-03 3.526120e-01
323 6.446040e-01 2.388000e-03 3.530080e-01
324 6.441720e-01 2.388000e-03 3.534400e-01
325 6.437800e-01 2.328000e-03 3.538920e-01
326 6.434160e-01 2.308000e-03 3.542760e-01
327 6.430360e-01 2.268000e-03 3.546960e-01
328 6.426680e-01 2.240000e-03 3.550920e-01
329 6.422680e-01 2.260000e-03 3.554720e-01
330 6.419320e-01 2.224000e-03 3.558440e-01
331 6.416000e-01 2.144000e-03 3.562560e-01
332 6.413320e-01 2.040000e-03 3.566280e-01
333 6.409960e-01 2.004000e-03 3.570000e-01
334 6.406600e-01 2.040000e-03 3.573000e-01
335 6.402880e-01 2.040000e-03 3.576720e-01
336 6.399120e-01 2.096000e-03 3.579920e-01
337 6.395160e-01 2.124000e-03 3.583600e-01
338 6.390760e-01 2.208000e-03 3.587160e-01
339 6.387000e-01 2.252000e-03 3.590480e-01
340 6.383120e-01 2.248000e-03 3.594400e-01
341 6.379040e-01 2.236000e-03 3.598600e-01
342 6.374720e-01 2.296000e-03 3.602320e-01
343 6.371000e-01 2.244000e-03 3.606560e-01
344 6.367080e-01 2.212000e-03 3.610800e-01
345 6.363280e-01 2.212000e-03 3.614600e-01
346 6.358920e-01 2.280000e-03 3.618280e-01
347 6.354360e-01 2.308000e-03 3.622560e-01
348 6.350080e-01 2.380000e-03 3.626120e-01
349 6.346320e-01 2.388000e-03 3.629800e-01
350 6.342600e-01 2.396000e-03 3.633440e-01
351 6.338720e-01 2.300000e-03 3.638280e-01
352 6.334680e-01 2.340000e-03 3.641920e-01
353 6.330680e-01 2.388000e-03 3.645440e-01
354 6.327120e-01 2.332000e-03 3.649560e-01
355 6.322960e-01 2.316000e-03 3.653880e-01
356 6.317640e-01 2.412000e-03 3.658240e-01
357 6.313880e-01 2.384000e-03 3.662280e-01
358 6.310320e-01 2.276000e-03 3.666920e-01
359 6.306480e-01 2.252000e-03 3.671000e-01
360 6.302560e-01 2.240000e-03 3.675040e-01
361 6.299040e-01 2.148000e-03 3.679480e-01
362 6.294880e-01 2.224000e-03 3.682880e-01
363 6.290360e-01 2.320000e-03 3.686440e-01
364 6.284920e-01 2.436000e-03 3.690720e-01
365 6.281120e-01 2.384000e-03 3.695040e-01
366 6.278040e-01 2.252000e-03 3.699440e-01
367 6.273720e-01 2.232000e-03 3.703960e-01
368 6.269600e-01 2.264000e-03 3.707760e-01
369 6.265920e-01 2.280000e-03 3.711280e-01
370 6.261560e-01 2.324000e-03 3.715200e-01
371 6.257840e-01 2.260000e-03 3.719560e-01
372 6.254400e-01 2.152000e-03 3.724080e-01
373 6.250160e-01 2.232000e-03 3.727520e-01
374 6.246320e-01 2.304000e-03 3.730640e-01
375 6.242240e-01 2.296000e-03 3.734800e-01
376 6.238280e-01 2.268000e-03 3.739040e-01
377 6.234360e-01 2.264000e-03 3.743000e-01
378 6.230560e-01 2.288000e-03 3.746560e-01
379 6.226720e-01 2.216000e-03 3.751120e-01
380 6.223320e-01 2.188000e-03 3.754800e-01
381 6.219760e-01 2.156000e-03 3.758680e-01
382 6.216520e-01 2.052000e-03 3.762960e-01
383 6.213080e-01 2.052000e-03 3.766400e-01
384 6.208880e-01 2.084000e-03 3.770280e-01
385 6.205880e-01 2.004000e-03 3.774080e-01
386 6.202600e-01 1.992000e-03 3.777480e-01
387 6.199400e-01 1.988000e-03 3.780720e-01
388 6.196400e-01 1.964000e-03 3.783960e-01
389 6.193680e-01 1.860000e-03 3.787720e-01
390 6.191000e-01 1.792000e-03 3.791080e-01
391 6.188160e-01 1.824000e-03 3.793600e-01
392 6.185040e-01 1.800000e-03 3.796960e-01
393 6.182520e-01 1.704000e-03 3.800440e-01
394 6.180440e-01 1.592000e-03 3.803640e-01
395 6.178160e-01 1.480000e-03 3.807040e-01
396 6.175480e-01 1.500000e-03 3.809520e-01
397 6.172640e-01 1.576000e-03 3.811600e-01
398 6.170160e-01 1.564000e-03 3.814200e-01
399 6.167240e-01 1.612000e-03 3.816640e-01
400 6.164240e-01 1.668000e-03 3.819080e-01
401 6.161600e-01 1.636000e-03 3.822040e-01
402 6.158200e-01 1.684000e-03 3.824960e-01
403 6.154760e-01 1.764000e-03 3.827600e-01
404 6.151760e-01 1.768000e-03 3.830560e-01
405 6.149160e-01 1.772000e-03 3.833120e-01
406 6.146400e-01 1.704000e-03 3.836560e-01
407 6.143960e-01 1.636000e-03 3.839680e-01
408 6.140760e-01 1.676000e-03 3.842480e-01
409 6.137880e-01 1.608000e-03 3.846040e-01
410 6.135280e-01 1.604000e-03 3.848680e-01
411 6.132200e-01 1.652000e-03 3.851280e-01
412 6.128840e-01 1.708000e-03 3.854080e-01
413 6.126200e-01 1.692000e-03 3.856880e-01
414 6.123560e-01 1.676000e-03 3.859680e-01
415 6.120640e-01 1.700000e-03 3.862360e-01
416 6.117600e-01 1.684000e-03 3.865560e-01
417 6.114520e-01 1.712000e-03 3.868360e-01
418 6.111360e-01 1.772000e-03 3.870920e-01
419 6.107200e-01 1.808000e-03 3.874720e-01
420 6.103040e-01 1.940000e-03 3.877560e-01
421 6.099280e-01 1.996000e-03 3.880760e-01
422 6.096400e-01 1.972000e-03 3.883880e-01
423 6.093400e-01 1.920000e-03 3.887400e-01
424 6.090760e-01 1.876000e-03 3.890480e-01
425 6.087840e-01 1.800000e-03 3.894160e-01
426 6.085160e-01 1.772000e-03 3.897120e-01
427 6.082640e-01 1.652000e-03 3.900840e-01
428 6.079440e-01 1.664000e-03 3.903920e-01
429 6.077320e-01 1.580000e-03 3.906880e-01
430 6.074440e-01 1.608000e-03 3.909480e-01
431 6.072440e-01 1.584000e-03 3.911720e-01
432 6.069880e-01 1.604000e-03 3.914080e-01
433 6.067000e-01 1.616000e-03 3.916840e-01
434 6.064480e-01 1.588000e-03 3.919640e-01
435 6.062040e-01 1.572000e-03 3.922240e-01
436 6.059120e-01 1.588000e-03 3.925000e-01
437 6.056120e-01 1.636000e-03 3.927520e-01
438 6.053040e-01 1.664000e-03 3.930320e-01
439 6.050360e-01 1.612000e-03 3.933520e-01
440 6.047800e-01 1.600000e-03 3.936200e-01
441 6.045160e-01 1.588000e-03 3.938960e-01
442 6.042000e-01 1.616000e-03 3.941840e-01
443 6.039240e-01 1.612000e-03 3.944640e-01
444 6.036240e-01 1.680000e-03 3.946960e-01
445 6.033240e-01 1.700000e-03 3.949760e-01
446 6.030400e-01 1.680000e-03 3.952800e-01
447 6.028320e-01 1.596000e-03 3.955720e-01
448 6.026440e-01 1.524000e-03 3.958320e-01
449 6.024480e-01 1.424000e-03 3.961280e-01
450 6.022320e-01 1.408000e-03 3.963600e-01
451 6.020520e-01 1.344000e-03 3.966040e-01
452 6.018360e-01 1.328000e-03 3.968360e-01
453 6.016600e-01 1.312000e-03 3.970280e-01
454 6.014400e-01 1.284000e-03 3.972760e-01
455 6.012680e-01 1.232000e-03 3.975000e-01
456 6.011320e-01 1.180000e-03 3.976880e-01
457 6.010320e-01 1.088000e-03 3.978800e-01
458 6.009040e-01 1.024000e-03 3.980720e-01
459 6.008000e-01 9.280000e-04 3.982720e-01
460 6.007040e-01 8.520000e-04 3.984440e-01
461 6.005520e-01 8.840000e-04 3.985640e-01
462 6.004280e-01 8.800000e-04 3.986920e-01
463 6.002840e-01 8.880000e-04 3.988280e-01
464 6.001360e-01 8.680000e-04 3.989960e-01
465 6.000160e-01 8.200000e-04 3.991640e-01
466 5.999360e-01 7.520000e-04 3.993120e-01
467 5.997760e-01 7.480000e-04 3.994760e-01
468 5.996120e-01 7.880000e-04 3.996000e-01
469 5.994200e-01 7.960000e-04 3.997840e-01
470 5.993160e-01 7.600000e-04 3.999240e-01
471 5.992200e-01 7.320000e-04 4.000480e-01
472 5.991160e-01 7.000000e-04 4.001840e-01
473 5.989600e-01 7.320000e-04 4.003080e-01
474 5.988560e-01 6.920000e-04 4.004520e-01
475 5.987880e-01 6.280000e-04 4.005840e-01
476 5.986640e-01 6.600000e-04 4.006760e-01
477 5.985640e-01 6.360000e-04 4.008000e-01
478 5.984560e-01 6.240000e-04 4.009200e-01
479 5.983600e-01 6.320000e-04 4.010080e-01
480 5.982480e-01 5.960000e-04 4.011560e-01
481 5.981600e-01 5.800000e-04 4.012600e-01
482 5.980840e-01 5.640000e-04 4.013520e-01
483 5.979800e-01 5.760000e-04 4.014440e-01
484 5.978880e-01 5.560000e-04 4.015560e-01
485 5.978080e-01 5.600000e-04 4.016320e-01
486 5.977480e-01 5.160000e-04 4.017360e-01
487 5.976800e-01 4.760000e-04 4.018440e-01
488 5.976000e-01 4.960000e-04 4.019040e-01
489 5.975080e-01 4.520000e-04 4.020400e-01
490 5.974080e-01 4.560000e-04 4.021360e-01
491 5.973320e-01 4.400000e-04 4.022280e-01
492 5.972520e-01 4.600000e-04 4.022880e-01
493 5.971720e-01 4.480000e-04 4.023800e-01
494 5.971080e-01 4.240000e-04 4.024680e-01
495 5.970680e-01 3.760000e-04 4.025560e-01
496 5.970200e-01 3.560000e-04 4.026240e-01
497 5.969640e-01 3.640000e-04 4.026720e-01
498 5.969040e-01 3.640000e-04 4.027320e-01
499 5.968640e-01 3.480000e-04 4.027880e-01
500 5.967800e-01 3.680000e-04 4.028520e-01
