1 9.992240e-01 6.960000e-04 8.000000e-05
2 9.986440e-01 1.168000e-03 1.880000e-04
3 9.979360e-01 1.628000e-03 4.360000e-04
4 9.970600e-01 2.096000e-03 8.440000e-04
5 9.963000e-01 2.408000e-03 1.292000e-03
6 9.954400e-01 2.836000e-03 1.724000e-03
7 9.945040e-01 3.264000e-03 2.232000e-03
8 9.934240e-01 3.672000e-03 2.904000e-03
9 9.922800e-01 4.120000e-03 3.600000e-03
10 9.911320e-01 4.508000e-03 4.360000e-03
11 9.900880e-01 4.740000e-03 5.172000e-03
12 9.888320e-01 5.120000e-03 6.048000e-03
13 9.876600e-01 5.372000e-03 6.968000e-03
14 9.863640e-01 5.640000e-03 7.996000e-03
15 9.850640e-01 6.020000e-03 8.916000e-03
16 9.838240e-01 6.084000e-03 1.009200e-02
17 9.825800e-01 6.180000e-03 1.124000e-02
18 9.813000e-01 6.360000e-03 1.234000e-02
19 9.799320e-01 6.652000e-03 1.341600e-02
20 9.786200e-01 6.736000e-03 1.464400e-02
21 9.773840e-01 6.740000e-03 1.587600e-02
22 9.762680e-01 6.648000e-03 1.708400e-02
23 9.748400e-01 6.864000e-03 1.829600e-02
24 9.734640e-01 6.920000e-03 1.961600e-02
25 9.722320e-01 6.944000e-03 2.082400e-02
26 9.709200e-01 7.088000e-03 2.199200e-02
27 9.695880e-01 7.080000e-03 2.333200e-02
28 9.682200e-01 7.176000e-03 2.460400e-02
29 9.669680e-01 7.228000e-03 2.580400e-02
30 9.656000e-01 7.208000e-03 2.719200e-02
31 9.639960e-01 7.552000e-03 2.845200e-02
32 9.626920e-01 7.440000e-03 2.986800e-02
33 9.611200e-01 7.796000e-03 3.108400e-02
34 9.596280e-01 7.908000e-03 3.246400e-02
35 9.581080e-01 8.040000e-03 3.385200e-02
36 9.566560e-01 8.084000e-03 3.526000e-02
37 9.551480e-01 8.304000e-03 3.654800e-02
38 9.534320e-01 8.572000e-03 3.799600e-02
39 9.518880e-01 8.484000e-03 3.962800e-02
40 9.503040e-01 8.492000e-03 4.120400e-02
41 9.487440e-01 8.492000e-03 4.276400e-02
42 9.471520e-01 8.572000e-03 4.427600e-02
43 9.455280e-01 8.672000e-03 4.580000e-02
44 9.438480e-01 8.868000e-03 4.728400e-02
45 9.420920e-01 8.908000e-03 4.900000e-02
46 9.403520e-01 9.012000e-03 5.063600e-02
47 9.385760e-01 9.248000e-03 5.217600e-02
48 9.367680e-01 9.484000e-03 5.374800e-02
49 9.350360e-01 9.436000e-03 5.552800e-02
50 9.334120e-01 9.436000e-03 5.715200e-02
51 9.318080e-01 9.420000e-03 5.877200e-02
52 9.301440e-01 9.408000e-03 6.044800e-02
53 9.284960e-01 9.340000e-03 6.216400e-02
54 9.270080e-01 9.180000e-03 6.381200e-02
55 9.255040e-01 9.204000e-03 6.529200e-02
56 9.240560e-01 9.112000e-03 6.683200e-02
57 9.223880e-01 9.224000e-03 6.838800e-02
58 9.209040e-01 9.212000e-03 6.988400e-02
59 9.194480e-01 9.044000e-03 7.150800e-02
60 9.180520e-01 8.884000e-03 7.306400e-02
61 9.164320e-01 8.976000e-03 7.459200e-02
62 9.148280e-01 8.992000e-03 7.618000e-02
63 9.132000e-01 9.048000e-03 7.775200e-02
64 9.116400e-01 8.944000e-03 7.941600e-02
65 9.100640e-01 8.956000e-03 8.098000e-02
66 9.085720e-01 8.860000e-03 8.256800e-02
67 9.070880e-01 8.804000e-03 8.410800e-02
68 9.055880e-01 8.728000e-03 8.568400e-02
69 9.041720e-01 8.572000e-03 8.725600e-02
70 9.027960e-01 8.416000e-03 8.878800e-02
71 9.013280e-01 8.264000e-03 9.040800e-02
72 8.997720e-01 8.468000e-03 9.176000e-02
73 8.983800e-01 8.312000e-03 9.330800e-02
74 8.968920e-01 8.300000e-03 9.480800e-02
75 8.954920e-01 8.152000e-03 9.635600e-02
76 8.941840e-01 8.124000e-03 9.769200e-02
77 8.928280e-01 8.196000e-03 9.897600e-02
78 8.913560e-01 8.244000e-03 1.004000e-01
79 8.899400e-01 8.232000e-03 1.018280e-01
80 8.885480e-01 8.228000e-03 1.032240e-01
81 8.870680e-01 8.316000e-03 1.046160e-01
82 8.858040e-01 8.104000e-03 1.060920e-01
83 8.844560e-01 8.028000e-03 1.075160e-01
84 8.830680e-01 7.884000e-03 1.090480e-01
85 8.816080e-01 8.036000e-03 1.103560e-01
86 8.801920e-01 8.084000e-03 1.117240e-01
87 8.788760e-01 7.856000e-03 1.132680e-01
88 8.774960e-01 7.852000e-03 1.146520e-01
89 8.761440e-01 7.764000e-03 1.160920e-01
90 8.749000e-01 7.672000e-03 1.174280e-01
91 8.734520e-01 7.680000e-03 1.188680e-01
92 8.721000e-01 7.688000e-03 1.202120e-01
93 8.707520e-01 7.544000e-03 1.217040e-01
94 8.694320e-01 7.584000e-03 1.229840e-01
95 8.680560e-01 7.564000e-03 1.243800e-01
96 8.666840e-01 7.624000e-03 1.256920e-01
97 8.654040e-01 7.448000e-03 1.271480e-01
98 8.641560e-01 7.256000e-03 1.285880e-01
99 8.627960e-01 7.204000e-03 1.300000e-01
100 8.614840e-01 7.344000e-03 1.311720e-01
101 8.602120e-01 7.392000e-03 1.323960e-01
102 8.589640e-01 7.392000e-03 1.336440e-01
103 8.578400e-01 7.332000e-03 1.348280e-01
104 8.567360e-01 7.132000e-03 1.361320e-01
105 8.557400e-01 6.904000e-03 1.373560e-01
106 8.547680e-01 6.720000e-03 1.385120e-01
107 8.535840e-01 6.684000e-03 1.397320e-01
108 8.524200e-01 6.628000e-03 1.409520e-01
109 8.513360e-01 6.600000e-03 1.420640e-01
110 8.502480e-01 6.444000e-03 1.433080e-01
111 8.490000e-01 6.528000e-03 1.444720e-01
112 8.479760e-01 6.436000e-03 1.455880e-01
113 8.468680e-01 6.388000e-03 1.467440e-01
114 8.458600e-01 6.344000e-03 1.477960e-01
115 8.448320e-01 6.164000e-03 1.490040e-01
116 8.437320e-01 6.256000e-03 1.500120e-01
117 8.426640e-01 6.296000e-03 1.510400e-01
118 8.414640e-01 6.356000e-03 1.521800e-01
119 8.404240e-01 6.248000e-03 1.533280e-01
120 8.393040e-01 6.332000e-03 1.543640e-01
121 8.380400e-01 6.540000e-03 1.554200e-01
122 8.368480e-01 6.596000e-03 1.565560e-01
123 8.357960e-01 6.428000e-03 1.577760e-01
124 8.348120e-01 6.284000e-03 1.589040e-01
125 8.337000e-01 6.316000e-03 1.599840e-01
126 8.326240e-01 6.304000e-03 1.610720e-01
127 8.316360e-01 6.188000e-03 1.621760e-01
128 8.304160e-01 6.300000e-03 1.632840e-01
129 8.292200e-01 6.500000e-03 1.642800e-01
130 8.281000e-01 6.460000e-03 1.654400e-01
131 8.270160e-01 6.332000e-03 1.666520e-01
132 8.258160e-01 6.364000e-03 1.678200e-01
133 8.245400e-01 6.484000e-03 1.689760e-01
134 8.233960e-01 6.512000e-03 1.700920e-01
135 8.223880e-01 6.400000e-03 1.712120e-01
136 8.213360e-01 6.284000e-03 1.723800e-01
137 8.203000e-01 6.268000e-03 1.734320e-01
138 8.191320e-01 6.308000e-03 1.745600e-01
139 8.180160e-01 6.276000e-03 1.757080e-01
140 8.169320e-01 6.184000e-03 1.768840e-01
141 8.158480e-01 6.208000e-03 1.779440e-01
142 8.148120e-01 6.080000e-03 1.791080e-01
143 8.138080e-01 6.052000e-03 1.801400e-01
144 8.127440e-01 6.012000e-03 1.812440e-01
145 8.117800e-01 5.960000e-03 1.822600e-01
146 8.108920e-01 5.824000e-03 1.832840e-01
147 8.099280e-01 5.812000e-03 1.842600e-01
148 8.087680e-01 5.864000e-03 1.853680e-01
149 8.077000e-01 5.912000e-03 1.863880e-01
150 8.065040e-01 6.168000e-03 1.873280e-01
151 8.053760e-01 6.292000e-03 1.883320e-01
152 8.041920e-01 6.356000e-03 1.894520e-01
153 8.031520e-01 6.368000e-03 1.904800e-01
154 8.018920e-01 6.576000e-03 1.915320e-01
155 8.008320e-01 6.524000e-03 1.926440e-01
156 7.996400e-01 6.640000e-03 1.937200e-01
157 7.985120e-01 6.772000e-03 1.947160e-01
158 7.974040e-01 6.676000e-03 1.959200e-01
159 7.963560e-01 6.556000e-03 1.970880e-01
160 7.953560e-01 6.524000e-03 1.981200e-01
161 7.942680e-01 6.464000e-03 1.992680e-01
162 7.932440e-01 6.400000e-03 2.003560e-01
163 7.921160e-01 6.548000e-03 2.013360e-01
164 7.910960e-01 6.472000e-03 2.024320e-01
165 7.901960e-01 6.276000e-03 2.035280e-01
166 7.894080e-01 5.960000e-03 2.046320e-01
167 7.884920e-01 5.836000e-03 2.056720e-01
168 7.877320e-01 5.596000e-03 2.066720e-01
169 7.869000e-01 5.404000e-03 2.076960e-01
170 7.861680e-01 5.164000e-03 2.086680e-01
171 7.853320e-01 5.136000e-03 2.095320e-01
172 7.845840e-01 4.972000e-03 2.104440e-01
173 7.838160e-01 4.864000e-03 2.113200e-01
174 7.829240e-01 4.840000e-03 2.122360e-01
175 7.820600e-01 4.816000e-03 2.131240e-01
176 7.811080e-01 4.836000e-03 2.140560e-01
177 7.803120e-01 4.876000e-03 2.148120e-01
178 7.793880e-01 4.944000e-03 2.156680e-01
179 7.784200e-01 5.120000e-03 2.164600e-01
180 7.774760e-01 5.180000e-03 2.173440e-01
181 7.765600e-01 5.320000e-03 2.181200e-01
182 7.756800e-01 5.200000e-03 2.191200e-01
183 7.748640e-01 5.124000e-03 2.200120e-01
184 7.741000e-01 5.000000e-03 2.209000e-01
185 7.734080e-01 4.728000e-03 2.218640e-01
186 7.726920e-01 4.644000e-03 2.226640e-01
187 7.720080e-01 4.408000e-03 2.235840e-01
188 7.713080e-01 4.296000e-03 2.243960e-01
189 7.706400e-01 4.220000e-03 2.251400e-01
190 7.699640e-01 4.172000e-03 2.258640e-01
191 7.692840e-01 4.120000e-03 2.265960e-01
192 7.686720e-01 4.104000e-03 2.272240e-01
193 7.680480e-01 3.980000e-03 2.279720e-01
194 7.672920e-01 4.088000e-03 2.286200e-01
195 7.665400e-01 4.016000e-03 2.294440e-01
196 7.657280e-01 4.124000e-03 2.301480e-01
197 7.649560e-01 4.176000e-03 2.308680e-01
198 7.642560e-01 4.128000e-03 2.316160e-01
199 7.635920e-01 4.084000e-03 2.323240e-01
200 7.628080e-01 4.084000e-03 2.331080e-01
201 7.621480e-01 4.016000e-03 2.338360e-01
202 7.613880e-01 4.120000e-03 2.344920e-01
203 7.606120e-01 4.204000e-03 2.351840e-01
204 7.598280e-01 4.248000e-03 2.359240e-01
205 7.590240e-01 4.328000e-03 2.366480e-01
206 7.582320e-01 4.472000e-03 2.372960e-01
207 7.574880e-01 4.412000e-03 2.381000e-01
208 7.566880e-01 4.408000e-03 2.389040e-01
209 7.559400e-01 4.476000e-03 2.395840e-01
210 7.551440e-01 4.484000e-03 2.403720e-01
211 7.542800e-01 4.600000e-03 2.411200e-01
212 7.535280e-01 4.456000e-03 2.420160e-01
213 7.527320e-01 4.416000e-03 2.428520e-01
214 7.520560e-01 4.340000e-03 2.436040e-01
215 7.513600e-01 4.224000e-03 2.444160e-01
216 7.505920e-01 4.188000e-03 2.452200e-01
217 7.498560e-01 4.216000e-03 2.459280e-01
218 7.492640e-01 4.060000e-03 2.466760e-01
219 7.485560e-01 3.968000e-03 2.474760e-01
220 7.479240e-01 3.996000e-03 2.480800e-01
221 7.472520e-01 3.932000e-03 2.488160e-01
222 7.466000e-01 3.812000e-03 2.495880e-01
223 7.457880e-01 3.944000e-03 2.502680e-01
224 7.450720e-01 3.960000e-03 2.509680e-01
225 7.444320e-01 3.932000e-03 2.516360e-01
226 7.437400e-01 3.912000e-03 2.523480e-01
227 7.429920e-01 4.036000e-03 2.529720e-01
228 7.424000e-01 4.004000e-03 2.535960e-01
229 7.417360e-01 3.976000e-03 2.542880e-01
230 7.410320e-01 3.980000e-03 2.549880e-01
231 7.403760e-01 3.836000e-03 2.557880e-01
232 7.395760e-01 3.940000e-03 2.564840e-01
233 7.387360e-01 4.076000e-03 2.571880e-01
234 7.379280e-01 4.200000e-03 2.578720e-01
235 7.371960e-01 4.196000e-03 2.586080e-01
236 7.365400e-01 4.196000e-03 2.592640e-01
237 7.358520e-01 4.104000e-03 2.600440e-01
238 7.351320e-01 4.072000e-03 2.607960e-01
239 7.343800e-01 4.108000e-03 2.615120e-01
240 7.336320e-01 4.208000e-03 2.621600e-01
241 7.330160e-01 4.080000e-03 2.629040e-01
242 7.321680e-01 4.212000e-03 2.636200e-01
243 7.314880e-01 4.052000e-03 2.644600e-01
244 7.308400e-01 3.904000e-03 2.652560e-01
245 7.301920e-01 3.844000e-03 2.659640e-01
246 7.296760e-01 3.644000e-03 2.666800e-01
247 7.291080e-01 3.536000e-03 2.673560e-01
248 7.285400e-01 3.508000e-03 2.679520e-01
249 7.279360e-01 3.432000e-03 2.686320e-01
250 7.273560e-01 3.408000e-03 2.692360e-01
251 7.267280e-01 3.344000e-03 2.699280e-01
252 7.262080e-01 3.248000e-03 2.705440e-01
253 7.255600e-01 3.292000e-03 2.711480e-01
254 7.249640e-01 3.292000e-03 2.717440e-01
255 7.243640e-01 3.320000e-03 2.723160e-01
256 7.237960e-01 3.284000e-03 2.729200e-01
257 7.232200e-01 3.296000e-03 2.734840e-01
258 7.227200e-01 3.224000e-03 2.740560e-01
259 7.221520e-01 3.224000e-03 2.746240e-01
260 7.215600e-01 3.328000e-03 2.751120e-01
261 7.209680e-01 3.340000e-03 2.756920e-01
262 7.203720e-01 3.388000e-03 2.762400e-01
263 7.197320e-01 3.420000e-03 2.768480e-01
264 7.191640e-01 3.372000e-03 2.774640e-01
265 7.185520e-01 3.404000e-03 2.780440e-01
266 7.179120e-01 3.464000e-03 2.786240e-01
267 7.173560e-01 3.376000e-03 2.792680e-01
268 7.168240e-01 3.324000e-03 2.798520e-01
269 7.163080e-01 3.244000e-03 2.804480e-01
270 7.157680e-01 3.272000e-03 2.809600e-01
271 7.152000e-01 3.288000e-03 2.815120e-01
272 7.147640e-01 3.228000e-03 2.820080e-01
273 7.142320e-01 3.288000e-03 2.824800e-01
274 7.136520e-01 3.308000e-03 2.830400e-01
275 7.131400e-01 3.192000e-03 2.836680e-01
276 7.126440e-01 3.128000e-03 2.842280e-01
277 7.120920e-01 3.208000e-03 2.847000e-01
278 7.114840e-01 3.272000e-03 2.852440e-01
279 7.109000e-01 3.236000e-03 2.858640e-01
280 7.103520e-01 3.268000e-03 2.863800e-01
281 7.097840e-01 3.208000e-03 2.870080e-01
282 7.092280e-01 3.228000e-03 2.875440e-01
283 7.086000e-01 3.292000e-03 2.881080e-01
284 7.080640e-01 3.192000e-03 2.887440e-01
285 7.076440e-01 3.028000e-03 2.893280e-01
286 7.071280e-01 3.000000e-03 2.898720e-01
287 7.066320e-01 3.040000e-03 2.903280e-01
288 7.060960e-01 3.032000e-03 2.908720e-01
289 7.055640e-01 2.944000e-03 2.914920e-01
290 7.051160e-01 2.900000e-03 2.919840e-01
291 7.046040e-01 2.888000e-03 2.925080e-01
292 7.041360e-01 2.844000e-03 2.930200e-01
293 7.036240e-01 2.948000e-03 2.934280e-01
294 7.031880e-01 2.880000e-03 2.939320e-01
295 7.026920e-01 2.872000e-03 2.944360e-01
296 7.022280e-01 2.856000e-03 2.949160e-01
297 7.017120e-01 2.940000e-03 2.953480e-01
298 7.012880e-01 2.868000e-03 2.958440e-01
299 7.009000e-01 2.644000e-03 2.964560e-01
300 7.005760e-01 2.504000e-03 2.969200e-01
301 7.002200e-01 2.480000e-03 2.973000e-01
302 6.998560e-01 2.416000e-03 2.977280e-01
303 6.994440e-01 2.400000e-03 2.981560e-01
304 6.991000e-01 2.380000e-03 2.985200e-01
305 6.986840e-01 2.420000e-03 2.988960e-01
306 6.982600e-01 2.408000e-03 2.993320e-01
307 6.979040e-01 2.376000e-03 2.997200e-01
308 6.975880e-01 2.320000e-03 3.000920e-01
309 6.971800e-01 2.292000e-03 3.005280e-01
310 6.968760e-01 2.280000e-03 3.008440e-01
311 6.964960e-01 2.208000e-03 3.012960e-01
312 6.961360e-01 2.240000e-03 3.016240e-01
313 6.957640e-01 2.208000e-03 3.020280e-01
314 6.953720e-01 2.240000e-03 3.023880e-01
315 6.950560e-01 2.216000e-03 3.027280e-01
316 6.946600e-01 2.224000e-03 3.031160e-01
317 6.942760e-01 2.204000e-03 3.035200e-01
318 6.939720e-01 2.128000e-03 3.039000e-01
319 6.936080e-01 2.108000e-03 3.042840e-01
320 6.932600e-01 2.124000e-03 3.046160e-01
321 6.929480e-01 2.072000e-03 3.049800e-01
322 6.926200e-01 2.076000e-03 3.053040e-01
323 6.922880e-01 1.992000e-03 3.057200e-01
324 6.919320e-01 2.032000e-03 3.060360e-01
325 6.916640e-01 1.984000e-03 3.063520e-01
326 6.912200e-01 2.088000e-03 3.066920e-01
327 6.908360e-01 2.112000e-03 3.070520e-01
328 6.904760e-01 2.116000e-03 3.074080e-01
329 6.900960e-01 2.164000e-03 3.077400e-01
330 6.897440e-01 2.112000e-03 3.081440e-01
331 6.893720e-01 2.088000e-03 3.085400e-01
332 6.890240e-01 2.060000e-03 3.089160e-01
333 6.886920e-01 1.992000e-03 3.093160e-01
334 6.883840e-01 1.944000e-03 3.096720e-01
335 6.881040e-01 1.920000e-03 3.099760e-01
336 6.878160e-01 1.928000e-03 3.102560e-01
337 6.874880e-01 1.900000e-03 3.106120e-01
338 6.871760e-01 1.912000e-03 3.109120e-01
339 6.868880e-01 1.864000e-03 3.112480e-01
340 6.866000e-01 1.852000e-03 3.115480e-01
341 6.862160e-01 1.912000e-03 3.118720e-01
342 6.859800e-01 1.768000e-03 3.122520e-01
343 6.856400e-01 1.740000e-03 3.126200e-01
344 6.853880e-01 1.708000e-03 3.129040e-01
345 6.851520e-01 1.676000e-03 3.131720e-01
346 6.848360e-01 1.700000e-03 3.134640e-01
347 6.845440e-01 1.676000e-03 3.137800e-01
348 6.843200e-01 1.620000e-03 3.140600e-01
349 6.841000e-01 1.548000e-03 3.143520e-01
350 6.839000e-01 1.456000e-03 3.146440e-01
351 6.836600e-01 1.480000e-03 3.148600e-01
352 6.834640e-01 1.384000e-03 3.151520e-01
353 6.832520e-01 1.364000e-03 3.153840e-01
354 6.830480e-01 1.288000e-03 3.156640e-01
355 6.828400e-01 1.292000e-03 3.158680e-01
356 6.826400e-01 1.280000e-03 3.160800e-01
357 6.824160e-01 1.276000e-03 3.163080e-01
358 6.821920e-01 1.296000e-03 3.165120e-01
359 6.819840e-01 1.248000e-03 3.167680e-01
360 6.817560e-01 1.232000e-03 3.170120e-01
361 6.815560e-01 1.196000e-03 3.172480e-01
362 6.813720e-01 1.160000e-03 3.174680e-01
363 6.811640e-01 1.164000e-03 3.176720e-01
364 6.809040e-01 1.200000e-03 3.178960e-01
365 6.806480e-01 1.224000e-03 3.181280e-01
366 6.804680e-01 1.172000e-03 3.183600e-01
367 6.802680e-01 1.104000e-03 3.186280e-01
368 6.800840e-01 1.096000e-03 3.188200e-01
369 6.798680e-01 1.184000e-03 3.189480e-01
370 6.796480e-01 1.176000e-03 3.191760e-01
371 6.795520e-01 1.088000e-03 3.193600e-01
372 6.794160e-01 9.960000e-04 3.195880e-01
373 6.792800e-01 9.000000e-04 3.198200e-01
374 6.791560e-01 8.880000e-04 3.199560e-01
375 6.790400e-01 8.920000e-04 3.200680e-01
376 6.789160e-01 8.440000e-04 3.202400e-01
377 6.787880e-01 8.520000e-04 3.203600e-01
378 6.787240e-01 7.560000e-04 3.205200e-01
379 6.785920e-01 7.240000e-04 3.206840e-01
380 6.784840e-01 7.360000e-04 3.207800e-01
381 6.783480e-01 7.080000e-04 3.209440e-01
382 6.782400e-01 7.000000e-04 3.210600e-01
383 6.781200e-01 7.400000e-04 3.211400e-01
384 6.779920e-01 7.680000e-04 3.212400e-01
385 6.779000e-01 7.480000e-04 3.213520e-01
386 6.777480e-01 7.240000e-04 3.215280e-01
387 6.775880e-01 7.720000e-04 3.216400e-01
388 6.774080e-01 8.160000e-04 3.217760e-01
389 6.771760e-01 8.920000e-04 3.219320e-01
390 6.769880e-01 9.400000e-04 3.220720e-01
391 6.768200e-01 9.400000e-04 3.222400e-01
392 6.766920e-01 9.240000e-04 3.223840e-01
393 6.765680e-01 8.880000e-04 3.225440e-01
394 6.764440e-01 8.920000e-04 3.226640e-01
395 6.763160e-01 8.520000e-04 3.228320e-01
396 6.761520e-01 8.520000e-04 3.229960e-01
397 6.760480e-01 8.080000e-04 3.231440e-01
398 6.759000e-01 8.400000e-04 3.232600e-01
399 6.757720e-01 8.280000e-04 3.234000e-01
400 6.755960e-01 8.840000e-04 3.235200e-01
401 6.754320e-01 9.160000e-04 3.236520e-01
402 6.752600e-01 9.280000e-04 3.238120e-01
403 6.751120e-01 9.040000e-04 3.239840e-01
404 6.749680e-01 8.760000e-04 3.241560e-01
405 6.748280e-01 9.000000e-04 3.242720e-01
406 6.746880e-01 8.960000e-04 3.244160e-01
407 6.745800e-01 8.280000e-04 3.245920e-01
408 6.744240e-01 8.720000e-04 3.247040e-01
409 6.743080e-01 8.560000e-04 3.248360e-01
410 6.741680e-01 8.440000e-04 3.249880e-01
411 6.740320e-01 8.440000e-04 3.251240e-01
412 6.739600e-01 7.400000e-04 3.253000e-01
413 6.738880e-01 7.080000e-04 3.254040e-01
414 6.738000e-01 6.560000e-04 3.255440e-01
415 6.737040e-01 6.320000e-04 3.256640e-01
416 6.736200e-01 5.960000e-04 3.257840e-01
417 6.735360e-01 5.600000e-04 3.259040e-01
418 6.734320e-01 5.680000e-04 3.260000e-01
419 6.733240e-01 5.680000e-04 3.261080e-01
420 6.732360e-01 5.560000e-04 3.262080e-01
421 6.731520e-01 5.400000e-04 3.263080e-01
422 6.730600e-01 5.440000e-04 3.263960e-01
423 6.730040e-01 5.040000e-04 3.264920e-01
424 6.729120e-01 4.800000e-04 3.266080e-01
425 6.728080e-01 5.120000e-04 3.266800e-01
426 6.727480e-01 4.760000e-04 3.267760e-01
427 6.726400e-01 5.000000e-04 3.268600e-01
428 6.725480e-01 4.880000e-04 3.269640e-01
429 6.724840e-01 4.680000e-04 3.270480e-01
430 6.724120e-01 4.560000e-04 3.271320e-01
431 6.723400e-01 4.480000e-04 3.272120e-01
432 6.722800e-01 4.200000e-04 3.273000e-01
433 6.722320e-01 3.760000e-04 3.273920e-01
434 6.722080e-01 3.480000e-04 3.274440e-01
435 6.721640e-01 3.440000e-04 3.274920e-01
436 6.721120e-01 3.400000e-04 3.275480e-01
437 6.720560e-01 3.280000e-04 3.276160e-01
438 6.720120e-01 3.200000e-04 3.276680e-01
439 6.719560e-01 3.080000e-04 3.277360e-01
440 6.719000e-01 3.040000e-04 3.277960e-01
441 6.718320e-01 3.120000e-04 3.278560e-01
442 6.717560e-01 3.360000e-04 3.279080e-01
443 6.716800e-01 3.680000e-04 3.279520e-01
444 6.716040e-01 3.880000e-04 3.280080e-01
445 6.715600e-01 3.760000e-04 3.280640e-01
446 6.715000e-01 3.720000e-04 3.281280e-01
447 6.714480e-01 3.800000e-04 3.281720e-01
448 6.713880e-01 3.480000e-04 3.282640e-01
449 6.713240e-01 3.520000e-04 3.283240e-01
450 6.712720e-01 3.520000e-04 3.283760e-01
451 6.712280e-01 3.120000e-04 3.284600e-01
452 6.711760e-01 2.760000e-04 3.285480e-01
453 6.711280e-01 2.960000e-04 3.285760e-01
454 6.710520e-01 3.320000e-04 3.286160e-01
455 6.709760e-01 3.360000e-04 3.286880e-01
456 6.709160e-01 3.520000e-04 3.287320e-01
457 6.708400e-01 3.640000e-04 3.287960e-01
458 6.707720e-01 3.680000e-04 3.288600e-01
459 6.706720e-01 4.040000e-04 3.289240e-01
460 6.706040e-01 3.720000e-04 3.290240e-01
461 6.705240e-01 3.920000e-04 3.290840e-01
462 6.704120e-01 4.320000e-04 3.291560e-01
463 6.703000e-01 4.840000e-04 3.292160e-01
464 6.702120e-01 5.000000e-04 3.292880e-01
465 6.701280e-01 4.680000e-04 3.294040e-01
466 6.700360e-01 4.840000e-04 3.294800e-01
467 6.699200e-01 5.360000e-04 3.295440e-01
468 6.698080e-01 5.480000e-04 3.296440e-01
469 6.696680e-01 5.920000e-04 3.297400e-01
470 6.695320e-01 6.240000e-04 3.298440e-01
471 6.694000e-01 6.400000e-04 3.299600e-01
472 6.692160e-01 6.960000e-04 3.300880e-01
473 6.690240e-01 7.360000e-04 3.302400e-01
474 6.688640e-01 7.680000e-04 3.303680e-01
475 6.686800e-01 8.000000e-04 3.305200e-01
476 6.684920e-01 8.680000e-04 3.306400e-01
477 6.683120e-01 9.080000e-04 3.307800e-01
478 6.680880e-01 9.600000e-04 3.309520e-01
479 6.679240e-01 9.600000e-04 3.311160e-01
480 6.677800e-01 9.080000e-04 3.313120e-01
481 6.675800e-01 9.360000e-04 3.314840e-01
482 6.673960e-01 9.840000e-04 3.316200e-01
483 6.671760e-01 1.052000e-03 3.317720e-01
484 6.669880e-01 1.072000e-03 3.319400e-01
485 6.668200e-01 1.080000e-03 3.321000e-01
486 6.666720e-01 1.032000e-03 3.322960e-01
487 6.665280e-01 1.004000e-03 3.324680e-01
488 6.663840e-01 9.440000e-04 3.326720e-01
489 6.662320e-01 9.600000e-04 3.328080e-01
490 6.660960e-01 9.480000e-04 3.329560e-01
491 6.659800e-01 9.120000e-04 3.331080e-01
492 6.658680e-01 9.160000e-04 3.332160e-01
493 6.657600e-01 8.880000e-04 3.333520e-01
494 6.656160e-01 8.640000e-04 3.335200e-01
495 6.655080e-01 8.520000e-04 3.336400e-01
496 6.653640e-01 8.320000e-04 3.338040e-01
497 6.652800e-01 7.960000e-04 3.339240e-01
498 6.652120e-01 7.560000e-04 3.340320e-01
499 6.650800e-01 7.320000e-04 3.341880e-01
500 6.649680e-01 7.080000e-04 3.343240e-01
