1 9.991800e-01 7.080000e-04 1.120000e-04
2 9.986480e-01 1.084000e-03 2.680000e-04
3 9.980960e-01 1.400000e-03 5.040000e-04
4 9.973680e-01 1.880000e-03 7.520000e-04
5 9.964080e-01 2.444000e-03 1.148000e-03
6 9.955320e-01 2.896000e-03 1.572000e-03
7 9.945360e-01 3.344000e-03 2.120000e-03
8 9.934520e-01 3.740000e-03 2.808000e-03
9 9.924440e-01 4.096000e-03 3.460000e-03
10 9.913640e-01 4.460000e-03 4.176000e-03
11 9.902400e-01 4.808000e-03 4.952000e-03
12 9.891240e-01 5.104000e-03 5.772000e-03
13 9.879720e-01 5.352000e-03 6.676000e-03
14 9.869120e-01 5.324000e-03 7.764000e-03
15 9.857640e-01 5.456000e-03 8.780000e-03
16 9.845960e-01 5.664000e-03 9.740000e-03
17 9.835160e-01 5.720000e-03 1.076400e-02
18 9.823360e-01 5.916000e-03 1.174800e-02
19 9.812120e-01 5.952000e-03 1.283600e-02
20 9.800560e-01 6.048000e-03 1.389600e-02
21 9.790640e-01 5.896000e-03 1.504000e-02
22 9.778960e-01 6.016000e-03 1.608800e-02
23 9.767440e-01 6.088000e-03 1.716800e-02
24 9.754960e-01 6.228000e-03 1.827600e-02
25 9.742720e-01 6.384000e-03 1.934400e-02
26 9.730840e-01 6.456000e-03 2.046000e-02
27 9.718040e-01 6.624000e-03 2.157200e-02
28 9.705360e-01 6.792000e-03 2.267200e-02
29 9.692720e-01 6.820000e-03 2.390800e-02
30 9.680480e-01 6.936000e-03 2.501600e-02
31 9.667000e-01 7.080000e-03 2.622000e-02
32 9.654240e-01 7.116000e-03 2.746000e-02
33 9.641240e-01 7.264000e-03 2.861200e-02
34 9.628200e-01 7.292000e-03 2.988800e-02
35 9.613400e-01 7.544000e-03 3.111600e-02
36 9.599440e-01 7.640000e-03 3.241600e-02
37 9.583640e-01 7.868000e-03 3.376800e-02
38 9.566920e-01 8.092000e-03 3.521600e-02
39 9.551120e-01 8.116000e-03 3.677200e-02
40 9.535880e-01 8.260000e-03 3.815200e-02
41 9.520680e-01 8.240000e-03 3.969200e-02
42 9.505760e-01 8.304000e-03 4.112000e-02
43 9.488920e-01 8.440000e-03 4.266800e-02
44 9.473000e-01 8.500000e-03 4.420000e-02
45 9.455480e-01 8.652000e-03 4.580000e-02
46 9.440640e-01 8.816000e-03 4.712000e-02
47 9.424200e-01 8.984000e-03 4.859600e-02
48 9.408240e-01 8.896000e-03 5.028000e-02
49 9.393440e-01 8.804000e-03 5.185200e-02
50 9.377000e-01 8.956000e-03 5.334400e-02
51 9.361880e-01 8.788000e-03 5.502400e-02
52 9.344640e-01 8.928000e-03 5.660800e-02
53 9.328720e-01 8.948000e-03 5.818000e-02
54 9.311760e-01 9.056000e-03 5.976800e-02
55 9.294800e-01 9.224000e-03 6.129600e-02
56 9.277960e-01 9.220000e-03 6.298400e-02
57 9.261720e-01 9.192000e-03 6.463600e-02
58 9.245160e-01 9.200000e-03 6.628400e-02
59 9.228120e-01 9.320000e-03 6.786800e-02
60 9.212360e-01 9.320000e-03 6.944400e-02
61 9.194880e-01 9.420000e-03 7.109200e-02
62 9.177640e-01 9.620000e-03 7.261600e-02
63 9.160600e-01 9.604000e-03 7.433600e-02
64 9.144080e-01 9.752000e-03 7.584000e-02
65 9.127760e-01 9.792000e-03 7.743200e-02
66 9.109680e-01 9.860000e-03 7.917200e-02
67 9.093800e-01 9.752000e-03 8.086800e-02
68 9.078200e-01 9.672000e-03 8.250800e-02
69 9.061560e-01 9.776000e-03 8.406800e-02
70 9.044040e-01 9.792000e-03 8.580400e-02
71 9.026360e-01 9.804000e-03 8.756000e-02
72 9.007640e-01 9.928000e-03 8.930800e-02
73 8.988800e-01 1.013200e-02 9.098800e-02
74 8.968760e-01 1.033200e-02 9.279200e-02
75 8.950520e-01 1.027200e-02 9.467600e-02
76 8.932160e-01 1.022000e-02 9.656400e-02
77 8.914080e-01 1.036800e-02 9.822400e-02
78 8.896640e-01 1.030400e-02 1.000320e-01
79 8.877360e-01 1.047600e-02 1.017880e-01
80 8.858160e-01 1.061600e-02 1.035680e-01
81 8.840040e-01 1.058000e-02 1.054160e-01
82 8.822160e-01 1.054400e-02 1.072400e-01
83 8.803720e-01 1.064400e-02 1.089840e-01
84 8.785280e-01 1.069600e-02 1.107760e-01
85 8.769040e-01 1.040000e-02 1.126960e-01
86 8.752920e-01 1.029200e-02 1.144160e-01
87 8.734600e-01 1.035200e-02 1.161880e-01
88 8.717440e-01 1.032400e-02 1.179320e-01
89 8.699920e-01 1.036400e-02 1.196440e-01
90 8.683080e-01 1.021600e-02 1.214760e-01
91 8.666360e-01 1.020000e-02 1.231640e-01
92 8.651080e-01 9.976000e-03 1.249160e-01
93 8.635360e-01 9.816000e-03 1.266480e-01
94 8.618360e-01 9.748000e-03 1.284160e-01
95 8.599680e-01 9.896000e-03 1.301360e-01
96 8.583000e-01 9.832000e-03 1.318680e-01
97 8.567240e-01 9.756000e-03 1.335200e-01
98 8.550640e-01 9.672000e-03 1.352640e-01
99 8.536280e-01 9.436000e-03 1.369360e-01
100 8.522240e-01 9.292000e-03 1.384840e-01
101 8.506520e-01 9.204000e-03 1.401440e-01
102 8.490760e-01 9.048000e-03 1.418760e-01
103 8.476280e-01 8.960000e-03 1.434120e-01
104 8.463480e-01 8.768000e-03 1.448840e-01
105 8.447360e-01 8.836000e-03 1.464280e-01
106 8.431960e-01 8.780000e-03 1.480240e-01
107 8.416040e-01 8.780000e-03 1.496160e-01
108 8.401240e-01 8.708000e-03 1.511680e-01
109 8.386480e-01 8.816000e-03 1.525360e-01
110 8.371560e-01 8.776000e-03 1.540680e-01
111 8.356320e-01 8.712000e-03 1.556560e-01
112 8.341680e-01 8.664000e-03 1.571680e-01
113 8.326800e-01 8.588000e-03 1.587320e-01
114 8.312760e-01 8.460000e-03 1.602640e-01
115 8.297600e-01 8.532000e-03 1.617080e-01
116 8.282200e-01 8.644000e-03 1.631360e-01
117 8.266800e-01 8.696000e-03 1.646240e-01
118 8.252840e-01 8.624000e-03 1.660920e-01
119 8.236960e-01 8.712000e-03 1.675920e-01
120 8.222360e-01 8.608000e-03 1.691560e-01
121 8.208000e-01 8.596000e-03 1.706040e-01
122 8.194000e-01 8.460000e-03 1.721400e-01
123 8.179360e-01 8.472000e-03 1.735920e-01
124 8.165240e-01 8.444000e-03 1.750320e-01
125 8.152000e-01 8.332000e-03 1.764680e-01
126 8.137680e-01 8.364000e-03 1.778680e-01
127 8.124000e-01 8.180000e-03 1.794200e-01
128 8.111000e-01 8.104000e-03 1.807960e-01
129 8.098040e-01 8.028000e-03 1.821680e-01
130 8.085680e-01 7.872000e-03 1.835600e-01
131 8.073400e-01 7.724000e-03 1.849360e-01
132 8.058760e-01 7.848000e-03 1.862760e-01
133 8.046680e-01 7.744000e-03 1.875880e-01
134 8.032800e-01 7.736000e-03 1.889840e-01
135 8.020480e-01 7.720000e-03 1.902320e-01
136 8.005680e-01 7.844000e-03 1.915880e-01
137 7.992200e-01 7.992000e-03 1.927880e-01
138 7.977920e-01 8.024000e-03 1.941840e-01
139 7.963760e-01 8.148000e-03 1.954760e-01
140 7.949520e-01 8.100000e-03 1.969480e-01
141 7.934280e-01 8.208000e-03 1.983640e-01
142 7.920600e-01 8.096000e-03 1.998440e-01
143 7.905720e-01 8.068000e-03 2.013600e-01
144 7.891120e-01 8.248000e-03 2.026400e-01
145 7.876960e-01 8.288000e-03 2.040160e-01
146 7.862360e-01 8.212000e-03 2.055520e-01
147 7.848200e-01 8.224000e-03 2.069560e-01
148 7.834400e-01 8.292000e-03 2.082680e-01
149 7.818720e-01 8.372000e-03 2.097560e-01
150 7.804400e-01 8.504000e-03 2.110560e-01
151 7.791640e-01 8.164000e-03 2.126720e-01
152 7.778040e-01 8.228000e-03 2.139680e-01
153 7.765440e-01 8.036000e-03 2.154200e-01
154 7.752680e-01 7.872000e-03 2.168600e-01
155 7.740840e-01 7.776000e-03 2.181400e-01
156 7.727040e-01 7.684000e-03 2.196120e-01
157 7.713440e-01 7.712000e-03 2.209440e-01
158 7.700160e-01 7.736000e-03 2.222480e-01
159 7.688120e-01 7.564000e-03 2.236240e-01
160 7.675360e-01 7.492000e-03 2.249720e-01
161 7.663480e-01 7.416000e-03 2.262360e-01
162 7.650840e-01 7.300000e-03 2.276160e-01
163 7.638120e-01 7.256000e-03 2.289320e-01
164 7.626320e-01 7.168000e-03 2.302000e-01
165 7.613320e-01 7.272000e-03 2.313960e-01
166 7.600440e-01 7.216000e-03 2.327400e-01
167 7.585640e-01 7.424000e-03 2.340120e-01
168 7.571720e-01 7.460000e-03 2.353680e-01
169 7.557680e-01 7.564000e-03 2.366680e-01
170 7.546160e-01 7.416000e-03 2.379680e-01
171 7.532680e-01 7.360000e-03 2.393720e-01
172 7.520000e-01 7.356000e-03 2.406440e-01
173 7.507120e-01 7.196000e-03 2.420920e-01
174 7.495600e-01 7.104000e-03 2.433360e-01
175 7.483600e-01 7.140000e-03 2.445000e-01
176 7.472080e-01 7.156000e-03 2.456360e-01
177 7.459440e-01 7.228000e-03 2.468280e-01
178 7.447240e-01 7.260000e-03 2.480160e-01
179 7.435280e-01 7.172000e-03 2.493000e-01
180 7.423320e-01 7.080000e-03 2.505880e-01
181 7.412800e-01 6.880000e-03 2.518400e-01
182 7.400800e-01 6.764000e-03 2.531560e-01
183 7.388560e-01 6.792000e-03 2.543520e-01
184 7.376440e-01 6.852000e-03 2.555040e-01
185 7.364720e-01 6.784000e-03 2.567440e-01
186 7.351800e-01 6.912000e-03 2.579080e-01
187 7.340400e-01 6.816000e-03 2.591440e-01
188 7.329840e-01 6.616000e-03 2.604000e-01
189 7.318080e-01 6.640000e-03 2.615520e-01
190 7.304960e-01 6.716000e-03 2.627880e-01
191 7.292440e-01 6.772000e-03 2.639840e-01
192 7.280160e-01 6.804000e-03 2.651800e-01
193 7.266720e-01 6.900000e-03 2.664280e-01
194 7.256040e-01 6.680000e-03 2.677160e-01
195 7.245120e-01 6.500000e-03 2.689880e-01
196 7.234960e-01 6.364000e-03 2.701400e-01
197 7.223600e-01 6.400000e-03 2.712400e-01
198 7.212760e-01 6.460000e-03 2.722640e-01
199 7.201080e-01 6.480000e-03 2.734120e-01
200 7.191000e-01 6.356000e-03 2.745440e-01
201 7.179680e-01 6.444000e-03 2.755880e-01
202 7.169040e-01 6.320000e-03 2.767760e-01
203 7.160040e-01 5.988000e-03 2.780080e-01
204 7.150960e-01 5.884000e-03 2.790200e-01
205 7.142640e-01 5.704000e-03 2.800320e-01
206 7.132960e-01 5.740000e-03 2.809640e-01
207 7.122400e-01 5.720000e-03 2.820400e-01
208 7.112600e-01 5.632000e-03 2.831080e-01
209 7.102840e-01 5.596000e-03 2.841200e-01
210 7.094240e-01 5.464000e-03 2.851120e-01
211 7.084200e-01 5.488000e-03 2.860920e-01
212 7.073480e-01 5.596000e-03 2.870560e-01
213 7.064080e-01 5.580000e-03 2.880120e-01
214 7.054280e-01 5.572000e-03 2.890000e-01
215 7.045360e-01 5.528000e-03 2.899360e-01
216 7.035200e-01 5.800000e-03 2.906800e-01
217 7.024640e-01 5.828000e-03 2.917080e-01
218 7.013600e-01 5.932000e-03 2.927080e-01
219 7.002960e-01 5.860000e-03 2.938440e-01
220 6.992600e-01 5.784000e-03 2.949560e-01
221 6.982960e-01 5.832000e-03 2.958720e-01
222 6.973120e-01 5.760000e-03 2.969280e-01
223 6.964080e-01 5.748000e-03 2.978440e-01
224 6.955040e-01 5.636000e-03 2.988600e-01
225 6.944960e-01 5.700000e-03 2.998040e-01
226 6.934760e-01 5.804000e-03 3.007200e-01
227 6.925400e-01 5.740000e-03 3.017200e-01
228 6.915320e-01 5.676000e-03 3.027920e-01
229 6.905360e-01 5.644000e-03 3.038200e-01
230 6.896320e-01 5.660000e-03 3.047080e-01
231 6.886160e-01 5.660000e-03 3.057240e-01
232 6.877000e-01 5.604000e-03 3.066960e-01
233 6.869200e-01 5.480000e-03 3.076000e-01
234 6.861200e-01 5.240000e-03 3.086400e-01
235 6.852040e-01 5.276000e-03 3.095200e-01
236 6.844160e-01 5.132000e-03 3.104520e-01
237 6.835240e-01 5.060000e-03 3.114160e-01
238 6.826440e-01 5.088000e-03 3.122680e-01
239 6.818200e-01 5.068000e-03 3.131120e-01
240 6.808920e-01 5.224000e-03 3.138840e-01
241 6.800600e-01 5.144000e-03 3.147960e-01
242 6.792560e-01 5.028000e-03 3.157160e-01
243 6.783560e-01 5.012000e-03 3.166320e-01
244 6.774200e-01 5.012000e-03 3.175680e-01
245 6.765360e-01 4.976000e-03 3.184880e-01
246 6.756320e-01 5.040000e-03 3.193280e-01
247 6.749080e-01 4.896000e-03 3.201960e-01
248 6.742040e-01 4.812000e-03 3.209840e-01
249 6.734360e-01 4.616000e-03 3.219480e-01
250 6.727760e-01 4.376000e-03 3.228480e-01
251 6.720960e-01 4.308000e-03 3.235960e-01
252 6.714000e-01 4.200000e-03 3.244000e-01
253 6.707560e-01 4.168000e-03 3.250760e-01
254 6.699960e-01 4.144000e-03 3.258600e-01
255 6.694120e-01 4.072000e-03 3.265160e-01
256 6.687880e-01 3.960000e-03 3.272520e-01
257 6.680840e-01 3.948000e-03 3.279680e-01
258 6.674560e-01 3.912000e-03 3.286320e-01
259 6.668320e-01 3.856000e-03 3.293120e-01
260 6.661520e-01 3.876000e-03 3.299720e-01
261 6.654160e-01 3.912000e-03 3.306720e-01
262 6.647320e-01 3.896000e-03 3.313720e-01
263 6.640840e-01 3.832000e-03 3.320840e-01
264 6.633360e-01 3.920000e-03 3.327440e-01
265 6.627520e-01 3.796000e-03 3.334520e-01
266 6.620880e-01 3.884000e-03 3.340280e-01
267 6.614520e-01 3.856000e-03 3.346920e-01
268 6.608520e-01 3.788000e-03 3.353600e-01
269 6.603200e-01 3.616000e-03 3.360640e-01
270 6.597120e-01 3.576000e-03 3.367120e-01
271 6.592080e-01 3.444000e-03 3.373480e-01
272 6.587040e-01 3.408000e-03 3.378880e-01
273 6.581360e-01 3.396000e-03 3.384680e-01
274 6.575960e-01 3.372000e-03 3.390320e-01
275 6.570440e-01 3.384000e-03 3.395720e-01
276 6.565920e-01 3.280000e-03 3.401280e-01
277 6.560360e-01 3.236000e-03 3.407280e-01
278 6.554360e-01 3.228000e-03 3.413360e-01
279 6.548680e-01 3.232000e-03 3.419000e-01
280 6.543920e-01 3.248000e-03 3.423600e-01
281 6.538320e-01 3.272000e-03 3.428960e-01
282 6.532800e-01 3.244000e-03 3.434760e-01
283 6.527880e-01 3.204000e-03 3.440080e-01
284 6.522200e-01 3.108000e-03 3.446720e-01
285 6.516960e-01 3.128000e-03 3.451760e-01
286 6.512240e-01 2.972000e-03 3.458040e-01
287 6.507480e-01 3.000000e-03 3.462520e-01
288 6.502240e-01 3.012000e-03 3.467640e-01
289 6.496440e-01 3.076000e-03 3.472800e-01
290 6.490800e-01 3.116000e-03 3.478040e-01
291 6.484960e-01 3.176000e-03 3.483280e-01
292 6.480000e-01 3.056000e-03 3.489440e-01
293 6.474880e-01 3.032000e-03 3.494800e-01
294 6.469680e-01 3.052000e-03 3.499800e-01
295 6.465280e-01 3.008000e-03 3.504640e-01
296 6.459320e-01 3.000000e-03 3.510680e-01
297 6.454960e-01 2.916000e-03 3.515880e-01
298 6.450680e-01 2.780000e-03 3.521520e-01
299 6.445640e-01 2.792000e-03 3.526440e-01
300 6.440920e-01 2.744000e-03 3.531640e-01
301 6.436560e-01 2.708000e-03 3.536360e-01
302 6.432200e-01 2.648000e-03 3.541320e-01
303 6.427720e-01 2.632000e-03 3.545960e-01
304 6.423200e-01 2.600000e-03 3.550800e-01
305 6.419000e-01 2.540000e-03 3.555600e-01
306 6.414320e-01 2.576000e-03 3.559920e-01
307 6.409080e-01 2.692000e-03 3.564000e-01
308 6.404480e-01 2.716000e-03 3.568360e-01
309 6.399600e-01 2.744000e-03 3.572960e-01
310 6.395280e-01 2.656000e-03 3.578160e-01
311 6.390960e-01 2.548000e-03 3.583560e-01
312 6.387040e-01 2.456000e-03 3.588400e-01
313 6.383000e-01 2.432000e-03 3.592680e-01
314 6.379520e-01 2.284000e-03 3.597640e-01
315 6.376320e-01 2.192000e-03 3.601760e-01
316 6.372800e-01 2.096000e-03 3.606240e-01
317 6.369560e-01 2.096000e-03 3.609480e-01
318 6.365840e-01 2.092000e-03 3.613240e-01
319 6.362280e-01 2.072000e-03 3.617000e-01
320 6.358480e-01 2.096000e-03 3.620560e-01
321 6.355440e-01 2.044000e-03 3.624120e-01
322 6.352520e-01 2.012000e-03 3.627360e-01
323 6.349600e-01 1.940000e-03 3.631000e-01
324 6.346040e-01 1.924000e-03 3.634720e-01
325 6.342840e-01 1.916000e-03 3.638000e-01
326 6.338880e-01 1.996000e-03 3.641160e-01
327 6.335240e-01 2.016000e-03 3.644600e-01
328 6.332480e-01 1.908000e-03 3.648440e-01
329 6.329880e-01 1.828000e-03 3.651840e-01
330 6.326800e-01 1.832000e-03 3.654880e-01
331 6.324000e-01 1.752000e-03 3.658480e-01
332 6.320440e-01 1.776000e-03 3.661800e-01
333 6.317160e-01 1.756000e-03 3.665280e-01
334 6.313560e-01 1.804000e-03 3.668400e-01
335 6.310720e-01 1.732000e-03 3.671960e-01
336 6.308120e-01 1.676000e-03 3.675120e-01
337 6.305080e-01 1.744000e-03 3.677480e-01
338 6.302280e-01 1.740000e-03 3.680320e-01
339 6.299120e-01 1.764000e-03 3.683240e-01
340 6.296720e-01 1.688000e-03 3.686400e-01
341 6.293000e-01 1.796000e-03 3.689040e-01
342 6.289840e-01 1.788000e-03 3.692280e-01
343 6.287320e-01 1.704000e-03 3.695640e-01
344 6.283920e-01 1.740000e-03 3.698680e-01
345 6.281320e-01 1.676000e-03 3.701920e-01
346 6.278680e-01 1.680000e-03 3.704520e-01
347 6.275920e-01 1.656000e-03 3.707520e-01
348 6.273600e-01 1.632000e-03 3.710080e-01
349 6.270680e-01 1.596000e-03 3.713360e-01
350 6.267920e-01 1.656000e-03 3.715520e-01
351 6.265000e-01 1.648000e-03 3.718520e-01
352 6.262440e-01 1.636000e-03 3.721200e-01
353 6.259320e-01 1.656000e-03 3.724120e-01
354 6.255920e-01 1.656000e-03 3.727520e-01
355 6.252800e-01 1.632000e-03 3.730880e-01
356 6.249920e-01 1.640000e-03 3.733680e-01
357 6.247520e-01 1.572000e-03 3.736760e-01
358 6.244640e-01 1.508000e-03 3.740280e-01
359 6.241840e-01 1.544000e-03 3.742720e-01
360 6.239320e-01 1.488000e-03 3.745800e-01
361 6.236200e-01 1.544000e-03 3.748360e-01
362 6.233440e-01 1.564000e-03 3.750920e-01
363 6.230720e-01 1.568000e-03 3.753600e-01
364 6.228000e-01 1.572000e-03 3.756280e-01
365 6.225440e-01 1.508000e-03 3.759480e-01
366 6.222480e-01 1.500000e-03 3.762520e-01
367 6.220560e-01 1.396000e-03 3.765480e-01
368 6.218280e-01 1.380000e-03 3.767920e-01
369 6.215960e-01 1.400000e-03 3.770040e-01
370 6.213960e-01 1.380000e-03 3.772240e-01
371 6.211440e-01 1.420000e-03 3.774360e-01
372 6.208960e-01 1.456000e-03 3.776480e-01
373 6.206320e-01 1.440000e-03 3.779280e-01
374 6.204080e-01 1.436000e-03 3.781560e-01
375 6.202200e-01 1.412000e-03 3.783680e-01
376 6.199640e-01 1.412000e-03 3.786240e-01
377 6.197600e-01 1.400000e-03 3.788400e-01
378 6.195640e-01 1.328000e-03 3.791080e-01
379 6.194240e-01 1.176000e-03 3.794000e-01
380 6.192360e-01 1.184000e-03 3.795800e-01
381 6.190640e-01 1.140000e-03 3.797960e-01
382 6.188480e-01 1.132000e-03 3.800200e-01
383 6.186600e-01 1.080000e-03 3.802600e-01
384 6.184440e-01 1.096000e-03 3.804600e-01
385 6.182440e-01 1.124000e-03 3.806320e-01
386 6.180400e-01 1.136000e-03 3.808240e-01
387 6.178360e-01 1.132000e-03 3.810320e-01
388 6.176360e-01 1.124000e-03 3.812400e-01
389 6.174160e-01 1.096000e-03 3.814880e-01
390 6.172120e-01 1.104000e-03 3.816840e-01
391 6.170080e-01 1.132000e-03 3.818600e-01
392 6.167800e-01 1.160000e-03 3.820600e-01
393 6.165640e-01 1.164000e-03 3.822720e-01
394 6.164320e-01 1.052000e-03 3.825160e-01
395 6.162680e-01 1.028000e-03 3.827040e-01
396 6.160960e-01 1.028000e-03 3.828760e-01
397 6.159640e-01 9.960000e-04 3.830400e-01
398 6.158200e-01 9.600000e-04 3.832200e-01
399 6.156640e-01 9.920000e-04 3.833440e-01
400 6.154680e-01 1.008000e-03 3.835240e-01
401 6.153280e-01 9.640000e-04 3.837080e-01
402 6.151880e-01 9.240000e-04 3.838880e-01
403 6.150560e-01 9.040000e-04 3.840400e-01
404 6.149120e-01 8.720000e-04 3.842160e-01
405 6.147040e-01 9.480000e-04 3.843480e-01
406 6.145000e-01 9.880000e-04 3.845120e-01
407 6.142760e-01 1.064000e-03 3.846600e-01
408 6.140520e-01 1.088000e-03 3.848600e-01
409 6.138280e-01 1.136000e-03 3.850360e-01
410 6.136200e-01 1.116000e-03 3.852640e-01
411 6.134560e-01 1.064000e-03 3.854800e-01
412 6.132480e-01 1.032000e-03 3.857200e-01
413 6.130920e-01 1.032000e-03 3.858760e-01
414 6.129280e-01 1.016000e-03 3.860560e-01
415 6.127800e-01 9.920000e-04 3.862280e-01
416 6.126200e-01 1.000000e-03 3.863800e-01
417 6.124280e-01 1.024000e-03 3.865480e-01
418 6.122320e-01 1.040000e-03 3.867280e-01
419 6.120440e-01 1.044000e-03 3.869120e-01
420 6.117800e-01 1.092000e-03 3.871280e-01
421 6.115680e-01 1.132000e-03 3.873000e-01
422 6.114320e-01 1.064000e-03 3.875040e-01
423 6.112240e-01 1.144000e-03 3.876320e-01
424 6.110200e-01 1.180000e-03 3.878000e-01
425 6.107880e-01 1.228000e-03 3.879840e-01
426 6.105360e-01 1.288000e-03 3.881760e-01
427 6.103320e-01 1.220000e-03 3.884480e-01
428 6.101040e-01 1.216000e-03 3.886800e-01
429 6.099000e-01 1.188000e-03 3.889120e-01
430 6.096960e-01 1.196000e-03 3.891080e-01
431 6.095200e-01 1.180000e-03 3.893000e-01
432 6.093320e-01 1.192000e-03 3.894760e-01
433 6.091560e-01 1.124000e-03 3.897200e-01
434 6.090200e-01 1.120000e-03 3.898600e-01
435 6.088360e-01 1.172000e-03 3.899920e-01
436 6.086960e-01 1.060000e-03 3.902440e-01
437 6.084880e-01 1.072000e-03 3.904400e-01
438 6.083120e-01 1.044000e-03 3.906440e-01
439 6.081560e-01 1.044000e-03 3.908000e-01
440 6.079600e-01 1.076000e-03 3.909640e-01
441 6.077960e-01 1.044000e-03 3.911600e-01
442 6.076360e-01 1.012000e-03 3.913520e-01
443 6.074960e-01 9.480000e-04 3.915560e-01
444 6.073440e-01 9.880000e-04 3.916680e-01
445 6.071960e-01 9.680000e-04 3.918360e-01
446 6.070440e-01 9.720000e-04 3.919840e-01
447 6.068920e-01 9.480000e-04 3.921600e-01
448 6.067520e-01 9.680000e-04 3.922800e-01
449 6.065840e-01 9.400000e-04 3.924760e-01
450 6.064120e-01 9.280000e-04 3.926600e-01
451 6.062400e-01 9.600000e-04 3.928000e-01
452 6.060520e-01 9.720000e-04 3.929760e-01
453 6.058720e-01 9.560000e-04 3.931720e-01
454 6.057520e-01 9.440000e-04 3.933040e-01
455 6.055880e-01 9.720000e-04 3.934400e-01
456 6.054280e-01 9.960000e-04 3.935760e-01
457 6.052480e-01 1.064000e-03 3.936880e-01
458 6.050560e-01 1.076000e-03 3.938680e-01
459 6.048640e-01 1.064000e-03 3.940720e-01
460 6.046360e-01 1.128000e-03 3.942360e-01
461 6.044320e-01 1.116000e-03 3.944520e-01
462 6.042480e-01 1.092000e-03 3.946600e-01
463 6.040760e-01 1.068000e-03 3.948560e-01
464 6.039440e-01 1.076000e-03 3.949800e-01
465 6.037840e-01 1.060000e-03 3.951560e-01
466 6.036720e-01 1.024000e-03 3.953040e-01
467 6.035120e-01 9.920000e-04 3.954960e-01
468 6.033800e-01 9.560000e-04 3.956640e-01
469 6.032200e-01 9.520000e-04 3.958280e-01
470 6.030640e-01 9.160000e-04 3.960200e-01
471 6.028920e-01 9.200000e-04 3.961880e-01
472 6.027480e-01 9.080000e-04 3.963440e-01
473 6.025840e-01 9.240000e-04 3.964920e-01
474 6.024240e-01 8.880000e-04 3.966880e-01
475 6.022160e-01 9.520000e-04 3.968320e-01
476 6.020480e-01 9.360000e-04 3.970160e-01
477 6.018480e-01 9.720000e-04 3.971800e-01
478 6.017120e-01 9.440000e-04 3.973440e-01
479 6.015120e-01 9.280000e-04 3.975600e-01
480 6.013720e-01 9.120000e-04 3.977160e-01
481 6.012520e-01 8.920000e-04 3.978560e-01
482 6.011080e-01 8.840000e-04 3.980080e-01
483 6.009520e-01 9.120000e-04 3.981360e-01
484 6.008600e-01 8.400000e-04 3.983000e-01
485 6.007720e-01 7.840000e-04 3.984440e-01
486 6.006720e-01 7.640000e-04 3.985640e-01
487 6.005360e-01 7.560000e-04 3.987080e-01
488 6.004200e-01 7.480000e-04 3.988320e-01
489 6.003200e-01 7.400000e-04 3.989400e-01
490 6.001920e-01 7.040000e-04 3.991040e-01
491 6.000600e-01 6.960000e-04 3.992440e-01
492 5.999040e-01 7.080000e-04 3.993880e-01
493 5.997560e-01 7.040000e-04 3.995400e-01
494 5.996360e-01 7.080000e-04 3.996560e-01
495 5.995000e-01 7.160000e-04 3.997840e-01
496 5.993720e-01 7.400000e-04 3.998880e-01
497 5.992560e-01 7.280000e-04 4.000160e-01
498 5.991000e-01 7.320000e-04 4.001680e-01
499 5.989800e-01 7.040000e-04 4.003160e-01
500 5.988400e-01 7.400000e-04 4.004200e-01
