1 9.992240e-01 6.600000e-04 1.160000e-04
2 9.985760e-01 1.176000e-03 2.480000e-04
3 9.979360e-01 1.580000e-03 4.840000e-04
4 9.972840e-01 1.924000e-03 7.920000e-04
5 9.965520e-01 2.300000e-03 1.148000e-03
6 9.957760e-01 2.636000e-03 1.588000e-03
7 9.949160e-01 2.984000e-03 2.100000e-03
8 9.940080e-01 3.200000e-03 2.792000e-03
9 9.930400e-01 3.544000e-03 3.416000e-03
10 9.919840e-01 3.928000e-03 4.088000e-03
11 9.910480e-01 4.164000e-03 4.788000e-03
12 9.900120e-01 4.420000e-03 5.568000e-03
13 9.889320e-01 4.688000e-03 6.380000e-03
14 9.879160e-01 4.924000e-03 7.160000e-03
15 9.866920e-01 5.380000e-03 7.928000e-03
16 9.855640e-01 5.560000e-03 8.876000e-03
17 9.843000e-01 5.808000e-03 9.892000e-03
18 9.830640e-01 5.940000e-03 1.099600e-02
19 9.818200e-01 6.108000e-03 1.207200e-02
20 9.806480e-01 6.228000e-03 1.312400e-02
21 9.794240e-01 6.416000e-03 1.416000e-02
22 9.782120e-01 6.584000e-03 1.520400e-02
23 9.769600e-01 6.744000e-03 1.629600e-02
24 9.755400e-01 6.860000e-03 1.760000e-02
25 9.741800e-01 7.072000e-03 1.874800e-02
26 9.728560e-01 7.152000e-03 1.999200e-02
27 9.715120e-01 7.160000e-03 2.132800e-02
28 9.698320e-01 7.708000e-03 2.246000e-02
29 9.683080e-01 7.932000e-03 2.376000e-02
30 9.668760e-01 7.924000e-03 2.520000e-02
31 9.653320e-01 8.072000e-03 2.659600e-02
32 9.637120e-01 8.260000e-03 2.802800e-02
33 9.622200e-01 8.208000e-03 2.957200e-02
34 9.607000e-01 8.280000e-03 3.102000e-02
35 9.591360e-01 8.412000e-03 3.245200e-02
36 9.576920e-01 8.392000e-03 3.391600e-02
37 9.561800e-01 8.440000e-03 3.538000e-02
38 9.546880e-01 8.516000e-03 3.679600e-02
39 9.532080e-01 8.428000e-03 3.836400e-02
40 9.516360e-01 8.524000e-03 3.984000e-02
41 9.497800e-01 8.848000e-03 4.137200e-02
42 9.481640e-01 8.892000e-03 4.294400e-02
43 9.464480e-01 8.932000e-03 4.462000e-02
44 9.448320e-01 8.952000e-03 4.621600e-02
45 9.432200e-01 9.104000e-03 4.767600e-02
46 9.416080e-01 9.072000e-03 4.932000e-02
47 9.400000e-01 9.164000e-03 5.083600e-02
48 9.383800e-01 9.148000e-03 5.247200e-02
49 9.369320e-01 8.988000e-03 5.408000e-02
50 9.353880e-01 9.004000e-03 5.560800e-02
51 9.339680e-01 8.872000e-03 5.716000e-02
52 9.326240e-01 8.628000e-03 5.874800e-02
53 9.311800e-01 8.404000e-03 6.041600e-02
54 9.296600e-01 8.416000e-03 6.192400e-02
55 9.283560e-01 8.136000e-03 6.350800e-02
56 9.269280e-01 8.216000e-03 6.485600e-02
57 9.255400e-01 8.176000e-03 6.628400e-02
58 9.240920e-01 8.044000e-03 6.786400e-02
59 9.227400e-01 7.988000e-03 6.927200e-02
60 9.213440e-01 8.016000e-03 7.064000e-02
61 9.198360e-01 8.060000e-03 7.210400e-02
62 9.184520e-01 7.968000e-03 7.358000e-02
63 9.172200e-01 7.880000e-03 7.490000e-02
64 9.156800e-01 8.156000e-03 7.616400e-02
65 9.140680e-01 8.436000e-03 7.749600e-02
66 9.127120e-01 8.312000e-03 7.897600e-02
67 9.113520e-01 8.240000e-03 8.040800e-02
68 9.098200e-01 8.448000e-03 8.173200e-02
69 9.083120e-01 8.552000e-03 8.313600e-02
70 9.069440e-01 8.448000e-03 8.460800e-02
71 9.055600e-01 8.400000e-03 8.604000e-02
72 9.041000e-01 8.256000e-03 8.764400e-02
73 9.026160e-01 8.260000e-03 8.912400e-02
74 9.012440e-01 8.180000e-03 9.057600e-02
75 8.997240e-01 8.200000e-03 9.207600e-02
76 8.982200e-01 8.268000e-03 9.351200e-02
77 8.968200e-01 8.168000e-03 9.501200e-02
78 8.953480e-01 8.264000e-03 9.638800e-02
79 8.939520e-01 8.144000e-03 9.790400e-02
80 8.924360e-01 8.220000e-03 9.934400e-02
81 8.910960e-01 8.060000e-03 1.008440e-01
82 8.896440e-01 8.144000e-03 1.022120e-01
83 8.883960e-01 8.140000e-03 1.034640e-01
84 8.871600e-01 8.060000e-03 1.047800e-01
85 8.859040e-01 7.936000e-03 1.061600e-01
86 8.845280e-01 7.872000e-03 1.076000e-01
87 8.832200e-01 7.804000e-03 1.089760e-01
88 8.818360e-01 7.752000e-03 1.104120e-01
89 8.805320e-01 7.760000e-03 1.117080e-01
90 8.791760e-01 7.768000e-03 1.130560e-01
91 8.779520e-01 7.600000e-03 1.144480e-01
92 8.765600e-01 7.628000e-03 1.158120e-01
93 8.751920e-01 7.604000e-03 1.172040e-01
94 8.737960e-01 7.704000e-03 1.185000e-01
95 8.723920e-01 7.740000e-03 1.198680e-01
96 8.711080e-01 7.684000e-03 1.212080e-01
97 8.698240e-01 7.684000e-03 1.224920e-01
98 8.684320e-01 7.768000e-03 1.238000e-01
99 8.671920e-01 7.620000e-03 1.251880e-01
100 8.657800e-01 7.564000e-03 1.266560e-01
101 8.645800e-01 7.312000e-03 1.281080e-01
102 8.635120e-01 7.092000e-03 1.293960e-01
103 8.622160e-01 7.088000e-03 1.306960e-01
104 8.608840e-01 7.256000e-03 1.318600e-01
105 8.597320e-01 7.120000e-03 1.331480e-01
106 8.584520e-01 7.204000e-03 1.343440e-01
107 8.572320e-01 7.192000e-03 1.355760e-01
108 8.559760e-01 7.188000e-03 1.368360e-01
109 8.546800e-01 7.212000e-03 1.381080e-01
110 8.533920e-01 7.144000e-03 1.394640e-01
111 8.521440e-01 7.140000e-03 1.407160e-01
112 8.507200e-01 7.436000e-03 1.418440e-01
113 8.495080e-01 7.240000e-03 1.432520e-01
114 8.483080e-01 7.136000e-03 1.445560e-01
115 8.472360e-01 6.992000e-03 1.457720e-01
116 8.460640e-01 7.004000e-03 1.469320e-01
117 8.448240e-01 7.084000e-03 1.480920e-01
118 8.437040e-01 6.944000e-03 1.493520e-01
119 8.425200e-01 6.960000e-03 1.505200e-01
120 8.413200e-01 6.812000e-03 1.518680e-01
121 8.401600e-01 6.720000e-03 1.531200e-01
122 8.389640e-01 6.608000e-03 1.544280e-01
123 8.377640e-01 6.636000e-03 1.556000e-01
124 8.366440e-01 6.452000e-03 1.569040e-01
125 8.355640e-01 6.376000e-03 1.580600e-01
126 8.345880e-01 6.292000e-03 1.591200e-01
127 8.334800e-01 6.368000e-03 1.601520e-01
128 8.324440e-01 6.212000e-03 1.613440e-01
129 8.312200e-01 6.380000e-03 1.624000e-01
130 8.300280e-01 6.528000e-03 1.634440e-01
131 8.289040e-01 6.580000e-03 1.645160e-01
132 8.277520e-01 6.768000e-03 1.654800e-01
133 8.265920e-01 6.684000e-03 1.667240e-01
134 8.254080e-01 6.684000e-03 1.679080e-01
135 8.242200e-01 6.700000e-03 1.690800e-01
136 8.231040e-01 6.564000e-03 1.703320e-01
137 8.219200e-01 6.552000e-03 1.715280e-01
138 8.206920e-01 6.664000e-03 1.726440e-01
139 8.195560e-01 6.644000e-03 1.738000e-01
140 8.185120e-01 6.500000e-03 1.749880e-01
141 8.173880e-01 6.372000e-03 1.762400e-01
142 8.163040e-01 6.396000e-03 1.773000e-01
143 8.152160e-01 6.440000e-03 1.783440e-01
144 8.142400e-01 6.260000e-03 1.795000e-01
145 8.131800e-01 6.284000e-03 1.805360e-01
146 8.122120e-01 6.212000e-03 1.815760e-01
147 8.111880e-01 6.204000e-03 1.826080e-01
148 8.101920e-01 6.076000e-03 1.837320e-01
149 8.091400e-01 6.116000e-03 1.847440e-01
150 8.081320e-01 5.976000e-03 1.858920e-01
151 8.069640e-01 6.052000e-03 1.869840e-01
152 8.058600e-01 6.128000e-03 1.880120e-01
153 8.047120e-01 6.256000e-03 1.890320e-01
154 8.036800e-01 6.288000e-03 1.900320e-01
155 8.025840e-01 6.428000e-03 1.909880e-01
156 8.016640e-01 6.268000e-03 1.920680e-01
157 8.007000e-01 6.140000e-03 1.931600e-01
158 7.995840e-01 6.164000e-03 1.942520e-01
159 7.984080e-01 6.192000e-03 1.954000e-01
160 7.973920e-01 6.060000e-03 1.965480e-01
161 7.964280e-01 6.036000e-03 1.975360e-01
162 7.952600e-01 6.108000e-03 1.986320e-01
163 7.941360e-01 6.112000e-03 1.997520e-01
164 7.930000e-01 6.160000e-03 2.008400e-01
165 7.920000e-01 6.060000e-03 2.019400e-01
166 7.909800e-01 6.020000e-03 2.030000e-01
167 7.900160e-01 5.840000e-03 2.041440e-01
168 7.890120e-01 5.760000e-03 2.052280e-01
169 7.881520e-01 5.632000e-03 2.062160e-01
170 7.872480e-01 5.604000e-03 2.071480e-01
171 7.862800e-01 5.644000e-03 2.080760e-01
172 7.853000e-01 5.608000e-03 2.090920e-01
173 7.844720e-01 5.576000e-03 2.099520e-01
174 7.834880e-01 5.496000e-03 2.110160e-01
175 7.826120e-01 5.428000e-03 2.119600e-01
176 7.817240e-01 5.316000e-03 2.129600e-01
177 7.807920e-01 5.328000e-03 2.138800e-01
178 7.800520e-01 5.092000e-03 2.148560e-01
179 7.791440e-01 5.128000e-03 2.157280e-01
180 7.783120e-01 5.084000e-03 2.166040e-01
181 7.773880e-01 5.168000e-03 2.174440e-01
182 7.765560e-01 5.168000e-03 2.182760e-01
183 7.756440e-01 5.264000e-03 2.190920e-01
184 7.746560e-01 5.372000e-03 2.199720e-01
185 7.737280e-01 5.372000e-03 2.209000e-01
186 7.726560e-01 5.540000e-03 2.218040e-01
187 7.717480e-01 5.512000e-03 2.227400e-01
188 7.707680e-01 5.500000e-03 2.237320e-01
189 7.697920e-01 5.496000e-03 2.247120e-01
190 7.688640e-01 5.484000e-03 2.256520e-01
191 7.680080e-01 5.468000e-03 2.265240e-01
192 7.670200e-01 5.500000e-03 2.274800e-01
193 7.662360e-01 5.276000e-03 2.284880e-01
194 7.655680e-01 4.980000e-03 2.294520e-01
195 7.648160e-01 4.948000e-03 2.302360e-01
196 7.641720e-01 4.832000e-03 2.309960e-01
197 7.634520e-01 4.688000e-03 2.318600e-01
198 7.628440e-01 4.400000e-03 2.327560e-01
199 7.622400e-01 4.292000e-03 2.334680e-01
200 7.615640e-01 4.220000e-03 2.342160e-01
201 7.608760e-01 4.252000e-03 2.348720e-01
202 7.601960e-01 4.268000e-03 2.355360e-01
203 7.594880e-01 4.216000e-03 2.362960e-01
204 7.588360e-01 4.084000e-03 2.370800e-01
205 7.581920e-01 4.080000e-03 2.377280e-01
206 7.574760e-01 4.080000e-03 2.384440e-01
207 7.568800e-01 4.004000e-03 2.391160e-01
208 7.562520e-01 3.920000e-03 2.398280e-01
209 7.556440e-01 3.864000e-03 2.404920e-01
210 7.550280e-01 3.756000e-03 2.412160e-01
211 7.544640e-01 3.640000e-03 2.418960e-01
212 7.538000e-01 3.676000e-03 2.425240e-01
213 7.532120e-01 3.632000e-03 2.431560e-01
214 7.526120e-01 3.572000e-03 2.438160e-01
215 7.519360e-01 3.604000e-03 2.444600e-01
216 7.512360e-01 3.712000e-03 2.450520e-01
217 7.505240e-01 3.740000e-03 2.457360e-01
218 7.497920e-01 3.820000e-03 2.463880e-01
219 7.490560e-01 3.904000e-03 2.470400e-01
220 7.482920e-01 3.956000e-03 2.477520e-01
221 7.474960e-01 4.104000e-03 2.484000e-01
222 7.467480e-01 4.188000e-03 2.490640e-01
223 7.460960e-01 4.108000e-03 2.497960e-01
224 7.453680e-01 4.064000e-03 2.505680e-01
225 7.445840e-01 4.152000e-03 2.512640e-01
226 7.439040e-01 4.120000e-03 2.519760e-01
227 7.432400e-01 4.172000e-03 2.525880e-01
228 7.424960e-01 4.104000e-03 2.534000e-01
229 7.418200e-01 4.128000e-03 2.540520e-01
230 7.410200e-01 4.208000e-03 2.547720e-01
231 7.402600e-01 4.204000e-03 2.555360e-01
232 7.395800e-01 4.184000e-03 2.562360e-01
233 7.388000e-01 4.224000e-03 2.569760e-01
234 7.381640e-01 4.068000e-03 2.577680e-01
235 7.375520e-01 3.896000e-03 2.585520e-01
236 7.368680e-01 3.876000e-03 2.592560e-01
237 7.362360e-01 3.820000e-03 2.599440e-01
238 7.356080e-01 3.780000e-03 2.606120e-01
239 7.349800e-01 3.764000e-03 2.612560e-01
240 7.342720e-01 3.844000e-03 2.618840e-01
241 7.336120e-01 3.848000e-03 2.625400e-01
242 7.330080e-01 3.812000e-03 2.631800e-01
243 7.323640e-01 3.788000e-03 2.638480e-01
244 7.318080e-01 3.636000e-03 2.645560e-01
245 7.311960e-01 3.552000e-03 2.652520e-01
246 7.305800e-01 3.600000e-03 2.658200e-01
247 7.300760e-01 3.488000e-03 2.664360e-01
248 7.295040e-01 3.408000e-03 2.670880e-01
249 7.289360e-01 3.332000e-03 2.677320e-01
250 7.283400e-01 3.328000e-03 2.683320e-01
251 7.277360e-01 3.320000e-03 2.689440e-01
252 7.271320e-01 3.420000e-03 2.694480e-01
253 7.265640e-01 3.368000e-03 2.700680e-01
254 7.259320e-01 3.456000e-03 2.706120e-01
255 7.254280e-01 3.324000e-03 2.712480e-01
256 7.249440e-01 3.244000e-03 2.718120e-01
257 7.245080e-01 3.120000e-03 2.723720e-01
258 7.239920e-01 3.040000e-03 2.729680e-01
259 7.235680e-01 2.896000e-03 2.735360e-01
260 7.231040e-01 2.888000e-03 2.740080e-01
261 7.227040e-01 2.776000e-03 2.745200e-01
262 7.223320e-01 2.680000e-03 2.749880e-01
263 7.220400e-01 2.484000e-03 2.754760e-01
264 7.215600e-01 2.508000e-03 2.759320e-01
265 7.211920e-01 2.436000e-03 2.763720e-01
266 7.207440e-01 2.392000e-03 2.768640e-01
267 7.203240e-01 2.412000e-03 2.772640e-01
268 7.199320e-01 2.380000e-03 2.776880e-01
269 7.195280e-01 2.392000e-03 2.780800e-01
270 7.190960e-01 2.384000e-03 2.785200e-01
271 7.186200e-01 2.436000e-03 2.789440e-01
272 7.183160e-01 2.340000e-03 2.793440e-01
273 7.179240e-01 2.264000e-03 2.798120e-01
274 7.175640e-01 2.236000e-03 2.802000e-01
275 7.171440e-01 2.288000e-03 2.805680e-01
276 7.167680e-01 2.268000e-03 2.809640e-01
277 7.164360e-01 2.204000e-03 2.813600e-01
278 7.160960e-01 2.188000e-03 2.817160e-01
279 7.156440e-01 2.308000e-03 2.820480e-01
280 7.152160e-01 2.336000e-03 2.824480e-01
281 7.148640e-01 2.300000e-03 2.828360e-01
282 7.144680e-01 2.352000e-03 2.831800e-01
283 7.141040e-01 2.296000e-03 2.836000e-01
284 7.137000e-01 2.268000e-03 2.840320e-01
285 7.133760e-01 2.232000e-03 2.843920e-01
286 7.129800e-01 2.236000e-03 2.847840e-01
287 7.125880e-01 2.192000e-03 2.852200e-01
288 7.123080e-01 2.152000e-03 2.855400e-01
289 7.120000e-01 1.996000e-03 2.860040e-01
290 7.117160e-01 1.908000e-03 2.863760e-01
291 7.113880e-01 1.928000e-03 2.866840e-01
292 7.110400e-01 1.976000e-03 2.869840e-01
293 7.108120e-01 1.872000e-03 2.873160e-01
294 7.104520e-01 1.960000e-03 2.875880e-01
295 7.101680e-01 1.900000e-03 2.879320e-01
296 7.098480e-01 1.872000e-03 2.882800e-01
297 7.095960e-01 1.820000e-03 2.885840e-01
298 7.093600e-01 1.748000e-03 2.888920e-01
299 7.091320e-01 1.696000e-03 2.891720e-01
300 7.088880e-01 1.668000e-03 2.894440e-01
301 7.086120e-01 1.664000e-03 2.897240e-01
302 7.083640e-01 1.616000e-03 2.900200e-01
303 7.080640e-01 1.652000e-03 2.902840e-01
304 7.078200e-01 1.620000e-03 2.905600e-01
305 7.075640e-01 1.604000e-03 2.908320e-01
306 7.072640e-01 1.652000e-03 2.910840e-01
307 7.069720e-01 1.664000e-03 2.913640e-01
308 7.066880e-01 1.584000e-03 2.917280e-01
309 7.064560e-01 1.584000e-03 2.919600e-01
310 7.062560e-01 1.512000e-03 2.922320e-01
311 7.060720e-01 1.380000e-03 2.925480e-01
312 7.058960e-01 1.328000e-03 2.927760e-01
313 7.057280e-01 1.284000e-03 2.929880e-01
314 7.054800e-01 1.300000e-03 2.932200e-01
315 7.052600e-01 1.300000e-03 2.934400e-01
316 7.050480e-01 1.272000e-03 2.936800e-01
317 7.048000e-01 1.332000e-03 2.938680e-01
318 7.045760e-01 1.316000e-03 2.941080e-01
319 7.043440e-01 1.340000e-03 2.943160e-01
320 7.041120e-01 1.336000e-03 2.945520e-01
321 7.039440e-01 1.284000e-03 2.947720e-01
322 7.037280e-01 1.284000e-03 2.949880e-01
323 7.035240e-01 1.264000e-03 2.952120e-01
324 7.033320e-01 1.208000e-03 2.954600e-01
325 7.031000e-01 1.240000e-03 2.956600e-01
326 7.029160e-01 1.208000e-03 2.958760e-01
327 7.026280e-01 1.336000e-03 2.960360e-01
328 7.023440e-01 1.400000e-03 2.962560e-01
329 7.020440e-01 1.472000e-03 2.964840e-01
330 7.017600e-01 1.492000e-03 2.967480e-01
331 7.014840e-01 1.508000e-03 2.970080e-01
332 7.011640e-01 1.560000e-03 2.972760e-01
333 7.008480e-01 1.592000e-03 2.975600e-01
334 7.004880e-01 1.652000e-03 2.978600e-01
335 7.002440e-01 1.584000e-03 2.981720e-01
336 6.999520e-01 1.608000e-03 2.984400e-01
337 6.996680e-01 1.548000e-03 2.987840e-01
338 6.994040e-01 1.532000e-03 2.990640e-01
339 6.991720e-01 1.508000e-03 2.993200e-01
340 6.989800e-01 1.464000e-03 2.995560e-01
341 6.986920e-01 1.516000e-03 2.997920e-01
342 6.984400e-01 1.484000e-03 3.000760e-01
343 6.981840e-01 1.516000e-03 3.003000e-01
344 6.979720e-01 1.460000e-03 3.005680e-01
345 6.977280e-01 1.480000e-03 3.007920e-01
346 6.974800e-01 1.540000e-03 3.009800e-01
347 6.972120e-01 1.576000e-03 3.012120e-01
348 6.969800e-01 1.568000e-03 3.014520e-01
349 6.967760e-01 1.508000e-03 3.017160e-01
350 6.964840e-01 1.552000e-03 3.019640e-01
351 6.962680e-01 1.480000e-03 3.022520e-01
352 6.959560e-01 1.476000e-03 3.025680e-01
353 6.957880e-01 1.340000e-03 3.028720e-01
354 6.955680e-01 1.332000e-03 3.031000e-01
355 6.953440e-01 1.304000e-03 3.033520e-01
356 6.951160e-01 1.296000e-03 3.035880e-01
357 6.949120e-01 1.280000e-03 3.038080e-01
358 6.947400e-01 1.260000e-03 3.040000e-01
359 6.944720e-01 1.292000e-03 3.042360e-01
360 6.942360e-01 1.284000e-03 3.044800e-01
361 6.939600e-01 1.340000e-03 3.047000e-01
362 6.936640e-01 1.348000e-03 3.049880e-01
363 6.934280e-01 1.336000e-03 3.052360e-01
364 6.932000e-01 1.388000e-03 3.054120e-01
365 6.929560e-01 1.416000e-03 3.056280e-01
366 6.927120e-01 1.424000e-03 3.058640e-01
367 6.924840e-01 1.420000e-03 3.060960e-01
368 6.921840e-01 1.464000e-03 3.063520e-01
369 6.919400e-01 1.448000e-03 3.066120e-01
370 6.917360e-01 1.352000e-03 3.069120e-01
371 6.914640e-01 1.376000e-03 3.071600e-01
372 6.911680e-01 1.444000e-03 3.073880e-01
373 6.908640e-01 1.480000e-03 3.076560e-01
374 6.906360e-01 1.420000e-03 3.079440e-01
375 6.903640e-01 1.392000e-03 3.082440e-01
376 6.900440e-01 1.476000e-03 3.084800e-01
377 6.897360e-01 1.560000e-03 3.087040e-01
378 6.894160e-01 1.564000e-03 3.090200e-01
379 6.890760e-01 1.580000e-03 3.093440e-01
380 6.888000e-01 1.612000e-03 3.095880e-01
381 6.885160e-01 1.600000e-03 3.098840e-01
382 6.882400e-01 1.632000e-03 3.101280e-01
383 6.879760e-01 1.692000e-03 3.103320e-01
384 6.877640e-01 1.584000e-03 3.106520e-01
385 6.875000e-01 1.608000e-03 3.108920e-01
386 6.872360e-01 1.580000e-03 3.111840e-01
387 6.869560e-01 1.600000e-03 3.114440e-01
388 6.867640e-01 1.500000e-03 3.117360e-01
389 6.865960e-01 1.416000e-03 3.119880e-01
390 6.863960e-01 1.388000e-03 3.122160e-01
391 6.862640e-01 1.300000e-03 3.124360e-01
392 6.861040e-01 1.252000e-03 3.126440e-01
393 6.859240e-01 1.208000e-03 3.128680e-01
394 6.857640e-01 1.164000e-03 3.130720e-01
395 6.856160e-01 1.068000e-03 3.133160e-01
396 6.854920e-01 9.760000e-04 3.135320e-01
397 6.853720e-01 9.160000e-04 3.137120e-01
398 6.852480e-01 9.080000e-04 3.138440e-01
399 6.851520e-01 8.840000e-04 3.139640e-01
400 6.850560e-01 8.000000e-04 3.141440e-01
401 6.849640e-01 7.520000e-04 3.142840e-01
402 6.848480e-01 7.400000e-04 3.144120e-01
403 6.847480e-01 7.320000e-04 3.145200e-01
404 6.846360e-01 7.120000e-04 3.146520e-01
405 6.845080e-01 7.120000e-04 3.147800e-01
406 6.843960e-01 6.960000e-04 3.149080e-01
407 6.842880e-01 6.840000e-04 3.150280e-01
408 6.841960e-01 6.360000e-04 3.151680e-01
409 6.841240e-01 5.880000e-04 3.152880e-01
410 6.840200e-01 5.720000e-04 3.154080e-01
411 6.839360e-01 5.680000e-04 3.154960e-01
412 6.838440e-01 5.680000e-04 3.155880e-01
413 6.837720e-01 5.600000e-04 3.156680e-01
414 6.836520e-01 6.000000e-04 3.157480e-01
415 6.835680e-01 5.800000e-04 3.158520e-01
416 6.834720e-01 5.640000e-04 3.159640e-01
417 6.833360e-01 6.080000e-04 3.160560e-01
418 6.832280e-01 6.080000e-04 3.161640e-01
419 6.831040e-01 6.720000e-04 3.162240e-01
420 6.830000e-01 6.680000e-04 3.163320e-01
421 6.829040e-01 6.480000e-04 3.164480e-01
422 6.828240e-01 6.040000e-04 3.165720e-01
423 6.827640e-01 5.640000e-04 3.166720e-01
424 6.826800e-01 5.760000e-04 3.167440e-01
425 6.826120e-01 5.400000e-04 3.168480e-01
426 6.825240e-01 5.040000e-04 3.169720e-01
427 6.824320e-01 4.960000e-04 3.170720e-01
428 6.823200e-01 5.160000e-04 3.171640e-01
429 6.822400e-01 5.200000e-04 3.172400e-01
430 6.821600e-01 5.120000e-04 3.173280e-01
431 6.820440e-01 5.400000e-04 3.174160e-01
432 6.819160e-01 5.800000e-04 3.175040e-01
433 6.818360e-01 5.560000e-04 3.176080e-01
434 6.817440e-01 5.600000e-04 3.176960e-01
435 6.816640e-01 5.760000e-04 3.177600e-01
436 6.815720e-01 5.640000e-04 3.178640e-01
437 6.814800e-01 5.880000e-04 3.179320e-01
438 6.813720e-01 5.480000e-04 3.180800e-01
439 6.812920e-01 5.360000e-04 3.181720e-01
440 6.812040e-01 5.320000e-04 3.182640e-01
441 6.811040e-01 5.640000e-04 3.183320e-01
442 6.810080e-01 5.480000e-04 3.184440e-01
443 6.809240e-01 5.480000e-04 3.185280e-01
444 6.808400e-01 5.160000e-04 3.186440e-01
445 6.807960e-01 4.520000e-04 3.187520e-01
446 6.807280e-01 4.480000e-04 3.188240e-01
447 6.806840e-01 4.080000e-04 3.189080e-01
448 6.806200e-01 4.160000e-04 3.189640e-01
449 6.805320e-01 4.480000e-04 3.190200e-01
450 6.804840e-01 4.040000e-04 3.191120e-01
451 6.804280e-01 3.840000e-04 3.191880e-01
452 6.803800e-01 3.640000e-04 3.192560e-01
453 6.803000e-01 3.720000e-04 3.193280e-01
454 6.802480e-01 3.760000e-04 3.193760e-01
455 6.801480e-01 4.200000e-04 3.194320e-01
456 6.800800e-01 4.160000e-04 3.195040e-01
457 6.800120e-01 4.000000e-04 3.195880e-01
458 6.799440e-01 4.200000e-04 3.196360e-01
459 6.798200e-01 4.800000e-04 3.197000e-01
460 6.797280e-01 4.960000e-04 3.197760e-01
461 6.796040e-01 5.040000e-04 3.198920e-01
462 6.795240e-01 4.800000e-04 3.199960e-01
463 6.794080e-01 5.000000e-04 3.200920e-01
464 6.793560e-01 5.040000e-04 3.201400e-01
465 6.792440e-01 4.680000e-04 3.202880e-01
466 6.791880e-01 4.480000e-04 3.203640e-01
467 6.791520e-01 4.040000e-04 3.204440e-01
468 6.790920e-01 4.080000e-04 3.205000e-01
469 6.790360e-01 3.920000e-04 3.205720e-01
470 6.789320e-01 4.200000e-04 3.206480e-01
471 6.788440e-01 4.480000e-04 3.207080e-01
472 6.787520e-01 4.480000e-04 3.208000e-01
473 6.786760e-01 4.600000e-04 3.208640e-01
474 6.786040e-01 4.320000e-04 3.209640e-01
475 6.785520e-01 3.920000e-04 3.210560e-01
476 6.785200e-01 3.560000e-04 3.211240e-01
477 6.784640e-01 3.520000e-04 3.211840e-01
478 6.784080e-01 3.480000e-04 3.212440e-01
479 6.783640e-01 3.440000e-04 3.212920e-01
480 6.782800e-01 4.080000e-04 3.213120e-01
481 6.782120e-01 4.320000e-04 3.213560e-01
482 6.781240e-01 4.440000e-04 3.214320e-01
483 6.780440e-01 4.440000e-04 3.215120e-01
484 6.779720e-01 4.240000e-04 3.216040e-01
485 6.778920e-01 4.320000e-04 3.216760e-01
486 6.778440e-01 4.080000e-04 3.217480e-01
487 6.777760e-01 4.080000e-04 3.218160e-01
488 6.777200e-01 4.160000e-04 3.218640e-01
489 6.776240e-01 4.520000e-04 3.219240e-01
490 6.775800e-01 4.280000e-04 3.219920e-01
491 6.775240e-01 4.040000e-04 3.220720e-01
492 6.774640e-01 3.760000e-04 3.221600e-01
493 6.773960e-01 3.960000e-04 3.222080e-01
494 6.773600e-01 3.840000e-04 3.222560e-01
495 6.773200e-01 3.360000e-04 3.223440e-01
496 6.772760e-01 3.280000e-04 3.223960e-01
497 6.772480e-01 2.760000e-04 3.224760e-01
498 6.772120e-01 2.560000e-04 3.225320e-01
499 6.771840e-01 2.600000e-04 3.225560e-01
500 6.771600e-01 2.200000e-04 3.226200e-01
