1 9.992000e-01 6.880000e-04 1.120000e-04
2 9.986520e-01 1.072000e-03 2.760000e-04
3 9.980640e-01 1.444000e-03 4.920000e-04
4 9.972720e-01 1.980000e-03 7.480000e-04
5 9.965720e-01 2.272000e-03 1.156000e-03
6 9.956000e-01 2.824000e-03 1.576000e-03
7 9.947560e-01 3.104000e-03 2.140000e-03
8 9.938120e-01 3.432000e-03 2.756000e-03
9 9.927520e-01 3.872000e-03 3.376000e-03
10 9.917240e-01 4.212000e-03 4.064000e-03
11 9.907000e-01 4.544000e-03 4.756000e-03
12 9.895880e-01 4.736000e-03 5.676000e-03
13 9.884040e-01 5.060000e-03 6.536000e-03
14 9.871680e-01 5.404000e-03 7.428000e-03
15 9.859200e-01 5.744000e-03 8.336000e-03
16 9.848000e-01 5.852000e-03 9.348000e-03
17 9.836760e-01 5.864000e-03 1.046000e-02
18 9.823440e-01 6.064000e-03 1.159200e-02
19 9.810960e-01 6.232000e-03 1.267200e-02
20 9.797560e-01 6.492000e-03 1.375200e-02
21 9.783800e-01 6.620000e-03 1.500000e-02
22 9.770400e-01 6.744000e-03 1.621600e-02
23 9.756440e-01 6.904000e-03 1.745200e-02
24 9.741960e-01 7.076000e-03 1.872800e-02
25 9.727120e-01 7.368000e-03 1.992000e-02
26 9.712440e-01 7.596000e-03 2.116000e-02
27 9.697320e-01 7.792000e-03 2.247600e-02
28 9.683760e-01 7.724000e-03 2.390000e-02
29 9.671200e-01 7.672000e-03 2.520800e-02
30 9.655160e-01 7.872000e-03 2.661200e-02
31 9.641160e-01 7.804000e-03 2.808000e-02
32 9.626200e-01 7.988000e-03 2.939200e-02
33 9.611760e-01 7.992000e-03 3.083200e-02
34 9.596720e-01 8.172000e-03 3.215600e-02
35 9.581680e-01 8.152000e-03 3.368000e-02
36 9.567560e-01 8.076000e-03 3.516800e-02
37 9.554320e-01 7.932000e-03 3.663600e-02
38 9.540600e-01 7.856000e-03 3.808400e-02
39 9.526280e-01 7.960000e-03 3.941200e-02
40 9.510200e-01 8.292000e-03 4.068800e-02
41 9.495240e-01 8.360000e-03 4.211600e-02
42 9.478920e-01 8.556000e-03 4.355200e-02
43 9.463240e-01 8.552000e-03 4.512400e-02
44 9.447400e-01 8.600000e-03 4.666000e-02
45 9.432360e-01 8.576000e-03 4.818800e-02
46 9.417800e-01 8.612000e-03 4.960800e-02
47 9.401720e-01 8.592000e-03 5.123600e-02
48 9.386920e-01 8.544000e-03 5.276400e-02
49 9.371440e-01 8.520000e-03 5.433600e-02
50 9.356760e-01 8.416000e-03 5.590800e-02
51 9.341160e-01 8.560000e-03 5.732400e-02
52 9.326440e-01 8.592000e-03 5.876400e-02
53 9.310840e-01 8.672000e-03 6.024400e-02
54 9.295440e-01 8.692000e-03 6.176400e-02
55 9.280880e-01 8.648000e-03 6.326400e-02
56 9.266640e-01 8.500000e-03 6.483600e-02
57 9.252200e-01 8.456000e-03 6.632400e-02
58 9.236720e-01 8.448000e-03 6.788000e-02
59 9.223160e-01 8.292000e-03 6.939200e-02
60 9.209400e-01 8.132000e-03 7.092800e-02
61 9.194920e-01 8.160000e-03 7.234800e-02
62 9.179440e-01 8.368000e-03 7.368800e-02
63 9.164240e-01 8.340000e-03 7.523600e-02
64 9.147200e-01 8.676000e-03 7.660400e-02
65 9.131160e-01 8.788000e-03 7.809600e-02
66 9.117800e-01 8.656000e-03 7.956400e-02
67 9.104600e-01 8.428000e-03 8.111200e-02
68 9.090600e-01 8.268000e-03 8.267200e-02
69 9.077920e-01 8.136000e-03 8.407200e-02
70 9.063480e-01 8.084000e-03 8.556800e-02
71 9.049280e-01 8.040000e-03 8.703200e-02
72 9.033360e-01 8.204000e-03 8.846000e-02
73 9.019520e-01 8.044000e-03 9.000400e-02
74 9.007640e-01 7.768000e-03 9.146800e-02
75 8.995000e-01 7.580000e-03 9.292000e-02
76 8.982360e-01 7.576000e-03 9.418800e-02
77 8.969840e-01 7.480000e-03 9.553600e-02
78 8.956000e-01 7.560000e-03 9.684000e-02
79 8.941760e-01 7.696000e-03 9.812800e-02
80 8.927040e-01 7.792000e-03 9.950400e-02
81 8.913480e-01 7.832000e-03 1.008200e-01
82 8.896280e-01 8.192000e-03 1.021800e-01
83 8.880480e-01 8.320000e-03 1.036320e-01
84 8.864240e-01 8.432000e-03 1.051440e-01
85 8.847800e-01 8.648000e-03 1.065720e-01
86 8.832560e-01 8.664000e-03 1.080800e-01
87 8.817640e-01 8.632000e-03 1.096040e-01
88 8.802880e-01 8.592000e-03 1.111200e-01
89 8.788080e-01 8.572000e-03 1.126200e-01
90 8.774080e-01 8.536000e-03 1.140560e-01
91 8.760960e-01 8.364000e-03 1.155400e-01
92 8.746720e-01 8.312000e-03 1.170160e-01
93 8.731440e-01 8.428000e-03 1.184280e-01
94 8.716680e-01 8.432000e-03 1.199000e-01
95 8.702200e-01 8.416000e-03 1.213640e-01
96 8.689280e-01 8.192000e-03 1.228800e-01
97 8.676760e-01 7.940000e-03 1.243840e-01
98 8.663280e-01 7.820000e-03 1.258520e-01
99 8.650880e-01 7.688000e-03 1.272240e-01
100 8.637600e-01 7.704000e-03 1.285360e-01
101 8.624440e-01 7.576000e-03 1.299800e-01
102 8.612120e-01 7.688000e-03 1.311000e-01
103 8.599000e-01 7.656000e-03 1.324440e-01
104 8.584920e-01 7.804000e-03 1.337040e-01
105 8.572000e-01 7.756000e-03 1.350440e-01
106 8.559960e-01 7.540000e-03 1.364640e-01
107 8.547800e-01 7.416000e-03 1.378040e-01
108 8.534400e-01 7.508000e-03 1.390520e-01
109 8.521520e-01 7.476000e-03 1.403720e-01
110 8.509200e-01 7.328000e-03 1.417520e-01
111 8.497320e-01 7.292000e-03 1.429760e-01
112 8.485960e-01 7.164000e-03 1.442400e-01
113 8.475480e-01 7.032000e-03 1.454200e-01
114 8.463680e-01 7.076000e-03 1.465560e-01
115 8.452200e-01 6.912000e-03 1.478680e-01
116 8.440720e-01 6.828000e-03 1.491000e-01
117 8.428600e-01 6.892000e-03 1.502480e-01
118 8.417560e-01 6.816000e-03 1.514280e-01
119 8.405920e-01 6.912000e-03 1.524960e-01
120 8.394160e-01 6.932000e-03 1.536520e-01
121 8.381480e-01 7.040000e-03 1.548120e-01
122 8.370720e-01 6.836000e-03 1.560920e-01
123 8.359800e-01 6.760000e-03 1.572600e-01
124 8.348920e-01 6.704000e-03 1.584040e-01
125 8.337520e-01 6.776000e-03 1.594720e-01
126 8.325080e-01 6.872000e-03 1.606200e-01
127 8.313720e-01 6.904000e-03 1.617240e-01
128 8.302080e-01 6.704000e-03 1.630880e-01
129 8.291120e-01 6.616000e-03 1.642720e-01
130 8.279880e-01 6.580000e-03 1.654320e-01
131 8.270720e-01 6.284000e-03 1.666440e-01
132 8.262440e-01 6.052000e-03 1.677040e-01
133 8.252520e-01 5.960000e-03 1.687880e-01
134 8.242480e-01 5.932000e-03 1.698200e-01
135 8.231000e-01 6.008000e-03 1.708920e-01
136 8.222760e-01 5.844000e-03 1.718800e-01
137 8.212080e-01 5.972000e-03 1.728200e-01
138 8.200920e-01 6.080000e-03 1.738280e-01
139 8.190000e-01 5.992000e-03 1.750080e-01
140 8.179280e-01 6.024000e-03 1.760480e-01
141 8.170360e-01 5.824000e-03 1.771400e-01
142 8.158880e-01 6.012000e-03 1.781000e-01
143 8.148040e-01 6.056000e-03 1.791400e-01
144 8.138040e-01 6.008000e-03 1.801880e-01
145 8.127240e-01 6.064000e-03 1.812120e-01
146 8.116480e-01 6.044000e-03 1.823080e-01
147 8.104080e-01 6.304000e-03 1.832880e-01
148 8.094040e-01 6.248000e-03 1.843480e-01
149 8.082600e-01 6.284000e-03 1.854560e-01
150 8.072240e-01 6.140000e-03 1.866360e-01
151 8.061400e-01 6.208000e-03 1.876520e-01
152 8.050160e-01 6.236000e-03 1.887480e-01
153 8.039520e-01 6.152000e-03 1.898960e-01
154 8.029400e-01 6.160000e-03 1.909000e-01
155 8.019360e-01 6.128000e-03 1.919360e-01
156 8.008240e-01 6.108000e-03 1.930680e-01
157 7.998360e-01 6.092000e-03 1.940720e-01
158 7.987320e-01 6.240000e-03 1.950280e-01
159 7.975560e-01 6.360000e-03 1.960840e-01
160 7.965520e-01 6.264000e-03 1.971840e-01
161 7.956160e-01 6.068000e-03 1.983160e-01
162 7.945400e-01 6.092000e-03 1.993680e-01
163 7.936520e-01 5.948000e-03 2.004000e-01
164 7.926920e-01 5.756000e-03 2.015520e-01
165 7.916560e-01 5.780000e-03 2.025640e-01
166 7.906440e-01 5.840000e-03 2.035160e-01
167 7.895280e-01 5.944000e-03 2.045280e-01
168 7.885640e-01 6.000000e-03 2.054360e-01
169 7.875960e-01 5.996000e-03 2.064080e-01
170 7.866200e-01 5.880000e-03 2.075000e-01
171 7.857040e-01 5.736000e-03 2.085600e-01
172 7.847880e-01 5.556000e-03 2.096560e-01
173 7.838720e-01 5.396000e-03 2.107320e-01
174 7.829880e-01 5.300000e-03 2.117120e-01
175 7.821200e-01 5.232000e-03 2.126480e-01
176 7.811280e-01 5.312000e-03 2.135600e-01
177 7.801840e-01 5.304000e-03 2.145120e-01
178 7.792240e-01 5.348000e-03 2.154280e-01
179 7.782440e-01 5.380000e-03 2.163760e-01
180 7.772160e-01 5.476000e-03 2.173080e-01
181 7.762240e-01 5.468000e-03 2.183080e-01
182 7.750400e-01 5.664000e-03 2.192960e-01
183 7.739360e-01 5.744000e-03 2.203200e-01
184 7.730160e-01 5.576000e-03 2.214080e-01
185 7.719800e-01 5.588000e-03 2.224320e-01
186 7.710560e-01 5.596000e-03 2.233480e-01
187 7.700640e-01 5.624000e-03 2.243120e-01
188 7.688600e-01 5.764000e-03 2.253760e-01
189 7.678120e-01 5.780000e-03 2.264080e-01
190 7.667240e-01 5.868000e-03 2.274080e-01
191 7.656800e-01 5.784000e-03 2.285360e-01
192 7.646840e-01 5.776000e-03 2.295400e-01
193 7.636320e-01 5.756000e-03 2.306120e-01
194 7.626400e-01 5.792000e-03 2.315680e-01
195 7.616320e-01 5.892000e-03 2.324760e-01
196 7.605600e-01 5.900000e-03 2.335400e-01
197 7.595720e-01 5.812000e-03 2.346160e-01
198 7.586200e-01 5.732000e-03 2.356480e-01
199 7.576320e-01 5.796000e-03 2.365720e-01
200 7.568200e-01 5.516000e-03 2.376640e-01
201 7.559440e-01 5.312000e-03 2.387440e-01
202 7.550320e-01 5.300000e-03 2.396680e-01
203 7.540960e-01 5.344000e-03 2.405600e-01
204 7.530840e-01 5.392000e-03 2.415240e-01
205 7.519720e-01 5.592000e-03 2.424360e-01
206 7.509400e-01 5.540000e-03 2.435200e-01
207 7.500560e-01 5.320000e-03 2.446240e-01
208 7.491160e-01 5.360000e-03 2.455240e-01
209 7.481240e-01 5.408000e-03 2.464680e-01
210 7.471480e-01 5.400000e-03 2.474520e-01
211 7.462560e-01 5.320000e-03 2.484240e-01
212 7.452480e-01 5.332000e-03 2.494200e-01
213 7.441920e-01 5.372000e-03 2.504360e-01
214 7.432520e-01 5.508000e-03 2.512400e-01
215 7.422200e-01 5.588000e-03 2.521920e-01
216 7.412640e-01 5.628000e-03 2.531080e-01
217 7.404360e-01 5.388000e-03 2.541760e-01
218 7.396000e-01 5.308000e-03 2.550920e-01
219 7.386560e-01 5.300000e-03 2.560440e-01
220 7.377520e-01 5.328000e-03 2.569200e-01
221 7.368520e-01 5.256000e-03 2.578920e-01
222 7.360640e-01 5.128000e-03 2.588080e-01
223 7.353040e-01 5.076000e-03 2.596200e-01
224 7.344720e-01 4.972000e-03 2.605560e-01
225 7.337160e-01 4.928000e-03 2.613560e-01
226 7.330400e-01 4.736000e-03 2.622240e-01
227 7.322440e-01 4.740000e-03 2.630160e-01
228 7.314240e-01 4.748000e-03 2.638280e-01
229 7.304960e-01 4.936000e-03 2.645680e-01
230 7.295280e-01 4.992000e-03 2.654800e-01
231 7.285800e-01 5.056000e-03 2.663640e-01
232 7.275920e-01 5.220000e-03 2.671880e-01
233 7.267280e-01 5.256000e-03 2.680160e-01
234 7.258120e-01 5.208000e-03 2.689800e-01
235 7.249960e-01 5.152000e-03 2.698520e-01
236 7.241680e-01 5.056000e-03 2.707760e-01
237 7.233960e-01 5.012000e-03 2.715920e-01
238 7.225320e-01 4.884000e-03 2.725840e-01
239 7.216800e-01 4.872000e-03 2.734480e-01
240 7.208560e-01 4.932000e-03 2.742120e-01
241 7.200880e-01 4.836000e-03 2.750760e-01
242 7.191680e-01 4.892000e-03 2.759400e-01
243 7.183680e-01 4.880000e-03 2.767520e-01
244 7.174280e-01 4.956000e-03 2.776160e-01
245 7.166120e-01 4.900000e-03 2.784880e-01
246 7.158000e-01 4.932000e-03 2.792680e-01
247 7.149600e-01 4.956000e-03 2.800840e-01
248 7.141200e-01 4.992000e-03 2.808880e-01
249 7.132000e-01 5.060000e-03 2.817400e-01
250 7.122880e-01 5.032000e-03 2.826800e-01
251 7.114960e-01 4.908000e-03 2.835960e-01
252 7.107160e-01 4.964000e-03 2.843200e-01
253 7.098080e-01 5.072000e-03 2.851200e-01
254 7.089520e-01 5.044000e-03 2.860040e-01
255 7.082080e-01 4.808000e-03 2.869840e-01
256 7.074560e-01 4.720000e-03 2.878240e-01
257 7.067080e-01 4.688000e-03 2.886040e-01
258 7.058840e-01 4.668000e-03 2.894480e-01
259 7.051000e-01 4.692000e-03 2.902080e-01
260 7.042760e-01 4.732000e-03 2.909920e-01
261 7.034960e-01 4.712000e-03 2.917920e-01
262 7.028600e-01 4.516000e-03 2.926240e-01
263 7.020760e-01 4.468000e-03 2.934560e-01
264 7.013160e-01 4.440000e-03 2.942440e-01
265 7.005720e-01 4.384000e-03 2.950440e-01
266 6.997760e-01 4.412000e-03 2.958120e-01
267 6.990880e-01 4.312000e-03 2.966000e-01
268 6.983680e-01 4.276000e-03 2.973560e-01
269 6.977280e-01 4.184000e-03 2.980880e-01
270 6.969800e-01 4.172000e-03 2.988480e-01
271 6.961720e-01 4.204000e-03 2.996240e-01
272 6.954800e-01 4.136000e-03 3.003840e-01
273 6.947720e-01 4.140000e-03 3.010880e-01
274 6.941080e-01 4.040000e-03 3.018520e-01
275 6.934480e-01 4.020000e-03 3.025320e-01
276 6.927560e-01 4.076000e-03 3.031680e-01
277 6.920320e-01 4.100000e-03 3.038680e-01
278 6.913600e-01 4.132000e-03 3.045080e-01
279 6.906800e-01 4.104000e-03 3.052160e-01
280 6.899600e-01 4.168000e-03 3.058720e-01
281 6.892880e-01 4.056000e-03 3.066560e-01
282 6.886440e-01 4.012000e-03 3.073440e-01
283 6.879760e-01 4.008000e-03 3.080160e-01
284 6.873520e-01 3.880000e-03 3.087680e-01
285 6.866560e-01 3.916000e-03 3.094280e-01
286 6.859560e-01 3.916000e-03 3.101280e-01
287 6.853000e-01 3.912000e-03 3.107880e-01
288 6.846120e-01 3.944000e-03 3.114440e-01
289 6.840080e-01 3.820000e-03 3.121720e-01
290 6.832680e-01 3.928000e-03 3.128040e-01
291 6.824760e-01 3.996000e-03 3.135280e-01
292 6.818600e-01 3.932000e-03 3.142080e-01
293 6.811120e-01 4.044000e-03 3.148440e-01
294 6.804920e-01 3.992000e-03 3.155160e-01
295 6.798000e-01 3.932000e-03 3.162680e-01
296 6.790760e-01 4.048000e-03 3.168760e-01
297 6.783760e-01 4.036000e-03 3.175880e-01
298 6.777200e-01 3.984000e-03 3.182960e-01
299 6.770720e-01 3.948000e-03 3.189800e-01
300 6.763760e-01 3.880000e-03 3.197440e-01
301 6.756720e-01 3.936000e-03 3.203920e-01
302 6.748920e-01 4.032000e-03 3.210760e-01
303 6.742040e-01 3.988000e-03 3.218080e-01
304 6.734680e-01 3.964000e-03 3.225680e-01
305 6.726880e-01 4.032000e-03 3.232800e-01
306 6.719880e-01 3.924000e-03 3.240880e-01
307 6.712960e-01 3.880000e-03 3.248240e-01
308 6.704960e-01 4.044000e-03 3.254600e-01
309 6.697960e-01 4.032000e-03 3.261720e-01
310 6.690480e-01 4.128000e-03 3.268240e-01
311 6.683000e-01 4.172000e-03 3.275280e-01
312 6.675440e-01 4.236000e-03 3.282200e-01
313 6.668680e-01 4.268000e-03 3.288640e-01
314 6.660880e-01 4.268000e-03 3.296440e-01
315 6.654240e-01 4.220000e-03 3.303560e-01
316 6.648240e-01 4.012000e-03 3.311640e-01
317 6.641880e-01 3.924000e-03 3.318880e-01
318 6.635680e-01 3.804000e-03 3.326280e-01
319 6.628960e-01 3.868000e-03 3.332360e-01
320 6.623040e-01 3.780000e-03 3.339160e-01
321 6.617560e-01 3.684000e-03 3.345600e-01
322 6.610880e-01 3.676000e-03 3.352360e-01
323 6.604280e-01 3.640000e-03 3.359320e-01
324 6.598280e-01 3.540000e-03 3.366320e-01
325 6.592560e-01 3.516000e-03 3.372280e-01
326 6.586520e-01 3.460000e-03 3.378880e-01
327 6.579080e-01 3.568000e-03 3.385240e-01
328 6.572800e-01 3.560000e-03 3.391600e-01
329 6.566800e-01 3.520000e-03 3.398000e-01
330 6.560920e-01 3.528000e-03 3.403800e-01
331 6.554920e-01 3.512000e-03 3.409960e-01
332 6.549560e-01 3.432000e-03 3.416120e-01
333 6.543880e-01 3.412000e-03 3.422000e-01
334 6.539040e-01 3.304000e-03 3.427920e-01
335 6.534040e-01 3.156000e-03 3.434400e-01
336 6.528840e-01 3.048000e-03 3.440680e-01
337 6.524600e-01 3.020000e-03 3.445200e-01
338 6.519440e-01 3.020000e-03 3.450360e-01
339 6.515160e-01 2.956000e-03 3.455280e-01
340 6.511080e-01 2.872000e-03 3.460200e-01
341 6.506200e-01 2.916000e-03 3.464640e-01
342 6.501240e-01 2.876000e-03 3.470000e-01
343 6.497000e-01 2.776000e-03 3.475240e-01
344 6.492840e-01 2.660000e-03 3.480560e-01
345 6.488840e-01 2.644000e-03 3.484720e-01
346 6.485520e-01 2.452000e-03 3.489960e-01
347 6.480960e-01 2.476000e-03 3.494280e-01
348 6.476960e-01 2.376000e-03 3.499280e-01
349 6.473280e-01 2.380000e-03 3.502920e-01
350 6.469280e-01 2.300000e-03 3.507720e-01
351 6.465000e-01 2.296000e-03 3.512040e-01
352 6.460880e-01 2.268000e-03 3.516440e-01
353 6.457520e-01 2.268000e-03 3.519800e-01
354 6.453360e-01 2.328000e-03 3.523360e-01
355 6.449360e-01 2.324000e-03 3.527400e-01
356 6.444560e-01 2.396000e-03 3.531480e-01
357 6.439640e-01 2.528000e-03 3.535080e-01
358 6.435480e-01 2.528000e-03 3.539240e-01
359 6.431400e-01 2.444000e-03 3.544160e-01
360 6.427320e-01 2.464000e-03 3.548040e-01
361 6.424320e-01 2.328000e-03 3.552400e-01
362 6.421040e-01 2.280000e-03 3.556160e-01
363 6.417640e-01 2.244000e-03 3.559920e-01
364 6.413400e-01 2.244000e-03 3.564160e-01
365 6.409840e-01 2.252000e-03 3.567640e-01
366 6.405680e-01 2.372000e-03 3.570600e-01
367 6.401840e-01 2.400000e-03 3.574160e-01
368 6.398760e-01 2.236000e-03 3.578880e-01
369 6.395760e-01 2.140000e-03 3.582840e-01
370 6.392120e-01 2.120000e-03 3.586680e-01
371 6.388400e-01 2.044000e-03 3.591160e-01
372 6.384800e-01 2.068000e-03 3.594520e-01
373 6.381000e-01 2.080000e-03 3.598200e-01
374 6.377400e-01 2.100000e-03 3.601600e-01
375 6.373480e-01 2.088000e-03 3.605640e-01
376 6.369440e-01 2.184000e-03 3.608720e-01
377 6.365480e-01 2.236000e-03 3.612160e-01
378 6.361680e-01 2.188000e-03 3.616440e-01
379 6.358480e-01 2.200000e-03 3.619520e-01
380 6.355040e-01 2.108000e-03 3.623880e-01
381 6.350920e-01 2.088000e-03 3.628200e-01
382 6.347720e-01 1.992000e-03 3.632360e-01
383 6.344480e-01 1.864000e-03 3.636880e-01
384 6.341760e-01 1.820000e-03 3.640040e-01
385 6.338600e-01 1.896000e-03 3.642440e-01
386 6.335440e-01 1.916000e-03 3.645400e-01
387 6.332400e-01 1.904000e-03 3.648560e-01
388 6.329440e-01 1.896000e-03 3.651600e-01
389 6.326000e-01 1.900000e-03 3.655000e-01
390 6.322680e-01 1.912000e-03 3.658200e-01
391 6.318800e-01 2.024000e-03 3.660960e-01
392 6.315000e-01 2.036000e-03 3.664640e-01
393 6.310760e-01 2.180000e-03 3.667440e-01
394 6.306320e-01 2.244000e-03 3.671240e-01
395 6.301720e-01 2.340000e-03 3.674880e-01
396 6.297600e-01 2.376000e-03 3.678640e-01
397 6.292920e-01 2.428000e-03 3.682800e-01
398 6.288760e-01 2.408000e-03 3.687160e-01
399 6.284560e-01 2.428000e-03 3.691160e-01
400 6.279640e-01 2.460000e-03 3.695760e-01
401 6.276200e-01 2.436000e-03 3.699440e-01
402 6.272600e-01 2.344000e-03 3.703960e-01
403 6.268200e-01 2.412000e-03 3.707680e-01
404 6.264320e-01 2.336000e-03 3.712320e-01
405 6.260440e-01 2.252000e-03 3.717040e-01
406 6.256080e-01 2.248000e-03 3.721440e-01
407 6.251200e-01 2.296000e-03 3.725840e-01
408 6.246840e-01 2.284000e-03 3.730320e-01
409 6.243120e-01 2.304000e-03 3.733840e-01
410 6.239240e-01 2.312000e-03 3.737640e-01
411 6.234040e-01 2.444000e-03 3.741520e-01
412 6.230440e-01 2.380000e-03 3.745760e-01
413 6.226440e-01 2.396000e-03 3.749600e-01
414 6.222440e-01 2.296000e-03 3.754600e-01
415 6.218560e-01 2.308000e-03 3.758360e-01
416 6.215120e-01 2.312000e-03 3.761760e-01
417 6.211560e-01 2.196000e-03 3.766480e-01
418 6.208240e-01 2.156000e-03 3.770200e-01
419 6.205640e-01 2.028000e-03 3.774080e-01
420 6.201360e-01 2.140000e-03 3.777240e-01
421 6.198480e-01 2.044000e-03 3.781080e-01
422 6.195240e-01 2.028000e-03 3.784480e-01
423 6.192600e-01 1.944000e-03 3.787960e-01
424 6.190320e-01 1.840000e-03 3.791280e-01
425 6.186960e-01 1.860000e-03 3.794440e-01
426 6.183440e-01 1.864000e-03 3.797920e-01
427 6.180160e-01 1.900000e-03 3.800840e-01
428 6.177240e-01 1.848000e-03 3.804280e-01
429 6.174120e-01 1.740000e-03 3.808480e-01
430 6.171720e-01 1.732000e-03 3.810960e-01
431 6.169280e-01 1.680000e-03 3.813920e-01
432 6.166240e-01 1.676000e-03 3.817000e-01
433 6.163680e-01 1.688000e-03 3.819440e-01
434 6.161160e-01 1.640000e-03 3.822440e-01
435 6.158400e-01 1.612000e-03 3.825480e-01
436 6.155720e-01 1.620000e-03 3.828080e-01
437 6.153160e-01 1.636000e-03 3.830480e-01
438 6.150200e-01 1.636000e-03 3.833440e-01
439 6.147320e-01 1.620000e-03 3.836480e-01
440 6.145120e-01 1.604000e-03 3.838840e-01
441 6.142360e-01 1.612000e-03 3.841520e-01
442 6.139680e-01 1.600000e-03 3.844320e-01
443 6.136840e-01 1.576000e-03 3.847400e-01
444 6.133640e-01 1.644000e-03 3.849920e-01
445 6.131720e-01 1.588000e-03 3.852400e-01
446 6.129400e-01 1.512000e-03 3.855480e-01
447 6.127280e-01 1.460000e-03 3.858120e-01
448 6.125240e-01 1.444000e-03 3.860320e-01
449 6.122880e-01 1.388000e-03 3.863240e-01
450 6.120880e-01 1.348000e-03 3.865640e-01
451 6.118080e-01 1.416000e-03 3.867760e-01
452 6.116160e-01 1.348000e-03 3.870360e-01
453 6.114200e-01 1.304000e-03 3.872760e-01
454 6.112120e-01 1.288000e-03 3.875000e-01
455 6.110400e-01 1.276000e-03 3.876840e-01
456 6.108280e-01 1.236000e-03 3.879360e-01
457 6.106240e-01 1.248000e-03 3.881280e-01
458 6.103960e-01 1.300000e-03 3.883040e-01
459 6.102280e-01 1.248000e-03 3.885240e-01
460 6.099800e-01 1.328000e-03 3.886920e-01
461 6.098360e-01 1.240000e-03 3.889240e-01
462 6.096560e-01 1.212000e-03 3.891320e-01
463 6.095400e-01 1.084000e-03 3.893760e-01
464 6.093880e-01 1.028000e-03 3.895840e-01
465 6.092400e-01 9.880000e-04 3.897720e-01
466 6.090720e-01 1.012000e-03 3.899160e-01
467 6.089240e-01 1.020000e-03 3.900560e-01
468 6.087400e-01 1.076000e-03 3.901840e-01
469 6.085520e-01 1.044000e-03 3.904040e-01
470 6.083760e-01 1.052000e-03 3.905720e-01
471 6.081840e-01 1.056000e-03 3.907600e-01
472 6.080080e-01 1.040000e-03 3.909520e-01
473 6.078360e-01 1.068000e-03 3.910960e-01
474 6.076360e-01 1.104000e-03 3.912600e-01
475 6.074440e-01 1.124000e-03 3.914320e-01
476 6.072600e-01 1.128000e-03 3.916120e-01
477 6.070800e-01 1.132000e-03 3.917880e-01
478 6.068960e-01 1.144000e-03 3.919600e-01
479 6.066800e-01 1.192000e-03 3.921280e-01
480 6.064800e-01 1.176000e-03 3.923440e-01
481 6.062880e-01 1.156000e-03 3.925560e-01
482 6.060320e-01 1.200000e-03 3.927680e-01
483 6.058920e-01 1.156000e-03 3.929520e-01
484 6.057680e-01 1.080000e-03 3.931520e-01
485 6.056120e-01 1.008000e-03 3.933800e-01
486 6.054280e-01 1.068000e-03 3.935040e-01
487 6.052320e-01 1.024000e-03 3.937440e-01
488 6.050880e-01 9.880000e-04 3.939240e-01
489 6.048640e-01 1.044000e-03 3.940920e-01
490 6.046840e-01 1.020000e-03 3.942960e-01
491 6.044800e-01 1.072000e-03 3.944480e-01
492 6.042560e-01 1.116000e-03 3.946280e-01
493 6.040800e-01 1.072000e-03 3.948480e-01
494 6.039320e-01 1.032000e-03 3.950360e-01
495 6.037520e-01 1.024000e-03 3.952240e-01
496 6.035960e-01 9.840000e-04 3.954200e-01
497 6.034840e-01 9.080000e-04 3.956080e-01
498 6.033280e-01 9.240000e-04 3.957480e-01
499 6.032080e-01 8.640000e-04 3.959280e-01
500 6.030360e-01 8.520000e-04 3.961120e-01
