1 9.992200e-01 7.080000e-04 7.200000e-05
2 9.987600e-01 9.880000e-04 2.520000e-04
3 9.980920e-01 1.412000e-03 4.960000e-04
4 9.973600e-01 1.868000e-03 7.720000e-04
5 9.964800e-01 2.384000e-03 1.136000e-03
6 9.956840e-01 2.704000e-03 1.612000e-03
7 9.946880e-01 3.172000e-03 2.140000e-03
8 9.938240e-01 3.404000e-03 2.772000e-03
9 9.927040e-01 4.040000e-03 3.256000e-03
10 9.915000e-01 4.532000e-03 3.968000e-03
11 9.904000e-01 4.700000e-03 4.900000e-03
12 9.891720e-01 5.040000e-03 5.788000e-03
13 9.879720e-01 5.416000e-03 6.612000e-03
14 9.866200e-01 5.664000e-03 7.716000e-03
15 9.853520e-01 5.944000e-03 8.704000e-03
16 9.839960e-01 6.236000e-03 9.768000e-03
17 9.824200e-01 6.736000e-03 1.084400e-02
18 9.809480e-01 7.020000e-03 1.203200e-02
19 9.795880e-01 7.040000e-03 1.337200e-02
20 9.781760e-01 7.252000e-03 1.457200e-02
21 9.768800e-01 7.324000e-03 1.579600e-02
22 9.753960e-01 7.460000e-03 1.714400e-02
23 9.737560e-01 7.816000e-03 1.842800e-02
24 9.721480e-01 8.020000e-03 1.983200e-02
25 9.704600e-01 8.328000e-03 2.121200e-02
26 9.688520e-01 8.396000e-03 2.275200e-02
27 9.671640e-01 8.564000e-03 2.427200e-02
28 9.654000e-01 8.700000e-03 2.590000e-02
29 9.636720e-01 9.072000e-03 2.725600e-02
30 9.619360e-01 9.164000e-03 2.890000e-02
31 9.602120e-01 9.184000e-03 3.060400e-02
32 9.587120e-01 9.084000e-03 3.220400e-02
33 9.569720e-01 9.128000e-03 3.390000e-02
34 9.554080e-01 9.144000e-03 3.544800e-02
35 9.536600e-01 9.236000e-03 3.710400e-02
36 9.520400e-01 9.196000e-03 3.876400e-02
37 9.502720e-01 9.432000e-03 4.029600e-02
38 9.485600e-01 9.408000e-03 4.203200e-02
39 9.468320e-01 9.488000e-03 4.368000e-02
40 9.450760e-01 9.476000e-03 4.544800e-02
41 9.433600e-01 9.572000e-03 4.706800e-02
42 9.416320e-01 9.568000e-03 4.880000e-02
43 9.399880e-01 9.592000e-03 5.042000e-02
44 9.381440e-01 9.788000e-03 5.206800e-02
45 9.361680e-01 1.000400e-02 5.382800e-02
46 9.341120e-01 1.020400e-02 5.568400e-02
47 9.321200e-01 1.046000e-02 5.742000e-02
48 9.299640e-01 1.082400e-02 5.921200e-02
49 9.279720e-01 1.099200e-02 6.103600e-02
50 9.259720e-01 1.110800e-02 6.292000e-02
51 9.237960e-01 1.122800e-02 6.497600e-02
52 9.216680e-01 1.142400e-02 6.690800e-02
53 9.194600e-01 1.162000e-02 6.892000e-02
54 9.171760e-01 1.177600e-02 7.104800e-02
55 9.147560e-01 1.215200e-02 7.309200e-02
56 9.126000e-01 1.227200e-02 7.512800e-02
57 9.104440e-01 1.227200e-02 7.728400e-02
58 9.082520e-01 1.230400e-02 7.944400e-02
59 9.062120e-01 1.212400e-02 8.166400e-02
60 9.040800e-01 1.220400e-02 8.371600e-02
61 9.018560e-01 1.229200e-02 8.585200e-02
62 8.997120e-01 1.233600e-02 8.795200e-02
63 8.976640e-01 1.211200e-02 9.022400e-02
64 8.954080e-01 1.215600e-02 9.243600e-02
65 8.932400e-01 1.204000e-02 9.472000e-02
66 8.911640e-01 1.203200e-02 9.680400e-02
67 8.891720e-01 1.194800e-02 9.888000e-02
68 8.869600e-01 1.224800e-02 1.007920e-01
69 8.846520e-01 1.237200e-02 1.029760e-01
70 8.825080e-01 1.232400e-02 1.051680e-01
71 8.805280e-01 1.206800e-02 1.074040e-01
72 8.784920e-01 1.194400e-02 1.095640e-01
73 8.764720e-01 1.197600e-02 1.115520e-01
74 8.742600e-01 1.207600e-02 1.136640e-01
75 8.722360e-01 1.205600e-02 1.157080e-01
76 8.702680e-01 1.185200e-02 1.178800e-01
77 8.682520e-01 1.168000e-02 1.200680e-01
78 8.663360e-01 1.164000e-02 1.220240e-01
79 8.642240e-01 1.170000e-02 1.240760e-01
80 8.622600e-01 1.165200e-02 1.260880e-01
81 8.602880e-01 1.150000e-02 1.282120e-01
82 8.582280e-01 1.146800e-02 1.303040e-01
83 8.562280e-01 1.140800e-02 1.323640e-01
84 8.544840e-01 1.120400e-02 1.343120e-01
85 8.526200e-01 1.130000e-02 1.360800e-01
86 8.506680e-01 1.128800e-02 1.380440e-01
87 8.487000e-01 1.121200e-02 1.400880e-01
88 8.468680e-01 1.102000e-02 1.421120e-01
89 8.448280e-01 1.112000e-02 1.440520e-01
90 8.428600e-01 1.108400e-02 1.460560e-01
91 8.409120e-01 1.114000e-02 1.479480e-01
92 8.389400e-01 1.124800e-02 1.498120e-01
93 8.370080e-01 1.121200e-02 1.517800e-01
94 8.350960e-01 1.123600e-02 1.536680e-01
95 8.332640e-01 1.112400e-02 1.556120e-01
96 8.313640e-01 1.117200e-02 1.574640e-01
97 8.296280e-01 1.093200e-02 1.594400e-01
98 8.277320e-01 1.098000e-02 1.612880e-01
99 8.260040e-01 1.082800e-02 1.631680e-01
100 8.242080e-01 1.083200e-02 1.649600e-01
101 8.225280e-01 1.040000e-02 1.670720e-01
102 8.208320e-01 1.017200e-02 1.689960e-01
103 8.192920e-01 9.884000e-03 1.708240e-01
104 8.175120e-01 9.920000e-03 1.725680e-01
105 8.157560e-01 9.952000e-03 1.742920e-01
106 8.141720e-01 9.860000e-03 1.759680e-01
107 8.124480e-01 9.976000e-03 1.775760e-01
108 8.107160e-01 9.980000e-03 1.793040e-01
109 8.088760e-01 1.002000e-02 1.811040e-01
110 8.069440e-01 1.019200e-02 1.828640e-01
111 8.049600e-01 1.028400e-02 1.847560e-01
112 8.032280e-01 1.028800e-02 1.864840e-01
113 8.014200e-01 1.032400e-02 1.882560e-01
114 7.996360e-01 1.031600e-02 1.900480e-01
115 7.977800e-01 1.028000e-02 1.919400e-01
116 7.958320e-01 1.034000e-02 1.938280e-01
117 7.940760e-01 1.038400e-02 1.955400e-01
118 7.924960e-01 1.009600e-02 1.974080e-01
119 7.908880e-01 9.900000e-03 1.992120e-01
120 7.893480e-01 9.624000e-03 2.010280e-01
121 7.877920e-01 9.596000e-03 2.026120e-01
122 7.863360e-01 9.404000e-03 2.042600e-01
123 7.847120e-01 9.376000e-03 2.059120e-01
124 7.830520e-01 9.296000e-03 2.076520e-01
125 7.812840e-01 9.340000e-03 2.093760e-01
126 7.797440e-01 9.232000e-03 2.110240e-01
127 7.781440e-01 9.260000e-03 2.125960e-01
128 7.765000e-01 9.136000e-03 2.143640e-01
129 7.749200e-01 9.132000e-03 2.159480e-01
130 7.733200e-01 9.156000e-03 2.175240e-01
131 7.717600e-01 9.184000e-03 2.190560e-01
132 7.701120e-01 9.200000e-03 2.206880e-01
133 7.684920e-01 9.148000e-03 2.223600e-01
134 7.667440e-01 9.352000e-03 2.239040e-01
135 7.651360e-01 9.300000e-03 2.255640e-01
136 7.634600e-01 9.400000e-03 2.271400e-01
137 7.617640e-01 9.500000e-03 2.287360e-01
138 7.601720e-01 9.548000e-03 2.302800e-01
139 7.585080e-01 9.596000e-03 2.318960e-01
140 7.570120e-01 9.452000e-03 2.335360e-01
141 7.555480e-01 9.304000e-03 2.351480e-01
142 7.539440e-01 9.276000e-03 2.367800e-01
143 7.524640e-01 9.128000e-03 2.384080e-01
144 7.510840e-01 8.920000e-03 2.399960e-01
145 7.496240e-01 8.896000e-03 2.414800e-01
146 7.481440e-01 8.956000e-03 2.429000e-01
147 7.465080e-01 8.940000e-03 2.445520e-01
148 7.448320e-01 9.076000e-03 2.460920e-01
149 7.433360e-01 8.900000e-03 2.477640e-01
150 7.419960e-01 8.824000e-03 2.491800e-01
151 7.405120e-01 8.768000e-03 2.507200e-01
152 7.390720e-01 8.612000e-03 2.523160e-01
153 7.374720e-01 8.744000e-03 2.537840e-01
154 7.359680e-01 8.748000e-03 2.552840e-01
155 7.345400e-01 8.592000e-03 2.568680e-01
156 7.331560e-01 8.568000e-03 2.582760e-01
157 7.318080e-01 8.264000e-03 2.599280e-01
158 7.305720e-01 8.052000e-03 2.613760e-01
159 7.292520e-01 7.968000e-03 2.627800e-01
160 7.280240e-01 7.716000e-03 2.642600e-01
161 7.266760e-01 7.800000e-03 2.655240e-01
162 7.253720e-01 7.696000e-03 2.669320e-01
163 7.241240e-01 7.680000e-03 2.681960e-01
164 7.229080e-01 7.668000e-03 2.694240e-01
165 7.215480e-01 7.660000e-03 2.707920e-01
166 7.202440e-01 7.660000e-03 2.720960e-01
167 7.189920e-01 7.548000e-03 2.734600e-01
168 7.176240e-01 7.596000e-03 2.747800e-01
169 7.164920e-01 7.512000e-03 2.759960e-01
170 7.152400e-01 7.448000e-03 2.773120e-01
171 7.139160e-01 7.396000e-03 2.786880e-01
172 7.126760e-01 7.324000e-03 2.800000e-01
173 7.114560e-01 7.352000e-03 2.811920e-01
174 7.102600e-01 7.328000e-03 2.824120e-01
175 7.091040e-01 7.124000e-03 2.837720e-01
176 7.079600e-01 6.996000e-03 2.850440e-01
177 7.067840e-01 7.044000e-03 2.861720e-01
178 7.055680e-01 7.060000e-03 2.873720e-01
179 7.043280e-01 7.104000e-03 2.885680e-01
180 7.030520e-01 7.212000e-03 2.897360e-01
181 7.018200e-01 7.188000e-03 2.909920e-01
182 7.006880e-01 6.904000e-03 2.924080e-01
183 6.995400e-01 6.876000e-03 2.935840e-01
184 6.985560e-01 6.540000e-03 2.949040e-01
185 6.976120e-01 6.420000e-03 2.959680e-01
186 6.966040e-01 6.332000e-03 2.970640e-01
187 6.955760e-01 6.368000e-03 2.980560e-01
188 6.945120e-01 6.304000e-03 2.991840e-01
189 6.934960e-01 6.256000e-03 3.002480e-01
190 6.925440e-01 6.284000e-03 3.011720e-01
191 6.915400e-01 6.228000e-03 3.022320e-01
192 6.904480e-01 6.336000e-03 3.032160e-01
193 6.893920e-01 6.268000e-03 3.043400e-01
194 6.882920e-01 6.200000e-03 3.055080e-01
195 6.872960e-01 6.028000e-03 3.066760e-01
196 6.861600e-01 6.124000e-03 3.077160e-01
197 6.851120e-01 6.156000e-03 3.087320e-01
198 6.840680e-01 6.204000e-03 3.097280e-01
199 6.830240e-01 6.144000e-03 3.108320e-01
200 6.818200e-01 6.264000e-03 3.119160e-01
201 6.807560e-01 6.164000e-03 3.130800e-01
202 6.796720e-01 6.260000e-03 3.140680e-01
203 6.785160e-01 6.280000e-03 3.152040e-01
204 6.774480e-01 6.228000e-03 3.163240e-01
205 6.763920e-01 6.152000e-03 3.174560e-01
206 6.754040e-01 6.188000e-03 3.184080e-01
207 6.742120e-01 6.316000e-03 3.194720e-01
208 6.731080e-01 6.308000e-03 3.205840e-01
209 6.719320e-01 6.404000e-03 3.216640e-01
210 6.708440e-01 6.308000e-03 3.228480e-01
211 6.697880e-01 6.340000e-03 3.238720e-01
212 6.687600e-01 6.296000e-03 3.249440e-01
213 6.676160e-01 6.352000e-03 3.260320e-01
214 6.664920e-01 6.344000e-03 3.271640e-01
215 6.654400e-01 6.276000e-03 3.282840e-01
216 6.644160e-01 6.216000e-03 3.293680e-01
217 6.634040e-01 6.060000e-03 3.305360e-01
218 6.623480e-01 6.168000e-03 3.314840e-01
219 6.612840e-01 6.084000e-03 3.326320e-01
220 6.602680e-01 6.008000e-03 3.337240e-01
221 6.592840e-01 6.108000e-03 3.346080e-01
222 6.583360e-01 6.032000e-03 3.356320e-01
223 6.574120e-01 5.884000e-03 3.367040e-01
224 6.564320e-01 5.844000e-03 3.377240e-01
225 6.555920e-01 5.792000e-03 3.386160e-01
226 6.546880e-01 5.632000e-03 3.396800e-01
227 6.538520e-01 5.440000e-03 3.407080e-01
228 6.530480e-01 5.292000e-03 3.416600e-01
229 6.521080e-01 5.292000e-03 3.426000e-01
230 6.512680e-01 5.264000e-03 3.434680e-01
231 6.505320e-01 5.108000e-03 3.443600e-01
232 6.497640e-01 5.048000e-03 3.451880e-01
233 6.490040e-01 4.896000e-03 3.461000e-01
234 6.481400e-01 4.868000e-03 3.469920e-01
235 6.473000e-01 4.932000e-03 3.477680e-01
236 6.465960e-01 4.804000e-03 3.486000e-01
237 6.458080e-01 4.732000e-03 3.494600e-01
238 6.451080e-01 4.564000e-03 3.503280e-01
239 6.444400e-01 4.412000e-03 3.511480e-01
240 6.437240e-01 4.392000e-03 3.518840e-01
241 6.431120e-01 4.224000e-03 3.526640e-01
242 6.424840e-01 4.108000e-03 3.534080e-01
243 6.418520e-01 4.060000e-03 3.540880e-01
244 6.412280e-01 4.020000e-03 3.547520e-01
245 6.406040e-01 3.908000e-03 3.554880e-01
246 6.400040e-01 3.860000e-03 3.561360e-01
247 6.394120e-01 3.684000e-03 3.569040e-01
248 6.387960e-01 3.712000e-03 3.574920e-01
249 6.381320e-01 3.704000e-03 3.581640e-01
250 6.374000e-01 3.764000e-03 3.588360e-01
251 6.367760e-01 3.784000e-03 3.594400e-01
252 6.361120e-01 3.768000e-03 3.601200e-01
253 6.355200e-01 3.668000e-03 3.608120e-01
254 6.349560e-01 3.580000e-03 3.614640e-01
255 6.342640e-01 3.700000e-03 3.620360e-01
256 6.335640e-01 3.720000e-03 3.627160e-01
257 6.328680e-01 3.708000e-03 3.634240e-01
258 6.322120e-01 3.688000e-03 3.641000e-01
259 6.315920e-01 3.680000e-03 3.647280e-01
260 6.308440e-01 3.720000e-03 3.654360e-01
261 6.300960e-01 3.844000e-03 3.660600e-01
262 6.294160e-01 3.784000e-03 3.668000e-01
263 6.288760e-01 3.704000e-03 3.674200e-01
264 6.282360e-01 3.760000e-03 3.680040e-01
265 6.275200e-01 3.856000e-03 3.686240e-01
266 6.268480e-01 3.808000e-03 3.693440e-01
267 6.262520e-01 3.728000e-03 3.700200e-01
268 6.256080e-01 3.776000e-03 3.706160e-01
269 6.249360e-01 3.796000e-03 3.712680e-01
270 6.243560e-01 3.740000e-03 3.719040e-01
271 6.238080e-01 3.712000e-03 3.724800e-01
272 6.232920e-01 3.420000e-03 3.732880e-01
273 6.228040e-01 3.316000e-03 3.738800e-01
274 6.223440e-01 3.184000e-03 3.744720e-01
275 6.218800e-01 3.052000e-03 3.750680e-01
276 6.213680e-01 2.956000e-03 3.756760e-01
277 6.208800e-01 2.952000e-03 3.761680e-01
278 6.203160e-01 2.988000e-03 3.766960e-01
279 6.197960e-01 2.968000e-03 3.772360e-01
280 6.192320e-01 2.912000e-03 3.778560e-01
281 6.188440e-01 2.732000e-03 3.784240e-01
282 6.184400e-01 2.560000e-03 3.790000e-01
283 6.180240e-01 2.500000e-03 3.794760e-01
284 6.175720e-01 2.516000e-03 3.799120e-01
285 6.172160e-01 2.424000e-03 3.803600e-01
286 6.167160e-01 2.564000e-03 3.807200e-01
287 6.162040e-01 2.620000e-03 3.811760e-01
288 6.157680e-01 2.608000e-03 3.816240e-01
289 6.153400e-01 2.604000e-03 3.820560e-01
290 6.149280e-01 2.528000e-03 3.825440e-01
291 6.144960e-01 2.532000e-03 3.829720e-01
292 6.140320e-01 2.584000e-03 3.833840e-01
293 6.136160e-01 2.544000e-03 3.838400e-01
294 6.132440e-01 2.556000e-03 3.842000e-01
295 6.127720e-01 2.604000e-03 3.846240e-01
296 6.123080e-01 2.644000e-03 3.850480e-01
297 6.118320e-01 2.648000e-03 3.855200e-01
298 6.113640e-01 2.660000e-03 3.859760e-01
299 6.108920e-01 2.720000e-03 3.863880e-01
300 6.103640e-01 2.776000e-03 3.868600e-01
301 6.098800e-01 2.792000e-03 3.873280e-01
302 6.094840e-01 2.712000e-03 3.878040e-01
303 6.090720e-01 2.688000e-03 3.882400e-01
304 6.086680e-01 2.648000e-03 3.886840e-01
305 6.082480e-01 2.632000e-03 3.891200e-01
306 6.078080e-01 2.532000e-03 3.896600e-01
307 6.073760e-01 2.568000e-03 3.900560e-01
308 6.070200e-01 2.444000e-03 3.905360e-01
309 6.067400e-01 2.356000e-03 3.909040e-01
310 6.064240e-01 2.224000e-03 3.913520e-01
311 6.061040e-01 2.200000e-03 3.916960e-01
312 6.057640e-01 2.128000e-03 3.921080e-01
313 6.053480e-01 2.172000e-03 3.924800e-01
314 6.049800e-01 2.220000e-03 3.928000e-01
315 6.045160e-01 2.308000e-03 3.931760e-01
316 6.041040e-01 2.340000e-03 3.935560e-01
317 6.037400e-01 2.352000e-03 3.939080e-01
318 6.033720e-01 2.324000e-03 3.943040e-01
319 6.030720e-01 2.168000e-03 3.947600e-01
320 6.026560e-01 2.264000e-03 3.950800e-01
321 6.023160e-01 2.200000e-03 3.954840e-01
322 6.019120e-01 2.292000e-03 3.957960e-01
323 6.014480e-01 2.296000e-03 3.962560e-01
324 6.011240e-01 2.244000e-03 3.966320e-01
325 6.007360e-01 2.228000e-03 3.970360e-01
326 6.004200e-01 2.148000e-03 3.974320e-01
327 6.000880e-01 2.100000e-03 3.978120e-01
328 5.996920e-01 2.104000e-03 3.982040e-01
329 5.993680e-01 2.096000e-03 3.985360e-01
330 5.989800e-01 2.100000e-03 3.989200e-01
331 5.986320e-01 2.056000e-03 3.993120e-01
332 5.982760e-01 2.048000e-03 3.996760e-01
333 5.978600e-01 2.148000e-03 3.999920e-01
334 5.974720e-01 2.188000e-03 4.003400e-01
335 5.971240e-01 2.172000e-03 4.007040e-01
336 5.967880e-01 2.124000e-03 4.010880e-01
337 5.964480e-01 2.112000e-03 4.014400e-01
338 5.960840e-01 2.096000e-03 4.018200e-01
339 5.957720e-01 1.996000e-03 4.022320e-01
340 5.954720e-01 1.976000e-03 4.025520e-01
341 5.950880e-01 1.940000e-03 4.029720e-01
342 5.946960e-01 2.008000e-03 4.032960e-01
343 5.944320e-01 1.972000e-03 4.035960e-01
344 5.941640e-01 1.912000e-03 4.039240e-01
345 5.938120e-01 1.976000e-03 4.042120e-01
346 5.935400e-01 1.884000e-03 4.045760e-01
347 5.932600e-01 1.792000e-03 4.049480e-01
348 5.929320e-01 1.808000e-03 4.052600e-01
349 5.926080e-01 1.768000e-03 4.056240e-01
350 5.923200e-01 1.720000e-03 4.059600e-01
351 5.920520e-01 1.668000e-03 4.062800e-01
352 5.917440e-01 1.664000e-03 4.065920e-01
353 5.914960e-01 1.628000e-03 4.068760e-01
354 5.912280e-01 1.648000e-03 4.071240e-01
355 5.909440e-01 1.656000e-03 4.074000e-01
356 5.906800e-01 1.584000e-03 4.077360e-01
357 5.903800e-01 1.588000e-03 4.080320e-01
358 5.901080e-01 1.608000e-03 4.082840e-01
359 5.898360e-01 1.624000e-03 4.085400e-01
360 5.895720e-01 1.572000e-03 4.088560e-01
361 5.893280e-01 1.560000e-03 4.091120e-01
362 5.891080e-01 1.520000e-03 4.093720e-01
363 5.889120e-01 1.424000e-03 4.096640e-01
364 5.886920e-01 1.396000e-03 4.099120e-01
365 5.884880e-01 1.344000e-03 4.101680e-01
366 5.882800e-01 1.364000e-03 4.103560e-01
367 5.880440e-01 1.328000e-03 4.106280e-01
368 5.878040e-01 1.276000e-03 4.109200e-01
369 5.876400e-01 1.232000e-03 4.111280e-01
370 5.874400e-01 1.208000e-03 4.113520e-01
371 5.872720e-01 1.224000e-03 4.115040e-01
372 5.871000e-01 1.140000e-03 4.117600e-01
373 5.869040e-01 1.160000e-03 4.119360e-01
374 5.867520e-01 1.112000e-03 4.121360e-01
375 5.865720e-01 1.092000e-03 4.123360e-01
376 5.863600e-01 1.096000e-03 4.125440e-01
377 5.861680e-01 1.044000e-03 4.127880e-01
378 5.860200e-01 9.840000e-04 4.129960e-01
379 5.858600e-01 9.720000e-04 4.131680e-01
380 5.857120e-01 9.440000e-04 4.133440e-01
381 5.855840e-01 9.000000e-04 4.135160e-01
382 5.854560e-01 8.320000e-04 4.137120e-01
383 5.853280e-01 8.400000e-04 4.138320e-01
384 5.852160e-01 8.160000e-04 4.139680e-01
385 5.851120e-01 7.920000e-04 4.140960e-01
386 5.849720e-01 8.000000e-04 4.142280e-01
387 5.849120e-01 7.360000e-04 4.143520e-01
388 5.847840e-01 7.440000e-04 4.144720e-01
389 5.846760e-01 7.000000e-04 4.146240e-01
390 5.845520e-01 7.240000e-04 4.147240e-01
391 5.844240e-01 7.040000e-04 4.148720e-01
392 5.842720e-01 7.440000e-04 4.149840e-01
393 5.841680e-01 7.120000e-04 4.151200e-01
394 5.840720e-01 6.680000e-04 4.152600e-01
395 5.839560e-01 6.880000e-04 4.153560e-01
396 5.838720e-01 6.640000e-04 4.154640e-01
397 5.837760e-01 6.120000e-04 4.156120e-01
398 5.836640e-01 6.360000e-04 4.157000e-01
399 5.835720e-01 6.280000e-04 4.158000e-01
400 5.834440e-01 6.320000e-04 4.159240e-01
401 5.833240e-01 6.360000e-04 4.160400e-01
402 5.831960e-01 6.600000e-04 4.161440e-01
403 5.830440e-01 6.840000e-04 4.162720e-01
404 5.829000e-01 7.000000e-04 4.164000e-01
405 5.827240e-01 7.040000e-04 4.165720e-01
406 5.825800e-01 7.200000e-04 4.167000e-01
407 5.824200e-01 7.560000e-04 4.168240e-01
408 5.822920e-01 7.840000e-04 4.169240e-01
409 5.821680e-01 7.520000e-04 4.170800e-01
410 5.820520e-01 7.080000e-04 4.172400e-01
411 5.819440e-01 7.320000e-04 4.173240e-01
412 5.818480e-01 6.880000e-04 4.174640e-01
413 5.817280e-01 6.880000e-04 4.175840e-01
414 5.816240e-01 6.720000e-04 4.177040e-01
415 5.815120e-01 6.440000e-04 4.178440e-01
416 5.814560e-01 5.720000e-04 4.179720e-01
417 5.813680e-01 5.760000e-04 4.180560e-01
418 5.812880e-01 5.120000e-04 4.182000e-01
419 5.812160e-01 4.720000e-04 4.183120e-01
420 5.811480e-01 4.400000e-04 4.184120e-01
421 5.810840e-01 3.960000e-04 4.185200e-01
422 5.810240e-01 3.800000e-04 4.185960e-01
423 5.809760e-01 3.760000e-04 4.186480e-01
424 5.809200e-01 3.680000e-04 4.187120e-01
425 5.808440e-01 3.920000e-04 4.187640e-01
426 5.808080e-01 3.720000e-04 4.188200e-01
427 5.807360e-01 3.520000e-04 4.189120e-01
428 5.806440e-01 3.960000e-04 4.189600e-01
429 5.805680e-01 4.120000e-04 4.190200e-01
430 5.805240e-01 3.520000e-04 4.191240e-01
431 5.804640e-01 3.480000e-04 4.191880e-01
432 5.804160e-01 3.200000e-04 4.192640e-01
433 5.803560e-01 3.200000e-04 4.193240e-01
434 5.802720e-01 3.440000e-04 4.193840e-01
435 5.801880e-01 3.440000e-04 4.194680e-01
436 5.800960e-01 3.920000e-04 4.195120e-01
437 5.799800e-01 4.360000e-04 4.195840e-01
438 5.799080e-01 4.360000e-04 4.196560e-01
439 5.798160e-01 4.520000e-04 4.197320e-01
440 5.797600e-01 4.480000e-04 4.197920e-01
441 5.797120e-01 4.160000e-04 4.198720e-01
442 5.796600e-01 3.800000e-04 4.199600e-01
443 5.795960e-01 3.880000e-04 4.200160e-01
444 5.795240e-01 3.760000e-04 4.201000e-01
445 5.794520e-01 3.520000e-04 4.201960e-01
446 5.794160e-01 3.240000e-04 4.202600e-01
447 5.793720e-01 3.080000e-04 4.203200e-01
448 5.793320e-01 3.160000e-04 4.203520e-01
449 5.792600e-01 3.360000e-04 4.204040e-01
450 5.791760e-01 3.600000e-04 4.204640e-01
451 5.790960e-01 3.640000e-04 4.205400e-01
452 5.789840e-01 4.120000e-04 4.206040e-01
453 5.789160e-01 4.080000e-04 4.206760e-01
454 5.788400e-01 4.320000e-04 4.207280e-01
455 5.787720e-01 4.400000e-04 4.207880e-01
456 5.787080e-01 4.360000e-04 4.208560e-01
457 5.786280e-01 4.440000e-04 4.209280e-01
458 5.785800e-01 4.040000e-04 4.210160e-01
459 5.785360e-01 3.800000e-04 4.210840e-01
460 5.784680e-01 3.920000e-04 4.211400e-01
461 5.784000e-01 3.840000e-04 4.212160e-01
462 5.783640e-01 3.800000e-04 4.212560e-01
463 5.783240e-01 3.600000e-04 4.213160e-01
464 5.782880e-01 3.200000e-04 4.213920e-01
465 5.782240e-01 3.160000e-04 4.214600e-01
466 5.781840e-01 3.000000e-04 4.215160e-01
467 5.781040e-01 3.000000e-04 4.215960e-01
468 5.780400e-01 3.240000e-04 4.216360e-01
469 5.779800e-01 3.080000e-04 4.217120e-01
470 5.779160e-01 3.080000e-04 4.217760e-01
471 5.778640e-01 2.880000e-04 4.218480e-01
472 5.778080e-01 3.000000e-04 4.218920e-01
473 5.777440e-01 3.040000e-04 4.219520e-01
474 5.776920e-01 2.920000e-04 4.220160e-01
475 5.776520e-01 2.920000e-04 4.220560e-01
476 5.775920e-01 3.040000e-04 4.221040e-01
477 5.775360e-01 3.080000e-04 4.221560e-01
478 5.775080e-01 2.760000e-04 4.222160e-01
479 5.774400e-01 2.880000e-04 4.222720e-01
480 5.773880e-01 2.840000e-04 4.223280e-01
481 5.773440e-01 3.040000e-04 4.223520e-01
482 5.772840e-01 3.160000e-04 4.224000e-01
483 5.772400e-01 3.240000e-04 4.224360e-01
484 5.771960e-01 3.160000e-04 4.224880e-01
485 5.771600e-01 3.040000e-04 4.225360e-01
486 5.771080e-01 3.040000e-04 4.225880e-01
487 5.770600e-01 2.920000e-04 4.226480e-01
488 5.770160e-01 2.800000e-04 4.227040e-01
489 5.769280e-01 3.160000e-04 4.227560e-01
490 5.768840e-01 3.160000e-04 4.228000e-01
491 5.768280e-01 3.000000e-04 4.228720e-01
492 5.767720e-01 2.960000e-04 4.229320e-01
493 5.767360e-01 2.680000e-04 4.229960e-01
494 5.766840e-01 2.840000e-04 4.230320e-01
495 5.766200e-01 2.960000e-04 4.230840e-01
496 5.765920e-01 2.840000e-04 4.231240e-01
497 5.765560e-01 2.960000e-04 4.231480e-01
498 5.765080e-01 3.040000e-04 4.231880e-01
499 5.764680e-01 2.880000e-04 4.232440e-01
500 5.764040e-01 3.080000e-04 4.232880e-01
