1 9.991280e-01 7.640000e-04 1.080000e-04
2 9.986240e-01 1.096000e-03 2.800000e-04
3 9.979600e-01 1.572000e-03 4.680000e-04
4 9.972400e-01 1.988000e-03 7.720000e-04
5 9.965160e-01 2.296000e-03 1.188000e-03
6 9.957400e-01 2.604000e-03 1.656000e-03
7 9.949040e-01 2.976000e-03 2.120000e-03
8 9.939840e-01 3.340000e-03 2.676000e-03
9 9.930560e-01 3.668000e-03 3.276000e-03
10 9.920680e-01 4.008000e-03 3.924000e-03
11 9.910720e-01 4.280000e-03 4.648000e-03
12 9.900360e-01 4.524000e-03 5.440000e-03
13 9.890280e-01 4.732000e-03 6.240000e-03
14 9.880040e-01 4.952000e-03 7.044000e-03
15 9.867880e-01 5.292000e-03 7.920000e-03
16 9.855920e-01 5.448000e-03 8.960000e-03
17 9.843240e-01 5.760000e-03 9.916000e-03
18 9.830600e-01 6.016000e-03 1.092400e-02
19 9.816840e-01 6.264000e-03 1.205200e-02
20 9.804040e-01 6.424000e-03 1.317200e-02
21 9.790520e-01 6.644000e-03 1.430400e-02
22 9.776960e-01 6.868000e-03 1.543600e-02
23 9.764200e-01 7.004000e-03 1.657600e-02
24 9.749480e-01 7.156000e-03 1.789600e-02
25 9.735280e-01 7.244000e-03 1.922800e-02
26 9.722120e-01 7.288000e-03 2.050000e-02
27 9.707040e-01 7.572000e-03 2.172400e-02
28 9.693240e-01 7.548000e-03 2.312800e-02
29 9.677320e-01 7.836000e-03 2.443200e-02
30 9.662640e-01 7.988000e-03 2.574800e-02
31 9.647480e-01 8.088000e-03 2.716400e-02
32 9.631400e-01 8.240000e-03 2.862000e-02
33 9.616840e-01 8.224000e-03 3.009200e-02
34 9.601080e-01 8.308000e-03 3.158400e-02
35 9.585920e-01 8.300000e-03 3.310800e-02
36 9.570800e-01 8.444000e-03 3.447600e-02
37 9.553840e-01 8.668000e-03 3.594800e-02
38 9.536520e-01 8.920000e-03 3.742800e-02
39 9.520080e-01 8.956000e-03 3.903600e-02
40 9.504880e-01 8.928000e-03 4.058400e-02
41 9.487720e-01 8.920000e-03 4.230800e-02
42 9.470400e-01 9.160000e-03 4.380000e-02
43 9.454400e-01 9.092000e-03 4.546800e-02
44 9.437480e-01 9.312000e-03 4.694000e-02
45 9.423320e-01 9.120000e-03 4.854800e-02
46 9.407840e-01 9.052000e-03 5.016400e-02
47 9.392400e-01 8.952000e-03 5.180800e-02
48 9.377840e-01 8.904000e-03 5.331200e-02
49 9.361680e-01 9.072000e-03 5.476000e-02
50 9.346400e-01 8.864000e-03 5.649600e-02
51 9.330800e-01 8.912000e-03 5.800800e-02
52 9.316240e-01 8.852000e-03 5.952400e-02
53 9.301080e-01 8.816000e-03 6.107600e-02
54 9.286160e-01 8.772000e-03 6.261200e-02
55 9.268720e-01 8.980000e-03 6.414800e-02
56 9.253440e-01 8.828000e-03 6.582800e-02
57 9.238200e-01 8.776000e-03 6.740400e-02
58 9.223760e-01 8.612000e-03 6.901200e-02
59 9.208800e-01 8.524000e-03 7.059600e-02
60 9.194040e-01 8.540000e-03 7.205600e-02
61 9.178680e-01 8.524000e-03 7.360800e-02
62 9.162280e-01 8.508000e-03 7.526400e-02
63 9.145360e-01 8.640000e-03 7.682400e-02
64 9.128560e-01 8.816000e-03 7.832800e-02
65 9.110840e-01 9.148000e-03 7.976800e-02
66 9.093760e-01 9.280000e-03 8.134400e-02
67 9.076880e-01 9.384000e-03 8.292800e-02
68 9.060560e-01 9.376000e-03 8.456800e-02
69 9.043960e-01 9.336000e-03 8.626800e-02
70 9.026920e-01 9.408000e-03 8.790000e-02
71 9.010920e-01 9.616000e-03 8.929200e-02
72 8.994440e-01 9.748000e-03 9.080800e-02
73 8.976840e-01 9.776000e-03 9.254000e-02
74 8.961200e-01 9.660000e-03 9.422000e-02
75 8.943280e-01 9.700000e-03 9.597200e-02
76 8.926360e-01 9.752000e-03 9.761200e-02
77 8.908560e-01 9.904000e-03 9.924000e-02
78 8.890080e-01 1.010400e-02 1.008880e-01
79 8.872640e-01 1.018800e-02 1.025480e-01
80 8.856600e-01 9.896000e-03 1.044440e-01
81 8.837680e-01 1.006800e-02 1.061640e-01
82 8.820520e-01 1.000400e-02 1.079440e-01
83 8.804480e-01 9.804000e-03 1.097480e-01
84 8.786880e-01 9.848000e-03 1.114640e-01
85 8.771800e-01 9.740000e-03 1.130800e-01
86 8.754800e-01 9.864000e-03 1.146560e-01
87 8.738680e-01 9.880000e-03 1.162520e-01
88 8.721880e-01 9.828000e-03 1.179840e-01
89 8.705440e-01 9.676000e-03 1.197800e-01
90 8.687440e-01 9.672000e-03 1.215840e-01
91 8.671720e-01 9.612000e-03 1.232160e-01
92 8.654480e-01 9.744000e-03 1.248080e-01
93 8.638160e-01 9.648000e-03 1.265360e-01
94 8.620320e-01 9.760000e-03 1.282080e-01
95 8.603880e-01 9.848000e-03 1.297640e-01
96 8.587360e-01 9.864000e-03 1.314000e-01
97 8.570040e-01 9.868000e-03 1.331280e-01
98 8.553440e-01 9.752000e-03 1.349040e-01
99 8.537000e-01 9.532000e-03 1.367680e-01
100 8.520960e-01 9.592000e-03 1.383120e-01
101 8.505640e-01 9.380000e-03 1.400560e-01
102 8.489680e-01 9.212000e-03 1.418200e-01
103 8.472920e-01 9.292000e-03 1.434160e-01
104 8.456480e-01 9.236000e-03 1.451160e-01
105 8.440600e-01 9.308000e-03 1.466320e-01
106 8.423200e-01 9.504000e-03 1.481760e-01
107 8.406320e-01 9.436000e-03 1.499320e-01
108 8.389240e-01 9.464000e-03 1.516120e-01
109 8.375240e-01 9.264000e-03 1.532120e-01
110 8.359280e-01 9.220000e-03 1.548520e-01
111 8.342600e-01 9.300000e-03 1.564400e-01
112 8.328440e-01 9.072000e-03 1.580840e-01
113 8.313600e-01 9.012000e-03 1.596280e-01
114 8.298920e-01 8.828000e-03 1.612800e-01
115 8.285160e-01 8.708000e-03 1.627760e-01
116 8.272120e-01 8.588000e-03 1.642000e-01
117 8.259960e-01 8.344000e-03 1.656600e-01
118 8.246440e-01 8.196000e-03 1.671600e-01
119 8.234200e-01 7.908000e-03 1.686720e-01
120 8.223640e-01 7.564000e-03 1.700720e-01
121 8.211280e-01 7.544000e-03 1.713280e-01
122 8.198280e-01 7.548000e-03 1.726240e-01
123 8.185200e-01 7.516000e-03 1.739640e-01
124 8.173120e-01 7.440000e-03 1.752480e-01
125 8.160320e-01 7.464000e-03 1.765040e-01
126 8.149320e-01 7.212000e-03 1.778560e-01
127 8.137120e-01 7.288000e-03 1.790000e-01
128 8.124400e-01 7.196000e-03 1.803640e-01
129 8.113160e-01 6.964000e-03 1.817200e-01
130 8.101880e-01 6.816000e-03 1.829960e-01
131 8.090120e-01 6.824000e-03 1.841640e-01
132 8.077760e-01 6.860000e-03 1.853640e-01
133 8.065960e-01 6.780000e-03 1.866240e-01
134 8.053440e-01 6.980000e-03 1.876760e-01
135 8.042080e-01 6.848000e-03 1.889440e-01
136 8.029320e-01 6.980000e-03 1.900880e-01
137 8.016840e-01 6.976000e-03 1.913400e-01
138 8.005200e-01 6.852000e-03 1.926280e-01
139 7.992480e-01 6.936000e-03 1.938160e-01
140 7.980480e-01 6.912000e-03 1.950400e-01
141 7.969480e-01 6.708000e-03 1.963440e-01
142 7.958320e-01 6.572000e-03 1.975960e-01
143 7.947440e-01 6.420000e-03 1.988360e-01
144 7.936320e-01 6.432000e-03 1.999360e-01
145 7.926280e-01 6.316000e-03 2.010560e-01
146 7.916280e-01 6.264000e-03 2.021080e-01
147 7.906560e-01 6.180000e-03 2.031640e-01
148 7.896160e-01 6.204000e-03 2.041800e-01
149 7.886400e-01 6.040000e-03 2.053200e-01
150 7.876240e-01 5.960000e-03 2.064160e-01
151 7.865480e-01 6.108000e-03 2.073440e-01
152 7.855920e-01 6.036000e-03 2.083720e-01
153 7.847240e-01 5.920000e-03 2.093560e-01
154 7.837440e-01 5.940000e-03 2.103160e-01
155 7.827960e-01 5.884000e-03 2.113200e-01
156 7.815640e-01 6.036000e-03 2.124000e-01
157 7.804200e-01 6.000000e-03 2.135800e-01
158 7.794360e-01 5.960000e-03 2.146040e-01
159 7.783880e-01 5.968000e-03 2.156440e-01
160 7.774520e-01 5.848000e-03 2.167000e-01
161 7.764360e-01 5.812000e-03 2.177520e-01
162 7.754680e-01 5.768000e-03 2.187640e-01
163 7.745240e-01 5.788000e-03 2.196880e-01
164 7.736280e-01 5.632000e-03 2.207400e-01
165 7.726240e-01 5.648000e-03 2.217280e-01
166 7.717560e-01 5.476000e-03 2.227680e-01
167 7.707880e-01 5.520000e-03 2.236920e-01
168 7.699240e-01 5.396000e-03 2.246800e-01
169 7.690520e-01 5.360000e-03 2.255880e-01
170 7.682200e-01 5.336000e-03 2.264440e-01
171 7.673360e-01 5.272000e-03 2.273920e-01
172 7.665880e-01 5.104000e-03 2.283080e-01
173 7.655680e-01 5.180000e-03 2.292520e-01
174 7.647880e-01 5.000000e-03 2.302120e-01
175 7.640440e-01 4.896000e-03 2.310600e-01
176 7.632240e-01 4.860000e-03 2.319160e-01
177 7.623440e-01 4.836000e-03 2.328200e-01
178 7.615160e-01 4.784000e-03 2.337000e-01
179 7.607480e-01 4.744000e-03 2.345080e-01
180 7.600720e-01 4.652000e-03 2.352760e-01
181 7.592800e-01 4.572000e-03 2.361480e-01
182 7.584920e-01 4.536000e-03 2.369720e-01
183 7.578200e-01 4.488000e-03 2.376920e-01
184 7.570600e-01 4.512000e-03 2.384280e-01
185 7.562480e-01 4.532000e-03 2.392200e-01
186 7.554960e-01 4.528000e-03 2.399760e-01
187 7.548640e-01 4.348000e-03 2.407880e-01
188 7.541080e-01 4.380000e-03 2.415120e-01
189 7.533200e-01 4.380000e-03 2.423000e-01
190 7.526040e-01 4.380000e-03 2.430160e-01
191 7.519520e-01 4.252000e-03 2.437960e-01
192 7.512720e-01 4.156000e-03 2.445720e-01
193 7.505360e-01 4.192000e-03 2.452720e-01
194 7.499160e-01 4.044000e-03 2.460400e-01
195 7.492840e-01 3.960000e-03 2.467560e-01
196 7.486360e-01 3.864000e-03 2.475000e-01
197 7.480080e-01 3.748000e-03 2.482440e-01
198 7.473920e-01 3.736000e-03 2.488720e-01
199 7.467960e-01 3.728000e-03 2.494760e-01
200 7.462280e-01 3.664000e-03 2.501080e-01
201 7.456240e-01 3.560000e-03 2.508160e-01
202 7.451440e-01 3.516000e-03 2.513400e-01
203 7.446320e-01 3.488000e-03 2.518800e-01
204 7.441840e-01 3.308000e-03 2.525080e-01
205 7.437160e-01 3.212000e-03 2.530720e-01
206 7.433240e-01 3.112000e-03 2.535640e-01
207 7.428400e-01 3.032000e-03 2.541280e-01
208 7.423640e-01 3.016000e-03 2.546200e-01
209 7.419360e-01 2.780000e-03 2.552840e-01
210 7.415040e-01 2.732000e-03 2.557640e-01
211 7.411880e-01 2.592000e-03 2.562200e-01
212 7.408520e-01 2.456000e-03 2.566920e-01
213 7.404800e-01 2.436000e-03 2.570840e-01
214 7.400880e-01 2.400000e-03 2.575120e-01
215 7.397680e-01 2.312000e-03 2.579200e-01
216 7.394800e-01 2.188000e-03 2.583320e-01
217 7.391680e-01 2.080000e-03 2.587520e-01
218 7.388360e-01 2.064000e-03 2.591000e-01
219 7.385320e-01 1.996000e-03 2.594720e-01
220 7.381000e-01 2.088000e-03 2.598120e-01
221 7.377760e-01 2.064000e-03 2.601600e-01
222 7.374520e-01 1.968000e-03 2.605800e-01
223 7.370360e-01 2.036000e-03 2.609280e-01
224 7.366120e-01 2.088000e-03 2.613000e-01
225 7.361280e-01 2.188000e-03 2.616840e-01
226 7.357320e-01 2.164000e-03 2.621040e-01
227 7.354000e-01 2.100000e-03 2.625000e-01
228 7.350400e-01 2.140000e-03 2.628200e-01
229 7.346640e-01 2.188000e-03 2.631480e-01
230 7.343040e-01 2.168000e-03 2.635280e-01
231 7.339160e-01 2.112000e-03 2.639720e-01
232 7.335920e-01 2.012000e-03 2.643960e-01
233 7.332400e-01 2.000000e-03 2.647600e-01
234 7.328560e-01 2.044000e-03 2.651000e-01
235 7.324840e-01 2.080000e-03 2.654360e-01
236 7.321320e-01 2.076000e-03 2.657920e-01
237 7.317720e-01 2.096000e-03 2.661320e-01
238 7.314920e-01 2.020000e-03 2.664880e-01
239 7.311520e-01 2.044000e-03 2.668040e-01
240 7.308320e-01 2.084000e-03 2.670840e-01
241 7.304760e-01 2.092000e-03 2.674320e-01
242 7.301000e-01 2.132000e-03 2.677680e-01
243 7.297360e-01 2.120000e-03 2.681440e-01
244 7.294120e-01 2.068000e-03 2.685200e-01
245 7.290640e-01 2.060000e-03 2.688760e-01
246 7.287080e-01 2.012000e-03 2.692800e-01
247 7.282360e-01 2.172000e-03 2.695920e-01
248 7.278360e-01 2.128000e-03 2.700360e-01
249 7.274400e-01 2.168000e-03 2.703920e-01
250 7.270640e-01 2.156000e-03 2.707800e-01
251 7.267320e-01 2.172000e-03 2.710960e-01
252 7.263520e-01 2.116000e-03 2.715320e-01
253 7.260240e-01 2.036000e-03 2.719400e-01
254 7.257280e-01 2.040000e-03 2.722320e-01
255 7.254400e-01 1.976000e-03 2.725840e-01
256 7.251080e-01 1.972000e-03 2.729200e-01
257 7.248160e-01 1.932000e-03 2.732520e-01
258 7.245280e-01 1.864000e-03 2.736080e-01
259 7.242400e-01 1.844000e-03 2.739160e-01
260 7.240040e-01 1.776000e-03 2.742200e-01
261 7.237280e-01 1.736000e-03 2.745360e-01
262 7.234560e-01 1.688000e-03 2.748560e-01
263 7.231040e-01 1.804000e-03 2.750920e-01
264 7.227760e-01 1.788000e-03 2.754360e-01
265 7.223480e-01 1.896000e-03 2.757560e-01
266 7.220240e-01 1.884000e-03 2.760920e-01
267 7.216600e-01 1.872000e-03 2.764680e-01
268 7.213320e-01 1.848000e-03 2.768200e-01
269 7.209920e-01 1.872000e-03 2.771360e-01
270 7.205760e-01 1.984000e-03 2.774400e-01
271 7.201360e-01 2.108000e-03 2.777560e-01
272 7.197240e-01 2.056000e-03 2.782200e-01
273 7.192840e-01 2.112000e-03 2.786040e-01
274 7.189760e-01 2.016000e-03 2.790080e-01
275 7.186400e-01 1.964000e-03 2.793960e-01
276 7.183160e-01 1.876000e-03 2.798080e-01
277 7.179920e-01 1.876000e-03 2.801320e-01
278 7.177560e-01 1.720000e-03 2.805240e-01
279 7.174240e-01 1.760000e-03 2.808160e-01
280 7.171240e-01 1.764000e-03 2.811120e-01
281 7.168320e-01 1.772000e-03 2.813960e-01
282 7.164240e-01 1.852000e-03 2.817240e-01
283 7.161040e-01 1.824000e-03 2.820720e-01
284 7.157800e-01 1.824000e-03 2.823960e-01
285 7.154640e-01 1.796000e-03 2.827400e-01
286 7.150960e-01 1.848000e-03 2.830560e-01
287 7.147400e-01 1.868000e-03 2.833920e-01
288 7.142960e-01 2.004000e-03 2.837000e-01
289 7.139080e-01 2.136000e-03 2.839560e-01
290 7.135280e-01 2.104000e-03 2.843680e-01
291 7.130840e-01 2.208000e-03 2.847080e-01
292 7.127200e-01 2.124000e-03 2.851560e-01
293 7.123360e-01 2.200000e-03 2.854640e-01
294 7.119600e-01 2.224000e-03 2.858160e-01
295 7.115880e-01 2.148000e-03 2.862640e-01
296 7.112320e-01 2.136000e-03 2.866320e-01
297 7.109000e-01 2.084000e-03 2.870160e-01
298 7.105640e-01 2.084000e-03 2.873520e-01
299 7.103480e-01 1.928000e-03 2.877240e-01
300 7.099600e-01 1.912000e-03 2.881280e-01
301 7.096480e-01 1.852000e-03 2.885000e-01
302 7.093880e-01 1.784000e-03 2.888280e-01
303 7.090880e-01 1.788000e-03 2.891240e-01
304 7.088240e-01 1.792000e-03 2.893840e-01
305 7.084840e-01 1.772000e-03 2.897440e-01
306 7.082360e-01 1.648000e-03 2.901160e-01
307 7.080000e-01 1.652000e-03 2.903480e-01
308 7.076400e-01 1.764000e-03 2.905960e-01
309 7.073120e-01 1.748000e-03 2.909400e-01
310 7.070680e-01 1.668000e-03 2.912640e-01
311 7.067280e-01 1.692000e-03 2.915800e-01
312 7.063680e-01 1.756000e-03 2.918760e-01
313 7.060880e-01 1.752000e-03 2.921600e-01
314 7.058160e-01 1.720000e-03 2.924640e-01
315 7.054960e-01 1.768000e-03 2.927360e-01
316 7.052200e-01 1.740000e-03 2.930400e-01
317 7.049600e-01 1.716000e-03 2.933240e-01
318 7.046720e-01 1.720000e-03 2.936080e-01
319 7.043360e-01 1.736000e-03 2.939280e-01
320 7.039880e-01 1.764000e-03 2.942480e-01
321 7.037600e-01 1.620000e-03 2.946200e-01
322 7.035400e-01 1.560000e-03 2.949000e-01
323 7.033360e-01 1.544000e-03 2.951200e-01
324 7.031200e-01 1.532000e-03 2.953480e-01
325 7.029480e-01 1.416000e-03 2.956360e-01
326 7.027600e-01 1.368000e-03 2.958720e-01
327 7.025360e-01 1.312000e-03 2.961520e-01
328 7.023480e-01 1.276000e-03 2.963760e-01
329 7.021280e-01 1.248000e-03 2.966240e-01
330 7.018560e-01 1.264000e-03 2.968800e-01
331 7.016120e-01 1.260000e-03 2.971280e-01
332 7.013760e-01 1.268000e-03 2.973560e-01
333 7.011800e-01 1.240000e-03 2.975800e-01
334 7.009640e-01 1.284000e-03 2.977520e-01
335 7.007640e-01 1.268000e-03 2.979680e-01
336 7.005480e-01 1.296000e-03 2.981560e-01
337 7.003280e-01 1.296000e-03 2.983760e-01
338 7.001200e-01 1.200000e-03 2.986800e-01
339 6.999360e-01 1.188000e-03 2.988760e-01
340 6.997160e-01 1.220000e-03 2.990640e-01
341 6.994400e-01 1.296000e-03 2.992640e-01
342 6.992320e-01 1.264000e-03 2.995040e-01
343 6.991040e-01 1.192000e-03 2.997040e-01
344 6.988680e-01 1.164000e-03 2.999680e-01
345 6.987200e-01 1.132000e-03 3.001480e-01
346 6.985160e-01 1.168000e-03 3.003160e-01
347 6.982840e-01 1.200000e-03 3.005160e-01
348 6.980920e-01 1.232000e-03 3.006760e-01
349 6.979160e-01 1.172000e-03 3.009120e-01
350 6.977200e-01 1.204000e-03 3.010760e-01
351 6.975640e-01 1.124000e-03 3.013120e-01
352 6.973400e-01 1.188000e-03 3.014720e-01
353 6.971400e-01 1.168000e-03 3.016920e-01
354 6.969240e-01 1.100000e-03 3.019760e-01
355 6.967360e-01 1.100000e-03 3.021640e-01
356 6.965440e-01 1.096000e-03 3.023600e-01
357 6.963080e-01 1.148000e-03 3.025440e-01
358 6.960560e-01 1.228000e-03 3.027160e-01
359 6.958080e-01 1.264000e-03 3.029280e-01
360 6.955760e-01 1.308000e-03 3.031160e-01
361 6.953000e-01 1.360000e-03 3.033400e-01
362 6.951160e-01 1.352000e-03 3.035320e-01
363 6.948760e-01 1.352000e-03 3.037720e-01
364 6.946640e-01 1.300000e-03 3.040360e-01
365 6.944120e-01 1.348000e-03 3.042400e-01
366 6.941360e-01 1.444000e-03 3.044200e-01
367 6.938920e-01 1.468000e-03 3.046400e-01
368 6.937040e-01 1.424000e-03 3.048720e-01
369 6.935480e-01 1.348000e-03 3.051040e-01
370 6.933880e-01 1.260000e-03 3.053520e-01
371 6.931720e-01 1.284000e-03 3.055440e-01
372 6.930040e-01 1.232000e-03 3.057640e-01
373 6.927720e-01 1.260000e-03 3.059680e-01
374 6.925560e-01 1.284000e-03 3.061600e-01
375 6.923800e-01 1.240000e-03 3.063800e-01
376 6.922040e-01 1.184000e-03 3.066120e-01
377 6.920560e-01 1.136000e-03 3.068080e-01
378 6.918400e-01 1.128000e-03 3.070320e-01
379 6.916480e-01 1.084000e-03 3.072680e-01
380 6.914800e-01 1.048000e-03 3.074720e-01
381 6.913120e-01 1.008000e-03 3.076800e-01
382 6.911640e-01 9.840000e-04 3.078520e-01
383 6.910160e-01 9.680000e-04 3.080160e-01
384 6.908360e-01 1.008000e-03 3.081560e-01
385 6.906840e-01 9.280000e-04 3.083880e-01
386 6.904760e-01 9.600000e-04 3.085640e-01
387 6.903400e-01 9.520000e-04 3.087080e-01
388 6.902200e-01 8.640000e-04 3.089160e-01
389 6.900840e-01 8.160000e-04 3.091000e-01
390 6.899360e-01 8.440000e-04 3.092200e-01
391 6.897800e-01 8.680000e-04 3.093520e-01
392 6.896280e-01 8.960000e-04 3.094760e-01
393 6.894640e-01 9.080000e-04 3.096280e-01
394 6.893000e-01 8.520000e-04 3.098480e-01
395 6.891760e-01 8.640000e-04 3.099600e-01
396 6.890560e-01 8.720000e-04 3.100720e-01
397 6.889120e-01 8.880000e-04 3.102000e-01
398 6.887640e-01 8.720000e-04 3.103640e-01
399 6.886080e-01 8.600000e-04 3.105320e-01
400 6.884480e-01 8.640000e-04 3.106880e-01
401 6.883000e-01 9.000000e-04 3.108000e-01
402 6.881480e-01 9.240000e-04 3.109280e-01
403 6.880080e-01 8.400000e-04 3.111520e-01
404 6.878880e-01 7.960000e-04 3.113160e-01
405 6.877240e-01 8.200000e-04 3.114560e-01
406 6.876040e-01 8.080000e-04 3.115880e-01
407 6.874960e-01 7.880000e-04 3.117160e-01
408 6.873400e-01 8.160000e-04 3.118440e-01
409 6.872120e-01 8.120000e-04 3.119760e-01
410 6.870800e-01 8.320000e-04 3.120880e-01
411 6.868880e-01 8.760000e-04 3.122360e-01
412 6.867400e-01 8.640000e-04 3.123960e-01
413 6.865560e-01 8.920000e-04 3.125520e-01
414 6.864000e-01 8.840000e-04 3.127160e-01
415 6.862440e-01 8.640000e-04 3.128920e-01
416 6.860880e-01 8.320000e-04 3.130800e-01
417 6.859800e-01 8.280000e-04 3.131920e-01
418 6.858560e-01 7.680000e-04 3.133760e-01
419 6.857600e-01 7.240000e-04 3.135160e-01
420 6.856560e-01 6.800000e-04 3.136640e-01
421 6.855480e-01 6.800000e-04 3.137720e-01
422 6.854360e-01 6.640000e-04 3.139000e-01
423 6.853560e-01 6.360000e-04 3.140080e-01
424 6.852320e-01 6.760000e-04 3.140920e-01
425 6.851120e-01 6.960000e-04 3.141920e-01
426 6.850160e-01 6.360000e-04 3.143480e-01
427 6.849160e-01 6.160000e-04 3.144680e-01
428 6.848560e-01 5.840000e-04 3.145600e-01
429 6.847800e-01 5.440000e-04 3.146760e-01
430 6.846720e-01 5.640000e-04 3.147640e-01
431 6.845560e-01 6.000000e-04 3.148440e-01
432 6.844360e-01 5.880000e-04 3.149760e-01
433 6.843600e-01 5.440000e-04 3.150960e-01
434 6.842880e-01 5.120000e-04 3.152000e-01
435 6.841960e-01 5.160000e-04 3.152880e-01
436 6.841160e-01 5.200000e-04 3.153640e-01
437 6.840280e-01 5.360000e-04 3.154360e-01
438 6.838800e-01 5.920000e-04 3.155280e-01
439 6.837760e-01 5.720000e-04 3.156520e-01
440 6.836720e-01 5.800000e-04 3.157480e-01
441 6.835400e-01 6.200000e-04 3.158400e-01
442 6.834200e-01 6.200000e-04 3.159600e-01
443 6.832560e-01 6.520000e-04 3.160920e-01
444 6.831440e-01 6.400000e-04 3.162160e-01
445 6.830160e-01 6.560000e-04 3.163280e-01
446 6.828840e-01 6.720000e-04 3.164440e-01
447 6.827680e-01 6.880000e-04 3.165440e-01
448 6.826640e-01 6.400000e-04 3.166960e-01
449 6.825960e-01 6.280000e-04 3.167760e-01
450 6.824960e-01 5.960000e-04 3.169080e-01
451 6.824160e-01 5.760000e-04 3.170080e-01
452 6.822880e-01 5.840000e-04 3.171280e-01
453 6.821920e-01 5.800000e-04 3.172280e-01
454 6.821280e-01 5.480000e-04 3.173240e-01
455 6.820840e-01 4.920000e-04 3.174240e-01
456 6.820000e-01 4.920000e-04 3.175080e-01
457 6.819040e-01 5.040000e-04 3.175920e-01
458 6.818520e-01 4.920000e-04 3.176560e-01
459 6.818200e-01 4.360000e-04 3.177440e-01
460 6.817920e-01 3.840000e-04 3.178240e-01
461 6.817640e-01 3.520000e-04 3.178840e-01
462 6.817400e-01 3.200000e-04 3.179400e-01
463 6.817280e-01 2.840000e-04 3.179880e-01
464 6.816880e-01 2.640000e-04 3.180480e-01
465 6.816680e-01 2.560000e-04 3.180760e-01
466 6.816360e-01 2.400000e-04 3.181240e-01
467 6.816280e-01 1.920000e-04 3.181800e-01
468 6.815720e-01 2.280000e-04 3.182000e-01
469 6.815320e-01 2.240000e-04 3.182440e-01
470 6.814800e-01 2.520000e-04 3.182680e-01
471 6.814120e-01 2.480000e-04 3.183400e-01
472 6.813560e-01 2.680000e-04 3.183760e-01
473 6.813040e-01 2.680000e-04 3.184280e-01
474 6.812280e-01 2.920000e-04 3.184800e-01
475 6.811800e-01 3.080000e-04 3.185120e-01
476 6.811440e-01 3.120000e-04 3.185440e-01
477 6.810960e-01 3.000000e-04 3.186040e-01
478 6.810360e-01 2.920000e-04 3.186720e-01
479 6.809760e-01 2.920000e-04 3.187320e-01
480 6.809400e-01 2.880000e-04 3.187720e-01
481 6.808800e-01 3.120000e-04 3.188080e-01
482 6.808040e-01 3.360000e-04 3.188600e-01
483 6.807560e-01 3.160000e-04 3.189280e-01
484 6.807040e-01 2.960000e-04 3.190000e-01
485 6.806640e-01 2.800000e-04 3.190560e-01
486 6.806120e-01 2.840000e-04 3.191040e-01
487 6.805520e-01 2.760000e-04 3.191720e-01
488 6.804880e-01 2.920000e-04 3.192200e-01
489 6.804200e-01 3.200000e-04 3.192600e-01
490 6.803760e-01 3.160000e-04 3.193080e-01
491 6.803400e-01 2.760000e-04 3.193840e-01
492 6.802880e-01 3.040000e-04 3.194080e-01
493 6.802360e-01 2.880000e-04 3.194760e-01
494 6.801560e-01 3.160000e-04 3.195280e-01
495 6.800680e-01 3.480000e-04 3.195840e-01
496 6.800160e-01 3.400000e-04 3.196440e-01
497 6.799440e-01 3.440000e-04 3.197120e-01
498 6.799000e-01 3.200000e-04 3.197800e-01
499 6.798440e-01 3.160000e-04 3.198400e-01
500 6.798080e-01 2.880000e-04 3.199040e-01
