1 9.991600e-01 7.600000e-04 8.000000e-05
2 9.985760e-01 1.228000e-03 1.960000e-04
3 9.978360e-01 1.668000e-03 4.960000e-04
4 9.970320e-01 2.124000e-03 8.440000e-04
5 9.960000e-01 2.784000e-03 1.216000e-03
6 9.949480e-01 3.336000e-03 1.716000e-03
7 9.939800e-01 3.604000e-03 2.416000e-03
8 9.930240e-01 3.884000e-03 3.092000e-03
9 9.919720e-01 4.172000e-03 3.856000e-03
10 9.908840e-01 4.436000e-03 4.680000e-03
11 9.896960e-01 4.804000e-03 5.500000e-03
12 9.885160e-01 5.156000e-03 6.328000e-03
13 9.873760e-01 5.356000e-03 7.268000e-03
14 9.862400e-01 5.556000e-03 8.204000e-03
15 9.850600e-01 5.736000e-03 9.204000e-03
16 9.838560e-01 5.908000e-03 1.023600e-02
17 9.826600e-01 6.112000e-03 1.122800e-02
18 9.813040e-01 6.396000e-03 1.230000e-02
19 9.799160e-01 6.552000e-03 1.353200e-02
20 9.785400e-01 6.836000e-03 1.462400e-02
21 9.770320e-01 7.204000e-03 1.576400e-02
22 9.753920e-01 7.456000e-03 1.715200e-02
23 9.739160e-01 7.536000e-03 1.854800e-02
24 9.722520e-01 7.932000e-03 1.981600e-02
25 9.707440e-01 8.108000e-03 2.114800e-02
26 9.689280e-01 8.632000e-03 2.244000e-02
27 9.670760e-01 8.916000e-03 2.400800e-02
28 9.653800e-01 9.252000e-03 2.536800e-02
29 9.636520e-01 9.272000e-03 2.707600e-02
30 9.618640e-01 9.400000e-03 2.873600e-02
31 9.603760e-01 9.232000e-03 3.039200e-02
32 9.588680e-01 9.116000e-03 3.201600e-02
33 9.572400e-01 9.112000e-03 3.364800e-02
34 9.556120e-01 9.056000e-03 3.533200e-02
35 9.539560e-01 9.140000e-03 3.690400e-02
36 9.523080e-01 9.140000e-03 3.855200e-02
37 9.505280e-01 9.244000e-03 4.022800e-02
38 9.488040e-01 9.364000e-03 4.183200e-02
39 9.470200e-01 9.580000e-03 4.340000e-02
40 9.452520e-01 9.672000e-03 4.507600e-02
41 9.435520e-01 9.684000e-03 4.676400e-02
42 9.418840e-01 9.732000e-03 4.838400e-02
43 9.401120e-01 9.932000e-03 4.995600e-02
44 9.382880e-01 1.004400e-02 5.166800e-02
45 9.364520e-01 1.014000e-02 5.340800e-02
46 9.343560e-01 1.044800e-02 5.519600e-02
47 9.323600e-01 1.066800e-02 5.697200e-02
48 9.304160e-01 1.070800e-02 5.887600e-02
49 9.285000e-01 1.067200e-02 6.082800e-02
50 9.265440e-01 1.081200e-02 6.264400e-02
51 9.246200e-01 1.082400e-02 6.455600e-02
52 9.228160e-01 1.066000e-02 6.652400e-02
53 9.209560e-01 1.066800e-02 6.837600e-02
54 9.190680e-01 1.079200e-02 7.014000e-02
55 9.169160e-01 1.107600e-02 7.200800e-02
56 9.147880e-01 1.131600e-02 7.389600e-02
57 9.126840e-01 1.135600e-02 7.596000e-02
58 9.104920e-01 1.152400e-02 7.798400e-02
59 9.084320e-01 1.162400e-02 7.994400e-02
60 9.061440e-01 1.196800e-02 8.188800e-02
61 9.039240e-01 1.203200e-02 8.404400e-02
62 9.017480e-01 1.214800e-02 8.610400e-02
63 8.996560e-01 1.204000e-02 8.830400e-02
64 8.975840e-01 1.207200e-02 9.034400e-02
65 8.955560e-01 1.210000e-02 9.234400e-02
66 8.935160e-01 1.202000e-02 9.446400e-02
67 8.913640e-01 1.204400e-02 9.659200e-02
68 8.892640e-01 1.202000e-02 9.871600e-02
69 8.870760e-01 1.204000e-02 1.008840e-01
70 8.847400e-01 1.226400e-02 1.029960e-01
71 8.824560e-01 1.220400e-02 1.053400e-01
72 8.803640e-01 1.219200e-02 1.074440e-01
73 8.782600e-01 1.204800e-02 1.096920e-01
74 8.761200e-01 1.207200e-02 1.118080e-01
75 8.739600e-01 1.222800e-02 1.138120e-01
76 8.717120e-01 1.236000e-02 1.159280e-01
77 8.695560e-01 1.217600e-02 1.182680e-01
78 8.674320e-01 1.216400e-02 1.204040e-01
79 8.652120e-01 1.222800e-02 1.225600e-01
80 8.630920e-01 1.226000e-02 1.246480e-01
81 8.607520e-01 1.251600e-02 1.267320e-01
82 8.585560e-01 1.249600e-02 1.289480e-01
83 8.564480e-01 1.236000e-02 1.311920e-01
84 8.544440e-01 1.231600e-02 1.332400e-01
85 8.524480e-01 1.207600e-02 1.354760e-01
86 8.504960e-01 1.174000e-02 1.377640e-01
87 8.485160e-01 1.166000e-02 1.398240e-01
88 8.466000e-01 1.159200e-02 1.418080e-01
89 8.448840e-01 1.139200e-02 1.437240e-01
90 8.430520e-01 1.116400e-02 1.457840e-01
91 8.410800e-01 1.113600e-02 1.477840e-01
92 8.393880e-01 1.080400e-02 1.498080e-01
93 8.375680e-01 1.066400e-02 1.517680e-01
94 8.357360e-01 1.062800e-02 1.536360e-01
95 8.340240e-01 1.043600e-02 1.555400e-01
96 8.322640e-01 1.037200e-02 1.573640e-01
97 8.306800e-01 1.020000e-02 1.591200e-01
98 8.289320e-01 1.018000e-02 1.608880e-01
99 8.270680e-01 1.034000e-02 1.625920e-01
100 8.251760e-01 1.041600e-02 1.644080e-01
101 8.234520e-01 1.040400e-02 1.661440e-01
102 8.217920e-01 1.024400e-02 1.679640e-01
103 8.200160e-01 1.015600e-02 1.698280e-01
104 8.180880e-01 1.027600e-02 1.716360e-01
105 8.160080e-01 1.066400e-02 1.733280e-01
106 8.142320e-01 1.051600e-02 1.752520e-01
107 8.124280e-01 1.045200e-02 1.771200e-01
108 8.105320e-01 1.037200e-02 1.790960e-01
109 8.085920e-01 1.046000e-02 1.809480e-01
110 8.065720e-01 1.055600e-02 1.828720e-01
111 8.045520e-01 1.076800e-02 1.846800e-01
112 8.028600e-01 1.048800e-02 1.866520e-01
113 8.009760e-01 1.050000e-02 1.885240e-01
114 7.991800e-01 1.047600e-02 1.903440e-01
115 7.971920e-01 1.070400e-02 1.921040e-01
116 7.952680e-01 1.069600e-02 1.940360e-01
117 7.933440e-01 1.089600e-02 1.957600e-01
118 7.913680e-01 1.094400e-02 1.976880e-01
119 7.894720e-01 1.072800e-02 1.998000e-01
120 7.876080e-01 1.078800e-02 2.016040e-01
121 7.856400e-01 1.092800e-02 2.034320e-01
122 7.836200e-01 1.109200e-02 2.052880e-01
123 7.816480e-01 1.119600e-02 2.071560e-01
124 7.798160e-01 1.115200e-02 2.090320e-01
125 7.778920e-01 1.122800e-02 2.108800e-01
126 7.760360e-01 1.100800e-02 2.129560e-01
127 7.740240e-01 1.110000e-02 2.148760e-01
128 7.721200e-01 1.112000e-02 2.167600e-01
129 7.702480e-01 1.104000e-02 2.187120e-01
130 7.684080e-01 1.102000e-02 2.205720e-01
131 7.664480e-01 1.104800e-02 2.225040e-01
132 7.645200e-01 1.086000e-02 2.246200e-01
133 7.627360e-01 1.072400e-02 2.265400e-01
134 7.608800e-01 1.067200e-02 2.284480e-01
135 7.590240e-01 1.050800e-02 2.304680e-01
136 7.570320e-01 1.067600e-02 2.322920e-01
137 7.552200e-01 1.066000e-02 2.341200e-01
138 7.532480e-01 1.068800e-02 2.360640e-01
139 7.514920e-01 1.051600e-02 2.379920e-01
140 7.494280e-01 1.066400e-02 2.399080e-01
141 7.475840e-01 1.066800e-02 2.417480e-01
142 7.456760e-01 1.082000e-02 2.435040e-01
143 7.439000e-01 1.072000e-02 2.453800e-01
144 7.420560e-01 1.064000e-02 2.473040e-01
145 7.405120e-01 1.034000e-02 2.491480e-01
146 7.389680e-01 1.026000e-02 2.507720e-01
147 7.373680e-01 1.000400e-02 2.526280e-01
148 7.358600e-01 9.676000e-03 2.544640e-01
149 7.343840e-01 9.588000e-03 2.560280e-01
150 7.326560e-01 9.660000e-03 2.576840e-01
151 7.308920e-01 9.800000e-03 2.593080e-01
152 7.293360e-01 9.636000e-03 2.610280e-01
153 7.277080e-01 9.544000e-03 2.627480e-01
154 7.260160e-01 9.716000e-03 2.642680e-01
155 7.243280e-01 9.740000e-03 2.659320e-01
156 7.227040e-01 9.560000e-03 2.677360e-01
157 7.210760e-01 9.592000e-03 2.693320e-01
158 7.194840e-01 9.676000e-03 2.708400e-01
159 7.178000e-01 9.620000e-03 2.725800e-01
160 7.161880e-01 9.628000e-03 2.741840e-01
161 7.146800e-01 9.360000e-03 2.759600e-01
162 7.132480e-01 9.308000e-03 2.774440e-01
163 7.118400e-01 9.176000e-03 2.789840e-01
164 7.104360e-01 9.060000e-03 2.805040e-01
165 7.089200e-01 8.944000e-03 2.821360e-01
166 7.074800e-01 8.912000e-03 2.836080e-01
167 7.060600e-01 8.692000e-03 2.852480e-01
168 7.048280e-01 8.480000e-03 2.866920e-01
169 7.036080e-01 8.212000e-03 2.881800e-01
170 7.022720e-01 8.112000e-03 2.896160e-01
171 7.010560e-01 7.952000e-03 2.909920e-01
172 6.998320e-01 7.916000e-03 2.922520e-01
173 6.985120e-01 7.808000e-03 2.936800e-01
174 6.973520e-01 7.500000e-03 2.951480e-01
175 6.961440e-01 7.356000e-03 2.965000e-01
176 6.948080e-01 7.420000e-03 2.977720e-01
177 6.935560e-01 7.384000e-03 2.990600e-01
178 6.923680e-01 7.280000e-03 3.003520e-01
179 6.912120e-01 7.180000e-03 3.016080e-01
180 6.899080e-01 7.240000e-03 3.028520e-01
181 6.886000e-01 7.284000e-03 3.041160e-01
182 6.873920e-01 7.232000e-03 3.053760e-01
183 6.861600e-01 7.196000e-03 3.066440e-01
184 6.849480e-01 7.096000e-03 3.079560e-01
185 6.838480e-01 7.024000e-03 3.091280e-01
186 6.828520e-01 6.860000e-03 3.102880e-01
187 6.818360e-01 6.732000e-03 3.114320e-01
188 6.807880e-01 6.600000e-03 3.126120e-01
189 6.798240e-01 6.296000e-03 3.138800e-01
190 6.789400e-01 6.068000e-03 3.149920e-01
191 6.779320e-01 6.072000e-03 3.159960e-01
192 6.768800e-01 6.036000e-03 3.170840e-01
193 6.758840e-01 6.036000e-03 3.180800e-01
194 6.748960e-01 5.936000e-03 3.191680e-01
195 6.740000e-01 5.884000e-03 3.201160e-01
196 6.729720e-01 5.760000e-03 3.212680e-01
197 6.719400e-01 5.784000e-03 3.222760e-01
198 6.710680e-01 5.828000e-03 3.231040e-01
199 6.700280e-01 5.768000e-03 3.242040e-01
200 6.692240e-01 5.532000e-03 3.252440e-01
201 6.683360e-01 5.492000e-03 3.261720e-01
202 6.674960e-01 5.428000e-03 3.270760e-01
203 6.664880e-01 5.548000e-03 3.279640e-01
204 6.655400e-01 5.468000e-03 3.289920e-01
205 6.644720e-01 5.720000e-03 3.298080e-01
206 6.635640e-01 5.668000e-03 3.307680e-01
207 6.626880e-01 5.528000e-03 3.317840e-01
208 6.618400e-01 5.400000e-03 3.327600e-01
209 6.609320e-01 5.320000e-03 3.337480e-01
210 6.600960e-01 5.192000e-03 3.347120e-01
211 6.592040e-01 5.168000e-03 3.356280e-01
212 6.583160e-01 5.160000e-03 3.365240e-01
213 6.573640e-01 5.216000e-03 3.374200e-01
214 6.564400e-01 5.176000e-03 3.383840e-01
215 6.554320e-01 5.336000e-03 3.392320e-01
216 6.545080e-01 5.376000e-03 3.401160e-01
217 6.535840e-01 5.416000e-03 3.410000e-01
218 6.527200e-01 5.404000e-03 3.418760e-01
219 6.518480e-01 5.156000e-03 3.429960e-01
220 6.510240e-01 5.092000e-03 3.438840e-01
221 6.501400e-01 5.100000e-03 3.447600e-01
222 6.493120e-01 5.052000e-03 3.456360e-01
223 6.484120e-01 5.048000e-03 3.465400e-01
224 6.476240e-01 4.984000e-03 3.473920e-01
225 6.467160e-01 5.100000e-03 3.481840e-01
226 6.457200e-01 5.116000e-03 3.491640e-01
227 6.447240e-01 5.252000e-03 3.500240e-01
228 6.436200e-01 5.324000e-03 3.510560e-01
229 6.426800e-01 5.324000e-03 3.519960e-01
230 6.417880e-01 5.236000e-03 3.529760e-01
231 6.408480e-01 5.300000e-03 3.538520e-01
232 6.400120e-01 5.092000e-03 3.548960e-01
233 6.390520e-01 5.136000e-03 3.558120e-01
234 6.381760e-01 5.048000e-03 3.567760e-01
235 6.373200e-01 4.944000e-03 3.577360e-01
236 6.364920e-01 4.964000e-03 3.585440e-01
237 6.355960e-01 5.008000e-03 3.593960e-01
238 6.348040e-01 4.964000e-03 3.602320e-01
239 6.339880e-01 4.884000e-03 3.611280e-01
240 6.332320e-01 4.740000e-03 3.620280e-01
241 6.323160e-01 4.852000e-03 3.628320e-01
242 6.315280e-01 4.744000e-03 3.637280e-01
243 6.308920e-01 4.528000e-03 3.645800e-01
244 6.302040e-01 4.356000e-03 3.654400e-01
245 6.295400e-01 4.200000e-03 3.662600e-01
246 6.288120e-01 4.200000e-03 3.669880e-01
247 6.280480e-01 4.272000e-03 3.676800e-01
248 6.273200e-01 4.228000e-03 3.684520e-01
249 6.267280e-01 4.044000e-03 3.692280e-01
250 6.261040e-01 4.088000e-03 3.698080e-01
251 6.254400e-01 4.040000e-03 3.705200e-01
252 6.247480e-01 3.980000e-03 3.712720e-01
253 6.239840e-01 3.972000e-03 3.720440e-01
254 6.233960e-01 3.888000e-03 3.727160e-01
255 6.226920e-01 3.944000e-03 3.733640e-01
256 6.221040e-01 3.944000e-03 3.739520e-01
257 6.214680e-01 3.868000e-03 3.746640e-01
258 6.209440e-01 3.760000e-03 3.752960e-01
259 6.203760e-01 3.652000e-03 3.759720e-01
260 6.197360e-01 3.684000e-03 3.765800e-01
261 6.191040e-01 3.668000e-03 3.772280e-01
262 6.185040e-01 3.640000e-03 3.778560e-01
263 6.178480e-01 3.672000e-03 3.784800e-01
264 6.172280e-01 3.608000e-03 3.791640e-01
265 6.166000e-01 3.628000e-03 3.797720e-01
266 6.160160e-01 3.584000e-03 3.804000e-01
267 6.154560e-01 3.536000e-03 3.810080e-01
268 6.148400e-01 3.460000e-03 3.817000e-01
269 6.142640e-01 3.380000e-03 3.823560e-01
270 6.137040e-01 3.312000e-03 3.829840e-01
271 6.132320e-01 3.344000e-03 3.834240e-01
272 6.126880e-01 3.304000e-03 3.840080e-01
273 6.121280e-01 3.280000e-03 3.845920e-01
274 6.114400e-01 3.452000e-03 3.851080e-01
275 6.107840e-01 3.500000e-03 3.857160e-01
276 6.102760e-01 3.408000e-03 3.863160e-01
277 6.096840e-01 3.360000e-03 3.869560e-01
278 6.091560e-01 3.280000e-03 3.875640e-01
279 6.085960e-01 3.284000e-03 3.881200e-01
280 6.080400e-01 3.272000e-03 3.886880e-01
281 6.075920e-01 3.100000e-03 3.893080e-01
282 6.071640e-01 2.924000e-03 3.899120e-01
283 6.067600e-01 2.764000e-03 3.904760e-01
284 6.063600e-01 2.684000e-03 3.909560e-01
285 6.059120e-01 2.636000e-03 3.914520e-01
286 6.054600e-01 2.680000e-03 3.918600e-01
287 6.049720e-01 2.700000e-03 3.923280e-01
288 6.044440e-01 2.728000e-03 3.928280e-01
289 6.039600e-01 2.748000e-03 3.932920e-01
290 6.035120e-01 2.756000e-03 3.937320e-01
291 6.031080e-01 2.656000e-03 3.942360e-01
292 6.026600e-01 2.660000e-03 3.946800e-01
293 6.021960e-01 2.680000e-03 3.951240e-01
294 6.017120e-01 2.720000e-03 3.955680e-01
295 6.012400e-01 2.748000e-03 3.960120e-01
296 6.007840e-01 2.676000e-03 3.965400e-01
297 6.003360e-01 2.676000e-03 3.969880e-01
298 5.998960e-01 2.636000e-03 3.974680e-01
299 5.995120e-01 2.584000e-03 3.979040e-01
300 5.990160e-01 2.604000e-03 3.983800e-01
301 5.985840e-01 2.576000e-03 3.988400e-01
302 5.982680e-01 2.464000e-03 3.992680e-01
303 5.979760e-01 2.364000e-03 3.996600e-01
304 5.976560e-01 2.280000e-03 4.000640e-01
305 5.973040e-01 2.224000e-03 4.004720e-01
306 5.969760e-01 2.156000e-03 4.008680e-01
307 5.966480e-01 2.080000e-03 4.012720e-01
308 5.962880e-01 2.080000e-03 4.016320e-01
309 5.959920e-01 2.000000e-03 4.020080e-01
310 5.957240e-01 1.928000e-03 4.023480e-01
311 5.954640e-01 1.876000e-03 4.026600e-01
312 5.952000e-01 1.832000e-03 4.029680e-01
313 5.948920e-01 1.852000e-03 4.032560e-01
314 5.946200e-01 1.804000e-03 4.035760e-01
315 5.943120e-01 1.756000e-03 4.039320e-01
316 5.939880e-01 1.764000e-03 4.042480e-01
317 5.936400e-01 1.764000e-03 4.045960e-01
318 5.932920e-01 1.860000e-03 4.048480e-01
319 5.929480e-01 1.884000e-03 4.051680e-01
320 5.925840e-01 1.920000e-03 4.054960e-01
321 5.922760e-01 1.904000e-03 4.058200e-01
322 5.918880e-01 1.968000e-03 4.061440e-01
323 5.916120e-01 1.856000e-03 4.065320e-01
324 5.912720e-01 1.864000e-03 4.068640e-01
325 5.909360e-01 1.872000e-03 4.071920e-01
326 5.906840e-01 1.780000e-03 4.075360e-01
327 5.903640e-01 1.776000e-03 4.078600e-01
328 5.900360e-01 1.752000e-03 4.082120e-01
329 5.896720e-01 1.804000e-03 4.085240e-01
330 5.893840e-01 1.820000e-03 4.087960e-01
331 5.890280e-01 1.812000e-03 4.091600e-01
332 5.887680e-01 1.728000e-03 4.095040e-01
333 5.885360e-01 1.704000e-03 4.097600e-01
334 5.881440e-01 1.804000e-03 4.100520e-01
335 5.877760e-01 1.832000e-03 4.103920e-01
336 5.875280e-01 1.760000e-03 4.107120e-01
337 5.872160e-01 1.780000e-03 4.110040e-01
338 5.868760e-01 1.808000e-03 4.113160e-01
339 5.866040e-01 1.788000e-03 4.116080e-01
340 5.862880e-01 1.800000e-03 4.119120e-01
341 5.859760e-01 1.788000e-03 4.122360e-01
342 5.856560e-01 1.824000e-03 4.125200e-01
343 5.852840e-01 1.884000e-03 4.128320e-01
344 5.849360e-01 1.880000e-03 4.131840e-01
345 5.845840e-01 1.960000e-03 4.134560e-01
346 5.843200e-01 1.836000e-03 4.138440e-01
347 5.840160e-01 1.800000e-03 4.141840e-01
348 5.836960e-01 1.800000e-03 4.145040e-01
349 5.833360e-01 1.828000e-03 4.148360e-01
350 5.830160e-01 1.816000e-03 4.151680e-01
351 5.827480e-01 1.800000e-03 4.154520e-01
352 5.824280e-01 1.820000e-03 4.157520e-01
353 5.821320e-01 1.804000e-03 4.160640e-01
354 5.817760e-01 1.820000e-03 4.164040e-01
355 5.814240e-01 1.884000e-03 4.166920e-01
356 5.809840e-01 2.000000e-03 4.170160e-01
357 5.806760e-01 1.960000e-03 4.173640e-01
358 5.803320e-01 1.956000e-03 4.177120e-01
359 5.801120e-01 1.860000e-03 4.180280e-01
360 5.798400e-01 1.844000e-03 4.183160e-01
361 5.794840e-01 1.948000e-03 4.185680e-01
362 5.791720e-01 1.916000e-03 4.189120e-01
363 5.788840e-01 1.836000e-03 4.192800e-01
364 5.786200e-01 1.780000e-03 4.196000e-01
365 5.783560e-01 1.776000e-03 4.198680e-01
366 5.779800e-01 1.868000e-03 4.201520e-01
367 5.776400e-01 1.912000e-03 4.204480e-01
368 5.772080e-01 2.012000e-03 4.207800e-01
369 5.768720e-01 1.960000e-03 4.211680e-01
370 5.765800e-01 1.908000e-03 4.215120e-01
371 5.761920e-01 1.936000e-03 4.218720e-01
372 5.758080e-01 1.968000e-03 4.222240e-01
373 5.755080e-01 1.940000e-03 4.225520e-01
374 5.752400e-01 1.828000e-03 4.229320e-01
375 5.749640e-01 1.736000e-03 4.233000e-01
376 5.746440e-01 1.808000e-03 4.235480e-01
377 5.743200e-01 1.768000e-03 4.239120e-01
378 5.739600e-01 1.792000e-03 4.242480e-01
379 5.736920e-01 1.756000e-03 4.245520e-01
380 5.734400e-01 1.700000e-03 4.248600e-01
381 5.731400e-01 1.708000e-03 4.251520e-01
382 5.729280e-01 1.608000e-03 4.254640e-01
383 5.726760e-01 1.584000e-03 4.257400e-01
384 5.724400e-01 1.504000e-03 4.260560e-01
385 5.722520e-01 1.448000e-03 4.263000e-01
386 5.720400e-01 1.420000e-03 4.265400e-01
387 5.718360e-01 1.388000e-03 4.267760e-01
388 5.715840e-01 1.392000e-03 4.270240e-01
389 5.712680e-01 1.500000e-03 4.272320e-01
390 5.709800e-01 1.540000e-03 4.274800e-01
391 5.707640e-01 1.464000e-03 4.277720e-01
392 5.705280e-01 1.456000e-03 4.280160e-01
393 5.702920e-01 1.400000e-03 4.283080e-01
394 5.700280e-01 1.396000e-03 4.285760e-01
395 5.698600e-01 1.324000e-03 4.288160e-01
396 5.695720e-01 1.408000e-03 4.290200e-01
397 5.692800e-01 1.492000e-03 4.292280e-01
398 5.689960e-01 1.488000e-03 4.295160e-01
399 5.687360e-01 1.524000e-03 4.297400e-01
400 5.684800e-01 1.536000e-03 4.299840e-01
401 5.682000e-01 1.512000e-03 4.302880e-01
402 5.679360e-01 1.428000e-03 4.306360e-01
403 5.676040e-01 1.496000e-03 4.309000e-01
404 5.673680e-01 1.440000e-03 4.311920e-01
405 5.671160e-01 1.436000e-03 4.314480e-01
406 5.669080e-01 1.388000e-03 4.317040e-01
407 5.666680e-01 1.376000e-03 4.319560e-01
408 5.664200e-01 1.364000e-03 4.322160e-01
409 5.661880e-01 1.340000e-03 4.324720e-01
410 5.659520e-01 1.360000e-03 4.326880e-01
411 5.657040e-01 1.388000e-03 4.329080e-01
412 5.655120e-01 1.360000e-03 4.331280e-01
413 5.652400e-01 1.460000e-03 4.333000e-01
414 5.649320e-01 1.556000e-03 4.335120e-01
415 5.646400e-01 1.628000e-03 4.337320e-01
416 5.643840e-01 1.580000e-03 4.340360e-01
417 5.641960e-01 1.536000e-03 4.342680e-01
418 5.639720e-01 1.492000e-03 4.345360e-01
419 5.637120e-01 1.464000e-03 4.348240e-01
420 5.634480e-01 1.516000e-03 4.350360e-01
421 5.632000e-01 1.532000e-03 4.352680e-01
422 5.629520e-01 1.528000e-03 4.355200e-01
423 5.626960e-01 1.488000e-03 4.358160e-01
424 5.624480e-01 1.512000e-03 4.360400e-01
425 5.622600e-01 1.452000e-03 4.362880e-01
426 5.619800e-01 1.500000e-03 4.365200e-01
427 5.617920e-01 1.364000e-03 4.368440e-01
428 5.615680e-01 1.372000e-03 4.370600e-01
429 5.613120e-01 1.424000e-03 4.372640e-01
430 5.611480e-01 1.296000e-03 4.375560e-01
431 5.609360e-01 1.292000e-03 4.377720e-01
432 5.607960e-01 1.200000e-03 4.380040e-01
433 5.606640e-01 1.064000e-03 4.382720e-01
434 5.605080e-01 1.016000e-03 4.384760e-01
435 5.603680e-01 9.680000e-04 4.386640e-01
436 5.602120e-01 9.640000e-04 4.388240e-01
437 5.601160e-01 9.040000e-04 4.389800e-01
438 5.599760e-01 8.360000e-04 4.391880e-01
439 5.598560e-01 8.440000e-04 4.393000e-01
440 5.597400e-01 7.880000e-04 4.394720e-01
441 5.596560e-01 7.320000e-04 4.396120e-01
442 5.595720e-01 7.000000e-04 4.397280e-01
443 5.594520e-01 6.800000e-04 4.398680e-01
444 5.593200e-01 6.640000e-04 4.400160e-01
445 5.592000e-01 6.440000e-04 4.401560e-01
446 5.591200e-01 6.280000e-04 4.402520e-01
447 5.590560e-01 5.800000e-04 4.403640e-01
448 5.590160e-01 5.600000e-04 4.404240e-01
449 5.589400e-01 5.240000e-04 4.405360e-01
450 5.588880e-01 5.080000e-04 4.406040e-01
451 5.588440e-01 4.440000e-04 4.407120e-01
452 5.587600e-01 4.360000e-04 4.408040e-01
453 5.587240e-01 4.040000e-04 4.408720e-01
454 5.586320e-01 4.080000e-04 4.409600e-01
455 5.585640e-01 3.800000e-04 4.410560e-01
456 5.585000e-01 3.960000e-04 4.411040e-01
457 5.584360e-01 4.000000e-04 4.411640e-01
458 5.584000e-01 3.680000e-04 4.412320e-01
459 5.583560e-01 3.640000e-04 4.412800e-01
460 5.583080e-01 3.440000e-04 4.413480e-01
461 5.582760e-01 3.040000e-04 4.414200e-01
462 5.582520e-01 3.000000e-04 4.414480e-01
463 5.582000e-01 3.200000e-04 4.414800e-01
464 5.581400e-01 3.120000e-04 4.415480e-01
465 5.580880e-01 3.120000e-04 4.416000e-01
466 5.580560e-01 2.720000e-04 4.416720e-01
467 5.580160e-01 2.640000e-04 4.417200e-01
468 5.579520e-01 2.840000e-04 4.417640e-01
469 5.578640e-01 2.920000e-04 4.418440e-01
470 5.577920e-01 3.120000e-04 4.418960e-01
471 5.577080e-01 3.400000e-04 4.419520e-01
472 5.576080e-01 3.680000e-04 4.420240e-01
473 5.574960e-01 4.120000e-04 4.420920e-01
474 5.574080e-01 4.240000e-04 4.421680e-01
475 5.573520e-01 4.080000e-04 4.422400e-01
476 5.572920e-01 3.960000e-04 4.423120e-01
477 5.572160e-01 3.880000e-04 4.423960e-01
478 5.571520e-01 4.080000e-04 4.424400e-01
479 5.571000e-01 3.840000e-04 4.425160e-01
480 5.570640e-01 3.600000e-04 4.425760e-01
481 5.570040e-01 3.560000e-04 4.426400e-01
482 5.569440e-01 3.680000e-04 4.426880e-01
483 5.568880e-01 3.600000e-04 4.427520e-01
484 5.568360e-01 3.520000e-04 4.428120e-01
485 5.567480e-01 4.120000e-04 4.428400e-01
486 5.567160e-01 3.440000e-04 4.429400e-01
487 5.566560e-01 3.360000e-04 4.430080e-01
488 5.566280e-01 3.200000e-04 4.430520e-01
489 5.565920e-01 2.800000e-04 4.431280e-01
490 5.565320e-01 2.920000e-04 4.431760e-01
491 5.565080e-01 2.520000e-04 4.432400e-01
492 5.564800e-01 2.360000e-04 4.432840e-01
493 5.564560e-01 2.280000e-04 4.433160e-01
494 5.564320e-01 2.240000e-04 4.433440e-01
495 5.564240e-01 1.800000e-04 4.433960e-01
496 5.564200e-01 1.560000e-04 4.434240e-01
497 5.564120e-01 1.240000e-04 4.434640e-01
498 5.564120e-01 9.200000e-05 4.434960e-01
499 5.564000e-01 9.200000e-05 4.435080e-01
500 5.563920e-01 8.400000e-05 4.435240e-01
