1 9.991680e-01 7.440000e-04 8.800000e-05
2 9.986280e-01 1.116000e-03 2.560000e-04
3 9.980320e-01 1.484000e-03 4.840000e-04
4 9.973360e-01 1.880000e-03 7.840000e-04
5 9.964200e-01 2.440000e-03 1.140000e-03
6 9.956360e-01 2.728000e-03 1.636000e-03
7 9.946560e-01 3.224000e-03 2.120000e-03
8 9.938360e-01 3.492000e-03 2.672000e-03
9 9.929120e-01 3.824000e-03 3.264000e-03
10 9.918960e-01 4.156000e-03 3.948000e-03
11 9.910280e-01 4.268000e-03 4.704000e-03
12 9.900760e-01 4.432000e-03 5.492000e-03
13 9.890040e-01 4.720000e-03 6.276000e-03
14 9.879640e-01 4.848000e-03 7.188000e-03
15 9.869160e-01 4.964000e-03 8.120000e-03
16 9.858880e-01 5.128000e-03 8.984000e-03
17 9.848280e-01 5.404000e-03 9.768000e-03
18 9.836960e-01 5.612000e-03 1.069200e-02
19 9.825160e-01 5.908000e-03 1.157600e-02
20 9.812360e-01 6.152000e-03 1.261200e-02
21 9.798880e-01 6.348000e-03 1.376400e-02
22 9.785560e-01 6.536000e-03 1.490800e-02
23 9.772360e-01 6.652000e-03 1.611200e-02
24 9.759240e-01 6.736000e-03 1.734000e-02
25 9.746400e-01 6.784000e-03 1.857600e-02
26 9.733600e-01 6.780000e-03 1.986000e-02
27 9.721360e-01 6.816000e-03 2.104800e-02
28 9.708280e-01 6.936000e-03 2.223600e-02
29 9.695000e-01 6.940000e-03 2.356000e-02
30 9.681400e-01 7.104000e-03 2.475600e-02
31 9.668240e-01 7.192000e-03 2.598400e-02
32 9.655280e-01 7.244000e-03 2.722800e-02
33 9.642320e-01 7.260000e-03 2.850800e-02
34 9.628800e-01 7.308000e-03 2.981200e-02
35 9.615320e-01 7.504000e-03 3.096400e-02
36 9.599200e-01 7.780000e-03 3.230000e-02
37 9.584840e-01 7.956000e-03 3.356000e-02
38 9.568280e-01 8.148000e-03 3.502400e-02
39 9.554680e-01 8.064000e-03 3.646800e-02
40 9.540960e-01 8.068000e-03 3.783600e-02
41 9.526800e-01 8.008000e-03 3.931200e-02
42 9.513160e-01 8.036000e-03 4.064800e-02
43 9.499040e-01 8.108000e-03 4.198800e-02
44 9.483600e-01 8.152000e-03 4.348800e-02
45 9.470360e-01 8.012000e-03 4.495200e-02
46 9.456600e-01 7.972000e-03 4.636800e-02
47 9.440880e-01 8.068000e-03 4.784400e-02
48 9.427920e-01 7.840000e-03 4.936800e-02
49 9.413160e-01 7.984000e-03 5.070000e-02
50 9.399200e-01 8.024000e-03 5.205600e-02
51 9.385280e-01 7.944000e-03 5.352800e-02
52 9.371160e-01 7.996000e-03 5.488800e-02
53 9.355240e-01 8.148000e-03 5.632800e-02
54 9.340040e-01 8.304000e-03 5.769200e-02
55 9.324640e-01 8.312000e-03 5.922400e-02
56 9.309640e-01 8.280000e-03 6.075600e-02
57 9.294440e-01 8.292000e-03 6.226400e-02
58 9.279400e-01 8.364000e-03 6.369600e-02
59 9.264480e-01 8.304000e-03 6.524800e-02
60 9.250320e-01 8.276000e-03 6.669200e-02
61 9.237280e-01 8.216000e-03 6.805600e-02
62 9.223360e-01 8.184000e-03 6.948000e-02
63 9.207520e-01 8.288000e-03 7.096000e-02
64 9.193600e-01 8.164000e-03 7.247600e-02
65 9.179000e-01 8.300000e-03 7.380000e-02
66 9.163400e-01 8.420000e-03 7.524000e-02
67 9.147920e-01 8.504000e-03 7.670400e-02
68 9.132320e-01 8.560000e-03 7.820800e-02
69 9.118120e-01 8.608000e-03 7.958000e-02
70 9.102240e-01 8.692000e-03 8.108400e-02
71 9.088560e-01 8.520000e-03 8.262400e-02
72 9.074520e-01 8.440000e-03 8.410800e-02
73 9.059520e-01 8.500000e-03 8.554800e-02
74 9.045360e-01 8.500000e-03 8.696400e-02
75 9.031360e-01 8.236000e-03 8.862800e-02
76 9.017480e-01 8.196000e-03 9.005600e-02
77 9.005280e-01 7.968000e-03 9.150400e-02
78 8.990520e-01 7.956000e-03 9.299200e-02
79 8.977360e-01 7.952000e-03 9.431200e-02
80 8.964240e-01 7.816000e-03 9.576000e-02
81 8.950400e-01 7.856000e-03 9.710400e-02
82 8.936240e-01 7.924000e-03 9.845200e-02
83 8.922080e-01 7.944000e-03 9.984800e-02
84 8.907760e-01 7.880000e-03 1.013440e-01
85 8.893600e-01 8.024000e-03 1.026160e-01
86 8.877840e-01 8.112000e-03 1.041040e-01
87 8.862560e-01 8.192000e-03 1.055520e-01
88 8.847680e-01 8.268000e-03 1.069640e-01
89 8.832920e-01 8.244000e-03 1.084640e-01
90 8.817320e-01 8.396000e-03 1.098720e-01
91 8.802040e-01 8.532000e-03 1.112640e-01
92 8.786840e-01 8.492000e-03 1.128240e-01
93 8.771920e-01 8.412000e-03 1.143960e-01
94 8.755840e-01 8.464000e-03 1.159520e-01
95 8.740880e-01 8.440000e-03 1.174720e-01
96 8.725280e-01 8.512000e-03 1.189600e-01
97 8.712000e-01 8.376000e-03 1.204240e-01
98 8.697400e-01 8.512000e-03 1.217480e-01
99 8.681080e-01 8.664000e-03 1.232280e-01
100 8.666360e-01 8.632000e-03 1.247320e-01
101 8.650880e-01 8.644000e-03 1.262680e-01
102 8.635000e-01 8.776000e-03 1.277240e-01
103 8.618400e-01 8.956000e-03 1.292040e-01
104 8.604560e-01 8.676000e-03 1.308680e-01
105 8.591160e-01 8.524000e-03 1.323600e-01
106 8.577120e-01 8.492000e-03 1.337960e-01
107 8.564040e-01 8.260000e-03 1.353360e-01
108 8.550720e-01 8.052000e-03 1.368760e-01
109 8.535200e-01 8.184000e-03 1.382960e-01
110 8.521480e-01 8.156000e-03 1.396960e-01
111 8.507880e-01 8.032000e-03 1.411800e-01
112 8.495600e-01 7.752000e-03 1.426880e-01
113 8.483640e-01 7.660000e-03 1.439760e-01
114 8.472080e-01 7.564000e-03 1.452280e-01
115 8.461200e-01 7.336000e-03 1.465440e-01
116 8.450040e-01 7.116000e-03 1.478800e-01
117 8.439240e-01 7.072000e-03 1.490040e-01
118 8.427520e-01 7.088000e-03 1.501600e-01
119 8.415840e-01 6.948000e-03 1.514680e-01
120 8.403360e-01 6.920000e-03 1.527440e-01
121 8.391920e-01 6.888000e-03 1.539200e-01
122 8.379640e-01 6.828000e-03 1.552080e-01
123 8.367480e-01 6.920000e-03 1.563320e-01
124 8.354960e-01 6.964000e-03 1.575400e-01
125 8.343840e-01 6.940000e-03 1.586760e-01
126 8.331840e-01 6.960000e-03 1.598560e-01
127 8.320680e-01 6.912000e-03 1.610200e-01
128 8.308240e-01 6.944000e-03 1.622320e-01
129 8.296640e-01 6.904000e-03 1.634320e-01
130 8.285760e-01 6.840000e-03 1.645840e-01
131 8.274680e-01 6.712000e-03 1.658200e-01
132 8.263040e-01 6.632000e-03 1.670640e-01
133 8.251560e-01 6.560000e-03 1.682840e-01
134 8.240680e-01 6.536000e-03 1.693960e-01
135 8.229000e-01 6.632000e-03 1.704680e-01
136 8.216520e-01 6.776000e-03 1.715720e-01
137 8.205560e-01 6.796000e-03 1.726480e-01
138 8.193400e-01 6.692000e-03 1.739680e-01
139 8.182400e-01 6.600000e-03 1.751600e-01
140 8.170800e-01 6.540000e-03 1.763800e-01
141 8.157400e-01 6.636000e-03 1.776240e-01
142 8.146520e-01 6.524000e-03 1.788240e-01
143 8.136000e-01 6.440000e-03 1.799600e-01
144 8.125560e-01 6.408000e-03 1.810360e-01
145 8.115120e-01 6.336000e-03 1.821520e-01
146 8.105760e-01 6.256000e-03 1.831680e-01
147 8.095600e-01 6.172000e-03 1.842680e-01
148 8.085560e-01 6.076000e-03 1.853680e-01
149 8.075600e-01 6.104000e-03 1.863360e-01
150 8.064880e-01 6.156000e-03 1.873560e-01
151 8.054400e-01 6.052000e-03 1.885080e-01
152 8.044680e-01 5.948000e-03 1.895840e-01
153 8.035600e-01 5.768000e-03 1.906720e-01
154 8.026480e-01 5.596000e-03 1.917560e-01
155 8.016720e-01 5.576000e-03 1.927520e-01
156 8.008040e-01 5.464000e-03 1.937320e-01
157 7.999080e-01 5.440000e-03 1.946520e-01
158 7.990200e-01 5.400000e-03 1.955800e-01
159 7.981680e-01 5.348000e-03 1.964840e-01
160 7.972600e-01 5.324000e-03 1.974160e-01
161 7.963720e-01 5.220000e-03 1.984080e-01
162 7.955200e-01 5.208000e-03 1.992720e-01
163 7.946120e-01 5.180000e-03 2.002080e-01
164 7.937440e-01 5.100000e-03 2.011560e-01
165 7.928600e-01 5.028000e-03 2.021120e-01
166 7.920600e-01 4.880000e-03 2.030600e-01
167 7.913200e-01 4.828000e-03 2.038520e-01
168 7.905760e-01 4.652000e-03 2.047720e-01
169 7.898120e-01 4.612000e-03 2.055760e-01
170 7.891480e-01 4.412000e-03 2.064400e-01
171 7.882280e-01 4.532000e-03 2.072400e-01
172 7.875240e-01 4.512000e-03 2.079640e-01
173 7.868240e-01 4.420000e-03 2.087560e-01
174 7.861320e-01 4.320000e-03 2.095480e-01
175 7.854360e-01 4.312000e-03 2.102520e-01
176 7.847760e-01 4.316000e-03 2.109080e-01
177 7.841040e-01 4.240000e-03 2.116560e-01
178 7.833320e-01 4.316000e-03 2.123520e-01
179 7.826320e-01 4.252000e-03 2.131160e-01
180 7.817680e-01 4.308000e-03 2.139240e-01
181 7.811800e-01 4.232000e-03 2.145880e-01
182 7.804800e-01 4.172000e-03 2.153480e-01
183 7.796520e-01 4.288000e-03 2.160600e-01
184 7.788800e-01 4.272000e-03 2.168480e-01
185 7.782040e-01 4.208000e-03 2.175880e-01
186 7.774880e-01 4.116000e-03 2.183960e-01
187 7.768200e-01 4.160000e-03 2.190200e-01
188 7.761240e-01 4.168000e-03 2.197080e-01
189 7.754600e-01 4.140000e-03 2.204000e-01
190 7.747480e-01 4.080000e-03 2.211720e-01
191 7.740400e-01 4.048000e-03 2.219120e-01
192 7.732520e-01 4.108000e-03 2.226400e-01
193 7.724880e-01 4.168000e-03 2.233440e-01
194 7.718000e-01 4.192000e-03 2.240080e-01
195 7.711200e-01 4.156000e-03 2.247240e-01
196 7.703960e-01 4.188000e-03 2.254160e-01
197 7.697160e-01 4.084000e-03 2.262000e-01
198 7.690200e-01 4.128000e-03 2.268520e-01
199 7.682200e-01 4.116000e-03 2.276640e-01
200 7.674920e-01 4.128000e-03 2.283800e-01
201 7.666840e-01 4.292000e-03 2.290240e-01
202 7.659320e-01 4.232000e-03 2.298360e-01
203 7.651920e-01 4.296000e-03 2.305120e-01
204 7.644320e-01 4.300000e-03 2.312680e-01
205 7.636600e-01 4.272000e-03 2.320680e-01
206 7.629800e-01 4.212000e-03 2.328080e-01
207 7.622640e-01 4.104000e-03 2.336320e-01
208 7.615400e-01 4.092000e-03 2.343680e-01
209 7.608920e-01 4.100000e-03 2.350080e-01
210 7.601840e-01 4.116000e-03 2.357000e-01
211 7.595080e-01 4.060000e-03 2.364320e-01
212 7.588280e-01 4.012000e-03 2.371600e-01
213 7.582920e-01 3.800000e-03 2.379080e-01
214 7.577320e-01 3.704000e-03 2.385640e-01
215 7.571720e-01 3.628000e-03 2.392000e-01
216 7.566400e-01 3.616000e-03 2.397440e-01
217 7.560720e-01 3.556000e-03 2.403720e-01
218 7.555520e-01 3.504000e-03 2.409440e-01
219 7.548920e-01 3.516000e-03 2.415920e-01
220 7.542960e-01 3.484000e-03 2.422200e-01
221 7.536960e-01 3.412000e-03 2.428920e-01
222 7.530760e-01 3.468000e-03 2.434560e-01
223 7.525480e-01 3.408000e-03 2.440440e-01
224 7.518600e-01 3.464000e-03 2.446760e-01
225 7.512880e-01 3.388000e-03 2.453240e-01
226 7.506920e-01 3.332000e-03 2.459760e-01
227 7.500640e-01 3.436000e-03 2.465000e-01
228 7.494400e-01 3.508000e-03 2.470520e-01
229 7.488840e-01 3.416000e-03 2.477000e-01
230 7.483120e-01 3.316000e-03 2.483720e-01
231 7.478320e-01 3.148000e-03 2.490200e-01
232 7.473040e-01 3.144000e-03 2.495520e-01
233 7.468240e-01 3.108000e-03 2.500680e-01
234 7.462840e-01 3.136000e-03 2.505800e-01
235 7.457920e-01 3.040000e-03 2.511680e-01
236 7.453040e-01 2.960000e-03 2.517360e-01
237 7.447120e-01 3.036000e-03 2.522520e-01
238 7.442520e-01 2.980000e-03 2.527680e-01
239 7.436400e-01 3.028000e-03 2.533320e-01
240 7.432120e-01 2.884000e-03 2.539040e-01
241 7.428280e-01 2.828000e-03 2.543440e-01
242 7.423320e-01 2.832000e-03 2.548360e-01
243 7.419560e-01 2.784000e-03 2.552600e-01
244 7.414840e-01 2.844000e-03 2.556720e-01
245 7.409800e-01 2.768000e-03 2.562520e-01
246 7.405360e-01 2.672000e-03 2.567920e-01
247 7.401200e-01 2.636000e-03 2.572440e-01
248 7.397880e-01 2.480000e-03 2.577320e-01
249 7.393600e-01 2.432000e-03 2.582080e-01
250 7.390000e-01 2.368000e-03 2.586320e-01
251 7.386400e-01 2.328000e-03 2.590320e-01
252 7.383400e-01 2.268000e-03 2.593920e-01
253 7.379720e-01 2.272000e-03 2.597560e-01
254 7.375960e-01 2.264000e-03 2.601400e-01
255 7.372160e-01 2.228000e-03 2.605560e-01
256 7.367680e-01 2.280000e-03 2.609520e-01
257 7.364600e-01 2.208000e-03 2.613320e-01
258 7.360680e-01 2.228000e-03 2.617040e-01
259 7.357640e-01 2.128000e-03 2.621080e-01
260 7.353760e-01 2.136000e-03 2.624880e-01
261 7.350120e-01 2.156000e-03 2.628320e-01
262 7.346040e-01 2.124000e-03 2.632720e-01
263 7.342360e-01 2.072000e-03 2.636920e-01
264 7.338680e-01 2.096000e-03 2.640360e-01
265 7.335160e-01 2.140000e-03 2.643440e-01
266 7.331440e-01 2.152000e-03 2.647040e-01
267 7.328560e-01 2.080000e-03 2.650640e-01
268 7.325880e-01 1.924000e-03 2.654880e-01
269 7.322680e-01 1.900000e-03 2.658320e-01
270 7.319280e-01 1.964000e-03 2.661080e-01
271 7.315960e-01 1.944000e-03 2.664600e-01
272 7.312960e-01 1.860000e-03 2.668440e-01
273 7.310040e-01 1.812000e-03 2.671840e-01
274 7.306760e-01 1.836000e-03 2.674880e-01
275 7.303640e-01 1.868000e-03 2.677680e-01
276 7.301080e-01 1.808000e-03 2.680840e-01
277 7.298920e-01 1.660000e-03 2.684480e-01
278 7.296000e-01 1.668000e-03 2.687320e-01
279 7.292920e-01 1.700000e-03 2.690080e-01
280 7.289920e-01 1.728000e-03 2.692800e-01
281 7.287600e-01 1.660000e-03 2.695800e-01
282 7.284720e-01 1.628000e-03 2.699000e-01
283 7.282400e-01 1.588000e-03 2.701720e-01
284 7.279560e-01 1.620000e-03 2.704240e-01
285 7.276600e-01 1.624000e-03 2.707160e-01
286 7.273480e-01 1.644000e-03 2.710080e-01
287 7.270280e-01 1.664000e-03 2.713080e-01
288 7.267600e-01 1.656000e-03 2.715840e-01
289 7.264520e-01 1.640000e-03 2.719080e-01
290 7.261440e-01 1.652000e-03 2.722040e-01
291 7.258240e-01 1.640000e-03 2.725360e-01
292 7.255000e-01 1.632000e-03 2.728680e-01
293 7.251600e-01 1.656000e-03 2.731840e-01
294 7.248160e-01 1.728000e-03 2.734560e-01
295 7.244960e-01 1.804000e-03 2.737000e-01
296 7.241720e-01 1.772000e-03 2.740560e-01
297 7.239120e-01 1.700000e-03 2.743880e-01
298 7.236040e-01 1.656000e-03 2.747400e-01
299 7.233080e-01 1.672000e-03 2.750200e-01
300 7.229720e-01 1.716000e-03 2.753120e-01
301 7.226400e-01 1.764000e-03 2.755960e-01
302 7.223560e-01 1.704000e-03 2.759400e-01
303 7.220520e-01 1.740000e-03 2.762080e-01
304 7.217640e-01 1.688000e-03 2.765480e-01
305 7.214720e-01 1.664000e-03 2.768640e-01
306 7.211000e-01 1.696000e-03 2.772040e-01
307 7.208160e-01 1.692000e-03 2.774920e-01
308 7.205320e-01 1.692000e-03 2.777760e-01
309 7.202440e-01 1.664000e-03 2.780920e-01
310 7.199560e-01 1.624000e-03 2.784200e-01
311 7.196560e-01 1.632000e-03 2.787120e-01
312 7.193720e-01 1.616000e-03 2.790120e-01
313 7.190240e-01 1.712000e-03 2.792640e-01
314 7.187480e-01 1.676000e-03 2.795760e-01
315 7.184320e-01 1.740000e-03 2.798280e-01
316 7.181400e-01 1.680000e-03 2.801800e-01
317 7.178240e-01 1.692000e-03 2.804840e-01
318 7.175640e-01 1.660000e-03 2.807760e-01
319 7.172240e-01 1.692000e-03 2.810840e-01
320 7.169640e-01 1.644000e-03 2.813920e-01
321 7.166560e-01 1.700000e-03 2.816440e-01
322 7.163160e-01 1.756000e-03 2.819280e-01
323 7.160360e-01 1.712000e-03 2.822520e-01
324 7.157200e-01 1.744000e-03 2.825360e-01
325 7.154400e-01 1.684000e-03 2.828760e-01
326 7.150880e-01 1.720000e-03 2.831920e-01
327 7.147880e-01 1.716000e-03 2.834960e-01
328 7.144840e-01 1.752000e-03 2.837640e-01
329 7.141840e-01 1.720000e-03 2.840960e-01
330 7.139240e-01 1.652000e-03 2.844240e-01
331 7.136600e-01 1.628000e-03 2.847120e-01
332 7.133960e-01 1.632000e-03 2.849720e-01
333 7.131840e-01 1.532000e-03 2.852840e-01
334 7.128840e-01 1.572000e-03 2.855440e-01
335 7.126320e-01 1.492000e-03 2.858760e-01
336 7.123920e-01 1.432000e-03 2.861760e-01
337 7.120800e-01 1.420000e-03 2.865000e-01
338 7.118680e-01 1.364000e-03 2.867680e-01
339 7.116000e-01 1.404000e-03 2.869960e-01
340 7.113640e-01 1.420000e-03 2.872160e-01
341 7.111000e-01 1.460000e-03 2.874400e-01
342 7.108680e-01 1.412000e-03 2.877200e-01
343 7.106200e-01 1.448000e-03 2.879320e-01
344 7.104240e-01 1.368000e-03 2.882080e-01
345 7.102280e-01 1.324000e-03 2.884480e-01
346 7.100480e-01 1.324000e-03 2.886280e-01
347 7.098120e-01 1.348000e-03 2.888400e-01
348 7.095680e-01 1.344000e-03 2.890880e-01
349 7.093280e-01 1.384000e-03 2.892880e-01
350 7.090160e-01 1.468000e-03 2.895160e-01
351 7.087440e-01 1.412000e-03 2.898440e-01
352 7.085080e-01 1.380000e-03 2.901120e-01
353 7.082320e-01 1.456000e-03 2.903120e-01
354 7.079960e-01 1.412000e-03 2.905920e-01
355 7.077800e-01 1.420000e-03 2.908000e-01
356 7.075640e-01 1.384000e-03 2.910520e-01
357 7.073680e-01 1.356000e-03 2.912760e-01
358 7.072160e-01 1.268000e-03 2.915160e-01
359 7.070640e-01 1.212000e-03 2.917240e-01
360 7.069120e-01 1.156000e-03 2.919320e-01
361 7.067760e-01 1.028000e-03 2.921960e-01
362 7.066440e-01 9.120000e-04 2.924440e-01
363 7.065520e-01 8.360000e-04 2.926120e-01
364 7.064800e-01 7.160000e-04 2.928040e-01
365 7.064080e-01 6.720000e-04 2.929200e-01
366 7.063440e-01 6.120000e-04 2.930440e-01
367 7.062640e-01 5.480000e-04 2.931880e-01
368 7.061960e-01 4.920000e-04 2.933120e-01
369 7.061160e-01 5.160000e-04 2.933680e-01
370 7.059840e-01 5.560000e-04 2.934600e-01
371 7.059040e-01 5.320000e-04 2.935640e-01
372 7.058400e-01 5.120000e-04 2.936480e-01
373 7.057560e-01 5.000000e-04 2.937440e-01
374 7.057160e-01 4.680000e-04 2.938160e-01
375 7.056360e-01 4.560000e-04 2.939080e-01
376 7.055600e-01 4.280000e-04 2.940120e-01
377 7.055080e-01 3.840000e-04 2.941080e-01
378 7.054720e-01 3.720000e-04 2.941560e-01
379 7.054320e-01 3.480000e-04 2.942200e-01
380 7.054040e-01 3.000000e-04 2.942960e-01
381 7.053680e-01 2.920000e-04 2.943400e-01
382 7.053360e-01 2.560000e-04 2.944080e-01
383 7.053080e-01 2.320000e-04 2.944600e-01
384 7.052920e-01 1.840000e-04 2.945240e-01
385 7.052560e-01 1.800000e-04 2.945640e-01
386 7.052200e-01 1.920000e-04 2.945880e-01
387 7.051920e-01 2.000000e-04 2.946080e-01
388 7.051720e-01 1.840000e-04 2.946440e-01
389 7.051400e-01 1.960000e-04 2.946640e-01
390 7.050760e-01 2.200000e-04 2.947040e-01
391 7.050320e-01 2.120000e-04 2.947560e-01
392 7.050080e-01 2.040000e-04 2.947880e-01
393 7.049880e-01 1.840000e-04 2.948280e-01
394 7.049560e-01 1.800000e-04 2.948640e-01
395 7.049360e-01 1.720000e-04 2.948920e-01
396 7.049000e-01 1.760000e-04 2.949240e-01
397 7.048760e-01 1.560000e-04 2.949680e-01
398 7.048360e-01 1.720000e-04 2.949920e-01
399 7.048200e-01 1.640000e-04 2.950160e-01
400 7.048160e-01 1.400000e-04 2.950440e-01
401 7.047960e-01 1.360000e-04 2.950680e-01
402 7.047720e-01 1.400000e-04 2.950880e-01
403 7.047520e-01 1.480000e-04 2.951000e-01
404 7.047320e-01 1.400000e-04 2.951280e-01
405 7.047200e-01 1.320000e-04 2.951480e-01
406 7.047080e-01 1.280000e-04 2.951640e-01
407 7.047000e-01 1.000000e-04 2.952000e-01
408 7.046920e-01 1.040000e-04 2.952040e-01
409 7.046800e-01 1.040000e-04 2.952160e-01
410 7.046720e-01 1.040000e-04 2.952240e-01
411 7.046600e-01 1.000000e-04 2.952400e-01
412 7.046440e-01 9.200000e-05 2.952640e-01
413 7.045960e-01 1.160000e-04 2.952880e-01
414 7.045720e-01 1.360000e-04 2.952920e-01
415 7.045600e-01 1.160000e-04 2.953240e-01
416 7.045360e-01 1.200000e-04 2.953440e-01
417 7.045080e-01 1.240000e-04 2.953680e-01
418 7.044880e-01 1.200000e-04 2.953920e-01
419 7.044760e-01 9.600000e-05 2.954280e-01
420 7.044680e-01 8.400000e-05 2.954480e-01
421 7.044320e-01 9.600000e-05 2.954720e-01
422 7.044240e-01 8.000000e-05 2.954960e-01
423 7.044080e-01 8.000000e-05 2.955120e-01
424 7.043960e-01 8.400000e-05 2.955200e-01
425 7.043840e-01 8.000000e-05 2.955360e-01
426 7.043720e-01 7.200000e-05 2.955560e-01
427 7.043440e-01 8.400000e-05 2.955720e-01
428 7.043240e-01 1.000000e-04 2.955760e-01
429 7.043240e-01 8.800000e-05 2.955880e-01
430 7.043160e-01 7.600000e-05 2.956080e-01
431 7.043080e-01 6.800000e-05 2.956240e-01
432 7.042960e-01 6.800000e-05 2.956360e-01
433 7.042920e-01 6.000000e-05 2.956480e-01
434 7.042880e-01 6.400000e-05 2.956480e-01
435 7.042760e-01 7.200000e-05 2.956520e-01
436 7.042760e-01 5.600000e-05 2.956680e-01
437 7.042720e-01 5.200000e-05 2.956760e-01
438 7.042720e-01 3.200000e-05 2.956960e-01
439 7.042720e-01 2.400000e-05 2.957040e-01
440 7.042720e-01 2.400000e-05 2.957040e-01
441 7.042680e-01 2.000000e-05 2.957120e-01
442 7.042640e-01 2.400000e-05 2.957120e-01
443 7.042640e-01 2.000000e-05 2.957160e-01
444 7.042480e-01 3.200000e-05 2.957200e-01
445 7.042440e-01 3.600000e-05 2.957200e-01
446 7.042360e-01 4.400000e-05 2.957200e-01
447 7.042320e-01 4.400000e-05 2.957240e-01
448 7.042280e-01 4.400000e-05 2.957280e-01
449 7.042160e-01 4.800000e-05 2.957360e-01
450 7.042160e-01 4.400000e-05 2.957400e-01
451 7.042120e-01 3.600000e-05 2.957520e-01
452 7.042080e-01 4.000000e-05 2.957520e-01
453 7.041960e-01 5.200000e-05 2.957520e-01
454 7.041880e-01 5.200000e-05 2.957600e-01
455 7.041840e-01 4.800000e-05 2.957680e-01
456 7.041760e-01 4.400000e-05 2.957800e-01
457 7.041760e-01 4.000000e-05 2.957840e-01
458 7.041680e-01 4.800000e-05 2.957840e-01
459 7.041600e-01 4.000000e-05 2.958000e-01
460 7.041560e-01 4.400000e-05 2.958000e-01
461 7.041520e-01 4.000000e-05 2.958080e-01
462 7.041440e-01 4.400000e-05 2.958120e-01
463 7.041400e-01 4.000000e-05 2.958200e-01
464 7.041400e-01 3.600000e-05 2.958240e-01
465 7.041280e-01 4.800000e-05 2.958240e-01
466 7.041280e-01 4.000000e-05 2.958320e-01
467 7.041240e-01 3.600000e-05 2.958400e-01
468 7.041200e-01 3.200000e-05 2.958480e-01
469 7.041120e-01 3.600000e-05 2.958520e-01
470 7.041040e-01 3.600000e-05 2.958600e-01
471 7.040920e-01 3.600000e-05 2.958720e-01
472 7.040920e-01 2.800000e-05 2.958800e-01
473 7.040920e-01 2.800000e-05 2.958800e-01
474 7.040920e-01 2.400000e-05 2.958840e-01
475 7.040920e-01 2.400000e-05 2.958840e-01
476 7.040920e-01 2.400000e-05 2.958840e-01
477 7.040920e-01 2.000000e-05 2.958880e-01
478 7.040920e-01 2.000000e-05 2.958880e-01
479 7.040920e-01 2.000000e-05 2.958880e-01
480 7.040920e-01 2.000000e-05 2.958880e-01
481 7.040880e-01 2.000000e-05 2.958920e-01
482 7.040880e-01 2.000000e-05 2.958920e-01
483 7.040880e-01 2.000000e-05 2.958920e-01
484 7.040840e-01 2.400000e-05 2.958920e-01
485 7.040840e-01 2.400000e-05 2.958920e-01
486 7.040800e-01 2.400000e-05 2.958960e-01
487 7.040800e-01 1.600000e-05 2.959040e-01
488 7.040800e-01 1.600000e-05 2.959040e-01
489 7.040800e-01 4.000000e-06 2.959160e-01
490 7.040800e-01 4.000000e-06 2.959160e-01
491 7.040800e-01 4.000000e-06 2.959160e-01
492 7.040800e-01 4.000000e-06 2.959160e-01
493 7.040800e-01 4.000000e-06 2.959160e-01
494 7.040760e-01 8.000000e-06 2.959160e-01
495 7.040760e-01 8.000000e-06 2.959160e-01
496 7.040760e-01 4.000000e-06 2.959200e-01
497 7.040760e-01 4.000000e-06 2.959200e-01
498 7.040760e-01 4.000000e-06 2.959200e-01
499 7.040760e-01 4.000000e-06 2.959200e-01
500 7.040760e-01 4.000000e-06 2.959200e-01
