1 9.992240e-01 6.680000e-04 1.080000e-04
2 9.987320e-01 9.920000e-04 2.760000e-04
3 9.981360e-01 1.364000e-03 5.000000e-04
4 9.975400e-01 1.744000e-03 7.160000e-04
5 9.967320e-01 2.216000e-03 1.052000e-03
6 9.958640e-01 2.640000e-03 1.496000e-03
7 9.949640e-01 3.036000e-03 2.000000e-03
8 9.940560e-01 3.436000e-03 2.508000e-03
9 9.931760e-01 3.684000e-03 3.140000e-03
10 9.922320e-01 3.932000e-03 3.836000e-03
11 9.911560e-01 4.292000e-03 4.552000e-03
12 9.900400e-01 4.556000e-03 5.404000e-03
13 9.889240e-01 4.772000e-03 6.304000e-03
14 9.878920e-01 4.916000e-03 7.192000e-03
15 9.868320e-01 5.216000e-03 7.952000e-03
16 9.856160e-01 5.528000e-03 8.856000e-03
17 9.843800e-01 5.692000e-03 9.928000e-03
18 9.832800e-01 5.816000e-03 1.090400e-02
19 9.820800e-01 6.120000e-03 1.180000e-02
20 9.809360e-01 6.180000e-03 1.288400e-02
21 9.796200e-01 6.392000e-03 1.398800e-02
22 9.782200e-01 6.688000e-03 1.509200e-02
23 9.768640e-01 6.788000e-03 1.634800e-02
24 9.755320e-01 6.820000e-03 1.764800e-02
25 9.742440e-01 6.996000e-03 1.876000e-02
26 9.729680e-01 6.972000e-03 2.006000e-02
27 9.717280e-01 6.968000e-03 2.130400e-02
28 9.703760e-01 7.036000e-03 2.258800e-02
29 9.690560e-01 7.068000e-03 2.387600e-02
30 9.677920e-01 7.044000e-03 2.516400e-02
31 9.664320e-01 7.080000e-03 2.648800e-02
32 9.651480e-01 7.204000e-03 2.764800e-02
33 9.637120e-01 7.404000e-03 2.888400e-02
34 9.622680e-01 7.576000e-03 3.015600e-02
35 9.609240e-01 7.696000e-03 3.138000e-02
36 9.596960e-01 7.472000e-03 3.283200e-02
37 9.583520e-01 7.500000e-03 3.414800e-02
38 9.569560e-01 7.604000e-03 3.544000e-02
39 9.554840e-01 7.736000e-03 3.678000e-02
40 9.542440e-01 7.580000e-03 3.817600e-02
41 9.529800e-01 7.560000e-03 3.946000e-02
42 9.515120e-01 7.732000e-03 4.075600e-02
43 9.500440e-01 7.916000e-03 4.204000e-02
44 9.487120e-01 7.800000e-03 4.348800e-02
45 9.473280e-01 7.784000e-03 4.488800e-02
46 9.458440e-01 7.900000e-03 4.625600e-02
47 9.445520e-01 7.744000e-03 4.770400e-02
48 9.431960e-01 7.828000e-03 4.897600e-02
49 9.419640e-01 7.760000e-03 5.027600e-02
50 9.404600e-01 7.888000e-03 5.165200e-02
51 9.391160e-01 7.812000e-03 5.307200e-02
52 9.378640e-01 7.612000e-03 5.452400e-02
53 9.365960e-01 7.464000e-03 5.594000e-02
54 9.352520e-01 7.516000e-03 5.723200e-02
55 9.341040e-01 7.376000e-03 5.852000e-02
56 9.327800e-01 7.424000e-03 5.979600e-02
57 9.313760e-01 7.364000e-03 6.126000e-02
58 9.301400e-01 7.376000e-03 6.248400e-02
59 9.287480e-01 7.496000e-03 6.375600e-02
60 9.275080e-01 7.428000e-03 6.506400e-02
61 9.262640e-01 7.324000e-03 6.641200e-02
62 9.250320e-01 7.272000e-03 6.769600e-02
63 9.237000e-01 7.344000e-03 6.895600e-02
64 9.222880e-01 7.580000e-03 7.013200e-02
65 9.209760e-01 7.540000e-03 7.148400e-02
66 9.195920e-01 7.632000e-03 7.277600e-02
67 9.181640e-01 7.752000e-03 7.408400e-02
68 9.167440e-01 7.752000e-03 7.550400e-02
69 9.153080e-01 7.872000e-03 7.682000e-02
70 9.138920e-01 7.992000e-03 7.811600e-02
71 9.123920e-01 8.040000e-03 7.956800e-02
72 9.108880e-01 8.172000e-03 8.094000e-02
73 9.094040e-01 8.336000e-03 8.226000e-02
74 9.078240e-01 8.360000e-03 8.381600e-02
75 9.061240e-01 8.596000e-03 8.528000e-02
76 9.044880e-01 8.648000e-03 8.686400e-02
77 9.029200e-01 8.716000e-03 8.836400e-02
78 9.014200e-01 8.604000e-03 8.997600e-02
79 8.998920e-01 8.468000e-03 9.164000e-02
80 8.983600e-01 8.624000e-03 9.301600e-02
81 8.969360e-01 8.420000e-03 9.464400e-02
82 8.955560e-01 8.456000e-03 9.598800e-02
83 8.940360e-01 8.604000e-03 9.736000e-02
84 8.926240e-01 8.528000e-03 9.884800e-02
85 8.912240e-01 8.476000e-03 1.003000e-01
86 8.895960e-01 8.672000e-03 1.017320e-01
87 8.881120e-01 8.684000e-03 1.032040e-01
88 8.866200e-01 8.692000e-03 1.046880e-01
89 8.850280e-01 8.792000e-03 1.061800e-01
90 8.836120e-01 8.740000e-03 1.076480e-01
91 8.821720e-01 8.620000e-03 1.092080e-01
92 8.806000e-01 8.748000e-03 1.106520e-01
93 8.791280e-01 8.824000e-03 1.120480e-01
94 8.775200e-01 8.868000e-03 1.136120e-01
95 8.761680e-01 8.756000e-03 1.150760e-01
96 8.747920e-01 8.656000e-03 1.165520e-01
97 8.734720e-01 8.404000e-03 1.181240e-01
98 8.719200e-01 8.460000e-03 1.196200e-01
99 8.704160e-01 8.424000e-03 1.211600e-01
100 8.688000e-01 8.652000e-03 1.225480e-01
101 8.673040e-01 8.544000e-03 1.241520e-01
102 8.658960e-01 8.528000e-03 1.255760e-01
103 8.644960e-01 8.332000e-03 1.271720e-01
104 8.630200e-01 8.340000e-03 1.286400e-01
105 8.615880e-01 8.380000e-03 1.300320e-01
106 8.602280e-01 8.172000e-03 1.316000e-01
107 8.587160e-01 8.232000e-03 1.330520e-01
108 8.574200e-01 8.056000e-03 1.345240e-01
109 8.559200e-01 8.296000e-03 1.357840e-01
110 8.545360e-01 8.276000e-03 1.371880e-01
111 8.529880e-01 8.396000e-03 1.386160e-01
112 8.515400e-01 8.400000e-03 1.400600e-01
113 8.501120e-01 8.428000e-03 1.414600e-01
114 8.486920e-01 8.348000e-03 1.429600e-01
115 8.472400e-01 8.344000e-03 1.444160e-01
116 8.459000e-01 8.268000e-03 1.458320e-01
117 8.444360e-01 8.300000e-03 1.472640e-01
118 8.429760e-01 8.304000e-03 1.487200e-01
119 8.414440e-01 8.404000e-03 1.501520e-01
120 8.399840e-01 8.320000e-03 1.516960e-01
121 8.384800e-01 8.316000e-03 1.532040e-01
122 8.370400e-01 8.312000e-03 1.546480e-01
123 8.355040e-01 8.372000e-03 1.561240e-01
124 8.339800e-01 8.460000e-03 1.575600e-01
125 8.324120e-01 8.728000e-03 1.588600e-01
126 8.309520e-01 8.736000e-03 1.603120e-01
127 8.293760e-01 8.736000e-03 1.618880e-01
128 8.276760e-01 8.824000e-03 1.635000e-01
129 8.260720e-01 8.812000e-03 1.651160e-01
130 8.244400e-01 8.748000e-03 1.668120e-01
131 8.228640e-01 8.704000e-03 1.684320e-01
132 8.213760e-01 8.748000e-03 1.698760e-01
133 8.199920e-01 8.464000e-03 1.715440e-01
134 8.186520e-01 8.428000e-03 1.729200e-01
135 8.172720e-01 8.408000e-03 1.743200e-01
136 8.157840e-01 8.504000e-03 1.757120e-01
137 8.144600e-01 8.268000e-03 1.772720e-01
138 8.130440e-01 8.236000e-03 1.787200e-01
139 8.117160e-01 8.136000e-03 1.801480e-01
140 8.105120e-01 7.848000e-03 1.816400e-01
141 8.092400e-01 7.740000e-03 1.830200e-01
142 8.080520e-01 7.588000e-03 1.843600e-01
143 8.067240e-01 7.632000e-03 1.856440e-01
144 8.054840e-01 7.552000e-03 1.869640e-01
145 8.042120e-01 7.404000e-03 1.883840e-01
146 8.030280e-01 7.328000e-03 1.896440e-01
147 8.018480e-01 7.280000e-03 1.908720e-01
148 8.005520e-01 7.328000e-03 1.921200e-01
149 7.993120e-01 7.248000e-03 1.934400e-01
150 7.981320e-01 7.164000e-03 1.947040e-01
151 7.969040e-01 7.192000e-03 1.959040e-01
152 7.958640e-01 7.008000e-03 1.971280e-01
153 7.947040e-01 6.908000e-03 1.983880e-01
154 7.935720e-01 6.852000e-03 1.995760e-01
155 7.923320e-01 6.952000e-03 2.007160e-01
156 7.912320e-01 6.748000e-03 2.020200e-01
157 7.900800e-01 6.636000e-03 2.032840e-01
158 7.890440e-01 6.432000e-03 2.045240e-01
159 7.879480e-01 6.408000e-03 2.056440e-01
160 7.868040e-01 6.440000e-03 2.067560e-01
161 7.858840e-01 6.196000e-03 2.079200e-01
162 7.850120e-01 5.900000e-03 2.090880e-01
163 7.841640e-01 5.712000e-03 2.101240e-01
164 7.831920e-01 5.632000e-03 2.111760e-01
165 7.822840e-01 5.732000e-03 2.119840e-01
166 7.813080e-01 5.636000e-03 2.130560e-01
167 7.803400e-01 5.536000e-03 2.141240e-01
168 7.794880e-01 5.484000e-03 2.150280e-01
169 7.785400e-01 5.392000e-03 2.160680e-01
170 7.775480e-01 5.576000e-03 2.168760e-01
171 7.764840e-01 5.708000e-03 2.178080e-01
172 7.755000e-01 5.768000e-03 2.187320e-01
173 7.744960e-01 5.728000e-03 2.197760e-01
174 7.735000e-01 5.724000e-03 2.207760e-01
175 7.723800e-01 5.756000e-03 2.218640e-01
176 7.712960e-01 5.852000e-03 2.228520e-01
177 7.701120e-01 5.904000e-03 2.239840e-01
178 7.689800e-01 6.056000e-03 2.249640e-01
179 7.679240e-01 6.076000e-03 2.260000e-01
180 7.669560e-01 6.012000e-03 2.270320e-01
181 7.659280e-01 6.044000e-03 2.280280e-01
182 7.649040e-01 6.024000e-03 2.290720e-01
183 7.639400e-01 5.864000e-03 2.301960e-01
184 7.628960e-01 5.864000e-03 2.312400e-01
185 7.619480e-01 5.780000e-03 2.322720e-01
186 7.609960e-01 5.712000e-03 2.332920e-01
187 7.599640e-01 5.744000e-03 2.342920e-01
188 7.589360e-01 5.752000e-03 2.353120e-01
189 7.579720e-01 5.728000e-03 2.363000e-01
190 7.570960e-01 5.720000e-03 2.371840e-01
191 7.561240e-01 5.688000e-03 2.381880e-01
192 7.551200e-01 5.592000e-03 2.392880e-01
193 7.542440e-01 5.476000e-03 2.402800e-01
194 7.533000e-01 5.480000e-03 2.412200e-01
195 7.524440e-01 5.344000e-03 2.422120e-01
196 7.516680e-01 5.156000e-03 2.431760e-01
197 7.508080e-01 5.104000e-03 2.440880e-01
198 7.500400e-01 4.956000e-03 2.450040e-01
199 7.491280e-01 4.996000e-03 2.458760e-01
200 7.482680e-01 4.832000e-03 2.469000e-01
201 7.474480e-01 4.848000e-03 2.477040e-01
202 7.467120e-01 4.804000e-03 2.484840e-01
203 7.459280e-01 4.800000e-03 2.492720e-01
204 7.451160e-01 4.808000e-03 2.500760e-01
205 7.442920e-01 4.756000e-03 2.509520e-01
206 7.435200e-01 4.664000e-03 2.518160e-01
207 7.427360e-01 4.544000e-03 2.527200e-01
208 7.418720e-01 4.544000e-03 2.535840e-01
209 7.411120e-01 4.588000e-03 2.543000e-01
210 7.403840e-01 4.580000e-03 2.550360e-01
211 7.396160e-01 4.508000e-03 2.558760e-01
212 7.388560e-01 4.440000e-03 2.567040e-01
213 7.381200e-01 4.368000e-03 2.575120e-01
214 7.374280e-01 4.308000e-03 2.582640e-01
215 7.367000e-01 4.288000e-03 2.590120e-01
216 7.358960e-01 4.312000e-03 2.597920e-01
217 7.351040e-01 4.404000e-03 2.604920e-01
218 7.342280e-01 4.424000e-03 2.613480e-01
219 7.334560e-01 4.520000e-03 2.620240e-01
220 7.327640e-01 4.460000e-03 2.627760e-01
221 7.319680e-01 4.372000e-03 2.636600e-01
222 7.312560e-01 4.304000e-03 2.644400e-01
223 7.306160e-01 4.152000e-03 2.652320e-01
224 7.299120e-01 4.108000e-03 2.659800e-01
225 7.292400e-01 4.100000e-03 2.666600e-01
226 7.286520e-01 4.008000e-03 2.673400e-01
227 7.280400e-01 4.036000e-03 2.679240e-01
228 7.273560e-01 4.000000e-03 2.686440e-01
229 7.266040e-01 4.076000e-03 2.693200e-01
230 7.258800e-01 4.136000e-03 2.699840e-01
231 7.252680e-01 4.132000e-03 2.706000e-01
232 7.246360e-01 4.136000e-03 2.712280e-01
233 7.238560e-01 4.252000e-03 2.718920e-01
234 7.232080e-01 4.120000e-03 2.726720e-01
235 7.225400e-01 3.964000e-03 2.734960e-01
236 7.218160e-01 3.936000e-03 2.742480e-01
237 7.211720e-01 3.904000e-03 2.749240e-01
238 7.204040e-01 3.988000e-03 2.756080e-01
239 7.195960e-01 4.152000e-03 2.762520e-01
240 7.188440e-01 4.220000e-03 2.769360e-01
241 7.179280e-01 4.388000e-03 2.776840e-01
242 7.170040e-01 4.628000e-03 2.783680e-01
243 7.161480e-01 4.616000e-03 2.792360e-01
244 7.153360e-01 4.588000e-03 2.800760e-01
245 7.145440e-01 4.668000e-03 2.807880e-01
246 7.136880e-01 4.804000e-03 2.815080e-01
247 7.128560e-01 4.736000e-03 2.824080e-01
248 7.122000e-01 4.660000e-03 2.831400e-01
249 7.113600e-01 4.612000e-03 2.840280e-01
250 7.105720e-01 4.628000e-03 2.848000e-01
251 7.098200e-01 4.556000e-03 2.856240e-01
252 7.091280e-01 4.468000e-03 2.864040e-01
253 7.083840e-01 4.368000e-03 2.872480e-01
254 7.075840e-01 4.352000e-03 2.880640e-01
255 7.069840e-01 4.216000e-03 2.888000e-01
256 7.062280e-01 4.168000e-03 2.896040e-01
257 7.055440e-01 4.100000e-03 2.903560e-01
258 7.049080e-01 4.124000e-03 2.909680e-01
259 7.041960e-01 4.124000e-03 2.916800e-01
260 7.036160e-01 4.016000e-03 2.923680e-01
261 7.030720e-01 3.868000e-03 2.930600e-01
262 7.023920e-01 3.844000e-03 2.937640e-01
263 7.017760e-01 3.872000e-03 2.943520e-01
264 7.011280e-01 3.892000e-03 2.949800e-01
265 7.003440e-01 3.996000e-03 2.956600e-01
266 6.996360e-01 4.052000e-03 2.963120e-01
267 6.989440e-01 3.908000e-03 2.971480e-01
268 6.982880e-01 3.852000e-03 2.978600e-01
269 6.975600e-01 3.892000e-03 2.985480e-01
270 6.968400e-01 3.936000e-03 2.992240e-01
271 6.962680e-01 3.816000e-03 2.999160e-01
272 6.956160e-01 3.804000e-03 3.005800e-01
273 6.948640e-01 3.928000e-03 3.012080e-01
274 6.942040e-01 3.964000e-03 3.018320e-01
275 6.935080e-01 3.992000e-03 3.025000e-01
276 6.927800e-01 4.024000e-03 3.031960e-01
277 6.921480e-01 3.960000e-03 3.038920e-01
278 6.914760e-01 4.008000e-03 3.045160e-01
279 6.907880e-01 4.028000e-03 3.051840e-01
280 6.901520e-01 3.912000e-03 3.059360e-01
281 6.894320e-01 3.972000e-03 3.065960e-01
282 6.888120e-01 3.876000e-03 3.073120e-01
283 6.880680e-01 3.972000e-03 3.079600e-01
284 6.873200e-01 3.944000e-03 3.087360e-01
285 6.867040e-01 3.816000e-03 3.094800e-01
286 6.860080e-01 3.888000e-03 3.101040e-01
287 6.854000e-01 3.796000e-03 3.108040e-01
288 6.847720e-01 3.788000e-03 3.114400e-01
289 6.841240e-01 3.768000e-03 3.121080e-01
290 6.835880e-01 3.632000e-03 3.127800e-01
291 6.829560e-01 3.556000e-03 3.134880e-01
292 6.824200e-01 3.512000e-03 3.140680e-01
293 6.818480e-01 3.480000e-03 3.146720e-01
294 6.813080e-01 3.436000e-03 3.152560e-01
295 6.808440e-01 3.364000e-03 3.157920e-01
296 6.803760e-01 3.236000e-03 3.163880e-01
297 6.798280e-01 3.208000e-03 3.169640e-01
298 6.793320e-01 3.204000e-03 3.174640e-01
299 6.788080e-01 3.164000e-03 3.180280e-01
300 6.782040e-01 3.192000e-03 3.186040e-01
301 6.775920e-01 3.284000e-03 3.191240e-01
302 6.769480e-01 3.328000e-03 3.197240e-01
303 6.762960e-01 3.380000e-03 3.203240e-01
304 6.757080e-01 3.320000e-03 3.209720e-01
305 6.750720e-01 3.412000e-03 3.215160e-01
306 6.745000e-01 3.344000e-03 3.221560e-01
307 6.739240e-01 3.376000e-03 3.227000e-01
308 6.733560e-01 3.396000e-03 3.232480e-01
309 6.728400e-01 3.332000e-03 3.238280e-01
310 6.722720e-01 3.320000e-03 3.244080e-01
311 6.717400e-01 3.244000e-03 3.250160e-01
312 6.712400e-01 3.260000e-03 3.255000e-01
313 6.706440e-01 3.284000e-03 3.260720e-01
314 6.700160e-01 3.388000e-03 3.265960e-01
315 6.694520e-01 3.432000e-03 3.271160e-01
316 6.688320e-01 3.448000e-03 3.277200e-01
317 6.683640e-01 3.320000e-03 3.283160e-01
318 6.677240e-01 3.392000e-03 3.288840e-01
319 6.671720e-01 3.384000e-03 3.294440e-01
320 6.667280e-01 3.308000e-03 3.299640e-01
321 6.663240e-01 3.180000e-03 3.304960e-01
322 6.658720e-01 3.112000e-03 3.310160e-01
323 6.654600e-01 2.972000e-03 3.315680e-01
324 6.649800e-01 3.012000e-03 3.320080e-01
325 6.645280e-01 2.888000e-03 3.325840e-01
326 6.640760e-01 2.908000e-03 3.330160e-01
327 6.636680e-01 2.768000e-03 3.335640e-01
328 6.632200e-01 2.716000e-03 3.340640e-01
329 6.627440e-01 2.776000e-03 3.344800e-01
330 6.621880e-01 2.852000e-03 3.349600e-01
331 6.616400e-01 2.920000e-03 3.354400e-01
332 6.610880e-01 3.056000e-03 3.358560e-01
333 6.605160e-01 3.032000e-03 3.364520e-01
334 6.600520e-01 3.008000e-03 3.369400e-01
335 6.596360e-01 2.916000e-03 3.374480e-01
336 6.591800e-01 2.864000e-03 3.379560e-01
337 6.587920e-01 2.740000e-03 3.384680e-01
338 6.583760e-01 2.696000e-03 3.389280e-01
339 6.578960e-01 2.708000e-03 3.393960e-01
340 6.574320e-01 2.680000e-03 3.398880e-01
341 6.570160e-01 2.688000e-03 3.402960e-01
342 6.565080e-01 2.772000e-03 3.407200e-01
343 6.559600e-01 2.828000e-03 3.412120e-01
344 6.555320e-01 2.728000e-03 3.417400e-01
345 6.551040e-01 2.712000e-03 3.421840e-01
346 6.546960e-01 2.656000e-03 3.426480e-01
347 6.542320e-01 2.616000e-03 3.431520e-01
348 6.537320e-01 2.648000e-03 3.436200e-01
349 6.531840e-01 2.736000e-03 3.440800e-01
350 6.527280e-01 2.736000e-03 3.445360e-01
351 6.522720e-01 2.772000e-03 3.449560e-01
352 6.517320e-01 2.784000e-03 3.454840e-01
353 6.512440e-01 2.796000e-03 3.459600e-01
354 6.508000e-01 2.764000e-03 3.464360e-01
355 6.503600e-01 2.692000e-03 3.469480e-01
356 6.499360e-01 2.700000e-03 3.473640e-01
357 6.494840e-01 2.660000e-03 3.478560e-01
358 6.491120e-01 2.532000e-03 3.483560e-01
359 6.486520e-01 2.556000e-03 3.487920e-01
360 6.482720e-01 2.484000e-03 3.492440e-01
361 6.479320e-01 2.376000e-03 3.496920e-01
362 6.474440e-01 2.424000e-03 3.501320e-01
363 6.470880e-01 2.332000e-03 3.505800e-01
364 6.465960e-01 2.364000e-03 3.510400e-01
365 6.462560e-01 2.284000e-03 3.514600e-01
366 6.458480e-01 2.296000e-03 3.518560e-01
367 6.454520e-01 2.284000e-03 3.522640e-01
368 6.450360e-01 2.352000e-03 3.526120e-01
369 6.446400e-01 2.372000e-03 3.529880e-01
370 6.442360e-01 2.384000e-03 3.533800e-01
371 6.438280e-01 2.360000e-03 3.538120e-01
372 6.433880e-01 2.404000e-03 3.542080e-01
373 6.429480e-01 2.444000e-03 3.546080e-01
374 6.424720e-01 2.580000e-03 3.549480e-01
375 6.420520e-01 2.548000e-03 3.554000e-01
376 6.416200e-01 2.508000e-03 3.558720e-01
377 6.411880e-01 2.492000e-03 3.563200e-01
378 6.407320e-01 2.504000e-03 3.567640e-01
379 6.402560e-01 2.488000e-03 3.572560e-01
380 6.398360e-01 2.500000e-03 3.576640e-01
381 6.393720e-01 2.496000e-03 3.581320e-01
382 6.389520e-01 2.448000e-03 3.586000e-01
383 6.385520e-01 2.420000e-03 3.590280e-01
384 6.381000e-01 2.416000e-03 3.594840e-01
385 6.377040e-01 2.356000e-03 3.599400e-01
386 6.372040e-01 2.460000e-03 3.603360e-01
387 6.367320e-01 2.540000e-03 3.607280e-01
388 6.362360e-01 2.540000e-03 3.612240e-01
389 6.357080e-01 2.564000e-03 3.617280e-01
390 6.352280e-01 2.560000e-03 3.622120e-01
391 6.348520e-01 2.532000e-03 3.626160e-01
392 6.344600e-01 2.472000e-03 3.630680e-01
393 6.339800e-01 2.516000e-03 3.635040e-01
394 6.335960e-01 2.452000e-03 3.639520e-01
395 6.332080e-01 2.444000e-03 3.643480e-01
396 6.327960e-01 2.464000e-03 3.647400e-01
397 6.324200e-01 2.380000e-03 3.652000e-01
398 6.321000e-01 2.272000e-03 3.656280e-01
399 6.317240e-01 2.212000e-03 3.660640e-01
400 6.313880e-01 2.220000e-03 3.663920e-01
401 6.309960e-01 2.188000e-03 3.668160e-01
402 6.306120e-01 2.184000e-03 3.672040e-01
403 6.302840e-01 2.116000e-03 3.676000e-01
404 6.299280e-01 2.060000e-03 3.680120e-01
405 6.295800e-01 2.012000e-03 3.684080e-01
406 6.293080e-01 1.936000e-03 3.687560e-01
407 6.289600e-01 1.968000e-03 3.690720e-01
408 6.285640e-01 1.988000e-03 3.694480e-01
409 6.282080e-01 2.036000e-03 3.697560e-01
410 6.277840e-01 2.084000e-03 3.701320e-01
411 6.274240e-01 2.044000e-03 3.705320e-01
412 6.270400e-01 2.088000e-03 3.708720e-01
413 6.266280e-01 2.176000e-03 3.711960e-01
414 6.262240e-01 2.164000e-03 3.716120e-01
415 6.258720e-01 2.160000e-03 3.719680e-01
416 6.255200e-01 2.144000e-03 3.723360e-01
417 6.251000e-01 2.180000e-03 3.727200e-01
418 6.246600e-01 2.216000e-03 3.731240e-01
419 6.242840e-01 2.256000e-03 3.734600e-01
420 6.239040e-01 2.276000e-03 3.738200e-01
421 6.233960e-01 2.428000e-03 3.741760e-01
422 6.229400e-01 2.440000e-03 3.746200e-01
423 6.224480e-01 2.532000e-03 3.750200e-01
424 6.220000e-01 2.584000e-03 3.754160e-01
425 6.215240e-01 2.620000e-03 3.758560e-01
426 6.210760e-01 2.612000e-03 3.763120e-01
427 6.206520e-01 2.560000e-03 3.767880e-01
428 6.201840e-01 2.512000e-03 3.773040e-01
429 6.197560e-01 2.504000e-03 3.777400e-01
430 6.193560e-01 2.436000e-03 3.782080e-01
431 6.189160e-01 2.484000e-03 3.786000e-01
432 6.184320e-01 2.504000e-03 3.790640e-01
433 6.180000e-01 2.508000e-03 3.794920e-01
434 6.175640e-01 2.432000e-03 3.800040e-01
435 6.171360e-01 2.488000e-03 3.803760e-01
436 6.167880e-01 2.468000e-03 3.807440e-01
437 6.163880e-01 2.344000e-03 3.812680e-01
438 6.160400e-01 2.380000e-03 3.815800e-01
439 6.156760e-01 2.276000e-03 3.820480e-01
440 6.152160e-01 2.344000e-03 3.824400e-01
441 6.147400e-01 2.372000e-03 3.828880e-01
442 6.142400e-01 2.404000e-03 3.833560e-01
443 6.138360e-01 2.420000e-03 3.837440e-01
444 6.133920e-01 2.428000e-03 3.841800e-01
445 6.129200e-01 2.408000e-03 3.846720e-01
446 6.124760e-01 2.492000e-03 3.850320e-01
447 6.120880e-01 2.412000e-03 3.855000e-01
448 6.116840e-01 2.408000e-03 3.859080e-01
449 6.112760e-01 2.396000e-03 3.863280e-01
450 6.108320e-01 2.356000e-03 3.868120e-01
451 6.104800e-01 2.320000e-03 3.872000e-01
452 6.100480e-01 2.388000e-03 3.875640e-01
453 6.096680e-01 2.372000e-03 3.879600e-01
454 6.092280e-01 2.412000e-03 3.883600e-01
455 6.088240e-01 2.412000e-03 3.887640e-01
456 6.083480e-01 2.488000e-03 3.891640e-01
457 6.079480e-01 2.420000e-03 3.896320e-01
458 6.074760e-01 2.528000e-03 3.899960e-01
459 6.069880e-01 2.612000e-03 3.904000e-01
460 6.065280e-01 2.616000e-03 3.908560e-01
461 6.060120e-01 2.632000e-03 3.913560e-01
462 6.055120e-01 2.684000e-03 3.918040e-01
463 6.049920e-01 2.780000e-03 3.922280e-01
464 6.045840e-01 2.728000e-03 3.926880e-01
465 6.040800e-01 2.880000e-03 3.930400e-01
466 6.037360e-01 2.644000e-03 3.936200e-01
467 6.032600e-01 2.740000e-03 3.940000e-01
468 6.028360e-01 2.736000e-03 3.944280e-01
469 6.023840e-01 2.728000e-03 3.948880e-01
470 6.019560e-01 2.648000e-03 3.953960e-01
471 6.015560e-01 2.600000e-03 3.958440e-01
472 6.011760e-01 2.536000e-03 3.962880e-01
473 6.007960e-01 2.468000e-03 3.967360e-01
474 6.004240e-01 2.464000e-03 3.971120e-01
475 6.000520e-01 2.412000e-03 3.975360e-01
476 5.997120e-01 2.340000e-03 3.979480e-01
477 5.994000e-01 2.172000e-03 3.984280e-01
478 5.991240e-01 2.084000e-03 3.987920e-01
479 5.988400e-01 2.056000e-03 3.991040e-01
480 5.985320e-01 2.072000e-03 3.993960e-01
481 5.982480e-01 2.044000e-03 3.997080e-01
482 5.979840e-01 1.944000e-03 4.000720e-01
483 5.976840e-01 1.892000e-03 4.004240e-01
484 5.974240e-01 1.864000e-03 4.007120e-01
485 5.971600e-01 1.836000e-03 4.010040e-01
486 5.968840e-01 1.804000e-03 4.013120e-01
487 5.965080e-01 1.856000e-03 4.016360e-01
488 5.960800e-01 1.972000e-03 4.019480e-01
489 5.957120e-01 2.044000e-03 4.022440e-01
490 5.951960e-01 2.168000e-03 4.026360e-01
491 5.947480e-01 2.252000e-03 4.030000e-01
492 5.942960e-01 2.296000e-03 4.034080e-01
493 5.939240e-01 2.268000e-03 4.038080e-01
494 5.934920e-01 2.324000e-03 4.041840e-01
495 5.931520e-01 2.304000e-03 4.045440e-01
496 5.927200e-01 2.308000e-03 4.049720e-01
497 5.923560e-01 2.272000e-03 4.053720e-01
498 5.920240e-01 2.252000e-03 4.057240e-01
499 5.916040e-01 2.216000e-03 4.061800e-01
500 5.912240e-01 2.260000e-03 4.065160e-01
