1 9.991880e-01 6.800000e-04 1.320000e-04
2 9.987600e-01 9.640000e-04 2.760000e-04
3 9.982080e-01 1.348000e-03 4.440000e-04
4 9.975400e-01 1.744000e-03 7.160000e-04
5 9.969160e-01 2.048000e-03 1.036000e-03
6 9.961240e-01 2.436000e-03 1.440000e-03
7 9.953160e-01 2.796000e-03 1.888000e-03
8 9.944240e-01 3.164000e-03 2.412000e-03
9 9.934240e-01 3.596000e-03 2.980000e-03
10 9.923960e-01 3.904000e-03 3.700000e-03
11 9.912480e-01 4.288000e-03 4.464000e-03
12 9.900840e-01 4.696000e-03 5.220000e-03
13 9.890640e-01 4.840000e-03 6.096000e-03
14 9.879680e-01 5.124000e-03 6.908000e-03
15 9.868560e-01 5.364000e-03 7.780000e-03
16 9.857120e-01 5.516000e-03 8.772000e-03
17 9.846400e-01 5.744000e-03 9.616000e-03
18 9.835760e-01 5.688000e-03 1.073600e-02
19 9.825120e-01 5.716000e-03 1.177200e-02
20 9.813080e-01 5.848000e-03 1.284400e-02
21 9.802400e-01 5.920000e-03 1.384000e-02
22 9.792080e-01 5.996000e-03 1.479600e-02
23 9.781120e-01 6.004000e-03 1.588400e-02
24 9.771600e-01 6.004000e-03 1.683600e-02
25 9.758200e-01 6.348000e-03 1.783200e-02
26 9.743760e-01 6.620000e-03 1.900400e-02
27 9.729720e-01 6.828000e-03 2.020000e-02
28 9.713800e-01 7.204000e-03 2.141600e-02
29 9.698200e-01 7.512000e-03 2.266800e-02
30 9.683680e-01 7.584000e-03 2.404800e-02
31 9.667600e-01 7.840000e-03 2.540000e-02
32 9.653040e-01 7.820000e-03 2.687600e-02
33 9.639080e-01 7.788000e-03 2.830400e-02
34 9.625800e-01 7.768000e-03 2.965200e-02
35 9.611160e-01 7.920000e-03 3.096400e-02
36 9.596240e-01 8.012000e-03 3.236400e-02
37 9.582120e-01 8.116000e-03 3.367200e-02
38 9.568320e-01 8.072000e-03 3.509600e-02
39 9.553840e-01 8.000000e-03 3.661600e-02
40 9.536480e-01 8.356000e-03 3.799600e-02
41 9.521200e-01 8.456000e-03 3.942400e-02
42 9.505080e-01 8.468000e-03 4.102400e-02
43 9.488480e-01 8.672000e-03 4.248000e-02
44 9.470880e-01 8.896000e-03 4.401600e-02
45 9.453280e-01 9.168000e-03 4.550400e-02
46 9.435680e-01 9.384000e-03 4.704800e-02
47 9.418880e-01 9.432000e-03 4.868000e-02
48 9.401840e-01 9.512000e-03 5.030400e-02
49 9.386840e-01 9.280000e-03 5.203600e-02
50 9.370440e-01 9.368000e-03 5.358800e-02
51 9.353800e-01 9.388000e-03 5.523200e-02
52 9.335480e-01 9.572000e-03 5.688000e-02
53 9.320440e-01 9.500000e-03 5.845600e-02
54 9.304800e-01 9.408000e-03 6.011200e-02
55 9.288120e-01 9.560000e-03 6.162800e-02
56 9.272680e-01 9.420000e-03 6.331200e-02
57 9.257920e-01 9.272000e-03 6.493600e-02
58 9.241560e-01 9.392000e-03 6.645200e-02
59 9.224960e-01 9.328000e-03 6.817600e-02
60 9.209720e-01 9.332000e-03 6.969600e-02
61 9.194720e-01 9.224000e-03 7.130400e-02
62 9.178880e-01 9.112000e-03 7.300000e-02
63 9.163240e-01 9.128000e-03 7.454800e-02
64 9.148320e-01 9.064000e-03 7.610400e-02
65 9.133600e-01 9.052000e-03 7.758800e-02
66 9.118000e-01 9.144000e-03 7.905600e-02
67 9.102640e-01 8.980000e-03 8.075600e-02
68 9.086960e-01 8.952000e-03 8.235200e-02
69 9.071520e-01 8.916000e-03 8.393200e-02
70 9.056600e-01 8.992000e-03 8.534800e-02
71 9.040960e-01 9.060000e-03 8.684400e-02
72 9.024280e-01 9.192000e-03 8.838000e-02
73 9.008120e-01 9.040000e-03 9.014800e-02
74 8.993560e-01 8.940000e-03 9.170400e-02
75 8.976600e-01 9.036000e-03 9.330400e-02
76 8.960760e-01 8.872000e-03 9.505200e-02
77 8.945480e-01 8.912000e-03 9.654000e-02
78 8.932080e-01 8.868000e-03 9.792400e-02
79 8.917000e-01 8.716000e-03 9.958400e-02
80 8.903680e-01 8.452000e-03 1.011800e-01
81 8.888720e-01 8.580000e-03 1.025480e-01
82 8.873800e-01 8.616000e-03 1.040040e-01
83 8.859160e-01 8.532000e-03 1.055520e-01
84 8.845560e-01 8.476000e-03 1.069680e-01
85 8.832280e-01 8.364000e-03 1.084080e-01
86 8.817920e-01 8.356000e-03 1.098520e-01
87 8.804160e-01 8.300000e-03 1.112840e-01
88 8.790600e-01 8.128000e-03 1.128120e-01
89 8.779560e-01 7.828000e-03 1.142160e-01
90 8.768080e-01 7.524000e-03 1.156680e-01
91 8.755600e-01 7.416000e-03 1.170240e-01
92 8.741640e-01 7.424000e-03 1.184120e-01
93 8.727320e-01 7.580000e-03 1.196880e-01
94 8.713000e-01 7.676000e-03 1.210240e-01
95 8.700480e-01 7.544000e-03 1.224080e-01
96 8.687880e-01 7.412000e-03 1.238000e-01
97 8.674280e-01 7.404000e-03 1.251680e-01
98 8.659920e-01 7.444000e-03 1.265640e-01
99 8.646360e-01 7.480000e-03 1.278840e-01
100 8.634560e-01 7.452000e-03 1.290920e-01
101 8.621680e-01 7.440000e-03 1.303920e-01
102 8.610040e-01 7.272000e-03 1.317240e-01
103 8.597400e-01 7.316000e-03 1.329440e-01
104 8.584080e-01 7.384000e-03 1.342080e-01
105 8.571800e-01 7.364000e-03 1.354560e-01
106 8.559800e-01 7.352000e-03 1.366680e-01
107 8.548160e-01 7.216000e-03 1.379680e-01
108 8.537280e-01 6.988000e-03 1.392840e-01
109 8.526560e-01 6.808000e-03 1.405360e-01
110 8.514720e-01 6.872000e-03 1.416560e-01
111 8.502440e-01 7.004000e-03 1.427520e-01
112 8.491360e-01 6.856000e-03 1.440080e-01
113 8.479600e-01 6.808000e-03 1.452320e-01
114 8.468680e-01 6.708000e-03 1.464240e-01
115 8.457720e-01 6.632000e-03 1.475960e-01
116 8.446280e-01 6.628000e-03 1.487440e-01
117 8.434880e-01 6.744000e-03 1.497680e-01
118 8.424240e-01 6.516000e-03 1.510600e-01
119 8.414000e-01 6.388000e-03 1.522120e-01
120 8.403680e-01 6.172000e-03 1.534600e-01
121 8.394560e-01 5.900000e-03 1.546440e-01
122 8.385200e-01 5.744000e-03 1.557360e-01
123 8.376080e-01 5.532000e-03 1.568600e-01
124 8.364480e-01 5.700000e-03 1.578520e-01
125 8.355200e-01 5.552000e-03 1.589280e-01
126 8.343920e-01 5.704000e-03 1.599040e-01
127 8.333800e-01 5.792000e-03 1.608280e-01
128 8.323200e-01 5.792000e-03 1.618880e-01
129 8.312440e-01 5.924000e-03 1.628320e-01
130 8.302280e-01 5.940000e-03 1.638320e-01
131 8.292120e-01 5.988000e-03 1.648000e-01
132 8.281080e-01 6.080000e-03 1.658120e-01
133 8.272560e-01 5.836000e-03 1.669080e-01
134 8.263400e-01 5.744000e-03 1.679160e-01
135 8.252200e-01 5.880000e-03 1.689000e-01
136 8.243400e-01 5.772000e-03 1.698880e-01
137 8.234560e-01 5.660000e-03 1.708840e-01
138 8.224600e-01 5.708000e-03 1.718320e-01
139 8.214960e-01 5.672000e-03 1.728320e-01
140 8.205520e-01 5.672000e-03 1.737760e-01
141 8.197280e-01 5.576000e-03 1.746960e-01
142 8.188360e-01 5.600000e-03 1.755640e-01
143 8.180280e-01 5.456000e-03 1.765160e-01
144 8.169520e-01 5.556000e-03 1.774920e-01
145 8.159720e-01 5.596000e-03 1.784320e-01
146 8.150520e-01 5.556000e-03 1.793920e-01
147 8.139920e-01 5.612000e-03 1.803960e-01
148 8.128160e-01 5.836000e-03 1.813480e-01
149 8.118280e-01 5.844000e-03 1.823280e-01
150 8.108320e-01 5.852000e-03 1.833160e-01
151 8.097920e-01 5.864000e-03 1.843440e-01
152 8.088120e-01 5.800000e-03 1.853880e-01
153 8.077520e-01 5.940000e-03 1.863080e-01
154 8.069600e-01 5.752000e-03 1.872880e-01
155 8.060840e-01 5.748000e-03 1.881680e-01
156 8.050880e-01 5.780000e-03 1.891320e-01
157 8.042280e-01 5.640000e-03 1.901320e-01
158 8.033000e-01 5.496000e-03 1.912040e-01
159 8.024400e-01 5.464000e-03 1.920960e-01
160 8.015400e-01 5.492000e-03 1.929680e-01
161 8.006440e-01 5.364000e-03 1.939920e-01
162 7.997000e-01 5.460000e-03 1.948400e-01
163 7.987840e-01 5.456000e-03 1.957600e-01
164 7.979240e-01 5.472000e-03 1.966040e-01
165 7.970200e-01 5.388000e-03 1.975920e-01
166 7.961280e-01 5.376000e-03 1.984960e-01
167 7.952800e-01 5.276000e-03 1.994440e-01
168 7.944760e-01 5.152000e-03 2.003720e-01
169 7.935760e-01 5.104000e-03 2.013200e-01
170 7.927320e-01 5.044000e-03 2.022240e-01
171 7.917600e-01 5.088000e-03 2.031520e-01
172 7.908840e-01 5.084000e-03 2.040320e-01
173 7.900840e-01 5.004000e-03 2.049120e-01
174 7.891960e-01 5.040000e-03 2.057640e-01
175 7.883640e-01 4.896000e-03 2.067400e-01
176 7.875480e-01 4.904000e-03 2.075480e-01
177 7.867520e-01 4.908000e-03 2.083400e-01
178 7.858840e-01 4.940000e-03 2.091760e-01
179 7.852360e-01 4.756000e-03 2.100080e-01
180 7.843280e-01 4.952000e-03 2.107200e-01
181 7.834560e-01 4.952000e-03 2.115920e-01
182 7.825280e-01 4.960000e-03 2.125120e-01
183 7.816880e-01 5.008000e-03 2.133040e-01
184 7.808280e-01 4.904000e-03 2.142680e-01
185 7.800360e-01 4.820000e-03 2.151440e-01
186 7.792920e-01 4.728000e-03 2.159800e-01
187 7.784000e-01 4.776000e-03 2.168240e-01
188 7.775360e-01 4.896000e-03 2.175680e-01
189 7.767840e-01 4.772000e-03 2.184440e-01
190 7.759760e-01 4.908000e-03 2.191160e-01
191 7.751440e-01 4.904000e-03 2.199520e-01
192 7.743000e-01 4.884000e-03 2.208160e-01
193 7.735600e-01 4.792000e-03 2.216480e-01
194 7.728560e-01 4.740000e-03 2.224040e-01
195 7.720280e-01 4.736000e-03 2.232360e-01
196 7.713080e-01 4.640000e-03 2.240520e-01
197 7.707040e-01 4.492000e-03 2.248040e-01
198 7.700440e-01 4.364000e-03 2.255920e-01
199 7.694120e-01 4.256000e-03 2.263320e-01
200 7.687040e-01 4.240000e-03 2.270560e-01
201 7.679280e-01 4.352000e-03 2.277200e-01
202 7.671560e-01 4.296000e-03 2.285480e-01
203 7.664440e-01 4.288000e-03 2.292680e-01
204 7.655840e-01 4.356000e-03 2.300600e-01
205 7.648720e-01 4.428000e-03 2.307000e-01
206 7.640920e-01 4.440000e-03 2.314680e-01
207 7.633560e-01 4.436000e-03 2.322080e-01
208 7.624520e-01 4.592000e-03 2.329560e-01
209 7.617080e-01 4.524000e-03 2.337680e-01
210 7.610240e-01 4.468000e-03 2.345080e-01
211 7.603440e-01 4.388000e-03 2.352680e-01
212 7.595960e-01 4.352000e-03 2.360520e-01
213 7.589080e-01 4.400000e-03 2.366920e-01
214 7.582360e-01 4.240000e-03 2.375240e-01
215 7.576080e-01 4.104000e-03 2.382880e-01
216 7.568520e-01 4.124000e-03 2.390240e-01
217 7.562000e-01 4.084000e-03 2.397160e-01
218 7.554840e-01 4.012000e-03 2.405040e-01
219 7.547600e-01 4.044000e-03 2.411960e-01
220 7.541200e-01 4.068000e-03 2.418120e-01
221 7.534480e-01 3.972000e-03 2.425800e-01
222 7.526800e-01 4.108000e-03 2.432120e-01
223 7.519360e-01 4.108000e-03 2.439560e-01
224 7.512760e-01 4.048000e-03 2.446760e-01
225 7.506040e-01 3.984000e-03 2.454120e-01
226 7.499760e-01 3.960000e-03 2.460640e-01
227 7.492440e-01 4.004000e-03 2.467520e-01
228 7.485800e-01 3.956000e-03 2.474640e-01
229 7.479440e-01 3.844000e-03 2.482120e-01
230 7.473680e-01 3.752000e-03 2.488800e-01
231 7.468200e-01 3.688000e-03 2.494920e-01
232 7.461840e-01 3.784000e-03 2.500320e-01
233 7.457160e-01 3.620000e-03 2.506640e-01
234 7.452120e-01 3.512000e-03 2.512760e-01
235 7.446440e-01 3.400000e-03 2.519560e-01
236 7.441400e-01 3.280000e-03 2.525800e-01
237 7.436960e-01 3.196000e-03 2.531080e-01
238 7.431120e-01 3.288000e-03 2.536000e-01
239 7.426440e-01 3.200000e-03 2.541560e-01
240 7.420440e-01 3.236000e-03 2.547200e-01
241 7.413840e-01 3.272000e-03 2.553440e-01
242 7.408280e-01 3.284000e-03 2.558880e-01
243 7.401960e-01 3.356000e-03 2.564480e-01
244 7.395880e-01 3.392000e-03 2.570200e-01
245 7.389760e-01 3.424000e-03 2.576000e-01
246 7.384520e-01 3.328000e-03 2.582200e-01
247 7.379040e-01 3.272000e-03 2.588240e-01
248 7.372240e-01 3.424000e-03 2.593520e-01
249 7.366240e-01 3.420000e-03 2.599560e-01
250 7.359920e-01 3.480000e-03 2.605280e-01
251 7.352920e-01 3.484000e-03 2.612240e-01
252 7.346960e-01 3.440000e-03 2.618640e-01
253 7.341960e-01 3.304000e-03 2.625000e-01
254 7.336680e-01 3.212000e-03 2.631200e-01
255 7.331200e-01 3.232000e-03 2.636480e-01
256 7.324840e-01 3.352000e-03 2.641640e-01
257 7.319840e-01 3.316000e-03 2.647000e-01
258 7.315000e-01 3.268000e-03 2.652320e-01
259 7.309160e-01 3.248000e-03 2.658360e-01
260 7.303720e-01 3.264000e-03 2.663640e-01
261 7.298240e-01 3.288000e-03 2.668880e-01
262 7.291280e-01 3.456000e-03 2.674160e-01
263 7.285280e-01 3.420000e-03 2.680520e-01
264 7.278480e-01 3.564000e-03 2.685880e-01
265 7.271920e-01 3.572000e-03 2.692360e-01
266 7.265000e-01 3.660000e-03 2.698400e-01
267 7.258480e-01 3.692000e-03 2.704600e-01
268 7.252280e-01 3.580000e-03 2.711920e-01
269 7.245200e-01 3.688000e-03 2.717920e-01
270 7.239600e-01 3.564000e-03 2.724760e-01
271 7.233480e-01 3.556000e-03 2.730960e-01
272 7.227360e-01 3.552000e-03 2.737120e-01
273 7.221840e-01 3.332000e-03 2.744840e-01
274 7.216240e-01 3.336000e-03 2.750400e-01
275 7.210480e-01 3.356000e-03 2.755960e-01
276 7.205280e-01 3.308000e-03 2.761640e-01
277 7.199800e-01 3.336000e-03 2.766840e-01
278 7.194240e-01 3.312000e-03 2.772640e-01
279 7.189600e-01 3.244000e-03 2.777960e-01
280 7.184440e-01 3.244000e-03 2.783120e-01
281 7.178880e-01 3.248000e-03 2.788640e-01
282 7.173760e-01 3.196000e-03 2.794280e-01
283 7.168880e-01 3.136000e-03 2.799760e-01
284 7.164000e-01 3.084000e-03 2.805160e-01
285 7.159520e-01 2.988000e-03 2.810600e-01
286 7.153880e-01 3.044000e-03 2.815680e-01
287 7.147760e-01 3.160000e-03 2.820640e-01
288 7.142000e-01 3.204000e-03 2.825960e-01
289 7.136200e-01 3.200000e-03 2.831800e-01
290 7.131280e-01 3.172000e-03 2.837000e-01
291 7.124960e-01 3.228000e-03 2.842760e-01
292 7.119800e-01 3.196000e-03 2.848240e-01
293 7.113920e-01 3.224000e-03 2.853840e-01
294 7.108560e-01 3.176000e-03 2.859680e-01
295 7.102240e-01 3.168000e-03 2.866080e-01
296 7.097440e-01 3.056000e-03 2.872000e-01
297 7.092560e-01 3.036000e-03 2.877080e-01
298 7.087520e-01 2.988000e-03 2.882600e-01
299 7.082040e-01 3.112000e-03 2.886840e-01
300 7.076720e-01 3.072000e-03 2.892560e-01
301 7.072040e-01 2.984000e-03 2.898120e-01
302 7.066240e-01 3.092000e-03 2.902840e-01
303 7.061360e-01 3.040000e-03 2.908240e-01
304 7.056960e-01 2.876000e-03 2.914280e-01
305 7.052560e-01 2.828000e-03 2.919160e-01
306 7.047920e-01 2.844000e-03 2.923640e-01
307 7.043120e-01 2.920000e-03 2.927680e-01
308 7.038800e-01 2.912000e-03 2.932080e-01
309 7.034520e-01 2.904000e-03 2.936440e-01
310 7.029240e-01 2.872000e-03 2.942040e-01
311 7.024200e-01 2.912000e-03 2.946680e-01
312 7.019920e-01 2.796000e-03 2.952120e-01
313 7.014600e-01 2.900000e-03 2.956400e-01
314 7.008640e-01 3.060000e-03 2.960760e-01
315 7.003480e-01 2.980000e-03 2.966720e-01
316 6.998400e-01 3.000000e-03 2.971600e-01
317 6.993600e-01 2.868000e-03 2.977720e-01
318 6.989200e-01 2.824000e-03 2.982560e-01
319 6.984840e-01 2.824000e-03 2.986920e-01
320 6.980240e-01 2.772000e-03 2.992040e-01
321 6.975480e-01 2.756000e-03 2.996960e-01
322 6.971040e-01 2.728000e-03 3.001680e-01
323 6.967000e-01 2.664000e-03 3.006360e-01
324 6.962440e-01 2.656000e-03 3.011000e-01
325 6.957520e-01 2.708000e-03 3.015400e-01
326 6.953400e-01 2.696000e-03 3.019640e-01
327 6.948760e-01 2.672000e-03 3.024520e-01
328 6.944480e-01 2.640000e-03 3.029120e-01
329 6.939840e-01 2.684000e-03 3.033320e-01
330 6.935800e-01 2.572000e-03 3.038480e-01
331 6.931160e-01 2.580000e-03 3.043040e-01
332 6.927000e-01 2.560000e-03 3.047400e-01
333 6.923320e-01 2.476000e-03 3.051920e-01
334 6.917880e-01 2.592000e-03 3.056200e-01
335 6.913240e-01 2.608000e-03 3.060680e-01
336 6.908800e-01 2.624000e-03 3.064960e-01
337 6.904240e-01 2.604000e-03 3.069720e-01
338 6.899480e-01 2.636000e-03 3.074160e-01
339 6.894840e-01 2.684000e-03 3.078320e-01
340 6.890760e-01 2.616000e-03 3.083080e-01
341 6.886280e-01 2.624000e-03 3.087480e-01
342 6.882640e-01 2.556000e-03 3.091800e-01
343 6.879040e-01 2.572000e-03 3.095240e-01
344 6.875760e-01 2.476000e-03 3.099480e-01
345 6.871720e-01 2.504000e-03 3.103240e-01
346 6.868080e-01 2.436000e-03 3.107560e-01
347 6.863880e-01 2.456000e-03 3.111560e-01
348 6.859520e-01 2.416000e-03 3.116320e-01
349 6.856520e-01 2.344000e-03 3.120040e-01
350 6.853240e-01 2.264000e-03 3.124120e-01
351 6.849600e-01 2.228000e-03 3.128120e-01
352 6.846280e-01 2.172000e-03 3.132000e-01
353 6.842400e-01 2.204000e-03 3.135560e-01
354 6.838360e-01 2.260000e-03 3.139040e-01
355 6.834560e-01 2.280000e-03 3.142640e-01
356 6.830800e-01 2.248000e-03 3.146720e-01
357 6.826360e-01 2.248000e-03 3.151160e-01
358 6.821920e-01 2.236000e-03 3.155720e-01
359 6.817440e-01 2.312000e-03 3.159440e-01
360 6.813920e-01 2.292000e-03 3.163160e-01
361 6.810600e-01 2.264000e-03 3.166760e-01
362 6.806680e-01 2.244000e-03 3.170880e-01
363 6.801880e-01 2.352000e-03 3.174600e-01
364 6.797200e-01 2.412000e-03 3.178680e-01
365 6.793760e-01 2.280000e-03 3.183440e-01
366 6.789640e-01 2.380000e-03 3.186560e-01
367 6.785200e-01 2.384000e-03 3.190960e-01
368 6.781560e-01 2.340000e-03 3.195040e-01
369 6.778360e-01 2.204000e-03 3.199600e-01
370 6.775160e-01 2.160000e-03 3.203240e-01
371 6.771840e-01 2.080000e-03 3.207360e-01
372 6.768520e-01 2.024000e-03 3.211240e-01
373 6.765320e-01 2.020000e-03 3.214480e-01
374 6.761880e-01 2.004000e-03 3.218080e-01
375 6.758400e-01 2.008000e-03 3.221520e-01
376 6.754920e-01 2.004000e-03 3.225040e-01
377 6.751080e-01 1.956000e-03 3.229360e-01
378 6.747440e-01 1.964000e-03 3.232920e-01
379 6.744080e-01 1.956000e-03 3.236360e-01
380 6.740760e-01 1.944000e-03 3.239800e-01
381 6.737520e-01 1.976000e-03 3.242720e-01
382 6.734400e-01 1.924000e-03 3.246360e-01
383 6.731040e-01 1.968000e-03 3.249280e-01
384 6.727920e-01 1.972000e-03 3.252360e-01
385 6.724240e-01 1.952000e-03 3.256240e-01
386 6.721280e-01 1.832000e-03 3.260400e-01
387 6.718480e-01 1.728000e-03 3.264240e-01
388 6.715400e-01 1.748000e-03 3.267120e-01
389 6.712200e-01 1.792000e-03 3.269880e-01
390 6.708920e-01 1.836000e-03 3.272720e-01
391 6.706840e-01 1.692000e-03 3.276240e-01
392 6.704160e-01 1.716000e-03 3.278680e-01
393 6.701000e-01 1.736000e-03 3.281640e-01
394 6.697760e-01 1.740000e-03 3.284840e-01
395 6.695160e-01 1.652000e-03 3.288320e-01
396 6.692200e-01 1.628000e-03 3.291520e-01
397 6.688880e-01 1.688000e-03 3.294240e-01
398 6.685680e-01 1.720000e-03 3.297120e-01
399 6.682360e-01 1.784000e-03 3.299800e-01
400 6.678680e-01 1.832000e-03 3.303000e-01
401 6.676000e-01 1.808000e-03 3.305920e-01
402 6.673080e-01 1.816000e-03 3.308760e-01
403 6.669920e-01 1.800000e-03 3.312080e-01
404 6.667040e-01 1.772000e-03 3.315240e-01
405 6.664280e-01 1.792000e-03 3.317800e-01
406 6.661760e-01 1.688000e-03 3.321360e-01
407 6.659440e-01 1.668000e-03 3.323880e-01
408 6.656920e-01 1.616000e-03 3.326920e-01
409 6.654320e-01 1.596000e-03 3.329720e-01
410 6.650880e-01 1.628000e-03 3.332840e-01
411 6.647920e-01 1.708000e-03 3.335000e-01
412 6.644960e-01 1.696000e-03 3.338080e-01
413 6.642720e-01 1.640000e-03 3.340880e-01
414 6.639920e-01 1.656000e-03 3.343520e-01
415 6.637320e-01 1.664000e-03 3.346040e-01
416 6.635280e-01 1.544000e-03 3.349280e-01
417 6.633040e-01 1.444000e-03 3.352520e-01
418 6.630240e-01 1.504000e-03 3.354720e-01
419 6.627960e-01 1.516000e-03 3.356880e-01
420 6.626560e-01 1.364000e-03 3.359800e-01
421 6.625200e-01 1.236000e-03 3.362440e-01
422 6.623720e-01 1.184000e-03 3.364440e-01
423 6.621920e-01 1.148000e-03 3.366600e-01
424 6.620040e-01 1.116000e-03 3.368800e-01
425 6.618400e-01 1.120000e-03 3.370400e-01
426 6.616880e-01 1.080000e-03 3.372320e-01
427 6.615400e-01 1.052000e-03 3.374080e-01
428 6.613760e-01 1.064000e-03 3.375600e-01
429 6.612560e-01 9.760000e-04 3.377680e-01
430 6.611160e-01 9.560000e-04 3.379280e-01
431 6.609680e-01 9.400000e-04 3.380920e-01
432 6.608480e-01 8.960000e-04 3.382560e-01
433 6.606720e-01 9.400000e-04 3.383880e-01
434 6.604920e-01 9.520000e-04 3.385560e-01
435 6.603200e-01 9.800000e-04 3.387000e-01
436 6.602280e-01 9.000000e-04 3.388720e-01
437 6.600520e-01 9.160000e-04 3.390320e-01
438 6.598360e-01 9.560000e-04 3.392080e-01
439 6.596440e-01 9.600000e-04 3.393960e-01
440 6.594000e-01 1.048000e-03 3.395520e-01
441 6.591840e-01 1.120000e-03 3.396960e-01
442 6.590000e-01 1.076000e-03 3.399240e-01
443 6.588120e-01 1.088000e-03 3.401000e-01
444 6.586240e-01 1.100000e-03 3.402760e-01
445 6.584800e-01 1.052000e-03 3.404680e-01
446 6.582600e-01 1.092000e-03 3.406480e-01
447 6.580640e-01 1.076000e-03 3.408600e-01
448 6.578480e-01 1.100000e-03 3.410520e-01
449 6.576000e-01 1.188000e-03 3.412120e-01
450 6.573680e-01 1.192000e-03 3.414400e-01
451 6.571800e-01 1.164000e-03 3.416560e-01
452 6.569360e-01 1.244000e-03 3.418200e-01
453 6.566840e-01 1.312000e-03 3.420040e-01
454 6.564640e-01 1.304000e-03 3.422320e-01
455 6.562880e-01 1.256000e-03 3.424560e-01
456 6.560160e-01 1.232000e-03 3.427520e-01
457 6.557680e-01 1.232000e-03 3.430000e-01
458 6.555480e-01 1.220000e-03 3.432320e-01
459 6.553680e-01 1.232000e-03 3.434000e-01
460 6.552240e-01 1.152000e-03 3.436240e-01
461 6.550360e-01 1.112000e-03 3.438520e-01
462 6.548760e-01 1.072000e-03 3.440520e-01
463 6.547160e-01 1.056000e-03 3.442280e-01
464 6.545600e-01 1.036000e-03 3.444040e-01
465 6.543840e-01 1.024000e-03 3.445920e-01
466 6.541760e-01 1.072000e-03 3.447520e-01
467 6.539760e-01 1.104000e-03 3.449200e-01
468 6.538160e-01 1.048000e-03 3.451360e-01
469 6.535960e-01 1.036000e-03 3.453680e-01
470 6.534160e-01 1.048000e-03 3.455360e-01
471 6.532280e-01 1.020000e-03 3.457520e-01
472 6.531160e-01 9.800000e-04 3.459040e-01
473 6.529920e-01 8.840000e-04 3.461240e-01
474 6.528720e-01 8.200000e-04 3.463080e-01
475 6.527760e-01 7.680000e-04 3.464560e-01
476 6.526880e-01 7.640000e-04 3.465480e-01
477 6.525720e-01 7.440000e-04 3.466840e-01
478 6.524400e-01 7.560000e-04 3.468040e-01
479 6.522720e-01 8.040000e-04 3.469240e-01
480 6.521240e-01 8.520000e-04 3.470240e-01
481 6.520400e-01 7.920000e-04 3.471680e-01
482 6.519280e-01 7.600000e-04 3.473120e-01
483 6.518160e-01 7.600000e-04 3.474240e-01
484 6.517040e-01 7.240000e-04 3.475720e-01
485 6.516240e-01 6.320000e-04 3.477440e-01
486 6.515520e-01 6.000000e-04 3.478480e-01
487 6.514760e-01 5.640000e-04 3.479600e-01
488 6.514240e-01 5.160000e-04 3.480600e-01
489 6.513520e-01 4.920000e-04 3.481560e-01
490 6.512880e-01 4.360000e-04 3.482760e-01
491 6.512160e-01 4.440000e-04 3.483400e-01
492 6.511120e-01 4.600000e-04 3.484280e-01
493 6.510160e-01 4.600000e-04 3.485240e-01
494 6.509480e-01 4.560000e-04 3.485960e-01
495 6.508120e-01 4.840000e-04 3.487040e-01
496 6.507280e-01 4.960000e-04 3.487760e-01
497 6.505960e-01 5.560000e-04 3.488480e-01
498 6.504960e-01 6.000000e-04 3.489040e-01
499 6.503800e-01 6.080000e-04 3.490120e-01
500 6.503000e-01 5.680000e-04 3.491320e-01
