1 9.992720e-01 6.360000e-04 9.200000e-05
2 9.988120e-01 9.240000e-04 2.640000e-04
3 9.983080e-01 1.236000e-03 4.560000e-04
4 9.976280e-01 1.668000e-03 7.040000e-04
5 9.968920e-01 2.044000e-03 1.064000e-03
6 9.961800e-01 2.384000e-03 1.436000e-03
7 9.954640e-01 2.544000e-03 1.992000e-03
8 9.945720e-01 3.024000e-03 2.404000e-03
9 9.936880e-01 3.332000e-03 2.980000e-03
10 9.927680e-01 3.732000e-03 3.500000e-03
11 9.918160e-01 4.076000e-03 4.108000e-03
12 9.907200e-01 4.496000e-03 4.784000e-03
13 9.895960e-01 4.868000e-03 5.536000e-03
14 9.884040e-01 5.328000e-03 6.268000e-03
15 9.871360e-01 5.584000e-03 7.280000e-03
16 9.858640e-01 5.908000e-03 8.228000e-03
17 9.847120e-01 6.008000e-03 9.280000e-03
18 9.835360e-01 6.072000e-03 1.039200e-02
19 9.823360e-01 6.128000e-03 1.153600e-02
20 9.810080e-01 6.352000e-03 1.264000e-02
21 9.796880e-01 6.492000e-03 1.382000e-02
22 9.784600e-01 6.640000e-03 1.490000e-02
23 9.771360e-01 6.644000e-03 1.622000e-02
24 9.759200e-01 6.684000e-03 1.739600e-02
25 9.745800e-01 6.804000e-03 1.861600e-02
26 9.733480e-01 6.904000e-03 1.974800e-02
27 9.720280e-01 7.132000e-03 2.084000e-02
28 9.706160e-01 7.392000e-03 2.199200e-02
29 9.692920e-01 7.416000e-03 2.329200e-02
30 9.679400e-01 7.528000e-03 2.453200e-02
31 9.666160e-01 7.620000e-03 2.576400e-02
32 9.651600e-01 7.804000e-03 2.703600e-02
33 9.637440e-01 7.828000e-03 2.842800e-02
34 9.623000e-01 7.972000e-03 2.972800e-02
35 9.607800e-01 8.068000e-03 3.115200e-02
36 9.595200e-01 8.028000e-03 3.245200e-02
37 9.580680e-01 8.084000e-03 3.384800e-02
38 9.566960e-01 8.076000e-03 3.522800e-02
39 9.554080e-01 7.984000e-03 3.660800e-02
40 9.538320e-01 8.284000e-03 3.788400e-02
41 9.524560e-01 8.256000e-03 3.928800e-02
42 9.509040e-01 8.396000e-03 4.070000e-02
43 9.492640e-01 8.460000e-03 4.227600e-02
44 9.477520e-01 8.516000e-03 4.373200e-02
45 9.463040e-01 8.576000e-03 4.512000e-02
46 9.446520e-01 8.540000e-03 4.680800e-02
47 9.431040e-01 8.504000e-03 4.839200e-02
48 9.415240e-01 8.572000e-03 4.990400e-02
49 9.399680e-01 8.756000e-03 5.127600e-02
50 9.386800e-01 8.500000e-03 5.282000e-02
51 9.372560e-01 8.552000e-03 5.419200e-02
52 9.357480e-01 8.696000e-03 5.555600e-02
53 9.343400e-01 8.796000e-03 5.686400e-02
54 9.329080e-01 8.680000e-03 5.841200e-02
55 9.314840e-01 8.632000e-03 5.988400e-02
56 9.299640e-01 8.680000e-03 6.135600e-02
57 9.283840e-01 8.780000e-03 6.283600e-02
58 9.266200e-01 8.984000e-03 6.439600e-02
59 9.249880e-01 9.004000e-03 6.600800e-02
60 9.233360e-01 9.196000e-03 6.746800e-02
61 9.218280e-01 9.204000e-03 6.896800e-02
62 9.203600e-01 8.980000e-03 7.066000e-02
63 9.188200e-01 9.008000e-03 7.217200e-02
64 9.174160e-01 8.812000e-03 7.377200e-02
65 9.157480e-01 8.896000e-03 7.535600e-02
66 9.142280e-01 8.704000e-03 7.706800e-02
67 9.127880e-01 8.612000e-03 7.860000e-02
68 9.113160e-01 8.624000e-03 8.006000e-02
69 9.100200e-01 8.556000e-03 8.142400e-02
70 9.085440e-01 8.424000e-03 8.303200e-02
71 9.070040e-01 8.616000e-03 8.438000e-02
72 9.054080e-01 8.640000e-03 8.595200e-02
73 9.038280e-01 8.724000e-03 8.744800e-02
74 9.019840e-01 9.016000e-03 8.900000e-02
75 9.001320e-01 9.348000e-03 9.052000e-02
76 8.984200e-01 9.396000e-03 9.218400e-02
77 8.966160e-01 9.604000e-03 9.378000e-02
78 8.948200e-01 9.668000e-03 9.551200e-02
79 8.929760e-01 9.772000e-03 9.725200e-02
80 8.912400e-01 9.652000e-03 9.910800e-02
81 8.895000e-01 9.672000e-03 1.008280e-01
82 8.877320e-01 9.768000e-03 1.025000e-01
83 8.860600e-01 9.712000e-03 1.042280e-01
84 8.844600e-01 9.652000e-03 1.058880e-01
85 8.829360e-01 9.412000e-03 1.076520e-01
86 8.812960e-01 9.352000e-03 1.093520e-01
87 8.798440e-01 9.124000e-03 1.110320e-01
88 8.782200e-01 9.064000e-03 1.127160e-01
89 8.767000e-01 8.792000e-03 1.145080e-01
90 8.751800e-01 8.760000e-03 1.160600e-01
91 8.736520e-01 8.696000e-03 1.176520e-01
92 8.721800e-01 8.600000e-03 1.192200e-01
93 8.706320e-01 8.588000e-03 1.207800e-01
94 8.690680e-01 8.568000e-03 1.223640e-01
95 8.675400e-01 8.780000e-03 1.236800e-01
96 8.660360e-01 8.688000e-03 1.252760e-01
97 8.645200e-01 8.664000e-03 1.268160e-01
98 8.630160e-01 8.636000e-03 1.283480e-01
99 8.615080e-01 8.580000e-03 1.299120e-01
100 8.600200e-01 8.584000e-03 1.313960e-01
101 8.585240e-01 8.560000e-03 1.329160e-01
102 8.570280e-01 8.420000e-03 1.345520e-01
103 8.555160e-01 8.548000e-03 1.359360e-01
104 8.540640e-01 8.588000e-03 1.373480e-01
105 8.525800e-01 8.536000e-03 1.388840e-01
106 8.510400e-01 8.552000e-03 1.404080e-01
107 8.495160e-01 8.480000e-03 1.420040e-01
108 8.480840e-01 8.196000e-03 1.437200e-01
109 8.467600e-01 8.076000e-03 1.451640e-01
110 8.453560e-01 8.128000e-03 1.465160e-01
111 8.440200e-01 7.932000e-03 1.480480e-01
112 8.425800e-01 7.992000e-03 1.494280e-01
113 8.410440e-01 8.164000e-03 1.507920e-01
114 8.396040e-01 8.148000e-03 1.522480e-01
115 8.381600e-01 8.124000e-03 1.537160e-01
116 8.367280e-01 8.136000e-03 1.551360e-01
117 8.353800e-01 8.012000e-03 1.566080e-01
118 8.340560e-01 7.964000e-03 1.579800e-01
119 8.327080e-01 7.908000e-03 1.593840e-01
120 8.313760e-01 7.880000e-03 1.607440e-01
121 8.301040e-01 7.700000e-03 1.621960e-01
122 8.288360e-01 7.652000e-03 1.635120e-01
123 8.274320e-01 7.780000e-03 1.647880e-01
124 8.261680e-01 7.804000e-03 1.660280e-01
125 8.249080e-01 7.708000e-03 1.673840e-01
126 8.236600e-01 7.556000e-03 1.687840e-01
127 8.224200e-01 7.560000e-03 1.700200e-01
128 8.211640e-01 7.472000e-03 1.713640e-01
129 8.198080e-01 7.560000e-03 1.726320e-01
130 8.186080e-01 7.376000e-03 1.740160e-01
131 8.173680e-01 7.292000e-03 1.753400e-01
132 8.162040e-01 7.196000e-03 1.766000e-01
133 8.149840e-01 7.200000e-03 1.778160e-01
134 8.137400e-01 7.220000e-03 1.790400e-01
135 8.124000e-01 7.408000e-03 1.801920e-01
136 8.111720e-01 7.408000e-03 1.814200e-01
137 8.098320e-01 7.436000e-03 1.827320e-01
138 8.085840e-01 7.416000e-03 1.840000e-01
139 8.073240e-01 7.348000e-03 1.853280e-01
140 8.060960e-01 7.324000e-03 1.865800e-01
141 8.048080e-01 7.208000e-03 1.879840e-01
142 8.035040e-01 7.172000e-03 1.893240e-01
143 8.023640e-01 7.092000e-03 1.905440e-01
144 8.012520e-01 7.056000e-03 1.916920e-01
145 8.000320e-01 6.984000e-03 1.929840e-01
146 7.989560e-01 6.816000e-03 1.942280e-01
147 7.978600e-01 6.676000e-03 1.954640e-01
148 7.968160e-01 6.504000e-03 1.966800e-01
149 7.957120e-01 6.464000e-03 1.978240e-01
150 7.946960e-01 6.424000e-03 1.988800e-01
151 7.935320e-01 6.448000e-03 2.000200e-01
152 7.922640e-01 6.636000e-03 2.011000e-01
153 7.911640e-01 6.468000e-03 2.023680e-01
154 7.900200e-01 6.372000e-03 2.036080e-01
155 7.889000e-01 6.468000e-03 2.046320e-01
156 7.877000e-01 6.596000e-03 2.057040e-01
157 7.865760e-01 6.592000e-03 2.068320e-01
158 7.855280e-01 6.392000e-03 2.080800e-01
159 7.845320e-01 6.268000e-03 2.092000e-01
160 7.833960e-01 6.336000e-03 2.102680e-01
161 7.824200e-01 6.208000e-03 2.113720e-01
162 7.813200e-01 6.236000e-03 2.124440e-01
163 7.802800e-01 6.148000e-03 2.135720e-01
164 7.791640e-01 6.164000e-03 2.146720e-01
165 7.782160e-01 5.976000e-03 2.158080e-01
166 7.772760e-01 5.860000e-03 2.168640e-01
167 7.763320e-01 5.752000e-03 2.179160e-01
168 7.753920e-01 5.796000e-03 2.188120e-01
169 7.744520e-01 5.804000e-03 2.197440e-01
170 7.733880e-01 5.796000e-03 2.208160e-01
171 7.724320e-01 5.732000e-03 2.218360e-01
172 7.715920e-01 5.588000e-03 2.228200e-01
173 7.706400e-01 5.564000e-03 2.237960e-01
174 7.697200e-01 5.432000e-03 2.248480e-01
175 7.688920e-01 5.404000e-03 2.257040e-01
176 7.679240e-01 5.420000e-03 2.266560e-01
177 7.670520e-01 5.416000e-03 2.275320e-01
178 7.661320e-01 5.344000e-03 2.285240e-01
179 7.652160e-01 5.368000e-03 2.294160e-01
180 7.643320e-01 5.228000e-03 2.304400e-01
181 7.635160e-01 5.104000e-03 2.313800e-01
182 7.626200e-01 5.140000e-03 2.322400e-01
183 7.618160e-01 5.060000e-03 2.331240e-01
184 7.610080e-01 4.920000e-03 2.340720e-01
185 7.603120e-01 4.788000e-03 2.349000e-01
186 7.594880e-01 4.796000e-03 2.357160e-01
187 7.587040e-01 4.720000e-03 2.365760e-01
188 7.578560e-01 4.832000e-03 2.373120e-01
189 7.570080e-01 4.804000e-03 2.381880e-01
190 7.561200e-01 4.888000e-03 2.389920e-01
191 7.553040e-01 4.864000e-03 2.398320e-01
192 7.544640e-01 4.776000e-03 2.407600e-01
193 7.535640e-01 4.848000e-03 2.415880e-01
194 7.526720e-01 4.956000e-03 2.423720e-01
195 7.518680e-01 4.892000e-03 2.432400e-01
196 7.511800e-01 4.768000e-03 2.440520e-01
197 7.504200e-01 4.700000e-03 2.448800e-01
198 7.496080e-01 4.672000e-03 2.457200e-01
199 7.487600e-01 4.736000e-03 2.465040e-01
200 7.480280e-01 4.660000e-03 2.473120e-01
201 7.471880e-01 4.680000e-03 2.481320e-01
202 7.464040e-01 4.628000e-03 2.489680e-01
203 7.456720e-01 4.496000e-03 2.498320e-01
204 7.449320e-01 4.440000e-03 2.506280e-01
205 7.442040e-01 4.444000e-03 2.513520e-01
206 7.434720e-01 4.416000e-03 2.521120e-01
207 7.427440e-01 4.416000e-03 2.528400e-01
208 7.420320e-01 4.364000e-03 2.536040e-01
209 7.413000e-01 4.340000e-03 2.543600e-01
210 7.406720e-01 4.308000e-03 2.550200e-01
211 7.399920e-01 4.164000e-03 2.558440e-01
212 7.393600e-01 4.112000e-03 2.565280e-01
213 7.386200e-01 4.140000e-03 2.572400e-01
214 7.378680e-01 4.168000e-03 2.579640e-01
215 7.371200e-01 4.208000e-03 2.586720e-01
216 7.363600e-01 4.276000e-03 2.593640e-01
217 7.355880e-01 4.364000e-03 2.600480e-01
218 7.349960e-01 4.196000e-03 2.608080e-01
219 7.344520e-01 3.940000e-03 2.616080e-01
220 7.338680e-01 3.860000e-03 2.622720e-01
221 7.332320e-01 3.896000e-03 2.628720e-01
222 7.325920e-01 3.784000e-03 2.636240e-01
223 7.319160e-01 3.820000e-03 2.642640e-01
224 7.312560e-01 3.812000e-03 2.649320e-01
225 7.305880e-01 3.840000e-03 2.655720e-01
226 7.299280e-01 3.808000e-03 2.662640e-01
227 7.292320e-01 3.876000e-03 2.668920e-01
228 7.285360e-01 3.848000e-03 2.676160e-01
229 7.277560e-01 4.012000e-03 2.682320e-01
230 7.269360e-01 4.088000e-03 2.689760e-01
231 7.262320e-01 4.048000e-03 2.697200e-01
232 7.255080e-01 4.104000e-03 2.703880e-01
233 7.247920e-01 4.144000e-03 2.710640e-01
234 7.240640e-01 4.240000e-03 2.716960e-01
235 7.232680e-01 4.244000e-03 2.724880e-01
236 7.226680e-01 4.040000e-03 2.732920e-01
237 7.219960e-01 4.036000e-03 2.739680e-01
238 7.211800e-01 4.172000e-03 2.746480e-01
239 7.204440e-01 4.116000e-03 2.754400e-01
240 7.196800e-01 4.232000e-03 2.760880e-01
241 7.188880e-01 4.320000e-03 2.767920e-01
242 7.182240e-01 4.296000e-03 2.774800e-01
243 7.175160e-01 4.324000e-03 2.781600e-01
244 7.168200e-01 4.276000e-03 2.789040e-01
245 7.161360e-01 4.300000e-03 2.795640e-01
246 7.153760e-01 4.360000e-03 2.802640e-01
247 7.146000e-01 4.424000e-03 2.809760e-01
248 7.138760e-01 4.324000e-03 2.818000e-01
249 7.132720e-01 4.156000e-03 2.825720e-01
250 7.126560e-01 4.068000e-03 2.832760e-01
251 7.120360e-01 4.004000e-03 2.839600e-01
252 7.113840e-01 4.000000e-03 2.846160e-01
253 7.107960e-01 3.904000e-03 2.853000e-01
254 7.102000e-01 3.788000e-03 2.860120e-01
255 7.095920e-01 3.772000e-03 2.866360e-01
256 7.089400e-01 3.688000e-03 2.873720e-01
257 7.082680e-01 3.700000e-03 2.880320e-01
258 7.075120e-01 3.884000e-03 2.886040e-01
259 7.068840e-01 3.780000e-03 2.893360e-01
260 7.062080e-01 3.772000e-03 2.900200e-01
261 7.055600e-01 3.728000e-03 2.907120e-01
262 7.050240e-01 3.560000e-03 2.914160e-01
263 7.043920e-01 3.684000e-03 2.919240e-01
264 7.037200e-01 3.644000e-03 2.926360e-01
265 7.031480e-01 3.604000e-03 2.932480e-01
266 7.025760e-01 3.516000e-03 2.939080e-01
267 7.019000e-01 3.532000e-03 2.945680e-01
268 7.012920e-01 3.520000e-03 2.951880e-01
269 7.007840e-01 3.436000e-03 2.957800e-01
270 7.001440e-01 3.420000e-03 2.964360e-01
271 6.994640e-01 3.524000e-03 2.970120e-01
272 6.988560e-01 3.488000e-03 2.976560e-01
273 6.982200e-01 3.416000e-03 2.983640e-01
274 6.976400e-01 3.444000e-03 2.989160e-01
275 6.970080e-01 3.476000e-03 2.995160e-01
276 6.963280e-01 3.596000e-03 3.000760e-01
277 6.956920e-01 3.576000e-03 3.007320e-01
278 6.950200e-01 3.580000e-03 3.014000e-01
279 6.944400e-01 3.492000e-03 3.020680e-01
280 6.938640e-01 3.496000e-03 3.026400e-01
281 6.933520e-01 3.372000e-03 3.032760e-01
282 6.928720e-01 3.216000e-03 3.039120e-01
283 6.923560e-01 3.120000e-03 3.045240e-01
284 6.918400e-01 3.072000e-03 3.050880e-01
285 6.913440e-01 3.036000e-03 3.056200e-01
286 6.907080e-01 3.116000e-03 3.061760e-01
287 6.901720e-01 3.060000e-03 3.067680e-01
288 6.896080e-01 3.132000e-03 3.072600e-01
289 6.890440e-01 3.116000e-03 3.078400e-01
290 6.885760e-01 3.000000e-03 3.084240e-01
291 6.881480e-01 2.936000e-03 3.089160e-01
292 6.876280e-01 2.864000e-03 3.095080e-01
293 6.871240e-01 2.852000e-03 3.100240e-01
294 6.864920e-01 2.964000e-03 3.105440e-01
295 6.859200e-01 3.088000e-03 3.109920e-01
296 6.854680e-01 2.912000e-03 3.116200e-01
297 6.848640e-01 2.956000e-03 3.121800e-01
298 6.843520e-01 2.984000e-03 3.126640e-01
299 6.837600e-01 3.040000e-03 3.132000e-01
300 6.832880e-01 3.064000e-03 3.136480e-01
301 6.826720e-01 3.172000e-03 3.141560e-01
302 6.821360e-01 3.180000e-03 3.146840e-01
303 6.816120e-01 3.132000e-03 3.152560e-01
304 6.811320e-01 3.072000e-03 3.157960e-01
305 6.805560e-01 3.120000e-03 3.163240e-01
306 6.799320e-01 3.216000e-03 3.168520e-01
307 6.794280e-01 3.160000e-03 3.174120e-01
308 6.789160e-01 3.140000e-03 3.179440e-01
309 6.783720e-01 3.156000e-03 3.184720e-01
310 6.777920e-01 3.144000e-03 3.190640e-01
311 6.773000e-01 3.068000e-03 3.196320e-01
312 6.767920e-01 3.132000e-03 3.200760e-01
313 6.762480e-01 3.100000e-03 3.206520e-01
314 6.757480e-01 3.148000e-03 3.211040e-01
315 6.751800e-01 3.176000e-03 3.216440e-01
316 6.745880e-01 3.228000e-03 3.221840e-01
317 6.740360e-01 3.208000e-03 3.227560e-01
318 6.734360e-01 3.204000e-03 3.233600e-01
319 6.729400e-01 3.176000e-03 3.238840e-01
320 6.724440e-01 3.060000e-03 3.244960e-01
321 6.719120e-01 3.064000e-03 3.250240e-01
322 6.714560e-01 2.908000e-03 3.256360e-01
323 6.710120e-01 2.884000e-03 3.261040e-01
324 6.705800e-01 2.808000e-03 3.266120e-01
325 6.700600e-01 2.908000e-03 3.270320e-01
326 6.695800e-01 2.880000e-03 3.275400e-01
327 6.690800e-01 2.976000e-03 3.279440e-01
328 6.685960e-01 2.904000e-03 3.285000e-01
329 6.681720e-01 2.844000e-03 3.289840e-01
330 6.677280e-01 2.760000e-03 3.295120e-01
331 6.673400e-01 2.604000e-03 3.300560e-01
332 6.668560e-01 2.600000e-03 3.305440e-01
333 6.664600e-01 2.584000e-03 3.309560e-01
334 6.660200e-01 2.576000e-03 3.314040e-01
335 6.655960e-01 2.580000e-03 3.318240e-01
336 6.651280e-01 2.640000e-03 3.322320e-01
337 6.646160e-01 2.728000e-03 3.326560e-01
338 6.642120e-01 2.672000e-03 3.331160e-01
339 6.637520e-01 2.608000e-03 3.336400e-01
340 6.632800e-01 2.596000e-03 3.341240e-01
341 6.628520e-01 2.528000e-03 3.346200e-01
342 6.623840e-01 2.600000e-03 3.350160e-01
343 6.617560e-01 2.716000e-03 3.355280e-01
344 6.612920e-01 2.676000e-03 3.360320e-01
345 6.608800e-01 2.672000e-03 3.364480e-01
346 6.604640e-01 2.676000e-03 3.368600e-01
347 6.600120e-01 2.620000e-03 3.373680e-01
348 6.595160e-01 2.640000e-03 3.378440e-01
349 6.590560e-01 2.644000e-03 3.383000e-01
350 6.585320e-01 2.768000e-03 3.387000e-01
351 6.580360e-01 2.780000e-03 3.391840e-01
352 6.575000e-01 2.848000e-03 3.396520e-01
353 6.571120e-01 2.800000e-03 3.400880e-01
354 6.566880e-01 2.764000e-03 3.405480e-01
355 6.562240e-01 2.672000e-03 3.411040e-01
356 6.558800e-01 2.596000e-03 3.415240e-01
357 6.554800e-01 2.588000e-03 3.419320e-01
358 6.550720e-01 2.520000e-03 3.424080e-01
359 6.547240e-01 2.412000e-03 3.428640e-01
360 6.543480e-01 2.336000e-03 3.433160e-01
361 6.540400e-01 2.240000e-03 3.437200e-01
362 6.537280e-01 2.108000e-03 3.441640e-01
363 6.533920e-01 2.088000e-03 3.445200e-01
364 6.531240e-01 2.028000e-03 3.448480e-01
365 6.527320e-01 2.120000e-03 3.451480e-01
366 6.524000e-01 2.080000e-03 3.455200e-01
367 6.521360e-01 1.968000e-03 3.458960e-01
368 6.518200e-01 1.972000e-03 3.462080e-01
369 6.515120e-01 1.948000e-03 3.465400e-01
370 6.512720e-01 1.808000e-03 3.469200e-01
371 6.510200e-01 1.800000e-03 3.471800e-01
372 6.506800e-01 1.828000e-03 3.474920e-01
373 6.503680e-01 1.800000e-03 3.478320e-01
374 6.500360e-01 1.788000e-03 3.481760e-01
375 6.497280e-01 1.860000e-03 3.484120e-01
376 6.493680e-01 1.920000e-03 3.487120e-01
377 6.489000e-01 2.040000e-03 3.490600e-01
378 6.485920e-01 2.004000e-03 3.494040e-01
379 6.481840e-01 2.008000e-03 3.498080e-01
380 6.478160e-01 1.976000e-03 3.502080e-01
381 6.474800e-01 1.956000e-03 3.505640e-01
382 6.470960e-01 1.948000e-03 3.509560e-01
383 6.468040e-01 1.904000e-03 3.512920e-01
384 6.463960e-01 1.996000e-03 3.516080e-01
385 6.459880e-01 1.996000e-03 3.520160e-01
386 6.457040e-01 1.960000e-03 3.523360e-01
387 6.453440e-01 1.928000e-03 3.527280e-01
388 6.450360e-01 1.956000e-03 3.530080e-01
389 6.446920e-01 1.988000e-03 3.533200e-01
390 6.443400e-01 2.004000e-03 3.536560e-01
391 6.440400e-01 2.028000e-03 3.539320e-01
392 6.437360e-01 1.984000e-03 3.542800e-01
393 6.433840e-01 1.980000e-03 3.546360e-01
394 6.430800e-01 1.916000e-03 3.550040e-01
395 6.427160e-01 1.960000e-03 3.553240e-01
396 6.424120e-01 1.920000e-03 3.556680e-01
397 6.421280e-01 1.904000e-03 3.559680e-01
398 6.418840e-01 1.812000e-03 3.563040e-01
399 6.416120e-01 1.768000e-03 3.566200e-01
400 6.413560e-01 1.680000e-03 3.569640e-01
401 6.411320e-01 1.648000e-03 3.572200e-01
402 6.409120e-01 1.564000e-03 3.575240e-01
403 6.406200e-01 1.616000e-03 3.577640e-01
404 6.404440e-01 1.484000e-03 3.580720e-01
405 6.402320e-01 1.456000e-03 3.583120e-01
406 6.400800e-01 1.364000e-03 3.585560e-01
407 6.398360e-01 1.388000e-03 3.587760e-01
408 6.395160e-01 1.476000e-03 3.590080e-01
409 6.392160e-01 1.608000e-03 3.591760e-01
410 6.389920e-01 1.572000e-03 3.594360e-01
411 6.387160e-01 1.596000e-03 3.596880e-01
412 6.384560e-01 1.560000e-03 3.599840e-01
413 6.381600e-01 1.560000e-03 3.602800e-01
414 6.379080e-01 1.568000e-03 3.605240e-01
415 6.376920e-01 1.480000e-03 3.608280e-01
416 6.374640e-01 1.444000e-03 3.610920e-01
417 6.371920e-01 1.460000e-03 3.613480e-01
418 6.369120e-01 1.492000e-03 3.615960e-01
419 6.366760e-01 1.420000e-03 3.619040e-01
420 6.364520e-01 1.360000e-03 3.621880e-01
421 6.362080e-01 1.340000e-03 3.624520e-01
422 6.359680e-01 1.360000e-03 3.626720e-01
423 6.357280e-01 1.360000e-03 3.629120e-01
424 6.354680e-01 1.432000e-03 3.631000e-01
425 6.352280e-01 1.476000e-03 3.632960e-01
426 6.349360e-01 1.524000e-03 3.635400e-01
427 6.346880e-01 1.572000e-03 3.637400e-01
428 6.344160e-01 1.516000e-03 3.640680e-01
429 6.340840e-01 1.576000e-03 3.643400e-01
430 6.338160e-01 1.528000e-03 3.646560e-01
431 6.335840e-01 1.552000e-03 3.648640e-01
432 6.333280e-01 1.584000e-03 3.650880e-01
433 6.330680e-01 1.576000e-03 3.653560e-01
434 6.328560e-01 1.556000e-03 3.655880e-01
435 6.326760e-01 1.492000e-03 3.658320e-01
436 6.324560e-01 1.428000e-03 3.661160e-01
437 6.322480e-01 1.380000e-03 3.663720e-01
438 6.319600e-01 1.424000e-03 3.666160e-01
439 6.317640e-01 1.392000e-03 3.668440e-01
440 6.314760e-01 1.420000e-03 3.671040e-01
441 6.311960e-01 1.476000e-03 3.673280e-01
442 6.309080e-01 1.532000e-03 3.675600e-01
443 6.305960e-01 1.504000e-03 3.679000e-01
444 6.303680e-01 1.496000e-03 3.681360e-01
445 6.301280e-01 1.480000e-03 3.683920e-01
446 6.299440e-01 1.428000e-03 3.686280e-01
447 6.296760e-01 1.428000e-03 3.688960e-01
448 6.294320e-01 1.364000e-03 3.692040e-01
449 6.292400e-01 1.348000e-03 3.694120e-01
450 6.290800e-01 1.296000e-03 3.696240e-01
451 6.289600e-01 1.188000e-03 3.698520e-01
452 6.287800e-01 1.188000e-03 3.700320e-01
453 6.286160e-01 1.140000e-03 3.702440e-01
454 6.284440e-01 1.084000e-03 3.704720e-01
455 6.282480e-01 1.048000e-03 3.707040e-01
456 6.280880e-01 1.024000e-03 3.708880e-01
457 6.279520e-01 9.720000e-04 3.710760e-01
458 6.277720e-01 9.920000e-04 3.712360e-01
459 6.276000e-01 1.024000e-03 3.713760e-01
460 6.274480e-01 1.000000e-03 3.715520e-01
461 6.272400e-01 1.052000e-03 3.717080e-01
462 6.270360e-01 1.120000e-03 3.718440e-01
463 6.268040e-01 1.168000e-03 3.720280e-01
464 6.266160e-01 1.140000e-03 3.722440e-01
465 6.264240e-01 1.108000e-03 3.724680e-01
466 6.262200e-01 1.120000e-03 3.726600e-01
467 6.260120e-01 1.148000e-03 3.728400e-01
468 6.257680e-01 1.192000e-03 3.730400e-01
469 6.255280e-01 1.220000e-03 3.732520e-01
470 6.252840e-01 1.248000e-03 3.734680e-01
471 6.250320e-01 1.240000e-03 3.737280e-01
472 6.247680e-01 1.308000e-03 3.739240e-01
473 6.244880e-01 1.324000e-03 3.741880e-01
474 6.242360e-01 1.320000e-03 3.744440e-01
475 6.240120e-01 1.292000e-03 3.746960e-01
476 6.236640e-01 1.400000e-03 3.749360e-01
477 6.233840e-01 1.496000e-03 3.751200e-01
478 6.231000e-01 1.548000e-03 3.753520e-01
479 6.228280e-01 1.564000e-03 3.756080e-01
480 6.225600e-01 1.532000e-03 3.759080e-01
481 6.223400e-01 1.496000e-03 3.761640e-01
482 6.221600e-01 1.424000e-03 3.764160e-01
483 6.219120e-01 1.428000e-03 3.766600e-01
484 6.216840e-01 1.328000e-03 3.769880e-01
485 6.214400e-01 1.300000e-03 3.772600e-01
486 6.211720e-01 1.328000e-03 3.775000e-01
487 6.209200e-01 1.360000e-03 3.777200e-01
488 6.207120e-01 1.340000e-03 3.779480e-01
489 6.204840e-01 1.316000e-03 3.782000e-01
490 6.202440e-01 1.328000e-03 3.784280e-01
491 6.200160e-01 1.368000e-03 3.786160e-01
492 6.197960e-01 1.360000e-03 3.788440e-01
493 6.195760e-01 1.384000e-03 3.790400e-01
494 6.193840e-01 1.356000e-03 3.792600e-01
495 6.191720e-01 1.320000e-03 3.795080e-01
496 6.189600e-01 1.260000e-03 3.797800e-01
497 6.187680e-01 1.252000e-03 3.799800e-01
498 6.185560e-01 1.288000e-03 3.801560e-01
499 6.182840e-01 1.312000e-03 3.804040e-01
500 6.180920e-01 1.260000e-03 3.806480e-01
