1 9.992080e-01 7.080000e-04 8.400000e-05
2 9.986640e-01 1.120000e-03 2.160000e-04
3 9.979520e-01 1.596000e-03 4.520000e-04
4 9.972240e-01 1.968000e-03 8.080000e-04
5 9.964320e-01 2.344000e-03 1.224000e-03
6 9.955400e-01 2.816000e-03 1.644000e-03
7 9.945960e-01 3.196000e-03 2.208000e-03
8 9.935200e-01 3.672000e-03 2.808000e-03
9 9.925720e-01 3.972000e-03 3.456000e-03
10 9.915280e-01 4.280000e-03 4.192000e-03
11 9.905800e-01 4.468000e-03 4.952000e-03
12 9.894920e-01 4.660000e-03 5.848000e-03
13 9.883120e-01 4.948000e-03 6.740000e-03
14 9.871360e-01 5.252000e-03 7.612000e-03
15 9.860920e-01 5.336000e-03 8.572000e-03
16 9.850520e-01 5.344000e-03 9.604000e-03
17 9.838600e-01 5.444000e-03 1.069600e-02
18 9.827080e-01 5.724000e-03 1.156800e-02
19 9.813520e-01 6.020000e-03 1.262800e-02
20 9.800000e-01 6.248000e-03 1.375200e-02
21 9.787480e-01 6.316000e-03 1.493600e-02
22 9.773920e-01 6.616000e-03 1.599200e-02
23 9.760560e-01 6.604000e-03 1.734000e-02
24 9.747760e-01 6.712000e-03 1.851200e-02
25 9.735080e-01 6.636000e-03 1.985600e-02
26 9.721760e-01 6.828000e-03 2.099600e-02
27 9.707720e-01 7.080000e-03 2.214800e-02
28 9.692160e-01 7.444000e-03 2.334000e-02
29 9.676640e-01 7.792000e-03 2.454400e-02
30 9.660880e-01 8.012000e-03 2.590000e-02
31 9.646000e-01 8.056000e-03 2.734400e-02
32 9.629360e-01 8.284000e-03 2.878000e-02
33 9.612560e-01 8.564000e-03 3.018000e-02
34 9.595480e-01 8.840000e-03 3.161200e-02
35 9.577640e-01 9.028000e-03 3.320800e-02
36 9.561320e-01 9.152000e-03 3.471600e-02
37 9.544600e-01 9.344000e-03 3.619600e-02
38 9.527840e-01 9.288000e-03 3.792800e-02
39 9.511520e-01 9.284000e-03 3.956400e-02
40 9.494720e-01 9.188000e-03 4.134000e-02
41 9.476240e-01 9.540000e-03 4.283600e-02
42 9.459160e-01 9.648000e-03 4.443600e-02
43 9.442240e-01 9.704000e-03 4.607200e-02
44 9.424720e-01 9.632000e-03 4.789600e-02
45 9.408360e-01 9.552000e-03 4.961200e-02
46 9.390680e-01 9.612000e-03 5.132000e-02
47 9.374680e-01 9.560000e-03 5.297200e-02
48 9.358720e-01 9.604000e-03 5.452400e-02
49 9.342200e-01 9.560000e-03 5.622000e-02
50 9.326200e-01 9.488000e-03 5.789200e-02
51 9.307200e-01 9.808000e-03 5.947200e-02
52 9.290800e-01 9.672000e-03 6.124800e-02
53 9.274560e-01 9.524000e-03 6.302000e-02
54 9.257080e-01 9.480000e-03 6.481200e-02
55 9.239000e-01 9.660000e-03 6.644000e-02
56 9.222680e-01 9.660000e-03 6.807200e-02
57 9.206240e-01 9.636000e-03 6.974000e-02
58 9.188840e-01 9.600000e-03 7.151600e-02
59 9.172240e-01 9.536000e-03 7.324000e-02
60 9.156080e-01 9.620000e-03 7.477200e-02
61 9.138480e-01 9.744000e-03 7.640800e-02
62 9.121040e-01 9.748000e-03 7.814800e-02
63 9.105160e-01 9.472000e-03 8.001200e-02
64 9.088480e-01 9.528000e-03 8.162400e-02
65 9.071760e-01 9.608000e-03 8.321600e-02
66 9.054400e-01 9.596000e-03 8.496400e-02
67 9.037000e-01 9.652000e-03 8.664800e-02
68 9.021560e-01 9.552000e-03 8.829200e-02
69 9.004360e-01 9.764000e-03 8.980000e-02
70 8.986840e-01 9.960000e-03 9.135600e-02
71 8.970480e-01 9.820000e-03 9.313200e-02
72 8.954000e-01 9.668000e-03 9.493200e-02
73 8.938600e-01 9.640000e-03 9.650000e-02
74 8.922040e-01 9.660000e-03 9.813600e-02
75 8.904400e-01 9.572000e-03 9.998800e-02
76 8.886560e-01 9.680000e-03 1.016640e-01
77 8.870880e-01 9.356000e-03 1.035560e-01
78 8.854920e-01 9.248000e-03 1.052600e-01
79 8.837920e-01 9.188000e-03 1.070200e-01
80 8.821680e-01 9.236000e-03 1.085960e-01
81 8.806280e-01 9.248000e-03 1.101240e-01
82 8.789440e-01 9.456000e-03 1.116000e-01
83 8.774640e-01 9.460000e-03 1.130760e-01
84 8.758800e-01 9.380000e-03 1.147400e-01
85 8.743560e-01 9.232000e-03 1.164120e-01
86 8.729160e-01 9.208000e-03 1.178760e-01
87 8.713080e-01 9.180000e-03 1.195120e-01
88 8.695920e-01 9.336000e-03 1.210720e-01
89 8.679920e-01 9.300000e-03 1.227080e-01
90 8.665320e-01 8.992000e-03 1.244760e-01
91 8.650680e-01 8.848000e-03 1.260840e-01
92 8.635960e-01 8.732000e-03 1.276720e-01
93 8.618000e-01 9.028000e-03 1.291720e-01
94 8.601720e-01 8.924000e-03 1.309040e-01
95 8.587200e-01 8.748000e-03 1.325320e-01
96 8.571160e-01 8.788000e-03 1.340960e-01
97 8.555600e-01 8.820000e-03 1.356200e-01
98 8.539280e-01 9.040000e-03 1.370320e-01
99 8.522640e-01 9.096000e-03 1.386400e-01
100 8.508240e-01 8.916000e-03 1.402600e-01
101 8.493760e-01 8.716000e-03 1.419080e-01
102 8.479240e-01 8.664000e-03 1.434120e-01
103 8.462760e-01 8.800000e-03 1.449240e-01
104 8.448200e-01 8.696000e-03 1.464840e-01
105 8.434600e-01 8.400000e-03 1.481400e-01
106 8.420120e-01 8.420000e-03 1.495680e-01
107 8.406040e-01 8.364000e-03 1.510320e-01
108 8.391840e-01 8.376000e-03 1.524400e-01
109 8.376960e-01 8.416000e-03 1.538880e-01
110 8.361840e-01 8.396000e-03 1.554200e-01
111 8.348480e-01 8.304000e-03 1.568480e-01
112 8.334600e-01 8.396000e-03 1.581440e-01
113 8.318600e-01 8.476000e-03 1.596640e-01
114 8.302720e-01 8.568000e-03 1.611600e-01
115 8.288960e-01 8.368000e-03 1.627360e-01
116 8.275760e-01 8.288000e-03 1.641360e-01
117 8.262520e-01 8.064000e-03 1.656840e-01
118 8.249880e-01 7.908000e-03 1.671040e-01
119 8.238360e-01 7.648000e-03 1.685160e-01
120 8.226160e-01 7.596000e-03 1.697880e-01
121 8.212520e-01 7.672000e-03 1.710760e-01
122 8.199160e-01 7.660000e-03 1.724240e-01
123 8.186840e-01 7.648000e-03 1.736680e-01
124 8.173120e-01 7.744000e-03 1.749440e-01
125 8.159840e-01 7.840000e-03 1.761760e-01
126 8.144360e-01 8.072000e-03 1.774920e-01
127 8.130760e-01 8.040000e-03 1.788840e-01
128 8.117680e-01 7.900000e-03 1.803320e-01
129 8.104960e-01 7.808000e-03 1.816960e-01
130 8.091840e-01 7.664000e-03 1.831520e-01
131 8.078280e-01 7.660000e-03 1.845120e-01
132 8.064240e-01 7.772000e-03 1.858040e-01
133 8.051680e-01 7.636000e-03 1.871960e-01
134 8.038080e-01 7.708000e-03 1.884840e-01
135 8.023280e-01 7.868000e-03 1.898040e-01
136 8.010640e-01 7.708000e-03 1.912280e-01
137 7.996200e-01 7.788000e-03 1.925920e-01
138 7.981880e-01 7.816000e-03 1.939960e-01
139 7.967800e-01 7.888000e-03 1.953320e-01
140 7.954000e-01 7.924000e-03 1.966760e-01
141 7.942200e-01 7.712000e-03 1.980680e-01
142 7.929400e-01 7.484000e-03 1.995760e-01
143 7.916680e-01 7.508000e-03 2.008240e-01
144 7.903960e-01 7.596000e-03 2.020080e-01
145 7.889720e-01 7.640000e-03 2.033880e-01
146 7.876000e-01 7.712000e-03 2.046880e-01
147 7.861200e-01 7.772000e-03 2.061080e-01
148 7.847800e-01 7.736000e-03 2.074840e-01
149 7.834480e-01 7.688000e-03 2.088640e-01
150 7.821240e-01 7.588000e-03 2.102880e-01
151 7.808320e-01 7.536000e-03 2.116320e-01
152 7.795520e-01 7.576000e-03 2.128720e-01
153 7.782720e-01 7.516000e-03 2.142120e-01
154 7.771200e-01 7.464000e-03 2.154160e-01
155 7.759080e-01 7.332000e-03 2.167600e-01
156 7.746440e-01 7.364000e-03 2.179920e-01
157 7.736200e-01 7.192000e-03 2.191880e-01
158 7.724880e-01 7.132000e-03 2.203800e-01
159 7.713120e-01 7.080000e-03 2.216080e-01
160 7.701840e-01 6.984000e-03 2.228320e-01
161 7.692560e-01 6.760000e-03 2.239840e-01
162 7.682120e-01 6.644000e-03 2.251440e-01
163 7.672480e-01 6.512000e-03 2.262400e-01
164 7.662320e-01 6.448000e-03 2.273200e-01
165 7.652240e-01 6.336000e-03 2.284400e-01
166 7.642800e-01 6.132000e-03 2.295880e-01
167 7.632120e-01 6.112000e-03 2.306760e-01
168 7.622400e-01 6.040000e-03 2.317200e-01
169 7.613160e-01 5.916000e-03 2.327680e-01
170 7.604760e-01 5.776000e-03 2.337480e-01
171 7.596120e-01 5.668000e-03 2.347200e-01
172 7.587560e-01 5.540000e-03 2.357040e-01
173 7.578360e-01 5.544000e-03 2.366200e-01
174 7.568160e-01 5.616000e-03 2.375680e-01
175 7.558560e-01 5.640000e-03 2.385040e-01
176 7.549080e-01 5.568000e-03 2.395240e-01
177 7.540880e-01 5.452000e-03 2.404600e-01
178 7.531760e-01 5.400000e-03 2.414240e-01
179 7.522920e-01 5.328000e-03 2.423800e-01
180 7.513400e-01 5.316000e-03 2.433440e-01
181 7.505160e-01 5.240000e-03 2.442440e-01
182 7.496560e-01 5.132000e-03 2.452120e-01
183 7.488280e-01 5.104000e-03 2.460680e-01
184 7.478720e-01 5.132000e-03 2.469960e-01
185 7.469720e-01 5.240000e-03 2.477880e-01
186 7.462200e-01 5.112000e-03 2.486680e-01
187 7.454800e-01 5.056000e-03 2.494640e-01
188 7.446840e-01 4.880000e-03 2.504360e-01
189 7.438080e-01 4.924000e-03 2.512680e-01
190 7.429960e-01 4.840000e-03 2.521640e-01
191 7.421880e-01 4.780000e-03 2.530320e-01
192 7.414200e-01 4.740000e-03 2.538400e-01
193 7.406240e-01 4.752000e-03 2.546240e-01
194 7.397280e-01 4.808000e-03 2.554640e-01
195 7.389280e-01 4.772000e-03 2.563000e-01
196 7.382080e-01 4.760000e-03 2.570320e-01
197 7.374800e-01 4.620000e-03 2.579000e-01
198 7.367200e-01 4.500000e-03 2.587800e-01
199 7.359120e-01 4.548000e-03 2.595400e-01
200 7.351160e-01 4.520000e-03 2.603640e-01
201 7.343080e-01 4.416000e-03 2.612760e-01
202 7.334600e-01 4.408000e-03 2.621320e-01
203 7.327880e-01 4.312000e-03 2.629000e-01
204 7.319040e-01 4.524000e-03 2.635720e-01
205 7.311440e-01 4.464000e-03 2.643920e-01
206 7.302800e-01 4.608000e-03 2.651120e-01
207 7.294080e-01 4.668000e-03 2.659240e-01
208 7.286280e-01 4.724000e-03 2.666480e-01
209 7.278880e-01 4.592000e-03 2.675200e-01
210 7.272040e-01 4.460000e-03 2.683360e-01
211 7.265000e-01 4.372000e-03 2.691280e-01
212 7.258680e-01 4.248000e-03 2.698840e-01
213 7.252520e-01 4.136000e-03 2.706120e-01
214 7.245680e-01 4.060000e-03 2.713720e-01
215 7.239320e-01 4.052000e-03 2.720160e-01
216 7.232920e-01 3.988000e-03 2.727200e-01
217 7.226400e-01 4.024000e-03 2.733360e-01
218 7.220200e-01 3.968000e-03 2.740120e-01
219 7.214400e-01 3.764000e-03 2.747960e-01
220 7.208480e-01 3.668000e-03 2.754840e-01
221 7.202880e-01 3.600000e-03 2.761120e-01
222 7.197360e-01 3.520000e-03 2.767440e-01
223 7.191760e-01 3.472000e-03 2.773520e-01
224 7.186640e-01 3.384000e-03 2.779520e-01
225 7.180560e-01 3.424000e-03 2.785200e-01
226 7.173920e-01 3.516000e-03 2.790920e-01
227 7.168720e-01 3.392000e-03 2.797360e-01
228 7.163200e-01 3.368000e-03 2.803120e-01
229 7.156800e-01 3.432000e-03 2.808880e-01
230 7.150320e-01 3.388000e-03 2.815800e-01
231 7.144120e-01 3.444000e-03 2.821440e-01
232 7.138240e-01 3.400000e-03 2.827760e-01
233 7.132840e-01 3.288000e-03 2.834280e-01
234 7.127600e-01 3.232000e-03 2.840080e-01
235 7.122120e-01 3.152000e-03 2.846360e-01
236 7.117280e-01 3.016000e-03 2.852560e-01
237 7.111720e-01 2.996000e-03 2.858320e-01
238 7.106600e-01 3.052000e-03 2.862880e-01
239 7.101200e-01 3.084000e-03 2.867960e-01
240 7.096920e-01 3.024000e-03 2.872840e-01
241 7.092280e-01 2.976000e-03 2.877960e-01
242 7.087680e-01 2.852000e-03 2.883800e-01
243 7.082400e-01 2.872000e-03 2.888880e-01
244 7.077080e-01 3.020000e-03 2.892720e-01
245 7.072440e-01 3.012000e-03 2.897440e-01
246 7.067560e-01 3.020000e-03 2.902240e-01
247 7.061960e-01 3.024000e-03 2.907800e-01
248 7.056920e-01 3.020000e-03 2.912880e-01
249 7.051960e-01 3.000000e-03 2.918040e-01
250 7.046680e-01 2.988000e-03 2.923440e-01
251 7.042000e-01 2.880000e-03 2.929200e-01
252 7.037880e-01 2.832000e-03 2.933800e-01
253 7.033720e-01 2.712000e-03 2.939160e-01
254 7.029360e-01 2.692000e-03 2.943720e-01
255 7.024480e-01 2.740000e-03 2.948120e-01
256 7.019760e-01 2.732000e-03 2.952920e-01
257 7.015160e-01 2.712000e-03 2.957720e-01
258 7.010960e-01 2.708000e-03 2.961960e-01
259 7.006440e-01 2.732000e-03 2.966240e-01
260 7.001360e-01 2.772000e-03 2.970920e-01
261 6.996440e-01 2.784000e-03 2.975720e-01
262 6.992040e-01 2.788000e-03 2.980080e-01
263 6.986680e-01 2.876000e-03 2.984560e-01
264 6.981280e-01 2.928000e-03 2.989440e-01
265 6.976120e-01 2.948000e-03 2.994400e-01
266 6.971080e-01 2.960000e-03 2.999320e-01
267 6.966120e-01 2.912000e-03 3.004760e-01
268 6.961320e-01 2.840000e-03 3.010280e-01
269 6.956600e-01 2.868000e-03 3.014720e-01
270 6.952280e-01 2.840000e-03 3.019320e-01
271 6.947440e-01 2.840000e-03 3.024160e-01
272 6.941440e-01 2.956000e-03 3.029000e-01
273 6.936160e-01 2.992000e-03 3.033920e-01
274 6.930800e-01 2.996000e-03 3.039240e-01
275 6.924400e-01 3.164000e-03 3.043960e-01
276 6.918840e-01 3.200000e-03 3.049160e-01
277 6.912920e-01 3.204000e-03 3.055040e-01
278 6.907680e-01 3.168000e-03 3.060640e-01
279 6.903320e-01 3.084000e-03 3.065840e-01
280 6.898320e-01 3.044000e-03 3.071240e-01
281 6.894280e-01 2.932000e-03 3.076400e-01
282 6.889520e-01 2.908000e-03 3.081400e-01
283 6.885240e-01 2.916000e-03 3.085600e-01
284 6.880440e-01 2.960000e-03 3.089960e-01
285 6.875840e-01 2.920000e-03 3.094960e-01
286 6.871480e-01 2.864000e-03 3.099880e-01
287 6.867400e-01 2.860000e-03 3.104000e-01
288 6.862360e-01 2.772000e-03 3.109920e-01
289 6.857400e-01 2.812000e-03 3.114480e-01
290 6.853120e-01 2.788000e-03 3.119000e-01
291 6.847480e-01 2.908000e-03 3.123440e-01
292 6.842680e-01 2.868000e-03 3.128640e-01
293 6.837080e-01 2.948000e-03 3.133440e-01
294 6.832400e-01 2.892000e-03 3.138680e-01
295 6.827160e-01 2.880000e-03 3.144040e-01
296 6.822920e-01 2.796000e-03 3.149120e-01
297 6.818240e-01 2.804000e-03 3.153720e-01
298 6.813880e-01 2.772000e-03 3.158400e-01
299 6.809040e-01 2.756000e-03 3.163400e-01
300 6.804000e-01 2.768000e-03 3.168320e-01
301 6.799360e-01 2.692000e-03 3.173720e-01
302 6.795560e-01 2.596000e-03 3.178480e-01
303 6.791280e-01 2.540000e-03 3.183320e-01
304 6.786640e-01 2.656000e-03 3.186800e-01
305 6.782160e-01 2.628000e-03 3.191560e-01
306 6.778040e-01 2.572000e-03 3.196240e-01
307 6.773360e-01 2.632000e-03 3.200320e-01
308 6.768960e-01 2.612000e-03 3.204920e-01
309 6.765480e-01 2.516000e-03 3.209360e-01
310 6.761800e-01 2.412000e-03 3.214080e-01
311 6.758360e-01 2.440000e-03 3.217240e-01
312 6.754160e-01 2.440000e-03 3.221440e-01
313 6.750440e-01 2.324000e-03 3.226320e-01
314 6.746800e-01 2.316000e-03 3.230040e-01
315 6.743040e-01 2.264000e-03 3.234320e-01
316 6.739200e-01 2.172000e-03 3.239080e-01
317 6.735640e-01 2.188000e-03 3.242480e-01
318 6.732400e-01 2.160000e-03 3.246000e-01
319 6.729320e-01 2.112000e-03 3.249560e-01
320 6.726360e-01 2.044000e-03 3.253200e-01
321 6.722520e-01 2.092000e-03 3.256560e-01
322 6.718640e-01 2.124000e-03 3.260120e-01
323 6.714600e-01 2.132000e-03 3.264080e-01
324 6.710920e-01 2.124000e-03 3.267840e-01
325 6.706880e-01 2.116000e-03 3.271960e-01
326 6.703720e-01 2.084000e-03 3.275440e-01
327 6.699600e-01 2.104000e-03 3.279360e-01
328 6.696120e-01 2.068000e-03 3.283200e-01
329 6.692120e-01 2.116000e-03 3.286720e-01
330 6.689000e-01 2.124000e-03 3.289760e-01
331 6.686000e-01 1.988000e-03 3.294120e-01
332 6.682080e-01 2.056000e-03 3.297360e-01
333 6.678080e-01 2.020000e-03 3.301720e-01
334 6.673800e-01 2.092000e-03 3.305280e-01
335 6.669640e-01 2.140000e-03 3.308960e-01
336 6.665280e-01 2.188000e-03 3.312840e-01
337 6.661120e-01 2.240000e-03 3.316480e-01
338 6.656600e-01 2.304000e-03 3.320360e-01
339 6.652800e-01 2.296000e-03 3.324240e-01
340 6.649000e-01 2.236000e-03 3.328640e-01
341 6.645520e-01 2.236000e-03 3.332120e-01
342 6.641160e-01 2.260000e-03 3.336240e-01
343 6.637400e-01 2.300000e-03 3.339600e-01
344 6.634360e-01 2.264000e-03 3.343000e-01
345 6.631000e-01 2.240000e-03 3.346600e-01
346 6.626640e-01 2.352000e-03 3.349840e-01
347 6.622960e-01 2.312000e-03 3.353920e-01
348 6.620080e-01 2.164000e-03 3.358280e-01
349 6.616720e-01 2.116000e-03 3.362120e-01
350 6.613400e-01 2.072000e-03 3.365880e-01
351 6.609680e-01 2.132000e-03 3.369000e-01
352 6.606120e-01 2.096000e-03 3.372920e-01
353 6.602440e-01 2.156000e-03 3.376000e-01
354 6.598960e-01 2.144000e-03 3.379600e-01
355 6.595480e-01 2.136000e-03 3.383160e-01
356 6.591760e-01 2.204000e-03 3.386200e-01
357 6.587960e-01 2.172000e-03 3.390320e-01
358 6.584920e-01 2.052000e-03 3.394560e-01
359 6.581880e-01 2.044000e-03 3.397680e-01
360 6.578840e-01 2.020000e-03 3.400960e-01
361 6.574520e-01 2.104000e-03 3.404440e-01
362 6.570600e-01 2.080000e-03 3.408600e-01
363 6.566760e-01 2.096000e-03 3.412280e-01
364 6.562720e-01 2.080000e-03 3.416480e-01
365 6.558600e-01 2.112000e-03 3.420280e-01
366 6.554680e-01 2.148000e-03 3.423840e-01
367 6.551480e-01 2.108000e-03 3.427440e-01
368 6.547840e-01 2.012000e-03 3.432040e-01
369 6.544120e-01 1.984000e-03 3.436040e-01
370 6.540720e-01 2.024000e-03 3.439040e-01
371 6.537480e-01 1.988000e-03 3.442640e-01
372 6.534440e-01 1.904000e-03 3.446520e-01
373 6.530960e-01 1.920000e-03 3.449840e-01
374 6.528400e-01 1.848000e-03 3.453120e-01
375 6.525360e-01 1.884000e-03 3.455800e-01
376 6.522040e-01 1.864000e-03 3.459320e-01
377 6.519520e-01 1.724000e-03 3.463240e-01
378 6.516760e-01 1.680000e-03 3.466440e-01
379 6.513840e-01 1.672000e-03 3.469440e-01
380 6.510360e-01 1.756000e-03 3.472080e-01
381 6.507480e-01 1.768000e-03 3.474840e-01
382 6.504760e-01 1.696000e-03 3.478280e-01
383 6.501200e-01 1.748000e-03 3.481320e-01
384 6.497920e-01 1.800000e-03 3.484080e-01
385 6.494760e-01 1.884000e-03 3.486400e-01
386 6.491960e-01 1.852000e-03 3.489520e-01
387 6.488960e-01 1.808000e-03 3.492960e-01
388 6.486280e-01 1.764000e-03 3.496080e-01
389 6.482800e-01 1.856000e-03 3.498640e-01
390 6.480000e-01 1.812000e-03 3.501880e-01
391 6.476480e-01 1.896000e-03 3.504560e-01
392 6.472720e-01 1.920000e-03 3.508080e-01
393 6.469520e-01 1.896000e-03 3.511520e-01
394 6.466760e-01 1.860000e-03 3.514640e-01
395 6.464000e-01 1.800000e-03 3.518000e-01
396 6.460320e-01 1.868000e-03 3.521000e-01
397 6.456720e-01 1.872000e-03 3.524560e-01
398 6.453320e-01 1.824000e-03 3.528440e-01
399 6.449840e-01 1.820000e-03 3.531960e-01
400 6.446200e-01 1.860000e-03 3.535200e-01
401 6.442960e-01 1.888000e-03 3.538160e-01
402 6.439120e-01 1.980000e-03 3.541080e-01
403 6.435560e-01 2.024000e-03 3.544200e-01
404 6.432080e-01 2.008000e-03 3.547840e-01
405 6.428400e-01 2.004000e-03 3.551560e-01
406 6.424880e-01 1.996000e-03 3.555160e-01
407 6.421240e-01 2.076000e-03 3.558000e-01
408 6.416720e-01 2.168000e-03 3.561600e-01
409 6.412000e-01 2.212000e-03 3.565880e-01
410 6.407480e-01 2.212000e-03 3.570400e-01
411 6.404120e-01 2.124000e-03 3.574640e-01
412 6.400800e-01 2.144000e-03 3.577760e-01
413 6.397560e-01 2.048000e-03 3.581960e-01
414 6.394360e-01 2.000000e-03 3.585640e-01
415 6.390920e-01 2.012000e-03 3.588960e-01
416 6.388280e-01 1.896000e-03 3.592760e-01
417 6.384600e-01 1.928000e-03 3.596120e-01
418 6.381560e-01 1.912000e-03 3.599320e-01
419 6.378200e-01 1.896000e-03 3.602840e-01
420 6.375040e-01 1.848000e-03 3.606480e-01
421 6.372480e-01 1.804000e-03 3.609480e-01
422 6.369800e-01 1.752000e-03 3.612680e-01
423 6.367920e-01 1.608000e-03 3.616000e-01
424 6.365280e-01 1.648000e-03 3.618240e-01
425 6.362880e-01 1.612000e-03 3.621000e-01
426 6.360640e-01 1.556000e-03 3.623800e-01
427 6.358000e-01 1.596000e-03 3.626040e-01
428 6.355200e-01 1.532000e-03 3.629480e-01
429 6.353240e-01 1.472000e-03 3.632040e-01
430 6.350880e-01 1.468000e-03 3.634440e-01
431 6.348280e-01 1.516000e-03 3.636560e-01
432 6.346000e-01 1.468000e-03 3.639320e-01
433 6.343360e-01 1.484000e-03 3.641800e-01
434 6.341040e-01 1.504000e-03 3.643920e-01
435 6.338600e-01 1.484000e-03 3.646560e-01
436 6.337040e-01 1.300000e-03 3.649960e-01
437 6.335400e-01 1.260000e-03 3.652000e-01
438 6.333520e-01 1.224000e-03 3.654240e-01
439 6.331920e-01 1.200000e-03 3.656080e-01
440 6.330120e-01 1.204000e-03 3.657840e-01
441 6.328880e-01 1.144000e-03 3.659680e-01
442 6.326760e-01 1.184000e-03 3.661400e-01
443 6.324640e-01 1.148000e-03 3.663880e-01
444 6.323280e-01 1.052000e-03 3.666200e-01
445 6.321680e-01 1.048000e-03 3.667840e-01
446 6.319080e-01 1.148000e-03 3.669440e-01
447 6.316800e-01 1.148000e-03 3.671720e-01
448 6.314520e-01 1.148000e-03 3.674000e-01
449 6.312840e-01 1.136000e-03 3.675800e-01
450 6.310560e-01 1.116000e-03 3.678280e-01
451 6.308640e-01 1.136000e-03 3.680000e-01
452 6.306360e-01 1.152000e-03 3.682120e-01
453 6.304320e-01 1.152000e-03 3.684160e-01
454 6.301960e-01 1.192000e-03 3.686120e-01
455 6.299440e-01 1.276000e-03 3.687800e-01
456 6.297240e-01 1.296000e-03 3.689800e-01
457 6.295280e-01 1.316000e-03 3.691560e-01
458 6.292840e-01 1.308000e-03 3.694080e-01
459 6.290920e-01 1.256000e-03 3.696520e-01
460 6.289360e-01 1.148000e-03 3.699160e-01
461 6.287720e-01 1.100000e-03 3.701280e-01
462 6.285960e-01 1.056000e-03 3.703480e-01
463 6.284640e-01 9.880000e-04 3.705480e-01
464 6.283160e-01 9.880000e-04 3.706960e-01
465 6.281360e-01 9.680000e-04 3.708960e-01
466 6.279920e-01 9.560000e-04 3.710520e-01
467 6.278600e-01 9.480000e-04 3.711920e-01
468 6.277080e-01 9.600000e-04 3.713320e-01
469 6.276080e-01 9.120000e-04 3.714800e-01
470 6.274720e-01 8.640000e-04 3.716640e-01
471 6.273560e-01 8.400000e-04 3.718040e-01
472 6.272040e-01 8.000000e-04 3.719960e-01
473 6.270480e-01 8.240000e-04 3.721280e-01
474 6.268760e-01 8.800000e-04 3.722440e-01
475 6.266960e-01 9.160000e-04 3.723880e-01
476 6.265440e-01 9.120000e-04 3.725440e-01
477 6.263600e-01 8.640000e-04 3.727760e-01
478 6.261600e-01 9.200000e-04 3.729200e-01
479 6.260000e-01 9.640000e-04 3.730360e-01
480 6.258080e-01 1.008000e-03 3.731840e-01
481 6.256520e-01 9.600000e-04 3.733880e-01
482 6.254560e-01 9.800000e-04 3.735640e-01
483 6.252800e-01 1.004000e-03 3.737160e-01
484 6.251160e-01 9.920000e-04 3.738920e-01
485 6.249640e-01 9.840000e-04 3.740520e-01
486 6.247600e-01 9.920000e-04 3.742480e-01
487 6.245600e-01 1.016000e-03 3.744240e-01
488 6.243880e-01 1.016000e-03 3.745960e-01
489 6.241680e-01 1.080000e-03 3.747520e-01
490 6.239440e-01 1.144000e-03 3.749120e-01
491 6.237520e-01 1.164000e-03 3.750840e-01
492 6.235040e-01 1.220000e-03 3.752760e-01
493 6.233320e-01 1.152000e-03 3.755160e-01
494 6.231280e-01 1.144000e-03 3.757280e-01
495 6.229400e-01 1.108000e-03 3.759520e-01
496 6.227480e-01 1.096000e-03 3.761560e-01
497 6.225800e-01 1.080000e-03 3.763400e-01
498 6.223840e-01 1.116000e-03 3.765000e-01
499 6.221480e-01 1.132000e-03 3.767200e-01
500 6.219560e-01 1.172000e-03 3.768720e-01
