1 9.992280e-01 6.440000e-04 1.280000e-04
2 9.987360e-01 1.032000e-03 2.320000e-04
3 9.981320e-01 1.492000e-03 3.760000e-04
4 9.974560e-01 1.884000e-03 6.600000e-04
5 9.966200e-01 2.388000e-03 9.920000e-04
6 9.958640e-01 2.624000e-03 1.512000e-03
7 9.950760e-01 2.960000e-03 1.964000e-03
8 9.942080e-01 3.236000e-03 2.556000e-03
9 9.932920e-01 3.500000e-03 3.208000e-03
10 9.923440e-01 3.768000e-03 3.888000e-03
11 9.912640e-01 4.200000e-03 4.536000e-03
12 9.902640e-01 4.316000e-03 5.420000e-03
13 9.891600e-01 4.764000e-03 6.076000e-03
14 9.880600e-01 5.028000e-03 6.912000e-03
15 9.867760e-01 5.452000e-03 7.772000e-03
16 9.855760e-01 5.632000e-03 8.792000e-03
17 9.842880e-01 5.880000e-03 9.832000e-03
18 9.829120e-01 6.160000e-03 1.092800e-02
19 9.816040e-01 6.384000e-03 1.201200e-02
20 9.802640e-01 6.508000e-03 1.322800e-02
21 9.788320e-01 6.656000e-03 1.451200e-02
22 9.773760e-01 6.984000e-03 1.564000e-02
23 9.760520e-01 7.136000e-03 1.681200e-02
24 9.746960e-01 7.308000e-03 1.799600e-02
25 9.732040e-01 7.464000e-03 1.933200e-02
26 9.719360e-01 7.512000e-03 2.055200e-02
27 9.705440e-01 7.640000e-03 2.181600e-02
28 9.692320e-01 7.628000e-03 2.314000e-02
29 9.678320e-01 7.612000e-03 2.455600e-02
30 9.663960e-01 7.760000e-03 2.584400e-02
31 9.647760e-01 7.960000e-03 2.726400e-02
32 9.631840e-01 8.028000e-03 2.878800e-02
33 9.614000e-01 8.312000e-03 3.028800e-02
34 9.598480e-01 8.280000e-03 3.187200e-02
35 9.582920e-01 8.448000e-03 3.326000e-02
36 9.566040e-01 8.676000e-03 3.472000e-02
37 9.550400e-01 8.740000e-03 3.622000e-02
38 9.533600e-01 8.928000e-03 3.771200e-02
39 9.516480e-01 9.108000e-03 3.924400e-02
40 9.499680e-01 9.192000e-03 4.084000e-02
41 9.483000e-01 9.220000e-03 4.248000e-02
42 9.467480e-01 9.228000e-03 4.402400e-02
43 9.451760e-01 9.100000e-03 4.572400e-02
44 9.435800e-01 9.264000e-03 4.715600e-02
45 9.420240e-01 9.184000e-03 4.879200e-02
46 9.403400e-01 9.244000e-03 5.041600e-02
47 9.387120e-01 9.304000e-03 5.198400e-02
48 9.370480e-01 9.504000e-03 5.344800e-02
49 9.355200e-01 9.448000e-03 5.503200e-02
50 9.338480e-01 9.404000e-03 5.674800e-02
51 9.323320e-01 9.220000e-03 5.844800e-02
52 9.307880e-01 9.024000e-03 6.018800e-02
53 9.293040e-01 8.772000e-03 6.192400e-02
54 9.277640e-01 8.748000e-03 6.348800e-02
55 9.263880e-01 8.464000e-03 6.514800e-02
56 9.250160e-01 8.328000e-03 6.665600e-02
57 9.236560e-01 8.212000e-03 6.813200e-02
58 9.222120e-01 8.256000e-03 6.953200e-02
59 9.208240e-01 8.080000e-03 7.109600e-02
60 9.196280e-01 7.844000e-03 7.252800e-02
61 9.183360e-01 7.812000e-03 7.385200e-02
62 9.170480e-01 7.820000e-03 7.513200e-02
63 9.157560e-01 7.828000e-03 7.641600e-02
64 9.143840e-01 7.780000e-03 7.783600e-02
65 9.130560e-01 7.852000e-03 7.909200e-02
66 9.115960e-01 7.948000e-03 8.045600e-02
67 9.101920e-01 7.972000e-03 8.183600e-02
68 9.087240e-01 7.944000e-03 8.333200e-02
69 9.073720e-01 7.960000e-03 8.466800e-02
70 9.061320e-01 7.740000e-03 8.612800e-02
71 9.047200e-01 7.844000e-03 8.743600e-02
72 9.033720e-01 7.728000e-03 8.890000e-02
73 9.019160e-01 7.892000e-03 9.019200e-02
74 9.004280e-01 8.000000e-03 9.157200e-02
75 8.987720e-01 8.180000e-03 9.304800e-02
76 8.971480e-01 8.372000e-03 9.448000e-02
77 8.955840e-01 8.432000e-03 9.598400e-02
78 8.940920e-01 8.552000e-03 9.735600e-02
79 8.924840e-01 8.708000e-03 9.880800e-02
80 8.908880e-01 8.720000e-03 1.003920e-01
81 8.894160e-01 8.700000e-03 1.018840e-01
82 8.878760e-01 8.688000e-03 1.034360e-01
83 8.863760e-01 8.732000e-03 1.048920e-01
84 8.847920e-01 8.756000e-03 1.064520e-01
85 8.832480e-01 8.696000e-03 1.080560e-01
86 8.819280e-01 8.548000e-03 1.095240e-01
87 8.803920e-01 8.692000e-03 1.109160e-01
88 8.788720e-01 8.636000e-03 1.124920e-01
89 8.771640e-01 8.688000e-03 1.141480e-01
90 8.755160e-01 8.796000e-03 1.156880e-01
91 8.739640e-01 8.832000e-03 1.172040e-01
92 8.724160e-01 8.768000e-03 1.188160e-01
93 8.710680e-01 8.396000e-03 1.205360e-01
94 8.697040e-01 8.388000e-03 1.219080e-01
95 8.683880e-01 8.292000e-03 1.233200e-01
96 8.668440e-01 8.376000e-03 1.247800e-01
97 8.653280e-01 8.336000e-03 1.263360e-01
98 8.638440e-01 8.296000e-03 1.278600e-01
99 8.624520e-01 8.180000e-03 1.293680e-01
100 8.611360e-01 8.120000e-03 1.307440e-01
101 8.598920e-01 7.904000e-03 1.322040e-01
102 8.587280e-01 7.632000e-03 1.336400e-01
103 8.573080e-01 7.644000e-03 1.350480e-01
104 8.558880e-01 7.720000e-03 1.363920e-01
105 8.544800e-01 7.772000e-03 1.377480e-01
106 8.530400e-01 7.972000e-03 1.389880e-01
107 8.516200e-01 8.008000e-03 1.403720e-01
108 8.502640e-01 8.048000e-03 1.416880e-01
109 8.488640e-01 8.016000e-03 1.431200e-01
110 8.474640e-01 7.948000e-03 1.445880e-01
111 8.460920e-01 7.960000e-03 1.459480e-01
112 8.446560e-01 8.084000e-03 1.472600e-01
113 8.433480e-01 7.892000e-03 1.487600e-01
114 8.420240e-01 7.840000e-03 1.501360e-01
115 8.406760e-01 7.860000e-03 1.514640e-01
116 8.393640e-01 7.844000e-03 1.527920e-01
117 8.380480e-01 7.800000e-03 1.541520e-01
118 8.367400e-01 7.772000e-03 1.554880e-01
119 8.353760e-01 7.740000e-03 1.568840e-01
120 8.342080e-01 7.560000e-03 1.582320e-01
121 8.329320e-01 7.524000e-03 1.595440e-01
122 8.316920e-01 7.512000e-03 1.607960e-01
123 8.303720e-01 7.476000e-03 1.621520e-01
124 8.289920e-01 7.528000e-03 1.634800e-01
125 8.276320e-01 7.564000e-03 1.648040e-01
126 8.261040e-01 7.880000e-03 1.660160e-01
127 8.246680e-01 7.824000e-03 1.675080e-01
128 8.232120e-01 7.976000e-03 1.688120e-01
129 8.217400e-01 8.044000e-03 1.702160e-01
130 8.205440e-01 7.844000e-03 1.716120e-01
131 8.193080e-01 7.728000e-03 1.729640e-01
132 8.180720e-01 7.560000e-03 1.743680e-01
133 8.167720e-01 7.544000e-03 1.756840e-01
134 8.155400e-01 7.612000e-03 1.768480e-01
135 8.143720e-01 7.464000e-03 1.781640e-01
136 8.130320e-01 7.432000e-03 1.795360e-01
137 8.119600e-01 7.208000e-03 1.808320e-01
138 8.108920e-01 6.920000e-03 1.821880e-01
139 8.098000e-01 6.864000e-03 1.833360e-01
140 8.086440e-01 6.816000e-03 1.845400e-01
141 8.076440e-01 6.636000e-03 1.857200e-01
142 8.065400e-01 6.504000e-03 1.869560e-01
143 8.055160e-01 6.300000e-03 1.881840e-01
144 8.045040e-01 6.132000e-03 1.893640e-01
145 8.035920e-01 5.876000e-03 1.905320e-01
146 8.025080e-01 5.912000e-03 1.915800e-01
147 8.014880e-01 5.884000e-03 1.926280e-01
148 8.005000e-01 5.800000e-03 1.937000e-01
149 7.995320e-01 5.740000e-03 1.947280e-01
150 7.984640e-01 5.868000e-03 1.956680e-01
151 7.974400e-01 5.812000e-03 1.967480e-01
152 7.964720e-01 5.780000e-03 1.977480e-01
153 7.955000e-01 5.732000e-03 1.987680e-01
154 7.945640e-01 5.716000e-03 1.997200e-01
155 7.936400e-01 5.556000e-03 2.008040e-01
156 7.927240e-01 5.540000e-03 2.017360e-01
157 7.918120e-01 5.480000e-03 2.027080e-01
158 7.908880e-01 5.412000e-03 2.037000e-01
159 7.898440e-01 5.488000e-03 2.046680e-01
160 7.888640e-01 5.496000e-03 2.056400e-01
161 7.879160e-01 5.456000e-03 2.066280e-01
162 7.870360e-01 5.376000e-03 2.075880e-01
163 7.860760e-01 5.304000e-03 2.086200e-01
164 7.851160e-01 5.372000e-03 2.095120e-01
165 7.840760e-01 5.468000e-03 2.104560e-01
166 7.831000e-01 5.460000e-03 2.114400e-01
167 7.821440e-01 5.440000e-03 2.124160e-01
168 7.811680e-01 5.512000e-03 2.133200e-01
169 7.801520e-01 5.568000e-03 2.142800e-01
170 7.792320e-01 5.484000e-03 2.152840e-01
171 7.782680e-01 5.508000e-03 2.162240e-01
172 7.773200e-01 5.432000e-03 2.172480e-01
173 7.764880e-01 5.308000e-03 2.182040e-01
174 7.755520e-01 5.252000e-03 2.191960e-01
175 7.746160e-01 5.124000e-03 2.202600e-01
176 7.737880e-01 5.056000e-03 2.211560e-01
177 7.728760e-01 5.112000e-03 2.220120e-01
178 7.720760e-01 5.040000e-03 2.228840e-01
179 7.713360e-01 4.820000e-03 2.238440e-01
180 7.705480e-01 4.796000e-03 2.246560e-01
181 7.698040e-01 4.768000e-03 2.254280e-01
182 7.689560e-01 4.804000e-03 2.262400e-01
183 7.680920e-01 4.820000e-03 2.270880e-01
184 7.673000e-01 4.760000e-03 2.279400e-01
185 7.665120e-01 4.732000e-03 2.287560e-01
186 7.657840e-01 4.632000e-03 2.295840e-01
187 7.650520e-01 4.496000e-03 2.304520e-01
188 7.642360e-01 4.660000e-03 2.311040e-01
189 7.633960e-01 4.668000e-03 2.319360e-01
190 7.626200e-01 4.720000e-03 2.326600e-01
191 7.618160e-01 4.680000e-03 2.335040e-01
192 7.611360e-01 4.592000e-03 2.342720e-01
193 7.604680e-01 4.572000e-03 2.349600e-01
194 7.597960e-01 4.440000e-03 2.357640e-01
195 7.591880e-01 4.364000e-03 2.364480e-01
196 7.585000e-01 4.276000e-03 2.372240e-01
197 7.576720e-01 4.364000e-03 2.379640e-01
198 7.569360e-01 4.320000e-03 2.387440e-01
199 7.563040e-01 4.156000e-03 2.395400e-01
200 7.556480e-01 4.056000e-03 2.402960e-01
201 7.550160e-01 3.944000e-03 2.410400e-01
202 7.543320e-01 3.960000e-03 2.417080e-01
203 7.536080e-01 4.076000e-03 2.423160e-01
204 7.530280e-01 3.936000e-03 2.430360e-01
205 7.523840e-01 3.748000e-03 2.438680e-01
206 7.518080e-01 3.692000e-03 2.445000e-01
207 7.512160e-01 3.660000e-03 2.451240e-01
208 7.507520e-01 3.524000e-03 2.457240e-01
209 7.502000e-01 3.496000e-03 2.463040e-01
210 7.496120e-01 3.560000e-03 2.468280e-01
211 7.491080e-01 3.388000e-03 2.475040e-01
212 7.486840e-01 3.212000e-03 2.481040e-01
213 7.481440e-01 3.220000e-03 2.486360e-01
214 7.476720e-01 3.176000e-03 2.491520e-01
215 7.471720e-01 3.144000e-03 2.496840e-01
216 7.466120e-01 3.100000e-03 2.502880e-01
217 7.461320e-01 3.060000e-03 2.508080e-01
218 7.456520e-01 3.012000e-03 2.513360e-01
219 7.450560e-01 3.052000e-03 2.518920e-01
220 7.445840e-01 3.092000e-03 2.523240e-01
221 7.441040e-01 3.076000e-03 2.528200e-01
222 7.435840e-01 3.048000e-03 2.533680e-01
223 7.431040e-01 2.952000e-03 2.539440e-01
224 7.426840e-01 2.916000e-03 2.544000e-01
225 7.421840e-01 3.000000e-03 2.548160e-01
226 7.416680e-01 2.952000e-03 2.553800e-01
227 7.411720e-01 2.928000e-03 2.559000e-01
228 7.406680e-01 2.952000e-03 2.563800e-01
229 7.402080e-01 2.868000e-03 2.569240e-01
230 7.398240e-01 2.816000e-03 2.573600e-01
231 7.393320e-01 2.784000e-03 2.578840e-01
232 7.389360e-01 2.736000e-03 2.583280e-01
233 7.384520e-01 2.708000e-03 2.588400e-01
234 7.379880e-01 2.564000e-03 2.594480e-01
235 7.374080e-01 2.692000e-03 2.599000e-01
236 7.369320e-01 2.704000e-03 2.603640e-01
237 7.364120e-01 2.772000e-03 2.608160e-01
238 7.360120e-01 2.688000e-03 2.613000e-01
239 7.355600e-01 2.740000e-03 2.617000e-01
240 7.351320e-01 2.688000e-03 2.621800e-01
241 7.346800e-01 2.724000e-03 2.625960e-01
242 7.340840e-01 2.824000e-03 2.630920e-01
243 7.335800e-01 2.868000e-03 2.635520e-01
244 7.331080e-01 2.836000e-03 2.640560e-01
245 7.325320e-01 2.940000e-03 2.645280e-01
246 7.320400e-01 2.932000e-03 2.650280e-01
247 7.316120e-01 2.792000e-03 2.655960e-01
248 7.311280e-01 2.812000e-03 2.660600e-01
249 7.306360e-01 2.804000e-03 2.665600e-01
250 7.302120e-01 2.712000e-03 2.670760e-01
251 7.297800e-01 2.668000e-03 2.675520e-01
252 7.293720e-01 2.604000e-03 2.680240e-01
253 7.288880e-01 2.588000e-03 2.685240e-01
254 7.284640e-01 2.588000e-03 2.689480e-01
255 7.279720e-01 2.644000e-03 2.693840e-01
256 7.273960e-01 2.720000e-03 2.698840e-01
257 7.269200e-01 2.748000e-03 2.703320e-01
258 7.264160e-01 2.784000e-03 2.708000e-01
259 7.259120e-01 2.728000e-03 2.713600e-01
260 7.254640e-01 2.724000e-03 2.718120e-01
261 7.249800e-01 2.780000e-03 2.722400e-01
262 7.244040e-01 2.900000e-03 2.726960e-01
263 7.237840e-01 2.948000e-03 2.732680e-01
264 7.232200e-01 3.024000e-03 2.737560e-01
265 7.227360e-01 2.936000e-03 2.743280e-01
266 7.222480e-01 2.988000e-03 2.747640e-01
267 7.217240e-01 2.976000e-03 2.753000e-01
268 7.212160e-01 2.940000e-03 2.758440e-01
269 7.206440e-01 3.040000e-03 2.763160e-01
270 7.201880e-01 2.928000e-03 2.768840e-01
271 7.197280e-01 2.932000e-03 2.773400e-01
272 7.192640e-01 2.880000e-03 2.778560e-01
273 7.188840e-01 2.756000e-03 2.783600e-01
274 7.182600e-01 2.916000e-03 2.788240e-01
275 7.177800e-01 2.920000e-03 2.793000e-01
276 7.172920e-01 2.880000e-03 2.798280e-01
277 7.168160e-01 2.836000e-03 2.803480e-01
278 7.163680e-01 2.716000e-03 2.809160e-01
279 7.159640e-01 2.612000e-03 2.814240e-01
280 7.154360e-01 2.728000e-03 2.818360e-01
281 7.149240e-01 2.796000e-03 2.822800e-01
282 7.144000e-01 2.796000e-03 2.828040e-01
283 7.138360e-01 2.872000e-03 2.832920e-01
284 7.132640e-01 2.924000e-03 2.838120e-01
285 7.126240e-01 2.992000e-03 2.843840e-01
286 7.120640e-01 3.024000e-03 2.849120e-01
287 7.115800e-01 3.004000e-03 2.854160e-01
288 7.111000e-01 3.000000e-03 2.859000e-01
289 7.106080e-01 2.984000e-03 2.864080e-01
290 7.101040e-01 2.940000e-03 2.869560e-01
291 7.096000e-01 2.932000e-03 2.874680e-01
292 7.091800e-01 2.872000e-03 2.879480e-01
293 7.086320e-01 2.932000e-03 2.884360e-01
294 7.080880e-01 2.996000e-03 2.889160e-01
295 7.075640e-01 2.972000e-03 2.894640e-01
296 7.070640e-01 3.024000e-03 2.899120e-01
297 7.066000e-01 3.004000e-03 2.903960e-01
298 7.060640e-01 3.004000e-03 2.909320e-01
299 7.055640e-01 2.960000e-03 2.914760e-01
300 7.051160e-01 2.840000e-03 2.920440e-01
301 7.046560e-01 2.768000e-03 2.925760e-01
302 7.042200e-01 2.708000e-03 2.930720e-01
303 7.038600e-01 2.604000e-03 2.935360e-01
304 7.035000e-01 2.560000e-03 2.939400e-01
305 7.030200e-01 2.580000e-03 2.944000e-01
306 7.026000e-01 2.568000e-03 2.948320e-01
307 7.023120e-01 2.372000e-03 2.953160e-01
308 7.018840e-01 2.364000e-03 2.957520e-01
309 7.015160e-01 2.332000e-03 2.961520e-01
310 7.010600e-01 2.416000e-03 2.965240e-01
311 7.006200e-01 2.372000e-03 2.970080e-01
312 7.002160e-01 2.408000e-03 2.973760e-01
313 6.997480e-01 2.472000e-03 2.977800e-01
314 6.992640e-01 2.464000e-03 2.982720e-01
315 6.989160e-01 2.376000e-03 2.987080e-01
316 6.985320e-01 2.384000e-03 2.990840e-01
317 6.981520e-01 2.320000e-03 2.995280e-01
318 6.977720e-01 2.324000e-03 2.999040e-01
319 6.973120e-01 2.372000e-03 3.003160e-01
320 6.969600e-01 2.292000e-03 3.007480e-01
321 6.965640e-01 2.320000e-03 3.011160e-01
322 6.962040e-01 2.308000e-03 3.014880e-01
323 6.958520e-01 2.260000e-03 3.018880e-01
324 6.954600e-01 2.244000e-03 3.022960e-01
325 6.950800e-01 2.272000e-03 3.026480e-01
326 6.947200e-01 2.280000e-03 3.030000e-01
327 6.943720e-01 2.256000e-03 3.033720e-01
328 6.939880e-01 2.248000e-03 3.037640e-01
329 6.936360e-01 2.256000e-03 3.041080e-01
330 6.933120e-01 2.184000e-03 3.045040e-01
331 6.930120e-01 2.104000e-03 3.048840e-01
332 6.926600e-01 2.084000e-03 3.052560e-01
333 6.922480e-01 2.156000e-03 3.055960e-01
334 6.917960e-01 2.224000e-03 3.059800e-01
335 6.913760e-01 2.168000e-03 3.064560e-01
336 6.909360e-01 2.200000e-03 3.068640e-01
337 6.905400e-01 2.232000e-03 3.072280e-01
338 6.902120e-01 2.224000e-03 3.075640e-01
339 6.897720e-01 2.236000e-03 3.079920e-01
340 6.894240e-01 2.156000e-03 3.084200e-01
341 6.890520e-01 2.184000e-03 3.087640e-01
342 6.886520e-01 2.184000e-03 3.091640e-01
343 6.883240e-01 2.152000e-03 3.095240e-01
344 6.879680e-01 2.164000e-03 3.098680e-01
345 6.875560e-01 2.192000e-03 3.102520e-01
346 6.871480e-01 2.236000e-03 3.106160e-01
347 6.866840e-01 2.332000e-03 3.109840e-01
348 6.862520e-01 2.348000e-03 3.114000e-01
349 6.858080e-01 2.368000e-03 3.118240e-01
350 6.853840e-01 2.364000e-03 3.122520e-01
351 6.849240e-01 2.396000e-03 3.126800e-01
352 6.846080e-01 2.288000e-03 3.131040e-01
353 6.842400e-01 2.252000e-03 3.135080e-01
354 6.839480e-01 2.108000e-03 3.139440e-01
355 6.836680e-01 2.040000e-03 3.142920e-01
356 6.833360e-01 2.028000e-03 3.146360e-01
357 6.830040e-01 1.988000e-03 3.150080e-01
358 6.825920e-01 2.044000e-03 3.153640e-01
359 6.822320e-01 1.984000e-03 3.157840e-01
360 6.818800e-01 1.948000e-03 3.161720e-01
361 6.815800e-01 1.956000e-03 3.164640e-01
362 6.812160e-01 1.980000e-03 3.168040e-01
363 6.807840e-01 2.036000e-03 3.171800e-01
364 6.803760e-01 2.080000e-03 3.175440e-01
365 6.800280e-01 2.072000e-03 3.179000e-01
366 6.797040e-01 1.992000e-03 3.183040e-01
367 6.793760e-01 1.892000e-03 3.187320e-01
368 6.789800e-01 1.972000e-03 3.190480e-01
369 6.786200e-01 1.964000e-03 3.194160e-01
370 6.783400e-01 1.884000e-03 3.197760e-01
371 6.779760e-01 1.896000e-03 3.201280e-01
372 6.776800e-01 1.940000e-03 3.203800e-01
373 6.773600e-01 1.972000e-03 3.206680e-01
374 6.770680e-01 1.900000e-03 3.210320e-01
375 6.767240e-01 1.868000e-03 3.214080e-01
376 6.764160e-01 1.836000e-03 3.217480e-01
377 6.761160e-01 1.760000e-03 3.221240e-01
378 6.757960e-01 1.804000e-03 3.224000e-01
379 6.755960e-01 1.728000e-03 3.226760e-01
380 6.752880e-01 1.764000e-03 3.229480e-01
381 6.750320e-01 1.716000e-03 3.232520e-01
382 6.748280e-01 1.648000e-03 3.235240e-01
383 6.745480e-01 1.632000e-03 3.238200e-01
384 6.743240e-01 1.560000e-03 3.241160e-01
385 6.741200e-01 1.472000e-03 3.244080e-01
386 6.739160e-01 1.436000e-03 3.246480e-01
387 6.737480e-01 1.320000e-03 3.249320e-01
388 6.735720e-01 1.280000e-03 3.251480e-01
389 6.733520e-01 1.232000e-03 3.254160e-01
390 6.731560e-01 1.248000e-03 3.255960e-01
391 6.729720e-01 1.188000e-03 3.258400e-01
392 6.727800e-01 1.156000e-03 3.260640e-01
393 6.726120e-01 1.124000e-03 3.262640e-01
394 6.724720e-01 1.076000e-03 3.264520e-01
395 6.722880e-01 1.056000e-03 3.266560e-01
396 6.721240e-01 1.048000e-03 3.268280e-01
397 6.719480e-01 1.032000e-03 3.270200e-01
398 6.717280e-01 1.052000e-03 3.272200e-01
399 6.715640e-01 1.040000e-03 3.273960e-01
400 6.714520e-01 9.440000e-04 3.276040e-01
401 6.713160e-01 9.440000e-04 3.277400e-01
402 6.712040e-01 8.960000e-04 3.279000e-01
403 6.710960e-01 8.560000e-04 3.280480e-01
404 6.710080e-01 8.160000e-04 3.281760e-01
405 6.709000e-01 7.960000e-04 3.283040e-01
406 6.707280e-01 8.480000e-04 3.284240e-01
407 6.705520e-01 8.880000e-04 3.285600e-01
408 6.703680e-01 9.480000e-04 3.286840e-01
409 6.701840e-01 9.480000e-04 3.288680e-01
410 6.699760e-01 1.012000e-03 3.290120e-01
411 6.697640e-01 1.060000e-03 3.291760e-01
412 6.695720e-01 1.060000e-03 3.293680e-01
413 6.693760e-01 1.020000e-03 3.296040e-01
414 6.692400e-01 9.600000e-04 3.298000e-01
415 6.691120e-01 9.600000e-04 3.299280e-01
416 6.689760e-01 9.400000e-04 3.300840e-01
417 6.688280e-01 9.480000e-04 3.302240e-01
418 6.686840e-01 9.120000e-04 3.304040e-01
419 6.684880e-01 9.560000e-04 3.305560e-01
420 6.683000e-01 9.840000e-04 3.307160e-01
421 6.681080e-01 1.004000e-03 3.308880e-01
422 6.679080e-01 9.800000e-04 3.311120e-01
423 6.677600e-01 9.400000e-04 3.313000e-01
424 6.675720e-01 9.240000e-04 3.315040e-01
425 6.673920e-01 9.720000e-04 3.316360e-01
426 6.672640e-01 9.040000e-04 3.318320e-01
427 6.671160e-01 9.120000e-04 3.319720e-01
428 6.669360e-01 9.000000e-04 3.321640e-01
429 6.667560e-01 9.640000e-04 3.322800e-01
430 6.665760e-01 9.480000e-04 3.324760e-01
431 6.663760e-01 9.680000e-04 3.326560e-01
432 6.662720e-01 9.240000e-04 3.328040e-01
433 6.661240e-01 8.720000e-04 3.330040e-01
434 6.659760e-01 8.360000e-04 3.331880e-01
435 6.658200e-01 8.680000e-04 3.333120e-01
436 6.656440e-01 8.720000e-04 3.334840e-01
437 6.655160e-01 8.400000e-04 3.336440e-01
438 6.654360e-01 7.360000e-04 3.338280e-01
439 6.653120e-01 7.280000e-04 3.339600e-01
440 6.651840e-01 7.120000e-04 3.341040e-01
441 6.650400e-01 7.360000e-04 3.342240e-01
442 6.649720e-01 7.000000e-04 3.343280e-01
443 6.648440e-01 6.960000e-04 3.344600e-01
444 6.647320e-01 7.000000e-04 3.345680e-01
445 6.646480e-01 6.680000e-04 3.346840e-01
446 6.645000e-01 7.080000e-04 3.347920e-01
447 6.643920e-01 6.720000e-04 3.349360e-01
448 6.643000e-01 6.640000e-04 3.350360e-01
449 6.642560e-01 5.840000e-04 3.351600e-01
450 6.641720e-01 5.600000e-04 3.352680e-01
451 6.640840e-01 5.720000e-04 3.353440e-01
452 6.640000e-01 5.560000e-04 3.354440e-01
453 6.638960e-01 5.520000e-04 3.355520e-01
454 6.637520e-01 5.960000e-04 3.356520e-01
455 6.636360e-01 5.800000e-04 3.357840e-01
456 6.635280e-01 6.000000e-04 3.358720e-01
457 6.634280e-01 5.880000e-04 3.359840e-01
458 6.632800e-01 6.280000e-04 3.360920e-01
459 6.631560e-01 6.520000e-04 3.361920e-01
460 6.630560e-01 6.160000e-04 3.363280e-01
461 6.629240e-01 6.440000e-04 3.364320e-01
462 6.627360e-01 6.840000e-04 3.365800e-01
463 6.625960e-01 6.320000e-04 3.367720e-01
464 6.624680e-01 6.240000e-04 3.369080e-01
465 6.623280e-01 6.800000e-04 3.369920e-01
466 6.622200e-01 6.920000e-04 3.370880e-01
467 6.620680e-01 7.640000e-04 3.371680e-01
468 6.619400e-01 7.760000e-04 3.372840e-01
469 6.618320e-01 7.560000e-04 3.374120e-01
470 6.617480e-01 6.840000e-04 3.375680e-01
471 6.616760e-01 6.600000e-04 3.376640e-01
472 6.615840e-01 6.320000e-04 3.377840e-01
473 6.614840e-01 5.880000e-04 3.379280e-01
474 6.613720e-01 6.360000e-04 3.379920e-01
475 6.612680e-01 6.240000e-04 3.381080e-01
476 6.611880e-01 6.120000e-04 3.382000e-01
477 6.610880e-01 6.360000e-04 3.382760e-01
478 6.610040e-01 6.000000e-04 3.383960e-01
479 6.609240e-01 5.640000e-04 3.385120e-01
480 6.608040e-01 5.600000e-04 3.386360e-01
481 6.606880e-01 5.640000e-04 3.387480e-01
482 6.605560e-01 5.760000e-04 3.388680e-01
483 6.604360e-01 6.160000e-04 3.389480e-01
484 6.603440e-01 5.840000e-04 3.390720e-01
485 6.602200e-01 5.720000e-04 3.392080e-01
486 6.600960e-01 6.080000e-04 3.392960e-01
487 6.599520e-01 6.560000e-04 3.393920e-01
488 6.598280e-01 6.480000e-04 3.395240e-01
489 6.596400e-01 7.440000e-04 3.396160e-01
490 6.595280e-01 7.200000e-04 3.397520e-01
491 6.593560e-01 7.200000e-04 3.399240e-01
492 6.591920e-01 7.320000e-04 3.400760e-01
493 6.590400e-01 7.480000e-04 3.402120e-01
494 6.588880e-01 7.520000e-04 3.403600e-01
495 6.587960e-01 7.000000e-04 3.405040e-01
496 6.586920e-01 6.520000e-04 3.406560e-01
497 6.585920e-01 6.480000e-04 3.407600e-01
498 6.584920e-01 6.480000e-04 3.408600e-01
499 6.583920e-01 6.440000e-04 3.409640e-01
500 6.582960e-01 6.400000e-04 3.410640e-01
