1 9.993120e-01 5.840000e-04 1.040000e-04
2 9.988520e-01 9.160000e-04 2.320000e-04
3 9.983560e-01 1.268000e-03 3.760000e-04
4 9.977800e-01 1.608000e-03 6.120000e-04
5 9.971080e-01 1.932000e-03 9.600000e-04
6 9.963560e-01 2.348000e-03 1.296000e-03
7 9.956200e-01 2.640000e-03 1.740000e-03
8 9.946880e-01 3.052000e-03 2.260000e-03
9 9.939360e-01 3.256000e-03 2.808000e-03
10 9.930560e-01 3.568000e-03 3.376000e-03
11 9.921040e-01 3.824000e-03 4.072000e-03
12 9.912160e-01 3.928000e-03 4.856000e-03
13 9.902080e-01 4.236000e-03 5.556000e-03
14 9.890840e-01 4.524000e-03 6.392000e-03
15 9.879120e-01 4.916000e-03 7.172000e-03
16 9.866800e-01 5.280000e-03 8.040000e-03
17 9.855080e-01 5.484000e-03 9.008000e-03
18 9.842880e-01 5.644000e-03 1.006800e-02
19 9.831960e-01 5.772000e-03 1.103200e-02
20 9.820040e-01 5.992000e-03 1.200400e-02
21 9.806440e-01 6.356000e-03 1.300000e-02
22 9.793080e-01 6.668000e-03 1.402400e-02
23 9.779160e-01 6.872000e-03 1.521200e-02
24 9.764600e-01 7.088000e-03 1.645200e-02
25 9.748720e-01 7.424000e-03 1.770400e-02
26 9.732880e-01 7.624000e-03 1.908800e-02
27 9.717120e-01 7.892000e-03 2.039600e-02
28 9.701760e-01 8.028000e-03 2.179600e-02
29 9.687600e-01 8.020000e-03 2.322000e-02
30 9.669960e-01 8.312000e-03 2.469200e-02
31 9.654800e-01 8.408000e-03 2.611200e-02
32 9.639480e-01 8.440000e-03 2.761200e-02
33 9.623880e-01 8.520000e-03 2.909200e-02
34 9.608720e-01 8.436000e-03 3.069200e-02
35 9.592240e-01 8.632000e-03 3.214400e-02
36 9.576000e-01 8.760000e-03 3.364000e-02
37 9.557040e-01 9.064000e-03 3.523200e-02
38 9.539880e-01 9.016000e-03 3.699600e-02
39 9.522800e-01 9.308000e-03 3.841200e-02
40 9.506280e-01 9.160000e-03 4.021200e-02
41 9.491080e-01 9.096000e-03 4.179600e-02
42 9.474360e-01 9.180000e-03 4.338400e-02
43 9.457960e-01 9.164000e-03 4.504000e-02
44 9.442360e-01 9.024000e-03 4.674000e-02
45 9.425840e-01 9.000000e-03 4.841600e-02
46 9.410000e-01 9.116000e-03 4.988400e-02
47 9.393560e-01 9.172000e-03 5.147200e-02
48 9.376440e-01 9.332000e-03 5.302400e-02
49 9.361200e-01 9.168000e-03 5.471200e-02
50 9.346400e-01 8.912000e-03 5.644800e-02
51 9.331480e-01 8.752000e-03 5.810000e-02
52 9.315840e-01 8.884000e-03 5.953200e-02
53 9.299440e-01 8.948000e-03 6.110800e-02
54 9.283840e-01 8.984000e-03 6.263200e-02
55 9.268640e-01 8.892000e-03 6.424400e-02
56 9.253560e-01 8.956000e-03 6.568800e-02
57 9.237080e-01 9.048000e-03 6.724400e-02
58 9.220400e-01 9.120000e-03 6.884000e-02
59 9.205120e-01 8.952000e-03 7.053600e-02
60 9.190120e-01 8.800000e-03 7.218800e-02
61 9.172800e-01 8.980000e-03 7.374000e-02
62 9.156960e-01 8.940000e-03 7.536400e-02
63 9.141440e-01 8.952000e-03 7.690400e-02
64 9.126200e-01 8.896000e-03 7.848400e-02
65 9.109920e-01 8.976000e-03 8.003200e-02
66 9.094680e-01 8.732000e-03 8.180000e-02
67 9.077000e-01 8.948000e-03 8.335200e-02
68 9.060040e-01 9.040000e-03 8.495600e-02
69 9.044600e-01 9.020000e-03 8.652000e-02
70 9.028360e-01 9.144000e-03 8.802000e-02
71 9.010960e-01 9.372000e-03 8.953200e-02
72 8.994080e-01 9.472000e-03 9.112000e-02
73 8.975920e-01 9.728000e-03 9.268000e-02
74 8.958680e-01 9.720000e-03 9.441200e-02
75 8.940200e-01 9.812000e-03 9.616800e-02
76 8.923720e-01 9.808000e-03 9.782000e-02
77 8.906680e-01 9.884000e-03 9.944800e-02
78 8.887720e-01 9.956000e-03 1.012720e-01
79 8.868800e-01 1.011600e-02 1.030040e-01
80 8.851720e-01 1.006800e-02 1.047600e-01
81 8.836560e-01 9.860000e-03 1.064840e-01
82 8.819880e-01 9.764000e-03 1.082480e-01
83 8.804280e-01 9.604000e-03 1.099680e-01
84 8.787120e-01 9.752000e-03 1.115360e-01
85 8.771520e-01 9.752000e-03 1.130960e-01
86 8.756400e-01 9.740000e-03 1.146200e-01
87 8.739960e-01 9.660000e-03 1.163440e-01
88 8.723920e-01 9.712000e-03 1.178960e-01
89 8.707960e-01 9.648000e-03 1.195560e-01
90 8.692240e-01 9.520000e-03 1.212560e-01
91 8.679000e-01 9.304000e-03 1.227960e-01
92 8.664560e-01 9.088000e-03 1.244560e-01
93 8.649760e-01 8.916000e-03 1.261080e-01
94 8.634400e-01 8.884000e-03 1.276760e-01
95 8.618600e-01 9.024000e-03 1.291160e-01
96 8.602720e-01 9.024000e-03 1.307040e-01
97 8.586840e-01 9.016000e-03 1.323000e-01
98 8.571680e-01 8.892000e-03 1.339400e-01
99 8.556400e-01 8.900000e-03 1.354600e-01
100 8.540080e-01 8.864000e-03 1.371280e-01
101 8.525480e-01 8.756000e-03 1.386960e-01
102 8.512040e-01 8.604000e-03 1.401920e-01
103 8.496080e-01 8.780000e-03 1.416120e-01
104 8.481640e-01 8.752000e-03 1.430840e-01
105 8.467080e-01 8.656000e-03 1.446360e-01
106 8.451560e-01 8.592000e-03 1.462520e-01
107 8.437160e-01 8.484000e-03 1.478000e-01
108 8.422480e-01 8.352000e-03 1.494000e-01
109 8.407520e-01 8.420000e-03 1.508280e-01
110 8.391760e-01 8.500000e-03 1.523240e-01
111 8.375920e-01 8.512000e-03 1.538960e-01
112 8.360640e-01 8.516000e-03 1.554200e-01
113 8.345760e-01 8.492000e-03 1.569320e-01
114 8.331560e-01 8.464000e-03 1.583800e-01
115 8.315840e-01 8.540000e-03 1.598760e-01
116 8.300240e-01 8.580000e-03 1.613960e-01
117 8.286480e-01 8.448000e-03 1.629040e-01
118 8.272800e-01 8.260000e-03 1.644600e-01
119 8.259480e-01 7.972000e-03 1.660800e-01
120 8.245280e-01 7.984000e-03 1.674880e-01
121 8.231480e-01 7.960000e-03 1.688920e-01
122 8.219800e-01 7.736000e-03 1.702840e-01
123 8.207880e-01 7.592000e-03 1.716200e-01
124 8.194920e-01 7.480000e-03 1.730280e-01
125 8.181840e-01 7.416000e-03 1.744000e-01
126 8.169040e-01 7.468000e-03 1.756280e-01
127 8.155120e-01 7.468000e-03 1.770200e-01
128 8.141400e-01 7.544000e-03 1.783160e-01
129 8.128640e-01 7.516000e-03 1.796200e-01
130 8.117480e-01 7.268000e-03 1.809840e-01
131 8.105840e-01 7.172000e-03 1.822440e-01
132 8.093120e-01 7.232000e-03 1.834560e-01
133 8.081480e-01 7.100000e-03 1.847520e-01
134 8.068440e-01 7.196000e-03 1.859600e-01
135 8.055840e-01 7.252000e-03 1.871640e-01
136 8.043200e-01 7.240000e-03 1.884400e-01
137 8.031200e-01 7.168000e-03 1.897120e-01
138 8.017080e-01 7.316000e-03 1.909760e-01
139 8.004760e-01 7.312000e-03 1.922120e-01
140 7.991320e-01 7.408000e-03 1.934600e-01
141 7.977000e-01 7.492000e-03 1.948080e-01
142 7.963800e-01 7.452000e-03 1.961680e-01
143 7.950200e-01 7.484000e-03 1.974960e-01
144 7.937720e-01 7.508000e-03 1.987200e-01
145 7.924120e-01 7.460000e-03 2.001280e-01
146 7.910200e-01 7.460000e-03 2.015200e-01
147 7.895720e-01 7.624000e-03 2.028040e-01
148 7.880600e-01 7.908000e-03 2.040320e-01
149 7.866080e-01 7.936000e-03 2.054560e-01
150 7.853040e-01 7.824000e-03 2.068720e-01
151 7.838960e-01 7.832000e-03 2.082720e-01
152 7.824720e-01 7.772000e-03 2.097560e-01
153 7.811280e-01 7.760000e-03 2.111120e-01
154 7.798120e-01 7.788000e-03 2.124000e-01
155 7.784800e-01 7.776000e-03 2.137440e-01
156 7.770400e-01 7.872000e-03 2.150880e-01
157 7.755800e-01 7.960000e-03 2.164600e-01
158 7.742560e-01 7.920000e-03 2.178240e-01
159 7.729360e-01 7.724000e-03 2.193400e-01
160 7.716360e-01 7.664000e-03 2.207000e-01
161 7.703600e-01 7.548000e-03 2.220920e-01
162 7.690560e-01 7.512000e-03 2.234320e-01
163 7.678800e-01 7.412000e-03 2.247080e-01
164 7.666160e-01 7.400000e-03 2.259840e-01
165 7.655040e-01 7.208000e-03 2.272880e-01
166 7.641960e-01 7.256000e-03 2.285480e-01
167 7.629960e-01 7.164000e-03 2.298400e-01
168 7.618240e-01 7.148000e-03 2.310280e-01
169 7.606880e-01 6.992000e-03 2.323200e-01
170 7.593520e-01 7.092000e-03 2.335560e-01
171 7.580760e-01 7.168000e-03 2.347560e-01
172 7.569760e-01 7.064000e-03 2.359600e-01
173 7.558760e-01 6.884000e-03 2.372400e-01
174 7.546720e-01 6.948000e-03 2.383800e-01
175 7.533600e-01 6.984000e-03 2.396560e-01
176 7.521640e-01 6.836000e-03 2.410000e-01
177 7.509360e-01 6.852000e-03 2.422120e-01
178 7.497920e-01 6.784000e-03 2.434240e-01
179 7.485480e-01 6.752000e-03 2.447000e-01
180 7.472840e-01 6.880000e-03 2.458360e-01
181 7.461120e-01 6.884000e-03 2.470040e-01
182 7.448200e-01 6.964000e-03 2.482160e-01
183 7.435080e-01 7.060000e-03 2.494320e-01
184 7.421240e-01 7.168000e-03 2.507080e-01
185 7.408040e-01 7.096000e-03 2.521000e-01
186 7.394080e-01 7.256000e-03 2.533360e-01
187 7.382360e-01 7.104000e-03 2.546600e-01
188 7.370720e-01 7.044000e-03 2.558840e-01
189 7.357840e-01 7.124000e-03 2.570920e-01
190 7.345080e-01 7.144000e-03 2.583480e-01
191 7.333200e-01 7.056000e-03 2.596240e-01
192 7.320280e-01 7.124000e-03 2.608480e-01
193 7.307560e-01 6.996000e-03 2.622480e-01
194 7.294560e-01 7.080000e-03 2.634640e-01
195 7.282040e-01 7.116000e-03 2.646800e-01
196 7.269080e-01 7.208000e-03 2.658840e-01
197 7.257080e-01 7.196000e-03 2.670960e-01
198 7.244960e-01 7.212000e-03 2.682920e-01
199 7.231520e-01 7.296000e-03 2.695520e-01
200 7.220560e-01 7.112000e-03 2.708320e-01
201 7.209520e-01 7.148000e-03 2.719000e-01
202 7.195600e-01 7.268000e-03 2.731720e-01
203 7.183240e-01 7.244000e-03 2.744320e-01
204 7.171560e-01 7.152000e-03 2.756920e-01
205 7.159920e-01 7.040000e-03 2.769680e-01
206 7.149320e-01 6.788000e-03 2.782800e-01
207 7.137480e-01 6.768000e-03 2.794840e-01
208 7.124680e-01 6.928000e-03 2.806040e-01
209 7.113880e-01 6.956000e-03 2.816560e-01
210 7.102040e-01 7.020000e-03 2.827760e-01
211 7.089360e-01 7.028000e-03 2.840360e-01
212 7.078840e-01 6.780000e-03 2.853360e-01
213 7.068240e-01 6.676000e-03 2.865000e-01
214 7.057600e-01 6.572000e-03 2.876680e-01
215 7.047160e-01 6.400000e-03 2.888840e-01
216 7.037760e-01 6.192000e-03 2.900320e-01
217 7.026400e-01 6.224000e-03 2.911360e-01
218 7.015680e-01 6.096000e-03 2.923360e-01
219 7.005960e-01 5.996000e-03 2.934080e-01
220 6.996400e-01 5.908000e-03 2.944520e-01
221 6.985880e-01 6.032000e-03 2.953800e-01
222 6.975360e-01 6.148000e-03 2.963160e-01
223 6.964640e-01 6.148000e-03 2.973880e-01
224 6.952640e-01 6.392000e-03 2.983440e-01
225 6.941400e-01 6.424000e-03 2.994360e-01
226 6.931040e-01 6.360000e-03 3.005360e-01
227 6.920160e-01 6.444000e-03 3.015400e-01
228 6.908600e-01 6.528000e-03 3.026120e-01
229 6.898080e-01 6.484000e-03 3.037080e-01
230 6.888000e-01 6.316000e-03 3.048840e-01
231 6.877760e-01 6.128000e-03 3.060960e-01
232 6.868240e-01 6.092000e-03 3.070840e-01
233 6.858400e-01 5.996000e-03 3.081640e-01
234 6.849640e-01 5.808000e-03 3.092280e-01
235 6.839360e-01 5.868000e-03 3.101960e-01
236 6.828280e-01 6.060000e-03 3.111120e-01
237 6.817960e-01 6.012000e-03 3.121920e-01
238 6.809160e-01 5.844000e-03 3.132400e-01
239 6.799640e-01 5.848000e-03 3.141880e-01
240 6.791440e-01 5.660000e-03 3.151960e-01
241 6.782760e-01 5.564000e-03 3.161600e-01
242 6.774360e-01 5.500000e-03 3.170640e-01
243 6.766440e-01 5.348000e-03 3.180080e-01
244 6.757880e-01 5.352000e-03 3.188600e-01
245 6.749600e-01 5.248000e-03 3.197920e-01
246 6.740360e-01 5.220000e-03 3.207440e-01
247 6.732080e-01 5.104000e-03 3.216880e-01
248 6.723360e-01 5.036000e-03 3.226280e-01
249 6.714680e-01 5.100000e-03 3.234320e-01
250 6.705800e-01 5.052000e-03 3.243680e-01
251 6.697840e-01 4.972000e-03 3.252440e-01
252 6.688120e-01 5.116000e-03 3.260720e-01
253 6.680440e-01 4.896000e-03 3.270600e-01
254 6.671400e-01 4.988000e-03 3.278720e-01
255 6.662320e-01 5.000000e-03 3.287680e-01
256 6.653200e-01 4.900000e-03 3.297800e-01
257 6.646040e-01 4.804000e-03 3.305920e-01
258 6.638160e-01 4.712000e-03 3.314720e-01
259 6.629240e-01 4.720000e-03 3.323560e-01
260 6.619960e-01 4.800000e-03 3.332040e-01
261 6.611800e-01 4.764000e-03 3.340560e-01
262 6.603760e-01 4.708000e-03 3.349160e-01
263 6.594960e-01 4.668000e-03 3.358360e-01
264 6.586760e-01 4.632000e-03 3.366920e-01
265 6.578720e-01 4.648000e-03 3.374800e-01
266 6.571000e-01 4.576000e-03 3.383240e-01
267 6.564040e-01 4.476000e-03 3.391200e-01
268 6.556520e-01 4.372000e-03 3.399760e-01
269 6.549440e-01 4.352000e-03 3.407040e-01
270 6.543280e-01 4.216000e-03 3.414560e-01
271 6.537080e-01 4.096000e-03 3.421960e-01
272 6.529960e-01 4.084000e-03 3.429200e-01
273 6.524040e-01 3.944000e-03 3.436520e-01
274 6.516280e-01 3.960000e-03 3.444120e-01
275 6.509160e-01 3.952000e-03 3.451320e-01
276 6.502400e-01 4.004000e-03 3.457560e-01
277 6.495560e-01 4.036000e-03 3.464080e-01
278 6.489920e-01 3.900000e-03 3.471080e-01
279 6.483800e-01 3.880000e-03 3.477400e-01
280 6.477920e-01 3.884000e-03 3.483240e-01
281 6.471240e-01 3.848000e-03 3.490280e-01
282 6.465400e-01 3.828000e-03 3.496320e-01
283 6.458480e-01 3.884000e-03 3.502680e-01
284 6.451840e-01 3.944000e-03 3.508720e-01
285 6.445120e-01 3.820000e-03 3.516680e-01
286 6.438240e-01 3.804000e-03 3.523720e-01
287 6.432120e-01 3.772000e-03 3.530160e-01
288 6.425280e-01 3.828000e-03 3.536440e-01
289 6.418280e-01 3.788000e-03 3.543840e-01
290 6.411760e-01 3.852000e-03 3.549720e-01
291 6.405840e-01 3.672000e-03 3.557440e-01
292 6.400400e-01 3.576000e-03 3.563840e-01
293 6.394440e-01 3.516000e-03 3.570400e-01
294 6.389000e-01 3.464000e-03 3.576360e-01
295 6.382640e-01 3.468000e-03 3.582680e-01
296 6.377240e-01 3.380000e-03 3.588960e-01
297 6.372360e-01 3.224000e-03 3.595400e-01
298 6.367200e-01 3.148000e-03 3.601320e-01
299 6.362040e-01 3.164000e-03 3.606320e-01
300 6.357040e-01 3.112000e-03 3.611840e-01
301 6.351040e-01 3.116000e-03 3.617800e-01
302 6.345480e-01 3.096000e-03 3.623560e-01
303 6.339840e-01 3.056000e-03 3.629600e-01
304 6.333960e-01 3.160000e-03 3.634440e-01
305 6.327840e-01 3.176000e-03 3.640400e-01
306 6.322920e-01 3.176000e-03 3.645320e-01
307 6.318040e-01 3.040000e-03 3.651560e-01
308 6.313320e-01 2.996000e-03 3.656720e-01
309 6.308800e-01 2.964000e-03 3.661560e-01
310 6.304000e-01 2.908000e-03 3.666920e-01
311 6.298120e-01 2.968000e-03 3.672200e-01
312 6.293720e-01 2.888000e-03 3.677400e-01
313 6.289520e-01 2.752000e-03 3.682960e-01
314 6.284200e-01 2.880000e-03 3.687000e-01
315 6.278480e-01 2.944000e-03 3.692080e-01
316 6.273160e-01 2.940000e-03 3.697440e-01
317 6.268160e-01 2.912000e-03 3.702720e-01
318 6.261760e-01 3.100000e-03 3.707240e-01
319 6.256160e-01 3.128000e-03 3.712560e-01
320 6.250800e-01 3.084000e-03 3.718360e-01
321 6.244720e-01 3.140000e-03 3.723880e-01
322 6.239120e-01 3.152000e-03 3.729360e-01
323 6.234680e-01 3.028000e-03 3.735040e-01
324 6.229880e-01 2.916000e-03 3.740960e-01
325 6.225440e-01 2.864000e-03 3.745920e-01
326 6.219840e-01 2.932000e-03 3.750840e-01
327 6.216080e-01 2.776000e-03 3.756160e-01
328 6.211680e-01 2.692000e-03 3.761400e-01
329 6.207840e-01 2.560000e-03 3.766560e-01
330 6.204400e-01 2.532000e-03 3.770280e-01
331 6.200280e-01 2.500000e-03 3.774720e-01
332 6.196160e-01 2.488000e-03 3.778960e-01
333 6.192640e-01 2.388000e-03 3.783480e-01
334 6.189040e-01 2.332000e-03 3.787640e-01
335 6.185160e-01 2.288000e-03 3.791960e-01
336 6.182000e-01 2.240000e-03 3.795600e-01
337 6.178160e-01 2.248000e-03 3.799360e-01
338 6.174760e-01 2.188000e-03 3.803360e-01
339 6.171760e-01 2.180000e-03 3.806440e-01
340 6.168280e-01 2.176000e-03 3.809960e-01
341 6.164120e-01 2.188000e-03 3.814000e-01
342 6.160120e-01 2.144000e-03 3.818440e-01
343 6.156800e-01 2.136000e-03 3.821840e-01
344 6.153240e-01 2.064000e-03 3.826120e-01
345 6.149840e-01 2.060000e-03 3.829560e-01
346 6.145800e-01 2.088000e-03 3.833320e-01
347 6.142360e-01 2.052000e-03 3.837120e-01
348 6.139320e-01 1.992000e-03 3.840760e-01
349 6.136560e-01 1.952000e-03 3.843920e-01
350 6.132920e-01 1.980000e-03 3.847280e-01
351 6.129040e-01 2.052000e-03 3.850440e-01
352 6.125600e-01 2.060000e-03 3.853800e-01
353 6.121600e-01 2.080000e-03 3.857600e-01
354 6.118080e-01 2.068000e-03 3.861240e-01
355 6.115520e-01 2.072000e-03 3.863760e-01
356 6.112280e-01 2.032000e-03 3.867400e-01
357 6.109200e-01 1.972000e-03 3.871080e-01
358 6.105800e-01 1.996000e-03 3.874240e-01
359 6.103160e-01 1.856000e-03 3.878280e-01
360 6.100960e-01 1.768000e-03 3.881360e-01
361 6.098720e-01 1.720000e-03 3.884080e-01
362 6.096800e-01 1.616000e-03 3.887040e-01
363 6.094160e-01 1.644000e-03 3.889400e-01
364 6.091520e-01 1.684000e-03 3.891640e-01
365 6.088840e-01 1.696000e-03 3.894200e-01
366 6.086160e-01 1.668000e-03 3.897160e-01
367 6.083200e-01 1.648000e-03 3.900320e-01
368 6.080760e-01 1.596000e-03 3.903280e-01
369 6.078440e-01 1.544000e-03 3.906120e-01
370 6.075840e-01 1.544000e-03 3.908720e-01
371 6.073800e-01 1.492000e-03 3.911280e-01
372 6.071360e-01 1.476000e-03 3.913880e-01
373 6.069160e-01 1.428000e-03 3.916560e-01
374 6.066040e-01 1.488000e-03 3.919080e-01
375 6.064040e-01 1.432000e-03 3.921640e-01
376 6.061720e-01 1.416000e-03 3.924120e-01
377 6.059240e-01 1.456000e-03 3.926200e-01
378 6.056720e-01 1.472000e-03 3.928560e-01
379 6.053480e-01 1.492000e-03 3.931600e-01
380 6.051080e-01 1.492000e-03 3.934000e-01
381 6.048240e-01 1.500000e-03 3.936760e-01
382 6.045880e-01 1.440000e-03 3.939720e-01
383 6.043400e-01 1.400000e-03 3.942600e-01
384 6.041280e-01 1.400000e-03 3.944720e-01
385 6.038640e-01 1.364000e-03 3.947720e-01
386 6.036200e-01 1.372000e-03 3.950080e-01
387 6.033680e-01 1.328000e-03 3.953040e-01
388 6.031480e-01 1.328000e-03 3.955240e-01
389 6.028960e-01 1.388000e-03 3.957160e-01
390 6.026440e-01 1.396000e-03 3.959600e-01
391 6.023600e-01 1.408000e-03 3.962320e-01
392 6.021320e-01 1.364000e-03 3.965040e-01
393 6.018680e-01 1.388000e-03 3.967440e-01
394 6.015760e-01 1.388000e-03 3.970360e-01
395 6.013120e-01 1.408000e-03 3.972800e-01
396 6.011520e-01 1.336000e-03 3.975120e-01
397 6.009000e-01 1.356000e-03 3.977440e-01
398 6.006280e-01 1.412000e-03 3.979600e-01
399 6.003240e-01 1.444000e-03 3.982320e-01
400 6.001120e-01 1.404000e-03 3.984840e-01
401 5.998040e-01 1.480000e-03 3.987160e-01
402 5.995440e-01 1.508000e-03 3.989480e-01
403 5.993280e-01 1.472000e-03 3.992000e-01
404 5.991080e-01 1.452000e-03 3.994400e-01
405 5.989120e-01 1.424000e-03 3.996640e-01
406 5.986360e-01 1.468000e-03 3.998960e-01
407 5.984280e-01 1.436000e-03 4.001360e-01
408 5.982600e-01 1.312000e-03 4.004280e-01
409 5.980200e-01 1.352000e-03 4.006280e-01
410 5.978280e-01 1.320000e-03 4.008520e-01
411 5.976000e-01 1.284000e-03 4.011160e-01
412 5.973280e-01 1.312000e-03 4.013600e-01
413 5.971680e-01 1.276000e-03 4.015560e-01
414 5.969840e-01 1.224000e-03 4.017920e-01
415 5.968160e-01 1.176000e-03 4.020080e-01
416 5.965680e-01 1.248000e-03 4.021840e-01
417 5.963920e-01 1.208000e-03 4.024000e-01
418 5.962200e-01 1.160000e-03 4.026200e-01
419 5.959720e-01 1.192000e-03 4.028360e-01
420 5.958160e-01 1.192000e-03 4.029920e-01
421 5.957240e-01 1.096000e-03 4.031800e-01
422 5.955800e-01 1.044000e-03 4.033760e-01
423 5.954480e-01 9.840000e-04 4.035680e-01
424 5.953080e-01 9.760000e-04 4.037160e-01
425 5.951680e-01 9.560000e-04 4.038760e-01
426 5.950240e-01 9.280000e-04 4.040480e-01
427 5.948800e-01 8.720000e-04 4.042480e-01
428 5.947320e-01 8.880000e-04 4.043800e-01
429 5.945880e-01 9.080000e-04 4.045040e-01
430 5.944040e-01 9.520000e-04 4.046440e-01
431 5.942560e-01 9.280000e-04 4.048160e-01
432 5.940080e-01 1.020000e-03 4.049720e-01
433 5.938520e-01 1.004000e-03 4.051440e-01
434 5.937080e-01 9.360000e-04 4.053560e-01
435 5.935880e-01 8.560000e-04 4.055560e-01
436 5.934560e-01 8.400000e-04 4.057040e-01
437 5.932640e-01 8.640000e-04 4.058720e-01
438 5.931360e-01 8.360000e-04 4.060280e-01
439 5.929720e-01 8.400000e-04 4.061880e-01
440 5.928040e-01 8.800000e-04 4.063160e-01
441 5.926000e-01 9.160000e-04 4.064840e-01
442 5.924200e-01 9.040000e-04 4.066760e-01
443 5.922840e-01 8.920000e-04 4.068240e-01
444 5.921120e-01 9.440000e-04 4.069440e-01
445 5.919680e-01 9.200000e-04 4.071120e-01
446 5.918360e-01 9.280000e-04 4.072360e-01
447 5.917160e-01 8.400000e-04 4.074440e-01
448 5.915320e-01 8.680000e-04 4.076000e-01
449 5.913480e-01 8.680000e-04 4.077840e-01
450 5.912160e-01 7.960000e-04 4.079880e-01
451 5.910720e-01 8.000000e-04 4.081280e-01
452 5.909120e-01 8.080000e-04 4.082800e-01
453 5.907640e-01 8.200000e-04 4.084160e-01
454 5.906240e-01 8.240000e-04 4.085520e-01
455 5.904760e-01 8.320000e-04 4.086920e-01
456 5.903320e-01 8.280000e-04 4.088400e-01
457 5.901600e-01 8.040000e-04 4.090360e-01
458 5.900040e-01 8.400000e-04 4.091560e-01
459 5.898840e-01 8.200000e-04 4.092960e-01
460 5.897320e-01 8.520000e-04 4.094160e-01
461 5.895400e-01 8.880000e-04 4.095720e-01
462 5.894240e-01 8.200000e-04 4.097560e-01
463 5.892680e-01 8.360000e-04 4.098960e-01
464 5.891520e-01 7.720000e-04 4.100760e-01
465 5.889760e-01 8.320000e-04 4.101920e-01
466 5.888400e-01 8.240000e-04 4.103360e-01
467 5.886800e-01 8.720000e-04 4.104480e-01
468 5.884840e-01 9.200000e-04 4.105960e-01
469 5.883640e-01 8.920000e-04 4.107440e-01
470 5.881920e-01 9.040000e-04 4.109040e-01
471 5.880760e-01 8.720000e-04 4.110520e-01
472 5.879080e-01 9.000000e-04 4.111920e-01
473 5.877640e-01 8.800000e-04 4.113560e-01
474 5.876360e-01 8.640000e-04 4.115000e-01
475 5.875480e-01 8.000000e-04 4.116520e-01
476 5.874320e-01 7.400000e-04 4.118280e-01
477 5.873440e-01 6.960000e-04 4.119600e-01
478 5.872600e-01 6.560000e-04 4.120840e-01
479 5.871480e-01 6.200000e-04 4.122320e-01
480 5.870600e-01 6.200000e-04 4.123200e-01
481 5.869560e-01 6.040000e-04 4.124400e-01
482 5.868520e-01 6.160000e-04 4.125320e-01
483 5.867680e-01 6.120000e-04 4.126200e-01
484 5.866840e-01 6.040000e-04 4.127120e-01
485 5.866200e-01 5.560000e-04 4.128240e-01
486 5.864720e-01 5.840000e-04 4.129440e-01
487 5.863600e-01 6.200000e-04 4.130200e-01
488 5.862080e-01 6.600000e-04 4.131320e-01
489 5.861040e-01 6.440000e-04 4.132520e-01
490 5.859880e-01 6.800000e-04 4.133320e-01
491 5.858480e-01 7.000000e-04 4.134520e-01
492 5.857320e-01 7.000000e-04 4.135680e-01
493 5.856360e-01 7.040000e-04 4.136600e-01
494 5.855360e-01 6.960000e-04 4.137680e-01
495 5.854120e-01 6.760000e-04 4.139120e-01
496 5.853280e-01 6.800000e-04 4.139920e-01
497 5.852680e-01 6.040000e-04 4.141280e-01
498 5.852000e-01 5.560000e-04 4.142440e-01
499 5.851600e-01 5.120000e-04 4.143280e-01
500 5.850320e-01 5.640000e-04 4.144040e-01
