1 9.991480e-01 7.280000e-04 1.240000e-04
2 9.986480e-01 1.088000e-03 2.640000e-04
3 9.979600e-01 1.564000e-03 4.760000e-04
4 9.972800e-01 1.872000e-03 8.480000e-04
5 9.963960e-01 2.356000e-03 1.248000e-03
6 9.955520e-01 2.768000e-03 1.680000e-03
7 9.947160e-01 3.128000e-03 2.156000e-03
8 9.937040e-01 3.632000e-03 2.664000e-03
9 9.927200e-01 3.940000e-03 3.340000e-03
10 9.917960e-01 4.096000e-03 4.108000e-03
11 9.908120e-01 4.328000e-03 4.860000e-03
12 9.897040e-01 4.720000e-03 5.576000e-03
13 9.885600e-01 4.980000e-03 6.460000e-03
14 9.874800e-01 5.112000e-03 7.408000e-03
15 9.864000e-01 5.296000e-03 8.304000e-03
16 9.853880e-01 5.376000e-03 9.236000e-03
17 9.841160e-01 5.668000e-03 1.021600e-02
18 9.828640e-01 5.924000e-03 1.121200e-02
19 9.817520e-01 5.948000e-03 1.230000e-02
20 9.805000e-01 6.148000e-03 1.335200e-02
21 9.792200e-01 6.428000e-03 1.435200e-02
22 9.779440e-01 6.456000e-03 1.560000e-02
23 9.766320e-01 6.580000e-03 1.678800e-02
24 9.752920e-01 6.736000e-03 1.797200e-02
25 9.739160e-01 6.788000e-03 1.929600e-02
26 9.725640e-01 6.908000e-03 2.052800e-02
27 9.711840e-01 7.048000e-03 2.176800e-02
28 9.699160e-01 7.116000e-03 2.296800e-02
29 9.686520e-01 7.156000e-03 2.419200e-02
30 9.673720e-01 7.148000e-03 2.548000e-02
31 9.661720e-01 7.196000e-03 2.663200e-02
32 9.649040e-01 7.164000e-03 2.793200e-02
33 9.636440e-01 7.160000e-03 2.919600e-02
34 9.622720e-01 7.316000e-03 3.041200e-02
35 9.609040e-01 7.476000e-03 3.162000e-02
36 9.596280e-01 7.488000e-03 3.288400e-02
37 9.583640e-01 7.452000e-03 3.418400e-02
38 9.569680e-01 7.576000e-03 3.545600e-02
39 9.555960e-01 7.516000e-03 3.688800e-02
40 9.541000e-01 7.720000e-03 3.818000e-02
41 9.527160e-01 7.768000e-03 3.951600e-02
42 9.514480e-01 7.660000e-03 4.089200e-02
43 9.500680e-01 7.644000e-03 4.228800e-02
44 9.486720e-01 7.716000e-03 4.361200e-02
45 9.472480e-01 7.916000e-03 4.483600e-02
46 9.458120e-01 7.996000e-03 4.619200e-02
47 9.442320e-01 8.384000e-03 4.738400e-02
48 9.428160e-01 8.368000e-03 4.881600e-02
49 9.412800e-01 8.424000e-03 5.029600e-02
50 9.398240e-01 8.320000e-03 5.185600e-02
51 9.383880e-01 8.252000e-03 5.336000e-02
52 9.368800e-01 8.412000e-03 5.470800e-02
53 9.352440e-01 8.508000e-03 5.624800e-02
54 9.335800e-01 8.656000e-03 5.776400e-02
55 9.321520e-01 8.596000e-03 5.925200e-02
56 9.306560e-01 8.536000e-03 6.080800e-02
57 9.290640e-01 8.608000e-03 6.232800e-02
58 9.275400e-01 8.668000e-03 6.379200e-02
59 9.260280e-01 8.652000e-03 6.532000e-02
60 9.245240e-01 8.756000e-03 6.672000e-02
61 9.229080e-01 8.920000e-03 6.817200e-02
62 9.213080e-01 9.020000e-03 6.967200e-02
63 9.198240e-01 9.012000e-03 7.116400e-02
64 9.182960e-01 8.808000e-03 7.289600e-02
65 9.167040e-01 8.936000e-03 7.436000e-02
66 9.151240e-01 9.084000e-03 7.579200e-02
67 9.134400e-01 9.124000e-03 7.743600e-02
68 9.116920e-01 9.240000e-03 7.906800e-02
69 9.100920e-01 9.064000e-03 8.084400e-02
70 9.084960e-01 9.128000e-03 8.237600e-02
71 9.067320e-01 9.396000e-03 8.387200e-02
72 9.050640e-01 9.544000e-03 8.539200e-02
73 9.033320e-01 9.492000e-03 8.717600e-02
74 9.017960e-01 9.404000e-03 8.880000e-02
75 9.002080e-01 9.364000e-03 9.042800e-02
76 8.985120e-01 9.516000e-03 9.197200e-02
77 8.967520e-01 9.604000e-03 9.364400e-02
78 8.951600e-01 9.508000e-03 9.533200e-02
79 8.935120e-01 9.432000e-03 9.705600e-02
80 8.919240e-01 9.508000e-03 9.856800e-02
81 8.904400e-01 9.372000e-03 1.001880e-01
82 8.890800e-01 9.088000e-03 1.018320e-01
83 8.875920e-01 9.092000e-03 1.033160e-01
84 8.861160e-01 9.104000e-03 1.047800e-01
85 8.845200e-01 9.072000e-03 1.064080e-01
86 8.829400e-01 9.092000e-03 1.079680e-01
87 8.812240e-01 9.280000e-03 1.094960e-01
88 8.794840e-01 9.340000e-03 1.111760e-01
89 8.779560e-01 9.160000e-03 1.128840e-01
90 8.764480e-01 8.980000e-03 1.145720e-01
91 8.748320e-01 9.052000e-03 1.161160e-01
92 8.733600e-01 8.936000e-03 1.177040e-01
93 8.720160e-01 8.596000e-03 1.193880e-01
94 8.706360e-01 8.432000e-03 1.209320e-01
95 8.692280e-01 8.384000e-03 1.223880e-01
96 8.677720e-01 8.400000e-03 1.238280e-01
97 8.664160e-01 8.284000e-03 1.253000e-01
98 8.650400e-01 8.252000e-03 1.267080e-01
99 8.638040e-01 8.008000e-03 1.281880e-01
100 8.626280e-01 7.836000e-03 1.295360e-01
101 8.614680e-01 7.556000e-03 1.309760e-01
102 8.602400e-01 7.544000e-03 1.322160e-01
103 8.588920e-01 7.552000e-03 1.335560e-01
104 8.576800e-01 7.472000e-03 1.348480e-01
105 8.564960e-01 7.344000e-03 1.361600e-01
106 8.551880e-01 7.272000e-03 1.375400e-01
107 8.538760e-01 7.228000e-03 1.388960e-01
108 8.526560e-01 7.260000e-03 1.400840e-01
109 8.512800e-01 7.340000e-03 1.413800e-01
110 8.499240e-01 7.420000e-03 1.426560e-01
111 8.485800e-01 7.388000e-03 1.440320e-01
112 8.473560e-01 7.280000e-03 1.453640e-01
113 8.461800e-01 7.100000e-03 1.467200e-01
114 8.450000e-01 7.128000e-03 1.478720e-01
115 8.437400e-01 7.156000e-03 1.491040e-01
116 8.425800e-01 7.008000e-03 1.504120e-01
117 8.414400e-01 6.968000e-03 1.515920e-01
118 8.401880e-01 7.028000e-03 1.527840e-01
119 8.390080e-01 7.048000e-03 1.539440e-01
120 8.377560e-01 7.072000e-03 1.551720e-01
121 8.364920e-01 7.100000e-03 1.564080e-01
122 8.352440e-01 7.084000e-03 1.576720e-01
123 8.339760e-01 7.136000e-03 1.588880e-01
124 8.326360e-01 7.216000e-03 1.601480e-01
125 8.315320e-01 7.060000e-03 1.614080e-01
126 8.303520e-01 7.064000e-03 1.625840e-01
127 8.292400e-01 6.836000e-03 1.639240e-01
128 8.280600e-01 6.892000e-03 1.650480e-01
129 8.269880e-01 6.740000e-03 1.662720e-01
130 8.259240e-01 6.660000e-03 1.674160e-01
131 8.248520e-01 6.680000e-03 1.684680e-01
132 8.237400e-01 6.536000e-03 1.697240e-01
133 8.225400e-01 6.632000e-03 1.708280e-01
134 8.213720e-01 6.636000e-03 1.719920e-01
135 8.202120e-01 6.600000e-03 1.731880e-01
136 8.190000e-01 6.628000e-03 1.743720e-01
137 8.176720e-01 6.808000e-03 1.755200e-01
138 8.164080e-01 6.864000e-03 1.767280e-01
139 8.152800e-01 6.880000e-03 1.778400e-01
140 8.140280e-01 7.020000e-03 1.789520e-01
141 8.129040e-01 6.800000e-03 1.802960e-01
142 8.117280e-01 6.764000e-03 1.815080e-01
143 8.105080e-01 6.836000e-03 1.826560e-01
144 8.092560e-01 6.896000e-03 1.838480e-01
145 8.078560e-01 7.216000e-03 1.849280e-01
146 8.065560e-01 7.268000e-03 1.861760e-01
147 8.052040e-01 7.340000e-03 1.874560e-01
148 8.039320e-01 7.420000e-03 1.886480e-01
149 8.025400e-01 7.540000e-03 1.899200e-01
150 8.012360e-01 7.616000e-03 1.911480e-01
151 7.999920e-01 7.636000e-03 1.923720e-01
152 7.985720e-01 7.824000e-03 1.936040e-01
153 7.973840e-01 7.620000e-03 1.949960e-01
154 7.963000e-01 7.328000e-03 1.963720e-01
155 7.951240e-01 7.296000e-03 1.975800e-01
156 7.940200e-01 7.216000e-03 1.987640e-01
157 7.930960e-01 6.964000e-03 1.999400e-01
158 7.920200e-01 6.732000e-03 2.012480e-01
159 7.910000e-01 6.540000e-03 2.024600e-01
160 7.898960e-01 6.552000e-03 2.035520e-01
161 7.888320e-01 6.556000e-03 2.046120e-01
162 7.878400e-01 6.312000e-03 2.058480e-01
163 7.868080e-01 6.332000e-03 2.068600e-01
164 7.854960e-01 6.528000e-03 2.079760e-01
165 7.844280e-01 6.492000e-03 2.090800e-01
166 7.831880e-01 6.596000e-03 2.102160e-01
167 7.820240e-01 6.560000e-03 2.114160e-01
168 7.808160e-01 6.656000e-03 2.125280e-01
169 7.796680e-01 6.616000e-03 2.137160e-01
170 7.785920e-01 6.476000e-03 2.149320e-01
171 7.774160e-01 6.448000e-03 2.161360e-01
172 7.763520e-01 6.384000e-03 2.172640e-01
173 7.752960e-01 6.284000e-03 2.184200e-01
174 7.742320e-01 6.236000e-03 2.195320e-01
175 7.731720e-01 6.216000e-03 2.206120e-01
176 7.721080e-01 6.152000e-03 2.217400e-01
177 7.709800e-01 6.188000e-03 2.228320e-01
178 7.699880e-01 6.064000e-03 2.239480e-01
179 7.690040e-01 5.980000e-03 2.250160e-01
180 7.680120e-01 5.912000e-03 2.260760e-01
181 7.668960e-01 6.028000e-03 2.270760e-01
182 7.657920e-01 6.096000e-03 2.281120e-01
183 7.647680e-01 6.040000e-03 2.291920e-01
184 7.637480e-01 5.960000e-03 2.302920e-01
185 7.627120e-01 6.008000e-03 2.312800e-01
186 7.616960e-01 5.912000e-03 2.323920e-01
187 7.607320e-01 5.904000e-03 2.333640e-01
188 7.596720e-01 5.940000e-03 2.343880e-01
189 7.586680e-01 5.848000e-03 2.354840e-01
190 7.577040e-01 5.684000e-03 2.366120e-01
191 7.566600e-01 5.656000e-03 2.376840e-01
192 7.555640e-01 5.720000e-03 2.387160e-01
193 7.546280e-01 5.680000e-03 2.396920e-01
194 7.538240e-01 5.500000e-03 2.406760e-01
195 7.529040e-01 5.444000e-03 2.416520e-01
196 7.519640e-01 5.324000e-03 2.427120e-01
197 7.510720e-01 5.300000e-03 2.436280e-01
198 7.501600e-01 5.272000e-03 2.445680e-01
199 7.493320e-01 5.240000e-03 2.454280e-01
200 7.485080e-01 5.200000e-03 2.462920e-01
201 7.476200e-01 5.096000e-03 2.472840e-01
202 7.468560e-01 4.996000e-03 2.481480e-01
203 7.460120e-01 4.932000e-03 2.490560e-01
204 7.451680e-01 5.008000e-03 2.498240e-01
205 7.442640e-01 5.064000e-03 2.506720e-01
206 7.434280e-01 5.044000e-03 2.515280e-01
207 7.426800e-01 4.968000e-03 2.523520e-01
208 7.418520e-01 5.000000e-03 2.531480e-01
209 7.410560e-01 4.872000e-03 2.540720e-01
210 7.403240e-01 4.744000e-03 2.549320e-01
211 7.395520e-01 4.616000e-03 2.558320e-01
212 7.389000e-01 4.444000e-03 2.566560e-01
213 7.382200e-01 4.432000e-03 2.573480e-01
214 7.374120e-01 4.484000e-03 2.581040e-01
215 7.366480e-01 4.500000e-03 2.588520e-01
216 7.360280e-01 4.280000e-03 2.596920e-01
217 7.353960e-01 4.132000e-03 2.604720e-01
218 7.348080e-01 4.032000e-03 2.611600e-01
219 7.341720e-01 3.952000e-03 2.618760e-01
220 7.333960e-01 3.988000e-03 2.626160e-01
221 7.327280e-01 3.996000e-03 2.632760e-01
222 7.319600e-01 4.020000e-03 2.640200e-01
223 7.313520e-01 4.012000e-03 2.646360e-01
224 7.307560e-01 3.960000e-03 2.652840e-01
225 7.301320e-01 3.848000e-03 2.660200e-01
226 7.295080e-01 3.788000e-03 2.667040e-01
227 7.289560e-01 3.688000e-03 2.673560e-01
228 7.284080e-01 3.528000e-03 2.680640e-01
229 7.278000e-01 3.568000e-03 2.686320e-01
230 7.273080e-01 3.484000e-03 2.692080e-01
231 7.267280e-01 3.368000e-03 2.699040e-01
232 7.261240e-01 3.344000e-03 2.705320e-01
233 7.255760e-01 3.328000e-03 2.710960e-01
234 7.250360e-01 3.308000e-03 2.716560e-01
235 7.244280e-01 3.276000e-03 2.722960e-01
236 7.238840e-01 3.260000e-03 2.728560e-01
237 7.233280e-01 3.212000e-03 2.734600e-01
238 7.227960e-01 3.220000e-03 2.739840e-01
239 7.223000e-01 3.168000e-03 2.745320e-01
240 7.216280e-01 3.296000e-03 2.750760e-01
241 7.210640e-01 3.292000e-03 2.756440e-01
242 7.204960e-01 3.276000e-03 2.762280e-01
243 7.199480e-01 3.276000e-03 2.767760e-01
244 7.193840e-01 3.300000e-03 2.773160e-01
245 7.187280e-01 3.328000e-03 2.779440e-01
246 7.181840e-01 3.308000e-03 2.785080e-01
247 7.175520e-01 3.344000e-03 2.791040e-01
248 7.169760e-01 3.336000e-03 2.796880e-01
249 7.163960e-01 3.388000e-03 2.802160e-01
250 7.157080e-01 3.468000e-03 2.808240e-01
251 7.151560e-01 3.472000e-03 2.813720e-01
252 7.145640e-01 3.452000e-03 2.819840e-01
253 7.139800e-01 3.480000e-03 2.825400e-01
254 7.134400e-01 3.364000e-03 2.831960e-01
255 7.128320e-01 3.420000e-03 2.837480e-01
256 7.122480e-01 3.444000e-03 2.843080e-01
257 7.116600e-01 3.432000e-03 2.849080e-01
258 7.110160e-01 3.492000e-03 2.854920e-01
259 7.104480e-01 3.432000e-03 2.861200e-01
260 7.098880e-01 3.432000e-03 2.866800e-01
261 7.093280e-01 3.416000e-03 2.872560e-01
262 7.087440e-01 3.360000e-03 2.878960e-01
263 7.082080e-01 3.252000e-03 2.885400e-01
264 7.076560e-01 3.264000e-03 2.890800e-01
265 7.069520e-01 3.424000e-03 2.896240e-01
266 7.064120e-01 3.296000e-03 2.902920e-01
267 7.059120e-01 3.224000e-03 2.908640e-01
268 7.053600e-01 3.224000e-03 2.914160e-01
269 7.047840e-01 3.180000e-03 2.920360e-01
270 7.041200e-01 3.328000e-03 2.925520e-01
271 7.035000e-01 3.364000e-03 2.931360e-01
272 7.028160e-01 3.424000e-03 2.937600e-01
273 7.022080e-01 3.428000e-03 2.943640e-01
274 7.017080e-01 3.368000e-03 2.949240e-01
275 7.011440e-01 3.388000e-03 2.954680e-01
276 7.006400e-01 3.376000e-03 2.959840e-01
277 7.001200e-01 3.372000e-03 2.965080e-01
278 6.996560e-01 3.260000e-03 2.970840e-01
279 6.991320e-01 3.172000e-03 2.976960e-01
280 6.986280e-01 3.196000e-03 2.981760e-01
281 6.982160e-01 3.084000e-03 2.987000e-01
282 6.977120e-01 3.052000e-03 2.992360e-01
283 6.972840e-01 2.992000e-03 2.997240e-01
284 6.968720e-01 2.912000e-03 3.002160e-01
285 6.964400e-01 2.916000e-03 3.006440e-01
286 6.960120e-01 2.884000e-03 3.011040e-01
287 6.954880e-01 2.920000e-03 3.015920e-01
288 6.950480e-01 2.860000e-03 3.020920e-01
289 6.946200e-01 2.792000e-03 3.025880e-01
290 6.941480e-01 2.760000e-03 3.030920e-01
291 6.937160e-01 2.712000e-03 3.035720e-01
292 6.932200e-01 2.776000e-03 3.040040e-01
293 6.927440e-01 2.772000e-03 3.044840e-01
294 6.922520e-01 2.760000e-03 3.049880e-01
295 6.918160e-01 2.752000e-03 3.054320e-01
296 6.912840e-01 2.744000e-03 3.059720e-01
297 6.908640e-01 2.684000e-03 3.064520e-01
298 6.904200e-01 2.652000e-03 3.069280e-01
299 6.899400e-01 2.688000e-03 3.073720e-01
300 6.895520e-01 2.676000e-03 3.077720e-01
301 6.890960e-01 2.640000e-03 3.082640e-01
302 6.886520e-01 2.612000e-03 3.087360e-01
303 6.882360e-01 2.532000e-03 3.092320e-01
304 6.878080e-01 2.508000e-03 3.096840e-01
305 6.873160e-01 2.536000e-03 3.101480e-01
306 6.867200e-01 2.716000e-03 3.105640e-01
307 6.862000e-01 2.716000e-03 3.110840e-01
308 6.857760e-01 2.728000e-03 3.114960e-01
309 6.853200e-01 2.676000e-03 3.120040e-01
310 6.848240e-01 2.660000e-03 3.125160e-01
311 6.844040e-01 2.612000e-03 3.129840e-01
312 6.839880e-01 2.632000e-03 3.133800e-01
313 6.836240e-01 2.504000e-03 3.138720e-01
314 6.832480e-01 2.444000e-03 3.143080e-01
315 6.829720e-01 2.264000e-03 3.147640e-01
316 6.825960e-01 2.328000e-03 3.150760e-01
317 6.821640e-01 2.352000e-03 3.154840e-01
318 6.816800e-01 2.416000e-03 3.159040e-01
319 6.812320e-01 2.428000e-03 3.163400e-01
320 6.808560e-01 2.400000e-03 3.167440e-01
321 6.803520e-01 2.492000e-03 3.171560e-01
322 6.799840e-01 2.352000e-03 3.176640e-01
323 6.796000e-01 2.328000e-03 3.180720e-01
324 6.792280e-01 2.228000e-03 3.185440e-01
325 6.787960e-01 2.284000e-03 3.189200e-01
326 6.783240e-01 2.320000e-03 3.193560e-01
327 6.779480e-01 2.320000e-03 3.197320e-01
328 6.775960e-01 2.276000e-03 3.201280e-01
329 6.771240e-01 2.352000e-03 3.205240e-01
330 6.767600e-01 2.316000e-03 3.209240e-01
331 6.764320e-01 2.352000e-03 3.212160e-01
332 6.760440e-01 2.280000e-03 3.216760e-01
333 6.757440e-01 2.196000e-03 3.220600e-01
334 6.754360e-01 2.148000e-03 3.224160e-01
335 6.751640e-01 1.992000e-03 3.228440e-01
336 6.748720e-01 1.932000e-03 3.231960e-01
337 6.745720e-01 1.864000e-03 3.235640e-01
338 6.743600e-01 1.752000e-03 3.238880e-01
339 6.741160e-01 1.688000e-03 3.241960e-01
340 6.738760e-01 1.664000e-03 3.244600e-01
341 6.736560e-01 1.596000e-03 3.247480e-01
342 6.733480e-01 1.616000e-03 3.250360e-01
343 6.730800e-01 1.528000e-03 3.253920e-01
344 6.728360e-01 1.528000e-03 3.256360e-01
345 6.726080e-01 1.436000e-03 3.259560e-01
346 6.723600e-01 1.444000e-03 3.261960e-01
347 6.720960e-01 1.472000e-03 3.264320e-01
348 6.718000e-01 1.488000e-03 3.267120e-01
349 6.715120e-01 1.524000e-03 3.269640e-01
350 6.712440e-01 1.512000e-03 3.272440e-01
351 6.710040e-01 1.496000e-03 3.275000e-01
352 6.707840e-01 1.444000e-03 3.277720e-01
353 6.705440e-01 1.420000e-03 3.280360e-01
354 6.703560e-01 1.348000e-03 3.282960e-01
355 6.701360e-01 1.340000e-03 3.285240e-01
356 6.699600e-01 1.296000e-03 3.287440e-01
357 6.696720e-01 1.312000e-03 3.290160e-01
358 6.694000e-01 1.352000e-03 3.292480e-01
359 6.692200e-01 1.256000e-03 3.295240e-01
360 6.690120e-01 1.272000e-03 3.297160e-01
361 6.687480e-01 1.276000e-03 3.299760e-01
362 6.684640e-01 1.288000e-03 3.302480e-01
363 6.682200e-01 1.288000e-03 3.304920e-01
364 6.679960e-01 1.308000e-03 3.306960e-01
365 6.677680e-01 1.316000e-03 3.309160e-01
366 6.675400e-01 1.312000e-03 3.311480e-01
367 6.672920e-01 1.352000e-03 3.313560e-01
368 6.671480e-01 1.276000e-03 3.315760e-01
369 6.668560e-01 1.404000e-03 3.317400e-01
370 6.666360e-01 1.352000e-03 3.320120e-01
371 6.663840e-01 1.372000e-03 3.322440e-01
372 6.661000e-01 1.400000e-03 3.325000e-01
373 6.658400e-01 1.380000e-03 3.327800e-01
374 6.655280e-01 1.472000e-03 3.330000e-01
375 6.651960e-01 1.448000e-03 3.333560e-01
376 6.649120e-01 1.480000e-03 3.336080e-01
377 6.645840e-01 1.564000e-03 3.338520e-01
378 6.642200e-01 1.688000e-03 3.340920e-01
379 6.639160e-01 1.696000e-03 3.343880e-01
380 6.636360e-01 1.624000e-03 3.347400e-01
381 6.634480e-01 1.564000e-03 3.349880e-01
382 6.632280e-01 1.556000e-03 3.352160e-01
383 6.629640e-01 1.564000e-03 3.354720e-01
384 6.626920e-01 1.548000e-03 3.357600e-01
385 6.624360e-01 1.544000e-03 3.360200e-01
386 6.621680e-01 1.552000e-03 3.362800e-01
387 6.619160e-01 1.504000e-03 3.365800e-01
388 6.616080e-01 1.560000e-03 3.368320e-01
389 6.613000e-01 1.556000e-03 3.371440e-01
390 6.610520e-01 1.544000e-03 3.374040e-01
391 6.608040e-01 1.440000e-03 3.377560e-01
392 6.605120e-01 1.452000e-03 3.380360e-01
393 6.603000e-01 1.416000e-03 3.382840e-01
394 6.600640e-01 1.372000e-03 3.385640e-01
395 6.598680e-01 1.336000e-03 3.387960e-01
396 6.596920e-01 1.340000e-03 3.389680e-01
397 6.594640e-01 1.356000e-03 3.391800e-01
398 6.592160e-01 1.372000e-03 3.394120e-01
399 6.590240e-01 1.320000e-03 3.396560e-01
400 6.588280e-01 1.272000e-03 3.399000e-01
401 6.586240e-01 1.268000e-03 3.401080e-01
402 6.583920e-01 1.284000e-03 3.403240e-01
403 6.581960e-01 1.288000e-03 3.405160e-01
404 6.579880e-01 1.260000e-03 3.407520e-01
405 6.577720e-01 1.256000e-03 3.409720e-01
406 6.575280e-01 1.268000e-03 3.412040e-01
407 6.573040e-01 1.328000e-03 3.413680e-01
408 6.571160e-01 1.272000e-03 3.416120e-01
409 6.569040e-01 1.296000e-03 3.418000e-01
410 6.566600e-01 1.280000e-03 3.420600e-01
411 6.564440e-01 1.248000e-03 3.423080e-01
412 6.561760e-01 1.284000e-03 3.425400e-01
413 6.559320e-01 1.308000e-03 3.427600e-01
414 6.557200e-01 1.292000e-03 3.429880e-01
415 6.553880e-01 1.416000e-03 3.431960e-01
416 6.551600e-01 1.388000e-03 3.434520e-01
417 6.549040e-01 1.372000e-03 3.437240e-01
418 6.546560e-01 1.432000e-03 3.439120e-01
419 6.543720e-01 1.436000e-03 3.441920e-01
420 6.541480e-01 1.456000e-03 3.443960e-01
421 6.538360e-01 1.508000e-03 3.446560e-01
422 6.536040e-01 1.476000e-03 3.449200e-01
423 6.533320e-01 1.500000e-03 3.451680e-01
424 6.531000e-01 1.456000e-03 3.454440e-01
425 6.529200e-01 1.360000e-03 3.457200e-01
426 6.527000e-01 1.328000e-03 3.459720e-01
427 6.524760e-01 1.316000e-03 3.462080e-01
428 6.522600e-01 1.300000e-03 3.464400e-01
429 6.520600e-01 1.300000e-03 3.466400e-01
430 6.518760e-01 1.260000e-03 3.468640e-01
431 6.516600e-01 1.236000e-03 3.471040e-01
432 6.514320e-01 1.272000e-03 3.472960e-01
433 6.511440e-01 1.324000e-03 3.475320e-01
434 6.509360e-01 1.324000e-03 3.477400e-01
435 6.507360e-01 1.284000e-03 3.479800e-01
436 6.505480e-01 1.232000e-03 3.482200e-01
437 6.503480e-01 1.192000e-03 3.484600e-01
438 6.502080e-01 1.164000e-03 3.486280e-01
439 6.501040e-01 1.112000e-03 3.487840e-01
440 6.500000e-01 9.960000e-04 3.490040e-01
441 6.498480e-01 9.640000e-04 3.491880e-01
442 6.496760e-01 9.480000e-04 3.493760e-01
443 6.495360e-01 9.360000e-04 3.495280e-01
444 6.493720e-01 9.640000e-04 3.496640e-01
445 6.491840e-01 9.560000e-04 3.498600e-01
446 6.489360e-01 1.024000e-03 3.500400e-01
447 6.487280e-01 1.076000e-03 3.501960e-01
448 6.485120e-01 1.044000e-03 3.504440e-01
449 6.483160e-01 1.016000e-03 3.506680e-01
450 6.481280e-01 1.024000e-03 3.508480e-01
451 6.479360e-01 1.048000e-03 3.510160e-01
452 6.477240e-01 1.100000e-03 3.511760e-01
453 6.475600e-01 1.072000e-03 3.513680e-01
454 6.473360e-01 1.124000e-03 3.515400e-01
455 6.471120e-01 1.144000e-03 3.517440e-01
456 6.469680e-01 1.072000e-03 3.519600e-01
457 6.468120e-01 1.072000e-03 3.521160e-01
458 6.466600e-01 1.056000e-03 3.522840e-01
459 6.465280e-01 1.016000e-03 3.524560e-01
460 6.463800e-01 9.760000e-04 3.526440e-01
461 6.462520e-01 9.320000e-04 3.528160e-01
462 6.460960e-01 9.160000e-04 3.529880e-01
463 6.459280e-01 9.560000e-04 3.531160e-01
464 6.457440e-01 9.440000e-04 3.533120e-01
465 6.456080e-01 9.120000e-04 3.534800e-01
466 6.454400e-01 8.880000e-04 3.536720e-01
467 6.453160e-01 8.640000e-04 3.538200e-01
468 6.451720e-01 8.480000e-04 3.539800e-01
469 6.449320e-01 9.400000e-04 3.541280e-01
470 6.447400e-01 9.240000e-04 3.543360e-01
471 6.445760e-01 9.000000e-04 3.545240e-01
472 6.444280e-01 8.600000e-04 3.547120e-01
473 6.442960e-01 8.320000e-04 3.548720e-01
474 6.441520e-01 8.200000e-04 3.550280e-01
475 6.440000e-01 8.240000e-04 3.551760e-01
476 6.438560e-01 8.480000e-04 3.552960e-01
477 6.436800e-01 8.600000e-04 3.554600e-01
478 6.435000e-01 8.880000e-04 3.556120e-01
479 6.433280e-01 9.360000e-04 3.557360e-01
480 6.431760e-01 9.560000e-04 3.558680e-01
481 6.430000e-01 9.640000e-04 3.560360e-01
482 6.427800e-01 1.052000e-03 3.561680e-01
483 6.425840e-01 1.072000e-03 3.563440e-01
484 6.424120e-01 1.048000e-03 3.565400e-01
485 6.422360e-01 1.060000e-03 3.567040e-01
486 6.420240e-01 1.036000e-03 3.569400e-01
487 6.418160e-01 1.068000e-03 3.571160e-01
488 6.416440e-01 1.096000e-03 3.572600e-01
489 6.414160e-01 1.144000e-03 3.574400e-01
490 6.411880e-01 1.160000e-03 3.576520e-01
491 6.410120e-01 1.164000e-03 3.578240e-01
492 6.407920e-01 1.168000e-03 3.580400e-01
493 6.405360e-01 1.200000e-03 3.582640e-01
494 6.403200e-01 1.196000e-03 3.584840e-01
495 6.401800e-01 1.060000e-03 3.587600e-01
496 6.400360e-01 1.012000e-03 3.589520e-01
497 6.398800e-01 1.024000e-03 3.590960e-01
498 6.396520e-01 1.020000e-03 3.593280e-01
499 6.395080e-01 1.008000e-03 3.594840e-01
500 6.394120e-01 9.320000e-04 3.596560e-01
