1 9.991800e-01 7.000000e-04 1.200000e-04
2 9.986160e-01 1.124000e-03 2.600000e-04
3 9.979400e-01 1.532000e-03 5.280000e-04
4 9.972200e-01 1.928000e-03 8.520000e-04
5 9.964280e-01 2.324000e-03 1.248000e-03
6 9.956200e-01 2.700000e-03 1.680000e-03
7 9.947480e-01 3.096000e-03 2.156000e-03
8 9.939320e-01 3.352000e-03 2.716000e-03
9 9.929960e-01 3.692000e-03 3.312000e-03
10 9.919840e-01 4.032000e-03 3.984000e-03
11 9.910280e-01 4.280000e-03 4.692000e-03
12 9.900040e-01 4.520000e-03 5.476000e-03
13 9.890520e-01 4.676000e-03 6.272000e-03
14 9.879760e-01 4.976000e-03 7.048000e-03
15 9.869360e-01 5.224000e-03 7.840000e-03
16 9.858800e-01 5.364000e-03 8.756000e-03
17 9.847280e-01 5.652000e-03 9.620000e-03
18 9.835880e-01 5.820000e-03 1.059200e-02
19 9.824840e-01 5.836000e-03 1.168000e-02
20 9.812560e-01 6.028000e-03 1.271600e-02
21 9.800440e-01 6.172000e-03 1.378400e-02
22 9.790000e-01 6.152000e-03 1.484800e-02
23 9.778200e-01 6.220000e-03 1.596000e-02
24 9.764880e-01 6.388000e-03 1.712400e-02
25 9.752720e-01 6.392000e-03 1.833600e-02
26 9.741200e-01 6.408000e-03 1.947200e-02
27 9.730120e-01 6.416000e-03 2.057200e-02
28 9.718200e-01 6.292000e-03 2.188800e-02
29 9.704760e-01 6.516000e-03 2.300800e-02
30 9.693040e-01 6.528000e-03 2.416800e-02
31 9.680120e-01 6.672000e-03 2.531600e-02
32 9.666960e-01 6.880000e-03 2.642400e-02
33 9.653200e-01 7.048000e-03 2.763200e-02
34 9.639320e-01 7.248000e-03 2.882000e-02
35 9.625840e-01 7.244000e-03 3.017200e-02
36 9.611520e-01 7.480000e-03 3.136800e-02
37 9.595480e-01 7.884000e-03 3.256800e-02
38 9.581040e-01 7.944000e-03 3.395200e-02
39 9.565440e-01 7.920000e-03 3.553600e-02
40 9.547960e-01 8.200000e-03 3.700400e-02
41 9.531360e-01 8.220000e-03 3.864400e-02
42 9.515000e-01 8.476000e-03 4.002400e-02
43 9.498080e-01 8.632000e-03 4.156000e-02
44 9.481640e-01 8.764000e-03 4.307200e-02
45 9.466000e-01 8.852000e-03 4.454800e-02
46 9.450480e-01 8.920000e-03 4.603200e-02
47 9.434680e-01 8.892000e-03 4.764000e-02
48 9.417920e-01 9.044000e-03 4.916400e-02
49 9.402040e-01 9.148000e-03 5.064800e-02
50 9.386680e-01 9.044000e-03 5.228800e-02
51 9.371760e-01 8.868000e-03 5.395600e-02
52 9.356800e-01 8.672000e-03 5.564800e-02
53 9.341240e-01 8.520000e-03 5.735600e-02
54 9.327120e-01 8.400000e-03 5.888800e-02
55 9.311760e-01 8.532000e-03 6.029200e-02
56 9.297200e-01 8.468000e-03 6.181200e-02
57 9.281840e-01 8.436000e-03 6.338000e-02
58 9.268440e-01 8.276000e-03 6.488000e-02
59 9.253720e-01 8.276000e-03 6.635200e-02
60 9.239120e-01 8.188000e-03 6.790000e-02
61 9.224120e-01 8.344000e-03 6.924400e-02
62 9.210280e-01 8.332000e-03 7.064000e-02
63 9.195040e-01 8.508000e-03 7.198800e-02
64 9.180440e-01 8.452000e-03 7.350400e-02
65 9.163560e-01 8.588000e-03 7.505600e-02
66 9.147360e-01 8.680000e-03 7.658400e-02
67 9.132280e-01 8.616000e-03 7.815600e-02
68 9.117320e-01 8.716000e-03 7.955200e-02
69 9.103160e-01 8.620000e-03 8.106400e-02
70 9.089040e-01 8.436000e-03 8.266000e-02
71 9.075600e-01 8.312000e-03 8.412800e-02
72 9.062040e-01 8.284000e-03 8.551200e-02
73 9.046960e-01 8.328000e-03 8.697600e-02
74 9.032040e-01 8.288000e-03 8.850800e-02
75 9.016040e-01 8.460000e-03 8.993600e-02
76 9.001760e-01 8.528000e-03 9.129600e-02
77 8.985480e-01 8.588000e-03 9.286400e-02
78 8.970160e-01 8.584000e-03 9.440000e-02
79 8.956840e-01 8.424000e-03 9.589200e-02
80 8.942400e-01 8.328000e-03 9.743200e-02
81 8.927680e-01 8.292000e-03 9.894000e-02
82 8.912720e-01 8.492000e-03 1.002360e-01
83 8.898000e-01 8.520000e-03 1.016800e-01
84 8.883280e-01 8.608000e-03 1.030640e-01
85 8.869440e-01 8.548000e-03 1.045080e-01
86 8.854520e-01 8.568000e-03 1.059800e-01
87 8.839040e-01 8.520000e-03 1.075760e-01
88 8.823640e-01 8.524000e-03 1.091120e-01
89 8.807440e-01 8.520000e-03 1.107360e-01
90 8.792120e-01 8.556000e-03 1.122320e-01
91 8.776960e-01 8.572000e-03 1.137320e-01
92 8.760680e-01 8.580000e-03 1.153520e-01
93 8.746040e-01 8.604000e-03 1.167920e-01
94 8.731800e-01 8.508000e-03 1.183120e-01
95 8.717960e-01 8.336000e-03 1.198680e-01
96 8.704560e-01 8.424000e-03 1.211200e-01
97 8.689600e-01 8.488000e-03 1.225520e-01
98 8.674160e-01 8.456000e-03 1.241280e-01
99 8.660600e-01 8.308000e-03 1.256320e-01
100 8.646120e-01 8.220000e-03 1.271680e-01
101 8.631920e-01 8.188000e-03 1.286200e-01
102 8.617480e-01 8.084000e-03 1.301680e-01
103 8.604040e-01 8.068000e-03 1.315280e-01
104 8.589920e-01 8.052000e-03 1.329560e-01
105 8.576280e-01 7.968000e-03 1.344040e-01
106 8.561800e-01 7.988000e-03 1.358320e-01
107 8.548560e-01 7.952000e-03 1.371920e-01
108 8.535800e-01 7.964000e-03 1.384560e-01
109 8.523000e-01 7.852000e-03 1.398480e-01
110 8.508200e-01 8.032000e-03 1.411480e-01
111 8.493040e-01 8.036000e-03 1.426600e-01
112 8.479240e-01 7.916000e-03 1.441600e-01
113 8.464920e-01 8.028000e-03 1.454800e-01
114 8.450760e-01 8.040000e-03 1.468840e-01
115 8.433760e-01 8.380000e-03 1.482440e-01
116 8.418160e-01 8.532000e-03 1.496520e-01
117 8.402000e-01 8.596000e-03 1.512040e-01
118 8.385120e-01 8.808000e-03 1.526800e-01
119 8.370080e-01 8.756000e-03 1.542360e-01
120 8.356000e-01 8.592000e-03 1.558080e-01
121 8.341240e-01 8.588000e-03 1.572880e-01
122 8.325760e-01 8.732000e-03 1.586920e-01
123 8.310360e-01 8.820000e-03 1.601440e-01
124 8.293440e-01 8.988000e-03 1.616680e-01
125 8.277600e-01 8.884000e-03 1.633560e-01
126 8.260600e-01 9.020000e-03 1.649200e-01
127 8.244120e-01 9.060000e-03 1.665280e-01
128 8.227960e-01 8.916000e-03 1.682880e-01
129 8.213080e-01 8.844000e-03 1.698480e-01
130 8.199000e-01 8.676000e-03 1.714240e-01
131 8.183160e-01 8.868000e-03 1.728160e-01
132 8.167520e-01 8.892000e-03 1.743560e-01
133 8.151880e-01 8.852000e-03 1.759600e-01
134 8.135760e-01 8.980000e-03 1.774440e-01
135 8.121080e-01 8.872000e-03 1.790200e-01
136 8.105480e-01 8.872000e-03 1.805800e-01
137 8.089680e-01 8.936000e-03 1.820960e-01
138 8.072560e-01 8.992000e-03 1.837520e-01
139 8.056800e-01 8.996000e-03 1.853240e-01
140 8.039880e-01 9.100000e-03 1.869120e-01
141 8.023560e-01 9.128000e-03 1.885160e-01
142 8.008720e-01 9.072000e-03 1.900560e-01
143 7.993160e-01 8.968000e-03 1.917160e-01
144 7.977280e-01 9.084000e-03 1.931880e-01
145 7.962640e-01 8.964000e-03 1.947720e-01
146 7.948000e-01 8.964000e-03 1.962360e-01
147 7.930800e-01 9.028000e-03 1.978920e-01
148 7.913160e-01 9.220000e-03 1.994640e-01
149 7.895560e-01 9.396000e-03 2.010480e-01
150 7.878680e-01 9.436000e-03 2.026960e-01
151 7.861680e-01 9.468000e-03 2.043640e-01
152 7.844160e-01 9.616000e-03 2.059680e-01
153 7.827320e-01 9.572000e-03 2.076960e-01
154 7.811560e-01 9.448000e-03 2.093960e-01
155 7.794480e-01 9.468000e-03 2.110840e-01
156 7.778520e-01 9.408000e-03 2.127400e-01
157 7.762440e-01 9.416000e-03 2.143400e-01
158 7.745240e-01 9.636000e-03 2.158400e-01
159 7.729080e-01 9.532000e-03 2.175600e-01
160 7.712920e-01 9.436000e-03 2.192720e-01
161 7.696120e-01 9.504000e-03 2.208840e-01
162 7.681520e-01 9.444000e-03 2.224040e-01
163 7.666400e-01 9.192000e-03 2.241680e-01
164 7.650360e-01 9.168000e-03 2.257960e-01
165 7.634960e-01 9.192000e-03 2.273120e-01
166 7.619760e-01 9.200000e-03 2.288240e-01
167 7.605920e-01 8.972000e-03 2.304360e-01
168 7.590880e-01 9.020000e-03 2.318920e-01
169 7.573840e-01 9.204000e-03 2.334120e-01
170 7.558640e-01 9.024000e-03 2.351120e-01
171 7.543600e-01 8.992000e-03 2.366480e-01
172 7.528680e-01 8.816000e-03 2.383160e-01
173 7.514400e-01 8.716000e-03 2.398440e-01
174 7.499520e-01 8.628000e-03 2.414200e-01
175 7.484560e-01 8.784000e-03 2.427600e-01
176 7.469280e-01 8.736000e-03 2.443360e-01
177 7.454080e-01 8.592000e-03 2.460000e-01
178 7.439560e-01 8.540000e-03 2.475040e-01
179 7.426280e-01 8.368000e-03 2.490040e-01
180 7.412480e-01 8.300000e-03 2.504520e-01
181 7.399880e-01 8.160000e-03 2.518520e-01
182 7.387280e-01 7.980000e-03 2.532920e-01
183 7.375600e-01 7.836000e-03 2.546040e-01
184 7.363440e-01 7.720000e-03 2.559360e-01
185 7.351120e-01 7.692000e-03 2.571960e-01
186 7.339280e-01 7.560000e-03 2.585120e-01
187 7.326360e-01 7.480000e-03 2.598840e-01
188 7.313400e-01 7.444000e-03 2.612160e-01
189 7.301400e-01 7.364000e-03 2.624960e-01
190 7.289600e-01 7.340000e-03 2.637000e-01
191 7.277320e-01 7.384000e-03 2.648840e-01
192 7.264640e-01 7.388000e-03 2.661480e-01
193 7.252840e-01 7.280000e-03 2.674360e-01
194 7.240920e-01 7.184000e-03 2.687240e-01
195 7.230280e-01 7.024000e-03 2.699480e-01
196 7.218720e-01 7.064000e-03 2.710640e-01
197 7.206200e-01 7.124000e-03 2.722560e-01
198 7.195440e-01 6.792000e-03 2.736640e-01
199 7.184200e-01 6.744000e-03 2.748360e-01
200 7.171520e-01 6.740000e-03 2.761080e-01
201 7.159600e-01 6.748000e-03 2.772920e-01
202 7.148880e-01 6.620000e-03 2.784920e-01
203 7.136800e-01 6.716000e-03 2.796040e-01
204 7.125400e-01 6.620000e-03 2.808400e-01
205 7.113840e-01 6.604000e-03 2.820120e-01
206 7.102400e-01 6.616000e-03 2.831440e-01
207 7.090800e-01 6.664000e-03 2.842560e-01
208 7.079520e-01 6.500000e-03 2.855480e-01
209 7.069720e-01 6.224000e-03 2.868040e-01
210 7.058120e-01 6.212000e-03 2.879760e-01
211 7.047520e-01 6.240000e-03 2.890080e-01
212 7.035840e-01 6.316000e-03 2.901000e-01
213 7.025720e-01 6.196000e-03 2.912320e-01
214 7.013320e-01 6.440000e-03 2.922280e-01
215 7.002120e-01 6.412000e-03 2.933760e-01
216 6.992480e-01 6.252000e-03 2.945000e-01
217 6.981640e-01 6.280000e-03 2.955560e-01
218 6.972240e-01 6.120000e-03 2.966560e-01
219 6.961600e-01 6.052000e-03 2.977880e-01
220 6.951360e-01 6.028000e-03 2.988360e-01
221 6.941280e-01 6.120000e-03 2.997520e-01
222 6.929840e-01 6.176000e-03 3.008400e-01
223 6.919280e-01 6.116000e-03 3.019560e-01
224 6.906920e-01 6.244000e-03 3.030640e-01
225 6.897040e-01 6.124000e-03 3.041720e-01
226 6.887360e-01 6.116000e-03 3.051480e-01
227 6.877080e-01 6.228000e-03 3.060640e-01
228 6.866240e-01 6.264000e-03 3.071120e-01
229 6.855200e-01 6.264000e-03 3.082160e-01
230 6.845400e-01 6.156000e-03 3.093040e-01
231 6.834560e-01 6.116000e-03 3.104280e-01
232 6.825320e-01 5.996000e-03 3.114720e-01
233 6.816200e-01 5.896000e-03 3.124840e-01
234 6.807680e-01 5.676000e-03 3.135560e-01
235 6.798560e-01 5.576000e-03 3.145680e-01
236 6.788560e-01 5.608000e-03 3.155360e-01
237 6.779800e-01 5.468000e-03 3.165520e-01
238 6.771880e-01 5.288000e-03 3.175240e-01
239 6.763240e-01 5.152000e-03 3.185240e-01
240 6.754560e-01 5.152000e-03 3.193920e-01
241 6.746040e-01 5.156000e-03 3.202400e-01
242 6.737000e-01 5.260000e-03 3.210400e-01
243 6.728120e-01 5.128000e-03 3.220600e-01
244 6.721160e-01 4.832000e-03 3.230520e-01
245 6.713520e-01 4.692000e-03 3.239560e-01
246 6.705280e-01 4.680000e-03 3.247920e-01
247 6.697280e-01 4.680000e-03 3.255920e-01
248 6.687880e-01 4.676000e-03 3.265360e-01
249 6.679760e-01 4.704000e-03 3.273200e-01
250 6.670800e-01 4.868000e-03 3.280520e-01
251 6.662160e-01 4.844000e-03 3.289400e-01
252 6.653440e-01 4.904000e-03 3.297520e-01
253 6.645120e-01 4.924000e-03 3.305640e-01
254 6.636760e-01 4.940000e-03 3.313840e-01
255 6.627440e-01 5.104000e-03 3.321520e-01
256 6.619680e-01 4.968000e-03 3.330640e-01
257 6.610760e-01 4.980000e-03 3.339440e-01
258 6.601320e-01 5.060000e-03 3.348080e-01
259 6.593560e-01 4.932000e-03 3.357120e-01
260 6.584000e-01 5.028000e-03 3.365720e-01
261 6.574600e-01 5.032000e-03 3.375080e-01
262 6.565920e-01 5.044000e-03 3.383640e-01
263 6.556400e-01 5.200000e-03 3.391600e-01
264 6.545880e-01 5.356000e-03 3.400560e-01
265 6.535760e-01 5.380000e-03 3.410440e-01
266 6.525760e-01 5.536000e-03 3.418880e-01
267 6.516560e-01 5.540000e-03 3.428040e-01
268 6.506840e-01 5.600000e-03 3.437160e-01
269 6.498040e-01 5.508000e-03 3.446880e-01
270 6.489240e-01 5.440000e-03 3.456360e-01
271 6.480640e-01 5.372000e-03 3.465640e-01
272 6.471200e-01 5.368000e-03 3.475120e-01
273 6.461560e-01 5.328000e-03 3.485160e-01
274 6.452920e-01 5.256000e-03 3.494520e-01
275 6.443680e-01 5.164000e-03 3.504680e-01
276 6.435880e-01 5.012000e-03 3.514000e-01
277 6.427480e-01 5.020000e-03 3.522320e-01
278 6.420600e-01 4.896000e-03 3.530440e-01
279 6.411640e-01 4.944000e-03 3.538920e-01
280 6.403280e-01 5.008000e-03 3.546640e-01
281 6.394360e-01 5.040000e-03 3.555240e-01
282 6.386160e-01 5.048000e-03 3.563360e-01
283 6.376600e-01 5.076000e-03 3.572640e-01
284 6.368040e-01 5.036000e-03 3.581600e-01
285 6.358360e-01 5.156000e-03 3.590080e-01
286 6.349280e-01 5.128000e-03 3.599440e-01
287 6.340760e-01 5.076000e-03 3.608480e-01
288 6.333160e-01 4.892000e-03 3.617920e-01
289 6.324440e-01 4.916000e-03 3.626400e-01
290 6.317440e-01 4.764000e-03 3.634920e-01
291 6.309200e-01 4.760000e-03 3.643200e-01
292 6.301080e-01 4.756000e-03 3.651360e-01
293 6.293440e-01 4.668000e-03 3.659880e-01
294 6.286160e-01 4.532000e-03 3.668520e-01
295 6.279440e-01 4.436000e-03 3.676200e-01
296 6.272760e-01 4.384000e-03 3.683400e-01
297 6.265680e-01 4.340000e-03 3.690920e-01
298 6.258680e-01 4.348000e-03 3.697840e-01
299 6.252920e-01 4.196000e-03 3.705120e-01
300 6.246440e-01 4.140000e-03 3.712160e-01
301 6.240320e-01 4.044000e-03 3.719240e-01
302 6.233760e-01 3.988000e-03 3.726360e-01
303 6.226960e-01 3.892000e-03 3.734120e-01
304 6.219680e-01 3.836000e-03 3.741960e-01
305 6.213360e-01 3.776000e-03 3.748880e-01
306 6.207200e-01 3.620000e-03 3.756600e-01
307 6.201200e-01 3.612000e-03 3.762680e-01
308 6.195040e-01 3.484000e-03 3.770120e-01
309 6.189240e-01 3.432000e-03 3.776440e-01
310 6.183160e-01 3.464000e-03 3.782200e-01
311 6.177160e-01 3.412000e-03 3.788720e-01
312 6.171720e-01 3.380000e-03 3.794480e-01
313 6.165880e-01 3.388000e-03 3.800240e-01
314 6.160600e-01 3.300000e-03 3.806400e-01
315 6.154160e-01 3.436000e-03 3.811480e-01
316 6.147480e-01 3.480000e-03 3.817720e-01
317 6.141200e-01 3.552000e-03 3.823280e-01
318 6.136120e-01 3.448000e-03 3.829400e-01
319 6.129960e-01 3.396000e-03 3.836080e-01
320 6.124040e-01 3.444000e-03 3.841520e-01
321 6.118880e-01 3.444000e-03 3.846680e-01
322 6.112960e-01 3.444000e-03 3.852600e-01
323 6.107680e-01 3.360000e-03 3.858720e-01
324 6.102760e-01 3.252000e-03 3.864720e-01
325 6.096920e-01 3.232000e-03 3.870760e-01
326 6.091960e-01 3.152000e-03 3.876520e-01
327 6.086320e-01 3.220000e-03 3.881480e-01
328 6.080120e-01 3.336000e-03 3.886520e-01
329 6.074920e-01 3.212000e-03 3.892960e-01
330 6.069920e-01 3.128000e-03 3.898800e-01
331 6.064640e-01 3.072000e-03 3.904640e-01
332 6.059080e-01 3.056000e-03 3.910360e-01
333 6.053480e-01 3.132000e-03 3.915200e-01
334 6.048400e-01 3.104000e-03 3.920560e-01
335 6.043760e-01 3.024000e-03 3.926000e-01
336 6.039240e-01 2.924000e-03 3.931520e-01
337 6.034680e-01 2.856000e-03 3.936760e-01
338 6.029800e-01 2.788000e-03 3.942320e-01
339 6.025240e-01 2.760000e-03 3.947160e-01
340 6.019920e-01 2.780000e-03 3.952280e-01
341 6.015440e-01 2.708000e-03 3.957480e-01
342 6.010320e-01 2.728000e-03 3.962400e-01
343 6.005600e-01 2.744000e-03 3.966960e-01
344 6.000160e-01 2.844000e-03 3.971400e-01
345 5.994880e-01 2.868000e-03 3.976440e-01
346 5.990600e-01 2.788000e-03 3.981520e-01
347 5.986160e-01 2.812000e-03 3.985720e-01
348 5.981760e-01 2.776000e-03 3.990480e-01
349 5.978120e-01 2.664000e-03 3.995240e-01
350 5.974240e-01 2.556000e-03 4.000200e-01
351 5.969840e-01 2.500000e-03 4.005160e-01
352 5.965080e-01 2.572000e-03 4.009200e-01
353 5.960880e-01 2.532000e-03 4.013800e-01
354 5.955880e-01 2.648000e-03 4.017640e-01
355 5.951120e-01 2.704000e-03 4.021840e-01
356 5.946120e-01 2.788000e-03 4.026000e-01
357 5.940880e-01 2.940000e-03 4.029720e-01
358 5.935440e-01 2.968000e-03 4.034880e-01
359 5.931320e-01 2.864000e-03 4.040040e-01
360 5.926720e-01 2.816000e-03 4.045120e-01
361 5.922800e-01 2.704000e-03 4.050160e-01
362 5.919040e-01 2.576000e-03 4.055200e-01
363 5.914920e-01 2.520000e-03 4.059880e-01
364 5.911520e-01 2.444000e-03 4.064040e-01
365 5.908800e-01 2.268000e-03 4.068520e-01
366 5.905480e-01 2.248000e-03 4.072040e-01
367 5.901960e-01 2.184000e-03 4.076200e-01
368 5.899000e-01 2.136000e-03 4.079640e-01
369 5.895440e-01 2.164000e-03 4.082920e-01
370 5.891680e-01 2.144000e-03 4.086880e-01
371 5.887960e-01 2.136000e-03 4.090680e-01
372 5.883120e-01 2.248000e-03 4.094400e-01
373 5.879560e-01 2.184000e-03 4.098600e-01
374 5.875880e-01 2.144000e-03 4.102680e-01
375 5.871840e-01 2.172000e-03 4.106440e-01
376 5.867800e-01 2.220000e-03 4.110000e-01
377 5.865040e-01 2.072000e-03 4.114240e-01
378 5.862240e-01 2.060000e-03 4.117160e-01
379 5.859280e-01 1.952000e-03 4.121200e-01
380 5.856120e-01 1.888000e-03 4.125000e-01
381 5.852560e-01 1.900000e-03 4.128440e-01
382 5.848760e-01 1.944000e-03 4.131800e-01
383 5.845680e-01 1.888000e-03 4.135440e-01
384 5.843160e-01 1.820000e-03 4.138640e-01
385 5.839760e-01 1.756000e-03 4.142680e-01
386 5.836680e-01 1.736000e-03 4.145960e-01
387 5.834040e-01 1.708000e-03 4.148880e-01
388 5.830800e-01 1.756000e-03 4.151640e-01
389 5.827600e-01 1.796000e-03 4.154440e-01
390 5.824960e-01 1.780000e-03 4.157240e-01
391 5.821880e-01 1.796000e-03 4.160160e-01
392 5.818080e-01 1.844000e-03 4.163480e-01
393 5.814960e-01 1.796000e-03 4.167080e-01
394 5.812360e-01 1.788000e-03 4.169760e-01
395 5.809120e-01 1.716000e-03 4.173720e-01
396 5.806640e-01 1.652000e-03 4.176840e-01
397 5.804800e-01 1.536000e-03 4.179840e-01
398 5.802600e-01 1.472000e-03 4.182680e-01
399 5.800400e-01 1.444000e-03 4.185160e-01
400 5.798120e-01 1.416000e-03 4.187720e-01
401 5.795880e-01 1.408000e-03 4.190040e-01
402 5.793240e-01 1.464000e-03 4.192120e-01
403 5.790600e-01 1.468000e-03 4.194720e-01
404 5.788360e-01 1.472000e-03 4.196920e-01
405 5.786320e-01 1.412000e-03 4.199560e-01
406 5.784120e-01 1.376000e-03 4.202120e-01
407 5.781720e-01 1.368000e-03 4.204600e-01
408 5.779120e-01 1.392000e-03 4.206960e-01
409 5.776640e-01 1.412000e-03 4.209240e-01
410 5.774320e-01 1.428000e-03 4.211400e-01
411 5.771520e-01 1.464000e-03 4.213840e-01
412 5.769240e-01 1.452000e-03 4.216240e-01
413 5.766920e-01 1.440000e-03 4.218680e-01
414 5.765120e-01 1.376000e-03 4.221120e-01
415 5.762720e-01 1.360000e-03 4.223680e-01
416 5.760560e-01 1.364000e-03 4.225800e-01
417 5.758680e-01 1.296000e-03 4.228360e-01
418 5.756880e-01 1.212000e-03 4.231000e-01
419 5.755200e-01 1.168000e-03 4.233120e-01
420 5.753520e-01 1.152000e-03 4.234960e-01
421 5.752000e-01 1.092000e-03 4.237080e-01
422 5.750440e-01 1.064000e-03 4.238920e-01
423 5.748720e-01 1.064000e-03 4.240640e-01
424 5.747480e-01 1.024000e-03 4.242280e-01
425 5.746240e-01 9.800000e-04 4.243960e-01
426 5.744680e-01 9.600000e-04 4.245720e-01
427 5.743080e-01 9.760000e-04 4.247160e-01
428 5.741840e-01 9.080000e-04 4.249080e-01
429 5.740800e-01 8.480000e-04 4.250720e-01
430 5.739720e-01 8.080000e-04 4.252200e-01
431 5.738480e-01 7.920000e-04 4.253600e-01
432 5.736960e-01 7.680000e-04 4.255360e-01
433 5.735360e-01 8.240000e-04 4.256400e-01
434 5.733440e-01 8.880000e-04 4.257680e-01
435 5.732120e-01 8.680000e-04 4.259200e-01
436 5.730520e-01 9.000000e-04 4.260480e-01
437 5.728720e-01 9.240000e-04 4.262040e-01
438 5.726880e-01 9.680000e-04 4.263440e-01
439 5.725000e-01 1.012000e-03 4.264880e-01
440 5.723800e-01 9.480000e-04 4.266720e-01
441 5.722880e-01 8.400000e-04 4.268720e-01
442 5.721600e-01 8.200000e-04 4.270200e-01
443 5.720480e-01 7.840000e-04 4.271680e-01
444 5.719400e-01 7.680000e-04 4.272920e-01
445 5.718480e-01 7.360000e-04 4.274160e-01
446 5.717560e-01 7.080000e-04 4.275360e-01
447 5.716080e-01 7.360000e-04 4.276560e-01
448 5.714800e-01 7.480000e-04 4.277720e-01
449 5.713480e-01 7.360000e-04 4.279160e-01
450 5.712000e-01 7.440000e-04 4.280560e-01
451 5.710240e-01 7.600000e-04 4.282160e-01
452 5.708240e-01 8.480000e-04 4.283280e-01
453 5.706160e-01 9.200000e-04 4.284640e-01
454 5.704600e-01 9.360000e-04 4.286040e-01
455 5.702640e-01 9.520000e-04 4.287840e-01
456 5.701360e-01 9.080000e-04 4.289560e-01
457 5.699840e-01 8.640000e-04 4.291520e-01
458 5.698360e-01 8.680000e-04 4.292960e-01
459 5.697120e-01 9.040000e-04 4.293840e-01
460 5.695680e-01 8.920000e-04 4.295400e-01
461 5.694360e-01 8.360000e-04 4.297280e-01
462 5.692880e-01 7.800000e-04 4.299320e-01
463 5.692080e-01 7.280000e-04 4.300640e-01
464 5.690560e-01 7.480000e-04 4.301960e-01
465 5.689120e-01 7.840000e-04 4.303040e-01
466 5.688040e-01 7.760000e-04 4.304200e-01
467 5.686640e-01 7.920000e-04 4.305440e-01
468 5.685240e-01 8.000000e-04 4.306760e-01
469 5.684200e-01 7.400000e-04 4.308400e-01
470 5.683440e-01 6.800000e-04 4.309760e-01
471 5.682200e-01 7.160000e-04 4.310640e-01
472 5.681240e-01 6.840000e-04 4.311920e-01
473 5.679720e-01 7.200000e-04 4.313080e-01
474 5.678120e-01 7.400000e-04 4.314480e-01
475 5.677120e-01 7.080000e-04 4.315800e-01
476 5.676120e-01 6.840000e-04 4.317040e-01
477 5.675080e-01 6.680000e-04 4.318240e-01
478 5.674120e-01 6.200000e-04 4.319680e-01
479 5.673200e-01 5.920000e-04 4.320880e-01
480 5.672400e-01 5.840000e-04 4.321760e-01
481 5.671000e-01 6.400000e-04 4.322600e-01
482 5.669480e-01 6.960000e-04 4.323560e-01
483 5.667360e-01 8.080000e-04 4.324560e-01
484 5.665160e-01 8.600000e-04 4.326240e-01
485 5.663280e-01 8.800000e-04 4.327920e-01
486 5.661280e-01 9.400000e-04 4.329320e-01
487 5.659760e-01 9.120000e-04 4.331120e-01
488 5.658120e-01 9.160000e-04 4.332720e-01
489 5.656400e-01 9.240000e-04 4.334360e-01
490 5.654800e-01 9.040000e-04 4.336160e-01
491 5.653680e-01 8.800000e-04 4.337520e-01
492 5.652720e-01 8.360000e-04 4.338920e-01
493 5.651280e-01 8.280000e-04 4.340440e-01
494 5.649760e-01 8.120000e-04 4.342120e-01
495 5.648920e-01 7.400000e-04 4.343680e-01
496 5.648280e-01 6.720000e-04 4.345000e-01
497 5.647640e-01 6.200000e-04 4.346160e-01
498 5.646760e-01 5.960000e-04 4.347280e-01
499 5.645840e-01 6.040000e-04 4.348120e-01
500 5.645040e-01 5.840000e-04 4.349120e-01
