1 9.992320e-01 6.840000e-04 8.400000e-05
2 9.986720e-01 1.104000e-03 2.240000e-04
3 9.979000e-01 1.628000e-03 4.720000e-04
4 9.970080e-01 2.156000e-03 8.360000e-04
5 9.961520e-01 2.572000e-03 1.276000e-03
6 9.951960e-01 3.032000e-03 1.772000e-03
7 9.942680e-01 3.356000e-03 2.376000e-03
8 9.932920e-01 3.720000e-03 2.988000e-03
9 9.922600e-01 4.128000e-03 3.612000e-03
10 9.912160e-01 4.336000e-03 4.448000e-03
11 9.901800e-01 4.568000e-03 5.252000e-03
12 9.890160e-01 4.868000e-03 6.116000e-03
13 9.878120e-01 5.192000e-03 6.996000e-03
14 9.865440e-01 5.520000e-03 7.936000e-03
15 9.853680e-01 5.676000e-03 8.956000e-03
16 9.841640e-01 5.864000e-03 9.972000e-03
17 9.827960e-01 6.252000e-03 1.095200e-02
18 9.814080e-01 6.644000e-03 1.194800e-02
19 9.802040e-01 6.660000e-03 1.313600e-02
20 9.788880e-01 6.840000e-03 1.427200e-02
21 9.776040e-01 6.920000e-03 1.547600e-02
22 9.761520e-01 7.128000e-03 1.672000e-02
23 9.748360e-01 7.272000e-03 1.789200e-02
24 9.734240e-01 7.528000e-03 1.904800e-02
25 9.718360e-01 7.808000e-03 2.035600e-02
26 9.703280e-01 7.832000e-03 2.184000e-02
27 9.689200e-01 7.772000e-03 2.330800e-02
28 9.674040e-01 7.984000e-03 2.461200e-02
29 9.658560e-01 8.188000e-03 2.595600e-02
30 9.644560e-01 8.080000e-03 2.746400e-02
31 9.630280e-01 8.112000e-03 2.886000e-02
32 9.616240e-01 8.076000e-03 3.030000e-02
33 9.602840e-01 7.884000e-03 3.183200e-02
34 9.588120e-01 7.984000e-03 3.320400e-02
35 9.574440e-01 8.100000e-03 3.445600e-02
36 9.560120e-01 8.184000e-03 3.580400e-02
37 9.544920e-01 8.292000e-03 3.721600e-02
38 9.530280e-01 8.264000e-03 3.870800e-02
39 9.515720e-01 8.236000e-03 4.019200e-02
40 9.500680e-01 8.364000e-03 4.156800e-02
41 9.484040e-01 8.528000e-03 4.306800e-02
42 9.469120e-01 8.472000e-03 4.461600e-02
43 9.453040e-01 8.508000e-03 4.618800e-02
44 9.438520e-01 8.500000e-03 4.764800e-02
45 9.424080e-01 8.396000e-03 4.919600e-02
46 9.410160e-01 8.260000e-03 5.072400e-02
47 9.395960e-01 8.288000e-03 5.211600e-02
48 9.381120e-01 8.372000e-03 5.351600e-02
49 9.366520e-01 8.448000e-03 5.490000e-02
50 9.352280e-01 8.396000e-03 5.637600e-02
51 9.337440e-01 8.412000e-03 5.784400e-02
52 9.322560e-01 8.368000e-03 5.937600e-02
53 9.307760e-01 8.392000e-03 6.083200e-02
54 9.293360e-01 8.432000e-03 6.223200e-02
55 9.279480e-01 8.184000e-03 6.386800e-02
56 9.263680e-01 8.340000e-03 6.529200e-02
57 9.248200e-01 8.388000e-03 6.679200e-02
58 9.234600e-01 8.340000e-03 6.820000e-02
59 9.221040e-01 8.256000e-03 6.964000e-02
60 9.207120e-01 8.100000e-03 7.118800e-02
61 9.193040e-01 8.064000e-03 7.263200e-02
62 9.178840e-01 8.072000e-03 7.404400e-02
63 9.165640e-01 8.024000e-03 7.541200e-02
64 9.151040e-01 8.084000e-03 7.681200e-02
65 9.138320e-01 7.952000e-03 7.821600e-02
66 9.123600e-01 8.092000e-03 7.954800e-02
67 9.110080e-01 8.000000e-03 8.099200e-02
68 9.096320e-01 7.996000e-03 8.237200e-02
69 9.082840e-01 7.816000e-03 8.390000e-02
70 9.069000e-01 7.860000e-03 8.524000e-02
71 9.053960e-01 8.000000e-03 8.660400e-02
72 9.039920e-01 8.088000e-03 8.792000e-02
73 9.024560e-01 8.224000e-03 8.932000e-02
74 9.010160e-01 8.316000e-03 9.066800e-02
75 8.995000e-01 8.444000e-03 9.205600e-02
76 8.980240e-01 8.404000e-03 9.357200e-02
77 8.966280e-01 8.300000e-03 9.507200e-02
78 8.952560e-01 8.168000e-03 9.657600e-02
79 8.938720e-01 8.060000e-03 9.806800e-02
80 8.925240e-01 7.968000e-03 9.950800e-02
81 8.912400e-01 7.924000e-03 1.008360e-01
82 8.899080e-01 7.908000e-03 1.021840e-01
83 8.885120e-01 7.892000e-03 1.035960e-01
84 8.869200e-01 8.184000e-03 1.048960e-01
85 8.856960e-01 7.964000e-03 1.063400e-01
86 8.843640e-01 7.940000e-03 1.076960e-01
87 8.830360e-01 7.956000e-03 1.090080e-01
88 8.817880e-01 7.852000e-03 1.103600e-01
89 8.803720e-01 7.972000e-03 1.116560e-01
90 8.788480e-01 8.116000e-03 1.130360e-01
91 8.772640e-01 8.336000e-03 1.144000e-01
92 8.758600e-01 8.328000e-03 1.158120e-01
93 8.743960e-01 8.332000e-03 1.172720e-01
94 8.728040e-01 8.520000e-03 1.186760e-01
95 8.713520e-01 8.560000e-03 1.200880e-01
96 8.700440e-01 8.432000e-03 1.215240e-01
97 8.687480e-01 8.268000e-03 1.229840e-01
98 8.673480e-01 8.228000e-03 1.244240e-01
99 8.658640e-01 8.356000e-03 1.257800e-01
100 8.646440e-01 8.020000e-03 1.273360e-01
101 8.632880e-01 7.840000e-03 1.288720e-01
102 8.619480e-01 7.632000e-03 1.304200e-01
103 8.605520e-01 7.652000e-03 1.317960e-01
104 8.592440e-01 7.620000e-03 1.331360e-01
105 8.578720e-01 7.608000e-03 1.345200e-01
106 8.566960e-01 7.408000e-03 1.358960e-01
107 8.555320e-01 7.432000e-03 1.370360e-01
108 8.542440e-01 7.300000e-03 1.384560e-01
109 8.530840e-01 7.208000e-03 1.397080e-01
110 8.520000e-01 7.068000e-03 1.409320e-01
111 8.507840e-01 7.016000e-03 1.422000e-01
112 8.495600e-01 7.004000e-03 1.434360e-01
113 8.483200e-01 6.956000e-03 1.447240e-01
114 8.469920e-01 7.084000e-03 1.459240e-01
115 8.456880e-01 7.176000e-03 1.471360e-01
116 8.445360e-01 7.060000e-03 1.484040e-01
117 8.434080e-01 6.764000e-03 1.498280e-01
118 8.420960e-01 6.960000e-03 1.509440e-01
119 8.407920e-01 7.124000e-03 1.520840e-01
120 8.395080e-01 7.216000e-03 1.532760e-01
121 8.382800e-01 7.092000e-03 1.546280e-01
122 8.370720e-01 6.996000e-03 1.559320e-01
123 8.357280e-01 7.144000e-03 1.571280e-01
124 8.345440e-01 7.156000e-03 1.583000e-01
125 8.332560e-01 7.264000e-03 1.594800e-01
126 8.317720e-01 7.408000e-03 1.608200e-01
127 8.303880e-01 7.564000e-03 1.620480e-01
128 8.291400e-01 7.452000e-03 1.634080e-01
129 8.278000e-01 7.376000e-03 1.648240e-01
130 8.264600e-01 7.584000e-03 1.659560e-01
131 8.252360e-01 7.436000e-03 1.673280e-01
132 8.240360e-01 7.248000e-03 1.687160e-01
133 8.230120e-01 7.060000e-03 1.699280e-01
134 8.217960e-01 7.012000e-03 1.711920e-01
135 8.206360e-01 6.992000e-03 1.723720e-01
136 8.196120e-01 6.852000e-03 1.735360e-01
137 8.184640e-01 6.780000e-03 1.747560e-01
138 8.173120e-01 6.664000e-03 1.760240e-01
139 8.160800e-01 6.648000e-03 1.772720e-01
140 8.148920e-01 6.696000e-03 1.784120e-01
141 8.136560e-01 6.628000e-03 1.797160e-01
142 8.125000e-01 6.692000e-03 1.808080e-01
143 8.113160e-01 6.680000e-03 1.820040e-01
144 8.100160e-01 6.796000e-03 1.831880e-01
145 8.088200e-01 6.908000e-03 1.842720e-01
146 8.075680e-01 6.928000e-03 1.855040e-01
147 8.063560e-01 7.000000e-03 1.866440e-01
148 8.051720e-01 7.036000e-03 1.877920e-01
149 8.041240e-01 6.948000e-03 1.889280e-01
150 8.030080e-01 6.800000e-03 1.901920e-01
151 8.018600e-01 6.664000e-03 1.914760e-01
152 8.007320e-01 6.556000e-03 1.927120e-01
153 7.994960e-01 6.756000e-03 1.937480e-01
154 7.982560e-01 6.696000e-03 1.950480e-01
155 7.969120e-01 6.992000e-03 1.960960e-01
156 7.956720e-01 7.028000e-03 1.973000e-01
157 7.943680e-01 7.108000e-03 1.985240e-01
158 7.931400e-01 7.024000e-03 1.998360e-01
159 7.917560e-01 7.248000e-03 2.009960e-01
160 7.905440e-01 7.296000e-03 2.021600e-01
161 7.891680e-01 7.492000e-03 2.033400e-01
162 7.879920e-01 7.320000e-03 2.046880e-01
163 7.867840e-01 7.256000e-03 2.059600e-01
164 7.856080e-01 7.104000e-03 2.072880e-01
165 7.841720e-01 7.340000e-03 2.084880e-01
166 7.830680e-01 7.140000e-03 2.097920e-01
167 7.818760e-01 7.268000e-03 2.108560e-01
168 7.807840e-01 7.104000e-03 2.121120e-01
169 7.797240e-01 6.864000e-03 2.134120e-01
170 7.784960e-01 6.816000e-03 2.146880e-01
171 7.774480e-01 6.672000e-03 2.158800e-01
172 7.762720e-01 6.676000e-03 2.170520e-01
173 7.752440e-01 6.472000e-03 2.182840e-01
174 7.742160e-01 6.400000e-03 2.193840e-01
175 7.731680e-01 6.360000e-03 2.204720e-01
176 7.720800e-01 6.356000e-03 2.215640e-01
177 7.709840e-01 6.316000e-03 2.227000e-01
178 7.698840e-01 6.336000e-03 2.237800e-01
179 7.687920e-01 6.392000e-03 2.248160e-01
180 7.677440e-01 6.356000e-03 2.259000e-01
181 7.666200e-01 6.432000e-03 2.269480e-01
182 7.653960e-01 6.368000e-03 2.282360e-01
183 7.641920e-01 6.476000e-03 2.293320e-01
184 7.630520e-01 6.544000e-03 2.304040e-01
185 7.617760e-01 6.580000e-03 2.316440e-01
186 7.606080e-01 6.660000e-03 2.327320e-01
187 7.594000e-01 6.576000e-03 2.340240e-01
188 7.582880e-01 6.568000e-03 2.351440e-01
189 7.570800e-01 6.540000e-03 2.363800e-01
190 7.561360e-01 6.376000e-03 2.374880e-01
191 7.551040e-01 6.224000e-03 2.386720e-01
192 7.539040e-01 6.276000e-03 2.398200e-01
193 7.527560e-01 6.384000e-03 2.408600e-01
194 7.515800e-01 6.400000e-03 2.420200e-01
195 7.504200e-01 6.456000e-03 2.431240e-01
196 7.493160e-01 6.508000e-03 2.441760e-01
197 7.482520e-01 6.492000e-03 2.452560e-01
198 7.470240e-01 6.620000e-03 2.463560e-01
199 7.456840e-01 6.816000e-03 2.475000e-01
200 7.446200e-01 6.788000e-03 2.485920e-01
201 7.434880e-01 6.764000e-03 2.497480e-01
202 7.423040e-01 6.732000e-03 2.509640e-01
203 7.411880e-01 6.692000e-03 2.521200e-01
204 7.401920e-01 6.524000e-03 2.532840e-01
205 7.391960e-01 6.412000e-03 2.543920e-01
206 7.382080e-01 6.344000e-03 2.554480e-01
207 7.372600e-01 6.224000e-03 2.565160e-01
208 7.362120e-01 6.128000e-03 2.576600e-01
209 7.352720e-01 5.992000e-03 2.587360e-01
210 7.341480e-01 6.040000e-03 2.598120e-01
211 7.331360e-01 5.972000e-03 2.608920e-01
212 7.321880e-01 5.880000e-03 2.619320e-01
213 7.313320e-01 5.740000e-03 2.629280e-01
214 7.304080e-01 5.636000e-03 2.639560e-01
215 7.295640e-01 5.360000e-03 2.650760e-01
216 7.287440e-01 5.216000e-03 2.660400e-01
217 7.279080e-01 5.124000e-03 2.669680e-01
218 7.270200e-01 5.188000e-03 2.677920e-01
219 7.261400e-01 5.164000e-03 2.686960e-01
220 7.253560e-01 5.040000e-03 2.696040e-01
221 7.245400e-01 4.908000e-03 2.705520e-01
222 7.237680e-01 4.816000e-03 2.714160e-01
223 7.229720e-01 4.780000e-03 2.722480e-01
224 7.221760e-01 4.712000e-03 2.731120e-01
225 7.213800e-01 4.800000e-03 2.738200e-01
226 7.205560e-01 4.800000e-03 2.746440e-01
227 7.197720e-01 4.724000e-03 2.755040e-01
228 7.190080e-01 4.572000e-03 2.764200e-01
229 7.182040e-01 4.584000e-03 2.772120e-01
230 7.173680e-01 4.704000e-03 2.779280e-01
231 7.164800e-01 4.780000e-03 2.787400e-01
232 7.156480e-01 4.752000e-03 2.796000e-01
233 7.147360e-01 4.888000e-03 2.803760e-01
234 7.137800e-01 5.040000e-03 2.811800e-01
235 7.131040e-01 4.864000e-03 2.820320e-01
236 7.123680e-01 4.664000e-03 2.829680e-01
237 7.115040e-01 4.812000e-03 2.836840e-01
238 7.107120e-01 4.700000e-03 2.845880e-01
239 7.099280e-01 4.600000e-03 2.854720e-01
240 7.092200e-01 4.468000e-03 2.863120e-01
241 7.085560e-01 4.376000e-03 2.870680e-01
242 7.078360e-01 4.268000e-03 2.878960e-01
243 7.070320e-01 4.252000e-03 2.887160e-01
244 7.063040e-01 4.220000e-03 2.894760e-01
245 7.056520e-01 4.088000e-03 2.902600e-01
246 7.049120e-01 3.984000e-03 2.911040e-01
247 7.042760e-01 3.912000e-03 2.918120e-01
248 7.036120e-01 3.948000e-03 2.924400e-01
249 7.031080e-01 3.812000e-03 2.930800e-01
250 7.024800e-01 3.748000e-03 2.937720e-01
251 7.018680e-01 3.724000e-03 2.944080e-01
252 7.012560e-01 3.756000e-03 2.949880e-01
253 7.006480e-01 3.704000e-03 2.956480e-01
254 7.000640e-01 3.628000e-03 2.963080e-01
255 6.994040e-01 3.568000e-03 2.970280e-01
256 6.987800e-01 3.556000e-03 2.976640e-01
257 6.981040e-01 3.620000e-03 2.982760e-01
258 6.975120e-01 3.524000e-03 2.989640e-01
259 6.969280e-01 3.452000e-03 2.996200e-01
260 6.962680e-01 3.492000e-03 3.002400e-01
261 6.956240e-01 3.596000e-03 3.007800e-01
262 6.948760e-01 3.664000e-03 3.014600e-01
263 6.942200e-01 3.620000e-03 3.021600e-01
264 6.936320e-01 3.548000e-03 3.028200e-01
265 6.930120e-01 3.512000e-03 3.034760e-01
266 6.923000e-01 3.608000e-03 3.040920e-01
267 6.916680e-01 3.620000e-03 3.047120e-01
268 6.911120e-01 3.576000e-03 3.053120e-01
269 6.905520e-01 3.608000e-03 3.058400e-01
270 6.899280e-01 3.644000e-03 3.064280e-01
271 6.893840e-01 3.600000e-03 3.070160e-01
272 6.887040e-01 3.664000e-03 3.076320e-01
273 6.879720e-01 3.736000e-03 3.082920e-01
274 6.872800e-01 3.812000e-03 3.089080e-01
275 6.866760e-01 3.736000e-03 3.095880e-01
276 6.860040e-01 3.832000e-03 3.101640e-01
277 6.852400e-01 4.024000e-03 3.107360e-01
278 6.845840e-01 3.972000e-03 3.114440e-01
279 6.840160e-01 3.952000e-03 3.120320e-01
280 6.833560e-01 3.948000e-03 3.126960e-01
281 6.828120e-01 3.876000e-03 3.133120e-01
282 6.822400e-01 3.764000e-03 3.139960e-01
283 6.816920e-01 3.704000e-03 3.146040e-01
284 6.811400e-01 3.576000e-03 3.152840e-01
285 6.805880e-01 3.500000e-03 3.159120e-01
286 6.800600e-01 3.460000e-03 3.164800e-01
287 6.795200e-01 3.376000e-03 3.171040e-01
288 6.790320e-01 3.320000e-03 3.176480e-01
289 6.784840e-01 3.316000e-03 3.182000e-01
290 6.779200e-01 3.308000e-03 3.187720e-01
291 6.773000e-01 3.320000e-03 3.193800e-01
292 6.767040e-01 3.320000e-03 3.199760e-01
293 6.761560e-01 3.244000e-03 3.206000e-01
294 6.756440e-01 3.268000e-03 3.210880e-01
295 6.750920e-01 3.176000e-03 3.217320e-01
296 6.746000e-01 3.184000e-03 3.222160e-01
297 6.740640e-01 3.164000e-03 3.227720e-01
298 6.736400e-01 3.052000e-03 3.233080e-01
299 6.731480e-01 3.044000e-03 3.238080e-01
300 6.727160e-01 3.000000e-03 3.242840e-01
301 6.722200e-01 3.032000e-03 3.247480e-01
302 6.717480e-01 3.008000e-03 3.252440e-01
303 6.711360e-01 3.060000e-03 3.258040e-01
304 6.705920e-01 3.148000e-03 3.262600e-01
305 6.700800e-01 3.164000e-03 3.267560e-01
306 6.696280e-01 3.096000e-03 3.272760e-01
307 6.691520e-01 3.016000e-03 3.278320e-01
308 6.686680e-01 3.000000e-03 3.283320e-01
309 6.681240e-01 2.956000e-03 3.289200e-01
310 6.676720e-01 2.864000e-03 3.294640e-01
311 6.672440e-01 2.796000e-03 3.299600e-01
312 6.667600e-01 2.848000e-03 3.303920e-01
313 6.662720e-01 2.728000e-03 3.310000e-01
314 6.657400e-01 2.708000e-03 3.315520e-01
315 6.652480e-01 2.724000e-03 3.320280e-01
316 6.647760e-01 2.688000e-03 3.325360e-01
317 6.644000e-01 2.612000e-03 3.329880e-01
318 6.640200e-01 2.572000e-03 3.334080e-01
319 6.635440e-01 2.592000e-03 3.338640e-01
320 6.630560e-01 2.612000e-03 3.343320e-01
321 6.625760e-01 2.632000e-03 3.347920e-01
322 6.621320e-01 2.604000e-03 3.352640e-01
323 6.616800e-01 2.608000e-03 3.357120e-01
324 6.612040e-01 2.648000e-03 3.361480e-01
325 6.607520e-01 2.644000e-03 3.366040e-01
326 6.602880e-01 2.672000e-03 3.370400e-01
327 6.598760e-01 2.672000e-03 3.374520e-01
328 6.593640e-01 2.656000e-03 3.379800e-01
329 6.588840e-01 2.648000e-03 3.384680e-01
330 6.584920e-01 2.616000e-03 3.388920e-01
331 6.580680e-01 2.596000e-03 3.393360e-01
332 6.576920e-01 2.484000e-03 3.398240e-01
333 6.573200e-01 2.360000e-03 3.403200e-01
334 6.568960e-01 2.328000e-03 3.407760e-01
335 6.566080e-01 2.256000e-03 3.411360e-01
336 6.562480e-01 2.196000e-03 3.415560e-01
337 6.557760e-01 2.292000e-03 3.419320e-01
338 6.554720e-01 2.308000e-03 3.422200e-01
339 6.550520e-01 2.436000e-03 3.425120e-01
340 6.546920e-01 2.364000e-03 3.429440e-01
341 6.542800e-01 2.364000e-03 3.433560e-01
342 6.539320e-01 2.364000e-03 3.437040e-01
343 6.535960e-01 2.264000e-03 3.441400e-01
344 6.532320e-01 2.244000e-03 3.445240e-01
345 6.528160e-01 2.252000e-03 3.449320e-01
346 6.524040e-01 2.212000e-03 3.453840e-01
347 6.520400e-01 2.180000e-03 3.457800e-01
348 6.516000e-01 2.272000e-03 3.461280e-01
349 6.511360e-01 2.384000e-03 3.464800e-01
350 6.506880e-01 2.408000e-03 3.469040e-01
351 6.502160e-01 2.452000e-03 3.473320e-01
352 6.497560e-01 2.476000e-03 3.477680e-01
353 6.492320e-01 2.628000e-03 3.481400e-01
354 6.487080e-01 2.680000e-03 3.486120e-01
355 6.482520e-01 2.708000e-03 3.490400e-01
356 6.478720e-01 2.620000e-03 3.495080e-01
357 6.474280e-01 2.580000e-03 3.499920e-01
358 6.470320e-01 2.608000e-03 3.503600e-01
359 6.465800e-01 2.640000e-03 3.507800e-01
360 6.462000e-01 2.544000e-03 3.512560e-01
361 6.458760e-01 2.392000e-03 3.517320e-01
362 6.455840e-01 2.272000e-03 3.521440e-01
363 6.453040e-01 2.176000e-03 3.525200e-01
364 6.450160e-01 2.052000e-03 3.529320e-01
365 6.447120e-01 1.980000e-03 3.533080e-01
366 6.444640e-01 1.840000e-03 3.536960e-01
367 6.442080e-01 1.848000e-03 3.539440e-01
368 6.439760e-01 1.788000e-03 3.542360e-01
369 6.437040e-01 1.676000e-03 3.546200e-01
370 6.434120e-01 1.604000e-03 3.549840e-01
371 6.430760e-01 1.676000e-03 3.552480e-01
372 6.428520e-01 1.596000e-03 3.555520e-01
373 6.426480e-01 1.516000e-03 3.558360e-01
374 6.424200e-01 1.520000e-03 3.560600e-01
375 6.422040e-01 1.500000e-03 3.562960e-01
376 6.419640e-01 1.488000e-03 3.565480e-01
377 6.417360e-01 1.468000e-03 3.567960e-01
378 6.414520e-01 1.512000e-03 3.570360e-01
379 6.412320e-01 1.440000e-03 3.573280e-01
380 6.410400e-01 1.428000e-03 3.575320e-01
381 6.407880e-01 1.384000e-03 3.578280e-01
382 6.405560e-01 1.388000e-03 3.580560e-01
383 6.403520e-01 1.388000e-03 3.582600e-01
384 6.401360e-01 1.420000e-03 3.584440e-01
385 6.399160e-01 1.388000e-03 3.586960e-01
386 6.396640e-01 1.408000e-03 3.589280e-01
387 6.393880e-01 1.468000e-03 3.591440e-01
388 6.391040e-01 1.500000e-03 3.593960e-01
389 6.387720e-01 1.572000e-03 3.596560e-01
390 6.384840e-01 1.556000e-03 3.599600e-01
391 6.381880e-01 1.560000e-03 3.602520e-01
392 6.379160e-01 1.504000e-03 3.605800e-01
393 6.376720e-01 1.488000e-03 3.608400e-01
394 6.374640e-01 1.404000e-03 3.611320e-01
395 6.371720e-01 1.440000e-03 3.613880e-01
396 6.369640e-01 1.412000e-03 3.616240e-01
397 6.367640e-01 1.372000e-03 3.618640e-01
398 6.365200e-01 1.392000e-03 3.620880e-01
399 6.363000e-01 1.372000e-03 3.623280e-01
400 6.360520e-01 1.376000e-03 3.625720e-01
401 6.358200e-01 1.376000e-03 3.628040e-01
402 6.355680e-01 1.396000e-03 3.630360e-01
403 6.353680e-01 1.396000e-03 3.632360e-01
404 6.351400e-01 1.404000e-03 3.634560e-01
405 6.349520e-01 1.368000e-03 3.636800e-01
406 6.346680e-01 1.384000e-03 3.639480e-01
407 6.343880e-01 1.388000e-03 3.642240e-01
408 6.341880e-01 1.348000e-03 3.644640e-01
409 6.339160e-01 1.412000e-03 3.646720e-01
410 6.336520e-01 1.408000e-03 3.649400e-01
411 6.333640e-01 1.464000e-03 3.651720e-01
412 6.331160e-01 1.380000e-03 3.655040e-01
413 6.328800e-01 1.380000e-03 3.657400e-01
414 6.325600e-01 1.476000e-03 3.659640e-01
415 6.323080e-01 1.464000e-03 3.662280e-01
416 6.320800e-01 1.400000e-03 3.665200e-01
417 6.318480e-01 1.440000e-03 3.667120e-01
418 6.316560e-01 1.384000e-03 3.669600e-01
419 6.314080e-01 1.376000e-03 3.672160e-01
420 6.311600e-01 1.372000e-03 3.674680e-01
421 6.309120e-01 1.384000e-03 3.677040e-01
422 6.306680e-01 1.404000e-03 3.679280e-01
423 6.304320e-01 1.388000e-03 3.681800e-01
424 6.301480e-01 1.416000e-03 3.684360e-01
425 6.299240e-01 1.336000e-03 3.687400e-01
426 6.297200e-01 1.296000e-03 3.689840e-01
427 6.295400e-01 1.240000e-03 3.692200e-01
428 6.293080e-01 1.248000e-03 3.694440e-01
429 6.291040e-01 1.256000e-03 3.696400e-01
430 6.289160e-01 1.232000e-03 3.698520e-01
431 6.287920e-01 1.192000e-03 3.700160e-01
432 6.285920e-01 1.168000e-03 3.702400e-01
433 6.284280e-01 1.156000e-03 3.704160e-01
434 6.282120e-01 1.196000e-03 3.705920e-01
435 6.280440e-01 1.188000e-03 3.707680e-01
436 6.277800e-01 1.228000e-03 3.709920e-01
437 6.276000e-01 1.192000e-03 3.712080e-01
438 6.274040e-01 1.152000e-03 3.714440e-01
439 6.271600e-01 1.224000e-03 3.716160e-01
440 6.270200e-01 1.128000e-03 3.718520e-01
441 6.268040e-01 1.144000e-03 3.720520e-01
442 6.265600e-01 1.196000e-03 3.722440e-01
443 6.263800e-01 1.132000e-03 3.724880e-01
444 6.262400e-01 1.096000e-03 3.726640e-01
445 6.260880e-01 1.056000e-03 3.728560e-01
446 6.259400e-01 1.016000e-03 3.730440e-01
447 6.258160e-01 9.080000e-04 3.732760e-01
448 6.257000e-01 8.920000e-04 3.734080e-01
449 6.255640e-01 8.720000e-04 3.735640e-01
450 6.254040e-01 8.920000e-04 3.737040e-01
451 6.252600e-01 9.000000e-04 3.738400e-01
452 6.250880e-01 8.920000e-04 3.740200e-01
453 6.249200e-01 9.000000e-04 3.741800e-01
454 6.247560e-01 9.160000e-04 3.743280e-01
455 6.246040e-01 9.400000e-04 3.744560e-01
456 6.244040e-01 1.008000e-03 3.745880e-01
457 6.241880e-01 1.056000e-03 3.747560e-01
458 6.240440e-01 1.012000e-03 3.749440e-01
459 6.238520e-01 1.028000e-03 3.751200e-01
460 6.236960e-01 1.016000e-03 3.752880e-01
461 6.235760e-01 9.080000e-04 3.755160e-01
462 6.234520e-01 8.400000e-04 3.757080e-01
463 6.233080e-01 8.400000e-04 3.758520e-01
464 6.232160e-01 7.840000e-04 3.760000e-01
465 6.230960e-01 7.640000e-04 3.761400e-01
466 6.229480e-01 7.560000e-04 3.762960e-01
467 6.228520e-01 7.080000e-04 3.764400e-01
468 6.227320e-01 7.360000e-04 3.765320e-01
469 6.226120e-01 7.320000e-04 3.766560e-01
470 6.225160e-01 6.840000e-04 3.768000e-01
471 6.223760e-01 6.840000e-04 3.769400e-01
472 6.222760e-01 6.640000e-04 3.770600e-01
473 6.221600e-01 6.560000e-04 3.771840e-01
474 6.220560e-01 6.400000e-04 3.773040e-01
475 6.219480e-01 6.240000e-04 3.774280e-01
476 6.218560e-01 6.000000e-04 3.775440e-01
477 6.217520e-01 6.000000e-04 3.776480e-01
478 6.216400e-01 6.120000e-04 3.777480e-01
479 6.215120e-01 6.320000e-04 3.778560e-01
480 6.213400e-01 6.720000e-04 3.779880e-01
481 6.212040e-01 6.840000e-04 3.781120e-01
482 6.210560e-01 7.160000e-04 3.782280e-01
483 6.209360e-01 7.200000e-04 3.783440e-01
484 6.207920e-01 7.360000e-04 3.784720e-01
485 6.206520e-01 7.720000e-04 3.785760e-01
486 6.205360e-01 7.280000e-04 3.787360e-01
487 6.204360e-01 6.760000e-04 3.788880e-01
488 6.203400e-01 6.640000e-04 3.789960e-01
489 6.202240e-01 6.400000e-04 3.791360e-01
490 6.201200e-01 6.200000e-04 3.792600e-01
491 6.199760e-01 6.440000e-04 3.793800e-01
492 6.198960e-01 6.080000e-04 3.794960e-01
493 6.198160e-01 5.800000e-04 3.796040e-01
494 6.197320e-01 5.600000e-04 3.797080e-01
495 6.196600e-01 5.480000e-04 3.797920e-01
496 6.195600e-01 5.680000e-04 3.798720e-01
497 6.194240e-01 6.160000e-04 3.799600e-01
498 6.193240e-01 6.080000e-04 3.800680e-01
499 6.191680e-01 6.560000e-04 3.801760e-01
500 6.190080e-01 6.800000e-04 3.803120e-01
