1 9.991800e-01 7.360000e-04 8.400000e-05
2 9.986120e-01 1.116000e-03 2.720000e-04
3 9.979120e-01 1.588000e-03 5.000000e-04
4 9.970040e-01 2.192000e-03 8.040000e-04
5 9.961240e-01 2.644000e-03 1.232000e-03
6 9.951840e-01 3.088000e-03 1.728000e-03
7 9.941960e-01 3.436000e-03 2.368000e-03
8 9.931480e-01 3.892000e-03 2.960000e-03
9 9.920240e-01 4.268000e-03 3.708000e-03
10 9.908520e-01 4.716000e-03 4.432000e-03
11 9.898080e-01 4.904000e-03 5.288000e-03
12 9.886880e-01 5.244000e-03 6.068000e-03
13 9.874760e-01 5.476000e-03 7.048000e-03
14 9.862720e-01 5.708000e-03 8.020000e-03
15 9.850640e-01 5.812000e-03 9.124000e-03
16 9.838280e-01 6.072000e-03 1.010000e-02
17 9.826120e-01 6.256000e-03 1.113200e-02
18 9.814880e-01 6.232000e-03 1.228000e-02
19 9.803240e-01 6.364000e-03 1.331200e-02
20 9.788120e-01 6.752000e-03 1.443600e-02
21 9.775480e-01 6.816000e-03 1.563600e-02
22 9.762800e-01 6.748000e-03 1.697200e-02
23 9.748520e-01 6.904000e-03 1.824400e-02
24 9.736440e-01 6.812000e-03 1.954400e-02
25 9.721320e-01 7.184000e-03 2.068400e-02
26 9.707280e-01 7.304000e-03 2.196800e-02
27 9.693560e-01 7.404000e-03 2.324000e-02
28 9.679160e-01 7.576000e-03 2.450800e-02
29 9.665520e-01 7.532000e-03 2.591600e-02
30 9.650440e-01 7.688000e-03 2.726800e-02
31 9.635960e-01 7.676000e-03 2.872800e-02
32 9.622720e-01 7.628000e-03 3.010000e-02
33 9.606960e-01 7.824000e-03 3.148000e-02
34 9.592520e-01 7.816000e-03 3.293200e-02
35 9.578120e-01 7.872000e-03 3.431600e-02
36 9.564320e-01 7.904000e-03 3.566400e-02
37 9.550280e-01 7.904000e-03 3.706800e-02
38 9.536880e-01 7.908000e-03 3.840400e-02
39 9.522440e-01 7.932000e-03 3.982400e-02
40 9.506440e-01 8.152000e-03 4.120400e-02
41 9.491600e-01 8.232000e-03 4.260800e-02
42 9.477240e-01 8.176000e-03 4.410000e-02
43 9.462600e-01 8.204000e-03 4.553600e-02
44 9.448160e-01 8.236000e-03 4.694800e-02
45 9.434680e-01 8.084000e-03 4.844800e-02
46 9.419680e-01 8.160000e-03 4.987200e-02
47 9.404040e-01 8.272000e-03 5.132400e-02
48 9.388000e-01 8.544000e-03 5.265600e-02
49 9.372120e-01 8.456000e-03 5.433200e-02
50 9.357880e-01 8.408000e-03 5.580400e-02
51 9.343760e-01 8.412000e-03 5.721200e-02
52 9.329600e-01 8.348000e-03 5.869200e-02
53 9.316760e-01 8.272000e-03 6.005200e-02
54 9.302080e-01 8.324000e-03 6.146800e-02
55 9.286320e-01 8.376000e-03 6.299200e-02
56 9.271640e-01 8.308000e-03 6.452800e-02
57 9.255560e-01 8.552000e-03 6.589200e-02
58 9.240720e-01 8.520000e-03 6.740800e-02
59 9.226200e-01 8.468000e-03 6.891200e-02
60 9.211240e-01 8.592000e-03 7.028400e-02
61 9.194760e-01 8.844000e-03 7.168000e-02
62 9.178320e-01 8.852000e-03 7.331600e-02
63 9.162000e-01 8.908000e-03 7.489200e-02
64 9.146400e-01 8.724000e-03 7.663600e-02
65 9.129440e-01 8.852000e-03 7.820400e-02
66 9.114960e-01 8.684000e-03 7.982000e-02
67 9.098520e-01 8.756000e-03 8.139200e-02
68 9.084120e-01 8.652000e-03 8.293600e-02
69 9.067680e-01 8.648000e-03 8.458400e-02
70 9.052560e-01 8.572000e-03 8.617200e-02
71 9.036560e-01 8.596000e-03 8.774800e-02
72 9.020800e-01 8.560000e-03 8.936000e-02
73 9.004480e-01 8.864000e-03 9.068800e-02
74 8.988080e-01 9.056000e-03 9.213600e-02
75 8.972680e-01 8.968000e-03 9.376400e-02
76 8.957760e-01 8.912000e-03 9.531200e-02
77 8.943000e-01 8.796000e-03 9.690400e-02
78 8.927760e-01 8.720000e-03 9.850400e-02
79 8.912840e-01 8.632000e-03 1.000840e-01
80 8.897960e-01 8.540000e-03 1.016640e-01
81 8.882640e-01 8.752000e-03 1.029840e-01
82 8.867480e-01 8.740000e-03 1.045120e-01
83 8.851080e-01 8.828000e-03 1.060640e-01
84 8.836920e-01 8.744000e-03 1.075640e-01
85 8.822200e-01 8.692000e-03 1.090880e-01
86 8.805560e-01 8.800000e-03 1.106440e-01
87 8.791440e-01 8.704000e-03 1.121520e-01
88 8.775800e-01 8.744000e-03 1.136760e-01
89 8.760480e-01 8.836000e-03 1.151160e-01
90 8.745040e-01 8.932000e-03 1.165640e-01
91 8.730360e-01 8.940000e-03 1.180240e-01
92 8.716680e-01 8.852000e-03 1.194800e-01
93 8.702040e-01 8.856000e-03 1.209400e-01
94 8.686760e-01 8.860000e-03 1.224640e-01
95 8.670360e-01 9.000000e-03 1.239640e-01
96 8.655200e-01 8.840000e-03 1.256400e-01
97 8.640560e-01 8.840000e-03 1.271040e-01
98 8.626800e-01 8.572000e-03 1.287480e-01
99 8.611880e-01 8.648000e-03 1.301640e-01
100 8.598800e-01 8.520000e-03 1.316000e-01
101 8.582920e-01 8.716000e-03 1.329920e-01
102 8.569800e-01 8.460000e-03 1.345600e-01
103 8.555200e-01 8.412000e-03 1.360680e-01
104 8.542480e-01 8.168000e-03 1.375840e-01
105 8.529080e-01 8.216000e-03 1.388760e-01
106 8.516680e-01 8.092000e-03 1.402400e-01
107 8.504440e-01 7.952000e-03 1.416040e-01
108 8.491000e-01 7.816000e-03 1.430840e-01
109 8.475680e-01 7.872000e-03 1.445600e-01
110 8.462240e-01 7.768000e-03 1.460080e-01
111 8.448480e-01 7.800000e-03 1.473520e-01
112 8.434200e-01 7.888000e-03 1.486920e-01
113 8.420320e-01 7.912000e-03 1.500560e-01
114 8.407360e-01 7.884000e-03 1.513800e-01
115 8.391600e-01 8.168000e-03 1.526720e-01
116 8.378560e-01 8.048000e-03 1.540960e-01
117 8.365000e-01 8.092000e-03 1.554080e-01
118 8.350520e-01 8.132000e-03 1.568160e-01
119 8.337880e-01 8.040000e-03 1.581720e-01
120 8.323880e-01 8.148000e-03 1.594640e-01
121 8.309440e-01 8.228000e-03 1.608280e-01
122 8.296520e-01 7.964000e-03 1.623840e-01
123 8.283680e-01 8.036000e-03 1.635960e-01
124 8.271200e-01 7.880000e-03 1.650000e-01
125 8.258960e-01 7.812000e-03 1.662920e-01
126 8.244920e-01 7.712000e-03 1.677960e-01
127 8.231880e-01 7.756000e-03 1.690560e-01
128 8.217680e-01 7.804000e-03 1.704280e-01
129 8.204400e-01 7.784000e-03 1.717760e-01
130 8.190240e-01 7.888000e-03 1.730880e-01
131 8.176640e-01 7.964000e-03 1.743720e-01
132 8.164040e-01 7.884000e-03 1.757120e-01
133 8.152800e-01 7.680000e-03 1.770400e-01
134 8.139840e-01 7.644000e-03 1.783720e-01
135 8.127240e-01 7.468000e-03 1.798080e-01
136 8.114480e-01 7.376000e-03 1.811760e-01
137 8.102320e-01 7.304000e-03 1.824640e-01
138 8.089240e-01 7.360000e-03 1.837160e-01
139 8.077320e-01 7.320000e-03 1.849480e-01
140 8.065200e-01 7.364000e-03 1.861160e-01
141 8.053560e-01 7.184000e-03 1.874600e-01
142 8.041520e-01 7.112000e-03 1.887360e-01
143 8.029920e-01 7.044000e-03 1.899640e-01
144 8.018120e-01 7.072000e-03 1.911160e-01
145 8.007240e-01 7.004000e-03 1.922720e-01
146 7.995880e-01 6.988000e-03 1.934240e-01
147 7.985240e-01 6.756000e-03 1.947200e-01
148 7.973880e-01 6.624000e-03 1.959880e-01
149 7.963160e-01 6.632000e-03 1.970520e-01
150 7.952640e-01 6.472000e-03 1.982640e-01
151 7.942720e-01 6.360000e-03 1.993680e-01
152 7.932160e-01 6.336000e-03 2.004480e-01
153 7.922400e-01 6.204000e-03 2.015560e-01
154 7.912880e-01 6.124000e-03 2.025880e-01
155 7.901840e-01 6.120000e-03 2.036960e-01
156 7.892480e-01 6.016000e-03 2.047360e-01
157 7.881080e-01 6.136000e-03 2.057560e-01
158 7.871120e-01 6.084000e-03 2.068040e-01
159 7.859800e-01 6.152000e-03 2.078680e-01
160 7.850000e-01 6.104000e-03 2.088960e-01
161 7.840200e-01 6.036000e-03 2.099440e-01
162 7.830520e-01 5.960000e-03 2.109880e-01
163 7.821800e-01 5.912000e-03 2.119080e-01
164 7.811400e-01 5.932000e-03 2.129280e-01
165 7.802680e-01 5.768000e-03 2.139640e-01
166 7.793320e-01 5.728000e-03 2.149400e-01
167 7.783920e-01 5.688000e-03 2.159200e-01
168 7.775600e-01 5.448000e-03 2.169920e-01
169 7.767840e-01 5.272000e-03 2.179440e-01
170 7.758480e-01 5.172000e-03 2.189800e-01
171 7.750240e-01 5.056000e-03 2.199200e-01
172 7.740640e-01 5.140000e-03 2.207960e-01
173 7.731560e-01 5.160000e-03 2.216840e-01
174 7.723360e-01 5.200000e-03 2.224640e-01
175 7.714040e-01 5.180000e-03 2.234160e-01
176 7.706240e-01 5.168000e-03 2.242080e-01
177 7.697760e-01 5.152000e-03 2.250720e-01
178 7.687760e-01 5.236000e-03 2.259880e-01
179 7.677560e-01 5.276000e-03 2.269680e-01
180 7.668160e-01 5.336000e-03 2.278480e-01
181 7.659240e-01 5.308000e-03 2.287680e-01
182 7.650080e-01 5.352000e-03 2.296400e-01
183 7.639560e-01 5.488000e-03 2.305560e-01
184 7.630440e-01 5.528000e-03 2.314280e-01
185 7.620640e-01 5.616000e-03 2.323200e-01
186 7.611040e-01 5.688000e-03 2.332080e-01
187 7.601200e-01 5.808000e-03 2.340720e-01
188 7.591880e-01 5.772000e-03 2.350400e-01
189 7.582760e-01 5.772000e-03 2.359520e-01
190 7.573880e-01 5.688000e-03 2.369240e-01
191 7.566040e-01 5.592000e-03 2.378040e-01
192 7.557480e-01 5.488000e-03 2.387640e-01
193 7.549360e-01 5.416000e-03 2.396480e-01
194 7.541800e-01 5.212000e-03 2.406080e-01
195 7.533360e-01 5.144000e-03 2.415200e-01
196 7.525160e-01 5.016000e-03 2.424680e-01
197 7.518360e-01 4.776000e-03 2.433880e-01
198 7.510520e-01 4.752000e-03 2.441960e-01
199 7.503120e-01 4.700000e-03 2.449880e-01
200 7.495440e-01 4.632000e-03 2.458240e-01
201 7.487840e-01 4.552000e-03 2.466640e-01
202 7.479960e-01 4.556000e-03 2.474480e-01
203 7.471920e-01 4.604000e-03 2.482040e-01
204 7.462800e-01 4.716000e-03 2.490040e-01
205 7.454600e-01 4.700000e-03 2.498400e-01
206 7.447360e-01 4.524000e-03 2.507400e-01
207 7.440440e-01 4.452000e-03 2.515040e-01
208 7.433360e-01 4.404000e-03 2.522600e-01
209 7.426040e-01 4.368000e-03 2.530280e-01
210 7.419360e-01 4.200000e-03 2.538640e-01
211 7.410960e-01 4.284000e-03 2.546200e-01
212 7.403560e-01 4.204000e-03 2.554400e-01
213 7.396440e-01 4.168000e-03 2.561880e-01
214 7.388920e-01 4.136000e-03 2.569720e-01
215 7.381880e-01 4.076000e-03 2.577360e-01
216 7.374440e-01 4.088000e-03 2.584680e-01
217 7.367600e-01 4.028000e-03 2.592120e-01
218 7.361800e-01 3.900000e-03 2.599200e-01
219 7.355240e-01 3.872000e-03 2.606040e-01
220 7.348840e-01 3.804000e-03 2.613120e-01
221 7.342000e-01 3.832000e-03 2.619680e-01
222 7.335360e-01 3.824000e-03 2.626400e-01
223 7.328920e-01 3.760000e-03 2.633480e-01
224 7.323440e-01 3.592000e-03 2.640640e-01
225 7.316760e-01 3.664000e-03 2.646600e-01
226 7.310080e-01 3.616000e-03 2.653760e-01
227 7.304360e-01 3.440000e-03 2.661240e-01
228 7.297040e-01 3.620000e-03 2.666760e-01
229 7.289560e-01 3.664000e-03 2.673800e-01
230 7.282600e-01 3.660000e-03 2.680800e-01
231 7.276200e-01 3.572000e-03 2.688080e-01
232 7.269000e-01 3.684000e-03 2.694160e-01
233 7.263080e-01 3.612000e-03 2.700800e-01
234 7.255800e-01 3.628000e-03 2.707920e-01
235 7.249400e-01 3.656000e-03 2.714040e-01
236 7.244240e-01 3.496000e-03 2.720800e-01
237 7.237920e-01 3.520000e-03 2.726880e-01
238 7.231920e-01 3.564000e-03 2.732440e-01
239 7.225360e-01 3.572000e-03 2.738920e-01
240 7.218960e-01 3.580000e-03 2.745240e-01
241 7.213720e-01 3.360000e-03 2.752680e-01
242 7.207640e-01 3.368000e-03 2.758680e-01
243 7.202960e-01 3.180000e-03 2.765240e-01
244 7.197800e-01 3.116000e-03 2.771040e-01
245 7.192920e-01 3.040000e-03 2.776680e-01
246 7.188160e-01 2.980000e-03 2.782040e-01
247 7.183000e-01 3.020000e-03 2.786800e-01
248 7.177640e-01 3.032000e-03 2.792040e-01
249 7.172400e-01 3.032000e-03 2.797280e-01
250 7.166680e-01 3.052000e-03 2.802800e-01
251 7.161560e-01 3.060000e-03 2.807840e-01
252 7.156120e-01 3.072000e-03 2.813160e-01
253 7.150240e-01 3.164000e-03 2.818120e-01
254 7.144640e-01 3.136000e-03 2.824000e-01
255 7.138880e-01 3.184000e-03 2.829280e-01
256 7.133960e-01 3.068000e-03 2.835360e-01
257 7.128960e-01 3.060000e-03 2.840440e-01
258 7.123160e-01 3.136000e-03 2.845480e-01
259 7.117840e-01 3.076000e-03 2.851400e-01
260 7.112240e-01 3.088000e-03 2.856880e-01
261 7.106840e-01 3.092000e-03 2.862240e-01
262 7.101560e-01 3.084000e-03 2.867600e-01
263 7.097160e-01 2.968000e-03 2.873160e-01
264 7.091840e-01 2.908000e-03 2.879080e-01
265 7.085960e-01 2.996000e-03 2.884080e-01
266 7.080800e-01 2.908000e-03 2.890120e-01
267 7.075920e-01 2.868000e-03 2.895400e-01
268 7.070840e-01 2.856000e-03 2.900600e-01
269 7.065920e-01 2.884000e-03 2.905240e-01
270 7.060240e-01 3.040000e-03 2.909360e-01
271 7.054520e-01 3.024000e-03 2.915240e-01
272 7.048240e-01 3.064000e-03 2.921120e-01
273 7.041440e-01 3.180000e-03 2.926760e-01
274 7.035800e-01 3.216000e-03 2.932040e-01
275 7.029480e-01 3.284000e-03 2.937680e-01
276 7.023320e-01 3.284000e-03 2.943840e-01
277 7.016880e-01 3.288000e-03 2.950240e-01
278 7.010720e-01 3.340000e-03 2.955880e-01
279 7.004800e-01 3.288000e-03 2.962320e-01
280 6.999360e-01 3.208000e-03 2.968560e-01
281 6.992840e-01 3.280000e-03 2.974360e-01
282 6.987560e-01 3.176000e-03 2.980680e-01
283 6.982440e-01 3.164000e-03 2.985920e-01
284 6.977200e-01 3.108000e-03 2.991720e-01
285 6.970480e-01 3.272000e-03 2.996800e-01
286 6.964600e-01 3.332000e-03 3.002080e-01
287 6.959000e-01 3.264000e-03 3.008360e-01
288 6.953280e-01 3.228000e-03 3.014440e-01
289 6.947600e-01 3.220000e-03 3.020200e-01
290 6.940840e-01 3.332000e-03 3.025840e-01
291 6.935080e-01 3.328000e-03 3.031640e-01
292 6.929880e-01 3.292000e-03 3.037200e-01
293 6.925200e-01 3.156000e-03 3.043240e-01
294 6.920200e-01 3.184000e-03 3.047960e-01
295 6.914840e-01 3.232000e-03 3.052840e-01
296 6.908760e-01 3.280000e-03 3.058440e-01
297 6.903520e-01 3.220000e-03 3.064280e-01
298 6.898200e-01 3.244000e-03 3.069360e-01
299 6.893840e-01 3.128000e-03 3.074880e-01
300 6.889120e-01 3.096000e-03 3.079920e-01
301 6.885160e-01 2.916000e-03 3.085680e-01
302 6.881080e-01 2.820000e-03 3.090720e-01
303 6.877160e-01 2.740000e-03 3.095440e-01
304 6.873320e-01 2.576000e-03 3.100920e-01
305 6.870080e-01 2.444000e-03 3.105480e-01
306 6.865880e-01 2.408000e-03 3.110040e-01
307 6.862360e-01 2.396000e-03 3.113680e-01
308 6.858080e-01 2.464000e-03 3.117280e-01
309 6.854960e-01 2.356000e-03 3.121480e-01
310 6.850800e-01 2.288000e-03 3.126320e-01
311 6.846920e-01 2.288000e-03 3.130200e-01
312 6.842000e-01 2.376000e-03 3.134240e-01
313 6.837560e-01 2.460000e-03 3.137840e-01
314 6.834000e-01 2.404000e-03 3.141960e-01
315 6.830720e-01 2.360000e-03 3.145680e-01
316 6.825920e-01 2.424000e-03 3.149840e-01
317 6.821880e-01 2.404000e-03 3.154080e-01
318 6.818000e-01 2.420000e-03 3.157800e-01
319 6.812560e-01 2.532000e-03 3.162120e-01
320 6.807320e-01 2.596000e-03 3.166720e-01
321 6.803600e-01 2.524000e-03 3.171160e-01
322 6.799440e-01 2.516000e-03 3.175400e-01
323 6.794880e-01 2.512000e-03 3.180000e-01
324 6.790120e-01 2.528000e-03 3.184600e-01
325 6.785960e-01 2.492000e-03 3.189120e-01
326 6.780920e-01 2.552000e-03 3.193560e-01
327 6.776560e-01 2.472000e-03 3.198720e-01
328 6.773040e-01 2.408000e-03 3.202880e-01
329 6.768960e-01 2.416000e-03 3.206880e-01
330 6.765760e-01 2.320000e-03 3.211040e-01
331 6.762200e-01 2.288000e-03 3.214920e-01
332 6.758040e-01 2.344000e-03 3.218520e-01
333 6.754600e-01 2.300000e-03 3.222400e-01
334 6.751800e-01 2.216000e-03 3.226040e-01
335 6.748880e-01 2.120000e-03 3.229920e-01
336 6.746280e-01 2.024000e-03 3.233480e-01
337 6.743320e-01 2.032000e-03 3.236360e-01
338 6.741360e-01 1.848000e-03 3.240160e-01
339 6.738760e-01 1.780000e-03 3.243440e-01
340 6.736520e-01 1.680000e-03 3.246680e-01
341 6.734000e-01 1.612000e-03 3.249880e-01
342 6.731880e-01 1.536000e-03 3.252760e-01
343 6.730200e-01 1.396000e-03 3.255840e-01
344 6.728160e-01 1.344000e-03 3.258400e-01
345 6.726440e-01 1.296000e-03 3.260600e-01
346 6.724440e-01 1.308000e-03 3.262480e-01
347 6.722880e-01 1.264000e-03 3.264480e-01
348 6.720520e-01 1.332000e-03 3.266160e-01
349 6.718800e-01 1.292000e-03 3.268280e-01
350 6.716760e-01 1.264000e-03 3.270600e-01
351 6.714400e-01 1.284000e-03 3.272760e-01
352 6.712720e-01 1.248000e-03 3.274800e-01
353 6.710160e-01 1.292000e-03 3.276920e-01
354 6.707480e-01 1.284000e-03 3.279680e-01
355 6.705040e-01 1.312000e-03 3.281840e-01
356 6.702800e-01 1.280000e-03 3.284400e-01
357 6.700960e-01 1.228000e-03 3.286760e-01
358 6.699240e-01 1.224000e-03 3.288520e-01
359 6.697240e-01 1.224000e-03 3.290520e-01
360 6.695440e-01 1.124000e-03 3.293320e-01
361 6.694120e-01 1.048000e-03 3.295400e-01
362 6.692160e-01 1.044000e-03 3.297400e-01
363 6.690880e-01 9.680000e-04 3.299440e-01
364 6.689240e-01 9.800000e-04 3.300960e-01
365 6.688040e-01 9.200000e-04 3.302760e-01
366 6.686800e-01 9.280000e-04 3.303920e-01
367 6.685440e-01 9.520000e-04 3.305040e-01
368 6.684000e-01 8.920000e-04 3.307080e-01
369 6.683200e-01 8.200000e-04 3.308600e-01
370 6.682000e-01 7.960000e-04 3.310040e-01
371 6.680960e-01 7.600000e-04 3.311440e-01
372 6.679840e-01 7.160000e-04 3.313000e-01
373 6.678600e-01 6.800000e-04 3.314600e-01
374 6.677520e-01 6.680000e-04 3.315800e-01
375 6.676560e-01 5.920000e-04 3.317520e-01
376 6.675320e-01 6.240000e-04 3.318440e-01
377 6.674240e-01 6.160000e-04 3.319600e-01
378 6.673120e-01 6.080000e-04 3.320800e-01
379 6.671920e-01 6.200000e-04 3.321880e-01
380 6.670720e-01 6.360000e-04 3.322920e-01
381 6.669640e-01 6.120000e-04 3.324240e-01
382 6.668560e-01 6.200000e-04 3.325240e-01
383 6.667360e-01 6.360000e-04 3.326280e-01
384 6.666120e-01 6.480000e-04 3.327400e-01
385 6.664680e-01 6.840000e-04 3.328480e-01
386 6.663280e-01 7.080000e-04 3.329640e-01
387 6.661280e-01 7.680000e-04 3.331040e-01
388 6.659760e-01 7.640000e-04 3.332600e-01
389 6.658120e-01 7.920000e-04 3.333960e-01
390 6.656600e-01 8.200000e-04 3.335200e-01
391 6.655240e-01 8.160000e-04 3.336600e-01
392 6.653960e-01 7.920000e-04 3.338120e-01
393 6.652640e-01 8.040000e-04 3.339320e-01
394 6.651200e-01 7.280000e-04 3.341520e-01
395 6.649560e-01 7.440000e-04 3.343000e-01
396 6.648160e-01 7.440000e-04 3.344400e-01
397 6.646160e-01 8.360000e-04 3.345480e-01
398 6.644520e-01 8.360000e-04 3.347120e-01
399 6.642440e-01 8.720000e-04 3.348840e-01
400 6.640960e-01 8.360000e-04 3.350680e-01
401 6.639520e-01 8.160000e-04 3.352320e-01
402 6.638320e-01 7.840000e-04 3.353840e-01
403 6.637360e-01 7.480000e-04 3.355160e-01
404 6.636080e-01 7.760000e-04 3.356160e-01
405 6.634400e-01 8.280000e-04 3.357320e-01
406 6.633400e-01 7.480000e-04 3.359120e-01
407 6.631480e-01 8.040000e-04 3.360480e-01
408 6.630360e-01 7.880000e-04 3.361760e-01
409 6.629000e-01 7.760000e-04 3.363240e-01
410 6.628000e-01 7.240000e-04 3.364760e-01
411 6.626680e-01 7.400000e-04 3.365920e-01
412 6.625320e-01 7.200000e-04 3.367480e-01
413 6.623960e-01 7.160000e-04 3.368880e-01
414 6.622440e-01 7.600000e-04 3.369960e-01
415 6.621160e-01 7.480000e-04 3.371360e-01
416 6.620080e-01 7.200000e-04 3.372720e-01
417 6.618920e-01 7.000000e-04 3.374080e-01
418 6.618120e-01 6.560000e-04 3.375320e-01
419 6.617120e-01 6.520000e-04 3.376360e-01
420 6.615840e-01 6.520000e-04 3.377640e-01
421 6.615000e-01 6.240000e-04 3.378760e-01
422 6.614200e-01 6.240000e-04 3.379560e-01
423 6.613160e-01 6.200000e-04 3.380640e-01
424 6.612120e-01 6.200000e-04 3.381680e-01
425 6.611280e-01 5.960000e-04 3.382760e-01
426 6.610360e-01 5.920000e-04 3.383720e-01
427 6.608920e-01 6.280000e-04 3.384800e-01
428 6.607680e-01 6.160000e-04 3.386160e-01
429 6.606840e-01 5.800000e-04 3.387360e-01
430 6.605960e-01 5.400000e-04 3.388640e-01
431 6.605200e-01 5.120000e-04 3.389680e-01
432 6.604600e-01 4.680000e-04 3.390720e-01
433 6.603960e-01 4.280000e-04 3.391760e-01
434 6.603480e-01 4.240000e-04 3.392280e-01
435 6.602880e-01 4.200000e-04 3.392920e-01
436 6.601920e-01 4.440000e-04 3.393640e-01
437 6.601640e-01 3.960000e-04 3.394400e-01
438 6.600800e-01 4.080000e-04 3.395120e-01
439 6.600120e-01 4.160000e-04 3.395720e-01
440 6.599360e-01 3.840000e-04 3.396800e-01
441 6.598840e-01 3.600000e-04 3.397560e-01
442 6.598200e-01 3.720000e-04 3.398080e-01
443 6.597200e-01 4.240000e-04 3.398560e-01
444 6.596600e-01 4.080000e-04 3.399320e-01
445 6.595880e-01 4.120000e-04 3.400000e-01
446 6.594960e-01 4.040000e-04 3.401000e-01
447 6.594040e-01 4.400000e-04 3.401560e-01
448 6.593080e-01 4.880000e-04 3.402040e-01
449 6.591920e-01 5.120000e-04 3.402960e-01
450 6.591040e-01 4.920000e-04 3.404040e-01
451 6.590400e-01 4.800000e-04 3.404800e-01
452 6.589640e-01 4.920000e-04 3.405440e-01
453 6.588440e-01 5.000000e-04 3.406560e-01
454 6.587680e-01 4.960000e-04 3.407360e-01
455 6.586840e-01 4.880000e-04 3.408280e-01
456 6.586000e-01 4.880000e-04 3.409120e-01
457 6.585160e-01 4.920000e-04 3.409920e-01
458 6.584200e-01 5.120000e-04 3.410680e-01
459 6.583320e-01 5.360000e-04 3.411320e-01
460 6.582520e-01 5.440000e-04 3.412040e-01
461 6.581440e-01 5.800000e-04 3.412760e-01
462 6.580280e-01 5.920000e-04 3.413800e-01
463 6.579440e-01 5.640000e-04 3.414920e-01
464 6.578840e-01 5.280000e-04 3.415880e-01
465 6.577360e-01 5.680000e-04 3.416960e-01
466 6.576240e-01 6.040000e-04 3.417720e-01
467 6.575440e-01 5.960000e-04 3.418600e-01
468 6.574560e-01 5.960000e-04 3.419480e-01
469 6.573320e-01 6.000000e-04 3.420680e-01
470 6.572280e-01 6.040000e-04 3.421680e-01
471 6.571720e-01 5.520000e-04 3.422760e-01
472 6.570840e-01 5.920000e-04 3.423240e-01
473 6.569800e-01 6.080000e-04 3.424120e-01
474 6.568760e-01 5.920000e-04 3.425320e-01
475 6.567120e-01 6.400000e-04 3.426480e-01
476 6.564520e-01 7.680000e-04 3.427800e-01
477 6.562920e-01 7.960000e-04 3.429120e-01
478 6.561840e-01 7.640000e-04 3.430520e-01
479 6.560200e-01 8.240000e-04 3.431560e-01
480 6.558840e-01 7.520000e-04 3.433640e-01
481 6.557480e-01 7.440000e-04 3.435080e-01
482 6.556520e-01 7.200000e-04 3.436280e-01
483 6.554920e-01 7.440000e-04 3.437640e-01
484 6.553360e-01 8.040000e-04 3.438600e-01
485 6.552200e-01 7.640000e-04 3.440160e-01
486 6.551120e-01 7.280000e-04 3.441600e-01
487 6.549880e-01 7.360000e-04 3.442760e-01
488 6.548240e-01 7.680000e-04 3.444080e-01
489 6.547040e-01 7.840000e-04 3.445120e-01
490 6.545680e-01 7.600000e-04 3.446720e-01
491 6.544240e-01 8.040000e-04 3.447720e-01
492 6.543360e-01 7.440000e-04 3.449200e-01
493 6.542240e-01 7.400000e-04 3.450360e-01
494 6.541000e-01 7.200000e-04 3.451800e-01
495 6.539440e-01 7.600000e-04 3.452960e-01
496 6.538040e-01 7.440000e-04 3.454520e-01
497 6.536480e-01 7.520000e-04 3.456000e-01
498 6.535640e-01 7.160000e-04 3.457200e-01
499 6.534720e-01 6.800000e-04 3.458480e-01
500 6.533880e-01 6.640000e-04 3.459480e-01
