1 9.992320e-01 7.000000e-04 6.800000e-05
2 9.986920e-01 1.092000e-03 2.160000e-04
3 9.981400e-01 1.420000e-03 4.400000e-04
4 9.974640e-01 1.784000e-03 7.520000e-04
5 9.966520e-01 2.252000e-03 1.096000e-03
6 9.958680e-01 2.676000e-03 1.456000e-03
7 9.949120e-01 3.164000e-03 1.924000e-03
8 9.940840e-01 3.356000e-03 2.560000e-03
9 9.932160e-01 3.536000e-03 3.248000e-03
10 9.922520e-01 3.860000e-03 3.888000e-03
11 9.912560e-01 4.092000e-03 4.652000e-03
12 9.903120e-01 4.244000e-03 5.444000e-03
13 9.892160e-01 4.580000e-03 6.204000e-03
14 9.881400e-01 4.868000e-03 6.992000e-03
15 9.870760e-01 5.096000e-03 7.828000e-03
16 9.859640e-01 5.308000e-03 8.728000e-03
17 9.849480e-01 5.356000e-03 9.696000e-03
18 9.838440e-01 5.556000e-03 1.060000e-02
19 9.826240e-01 5.868000e-03 1.150800e-02
20 9.814080e-01 6.140000e-03 1.245200e-02
21 9.801440e-01 6.308000e-03 1.354800e-02
22 9.787800e-01 6.504000e-03 1.471600e-02
23 9.775480e-01 6.588000e-03 1.586400e-02
24 9.761280e-01 6.768000e-03 1.710400e-02
25 9.748440e-01 6.796000e-03 1.836000e-02
26 9.735760e-01 6.924000e-03 1.950000e-02
27 9.722120e-01 7.060000e-03 2.072800e-02
28 9.708560e-01 7.108000e-03 2.203600e-02
29 9.694520e-01 7.196000e-03 2.335200e-02
30 9.680960e-01 7.268000e-03 2.463600e-02
31 9.667200e-01 7.444000e-03 2.583600e-02
32 9.651720e-01 7.632000e-03 2.719600e-02
33 9.637240e-01 7.728000e-03 2.854800e-02
34 9.624000e-01 7.716000e-03 2.988400e-02
35 9.609040e-01 7.900000e-03 3.119600e-02
36 9.594200e-01 7.956000e-03 3.262400e-02
37 9.578760e-01 8.148000e-03 3.397600e-02
38 9.562080e-01 8.420000e-03 3.537200e-02
39 9.546160e-01 8.496000e-03 3.688800e-02
40 9.527920e-01 8.712000e-03 3.849600e-02
41 9.509920e-01 8.908000e-03 4.010000e-02
42 9.493480e-01 9.040000e-03 4.161200e-02
43 9.477520e-01 9.192000e-03 4.305600e-02
44 9.461600e-01 9.092000e-03 4.474800e-02
45 9.444760e-01 9.152000e-03 4.637200e-02
46 9.428000e-01 9.252000e-03 4.794800e-02
47 9.411480e-01 9.280000e-03 4.957200e-02
48 9.394480e-01 9.280000e-03 5.127200e-02
49 9.376840e-01 9.364000e-03 5.295200e-02
50 9.357560e-01 9.644000e-03 5.460000e-02
51 9.341480e-01 9.384000e-03 5.646800e-02
52 9.324160e-01 9.500000e-03 5.808400e-02
53 9.306440e-01 9.596000e-03 5.976000e-02
54 9.289760e-01 9.696000e-03 6.132800e-02
55 9.272440e-01 9.612000e-03 6.314400e-02
56 9.255800e-01 9.480000e-03 6.494000e-02
57 9.238200e-01 9.684000e-03 6.649600e-02
58 9.220520e-01 9.928000e-03 6.802000e-02
59 9.201840e-01 1.000000e-02 6.981600e-02
60 9.183680e-01 1.014400e-02 7.148800e-02
61 9.165760e-01 1.014800e-02 7.327600e-02
62 9.149120e-01 9.904000e-03 7.518400e-02
63 9.131040e-01 9.840000e-03 7.705600e-02
64 9.113920e-01 9.820000e-03 7.878800e-02
65 9.095160e-01 9.932000e-03 8.055200e-02
66 9.078400e-01 9.688000e-03 8.247200e-02
67 9.061960e-01 9.680000e-03 8.412400e-02
68 9.045880e-01 9.612000e-03 8.580000e-02
69 9.028640e-01 9.776000e-03 8.736000e-02
70 9.012360e-01 9.640000e-03 8.912400e-02
71 8.996560e-01 9.632000e-03 9.071200e-02
72 8.979520e-01 9.628000e-03 9.242000e-02
73 8.964680e-01 9.360000e-03 9.417200e-02
74 8.950200e-01 9.168000e-03 9.581200e-02
75 8.935160e-01 8.992000e-03 9.749200e-02
76 8.919000e-01 8.896000e-03 9.920400e-02
77 8.903080e-01 8.968000e-03 1.007240e-01
78 8.886920e-01 9.012000e-03 1.022960e-01
79 8.870560e-01 9.008000e-03 1.039360e-01
80 8.855800e-01 8.964000e-03 1.054560e-01
81 8.839440e-01 9.072000e-03 1.069840e-01
82 8.824720e-01 9.000000e-03 1.085280e-01
83 8.809480e-01 8.972000e-03 1.100800e-01
84 8.791440e-01 9.104000e-03 1.117520e-01
85 8.775280e-01 9.168000e-03 1.133040e-01
86 8.759120e-01 9.176000e-03 1.149120e-01
87 8.743240e-01 9.244000e-03 1.164320e-01
88 8.728360e-01 9.136000e-03 1.180280e-01
89 8.713520e-01 9.060000e-03 1.195880e-01
90 8.698400e-01 8.868000e-03 1.212920e-01
91 8.683440e-01 8.824000e-03 1.228320e-01
92 8.668000e-01 8.760000e-03 1.244400e-01
93 8.654200e-01 8.584000e-03 1.259960e-01
94 8.637680e-01 8.692000e-03 1.275400e-01
95 8.624840e-01 8.532000e-03 1.289840e-01
96 8.609640e-01 8.608000e-03 1.304280e-01
97 8.595480e-01 8.572000e-03 1.318800e-01
98 8.582160e-01 8.384000e-03 1.334000e-01
99 8.568280e-01 8.240000e-03 1.349320e-01
100 8.554240e-01 8.312000e-03 1.362640e-01
101 8.539440e-01 8.356000e-03 1.377000e-01
102 8.524720e-01 8.464000e-03 1.390640e-01
103 8.509720e-01 8.540000e-03 1.404880e-01
104 8.495680e-01 8.540000e-03 1.418920e-01
105 8.481160e-01 8.584000e-03 1.433000e-01
106 8.465400e-01 8.676000e-03 1.447840e-01
107 8.451760e-01 8.484000e-03 1.463400e-01
108 8.438160e-01 8.344000e-03 1.478400e-01
109 8.424000e-01 8.316000e-03 1.492840e-01
110 8.411120e-01 8.128000e-03 1.507600e-01
111 8.395480e-01 8.252000e-03 1.522000e-01
112 8.379440e-01 8.492000e-03 1.535640e-01
113 8.362840e-01 8.592000e-03 1.551240e-01
114 8.346400e-01 8.884000e-03 1.564760e-01
115 8.331160e-01 8.844000e-03 1.580400e-01
116 8.315880e-01 8.884000e-03 1.595280e-01
117 8.301840e-01 8.808000e-03 1.610080e-01
118 8.287200e-01 8.716000e-03 1.625640e-01
119 8.270360e-01 8.812000e-03 1.641520e-01
120 8.255520e-01 8.780000e-03 1.656680e-01
121 8.241160e-01 8.764000e-03 1.671200e-01
122 8.224520e-01 9.036000e-03 1.685120e-01
123 8.211360e-01 8.836000e-03 1.700280e-01
124 8.197080e-01 8.792000e-03 1.715000e-01
125 8.184040e-01 8.484000e-03 1.731120e-01
126 8.169240e-01 8.572000e-03 1.745040e-01
127 8.154120e-01 8.624000e-03 1.759640e-01
128 8.139000e-01 8.700000e-03 1.774000e-01
129 8.125040e-01 8.632000e-03 1.788640e-01
130 8.113160e-01 8.352000e-03 1.803320e-01
131 8.099400e-01 8.196000e-03 1.818640e-01
132 8.085760e-01 8.164000e-03 1.832600e-01
133 8.073880e-01 7.876000e-03 1.847360e-01
134 8.061560e-01 7.788000e-03 1.860560e-01
135 8.047840e-01 7.792000e-03 1.874240e-01
136 8.035360e-01 7.756000e-03 1.887080e-01
137 8.023240e-01 7.588000e-03 1.900880e-01
138 8.010000e-01 7.560000e-03 1.914400e-01
139 7.996840e-01 7.464000e-03 1.928520e-01
140 7.983800e-01 7.428000e-03 1.941920e-01
141 7.971560e-01 7.292000e-03 1.955520e-01
142 7.958720e-01 7.372000e-03 1.967560e-01
143 7.945560e-01 7.400000e-03 1.980440e-01
144 7.931840e-01 7.568000e-03 1.992480e-01
145 7.918640e-01 7.600000e-03 2.005360e-01
146 7.906040e-01 7.572000e-03 2.018240e-01
147 7.892760e-01 7.520000e-03 2.032040e-01
148 7.879600e-01 7.528000e-03 2.045120e-01
149 7.865120e-01 7.748000e-03 2.057400e-01
150 7.850960e-01 7.708000e-03 2.071960e-01
151 7.837440e-01 7.696000e-03 2.085600e-01
152 7.822880e-01 7.764000e-03 2.099480e-01
153 7.809400e-01 7.724000e-03 2.113360e-01
154 7.795960e-01 7.684000e-03 2.127200e-01
155 7.781320e-01 7.832000e-03 2.140360e-01
156 7.768640e-01 7.748000e-03 2.153880e-01
157 7.755760e-01 7.756000e-03 2.166680e-01
158 7.742920e-01 7.672000e-03 2.180360e-01
159 7.728040e-01 7.840000e-03 2.193560e-01
160 7.714760e-01 7.760000e-03 2.207640e-01
161 7.702240e-01 7.636000e-03 2.221400e-01
162 7.687840e-01 7.652000e-03 2.235640e-01
163 7.675480e-01 7.560000e-03 2.248920e-01
164 7.662280e-01 7.640000e-03 2.261320e-01
165 7.650440e-01 7.516000e-03 2.274400e-01
166 7.639920e-01 7.232000e-03 2.287760e-01
167 7.628600e-01 7.204000e-03 2.299360e-01
168 7.617280e-01 7.108000e-03 2.311640e-01
169 7.607200e-01 7.012000e-03 2.322680e-01
170 7.595640e-01 6.880000e-03 2.335560e-01
171 7.585160e-01 6.740000e-03 2.347440e-01
172 7.573280e-01 6.572000e-03 2.361000e-01
173 7.561240e-01 6.560000e-03 2.373160e-01
174 7.549960e-01 6.464000e-03 2.385400e-01
175 7.538520e-01 6.496000e-03 2.396520e-01
176 7.527840e-01 6.508000e-03 2.407080e-01
177 7.515840e-01 6.512000e-03 2.419040e-01
178 7.503880e-01 6.620000e-03 2.429920e-01
179 7.492840e-01 6.644000e-03 2.440720e-01
180 7.480920e-01 6.772000e-03 2.451360e-01
181 7.469120e-01 6.668000e-03 2.464200e-01
182 7.459000e-01 6.524000e-03 2.475760e-01
183 7.447640e-01 6.500000e-03 2.487360e-01
184 7.437960e-01 6.304000e-03 2.499000e-01
185 7.427440e-01 6.280000e-03 2.509760e-01
186 7.417600e-01 6.020000e-03 2.522200e-01
187 7.408560e-01 5.928000e-03 2.532160e-01
188 7.399080e-01 5.856000e-03 2.542360e-01
189 7.390120e-01 5.752000e-03 2.552360e-01
190 7.381240e-01 5.648000e-03 2.562280e-01
191 7.371160e-01 5.568000e-03 2.573160e-01
192 7.362520e-01 5.524000e-03 2.582240e-01
193 7.354160e-01 5.456000e-03 2.591280e-01
194 7.346280e-01 5.360000e-03 2.600120e-01
195 7.336400e-01 5.456000e-03 2.609040e-01
196 7.327000e-01 5.504000e-03 2.617960e-01
197 7.318360e-01 5.420000e-03 2.627440e-01
198 7.309120e-01 5.432000e-03 2.636560e-01
199 7.300040e-01 5.380000e-03 2.646160e-01
200 7.290560e-01 5.388000e-03 2.655560e-01
201 7.281920e-01 5.264000e-03 2.665440e-01
202 7.273680e-01 5.164000e-03 2.674680e-01
203 7.264840e-01 5.120000e-03 2.683960e-01
204 7.255840e-01 5.156000e-03 2.692600e-01
205 7.247920e-01 4.972000e-03 2.702360e-01
206 7.238440e-01 5.068000e-03 2.710880e-01
207 7.229120e-01 5.080000e-03 2.720080e-01
208 7.220960e-01 5.012000e-03 2.728920e-01
209 7.212240e-01 4.960000e-03 2.738160e-01
210 7.204240e-01 4.868000e-03 2.747080e-01
211 7.195680e-01 4.812000e-03 2.756200e-01
212 7.187480e-01 4.848000e-03 2.764040e-01
213 7.179560e-01 4.768000e-03 2.772760e-01
214 7.171600e-01 4.752000e-03 2.780880e-01
215 7.162120e-01 4.856000e-03 2.789320e-01
216 7.154160e-01 4.880000e-03 2.797040e-01
217 7.146600e-01 4.860000e-03 2.804800e-01
218 7.138920e-01 4.756000e-03 2.813520e-01
219 7.131320e-01 4.728000e-03 2.821400e-01
220 7.124080e-01 4.668000e-03 2.829240e-01
221 7.116800e-01 4.556000e-03 2.837640e-01
222 7.110360e-01 4.388000e-03 2.845760e-01
223 7.104240e-01 4.144000e-03 2.854320e-01
224 7.096120e-01 4.156000e-03 2.862320e-01
225 7.089000e-01 4.180000e-03 2.869200e-01
226 7.080360e-01 4.304000e-03 2.876600e-01
227 7.072720e-01 4.276000e-03 2.884520e-01
228 7.065040e-01 4.380000e-03 2.891160e-01
229 7.056240e-01 4.400000e-03 2.899760e-01
230 7.047640e-01 4.512000e-03 2.907240e-01
231 7.039880e-01 4.452000e-03 2.915600e-01
232 7.030880e-01 4.612000e-03 2.923000e-01
233 7.022840e-01 4.540000e-03 2.931760e-01
234 7.014800e-01 4.536000e-03 2.939840e-01
235 7.008080e-01 4.380000e-03 2.948120e-01
236 7.001400e-01 4.312000e-03 2.955480e-01
237 6.993880e-01 4.348000e-03 2.962640e-01
238 6.986000e-01 4.308000e-03 2.970920e-01
239 6.978680e-01 4.312000e-03 2.978200e-01
240 6.971280e-01 4.304000e-03 2.985680e-01
241 6.964320e-01 4.208000e-03 2.993600e-01
242 6.957840e-01 4.080000e-03 3.001360e-01
243 6.951600e-01 4.008000e-03 3.008320e-01
244 6.945760e-01 3.924000e-03 3.015000e-01
245 6.939360e-01 3.948000e-03 3.021160e-01
246 6.932920e-01 3.884000e-03 3.028240e-01
247 6.926280e-01 3.848000e-03 3.035240e-01
248 6.920560e-01 3.752000e-03 3.041920e-01
249 6.916080e-01 3.540000e-03 3.048520e-01
250 6.911320e-01 3.432000e-03 3.054360e-01
251 6.905520e-01 3.408000e-03 3.060400e-01
252 6.899560e-01 3.380000e-03 3.066640e-01
253 6.893520e-01 3.400000e-03 3.072480e-01
254 6.888040e-01 3.332000e-03 3.078640e-01
255 6.882480e-01 3.316000e-03 3.084360e-01
256 6.876880e-01 3.244000e-03 3.090680e-01
257 6.871280e-01 3.292000e-03 3.095800e-01
258 6.865480e-01 3.248000e-03 3.102040e-01
259 6.860040e-01 3.224000e-03 3.107720e-01
260 6.854680e-01 3.080000e-03 3.114520e-01
261 6.849520e-01 2.980000e-03 3.120680e-01
262 6.844760e-01 3.060000e-03 3.124640e-01
263 6.839280e-01 3.116000e-03 3.129560e-01
264 6.833240e-01 3.140000e-03 3.135360e-01
265 6.827920e-01 3.180000e-03 3.140280e-01
266 6.823120e-01 3.176000e-03 3.145120e-01
267 6.818160e-01 3.164000e-03 3.150200e-01
268 6.812520e-01 3.220000e-03 3.155280e-01
269 6.808000e-01 3.092000e-03 3.161080e-01
270 6.803480e-01 2.992000e-03 3.166600e-01
271 6.797920e-01 2.980000e-03 3.172280e-01
272 6.793400e-01 2.948000e-03 3.177120e-01
273 6.788640e-01 2.932000e-03 3.182040e-01
274 6.783880e-01 2.952000e-03 3.186600e-01
275 6.778800e-01 2.944000e-03 3.191760e-01
276 6.774160e-01 2.864000e-03 3.197200e-01
277 6.769000e-01 2.908000e-03 3.201920e-01
278 6.764920e-01 2.800000e-03 3.207080e-01
279 6.759840e-01 2.836000e-03 3.211800e-01
280 6.754960e-01 2.828000e-03 3.216760e-01
281 6.750320e-01 2.752000e-03 3.222160e-01
282 6.745000e-01 2.796000e-03 3.227040e-01
283 6.739480e-01 2.872000e-03 3.231800e-01
284 6.735200e-01 2.804000e-03 3.236760e-01
285 6.730680e-01 2.752000e-03 3.241800e-01
286 6.725840e-01 2.748000e-03 3.246680e-01
287 6.721360e-01 2.744000e-03 3.251200e-01
288 6.715400e-01 2.896000e-03 3.255640e-01
289 6.709480e-01 2.916000e-03 3.261360e-01
290 6.703440e-01 3.076000e-03 3.265800e-01
291 6.697880e-01 3.040000e-03 3.271720e-01
292 6.693040e-01 2.984000e-03 3.277120e-01
293 6.688280e-01 2.960000e-03 3.282120e-01
294 6.683960e-01 2.892000e-03 3.287120e-01
295 6.679800e-01 2.740000e-03 3.292800e-01
296 6.675840e-01 2.732000e-03 3.296840e-01
297 6.671440e-01 2.700000e-03 3.301560e-01
298 6.666480e-01 2.796000e-03 3.305560e-01
299 6.661240e-01 2.844000e-03 3.310320e-01
300 6.655240e-01 2.952000e-03 3.315240e-01
301 6.649320e-01 3.052000e-03 3.320160e-01
302 6.644120e-01 2.992000e-03 3.325960e-01
303 6.639960e-01 2.828000e-03 3.331760e-01
304 6.635480e-01 2.816000e-03 3.336360e-01
305 6.630640e-01 2.804000e-03 3.341320e-01
306 6.626080e-01 2.744000e-03 3.346480e-01
307 6.621080e-01 2.760000e-03 3.351320e-01
308 6.615600e-01 2.800000e-03 3.356400e-01
309 6.610560e-01 2.808000e-03 3.361360e-01
310 6.605560e-01 2.824000e-03 3.366200e-01
311 6.601480e-01 2.780000e-03 3.370720e-01
312 6.597000e-01 2.728000e-03 3.375720e-01
313 6.592920e-01 2.632000e-03 3.380760e-01
314 6.588720e-01 2.668000e-03 3.384600e-01
315 6.584240e-01 2.644000e-03 3.389320e-01
316 6.580640e-01 2.544000e-03 3.393920e-01
317 6.576640e-01 2.504000e-03 3.398320e-01
318 6.572800e-01 2.480000e-03 3.402400e-01
319 6.568640e-01 2.460000e-03 3.406760e-01
320 6.564880e-01 2.504000e-03 3.410080e-01
321 6.559760e-01 2.576000e-03 3.414480e-01
322 6.556000e-01 2.476000e-03 3.419240e-01
323 6.551840e-01 2.472000e-03 3.423440e-01
324 6.547640e-01 2.428000e-03 3.428080e-01
325 6.543680e-01 2.388000e-03 3.432440e-01
326 6.539720e-01 2.316000e-03 3.437120e-01
327 6.536280e-01 2.312000e-03 3.440600e-01
328 6.532360e-01 2.312000e-03 3.444520e-01
329 6.528640e-01 2.252000e-03 3.448840e-01
330 6.524680e-01 2.224000e-03 3.453080e-01
331 6.520160e-01 2.364000e-03 3.456200e-01
332 6.516520e-01 2.288000e-03 3.460600e-01
333 6.512800e-01 2.264000e-03 3.464560e-01
334 6.509360e-01 2.256000e-03 3.468080e-01
335 6.505880e-01 2.252000e-03 3.471600e-01
336 6.502680e-01 2.228000e-03 3.475040e-01
337 6.499280e-01 2.116000e-03 3.479560e-01
338 6.495760e-01 2.136000e-03 3.482880e-01
339 6.492520e-01 2.092000e-03 3.486560e-01
340 6.489240e-01 2.060000e-03 3.490160e-01
341 6.485600e-01 2.072000e-03 3.493680e-01
342 6.482160e-01 2.060000e-03 3.497240e-01
343 6.477840e-01 2.132000e-03 3.500840e-01
344 6.474000e-01 2.108000e-03 3.504920e-01
345 6.470240e-01 2.112000e-03 3.508640e-01
346 6.466240e-01 2.184000e-03 3.511920e-01
347 6.462320e-01 2.204000e-03 3.515640e-01
348 6.459080e-01 2.092000e-03 3.520000e-01
349 6.455560e-01 2.024000e-03 3.524200e-01
350 6.452920e-01 1.856000e-03 3.528520e-01
351 6.450160e-01 1.804000e-03 3.531800e-01
352 6.447240e-01 1.816000e-03 3.534600e-01
353 6.444200e-01 1.788000e-03 3.537920e-01
354 6.440240e-01 1.888000e-03 3.540880e-01
355 6.436680e-01 1.892000e-03 3.544400e-01
356 6.432960e-01 1.940000e-03 3.547640e-01
357 6.428880e-01 2.008000e-03 3.551040e-01
358 6.426040e-01 1.984000e-03 3.554120e-01
359 6.423000e-01 1.940000e-03 3.557600e-01
360 6.419240e-01 1.988000e-03 3.560880e-01
361 6.414600e-01 2.084000e-03 3.564560e-01
362 6.410880e-01 2.056000e-03 3.568560e-01
363 6.407880e-01 2.012000e-03 3.572000e-01
364 6.404680e-01 2.020000e-03 3.575120e-01
365 6.401240e-01 1.948000e-03 3.579280e-01
366 6.397520e-01 1.956000e-03 3.582920e-01
367 6.393320e-01 2.072000e-03 3.585960e-01
368 6.389560e-01 2.088000e-03 3.589560e-01
369 6.386280e-01 2.116000e-03 3.592560e-01
370 6.383920e-01 1.996000e-03 3.596120e-01
371 6.380400e-01 2.044000e-03 3.599160e-01
372 6.377760e-01 1.960000e-03 3.602640e-01
373 6.375440e-01 1.856000e-03 3.606000e-01
374 6.371600e-01 1.928000e-03 3.609120e-01
375 6.368640e-01 1.840000e-03 3.612960e-01
376 6.366960e-01 1.780000e-03 3.615240e-01
377 6.363440e-01 1.792000e-03 3.618640e-01
378 6.360720e-01 1.756000e-03 3.621720e-01
379 6.358240e-01 1.720000e-03 3.624560e-01
380 6.354560e-01 1.824000e-03 3.627200e-01
381 6.351160e-01 1.872000e-03 3.630120e-01
382 6.348480e-01 1.888000e-03 3.632640e-01
383 6.345960e-01 1.792000e-03 3.636120e-01
384 6.343720e-01 1.636000e-03 3.639920e-01
385 6.341280e-01 1.612000e-03 3.642600e-01
386 6.338840e-01 1.588000e-03 3.645280e-01
387 6.336000e-01 1.548000e-03 3.648520e-01
388 6.333720e-01 1.544000e-03 3.650840e-01
389 6.331720e-01 1.424000e-03 3.654040e-01
390 6.328520e-01 1.516000e-03 3.656320e-01
391 6.325920e-01 1.540000e-03 3.658680e-01
392 6.323600e-01 1.520000e-03 3.661200e-01
393 6.321440e-01 1.468000e-03 3.663880e-01
394 6.319480e-01 1.404000e-03 3.666480e-01
395 6.316720e-01 1.416000e-03 3.669120e-01
396 6.314080e-01 1.476000e-03 3.671160e-01
397 6.311320e-01 1.504000e-03 3.673640e-01
398 6.308680e-01 1.504000e-03 3.676280e-01
399 6.306120e-01 1.488000e-03 3.679000e-01
400 6.304240e-01 1.420000e-03 3.681560e-01
401 6.301800e-01 1.388000e-03 3.684320e-01
402 6.299760e-01 1.320000e-03 3.687040e-01
403 6.297560e-01 1.336000e-03 3.689080e-01
404 6.295680e-01 1.308000e-03 3.691240e-01
405 6.293560e-01 1.232000e-03 3.694120e-01
406 6.291720e-01 1.212000e-03 3.696160e-01
407 6.289640e-01 1.164000e-03 3.698720e-01
408 6.287920e-01 1.100000e-03 3.701080e-01
409 6.286440e-01 1.060000e-03 3.702960e-01
410 6.285000e-01 1.024000e-03 3.704760e-01
411 6.283480e-01 9.760000e-04 3.706760e-01
412 6.282080e-01 9.720000e-04 3.708200e-01
413 6.280880e-01 9.360000e-04 3.709760e-01
414 6.278840e-01 9.680000e-04 3.711480e-01
415 6.276640e-01 1.008000e-03 3.713280e-01
416 6.275000e-01 1.044000e-03 3.714560e-01
417 6.273760e-01 9.960000e-04 3.716280e-01
418 6.272200e-01 1.000000e-03 3.717800e-01
419 6.270920e-01 9.480000e-04 3.719600e-01
420 6.269560e-01 9.240000e-04 3.721200e-01
421 6.267800e-01 9.720000e-04 3.722480e-01
422 6.266240e-01 9.760000e-04 3.724000e-01
423 6.264880e-01 9.480000e-04 3.725640e-01
424 6.263280e-01 9.440000e-04 3.727280e-01
425 6.261920e-01 9.360000e-04 3.728720e-01
426 6.260760e-01 9.040000e-04 3.730200e-01
427 6.259720e-01 8.080000e-04 3.732200e-01
428 6.258320e-01 8.280000e-04 3.733400e-01
429 6.257320e-01 7.640000e-04 3.735040e-01
430 6.256400e-01 7.200000e-04 3.736400e-01
431 6.255640e-01 6.680000e-04 3.737680e-01
432 6.254240e-01 6.960000e-04 3.738800e-01
433 6.253240e-01 6.640000e-04 3.740120e-01
434 6.252160e-01 6.600000e-04 3.741240e-01
435 6.250960e-01 6.520000e-04 3.742520e-01
436 6.249320e-01 6.920000e-04 3.743760e-01
437 6.247880e-01 7.040000e-04 3.745080e-01
438 6.246440e-01 7.000000e-04 3.746560e-01
439 6.245120e-01 7.120000e-04 3.747760e-01
440 6.243800e-01 7.440000e-04 3.748760e-01
441 6.242480e-01 6.880000e-04 3.750640e-01
442 6.240960e-01 7.000000e-04 3.752040e-01
443 6.239480e-01 7.640000e-04 3.752880e-01
444 6.238480e-01 6.920000e-04 3.754600e-01
445 6.237760e-01 6.040000e-04 3.756200e-01
446 6.236440e-01 5.920000e-04 3.757640e-01
447 6.235840e-01 5.520000e-04 3.758640e-01
448 6.234680e-01 5.840000e-04 3.759480e-01
449 6.233640e-01 5.840000e-04 3.760520e-01
450 6.232520e-01 6.200000e-04 3.761280e-01
451 6.231440e-01 6.280000e-04 3.762280e-01
452 6.230120e-01 6.320000e-04 3.763560e-01
453 6.229440e-01 6.200000e-04 3.764360e-01
454 6.228800e-01 5.760000e-04 3.765440e-01
455 6.228280e-01 5.200000e-04 3.766520e-01
456 6.227800e-01 4.840000e-04 3.767360e-01
457 6.227120e-01 4.760000e-04 3.768120e-01
458 6.226160e-01 4.640000e-04 3.769200e-01
459 6.225320e-01 4.800000e-04 3.769880e-01
460 6.224720e-01 4.680000e-04 3.770600e-01
461 6.223600e-01 5.000000e-04 3.771400e-01
462 6.222600e-01 5.320000e-04 3.772080e-01
463 6.221840e-01 5.360000e-04 3.772800e-01
464 6.221040e-01 5.040000e-04 3.773920e-01
465 6.220600e-01 4.560000e-04 3.774840e-01
466 6.219960e-01 4.160000e-04 3.775880e-01
467 6.219240e-01 4.080000e-04 3.776680e-01
468 6.218720e-01 4.160000e-04 3.777120e-01
469 6.218040e-01 4.040000e-04 3.777920e-01
470 6.217560e-01 3.720000e-04 3.778720e-01
471 6.216760e-01 4.000000e-04 3.779240e-01
472 6.216320e-01 3.600000e-04 3.780080e-01
473 6.215680e-01 3.920000e-04 3.780400e-01
474 6.215200e-01 3.920000e-04 3.780880e-01
475 6.214280e-01 4.280000e-04 3.781440e-01
476 6.213320e-01 4.480000e-04 3.782200e-01
477 6.212560e-01 4.320000e-04 3.783120e-01
478 6.212080e-01 4.000000e-04 3.783920e-01
479 6.211720e-01 3.440000e-04 3.784840e-01
480 6.211360e-01 3.480000e-04 3.785160e-01
481 6.210960e-01 3.000000e-04 3.786040e-01
482 6.210760e-01 2.640000e-04 3.786600e-01
483 6.210600e-01 2.320000e-04 3.787080e-01
484 6.210280e-01 2.400000e-04 3.787320e-01
485 6.210120e-01 2.120000e-04 3.787760e-01
486 6.209840e-01 2.040000e-04 3.788120e-01
487 6.209720e-01 1.880000e-04 3.788400e-01
488 6.209600e-01 1.640000e-04 3.788760e-01
489 6.209400e-01 1.560000e-04 3.789040e-01
490 6.209280e-01 1.480000e-04 3.789240e-01
491 6.209120e-01 1.560000e-04 3.789320e-01
492 6.208760e-01 1.640000e-04 3.789600e-01
493 6.208760e-01 1.440000e-04 3.789800e-01
494 6.208640e-01 1.440000e-04 3.789920e-01
495 6.208440e-01 1.400000e-04 3.790160e-01
496 6.208280e-01 1.320000e-04 3.790400e-01
497 6.208080e-01 1.280000e-04 3.790640e-01
498 6.207960e-01 1.080000e-04 3.790960e-01
499 6.207720e-01 1.120000e-04 3.791160e-01
500 6.207320e-01 1.440000e-04 3.791240e-01
