1 9.991680e-01 7.320000e-04 1.000000e-04
2 9.986480e-01 1.100000e-03 2.520000e-04
3 9.978920e-01 1.656000e-03 4.520000e-04
4 9.970920e-01 2.060000e-03 8.480000e-04
5 9.963440e-01 2.412000e-03 1.244000e-03
6 9.955160e-01 2.828000e-03 1.656000e-03
7 9.947160e-01 3.180000e-03 2.104000e-03
8 9.937280e-01 3.540000e-03 2.732000e-03
9 9.927080e-01 3.888000e-03 3.404000e-03
10 9.917640e-01 4.092000e-03 4.144000e-03
11 9.907000e-01 4.440000e-03 4.860000e-03
12 9.896640e-01 4.676000e-03 5.660000e-03
13 9.884880e-01 5.104000e-03 6.408000e-03
14 9.873440e-01 5.332000e-03 7.324000e-03
15 9.861480e-01 5.616000e-03 8.236000e-03
16 9.850720e-01 5.700000e-03 9.228000e-03
17 9.838400e-01 5.920000e-03 1.024000e-02
18 9.826640e-01 6.024000e-03 1.131200e-02
19 9.813440e-01 6.288000e-03 1.236800e-02
20 9.801000e-01 6.340000e-03 1.356000e-02
21 9.787480e-01 6.544000e-03 1.470800e-02
22 9.775000e-01 6.604000e-03 1.589600e-02
23 9.761720e-01 6.844000e-03 1.698400e-02
24 9.748760e-01 6.968000e-03 1.815600e-02
25 9.734960e-01 7.088000e-03 1.941600e-02
26 9.722400e-01 7.084000e-03 2.067600e-02
27 9.708800e-01 7.184000e-03 2.193600e-02
28 9.695920e-01 7.176000e-03 2.323200e-02
29 9.682880e-01 7.300000e-03 2.441200e-02
30 9.669480e-01 7.356000e-03 2.569600e-02
31 9.655280e-01 7.420000e-03 2.705200e-02
32 9.642120e-01 7.432000e-03 2.835600e-02
33 9.627720e-01 7.572000e-03 2.965600e-02
34 9.612640e-01 7.760000e-03 3.097600e-02
35 9.597320e-01 7.760000e-03 3.250800e-02
36 9.583920e-01 7.816000e-03 3.379200e-02
37 9.568680e-01 8.080000e-03 3.505200e-02
38 9.555640e-01 7.980000e-03 3.645600e-02
39 9.541240e-01 8.076000e-03 3.780000e-02
40 9.524960e-01 8.268000e-03 3.923600e-02
41 9.508960e-01 8.396000e-03 4.070800e-02
42 9.493920e-01 8.484000e-03 4.212400e-02
43 9.478840e-01 8.504000e-03 4.361200e-02
44 9.463600e-01 8.448000e-03 4.519200e-02
45 9.447280e-01 8.480000e-03 4.679200e-02
46 9.429680e-01 8.780000e-03 4.825200e-02
47 9.414040e-01 8.812000e-03 4.978400e-02
48 9.397840e-01 8.888000e-03 5.132800e-02
49 9.381520e-01 8.956000e-03 5.289200e-02
50 9.366120e-01 8.944000e-03 5.444400e-02
51 9.350920e-01 9.032000e-03 5.587600e-02
52 9.334240e-01 9.032000e-03 5.754400e-02
53 9.318000e-01 9.000000e-03 5.920000e-02
54 9.304280e-01 8.772000e-03 6.080000e-02
55 9.288680e-01 8.856000e-03 6.227600e-02
56 9.272480e-01 8.940000e-03 6.381200e-02
57 9.256960e-01 9.024000e-03 6.528000e-02
58 9.238400e-01 9.300000e-03 6.686000e-02
59 9.220680e-01 9.456000e-03 6.847600e-02
60 9.204800e-01 9.424000e-03 7.009600e-02
61 9.187480e-01 9.568000e-03 7.168400e-02
62 9.169840e-01 9.544000e-03 7.347200e-02
63 9.153800e-01 9.492000e-03 7.512800e-02
64 9.136320e-01 9.628000e-03 7.674000e-02
65 9.120720e-01 9.536000e-03 7.839200e-02
66 9.104360e-01 9.516000e-03 8.004800e-02
67 9.087680e-01 9.616000e-03 8.161600e-02
68 9.071360e-01 9.608000e-03 8.325600e-02
69 9.055320e-01 9.644000e-03 8.482400e-02
70 9.040080e-01 9.504000e-03 8.648800e-02
71 9.025120e-01 9.540000e-03 8.794800e-02
72 9.010320e-01 9.300000e-03 8.966800e-02
73 8.994480e-01 9.280000e-03 9.127200e-02
74 8.980320e-01 9.208000e-03 9.276000e-02
75 8.964680e-01 9.204000e-03 9.432800e-02
76 8.949560e-01 9.024000e-03 9.602000e-02
77 8.935360e-01 8.880000e-03 9.758400e-02
78 8.918280e-01 9.068000e-03 9.910400e-02
79 8.903600e-01 8.768000e-03 1.008720e-01
80 8.888680e-01 8.756000e-03 1.023760e-01
81 8.872800e-01 8.776000e-03 1.039440e-01
82 8.858280e-01 8.696000e-03 1.054760e-01
83 8.843160e-01 8.620000e-03 1.070640e-01
84 8.825840e-01 8.836000e-03 1.085800e-01
85 8.809480e-01 9.000000e-03 1.100520e-01
86 8.793680e-01 8.980000e-03 1.116520e-01
87 8.777600e-01 8.968000e-03 1.132720e-01
88 8.761320e-01 9.152000e-03 1.147160e-01
89 8.746280e-01 9.088000e-03 1.162840e-01
90 8.730120e-01 9.016000e-03 1.179720e-01
91 8.713400e-01 9.052000e-03 1.196080e-01
92 8.696760e-01 9.092000e-03 1.212320e-01
93 8.680720e-01 9.124000e-03 1.228040e-01
94 8.664680e-01 9.204000e-03 1.243280e-01
95 8.647760e-01 9.292000e-03 1.259320e-01
96 8.633320e-01 9.120000e-03 1.275480e-01
97 8.616640e-01 9.120000e-03 1.292160e-01
98 8.600880e-01 9.108000e-03 1.308040e-01
99 8.585760e-01 8.924000e-03 1.325000e-01
100 8.570480e-01 8.852000e-03 1.341000e-01
101 8.555360e-01 8.872000e-03 1.355920e-01
102 8.538760e-01 9.040000e-03 1.370840e-01
103 8.522120e-01 9.156000e-03 1.386320e-01
104 8.506520e-01 9.184000e-03 1.401640e-01
105 8.489840e-01 9.208000e-03 1.418080e-01
106 8.472560e-01 9.256000e-03 1.434880e-01
107 8.455760e-01 9.424000e-03 1.450000e-01
108 8.439680e-01 9.412000e-03 1.466200e-01
109 8.423720e-01 9.324000e-03 1.483040e-01
110 8.409160e-01 9.216000e-03 1.498680e-01
111 8.394040e-01 9.160000e-03 1.514360e-01
112 8.377600e-01 9.244000e-03 1.529960e-01
113 8.361920e-01 9.244000e-03 1.545640e-01
114 8.347480e-01 9.076000e-03 1.561760e-01
115 8.331040e-01 9.096000e-03 1.578000e-01
116 8.316080e-01 8.960000e-03 1.594320e-01
117 8.300040e-01 8.944000e-03 1.610520e-01
118 8.286240e-01 8.836000e-03 1.625400e-01
119 8.271880e-01 8.800000e-03 1.640120e-01
120 8.257760e-01 8.648000e-03 1.655760e-01
121 8.242520e-01 8.640000e-03 1.671080e-01
122 8.228000e-01 8.692000e-03 1.685080e-01
123 8.212720e-01 8.720000e-03 1.700080e-01
124 8.198120e-01 8.700000e-03 1.714880e-01
125 8.184000e-01 8.612000e-03 1.729880e-01
126 8.170800e-01 8.536000e-03 1.743840e-01
127 8.156120e-01 8.468000e-03 1.759200e-01
128 8.141600e-01 8.420000e-03 1.774200e-01
129 8.125840e-01 8.568000e-03 1.788480e-01
130 8.110600e-01 8.656000e-03 1.802840e-01
131 8.096120e-01 8.528000e-03 1.818600e-01
132 8.083200e-01 8.328000e-03 1.833520e-01
133 8.068120e-01 8.360000e-03 1.848280e-01
134 8.055120e-01 8.276000e-03 1.862120e-01
135 8.041920e-01 8.096000e-03 1.877120e-01
136 8.026400e-01 8.216000e-03 1.891440e-01
137 8.011480e-01 8.300000e-03 1.905520e-01
138 7.996840e-01 8.388000e-03 1.919280e-01
139 7.983600e-01 8.312000e-03 1.933280e-01
140 7.971000e-01 8.024000e-03 1.948760e-01
141 7.957480e-01 7.948000e-03 1.963040e-01
142 7.943640e-01 8.064000e-03 1.975720e-01
143 7.931080e-01 7.940000e-03 1.989520e-01
144 7.918680e-01 7.784000e-03 2.003480e-01
145 7.906760e-01 7.656000e-03 2.016680e-01
146 7.896120e-01 7.340000e-03 2.030480e-01
147 7.884120e-01 7.220000e-03 2.043680e-01
148 7.873360e-01 6.992000e-03 2.056720e-01
149 7.862360e-01 6.904000e-03 2.068600e-01
150 7.851280e-01 6.820000e-03 2.080520e-01
151 7.839800e-01 6.844000e-03 2.091760e-01
152 7.829360e-01 6.700000e-03 2.103640e-01
153 7.818720e-01 6.624000e-03 2.115040e-01
154 7.807920e-01 6.504000e-03 2.127040e-01
155 7.797040e-01 6.372000e-03 2.139240e-01
156 7.785160e-01 6.572000e-03 2.149120e-01
157 7.773400e-01 6.612000e-03 2.160480e-01
158 7.762160e-01 6.520000e-03 2.172640e-01
159 7.751400e-01 6.444000e-03 2.184160e-01
160 7.741640e-01 6.352000e-03 2.194840e-01
161 7.731480e-01 6.224000e-03 2.206280e-01
162 7.719560e-01 6.288000e-03 2.217560e-01
163 7.708480e-01 6.272000e-03 2.228800e-01
164 7.698160e-01 6.268000e-03 2.239160e-01
165 7.687440e-01 6.264000e-03 2.249920e-01
166 7.677400e-01 6.196000e-03 2.260640e-01
167 7.665920e-01 6.240000e-03 2.271680e-01
168 7.653280e-01 6.316000e-03 2.283560e-01
169 7.640800e-01 6.444000e-03 2.294760e-01
170 7.627600e-01 6.624000e-03 2.306160e-01
171 7.616240e-01 6.764000e-03 2.316120e-01
172 7.602800e-01 6.936000e-03 2.327840e-01
173 7.591400e-01 6.872000e-03 2.339880e-01
174 7.578880e-01 6.880000e-03 2.352320e-01
175 7.567720e-01 6.888000e-03 2.363400e-01
176 7.555280e-01 7.000000e-03 2.374720e-01
177 7.541240e-01 7.208000e-03 2.386680e-01
178 7.527640e-01 7.264000e-03 2.399720e-01
179 7.513800e-01 7.360000e-03 2.412600e-01
180 7.502040e-01 7.164000e-03 2.426320e-01
181 7.490080e-01 7.180000e-03 2.438120e-01
182 7.478360e-01 7.136000e-03 2.450280e-01
183 7.466960e-01 7.048000e-03 2.462560e-01
184 7.455840e-01 6.900000e-03 2.475160e-01
185 7.445760e-01 6.676000e-03 2.487480e-01
186 7.435920e-01 6.488000e-03 2.499200e-01
187 7.424880e-01 6.364000e-03 2.511480e-01
188 7.414600e-01 6.344000e-03 2.521960e-01
189 7.403680e-01 6.344000e-03 2.532880e-01
190 7.393320e-01 6.356000e-03 2.543120e-01
191 7.383680e-01 6.216000e-03 2.554160e-01
192 7.375200e-01 5.984000e-03 2.564960e-01
193 7.365520e-01 5.940000e-03 2.575080e-01
194 7.356080e-01 5.776000e-03 2.586160e-01
195 7.346840e-01 5.644000e-03 2.596720e-01
196 7.336720e-01 5.696000e-03 2.606320e-01
197 7.326600e-01 5.600000e-03 2.617400e-01
198 7.317480e-01 5.552000e-03 2.627000e-01
199 7.308880e-01 5.400000e-03 2.637120e-01
200 7.299720e-01 5.492000e-03 2.645360e-01
201 7.290640e-01 5.536000e-03 2.654000e-01
202 7.280240e-01 5.696000e-03 2.662800e-01
203 7.270720e-01 5.608000e-03 2.673200e-01
204 7.261760e-01 5.512000e-03 2.683120e-01
205 7.251480e-01 5.540000e-03 2.693120e-01
206 7.242240e-01 5.576000e-03 2.702000e-01
207 7.231600e-01 5.672000e-03 2.711680e-01
208 7.222320e-01 5.632000e-03 2.721360e-01
209 7.213760e-01 5.528000e-03 2.730960e-01
210 7.205360e-01 5.376000e-03 2.740880e-01
211 7.196920e-01 5.312000e-03 2.749960e-01
212 7.187520e-01 5.440000e-03 2.758080e-01
213 7.179720e-01 5.252000e-03 2.767760e-01
214 7.170600e-01 5.172000e-03 2.777680e-01
215 7.162800e-01 5.156000e-03 2.785640e-01
216 7.154360e-01 5.108000e-03 2.794560e-01
217 7.146120e-01 5.088000e-03 2.803000e-01
218 7.138720e-01 4.920000e-03 2.812080e-01
219 7.130480e-01 4.888000e-03 2.820640e-01
220 7.122920e-01 4.824000e-03 2.828840e-01
221 7.113520e-01 4.916000e-03 2.837320e-01
222 7.105960e-01 4.764000e-03 2.846400e-01
223 7.096640e-01 4.796000e-03 2.855400e-01
224 7.088080e-01 4.816000e-03 2.863760e-01
225 7.080000e-01 4.776000e-03 2.872240e-01
226 7.072160e-01 4.748000e-03 2.880360e-01
227 7.065080e-01 4.644000e-03 2.888480e-01
228 7.056280e-01 4.820000e-03 2.895520e-01
229 7.048320e-01 4.776000e-03 2.903920e-01
230 7.039440e-01 4.772000e-03 2.912840e-01
231 7.032080e-01 4.656000e-03 2.921360e-01
232 7.023240e-01 4.660000e-03 2.930160e-01
233 7.014600e-01 4.648000e-03 2.938920e-01
234 7.006240e-01 4.656000e-03 2.947200e-01
235 6.998000e-01 4.636000e-03 2.955640e-01
236 6.989120e-01 4.788000e-03 2.963000e-01
237 6.981680e-01 4.688000e-03 2.971440e-01
238 6.974080e-01 4.668000e-03 2.979240e-01
239 6.965720e-01 4.660000e-03 2.987680e-01
240 6.956840e-01 4.716000e-03 2.996000e-01
241 6.949960e-01 4.572000e-03 3.004320e-01
242 6.942200e-01 4.592000e-03 3.011880e-01
243 6.934480e-01 4.548000e-03 3.020040e-01
244 6.927000e-01 4.472000e-03 3.028280e-01
245 6.918320e-01 4.616000e-03 3.035520e-01
246 6.911480e-01 4.600000e-03 3.042520e-01
247 6.902600e-01 4.656000e-03 3.050840e-01
248 6.893880e-01 4.744000e-03 3.058680e-01
249 6.887440e-01 4.472000e-03 3.067840e-01
250 6.880840e-01 4.356000e-03 3.075600e-01
251 6.874560e-01 4.260000e-03 3.082840e-01
252 6.868480e-01 4.160000e-03 3.089920e-01
253 6.861440e-01 4.136000e-03 3.097200e-01
254 6.855280e-01 3.972000e-03 3.105000e-01
255 6.849120e-01 3.936000e-03 3.111520e-01
256 6.843000e-01 3.876000e-03 3.118240e-01
257 6.835800e-01 3.752000e-03 3.126680e-01
258 6.828640e-01 3.796000e-03 3.133400e-01
259 6.822360e-01 3.776000e-03 3.139880e-01
260 6.815320e-01 3.856000e-03 3.146120e-01
261 6.807880e-01 3.964000e-03 3.152480e-01
262 6.802360e-01 3.800000e-03 3.159640e-01
263 6.794760e-01 3.900000e-03 3.166240e-01
264 6.788200e-01 3.852000e-03 3.173280e-01
265 6.781200e-01 3.912000e-03 3.179680e-01
266 6.774320e-01 3.920000e-03 3.186480e-01
267 6.767320e-01 3.900000e-03 3.193680e-01
268 6.760080e-01 3.840000e-03 3.201520e-01
269 6.752560e-01 3.924000e-03 3.208200e-01
270 6.744720e-01 4.044000e-03 3.214840e-01
271 6.737880e-01 4.036000e-03 3.221760e-01
272 6.731120e-01 3.968000e-03 3.229200e-01
273 6.725440e-01 3.832000e-03 3.236240e-01
274 6.720160e-01 3.680000e-03 3.243040e-01
275 6.713080e-01 3.760000e-03 3.249320e-01
276 6.707520e-01 3.684000e-03 3.255640e-01
277 6.700960e-01 3.688000e-03 3.262160e-01
278 6.694120e-01 3.684000e-03 3.269040e-01
279 6.687200e-01 3.640000e-03 3.276400e-01
280 6.680880e-01 3.640000e-03 3.282720e-01
281 6.674600e-01 3.656000e-03 3.288840e-01
282 6.667760e-01 3.756000e-03 3.294680e-01
283 6.661240e-01 3.752000e-03 3.301240e-01
284 6.655480e-01 3.680000e-03 3.307720e-01
285 6.649840e-01 3.660000e-03 3.313560e-01
286 6.644560e-01 3.516000e-03 3.320280e-01
287 6.639160e-01 3.488000e-03 3.325960e-01
288 6.634120e-01 3.372000e-03 3.332160e-01
289 6.629560e-01 3.260000e-03 3.337840e-01
290 6.625240e-01 3.104000e-03 3.343720e-01
291 6.620880e-01 3.024000e-03 3.348880e-01
292 6.616600e-01 2.964000e-03 3.353760e-01
293 6.611400e-01 2.952000e-03 3.359080e-01
294 6.607400e-01 2.812000e-03 3.364480e-01
295 6.603080e-01 2.716000e-03 3.369760e-01
296 6.599040e-01 2.648000e-03 3.374480e-01
297 6.593960e-01 2.672000e-03 3.379320e-01
298 6.589760e-01 2.648000e-03 3.383760e-01
299 6.584560e-01 2.716000e-03 3.388280e-01
300 6.579960e-01 2.704000e-03 3.393000e-01
301 6.575880e-01 2.700000e-03 3.397120e-01
302 6.572000e-01 2.652000e-03 3.401480e-01
303 6.568240e-01 2.560000e-03 3.406160e-01
304 6.564120e-01 2.524000e-03 3.410640e-01
305 6.560240e-01 2.464000e-03 3.415120e-01
306 6.556160e-01 2.372000e-03 3.420120e-01
307 6.552840e-01 2.320000e-03 3.423960e-01
308 6.548800e-01 2.292000e-03 3.428280e-01
309 6.545520e-01 2.200000e-03 3.432480e-01
310 6.542320e-01 2.132000e-03 3.436360e-01
311 6.539280e-01 2.012000e-03 3.440600e-01
312 6.536240e-01 1.972000e-03 3.444040e-01
313 6.532520e-01 2.048000e-03 3.447000e-01
314 6.529800e-01 1.972000e-03 3.450480e-01
315 6.527120e-01 1.916000e-03 3.453720e-01
316 6.524200e-01 1.892000e-03 3.456880e-01
317 6.521560e-01 1.804000e-03 3.460400e-01
318 6.519360e-01 1.700000e-03 3.463640e-01
319 6.517360e-01 1.672000e-03 3.465920e-01
320 6.515160e-01 1.660000e-03 3.468240e-01
321 6.512720e-01 1.600000e-03 3.471280e-01
322 6.510560e-01 1.504000e-03 3.474400e-01
323 6.508640e-01 1.448000e-03 3.476880e-01
324 6.505760e-01 1.476000e-03 3.479480e-01
325 6.503440e-01 1.464000e-03 3.481920e-01
326 6.501560e-01 1.396000e-03 3.484480e-01
327 6.499560e-01 1.292000e-03 3.487520e-01
328 6.497680e-01 1.236000e-03 3.489960e-01
329 6.495760e-01 1.172000e-03 3.492520e-01
330 6.494360e-01 1.140000e-03 3.494240e-01
331 6.492400e-01 1.152000e-03 3.496080e-01
332 6.489440e-01 1.208000e-03 3.498480e-01
333 6.487200e-01 1.200000e-03 3.500800e-01
334 6.484320e-01 1.260000e-03 3.503080e-01
335 6.482280e-01 1.252000e-03 3.505200e-01
336 6.480280e-01 1.212000e-03 3.507600e-01
337 6.478120e-01 1.204000e-03 3.509840e-01
338 6.475880e-01 1.240000e-03 3.511720e-01
339 6.473640e-01 1.232000e-03 3.514040e-01
340 6.471320e-01 1.252000e-03 3.516160e-01
341 6.469600e-01 1.220000e-03 3.518200e-01
342 6.468040e-01 1.156000e-03 3.520400e-01
343 6.466280e-01 1.132000e-03 3.522400e-01
344 6.464560e-01 1.108000e-03 3.524360e-01
345 6.462760e-01 1.128000e-03 3.525960e-01
346 6.460640e-01 1.088000e-03 3.528480e-01
347 6.458320e-01 1.076000e-03 3.530920e-01
348 6.456400e-01 1.076000e-03 3.532840e-01
349 6.454480e-01 1.076000e-03 3.534760e-01
350 6.452880e-01 9.880000e-04 3.537240e-01
351 6.451640e-01 9.560000e-04 3.538800e-01
352 6.451000e-01 8.360000e-04 3.540640e-01
353 6.449840e-01 7.920000e-04 3.542240e-01
354 6.448320e-01 8.080000e-04 3.543600e-01
355 6.447080e-01 7.720000e-04 3.545200e-01
356 6.445240e-01 7.960000e-04 3.546800e-01
357 6.444240e-01 7.160000e-04 3.548600e-01
358 6.442640e-01 7.440000e-04 3.549920e-01
359 6.441960e-01 6.600000e-04 3.551440e-01
360 6.440800e-01 6.520000e-04 3.552680e-01
361 6.439200e-01 6.920000e-04 3.553880e-01
362 6.438160e-01 6.560000e-04 3.555280e-01
363 6.436920e-01 6.840000e-04 3.556240e-01
364 6.435120e-01 7.680000e-04 3.557200e-01
365 6.433720e-01 8.000000e-04 3.558280e-01
366 6.432600e-01 8.160000e-04 3.559240e-01
367 6.431480e-01 7.920000e-04 3.560600e-01
368 6.430520e-01 7.600000e-04 3.561880e-01
369 6.429560e-01 7.040000e-04 3.563400e-01
370 6.428440e-01 7.360000e-04 3.564200e-01
371 6.427440e-01 6.880000e-04 3.565680e-01
372 6.426240e-01 6.600000e-04 3.567160e-01
373 6.424920e-01 6.920000e-04 3.568160e-01
374 6.423840e-01 6.480000e-04 3.569680e-01
375 6.422640e-01 6.520000e-04 3.570840e-01
376 6.421480e-01 6.680000e-04 3.571840e-01
377 6.420240e-01 6.960000e-04 3.572800e-01
378 6.418920e-01 7.000000e-04 3.574080e-01
379 6.417240e-01 7.560000e-04 3.575200e-01
380 6.415960e-01 7.160000e-04 3.576880e-01
381 6.414240e-01 7.080000e-04 3.578680e-01
382 6.412840e-01 7.440000e-04 3.579720e-01
383 6.411840e-01 7.240000e-04 3.580920e-01
384 6.410600e-01 7.560000e-04 3.581840e-01
385 6.409280e-01 7.760000e-04 3.582960e-01
386 6.407880e-01 7.560000e-04 3.584560e-01
387 6.406840e-01 7.200000e-04 3.585960e-01
388 6.406120e-01 6.520000e-04 3.587360e-01
389 6.405040e-01 6.040000e-04 3.588920e-01
390 6.404320e-01 5.640000e-04 3.590040e-01
391 6.403920e-01 5.000000e-04 3.591080e-01
392 6.403320e-01 4.760000e-04 3.591920e-01
393 6.402320e-01 5.000000e-04 3.592680e-01
394 6.401480e-01 5.080000e-04 3.593440e-01
395 6.400200e-01 5.600000e-04 3.594200e-01
396 6.399400e-01 5.200000e-04 3.595400e-01
397 6.397880e-01 5.840000e-04 3.596280e-01
398 6.397000e-01 5.720000e-04 3.597280e-01
399 6.395760e-01 5.960000e-04 3.598280e-01
400 6.394760e-01 5.600000e-04 3.599640e-01
401 6.393600e-01 5.800000e-04 3.600600e-01
402 6.392640e-01 5.760000e-04 3.601600e-01
403 6.391520e-01 5.760000e-04 3.602720e-01
404 6.390560e-01 5.760000e-04 3.603680e-01
405 6.389080e-01 6.160000e-04 3.604760e-01
406 6.387920e-01 6.040000e-04 3.606040e-01
407 6.386560e-01 6.400000e-04 3.607040e-01
408 6.385480e-01 6.560000e-04 3.607960e-01
409 6.384080e-01 6.880000e-04 3.609040e-01
410 6.382520e-01 7.240000e-04 3.610240e-01
411 6.381280e-01 7.120000e-04 3.611600e-01
412 6.379840e-01 7.080000e-04 3.613080e-01
413 6.377960e-01 8.000000e-04 3.614040e-01
414 6.376360e-01 8.160000e-04 3.615480e-01
415 6.374840e-01 8.200000e-04 3.616960e-01
416 6.373680e-01 8.160000e-04 3.618160e-01
417 6.371920e-01 8.600000e-04 3.619480e-01
418 6.370760e-01 8.480000e-04 3.620760e-01
419 6.369000e-01 9.160000e-04 3.621840e-01
420 6.366680e-01 9.520000e-04 3.623800e-01
421 6.365160e-01 9.200000e-04 3.625640e-01
422 6.362840e-01 9.920000e-04 3.627240e-01
423 6.361240e-01 9.920000e-04 3.628840e-01
424 6.359440e-01 1.000000e-03 3.630560e-01
425 6.357320e-01 1.052000e-03 3.632160e-01
426 6.355040e-01 1.068000e-03 3.634280e-01
427 6.353040e-01 1.112000e-03 3.635840e-01
428 6.350920e-01 1.192000e-03 3.637160e-01
429 6.348880e-01 1.196000e-03 3.639160e-01
430 6.347160e-01 1.136000e-03 3.641480e-01
431 6.345320e-01 1.136000e-03 3.643320e-01
432 6.343640e-01 1.132000e-03 3.645040e-01
433 6.341240e-01 1.172000e-03 3.647040e-01
434 6.339640e-01 1.092000e-03 3.649440e-01
435 6.337680e-01 1.108000e-03 3.651240e-01
436 6.336560e-01 1.020000e-03 3.653240e-01
437 6.334920e-01 1.036000e-03 3.654720e-01
438 6.333440e-01 1.012000e-03 3.656440e-01
439 6.331640e-01 9.720000e-04 3.658640e-01
440 6.329960e-01 9.680000e-04 3.660360e-01
441 6.328160e-01 1.012000e-03 3.661720e-01
442 6.326360e-01 9.920000e-04 3.663720e-01
443 6.324280e-01 1.016000e-03 3.665560e-01
444 6.322600e-01 9.560000e-04 3.667840e-01
445 6.320680e-01 1.012000e-03 3.669200e-01
446 6.318880e-01 1.028000e-03 3.670840e-01
447 6.317000e-01 1.036000e-03 3.672640e-01
448 6.315040e-01 1.056000e-03 3.674400e-01
449 6.312720e-01 1.124000e-03 3.676040e-01
450 6.311000e-01 1.112000e-03 3.677880e-01
451 6.308960e-01 1.144000e-03 3.679600e-01
452 6.307000e-01 1.140000e-03 3.681600e-01
453 6.305120e-01 1.116000e-03 3.683720e-01
454 6.303600e-01 1.100000e-03 3.685400e-01
455 6.301520e-01 1.132000e-03 3.687160e-01
456 6.299440e-01 1.172000e-03 3.688840e-01
457 6.297040e-01 1.188000e-03 3.691080e-01
458 6.295160e-01 1.140000e-03 3.693440e-01
459 6.293320e-01 1.132000e-03 3.695360e-01
460 6.291760e-01 1.132000e-03 3.696920e-01
461 6.289920e-01 1.108000e-03 3.699000e-01
462 6.288560e-01 1.048000e-03 3.700960e-01
463 6.286160e-01 1.052000e-03 3.703320e-01
464 6.284440e-01 1.036000e-03 3.705200e-01
465 6.282640e-01 1.016000e-03 3.707200e-01
466 6.280680e-01 1.004000e-03 3.709280e-01
467 6.279440e-01 9.360000e-04 3.711200e-01
468 6.277760e-01 9.360000e-04 3.712880e-01
469 6.276080e-01 9.680000e-04 3.714240e-01
470 6.274520e-01 9.800000e-04 3.715680e-01
471 6.272800e-01 9.760000e-04 3.717440e-01
472 6.270600e-01 1.036000e-03 3.719040e-01
473 6.268760e-01 1.000000e-03 3.721240e-01
474 6.266280e-01 1.048000e-03 3.723240e-01
475 6.264920e-01 9.680000e-04 3.725400e-01
476 6.263240e-01 9.480000e-04 3.727280e-01
477 6.262000e-01 8.920000e-04 3.729080e-01
478 6.260400e-01 9.320000e-04 3.730280e-01
479 6.258720e-01 9.360000e-04 3.731920e-01
480 6.257520e-01 9.400000e-04 3.733080e-01
481 6.255880e-01 9.920000e-04 3.734200e-01
482 6.254200e-01 9.760000e-04 3.736040e-01
483 6.252600e-01 9.720000e-04 3.737680e-01
484 6.250880e-01 9.240000e-04 3.739880e-01
485 6.249080e-01 9.600000e-04 3.741320e-01
486 6.247280e-01 9.800000e-04 3.742920e-01
487 6.245760e-01 9.960000e-04 3.744280e-01
488 6.244200e-01 9.920000e-04 3.745880e-01
489 6.242760e-01 9.720000e-04 3.747520e-01
490 6.240800e-01 1.016000e-03 3.749040e-01
491 6.238920e-01 1.044000e-03 3.750640e-01
492 6.237320e-01 1.024000e-03 3.752440e-01
493 6.235640e-01 1.060000e-03 3.753760e-01
494 6.234040e-01 1.020000e-03 3.755760e-01
495 6.232280e-01 1.052000e-03 3.757200e-01
496 6.230320e-01 1.056000e-03 3.759120e-01
497 6.228040e-01 1.096000e-03 3.761000e-01
498 6.226440e-01 1.072000e-03 3.762840e-01
499 6.224400e-01 1.108000e-03 3.764520e-01
500 6.222040e-01 1.152000e-03 3.766440e-01
