1 9.992320e-01 6.920000e-04 7.600000e-05
2 9.986520e-01 1.136000e-03 2.120000e-04
3 9.978680e-01 1.700000e-03 4.320000e-04
4 9.970840e-01 2.136000e-03 7.800000e-04
5 9.962320e-01 2.576000e-03 1.192000e-03
6 9.953200e-01 3.044000e-03 1.636000e-03
7 9.943560e-01 3.464000e-03 2.180000e-03
8 9.932920e-01 3.780000e-03 2.928000e-03
9 9.922480e-01 4.144000e-03 3.608000e-03
10 9.910240e-01 4.588000e-03 4.388000e-03
11 9.898280e-01 4.932000e-03 5.240000e-03
12 9.886320e-01 5.352000e-03 6.016000e-03
13 9.872960e-01 5.680000e-03 7.024000e-03
14 9.858880e-01 6.148000e-03 7.964000e-03
15 9.845800e-01 6.432000e-03 8.988000e-03
16 9.831000e-01 6.724000e-03 1.017600e-02
17 9.815640e-01 7.004000e-03 1.143200e-02
18 9.801480e-01 7.288000e-03 1.256400e-02
19 9.786800e-01 7.464000e-03 1.385600e-02
20 9.772480e-01 7.640000e-03 1.511200e-02
21 9.758040e-01 7.772000e-03 1.642400e-02
22 9.744040e-01 7.824000e-03 1.777200e-02
23 9.730120e-01 7.744000e-03 1.924400e-02
24 9.716720e-01 7.764000e-03 2.056400e-02
25 9.703360e-01 7.760000e-03 2.190400e-02
26 9.689360e-01 7.788000e-03 2.327600e-02
27 9.675200e-01 7.812000e-03 2.466800e-02
28 9.660200e-01 7.876000e-03 2.610400e-02
29 9.646040e-01 7.936000e-03 2.746000e-02
30 9.632400e-01 7.928000e-03 2.883200e-02
31 9.616960e-01 8.072000e-03 3.023200e-02
32 9.602440e-01 8.088000e-03 3.166800e-02
33 9.587320e-01 8.144000e-03 3.312400e-02
34 9.572400e-01 8.136000e-03 3.462400e-02
35 9.557040e-01 8.228000e-03 3.606800e-02
36 9.543640e-01 8.100000e-03 3.753600e-02
37 9.527240e-01 8.352000e-03 3.892400e-02
38 9.511720e-01 8.352000e-03 4.047600e-02
39 9.497880e-01 8.336000e-03 4.187600e-02
40 9.484680e-01 8.300000e-03 4.323200e-02
41 9.469840e-01 8.384000e-03 4.463200e-02
42 9.453480e-01 8.580000e-03 4.607200e-02
43 9.438720e-01 8.516000e-03 4.761200e-02
44 9.422840e-01 8.532000e-03 4.918400e-02
45 9.406760e-01 8.668000e-03 5.065600e-02
46 9.390240e-01 8.908000e-03 5.206800e-02
47 9.373440e-01 9.056000e-03 5.360000e-02
48 9.357360e-01 9.096000e-03 5.516800e-02
49 9.342200e-01 9.104000e-03 5.667600e-02
50 9.326120e-01 9.172000e-03 5.821600e-02
51 9.309000e-01 9.248000e-03 5.985200e-02
52 9.291440e-01 9.340000e-03 6.151600e-02
53 9.274400e-01 9.496000e-03 6.306400e-02
54 9.258160e-01 9.456000e-03 6.472800e-02
55 9.239600e-01 9.592000e-03 6.644800e-02
56 9.222480e-01 9.564000e-03 6.818800e-02
57 9.205040e-01 9.776000e-03 6.972000e-02
58 9.188640e-01 9.752000e-03 7.138400e-02
59 9.171440e-01 9.840000e-03 7.301600e-02
60 9.154280e-01 9.784000e-03 7.478800e-02
61 9.134320e-01 1.013200e-02 7.643600e-02
62 9.115800e-01 1.015600e-02 7.826400e-02
63 9.097360e-01 1.032400e-02 7.994000e-02
64 9.079320e-01 1.032400e-02 8.174400e-02
65 9.058560e-01 1.053200e-02 8.361200e-02
66 9.039280e-01 1.050800e-02 8.556400e-02
67 9.019440e-01 1.069200e-02 8.736400e-02
68 8.999080e-01 1.078400e-02 8.930800e-02
69 8.979560e-01 1.079600e-02 9.124800e-02
70 8.960480e-01 1.087200e-02 9.308000e-02
71 8.939800e-01 1.101600e-02 9.500400e-02
72 8.920080e-01 1.108800e-02 9.690400e-02
73 8.900640e-01 1.096400e-02 9.897200e-02
74 8.881800e-01 1.090400e-02 1.009160e-01
75 8.863280e-01 1.083200e-02 1.028400e-01
76 8.842120e-01 1.104400e-02 1.047440e-01
77 8.821160e-01 1.124400e-02 1.066400e-01
78 8.799800e-01 1.149600e-02 1.085240e-01
79 8.778920e-01 1.171600e-02 1.103920e-01
80 8.756560e-01 1.182800e-02 1.125160e-01
81 8.737480e-01 1.174000e-02 1.145120e-01
82 8.717760e-01 1.168000e-02 1.165440e-01
83 8.696960e-01 1.176400e-02 1.185400e-01
84 8.674640e-01 1.203200e-02 1.205040e-01
85 8.653480e-01 1.200800e-02 1.226440e-01
86 8.632920e-01 1.191200e-02 1.247960e-01
87 8.612800e-01 1.192800e-02 1.267920e-01
88 8.592280e-01 1.164400e-02 1.291280e-01
89 8.570280e-01 1.194400e-02 1.310280e-01
90 8.548240e-01 1.212000e-02 1.330560e-01
91 8.528680e-01 1.185200e-02 1.352800e-01
92 8.509720e-01 1.163600e-02 1.373920e-01
93 8.490720e-01 1.148800e-02 1.394400e-01
94 8.472200e-01 1.128000e-02 1.415000e-01
95 8.451560e-01 1.134800e-02 1.434960e-01
96 8.433200e-01 1.107200e-02 1.456080e-01
97 8.413920e-01 1.103200e-02 1.475760e-01
98 8.394080e-01 1.111200e-02 1.494800e-01
99 8.376160e-01 1.100000e-02 1.513840e-01
100 8.356880e-01 1.096800e-02 1.533440e-01
101 8.336880e-01 1.101200e-02 1.553000e-01
102 8.318720e-01 1.098400e-02 1.571440e-01
103 8.299040e-01 1.092400e-02 1.591720e-01
104 8.280240e-01 1.102800e-02 1.609480e-01
105 8.263320e-01 1.070000e-02 1.629680e-01
106 8.243680e-01 1.092800e-02 1.647040e-01
107 8.225120e-01 1.093600e-02 1.665520e-01
108 8.206240e-01 1.092400e-02 1.684520e-01
109 8.187680e-01 1.091200e-02 1.703200e-01
110 8.170720e-01 1.068000e-02 1.722480e-01
111 8.154720e-01 1.036000e-02 1.741680e-01
112 8.136720e-01 1.018400e-02 1.761440e-01
113 8.119480e-01 1.027600e-02 1.777760e-01
114 8.103640e-01 1.007600e-02 1.795600e-01
115 8.087440e-01 9.940000e-03 1.813160e-01
116 8.071840e-01 9.624000e-03 1.831920e-01
117 8.055920e-01 9.636000e-03 1.847720e-01
118 8.039920e-01 9.508000e-03 1.865000e-01
119 8.024040e-01 9.428000e-03 1.881680e-01
120 8.008680e-01 9.300000e-03 1.898320e-01
121 7.992960e-01 9.404000e-03 1.913000e-01
122 7.977240e-01 9.296000e-03 1.929800e-01
123 7.961680e-01 9.200000e-03 1.946320e-01
124 7.945880e-01 9.132000e-03 1.962800e-01
125 7.928720e-01 9.272000e-03 1.978560e-01
126 7.913160e-01 9.192000e-03 1.994920e-01
127 7.895800e-01 9.340000e-03 2.010800e-01
128 7.879480e-01 9.356000e-03 2.026960e-01
129 7.863000e-01 9.360000e-03 2.043400e-01
130 7.846800e-01 9.308000e-03 2.060120e-01
131 7.830400e-01 9.368000e-03 2.075920e-01
132 7.815160e-01 9.364000e-03 2.091200e-01
133 7.799600e-01 9.284000e-03 2.107560e-01
134 7.784960e-01 9.028000e-03 2.124760e-01
135 7.769640e-01 9.052000e-03 2.139840e-01
136 7.753600e-01 9.036000e-03 2.156040e-01
137 7.738200e-01 8.928000e-03 2.172520e-01
138 7.721840e-01 9.000000e-03 2.188160e-01
139 7.707440e-01 8.968000e-03 2.202880e-01
140 7.690880e-01 9.168000e-03 2.217440e-01
141 7.675800e-01 9.020000e-03 2.234000e-01
142 7.660760e-01 9.008000e-03 2.249160e-01
143 7.645560e-01 8.928000e-03 2.265160e-01
144 7.630880e-01 8.884000e-03 2.280280e-01
145 7.616280e-01 8.716000e-03 2.296560e-01
146 7.603840e-01 8.432000e-03 2.311840e-01
147 7.591640e-01 8.160000e-03 2.326760e-01
148 7.579160e-01 7.960000e-03 2.341240e-01
149 7.566800e-01 7.848000e-03 2.354720e-01
150 7.554200e-01 7.816000e-03 2.367640e-01
151 7.541720e-01 7.624000e-03 2.382040e-01
152 7.529480e-01 7.464000e-03 2.395880e-01
153 7.518040e-01 7.312000e-03 2.408840e-01
154 7.505920e-01 7.320000e-03 2.420880e-01
155 7.493240e-01 7.316000e-03 2.433600e-01
156 7.479720e-01 7.384000e-03 2.446440e-01
157 7.466280e-01 7.548000e-03 2.458240e-01
158 7.452960e-01 7.616000e-03 2.470880e-01
159 7.439440e-01 7.728000e-03 2.483280e-01
160 7.425040e-01 7.852000e-03 2.496440e-01
161 7.411680e-01 7.724000e-03 2.511080e-01
162 7.397600e-01 7.692000e-03 2.525480e-01
163 7.382760e-01 7.832000e-03 2.538920e-01
164 7.369080e-01 7.840000e-03 2.552520e-01
165 7.354880e-01 8.012000e-03 2.565000e-01
166 7.341000e-01 8.000000e-03 2.579000e-01
167 7.327400e-01 8.044000e-03 2.592160e-01
168 7.313840e-01 7.952000e-03 2.606640e-01
169 7.301280e-01 7.724000e-03 2.621480e-01
170 7.289280e-01 7.448000e-03 2.636240e-01
171 7.277840e-01 7.336000e-03 2.648800e-01
172 7.265960e-01 7.408000e-03 2.659960e-01
173 7.253080e-01 7.504000e-03 2.671880e-01
174 7.241480e-01 7.376000e-03 2.684760e-01
175 7.230440e-01 7.120000e-03 2.698360e-01
176 7.219280e-01 6.992000e-03 2.710800e-01
177 7.208720e-01 6.820000e-03 2.723080e-01
178 7.197800e-01 6.596000e-03 2.736240e-01
179 7.186640e-01 6.584000e-03 2.747520e-01
180 7.175920e-01 6.456000e-03 2.759520e-01
181 7.165200e-01 6.384000e-03 2.770960e-01
182 7.153680e-01 6.332000e-03 2.783000e-01
183 7.145120e-01 6.112000e-03 2.793760e-01
184 7.135960e-01 5.916000e-03 2.804880e-01
185 7.125760e-01 5.968000e-03 2.814560e-01
186 7.114960e-01 5.968000e-03 2.825360e-01
187 7.104880e-01 5.940000e-03 2.835720e-01
188 7.094760e-01 5.964000e-03 2.845600e-01
189 7.083720e-01 5.968000e-03 2.856600e-01
190 7.072800e-01 5.976000e-03 2.867440e-01
191 7.062200e-01 6.128000e-03 2.876520e-01
192 7.052720e-01 6.116000e-03 2.886120e-01
193 7.043120e-01 5.976000e-03 2.897120e-01
194 7.033360e-01 5.900000e-03 2.907640e-01
195 7.023840e-01 5.900000e-03 2.917160e-01
196 7.015560e-01 5.560000e-03 2.928840e-01
197 7.007520e-01 5.428000e-03 2.938200e-01
198 6.997800e-01 5.492000e-03 2.947280e-01
199 6.989160e-01 5.352000e-03 2.957320e-01
200 6.981440e-01 5.152000e-03 2.967040e-01
201 6.973200e-01 5.112000e-03 2.975680e-01
202 6.965120e-01 5.052000e-03 2.984360e-01
203 6.955760e-01 5.200000e-03 2.992240e-01
204 6.948160e-01 4.960000e-03 3.002240e-01
205 6.939880e-01 4.960000e-03 3.010520e-01
206 6.931200e-01 4.984000e-03 3.018960e-01
207 6.923760e-01 4.928000e-03 3.026960e-01
208 6.914320e-01 5.040000e-03 3.035280e-01
209 6.905840e-01 4.964000e-03 3.044520e-01
210 6.897840e-01 4.840000e-03 3.053760e-01
211 6.889880e-01 4.736000e-03 3.062760e-01
212 6.882760e-01 4.588000e-03 3.071360e-01
213 6.875560e-01 4.504000e-03 3.079400e-01
214 6.868720e-01 4.536000e-03 3.085920e-01
215 6.860520e-01 4.612000e-03 3.093360e-01
216 6.852960e-01 4.600000e-03 3.101040e-01
217 6.846680e-01 4.488000e-03 3.108440e-01
218 6.840160e-01 4.428000e-03 3.115560e-01
219 6.833600e-01 4.300000e-03 3.123400e-01
220 6.827080e-01 4.200000e-03 3.130920e-01
221 6.819440e-01 4.244000e-03 3.138120e-01
222 6.812480e-01 4.200000e-03 3.145520e-01
223 6.804560e-01 4.164000e-03 3.153800e-01
224 6.798240e-01 4.108000e-03 3.160680e-01
225 6.792360e-01 4.008000e-03 3.167560e-01
226 6.788240e-01 3.780000e-03 3.173960e-01
227 6.782160e-01 3.784000e-03 3.180000e-01
228 6.776720e-01 3.660000e-03 3.186680e-01
229 6.770600e-01 3.732000e-03 3.192080e-01
230 6.764960e-01 3.620000e-03 3.198840e-01
231 6.759200e-01 3.548000e-03 3.205320e-01
232 6.753280e-01 3.568000e-03 3.211040e-01
233 6.747920e-01 3.452000e-03 3.217560e-01
234 6.741680e-01 3.508000e-03 3.223240e-01
235 6.737000e-01 3.292000e-03 3.230080e-01
236 6.730840e-01 3.256000e-03 3.236600e-01
237 6.724160e-01 3.392000e-03 3.241920e-01
238 6.719200e-01 3.288000e-03 3.247920e-01
239 6.715400e-01 3.068000e-03 3.253920e-01
240 6.710000e-01 3.044000e-03 3.259560e-01
241 6.704000e-01 3.108000e-03 3.264920e-01
242 6.698720e-01 3.084000e-03 3.270440e-01
243 6.693480e-01 3.088000e-03 3.275640e-01
244 6.687560e-01 3.128000e-03 3.281160e-01
245 6.681440e-01 3.148000e-03 3.287080e-01
246 6.676120e-01 3.100000e-03 3.292880e-01
247 6.670480e-01 3.084000e-03 3.298680e-01
248 6.665320e-01 2.976000e-03 3.304920e-01
249 6.659520e-01 3.028000e-03 3.310200e-01
250 6.653520e-01 3.200000e-03 3.314480e-01
251 6.647760e-01 3.192000e-03 3.320320e-01
252 6.642240e-01 3.196000e-03 3.325800e-01
253 6.636040e-01 3.308000e-03 3.330880e-01
254 6.629520e-01 3.352000e-03 3.336960e-01
255 6.623280e-01 3.348000e-03 3.343240e-01
256 6.617600e-01 3.312000e-03 3.349280e-01
257 6.613200e-01 3.208000e-03 3.354720e-01
258 6.607240e-01 3.188000e-03 3.360880e-01
259 6.602160e-01 3.120000e-03 3.366640e-01
260 6.597360e-01 3.100000e-03 3.371640e-01
261 6.592120e-01 3.024000e-03 3.377640e-01
262 6.587760e-01 2.900000e-03 3.383240e-01
263 6.583240e-01 2.836000e-03 3.388400e-01
264 6.577440e-01 2.896000e-03 3.393600e-01
265 6.572120e-01 2.884000e-03 3.399040e-01
266 6.566840e-01 2.932000e-03 3.403840e-01
267 6.561840e-01 3.020000e-03 3.407960e-01
268 6.555840e-01 3.116000e-03 3.413000e-01
269 6.550840e-01 3.056000e-03 3.418600e-01
270 6.546040e-01 3.020000e-03 3.423760e-01
271 6.540800e-01 2.980000e-03 3.429400e-01
272 6.536320e-01 2.900000e-03 3.434680e-01
273 6.531280e-01 2.900000e-03 3.439720e-01
274 6.526280e-01 2.876000e-03 3.444960e-01
275 6.521320e-01 2.912000e-03 3.449560e-01
276 6.517280e-01 2.756000e-03 3.455160e-01
277 6.513040e-01 2.712000e-03 3.459840e-01
278 6.509080e-01 2.612000e-03 3.464800e-01
279 6.505480e-01 2.508000e-03 3.469440e-01
280 6.501400e-01 2.500000e-03 3.473600e-01
281 6.497200e-01 2.480000e-03 3.478000e-01
282 6.492640e-01 2.488000e-03 3.482480e-01
283 6.489120e-01 2.364000e-03 3.487240e-01
284 6.485080e-01 2.400000e-03 3.490920e-01
285 6.481000e-01 2.412000e-03 3.494880e-01
286 6.477240e-01 2.388000e-03 3.498880e-01
287 6.473560e-01 2.332000e-03 3.503120e-01
288 6.468520e-01 2.468000e-03 3.506800e-01
289 6.464080e-01 2.480000e-03 3.511120e-01
290 6.459360e-01 2.516000e-03 3.515480e-01
291 6.455360e-01 2.472000e-03 3.519920e-01
292 6.450600e-01 2.540000e-03 3.524000e-01
293 6.446800e-01 2.576000e-03 3.527440e-01
294 6.443120e-01 2.532000e-03 3.531560e-01
295 6.439240e-01 2.472000e-03 3.536040e-01
296 6.435080e-01 2.456000e-03 3.540360e-01
297 6.431080e-01 2.400000e-03 3.544920e-01
298 6.426920e-01 2.372000e-03 3.549360e-01
299 6.422600e-01 2.392000e-03 3.553480e-01
300 6.418520e-01 2.456000e-03 3.556920e-01
301 6.414040e-01 2.396000e-03 3.562000e-01
302 6.409360e-01 2.376000e-03 3.566880e-01
303 6.405480e-01 2.356000e-03 3.570960e-01
304 6.401160e-01 2.368000e-03 3.575160e-01
305 6.396400e-01 2.388000e-03 3.579720e-01
306 6.392000e-01 2.396000e-03 3.584040e-01
307 6.388520e-01 2.372000e-03 3.587760e-01
308 6.385440e-01 2.224000e-03 3.592320e-01
309 6.382160e-01 2.124000e-03 3.596600e-01
310 6.378520e-01 2.128000e-03 3.600200e-01
311 6.374760e-01 2.132000e-03 3.603920e-01
312 6.371760e-01 2.056000e-03 3.607680e-01
313 6.368600e-01 2.044000e-03 3.610960e-01
314 6.365640e-01 1.956000e-03 3.614800e-01
315 6.363000e-01 1.940000e-03 3.617600e-01
316 6.359280e-01 2.032000e-03 3.620400e-01
317 6.355720e-01 2.032000e-03 3.623960e-01
318 6.352520e-01 1.936000e-03 3.628120e-01
319 6.349600e-01 1.872000e-03 3.631680e-01
320 6.346520e-01 1.844000e-03 3.635040e-01
321 6.344240e-01 1.692000e-03 3.638840e-01
322 6.341640e-01 1.600000e-03 3.642360e-01
323 6.338840e-01 1.516000e-03 3.646000e-01
324 6.335840e-01 1.576000e-03 3.648400e-01
325 6.332960e-01 1.516000e-03 3.651880e-01
326 6.329720e-01 1.536000e-03 3.654920e-01
327 6.326560e-01 1.524000e-03 3.658200e-01
328 6.323880e-01 1.488000e-03 3.661240e-01
329 6.321440e-01 1.416000e-03 3.664400e-01
330 6.318920e-01 1.432000e-03 3.666760e-01
331 6.316560e-01 1.396000e-03 3.669480e-01
332 6.313560e-01 1.456000e-03 3.671880e-01
333 6.311320e-01 1.420000e-03 3.674480e-01
334 6.309000e-01 1.412000e-03 3.676880e-01
335 6.307160e-01 1.324000e-03 3.679600e-01
336 6.305000e-01 1.292000e-03 3.682080e-01
337 6.302520e-01 1.320000e-03 3.684280e-01
338 6.300280e-01 1.308000e-03 3.686640e-01
339 6.297720e-01 1.344000e-03 3.688840e-01
340 6.295120e-01 1.352000e-03 3.691360e-01
341 6.292800e-01 1.392000e-03 3.693280e-01
342 6.289760e-01 1.424000e-03 3.696000e-01
343 6.286960e-01 1.472000e-03 3.698320e-01
344 6.284360e-01 1.468000e-03 3.700960e-01
345 6.282320e-01 1.420000e-03 3.703480e-01
346 6.279640e-01 1.448000e-03 3.705880e-01
347 6.276840e-01 1.440000e-03 3.708760e-01
348 6.274080e-01 1.512000e-03 3.710800e-01
349 6.270360e-01 1.560000e-03 3.714040e-01
350 6.267560e-01 1.552000e-03 3.716920e-01
351 6.265000e-01 1.536000e-03 3.719640e-01
352 6.262080e-01 1.568000e-03 3.722240e-01
353 6.259600e-01 1.568000e-03 3.724720e-01
354 6.256720e-01 1.540000e-03 3.727880e-01
355 6.254200e-01 1.572000e-03 3.730080e-01
356 6.251520e-01 1.508000e-03 3.733400e-01
357 6.249280e-01 1.368000e-03 3.737040e-01
358 6.246880e-01 1.344000e-03 3.739680e-01
359 6.244400e-01 1.376000e-03 3.741840e-01
360 6.242520e-01 1.308000e-03 3.744400e-01
361 6.240200e-01 1.316000e-03 3.746640e-01
362 6.238320e-01 1.292000e-03 3.748760e-01
363 6.236720e-01 1.248000e-03 3.750800e-01
364 6.234760e-01 1.188000e-03 3.753360e-01
365 6.232880e-01 1.152000e-03 3.755600e-01
366 6.230640e-01 1.176000e-03 3.757600e-01
367 6.227960e-01 1.208000e-03 3.759960e-01
368 6.225280e-01 1.308000e-03 3.761640e-01
369 6.223240e-01 1.312000e-03 3.763640e-01
370 6.220600e-01 1.372000e-03 3.765680e-01
371 6.217680e-01 1.460000e-03 3.767720e-01
372 6.215160e-01 1.396000e-03 3.770880e-01
373 6.211640e-01 1.500000e-03 3.773360e-01
374 6.208680e-01 1.512000e-03 3.776200e-01
375 6.205720e-01 1.580000e-03 3.778480e-01
376 6.202720e-01 1.608000e-03 3.781200e-01
377 6.200040e-01 1.556000e-03 3.784400e-01
378 6.197160e-01 1.608000e-03 3.786760e-01
379 6.195120e-01 1.524000e-03 3.789640e-01
380 6.192800e-01 1.480000e-03 3.792400e-01
381 6.190680e-01 1.460000e-03 3.794720e-01
382 6.188680e-01 1.420000e-03 3.797120e-01
383 6.186840e-01 1.376000e-03 3.799400e-01
384 6.183680e-01 1.456000e-03 3.801760e-01
385 6.181120e-01 1.440000e-03 3.804480e-01
386 6.178160e-01 1.444000e-03 3.807400e-01
387 6.175760e-01 1.436000e-03 3.809880e-01
388 6.173560e-01 1.420000e-03 3.812240e-01
389 6.171240e-01 1.376000e-03 3.815000e-01
390 6.168680e-01 1.408000e-03 3.817240e-01
391 6.165640e-01 1.468000e-03 3.819680e-01
392 6.163520e-01 1.388000e-03 3.822600e-01
393 6.161160e-01 1.388000e-03 3.824960e-01
394 6.158640e-01 1.396000e-03 3.827400e-01
395 6.156720e-01 1.360000e-03 3.829680e-01
396 6.154640e-01 1.264000e-03 3.832720e-01
397 6.151800e-01 1.344000e-03 3.834760e-01
398 6.148800e-01 1.392000e-03 3.837280e-01
399 6.147160e-01 1.332000e-03 3.839520e-01
400 6.145000e-01 1.304000e-03 3.841960e-01
401 6.142240e-01 1.320000e-03 3.844560e-01
402 6.139560e-01 1.368000e-03 3.846760e-01
403 6.137000e-01 1.384000e-03 3.849160e-01
404 6.134800e-01 1.380000e-03 3.851400e-01
405 6.133080e-01 1.312000e-03 3.853800e-01
406 6.130920e-01 1.288000e-03 3.856200e-01
407 6.128920e-01 1.268000e-03 3.858400e-01
408 6.126280e-01 1.300000e-03 3.860720e-01
409 6.124240e-01 1.300000e-03 3.862760e-01
410 6.121880e-01 1.316000e-03 3.864960e-01
411 6.119840e-01 1.336000e-03 3.866800e-01
412 6.117240e-01 1.348000e-03 3.869280e-01
413 6.115200e-01 1.360000e-03 3.871200e-01
414 6.113000e-01 1.388000e-03 3.873120e-01
415 6.110240e-01 1.448000e-03 3.875280e-01
416 6.108320e-01 1.396000e-03 3.877720e-01
417 6.106440e-01 1.368000e-03 3.879880e-01
418 6.104160e-01 1.316000e-03 3.882680e-01
419 6.102360e-01 1.300000e-03 3.884640e-01
420 6.100440e-01 1.288000e-03 3.886680e-01
421 6.098600e-01 1.256000e-03 3.888840e-01
422 6.097120e-01 1.172000e-03 3.891160e-01
423 6.095560e-01 1.156000e-03 3.892880e-01
424 6.094120e-01 1.136000e-03 3.894520e-01
425 6.092400e-01 1.088000e-03 3.896720e-01
426 6.090760e-01 1.016000e-03 3.899080e-01
427 6.088840e-01 1.008000e-03 3.901080e-01
428 6.087040e-01 1.020000e-03 3.902760e-01
429 6.085320e-01 1.012000e-03 3.904560e-01
430 6.083160e-01 1.040000e-03 3.906440e-01
431 6.081600e-01 9.920000e-04 3.908480e-01
432 6.080400e-01 9.480000e-04 3.910120e-01
433 6.078960e-01 8.920000e-04 3.912120e-01
434 6.077440e-01 8.880000e-04 3.913680e-01
435 6.076000e-01 8.800000e-04 3.915200e-01
436 6.073960e-01 9.360000e-04 3.916680e-01
437 6.071320e-01 1.032000e-03 3.918360e-01
438 6.069160e-01 1.096000e-03 3.919880e-01
439 6.066960e-01 1.100000e-03 3.922040e-01
440 6.064880e-01 1.112000e-03 3.924000e-01
441 6.063320e-01 1.084000e-03 3.925840e-01
442 6.061120e-01 1.156000e-03 3.927320e-01
443 6.059640e-01 1.092000e-03 3.929440e-01
444 6.057640e-01 1.124000e-03 3.931120e-01
445 6.056000e-01 1.096000e-03 3.933040e-01
446 6.054880e-01 1.004000e-03 3.935080e-01
447 6.053560e-01 9.680000e-04 3.936760e-01
448 6.052360e-01 8.920000e-04 3.938720e-01
449 6.050960e-01 8.760000e-04 3.940280e-01
450 6.049840e-01 8.640000e-04 3.941520e-01
451 6.048360e-01 8.880000e-04 3.942760e-01
452 6.047120e-01 8.520000e-04 3.944360e-01
453 6.046320e-01 7.760000e-04 3.945920e-01
454 6.045200e-01 7.520000e-04 3.947280e-01
455 6.044200e-01 7.280000e-04 3.948520e-01
456 6.043160e-01 7.120000e-04 3.949720e-01
457 6.042160e-01 6.800000e-04 3.951040e-01
458 6.040840e-01 6.960000e-04 3.952200e-01
459 6.039640e-01 7.040000e-04 3.953320e-01
460 6.038360e-01 7.000000e-04 3.954640e-01
461 6.037000e-01 7.200000e-04 3.955800e-01
462 6.035840e-01 7.240000e-04 3.956920e-01
463 6.034640e-01 7.120000e-04 3.958240e-01
464 6.033400e-01 7.000000e-04 3.959600e-01
465 6.032080e-01 7.040000e-04 3.960880e-01
466 6.030920e-01 6.800000e-04 3.962280e-01
467 6.029280e-01 7.440000e-04 3.963280e-01
468 6.028040e-01 7.600000e-04 3.964360e-01
469 6.026840e-01 7.280000e-04 3.965880e-01
470 6.025960e-01 7.320000e-04 3.966720e-01
471 6.024720e-01 7.400000e-04 3.967880e-01
472 6.023560e-01 7.480000e-04 3.968960e-01
473 6.022160e-01 7.280000e-04 3.970560e-01
474 6.021360e-01 6.560000e-04 3.972080e-01
475 6.020120e-01 6.760000e-04 3.973120e-01
476 6.018720e-01 7.000000e-04 3.974280e-01
477 6.017480e-01 7.360000e-04 3.975160e-01
478 6.016280e-01 7.240000e-04 3.976480e-01
479 6.015120e-01 7.360000e-04 3.977520e-01
480 6.014080e-01 7.160000e-04 3.978760e-01
481 6.013200e-01 6.600000e-04 3.980200e-01
482 6.012240e-01 6.680000e-04 3.981080e-01
483 6.011200e-01 6.360000e-04 3.982440e-01
484 6.010600e-01 5.920000e-04 3.983480e-01
485 6.009560e-01 6.160000e-04 3.984280e-01
486 6.008480e-01 6.200000e-04 3.985320e-01
487 6.007880e-01 5.840000e-04 3.986280e-01
488 6.006840e-01 5.720000e-04 3.987440e-01
489 6.004960e-01 6.600000e-04 3.988440e-01
490 6.003160e-01 7.320000e-04 3.989520e-01
491 6.001600e-01 7.680000e-04 3.990720e-01
492 5.999640e-01 8.080000e-04 3.992280e-01
493 5.997280e-01 9.120000e-04 3.993600e-01
494 5.995680e-01 8.720000e-04 3.995600e-01
495 5.994160e-01 8.440000e-04 3.997400e-01
496 5.992440e-01 8.400000e-04 3.999160e-01
497 5.991040e-01 8.480000e-04 4.000480e-01
498 5.989800e-01 8.040000e-04 4.002160e-01
499 5.987960e-01 8.560000e-04 4.003480e-01
500 5.986400e-01 9.000000e-04 4.004600e-01
