1 9.992400e-01 6.600000e-04 1.000000e-04
2 9.987520e-01 9.880000e-04 2.600000e-04
3 9.981640e-01 1.352000e-03 4.840000e-04
4 9.974640e-01 1.816000e-03 7.200000e-04
5 9.967240e-01 2.168000e-03 1.108000e-03
6 9.959040e-01 2.532000e-03 1.564000e-03
7 9.950880e-01 2.944000e-03 1.968000e-03
8 9.941960e-01 3.196000e-03 2.608000e-03
9 9.933080e-01 3.452000e-03 3.240000e-03
10 9.923960e-01 3.728000e-03 3.876000e-03
11 9.914440e-01 3.996000e-03 4.560000e-03
12 9.904400e-01 4.276000e-03 5.284000e-03
13 9.894280e-01 4.520000e-03 6.052000e-03
14 9.885120e-01 4.672000e-03 6.816000e-03
15 9.875240e-01 4.840000e-03 7.636000e-03
16 9.864920e-01 4.996000e-03 8.512000e-03
17 9.853720e-01 5.280000e-03 9.348000e-03
18 9.844000e-01 5.304000e-03 1.029600e-02
19 9.832840e-01 5.460000e-03 1.125600e-02
20 9.820640e-01 5.780000e-03 1.215600e-02
21 9.809400e-01 5.872000e-03 1.318800e-02
22 9.797720e-01 6.072000e-03 1.415600e-02
23 9.785600e-01 6.192000e-03 1.524800e-02
24 9.773040e-01 6.320000e-03 1.637600e-02
25 9.759800e-01 6.488000e-03 1.753200e-02
26 9.746680e-01 6.652000e-03 1.868000e-02
27 9.733280e-01 6.856000e-03 1.981600e-02
28 9.720600e-01 6.968000e-03 2.097200e-02
29 9.706000e-01 7.164000e-03 2.223600e-02
30 9.690720e-01 7.412000e-03 2.351600e-02
31 9.675880e-01 7.596000e-03 2.481600e-02
32 9.660400e-01 7.712000e-03 2.624800e-02
33 9.645680e-01 7.788000e-03 2.764400e-02
34 9.630280e-01 7.992000e-03 2.898000e-02
35 9.614720e-01 8.192000e-03 3.033600e-02
36 9.599320e-01 8.236000e-03 3.183200e-02
37 9.583840e-01 8.368000e-03 3.324800e-02
38 9.568600e-01 8.408000e-03 3.473200e-02
39 9.555000e-01 8.252000e-03 3.624800e-02
40 9.540560e-01 8.352000e-03 3.759200e-02
41 9.526240e-01 8.336000e-03 3.904000e-02
42 9.511440e-01 8.308000e-03 4.054800e-02
43 9.498720e-01 8.152000e-03 4.197600e-02
44 9.482960e-01 8.356000e-03 4.334800e-02
45 9.469280e-01 8.448000e-03 4.462400e-02
46 9.454040e-01 8.524000e-03 4.607200e-02
47 9.439640e-01 8.500000e-03 4.753600e-02
48 9.424600e-01 8.428000e-03 4.911200e-02
49 9.409600e-01 8.512000e-03 5.052800e-02
50 9.394760e-01 8.384000e-03 5.214000e-02
51 9.378760e-01 8.548000e-03 5.357600e-02
52 9.364160e-01 8.552000e-03 5.503200e-02
53 9.348960e-01 8.652000e-03 5.645200e-02
54 9.335680e-01 8.328000e-03 5.810400e-02
55 9.321920e-01 8.124000e-03 5.968400e-02
56 9.308600e-01 7.956000e-03 6.118400e-02
57 9.294160e-01 8.028000e-03 6.255600e-02
58 9.280200e-01 7.976000e-03 6.400400e-02
59 9.268080e-01 7.712000e-03 6.548000e-02
60 9.253640e-01 7.828000e-03 6.680800e-02
61 9.240520e-01 7.784000e-03 6.816400e-02
62 9.224680e-01 7.980000e-03 6.955200e-02
63 9.210760e-01 8.040000e-03 7.088400e-02
64 9.196720e-01 7.916000e-03 7.241200e-02
65 9.182120e-01 7.932000e-03 7.385600e-02
66 9.167520e-01 8.020000e-03 7.522800e-02
67 9.153640e-01 7.884000e-03 7.675200e-02
68 9.138880e-01 7.960000e-03 7.815200e-02
69 9.124920e-01 7.948000e-03 7.956000e-02
70 9.111400e-01 7.876000e-03 8.098400e-02
71 9.097560e-01 7.776000e-03 8.246800e-02
72 9.084800e-01 7.580000e-03 8.394000e-02
73 9.072120e-01 7.460000e-03 8.532800e-02
74 9.060000e-01 7.496000e-03 8.650400e-02
75 9.047520e-01 7.376000e-03 8.787200e-02
76 9.033080e-01 7.556000e-03 8.913600e-02
77 9.020560e-01 7.436000e-03 9.050800e-02
78 9.007040e-01 7.604000e-03 9.169200e-02
79 8.994640e-01 7.528000e-03 9.300800e-02
80 8.981760e-01 7.424000e-03 9.440000e-02
81 8.968040e-01 7.512000e-03 9.568400e-02
82 8.955600e-01 7.460000e-03 9.698000e-02
83 8.942520e-01 7.440000e-03 9.830800e-02
84 8.928920e-01 7.476000e-03 9.963200e-02
85 8.915560e-01 7.428000e-03 1.010160e-01
86 8.900920e-01 7.580000e-03 1.023280e-01
87 8.887560e-01 7.636000e-03 1.036080e-01
88 8.874920e-01 7.496000e-03 1.050120e-01
89 8.861840e-01 7.448000e-03 1.063680e-01
90 8.847560e-01 7.640000e-03 1.076040e-01
91 8.832760e-01 7.656000e-03 1.090680e-01
92 8.820240e-01 7.484000e-03 1.104920e-01
93 8.806960e-01 7.448000e-03 1.118560e-01
94 8.792520e-01 7.544000e-03 1.132040e-01
95 8.778000e-01 7.640000e-03 1.145600e-01
96 8.764000e-01 7.688000e-03 1.159120e-01
97 8.751520e-01 7.604000e-03 1.172440e-01
98 8.739360e-01 7.564000e-03 1.185000e-01
99 8.725920e-01 7.656000e-03 1.197520e-01
100 8.712920e-01 7.540000e-03 1.211680e-01
101 8.698920e-01 7.640000e-03 1.224680e-01
102 8.686720e-01 7.448000e-03 1.238800e-01
103 8.674000e-01 7.364000e-03 1.252360e-01
104 8.660680e-01 7.344000e-03 1.265880e-01
105 8.648240e-01 7.288000e-03 1.278880e-01
106 8.634920e-01 7.352000e-03 1.291560e-01
107 8.621280e-01 7.448000e-03 1.304240e-01
108 8.608520e-01 7.448000e-03 1.317000e-01
109 8.595240e-01 7.536000e-03 1.329400e-01
110 8.582080e-01 7.488000e-03 1.343040e-01
111 8.568280e-01 7.616000e-03 1.355560e-01
112 8.556360e-01 7.520000e-03 1.368440e-01
113 8.544200e-01 7.532000e-03 1.380480e-01
114 8.531520e-01 7.356000e-03 1.394920e-01
115 8.518480e-01 7.396000e-03 1.407560e-01
116 8.506800e-01 7.220000e-03 1.421000e-01
117 8.493960e-01 7.236000e-03 1.433680e-01
118 8.481880e-01 7.252000e-03 1.445600e-01
119 8.470920e-01 7.172000e-03 1.457360e-01
120 8.460400e-01 7.088000e-03 1.468720e-01
121 8.450600e-01 6.884000e-03 1.480560e-01
122 8.438960e-01 6.828000e-03 1.492760e-01
123 8.428440e-01 6.780000e-03 1.503760e-01
124 8.418760e-01 6.580000e-03 1.515440e-01
125 8.409760e-01 6.336000e-03 1.526880e-01
126 8.399560e-01 6.364000e-03 1.536800e-01
127 8.389760e-01 6.208000e-03 1.548160e-01
128 8.378880e-01 6.204000e-03 1.559080e-01
129 8.367800e-01 6.232000e-03 1.569880e-01
130 8.356920e-01 6.200000e-03 1.581080e-01
131 8.345560e-01 6.348000e-03 1.590960e-01
132 8.334840e-01 6.308000e-03 1.602080e-01
133 8.324280e-01 6.196000e-03 1.613760e-01
134 8.312800e-01 6.320000e-03 1.624000e-01
135 8.301920e-01 6.316000e-03 1.634920e-01
136 8.291680e-01 6.248000e-03 1.645840e-01
137 8.281840e-01 6.112000e-03 1.657040e-01
138 8.271520e-01 6.108000e-03 1.667400e-01
139 8.261000e-01 6.168000e-03 1.677320e-01
140 8.251120e-01 6.076000e-03 1.688120e-01
141 8.242000e-01 5.864000e-03 1.699360e-01
142 8.232840e-01 5.736000e-03 1.709800e-01
143 8.222680e-01 5.712000e-03 1.720200e-01
144 8.213000e-01 5.708000e-03 1.729920e-01
145 8.204520e-01 5.596000e-03 1.739520e-01
146 8.195000e-01 5.648000e-03 1.748520e-01
147 8.186560e-01 5.560000e-03 1.757840e-01
148 8.179000e-01 5.308000e-03 1.767920e-01
149 8.170080e-01 5.172000e-03 1.778200e-01
150 8.160080e-01 5.304000e-03 1.786880e-01
151 8.149880e-01 5.372000e-03 1.796400e-01
152 8.139120e-01 5.488000e-03 1.806000e-01
153 8.129560e-01 5.436000e-03 1.816080e-01
154 8.119760e-01 5.568000e-03 1.824560e-01
155 8.109400e-01 5.692000e-03 1.833680e-01
156 8.100160e-01 5.720000e-03 1.842640e-01
157 8.090280e-01 5.708000e-03 1.852640e-01
158 8.082080e-01 5.520000e-03 1.862720e-01
159 8.073200e-01 5.440000e-03 1.872400e-01
160 8.064440e-01 5.368000e-03 1.881880e-01
161 8.054960e-01 5.348000e-03 1.891560e-01
162 8.046280e-01 5.228000e-03 1.901440e-01
163 8.037360e-01 5.236000e-03 1.910280e-01
164 8.029240e-01 5.132000e-03 1.919440e-01
165 8.021240e-01 4.980000e-03 1.928960e-01
166 8.014120e-01 4.824000e-03 1.937640e-01
167 8.006280e-01 4.720000e-03 1.946520e-01
168 7.999320e-01 4.624000e-03 1.954440e-01
169 7.993840e-01 4.376000e-03 1.962400e-01
170 7.986920e-01 4.360000e-03 1.969480e-01
171 7.979680e-01 4.396000e-03 1.976360e-01
172 7.973520e-01 4.236000e-03 1.984120e-01
173 7.965880e-01 4.200000e-03 1.992120e-01
174 7.959880e-01 3.996000e-03 2.000160e-01
175 7.953480e-01 3.976000e-03 2.006760e-01
176 7.946560e-01 3.992000e-03 2.013520e-01
177 7.939840e-01 3.920000e-03 2.020960e-01
178 7.933360e-01 3.852000e-03 2.028120e-01
179 7.926920e-01 3.828000e-03 2.034800e-01
180 7.921280e-01 3.756000e-03 2.041160e-01
181 7.915000e-01 3.632000e-03 2.048680e-01
182 7.907960e-01 3.812000e-03 2.053920e-01
183 7.901240e-01 3.880000e-03 2.059960e-01
184 7.894400e-01 3.844000e-03 2.067160e-01
185 7.887200e-01 3.812000e-03 2.074680e-01
186 7.879480e-01 3.956000e-03 2.080960e-01
187 7.872440e-01 3.940000e-03 2.088160e-01
188 7.866640e-01 3.844000e-03 2.094920e-01
189 7.860600e-01 3.780000e-03 2.101600e-01
190 7.854200e-01 3.792000e-03 2.107880e-01
191 7.847320e-01 3.860000e-03 2.114080e-01
192 7.840680e-01 3.912000e-03 2.120200e-01
193 7.834200e-01 3.908000e-03 2.126720e-01
194 7.827640e-01 3.856000e-03 2.133800e-01
195 7.822080e-01 3.756000e-03 2.140360e-01
196 7.815440e-01 3.800000e-03 2.146560e-01
197 7.809480e-01 3.788000e-03 2.152640e-01
198 7.802280e-01 3.796000e-03 2.159760e-01
199 7.795880e-01 3.784000e-03 2.166280e-01
200 7.788720e-01 3.856000e-03 2.172720e-01
201 7.782960e-01 3.780000e-03 2.179240e-01
202 7.775480e-01 3.908000e-03 2.185440e-01
203 7.767800e-01 4.028000e-03 2.191920e-01
204 7.760920e-01 4.004000e-03 2.199040e-01
205 7.754720e-01 4.012000e-03 2.205160e-01
206 7.748280e-01 3.944000e-03 2.212280e-01
207 7.742640e-01 3.736000e-03 2.220000e-01
208 7.738040e-01 3.540000e-03 2.226560e-01
209 7.731600e-01 3.600000e-03 2.232400e-01
210 7.726240e-01 3.548000e-03 2.238280e-01
211 7.720120e-01 3.556000e-03 2.244320e-01
212 7.714480e-01 3.484000e-03 2.250680e-01
213 7.709200e-01 3.412000e-03 2.256680e-01
214 7.703400e-01 3.400000e-03 2.262600e-01
215 7.697080e-01 3.372000e-03 2.269200e-01
216 7.691920e-01 3.296000e-03 2.275120e-01
217 7.687160e-01 3.168000e-03 2.281160e-01
218 7.682400e-01 3.148000e-03 2.286120e-01
219 7.677200e-01 3.128000e-03 2.291520e-01
220 7.672560e-01 3.072000e-03 2.296720e-01
221 7.667120e-01 3.084000e-03 2.302040e-01
222 7.661800e-01 3.124000e-03 2.306960e-01
223 7.656040e-01 3.228000e-03 2.311680e-01
224 7.650400e-01 3.176000e-03 2.317840e-01
225 7.645040e-01 3.204000e-03 2.322920e-01
226 7.639240e-01 3.224000e-03 2.328520e-01
227 7.633360e-01 3.232000e-03 2.334320e-01
228 7.628200e-01 3.192000e-03 2.339880e-01
229 7.622360e-01 3.216000e-03 2.345480e-01
230 7.617680e-01 3.168000e-03 2.350640e-01
231 7.612480e-01 3.108000e-03 2.356440e-01
232 7.606160e-01 3.124000e-03 2.362600e-01
233 7.600360e-01 3.148000e-03 2.368160e-01
234 7.595640e-01 3.040000e-03 2.373960e-01
235 7.590520e-01 3.036000e-03 2.379120e-01
236 7.585480e-01 3.036000e-03 2.384160e-01
237 7.580640e-01 2.972000e-03 2.389640e-01
238 7.575640e-01 2.928000e-03 2.395080e-01
239 7.570520e-01 2.940000e-03 2.400080e-01
240 7.566160e-01 2.840000e-03 2.405440e-01
241 7.561080e-01 2.888000e-03 2.410040e-01
242 7.555840e-01 2.960000e-03 2.414560e-01
243 7.550640e-01 2.904000e-03 2.420320e-01
244 7.545160e-01 2.996000e-03 2.424880e-01
245 7.539560e-01 3.032000e-03 2.430120e-01
246 7.534320e-01 2.980000e-03 2.435880e-01
247 7.528760e-01 2.972000e-03 2.441520e-01
248 7.523440e-01 3.008000e-03 2.446480e-01
249 7.517200e-01 3.156000e-03 2.451240e-01
250 7.512120e-01 3.008000e-03 2.457800e-01
251 7.507480e-01 2.972000e-03 2.462800e-01
252 7.502280e-01 2.992000e-03 2.467800e-01
253 7.497080e-01 2.904000e-03 2.473880e-01
254 7.492160e-01 2.920000e-03 2.478640e-01
255 7.487720e-01 2.840000e-03 2.483880e-01
256 7.481920e-01 2.992000e-03 2.488160e-01
257 7.476480e-01 3.052000e-03 2.493000e-01
258 7.470760e-01 3.116000e-03 2.498080e-01
259 7.464480e-01 3.212000e-03 2.503400e-01
260 7.459240e-01 3.140000e-03 2.509360e-01
261 7.454760e-01 3.016000e-03 2.515080e-01
262 7.449240e-01 3.040000e-03 2.520360e-01
263 7.444000e-01 3.040000e-03 2.525600e-01
264 7.439040e-01 3.016000e-03 2.530800e-01
265 7.434200e-01 3.032000e-03 2.535480e-01
266 7.428880e-01 3.040000e-03 2.540720e-01
267 7.424080e-01 2.996000e-03 2.545960e-01
268 7.419560e-01 2.924000e-03 2.551200e-01
269 7.415080e-01 2.792000e-03 2.557000e-01
270 7.410440e-01 2.776000e-03 2.561800e-01
271 7.404880e-01 2.932000e-03 2.565800e-01
272 7.399960e-01 2.880000e-03 2.571240e-01
273 7.395160e-01 2.860000e-03 2.576240e-01
274 7.390480e-01 2.844000e-03 2.581080e-01
275 7.386880e-01 2.692000e-03 2.586200e-01
276 7.383160e-01 2.556000e-03 2.591280e-01
277 7.378080e-01 2.528000e-03 2.596640e-01
278 7.374120e-01 2.492000e-03 2.600960e-01
279 7.368800e-01 2.620000e-03 2.605000e-01
280 7.363360e-01 2.708000e-03 2.609560e-01
281 7.358440e-01 2.728000e-03 2.614280e-01
282 7.353080e-01 2.764000e-03 2.619280e-01
283 7.348080e-01 2.792000e-03 2.624000e-01
284 7.342920e-01 2.760000e-03 2.629480e-01
285 7.338240e-01 2.760000e-03 2.634160e-01
286 7.333880e-01 2.792000e-03 2.638200e-01
287 7.329240e-01 2.820000e-03 2.642560e-01
288 7.324240e-01 2.812000e-03 2.647640e-01
289 7.320120e-01 2.708000e-03 2.652800e-01
290 7.314200e-01 2.820000e-03 2.657600e-01
291 7.309120e-01 2.784000e-03 2.663040e-01
292 7.304080e-01 2.764000e-03 2.668280e-01
293 7.300280e-01 2.696000e-03 2.672760e-01
294 7.296600e-01 2.576000e-03 2.677640e-01
295 7.293000e-01 2.496000e-03 2.682040e-01
296 7.289400e-01 2.440000e-03 2.686200e-01
297 7.285120e-01 2.412000e-03 2.690760e-01
298 7.281720e-01 2.268000e-03 2.695600e-01
299 7.277800e-01 2.172000e-03 2.700480e-01
300 7.274880e-01 2.120000e-03 2.703920e-01
301 7.271400e-01 2.084000e-03 2.707760e-01
302 7.267840e-01 2.044000e-03 2.711720e-01
303 7.264600e-01 2.108000e-03 2.714320e-01
304 7.261720e-01 2.064000e-03 2.717640e-01
305 7.257680e-01 2.072000e-03 2.721600e-01
306 7.254280e-01 2.036000e-03 2.725360e-01
307 7.250480e-01 2.044000e-03 2.729080e-01
308 7.246800e-01 2.032000e-03 2.732880e-01
309 7.242920e-01 2.088000e-03 2.736200e-01
310 7.239280e-01 2.132000e-03 2.739400e-01
311 7.236120e-01 2.076000e-03 2.743120e-01
312 7.232800e-01 2.024000e-03 2.746960e-01
313 7.229640e-01 1.976000e-03 2.750600e-01
314 7.226320e-01 1.936000e-03 2.754320e-01
315 7.223200e-01 1.928000e-03 2.757520e-01
316 7.220480e-01 1.784000e-03 2.761680e-01
317 7.217960e-01 1.712000e-03 2.764920e-01
318 7.215440e-01 1.628000e-03 2.768280e-01
319 7.212720e-01 1.660000e-03 2.770680e-01
320 7.210040e-01 1.620000e-03 2.773760e-01
321 7.207440e-01 1.624000e-03 2.776320e-01
322 7.204240e-01 1.628000e-03 2.779480e-01
323 7.200640e-01 1.648000e-03 2.782880e-01
324 7.198040e-01 1.604000e-03 2.785920e-01
325 7.194360e-01 1.736000e-03 2.788280e-01
326 7.191800e-01 1.728000e-03 2.790920e-01
327 7.188720e-01 1.788000e-03 2.793400e-01
328 7.185040e-01 1.856000e-03 2.796400e-01
329 7.181560e-01 1.856000e-03 2.799880e-01
330 7.178680e-01 1.760000e-03 2.803720e-01
331 7.176640e-01 1.700000e-03 2.806360e-01
332 7.173640e-01 1.724000e-03 2.809120e-01
333 7.170720e-01 1.724000e-03 2.812040e-01
334 7.167440e-01 1.748000e-03 2.815080e-01
335 7.165120e-01 1.692000e-03 2.817960e-01
336 7.162280e-01 1.640000e-03 2.821320e-01
337 7.159640e-01 1.652000e-03 2.823840e-01
338 7.157160e-01 1.656000e-03 2.826280e-01
339 7.155080e-01 1.560000e-03 2.829320e-01
340 7.152200e-01 1.520000e-03 2.832600e-01
341 7.149360e-01 1.484000e-03 2.835800e-01
342 7.146360e-01 1.496000e-03 2.838680e-01
343 7.144040e-01 1.488000e-03 2.841080e-01
344 7.141040e-01 1.500000e-03 2.843960e-01
345 7.138680e-01 1.452000e-03 2.846800e-01
346 7.136480e-01 1.432000e-03 2.849200e-01
347 7.134160e-01 1.412000e-03 2.851720e-01
348 7.131720e-01 1.388000e-03 2.854400e-01
349 7.129520e-01 1.348000e-03 2.857000e-01
350 7.127360e-01 1.360000e-03 2.859040e-01
351 7.125080e-01 1.368000e-03 2.861240e-01
352 7.123240e-01 1.352000e-03 2.863240e-01
353 7.121280e-01 1.296000e-03 2.865760e-01
354 7.119080e-01 1.256000e-03 2.868360e-01
355 7.116760e-01 1.300000e-03 2.870240e-01
356 7.114680e-01 1.304000e-03 2.872280e-01
357 7.113080e-01 1.236000e-03 2.874560e-01
358 7.110840e-01 1.216000e-03 2.877000e-01
359 7.109040e-01 1.196000e-03 2.879000e-01
360 7.107640e-01 1.088000e-03 2.881480e-01
361 7.106040e-01 1.112000e-03 2.882840e-01
362 7.104600e-01 1.060000e-03 2.884800e-01
363 7.102680e-01 1.092000e-03 2.886400e-01
364 7.101000e-01 1.068000e-03 2.888320e-01
365 7.098840e-01 1.068000e-03 2.890480e-01
366 7.097040e-01 1.056000e-03 2.892400e-01
367 7.094800e-01 1.144000e-03 2.893760e-01
368 7.092960e-01 1.076000e-03 2.896280e-01
369 7.091400e-01 1.036000e-03 2.898240e-01
370 7.089960e-01 9.920000e-04 2.900120e-01
371 7.088760e-01 9.000000e-04 2.902240e-01
372 7.086920e-01 9.200000e-04 2.903880e-01
373 7.086000e-01 8.800000e-04 2.905200e-01
374 7.084600e-01 8.680000e-04 2.906720e-01
375 7.083120e-01 8.600000e-04 2.908280e-01
376 7.081800e-01 8.360000e-04 2.909840e-01
377 7.080480e-01 8.200000e-04 2.911320e-01
378 7.079000e-01 8.040000e-04 2.912960e-01
379 7.077480e-01 8.120000e-04 2.914400e-01
380 7.076480e-01 7.800000e-04 2.915720e-01
381 7.075280e-01 7.760000e-04 2.916960e-01
382 7.074240e-01 7.200000e-04 2.918560e-01
383 7.073040e-01 7.120000e-04 2.919840e-01
384 7.071760e-01 7.000000e-04 2.921240e-01
385 7.070520e-01 7.200000e-04 2.922280e-01
386 7.069160e-01 7.200000e-04 2.923640e-01
387 7.067680e-01 7.440000e-04 2.924880e-01
388 7.066040e-01 7.480000e-04 2.926480e-01
389 7.065160e-01 7.440000e-04 2.927400e-01
390 7.064040e-01 7.400000e-04 2.928560e-01
391 7.062920e-01 7.400000e-04 2.929680e-01
392 7.061960e-01 6.880000e-04 2.931160e-01
393 7.060360e-01 7.320000e-04 2.932320e-01
394 7.058880e-01 7.480000e-04 2.933640e-01
395 7.057320e-01 7.920000e-04 2.934760e-01
396 7.056360e-01 7.200000e-04 2.936440e-01
397 7.054920e-01 7.640000e-04 2.937440e-01
398 7.053880e-01 7.360000e-04 2.938760e-01
399 7.052720e-01 7.360000e-04 2.939920e-01
400 7.051400e-01 7.520000e-04 2.941080e-01
401 7.050560e-01 7.160000e-04 2.942280e-01
402 7.049080e-01 7.520000e-04 2.943400e-01
403 7.047920e-01 7.160000e-04 2.944920e-01
404 7.046320e-01 7.120000e-04 2.946560e-01
405 7.045280e-01 7.200000e-04 2.947520e-01
406 7.043200e-01 8.240000e-04 2.948560e-01
407 7.041840e-01 7.960000e-04 2.950200e-01
408 7.040720e-01 7.560000e-04 2.951720e-01
409 7.038880e-01 8.080000e-04 2.953040e-01
410 7.037520e-01 8.080000e-04 2.954400e-01
411 7.036480e-01 8.040000e-04 2.955480e-01
412 7.034920e-01 8.000000e-04 2.957080e-01
413 7.033000e-01 8.440000e-04 2.958560e-01
414 7.030920e-01 9.480000e-04 2.959600e-01
415 7.028840e-01 9.880000e-04 2.961280e-01
416 7.026520e-01 1.040000e-03 2.963080e-01
417 7.024400e-01 1.092000e-03 2.964680e-01
418 7.021520e-01 1.200000e-03 2.966480e-01
419 7.018800e-01 1.268000e-03 2.968520e-01
420 7.016320e-01 1.264000e-03 2.971040e-01
421 7.013360e-01 1.320000e-03 2.973440e-01
422 7.011080e-01 1.296000e-03 2.975960e-01
423 7.008040e-01 1.376000e-03 2.978200e-01
424 7.005120e-01 1.420000e-03 2.980680e-01
425 7.002760e-01 1.364000e-03 2.983600e-01
426 7.000600e-01 1.372000e-03 2.985680e-01
427 6.998040e-01 1.336000e-03 2.988600e-01
428 6.995200e-01 1.380000e-03 2.991000e-01
429 6.992800e-01 1.368000e-03 2.993520e-01
430 6.990600e-01 1.424000e-03 2.995160e-01
431 6.988280e-01 1.428000e-03 2.997440e-01
432 6.986160e-01 1.340000e-03 3.000440e-01
433 6.983360e-01 1.376000e-03 3.002880e-01
434 6.980400e-01 1.380000e-03 3.005800e-01
435 6.978200e-01 1.376000e-03 3.008040e-01
436 6.975120e-01 1.440000e-03 3.010480e-01
437 6.972560e-01 1.420000e-03 3.013240e-01
438 6.970080e-01 1.440000e-03 3.015520e-01
439 6.967640e-01 1.472000e-03 3.017640e-01
440 6.964960e-01 1.468000e-03 3.020360e-01
441 6.962600e-01 1.444000e-03 3.022960e-01
442 6.959760e-01 1.472000e-03 3.025520e-01
443 6.957240e-01 1.440000e-03 3.028360e-01
444 6.954280e-01 1.456000e-03 3.031160e-01
445 6.952000e-01 1.376000e-03 3.034240e-01
446 6.949960e-01 1.308000e-03 3.036960e-01
447 6.948160e-01 1.296000e-03 3.038880e-01
448 6.946480e-01 1.252000e-03 3.041000e-01
449 6.944440e-01 1.252000e-03 3.043040e-01
450 6.942160e-01 1.264000e-03 3.045200e-01
451 6.939720e-01 1.320000e-03 3.047080e-01
452 6.937720e-01 1.244000e-03 3.049840e-01
453 6.936240e-01 1.208000e-03 3.051680e-01
454 6.933920e-01 1.236000e-03 3.053720e-01
455 6.931760e-01 1.184000e-03 3.056400e-01
456 6.929760e-01 1.168000e-03 3.058560e-01
457 6.927480e-01 1.192000e-03 3.060600e-01
458 6.924400e-01 1.268000e-03 3.062920e-01
459 6.922240e-01 1.260000e-03 3.065160e-01
460 6.919440e-01 1.336000e-03 3.067200e-01
461 6.917040e-01 1.324000e-03 3.069720e-01
462 6.914080e-01 1.432000e-03 3.071600e-01
463 6.911480e-01 1.424000e-03 3.074280e-01
464 6.909560e-01 1.360000e-03 3.076840e-01
465 6.907400e-01 1.356000e-03 3.079040e-01
466 6.905160e-01 1.332000e-03 3.081520e-01
467 6.903360e-01 1.312000e-03 3.083520e-01
468 6.901120e-01 1.252000e-03 3.086360e-01
469 6.899000e-01 1.220000e-03 3.088800e-01
470 6.896800e-01 1.264000e-03 3.090560e-01
471 6.894960e-01 1.248000e-03 3.092560e-01
472 6.893440e-01 1.168000e-03 3.094880e-01
473 6.891240e-01 1.216000e-03 3.096600e-01
474 6.889680e-01 1.180000e-03 3.098520e-01
475 6.887120e-01 1.208000e-03 3.100800e-01
476 6.884600e-01 1.252000e-03 3.102880e-01
477 6.882360e-01 1.260000e-03 3.105040e-01
478 6.880160e-01 1.276000e-03 3.107080e-01
479 6.878200e-01 1.264000e-03 3.109160e-01
480 6.875840e-01 1.280000e-03 3.111360e-01
481 6.872840e-01 1.384000e-03 3.113320e-01
482 6.870440e-01 1.372000e-03 3.115840e-01
483 6.868640e-01 1.332000e-03 3.118040e-01
484 6.866360e-01 1.320000e-03 3.120440e-01
485 6.864680e-01 1.252000e-03 3.122800e-01
486 6.862520e-01 1.264000e-03 3.124840e-01
487 6.859840e-01 1.324000e-03 3.126920e-01
488 6.858200e-01 1.308000e-03 3.128720e-01
489 6.856200e-01 1.344000e-03 3.130360e-01
490 6.854440e-01 1.268000e-03 3.132880e-01
491 6.853000e-01 1.192000e-03 3.135080e-01
492 6.851280e-01 1.124000e-03 3.137480e-01
493 6.849200e-01 1.100000e-03 3.139800e-01
494 6.847320e-01 1.096000e-03 3.141720e-01
495 6.845440e-01 1.080000e-03 3.143760e-01
496 6.843360e-01 1.100000e-03 3.145640e-01
497 6.841080e-01 1.084000e-03 3.148080e-01
498 6.838960e-01 1.096000e-03 3.150080e-01
499 6.837360e-01 1.036000e-03 3.152280e-01
500 6.835320e-01 1.076000e-03 3.153920e-01
