1 9.992120e-01 6.800000e-04 1.080000e-04
2 9.986800e-01 1.032000e-03 2.880000e-04
3 9.981280e-01 1.412000e-03 4.600000e-04
4 9.973840e-01 1.860000e-03 7.560000e-04
5 9.967200e-01 2.216000e-03 1.064000e-03
6 9.959040e-01 2.700000e-03 1.396000e-03
7 9.950200e-01 3.132000e-03 1.848000e-03
8 9.940040e-01 3.584000e-03 2.412000e-03
9 9.930560e-01 3.940000e-03 3.004000e-03
10 9.919400e-01 4.344000e-03 3.716000e-03
11 9.908840e-01 4.612000e-03 4.504000e-03
12 9.897840e-01 4.840000e-03 5.376000e-03
13 9.887280e-01 4.976000e-03 6.296000e-03
14 9.876120e-01 5.224000e-03 7.164000e-03
15 9.864880e-01 5.440000e-03 8.072000e-03
16 9.852640e-01 5.612000e-03 9.124000e-03
17 9.839560e-01 6.004000e-03 1.004000e-02
18 9.826280e-01 6.300000e-03 1.107200e-02
19 9.813960e-01 6.400000e-03 1.220400e-02
20 9.800600e-01 6.676000e-03 1.326400e-02
21 9.786640e-01 6.928000e-03 1.440800e-02
22 9.773320e-01 6.984000e-03 1.568400e-02
23 9.760320e-01 7.044000e-03 1.692400e-02
24 9.746520e-01 7.268000e-03 1.808000e-02
25 9.731240e-01 7.492000e-03 1.938400e-02
26 9.718480e-01 7.408000e-03 2.074400e-02
27 9.703840e-01 7.532000e-03 2.208400e-02
28 9.689960e-01 7.580000e-03 2.342400e-02
29 9.675640e-01 7.644000e-03 2.479200e-02
30 9.663960e-01 7.532000e-03 2.607200e-02
31 9.650600e-01 7.464000e-03 2.747600e-02
32 9.636840e-01 7.584000e-03 2.873200e-02
33 9.624560e-01 7.588000e-03 2.995600e-02
34 9.610440e-01 7.616000e-03 3.134000e-02
35 9.595680e-01 7.716000e-03 3.271600e-02
36 9.581120e-01 7.708000e-03 3.418000e-02
37 9.566400e-01 7.820000e-03 3.554000e-02
38 9.551240e-01 7.916000e-03 3.696000e-02
39 9.536760e-01 8.016000e-03 3.830800e-02
40 9.519040e-01 8.328000e-03 3.976800e-02
41 9.502800e-01 8.500000e-03 4.122000e-02
42 9.485880e-01 8.696000e-03 4.271600e-02
43 9.469160e-01 8.756000e-03 4.432800e-02
44 9.453120e-01 8.752000e-03 4.593600e-02
45 9.437920e-01 8.828000e-03 4.738000e-02
46 9.421800e-01 8.892000e-03 4.892800e-02
47 9.405400e-01 8.992000e-03 5.046800e-02
48 9.389240e-01 8.996000e-03 5.208000e-02
49 9.371880e-01 9.196000e-03 5.361600e-02
50 9.357320e-01 9.028000e-03 5.524000e-02
51 9.339840e-01 9.112000e-03 5.690400e-02
52 9.323880e-01 9.080000e-03 5.853200e-02
53 9.306600e-01 9.280000e-03 6.006000e-02
54 9.289600e-01 9.308000e-03 6.173200e-02
55 9.271640e-01 9.496000e-03 6.334000e-02
56 9.254680e-01 9.556000e-03 6.497600e-02
57 9.238160e-01 9.548000e-03 6.663600e-02
58 9.221320e-01 9.592000e-03 6.827600e-02
59 9.204120e-01 9.524000e-03 7.006400e-02
60 9.185280e-01 9.728000e-03 7.174400e-02
61 9.167400e-01 9.916000e-03 7.334400e-02
62 9.149840e-01 9.908000e-03 7.510800e-02
63 9.131960e-01 9.992000e-03 7.681200e-02
64 9.113080e-01 1.005600e-02 7.863600e-02
65 9.094360e-01 1.017600e-02 8.038800e-02
66 9.075360e-01 1.041200e-02 8.205200e-02
67 9.056120e-01 1.054400e-02 8.384400e-02
68 9.036520e-01 1.066800e-02 8.568000e-02
69 9.017280e-01 1.070000e-02 8.757200e-02
70 8.996680e-01 1.081200e-02 8.952000e-02
71 8.976840e-01 1.073200e-02 9.158400e-02
72 8.958520e-01 1.064000e-02 9.350800e-02
73 8.940840e-01 1.045200e-02 9.546400e-02
74 8.922040e-01 1.062000e-02 9.717600e-02
75 8.902240e-01 1.076800e-02 9.900800e-02
76 8.883400e-01 1.069200e-02 1.009680e-01
77 8.864880e-01 1.066000e-02 1.028520e-01
78 8.845760e-01 1.075600e-02 1.046680e-01
79 8.827760e-01 1.071600e-02 1.065080e-01
80 8.807600e-01 1.094000e-02 1.083000e-01
81 8.788080e-01 1.090400e-02 1.102880e-01
82 8.767880e-01 1.100800e-02 1.122040e-01
83 8.749080e-01 1.103600e-02 1.140560e-01
84 8.730800e-01 1.087600e-02 1.160440e-01
85 8.711920e-01 1.088000e-02 1.179280e-01
86 8.693640e-01 1.084400e-02 1.197920e-01
87 8.673040e-01 1.117600e-02 1.215200e-01
88 8.653640e-01 1.116000e-02 1.234760e-01
89 8.634920e-01 1.094000e-02 1.255680e-01
90 8.617600e-01 1.068800e-02 1.275520e-01
91 8.601880e-01 1.044400e-02 1.293680e-01
92 8.585280e-01 1.022000e-02 1.312520e-01
93 8.568000e-01 1.014800e-02 1.330520e-01
94 8.551600e-01 1.007200e-02 1.347680e-01
95 8.534160e-01 1.012400e-02 1.364600e-01
96 8.517840e-01 9.884000e-03 1.383320e-01
97 8.500920e-01 9.840000e-03 1.400680e-01
98 8.485640e-01 9.644000e-03 1.417920e-01
99 8.469720e-01 9.508000e-03 1.435200e-01
100 8.454000e-01 9.320000e-03 1.452800e-01
101 8.439000e-01 9.084000e-03 1.470160e-01
102 8.424960e-01 8.988000e-03 1.485160e-01
103 8.409440e-01 9.036000e-03 1.500200e-01
104 8.395880e-01 9.008000e-03 1.514040e-01
105 8.380360e-01 8.956000e-03 1.530080e-01
106 8.364720e-01 8.788000e-03 1.547400e-01
107 8.351560e-01 8.596000e-03 1.562480e-01
108 8.338720e-01 8.368000e-03 1.577600e-01
109 8.324360e-01 8.332000e-03 1.592320e-01
110 8.309200e-01 8.488000e-03 1.605920e-01
111 8.296600e-01 8.340000e-03 1.620000e-01
112 8.282840e-01 8.368000e-03 1.633480e-01
113 8.269360e-01 8.304000e-03 1.647600e-01
114 8.254520e-01 8.256000e-03 1.662920e-01
115 8.238520e-01 8.444000e-03 1.677040e-01
116 8.223680e-01 8.536000e-03 1.690960e-01
117 8.209640e-01 8.336000e-03 1.707000e-01
118 8.196240e-01 8.176000e-03 1.722000e-01
119 8.182480e-01 8.052000e-03 1.737000e-01
120 8.169560e-01 8.104000e-03 1.749400e-01
121 8.156000e-01 7.980000e-03 1.764200e-01
122 8.143880e-01 7.784000e-03 1.778280e-01
123 8.131320e-01 7.628000e-03 1.792400e-01
124 8.118760e-01 7.564000e-03 1.805600e-01
125 8.105880e-01 7.696000e-03 1.817160e-01
126 8.093400e-01 7.632000e-03 1.830280e-01
127 8.079040e-01 7.728000e-03 1.843680e-01
128 8.065880e-01 7.672000e-03 1.857400e-01
129 8.051280e-01 7.712000e-03 1.871600e-01
130 8.039200e-01 7.536000e-03 1.885440e-01
131 8.027440e-01 7.360000e-03 1.898960e-01
132 8.014560e-01 7.360000e-03 1.911840e-01
133 8.002800e-01 7.340000e-03 1.923800e-01
134 7.991080e-01 7.084000e-03 1.938080e-01
135 7.978760e-01 7.012000e-03 1.951120e-01
136 7.968040e-01 6.956000e-03 1.962400e-01
137 7.957240e-01 6.796000e-03 1.974800e-01
138 7.945760e-01 6.668000e-03 1.987560e-01
139 7.935520e-01 6.552000e-03 1.998960e-01
140 7.923920e-01 6.556000e-03 2.010520e-01
141 7.912240e-01 6.580000e-03 2.021960e-01
142 7.901040e-01 6.476000e-03 2.034200e-01
143 7.890720e-01 6.392000e-03 2.045360e-01
144 7.877880e-01 6.572000e-03 2.056400e-01
145 7.865280e-01 6.636000e-03 2.068360e-01
146 7.852280e-01 6.840000e-03 2.079320e-01
147 7.842680e-01 6.608000e-03 2.091240e-01
148 7.830880e-01 6.760000e-03 2.101520e-01
149 7.818840e-01 6.700000e-03 2.114160e-01
150 7.807360e-01 6.688000e-03 2.125760e-01
151 7.796800e-01 6.624000e-03 2.136960e-01
152 7.783720e-01 6.796000e-03 2.148320e-01
153 7.771280e-01 6.744000e-03 2.161280e-01
154 7.759040e-01 6.816000e-03 2.172800e-01
155 7.746080e-01 6.876000e-03 2.185160e-01
156 7.732160e-01 6.968000e-03 2.198160e-01
157 7.720080e-01 7.024000e-03 2.209680e-01
158 7.706360e-01 7.164000e-03 2.222000e-01
159 7.694720e-01 6.980000e-03 2.235480e-01
160 7.683360e-01 7.008000e-03 2.246560e-01
161 7.670800e-01 7.040000e-03 2.258800e-01
162 7.660240e-01 6.856000e-03 2.271200e-01
163 7.648360e-01 6.804000e-03 2.283600e-01
164 7.638040e-01 6.700000e-03 2.294960e-01
165 7.625960e-01 6.776000e-03 2.306280e-01
166 7.614720e-01 6.692000e-03 2.318360e-01
167 7.603080e-01 6.612000e-03 2.330800e-01
168 7.591880e-01 6.584000e-03 2.342280e-01
169 7.580840e-01 6.572000e-03 2.353440e-01
170 7.568920e-01 6.620000e-03 2.364880e-01
171 7.558280e-01 6.432000e-03 2.377400e-01
172 7.546640e-01 6.440000e-03 2.388960e-01
173 7.535040e-01 6.508000e-03 2.399880e-01
174 7.523880e-01 6.412000e-03 2.412000e-01
175 7.511680e-01 6.496000e-03 2.423360e-01
176 7.501040e-01 6.452000e-03 2.434440e-01
177 7.490040e-01 6.380000e-03 2.446160e-01
178 7.480080e-01 6.308000e-03 2.456840e-01
179 7.468560e-01 6.332000e-03 2.468120e-01
180 7.458760e-01 6.220000e-03 2.479040e-01
181 7.449720e-01 6.136000e-03 2.488920e-01
182 7.440240e-01 5.988000e-03 2.499880e-01
183 7.431800e-01 5.792000e-03 2.510280e-01
184 7.422640e-01 5.692000e-03 2.520440e-01
185 7.414040e-01 5.556000e-03 2.530400e-01
186 7.405320e-01 5.528000e-03 2.539400e-01
187 7.396680e-01 5.392000e-03 2.549400e-01
188 7.387680e-01 5.280000e-03 2.559520e-01
189 7.379320e-01 5.136000e-03 2.569320e-01
190 7.370800e-01 5.224000e-03 2.576960e-01
191 7.362760e-01 5.052000e-03 2.586720e-01
192 7.353920e-01 5.108000e-03 2.595000e-01
193 7.345080e-01 5.040000e-03 2.604520e-01
194 7.336160e-01 5.164000e-03 2.612200e-01
195 7.326920e-01 5.188000e-03 2.621200e-01
196 7.316840e-01 5.360000e-03 2.629560e-01
197 7.308640e-01 5.320000e-03 2.638160e-01
198 7.298640e-01 5.304000e-03 2.648320e-01
199 7.288760e-01 5.324000e-03 2.658000e-01
200 7.280080e-01 5.340000e-03 2.666520e-01
201 7.270600e-01 5.392000e-03 2.675480e-01
202 7.261960e-01 5.284000e-03 2.685200e-01
203 7.254160e-01 5.184000e-03 2.694000e-01
204 7.246040e-01 5.100000e-03 2.702960e-01
205 7.238080e-01 5.028000e-03 2.711640e-01
206 7.230360e-01 4.908000e-03 2.720560e-01
207 7.223520e-01 4.804000e-03 2.728440e-01
208 7.216000e-01 4.628000e-03 2.737720e-01
209 7.208280e-01 4.512000e-03 2.746600e-01
210 7.200960e-01 4.472000e-03 2.754320e-01
211 7.194840e-01 4.288000e-03 2.762280e-01
212 7.188520e-01 4.208000e-03 2.769400e-01
213 7.181720e-01 4.172000e-03 2.776560e-01
214 7.174240e-01 4.128000e-03 2.784480e-01
215 7.167440e-01 4.060000e-03 2.791960e-01
216 7.159760e-01 4.088000e-03 2.799360e-01
217 7.152520e-01 4.060000e-03 2.806880e-01
218 7.144680e-01 4.144000e-03 2.813880e-01
219 7.137400e-01 4.184000e-03 2.820760e-01
220 7.129320e-01 4.200000e-03 2.828680e-01
221 7.121600e-01 4.244000e-03 2.835960e-01
222 7.114720e-01 4.336000e-03 2.841920e-01
223 7.107240e-01 4.412000e-03 2.848640e-01
224 7.099160e-01 4.444000e-03 2.856400e-01
225 7.091000e-01 4.516000e-03 2.863840e-01
226 7.083240e-01 4.456000e-03 2.872200e-01
227 7.076920e-01 4.372000e-03 2.879360e-01
228 7.070040e-01 4.236000e-03 2.887600e-01
229 7.063600e-01 4.100000e-03 2.895400e-01
230 7.058000e-01 4.020000e-03 2.901800e-01
231 7.051080e-01 4.060000e-03 2.908320e-01
232 7.045440e-01 3.860000e-03 2.915960e-01
233 7.040360e-01 3.680000e-03 2.922840e-01
234 7.036080e-01 3.544000e-03 2.928480e-01
235 7.030920e-01 3.544000e-03 2.933640e-01
236 7.026280e-01 3.404000e-03 2.939680e-01
237 7.021800e-01 3.256000e-03 2.945640e-01
238 7.017640e-01 3.016000e-03 2.952200e-01
239 7.013960e-01 2.848000e-03 2.957560e-01
240 7.009760e-01 2.780000e-03 2.962440e-01
241 7.005680e-01 2.648000e-03 2.967840e-01
242 7.001360e-01 2.556000e-03 2.973080e-01
243 6.996960e-01 2.488000e-03 2.978160e-01
244 6.992480e-01 2.472000e-03 2.982800e-01
245 6.989320e-01 2.360000e-03 2.987080e-01
246 6.984720e-01 2.396000e-03 2.991320e-01
247 6.980720e-01 2.352000e-03 2.995760e-01
248 6.976440e-01 2.400000e-03 2.999560e-01
249 6.971920e-01 2.452000e-03 3.003560e-01
250 6.967840e-01 2.488000e-03 3.007280e-01
251 6.963040e-01 2.516000e-03 3.011800e-01
252 6.959520e-01 2.400000e-03 3.016480e-01
253 6.955760e-01 2.352000e-03 3.020720e-01
254 6.951680e-01 2.324000e-03 3.025080e-01
255 6.947360e-01 2.356000e-03 3.029080e-01
256 6.943080e-01 2.416000e-03 3.032760e-01
257 6.938960e-01 2.456000e-03 3.036480e-01
258 6.934880e-01 2.408000e-03 3.041040e-01
259 6.930000e-01 2.380000e-03 3.046200e-01
260 6.926240e-01 2.348000e-03 3.050280e-01
261 6.921520e-01 2.392000e-03 3.054560e-01
262 6.916920e-01 2.400000e-03 3.059080e-01
263 6.911760e-01 2.504000e-03 3.063200e-01
264 6.906560e-01 2.560000e-03 3.067840e-01
265 6.901200e-01 2.632000e-03 3.072480e-01
266 6.895920e-01 2.788000e-03 3.076200e-01
267 6.889960e-01 2.956000e-03 3.080480e-01
268 6.883960e-01 3.012000e-03 3.085920e-01
269 6.878320e-01 2.888000e-03 3.092800e-01
270 6.872520e-01 2.920000e-03 3.098280e-01
271 6.867920e-01 2.892000e-03 3.103160e-01
272 6.862840e-01 2.848000e-03 3.108680e-01
273 6.857400e-01 2.892000e-03 3.113680e-01
274 6.852280e-01 2.904000e-03 3.118680e-01
275 6.846200e-01 3.012000e-03 3.123680e-01
276 6.840800e-01 3.024000e-03 3.128960e-01
277 6.836040e-01 2.952000e-03 3.134440e-01
278 6.831720e-01 2.868000e-03 3.139600e-01
279 6.827200e-01 2.756000e-03 3.145240e-01
280 6.822480e-01 2.760000e-03 3.149920e-01
281 6.817480e-01 2.772000e-03 3.154800e-01
282 6.812600e-01 2.820000e-03 3.159200e-01
283 6.808480e-01 2.656000e-03 3.164960e-01
284 6.805000e-01 2.596000e-03 3.169040e-01
285 6.800600e-01 2.588000e-03 3.173520e-01
286 6.796720e-01 2.548000e-03 3.177800e-01
287 6.792320e-01 2.588000e-03 3.181800e-01
288 6.787800e-01 2.708000e-03 3.185120e-01
289 6.783000e-01 2.668000e-03 3.190320e-01
290 6.778320e-01 2.644000e-03 3.195240e-01
291 6.773720e-01 2.648000e-03 3.199800e-01
292 6.769080e-01 2.588000e-03 3.205040e-01
293 6.764720e-01 2.536000e-03 3.209920e-01
294 6.759720e-01 2.568000e-03 3.214600e-01
295 6.755120e-01 2.572000e-03 3.219160e-01
296 6.751000e-01 2.544000e-03 3.223560e-01
297 6.747400e-01 2.460000e-03 3.228000e-01
298 6.743480e-01 2.484000e-03 3.231680e-01
299 6.739320e-01 2.492000e-03 3.235760e-01
300 6.734720e-01 2.532000e-03 3.239960e-01
301 6.730200e-01 2.564000e-03 3.244160e-01
302 6.726840e-01 2.372000e-03 3.249440e-01
303 6.722680e-01 2.420000e-03 3.253120e-01
304 6.718960e-01 2.396000e-03 3.257080e-01
305 6.715360e-01 2.292000e-03 3.261720e-01
306 6.711840e-01 2.300000e-03 3.265160e-01
307 6.708200e-01 2.268000e-03 3.269120e-01
308 6.705000e-01 2.228000e-03 3.272720e-01
309 6.700840e-01 2.232000e-03 3.276840e-01
310 6.697680e-01 2.116000e-03 3.281160e-01
311 6.693520e-01 2.172000e-03 3.284760e-01
312 6.690280e-01 2.084000e-03 3.288880e-01
313 6.686480e-01 2.100000e-03 3.292520e-01
314 6.683560e-01 2.060000e-03 3.295840e-01
315 6.680240e-01 2.024000e-03 3.299520e-01
316 6.677120e-01 1.912000e-03 3.303760e-01
317 6.673440e-01 1.956000e-03 3.307000e-01
318 6.670440e-01 1.928000e-03 3.310280e-01
319 6.667480e-01 1.916000e-03 3.313360e-01
320 6.664800e-01 1.840000e-03 3.316800e-01
321 6.661000e-01 1.944000e-03 3.319560e-01
322 6.657720e-01 1.948000e-03 3.322800e-01
323 6.654480e-01 1.956000e-03 3.325960e-01
324 6.650560e-01 2.036000e-03 3.329080e-01
325 6.647080e-01 2.012000e-03 3.332800e-01
326 6.643800e-01 1.964000e-03 3.336560e-01
327 6.640080e-01 1.968000e-03 3.340240e-01
328 6.636320e-01 2.052000e-03 3.343160e-01
329 6.633400e-01 2.000000e-03 3.346600e-01
330 6.630280e-01 1.992000e-03 3.349800e-01
331 6.627080e-01 1.956000e-03 3.353360e-01
332 6.624400e-01 1.848000e-03 3.357120e-01
333 6.622080e-01 1.780000e-03 3.360120e-01
334 6.619200e-01 1.776000e-03 3.363040e-01
335 6.616720e-01 1.696000e-03 3.366320e-01
336 6.613360e-01 1.756000e-03 3.369080e-01
337 6.610120e-01 1.764000e-03 3.372240e-01
338 6.606960e-01 1.768000e-03 3.375360e-01
339 6.603680e-01 1.796000e-03 3.378360e-01
340 6.600320e-01 1.724000e-03 3.382440e-01
341 6.597240e-01 1.724000e-03 3.385520e-01
342 6.593600e-01 1.804000e-03 3.388360e-01
343 6.589480e-01 1.944000e-03 3.391080e-01
344 6.585320e-01 2.012000e-03 3.394560e-01
345 6.581400e-01 2.096000e-03 3.397640e-01
346 6.577240e-01 2.180000e-03 3.400960e-01
347 6.573400e-01 2.236000e-03 3.404240e-01
348 6.569080e-01 2.336000e-03 3.407560e-01
349 6.565520e-01 2.236000e-03 3.412120e-01
350 6.561040e-01 2.352000e-03 3.415440e-01
351 6.557120e-01 2.340000e-03 3.419480e-01
352 6.553560e-01 2.264000e-03 3.423800e-01
353 6.550360e-01 2.144000e-03 3.428200e-01
354 6.547440e-01 2.060000e-03 3.431960e-01
355 6.543680e-01 2.056000e-03 3.435760e-01
356 6.540440e-01 1.992000e-03 3.439640e-01
357 6.537160e-01 2.020000e-03 3.442640e-01
358 6.533360e-01 1.980000e-03 3.446840e-01
359 6.530320e-01 1.960000e-03 3.450080e-01
360 6.527240e-01 1.876000e-03 3.454000e-01
361 6.523280e-01 1.940000e-03 3.457320e-01
362 6.519800e-01 1.928000e-03 3.460920e-01
363 6.516360e-01 1.936000e-03 3.464280e-01
364 6.513000e-01 1.948000e-03 3.467520e-01
365 6.509400e-01 2.052000e-03 3.470080e-01
366 6.506000e-01 2.060000e-03 3.473400e-01
367 6.502760e-01 2.024000e-03 3.477000e-01
368 6.499520e-01 2.008000e-03 3.480400e-01
369 6.496720e-01 1.972000e-03 3.483560e-01
370 6.493600e-01 1.912000e-03 3.487280e-01
371 6.491520e-01 1.808000e-03 3.490400e-01
372 6.489120e-01 1.740000e-03 3.493480e-01
373 6.486200e-01 1.728000e-03 3.496520e-01
374 6.482960e-01 1.816000e-03 3.498880e-01
375 6.480280e-01 1.764000e-03 3.502080e-01
376 6.477640e-01 1.732000e-03 3.505040e-01
377 6.475480e-01 1.612000e-03 3.508400e-01
378 6.473560e-01 1.508000e-03 3.511360e-01
379 6.471280e-01 1.460000e-03 3.514120e-01
380 6.469320e-01 1.384000e-03 3.516840e-01
381 6.466600e-01 1.448000e-03 3.518920e-01
382 6.464200e-01 1.432000e-03 3.521480e-01
383 6.461640e-01 1.424000e-03 3.524120e-01
384 6.458880e-01 1.476000e-03 3.526360e-01
385 6.456520e-01 1.480000e-03 3.528680e-01
386 6.453840e-01 1.500000e-03 3.531160e-01
387 6.451680e-01 1.456000e-03 3.533760e-01
388 6.449320e-01 1.460000e-03 3.536080e-01
389 6.446800e-01 1.440000e-03 3.538800e-01
390 6.444880e-01 1.412000e-03 3.541000e-01
391 6.442800e-01 1.344000e-03 3.543760e-01
392 6.440680e-01 1.364000e-03 3.545680e-01
393 6.439000e-01 1.312000e-03 3.547880e-01
394 6.436840e-01 1.276000e-03 3.550400e-01
395 6.434920e-01 1.228000e-03 3.552800e-01
396 6.433680e-01 1.120000e-03 3.555120e-01
397 6.432120e-01 1.088000e-03 3.557000e-01
398 6.431240e-01 1.008000e-03 3.558680e-01
399 6.429920e-01 9.200000e-04 3.560880e-01
400 6.428160e-01 9.000000e-04 3.562840e-01
401 6.426960e-01 8.520000e-04 3.564520e-01
402 6.425280e-01 8.640000e-04 3.566080e-01
403 6.423840e-01 8.160000e-04 3.568000e-01
404 6.422640e-01 8.280000e-04 3.569080e-01
405 6.421600e-01 8.000000e-04 3.570400e-01
406 6.420400e-01 7.800000e-04 3.571800e-01
407 6.419240e-01 7.720000e-04 3.573040e-01
408 6.417960e-01 7.320000e-04 3.574720e-01
409 6.416720e-01 7.080000e-04 3.576200e-01
410 6.415080e-01 7.520000e-04 3.577400e-01
411 6.413680e-01 7.640000e-04 3.578680e-01
412 6.412200e-01 7.800000e-04 3.580000e-01
413 6.411200e-01 7.320000e-04 3.581480e-01
414 6.409840e-01 7.480000e-04 3.582680e-01
415 6.408480e-01 7.520000e-04 3.584000e-01
416 6.407440e-01 7.360000e-04 3.585200e-01
417 6.406040e-01 7.400000e-04 3.586560e-01
418 6.404560e-01 7.200000e-04 3.588240e-01
419 6.403720e-01 6.480000e-04 3.589800e-01
420 6.402520e-01 6.720000e-04 3.590760e-01
421 6.401080e-01 7.240000e-04 3.591680e-01
422 6.399960e-01 7.280000e-04 3.592760e-01
423 6.398120e-01 7.720000e-04 3.594160e-01
424 6.396960e-01 7.480000e-04 3.595560e-01
425 6.395960e-01 7.080000e-04 3.596960e-01
426 6.395040e-01 6.800000e-04 3.598160e-01
427 6.394160e-01 6.600000e-04 3.599240e-01
428 6.392880e-01 6.800000e-04 3.600320e-01
429 6.391720e-01 6.920000e-04 3.601360e-01
430 6.390320e-01 7.040000e-04 3.602640e-01
431 6.389160e-01 6.800000e-04 3.604040e-01
432 6.387840e-01 7.080000e-04 3.605080e-01
433 6.386240e-01 7.400000e-04 3.606360e-01
434 6.384840e-01 7.480000e-04 3.607680e-01
435 6.383520e-01 7.760000e-04 3.608720e-01
436 6.382120e-01 7.680000e-04 3.610200e-01
437 6.381040e-01 7.000000e-04 3.611960e-01
438 6.379600e-01 7.000000e-04 3.613400e-01
439 6.378640e-01 7.080000e-04 3.614280e-01
440 6.377200e-01 7.040000e-04 3.615760e-01
441 6.375520e-01 7.320000e-04 3.617160e-01
442 6.373600e-01 7.960000e-04 3.618440e-01
443 6.372200e-01 8.320000e-04 3.619480e-01
444 6.370400e-01 8.720000e-04 3.620880e-01
445 6.368440e-01 8.960000e-04 3.622600e-01
446 6.366240e-01 9.680000e-04 3.624080e-01
447 6.364520e-01 1.012000e-03 3.625360e-01
448 6.362640e-01 9.560000e-04 3.627800e-01
449 6.360680e-01 9.280000e-04 3.630040e-01
450 6.358920e-01 9.800000e-04 3.631280e-01
451 6.357040e-01 1.012000e-03 3.632840e-01
452 6.354880e-01 1.060000e-03 3.634520e-01
453 6.353000e-01 1.044000e-03 3.636560e-01
454 6.351480e-01 1.028000e-03 3.638240e-01
455 6.349800e-01 1.048000e-03 3.639720e-01
456 6.347800e-01 1.064000e-03 3.641560e-01
457 6.345800e-01 1.060000e-03 3.643600e-01
458 6.343800e-01 1.116000e-03 3.645040e-01
459 6.342120e-01 1.096000e-03 3.646920e-01
460 6.340600e-01 1.024000e-03 3.649160e-01
461 6.338880e-01 1.024000e-03 3.650880e-01
462 6.337120e-01 1.024000e-03 3.652640e-01
463 6.335880e-01 9.640000e-04 3.654480e-01
464 6.335000e-01 9.200000e-04 3.655800e-01
465 6.333960e-01 8.800000e-04 3.657240e-01
466 6.332760e-01 8.800000e-04 3.658440e-01
467 6.331560e-01 8.560000e-04 3.659880e-01
468 6.330400e-01 8.000000e-04 3.661600e-01
469 6.329280e-01 7.640000e-04 3.663080e-01
470 6.328320e-01 7.240000e-04 3.664440e-01
471 6.327640e-01 6.720000e-04 3.665640e-01
472 6.326800e-01 6.360000e-04 3.666840e-01
473 6.326040e-01 6.240000e-04 3.667720e-01
474 6.325080e-01 6.080000e-04 3.668840e-01
475 6.323960e-01 6.160000e-04 3.669880e-01
476 6.323080e-01 5.880000e-04 3.671040e-01
477 6.322360e-01 5.400000e-04 3.672240e-01
478 6.321200e-01 5.360000e-04 3.673440e-01
479 6.320600e-01 4.880000e-04 3.674520e-01
480 6.320200e-01 4.320000e-04 3.675480e-01
481 6.319760e-01 3.760000e-04 3.676480e-01
482 6.318680e-01 4.280000e-04 3.677040e-01
483 6.317720e-01 4.440000e-04 3.677840e-01
484 6.316800e-01 4.480000e-04 3.678720e-01
485 6.316200e-01 4.360000e-04 3.679440e-01
486 6.315720e-01 3.960000e-04 3.680320e-01
487 6.315240e-01 3.760000e-04 3.681000e-01
488 6.314800e-01 3.640000e-04 3.681560e-01
489 6.314240e-01 3.480000e-04 3.682280e-01
490 6.313760e-01 3.280000e-04 3.682960e-01
491 6.313480e-01 3.120000e-04 3.683400e-01
492 6.313240e-01 2.640000e-04 3.684120e-01
493 6.312960e-01 2.720000e-04 3.684320e-01
494 6.312640e-01 2.560000e-04 3.684800e-01
495 6.312360e-01 2.280000e-04 3.685360e-01
496 6.312280e-01 1.960000e-04 3.685760e-01
497 6.312120e-01 1.760000e-04 3.686120e-01
498 6.311720e-01 1.840000e-04 3.686440e-01
499 6.311480e-01 1.760000e-04 3.686760e-01
500 6.311280e-01 1.520000e-04 3.687200e-01
