1 9.992280e-01 7.080000e-04 6.400000e-05
2 9.986640e-01 1.112000e-03 2.240000e-04
3 9.981640e-01 1.372000e-03 4.640000e-04
4 9.974400e-01 1.820000e-03 7.400000e-04
5 9.966320e-01 2.296000e-03 1.072000e-03
6 9.957360e-01 2.748000e-03 1.516000e-03
7 9.948960e-01 3.108000e-03 1.996000e-03
8 9.938240e-01 3.600000e-03 2.576000e-03
9 9.929200e-01 3.844000e-03 3.236000e-03
10 9.918880e-01 4.256000e-03 3.856000e-03
11 9.907120e-01 4.736000e-03 4.552000e-03
12 9.896200e-01 4.932000e-03 5.448000e-03
13 9.883680e-01 5.228000e-03 6.404000e-03
14 9.870760e-01 5.612000e-03 7.312000e-03
15 9.856440e-01 6.124000e-03 8.232000e-03
16 9.841800e-01 6.412000e-03 9.408000e-03
17 9.827800e-01 6.744000e-03 1.047600e-02
18 9.814080e-01 6.940000e-03 1.165200e-02
19 9.800760e-01 7.052000e-03 1.287200e-02
20 9.788680e-01 6.988000e-03 1.414400e-02
21 9.775960e-01 7.032000e-03 1.537200e-02
22 9.761840e-01 7.132000e-03 1.668400e-02
23 9.749520e-01 7.004000e-03 1.804400e-02
24 9.736240e-01 7.224000e-03 1.915200e-02
25 9.723200e-01 7.312000e-03 2.036800e-02
26 9.711120e-01 7.276000e-03 2.161200e-02
27 9.697000e-01 7.296000e-03 2.300400e-02
28 9.681560e-01 7.560000e-03 2.428400e-02
29 9.668680e-01 7.408000e-03 2.572400e-02
30 9.654400e-01 7.484000e-03 2.707600e-02
31 9.639240e-01 7.740000e-03 2.833600e-02
32 9.624200e-01 7.984000e-03 2.959600e-02
33 9.608840e-01 8.168000e-03 3.094800e-02
34 9.592800e-01 8.404000e-03 3.231600e-02
35 9.577000e-01 8.452000e-03 3.384800e-02
36 9.561320e-01 8.644000e-03 3.522400e-02
37 9.545920e-01 8.672000e-03 3.673600e-02
38 9.531240e-01 8.608000e-03 3.826800e-02
39 9.516840e-01 8.688000e-03 3.962800e-02
40 9.501520e-01 8.604000e-03 4.124400e-02
41 9.484880e-01 8.752000e-03 4.276000e-02
42 9.469640e-01 8.512000e-03 4.452400e-02
43 9.454280e-01 8.696000e-03 4.587600e-02
44 9.438720e-01 8.672000e-03 4.745600e-02
45 9.422280e-01 8.736000e-03 4.903600e-02
46 9.404920e-01 8.868000e-03 5.064000e-02
47 9.388760e-01 8.912000e-03 5.221200e-02
48 9.372000e-01 9.040000e-03 5.376000e-02
49 9.355200e-01 8.964000e-03 5.551600e-02
50 9.338640e-01 9.004000e-03 5.713200e-02
51 9.321080e-01 9.156000e-03 5.873600e-02
52 9.305040e-01 9.092000e-03 6.040400e-02
53 9.289480e-01 9.124000e-03 6.192800e-02
54 9.273600e-01 9.216000e-03 6.342400e-02
55 9.257800e-01 9.108000e-03 6.511200e-02
56 9.243360e-01 8.932000e-03 6.673200e-02
57 9.226720e-01 9.024000e-03 6.830400e-02
58 9.209640e-01 9.168000e-03 6.986800e-02
59 9.192960e-01 9.304000e-03 7.140000e-02
60 9.177200e-01 9.284000e-03 7.299600e-02
61 9.161760e-01 9.192000e-03 7.463200e-02
62 9.144960e-01 9.228000e-03 7.627600e-02
63 9.129360e-01 9.144000e-03 7.792000e-02
64 9.111960e-01 9.304000e-03 7.950000e-02
65 9.093400e-01 9.512000e-03 8.114800e-02
66 9.075280e-01 9.488000e-03 8.298400e-02
67 9.058120e-01 9.540000e-03 8.464800e-02
68 9.040360e-01 9.640000e-03 8.632400e-02
69 9.022360e-01 9.692000e-03 8.807200e-02
70 9.003560e-01 9.772000e-03 8.987200e-02
71 8.987360e-01 9.692000e-03 9.157200e-02
72 8.969640e-01 9.836000e-03 9.320000e-02
73 8.952080e-01 9.844000e-03 9.494800e-02
74 8.935680e-01 9.876000e-03 9.655600e-02
75 8.918720e-01 9.780000e-03 9.834800e-02
76 8.901840e-01 9.812000e-03 1.000040e-01
77 8.885040e-01 9.876000e-03 1.016200e-01
78 8.866920e-01 1.000400e-02 1.033040e-01
79 8.849680e-01 9.912000e-03 1.051200e-01
80 8.830320e-01 1.002400e-02 1.069440e-01
81 8.811600e-01 1.004400e-02 1.087960e-01
82 8.793400e-01 1.007200e-02 1.105880e-01
83 8.775880e-01 1.001600e-02 1.123960e-01
84 8.758080e-01 9.992000e-03 1.142000e-01
85 8.740880e-01 9.908000e-03 1.160040e-01
86 8.723920e-01 1.000400e-02 1.176040e-01
87 8.706840e-01 1.002800e-02 1.192880e-01
88 8.689640e-01 1.001200e-02 1.210240e-01
89 8.672280e-01 1.006000e-02 1.227120e-01
90 8.655120e-01 9.952000e-03 1.245360e-01
91 8.639520e-01 9.764000e-03 1.262840e-01
92 8.623960e-01 9.596000e-03 1.280080e-01
93 8.608720e-01 9.532000e-03 1.295960e-01
94 8.592920e-01 9.284000e-03 1.314240e-01
95 8.578240e-01 9.104000e-03 1.330720e-01
96 8.561920e-01 9.180000e-03 1.346280e-01
97 8.546760e-01 9.168000e-03 1.361560e-01
98 8.531520e-01 9.096000e-03 1.377520e-01
99 8.516160e-01 8.992000e-03 1.393920e-01
100 8.500600e-01 8.984000e-03 1.409560e-01
101 8.485280e-01 8.888000e-03 1.425840e-01
102 8.470720e-01 8.904000e-03 1.440240e-01
103 8.455680e-01 8.736000e-03 1.456960e-01
104 8.440720e-01 8.616000e-03 1.473120e-01
105 8.426560e-01 8.488000e-03 1.488560e-01
106 8.412280e-01 8.556000e-03 1.502160e-01
107 8.396160e-01 8.720000e-03 1.516640e-01
108 8.381080e-01 8.796000e-03 1.530960e-01
109 8.365120e-01 8.912000e-03 1.545760e-01
110 8.352760e-01 8.632000e-03 1.560920e-01
111 8.337920e-01 8.528000e-03 1.576800e-01
112 8.322520e-01 8.500000e-03 1.592480e-01
113 8.307960e-01 8.500000e-03 1.607040e-01
114 8.292800e-01 8.440000e-03 1.622800e-01
115 8.277960e-01 8.324000e-03 1.638800e-01
116 8.265520e-01 8.084000e-03 1.653640e-01
117 8.251400e-01 8.156000e-03 1.667040e-01
118 8.237200e-01 8.108000e-03 1.681720e-01
119 8.223880e-01 7.936000e-03 1.696760e-01
120 8.210880e-01 7.896000e-03 1.710160e-01
121 8.197720e-01 7.872000e-03 1.723560e-01
122 8.182800e-01 8.020000e-03 1.737000e-01
123 8.168640e-01 8.032000e-03 1.751040e-01
124 8.153920e-01 8.160000e-03 1.764480e-01
125 8.138960e-01 8.096000e-03 1.780080e-01
126 8.125680e-01 7.892000e-03 1.795400e-01
127 8.114040e-01 7.700000e-03 1.808960e-01
128 8.099760e-01 7.728000e-03 1.822960e-01
129 8.087320e-01 7.596000e-03 1.836720e-01
130 8.074480e-01 7.500000e-03 1.850520e-01
131 8.061520e-01 7.460000e-03 1.863880e-01
132 8.049640e-01 7.256000e-03 1.877800e-01
133 8.036240e-01 7.252000e-03 1.891240e-01
134 8.024800e-01 7.212000e-03 1.903080e-01
135 8.012800e-01 7.184000e-03 1.915360e-01
136 7.999760e-01 7.216000e-03 1.928080e-01
137 7.986720e-01 7.416000e-03 1.939120e-01
138 7.974840e-01 7.376000e-03 1.951400e-01
139 7.963440e-01 7.264000e-03 1.963920e-01
140 7.952520e-01 7.100000e-03 1.976480e-01
141 7.939800e-01 7.120000e-03 1.989000e-01
142 7.927160e-01 7.108000e-03 2.001760e-01
143 7.915520e-01 6.900000e-03 2.015480e-01
144 7.905160e-01 6.792000e-03 2.026920e-01
145 7.894960e-01 6.656000e-03 2.038480e-01
146 7.884400e-01 6.640000e-03 2.049200e-01
147 7.873840e-01 6.420000e-03 2.061960e-01
148 7.861760e-01 6.552000e-03 2.072720e-01
149 7.851520e-01 6.344000e-03 2.085040e-01
150 7.841360e-01 6.144000e-03 2.097200e-01
151 7.831880e-01 5.956000e-03 2.108560e-01
152 7.820000e-01 6.064000e-03 2.119360e-01
153 7.810560e-01 5.988000e-03 2.129560e-01
154 7.800400e-01 6.024000e-03 2.139360e-01
155 7.789960e-01 5.932000e-03 2.150720e-01
156 7.780680e-01 5.864000e-03 2.160680e-01
157 7.770160e-01 5.776000e-03 2.172080e-01
158 7.761240e-01 5.612000e-03 2.182640e-01
159 7.752240e-01 5.528000e-03 2.192480e-01
160 7.742200e-01 5.500000e-03 2.202800e-01
161 7.732760e-01 5.380000e-03 2.213440e-01
162 7.724240e-01 5.440000e-03 2.221360e-01
163 7.713760e-01 5.584000e-03 2.230400e-01
164 7.704520e-01 5.564000e-03 2.239840e-01
165 7.694440e-01 5.584000e-03 2.249720e-01
166 7.684640e-01 5.572000e-03 2.259640e-01
167 7.675200e-01 5.488000e-03 2.269920e-01
168 7.667040e-01 5.372000e-03 2.279240e-01
169 7.658480e-01 5.352000e-03 2.288000e-01
170 7.649520e-01 5.324000e-03 2.297240e-01
171 7.640120e-01 5.388000e-03 2.306000e-01
172 7.630800e-01 5.416000e-03 2.315040e-01
173 7.621520e-01 5.340000e-03 2.325080e-01
174 7.612600e-01 5.296000e-03 2.334440e-01
175 7.603200e-01 5.288000e-03 2.343920e-01
176 7.593280e-01 5.456000e-03 2.352160e-01
177 7.583720e-01 5.492000e-03 2.361360e-01
178 7.574440e-01 5.456000e-03 2.371000e-01
179 7.564440e-01 5.532000e-03 2.380240e-01
180 7.555240e-01 5.444000e-03 2.390320e-01
181 7.546440e-01 5.368000e-03 2.399880e-01
182 7.537600e-01 5.364000e-03 2.408760e-01
183 7.529640e-01 5.228000e-03 2.418080e-01
184 7.521280e-01 5.056000e-03 2.428160e-01
185 7.514360e-01 4.912000e-03 2.436520e-01
186 7.506400e-01 4.868000e-03 2.444920e-01
187 7.498600e-01 4.820000e-03 2.453200e-01
188 7.491280e-01 4.668000e-03 2.462040e-01
189 7.483360e-01 4.640000e-03 2.470240e-01
190 7.475920e-01 4.620000e-03 2.477880e-01
191 7.469000e-01 4.468000e-03 2.486320e-01
192 7.461280e-01 4.508000e-03 2.493640e-01
193 7.453320e-01 4.520000e-03 2.501480e-01
194 7.445480e-01 4.520000e-03 2.509320e-01
195 7.438440e-01 4.492000e-03 2.516640e-01
196 7.431560e-01 4.336000e-03 2.525080e-01
197 7.425120e-01 4.188000e-03 2.533000e-01
198 7.418360e-01 4.184000e-03 2.539800e-01
199 7.411760e-01 4.164000e-03 2.546600e-01
200 7.404240e-01 4.248000e-03 2.553280e-01
201 7.396560e-01 4.280000e-03 2.560640e-01
202 7.390120e-01 4.144000e-03 2.568440e-01
203 7.383440e-01 4.044000e-03 2.576120e-01
204 7.376800e-01 3.976000e-03 2.583440e-01
205 7.369040e-01 4.000000e-03 2.590960e-01
206 7.362880e-01 3.920000e-03 2.597920e-01
207 7.355800e-01 3.996000e-03 2.604240e-01
208 7.349360e-01 3.892000e-03 2.611720e-01
209 7.342520e-01 3.884000e-03 2.618640e-01
210 7.335600e-01 3.860000e-03 2.625800e-01
211 7.330400e-01 3.732000e-03 2.632280e-01
212 7.323840e-01 3.764000e-03 2.638520e-01
213 7.317240e-01 3.736000e-03 2.645400e-01
214 7.311000e-01 3.764000e-03 2.651360e-01
215 7.304440e-01 3.760000e-03 2.657960e-01
216 7.296800e-01 3.880000e-03 2.664400e-01
217 7.289000e-01 4.052000e-03 2.670480e-01
218 7.281480e-01 4.100000e-03 2.677520e-01
219 7.274680e-01 4.064000e-03 2.684680e-01
220 7.266080e-01 4.216000e-03 2.691760e-01
221 7.258000e-01 4.268000e-03 2.699320e-01
222 7.250680e-01 4.292000e-03 2.706400e-01
223 7.242960e-01 4.368000e-03 2.713360e-01
224 7.236240e-01 4.304000e-03 2.720720e-01
225 7.229000e-01 4.284000e-03 2.728160e-01
226 7.222080e-01 4.212000e-03 2.735800e-01
227 7.215560e-01 4.212000e-03 2.742320e-01
228 7.208280e-01 4.176000e-03 2.749960e-01
229 7.202080e-01 4.052000e-03 2.757400e-01
230 7.193920e-01 4.140000e-03 2.764680e-01
231 7.187160e-01 4.124000e-03 2.771600e-01
232 7.180680e-01 4.088000e-03 2.778440e-01
233 7.174040e-01 4.052000e-03 2.785440e-01
234 7.166360e-01 4.076000e-03 2.792880e-01
235 7.158640e-01 4.184000e-03 2.799520e-01
236 7.151160e-01 4.080000e-03 2.808040e-01
237 7.144360e-01 4.028000e-03 2.815360e-01
238 7.137520e-01 4.104000e-03 2.821440e-01
239 7.130880e-01 4.100000e-03 2.828120e-01
240 7.124280e-01 4.088000e-03 2.834840e-01
241 7.118160e-01 4.016000e-03 2.841680e-01
242 7.112440e-01 3.820000e-03 2.849360e-01
243 7.105880e-01 3.732000e-03 2.856800e-01
244 7.099920e-01 3.792000e-03 2.862160e-01
245 7.093920e-01 3.696000e-03 2.869120e-01
246 7.088680e-01 3.556000e-03 2.875760e-01
247 7.083000e-01 3.520000e-03 2.881800e-01
248 7.077720e-01 3.432000e-03 2.887960e-01
249 7.072320e-01 3.344000e-03 2.894240e-01
250 7.068120e-01 3.280000e-03 2.899080e-01
251 7.062080e-01 3.296000e-03 2.904960e-01
252 7.057200e-01 3.272000e-03 2.910080e-01
253 7.052560e-01 3.212000e-03 2.915320e-01
254 7.047680e-01 3.196000e-03 2.920360e-01
255 7.043280e-01 3.100000e-03 2.925720e-01
256 7.038320e-01 2.968000e-03 2.932000e-01
257 7.034680e-01 2.856000e-03 2.936760e-01
258 7.030680e-01 2.812000e-03 2.941200e-01
259 7.026400e-01 2.820000e-03 2.945400e-01
260 7.022000e-01 2.744000e-03 2.950560e-01
261 7.018480e-01 2.648000e-03 2.955040e-01
262 7.014560e-01 2.632000e-03 2.959120e-01
263 7.010440e-01 2.560000e-03 2.963960e-01
264 7.006240e-01 2.520000e-03 2.968560e-01
265 7.001520e-01 2.560000e-03 2.972880e-01
266 6.997640e-01 2.508000e-03 2.977280e-01
267 6.994560e-01 2.440000e-03 2.981040e-01
268 6.991160e-01 2.340000e-03 2.985440e-01
269 6.987360e-01 2.304000e-03 2.989600e-01
270 6.983560e-01 2.288000e-03 2.993560e-01
271 6.979720e-01 2.344000e-03 2.996840e-01
272 6.975520e-01 2.360000e-03 3.000880e-01
273 6.971160e-01 2.456000e-03 3.004280e-01
274 6.967240e-01 2.412000e-03 3.008640e-01
275 6.962480e-01 2.496000e-03 3.012560e-01
276 6.958240e-01 2.484000e-03 3.016920e-01
277 6.954120e-01 2.400000e-03 3.021880e-01
278 6.949920e-01 2.392000e-03 3.026160e-01
279 6.945640e-01 2.312000e-03 3.031240e-01
280 6.941440e-01 2.316000e-03 3.035400e-01
281 6.937480e-01 2.392000e-03 3.038600e-01
282 6.933720e-01 2.324000e-03 3.043040e-01
283 6.929120e-01 2.388000e-03 3.047000e-01
284 6.925480e-01 2.292000e-03 3.051600e-01
285 6.922120e-01 2.256000e-03 3.055320e-01
286 6.918240e-01 2.256000e-03 3.059200e-01
287 6.915000e-01 2.232000e-03 3.062680e-01
288 6.911600e-01 2.248000e-03 3.065920e-01
289 6.908320e-01 2.168000e-03 3.070000e-01
290 6.904920e-01 2.140000e-03 3.073680e-01
291 6.901840e-01 2.088000e-03 3.077280e-01
292 6.897880e-01 2.096000e-03 3.081160e-01
293 6.894240e-01 2.080000e-03 3.084960e-01
294 6.890800e-01 2.124000e-03 3.087960e-01
295 6.887280e-01 2.096000e-03 3.091760e-01
296 6.883120e-01 2.116000e-03 3.095720e-01
297 6.878720e-01 2.184000e-03 3.099440e-01
298 6.874280e-01 2.236000e-03 3.103360e-01
299 6.869480e-01 2.332000e-03 3.107200e-01
300 6.864880e-01 2.416000e-03 3.110960e-01
301 6.859800e-01 2.456000e-03 3.115640e-01
302 6.855560e-01 2.488000e-03 3.119560e-01
303 6.851240e-01 2.448000e-03 3.124280e-01
304 6.846520e-01 2.508000e-03 3.128400e-01
305 6.842520e-01 2.424000e-03 3.133240e-01
306 6.838200e-01 2.472000e-03 3.137080e-01
307 6.833840e-01 2.508000e-03 3.141080e-01
308 6.829280e-01 2.496000e-03 3.145760e-01
309 6.825600e-01 2.496000e-03 3.149440e-01
310 6.821800e-01 2.400000e-03 3.154200e-01
311 6.817760e-01 2.396000e-03 3.158280e-01
312 6.813360e-01 2.440000e-03 3.162240e-01
313 6.809040e-01 2.456000e-03 3.166400e-01
314 6.804360e-01 2.452000e-03 3.171120e-01
315 6.799840e-01 2.504000e-03 3.175120e-01
316 6.795960e-01 2.444000e-03 3.179600e-01
317 6.792440e-01 2.404000e-03 3.183520e-01
318 6.788400e-01 2.404000e-03 3.187560e-01
319 6.783920e-01 2.372000e-03 3.192360e-01
320 6.779840e-01 2.336000e-03 3.196800e-01
321 6.776520e-01 2.284000e-03 3.200640e-01
322 6.772120e-01 2.368000e-03 3.204200e-01
323 6.767800e-01 2.400000e-03 3.208200e-01
324 6.762600e-01 2.528000e-03 3.212120e-01
325 6.757440e-01 2.668000e-03 3.215880e-01
326 6.752800e-01 2.688000e-03 3.220320e-01
327 6.747840e-01 2.744000e-03 3.224720e-01
328 6.742440e-01 2.836000e-03 3.229200e-01
329 6.737160e-01 2.876000e-03 3.234080e-01
330 6.732880e-01 2.792000e-03 3.239200e-01
331 6.726320e-01 2.976000e-03 3.243920e-01
332 6.721600e-01 2.928000e-03 3.249120e-01
333 6.717160e-01 2.868000e-03 3.254160e-01
334 6.712560e-01 2.864000e-03 3.258800e-01
335 6.708080e-01 2.776000e-03 3.264160e-01
336 6.703480e-01 2.732000e-03 3.269200e-01
337 6.699520e-01 2.688000e-03 3.273600e-01
338 6.694800e-01 2.636000e-03 3.278840e-01
339 6.690760e-01 2.572000e-03 3.283520e-01
340 6.686000e-01 2.616000e-03 3.287840e-01
341 6.681600e-01 2.604000e-03 3.292360e-01
342 6.677360e-01 2.592000e-03 3.296720e-01
343 6.672960e-01 2.540000e-03 3.301640e-01
344 6.669240e-01 2.412000e-03 3.306640e-01
345 6.665000e-01 2.336000e-03 3.311640e-01
346 6.660640e-01 2.360000e-03 3.315760e-01
347 6.656640e-01 2.376000e-03 3.319600e-01
348 6.652680e-01 2.376000e-03 3.323560e-01
349 6.648080e-01 2.408000e-03 3.327840e-01
350 6.643880e-01 2.388000e-03 3.332240e-01
351 6.638680e-01 2.452000e-03 3.336800e-01
352 6.634880e-01 2.472000e-03 3.340400e-01
353 6.630600e-01 2.488000e-03 3.344520e-01
354 6.626800e-01 2.460000e-03 3.348600e-01
355 6.623160e-01 2.392000e-03 3.352920e-01
356 6.619280e-01 2.300000e-03 3.357720e-01
357 6.616040e-01 2.212000e-03 3.361840e-01
358 6.613160e-01 2.148000e-03 3.365360e-01
359 6.610560e-01 2.096000e-03 3.368480e-01
360 6.607440e-01 2.084000e-03 3.371720e-01
361 6.604080e-01 2.100000e-03 3.374920e-01
362 6.600680e-01 2.056000e-03 3.378760e-01
363 6.597080e-01 2.004000e-03 3.382880e-01
364 6.593400e-01 2.004000e-03 3.386560e-01
365 6.588960e-01 2.096000e-03 3.390080e-01
366 6.585240e-01 2.156000e-03 3.393200e-01
367 6.582000e-01 2.124000e-03 3.396760e-01
368 6.578080e-01 2.124000e-03 3.400680e-01
369 6.574840e-01 2.056000e-03 3.404600e-01
370 6.571200e-01 2.040000e-03 3.408400e-01
371 6.568120e-01 1.960000e-03 3.412280e-01
372 6.565800e-01 1.812000e-03 3.416080e-01
373 6.563120e-01 1.780000e-03 3.419080e-01
374 6.560040e-01 1.776000e-03 3.422200e-01
375 6.556880e-01 1.848000e-03 3.424640e-01
376 6.554280e-01 1.788000e-03 3.427840e-01
377 6.552000e-01 1.696000e-03 3.431040e-01
378 6.548800e-01 1.736000e-03 3.433840e-01
379 6.546000e-01 1.708000e-03 3.436920e-01
380 6.543160e-01 1.696000e-03 3.439880e-01
381 6.540320e-01 1.688000e-03 3.442800e-01
382 6.537720e-01 1.620000e-03 3.446080e-01
383 6.533960e-01 1.732000e-03 3.448720e-01
384 6.530400e-01 1.728000e-03 3.452320e-01
385 6.527080e-01 1.732000e-03 3.455600e-01
386 6.523600e-01 1.804000e-03 3.458360e-01
387 6.520560e-01 1.788000e-03 3.461560e-01
388 6.517480e-01 1.792000e-03 3.464600e-01
389 6.514840e-01 1.728000e-03 3.467880e-01
390 6.511840e-01 1.688000e-03 3.471280e-01
391 6.509440e-01 1.636000e-03 3.474200e-01
392 6.506720e-01 1.624000e-03 3.477040e-01
393 6.503600e-01 1.688000e-03 3.479520e-01
394 6.500840e-01 1.712000e-03 3.482040e-01
395 6.498640e-01 1.668000e-03 3.484680e-01
396 6.495400e-01 1.692000e-03 3.487680e-01
397 6.493000e-01 1.652000e-03 3.490480e-01
398 6.490120e-01 1.660000e-03 3.493280e-01
399 6.487480e-01 1.672000e-03 3.495800e-01
400 6.484480e-01 1.716000e-03 3.498360e-01
401 6.482000e-01 1.684000e-03 3.501160e-01
402 6.478920e-01 1.712000e-03 3.503960e-01
403 6.476600e-01 1.660000e-03 3.506800e-01
404 6.473240e-01 1.696000e-03 3.509800e-01
405 6.471200e-01 1.580000e-03 3.513000e-01
406 6.468320e-01 1.576000e-03 3.515920e-01
407 6.464920e-01 1.620000e-03 3.518880e-01
408 6.462720e-01 1.512000e-03 3.522160e-01
409 6.459440e-01 1.628000e-03 3.524280e-01
410 6.456600e-01 1.616000e-03 3.527240e-01
411 6.453120e-01 1.688000e-03 3.530000e-01
412 6.449880e-01 1.712000e-03 3.533000e-01
413 6.447120e-01 1.672000e-03 3.536160e-01
414 6.444080e-01 1.700000e-03 3.538920e-01
415 6.441280e-01 1.680000e-03 3.541920e-01
416 6.438520e-01 1.660000e-03 3.544880e-01
417 6.435600e-01 1.624000e-03 3.548160e-01
418 6.433040e-01 1.592000e-03 3.551040e-01
419 6.430000e-01 1.600000e-03 3.554000e-01
420 6.427320e-01 1.628000e-03 3.556400e-01
421 6.425520e-01 1.504000e-03 3.559440e-01
422 6.423480e-01 1.464000e-03 3.561880e-01
423 6.421440e-01 1.452000e-03 3.564040e-01
424 6.419320e-01 1.380000e-03 3.566880e-01
425 6.417160e-01 1.336000e-03 3.569480e-01
426 6.414480e-01 1.404000e-03 3.571480e-01
427 6.411920e-01 1.424000e-03 3.573840e-01
428 6.409560e-01 1.420000e-03 3.576240e-01
429 6.407160e-01 1.444000e-03 3.578400e-01
430 6.404960e-01 1.424000e-03 3.580800e-01
431 6.402320e-01 1.436000e-03 3.583320e-01
432 6.400200e-01 1.432000e-03 3.585480e-01
433 6.398040e-01 1.396000e-03 3.588000e-01
434 6.396000e-01 1.368000e-03 3.590320e-01
435 6.393720e-01 1.384000e-03 3.592440e-01
436 6.391400e-01 1.332000e-03 3.595280e-01
437 6.388520e-01 1.376000e-03 3.597720e-01
438 6.386640e-01 1.308000e-03 3.600280e-01
439 6.384760e-01 1.316000e-03 3.602080e-01
440 6.382760e-01 1.228000e-03 3.604960e-01
441 6.380680e-01 1.208000e-03 3.607240e-01
442 6.378080e-01 1.300000e-03 3.608920e-01
443 6.375080e-01 1.432000e-03 3.610600e-01
444 6.372080e-01 1.504000e-03 3.612880e-01
445 6.369520e-01 1.540000e-03 3.615080e-01
446 6.366960e-01 1.524000e-03 3.617800e-01
447 6.364480e-01 1.504000e-03 3.620480e-01
448 6.361160e-01 1.556000e-03 3.623280e-01
449 6.358440e-01 1.540000e-03 3.626160e-01
450 6.355440e-01 1.540000e-03 3.629160e-01
451 6.352000e-01 1.680000e-03 3.631200e-01
452 6.349600e-01 1.668000e-03 3.633720e-01
453 6.346640e-01 1.704000e-03 3.636320e-01
454 6.343320e-01 1.716000e-03 3.639520e-01
455 6.339800e-01 1.772000e-03 3.642480e-01
456 6.337400e-01 1.676000e-03 3.645840e-01
457 6.334680e-01 1.712000e-03 3.648200e-01
458 6.331000e-01 1.764000e-03 3.651360e-01
459 6.328680e-01 1.684000e-03 3.654480e-01
460 6.326200e-01 1.636000e-03 3.657440e-01
461 6.324320e-01 1.504000e-03 3.660640e-01
462 6.322160e-01 1.440000e-03 3.663440e-01
463 6.319920e-01 1.432000e-03 3.665760e-01
464 6.317760e-01 1.388000e-03 3.668360e-01
465 6.314680e-01 1.444000e-03 3.670880e-01
466 6.312640e-01 1.400000e-03 3.673360e-01
467 6.310200e-01 1.352000e-03 3.676280e-01
468 6.307800e-01 1.344000e-03 3.678760e-01
469 6.306080e-01 1.292000e-03 3.681000e-01
470 6.304240e-01 1.276000e-03 3.683000e-01
471 6.302480e-01 1.280000e-03 3.684720e-01
472 6.300240e-01 1.276000e-03 3.687000e-01
473 6.297840e-01 1.344000e-03 3.688720e-01
474 6.295320e-01 1.340000e-03 3.691280e-01
475 6.292440e-01 1.348000e-03 3.694080e-01
476 6.289880e-01 1.372000e-03 3.696400e-01
477 6.287720e-01 1.276000e-03 3.699520e-01
478 6.286040e-01 1.252000e-03 3.701440e-01
479 6.284680e-01 1.160000e-03 3.703720e-01
480 6.282960e-01 1.120000e-03 3.705840e-01
481 6.281120e-01 1.148000e-03 3.707400e-01
482 6.279920e-01 1.100000e-03 3.709080e-01
483 6.278120e-01 1.092000e-03 3.710960e-01
484 6.276600e-01 1.072000e-03 3.712680e-01
485 6.275200e-01 1.000000e-03 3.714800e-01
486 6.273800e-01 9.480000e-04 3.716720e-01
487 6.272080e-01 9.360000e-04 3.718560e-01
488 6.271000e-01 9.040000e-04 3.719960e-01
489 6.269880e-01 8.760000e-04 3.721360e-01
490 6.268720e-01 8.320000e-04 3.722960e-01
491 6.267880e-01 7.920000e-04 3.724200e-01
492 6.266160e-01 8.520000e-04 3.725320e-01
493 6.265280e-01 8.200000e-04 3.726520e-01
494 6.263960e-01 8.440000e-04 3.727600e-01
495 6.262080e-01 9.000000e-04 3.728920e-01
496 6.260840e-01 8.680000e-04 3.730480e-01
497 6.259280e-01 8.720000e-04 3.732000e-01
498 6.257520e-01 9.120000e-04 3.733360e-01
499 6.256160e-01 9.000000e-04 3.734840e-01
500 6.254800e-01 8.600000e-04 3.736600e-01
