1 9.992240e-01 6.840000e-04 9.200000e-05
2 9.987520e-01 9.800000e-04 2.680000e-04
3 9.980360e-01 1.420000e-03 5.440000e-04
4 9.972720e-01 1.920000e-03 8.080000e-04
5 9.965080e-01 2.284000e-03 1.208000e-03
6 9.957440e-01 2.588000e-03 1.668000e-03
7 9.949880e-01 2.856000e-03 2.156000e-03
8 9.941720e-01 3.168000e-03 2.660000e-03
9 9.931640e-01 3.588000e-03 3.248000e-03
10 9.922560e-01 3.848000e-03 3.896000e-03
11 9.911440e-01 4.256000e-03 4.600000e-03
12 9.900280e-01 4.588000e-03 5.384000e-03
13 9.887400e-01 5.076000e-03 6.184000e-03
14 9.873960e-01 5.364000e-03 7.240000e-03
15 9.862600e-01 5.580000e-03 8.160000e-03
16 9.850640e-01 5.756000e-03 9.180000e-03
17 9.839120e-01 5.936000e-03 1.015200e-02
18 9.827840e-01 6.044000e-03 1.117200e-02
19 9.814960e-01 6.264000e-03 1.224000e-02
20 9.801720e-01 6.512000e-03 1.331600e-02
21 9.788120e-01 6.876000e-03 1.431200e-02
22 9.773680e-01 7.120000e-03 1.551200e-02
23 9.759520e-01 7.252000e-03 1.679600e-02
24 9.744880e-01 7.528000e-03 1.798400e-02
25 9.729840e-01 7.724000e-03 1.929200e-02
26 9.714680e-01 7.792000e-03 2.074000e-02
27 9.700840e-01 7.792000e-03 2.212400e-02
28 9.687360e-01 7.860000e-03 2.340400e-02
29 9.672000e-01 7.960000e-03 2.484000e-02
30 9.658440e-01 7.936000e-03 2.622000e-02
31 9.645600e-01 7.792000e-03 2.764800e-02
32 9.628840e-01 8.120000e-03 2.899600e-02
33 9.613360e-01 8.132000e-03 3.053200e-02
34 9.598040e-01 8.184000e-03 3.201200e-02
35 9.582840e-01 8.168000e-03 3.354800e-02
36 9.568160e-01 8.120000e-03 3.506400e-02
37 9.551640e-01 8.260000e-03 3.657600e-02
38 9.536640e-01 8.252000e-03 3.808400e-02
39 9.521240e-01 8.256000e-03 3.962000e-02
40 9.506520e-01 8.236000e-03 4.111200e-02
41 9.490200e-01 8.368000e-03 4.261200e-02
42 9.474400e-01 8.368000e-03 4.419200e-02
43 9.458040e-01 8.628000e-03 4.556800e-02
44 9.442240e-01 8.724000e-03 4.705200e-02
45 9.426680e-01 8.764000e-03 4.856800e-02
46 9.411720e-01 8.672000e-03 5.015600e-02
47 9.396640e-01 8.740000e-03 5.159600e-02
48 9.382440e-01 8.492000e-03 5.326400e-02
49 9.367920e-01 8.544000e-03 5.466400e-02
50 9.353400e-01 8.400000e-03 5.626000e-02
51 9.336560e-01 8.624000e-03 5.772000e-02
52 9.320760e-01 8.784000e-03 5.914000e-02
53 9.304640e-01 8.784000e-03 6.075200e-02
54 9.286720e-01 9.024000e-03 6.230400e-02
55 9.271040e-01 8.980000e-03 6.391600e-02
56 9.254760e-01 9.036000e-03 6.548800e-02
57 9.239000e-01 9.144000e-03 6.695600e-02
58 9.221320e-01 9.348000e-03 6.852000e-02
59 9.203840e-01 9.484000e-03 7.013200e-02
60 9.186080e-01 9.628000e-03 7.176400e-02
61 9.169000e-01 9.664000e-03 7.343600e-02
62 9.151440e-01 9.740000e-03 7.511600e-02
63 9.134200e-01 9.840000e-03 7.674000e-02
64 9.117600e-01 9.904000e-03 7.833600e-02
65 9.100800e-01 9.912000e-03 8.000800e-02
66 9.083160e-01 1.008000e-02 8.160400e-02
67 9.064840e-01 1.021200e-02 8.330400e-02
68 9.048080e-01 1.010400e-02 8.508800e-02
69 9.030880e-01 1.008400e-02 8.682800e-02
70 9.013520e-01 1.008800e-02 8.856000e-02
71 8.996120e-01 1.020800e-02 9.018000e-02
72 8.980800e-01 9.952000e-03 9.196800e-02
73 8.965960e-01 9.680000e-03 9.372400e-02
74 8.950480e-01 9.424000e-03 9.552800e-02
75 8.933560e-01 9.384000e-03 9.726000e-02
76 8.917320e-01 9.344000e-03 9.892400e-02
77 8.901960e-01 9.368000e-03 1.004360e-01
78 8.886840e-01 9.368000e-03 1.019480e-01
79 8.871760e-01 9.148000e-03 1.036760e-01
80 8.855360e-01 9.220000e-03 1.052440e-01
81 8.839920e-01 9.260000e-03 1.067480e-01
82 8.825320e-01 9.132000e-03 1.083360e-01
83 8.809560e-01 9.128000e-03 1.099160e-01
84 8.794920e-01 8.776000e-03 1.117320e-01
85 8.779320e-01 8.784000e-03 1.132840e-01
86 8.764960e-01 8.788000e-03 1.147160e-01
87 8.750840e-01 8.616000e-03 1.163000e-01
88 8.737160e-01 8.508000e-03 1.177760e-01
89 8.723320e-01 8.420000e-03 1.192480e-01
90 8.709000e-01 8.228000e-03 1.208720e-01
91 8.695240e-01 8.128000e-03 1.223480e-01
92 8.683240e-01 7.760000e-03 1.239160e-01
93 8.668840e-01 7.788000e-03 1.253280e-01
94 8.656320e-01 7.748000e-03 1.266200e-01
95 8.641080e-01 7.952000e-03 1.279400e-01
96 8.628040e-01 7.860000e-03 1.293360e-01
97 8.613120e-01 7.916000e-03 1.307720e-01
98 8.598800e-01 7.980000e-03 1.321400e-01
99 8.584560e-01 8.148000e-03 1.333960e-01
100 8.569640e-01 8.176000e-03 1.348600e-01
101 8.555920e-01 8.124000e-03 1.362840e-01
102 8.541160e-01 8.164000e-03 1.377200e-01
103 8.526640e-01 8.208000e-03 1.391280e-01
104 8.511920e-01 8.112000e-03 1.406960e-01
105 8.497720e-01 8.140000e-03 1.420880e-01
106 8.483800e-01 8.176000e-03 1.434440e-01
107 8.469000e-01 8.228000e-03 1.448720e-01
108 8.454160e-01 8.392000e-03 1.461920e-01
109 8.439640e-01 8.480000e-03 1.475560e-01
110 8.425240e-01 8.296000e-03 1.491800e-01
111 8.411240e-01 8.076000e-03 1.508000e-01
112 8.397320e-01 7.916000e-03 1.523520e-01
113 8.383680e-01 7.920000e-03 1.537120e-01
114 8.369400e-01 7.924000e-03 1.551360e-01
115 8.356480e-01 7.760000e-03 1.565920e-01
116 8.341960e-01 7.896000e-03 1.579080e-01
117 8.327480e-01 7.952000e-03 1.593000e-01
118 8.313640e-01 8.032000e-03 1.606040e-01
119 8.299760e-01 7.992000e-03 1.620320e-01
120 8.286280e-01 7.956000e-03 1.634160e-01
121 8.272160e-01 7.984000e-03 1.648000e-01
122 8.256960e-01 8.056000e-03 1.662480e-01
123 8.243840e-01 7.992000e-03 1.676240e-01
124 8.230280e-01 7.932000e-03 1.690400e-01
125 8.217360e-01 7.944000e-03 1.703200e-01
126 8.203840e-01 8.004000e-03 1.716120e-01
127 8.189760e-01 8.136000e-03 1.728880e-01
128 8.175080e-01 8.108000e-03 1.743840e-01
129 8.161040e-01 8.100000e-03 1.757960e-01
130 8.147240e-01 8.068000e-03 1.772080e-01
131 8.132440e-01 8.228000e-03 1.785280e-01
132 8.118560e-01 8.160000e-03 1.799840e-01
133 8.103840e-01 8.264000e-03 1.813520e-01
134 8.088960e-01 8.280000e-03 1.828240e-01
135 8.076440e-01 8.128000e-03 1.842280e-01
136 8.062920e-01 8.060000e-03 1.856480e-01
137 8.048760e-01 8.020000e-03 1.871040e-01
138 8.034760e-01 7.976000e-03 1.885480e-01
139 8.021520e-01 7.944000e-03 1.899040e-01
140 8.005760e-01 8.080000e-03 1.913440e-01
141 7.992880e-01 7.904000e-03 1.928080e-01
142 7.979880e-01 7.868000e-03 1.941440e-01
143 7.964960e-01 8.028000e-03 1.954760e-01
144 7.952120e-01 7.772000e-03 1.970160e-01
145 7.939640e-01 7.660000e-03 1.983760e-01
146 7.926800e-01 7.644000e-03 1.996760e-01
147 7.914800e-01 7.580000e-03 2.009400e-01
148 7.902160e-01 7.512000e-03 2.022720e-01
149 7.889520e-01 7.452000e-03 2.035960e-01
150 7.878560e-01 7.344000e-03 2.048000e-01
151 7.867920e-01 7.168000e-03 2.060400e-01
152 7.857640e-01 7.008000e-03 2.072280e-01
153 7.847480e-01 6.860000e-03 2.083920e-01
154 7.837040e-01 6.728000e-03 2.095680e-01
155 7.825640e-01 6.536000e-03 2.109000e-01
156 7.814680e-01 6.544000e-03 2.119880e-01
157 7.802280e-01 6.740000e-03 2.130320e-01
158 7.791840e-01 6.648000e-03 2.141680e-01
159 7.780560e-01 6.564000e-03 2.153800e-01
160 7.769040e-01 6.556000e-03 2.165400e-01
161 7.757560e-01 6.496000e-03 2.177480e-01
162 7.746360e-01 6.520000e-03 2.188440e-01
163 7.735920e-01 6.440000e-03 2.199680e-01
164 7.725760e-01 6.368000e-03 2.210560e-01
165 7.715200e-01 6.348000e-03 2.221320e-01
166 7.704680e-01 6.236000e-03 2.232960e-01
167 7.694000e-01 6.208000e-03 2.243920e-01
168 7.681960e-01 6.328000e-03 2.254760e-01
169 7.670240e-01 6.328000e-03 2.266480e-01
170 7.657680e-01 6.420000e-03 2.278120e-01
171 7.645640e-01 6.492000e-03 2.289440e-01
172 7.632560e-01 6.696000e-03 2.300480e-01
173 7.621040e-01 6.688000e-03 2.312080e-01
174 7.610600e-01 6.572000e-03 2.323680e-01
175 7.599520e-01 6.504000e-03 2.335440e-01
176 7.587760e-01 6.664000e-03 2.345600e-01
177 7.575680e-01 6.712000e-03 2.357200e-01
178 7.564800e-01 6.648000e-03 2.368720e-01
179 7.553960e-01 6.556000e-03 2.380480e-01
180 7.542280e-01 6.512000e-03 2.392600e-01
181 7.532120e-01 6.364000e-03 2.404240e-01
182 7.523000e-01 6.104000e-03 2.415960e-01
183 7.513000e-01 6.116000e-03 2.425840e-01
184 7.503160e-01 6.060000e-03 2.436240e-01
185 7.493280e-01 5.932000e-03 2.447400e-01
186 7.483720e-01 5.748000e-03 2.458800e-01
187 7.474600e-01 5.648000e-03 2.468920e-01
188 7.465400e-01 5.632000e-03 2.478280e-01
189 7.456720e-01 5.520000e-03 2.488080e-01
190 7.448360e-01 5.288000e-03 2.498760e-01
191 7.439560e-01 5.180000e-03 2.508640e-01
192 7.430280e-01 5.232000e-03 2.517400e-01
193 7.421200e-01 5.196000e-03 2.526840e-01
194 7.411960e-01 5.188000e-03 2.536160e-01
195 7.403960e-01 5.016000e-03 2.545880e-01
196 7.395560e-01 5.016000e-03 2.554280e-01
197 7.386200e-01 5.192000e-03 2.561880e-01
198 7.377960e-01 5.124000e-03 2.570800e-01
199 7.369080e-01 5.060000e-03 2.580320e-01
200 7.361880e-01 4.964000e-03 2.588480e-01
201 7.353440e-01 4.996000e-03 2.596600e-01
202 7.345640e-01 4.896000e-03 2.605400e-01
203 7.337080e-01 4.880000e-03 2.614120e-01
204 7.328440e-01 4.864000e-03 2.622920e-01
205 7.319520e-01 4.920000e-03 2.631280e-01
206 7.311080e-01 4.844000e-03 2.640480e-01
207 7.302320e-01 4.880000e-03 2.648880e-01
208 7.294600e-01 4.824000e-03 2.657160e-01
209 7.286440e-01 4.884000e-03 2.664720e-01
210 7.278080e-01 4.896000e-03 2.672960e-01
211 7.269160e-01 4.892000e-03 2.681920e-01
212 7.261320e-01 4.792000e-03 2.690760e-01
213 7.252400e-01 4.816000e-03 2.699440e-01
214 7.244080e-01 4.832000e-03 2.707600e-01
215 7.235280e-01 4.760000e-03 2.717120e-01
216 7.227760e-01 4.712000e-03 2.725120e-01
217 7.219120e-01 4.636000e-03 2.734520e-01
218 7.210600e-01 4.624000e-03 2.743160e-01
219 7.201680e-01 4.712000e-03 2.751200e-01
220 7.193360e-01 4.740000e-03 2.759240e-01
221 7.184880e-01 4.816000e-03 2.766960e-01
222 7.176280e-01 4.816000e-03 2.775560e-01
223 7.166840e-01 4.924000e-03 2.783920e-01
224 7.157720e-01 4.988000e-03 2.792400e-01
225 7.149520e-01 5.012000e-03 2.800360e-01
226 7.141080e-01 4.988000e-03 2.809040e-01
227 7.133320e-01 4.868000e-03 2.818000e-01
228 7.124960e-01 4.908000e-03 2.825960e-01
229 7.116560e-01 4.900000e-03 2.834440e-01
230 7.108280e-01 4.880000e-03 2.842920e-01
231 7.100720e-01 4.840000e-03 2.850880e-01
232 7.093720e-01 4.776000e-03 2.858520e-01
233 7.086000e-01 4.720000e-03 2.866800e-01
234 7.079120e-01 4.568000e-03 2.875200e-01
235 7.070800e-01 4.568000e-03 2.883520e-01
236 7.064040e-01 4.428000e-03 2.891680e-01
237 7.057720e-01 4.408000e-03 2.898200e-01
238 7.050600e-01 4.320000e-03 2.906200e-01
239 7.043920e-01 4.172000e-03 2.914360e-01
240 7.037920e-01 4.048000e-03 2.921600e-01
241 7.031680e-01 3.940000e-03 2.928920e-01
242 7.025400e-01 3.868000e-03 2.935920e-01
243 7.018440e-01 3.880000e-03 2.942760e-01
244 7.012440e-01 3.804000e-03 2.949520e-01
245 7.006080e-01 3.872000e-03 2.955200e-01
246 7.000080e-01 3.784000e-03 2.962080e-01
247 6.993960e-01 3.700000e-03 2.969040e-01
248 6.987760e-01 3.732000e-03 2.974920e-01
249 6.981520e-01 3.780000e-03 2.980680e-01
250 6.975680e-01 3.832000e-03 2.986000e-01
251 6.969920e-01 3.784000e-03 2.992240e-01
252 6.963520e-01 3.788000e-03 2.998600e-01
253 6.958200e-01 3.704000e-03 3.004760e-01
254 6.953160e-01 3.540000e-03 3.011440e-01
255 6.948120e-01 3.320000e-03 3.018680e-01
256 6.942440e-01 3.248000e-03 3.025080e-01
257 6.937080e-01 3.160000e-03 3.031320e-01
258 6.931520e-01 3.228000e-03 3.036200e-01
259 6.925320e-01 3.284000e-03 3.041840e-01
260 6.920480e-01 3.180000e-03 3.047720e-01
261 6.915960e-01 3.076000e-03 3.053280e-01
262 6.911680e-01 2.996000e-03 3.058360e-01
263 6.906240e-01 2.972000e-03 3.064040e-01
264 6.900360e-01 3.056000e-03 3.069080e-01
265 6.896480e-01 2.940000e-03 3.074120e-01
266 6.891520e-01 2.908000e-03 3.079400e-01
267 6.886400e-01 2.856000e-03 3.085040e-01
268 6.882720e-01 2.732000e-03 3.089960e-01
269 6.878840e-01 2.568000e-03 3.095480e-01
270 6.875320e-01 2.456000e-03 3.100120e-01
271 6.870880e-01 2.520000e-03 3.103920e-01
272 6.866320e-01 2.580000e-03 3.107880e-01
273 6.861560e-01 2.636000e-03 3.112080e-01
274 6.857080e-01 2.656000e-03 3.116360e-01
275 6.852440e-01 2.704000e-03 3.120520e-01
276 6.848400e-01 2.700000e-03 3.124600e-01
277 6.843560e-01 2.772000e-03 3.128720e-01
278 6.839800e-01 2.712000e-03 3.133080e-01
279 6.835200e-01 2.676000e-03 3.138040e-01
280 6.831520e-01 2.580000e-03 3.142680e-01
281 6.827480e-01 2.520000e-03 3.147320e-01
282 6.822920e-01 2.572000e-03 3.151360e-01
283 6.818120e-01 2.596000e-03 3.155920e-01
284 6.813680e-01 2.576000e-03 3.160560e-01
285 6.808880e-01 2.564000e-03 3.165480e-01
286 6.805040e-01 2.532000e-03 3.169640e-01
287 6.800120e-01 2.580000e-03 3.174080e-01
288 6.794840e-01 2.760000e-03 3.177560e-01
289 6.790880e-01 2.720000e-03 3.181920e-01
290 6.786800e-01 2.672000e-03 3.186480e-01
291 6.782000e-01 2.712000e-03 3.190880e-01
292 6.777280e-01 2.716000e-03 3.195560e-01
293 6.772840e-01 2.680000e-03 3.200360e-01
294 6.768240e-01 2.692000e-03 3.204840e-01
295 6.763440e-01 2.696000e-03 3.209600e-01
296 6.758360e-01 2.676000e-03 3.214880e-01
297 6.752960e-01 2.752000e-03 3.219520e-01
298 6.748120e-01 2.748000e-03 3.224400e-01
299 6.744000e-01 2.724000e-03 3.228760e-01
300 6.740640e-01 2.608000e-03 3.233280e-01
301 6.736000e-01 2.652000e-03 3.237480e-01
302 6.731080e-01 2.624000e-03 3.242680e-01
303 6.726960e-01 2.624000e-03 3.246800e-01
304 6.722440e-01 2.580000e-03 3.251760e-01
305 6.717640e-01 2.548000e-03 3.256880e-01
306 6.714440e-01 2.472000e-03 3.260840e-01
307 6.709920e-01 2.536000e-03 3.264720e-01
308 6.705760e-01 2.504000e-03 3.269200e-01
309 6.701040e-01 2.508000e-03 3.273880e-01
310 6.696320e-01 2.572000e-03 3.277960e-01
311 6.692600e-01 2.536000e-03 3.282040e-01
312 6.689040e-01 2.388000e-03 3.287080e-01
313 6.684920e-01 2.316000e-03 3.291920e-01
314 6.681640e-01 2.256000e-03 3.295800e-01
315 6.678440e-01 2.100000e-03 3.300560e-01
316 6.675280e-01 2.084000e-03 3.303880e-01
317 6.671880e-01 2.060000e-03 3.307520e-01
318 6.668760e-01 2.040000e-03 3.310840e-01
319 6.665040e-01 2.072000e-03 3.314240e-01
320 6.661400e-01 2.060000e-03 3.318000e-01
321 6.658040e-01 2.036000e-03 3.321600e-01
322 6.654440e-01 1.996000e-03 3.325600e-01
323 6.650640e-01 2.040000e-03 3.328960e-01
324 6.647800e-01 1.944000e-03 3.332760e-01
325 6.643960e-01 2.020000e-03 3.335840e-01
326 6.639760e-01 2.040000e-03 3.339840e-01
327 6.635600e-01 2.096000e-03 3.343440e-01
328 6.631960e-01 2.084000e-03 3.347200e-01
329 6.628320e-01 2.112000e-03 3.350560e-01
330 6.625240e-01 2.052000e-03 3.354240e-01
331 6.621160e-01 2.108000e-03 3.357760e-01
332 6.617960e-01 2.084000e-03 3.361200e-01
333 6.614600e-01 2.044000e-03 3.364960e-01
334 6.611360e-01 1.932000e-03 3.369320e-01
335 6.607680e-01 1.996000e-03 3.372360e-01
336 6.604800e-01 1.880000e-03 3.376400e-01
337 6.601520e-01 1.904000e-03 3.379440e-01
338 6.597920e-01 1.916000e-03 3.382920e-01
339 6.593800e-01 1.968000e-03 3.386520e-01
340 6.590680e-01 1.928000e-03 3.390040e-01
341 6.587200e-01 1.964000e-03 3.393160e-01
342 6.583360e-01 2.000000e-03 3.396640e-01
343 6.579720e-01 2.024000e-03 3.400040e-01
344 6.576360e-01 2.004000e-03 3.403600e-01
345 6.572840e-01 2.004000e-03 3.407120e-01
346 6.569120e-01 2.012000e-03 3.410760e-01
347 6.565600e-01 2.024000e-03 3.414160e-01
348 6.562320e-01 2.000000e-03 3.417680e-01
349 6.559760e-01 1.932000e-03 3.420920e-01
350 6.557320e-01 1.812000e-03 3.424560e-01
351 6.554360e-01 1.780000e-03 3.427840e-01
352 6.550680e-01 1.792000e-03 3.431400e-01
353 6.548080e-01 1.708000e-03 3.434840e-01
354 6.545240e-01 1.696000e-03 3.437800e-01
355 6.542160e-01 1.704000e-03 3.440800e-01
356 6.539320e-01 1.704000e-03 3.443640e-01
357 6.536000e-01 1.772000e-03 3.446280e-01
358 6.532560e-01 1.764000e-03 3.449800e-01
359 6.529840e-01 1.724000e-03 3.452920e-01
360 6.526400e-01 1.752000e-03 3.456080e-01
361 6.523000e-01 1.796000e-03 3.459040e-01
362 6.519640e-01 1.828000e-03 3.462080e-01
363 6.516120e-01 1.868000e-03 3.465200e-01
364 6.512120e-01 1.884000e-03 3.469040e-01
365 6.508360e-01 2.008000e-03 3.471560e-01
366 6.505120e-01 1.984000e-03 3.475040e-01
367 6.501720e-01 1.976000e-03 3.478520e-01
368 6.498360e-01 1.984000e-03 3.481800e-01
369 6.494840e-01 1.984000e-03 3.485320e-01
370 6.492160e-01 1.908000e-03 3.488760e-01
371 6.489200e-01 1.896000e-03 3.491840e-01
372 6.485600e-01 1.856000e-03 3.495840e-01
373 6.482240e-01 1.832000e-03 3.499440e-01
374 6.478960e-01 1.880000e-03 3.502240e-01
375 6.475520e-01 1.888000e-03 3.505600e-01
376 6.471360e-01 1.984000e-03 3.508800e-01
377 6.467840e-01 1.968000e-03 3.512480e-01
378 6.464560e-01 2.024000e-03 3.515200e-01
379 6.461400e-01 2.040000e-03 3.518200e-01
380 6.457440e-01 2.128000e-03 3.521280e-01
381 6.454360e-01 2.048000e-03 3.525160e-01
382 6.451000e-01 2.024000e-03 3.528760e-01
383 6.448000e-01 1.956000e-03 3.532440e-01
384 6.443400e-01 2.076000e-03 3.535840e-01
385 6.439640e-01 2.132000e-03 3.539040e-01
386 6.435480e-01 2.288000e-03 3.541640e-01
387 6.430440e-01 2.404000e-03 3.545520e-01
388 6.426720e-01 2.344000e-03 3.549840e-01
389 6.423560e-01 2.244000e-03 3.554000e-01
390 6.420200e-01 2.124000e-03 3.558560e-01
391 6.416920e-01 2.028000e-03 3.562800e-01
392 6.413400e-01 2.048000e-03 3.566120e-01
393 6.410760e-01 1.972000e-03 3.569520e-01
394 6.408040e-01 1.956000e-03 3.572400e-01
395 6.404520e-01 1.960000e-03 3.575880e-01
396 6.401840e-01 1.888000e-03 3.579280e-01
397 6.398240e-01 1.908000e-03 3.582680e-01
398 6.394720e-01 1.876000e-03 3.586520e-01
399 6.391120e-01 1.904000e-03 3.589840e-01
400 6.387400e-01 1.956000e-03 3.593040e-01
401 6.384040e-01 2.028000e-03 3.595680e-01
402 6.380720e-01 2.004000e-03 3.599240e-01
403 6.377680e-01 2.004000e-03 3.602280e-01
404 6.374240e-01 1.980000e-03 3.605960e-01
405 6.370280e-01 1.992000e-03 3.609800e-01
406 6.367440e-01 1.956000e-03 3.613000e-01
407 6.363760e-01 1.980000e-03 3.616440e-01
408 6.360400e-01 1.944000e-03 3.620160e-01
409 6.357400e-01 1.896000e-03 3.623640e-01
410 6.354480e-01 1.884000e-03 3.626680e-01
411 6.351680e-01 1.860000e-03 3.629720e-01
412 6.347800e-01 1.864000e-03 3.633560e-01
413 6.343800e-01 1.952000e-03 3.636680e-01
414 6.340760e-01 1.908000e-03 3.640160e-01
415 6.336360e-01 1.952000e-03 3.644120e-01
416 6.332320e-01 2.100000e-03 3.646680e-01
417 6.327880e-01 2.140000e-03 3.650720e-01
418 6.324320e-01 2.160000e-03 3.654080e-01
419 6.320280e-01 2.200000e-03 3.657720e-01
420 6.316280e-01 2.172000e-03 3.662000e-01
421 6.311400e-01 2.300000e-03 3.665600e-01
422 6.307360e-01 2.316000e-03 3.669480e-01
423 6.303160e-01 2.320000e-03 3.673640e-01
424 6.299000e-01 2.380000e-03 3.677200e-01
425 6.295280e-01 2.396000e-03 3.680760e-01
426 6.291640e-01 2.352000e-03 3.684840e-01
427 6.287080e-01 2.368000e-03 3.689240e-01
428 6.283320e-01 2.296000e-03 3.693720e-01
429 6.279800e-01 2.256000e-03 3.697640e-01
430 6.276760e-01 2.228000e-03 3.700960e-01
431 6.274240e-01 2.108000e-03 3.704680e-01
432 6.271800e-01 2.044000e-03 3.707760e-01
433 6.267960e-01 2.108000e-03 3.710960e-01
434 6.265720e-01 1.948000e-03 3.714800e-01
435 6.263000e-01 1.860000e-03 3.718400e-01
436 6.260200e-01 1.800000e-03 3.721800e-01
437 6.257960e-01 1.784000e-03 3.724200e-01
438 6.255080e-01 1.768000e-03 3.727240e-01
439 6.252520e-01 1.724000e-03 3.730240e-01
440 6.249840e-01 1.664000e-03 3.733520e-01
441 6.247680e-01 1.624000e-03 3.736080e-01
442 6.244720e-01 1.648000e-03 3.738800e-01
443 6.242320e-01 1.592000e-03 3.741760e-01
444 6.239200e-01 1.608000e-03 3.744720e-01
445 6.236840e-01 1.556000e-03 3.747600e-01
446 6.234440e-01 1.528000e-03 3.750280e-01
447 6.232000e-01 1.500000e-03 3.753000e-01
448 6.229120e-01 1.492000e-03 3.755960e-01
449 6.225960e-01 1.508000e-03 3.758960e-01
450 6.223520e-01 1.452000e-03 3.761960e-01
451 6.220440e-01 1.472000e-03 3.764840e-01
452 6.216960e-01 1.584000e-03 3.767200e-01
453 6.213280e-01 1.668000e-03 3.770040e-01
454 6.209880e-01 1.688000e-03 3.773240e-01
455 6.206280e-01 1.812000e-03 3.775600e-01
456 6.202160e-01 1.880000e-03 3.779040e-01
457 6.199000e-01 1.832000e-03 3.782680e-01
458 6.195240e-01 1.920000e-03 3.785560e-01
459 6.191840e-01 1.848000e-03 3.789680e-01
460 6.189120e-01 1.832000e-03 3.792560e-01
461 6.185600e-01 1.856000e-03 3.795840e-01
462 6.182240e-01 1.912000e-03 3.798640e-01
463 6.179000e-01 1.908000e-03 3.801920e-01
464 6.175480e-01 1.972000e-03 3.804800e-01
465 6.172120e-01 1.952000e-03 3.808360e-01
466 6.169160e-01 1.896000e-03 3.811880e-01
467 6.166240e-01 1.816000e-03 3.815600e-01
468 6.162960e-01 1.824000e-03 3.818800e-01
469 6.159360e-01 1.884000e-03 3.821800e-01
470 6.156320e-01 1.820000e-03 3.825480e-01
471 6.153480e-01 1.788000e-03 3.828640e-01
472 6.150320e-01 1.784000e-03 3.831840e-01
473 6.147320e-01 1.804000e-03 3.834640e-01
474 6.143760e-01 1.860000e-03 3.837640e-01
475 6.139840e-01 1.968000e-03 3.840480e-01
476 6.136440e-01 1.912000e-03 3.844440e-01
477 6.132240e-01 2.008000e-03 3.847680e-01
478 6.129080e-01 1.976000e-03 3.851160e-01
479 6.126080e-01 1.968000e-03 3.854240e-01
480 6.123400e-01 1.920000e-03 3.857400e-01
481 6.120040e-01 1.892000e-03 3.861040e-01
482 6.117240e-01 1.884000e-03 3.863920e-01
483 6.114560e-01 1.804000e-03 3.867400e-01
484 6.112080e-01 1.752000e-03 3.870400e-01
485 6.109000e-01 1.728000e-03 3.873720e-01
486 6.106240e-01 1.716000e-03 3.876600e-01
487 6.103920e-01 1.636000e-03 3.879720e-01
488 6.101840e-01 1.544000e-03 3.882720e-01
489 6.099920e-01 1.480000e-03 3.885280e-01
490 6.097560e-01 1.464000e-03 3.887800e-01
491 6.095480e-01 1.352000e-03 3.891000e-01
492 6.093680e-01 1.336000e-03 3.892960e-01
493 6.092080e-01 1.248000e-03 3.895440e-01
494 6.089600e-01 1.300000e-03 3.897400e-01
495 6.087880e-01 1.284000e-03 3.899280e-01
496 6.086320e-01 1.240000e-03 3.901280e-01
497 6.084720e-01 1.232000e-03 3.902960e-01
498 6.082480e-01 1.236000e-03 3.905160e-01
499 6.080480e-01 1.244000e-03 3.907080e-01
500 6.078360e-01 1.276000e-03 3.908880e-01
