1 9.992680e-01 6.600000e-04 7.200000e-05
2 9.987960e-01 1.020000e-03 1.840000e-04
3 9.980440e-01 1.536000e-03 4.200000e-04
4 9.972080e-01 2.072000e-03 7.200000e-04
5 9.963240e-01 2.516000e-03 1.160000e-03
6 9.954440e-01 2.856000e-03 1.700000e-03
7 9.943920e-01 3.372000e-03 2.236000e-03
8 9.934520e-01 3.688000e-03 2.860000e-03
9 9.925000e-01 3.988000e-03 3.512000e-03
10 9.914600e-01 4.288000e-03 4.252000e-03
11 9.904720e-01 4.544000e-03 4.984000e-03
12 9.893440e-01 4.844000e-03 5.812000e-03
13 9.881800e-01 5.136000e-03 6.684000e-03
14 9.869680e-01 5.448000e-03 7.584000e-03
15 9.857280e-01 5.752000e-03 8.520000e-03
16 9.846760e-01 5.852000e-03 9.472000e-03
17 9.834440e-01 5.924000e-03 1.063200e-02
18 9.823200e-01 6.000000e-03 1.168000e-02
19 9.812320e-01 5.880000e-03 1.288800e-02
20 9.800960e-01 6.036000e-03 1.386800e-02
21 9.788240e-01 6.296000e-03 1.488000e-02
22 9.776160e-01 6.416000e-03 1.596800e-02
23 9.761320e-01 6.792000e-03 1.707600e-02
24 9.749560e-01 6.656000e-03 1.838800e-02
25 9.737640e-01 6.656000e-03 1.958000e-02
26 9.723560e-01 6.772000e-03 2.087200e-02
27 9.710600e-01 6.764000e-03 2.217600e-02
28 9.697720e-01 6.860000e-03 2.336800e-02
29 9.682200e-01 7.156000e-03 2.462400e-02
30 9.667920e-01 7.300000e-03 2.590800e-02
31 9.654320e-01 7.420000e-03 2.714800e-02
32 9.641120e-01 7.512000e-03 2.837600e-02
33 9.626760e-01 7.620000e-03 2.970400e-02
34 9.613160e-01 7.596000e-03 3.108800e-02
35 9.600760e-01 7.484000e-03 3.244000e-02
36 9.587160e-01 7.576000e-03 3.370800e-02
37 9.573560e-01 7.648000e-03 3.499600e-02
38 9.559480e-01 7.600000e-03 3.645200e-02
39 9.544720e-01 7.884000e-03 3.764400e-02
40 9.530040e-01 8.020000e-03 3.897600e-02
41 9.516440e-01 7.952000e-03 4.040400e-02
42 9.501560e-01 8.008000e-03 4.183600e-02
43 9.487240e-01 7.984000e-03 4.329200e-02
44 9.473520e-01 7.860000e-03 4.478800e-02
45 9.459400e-01 7.912000e-03 4.614800e-02
46 9.445960e-01 7.816000e-03 4.758800e-02
47 9.432880e-01 7.800000e-03 4.891200e-02
48 9.420200e-01 7.696000e-03 5.028400e-02
49 9.407760e-01 7.648000e-03 5.157600e-02
50 9.395240e-01 7.560000e-03 5.291600e-02
51 9.380600e-01 7.656000e-03 5.428400e-02
52 9.368960e-01 7.500000e-03 5.560400e-02
53 9.355880e-01 7.448000e-03 5.696400e-02
54 9.343840e-01 7.280000e-03 5.833600e-02
55 9.330880e-01 7.404000e-03 5.950800e-02
56 9.318160e-01 7.388000e-03 6.079600e-02
57 9.304520e-01 7.344000e-03 6.220400e-02
58 9.291960e-01 7.392000e-03 6.341200e-02
59 9.277720e-01 7.624000e-03 6.460400e-02
60 9.264640e-01 7.592000e-03 6.594400e-02
61 9.251440e-01 7.604000e-03 6.725200e-02
62 9.236960e-01 7.696000e-03 6.860800e-02
63 9.222600e-01 7.864000e-03 6.987600e-02
64 9.206640e-01 8.000000e-03 7.133600e-02
65 9.192480e-01 7.900000e-03 7.285200e-02
66 9.179920e-01 7.728000e-03 7.428000e-02
67 9.166520e-01 7.652000e-03 7.569600e-02
68 9.154040e-01 7.644000e-03 7.695200e-02
69 9.140280e-01 7.712000e-03 7.826000e-02
70 9.125680e-01 7.872000e-03 7.956000e-02
71 9.112160e-01 7.808000e-03 8.097600e-02
72 9.099040e-01 7.796000e-03 8.230000e-02
73 9.085840e-01 7.652000e-03 8.376400e-02
74 9.071360e-01 7.740000e-03 8.512400e-02
75 9.057880e-01 7.656000e-03 8.655600e-02
76 9.044240e-01 7.652000e-03 8.792400e-02
77 9.031720e-01 7.536000e-03 8.929200e-02
78 9.018040e-01 7.580000e-03 9.061600e-02
79 9.005040e-01 7.544000e-03 9.195200e-02
80 8.992360e-01 7.432000e-03 9.333200e-02
81 8.979600e-01 7.444000e-03 9.459600e-02
82 8.967840e-01 7.404000e-03 9.581200e-02
83 8.953640e-01 7.504000e-03 9.713200e-02
84 8.938920e-01 7.592000e-03 9.851600e-02
85 8.926040e-01 7.520000e-03 9.987600e-02
86 8.912760e-01 7.568000e-03 1.011560e-01
87 8.900320e-01 7.424000e-03 1.025440e-01
88 8.886120e-01 7.496000e-03 1.038920e-01
89 8.872800e-01 7.644000e-03 1.050760e-01
90 8.858520e-01 7.708000e-03 1.064400e-01
91 8.845920e-01 7.524000e-03 1.078840e-01
92 8.832240e-01 7.468000e-03 1.093080e-01
93 8.820440e-01 7.272000e-03 1.106840e-01
94 8.807680e-01 7.316000e-03 1.119160e-01
95 8.794560e-01 7.332000e-03 1.132120e-01
96 8.781680e-01 7.300000e-03 1.145320e-01
97 8.768400e-01 7.388000e-03 1.157720e-01
98 8.755320e-01 7.388000e-03 1.170800e-01
99 8.742400e-01 7.236000e-03 1.185240e-01
100 8.729560e-01 7.264000e-03 1.197800e-01
101 8.717080e-01 7.332000e-03 1.209600e-01
102 8.702880e-01 7.452000e-03 1.222600e-01
103 8.688960e-01 7.616000e-03 1.234880e-01
104 8.676400e-01 7.544000e-03 1.248160e-01
105 8.663280e-01 7.468000e-03 1.262040e-01
106 8.650720e-01 7.540000e-03 1.273880e-01
107 8.638160e-01 7.496000e-03 1.286880e-01
108 8.626320e-01 7.372000e-03 1.299960e-01
109 8.614680e-01 7.220000e-03 1.313120e-01
110 8.603240e-01 7.164000e-03 1.325120e-01
111 8.592200e-01 7.108000e-03 1.336720e-01
112 8.580720e-01 6.996000e-03 1.349320e-01
113 8.568520e-01 7.008000e-03 1.361400e-01
114 8.557240e-01 6.900000e-03 1.373760e-01
115 8.546800e-01 6.756000e-03 1.385640e-01
116 8.536040e-01 6.680000e-03 1.397160e-01
117 8.526040e-01 6.520000e-03 1.408760e-01
118 8.517200e-01 6.288000e-03 1.419920e-01
119 8.506720e-01 6.220000e-03 1.431080e-01
120 8.496800e-01 6.024000e-03 1.442960e-01
121 8.486520e-01 5.964000e-03 1.453840e-01
122 8.477160e-01 5.920000e-03 1.463640e-01
123 8.467720e-01 5.784000e-03 1.474440e-01
124 8.457240e-01 5.828000e-03 1.484480e-01
125 8.447400e-01 5.844000e-03 1.494160e-01
126 8.437120e-01 5.876000e-03 1.504120e-01
127 8.426320e-01 5.820000e-03 1.515480e-01
128 8.415480e-01 5.880000e-03 1.525720e-01
129 8.404680e-01 5.980000e-03 1.535520e-01
130 8.393840e-01 6.036000e-03 1.545800e-01
131 8.382000e-01 6.108000e-03 1.556920e-01
132 8.370880e-01 6.164000e-03 1.567480e-01
133 8.360120e-01 6.096000e-03 1.578920e-01
134 8.349800e-01 6.044000e-03 1.589760e-01
135 8.338880e-01 6.096000e-03 1.600160e-01
136 8.329600e-01 5.888000e-03 1.611520e-01
137 8.319440e-01 5.844000e-03 1.622120e-01
138 8.309960e-01 5.788000e-03 1.632160e-01
139 8.300520e-01 5.784000e-03 1.641640e-01
140 8.289320e-01 5.992000e-03 1.650760e-01
141 8.278960e-01 5.920000e-03 1.661840e-01
142 8.268240e-01 5.876000e-03 1.673000e-01
143 8.257520e-01 5.892000e-03 1.683560e-01
144 8.246960e-01 5.840000e-03 1.694640e-01
145 8.234680e-01 6.108000e-03 1.704240e-01
146 8.223360e-01 6.184000e-03 1.714800e-01
147 8.211320e-01 6.260000e-03 1.726080e-01
148 8.199400e-01 6.460000e-03 1.736000e-01
149 8.187040e-01 6.628000e-03 1.746680e-01
150 8.175360e-01 6.580000e-03 1.758840e-01
151 8.163000e-01 6.604000e-03 1.770960e-01
152 8.152640e-01 6.532000e-03 1.782040e-01
153 8.141160e-01 6.528000e-03 1.793560e-01
154 8.130240e-01 6.456000e-03 1.805200e-01
155 8.119000e-01 6.400000e-03 1.817000e-01
156 8.108520e-01 6.312000e-03 1.828360e-01
157 8.098480e-01 6.124000e-03 1.840280e-01
158 8.087200e-01 6.164000e-03 1.851160e-01
159 8.075840e-01 6.176000e-03 1.862400e-01
160 8.067080e-01 6.000000e-03 1.872920e-01
161 8.057760e-01 5.880000e-03 1.883440e-01
162 8.046800e-01 5.956000e-03 1.893640e-01
163 8.036680e-01 5.968000e-03 1.903640e-01
164 8.027400e-01 5.836000e-03 1.914240e-01
165 8.017560e-01 5.740000e-03 1.925040e-01
166 8.008440e-01 5.756000e-03 1.934000e-01
167 7.999960e-01 5.612000e-03 1.943920e-01
168 7.990080e-01 5.600000e-03 1.953920e-01
169 7.980880e-01 5.488000e-03 1.964240e-01
170 7.972000e-01 5.548000e-03 1.972520e-01
171 7.962600e-01 5.568000e-03 1.981720e-01
172 7.954240e-01 5.492000e-03 1.990840e-01
173 7.944680e-01 5.560000e-03 1.999720e-01
174 7.935560e-01 5.476000e-03 2.009680e-01
175 7.925600e-01 5.528000e-03 2.019120e-01
176 7.915600e-01 5.500000e-03 2.029400e-01
177 7.906240e-01 5.476000e-03 2.039000e-01
178 7.897080e-01 5.328000e-03 2.049640e-01
179 7.885880e-01 5.568000e-03 2.058440e-01
180 7.875400e-01 5.656000e-03 2.068040e-01
181 7.865640e-01 5.548000e-03 2.078880e-01
182 7.856480e-01 5.488000e-03 2.088640e-01
183 7.847120e-01 5.436000e-03 2.098520e-01
184 7.838200e-01 5.336000e-03 2.108440e-01
185 7.828560e-01 5.344000e-03 2.118000e-01
186 7.820200e-01 5.220000e-03 2.127600e-01
187 7.811160e-01 5.236000e-03 2.136480e-01
188 7.802160e-01 5.148000e-03 2.146360e-01
189 7.793000e-01 5.120000e-03 2.155800e-01
190 7.783760e-01 5.088000e-03 2.165360e-01
191 7.776160e-01 5.028000e-03 2.173560e-01
192 7.768800e-01 4.964000e-03 2.181560e-01
193 7.761920e-01 4.676000e-03 2.191320e-01
194 7.755280e-01 4.520000e-03 2.199520e-01
195 7.748440e-01 4.360000e-03 2.207960e-01
196 7.741080e-01 4.328000e-03 2.215640e-01
197 7.733920e-01 4.240000e-03 2.223680e-01
198 7.727320e-01 4.188000e-03 2.230800e-01
199 7.720400e-01 4.240000e-03 2.237200e-01
200 7.714240e-01 4.148000e-03 2.244280e-01
201 7.708440e-01 4.028000e-03 2.251280e-01
202 7.702040e-01 3.928000e-03 2.258680e-01
203 7.695840e-01 3.852000e-03 2.265640e-01
204 7.690040e-01 3.824000e-03 2.271720e-01
205 7.684480e-01 3.688000e-03 2.278640e-01
206 7.677600e-01 3.720000e-03 2.285200e-01
207 7.672080e-01 3.648000e-03 2.291440e-01
208 7.666280e-01 3.600000e-03 2.297720e-01
209 7.661720e-01 3.444000e-03 2.303840e-01
210 7.656200e-01 3.484000e-03 2.308960e-01
211 7.649800e-01 3.536000e-03 2.314840e-01
212 7.643880e-01 3.428000e-03 2.321840e-01
213 7.638280e-01 3.408000e-03 2.327640e-01
214 7.632760e-01 3.412000e-03 2.333120e-01
215 7.625360e-01 3.524000e-03 2.339400e-01
216 7.619200e-01 3.488000e-03 2.345920e-01
217 7.613360e-01 3.472000e-03 2.351920e-01
218 7.606440e-01 3.576000e-03 2.357800e-01
219 7.600640e-01 3.600000e-03 2.363360e-01
220 7.594160e-01 3.648000e-03 2.369360e-01
221 7.588600e-01 3.608000e-03 2.375320e-01
222 7.583000e-01 3.528000e-03 2.381720e-01
223 7.576120e-01 3.684000e-03 2.387040e-01
224 7.569160e-01 3.740000e-03 2.393440e-01
225 7.561760e-01 3.808000e-03 2.400160e-01
226 7.555120e-01 3.868000e-03 2.406200e-01
227 7.547520e-01 3.952000e-03 2.412960e-01
228 7.541200e-01 3.860000e-03 2.420200e-01
229 7.535880e-01 3.736000e-03 2.426760e-01
230 7.529560e-01 3.788000e-03 2.432560e-01
231 7.523400e-01 3.748000e-03 2.439120e-01
232 7.516920e-01 3.700000e-03 2.446080e-01
233 7.510600e-01 3.724000e-03 2.452160e-01
234 7.504760e-01 3.656000e-03 2.458680e-01
235 7.498760e-01 3.584000e-03 2.465400e-01
236 7.492440e-01 3.652000e-03 2.471040e-01
237 7.487640e-01 3.448000e-03 2.477880e-01
238 7.483000e-01 3.244000e-03 2.484560e-01
239 7.477440e-01 3.228000e-03 2.490280e-01
240 7.472200e-01 3.188000e-03 2.495920e-01
241 7.468400e-01 2.996000e-03 2.501640e-01
242 7.464600e-01 2.904000e-03 2.506360e-01
243 7.460240e-01 2.892000e-03 2.510840e-01
244 7.455000e-01 2.968000e-03 2.515320e-01
245 7.450520e-01 2.928000e-03 2.520200e-01
246 7.446160e-01 2.908000e-03 2.524760e-01
247 7.441400e-01 2.832000e-03 2.530280e-01
248 7.437480e-01 2.748000e-03 2.535040e-01
249 7.432720e-01 2.684000e-03 2.540440e-01
250 7.428000e-01 2.704000e-03 2.544960e-01
251 7.423640e-01 2.692000e-03 2.549440e-01
252 7.418640e-01 2.668000e-03 2.554680e-01
253 7.414720e-01 2.568000e-03 2.559600e-01
254 7.410880e-01 2.560000e-03 2.563520e-01
255 7.407160e-01 2.452000e-03 2.568320e-01
256 7.404080e-01 2.260000e-03 2.573320e-01
257 7.401040e-01 2.204000e-03 2.576920e-01
258 7.397880e-01 2.160000e-03 2.580520e-01
259 7.394080e-01 2.132000e-03 2.584600e-01
260 7.390720e-01 2.068000e-03 2.588600e-01
261 7.387440e-01 2.044000e-03 2.592120e-01
262 7.383960e-01 2.020000e-03 2.595840e-01
263 7.380400e-01 2.020000e-03 2.599400e-01
264 7.377600e-01 1.988000e-03 2.602520e-01
265 7.374520e-01 1.920000e-03 2.606280e-01
266 7.372360e-01 1.864000e-03 2.609000e-01
267 7.369360e-01 1.876000e-03 2.611880e-01
268 7.366600e-01 1.812000e-03 2.615280e-01
269 7.363880e-01 1.820000e-03 2.617920e-01
270 7.360920e-01 1.776000e-03 2.621320e-01
271 7.357480e-01 1.868000e-03 2.623840e-01
272 7.354520e-01 1.872000e-03 2.626760e-01
273 7.351080e-01 1.900000e-03 2.629920e-01
274 7.347840e-01 1.892000e-03 2.633240e-01
275 7.344560e-01 1.820000e-03 2.637240e-01
276 7.340680e-01 1.864000e-03 2.640680e-01
277 7.337920e-01 1.744000e-03 2.644640e-01
278 7.335640e-01 1.708000e-03 2.647280e-01
279 7.333080e-01 1.684000e-03 2.650080e-01
280 7.330240e-01 1.644000e-03 2.653320e-01
281 7.327160e-01 1.676000e-03 2.656080e-01
282 7.324000e-01 1.708000e-03 2.658920e-01
283 7.321200e-01 1.732000e-03 2.661480e-01
284 7.319200e-01 1.652000e-03 2.664280e-01
285 7.316360e-01 1.656000e-03 2.667080e-01
286 7.313320e-01 1.636000e-03 2.670320e-01
287 7.311200e-01 1.604000e-03 2.672760e-01
288 7.308440e-01 1.648000e-03 2.675080e-01
289 7.305960e-01 1.572000e-03 2.678320e-01
290 7.303760e-01 1.532000e-03 2.680920e-01
291 7.301160e-01 1.536000e-03 2.683480e-01
292 7.298120e-01 1.588000e-03 2.686000e-01
293 7.295400e-01 1.612000e-03 2.688480e-01
294 7.292360e-01 1.640000e-03 2.691240e-01
295 7.289480e-01 1.644000e-03 2.694080e-01
296 7.286760e-01 1.608000e-03 2.697160e-01
297 7.284000e-01 1.596000e-03 2.700040e-01
298 7.281360e-01 1.560000e-03 2.703040e-01
299 7.279000e-01 1.472000e-03 2.706280e-01
300 7.276080e-01 1.508000e-03 2.708840e-01
301 7.273000e-01 1.528000e-03 2.711720e-01
302 7.270480e-01 1.520000e-03 2.714320e-01
303 7.268240e-01 1.492000e-03 2.716840e-01
304 7.265280e-01 1.552000e-03 2.719200e-01
305 7.262760e-01 1.520000e-03 2.722040e-01
306 7.260280e-01 1.472000e-03 2.725000e-01
307 7.257560e-01 1.488000e-03 2.727560e-01
308 7.254560e-01 1.540000e-03 2.730040e-01
309 7.251440e-01 1.556000e-03 2.733000e-01
310 7.248920e-01 1.640000e-03 2.734680e-01
311 7.245640e-01 1.708000e-03 2.737280e-01
312 7.243240e-01 1.640000e-03 2.740360e-01
313 7.240280e-01 1.640000e-03 2.743320e-01
314 7.237600e-01 1.608000e-03 2.746320e-01
315 7.235200e-01 1.604000e-03 2.748760e-01
316 7.233120e-01 1.492000e-03 2.751960e-01
317 7.230440e-01 1.520000e-03 2.754360e-01
318 7.228640e-01 1.428000e-03 2.757080e-01
319 7.226520e-01 1.364000e-03 2.759840e-01
320 7.224160e-01 1.348000e-03 2.762360e-01
321 7.221360e-01 1.364000e-03 2.765000e-01
322 7.218960e-01 1.344000e-03 2.767600e-01
323 7.217240e-01 1.332000e-03 2.769440e-01
324 7.215440e-01 1.220000e-03 2.772360e-01
325 7.213480e-01 1.220000e-03 2.774320e-01
326 7.211800e-01 1.172000e-03 2.776480e-01
327 7.209200e-01 1.240000e-03 2.778400e-01
328 7.207160e-01 1.220000e-03 2.780640e-01
329 7.204320e-01 1.296000e-03 2.782720e-01
330 7.201960e-01 1.248000e-03 2.785560e-01
331 7.199800e-01 1.248000e-03 2.787720e-01
332 7.197840e-01 1.260000e-03 2.789560e-01
333 7.196240e-01 1.248000e-03 2.791280e-01
334 7.194560e-01 1.196000e-03 2.793480e-01
335 7.193000e-01 1.104000e-03 2.795960e-01
336 7.191360e-01 1.084000e-03 2.797800e-01
337 7.189640e-01 1.116000e-03 2.799200e-01
338 7.187760e-01 1.104000e-03 2.801200e-01
339 7.185720e-01 1.140000e-03 2.802880e-01
340 7.184160e-01 1.076000e-03 2.805080e-01
341 7.182440e-01 1.060000e-03 2.806960e-01
342 7.180360e-01 1.076000e-03 2.808880e-01
343 7.178760e-01 1.068000e-03 2.810560e-01
344 7.177080e-01 1.024000e-03 2.812680e-01
345 7.175560e-01 9.920000e-04 2.814520e-01
346 7.174560e-01 9.480000e-04 2.815960e-01
347 7.173080e-01 9.400000e-04 2.817520e-01
348 7.172160e-01 8.680000e-04 2.819160e-01
349 7.171360e-01 8.480000e-04 2.820160e-01
350 7.170080e-01 7.960000e-04 2.821960e-01
351 7.168440e-01 8.280000e-04 2.823280e-01
352 7.167280e-01 7.960000e-04 2.824760e-01
353 7.165680e-01 8.360000e-04 2.825960e-01
354 7.164280e-01 8.520000e-04 2.827200e-01
355 7.163080e-01 8.440000e-04 2.828480e-01
356 7.161520e-01 8.600000e-04 2.829880e-01
357 7.159680e-01 8.960000e-04 2.831360e-01
358 7.157600e-01 9.240000e-04 2.833160e-01
359 7.156120e-01 9.480000e-04 2.834400e-01
360 7.155040e-01 8.480000e-04 2.836480e-01
361 7.153720e-01 8.320000e-04 2.837960e-01
362 7.152160e-01 8.520000e-04 2.839320e-01
363 7.151000e-01 8.280000e-04 2.840720e-01
364 7.149560e-01 8.160000e-04 2.842280e-01
365 7.148120e-01 8.080000e-04 2.843800e-01
366 7.146920e-01 8.240000e-04 2.844840e-01
367 7.145440e-01 8.480000e-04 2.846080e-01
368 7.144120e-01 8.480000e-04 2.847400e-01
369 7.142840e-01 8.280000e-04 2.848880e-01
370 7.141000e-01 8.560000e-04 2.850440e-01
371 7.139640e-01 8.720000e-04 2.851640e-01
372 7.138400e-01 8.560000e-04 2.853040e-01
373 7.136400e-01 8.800000e-04 2.854800e-01
374 7.134440e-01 9.360000e-04 2.856200e-01
375 7.132240e-01 9.680000e-04 2.858080e-01
376 7.129840e-01 1.008000e-03 2.860080e-01
377 7.128440e-01 9.760000e-04 2.861800e-01
378 7.126800e-01 9.280000e-04 2.863920e-01
379 7.124960e-01 9.400000e-04 2.865640e-01
380 7.123800e-01 8.880000e-04 2.867320e-01
381 7.122320e-01 8.760000e-04 2.868920e-01
382 7.120640e-01 9.160000e-04 2.870200e-01
383 7.118560e-01 9.280000e-04 2.872160e-01
384 7.117040e-01 9.120000e-04 2.873840e-01
385 7.115400e-01 8.760000e-04 2.875840e-01
386 7.113760e-01 9.320000e-04 2.876920e-01
387 7.112080e-01 9.280000e-04 2.878640e-01
388 7.110720e-01 9.400000e-04 2.879880e-01
389 7.109720e-01 8.760000e-04 2.881520e-01
390 7.108160e-01 8.920000e-04 2.882920e-01
391 7.105920e-01 9.400000e-04 2.884680e-01
392 7.104440e-01 9.280000e-04 2.886280e-01
393 7.102800e-01 9.240000e-04 2.887960e-01
394 7.100560e-01 9.840000e-04 2.889600e-01
395 7.098680e-01 9.280000e-04 2.892040e-01
396 7.096600e-01 9.840000e-04 2.893560e-01
397 7.094760e-01 9.720000e-04 2.895520e-01
398 7.092920e-01 9.400000e-04 2.897680e-01
399 7.091240e-01 9.200000e-04 2.899560e-01
400 7.089680e-01 9.520000e-04 2.900800e-01
401 7.088200e-01 9.120000e-04 2.902680e-01
402 7.086440e-01 9.080000e-04 2.904480e-01
403 7.084560e-01 9.440000e-04 2.906000e-01
404 7.082800e-01 9.600000e-04 2.907600e-01
405 7.080720e-01 9.760000e-04 2.909520e-01
406 7.078960e-01 9.800000e-04 2.911240e-01
407 7.077240e-01 9.960000e-04 2.912800e-01
408 7.075600e-01 9.440000e-04 2.914960e-01
409 7.074120e-01 9.240000e-04 2.916640e-01
410 7.072840e-01 8.680000e-04 2.918480e-01
411 7.071520e-01 8.440000e-04 2.920040e-01
412 7.069840e-01 8.880000e-04 2.921280e-01
413 7.069000e-01 8.440000e-04 2.922560e-01
414 7.067640e-01 8.200000e-04 2.924160e-01
415 7.066080e-01 8.760000e-04 2.925160e-01
416 7.064560e-01 8.800000e-04 2.926640e-01
417 7.063240e-01 8.560000e-04 2.928200e-01
418 7.062320e-01 8.200000e-04 2.929480e-01
419 7.061040e-01 7.960000e-04 2.931000e-01
420 7.059680e-01 7.960000e-04 2.932360e-01
421 7.058480e-01 7.880000e-04 2.933640e-01
422 7.056320e-01 9.240000e-04 2.934440e-01
423 7.054600e-01 9.040000e-04 2.936360e-01
424 7.053000e-01 9.480000e-04 2.937520e-01
425 7.051120e-01 9.920000e-04 2.938960e-01
426 7.049840e-01 9.640000e-04 2.940520e-01
427 7.047400e-01 1.044000e-03 2.942160e-01
428 7.045720e-01 1.040000e-03 2.943880e-01
429 7.044280e-01 9.800000e-04 2.945920e-01
430 7.042760e-01 9.680000e-04 2.947560e-01
431 7.041000e-01 9.560000e-04 2.949440e-01
432 7.039080e-01 9.640000e-04 2.951280e-01
433 7.037360e-01 9.760000e-04 2.952880e-01
434 7.035760e-01 9.560000e-04 2.954680e-01
435 7.034000e-01 9.720000e-04 2.956280e-01
436 7.032240e-01 9.440000e-04 2.958320e-01
437 7.030840e-01 9.440000e-04 2.959720e-01
438 7.029280e-01 9.360000e-04 2.961360e-01
439 7.028240e-01 8.680000e-04 2.963080e-01
440 7.027360e-01 7.600000e-04 2.965040e-01
441 7.026280e-01 7.120000e-04 2.966600e-01
442 7.025280e-01 6.840000e-04 2.967880e-01
443 7.024440e-01 6.440000e-04 2.969120e-01
444 7.023480e-01 6.280000e-04 2.970240e-01
445 7.022440e-01 6.280000e-04 2.971280e-01
446 7.021560e-01 6.080000e-04 2.972360e-01
447 7.020280e-01 6.320000e-04 2.973400e-01
448 7.018760e-01 6.800000e-04 2.974440e-01
449 7.017400e-01 7.080000e-04 2.975520e-01
450 7.016400e-01 6.800000e-04 2.976800e-01
451 7.014800e-01 7.280000e-04 2.977920e-01
452 7.013120e-01 7.320000e-04 2.979560e-01
453 7.011800e-01 7.400000e-04 2.980800e-01
454 7.010040e-01 7.840000e-04 2.982120e-01
455 7.008080e-01 7.800000e-04 2.984120e-01
456 7.006560e-01 7.680000e-04 2.985760e-01
457 7.004840e-01 8.040000e-04 2.987120e-01
458 7.003240e-01 7.840000e-04 2.988920e-01
459 7.001600e-01 7.800000e-04 2.990600e-01
460 6.999800e-01 8.160000e-04 2.992040e-01
461 6.997800e-01 8.720000e-04 2.993480e-01
462 6.996200e-01 8.720000e-04 2.995080e-01
463 6.993800e-01 9.440000e-04 2.996760e-01
464 6.992160e-01 9.080000e-04 2.998760e-01
465 6.990840e-01 8.680000e-04 3.000480e-01
466 6.989520e-01 8.440000e-04 3.002040e-01
467 6.988120e-01 8.400000e-04 3.003480e-01
468 6.986520e-01 8.120000e-04 3.005360e-01
469 6.985280e-01 7.760000e-04 3.006960e-01
470 6.983880e-01 8.040000e-04 3.008080e-01
471 6.982400e-01 8.200000e-04 3.009400e-01
472 6.981000e-01 8.080000e-04 3.010920e-01
473 6.979440e-01 8.320000e-04 3.012240e-01
474 6.977240e-01 9.160000e-04 3.013600e-01
475 6.975320e-01 9.600000e-04 3.015080e-01
476 6.973600e-01 9.920000e-04 3.016480e-01
477 6.971960e-01 9.360000e-04 3.018680e-01
478 6.970320e-01 9.360000e-04 3.020320e-01
479 6.968880e-01 9.200000e-04 3.021920e-01
480 6.967040e-01 9.720000e-04 3.023240e-01
481 6.965360e-01 9.240000e-04 3.025400e-01
482 6.963160e-01 1.008000e-03 3.026760e-01
483 6.961480e-01 9.840000e-04 3.028680e-01
484 6.959400e-01 1.004000e-03 3.030560e-01
485 6.957600e-01 9.280000e-04 3.033120e-01
486 6.955480e-01 9.480000e-04 3.035040e-01
487 6.953640e-01 9.720000e-04 3.036640e-01
488 6.952120e-01 9.240000e-04 3.038640e-01
489 6.950560e-01 9.240000e-04 3.040200e-01
490 6.949040e-01 9.280000e-04 3.041680e-01
491 6.947480e-01 9.160000e-04 3.043360e-01
492 6.946320e-01 8.800000e-04 3.044880e-01
493 6.945040e-01 8.840000e-04 3.046120e-01
494 6.943880e-01 8.840000e-04 3.047280e-01
495 6.942400e-01 8.840000e-04 3.048760e-01
496 6.940920e-01 8.760000e-04 3.050320e-01
497 6.939720e-01 8.400000e-04 3.051880e-01
498 6.938160e-01 8.480000e-04 3.053360e-01
499 6.937040e-01 7.800000e-04 3.055160e-01
500 6.936280e-01 7.240000e-04 3.056480e-01
