1 9.992240e-01 7.080000e-04 6.800000e-05
2 9.986640e-01 1.116000e-03 2.200000e-04
3 9.980560e-01 1.504000e-03 4.400000e-04
4 9.974600e-01 1.808000e-03 7.320000e-04
5 9.967200e-01 2.180000e-03 1.100000e-03
6 9.957160e-01 2.744000e-03 1.540000e-03
7 9.948040e-01 3.192000e-03 2.004000e-03
8 9.937600e-01 3.640000e-03 2.600000e-03
9 9.926280e-01 4.168000e-03 3.204000e-03
10 9.915200e-01 4.444000e-03 4.036000e-03
11 9.902720e-01 4.824000e-03 4.904000e-03
12 9.891360e-01 5.028000e-03 5.836000e-03
13 9.880000e-01 5.268000e-03 6.732000e-03
14 9.869800e-01 5.296000e-03 7.724000e-03
15 9.857480e-01 5.580000e-03 8.672000e-03
16 9.843600e-01 6.020000e-03 9.620000e-03
17 9.830360e-01 6.272000e-03 1.069200e-02
18 9.817280e-01 6.400000e-03 1.187200e-02
19 9.803960e-01 6.536000e-03 1.306800e-02
20 9.790280e-01 6.824000e-03 1.414800e-02
21 9.776000e-01 7.116000e-03 1.528400e-02
22 9.761240e-01 7.420000e-03 1.645600e-02
23 9.747320e-01 7.488000e-03 1.778000e-02
24 9.731240e-01 7.720000e-03 1.915600e-02
25 9.716480e-01 7.672000e-03 2.068000e-02
26 9.701560e-01 7.872000e-03 2.197200e-02
27 9.685720e-01 8.192000e-03 2.323600e-02
28 9.670640e-01 8.316000e-03 2.462000e-02
29 9.654960e-01 8.440000e-03 2.606400e-02
30 9.639120e-01 8.568000e-03 2.752000e-02
31 9.624000e-01 8.460000e-03 2.914000e-02
32 9.607560e-01 8.508000e-03 3.073600e-02
33 9.592800e-01 8.540000e-03 3.218000e-02
34 9.578240e-01 8.524000e-03 3.365200e-02
35 9.562400e-01 8.664000e-03 3.509600e-02
36 9.546000e-01 8.608000e-03 3.679200e-02
37 9.530520e-01 8.664000e-03 3.828400e-02
38 9.515160e-01 8.656000e-03 3.982800e-02
39 9.499480e-01 8.700000e-03 4.135200e-02
40 9.482040e-01 8.860000e-03 4.293600e-02
41 9.464480e-01 9.036000e-03 4.451600e-02
42 9.445800e-01 9.196000e-03 4.622400e-02
43 9.428760e-01 9.288000e-03 4.783600e-02
44 9.412760e-01 9.244000e-03 4.948000e-02
45 9.395720e-01 9.316000e-03 5.111200e-02
46 9.376520e-01 9.632000e-03 5.271600e-02
47 9.357920e-01 9.764000e-03 5.444400e-02
48 9.339480e-01 9.876000e-03 5.617600e-02
49 9.320360e-01 9.900000e-03 5.806400e-02
50 9.302640e-01 9.944000e-03 5.979200e-02
51 9.284920e-01 9.836000e-03 6.167200e-02
52 9.267640e-01 9.772000e-03 6.346400e-02
53 9.249280e-01 9.800000e-03 6.527200e-02
54 9.230920e-01 9.968000e-03 6.694000e-02
55 9.212680e-01 9.988000e-03 6.874400e-02
56 9.194640e-01 1.007600e-02 7.046000e-02
57 9.174600e-01 1.040000e-02 7.214000e-02
58 9.155400e-01 1.045200e-02 7.400800e-02
59 9.136280e-01 1.054800e-02 7.582400e-02
60 9.116840e-01 1.067200e-02 7.764400e-02
61 9.099440e-01 1.054400e-02 7.951200e-02
62 9.081960e-01 1.051600e-02 8.128800e-02
63 9.062760e-01 1.063600e-02 8.308800e-02
64 9.042600e-01 1.084400e-02 8.489600e-02
65 9.024280e-01 1.070800e-02 8.686400e-02
66 9.005600e-01 1.079200e-02 8.864800e-02
67 8.987840e-01 1.070000e-02 9.051600e-02
68 8.968120e-01 1.078000e-02 9.240800e-02
69 8.950280e-01 1.066000e-02 9.431200e-02
70 8.932200e-01 1.063200e-02 9.614800e-02
71 8.912400e-01 1.080800e-02 9.795200e-02
72 8.892520e-01 1.089600e-02 9.985200e-02
73 8.872400e-01 1.092000e-02 1.018400e-01
74 8.853560e-01 1.103600e-02 1.036080e-01
75 8.834040e-01 1.104000e-02 1.055560e-01
76 8.814840e-01 1.092400e-02 1.075920e-01
77 8.797640e-01 1.081200e-02 1.094240e-01
78 8.778680e-01 1.075200e-02 1.113800e-01
79 8.759680e-01 1.082000e-02 1.132120e-01
80 8.742040e-01 1.068400e-02 1.151120e-01
81 8.722280e-01 1.085600e-02 1.169160e-01
82 8.703280e-01 1.094400e-02 1.187280e-01
83 8.684560e-01 1.103200e-02 1.205120e-01
84 8.665200e-01 1.113200e-02 1.223480e-01
85 8.646760e-01 1.096400e-02 1.243600e-01
86 8.628560e-01 1.099600e-02 1.261480e-01
87 8.609960e-01 1.109200e-02 1.279120e-01
88 8.592800e-01 1.098800e-02 1.297320e-01
89 8.573760e-01 1.093600e-02 1.316880e-01
90 8.555920e-01 1.072000e-02 1.336880e-01
91 8.537800e-01 1.061600e-02 1.356040e-01
92 8.519160e-01 1.070800e-02 1.373760e-01
93 8.499600e-01 1.075200e-02 1.392880e-01
94 8.481960e-01 1.080400e-02 1.410000e-01
95 8.463080e-01 1.074000e-02 1.429520e-01
96 8.444880e-01 1.062000e-02 1.448920e-01
97 8.428880e-01 1.030400e-02 1.468080e-01
98 8.410680e-01 1.030800e-02 1.486240e-01
99 8.391640e-01 1.053600e-02 1.503000e-01
100 8.373480e-01 1.052400e-02 1.521280e-01
101 8.355640e-01 1.046400e-02 1.539720e-01
102 8.338280e-01 1.030400e-02 1.558680e-01
103 8.321440e-01 1.014000e-02 1.577160e-01
104 8.307320e-01 9.928000e-03 1.593400e-01
105 8.292240e-01 9.680000e-03 1.610960e-01
106 8.277240e-01 9.456000e-03 1.628200e-01
107 8.260360e-01 9.452000e-03 1.645120e-01
108 8.244400e-01 9.392000e-03 1.661680e-01
109 8.228840e-01 9.376000e-03 1.677400e-01
110 8.214200e-01 9.144000e-03 1.694360e-01
111 8.199400e-01 9.100000e-03 1.709600e-01
112 8.185640e-01 8.948000e-03 1.724880e-01
113 8.171920e-01 8.752000e-03 1.740560e-01
114 8.156960e-01 8.700000e-03 1.756040e-01
115 8.142720e-01 8.616000e-03 1.771120e-01
116 8.129640e-01 8.468000e-03 1.785680e-01
117 8.116160e-01 8.352000e-03 1.800320e-01
118 8.104000e-01 8.088000e-03 1.815120e-01
119 8.090360e-01 8.060000e-03 1.829040e-01
120 8.077720e-01 7.840000e-03 1.843880e-01
121 8.062680e-01 8.008000e-03 1.857240e-01
122 8.048760e-01 8.056000e-03 1.870680e-01
123 8.036440e-01 7.892000e-03 1.884640e-01
124 8.022960e-01 7.856000e-03 1.898480e-01
125 8.010080e-01 7.728000e-03 1.912640e-01
126 7.995840e-01 7.720000e-03 1.926960e-01
127 7.982560e-01 7.728000e-03 1.940160e-01
128 7.969760e-01 7.772000e-03 1.952520e-01
129 7.957400e-01 7.596000e-03 1.966640e-01
130 7.944760e-01 7.500000e-03 1.980240e-01
131 7.932680e-01 7.532000e-03 1.992000e-01
132 7.921840e-01 7.328000e-03 2.004880e-01
133 7.911840e-01 7.116000e-03 2.017000e-01
134 7.899680e-01 7.108000e-03 2.029240e-01
135 7.887840e-01 7.036000e-03 2.041800e-01
136 7.874080e-01 7.260000e-03 2.053320e-01
137 7.859320e-01 7.472000e-03 2.065960e-01
138 7.846880e-01 7.344000e-03 2.079680e-01
139 7.834520e-01 7.280000e-03 2.092680e-01
140 7.820120e-01 7.460000e-03 2.105280e-01
141 7.808280e-01 7.300000e-03 2.118720e-01
142 7.797240e-01 7.164000e-03 2.131120e-01
143 7.784880e-01 7.272000e-03 2.142400e-01
144 7.772960e-01 7.256000e-03 2.154480e-01
145 7.757880e-01 7.620000e-03 2.165920e-01
146 7.745400e-01 7.436000e-03 2.180240e-01
147 7.733320e-01 7.372000e-03 2.192960e-01
148 7.720280e-01 7.428000e-03 2.205440e-01
149 7.707560e-01 7.464000e-03 2.217800e-01
150 7.695880e-01 7.412000e-03 2.230000e-01
151 7.684040e-01 7.184000e-03 2.244120e-01
152 7.672680e-01 7.108000e-03 2.256240e-01
153 7.661880e-01 6.880000e-03 2.269320e-01
154 7.650320e-01 6.880000e-03 2.280880e-01
155 7.637760e-01 6.944000e-03 2.292800e-01
156 7.626680e-01 6.872000e-03 2.304600e-01
157 7.614760e-01 6.664000e-03 2.318600e-01
158 7.605200e-01 6.520000e-03 2.329600e-01
159 7.593520e-01 6.508000e-03 2.341400e-01
160 7.584120e-01 6.376000e-03 2.352120e-01
161 7.574320e-01 6.256000e-03 2.363120e-01
162 7.563760e-01 6.248000e-03 2.373760e-01
163 7.553280e-01 6.252000e-03 2.384200e-01
164 7.542480e-01 6.228000e-03 2.395240e-01
165 7.531400e-01 6.360000e-03 2.405000e-01
166 7.520320e-01 6.448000e-03 2.415200e-01
167 7.510000e-01 6.392000e-03 2.426080e-01
168 7.501000e-01 6.104000e-03 2.437960e-01
169 7.490600e-01 5.976000e-03 2.449640e-01
170 7.479040e-01 6.188000e-03 2.459080e-01
171 7.467280e-01 6.232000e-03 2.470400e-01
172 7.458320e-01 6.140000e-03 2.480280e-01
173 7.447400e-01 6.176000e-03 2.490840e-01
174 7.435160e-01 6.472000e-03 2.500120e-01
175 7.424080e-01 6.464000e-03 2.511280e-01
176 7.412000e-01 6.620000e-03 2.521800e-01
177 7.400280e-01 6.780000e-03 2.531920e-01
178 7.389160e-01 6.776000e-03 2.543080e-01
179 7.378880e-01 6.548000e-03 2.555640e-01
180 7.368040e-01 6.396000e-03 2.568000e-01
181 7.356840e-01 6.420000e-03 2.578960e-01
182 7.346800e-01 6.324000e-03 2.589960e-01
183 7.335920e-01 6.388000e-03 2.600200e-01
184 7.324880e-01 6.308000e-03 2.612040e-01
185 7.313680e-01 6.296000e-03 2.623360e-01
186 7.301720e-01 6.300000e-03 2.635280e-01
187 7.291200e-01 6.292000e-03 2.645880e-01
188 7.281280e-01 6.148000e-03 2.657240e-01
189 7.270680e-01 6.156000e-03 2.667760e-01
190 7.259240e-01 6.124000e-03 2.679520e-01
191 7.248840e-01 6.152000e-03 2.689640e-01
192 7.237960e-01 6.256000e-03 2.699480e-01
193 7.227000e-01 6.088000e-03 2.712120e-01
194 7.215680e-01 6.140000e-03 2.722920e-01
195 7.204200e-01 6.336000e-03 2.732440e-01
196 7.193400e-01 6.264000e-03 2.743960e-01
197 7.180560e-01 6.412000e-03 2.755320e-01
198 7.169400e-01 6.364000e-03 2.766960e-01
199 7.157720e-01 6.376000e-03 2.778520e-01
200 7.147000e-01 6.304000e-03 2.789960e-01
201 7.134880e-01 6.300000e-03 2.802120e-01
202 7.124800e-01 6.236000e-03 2.812840e-01
203 7.114400e-01 6.108000e-03 2.824520e-01
204 7.104680e-01 6.000000e-03 2.835320e-01
205 7.095400e-01 5.868000e-03 2.845920e-01
206 7.085000e-01 5.852000e-03 2.856480e-01
207 7.075680e-01 5.832000e-03 2.866000e-01
208 7.064400e-01 5.820000e-03 2.877400e-01
209 7.054560e-01 5.732000e-03 2.888120e-01
210 7.045320e-01 5.640000e-03 2.898280e-01
211 7.035080e-01 5.752000e-03 2.907400e-01
212 7.023960e-01 5.728000e-03 2.918760e-01
213 7.014320e-01 5.692000e-03 2.928760e-01
214 7.003400e-01 5.776000e-03 2.938840e-01
215 6.992920e-01 5.872000e-03 2.948360e-01
216 6.982760e-01 5.796000e-03 2.959280e-01
217 6.971880e-01 5.836000e-03 2.969760e-01
218 6.962720e-01 5.744000e-03 2.979840e-01
219 6.952200e-01 5.820000e-03 2.989600e-01
220 6.942080e-01 5.784000e-03 3.000080e-01
221 6.931400e-01 5.860000e-03 3.010000e-01
222 6.920160e-01 5.976000e-03 3.020080e-01
223 6.909000e-01 6.040000e-03 3.030600e-01
224 6.898240e-01 6.116000e-03 3.040600e-01
225 6.888240e-01 5.960000e-03 3.052160e-01
226 6.879000e-01 5.876000e-03 3.062240e-01
227 6.869480e-01 5.676000e-03 3.073760e-01
228 6.859080e-01 5.784000e-03 3.083080e-01
229 6.849680e-01 5.748000e-03 3.092840e-01
230 6.840400e-01 5.672000e-03 3.102880e-01
231 6.829960e-01 5.708000e-03 3.112960e-01
232 6.819400e-01 5.688000e-03 3.123720e-01
233 6.809480e-01 5.636000e-03 3.134160e-01
234 6.799480e-01 5.692000e-03 3.143600e-01
235 6.789800e-01 5.576000e-03 3.154440e-01
236 6.780280e-01 5.596000e-03 3.163760e-01
237 6.769520e-01 5.720000e-03 3.173280e-01
238 6.760360e-01 5.644000e-03 3.183200e-01
239 6.751520e-01 5.608000e-03 3.192400e-01
240 6.741280e-01 5.736000e-03 3.201360e-01
241 6.732120e-01 5.592000e-03 3.211960e-01
242 6.722680e-01 5.496000e-03 3.222360e-01
243 6.713920e-01 5.336000e-03 3.232720e-01
244 6.704760e-01 5.300000e-03 3.242240e-01
245 6.695360e-01 5.316000e-03 3.251480e-01
246 6.686880e-01 5.240000e-03 3.260720e-01
247 6.677600e-01 5.212000e-03 3.270280e-01
248 6.667840e-01 5.248000e-03 3.279680e-01
249 6.659560e-01 5.224000e-03 3.288200e-01
250 6.650760e-01 5.196000e-03 3.297280e-01
251 6.642720e-01 5.088000e-03 3.306400e-01
252 6.635360e-01 4.972000e-03 3.314920e-01
253 6.626720e-01 4.976000e-03 3.323520e-01
254 6.618840e-01 4.804000e-03 3.333120e-01
255 6.610280e-01 4.884000e-03 3.340880e-01
256 6.601520e-01 4.856000e-03 3.349920e-01
257 6.592600e-01 4.812000e-03 3.359280e-01
258 6.583960e-01 4.824000e-03 3.367800e-01
259 6.574320e-01 4.968000e-03 3.376000e-01
260 6.564440e-01 5.052000e-03 3.385040e-01
261 6.555280e-01 5.076000e-03 3.393960e-01
262 6.545760e-01 5.100000e-03 3.403240e-01
263 6.537160e-01 5.108000e-03 3.411760e-01
264 6.528200e-01 5.152000e-03 3.420280e-01
265 6.521240e-01 5.068000e-03 3.428080e-01
266 6.513720e-01 5.020000e-03 3.436080e-01
267 6.505720e-01 4.944000e-03 3.444840e-01
268 6.497880e-01 4.864000e-03 3.453480e-01
269 6.489440e-01 4.856000e-03 3.462000e-01
270 6.481240e-01 4.804000e-03 3.470720e-01
271 6.473800e-01 4.712000e-03 3.479080e-01
272 6.465440e-01 4.680000e-03 3.487760e-01
273 6.457120e-01 4.604000e-03 3.496840e-01
274 6.448920e-01 4.480000e-03 3.506280e-01
275 6.442440e-01 4.360000e-03 3.513960e-01
276 6.435880e-01 4.268000e-03 3.521440e-01
277 6.428360e-01 4.268000e-03 3.528960e-01
278 6.422720e-01 4.052000e-03 3.536760e-01
279 6.415800e-01 3.928000e-03 3.544920e-01
280 6.409640e-01 3.856000e-03 3.551800e-01
281 6.403760e-01 3.760000e-03 3.558640e-01
282 6.397320e-01 3.712000e-03 3.565560e-01
283 6.392440e-01 3.576000e-03 3.571800e-01
284 6.387080e-01 3.472000e-03 3.578200e-01
285 6.381560e-01 3.408000e-03 3.584360e-01
286 6.375440e-01 3.392000e-03 3.590640e-01
287 6.369080e-01 3.468000e-03 3.596240e-01
288 6.363720e-01 3.392000e-03 3.602360e-01
289 6.356680e-01 3.504000e-03 3.608280e-01
290 6.350000e-01 3.528000e-03 3.614720e-01
291 6.344200e-01 3.468000e-03 3.621120e-01
292 6.338640e-01 3.476000e-03 3.626600e-01
293 6.333160e-01 3.312000e-03 3.633720e-01
294 6.328840e-01 3.116000e-03 3.640000e-01
295 6.324000e-01 3.088000e-03 3.645120e-01
296 6.318480e-01 3.152000e-03 3.650000e-01
297 6.313120e-01 3.168000e-03 3.655200e-01
298 6.307720e-01 3.164000e-03 3.660640e-01
299 6.301920e-01 3.204000e-03 3.666040e-01
300 6.295800e-01 3.256000e-03 3.671640e-01
301 6.290680e-01 3.172000e-03 3.677600e-01
302 6.285400e-01 3.140000e-03 3.683200e-01
303 6.280800e-01 3.072000e-03 3.688480e-01
304 6.276360e-01 2.992000e-03 3.693720e-01
305 6.270920e-01 3.012000e-03 3.698960e-01
306 6.266760e-01 2.844000e-03 3.704800e-01
307 6.261560e-01 2.832000e-03 3.710120e-01
308 6.256600e-01 2.780000e-03 3.715600e-01
309 6.251920e-01 2.748000e-03 3.720600e-01
310 6.248080e-01 2.632000e-03 3.725600e-01
311 6.243600e-01 2.644000e-03 3.729960e-01
312 6.239080e-01 2.620000e-03 3.734720e-01
313 6.234720e-01 2.628000e-03 3.739000e-01
314 6.230560e-01 2.536000e-03 3.744080e-01
315 6.226120e-01 2.540000e-03 3.748480e-01
316 6.222200e-01 2.468000e-03 3.753120e-01
317 6.217240e-01 2.532000e-03 3.757440e-01
318 6.213080e-01 2.468000e-03 3.762240e-01
319 6.208960e-01 2.456000e-03 3.766480e-01
320 6.204240e-01 2.472000e-03 3.771040e-01
321 6.200360e-01 2.484000e-03 3.774800e-01
322 6.196440e-01 2.456000e-03 3.779000e-01
323 6.191960e-01 2.528000e-03 3.782760e-01
324 6.187200e-01 2.560000e-03 3.787200e-01
325 6.183560e-01 2.512000e-03 3.791320e-01
326 6.179640e-01 2.476000e-03 3.795600e-01
327 6.175520e-01 2.448000e-03 3.800000e-01
328 6.172440e-01 2.292000e-03 3.804640e-01
329 6.168360e-01 2.280000e-03 3.808840e-01
330 6.164520e-01 2.224000e-03 3.813240e-01
331 6.160800e-01 2.200000e-03 3.817200e-01
332 6.157240e-01 2.172000e-03 3.821040e-01
333 6.153160e-01 2.208000e-03 3.824760e-01
334 6.149240e-01 2.232000e-03 3.828440e-01
335 6.146160e-01 2.116000e-03 3.832680e-01
336 6.142360e-01 2.204000e-03 3.835600e-01
337 6.137840e-01 2.256000e-03 3.839600e-01
338 6.134240e-01 2.244000e-03 3.843320e-01
339 6.130560e-01 2.264000e-03 3.846800e-01
340 6.127320e-01 2.184000e-03 3.850840e-01
341 6.124320e-01 2.096000e-03 3.854720e-01
342 6.120720e-01 2.120000e-03 3.858080e-01
343 6.116720e-01 2.196000e-03 3.861320e-01
344 6.112400e-01 2.184000e-03 3.865760e-01
345 6.107960e-01 2.300000e-03 3.869040e-01
346 6.103640e-01 2.356000e-03 3.872800e-01
347 6.099560e-01 2.356000e-03 3.876880e-01
348 6.095960e-01 2.332000e-03 3.880720e-01
349 6.090960e-01 2.396000e-03 3.885080e-01
350 6.086160e-01 2.552000e-03 3.888320e-01
351 6.082400e-01 2.524000e-03 3.892360e-01
352 6.077240e-01 2.592000e-03 3.896840e-01
353 6.072280e-01 2.648000e-03 3.901240e-01
354 6.067360e-01 2.704000e-03 3.905600e-01
355 6.061680e-01 2.808000e-03 3.910240e-01
356 6.056720e-01 2.804000e-03 3.915240e-01
357 6.051680e-01 2.776000e-03 3.920560e-01
358 6.048240e-01 2.704000e-03 3.924720e-01
359 6.043640e-01 2.604000e-03 3.930320e-01
360 6.039640e-01 2.596000e-03 3.934400e-01
361 6.034280e-01 2.716000e-03 3.938560e-01
362 6.029760e-01 2.672000e-03 3.943520e-01
363 6.025200e-01 2.620000e-03 3.948600e-01
364 6.021400e-01 2.504000e-03 3.953560e-01
365 6.016680e-01 2.544000e-03 3.957880e-01
366 6.013320e-01 2.548000e-03 3.961200e-01
367 6.009800e-01 2.356000e-03 3.966640e-01
368 6.006680e-01 2.212000e-03 3.971200e-01
369 6.004080e-01 2.128000e-03 3.974640e-01
370 6.001120e-01 2.092000e-03 3.977960e-01
371 5.998080e-01 2.032000e-03 3.981600e-01
372 5.994800e-01 1.984000e-03 3.985360e-01
373 5.991640e-01 1.980000e-03 3.988560e-01
374 5.989280e-01 1.888000e-03 3.991840e-01
375 5.986920e-01 1.788000e-03 3.995200e-01
376 5.984040e-01 1.752000e-03 3.998440e-01
377 5.981280e-01 1.752000e-03 4.001200e-01
378 5.978480e-01 1.720000e-03 4.004320e-01
379 5.975960e-01 1.620000e-03 4.007840e-01
380 5.972880e-01 1.604000e-03 4.011080e-01
381 5.969960e-01 1.556000e-03 4.014480e-01
382 5.967200e-01 1.596000e-03 4.016840e-01
383 5.964640e-01 1.492000e-03 4.020440e-01
384 5.962240e-01 1.440000e-03 4.023360e-01
385 5.959760e-01 1.424000e-03 4.026000e-01
386 5.957160e-01 1.428000e-03 4.028560e-01
387 5.954400e-01 1.444000e-03 4.031160e-01
388 5.951960e-01 1.440000e-03 4.033640e-01
389 5.949200e-01 1.492000e-03 4.035880e-01
390 5.946560e-01 1.500000e-03 4.038440e-01
391 5.943320e-01 1.532000e-03 4.041360e-01
392 5.940640e-01 1.564000e-03 4.043720e-01
393 5.937440e-01 1.612000e-03 4.046440e-01
394 5.934920e-01 1.556000e-03 4.049520e-01
395 5.932640e-01 1.540000e-03 4.051960e-01
396 5.930080e-01 1.544000e-03 4.054480e-01
397 5.927680e-01 1.508000e-03 4.057240e-01
398 5.925680e-01 1.468000e-03 4.059640e-01
399 5.923200e-01 1.488000e-03 4.061920e-01
400 5.920480e-01 1.500000e-03 4.064520e-01
401 5.917760e-01 1.508000e-03 4.067160e-01
402 5.914840e-01 1.496000e-03 4.070200e-01
403 5.912360e-01 1.520000e-03 4.072440e-01
404 5.910120e-01 1.476000e-03 4.075120e-01
405 5.907920e-01 1.432000e-03 4.077760e-01
406 5.905280e-01 1.420000e-03 4.080520e-01
407 5.902960e-01 1.456000e-03 4.082480e-01
408 5.900720e-01 1.388000e-03 4.085400e-01
409 5.898920e-01 1.364000e-03 4.087440e-01
410 5.896720e-01 1.324000e-03 4.090040e-01
411 5.894720e-01 1.272000e-03 4.092560e-01
412 5.892640e-01 1.252000e-03 4.094840e-01
413 5.890520e-01 1.256000e-03 4.096920e-01
414 5.888760e-01 1.216000e-03 4.099080e-01
415 5.886600e-01 1.212000e-03 4.101280e-01
416 5.884920e-01 1.156000e-03 4.103520e-01
417 5.883600e-01 1.136000e-03 4.105040e-01
418 5.881600e-01 1.148000e-03 4.106920e-01
419 5.879440e-01 1.144000e-03 4.109120e-01
420 5.877520e-01 1.092000e-03 4.111560e-01
421 5.875280e-01 1.148000e-03 4.113240e-01
422 5.873600e-01 1.144000e-03 4.114960e-01
423 5.872120e-01 1.096000e-03 4.116920e-01
424 5.870360e-01 1.056000e-03 4.119080e-01
425 5.868400e-01 1.076000e-03 4.120840e-01
426 5.866480e-01 1.084000e-03 4.122680e-01
427 5.864640e-01 1.048000e-03 4.124880e-01
428 5.863280e-01 1.012000e-03 4.126600e-01
429 5.861800e-01 9.640000e-04 4.128560e-01
430 5.859920e-01 9.720000e-04 4.130360e-01
431 5.858040e-01 1.016000e-03 4.131800e-01
432 5.856480e-01 1.012000e-03 4.133400e-01
433 5.854760e-01 1.028000e-03 4.134960e-01
434 5.853120e-01 9.840000e-04 4.137040e-01
435 5.851440e-01 9.920000e-04 4.138640e-01
436 5.849400e-01 1.000000e-03 4.140600e-01
437 5.847160e-01 1.036000e-03 4.142480e-01
438 5.845480e-01 1.028000e-03 4.144240e-01
439 5.843760e-01 1.024000e-03 4.146000e-01
440 5.842280e-01 9.920000e-04 4.147800e-01
441 5.840960e-01 9.600000e-04 4.149440e-01
442 5.838880e-01 9.800000e-04 4.151320e-01
443 5.837480e-01 9.480000e-04 4.153040e-01
444 5.835600e-01 9.680000e-04 4.154720e-01
445 5.833480e-01 1.032000e-03 4.156200e-01
446 5.831400e-01 1.064000e-03 4.157960e-01
447 5.828840e-01 1.128000e-03 4.159880e-01
448 5.827000e-01 1.144000e-03 4.161560e-01
449 5.825320e-01 1.148000e-03 4.163200e-01
450 5.822880e-01 1.152000e-03 4.165600e-01
451 5.821400e-01 1.100000e-03 4.167600e-01
452 5.819840e-01 1.084000e-03 4.169320e-01
453 5.818200e-01 1.072000e-03 4.171080e-01
454 5.816600e-01 1.084000e-03 4.172560e-01
455 5.815320e-01 1.004000e-03 4.174640e-01
456 5.814120e-01 9.760000e-04 4.176120e-01
457 5.812800e-01 9.040000e-04 4.178160e-01
458 5.811200e-01 9.240000e-04 4.179560e-01
459 5.809720e-01 9.040000e-04 4.181240e-01
460 5.808840e-01 8.240000e-04 4.182920e-01
461 5.807560e-01 8.200000e-04 4.184240e-01
462 5.806440e-01 7.880000e-04 4.185680e-01
463 5.805560e-01 7.160000e-04 4.187280e-01
464 5.804680e-01 6.840000e-04 4.188480e-01
465 5.803720e-01 6.800000e-04 4.189480e-01
466 5.802520e-01 6.840000e-04 4.190640e-01
467 5.801840e-01 6.440000e-04 4.191720e-01
468 5.801000e-01 6.080000e-04 4.192920e-01
469 5.800680e-01 5.520000e-04 4.193800e-01
470 5.799920e-01 5.520000e-04 4.194560e-01
471 5.798360e-01 6.160000e-04 4.195480e-01
472 5.797360e-01 6.240000e-04 4.196400e-01
473 5.796120e-01 6.360000e-04 4.197520e-01
474 5.794960e-01 6.600000e-04 4.198440e-01
475 5.793880e-01 6.400000e-04 4.199720e-01
476 5.792800e-01 6.040000e-04 4.201160e-01
477 5.791520e-01 6.120000e-04 4.202360e-01
478 5.790520e-01 5.880000e-04 4.203600e-01
479 5.789400e-01 5.800000e-04 4.204800e-01
480 5.788560e-01 5.480000e-04 4.205960e-01
481 5.787560e-01 5.560000e-04 4.206880e-01
482 5.786880e-01 5.280000e-04 4.207840e-01
483 5.786280e-01 5.000000e-04 4.208720e-01
484 5.785680e-01 5.040000e-04 4.209280e-01
485 5.785120e-01 4.800000e-04 4.210080e-01
486 5.784440e-01 4.320000e-04 4.211240e-01
487 5.783720e-01 4.440000e-04 4.211840e-01
488 5.783160e-01 4.240000e-04 4.212600e-01
489 5.783000e-01 3.560000e-04 4.213440e-01
490 5.782600e-01 3.360000e-04 4.214040e-01
491 5.782040e-01 3.320000e-04 4.214640e-01
492 5.781920e-01 2.960000e-04 4.215120e-01
493 5.781280e-01 3.080000e-04 4.215640e-01
494 5.781000e-01 2.920000e-04 4.216080e-01
495 5.780760e-01 2.360000e-04 4.216880e-01
496 5.780600e-01 2.000000e-04 4.217400e-01
497 5.780360e-01 1.920000e-04 4.217720e-01
498 5.780080e-01 2.080000e-04 4.217840e-01
499 5.779800e-01 2.160000e-04 4.218040e-01
500 5.779640e-01 2.000000e-04 4.218360e-01
