1 9.991480e-01 7.680000e-04 8.400000e-05
2 9.986360e-01 1.112000e-03 2.520000e-04
3 9.979640e-01 1.536000e-03 5.000000e-04
4 9.971960e-01 1.912000e-03 8.920000e-04
5 9.963800e-01 2.392000e-03 1.228000e-03
6 9.954720e-01 2.816000e-03 1.712000e-03
7 9.946280e-01 3.168000e-03 2.204000e-03
8 9.936480e-01 3.572000e-03 2.780000e-03
9 9.926840e-01 3.928000e-03 3.388000e-03
10 9.917240e-01 4.244000e-03 4.032000e-03
11 9.907640e-01 4.428000e-03 4.808000e-03
12 9.896720e-01 4.732000e-03 5.596000e-03
13 9.884320e-01 5.076000e-03 6.492000e-03
14 9.872240e-01 5.352000e-03 7.424000e-03
15 9.859720e-01 5.696000e-03 8.332000e-03
16 9.847400e-01 5.904000e-03 9.356000e-03
17 9.833120e-01 6.168000e-03 1.052000e-02
18 9.819080e-01 6.452000e-03 1.164000e-02
19 9.806200e-01 6.620000e-03 1.276000e-02
20 9.791520e-01 6.876000e-03 1.397200e-02
21 9.777640e-01 6.972000e-03 1.526400e-02
22 9.763120e-01 7.124000e-03 1.656400e-02
23 9.749400e-01 7.264000e-03 1.779600e-02
24 9.735520e-01 7.468000e-03 1.898000e-02
25 9.721440e-01 7.640000e-03 2.021600e-02
26 9.706520e-01 7.904000e-03 2.144400e-02
27 9.690560e-01 8.016000e-03 2.292800e-02
28 9.675040e-01 8.136000e-03 2.436000e-02
29 9.659960e-01 8.244000e-03 2.576000e-02
30 9.644440e-01 8.260000e-03 2.729600e-02
31 9.629000e-01 8.356000e-03 2.874400e-02
32 9.615080e-01 8.280000e-03 3.021200e-02
33 9.601360e-01 8.200000e-03 3.166400e-02
34 9.587240e-01 8.108000e-03 3.316800e-02
35 9.572440e-01 8.084000e-03 3.467200e-02
36 9.557320e-01 8.172000e-03 3.609600e-02
37 9.541960e-01 8.084000e-03 3.772000e-02
38 9.526920e-01 8.156000e-03 3.915200e-02
39 9.512160e-01 8.220000e-03 4.056400e-02
40 9.497040e-01 8.368000e-03 4.192800e-02
41 9.482360e-01 8.312000e-03 4.345200e-02
42 9.467560e-01 8.316000e-03 4.492800e-02
43 9.450960e-01 8.512000e-03 4.639200e-02
44 9.437840e-01 8.400000e-03 4.781600e-02
45 9.423520e-01 8.300000e-03 4.934800e-02
46 9.409160e-01 8.376000e-03 5.070800e-02
47 9.394200e-01 8.484000e-03 5.209600e-02
48 9.379920e-01 8.272000e-03 5.373600e-02
49 9.364360e-01 8.412000e-03 5.515200e-02
50 9.349280e-01 8.592000e-03 5.648000e-02
51 9.334800e-01 8.472000e-03 5.804800e-02
52 9.319200e-01 8.588000e-03 5.949200e-02
53 9.304280e-01 8.512000e-03 6.106000e-02
54 9.288840e-01 8.612000e-03 6.250400e-02
55 9.274360e-01 8.540000e-03 6.402400e-02
56 9.260200e-01 8.440000e-03 6.554000e-02
57 9.247320e-01 8.212000e-03 6.705600e-02
58 9.233040e-01 8.300000e-03 6.839600e-02
59 9.218720e-01 8.228000e-03 6.990000e-02
60 9.205400e-01 8.120000e-03 7.134000e-02
61 9.191120e-01 7.944000e-03 7.294400e-02
62 9.178600e-01 7.888000e-03 7.425200e-02
63 9.163800e-01 7.924000e-03 7.569600e-02
64 9.149840e-01 7.920000e-03 7.709600e-02
65 9.135680e-01 7.984000e-03 7.844800e-02
66 9.121560e-01 7.856000e-03 7.998800e-02
67 9.106720e-01 8.116000e-03 8.121200e-02
68 9.092880e-01 8.116000e-03 8.259600e-02
69 9.078120e-01 8.324000e-03 8.386400e-02
70 9.062720e-01 8.424000e-03 8.530400e-02
71 9.046280e-01 8.560000e-03 8.681200e-02
72 9.031800e-01 8.496000e-03 8.832400e-02
73 9.016960e-01 8.560000e-03 8.974400e-02
74 9.002640e-01 8.520000e-03 9.121600e-02
75 8.987560e-01 8.636000e-03 9.260800e-02
76 8.972960e-01 8.556000e-03 9.414800e-02
77 8.959160e-01 8.508000e-03 9.557600e-02
78 8.944640e-01 8.316000e-03 9.722000e-02
79 8.930400e-01 8.232000e-03 9.872800e-02
80 8.917320e-01 8.176000e-03 1.000920e-01
81 8.903800e-01 8.092000e-03 1.015280e-01
82 8.891160e-01 7.996000e-03 1.028880e-01
83 8.878080e-01 7.880000e-03 1.043120e-01
84 8.865120e-01 7.716000e-03 1.057720e-01
85 8.851560e-01 7.616000e-03 1.072280e-01
86 8.838880e-01 7.632000e-03 1.084800e-01
87 8.826520e-01 7.532000e-03 1.098160e-01
88 8.815640e-01 7.132000e-03 1.113040e-01
89 8.803560e-01 7.052000e-03 1.125920e-01
90 8.790720e-01 7.072000e-03 1.138560e-01
91 8.778720e-01 7.000000e-03 1.151280e-01
92 8.766360e-01 6.964000e-03 1.164000e-01
93 8.754720e-01 6.896000e-03 1.176320e-01
94 8.744480e-01 6.680000e-03 1.188720e-01
95 8.733280e-01 6.488000e-03 1.201840e-01
96 8.722240e-01 6.532000e-03 1.212440e-01
97 8.711000e-01 6.488000e-03 1.224120e-01
98 8.699000e-01 6.592000e-03 1.235080e-01
99 8.686680e-01 6.640000e-03 1.246920e-01
100 8.676160e-01 6.616000e-03 1.257680e-01
101 8.666120e-01 6.452000e-03 1.269360e-01
102 8.655320e-01 6.356000e-03 1.281120e-01
103 8.643520e-01 6.460000e-03 1.291880e-01
104 8.633040e-01 6.256000e-03 1.304400e-01
105 8.624120e-01 6.056000e-03 1.315320e-01
106 8.614880e-01 5.880000e-03 1.326320e-01
107 8.606200e-01 5.812000e-03 1.335680e-01
108 8.595200e-01 5.912000e-03 1.345680e-01
109 8.585840e-01 5.856000e-03 1.355600e-01
110 8.577320e-01 5.664000e-03 1.366040e-01
111 8.567120e-01 5.752000e-03 1.375360e-01
112 8.558680e-01 5.620000e-03 1.385120e-01
113 8.548480e-01 5.692000e-03 1.394600e-01
114 8.538720e-01 5.720000e-03 1.404080e-01
115 8.528320e-01 5.912000e-03 1.412560e-01
116 8.519360e-01 5.688000e-03 1.423760e-01
117 8.508480e-01 5.844000e-03 1.433080e-01
118 8.496800e-01 5.976000e-03 1.443440e-01
119 8.486600e-01 5.976000e-03 1.453640e-01
120 8.475840e-01 5.996000e-03 1.464200e-01
121 8.466240e-01 5.948000e-03 1.474280e-01
122 8.456160e-01 5.960000e-03 1.484240e-01
123 8.445720e-01 5.868000e-03 1.495600e-01
124 8.435520e-01 5.876000e-03 1.505720e-01
125 8.425920e-01 5.760000e-03 1.516480e-01
126 8.415400e-01 5.876000e-03 1.525840e-01
127 8.405400e-01 5.864000e-03 1.535960e-01
128 8.393600e-01 5.900000e-03 1.547400e-01
129 8.382640e-01 5.988000e-03 1.557480e-01
130 8.373920e-01 5.844000e-03 1.567640e-01
131 8.365200e-01 5.648000e-03 1.578320e-01
132 8.355360e-01 5.628000e-03 1.588360e-01
133 8.346480e-01 5.572000e-03 1.597800e-01
134 8.337720e-01 5.444000e-03 1.607840e-01
135 8.328840e-01 5.396000e-03 1.617200e-01
136 8.320480e-01 5.344000e-03 1.626080e-01
137 8.312480e-01 5.212000e-03 1.635400e-01
138 8.304120e-01 5.192000e-03 1.643960e-01
139 8.295440e-01 5.188000e-03 1.652680e-01
140 8.285920e-01 5.248000e-03 1.661600e-01
141 8.276600e-01 5.228000e-03 1.671120e-01
142 8.267760e-01 5.108000e-03 1.681160e-01
143 8.260600e-01 4.976000e-03 1.689640e-01
144 8.252120e-01 4.984000e-03 1.698040e-01
145 8.243200e-01 5.008000e-03 1.706720e-01
146 8.234200e-01 5.036000e-03 1.715440e-01
147 8.225320e-01 4.964000e-03 1.725040e-01
148 8.218480e-01 4.916000e-03 1.732360e-01
149 8.210360e-01 4.868000e-03 1.740960e-01
150 8.202680e-01 4.676000e-03 1.750560e-01
151 8.194680e-01 4.684000e-03 1.758480e-01
152 8.186160e-01 4.712000e-03 1.766720e-01
153 8.177080e-01 4.764000e-03 1.775280e-01
154 8.168760e-01 4.816000e-03 1.783080e-01
155 8.159320e-01 4.828000e-03 1.792400e-01
156 8.151280e-01 4.780000e-03 1.800920e-01
157 8.142080e-01 4.936000e-03 1.808560e-01
158 8.133320e-01 4.932000e-03 1.817360e-01
159 8.125080e-01 4.868000e-03 1.826240e-01
160 8.116120e-01 4.872000e-03 1.835160e-01
161 8.107480e-01 4.876000e-03 1.843760e-01
162 8.098720e-01 4.972000e-03 1.851560e-01
163 8.089800e-01 4.988000e-03 1.860320e-01
164 8.081080e-01 5.064000e-03 1.868280e-01
165 8.072920e-01 5.076000e-03 1.876320e-01
166 8.065360e-01 4.904000e-03 1.885600e-01
167 8.057440e-01 4.836000e-03 1.894200e-01
168 8.050160e-01 4.700000e-03 1.902840e-01
169 8.041600e-01 4.660000e-03 1.911800e-01
170 8.033320e-01 4.640000e-03 1.920280e-01
171 8.024080e-01 4.792000e-03 1.928000e-01
172 8.016200e-01 4.820000e-03 1.935600e-01
173 8.007720e-01 4.748000e-03 1.944800e-01
174 7.999560e-01 4.660000e-03 1.953840e-01
175 7.991560e-01 4.700000e-03 1.961440e-01
176 7.983840e-01 4.672000e-03 1.969440e-01
177 7.975320e-01 4.636000e-03 1.978320e-01
178 7.966760e-01 4.628000e-03 1.986960e-01
179 7.959960e-01 4.424000e-03 1.995800e-01
180 7.950720e-01 4.608000e-03 2.003200e-01
181 7.942600e-01 4.588000e-03 2.011520e-01
182 7.934920e-01 4.612000e-03 2.018960e-01
183 7.927360e-01 4.452000e-03 2.028120e-01
184 7.919720e-01 4.452000e-03 2.035760e-01
185 7.912320e-01 4.432000e-03 2.043360e-01
186 7.903520e-01 4.644000e-03 2.050040e-01
187 7.894280e-01 4.800000e-03 2.057720e-01
188 7.885800e-01 4.864000e-03 2.065560e-01
189 7.876480e-01 4.964000e-03 2.073880e-01
190 7.867520e-01 5.100000e-03 2.081480e-01
191 7.858640e-01 5.060000e-03 2.090760e-01
192 7.851240e-01 4.928000e-03 2.099480e-01
193 7.843480e-01 4.752000e-03 2.109000e-01
194 7.834680e-01 4.896000e-03 2.116360e-01
195 7.826120e-01 4.980000e-03 2.124080e-01
196 7.817760e-01 4.956000e-03 2.132680e-01
197 7.809080e-01 4.936000e-03 2.141560e-01
198 7.800400e-01 4.968000e-03 2.149920e-01
199 7.791160e-01 4.980000e-03 2.159040e-01
200 7.781600e-01 5.068000e-03 2.167720e-01
201 7.772440e-01 5.116000e-03 2.176400e-01
202 7.762880e-01 5.248000e-03 2.184640e-01
203 7.753720e-01 5.252000e-03 2.193760e-01
204 7.743880e-01 5.388000e-03 2.202240e-01
205 7.733840e-01 5.472000e-03 2.211440e-01
206 7.724560e-01 5.392000e-03 2.221520e-01
207 7.715360e-01 5.400000e-03 2.230640e-01
208 7.706880e-01 5.232000e-03 2.240800e-01
209 7.697760e-01 5.112000e-03 2.251120e-01
210 7.689200e-01 5.192000e-03 2.258880e-01
211 7.681520e-01 5.100000e-03 2.267480e-01
212 7.672720e-01 5.092000e-03 2.276360e-01
213 7.664120e-01 5.044000e-03 2.285440e-01
214 7.656120e-01 4.972000e-03 2.294160e-01
215 7.649160e-01 4.696000e-03 2.303880e-01
216 7.642560e-01 4.664000e-03 2.310800e-01
217 7.634520e-01 4.704000e-03 2.318440e-01
218 7.626800e-01 4.724000e-03 2.325960e-01
219 7.619400e-01 4.632000e-03 2.334280e-01
220 7.611200e-01 4.648000e-03 2.342320e-01
221 7.603040e-01 4.700000e-03 2.349960e-01
222 7.594360e-01 4.680000e-03 2.358840e-01
223 7.585960e-01 4.680000e-03 2.367240e-01
224 7.577360e-01 4.672000e-03 2.375920e-01
225 7.569360e-01 4.676000e-03 2.383880e-01
226 7.561400e-01 4.644000e-03 2.392160e-01
227 7.554600e-01 4.404000e-03 2.401360e-01
228 7.548000e-01 4.308000e-03 2.408920e-01
229 7.541640e-01 4.184000e-03 2.416520e-01
230 7.535160e-01 4.148000e-03 2.423360e-01
231 7.528240e-01 4.176000e-03 2.430000e-01
232 7.521440e-01 4.112000e-03 2.437440e-01
233 7.514560e-01 4.132000e-03 2.444120e-01
234 7.506560e-01 4.120000e-03 2.452240e-01
235 7.499120e-01 4.196000e-03 2.458920e-01
236 7.492640e-01 4.048000e-03 2.466880e-01
237 7.486480e-01 3.932000e-03 2.474200e-01
238 7.481040e-01 3.852000e-03 2.480440e-01
239 7.475160e-01 3.752000e-03 2.487320e-01
240 7.468880e-01 3.696000e-03 2.494160e-01
241 7.462840e-01 3.584000e-03 2.501320e-01
242 7.456480e-01 3.536000e-03 2.508160e-01
243 7.450160e-01 3.544000e-03 2.514400e-01
244 7.443400e-01 3.552000e-03 2.521080e-01
245 7.436400e-01 3.680000e-03 2.526800e-01
246 7.430120e-01 3.632000e-03 2.533560e-01
247 7.422920e-01 3.716000e-03 2.539920e-01
248 7.415680e-01 3.752000e-03 2.546800e-01
249 7.408720e-01 3.824000e-03 2.553040e-01
250 7.402520e-01 3.712000e-03 2.560360e-01
251 7.395320e-01 3.812000e-03 2.566560e-01
252 7.387960e-01 3.928000e-03 2.572760e-01
253 7.379880e-01 4.020000e-03 2.579920e-01
254 7.372320e-01 4.088000e-03 2.586800e-01
255 7.366120e-01 4.008000e-03 2.593800e-01
256 7.359680e-01 3.940000e-03 2.600920e-01
257 7.353840e-01 3.776000e-03 2.608400e-01
258 7.348320e-01 3.680000e-03 2.614880e-01
259 7.342320e-01 3.696000e-03 2.620720e-01
260 7.337400e-01 3.528000e-03 2.627320e-01
261 7.332960e-01 3.356000e-03 2.633480e-01
262 7.328320e-01 3.236000e-03 2.639320e-01
263 7.323560e-01 3.152000e-03 2.644920e-01
264 7.317840e-01 3.184000e-03 2.650320e-01
265 7.313800e-01 3.068000e-03 2.655520e-01
266 7.309560e-01 2.996000e-03 2.660480e-01
267 7.305840e-01 2.888000e-03 2.665280e-01
268 7.301000e-01 2.860000e-03 2.670400e-01
269 7.296920e-01 2.748000e-03 2.675600e-01
270 7.292560e-01 2.676000e-03 2.680680e-01
271 7.287960e-01 2.740000e-03 2.684640e-01
272 7.283560e-01 2.728000e-03 2.689160e-01
273 7.278920e-01 2.708000e-03 2.694000e-01
274 7.273600e-01 2.696000e-03 2.699440e-01
275 7.269440e-01 2.688000e-03 2.703680e-01
276 7.265440e-01 2.612000e-03 2.708440e-01
277 7.261720e-01 2.496000e-03 2.713320e-01
278 7.257320e-01 2.508000e-03 2.717600e-01
279 7.253640e-01 2.356000e-03 2.722800e-01
280 7.248840e-01 2.472000e-03 2.726440e-01
281 7.244280e-01 2.380000e-03 2.731920e-01
282 7.240120e-01 2.372000e-03 2.736160e-01
283 7.236320e-01 2.312000e-03 2.740560e-01
284 7.232800e-01 2.228000e-03 2.744920e-01
285 7.229240e-01 2.160000e-03 2.749160e-01
286 7.224960e-01 2.204000e-03 2.753000e-01
287 7.220640e-01 2.268000e-03 2.756680e-01
288 7.215800e-01 2.352000e-03 2.760680e-01
289 7.211720e-01 2.356000e-03 2.764720e-01
290 7.207880e-01 2.356000e-03 2.768560e-01
291 7.203880e-01 2.336000e-03 2.772760e-01
292 7.199680e-01 2.380000e-03 2.776520e-01
293 7.196320e-01 2.352000e-03 2.780160e-01
294 7.191840e-01 2.308000e-03 2.785080e-01
295 7.188360e-01 2.276000e-03 2.788880e-01
296 7.185000e-01 2.168000e-03 2.793320e-01
297 7.182080e-01 2.092000e-03 2.797000e-01
298 7.178080e-01 2.132000e-03 2.800600e-01
299 7.173720e-01 2.204000e-03 2.804240e-01
300 7.169720e-01 2.236000e-03 2.807920e-01
301 7.165360e-01 2.312000e-03 2.811520e-01
302 7.161120e-01 2.364000e-03 2.815240e-01
303 7.157160e-01 2.428000e-03 2.818560e-01
304 7.153440e-01 2.288000e-03 2.823680e-01
305 7.149040e-01 2.380000e-03 2.827160e-01
306 7.145320e-01 2.312000e-03 2.831560e-01
307 7.142320e-01 2.244000e-03 2.835240e-01
308 7.138840e-01 2.152000e-03 2.839640e-01
309 7.135720e-01 2.048000e-03 2.843800e-01
310 7.132800e-01 2.012000e-03 2.847080e-01
311 7.129200e-01 2.100000e-03 2.849800e-01
312 7.125600e-01 2.132000e-03 2.853080e-01
313 7.122560e-01 2.060000e-03 2.856840e-01
314 7.119160e-01 2.036000e-03 2.860480e-01
315 7.116120e-01 1.952000e-03 2.864360e-01
316 7.113440e-01 1.852000e-03 2.868040e-01
317 7.110760e-01 1.796000e-03 2.871280e-01
318 7.107360e-01 1.816000e-03 2.874480e-01
319 7.104560e-01 1.784000e-03 2.877600e-01
320 7.102120e-01 1.696000e-03 2.880920e-01
321 7.099600e-01 1.632000e-03 2.884080e-01
322 7.097240e-01 1.568000e-03 2.887080e-01
323 7.094920e-01 1.524000e-03 2.889840e-01
324 7.092080e-01 1.544000e-03 2.892480e-01
325 7.089320e-01 1.580000e-03 2.894880e-01
326 7.086040e-01 1.628000e-03 2.897680e-01
327 7.082960e-01 1.672000e-03 2.900320e-01
328 7.079120e-01 1.780000e-03 2.903080e-01
329 7.075800e-01 1.820000e-03 2.906000e-01
330 7.071640e-01 1.960000e-03 2.908760e-01
331 7.067680e-01 2.016000e-03 2.912160e-01
332 7.064520e-01 1.940000e-03 2.916080e-01
333 7.060880e-01 1.928000e-03 2.919840e-01
334 7.057120e-01 1.948000e-03 2.923400e-01
335 7.052920e-01 2.016000e-03 2.926920e-01
336 7.049600e-01 2.072000e-03 2.929680e-01
337 7.045720e-01 2.036000e-03 2.933920e-01
338 7.042120e-01 2.060000e-03 2.937280e-01
339 7.038640e-01 2.084000e-03 2.940520e-01
340 7.035720e-01 1.992000e-03 2.944360e-01
341 7.032160e-01 2.024000e-03 2.947600e-01
342 7.029160e-01 1.984000e-03 2.951000e-01
343 7.026280e-01 1.864000e-03 2.955080e-01
344 7.023280e-01 1.856000e-03 2.958160e-01
345 7.019880e-01 1.856000e-03 2.961560e-01
346 7.017200e-01 1.788000e-03 2.964920e-01
347 7.014320e-01 1.744000e-03 2.968240e-01
348 7.011480e-01 1.732000e-03 2.971200e-01
349 7.008840e-01 1.696000e-03 2.974200e-01
350 7.006600e-01 1.648000e-03 2.976920e-01
351 7.003840e-01 1.596000e-03 2.980200e-01
352 7.001000e-01 1.564000e-03 2.983360e-01
353 6.998640e-01 1.508000e-03 2.986280e-01
354 6.996320e-01 1.424000e-03 2.989440e-01
355 6.994120e-01 1.356000e-03 2.992320e-01
356 6.991720e-01 1.372000e-03 2.994560e-01
357 6.989200e-01 1.356000e-03 2.997240e-01
358 6.986480e-01 1.428000e-03 2.999240e-01
359 6.983760e-01 1.496000e-03 3.001280e-01
360 6.980480e-01 1.556000e-03 3.003960e-01
361 6.977560e-01 1.588000e-03 3.006560e-01
362 6.974520e-01 1.560000e-03 3.009880e-01
363 6.971600e-01 1.592000e-03 3.012480e-01
364 6.968840e-01 1.604000e-03 3.015120e-01
365 6.965760e-01 1.632000e-03 3.017920e-01
366 6.963040e-01 1.560000e-03 3.021360e-01
367 6.961080e-01 1.448000e-03 3.024440e-01
368 6.958600e-01 1.456000e-03 3.026840e-01
369 6.955960e-01 1.464000e-03 3.029400e-01
370 6.953680e-01 1.468000e-03 3.031640e-01
371 6.951400e-01 1.400000e-03 3.034600e-01
372 6.949000e-01 1.440000e-03 3.036600e-01
373 6.947000e-01 1.368000e-03 3.039320e-01
374 6.943760e-01 1.456000e-03 3.041680e-01
375 6.940880e-01 1.492000e-03 3.044200e-01
376 6.938040e-01 1.528000e-03 3.046680e-01
377 6.934880e-01 1.600000e-03 3.049120e-01
378 6.932320e-01 1.604000e-03 3.051640e-01
379 6.929960e-01 1.572000e-03 3.054320e-01
380 6.927600e-01 1.552000e-03 3.056880e-01
381 6.925080e-01 1.588000e-03 3.059040e-01
382 6.922360e-01 1.664000e-03 3.061000e-01
383 6.919840e-01 1.660000e-03 3.063560e-01
384 6.916840e-01 1.672000e-03 3.066440e-01
385 6.913560e-01 1.696000e-03 3.069480e-01
386 6.911280e-01 1.596000e-03 3.072760e-01
387 6.909280e-01 1.552000e-03 3.075200e-01
388 6.907320e-01 1.520000e-03 3.077480e-01
389 6.905240e-01 1.456000e-03 3.080200e-01
390 6.902880e-01 1.424000e-03 3.082880e-01
391 6.900800e-01 1.392000e-03 3.085280e-01
392 6.899360e-01 1.244000e-03 3.088200e-01
393 6.897320e-01 1.268000e-03 3.090000e-01
394 6.894960e-01 1.232000e-03 3.092720e-01
395 6.893160e-01 1.220000e-03 3.094640e-01
396 6.891080e-01 1.232000e-03 3.096600e-01
397 6.888640e-01 1.248000e-03 3.098880e-01
398 6.885920e-01 1.308000e-03 3.101000e-01
399 6.883120e-01 1.348000e-03 3.103400e-01
400 6.880640e-01 1.344000e-03 3.105920e-01
401 6.878520e-01 1.292000e-03 3.108560e-01
402 6.876000e-01 1.324000e-03 3.110760e-01
403 6.873280e-01 1.364000e-03 3.113080e-01
404 6.870680e-01 1.348000e-03 3.115840e-01
405 6.867440e-01 1.460000e-03 3.117960e-01
406 6.865000e-01 1.500000e-03 3.120000e-01
407 6.862680e-01 1.468000e-03 3.122640e-01
408 6.860400e-01 1.388000e-03 3.125720e-01
409 6.858200e-01 1.396000e-03 3.127840e-01
410 6.856640e-01 1.296000e-03 3.130400e-01
411 6.854600e-01 1.264000e-03 3.132760e-01
412 6.852240e-01 1.284000e-03 3.134920e-01
413 6.850960e-01 1.208000e-03 3.136960e-01
414 6.849360e-01 1.152000e-03 3.139120e-01
415 6.847280e-01 1.156000e-03 3.141160e-01
416 6.845240e-01 1.124000e-03 3.143520e-01
417 6.843680e-01 1.124000e-03 3.145080e-01
418 6.841400e-01 1.144000e-03 3.147160e-01
419 6.840000e-01 1.020000e-03 3.149800e-01
420 6.838400e-01 1.000000e-03 3.151600e-01
421 6.836840e-01 9.920000e-04 3.153240e-01
422 6.835400e-01 9.360000e-04 3.155240e-01
423 6.833960e-01 8.880000e-04 3.157160e-01
424 6.832720e-01 8.760000e-04 3.158520e-01
425 6.831240e-01 8.280000e-04 3.160480e-01
426 6.829760e-01 8.200000e-04 3.162040e-01
427 6.828240e-01 8.520000e-04 3.163240e-01
428 6.827000e-01 8.200000e-04 3.164800e-01
429 6.825960e-01 7.680000e-04 3.166360e-01
430 6.825080e-01 7.240000e-04 3.167680e-01
431 6.823840e-01 7.280000e-04 3.168880e-01
432 6.822720e-01 7.200000e-04 3.170080e-01
433 6.821560e-01 7.480000e-04 3.170960e-01
434 6.820040e-01 7.680000e-04 3.172280e-01
435 6.818680e-01 7.880000e-04 3.173440e-01
436 6.817200e-01 7.920000e-04 3.174880e-01
437 6.815760e-01 7.960000e-04 3.176280e-01
438 6.813880e-01 8.320000e-04 3.177800e-01
439 6.812560e-01 8.200000e-04 3.179240e-01
440 6.811760e-01 7.840000e-04 3.180400e-01
441 6.810800e-01 7.080000e-04 3.182120e-01
442 6.809800e-01 7.040000e-04 3.183160e-01
443 6.808920e-01 6.440000e-04 3.184640e-01
444 6.807840e-01 6.560000e-04 3.185600e-01
445 6.806920e-01 6.400000e-04 3.186680e-01
446 6.806160e-01 5.880000e-04 3.187960e-01
447 6.805160e-01 6.080000e-04 3.188760e-01
448 6.804480e-01 5.880000e-04 3.189640e-01
449 6.803760e-01 5.320000e-04 3.190920e-01
450 6.803160e-01 4.640000e-04 3.192200e-01
451 6.802840e-01 4.080000e-04 3.193080e-01
452 6.802680e-01 3.760000e-04 3.193560e-01
453 6.802040e-01 3.840000e-04 3.194120e-01
454 6.801400e-01 3.960000e-04 3.194640e-01
455 6.800880e-01 3.560000e-04 3.195560e-01
456 6.800240e-01 3.440000e-04 3.196320e-01
457 6.799600e-01 3.640000e-04 3.196760e-01
458 6.799080e-01 3.400000e-04 3.197520e-01
459 6.798360e-01 3.440000e-04 3.198200e-01
460 6.797640e-01 3.440000e-04 3.198920e-01
461 6.796760e-01 3.880000e-04 3.199360e-01
462 6.796000e-01 4.040000e-04 3.199960e-01
463 6.795240e-01 3.960000e-04 3.200800e-01
464 6.794560e-01 4.040000e-04 3.201400e-01
465 6.793800e-01 4.120000e-04 3.202080e-01
466 6.793120e-01 4.080000e-04 3.202800e-01
467 6.792280e-01 4.160000e-04 3.203560e-01
468 6.791680e-01 4.120000e-04 3.204200e-01
469 6.791040e-01 3.960000e-04 3.205000e-01
470 6.790360e-01 4.080000e-04 3.205560e-01
471 6.789520e-01 3.920000e-04 3.206560e-01
472 6.789000e-01 3.680000e-04 3.207320e-01
473 6.788760e-01 3.200000e-04 3.208040e-01
474 6.788320e-01 2.960000e-04 3.208720e-01
475 6.787920e-01 2.960000e-04 3.209120e-01
476 6.787360e-01 3.000000e-04 3.209640e-01
477 6.786560e-01 3.360000e-04 3.210080e-01
478 6.785880e-01 3.440000e-04 3.210680e-01
479 6.785320e-01 3.320000e-04 3.211360e-01
480 6.784600e-01 3.480000e-04 3.211920e-01
481 6.784040e-01 3.320000e-04 3.212640e-01
482 6.783280e-01 3.400000e-04 3.213320e-01
483 6.782280e-01 3.680000e-04 3.214040e-01
484 6.781760e-01 3.320000e-04 3.214920e-01
485 6.781480e-01 2.720000e-04 3.215800e-01
486 6.781000e-01 2.720000e-04 3.216280e-01
487 6.780800e-01 2.440000e-04 3.216760e-01
488 6.780560e-01 2.320000e-04 3.217120e-01
489 6.780080e-01 2.440000e-04 3.217480e-01
490 6.779400e-01 2.760000e-04 3.217840e-01
491 6.778760e-01 2.760000e-04 3.218480e-01
492 6.778200e-01 2.680000e-04 3.219120e-01
493 6.777840e-01 2.640000e-04 3.219520e-01
494 6.777320e-01 2.760000e-04 3.219920e-01
495 6.776680e-01 2.920000e-04 3.220400e-01
496 6.776200e-01 2.800000e-04 3.221000e-01
497 6.775840e-01 2.680000e-04 3.221480e-01
498 6.775320e-01 2.880000e-04 3.221800e-01
499 6.775120e-01 2.560000e-04 3.222320e-01
500 6.774720e-01 2.480000e-04 3.222800e-01
