1 9.992160e-01 6.680000e-04 1.160000e-04
2 9.986920e-01 1.052000e-03 2.560000e-04
3 9.980480e-01 1.464000e-03 4.880000e-04
4 9.972440e-01 1.968000e-03 7.880000e-04
5 9.965360e-01 2.304000e-03 1.160000e-03
6 9.957560e-01 2.628000e-03 1.616000e-03
7 9.949440e-01 3.032000e-03 2.024000e-03
8 9.941400e-01 3.196000e-03 2.664000e-03
9 9.932520e-01 3.508000e-03 3.240000e-03
10 9.923320e-01 3.800000e-03 3.868000e-03
11 9.913840e-01 4.060000e-03 4.556000e-03
12 9.905040e-01 4.144000e-03 5.352000e-03
13 9.895000e-01 4.360000e-03 6.140000e-03
14 9.885120e-01 4.532000e-03 6.956000e-03
15 9.874480e-01 4.848000e-03 7.704000e-03
16 9.862760e-01 5.136000e-03 8.588000e-03
17 9.851480e-01 5.364000e-03 9.488000e-03
18 9.838680e-01 5.596000e-03 1.053600e-02
19 9.826640e-01 5.780000e-03 1.155600e-02
20 9.814800e-01 5.960000e-03 1.256000e-02
21 9.802400e-01 6.124000e-03 1.363600e-02
22 9.790280e-01 6.316000e-03 1.465600e-02
23 9.775880e-01 6.600000e-03 1.581200e-02
24 9.762440e-01 6.832000e-03 1.692400e-02
25 9.749640e-01 6.944000e-03 1.809200e-02
26 9.736800e-01 7.220000e-03 1.910000e-02
27 9.722080e-01 7.340000e-03 2.045200e-02
28 9.708000e-01 7.372000e-03 2.182800e-02
29 9.694480e-01 7.356000e-03 2.319600e-02
30 9.679400e-01 7.680000e-03 2.438000e-02
31 9.664280e-01 7.668000e-03 2.590400e-02
32 9.650480e-01 7.680000e-03 2.727200e-02
33 9.636640e-01 7.740000e-03 2.859600e-02
34 9.621680e-01 7.864000e-03 2.996800e-02
35 9.607480e-01 7.896000e-03 3.135600e-02
36 9.593600e-01 8.024000e-03 3.261600e-02
37 9.579360e-01 8.032000e-03 3.403200e-02
38 9.564400e-01 8.228000e-03 3.533200e-02
39 9.549560e-01 8.380000e-03 3.666400e-02
40 9.533080e-01 8.480000e-03 3.821200e-02
41 9.516840e-01 8.664000e-03 3.965200e-02
42 9.500640e-01 8.780000e-03 4.115600e-02
43 9.484360e-01 8.896000e-03 4.266800e-02
44 9.467720e-01 8.980000e-03 4.424800e-02
45 9.451040e-01 9.168000e-03 4.572800e-02
46 9.434720e-01 9.108000e-03 4.742000e-02
47 9.419960e-01 8.848000e-03 4.915600e-02
48 9.405040e-01 8.732000e-03 5.076400e-02
49 9.389440e-01 8.864000e-03 5.219200e-02
50 9.375120e-01 8.840000e-03 5.364800e-02
51 9.359720e-01 8.904000e-03 5.512400e-02
52 9.343000e-01 9.032000e-03 5.666800e-02
53 9.326720e-01 9.160000e-03 5.816800e-02
54 9.312560e-01 8.960000e-03 5.978400e-02
55 9.297040e-01 9.060000e-03 6.123600e-02
56 9.281640e-01 9.004000e-03 6.283200e-02
57 9.265120e-01 9.160000e-03 6.432800e-02
58 9.247760e-01 9.256000e-03 6.596800e-02
59 9.232440e-01 9.376000e-03 6.738000e-02
60 9.216760e-01 9.396000e-03 6.892800e-02
61 9.199720e-01 9.436000e-03 7.059200e-02
62 9.184200e-01 9.304000e-03 7.227600e-02
63 9.170200e-01 9.088000e-03 7.389200e-02
64 9.155720e-01 9.008000e-03 7.542000e-02
65 9.140480e-01 9.004000e-03 7.694800e-02
66 9.125600e-01 8.932000e-03 7.850800e-02
67 9.109800e-01 8.972000e-03 8.004800e-02
68 9.093640e-01 9.048000e-03 8.158800e-02
69 9.078720e-01 8.960000e-03 8.316800e-02
70 9.062200e-01 9.004000e-03 8.477600e-02
71 9.046720e-01 8.960000e-03 8.636800e-02
72 9.030200e-01 9.020000e-03 8.796000e-02
73 9.014560e-01 9.040000e-03 8.950400e-02
74 8.999400e-01 9.024000e-03 9.103600e-02
75 8.983680e-01 9.088000e-03 9.254400e-02
76 8.968960e-01 8.928000e-03 9.417600e-02
77 8.954520e-01 8.824000e-03 9.572400e-02
78 8.938960e-01 8.836000e-03 9.726800e-02
79 8.923960e-01 8.716000e-03 9.888800e-02
80 8.909400e-01 8.632000e-03 1.004280e-01
81 8.894840e-01 8.608000e-03 1.019080e-01
82 8.879560e-01 8.548000e-03 1.034960e-01
83 8.863680e-01 8.724000e-03 1.049080e-01
84 8.848240e-01 8.768000e-03 1.064080e-01
85 8.834520e-01 8.696000e-03 1.078520e-01
86 8.819480e-01 8.668000e-03 1.093840e-01
87 8.806000e-01 8.288000e-03 1.111120e-01
88 8.791960e-01 8.204000e-03 1.126000e-01
89 8.776720e-01 8.228000e-03 1.141000e-01
90 8.762480e-01 8.156000e-03 1.155960e-01
91 8.747360e-01 8.256000e-03 1.170080e-01
92 8.731680e-01 8.416000e-03 1.184160e-01
93 8.717160e-01 8.396000e-03 1.198880e-01
94 8.701560e-01 8.548000e-03 1.212960e-01
95 8.687360e-01 8.496000e-03 1.227680e-01
96 8.673040e-01 8.448000e-03 1.242480e-01
97 8.657440e-01 8.552000e-03 1.257040e-01
98 8.641640e-01 8.580000e-03 1.272560e-01
99 8.627120e-01 8.476000e-03 1.288120e-01
100 8.610480e-01 8.696000e-03 1.302560e-01
101 8.594920e-01 8.672000e-03 1.318360e-01
102 8.581120e-01 8.436000e-03 1.334520e-01
103 8.566040e-01 8.504000e-03 1.348920e-01
104 8.551800e-01 8.512000e-03 1.363080e-01
105 8.535080e-01 8.656000e-03 1.378360e-01
106 8.519200e-01 8.640000e-03 1.394400e-01
107 8.504400e-01 8.540000e-03 1.410200e-01
108 8.489520e-01 8.508000e-03 1.425400e-01
109 8.475040e-01 8.552000e-03 1.439440e-01
110 8.459480e-01 8.720000e-03 1.453320e-01
111 8.443800e-01 8.760000e-03 1.468600e-01
112 8.429280e-01 8.608000e-03 1.484640e-01
113 8.414280e-01 8.592000e-03 1.499800e-01
114 8.399280e-01 8.600000e-03 1.514720e-01
115 8.384320e-01 8.548000e-03 1.530200e-01
116 8.369520e-01 8.564000e-03 1.544840e-01
117 8.353840e-01 8.576000e-03 1.560400e-01
118 8.338160e-01 8.572000e-03 1.576120e-01
119 8.324960e-01 8.288000e-03 1.592160e-01
120 8.312400e-01 8.164000e-03 1.605960e-01
121 8.297960e-01 8.284000e-03 1.619200e-01
122 8.285200e-01 8.172000e-03 1.633080e-01
123 8.271880e-01 8.136000e-03 1.646760e-01
124 8.258960e-01 8.048000e-03 1.660560e-01
125 8.245800e-01 7.912000e-03 1.675080e-01
126 8.233600e-01 7.564000e-03 1.690760e-01
127 8.221040e-01 7.484000e-03 1.704120e-01
128 8.206240e-01 7.624000e-03 1.717520e-01
129 8.192680e-01 7.664000e-03 1.730680e-01
130 8.179720e-01 7.532000e-03 1.744960e-01
131 8.165800e-01 7.492000e-03 1.759280e-01
132 8.152320e-01 7.532000e-03 1.772360e-01
133 8.139880e-01 7.444000e-03 1.785680e-01
134 8.125360e-01 7.600000e-03 1.798640e-01
135 8.110360e-01 7.888000e-03 1.810760e-01
136 8.096560e-01 7.784000e-03 1.825600e-01
137 8.083200e-01 7.676000e-03 1.840040e-01
138 8.068280e-01 7.796000e-03 1.853760e-01
139 8.054880e-01 7.668000e-03 1.868440e-01
140 8.041560e-01 7.576000e-03 1.882680e-01
141 8.029960e-01 7.344000e-03 1.896600e-01
142 8.016400e-01 7.476000e-03 1.908840e-01
143 8.004640e-01 7.192000e-03 1.923440e-01
144 7.993080e-01 7.064000e-03 1.936280e-01
145 7.980800e-01 6.884000e-03 1.950360e-01
146 7.968000e-01 6.896000e-03 1.963040e-01
147 7.954560e-01 6.876000e-03 1.976680e-01
148 7.943520e-01 6.752000e-03 1.988960e-01
149 7.932040e-01 6.680000e-03 2.001160e-01
150 7.920280e-01 6.648000e-03 2.013240e-01
151 7.909160e-01 6.680000e-03 2.024040e-01
152 7.897200e-01 6.728000e-03 2.035520e-01
153 7.885640e-01 6.716000e-03 2.047200e-01
154 7.873760e-01 6.676000e-03 2.059480e-01
155 7.860960e-01 6.840000e-03 2.070640e-01
156 7.848840e-01 6.880000e-03 2.082360e-01
157 7.835680e-01 7.064000e-03 2.093680e-01
158 7.823440e-01 7.024000e-03 2.106320e-01
159 7.811320e-01 6.992000e-03 2.118760e-01
160 7.800720e-01 6.852000e-03 2.130760e-01
161 7.788960e-01 6.856000e-03 2.142480e-01
162 7.775920e-01 6.988000e-03 2.154200e-01
163 7.763920e-01 6.840000e-03 2.167680e-01
164 7.752320e-01 6.824000e-03 2.179440e-01
165 7.740720e-01 6.788000e-03 2.191400e-01
166 7.729080e-01 6.736000e-03 2.203560e-01
167 7.718560e-01 6.640000e-03 2.215040e-01
168 7.707720e-01 6.548000e-03 2.226800e-01
169 7.696200e-01 6.668000e-03 2.237120e-01
170 7.684240e-01 6.588000e-03 2.249880e-01
171 7.673760e-01 6.556000e-03 2.260680e-01
172 7.664280e-01 6.400000e-03 2.271720e-01
173 7.652720e-01 6.368000e-03 2.283600e-01
174 7.642680e-01 6.276000e-03 2.294560e-01
175 7.632440e-01 6.260000e-03 2.304960e-01
176 7.622400e-01 6.208000e-03 2.315520e-01
177 7.612320e-01 6.156000e-03 2.326120e-01
178 7.603080e-01 6.084000e-03 2.336080e-01
179 7.594120e-01 5.964000e-03 2.346240e-01
180 7.585040e-01 5.912000e-03 2.355840e-01
181 7.576440e-01 5.820000e-03 2.365360e-01
182 7.568160e-01 5.692000e-03 2.374920e-01
183 7.560200e-01 5.484000e-03 2.384960e-01
184 7.551000e-01 5.464000e-03 2.394360e-01
185 7.541960e-01 5.464000e-03 2.403400e-01
186 7.533640e-01 5.380000e-03 2.412560e-01
187 7.525840e-01 5.156000e-03 2.422600e-01
188 7.517120e-01 5.180000e-03 2.431080e-01
189 7.507760e-01 5.052000e-03 2.441720e-01
190 7.498360e-01 5.156000e-03 2.450080e-01
191 7.488720e-01 5.216000e-03 2.459120e-01
192 7.478840e-01 5.360000e-03 2.467560e-01
193 7.470240e-01 5.284000e-03 2.476920e-01
194 7.461600e-01 5.356000e-03 2.484840e-01
195 7.452760e-01 5.324000e-03 2.494000e-01
196 7.443760e-01 5.252000e-03 2.503720e-01
197 7.435600e-01 5.136000e-03 2.513040e-01
198 7.426000e-01 5.312000e-03 2.520880e-01
199 7.416360e-01 5.348000e-03 2.530160e-01
200 7.406880e-01 5.372000e-03 2.539400e-01
201 7.397720e-01 5.424000e-03 2.548040e-01
202 7.389240e-01 5.312000e-03 2.557640e-01
203 7.378800e-01 5.428000e-03 2.566920e-01
204 7.370120e-01 5.316000e-03 2.576720e-01
205 7.360920e-01 5.372000e-03 2.585360e-01
206 7.353040e-01 5.264000e-03 2.594320e-01
207 7.346040e-01 5.028000e-03 2.603680e-01
208 7.337240e-01 4.960000e-03 2.613160e-01
209 7.329520e-01 4.884000e-03 2.621640e-01
210 7.321200e-01 4.888000e-03 2.629920e-01
211 7.314600e-01 4.740000e-03 2.638000e-01
212 7.306440e-01 4.748000e-03 2.646080e-01
213 7.297840e-01 4.692000e-03 2.655240e-01
214 7.290480e-01 4.636000e-03 2.663160e-01
215 7.282800e-01 4.540000e-03 2.671800e-01
216 7.275160e-01 4.616000e-03 2.678680e-01
217 7.268160e-01 4.528000e-03 2.686560e-01
218 7.261240e-01 4.524000e-03 2.693520e-01
219 7.252520e-01 4.584000e-03 2.701640e-01
220 7.243800e-01 4.720000e-03 2.709000e-01
221 7.234520e-01 4.796000e-03 2.717520e-01
222 7.226760e-01 4.740000e-03 2.725840e-01
223 7.218200e-01 4.720000e-03 2.734600e-01
224 7.209240e-01 4.768000e-03 2.743080e-01
225 7.200120e-01 4.868000e-03 2.751200e-01
226 7.191480e-01 4.864000e-03 2.759880e-01
227 7.183280e-01 4.804000e-03 2.768680e-01
228 7.175920e-01 4.728000e-03 2.776800e-01
229 7.168360e-01 4.708000e-03 2.784560e-01
230 7.160880e-01 4.640000e-03 2.792720e-01
231 7.152800e-01 4.628000e-03 2.800920e-01
232 7.143600e-01 4.712000e-03 2.809280e-01
233 7.135960e-01 4.572000e-03 2.818320e-01
234 7.128560e-01 4.644000e-03 2.825000e-01
235 7.119520e-01 4.720000e-03 2.833280e-01
236 7.110320e-01 4.804000e-03 2.841640e-01
237 7.102640e-01 4.728000e-03 2.850080e-01
238 7.093880e-01 4.728000e-03 2.858840e-01
239 7.085800e-01 4.648000e-03 2.867720e-01
240 7.078480e-01 4.520000e-03 2.876320e-01
241 7.071520e-01 4.416000e-03 2.884320e-01
242 7.062960e-01 4.572000e-03 2.891320e-01
243 7.055080e-01 4.592000e-03 2.899000e-01
244 7.047480e-01 4.592000e-03 2.906600e-01
245 7.040120e-01 4.516000e-03 2.914720e-01
246 7.033000e-01 4.384000e-03 2.923160e-01
247 7.026520e-01 4.284000e-03 2.930640e-01
248 7.019560e-01 4.200000e-03 2.938440e-01
249 7.013120e-01 4.080000e-03 2.946080e-01
250 7.007480e-01 3.996000e-03 2.952560e-01
251 7.000880e-01 3.948000e-03 2.959640e-01
252 6.995600e-01 3.740000e-03 2.967000e-01
253 6.989720e-01 3.644000e-03 2.973840e-01
254 6.983720e-01 3.672000e-03 2.979560e-01
255 6.978000e-01 3.640000e-03 2.985600e-01
256 6.972280e-01 3.592000e-03 2.991800e-01
257 6.966240e-01 3.588000e-03 2.997880e-01
258 6.959640e-01 3.568000e-03 3.004680e-01
259 6.953280e-01 3.600000e-03 3.010720e-01
260 6.946840e-01 3.648000e-03 3.016680e-01
261 6.940960e-01 3.632000e-03 3.022720e-01
262 6.934840e-01 3.560000e-03 3.029560e-01
263 6.928920e-01 3.476000e-03 3.036320e-01
264 6.922880e-01 3.460000e-03 3.042520e-01
265 6.917120e-01 3.368000e-03 3.049200e-01
266 6.911000e-01 3.416000e-03 3.054840e-01
267 6.905360e-01 3.400000e-03 3.060640e-01
268 6.900120e-01 3.364000e-03 3.066240e-01
269 6.894360e-01 3.324000e-03 3.072400e-01
270 6.889320e-01 3.304000e-03 3.077640e-01
271 6.883560e-01 3.244000e-03 3.084000e-01
272 6.878000e-01 3.328000e-03 3.088720e-01
273 6.872600e-01 3.272000e-03 3.094680e-01
274 6.866960e-01 3.296000e-03 3.100080e-01
275 6.860680e-01 3.376000e-03 3.105560e-01
276 6.854760e-01 3.372000e-03 3.111520e-01
277 6.848920e-01 3.348000e-03 3.117600e-01
278 6.841560e-01 3.484000e-03 3.123600e-01
279 6.835320e-01 3.444000e-03 3.130240e-01
280 6.829600e-01 3.452000e-03 3.135880e-01
281 6.823440e-01 3.504000e-03 3.141520e-01
282 6.817800e-01 3.500000e-03 3.147200e-01
283 6.811400e-01 3.564000e-03 3.152960e-01
284 6.805720e-01 3.524000e-03 3.159040e-01
285 6.800720e-01 3.396000e-03 3.165320e-01
286 6.795480e-01 3.376000e-03 3.170760e-01
287 6.789440e-01 3.352000e-03 3.177040e-01
288 6.783640e-01 3.344000e-03 3.182920e-01
289 6.778520e-01 3.220000e-03 3.189280e-01
290 6.773920e-01 3.160000e-03 3.194480e-01
291 6.768480e-01 3.092000e-03 3.200600e-01
292 6.763200e-01 3.060000e-03 3.206200e-01
293 6.758360e-01 3.004000e-03 3.211600e-01
294 6.752840e-01 3.064000e-03 3.216520e-01
295 6.748440e-01 2.940000e-03 3.222160e-01
296 6.744200e-01 2.892000e-03 3.226880e-01
297 6.738560e-01 2.940000e-03 3.232040e-01
298 6.734520e-01 2.764000e-03 3.237840e-01
299 6.729680e-01 2.692000e-03 3.243400e-01
300 6.725560e-01 2.624000e-03 3.248200e-01
301 6.721520e-01 2.552000e-03 3.252960e-01
302 6.717360e-01 2.456000e-03 3.258080e-01
303 6.713480e-01 2.456000e-03 3.261960e-01
304 6.708880e-01 2.480000e-03 3.266320e-01
305 6.704400e-01 2.444000e-03 3.271160e-01
306 6.700240e-01 2.384000e-03 3.275920e-01
307 6.695920e-01 2.364000e-03 3.280440e-01
308 6.692160e-01 2.340000e-03 3.284440e-01
309 6.688200e-01 2.396000e-03 3.287840e-01
310 6.684960e-01 2.292000e-03 3.292120e-01
311 6.681400e-01 2.324000e-03 3.295360e-01
312 6.677560e-01 2.320000e-03 3.299240e-01
313 6.674080e-01 2.236000e-03 3.303560e-01
314 6.670560e-01 2.220000e-03 3.307240e-01
315 6.666120e-01 2.272000e-03 3.311160e-01
316 6.662240e-01 2.248000e-03 3.315280e-01
317 6.659400e-01 2.140000e-03 3.319200e-01
318 6.655440e-01 2.132000e-03 3.323240e-01
319 6.650920e-01 2.272000e-03 3.326360e-01
320 6.647120e-01 2.268000e-03 3.330200e-01
321 6.643160e-01 2.296000e-03 3.333880e-01
322 6.638760e-01 2.308000e-03 3.338160e-01
323 6.635160e-01 2.272000e-03 3.342120e-01
324 6.630920e-01 2.300000e-03 3.346080e-01
325 6.627760e-01 2.208000e-03 3.350160e-01
326 6.623240e-01 2.256000e-03 3.354200e-01
327 6.619640e-01 2.240000e-03 3.357960e-01
328 6.615760e-01 2.248000e-03 3.361760e-01
329 6.611600e-01 2.280000e-03 3.365600e-01
330 6.607920e-01 2.336000e-03 3.368720e-01
331 6.604520e-01 2.264000e-03 3.372840e-01
332 6.601320e-01 2.208000e-03 3.376600e-01
333 6.597880e-01 2.216000e-03 3.379960e-01
334 6.594760e-01 2.108000e-03 3.384160e-01
335 6.591800e-01 1.972000e-03 3.388480e-01
336 6.588200e-01 2.040000e-03 3.391400e-01
337 6.584600e-01 2.060000e-03 3.394800e-01
338 6.581600e-01 2.004000e-03 3.398360e-01
339 6.578360e-01 1.976000e-03 3.401880e-01
340 6.574880e-01 1.932000e-03 3.405800e-01
341 6.571280e-01 1.940000e-03 3.409320e-01
342 6.566960e-01 1.964000e-03 3.413400e-01
343 6.563160e-01 1.976000e-03 3.417080e-01
344 6.559400e-01 1.972000e-03 3.420880e-01
345 6.555960e-01 1.956000e-03 3.424480e-01
346 6.552760e-01 1.924000e-03 3.428000e-01
347 6.549560e-01 1.936000e-03 3.431080e-01
348 6.546960e-01 1.872000e-03 3.434320e-01
349 6.544160e-01 1.872000e-03 3.437120e-01
350 6.541040e-01 1.776000e-03 3.441200e-01
351 6.538120e-01 1.756000e-03 3.444320e-01
352 6.534960e-01 1.788000e-03 3.447160e-01
353 6.532240e-01 1.744000e-03 3.450320e-01
354 6.529560e-01 1.708000e-03 3.453360e-01
355 6.526200e-01 1.796000e-03 3.455840e-01
356 6.522840e-01 1.796000e-03 3.459200e-01
357 6.519680e-01 1.788000e-03 3.462440e-01
358 6.516440e-01 1.756000e-03 3.466000e-01
359 6.513160e-01 1.772000e-03 3.469120e-01
360 6.509440e-01 1.840000e-03 3.472160e-01
361 6.506440e-01 1.820000e-03 3.475360e-01
362 6.503000e-01 1.900000e-03 3.478000e-01
363 6.499440e-01 1.940000e-03 3.481160e-01
364 6.496200e-01 1.980000e-03 3.484000e-01
365 6.492840e-01 1.984000e-03 3.487320e-01
366 6.489120e-01 2.000000e-03 3.490880e-01
367 6.485320e-01 2.028000e-03 3.494400e-01
368 6.482200e-01 1.972000e-03 3.498080e-01
369 6.478960e-01 1.944000e-03 3.501600e-01
370 6.475760e-01 1.972000e-03 3.504520e-01
371 6.472000e-01 2.020000e-03 3.507800e-01
372 6.467880e-01 2.128000e-03 3.510840e-01
373 6.464040e-01 2.108000e-03 3.514880e-01
374 6.460720e-01 2.092000e-03 3.518360e-01
375 6.457280e-01 2.088000e-03 3.521840e-01
376 6.453440e-01 2.132000e-03 3.525240e-01
377 6.450040e-01 2.044000e-03 3.529520e-01
378 6.445760e-01 2.076000e-03 3.533480e-01
379 6.441760e-01 2.212000e-03 3.536120e-01
380 6.438200e-01 2.212000e-03 3.539680e-01
381 6.435040e-01 2.180000e-03 3.543160e-01
382 6.431320e-01 2.236000e-03 3.546320e-01
383 6.427800e-01 2.272000e-03 3.549480e-01
384 6.423800e-01 2.316000e-03 3.553040e-01
385 6.420240e-01 2.280000e-03 3.556960e-01
386 6.416800e-01 2.212000e-03 3.561080e-01
387 6.413560e-01 2.132000e-03 3.565120e-01
388 6.410520e-01 2.096000e-03 3.568520e-01
389 6.407160e-01 2.108000e-03 3.571760e-01
390 6.403800e-01 2.092000e-03 3.575280e-01
391 6.400320e-01 2.072000e-03 3.578960e-01
392 6.396920e-01 2.068000e-03 3.582400e-01
393 6.394280e-01 1.948000e-03 3.586240e-01
394 6.391080e-01 1.936000e-03 3.589560e-01
395 6.388720e-01 1.908000e-03 3.592200e-01
396 6.385800e-01 1.884000e-03 3.595360e-01
397 6.382520e-01 1.900000e-03 3.598480e-01
398 6.379040e-01 1.920000e-03 3.601760e-01
399 6.375920e-01 1.900000e-03 3.605080e-01
400 6.372800e-01 1.820000e-03 3.609000e-01
401 6.369240e-01 1.836000e-03 3.612400e-01
402 6.366400e-01 1.856000e-03 3.615040e-01
403 6.363560e-01 1.780000e-03 3.618640e-01
404 6.361080e-01 1.672000e-03 3.622200e-01
405 6.358360e-01 1.652000e-03 3.625120e-01
406 6.355240e-01 1.684000e-03 3.627920e-01
407 6.353040e-01 1.600000e-03 3.630960e-01
408 6.350880e-01 1.588000e-03 3.633240e-01
409 6.348960e-01 1.484000e-03 3.636200e-01
410 6.346720e-01 1.436000e-03 3.638920e-01
411 6.344120e-01 1.452000e-03 3.641360e-01
412 6.341600e-01 1.392000e-03 3.644480e-01
413 6.338560e-01 1.448000e-03 3.646960e-01
414 6.336040e-01 1.476000e-03 3.649200e-01
415 6.333000e-01 1.556000e-03 3.651440e-01
416 6.330080e-01 1.568000e-03 3.654240e-01
417 6.327640e-01 1.564000e-03 3.656720e-01
418 6.325280e-01 1.492000e-03 3.659800e-01
419 6.322480e-01 1.564000e-03 3.661880e-01
420 6.319760e-01 1.532000e-03 3.664920e-01
421 6.317360e-01 1.444000e-03 3.668200e-01
422 6.315320e-01 1.408000e-03 3.670600e-01
423 6.312120e-01 1.480000e-03 3.673080e-01
424 6.309840e-01 1.484000e-03 3.675320e-01
425 6.307240e-01 1.488000e-03 3.677880e-01
426 6.305040e-01 1.444000e-03 3.680520e-01
427 6.302520e-01 1.420000e-03 3.683280e-01
428 6.300000e-01 1.440000e-03 3.685600e-01
429 6.297040e-01 1.504000e-03 3.687920e-01
430 6.294320e-01 1.544000e-03 3.690240e-01
431 6.292000e-01 1.416000e-03 3.693840e-01
432 6.289000e-01 1.508000e-03 3.695920e-01
433 6.286240e-01 1.532000e-03 3.698440e-01
434 6.283320e-01 1.560000e-03 3.701080e-01
435 6.280680e-01 1.544000e-03 3.703880e-01
436 6.277160e-01 1.616000e-03 3.706680e-01
437 6.273960e-01 1.664000e-03 3.709400e-01
438 6.270560e-01 1.688000e-03 3.712560e-01
439 6.267680e-01 1.696000e-03 3.715360e-01
440 6.264880e-01 1.656000e-03 3.718560e-01
441 6.262320e-01 1.584000e-03 3.721840e-01
442 6.260320e-01 1.496000e-03 3.724720e-01
443 6.258080e-01 1.428000e-03 3.727640e-01
444 6.256000e-01 1.448000e-03 3.729520e-01
445 6.253480e-01 1.436000e-03 3.732160e-01
446 6.251560e-01 1.332000e-03 3.735120e-01
447 6.249640e-01 1.272000e-03 3.737640e-01
448 6.247240e-01 1.280000e-03 3.739960e-01
449 6.245560e-01 1.216000e-03 3.742280e-01
450 6.243320e-01 1.220000e-03 3.744480e-01
451 6.241440e-01 1.196000e-03 3.746600e-01
452 6.239080e-01 1.244000e-03 3.748480e-01
453 6.237080e-01 1.196000e-03 3.750960e-01
454 6.234480e-01 1.264000e-03 3.752880e-01
455 6.232160e-01 1.244000e-03 3.755400e-01
456 6.230120e-01 1.236000e-03 3.757520e-01
457 6.227920e-01 1.260000e-03 3.759480e-01
458 6.225160e-01 1.336000e-03 3.761480e-01
459 6.222440e-01 1.364000e-03 3.763920e-01
460 6.220400e-01 1.324000e-03 3.766360e-01
461 6.218240e-01 1.308000e-03 3.768680e-01
462 6.215800e-01 1.336000e-03 3.770840e-01
463 6.214400e-01 1.220000e-03 3.773400e-01
464 6.212360e-01 1.236000e-03 3.775280e-01
465 6.210800e-01 1.196000e-03 3.777240e-01
466 6.209200e-01 1.220000e-03 3.778600e-01
467 6.207680e-01 1.176000e-03 3.780560e-01
468 6.205600e-01 1.168000e-03 3.782720e-01
469 6.203520e-01 1.196000e-03 3.784520e-01
470 6.201760e-01 1.240000e-03 3.785840e-01
471 6.199880e-01 1.224000e-03 3.787880e-01
472 6.197920e-01 1.148000e-03 3.790600e-01
473 6.196200e-01 1.120000e-03 3.792600e-01
474 6.194520e-01 1.096000e-03 3.794520e-01
475 6.192840e-01 1.064000e-03 3.796520e-01
476 6.191160e-01 1.060000e-03 3.798240e-01
477 6.189160e-01 1.052000e-03 3.800320e-01
478 6.187680e-01 1.024000e-03 3.802080e-01
479 6.185640e-01 1.060000e-03 3.803760e-01
480 6.183360e-01 1.132000e-03 3.805320e-01
481 6.181400e-01 1.148000e-03 3.807120e-01
482 6.179600e-01 1.072000e-03 3.809680e-01
483 6.177640e-01 1.112000e-03 3.811240e-01
484 6.176280e-01 1.036000e-03 3.813360e-01
485 6.174600e-01 1.028000e-03 3.815120e-01
486 6.173080e-01 1.016000e-03 3.816760e-01
487 6.171320e-01 9.920000e-04 3.818760e-01
488 6.169720e-01 9.960000e-04 3.820320e-01
489 6.168360e-01 9.880000e-04 3.821760e-01
490 6.166800e-01 1.000000e-03 3.823200e-01
491 6.165280e-01 9.720000e-04 3.825000e-01
492 6.163520e-01 9.840000e-04 3.826640e-01
493 6.161800e-01 9.640000e-04 3.828560e-01
494 6.160280e-01 9.960000e-04 3.829760e-01
495 6.158920e-01 9.560000e-04 3.831520e-01
496 6.157520e-01 9.640000e-04 3.832840e-01
497 6.155880e-01 9.440000e-04 3.834680e-01
498 6.154800e-01 8.840000e-04 3.836360e-01
499 6.153560e-01 8.640000e-04 3.837800e-01
500 6.152160e-01 8.440000e-04 3.839400e-01
