1 9.992280e-01 6.560000e-04 1.160000e-04
2 9.987160e-01 9.880000e-04 2.960000e-04
3 9.980280e-01 1.456000e-03 5.160000e-04
4 9.972080e-01 2.004000e-03 7.880000e-04
5 9.964760e-01 2.364000e-03 1.160000e-03
6 9.955200e-01 2.904000e-03 1.576000e-03
7 9.944720e-01 3.400000e-03 2.128000e-03
8 9.935000e-01 3.704000e-03 2.796000e-03
9 9.924880e-01 4.084000e-03 3.428000e-03
10 9.914160e-01 4.412000e-03 4.172000e-03
11 9.903160e-01 4.712000e-03 4.972000e-03
12 9.893200e-01 4.828000e-03 5.852000e-03
13 9.882160e-01 5.160000e-03 6.624000e-03
14 9.869760e-01 5.560000e-03 7.464000e-03
15 9.858640e-01 5.772000e-03 8.364000e-03
16 9.847680e-01 5.984000e-03 9.248000e-03
17 9.834880e-01 6.160000e-03 1.035200e-02
18 9.823120e-01 6.208000e-03 1.148000e-02
19 9.811880e-01 6.232000e-03 1.258000e-02
20 9.799080e-01 6.444000e-03 1.364800e-02
21 9.787200e-01 6.496000e-03 1.478400e-02
22 9.776640e-01 6.372000e-03 1.596400e-02
23 9.764800e-01 6.368000e-03 1.715200e-02
24 9.753680e-01 6.348000e-03 1.828400e-02
25 9.742000e-01 6.316000e-03 1.948400e-02
26 9.730960e-01 6.308000e-03 2.059600e-02
27 9.719720e-01 6.296000e-03 2.173200e-02
28 9.708200e-01 6.324000e-03 2.285600e-02
29 9.695680e-01 6.524000e-03 2.390800e-02
30 9.682920e-01 6.768000e-03 2.494000e-02
31 9.669680e-01 6.876000e-03 2.615600e-02
32 9.657120e-01 6.892000e-03 2.739600e-02
33 9.643840e-01 7.092000e-03 2.852400e-02
34 9.631800e-01 7.124000e-03 2.969600e-02
35 9.619960e-01 7.044000e-03 3.096000e-02
36 9.608200e-01 6.996000e-03 3.218400e-02
37 9.595800e-01 7.012000e-03 3.340800e-02
38 9.583000e-01 7.040000e-03 3.466000e-02
39 9.570640e-01 7.032000e-03 3.590400e-02
40 9.559760e-01 6.944000e-03 3.708000e-02
41 9.548800e-01 6.868000e-03 3.825200e-02
42 9.535400e-01 7.000000e-03 3.946000e-02
43 9.523160e-01 7.104000e-03 4.058000e-02
44 9.509160e-01 7.040000e-03 4.204400e-02
45 9.495400e-01 7.188000e-03 4.327200e-02
46 9.482520e-01 7.204000e-03 4.454400e-02
47 9.468560e-01 7.320000e-03 4.582400e-02
48 9.456680e-01 7.364000e-03 4.696800e-02
49 9.444120e-01 7.332000e-03 4.825600e-02
50 9.431400e-01 7.412000e-03 4.944800e-02
51 9.419320e-01 7.264000e-03 5.080400e-02
52 9.405240e-01 7.532000e-03 5.194400e-02
53 9.390760e-01 7.668000e-03 5.325600e-02
54 9.377000e-01 7.700000e-03 5.460000e-02
55 9.364640e-01 7.652000e-03 5.588400e-02
56 9.350120e-01 7.628000e-03 5.736000e-02
57 9.336920e-01 7.528000e-03 5.878000e-02
58 9.324520e-01 7.604000e-03 5.994400e-02
59 9.311600e-01 7.596000e-03 6.124400e-02
60 9.298560e-01 7.472000e-03 6.267200e-02
61 9.285560e-01 7.484000e-03 6.396000e-02
62 9.271720e-01 7.504000e-03 6.532400e-02
63 9.257640e-01 7.552000e-03 6.668400e-02
64 9.243160e-01 7.596000e-03 6.808800e-02
65 9.228880e-01 7.740000e-03 6.937200e-02
66 9.213800e-01 7.916000e-03 7.070400e-02
67 9.198280e-01 7.996000e-03 7.217600e-02
68 9.183400e-01 8.152000e-03 7.350800e-02
69 9.167800e-01 8.208000e-03 7.501200e-02
70 9.152080e-01 8.348000e-03 7.644400e-02
71 9.136960e-01 8.392000e-03 7.791200e-02
72 9.122080e-01 8.476000e-03 7.931600e-02
73 9.106280e-01 8.668000e-03 8.070400e-02
74 9.092960e-01 8.396000e-03 8.230800e-02
75 9.078040e-01 8.472000e-03 8.372400e-02
76 9.063200e-01 8.472000e-03 8.520800e-02
77 9.047960e-01 8.468000e-03 8.673600e-02
78 9.033000e-01 8.584000e-03 8.811600e-02
79 9.016960e-01 8.684000e-03 8.962000e-02
80 9.002160e-01 8.644000e-03 9.114000e-02
81 8.986520e-01 8.752000e-03 9.259600e-02
82 8.971840e-01 8.712000e-03 9.410400e-02
83 8.955920e-01 8.764000e-03 9.564400e-02
84 8.940160e-01 8.736000e-03 9.724800e-02
85 8.924680e-01 8.684000e-03 9.884800e-02
86 8.909000e-01 8.724000e-03 1.003760e-01
87 8.893200e-01 8.680000e-03 1.020000e-01
88 8.877480e-01 8.712000e-03 1.035400e-01
89 8.862680e-01 8.756000e-03 1.049760e-01
90 8.847760e-01 8.768000e-03 1.064560e-01
91 8.831200e-01 8.856000e-03 1.080240e-01
92 8.814120e-01 9.016000e-03 1.095720e-01
93 8.796040e-01 9.292000e-03 1.111040e-01
94 8.781520e-01 9.088000e-03 1.127600e-01
95 8.765800e-01 9.168000e-03 1.142520e-01
96 8.750720e-01 9.032000e-03 1.158960e-01
97 8.736000e-01 9.040000e-03 1.173600e-01
98 8.722400e-01 8.916000e-03 1.188440e-01
99 8.706280e-01 8.972000e-03 1.204000e-01
100 8.692120e-01 8.788000e-03 1.220000e-01
101 8.678080e-01 8.564000e-03 1.236280e-01
102 8.664320e-01 8.568000e-03 1.250000e-01
103 8.646880e-01 8.864000e-03 1.264480e-01
104 8.631840e-01 8.904000e-03 1.279120e-01
105 8.617160e-01 8.824000e-03 1.294600e-01
106 8.603520e-01 8.668000e-03 1.309800e-01
107 8.589080e-01 8.584000e-03 1.325080e-01
108 8.573400e-01 8.652000e-03 1.340080e-01
109 8.557480e-01 8.748000e-03 1.355040e-01
110 8.543360e-01 8.524000e-03 1.371400e-01
111 8.526800e-01 8.776000e-03 1.385440e-01
112 8.511720e-01 8.860000e-03 1.399680e-01
113 8.497200e-01 8.792000e-03 1.414880e-01
114 8.483880e-01 8.532000e-03 1.430800e-01
115 8.469200e-01 8.608000e-03 1.444720e-01
116 8.454160e-01 8.588000e-03 1.459960e-01
117 8.438800e-01 8.628000e-03 1.474920e-01
118 8.423160e-01 8.640000e-03 1.490440e-01
119 8.407840e-01 8.572000e-03 1.506440e-01
120 8.392560e-01 8.728000e-03 1.520160e-01
121 8.379400e-01 8.628000e-03 1.534320e-01
122 8.361920e-01 8.924000e-03 1.548840e-01
123 8.344880e-01 8.952000e-03 1.565600e-01
124 8.328720e-01 9.100000e-03 1.580280e-01
125 8.313560e-01 9.100000e-03 1.595440e-01
126 8.296560e-01 9.324000e-03 1.610200e-01
127 8.280760e-01 9.196000e-03 1.627280e-01
128 8.265760e-01 9.048000e-03 1.643760e-01
129 8.251120e-01 9.008000e-03 1.658800e-01
130 8.235800e-01 9.072000e-03 1.673480e-01
131 8.221120e-01 8.932000e-03 1.689560e-01
132 8.207280e-01 8.808000e-03 1.704640e-01
133 8.192960e-01 8.612000e-03 1.720920e-01
134 8.178440e-01 8.548000e-03 1.736080e-01
135 8.163880e-01 8.416000e-03 1.751960e-01
136 8.150320e-01 8.308000e-03 1.766600e-01
137 8.136400e-01 8.328000e-03 1.780320e-01
138 8.121880e-01 8.300000e-03 1.795120e-01
139 8.108360e-01 8.140000e-03 1.810240e-01
140 8.094480e-01 8.208000e-03 1.823440e-01
141 8.080080e-01 8.240000e-03 1.837520e-01
142 8.064440e-01 8.288000e-03 1.852680e-01
143 8.051080e-01 8.192000e-03 1.867000e-01
144 8.037320e-01 8.240000e-03 1.880280e-01
145 8.022840e-01 8.292000e-03 1.894240e-01
146 8.011160e-01 7.988000e-03 1.908960e-01
147 7.998400e-01 7.832000e-03 1.923280e-01
148 7.985120e-01 7.644000e-03 1.938440e-01
149 7.971840e-01 7.640000e-03 1.951760e-01
150 7.957720e-01 7.604000e-03 1.966240e-01
151 7.943880e-01 7.808000e-03 1.978040e-01
152 7.930520e-01 7.820000e-03 1.991280e-01
153 7.917240e-01 7.748000e-03 2.005280e-01
154 7.903760e-01 7.804000e-03 2.018200e-01
155 7.890800e-01 7.820000e-03 2.031000e-01
156 7.877720e-01 7.668000e-03 2.045600e-01
157 7.864040e-01 7.556000e-03 2.060400e-01
158 7.850920e-01 7.636000e-03 2.072720e-01
159 7.837040e-01 7.600000e-03 2.086960e-01
160 7.823280e-01 7.576000e-03 2.100960e-01
161 7.808720e-01 7.708000e-03 2.114200e-01
162 7.795840e-01 7.664000e-03 2.127520e-01
163 7.782600e-01 7.712000e-03 2.140280e-01
164 7.768320e-01 7.824000e-03 2.153440e-01
165 7.754520e-01 7.880000e-03 2.166680e-01
166 7.740680e-01 7.904000e-03 2.180280e-01
167 7.727200e-01 7.860000e-03 2.194200e-01
168 7.713200e-01 7.860000e-03 2.208200e-01
169 7.700080e-01 7.812000e-03 2.221800e-01
170 7.685760e-01 7.880000e-03 2.235440e-01
171 7.671720e-01 7.888000e-03 2.249400e-01
172 7.658200e-01 7.776000e-03 2.264040e-01
173 7.646120e-01 7.700000e-03 2.276880e-01
174 7.634280e-01 7.548000e-03 2.290240e-01
175 7.620760e-01 7.440000e-03 2.304840e-01
176 7.607000e-01 7.504000e-03 2.317960e-01
177 7.592680e-01 7.640000e-03 2.330920e-01
178 7.578480e-01 7.784000e-03 2.343680e-01
179 7.566360e-01 7.616000e-03 2.357480e-01
180 7.552920e-01 7.508000e-03 2.372000e-01
181 7.540040e-01 7.512000e-03 2.384840e-01
182 7.528800e-01 7.324000e-03 2.397960e-01
183 7.517080e-01 7.232000e-03 2.410600e-01
184 7.505600e-01 7.048000e-03 2.423920e-01
185 7.492480e-01 7.264000e-03 2.434880e-01
186 7.480680e-01 7.204000e-03 2.447280e-01
187 7.470040e-01 6.984000e-03 2.460120e-01
188 7.459000e-01 6.876000e-03 2.472240e-01
189 7.448360e-01 6.584000e-03 2.485800e-01
190 7.437560e-01 6.444000e-03 2.498000e-01
191 7.426560e-01 6.380000e-03 2.509640e-01
192 7.415840e-01 6.304000e-03 2.521120e-01
193 7.407040e-01 6.100000e-03 2.531960e-01
194 7.397440e-01 5.996000e-03 2.542600e-01
195 7.388880e-01 5.792000e-03 2.553200e-01
196 7.379880e-01 5.664000e-03 2.563480e-01
197 7.370680e-01 5.548000e-03 2.573840e-01
198 7.361440e-01 5.436000e-03 2.584200e-01
199 7.353800e-01 5.188000e-03 2.594320e-01
200 7.345200e-01 5.184000e-03 2.602960e-01
201 7.337120e-01 5.028000e-03 2.612600e-01
202 7.327520e-01 5.168000e-03 2.620800e-01
203 7.318360e-01 5.136000e-03 2.630280e-01
204 7.310360e-01 5.020000e-03 2.639440e-01
205 7.303080e-01 4.908000e-03 2.647840e-01
206 7.295880e-01 4.720000e-03 2.656920e-01
207 7.285800e-01 4.880000e-03 2.665400e-01
208 7.277840e-01 4.764000e-03 2.674520e-01
209 7.269800e-01 4.724000e-03 2.682960e-01
210 7.261480e-01 4.720000e-03 2.691320e-01
211 7.254520e-01 4.700000e-03 2.698480e-01
212 7.246640e-01 4.664000e-03 2.706720e-01
213 7.239040e-01 4.704000e-03 2.713920e-01
214 7.231880e-01 4.612000e-03 2.722000e-01
215 7.223440e-01 4.636000e-03 2.730200e-01
216 7.215360e-01 4.592000e-03 2.738720e-01
217 7.208240e-01 4.468000e-03 2.747080e-01
218 7.200800e-01 4.412000e-03 2.755080e-01
219 7.193880e-01 4.308000e-03 2.763040e-01
220 7.186600e-01 4.152000e-03 2.771880e-01
221 7.179480e-01 4.144000e-03 2.779080e-01
222 7.172680e-01 4.108000e-03 2.786240e-01
223 7.166280e-01 4.036000e-03 2.793360e-01
224 7.158520e-01 4.168000e-03 2.799800e-01
225 7.151640e-01 4.072000e-03 2.807640e-01
226 7.144960e-01 3.996000e-03 2.815080e-01
227 7.138160e-01 4.020000e-03 2.821640e-01
228 7.131960e-01 3.912000e-03 2.828920e-01
229 7.125560e-01 3.804000e-03 2.836400e-01
230 7.120280e-01 3.684000e-03 2.842880e-01
231 7.114840e-01 3.644000e-03 2.848720e-01
232 7.108880e-01 3.584000e-03 2.855280e-01
233 7.103640e-01 3.524000e-03 2.861120e-01
234 7.097160e-01 3.568000e-03 2.867160e-01
235 7.092280e-01 3.392000e-03 2.873800e-01
236 7.086280e-01 3.360000e-03 2.880120e-01
237 7.079440e-01 3.504000e-03 2.885520e-01
238 7.073440e-01 3.444000e-03 2.892120e-01
239 7.067600e-01 3.528000e-03 2.897120e-01
240 7.060960e-01 3.512000e-03 2.903920e-01
241 7.056160e-01 3.316000e-03 2.910680e-01
242 7.052080e-01 3.144000e-03 2.916480e-01
243 7.047560e-01 3.060000e-03 2.921840e-01
244 7.043360e-01 2.968000e-03 2.926960e-01
245 7.038760e-01 2.872000e-03 2.932520e-01
246 7.034760e-01 2.800000e-03 2.937240e-01
247 7.030160e-01 2.752000e-03 2.942320e-01
248 7.025920e-01 2.688000e-03 2.947200e-01
249 7.020440e-01 2.784000e-03 2.951720e-01
250 7.015160e-01 2.872000e-03 2.956120e-01
251 7.010400e-01 2.812000e-03 2.961480e-01
252 7.006240e-01 2.760000e-03 2.966160e-01
253 7.000600e-01 2.876000e-03 2.970640e-01
254 6.996120e-01 2.832000e-03 2.975560e-01
255 6.991120e-01 2.908000e-03 2.979800e-01
256 6.985640e-01 2.864000e-03 2.985720e-01
257 6.979960e-01 2.920000e-03 2.990840e-01
258 6.974480e-01 2.956000e-03 2.995960e-01
259 6.969480e-01 2.884000e-03 3.001680e-01
260 6.964920e-01 2.788000e-03 3.007200e-01
261 6.960080e-01 2.832000e-03 3.011600e-01
262 6.955000e-01 2.820000e-03 3.016800e-01
263 6.949840e-01 2.864000e-03 3.021520e-01
264 6.944720e-01 2.864000e-03 3.026640e-01
265 6.939920e-01 2.872000e-03 3.031360e-01
266 6.935560e-01 2.820000e-03 3.036240e-01
267 6.931560e-01 2.716000e-03 3.041280e-01
268 6.926720e-01 2.752000e-03 3.045760e-01
269 6.922200e-01 2.716000e-03 3.050640e-01
270 6.917240e-01 2.788000e-03 3.054880e-01
271 6.911720e-01 2.844000e-03 3.059840e-01
272 6.906920e-01 2.796000e-03 3.065120e-01
273 6.900840e-01 2.916000e-03 3.070000e-01
274 6.894840e-01 3.036000e-03 3.074800e-01
275 6.889560e-01 3.048000e-03 3.079960e-01
276 6.884200e-01 3.120000e-03 3.084600e-01
277 6.878080e-01 3.140000e-03 3.090520e-01
278 6.872080e-01 3.168000e-03 3.096240e-01
279 6.867520e-01 3.104000e-03 3.101440e-01
280 6.861960e-01 3.056000e-03 3.107480e-01
281 6.858400e-01 2.876000e-03 3.112840e-01
282 6.853560e-01 2.876000e-03 3.117680e-01
283 6.848560e-01 2.876000e-03 3.122680e-01
284 6.843720e-01 2.848000e-03 3.127800e-01
285 6.838680e-01 2.812000e-03 3.133200e-01
286 6.833200e-01 2.880000e-03 3.138000e-01
287 6.829000e-01 2.760000e-03 3.143400e-01
288 6.824720e-01 2.656000e-03 3.148720e-01
289 6.820360e-01 2.624000e-03 3.153400e-01
290 6.815920e-01 2.628000e-03 3.157800e-01
291 6.811480e-01 2.624000e-03 3.162280e-01
292 6.806760e-01 2.600000e-03 3.167240e-01
293 6.802040e-01 2.620000e-03 3.171760e-01
294 6.797040e-01 2.648000e-03 3.176480e-01
295 6.791680e-01 2.768000e-03 3.180640e-01
296 6.786720e-01 2.736000e-03 3.185920e-01
297 6.782480e-01 2.688000e-03 3.190640e-01
298 6.777640e-01 2.700000e-03 3.195360e-01
299 6.772680e-01 2.716000e-03 3.200160e-01
300 6.768040e-01 2.724000e-03 3.204720e-01
301 6.763400e-01 2.700000e-03 3.209600e-01
302 6.759320e-01 2.652000e-03 3.214160e-01
303 6.753800e-01 2.800000e-03 3.218200e-01
304 6.749040e-01 2.804000e-03 3.222920e-01
305 6.745040e-01 2.632000e-03 3.228640e-01
306 6.740760e-01 2.596000e-03 3.233280e-01
307 6.735840e-01 2.640000e-03 3.237760e-01
308 6.731200e-01 2.664000e-03 3.242160e-01
309 6.727040e-01 2.564000e-03 3.247320e-01
310 6.723160e-01 2.548000e-03 3.251360e-01
311 6.719160e-01 2.504000e-03 3.255800e-01
312 6.715480e-01 2.444000e-03 3.260080e-01
313 6.710880e-01 2.524000e-03 3.263880e-01
314 6.706680e-01 2.536000e-03 3.267960e-01
315 6.702760e-01 2.508000e-03 3.272160e-01
316 6.698080e-01 2.572000e-03 3.276200e-01
317 6.694320e-01 2.528000e-03 3.280400e-01
318 6.689960e-01 2.484000e-03 3.285200e-01
319 6.685800e-01 2.448000e-03 3.289720e-01
320 6.681080e-01 2.500000e-03 3.293920e-01
321 6.676280e-01 2.540000e-03 3.298320e-01
322 6.671360e-01 2.540000e-03 3.303240e-01
323 6.667240e-01 2.508000e-03 3.307680e-01
324 6.663320e-01 2.524000e-03 3.311440e-01
325 6.659000e-01 2.508000e-03 3.315920e-01
326 6.655080e-01 2.448000e-03 3.320440e-01
327 6.651400e-01 2.328000e-03 3.325320e-01
328 6.647480e-01 2.268000e-03 3.329840e-01
329 6.643760e-01 2.304000e-03 3.333200e-01
330 6.640280e-01 2.276000e-03 3.336960e-01
331 6.636480e-01 2.280000e-03 3.340720e-01
332 6.632640e-01 2.292000e-03 3.344440e-01
333 6.628400e-01 2.292000e-03 3.348680e-01
334 6.625000e-01 2.276000e-03 3.352240e-01
335 6.621280e-01 2.260000e-03 3.356120e-01
336 6.617920e-01 2.200000e-03 3.360080e-01
337 6.614600e-01 2.192000e-03 3.363480e-01
338 6.611480e-01 2.092000e-03 3.367600e-01
339 6.608280e-01 2.032000e-03 3.371400e-01
340 6.604720e-01 2.076000e-03 3.374520e-01
341 6.601640e-01 2.048000e-03 3.377880e-01
342 6.598400e-01 1.956000e-03 3.382040e-01
343 6.595160e-01 1.920000e-03 3.385640e-01
344 6.592400e-01 1.876000e-03 3.388840e-01
345 6.589320e-01 1.840000e-03 3.392280e-01
346 6.586480e-01 1.784000e-03 3.395680e-01
347 6.582640e-01 1.840000e-03 3.398960e-01
348 6.579000e-01 1.892000e-03 3.402080e-01
349 6.575720e-01 1.892000e-03 3.405360e-01
350 6.572560e-01 1.876000e-03 3.408680e-01
351 6.569360e-01 1.900000e-03 3.411640e-01
352 6.565920e-01 1.876000e-03 3.415320e-01
353 6.562240e-01 1.848000e-03 3.419280e-01
354 6.558720e-01 1.904000e-03 3.422240e-01
355 6.556080e-01 1.796000e-03 3.425960e-01
356 6.552760e-01 1.796000e-03 3.429280e-01
357 6.549560e-01 1.792000e-03 3.432520e-01
358 6.545520e-01 1.888000e-03 3.435600e-01
359 6.542040e-01 1.904000e-03 3.438920e-01
360 6.539360e-01 1.872000e-03 3.441920e-01
361 6.536280e-01 1.836000e-03 3.445360e-01
362 6.533480e-01 1.780000e-03 3.448720e-01
363 6.530640e-01 1.808000e-03 3.451280e-01
364 6.527880e-01 1.824000e-03 3.453880e-01
365 6.524240e-01 1.892000e-03 3.456840e-01
366 6.520680e-01 1.912000e-03 3.460200e-01
367 6.516880e-01 1.928000e-03 3.463840e-01
368 6.513480e-01 1.960000e-03 3.466920e-01
369 6.510360e-01 1.932000e-03 3.470320e-01
370 6.507640e-01 1.852000e-03 3.473840e-01
371 6.504960e-01 1.804000e-03 3.477000e-01
372 6.502560e-01 1.704000e-03 3.480400e-01
373 6.500240e-01 1.656000e-03 3.483200e-01
374 6.497880e-01 1.588000e-03 3.486240e-01
375 6.495400e-01 1.572000e-03 3.488880e-01
376 6.492960e-01 1.576000e-03 3.491280e-01
377 6.490760e-01 1.512000e-03 3.494120e-01
378 6.488880e-01 1.472000e-03 3.496400e-01
379 6.486840e-01 1.396000e-03 3.499200e-01
380 6.485240e-01 1.332000e-03 3.501440e-01
381 6.483800e-01 1.232000e-03 3.503880e-01
382 6.482240e-01 1.176000e-03 3.506000e-01
383 6.480360e-01 1.196000e-03 3.507680e-01
384 6.478640e-01 1.172000e-03 3.509640e-01
385 6.476680e-01 1.196000e-03 3.511360e-01
386 6.475120e-01 1.144000e-03 3.513440e-01
387 6.473280e-01 1.164000e-03 3.515080e-01
388 6.470600e-01 1.228000e-03 3.517120e-01
389 6.468760e-01 1.168000e-03 3.519560e-01
390 6.467120e-01 1.124000e-03 3.521640e-01
391 6.465040e-01 1.132000e-03 3.523640e-01
392 6.462920e-01 1.152000e-03 3.525560e-01
393 6.461560e-01 1.080000e-03 3.527640e-01
394 6.460320e-01 1.076000e-03 3.528920e-01
395 6.458560e-01 1.072000e-03 3.530720e-01
396 6.456800e-01 1.044000e-03 3.532760e-01
397 6.454960e-01 1.024000e-03 3.534800e-01
398 6.453520e-01 9.960000e-04 3.536520e-01
399 6.452160e-01 9.720000e-04 3.538120e-01
400 6.450600e-01 9.360000e-04 3.540040e-01
401 6.449320e-01 9.000000e-04 3.541680e-01
402 6.447920e-01 9.120000e-04 3.542960e-01
403 6.446320e-01 9.480000e-04 3.544200e-01
404 6.444480e-01 9.280000e-04 3.546240e-01
405 6.442280e-01 1.008000e-03 3.547640e-01
406 6.440120e-01 1.032000e-03 3.549560e-01
407 6.437960e-01 1.076000e-03 3.551280e-01
408 6.436120e-01 1.120000e-03 3.552680e-01
409 6.434160e-01 1.124000e-03 3.554600e-01
410 6.432280e-01 1.100000e-03 3.556720e-01
411 6.430840e-01 1.092000e-03 3.558240e-01
412 6.428720e-01 1.160000e-03 3.559680e-01
413 6.427080e-01 1.124000e-03 3.561680e-01
414 6.425480e-01 1.068000e-03 3.563840e-01
415 6.423720e-01 1.064000e-03 3.565640e-01
416 6.421840e-01 1.084000e-03 3.567320e-01
417 6.420160e-01 1.100000e-03 3.568840e-01
418 6.418280e-01 1.096000e-03 3.570760e-01
419 6.416760e-01 1.060000e-03 3.572640e-01
420 6.414760e-01 1.060000e-03 3.574640e-01
421 6.413160e-01 1.052000e-03 3.576320e-01
422 6.411320e-01 1.064000e-03 3.578040e-01
423 6.409640e-01 1.040000e-03 3.579960e-01
424 6.408480e-01 9.880000e-04 3.581640e-01
425 6.407040e-01 9.520000e-04 3.583440e-01
426 6.405960e-01 8.840000e-04 3.585200e-01
427 6.404560e-01 8.760000e-04 3.586680e-01
428 6.403800e-01 8.000000e-04 3.588200e-01
429 6.402520e-01 7.560000e-04 3.589920e-01
430 6.401360e-01 7.480000e-04 3.591160e-01
431 6.400000e-01 7.520000e-04 3.592480e-01
432 6.398840e-01 7.240000e-04 3.593920e-01
433 6.397880e-01 7.000000e-04 3.595120e-01
434 6.397120e-01 6.280000e-04 3.596600e-01
435 6.396120e-01 6.080000e-04 3.597800e-01
436 6.395200e-01 5.680000e-04 3.599120e-01
437 6.394360e-01 5.200000e-04 3.600440e-01
438 6.393800e-01 4.920000e-04 3.601280e-01
439 6.393200e-01 4.680000e-04 3.602120e-01
440 6.392400e-01 4.880000e-04 3.602720e-01
441 6.391560e-01 5.120000e-04 3.603320e-01
442 6.390840e-01 5.080000e-04 3.604080e-01
443 6.389880e-01 4.960000e-04 3.605160e-01
444 6.388960e-01 5.120000e-04 3.605920e-01
445 6.387960e-01 5.040000e-04 3.607000e-01
446 6.387320e-01 4.640000e-04 3.608040e-01
447 6.386960e-01 4.040000e-04 3.609000e-01
448 6.386000e-01 4.200000e-04 3.609800e-01
449 6.385560e-01 3.880000e-04 3.610560e-01
450 6.384760e-01 3.840000e-04 3.611400e-01
451 6.384000e-01 3.840000e-04 3.612160e-01
452 6.383400e-01 3.960000e-04 3.612640e-01
453 6.382880e-01 3.720000e-04 3.613400e-01
454 6.382280e-01 3.480000e-04 3.614240e-01
455 6.381680e-01 3.480000e-04 3.614840e-01
456 6.381120e-01 3.320000e-04 3.615560e-01
457 6.380280e-01 3.880000e-04 3.615840e-01
458 6.379280e-01 4.200000e-04 3.616520e-01
459 6.378760e-01 3.960000e-04 3.617280e-01
460 6.377840e-01 4.320000e-04 3.617840e-01
461 6.377240e-01 4.400000e-04 3.618360e-01
462 6.376920e-01 3.960000e-04 3.619120e-01
463 6.376360e-01 3.840000e-04 3.619800e-01
464 6.376080e-01 3.360000e-04 3.620560e-01
465 6.375840e-01 2.960000e-04 3.621200e-01
466 6.375560e-01 2.640000e-04 3.621800e-01
467 6.375320e-01 2.360000e-04 3.622320e-01
468 6.375120e-01 2.160000e-04 3.622720e-01
469 6.375040e-01 1.960000e-04 3.623000e-01
470 6.374800e-01 1.840000e-04 3.623360e-01
471 6.374680e-01 1.680000e-04 3.623640e-01
472 6.374480e-01 1.520000e-04 3.624000e-01
473 6.374360e-01 1.320000e-04 3.624320e-01
474 6.374240e-01 1.160000e-04 3.624600e-01
475 6.374120e-01 1.000000e-04 3.624880e-01
476 6.374040e-01 8.800000e-05 3.625080e-01
477 6.373760e-01 9.600000e-05 3.625280e-01
478 6.373560e-01 1.040000e-04 3.625400e-01
479 6.373440e-01 1.000000e-04 3.625560e-01
480 6.373240e-01 1.040000e-04 3.625720e-01
481 6.373080e-01 1.120000e-04 3.625800e-01
482 6.372880e-01 1.240000e-04 3.625880e-01
483 6.372720e-01 1.160000e-04 3.626120e-01
484 6.372480e-01 1.320000e-04 3.626200e-01
485 6.372200e-01 1.400000e-04 3.626400e-01
486 6.372080e-01 1.400000e-04 3.626520e-01
487 6.371760e-01 1.480000e-04 3.626760e-01
488 6.371320e-01 1.560000e-04 3.627120e-01
489 6.371080e-01 1.640000e-04 3.627280e-01
490 6.370680e-01 1.840000e-04 3.627480e-01
491 6.370360e-01 1.760000e-04 3.627880e-01
492 6.369840e-01 1.920000e-04 3.628240e-01
493 6.369560e-01 2.040000e-04 3.628400e-01
494 6.369320e-01 2.040000e-04 3.628640e-01
495 6.368920e-01 2.120000e-04 3.628960e-01
496 6.368160e-01 2.480000e-04 3.629360e-01
497 6.367800e-01 2.440000e-04 3.629760e-01
498 6.367440e-01 2.560000e-04 3.630000e-01
499 6.367160e-01 2.440000e-04 3.630400e-01
500 6.366960e-01 2.240000e-04 3.630800e-01
