1 9.992480e-01 6.520000e-04 1.000000e-04
2 9.987480e-01 1.000000e-03 2.520000e-04
3 9.980480e-01 1.480000e-03 4.720000e-04
4 9.973640e-01 1.848000e-03 7.880000e-04
5 9.965640e-01 2.264000e-03 1.172000e-03
6 9.956840e-01 2.764000e-03 1.552000e-03
7 9.946240e-01 3.360000e-03 2.016000e-03
8 9.936480e-01 3.748000e-03 2.604000e-03
9 9.925440e-01 4.224000e-03 3.232000e-03
10 9.914240e-01 4.584000e-03 3.992000e-03
11 9.902640e-01 4.948000e-03 4.788000e-03
12 9.888760e-01 5.448000e-03 5.676000e-03
13 9.873320e-01 6.112000e-03 6.556000e-03
14 9.859920e-01 6.300000e-03 7.708000e-03
15 9.845200e-01 6.624000e-03 8.856000e-03
16 9.830400e-01 6.980000e-03 9.980000e-03
17 9.814760e-01 7.284000e-03 1.124000e-02
18 9.799920e-01 7.388000e-03 1.262000e-02
19 9.787080e-01 7.372000e-03 1.392000e-02
20 9.774680e-01 7.264000e-03 1.526800e-02
21 9.762160e-01 7.272000e-03 1.651200e-02
22 9.749000e-01 7.368000e-03 1.773200e-02
23 9.735200e-01 7.408000e-03 1.907200e-02
24 9.721680e-01 7.500000e-03 2.033200e-02
25 9.708680e-01 7.560000e-03 2.157200e-02
26 9.693240e-01 7.892000e-03 2.278400e-02
27 9.678000e-01 8.108000e-03 2.409200e-02
28 9.663680e-01 8.008000e-03 2.562400e-02
29 9.647520e-01 8.200000e-03 2.704800e-02
30 9.632120e-01 8.292000e-03 2.849600e-02
31 9.615240e-01 8.400000e-03 3.007600e-02
32 9.598880e-01 8.576000e-03 3.153600e-02
33 9.583920e-01 8.548000e-03 3.306000e-02
34 9.568440e-01 8.604000e-03 3.455200e-02
35 9.551880e-01 8.752000e-03 3.606000e-02
36 9.537960e-01 8.660000e-03 3.754400e-02
37 9.521360e-01 8.840000e-03 3.902400e-02
38 9.505680e-01 8.828000e-03 4.060400e-02
39 9.489400e-01 8.900000e-03 4.216000e-02
40 9.473160e-01 9.032000e-03 4.365200e-02
41 9.457440e-01 9.016000e-03 4.524000e-02
42 9.440560e-01 9.056000e-03 4.688800e-02
43 9.424520e-01 9.036000e-03 4.851200e-02
44 9.409520e-01 8.876000e-03 5.017200e-02
45 9.394480e-01 8.864000e-03 5.168800e-02
46 9.379280e-01 8.892000e-03 5.318000e-02
47 9.363240e-01 8.940000e-03 5.473600e-02
48 9.347280e-01 8.920000e-03 5.635200e-02
49 9.331720e-01 8.856000e-03 5.797200e-02
50 9.316800e-01 8.692000e-03 5.962800e-02
51 9.301240e-01 8.672000e-03 6.120400e-02
52 9.286400e-01 8.624000e-03 6.273600e-02
53 9.271360e-01 8.512000e-03 6.435200e-02
54 9.255920e-01 8.528000e-03 6.588000e-02
55 9.239920e-01 8.636000e-03 6.737200e-02
56 9.223320e-01 8.872000e-03 6.879600e-02
57 9.207640e-01 8.808000e-03 7.042800e-02
58 9.191400e-01 8.860000e-03 7.200000e-02
59 9.176360e-01 8.764000e-03 7.360000e-02
60 9.162680e-01 8.616000e-03 7.511600e-02
61 9.148960e-01 8.408000e-03 7.669600e-02
62 9.135000e-01 8.336000e-03 7.816400e-02
63 9.120320e-01 8.376000e-03 7.959200e-02
64 9.106840e-01 8.292000e-03 8.102400e-02
65 9.092240e-01 8.236000e-03 8.254000e-02
66 9.079280e-01 8.104000e-03 8.396800e-02
67 9.063480e-01 8.260000e-03 8.539200e-02
68 9.049440e-01 8.036000e-03 8.702000e-02
69 9.035680e-01 7.908000e-03 8.852400e-02
70 9.021400e-01 7.940000e-03 8.992000e-02
71 9.005840e-01 8.108000e-03 9.130800e-02
72 8.990920e-01 8.180000e-03 9.272800e-02
73 8.975920e-01 8.152000e-03 9.425600e-02
74 8.961480e-01 8.196000e-03 9.565600e-02
75 8.945200e-01 8.288000e-03 9.719200e-02
76 8.931160e-01 8.124000e-03 9.876000e-02
77 8.917640e-01 7.980000e-03 1.002560e-01
78 8.905800e-01 7.808000e-03 1.016120e-01
79 8.893200e-01 7.644000e-03 1.030360e-01
80 8.879120e-01 7.740000e-03 1.043480e-01
81 8.866560e-01 7.540000e-03 1.058040e-01
82 8.853840e-01 7.448000e-03 1.071680e-01
83 8.841440e-01 7.404000e-03 1.084520e-01
84 8.829040e-01 7.304000e-03 1.097920e-01
85 8.817640e-01 7.208000e-03 1.110280e-01
86 8.804520e-01 7.300000e-03 1.122480e-01
87 8.791960e-01 7.268000e-03 1.135360e-01
88 8.777240e-01 7.520000e-03 1.147560e-01
89 8.762600e-01 7.624000e-03 1.161160e-01
90 8.749000e-01 7.652000e-03 1.174480e-01
91 8.734400e-01 7.816000e-03 1.187440e-01
92 8.720200e-01 7.820000e-03 1.201600e-01
93 8.705240e-01 8.044000e-03 1.214320e-01
94 8.690560e-01 8.116000e-03 1.228280e-01
95 8.676360e-01 8.204000e-03 1.241600e-01
96 8.662600e-01 8.176000e-03 1.255640e-01
97 8.648480e-01 8.128000e-03 1.270240e-01
98 8.636080e-01 7.952000e-03 1.284400e-01
99 8.623720e-01 7.820000e-03 1.298080e-01
100 8.612040e-01 7.620000e-03 1.311760e-01
101 8.598800e-01 7.696000e-03 1.324240e-01
102 8.585840e-01 7.696000e-03 1.337200e-01
103 8.573520e-01 7.628000e-03 1.350200e-01
104 8.561160e-01 7.700000e-03 1.361840e-01
105 8.548680e-01 7.560000e-03 1.375720e-01
106 8.534720e-01 7.628000e-03 1.389000e-01
107 8.522320e-01 7.652000e-03 1.401160e-01
108 8.508800e-01 7.792000e-03 1.413280e-01
109 8.495840e-01 7.844000e-03 1.425720e-01
110 8.481360e-01 7.928000e-03 1.439360e-01
111 8.468480e-01 7.888000e-03 1.452640e-01
112 8.456720e-01 7.760000e-03 1.465680e-01
113 8.442040e-01 7.876000e-03 1.479200e-01
114 8.430720e-01 7.652000e-03 1.492760e-01
115 8.418320e-01 7.520000e-03 1.506480e-01
116 8.406440e-01 7.368000e-03 1.519880e-01
117 8.394000e-01 7.408000e-03 1.531920e-01
118 8.381240e-01 7.404000e-03 1.544720e-01
119 8.369000e-01 7.408000e-03 1.556920e-01
120 8.355720e-01 7.392000e-03 1.570360e-01
121 8.343080e-01 7.436000e-03 1.582560e-01
122 8.330640e-01 7.288000e-03 1.596480e-01
123 8.319960e-01 7.084000e-03 1.609200e-01
124 8.307800e-01 7.132000e-03 1.620880e-01
125 8.296040e-01 7.004000e-03 1.633920e-01
126 8.283600e-01 6.944000e-03 1.646960e-01
127 8.270920e-01 6.960000e-03 1.659480e-01
128 8.260080e-01 6.848000e-03 1.671440e-01
129 8.249120e-01 6.756000e-03 1.683320e-01
130 8.237160e-01 6.704000e-03 1.695800e-01
131 8.225920e-01 6.708000e-03 1.707000e-01
132 8.214680e-01 6.696000e-03 1.718360e-01
133 8.202560e-01 6.732000e-03 1.730120e-01
134 8.190680e-01 6.808000e-03 1.741240e-01
135 8.179680e-01 6.724000e-03 1.753080e-01
136 8.169160e-01 6.628000e-03 1.764560e-01
137 8.158280e-01 6.512000e-03 1.776600e-01
138 8.147720e-01 6.480000e-03 1.787480e-01
139 8.137280e-01 6.348000e-03 1.799240e-01
140 8.127760e-01 6.076000e-03 1.811480e-01
141 8.117920e-01 5.956000e-03 1.822520e-01
142 8.108000e-01 5.988000e-03 1.832120e-01
143 8.097800e-01 5.952000e-03 1.842680e-01
144 8.087360e-01 5.928000e-03 1.853360e-01
145 8.076960e-01 5.848000e-03 1.864560e-01
146 8.065880e-01 6.092000e-03 1.873200e-01
147 8.054480e-01 6.216000e-03 1.883360e-01
148 8.042880e-01 6.324000e-03 1.893880e-01
149 8.032120e-01 6.168000e-03 1.906200e-01
150 8.022480e-01 6.112000e-03 1.916400e-01
151 8.011960e-01 6.012000e-03 1.927920e-01
152 8.003600e-01 5.920000e-03 1.937200e-01
153 7.993760e-01 5.804000e-03 1.948200e-01
154 7.983120e-01 5.792000e-03 1.958960e-01
155 7.973040e-01 5.792000e-03 1.969040e-01
156 7.963320e-01 5.784000e-03 1.978840e-01
157 7.953000e-01 5.860000e-03 1.988400e-01
158 7.941800e-01 6.016000e-03 1.998040e-01
159 7.931360e-01 6.036000e-03 2.008280e-01
160 7.920600e-01 6.112000e-03 2.018280e-01
161 7.909720e-01 6.164000e-03 2.028640e-01
162 7.900800e-01 5.860000e-03 2.040600e-01
163 7.891160e-01 5.868000e-03 2.050160e-01
164 7.881680e-01 5.820000e-03 2.060120e-01
165 7.870640e-01 5.972000e-03 2.069640e-01
166 7.860040e-01 5.980000e-03 2.080160e-01
167 7.849920e-01 5.944000e-03 2.090640e-01
168 7.840280e-01 5.756000e-03 2.102160e-01
169 7.830240e-01 5.728000e-03 2.112480e-01
170 7.822120e-01 5.608000e-03 2.121800e-01
171 7.813120e-01 5.516000e-03 2.131720e-01
172 7.803840e-01 5.444000e-03 2.141720e-01
173 7.794520e-01 5.468000e-03 2.150800e-01
174 7.785640e-01 5.376000e-03 2.160600e-01
175 7.775720e-01 5.420000e-03 2.170080e-01
176 7.766080e-01 5.452000e-03 2.179400e-01
177 7.758080e-01 5.268000e-03 2.189240e-01
178 7.748680e-01 5.260000e-03 2.198720e-01
179 7.739120e-01 5.172000e-03 2.209160e-01
180 7.730840e-01 5.036000e-03 2.218800e-01
181 7.721840e-01 5.116000e-03 2.227000e-01
182 7.713600e-01 4.936000e-03 2.237040e-01
183 7.706360e-01 4.788000e-03 2.245760e-01
184 7.698360e-01 4.812000e-03 2.253520e-01
185 7.690520e-01 4.752000e-03 2.261960e-01
186 7.681920e-01 4.792000e-03 2.270160e-01
187 7.673520e-01 4.812000e-03 2.278360e-01
188 7.665440e-01 4.696000e-03 2.287600e-01
189 7.658080e-01 4.680000e-03 2.295120e-01
190 7.650640e-01 4.624000e-03 2.303120e-01
191 7.642640e-01 4.684000e-03 2.310520e-01
192 7.634560e-01 4.784000e-03 2.317600e-01
193 7.626680e-01 4.812000e-03 2.325200e-01
194 7.618760e-01 4.660000e-03 2.334640e-01
195 7.610960e-01 4.664000e-03 2.342400e-01
196 7.603200e-01 4.548000e-03 2.351320e-01
197 7.595760e-01 4.508000e-03 2.359160e-01
198 7.587880e-01 4.552000e-03 2.366600e-01
199 7.580840e-01 4.496000e-03 2.374200e-01
200 7.573800e-01 4.436000e-03 2.381840e-01
201 7.566480e-01 4.416000e-03 2.389360e-01
202 7.558040e-01 4.576000e-03 2.396200e-01
203 7.549200e-01 4.720000e-03 2.403600e-01
204 7.539520e-01 4.812000e-03 2.412360e-01
205 7.530840e-01 4.876000e-03 2.420400e-01
206 7.522680e-01 4.796000e-03 2.429360e-01
207 7.515040e-01 4.728000e-03 2.437680e-01
208 7.507400e-01 4.744000e-03 2.445160e-01
209 7.498280e-01 4.908000e-03 2.452640e-01
210 7.491120e-01 4.744000e-03 2.461440e-01
211 7.483560e-01 4.632000e-03 2.470120e-01
212 7.477000e-01 4.396000e-03 2.479040e-01
213 7.469840e-01 4.192000e-03 2.488240e-01
214 7.462000e-01 4.204000e-03 2.495960e-01
215 7.455160e-01 4.140000e-03 2.503440e-01
216 7.447760e-01 4.096000e-03 2.511280e-01
217 7.441080e-01 4.044000e-03 2.518480e-01
218 7.433840e-01 4.040000e-03 2.525760e-01
219 7.426400e-01 4.012000e-03 2.533480e-01
220 7.419760e-01 4.008000e-03 2.540160e-01
221 7.412920e-01 4.012000e-03 2.546960e-01
222 7.405560e-01 3.996000e-03 2.554480e-01
223 7.399440e-01 3.884000e-03 2.561720e-01
224 7.392440e-01 3.896000e-03 2.568600e-01
225 7.385840e-01 3.932000e-03 2.574840e-01
226 7.380640e-01 3.792000e-03 2.581440e-01
227 7.374560e-01 3.744000e-03 2.588000e-01
228 7.368160e-01 3.712000e-03 2.594720e-01
229 7.362760e-01 3.612000e-03 2.601120e-01
230 7.357800e-01 3.532000e-03 2.606880e-01
231 7.351720e-01 3.516000e-03 2.613120e-01
232 7.346800e-01 3.464000e-03 2.618560e-01
233 7.341200e-01 3.456000e-03 2.624240e-01
234 7.335800e-01 3.388000e-03 2.630320e-01
235 7.329520e-01 3.420000e-03 2.636280e-01
236 7.323960e-01 3.384000e-03 2.642200e-01
237 7.319040e-01 3.316000e-03 2.647800e-01
238 7.313000e-01 3.396000e-03 2.653040e-01
239 7.307840e-01 3.272000e-03 2.659440e-01
240 7.302520e-01 3.244000e-03 2.665040e-01
241 7.297440e-01 3.160000e-03 2.670960e-01
242 7.292000e-01 3.112000e-03 2.676880e-01
243 7.286760e-01 3.024000e-03 2.683000e-01
244 7.281800e-01 2.952000e-03 2.688680e-01
245 7.276960e-01 2.900000e-03 2.694040e-01
246 7.271880e-01 2.892000e-03 2.699200e-01
247 7.266520e-01 2.964000e-03 2.703840e-01
248 7.261760e-01 2.948000e-03 2.708760e-01
249 7.256520e-01 2.976000e-03 2.713720e-01
250 7.251040e-01 3.080000e-03 2.718160e-01
251 7.245600e-01 3.136000e-03 2.723040e-01
252 7.239960e-01 3.200000e-03 2.728040e-01
253 7.235120e-01 3.088000e-03 2.734000e-01
254 7.229800e-01 3.040000e-03 2.739800e-01
255 7.224880e-01 2.956000e-03 2.745560e-01
256 7.219720e-01 2.896000e-03 2.751320e-01
257 7.214560e-01 2.960000e-03 2.755840e-01
258 7.209680e-01 2.928000e-03 2.761040e-01
259 7.205000e-01 2.900000e-03 2.766000e-01
260 7.201560e-01 2.776000e-03 2.770680e-01
261 7.197200e-01 2.772000e-03 2.775080e-01
262 7.192400e-01 2.772000e-03 2.779880e-01
263 7.188440e-01 2.728000e-03 2.784280e-01
264 7.185000e-01 2.532000e-03 2.789680e-01
265 7.181560e-01 2.444000e-03 2.794000e-01
266 7.177640e-01 2.456000e-03 2.797800e-01
267 7.173400e-01 2.452000e-03 2.802080e-01
268 7.169040e-01 2.484000e-03 2.806120e-01
269 7.165120e-01 2.412000e-03 2.810760e-01
270 7.161000e-01 2.444000e-03 2.814560e-01
271 7.157560e-01 2.324000e-03 2.819200e-01
272 7.153040e-01 2.396000e-03 2.823000e-01
273 7.149520e-01 2.248000e-03 2.828000e-01
274 7.145480e-01 2.280000e-03 2.831720e-01
275 7.142240e-01 2.188000e-03 2.835880e-01
276 7.139360e-01 2.068000e-03 2.839960e-01
277 7.135560e-01 2.140000e-03 2.843040e-01
278 7.131600e-01 2.160000e-03 2.846800e-01
279 7.127560e-01 2.192000e-03 2.850520e-01
280 7.123600e-01 2.212000e-03 2.854280e-01
281 7.119440e-01 2.216000e-03 2.858400e-01
282 7.115320e-01 2.260000e-03 2.862080e-01
283 7.111040e-01 2.260000e-03 2.866360e-01
284 7.107080e-01 2.276000e-03 2.870160e-01
285 7.103680e-01 2.268000e-03 2.873640e-01
286 7.100200e-01 2.172000e-03 2.878080e-01
287 7.096760e-01 2.200000e-03 2.881240e-01
288 7.092880e-01 2.232000e-03 2.884800e-01
289 7.088840e-01 2.284000e-03 2.888320e-01
290 7.084680e-01 2.368000e-03 2.891640e-01
291 7.080600e-01 2.380000e-03 2.895600e-01
292 7.076600e-01 2.356000e-03 2.899840e-01
293 7.073080e-01 2.368000e-03 2.903240e-01
294 7.068960e-01 2.352000e-03 2.907520e-01
295 7.065720e-01 2.288000e-03 2.911400e-01
296 7.060320e-01 2.416000e-03 2.915520e-01
297 7.056040e-01 2.380000e-03 2.920160e-01
298 7.051360e-01 2.412000e-03 2.924520e-01
299 7.046600e-01 2.420000e-03 2.929200e-01
300 7.042160e-01 2.400000e-03 2.933840e-01
301 7.038000e-01 2.436000e-03 2.937640e-01
302 7.033960e-01 2.328000e-03 2.942760e-01
303 7.030800e-01 2.252000e-03 2.946680e-01
304 7.026880e-01 2.256000e-03 2.950560e-01
305 7.023120e-01 2.260000e-03 2.954280e-01
306 7.018920e-01 2.300000e-03 2.958080e-01
307 7.014160e-01 2.392000e-03 2.961920e-01
308 7.010640e-01 2.380000e-03 2.965560e-01
309 7.006040e-01 2.504000e-03 2.968920e-01
310 7.002120e-01 2.452000e-03 2.973360e-01
311 6.998320e-01 2.372000e-03 2.977960e-01
312 6.994080e-01 2.424000e-03 2.981680e-01
313 6.991080e-01 2.308000e-03 2.985840e-01
314 6.987240e-01 2.280000e-03 2.989960e-01
315 6.983800e-01 2.272000e-03 2.993480e-01
316 6.980520e-01 2.180000e-03 2.997680e-01
317 6.977440e-01 2.108000e-03 3.001480e-01
318 6.974200e-01 2.072000e-03 3.005080e-01
319 6.970520e-01 2.076000e-03 3.008720e-01
320 6.967160e-01 1.988000e-03 3.012960e-01
321 6.962800e-01 2.004000e-03 3.017160e-01
322 6.958240e-01 2.072000e-03 3.021040e-01
323 6.954040e-01 2.124000e-03 3.024720e-01
324 6.950400e-01 2.092000e-03 3.028680e-01
325 6.946440e-01 2.096000e-03 3.032600e-01
326 6.942720e-01 2.124000e-03 3.036040e-01
327 6.938160e-01 2.168000e-03 3.040160e-01
328 6.934000e-01 2.212000e-03 3.043880e-01
329 6.929280e-01 2.316000e-03 3.047560e-01
330 6.925320e-01 2.312000e-03 3.051560e-01
331 6.921840e-01 2.276000e-03 3.055400e-01
332 6.917080e-01 2.304000e-03 3.059880e-01
333 6.912120e-01 2.396000e-03 3.063920e-01
334 6.907600e-01 2.440000e-03 3.068000e-01
335 6.903400e-01 2.492000e-03 3.071680e-01
336 6.898760e-01 2.596000e-03 3.075280e-01
337 6.894080e-01 2.652000e-03 3.079400e-01
338 6.889760e-01 2.584000e-03 3.084400e-01
339 6.885960e-01 2.476000e-03 3.089280e-01
340 6.881840e-01 2.464000e-03 3.093520e-01
341 6.877520e-01 2.504000e-03 3.097440e-01
342 6.873200e-01 2.480000e-03 3.102000e-01
343 6.868920e-01 2.524000e-03 3.105840e-01
344 6.864320e-01 2.608000e-03 3.109600e-01
345 6.859560e-01 2.652000e-03 3.113920e-01
346 6.855160e-01 2.596000e-03 3.118880e-01
347 6.851200e-01 2.600000e-03 3.122800e-01
348 6.846480e-01 2.636000e-03 3.127160e-01
349 6.841760e-01 2.632000e-03 3.131920e-01
350 6.837440e-01 2.676000e-03 3.135800e-01
351 6.833360e-01 2.588000e-03 3.140760e-01
352 6.829280e-01 2.528000e-03 3.145440e-01
353 6.825040e-01 2.516000e-03 3.149800e-01
354 6.820160e-01 2.540000e-03 3.154440e-01
355 6.815920e-01 2.536000e-03 3.158720e-01
356 6.812400e-01 2.396000e-03 3.163640e-01
357 6.809400e-01 2.252000e-03 3.168080e-01
358 6.805240e-01 2.296000e-03 3.171800e-01
359 6.800880e-01 2.364000e-03 3.175480e-01
360 6.796400e-01 2.380000e-03 3.179800e-01
361 6.792640e-01 2.376000e-03 3.183600e-01
362 6.788440e-01 2.384000e-03 3.187720e-01
363 6.784240e-01 2.388000e-03 3.191880e-01
364 6.779840e-01 2.432000e-03 3.195840e-01
365 6.775840e-01 2.436000e-03 3.199800e-01
366 6.772360e-01 2.388000e-03 3.203760e-01
367 6.768800e-01 2.284000e-03 3.208360e-01
368 6.765200e-01 2.236000e-03 3.212440e-01
369 6.761320e-01 2.212000e-03 3.216560e-01
370 6.757960e-01 2.092000e-03 3.221120e-01
371 6.753920e-01 2.112000e-03 3.224960e-01
372 6.749200e-01 2.224000e-03 3.228560e-01
373 6.746160e-01 2.164000e-03 3.232200e-01
374 6.742840e-01 2.140000e-03 3.235760e-01
375 6.739320e-01 2.108000e-03 3.239600e-01
376 6.735320e-01 2.148000e-03 3.243200e-01
377 6.731120e-01 2.180000e-03 3.247080e-01
378 6.727160e-01 2.168000e-03 3.251160e-01
379 6.722800e-01 2.232000e-03 3.254880e-01
380 6.718840e-01 2.248000e-03 3.258680e-01
381 6.714920e-01 2.284000e-03 3.262240e-01
382 6.710880e-01 2.260000e-03 3.266520e-01
383 6.706640e-01 2.272000e-03 3.270640e-01
384 6.702760e-01 2.244000e-03 3.274800e-01
385 6.698840e-01 2.304000e-03 3.278120e-01
386 6.695400e-01 2.228000e-03 3.282320e-01
387 6.691240e-01 2.248000e-03 3.286280e-01
388 6.687480e-01 2.200000e-03 3.290520e-01
389 6.683640e-01 2.112000e-03 3.295240e-01
390 6.680920e-01 2.024000e-03 3.298840e-01
391 6.676960e-01 2.036000e-03 3.302680e-01
392 6.673920e-01 1.988000e-03 3.306200e-01
393 6.670360e-01 2.004000e-03 3.309600e-01
394 6.667400e-01 1.996000e-03 3.312640e-01
395 6.664600e-01 1.952000e-03 3.315880e-01
396 6.661320e-01 1.968000e-03 3.319000e-01
397 6.657800e-01 1.984000e-03 3.322360e-01
398 6.654560e-01 1.900000e-03 3.326440e-01
399 6.651920e-01 1.864000e-03 3.329440e-01
400 6.649040e-01 1.804000e-03 3.332920e-01
401 6.646120e-01 1.728000e-03 3.336600e-01
402 6.643600e-01 1.648000e-03 3.339920e-01
403 6.641120e-01 1.608000e-03 3.342800e-01
404 6.639280e-01 1.544000e-03 3.345280e-01
405 6.637160e-01 1.532000e-03 3.347520e-01
406 6.635360e-01 1.484000e-03 3.349800e-01
407 6.633240e-01 1.416000e-03 3.352600e-01
408 6.631240e-01 1.408000e-03 3.354680e-01
409 6.629200e-01 1.396000e-03 3.356840e-01
410 6.627440e-01 1.396000e-03 3.358600e-01
411 6.624920e-01 1.412000e-03 3.360960e-01
412 6.623200e-01 1.344000e-03 3.363360e-01
413 6.621160e-01 1.336000e-03 3.365480e-01
414 6.618840e-01 1.316000e-03 3.368000e-01
415 6.616880e-01 1.272000e-03 3.370400e-01
416 6.614360e-01 1.336000e-03 3.372280e-01
417 6.612400e-01 1.336000e-03 3.374240e-01
418 6.610120e-01 1.328000e-03 3.376600e-01
419 6.608120e-01 1.292000e-03 3.378960e-01
420 6.605720e-01 1.344000e-03 3.380840e-01
421 6.603880e-01 1.276000e-03 3.383360e-01
422 6.601560e-01 1.296000e-03 3.385480e-01
423 6.599640e-01 1.288000e-03 3.387480e-01
424 6.596880e-01 1.360000e-03 3.389520e-01
425 6.594000e-01 1.412000e-03 3.391880e-01
426 6.591280e-01 1.412000e-03 3.394600e-01
427 6.588880e-01 1.464000e-03 3.396480e-01
428 6.586240e-01 1.480000e-03 3.398960e-01
429 6.583320e-01 1.528000e-03 3.401400e-01
430 6.581800e-01 1.440000e-03 3.403800e-01
431 6.579280e-01 1.444000e-03 3.406280e-01
432 6.577920e-01 1.308000e-03 3.409000e-01
433 6.576040e-01 1.312000e-03 3.410840e-01
434 6.574240e-01 1.268000e-03 3.413080e-01
435 6.572200e-01 1.244000e-03 3.415360e-01
436 6.569560e-01 1.324000e-03 3.417200e-01
437 6.567120e-01 1.320000e-03 3.419680e-01
438 6.564520e-01 1.352000e-03 3.421960e-01
439 6.562280e-01 1.348000e-03 3.424240e-01
440 6.560400e-01 1.296000e-03 3.426640e-01
441 6.558920e-01 1.212000e-03 3.428960e-01
442 6.556720e-01 1.220000e-03 3.431080e-01
443 6.555000e-01 1.192000e-03 3.433080e-01
444 6.552920e-01 1.212000e-03 3.434960e-01
445 6.550880e-01 1.236000e-03 3.436760e-01
446 6.548760e-01 1.224000e-03 3.439000e-01
447 6.546600e-01 1.256000e-03 3.440840e-01
448 6.544600e-01 1.244000e-03 3.442960e-01
449 6.542800e-01 1.224000e-03 3.444960e-01
450 6.541040e-01 1.188000e-03 3.447080e-01
451 6.539160e-01 1.164000e-03 3.449200e-01
452 6.537120e-01 1.156000e-03 3.451320e-01
453 6.535280e-01 1.104000e-03 3.453680e-01
454 6.533440e-01 1.096000e-03 3.455600e-01
455 6.531440e-01 1.052000e-03 3.458040e-01
456 6.530400e-01 9.560000e-04 3.460040e-01
457 6.528920e-01 9.280000e-04 3.461800e-01
458 6.527640e-01 9.320000e-04 3.463040e-01
459 6.525800e-01 9.480000e-04 3.464720e-01
460 6.523360e-01 1.032000e-03 3.466320e-01
461 6.521520e-01 1.016000e-03 3.468320e-01
462 6.519440e-01 1.032000e-03 3.470240e-01
463 6.516960e-01 1.124000e-03 3.471800e-01
464 6.514560e-01 1.160000e-03 3.473840e-01
465 6.512240e-01 1.176000e-03 3.476000e-01
466 6.510040e-01 1.200000e-03 3.477960e-01
467 6.507840e-01 1.208000e-03 3.480080e-01
468 6.506120e-01 1.176000e-03 3.482120e-01
469 6.503680e-01 1.208000e-03 3.484240e-01
470 6.500040e-01 1.360000e-03 3.486360e-01
471 6.496960e-01 1.408000e-03 3.488960e-01
472 6.494720e-01 1.436000e-03 3.490920e-01
473 6.491720e-01 1.472000e-03 3.493560e-01
474 6.489200e-01 1.436000e-03 3.496440e-01
475 6.486560e-01 1.424000e-03 3.499200e-01
476 6.483760e-01 1.464000e-03 3.501600e-01
477 6.481200e-01 1.476000e-03 3.504040e-01
478 6.478440e-01 1.492000e-03 3.506640e-01
479 6.475400e-01 1.564000e-03 3.508960e-01
480 6.472720e-01 1.544000e-03 3.511840e-01
481 6.469960e-01 1.540000e-03 3.514640e-01
482 6.467120e-01 1.568000e-03 3.517200e-01
483 6.464280e-01 1.588000e-03 3.519840e-01
484 6.460600e-01 1.652000e-03 3.522880e-01
485 6.457160e-01 1.640000e-03 3.526440e-01
486 6.454840e-01 1.612000e-03 3.529040e-01
487 6.452720e-01 1.536000e-03 3.531920e-01
488 6.450280e-01 1.480000e-03 3.534920e-01
489 6.447480e-01 1.484000e-03 3.537680e-01
490 6.444640e-01 1.540000e-03 3.539960e-01
491 6.442120e-01 1.524000e-03 3.542640e-01
492 6.439520e-01 1.468000e-03 3.545800e-01
493 6.436680e-01 1.508000e-03 3.548240e-01
494 6.433480e-01 1.552000e-03 3.551000e-01
495 6.431280e-01 1.512000e-03 3.553600e-01
496 6.428000e-01 1.576000e-03 3.556240e-01
497 6.424880e-01 1.672000e-03 3.558400e-01
498 6.421600e-01 1.664000e-03 3.561760e-01
499 6.418960e-01 1.632000e-03 3.564720e-01
500 6.415960e-01 1.656000e-03 3.567480e-01
