1 9.992080e-01 6.560000e-04 1.360000e-04
2 9.987920e-01 9.560000e-04 2.520000e-04
3 9.982640e-01 1.272000e-03 4.640000e-04
4 9.975840e-01 1.660000e-03 7.560000e-04
5 9.968600e-01 2.032000e-03 1.108000e-03
6 9.959880e-01 2.532000e-03 1.480000e-03
7 9.952000e-01 2.924000e-03 1.876000e-03
8 9.943000e-01 3.220000e-03 2.480000e-03
9 9.933040e-01 3.684000e-03 3.012000e-03
10 9.923640e-01 3.992000e-03 3.644000e-03
11 9.912880e-01 4.392000e-03 4.320000e-03
12 9.902400e-01 4.676000e-03 5.084000e-03
13 9.892640e-01 4.872000e-03 5.864000e-03
14 9.883200e-01 4.968000e-03 6.712000e-03
15 9.871520e-01 5.156000e-03 7.692000e-03
16 9.860480e-01 5.368000e-03 8.584000e-03
17 9.849280e-01 5.488000e-03 9.584000e-03
18 9.837840e-01 5.616000e-03 1.060000e-02
19 9.824880e-01 5.960000e-03 1.155200e-02
20 9.812920e-01 6.012000e-03 1.269600e-02
21 9.801600e-01 6.080000e-03 1.376000e-02
22 9.788520e-01 6.252000e-03 1.489600e-02
23 9.775960e-01 6.424000e-03 1.598000e-02
24 9.762920e-01 6.572000e-03 1.713600e-02
25 9.750160e-01 6.628000e-03 1.835600e-02
26 9.737600e-01 6.744000e-03 1.949600e-02
27 9.725760e-01 6.732000e-03 2.069200e-02
28 9.713280e-01 6.768000e-03 2.190400e-02
29 9.700840e-01 6.756000e-03 2.316000e-02
30 9.688080e-01 6.928000e-03 2.426400e-02
31 9.675440e-01 7.064000e-03 2.539200e-02
32 9.663320e-01 6.972000e-03 2.669600e-02
33 9.648840e-01 7.304000e-03 2.781200e-02
34 9.636480e-01 7.348000e-03 2.900400e-02
35 9.622360e-01 7.448000e-03 3.031600e-02
36 9.608360e-01 7.600000e-03 3.156400e-02
37 9.593560e-01 7.772000e-03 3.287200e-02
38 9.579680e-01 7.764000e-03 3.426800e-02
39 9.566600e-01 7.664000e-03 3.567600e-02
40 9.553400e-01 7.692000e-03 3.696800e-02
41 9.538600e-01 7.728000e-03 3.841200e-02
42 9.523680e-01 7.948000e-03 3.968400e-02
43 9.508560e-01 8.176000e-03 4.096800e-02
44 9.493200e-01 8.268000e-03 4.241200e-02
45 9.478280e-01 8.388000e-03 4.378400e-02
46 9.462080e-01 8.616000e-03 4.517600e-02
47 9.446320e-01 8.696000e-03 4.667200e-02
48 9.429400e-01 8.920000e-03 4.814000e-02
49 9.413600e-01 8.888000e-03 4.975200e-02
50 9.396520e-01 9.084000e-03 5.126400e-02
51 9.380360e-01 9.100000e-03 5.286400e-02
52 9.361960e-01 9.356000e-03 5.444800e-02
53 9.343880e-01 9.408000e-03 5.620400e-02
54 9.327120e-01 9.332000e-03 5.795600e-02
55 9.309440e-01 9.420000e-03 5.963600e-02
56 9.291520e-01 9.492000e-03 6.135600e-02
57 9.274360e-01 9.652000e-03 6.291200e-02
58 9.256480e-01 9.856000e-03 6.449600e-02
59 9.238560e-01 9.932000e-03 6.621200e-02
60 9.222440e-01 9.544000e-03 6.821200e-02
61 9.206200e-01 9.440000e-03 6.994000e-02
62 9.189120e-01 9.460000e-03 7.162800e-02
63 9.170640e-01 9.724000e-03 7.321200e-02
64 9.153320e-01 9.856000e-03 7.481200e-02
65 9.134880e-01 1.010400e-02 7.640800e-02
66 9.118160e-01 9.884000e-03 7.830000e-02
67 9.099720e-01 9.976000e-03 8.005200e-02
68 9.081840e-01 9.852000e-03 8.196400e-02
69 9.063680e-01 9.980000e-03 8.365200e-02
70 9.045720e-01 1.012800e-02 8.530000e-02
71 9.029040e-01 1.011200e-02 8.698400e-02
72 9.010560e-01 1.027200e-02 8.867200e-02
73 8.991160e-01 1.034400e-02 9.054000e-02
74 8.972680e-01 1.033600e-02 9.239600e-02
75 8.954200e-01 1.039600e-02 9.418400e-02
76 8.935040e-01 1.047200e-02 9.602400e-02
77 8.919280e-01 1.011600e-02 9.795600e-02
78 8.901120e-01 1.029200e-02 9.959600e-02
79 8.884840e-01 1.006400e-02 1.014520e-01
80 8.866040e-01 1.022000e-02 1.031760e-01
81 8.848360e-01 1.016000e-02 1.050040e-01
82 8.830040e-01 1.022800e-02 1.067680e-01
83 8.812480e-01 1.016400e-02 1.085880e-01
84 8.793960e-01 1.021600e-02 1.103880e-01
85 8.775240e-01 1.032800e-02 1.121480e-01
86 8.757280e-01 1.037200e-02 1.139000e-01
87 8.739480e-01 1.045200e-02 1.156000e-01
88 8.721160e-01 1.050400e-02 1.173800e-01
89 8.702320e-01 1.067200e-02 1.190960e-01
90 8.683600e-01 1.073600e-02 1.209040e-01
91 8.664600e-01 1.070400e-02 1.228360e-01
92 8.645640e-01 1.056000e-02 1.248760e-01
93 8.628720e-01 1.049600e-02 1.266320e-01
94 8.611080e-01 1.046800e-02 1.284240e-01
95 8.592640e-01 1.048000e-02 1.302560e-01
96 8.573800e-01 1.048000e-02 1.321400e-01
97 8.555240e-01 1.037600e-02 1.341000e-01
98 8.537880e-01 1.034400e-02 1.358680e-01
99 8.520400e-01 1.043200e-02 1.375280e-01
100 8.502480e-01 1.045600e-02 1.392960e-01
101 8.484400e-01 1.049200e-02 1.410680e-01
102 8.466360e-01 1.060400e-02 1.427600e-01
103 8.447280e-01 1.064800e-02 1.446240e-01
104 8.428480e-01 1.068800e-02 1.464640e-01
105 8.410040e-01 1.061200e-02 1.483840e-01
106 8.392160e-01 1.045600e-02 1.503280e-01
107 8.375000e-01 1.042400e-02 1.520760e-01
108 8.358240e-01 1.024800e-02 1.539280e-01
109 8.340520e-01 1.032000e-02 1.556280e-01
110 8.323480e-01 1.029200e-02 1.573600e-01
111 8.306560e-01 1.003200e-02 1.593120e-01
112 8.290960e-01 9.704000e-03 1.612000e-01
113 8.273920e-01 9.672000e-03 1.629360e-01
114 8.258400e-01 9.568000e-03 1.645920e-01
115 8.243080e-01 9.280000e-03 1.664120e-01
116 8.228120e-01 9.156000e-03 1.680320e-01
117 8.213920e-01 9.072000e-03 1.695360e-01
118 8.199040e-01 8.928000e-03 1.711680e-01
119 8.184400e-01 8.720000e-03 1.728400e-01
120 8.170000e-01 8.592000e-03 1.744080e-01
121 8.156800e-01 8.500000e-03 1.758200e-01
122 8.143200e-01 8.564000e-03 1.771160e-01
123 8.129720e-01 8.508000e-03 1.785200e-01
124 8.115440e-01 8.416000e-03 1.800400e-01
125 8.101360e-01 8.300000e-03 1.815640e-01
126 8.086600e-01 8.176000e-03 1.831640e-01
127 8.073720e-01 8.020000e-03 1.846080e-01
128 8.058680e-01 8.224000e-03 1.859080e-01
129 8.045440e-01 8.200000e-03 1.872560e-01
130 8.031440e-01 8.104000e-03 1.887520e-01
131 8.018160e-01 8.060000e-03 1.901240e-01
132 8.004840e-01 7.908000e-03 1.916080e-01
133 7.990480e-01 7.900000e-03 1.930520e-01
134 7.974640e-01 8.072000e-03 1.944640e-01
135 7.960440e-01 8.076000e-03 1.958800e-01
136 7.946040e-01 8.120000e-03 1.972760e-01
137 7.933320e-01 7.988000e-03 1.986800e-01
138 7.918920e-01 7.936000e-03 2.001720e-01
139 7.904800e-01 7.940000e-03 2.015800e-01
140 7.892120e-01 7.856000e-03 2.029320e-01
141 7.880320e-01 7.764000e-03 2.042040e-01
142 7.867760e-01 7.652000e-03 2.055720e-01
143 7.855120e-01 7.636000e-03 2.068520e-01
144 7.845320e-01 7.356000e-03 2.081120e-01
145 7.833000e-01 7.224000e-03 2.094760e-01
146 7.821040e-01 7.112000e-03 2.107840e-01
147 7.810600e-01 6.968000e-03 2.119720e-01
148 7.798440e-01 6.976000e-03 2.131800e-01
149 7.787000e-01 6.964000e-03 2.143360e-01
150 7.777120e-01 6.816000e-03 2.154720e-01
151 7.766320e-01 6.760000e-03 2.166080e-01
152 7.755480e-01 6.688000e-03 2.177640e-01
153 7.744920e-01 6.644000e-03 2.188640e-01
154 7.734800e-01 6.488000e-03 2.200320e-01
155 7.724320e-01 6.488000e-03 2.210800e-01
156 7.713880e-01 6.360000e-03 2.222520e-01
157 7.704280e-01 6.224000e-03 2.233480e-01
158 7.693400e-01 6.180000e-03 2.244800e-01
159 7.684360e-01 5.992000e-03 2.255720e-01
160 7.674760e-01 5.896000e-03 2.266280e-01
161 7.664960e-01 5.888000e-03 2.276160e-01
162 7.654720e-01 5.936000e-03 2.285920e-01
163 7.645040e-01 5.876000e-03 2.296200e-01
164 7.636080e-01 5.708000e-03 2.306840e-01
165 7.627120e-01 5.736000e-03 2.315520e-01
166 7.617120e-01 5.828000e-03 2.324600e-01
167 7.607000e-01 5.892000e-03 2.334080e-01
168 7.596760e-01 5.840000e-03 2.344840e-01
169 7.586160e-01 5.828000e-03 2.355560e-01
170 7.576840e-01 5.656000e-03 2.366600e-01
171 7.566880e-01 5.768000e-03 2.375440e-01
172 7.558000e-01 5.672000e-03 2.385280e-01
173 7.547880e-01 5.600000e-03 2.396120e-01
174 7.538760e-01 5.524000e-03 2.406000e-01
175 7.529760e-01 5.480000e-03 2.415440e-01
176 7.519600e-01 5.512000e-03 2.425280e-01
177 7.509200e-01 5.648000e-03 2.434320e-01
178 7.498080e-01 5.756000e-03 2.444360e-01
179 7.489040e-01 5.680000e-03 2.454160e-01
180 7.478280e-01 5.772000e-03 2.464000e-01
181 7.468520e-01 5.672000e-03 2.474760e-01
182 7.459280e-01 5.636000e-03 2.484360e-01
183 7.450840e-01 5.444000e-03 2.494720e-01
184 7.442200e-01 5.320000e-03 2.504600e-01
185 7.432920e-01 5.320000e-03 2.513880e-01
186 7.424320e-01 5.180000e-03 2.523880e-01
187 7.414960e-01 5.240000e-03 2.532640e-01
188 7.405160e-01 5.192000e-03 2.542920e-01
189 7.396760e-01 5.164000e-03 2.551600e-01
190 7.386960e-01 5.192000e-03 2.561120e-01
191 7.378360e-01 5.140000e-03 2.570240e-01
192 7.369920e-01 5.104000e-03 2.579040e-01
193 7.361440e-01 5.100000e-03 2.587560e-01
194 7.354080e-01 4.932000e-03 2.596600e-01
195 7.345040e-01 5.032000e-03 2.604640e-01
196 7.337480e-01 4.948000e-03 2.613040e-01
197 7.328720e-01 4.960000e-03 2.621680e-01
198 7.321840e-01 4.920000e-03 2.628960e-01
199 7.314160e-01 4.948000e-03 2.636360e-01
200 7.305520e-01 4.924000e-03 2.645240e-01
201 7.296240e-01 4.968000e-03 2.654080e-01
202 7.287280e-01 5.024000e-03 2.662480e-01
203 7.277840e-01 5.156000e-03 2.670600e-01
204 7.267960e-01 5.268000e-03 2.679360e-01
205 7.258440e-01 5.220000e-03 2.689360e-01
206 7.248880e-01 5.204000e-03 2.699080e-01
207 7.240480e-01 5.068000e-03 2.708840e-01
208 7.232400e-01 5.000000e-03 2.717600e-01
209 7.224000e-01 4.964000e-03 2.726360e-01
210 7.215800e-01 4.988000e-03 2.734320e-01
211 7.206440e-01 5.008000e-03 2.743480e-01
212 7.197080e-01 4.992000e-03 2.753000e-01
213 7.188600e-01 4.964000e-03 2.761760e-01
214 7.179960e-01 4.960000e-03 2.770440e-01
215 7.170840e-01 4.844000e-03 2.780720e-01
216 7.162160e-01 4.908000e-03 2.788760e-01
217 7.154320e-01 4.936000e-03 2.796320e-01
218 7.145320e-01 4.916000e-03 2.805520e-01
219 7.135480e-01 4.960000e-03 2.814920e-01
220 7.126600e-01 4.976000e-03 2.823640e-01
221 7.117720e-01 4.932000e-03 2.832960e-01
222 7.109160e-01 5.008000e-03 2.840760e-01
223 7.099720e-01 5.096000e-03 2.849320e-01
224 7.091520e-01 5.116000e-03 2.857320e-01
225 7.082720e-01 5.112000e-03 2.866160e-01
226 7.074440e-01 5.076000e-03 2.874800e-01
227 7.066240e-01 5.028000e-03 2.883480e-01
228 7.057600e-01 4.956000e-03 2.892840e-01
229 7.050360e-01 4.812000e-03 2.901520e-01
230 7.042040e-01 4.764000e-03 2.910320e-01
231 7.033160e-01 4.884000e-03 2.918000e-01
232 7.025120e-01 4.816000e-03 2.926720e-01
233 7.017480e-01 4.768000e-03 2.934840e-01
234 7.009680e-01 4.724000e-03 2.943080e-01
235 7.001680e-01 4.712000e-03 2.951200e-01
236 6.993440e-01 4.688000e-03 2.959680e-01
237 6.986640e-01 4.580000e-03 2.967560e-01
238 6.979880e-01 4.556000e-03 2.974560e-01
239 6.972800e-01 4.544000e-03 2.981760e-01
240 6.965200e-01 4.600000e-03 2.988800e-01
241 6.957800e-01 4.544000e-03 2.996760e-01
242 6.950880e-01 4.420000e-03 3.004920e-01
243 6.943080e-01 4.420000e-03 3.012720e-01
244 6.934440e-01 4.480000e-03 3.020760e-01
245 6.927240e-01 4.372000e-03 3.029040e-01
246 6.920600e-01 4.292000e-03 3.036480e-01
247 6.913920e-01 4.252000e-03 3.043560e-01
248 6.907840e-01 4.072000e-03 3.051440e-01
249 6.900640e-01 4.020000e-03 3.059160e-01
250 6.892800e-01 4.064000e-03 3.066560e-01
251 6.885000e-01 4.024000e-03 3.074760e-01
252 6.877280e-01 4.148000e-03 3.081240e-01
253 6.870800e-01 4.116000e-03 3.088040e-01
254 6.864640e-01 4.092000e-03 3.094440e-01
255 6.858120e-01 4.036000e-03 3.101520e-01
256 6.851800e-01 3.972000e-03 3.108480e-01
257 6.845160e-01 3.992000e-03 3.114920e-01
258 6.839160e-01 3.956000e-03 3.121280e-01
259 6.833120e-01 3.800000e-03 3.128880e-01
260 6.826160e-01 3.788000e-03 3.135960e-01
261 6.820800e-01 3.684000e-03 3.142360e-01
262 6.815200e-01 3.568000e-03 3.149120e-01
263 6.809520e-01 3.448000e-03 3.156000e-01
264 6.801840e-01 3.644000e-03 3.161720e-01
265 6.795520e-01 3.696000e-03 3.167520e-01
266 6.788480e-01 3.736000e-03 3.174160e-01
267 6.782800e-01 3.676000e-03 3.180440e-01
268 6.776600e-01 3.588000e-03 3.187520e-01
269 6.771160e-01 3.516000e-03 3.193680e-01
270 6.765680e-01 3.492000e-03 3.199400e-01
271 6.759520e-01 3.448000e-03 3.206000e-01
272 6.752720e-01 3.464000e-03 3.212640e-01
273 6.747480e-01 3.404000e-03 3.218480e-01
274 6.741560e-01 3.428000e-03 3.224160e-01
275 6.735960e-01 3.388000e-03 3.230160e-01
276 6.730000e-01 3.388000e-03 3.236120e-01
277 6.723720e-01 3.428000e-03 3.242000e-01
278 6.718400e-01 3.264000e-03 3.248960e-01
279 6.713960e-01 3.092000e-03 3.255120e-01
280 6.709760e-01 2.884000e-03 3.261400e-01
281 6.704440e-01 2.916000e-03 3.266400e-01
282 6.699520e-01 2.904000e-03 3.271440e-01
283 6.694760e-01 2.900000e-03 3.276240e-01
284 6.688640e-01 2.976000e-03 3.281600e-01
285 6.684240e-01 2.972000e-03 3.286040e-01
286 6.679000e-01 3.120000e-03 3.289800e-01
287 6.673000e-01 3.092000e-03 3.296080e-01
288 6.667520e-01 3.108000e-03 3.301400e-01
289 6.661760e-01 3.172000e-03 3.306520e-01
290 6.656280e-01 3.104000e-03 3.312680e-01
291 6.650520e-01 3.088000e-03 3.318600e-01
292 6.645240e-01 3.048000e-03 3.324280e-01
293 6.640440e-01 2.976000e-03 3.329800e-01
294 6.634760e-01 3.008000e-03 3.335160e-01
295 6.628680e-01 3.144000e-03 3.339880e-01
296 6.622520e-01 3.220000e-03 3.345280e-01
297 6.616800e-01 3.260000e-03 3.350600e-01
298 6.610640e-01 3.340000e-03 3.355960e-01
299 6.604200e-01 3.460000e-03 3.361200e-01
300 6.598840e-01 3.328000e-03 3.367880e-01
301 6.593560e-01 3.236000e-03 3.374080e-01
302 6.587600e-01 3.276000e-03 3.379640e-01
303 6.582960e-01 3.192000e-03 3.385120e-01
304 6.577880e-01 3.172000e-03 3.390400e-01
305 6.572840e-01 3.112000e-03 3.396040e-01
306 6.567960e-01 2.968000e-03 3.402360e-01
307 6.563440e-01 2.896000e-03 3.407600e-01
308 6.559360e-01 2.760000e-03 3.413040e-01
309 6.555520e-01 2.664000e-03 3.417840e-01
310 6.550240e-01 2.768000e-03 3.422080e-01
311 6.545920e-01 2.716000e-03 3.426920e-01
312 6.540640e-01 2.772000e-03 3.431640e-01
313 6.535320e-01 2.828000e-03 3.436400e-01
314 6.531240e-01 2.712000e-03 3.441640e-01
315 6.527080e-01 2.712000e-03 3.445800e-01
316 6.522640e-01 2.812000e-03 3.449240e-01
317 6.517440e-01 2.844000e-03 3.454120e-01
318 6.511480e-01 2.920000e-03 3.459320e-01
319 6.505680e-01 2.884000e-03 3.465480e-01
320 6.500000e-01 2.888000e-03 3.471120e-01
321 6.493920e-01 2.952000e-03 3.476560e-01
322 6.488280e-01 2.980000e-03 3.481920e-01
323 6.483040e-01 2.976000e-03 3.487200e-01
324 6.477080e-01 3.036000e-03 3.492560e-01
325 6.471920e-01 2.964000e-03 3.498440e-01
326 6.466360e-01 2.964000e-03 3.504000e-01
327 6.461520e-01 2.888000e-03 3.509600e-01
328 6.456520e-01 2.960000e-03 3.513880e-01
329 6.451800e-01 2.868000e-03 3.519520e-01
330 6.447320e-01 2.696000e-03 3.525720e-01
331 6.441840e-01 2.764000e-03 3.530520e-01
332 6.437160e-01 2.740000e-03 3.535440e-01
333 6.432560e-01 2.692000e-03 3.540520e-01
334 6.427720e-01 2.808000e-03 3.544200e-01
335 6.421640e-01 2.936000e-03 3.549000e-01
336 6.415960e-01 3.044000e-03 3.553600e-01
337 6.409720e-01 3.128000e-03 3.559000e-01
338 6.404360e-01 3.088000e-03 3.564760e-01
339 6.399480e-01 3.012000e-03 3.570400e-01
340 6.395280e-01 2.944000e-03 3.575280e-01
341 6.390520e-01 2.944000e-03 3.580040e-01
342 6.386360e-01 2.844000e-03 3.585200e-01
343 6.381560e-01 2.848000e-03 3.589960e-01
344 6.376840e-01 2.788000e-03 3.595280e-01
345 6.372440e-01 2.720000e-03 3.600360e-01
346 6.367280e-01 2.800000e-03 3.604720e-01
347 6.363640e-01 2.720000e-03 3.609160e-01
348 6.359080e-01 2.668000e-03 3.614240e-01
349 6.354560e-01 2.676000e-03 3.618680e-01
350 6.349160e-01 2.728000e-03 3.623560e-01
351 6.344200e-01 2.740000e-03 3.628400e-01
352 6.340200e-01 2.772000e-03 3.632080e-01
353 6.335560e-01 2.784000e-03 3.636600e-01
354 6.331480e-01 2.684000e-03 3.641680e-01
355 6.326720e-01 2.684000e-03 3.646440e-01
356 6.322080e-01 2.740000e-03 3.650520e-01
357 6.317280e-01 2.748000e-03 3.655240e-01
358 6.312040e-01 2.736000e-03 3.660600e-01
359 6.308080e-01 2.632000e-03 3.665600e-01
360 6.304040e-01 2.636000e-03 3.669600e-01
361 6.299840e-01 2.540000e-03 3.674760e-01
362 6.295000e-01 2.588000e-03 3.679120e-01
363 6.289560e-01 2.672000e-03 3.683720e-01
364 6.284800e-01 2.628000e-03 3.688920e-01
365 6.280280e-01 2.620000e-03 3.693520e-01
366 6.276240e-01 2.584000e-03 3.697920e-01
367 6.272200e-01 2.560000e-03 3.702200e-01
368 6.267400e-01 2.656000e-03 3.706040e-01
369 6.263280e-01 2.624000e-03 3.710480e-01
370 6.259000e-01 2.568000e-03 3.715320e-01
371 6.254320e-01 2.596000e-03 3.719720e-01
372 6.250240e-01 2.632000e-03 3.723440e-01
373 6.246680e-01 2.568000e-03 3.727640e-01
374 6.243400e-01 2.452000e-03 3.732080e-01
375 6.240120e-01 2.320000e-03 3.736680e-01
376 6.237040e-01 2.228000e-03 3.740680e-01
377 6.233920e-01 2.192000e-03 3.744160e-01
378 6.230800e-01 2.200000e-03 3.747200e-01
379 6.227920e-01 2.120000e-03 3.750880e-01
380 6.225640e-01 1.980000e-03 3.754560e-01
381 6.223360e-01 1.880000e-03 3.757840e-01
382 6.220800e-01 1.832000e-03 3.760880e-01
383 6.218200e-01 1.776000e-03 3.764040e-01
384 6.215000e-01 1.788000e-03 3.767120e-01
385 6.212040e-01 1.788000e-03 3.770080e-01
386 6.209720e-01 1.736000e-03 3.772920e-01
387 6.206960e-01 1.696000e-03 3.776080e-01
388 6.204200e-01 1.628000e-03 3.779520e-01
389 6.202120e-01 1.548000e-03 3.782400e-01
390 6.200680e-01 1.424000e-03 3.785080e-01
391 6.199320e-01 1.320000e-03 3.787480e-01
392 6.197120e-01 1.324000e-03 3.789640e-01
393 6.195360e-01 1.304000e-03 3.791600e-01
394 6.193800e-01 1.200000e-03 3.794200e-01
395 6.192320e-01 1.140000e-03 3.796280e-01
396 6.190440e-01 1.160000e-03 3.797960e-01
397 6.188400e-01 1.156000e-03 3.800040e-01
398 6.186400e-01 1.156000e-03 3.802040e-01
399 6.185440e-01 1.072000e-03 3.803840e-01
400 6.183560e-01 1.080000e-03 3.805640e-01
401 6.181680e-01 1.056000e-03 3.807760e-01
402 6.179760e-01 1.080000e-03 3.809440e-01
403 6.178680e-01 9.800000e-04 3.811520e-01
404 6.176520e-01 1.032000e-03 3.813160e-01
405 6.174920e-01 1.000000e-03 3.815080e-01
406 6.172800e-01 1.072000e-03 3.816480e-01
407 6.170960e-01 1.088000e-03 3.818160e-01
408 6.168880e-01 1.096000e-03 3.820160e-01
409 6.166920e-01 1.096000e-03 3.822120e-01
410 6.164720e-01 1.140000e-03 3.823880e-01
411 6.162160e-01 1.192000e-03 3.825920e-01
412 6.159600e-01 1.208000e-03 3.828320e-01
413 6.157440e-01 1.188000e-03 3.830680e-01
414 6.154840e-01 1.276000e-03 3.832400e-01
415 6.152720e-01 1.276000e-03 3.834520e-01
416 6.150920e-01 1.224000e-03 3.836840e-01
417 6.148560e-01 1.304000e-03 3.838400e-01
418 6.146040e-01 1.296000e-03 3.841000e-01
419 6.144800e-01 1.232000e-03 3.842880e-01
420 6.142880e-01 1.188000e-03 3.845240e-01
421 6.141600e-01 1.140000e-03 3.847000e-01
422 6.140040e-01 1.084000e-03 3.849120e-01
423 6.138160e-01 1.108000e-03 3.850760e-01
424 6.136360e-01 1.100000e-03 3.852640e-01
425 6.134400e-01 1.076000e-03 3.854840e-01
426 6.132240e-01 1.068000e-03 3.857080e-01
427 6.130560e-01 1.088000e-03 3.858560e-01
428 6.128880e-01 1.068000e-03 3.860440e-01
429 6.127200e-01 1.048000e-03 3.862320e-01
430 6.125240e-01 1.080000e-03 3.863960e-01
431 6.123480e-01 1.088000e-03 3.865640e-01
432 6.121360e-01 1.108000e-03 3.867560e-01
433 6.119680e-01 1.088000e-03 3.869440e-01
434 6.118200e-01 1.016000e-03 3.871640e-01
435 6.116680e-01 1.000000e-03 3.873320e-01
436 6.114680e-01 1.012000e-03 3.875200e-01
437 6.113200e-01 9.920000e-04 3.876880e-01
438 6.111640e-01 9.880000e-04 3.878480e-01
439 6.110520e-01 9.440000e-04 3.880040e-01
440 6.108920e-01 9.520000e-04 3.881560e-01
441 6.108400e-01 8.200000e-04 3.883400e-01
442 6.107320e-01 7.960000e-04 3.884720e-01
443 6.106280e-01 7.880000e-04 3.885840e-01
444 6.105120e-01 7.760000e-04 3.887120e-01
445 6.103720e-01 8.080000e-04 3.888200e-01
446 6.102240e-01 8.520000e-04 3.889240e-01
447 6.100480e-01 8.760000e-04 3.890760e-01
448 6.098520e-01 8.920000e-04 3.892560e-01
449 6.096680e-01 9.080000e-04 3.894240e-01
450 6.094480e-01 9.600000e-04 3.895920e-01
451 6.092400e-01 9.800000e-04 3.897800e-01
452 6.090800e-01 9.920000e-04 3.899280e-01
453 6.089040e-01 9.800000e-04 3.901160e-01
454 6.088040e-01 9.440000e-04 3.902520e-01
455 6.086520e-01 9.200000e-04 3.904280e-01
456 6.084920e-01 9.360000e-04 3.905720e-01
457 6.083360e-01 8.720000e-04 3.907920e-01
458 6.081880e-01 8.880000e-04 3.909240e-01
459 6.080400e-01 8.880000e-04 3.910720e-01
460 6.079320e-01 7.800000e-04 3.912880e-01
461 6.078080e-01 7.320000e-04 3.914600e-01
462 6.076800e-01 7.080000e-04 3.916120e-01
463 6.075840e-01 6.520000e-04 3.917640e-01
464 6.074960e-01 6.080000e-04 3.918960e-01
465 6.073720e-01 6.400000e-04 3.919880e-01
466 6.072520e-01 6.320000e-04 3.921160e-01
467 6.071360e-01 6.600000e-04 3.922040e-01
468 6.070400e-01 6.240000e-04 3.923360e-01
469 6.069320e-01 6.240000e-04 3.924440e-01
470 6.068040e-01 6.680000e-04 3.925280e-01
471 6.066920e-01 6.720000e-04 3.926360e-01
472 6.066200e-01 6.360000e-04 3.927440e-01
473 6.065440e-01 6.080000e-04 3.928480e-01
474 6.064600e-01 5.680000e-04 3.929720e-01
475 6.064160e-01 5.200000e-04 3.930640e-01
476 6.063360e-01 5.080000e-04 3.931560e-01
477 6.062240e-01 5.760000e-04 3.932000e-01
478 6.061200e-01 5.800000e-04 3.933000e-01
479 6.060080e-01 6.080000e-04 3.933840e-01
480 6.059160e-01 5.840000e-04 3.935000e-01
481 6.057720e-01 6.120000e-04 3.936160e-01
482 6.057000e-01 5.880000e-04 3.937120e-01
483 6.056120e-01 5.760000e-04 3.938120e-01
484 6.055280e-01 5.760000e-04 3.938960e-01
485 6.054280e-01 5.760000e-04 3.939960e-01
486 6.053600e-01 5.320000e-04 3.941080e-01
487 6.053080e-01 4.920000e-04 3.942000e-01
488 6.052440e-01 4.720000e-04 3.942840e-01
489 6.051680e-01 4.280000e-04 3.944040e-01
490 6.051040e-01 4.280000e-04 3.944680e-01
491 6.050480e-01 4.320000e-04 3.945200e-01
492 6.049960e-01 4.080000e-04 3.945960e-01
493 6.049360e-01 4.080000e-04 3.946560e-01
494 6.048800e-01 3.760000e-04 3.947440e-01
495 6.048480e-01 3.400000e-04 3.948120e-01
496 6.047960e-01 3.440000e-04 3.948600e-01
497 6.047520e-01 3.160000e-04 3.949320e-01
498 6.047280e-01 2.760000e-04 3.949960e-01
499 6.046840e-01 2.800000e-04 3.950360e-01
500 6.046560e-01 2.560000e-04 3.950880e-01
