1 9.992480e-01 6.680000e-04 8.400000e-05
2 9.986200e-01 1.164000e-03 2.160000e-04
3 9.979000e-01 1.616000e-03 4.840000e-04
4 9.970760e-01 2.068000e-03 8.560000e-04
5 9.963240e-01 2.488000e-03 1.188000e-03
6 9.953960e-01 2.928000e-03 1.676000e-03
7 9.944640e-01 3.364000e-03 2.172000e-03
8 9.935240e-01 3.712000e-03 2.764000e-03
9 9.925040e-01 4.036000e-03 3.460000e-03
10 9.914640e-01 4.232000e-03 4.304000e-03
11 9.903840e-01 4.504000e-03 5.112000e-03
12 9.892760e-01 4.788000e-03 5.936000e-03
13 9.881920e-01 4.960000e-03 6.848000e-03
14 9.871080e-01 5.188000e-03 7.704000e-03
15 9.859400e-01 5.392000e-03 8.668000e-03
16 9.849080e-01 5.444000e-03 9.648000e-03
17 9.838120e-01 5.576000e-03 1.061200e-02
18 9.825640e-01 5.776000e-03 1.166000e-02
19 9.812640e-01 6.140000e-03 1.259600e-02
20 9.800760e-01 6.220000e-03 1.370400e-02
21 9.788960e-01 6.404000e-03 1.470000e-02
22 9.777160e-01 6.476000e-03 1.580800e-02
23 9.763800e-01 6.688000e-03 1.693200e-02
24 9.750200e-01 6.952000e-03 1.802800e-02
25 9.737360e-01 7.056000e-03 1.920800e-02
26 9.724320e-01 7.212000e-03 2.035600e-02
27 9.711240e-01 7.260000e-03 2.161600e-02
28 9.698240e-01 7.268000e-03 2.290800e-02
29 9.685680e-01 7.336000e-03 2.409600e-02
30 9.672080e-01 7.504000e-03 2.528800e-02
31 9.658560e-01 7.612000e-03 2.653200e-02
32 9.644680e-01 7.800000e-03 2.773200e-02
33 9.629400e-01 7.976000e-03 2.908400e-02
34 9.616360e-01 7.712000e-03 3.065200e-02
35 9.602040e-01 7.732000e-03 3.206400e-02
36 9.588440e-01 7.796000e-03 3.336000e-02
37 9.574360e-01 7.740000e-03 3.482400e-02
38 9.561040e-01 7.808000e-03 3.608800e-02
39 9.546880e-01 7.736000e-03 3.757600e-02
40 9.532040e-01 7.840000e-03 3.895600e-02
41 9.516040e-01 8.068000e-03 4.032800e-02
42 9.501280e-01 8.204000e-03 4.166800e-02
43 9.486880e-01 8.228000e-03 4.308400e-02
44 9.469280e-01 8.644000e-03 4.442800e-02
45 9.454440e-01 8.592000e-03 4.596400e-02
46 9.438920e-01 8.616000e-03 4.749200e-02
47 9.423600e-01 8.772000e-03 4.886800e-02
48 9.407200e-01 8.764000e-03 5.051600e-02
49 9.391600e-01 8.748000e-03 5.209200e-02
50 9.376640e-01 8.744000e-03 5.359200e-02
51 9.360520e-01 8.784000e-03 5.516400e-02
52 9.344600e-01 8.852000e-03 5.668800e-02
53 9.329360e-01 8.856000e-03 5.820800e-02
54 9.313120e-01 8.876000e-03 5.981200e-02
55 9.296960e-01 8.848000e-03 6.145600e-02
56 9.281080e-01 8.900000e-03 6.299200e-02
57 9.265080e-01 9.008000e-03 6.448400e-02
58 9.249040e-01 9.016000e-03 6.608000e-02
59 9.233240e-01 9.024000e-03 6.765200e-02
60 9.217240e-01 9.016000e-03 6.926000e-02
61 9.201960e-01 9.040000e-03 7.076400e-02
62 9.188280e-01 8.992000e-03 7.218000e-02
63 9.172520e-01 8.992000e-03 7.375600e-02
64 9.157160e-01 8.880000e-03 7.540400e-02
65 9.141520e-01 8.836000e-03 7.701200e-02
66 9.126800e-01 8.612000e-03 7.870800e-02
67 9.109520e-01 8.808000e-03 8.024000e-02
68 9.092520e-01 9.036000e-03 8.171200e-02
69 9.076400e-01 8.976000e-03 8.338400e-02
70 9.061440e-01 8.856000e-03 8.500000e-02
71 9.044480e-01 9.060000e-03 8.649200e-02
72 9.027840e-01 8.956000e-03 8.826000e-02
73 9.011480e-01 9.156000e-03 8.969600e-02
74 8.994200e-01 9.348000e-03 9.123200e-02
75 8.978120e-01 9.248000e-03 9.294000e-02
76 8.961840e-01 9.296000e-03 9.452000e-02
77 8.944680e-01 9.504000e-03 9.602800e-02
78 8.928800e-01 9.316000e-03 9.780400e-02
79 8.913600e-01 9.112000e-03 9.952800e-02
80 8.898160e-01 8.988000e-03 1.011960e-01
81 8.880360e-01 9.184000e-03 1.027800e-01
82 8.865120e-01 9.144000e-03 1.043440e-01
83 8.848840e-01 9.080000e-03 1.060360e-01
84 8.833080e-01 9.184000e-03 1.075080e-01
85 8.815560e-01 9.448000e-03 1.089960e-01
86 8.799200e-01 9.584000e-03 1.104960e-01
87 8.781000e-01 9.736000e-03 1.121640e-01
88 8.762680e-01 9.872000e-03 1.138600e-01
89 8.745640e-01 9.912000e-03 1.155240e-01
90 8.728920e-01 9.924000e-03 1.171840e-01
91 8.711760e-01 9.860000e-03 1.189640e-01
92 8.694480e-01 9.820000e-03 1.207320e-01
93 8.677880e-01 9.856000e-03 1.223560e-01
94 8.661560e-01 9.844000e-03 1.240000e-01
95 8.644200e-01 9.808000e-03 1.257720e-01
96 8.627920e-01 9.712000e-03 1.274960e-01
97 8.610560e-01 9.736000e-03 1.292080e-01
98 8.594680e-01 9.456000e-03 1.310760e-01
99 8.578600e-01 9.448000e-03 1.326920e-01
100 8.560600e-01 9.580000e-03 1.343600e-01
101 8.544080e-01 9.592000e-03 1.360000e-01
102 8.528880e-01 9.484000e-03 1.376280e-01
103 8.514240e-01 9.388000e-03 1.391880e-01
104 8.498120e-01 9.376000e-03 1.408120e-01
105 8.481880e-01 9.472000e-03 1.423400e-01
106 8.464560e-01 9.540000e-03 1.440040e-01
107 8.450640e-01 9.320000e-03 1.456160e-01
108 8.436080e-01 8.972000e-03 1.474200e-01
109 8.419560e-01 9.016000e-03 1.490280e-01
110 8.403160e-01 9.160000e-03 1.505240e-01
111 8.387120e-01 9.140000e-03 1.521480e-01
112 8.371480e-01 8.996000e-03 1.538560e-01
113 8.357040e-01 8.776000e-03 1.555200e-01
114 8.342600e-01 8.512000e-03 1.572280e-01
115 8.328280e-01 8.384000e-03 1.587880e-01
116 8.314280e-01 8.200000e-03 1.603720e-01
117 8.301040e-01 8.020000e-03 1.618760e-01
118 8.287080e-01 8.036000e-03 1.632560e-01
119 8.273360e-01 8.048000e-03 1.646160e-01
120 8.260120e-01 7.952000e-03 1.660360e-01
121 8.245840e-01 7.996000e-03 1.674200e-01
122 8.231280e-01 8.180000e-03 1.686920e-01
123 8.217960e-01 8.088000e-03 1.701160e-01
124 8.203320e-01 8.224000e-03 1.714440e-01
125 8.188960e-01 8.128000e-03 1.729760e-01
126 8.175360e-01 8.020000e-03 1.744440e-01
127 8.162040e-01 7.948000e-03 1.758480e-01
128 8.148200e-01 7.904000e-03 1.772760e-01
129 8.132960e-01 8.096000e-03 1.786080e-01
130 8.118200e-01 8.208000e-03 1.799720e-01
131 8.103920e-01 8.088000e-03 1.815200e-01
132 8.090360e-01 8.088000e-03 1.828760e-01
133 8.075920e-01 8.076000e-03 1.843320e-01
134 8.062440e-01 8.152000e-03 1.856040e-01
135 8.048520e-01 8.248000e-03 1.869000e-01
136 8.034440e-01 8.212000e-03 1.883440e-01
137 8.020520e-01 8.244000e-03 1.897040e-01
138 8.005880e-01 8.276000e-03 1.911360e-01
139 7.991040e-01 8.268000e-03 1.926280e-01
140 7.977120e-01 8.268000e-03 1.940200e-01
141 7.963040e-01 8.064000e-03 1.956320e-01
142 7.948600e-01 8.100000e-03 1.970400e-01
143 7.935400e-01 8.016000e-03 1.984440e-01
144 7.921880e-01 7.952000e-03 1.998600e-01
145 7.909400e-01 7.864000e-03 2.011960e-01
146 7.896960e-01 7.780000e-03 2.025240e-01
147 7.883480e-01 7.736000e-03 2.039160e-01
148 7.870840e-01 7.640000e-03 2.052760e-01
149 7.855440e-01 7.784000e-03 2.066720e-01
150 7.841360e-01 7.840000e-03 2.080240e-01
151 7.829000e-01 7.676000e-03 2.094240e-01
152 7.816880e-01 7.624000e-03 2.106880e-01
153 7.805120e-01 7.472000e-03 2.120160e-01
154 7.792720e-01 7.344000e-03 2.133840e-01
155 7.779440e-01 7.464000e-03 2.145920e-01
156 7.767400e-01 7.476000e-03 2.157840e-01
157 7.754200e-01 7.376000e-03 2.172040e-01
158 7.741400e-01 7.280000e-03 2.185800e-01
159 7.729680e-01 7.208000e-03 2.198240e-01
160 7.718760e-01 7.048000e-03 2.210760e-01
161 7.707200e-01 6.904000e-03 2.223760e-01
162 7.696920e-01 6.696000e-03 2.236120e-01
163 7.685960e-01 6.616000e-03 2.247880e-01
164 7.674920e-01 6.520000e-03 2.259880e-01
165 7.664640e-01 6.428000e-03 2.271080e-01
166 7.655360e-01 6.240000e-03 2.282240e-01
167 7.644320e-01 6.216000e-03 2.293520e-01
168 7.633880e-01 6.172000e-03 2.304400e-01
169 7.622520e-01 6.212000e-03 2.315360e-01
170 7.612000e-01 6.140000e-03 2.326600e-01
171 7.601800e-01 6.072000e-03 2.337480e-01
172 7.592520e-01 5.884000e-03 2.348640e-01
173 7.583040e-01 5.724000e-03 2.359720e-01
174 7.573320e-01 5.644000e-03 2.370240e-01
175 7.564320e-01 5.524000e-03 2.380440e-01
176 7.555040e-01 5.552000e-03 2.389440e-01
177 7.544240e-01 5.668000e-03 2.399080e-01
178 7.534480e-01 5.688000e-03 2.408640e-01
179 7.525040e-01 5.716000e-03 2.417800e-01
180 7.515720e-01 5.632000e-03 2.427960e-01
181 7.505840e-01 5.628000e-03 2.437880e-01
182 7.495800e-01 5.696000e-03 2.447240e-01
183 7.486320e-01 5.720000e-03 2.456480e-01
184 7.476920e-01 5.716000e-03 2.465920e-01
185 7.468000e-01 5.584000e-03 2.476160e-01
186 7.458920e-01 5.412000e-03 2.486960e-01
187 7.448280e-01 5.612000e-03 2.495600e-01
188 7.440200e-01 5.456000e-03 2.505240e-01
189 7.431280e-01 5.452000e-03 2.514200e-01
190 7.423040e-01 5.484000e-03 2.522120e-01
191 7.416200e-01 5.256000e-03 2.531240e-01
192 7.407840e-01 5.208000e-03 2.540080e-01
193 7.399800e-01 5.048000e-03 2.549720e-01
194 7.391480e-01 5.012000e-03 2.558400e-01
195 7.382320e-01 4.992000e-03 2.567760e-01
196 7.374000e-01 4.916000e-03 2.576840e-01
197 7.365160e-01 4.940000e-03 2.585440e-01
198 7.355680e-01 5.036000e-03 2.593960e-01
199 7.346440e-01 5.104000e-03 2.602520e-01
200 7.336880e-01 5.120000e-03 2.611920e-01
201 7.327200e-01 5.168000e-03 2.621120e-01
202 7.318520e-01 5.084000e-03 2.630640e-01
203 7.309640e-01 5.100000e-03 2.639360e-01
204 7.300720e-01 5.152000e-03 2.647760e-01
205 7.291360e-01 5.268000e-03 2.655960e-01
206 7.282840e-01 5.192000e-03 2.665240e-01
207 7.274400e-01 5.108000e-03 2.674520e-01
208 7.265000e-01 5.012000e-03 2.684880e-01
209 7.257000e-01 4.912000e-03 2.693880e-01
210 7.249040e-01 4.812000e-03 2.702840e-01
211 7.241080e-01 4.760000e-03 2.711320e-01
212 7.232880e-01 4.776000e-03 2.719360e-01
213 7.224480e-01 4.756000e-03 2.727960e-01
214 7.215760e-01 4.828000e-03 2.735960e-01
215 7.206880e-01 4.872000e-03 2.744400e-01
216 7.198040e-01 4.896000e-03 2.753000e-01
217 7.190440e-01 4.800000e-03 2.761560e-01
218 7.180920e-01 4.900000e-03 2.770080e-01
219 7.172320e-01 4.776000e-03 2.779920e-01
220 7.163880e-01 4.792000e-03 2.788200e-01
221 7.155680e-01 4.660000e-03 2.797720e-01
222 7.147360e-01 4.700000e-03 2.805640e-01
223 7.138720e-01 4.716000e-03 2.814120e-01
224 7.131480e-01 4.600000e-03 2.822520e-01
225 7.123680e-01 4.576000e-03 2.830560e-01
226 7.115640e-01 4.628000e-03 2.838080e-01
227 7.108160e-01 4.544000e-03 2.846400e-01
228 7.099880e-01 4.552000e-03 2.854600e-01
229 7.091680e-01 4.596000e-03 2.862360e-01
230 7.083520e-01 4.588000e-03 2.870600e-01
231 7.076600e-01 4.472000e-03 2.878680e-01
232 7.068960e-01 4.548000e-03 2.885560e-01
233 7.061120e-01 4.404000e-03 2.894840e-01
234 7.053680e-01 4.308000e-03 2.903240e-01
235 7.045880e-01 4.352000e-03 2.910600e-01
236 7.039400e-01 4.244000e-03 2.918160e-01
237 7.032200e-01 4.148000e-03 2.926320e-01
238 7.024360e-01 4.288000e-03 2.932760e-01
239 7.018160e-01 4.192000e-03 2.939920e-01
240 7.011280e-01 4.120000e-03 2.947520e-01
241 7.005080e-01 4.044000e-03 2.954480e-01
242 6.998720e-01 4.036000e-03 2.960920e-01
243 6.993200e-01 3.856000e-03 2.968240e-01
244 6.986840e-01 3.836000e-03 2.974800e-01
245 6.980320e-01 3.828000e-03 2.981400e-01
246 6.974320e-01 3.732000e-03 2.988360e-01
247 6.968400e-01 3.688000e-03 2.994720e-01
248 6.963320e-01 3.620000e-03 3.000480e-01
249 6.957160e-01 3.684000e-03 3.006000e-01
250 6.951920e-01 3.624000e-03 3.011840e-01
251 6.945800e-01 3.544000e-03 3.018760e-01
252 6.939480e-01 3.556000e-03 3.024960e-01
253 6.933840e-01 3.540000e-03 3.030760e-01
254 6.928160e-01 3.496000e-03 3.036880e-01
255 6.922120e-01 3.476000e-03 3.043120e-01
256 6.916360e-01 3.460000e-03 3.049040e-01
257 6.910920e-01 3.364000e-03 3.055440e-01
258 6.905880e-01 3.332000e-03 3.060800e-01
259 6.899960e-01 3.336000e-03 3.066680e-01
260 6.894160e-01 3.360000e-03 3.072240e-01
261 6.888840e-01 3.252000e-03 3.078640e-01
262 6.883440e-01 3.252000e-03 3.084040e-01
263 6.878760e-01 3.240000e-03 3.088840e-01
264 6.873840e-01 3.232000e-03 3.093840e-01
265 6.868720e-01 3.184000e-03 3.099440e-01
266 6.864200e-01 3.096000e-03 3.104840e-01
267 6.859560e-01 3.040000e-03 3.110040e-01
268 6.853960e-01 3.096000e-03 3.115080e-01
269 6.849320e-01 3.036000e-03 3.120320e-01
270 6.844840e-01 2.940000e-03 3.125760e-01
271 6.840240e-01 2.848000e-03 3.131280e-01
272 6.836600e-01 2.724000e-03 3.136160e-01
273 6.833160e-01 2.596000e-03 3.140880e-01
274 6.829000e-01 2.628000e-03 3.144720e-01
275 6.823720e-01 2.668000e-03 3.149600e-01
276 6.818760e-01 2.780000e-03 3.153440e-01
277 6.813800e-01 2.844000e-03 3.157760e-01
278 6.808360e-01 2.900000e-03 3.162640e-01
279 6.803360e-01 2.912000e-03 3.167520e-01
280 6.798960e-01 2.876000e-03 3.172280e-01
281 6.794640e-01 2.824000e-03 3.177120e-01
282 6.790360e-01 2.824000e-03 3.181400e-01
283 6.785920e-01 2.736000e-03 3.186720e-01
284 6.781120e-01 2.652000e-03 3.192360e-01
285 6.775960e-01 2.664000e-03 3.197400e-01
286 6.771760e-01 2.504000e-03 3.203200e-01
287 6.768200e-01 2.408000e-03 3.207720e-01
288 6.764560e-01 2.316000e-03 3.212280e-01
289 6.760880e-01 2.308000e-03 3.216040e-01
290 6.756920e-01 2.300000e-03 3.220080e-01
291 6.753280e-01 2.312000e-03 3.223600e-01
292 6.750000e-01 2.236000e-03 3.227640e-01
293 6.746120e-01 2.276000e-03 3.231120e-01
294 6.742920e-01 2.192000e-03 3.235160e-01
295 6.739200e-01 2.212000e-03 3.238680e-01
296 6.734880e-01 2.296000e-03 3.242160e-01
297 6.730880e-01 2.260000e-03 3.246520e-01
298 6.726360e-01 2.352000e-03 3.250120e-01
299 6.722400e-01 2.320000e-03 3.254400e-01
300 6.718520e-01 2.280000e-03 3.258680e-01
301 6.714480e-01 2.276000e-03 3.262760e-01
302 6.710480e-01 2.268000e-03 3.266840e-01
303 6.706640e-01 2.284000e-03 3.270520e-01
304 6.702480e-01 2.364000e-03 3.273880e-01
305 6.698160e-01 2.420000e-03 3.277640e-01
306 6.694160e-01 2.332000e-03 3.282520e-01
307 6.690560e-01 2.248000e-03 3.286960e-01
308 6.687000e-01 2.324000e-03 3.289760e-01
309 6.683760e-01 2.236000e-03 3.293880e-01
310 6.680480e-01 2.176000e-03 3.297760e-01
311 6.677160e-01 2.112000e-03 3.301720e-01
312 6.673800e-01 2.092000e-03 3.305280e-01
313 6.670680e-01 2.012000e-03 3.309200e-01
314 6.667120e-01 2.004000e-03 3.312840e-01
315 6.664320e-01 1.956000e-03 3.316120e-01
316 6.661440e-01 1.912000e-03 3.319440e-01
317 6.658320e-01 1.804000e-03 3.323640e-01
318 6.654840e-01 1.804000e-03 3.327120e-01
319 6.651760e-01 1.772000e-03 3.330520e-01
320 6.648680e-01 1.752000e-03 3.333800e-01
321 6.645720e-01 1.776000e-03 3.336520e-01
322 6.643160e-01 1.756000e-03 3.339280e-01
323 6.640360e-01 1.772000e-03 3.341920e-01
324 6.637800e-01 1.720000e-03 3.345000e-01
325 6.635080e-01 1.684000e-03 3.348080e-01
326 6.631680e-01 1.756000e-03 3.350760e-01
327 6.628960e-01 1.720000e-03 3.353840e-01
328 6.626320e-01 1.688000e-03 3.356800e-01
329 6.623520e-01 1.660000e-03 3.359880e-01
330 6.620840e-01 1.624000e-03 3.362920e-01
331 6.618080e-01 1.636000e-03 3.365560e-01
332 6.615400e-01 1.600000e-03 3.368600e-01
333 6.612840e-01 1.552000e-03 3.371640e-01
334 6.610520e-01 1.508000e-03 3.374400e-01
335 6.607720e-01 1.572000e-03 3.376560e-01
336 6.605440e-01 1.568000e-03 3.378880e-01
337 6.602920e-01 1.556000e-03 3.381520e-01
338 6.600280e-01 1.528000e-03 3.384440e-01
339 6.598240e-01 1.516000e-03 3.386600e-01
340 6.596320e-01 1.468000e-03 3.389000e-01
341 6.594360e-01 1.440000e-03 3.391240e-01
342 6.591640e-01 1.448000e-03 3.393880e-01
343 6.589720e-01 1.400000e-03 3.396280e-01
344 6.587800e-01 1.344000e-03 3.398760e-01
345 6.585920e-01 1.272000e-03 3.401360e-01
346 6.584400e-01 1.200000e-03 3.403600e-01
347 6.582920e-01 1.136000e-03 3.405720e-01
348 6.581400e-01 1.084000e-03 3.407760e-01
349 6.580200e-01 1.064000e-03 3.409160e-01
350 6.578840e-01 1.012000e-03 3.411040e-01
351 6.576880e-01 1.052000e-03 3.412600e-01
352 6.574840e-01 1.116000e-03 3.414000e-01
353 6.572720e-01 1.120000e-03 3.416080e-01
354 6.570760e-01 1.124000e-03 3.418000e-01
355 6.569160e-01 1.072000e-03 3.420120e-01
356 6.567160e-01 1.116000e-03 3.421680e-01
357 6.565240e-01 1.144000e-03 3.423320e-01
358 6.563480e-01 1.112000e-03 3.425400e-01
359 6.562160e-01 1.072000e-03 3.427120e-01
360 6.560320e-01 1.028000e-03 3.429400e-01
361 6.558400e-01 1.040000e-03 3.431200e-01
362 6.556320e-01 1.060000e-03 3.433080e-01
363 6.555240e-01 9.400000e-04 3.435360e-01
364 6.553880e-01 9.320000e-04 3.436800e-01
365 6.552560e-01 9.160000e-04 3.438280e-01
366 6.550960e-01 9.320000e-04 3.439720e-01
367 6.549480e-01 9.120000e-04 3.441400e-01
368 6.547840e-01 9.160000e-04 3.443000e-01
369 6.546360e-01 9.120000e-04 3.444520e-01
370 6.544480e-01 8.960000e-04 3.446560e-01
371 6.543320e-01 8.720000e-04 3.447960e-01
372 6.542040e-01 8.880000e-04 3.449080e-01
373 6.540920e-01 8.760000e-04 3.450320e-01
374 6.539240e-01 8.920000e-04 3.451840e-01
375 6.538080e-01 8.240000e-04 3.453680e-01
376 6.536560e-01 8.040000e-04 3.455400e-01
377 6.535280e-01 7.720000e-04 3.457000e-01
378 6.534120e-01 7.440000e-04 3.458440e-01
379 6.532600e-01 7.560000e-04 3.459840e-01
380 6.531240e-01 7.520000e-04 3.461240e-01
381 6.529800e-01 7.840000e-04 3.462360e-01
382 6.528320e-01 7.600000e-04 3.464080e-01
383 6.526680e-01 7.800000e-04 3.465520e-01
384 6.524920e-01 8.360000e-04 3.466720e-01
385 6.523680e-01 8.320000e-04 3.468000e-01
386 6.522080e-01 8.320000e-04 3.469600e-01
387 6.520800e-01 8.200000e-04 3.471000e-01
388 6.519760e-01 7.760000e-04 3.472480e-01
389 6.518680e-01 7.480000e-04 3.473840e-01
390 6.517760e-01 7.120000e-04 3.475120e-01
391 6.516600e-01 7.040000e-04 3.476360e-01
392 6.515800e-01 6.400000e-04 3.477800e-01
393 6.515040e-01 5.600000e-04 3.479360e-01
394 6.513560e-01 6.360000e-04 3.480080e-01
395 6.512560e-01 6.240000e-04 3.481200e-01
396 6.511320e-01 6.600000e-04 3.482080e-01
397 6.510120e-01 6.640000e-04 3.483240e-01
398 6.508840e-01 6.760000e-04 3.484400e-01
399 6.507360e-01 6.840000e-04 3.485800e-01
400 6.506400e-01 6.440000e-04 3.487160e-01
401 6.505280e-01 6.120000e-04 3.488600e-01
402 6.504000e-01 6.320000e-04 3.489680e-01
403 6.503040e-01 6.520000e-04 3.490440e-01
404 6.502000e-01 6.560000e-04 3.491440e-01
405 6.501120e-01 6.240000e-04 3.492640e-01
406 6.499880e-01 6.240000e-04 3.493880e-01
407 6.498880e-01 6.280000e-04 3.494840e-01
408 6.497800e-01 6.200000e-04 3.496000e-01
409 6.496520e-01 6.400000e-04 3.497080e-01
410 6.495400e-01 6.640000e-04 3.497960e-01
411 6.494440e-01 6.440000e-04 3.499120e-01
412 6.493240e-01 6.480000e-04 3.500280e-01
413 6.492120e-01 6.600000e-04 3.501280e-01
414 6.490960e-01 6.800000e-04 3.502240e-01
415 6.490120e-01 6.640000e-04 3.503240e-01
416 6.489120e-01 6.240000e-04 3.504640e-01
417 6.487920e-01 6.040000e-04 3.506040e-01
418 6.486880e-01 5.880000e-04 3.507240e-01
419 6.485160e-01 6.520000e-04 3.508320e-01
420 6.484000e-01 6.680000e-04 3.509320e-01
421 6.482720e-01 6.640000e-04 3.510640e-01
422 6.481280e-01 6.800000e-04 3.511920e-01
423 6.480120e-01 6.960000e-04 3.512920e-01
424 6.478840e-01 7.040000e-04 3.514120e-01
425 6.477200e-01 7.840000e-04 3.514960e-01
426 6.475520e-01 8.080000e-04 3.516400e-01
427 6.474720e-01 7.720000e-04 3.517560e-01
428 6.473720e-01 7.480000e-04 3.518800e-01
429 6.472320e-01 7.760000e-04 3.519920e-01
430 6.470800e-01 8.160000e-04 3.521040e-01
431 6.469240e-01 7.840000e-04 3.522920e-01
432 6.468320e-01 7.440000e-04 3.524240e-01
433 6.466840e-01 7.480000e-04 3.525680e-01
434 6.465440e-01 7.600000e-04 3.526960e-01
435 6.464240e-01 7.480000e-04 3.528280e-01
436 6.462600e-01 7.880000e-04 3.529520e-01
437 6.461520e-01 7.520000e-04 3.530960e-01
438 6.460000e-01 7.320000e-04 3.532680e-01
439 6.458960e-01 7.000000e-04 3.534040e-01
440 6.458080e-01 6.720000e-04 3.535200e-01
441 6.457120e-01 6.480000e-04 3.536400e-01
442 6.456280e-01 6.280000e-04 3.537440e-01
443 6.455320e-01 6.080000e-04 3.538600e-01
444 6.454200e-01 6.040000e-04 3.539760e-01
445 6.452840e-01 6.440000e-04 3.540720e-01
446 6.451600e-01 6.440000e-04 3.541960e-01
447 6.449760e-01 7.000000e-04 3.543240e-01
448 6.448160e-01 7.440000e-04 3.544400e-01
449 6.446560e-01 8.040000e-04 3.545400e-01
450 6.445080e-01 8.120000e-04 3.546800e-01
451 6.443440e-01 8.240000e-04 3.548320e-01
452 6.441720e-01 8.720000e-04 3.549560e-01
453 6.440120e-01 8.880000e-04 3.551000e-01
454 6.438160e-01 9.240000e-04 3.552600e-01
455 6.436600e-01 9.480000e-04 3.553920e-01
456 6.435280e-01 9.480000e-04 3.555240e-01
457 6.433840e-01 9.400000e-04 3.556760e-01
458 6.432680e-01 9.120000e-04 3.558200e-01
459 6.431400e-01 8.760000e-04 3.559840e-01
460 6.430120e-01 8.520000e-04 3.561360e-01
461 6.428960e-01 7.960000e-04 3.563080e-01
462 6.427640e-01 7.720000e-04 3.564640e-01
463 6.426760e-01 7.000000e-04 3.566240e-01
464 6.425760e-01 6.800000e-04 3.567440e-01
465 6.424640e-01 6.520000e-04 3.568840e-01
466 6.423520e-01 6.600000e-04 3.569880e-01
467 6.422280e-01 6.800000e-04 3.570920e-01
468 6.420960e-01 6.840000e-04 3.572200e-01
469 6.420120e-01 6.560000e-04 3.573320e-01
470 6.418800e-01 6.720000e-04 3.574480e-01
471 6.417760e-01 6.760000e-04 3.575480e-01
472 6.417040e-01 6.640000e-04 3.576320e-01
473 6.416280e-01 5.800000e-04 3.577920e-01
474 6.415560e-01 5.360000e-04 3.579080e-01
475 6.415080e-01 4.880000e-04 3.580040e-01
476 6.414600e-01 4.320000e-04 3.581080e-01
477 6.414160e-01 3.880000e-04 3.581960e-01
478 6.413920e-01 3.600000e-04 3.582480e-01
479 6.413560e-01 3.440000e-04 3.583000e-01
480 6.413120e-01 3.160000e-04 3.583720e-01
481 6.412520e-01 3.040000e-04 3.584440e-01
482 6.412200e-01 2.840000e-04 3.584960e-01
483 6.411840e-01 2.720000e-04 3.585440e-01
484 6.411520e-01 2.680000e-04 3.585800e-01
485 6.411160e-01 2.360000e-04 3.586480e-01
486 6.410720e-01 2.520000e-04 3.586760e-01
487 6.410200e-01 2.440000e-04 3.587360e-01
488 6.409480e-01 2.680000e-04 3.587840e-01
489 6.408960e-01 2.840000e-04 3.588200e-01
490 6.408240e-01 3.000000e-04 3.588760e-01
491 6.407360e-01 3.400000e-04 3.589240e-01
492 6.406880e-01 3.280000e-04 3.589840e-01
493 6.406480e-01 3.280000e-04 3.590240e-01
494 6.405800e-01 3.280000e-04 3.590920e-01
495 6.405200e-01 3.240000e-04 3.591560e-01
496 6.404640e-01 3.360000e-04 3.592000e-01
497 6.403880e-01 3.560000e-04 3.592560e-01
498 6.403600e-01 3.200000e-04 3.593200e-01
499 6.403360e-01 2.960000e-04 3.593680e-01
500 6.403120e-01 2.680000e-04 3.594200e-01
