1 9.992200e-01 6.880000e-04 9.200000e-05
2 9.987600e-01 1.004000e-03 2.360000e-04
3 9.981600e-01 1.380000e-03 4.600000e-04
4 9.974800e-01 1.756000e-03 7.640000e-04
5 9.967360e-01 2.152000e-03 1.112000e-03
6 9.960560e-01 2.412000e-03 1.532000e-03
7 9.953080e-01 2.692000e-03 2.000000e-03
8 9.944400e-01 3.016000e-03 2.544000e-03
9 9.937040e-01 3.184000e-03 3.112000e-03
10 9.928480e-01 3.424000e-03 3.728000e-03
11 9.919520e-01 3.696000e-03 4.352000e-03
12 9.909840e-01 3.976000e-03 5.040000e-03
13 9.900320e-01 4.052000e-03 5.916000e-03
14 9.889720e-01 4.340000e-03 6.688000e-03
15 9.881160e-01 4.348000e-03 7.536000e-03
16 9.870520e-01 4.648000e-03 8.300000e-03
17 9.859080e-01 4.992000e-03 9.100000e-03
18 9.847280e-01 5.284000e-03 9.988000e-03
19 9.836000e-01 5.356000e-03 1.104400e-02
20 9.825800e-01 5.444000e-03 1.197600e-02
21 9.813520e-01 5.708000e-03 1.294000e-02
22 9.801200e-01 5.868000e-03 1.401200e-02
23 9.790120e-01 5.952000e-03 1.503600e-02
24 9.778280e-01 6.108000e-03 1.606400e-02
25 9.766280e-01 6.248000e-03 1.712400e-02
26 9.754760e-01 6.300000e-03 1.822400e-02
27 9.742880e-01 6.292000e-03 1.942000e-02
28 9.730040e-01 6.292000e-03 2.070400e-02
29 9.717400e-01 6.472000e-03 2.178800e-02
30 9.705440e-01 6.468000e-03 2.298800e-02
31 9.693000e-01 6.548000e-03 2.415200e-02
32 9.679000e-01 6.712000e-03 2.538800e-02
33 9.665000e-01 7.016000e-03 2.648400e-02
34 9.652560e-01 7.116000e-03 2.762800e-02
35 9.639800e-01 7.112000e-03 2.890800e-02
36 9.626640e-01 7.144000e-03 3.019200e-02
37 9.613680e-01 7.308000e-03 3.132400e-02
38 9.599680e-01 7.420000e-03 3.261200e-02
39 9.586400e-01 7.396000e-03 3.396400e-02
40 9.572360e-01 7.636000e-03 3.512800e-02
41 9.556680e-01 7.716000e-03 3.661600e-02
42 9.542960e-01 7.676000e-03 3.802800e-02
43 9.528800e-01 7.740000e-03 3.938000e-02
44 9.514800e-01 7.800000e-03 4.072000e-02
45 9.501160e-01 7.808000e-03 4.207600e-02
46 9.486400e-01 7.936000e-03 4.342400e-02
47 9.472200e-01 8.056000e-03 4.472400e-02
48 9.459920e-01 7.820000e-03 4.618800e-02
49 9.448120e-01 7.560000e-03 4.762800e-02
50 9.436800e-01 7.452000e-03 4.886800e-02
51 9.423920e-01 7.332000e-03 5.027600e-02
52 9.410160e-01 7.344000e-03 5.164000e-02
53 9.397200e-01 7.332000e-03 5.294800e-02
54 9.384280e-01 7.484000e-03 5.408800e-02
55 9.371240e-01 7.540000e-03 5.533600e-02
56 9.358160e-01 7.560000e-03 5.662400e-02
57 9.344640e-01 7.684000e-03 5.785200e-02
58 9.332000e-01 7.480000e-03 5.932000e-02
59 9.319400e-01 7.408000e-03 6.065200e-02
60 9.307080e-01 7.304000e-03 6.198800e-02
61 9.292520e-01 7.436000e-03 6.331200e-02
62 9.279760e-01 7.388000e-03 6.463600e-02
63 9.266840e-01 7.492000e-03 6.582400e-02
64 9.252840e-01 7.604000e-03 6.711200e-02
65 9.238440e-01 7.672000e-03 6.848400e-02
66 9.223800e-01 7.816000e-03 6.980400e-02
67 9.209040e-01 7.916000e-03 7.118000e-02
68 9.195240e-01 7.928000e-03 7.254800e-02
69 9.181200e-01 7.904000e-03 7.397600e-02
70 9.166280e-01 8.020000e-03 7.535200e-02
71 9.152920e-01 7.940000e-03 7.676800e-02
72 9.138880e-01 8.076000e-03 7.803600e-02
73 9.126320e-01 7.928000e-03 7.944000e-02
74 9.112720e-01 7.852000e-03 8.087600e-02
75 9.098160e-01 7.876000e-03 8.230800e-02
76 9.085720e-01 7.912000e-03 8.351600e-02
77 9.072320e-01 7.916000e-03 8.485200e-02
78 9.060120e-01 7.916000e-03 8.607200e-02
79 9.046640e-01 7.896000e-03 8.744000e-02
80 9.033480e-01 7.840000e-03 8.881200e-02
81 9.020680e-01 7.728000e-03 9.020400e-02
82 9.007560e-01 7.744000e-03 9.150000e-02
83 8.994400e-01 7.696000e-03 9.286400e-02
84 8.981280e-01 7.856000e-03 9.401600e-02
85 8.967240e-01 8.008000e-03 9.526800e-02
86 8.951960e-01 8.268000e-03 9.653600e-02
87 8.937600e-01 8.396000e-03 9.784400e-02
88 8.922520e-01 8.472000e-03 9.927600e-02
89 8.907320e-01 8.396000e-03 1.008720e-01
90 8.892160e-01 8.400000e-03 1.023840e-01
91 8.877320e-01 8.336000e-03 1.039320e-01
92 8.861880e-01 8.512000e-03 1.053000e-01
93 8.846320e-01 8.492000e-03 1.068760e-01
94 8.830120e-01 8.704000e-03 1.082840e-01
95 8.814280e-01 8.808000e-03 1.097640e-01
96 8.797360e-01 8.988000e-03 1.112760e-01
97 8.781120e-01 8.960000e-03 1.129280e-01
98 8.767600e-01 8.728000e-03 1.145120e-01
99 8.751880e-01 8.912000e-03 1.159000e-01
100 8.737160e-01 8.844000e-03 1.174400e-01
101 8.724040e-01 8.712000e-03 1.188840e-01
102 8.711080e-01 8.612000e-03 1.202800e-01
103 8.697000e-01 8.548000e-03 1.217520e-01
104 8.682560e-01 8.488000e-03 1.232560e-01
105 8.668360e-01 8.364000e-03 1.248000e-01
106 8.655160e-01 8.220000e-03 1.262640e-01
107 8.642360e-01 8.156000e-03 1.276080e-01
108 8.629800e-01 8.056000e-03 1.289640e-01
109 8.616880e-01 7.932000e-03 1.303800e-01
110 8.603280e-01 7.908000e-03 1.317640e-01
111 8.590360e-01 7.880000e-03 1.330840e-01
112 8.576560e-01 7.820000e-03 1.345240e-01
113 8.564160e-01 7.760000e-03 1.358240e-01
114 8.552960e-01 7.672000e-03 1.370320e-01
115 8.540520e-01 7.700000e-03 1.382480e-01
116 8.528120e-01 7.544000e-03 1.396440e-01
117 8.515440e-01 7.368000e-03 1.410880e-01
118 8.502000e-01 7.460000e-03 1.423400e-01
119 8.488680e-01 7.568000e-03 1.435640e-01
120 8.475520e-01 7.596000e-03 1.448520e-01
121 8.462760e-01 7.596000e-03 1.461280e-01
122 8.451240e-01 7.432000e-03 1.474440e-01
123 8.439440e-01 7.368000e-03 1.486880e-01
124 8.426480e-01 7.456000e-03 1.498960e-01
125 8.413800e-01 7.348000e-03 1.512720e-01
126 8.400200e-01 7.372000e-03 1.526080e-01
127 8.386480e-01 7.484000e-03 1.538680e-01
128 8.373440e-01 7.452000e-03 1.552040e-01
129 8.361680e-01 7.220000e-03 1.566120e-01
130 8.349240e-01 7.240000e-03 1.578360e-01
131 8.337440e-01 7.088000e-03 1.591680e-01
132 8.324280e-01 7.152000e-03 1.604200e-01
133 8.310920e-01 7.188000e-03 1.617200e-01
134 8.298960e-01 7.060000e-03 1.630440e-01
135 8.286240e-01 7.116000e-03 1.642600e-01
136 8.272200e-01 7.340000e-03 1.654400e-01
137 8.258560e-01 7.396000e-03 1.667480e-01
138 8.244760e-01 7.504000e-03 1.680200e-01
139 8.230680e-01 7.648000e-03 1.692840e-01
140 8.217600e-01 7.592000e-03 1.706480e-01
141 8.204000e-01 7.608000e-03 1.719920e-01
142 8.189960e-01 7.648000e-03 1.733560e-01
143 8.177280e-01 7.588000e-03 1.746840e-01
144 8.164400e-01 7.604000e-03 1.759560e-01
145 8.150400e-01 7.716000e-03 1.772440e-01
146 8.135520e-01 7.868000e-03 1.785800e-01
147 8.120400e-01 8.108000e-03 1.798520e-01
148 8.105640e-01 8.212000e-03 1.812240e-01
149 8.091520e-01 8.224000e-03 1.826240e-01
150 8.078840e-01 8.108000e-03 1.840080e-01
151 8.067480e-01 7.712000e-03 1.855400e-01
152 8.054520e-01 7.660000e-03 1.868880e-01
153 8.040840e-01 7.728000e-03 1.881880e-01
154 8.027480e-01 7.808000e-03 1.894440e-01
155 8.012400e-01 7.932000e-03 1.908280e-01
156 7.998240e-01 7.944000e-03 1.922320e-01
157 7.985280e-01 7.884000e-03 1.935880e-01
158 7.971520e-01 7.956000e-03 1.948920e-01
159 7.957360e-01 7.952000e-03 1.963120e-01
160 7.944200e-01 8.012000e-03 1.975680e-01
161 7.930640e-01 8.000000e-03 1.989360e-01
162 7.917440e-01 7.896000e-03 2.003600e-01
163 7.905720e-01 7.712000e-03 2.017160e-01
164 7.893040e-01 7.452000e-03 2.032440e-01
165 7.881400e-01 7.264000e-03 2.045960e-01
166 7.869520e-01 7.236000e-03 2.058120e-01
167 7.858240e-01 7.112000e-03 2.070640e-01
168 7.846520e-01 7.160000e-03 2.081880e-01
169 7.836240e-01 6.928000e-03 2.094480e-01
170 7.825040e-01 6.820000e-03 2.106760e-01
171 7.813440e-01 6.792000e-03 2.118640e-01
172 7.802240e-01 6.612000e-03 2.131640e-01
173 7.790360e-01 6.648000e-03 2.143160e-01
174 7.781120e-01 6.464000e-03 2.154240e-01
175 7.769760e-01 6.460000e-03 2.165640e-01
176 7.760560e-01 6.280000e-03 2.176640e-01
177 7.751840e-01 6.044000e-03 2.187720e-01
178 7.742320e-01 5.912000e-03 2.198560e-01
179 7.733480e-01 5.832000e-03 2.208200e-01
180 7.725000e-01 5.616000e-03 2.218840e-01
181 7.714880e-01 5.648000e-03 2.228640e-01
182 7.704400e-01 5.792000e-03 2.237680e-01
183 7.695480e-01 5.584000e-03 2.248680e-01
184 7.684600e-01 5.616000e-03 2.259240e-01
185 7.674640e-01 5.648000e-03 2.268880e-01
186 7.663840e-01 5.724000e-03 2.278920e-01
187 7.652880e-01 5.840000e-03 2.288720e-01
188 7.642520e-01 5.800000e-03 2.299480e-01
189 7.631600e-01 5.916000e-03 2.309240e-01
190 7.620200e-01 5.920000e-03 2.320600e-01
191 7.609840e-01 5.832000e-03 2.331840e-01
192 7.600000e-01 5.848000e-03 2.341520e-01
193 7.590520e-01 5.748000e-03 2.352000e-01
194 7.581280e-01 5.684000e-03 2.361880e-01
195 7.571520e-01 5.696000e-03 2.371520e-01
196 7.562120e-01 5.636000e-03 2.381520e-01
197 7.553680e-01 5.460000e-03 2.391720e-01
198 7.545120e-01 5.356000e-03 2.401320e-01
199 7.536320e-01 5.296000e-03 2.410720e-01
200 7.528160e-01 5.128000e-03 2.420560e-01
201 7.520240e-01 5.004000e-03 2.429720e-01
202 7.512360e-01 4.920000e-03 2.438440e-01
203 7.505320e-01 4.796000e-03 2.446720e-01
204 7.497200e-01 4.700000e-03 2.455800e-01
205 7.490760e-01 4.588000e-03 2.463360e-01
206 7.483720e-01 4.496000e-03 2.471320e-01
207 7.477760e-01 4.312000e-03 2.479120e-01
208 7.469280e-01 4.424000e-03 2.486480e-01
209 7.461360e-01 4.476000e-03 2.493880e-01
210 7.454800e-01 4.360000e-03 2.501600e-01
211 7.447120e-01 4.340000e-03 2.509480e-01
212 7.440080e-01 4.284000e-03 2.517080e-01
213 7.432920e-01 4.292000e-03 2.524160e-01
214 7.424680e-01 4.352000e-03 2.531800e-01
215 7.417400e-01 4.328000e-03 2.539320e-01
216 7.410120e-01 4.336000e-03 2.546520e-01
217 7.403120e-01 4.292000e-03 2.553960e-01
218 7.396240e-01 4.232000e-03 2.561440e-01
219 7.390280e-01 4.132000e-03 2.568400e-01
220 7.384160e-01 4.008000e-03 2.575760e-01
221 7.378800e-01 3.776000e-03 2.583440e-01
222 7.372840e-01 3.732000e-03 2.589840e-01
223 7.367040e-01 3.708000e-03 2.595880e-01
224 7.361680e-01 3.648000e-03 2.601840e-01
225 7.356480e-01 3.572000e-03 2.607800e-01
226 7.351360e-01 3.492000e-03 2.613720e-01
227 7.345840e-01 3.484000e-03 2.619320e-01
228 7.339320e-01 3.576000e-03 2.624920e-01
229 7.333480e-01 3.548000e-03 2.631040e-01
230 7.327120e-01 3.516000e-03 2.637720e-01
231 7.320960e-01 3.524000e-03 2.643800e-01
232 7.314920e-01 3.580000e-03 2.649280e-01
233 7.308880e-01 3.560000e-03 2.655520e-01
234 7.304120e-01 3.424000e-03 2.661640e-01
235 7.298320e-01 3.456000e-03 2.667120e-01
236 7.291840e-01 3.496000e-03 2.673200e-01
237 7.284960e-01 3.524000e-03 2.679800e-01
238 7.278920e-01 3.460000e-03 2.686480e-01
239 7.272800e-01 3.492000e-03 2.692280e-01
240 7.266400e-01 3.520000e-03 2.698400e-01
241 7.260880e-01 3.496000e-03 2.704160e-01
242 7.256400e-01 3.344000e-03 2.710160e-01
243 7.250760e-01 3.308000e-03 2.716160e-01
244 7.245480e-01 3.252000e-03 2.722000e-01
245 7.239520e-01 3.292000e-03 2.727560e-01
246 7.234640e-01 3.168000e-03 2.733680e-01
247 7.228880e-01 3.156000e-03 2.739560e-01
248 7.222840e-01 3.184000e-03 2.745320e-01
249 7.217280e-01 3.156000e-03 2.751160e-01
250 7.211880e-01 3.100000e-03 2.757120e-01
251 7.206280e-01 3.108000e-03 2.762640e-01
252 7.200160e-01 3.108000e-03 2.768760e-01
253 7.194720e-01 3.108000e-03 2.774200e-01
254 7.189600e-01 3.068000e-03 2.779720e-01
255 7.183720e-01 3.088000e-03 2.785400e-01
256 7.178200e-01 3.060000e-03 2.791200e-01
257 7.172760e-01 3.100000e-03 2.796240e-01
258 7.167960e-01 3.020000e-03 2.801840e-01
259 7.162600e-01 3.060000e-03 2.806800e-01
260 7.157920e-01 2.920000e-03 2.812880e-01
261 7.152840e-01 2.900000e-03 2.818160e-01
262 7.147240e-01 2.988000e-03 2.822880e-01
263 7.140920e-01 3.020000e-03 2.828880e-01
264 7.135920e-01 3.052000e-03 2.833560e-01
265 7.130600e-01 3.028000e-03 2.839120e-01
266 7.125440e-01 2.944000e-03 2.845120e-01
267 7.120360e-01 2.872000e-03 2.850920e-01
268 7.115400e-01 2.828000e-03 2.856320e-01
269 7.110240e-01 2.852000e-03 2.861240e-01
270 7.104800e-01 2.904000e-03 2.866160e-01
271 7.099960e-01 2.948000e-03 2.870560e-01
272 7.095640e-01 2.772000e-03 2.876640e-01
273 7.091760e-01 2.676000e-03 2.881480e-01
274 7.086520e-01 2.724000e-03 2.886240e-01
275 7.082480e-01 2.668000e-03 2.890840e-01
276 7.077680e-01 2.732000e-03 2.895000e-01
277 7.073560e-01 2.660000e-03 2.899840e-01
278 7.068920e-01 2.644000e-03 2.904640e-01
279 7.064720e-01 2.588000e-03 2.909400e-01
280 7.060960e-01 2.444000e-03 2.914600e-01
281 7.057080e-01 2.388000e-03 2.919040e-01
282 7.053400e-01 2.380000e-03 2.922800e-01
283 7.049240e-01 2.388000e-03 2.926880e-01
284 7.044640e-01 2.436000e-03 2.931000e-01
285 7.040240e-01 2.448000e-03 2.935280e-01
286 7.035560e-01 2.504000e-03 2.939400e-01
287 7.031120e-01 2.460000e-03 2.944280e-01
288 7.026800e-01 2.452000e-03 2.948680e-01
289 7.021920e-01 2.520000e-03 2.952880e-01
290 7.017160e-01 2.456000e-03 2.958280e-01
291 7.012920e-01 2.416000e-03 2.962920e-01
292 7.008920e-01 2.456000e-03 2.966520e-01
293 7.004520e-01 2.512000e-03 2.970360e-01
294 6.999520e-01 2.552000e-03 2.974960e-01
295 6.994480e-01 2.656000e-03 2.978960e-01
296 6.989360e-01 2.696000e-03 2.983680e-01
297 6.984840e-01 2.668000e-03 2.988480e-01
298 6.981360e-01 2.584000e-03 2.992800e-01
299 6.977000e-01 2.596000e-03 2.997040e-01
300 6.972680e-01 2.616000e-03 3.001160e-01
301 6.968160e-01 2.572000e-03 3.006120e-01
302 6.963800e-01 2.496000e-03 3.011240e-01
303 6.958840e-01 2.504000e-03 3.016120e-01
304 6.954520e-01 2.520000e-03 3.020280e-01
305 6.949480e-01 2.604000e-03 3.024480e-01
306 6.945440e-01 2.596000e-03 3.028600e-01
307 6.940840e-01 2.656000e-03 3.032600e-01
308 6.936040e-01 2.708000e-03 3.036880e-01
309 6.930160e-01 2.832000e-03 3.041520e-01
310 6.925160e-01 2.832000e-03 3.046520e-01
311 6.920640e-01 2.808000e-03 3.051280e-01
312 6.915560e-01 2.800000e-03 3.056440e-01
313 6.911040e-01 2.816000e-03 3.060800e-01
314 6.906120e-01 2.820000e-03 3.065680e-01
315 6.900400e-01 2.928000e-03 3.070320e-01
316 6.896280e-01 2.880000e-03 3.074920e-01
317 6.891240e-01 2.868000e-03 3.080080e-01
318 6.885920e-01 2.788000e-03 3.086200e-01
319 6.880960e-01 2.832000e-03 3.090720e-01
320 6.876160e-01 2.752000e-03 3.096320e-01
321 6.871760e-01 2.660000e-03 3.101640e-01
322 6.867320e-01 2.656000e-03 3.106120e-01
323 6.862480e-01 2.688000e-03 3.110640e-01
324 6.858720e-01 2.628000e-03 3.115000e-01
325 6.854760e-01 2.604000e-03 3.119200e-01
326 6.850240e-01 2.624000e-03 3.123520e-01
327 6.846920e-01 2.508000e-03 3.128000e-01
328 6.842560e-01 2.516000e-03 3.132280e-01
329 6.839400e-01 2.412000e-03 3.136480e-01
330 6.836040e-01 2.264000e-03 3.141320e-01
331 6.833040e-01 2.156000e-03 3.145400e-01
332 6.829440e-01 2.180000e-03 3.148760e-01
333 6.825920e-01 2.224000e-03 3.151840e-01
334 6.822520e-01 2.224000e-03 3.155240e-01
335 6.819080e-01 2.224000e-03 3.158680e-01
336 6.815960e-01 2.212000e-03 3.161920e-01
337 6.812200e-01 2.248000e-03 3.165320e-01
338 6.808000e-01 2.312000e-03 3.168880e-01
339 6.804240e-01 2.340000e-03 3.172360e-01
340 6.800560e-01 2.248000e-03 3.176960e-01
341 6.797160e-01 2.172000e-03 3.181120e-01
342 6.793040e-01 2.264000e-03 3.184320e-01
343 6.789200e-01 2.292000e-03 3.187880e-01
344 6.785880e-01 2.252000e-03 3.191600e-01
345 6.782880e-01 2.224000e-03 3.194880e-01
346 6.778600e-01 2.252000e-03 3.198880e-01
347 6.774600e-01 2.304000e-03 3.202360e-01
348 6.771320e-01 2.216000e-03 3.206520e-01
349 6.768160e-01 2.148000e-03 3.210360e-01
350 6.764560e-01 2.120000e-03 3.214240e-01
351 6.761440e-01 2.076000e-03 3.217800e-01
352 6.758120e-01 2.116000e-03 3.220720e-01
353 6.754760e-01 2.088000e-03 3.224360e-01
354 6.751920e-01 2.032000e-03 3.227760e-01
355 6.749160e-01 1.984000e-03 3.231000e-01
356 6.746080e-01 1.928000e-03 3.234640e-01
357 6.743360e-01 1.860000e-03 3.238040e-01
358 6.740520e-01 1.872000e-03 3.240760e-01
359 6.737120e-01 1.872000e-03 3.244160e-01
360 6.734280e-01 1.788000e-03 3.247840e-01
361 6.731280e-01 1.744000e-03 3.251280e-01
362 6.728960e-01 1.700000e-03 3.254040e-01
363 6.725960e-01 1.660000e-03 3.257440e-01
364 6.723040e-01 1.724000e-03 3.259720e-01
365 6.719840e-01 1.816000e-03 3.262000e-01
366 6.716520e-01 1.920000e-03 3.264280e-01
367 6.713440e-01 1.916000e-03 3.267400e-01
368 6.710800e-01 1.844000e-03 3.270760e-01
369 6.708120e-01 1.820000e-03 3.273680e-01
370 6.704360e-01 1.884000e-03 3.276800e-01
371 6.701640e-01 1.864000e-03 3.279720e-01
372 6.698560e-01 1.848000e-03 3.282960e-01
373 6.696240e-01 1.756000e-03 3.286200e-01
374 6.693440e-01 1.756000e-03 3.289000e-01
375 6.690320e-01 1.792000e-03 3.291760e-01
376 6.686600e-01 1.836000e-03 3.295040e-01
377 6.683880e-01 1.828000e-03 3.297840e-01
378 6.680960e-01 1.824000e-03 3.300800e-01
379 6.678080e-01 1.804000e-03 3.303880e-01
380 6.675200e-01 1.776000e-03 3.307040e-01
381 6.672560e-01 1.764000e-03 3.309800e-01
382 6.669680e-01 1.712000e-03 3.313200e-01
383 6.666960e-01 1.704000e-03 3.316000e-01
384 6.663920e-01 1.720000e-03 3.318880e-01
385 6.660560e-01 1.740000e-03 3.322040e-01
386 6.657520e-01 1.684000e-03 3.325640e-01
387 6.654280e-01 1.676000e-03 3.328960e-01
388 6.651400e-01 1.720000e-03 3.331400e-01
389 6.648480e-01 1.672000e-03 3.334800e-01
390 6.644960e-01 1.724000e-03 3.337800e-01
391 6.641440e-01 1.704000e-03 3.341520e-01
392 6.638200e-01 1.712000e-03 3.344680e-01
393 6.635240e-01 1.728000e-03 3.347480e-01
394 6.631880e-01 1.740000e-03 3.350720e-01
395 6.628520e-01 1.780000e-03 3.353680e-01
396 6.625320e-01 1.708000e-03 3.357600e-01
397 6.622120e-01 1.740000e-03 3.360480e-01
398 6.618760e-01 1.772000e-03 3.363520e-01
399 6.615640e-01 1.752000e-03 3.366840e-01
400 6.612800e-01 1.772000e-03 3.369480e-01
401 6.610120e-01 1.732000e-03 3.372560e-01
402 6.607240e-01 1.724000e-03 3.375520e-01
403 6.604640e-01 1.704000e-03 3.378320e-01
404 6.602120e-01 1.652000e-03 3.381360e-01
405 6.600040e-01 1.544000e-03 3.384520e-01
406 6.597640e-01 1.524000e-03 3.387120e-01
407 6.594840e-01 1.564000e-03 3.389520e-01
408 6.592640e-01 1.556000e-03 3.391800e-01
409 6.589480e-01 1.596000e-03 3.394560e-01
410 6.587520e-01 1.516000e-03 3.397320e-01
411 6.585280e-01 1.536000e-03 3.399360e-01
412 6.582880e-01 1.436000e-03 3.402760e-01
413 6.579920e-01 1.504000e-03 3.405040e-01
414 6.577120e-01 1.544000e-03 3.407440e-01
415 6.574320e-01 1.588000e-03 3.409800e-01
416 6.571760e-01 1.612000e-03 3.412120e-01
417 6.567840e-01 1.700000e-03 3.415160e-01
418 6.564840e-01 1.720000e-03 3.417960e-01
419 6.562200e-01 1.660000e-03 3.421200e-01
420 6.558000e-01 1.848000e-03 3.423520e-01
421 6.554280e-01 1.916000e-03 3.426560e-01
422 6.551320e-01 1.836000e-03 3.430320e-01
423 6.548360e-01 1.844000e-03 3.433200e-01
424 6.545000e-01 1.776000e-03 3.437240e-01
425 6.542360e-01 1.744000e-03 3.440200e-01
426 6.539840e-01 1.676000e-03 3.443400e-01
427 6.536920e-01 1.688000e-03 3.446200e-01
428 6.533680e-01 1.688000e-03 3.449440e-01
429 6.530520e-01 1.700000e-03 3.452480e-01
430 6.527040e-01 1.780000e-03 3.455160e-01
431 6.523240e-01 1.804000e-03 3.458720e-01
432 6.520240e-01 1.740000e-03 3.462360e-01
433 6.517120e-01 1.724000e-03 3.465640e-01
434 6.514240e-01 1.684000e-03 3.468920e-01
435 6.511280e-01 1.720000e-03 3.471520e-01
436 6.508960e-01 1.656000e-03 3.474480e-01
437 6.505880e-01 1.692000e-03 3.477200e-01
438 6.503120e-01 1.704000e-03 3.479840e-01
439 6.500360e-01 1.672000e-03 3.482920e-01
440 6.497000e-01 1.744000e-03 3.485560e-01
441 6.494320e-01 1.712000e-03 3.488560e-01
442 6.491440e-01 1.692000e-03 3.491640e-01
443 6.488280e-01 1.664000e-03 3.495080e-01
444 6.485840e-01 1.628000e-03 3.497880e-01
445 6.483240e-01 1.592000e-03 3.500840e-01
446 6.480680e-01 1.604000e-03 3.503280e-01
447 6.478160e-01 1.628000e-03 3.505560e-01
448 6.475880e-01 1.568000e-03 3.508440e-01
449 6.473680e-01 1.508000e-03 3.511240e-01
450 6.471360e-01 1.424000e-03 3.514400e-01
451 6.469440e-01 1.356000e-03 3.517000e-01
452 6.467000e-01 1.396000e-03 3.519040e-01
453 6.464520e-01 1.344000e-03 3.522040e-01
454 6.462560e-01 1.292000e-03 3.524520e-01
455 6.460240e-01 1.272000e-03 3.527040e-01
456 6.457960e-01 1.232000e-03 3.529720e-01
457 6.455920e-01 1.200000e-03 3.532080e-01
458 6.453320e-01 1.260000e-03 3.534080e-01
459 6.450920e-01 1.256000e-03 3.536520e-01
460 6.448920e-01 1.212000e-03 3.538960e-01
461 6.446280e-01 1.312000e-03 3.540600e-01
462 6.443280e-01 1.372000e-03 3.543000e-01
463 6.440760e-01 1.420000e-03 3.545040e-01
464 6.438480e-01 1.372000e-03 3.547800e-01
465 6.436360e-01 1.348000e-03 3.550160e-01
466 6.434360e-01 1.344000e-03 3.552200e-01
467 6.431640e-01 1.352000e-03 3.554840e-01
468 6.430080e-01 1.288000e-03 3.557040e-01
469 6.427920e-01 1.256000e-03 3.559520e-01
470 6.425320e-01 1.296000e-03 3.561720e-01
471 6.423240e-01 1.236000e-03 3.564400e-01
472 6.421200e-01 1.228000e-03 3.566520e-01
473 6.418400e-01 1.232000e-03 3.569280e-01
474 6.416080e-01 1.220000e-03 3.571720e-01
475 6.413760e-01 1.240000e-03 3.573840e-01
476 6.411520e-01 1.288000e-03 3.575600e-01
477 6.408880e-01 1.320000e-03 3.577920e-01
478 6.406640e-01 1.328000e-03 3.580080e-01
479 6.404360e-01 1.304000e-03 3.582600e-01
480 6.401360e-01 1.392000e-03 3.584720e-01
481 6.399040e-01 1.372000e-03 3.587240e-01
482 6.396800e-01 1.340000e-03 3.589800e-01
483 6.394360e-01 1.348000e-03 3.592160e-01
484 6.392000e-01 1.348000e-03 3.594520e-01
485 6.389520e-01 1.380000e-03 3.596680e-01
486 6.387640e-01 1.320000e-03 3.599160e-01
487 6.385400e-01 1.280000e-03 3.601800e-01
488 6.382560e-01 1.356000e-03 3.603880e-01
489 6.380360e-01 1.372000e-03 3.605920e-01
490 6.378080e-01 1.352000e-03 3.608400e-01
491 6.375920e-01 1.328000e-03 3.610800e-01
492 6.373520e-01 1.296000e-03 3.613520e-01
493 6.371760e-01 1.260000e-03 3.615640e-01
494 6.369840e-01 1.256000e-03 3.617600e-01
495 6.368120e-01 1.212000e-03 3.619760e-01
496 6.365960e-01 1.244000e-03 3.621600e-01
497 6.364040e-01 1.220000e-03 3.623760e-01
498 6.361600e-01 1.248000e-03 3.625920e-01
499 6.358800e-01 1.300000e-03 3.628200e-01
500 6.356200e-01 1.324000e-03 3.630560e-01
