1 9.992680e-01 6.320000e-04 1.000000e-04
2 9.986360e-01 1.128000e-03 2.360000e-04
3 9.978920e-01 1.632000e-03 4.760000e-04
4 9.970880e-01 2.104000e-03 8.080000e-04
5 9.962120e-01 2.620000e-03 1.168000e-03
6 9.952280e-01 3.084000e-03 1.688000e-03
7 9.942680e-01 3.364000e-03 2.368000e-03
8 9.931960e-01 3.768000e-03 3.036000e-03
9 9.919840e-01 4.248000e-03 3.768000e-03
10 9.908960e-01 4.556000e-03 4.548000e-03
11 9.897520e-01 4.924000e-03 5.324000e-03
12 9.885560e-01 5.300000e-03 6.144000e-03
13 9.873160e-01 5.524000e-03 7.160000e-03
14 9.861320e-01 5.712000e-03 8.156000e-03
15 9.849200e-01 5.840000e-03 9.240000e-03
16 9.836760e-01 6.064000e-03 1.026000e-02
17 9.824280e-01 6.208000e-03 1.136400e-02
18 9.811840e-01 6.364000e-03 1.245200e-02
19 9.799560e-01 6.444000e-03 1.360000e-02
20 9.788600e-01 6.264000e-03 1.487600e-02
21 9.776400e-01 6.444000e-03 1.591600e-02
22 9.764840e-01 6.412000e-03 1.710400e-02
23 9.752840e-01 6.440000e-03 1.827600e-02
24 9.740600e-01 6.536000e-03 1.940400e-02
25 9.727920e-01 6.648000e-03 2.056000e-02
26 9.714640e-01 6.836000e-03 2.170000e-02
27 9.700320e-01 7.016000e-03 2.295200e-02
28 9.687480e-01 7.116000e-03 2.413600e-02
29 9.675000e-01 7.164000e-03 2.533600e-02
30 9.661240e-01 7.204000e-03 2.667200e-02
31 9.647640e-01 7.268000e-03 2.796800e-02
32 9.634880e-01 7.372000e-03 2.914000e-02
33 9.621000e-01 7.532000e-03 3.036800e-02
34 9.606920e-01 7.496000e-03 3.181200e-02
35 9.593480e-01 7.640000e-03 3.301200e-02
36 9.579760e-01 7.744000e-03 3.428000e-02
37 9.564640e-01 7.960000e-03 3.557600e-02
38 9.549400e-01 8.140000e-03 3.692000e-02
39 9.534200e-01 8.192000e-03 3.838800e-02
40 9.519200e-01 8.208000e-03 3.987200e-02
41 9.503320e-01 8.396000e-03 4.127200e-02
42 9.489160e-01 8.196000e-03 4.288800e-02
43 9.474080e-01 8.268000e-03 4.432400e-02
44 9.459520e-01 8.176000e-03 4.587200e-02
45 9.445040e-01 8.164000e-03 4.733200e-02
46 9.429400e-01 8.160000e-03 4.890000e-02
47 9.413480e-01 8.312000e-03 5.034000e-02
48 9.397160e-01 8.448000e-03 5.183600e-02
49 9.382200e-01 8.528000e-03 5.325200e-02
50 9.366160e-01 8.688000e-03 5.469600e-02
51 9.349000e-01 8.860000e-03 5.624000e-02
52 9.333200e-01 8.828000e-03 5.785200e-02
53 9.317400e-01 8.856000e-03 5.940400e-02
54 9.301120e-01 8.996000e-03 6.089200e-02
55 9.285400e-01 8.928000e-03 6.253200e-02
56 9.270640e-01 8.836000e-03 6.410000e-02
57 9.255960e-01 8.724000e-03 6.568000e-02
58 9.242200e-01 8.680000e-03 6.710000e-02
59 9.227400e-01 8.616000e-03 6.864400e-02
60 9.213600e-01 8.492000e-03 7.014800e-02
61 9.199880e-01 8.288000e-03 7.172400e-02
62 9.185440e-01 8.320000e-03 7.313600e-02
63 9.169320e-01 8.548000e-03 7.452000e-02
64 9.154720e-01 8.524000e-03 7.600400e-02
65 9.139240e-01 8.628000e-03 7.744800e-02
66 9.122920e-01 8.796000e-03 7.891200e-02
67 9.106760e-01 8.836000e-03 8.048800e-02
68 9.091520e-01 8.820000e-03 8.202800e-02
69 9.075440e-01 8.868000e-03 8.358800e-02
70 9.059240e-01 8.876000e-03 8.520000e-02
71 9.043040e-01 9.048000e-03 8.664800e-02
72 9.027000e-01 9.072000e-03 8.822800e-02
73 9.012240e-01 9.012000e-03 8.976400e-02
74 8.996640e-01 9.048000e-03 9.128800e-02
75 8.981160e-01 9.064000e-03 9.282000e-02
76 8.966400e-01 9.100000e-03 9.426000e-02
77 8.952120e-01 9.072000e-03 9.571600e-02
78 8.938720e-01 8.780000e-03 9.734800e-02
79 8.925280e-01 8.676000e-03 9.879600e-02
80 8.911520e-01 8.512000e-03 1.003360e-01
81 8.897280e-01 8.440000e-03 1.018320e-01
82 8.884280e-01 8.420000e-03 1.031520e-01
83 8.869200e-01 8.456000e-03 1.046240e-01
84 8.855840e-01 8.316000e-03 1.061000e-01
85 8.841440e-01 8.228000e-03 1.076280e-01
86 8.829040e-01 8.076000e-03 1.090200e-01
87 8.814320e-01 8.112000e-03 1.104560e-01
88 8.801600e-01 7.968000e-03 1.118720e-01
89 8.789440e-01 7.776000e-03 1.132800e-01
90 8.776160e-01 7.736000e-03 1.146480e-01
91 8.761840e-01 7.836000e-03 1.159800e-01
92 8.746520e-01 7.884000e-03 1.174640e-01
93 8.733600e-01 7.884000e-03 1.187560e-01
94 8.719520e-01 7.772000e-03 1.202760e-01
95 8.705720e-01 7.892000e-03 1.215360e-01
96 8.692120e-01 7.932000e-03 1.228560e-01
97 8.679400e-01 7.840000e-03 1.242200e-01
98 8.666760e-01 7.672000e-03 1.256520e-01
99 8.654000e-01 7.680000e-03 1.269200e-01
100 8.641480e-01 7.572000e-03 1.282800e-01
101 8.629560e-01 7.412000e-03 1.296320e-01
102 8.616960e-01 7.424000e-03 1.308800e-01
103 8.604720e-01 7.352000e-03 1.321760e-01
104 8.593560e-01 7.268000e-03 1.333760e-01
105 8.580520e-01 7.280000e-03 1.346680e-01
106 8.569560e-01 7.104000e-03 1.359400e-01
107 8.556400e-01 7.232000e-03 1.371280e-01
108 8.542400e-01 7.332000e-03 1.384280e-01
109 8.529960e-01 7.232000e-03 1.397720e-01
110 8.517080e-01 7.296000e-03 1.409960e-01
111 8.506840e-01 7.136000e-03 1.421800e-01
112 8.495680e-01 6.956000e-03 1.434760e-01
113 8.483960e-01 7.044000e-03 1.445600e-01
114 8.471400e-01 7.012000e-03 1.458480e-01
115 8.460320e-01 6.884000e-03 1.470840e-01
116 8.448120e-01 6.948000e-03 1.482400e-01
117 8.436800e-01 6.836000e-03 1.494840e-01
118 8.426400e-01 6.704000e-03 1.506560e-01
119 8.415480e-01 6.688000e-03 1.517640e-01
120 8.405360e-01 6.484000e-03 1.529800e-01
121 8.394840e-01 6.412000e-03 1.541040e-01
122 8.383240e-01 6.532000e-03 1.551440e-01
123 8.372760e-01 6.428000e-03 1.562960e-01
124 8.361840e-01 6.404000e-03 1.574120e-01
125 8.351760e-01 6.256000e-03 1.585680e-01
126 8.340880e-01 6.156000e-03 1.597560e-01
127 8.328960e-01 6.260000e-03 1.608440e-01
128 8.317960e-01 6.268000e-03 1.619360e-01
129 8.307200e-01 6.084000e-03 1.631960e-01
130 8.297480e-01 5.916000e-03 1.643360e-01
131 8.286480e-01 5.884000e-03 1.654680e-01
132 8.274640e-01 6.096000e-03 1.664400e-01
133 8.264360e-01 6.032000e-03 1.675320e-01
134 8.254760e-01 5.896000e-03 1.686280e-01
135 8.246120e-01 5.636000e-03 1.697520e-01
136 8.237320e-01 5.444000e-03 1.708240e-01
137 8.228080e-01 5.308000e-03 1.718840e-01
138 8.220400e-01 5.040000e-03 1.729200e-01
139 8.211280e-01 5.120000e-03 1.737520e-01
140 8.203240e-01 5.008000e-03 1.746680e-01
141 8.194120e-01 5.140000e-03 1.754480e-01
142 8.186280e-01 5.032000e-03 1.763400e-01
143 8.178840e-01 4.904000e-03 1.772120e-01
144 8.170240e-01 4.808000e-03 1.781680e-01
145 8.161920e-01 4.796000e-03 1.790120e-01
146 8.154240e-01 4.608000e-03 1.799680e-01
147 8.145920e-01 4.592000e-03 1.808160e-01
148 8.137760e-01 4.664000e-03 1.815600e-01
149 8.130000e-01 4.588000e-03 1.824120e-01
150 8.121440e-01 4.624000e-03 1.832320e-01
151 8.112960e-01 4.704000e-03 1.840000e-01
152 8.104520e-01 4.752000e-03 1.847960e-01
153 8.097280e-01 4.684000e-03 1.855880e-01
154 8.089000e-01 4.644000e-03 1.864560e-01
155 8.079520e-01 4.808000e-03 1.872400e-01
156 8.070720e-01 4.864000e-03 1.880640e-01
157 8.062720e-01 4.880000e-03 1.888480e-01
158 8.054280e-01 4.904000e-03 1.896680e-01
159 8.046280e-01 4.832000e-03 1.905400e-01
160 8.037640e-01 4.760000e-03 1.914760e-01
161 8.030160e-01 4.740000e-03 1.922440e-01
162 8.021680e-01 4.668000e-03 1.931640e-01
163 8.012480e-01 4.720000e-03 1.940320e-01
164 8.003440e-01 4.796000e-03 1.948600e-01
165 7.995080e-01 4.816000e-03 1.956760e-01
166 7.986080e-01 4.928000e-03 1.964640e-01
167 7.976160e-01 5.108000e-03 1.972760e-01
168 7.967200e-01 5.184000e-03 1.980960e-01
169 7.958080e-01 5.032000e-03 1.991600e-01
170 7.949720e-01 4.992000e-03 2.000360e-01
171 7.940680e-01 5.012000e-03 2.009200e-01
172 7.931880e-01 5.064000e-03 2.017480e-01
173 7.922120e-01 5.060000e-03 2.027280e-01
174 7.911080e-01 5.284000e-03 2.036080e-01
175 7.901200e-01 5.336000e-03 2.045440e-01
176 7.891280e-01 5.408000e-03 2.054640e-01
177 7.881800e-01 5.376000e-03 2.064440e-01
178 7.873760e-01 5.216000e-03 2.074080e-01
179 7.865160e-01 5.164000e-03 2.083200e-01
180 7.857760e-01 4.992000e-03 2.092320e-01
181 7.850000e-01 4.868000e-03 2.101320e-01
182 7.840880e-01 4.968000e-03 2.109440e-01
183 7.831720e-01 4.944000e-03 2.118840e-01
184 7.823040e-01 5.056000e-03 2.126400e-01
185 7.812840e-01 5.216000e-03 2.135000e-01
186 7.803040e-01 5.208000e-03 2.144880e-01
187 7.792800e-01 5.316000e-03 2.154040e-01
188 7.782640e-01 5.404000e-03 2.163320e-01
189 7.774200e-01 5.380000e-03 2.172000e-01
190 7.765360e-01 5.264000e-03 2.182000e-01
191 7.755280e-01 5.336000e-03 2.191360e-01
192 7.744400e-01 5.624000e-03 2.199360e-01
193 7.735400e-01 5.588000e-03 2.208720e-01
194 7.726800e-01 5.532000e-03 2.217880e-01
195 7.717560e-01 5.416000e-03 2.228280e-01
196 7.709240e-01 5.328000e-03 2.237480e-01
197 7.700800e-01 5.180000e-03 2.247400e-01
198 7.691960e-01 5.088000e-03 2.257160e-01
199 7.684480e-01 4.956000e-03 2.265960e-01
200 7.675520e-01 5.044000e-03 2.274040e-01
201 7.668040e-01 4.904000e-03 2.282920e-01
202 7.661040e-01 4.692000e-03 2.292040e-01
203 7.652920e-01 4.800000e-03 2.299080e-01
204 7.646080e-01 4.696000e-03 2.306960e-01
205 7.639080e-01 4.644000e-03 2.314480e-01
206 7.631400e-01 4.556000e-03 2.323040e-01
207 7.625240e-01 4.392000e-03 2.330840e-01
208 7.618200e-01 4.272000e-03 2.339080e-01
209 7.611800e-01 4.172000e-03 2.346480e-01
210 7.604440e-01 4.296000e-03 2.352600e-01
211 7.597160e-01 4.364000e-03 2.359200e-01
212 7.588520e-01 4.364000e-03 2.367840e-01
213 7.582160e-01 4.184000e-03 2.376000e-01
214 7.574920e-01 4.168000e-03 2.383400e-01
215 7.567240e-01 4.288000e-03 2.389880e-01
216 7.560560e-01 4.192000e-03 2.397520e-01
217 7.553480e-01 4.068000e-03 2.405840e-01
218 7.547080e-01 3.980000e-03 2.413120e-01
219 7.540920e-01 3.908000e-03 2.420000e-01
220 7.534440e-01 3.900000e-03 2.426560e-01
221 7.526760e-01 4.076000e-03 2.432480e-01
222 7.520040e-01 4.032000e-03 2.439640e-01
223 7.513160e-01 3.960000e-03 2.447240e-01
224 7.506040e-01 3.888000e-03 2.455080e-01
225 7.498480e-01 3.948000e-03 2.462040e-01
226 7.490760e-01 4.036000e-03 2.468880e-01
227 7.483840e-01 3.972000e-03 2.476440e-01
228 7.477440e-01 3.904000e-03 2.483520e-01
229 7.470200e-01 3.964000e-03 2.490160e-01
230 7.463720e-01 3.892000e-03 2.497360e-01
231 7.457200e-01 3.888000e-03 2.503920e-01
232 7.450280e-01 3.828000e-03 2.511440e-01
233 7.442520e-01 3.948000e-03 2.518000e-01
234 7.435000e-01 3.988000e-03 2.525120e-01
235 7.426520e-01 4.184000e-03 2.531640e-01
236 7.418760e-01 4.212000e-03 2.539120e-01
237 7.411680e-01 4.180000e-03 2.546520e-01
238 7.404320e-01 4.132000e-03 2.554360e-01
239 7.396840e-01 4.116000e-03 2.562000e-01
240 7.389680e-01 4.168000e-03 2.568640e-01
241 7.381960e-01 4.104000e-03 2.577000e-01
242 7.374680e-01 4.096000e-03 2.584360e-01
243 7.368400e-01 4.000000e-03 2.591600e-01
244 7.361960e-01 3.956000e-03 2.598480e-01
245 7.355520e-01 3.896000e-03 2.605520e-01
246 7.348840e-01 3.844000e-03 2.612720e-01
247 7.343480e-01 3.732000e-03 2.619200e-01
248 7.337360e-01 3.756000e-03 2.625080e-01
249 7.331320e-01 3.784000e-03 2.630840e-01
250 7.324720e-01 3.708000e-03 2.638200e-01
251 7.318240e-01 3.756000e-03 2.644200e-01
252 7.311200e-01 3.716000e-03 2.651640e-01
253 7.305920e-01 3.556000e-03 2.658520e-01
254 7.301560e-01 3.420000e-03 2.664240e-01
255 7.296000e-01 3.368000e-03 2.670320e-01
256 7.291280e-01 3.276000e-03 2.675960e-01
257 7.285760e-01 3.248000e-03 2.681760e-01
258 7.280000e-01 3.240000e-03 2.687600e-01
259 7.274400e-01 3.276000e-03 2.692840e-01
260 7.268160e-01 3.340000e-03 2.698440e-01
261 7.262760e-01 3.288000e-03 2.704360e-01
262 7.257480e-01 3.240000e-03 2.710120e-01
263 7.251920e-01 3.200000e-03 2.716080e-01
264 7.246200e-01 3.196000e-03 2.721840e-01
265 7.241000e-01 3.200000e-03 2.727000e-01
266 7.235760e-01 3.196000e-03 2.732280e-01
267 7.229880e-01 3.256000e-03 2.737560e-01
268 7.223960e-01 3.292000e-03 2.743120e-01
269 7.217840e-01 3.368000e-03 2.748480e-01
270 7.212320e-01 3.412000e-03 2.753560e-01
271 7.206840e-01 3.380000e-03 2.759360e-01
272 7.200240e-01 3.484000e-03 2.764920e-01
273 7.194000e-01 3.556000e-03 2.770440e-01
274 7.188600e-01 3.372000e-03 2.777680e-01
275 7.181640e-01 3.332000e-03 2.785040e-01
276 7.176440e-01 3.288000e-03 2.790680e-01
277 7.171240e-01 3.188000e-03 2.796880e-01
278 7.165400e-01 3.180000e-03 2.802800e-01
279 7.159680e-01 3.272000e-03 2.807600e-01
280 7.153440e-01 3.288000e-03 2.813680e-01
281 7.147800e-01 3.300000e-03 2.819200e-01
282 7.142240e-01 3.308000e-03 2.824680e-01
283 7.137440e-01 3.216000e-03 2.830400e-01
284 7.132280e-01 3.128000e-03 2.836440e-01
285 7.126880e-01 3.176000e-03 2.841360e-01
286 7.122840e-01 3.028000e-03 2.846880e-01
287 7.117920e-01 2.904000e-03 2.853040e-01
288 7.113280e-01 2.928000e-03 2.857440e-01
289 7.108200e-01 2.972000e-03 2.862080e-01
290 7.103440e-01 2.896000e-03 2.867600e-01
291 7.099080e-01 2.816000e-03 2.872760e-01
292 7.094320e-01 2.776000e-03 2.877920e-01
293 7.089240e-01 2.812000e-03 2.882640e-01
294 7.084560e-01 2.832000e-03 2.887120e-01
295 7.078800e-01 2.880000e-03 2.892400e-01
296 7.073800e-01 2.892000e-03 2.897280e-01
297 7.069200e-01 2.884000e-03 2.901960e-01
298 7.063440e-01 3.000000e-03 2.906560e-01
299 7.058480e-01 3.056000e-03 2.910960e-01
300 7.054120e-01 2.988000e-03 2.916000e-01
301 7.050320e-01 2.836000e-03 2.921320e-01
302 7.045840e-01 2.820000e-03 2.925960e-01
303 7.041200e-01 2.740000e-03 2.931400e-01
304 7.037240e-01 2.624000e-03 2.936520e-01
305 7.032520e-01 2.612000e-03 2.941360e-01
306 7.027680e-01 2.660000e-03 2.945720e-01
307 7.022520e-01 2.704000e-03 2.950440e-01
308 7.018240e-01 2.600000e-03 2.955760e-01
309 7.014000e-01 2.624000e-03 2.959760e-01
310 7.010040e-01 2.528000e-03 2.964680e-01
311 7.005880e-01 2.476000e-03 2.969360e-01
312 7.001520e-01 2.436000e-03 2.974120e-01
313 6.997600e-01 2.412000e-03 2.978280e-01
314 6.994240e-01 2.312000e-03 2.982640e-01
315 6.990160e-01 2.328000e-03 2.986560e-01
316 6.986200e-01 2.360000e-03 2.990200e-01
317 6.982320e-01 2.352000e-03 2.994160e-01
318 6.977880e-01 2.400000e-03 2.998120e-01
319 6.974200e-01 2.368000e-03 3.002120e-01
320 6.970520e-01 2.248000e-03 3.007000e-01
321 6.967480e-01 2.160000e-03 3.010920e-01
322 6.963160e-01 2.228000e-03 3.014560e-01
323 6.959040e-01 2.280000e-03 3.018160e-01
324 6.955760e-01 2.172000e-03 3.022520e-01
325 6.952360e-01 2.148000e-03 3.026160e-01
326 6.948640e-01 2.120000e-03 3.030160e-01
327 6.945600e-01 2.072000e-03 3.033680e-01
328 6.941840e-01 2.028000e-03 3.037880e-01
329 6.938560e-01 2.012000e-03 3.041320e-01
330 6.934880e-01 2.016000e-03 3.044960e-01
331 6.931320e-01 2.028000e-03 3.048400e-01
332 6.928280e-01 2.004000e-03 3.051680e-01
333 6.924080e-01 2.084000e-03 3.055080e-01
334 6.920000e-01 2.212000e-03 3.057880e-01
335 6.916000e-01 2.212000e-03 3.061880e-01
336 6.910960e-01 2.272000e-03 3.066320e-01
337 6.907040e-01 2.244000e-03 3.070520e-01
338 6.903480e-01 2.288000e-03 3.073640e-01
339 6.898720e-01 2.420000e-03 3.077080e-01
340 6.894520e-01 2.372000e-03 3.081760e-01
341 6.889880e-01 2.496000e-03 3.085160e-01
342 6.885800e-01 2.468000e-03 3.089520e-01
343 6.881640e-01 2.436000e-03 3.094000e-01
344 6.877680e-01 2.428000e-03 3.098040e-01
345 6.872680e-01 2.508000e-03 3.102240e-01
346 6.868720e-01 2.452000e-03 3.106760e-01
347 6.863600e-01 2.560000e-03 3.110800e-01
348 6.858280e-01 2.644000e-03 3.115280e-01
349 6.853680e-01 2.640000e-03 3.119920e-01
350 6.850120e-01 2.456000e-03 3.125320e-01
351 6.846120e-01 2.480000e-03 3.129080e-01
352 6.841640e-01 2.496000e-03 3.133400e-01
353 6.836720e-01 2.572000e-03 3.137560e-01
354 6.832520e-01 2.552000e-03 3.141960e-01
355 6.827800e-01 2.536000e-03 3.146840e-01
356 6.823960e-01 2.492000e-03 3.151120e-01
357 6.819520e-01 2.492000e-03 3.155560e-01
358 6.815400e-01 2.476000e-03 3.159840e-01
359 6.811760e-01 2.404000e-03 3.164200e-01
360 6.807280e-01 2.472000e-03 3.168000e-01
361 6.803520e-01 2.388000e-03 3.172600e-01
362 6.799240e-01 2.356000e-03 3.177200e-01
363 6.795000e-01 2.384000e-03 3.181160e-01
364 6.790480e-01 2.444000e-03 3.185080e-01
365 6.785320e-01 2.480000e-03 3.189880e-01
366 6.780840e-01 2.496000e-03 3.194200e-01
367 6.775960e-01 2.620000e-03 3.197840e-01
368 6.771320e-01 2.644000e-03 3.202240e-01
369 6.766960e-01 2.684000e-03 3.206200e-01
370 6.762000e-01 2.724000e-03 3.210760e-01
371 6.757240e-01 2.728000e-03 3.215480e-01
372 6.752880e-01 2.772000e-03 3.219400e-01
373 6.748360e-01 2.760000e-03 3.224040e-01
374 6.744440e-01 2.672000e-03 3.228840e-01
375 6.740560e-01 2.668000e-03 3.232760e-01
376 6.736640e-01 2.624000e-03 3.237120e-01
377 6.732800e-01 2.524000e-03 3.241960e-01
378 6.728000e-01 2.604000e-03 3.245960e-01
379 6.723640e-01 2.568000e-03 3.250680e-01
380 6.719240e-01 2.500000e-03 3.255760e-01
381 6.714680e-01 2.468000e-03 3.260640e-01
382 6.710840e-01 2.388000e-03 3.265280e-01
383 6.706840e-01 2.348000e-03 3.269680e-01
384 6.702920e-01 2.404000e-03 3.273040e-01
385 6.699400e-01 2.272000e-03 3.277880e-01
386 6.695800e-01 2.200000e-03 3.282200e-01
387 6.692320e-01 2.120000e-03 3.286480e-01
388 6.689360e-01 2.028000e-03 3.290360e-01
389 6.685720e-01 2.040000e-03 3.293880e-01
390 6.682080e-01 2.024000e-03 3.297680e-01
391 6.678920e-01 1.984000e-03 3.301240e-01
392 6.675280e-01 2.000000e-03 3.304720e-01
393 6.671400e-01 2.024000e-03 3.308360e-01
394 6.668600e-01 1.976000e-03 3.311640e-01
395 6.666040e-01 1.876000e-03 3.315200e-01
396 6.663000e-01 1.888000e-03 3.318120e-01
397 6.659840e-01 1.852000e-03 3.321640e-01
398 6.656440e-01 1.884000e-03 3.324720e-01
399 6.653480e-01 1.836000e-03 3.328160e-01
400 6.649840e-01 1.864000e-03 3.331520e-01
401 6.646600e-01 1.920000e-03 3.334200e-01
402 6.643760e-01 1.868000e-03 3.337560e-01
403 6.640800e-01 1.820000e-03 3.341000e-01
404 6.638240e-01 1.768000e-03 3.344080e-01
405 6.635840e-01 1.684000e-03 3.347320e-01
406 6.633200e-01 1.584000e-03 3.350960e-01
407 6.630440e-01 1.568000e-03 3.353880e-01
408 6.628560e-01 1.504000e-03 3.356400e-01
409 6.625480e-01 1.552000e-03 3.359000e-01
410 6.622800e-01 1.536000e-03 3.361840e-01
411 6.620400e-01 1.536000e-03 3.364240e-01
412 6.617800e-01 1.540000e-03 3.366800e-01
413 6.615080e-01 1.592000e-03 3.369000e-01
414 6.611840e-01 1.636000e-03 3.371800e-01
415 6.608320e-01 1.668000e-03 3.375000e-01
416 6.605000e-01 1.720000e-03 3.377800e-01
417 6.601960e-01 1.784000e-03 3.380200e-01
418 6.599000e-01 1.800000e-03 3.383000e-01
419 6.595840e-01 1.784000e-03 3.386320e-01
420 6.592840e-01 1.768000e-03 3.389480e-01
421 6.589720e-01 1.828000e-03 3.392000e-01
422 6.587080e-01 1.780000e-03 3.395120e-01
423 6.583960e-01 1.832000e-03 3.397720e-01
424 6.580600e-01 1.792000e-03 3.401480e-01
425 6.577400e-01 1.788000e-03 3.404720e-01
426 6.574960e-01 1.716000e-03 3.407880e-01
427 6.572560e-01 1.648000e-03 3.410960e-01
428 6.570120e-01 1.636000e-03 3.413520e-01
429 6.567800e-01 1.596000e-03 3.416240e-01
430 6.564920e-01 1.592000e-03 3.419160e-01
431 6.562480e-01 1.576000e-03 3.421760e-01
432 6.559840e-01 1.544000e-03 3.424720e-01
433 6.557320e-01 1.516000e-03 3.427520e-01
434 6.554600e-01 1.536000e-03 3.430040e-01
435 6.551520e-01 1.556000e-03 3.432920e-01
436 6.548600e-01 1.568000e-03 3.435720e-01
437 6.546360e-01 1.540000e-03 3.438240e-01
438 6.543920e-01 1.528000e-03 3.440800e-01
439 6.541160e-01 1.496000e-03 3.443880e-01
440 6.538560e-01 1.472000e-03 3.446720e-01
441 6.536200e-01 1.460000e-03 3.449200e-01
442 6.533720e-01 1.436000e-03 3.451920e-01
443 6.530880e-01 1.380000e-03 3.455320e-01
444 6.528920e-01 1.320000e-03 3.457880e-01
445 6.526480e-01 1.312000e-03 3.460400e-01
446 6.524080e-01 1.348000e-03 3.462440e-01
447 6.522000e-01 1.384000e-03 3.464160e-01
448 6.519800e-01 1.352000e-03 3.466680e-01
449 6.517640e-01 1.312000e-03 3.469240e-01
450 6.514640e-01 1.356000e-03 3.471800e-01
451 6.512440e-01 1.328000e-03 3.474280e-01
452 6.510120e-01 1.304000e-03 3.476840e-01
453 6.507480e-01 1.340000e-03 3.479120e-01
454 6.505360e-01 1.284000e-03 3.481800e-01
455 6.503000e-01 1.340000e-03 3.483600e-01
456 6.500840e-01 1.332000e-03 3.485840e-01
457 6.498600e-01 1.288000e-03 3.488520e-01
458 6.496560e-01 1.252000e-03 3.490920e-01
459 6.493840e-01 1.284000e-03 3.493320e-01
460 6.492000e-01 1.192000e-03 3.496080e-01
461 6.489960e-01 1.176000e-03 3.498280e-01
462 6.488160e-01 1.176000e-03 3.500080e-01
463 6.486080e-01 1.148000e-03 3.502440e-01
464 6.484240e-01 1.180000e-03 3.503960e-01
465 6.482440e-01 1.148000e-03 3.506080e-01
466 6.480640e-01 1.152000e-03 3.507840e-01
467 6.479240e-01 1.164000e-03 3.509120e-01
468 6.477240e-01 1.184000e-03 3.510920e-01
469 6.475360e-01 1.140000e-03 3.513240e-01
470 6.473600e-01 1.088000e-03 3.515520e-01
471 6.471920e-01 1.068000e-03 3.517400e-01
472 6.470360e-01 1.004000e-03 3.519600e-01
473 6.468920e-01 9.200000e-04 3.521880e-01
474 6.467640e-01 9.000000e-04 3.523360e-01
475 6.466200e-01 8.720000e-04 3.525080e-01
476 6.465240e-01 8.320000e-04 3.526440e-01
477 6.463960e-01 8.000000e-04 3.528040e-01
478 6.462320e-01 8.040000e-04 3.529640e-01
479 6.461480e-01 7.800000e-04 3.530720e-01
480 6.460480e-01 7.720000e-04 3.531800e-01
481 6.458800e-01 7.720000e-04 3.533480e-01
482 6.456400e-01 8.760000e-04 3.534840e-01
483 6.454520e-01 9.120000e-04 3.536360e-01
484 6.452720e-01 9.560000e-04 3.537720e-01
485 6.450760e-01 9.640000e-04 3.539600e-01
486 6.448880e-01 9.880000e-04 3.541240e-01
487 6.447040e-01 1.048000e-03 3.542480e-01
488 6.445240e-01 1.032000e-03 3.544440e-01
489 6.443200e-01 1.072000e-03 3.546080e-01
490 6.441200e-01 1.028000e-03 3.548520e-01
491 6.438960e-01 1.116000e-03 3.549880e-01
492 6.437040e-01 1.168000e-03 3.551280e-01
493 6.435280e-01 1.088000e-03 3.553840e-01
494 6.433400e-01 1.072000e-03 3.555880e-01
495 6.431840e-01 1.024000e-03 3.557920e-01
496 6.430160e-01 1.032000e-03 3.559520e-01
497 6.428960e-01 9.200000e-04 3.561840e-01
498 6.427000e-01 9.480000e-04 3.563520e-01
499 6.425280e-01 9.760000e-04 3.564960e-01
500 6.424360e-01 8.640000e-04 3.567000e-01
