1 9.992720e-01 6.560000e-04 7.200000e-05
2 9.987240e-01 1.068000e-03 2.080000e-04
3 9.980200e-01 1.496000e-03 4.840000e-04
4 9.972200e-01 1.976000e-03 8.040000e-04
5 9.963800e-01 2.392000e-03 1.228000e-03
6 9.954760e-01 2.884000e-03 1.640000e-03
7 9.944560e-01 3.328000e-03 2.216000e-03
8 9.935000e-01 3.640000e-03 2.860000e-03
9 9.925480e-01 3.796000e-03 3.656000e-03
10 9.916440e-01 3.996000e-03 4.360000e-03
11 9.906480e-01 4.292000e-03 5.060000e-03
12 9.896160e-01 4.568000e-03 5.816000e-03
13 9.884440e-01 4.920000e-03 6.636000e-03
14 9.872720e-01 5.212000e-03 7.516000e-03
15 9.861200e-01 5.412000e-03 8.468000e-03
16 9.849600e-01 5.632000e-03 9.408000e-03
17 9.837600e-01 5.828000e-03 1.041200e-02
18 9.826480e-01 5.884000e-03 1.146800e-02
19 9.813720e-01 6.216000e-03 1.241200e-02
20 9.800840e-01 6.380000e-03 1.353600e-02
21 9.788600e-01 6.392000e-03 1.474800e-02
22 9.775800e-01 6.536000e-03 1.588400e-02
23 9.762160e-01 6.736000e-03 1.704800e-02
24 9.748760e-01 6.908000e-03 1.821600e-02
25 9.736640e-01 7.020000e-03 1.931600e-02
26 9.722960e-01 7.204000e-03 2.050000e-02
27 9.707320e-01 7.568000e-03 2.170000e-02
28 9.691760e-01 7.884000e-03 2.294000e-02
29 9.675120e-01 8.156000e-03 2.433200e-02
30 9.658160e-01 8.528000e-03 2.565600e-02
31 9.642120e-01 8.652000e-03 2.713600e-02
32 9.625960e-01 8.800000e-03 2.860400e-02
33 9.608400e-01 8.984000e-03 3.017600e-02
34 9.590720e-01 9.168000e-03 3.176000e-02
35 9.572600e-01 9.284000e-03 3.345600e-02
36 9.556440e-01 9.344000e-03 3.501200e-02
37 9.538320e-01 9.480000e-03 3.668800e-02
38 9.521720e-01 9.464000e-03 3.836400e-02
39 9.505200e-01 9.516000e-03 3.996400e-02
40 9.487640e-01 9.648000e-03 4.158800e-02
41 9.469760e-01 9.856000e-03 4.316800e-02
42 9.452040e-01 9.972000e-03 4.482400e-02
43 9.432120e-01 1.031200e-02 4.647600e-02
44 9.413560e-01 1.042000e-02 4.822400e-02
45 9.395680e-01 1.046000e-02 4.997200e-02
46 9.375680e-01 1.043200e-02 5.200000e-02
47 9.355640e-01 1.066000e-02 5.377600e-02
48 9.335680e-01 1.075600e-02 5.567600e-02
49 9.316640e-01 1.078800e-02 5.754800e-02
50 9.296560e-01 1.090000e-02 5.944400e-02
51 9.276920e-01 1.094800e-02 6.136000e-02
52 9.256000e-01 1.106800e-02 6.333200e-02
53 9.234680e-01 1.138000e-02 6.515200e-02
54 9.213840e-01 1.140800e-02 6.720800e-02
55 9.192960e-01 1.157200e-02 6.913200e-02
56 9.172560e-01 1.150400e-02 7.124000e-02
57 9.152440e-01 1.165200e-02 7.310400e-02
58 9.132840e-01 1.151200e-02 7.520400e-02
59 9.115480e-01 1.129200e-02 7.716000e-02
60 9.095240e-01 1.133200e-02 7.914400e-02
61 9.075560e-01 1.130000e-02 8.114400e-02
62 9.056400e-01 1.114000e-02 8.322000e-02
63 9.036880e-01 1.118000e-02 8.513200e-02
64 9.016040e-01 1.130000e-02 8.709600e-02
65 8.995720e-01 1.132800e-02 8.910000e-02
66 8.976080e-01 1.132800e-02 9.106400e-02
67 8.956120e-01 1.140000e-02 9.298800e-02
68 8.935560e-01 1.154800e-02 9.489600e-02
69 8.916040e-01 1.158800e-02 9.680800e-02
70 8.894800e-01 1.167600e-02 9.884400e-02
71 8.874640e-01 1.161600e-02 1.009200e-01
72 8.853640e-01 1.176800e-02 1.028680e-01
73 8.832320e-01 1.192800e-02 1.048400e-01
74 8.811640e-01 1.184800e-02 1.069880e-01
75 8.790520e-01 1.196800e-02 1.089800e-01
76 8.769840e-01 1.208000e-02 1.109360e-01
77 8.749160e-01 1.190800e-02 1.131760e-01
78 8.728760e-01 1.187600e-02 1.152480e-01
79 8.708160e-01 1.162400e-02 1.175600e-01
80 8.688120e-01 1.160800e-02 1.195800e-01
81 8.666960e-01 1.176400e-02 1.215400e-01
82 8.644600e-01 1.198800e-02 1.235520e-01
83 8.623160e-01 1.210400e-02 1.255800e-01
84 8.603640e-01 1.198400e-02 1.276520e-01
85 8.584400e-01 1.175600e-02 1.298040e-01
86 8.566320e-01 1.146400e-02 1.319040e-01
87 8.545880e-01 1.154000e-02 1.338720e-01
88 8.525880e-01 1.154800e-02 1.358640e-01
89 8.505640e-01 1.169600e-02 1.377400e-01
90 8.486560e-01 1.160800e-02 1.397360e-01
91 8.468240e-01 1.150000e-02 1.416760e-01
92 8.448440e-01 1.130400e-02 1.438520e-01
93 8.428200e-01 1.123600e-02 1.459440e-01
94 8.408720e-01 1.126000e-02 1.478680e-01
95 8.390760e-01 1.095200e-02 1.499720e-01
96 8.372720e-01 1.083200e-02 1.518960e-01
97 8.351680e-01 1.107200e-02 1.537600e-01
98 8.331760e-01 1.111200e-02 1.557120e-01
99 8.311920e-01 1.107200e-02 1.577360e-01
100 8.293760e-01 1.092800e-02 1.596960e-01
101 8.274280e-01 1.091600e-02 1.616560e-01
102 8.255720e-01 1.085200e-02 1.635760e-01
103 8.237440e-01 1.084800e-02 1.654080e-01
104 8.219640e-01 1.074800e-02 1.672880e-01
105 8.201560e-01 1.076400e-02 1.690800e-01
106 8.184080e-01 1.068800e-02 1.709040e-01
107 8.165280e-01 1.076000e-02 1.727120e-01
108 8.146680e-01 1.073200e-02 1.746000e-01
109 8.129640e-01 1.059600e-02 1.764400e-01
110 8.112720e-01 1.030400e-02 1.784240e-01
111 8.094800e-01 1.020800e-02 1.803120e-01
112 8.079640e-01 9.980000e-03 1.820560e-01
113 8.064640e-01 9.664000e-03 1.838720e-01
114 8.049680e-01 9.408000e-03 1.856240e-01
115 8.032600e-01 9.572000e-03 1.871680e-01
116 8.015280e-01 9.648000e-03 1.888240e-01
117 7.997840e-01 9.756000e-03 1.904600e-01
118 7.981840e-01 9.804000e-03 1.920120e-01
119 7.964160e-01 9.924000e-03 1.936600e-01
120 7.947640e-01 9.816000e-03 1.954200e-01
121 7.931160e-01 9.796000e-03 1.970880e-01
122 7.915000e-01 9.748000e-03 1.987520e-01
123 7.899040e-01 9.660000e-03 2.004360e-01
124 7.883840e-01 9.444000e-03 2.021720e-01
125 7.868600e-01 9.248000e-03 2.038920e-01
126 7.851840e-01 9.228000e-03 2.055880e-01
127 7.837000e-01 9.184000e-03 2.071160e-01
128 7.820400e-01 9.308000e-03 2.086520e-01
129 7.805280e-01 9.144000e-03 2.103280e-01
130 7.788520e-01 9.220000e-03 2.119280e-01
131 7.770600e-01 9.456000e-03 2.134840e-01
132 7.754680e-01 9.548000e-03 2.149840e-01
133 7.736520e-01 9.840000e-03 2.165080e-01
134 7.720600e-01 9.756000e-03 2.181840e-01
135 7.706280e-01 9.624000e-03 2.197480e-01
136 7.690640e-01 9.584000e-03 2.213520e-01
137 7.676360e-01 9.324000e-03 2.230400e-01
138 7.660920e-01 9.188000e-03 2.247200e-01
139 7.645400e-01 9.144000e-03 2.263160e-01
140 7.628720e-01 9.244000e-03 2.278840e-01
141 7.612440e-01 9.196000e-03 2.295600e-01
142 7.597080e-01 9.140000e-03 2.311520e-01
143 7.582720e-01 8.964000e-03 2.327640e-01
144 7.566920e-01 8.864000e-03 2.344440e-01
145 7.551560e-01 8.952000e-03 2.358920e-01
146 7.538200e-01 8.652000e-03 2.375280e-01
147 7.523600e-01 8.564000e-03 2.390760e-01
148 7.510120e-01 8.332000e-03 2.406560e-01
149 7.495840e-01 8.256000e-03 2.421600e-01
150 7.481160e-01 8.284000e-03 2.436000e-01
151 7.468880e-01 8.116000e-03 2.449960e-01
152 7.456080e-01 8.140000e-03 2.462520e-01
153 7.444320e-01 7.868000e-03 2.477000e-01
154 7.432240e-01 7.680000e-03 2.490960e-01
155 7.419120e-01 7.696000e-03 2.503920e-01
156 7.406400e-01 7.604000e-03 2.517560e-01
157 7.394760e-01 7.392000e-03 2.531320e-01
158 7.379480e-01 7.592000e-03 2.544600e-01
159 7.366280e-01 7.696000e-03 2.556760e-01
160 7.353360e-01 7.656000e-03 2.570080e-01
161 7.340320e-01 7.524000e-03 2.584440e-01
162 7.327720e-01 7.440000e-03 2.597880e-01
163 7.315400e-01 7.320000e-03 2.611400e-01
164 7.303440e-01 7.224000e-03 2.624320e-01
165 7.290560e-01 7.172000e-03 2.637720e-01
166 7.277760e-01 7.216000e-03 2.650080e-01
167 7.266280e-01 7.056000e-03 2.663160e-01
168 7.254120e-01 7.064000e-03 2.675240e-01
169 7.241200e-01 7.032000e-03 2.688480e-01
170 7.228480e-01 7.064000e-03 2.700880e-01
171 7.215720e-01 7.112000e-03 2.713160e-01
172 7.204680e-01 6.968000e-03 2.725640e-01
173 7.193480e-01 6.752000e-03 2.739000e-01
174 7.182080e-01 6.748000e-03 2.750440e-01
175 7.171000e-01 6.764000e-03 2.761360e-01
176 7.159400e-01 6.728000e-03 2.773320e-01
177 7.148920e-01 6.600000e-03 2.785080e-01
178 7.138480e-01 6.516000e-03 2.796360e-01
179 7.128880e-01 6.416000e-03 2.806960e-01
180 7.119640e-01 6.296000e-03 2.817400e-01
181 7.110000e-01 6.084000e-03 2.829160e-01
182 7.100840e-01 6.108000e-03 2.838080e-01
183 7.091240e-01 5.980000e-03 2.848960e-01
184 7.082520e-01 5.944000e-03 2.858040e-01
185 7.074120e-01 5.632000e-03 2.869560e-01
186 7.065320e-01 5.472000e-03 2.879960e-01
187 7.056280e-01 5.472000e-03 2.889000e-01
188 7.048240e-01 5.280000e-03 2.898960e-01
189 7.039080e-01 5.220000e-03 2.908720e-01
190 7.030200e-01 5.232000e-03 2.917480e-01
191 7.021680e-01 5.256000e-03 2.925760e-01
192 7.013480e-01 5.144000e-03 2.935080e-01
193 7.005160e-01 5.132000e-03 2.943520e-01
194 6.998080e-01 5.028000e-03 2.951640e-01
195 6.990360e-01 4.920000e-03 2.960440e-01
196 6.981920e-01 4.844000e-03 2.969640e-01
197 6.974040e-01 4.732000e-03 2.978640e-01
198 6.967120e-01 4.596000e-03 2.986920e-01
199 6.959240e-01 4.544000e-03 2.995320e-01
200 6.951880e-01 4.464000e-03 3.003480e-01
201 6.943720e-01 4.472000e-03 3.011560e-01
202 6.934360e-01 4.524000e-03 3.020400e-01
203 6.924920e-01 4.672000e-03 3.028360e-01
204 6.916560e-01 4.660000e-03 3.036840e-01
205 6.908120e-01 4.668000e-03 3.045200e-01
206 6.900000e-01 4.704000e-03 3.052960e-01
207 6.892920e-01 4.632000e-03 3.060760e-01
208 6.885240e-01 4.516000e-03 3.069600e-01
209 6.878000e-01 4.520000e-03 3.076800e-01
210 6.871400e-01 4.444000e-03 3.084160e-01
211 6.862720e-01 4.524000e-03 3.092040e-01
212 6.855200e-01 4.456000e-03 3.100240e-01
213 6.847240e-01 4.520000e-03 3.107560e-01
214 6.839160e-01 4.460000e-03 3.116240e-01
215 6.832320e-01 4.360000e-03 3.124080e-01
216 6.825520e-01 4.240000e-03 3.132080e-01
217 6.818360e-01 4.148000e-03 3.140160e-01
218 6.811520e-01 4.172000e-03 3.146760e-01
219 6.805600e-01 4.056000e-03 3.153840e-01
220 6.798920e-01 4.072000e-03 3.160360e-01
221 6.791720e-01 4.048000e-03 3.167800e-01
222 6.785640e-01 3.996000e-03 3.174400e-01
223 6.779200e-01 3.936000e-03 3.181440e-01
224 6.772960e-01 3.868000e-03 3.188360e-01
225 6.766560e-01 3.836000e-03 3.195080e-01
226 6.761360e-01 3.664000e-03 3.202000e-01
227 6.755560e-01 3.596000e-03 3.208480e-01
228 6.749000e-01 3.576000e-03 3.215240e-01
229 6.742920e-01 3.512000e-03 3.221960e-01
230 6.736760e-01 3.496000e-03 3.228280e-01
231 6.729920e-01 3.600000e-03 3.234080e-01
232 6.723520e-01 3.608000e-03 3.240400e-01
233 6.716560e-01 3.688000e-03 3.246560e-01
234 6.710400e-01 3.684000e-03 3.252760e-01
235 6.704960e-01 3.580000e-03 3.259240e-01
236 6.698800e-01 3.560000e-03 3.265600e-01
237 6.692000e-01 3.588000e-03 3.272120e-01
238 6.686120e-01 3.480000e-03 3.279080e-01
239 6.679320e-01 3.652000e-03 3.284160e-01
240 6.672640e-01 3.612000e-03 3.291240e-01
241 6.665360e-01 3.628000e-03 3.298360e-01
242 6.659120e-01 3.556000e-03 3.305320e-01
243 6.653800e-01 3.484000e-03 3.311360e-01
244 6.647400e-01 3.644000e-03 3.316160e-01
245 6.640600e-01 3.612000e-03 3.323280e-01
246 6.634200e-01 3.620000e-03 3.329600e-01
247 6.627120e-01 3.668000e-03 3.336200e-01
248 6.619560e-01 3.800000e-03 3.342440e-01
249 6.612840e-01 3.820000e-03 3.348960e-01
250 6.607200e-01 3.788000e-03 3.354920e-01
251 6.600080e-01 3.828000e-03 3.361640e-01
252 6.593200e-01 3.816000e-03 3.368640e-01
253 6.587160e-01 3.744000e-03 3.375400e-01
254 6.582640e-01 3.584000e-03 3.381520e-01
255 6.577240e-01 3.508000e-03 3.387680e-01
256 6.571320e-01 3.516000e-03 3.393520e-01
257 6.565440e-01 3.536000e-03 3.399200e-01
258 6.559400e-01 3.588000e-03 3.404720e-01
259 6.553080e-01 3.560000e-03 3.411320e-01
260 6.547680e-01 3.456000e-03 3.417760e-01
261 6.542480e-01 3.392000e-03 3.423600e-01
262 6.537880e-01 3.208000e-03 3.430040e-01
263 6.532160e-01 3.252000e-03 3.435320e-01
264 6.527160e-01 3.192000e-03 3.440920e-01
265 6.521840e-01 3.204000e-03 3.446120e-01
266 6.515920e-01 3.188000e-03 3.452200e-01
267 6.511200e-01 3.136000e-03 3.457440e-01
268 6.505840e-01 3.096000e-03 3.463200e-01
269 6.501000e-01 3.060000e-03 3.468400e-01
270 6.496120e-01 3.052000e-03 3.473360e-01
271 6.490600e-01 3.144000e-03 3.477960e-01
272 6.485840e-01 3.076000e-03 3.483400e-01
273 6.480960e-01 3.064000e-03 3.488400e-01
274 6.477040e-01 2.856000e-03 3.494400e-01
275 6.473200e-01 2.744000e-03 3.499360e-01
276 6.469320e-01 2.704000e-03 3.503640e-01
277 6.465640e-01 2.512000e-03 3.509240e-01
278 6.460960e-01 2.472000e-03 3.514320e-01
279 6.456400e-01 2.504000e-03 3.518560e-01
280 6.451120e-01 2.584000e-03 3.523040e-01
281 6.447360e-01 2.504000e-03 3.527600e-01
282 6.443400e-01 2.440000e-03 3.532200e-01
283 6.439360e-01 2.408000e-03 3.536560e-01
284 6.435320e-01 2.364000e-03 3.541040e-01
285 6.431840e-01 2.328000e-03 3.544880e-01
286 6.428160e-01 2.312000e-03 3.548720e-01
287 6.424360e-01 2.300000e-03 3.552640e-01
288 6.420040e-01 2.352000e-03 3.556440e-01
289 6.416040e-01 2.324000e-03 3.560720e-01
290 6.412240e-01 2.320000e-03 3.564560e-01
291 6.408960e-01 2.260000e-03 3.568440e-01
292 6.405360e-01 2.296000e-03 3.571680e-01
293 6.400960e-01 2.308000e-03 3.575960e-01
294 6.397800e-01 2.228000e-03 3.579920e-01
295 6.393360e-01 2.384000e-03 3.582800e-01
296 6.389400e-01 2.372000e-03 3.586880e-01
297 6.385560e-01 2.336000e-03 3.591080e-01
298 6.382760e-01 2.184000e-03 3.595400e-01
299 6.379520e-01 2.120000e-03 3.599280e-01
300 6.376000e-01 2.080000e-03 3.603200e-01
301 6.372600e-01 2.016000e-03 3.607240e-01
302 6.368360e-01 2.096000e-03 3.610680e-01
303 6.364800e-01 2.072000e-03 3.614480e-01
304 6.361320e-01 2.060000e-03 3.618080e-01
305 6.357040e-01 2.064000e-03 3.622320e-01
306 6.353840e-01 2.108000e-03 3.625080e-01
307 6.350640e-01 2.052000e-03 3.628840e-01
308 6.347800e-01 1.960000e-03 3.632600e-01
309 6.344760e-01 1.892000e-03 3.636320e-01
310 6.341800e-01 1.844000e-03 3.639760e-01
311 6.339200e-01 1.768000e-03 3.643120e-01
312 6.335400e-01 1.876000e-03 3.645840e-01
313 6.331360e-01 1.916000e-03 3.649480e-01
314 6.327960e-01 1.912000e-03 3.652920e-01
315 6.325400e-01 1.852000e-03 3.656080e-01
316 6.322520e-01 1.768000e-03 3.659800e-01
317 6.320200e-01 1.724000e-03 3.662560e-01
318 6.317320e-01 1.656000e-03 3.666120e-01
319 6.315520e-01 1.556000e-03 3.668920e-01
320 6.313520e-01 1.464000e-03 3.671840e-01
321 6.310800e-01 1.460000e-03 3.674600e-01
322 6.308520e-01 1.488000e-03 3.676600e-01
323 6.306160e-01 1.464000e-03 3.679200e-01
324 6.303160e-01 1.508000e-03 3.681760e-01
325 6.300680e-01 1.512000e-03 3.684200e-01
326 6.298440e-01 1.440000e-03 3.687160e-01
327 6.295800e-01 1.424000e-03 3.689960e-01
328 6.293680e-01 1.384000e-03 3.692480e-01
329 6.291280e-01 1.316000e-03 3.695560e-01
330 6.288520e-01 1.392000e-03 3.697560e-01
331 6.286120e-01 1.412000e-03 3.699760e-01
332 6.283560e-01 1.436000e-03 3.702080e-01
333 6.281760e-01 1.352000e-03 3.704720e-01
334 6.279120e-01 1.396000e-03 3.706920e-01
335 6.276720e-01 1.352000e-03 3.709760e-01
336 6.274240e-01 1.352000e-03 3.712240e-01
337 6.272480e-01 1.324000e-03 3.714280e-01
338 6.270120e-01 1.300000e-03 3.716880e-01
339 6.268120e-01 1.328000e-03 3.718600e-01
340 6.266160e-01 1.300000e-03 3.720840e-01
341 6.263840e-01 1.288000e-03 3.723280e-01
342 6.262080e-01 1.184000e-03 3.726080e-01
343 6.260120e-01 1.136000e-03 3.728520e-01
344 6.258320e-01 1.108000e-03 3.730600e-01
345 6.256120e-01 1.104000e-03 3.732840e-01
346 6.254080e-01 1.132000e-03 3.734600e-01
347 6.252240e-01 1.144000e-03 3.736320e-01
348 6.250200e-01 1.112000e-03 3.738680e-01
349 6.248040e-01 1.124000e-03 3.740720e-01
350 6.245320e-01 1.164000e-03 3.743040e-01
351 6.243080e-01 1.204000e-03 3.744880e-01
352 6.241160e-01 1.208000e-03 3.746760e-01
353 6.238920e-01 1.212000e-03 3.748960e-01
354 6.237240e-01 1.172000e-03 3.751040e-01
355 6.235320e-01 1.160000e-03 3.753080e-01
356 6.232560e-01 1.220000e-03 3.755240e-01
357 6.230400e-01 1.236000e-03 3.757240e-01
358 6.227920e-01 1.248000e-03 3.759600e-01
359 6.225360e-01 1.260000e-03 3.762040e-01
360 6.222960e-01 1.344000e-03 3.763600e-01
361 6.220360e-01 1.368000e-03 3.765960e-01
362 6.217760e-01 1.360000e-03 3.768640e-01
363 6.214960e-01 1.412000e-03 3.770920e-01
364 6.212240e-01 1.396000e-03 3.773800e-01
365 6.209680e-01 1.384000e-03 3.776480e-01
366 6.207040e-01 1.372000e-03 3.779240e-01
367 6.204520e-01 1.388000e-03 3.781600e-01
368 6.201920e-01 1.428000e-03 3.783800e-01
369 6.199160e-01 1.428000e-03 3.786560e-01
370 6.197200e-01 1.360000e-03 3.789200e-01
371 6.195480e-01 1.300000e-03 3.791520e-01
372 6.193480e-01 1.304000e-03 3.793480e-01
373 6.191640e-01 1.280000e-03 3.795560e-01
374 6.189880e-01 1.260000e-03 3.797520e-01
375 6.188160e-01 1.244000e-03 3.799400e-01
376 6.186040e-01 1.204000e-03 3.801920e-01
377 6.184080e-01 1.180000e-03 3.804120e-01
378 6.182120e-01 1.204000e-03 3.805840e-01
379 6.180280e-01 1.160000e-03 3.808120e-01
380 6.178440e-01 1.168000e-03 3.809880e-01
381 6.176680e-01 1.180000e-03 3.811520e-01
382 6.174480e-01 1.180000e-03 3.813720e-01
383 6.172400e-01 1.176000e-03 3.815840e-01
384 6.170280e-01 1.184000e-03 3.817880e-01
385 6.167720e-01 1.264000e-03 3.819640e-01
386 6.165160e-01 1.296000e-03 3.821880e-01
387 6.163400e-01 1.244000e-03 3.824160e-01
388 6.160800e-01 1.300000e-03 3.826200e-01
389 6.158680e-01 1.284000e-03 3.828480e-01
390 6.155960e-01 1.332000e-03 3.830720e-01
391 6.153800e-01 1.284000e-03 3.833360e-01
392 6.151960e-01 1.228000e-03 3.835760e-01
393 6.149680e-01 1.204000e-03 3.838280e-01
394 6.147520e-01 1.228000e-03 3.840200e-01
395 6.145280e-01 1.264000e-03 3.842080e-01
396 6.143440e-01 1.204000e-03 3.844520e-01
397 6.141760e-01 1.184000e-03 3.846400e-01
398 6.139720e-01 1.216000e-03 3.848120e-01
399 6.137560e-01 1.264000e-03 3.849800e-01
400 6.135600e-01 1.216000e-03 3.852240e-01
401 6.133120e-01 1.276000e-03 3.854120e-01
402 6.130640e-01 1.304000e-03 3.856320e-01
403 6.129080e-01 1.236000e-03 3.858560e-01
404 6.126720e-01 1.224000e-03 3.861040e-01
405 6.124560e-01 1.208000e-03 3.863360e-01
406 6.121920e-01 1.228000e-03 3.865800e-01
407 6.119520e-01 1.288000e-03 3.867600e-01
408 6.117560e-01 1.236000e-03 3.870080e-01
409 6.115960e-01 1.172000e-03 3.872320e-01
410 6.113840e-01 1.156000e-03 3.874600e-01
411 6.112120e-01 1.076000e-03 3.877120e-01
412 6.110480e-01 1.032000e-03 3.879200e-01
413 6.108480e-01 1.016000e-03 3.881360e-01
414 6.106840e-01 1.020000e-03 3.882960e-01
415 6.104960e-01 1.052000e-03 3.884520e-01
416 6.102600e-01 1.148000e-03 3.885920e-01
417 6.100080e-01 1.156000e-03 3.888360e-01
418 6.098160e-01 1.156000e-03 3.890280e-01
419 6.096320e-01 1.160000e-03 3.892080e-01
420 6.094800e-01 1.060000e-03 3.894600e-01
421 6.092760e-01 1.060000e-03 3.896640e-01
422 6.091120e-01 1.052000e-03 3.898360e-01
423 6.088960e-01 1.064000e-03 3.900400e-01
424 6.086720e-01 1.108000e-03 3.902200e-01
425 6.084480e-01 1.112000e-03 3.904400e-01
426 6.083080e-01 1.056000e-03 3.906360e-01
427 6.081560e-01 1.056000e-03 3.907880e-01
428 6.079880e-01 1.000000e-03 3.910120e-01
429 6.077840e-01 1.004000e-03 3.912120e-01
430 6.076480e-01 9.360000e-04 3.914160e-01
431 6.074920e-01 9.280000e-04 3.915800e-01
432 6.073400e-01 9.160000e-04 3.917440e-01
433 6.071560e-01 9.320000e-04 3.919120e-01
434 6.070200e-01 9.440000e-04 3.920360e-01
435 6.068200e-01 1.032000e-03 3.921480e-01
436 6.066440e-01 1.012000e-03 3.923440e-01
437 6.064600e-01 9.920000e-04 3.925480e-01
438 6.063240e-01 9.720000e-04 3.927040e-01
439 6.061760e-01 9.560000e-04 3.928680e-01
440 6.060520e-01 8.680000e-04 3.930800e-01
441 6.058680e-01 9.080000e-04 3.932240e-01
442 6.057160e-01 8.960000e-04 3.933880e-01
443 6.055680e-01 9.200000e-04 3.935120e-01
444 6.054680e-01 8.840000e-04 3.936480e-01
445 6.053240e-01 8.480000e-04 3.938280e-01
446 6.051240e-01 8.640000e-04 3.940120e-01
447 6.049880e-01 8.600000e-04 3.941520e-01
448 6.048240e-01 8.600000e-04 3.943160e-01
449 6.047120e-01 8.400000e-04 3.944480e-01
450 6.045960e-01 7.920000e-04 3.946120e-01
451 6.044760e-01 7.800000e-04 3.947440e-01
452 6.043520e-01 7.680000e-04 3.948800e-01
453 6.042080e-01 7.920000e-04 3.950000e-01
454 6.040840e-01 7.960000e-04 3.951200e-01
455 6.039120e-01 8.160000e-04 3.952720e-01
456 6.037280e-01 8.440000e-04 3.954280e-01
457 6.035120e-01 9.000000e-04 3.955880e-01
458 6.033680e-01 8.640000e-04 3.957680e-01
459 6.032240e-01 8.400000e-04 3.959360e-01
460 6.031200e-01 8.160000e-04 3.960640e-01
461 6.029880e-01 8.200000e-04 3.961920e-01
462 6.028400e-01 8.200000e-04 3.963400e-01
463 6.026840e-01 8.120000e-04 3.965040e-01
464 6.025840e-01 7.440000e-04 3.966720e-01
465 6.025040e-01 7.040000e-04 3.967920e-01
466 6.024160e-01 6.840000e-04 3.969000e-01
467 6.023200e-01 6.480000e-04 3.970320e-01
468 6.022560e-01 5.920000e-04 3.971520e-01
469 6.021560e-01 5.920000e-04 3.972520e-01
470 6.020520e-01 5.680000e-04 3.973800e-01
471 6.019400e-01 5.840000e-04 3.974760e-01
472 6.018280e-01 5.880000e-04 3.975840e-01
473 6.017240e-01 5.880000e-04 3.976880e-01
474 6.016120e-01 5.920000e-04 3.977960e-01
475 6.015440e-01 5.600000e-04 3.978960e-01
476 6.014440e-01 5.760000e-04 3.979800e-01
477 6.013400e-01 6.040000e-04 3.980560e-01
478 6.012760e-01 5.680000e-04 3.981560e-01
479 6.011840e-01 5.880000e-04 3.982280e-01
480 6.010960e-01 5.880000e-04 3.983160e-01
481 6.010120e-01 5.840000e-04 3.984040e-01
482 6.009560e-01 5.720000e-04 3.984720e-01
483 6.008560e-01 5.680000e-04 3.985760e-01
484 6.007680e-01 5.200000e-04 3.987120e-01
485 6.006600e-01 5.480000e-04 3.987920e-01
486 6.005440e-01 5.720000e-04 3.988840e-01
487 6.004240e-01 5.400000e-04 3.990360e-01
488 6.003440e-01 5.080000e-04 3.991480e-01
489 6.002920e-01 4.720000e-04 3.992360e-01
490 6.001960e-01 5.080000e-04 3.992960e-01
491 6.001160e-01 5.120000e-04 3.993720e-01
492 6.000280e-01 4.960000e-04 3.994760e-01
493 5.999200e-01 5.280000e-04 3.995520e-01
494 5.998600e-01 5.080000e-04 3.996320e-01
495 5.997920e-01 5.000000e-04 3.997080e-01
496 5.996920e-01 5.000000e-04 3.998080e-01
497 5.996160e-01 4.600000e-04 3.999240e-01
498 5.995640e-01 4.560000e-04 3.999800e-01
499 5.995040e-01 4.600000e-04 4.000360e-01
500 5.994200e-01 4.600000e-04 4.001200e-01
