1 9.991040e-01 7.920000e-04 1.040000e-04
2 9.985040e-01 1.276000e-03 2.200000e-04
3 9.977600e-01 1.736000e-03 5.040000e-04
4 9.967680e-01 2.396000e-03 8.360000e-04
5 9.957640e-01 2.952000e-03 1.284000e-03
6 9.946000e-01 3.580000e-03 1.820000e-03
7 9.934800e-01 3.956000e-03 2.564000e-03
8 9.922400e-01 4.400000e-03 3.360000e-03
9 9.910240e-01 4.804000e-03 4.172000e-03
10 9.897960e-01 5.212000e-03 4.992000e-03
11 9.885360e-01 5.496000e-03 5.968000e-03
12 9.871360e-01 5.900000e-03 6.964000e-03
13 9.857440e-01 6.316000e-03 7.940000e-03
14 9.843120e-01 6.620000e-03 9.068000e-03
15 9.829120e-01 6.868000e-03 1.022000e-02
16 9.814640e-01 7.156000e-03 1.138000e-02
17 9.799080e-01 7.512000e-03 1.258000e-02
18 9.782040e-01 7.764000e-03 1.403200e-02
19 9.766520e-01 8.028000e-03 1.532000e-02
20 9.751360e-01 8.076000e-03 1.678800e-02
21 9.735080e-01 8.232000e-03 1.826000e-02
22 9.719520e-01 8.260000e-03 1.978800e-02
23 9.703360e-01 8.572000e-03 2.109200e-02
24 9.687320e-01 8.640000e-03 2.262800e-02
25 9.672240e-01 8.632000e-03 2.414400e-02
26 9.656320e-01 8.700000e-03 2.566800e-02
27 9.640920e-01 8.752000e-03 2.715600e-02
28 9.623400e-01 8.940000e-03 2.872000e-02
29 9.606280e-01 9.000000e-03 3.037200e-02
30 9.590880e-01 9.008000e-03 3.190400e-02
31 9.573600e-01 9.200000e-03 3.344000e-02
32 9.555440e-01 9.428000e-03 3.502800e-02
33 9.537120e-01 9.512000e-03 3.677600e-02
34 9.516800e-01 9.788000e-03 3.853200e-02
35 9.498880e-01 9.776000e-03 4.033600e-02
36 9.480960e-01 9.892000e-03 4.201200e-02
37 9.461920e-01 1.005200e-02 4.375600e-02
38 9.443880e-01 1.013200e-02 4.548000e-02
39 9.425320e-01 1.015200e-02 4.731600e-02
40 9.404280e-01 1.060800e-02 4.896400e-02
41 9.383880e-01 1.077600e-02 5.083600e-02
42 9.363720e-01 1.084400e-02 5.278400e-02
43 9.343040e-01 1.102400e-02 5.467200e-02
44 9.323600e-01 1.109600e-02 5.654400e-02
45 9.303560e-01 1.118400e-02 5.846000e-02
46 9.285320e-01 1.114400e-02 6.032400e-02
47 9.264800e-01 1.118000e-02 6.234000e-02
48 9.243600e-01 1.135200e-02 6.428800e-02
49 9.224320e-01 1.138400e-02 6.618400e-02
50 9.203800e-01 1.144000e-02 6.818000e-02
51 9.184040e-01 1.142400e-02 7.017200e-02
52 9.162840e-01 1.166800e-02 7.204800e-02
53 9.141440e-01 1.199600e-02 7.386000e-02
54 9.120000e-01 1.204000e-02 7.596000e-02
55 9.099120e-01 1.210400e-02 7.798400e-02
56 9.079200e-01 1.215600e-02 7.992400e-02
57 9.058680e-01 1.190000e-02 8.223200e-02
58 9.037960e-01 1.180400e-02 8.440000e-02
59 9.018000e-01 1.163600e-02 8.656400e-02
60 8.999200e-01 1.157600e-02 8.850400e-02
61 8.979400e-01 1.149600e-02 9.056400e-02
62 8.960240e-01 1.148400e-02 9.249200e-02
63 8.938680e-01 1.146800e-02 9.466400e-02
64 8.921280e-01 1.115600e-02 9.671600e-02
65 8.901880e-01 1.116000e-02 9.865200e-02
66 8.881000e-01 1.134000e-02 1.005600e-01
67 8.859440e-01 1.152000e-02 1.025360e-01
68 8.837320e-01 1.178000e-02 1.044880e-01
69 8.816320e-01 1.184400e-02 1.065240e-01
70 8.796840e-01 1.171600e-02 1.086000e-01
71 8.775160e-01 1.174800e-02 1.107360e-01
72 8.755200e-01 1.155200e-02 1.129280e-01
73 8.735560e-01 1.155600e-02 1.148880e-01
74 8.715040e-01 1.172000e-02 1.167760e-01
75 8.695480e-01 1.171200e-02 1.187400e-01
76 8.674560e-01 1.174400e-02 1.208000e-01
77 8.653840e-01 1.174400e-02 1.228720e-01
78 8.631880e-01 1.179200e-02 1.250200e-01
79 8.611480e-01 1.186800e-02 1.269840e-01
80 8.590400e-01 1.197600e-02 1.289840e-01
81 8.569000e-01 1.201200e-02 1.310880e-01
82 8.546040e-01 1.218400e-02 1.332120e-01
83 8.524960e-01 1.214800e-02 1.353560e-01
84 8.503480e-01 1.209200e-02 1.375600e-01
85 8.480800e-01 1.236000e-02 1.395600e-01
86 8.459480e-01 1.238400e-02 1.416680e-01
87 8.437120e-01 1.240400e-02 1.438840e-01
88 8.418320e-01 1.200800e-02 1.461600e-01
89 8.397720e-01 1.199600e-02 1.482320e-01
90 8.378200e-01 1.189600e-02 1.502840e-01
91 8.359120e-01 1.170800e-02 1.523800e-01
92 8.338320e-01 1.172800e-02 1.544400e-01
93 8.318600e-01 1.162800e-02 1.565120e-01
94 8.299480e-01 1.145200e-02 1.586000e-01
95 8.279920e-01 1.148000e-02 1.605280e-01
96 8.261200e-01 1.141600e-02 1.624640e-01
97 8.241200e-01 1.132800e-02 1.645520e-01
98 8.220920e-01 1.144400e-02 1.664640e-01
99 8.201880e-01 1.144000e-02 1.683720e-01
100 8.183800e-01 1.122000e-02 1.704000e-01
101 8.165520e-01 1.092400e-02 1.725240e-01
102 8.146000e-01 1.097600e-02 1.744240e-01
103 8.128440e-01 1.085200e-02 1.763040e-01
104 8.111400e-01 1.069600e-02 1.781640e-01
105 8.094120e-01 1.065600e-02 1.799320e-01
106 8.073520e-01 1.076800e-02 1.818800e-01
107 8.053200e-01 1.086000e-02 1.838200e-01
108 8.034760e-01 1.083600e-02 1.856880e-01
109 8.015840e-01 1.096800e-02 1.874480e-01
110 7.999000e-01 1.070000e-02 1.894000e-01
111 7.980360e-01 1.063200e-02 1.913320e-01
112 7.963440e-01 1.029600e-02 1.933600e-01
113 7.944840e-01 1.037600e-02 1.951400e-01
114 7.925640e-01 1.047200e-02 1.969640e-01
115 7.905000e-01 1.080400e-02 1.986960e-01
116 7.886400e-01 1.078400e-02 2.005760e-01
117 7.865440e-01 1.101200e-02 2.024440e-01
118 7.845200e-01 1.114800e-02 2.043320e-01
119 7.826320e-01 1.130400e-02 2.060640e-01
120 7.807800e-01 1.101600e-02 2.082040e-01
121 7.788200e-01 1.107200e-02 2.101080e-01
122 7.770960e-01 1.082800e-02 2.120760e-01
123 7.752400e-01 1.075600e-02 2.140040e-01
124 7.733320e-01 1.078800e-02 2.158800e-01
125 7.713480e-01 1.088400e-02 2.177680e-01
126 7.693600e-01 1.100400e-02 2.196360e-01
127 7.674920e-01 1.090800e-02 2.216000e-01
128 7.655640e-01 1.094800e-02 2.234880e-01
129 7.636560e-01 1.098400e-02 2.253600e-01
130 7.618040e-01 1.093600e-02 2.272600e-01
131 7.600080e-01 1.065600e-02 2.293360e-01
132 7.582200e-01 1.060400e-02 2.311760e-01
133 7.563880e-01 1.045600e-02 2.331560e-01
134 7.547240e-01 1.036400e-02 2.349120e-01
135 7.530520e-01 1.009600e-02 2.368520e-01
136 7.512400e-01 1.012400e-02 2.386360e-01
137 7.493920e-01 1.019600e-02 2.404120e-01
138 7.475520e-01 1.033600e-02 2.421120e-01
139 7.456960e-01 1.033200e-02 2.439720e-01
140 7.438760e-01 1.036800e-02 2.457560e-01
141 7.421720e-01 1.032800e-02 2.475000e-01
142 7.403440e-01 1.033600e-02 2.493200e-01
143 7.385840e-01 1.022000e-02 2.511960e-01
144 7.368960e-01 1.027600e-02 2.528280e-01
145 7.350440e-01 1.020400e-02 2.547520e-01
146 7.331240e-01 1.042800e-02 2.564480e-01
147 7.313040e-01 1.042800e-02 2.582680e-01
148 7.295000e-01 1.044000e-02 2.600600e-01
149 7.275720e-01 1.060000e-02 2.618280e-01
150 7.259760e-01 1.037200e-02 2.636520e-01
151 7.243920e-01 1.022800e-02 2.653800e-01
152 7.226920e-01 1.020000e-02 2.671080e-01
153 7.209720e-01 1.012400e-02 2.689040e-01
154 7.193440e-01 1.005200e-02 2.706040e-01
155 7.177280e-01 9.864000e-03 2.724080e-01
156 7.161080e-01 9.756000e-03 2.741360e-01
157 7.146000e-01 9.484000e-03 2.759160e-01
158 7.131560e-01 9.188000e-03 2.776560e-01
159 7.116080e-01 9.128000e-03 2.792640e-01
160 7.102280e-01 8.864000e-03 2.809080e-01
161 7.087600e-01 8.700000e-03 2.825400e-01
162 7.073360e-01 8.664000e-03 2.840000e-01
163 7.056680e-01 8.848000e-03 2.854840e-01
164 7.040920e-01 8.956000e-03 2.869520e-01
165 7.026400e-01 8.788000e-03 2.885720e-01
166 7.012040e-01 8.660000e-03 2.901360e-01
167 6.996920e-01 8.744000e-03 2.915640e-01
168 6.981760e-01 8.720000e-03 2.931040e-01
169 6.966800e-01 8.556000e-03 2.947640e-01
170 6.950640e-01 8.716000e-03 2.962200e-01
171 6.934720e-01 8.728000e-03 2.978000e-01
172 6.919440e-01 8.800000e-03 2.992560e-01
173 6.904320e-01 8.708000e-03 3.008600e-01
174 6.890240e-01 8.708000e-03 3.022680e-01
175 6.875440e-01 8.564000e-03 3.038920e-01
176 6.861600e-01 8.584000e-03 3.052560e-01
177 6.847200e-01 8.568000e-03 3.067120e-01
178 6.834680e-01 8.396000e-03 3.081360e-01
179 6.822200e-01 8.236000e-03 3.095440e-01
180 6.809480e-01 8.128000e-03 3.109240e-01
181 6.795920e-01 8.040000e-03 3.123680e-01
182 6.783160e-01 7.868000e-03 3.138160e-01
183 6.770600e-01 7.884000e-03 3.150560e-01
184 6.756320e-01 8.012000e-03 3.163560e-01
185 6.742120e-01 8.040000e-03 3.177480e-01
186 6.728680e-01 8.000000e-03 3.191320e-01
187 6.716160e-01 7.832000e-03 3.205520e-01
188 6.704800e-01 7.752000e-03 3.217680e-01
189 6.693040e-01 7.588000e-03 3.231080e-01
190 6.679920e-01 7.552000e-03 3.244560e-01
191 6.668240e-01 7.404000e-03 3.257720e-01
192 6.655080e-01 7.596000e-03 3.268960e-01
193 6.643400e-01 7.412000e-03 3.282480e-01
194 6.632320e-01 7.300000e-03 3.294680e-01
195 6.621120e-01 7.176000e-03 3.307120e-01
196 6.609360e-01 7.112000e-03 3.319520e-01
197 6.598560e-01 7.000000e-03 3.331440e-01
198 6.586840e-01 6.872000e-03 3.344440e-01
199 6.576080e-01 6.844000e-03 3.355480e-01
200 6.564560e-01 6.784000e-03 3.367600e-01
201 6.553040e-01 6.820000e-03 3.378760e-01
202 6.540680e-01 6.896000e-03 3.390360e-01
203 6.528640e-01 6.904000e-03 3.402320e-01
204 6.517200e-01 6.888000e-03 3.413920e-01
205 6.504480e-01 7.040000e-03 3.425120e-01
206 6.493680e-01 6.980000e-03 3.436520e-01
207 6.481760e-01 6.864000e-03 3.449600e-01
208 6.470640e-01 6.656000e-03 3.462800e-01
209 6.460080e-01 6.504000e-03 3.474880e-01
210 6.450000e-01 6.448000e-03 3.485520e-01
211 6.439880e-01 6.364000e-03 3.496480e-01
212 6.429520e-01 6.396000e-03 3.506520e-01
213 6.420880e-01 6.164000e-03 3.517480e-01
214 6.411480e-01 5.916000e-03 3.529360e-01
215 6.402640e-01 5.768000e-03 3.539680e-01
216 6.394160e-01 5.644000e-03 3.549400e-01
217 6.384920e-01 5.584000e-03 3.559240e-01
218 6.376880e-01 5.372000e-03 3.569400e-01
219 6.367080e-01 5.488000e-03 3.578040e-01
220 6.357560e-01 5.480000e-03 3.587640e-01
221 6.348880e-01 5.320000e-03 3.597920e-01
222 6.339920e-01 5.240000e-03 3.607680e-01
223 6.329240e-01 5.344000e-03 3.617320e-01
224 6.319760e-01 5.476000e-03 3.625480e-01
225 6.310880e-01 5.468000e-03 3.634440e-01
226 6.301480e-01 5.356000e-03 3.644960e-01
227 6.292320e-01 5.368000e-03 3.654000e-01
228 6.282880e-01 5.380000e-03 3.663320e-01
229 6.274120e-01 5.228000e-03 3.673600e-01
230 6.265120e-01 5.144000e-03 3.683440e-01
231 6.256920e-01 5.096000e-03 3.692120e-01
232 6.248720e-01 5.036000e-03 3.700920e-01
233 6.240720e-01 5.060000e-03 3.708680e-01
234 6.232280e-01 5.016000e-03 3.717560e-01
235 6.223760e-01 4.952000e-03 3.726720e-01
236 6.216760e-01 4.828000e-03 3.734960e-01
237 6.208280e-01 4.812000e-03 3.743600e-01
238 6.201640e-01 4.660000e-03 3.751760e-01
239 6.194640e-01 4.624000e-03 3.759120e-01
240 6.186800e-01 4.652000e-03 3.766680e-01
241 6.178520e-01 4.704000e-03 3.774440e-01
242 6.171400e-01 4.552000e-03 3.783080e-01
243 6.163720e-01 4.580000e-03 3.790480e-01
244 6.156440e-01 4.480000e-03 3.798760e-01
245 6.149000e-01 4.472000e-03 3.806280e-01
246 6.141080e-01 4.420000e-03 3.814720e-01
247 6.134720e-01 4.364000e-03 3.821640e-01
248 6.128280e-01 4.272000e-03 3.829000e-01
249 6.121600e-01 4.220000e-03 3.836200e-01
250 6.114960e-01 4.184000e-03 3.843200e-01
251 6.108360e-01 4.152000e-03 3.850120e-01
252 6.101880e-01 4.156000e-03 3.856560e-01
253 6.096280e-01 3.952000e-03 3.864200e-01
254 6.090680e-01 3.824000e-03 3.871080e-01
255 6.084840e-01 3.736000e-03 3.877800e-01
256 6.079080e-01 3.712000e-03 3.883800e-01
257 6.072840e-01 3.680000e-03 3.890360e-01
258 6.067080e-01 3.548000e-03 3.897440e-01
259 6.062120e-01 3.432000e-03 3.903560e-01
260 6.055640e-01 3.516000e-03 3.909200e-01
261 6.050080e-01 3.476000e-03 3.915160e-01
262 6.044120e-01 3.416000e-03 3.921720e-01
263 6.038720e-01 3.348000e-03 3.927800e-01
264 6.033440e-01 3.364000e-03 3.932920e-01
265 6.028040e-01 3.296000e-03 3.939000e-01
266 6.022080e-01 3.316000e-03 3.944760e-01
267 6.016280e-01 3.360000e-03 3.950120e-01
268 6.010520e-01 3.316000e-03 3.956320e-01
269 6.005440e-01 3.192000e-03 3.962640e-01
270 6.000640e-01 3.096000e-03 3.968400e-01
271 5.995160e-01 3.076000e-03 3.974080e-01
272 5.990080e-01 3.044000e-03 3.979480e-01
273 5.984640e-01 2.984000e-03 3.985520e-01
274 5.980560e-01 2.828000e-03 3.991160e-01
275 5.975960e-01 2.824000e-03 3.995800e-01
276 5.972320e-01 2.752000e-03 4.000160e-01
277 5.967520e-01 2.748000e-03 4.005000e-01
278 5.963200e-01 2.632000e-03 4.010480e-01
279 5.959160e-01 2.648000e-03 4.014360e-01
280 5.955680e-01 2.564000e-03 4.018680e-01
281 5.951000e-01 2.680000e-03 4.022200e-01
282 5.947160e-01 2.516000e-03 4.027680e-01
283 5.943280e-01 2.444000e-03 4.032280e-01
284 5.939320e-01 2.440000e-03 4.036280e-01
285 5.935280e-01 2.436000e-03 4.040360e-01
286 5.931600e-01 2.376000e-03 4.044640e-01
287 5.928520e-01 2.300000e-03 4.048480e-01
288 5.924080e-01 2.356000e-03 4.052360e-01
289 5.921000e-01 2.244000e-03 4.056560e-01
290 5.917560e-01 2.204000e-03 4.060400e-01
291 5.914280e-01 2.132000e-03 4.064400e-01
292 5.910560e-01 2.152000e-03 4.067920e-01
293 5.907040e-01 2.064000e-03 4.072320e-01
294 5.903120e-01 2.100000e-03 4.075880e-01
295 5.899200e-01 2.076000e-03 4.080040e-01
296 5.895800e-01 2.032000e-03 4.083880e-01
297 5.893040e-01 1.900000e-03 4.087960e-01
298 5.890200e-01 1.920000e-03 4.090600e-01
299 5.886760e-01 1.912000e-03 4.094120e-01
300 5.883360e-01 1.956000e-03 4.097080e-01
301 5.880360e-01 1.904000e-03 4.100600e-01
302 5.877360e-01 1.860000e-03 4.104040e-01
303 5.874560e-01 1.808000e-03 4.107360e-01
304 5.871680e-01 1.808000e-03 4.110240e-01
305 5.868400e-01 1.876000e-03 4.112840e-01
306 5.865720e-01 1.832000e-03 4.115960e-01
307 5.861520e-01 1.944000e-03 4.119040e-01
308 5.858280e-01 1.952000e-03 4.122200e-01
309 5.855280e-01 1.940000e-03 4.125320e-01
310 5.852080e-01 1.864000e-03 4.129280e-01
311 5.848320e-01 1.956000e-03 4.132120e-01
312 5.844800e-01 1.956000e-03 4.135640e-01
313 5.840680e-01 2.008000e-03 4.139240e-01
314 5.837360e-01 1.952000e-03 4.143120e-01
315 5.833560e-01 1.956000e-03 4.146880e-01
316 5.828880e-01 2.024000e-03 4.150880e-01
317 5.825480e-01 2.028000e-03 4.154240e-01
318 5.821720e-01 2.048000e-03 4.157800e-01
319 5.818520e-01 1.980000e-03 4.161680e-01
320 5.816040e-01 1.876000e-03 4.165200e-01
321 5.813160e-01 1.848000e-03 4.168360e-01
322 5.811560e-01 1.668000e-03 4.171760e-01
323 5.809480e-01 1.584000e-03 4.174680e-01
324 5.806760e-01 1.648000e-03 4.176760e-01
325 5.803320e-01 1.720000e-03 4.179480e-01
326 5.799840e-01 1.752000e-03 4.182640e-01
327 5.796160e-01 1.728000e-03 4.186560e-01
328 5.793720e-01 1.708000e-03 4.189200e-01
329 5.790960e-01 1.744000e-03 4.191600e-01
330 5.788120e-01 1.736000e-03 4.194520e-01
331 5.785400e-01 1.680000e-03 4.197800e-01
332 5.782680e-01 1.688000e-03 4.200440e-01
333 5.780560e-01 1.620000e-03 4.203240e-01
334 5.778160e-01 1.516000e-03 4.206680e-01
335 5.775720e-01 1.496000e-03 4.209320e-01
336 5.772960e-01 1.528000e-03 4.211760e-01
337 5.770200e-01 1.512000e-03 4.214680e-01
338 5.767240e-01 1.596000e-03 4.216800e-01
339 5.764000e-01 1.656000e-03 4.219440e-01
340 5.761520e-01 1.588000e-03 4.222600e-01
341 5.758280e-01 1.628000e-03 4.225440e-01
342 5.755880e-01 1.536000e-03 4.228760e-01
343 5.753440e-01 1.532000e-03 4.231240e-01
344 5.751280e-01 1.536000e-03 4.233360e-01
345 5.748760e-01 1.556000e-03 4.235680e-01
346 5.746600e-01 1.528000e-03 4.238120e-01
347 5.744800e-01 1.460000e-03 4.240600e-01
348 5.742360e-01 1.456000e-03 4.243080e-01
349 5.740320e-01 1.392000e-03 4.245760e-01
350 5.738040e-01 1.400000e-03 4.247960e-01
351 5.735800e-01 1.336000e-03 4.250840e-01
352 5.733960e-01 1.264000e-03 4.253400e-01
353 5.732280e-01 1.252000e-03 4.255200e-01
354 5.730240e-01 1.244000e-03 4.257320e-01
355 5.728920e-01 1.156000e-03 4.259520e-01
356 5.727600e-01 1.088000e-03 4.261520e-01
357 5.725920e-01 1.036000e-03 4.263720e-01
358 5.723960e-01 1.068000e-03 4.265360e-01
359 5.721920e-01 1.072000e-03 4.267360e-01
360 5.720400e-01 1.008000e-03 4.269520e-01
361 5.718560e-01 1.004000e-03 4.271400e-01
362 5.717000e-01 9.680000e-04 4.273320e-01
363 5.715040e-01 9.880000e-04 4.275080e-01
364 5.713760e-01 9.560000e-04 4.276680e-01
365 5.711880e-01 9.760000e-04 4.278360e-01
366 5.709560e-01 9.600000e-04 4.280840e-01
367 5.707800e-01 1.004000e-03 4.282160e-01
368 5.705680e-01 1.072000e-03 4.283600e-01
369 5.704000e-01 1.040000e-03 4.285600e-01
370 5.701720e-01 1.084000e-03 4.287440e-01
371 5.700000e-01 1.064000e-03 4.289360e-01
372 5.697800e-01 1.108000e-03 4.291120e-01
373 5.695720e-01 1.128000e-03 4.293000e-01
374 5.693600e-01 1.148000e-03 4.294920e-01
375 5.691440e-01 1.220000e-03 4.296360e-01
376 5.688360e-01 1.312000e-03 4.298520e-01
377 5.685840e-01 1.380000e-03 4.300360e-01
378 5.683240e-01 1.360000e-03 4.303160e-01
379 5.680640e-01 1.368000e-03 4.305680e-01
380 5.678040e-01 1.396000e-03 4.308000e-01
381 5.676200e-01 1.364000e-03 4.310160e-01
382 5.674600e-01 1.264000e-03 4.312760e-01
383 5.672960e-01 1.160000e-03 4.315440e-01
384 5.671800e-01 1.060000e-03 4.317600e-01
385 5.670440e-01 9.520000e-04 4.320040e-01
386 5.668720e-01 9.640000e-04 4.321640e-01
387 5.666720e-01 1.008000e-03 4.323200e-01
388 5.665200e-01 9.560000e-04 4.325240e-01
389 5.663720e-01 9.160000e-04 4.327120e-01
390 5.661360e-01 9.600000e-04 4.329040e-01
391 5.659800e-01 9.440000e-04 4.330760e-01
392 5.658120e-01 9.480000e-04 4.332400e-01
393 5.656240e-01 9.560000e-04 4.334200e-01
394 5.654600e-01 9.320000e-04 4.336080e-01
395 5.652760e-01 9.560000e-04 4.337680e-01
396 5.651480e-01 9.480000e-04 4.339040e-01
397 5.649800e-01 9.520000e-04 4.340680e-01
398 5.648120e-01 9.360000e-04 4.342520e-01
399 5.646360e-01 9.840000e-04 4.343800e-01
400 5.644280e-01 1.016000e-03 4.345560e-01
401 5.642240e-01 1.068000e-03 4.347080e-01
402 5.640640e-01 1.024000e-03 4.349120e-01
403 5.638960e-01 9.800000e-04 4.351240e-01
404 5.637440e-01 9.520000e-04 4.353040e-01
405 5.636040e-01 9.120000e-04 4.354840e-01
406 5.634840e-01 8.280000e-04 4.356880e-01
407 5.633280e-01 8.480000e-04 4.358240e-01
408 5.631680e-01 8.680000e-04 4.359640e-01
409 5.630360e-01 8.280000e-04 4.361360e-01
410 5.629160e-01 8.080000e-04 4.362760e-01
411 5.627960e-01 8.200000e-04 4.363840e-01
412 5.626360e-01 8.240000e-04 4.365400e-01
413 5.624920e-01 8.280000e-04 4.366800e-01
414 5.623320e-01 8.480000e-04 4.368200e-01
415 5.622040e-01 8.560000e-04 4.369400e-01
416 5.620600e-01 8.400000e-04 4.371000e-01
417 5.619240e-01 8.320000e-04 4.372440e-01
418 5.617640e-01 8.080000e-04 4.374280e-01
419 5.617080e-01 7.040000e-04 4.375880e-01
420 5.616120e-01 6.840000e-04 4.377040e-01
421 5.615000e-01 6.760000e-04 4.378240e-01
422 5.613800e-01 6.800000e-04 4.379400e-01
423 5.612400e-01 6.680000e-04 4.380920e-01
424 5.611080e-01 6.920000e-04 4.382000e-01
425 5.609680e-01 6.960000e-04 4.383360e-01
426 5.608240e-01 6.960000e-04 4.384800e-01
427 5.607040e-01 6.920000e-04 4.386040e-01
428 5.605840e-01 6.640000e-04 4.387520e-01
429 5.604560e-01 6.800000e-04 4.388640e-01
430 5.603680e-01 6.680000e-04 4.389640e-01
431 5.602200e-01 7.080000e-04 4.390720e-01
432 5.601200e-01 7.040000e-04 4.391760e-01
433 5.599520e-01 7.200000e-04 4.393280e-01
434 5.598000e-01 7.320000e-04 4.394680e-01
435 5.595720e-01 8.200000e-04 4.396080e-01
436 5.594360e-01 8.000000e-04 4.397640e-01
437 5.592960e-01 8.160000e-04 4.398880e-01
438 5.591280e-01 8.560000e-04 4.400160e-01
439 5.589640e-01 8.680000e-04 4.401680e-01
440 5.588320e-01 8.440000e-04 4.403240e-01
441 5.586360e-01 8.600000e-04 4.405040e-01
442 5.584880e-01 8.920000e-04 4.406200e-01
443 5.582720e-01 9.560000e-04 4.407720e-01
444 5.580880e-01 9.800000e-04 4.409320e-01
445 5.578920e-01 9.840000e-04 4.411240e-01
446 5.577640e-01 9.520000e-04 4.412840e-01
447 5.576280e-01 9.040000e-04 4.414680e-01
448 5.574320e-01 9.200000e-04 4.416480e-01
449 5.572360e-01 9.720000e-04 4.417920e-01
450 5.570280e-01 9.840000e-04 4.419880e-01
451 5.568040e-01 1.056000e-03 4.421400e-01
452 5.566400e-01 1.028000e-03 4.423320e-01
453 5.564200e-01 1.072000e-03 4.425080e-01
454 5.562400e-01 1.052000e-03 4.427080e-01
455 5.560440e-01 1.080000e-03 4.428760e-01
456 5.558520e-01 1.104000e-03 4.430440e-01
457 5.556160e-01 1.164000e-03 4.432200e-01
458 5.554520e-01 1.140000e-03 4.434080e-01
459 5.553040e-01 1.088000e-03 4.436080e-01
460 5.550880e-01 1.132000e-03 4.437800e-01
461 5.549040e-01 1.160000e-03 4.439360e-01
462 5.546840e-01 1.188000e-03 4.441280e-01
463 5.544920e-01 1.188000e-03 4.443200e-01
464 5.543640e-01 1.068000e-03 4.445680e-01
465 5.541720e-01 1.088000e-03 4.447400e-01
466 5.540400e-01 1.036000e-03 4.449240e-01
467 5.538640e-01 9.880000e-04 4.451480e-01
468 5.537280e-01 1.000000e-03 4.452720e-01
469 5.535720e-01 9.560000e-04 4.454720e-01
470 5.534480e-01 8.920000e-04 4.456600e-01
471 5.533160e-01 8.680000e-04 4.458160e-01
472 5.531880e-01 8.520000e-04 4.459600e-01
473 5.530720e-01 8.520000e-04 4.460760e-01
474 5.529440e-01 8.480000e-04 4.462080e-01
475 5.527480e-01 8.920000e-04 4.463600e-01
476 5.526440e-01 8.680000e-04 4.464880e-01
477 5.525080e-01 8.360000e-04 4.466560e-01
478 5.523440e-01 8.520000e-04 4.468040e-01
479 5.521880e-01 8.920000e-04 4.469200e-01
480 5.520120e-01 9.000000e-04 4.470880e-01
481 5.518960e-01 8.600000e-04 4.472440e-01
482 5.517240e-01 9.040000e-04 4.473720e-01
483 5.515680e-01 8.880000e-04 4.475440e-01
484 5.514440e-01 8.280000e-04 4.477280e-01
485 5.513720e-01 7.720000e-04 4.478560e-01
486 5.512480e-01 7.520000e-04 4.480000e-01
487 5.511000e-01 7.400000e-04 4.481600e-01
488 5.510240e-01 6.640000e-04 4.483120e-01
489 5.509120e-01 6.600000e-04 4.484280e-01
490 5.507920e-01 6.800000e-04 4.485280e-01
491 5.506760e-01 6.560000e-04 4.486680e-01
492 5.505680e-01 6.560000e-04 4.487760e-01
493 5.503640e-01 7.320000e-04 4.489040e-01
494 5.502440e-01 7.120000e-04 4.490440e-01
495 5.501640e-01 6.880000e-04 4.491480e-01
496 5.500240e-01 7.200000e-04 4.492560e-01
497 5.499040e-01 6.920000e-04 4.494040e-01
498 5.498040e-01 6.800000e-04 4.495160e-01
499 5.497120e-01 6.360000e-04 4.496520e-01
500 5.496160e-01 6.440000e-04 4.497400e-01
