1 9.992120e-01 7.200000e-04 6.800000e-05
2 9.985680e-01 1.208000e-03 2.240000e-04
3 9.979240e-01 1.556000e-03 5.200000e-04
4 9.971880e-01 1.980000e-03 8.320000e-04
5 9.964680e-01 2.316000e-03 1.216000e-03
6 9.955840e-01 2.772000e-03 1.644000e-03
7 9.947280e-01 3.124000e-03 2.148000e-03
8 9.938520e-01 3.472000e-03 2.676000e-03
9 9.927800e-01 3.908000e-03 3.312000e-03
10 9.917960e-01 4.180000e-03 4.024000e-03
11 9.907160e-01 4.544000e-03 4.740000e-03
12 9.896080e-01 4.784000e-03 5.608000e-03
13 9.884360e-01 5.132000e-03 6.432000e-03
14 9.870920e-01 5.556000e-03 7.352000e-03
15 9.857720e-01 5.832000e-03 8.396000e-03
16 9.844520e-01 6.060000e-03 9.488000e-03
17 9.832800e-01 6.160000e-03 1.056000e-02
18 9.819880e-01 6.436000e-03 1.157600e-02
19 9.806520e-01 6.632000e-03 1.271600e-02
20 9.794640e-01 6.724000e-03 1.381200e-02
21 9.781240e-01 6.940000e-03 1.493600e-02
22 9.766840e-01 7.144000e-03 1.617200e-02
23 9.753520e-01 7.084000e-03 1.756400e-02
24 9.739320e-01 7.180000e-03 1.888800e-02
25 9.724120e-01 7.376000e-03 2.021200e-02
26 9.706840e-01 7.828000e-03 2.148800e-02
27 9.689840e-01 8.212000e-03 2.280400e-02
28 9.672920e-01 8.460000e-03 2.424800e-02
29 9.655840e-01 8.760000e-03 2.565600e-02
30 9.636320e-01 9.264000e-03 2.710400e-02
31 9.618080e-01 9.516000e-03 2.867600e-02
32 9.598480e-01 9.864000e-03 3.028800e-02
33 9.580520e-01 9.936000e-03 3.201200e-02
34 9.561000e-01 1.012400e-02 3.377600e-02
35 9.542760e-01 1.025200e-02 3.547200e-02
36 9.522800e-01 1.038000e-02 3.734000e-02
37 9.502360e-01 1.058000e-02 3.918400e-02
38 9.483480e-01 1.062800e-02 4.102400e-02
39 9.464560e-01 1.065600e-02 4.288800e-02
40 9.445440e-01 1.057200e-02 4.488400e-02
41 9.426080e-01 1.055200e-02 4.684000e-02
42 9.409080e-01 1.050800e-02 4.858400e-02
43 9.389480e-01 1.080400e-02 5.024800e-02
44 9.371760e-01 1.078400e-02 5.204000e-02
45 9.351240e-01 1.106000e-02 5.381600e-02
46 9.330240e-01 1.132800e-02 5.564800e-02
47 9.310680e-01 1.136400e-02 5.756800e-02
48 9.292040e-01 1.116800e-02 5.962800e-02
49 9.272080e-01 1.128000e-02 6.151200e-02
50 9.251400e-01 1.142400e-02 6.343600e-02
51 9.232640e-01 1.139600e-02 6.534000e-02
52 9.212400e-01 1.146400e-02 6.729600e-02
53 9.193520e-01 1.138000e-02 6.926800e-02
54 9.174880e-01 1.119600e-02 7.131600e-02
55 9.155040e-01 1.111200e-02 7.338400e-02
56 9.135680e-01 1.104000e-02 7.539200e-02
57 9.117640e-01 1.086400e-02 7.737200e-02
58 9.098080e-01 1.102800e-02 7.916400e-02
59 9.078800e-01 1.098000e-02 8.114000e-02
60 9.060840e-01 1.090000e-02 8.301600e-02
61 9.041960e-01 1.104000e-02 8.476400e-02
62 9.022720e-01 1.098800e-02 8.674000e-02
63 9.002720e-01 1.111600e-02 8.861200e-02
64 8.982800e-01 1.112800e-02 9.059200e-02
65 8.962760e-01 1.116800e-02 9.255600e-02
66 8.941880e-01 1.141200e-02 9.440000e-02
67 8.922240e-01 1.140400e-02 9.637200e-02
68 8.901640e-01 1.154400e-02 9.829200e-02
69 8.882880e-01 1.139200e-02 1.003200e-01
70 8.863960e-01 1.129200e-02 1.023120e-01
71 8.843080e-01 1.148400e-02 1.042080e-01
72 8.822520e-01 1.156800e-02 1.061800e-01
73 8.801160e-01 1.163200e-02 1.082520e-01
74 8.779400e-01 1.160400e-02 1.104560e-01
75 8.758840e-01 1.156400e-02 1.125520e-01
76 8.738920e-01 1.162800e-02 1.144800e-01
77 8.719280e-01 1.153600e-02 1.165360e-01
78 8.698680e-01 1.152800e-02 1.186040e-01
79 8.678520e-01 1.158400e-02 1.205640e-01
80 8.660000e-01 1.136800e-02 1.226320e-01
81 8.637880e-01 1.154800e-02 1.246640e-01
82 8.617160e-01 1.171200e-02 1.265720e-01
83 8.596280e-01 1.176000e-02 1.286120e-01
84 8.576040e-01 1.173600e-02 1.306600e-01
85 8.555320e-01 1.179200e-02 1.326760e-01
86 8.534360e-01 1.196800e-02 1.345960e-01
87 8.513240e-01 1.201600e-02 1.366600e-01
88 8.493880e-01 1.192000e-02 1.386920e-01
89 8.474600e-01 1.171200e-02 1.408280e-01
90 8.455280e-01 1.152400e-02 1.429480e-01
91 8.436200e-01 1.128000e-02 1.451000e-01
92 8.414040e-01 1.144000e-02 1.471560e-01
93 8.393120e-01 1.150000e-02 1.491880e-01
94 8.371480e-01 1.168800e-02 1.511640e-01
95 8.349480e-01 1.190800e-02 1.531440e-01
96 8.329760e-01 1.194000e-02 1.550840e-01
97 8.309520e-01 1.191200e-02 1.571360e-01
98 8.288800e-01 1.190000e-02 1.592200e-01
99 8.268720e-01 1.166800e-02 1.614600e-01
100 8.250680e-01 1.154000e-02 1.633920e-01
101 8.231320e-01 1.134800e-02 1.655200e-01
102 8.211280e-01 1.142400e-02 1.674480e-01
103 8.191600e-01 1.134400e-02 1.694960e-01
104 8.170000e-01 1.149600e-02 1.715040e-01
105 8.148120e-01 1.152000e-02 1.736680e-01
106 8.128040e-01 1.155600e-02 1.756400e-01
107 8.106840e-01 1.175200e-02 1.775640e-01
108 8.088400e-01 1.162400e-02 1.795360e-01
109 8.068600e-01 1.169200e-02 1.814480e-01
110 8.048880e-01 1.158800e-02 1.835240e-01
111 8.027880e-01 1.165600e-02 1.855560e-01
112 8.008000e-01 1.154400e-02 1.876560e-01
113 7.987560e-01 1.136400e-02 1.898800e-01
114 7.967160e-01 1.151200e-02 1.917720e-01
115 7.948840e-01 1.137200e-02 1.937440e-01
116 7.928760e-01 1.149200e-02 1.956320e-01
117 7.907600e-01 1.162800e-02 1.976120e-01
118 7.887920e-01 1.157600e-02 1.996320e-01
119 7.868360e-01 1.145200e-02 2.017120e-01
120 7.850720e-01 1.117200e-02 2.037560e-01
121 7.831400e-01 1.119600e-02 2.056640e-01
122 7.813560e-01 1.102000e-02 2.076240e-01
123 7.796560e-01 1.079600e-02 2.095480e-01
124 7.777760e-01 1.084800e-02 2.113760e-01
125 7.760600e-01 1.076400e-02 2.131760e-01
126 7.743200e-01 1.065200e-02 2.150280e-01
127 7.725560e-01 1.058000e-02 2.168640e-01
128 7.709160e-01 1.032800e-02 2.187560e-01
129 7.693480e-01 1.007200e-02 2.205800e-01
130 7.677120e-01 9.892000e-03 2.223960e-01
131 7.659080e-01 9.984000e-03 2.241080e-01
132 7.641840e-01 9.832000e-03 2.259840e-01
133 7.624480e-01 9.824000e-03 2.277280e-01
134 7.608960e-01 9.724000e-03 2.293800e-01
135 7.593600e-01 9.612000e-03 2.310280e-01
136 7.577920e-01 9.516000e-03 2.326920e-01
137 7.562520e-01 9.448000e-03 2.343000e-01
138 7.546720e-01 9.412000e-03 2.359160e-01
139 7.529320e-01 9.428000e-03 2.376400e-01
140 7.514960e-01 9.136000e-03 2.393680e-01
141 7.501360e-01 8.968000e-03 2.408960e-01
142 7.488480e-01 8.596000e-03 2.425560e-01
143 7.475920e-01 8.456000e-03 2.439520e-01
144 7.463160e-01 8.348000e-03 2.453360e-01
145 7.449800e-01 8.208000e-03 2.468120e-01
146 7.435880e-01 8.256000e-03 2.481560e-01
147 7.422080e-01 8.200000e-03 2.495920e-01
148 7.408400e-01 8.184000e-03 2.509760e-01
149 7.393440e-01 8.300000e-03 2.523560e-01
150 7.380240e-01 8.204000e-03 2.537720e-01
151 7.365640e-01 8.212000e-03 2.552240e-01
152 7.352000e-01 8.084000e-03 2.567160e-01
153 7.338080e-01 8.036000e-03 2.581560e-01
154 7.324960e-01 8.072000e-03 2.594320e-01
155 7.311160e-01 7.992000e-03 2.608920e-01
156 7.297840e-01 7.860000e-03 2.623560e-01
157 7.284960e-01 7.740000e-03 2.637640e-01
158 7.271360e-01 7.784000e-03 2.650800e-01
159 7.258760e-01 7.620000e-03 2.665040e-01
160 7.246240e-01 7.564000e-03 2.678120e-01
161 7.233120e-01 7.392000e-03 2.692960e-01
162 7.220160e-01 7.380000e-03 2.706040e-01
163 7.207000e-01 7.372000e-03 2.719280e-01
164 7.194480e-01 7.252000e-03 2.733000e-01
165 7.181600e-01 7.236000e-03 2.746040e-01
166 7.169560e-01 7.248000e-03 2.757960e-01
167 7.155720e-01 7.380000e-03 2.770480e-01
168 7.142720e-01 7.392000e-03 2.783360e-01
169 7.129800e-01 7.304000e-03 2.797160e-01
170 7.117760e-01 7.208000e-03 2.810160e-01
171 7.104280e-01 7.220000e-03 2.823520e-01
172 7.090920e-01 7.300000e-03 2.836080e-01
173 7.077040e-01 7.404000e-03 2.848920e-01
174 7.063480e-01 7.420000e-03 2.862320e-01
175 7.051560e-01 7.288000e-03 2.875560e-01
176 7.039600e-01 7.164000e-03 2.888760e-01
177 7.026960e-01 7.204000e-03 2.901000e-01
178 7.013920e-01 7.272000e-03 2.913360e-01
179 7.000800e-01 7.332000e-03 2.925880e-01
180 6.988240e-01 7.340000e-03 2.938360e-01
181 6.975760e-01 7.304000e-03 2.951200e-01
182 6.963720e-01 7.240000e-03 2.963880e-01
183 6.950960e-01 7.196000e-03 2.977080e-01
184 6.938400e-01 7.176000e-03 2.989840e-01
185 6.926560e-01 7.092000e-03 3.002520e-01
186 6.914080e-01 7.172000e-03 3.014200e-01
187 6.901840e-01 7.160000e-03 3.026560e-01
188 6.890160e-01 7.124000e-03 3.038600e-01
189 6.877600e-01 7.100000e-03 3.051400e-01
190 6.866480e-01 6.908000e-03 3.064440e-01
191 6.855400e-01 6.896000e-03 3.075640e-01
192 6.843840e-01 6.844000e-03 3.087720e-01
193 6.832520e-01 6.792000e-03 3.099560e-01
194 6.820720e-01 6.804000e-03 3.111240e-01
195 6.809000e-01 6.712000e-03 3.123880e-01
196 6.797040e-01 6.768000e-03 3.135280e-01
197 6.784120e-01 6.936000e-03 3.146520e-01
198 6.773240e-01 6.892000e-03 3.157840e-01
199 6.763280e-01 6.704000e-03 3.169680e-01
200 6.751680e-01 6.652000e-03 3.181800e-01
201 6.739240e-01 6.740000e-03 3.193360e-01
202 6.728640e-01 6.556000e-03 3.205800e-01
203 6.717000e-01 6.620000e-03 3.216800e-01
204 6.706840e-01 6.592000e-03 3.227240e-01
205 6.695720e-01 6.628000e-03 3.238000e-01
206 6.685840e-01 6.492000e-03 3.249240e-01
207 6.675080e-01 6.340000e-03 3.261520e-01
208 6.663760e-01 6.484000e-03 3.271400e-01
209 6.653600e-01 6.320000e-03 3.283200e-01
210 6.643320e-01 6.272000e-03 3.293960e-01
211 6.632600e-01 6.256000e-03 3.304840e-01
212 6.621440e-01 6.268000e-03 3.315880e-01
213 6.610040e-01 6.320000e-03 3.326760e-01
214 6.598840e-01 6.320000e-03 3.337960e-01
215 6.588080e-01 6.260000e-03 3.349320e-01
216 6.579240e-01 6.084000e-03 3.359920e-01
217 6.569160e-01 6.092000e-03 3.369920e-01
218 6.559640e-01 5.992000e-03 3.380440e-01
219 6.548800e-01 6.056000e-03 3.390640e-01
220 6.537400e-01 6.160000e-03 3.401000e-01
221 6.527600e-01 6.072000e-03 3.411680e-01
222 6.516800e-01 6.156000e-03 3.421640e-01
223 6.508160e-01 5.836000e-03 3.433480e-01
224 6.497760e-01 5.756000e-03 3.444680e-01
225 6.486800e-01 5.916000e-03 3.454040e-01
226 6.476400e-01 5.908000e-03 3.464520e-01
227 6.465600e-01 6.004000e-03 3.474360e-01
228 6.456040e-01 5.952000e-03 3.484440e-01
229 6.446080e-01 5.952000e-03 3.494400e-01
230 6.436120e-01 5.956000e-03 3.504320e-01
231 6.427480e-01 5.848000e-03 3.514040e-01
232 6.418320e-01 5.712000e-03 3.524560e-01
233 6.409840e-01 5.620000e-03 3.533960e-01
234 6.401920e-01 5.348000e-03 3.544600e-01
235 6.392200e-01 5.412000e-03 3.553680e-01
236 6.382600e-01 5.452000e-03 3.562880e-01
237 6.372720e-01 5.476000e-03 3.572520e-01
238 6.363240e-01 5.400000e-03 3.582760e-01
239 6.353840e-01 5.412000e-03 3.592040e-01
240 6.344600e-01 5.452000e-03 3.600880e-01
241 6.334960e-01 5.452000e-03 3.610520e-01
242 6.325800e-01 5.432000e-03 3.619880e-01
243 6.316360e-01 5.348000e-03 3.630160e-01
244 6.307240e-01 5.260000e-03 3.640160e-01
245 6.299360e-01 5.124000e-03 3.649400e-01
246 6.291200e-01 4.988000e-03 3.658920e-01
247 6.283840e-01 4.804000e-03 3.668120e-01
248 6.276720e-01 4.700000e-03 3.676280e-01
249 6.269680e-01 4.604000e-03 3.684280e-01
250 6.263320e-01 4.456000e-03 3.692120e-01
251 6.255840e-01 4.380000e-03 3.700360e-01
252 6.249280e-01 4.288000e-03 3.707840e-01
253 6.242320e-01 4.220000e-03 3.715480e-01
254 6.235440e-01 4.152000e-03 3.723040e-01
255 6.228880e-01 4.084000e-03 3.730280e-01
256 6.221240e-01 4.212000e-03 3.736640e-01
257 6.214120e-01 4.168000e-03 3.744200e-01
258 6.206480e-01 4.204000e-03 3.751480e-01
259 6.198840e-01 4.232000e-03 3.758840e-01
260 6.191760e-01 4.172000e-03 3.766520e-01
261 6.184920e-01 4.184000e-03 3.773240e-01
262 6.178200e-01 4.088000e-03 3.780920e-01
263 6.171280e-01 4.104000e-03 3.787680e-01
264 6.164440e-01 4.088000e-03 3.794680e-01
265 6.157440e-01 4.052000e-03 3.802040e-01
266 6.150920e-01 4.028000e-03 3.808800e-01
267 6.143440e-01 4.124000e-03 3.815320e-01
268 6.137160e-01 3.976000e-03 3.823080e-01
269 6.130720e-01 3.944000e-03 3.829840e-01
270 6.124000e-01 4.008000e-03 3.835920e-01
271 6.116920e-01 4.000000e-03 3.843080e-01
272 6.110360e-01 3.948000e-03 3.850160e-01
273 6.103680e-01 3.916000e-03 3.857160e-01
274 6.095800e-01 3.956000e-03 3.864640e-01
275 6.088040e-01 4.020000e-03 3.871760e-01
276 6.081480e-01 3.884000e-03 3.879680e-01
277 6.073800e-01 4.020000e-03 3.886000e-01
278 6.066160e-01 4.080000e-03 3.893040e-01
279 6.060200e-01 3.984000e-03 3.899960e-01
280 6.052960e-01 3.984000e-03 3.907200e-01
281 6.045840e-01 3.944000e-03 3.914720e-01
282 6.038680e-01 3.948000e-03 3.921840e-01
283 6.031760e-01 3.916000e-03 3.929080e-01
284 6.025120e-01 3.916000e-03 3.935720e-01
285 6.016760e-01 3.996000e-03 3.943280e-01
286 6.009760e-01 3.932000e-03 3.950920e-01
287 6.002600e-01 4.024000e-03 3.957160e-01
288 5.995480e-01 4.040000e-03 3.964120e-01
289 5.988760e-01 3.988000e-03 3.971360e-01
290 5.982120e-01 4.056000e-03 3.977320e-01
291 5.974960e-01 4.116000e-03 3.983880e-01
292 5.967800e-01 4.140000e-03 3.990800e-01
293 5.960880e-01 4.096000e-03 3.998160e-01
294 5.953840e-01 3.996000e-03 4.006200e-01
295 5.948000e-01 3.992000e-03 4.012080e-01
296 5.941840e-01 3.860000e-03 4.019560e-01
297 5.935200e-01 3.972000e-03 4.025080e-01
298 5.928280e-01 4.100000e-03 4.030720e-01
299 5.921080e-01 4.148000e-03 4.037440e-01
300 5.913720e-01 4.224000e-03 4.044040e-01
301 5.906840e-01 4.164000e-03 4.051520e-01
302 5.900440e-01 4.036000e-03 4.059200e-01
303 5.892400e-01 4.076000e-03 4.066840e-01
304 5.885680e-01 4.016000e-03 4.074160e-01
305 5.879760e-01 3.848000e-03 4.081760e-01
306 5.874120e-01 3.736000e-03 4.088520e-01
307 5.869160e-01 3.604000e-03 4.094800e-01
308 5.863720e-01 3.424000e-03 4.102040e-01
309 5.859000e-01 3.324000e-03 4.107760e-01
310 5.854560e-01 3.236000e-03 4.113080e-01
311 5.849680e-01 3.200000e-03 4.118320e-01
312 5.844600e-01 3.148000e-03 4.123920e-01
313 5.839440e-01 3.140000e-03 4.129160e-01
314 5.834840e-01 3.084000e-03 4.134320e-01
315 5.830200e-01 3.060000e-03 4.139200e-01
316 5.825440e-01 3.012000e-03 4.144440e-01
317 5.820040e-01 3.048000e-03 4.149480e-01
318 5.815160e-01 2.952000e-03 4.155320e-01
319 5.810240e-01 2.928000e-03 4.160480e-01
320 5.804160e-01 2.960000e-03 4.166240e-01
321 5.799520e-01 3.000000e-03 4.170480e-01
322 5.794240e-01 3.068000e-03 4.175080e-01
323 5.788720e-01 3.024000e-03 4.181040e-01
324 5.784320e-01 2.884000e-03 4.186840e-01
325 5.779840e-01 2.864000e-03 4.191520e-01
326 5.775240e-01 2.832000e-03 4.196440e-01
327 5.770760e-01 2.780000e-03 4.201440e-01
328 5.767280e-01 2.688000e-03 4.205840e-01
329 5.762680e-01 2.652000e-03 4.210800e-01
330 5.758560e-01 2.596000e-03 4.215480e-01
331 5.754480e-01 2.584000e-03 4.219680e-01
332 5.750440e-01 2.452000e-03 4.225040e-01
333 5.746320e-01 2.448000e-03 4.229200e-01
334 5.741960e-01 2.436000e-03 4.233680e-01
335 5.737440e-01 2.416000e-03 4.238400e-01
336 5.733840e-01 2.380000e-03 4.242360e-01
337 5.730440e-01 2.268000e-03 4.246880e-01
338 5.726640e-01 2.328000e-03 4.250080e-01
339 5.722680e-01 2.368000e-03 4.253640e-01
340 5.719440e-01 2.276000e-03 4.257800e-01
341 5.715560e-01 2.276000e-03 4.261680e-01
342 5.711920e-01 2.228000e-03 4.265800e-01
343 5.709040e-01 2.132000e-03 4.269640e-01
344 5.706240e-01 2.088000e-03 4.272880e-01
345 5.702960e-01 2.060000e-03 4.276440e-01
346 5.699960e-01 2.000000e-03 4.280040e-01
347 5.696680e-01 1.928000e-03 4.284040e-01
348 5.693880e-01 1.876000e-03 4.287360e-01
349 5.691800e-01 1.780000e-03 4.290400e-01
350 5.689080e-01 1.724000e-03 4.293680e-01
351 5.686280e-01 1.696000e-03 4.296760e-01
352 5.683600e-01 1.664000e-03 4.299760e-01
353 5.680680e-01 1.732000e-03 4.302000e-01
354 5.677280e-01 1.732000e-03 4.305400e-01
355 5.674520e-01 1.732000e-03 4.308160e-01
356 5.671800e-01 1.676000e-03 4.311440e-01
357 5.668640e-01 1.688000e-03 4.314480e-01
358 5.666360e-01 1.612000e-03 4.317520e-01
359 5.663680e-01 1.576000e-03 4.320560e-01
360 5.661800e-01 1.516000e-03 4.323040e-01
361 5.659880e-01 1.424000e-03 4.325880e-01
362 5.657840e-01 1.412000e-03 4.328040e-01
363 5.655720e-01 1.368000e-03 4.330600e-01
364 5.653560e-01 1.368000e-03 4.332760e-01
365 5.651040e-01 1.360000e-03 4.335360e-01
366 5.648440e-01 1.344000e-03 4.338120e-01
367 5.645720e-01 1.420000e-03 4.340080e-01
368 5.643600e-01 1.372000e-03 4.342680e-01
369 5.641880e-01 1.272000e-03 4.345400e-01
370 5.639880e-01 1.228000e-03 4.347840e-01
371 5.637520e-01 1.236000e-03 4.350120e-01
372 5.635600e-01 1.236000e-03 4.352040e-01
373 5.634520e-01 1.084000e-03 4.354640e-01
374 5.633440e-01 9.520000e-04 4.357040e-01
375 5.632160e-01 9.360000e-04 4.358480e-01
376 5.630080e-01 9.600000e-04 4.360320e-01
377 5.628600e-01 9.040000e-04 4.362360e-01
378 5.627240e-01 8.400000e-04 4.364360e-01
379 5.626320e-01 8.040000e-04 4.365640e-01
380 5.625040e-01 8.360000e-04 4.366600e-01
381 5.623560e-01 8.160000e-04 4.368280e-01
382 5.622400e-01 7.880000e-04 4.369720e-01
383 5.620960e-01 7.600000e-04 4.371440e-01
384 5.619560e-01 7.560000e-04 4.372880e-01
385 5.618640e-01 7.000000e-04 4.374360e-01
386 5.617840e-01 6.280000e-04 4.375880e-01
387 5.616520e-01 6.360000e-04 4.377120e-01
388 5.615200e-01 6.280000e-04 4.378520e-01
389 5.613600e-01 6.840000e-04 4.379560e-01
390 5.612240e-01 6.880000e-04 4.380880e-01
391 5.611080e-01 6.880000e-04 4.382040e-01
392 5.609720e-01 7.440000e-04 4.382840e-01
393 5.608440e-01 7.640000e-04 4.383920e-01
394 5.607080e-01 8.120000e-04 4.384800e-01
395 5.605840e-01 7.840000e-04 4.386320e-01
396 5.604640e-01 7.320000e-04 4.388040e-01
397 5.603360e-01 7.120000e-04 4.389520e-01
398 5.602040e-01 7.120000e-04 4.390840e-01
399 5.600880e-01 6.360000e-04 4.392760e-01
400 5.599520e-01 6.760000e-04 4.393720e-01
401 5.598200e-01 6.680000e-04 4.395120e-01
402 5.597080e-01 6.400000e-04 4.396520e-01
403 5.595880e-01 6.400000e-04 4.397720e-01
404 5.594400e-01 6.720000e-04 4.398880e-01
405 5.593320e-01 6.560000e-04 4.400120e-01
406 5.592160e-01 6.640000e-04 4.401200e-01
407 5.591640e-01 5.720000e-04 4.402640e-01
408 5.590560e-01 5.920000e-04 4.403520e-01
409 5.589720e-01 5.960000e-04 4.404320e-01
410 5.588400e-01 6.720000e-04 4.404880e-01
411 5.586680e-01 6.720000e-04 4.406600e-01
412 5.585320e-01 6.680000e-04 4.408000e-01
413 5.584480e-01 6.480000e-04 4.409040e-01
414 5.583800e-01 6.040000e-04 4.410160e-01
415 5.582520e-01 6.320000e-04 4.411160e-01
416 5.581560e-01 6.120000e-04 4.412320e-01
417 5.580560e-01 6.120000e-04 4.413320e-01
418 5.579120e-01 6.440000e-04 4.414440e-01
419 5.577640e-01 6.360000e-04 4.416000e-01
420 5.576360e-01 6.680000e-04 4.416960e-01
421 5.575400e-01 6.200000e-04 4.418400e-01
422 5.574120e-01 5.720000e-04 4.420160e-01
423 5.572840e-01 6.160000e-04 4.421000e-01
424 5.571840e-01 5.920000e-04 4.422240e-01
425 5.570600e-01 6.080000e-04 4.423320e-01
426 5.569760e-01 5.920000e-04 4.424320e-01
427 5.568680e-01 6.000000e-04 4.425320e-01
428 5.567480e-01 6.160000e-04 4.426360e-01
429 5.566600e-01 5.880000e-04 4.427520e-01
430 5.565560e-01 6.200000e-04 4.428240e-01
431 5.564800e-01 5.840000e-04 4.429360e-01
432 5.564000e-01 5.560000e-04 4.430440e-01
433 5.563200e-01 5.520000e-04 4.431280e-01
434 5.562400e-01 5.520000e-04 4.432080e-01
435 5.561680e-01 5.120000e-04 4.433200e-01
436 5.560880e-01 5.040000e-04 4.434080e-01
437 5.559840e-01 5.480000e-04 4.434680e-01
438 5.558360e-01 6.160000e-04 4.435480e-01
439 5.557160e-01 6.320000e-04 4.436520e-01
440 5.555920e-01 6.400000e-04 4.437680e-01
441 5.554640e-01 6.360000e-04 4.439000e-01
442 5.553280e-01 6.840000e-04 4.439880e-01
443 5.551920e-01 6.920000e-04 4.441160e-01
444 5.550520e-01 6.840000e-04 4.442640e-01
445 5.549560e-01 6.600000e-04 4.443840e-01
446 5.548080e-01 7.040000e-04 4.444880e-01
447 5.546960e-01 7.120000e-04 4.445920e-01
448 5.545720e-01 6.920000e-04 4.447360e-01
449 5.544560e-01 6.800000e-04 4.448640e-01
450 5.543240e-01 6.480000e-04 4.450280e-01
451 5.542040e-01 6.280000e-04 4.451680e-01
452 5.541120e-01 5.680000e-04 4.453200e-01
453 5.540200e-01 5.760000e-04 4.454040e-01
454 5.539480e-01 5.640000e-04 4.454880e-01
455 5.538880e-01 5.280000e-04 4.455840e-01
456 5.537960e-01 5.320000e-04 4.456720e-01
457 5.536760e-01 5.440000e-04 4.457800e-01
458 5.535400e-01 5.920000e-04 4.458680e-01
459 5.534040e-01 6.160000e-04 4.459800e-01
460 5.532880e-01 6.360000e-04 4.460760e-01
461 5.531640e-01 6.680000e-04 4.461680e-01
462 5.530280e-01 6.520000e-04 4.463200e-01
463 5.529080e-01 6.760000e-04 4.464160e-01
464 5.527760e-01 6.880000e-04 4.465360e-01
465 5.526560e-01 6.880000e-04 4.466560e-01
466 5.525600e-01 6.920000e-04 4.467480e-01
467 5.525040e-01 6.400000e-04 4.468560e-01
468 5.524040e-01 6.320000e-04 4.469640e-01
469 5.523000e-01 6.240000e-04 4.470760e-01
470 5.521920e-01 6.240000e-04 4.471840e-01
471 5.521360e-01 6.000000e-04 4.472640e-01
472 5.520400e-01 6.160000e-04 4.473440e-01
473 5.519480e-01 5.840000e-04 4.474680e-01
474 5.518640e-01 5.560000e-04 4.475800e-01
475 5.517480e-01 6.080000e-04 4.476440e-01
476 5.516520e-01 5.760000e-04 4.477720e-01
477 5.515840e-01 5.320000e-04 4.478840e-01
478 5.514600e-01 5.320000e-04 4.480080e-01
479 5.513520e-01 5.360000e-04 4.481120e-01
480 5.512320e-01 5.360000e-04 4.482320e-01
481 5.510960e-01 5.720000e-04 4.483320e-01
482 5.509720e-01 6.240000e-04 4.484040e-01
483 5.508360e-01 6.400000e-04 4.485240e-01
484 5.506920e-01 6.480000e-04 4.486600e-01
485 5.505720e-01 6.440000e-04 4.487840e-01
486 5.504200e-01 6.920000e-04 4.488880e-01
487 5.502800e-01 7.280000e-04 4.489920e-01
488 5.501560e-01 7.440000e-04 4.491000e-01
489 5.500520e-01 7.040000e-04 4.492440e-01
490 5.499560e-01 6.840000e-04 4.493600e-01
491 5.498520e-01 6.920000e-04 4.494560e-01
492 5.497600e-01 6.520000e-04 4.495880e-01
493 5.496560e-01 6.200000e-04 4.497240e-01
494 5.495600e-01 6.320000e-04 4.498080e-01
495 5.494560e-01 5.960000e-04 4.499480e-01
496 5.493320e-01 5.960000e-04 4.500720e-01
497 5.492960e-01 5.320000e-04 4.501720e-01
498 5.492320e-01 5.160000e-04 4.502520e-01
499 5.491560e-01 4.760000e-04 4.503680e-01
500 5.490800e-01 4.560000e-04 4.504640e-01
