1 9.992320e-01 7.000000e-04 6.800000e-05
2 9.986800e-01 1.124000e-03 1.960000e-04
3 9.980880e-01 1.448000e-03 4.640000e-04
4 9.972720e-01 1.904000e-03 8.240000e-04
5 9.965080e-01 2.268000e-03 1.224000e-03
6 9.956160e-01 2.780000e-03 1.604000e-03
7 9.945680e-01 3.300000e-03 2.132000e-03
8 9.934720e-01 3.812000e-03 2.716000e-03
9 9.924200e-01 4.136000e-03 3.444000e-03
10 9.912080e-01 4.580000e-03 4.212000e-03
11 9.901240e-01 4.860000e-03 5.016000e-03
12 9.891160e-01 5.000000e-03 5.884000e-03
13 9.880520e-01 5.076000e-03 6.872000e-03
14 9.869760e-01 5.232000e-03 7.792000e-03
15 9.857360e-01 5.476000e-03 8.788000e-03
16 9.844240e-01 5.780000e-03 9.796000e-03
17 9.832440e-01 5.980000e-03 1.077600e-02
18 9.819840e-01 6.176000e-03 1.184000e-02
19 9.807680e-01 6.300000e-03 1.293200e-02
20 9.794680e-01 6.480000e-03 1.405200e-02
21 9.780920e-01 6.772000e-03 1.513600e-02
22 9.766560e-01 6.916000e-03 1.642800e-02
23 9.752520e-01 7.120000e-03 1.762800e-02
24 9.738680e-01 7.272000e-03 1.886000e-02
25 9.724840e-01 7.384000e-03 2.013200e-02
26 9.709880e-01 7.628000e-03 2.138400e-02
27 9.694440e-01 7.848000e-03 2.270800e-02
28 9.678880e-01 7.968000e-03 2.414400e-02
29 9.664400e-01 8.092000e-03 2.546800e-02
30 9.648480e-01 8.304000e-03 2.684800e-02
31 9.632440e-01 8.464000e-03 2.829200e-02
32 9.618080e-01 8.372000e-03 2.982000e-02
33 9.601840e-01 8.508000e-03 3.130800e-02
34 9.585600e-01 8.540000e-03 3.290000e-02
35 9.569880e-01 8.636000e-03 3.437600e-02
36 9.555240e-01 8.624000e-03 3.585200e-02
37 9.540240e-01 8.676000e-03 3.730000e-02
38 9.524720e-01 8.736000e-03 3.879200e-02
39 9.510680e-01 8.564000e-03 4.036800e-02
40 9.496360e-01 8.592000e-03 4.177200e-02
41 9.481760e-01 8.568000e-03 4.325600e-02
42 9.465800e-01 8.668000e-03 4.475200e-02
43 9.450560e-01 8.768000e-03 4.617600e-02
44 9.436560e-01 8.696000e-03 4.764800e-02
45 9.421200e-01 8.728000e-03 4.915200e-02
46 9.405080e-01 8.708000e-03 5.078400e-02
47 9.389240e-01 8.692000e-03 5.238400e-02
48 9.372840e-01 8.788000e-03 5.392800e-02
49 9.356960e-01 8.700000e-03 5.560400e-02
50 9.340960e-01 8.784000e-03 5.712000e-02
51 9.325560e-01 8.740000e-03 5.870400e-02
52 9.309920e-01 8.680000e-03 6.032800e-02
53 9.294480e-01 8.588000e-03 6.196400e-02
54 9.279640e-01 8.628000e-03 6.340800e-02
55 9.262520e-01 8.936000e-03 6.481200e-02
56 9.245360e-01 9.068000e-03 6.639600e-02
57 9.227800e-01 9.204000e-03 6.801600e-02
58 9.212280e-01 9.000000e-03 6.977200e-02
59 9.196600e-01 9.044000e-03 7.129600e-02
60 9.180240e-01 9.148000e-03 7.282800e-02
61 9.163920e-01 9.160000e-03 7.444800e-02
62 9.147520e-01 9.276000e-03 7.597200e-02
63 9.130080e-01 9.400000e-03 7.759200e-02
64 9.114800e-01 9.224000e-03 7.929600e-02
65 9.097760e-01 9.384000e-03 8.084000e-02
66 9.081320e-01 9.340000e-03 8.252800e-02
67 9.063560e-01 9.420000e-03 8.422400e-02
68 9.046520e-01 9.408000e-03 8.594000e-02
69 9.029880e-01 9.464000e-03 8.754800e-02
70 9.012360e-01 9.468000e-03 8.929600e-02
71 8.995440e-01 9.400000e-03 9.105600e-02
72 8.978040e-01 9.552000e-03 9.264400e-02
73 8.962680e-01 9.428000e-03 9.430400e-02
74 8.945920e-01 9.456000e-03 9.595200e-02
75 8.929800e-01 9.388000e-03 9.763200e-02
76 8.914560e-01 9.248000e-03 9.929600e-02
77 8.899280e-01 9.080000e-03 1.009920e-01
78 8.883360e-01 9.220000e-03 1.024440e-01
79 8.870120e-01 8.916000e-03 1.040720e-01
80 8.854920e-01 8.892000e-03 1.056160e-01
81 8.839600e-01 8.864000e-03 1.071760e-01
82 8.823760e-01 8.820000e-03 1.088040e-01
83 8.807960e-01 8.796000e-03 1.104080e-01
84 8.793960e-01 8.716000e-03 1.118880e-01
85 8.779240e-01 8.632000e-03 1.134440e-01
86 8.765160e-01 8.568000e-03 1.149160e-01
87 8.750760e-01 8.564000e-03 1.163600e-01
88 8.735160e-01 8.676000e-03 1.178080e-01
89 8.719120e-01 8.880000e-03 1.192080e-01
90 8.703400e-01 8.872000e-03 1.207880e-01
91 8.690160e-01 8.576000e-03 1.224080e-01
92 8.676720e-01 8.536000e-03 1.237920e-01
93 8.662640e-01 8.392000e-03 1.253440e-01
94 8.649000e-01 8.404000e-03 1.266960e-01
95 8.635440e-01 8.248000e-03 1.282080e-01
96 8.621440e-01 8.028000e-03 1.298280e-01
97 8.607480e-01 8.152000e-03 1.311000e-01
98 8.593800e-01 8.036000e-03 1.325840e-01
99 8.579760e-01 8.036000e-03 1.339880e-01
100 8.565240e-01 8.100000e-03 1.353760e-01
101 8.550840e-01 8.288000e-03 1.366280e-01
102 8.536160e-01 8.304000e-03 1.380800e-01
103 8.521600e-01 8.196000e-03 1.396440e-01
104 8.507520e-01 8.096000e-03 1.411520e-01
105 8.493280e-01 8.028000e-03 1.426440e-01
106 8.478920e-01 8.032000e-03 1.440760e-01
107 8.464840e-01 8.028000e-03 1.454880e-01
108 8.450520e-01 7.944000e-03 1.470040e-01
109 8.434640e-01 8.132000e-03 1.484040e-01
110 8.421360e-01 8.008000e-03 1.498560e-01
111 8.405000e-01 8.348000e-03 1.511520e-01
112 8.390200e-01 8.328000e-03 1.526520e-01
113 8.375000e-01 8.416000e-03 1.540840e-01
114 8.359000e-01 8.464000e-03 1.556360e-01
115 8.342920e-01 8.636000e-03 1.570720e-01
116 8.327040e-01 8.644000e-03 1.586520e-01
117 8.311840e-01 8.620000e-03 1.601960e-01
118 8.297400e-01 8.520000e-03 1.617400e-01
119 8.283920e-01 8.328000e-03 1.632800e-01
120 8.270400e-01 8.152000e-03 1.648080e-01
121 8.256040e-01 8.176000e-03 1.662200e-01
122 8.243840e-01 7.996000e-03 1.676200e-01
123 8.229560e-01 8.136000e-03 1.689080e-01
124 8.216800e-01 7.924000e-03 1.703960e-01
125 8.203680e-01 7.760000e-03 1.718720e-01
126 8.191680e-01 7.736000e-03 1.730960e-01
127 8.178760e-01 7.740000e-03 1.743840e-01
128 8.167880e-01 7.596000e-03 1.756160e-01
129 8.156480e-01 7.540000e-03 1.768120e-01
130 8.145200e-01 7.452000e-03 1.780280e-01
131 8.133440e-01 7.256000e-03 1.794000e-01
132 8.122000e-01 7.012000e-03 1.807880e-01
133 8.109320e-01 7.048000e-03 1.820200e-01
134 8.096360e-01 7.052000e-03 1.833120e-01
135 8.082880e-01 7.232000e-03 1.844800e-01
136 8.069920e-01 7.328000e-03 1.856800e-01
137 8.057080e-01 7.380000e-03 1.869120e-01
138 8.043640e-01 7.468000e-03 1.881680e-01
139 8.030640e-01 7.480000e-03 1.894560e-01
140 8.017560e-01 7.412000e-03 1.908320e-01
141 8.005240e-01 7.448000e-03 1.920280e-01
142 7.991320e-01 7.556000e-03 1.933120e-01
143 7.978960e-01 7.468000e-03 1.946360e-01
144 7.964440e-01 7.624000e-03 1.959320e-01
145 7.952000e-01 7.588000e-03 1.972120e-01
146 7.939720e-01 7.524000e-03 1.985040e-01
147 7.928640e-01 7.316000e-03 1.998200e-01
148 7.917320e-01 7.168000e-03 2.011000e-01
149 7.906120e-01 7.084000e-03 2.023040e-01
150 7.895040e-01 7.020000e-03 2.034760e-01
151 7.884360e-01 6.868000e-03 2.046960e-01
152 7.873320e-01 6.736000e-03 2.059320e-01
153 7.862560e-01 6.620000e-03 2.071240e-01
154 7.850800e-01 6.628000e-03 2.082920e-01
155 7.840320e-01 6.524000e-03 2.094440e-01
156 7.827560e-01 6.604000e-03 2.106400e-01
157 7.815920e-01 6.612000e-03 2.117960e-01
158 7.804000e-01 6.740000e-03 2.128600e-01
159 7.792240e-01 6.640000e-03 2.141360e-01
160 7.782480e-01 6.448000e-03 2.153040e-01
161 7.772960e-01 6.344000e-03 2.163600e-01
162 7.763480e-01 6.284000e-03 2.173680e-01
163 7.753200e-01 6.188000e-03 2.184920e-01
164 7.743360e-01 6.124000e-03 2.195400e-01
165 7.734000e-01 5.964000e-03 2.206360e-01
166 7.725880e-01 5.776000e-03 2.216360e-01
167 7.716880e-01 5.668000e-03 2.226440e-01
168 7.707120e-01 5.684000e-03 2.236040e-01
169 7.697880e-01 5.632000e-03 2.245800e-01
170 7.688960e-01 5.476000e-03 2.256280e-01
171 7.679480e-01 5.432000e-03 2.266200e-01
172 7.670920e-01 5.360000e-03 2.275480e-01
173 7.662160e-01 5.360000e-03 2.284240e-01
174 7.654720e-01 5.232000e-03 2.292960e-01
175 7.646440e-01 5.060000e-03 2.302960e-01
176 7.638920e-01 4.904000e-03 2.312040e-01
177 7.631080e-01 4.816000e-03 2.320760e-01
178 7.623040e-01 4.744000e-03 2.329520e-01
179 7.614560e-01 4.824000e-03 2.337200e-01
180 7.607160e-01 4.676000e-03 2.346080e-01
181 7.598680e-01 4.676000e-03 2.354560e-01
182 7.589960e-01 4.712000e-03 2.362920e-01
183 7.580760e-01 4.832000e-03 2.370920e-01
184 7.573360e-01 4.652000e-03 2.380120e-01
185 7.564800e-01 4.676000e-03 2.388440e-01
186 7.557240e-01 4.632000e-03 2.396440e-01
187 7.549240e-01 4.620000e-03 2.404560e-01
188 7.540520e-01 4.756000e-03 2.411920e-01
189 7.531840e-01 4.804000e-03 2.420120e-01
190 7.523760e-01 4.860000e-03 2.427640e-01
191 7.515360e-01 4.904000e-03 2.435600e-01
192 7.507000e-01 4.808000e-03 2.444920e-01
193 7.498320e-01 4.880000e-03 2.452880e-01
194 7.489800e-01 4.848000e-03 2.461720e-01
195 7.480760e-01 4.956000e-03 2.469680e-01
196 7.472200e-01 4.908000e-03 2.478720e-01
197 7.463480e-01 4.992000e-03 2.486600e-01
198 7.453880e-01 5.128000e-03 2.494840e-01
199 7.445480e-01 5.080000e-03 2.503720e-01
200 7.435680e-01 5.240000e-03 2.511920e-01
201 7.425600e-01 5.328000e-03 2.521120e-01
202 7.416880e-01 5.256000e-03 2.530560e-01
203 7.408120e-01 5.204000e-03 2.539840e-01
204 7.399760e-01 5.176000e-03 2.548480e-01
205 7.390960e-01 5.132000e-03 2.557720e-01
206 7.382720e-01 5.028000e-03 2.567000e-01
207 7.375080e-01 5.004000e-03 2.574880e-01
208 7.367720e-01 4.872000e-03 2.583560e-01
209 7.359920e-01 4.776000e-03 2.592320e-01
210 7.352400e-01 4.684000e-03 2.600760e-01
211 7.345000e-01 4.684000e-03 2.608160e-01
212 7.336400e-01 4.724000e-03 2.616360e-01
213 7.328480e-01 4.788000e-03 2.623640e-01
214 7.321080e-01 4.692000e-03 2.632000e-01
215 7.313360e-01 4.704000e-03 2.639600e-01
216 7.304800e-01 4.712000e-03 2.648080e-01
217 7.296200e-01 4.780000e-03 2.656000e-01
218 7.288080e-01 4.756000e-03 2.664360e-01
219 7.280240e-01 4.784000e-03 2.671920e-01
220 7.271640e-01 4.852000e-03 2.679840e-01
221 7.262200e-01 5.040000e-03 2.687400e-01
222 7.252640e-01 5.160000e-03 2.695760e-01
223 7.244480e-01 5.100000e-03 2.704520e-01
224 7.236200e-01 4.980000e-03 2.714000e-01
225 7.226800e-01 4.988000e-03 2.723320e-01
226 7.217920e-01 5.096000e-03 2.731120e-01
227 7.209520e-01 5.012000e-03 2.740360e-01
228 7.201200e-01 4.968000e-03 2.749120e-01
229 7.193760e-01 4.872000e-03 2.757520e-01
230 7.186200e-01 4.644000e-03 2.767360e-01
231 7.177680e-01 4.632000e-03 2.776000e-01
232 7.169040e-01 4.672000e-03 2.784240e-01
233 7.160600e-01 4.676000e-03 2.792640e-01
234 7.151960e-01 4.788000e-03 2.800160e-01
235 7.144080e-01 4.708000e-03 2.808840e-01
236 7.135800e-01 4.788000e-03 2.816320e-01
237 7.128400e-01 4.652000e-03 2.825080e-01
238 7.119560e-01 4.748000e-03 2.832960e-01
239 7.112400e-01 4.680000e-03 2.840800e-01
240 7.105600e-01 4.516000e-03 2.849240e-01
241 7.098280e-01 4.416000e-03 2.857560e-01
242 7.091360e-01 4.364000e-03 2.865000e-01
243 7.084240e-01 4.360000e-03 2.872160e-01
244 7.077960e-01 4.220000e-03 2.879840e-01
245 7.069640e-01 4.332000e-03 2.887040e-01
246 7.062520e-01 4.280000e-03 2.894680e-01
247 7.054080e-01 4.348000e-03 2.902440e-01
248 7.045880e-01 4.304000e-03 2.911080e-01
249 7.038160e-01 4.288000e-03 2.918960e-01
250 7.031120e-01 4.212000e-03 2.926760e-01
251 7.023400e-01 4.320000e-03 2.933400e-01
252 7.016680e-01 4.240000e-03 2.940920e-01
253 7.008680e-01 4.340000e-03 2.947920e-01
254 7.001600e-01 4.288000e-03 2.955520e-01
255 6.993920e-01 4.228000e-03 2.963800e-01
256 6.987480e-01 4.096000e-03 2.971560e-01
257 6.981080e-01 3.984000e-03 2.979080e-01
258 6.973640e-01 4.084000e-03 2.985520e-01
259 6.966560e-01 4.032000e-03 2.993120e-01
260 6.960360e-01 3.948000e-03 3.000160e-01
261 6.953840e-01 3.860000e-03 3.007560e-01
262 6.946840e-01 3.840000e-03 3.014760e-01
263 6.939640e-01 3.896000e-03 3.021400e-01
264 6.934560e-01 3.768000e-03 3.027760e-01
265 6.929240e-01 3.652000e-03 3.034240e-01
266 6.923960e-01 3.460000e-03 3.041440e-01
267 6.919360e-01 3.324000e-03 3.047400e-01
268 6.913720e-01 3.244000e-03 3.053840e-01
269 6.908680e-01 3.236000e-03 3.058960e-01
270 6.904280e-01 3.128000e-03 3.064440e-01
271 6.898640e-01 3.172000e-03 3.069640e-01
272 6.893760e-01 3.016000e-03 3.076080e-01
273 6.889760e-01 2.928000e-03 3.080960e-01
274 6.885680e-01 2.796000e-03 3.086360e-01
275 6.880200e-01 2.820000e-03 3.091600e-01
276 6.875320e-01 2.820000e-03 3.096480e-01
277 6.870520e-01 2.768000e-03 3.101800e-01
278 6.864440e-01 2.936000e-03 3.106200e-01
279 6.859560e-01 2.928000e-03 3.111160e-01
280 6.854760e-01 2.920000e-03 3.116040e-01
281 6.849560e-01 2.900000e-03 3.121440e-01
282 6.843800e-01 3.036000e-03 3.125840e-01
283 6.836600e-01 3.252000e-03 3.130880e-01
284 6.830920e-01 3.244000e-03 3.136640e-01
285 6.824840e-01 3.268000e-03 3.142480e-01
286 6.818480e-01 3.324000e-03 3.148280e-01
287 6.812800e-01 3.264000e-03 3.154560e-01
288 6.807600e-01 3.256000e-03 3.159840e-01
289 6.802720e-01 3.200000e-03 3.165280e-01
290 6.798360e-01 3.036000e-03 3.171280e-01
291 6.793840e-01 2.852000e-03 3.177640e-01
292 6.788320e-01 2.912000e-03 3.182560e-01
293 6.783560e-01 2.840000e-03 3.188040e-01
294 6.778960e-01 2.788000e-03 3.193160e-01
295 6.774160e-01 2.808000e-03 3.197760e-01
296 6.769840e-01 2.748000e-03 3.202680e-01
297 6.765000e-01 2.756000e-03 3.207440e-01
298 6.760840e-01 2.696000e-03 3.212200e-01
299 6.757040e-01 2.636000e-03 3.216600e-01
300 6.753280e-01 2.544000e-03 3.221280e-01
301 6.749040e-01 2.584000e-03 3.225120e-01
302 6.745000e-01 2.572000e-03 3.229280e-01
303 6.740160e-01 2.588000e-03 3.233960e-01
304 6.736120e-01 2.512000e-03 3.238760e-01
305 6.732400e-01 2.416000e-03 3.243440e-01
306 6.728920e-01 2.392000e-03 3.247160e-01
307 6.724680e-01 2.416000e-03 3.251160e-01
308 6.720240e-01 2.424000e-03 3.255520e-01
309 6.716520e-01 2.368000e-03 3.259800e-01
310 6.712080e-01 2.444000e-03 3.263480e-01
311 6.707680e-01 2.448000e-03 3.267840e-01
312 6.704040e-01 2.340000e-03 3.272560e-01
313 6.699720e-01 2.356000e-03 3.276720e-01
314 6.695920e-01 2.324000e-03 3.280840e-01
315 6.691920e-01 2.372000e-03 3.284360e-01
316 6.687480e-01 2.392000e-03 3.288600e-01
317 6.683800e-01 2.380000e-03 3.292400e-01
318 6.679360e-01 2.376000e-03 3.296880e-01
319 6.675240e-01 2.404000e-03 3.300720e-01
320 6.671080e-01 2.472000e-03 3.304200e-01
321 6.666360e-01 2.524000e-03 3.308400e-01
322 6.661680e-01 2.592000e-03 3.312400e-01
323 6.656920e-01 2.548000e-03 3.317600e-01
324 6.652680e-01 2.524000e-03 3.322080e-01
325 6.648000e-01 2.492000e-03 3.327080e-01
326 6.643320e-01 2.528000e-03 3.331400e-01
327 6.637280e-01 2.748000e-03 3.335240e-01
328 6.632560e-01 2.720000e-03 3.340240e-01
329 6.627680e-01 2.792000e-03 3.344400e-01
330 6.623000e-01 2.692000e-03 3.350080e-01
331 6.618240e-01 2.628000e-03 3.355480e-01
332 6.613800e-01 2.636000e-03 3.359840e-01
333 6.609400e-01 2.644000e-03 3.364160e-01
334 6.605480e-01 2.580000e-03 3.368720e-01
335 6.601200e-01 2.532000e-03 3.373480e-01
336 6.596960e-01 2.556000e-03 3.377480e-01
337 6.592640e-01 2.568000e-03 3.381680e-01
338 6.588760e-01 2.416000e-03 3.387080e-01
339 6.585160e-01 2.420000e-03 3.390640e-01
340 6.582080e-01 2.296000e-03 3.394960e-01
341 6.577640e-01 2.284000e-03 3.399520e-01
342 6.574400e-01 2.252000e-03 3.403080e-01
343 6.571120e-01 2.188000e-03 3.407000e-01
344 6.567240e-01 2.176000e-03 3.411000e-01
345 6.563680e-01 2.164000e-03 3.414680e-01
346 6.560120e-01 2.172000e-03 3.418160e-01
347 6.556000e-01 2.300000e-03 3.421000e-01
348 6.552400e-01 2.264000e-03 3.424960e-01
349 6.547600e-01 2.336000e-03 3.429040e-01
350 6.543760e-01 2.236000e-03 3.433880e-01
351 6.540120e-01 2.136000e-03 3.438520e-01
352 6.536160e-01 2.212000e-03 3.441720e-01
353 6.532440e-01 2.188000e-03 3.445680e-01
354 6.527360e-01 2.388000e-03 3.448760e-01
355 6.522960e-01 2.336000e-03 3.453680e-01
356 6.517800e-01 2.440000e-03 3.457800e-01
357 6.513320e-01 2.496000e-03 3.461720e-01
358 6.508680e-01 2.556000e-03 3.465760e-01
359 6.504320e-01 2.556000e-03 3.470120e-01
360 6.499920e-01 2.564000e-03 3.474440e-01
361 6.495400e-01 2.568000e-03 3.478920e-01
362 6.490840e-01 2.616000e-03 3.483000e-01
363 6.486840e-01 2.600000e-03 3.487160e-01
364 6.482280e-01 2.572000e-03 3.492000e-01
365 6.479120e-01 2.360000e-03 3.497280e-01
366 6.476280e-01 2.260000e-03 3.501120e-01
367 6.473320e-01 2.148000e-03 3.505200e-01
368 6.469760e-01 2.180000e-03 3.508440e-01
369 6.466920e-01 2.088000e-03 3.512200e-01
370 6.464200e-01 1.992000e-03 3.515880e-01
371 6.461680e-01 1.912000e-03 3.519200e-01
372 6.459400e-01 1.748000e-03 3.523120e-01
373 6.457280e-01 1.612000e-03 3.526600e-01
374 6.455280e-01 1.500000e-03 3.529720e-01
375 6.453400e-01 1.448000e-03 3.532120e-01
376 6.450960e-01 1.416000e-03 3.534880e-01
377 6.448960e-01 1.400000e-03 3.537040e-01
378 6.446920e-01 1.328000e-03 3.539800e-01
379 6.445680e-01 1.220000e-03 3.542120e-01
380 6.443800e-01 1.196000e-03 3.544240e-01
381 6.441560e-01 1.164000e-03 3.546800e-01
382 6.439640e-01 1.152000e-03 3.548840e-01
383 6.437760e-01 1.132000e-03 3.550920e-01
384 6.435040e-01 1.164000e-03 3.553320e-01
385 6.433000e-01 1.180000e-03 3.555200e-01
386 6.430160e-01 1.224000e-03 3.557600e-01
387 6.427080e-01 1.312000e-03 3.559800e-01
388 6.424760e-01 1.368000e-03 3.561560e-01
389 6.422240e-01 1.376000e-03 3.564000e-01
390 6.420080e-01 1.320000e-03 3.566720e-01
391 6.418000e-01 1.324000e-03 3.568760e-01
392 6.415680e-01 1.312000e-03 3.571200e-01
393 6.413640e-01 1.280000e-03 3.573560e-01
394 6.411680e-01 1.244000e-03 3.575880e-01
395 6.409880e-01 1.192000e-03 3.578200e-01
396 6.408360e-01 1.144000e-03 3.580200e-01
397 6.406600e-01 1.136000e-03 3.582040e-01
398 6.405160e-01 1.084000e-03 3.584000e-01
399 6.403800e-01 1.036000e-03 3.585840e-01
400 6.401520e-01 1.112000e-03 3.587360e-01
401 6.399600e-01 1.128000e-03 3.589120e-01
402 6.397360e-01 1.100000e-03 3.591640e-01
403 6.395480e-01 1.072000e-03 3.593800e-01
404 6.393720e-01 1.032000e-03 3.595960e-01
405 6.391760e-01 1.044000e-03 3.597800e-01
406 6.390200e-01 1.000000e-03 3.599800e-01
407 6.389240e-01 9.120000e-04 3.601640e-01
408 6.387880e-01 8.800000e-04 3.603320e-01
409 6.386840e-01 8.040000e-04 3.605120e-01
410 6.385880e-01 7.880000e-04 3.606240e-01
411 6.384520e-01 7.720000e-04 3.607760e-01
412 6.383320e-01 7.480000e-04 3.609200e-01
413 6.382320e-01 7.080000e-04 3.610600e-01
414 6.381400e-01 6.520000e-04 3.612080e-01
415 6.380360e-01 6.440000e-04 3.613200e-01
416 6.379080e-01 6.840000e-04 3.614080e-01
417 6.377840e-01 7.160000e-04 3.615000e-01
418 6.376560e-01 7.120000e-04 3.616320e-01
419 6.375080e-01 7.200000e-04 3.617720e-01
420 6.373720e-01 7.560000e-04 3.618720e-01
421 6.372320e-01 7.920000e-04 3.619760e-01
422 6.371360e-01 7.280000e-04 3.621360e-01
423 6.370360e-01 7.360000e-04 3.622280e-01
424 6.369280e-01 7.160000e-04 3.623560e-01
425 6.367680e-01 7.640000e-04 3.624680e-01
426 6.366400e-01 7.360000e-04 3.626240e-01
427 6.365360e-01 7.280000e-04 3.627360e-01
428 6.363960e-01 7.680000e-04 3.628360e-01
429 6.362040e-01 8.480000e-04 3.629480e-01
430 6.360400e-01 8.800000e-04 3.630800e-01
431 6.358480e-01 9.320000e-04 3.632200e-01
432 6.356840e-01 9.400000e-04 3.633760e-01
433 6.354520e-01 1.012000e-03 3.635360e-01
434 6.352560e-01 1.024000e-03 3.637200e-01
435 6.350520e-01 1.024000e-03 3.639240e-01
436 6.348600e-01 1.048000e-03 3.640920e-01
437 6.346480e-01 1.044000e-03 3.643080e-01
438 6.345000e-01 1.072000e-03 3.644280e-01
439 6.343040e-01 1.100000e-03 3.645960e-01
440 6.341360e-01 1.052000e-03 3.648120e-01
441 6.339800e-01 1.016000e-03 3.650040e-01
442 6.338480e-01 9.920000e-04 3.651600e-01
443 6.336840e-01 9.720000e-04 3.653440e-01
444 6.335520e-01 9.680000e-04 3.654800e-01
445 6.334000e-01 9.760000e-04 3.656240e-01
446 6.332960e-01 9.000000e-04 3.658040e-01
447 6.331600e-01 9.200000e-04 3.659200e-01
448 6.330120e-01 9.040000e-04 3.660840e-01
449 6.329160e-01 8.400000e-04 3.662440e-01
450 6.327360e-01 9.000000e-04 3.663640e-01
451 6.326000e-01 8.600000e-04 3.665400e-01
452 6.324880e-01 8.240000e-04 3.666880e-01
453 6.323720e-01 8.280000e-04 3.668000e-01
454 6.322320e-01 8.280000e-04 3.669400e-01
455 6.320920e-01 7.920000e-04 3.671160e-01
456 6.319400e-01 8.000000e-04 3.672600e-01
457 6.317360e-01 8.520000e-04 3.674120e-01
458 6.315200e-01 9.080000e-04 3.675720e-01
459 6.313480e-01 9.480000e-04 3.677040e-01
460 6.312040e-01 9.160000e-04 3.678800e-01
461 6.310000e-01 9.600000e-04 3.680400e-01
462 6.308160e-01 9.560000e-04 3.682280e-01
463 6.306160e-01 1.008000e-03 3.683760e-01
464 6.304520e-01 1.032000e-03 3.685160e-01
465 6.303360e-01 9.480000e-04 3.687160e-01
466 6.301280e-01 9.640000e-04 3.689080e-01
467 6.298920e-01 1.012000e-03 3.690960e-01
468 6.297120e-01 1.008000e-03 3.692800e-01
469 6.295400e-01 9.760000e-04 3.694840e-01
470 6.293720e-01 9.840000e-04 3.696440e-01
471 6.292640e-01 8.960000e-04 3.698400e-01
472 6.291120e-01 8.840000e-04 3.700040e-01
473 6.290240e-01 7.600000e-04 3.702160e-01
474 6.289400e-01 6.840000e-04 3.703760e-01
475 6.288200e-01 7.000000e-04 3.704800e-01
476 6.286960e-01 7.120000e-04 3.705920e-01
477 6.285640e-01 7.240000e-04 3.707120e-01
478 6.284480e-01 6.640000e-04 3.708880e-01
479 6.283160e-01 7.000000e-04 3.709840e-01
480 6.281760e-01 6.800000e-04 3.711440e-01
481 6.280360e-01 6.840000e-04 3.712800e-01
482 6.278680e-01 7.120000e-04 3.714200e-01
483 6.277080e-01 7.600000e-04 3.715320e-01
484 6.275800e-01 7.720000e-04 3.716480e-01
485 6.274440e-01 7.760000e-04 3.717800e-01
486 6.273240e-01 7.480000e-04 3.719280e-01
487 6.271920e-01 7.360000e-04 3.720720e-01
488 6.270720e-01 7.360000e-04 3.721920e-01
489 6.269600e-01 7.360000e-04 3.723040e-01
490 6.268680e-01 6.760000e-04 3.724560e-01
491 6.267280e-01 7.080000e-04 3.725640e-01
492 6.265840e-01 7.160000e-04 3.727000e-01
493 6.264560e-01 7.400000e-04 3.728040e-01
494 6.262920e-01 7.480000e-04 3.729600e-01
495 6.261560e-01 7.440000e-04 3.731000e-01
496 6.258960e-01 8.640000e-04 3.732400e-01
497 6.257440e-01 8.320000e-04 3.734240e-01
498 6.255640e-01 8.760000e-04 3.735600e-01
499 6.254160e-01 8.440000e-04 3.737400e-01
500 6.252600e-01 8.600000e-04 3.738800e-01
