1 9.991960e-01 7.160000e-04 8.800000e-05
2 9.986320e-01 1.124000e-03 2.440000e-04
3 9.978640e-01 1.612000e-03 5.240000e-04
4 9.971320e-01 2.036000e-03 8.320000e-04
5 9.962880e-01 2.508000e-03 1.204000e-03
6 9.954400e-01 2.816000e-03 1.744000e-03
7 9.944560e-01 3.216000e-03 2.328000e-03
8 9.935760e-01 3.460000e-03 2.964000e-03
9 9.925800e-01 3.820000e-03 3.600000e-03
10 9.916360e-01 4.088000e-03 4.276000e-03
11 9.906760e-01 4.412000e-03 4.912000e-03
12 9.896240e-01 4.632000e-03 5.744000e-03
13 9.884480e-01 4.856000e-03 6.696000e-03
14 9.872040e-01 5.216000e-03 7.580000e-03
15 9.858160e-01 5.604000e-03 8.580000e-03
16 9.844840e-01 5.960000e-03 9.556000e-03
17 9.831480e-01 6.312000e-03 1.054000e-02
18 9.818280e-01 6.528000e-03 1.164400e-02
19 9.804840e-01 6.696000e-03 1.282000e-02
20 9.791480e-01 6.864000e-03 1.398800e-02
21 9.778720e-01 6.848000e-03 1.528000e-02
22 9.763720e-01 7.064000e-03 1.656400e-02
23 9.748040e-01 7.392000e-03 1.780400e-02
24 9.732000e-01 7.580000e-03 1.922000e-02
25 9.715400e-01 7.784000e-03 2.067600e-02
26 9.699680e-01 8.056000e-03 2.197600e-02
27 9.681240e-01 8.508000e-03 2.336800e-02
28 9.665120e-01 8.668000e-03 2.482000e-02
29 9.646360e-01 9.012000e-03 2.635200e-02
30 9.629240e-01 9.212000e-03 2.786400e-02
31 9.612200e-01 9.292000e-03 2.948800e-02
32 9.595280e-01 9.272000e-03 3.120000e-02
33 9.579840e-01 9.192000e-03 3.282400e-02
34 9.563440e-01 9.104000e-03 3.455200e-02
35 9.545320e-01 9.252000e-03 3.621600e-02
36 9.528320e-01 9.336000e-03 3.783200e-02
37 9.510880e-01 9.508000e-03 3.940400e-02
38 9.494520e-01 9.492000e-03 4.105600e-02
39 9.477240e-01 9.604000e-03 4.267200e-02
40 9.462040e-01 9.424000e-03 4.437200e-02
41 9.445760e-01 9.472000e-03 4.595200e-02
42 9.428680e-01 9.560000e-03 4.757200e-02
43 9.410560e-01 9.656000e-03 4.928800e-02
44 9.394840e-01 9.568000e-03 5.094800e-02
45 9.377880e-01 9.592000e-03 5.262000e-02
46 9.359040e-01 9.680000e-03 5.441600e-02
47 9.341080e-01 9.712000e-03 5.618000e-02
48 9.323200e-01 9.756000e-03 5.792400e-02
49 9.306080e-01 9.908000e-03 5.948400e-02
50 9.288840e-01 9.832000e-03 6.128400e-02
51 9.271000e-01 9.844000e-03 6.305600e-02
52 9.251880e-01 1.001600e-02 6.479600e-02
53 9.233480e-01 1.014000e-02 6.651200e-02
54 9.214160e-01 1.028400e-02 6.830000e-02
55 9.195240e-01 1.049200e-02 6.998400e-02
56 9.176840e-01 1.050400e-02 7.181200e-02
57 9.157240e-01 1.069600e-02 7.358000e-02
58 9.138680e-01 1.065200e-02 7.548000e-02
59 9.120160e-01 1.065600e-02 7.732800e-02
60 9.101040e-01 1.068400e-02 7.921200e-02
61 9.080680e-01 1.074800e-02 8.118400e-02
62 9.061440e-01 1.084800e-02 8.300800e-02
63 9.041840e-01 1.081600e-02 8.500000e-02
64 9.022920e-01 1.088400e-02 8.682400e-02
65 9.002760e-01 1.107200e-02 8.865200e-02
66 8.982440e-01 1.110000e-02 9.065600e-02
67 8.961760e-01 1.134400e-02 9.248000e-02
68 8.940440e-01 1.145200e-02 9.450400e-02
69 8.921200e-01 1.127600e-02 9.660400e-02
70 8.902680e-01 1.109600e-02 9.863600e-02
71 8.884360e-01 1.096800e-02 1.005960e-01
72 8.865760e-01 1.072400e-02 1.027000e-01
73 8.848920e-01 1.060800e-02 1.045000e-01
74 8.831120e-01 1.056000e-02 1.063280e-01
75 8.813480e-01 1.053200e-02 1.081200e-01
76 8.794760e-01 1.060800e-02 1.099160e-01
77 8.775840e-01 1.055600e-02 1.118600e-01
78 8.755680e-01 1.072000e-02 1.137120e-01
79 8.735880e-01 1.076800e-02 1.156440e-01
80 8.716480e-01 1.084000e-02 1.175120e-01
81 8.698000e-01 1.066000e-02 1.195400e-01
82 8.679480e-01 1.057200e-02 1.214800e-01
83 8.662800e-01 1.036000e-02 1.233600e-01
84 8.644840e-01 1.026000e-02 1.252560e-01
85 8.628440e-01 1.001200e-02 1.271440e-01
86 8.610480e-01 1.005600e-02 1.288960e-01
87 8.593240e-01 9.988000e-03 1.306880e-01
88 8.575120e-01 9.992000e-03 1.324960e-01
89 8.556360e-01 1.018800e-02 1.341760e-01
90 8.538280e-01 1.025600e-02 1.359160e-01
91 8.519840e-01 1.041600e-02 1.376000e-01
92 8.500520e-01 1.045600e-02 1.394920e-01
93 8.482360e-01 1.039200e-02 1.413720e-01
94 8.463320e-01 1.053600e-02 1.431320e-01
95 8.445480e-01 1.047600e-02 1.449760e-01
96 8.426480e-01 1.043200e-02 1.469200e-01
97 8.407720e-01 1.042400e-02 1.488040e-01
98 8.388200e-01 1.052800e-02 1.506520e-01
99 8.368760e-01 1.069200e-02 1.524320e-01
100 8.349960e-01 1.072800e-02 1.542760e-01
101 8.331600e-01 1.053200e-02 1.563080e-01
102 8.313320e-01 1.034000e-02 1.583280e-01
103 8.295280e-01 1.028800e-02 1.601840e-01
104 8.276480e-01 1.024400e-02 1.621080e-01
105 8.260920e-01 9.884000e-03 1.640240e-01
106 8.244600e-01 9.772000e-03 1.657680e-01
107 8.227560e-01 9.848000e-03 1.673960e-01
108 8.211280e-01 9.828000e-03 1.690440e-01
109 8.195240e-01 9.728000e-03 1.707480e-01
110 8.177760e-01 9.816000e-03 1.724080e-01
111 8.162200e-01 9.640000e-03 1.741400e-01
112 8.146560e-01 9.584000e-03 1.757600e-01
113 8.131920e-01 9.416000e-03 1.773920e-01
114 8.116960e-01 9.308000e-03 1.789960e-01
115 8.100920e-01 9.336000e-03 1.805720e-01
116 8.084960e-01 9.352000e-03 1.821520e-01
117 8.068520e-01 9.496000e-03 1.836520e-01
118 8.052320e-01 9.540000e-03 1.852280e-01
119 8.034600e-01 9.716000e-03 1.868240e-01
120 8.017440e-01 9.780000e-03 1.884760e-01
121 8.000280e-01 9.788000e-03 1.901840e-01
122 7.984880e-01 9.640000e-03 1.918720e-01
123 7.968240e-01 9.516000e-03 1.936600e-01
124 7.952840e-01 9.404000e-03 1.953120e-01
125 7.937800e-01 9.304000e-03 1.969160e-01
126 7.922040e-01 9.312000e-03 1.984840e-01
127 7.904760e-01 9.364000e-03 2.001600e-01
128 7.890000e-01 9.216000e-03 2.017840e-01
129 7.875200e-01 9.232000e-03 2.032480e-01
130 7.858520e-01 9.424000e-03 2.047240e-01
131 7.842600e-01 9.516000e-03 2.062240e-01
132 7.825160e-01 9.708000e-03 2.077760e-01
133 7.809120e-01 9.552000e-03 2.095360e-01
134 7.791400e-01 9.620000e-03 2.112400e-01
135 7.775000e-01 9.560000e-03 2.129400e-01
136 7.759800e-01 9.408000e-03 2.146120e-01
137 7.744240e-01 9.408000e-03 2.161680e-01
138 7.728560e-01 9.272000e-03 2.178720e-01
139 7.713920e-01 9.196000e-03 2.194120e-01
140 7.697600e-01 9.176000e-03 2.210640e-01
141 7.681000e-01 9.168000e-03 2.227320e-01
142 7.665160e-01 9.280000e-03 2.242040e-01
143 7.649080e-01 9.228000e-03 2.258640e-01
144 7.633480e-01 9.164000e-03 2.274880e-01
145 7.617760e-01 9.080000e-03 2.291440e-01
146 7.600720e-01 9.264000e-03 2.306640e-01
147 7.583480e-01 9.344000e-03 2.323080e-01
148 7.565400e-01 9.584000e-03 2.338760e-01
149 7.546600e-01 9.564000e-03 2.357760e-01
150 7.529200e-01 9.592000e-03 2.374880e-01
151 7.513520e-01 9.564000e-03 2.390840e-01
152 7.497400e-01 9.556000e-03 2.407040e-01
153 7.479520e-01 9.764000e-03 2.422840e-01
154 7.463000e-01 9.808000e-03 2.438920e-01
155 7.448280e-01 9.444000e-03 2.457280e-01
156 7.433280e-01 9.272000e-03 2.474000e-01
157 7.419000e-01 8.992000e-03 2.491080e-01
158 7.404040e-01 8.868000e-03 2.507280e-01
159 7.390960e-01 8.584000e-03 2.523200e-01
160 7.377440e-01 8.504000e-03 2.537520e-01
161 7.363800e-01 8.484000e-03 2.551360e-01
162 7.349800e-01 8.416000e-03 2.566040e-01
163 7.336560e-01 8.340000e-03 2.580040e-01
164 7.323680e-01 8.000000e-03 2.596320e-01
165 7.310080e-01 8.088000e-03 2.609040e-01
166 7.295960e-01 7.948000e-03 2.624560e-01
167 7.283480e-01 7.816000e-03 2.638360e-01
168 7.272040e-01 7.616000e-03 2.651800e-01
169 7.257760e-01 7.716000e-03 2.665080e-01
170 7.244160e-01 7.660000e-03 2.679240e-01
171 7.232560e-01 7.484000e-03 2.692600e-01
172 7.219160e-01 7.448000e-03 2.706360e-01
173 7.206320e-01 7.356000e-03 2.720120e-01
174 7.194720e-01 7.224000e-03 2.733040e-01
175 7.183080e-01 7.100000e-03 2.745920e-01
176 7.169640e-01 7.256000e-03 2.757800e-01
177 7.157720e-01 7.128000e-03 2.771000e-01
178 7.145320e-01 7.156000e-03 2.783120e-01
179 7.132960e-01 7.156000e-03 2.795480e-01
180 7.120840e-01 7.064000e-03 2.808520e-01
181 7.108520e-01 6.912000e-03 2.822360e-01
182 7.097480e-01 6.772000e-03 2.834800e-01
183 7.087520e-01 6.564000e-03 2.846840e-01
184 7.076600e-01 6.548000e-03 2.857920e-01
185 7.065640e-01 6.508000e-03 2.869280e-01
186 7.053760e-01 6.540000e-03 2.880840e-01
187 7.042000e-01 6.576000e-03 2.892240e-01
188 7.029200e-01 6.644000e-03 2.904360e-01
189 7.016160e-01 6.744000e-03 2.916400e-01
190 7.004560e-01 6.748000e-03 2.927960e-01
191 6.992400e-01 6.644000e-03 2.941160e-01
192 6.981400e-01 6.592000e-03 2.952680e-01
193 6.970440e-01 6.556000e-03 2.964000e-01
194 6.958400e-01 6.708000e-03 2.974520e-01
195 6.944600e-01 6.996000e-03 2.985440e-01
196 6.931000e-01 7.188000e-03 2.997120e-01
197 6.917200e-01 7.468000e-03 3.008120e-01
198 6.904440e-01 7.444000e-03 3.021120e-01
199 6.892040e-01 7.468000e-03 3.033280e-01
200 6.880680e-01 7.324000e-03 3.046080e-01
201 6.867800e-01 7.224000e-03 3.059960e-01
202 6.854120e-01 7.256000e-03 3.073320e-01
203 6.842320e-01 7.268000e-03 3.085000e-01
204 6.829840e-01 7.116000e-03 3.099000e-01
205 6.817240e-01 7.136000e-03 3.111400e-01
206 6.804840e-01 7.196000e-03 3.123200e-01
207 6.792480e-01 7.184000e-03 3.135680e-01
208 6.779160e-01 7.320000e-03 3.147640e-01
209 6.767200e-01 7.244000e-03 3.160360e-01
210 6.754800e-01 7.244000e-03 3.172760e-01
211 6.742120e-01 7.324000e-03 3.184640e-01
212 6.729600e-01 7.140000e-03 3.199000e-01
213 6.717960e-01 7.044000e-03 3.211600e-01
214 6.706520e-01 7.004000e-03 3.223440e-01
215 6.696240e-01 6.696000e-03 3.236800e-01
216 6.684480e-01 6.524000e-03 3.250280e-01
217 6.673320e-01 6.528000e-03 3.261400e-01
218 6.662720e-01 6.540000e-03 3.271880e-01
219 6.651760e-01 6.472000e-03 3.283520e-01
220 6.640560e-01 6.444000e-03 3.295000e-01
221 6.627760e-01 6.464000e-03 3.307600e-01
222 6.616720e-01 6.508000e-03 3.318200e-01
223 6.605520e-01 6.544000e-03 3.329040e-01
224 6.593400e-01 6.552000e-03 3.341080e-01
225 6.581960e-01 6.596000e-03 3.352080e-01
226 6.570560e-01 6.600000e-03 3.363440e-01
227 6.558360e-01 6.600000e-03 3.375640e-01
228 6.547280e-01 6.464000e-03 3.388080e-01
229 6.536520e-01 6.388000e-03 3.399600e-01
230 6.526000e-01 6.272000e-03 3.411280e-01
231 6.514800e-01 6.312000e-03 3.422080e-01
232 6.505640e-01 6.072000e-03 3.433640e-01
233 6.495640e-01 5.992000e-03 3.444440e-01
234 6.484880e-01 5.916000e-03 3.455960e-01
235 6.475200e-01 5.864000e-03 3.466160e-01
236 6.465560e-01 5.820000e-03 3.476240e-01
237 6.455520e-01 5.852000e-03 3.485960e-01
238 6.446000e-01 5.844000e-03 3.495560e-01
239 6.435880e-01 5.856000e-03 3.505560e-01
240 6.424080e-01 6.032000e-03 3.515600e-01
241 6.413880e-01 6.016000e-03 3.525960e-01
242 6.404520e-01 5.936000e-03 3.536120e-01
243 6.394920e-01 5.904000e-03 3.546040e-01
244 6.384800e-01 6.012000e-03 3.555080e-01
245 6.375040e-01 6.012000e-03 3.564840e-01
246 6.365200e-01 5.872000e-03 3.576080e-01
247 6.355040e-01 5.892000e-03 3.586040e-01
248 6.346960e-01 5.692000e-03 3.596120e-01
249 6.337960e-01 5.572000e-03 3.606320e-01
250 6.329800e-01 5.416000e-03 3.616040e-01
251 6.321400e-01 5.356000e-03 3.625040e-01
252 6.313560e-01 5.220000e-03 3.634240e-01
253 6.305200e-01 5.120000e-03 3.643600e-01
254 6.296880e-01 5.048000e-03 3.652640e-01
255 6.289320e-01 4.972000e-03 3.660960e-01
256 6.281080e-01 4.952000e-03 3.669400e-01
257 6.273400e-01 4.908000e-03 3.677520e-01
258 6.265160e-01 4.944000e-03 3.685400e-01
259 6.256720e-01 4.952000e-03 3.693760e-01
260 6.247520e-01 5.024000e-03 3.702240e-01
261 6.238440e-01 4.960000e-03 3.711960e-01
262 6.230400e-01 4.756000e-03 3.722040e-01
263 6.221560e-01 4.808000e-03 3.730360e-01
264 6.213560e-01 4.784000e-03 3.738600e-01
265 6.205400e-01 4.688000e-03 3.747720e-01
266 6.196400e-01 4.772000e-03 3.755880e-01
267 6.188360e-01 4.780000e-03 3.763840e-01
268 6.178560e-01 4.924000e-03 3.772200e-01
269 6.168840e-01 5.040000e-03 3.780760e-01
270 6.159640e-01 5.020000e-03 3.790160e-01
271 6.151000e-01 5.020000e-03 3.798800e-01
272 6.141080e-01 5.096000e-03 3.807960e-01
273 6.132720e-01 5.032000e-03 3.816960e-01
274 6.124520e-01 4.992000e-03 3.825560e-01
275 6.115920e-01 4.928000e-03 3.834800e-01
276 6.107000e-01 4.916000e-03 3.843840e-01
277 6.097560e-01 4.972000e-03 3.852720e-01
278 6.089000e-01 4.968000e-03 3.861320e-01
279 6.081040e-01 5.004000e-03 3.868920e-01
280 6.073520e-01 4.892000e-03 3.877560e-01
281 6.065880e-01 4.784000e-03 3.886280e-01
282 6.058200e-01 4.644000e-03 3.895360e-01
283 6.050960e-01 4.580000e-03 3.903240e-01
284 6.043760e-01 4.456000e-03 3.911680e-01
285 6.036520e-01 4.480000e-03 3.918680e-01
286 6.029760e-01 4.416000e-03 3.926080e-01
287 6.024120e-01 4.288000e-03 3.933000e-01
288 6.017080e-01 4.276000e-03 3.940160e-01
289 6.009400e-01 4.304000e-03 3.947560e-01
290 6.001160e-01 4.304000e-03 3.955800e-01
291 5.993680e-01 4.252000e-03 3.963800e-01
292 5.986000e-01 4.352000e-03 3.970480e-01
293 5.978800e-01 4.328000e-03 3.977920e-01
294 5.971520e-01 4.296000e-03 3.985520e-01
295 5.964600e-01 4.260000e-03 3.992800e-01
296 5.957280e-01 4.176000e-03 4.000960e-01
297 5.949560e-01 4.200000e-03 4.008440e-01
298 5.942800e-01 4.156000e-03 4.015640e-01
299 5.936080e-01 4.192000e-03 4.022000e-01
300 5.928360e-01 4.300000e-03 4.028640e-01
301 5.921440e-01 4.340000e-03 4.035160e-01
302 5.914840e-01 4.296000e-03 4.042200e-01
303 5.908360e-01 4.136000e-03 4.050280e-01
304 5.902320e-01 4.052000e-03 4.057160e-01
305 5.896480e-01 3.944000e-03 4.064080e-01
306 5.891360e-01 3.776000e-03 4.070880e-01
307 5.885880e-01 3.760000e-03 4.076520e-01
308 5.879920e-01 3.744000e-03 4.082640e-01
309 5.873000e-01 3.816000e-03 4.088840e-01
310 5.867960e-01 3.652000e-03 4.095520e-01
311 5.862680e-01 3.452000e-03 4.102800e-01
312 5.856000e-01 3.572000e-03 4.108280e-01
313 5.850040e-01 3.608000e-03 4.113880e-01
314 5.844440e-01 3.552000e-03 4.120040e-01
315 5.838040e-01 3.532000e-03 4.126640e-01
316 5.832560e-01 3.496000e-03 4.132480e-01
317 5.826400e-01 3.408000e-03 4.139520e-01
318 5.821280e-01 3.392000e-03 4.144800e-01
319 5.815720e-01 3.284000e-03 4.151440e-01
320 5.810640e-01 3.244000e-03 4.156920e-01
321 5.805360e-01 3.168000e-03 4.162960e-01
322 5.800320e-01 3.168000e-03 4.168000e-01
323 5.795120e-01 3.088000e-03 4.174000e-01
324 5.789800e-01 3.064000e-03 4.179560e-01
325 5.784600e-01 3.032000e-03 4.185080e-01
326 5.779520e-01 3.012000e-03 4.190360e-01
327 5.775160e-01 2.960000e-03 4.195240e-01
328 5.770640e-01 2.876000e-03 4.200600e-01
329 5.765960e-01 2.832000e-03 4.205720e-01
330 5.761800e-01 2.804000e-03 4.210160e-01
331 5.757640e-01 2.692000e-03 4.215440e-01
332 5.753320e-01 2.656000e-03 4.220120e-01
333 5.748920e-01 2.600000e-03 4.225080e-01
334 5.744520e-01 2.584000e-03 4.229640e-01
335 5.739840e-01 2.548000e-03 4.234680e-01
336 5.735480e-01 2.540000e-03 4.239120e-01
337 5.731000e-01 2.544000e-03 4.243560e-01
338 5.727040e-01 2.440000e-03 4.248560e-01
339 5.722600e-01 2.448000e-03 4.252920e-01
340 5.718440e-01 2.516000e-03 4.256400e-01
341 5.714680e-01 2.456000e-03 4.260760e-01
342 5.710800e-01 2.360000e-03 4.265600e-01
343 5.707080e-01 2.332000e-03 4.269600e-01
344 5.703120e-01 2.316000e-03 4.273720e-01
345 5.698760e-01 2.276000e-03 4.278480e-01
346 5.694440e-01 2.320000e-03 4.282360e-01
347 5.690680e-01 2.296000e-03 4.286360e-01
348 5.686480e-01 2.312000e-03 4.290400e-01
349 5.682840e-01 2.284000e-03 4.294320e-01
350 5.679320e-01 2.280000e-03 4.297880e-01
351 5.675760e-01 2.228000e-03 4.301960e-01
352 5.672120e-01 2.144000e-03 4.306440e-01
353 5.668920e-01 2.088000e-03 4.310200e-01
354 5.665000e-01 2.156000e-03 4.313440e-01
355 5.660800e-01 2.188000e-03 4.317320e-01
356 5.657000e-01 2.172000e-03 4.321280e-01
357 5.653440e-01 2.124000e-03 4.325320e-01
358 5.650280e-01 2.140000e-03 4.328320e-01
359 5.647120e-01 2.056000e-03 4.332320e-01
360 5.644320e-01 1.972000e-03 4.335960e-01
361 5.641360e-01 1.912000e-03 4.339520e-01
362 5.638640e-01 1.828000e-03 4.343080e-01
363 5.635360e-01 1.860000e-03 4.346040e-01
364 5.632280e-01 1.852000e-03 4.349200e-01
365 5.629520e-01 1.800000e-03 4.352480e-01
366 5.626680e-01 1.744000e-03 4.355880e-01
367 5.623840e-01 1.720000e-03 4.358960e-01
368 5.620960e-01 1.716000e-03 4.361880e-01
369 5.617920e-01 1.680000e-03 4.365280e-01
370 5.614840e-01 1.708000e-03 4.368080e-01
371 5.611920e-01 1.696000e-03 4.371120e-01
372 5.608560e-01 1.700000e-03 4.374440e-01
373 5.605720e-01 1.732000e-03 4.376960e-01
374 5.602240e-01 1.748000e-03 4.380280e-01
375 5.599160e-01 1.732000e-03 4.383520e-01
376 5.596000e-01 1.704000e-03 4.386960e-01
377 5.592440e-01 1.768000e-03 4.389880e-01
378 5.589560e-01 1.812000e-03 4.392320e-01
379 5.586960e-01 1.800000e-03 4.395040e-01
380 5.583880e-01 1.732000e-03 4.398800e-01
381 5.580920e-01 1.744000e-03 4.401640e-01
382 5.578720e-01 1.668000e-03 4.404600e-01
383 5.576160e-01 1.644000e-03 4.407400e-01
384 5.573440e-01 1.648000e-03 4.410080e-01
385 5.570800e-01 1.584000e-03 4.413360e-01
386 5.568320e-01 1.552000e-03 4.416160e-01
387 5.565800e-01 1.572000e-03 4.418480e-01
388 5.563000e-01 1.564000e-03 4.421360e-01
389 5.560640e-01 1.532000e-03 4.424040e-01
390 5.558200e-01 1.520000e-03 4.426600e-01
391 5.556120e-01 1.424000e-03 4.429640e-01
392 5.554480e-01 1.380000e-03 4.431720e-01
393 5.552760e-01 1.344000e-03 4.433800e-01
394 5.550720e-01 1.332000e-03 4.435960e-01
395 5.548240e-01 1.396000e-03 4.437800e-01
396 5.546360e-01 1.372000e-03 4.439920e-01
397 5.543880e-01 1.400000e-03 4.442120e-01
398 5.541960e-01 1.380000e-03 4.444240e-01
399 5.539600e-01 1.312000e-03 4.447280e-01
400 5.537080e-01 1.320000e-03 4.449720e-01
401 5.533640e-01 1.444000e-03 4.451920e-01
402 5.530800e-01 1.484000e-03 4.454360e-01
403 5.528120e-01 1.544000e-03 4.456440e-01
404 5.524840e-01 1.564000e-03 4.459520e-01
405 5.521680e-01 1.620000e-03 4.462120e-01
406 5.518520e-01 1.616000e-03 4.465320e-01
407 5.516000e-01 1.560000e-03 4.468400e-01
408 5.513520e-01 1.520000e-03 4.471280e-01
409 5.511680e-01 1.448000e-03 4.473840e-01
410 5.509000e-01 1.480000e-03 4.476200e-01
411 5.506800e-01 1.460000e-03 4.478600e-01
412 5.504800e-01 1.408000e-03 4.481120e-01
413 5.502600e-01 1.404000e-03 4.483360e-01
414 5.500720e-01 1.376000e-03 4.485520e-01
415 5.498520e-01 1.340000e-03 4.488080e-01
416 5.496120e-01 1.300000e-03 4.490880e-01
417 5.493680e-01 1.288000e-03 4.493440e-01
418 5.492120e-01 1.248000e-03 4.495400e-01
419 5.490200e-01 1.212000e-03 4.497680e-01
420 5.488120e-01 1.240000e-03 4.499480e-01
421 5.486200e-01 1.256000e-03 4.501240e-01
422 5.484120e-01 1.252000e-03 4.503360e-01
423 5.482760e-01 1.160000e-03 4.505640e-01
424 5.480440e-01 1.180000e-03 4.507760e-01
425 5.478760e-01 1.136000e-03 4.509880e-01
426 5.477320e-01 1.100000e-03 4.511680e-01
427 5.475560e-01 1.124000e-03 4.513200e-01
428 5.473720e-01 1.080000e-03 4.515480e-01
429 5.472160e-01 1.044000e-03 4.517400e-01
430 5.470680e-01 1.028000e-03 4.519040e-01
431 5.468960e-01 9.880000e-04 4.521160e-01
432 5.467360e-01 1.004000e-03 4.522600e-01
433 5.465880e-01 1.004000e-03 4.524080e-01
434 5.464080e-01 9.960000e-04 4.525960e-01
435 5.462440e-01 1.012000e-03 4.527440e-01
436 5.460560e-01 1.036000e-03 4.529080e-01
437 5.458520e-01 1.028000e-03 4.531200e-01
438 5.456800e-01 1.012000e-03 4.533080e-01
439 5.454880e-01 1.024000e-03 4.534880e-01
440 5.453400e-01 9.720000e-04 4.536880e-01
441 5.452000e-01 9.520000e-04 4.538480e-01
442 5.450800e-01 9.400000e-04 4.539800e-01
443 5.449480e-01 8.720000e-04 4.541800e-01
444 5.447880e-01 8.680000e-04 4.543440e-01
445 5.446200e-01 8.640000e-04 4.545160e-01
446 5.444280e-01 9.160000e-04 4.546560e-01
447 5.442480e-01 9.320000e-04 4.548200e-01
448 5.441040e-01 8.840000e-04 4.550120e-01
449 5.440040e-01 8.760000e-04 4.551200e-01
450 5.438520e-01 8.480000e-04 4.553000e-01
451 5.437000e-01 8.600000e-04 4.554400e-01
452 5.435600e-01 8.520000e-04 4.555880e-01
453 5.433960e-01 8.560000e-04 4.557480e-01
454 5.432680e-01 8.120000e-04 4.559200e-01
455 5.431120e-01 7.800000e-04 4.561080e-01
456 5.429720e-01 7.960000e-04 4.562320e-01
457 5.427960e-01 8.440000e-04 4.563600e-01
458 5.426520e-01 8.520000e-04 4.564960e-01
459 5.425600e-01 7.520000e-04 4.566880e-01
460 5.424640e-01 7.480000e-04 4.567880e-01
461 5.423480e-01 7.560000e-04 4.568960e-01
462 5.422800e-01 7.200000e-04 4.570000e-01
463 5.421600e-01 7.240000e-04 4.571160e-01
464 5.420360e-01 7.360000e-04 4.572280e-01
465 5.419200e-01 7.120000e-04 4.573680e-01
466 5.418200e-01 7.280000e-04 4.574520e-01
467 5.417360e-01 6.760000e-04 4.575880e-01
468 5.416160e-01 6.960000e-04 4.576880e-01
469 5.415000e-01 7.080000e-04 4.577920e-01
470 5.414160e-01 6.640000e-04 4.579200e-01
471 5.413120e-01 6.600000e-04 4.580280e-01
472 5.412160e-01 6.200000e-04 4.581640e-01
473 5.411600e-01 5.840000e-04 4.582560e-01
474 5.410480e-01 6.320000e-04 4.583200e-01
475 5.409240e-01 6.560000e-04 4.584200e-01
476 5.408000e-01 6.920000e-04 4.585080e-01
477 5.406960e-01 6.680000e-04 4.586360e-01
478 5.405920e-01 6.480000e-04 4.587600e-01
479 5.404760e-01 6.400000e-04 4.588840e-01
480 5.403600e-01 6.480000e-04 4.589920e-01
481 5.402400e-01 6.600000e-04 4.591000e-01
482 5.401080e-01 6.960000e-04 4.591960e-01
483 5.400000e-01 6.920000e-04 4.593080e-01
484 5.398840e-01 6.920000e-04 4.594240e-01
485 5.397880e-01 6.760000e-04 4.595360e-01
486 5.396920e-01 6.920000e-04 4.596160e-01
487 5.395880e-01 6.560000e-04 4.597560e-01
488 5.394760e-01 6.840000e-04 4.598400e-01
489 5.393640e-01 6.680000e-04 4.599680e-01
490 5.392360e-01 7.040000e-04 4.600600e-01
491 5.391320e-01 6.920000e-04 4.601760e-01
492 5.390640e-01 6.200000e-04 4.603160e-01
493 5.389640e-01 6.600000e-04 4.603760e-01
494 5.388520e-01 6.640000e-04 4.604840e-01
495 5.387640e-01 6.640000e-04 4.605720e-01
496 5.386720e-01 6.120000e-04 4.607160e-01
497 5.386080e-01 6.000000e-04 4.607920e-01
498 5.385120e-01 5.880000e-04 4.609000e-01
499 5.384360e-01 5.760000e-04 4.609880e-01
500 5.383360e-01 5.880000e-04 4.610760e-01
