1 9.992000e-01 6.880000e-04 1.120000e-04
2 9.987560e-01 9.560000e-04 2.880000e-04
3 9.981520e-01 1.268000e-03 5.800000e-04
4 9.973800e-01 1.848000e-03 7.720000e-04
5 9.966040e-01 2.284000e-03 1.112000e-03
6 9.957720e-01 2.612000e-03 1.616000e-03
7 9.948000e-01 3.068000e-03 2.132000e-03
8 9.938400e-01 3.448000e-03 2.712000e-03
9 9.928680e-01 3.792000e-03 3.340000e-03
10 9.918760e-01 4.056000e-03 4.068000e-03
11 9.908680e-01 4.292000e-03 4.840000e-03
12 9.898200e-01 4.608000e-03 5.572000e-03
13 9.887880e-01 4.824000e-03 6.388000e-03
14 9.877080e-01 5.100000e-03 7.192000e-03
15 9.864640e-01 5.276000e-03 8.260000e-03
16 9.851560e-01 5.640000e-03 9.204000e-03
17 9.838920e-01 5.876000e-03 1.023200e-02
18 9.825920e-01 6.112000e-03 1.129600e-02
19 9.814000e-01 6.204000e-03 1.239600e-02
20 9.799560e-01 6.680000e-03 1.336400e-02
21 9.785200e-01 6.964000e-03 1.451600e-02
22 9.770800e-01 7.196000e-03 1.572400e-02
23 9.755000e-01 7.508000e-03 1.699200e-02
24 9.740600e-01 7.680000e-03 1.826000e-02
25 9.726320e-01 7.772000e-03 1.959600e-02
26 9.710760e-01 7.928000e-03 2.099600e-02
27 9.695160e-01 8.172000e-03 2.231200e-02
28 9.678920e-01 8.364000e-03 2.374400e-02
29 9.662480e-01 8.588000e-03 2.516400e-02
30 9.645200e-01 8.788000e-03 2.669200e-02
31 9.627960e-01 8.836000e-03 2.836800e-02
32 9.611360e-01 8.848000e-03 3.001600e-02
33 9.595320e-01 8.940000e-03 3.152800e-02
34 9.580040e-01 8.956000e-03 3.304000e-02
35 9.564240e-01 9.012000e-03 3.456400e-02
36 9.548240e-01 8.964000e-03 3.621200e-02
37 9.531880e-01 9.076000e-03 3.773600e-02
38 9.513720e-01 9.200000e-03 3.942800e-02
39 9.498400e-01 9.020000e-03 4.114000e-02
40 9.481240e-01 9.224000e-03 4.265200e-02
41 9.464480e-01 9.264000e-03 4.428800e-02
42 9.445040e-01 9.624000e-03 4.587200e-02
43 9.428080e-01 9.516000e-03 4.767600e-02
44 9.410240e-01 9.824000e-03 4.915200e-02
45 9.394120e-01 9.684000e-03 5.090400e-02
46 9.376240e-01 9.844000e-03 5.253200e-02
47 9.359200e-01 9.716000e-03 5.436400e-02
48 9.341680e-01 9.676000e-03 5.615600e-02
49 9.325160e-01 9.620000e-03 5.786400e-02
50 9.308320e-01 9.696000e-03 5.947200e-02
51 9.292240e-01 9.620000e-03 6.115600e-02
52 9.275440e-01 9.756000e-03 6.270000e-02
53 9.258280e-01 9.920000e-03 6.425200e-02
54 9.240600e-01 9.728000e-03 6.621200e-02
55 9.222400e-01 9.760000e-03 6.800000e-02
56 9.204560e-01 9.928000e-03 6.961600e-02
57 9.188080e-01 9.908000e-03 7.128400e-02
58 9.171440e-01 9.784000e-03 7.307200e-02
59 9.154000e-01 9.876000e-03 7.472400e-02
60 9.136520e-01 9.880000e-03 7.646800e-02
61 9.119720e-01 9.828000e-03 7.820000e-02
62 9.102520e-01 9.736000e-03 8.001200e-02
63 9.086520e-01 9.600000e-03 8.174800e-02
64 9.070640e-01 9.596000e-03 8.334000e-02
65 9.054160e-01 9.604000e-03 8.498000e-02
66 9.038080e-01 9.612000e-03 8.658000e-02
67 9.020560e-01 9.580000e-03 8.836400e-02
68 9.004440e-01 9.364000e-03 9.019200e-02
69 8.986080e-01 9.544000e-03 9.184800e-02
70 8.969240e-01 9.644000e-03 9.343200e-02
71 8.951760e-01 9.700000e-03 9.512400e-02
72 8.934040e-01 9.988000e-03 9.660800e-02
73 8.915440e-01 1.014000e-02 9.831600e-02
74 8.896840e-01 1.026000e-02 1.000560e-01
75 8.878520e-01 1.034800e-02 1.018000e-01
76 8.861360e-01 1.031200e-02 1.035520e-01
77 8.844480e-01 1.015200e-02 1.054000e-01
78 8.827600e-01 1.008800e-02 1.071520e-01
79 8.809600e-01 1.024800e-02 1.087920e-01
80 8.790760e-01 1.021200e-02 1.107120e-01
81 8.773600e-01 1.012000e-02 1.125200e-01
82 8.755720e-01 1.017200e-02 1.142560e-01
83 8.736920e-01 1.027600e-02 1.160320e-01
84 8.717120e-01 1.034800e-02 1.179400e-01
85 8.697920e-01 1.027200e-02 1.199360e-01
86 8.678520e-01 1.026400e-02 1.218840e-01
87 8.659200e-01 1.034800e-02 1.237320e-01
88 8.639600e-01 1.046000e-02 1.255800e-01
89 8.620240e-01 1.056800e-02 1.274080e-01
90 8.600080e-01 1.083600e-02 1.291560e-01
91 8.579920e-01 1.093200e-02 1.310760e-01
92 8.561520e-01 1.073600e-02 1.331120e-01
93 8.542840e-01 1.090000e-02 1.348160e-01
94 8.523400e-01 1.099600e-02 1.366640e-01
95 8.504080e-01 1.095200e-02 1.386400e-01
96 8.484520e-01 1.117200e-02 1.403760e-01
97 8.465800e-01 1.104800e-02 1.423720e-01
98 8.446120e-01 1.110000e-02 1.442880e-01
99 8.427960e-01 1.095600e-02 1.462480e-01
100 8.408240e-01 1.100800e-02 1.481680e-01
101 8.389960e-01 1.088800e-02 1.501160e-01
102 8.371200e-01 1.087200e-02 1.520080e-01
103 8.352600e-01 1.087200e-02 1.538680e-01
104 8.336280e-01 1.050000e-02 1.558720e-01
105 8.317880e-01 1.049200e-02 1.577200e-01
106 8.300520e-01 1.052000e-02 1.594280e-01
107 8.282200e-01 1.056000e-02 1.612200e-01
108 8.265240e-01 1.024000e-02 1.632360e-01
109 8.247200e-01 1.022000e-02 1.650600e-01
110 8.229360e-01 1.018400e-02 1.668800e-01
111 8.209960e-01 1.033200e-02 1.686720e-01
112 8.191760e-01 1.053200e-02 1.702920e-01
113 8.173040e-01 1.060800e-02 1.720880e-01
114 8.154000e-01 1.059200e-02 1.740080e-01
115 8.136680e-01 1.051600e-02 1.758160e-01
116 8.120200e-01 1.033600e-02 1.776440e-01
117 8.102160e-01 1.032800e-02 1.794560e-01
118 8.085400e-01 1.000400e-02 1.814560e-01
119 8.067520e-01 9.992000e-03 1.832560e-01
120 8.051080e-01 9.904000e-03 1.849880e-01
121 8.036760e-01 9.680000e-03 1.866440e-01
122 8.020680e-01 9.688000e-03 1.882440e-01
123 8.005280e-01 9.528000e-03 1.899440e-01
124 7.990720e-01 9.460000e-03 1.914680e-01
125 7.976160e-01 9.276000e-03 1.931080e-01
126 7.960360e-01 9.248000e-03 1.947160e-01
127 7.943520e-01 9.340000e-03 1.963080e-01
128 7.927760e-01 9.268000e-03 1.979560e-01
129 7.913320e-01 9.184000e-03 1.994840e-01
130 7.898600e-01 9.028000e-03 2.011120e-01
131 7.883040e-01 8.968000e-03 2.027280e-01
132 7.867480e-01 8.912000e-03 2.043400e-01
133 7.850160e-01 8.988000e-03 2.059960e-01
134 7.834800e-01 8.864000e-03 2.076560e-01
135 7.820800e-01 8.812000e-03 2.091080e-01
136 7.806640e-01 8.568000e-03 2.107680e-01
137 7.791800e-01 8.580000e-03 2.122400e-01
138 7.776240e-01 8.552000e-03 2.138240e-01
139 7.761000e-01 8.508000e-03 2.153920e-01
140 7.747320e-01 8.364000e-03 2.169040e-01
141 7.732840e-01 8.400000e-03 2.183160e-01
142 7.719080e-01 8.272000e-03 2.198200e-01
143 7.705240e-01 8.148000e-03 2.213280e-01
144 7.692680e-01 7.996000e-03 2.227360e-01
145 7.679680e-01 8.044000e-03 2.239880e-01
146 7.667040e-01 8.020000e-03 2.252760e-01
147 7.653240e-01 7.956000e-03 2.267200e-01
148 7.640160e-01 7.876000e-03 2.281080e-01
149 7.627600e-01 7.840000e-03 2.294000e-01
150 7.615440e-01 7.644000e-03 2.308120e-01
151 7.601320e-01 7.700000e-03 2.321680e-01
152 7.587920e-01 7.628000e-03 2.335800e-01
153 7.574880e-01 7.644000e-03 2.348680e-01
154 7.561560e-01 7.656000e-03 2.361880e-01
155 7.548640e-01 7.704000e-03 2.374320e-01
156 7.534800e-01 7.716000e-03 2.388040e-01
157 7.521800e-01 7.768000e-03 2.400520e-01
158 7.509360e-01 7.612000e-03 2.414520e-01
159 7.496400e-01 7.540000e-03 2.428200e-01
160 7.483600e-01 7.416000e-03 2.442240e-01
161 7.470920e-01 7.380000e-03 2.455280e-01
162 7.460120e-01 7.080000e-03 2.469080e-01
163 7.448880e-01 6.952000e-03 2.481600e-01
164 7.436800e-01 6.988000e-03 2.493320e-01
165 7.423960e-01 7.044000e-03 2.505600e-01
166 7.412920e-01 6.944000e-03 2.517640e-01
167 7.402240e-01 6.812000e-03 2.529640e-01
168 7.391520e-01 6.620000e-03 2.542280e-01
169 7.381200e-01 6.524000e-03 2.553560e-01
170 7.371080e-01 6.516000e-03 2.563760e-01
171 7.360920e-01 6.340000e-03 2.575680e-01
172 7.350120e-01 6.376000e-03 2.586120e-01
173 7.339840e-01 6.224000e-03 2.597920e-01
174 7.330160e-01 6.064000e-03 2.609200e-01
175 7.319560e-01 5.980000e-03 2.620640e-01
176 7.310640e-01 5.852000e-03 2.630840e-01
177 7.300880e-01 5.788000e-03 2.641240e-01
178 7.292040e-01 5.576000e-03 2.652200e-01
179 7.282560e-01 5.584000e-03 2.661600e-01
180 7.273200e-01 5.520000e-03 2.671600e-01
181 7.263240e-01 5.588000e-03 2.680880e-01
182 7.254040e-01 5.528000e-03 2.690680e-01
183 7.245080e-01 5.428000e-03 2.700640e-01
184 7.235960e-01 5.464000e-03 2.709400e-01
185 7.225280e-01 5.604000e-03 2.718680e-01
186 7.215960e-01 5.476000e-03 2.729280e-01
187 7.206960e-01 5.432000e-03 2.738720e-01
188 7.198720e-01 5.368000e-03 2.747600e-01
189 7.189320e-01 5.432000e-03 2.756360e-01
190 7.180280e-01 5.356000e-03 2.766160e-01
191 7.169480e-01 5.440000e-03 2.776120e-01
192 7.159320e-01 5.480000e-03 2.785880e-01
193 7.148880e-01 5.508000e-03 2.796040e-01
194 7.140280e-01 5.428000e-03 2.805440e-01
195 7.132640e-01 5.256000e-03 2.814800e-01
196 7.123080e-01 5.248000e-03 2.824440e-01
197 7.113320e-01 5.332000e-03 2.833360e-01
198 7.104160e-01 5.420000e-03 2.841640e-01
199 7.096160e-01 5.248000e-03 2.851360e-01
200 7.086960e-01 5.276000e-03 2.860280e-01
201 7.079240e-01 5.204000e-03 2.868720e-01
202 7.070720e-01 5.080000e-03 2.878480e-01
203 7.062840e-01 5.092000e-03 2.886240e-01
204 7.054680e-01 5.052000e-03 2.894800e-01
205 7.046480e-01 5.004000e-03 2.903480e-01
206 7.038520e-01 4.964000e-03 2.911840e-01
207 7.029280e-01 4.892000e-03 2.921800e-01
208 7.020800e-01 4.852000e-03 2.930680e-01
209 7.010520e-01 4.984000e-03 2.939640e-01
210 7.000920e-01 5.100000e-03 2.948080e-01
211 6.991680e-01 5.040000e-03 2.957920e-01
212 6.983480e-01 5.052000e-03 2.966000e-01
213 6.974200e-01 5.176000e-03 2.974040e-01
214 6.965200e-01 5.184000e-03 2.982960e-01
215 6.956240e-01 5.184000e-03 2.991920e-01
216 6.946440e-01 5.104000e-03 3.002520e-01
217 6.937560e-01 5.076000e-03 3.011680e-01
218 6.928600e-01 5.112000e-03 3.020280e-01
219 6.918960e-01 5.092000e-03 3.030120e-01
220 6.910120e-01 5.068000e-03 3.039200e-01
221 6.902080e-01 5.004000e-03 3.047880e-01
222 6.893520e-01 4.992000e-03 3.056560e-01
223 6.885080e-01 4.936000e-03 3.065560e-01
224 6.876960e-01 4.932000e-03 3.073720e-01
225 6.868400e-01 4.900000e-03 3.082600e-01
226 6.860800e-01 4.860000e-03 3.090600e-01
227 6.853440e-01 4.836000e-03 3.098200e-01
228 6.845240e-01 4.796000e-03 3.106800e-01
229 6.837520e-01 4.840000e-03 3.114080e-01
230 6.830480e-01 4.752000e-03 3.122000e-01
231 6.822080e-01 4.780000e-03 3.130120e-01
232 6.813520e-01 4.768000e-03 3.138800e-01
233 6.806000e-01 4.680000e-03 3.147200e-01
234 6.798160e-01 4.596000e-03 3.155880e-01
235 6.791080e-01 4.472000e-03 3.164200e-01
236 6.784640e-01 4.380000e-03 3.171560e-01
237 6.778320e-01 4.208000e-03 3.179600e-01
238 6.771600e-01 4.124000e-03 3.187160e-01
239 6.764360e-01 4.076000e-03 3.194880e-01
240 6.757240e-01 4.012000e-03 3.202640e-01
241 6.750480e-01 3.984000e-03 3.209680e-01
242 6.745400e-01 3.780000e-03 3.216800e-01
243 6.738880e-01 3.704000e-03 3.224080e-01
244 6.733600e-01 3.588000e-03 3.230520e-01
245 6.726760e-01 3.736000e-03 3.235880e-01
246 6.720480e-01 3.736000e-03 3.242160e-01
247 6.714080e-01 3.736000e-03 3.248560e-01
248 6.708560e-01 3.636000e-03 3.255080e-01
249 6.702120e-01 3.640000e-03 3.261480e-01
250 6.696760e-01 3.592000e-03 3.267320e-01
251 6.691720e-01 3.504000e-03 3.273240e-01
252 6.685920e-01 3.436000e-03 3.279720e-01
253 6.680440e-01 3.400000e-03 3.285560e-01
254 6.674320e-01 3.388000e-03 3.291800e-01
255 6.669000e-01 3.364000e-03 3.297360e-01
256 6.663040e-01 3.304000e-03 3.303920e-01
257 6.657200e-01 3.320000e-03 3.309600e-01
258 6.651360e-01 3.220000e-03 3.316440e-01
259 6.645600e-01 3.200000e-03 3.322400e-01
260 6.639920e-01 3.180000e-03 3.328280e-01
261 6.634160e-01 3.180000e-03 3.334040e-01
262 6.627800e-01 3.268000e-03 3.339520e-01
263 6.622640e-01 3.232000e-03 3.345040e-01
264 6.617720e-01 3.200000e-03 3.350280e-01
265 6.612680e-01 3.176000e-03 3.355560e-01
266 6.607280e-01 3.164000e-03 3.361080e-01
267 6.602440e-01 3.160000e-03 3.365960e-01
268 6.597160e-01 3.124000e-03 3.371600e-01
269 6.591600e-01 3.072000e-03 3.377680e-01
270 6.586120e-01 3.144000e-03 3.382440e-01
271 6.581640e-01 3.060000e-03 3.387760e-01
272 6.576280e-01 3.016000e-03 3.393560e-01
273 6.571320e-01 2.916000e-03 3.399520e-01
274 6.566480e-01 2.864000e-03 3.404880e-01
275 6.562720e-01 2.740000e-03 3.409880e-01
276 6.558840e-01 2.620000e-03 3.414960e-01
277 6.554240e-01 2.640000e-03 3.419360e-01
278 6.550360e-01 2.560000e-03 3.424040e-01
279 6.546160e-01 2.520000e-03 3.428640e-01
280 6.542320e-01 2.488000e-03 3.432800e-01
281 6.538760e-01 2.412000e-03 3.437120e-01
282 6.535600e-01 2.336000e-03 3.441040e-01
283 6.532360e-01 2.292000e-03 3.444720e-01
284 6.529240e-01 2.244000e-03 3.448320e-01
285 6.525440e-01 2.240000e-03 3.452160e-01
286 6.521360e-01 2.228000e-03 3.456360e-01
287 6.517960e-01 2.180000e-03 3.460240e-01
288 6.514120e-01 2.136000e-03 3.464520e-01
289 6.510680e-01 2.152000e-03 3.467800e-01
290 6.506880e-01 2.136000e-03 3.471760e-01
291 6.503440e-01 2.068000e-03 3.475880e-01
292 6.500240e-01 2.016000e-03 3.479600e-01
293 6.496880e-01 2.024000e-03 3.482880e-01
294 6.493640e-01 1.984000e-03 3.486520e-01
295 6.490520e-01 1.956000e-03 3.489920e-01
296 6.487320e-01 1.868000e-03 3.494000e-01
297 6.483520e-01 1.944000e-03 3.497040e-01
298 6.479680e-01 1.956000e-03 3.500760e-01
299 6.476480e-01 1.896000e-03 3.504560e-01
300 6.474040e-01 1.780000e-03 3.508160e-01
301 6.470840e-01 1.772000e-03 3.511440e-01
302 6.467720e-01 1.784000e-03 3.514440e-01
303 6.464920e-01 1.760000e-03 3.517480e-01
304 6.462400e-01 1.732000e-03 3.520280e-01
305 6.459120e-01 1.760000e-03 3.523280e-01
306 6.456360e-01 1.800000e-03 3.525640e-01
307 6.453520e-01 1.764000e-03 3.528840e-01
308 6.450760e-01 1.720000e-03 3.532040e-01
309 6.448520e-01 1.664000e-03 3.534840e-01
310 6.445400e-01 1.656000e-03 3.538040e-01
311 6.442360e-01 1.664000e-03 3.541000e-01
312 6.440560e-01 1.592000e-03 3.543520e-01
313 6.438720e-01 1.532000e-03 3.545960e-01
314 6.436520e-01 1.504000e-03 3.548440e-01
315 6.434200e-01 1.504000e-03 3.550760e-01
316 6.431600e-01 1.496000e-03 3.553440e-01
317 6.429280e-01 1.472000e-03 3.556000e-01
318 6.427600e-01 1.380000e-03 3.558600e-01
319 6.425200e-01 1.424000e-03 3.560560e-01
320 6.423080e-01 1.384000e-03 3.563080e-01
321 6.421440e-01 1.292000e-03 3.565640e-01
322 6.419160e-01 1.308000e-03 3.567760e-01
323 6.416240e-01 1.356000e-03 3.570200e-01
324 6.413080e-01 1.416000e-03 3.572760e-01
325 6.409800e-01 1.460000e-03 3.575600e-01
326 6.407440e-01 1.424000e-03 3.578320e-01
327 6.404760e-01 1.464000e-03 3.580600e-01
328 6.401720e-01 1.496000e-03 3.583320e-01
329 6.398200e-01 1.584000e-03 3.585960e-01
330 6.395400e-01 1.596000e-03 3.588640e-01
331 6.392280e-01 1.644000e-03 3.591280e-01
332 6.390080e-01 1.588000e-03 3.594040e-01
333 6.387360e-01 1.632000e-03 3.596320e-01
334 6.385080e-01 1.560000e-03 3.599320e-01
335 6.382240e-01 1.564000e-03 3.602120e-01
336 6.379680e-01 1.516000e-03 3.605160e-01
337 6.377200e-01 1.500000e-03 3.607800e-01
338 6.375200e-01 1.452000e-03 3.610280e-01
339 6.373080e-01 1.424000e-03 3.612680e-01
340 6.371720e-01 1.320000e-03 3.615080e-01
341 6.369960e-01 1.272000e-03 3.617320e-01
342 6.367960e-01 1.280000e-03 3.619240e-01
343 6.366360e-01 1.216000e-03 3.621480e-01
344 6.364440e-01 1.176000e-03 3.623800e-01
345 6.363000e-01 1.112000e-03 3.625880e-01
346 6.361440e-01 1.080000e-03 3.627760e-01
347 6.360280e-01 1.028000e-03 3.629440e-01
348 6.359040e-01 9.400000e-04 3.631560e-01
349 6.357880e-01 9.000000e-04 3.633120e-01
350 6.356320e-01 9.120000e-04 3.634560e-01
351 6.355000e-01 9.120000e-04 3.635880e-01
352 6.353760e-01 8.760000e-04 3.637480e-01
353 6.352440e-01 8.440000e-04 3.639120e-01
354 6.350920e-01 8.880000e-04 3.640200e-01
355 6.349040e-01 8.800000e-04 3.642160e-01
356 6.347680e-01 8.560000e-04 3.643760e-01
357 6.346200e-01 9.000000e-04 3.644800e-01
358 6.345040e-01 9.040000e-04 3.645920e-01
359 6.343520e-01 8.920000e-04 3.647560e-01
360 6.342040e-01 9.040000e-04 3.648920e-01
361 6.340400e-01 9.200000e-04 3.650400e-01
362 6.338720e-01 9.600000e-04 3.651680e-01
363 6.337120e-01 9.320000e-04 3.653560e-01
364 6.335320e-01 9.280000e-04 3.655400e-01
365 6.333960e-01 8.800000e-04 3.657240e-01
366 6.332840e-01 8.440000e-04 3.658720e-01
367 6.331680e-01 8.400000e-04 3.659920e-01
368 6.330920e-01 7.520000e-04 3.661560e-01
369 6.329720e-01 7.320000e-04 3.662960e-01
370 6.328400e-01 7.240000e-04 3.664360e-01
371 6.326840e-01 7.520000e-04 3.665640e-01
372 6.325520e-01 7.720000e-04 3.666760e-01
373 6.324200e-01 7.840000e-04 3.667960e-01
374 6.322720e-01 8.080000e-04 3.669200e-01
375 6.321720e-01 7.320000e-04 3.670960e-01
376 6.320880e-01 6.480000e-04 3.672640e-01
377 6.319920e-01 6.200000e-04 3.673880e-01
378 6.318960e-01 6.240000e-04 3.674800e-01
379 6.317680e-01 6.240000e-04 3.676080e-01
380 6.316400e-01 6.280000e-04 3.677320e-01
381 6.315360e-01 5.960000e-04 3.678680e-01
382 6.313920e-01 6.480000e-04 3.679600e-01
383 6.312920e-01 6.080000e-04 3.681000e-01
384 6.311560e-01 6.440000e-04 3.682000e-01
385 6.310680e-01 6.040000e-04 3.683280e-01
386 6.309800e-01 6.120000e-04 3.684080e-01
387 6.308920e-01 6.040000e-04 3.685040e-01
388 6.307560e-01 6.520000e-04 3.685920e-01
389 6.306560e-01 6.480000e-04 3.686960e-01
390 6.305320e-01 6.640000e-04 3.688040e-01
391 6.303920e-01 6.640000e-04 3.689440e-01
392 6.302320e-01 7.080000e-04 3.690600e-01
393 6.300800e-01 7.200000e-04 3.692000e-01
394 6.299800e-01 6.800000e-04 3.693400e-01
395 6.298800e-01 6.800000e-04 3.694400e-01
396 6.297360e-01 7.200000e-04 3.695440e-01
397 6.296040e-01 7.280000e-04 3.696680e-01
398 6.294800e-01 7.040000e-04 3.698160e-01
399 6.293440e-01 7.360000e-04 3.699200e-01
400 6.292440e-01 7.080000e-04 3.700480e-01
401 6.291040e-01 7.400000e-04 3.701560e-01
402 6.290080e-01 7.280000e-04 3.702640e-01
403 6.289000e-01 6.960000e-04 3.704040e-01
404 6.287960e-01 6.720000e-04 3.705320e-01
405 6.286920e-01 6.600000e-04 3.706480e-01
406 6.285960e-01 6.040000e-04 3.708000e-01
407 6.285160e-01 5.960000e-04 3.708880e-01
408 6.284320e-01 5.800000e-04 3.709880e-01
409 6.283520e-01 5.760000e-04 3.710720e-01
410 6.282840e-01 5.560000e-04 3.711600e-01
411 6.281800e-01 5.480000e-04 3.712720e-01
412 6.280520e-01 5.760000e-04 3.713720e-01
413 6.279640e-01 5.680000e-04 3.714680e-01
414 6.278680e-01 5.880000e-04 3.715440e-01
415 6.277880e-01 5.760000e-04 3.716360e-01
416 6.276520e-01 6.120000e-04 3.717360e-01
417 6.275200e-01 6.120000e-04 3.718680e-01
418 6.274160e-01 6.400000e-04 3.719440e-01
419 6.272720e-01 6.640000e-04 3.720640e-01
420 6.271720e-01 6.440000e-04 3.721840e-01
421 6.270360e-01 6.760000e-04 3.722880e-01
422 6.268840e-01 6.880000e-04 3.724280e-01
423 6.267160e-01 7.320000e-04 3.725520e-01
424 6.265440e-01 7.400000e-04 3.727160e-01
425 6.264320e-01 7.480000e-04 3.728200e-01
426 6.263280e-01 7.360000e-04 3.729360e-01
427 6.262280e-01 6.840000e-04 3.730880e-01
428 6.261520e-01 6.240000e-04 3.732240e-01
429 6.260800e-01 5.800000e-04 3.733400e-01
430 6.259680e-01 6.080000e-04 3.734240e-01
431 6.258560e-01 5.960000e-04 3.735480e-01
432 6.257200e-01 6.280000e-04 3.736520e-01
433 6.256480e-01 5.640000e-04 3.737880e-01
434 6.255480e-01 5.840000e-04 3.738680e-01
435 6.255000e-01 5.360000e-04 3.739640e-01
436 6.254360e-01 5.200000e-04 3.740440e-01
437 6.253680e-01 4.480000e-04 3.741840e-01
438 6.253280e-01 4.080000e-04 3.742640e-01
439 6.252800e-01 3.920000e-04 3.743280e-01
440 6.252400e-01 3.560000e-04 3.744040e-01
441 6.252040e-01 3.320000e-04 3.744640e-01
442 6.251600e-01 3.000000e-04 3.745400e-01
443 6.251320e-01 2.720000e-04 3.745960e-01
444 6.250800e-01 2.920000e-04 3.746280e-01
445 6.250240e-01 3.160000e-04 3.746600e-01
446 6.249640e-01 3.200000e-04 3.747160e-01
447 6.248440e-01 3.760000e-04 3.747800e-01
448 6.247680e-01 3.920000e-04 3.748400e-01
449 6.246520e-01 4.280000e-04 3.749200e-01
450 6.245680e-01 4.360000e-04 3.749960e-01
451 6.245000e-01 4.320000e-04 3.750680e-01
452 6.244280e-01 4.560000e-04 3.751160e-01
453 6.243400e-01 4.600000e-04 3.752000e-01
454 6.243000e-01 4.400000e-04 3.752600e-01
455 6.242280e-01 4.520000e-04 3.753200e-01
456 6.241480e-01 4.600000e-04 3.753920e-01
457 6.241200e-01 4.120000e-04 3.754680e-01
458 6.240560e-01 4.200000e-04 3.755240e-01
459 6.240200e-01 3.560000e-04 3.756240e-01
460 6.239720e-01 3.600000e-04 3.756680e-01
461 6.239520e-01 3.320000e-04 3.757160e-01
462 6.239280e-01 2.840000e-04 3.757880e-01
463 6.238880e-01 2.800000e-04 3.758320e-01
464 6.238400e-01 2.800000e-04 3.758800e-01
465 6.237920e-01 3.040000e-04 3.759040e-01
466 6.237640e-01 2.760000e-04 3.759600e-01
467 6.236720e-01 3.160000e-04 3.760120e-01
468 6.236440e-01 2.880000e-04 3.760680e-01
469 6.235920e-01 2.720000e-04 3.761360e-01
470 6.235520e-01 2.840000e-04 3.761640e-01
471 6.235040e-01 2.920000e-04 3.762040e-01
472 6.234720e-01 2.800000e-04 3.762480e-01
473 6.234240e-01 2.600000e-04 3.763160e-01
474 6.233880e-01 2.560000e-04 3.763560e-01
475 6.233200e-01 2.560000e-04 3.764240e-01
476 6.232840e-01 2.280000e-04 3.764880e-01
477 6.232720e-01 1.920000e-04 3.765360e-01
478 6.232520e-01 1.720000e-04 3.765760e-01
479 6.232480e-01 1.560000e-04 3.765960e-01
480 6.232120e-01 1.760000e-04 3.766120e-01
481 6.231760e-01 1.680000e-04 3.766560e-01
482 6.231640e-01 1.640000e-04 3.766720e-01
483 6.231480e-01 1.480000e-04 3.767040e-01
484 6.231000e-01 1.640000e-04 3.767360e-01
485 6.230640e-01 1.720000e-04 3.767640e-01
486 6.230240e-01 2.040000e-04 3.767720e-01
487 6.229840e-01 2.160000e-04 3.768000e-01
488 6.229640e-01 1.880000e-04 3.768480e-01
489 6.229360e-01 1.640000e-04 3.769000e-01
490 6.229080e-01 1.520000e-04 3.769400e-01
491 6.228760e-01 1.680000e-04 3.769560e-01
492 6.228480e-01 1.560000e-04 3.769960e-01
493 6.228240e-01 1.640000e-04 3.770120e-01
494 6.227920e-01 1.720000e-04 3.770360e-01
495 6.227680e-01 1.720000e-04 3.770600e-01
496 6.227320e-01 1.880000e-04 3.770800e-01
497 6.227120e-01 1.920000e-04 3.770960e-01
498 6.226800e-01 1.840000e-04 3.771360e-01
499 6.226560e-01 1.600000e-04 3.771840e-01
500 6.226280e-01 1.360000e-04 3.772360e-01
