1 9.991000e-01 8.000000e-04 1.000000e-04
2 9.985840e-01 1.124000e-03 2.920000e-04
3 9.979200e-01 1.528000e-03 5.520000e-04
4 9.972200e-01 1.900000e-03 8.800000e-04
5 9.964640e-01 2.328000e-03 1.208000e-03
6 9.955560e-01 2.844000e-03 1.600000e-03
7 9.945120e-01 3.388000e-03 2.100000e-03
8 9.934720e-01 3.820000e-03 2.708000e-03
9 9.922920e-01 4.276000e-03 3.432000e-03
10 9.911480e-01 4.652000e-03 4.200000e-03
11 9.900600e-01 4.892000e-03 5.048000e-03
12 9.889960e-01 5.056000e-03 5.948000e-03
13 9.878800e-01 5.288000e-03 6.832000e-03
14 9.866840e-01 5.452000e-03 7.864000e-03
15 9.854800e-01 5.656000e-03 8.864000e-03
16 9.842720e-01 5.856000e-03 9.872000e-03
17 9.831240e-01 6.032000e-03 1.084400e-02
18 9.819280e-01 6.136000e-03 1.193600e-02
19 9.807960e-01 6.108000e-03 1.309600e-02
20 9.796880e-01 6.088000e-03 1.422400e-02
21 9.784280e-01 6.236000e-03 1.533600e-02
22 9.772000e-01 6.416000e-03 1.638400e-02
23 9.758200e-01 6.712000e-03 1.746800e-02
24 9.744640e-01 6.820000e-03 1.871600e-02
25 9.729840e-01 7.044000e-03 1.997200e-02
26 9.713600e-01 7.448000e-03 2.119200e-02
27 9.697240e-01 7.720000e-03 2.255600e-02
28 9.681040e-01 8.068000e-03 2.382800e-02
29 9.664160e-01 8.340000e-03 2.524400e-02
30 9.647400e-01 8.540000e-03 2.672000e-02
31 9.630000e-01 8.904000e-03 2.809600e-02
32 9.611320e-01 9.168000e-03 2.970000e-02
33 9.592920e-01 9.324000e-03 3.138400e-02
34 9.576880e-01 9.224000e-03 3.308800e-02
35 9.561920e-01 9.088000e-03 3.472000e-02
36 9.546160e-01 9.064000e-03 3.632000e-02
37 9.530840e-01 9.068000e-03 3.784800e-02
38 9.514200e-01 9.172000e-03 3.940800e-02
39 9.499080e-01 9.076000e-03 4.101600e-02
40 9.482560e-01 8.996000e-03 4.274800e-02
41 9.466560e-01 9.124000e-03 4.422000e-02
42 9.448880e-01 9.248000e-03 4.586400e-02
43 9.431520e-01 9.264000e-03 4.758400e-02
44 9.416120e-01 9.100000e-03 4.928800e-02
45 9.399200e-01 9.084000e-03 5.099600e-02
46 9.383280e-01 9.000000e-03 5.267200e-02
47 9.366920e-01 9.156000e-03 5.415200e-02
48 9.349800e-01 9.244000e-03 5.577600e-02
49 9.332120e-01 9.472000e-03 5.731600e-02
50 9.315480e-01 9.604000e-03 5.884800e-02
51 9.297960e-01 9.580000e-03 6.062400e-02
52 9.279840e-01 9.600000e-03 6.241600e-02
53 9.262080e-01 9.660000e-03 6.413200e-02
54 9.245280e-01 9.544000e-03 6.592800e-02
55 9.227360e-01 9.764000e-03 6.750000e-02
56 9.210280e-01 9.712000e-03 6.926000e-02
57 9.193920e-01 9.668000e-03 7.094000e-02
58 9.176720e-01 9.740000e-03 7.258800e-02
59 9.160920e-01 9.628000e-03 7.428000e-02
60 9.144760e-01 9.496000e-03 7.602800e-02
61 9.129120e-01 9.396000e-03 7.769200e-02
62 9.113640e-01 9.320000e-03 7.931600e-02
63 9.095920e-01 9.528000e-03 8.088000e-02
64 9.078640e-01 9.668000e-03 8.246800e-02
65 9.060800e-01 9.728000e-03 8.419200e-02
66 9.043080e-01 9.852000e-03 8.584000e-02
67 9.024400e-01 1.003200e-02 8.752800e-02
68 9.006400e-01 1.009600e-02 8.926400e-02
69 8.988480e-01 1.017200e-02 9.098000e-02
70 8.970560e-01 1.026800e-02 9.267600e-02
71 8.951760e-01 1.036800e-02 9.445600e-02
72 8.933480e-01 1.043600e-02 9.621600e-02
73 8.914320e-01 1.054000e-02 9.802800e-02
74 8.896600e-01 1.047600e-02 9.986400e-02
75 8.877880e-01 1.052000e-02 1.016920e-01
76 8.859760e-01 1.046400e-02 1.035600e-01
77 8.839680e-01 1.058800e-02 1.054440e-01
78 8.821920e-01 1.055200e-02 1.072560e-01
79 8.806120e-01 1.022400e-02 1.091640e-01
80 8.790400e-01 1.006400e-02 1.108960e-01
81 8.772600e-01 1.014000e-02 1.126000e-01
82 8.756200e-01 9.976000e-03 1.144040e-01
83 8.740480e-01 9.888000e-03 1.160640e-01
84 8.723320e-01 9.916000e-03 1.177520e-01
85 8.707200e-01 9.684000e-03 1.195960e-01
86 8.690680e-01 9.564000e-03 1.213680e-01
87 8.674720e-01 9.424000e-03 1.231040e-01
88 8.658920e-01 9.444000e-03 1.246640e-01
89 8.642880e-01 9.500000e-03 1.262120e-01
90 8.626840e-01 9.488000e-03 1.278280e-01
91 8.611240e-01 9.300000e-03 1.295760e-01
92 8.595120e-01 9.300000e-03 1.311880e-01
93 8.578960e-01 9.360000e-03 1.327440e-01
94 8.562400e-01 9.400000e-03 1.343600e-01
95 8.545080e-01 9.540000e-03 1.359520e-01
96 8.528520e-01 9.616000e-03 1.375320e-01
97 8.512520e-01 9.560000e-03 1.391880e-01
98 8.495400e-01 9.544000e-03 1.409160e-01
99 8.479520e-01 9.588000e-03 1.424600e-01
100 8.464160e-01 9.448000e-03 1.441360e-01
101 8.448920e-01 9.236000e-03 1.458720e-01
102 8.432480e-01 9.208000e-03 1.475440e-01
103 8.415920e-01 9.292000e-03 1.491160e-01
104 8.401600e-01 9.080000e-03 1.507600e-01
105 8.385680e-01 8.992000e-03 1.524400e-01
106 8.370200e-01 8.916000e-03 1.540640e-01
107 8.353520e-01 9.132000e-03 1.555160e-01
108 8.336640e-01 9.236000e-03 1.571000e-01
109 8.320560e-01 9.220000e-03 1.587240e-01
110 8.303000e-01 9.188000e-03 1.605120e-01
111 8.287560e-01 9.204000e-03 1.620400e-01
112 8.271280e-01 9.176000e-03 1.636960e-01
113 8.255840e-01 9.216000e-03 1.652000e-01
114 8.238680e-01 9.404000e-03 1.667280e-01
115 8.222360e-01 9.384000e-03 1.683800e-01
116 8.204840e-01 9.428000e-03 1.700880e-01
117 8.188520e-01 9.432000e-03 1.717160e-01
118 8.169000e-01 9.764000e-03 1.733360e-01
119 8.151240e-01 9.792000e-03 1.750840e-01
120 8.133080e-01 9.964000e-03 1.767280e-01
121 8.115240e-01 9.960000e-03 1.785160e-01
122 8.097320e-01 1.004000e-02 1.802280e-01
123 8.079840e-01 1.001600e-02 1.820000e-01
124 8.062680e-01 9.928000e-03 1.838040e-01
125 8.046080e-01 9.796000e-03 1.855960e-01
126 8.029760e-01 9.540000e-03 1.874840e-01
127 8.013320e-01 9.440000e-03 1.892280e-01
128 7.997080e-01 9.512000e-03 1.907800e-01
129 7.980200e-01 9.408000e-03 1.925720e-01
130 7.964200e-01 9.400000e-03 1.941800e-01
131 7.948800e-01 9.324000e-03 1.957960e-01
132 7.932400e-01 9.388000e-03 1.973720e-01
133 7.917040e-01 9.332000e-03 1.989640e-01
134 7.901120e-01 9.344000e-03 2.005440e-01
135 7.884440e-01 9.328000e-03 2.022280e-01
136 7.867200e-01 9.388000e-03 2.038920e-01
137 7.850720e-01 9.424000e-03 2.055040e-01
138 7.834400e-01 9.376000e-03 2.071840e-01
139 7.818680e-01 9.348000e-03 2.087840e-01
140 7.805800e-01 8.916000e-03 2.105040e-01
141 7.790920e-01 8.936000e-03 2.119720e-01
142 7.775720e-01 8.884000e-03 2.135440e-01
143 7.760600e-01 8.788000e-03 2.151520e-01
144 7.745200e-01 8.836000e-03 2.166440e-01
145 7.728960e-01 8.956000e-03 2.181480e-01
146 7.714440e-01 8.876000e-03 2.196800e-01
147 7.699440e-01 8.876000e-03 2.211800e-01
148 7.684920e-01 8.700000e-03 2.228080e-01
149 7.670760e-01 8.660000e-03 2.242640e-01
150 7.656280e-01 8.628000e-03 2.257440e-01
151 7.642000e-01 8.520000e-03 2.272800e-01
152 7.627080e-01 8.476000e-03 2.288160e-01
153 7.612120e-01 8.476000e-03 2.303120e-01
154 7.597360e-01 8.420000e-03 2.318440e-01
155 7.582120e-01 8.376000e-03 2.334120e-01
156 7.567640e-01 8.372000e-03 2.348640e-01
157 7.553560e-01 8.428000e-03 2.362160e-01
158 7.540240e-01 8.176000e-03 2.378000e-01
159 7.526720e-01 7.976000e-03 2.393520e-01
160 7.513360e-01 8.008000e-03 2.406560e-01
161 7.497960e-01 8.188000e-03 2.420160e-01
162 7.483200e-01 8.244000e-03 2.434360e-01
163 7.467480e-01 8.260000e-03 2.449920e-01
164 7.453960e-01 8.228000e-03 2.463760e-01
165 7.439280e-01 8.276000e-03 2.477960e-01
166 7.425160e-01 8.220000e-03 2.492640e-01
167 7.410040e-01 8.284000e-03 2.507120e-01
168 7.394920e-01 8.364000e-03 2.521440e-01
169 7.380840e-01 8.228000e-03 2.536880e-01
170 7.369240e-01 7.824000e-03 2.552520e-01
171 7.356560e-01 7.632000e-03 2.567120e-01
172 7.344000e-01 7.496000e-03 2.581040e-01
173 7.330640e-01 7.476000e-03 2.594600e-01
174 7.316280e-01 7.568000e-03 2.608040e-01
175 7.302240e-01 7.592000e-03 2.621840e-01
176 7.288600e-01 7.644000e-03 2.634960e-01
177 7.275040e-01 7.596000e-03 2.649000e-01
178 7.262760e-01 7.544000e-03 2.661800e-01
179 7.249760e-01 7.452000e-03 2.675720e-01
180 7.237200e-01 7.268000e-03 2.690120e-01
181 7.224320e-01 7.312000e-03 2.702560e-01
182 7.211000e-01 7.396000e-03 2.715040e-01
183 7.199280e-01 7.268000e-03 2.728040e-01
184 7.188280e-01 7.100000e-03 2.740720e-01
185 7.175320e-01 7.352000e-03 2.751160e-01
186 7.164160e-01 7.104000e-03 2.764800e-01
187 7.154160e-01 6.960000e-03 2.776240e-01
188 7.142760e-01 6.884000e-03 2.788400e-01
189 7.131440e-01 6.748000e-03 2.801080e-01
190 7.119440e-01 6.740000e-03 2.813160e-01
191 7.109440e-01 6.576000e-03 2.824800e-01
192 7.097640e-01 6.516000e-03 2.837200e-01
193 7.085320e-01 6.620000e-03 2.848480e-01
194 7.072800e-01 6.600000e-03 2.861200e-01
195 7.060520e-01 6.792000e-03 2.871560e-01
196 7.049960e-01 6.672000e-03 2.883320e-01
197 7.038600e-01 6.672000e-03 2.894680e-01
198 7.027600e-01 6.544000e-03 2.906960e-01
199 7.016280e-01 6.452000e-03 2.919200e-01
200 7.006640e-01 6.200000e-03 2.931360e-01
201 6.995720e-01 6.272000e-03 2.941560e-01
202 6.984880e-01 6.288000e-03 2.952240e-01
203 6.973080e-01 6.372000e-03 2.963200e-01
204 6.961960e-01 6.340000e-03 2.974640e-01
205 6.950440e-01 6.352000e-03 2.986040e-01
206 6.937520e-01 6.536000e-03 2.997120e-01
207 6.926120e-01 6.504000e-03 3.008840e-01
208 6.914920e-01 6.368000e-03 3.021400e-01
209 6.903080e-01 6.432000e-03 3.032600e-01
210 6.893320e-01 6.276000e-03 3.043920e-01
211 6.882080e-01 6.284000e-03 3.055080e-01
212 6.870760e-01 6.420000e-03 3.065040e-01
213 6.859560e-01 6.440000e-03 3.076040e-01
214 6.849120e-01 6.408000e-03 3.086800e-01
215 6.837160e-01 6.360000e-03 3.099240e-01
216 6.826040e-01 6.344000e-03 3.110520e-01
217 6.814040e-01 6.480000e-03 3.121160e-01
218 6.803640e-01 6.532000e-03 3.131040e-01
219 6.792080e-01 6.416000e-03 3.143760e-01
220 6.781160e-01 6.396000e-03 3.154880e-01
221 6.770160e-01 6.308000e-03 3.166760e-01
222 6.758560e-01 6.376000e-03 3.177680e-01
223 6.749440e-01 6.096000e-03 3.189600e-01
224 6.740480e-01 5.916000e-03 3.200360e-01
225 6.732080e-01 5.772000e-03 3.210200e-01
226 6.724120e-01 5.424000e-03 3.221640e-01
227 6.715480e-01 5.304000e-03 3.231480e-01
228 6.707040e-01 5.228000e-03 3.240680e-01
229 6.698720e-01 5.132000e-03 3.249960e-01
230 6.690480e-01 5.024000e-03 3.259280e-01
231 6.682320e-01 4.864000e-03 3.269040e-01
232 6.674680e-01 4.840000e-03 3.276920e-01
233 6.666320e-01 4.832000e-03 3.285360e-01
234 6.658800e-01 4.736000e-03 3.293840e-01
235 6.651480e-01 4.704000e-03 3.301480e-01
236 6.643280e-01 4.744000e-03 3.309280e-01
237 6.635160e-01 4.676000e-03 3.318080e-01
238 6.626320e-01 4.736000e-03 3.326320e-01
239 6.618320e-01 4.660000e-03 3.335080e-01
240 6.612000e-01 4.448000e-03 3.343520e-01
241 6.603960e-01 4.524000e-03 3.350800e-01
242 6.595840e-01 4.476000e-03 3.359400e-01
243 6.589040e-01 4.320000e-03 3.367760e-01
244 6.582360e-01 4.224000e-03 3.375400e-01
245 6.574960e-01 4.220000e-03 3.382840e-01
246 6.566800e-01 4.268000e-03 3.390520e-01
247 6.558520e-01 4.388000e-03 3.397600e-01
248 6.550680e-01 4.364000e-03 3.405680e-01
249 6.542440e-01 4.412000e-03 3.413440e-01
250 6.534440e-01 4.368000e-03 3.421880e-01
251 6.527760e-01 4.312000e-03 3.429120e-01
252 6.520720e-01 4.240000e-03 3.436880e-01
253 6.513880e-01 4.176000e-03 3.444360e-01
254 6.507640e-01 4.156000e-03 3.450800e-01
255 6.501200e-01 4.112000e-03 3.457680e-01
256 6.494960e-01 4.016000e-03 3.464880e-01
257 6.488280e-01 3.972000e-03 3.472000e-01
258 6.481880e-01 3.920000e-03 3.478920e-01
259 6.474360e-01 3.964000e-03 3.486000e-01
260 6.467840e-01 3.928000e-03 3.492880e-01
261 6.460240e-01 3.980000e-03 3.499960e-01
262 6.454480e-01 3.872000e-03 3.506800e-01
263 6.447400e-01 3.924000e-03 3.513360e-01
264 6.441080e-01 3.912000e-03 3.519800e-01
265 6.434600e-01 3.928000e-03 3.526120e-01
266 6.428160e-01 3.864000e-03 3.533200e-01
267 6.422320e-01 3.860000e-03 3.539080e-01
268 6.416560e-01 3.712000e-03 3.546320e-01
269 6.410280e-01 3.624000e-03 3.553480e-01
270 6.404160e-01 3.636000e-03 3.559480e-01
271 6.398240e-01 3.672000e-03 3.565040e-01
272 6.391960e-01 3.676000e-03 3.571280e-01
273 6.385680e-01 3.700000e-03 3.577320e-01
274 6.378880e-01 3.808000e-03 3.583040e-01
275 6.372200e-01 3.772000e-03 3.590080e-01
276 6.365560e-01 3.740000e-03 3.597040e-01
277 6.359400e-01 3.672000e-03 3.603880e-01
278 6.353360e-01 3.660000e-03 3.610040e-01
279 6.347840e-01 3.596000e-03 3.616200e-01
280 6.341760e-01 3.588000e-03 3.622360e-01
281 6.334920e-01 3.616000e-03 3.628920e-01
282 6.328560e-01 3.576000e-03 3.635680e-01
283 6.321640e-01 3.624000e-03 3.642120e-01
284 6.315600e-01 3.608000e-03 3.648320e-01
285 6.310000e-01 3.556000e-03 3.654440e-01
286 6.303840e-01 3.496000e-03 3.661200e-01
287 6.298280e-01 3.432000e-03 3.667400e-01
288 6.293120e-01 3.428000e-03 3.672600e-01
289 6.287520e-01 3.384000e-03 3.678640e-01
290 6.281240e-01 3.356000e-03 3.685200e-01
291 6.275440e-01 3.336000e-03 3.691200e-01
292 6.269560e-01 3.320000e-03 3.697240e-01
293 6.263320e-01 3.436000e-03 3.702320e-01
294 6.258080e-01 3.308000e-03 3.708840e-01
295 6.252360e-01 3.232000e-03 3.715320e-01
296 6.248120e-01 3.056000e-03 3.721320e-01
297 6.242600e-01 3.104000e-03 3.726360e-01
298 6.237680e-01 3.068000e-03 3.731640e-01
299 6.232640e-01 3.056000e-03 3.736800e-01
300 6.227800e-01 2.972000e-03 3.742480e-01
301 6.222440e-01 2.960000e-03 3.747960e-01
302 6.217280e-01 3.028000e-03 3.752440e-01
303 6.212040e-01 3.060000e-03 3.757360e-01
304 6.207440e-01 2.972000e-03 3.762840e-01
305 6.203120e-01 2.888000e-03 3.768000e-01
306 6.199160e-01 2.796000e-03 3.772880e-01
307 6.195040e-01 2.732000e-03 3.777640e-01
308 6.191600e-01 2.612000e-03 3.782280e-01
309 6.188240e-01 2.464000e-03 3.787120e-01
310 6.185040e-01 2.384000e-03 3.791120e-01
311 6.180400e-01 2.396000e-03 3.795640e-01
312 6.176840e-01 2.348000e-03 3.799680e-01
313 6.173080e-01 2.356000e-03 3.803360e-01
314 6.169120e-01 2.352000e-03 3.807360e-01
315 6.165120e-01 2.284000e-03 3.812040e-01
316 6.160760e-01 2.320000e-03 3.816040e-01
317 6.157040e-01 2.308000e-03 3.819880e-01
318 6.153800e-01 2.240000e-03 3.823800e-01
319 6.149840e-01 2.232000e-03 3.827840e-01
320 6.146240e-01 2.208000e-03 3.831680e-01
321 6.142040e-01 2.300000e-03 3.834960e-01
322 6.137000e-01 2.400000e-03 3.839000e-01
323 6.131840e-01 2.428000e-03 3.843880e-01
324 6.127840e-01 2.364000e-03 3.848520e-01
325 6.124160e-01 2.192000e-03 3.853920e-01
326 6.120600e-01 2.132000e-03 3.858080e-01
327 6.116480e-01 2.208000e-03 3.861440e-01
328 6.112720e-01 2.168000e-03 3.865600e-01
329 6.108520e-01 2.164000e-03 3.869840e-01
330 6.105360e-01 2.088000e-03 3.873760e-01
331 6.102000e-01 2.100000e-03 3.877000e-01
332 6.098960e-01 2.068000e-03 3.880360e-01
333 6.095840e-01 1.980000e-03 3.884360e-01
334 6.092480e-01 1.976000e-03 3.887760e-01
335 6.089040e-01 1.928000e-03 3.891680e-01
336 6.085480e-01 1.928000e-03 3.895240e-01
337 6.082840e-01 1.832000e-03 3.898840e-01
338 6.080480e-01 1.752000e-03 3.902000e-01
339 6.077160e-01 1.788000e-03 3.904960e-01
340 6.074480e-01 1.676000e-03 3.908760e-01
341 6.071880e-01 1.672000e-03 3.911400e-01
342 6.069000e-01 1.668000e-03 3.914320e-01
343 6.066480e-01 1.684000e-03 3.916680e-01
344 6.063160e-01 1.736000e-03 3.919480e-01
345 6.060480e-01 1.712000e-03 3.922400e-01
346 6.057120e-01 1.724000e-03 3.925640e-01
347 6.054480e-01 1.744000e-03 3.928080e-01
348 6.052200e-01 1.692000e-03 3.930880e-01
349 6.049880e-01 1.660000e-03 3.933520e-01
350 6.047880e-01 1.588000e-03 3.936240e-01
351 6.046360e-01 1.492000e-03 3.938720e-01
352 6.044200e-01 1.440000e-03 3.941400e-01
353 6.042560e-01 1.336000e-03 3.944080e-01
354 6.041480e-01 1.232000e-03 3.946200e-01
355 6.040080e-01 1.192000e-03 3.948000e-01
356 6.038680e-01 1.160000e-03 3.949720e-01
357 6.037240e-01 1.112000e-03 3.951640e-01
358 6.035600e-01 1.076000e-03 3.953640e-01
359 6.034040e-01 1.012000e-03 3.955840e-01
360 6.032160e-01 1.076000e-03 3.957080e-01
361 6.030600e-01 1.032000e-03 3.959080e-01
362 6.028200e-01 1.080000e-03 3.961000e-01
363 6.026360e-01 1.092000e-03 3.962720e-01
364 6.024240e-01 1.140000e-03 3.964360e-01
365 6.022040e-01 1.192000e-03 3.966040e-01
366 6.019520e-01 1.200000e-03 3.968480e-01
367 6.017520e-01 1.156000e-03 3.970920e-01
368 6.014880e-01 1.204000e-03 3.973080e-01
369 6.012840e-01 1.236000e-03 3.974800e-01
370 6.010560e-01 1.216000e-03 3.977280e-01
371 6.008240e-01 1.252000e-03 3.979240e-01
372 6.006840e-01 1.148000e-03 3.981680e-01
373 6.005320e-01 1.100000e-03 3.983680e-01
374 6.003400e-01 1.096000e-03 3.985640e-01
375 6.001960e-01 1.008000e-03 3.987960e-01
376 6.000360e-01 9.880000e-04 3.989760e-01
377 5.998400e-01 1.004000e-03 3.991560e-01
378 5.997080e-01 9.760000e-04 3.993160e-01
379 5.995200e-01 9.480000e-04 3.995320e-01
380 5.993920e-01 8.960000e-04 3.997120e-01
381 5.993120e-01 8.080000e-04 3.998800e-01
382 5.992000e-01 7.600000e-04 4.000400e-01
383 5.991000e-01 7.080000e-04 4.001920e-01
384 5.989680e-01 7.240000e-04 4.003080e-01
385 5.988800e-01 7.080000e-04 4.004120e-01
386 5.987800e-01 6.960000e-04 4.005240e-01
387 5.986520e-01 7.000000e-04 4.006480e-01
388 5.985680e-01 6.560000e-04 4.007760e-01
389 5.984600e-01 6.680000e-04 4.008720e-01
390 5.983280e-01 6.960000e-04 4.009760e-01
391 5.982080e-01 7.080000e-04 4.010840e-01
392 5.980760e-01 7.480000e-04 4.011760e-01
393 5.978960e-01 7.640000e-04 4.013400e-01
394 5.977120e-01 8.120000e-04 4.014760e-01
395 5.975440e-01 8.200000e-04 4.016360e-01
396 5.973960e-01 8.400000e-04 4.017640e-01
397 5.972320e-01 8.440000e-04 4.019240e-01
398 5.970880e-01 8.360000e-04 4.020760e-01
399 5.969600e-01 8.360000e-04 4.022040e-01
400 5.968440e-01 8.120000e-04 4.023440e-01
401 5.967120e-01 8.160000e-04 4.024720e-01
402 5.965720e-01 7.920000e-04 4.026360e-01
403 5.964680e-01 7.480000e-04 4.027840e-01
404 5.963280e-01 7.480000e-04 4.029240e-01
405 5.961720e-01 7.840000e-04 4.030440e-01
406 5.959920e-01 8.080000e-04 4.032000e-01
407 5.958520e-01 8.000000e-04 4.033480e-01
408 5.956560e-01 8.600000e-04 4.034840e-01
409 5.955080e-01 8.600000e-04 4.036320e-01
410 5.953920e-01 8.200000e-04 4.037880e-01
411 5.952000e-01 8.560000e-04 4.039440e-01
412 5.950760e-01 8.560000e-04 4.040680e-01
413 5.949120e-01 8.960000e-04 4.041920e-01
414 5.947840e-01 8.640000e-04 4.043520e-01
415 5.946240e-01 9.040000e-04 4.044720e-01
416 5.944600e-01 8.760000e-04 4.046640e-01
417 5.943560e-01 8.440000e-04 4.048000e-01
418 5.941640e-01 9.200000e-04 4.049160e-01
419 5.940120e-01 8.880000e-04 4.051000e-01
420 5.938600e-01 9.080000e-04 4.052320e-01
421 5.936640e-01 9.480000e-04 4.053880e-01
422 5.935200e-01 9.680000e-04 4.055120e-01
423 5.933680e-01 9.520000e-04 4.056800e-01
424 5.931480e-01 1.028000e-03 4.058240e-01
425 5.928280e-01 1.200000e-03 4.059720e-01
426 5.926480e-01 1.184000e-03 4.061680e-01
427 5.924160e-01 1.196000e-03 4.063880e-01
428 5.921880e-01 1.176000e-03 4.066360e-01
429 5.919960e-01 1.124000e-03 4.068800e-01
430 5.918560e-01 1.076000e-03 4.070680e-01
431 5.917160e-01 1.004000e-03 4.072800e-01
432 5.915800e-01 9.240000e-04 4.074960e-01
433 5.914200e-01 9.240000e-04 4.076560e-01
434 5.912600e-01 9.080000e-04 4.078320e-01
435 5.910880e-01 9.200000e-04 4.079920e-01
436 5.909120e-01 8.880000e-04 4.082000e-01
437 5.907720e-01 8.680000e-04 4.083600e-01
438 5.905640e-01 9.200000e-04 4.085160e-01
439 5.904400e-01 8.960000e-04 4.086640e-01
440 5.902880e-01 8.800000e-04 4.088320e-01
441 5.901560e-01 9.160000e-04 4.089280e-01
442 5.899760e-01 9.000000e-04 4.091240e-01
443 5.898280e-01 8.840000e-04 4.092880e-01
444 5.896840e-01 8.560000e-04 4.094600e-01
445 5.894880e-01 8.920000e-04 4.096200e-01
446 5.893680e-01 8.600000e-04 4.097720e-01
447 5.892480e-01 8.320000e-04 4.099200e-01
448 5.891600e-01 8.000000e-04 4.100400e-01
449 5.890160e-01 8.160000e-04 4.101680e-01
450 5.888400e-01 8.880000e-04 4.102720e-01
451 5.886560e-01 8.760000e-04 4.104680e-01
452 5.884640e-01 9.160000e-04 4.106200e-01
453 5.882960e-01 9.360000e-04 4.107680e-01
454 5.881160e-01 9.440000e-04 4.109400e-01
455 5.879920e-01 8.800000e-04 4.111280e-01
456 5.878560e-01 8.560000e-04 4.112880e-01
457 5.877360e-01 7.840000e-04 4.114800e-01
458 5.876560e-01 7.360000e-04 4.116080e-01
459 5.874880e-01 7.640000e-04 4.117480e-01
460 5.873960e-01 6.840000e-04 4.119200e-01
461 5.872520e-01 7.040000e-04 4.120440e-01
462 5.871200e-01 7.160000e-04 4.121640e-01
463 5.869880e-01 7.400000e-04 4.122720e-01
464 5.868000e-01 7.920000e-04 4.124080e-01
465 5.865840e-01 8.640000e-04 4.125520e-01
466 5.863840e-01 9.040000e-04 4.127120e-01
467 5.861560e-01 9.400000e-04 4.129040e-01
468 5.859960e-01 9.480000e-04 4.130560e-01
469 5.858320e-01 9.440000e-04 4.132240e-01
470 5.856680e-01 9.640000e-04 4.133680e-01
471 5.855200e-01 8.960000e-04 4.135840e-01
472 5.853960e-01 8.760000e-04 4.137280e-01
473 5.852280e-01 8.880000e-04 4.138840e-01
474 5.850640e-01 9.000000e-04 4.140360e-01
475 5.848560e-01 9.680000e-04 4.141760e-01
476 5.846320e-01 1.024000e-03 4.143440e-01
477 5.844040e-01 1.088000e-03 4.145080e-01
478 5.842400e-01 1.084000e-03 4.146760e-01
479 5.840600e-01 1.044000e-03 4.148960e-01
480 5.839040e-01 9.920000e-04 4.151040e-01
481 5.837160e-01 9.320000e-04 4.153520e-01
482 5.835800e-01 9.200000e-04 4.155000e-01
483 5.834440e-01 9.280000e-04 4.156280e-01
484 5.832520e-01 9.600000e-04 4.157880e-01
485 5.830760e-01 9.040000e-04 4.160200e-01
486 5.829520e-01 8.480000e-04 4.162000e-01
487 5.828240e-01 8.240000e-04 4.163520e-01
488 5.826600e-01 8.760000e-04 4.164640e-01
489 5.825280e-01 8.480000e-04 4.166240e-01
490 5.824000e-01 8.640000e-04 4.167360e-01
491 5.822280e-01 8.800000e-04 4.168920e-01
492 5.820600e-01 9.080000e-04 4.170320e-01
493 5.819200e-01 9.080000e-04 4.171720e-01
494 5.817720e-01 8.760000e-04 4.173520e-01
495 5.816120e-01 8.960000e-04 4.174920e-01
496 5.814480e-01 9.200000e-04 4.176320e-01
497 5.812720e-01 9.480000e-04 4.177800e-01
498 5.810560e-01 9.560000e-04 4.179880e-01
499 5.809160e-01 9.480000e-04 4.181360e-01
500 5.807600e-01 9.280000e-04 4.183120e-01
