1 9.992600e-01 6.360000e-04 1.040000e-04
2 9.987880e-01 9.560000e-04 2.560000e-04
3 9.981800e-01 1.328000e-03 4.920000e-04
4 9.975320e-01 1.704000e-03 7.640000e-04
5 9.969280e-01 1.964000e-03 1.108000e-03
6 9.961720e-01 2.332000e-03 1.496000e-03
7 9.953560e-01 2.756000e-03 1.888000e-03
8 9.945120e-01 3.100000e-03 2.388000e-03
9 9.936280e-01 3.392000e-03 2.980000e-03
10 9.926520e-01 3.808000e-03 3.540000e-03
11 9.916840e-01 4.064000e-03 4.252000e-03
12 9.906840e-01 4.348000e-03 4.968000e-03
13 9.895760e-01 4.688000e-03 5.736000e-03
14 9.883520e-01 5.044000e-03 6.604000e-03
15 9.871400e-01 5.388000e-03 7.472000e-03
16 9.858240e-01 5.772000e-03 8.404000e-03
17 9.846720e-01 5.868000e-03 9.460000e-03
18 9.835480e-01 5.972000e-03 1.048000e-02
19 9.823080e-01 6.156000e-03 1.153600e-02
20 9.812040e-01 6.144000e-03 1.265200e-02
21 9.800960e-01 6.108000e-03 1.379600e-02
22 9.790040e-01 6.160000e-03 1.483600e-02
23 9.777320e-01 6.348000e-03 1.592000e-02
24 9.764120e-01 6.500000e-03 1.708800e-02
25 9.752120e-01 6.472000e-03 1.831600e-02
26 9.741680e-01 6.272000e-03 1.956000e-02
27 9.729840e-01 6.292000e-03 2.072400e-02
28 9.718680e-01 6.332000e-03 2.180000e-02
29 9.706440e-01 6.452000e-03 2.290400e-02
30 9.694560e-01 6.512000e-03 2.403200e-02
31 9.682280e-01 6.456000e-03 2.531600e-02
32 9.669640e-01 6.700000e-03 2.633600e-02
33 9.657360e-01 6.832000e-03 2.743200e-02
34 9.643480e-01 6.992000e-03 2.866000e-02
35 9.629560e-01 7.148000e-03 2.989600e-02
36 9.615120e-01 7.364000e-03 3.112400e-02
37 9.601640e-01 7.388000e-03 3.244800e-02
38 9.587840e-01 7.496000e-03 3.372000e-02
39 9.575520e-01 7.332000e-03 3.511600e-02
40 9.563880e-01 7.248000e-03 3.636400e-02
41 9.551400e-01 7.180000e-03 3.768000e-02
42 9.537880e-01 7.196000e-03 3.901600e-02
43 9.523040e-01 7.348000e-03 4.034800e-02
44 9.508400e-01 7.568000e-03 4.159200e-02
45 9.493880e-01 7.660000e-03 4.295200e-02
46 9.479800e-01 7.656000e-03 4.436400e-02
47 9.465560e-01 7.760000e-03 4.568400e-02
48 9.451040e-01 7.844000e-03 4.705200e-02
49 9.435680e-01 8.096000e-03 4.833600e-02
50 9.419320e-01 8.224000e-03 4.984400e-02
51 9.404480e-01 8.148000e-03 5.140400e-02
52 9.389600e-01 8.252000e-03 5.278800e-02
53 9.374640e-01 8.468000e-03 5.406800e-02
54 9.359520e-01 8.632000e-03 5.541600e-02
55 9.343400e-01 8.684000e-03 5.697600e-02
56 9.328080e-01 8.812000e-03 5.838000e-02
57 9.311880e-01 8.888000e-03 5.992400e-02
58 9.295720e-01 8.996000e-03 6.143200e-02
59 9.279480e-01 9.044000e-03 6.300800e-02
60 9.263120e-01 8.988000e-03 6.470000e-02
61 9.249080e-01 8.840000e-03 6.625200e-02
62 9.234280e-01 8.860000e-03 6.771200e-02
63 9.219520e-01 8.772000e-03 6.927600e-02
64 9.203600e-01 8.856000e-03 7.078400e-02
65 9.189800e-01 8.740000e-03 7.228000e-02
66 9.176640e-01 8.640000e-03 7.369600e-02
67 9.162280e-01 8.592000e-03 7.518000e-02
68 9.145840e-01 8.412000e-03 7.700400e-02
69 9.131040e-01 8.512000e-03 7.838400e-02
70 9.114160e-01 8.660000e-03 7.992400e-02
71 9.096120e-01 9.020000e-03 8.136800e-02
72 9.080120e-01 9.040000e-03 8.294800e-02
73 9.063560e-01 9.056000e-03 8.458800e-02
74 9.046600e-01 9.228000e-03 8.611200e-02
75 9.030200e-01 9.300000e-03 8.768000e-02
76 9.013920e-01 9.236000e-03 8.937200e-02
77 8.997720e-01 9.320000e-03 9.090800e-02
78 8.978800e-01 9.392000e-03 9.272800e-02
79 8.962080e-01 9.388000e-03 9.440400e-02
80 8.945920e-01 9.212000e-03 9.619600e-02
81 8.932320e-01 8.996000e-03 9.777200e-02
82 8.917320e-01 9.012000e-03 9.925600e-02
83 8.901400e-01 8.984000e-03 1.008760e-01
84 8.886320e-01 8.912000e-03 1.024560e-01
85 8.872040e-01 8.772000e-03 1.040240e-01
86 8.856120e-01 8.852000e-03 1.055360e-01
87 8.839640e-01 8.984000e-03 1.070520e-01
88 8.825440e-01 8.876000e-03 1.085800e-01
89 8.812360e-01 8.640000e-03 1.101240e-01
90 8.797720e-01 8.712000e-03 1.115160e-01
91 8.782640e-01 8.708000e-03 1.130280e-01
92 8.768120e-01 8.656000e-03 1.145320e-01
93 8.754120e-01 8.504000e-03 1.160840e-01
94 8.739600e-01 8.476000e-03 1.175640e-01
95 8.725240e-01 8.340000e-03 1.191360e-01
96 8.710320e-01 8.264000e-03 1.207040e-01
97 8.696160e-01 8.172000e-03 1.222120e-01
98 8.683920e-01 7.884000e-03 1.237240e-01
99 8.670600e-01 7.820000e-03 1.251200e-01
100 8.658040e-01 7.640000e-03 1.265560e-01
101 8.645480e-01 7.616000e-03 1.278360e-01
102 8.632680e-01 7.620000e-03 1.291120e-01
103 8.619040e-01 7.588000e-03 1.305080e-01
104 8.607400e-01 7.540000e-03 1.317200e-01
105 8.593640e-01 7.616000e-03 1.330200e-01
106 8.579440e-01 7.668000e-03 1.343880e-01
107 8.565040e-01 7.776000e-03 1.357200e-01
108 8.550840e-01 7.928000e-03 1.369880e-01
109 8.537760e-01 7.860000e-03 1.383640e-01
110 8.524280e-01 7.788000e-03 1.397840e-01
111 8.510000e-01 7.868000e-03 1.411320e-01
112 8.495640e-01 7.888000e-03 1.425480e-01
113 8.481800e-01 7.928000e-03 1.438920e-01
114 8.468720e-01 7.956000e-03 1.451720e-01
115 8.456120e-01 7.832000e-03 1.465560e-01
116 8.443400e-01 7.752000e-03 1.479080e-01
117 8.432000e-01 7.552000e-03 1.492480e-01
118 8.419760e-01 7.436000e-03 1.505880e-01
119 8.406480e-01 7.580000e-03 1.517720e-01
120 8.393560e-01 7.532000e-03 1.531120e-01
121 8.380320e-01 7.576000e-03 1.543920e-01
122 8.368920e-01 7.484000e-03 1.556240e-01
123 8.357000e-01 7.320000e-03 1.569800e-01
124 8.345360e-01 7.252000e-03 1.582120e-01
125 8.333880e-01 7.248000e-03 1.593640e-01
126 8.322120e-01 7.144000e-03 1.606440e-01
127 8.310840e-01 6.996000e-03 1.619200e-01
128 8.299160e-01 6.960000e-03 1.631240e-01
129 8.286600e-01 6.952000e-03 1.643880e-01
130 8.274680e-01 6.904000e-03 1.656280e-01
131 8.261760e-01 7.016000e-03 1.668080e-01
132 8.247800e-01 7.236000e-03 1.679840e-01
133 8.234880e-01 7.136000e-03 1.693760e-01
134 8.221760e-01 7.232000e-03 1.705920e-01
135 8.209240e-01 7.260000e-03 1.718160e-01
136 8.195480e-01 7.384000e-03 1.730680e-01
137 8.182880e-01 7.384000e-03 1.743280e-01
138 8.169560e-01 7.524000e-03 1.755200e-01
139 8.157440e-01 7.428000e-03 1.768280e-01
140 8.142840e-01 7.520000e-03 1.781960e-01
141 8.130440e-01 7.372000e-03 1.795840e-01
142 8.117120e-01 7.348000e-03 1.809400e-01
143 8.102840e-01 7.520000e-03 1.821960e-01
144 8.087640e-01 7.688000e-03 1.835480e-01
145 8.075000e-01 7.684000e-03 1.848160e-01
146 8.062280e-01 7.612000e-03 1.861600e-01
147 8.050080e-01 7.484000e-03 1.875080e-01
148 8.036920e-01 7.516000e-03 1.887920e-01
149 8.024200e-01 7.476000e-03 1.901040e-01
150 8.011160e-01 7.484000e-03 1.914000e-01
151 7.998800e-01 7.484000e-03 1.926360e-01
152 7.986440e-01 7.392000e-03 1.939640e-01
153 7.975320e-01 7.140000e-03 1.953280e-01
154 7.964880e-01 6.900000e-03 1.966120e-01
155 7.954120e-01 6.788000e-03 1.978000e-01
156 7.942520e-01 6.800000e-03 1.989480e-01
157 7.932320e-01 6.588000e-03 2.001800e-01
158 7.921840e-01 6.484000e-03 2.013320e-01
159 7.911640e-01 6.316000e-03 2.025200e-01
160 7.900840e-01 6.348000e-03 2.035680e-01
161 7.889080e-01 6.424000e-03 2.046680e-01
162 7.878080e-01 6.448000e-03 2.057440e-01
163 7.865880e-01 6.500000e-03 2.069120e-01
164 7.854000e-01 6.464000e-03 2.081360e-01
165 7.843040e-01 6.380000e-03 2.093160e-01
166 7.830960e-01 6.576000e-03 2.103280e-01
167 7.819400e-01 6.552000e-03 2.115080e-01
168 7.808640e-01 6.416000e-03 2.127200e-01
169 7.796480e-01 6.424000e-03 2.139280e-01
170 7.785240e-01 6.528000e-03 2.149480e-01
171 7.773120e-01 6.476000e-03 2.162120e-01
172 7.761640e-01 6.404000e-03 2.174320e-01
173 7.748800e-01 6.604000e-03 2.185160e-01
174 7.735240e-01 6.864000e-03 2.196120e-01
175 7.721360e-01 7.040000e-03 2.208240e-01
176 7.708280e-01 7.220000e-03 2.219520e-01
177 7.694000e-01 7.352000e-03 2.232480e-01
178 7.681320e-01 7.356000e-03 2.245120e-01
179 7.667560e-01 7.556000e-03 2.256880e-01
180 7.655480e-01 7.444000e-03 2.270080e-01
181 7.642880e-01 7.288000e-03 2.284240e-01
182 7.631280e-01 7.212000e-03 2.296600e-01
183 7.620200e-01 7.092000e-03 2.308880e-01
184 7.609640e-01 6.968000e-03 2.320680e-01
185 7.598400e-01 6.840000e-03 2.333200e-01
186 7.587320e-01 6.772000e-03 2.344960e-01
187 7.576720e-01 6.584000e-03 2.357440e-01
188 7.564760e-01 6.676000e-03 2.368480e-01
189 7.553440e-01 6.648000e-03 2.380080e-01
190 7.541520e-01 6.756000e-03 2.390920e-01
191 7.530640e-01 6.684000e-03 2.402520e-01
192 7.518800e-01 6.732000e-03 2.413880e-01
193 7.506040e-01 6.832000e-03 2.425640e-01
194 7.493240e-01 7.000000e-03 2.436760e-01
195 7.481080e-01 6.944000e-03 2.449480e-01
196 7.469000e-01 6.852000e-03 2.462480e-01
197 7.458120e-01 6.744000e-03 2.474440e-01
198 7.446920e-01 6.728000e-03 2.485800e-01
199 7.435440e-01 6.756000e-03 2.497000e-01
200 7.424120e-01 6.756000e-03 2.508320e-01
201 7.414280e-01 6.696000e-03 2.518760e-01
202 7.403360e-01 6.648000e-03 2.530160e-01
203 7.393000e-01 6.636000e-03 2.540640e-01
204 7.382520e-01 6.584000e-03 2.551640e-01
205 7.372080e-01 6.512000e-03 2.562800e-01
206 7.362200e-01 6.244000e-03 2.575360e-01
207 7.352120e-01 6.200000e-03 2.585880e-01
208 7.341480e-01 6.152000e-03 2.597000e-01
209 7.331880e-01 6.144000e-03 2.606680e-01
210 7.322320e-01 6.096000e-03 2.616720e-01
211 7.312480e-01 5.976000e-03 2.627760e-01
212 7.303720e-01 5.768000e-03 2.638600e-01
213 7.293360e-01 5.812000e-03 2.648520e-01
214 7.283960e-01 5.716000e-03 2.658880e-01
215 7.273920e-01 5.668000e-03 2.669400e-01
216 7.262680e-01 5.772000e-03 2.679600e-01
217 7.253600e-01 5.700000e-03 2.689400e-01
218 7.243400e-01 5.760000e-03 2.699000e-01
219 7.232400e-01 5.736000e-03 2.710240e-01
220 7.221760e-01 5.716000e-03 2.721080e-01
221 7.211560e-01 5.672000e-03 2.731720e-01
222 7.202720e-01 5.536000e-03 2.741920e-01
223 7.192240e-01 5.544000e-03 2.752320e-01
224 7.182600e-01 5.484000e-03 2.762560e-01
225 7.173880e-01 5.440000e-03 2.771720e-01
226 7.163600e-01 5.472000e-03 2.781680e-01
227 7.153240e-01 5.588000e-03 2.790880e-01
228 7.144360e-01 5.416000e-03 2.801480e-01
229 7.134800e-01 5.480000e-03 2.810400e-01
230 7.124760e-01 5.452000e-03 2.820720e-01
231 7.115800e-01 5.420000e-03 2.830000e-01
232 7.106560e-01 5.396000e-03 2.839480e-01
233 7.098600e-01 5.188000e-03 2.849520e-01
234 7.089720e-01 5.084000e-03 2.859440e-01
235 7.080520e-01 5.008000e-03 2.869400e-01
236 7.071120e-01 5.064000e-03 2.878240e-01
237 7.062880e-01 5.072000e-03 2.886400e-01
238 7.053240e-01 5.172000e-03 2.895040e-01
239 7.042640e-01 5.292000e-03 2.904440e-01
240 7.034120e-01 5.212000e-03 2.913760e-01
241 7.025560e-01 5.168000e-03 2.922760e-01
242 7.015360e-01 5.196000e-03 2.932680e-01
243 7.005640e-01 5.192000e-03 2.942440e-01
244 6.995480e-01 5.304000e-03 2.951480e-01
245 6.986240e-01 5.404000e-03 2.959720e-01
246 6.977800e-01 5.460000e-03 2.967600e-01
247 6.968800e-01 5.404000e-03 2.977160e-01
248 6.959160e-01 5.348000e-03 2.987360e-01
249 6.949760e-01 5.348000e-03 2.996760e-01
250 6.941160e-01 5.336000e-03 3.005480e-01
251 6.932560e-01 5.256000e-03 3.014880e-01
252 6.923360e-01 5.324000e-03 3.023400e-01
253 6.914920e-01 5.184000e-03 3.033240e-01
254 6.905640e-01 5.264000e-03 3.041720e-01
255 6.896040e-01 5.376000e-03 3.050200e-01
256 6.886240e-01 5.268000e-03 3.061080e-01
257 6.877360e-01 5.284000e-03 3.069800e-01
258 6.867880e-01 5.288000e-03 3.079240e-01
259 6.858080e-01 5.444000e-03 3.087480e-01
260 6.848680e-01 5.428000e-03 3.097040e-01
261 6.839840e-01 5.356000e-03 3.106600e-01
262 6.830040e-01 5.396000e-03 3.116000e-01
263 6.819480e-01 5.504000e-03 3.125480e-01
264 6.809840e-01 5.588000e-03 3.134280e-01
265 6.802280e-01 5.388000e-03 3.143840e-01
266 6.793480e-01 5.400000e-03 3.152520e-01
267 6.784240e-01 5.444000e-03 3.161320e-01
268 6.774320e-01 5.380000e-03 3.171880e-01
269 6.764720e-01 5.304000e-03 3.182240e-01
270 6.757040e-01 5.012000e-03 3.192840e-01
271 6.748880e-01 4.956000e-03 3.201560e-01
272 6.740600e-01 5.020000e-03 3.209200e-01
273 6.731960e-01 5.068000e-03 3.217360e-01
274 6.722640e-01 5.124000e-03 3.226120e-01
275 6.712840e-01 5.252000e-03 3.234640e-01
276 6.704480e-01 5.064000e-03 3.244880e-01
277 6.695720e-01 5.088000e-03 3.253400e-01
278 6.688240e-01 4.932000e-03 3.262440e-01
279 6.680760e-01 4.764000e-03 3.271600e-01
280 6.672280e-01 4.908000e-03 3.278640e-01
281 6.662800e-01 5.088000e-03 3.286320e-01
282 6.654520e-01 5.004000e-03 3.295440e-01
283 6.646200e-01 4.952000e-03 3.304280e-01
284 6.637560e-01 4.940000e-03 3.313040e-01
285 6.630120e-01 4.912000e-03 3.320760e-01
286 6.621560e-01 4.900000e-03 3.329440e-01
287 6.612040e-01 5.004000e-03 3.337920e-01
288 6.604240e-01 4.960000e-03 3.346160e-01
289 6.596240e-01 4.896000e-03 3.354800e-01
290 6.589760e-01 4.716000e-03 3.363080e-01
291 6.582360e-01 4.660000e-03 3.371040e-01
292 6.575080e-01 4.616000e-03 3.378760e-01
293 6.568600e-01 4.440000e-03 3.387000e-01
294 6.561560e-01 4.432000e-03 3.394120e-01
295 6.553880e-01 4.384000e-03 3.402280e-01
296 6.545920e-01 4.520000e-03 3.408880e-01
297 6.538960e-01 4.384000e-03 3.417200e-01
298 6.532160e-01 4.264000e-03 3.425200e-01
299 6.524000e-01 4.364000e-03 3.432360e-01
300 6.516440e-01 4.360000e-03 3.439960e-01
301 6.509560e-01 4.348000e-03 3.446960e-01
302 6.502600e-01 4.344000e-03 3.453960e-01
303 6.495440e-01 4.340000e-03 3.461160e-01
304 6.487640e-01 4.332000e-03 3.469040e-01
305 6.479760e-01 4.384000e-03 3.476400e-01
306 6.471400e-01 4.436000e-03 3.484240e-01
307 6.463240e-01 4.560000e-03 3.491160e-01
308 6.455200e-01 4.560000e-03 3.499200e-01
309 6.448040e-01 4.396000e-03 3.508000e-01
310 6.441160e-01 4.356000e-03 3.515280e-01
311 6.434920e-01 4.292000e-03 3.522160e-01
312 6.428360e-01 4.168000e-03 3.529960e-01
313 6.421120e-01 4.156000e-03 3.537320e-01
314 6.415040e-01 4.012000e-03 3.544840e-01
315 6.408640e-01 3.940000e-03 3.551960e-01
316 6.403080e-01 3.796000e-03 3.558960e-01
317 6.397600e-01 3.664000e-03 3.565760e-01
318 6.392560e-01 3.504000e-03 3.572400e-01
319 6.387520e-01 3.340000e-03 3.579080e-01
320 6.381600e-01 3.352000e-03 3.584880e-01
321 6.376080e-01 3.276000e-03 3.591160e-01
322 6.370280e-01 3.336000e-03 3.596360e-01
323 6.364920e-01 3.272000e-03 3.602360e-01
324 6.359000e-01 3.296000e-03 3.608040e-01
325 6.353400e-01 3.252000e-03 3.614080e-01
326 6.347720e-01 3.264000e-03 3.619640e-01
327 6.341960e-01 3.380000e-03 3.624240e-01
328 6.336760e-01 3.256000e-03 3.630680e-01
329 6.331520e-01 3.288000e-03 3.635600e-01
330 6.326240e-01 3.292000e-03 3.640840e-01
331 6.320760e-01 3.356000e-03 3.645680e-01
332 6.314800e-01 3.308000e-03 3.652120e-01
333 6.308960e-01 3.372000e-03 3.657320e-01
334 6.303960e-01 3.244000e-03 3.663600e-01
335 6.298920e-01 3.236000e-03 3.668720e-01
336 6.294280e-01 3.112000e-03 3.674600e-01
337 6.289480e-01 3.052000e-03 3.680000e-01
338 6.285120e-01 2.900000e-03 3.685880e-01
339 6.281120e-01 2.820000e-03 3.690680e-01
340 6.276280e-01 2.792000e-03 3.695800e-01
341 6.271040e-01 2.876000e-03 3.700200e-01
342 6.266160e-01 2.872000e-03 3.705120e-01
343 6.261720e-01 2.792000e-03 3.710360e-01
344 6.256240e-01 2.792000e-03 3.715840e-01
345 6.251440e-01 2.812000e-03 3.720440e-01
346 6.246080e-01 2.884000e-03 3.725080e-01
347 6.239880e-01 3.084000e-03 3.729280e-01
348 6.234400e-01 3.080000e-03 3.734800e-01
349 6.229040e-01 3.144000e-03 3.739520e-01
350 6.223560e-01 3.216000e-03 3.744280e-01
351 6.218520e-01 3.184000e-03 3.749640e-01
352 6.213560e-01 3.188000e-03 3.754560e-01
353 6.208160e-01 3.168000e-03 3.760160e-01
354 6.201880e-01 3.192000e-03 3.766200e-01
355 6.195840e-01 3.208000e-03 3.772080e-01
356 6.190680e-01 3.184000e-03 3.777480e-01
357 6.184880e-01 3.232000e-03 3.782800e-01
358 6.179400e-01 3.120000e-03 3.789400e-01
359 6.174280e-01 3.132000e-03 3.794400e-01
360 6.169560e-01 3.016000e-03 3.800280e-01
361 6.164000e-01 3.088000e-03 3.805120e-01
362 6.159040e-01 2.976000e-03 3.811200e-01
363 6.154920e-01 2.876000e-03 3.816320e-01
364 6.149800e-01 2.904000e-03 3.821160e-01
365 6.144640e-01 2.920000e-03 3.826160e-01
366 6.140280e-01 2.868000e-03 3.831040e-01
367 6.135440e-01 2.892000e-03 3.835640e-01
368 6.130880e-01 2.864000e-03 3.840480e-01
369 6.126240e-01 2.736000e-03 3.846400e-01
370 6.122320e-01 2.648000e-03 3.851200e-01
371 6.117480e-01 2.704000e-03 3.855480e-01
372 6.112680e-01 2.748000e-03 3.859840e-01
373 6.108840e-01 2.604000e-03 3.865120e-01
374 6.103680e-01 2.672000e-03 3.869600e-01
375 6.099520e-01 2.524000e-03 3.875240e-01
376 6.095320e-01 2.428000e-03 3.880400e-01
377 6.090960e-01 2.400000e-03 3.885040e-01
378 6.085680e-01 2.528000e-03 3.889040e-01
379 6.081160e-01 2.512000e-03 3.893720e-01
380 6.076520e-01 2.500000e-03 3.898480e-01
381 6.071720e-01 2.532000e-03 3.902960e-01
382 6.067600e-01 2.480000e-03 3.907600e-01
383 6.063840e-01 2.368000e-03 3.912480e-01
384 6.060240e-01 2.308000e-03 3.916680e-01
385 6.056720e-01 2.304000e-03 3.920240e-01
386 6.052640e-01 2.304000e-03 3.924320e-01
387 6.047960e-01 2.340000e-03 3.928640e-01
388 6.043800e-01 2.364000e-03 3.932560e-01
389 6.038760e-01 2.488000e-03 3.936360e-01
390 6.035160e-01 2.396000e-03 3.940880e-01
391 6.031160e-01 2.356000e-03 3.945280e-01
392 6.026640e-01 2.404000e-03 3.949320e-01
393 6.022400e-01 2.456000e-03 3.953040e-01
394 6.018520e-01 2.388000e-03 3.957600e-01
395 6.014600e-01 2.340000e-03 3.962000e-01
396 6.010120e-01 2.328000e-03 3.966600e-01
397 6.005600e-01 2.436000e-03 3.970040e-01
398 6.001280e-01 2.492000e-03 3.973800e-01
399 5.996360e-01 2.564000e-03 3.978000e-01
400 5.992080e-01 2.620000e-03 3.981720e-01
401 5.987400e-01 2.696000e-03 3.985640e-01
402 5.982920e-01 2.644000e-03 3.990640e-01
403 5.978760e-01 2.592000e-03 3.995320e-01
404 5.974680e-01 2.492000e-03 4.000400e-01
405 5.970320e-01 2.496000e-03 4.004720e-01
406 5.966600e-01 2.432000e-03 4.009080e-01
407 5.961960e-01 2.452000e-03 4.013520e-01
408 5.957880e-01 2.436000e-03 4.017760e-01
409 5.953800e-01 2.424000e-03 4.021960e-01
410 5.950080e-01 2.420000e-03 4.025720e-01
411 5.946680e-01 2.332000e-03 4.030000e-01
412 5.942960e-01 2.236000e-03 4.034680e-01
413 5.939560e-01 2.108000e-03 4.039360e-01
414 5.936320e-01 2.000000e-03 4.043680e-01
415 5.932680e-01 1.984000e-03 4.047480e-01
416 5.929960e-01 1.888000e-03 4.051160e-01
417 5.926920e-01 1.868000e-03 4.054400e-01
418 5.924320e-01 1.804000e-03 4.057640e-01
419 5.920840e-01 1.800000e-03 4.061160e-01
420 5.917760e-01 1.820000e-03 4.064040e-01
421 5.914800e-01 1.840000e-03 4.066800e-01
422 5.911920e-01 1.820000e-03 4.069880e-01
423 5.908360e-01 1.880000e-03 4.072840e-01
424 5.905160e-01 1.860000e-03 4.076240e-01
425 5.901840e-01 1.880000e-03 4.079360e-01
426 5.897840e-01 1.968000e-03 4.082480e-01
427 5.893960e-01 2.052000e-03 4.085520e-01
428 5.889120e-01 2.160000e-03 4.089280e-01
429 5.885200e-01 2.200000e-03 4.092800e-01
430 5.881160e-01 2.288000e-03 4.095960e-01
431 5.877560e-01 2.328000e-03 4.099160e-01
432 5.873280e-01 2.356000e-03 4.103160e-01
433 5.869360e-01 2.328000e-03 4.107360e-01
434 5.864920e-01 2.320000e-03 4.111880e-01
435 5.860920e-01 2.320000e-03 4.115880e-01
436 5.855840e-01 2.400000e-03 4.120160e-01
437 5.851720e-01 2.368000e-03 4.124600e-01
438 5.847400e-01 2.412000e-03 4.128480e-01
439 5.843440e-01 2.408000e-03 4.132480e-01
440 5.840160e-01 2.324000e-03 4.136600e-01
441 5.835520e-01 2.352000e-03 4.140960e-01
442 5.831800e-01 2.312000e-03 4.145080e-01
443 5.827680e-01 2.348000e-03 4.148840e-01
444 5.824440e-01 2.200000e-03 4.153560e-01
445 5.821440e-01 2.128000e-03 4.157280e-01
446 5.817640e-01 2.116000e-03 4.161200e-01
447 5.814200e-01 2.148000e-03 4.164320e-01
448 5.810160e-01 2.148000e-03 4.168360e-01
449 5.806040e-01 2.224000e-03 4.171720e-01
450 5.801960e-01 2.256000e-03 4.175480e-01
451 5.797440e-01 2.372000e-03 4.178840e-01
452 5.792480e-01 2.460000e-03 4.182920e-01
453 5.788240e-01 2.436000e-03 4.187400e-01
454 5.784120e-01 2.384000e-03 4.192040e-01
455 5.779360e-01 2.460000e-03 4.196040e-01
456 5.775400e-01 2.484000e-03 4.199760e-01
457 5.770760e-01 2.512000e-03 4.204120e-01
458 5.766680e-01 2.512000e-03 4.208200e-01
459 5.762480e-01 2.492000e-03 4.212600e-01
460 5.758840e-01 2.408000e-03 4.217080e-01
461 5.755120e-01 2.352000e-03 4.221360e-01
462 5.751680e-01 2.284000e-03 4.225480e-01
463 5.748040e-01 2.236000e-03 4.229600e-01
464 5.745040e-01 2.196000e-03 4.233000e-01
465 5.741560e-01 2.188000e-03 4.236560e-01
466 5.738000e-01 2.176000e-03 4.240240e-01
467 5.733920e-01 2.212000e-03 4.243960e-01
468 5.729880e-01 2.156000e-03 4.248560e-01
469 5.727440e-01 2.052000e-03 4.252040e-01
470 5.724280e-01 1.984000e-03 4.255880e-01
471 5.721120e-01 1.904000e-03 4.259840e-01
472 5.718280e-01 1.800000e-03 4.263720e-01
473 5.714720e-01 1.792000e-03 4.267360e-01
474 5.711200e-01 1.876000e-03 4.270040e-01
475 5.707280e-01 1.996000e-03 4.272760e-01
476 5.702560e-01 2.148000e-03 4.275960e-01
477 5.698640e-01 2.132000e-03 4.280040e-01
478 5.694240e-01 2.212000e-03 4.283640e-01
479 5.690120e-01 2.204000e-03 4.287840e-01
480 5.685440e-01 2.264000e-03 4.291920e-01
481 5.681320e-01 2.288000e-03 4.295800e-01
482 5.677120e-01 2.308000e-03 4.299800e-01
483 5.672840e-01 2.388000e-03 4.303280e-01
484 5.668800e-01 2.356000e-03 4.307640e-01
485 5.664760e-01 2.328000e-03 4.311960e-01
486 5.660600e-01 2.252000e-03 4.316880e-01
487 5.657880e-01 2.152000e-03 4.320600e-01
488 5.654720e-01 2.076000e-03 4.324520e-01
489 5.651080e-01 2.084000e-03 4.328080e-01
490 5.647360e-01 2.084000e-03 4.331800e-01
491 5.643040e-01 2.192000e-03 4.335040e-01
492 5.639400e-01 2.164000e-03 4.338960e-01
493 5.636360e-01 2.088000e-03 4.342760e-01
494 5.633400e-01 2.052000e-03 4.346080e-01
495 5.629480e-01 2.068000e-03 4.349840e-01
496 5.625400e-01 2.144000e-03 4.353160e-01
497 5.621400e-01 2.180000e-03 4.356800e-01
498 5.617400e-01 2.168000e-03 4.360920e-01
499 5.614800e-01 2.056000e-03 4.364640e-01
500 5.611520e-01 2.064000e-03 4.367840e-01
