1 9.992400e-01 6.520000e-04 1.080000e-04
2 9.986760e-01 1.112000e-03 2.120000e-04
3 9.981200e-01 1.452000e-03 4.280000e-04
4 9.974160e-01 1.848000e-03 7.360000e-04
5 9.966960e-01 2.148000e-03 1.156000e-03
6 9.959440e-01 2.476000e-03 1.580000e-03
7 9.951480e-01 2.864000e-03 1.988000e-03
8 9.943920e-01 2.988000e-03 2.620000e-03
9 9.934840e-01 3.328000e-03 3.188000e-03
10 9.926120e-01 3.608000e-03 3.780000e-03
11 9.916920e-01 3.952000e-03 4.356000e-03
12 9.908000e-01 4.064000e-03 5.136000e-03
13 9.898760e-01 4.256000e-03 5.868000e-03
14 9.889000e-01 4.364000e-03 6.736000e-03
15 9.879040e-01 4.568000e-03 7.528000e-03
16 9.869000e-01 4.720000e-03 8.380000e-03
17 9.858720e-01 4.836000e-03 9.292000e-03
18 9.846600e-01 5.204000e-03 1.013600e-02
19 9.836200e-01 5.352000e-03 1.102800e-02
20 9.825480e-01 5.452000e-03 1.200000e-02
21 9.814440e-01 5.592000e-03 1.296400e-02
22 9.802120e-01 5.768000e-03 1.402000e-02
23 9.789720e-01 5.988000e-03 1.504000e-02
24 9.778000e-01 6.128000e-03 1.607200e-02
25 9.765440e-01 6.212000e-03 1.724400e-02
26 9.751960e-01 6.460000e-03 1.834400e-02
27 9.740040e-01 6.520000e-03 1.947600e-02
28 9.728560e-01 6.504000e-03 2.064000e-02
29 9.715920e-01 6.608000e-03 2.180000e-02
30 9.703960e-01 6.616000e-03 2.298800e-02
31 9.691280e-01 6.556000e-03 2.431600e-02
32 9.679360e-01 6.620000e-03 2.544400e-02
33 9.667040e-01 6.744000e-03 2.655200e-02
34 9.654640e-01 6.756000e-03 2.778000e-02
35 9.642320e-01 6.876000e-03 2.889200e-02
36 9.629960e-01 6.904000e-03 3.010000e-02
37 9.616160e-01 7.008000e-03 3.137600e-02
38 9.602360e-01 7.052000e-03 3.271200e-02
39 9.587480e-01 7.136000e-03 3.411600e-02
40 9.574080e-01 7.212000e-03 3.538000e-02
41 9.559440e-01 7.636000e-03 3.642000e-02
42 9.545120e-01 7.712000e-03 3.777600e-02
43 9.530120e-01 7.876000e-03 3.911200e-02
44 9.513720e-01 8.056000e-03 4.057200e-02
45 9.498920e-01 7.972000e-03 4.213600e-02
46 9.483840e-01 8.080000e-03 4.353600e-02
47 9.470120e-01 7.948000e-03 4.504000e-02
48 9.455120e-01 8.044000e-03 4.644400e-02
49 9.440520e-01 8.048000e-03 4.790000e-02
50 9.424760e-01 8.236000e-03 4.928800e-02
51 9.409200e-01 8.504000e-03 5.057600e-02
52 9.391200e-01 8.796000e-03 5.208400e-02
53 9.374120e-01 8.832000e-03 5.375600e-02
54 9.357720e-01 9.012000e-03 5.521600e-02
55 9.341880e-01 9.084000e-03 5.672800e-02
56 9.326040e-01 9.084000e-03 5.831200e-02
57 9.311080e-01 8.996000e-03 5.989600e-02
58 9.295640e-01 8.976000e-03 6.146000e-02
59 9.280040e-01 8.948000e-03 6.304800e-02
60 9.264240e-01 9.076000e-03 6.450000e-02
61 9.248560e-01 9.212000e-03 6.593200e-02
62 9.233280e-01 9.144000e-03 6.752800e-02
63 9.217000e-01 9.160000e-03 6.914000e-02
64 9.202280e-01 8.984000e-03 7.078800e-02
65 9.186800e-01 8.976000e-03 7.234400e-02
66 9.171160e-01 8.968000e-03 7.391600e-02
67 9.157560e-01 8.784000e-03 7.546000e-02
68 9.144040e-01 8.612000e-03 7.698400e-02
69 9.131200e-01 8.448000e-03 7.843200e-02
70 9.115240e-01 8.652000e-03 7.982400e-02
71 9.100160e-01 8.648000e-03 8.133600e-02
72 9.086480e-01 8.436000e-03 8.291600e-02
73 9.071120e-01 8.360000e-03 8.452800e-02
74 9.054520e-01 8.456000e-03 8.609200e-02
75 9.039800e-01 8.452000e-03 8.756800e-02
76 9.026160e-01 8.448000e-03 8.893600e-02
77 9.011360e-01 8.500000e-03 9.036400e-02
78 8.995440e-01 8.512000e-03 9.194400e-02
79 8.979200e-01 8.704000e-03 9.337600e-02
80 8.964400e-01 8.624000e-03 9.493600e-02
81 8.949560e-01 8.680000e-03 9.636400e-02
82 8.934520e-01 8.608000e-03 9.794000e-02
83 8.921240e-01 8.448000e-03 9.942800e-02
84 8.906600e-01 8.620000e-03 1.007200e-01
85 8.890280e-01 8.708000e-03 1.022640e-01
86 8.873640e-01 8.808000e-03 1.038280e-01
87 8.859640e-01 8.680000e-03 1.053560e-01
88 8.843120e-01 8.748000e-03 1.069400e-01
89 8.827400e-01 8.792000e-03 1.084680e-01
90 8.811560e-01 8.872000e-03 1.099720e-01
91 8.796080e-01 8.908000e-03 1.114840e-01
92 8.780280e-01 8.852000e-03 1.131200e-01
93 8.765680e-01 8.776000e-03 1.146560e-01
94 8.752280e-01 8.544000e-03 1.162280e-01
95 8.738120e-01 8.468000e-03 1.177200e-01
96 8.724880e-01 8.348000e-03 1.191640e-01
97 8.710400e-01 8.244000e-03 1.207160e-01
98 8.696280e-01 8.152000e-03 1.222200e-01
99 8.681880e-01 8.220000e-03 1.235920e-01
100 8.667680e-01 8.168000e-03 1.250640e-01
101 8.654520e-01 8.032000e-03 1.265160e-01
102 8.640000e-01 8.124000e-03 1.278760e-01
103 8.625080e-01 8.068000e-03 1.294240e-01
104 8.610280e-01 8.124000e-03 1.308480e-01
105 8.596000e-01 8.096000e-03 1.323040e-01
106 8.581880e-01 8.156000e-03 1.336560e-01
107 8.568120e-01 8.076000e-03 1.351120e-01
108 8.554080e-01 8.044000e-03 1.365480e-01
109 8.541000e-01 7.956000e-03 1.379440e-01
110 8.527640e-01 7.828000e-03 1.394080e-01
111 8.513800e-01 7.876000e-03 1.407440e-01
112 8.501080e-01 7.740000e-03 1.421520e-01
113 8.488480e-01 7.708000e-03 1.434440e-01
114 8.476040e-01 7.620000e-03 1.447760e-01
115 8.463280e-01 7.620000e-03 1.460520e-01
116 8.449320e-01 7.704000e-03 1.473640e-01
117 8.436600e-01 7.592000e-03 1.487480e-01
118 8.424000e-01 7.568000e-03 1.500320e-01
119 8.411640e-01 7.520000e-03 1.513160e-01
120 8.399560e-01 7.388000e-03 1.526560e-01
121 8.386720e-01 7.384000e-03 1.539440e-01
122 8.373040e-01 7.432000e-03 1.552640e-01
123 8.358720e-01 7.528000e-03 1.566000e-01
124 8.346880e-01 7.432000e-03 1.578800e-01
125 8.332480e-01 7.548000e-03 1.592040e-01
126 8.320160e-01 7.472000e-03 1.605120e-01
127 8.306600e-01 7.484000e-03 1.618560e-01
128 8.294040e-01 7.476000e-03 1.631200e-01
129 8.280240e-01 7.540000e-03 1.644360e-01
130 8.266840e-01 7.592000e-03 1.657240e-01
131 8.253720e-01 7.528000e-03 1.671000e-01
132 8.239680e-01 7.544000e-03 1.684880e-01
133 8.226640e-01 7.532000e-03 1.698040e-01
134 8.213400e-01 7.596000e-03 1.710640e-01
135 8.200200e-01 7.672000e-03 1.723080e-01
136 8.186800e-01 7.484000e-03 1.738360e-01
137 8.174240e-01 7.364000e-03 1.752120e-01
138 8.161640e-01 7.392000e-03 1.764440e-01
139 8.149040e-01 7.292000e-03 1.778040e-01
140 8.137480e-01 7.132000e-03 1.791200e-01
141 8.124560e-01 7.200000e-03 1.803440e-01
142 8.112160e-01 7.128000e-03 1.816560e-01
143 8.100680e-01 7.056000e-03 1.828760e-01
144 8.089480e-01 6.896000e-03 1.841560e-01
145 8.077480e-01 6.932000e-03 1.853200e-01
146 8.065320e-01 6.888000e-03 1.865800e-01
147 8.053840e-01 6.828000e-03 1.877880e-01
148 8.043880e-01 6.600000e-03 1.890120e-01
149 8.033800e-01 6.496000e-03 1.901240e-01
150 8.021880e-01 6.488000e-03 1.913240e-01
151 8.010120e-01 6.512000e-03 1.924760e-01
152 7.999160e-01 6.484000e-03 1.936000e-01
153 7.987760e-01 6.436000e-03 1.947880e-01
154 7.975960e-01 6.520000e-03 1.958840e-01
155 7.965440e-01 6.372000e-03 1.970840e-01
156 7.955360e-01 6.192000e-03 1.982720e-01
157 7.943280e-01 6.312000e-03 1.993600e-01
158 7.931760e-01 6.300000e-03 2.005240e-01
159 7.921200e-01 6.224000e-03 2.016560e-01
160 7.909240e-01 6.324000e-03 2.027520e-01
161 7.897000e-01 6.416000e-03 2.038840e-01
162 7.886360e-01 6.404000e-03 2.049600e-01
163 7.873680e-01 6.476000e-03 2.061560e-01
164 7.862720e-01 6.452000e-03 2.072760e-01
165 7.851000e-01 6.436000e-03 2.084640e-01
166 7.840200e-01 6.376000e-03 2.096040e-01
167 7.828520e-01 6.544000e-03 2.106040e-01
168 7.817240e-01 6.600000e-03 2.116760e-01
169 7.805120e-01 6.672000e-03 2.128160e-01
170 7.794160e-01 6.644000e-03 2.139400e-01
171 7.784040e-01 6.500000e-03 2.150960e-01
172 7.772560e-01 6.536000e-03 2.162080e-01
173 7.761960e-01 6.500000e-03 2.173040e-01
174 7.751800e-01 6.352000e-03 2.184680e-01
175 7.739480e-01 6.552000e-03 2.195000e-01
176 7.729680e-01 6.432000e-03 2.206000e-01
177 7.719520e-01 6.232000e-03 2.218160e-01
178 7.709640e-01 6.068000e-03 2.229680e-01
179 7.698800e-01 6.068000e-03 2.240520e-01
180 7.688800e-01 5.904000e-03 2.252160e-01
181 7.678120e-01 6.020000e-03 2.261680e-01
182 7.667080e-01 6.012000e-03 2.272800e-01
183 7.657120e-01 5.952000e-03 2.283360e-01
184 7.647920e-01 5.920000e-03 2.292880e-01
185 7.638960e-01 5.792000e-03 2.303120e-01
186 7.630920e-01 5.616000e-03 2.312920e-01
187 7.623040e-01 5.380000e-03 2.323160e-01
188 7.614280e-01 5.252000e-03 2.333200e-01
189 7.606600e-01 5.052000e-03 2.342880e-01
190 7.598760e-01 5.060000e-03 2.350640e-01
191 7.590000e-01 4.936000e-03 2.360640e-01
192 7.582080e-01 4.860000e-03 2.369320e-01
193 7.573160e-01 4.876000e-03 2.378080e-01
194 7.565240e-01 4.828000e-03 2.386480e-01
195 7.556960e-01 4.816000e-03 2.394880e-01
196 7.549680e-01 4.708000e-03 2.403240e-01
197 7.541760e-01 4.700000e-03 2.411240e-01
198 7.532480e-01 4.828000e-03 2.419240e-01
199 7.524040e-01 4.760000e-03 2.428360e-01
200 7.516560e-01 4.712000e-03 2.436320e-01
201 7.509440e-01 4.552000e-03 2.445040e-01
202 7.501560e-01 4.644000e-03 2.452000e-01
203 7.493520e-01 4.624000e-03 2.460240e-01
204 7.484920e-01 4.692000e-03 2.468160e-01
205 7.475240e-01 4.780000e-03 2.476960e-01
206 7.467040e-01 4.712000e-03 2.485840e-01
207 7.458520e-01 4.712000e-03 2.494360e-01
208 7.449880e-01 4.732000e-03 2.502800e-01
209 7.441480e-01 4.732000e-03 2.511200e-01
210 7.433880e-01 4.568000e-03 2.520440e-01
211 7.425600e-01 4.668000e-03 2.527720e-01
212 7.417800e-01 4.688000e-03 2.535320e-01
213 7.409560e-01 4.668000e-03 2.543760e-01
214 7.402880e-01 4.636000e-03 2.550760e-01
215 7.395680e-01 4.524000e-03 2.559080e-01
216 7.388600e-01 4.396000e-03 2.567440e-01
217 7.381600e-01 4.340000e-03 2.575000e-01
218 7.373240e-01 4.448000e-03 2.582280e-01
219 7.365600e-01 4.516000e-03 2.589240e-01
220 7.357400e-01 4.600000e-03 2.596600e-01
221 7.349880e-01 4.540000e-03 2.604720e-01
222 7.342360e-01 4.464000e-03 2.613000e-01
223 7.334800e-01 4.484000e-03 2.620360e-01
224 7.327960e-01 4.424000e-03 2.627800e-01
225 7.321720e-01 4.232000e-03 2.635960e-01
226 7.314320e-01 4.224000e-03 2.643440e-01
227 7.307120e-01 4.232000e-03 2.650560e-01
228 7.299440e-01 4.284000e-03 2.657720e-01
229 7.292760e-01 4.124000e-03 2.666000e-01
230 7.285840e-01 4.108000e-03 2.673080e-01
231 7.278800e-01 4.024000e-03 2.680960e-01
232 7.272760e-01 3.988000e-03 2.687360e-01
233 7.265160e-01 4.048000e-03 2.694360e-01
234 7.257560e-01 4.200000e-03 2.700440e-01
235 7.251000e-01 4.108000e-03 2.707920e-01
236 7.244000e-01 4.088000e-03 2.715120e-01
237 7.237120e-01 3.980000e-03 2.723080e-01
238 7.230560e-01 3.940000e-03 2.730040e-01
239 7.224240e-01 3.820000e-03 2.737560e-01
240 7.218040e-01 3.876000e-03 2.743200e-01
241 7.212120e-01 3.756000e-03 2.750320e-01
242 7.205760e-01 3.732000e-03 2.756920e-01
243 7.199480e-01 3.696000e-03 2.763560e-01
244 7.191400e-01 3.860000e-03 2.770000e-01
245 7.185680e-01 3.748000e-03 2.776840e-01
246 7.179520e-01 3.744000e-03 2.783040e-01
247 7.172840e-01 3.728000e-03 2.789880e-01
248 7.166840e-01 3.560000e-03 2.797560e-01
249 7.160600e-01 3.560000e-03 2.803800e-01
250 7.154240e-01 3.604000e-03 2.809720e-01
251 7.148280e-01 3.620000e-03 2.815520e-01
252 7.142600e-01 3.532000e-03 2.822080e-01
253 7.136320e-01 3.636000e-03 2.827320e-01
254 7.129760e-01 3.676000e-03 2.833480e-01
255 7.123960e-01 3.624000e-03 2.839800e-01
256 7.118640e-01 3.500000e-03 2.846360e-01
257 7.113240e-01 3.416000e-03 2.852600e-01
258 7.107880e-01 3.440000e-03 2.857720e-01
259 7.102360e-01 3.368000e-03 2.863960e-01
260 7.097480e-01 3.316000e-03 2.869360e-01
261 7.092480e-01 3.240000e-03 2.875120e-01
262 7.087440e-01 3.196000e-03 2.880600e-01
263 7.081920e-01 3.156000e-03 2.886520e-01
264 7.077240e-01 3.072000e-03 2.892040e-01
265 7.072360e-01 2.984000e-03 2.897800e-01
266 7.067760e-01 2.988000e-03 2.902360e-01
267 7.063360e-01 2.880000e-03 2.907840e-01
268 7.058800e-01 2.888000e-03 2.912320e-01
269 7.053520e-01 3.004000e-03 2.916440e-01
270 7.048800e-01 3.064000e-03 2.920560e-01
271 7.043760e-01 3.044000e-03 2.925800e-01
272 7.039160e-01 2.964000e-03 2.931200e-01
273 7.033520e-01 3.056000e-03 2.935920e-01
274 7.029480e-01 2.920000e-03 2.941320e-01
275 7.024640e-01 2.884000e-03 2.946520e-01
276 7.020280e-01 2.876000e-03 2.950960e-01
277 7.015600e-01 2.824000e-03 2.956160e-01
278 7.011080e-01 2.808000e-03 2.960840e-01
279 7.006720e-01 2.812000e-03 2.965160e-01
280 7.002800e-01 2.688000e-03 2.970320e-01
281 6.998200e-01 2.736000e-03 2.974440e-01
282 6.993160e-01 2.744000e-03 2.979400e-01
283 6.988320e-01 2.704000e-03 2.984640e-01
284 6.983800e-01 2.616000e-03 2.990040e-01
285 6.979640e-01 2.624000e-03 2.994120e-01
286 6.974360e-01 2.652000e-03 2.999120e-01
287 6.970120e-01 2.536000e-03 3.004520e-01
288 6.966040e-01 2.532000e-03 3.008640e-01
289 6.961360e-01 2.548000e-03 3.013160e-01
290 6.956280e-01 2.592000e-03 3.017800e-01
291 6.951240e-01 2.684000e-03 3.021920e-01
292 6.946280e-01 2.708000e-03 3.026640e-01
293 6.941720e-01 2.712000e-03 3.031160e-01
294 6.936320e-01 2.760000e-03 3.036080e-01
295 6.932120e-01 2.676000e-03 3.041120e-01
296 6.928240e-01 2.504000e-03 3.046720e-01
297 6.924720e-01 2.336000e-03 3.051920e-01
298 6.921120e-01 2.292000e-03 3.055960e-01
299 6.916920e-01 2.256000e-03 3.060520e-01
300 6.911880e-01 2.364000e-03 3.064480e-01
301 6.908040e-01 2.344000e-03 3.068520e-01
302 6.903560e-01 2.328000e-03 3.073160e-01
303 6.898840e-01 2.396000e-03 3.077200e-01
304 6.895080e-01 2.400000e-03 3.080920e-01
305 6.890720e-01 2.484000e-03 3.084440e-01
306 6.886240e-01 2.432000e-03 3.089440e-01
307 6.882120e-01 2.424000e-03 3.093640e-01
308 6.878000e-01 2.392000e-03 3.098080e-01
309 6.873760e-01 2.392000e-03 3.102320e-01
310 6.869360e-01 2.448000e-03 3.106160e-01
311 6.866160e-01 2.312000e-03 3.110720e-01
312 6.862800e-01 2.320000e-03 3.114000e-01
313 6.859800e-01 2.232000e-03 3.117880e-01
314 6.856520e-01 2.148000e-03 3.122000e-01
315 6.853240e-01 2.176000e-03 3.125000e-01
316 6.850320e-01 2.088000e-03 3.128800e-01
317 6.846000e-01 2.172000e-03 3.132280e-01
318 6.841560e-01 2.208000e-03 3.136360e-01
319 6.838160e-01 2.160000e-03 3.140240e-01
320 6.834200e-01 2.116000e-03 3.144640e-01
321 6.829640e-01 2.236000e-03 3.148000e-01
322 6.825440e-01 2.320000e-03 3.151360e-01
323 6.821280e-01 2.308000e-03 3.155640e-01
324 6.817080e-01 2.308000e-03 3.159840e-01
325 6.813160e-01 2.300000e-03 3.163840e-01
326 6.809120e-01 2.288000e-03 3.168000e-01
327 6.805080e-01 2.300000e-03 3.171920e-01
328 6.800440e-01 2.356000e-03 3.176000e-01
329 6.795680e-01 2.424000e-03 3.180080e-01
330 6.791560e-01 2.344000e-03 3.185000e-01
331 6.787840e-01 2.268000e-03 3.189480e-01
332 6.784440e-01 2.224000e-03 3.193320e-01
333 6.781800e-01 2.116000e-03 3.197040e-01
334 6.778400e-01 2.124000e-03 3.200360e-01
335 6.775760e-01 1.972000e-03 3.204520e-01
336 6.772000e-01 1.940000e-03 3.208600e-01
337 6.769240e-01 1.868000e-03 3.212080e-01
338 6.766440e-01 1.788000e-03 3.215680e-01
339 6.763920e-01 1.752000e-03 3.218560e-01
340 6.761600e-01 1.688000e-03 3.221520e-01
341 6.759160e-01 1.636000e-03 3.224480e-01
342 6.756640e-01 1.568000e-03 3.227680e-01
343 6.754360e-01 1.540000e-03 3.230240e-01
344 6.751640e-01 1.580000e-03 3.232560e-01
345 6.749200e-01 1.492000e-03 3.235880e-01
346 6.745760e-01 1.540000e-03 3.238840e-01
347 6.743240e-01 1.516000e-03 3.241600e-01
348 6.741280e-01 1.464000e-03 3.244080e-01
349 6.739080e-01 1.440000e-03 3.246520e-01
350 6.737000e-01 1.396000e-03 3.249040e-01
351 6.735800e-01 1.244000e-03 3.251760e-01
352 6.734200e-01 1.172000e-03 3.254080e-01
353 6.732720e-01 1.128000e-03 3.256000e-01
354 6.731600e-01 1.032000e-03 3.258080e-01
355 6.730440e-01 1.004000e-03 3.259520e-01
356 6.729200e-01 9.640000e-04 3.261160e-01
357 6.727280e-01 9.840000e-04 3.262880e-01
358 6.725280e-01 1.000000e-03 3.264720e-01
359 6.723480e-01 9.920000e-04 3.266600e-01
360 6.721560e-01 1.044000e-03 3.268000e-01
361 6.719560e-01 1.048000e-03 3.269960e-01
362 6.717720e-01 1.072000e-03 3.271560e-01
363 6.716000e-01 1.040000e-03 3.273600e-01
364 6.714720e-01 9.840000e-04 3.275440e-01
365 6.713480e-01 9.320000e-04 3.277200e-01
366 6.712000e-01 8.800000e-04 3.279200e-01
367 6.710080e-01 9.400000e-04 3.280520e-01
368 6.708200e-01 9.280000e-04 3.282520e-01
369 6.706760e-01 8.960000e-04 3.284280e-01
370 6.704800e-01 9.280000e-04 3.285920e-01
371 6.703160e-01 9.320000e-04 3.287520e-01
372 6.700920e-01 9.720000e-04 3.289360e-01
373 6.699600e-01 9.640000e-04 3.290760e-01
374 6.697960e-01 9.240000e-04 3.292800e-01
375 6.696320e-01 9.160000e-04 3.294520e-01
376 6.694520e-01 9.680000e-04 3.295800e-01
377 6.692600e-01 1.000000e-03 3.297400e-01
378 6.691000e-01 9.720000e-04 3.299280e-01
379 6.689280e-01 9.840000e-04 3.300880e-01
380 6.687520e-01 9.920000e-04 3.302560e-01
381 6.685560e-01 1.040000e-03 3.304040e-01
382 6.683760e-01 1.080000e-03 3.305440e-01
383 6.681560e-01 1.064000e-03 3.307800e-01
384 6.679760e-01 1.040000e-03 3.309840e-01
385 6.677920e-01 1.032000e-03 3.311760e-01
386 6.676120e-01 9.720000e-04 3.314160e-01
387 6.674320e-01 9.960000e-04 3.315720e-01
388 6.672280e-01 1.024000e-03 3.317480e-01
389 6.670400e-01 1.072000e-03 3.318880e-01
390 6.668840e-01 1.060000e-03 3.320560e-01
391 6.667480e-01 1.016000e-03 3.322360e-01
392 6.665960e-01 1.032000e-03 3.323720e-01
393 6.664280e-01 1.012000e-03 3.325600e-01
394 6.662920e-01 9.480000e-04 3.327600e-01
395 6.661280e-01 9.920000e-04 3.328800e-01
396 6.659520e-01 9.920000e-04 3.330560e-01
397 6.658000e-01 9.560000e-04 3.332440e-01
398 6.656440e-01 9.600000e-04 3.333960e-01
399 6.654880e-01 9.680000e-04 3.335440e-01
400 6.652800e-01 1.020000e-03 3.337000e-01
401 6.651360e-01 9.560000e-04 3.339080e-01
402 6.649720e-01 9.680000e-04 3.340600e-01
403 6.648200e-01 9.440000e-04 3.342360e-01
404 6.647080e-01 8.920000e-04 3.344000e-01
405 6.645480e-01 8.600000e-04 3.345920e-01
406 6.643760e-01 9.160000e-04 3.347080e-01
407 6.641760e-01 9.360000e-04 3.348880e-01
408 6.639720e-01 9.640000e-04 3.350640e-01
409 6.637560e-01 1.012000e-03 3.352320e-01
410 6.634240e-01 1.204000e-03 3.353720e-01
411 6.631880e-01 1.236000e-03 3.355760e-01
412 6.628680e-01 1.360000e-03 3.357720e-01
413 6.626440e-01 1.336000e-03 3.360200e-01
414 6.624000e-01 1.420000e-03 3.361800e-01
415 6.621000e-01 1.504000e-03 3.363960e-01
416 6.618760e-01 1.488000e-03 3.366360e-01
417 6.616720e-01 1.412000e-03 3.369160e-01
418 6.614440e-01 1.420000e-03 3.371360e-01
419 6.612640e-01 1.340000e-03 3.373960e-01
420 6.611160e-01 1.248000e-03 3.376360e-01
421 6.609560e-01 1.236000e-03 3.378080e-01
422 6.607880e-01 1.188000e-03 3.380240e-01
423 6.606240e-01 1.180000e-03 3.381960e-01
424 6.604160e-01 1.176000e-03 3.384080e-01
425 6.602280e-01 1.152000e-03 3.386200e-01
426 6.600400e-01 1.152000e-03 3.388080e-01
427 6.598280e-01 1.168000e-03 3.390040e-01
428 6.596560e-01 1.160000e-03 3.391840e-01
429 6.594080e-01 1.200000e-03 3.393920e-01
430 6.591960e-01 1.208000e-03 3.395960e-01
431 6.590040e-01 1.196000e-03 3.398000e-01
432 6.587880e-01 1.192000e-03 3.400200e-01
433 6.586040e-01 1.192000e-03 3.402040e-01
434 6.583960e-01 1.204000e-03 3.404000e-01
435 6.582120e-01 1.152000e-03 3.406360e-01
436 6.580240e-01 1.140000e-03 3.408360e-01
437 6.578000e-01 1.100000e-03 3.411000e-01
438 6.576400e-01 1.020000e-03 3.413400e-01
439 6.574800e-01 1.004000e-03 3.415160e-01
440 6.573640e-01 9.560000e-04 3.416800e-01
441 6.571880e-01 9.600000e-04 3.418520e-01
442 6.570280e-01 9.400000e-04 3.420320e-01
443 6.568840e-01 9.160000e-04 3.422000e-01
444 6.567160e-01 8.880000e-04 3.423960e-01
445 6.565080e-01 9.800000e-04 3.425120e-01
446 6.563600e-01 9.520000e-04 3.426880e-01
447 6.562080e-01 9.520000e-04 3.428400e-01
448 6.560560e-01 9.200000e-04 3.430240e-01
449 6.558640e-01 9.520000e-04 3.431840e-01
450 6.557200e-01 9.200000e-04 3.433600e-01
451 6.555920e-01 8.720000e-04 3.435360e-01
452 6.554680e-01 8.800000e-04 3.436520e-01
453 6.552640e-01 9.280000e-04 3.438080e-01
454 6.551080e-01 9.240000e-04 3.439680e-01
455 6.549640e-01 9.240000e-04 3.441120e-01
456 6.548280e-01 8.920000e-04 3.442800e-01
457 6.546640e-01 8.880000e-04 3.444480e-01
458 6.545320e-01 8.440000e-04 3.446240e-01
459 6.543200e-01 9.000000e-04 3.447800e-01
460 6.540800e-01 9.720000e-04 3.449480e-01
461 6.538840e-01 1.004000e-03 3.451120e-01
462 6.537720e-01 9.600000e-04 3.452680e-01
463 6.536320e-01 9.320000e-04 3.454360e-01
464 6.535040e-01 9.200000e-04 3.455760e-01
465 6.534080e-01 8.440000e-04 3.457480e-01
466 6.532200e-01 8.280000e-04 3.459520e-01
467 6.530720e-01 7.760000e-04 3.461520e-01
468 6.529360e-01 8.120000e-04 3.462520e-01
469 6.528080e-01 8.320000e-04 3.463600e-01
470 6.527360e-01 7.520000e-04 3.465120e-01
471 6.526600e-01 6.560000e-04 3.466840e-01
472 6.525600e-01 6.160000e-04 3.468240e-01
473 6.524640e-01 6.240000e-04 3.469120e-01
474 6.523560e-01 6.080000e-04 3.470360e-01
475 6.522720e-01 6.240000e-04 3.471040e-01
476 6.521960e-01 5.840000e-04 3.472200e-01
477 6.521000e-01 5.480000e-04 3.473520e-01
478 6.519880e-01 5.720000e-04 3.474400e-01
479 6.518520e-01 6.120000e-04 3.475360e-01
480 6.517640e-01 6.120000e-04 3.476240e-01
481 6.516640e-01 6.400000e-04 3.476960e-01
482 6.515160e-01 6.720000e-04 3.478120e-01
483 6.513760e-01 6.760000e-04 3.479480e-01
484 6.512760e-01 6.840000e-04 3.480400e-01
485 6.511560e-01 6.800000e-04 3.481640e-01
486 6.510040e-01 7.400000e-04 3.482560e-01
487 6.508920e-01 6.960000e-04 3.484120e-01
488 6.507720e-01 6.640000e-04 3.485640e-01
489 6.506840e-01 6.400000e-04 3.486760e-01
490 6.505680e-01 6.680000e-04 3.487640e-01
491 6.504720e-01 6.440000e-04 3.488840e-01
492 6.503640e-01 6.360000e-04 3.490000e-01
493 6.502720e-01 5.920000e-04 3.491360e-01
494 6.501840e-01 5.840000e-04 3.492320e-01
495 6.500560e-01 6.320000e-04 3.493120e-01
496 6.499080e-01 6.440000e-04 3.494480e-01
497 6.498120e-01 6.600000e-04 3.495280e-01
498 6.496920e-01 6.520000e-04 3.496560e-01
499 6.495920e-01 6.560000e-04 3.497520e-01
500 6.494840e-01 6.080000e-04 3.499080e-01
