1 9.992560e-01 6.520000e-04 9.200000e-05
2 9.987800e-01 9.600000e-04 2.600000e-04
3 9.981840e-01 1.352000e-03 4.640000e-04
4 9.974360e-01 1.828000e-03 7.360000e-04
5 9.967480e-01 2.116000e-03 1.136000e-03
6 9.960400e-01 2.456000e-03 1.504000e-03
7 9.952920e-01 2.784000e-03 1.924000e-03
8 9.943480e-01 3.184000e-03 2.468000e-03
9 9.934800e-01 3.436000e-03 3.084000e-03
10 9.925720e-01 3.728000e-03 3.700000e-03
11 9.915000e-01 4.060000e-03 4.440000e-03
12 9.906040e-01 4.224000e-03 5.172000e-03
13 9.895600e-01 4.504000e-03 5.936000e-03
14 9.884440e-01 4.748000e-03 6.808000e-03
15 9.873600e-01 4.976000e-03 7.664000e-03
16 9.862520e-01 5.260000e-03 8.488000e-03
17 9.850880e-01 5.388000e-03 9.524000e-03
18 9.837560e-01 5.864000e-03 1.038000e-02
19 9.824360e-01 6.264000e-03 1.130000e-02
20 9.810120e-01 6.556000e-03 1.243200e-02
21 9.796560e-01 6.816000e-03 1.352800e-02
22 9.782360e-01 7.040000e-03 1.472400e-02
23 9.768000e-01 7.196000e-03 1.600400e-02
24 9.753080e-01 7.508000e-03 1.718400e-02
25 9.739040e-01 7.496000e-03 1.860000e-02
26 9.725600e-01 7.432000e-03 2.000800e-02
27 9.711880e-01 7.528000e-03 2.128400e-02
28 9.697000e-01 7.620000e-03 2.268000e-02
29 9.683600e-01 7.444000e-03 2.419600e-02
30 9.670640e-01 7.400000e-03 2.553600e-02
31 9.655880e-01 7.508000e-03 2.690400e-02
32 9.642080e-01 7.676000e-03 2.811600e-02
33 9.628240e-01 7.696000e-03 2.948000e-02
34 9.614120e-01 7.824000e-03 3.076400e-02
35 9.600280e-01 7.956000e-03 3.201600e-02
36 9.586160e-01 8.180000e-03 3.320400e-02
37 9.570960e-01 8.264000e-03 3.464000e-02
38 9.556080e-01 8.264000e-03 3.612800e-02
39 9.540960e-01 8.296000e-03 3.760800e-02
40 9.525320e-01 8.336000e-03 3.913200e-02
41 9.509320e-01 8.476000e-03 4.059200e-02
42 9.493240e-01 8.564000e-03 4.211200e-02
43 9.477200e-01 8.436000e-03 4.384400e-02
44 9.461240e-01 8.488000e-03 4.538800e-02
45 9.443640e-01 8.688000e-03 4.694800e-02
46 9.426960e-01 8.752000e-03 4.855200e-02
47 9.410680e-01 8.836000e-03 5.009600e-02
48 9.394320e-01 8.908000e-03 5.166000e-02
49 9.377480e-01 9.000000e-03 5.325200e-02
50 9.361520e-01 8.976000e-03 5.487200e-02
51 9.345440e-01 9.008000e-03 5.644800e-02
52 9.329920e-01 9.052000e-03 5.795600e-02
53 9.313880e-01 9.136000e-03 5.947600e-02
54 9.297720e-01 9.084000e-03 6.114400e-02
55 9.280640e-01 9.292000e-03 6.264400e-02
56 9.263680e-01 9.328000e-03 6.430400e-02
57 9.248040e-01 9.304000e-03 6.589200e-02
58 9.231640e-01 9.348000e-03 6.748800e-02
59 9.215800e-01 9.220000e-03 6.920000e-02
60 9.200320e-01 9.368000e-03 7.060000e-02
61 9.183960e-01 9.324000e-03 7.228000e-02
62 9.168960e-01 9.148000e-03 7.395600e-02
63 9.154360e-01 8.964000e-03 7.560000e-02
64 9.138880e-01 8.964000e-03 7.714800e-02
65 9.123440e-01 9.024000e-03 7.863200e-02
66 9.107480e-01 8.996000e-03 8.025600e-02
67 9.091840e-01 8.852000e-03 8.196400e-02
68 9.077800e-01 8.704000e-03 8.351600e-02
69 9.063680e-01 8.604000e-03 8.502800e-02
70 9.047680e-01 8.796000e-03 8.643600e-02
71 9.032480e-01 8.896000e-03 8.785600e-02
72 9.018160e-01 8.804000e-03 8.938000e-02
73 9.003280e-01 8.792000e-03 9.088000e-02
74 8.987960e-01 8.912000e-03 9.229200e-02
75 8.972160e-01 8.884000e-03 9.390000e-02
76 8.957480e-01 8.892000e-03 9.536000e-02
77 8.941240e-01 8.944000e-03 9.693200e-02
78 8.925680e-01 8.980000e-03 9.845200e-02
79 8.910960e-01 8.848000e-03 1.000560e-01
80 8.896400e-01 8.744000e-03 1.016160e-01
81 8.880880e-01 8.752000e-03 1.031600e-01
82 8.866440e-01 8.656000e-03 1.047000e-01
83 8.851520e-01 8.588000e-03 1.062600e-01
84 8.837120e-01 8.668000e-03 1.076200e-01
85 8.823480e-01 8.572000e-03 1.090800e-01
86 8.809040e-01 8.500000e-03 1.105960e-01
87 8.794600e-01 8.612000e-03 1.119280e-01
88 8.779000e-01 8.676000e-03 1.134240e-01
89 8.765360e-01 8.392000e-03 1.150720e-01
90 8.751920e-01 8.304000e-03 1.165040e-01
91 8.737760e-01 8.204000e-03 1.180200e-01
92 8.723640e-01 8.312000e-03 1.193240e-01
93 8.709720e-01 8.244000e-03 1.207840e-01
94 8.695800e-01 8.080000e-03 1.223400e-01
95 8.682120e-01 7.976000e-03 1.238120e-01
96 8.668680e-01 7.832000e-03 1.253000e-01
97 8.655280e-01 7.712000e-03 1.267600e-01
98 8.643360e-01 7.464000e-03 1.282000e-01
99 8.631120e-01 7.392000e-03 1.294960e-01
100 8.618640e-01 7.268000e-03 1.308680e-01
101 8.604480e-01 7.400000e-03 1.321520e-01
102 8.592040e-01 7.280000e-03 1.335160e-01
103 8.579120e-01 7.264000e-03 1.348240e-01
104 8.565320e-01 7.372000e-03 1.360960e-01
105 8.554080e-01 7.132000e-03 1.374600e-01
106 8.540960e-01 7.256000e-03 1.386480e-01
107 8.529000e-01 7.216000e-03 1.398840e-01
108 8.517600e-01 7.064000e-03 1.411760e-01
109 8.503880e-01 7.072000e-03 1.425400e-01
110 8.493240e-01 6.976000e-03 1.437000e-01
111 8.482080e-01 6.836000e-03 1.449560e-01
112 8.470200e-01 6.824000e-03 1.461560e-01
113 8.457000e-01 6.964000e-03 1.473360e-01
114 8.445320e-01 6.928000e-03 1.485400e-01
115 8.433680e-01 6.844000e-03 1.497880e-01
116 8.421080e-01 7.008000e-03 1.508840e-01
117 8.409080e-01 7.060000e-03 1.520320e-01
118 8.398120e-01 6.916000e-03 1.532720e-01
119 8.386360e-01 6.868000e-03 1.544960e-01
120 8.373880e-01 6.844000e-03 1.557680e-01
121 8.363040e-01 6.712000e-03 1.569840e-01
122 8.351760e-01 6.688000e-03 1.581360e-01
123 8.340120e-01 6.680000e-03 1.593080e-01
124 8.327880e-01 6.816000e-03 1.603960e-01
125 8.315960e-01 6.836000e-03 1.615680e-01
126 8.303520e-01 6.960000e-03 1.626880e-01
127 8.288040e-01 7.276000e-03 1.639200e-01
128 8.274440e-01 7.360000e-03 1.651960e-01
129 8.260400e-01 7.552000e-03 1.664080e-01
130 8.248160e-01 7.540000e-03 1.676440e-01
131 8.235240e-01 7.488000e-03 1.689880e-01
132 8.222720e-01 7.520000e-03 1.702080e-01
133 8.210040e-01 7.580000e-03 1.714160e-01
134 8.197760e-01 7.456000e-03 1.727680e-01
135 8.184440e-01 7.536000e-03 1.740200e-01
136 8.172760e-01 7.428000e-03 1.752960e-01
137 8.161520e-01 7.240000e-03 1.766080e-01
138 8.148760e-01 7.208000e-03 1.779160e-01
139 8.135920e-01 7.204000e-03 1.792040e-01
140 8.123040e-01 7.208000e-03 1.804880e-01
141 8.109360e-01 7.312000e-03 1.817520e-01
142 8.095240e-01 7.256000e-03 1.832200e-01
143 8.082360e-01 7.300000e-03 1.844640e-01
144 8.070120e-01 7.240000e-03 1.857480e-01
145 8.057640e-01 7.120000e-03 1.871160e-01
146 8.045000e-01 7.184000e-03 1.883160e-01
147 8.033040e-01 7.192000e-03 1.895040e-01
148 8.019480e-01 7.300000e-03 1.907520e-01
149 8.004400e-01 7.508000e-03 1.920520e-01
150 7.989720e-01 7.676000e-03 1.933520e-01
151 7.976040e-01 7.700000e-03 1.946960e-01
152 7.962680e-01 7.712000e-03 1.960200e-01
153 7.947800e-01 7.724000e-03 1.974960e-01
154 7.934800e-01 7.724000e-03 1.987960e-01
155 7.920560e-01 7.812000e-03 2.001320e-01
156 7.906160e-01 7.800000e-03 2.015840e-01
157 7.894800e-01 7.676000e-03 2.028440e-01
158 7.881440e-01 7.752000e-03 2.041040e-01
159 7.868960e-01 7.652000e-03 2.054520e-01
160 7.856160e-01 7.604000e-03 2.067800e-01
161 7.843840e-01 7.444000e-03 2.081720e-01
162 7.830920e-01 7.472000e-03 2.094360e-01
163 7.818360e-01 7.416000e-03 2.107480e-01
164 7.805120e-01 7.516000e-03 2.119720e-01
165 7.793040e-01 7.496000e-03 2.132000e-01
166 7.780760e-01 7.476000e-03 2.144480e-01
167 7.767640e-01 7.292000e-03 2.159440e-01
168 7.754800e-01 7.336000e-03 2.171840e-01
169 7.743280e-01 7.204000e-03 2.184680e-01
170 7.731440e-01 7.120000e-03 2.197360e-01
171 7.719840e-01 6.996000e-03 2.210200e-01
172 7.707360e-01 6.992000e-03 2.222720e-01
173 7.696600e-01 6.848000e-03 2.234920e-01
174 7.684840e-01 6.772000e-03 2.247440e-01
175 7.672640e-01 6.876000e-03 2.258600e-01
176 7.660360e-01 6.932000e-03 2.270320e-01
177 7.647720e-01 7.040000e-03 2.281880e-01
178 7.635600e-01 7.004000e-03 2.294360e-01
179 7.623520e-01 6.992000e-03 2.306560e-01
180 7.610840e-01 6.992000e-03 2.319240e-01
181 7.599200e-01 7.012000e-03 2.330680e-01
182 7.587640e-01 6.824000e-03 2.344120e-01
183 7.575800e-01 6.836000e-03 2.355840e-01
184 7.564280e-01 6.800000e-03 2.367720e-01
185 7.552480e-01 6.692000e-03 2.380600e-01
186 7.542240e-01 6.432000e-03 2.393440e-01
187 7.532280e-01 6.296000e-03 2.404760e-01
188 7.521760e-01 6.272000e-03 2.415520e-01
189 7.511000e-01 6.272000e-03 2.426280e-01
190 7.500520e-01 6.152000e-03 2.437960e-01
191 7.490200e-01 6.148000e-03 2.448320e-01
192 7.479080e-01 6.116000e-03 2.459760e-01
193 7.468880e-01 6.020000e-03 2.470920e-01
194 7.458480e-01 6.052000e-03 2.481000e-01
195 7.446640e-01 6.164000e-03 2.491720e-01
196 7.436040e-01 6.096000e-03 2.503000e-01
197 7.425800e-01 6.016000e-03 2.514040e-01
198 7.417000e-01 5.896000e-03 2.524040e-01
199 7.406720e-01 5.920000e-03 2.534080e-01
200 7.396760e-01 5.868000e-03 2.544560e-01
201 7.387040e-01 5.840000e-03 2.554560e-01
202 7.378400e-01 5.748000e-03 2.564120e-01
203 7.367920e-01 5.864000e-03 2.573440e-01
204 7.358000e-01 5.784000e-03 2.584160e-01
205 7.347920e-01 5.812000e-03 2.593960e-01
206 7.338640e-01 5.684000e-03 2.604520e-01
207 7.330160e-01 5.472000e-03 2.615120e-01
208 7.321240e-01 5.340000e-03 2.625360e-01
209 7.312280e-01 5.300000e-03 2.634720e-01
210 7.302560e-01 5.376000e-03 2.643680e-01
211 7.292720e-01 5.412000e-03 2.653160e-01
212 7.281920e-01 5.560000e-03 2.662480e-01
213 7.272880e-01 5.484000e-03 2.672280e-01
214 7.263680e-01 5.456000e-03 2.681760e-01
215 7.255280e-01 5.416000e-03 2.690560e-01
216 7.247240e-01 5.264000e-03 2.700120e-01
217 7.238720e-01 5.108000e-03 2.710200e-01
218 7.232080e-01 4.848000e-03 2.719440e-01
219 7.225160e-01 4.608000e-03 2.728760e-01
220 7.217120e-01 4.668000e-03 2.736200e-01
221 7.209560e-01 4.592000e-03 2.744520e-01
222 7.201960e-01 4.616000e-03 2.751880e-01
223 7.195280e-01 4.392000e-03 2.760800e-01
224 7.188040e-01 4.316000e-03 2.768800e-01
225 7.181440e-01 4.192000e-03 2.776640e-01
226 7.175440e-01 4.168000e-03 2.782880e-01
227 7.169120e-01 4.124000e-03 2.789640e-01
228 7.162240e-01 4.184000e-03 2.795920e-01
229 7.155080e-01 4.164000e-03 2.803280e-01
230 7.148080e-01 4.128000e-03 2.810640e-01
231 7.140760e-01 4.044000e-03 2.818800e-01
232 7.134080e-01 3.928000e-03 2.826640e-01
233 7.126960e-01 3.928000e-03 2.833760e-01
234 7.118920e-01 4.040000e-03 2.840680e-01
235 7.112320e-01 3.996000e-03 2.847720e-01
236 7.105160e-01 4.020000e-03 2.854640e-01
237 7.098760e-01 3.912000e-03 2.862120e-01
238 7.092040e-01 3.836000e-03 2.869600e-01
239 7.085720e-01 3.756000e-03 2.876720e-01
240 7.080680e-01 3.588000e-03 2.883440e-01
241 7.075720e-01 3.424000e-03 2.890040e-01
242 7.070840e-01 3.340000e-03 2.895760e-01
243 7.065920e-01 3.260000e-03 2.901480e-01
244 7.059840e-01 3.364000e-03 2.906520e-01
245 7.054920e-01 3.284000e-03 2.912240e-01
246 7.050040e-01 3.248000e-03 2.917480e-01
247 7.044080e-01 3.308000e-03 2.922840e-01
248 7.039360e-01 3.240000e-03 2.928240e-01
249 7.034360e-01 3.124000e-03 2.934400e-01
250 7.030320e-01 3.004000e-03 2.939640e-01
251 7.026120e-01 2.808000e-03 2.945800e-01
252 7.022040e-01 2.764000e-03 2.950320e-01
253 7.017760e-01 2.732000e-03 2.954920e-01
254 7.012800e-01 2.704000e-03 2.960160e-01
255 7.008320e-01 2.740000e-03 2.964280e-01
256 7.003880e-01 2.716000e-03 2.968960e-01
257 6.999200e-01 2.720000e-03 2.973600e-01
258 6.995080e-01 2.660000e-03 2.978320e-01
259 6.990160e-01 2.676000e-03 2.983080e-01
260 6.985720e-01 2.684000e-03 2.987440e-01
261 6.981200e-01 2.656000e-03 2.992240e-01
262 6.976040e-01 2.700000e-03 2.996960e-01
263 6.971000e-01 2.692000e-03 3.002080e-01
264 6.965920e-01 2.740000e-03 3.006680e-01
265 6.960360e-01 2.784000e-03 3.011800e-01
266 6.955120e-01 2.824000e-03 3.016640e-01
267 6.950920e-01 2.792000e-03 3.021160e-01
268 6.946360e-01 2.768000e-03 3.025960e-01
269 6.941280e-01 2.840000e-03 3.030320e-01
270 6.936880e-01 2.756000e-03 3.035560e-01
271 6.932600e-01 2.696000e-03 3.040440e-01
272 6.927960e-01 2.616000e-03 3.045880e-01
273 6.923200e-01 2.616000e-03 3.050640e-01
274 6.918000e-01 2.688000e-03 3.055120e-01
275 6.913520e-01 2.648000e-03 3.060000e-01
276 6.907920e-01 2.736000e-03 3.064720e-01
277 6.902640e-01 2.788000e-03 3.069480e-01
278 6.897360e-01 2.812000e-03 3.074520e-01
279 6.891520e-01 2.892000e-03 3.079560e-01
280 6.886680e-01 2.808000e-03 3.085240e-01
281 6.880560e-01 2.912000e-03 3.090320e-01
282 6.875480e-01 2.912000e-03 3.095400e-01
283 6.870440e-01 2.896000e-03 3.100600e-01
284 6.864560e-01 2.952000e-03 3.105920e-01
285 6.859880e-01 2.928000e-03 3.110840e-01
286 6.854320e-01 3.020000e-03 3.115480e-01
287 6.849040e-01 2.952000e-03 3.121440e-01
288 6.844160e-01 2.892000e-03 3.126920e-01
289 6.839040e-01 2.844000e-03 3.132520e-01
290 6.833480e-01 2.920000e-03 3.137320e-01
291 6.828000e-01 2.904000e-03 3.142960e-01
292 6.822240e-01 2.976000e-03 3.148000e-01
293 6.817080e-01 2.924000e-03 3.153680e-01
294 6.812480e-01 2.832000e-03 3.159200e-01
295 6.807240e-01 2.924000e-03 3.163520e-01
296 6.802920e-01 2.896000e-03 3.168120e-01
297 6.797840e-01 2.956000e-03 3.172600e-01
298 6.793800e-01 2.860000e-03 3.177600e-01
299 6.789680e-01 2.752000e-03 3.182800e-01
300 6.785120e-01 2.780000e-03 3.187080e-01
301 6.780760e-01 2.676000e-03 3.192480e-01
302 6.775960e-01 2.724000e-03 3.196800e-01
303 6.771720e-01 2.652000e-03 3.201760e-01
304 6.767120e-01 2.588000e-03 3.207000e-01
305 6.762560e-01 2.552000e-03 3.211920e-01
306 6.758640e-01 2.484000e-03 3.216520e-01
307 6.754400e-01 2.508000e-03 3.220520e-01
308 6.750840e-01 2.484000e-03 3.224320e-01
309 6.747120e-01 2.460000e-03 3.228280e-01
310 6.742960e-01 2.480000e-03 3.232240e-01
311 6.739120e-01 2.404000e-03 3.236840e-01
312 6.735200e-01 2.404000e-03 3.240760e-01
313 6.730840e-01 2.412000e-03 3.245040e-01
314 6.726480e-01 2.396000e-03 3.249560e-01
315 6.722640e-01 2.340000e-03 3.253960e-01
316 6.718240e-01 2.376000e-03 3.258000e-01
317 6.713280e-01 2.424000e-03 3.262480e-01
318 6.709360e-01 2.364000e-03 3.267000e-01
319 6.706120e-01 2.252000e-03 3.271360e-01
320 6.703120e-01 2.212000e-03 3.274760e-01
321 6.699160e-01 2.236000e-03 3.278480e-01
322 6.695720e-01 2.164000e-03 3.282640e-01
323 6.691640e-01 2.164000e-03 3.286720e-01
324 6.687480e-01 2.168000e-03 3.290840e-01
325 6.684200e-01 2.140000e-03 3.294400e-01
326 6.680440e-01 2.148000e-03 3.298080e-01
327 6.676120e-01 2.216000e-03 3.301720e-01
328 6.671440e-01 2.376000e-03 3.304800e-01
329 6.668000e-01 2.336000e-03 3.308640e-01
330 6.663680e-01 2.408000e-03 3.312240e-01
331 6.659560e-01 2.396000e-03 3.316480e-01
332 6.654480e-01 2.556000e-03 3.319960e-01
333 6.649600e-01 2.548000e-03 3.324920e-01
334 6.644640e-01 2.592000e-03 3.329440e-01
335 6.640360e-01 2.576000e-03 3.333880e-01
336 6.636160e-01 2.552000e-03 3.338320e-01
337 6.630200e-01 2.684000e-03 3.342960e-01
338 6.625360e-01 2.704000e-03 3.347600e-01
339 6.620320e-01 2.780000e-03 3.351880e-01
340 6.614960e-01 2.848000e-03 3.356560e-01
341 6.610680e-01 2.820000e-03 3.361120e-01
342 6.606640e-01 2.732000e-03 3.366040e-01
343 6.601360e-01 2.744000e-03 3.371200e-01
344 6.596440e-01 2.744000e-03 3.376120e-01
345 6.590960e-01 2.780000e-03 3.381240e-01
346 6.585800e-01 2.712000e-03 3.387080e-01
347 6.581480e-01 2.648000e-03 3.392040e-01
348 6.578280e-01 2.448000e-03 3.397240e-01
349 6.574600e-01 2.356000e-03 3.401840e-01
350 6.570400e-01 2.376000e-03 3.405840e-01
351 6.566040e-01 2.364000e-03 3.410320e-01
352 6.561880e-01 2.368000e-03 3.414440e-01
353 6.557520e-01 2.380000e-03 3.418680e-01
354 6.553400e-01 2.392000e-03 3.422680e-01
355 6.549880e-01 2.236000e-03 3.427760e-01
356 6.546240e-01 2.244000e-03 3.431320e-01
357 6.543160e-01 2.148000e-03 3.435360e-01
358 6.539560e-01 2.080000e-03 3.439640e-01
359 6.536480e-01 2.084000e-03 3.442680e-01
360 6.533400e-01 2.024000e-03 3.446360e-01
361 6.530240e-01 1.944000e-03 3.450320e-01
362 6.527360e-01 1.924000e-03 3.453400e-01
363 6.524040e-01 1.900000e-03 3.456960e-01
364 6.521720e-01 1.756000e-03 3.460720e-01
365 6.519000e-01 1.764000e-03 3.463360e-01
366 6.516280e-01 1.780000e-03 3.465920e-01
367 6.514160e-01 1.652000e-03 3.469320e-01
368 6.511720e-01 1.600000e-03 3.472280e-01
369 6.509000e-01 1.624000e-03 3.474760e-01
370 6.506040e-01 1.608000e-03 3.477880e-01
371 6.502640e-01 1.692000e-03 3.480440e-01
372 6.499320e-01 1.700000e-03 3.483680e-01
373 6.495520e-01 1.752000e-03 3.486960e-01
374 6.492880e-01 1.780000e-03 3.489320e-01
375 6.489480e-01 1.768000e-03 3.492840e-01
376 6.486600e-01 1.736000e-03 3.496040e-01
377 6.483960e-01 1.724000e-03 3.498800e-01
378 6.480800e-01 1.716000e-03 3.502040e-01
379 6.478720e-01 1.588000e-03 3.505400e-01
380 6.477240e-01 1.460000e-03 3.508160e-01
381 6.474680e-01 1.460000e-03 3.510720e-01
382 6.472240e-01 1.440000e-03 3.513360e-01
383 6.469760e-01 1.392000e-03 3.516320e-01
384 6.467280e-01 1.364000e-03 3.519080e-01
385 6.464760e-01 1.312000e-03 3.522120e-01
386 6.461880e-01 1.340000e-03 3.524720e-01
387 6.459120e-01 1.396000e-03 3.526920e-01
388 6.457120e-01 1.356000e-03 3.529320e-01
389 6.454520e-01 1.400000e-03 3.531480e-01
390 6.452200e-01 1.376000e-03 3.534040e-01
391 6.449680e-01 1.392000e-03 3.536400e-01
392 6.446400e-01 1.444000e-03 3.539160e-01
393 6.443480e-01 1.556000e-03 3.540960e-01
394 6.440640e-01 1.532000e-03 3.544040e-01
395 6.436960e-01 1.608000e-03 3.546960e-01
396 6.433960e-01 1.616000e-03 3.549880e-01
397 6.430800e-01 1.628000e-03 3.552920e-01
398 6.428080e-01 1.696000e-03 3.554960e-01
399 6.425360e-01 1.728000e-03 3.557360e-01
400 6.422760e-01 1.704000e-03 3.560200e-01
401 6.419840e-01 1.788000e-03 3.562280e-01
402 6.417040e-01 1.728000e-03 3.565680e-01
403 6.414640e-01 1.656000e-03 3.568800e-01
404 6.412080e-01 1.656000e-03 3.571360e-01
405 6.408920e-01 1.680000e-03 3.574280e-01
406 6.405960e-01 1.656000e-03 3.577480e-01
407 6.402920e-01 1.660000e-03 3.580480e-01
408 6.400840e-01 1.588000e-03 3.583280e-01
409 6.398320e-01 1.564000e-03 3.586040e-01
410 6.396160e-01 1.492000e-03 3.588920e-01
411 6.393920e-01 1.468000e-03 3.591400e-01
412 6.392000e-01 1.440000e-03 3.593600e-01
413 6.389320e-01 1.416000e-03 3.596520e-01
414 6.386800e-01 1.428000e-03 3.598920e-01
415 6.384280e-01 1.420000e-03 3.601520e-01
416 6.382480e-01 1.352000e-03 3.604000e-01
417 6.380560e-01 1.336000e-03 3.606080e-01
418 6.377720e-01 1.388000e-03 3.608400e-01
419 6.375680e-01 1.336000e-03 3.610960e-01
420 6.373800e-01 1.292000e-03 3.613280e-01
421 6.372080e-01 1.204000e-03 3.615880e-01
422 6.370360e-01 1.104000e-03 3.618600e-01
423 6.368640e-01 1.112000e-03 3.620240e-01
424 6.366560e-01 1.060000e-03 3.622840e-01
425 6.365160e-01 9.560000e-04 3.625280e-01
426 6.363600e-01 9.280000e-04 3.627120e-01
427 6.362280e-01 9.200000e-04 3.628520e-01
428 6.360680e-01 8.680000e-04 3.630640e-01
429 6.359240e-01 8.560000e-04 3.632200e-01
430 6.358000e-01 8.000000e-04 3.634000e-01
431 6.356440e-01 7.840000e-04 3.635720e-01
432 6.355120e-01 7.600000e-04 3.637280e-01
433 6.353960e-01 7.400000e-04 3.638640e-01
434 6.352520e-01 7.520000e-04 3.639960e-01
435 6.351160e-01 7.600000e-04 3.641240e-01
436 6.349960e-01 7.440000e-04 3.642600e-01
437 6.348200e-01 7.920000e-04 3.643880e-01
438 6.347200e-01 7.240000e-04 3.645560e-01
439 6.346240e-01 6.880000e-04 3.646880e-01
440 6.344640e-01 7.320000e-04 3.648040e-01
441 6.343200e-01 7.280000e-04 3.649520e-01
442 6.342200e-01 6.640000e-04 3.651160e-01
443 6.341400e-01 6.080000e-04 3.652520e-01
444 6.340600e-01 5.920000e-04 3.653480e-01
445 6.339680e-01 5.840000e-04 3.654480e-01
446 6.338880e-01 5.560000e-04 3.655560e-01
447 6.338000e-01 5.480000e-04 3.656520e-01
448 6.337040e-01 5.280000e-04 3.657680e-01
449 6.336280e-01 4.840000e-04 3.658880e-01
450 6.335400e-01 5.040000e-04 3.659560e-01
451 6.334560e-01 5.240000e-04 3.660200e-01
452 6.334200e-01 4.640000e-04 3.661160e-01
453 6.333680e-01 4.320000e-04 3.662000e-01
454 6.332960e-01 4.080000e-04 3.662960e-01
455 6.331840e-01 4.560000e-04 3.663600e-01
456 6.331320e-01 4.120000e-04 3.664560e-01
457 6.330440e-01 4.360000e-04 3.665200e-01
458 6.329320e-01 4.800000e-04 3.665880e-01
459 6.328360e-01 4.840000e-04 3.666800e-01
460 6.327480e-01 4.760000e-04 3.667760e-01
461 6.326360e-01 5.080000e-04 3.668560e-01
462 6.325360e-01 5.160000e-04 3.669480e-01
463 6.324520e-01 5.280000e-04 3.670200e-01
464 6.323040e-01 5.840000e-04 3.671120e-01
465 6.322120e-01 5.480000e-04 3.672400e-01
466 6.321000e-01 5.240000e-04 3.673760e-01
467 6.320320e-01 5.080000e-04 3.674600e-01
468 6.319280e-01 5.120000e-04 3.675600e-01
469 6.318760e-01 4.800000e-04 3.676440e-01
470 6.318000e-01 4.520000e-04 3.677480e-01
471 6.317400e-01 4.360000e-04 3.678240e-01
472 6.316520e-01 4.480000e-04 3.679000e-01
473 6.315680e-01 4.720000e-04 3.679600e-01
474 6.314640e-01 5.160000e-04 3.680200e-01
475 6.313800e-01 4.960000e-04 3.681240e-01
476 6.312800e-01 5.280000e-04 3.681920e-01
477 6.311360e-01 5.800000e-04 3.682840e-01
478 6.309880e-01 6.400000e-04 3.683720e-01
479 6.308600e-01 6.560000e-04 3.684840e-01
480 6.307680e-01 6.200000e-04 3.686120e-01
481 6.306800e-01 5.920000e-04 3.687280e-01
482 6.305440e-01 6.440000e-04 3.688120e-01
483 6.304640e-01 5.600000e-04 3.689760e-01
484 6.303840e-01 5.480000e-04 3.690680e-01
485 6.302800e-01 5.560000e-04 3.691640e-01
486 6.301840e-01 5.640000e-04 3.692520e-01
487 6.300720e-01 5.520000e-04 3.693760e-01
488 6.299800e-01 5.440000e-04 3.694760e-01
489 6.298720e-01 5.560000e-04 3.695720e-01
490 6.297640e-01 5.760000e-04 3.696600e-01
491 6.296920e-01 5.720000e-04 3.697360e-01
492 6.296240e-01 5.600000e-04 3.698160e-01
493 6.295240e-01 5.680000e-04 3.699080e-01
494 6.294360e-01 5.360000e-04 3.700280e-01
495 6.293440e-01 5.400000e-04 3.701160e-01
496 6.292400e-01 5.640000e-04 3.701960e-01
497 6.291560e-01 5.600000e-04 3.702840e-01
498 6.290640e-01 5.440000e-04 3.703920e-01
499 6.289520e-01 5.760000e-04 3.704720e-01
500 6.288760e-01 5.240000e-04 3.706000e-01
