1 9.992760e-01 6.560000e-04 6.800000e-05
2 9.987320e-01 1.064000e-03 2.040000e-04
3 9.980760e-01 1.448000e-03 4.760000e-04
4 9.972480e-01 1.968000e-03 7.840000e-04
5 9.964760e-01 2.288000e-03 1.236000e-03
6 9.956720e-01 2.656000e-03 1.672000e-03
7 9.948680e-01 2.960000e-03 2.172000e-03
8 9.939600e-01 3.284000e-03 2.756000e-03
9 9.929640e-01 3.676000e-03 3.360000e-03
10 9.919240e-01 4.024000e-03 4.052000e-03
11 9.907200e-01 4.428000e-03 4.852000e-03
12 9.895920e-01 4.744000e-03 5.664000e-03
13 9.884840e-01 5.076000e-03 6.440000e-03
14 9.873160e-01 5.444000e-03 7.240000e-03
15 9.861360e-01 5.640000e-03 8.224000e-03
16 9.848840e-01 5.960000e-03 9.156000e-03
17 9.837360e-01 6.032000e-03 1.023200e-02
18 9.825720e-01 6.060000e-03 1.136800e-02
19 9.815280e-01 6.004000e-03 1.246800e-02
20 9.803960e-01 6.040000e-03 1.356400e-02
21 9.791480e-01 6.300000e-03 1.455200e-02
22 9.779240e-01 6.368000e-03 1.570800e-02
23 9.768200e-01 6.256000e-03 1.692400e-02
24 9.754800e-01 6.576000e-03 1.794400e-02
25 9.741680e-01 6.696000e-03 1.913600e-02
26 9.727960e-01 6.872000e-03 2.033200e-02
27 9.715560e-01 6.816000e-03 2.162800e-02
28 9.702000e-01 7.052000e-03 2.274800e-02
29 9.687480e-01 7.260000e-03 2.399200e-02
30 9.672440e-01 7.428000e-03 2.532800e-02
31 9.656280e-01 7.804000e-03 2.656800e-02
32 9.641440e-01 8.068000e-03 2.778800e-02
33 9.626760e-01 8.036000e-03 2.928800e-02
34 9.610200e-01 8.328000e-03 3.065200e-02
35 9.595200e-01 8.280000e-03 3.220000e-02
36 9.578000e-01 8.532000e-03 3.366800e-02
37 9.561520e-01 8.604000e-03 3.524400e-02
38 9.545240e-01 8.872000e-03 3.660400e-02
39 9.528440e-01 9.060000e-03 3.809600e-02
40 9.512000e-01 9.088000e-03 3.971200e-02
41 9.494960e-01 9.328000e-03 4.117600e-02
42 9.478840e-01 9.312000e-03 4.280400e-02
43 9.460680e-01 9.368000e-03 4.456400e-02
44 9.442320e-01 9.484000e-03 4.628400e-02
45 9.425240e-01 9.584000e-03 4.789200e-02
46 9.409360e-01 9.604000e-03 4.946000e-02
47 9.393800e-01 9.488000e-03 5.113200e-02
48 9.378000e-01 9.512000e-03 5.268800e-02
49 9.360440e-01 9.544000e-03 5.441200e-02
50 9.341600e-01 9.772000e-03 5.606800e-02
51 9.323880e-01 9.852000e-03 5.776000e-02
52 9.306200e-01 9.936000e-03 5.944400e-02
53 9.288840e-01 9.848000e-03 6.126800e-02
54 9.274120e-01 9.668000e-03 6.292000e-02
55 9.258320e-01 9.512000e-03 6.465600e-02
56 9.240120e-01 9.612000e-03 6.637600e-02
57 9.224320e-01 9.544000e-03 6.802400e-02
58 9.209440e-01 9.328000e-03 6.972800e-02
59 9.194280e-01 9.216000e-03 7.135600e-02
60 9.180240e-01 9.072000e-03 7.290400e-02
61 9.165720e-01 8.844000e-03 7.458400e-02
62 9.151440e-01 8.668000e-03 7.618800e-02
63 9.136120e-01 8.528000e-03 7.786000e-02
64 9.122320e-01 8.228000e-03 7.954000e-02
65 9.106240e-01 8.428000e-03 8.094800e-02
66 9.090280e-01 8.508000e-03 8.246400e-02
67 9.075040e-01 8.584000e-03 8.391200e-02
68 9.060360e-01 8.548000e-03 8.541600e-02
69 9.043400e-01 8.780000e-03 8.688000e-02
70 9.027160e-01 8.964000e-03 8.832000e-02
71 9.009040e-01 9.204000e-03 8.989200e-02
72 8.991840e-01 9.336000e-03 9.148000e-02
73 8.974560e-01 9.536000e-03 9.300800e-02
74 8.958040e-01 9.488000e-03 9.470800e-02
75 8.939960e-01 9.728000e-03 9.627600e-02
76 8.923360e-01 9.744000e-03 9.792000e-02
77 8.903840e-01 1.004000e-02 9.957600e-02
78 8.886640e-01 9.940000e-03 1.013960e-01
79 8.867640e-01 9.956000e-03 1.032800e-01
80 8.848760e-01 1.018000e-02 1.049440e-01
81 8.829760e-01 1.029600e-02 1.067280e-01
82 8.811800e-01 1.028000e-02 1.085400e-01
83 8.794800e-01 1.014800e-02 1.103720e-01
84 8.778760e-01 1.011200e-02 1.120120e-01
85 8.761080e-01 1.010400e-02 1.137880e-01
86 8.745280e-01 9.996000e-03 1.154760e-01
87 8.729520e-01 9.780000e-03 1.172680e-01
88 8.712560e-01 9.836000e-03 1.189080e-01
89 8.695120e-01 9.896000e-03 1.205920e-01
90 8.675720e-01 1.004000e-02 1.223880e-01
91 8.658920e-01 9.964000e-03 1.241440e-01
92 8.641560e-01 9.896000e-03 1.259480e-01
93 8.622720e-01 9.972000e-03 1.277560e-01
94 8.603720e-01 1.002800e-02 1.296000e-01
95 8.587360e-01 9.848000e-03 1.314160e-01
96 8.570080e-01 9.836000e-03 1.331560e-01
97 8.552640e-01 9.812000e-03 1.349240e-01
98 8.534960e-01 9.884000e-03 1.366200e-01
99 8.518840e-01 9.864000e-03 1.382520e-01
100 8.501640e-01 9.880000e-03 1.399560e-01
101 8.483280e-01 1.000800e-02 1.416640e-01
102 8.467320e-01 9.808000e-03 1.434600e-01
103 8.451000e-01 9.724000e-03 1.451760e-01
104 8.432880e-01 9.736000e-03 1.469760e-01
105 8.416920e-01 9.732000e-03 1.485760e-01
106 8.401320e-01 9.740000e-03 1.501280e-01
107 8.386400e-01 9.632000e-03 1.517280e-01
108 8.371160e-01 9.356000e-03 1.535280e-01
109 8.357040e-01 9.184000e-03 1.551120e-01
110 8.341960e-01 9.124000e-03 1.566800e-01
111 8.326640e-01 9.008000e-03 1.583280e-01
112 8.312640e-01 8.964000e-03 1.597720e-01
113 8.298480e-01 8.816000e-03 1.613360e-01
114 8.283680e-01 8.748000e-03 1.628840e-01
115 8.267280e-01 8.744000e-03 1.645280e-01
116 8.252040e-01 8.764000e-03 1.660320e-01
117 8.236240e-01 8.808000e-03 1.675680e-01
118 8.222120e-01 8.492000e-03 1.692960e-01
119 8.207280e-01 8.520000e-03 1.707520e-01
120 8.192240e-01 8.476000e-03 1.723000e-01
121 8.176080e-01 8.652000e-03 1.737400e-01
122 8.160920e-01 8.628000e-03 1.752800e-01
123 8.145120e-01 8.596000e-03 1.768920e-01
124 8.129960e-01 8.488000e-03 1.785160e-01
125 8.115000e-01 8.516000e-03 1.799840e-01
126 8.100480e-01 8.668000e-03 1.812840e-01
127 8.085360e-01 8.648000e-03 1.828160e-01
128 8.071720e-01 8.504000e-03 1.843240e-01
129 8.057560e-01 8.424000e-03 1.858200e-01
130 8.043440e-01 8.280000e-03 1.873760e-01
131 8.028320e-01 8.428000e-03 1.887400e-01
132 8.013400e-01 8.376000e-03 1.902840e-01
133 7.997960e-01 8.432000e-03 1.917720e-01
134 7.984080e-01 8.384000e-03 1.932080e-01
135 7.970040e-01 8.356000e-03 1.946400e-01
136 7.954560e-01 8.408000e-03 1.961360e-01
137 7.939400e-01 8.448000e-03 1.976120e-01
138 7.924480e-01 8.448000e-03 1.991040e-01
139 7.909280e-01 8.464000e-03 2.006080e-01
140 7.894480e-01 8.524000e-03 2.020280e-01
141 7.880000e-01 8.464000e-03 2.035360e-01
142 7.864840e-01 8.588000e-03 2.049280e-01
143 7.851640e-01 8.416000e-03 2.064200e-01
144 7.836600e-01 8.476000e-03 2.078640e-01
145 7.821840e-01 8.420000e-03 2.093960e-01
146 7.807640e-01 8.380000e-03 2.108560e-01
147 7.794400e-01 8.248000e-03 2.123120e-01
148 7.778520e-01 8.344000e-03 2.138040e-01
149 7.764160e-01 8.300000e-03 2.152840e-01
150 7.749160e-01 8.340000e-03 2.167440e-01
151 7.734360e-01 8.436000e-03 2.181280e-01
152 7.718600e-01 8.580000e-03 2.195600e-01
153 7.703960e-01 8.544000e-03 2.210600e-01
154 7.688800e-01 8.644000e-03 2.224760e-01
155 7.672960e-01 8.744000e-03 2.239600e-01
156 7.658040e-01 8.620000e-03 2.255760e-01
157 7.643080e-01 8.724000e-03 2.269680e-01
158 7.628360e-01 8.696000e-03 2.284680e-01
159 7.614120e-01 8.668000e-03 2.299200e-01
160 7.600960e-01 8.532000e-03 2.313720e-01
161 7.585800e-01 8.464000e-03 2.329560e-01
162 7.572520e-01 8.288000e-03 2.344600e-01
163 7.560920e-01 7.932000e-03 2.359760e-01
164 7.550480e-01 7.676000e-03 2.372760e-01
165 7.538640e-01 7.484000e-03 2.386520e-01
166 7.528000e-01 7.176000e-03 2.400240e-01
167 7.518120e-01 6.920000e-03 2.412680e-01
168 7.508400e-01 6.648000e-03 2.425120e-01
169 7.498760e-01 6.476000e-03 2.436480e-01
170 7.489080e-01 6.388000e-03 2.447040e-01
171 7.478680e-01 6.344000e-03 2.457880e-01
172 7.469280e-01 6.136000e-03 2.469360e-01
173 7.458520e-01 6.104000e-03 2.480440e-01
174 7.448720e-01 6.036000e-03 2.490920e-01
175 7.438120e-01 6.024000e-03 2.501640e-01
176 7.427960e-01 5.984000e-03 2.512200e-01
177 7.416960e-01 6.144000e-03 2.521600e-01
178 7.407840e-01 6.004000e-03 2.532120e-01
179 7.397680e-01 5.856000e-03 2.543760e-01
180 7.388320e-01 5.776000e-03 2.553920e-01
181 7.379280e-01 5.720000e-03 2.563520e-01
182 7.370200e-01 5.576000e-03 2.574040e-01
183 7.360640e-01 5.516000e-03 2.584200e-01
184 7.350320e-01 5.532000e-03 2.594360e-01
185 7.340960e-01 5.476000e-03 2.604280e-01
186 7.332560e-01 5.380000e-03 2.613640e-01
187 7.323800e-01 5.320000e-03 2.623000e-01
188 7.315160e-01 5.248000e-03 2.632360e-01
189 7.306360e-01 5.156000e-03 2.642080e-01
190 7.297280e-01 5.160000e-03 2.651120e-01
191 7.288680e-01 5.112000e-03 2.660200e-01
192 7.280360e-01 5.040000e-03 2.669240e-01
193 7.271800e-01 4.984000e-03 2.678360e-01
194 7.264200e-01 4.848000e-03 2.687320e-01
195 7.254200e-01 4.852000e-03 2.697280e-01
196 7.244640e-01 4.984000e-03 2.705520e-01
197 7.236840e-01 4.904000e-03 2.714120e-01
198 7.227800e-01 5.008000e-03 2.722120e-01
199 7.218400e-01 5.048000e-03 2.731120e-01
200 7.209560e-01 5.088000e-03 2.739560e-01
201 7.199880e-01 5.116000e-03 2.748960e-01
202 7.191840e-01 5.012000e-03 2.758040e-01
203 7.183000e-01 5.044000e-03 2.766560e-01
204 7.174440e-01 4.916000e-03 2.776400e-01
205 7.166320e-01 4.896000e-03 2.784720e-01
206 7.157080e-01 5.012000e-03 2.792800e-01
207 7.148840e-01 4.880000e-03 2.802360e-01
208 7.140600e-01 4.832000e-03 2.811080e-01
209 7.131840e-01 4.852000e-03 2.819640e-01
210 7.123880e-01 4.880000e-03 2.827320e-01
211 7.115320e-01 4.892000e-03 2.835760e-01
212 7.107040e-01 4.824000e-03 2.844720e-01
213 7.099200e-01 4.768000e-03 2.853120e-01
214 7.090880e-01 4.684000e-03 2.862280e-01
215 7.084760e-01 4.464000e-03 2.870600e-01
216 7.077360e-01 4.440000e-03 2.878240e-01
217 7.070640e-01 4.312000e-03 2.886240e-01
218 7.064400e-01 4.128000e-03 2.894320e-01
219 7.058280e-01 4.024000e-03 2.901480e-01
220 7.050800e-01 4.168000e-03 2.907520e-01
221 7.043880e-01 4.140000e-03 2.914720e-01
222 7.036560e-01 4.100000e-03 2.922440e-01
223 7.029520e-01 4.112000e-03 2.929360e-01
224 7.021280e-01 4.368000e-03 2.935040e-01
225 7.015040e-01 4.212000e-03 2.942840e-01
226 7.008320e-01 4.184000e-03 2.949840e-01
227 7.001000e-01 4.212000e-03 2.956880e-01
228 6.993800e-01 4.204000e-03 2.964160e-01
229 6.986320e-01 4.256000e-03 2.971120e-01
230 6.979280e-01 4.220000e-03 2.978520e-01
231 6.972120e-01 4.220000e-03 2.985680e-01
232 6.963600e-01 4.380000e-03 2.992600e-01
233 6.955400e-01 4.372000e-03 3.000880e-01
234 6.947880e-01 4.404000e-03 3.008080e-01
235 6.940160e-01 4.388000e-03 3.015960e-01
236 6.932080e-01 4.508000e-03 3.022840e-01
237 6.924200e-01 4.464000e-03 3.031160e-01
238 6.916520e-01 4.432000e-03 3.039160e-01
239 6.909280e-01 4.488000e-03 3.045840e-01
240 6.902160e-01 4.520000e-03 3.052640e-01
241 6.894920e-01 4.384000e-03 3.061240e-01
242 6.887400e-01 4.376000e-03 3.068840e-01
243 6.880160e-01 4.304000e-03 3.076800e-01
244 6.874480e-01 4.180000e-03 3.083720e-01
245 6.867600e-01 4.108000e-03 3.091320e-01
246 6.861960e-01 3.996000e-03 3.098080e-01
247 6.855320e-01 4.004000e-03 3.104640e-01
248 6.849400e-01 3.876000e-03 3.111840e-01
249 6.843400e-01 3.808000e-03 3.118520e-01
250 6.836440e-01 3.784000e-03 3.125720e-01
251 6.829080e-01 3.824000e-03 3.132680e-01
252 6.822560e-01 3.692000e-03 3.140520e-01
253 6.817320e-01 3.520000e-03 3.147480e-01
254 6.811400e-01 3.548000e-03 3.153120e-01
255 6.805240e-01 3.552000e-03 3.159240e-01
256 6.799400e-01 3.460000e-03 3.166000e-01
257 6.792400e-01 3.608000e-03 3.171520e-01
258 6.786080e-01 3.632000e-03 3.177600e-01
259 6.779560e-01 3.640000e-03 3.184040e-01
260 6.774000e-01 3.592000e-03 3.190080e-01
261 6.768320e-01 3.548000e-03 3.196200e-01
262 6.762160e-01 3.532000e-03 3.202520e-01
263 6.756200e-01 3.536000e-03 3.208440e-01
264 6.750840e-01 3.456000e-03 3.214600e-01
265 6.745080e-01 3.436000e-03 3.220560e-01
266 6.739040e-01 3.440000e-03 3.226560e-01
267 6.733040e-01 3.480000e-03 3.232160e-01
268 6.726960e-01 3.412000e-03 3.238920e-01
269 6.720480e-01 3.444000e-03 3.245080e-01
270 6.715600e-01 3.352000e-03 3.250880e-01
271 6.710080e-01 3.344000e-03 3.256480e-01
272 6.703400e-01 3.416000e-03 3.262440e-01
273 6.697840e-01 3.340000e-03 3.268760e-01
274 6.691960e-01 3.292000e-03 3.275120e-01
275 6.685640e-01 3.336000e-03 3.281000e-01
276 6.679640e-01 3.492000e-03 3.285440e-01
277 6.674400e-01 3.340000e-03 3.292200e-01
278 6.668920e-01 3.360000e-03 3.297480e-01
279 6.663520e-01 3.372000e-03 3.302760e-01
280 6.658000e-01 3.376000e-03 3.308240e-01
281 6.652480e-01 3.312000e-03 3.314400e-01
282 6.647680e-01 3.268000e-03 3.319640e-01
283 6.642800e-01 3.244000e-03 3.324760e-01
284 6.637520e-01 3.168000e-03 3.330800e-01
285 6.631480e-01 3.308000e-03 3.335440e-01
286 6.626160e-01 3.228000e-03 3.341560e-01
287 6.621040e-01 3.144000e-03 3.347520e-01
288 6.616120e-01 3.112000e-03 3.352760e-01
289 6.610880e-01 3.048000e-03 3.358640e-01
290 6.605000e-01 3.100000e-03 3.364000e-01
291 6.599960e-01 3.052000e-03 3.369520e-01
292 6.594920e-01 3.040000e-03 3.374680e-01
293 6.589880e-01 3.024000e-03 3.379880e-01
294 6.584200e-01 3.104000e-03 3.384760e-01
295 6.579720e-01 3.016000e-03 3.390120e-01
296 6.575080e-01 2.976000e-03 3.395160e-01
297 6.569160e-01 3.044000e-03 3.400400e-01
298 6.564440e-01 2.976000e-03 3.405800e-01
299 6.559480e-01 3.032000e-03 3.410200e-01
300 6.554080e-01 3.060000e-03 3.415320e-01
301 6.548800e-01 3.076000e-03 3.420440e-01
302 6.542960e-01 3.132000e-03 3.425720e-01
303 6.537360e-01 3.128000e-03 3.431360e-01
304 6.532120e-01 3.100000e-03 3.436880e-01
305 6.527240e-01 2.940000e-03 3.443360e-01
306 6.522280e-01 2.912000e-03 3.448600e-01
307 6.517560e-01 2.868000e-03 3.453760e-01
308 6.512520e-01 2.848000e-03 3.459000e-01
309 6.508800e-01 2.756000e-03 3.463640e-01
310 6.504360e-01 2.772000e-03 3.467920e-01
311 6.500640e-01 2.688000e-03 3.472480e-01
312 6.496360e-01 2.724000e-03 3.476400e-01
313 6.491600e-01 2.800000e-03 3.480400e-01
314 6.486640e-01 2.848000e-03 3.484880e-01
315 6.481920e-01 2.868000e-03 3.489400e-01
316 6.476960e-01 2.928000e-03 3.493760e-01
317 6.472760e-01 2.768000e-03 3.499560e-01
318 6.467240e-01 2.848000e-03 3.504280e-01
319 6.462520e-01 2.840000e-03 3.509080e-01
320 6.457920e-01 2.808000e-03 3.514000e-01
321 6.454000e-01 2.728000e-03 3.518720e-01
322 6.450000e-01 2.664000e-03 3.523360e-01
323 6.446280e-01 2.564000e-03 3.528080e-01
324 6.442760e-01 2.516000e-03 3.532080e-01
325 6.438320e-01 2.528000e-03 3.536400e-01
326 6.434640e-01 2.436000e-03 3.541000e-01
327 6.431160e-01 2.400000e-03 3.544840e-01
328 6.428080e-01 2.320000e-03 3.548720e-01
329 6.425240e-01 2.212000e-03 3.552640e-01
330 6.422040e-01 2.220000e-03 3.555760e-01
331 6.419240e-01 2.108000e-03 3.559680e-01
332 6.415360e-01 2.116000e-03 3.563480e-01
333 6.412080e-01 2.052000e-03 3.567400e-01
334 6.408440e-01 2.048000e-03 3.571080e-01
335 6.405280e-01 2.064000e-03 3.574080e-01
336 6.402760e-01 1.972000e-03 3.577520e-01
337 6.399800e-01 1.876000e-03 3.581440e-01
338 6.396400e-01 1.944000e-03 3.584160e-01
339 6.393200e-01 1.896000e-03 3.587840e-01
340 6.390760e-01 1.840000e-03 3.590840e-01
341 6.387680e-01 1.872000e-03 3.593600e-01
342 6.384960e-01 1.884000e-03 3.596200e-01
343 6.382280e-01 1.880000e-03 3.598920e-01
344 6.378280e-01 1.980000e-03 3.601920e-01
345 6.374680e-01 2.028000e-03 3.605040e-01
346 6.371600e-01 2.048000e-03 3.607920e-01
347 6.368600e-01 1.960000e-03 3.611800e-01
348 6.365040e-01 1.956000e-03 3.615400e-01
349 6.362520e-01 1.880000e-03 3.618680e-01
350 6.360120e-01 1.760000e-03 3.622280e-01
351 6.357360e-01 1.748000e-03 3.625160e-01
352 6.355240e-01 1.664000e-03 3.628120e-01
353 6.352480e-01 1.688000e-03 3.630640e-01
354 6.350120e-01 1.620000e-03 3.633680e-01
355 6.347960e-01 1.532000e-03 3.636720e-01
356 6.345520e-01 1.520000e-03 3.639280e-01
357 6.342920e-01 1.520000e-03 3.641880e-01
358 6.340040e-01 1.504000e-03 3.644920e-01
359 6.337880e-01 1.416000e-03 3.647960e-01
360 6.335200e-01 1.440000e-03 3.650400e-01
361 6.332760e-01 1.464000e-03 3.652600e-01
362 6.330720e-01 1.432000e-03 3.654960e-01
363 6.328280e-01 1.436000e-03 3.657360e-01
364 6.326160e-01 1.388000e-03 3.659960e-01
365 6.323760e-01 1.356000e-03 3.662680e-01
366 6.321640e-01 1.296000e-03 3.665400e-01
367 6.319520e-01 1.288000e-03 3.667600e-01
368 6.316960e-01 1.360000e-03 3.669440e-01
369 6.314920e-01 1.336000e-03 3.671720e-01
370 6.312560e-01 1.376000e-03 3.673680e-01
371 6.309760e-01 1.400000e-03 3.676240e-01
372 6.307000e-01 1.460000e-03 3.678400e-01
373 6.304520e-01 1.492000e-03 3.680560e-01
374 6.302080e-01 1.440000e-03 3.683520e-01
375 6.299320e-01 1.428000e-03 3.686400e-01
376 6.296320e-01 1.456000e-03 3.689120e-01
377 6.294000e-01 1.380000e-03 3.692200e-01
378 6.291160e-01 1.452000e-03 3.694320e-01
379 6.288640e-01 1.420000e-03 3.697160e-01
380 6.285720e-01 1.464000e-03 3.699640e-01
381 6.282400e-01 1.584000e-03 3.701760e-01
382 6.278920e-01 1.680000e-03 3.704280e-01
383 6.276280e-01 1.652000e-03 3.707200e-01
384 6.273440e-01 1.640000e-03 3.710160e-01
385 6.270920e-01 1.600000e-03 3.713080e-01
386 6.268200e-01 1.624000e-03 3.715560e-01
387 6.266160e-01 1.504000e-03 3.718800e-01
388 6.263640e-01 1.444000e-03 3.721920e-01
389 6.261480e-01 1.460000e-03 3.723920e-01
390 6.259760e-01 1.416000e-03 3.726080e-01
391 6.258080e-01 1.324000e-03 3.728680e-01
392 6.255880e-01 1.328000e-03 3.730840e-01
393 6.253400e-01 1.360000e-03 3.733000e-01
394 6.251480e-01 1.324000e-03 3.735280e-01
395 6.248880e-01 1.364000e-03 3.737480e-01
396 6.245920e-01 1.460000e-03 3.739480e-01
397 6.243160e-01 1.460000e-03 3.742240e-01
398 6.240520e-01 1.464000e-03 3.744840e-01
399 6.237920e-01 1.484000e-03 3.747240e-01
400 6.235680e-01 1.436000e-03 3.749960e-01
401 6.232600e-01 1.468000e-03 3.752720e-01
402 6.229680e-01 1.504000e-03 3.755280e-01
403 6.226480e-01 1.556000e-03 3.757960e-01
404 6.222840e-01 1.664000e-03 3.760520e-01
405 6.220040e-01 1.684000e-03 3.763120e-01
406 6.217320e-01 1.720000e-03 3.765480e-01
407 6.213920e-01 1.736000e-03 3.768720e-01
408 6.211040e-01 1.736000e-03 3.771600e-01
409 6.207600e-01 1.764000e-03 3.774760e-01
410 6.204680e-01 1.732000e-03 3.778000e-01
411 6.201760e-01 1.688000e-03 3.781360e-01
412 6.199200e-01 1.620000e-03 3.784600e-01
413 6.196920e-01 1.576000e-03 3.787320e-01
414 6.193600e-01 1.640000e-03 3.790000e-01
415 6.190880e-01 1.640000e-03 3.792720e-01
416 6.187880e-01 1.632000e-03 3.795800e-01
417 6.185760e-01 1.540000e-03 3.798840e-01
418 6.183200e-01 1.512000e-03 3.801680e-01
419 6.179800e-01 1.564000e-03 3.804560e-01
420 6.176440e-01 1.576000e-03 3.807800e-01
421 6.173680e-01 1.600000e-03 3.810320e-01
422 6.170840e-01 1.580000e-03 3.813360e-01
423 6.168440e-01 1.528000e-03 3.816280e-01
424 6.165640e-01 1.576000e-03 3.818600e-01
425 6.163040e-01 1.568000e-03 3.821280e-01
426 6.160400e-01 1.588000e-03 3.823720e-01
427 6.157760e-01 1.624000e-03 3.826000e-01
428 6.155080e-01 1.652000e-03 3.828400e-01
429 6.151760e-01 1.704000e-03 3.831200e-01
430 6.148520e-01 1.708000e-03 3.834400e-01
431 6.146000e-01 1.680000e-03 3.837200e-01
432 6.143720e-01 1.580000e-03 3.840480e-01
433 6.140240e-01 1.664000e-03 3.843120e-01
434 6.137520e-01 1.620000e-03 3.846280e-01
435 6.135520e-01 1.564000e-03 3.848840e-01
436 6.132720e-01 1.592000e-03 3.851360e-01
437 6.130360e-01 1.592000e-03 3.853720e-01
438 6.128200e-01 1.508000e-03 3.856720e-01
439 6.126400e-01 1.428000e-03 3.859320e-01
440 6.124960e-01 1.360000e-03 3.861440e-01
441 6.122840e-01 1.348000e-03 3.863680e-01
442 6.120840e-01 1.336000e-03 3.865800e-01
443 6.118080e-01 1.408000e-03 3.867840e-01
444 6.115480e-01 1.432000e-03 3.870200e-01
445 6.113120e-01 1.400000e-03 3.872880e-01
446 6.111440e-01 1.296000e-03 3.875600e-01
447 6.109360e-01 1.296000e-03 3.877680e-01
448 6.107200e-01 1.308000e-03 3.879720e-01
449 6.105680e-01 1.244000e-03 3.881880e-01
450 6.103760e-01 1.244000e-03 3.883800e-01
451 6.101640e-01 1.224000e-03 3.886120e-01
452 6.099800e-01 1.180000e-03 3.888400e-01
453 6.098600e-01 1.124000e-03 3.890160e-01
454 6.096320e-01 1.124000e-03 3.892440e-01
455 6.094440e-01 1.144000e-03 3.894120e-01
456 6.092760e-01 1.088000e-03 3.896360e-01
457 6.090880e-01 1.052000e-03 3.898600e-01
458 6.088720e-01 1.088000e-03 3.900400e-01
459 6.086600e-01 1.084000e-03 3.902560e-01
460 6.085240e-01 1.056000e-03 3.904200e-01
461 6.083000e-01 1.064000e-03 3.906360e-01
462 6.080840e-01 1.104000e-03 3.908120e-01
463 6.078920e-01 1.120000e-03 3.909880e-01
464 6.076360e-01 1.156000e-03 3.912080e-01
465 6.074400e-01 1.144000e-03 3.914160e-01
466 6.072400e-01 1.184000e-03 3.915760e-01
467 6.070360e-01 1.180000e-03 3.917840e-01
468 6.068880e-01 1.100000e-03 3.920120e-01
469 6.067480e-01 1.028000e-03 3.922240e-01
470 6.065800e-01 1.044000e-03 3.923760e-01
471 6.064360e-01 1.008000e-03 3.925560e-01
472 6.062800e-01 1.020000e-03 3.927000e-01
473 6.061360e-01 9.880000e-04 3.928760e-01
474 6.059560e-01 9.920000e-04 3.930520e-01
475 6.057320e-01 1.044000e-03 3.932240e-01
476 6.055600e-01 1.044000e-03 3.933960e-01
477 6.053560e-01 1.040000e-03 3.936040e-01
478 6.052120e-01 9.560000e-04 3.938320e-01
479 6.050320e-01 9.640000e-04 3.940040e-01
480 6.048720e-01 9.800000e-04 3.941480e-01
481 6.047680e-01 9.240000e-04 3.943080e-01
482 6.045880e-01 9.320000e-04 3.944800e-01
483 6.044560e-01 8.840000e-04 3.946600e-01
484 6.043360e-01 8.240000e-04 3.948400e-01
485 6.041960e-01 8.480000e-04 3.949560e-01
486 6.040920e-01 8.200000e-04 3.950880e-01
487 6.039640e-01 7.640000e-04 3.952720e-01
488 6.038360e-01 7.360000e-04 3.954280e-01
489 6.037080e-01 7.240000e-04 3.955680e-01
490 6.036240e-01 6.760000e-04 3.957000e-01
491 6.035440e-01 6.360000e-04 3.958200e-01
492 6.034360e-01 6.600000e-04 3.959040e-01
493 6.033600e-01 6.240000e-04 3.960160e-01
494 6.032800e-01 5.760000e-04 3.961440e-01
495 6.031800e-01 5.560000e-04 3.962640e-01
496 6.030920e-01 5.400000e-04 3.963680e-01
497 6.029720e-01 5.680000e-04 3.964600e-01
498 6.028880e-01 5.640000e-04 3.965480e-01
499 6.028160e-01 5.400000e-04 3.966440e-01
500 6.027600e-01 4.760000e-04 3.967640e-01
