1 9.991480e-01 7.600000e-04 9.200000e-05
2 9.986240e-01 1.112000e-03 2.640000e-04
3 9.978520e-01 1.624000e-03 5.240000e-04
4 9.970120e-01 2.160000e-03 8.280000e-04
5 9.961320e-01 2.612000e-03 1.256000e-03
6 9.951120e-01 3.184000e-03 1.704000e-03
7 9.940560e-01 3.612000e-03 2.332000e-03
8 9.930080e-01 4.028000e-03 2.964000e-03
9 9.919920e-01 4.284000e-03 3.724000e-03
10 9.907520e-01 4.700000e-03 4.548000e-03
11 9.895640e-01 5.072000e-03 5.364000e-03
12 9.881680e-01 5.476000e-03 6.356000e-03
13 9.869040e-01 5.832000e-03 7.264000e-03
14 9.855120e-01 6.100000e-03 8.388000e-03
15 9.842080e-01 6.372000e-03 9.420000e-03
16 9.828600e-01 6.684000e-03 1.045600e-02
17 9.815960e-01 6.728000e-03 1.167600e-02
18 9.803040e-01 6.860000e-03 1.283600e-02
19 9.789320e-01 7.076000e-03 1.399200e-02
20 9.774080e-01 7.324000e-03 1.526800e-02
21 9.760160e-01 7.284000e-03 1.670000e-02
22 9.747400e-01 7.312000e-03 1.794800e-02
23 9.734280e-01 7.376000e-03 1.919600e-02
24 9.720160e-01 7.372000e-03 2.061200e-02
25 9.707240e-01 7.252000e-03 2.202400e-02
26 9.694400e-01 7.288000e-03 2.327200e-02
27 9.679920e-01 7.516000e-03 2.449200e-02
28 9.666800e-01 7.448000e-03 2.587200e-02
29 9.651880e-01 7.656000e-03 2.715600e-02
30 9.637480e-01 7.672000e-03 2.858000e-02
31 9.623320e-01 7.824000e-03 2.984400e-02
32 9.609120e-01 7.844000e-03 3.124400e-02
33 9.594120e-01 7.892000e-03 3.269600e-02
34 9.578240e-01 8.044000e-03 3.413200e-02
35 9.562960e-01 8.184000e-03 3.552000e-02
36 9.544640e-01 8.536000e-03 3.700000e-02
37 9.527520e-01 8.680000e-03 3.856800e-02
38 9.509800e-01 8.940000e-03 4.008000e-02
39 9.493880e-01 9.028000e-03 4.158400e-02
40 9.478080e-01 9.216000e-03 4.297600e-02
41 9.461320e-01 9.272000e-03 4.459600e-02
42 9.445600e-01 9.216000e-03 4.622400e-02
43 9.430360e-01 9.212000e-03 4.775200e-02
44 9.415160e-01 9.112000e-03 4.937200e-02
45 9.398440e-01 9.152000e-03 5.100400e-02
46 9.380960e-01 9.404000e-03 5.250000e-02
47 9.363560e-01 9.400000e-03 5.424400e-02
48 9.347920e-01 9.416000e-03 5.579200e-02
49 9.330240e-01 9.548000e-03 5.742800e-02
50 9.314600e-01 9.440000e-03 5.910000e-02
51 9.299480e-01 9.216000e-03 6.083600e-02
52 9.283720e-01 9.060000e-03 6.256800e-02
53 9.267360e-01 9.104000e-03 6.416000e-02
54 9.252360e-01 9.168000e-03 6.559600e-02
55 9.237160e-01 9.156000e-03 6.712800e-02
56 9.221480e-01 9.156000e-03 6.869600e-02
57 9.205080e-01 9.088000e-03 7.040400e-02
58 9.187840e-01 9.132000e-03 7.208400e-02
59 9.173880e-01 8.868000e-03 7.374400e-02
60 9.159320e-01 8.816000e-03 7.525200e-02
61 9.143600e-01 8.992000e-03 7.664800e-02
62 9.128960e-01 8.876000e-03 7.822800e-02
63 9.116240e-01 8.492000e-03 7.988400e-02
64 9.100560e-01 8.616000e-03 8.132800e-02
65 9.086480e-01 8.644000e-03 8.270800e-02
66 9.070840e-01 8.712000e-03 8.420400e-02
67 9.053560e-01 8.936000e-03 8.570800e-02
68 9.037400e-01 9.020000e-03 8.724000e-02
69 9.022400e-01 8.928000e-03 8.883200e-02
70 9.006960e-01 8.864000e-03 9.044000e-02
71 8.993880e-01 8.704000e-03 9.190800e-02
72 8.978680e-01 8.756000e-03 9.337600e-02
73 8.963200e-01 8.752000e-03 9.492800e-02
74 8.947080e-01 8.876000e-03 9.641600e-02
75 8.931560e-01 8.864000e-03 9.798000e-02
76 8.914960e-01 9.028000e-03 9.947600e-02
77 8.897400e-01 9.252000e-03 1.010080e-01
78 8.881120e-01 9.252000e-03 1.026360e-01
79 8.865840e-01 9.176000e-03 1.042400e-01
80 8.849800e-01 9.128000e-03 1.058920e-01
81 8.834080e-01 9.100000e-03 1.074920e-01
82 8.818920e-01 9.084000e-03 1.090240e-01
83 8.804000e-01 9.108000e-03 1.104920e-01
84 8.787520e-01 9.240000e-03 1.120080e-01
85 8.772320e-01 9.172000e-03 1.135960e-01
86 8.756960e-01 9.072000e-03 1.152320e-01
87 8.740200e-01 9.160000e-03 1.168200e-01
88 8.724840e-01 8.976000e-03 1.185400e-01
89 8.709400e-01 8.960000e-03 1.201000e-01
90 8.693240e-01 9.068000e-03 1.216080e-01
91 8.676440e-01 9.132000e-03 1.232240e-01
92 8.660200e-01 9.252000e-03 1.247280e-01
93 8.642760e-01 9.348000e-03 1.263760e-01
94 8.625240e-01 9.432000e-03 1.280440e-01
95 8.608160e-01 9.668000e-03 1.295160e-01
96 8.591440e-01 9.648000e-03 1.312080e-01
97 8.573720e-01 9.772000e-03 1.328560e-01
98 8.555560e-01 9.948000e-03 1.344960e-01
99 8.536880e-01 1.016000e-02 1.361520e-01
100 8.516800e-01 1.051600e-02 1.378040e-01
101 8.498080e-01 1.059200e-02 1.396000e-01
102 8.480640e-01 1.036400e-02 1.415720e-01
103 8.463280e-01 1.034800e-02 1.433240e-01
104 8.447120e-01 9.952000e-03 1.453360e-01
105 8.431920e-01 9.764000e-03 1.470440e-01
106 8.417480e-01 9.568000e-03 1.486840e-01
107 8.401800e-01 9.532000e-03 1.502880e-01
108 8.385080e-01 9.568000e-03 1.519240e-01
109 8.369240e-01 9.488000e-03 1.535880e-01
110 8.353560e-01 9.428000e-03 1.552160e-01
111 8.337360e-01 9.392000e-03 1.568720e-01
112 8.321680e-01 9.264000e-03 1.585680e-01
113 8.306680e-01 9.112000e-03 1.602200e-01
114 8.290440e-01 9.120000e-03 1.618360e-01
115 8.275680e-01 9.100000e-03 1.633320e-01
116 8.258080e-01 9.356000e-03 1.648360e-01
117 8.241640e-01 9.296000e-03 1.665400e-01
118 8.224800e-01 9.440000e-03 1.680800e-01
119 8.208240e-01 9.388000e-03 1.697880e-01
120 8.191920e-01 9.428000e-03 1.713800e-01
121 8.175080e-01 9.408000e-03 1.730840e-01
122 8.158360e-01 9.428000e-03 1.747360e-01
123 8.141040e-01 9.532000e-03 1.763640e-01
124 8.125280e-01 9.544000e-03 1.779280e-01
125 8.109600e-01 9.376000e-03 1.796640e-01
126 8.092600e-01 9.400000e-03 1.813400e-01
127 8.077280e-01 9.252000e-03 1.830200e-01
128 8.061000e-01 9.212000e-03 1.846880e-01
129 8.044760e-01 9.256000e-03 1.862680e-01
130 8.028320e-01 9.360000e-03 1.878080e-01
131 8.013560e-01 9.312000e-03 1.893320e-01
132 7.998880e-01 9.304000e-03 1.908080e-01
133 7.982280e-01 9.304000e-03 1.924680e-01
134 7.965200e-01 9.360000e-03 1.941200e-01
135 7.948680e-01 9.372000e-03 1.957600e-01
136 7.930720e-01 9.368000e-03 1.975600e-01
137 7.913760e-01 9.400000e-03 1.992240e-01
138 7.897760e-01 9.436000e-03 2.007880e-01
139 7.880880e-01 9.532000e-03 2.023800e-01
140 7.866200e-01 9.304000e-03 2.040760e-01
141 7.849440e-01 9.412000e-03 2.056440e-01
142 7.832440e-01 9.256000e-03 2.075000e-01
143 7.815840e-01 9.324000e-03 2.090920e-01
144 7.800600e-01 9.100000e-03 2.108400e-01
145 7.783800e-01 9.240000e-03 2.123800e-01
146 7.767440e-01 9.280000e-03 2.139760e-01
147 7.750520e-01 9.316000e-03 2.156320e-01
148 7.735240e-01 9.200000e-03 2.172760e-01
149 7.719560e-01 9.168000e-03 2.188760e-01
150 7.702560e-01 9.400000e-03 2.203440e-01
151 7.687840e-01 9.172000e-03 2.220440e-01
152 7.671960e-01 9.148000e-03 2.236560e-01
153 7.656160e-01 9.092000e-03 2.252920e-01
154 7.639880e-01 9.104000e-03 2.269080e-01
155 7.625360e-01 8.940000e-03 2.285240e-01
156 7.610360e-01 8.904000e-03 2.300600e-01
157 7.595080e-01 8.820000e-03 2.316720e-01
158 7.579920e-01 8.668000e-03 2.333400e-01
159 7.565080e-01 8.700000e-03 2.347920e-01
160 7.551080e-01 8.732000e-03 2.361600e-01
161 7.536720e-01 8.712000e-03 2.376160e-01
162 7.522360e-01 8.728000e-03 2.390360e-01
163 7.506000e-01 8.872000e-03 2.405280e-01
164 7.489520e-01 9.048000e-03 2.420000e-01
165 7.475040e-01 8.892000e-03 2.436040e-01
166 7.460320e-01 8.852000e-03 2.451160e-01
167 7.446040e-01 8.756000e-03 2.466400e-01
168 7.430320e-01 8.948000e-03 2.480200e-01
169 7.414160e-01 9.104000e-03 2.494800e-01
170 7.398760e-01 9.156000e-03 2.509680e-01
171 7.384480e-01 8.784000e-03 2.527680e-01
172 7.371120e-01 8.596000e-03 2.542920e-01
173 7.357080e-01 8.480000e-03 2.558120e-01
174 7.342760e-01 8.392000e-03 2.573320e-01
175 7.328400e-01 8.380000e-03 2.587800e-01
176 7.314000e-01 8.412000e-03 2.601880e-01
177 7.300920e-01 8.232000e-03 2.616760e-01
178 7.285560e-01 8.448000e-03 2.629960e-01
179 7.269200e-01 8.700000e-03 2.643800e-01
180 7.254720e-01 8.624000e-03 2.659040e-01
181 7.239040e-01 8.720000e-03 2.673760e-01
182 7.223280e-01 8.752000e-03 2.689200e-01
183 7.208600e-01 8.744000e-03 2.703960e-01
184 7.194840e-01 8.428000e-03 2.720880e-01
185 7.180120e-01 8.480000e-03 2.735080e-01
186 7.165480e-01 8.416000e-03 2.750360e-01
187 7.150280e-01 8.600000e-03 2.763720e-01
188 7.134640e-01 8.624000e-03 2.779120e-01
189 7.119240e-01 8.520000e-03 2.795560e-01
190 7.104960e-01 8.312000e-03 2.811920e-01
191 7.091760e-01 8.144000e-03 2.826800e-01
192 7.079520e-01 7.988000e-03 2.840600e-01
193 7.066080e-01 7.968000e-03 2.854240e-01
194 7.053680e-01 7.868000e-03 2.867640e-01
195 7.040960e-01 7.692000e-03 2.882120e-01
196 7.029520e-01 7.604000e-03 2.894440e-01
197 7.017320e-01 7.388000e-03 2.908800e-01
198 7.003280e-01 7.460000e-03 2.922120e-01
199 6.990680e-01 7.468000e-03 2.934640e-01
200 6.979440e-01 7.360000e-03 2.946960e-01
201 6.967480e-01 7.324000e-03 2.959280e-01
202 6.955360e-01 7.256000e-03 2.972080e-01
203 6.942880e-01 7.488000e-03 2.982240e-01
204 6.931240e-01 7.356000e-03 2.995200e-01
205 6.919120e-01 7.272000e-03 3.008160e-01
206 6.907200e-01 7.336000e-03 3.019440e-01
207 6.895280e-01 7.240000e-03 3.032320e-01
208 6.883240e-01 7.176000e-03 3.045000e-01
209 6.872120e-01 7.088000e-03 3.057000e-01
210 6.861960e-01 6.868000e-03 3.069360e-01
211 6.850680e-01 6.740000e-03 3.081920e-01
212 6.837400e-01 6.868000e-03 3.093920e-01
213 6.824960e-01 6.860000e-03 3.106440e-01
214 6.812760e-01 6.844000e-03 3.118800e-01
215 6.803400e-01 6.476000e-03 3.131840e-01
216 6.792960e-01 6.440000e-03 3.142640e-01
217 6.782080e-01 6.424000e-03 3.153680e-01
218 6.770520e-01 6.604000e-03 3.163440e-01
219 6.759760e-01 6.612000e-03 3.174120e-01
220 6.749680e-01 6.396000e-03 3.186360e-01
221 6.739720e-01 6.388000e-03 3.196400e-01
222 6.731000e-01 6.176000e-03 3.207240e-01
223 6.720840e-01 6.052000e-03 3.218640e-01
224 6.710880e-01 5.956000e-03 3.229560e-01
225 6.701200e-01 5.888000e-03 3.239920e-01
226 6.692520e-01 5.716000e-03 3.250320e-01
227 6.683200e-01 5.604000e-03 3.260760e-01
228 6.673880e-01 5.560000e-03 3.270520e-01
229 6.664600e-01 5.500000e-03 3.280400e-01
230 6.654080e-01 5.668000e-03 3.289240e-01
231 6.644400e-01 5.544000e-03 3.300160e-01
232 6.635880e-01 5.404000e-03 3.310080e-01
233 6.624960e-01 5.608000e-03 3.318960e-01
234 6.614880e-01 5.640000e-03 3.328720e-01
235 6.606520e-01 5.604000e-03 3.337440e-01
236 6.596640e-01 5.608000e-03 3.347280e-01
237 6.588400e-01 5.420000e-03 3.357400e-01
238 6.579200e-01 5.396000e-03 3.366840e-01
239 6.570360e-01 5.312000e-03 3.376520e-01
240 6.561440e-01 5.288000e-03 3.385680e-01
241 6.551960e-01 5.240000e-03 3.395640e-01
242 6.542480e-01 5.264000e-03 3.404880e-01
243 6.534760e-01 5.008000e-03 3.415160e-01
244 6.526680e-01 4.892000e-03 3.424400e-01
245 6.518120e-01 4.996000e-03 3.431920e-01
246 6.510200e-01 4.896000e-03 3.440840e-01
247 6.502680e-01 4.748000e-03 3.449840e-01
248 6.495480e-01 4.612000e-03 3.458400e-01
249 6.488600e-01 4.492000e-03 3.466480e-01
250 6.482760e-01 4.320000e-03 3.474040e-01
251 6.476640e-01 4.204000e-03 3.481320e-01
252 6.470400e-01 4.184000e-03 3.487760e-01
253 6.463720e-01 4.100000e-03 3.495280e-01
254 6.457000e-01 4.100000e-03 3.502000e-01
255 6.450440e-01 4.032000e-03 3.509240e-01
256 6.443960e-01 3.896000e-03 3.517080e-01
257 6.436080e-01 4.072000e-03 3.523200e-01
258 6.428440e-01 4.076000e-03 3.530800e-01
259 6.420800e-01 4.040000e-03 3.538800e-01
260 6.414480e-01 3.964000e-03 3.545880e-01
261 6.407960e-01 3.928000e-03 3.552760e-01
262 6.402000e-01 3.748000e-03 3.560520e-01
263 6.396400e-01 3.568000e-03 3.567920e-01
264 6.391280e-01 3.436000e-03 3.574360e-01
265 6.386520e-01 3.340000e-03 3.580080e-01
266 6.381120e-01 3.316000e-03 3.585720e-01
267 6.375480e-01 3.280000e-03 3.591720e-01
268 6.370160e-01 3.260000e-03 3.597240e-01
269 6.363680e-01 3.404000e-03 3.602280e-01
270 6.358160e-01 3.352000e-03 3.608320e-01
271 6.352440e-01 3.332000e-03 3.614240e-01
272 6.347680e-01 3.256000e-03 3.619760e-01
273 6.342480e-01 3.240000e-03 3.625120e-01
274 6.337600e-01 3.156000e-03 3.630840e-01
275 6.332640e-01 3.120000e-03 3.636160e-01
276 6.327400e-01 3.032000e-03 3.642280e-01
277 6.322520e-01 2.956000e-03 3.647920e-01
278 6.317400e-01 2.992000e-03 3.652680e-01
279 6.311520e-01 3.092000e-03 3.657560e-01
280 6.305920e-01 3.152000e-03 3.662560e-01
281 6.300480e-01 3.112000e-03 3.668400e-01
282 6.294680e-01 3.140000e-03 3.673920e-01
283 6.289640e-01 3.088000e-03 3.679480e-01
284 6.284360e-01 3.092000e-03 3.684720e-01
285 6.278960e-01 3.132000e-03 3.689720e-01
286 6.273960e-01 3.040000e-03 3.695640e-01
287 6.269240e-01 2.996000e-03 3.700800e-01
288 6.264800e-01 2.984000e-03 3.705360e-01
289 6.259920e-01 3.052000e-03 3.709560e-01
290 6.254640e-01 3.020000e-03 3.715160e-01
291 6.249800e-01 3.072000e-03 3.719480e-01
292 6.244560e-01 3.004000e-03 3.725400e-01
293 6.239600e-01 3.036000e-03 3.730040e-01
294 6.234320e-01 3.004000e-03 3.735640e-01
295 6.229320e-01 2.992000e-03 3.740760e-01
296 6.224560e-01 3.008000e-03 3.745360e-01
297 6.220080e-01 2.956000e-03 3.750360e-01
298 6.215240e-01 2.960000e-03 3.755160e-01
299 6.210760e-01 2.848000e-03 3.760760e-01
300 6.206800e-01 2.852000e-03 3.764680e-01
301 6.202360e-01 2.812000e-03 3.769520e-01
302 6.198160e-01 2.744000e-03 3.774400e-01
303 6.194240e-01 2.708000e-03 3.778680e-01
304 6.189720e-01 2.724000e-03 3.783040e-01
305 6.184960e-01 2.676000e-03 3.788280e-01
306 6.180560e-01 2.624000e-03 3.793200e-01
307 6.176240e-01 2.572000e-03 3.798040e-01
308 6.172080e-01 2.508000e-03 3.802840e-01
309 6.167720e-01 2.436000e-03 3.807920e-01
310 6.164200e-01 2.368000e-03 3.812120e-01
311 6.160600e-01 2.328000e-03 3.816120e-01
312 6.156640e-01 2.376000e-03 3.819600e-01
313 6.152680e-01 2.340000e-03 3.823920e-01
314 6.148920e-01 2.292000e-03 3.828160e-01
315 6.145040e-01 2.316000e-03 3.831800e-01
316 6.140960e-01 2.308000e-03 3.835960e-01
317 6.137080e-01 2.312000e-03 3.839800e-01
318 6.133400e-01 2.288000e-03 3.843720e-01
319 6.129840e-01 2.232000e-03 3.847840e-01
320 6.126560e-01 2.124000e-03 3.852200e-01
321 6.123160e-01 2.100000e-03 3.855840e-01
322 6.119040e-01 2.092000e-03 3.860040e-01
323 6.115120e-01 2.084000e-03 3.864040e-01
324 6.111080e-01 2.156000e-03 3.867360e-01
325 6.107840e-01 2.040000e-03 3.871760e-01
326 6.105200e-01 1.916000e-03 3.875640e-01
327 6.101680e-01 1.988000e-03 3.878440e-01
328 6.098520e-01 1.960000e-03 3.881880e-01
329 6.095440e-01 1.928000e-03 3.885280e-01
330 6.092960e-01 1.864000e-03 3.888400e-01
331 6.090720e-01 1.780000e-03 3.891480e-01
332 6.088200e-01 1.736000e-03 3.894440e-01
333 6.085840e-01 1.640000e-03 3.897760e-01
334 6.083680e-01 1.568000e-03 3.900640e-01
335 6.081480e-01 1.512000e-03 3.903400e-01
336 6.079400e-01 1.408000e-03 3.906520e-01
337 6.077120e-01 1.392000e-03 3.908960e-01
338 6.075240e-01 1.380000e-03 3.910960e-01
339 6.072720e-01 1.396000e-03 3.913320e-01
340 6.070560e-01 1.360000e-03 3.915840e-01
341 6.068600e-01 1.396000e-03 3.917440e-01
342 6.066440e-01 1.372000e-03 3.919840e-01
343 6.064240e-01 1.396000e-03 3.921800e-01
344 6.062200e-01 1.336000e-03 3.924440e-01
345 6.060040e-01 1.300000e-03 3.926960e-01
346 6.058400e-01 1.188000e-03 3.929720e-01
347 6.056640e-01 1.128000e-03 3.932080e-01
348 6.055360e-01 1.016000e-03 3.934480e-01
349 6.053280e-01 1.072000e-03 3.936000e-01
350 6.051640e-01 1.076000e-03 3.937600e-01
351 6.048960e-01 1.120000e-03 3.939840e-01
352 6.047080e-01 1.176000e-03 3.941160e-01
353 6.045200e-01 1.092000e-03 3.943880e-01
354 6.043480e-01 1.096000e-03 3.945560e-01
355 6.041280e-01 1.112000e-03 3.947600e-01
356 6.038800e-01 1.164000e-03 3.949560e-01
357 6.036680e-01 1.168000e-03 3.951640e-01
358 6.034560e-01 1.180000e-03 3.953640e-01
359 6.033200e-01 1.132000e-03 3.955480e-01
360 6.031480e-01 1.156000e-03 3.956960e-01
361 6.029680e-01 1.116000e-03 3.959160e-01
362 6.027760e-01 1.144000e-03 3.960800e-01
363 6.026280e-01 1.116000e-03 3.962560e-01
364 6.024440e-01 1.096000e-03 3.964600e-01
365 6.022680e-01 1.044000e-03 3.966880e-01
366 6.021040e-01 1.012000e-03 3.968840e-01
367 6.019240e-01 1.004000e-03 3.970720e-01
368 6.016840e-01 1.032000e-03 3.972840e-01
369 6.015080e-01 1.000000e-03 3.974920e-01
370 6.013120e-01 9.720000e-04 3.977160e-01
371 6.010920e-01 1.056000e-03 3.978520e-01
372 6.008800e-01 1.128000e-03 3.979920e-01
373 6.006480e-01 1.180000e-03 3.981720e-01
374 6.004680e-01 1.160000e-03 3.983720e-01
375 6.002520e-01 1.148000e-03 3.986000e-01
376 6.000120e-01 1.220000e-03 3.987680e-01
377 5.997760e-01 1.300000e-03 3.989240e-01
378 5.995160e-01 1.348000e-03 3.991360e-01
379 5.993360e-01 1.276000e-03 3.993880e-01
380 5.991880e-01 1.216000e-03 3.995960e-01
381 5.989640e-01 1.160000e-03 3.998760e-01
382 5.987720e-01 1.152000e-03 4.000760e-01
383 5.985560e-01 1.160000e-03 4.002840e-01
384 5.983840e-01 1.128000e-03 4.004880e-01
385 5.981760e-01 1.140000e-03 4.006840e-01
386 5.979880e-01 1.132000e-03 4.008800e-01
387 5.978000e-01 1.124000e-03 4.010760e-01
388 5.976120e-01 1.096000e-03 4.012920e-01
389 5.974520e-01 1.096000e-03 4.014520e-01
390 5.971720e-01 1.208000e-03 4.016200e-01
391 5.969360e-01 1.228000e-03 4.018360e-01
392 5.966760e-01 1.276000e-03 4.020480e-01
393 5.964280e-01 1.240000e-03 4.023320e-01
394 5.962480e-01 1.232000e-03 4.025200e-01
395 5.960560e-01 1.212000e-03 4.027320e-01
396 5.959120e-01 1.152000e-03 4.029360e-01
397 5.957600e-01 1.112000e-03 4.031280e-01
398 5.955800e-01 1.076000e-03 4.033440e-01
399 5.953880e-01 1.092000e-03 4.035200e-01
400 5.951680e-01 1.096000e-03 4.037360e-01
401 5.950360e-01 1.048000e-03 4.039160e-01
402 5.948640e-01 1.040000e-03 4.040960e-01
403 5.946920e-01 1.016000e-03 4.042920e-01
404 5.945200e-01 9.840000e-04 4.044960e-01
405 5.943480e-01 9.880000e-04 4.046640e-01
406 5.941920e-01 1.028000e-03 4.047800e-01
407 5.940000e-01 1.008000e-03 4.049920e-01
408 5.938000e-01 1.068000e-03 4.051320e-01
409 5.935920e-01 1.096000e-03 4.053120e-01
410 5.934080e-01 1.108000e-03 4.054840e-01
411 5.932360e-01 1.096000e-03 4.056680e-01
412 5.930840e-01 1.016000e-03 4.059000e-01
413 5.929040e-01 1.020000e-03 4.060760e-01
414 5.927480e-01 1.008000e-03 4.062440e-01
415 5.925880e-01 9.960000e-04 4.064160e-01
416 5.924040e-01 1.044000e-03 4.065520e-01
417 5.922080e-01 1.092000e-03 4.067000e-01
418 5.920240e-01 1.100000e-03 4.068760e-01
419 5.918520e-01 1.116000e-03 4.070320e-01
420 5.917000e-01 1.076000e-03 4.072240e-01
421 5.915520e-01 1.076000e-03 4.073720e-01
422 5.913800e-01 1.064000e-03 4.075560e-01
423 5.912320e-01 1.020000e-03 4.077480e-01
424 5.911280e-01 9.240000e-04 4.079480e-01
425 5.909720e-01 9.520000e-04 4.080760e-01
426 5.908240e-01 9.640000e-04 4.082120e-01
427 5.906960e-01 9.360000e-04 4.083680e-01
428 5.905640e-01 9.320000e-04 4.085040e-01
429 5.904680e-01 8.360000e-04 4.086960e-01
430 5.903360e-01 7.960000e-04 4.088680e-01
431 5.902120e-01 7.680000e-04 4.090200e-01
432 5.900880e-01 7.800000e-04 4.091320e-01
433 5.899320e-01 7.880000e-04 4.092800e-01
434 5.897960e-01 8.080000e-04 4.093960e-01
435 5.895760e-01 8.960000e-04 4.095280e-01
436 5.893400e-01 9.960000e-04 4.096640e-01
437 5.891440e-01 1.016000e-03 4.098400e-01
438 5.889600e-01 1.068000e-03 4.099720e-01
439 5.887840e-01 1.036000e-03 4.101800e-01
440 5.885960e-01 1.036000e-03 4.103680e-01
441 5.883760e-01 1.020000e-03 4.106040e-01
442 5.881640e-01 1.028000e-03 4.108080e-01
443 5.879560e-01 1.092000e-03 4.109520e-01
444 5.877160e-01 1.116000e-03 4.111680e-01
445 5.874600e-01 1.196000e-03 4.113440e-01
446 5.872280e-01 1.228000e-03 4.115440e-01
447 5.870120e-01 1.284000e-03 4.117040e-01
448 5.867320e-01 1.372000e-03 4.118960e-01
449 5.864600e-01 1.372000e-03 4.121680e-01
450 5.861840e-01 1.424000e-03 4.123920e-01
451 5.859640e-01 1.396000e-03 4.126400e-01
452 5.857160e-01 1.408000e-03 4.128760e-01
453 5.854840e-01 1.356000e-03 4.131600e-01
454 5.852120e-01 1.360000e-03 4.134280e-01
455 5.850400e-01 1.328000e-03 4.136320e-01
456 5.848000e-01 1.344000e-03 4.138560e-01
457 5.845560e-01 1.368000e-03 4.140760e-01
458 5.843080e-01 1.392000e-03 4.143000e-01
459 5.840400e-01 1.372000e-03 4.145880e-01
460 5.838200e-01 1.396000e-03 4.147840e-01
461 5.835920e-01 1.372000e-03 4.150360e-01
462 5.833680e-01 1.344000e-03 4.152880e-01
463 5.831200e-01 1.352000e-03 4.155280e-01
464 5.829160e-01 1.324000e-03 4.157600e-01
465 5.826600e-01 1.316000e-03 4.160240e-01
466 5.824640e-01 1.336000e-03 4.162000e-01
467 5.822640e-01 1.324000e-03 4.164120e-01
468 5.820960e-01 1.228000e-03 4.166760e-01
469 5.819600e-01 1.144000e-03 4.168960e-01
470 5.817760e-01 1.144000e-03 4.170800e-01
471 5.815920e-01 1.160000e-03 4.172480e-01
472 5.814480e-01 1.132000e-03 4.174200e-01
473 5.813360e-01 1.092000e-03 4.175720e-01
474 5.811560e-01 1.068000e-03 4.177760e-01
475 5.809760e-01 1.040000e-03 4.179840e-01
476 5.808400e-01 9.680000e-04 4.181920e-01
477 5.806520e-01 1.008000e-03 4.183400e-01
478 5.804920e-01 9.760000e-04 4.185320e-01
479 5.803440e-01 1.000000e-03 4.186560e-01
480 5.801920e-01 9.760000e-04 4.188320e-01
481 5.801000e-01 9.240000e-04 4.189760e-01
482 5.799960e-01 8.920000e-04 4.191120e-01
483 5.798760e-01 8.440000e-04 4.192800e-01
484 5.797040e-01 8.800000e-04 4.194160e-01
485 5.795760e-01 8.640000e-04 4.195600e-01
486 5.793920e-01 9.400000e-04 4.196680e-01
487 5.791200e-01 1.004000e-03 4.198760e-01
488 5.789720e-01 9.840000e-04 4.200440e-01
489 5.787400e-01 1.080000e-03 4.201800e-01
490 5.785320e-01 1.088000e-03 4.203800e-01
491 5.783640e-01 1.060000e-03 4.205760e-01
492 5.782000e-01 1.024000e-03 4.207760e-01
493 5.779840e-01 1.028000e-03 4.209880e-01
494 5.778440e-01 9.760000e-04 4.211800e-01
495 5.777200e-01 9.560000e-04 4.213240e-01
496 5.775360e-01 9.640000e-04 4.215000e-01
497 5.773960e-01 9.480000e-04 4.216560e-01
498 5.772520e-01 8.920000e-04 4.218560e-01
499 5.771080e-01 8.800000e-04 4.220120e-01
500 5.769200e-01 9.040000e-04 4.221760e-01
