1 9.991120e-01 7.840000e-04 1.040000e-04
2 9.985040e-01 1.216000e-03 2.800000e-04
3 9.977240e-01 1.736000e-03 5.400000e-04
4 9.968720e-01 2.272000e-03 8.560000e-04
5 9.958040e-01 2.840000e-03 1.356000e-03
6 9.948560e-01 3.280000e-03 1.864000e-03
7 9.938480e-01 3.740000e-03 2.412000e-03
8 9.928160e-01 4.140000e-03 3.044000e-03
9 9.916960e-01 4.496000e-03 3.808000e-03
10 9.903320e-01 4.992000e-03 4.676000e-03
11 9.889000e-01 5.408000e-03 5.692000e-03
12 9.876440e-01 5.724000e-03 6.632000e-03
13 9.864040e-01 5.984000e-03 7.612000e-03
14 9.850280e-01 6.168000e-03 8.804000e-03
15 9.835280e-01 6.544000e-03 9.928000e-03
16 9.821040e-01 6.764000e-03 1.113200e-02
17 9.805960e-01 7.052000e-03 1.235200e-02
18 9.791120e-01 7.352000e-03 1.353600e-02
19 9.775680e-01 7.536000e-03 1.489600e-02
20 9.760400e-01 7.736000e-03 1.622400e-02
21 9.745680e-01 7.964000e-03 1.746800e-02
22 9.729880e-01 8.252000e-03 1.876000e-02
23 9.714880e-01 8.328000e-03 2.018400e-02
24 9.699560e-01 8.372000e-03 2.167200e-02
25 9.684080e-01 8.532000e-03 2.306000e-02
26 9.669080e-01 8.520000e-03 2.457200e-02
27 9.652040e-01 8.756000e-03 2.604000e-02
28 9.636160e-01 8.828000e-03 2.755600e-02
29 9.620520e-01 8.900000e-03 2.904800e-02
30 9.604960e-01 8.912000e-03 3.059200e-02
31 9.588800e-01 9.004000e-03 3.211600e-02
32 9.573040e-01 8.864000e-03 3.383200e-02
33 9.557040e-01 8.912000e-03 3.538400e-02
34 9.542040e-01 8.876000e-03 3.692000e-02
35 9.525120e-01 9.100000e-03 3.838800e-02
36 9.507200e-01 9.252000e-03 4.002800e-02
37 9.490960e-01 9.308000e-03 4.159600e-02
38 9.473680e-01 9.468000e-03 4.316400e-02
39 9.456880e-01 9.588000e-03 4.472400e-02
40 9.440960e-01 9.500000e-03 4.640400e-02
41 9.426040e-01 9.328000e-03 4.806800e-02
42 9.411360e-01 9.284000e-03 4.958000e-02
43 9.397960e-01 8.956000e-03 5.124800e-02
44 9.383040e-01 8.776000e-03 5.292000e-02
45 9.368360e-01 8.728000e-03 5.443600e-02
46 9.355000e-01 8.452000e-03 5.604800e-02
47 9.340920e-01 8.424000e-03 5.748400e-02
48 9.325680e-01 8.460000e-03 5.897200e-02
49 9.312120e-01 8.420000e-03 6.036800e-02
50 9.298080e-01 8.224000e-03 6.196800e-02
51 9.283400e-01 8.356000e-03 6.330400e-02
52 9.269880e-01 8.240000e-03 6.477200e-02
53 9.255320e-01 8.216000e-03 6.625200e-02
54 9.240880e-01 8.092000e-03 6.782000e-02
55 9.226760e-01 8.108000e-03 6.921600e-02
56 9.213160e-01 8.036000e-03 7.064800e-02
57 9.197520e-01 7.992000e-03 7.225600e-02
58 9.181880e-01 8.196000e-03 7.361600e-02
59 9.166800e-01 8.252000e-03 7.506800e-02
60 9.151040e-01 8.492000e-03 7.640400e-02
61 9.134200e-01 8.624000e-03 7.795600e-02
62 9.120240e-01 8.456000e-03 7.952000e-02
63 9.106040e-01 8.480000e-03 8.091600e-02
64 9.091680e-01 8.360000e-03 8.247200e-02
65 9.078240e-01 8.212000e-03 8.396400e-02
66 9.064240e-01 8.320000e-03 8.525600e-02
67 9.048880e-01 8.332000e-03 8.678000e-02
68 9.033920e-01 8.388000e-03 8.822000e-02
69 9.019040e-01 8.484000e-03 8.961200e-02
70 9.004560e-01 8.516000e-03 9.102800e-02
71 8.987320e-01 8.688000e-03 9.258000e-02
72 8.974360e-01 8.404000e-03 9.416000e-02
73 8.958880e-01 8.456000e-03 9.565600e-02
74 8.943080e-01 8.532000e-03 9.716000e-02
75 8.926880e-01 8.684000e-03 9.862800e-02
76 8.910920e-01 8.708000e-03 1.002000e-01
77 8.895160e-01 8.772000e-03 1.017120e-01
78 8.880400e-01 8.680000e-03 1.032800e-01
79 8.863960e-01 8.644000e-03 1.049600e-01
80 8.846360e-01 8.868000e-03 1.064960e-01
81 8.829320e-01 8.960000e-03 1.081080e-01
82 8.814600e-01 8.948000e-03 1.095920e-01
83 8.799440e-01 8.824000e-03 1.112320e-01
84 8.784040e-01 8.860000e-03 1.127360e-01
85 8.767880e-01 8.988000e-03 1.142240e-01
86 8.752680e-01 9.048000e-03 1.156840e-01
87 8.737560e-01 8.996000e-03 1.172480e-01
88 8.721680e-01 9.004000e-03 1.188280e-01
89 8.706200e-01 8.960000e-03 1.204200e-01
90 8.690720e-01 8.856000e-03 1.220720e-01
91 8.674320e-01 8.972000e-03 1.235960e-01
92 8.657800e-01 9.032000e-03 1.251880e-01
93 8.643120e-01 8.996000e-03 1.266920e-01
94 8.629120e-01 8.856000e-03 1.282320e-01
95 8.614000e-01 8.764000e-03 1.298360e-01
96 8.600000e-01 8.708000e-03 1.312920e-01
97 8.586240e-01 8.464000e-03 1.329120e-01
98 8.571280e-01 8.472000e-03 1.344000e-01
99 8.556600e-01 8.420000e-03 1.359200e-01
100 8.542080e-01 8.508000e-03 1.372840e-01
101 8.527600e-01 8.492000e-03 1.387480e-01
102 8.513760e-01 8.152000e-03 1.404720e-01
103 8.499680e-01 8.076000e-03 1.419560e-01
104 8.484360e-01 8.180000e-03 1.433840e-01
105 8.470200e-01 8.156000e-03 1.448240e-01
106 8.456200e-01 8.160000e-03 1.462200e-01
107 8.441280e-01 8.240000e-03 1.476320e-01
108 8.426400e-01 8.260000e-03 1.491000e-01
109 8.409960e-01 8.368000e-03 1.506360e-01
110 8.394840e-01 8.392000e-03 1.521240e-01
111 8.380120e-01 8.292000e-03 1.536960e-01
112 8.366240e-01 8.244000e-03 1.551320e-01
113 8.353560e-01 8.016000e-03 1.566280e-01
114 8.338680e-01 7.968000e-03 1.581640e-01
115 8.325680e-01 7.964000e-03 1.594680e-01
116 8.312280e-01 7.976000e-03 1.607960e-01
117 8.298680e-01 7.988000e-03 1.621440e-01
118 8.282440e-01 8.032000e-03 1.637240e-01
119 8.269560e-01 7.900000e-03 1.651440e-01
120 8.254800e-01 8.044000e-03 1.664760e-01
121 8.239240e-01 8.220000e-03 1.678560e-01
122 8.223560e-01 8.272000e-03 1.693720e-01
123 8.208360e-01 8.324000e-03 1.708400e-01
124 8.193920e-01 8.332000e-03 1.722760e-01
125 8.178520e-01 8.364000e-03 1.737840e-01
126 8.163840e-01 8.392000e-03 1.752240e-01
127 8.149760e-01 8.432000e-03 1.765920e-01
128 8.136760e-01 8.328000e-03 1.779960e-01
129 8.123000e-01 8.316000e-03 1.793840e-01
130 8.108640e-01 8.296000e-03 1.808400e-01
131 8.095920e-01 8.120000e-03 1.822880e-01
132 8.082960e-01 8.020000e-03 1.836840e-01
133 8.068640e-01 8.152000e-03 1.849840e-01
134 8.054600e-01 8.072000e-03 1.864680e-01
135 8.041680e-01 7.912000e-03 1.879200e-01
136 8.028240e-01 7.832000e-03 1.893440e-01
137 8.015400e-01 7.736000e-03 1.907240e-01
138 8.002160e-01 7.752000e-03 1.920320e-01
139 7.988240e-01 7.744000e-03 1.934320e-01
140 7.976280e-01 7.552000e-03 1.948200e-01
141 7.961120e-01 7.748000e-03 1.961400e-01
142 7.947640e-01 7.756000e-03 1.974800e-01
143 7.933440e-01 7.912000e-03 1.987440e-01
144 7.918880e-01 7.900000e-03 2.002120e-01
145 7.904840e-01 8.020000e-03 2.014960e-01
146 7.889800e-01 8.076000e-03 2.029440e-01
147 7.876200e-01 8.152000e-03 2.042280e-01
148 7.862960e-01 8.168000e-03 2.055360e-01
149 7.849160e-01 8.200000e-03 2.068840e-01
150 7.836040e-01 8.156000e-03 2.082400e-01
151 7.821080e-01 8.176000e-03 2.097160e-01
152 7.807280e-01 8.112000e-03 2.111600e-01
153 7.793000e-01 8.080000e-03 2.126200e-01
154 7.780560e-01 7.864000e-03 2.140800e-01
155 7.767720e-01 7.680000e-03 2.155480e-01
156 7.754600e-01 7.680000e-03 2.168600e-01
157 7.741640e-01 7.728000e-03 2.181080e-01
158 7.728200e-01 7.784000e-03 2.193960e-01
159 7.713920e-01 7.836000e-03 2.207720e-01
160 7.699560e-01 7.908000e-03 2.221360e-01
161 7.685800e-01 7.840000e-03 2.235800e-01
162 7.671960e-01 7.832000e-03 2.249720e-01
163 7.657600e-01 7.900000e-03 2.263400e-01
164 7.645000e-01 7.828000e-03 2.276720e-01
165 7.632320e-01 7.728000e-03 2.290400e-01
166 7.620280e-01 7.652000e-03 2.303200e-01
167 7.608640e-01 7.512000e-03 2.316240e-01
168 7.596040e-01 7.404000e-03 2.329920e-01
169 7.582760e-01 7.428000e-03 2.342960e-01
170 7.569480e-01 7.428000e-03 2.356240e-01
171 7.557720e-01 7.388000e-03 2.368400e-01
172 7.545520e-01 7.296000e-03 2.381520e-01
173 7.533880e-01 7.240000e-03 2.393720e-01
174 7.521200e-01 7.172000e-03 2.407080e-01
175 7.509600e-01 7.084000e-03 2.419560e-01
176 7.498360e-01 7.088000e-03 2.430760e-01
177 7.485680e-01 7.076000e-03 2.443560e-01
178 7.473080e-01 7.124000e-03 2.455680e-01
179 7.460680e-01 7.064000e-03 2.468680e-01
180 7.450720e-01 6.780000e-03 2.481480e-01
181 7.440240e-01 6.604000e-03 2.493720e-01
182 7.429480e-01 6.600000e-03 2.504520e-01
183 7.418440e-01 6.572000e-03 2.515840e-01
184 7.407400e-01 6.468000e-03 2.527920e-01
185 7.395880e-01 6.400000e-03 2.540120e-01
186 7.384720e-01 6.448000e-03 2.550800e-01
187 7.374480e-01 6.400000e-03 2.561520e-01
188 7.364680e-01 6.288000e-03 2.572440e-01
189 7.354800e-01 6.212000e-03 2.583080e-01
190 7.344120e-01 6.264000e-03 2.593240e-01
191 7.333000e-01 6.224000e-03 2.604760e-01
192 7.322160e-01 6.164000e-03 2.616200e-01
193 7.310400e-01 6.240000e-03 2.627200e-01
194 7.299880e-01 6.156000e-03 2.638560e-01
195 7.289760e-01 6.120000e-03 2.649040e-01
196 7.279720e-01 6.100000e-03 2.659280e-01
197 7.269040e-01 6.088000e-03 2.670080e-01
198 7.258360e-01 6.024000e-03 2.681400e-01
199 7.247360e-01 6.080000e-03 2.691840e-01
200 7.236920e-01 5.992000e-03 2.703160e-01
201 7.228960e-01 5.704000e-03 2.714000e-01
202 7.219440e-01 5.728000e-03 2.723280e-01
203 7.209280e-01 5.732000e-03 2.733400e-01
204 7.198360e-01 5.896000e-03 2.742680e-01
205 7.189040e-01 5.796000e-03 2.753000e-01
206 7.178920e-01 5.852000e-03 2.762560e-01
207 7.167760e-01 5.996000e-03 2.772280e-01
208 7.158520e-01 5.908000e-03 2.782400e-01
209 7.148880e-01 5.728000e-03 2.793840e-01
210 7.139880e-01 5.632000e-03 2.803800e-01
211 7.131760e-01 5.432000e-03 2.813920e-01
212 7.122000e-01 5.364000e-03 2.824360e-01
213 7.112760e-01 5.392000e-03 2.833320e-01
214 7.104160e-01 5.252000e-03 2.843320e-01
215 7.095560e-01 5.212000e-03 2.852320e-01
216 7.085520e-01 5.308000e-03 2.861400e-01
217 7.075880e-01 5.364000e-03 2.870480e-01
218 7.066520e-01 5.316000e-03 2.880320e-01
219 7.057880e-01 5.132000e-03 2.890800e-01
220 7.048120e-01 5.268000e-03 2.899200e-01
221 7.039680e-01 5.240000e-03 2.907920e-01
222 7.031560e-01 5.128000e-03 2.917160e-01
223 7.023120e-01 5.060000e-03 2.926280e-01
224 7.014600e-01 5.064000e-03 2.934760e-01
225 7.006280e-01 4.996000e-03 2.943760e-01
226 6.998040e-01 4.848000e-03 2.953480e-01
227 6.989440e-01 4.864000e-03 2.961920e-01
228 6.981160e-01 4.832000e-03 2.970520e-01
229 6.972720e-01 4.800000e-03 2.979280e-01
230 6.965120e-01 4.776000e-03 2.987120e-01
231 6.957320e-01 4.792000e-03 2.994760e-01
232 6.949680e-01 4.680000e-03 3.003520e-01
233 6.942760e-01 4.536000e-03 3.011880e-01
234 6.934760e-01 4.584000e-03 3.019400e-01
235 6.926760e-01 4.632000e-03 3.026920e-01
236 6.918360e-01 4.596000e-03 3.035680e-01
237 6.909640e-01 4.668000e-03 3.043680e-01
238 6.900840e-01 4.676000e-03 3.052400e-01
239 6.892720e-01 4.700000e-03 3.060280e-01
240 6.883440e-01 4.852000e-03 3.068040e-01
241 6.874400e-01 4.928000e-03 3.076320e-01
242 6.865280e-01 5.032000e-03 3.084400e-01
243 6.856520e-01 4.940000e-03 3.094080e-01
244 6.848760e-01 4.828000e-03 3.102960e-01
245 6.841680e-01 4.660000e-03 3.111720e-01
246 6.835160e-01 4.368000e-03 3.121160e-01
247 6.827960e-01 4.308000e-03 3.128960e-01
248 6.821960e-01 4.188000e-03 3.136160e-01
249 6.814600e-01 4.228000e-03 3.143120e-01
250 6.806880e-01 4.248000e-03 3.150640e-01
251 6.800120e-01 4.108000e-03 3.158800e-01
252 6.793560e-01 3.988000e-03 3.166560e-01
253 6.787440e-01 3.912000e-03 3.173440e-01
254 6.780680e-01 3.960000e-03 3.179720e-01
255 6.773720e-01 3.952000e-03 3.186760e-01
256 6.766480e-01 3.984000e-03 3.193680e-01
257 6.759640e-01 3.956000e-03 3.200800e-01
258 6.754400e-01 3.776000e-03 3.207840e-01
259 6.747800e-01 3.776000e-03 3.214440e-01
260 6.741880e-01 3.780000e-03 3.220320e-01
261 6.736400e-01 3.664000e-03 3.226960e-01
262 6.730120e-01 3.640000e-03 3.233480e-01
263 6.723400e-01 3.652000e-03 3.240080e-01
264 6.717360e-01 3.672000e-03 3.245920e-01
265 6.712320e-01 3.496000e-03 3.252720e-01
266 6.706440e-01 3.408000e-03 3.259480e-01
267 6.700400e-01 3.400000e-03 3.265600e-01
268 6.694400e-01 3.464000e-03 3.270960e-01
269 6.688560e-01 3.360000e-03 3.277840e-01
270 6.682880e-01 3.348000e-03 3.283640e-01
271 6.677320e-01 3.376000e-03 3.288920e-01
272 6.670880e-01 3.436000e-03 3.294760e-01
273 6.664000e-01 3.524000e-03 3.300760e-01
274 6.658080e-01 3.564000e-03 3.306280e-01
275 6.650760e-01 3.708000e-03 3.312160e-01
276 6.644200e-01 3.632000e-03 3.319480e-01
277 6.637440e-01 3.652000e-03 3.326040e-01
278 6.630000e-01 3.796000e-03 3.332040e-01
279 6.623880e-01 3.760000e-03 3.338520e-01
280 6.617240e-01 3.832000e-03 3.344440e-01
281 6.610840e-01 3.816000e-03 3.351000e-01
282 6.604680e-01 3.812000e-03 3.357200e-01
283 6.597160e-01 3.832000e-03 3.364520e-01
284 6.589680e-01 4.024000e-03 3.370080e-01
285 6.582320e-01 4.108000e-03 3.376600e-01
286 6.575080e-01 4.112000e-03 3.383800e-01
287 6.567440e-01 4.116000e-03 3.391400e-01
288 6.559880e-01 4.172000e-03 3.398400e-01
289 6.552560e-01 4.304000e-03 3.404400e-01
290 6.544680e-01 4.412000e-03 3.411200e-01
291 6.538200e-01 4.300000e-03 3.418800e-01
292 6.531520e-01 4.240000e-03 3.426080e-01
293 6.524240e-01 4.240000e-03 3.433360e-01
294 6.517160e-01 4.264000e-03 3.440200e-01
295 6.510200e-01 4.252000e-03 3.447280e-01
296 6.504240e-01 4.196000e-03 3.453800e-01
297 6.496760e-01 4.160000e-03 3.461640e-01
298 6.489840e-01 4.224000e-03 3.467920e-01
299 6.483360e-01 4.184000e-03 3.474800e-01
300 6.477000e-01 4.132000e-03 3.481680e-01
301 6.469360e-01 4.212000e-03 3.488520e-01
302 6.462400e-01 4.132000e-03 3.496280e-01
303 6.455680e-01 4.052000e-03 3.503800e-01
304 6.449400e-01 4.064000e-03 3.509960e-01
305 6.442760e-01 4.016000e-03 3.517080e-01
306 6.436000e-01 3.988000e-03 3.524120e-01
307 6.429640e-01 3.960000e-03 3.530760e-01
308 6.423080e-01 3.872000e-03 3.538200e-01
309 6.416400e-01 3.924000e-03 3.544360e-01
310 6.410320e-01 3.900000e-03 3.550680e-01
311 6.403720e-01 3.888000e-03 3.557400e-01
312 6.396640e-01 3.992000e-03 3.563440e-01
313 6.390440e-01 3.860000e-03 3.570960e-01
314 6.384520e-01 3.736000e-03 3.578120e-01
315 6.378400e-01 3.676000e-03 3.584840e-01
316 6.372640e-01 3.536000e-03 3.592000e-01
317 6.366960e-01 3.436000e-03 3.598680e-01
318 6.361000e-01 3.368000e-03 3.605320e-01
319 6.355520e-01 3.404000e-03 3.610440e-01
320 6.350200e-01 3.328000e-03 3.616520e-01
321 6.343880e-01 3.424000e-03 3.621880e-01
322 6.337560e-01 3.372000e-03 3.628720e-01
323 6.331400e-01 3.384000e-03 3.634760e-01
324 6.324800e-01 3.484000e-03 3.640360e-01
325 6.319200e-01 3.376000e-03 3.647040e-01
326 6.314200e-01 3.336000e-03 3.652440e-01
327 6.308640e-01 3.276000e-03 3.658600e-01
328 6.303040e-01 3.248000e-03 3.664480e-01
329 6.297480e-01 3.216000e-03 3.670360e-01
330 6.291080e-01 3.296000e-03 3.675960e-01
331 6.285480e-01 3.308000e-03 3.681440e-01
332 6.279800e-01 3.344000e-03 3.686760e-01
333 6.274640e-01 3.288000e-03 3.692480e-01
334 6.269880e-01 3.132000e-03 3.698800e-01
335 6.266080e-01 2.928000e-03 3.704640e-01
336 6.262400e-01 2.732000e-03 3.710280e-01
337 6.259000e-01 2.624000e-03 3.714760e-01
338 6.255360e-01 2.612000e-03 3.718520e-01
339 6.249720e-01 2.700000e-03 3.723280e-01
340 6.244520e-01 2.732000e-03 3.728160e-01
341 6.240160e-01 2.676000e-03 3.733080e-01
342 6.236080e-01 2.648000e-03 3.737440e-01
343 6.230840e-01 2.724000e-03 3.741920e-01
344 6.225320e-01 2.804000e-03 3.746640e-01
345 6.220280e-01 2.744000e-03 3.752280e-01
346 6.215800e-01 2.708000e-03 3.757120e-01
347 6.211360e-01 2.676000e-03 3.761880e-01
348 6.206880e-01 2.612000e-03 3.767000e-01
349 6.202960e-01 2.552000e-03 3.771520e-01
350 6.199040e-01 2.476000e-03 3.776200e-01
351 6.195040e-01 2.472000e-03 3.780240e-01
352 6.190480e-01 2.476000e-03 3.784760e-01
353 6.186280e-01 2.472000e-03 3.789000e-01
354 6.182560e-01 2.436000e-03 3.793080e-01
355 6.178600e-01 2.408000e-03 3.797320e-01
356 6.173320e-01 2.464000e-03 3.802040e-01
357 6.168360e-01 2.536000e-03 3.806280e-01
358 6.163840e-01 2.576000e-03 3.810400e-01
359 6.158560e-01 2.652000e-03 3.814920e-01
360 6.152880e-01 2.784000e-03 3.819280e-01
361 6.148000e-01 2.764000e-03 3.824360e-01
362 6.142800e-01 2.836000e-03 3.828840e-01
363 6.137240e-01 2.940000e-03 3.833360e-01
364 6.131760e-01 2.896000e-03 3.839280e-01
365 6.126520e-01 2.860000e-03 3.844880e-01
366 6.121120e-01 2.884000e-03 3.850040e-01
367 6.115480e-01 2.932000e-03 3.855200e-01
368 6.109760e-01 2.992000e-03 3.860320e-01
369 6.104800e-01 2.996000e-03 3.865240e-01
370 6.100120e-01 2.980000e-03 3.870080e-01
371 6.094160e-01 3.100000e-03 3.874840e-01
372 6.089040e-01 3.108000e-03 3.879880e-01
373 6.083200e-01 3.128000e-03 3.885520e-01
374 6.077520e-01 3.080000e-03 3.891680e-01
375 6.073120e-01 3.016000e-03 3.896720e-01
376 6.067560e-01 3.112000e-03 3.901320e-01
377 6.063120e-01 3.024000e-03 3.906640e-01
378 6.057880e-01 2.968000e-03 3.912440e-01
379 6.053560e-01 2.872000e-03 3.917720e-01
380 6.049160e-01 2.840000e-03 3.922440e-01
381 6.044280e-01 2.808000e-03 3.927640e-01
382 6.039840e-01 2.748000e-03 3.932680e-01
383 6.035720e-01 2.728000e-03 3.937000e-01
384 6.032520e-01 2.548000e-03 3.942000e-01
385 6.029160e-01 2.464000e-03 3.946200e-01
386 6.025640e-01 2.324000e-03 3.951120e-01
387 6.022320e-01 2.204000e-03 3.955640e-01
388 6.018240e-01 2.216000e-03 3.959600e-01
389 6.015040e-01 2.112000e-03 3.963840e-01
390 6.011360e-01 2.108000e-03 3.967560e-01
391 6.007760e-01 2.136000e-03 3.970880e-01
392 6.003200e-01 2.280000e-03 3.974000e-01
393 5.998880e-01 2.268000e-03 3.978440e-01
394 5.995040e-01 2.264000e-03 3.982320e-01
395 5.990880e-01 2.380000e-03 3.985320e-01
396 5.986680e-01 2.368000e-03 3.989640e-01
397 5.983320e-01 2.316000e-03 3.993520e-01
398 5.979200e-01 2.344000e-03 3.997360e-01
399 5.976080e-01 2.172000e-03 4.002200e-01
400 5.972640e-01 2.136000e-03 4.006000e-01
401 5.968800e-01 2.140000e-03 4.009800e-01
402 5.965200e-01 2.072000e-03 4.014080e-01
403 5.962200e-01 2.012000e-03 4.017680e-01
404 5.959360e-01 1.972000e-03 4.020920e-01
405 5.956080e-01 1.928000e-03 4.024640e-01
406 5.953280e-01 1.844000e-03 4.028280e-01
407 5.950560e-01 1.756000e-03 4.031880e-01
408 5.948400e-01 1.672000e-03 4.034880e-01
409 5.946040e-01 1.652000e-03 4.037440e-01
410 5.943320e-01 1.676000e-03 4.039920e-01
411 5.941040e-01 1.568000e-03 4.043280e-01
412 5.938960e-01 1.532000e-03 4.045720e-01
413 5.937400e-01 1.412000e-03 4.048480e-01
414 5.934560e-01 1.476000e-03 4.050680e-01
415 5.932280e-01 1.452000e-03 4.053200e-01
416 5.930000e-01 1.420000e-03 4.055800e-01
417 5.927680e-01 1.356000e-03 4.058760e-01
418 5.925400e-01 1.308000e-03 4.061520e-01
419 5.923040e-01 1.308000e-03 4.063880e-01
420 5.921360e-01 1.268000e-03 4.065960e-01
421 5.919760e-01 1.184000e-03 4.068400e-01
422 5.917920e-01 1.180000e-03 4.070280e-01
423 5.915360e-01 1.224000e-03 4.072400e-01
424 5.913000e-01 1.280000e-03 4.074200e-01
425 5.910120e-01 1.324000e-03 4.076640e-01
426 5.907800e-01 1.308000e-03 4.079120e-01
427 5.905920e-01 1.264000e-03 4.081440e-01
428 5.904120e-01 1.216000e-03 4.083720e-01
429 5.902280e-01 1.228000e-03 4.085440e-01
430 5.900120e-01 1.232000e-03 4.087560e-01
431 5.897240e-01 1.320000e-03 4.089560e-01
432 5.894680e-01 1.288000e-03 4.092440e-01
433 5.892640e-01 1.300000e-03 4.094360e-01
434 5.890080e-01 1.352000e-03 4.096400e-01
435 5.887600e-01 1.356000e-03 4.098840e-01
436 5.884880e-01 1.396000e-03 4.101160e-01
437 5.882440e-01 1.396000e-03 4.103600e-01
438 5.880720e-01 1.312000e-03 4.106160e-01
439 5.878840e-01 1.280000e-03 4.108360e-01
440 5.877080e-01 1.228000e-03 4.110640e-01
441 5.875000e-01 1.220000e-03 4.112800e-01
442 5.872200e-01 1.332000e-03 4.114480e-01
443 5.870040e-01 1.292000e-03 4.117040e-01
444 5.867600e-01 1.276000e-03 4.119640e-01
445 5.865160e-01 1.308000e-03 4.121760e-01
446 5.862960e-01 1.272000e-03 4.124320e-01
447 5.860960e-01 1.208000e-03 4.126960e-01
448 5.858480e-01 1.224000e-03 4.129280e-01
449 5.856840e-01 1.144000e-03 4.131720e-01
450 5.854560e-01 1.156000e-03 4.133880e-01
451 5.852360e-01 1.160000e-03 4.136040e-01
452 5.850200e-01 1.180000e-03 4.138000e-01
453 5.848040e-01 1.200000e-03 4.139960e-01
454 5.845480e-01 1.260000e-03 4.141920e-01
455 5.842760e-01 1.300000e-03 4.144240e-01
456 5.840000e-01 1.408000e-03 4.145920e-01
457 5.836840e-01 1.512000e-03 4.148040e-01
458 5.833320e-01 1.568000e-03 4.151000e-01
459 5.829840e-01 1.644000e-03 4.153720e-01
460 5.826320e-01 1.716000e-03 4.156520e-01
461 5.823000e-01 1.724000e-03 4.159760e-01
462 5.819880e-01 1.748000e-03 4.162640e-01
463 5.816920e-01 1.764000e-03 4.165440e-01
464 5.813760e-01 1.772000e-03 4.168520e-01
465 5.810240e-01 1.832000e-03 4.171440e-01
466 5.807720e-01 1.776000e-03 4.174520e-01
467 5.804240e-01 1.828000e-03 4.177480e-01
468 5.801000e-01 1.752000e-03 4.181480e-01
469 5.798160e-01 1.744000e-03 4.184400e-01
470 5.795280e-01 1.724000e-03 4.187480e-01
471 5.791920e-01 1.748000e-03 4.190600e-01
472 5.788960e-01 1.768000e-03 4.193360e-01
473 5.786400e-01 1.644000e-03 4.197160e-01
474 5.783800e-01 1.636000e-03 4.199840e-01
475 5.780920e-01 1.636000e-03 4.202720e-01
476 5.777960e-01 1.600000e-03 4.206040e-01
477 5.775040e-01 1.644000e-03 4.208520e-01
478 5.772000e-01 1.680000e-03 4.211200e-01
479 5.769480e-01 1.688000e-03 4.213640e-01
480 5.767120e-01 1.592000e-03 4.216960e-01
481 5.765240e-01 1.552000e-03 4.219240e-01
482 5.763000e-01 1.500000e-03 4.222000e-01
483 5.761440e-01 1.372000e-03 4.224840e-01
484 5.759280e-01 1.332000e-03 4.227400e-01
485 5.758200e-01 1.228000e-03 4.229520e-01
486 5.756720e-01 1.124000e-03 4.232040e-01
487 5.754920e-01 1.108000e-03 4.234000e-01
488 5.753480e-01 1.056000e-03 4.235960e-01
489 5.751960e-01 1.016000e-03 4.237880e-01
490 5.750360e-01 1.008000e-03 4.239560e-01
491 5.749000e-01 9.760000e-04 4.241240e-01
492 5.747200e-01 9.760000e-04 4.243040e-01
493 5.745640e-01 9.640000e-04 4.244720e-01
494 5.743960e-01 9.720000e-04 4.246320e-01
495 5.742520e-01 9.320000e-04 4.248160e-01
496 5.740960e-01 9.400000e-04 4.249640e-01
497 5.738440e-01 1.056000e-03 4.251000e-01
498 5.736040e-01 1.136000e-03 4.252600e-01
499 5.733920e-01 1.200000e-03 4.254080e-01
500 5.731320e-01 1.276000e-03 4.255920e-01
