1 9.992600e-01 6.520000e-04 8.800000e-05
2 9.987520e-01 1.040000e-03 2.080000e-04
3 9.980720e-01 1.520000e-03 4.080000e-04
4 9.972680e-01 2.096000e-03 6.360000e-04
5 9.964840e-01 2.452000e-03 1.064000e-03
6 9.956680e-01 2.776000e-03 1.556000e-03
7 9.947400e-01 3.172000e-03 2.088000e-03
8 9.936400e-01 3.640000e-03 2.720000e-03
9 9.925840e-01 3.960000e-03 3.456000e-03
10 9.916480e-01 4.116000e-03 4.236000e-03
11 9.904640e-01 4.524000e-03 5.012000e-03
12 9.893520e-01 4.828000e-03 5.820000e-03
13 9.881960e-01 5.168000e-03 6.636000e-03
14 9.869400e-01 5.388000e-03 7.672000e-03
15 9.857080e-01 5.680000e-03 8.612000e-03
16 9.844840e-01 5.824000e-03 9.692000e-03
17 9.833440e-01 5.916000e-03 1.074000e-02
18 9.821960e-01 6.076000e-03 1.172800e-02
19 9.810120e-01 6.148000e-03 1.284000e-02
20 9.797320e-01 6.432000e-03 1.383600e-02
21 9.784800e-01 6.572000e-03 1.494800e-02
22 9.772840e-01 6.688000e-03 1.602800e-02
23 9.760120e-01 6.752000e-03 1.723600e-02
24 9.747040e-01 6.936000e-03 1.836000e-02
25 9.734280e-01 6.956000e-03 1.961600e-02
26 9.721720e-01 6.996000e-03 2.083200e-02
27 9.708640e-01 7.072000e-03 2.206400e-02
28 9.695440e-01 7.100000e-03 2.335600e-02
29 9.682320e-01 7.176000e-03 2.459200e-02
30 9.667960e-01 7.348000e-03 2.585600e-02
31 9.653680e-01 7.540000e-03 2.709200e-02
32 9.639720e-01 7.576000e-03 2.845200e-02
33 9.625680e-01 7.708000e-03 2.972400e-02
34 9.610920e-01 7.820000e-03 3.108800e-02
35 9.596720e-01 7.844000e-03 3.248400e-02
36 9.582280e-01 7.852000e-03 3.392000e-02
37 9.568000e-01 7.896000e-03 3.530400e-02
38 9.553640e-01 7.944000e-03 3.669200e-02
39 9.539280e-01 8.092000e-03 3.798000e-02
40 9.524560e-01 8.268000e-03 3.927600e-02
41 9.509440e-01 8.252000e-03 4.080400e-02
42 9.494800e-01 8.248000e-03 4.227200e-02
43 9.481840e-01 8.152000e-03 4.366400e-02
44 9.467920e-01 8.140000e-03 4.506800e-02
45 9.454000e-01 8.032000e-03 4.656800e-02
46 9.441080e-01 7.996000e-03 4.789600e-02
47 9.427440e-01 8.000000e-03 4.925600e-02
48 9.413600e-01 7.928000e-03 5.071200e-02
49 9.401200e-01 7.696000e-03 5.218400e-02
50 9.387400e-01 7.752000e-03 5.350800e-02
51 9.372240e-01 7.856000e-03 5.492000e-02
52 9.358200e-01 7.792000e-03 5.638800e-02
53 9.343080e-01 7.928000e-03 5.776400e-02
54 9.329160e-01 7.848000e-03 5.923600e-02
55 9.315240e-01 7.956000e-03 6.052000e-02
56 9.301160e-01 8.044000e-03 6.184000e-02
57 9.287480e-01 7.880000e-03 6.337200e-02
58 9.273560e-01 7.876000e-03 6.476800e-02
59 9.260080e-01 7.916000e-03 6.607600e-02
60 9.246200e-01 7.832000e-03 6.754800e-02
61 9.230920e-01 7.916000e-03 6.899200e-02
62 9.217200e-01 7.896000e-03 7.038400e-02
63 9.201920e-01 8.032000e-03 7.177600e-02
64 9.187400e-01 8.048000e-03 7.321200e-02
65 9.172120e-01 8.228000e-03 7.456000e-02
66 9.156640e-01 8.340000e-03 7.599600e-02
67 9.141400e-01 8.444000e-03 7.741600e-02
68 9.127840e-01 8.308000e-03 7.890800e-02
69 9.112000e-01 8.436000e-03 8.036400e-02
70 9.097440e-01 8.388000e-03 8.186800e-02
71 9.082560e-01 8.472000e-03 8.327200e-02
72 9.067160e-01 8.640000e-03 8.464400e-02
73 9.052920e-01 8.448000e-03 8.626000e-02
74 9.036880e-01 8.428000e-03 8.788400e-02
75 9.021400e-01 8.604000e-03 8.925600e-02
76 9.006040e-01 8.576000e-03 9.082000e-02
77 8.990640e-01 8.648000e-03 9.228800e-02
78 8.974480e-01 8.772000e-03 9.378000e-02
79 8.957720e-01 8.932000e-03 9.529600e-02
80 8.943280e-01 8.880000e-03 9.679200e-02
81 8.927160e-01 8.920000e-03 9.836400e-02
82 8.910400e-01 8.920000e-03 1.000400e-01
83 8.892360e-01 9.172000e-03 1.015920e-01
84 8.875320e-01 9.148000e-03 1.033200e-01
85 8.858760e-01 9.164000e-03 1.049600e-01
86 8.841920e-01 9.208000e-03 1.066000e-01
87 8.826080e-01 9.244000e-03 1.081480e-01
88 8.809600e-01 9.248000e-03 1.097920e-01
89 8.793680e-01 9.232000e-03 1.114000e-01
90 8.778160e-01 9.232000e-03 1.129520e-01
91 8.761720e-01 9.132000e-03 1.146960e-01
92 8.744960e-01 9.388000e-03 1.161160e-01
93 8.727800e-01 9.500000e-03 1.177200e-01
94 8.712400e-01 9.344000e-03 1.194160e-01
95 8.695640e-01 9.492000e-03 1.209440e-01
96 8.678960e-01 9.516000e-03 1.225880e-01
97 8.661520e-01 9.596000e-03 1.242520e-01
98 8.644840e-01 9.628000e-03 1.258880e-01
99 8.627600e-01 9.808000e-03 1.274320e-01
100 8.609360e-01 9.772000e-03 1.292920e-01
101 8.592640e-01 9.656000e-03 1.310800e-01
102 8.575960e-01 9.720000e-03 1.326840e-01
103 8.559960e-01 9.572000e-03 1.344320e-01
104 8.542760e-01 9.608000e-03 1.361160e-01
105 8.525320e-01 9.712000e-03 1.377560e-01
106 8.509640e-01 9.608000e-03 1.394280e-01
107 8.492560e-01 9.664000e-03 1.410800e-01
108 8.475880e-01 9.632000e-03 1.427800e-01
109 8.457640e-01 9.600000e-03 1.446360e-01
110 8.440800e-01 9.436000e-03 1.464840e-01
111 8.425480e-01 9.328000e-03 1.481240e-01
112 8.408960e-01 9.332000e-03 1.497720e-01
113 8.394640e-01 9.112000e-03 1.514240e-01
114 8.378760e-01 9.020000e-03 1.531040e-01
115 8.364960e-01 8.848000e-03 1.546560e-01
116 8.348200e-01 9.012000e-03 1.561680e-01
117 8.332600e-01 8.952000e-03 1.577880e-01
118 8.316640e-01 8.992000e-03 1.593440e-01
119 8.299640e-01 9.100000e-03 1.609360e-01
120 8.283320e-01 9.160000e-03 1.625080e-01
121 8.266040e-01 9.344000e-03 1.640520e-01
122 8.249040e-01 9.496000e-03 1.656000e-01
123 8.233600e-01 9.344000e-03 1.672960e-01
124 8.216680e-01 9.500000e-03 1.688320e-01
125 8.199120e-01 9.604000e-03 1.704840e-01
126 8.182720e-01 9.512000e-03 1.722160e-01
127 8.166400e-01 9.396000e-03 1.739640e-01
128 8.150680e-01 9.348000e-03 1.755840e-01
129 8.135000e-01 9.380000e-03 1.771200e-01
130 8.119240e-01 9.276000e-03 1.788000e-01
131 8.104680e-01 9.016000e-03 1.805160e-01
132 8.089720e-01 8.956000e-03 1.820720e-01
133 8.073880e-01 9.036000e-03 1.835760e-01
134 8.059320e-01 9.008000e-03 1.850600e-01
135 8.044760e-01 8.796000e-03 1.867280e-01
136 8.027800e-01 8.932000e-03 1.882880e-01
137 8.012360e-01 8.880000e-03 1.898840e-01
138 7.996240e-01 9.056000e-03 1.913200e-01
139 7.981480e-01 8.976000e-03 1.928760e-01
140 7.966600e-01 8.924000e-03 1.944160e-01
141 7.951320e-01 8.904000e-03 1.959640e-01
142 7.938440e-01 8.696000e-03 1.974600e-01
143 7.923680e-01 8.780000e-03 1.988520e-01
144 7.909960e-01 8.660000e-03 2.003440e-01
145 7.896160e-01 8.592000e-03 2.017920e-01
146 7.880720e-01 8.580000e-03 2.033480e-01
147 7.865280e-01 8.724000e-03 2.047480e-01
148 7.852200e-01 8.516000e-03 2.062640e-01
149 7.837440e-01 8.532000e-03 2.077240e-01
150 7.823560e-01 8.372000e-03 2.092720e-01
151 7.809920e-01 8.308000e-03 2.107000e-01
152 7.796480e-01 8.300000e-03 2.120520e-01
153 7.783440e-01 8.092000e-03 2.135640e-01
154 7.769520e-01 8.068000e-03 2.149800e-01
155 7.756760e-01 7.884000e-03 2.164400e-01
156 7.744680e-01 7.748000e-03 2.177840e-01
157 7.732120e-01 7.652000e-03 2.191360e-01
158 7.720080e-01 7.456000e-03 2.205360e-01
159 7.708720e-01 7.304000e-03 2.218240e-01
160 7.696760e-01 7.104000e-03 2.232200e-01
161 7.684640e-01 7.060000e-03 2.244760e-01
162 7.672760e-01 7.060000e-03 2.256640e-01
163 7.660800e-01 7.052000e-03 2.268680e-01
164 7.647360e-01 7.148000e-03 2.281160e-01
165 7.636080e-01 7.044000e-03 2.293480e-01
166 7.623520e-01 7.088000e-03 2.305600e-01
167 7.612040e-01 6.948000e-03 2.318480e-01
168 7.601000e-01 6.932000e-03 2.329680e-01
169 7.589560e-01 6.736000e-03 2.343080e-01
170 7.578640e-01 6.620000e-03 2.355160e-01
171 7.567600e-01 6.480000e-03 2.367600e-01
172 7.557120e-01 6.396000e-03 2.378920e-01
173 7.546480e-01 6.228000e-03 2.391240e-01
174 7.536960e-01 6.036000e-03 2.402680e-01
175 7.527640e-01 6.012000e-03 2.412240e-01
176 7.517200e-01 5.904000e-03 2.423760e-01
177 7.507880e-01 5.812000e-03 2.434000e-01
178 7.497640e-01 5.736000e-03 2.445000e-01
179 7.488680e-01 5.620000e-03 2.455120e-01
180 7.480520e-01 5.452000e-03 2.464960e-01
181 7.471360e-01 5.392000e-03 2.474720e-01
182 7.462000e-01 5.252000e-03 2.485480e-01
183 7.452440e-01 5.340000e-03 2.494160e-01
184 7.443520e-01 5.192000e-03 2.504560e-01
185 7.435520e-01 5.096000e-03 2.513520e-01
186 7.427280e-01 5.028000e-03 2.522440e-01
187 7.417600e-01 5.032000e-03 2.532080e-01
188 7.407680e-01 5.124000e-03 2.541080e-01
189 7.397840e-01 5.248000e-03 2.549680e-01
190 7.388680e-01 5.268000e-03 2.558640e-01
191 7.379600e-01 5.308000e-03 2.567320e-01
192 7.370000e-01 5.352000e-03 2.576480e-01
193 7.361240e-01 5.284000e-03 2.585920e-01
194 7.352000e-01 5.240000e-03 2.595600e-01
195 7.343280e-01 5.216000e-03 2.604560e-01
196 7.334120e-01 5.228000e-03 2.613600e-01
197 7.324840e-01 5.168000e-03 2.623480e-01
198 7.316280e-01 5.196000e-03 2.631760e-01
199 7.306880e-01 5.228000e-03 2.640840e-01
200 7.298480e-01 5.112000e-03 2.650400e-01
201 7.289480e-01 5.100000e-03 2.659520e-01
202 7.281480e-01 4.988000e-03 2.668640e-01
203 7.273640e-01 4.928000e-03 2.677080e-01
204 7.266480e-01 4.696000e-03 2.686560e-01
205 7.258520e-01 4.616000e-03 2.695320e-01
206 7.250960e-01 4.516000e-03 2.703880e-01
207 7.244280e-01 4.376000e-03 2.711960e-01
208 7.236960e-01 4.332000e-03 2.719720e-01
209 7.230520e-01 4.176000e-03 2.727720e-01
210 7.222800e-01 4.244000e-03 2.734760e-01
211 7.215440e-01 4.256000e-03 2.742000e-01
212 7.208760e-01 4.168000e-03 2.749560e-01
213 7.201840e-01 4.072000e-03 2.757440e-01
214 7.195520e-01 4.032000e-03 2.764160e-01
215 7.188480e-01 4.060000e-03 2.770920e-01
216 7.179720e-01 4.220000e-03 2.778080e-01
217 7.172480e-01 4.232000e-03 2.785200e-01
218 7.164400e-01 4.296000e-03 2.792640e-01
219 7.156640e-01 4.296000e-03 2.800400e-01
220 7.148680e-01 4.320000e-03 2.808120e-01
221 7.141680e-01 4.292000e-03 2.815400e-01
222 7.135320e-01 4.168000e-03 2.823000e-01
223 7.128680e-01 4.080000e-03 2.830520e-01
224 7.121880e-01 4.044000e-03 2.837680e-01
225 7.115800e-01 4.056000e-03 2.843640e-01
226 7.109120e-01 3.952000e-03 2.851360e-01
227 7.101640e-01 4.052000e-03 2.857840e-01
228 7.094520e-01 3.964000e-03 2.865840e-01
229 7.088480e-01 3.920000e-03 2.872320e-01
230 7.082480e-01 3.868000e-03 2.878840e-01
231 7.075640e-01 3.860000e-03 2.885760e-01
232 7.069400e-01 3.824000e-03 2.892360e-01
233 7.064080e-01 3.688000e-03 2.899040e-01
234 7.058200e-01 3.604000e-03 2.905760e-01
235 7.052280e-01 3.608000e-03 2.911640e-01
236 7.045680e-01 3.624000e-03 2.918080e-01
237 7.038640e-01 3.736000e-03 2.924000e-01
238 7.032320e-01 3.704000e-03 2.930640e-01
239 7.025240e-01 3.820000e-03 2.936560e-01
240 7.018240e-01 3.856000e-03 2.943200e-01
241 7.011880e-01 3.844000e-03 2.949680e-01
242 7.005400e-01 3.856000e-03 2.956040e-01
243 6.999440e-01 3.748000e-03 2.963080e-01
244 6.993640e-01 3.680000e-03 2.969560e-01
245 6.987920e-01 3.632000e-03 2.975760e-01
246 6.982400e-01 3.612000e-03 2.981480e-01
247 6.976560e-01 3.636000e-03 2.987080e-01
248 6.971040e-01 3.488000e-03 2.994080e-01
249 6.965360e-01 3.492000e-03 2.999720e-01
250 6.960280e-01 3.376000e-03 3.005960e-01
251 6.954800e-01 3.376000e-03 3.011440e-01
252 6.948840e-01 3.344000e-03 3.017720e-01
253 6.943800e-01 3.232000e-03 3.023880e-01
254 6.938400e-01 3.248000e-03 3.029120e-01
255 6.932640e-01 3.232000e-03 3.035040e-01
256 6.928000e-01 3.140000e-03 3.040600e-01
257 6.922840e-01 3.124000e-03 3.045920e-01
258 6.917360e-01 3.124000e-03 3.051400e-01
259 6.911960e-01 3.120000e-03 3.056840e-01
260 6.907640e-01 3.032000e-03 3.062040e-01
261 6.902640e-01 3.056000e-03 3.066800e-01
262 6.897000e-01 3.052000e-03 3.072480e-01
263 6.892400e-01 3.004000e-03 3.077560e-01
264 6.887760e-01 2.920000e-03 3.083040e-01
265 6.883080e-01 2.944000e-03 3.087480e-01
266 6.878800e-01 2.848000e-03 3.092720e-01
267 6.874000e-01 2.936000e-03 3.096640e-01
268 6.869440e-01 2.888000e-03 3.101680e-01
269 6.863960e-01 2.932000e-03 3.106720e-01
270 6.859520e-01 2.916000e-03 3.111320e-01
271 6.855120e-01 2.908000e-03 3.115800e-01
272 6.850120e-01 2.908000e-03 3.120800e-01
273 6.845480e-01 2.876000e-03 3.125760e-01
274 6.840040e-01 2.860000e-03 3.131360e-01
275 6.834600e-01 2.812000e-03 3.137280e-01
276 6.830440e-01 2.704000e-03 3.142520e-01
277 6.826080e-01 2.696000e-03 3.146960e-01
278 6.821160e-01 2.760000e-03 3.151240e-01
279 6.815880e-01 2.744000e-03 3.156680e-01
280 6.810760e-01 2.788000e-03 3.161360e-01
281 6.805920e-01 2.780000e-03 3.166280e-01
282 6.800920e-01 2.780000e-03 3.171280e-01
283 6.795720e-01 2.820000e-03 3.176080e-01
284 6.790600e-01 2.832000e-03 3.181080e-01
285 6.785160e-01 2.872000e-03 3.186120e-01
286 6.780600e-01 2.924000e-03 3.190160e-01
287 6.775400e-01 2.960000e-03 3.195000e-01
288 6.769760e-01 2.996000e-03 3.200280e-01
289 6.763960e-01 3.076000e-03 3.205280e-01
290 6.758400e-01 3.148000e-03 3.210120e-01
291 6.752920e-01 3.140000e-03 3.215680e-01
292 6.748080e-01 3.076000e-03 3.221160e-01
293 6.742240e-01 3.108000e-03 3.226680e-01
294 6.737240e-01 3.064000e-03 3.232120e-01
295 6.732400e-01 3.028000e-03 3.237320e-01
296 6.727200e-01 3.032000e-03 3.242480e-01
297 6.722080e-01 3.076000e-03 3.247160e-01
298 6.717360e-01 2.964000e-03 3.253000e-01
299 6.712600e-01 2.960000e-03 3.257800e-01
300 6.707200e-01 3.020000e-03 3.262600e-01
301 6.701400e-01 3.100000e-03 3.267600e-01
302 6.696800e-01 3.056000e-03 3.272640e-01
303 6.691960e-01 3.016000e-03 3.277880e-01
304 6.687680e-01 2.964000e-03 3.282680e-01
305 6.682560e-01 2.936000e-03 3.288080e-01
306 6.677920e-01 2.912000e-03 3.292960e-01
307 6.673160e-01 2.836000e-03 3.298480e-01
308 6.669160e-01 2.756000e-03 3.303280e-01
309 6.664520e-01 2.772000e-03 3.307760e-01
310 6.660000e-01 2.744000e-03 3.312560e-01
311 6.655600e-01 2.736000e-03 3.317040e-01
312 6.651080e-01 2.732000e-03 3.321600e-01
313 6.646440e-01 2.752000e-03 3.326040e-01
314 6.642200e-01 2.660000e-03 3.331200e-01
315 6.637720e-01 2.620000e-03 3.336080e-01
316 6.634120e-01 2.588000e-03 3.340000e-01
317 6.630160e-01 2.596000e-03 3.343880e-01
318 6.626040e-01 2.532000e-03 3.348640e-01
319 6.622200e-01 2.524000e-03 3.352560e-01
320 6.618120e-01 2.488000e-03 3.357000e-01
321 6.615320e-01 2.352000e-03 3.361160e-01
322 6.612400e-01 2.256000e-03 3.365040e-01
323 6.608360e-01 2.336000e-03 3.368280e-01
324 6.604320e-01 2.352000e-03 3.372160e-01
325 6.600840e-01 2.288000e-03 3.376280e-01
326 6.597680e-01 2.248000e-03 3.379840e-01
327 6.594880e-01 2.108000e-03 3.384040e-01
328 6.591480e-01 2.088000e-03 3.387640e-01
329 6.588000e-01 2.132000e-03 3.390680e-01
330 6.584840e-01 2.084000e-03 3.394320e-01
331 6.580960e-01 2.144000e-03 3.397600e-01
332 6.576720e-01 2.128000e-03 3.402000e-01
333 6.573280e-01 2.000000e-03 3.406720e-01
334 6.570200e-01 1.896000e-03 3.410840e-01
335 6.566440e-01 1.872000e-03 3.414840e-01
336 6.563440e-01 1.888000e-03 3.417680e-01
337 6.560120e-01 1.920000e-03 3.420680e-01
338 6.556920e-01 1.912000e-03 3.423960e-01
339 6.553520e-01 1.892000e-03 3.427560e-01
340 6.550680e-01 1.852000e-03 3.430800e-01
341 6.546800e-01 1.892000e-03 3.434280e-01
342 6.544120e-01 1.808000e-03 3.437800e-01
343 6.540960e-01 1.876000e-03 3.440280e-01
344 6.537440e-01 1.832000e-03 3.444240e-01
345 6.534360e-01 1.832000e-03 3.447320e-01
346 6.531480e-01 1.848000e-03 3.450040e-01
347 6.528200e-01 1.852000e-03 3.453280e-01
348 6.524920e-01 1.876000e-03 3.456320e-01
349 6.522720e-01 1.736000e-03 3.459920e-01
350 6.520400e-01 1.660000e-03 3.463000e-01
351 6.518040e-01 1.600000e-03 3.465960e-01
352 6.515600e-01 1.584000e-03 3.468560e-01
353 6.512920e-01 1.536000e-03 3.471720e-01
354 6.510600e-01 1.476000e-03 3.474640e-01
355 6.508720e-01 1.408000e-03 3.477200e-01
356 6.506920e-01 1.380000e-03 3.479280e-01
357 6.504880e-01 1.368000e-03 3.481440e-01
358 6.502720e-01 1.384000e-03 3.483440e-01
359 6.500680e-01 1.320000e-03 3.486120e-01
360 6.498800e-01 1.264000e-03 3.488560e-01
361 6.496560e-01 1.276000e-03 3.490680e-01
362 6.494760e-01 1.216000e-03 3.493080e-01
363 6.492440e-01 1.236000e-03 3.495200e-01
364 6.490440e-01 1.248000e-03 3.497080e-01
365 6.488640e-01 1.204000e-03 3.499320e-01
366 6.486440e-01 1.236000e-03 3.501200e-01
367 6.484960e-01 1.164000e-03 3.503400e-01
368 6.482840e-01 1.164000e-03 3.505520e-01
369 6.480840e-01 1.140000e-03 3.507760e-01
370 6.479080e-01 1.140000e-03 3.509520e-01
371 6.477800e-01 1.120000e-03 3.511000e-01
372 6.475320e-01 1.160000e-03 3.513080e-01
373 6.472960e-01 1.192000e-03 3.515120e-01
374 6.471160e-01 1.184000e-03 3.517000e-01
375 6.469200e-01 1.144000e-03 3.519360e-01
376 6.466720e-01 1.168000e-03 3.521600e-01
377 6.464880e-01 1.112000e-03 3.524000e-01
378 6.462200e-01 1.176000e-03 3.526040e-01
379 6.459600e-01 1.256000e-03 3.527840e-01
380 6.457400e-01 1.232000e-03 3.530280e-01
381 6.455200e-01 1.176000e-03 3.533040e-01
382 6.453200e-01 1.164000e-03 3.535160e-01
383 6.450840e-01 1.216000e-03 3.537000e-01
384 6.448720e-01 1.180000e-03 3.539480e-01
385 6.446600e-01 1.204000e-03 3.541360e-01
386 6.444840e-01 1.180000e-03 3.543360e-01
387 6.442800e-01 1.184000e-03 3.545360e-01
388 6.441760e-01 1.096000e-03 3.547280e-01
389 6.440680e-01 1.036000e-03 3.548960e-01
390 6.438640e-01 1.060000e-03 3.550760e-01
391 6.436400e-01 1.076000e-03 3.552840e-01
392 6.434840e-01 1.048000e-03 3.554680e-01
393 6.433200e-01 1.004000e-03 3.556760e-01
394 6.431320e-01 1.004000e-03 3.558640e-01
395 6.429400e-01 1.012000e-03 3.560480e-01
396 6.427720e-01 1.064000e-03 3.561640e-01
397 6.426240e-01 1.036000e-03 3.563400e-01
398 6.424720e-01 9.880000e-04 3.565400e-01
399 6.422920e-01 1.004000e-03 3.567040e-01
400 6.420840e-01 1.068000e-03 3.568480e-01
401 6.417920e-01 1.156000e-03 3.570520e-01
402 6.415400e-01 1.148000e-03 3.573120e-01
403 6.413760e-01 1.048000e-03 3.575760e-01
404 6.412120e-01 9.840000e-04 3.578040e-01
405 6.410200e-01 9.720000e-04 3.580080e-01
406 6.408360e-01 9.600000e-04 3.582040e-01
407 6.406960e-01 8.920000e-04 3.584120e-01
408 6.404720e-01 9.960000e-04 3.585320e-01
409 6.402800e-01 9.960000e-04 3.587240e-01
410 6.400720e-01 1.040000e-03 3.588880e-01
411 6.399040e-01 1.020000e-03 3.590760e-01
412 6.397200e-01 1.028000e-03 3.592520e-01
413 6.395800e-01 9.920000e-04 3.594280e-01
414 6.394160e-01 9.360000e-04 3.596480e-01
415 6.392600e-01 9.240000e-04 3.598160e-01
416 6.391080e-01 9.120000e-04 3.599800e-01
417 6.389200e-01 9.320000e-04 3.601480e-01
418 6.387680e-01 9.280000e-04 3.603040e-01
419 6.386080e-01 9.320000e-04 3.604600e-01
420 6.384400e-01 9.200000e-04 3.606400e-01
421 6.382680e-01 9.520000e-04 3.607800e-01
422 6.380680e-01 9.320000e-04 3.610000e-01
423 6.378960e-01 9.280000e-04 3.611760e-01
424 6.378000e-01 8.400000e-04 3.613600e-01
425 6.376400e-01 8.920000e-04 3.614680e-01
426 6.375000e-01 8.720000e-04 3.616280e-01
427 6.373680e-01 8.480000e-04 3.617840e-01
428 6.372480e-01 8.440000e-04 3.619080e-01
429 6.371520e-01 8.160000e-04 3.620320e-01
430 6.370320e-01 7.880000e-04 3.621800e-01
431 6.368680e-01 8.040000e-04 3.623280e-01
432 6.367400e-01 8.200000e-04 3.624400e-01
433 6.366120e-01 7.720000e-04 3.626160e-01
434 6.364920e-01 7.720000e-04 3.627360e-01
435 6.362840e-01 8.360000e-04 3.628800e-01
436 6.361280e-01 8.720000e-04 3.630000e-01
437 6.360000e-01 8.640000e-04 3.631360e-01
438 6.358560e-01 8.320000e-04 3.633120e-01
439 6.357320e-01 7.840000e-04 3.634840e-01
440 6.356280e-01 7.440000e-04 3.636280e-01
441 6.354760e-01 7.600000e-04 3.637640e-01
442 6.353680e-01 7.520000e-04 3.638800e-01
443 6.352240e-01 7.840000e-04 3.639920e-01
444 6.351080e-01 7.560000e-04 3.641360e-01
445 6.350120e-01 7.600000e-04 3.642280e-01
446 6.349040e-01 7.240000e-04 3.643720e-01
447 6.347400e-01 7.920000e-04 3.644680e-01
448 6.345840e-01 7.840000e-04 3.646320e-01
449 6.344560e-01 8.040000e-04 3.647400e-01
450 6.343520e-01 7.840000e-04 3.648640e-01
451 6.342440e-01 7.040000e-04 3.650520e-01
452 6.341120e-01 6.800000e-04 3.652080e-01
453 6.339600e-01 6.880000e-04 3.653520e-01
454 6.337440e-01 7.880000e-04 3.654680e-01
455 6.335600e-01 8.320000e-04 3.656080e-01
456 6.333560e-01 8.920000e-04 3.657520e-01
457 6.331600e-01 9.240000e-04 3.659160e-01
458 6.329840e-01 9.680000e-04 3.660480e-01
459 6.327880e-01 1.000000e-03 3.662120e-01
460 6.326040e-01 1.024000e-03 3.663720e-01
461 6.324160e-01 1.044000e-03 3.665400e-01
462 6.322640e-01 9.960000e-04 3.667400e-01
463 6.320840e-01 9.960000e-04 3.669200e-01
464 6.319160e-01 1.000000e-03 3.670840e-01
465 6.317400e-01 9.840000e-04 3.672760e-01
466 6.315960e-01 9.680000e-04 3.674360e-01
467 6.314840e-01 9.240000e-04 3.675920e-01
468 6.313880e-01 9.080000e-04 3.677040e-01
469 6.312560e-01 8.920000e-04 3.678520e-01
470 6.311400e-01 8.560000e-04 3.680040e-01
471 6.310320e-01 8.360000e-04 3.681320e-01
472 6.309320e-01 7.920000e-04 3.682760e-01
473 6.308520e-01 7.480000e-04 3.684000e-01
474 6.307360e-01 7.480000e-04 3.685160e-01
475 6.306200e-01 7.080000e-04 3.686720e-01
476 6.305320e-01 6.640000e-04 3.688040e-01
477 6.304440e-01 6.560000e-04 3.689000e-01
478 6.303800e-01 6.160000e-04 3.690040e-01
479 6.302760e-01 6.080000e-04 3.691160e-01
480 6.302040e-01 6.080000e-04 3.691880e-01
481 6.300960e-01 6.240000e-04 3.692800e-01
482 6.299800e-01 6.320000e-04 3.693880e-01
483 6.298760e-01 6.200000e-04 3.695040e-01
484 6.298000e-01 5.640000e-04 3.696360e-01
485 6.297280e-01 5.200000e-04 3.697520e-01
486 6.296480e-01 5.040000e-04 3.698480e-01
487 6.295760e-01 4.640000e-04 3.699600e-01
488 6.295040e-01 4.520000e-04 3.700440e-01
489 6.293880e-01 4.760000e-04 3.701360e-01
490 6.293200e-01 4.480000e-04 3.702320e-01
491 6.292440e-01 4.800000e-04 3.702760e-01
492 6.291840e-01 4.240000e-04 3.703920e-01
493 6.290760e-01 4.480000e-04 3.704760e-01
494 6.289680e-01 4.880000e-04 3.705440e-01
495 6.288560e-01 4.840000e-04 3.706600e-01
496 6.287920e-01 4.440000e-04 3.707640e-01
497 6.286920e-01 4.520000e-04 3.708560e-01
498 6.285800e-01 4.720000e-04 3.709480e-01
499 6.284840e-01 4.920000e-04 3.710240e-01
500 6.283960e-01 4.640000e-04 3.711400e-01
