1 9.992080e-01 6.600000e-04 1.320000e-04
2 9.987080e-01 1.036000e-03 2.560000e-04
3 9.980120e-01 1.504000e-03 4.840000e-04
4 9.973520e-01 1.840000e-03 8.080000e-04
5 9.966040e-01 2.300000e-03 1.096000e-03
6 9.957400e-01 2.692000e-03 1.568000e-03
7 9.948480e-01 3.064000e-03 2.088000e-03
8 9.939240e-01 3.408000e-03 2.668000e-03
9 9.930320e-01 3.668000e-03 3.300000e-03
10 9.919400e-01 4.140000e-03 3.920000e-03
11 9.908320e-01 4.472000e-03 4.696000e-03
12 9.898320e-01 4.740000e-03 5.428000e-03
13 9.887240e-01 5.028000e-03 6.248000e-03
14 9.875320e-01 5.384000e-03 7.084000e-03
15 9.864880e-01 5.456000e-03 8.056000e-03
16 9.853640e-01 5.520000e-03 9.116000e-03
17 9.842520e-01 5.776000e-03 9.972000e-03
18 9.829280e-01 6.040000e-03 1.103200e-02
19 9.816560e-01 6.232000e-03 1.211200e-02
20 9.803240e-01 6.432000e-03 1.324400e-02
21 9.789320e-01 6.628000e-03 1.444000e-02
22 9.774680e-01 6.872000e-03 1.566000e-02
23 9.761680e-01 6.948000e-03 1.688400e-02
24 9.747400e-01 7.156000e-03 1.810400e-02
25 9.732000e-01 7.456000e-03 1.934400e-02
26 9.717960e-01 7.508000e-03 2.069600e-02
27 9.704120e-01 7.568000e-03 2.202000e-02
28 9.690600e-01 7.676000e-03 2.326400e-02
29 9.677480e-01 7.676000e-03 2.457600e-02
30 9.661640e-01 7.960000e-03 2.587600e-02
31 9.647320e-01 7.968000e-03 2.730000e-02
32 9.632720e-01 8.048000e-03 2.868000e-02
33 9.619280e-01 7.996000e-03 3.007600e-02
34 9.608120e-01 7.756000e-03 3.143200e-02
35 9.593600e-01 7.796000e-03 3.284400e-02
36 9.579720e-01 7.744000e-03 3.428400e-02
37 9.565960e-01 7.800000e-03 3.560400e-02
38 9.552280e-01 7.876000e-03 3.689600e-02
39 9.540360e-01 7.644000e-03 3.832000e-02
40 9.527640e-01 7.584000e-03 3.965200e-02
41 9.515640e-01 7.552000e-03 4.088400e-02
42 9.502800e-01 7.508000e-03 4.221200e-02
43 9.490200e-01 7.424000e-03 4.355600e-02
44 9.477680e-01 7.348000e-03 4.488400e-02
45 9.463960e-01 7.412000e-03 4.619200e-02
46 9.450080e-01 7.336000e-03 4.765600e-02
47 9.436200e-01 7.312000e-03 4.906800e-02
48 9.422080e-01 7.452000e-03 5.034000e-02
49 9.409760e-01 7.504000e-03 5.152000e-02
50 9.396680e-01 7.444000e-03 5.288800e-02
51 9.382600e-01 7.552000e-03 5.418800e-02
52 9.368920e-01 7.548000e-03 5.556000e-02
53 9.354080e-01 7.636000e-03 5.695600e-02
54 9.338840e-01 7.832000e-03 5.828400e-02
55 9.324320e-01 7.816000e-03 5.975200e-02
56 9.309960e-01 7.892000e-03 6.111200e-02
57 9.296000e-01 7.904000e-03 6.249600e-02
58 9.282320e-01 7.844000e-03 6.392400e-02
59 9.267920e-01 7.980000e-03 6.522800e-02
60 9.252800e-01 8.048000e-03 6.667200e-02
61 9.237720e-01 8.100000e-03 6.812800e-02
62 9.222000e-01 8.188000e-03 6.961200e-02
63 9.206960e-01 8.272000e-03 7.103200e-02
64 9.191480e-01 8.476000e-03 7.237600e-02
65 9.174400e-01 8.612000e-03 7.394800e-02
66 9.160000e-01 8.584000e-03 7.541600e-02
67 9.144760e-01 8.656000e-03 7.686800e-02
68 9.129200e-01 8.576000e-03 7.850400e-02
69 9.114560e-01 8.460000e-03 8.008400e-02
70 9.099360e-01 8.552000e-03 8.151200e-02
71 9.084640e-01 8.584000e-03 8.295200e-02
72 9.068120e-01 8.752000e-03 8.443600e-02
73 9.051920e-01 8.832000e-03 8.597600e-02
74 9.035720e-01 8.708000e-03 8.772000e-02
75 9.020520e-01 8.736000e-03 8.921200e-02
76 9.003760e-01 8.852000e-03 9.077200e-02
77 8.987400e-01 9.008000e-03 9.225200e-02
78 8.971920e-01 8.896000e-03 9.391200e-02
79 8.954640e-01 9.052000e-03 9.548400e-02
80 8.938280e-01 9.004000e-03 9.716800e-02
81 8.923200e-01 8.752000e-03 9.892800e-02
82 8.908120e-01 8.820000e-03 1.003680e-01
83 8.890400e-01 9.068000e-03 1.018920e-01
84 8.875000e-01 9.072000e-03 1.034280e-01
85 8.859560e-01 9.184000e-03 1.048600e-01
86 8.844960e-01 9.060000e-03 1.064440e-01
87 8.830160e-01 8.956000e-03 1.080280e-01
88 8.815920e-01 8.840000e-03 1.095680e-01
89 8.801680e-01 8.672000e-03 1.111600e-01
90 8.786440e-01 8.712000e-03 1.126440e-01
91 8.772280e-01 8.692000e-03 1.140800e-01
92 8.756680e-01 8.584000e-03 1.157480e-01
93 8.742680e-01 8.552000e-03 1.171800e-01
94 8.728400e-01 8.404000e-03 1.187560e-01
95 8.713960e-01 8.408000e-03 1.201960e-01
96 8.700040e-01 8.300000e-03 1.216960e-01
97 8.686680e-01 8.276000e-03 1.230560e-01
98 8.672320e-01 8.152000e-03 1.246160e-01
99 8.658640e-01 8.120000e-03 1.260160e-01
100 8.644440e-01 8.120000e-03 1.274360e-01
101 8.630280e-01 8.084000e-03 1.288880e-01
102 8.616120e-01 8.084000e-03 1.303040e-01
103 8.603160e-01 8.108000e-03 1.315760e-01
104 8.588880e-01 8.152000e-03 1.329600e-01
105 8.575200e-01 8.080000e-03 1.344000e-01
106 8.560160e-01 8.288000e-03 1.356960e-01
107 8.547120e-01 8.076000e-03 1.372120e-01
108 8.534520e-01 7.820000e-03 1.387280e-01
109 8.520360e-01 7.732000e-03 1.402320e-01
110 8.505960e-01 7.832000e-03 1.415720e-01
111 8.492480e-01 7.656000e-03 1.430960e-01
112 8.481240e-01 7.464000e-03 1.444120e-01
113 8.467600e-01 7.516000e-03 1.457240e-01
114 8.455240e-01 7.384000e-03 1.470920e-01
115 8.442080e-01 7.372000e-03 1.484200e-01
116 8.430040e-01 7.340000e-03 1.496560e-01
117 8.417480e-01 7.312000e-03 1.509400e-01
118 8.405600e-01 7.252000e-03 1.521880e-01
119 8.392560e-01 7.316000e-03 1.534280e-01
120 8.380440e-01 7.256000e-03 1.547000e-01
121 8.368120e-01 7.072000e-03 1.561160e-01
122 8.355680e-01 7.228000e-03 1.572040e-01
123 8.343720e-01 7.204000e-03 1.584240e-01
124 8.331000e-01 7.160000e-03 1.597400e-01
125 8.319240e-01 7.132000e-03 1.609440e-01
126 8.306640e-01 7.108000e-03 1.622280e-01
127 8.294360e-01 7.004000e-03 1.635600e-01
128 8.281800e-01 6.972000e-03 1.648480e-01
129 8.269840e-01 6.940000e-03 1.660760e-01
130 8.258080e-01 6.884000e-03 1.673080e-01
131 8.246320e-01 6.880000e-03 1.684880e-01
132 8.234680e-01 6.864000e-03 1.696680e-01
133 8.222680e-01 6.816000e-03 1.709160e-01
134 8.212680e-01 6.592000e-03 1.721400e-01
135 8.201440e-01 6.552000e-03 1.733040e-01
136 8.189160e-01 6.692000e-03 1.743920e-01
137 8.179880e-01 6.444000e-03 1.755680e-01
138 8.168320e-01 6.528000e-03 1.766400e-01
139 8.157160e-01 6.528000e-03 1.777560e-01
140 8.146120e-01 6.480000e-03 1.789080e-01
141 8.135520e-01 6.392000e-03 1.800560e-01
142 8.124360e-01 6.340000e-03 1.812240e-01
143 8.113760e-01 6.288000e-03 1.823360e-01
144 8.103600e-01 6.316000e-03 1.833240e-01
145 8.092240e-01 6.384000e-03 1.843920e-01
146 8.081880e-01 6.168000e-03 1.856440e-01
147 8.070920e-01 6.164000e-03 1.867440e-01
148 8.061000e-01 6.056000e-03 1.878440e-01
149 8.049680e-01 6.072000e-03 1.889600e-01
150 8.039000e-01 6.096000e-03 1.900040e-01
151 8.028200e-01 5.960000e-03 1.912200e-01
152 8.018680e-01 5.900000e-03 1.922320e-01
153 8.007320e-01 5.972000e-03 1.932960e-01
154 7.998160e-01 5.880000e-03 1.943040e-01
155 7.987680e-01 5.968000e-03 1.952640e-01
156 7.975960e-01 6.248000e-03 1.961560e-01
157 7.964000e-01 6.368000e-03 1.972320e-01
158 7.952840e-01 6.428000e-03 1.982880e-01
159 7.942400e-01 6.372000e-03 1.993880e-01
160 7.931640e-01 6.308000e-03 2.005280e-01
161 7.920640e-01 6.256000e-03 2.016800e-01
162 7.910040e-01 6.296000e-03 2.027000e-01
163 7.899520e-01 6.232000e-03 2.038160e-01
164 7.889280e-01 6.108000e-03 2.049640e-01
165 7.879200e-01 6.112000e-03 2.059680e-01
166 7.868480e-01 6.284000e-03 2.068680e-01
167 7.857600e-01 6.252000e-03 2.079880e-01
168 7.847120e-01 6.132000e-03 2.091560e-01
169 7.836840e-01 6.108000e-03 2.102080e-01
170 7.825600e-01 6.252000e-03 2.111880e-01
171 7.814440e-01 6.188000e-03 2.123680e-01
172 7.804640e-01 6.012000e-03 2.135240e-01
173 7.793160e-01 6.020000e-03 2.146640e-01
174 7.782520e-01 5.956000e-03 2.157920e-01
175 7.770880e-01 6.036000e-03 2.168760e-01
176 7.758880e-01 6.224000e-03 2.178880e-01
177 7.748880e-01 6.144000e-03 2.189680e-01
178 7.737800e-01 6.168000e-03 2.200520e-01
179 7.728560e-01 6.064000e-03 2.210800e-01
180 7.718400e-01 6.044000e-03 2.221160e-01
181 7.707280e-01 6.172000e-03 2.231000e-01
182 7.697600e-01 6.060000e-03 2.241800e-01
183 7.687320e-01 5.932000e-03 2.253360e-01
184 7.677240e-01 5.864000e-03 2.264120e-01
185 7.668760e-01 5.768000e-03 2.273560e-01
186 7.660040e-01 5.668000e-03 2.283280e-01
187 7.651320e-01 5.600000e-03 2.292680e-01
188 7.641640e-01 5.648000e-03 2.301880e-01
189 7.631160e-01 5.664000e-03 2.312200e-01
190 7.620680e-01 5.696000e-03 2.322360e-01
191 7.611560e-01 5.588000e-03 2.332560e-01
192 7.603600e-01 5.416000e-03 2.342240e-01
193 7.594120e-01 5.360000e-03 2.352280e-01
194 7.585840e-01 5.364000e-03 2.360520e-01
195 7.576320e-01 5.372000e-03 2.369960e-01
196 7.567280e-01 5.408000e-03 2.378640e-01
197 7.559560e-01 5.256000e-03 2.387880e-01
198 7.550320e-01 5.228000e-03 2.397400e-01
199 7.541600e-01 5.060000e-03 2.407800e-01
200 7.533280e-01 5.012000e-03 2.416600e-01
201 7.523680e-01 5.104000e-03 2.425280e-01
202 7.514440e-01 5.144000e-03 2.434120e-01
203 7.505320e-01 5.196000e-03 2.442720e-01
204 7.498040e-01 5.108000e-03 2.450880e-01
205 7.489760e-01 4.996000e-03 2.460280e-01
206 7.481600e-01 4.988000e-03 2.468520e-01
207 7.474160e-01 4.912000e-03 2.476720e-01
208 7.466640e-01 4.692000e-03 2.486440e-01
209 7.458320e-01 4.740000e-03 2.494280e-01
210 7.451400e-01 4.612000e-03 2.502480e-01
211 7.442920e-01 4.580000e-03 2.511280e-01
212 7.435000e-01 4.620000e-03 2.518800e-01
213 7.427640e-01 4.536000e-03 2.527000e-01
214 7.418560e-01 4.668000e-03 2.534760e-01
215 7.409120e-01 4.876000e-03 2.542120e-01
216 7.401880e-01 4.804000e-03 2.550080e-01
217 7.392800e-01 4.856000e-03 2.558640e-01
218 7.383920e-01 4.992000e-03 2.566160e-01
219 7.375480e-01 4.960000e-03 2.574920e-01
220 7.366680e-01 4.968000e-03 2.583640e-01
221 7.357560e-01 5.016000e-03 2.592280e-01
222 7.349520e-01 4.968000e-03 2.600800e-01
223 7.339880e-01 5.092000e-03 2.609200e-01
224 7.331080e-01 4.992000e-03 2.619000e-01
225 7.321480e-01 5.172000e-03 2.626800e-01
226 7.313960e-01 5.064000e-03 2.635400e-01
227 7.305160e-01 5.072000e-03 2.644120e-01
228 7.296560e-01 5.048000e-03 2.652960e-01
229 7.288200e-01 5.048000e-03 2.661320e-01
230 7.278840e-01 5.056000e-03 2.670600e-01
231 7.270800e-01 4.924000e-03 2.679960e-01
232 7.263080e-01 4.872000e-03 2.688200e-01
233 7.255520e-01 4.752000e-03 2.696960e-01
234 7.247360e-01 4.692000e-03 2.705720e-01
235 7.239520e-01 4.704000e-03 2.713440e-01
236 7.230960e-01 4.772000e-03 2.721320e-01
237 7.222320e-01 4.792000e-03 2.729760e-01
238 7.214080e-01 4.740000e-03 2.738520e-01
239 7.206600e-01 4.664000e-03 2.746760e-01
240 7.198480e-01 4.728000e-03 2.754240e-01
241 7.189960e-01 4.844000e-03 2.761600e-01
242 7.181920e-01 4.892000e-03 2.769160e-01
243 7.172800e-01 4.964000e-03 2.777560e-01
244 7.164960e-01 4.856000e-03 2.786480e-01
245 7.156880e-01 4.836000e-03 2.794760e-01
246 7.149720e-01 4.676000e-03 2.803520e-01
247 7.142840e-01 4.588000e-03 2.811280e-01
248 7.135560e-01 4.504000e-03 2.819400e-01
249 7.128120e-01 4.508000e-03 2.826800e-01
250 7.121320e-01 4.460000e-03 2.834080e-01
251 7.113880e-01 4.368000e-03 2.842440e-01
252 7.106680e-01 4.304000e-03 2.850280e-01
253 7.098560e-01 4.356000e-03 2.857880e-01
254 7.091720e-01 4.280000e-03 2.865480e-01
255 7.085440e-01 4.164000e-03 2.872920e-01
256 7.079160e-01 4.108000e-03 2.879760e-01
257 7.072440e-01 4.040000e-03 2.887160e-01
258 7.065640e-01 4.008000e-03 2.894280e-01
259 7.057760e-01 4.080000e-03 2.901440e-01
260 7.050720e-01 4.008000e-03 2.909200e-01
261 7.043280e-01 4.044000e-03 2.916280e-01
262 7.035720e-01 4.136000e-03 2.922920e-01
263 7.028680e-01 4.116000e-03 2.930160e-01
264 7.022800e-01 4.080000e-03 2.936400e-01
265 7.016800e-01 4.036000e-03 2.942840e-01
266 7.008720e-01 4.120000e-03 2.950080e-01
267 7.001520e-01 4.132000e-03 2.957160e-01
268 6.994000e-01 4.140000e-03 2.964600e-01
269 6.987920e-01 4.004000e-03 2.972040e-01
270 6.982000e-01 3.920000e-03 2.978800e-01
271 6.976000e-01 3.816000e-03 2.985840e-01
272 6.969320e-01 3.836000e-03 2.992320e-01
273 6.963280e-01 3.708000e-03 2.999640e-01
274 6.956800e-01 3.676000e-03 3.006440e-01
275 6.950000e-01 3.728000e-03 3.012720e-01
276 6.943400e-01 3.776000e-03 3.018840e-01
277 6.936480e-01 3.800000e-03 3.025520e-01
278 6.930200e-01 3.788000e-03 3.031920e-01
279 6.924360e-01 3.628000e-03 3.039360e-01
280 6.919360e-01 3.540000e-03 3.045240e-01
281 6.913280e-01 3.524000e-03 3.051480e-01
282 6.907080e-01 3.528000e-03 3.057640e-01
283 6.900720e-01 3.488000e-03 3.064400e-01
284 6.894920e-01 3.416000e-03 3.070920e-01
285 6.890000e-01 3.276000e-03 3.077240e-01
286 6.883840e-01 3.348000e-03 3.082680e-01
287 6.877720e-01 3.356000e-03 3.088720e-01
288 6.872160e-01 3.280000e-03 3.095040e-01
289 6.865760e-01 3.280000e-03 3.101440e-01
290 6.860080e-01 3.188000e-03 3.108040e-01
291 6.854880e-01 3.192000e-03 3.113200e-01
292 6.848840e-01 3.176000e-03 3.119400e-01
293 6.843200e-01 3.200000e-03 3.124800e-01
294 6.837680e-01 3.212000e-03 3.130200e-01
295 6.831840e-01 3.296000e-03 3.135200e-01
296 6.825480e-01 3.264000e-03 3.141880e-01
297 6.819680e-01 3.348000e-03 3.146840e-01
298 6.815120e-01 3.204000e-03 3.152840e-01
299 6.809880e-01 3.112000e-03 3.159000e-01
300 6.804760e-01 2.960000e-03 3.165640e-01
301 6.799160e-01 2.972000e-03 3.171120e-01
302 6.792720e-01 3.072000e-03 3.176560e-01
303 6.787400e-01 3.080000e-03 3.181800e-01
304 6.782000e-01 3.080000e-03 3.187200e-01
305 6.777280e-01 3.104000e-03 3.191680e-01
306 6.772240e-01 3.044000e-03 3.197320e-01
307 6.766160e-01 3.072000e-03 3.203120e-01
308 6.760760e-01 3.104000e-03 3.208200e-01
309 6.755640e-01 3.048000e-03 3.213880e-01
310 6.750880e-01 3.076000e-03 3.218360e-01
311 6.746520e-01 2.960000e-03 3.223880e-01
312 6.742440e-01 2.768000e-03 3.229880e-01
313 6.738320e-01 2.672000e-03 3.234960e-01
314 6.734400e-01 2.584000e-03 3.239760e-01
315 6.730600e-01 2.500000e-03 3.244400e-01
316 6.727240e-01 2.416000e-03 3.248600e-01
317 6.724200e-01 2.292000e-03 3.252880e-01
318 6.720960e-01 2.192000e-03 3.257120e-01
319 6.717880e-01 2.168000e-03 3.260440e-01
320 6.714000e-01 2.204000e-03 3.263960e-01
321 6.710560e-01 2.168000e-03 3.267760e-01
322 6.707000e-01 2.132000e-03 3.271680e-01
323 6.702880e-01 2.096000e-03 3.276160e-01
324 6.700320e-01 1.980000e-03 3.279880e-01
325 6.698000e-01 1.900000e-03 3.283000e-01
326 6.694760e-01 1.896000e-03 3.286280e-01
327 6.691280e-01 1.872000e-03 3.290000e-01
328 6.687800e-01 1.868000e-03 3.293520e-01
329 6.684600e-01 1.820000e-03 3.297200e-01
330 6.681680e-01 1.836000e-03 3.299960e-01
331 6.678560e-01 1.844000e-03 3.303000e-01
332 6.673920e-01 1.956000e-03 3.306520e-01
333 6.670240e-01 1.984000e-03 3.309920e-01
334 6.666320e-01 2.060000e-03 3.313080e-01
335 6.663480e-01 1.968000e-03 3.316840e-01
336 6.659520e-01 2.004000e-03 3.320440e-01
337 6.655920e-01 2.004000e-03 3.324040e-01
338 6.652880e-01 1.936000e-03 3.327760e-01
339 6.650120e-01 1.888000e-03 3.331000e-01
340 6.646920e-01 1.940000e-03 3.333680e-01
341 6.643520e-01 1.924000e-03 3.337240e-01
342 6.639560e-01 2.040000e-03 3.340040e-01
343 6.636520e-01 2.072000e-03 3.342760e-01
344 6.632680e-01 2.140000e-03 3.345920e-01
345 6.629040e-01 2.104000e-03 3.349920e-01
346 6.624320e-01 2.196000e-03 3.353720e-01
347 6.620040e-01 2.260000e-03 3.357360e-01
348 6.616360e-01 2.240000e-03 3.361240e-01
349 6.612280e-01 2.304000e-03 3.364680e-01
350 6.608400e-01 2.260000e-03 3.369000e-01
351 6.604760e-01 2.240000e-03 3.372840e-01
352 6.601480e-01 2.128000e-03 3.377240e-01
353 6.597880e-01 2.064000e-03 3.381480e-01
354 6.594520e-01 2.036000e-03 3.385120e-01
355 6.591720e-01 1.980000e-03 3.388480e-01
356 6.588400e-01 1.936000e-03 3.392240e-01
357 6.585160e-01 1.940000e-03 3.395440e-01
358 6.582320e-01 1.828000e-03 3.399400e-01
359 6.579320e-01 1.860000e-03 3.402080e-01
360 6.576240e-01 1.844000e-03 3.405320e-01
361 6.572840e-01 1.844000e-03 3.408720e-01
362 6.569560e-01 1.880000e-03 3.411640e-01
363 6.565960e-01 1.948000e-03 3.414560e-01
364 6.562680e-01 1.920000e-03 3.418120e-01
365 6.559320e-01 1.944000e-03 3.421240e-01
366 6.555720e-01 1.980000e-03 3.424480e-01
367 6.552160e-01 2.008000e-03 3.427760e-01
368 6.548880e-01 2.000000e-03 3.431120e-01
369 6.545440e-01 1.996000e-03 3.434600e-01
370 6.541800e-01 2.000000e-03 3.438200e-01
371 6.538320e-01 1.968000e-03 3.442000e-01
372 6.535000e-01 1.980000e-03 3.445200e-01
373 6.531960e-01 1.912000e-03 3.448920e-01
374 6.528640e-01 1.956000e-03 3.451800e-01
375 6.524720e-01 2.052000e-03 3.454760e-01
376 6.521680e-01 1.992000e-03 3.458400e-01
377 6.517760e-01 2.028000e-03 3.461960e-01
378 6.514880e-01 1.984000e-03 3.465280e-01
379 6.511560e-01 1.952000e-03 3.468920e-01
380 6.508120e-01 1.920000e-03 3.472680e-01
381 6.505200e-01 1.888000e-03 3.475920e-01
382 6.501520e-01 1.908000e-03 3.479400e-01
383 6.497680e-01 1.968000e-03 3.482640e-01
384 6.493480e-01 2.020000e-03 3.486320e-01
385 6.489600e-01 2.036000e-03 3.490040e-01
386 6.485680e-01 2.064000e-03 3.493680e-01
387 6.483080e-01 1.960000e-03 3.497320e-01
388 6.479960e-01 1.980000e-03 3.500240e-01
389 6.476600e-01 1.956000e-03 3.503840e-01
390 6.473120e-01 1.952000e-03 3.507360e-01
391 6.469680e-01 1.952000e-03 3.510800e-01
392 6.465640e-01 1.992000e-03 3.514440e-01
393 6.463360e-01 1.840000e-03 3.518240e-01
394 6.460480e-01 1.824000e-03 3.521280e-01
395 6.456760e-01 1.816000e-03 3.525080e-01
396 6.453360e-01 1.844000e-03 3.528200e-01
397 6.449960e-01 1.808000e-03 3.531960e-01
398 6.446320e-01 1.848000e-03 3.535200e-01
399 6.443240e-01 1.848000e-03 3.538280e-01
400 6.440360e-01 1.816000e-03 3.541480e-01
401 6.437320e-01 1.856000e-03 3.544120e-01
402 6.433840e-01 1.840000e-03 3.547760e-01
403 6.431560e-01 1.732000e-03 3.551120e-01
404 6.429320e-01 1.628000e-03 3.554400e-01
405 6.426200e-01 1.620000e-03 3.557600e-01
406 6.423400e-01 1.568000e-03 3.560920e-01
407 6.420560e-01 1.624000e-03 3.563200e-01
408 6.417360e-01 1.716000e-03 3.565480e-01
409 6.414800e-01 1.716000e-03 3.568040e-01
410 6.411960e-01 1.652000e-03 3.571520e-01
411 6.409200e-01 1.628000e-03 3.574520e-01
412 6.406360e-01 1.664000e-03 3.577000e-01
413 6.402680e-01 1.740000e-03 3.579920e-01
414 6.399400e-01 1.808000e-03 3.582520e-01
415 6.396640e-01 1.776000e-03 3.585600e-01
416 6.392920e-01 1.844000e-03 3.588640e-01
417 6.390160e-01 1.800000e-03 3.591840e-01
418 6.387240e-01 1.764000e-03 3.595120e-01
419 6.384400e-01 1.800000e-03 3.597600e-01
420 6.381400e-01 1.780000e-03 3.600800e-01
421 6.378760e-01 1.704000e-03 3.604200e-01
422 6.375640e-01 1.700000e-03 3.607360e-01
423 6.372760e-01 1.672000e-03 3.610520e-01
424 6.369880e-01 1.664000e-03 3.613480e-01
425 6.366720e-01 1.684000e-03 3.616440e-01
426 6.363200e-01 1.696000e-03 3.619840e-01
427 6.359840e-01 1.684000e-03 3.623320e-01
428 6.357160e-01 1.668000e-03 3.626160e-01
429 6.354000e-01 1.720000e-03 3.628800e-01
430 6.351520e-01 1.684000e-03 3.631640e-01
431 6.348720e-01 1.640000e-03 3.634880e-01
432 6.346240e-01 1.584000e-03 3.637920e-01
433 6.344560e-01 1.460000e-03 3.640840e-01
434 6.342480e-01 1.408000e-03 3.643440e-01
435 6.340040e-01 1.396000e-03 3.646000e-01
436 6.337800e-01 1.400000e-03 3.648200e-01
437 6.335600e-01 1.420000e-03 3.650200e-01
438 6.334160e-01 1.320000e-03 3.652640e-01
439 6.332400e-01 1.276000e-03 3.654840e-01
440 6.330600e-01 1.208000e-03 3.657320e-01
441 6.328160e-01 1.208000e-03 3.659760e-01
442 6.326600e-01 1.152000e-03 3.661880e-01
443 6.324720e-01 1.120000e-03 3.664080e-01
444 6.322920e-01 1.108000e-03 3.666000e-01
445 6.321120e-01 1.108000e-03 3.667800e-01
446 6.319240e-01 1.088000e-03 3.669880e-01
447 6.316960e-01 1.128000e-03 3.671760e-01
448 6.315080e-01 1.108000e-03 3.673840e-01
449 6.313400e-01 1.040000e-03 3.676200e-01
450 6.311520e-01 1.100000e-03 3.677480e-01
451 6.309360e-01 1.132000e-03 3.679320e-01
452 6.307320e-01 1.172000e-03 3.680960e-01
453 6.305640e-01 1.148000e-03 3.682880e-01
454 6.304120e-01 1.140000e-03 3.684480e-01
455 6.301960e-01 1.140000e-03 3.686640e-01
456 6.300120e-01 1.108000e-03 3.688800e-01
457 6.298280e-01 1.124000e-03 3.690480e-01
458 6.296840e-01 1.056000e-03 3.692600e-01
459 6.295840e-01 9.760000e-04 3.694400e-01
460 6.294560e-01 9.480000e-04 3.695960e-01
461 6.293600e-01 8.840000e-04 3.697560e-01
462 6.292240e-01 8.760000e-04 3.699000e-01
463 6.291080e-01 8.640000e-04 3.700280e-01
464 6.289320e-01 8.640000e-04 3.702040e-01
465 6.287200e-01 9.160000e-04 3.703640e-01
466 6.285840e-01 8.640000e-04 3.705520e-01
467 6.284000e-01 8.920000e-04 3.707080e-01
468 6.282560e-01 8.600000e-04 3.708840e-01
469 6.281480e-01 8.240000e-04 3.710280e-01
470 6.280040e-01 7.960000e-04 3.712000e-01
471 6.278520e-01 8.480000e-04 3.713000e-01
472 6.276880e-01 8.560000e-04 3.714560e-01
473 6.275560e-01 8.360000e-04 3.716080e-01
474 6.273880e-01 8.880000e-04 3.717240e-01
475 6.272280e-01 9.120000e-04 3.718600e-01
476 6.270880e-01 8.880000e-04 3.720240e-01
477 6.269760e-01 7.920000e-04 3.722320e-01
478 6.268960e-01 7.080000e-04 3.723960e-01
479 6.267800e-01 6.920000e-04 3.725280e-01
480 6.267160e-01 6.120000e-04 3.726720e-01
481 6.266440e-01 5.560000e-04 3.728000e-01
482 6.265920e-01 5.160000e-04 3.728920e-01
483 6.265320e-01 5.120000e-04 3.729560e-01
484 6.264520e-01 4.920000e-04 3.730560e-01
485 6.263800e-01 4.600000e-04 3.731600e-01
486 6.263000e-01 4.760000e-04 3.732240e-01
487 6.262480e-01 4.480000e-04 3.733040e-01
488 6.261720e-01 4.560000e-04 3.733720e-01
489 6.261000e-01 4.640000e-04 3.734360e-01
490 6.260520e-01 4.240000e-04 3.735240e-01
491 6.259600e-01 4.680000e-04 3.735720e-01
492 6.259200e-01 4.320000e-04 3.736480e-01
493 6.258800e-01 4.080000e-04 3.737120e-01
494 6.258040e-01 4.200000e-04 3.737760e-01
495 6.257600e-01 3.680000e-04 3.738720e-01
496 6.256960e-01 3.840000e-04 3.739200e-01
497 6.256280e-01 4.000000e-04 3.739720e-01
498 6.255880e-01 3.800000e-04 3.740320e-01
499 6.255480e-01 3.600000e-04 3.740920e-01
500 6.255240e-01 3.280000e-04 3.741480e-01
