1 9.991800e-01 7.440000e-04 7.600000e-05
2 9.985680e-01 1.232000e-03 2.000000e-04
3 9.978640e-01 1.712000e-03 4.240000e-04
4 9.971000e-01 2.176000e-03 7.240000e-04
5 9.961880e-01 2.652000e-03 1.160000e-03
6 9.953000e-01 3.080000e-03 1.620000e-03
7 9.942080e-01 3.564000e-03 2.228000e-03
8 9.930920e-01 4.100000e-03 2.808000e-03
9 9.920600e-01 4.400000e-03 3.540000e-03
10 9.909800e-01 4.756000e-03 4.264000e-03
11 9.898200e-01 4.968000e-03 5.212000e-03
12 9.885200e-01 5.396000e-03 6.084000e-03
13 9.872400e-01 5.736000e-03 7.024000e-03
14 9.858400e-01 6.100000e-03 8.060000e-03
15 9.842880e-01 6.552000e-03 9.160000e-03
16 9.828160e-01 6.880000e-03 1.030400e-02
17 9.813480e-01 7.260000e-03 1.139200e-02
18 9.795880e-01 7.748000e-03 1.266400e-02
19 9.781200e-01 7.708000e-03 1.417200e-02
20 9.765360e-01 7.900000e-03 1.556400e-02
21 9.751400e-01 7.956000e-03 1.690400e-02
22 9.735800e-01 8.028000e-03 1.839200e-02
23 9.720520e-01 8.280000e-03 1.966800e-02
24 9.703640e-01 8.376000e-03 2.126000e-02
25 9.686040e-01 8.672000e-03 2.272400e-02
26 9.669560e-01 8.916000e-03 2.412800e-02
27 9.652440e-01 9.036000e-03 2.572000e-02
28 9.634960e-01 9.160000e-03 2.734400e-02
29 9.618640e-01 9.148000e-03 2.898800e-02
30 9.601360e-01 9.224000e-03 3.064000e-02
31 9.584960e-01 9.300000e-03 3.220400e-02
32 9.566360e-01 9.492000e-03 3.387200e-02
33 9.548000e-01 9.588000e-03 3.561200e-02
34 9.531120e-01 9.612000e-03 3.727600e-02
35 9.513280e-01 9.672000e-03 3.900000e-02
36 9.494880e-01 9.856000e-03 4.065600e-02
37 9.477360e-01 9.852000e-03 4.241200e-02
38 9.459520e-01 9.956000e-03 4.409200e-02
39 9.442160e-01 9.888000e-03 4.589600e-02
40 9.425280e-01 9.796000e-03 4.767600e-02
41 9.407480e-01 9.832000e-03 4.942000e-02
42 9.390720e-01 9.840000e-03 5.108800e-02
43 9.373560e-01 9.952000e-03 5.269200e-02
44 9.355360e-01 1.004000e-02 5.442400e-02
45 9.337280e-01 1.010400e-02 5.616800e-02
46 9.319520e-01 1.014800e-02 5.790000e-02
47 9.303080e-01 1.000800e-02 5.968400e-02
48 9.285560e-01 1.002800e-02 6.141600e-02
49 9.266960e-01 1.015200e-02 6.315200e-02
50 9.249200e-01 1.020000e-02 6.488000e-02
51 9.231280e-01 1.018000e-02 6.669200e-02
52 9.212760e-01 1.022400e-02 6.850000e-02
53 9.194240e-01 1.034800e-02 7.022800e-02
54 9.176760e-01 1.040800e-02 7.191600e-02
55 9.158840e-01 1.040800e-02 7.370800e-02
56 9.140840e-01 1.040800e-02 7.550800e-02
57 9.123480e-01 1.029200e-02 7.736000e-02
58 9.105880e-01 1.030400e-02 7.910800e-02
59 9.087560e-01 1.036800e-02 8.087600e-02
60 9.068240e-01 1.049600e-02 8.268000e-02
61 9.048880e-01 1.061200e-02 8.450000e-02
62 9.029680e-01 1.067200e-02 8.636000e-02
63 9.011560e-01 1.057600e-02 8.826800e-02
64 8.993640e-01 1.059200e-02 9.004400e-02
65 8.974400e-01 1.064000e-02 9.192000e-02
66 8.956480e-01 1.045200e-02 9.390000e-02
67 8.939760e-01 1.028400e-02 9.574000e-02
68 8.923160e-01 1.007200e-02 9.761200e-02
69 8.905360e-01 1.016400e-02 9.930000e-02
70 8.889880e-01 9.956000e-03 1.010560e-01
71 8.873440e-01 9.924000e-03 1.027320e-01
72 8.857440e-01 9.832000e-03 1.044240e-01
73 8.840440e-01 9.868000e-03 1.060880e-01
74 8.823120e-01 9.792000e-03 1.078960e-01
75 8.807440e-01 9.612000e-03 1.096440e-01
76 8.790360e-01 9.692000e-03 1.112720e-01
77 8.772200e-01 9.736000e-03 1.130440e-01
78 8.754440e-01 9.980000e-03 1.145760e-01
79 8.736440e-01 9.940000e-03 1.164160e-01
80 8.719520e-01 9.940000e-03 1.181080e-01
81 8.702800e-01 9.900000e-03 1.198200e-01
82 8.683560e-01 1.006800e-02 1.215760e-01
83 8.665880e-01 9.916000e-03 1.234960e-01
84 8.647640e-01 1.003200e-02 1.252040e-01
85 8.631040e-01 9.996000e-03 1.269000e-01
86 8.612880e-01 1.002800e-02 1.286840e-01
87 8.598000e-01 9.772000e-03 1.304280e-01
88 8.580920e-01 9.728000e-03 1.321800e-01
89 8.565000e-01 9.772000e-03 1.337280e-01
90 8.548480e-01 9.784000e-03 1.353680e-01
91 8.530640e-01 1.002000e-02 1.369160e-01
92 8.512960e-01 1.005600e-02 1.386480e-01
93 8.496200e-01 1.000800e-02 1.403720e-01
94 8.478680e-01 1.006000e-02 1.420720e-01
95 8.463560e-01 9.772000e-03 1.438720e-01
96 8.447600e-01 9.608000e-03 1.456320e-01
97 8.431000e-01 9.640000e-03 1.472600e-01
98 8.413840e-01 9.644000e-03 1.489720e-01
99 8.397760e-01 9.628000e-03 1.505960e-01
100 8.380440e-01 9.684000e-03 1.522720e-01
101 8.365200e-01 9.424000e-03 1.540560e-01
102 8.349040e-01 9.372000e-03 1.557240e-01
103 8.334280e-01 9.216000e-03 1.573560e-01
104 8.317800e-01 9.288000e-03 1.589320e-01
105 8.300920e-01 9.208000e-03 1.607000e-01
106 8.284720e-01 9.288000e-03 1.622400e-01
107 8.268920e-01 9.304000e-03 1.638040e-01
108 8.253000e-01 9.392000e-03 1.653080e-01
109 8.236040e-01 9.512000e-03 1.668840e-01
110 8.217600e-01 9.732000e-03 1.685080e-01
111 8.201200e-01 9.696000e-03 1.701840e-01
112 8.183800e-01 9.744000e-03 1.718760e-01
113 8.167720e-01 9.668000e-03 1.735600e-01
114 8.150560e-01 9.740000e-03 1.752040e-01
115 8.133840e-01 9.784000e-03 1.768320e-01
116 8.117920e-01 9.760000e-03 1.784480e-01
117 8.101440e-01 9.624000e-03 1.802320e-01
118 8.085200e-01 9.708000e-03 1.817720e-01
119 8.067760e-01 9.844000e-03 1.833800e-01
120 8.049120e-01 1.004000e-02 1.850480e-01
121 8.033760e-01 9.952000e-03 1.866720e-01
122 8.017880e-01 9.868000e-03 1.883440e-01
123 8.001560e-01 9.700000e-03 1.901440e-01
124 7.986880e-01 9.572000e-03 1.917400e-01
125 7.971480e-01 9.340000e-03 1.935120e-01
126 7.956880e-01 9.216000e-03 1.950960e-01
127 7.942120e-01 9.064000e-03 1.967240e-01
128 7.927600e-01 8.976000e-03 1.982640e-01
129 7.912440e-01 8.880000e-03 1.998760e-01
130 7.896400e-01 8.936000e-03 2.014240e-01
131 7.881120e-01 8.828000e-03 2.030600e-01
132 7.865520e-01 8.824000e-03 2.046240e-01
133 7.849520e-01 8.916000e-03 2.061320e-01
134 7.833120e-01 8.940000e-03 2.077480e-01
135 7.816480e-01 9.040000e-03 2.093120e-01
136 7.799040e-01 9.144000e-03 2.109520e-01
137 7.782520e-01 9.220000e-03 2.125280e-01
138 7.765800e-01 9.260000e-03 2.141600e-01
139 7.748480e-01 9.388000e-03 2.157640e-01
140 7.732360e-01 9.424000e-03 2.173400e-01
141 7.717280e-01 9.368000e-03 2.189040e-01
142 7.701800e-01 9.240000e-03 2.205800e-01
143 7.685440e-01 9.140000e-03 2.223160e-01
144 7.669280e-01 9.064000e-03 2.240080e-01
145 7.653120e-01 9.136000e-03 2.255520e-01
146 7.637760e-01 9.044000e-03 2.271800e-01
147 7.620720e-01 9.300000e-03 2.286280e-01
148 7.606920e-01 9.056000e-03 2.302520e-01
149 7.591680e-01 9.120000e-03 2.317120e-01
150 7.577800e-01 8.880000e-03 2.333400e-01
151 7.562400e-01 8.912000e-03 2.348480e-01
152 7.548840e-01 8.744000e-03 2.363720e-01
153 7.535720e-01 8.624000e-03 2.378040e-01
154 7.523520e-01 8.408000e-03 2.392400e-01
155 7.508080e-01 8.476000e-03 2.407160e-01
156 7.495480e-01 8.220000e-03 2.422320e-01
157 7.482760e-01 8.092000e-03 2.436320e-01
158 7.469640e-01 8.088000e-03 2.449480e-01
159 7.457440e-01 7.908000e-03 2.463480e-01
160 7.445200e-01 7.644000e-03 2.478360e-01
161 7.431920e-01 7.564000e-03 2.492440e-01
162 7.420880e-01 7.372000e-03 2.505400e-01
163 7.410240e-01 7.124000e-03 2.518520e-01
164 7.398280e-01 7.216000e-03 2.529560e-01
165 7.386200e-01 7.148000e-03 2.542320e-01
166 7.372720e-01 7.212000e-03 2.555160e-01
167 7.360600e-01 7.200000e-03 2.567400e-01
168 7.347440e-01 7.196000e-03 2.580600e-01
169 7.335560e-01 7.044000e-03 2.594000e-01
170 7.321640e-01 7.184000e-03 2.606520e-01
171 7.309080e-01 7.272000e-03 2.618200e-01
172 7.295800e-01 7.320000e-03 2.631000e-01
173 7.283560e-01 7.292000e-03 2.643520e-01
174 7.269720e-01 7.416000e-03 2.656120e-01
175 7.256440e-01 7.432000e-03 2.669240e-01
176 7.245040e-01 7.296000e-03 2.682000e-01
177 7.233120e-01 7.152000e-03 2.695360e-01
178 7.221000e-01 7.088000e-03 2.708120e-01
179 7.207960e-01 7.140000e-03 2.720640e-01
180 7.196120e-01 7.112000e-03 2.732760e-01
181 7.182880e-01 7.152000e-03 2.745600e-01
182 7.170560e-01 7.172000e-03 2.757720e-01
183 7.160080e-01 6.992000e-03 2.770000e-01
184 7.148360e-01 6.872000e-03 2.782920e-01
185 7.136760e-01 6.876000e-03 2.794480e-01
186 7.124640e-01 6.844000e-03 2.806920e-01
187 7.113000e-01 6.776000e-03 2.819240e-01
188 7.099480e-01 6.980000e-03 2.830720e-01
189 7.086560e-01 6.912000e-03 2.844320e-01
190 7.073560e-01 6.908000e-03 2.857360e-01
191 7.060880e-01 7.096000e-03 2.868160e-01
192 7.047640e-01 7.084000e-03 2.881520e-01
193 7.036320e-01 6.904000e-03 2.894640e-01
194 7.025640e-01 6.792000e-03 2.906440e-01
195 7.014680e-01 6.712000e-03 2.918200e-01
196 7.003200e-01 6.812000e-03 2.928680e-01
197 6.990240e-01 6.868000e-03 2.941080e-01
198 6.977840e-01 6.928000e-03 2.952880e-01
199 6.965040e-01 6.936000e-03 2.965600e-01
200 6.953400e-01 6.840000e-03 2.978200e-01
201 6.941560e-01 6.832000e-03 2.990120e-01
202 6.928680e-01 7.092000e-03 3.000400e-01
203 6.915720e-01 7.168000e-03 3.012600e-01
204 6.903400e-01 7.076000e-03 3.025840e-01
205 6.892240e-01 6.860000e-03 3.039160e-01
206 6.880560e-01 6.832000e-03 3.051120e-01
207 6.869440e-01 6.704000e-03 3.063520e-01
208 6.858960e-01 6.636000e-03 3.074680e-01
209 6.849720e-01 6.340000e-03 3.086880e-01
210 6.840680e-01 6.052000e-03 3.098800e-01
211 6.832240e-01 5.824000e-03 3.109520e-01
212 6.823880e-01 5.704000e-03 3.119080e-01
213 6.814840e-01 5.572000e-03 3.129440e-01
214 6.805120e-01 5.564000e-03 3.139240e-01
215 6.797440e-01 5.456000e-03 3.148000e-01
216 6.789760e-01 5.192000e-03 3.158320e-01
217 6.781720e-01 5.184000e-03 3.166440e-01
218 6.773120e-01 5.168000e-03 3.175200e-01
219 6.764040e-01 5.108000e-03 3.184880e-01
220 6.755000e-01 5.084000e-03 3.194160e-01
221 6.745920e-01 5.140000e-03 3.202680e-01
222 6.737720e-01 5.072000e-03 3.211560e-01
223 6.730400e-01 4.864000e-03 3.220960e-01
224 6.723080e-01 4.652000e-03 3.230400e-01
225 6.716920e-01 4.500000e-03 3.238080e-01
226 6.710640e-01 4.300000e-03 3.246360e-01
227 6.704320e-01 4.148000e-03 3.254200e-01
228 6.697800e-01 4.092000e-03 3.261280e-01
229 6.691680e-01 4.012000e-03 3.268200e-01
230 6.685040e-01 3.976000e-03 3.275200e-01
231 6.678880e-01 3.900000e-03 3.282120e-01
232 6.673480e-01 3.768000e-03 3.288840e-01
233 6.666560e-01 3.856000e-03 3.294880e-01
234 6.660080e-01 3.824000e-03 3.301680e-01
235 6.653240e-01 3.800000e-03 3.308760e-01
236 6.646840e-01 3.776000e-03 3.315400e-01
237 6.639800e-01 3.752000e-03 3.322680e-01
238 6.633080e-01 3.832000e-03 3.328600e-01
239 6.627160e-01 3.732000e-03 3.335520e-01
240 6.620480e-01 3.776000e-03 3.341760e-01
241 6.613680e-01 3.768000e-03 3.348640e-01
242 6.606600e-01 3.804000e-03 3.355360e-01
243 6.598920e-01 3.944000e-03 3.361640e-01
244 6.591880e-01 3.948000e-03 3.368640e-01
245 6.584360e-01 4.048000e-03 3.375160e-01
246 6.577280e-01 4.032000e-03 3.382400e-01
247 6.569960e-01 4.048000e-03 3.389560e-01
248 6.563440e-01 3.988000e-03 3.396680e-01
249 6.556040e-01 4.024000e-03 3.403720e-01
250 6.549920e-01 3.908000e-03 3.411000e-01
251 6.543240e-01 3.964000e-03 3.417120e-01
252 6.536880e-01 3.944000e-03 3.423680e-01
253 6.530280e-01 3.892000e-03 3.430800e-01
254 6.524560e-01 3.796000e-03 3.437480e-01
255 6.517800e-01 3.856000e-03 3.443640e-01
256 6.510720e-01 3.924000e-03 3.450040e-01
257 6.504960e-01 3.896000e-03 3.456080e-01
258 6.498400e-01 3.836000e-03 3.463240e-01
259 6.492560e-01 3.756000e-03 3.469880e-01
260 6.486440e-01 3.760000e-03 3.475960e-01
261 6.479960e-01 3.708000e-03 3.482960e-01
262 6.473640e-01 3.780000e-03 3.488560e-01
263 6.465920e-01 3.876000e-03 3.495320e-01
264 6.459400e-01 3.848000e-03 3.502120e-01
265 6.454240e-01 3.716000e-03 3.508600e-01
266 6.448400e-01 3.604000e-03 3.515560e-01
267 6.444000e-01 3.384000e-03 3.522160e-01
268 6.439440e-01 3.244000e-03 3.528120e-01
269 6.435240e-01 3.148000e-03 3.533280e-01
270 6.430720e-01 3.036000e-03 3.538920e-01
271 6.425160e-01 3.016000e-03 3.544680e-01
272 6.420160e-01 2.980000e-03 3.550040e-01
273 6.415200e-01 3.012000e-03 3.554680e-01
274 6.409760e-01 2.960000e-03 3.560640e-01
275 6.403520e-01 3.092000e-03 3.565560e-01
276 6.397400e-01 3.128000e-03 3.571320e-01
277 6.391360e-01 3.192000e-03 3.576720e-01
278 6.386440e-01 3.092000e-03 3.582640e-01
279 6.381120e-01 3.128000e-03 3.587600e-01
280 6.376560e-01 3.096000e-03 3.592480e-01
281 6.371680e-01 3.088000e-03 3.597440e-01
282 6.366920e-01 3.092000e-03 3.602160e-01
283 6.362280e-01 3.008000e-03 3.607640e-01
284 6.357680e-01 2.960000e-03 3.612720e-01
285 6.353120e-01 2.924000e-03 3.617640e-01
286 6.348720e-01 2.920000e-03 3.622080e-01
287 6.345240e-01 2.760000e-03 3.627160e-01
288 6.341240e-01 2.688000e-03 3.631880e-01
289 6.338000e-01 2.544000e-03 3.636560e-01
290 6.334200e-01 2.536000e-03 3.640440e-01
291 6.330240e-01 2.524000e-03 3.644520e-01
292 6.326040e-01 2.472000e-03 3.649240e-01
293 6.322720e-01 2.388000e-03 3.653400e-01
294 6.319360e-01 2.352000e-03 3.657120e-01
295 6.316280e-01 2.280000e-03 3.660920e-01
296 6.312600e-01 2.232000e-03 3.665080e-01
297 6.308440e-01 2.248000e-03 3.669080e-01
298 6.304840e-01 2.272000e-03 3.672440e-01
299 6.300840e-01 2.316000e-03 3.676000e-01
300 6.296800e-01 2.364000e-03 3.679560e-01
301 6.291960e-01 2.452000e-03 3.683520e-01
302 6.287920e-01 2.372000e-03 3.688360e-01
303 6.283920e-01 2.368000e-03 3.692400e-01
304 6.280200e-01 2.384000e-03 3.695960e-01
305 6.275440e-01 2.456000e-03 3.700000e-01
306 6.271480e-01 2.416000e-03 3.704360e-01
307 6.267400e-01 2.452000e-03 3.708080e-01
308 6.263000e-01 2.428000e-03 3.712720e-01
309 6.259240e-01 2.408000e-03 3.716680e-01
310 6.255400e-01 2.320000e-03 3.721400e-01
311 6.250800e-01 2.388000e-03 3.725320e-01
312 6.246040e-01 2.500000e-03 3.728960e-01
313 6.241680e-01 2.468000e-03 3.733640e-01
314 6.237480e-01 2.488000e-03 3.737640e-01
315 6.233120e-01 2.500000e-03 3.741880e-01
316 6.229400e-01 2.404000e-03 3.746560e-01
317 6.225760e-01 2.288000e-03 3.751360e-01
318 6.222320e-01 2.256000e-03 3.755120e-01
319 6.218640e-01 2.148000e-03 3.759880e-01
320 6.214880e-01 2.104000e-03 3.764080e-01
321 6.210840e-01 2.140000e-03 3.767760e-01
322 6.207720e-01 2.096000e-03 3.771320e-01
323 6.204520e-01 2.044000e-03 3.775040e-01
324 6.201200e-01 1.996000e-03 3.778840e-01
325 6.197640e-01 2.016000e-03 3.782200e-01
326 6.194640e-01 1.996000e-03 3.785400e-01
327 6.190640e-01 2.020000e-03 3.789160e-01
328 6.186440e-01 2.112000e-03 3.792440e-01
329 6.183200e-01 2.052000e-03 3.796280e-01
330 6.180080e-01 2.048000e-03 3.799440e-01
331 6.177560e-01 1.848000e-03 3.803960e-01
332 6.174840e-01 1.776000e-03 3.807400e-01
333 6.172160e-01 1.728000e-03 3.810560e-01
334 6.169920e-01 1.652000e-03 3.813560e-01
335 6.166960e-01 1.648000e-03 3.816560e-01
336 6.164160e-01 1.680000e-03 3.819040e-01
337 6.161280e-01 1.664000e-03 3.822080e-01
338 6.159280e-01 1.544000e-03 3.825280e-01
339 6.156320e-01 1.616000e-03 3.827520e-01
340 6.153560e-01 1.644000e-03 3.830000e-01
341 6.151480e-01 1.540000e-03 3.833120e-01
342 6.148720e-01 1.480000e-03 3.836480e-01
343 6.145960e-01 1.524000e-03 3.838800e-01
344 6.143160e-01 1.540000e-03 3.841440e-01
345 6.140440e-01 1.472000e-03 3.844840e-01
346 6.137160e-01 1.532000e-03 3.847520e-01
347 6.133960e-01 1.620000e-03 3.849840e-01
348 6.130960e-01 1.652000e-03 3.852520e-01
349 6.127720e-01 1.748000e-03 3.854800e-01
350 6.123360e-01 1.884000e-03 3.857800e-01
351 6.119560e-01 1.988000e-03 3.860560e-01
352 6.115880e-01 2.044000e-03 3.863680e-01
353 6.111960e-01 2.084000e-03 3.867200e-01
354 6.107960e-01 2.136000e-03 3.870680e-01
355 6.103080e-01 2.236000e-03 3.874560e-01
356 6.099040e-01 2.324000e-03 3.877720e-01
357 6.094680e-01 2.340000e-03 3.881920e-01
358 6.091440e-01 2.212000e-03 3.886440e-01
359 6.088360e-01 2.240000e-03 3.889240e-01
360 6.083920e-01 2.300000e-03 3.893080e-01
361 6.079880e-01 2.272000e-03 3.897400e-01
362 6.076480e-01 2.256000e-03 3.900960e-01
363 6.073280e-01 2.140000e-03 3.905320e-01
364 6.069240e-01 2.124000e-03 3.909520e-01
365 6.066520e-01 1.992000e-03 3.913560e-01
366 6.063640e-01 1.980000e-03 3.916560e-01
367 6.060160e-01 2.000000e-03 3.919840e-01
368 6.057000e-01 1.964000e-03 3.923360e-01
369 6.053800e-01 1.988000e-03 3.926320e-01
370 6.050600e-01 1.908000e-03 3.930320e-01
371 6.047760e-01 1.872000e-03 3.933520e-01
372 6.044720e-01 1.816000e-03 3.937120e-01
373 6.042160e-01 1.784000e-03 3.940000e-01
374 6.039320e-01 1.752000e-03 3.943160e-01
375 6.037080e-01 1.664000e-03 3.946280e-01
376 6.034560e-01 1.652000e-03 3.948920e-01
377 6.031280e-01 1.716000e-03 3.951560e-01
378 6.028520e-01 1.704000e-03 3.954440e-01
379 6.025400e-01 1.660000e-03 3.958000e-01
380 6.022920e-01 1.544000e-03 3.961640e-01
381 6.019800e-01 1.576000e-03 3.964440e-01
382 6.017080e-01 1.556000e-03 3.967360e-01
383 6.015080e-01 1.496000e-03 3.969960e-01
384 6.012560e-01 1.516000e-03 3.972280e-01
385 6.010160e-01 1.480000e-03 3.975040e-01
386 6.007680e-01 1.484000e-03 3.977480e-01
387 6.005440e-01 1.452000e-03 3.980040e-01
388 6.002520e-01 1.488000e-03 3.982600e-01
389 6.000200e-01 1.508000e-03 3.984720e-01
390 5.997800e-01 1.496000e-03 3.987240e-01
391 5.996040e-01 1.424000e-03 3.989720e-01
392 5.994320e-01 1.336000e-03 3.992320e-01
393 5.992920e-01 1.248000e-03 3.994600e-01
394 5.991480e-01 1.172000e-03 3.996800e-01
395 5.989480e-01 1.156000e-03 3.998960e-01
396 5.988080e-01 1.060000e-03 4.001320e-01
397 5.986240e-01 1.024000e-03 4.003520e-01
398 5.984680e-01 9.960000e-04 4.005360e-01
399 5.983600e-01 9.440000e-04 4.006960e-01
400 5.982160e-01 9.360000e-04 4.008480e-01
401 5.980760e-01 9.680000e-04 4.009560e-01
402 5.979280e-01 9.800000e-04 4.010920e-01
403 5.978000e-01 9.480000e-04 4.012520e-01
404 5.976440e-01 9.320000e-04 4.014240e-01
405 5.975200e-01 9.160000e-04 4.015640e-01
406 5.973560e-01 9.160000e-04 4.017280e-01
407 5.972160e-01 9.080000e-04 4.018760e-01
408 5.970720e-01 9.040000e-04 4.020240e-01
409 5.969280e-01 8.880000e-04 4.021840e-01
410 5.967840e-01 9.000000e-04 4.023160e-01
411 5.966800e-01 8.480000e-04 4.024720e-01
412 5.965480e-01 8.200000e-04 4.026320e-01
413 5.964080e-01 8.080000e-04 4.027840e-01
414 5.963160e-01 7.480000e-04 4.029360e-01
415 5.962560e-01 6.520000e-04 4.030920e-01
416 5.961640e-01 6.280000e-04 4.032080e-01
417 5.960720e-01 5.960000e-04 4.033320e-01
418 5.960000e-01 5.600000e-04 4.034400e-01
419 5.958880e-01 5.680000e-04 4.035440e-01
420 5.957640e-01 6.040000e-04 4.036320e-01
421 5.956400e-01 6.400000e-04 4.037200e-01
422 5.954960e-01 6.760000e-04 4.038280e-01
423 5.954280e-01 6.520000e-04 4.039200e-01
424 5.953160e-01 6.920000e-04 4.039920e-01
425 5.951680e-01 7.240000e-04 4.041080e-01
426 5.951040e-01 6.880000e-04 4.042080e-01
427 5.950400e-01 6.520000e-04 4.043080e-01
428 5.950120e-01 5.640000e-04 4.044240e-01
429 5.949280e-01 5.640000e-04 4.045080e-01
430 5.948760e-01 5.480000e-04 4.045760e-01
431 5.947960e-01 5.240000e-04 4.046800e-01
432 5.946800e-01 5.440000e-04 4.047760e-01
433 5.946240e-01 4.880000e-04 4.048880e-01
434 5.945440e-01 4.720000e-04 4.049840e-01
435 5.944720e-01 4.720000e-04 4.050560e-01
436 5.943640e-01 5.040000e-04 4.051320e-01
437 5.943000e-01 4.760000e-04 4.052240e-01
438 5.942560e-01 4.520000e-04 4.052920e-01
439 5.942120e-01 4.120000e-04 4.053760e-01
440 5.941800e-01 3.760000e-04 4.054440e-01
441 5.941200e-01 3.680000e-04 4.055120e-01
442 5.941080e-01 3.000000e-04 4.055920e-01
443 5.940720e-01 2.800000e-04 4.056480e-01
444 5.940480e-01 2.800000e-04 4.056720e-01
445 5.940160e-01 2.560000e-04 4.057280e-01
446 5.939800e-01 2.480000e-04 4.057720e-01
447 5.939680e-01 2.200000e-04 4.058120e-01
448 5.939520e-01 2.080000e-04 4.058400e-01
449 5.939120e-01 2.160000e-04 4.058720e-01
450 5.938680e-01 2.280000e-04 4.059040e-01
451 5.938280e-01 2.280000e-04 4.059440e-01
452 5.938120e-01 2.160000e-04 4.059720e-01
453 5.937720e-01 2.120000e-04 4.060160e-01
454 5.937280e-01 2.280000e-04 4.060440e-01
455 5.936920e-01 2.280000e-04 4.060800e-01
456 5.936400e-01 2.360000e-04 4.061240e-01
457 5.936160e-01 2.200000e-04 4.061640e-01
458 5.935520e-01 2.480000e-04 4.062000e-01
459 5.934840e-01 2.560000e-04 4.062600e-01
460 5.934240e-01 2.680000e-04 4.063080e-01
461 5.933680e-01 2.920000e-04 4.063400e-01
462 5.933280e-01 2.640000e-04 4.064080e-01
463 5.932880e-01 2.560000e-04 4.064560e-01
464 5.932080e-01 2.880000e-04 4.065040e-01
465 5.931560e-01 2.760000e-04 4.065680e-01
466 5.931160e-01 2.560000e-04 4.066280e-01
467 5.930840e-01 2.520000e-04 4.066640e-01
468 5.930680e-01 2.320000e-04 4.067000e-01
469 5.929960e-01 2.880000e-04 4.067160e-01
470 5.929480e-01 2.960000e-04 4.067560e-01
471 5.928960e-01 2.880000e-04 4.068160e-01
472 5.928360e-01 3.000000e-04 4.068640e-01
473 5.927960e-01 2.680000e-04 4.069360e-01
474 5.927480e-01 2.800000e-04 4.069720e-01
475 5.927280e-01 2.520000e-04 4.070200e-01
476 5.926920e-01 2.320000e-04 4.070760e-01
477 5.926560e-01 2.120000e-04 4.071320e-01
478 5.926200e-01 2.120000e-04 4.071680e-01
479 5.925680e-01 2.480000e-04 4.071840e-01
480 5.925240e-01 2.400000e-04 4.072360e-01
481 5.924760e-01 2.600000e-04 4.072640e-01
482 5.924560e-01 2.280000e-04 4.073160e-01
483 5.923960e-01 2.400000e-04 4.073640e-01
484 5.923560e-01 2.600000e-04 4.073840e-01
485 5.922960e-01 2.840000e-04 4.074200e-01
486 5.922360e-01 2.800000e-04 4.074840e-01
487 5.921960e-01 2.840000e-04 4.075200e-01
488 5.921400e-01 3.000000e-04 4.075600e-01
489 5.921000e-01 2.840000e-04 4.076160e-01
490 5.920400e-01 2.800000e-04 4.076800e-01
491 5.920000e-01 2.840000e-04 4.077160e-01
492 5.919560e-01 2.760000e-04 4.077680e-01
493 5.919080e-01 2.800000e-04 4.078120e-01
494 5.918680e-01 2.600000e-04 4.078720e-01
495 5.918080e-01 2.680000e-04 4.079240e-01
496 5.917440e-01 2.600000e-04 4.079960e-01
497 5.917120e-01 2.280000e-04 4.080600e-01
498 5.916000e-01 2.920000e-04 4.081080e-01
499 5.915160e-01 3.200000e-04 4.081640e-01
500 5.914520e-01 3.400000e-04 4.082080e-01
