1 9.992560e-01 6.440000e-04 1.000000e-04
2 9.987600e-01 1.044000e-03 1.960000e-04
3 9.980640e-01 1.532000e-03 4.040000e-04
4 9.973680e-01 1.956000e-03 6.760000e-04
5 9.966080e-01 2.312000e-03 1.080000e-03
6 9.955720e-01 2.916000e-03 1.512000e-03
7 9.945600e-01 3.400000e-03 2.040000e-03
8 9.934920e-01 3.820000e-03 2.688000e-03
9 9.926640e-01 3.960000e-03 3.376000e-03
10 9.915880e-01 4.216000e-03 4.196000e-03
11 9.904920e-01 4.516000e-03 4.992000e-03
12 9.893160e-01 4.800000e-03 5.884000e-03
13 9.882280e-01 5.084000e-03 6.688000e-03
14 9.869480e-01 5.440000e-03 7.612000e-03
15 9.859080e-01 5.556000e-03 8.536000e-03
16 9.846600e-01 5.800000e-03 9.540000e-03
17 9.833240e-01 6.092000e-03 1.058400e-02
18 9.819200e-01 6.324000e-03 1.175600e-02
19 9.805360e-01 6.576000e-03 1.288800e-02
20 9.791040e-01 6.816000e-03 1.408000e-02
21 9.777280e-01 6.944000e-03 1.532800e-02
22 9.762800e-01 7.188000e-03 1.653200e-02
23 9.748120e-01 7.232000e-03 1.795600e-02
24 9.731600e-01 7.568000e-03 1.927200e-02
25 9.716960e-01 7.768000e-03 2.053600e-02
26 9.701280e-01 8.076000e-03 2.179600e-02
27 9.686080e-01 8.096000e-03 2.329600e-02
28 9.671800e-01 8.100000e-03 2.472000e-02
29 9.658320e-01 8.000000e-03 2.616800e-02
30 9.644760e-01 7.948000e-03 2.757600e-02
31 9.628000e-01 8.280000e-03 2.892000e-02
32 9.612720e-01 8.268000e-03 3.046000e-02
33 9.598280e-01 8.312000e-03 3.186000e-02
34 9.582480e-01 8.408000e-03 3.334400e-02
35 9.565680e-01 8.564000e-03 3.486800e-02
36 9.550080e-01 8.500000e-03 3.649200e-02
37 9.535760e-01 8.540000e-03 3.788400e-02
38 9.518600e-01 8.672000e-03 3.946800e-02
39 9.500880e-01 8.800000e-03 4.111200e-02
40 9.485080e-01 8.796000e-03 4.269600e-02
41 9.467800e-01 9.136000e-03 4.408400e-02
42 9.450600e-01 9.328000e-03 4.561200e-02
43 9.433760e-01 9.328000e-03 4.729600e-02
44 9.416880e-01 9.536000e-03 4.877600e-02
45 9.399600e-01 9.704000e-03 5.033600e-02
46 9.382120e-01 9.784000e-03 5.200400e-02
47 9.364480e-01 9.740000e-03 5.381200e-02
48 9.345800e-01 1.000000e-02 5.542000e-02
49 9.327600e-01 9.984000e-03 5.725600e-02
50 9.308080e-01 1.017200e-02 5.902000e-02
51 9.290160e-01 1.013600e-02 6.084800e-02
52 9.271040e-01 1.021200e-02 6.268400e-02
53 9.250680e-01 1.043600e-02 6.449600e-02
54 9.232920e-01 1.042400e-02 6.628400e-02
55 9.213600e-01 1.058000e-02 6.806000e-02
56 9.195000e-01 1.064000e-02 6.986000e-02
57 9.175880e-01 1.066000e-02 7.175200e-02
58 9.156680e-01 1.078000e-02 7.355200e-02
59 9.138440e-01 1.069200e-02 7.546400e-02
60 9.119760e-01 1.064800e-02 7.737600e-02
61 9.102080e-01 1.064400e-02 7.914800e-02
62 9.084640e-01 1.058800e-02 8.094800e-02
63 9.068400e-01 1.030400e-02 8.285600e-02
64 9.052040e-01 1.028000e-02 8.451600e-02
65 9.034800e-01 1.015600e-02 8.636400e-02
66 9.017280e-01 1.021600e-02 8.805600e-02
67 8.999960e-01 1.008400e-02 8.992000e-02
68 8.981760e-01 1.018000e-02 9.164400e-02
69 8.964280e-01 1.024000e-02 9.333200e-02
70 8.947480e-01 9.948000e-03 9.530400e-02
71 8.930040e-01 9.968000e-03 9.702800e-02
72 8.912880e-01 9.844000e-03 9.886800e-02
73 8.894720e-01 1.014800e-02 1.003800e-01
74 8.875880e-01 1.020400e-02 1.022080e-01
75 8.859240e-01 1.008000e-02 1.039960e-01
76 8.841880e-01 1.007200e-02 1.057400e-01
77 8.824760e-01 1.005600e-02 1.074680e-01
78 8.807800e-01 1.011200e-02 1.091080e-01
79 8.789480e-01 1.008400e-02 1.109680e-01
80 8.771120e-01 1.010800e-02 1.127800e-01
81 8.752080e-01 1.014800e-02 1.146440e-01
82 8.734040e-01 1.013200e-02 1.164640e-01
83 8.716920e-01 1.011600e-02 1.181920e-01
84 8.698160e-01 1.019600e-02 1.199880e-01
85 8.679760e-01 1.023600e-02 1.217880e-01
86 8.659360e-01 1.053600e-02 1.235280e-01
87 8.642160e-01 1.035600e-02 1.254280e-01
88 8.624960e-01 1.021600e-02 1.272880e-01
89 8.608200e-01 1.020800e-02 1.289720e-01
90 8.590920e-01 1.013200e-02 1.307760e-01
91 8.574640e-01 9.960000e-03 1.325760e-01
92 8.557280e-01 9.928000e-03 1.343440e-01
93 8.540560e-01 9.860000e-03 1.360840e-01
94 8.523040e-01 9.812000e-03 1.378840e-01
95 8.507360e-01 9.592000e-03 1.396720e-01
96 8.489320e-01 9.784000e-03 1.412840e-01
97 8.472480e-01 9.676000e-03 1.430760e-01
98 8.455120e-01 9.736000e-03 1.447520e-01
99 8.438560e-01 9.708000e-03 1.464360e-01
100 8.421120e-01 9.680000e-03 1.482080e-01
101 8.403640e-01 9.704000e-03 1.499320e-01
102 8.387880e-01 9.644000e-03 1.515680e-01
103 8.370200e-01 9.596000e-03 1.533840e-01
104 8.351280e-01 9.736000e-03 1.551360e-01
105 8.335480e-01 9.652000e-03 1.568000e-01
106 8.318760e-01 9.612000e-03 1.585120e-01
107 8.302640e-01 9.620000e-03 1.601160e-01
108 8.285880e-01 9.508000e-03 1.619040e-01
109 8.269360e-01 9.476000e-03 1.635880e-01
110 8.254200e-01 9.292000e-03 1.652880e-01
111 8.239400e-01 9.260000e-03 1.668000e-01
112 8.223760e-01 9.180000e-03 1.684440e-01
113 8.207560e-01 9.152000e-03 1.700920e-01
114 8.191320e-01 9.184000e-03 1.716840e-01
115 8.175360e-01 9.196000e-03 1.732680e-01
116 8.159960e-01 9.048000e-03 1.749560e-01
117 8.145080e-01 8.952000e-03 1.765400e-01
118 8.130440e-01 8.788000e-03 1.781680e-01
119 8.116120e-01 8.664000e-03 1.797240e-01
120 8.099960e-01 8.616000e-03 1.813880e-01
121 8.084120e-01 8.808000e-03 1.827800e-01
122 8.068280e-01 8.768000e-03 1.844040e-01
123 8.053760e-01 8.688000e-03 1.859360e-01
124 8.039760e-01 8.712000e-03 1.873120e-01
125 8.023880e-01 8.712000e-03 1.889000e-01
126 8.010000e-01 8.572000e-03 1.904280e-01
127 7.997280e-01 8.216000e-03 1.920560e-01
128 7.984400e-01 8.096000e-03 1.934640e-01
129 7.972120e-01 7.912000e-03 1.948760e-01
130 7.957160e-01 8.044000e-03 1.962400e-01
131 7.945400e-01 7.824000e-03 1.976360e-01
132 7.931720e-01 7.872000e-03 1.989560e-01
133 7.918680e-01 7.788000e-03 2.003440e-01
134 7.905680e-01 7.720000e-03 2.017120e-01
135 7.891800e-01 7.716000e-03 2.031040e-01
136 7.879480e-01 7.492000e-03 2.045600e-01
137 7.868360e-01 7.380000e-03 2.057840e-01
138 7.856400e-01 7.304000e-03 2.070560e-01
139 7.845440e-01 7.112000e-03 2.083440e-01
140 7.833680e-01 6.952000e-03 2.096800e-01
141 7.821520e-01 6.956000e-03 2.108920e-01
142 7.808320e-01 7.132000e-03 2.120360e-01
143 7.794520e-01 7.268000e-03 2.132800e-01
144 7.781360e-01 7.348000e-03 2.145160e-01
145 7.768840e-01 7.176000e-03 2.159400e-01
146 7.756360e-01 7.136000e-03 2.172280e-01
147 7.744760e-01 6.968000e-03 2.185560e-01
148 7.734080e-01 6.912000e-03 2.196800e-01
149 7.723200e-01 6.724000e-03 2.209560e-01
150 7.711080e-01 6.688000e-03 2.222040e-01
151 7.699320e-01 6.608000e-03 2.234600e-01
152 7.688840e-01 6.596000e-03 2.245200e-01
153 7.677840e-01 6.456000e-03 2.257600e-01
154 7.668200e-01 6.188000e-03 2.269920e-01
155 7.658160e-01 6.036000e-03 2.281480e-01
156 7.648840e-01 5.988000e-03 2.291280e-01
157 7.639560e-01 5.836000e-03 2.302080e-01
158 7.630440e-01 5.732000e-03 2.312240e-01
159 7.621240e-01 5.744000e-03 2.321320e-01
160 7.612000e-01 5.628000e-03 2.331720e-01
161 7.601840e-01 5.640000e-03 2.341760e-01
162 7.592160e-01 5.592000e-03 2.351920e-01
163 7.581720e-01 5.548000e-03 2.362800e-01
164 7.570080e-01 5.664000e-03 2.373280e-01
165 7.560280e-01 5.644000e-03 2.383280e-01
166 7.550720e-01 5.624000e-03 2.393040e-01
167 7.540680e-01 5.604000e-03 2.403280e-01
168 7.531200e-01 5.528000e-03 2.413520e-01
169 7.521760e-01 5.536000e-03 2.422880e-01
170 7.513160e-01 5.400000e-03 2.432840e-01
171 7.504760e-01 5.172000e-03 2.443520e-01
172 7.495280e-01 5.176000e-03 2.452960e-01
173 7.485440e-01 5.296000e-03 2.461600e-01
174 7.477040e-01 5.312000e-03 2.469840e-01
175 7.467720e-01 5.296000e-03 2.479320e-01
176 7.459400e-01 5.044000e-03 2.490160e-01
177 7.451960e-01 4.920000e-03 2.498840e-01
178 7.443360e-01 5.008000e-03 2.506560e-01
179 7.436000e-01 4.772000e-03 2.516280e-01
180 7.428840e-01 4.636000e-03 2.524800e-01
181 7.420800e-01 4.664000e-03 2.532560e-01
182 7.412960e-01 4.640000e-03 2.540640e-01
183 7.403920e-01 4.688000e-03 2.549200e-01
184 7.395640e-01 4.660000e-03 2.557760e-01
185 7.387360e-01 4.656000e-03 2.566080e-01
186 7.380000e-01 4.656000e-03 2.573440e-01
187 7.371480e-01 4.640000e-03 2.582120e-01
188 7.362680e-01 4.648000e-03 2.590840e-01
189 7.353880e-01 4.652000e-03 2.599600e-01
190 7.345880e-01 4.644000e-03 2.607680e-01
191 7.336920e-01 4.744000e-03 2.615640e-01
192 7.329280e-01 4.744000e-03 2.623280e-01
193 7.320680e-01 4.828000e-03 2.631040e-01
194 7.313240e-01 4.712000e-03 2.639640e-01
195 7.305480e-01 4.644000e-03 2.648080e-01
196 7.296600e-01 4.768000e-03 2.655720e-01
197 7.287560e-01 4.780000e-03 2.664640e-01
198 7.278480e-01 4.784000e-03 2.673680e-01
199 7.270720e-01 4.728000e-03 2.682000e-01
200 7.263960e-01 4.556000e-03 2.690480e-01
201 7.255880e-01 4.556000e-03 2.698560e-01
202 7.247920e-01 4.512000e-03 2.706960e-01
203 7.239520e-01 4.504000e-03 2.715440e-01
204 7.230960e-01 4.624000e-03 2.722800e-01
205 7.223000e-01 4.588000e-03 2.731120e-01
206 7.214640e-01 4.676000e-03 2.738600e-01
207 7.207160e-01 4.572000e-03 2.747120e-01
208 7.199360e-01 4.604000e-03 2.754600e-01
209 7.191960e-01 4.492000e-03 2.763120e-01
210 7.185480e-01 4.408000e-03 2.770440e-01
211 7.178640e-01 4.324000e-03 2.778120e-01
212 7.172280e-01 4.252000e-03 2.785200e-01
213 7.164200e-01 4.348000e-03 2.792320e-01
214 7.157160e-01 4.300000e-03 2.799840e-01
215 7.149800e-01 4.308000e-03 2.807120e-01
216 7.141680e-01 4.320000e-03 2.815120e-01
217 7.134480e-01 4.376000e-03 2.821760e-01
218 7.127640e-01 4.276000e-03 2.829600e-01
219 7.120960e-01 4.300000e-03 2.836040e-01
220 7.114200e-01 4.272000e-03 2.843080e-01
221 7.107560e-01 4.116000e-03 2.851280e-01
222 7.101120e-01 3.976000e-03 2.859120e-01
223 7.094440e-01 3.968000e-03 2.865880e-01
224 7.087200e-01 3.992000e-03 2.872880e-01
225 7.080840e-01 3.860000e-03 2.880560e-01
226 7.073960e-01 3.912000e-03 2.886920e-01
227 7.066840e-01 3.916000e-03 2.894000e-01
228 7.058160e-01 4.152000e-03 2.900320e-01
229 7.050880e-01 4.104000e-03 2.908080e-01
230 7.043920e-01 4.016000e-03 2.915920e-01
231 7.037800e-01 3.912000e-03 2.923080e-01
232 7.031600e-01 3.880000e-03 2.929600e-01
233 7.025240e-01 3.872000e-03 2.936040e-01
234 7.019000e-01 3.892000e-03 2.942080e-01
235 7.013160e-01 3.828000e-03 2.948560e-01
236 7.006800e-01 3.748000e-03 2.955720e-01
237 7.001120e-01 3.612000e-03 2.962760e-01
238 6.995080e-01 3.520000e-03 2.969720e-01
239 6.989360e-01 3.500000e-03 2.975640e-01
240 6.984160e-01 3.352000e-03 2.982320e-01
241 6.978880e-01 3.288000e-03 2.988240e-01
242 6.973040e-01 3.320000e-03 2.993760e-01
243 6.967520e-01 3.324000e-03 2.999240e-01
244 6.962240e-01 3.176000e-03 3.006000e-01
245 6.957120e-01 3.136000e-03 3.011520e-01
246 6.952880e-01 3.084000e-03 3.016280e-01
247 6.947320e-01 3.072000e-03 3.021960e-01
248 6.942480e-01 3.020000e-03 3.027320e-01
249 6.937760e-01 3.016000e-03 3.032080e-01
250 6.932440e-01 2.980000e-03 3.037760e-01
251 6.927240e-01 3.076000e-03 3.042000e-01
252 6.922160e-01 3.088000e-03 3.046960e-01
253 6.917520e-01 3.040000e-03 3.052080e-01
254 6.912840e-01 2.992000e-03 3.057240e-01
255 6.908600e-01 2.948000e-03 3.061920e-01
256 6.903800e-01 2.936000e-03 3.066840e-01
257 6.899000e-01 2.952000e-03 3.071480e-01
258 6.894560e-01 2.904000e-03 3.076400e-01
259 6.890240e-01 2.836000e-03 3.081400e-01
260 6.885800e-01 2.784000e-03 3.086360e-01
261 6.881840e-01 2.680000e-03 3.091360e-01
262 6.878720e-01 2.564000e-03 3.095640e-01
263 6.874640e-01 2.436000e-03 3.101000e-01
264 6.870560e-01 2.520000e-03 3.104240e-01
265 6.866480e-01 2.516000e-03 3.108360e-01
266 6.861720e-01 2.544000e-03 3.112840e-01
267 6.857760e-01 2.416000e-03 3.118080e-01
268 6.853280e-01 2.392000e-03 3.122800e-01
269 6.849280e-01 2.364000e-03 3.127080e-01
270 6.845160e-01 2.396000e-03 3.130880e-01
271 6.840880e-01 2.400000e-03 3.135120e-01
272 6.836080e-01 2.464000e-03 3.139280e-01
273 6.832560e-01 2.336000e-03 3.144080e-01
274 6.829160e-01 2.252000e-03 3.148320e-01
275 6.825320e-01 2.232000e-03 3.152360e-01
276 6.822080e-01 2.244000e-03 3.155480e-01
277 6.819360e-01 2.104000e-03 3.159600e-01
278 6.816800e-01 2.012000e-03 3.163080e-01
279 6.813640e-01 1.988000e-03 3.166480e-01
280 6.810000e-01 2.064000e-03 3.169360e-01
281 6.806560e-01 2.048000e-03 3.172960e-01
282 6.802800e-01 2.084000e-03 3.176360e-01
283 6.799240e-01 2.056000e-03 3.180200e-01
284 6.796080e-01 2.000000e-03 3.183920e-01
285 6.792040e-01 2.076000e-03 3.187200e-01
286 6.787680e-01 2.224000e-03 3.190080e-01
287 6.783520e-01 2.328000e-03 3.193200e-01
288 6.778560e-01 2.428000e-03 3.197160e-01
289 6.774280e-01 2.400000e-03 3.201720e-01
290 6.770920e-01 2.284000e-03 3.206240e-01
291 6.766920e-01 2.276000e-03 3.210320e-01
292 6.763200e-01 2.280000e-03 3.214000e-01
293 6.758920e-01 2.328000e-03 3.217800e-01
294 6.754600e-01 2.384000e-03 3.221560e-01
295 6.750520e-01 2.392000e-03 3.225560e-01
296 6.746680e-01 2.324000e-03 3.230080e-01
297 6.742720e-01 2.272000e-03 3.234560e-01
298 6.739000e-01 2.288000e-03 3.238120e-01
299 6.735840e-01 2.192000e-03 3.242240e-01
300 6.732560e-01 2.204000e-03 3.245400e-01
301 6.728400e-01 2.212000e-03 3.249480e-01
302 6.724720e-01 2.172000e-03 3.253560e-01
303 6.721640e-01 2.128000e-03 3.257080e-01
304 6.717640e-01 2.164000e-03 3.260720e-01
305 6.714600e-01 2.040000e-03 3.265000e-01
306 6.712200e-01 1.932000e-03 3.268480e-01
307 6.709400e-01 1.932000e-03 3.271280e-01
308 6.706640e-01 1.844000e-03 3.274920e-01
309 6.703680e-01 1.804000e-03 3.278280e-01
310 6.700640e-01 1.840000e-03 3.280960e-01
311 6.697000e-01 1.864000e-03 3.284360e-01
312 6.693520e-01 1.888000e-03 3.287600e-01
313 6.689920e-01 1.880000e-03 3.291280e-01
314 6.686760e-01 1.864000e-03 3.294600e-01
315 6.683600e-01 1.864000e-03 3.297760e-01
316 6.680200e-01 1.888000e-03 3.300920e-01
317 6.677280e-01 1.892000e-03 3.303800e-01
318 6.674600e-01 1.840000e-03 3.307000e-01
319 6.671560e-01 1.860000e-03 3.309840e-01
320 6.669520e-01 1.756000e-03 3.312920e-01
321 6.666960e-01 1.712000e-03 3.315920e-01
322 6.664480e-01 1.684000e-03 3.318680e-01
323 6.662520e-01 1.572000e-03 3.321760e-01
324 6.660680e-01 1.516000e-03 3.324160e-01
325 6.658200e-01 1.496000e-03 3.326840e-01
326 6.655480e-01 1.540000e-03 3.329120e-01
327 6.653240e-01 1.472000e-03 3.332040e-01
328 6.651440e-01 1.432000e-03 3.334240e-01
329 6.649240e-01 1.436000e-03 3.336400e-01
330 6.647160e-01 1.412000e-03 3.338720e-01
331 6.644680e-01 1.424000e-03 3.341080e-01
332 6.642440e-01 1.408000e-03 3.343480e-01
333 6.639760e-01 1.412000e-03 3.346120e-01
334 6.637320e-01 1.436000e-03 3.348320e-01
335 6.634560e-01 1.476000e-03 3.350680e-01
336 6.632160e-01 1.416000e-03 3.353680e-01
337 6.630440e-01 1.340000e-03 3.356160e-01
338 6.628320e-01 1.300000e-03 3.358680e-01
339 6.625960e-01 1.320000e-03 3.360840e-01
340 6.624040e-01 1.272000e-03 3.363240e-01
341 6.622000e-01 1.280000e-03 3.365200e-01
342 6.619200e-01 1.404000e-03 3.366760e-01
343 6.616280e-01 1.432000e-03 3.369400e-01
344 6.613920e-01 1.480000e-03 3.371280e-01
345 6.611280e-01 1.504000e-03 3.373680e-01
346 6.608560e-01 1.492000e-03 3.376520e-01
347 6.605840e-01 1.504000e-03 3.379120e-01
348 6.603560e-01 1.484000e-03 3.381600e-01
349 6.601280e-01 1.508000e-03 3.383640e-01
350 6.598560e-01 1.460000e-03 3.386840e-01
351 6.596240e-01 1.440000e-03 3.389360e-01
352 6.593800e-01 1.420000e-03 3.392000e-01
353 6.591120e-01 1.400000e-03 3.394880e-01
354 6.588200e-01 1.428000e-03 3.397520e-01
355 6.585160e-01 1.456000e-03 3.400280e-01
356 6.582440e-01 1.484000e-03 3.402720e-01
357 6.579120e-01 1.528000e-03 3.405600e-01
358 6.575640e-01 1.596000e-03 3.408400e-01
359 6.572240e-01 1.684000e-03 3.410920e-01
360 6.569040e-01 1.692000e-03 3.414040e-01
361 6.565560e-01 1.740000e-03 3.417040e-01
362 6.562840e-01 1.688000e-03 3.420280e-01
363 6.559680e-01 1.684000e-03 3.423480e-01
364 6.556280e-01 1.792000e-03 3.425800e-01
365 6.552720e-01 1.888000e-03 3.428400e-01
366 6.549720e-01 1.844000e-03 3.431840e-01
367 6.546640e-01 1.716000e-03 3.436200e-01
368 6.543520e-01 1.712000e-03 3.439360e-01
369 6.540320e-01 1.732000e-03 3.442360e-01
370 6.537600e-01 1.692000e-03 3.445480e-01
371 6.534800e-01 1.644000e-03 3.448760e-01
372 6.532360e-01 1.588000e-03 3.451760e-01
373 6.529480e-01 1.572000e-03 3.454800e-01
374 6.526920e-01 1.504000e-03 3.458040e-01
375 6.524560e-01 1.460000e-03 3.460840e-01
376 6.522000e-01 1.504000e-03 3.462960e-01
377 6.519280e-01 1.552000e-03 3.465200e-01
378 6.516840e-01 1.464000e-03 3.468520e-01
379 6.514640e-01 1.448000e-03 3.470880e-01
380 6.511760e-01 1.444000e-03 3.473800e-01
381 6.509640e-01 1.412000e-03 3.476240e-01
382 6.507400e-01 1.376000e-03 3.478840e-01
383 6.505520e-01 1.320000e-03 3.481280e-01
384 6.503040e-01 1.360000e-03 3.483360e-01
385 6.501080e-01 1.288000e-03 3.486040e-01
386 6.499120e-01 1.284000e-03 3.488040e-01
387 6.497440e-01 1.208000e-03 3.490480e-01
388 6.495400e-01 1.188000e-03 3.492720e-01
389 6.494280e-01 1.100000e-03 3.494720e-01
390 6.492160e-01 1.120000e-03 3.496640e-01
391 6.490200e-01 1.148000e-03 3.498320e-01
392 6.488640e-01 1.128000e-03 3.500080e-01
393 6.486360e-01 1.136000e-03 3.502280e-01
394 6.483880e-01 1.220000e-03 3.503920e-01
395 6.481920e-01 1.188000e-03 3.506200e-01
396 6.479360e-01 1.212000e-03 3.508520e-01
397 6.476960e-01 1.260000e-03 3.510440e-01
398 6.474960e-01 1.264000e-03 3.512400e-01
399 6.472640e-01 1.236000e-03 3.515000e-01
400 6.470400e-01 1.264000e-03 3.516960e-01
401 6.468480e-01 1.256000e-03 3.518960e-01
402 6.466080e-01 1.296000e-03 3.520960e-01
403 6.463800e-01 1.312000e-03 3.523080e-01
404 6.461680e-01 1.288000e-03 3.525440e-01
405 6.459240e-01 1.296000e-03 3.527800e-01
406 6.457520e-01 1.276000e-03 3.529720e-01
407 6.455120e-01 1.236000e-03 3.532520e-01
408 6.453120e-01 1.200000e-03 3.534880e-01
409 6.450840e-01 1.212000e-03 3.537040e-01
410 6.449120e-01 1.188000e-03 3.539000e-01
411 6.447280e-01 1.156000e-03 3.541160e-01
412 6.445120e-01 1.184000e-03 3.543040e-01
413 6.443080e-01 1.212000e-03 3.544800e-01
414 6.440920e-01 1.188000e-03 3.547200e-01
415 6.439320e-01 1.120000e-03 3.549480e-01
416 6.436360e-01 1.208000e-03 3.551560e-01
417 6.433560e-01 1.264000e-03 3.553800e-01
418 6.430400e-01 1.276000e-03 3.556840e-01
419 6.428080e-01 1.312000e-03 3.558800e-01
420 6.425960e-01 1.260000e-03 3.561440e-01
421 6.423920e-01 1.244000e-03 3.563640e-01
422 6.421520e-01 1.272000e-03 3.565760e-01
423 6.419280e-01 1.228000e-03 3.568440e-01
424 6.416840e-01 1.300000e-03 3.570160e-01
425 6.414400e-01 1.324000e-03 3.572360e-01
426 6.412200e-01 1.272000e-03 3.575080e-01
427 6.409200e-01 1.360000e-03 3.577200e-01
428 6.406600e-01 1.356000e-03 3.579840e-01
429 6.403920e-01 1.396000e-03 3.582120e-01
430 6.400920e-01 1.404000e-03 3.585040e-01
431 6.398680e-01 1.332000e-03 3.588000e-01
432 6.396760e-01 1.260000e-03 3.590640e-01
433 6.394560e-01 1.268000e-03 3.592760e-01
434 6.392360e-01 1.240000e-03 3.595240e-01
435 6.389800e-01 1.284000e-03 3.597360e-01
436 6.387880e-01 1.232000e-03 3.599800e-01
437 6.386200e-01 1.180000e-03 3.602000e-01
438 6.384720e-01 1.184000e-03 3.603440e-01
439 6.382800e-01 1.168000e-03 3.605520e-01
440 6.380440e-01 1.188000e-03 3.607680e-01
441 6.378480e-01 1.148000e-03 3.610040e-01
442 6.376360e-01 1.140000e-03 3.612240e-01
443 6.374280e-01 1.180000e-03 3.613920e-01
444 6.372080e-01 1.208000e-03 3.615840e-01
445 6.369880e-01 1.204000e-03 3.618080e-01
446 6.368520e-01 1.092000e-03 3.620560e-01
447 6.366520e-01 1.128000e-03 3.622200e-01
448 6.365000e-01 1.056000e-03 3.624440e-01
449 6.363280e-01 1.016000e-03 3.626560e-01
450 6.361400e-01 1.068000e-03 3.627920e-01
451 6.360040e-01 1.068000e-03 3.629280e-01
452 6.358320e-01 1.056000e-03 3.631120e-01
453 6.357120e-01 9.360000e-04 3.633520e-01
454 6.355960e-01 8.520000e-04 3.635520e-01
455 6.354400e-01 8.760000e-04 3.636840e-01
456 6.352720e-01 8.760000e-04 3.638520e-01
457 6.351640e-01 8.320000e-04 3.640040e-01
458 6.350320e-01 8.440000e-04 3.641240e-01
459 6.349080e-01 8.000000e-04 3.642920e-01
460 6.348080e-01 8.200000e-04 3.643720e-01
461 6.346680e-01 8.040000e-04 3.645280e-01
462 6.345160e-01 8.160000e-04 3.646680e-01
463 6.343800e-01 8.360000e-04 3.647840e-01
464 6.342240e-01 8.640000e-04 3.649120e-01
465 6.341000e-01 8.280000e-04 3.650720e-01
466 6.339040e-01 8.440000e-04 3.652520e-01
467 6.337560e-01 8.360000e-04 3.654080e-01
468 6.336040e-01 8.360000e-04 3.655600e-01
469 6.334320e-01 8.440000e-04 3.657240e-01
470 6.332560e-01 8.680000e-04 3.658760e-01
471 6.331120e-01 8.880000e-04 3.660000e-01
472 6.329440e-01 8.840000e-04 3.661720e-01
473 6.328080e-01 8.560000e-04 3.663360e-01
474 6.327160e-01 7.960000e-04 3.664880e-01
475 6.325760e-01 7.560000e-04 3.666680e-01
476 6.324280e-01 7.440000e-04 3.668280e-01
477 6.322920e-01 7.200000e-04 3.669880e-01
478 6.321200e-01 7.360000e-04 3.671440e-01
479 6.319440e-01 7.960000e-04 3.672600e-01
480 6.318000e-01 8.080000e-04 3.673920e-01
481 6.316840e-01 8.200000e-04 3.674960e-01
482 6.315240e-01 8.200000e-04 3.676560e-01
483 6.313240e-01 8.600000e-04 3.678160e-01
484 6.311640e-01 8.440000e-04 3.679920e-01
485 6.309520e-01 9.000000e-04 3.681480e-01
486 6.307600e-01 9.440000e-04 3.682960e-01
487 6.305840e-01 9.720000e-04 3.684440e-01
488 6.304040e-01 9.840000e-04 3.686120e-01
489 6.301880e-01 1.052000e-03 3.687600e-01
490 6.299960e-01 1.012000e-03 3.689920e-01
491 6.298480e-01 9.520000e-04 3.692000e-01
492 6.297360e-01 8.920000e-04 3.693720e-01
493 6.296080e-01 8.600000e-04 3.695320e-01
494 6.294720e-01 8.480000e-04 3.696800e-01
495 6.292960e-01 8.680000e-04 3.698360e-01
496 6.291400e-01 8.680000e-04 3.699920e-01
497 6.289920e-01 9.160000e-04 3.700920e-01
498 6.288280e-01 9.160000e-04 3.702560e-01
499 6.286800e-01 8.960000e-04 3.704240e-01
500 6.285640e-01 8.520000e-04 3.705840e-01
