1 9.992240e-01 6.640000e-04 1.120000e-04
2 9.987800e-01 9.360000e-04 2.840000e-04
3 9.981880e-01 1.300000e-03 5.120000e-04
4 9.974000e-01 1.844000e-03 7.560000e-04
5 9.965920e-01 2.332000e-03 1.076000e-03
6 9.957600e-01 2.712000e-03 1.528000e-03
7 9.949000e-01 3.048000e-03 2.052000e-03
8 9.938880e-01 3.540000e-03 2.572000e-03
9 9.927560e-01 3.972000e-03 3.272000e-03
10 9.917040e-01 4.176000e-03 4.120000e-03
11 9.908000e-01 4.316000e-03 4.884000e-03
12 9.898560e-01 4.552000e-03 5.592000e-03
13 9.889160e-01 4.724000e-03 6.360000e-03
14 9.879160e-01 4.896000e-03 7.188000e-03
15 9.867040e-01 5.172000e-03 8.124000e-03
16 9.854920e-01 5.412000e-03 9.096000e-03
17 9.842200e-01 5.652000e-03 1.012800e-02
18 9.830640e-01 5.792000e-03 1.114400e-02
19 9.818640e-01 5.908000e-03 1.222800e-02
20 9.806440e-01 6.024000e-03 1.333200e-02
21 9.794800e-01 6.088000e-03 1.443200e-02
22 9.782800e-01 6.264000e-03 1.545600e-02
23 9.770800e-01 6.356000e-03 1.656400e-02
24 9.759120e-01 6.344000e-03 1.774400e-02
25 9.747400e-01 6.356000e-03 1.890400e-02
26 9.735640e-01 6.440000e-03 1.999600e-02
27 9.723200e-01 6.612000e-03 2.106800e-02
28 9.710640e-01 6.668000e-03 2.226800e-02
29 9.696480e-01 6.996000e-03 2.335600e-02
30 9.682760e-01 7.144000e-03 2.458000e-02
31 9.667920e-01 7.284000e-03 2.592400e-02
32 9.653480e-01 7.352000e-03 2.730000e-02
33 9.639480e-01 7.460000e-03 2.859200e-02
34 9.625400e-01 7.540000e-03 2.992000e-02
35 9.611840e-01 7.576000e-03 3.124000e-02
36 9.595080e-01 7.844000e-03 3.264800e-02
37 9.580360e-01 7.848000e-03 3.411600e-02
38 9.564720e-01 8.028000e-03 3.550000e-02
39 9.549760e-01 7.968000e-03 3.705600e-02
40 9.535840e-01 8.056000e-03 3.836000e-02
41 9.521760e-01 7.992000e-03 3.983200e-02
42 9.506680e-01 7.956000e-03 4.137600e-02
43 9.492960e-01 7.928000e-03 4.277600e-02
44 9.477840e-01 8.060000e-03 4.415600e-02
45 9.463120e-01 8.016000e-03 4.567200e-02
46 9.449160e-01 7.980000e-03 4.710400e-02
47 9.435160e-01 7.872000e-03 4.861200e-02
48 9.421000e-01 7.780000e-03 5.012000e-02
49 9.406480e-01 7.796000e-03 5.155600e-02
50 9.390760e-01 8.004000e-03 5.292000e-02
51 9.375920e-01 8.056000e-03 5.435200e-02
52 9.361920e-01 8.056000e-03 5.575200e-02
53 9.345480e-01 8.308000e-03 5.714400e-02
54 9.329480e-01 8.616000e-03 5.843600e-02
55 9.313360e-01 8.780000e-03 5.988400e-02
56 9.297520e-01 8.828000e-03 6.142000e-02
57 9.282680e-01 8.820000e-03 6.291200e-02
58 9.266000e-01 8.956000e-03 6.444400e-02
59 9.251160e-01 8.848000e-03 6.603600e-02
60 9.234720e-01 8.864000e-03 6.766400e-02
61 9.218720e-01 8.884000e-03 6.924400e-02
62 9.202960e-01 9.012000e-03 7.069200e-02
63 9.185800e-01 9.120000e-03 7.230000e-02
64 9.169680e-01 9.128000e-03 7.390400e-02
65 9.153600e-01 9.216000e-03 7.542400e-02
66 9.136120e-01 9.332000e-03 7.705600e-02
67 9.119560e-01 9.516000e-03 7.852800e-02
68 9.101440e-01 9.688000e-03 8.016800e-02
69 9.082120e-01 1.000400e-02 8.178400e-02
70 9.063280e-01 1.015200e-02 8.352000e-02
71 9.044200e-01 1.018400e-02 8.539600e-02
72 9.023240e-01 1.056400e-02 8.711200e-02
73 9.004680e-01 1.053600e-02 8.899600e-02
74 8.984440e-01 1.073200e-02 9.082400e-02
75 8.965600e-01 1.079200e-02 9.264800e-02
76 8.947880e-01 1.069600e-02 9.451600e-02
77 8.929440e-01 1.072400e-02 9.633200e-02
78 8.910200e-01 1.084400e-02 9.813600e-02
79 8.891640e-01 1.081200e-02 1.000240e-01
80 8.873760e-01 1.084800e-02 1.017760e-01
81 8.854240e-01 1.098400e-02 1.035920e-01
82 8.836440e-01 1.090800e-02 1.054480e-01
83 8.816680e-01 1.097600e-02 1.073560e-01
84 8.798360e-01 1.078800e-02 1.093760e-01
85 8.780040e-01 1.071200e-02 1.112840e-01
86 8.763280e-01 1.049200e-02 1.131800e-01
87 8.745840e-01 1.029200e-02 1.151240e-01
88 8.729560e-01 1.013200e-02 1.169120e-01
89 8.712240e-01 1.014000e-02 1.186360e-01
90 8.694480e-01 1.003200e-02 1.205200e-01
91 8.677440e-01 9.988000e-03 1.222680e-01
92 8.661360e-01 9.944000e-03 1.239200e-01
93 8.642720e-01 1.018000e-02 1.255480e-01
94 8.625880e-01 1.011600e-02 1.272960e-01
95 8.608280e-01 1.014800e-02 1.290240e-01
96 8.591360e-01 1.004000e-02 1.308240e-01
97 8.572400e-01 1.026800e-02 1.324920e-01
98 8.554080e-01 1.040800e-02 1.341840e-01
99 8.536800e-01 1.041600e-02 1.359040e-01
100 8.519640e-01 1.027600e-02 1.377600e-01
101 8.501720e-01 1.036000e-02 1.394680e-01
102 8.485080e-01 1.016000e-02 1.413320e-01
103 8.469760e-01 9.872000e-03 1.431520e-01
104 8.453040e-01 9.920000e-03 1.447760e-01
105 8.436920e-01 9.884000e-03 1.464240e-01
106 8.419960e-01 9.784000e-03 1.482200e-01
107 8.405040e-01 9.528000e-03 1.499680e-01
108 8.389320e-01 9.332000e-03 1.517360e-01
109 8.374640e-01 9.180000e-03 1.533560e-01
110 8.359040e-01 9.076000e-03 1.550200e-01
111 8.343040e-01 9.068000e-03 1.566280e-01
112 8.327000e-01 9.060000e-03 1.582400e-01
113 8.312160e-01 8.880000e-03 1.599040e-01
114 8.297400e-01 8.860000e-03 1.614000e-01
115 8.283120e-01 8.788000e-03 1.629000e-01
116 8.269280e-01 8.692000e-03 1.643800e-01
117 8.254920e-01 8.636000e-03 1.658720e-01
118 8.238600e-01 8.672000e-03 1.674680e-01
119 8.223400e-01 8.676000e-03 1.689840e-01
120 8.210480e-01 8.416000e-03 1.705360e-01
121 8.196640e-01 8.364000e-03 1.719720e-01
122 8.181440e-01 8.328000e-03 1.735280e-01
123 8.167840e-01 8.152000e-03 1.750640e-01
124 8.155200e-01 8.088000e-03 1.763920e-01
125 8.140640e-01 8.184000e-03 1.777520e-01
126 8.127360e-01 8.116000e-03 1.791480e-01
127 8.113240e-01 8.016000e-03 1.806600e-01
128 8.100320e-01 7.832000e-03 1.821360e-01
129 8.086680e-01 7.880000e-03 1.834520e-01
130 8.074160e-01 7.776000e-03 1.848080e-01
131 8.061400e-01 7.672000e-03 1.861880e-01
132 8.049520e-01 7.564000e-03 1.874840e-01
133 8.037240e-01 7.520000e-03 1.887560e-01
134 8.025680e-01 7.384000e-03 1.900480e-01
135 8.013200e-01 7.328000e-03 1.913520e-01
136 8.000560e-01 7.308000e-03 1.926360e-01
137 7.988480e-01 7.224000e-03 1.939280e-01
138 7.976240e-01 7.136000e-03 1.952400e-01
139 7.963160e-01 7.216000e-03 1.964680e-01
140 7.950560e-01 7.228000e-03 1.977160e-01
141 7.938640e-01 7.232000e-03 1.989040e-01
142 7.927960e-01 7.012000e-03 2.001920e-01
143 7.916040e-01 6.988000e-03 2.014080e-01
144 7.903280e-01 7.000000e-03 2.026720e-01
145 7.891800e-01 6.972000e-03 2.038480e-01
146 7.879280e-01 7.040000e-03 2.050320e-01
147 7.866280e-01 7.236000e-03 2.061360e-01
148 7.852920e-01 7.316000e-03 2.073920e-01
149 7.838600e-01 7.412000e-03 2.087280e-01
150 7.825400e-01 7.372000e-03 2.100880e-01
151 7.814000e-01 7.284000e-03 2.113160e-01
152 7.800880e-01 7.316000e-03 2.125960e-01
153 7.788400e-01 7.228000e-03 2.139320e-01
154 7.775320e-01 7.236000e-03 2.152320e-01
155 7.763160e-01 7.220000e-03 2.164640e-01
156 7.750280e-01 7.188000e-03 2.177840e-01
157 7.737200e-01 7.120000e-03 2.191600e-01
158 7.726120e-01 7.012000e-03 2.203760e-01
159 7.712960e-01 7.012000e-03 2.216920e-01
160 7.701040e-01 6.940000e-03 2.229560e-01
161 7.688000e-01 6.980000e-03 2.242200e-01
162 7.675000e-01 7.008000e-03 2.254920e-01
163 7.662560e-01 7.052000e-03 2.266920e-01
164 7.649400e-01 7.116000e-03 2.279440e-01
165 7.635920e-01 7.116000e-03 2.292920e-01
166 7.622480e-01 7.184000e-03 2.305680e-01
167 7.609920e-01 7.124000e-03 2.318840e-01
168 7.597760e-01 7.052000e-03 2.331720e-01
169 7.583640e-01 7.164000e-03 2.344720e-01
170 7.570920e-01 7.072000e-03 2.358360e-01
171 7.557760e-01 7.168000e-03 2.370560e-01
172 7.545040e-01 7.120000e-03 2.383760e-01
173 7.533760e-01 7.068000e-03 2.395560e-01
174 7.521560e-01 7.064000e-03 2.407800e-01
175 7.508240e-01 7.264000e-03 2.419120e-01
176 7.495840e-01 7.096000e-03 2.433200e-01
177 7.483240e-01 7.172000e-03 2.445040e-01
178 7.471000e-01 7.244000e-03 2.456560e-01
179 7.460560e-01 6.992000e-03 2.469520e-01
180 7.449920e-01 6.904000e-03 2.481040e-01
181 7.439600e-01 6.736000e-03 2.493040e-01
182 7.427640e-01 6.732000e-03 2.505040e-01
183 7.418760e-01 6.512000e-03 2.516120e-01
184 7.408040e-01 6.456000e-03 2.527400e-01
185 7.398120e-01 6.432000e-03 2.537560e-01
186 7.388120e-01 6.336000e-03 2.548520e-01
187 7.377040e-01 6.476000e-03 2.558200e-01
188 7.366000e-01 6.452000e-03 2.569480e-01
189 7.353120e-01 6.588000e-03 2.581000e-01
190 7.341840e-01 6.532000e-03 2.592840e-01
191 7.331280e-01 6.500000e-03 2.603720e-01
192 7.319480e-01 6.464000e-03 2.615880e-01
193 7.307000e-01 6.624000e-03 2.626760e-01
194 7.297400e-01 6.360000e-03 2.639000e-01
195 7.286880e-01 6.232000e-03 2.650800e-01
196 7.276400e-01 6.108000e-03 2.662520e-01
197 7.264920e-01 6.124000e-03 2.673840e-01
198 7.253880e-01 6.312000e-03 2.683000e-01
199 7.243320e-01 6.304000e-03 2.693640e-01
200 7.233320e-01 6.224000e-03 2.704440e-01
201 7.223920e-01 5.952000e-03 2.716560e-01
202 7.213760e-01 5.984000e-03 2.726400e-01
203 7.203120e-01 5.996000e-03 2.736920e-01
204 7.192640e-01 6.008000e-03 2.747280e-01
205 7.183080e-01 5.868000e-03 2.758240e-01
206 7.173080e-01 5.868000e-03 2.768240e-01
207 7.162880e-01 5.832000e-03 2.778800e-01
208 7.153640e-01 5.780000e-03 2.788560e-01
209 7.145720e-01 5.568000e-03 2.798600e-01
210 7.135360e-01 5.624000e-03 2.808400e-01
211 7.126520e-01 5.604000e-03 2.817440e-01
212 7.116920e-01 5.576000e-03 2.827320e-01
213 7.107800e-01 5.412000e-03 2.838080e-01
214 7.097360e-01 5.464000e-03 2.848000e-01
215 7.088440e-01 5.364000e-03 2.857920e-01
216 7.079840e-01 5.288000e-03 2.867280e-01
217 7.070840e-01 5.316000e-03 2.876000e-01
218 7.062120e-01 5.284000e-03 2.885040e-01
219 7.051520e-01 5.452000e-03 2.893960e-01
220 7.041800e-01 5.460000e-03 2.903600e-01
221 7.031760e-01 5.436000e-03 2.913880e-01
222 7.022680e-01 5.348000e-03 2.923840e-01
223 7.012440e-01 5.468000e-03 2.932880e-01
224 7.002880e-01 5.424000e-03 2.942880e-01
225 6.992560e-01 5.492000e-03 2.952520e-01
226 6.983880e-01 5.364000e-03 2.962480e-01
227 6.974960e-01 5.400000e-03 2.971040e-01
228 6.966320e-01 5.240000e-03 2.981280e-01
229 6.958560e-01 5.076000e-03 2.990680e-01
230 6.951280e-01 4.968000e-03 2.999040e-01
231 6.941600e-01 5.088000e-03 3.007520e-01
232 6.933520e-01 4.984000e-03 3.016640e-01
233 6.924360e-01 5.016000e-03 3.025480e-01
234 6.915840e-01 4.944000e-03 3.034720e-01
235 6.908240e-01 4.848000e-03 3.043280e-01
236 6.900720e-01 4.812000e-03 3.051160e-01
237 6.892960e-01 4.772000e-03 3.059320e-01
238 6.884560e-01 4.744000e-03 3.068000e-01
239 6.875000e-01 4.780000e-03 3.077200e-01
240 6.866720e-01 4.792000e-03 3.085360e-01
241 6.858160e-01 4.768000e-03 3.094160e-01
242 6.850040e-01 4.744000e-03 3.102520e-01
243 6.841600e-01 4.780000e-03 3.110600e-01
244 6.833920e-01 4.800000e-03 3.118080e-01
245 6.825640e-01 4.824000e-03 3.126120e-01
246 6.818200e-01 4.676000e-03 3.135040e-01
247 6.810760e-01 4.584000e-03 3.143400e-01
248 6.802640e-01 4.568000e-03 3.151680e-01
249 6.795440e-01 4.500000e-03 3.159560e-01
250 6.787760e-01 4.480000e-03 3.167440e-01
251 6.779920e-01 4.472000e-03 3.175360e-01
252 6.772040e-01 4.516000e-03 3.182800e-01
253 6.763520e-01 4.636000e-03 3.190120e-01
254 6.755040e-01 4.692000e-03 3.198040e-01
255 6.746760e-01 4.620000e-03 3.207040e-01
256 6.738480e-01 4.668000e-03 3.214840e-01
257 6.730760e-01 4.684000e-03 3.222400e-01
258 6.722880e-01 4.628000e-03 3.230840e-01
259 6.715400e-01 4.580000e-03 3.238800e-01
260 6.706480e-01 4.640000e-03 3.247120e-01
261 6.698480e-01 4.648000e-03 3.255040e-01
262 6.691400e-01 4.532000e-03 3.263280e-01
263 6.683840e-01 4.564000e-03 3.270520e-01
264 6.676440e-01 4.612000e-03 3.277440e-01
265 6.669040e-01 4.588000e-03 3.285080e-01
266 6.662640e-01 4.572000e-03 3.291640e-01
267 6.655840e-01 4.416000e-03 3.300000e-01
268 6.648920e-01 4.340000e-03 3.307680e-01
269 6.642200e-01 4.240000e-03 3.315400e-01
270 6.635800e-01 4.212000e-03 3.322080e-01
271 6.628720e-01 4.136000e-03 3.329920e-01
272 6.621440e-01 4.200000e-03 3.336560e-01
273 6.614440e-01 4.212000e-03 3.343440e-01
274 6.607680e-01 4.260000e-03 3.349720e-01
275 6.600480e-01 4.228000e-03 3.357240e-01
276 6.593200e-01 4.224000e-03 3.364560e-01
277 6.585480e-01 4.180000e-03 3.372720e-01
278 6.577680e-01 4.284000e-03 3.379480e-01
279 6.569520e-01 4.356000e-03 3.386920e-01
280 6.561960e-01 4.396000e-03 3.394080e-01
281 6.554040e-01 4.444000e-03 3.401520e-01
282 6.547400e-01 4.376000e-03 3.408840e-01
283 6.540000e-01 4.352000e-03 3.416480e-01
284 6.532920e-01 4.256000e-03 3.424520e-01
285 6.525840e-01 4.216000e-03 3.432000e-01
286 6.519040e-01 4.176000e-03 3.439200e-01
287 6.511600e-01 4.116000e-03 3.447240e-01
288 6.504640e-01 4.020000e-03 3.455160e-01
289 6.496560e-01 4.152000e-03 3.461920e-01
290 6.489920e-01 4.080000e-03 3.469280e-01
291 6.482840e-01 4.148000e-03 3.475680e-01
292 6.477360e-01 3.948000e-03 3.483160e-01
293 6.471760e-01 3.740000e-03 3.490840e-01
294 6.466280e-01 3.664000e-03 3.497080e-01
295 6.460040e-01 3.684000e-03 3.503120e-01
296 6.453880e-01 3.628000e-03 3.509840e-01
297 6.449120e-01 3.516000e-03 3.515720e-01
298 6.443000e-01 3.544000e-03 3.521560e-01
299 6.437280e-01 3.496000e-03 3.527760e-01
300 6.431520e-01 3.400000e-03 3.534480e-01
301 6.425480e-01 3.476000e-03 3.539760e-01
302 6.419960e-01 3.432000e-03 3.545720e-01
303 6.414120e-01 3.384000e-03 3.552040e-01
304 6.408720e-01 3.332000e-03 3.557960e-01
305 6.402400e-01 3.388000e-03 3.563720e-01
306 6.396040e-01 3.384000e-03 3.570120e-01
307 6.389640e-01 3.468000e-03 3.575680e-01
308 6.383280e-01 3.488000e-03 3.581840e-01
309 6.377000e-01 3.512000e-03 3.587880e-01
310 6.371560e-01 3.492000e-03 3.593520e-01
311 6.364600e-01 3.556000e-03 3.599840e-01
312 6.357160e-01 3.760000e-03 3.605240e-01
313 6.351120e-01 3.644000e-03 3.612440e-01
314 6.345280e-01 3.644000e-03 3.618280e-01
315 6.339640e-01 3.616000e-03 3.624200e-01
316 6.333640e-01 3.528000e-03 3.631080e-01
317 6.328160e-01 3.456000e-03 3.637280e-01
318 6.322200e-01 3.564000e-03 3.642160e-01
319 6.316800e-01 3.544000e-03 3.647760e-01
320 6.310720e-01 3.620000e-03 3.653080e-01
321 6.305320e-01 3.560000e-03 3.659080e-01
322 6.300640e-01 3.376000e-03 3.665600e-01
323 6.295120e-01 3.408000e-03 3.670800e-01
324 6.289840e-01 3.348000e-03 3.676680e-01
325 6.283600e-01 3.424000e-03 3.682160e-01
326 6.278720e-01 3.296000e-03 3.688320e-01
327 6.273280e-01 3.180000e-03 3.694920e-01
328 6.267920e-01 3.172000e-03 3.700360e-01
329 6.263320e-01 3.124000e-03 3.705440e-01
330 6.258880e-01 3.048000e-03 3.710640e-01
331 6.254240e-01 3.052000e-03 3.715240e-01
332 6.250160e-01 2.876000e-03 3.721080e-01
333 6.245520e-01 2.860000e-03 3.725880e-01
334 6.240960e-01 2.764000e-03 3.731400e-01
335 6.236840e-01 2.652000e-03 3.736640e-01
336 6.232880e-01 2.536000e-03 3.741760e-01
337 6.228960e-01 2.468000e-03 3.746360e-01
338 6.223600e-01 2.580000e-03 3.750600e-01
339 6.218960e-01 2.496000e-03 3.756080e-01
340 6.214080e-01 2.516000e-03 3.760760e-01
341 6.209400e-01 2.520000e-03 3.765400e-01
342 6.205640e-01 2.472000e-03 3.769640e-01
343 6.200560e-01 2.540000e-03 3.774040e-01
344 6.195760e-01 2.564000e-03 3.778600e-01
345 6.190080e-01 2.672000e-03 3.783200e-01
346 6.184960e-01 2.772000e-03 3.787320e-01
347 6.180040e-01 2.784000e-03 3.792120e-01
348 6.174880e-01 2.832000e-03 3.796800e-01
349 6.169960e-01 2.836000e-03 3.801680e-01
350 6.165240e-01 2.772000e-03 3.807040e-01
351 6.159920e-01 2.800000e-03 3.812080e-01
352 6.154800e-01 2.788000e-03 3.817320e-01
353 6.149240e-01 2.892000e-03 3.821840e-01
354 6.143320e-01 3.016000e-03 3.826520e-01
355 6.138040e-01 3.000000e-03 3.831960e-01
356 6.133000e-01 3.012000e-03 3.836880e-01
357 6.128800e-01 2.888000e-03 3.842320e-01
358 6.124000e-01 2.928000e-03 3.846720e-01
359 6.118880e-01 2.920000e-03 3.851920e-01
360 6.113520e-01 2.916000e-03 3.857320e-01
361 6.109640e-01 2.748000e-03 3.862880e-01
362 6.105880e-01 2.592000e-03 3.868200e-01
363 6.101440e-01 2.608000e-03 3.872480e-01
364 6.097600e-01 2.480000e-03 3.877600e-01
365 6.093040e-01 2.452000e-03 3.882440e-01
366 6.089760e-01 2.364000e-03 3.886600e-01
367 6.085560e-01 2.380000e-03 3.890640e-01
368 6.081800e-01 2.280000e-03 3.895400e-01
369 6.078400e-01 2.228000e-03 3.899320e-01
370 6.074240e-01 2.172000e-03 3.904040e-01
371 6.070480e-01 2.176000e-03 3.907760e-01
372 6.066280e-01 2.216000e-03 3.911560e-01
373 6.062040e-01 2.236000e-03 3.915600e-01
374 6.057360e-01 2.268000e-03 3.919960e-01
375 6.052440e-01 2.324000e-03 3.924320e-01
376 6.048640e-01 2.280000e-03 3.928560e-01
377 6.045400e-01 2.244000e-03 3.932160e-01
378 6.040680e-01 2.312000e-03 3.936200e-01
379 6.035960e-01 2.376000e-03 3.940280e-01
380 6.031560e-01 2.404000e-03 3.944400e-01
381 6.027360e-01 2.376000e-03 3.948880e-01
382 6.023840e-01 2.348000e-03 3.952680e-01
383 6.020440e-01 2.256000e-03 3.957000e-01
384 6.016520e-01 2.296000e-03 3.960520e-01
385 6.013360e-01 2.176000e-03 3.964880e-01
386 6.009480e-01 2.132000e-03 3.969200e-01
387 6.005520e-01 2.164000e-03 3.972840e-01
388 6.001640e-01 2.156000e-03 3.976800e-01
389 5.998160e-01 2.084000e-03 3.981000e-01
390 5.994840e-01 2.104000e-03 3.984120e-01
391 5.991640e-01 2.068000e-03 3.987680e-01
392 5.989080e-01 2.020000e-03 3.990720e-01
393 5.986280e-01 1.908000e-03 3.994640e-01
394 5.983640e-01 1.804000e-03 3.998320e-01
395 5.980840e-01 1.756000e-03 4.001600e-01
396 5.978400e-01 1.680000e-03 4.004800e-01
397 5.975120e-01 1.696000e-03 4.007920e-01
398 5.971920e-01 1.688000e-03 4.011200e-01
399 5.968840e-01 1.672000e-03 4.014440e-01
400 5.965360e-01 1.768000e-03 4.016960e-01
401 5.962080e-01 1.780000e-03 4.020120e-01
402 5.959000e-01 1.772000e-03 4.023280e-01
403 5.956280e-01 1.676000e-03 4.026960e-01
404 5.952960e-01 1.708000e-03 4.029960e-01
405 5.950000e-01 1.704000e-03 4.032960e-01
406 5.946840e-01 1.776000e-03 4.035400e-01
407 5.943440e-01 1.764000e-03 4.038920e-01
408 5.940360e-01 1.760000e-03 4.042040e-01
409 5.936160e-01 1.900000e-03 4.044840e-01
410 5.932480e-01 1.924000e-03 4.048280e-01
411 5.929960e-01 1.804000e-03 4.052000e-01
412 5.927760e-01 1.672000e-03 4.055520e-01
413 5.924760e-01 1.696000e-03 4.058280e-01
414 5.921720e-01 1.772000e-03 4.060560e-01
415 5.918640e-01 1.732000e-03 4.064040e-01
416 5.916120e-01 1.712000e-03 4.066760e-01
417 5.912880e-01 1.724000e-03 4.069880e-01
418 5.909680e-01 1.772000e-03 4.072600e-01
419 5.906960e-01 1.716000e-03 4.075880e-01
420 5.903800e-01 1.752000e-03 4.078680e-01
421 5.900400e-01 1.756000e-03 4.082040e-01
422 5.897800e-01 1.704000e-03 4.085160e-01
423 5.895480e-01 1.608000e-03 4.088440e-01
424 5.892440e-01 1.676000e-03 4.090800e-01
425 5.890080e-01 1.620000e-03 4.093720e-01
426 5.887760e-01 1.504000e-03 4.097200e-01
427 5.885320e-01 1.488000e-03 4.099800e-01
428 5.882440e-01 1.548000e-03 4.102080e-01
429 5.880040e-01 1.504000e-03 4.104920e-01
430 5.876960e-01 1.536000e-03 4.107680e-01
431 5.874520e-01 1.484000e-03 4.110640e-01
432 5.872120e-01 1.412000e-03 4.113760e-01
433 5.869360e-01 1.440000e-03 4.116240e-01
434 5.866400e-01 1.508000e-03 4.118520e-01
435 5.863720e-01 1.520000e-03 4.121080e-01
436 5.861360e-01 1.416000e-03 4.124480e-01
437 5.859160e-01 1.388000e-03 4.126960e-01
438 5.857320e-01 1.340000e-03 4.129280e-01
439 5.855200e-01 1.340000e-03 4.131400e-01
440 5.852880e-01 1.340000e-03 4.133720e-01
441 5.850760e-01 1.340000e-03 4.135840e-01
442 5.847960e-01 1.388000e-03 4.138160e-01
443 5.845360e-01 1.412000e-03 4.140520e-01
444 5.843400e-01 1.336000e-03 4.143240e-01
445 5.841000e-01 1.320000e-03 4.145800e-01
446 5.838360e-01 1.316000e-03 4.148480e-01
447 5.835920e-01 1.328000e-03 4.150800e-01
448 5.833400e-01 1.296000e-03 4.153640e-01
449 5.830840e-01 1.268000e-03 4.156480e-01
450 5.828480e-01 1.264000e-03 4.158880e-01
451 5.826400e-01 1.228000e-03 4.161320e-01
452 5.824400e-01 1.176000e-03 4.163840e-01
453 5.822040e-01 1.220000e-03 4.165760e-01
454 5.820080e-01 1.244000e-03 4.167480e-01
455 5.818840e-01 1.204000e-03 4.169120e-01
456 5.817320e-01 1.160000e-03 4.171080e-01
457 5.815800e-01 1.128000e-03 4.172920e-01
458 5.814480e-01 1.032000e-03 4.175200e-01
459 5.813400e-01 9.640000e-04 4.176960e-01
460 5.812600e-01 8.440000e-04 4.178960e-01
461 5.811440e-01 8.120000e-04 4.180440e-01
462 5.810080e-01 8.200000e-04 4.181720e-01
463 5.809360e-01 7.520000e-04 4.183120e-01
464 5.808280e-01 7.160000e-04 4.184560e-01
465 5.807400e-01 6.560000e-04 4.186040e-01
466 5.806320e-01 6.720000e-04 4.186960e-01
467 5.805040e-01 6.760000e-04 4.188200e-01
468 5.804000e-01 6.760000e-04 4.189240e-01
469 5.802760e-01 6.520000e-04 4.190720e-01
470 5.802120e-01 6.000000e-04 4.191880e-01
471 5.801480e-01 5.600000e-04 4.192920e-01
472 5.800600e-01 5.760000e-04 4.193640e-01
473 5.799560e-01 5.840000e-04 4.194600e-01
474 5.799080e-01 5.400000e-04 4.195520e-01
475 5.798480e-01 5.160000e-04 4.196360e-01
476 5.798200e-01 4.600000e-04 4.197200e-01
477 5.797320e-01 4.920000e-04 4.197760e-01
478 5.796600e-01 4.840000e-04 4.198560e-01
479 5.796000e-01 4.640000e-04 4.199360e-01
480 5.794920e-01 5.080000e-04 4.200000e-01
481 5.794040e-01 4.920000e-04 4.201040e-01
482 5.793400e-01 4.880000e-04 4.201720e-01
483 5.792520e-01 4.800000e-04 4.202680e-01
484 5.791880e-01 4.600000e-04 4.203520e-01
485 5.791200e-01 4.520000e-04 4.204280e-01
486 5.790480e-01 4.200000e-04 4.205320e-01
487 5.789800e-01 4.320000e-04 4.205880e-01
488 5.789080e-01 4.280000e-04 4.206640e-01
489 5.788520e-01 4.280000e-04 4.207200e-01
490 5.787440e-01 4.840000e-04 4.207720e-01
491 5.786640e-01 4.600000e-04 4.208760e-01
492 5.785640e-01 4.840000e-04 4.209520e-01
493 5.784840e-01 4.720000e-04 4.210440e-01
494 5.784400e-01 4.360000e-04 4.211240e-01
495 5.783920e-01 4.120000e-04 4.211960e-01
496 5.783520e-01 3.640000e-04 4.212840e-01
497 5.783080e-01 3.440000e-04 4.213480e-01
498 5.782360e-01 3.360000e-04 4.214280e-01
499 5.781680e-01 3.400000e-04 4.214920e-01
500 5.781280e-01 3.440000e-04 4.215280e-01
