1 9.991640e-01 7.320000e-04 1.040000e-04
2 9.985680e-01 1.108000e-03 3.240000e-04
3 9.979040e-01 1.504000e-03 5.920000e-04
4 9.970720e-01 2.044000e-03 8.840000e-04
5 9.961800e-01 2.532000e-03 1.288000e-03
6 9.951120e-01 3.192000e-03 1.696000e-03
7 9.941160e-01 3.580000e-03 2.304000e-03
8 9.929480e-01 4.076000e-03 2.976000e-03
9 9.918600e-01 4.340000e-03 3.800000e-03
10 9.907360e-01 4.728000e-03 4.536000e-03
11 9.896560e-01 4.948000e-03 5.396000e-03
12 9.884760e-01 5.216000e-03 6.308000e-03
13 9.872880e-01 5.448000e-03 7.264000e-03
14 9.858200e-01 5.928000e-03 8.252000e-03
15 9.845640e-01 6.160000e-03 9.276000e-03
16 9.833120e-01 6.380000e-03 1.030800e-02
17 9.819360e-01 6.524000e-03 1.154000e-02
18 9.806120e-01 6.704000e-03 1.268400e-02
19 9.791640e-01 6.968000e-03 1.386800e-02
20 9.777800e-01 7.068000e-03 1.515200e-02
21 9.763720e-01 7.228000e-03 1.640000e-02
22 9.748920e-01 7.580000e-03 1.752800e-02
23 9.734680e-01 7.656000e-03 1.887600e-02
24 9.720080e-01 7.824000e-03 2.016800e-02
25 9.705920e-01 7.936000e-03 2.147200e-02
26 9.690920e-01 8.084000e-03 2.282400e-02
27 9.675280e-01 8.352000e-03 2.412000e-02
28 9.659320e-01 8.488000e-03 2.558000e-02
29 9.642520e-01 8.628000e-03 2.712000e-02
30 9.626000e-01 8.832000e-03 2.856800e-02
31 9.609600e-01 8.916000e-03 3.012400e-02
32 9.593040e-01 9.008000e-03 3.168800e-02
33 9.575040e-01 9.400000e-03 3.309600e-02
34 9.557360e-01 9.608000e-03 3.465600e-02
35 9.539000e-01 9.704000e-03 3.639600e-02
36 9.520520e-01 9.760000e-03 3.818800e-02
37 9.503160e-01 9.708000e-03 3.997600e-02
38 9.484880e-01 9.928000e-03 4.158400e-02
39 9.465800e-01 1.017600e-02 4.324400e-02
40 9.446360e-01 1.025600e-02 4.510800e-02
41 9.427600e-01 1.024800e-02 4.699200e-02
42 9.409880e-01 1.010800e-02 4.890400e-02
43 9.391080e-01 1.010400e-02 5.078800e-02
44 9.373160e-01 1.014800e-02 5.253600e-02
45 9.355000e-01 1.021200e-02 5.428800e-02
46 9.337920e-01 1.000000e-02 5.620800e-02
47 9.321400e-01 9.968000e-03 5.789200e-02
48 9.305360e-01 9.956000e-03 5.950800e-02
49 9.287320e-01 1.009200e-02 6.117600e-02
50 9.268120e-01 1.020000e-02 6.298800e-02
51 9.249160e-01 1.042000e-02 6.466400e-02
52 9.230440e-01 1.043600e-02 6.652000e-02
53 9.212400e-01 1.036000e-02 6.840000e-02
54 9.193240e-01 1.053600e-02 7.014000e-02
55 9.174160e-01 1.067600e-02 7.190800e-02
56 9.155440e-01 1.060400e-02 7.385200e-02
57 9.137600e-01 1.044400e-02 7.579600e-02
58 9.119880e-01 1.024400e-02 7.776800e-02
59 9.103000e-01 1.015200e-02 7.954800e-02
60 9.084800e-01 1.016800e-02 8.135200e-02
61 9.065440e-01 1.034000e-02 8.311600e-02
62 9.045720e-01 1.049200e-02 8.493600e-02
63 9.027120e-01 1.054000e-02 8.674800e-02
64 9.008360e-01 1.060000e-02 8.856400e-02
65 8.987040e-01 1.092400e-02 9.037200e-02
66 8.967400e-01 1.090800e-02 9.235200e-02
67 8.948280e-01 1.105600e-02 9.411600e-02
68 8.929680e-01 1.098800e-02 9.604400e-02
69 8.911920e-01 1.085600e-02 9.795200e-02
70 8.893680e-01 1.071600e-02 9.991600e-02
71 8.877280e-01 1.061200e-02 1.016600e-01
72 8.857560e-01 1.067200e-02 1.035720e-01
73 8.840560e-01 1.056400e-02 1.053800e-01
74 8.822400e-01 1.052400e-02 1.072360e-01
75 8.805200e-01 1.050400e-02 1.089760e-01
76 8.787120e-01 1.051200e-02 1.107760e-01
77 8.769120e-01 1.051200e-02 1.125760e-01
78 8.751880e-01 1.052000e-02 1.142920e-01
79 8.736320e-01 1.019600e-02 1.161720e-01
80 8.720160e-01 1.004400e-02 1.179400e-01
81 8.701600e-01 1.011200e-02 1.197280e-01
82 8.684960e-01 9.936000e-03 1.215680e-01
83 8.667720e-01 1.001200e-02 1.232160e-01
84 8.650080e-01 1.002000e-02 1.249720e-01
85 8.633280e-01 9.784000e-03 1.268880e-01
86 8.614920e-01 9.768000e-03 1.287400e-01
87 8.599240e-01 9.576000e-03 1.305000e-01
88 8.581040e-01 9.648000e-03 1.322480e-01
89 8.564000e-01 9.676000e-03 1.339240e-01
90 8.547240e-01 9.732000e-03 1.355440e-01
91 8.532120e-01 9.448000e-03 1.373400e-01
92 8.516280e-01 9.412000e-03 1.389600e-01
93 8.500440e-01 9.300000e-03 1.406560e-01
94 8.486280e-01 9.140000e-03 1.422320e-01
95 8.470080e-01 9.196000e-03 1.437960e-01
96 8.454160e-01 9.240000e-03 1.453440e-01
97 8.438240e-01 9.072000e-03 1.471040e-01
98 8.422720e-01 9.116000e-03 1.486120e-01
99 8.408760e-01 9.004000e-03 1.501200e-01
100 8.392920e-01 9.048000e-03 1.516600e-01
101 8.376920e-01 8.992000e-03 1.533160e-01
102 8.360040e-01 8.960000e-03 1.550360e-01
103 8.344760e-01 8.976000e-03 1.565480e-01
104 8.329560e-01 8.864000e-03 1.581800e-01
105 8.315400e-01 8.896000e-03 1.595640e-01
106 8.301560e-01 8.656000e-03 1.611880e-01
107 8.285880e-01 8.696000e-03 1.627160e-01
108 8.270600e-01 8.668000e-03 1.642720e-01
109 8.254480e-01 8.820000e-03 1.657320e-01
110 8.238840e-01 8.892000e-03 1.672240e-01
111 8.223360e-01 8.864000e-03 1.688000e-01
112 8.208000e-01 8.788000e-03 1.704120e-01
113 8.195040e-01 8.548000e-03 1.719480e-01
114 8.181160e-01 8.484000e-03 1.734000e-01
115 8.167320e-01 8.428000e-03 1.748400e-01
116 8.154160e-01 8.364000e-03 1.762200e-01
117 8.140920e-01 8.184000e-03 1.777240e-01
118 8.128200e-01 7.984000e-03 1.791960e-01
119 8.115400e-01 7.884000e-03 1.805760e-01
120 8.101280e-01 7.868000e-03 1.820040e-01
121 8.088400e-01 7.840000e-03 1.833200e-01
122 8.074480e-01 7.792000e-03 1.847600e-01
123 8.060920e-01 7.884000e-03 1.860240e-01
124 8.048160e-01 7.760000e-03 1.874240e-01
125 8.035520e-01 7.572000e-03 1.888760e-01
126 8.022640e-01 7.372000e-03 1.903640e-01
127 8.010400e-01 7.428000e-03 1.915320e-01
128 7.997320e-01 7.368000e-03 1.929000e-01
129 7.985120e-01 7.276000e-03 1.942120e-01
130 7.972480e-01 7.296000e-03 1.954560e-01
131 7.960960e-01 7.240000e-03 1.966640e-01
132 7.948840e-01 7.208000e-03 1.979080e-01
133 7.937360e-01 7.132000e-03 1.991320e-01
134 7.923960e-01 7.260000e-03 2.003440e-01
135 7.912000e-01 7.308000e-03 2.014920e-01
136 7.900160e-01 7.388000e-03 2.025960e-01
137 7.886440e-01 7.476000e-03 2.038800e-01
138 7.874320e-01 7.428000e-03 2.051400e-01
139 7.861600e-01 7.276000e-03 2.065640e-01
140 7.848800e-01 7.316000e-03 2.078040e-01
141 7.837560e-01 7.180000e-03 2.090640e-01
142 7.827520e-01 6.868000e-03 2.103800e-01
143 7.816120e-01 6.852000e-03 2.115360e-01
144 7.804680e-01 6.824000e-03 2.127080e-01
145 7.793840e-01 6.772000e-03 2.138440e-01
146 7.782320e-01 6.764000e-03 2.150040e-01
147 7.769960e-01 6.860000e-03 2.161440e-01
148 7.759600e-01 6.764000e-03 2.172760e-01
149 7.748120e-01 6.816000e-03 2.183720e-01
150 7.735200e-01 6.856000e-03 2.196240e-01
151 7.723000e-01 6.772000e-03 2.209280e-01
152 7.710160e-01 6.860000e-03 2.221240e-01
153 7.699080e-01 6.812000e-03 2.232800e-01
154 7.685160e-01 7.044000e-03 2.244400e-01
155 7.672560e-01 7.072000e-03 2.256720e-01
156 7.660520e-01 7.172000e-03 2.267760e-01
157 7.647200e-01 7.292000e-03 2.279880e-01
158 7.634440e-01 7.244000e-03 2.293120e-01
159 7.623280e-01 7.152000e-03 2.305200e-01
160 7.610960e-01 7.184000e-03 2.317200e-01
161 7.598560e-01 7.292000e-03 2.328520e-01
162 7.585960e-01 7.344000e-03 2.340600e-01
163 7.575080e-01 7.240000e-03 2.352520e-01
164 7.562560e-01 7.152000e-03 2.365920e-01
165 7.550560e-01 7.104000e-03 2.378400e-01
166 7.539440e-01 7.096000e-03 2.389600e-01
167 7.527040e-01 7.160000e-03 2.401360e-01
168 7.514440e-01 7.176000e-03 2.413800e-01
169 7.501200e-01 7.240000e-03 2.426400e-01
170 7.488280e-01 7.380000e-03 2.437920e-01
171 7.476120e-01 7.336000e-03 2.450520e-01
172 7.464400e-01 7.124000e-03 2.464360e-01
173 7.451600e-01 7.096000e-03 2.477440e-01
174 7.440080e-01 7.156000e-03 2.488360e-01
175 7.426480e-01 7.208000e-03 2.501440e-01
176 7.415800e-01 7.060000e-03 2.513600e-01
177 7.404840e-01 6.960000e-03 2.525560e-01
178 7.393560e-01 6.892000e-03 2.537520e-01
179 7.382520e-01 6.748000e-03 2.550000e-01
180 7.372760e-01 6.592000e-03 2.561320e-01
181 7.362080e-01 6.468000e-03 2.573240e-01
182 7.351800e-01 6.344000e-03 2.584760e-01
183 7.340920e-01 6.268000e-03 2.596400e-01
184 7.331000e-01 6.212000e-03 2.606880e-01
185 7.321520e-01 6.144000e-03 2.617040e-01
186 7.312040e-01 5.948000e-03 2.628480e-01
187 7.302240e-01 5.964000e-03 2.638120e-01
188 7.294000e-01 5.736000e-03 2.648640e-01
189 7.284560e-01 5.644000e-03 2.659000e-01
190 7.274760e-01 5.564000e-03 2.669600e-01
191 7.265560e-01 5.568000e-03 2.678760e-01
192 7.255920e-01 5.568000e-03 2.688400e-01
193 7.246560e-01 5.504000e-03 2.698400e-01
194 7.237680e-01 5.400000e-03 2.708320e-01
195 7.229360e-01 5.320000e-03 2.717440e-01
196 7.220280e-01 5.220000e-03 2.727520e-01
197 7.211880e-01 5.212000e-03 2.736000e-01
198 7.203040e-01 5.192000e-03 2.745040e-01
199 7.194320e-01 5.048000e-03 2.755200e-01
200 7.184440e-01 5.204000e-03 2.763520e-01
201 7.175440e-01 5.144000e-03 2.773120e-01
202 7.168000e-01 5.104000e-03 2.780960e-01
203 7.159680e-01 5.016000e-03 2.790160e-01
204 7.151920e-01 4.896000e-03 2.799120e-01
205 7.142000e-01 5.024000e-03 2.807760e-01
206 7.132360e-01 5.144000e-03 2.816200e-01
207 7.124080e-01 5.152000e-03 2.824400e-01
208 7.115720e-01 5.168000e-03 2.832600e-01
209 7.106920e-01 5.176000e-03 2.841320e-01
210 7.099280e-01 5.080000e-03 2.849920e-01
211 7.091240e-01 4.948000e-03 2.859280e-01
212 7.083800e-01 4.876000e-03 2.867440e-01
213 7.074680e-01 4.992000e-03 2.875400e-01
214 7.065640e-01 4.952000e-03 2.884840e-01
215 7.057760e-01 4.864000e-03 2.893600e-01
216 7.049080e-01 4.860000e-03 2.902320e-01
217 7.041880e-01 4.752000e-03 2.910600e-01
218 7.033680e-01 4.756000e-03 2.918760e-01
219 7.024320e-01 4.880000e-03 2.926880e-01
220 7.017000e-01 4.764000e-03 2.935360e-01
221 7.009640e-01 4.652000e-03 2.943840e-01
222 7.004080e-01 4.384000e-03 2.952080e-01
223 6.997640e-01 4.244000e-03 2.959920e-01
224 6.991400e-01 4.124000e-03 2.967360e-01
225 6.983320e-01 4.180000e-03 2.974880e-01
226 6.976880e-01 4.164000e-03 2.981480e-01
227 6.970560e-01 4.128000e-03 2.988160e-01
228 6.963680e-01 4.048000e-03 2.995840e-01
229 6.956240e-01 4.008000e-03 3.003680e-01
230 6.947640e-01 4.188000e-03 3.010480e-01
231 6.940640e-01 4.124000e-03 3.018120e-01
232 6.933240e-01 4.072000e-03 3.026040e-01
233 6.925760e-01 4.164000e-03 3.032600e-01
234 6.918880e-01 4.028000e-03 3.040840e-01
235 6.912480e-01 3.996000e-03 3.047560e-01
236 6.906320e-01 3.860000e-03 3.055080e-01
237 6.900040e-01 3.844000e-03 3.061520e-01
238 6.894800e-01 3.680000e-03 3.068400e-01
239 6.889080e-01 3.608000e-03 3.074840e-01
240 6.884000e-01 3.536000e-03 3.080640e-01
241 6.878240e-01 3.552000e-03 3.086240e-01
242 6.872640e-01 3.524000e-03 3.092120e-01
243 6.866800e-01 3.448000e-03 3.098720e-01
244 6.860720e-01 3.488000e-03 3.104400e-01
245 6.854440e-01 3.472000e-03 3.110840e-01
246 6.847720e-01 3.496000e-03 3.117320e-01
247 6.841440e-01 3.524000e-03 3.123320e-01
248 6.835560e-01 3.444000e-03 3.130000e-01
249 6.829800e-01 3.392000e-03 3.136280e-01
250 6.825080e-01 3.288000e-03 3.142040e-01
251 6.819200e-01 3.384000e-03 3.146960e-01
252 6.813400e-01 3.440000e-03 3.152200e-01
253 6.808120e-01 3.396000e-03 3.157920e-01
254 6.801520e-01 3.516000e-03 3.163320e-01
255 6.794840e-01 3.504000e-03 3.170120e-01
256 6.788200e-01 3.508000e-03 3.176720e-01
257 6.780880e-01 3.624000e-03 3.182880e-01
258 6.774960e-01 3.564000e-03 3.189400e-01
259 6.769600e-01 3.444000e-03 3.195960e-01
260 6.763920e-01 3.364000e-03 3.202440e-01
261 6.757640e-01 3.432000e-03 3.208040e-01
262 6.752120e-01 3.360000e-03 3.214280e-01
263 6.746440e-01 3.388000e-03 3.219680e-01
264 6.740200e-01 3.452000e-03 3.225280e-01
265 6.734960e-01 3.360000e-03 3.231440e-01
266 6.728680e-01 3.432000e-03 3.237000e-01
267 6.721840e-01 3.496000e-03 3.243200e-01
268 6.715840e-01 3.500000e-03 3.249160e-01
269 6.710680e-01 3.348000e-03 3.255840e-01
270 6.705480e-01 3.224000e-03 3.262280e-01
271 6.699880e-01 3.196000e-03 3.268160e-01
272 6.694480e-01 3.124000e-03 3.274280e-01
273 6.689480e-01 3.040000e-03 3.280120e-01
274 6.683960e-01 3.020000e-03 3.285840e-01
275 6.678120e-01 3.148000e-03 3.290400e-01
276 6.673960e-01 3.032000e-03 3.295720e-01
277 6.669040e-01 3.008000e-03 3.300880e-01
278 6.663800e-01 2.992000e-03 3.306280e-01
279 6.658480e-01 3.060000e-03 3.310920e-01
280 6.653840e-01 2.976000e-03 3.316400e-01
281 6.648640e-01 2.952000e-03 3.321840e-01
282 6.642920e-01 2.984000e-03 3.327240e-01
283 6.637200e-01 3.000000e-03 3.332800e-01
284 6.632760e-01 2.912000e-03 3.338120e-01
285 6.628280e-01 2.768000e-03 3.344040e-01
286 6.622920e-01 2.816000e-03 3.348920e-01
287 6.618320e-01 2.808000e-03 3.353600e-01
288 6.613880e-01 2.728000e-03 3.358840e-01
289 6.609560e-01 2.652000e-03 3.363920e-01
290 6.604920e-01 2.712000e-03 3.367960e-01
291 6.599800e-01 2.764000e-03 3.372560e-01
292 6.595520e-01 2.712000e-03 3.377360e-01
293 6.591120e-01 2.696000e-03 3.381920e-01
294 6.586760e-01 2.608000e-03 3.387160e-01
295 6.582320e-01 2.548000e-03 3.392200e-01
296 6.578280e-01 2.452000e-03 3.397200e-01
297 6.573760e-01 2.504000e-03 3.401200e-01
298 6.569720e-01 2.452000e-03 3.405760e-01
299 6.565000e-01 2.492000e-03 3.410080e-01
300 6.560560e-01 2.432000e-03 3.415120e-01
301 6.556320e-01 2.396000e-03 3.419720e-01
302 6.552360e-01 2.368000e-03 3.423960e-01
303 6.548160e-01 2.408000e-03 3.427760e-01
304 6.544000e-01 2.432000e-03 3.431680e-01
305 6.540080e-01 2.364000e-03 3.436280e-01
306 6.536480e-01 2.256000e-03 3.440960e-01
307 6.532680e-01 2.284000e-03 3.444480e-01
308 6.529440e-01 2.248000e-03 3.448080e-01
309 6.525720e-01 2.300000e-03 3.451280e-01
310 6.522080e-01 2.304000e-03 3.454880e-01
311 6.518280e-01 2.308000e-03 3.458640e-01
312 6.515440e-01 2.228000e-03 3.462280e-01
313 6.512560e-01 2.092000e-03 3.466520e-01
314 6.509440e-01 2.040000e-03 3.470160e-01
315 6.505080e-01 2.172000e-03 3.473200e-01
316 6.501480e-01 2.172000e-03 3.476800e-01
317 6.497480e-01 2.216000e-03 3.480360e-01
318 6.494680e-01 2.156000e-03 3.483760e-01
319 6.491240e-01 2.096000e-03 3.487800e-01
320 6.487600e-01 2.116000e-03 3.491240e-01
321 6.483800e-01 2.144000e-03 3.494760e-01
322 6.479720e-01 2.092000e-03 3.499360e-01
323 6.476880e-01 2.044000e-03 3.502680e-01
324 6.474160e-01 2.016000e-03 3.505680e-01
325 6.470520e-01 2.060000e-03 3.508880e-01
326 6.467400e-01 2.016000e-03 3.512440e-01
327 6.464000e-01 1.988000e-03 3.516120e-01
328 6.460560e-01 1.976000e-03 3.519680e-01
329 6.457520e-01 1.940000e-03 3.523080e-01
330 6.454720e-01 1.916000e-03 3.526120e-01
331 6.451760e-01 1.888000e-03 3.529360e-01
332 6.449200e-01 1.780000e-03 3.533000e-01
333 6.446280e-01 1.816000e-03 3.535560e-01
334 6.442880e-01 1.820000e-03 3.538920e-01
335 6.439520e-01 1.836000e-03 3.542120e-01
336 6.436640e-01 1.836000e-03 3.545000e-01
337 6.434280e-01 1.752000e-03 3.548200e-01
338 6.431360e-01 1.748000e-03 3.551160e-01
339 6.428520e-01 1.692000e-03 3.554560e-01
340 6.425520e-01 1.712000e-03 3.557360e-01
341 6.423480e-01 1.588000e-03 3.560640e-01
342 6.421040e-01 1.544000e-03 3.563520e-01
343 6.418800e-01 1.484000e-03 3.566360e-01
344 6.416080e-01 1.496000e-03 3.568960e-01
345 6.413160e-01 1.552000e-03 3.571320e-01
346 6.410920e-01 1.528000e-03 3.573800e-01
347 6.408880e-01 1.452000e-03 3.576600e-01
348 6.407160e-01 1.412000e-03 3.578720e-01
349 6.405560e-01 1.324000e-03 3.581200e-01
350 6.404080e-01 1.244000e-03 3.583480e-01
351 6.402120e-01 1.204000e-03 3.585840e-01
352 6.400320e-01 1.160000e-03 3.588080e-01
353 6.398880e-01 1.096000e-03 3.590160e-01
354 6.397000e-01 1.100000e-03 3.592000e-01
355 6.395520e-01 1.048000e-03 3.594000e-01
356 6.393760e-01 1.104000e-03 3.595200e-01
357 6.392000e-01 1.080000e-03 3.597200e-01
358 6.390720e-01 1.020000e-03 3.599080e-01
359 6.388800e-01 1.024000e-03 3.600960e-01
360 6.387120e-01 1.008000e-03 3.602800e-01
361 6.385600e-01 9.720000e-04 3.604680e-01
362 6.384120e-01 9.520000e-04 3.606360e-01
363 6.381960e-01 1.004000e-03 3.608000e-01
364 6.380200e-01 1.012000e-03 3.609680e-01
365 6.378600e-01 9.680000e-04 3.611720e-01
366 6.377120e-01 9.280000e-04 3.613600e-01
367 6.375480e-01 9.480000e-04 3.615040e-01
368 6.374080e-01 8.840000e-04 3.617080e-01
369 6.372680e-01 8.520000e-04 3.618800e-01
370 6.371000e-01 8.840000e-04 3.620160e-01
371 6.369280e-01 9.360000e-04 3.621360e-01
372 6.367440e-01 9.400000e-04 3.623160e-01
373 6.365880e-01 9.640000e-04 3.624480e-01
374 6.364120e-01 9.880000e-04 3.626000e-01
375 6.362480e-01 9.720000e-04 3.627800e-01
376 6.361040e-01 9.320000e-04 3.629640e-01
377 6.359480e-01 9.120000e-04 3.631400e-01
378 6.357960e-01 8.960000e-04 3.633080e-01
379 6.356840e-01 8.640000e-04 3.634520e-01
380 6.355960e-01 7.960000e-04 3.636080e-01
381 6.354800e-01 7.960000e-04 3.637240e-01
382 6.353680e-01 7.960000e-04 3.638360e-01
383 6.352440e-01 7.560000e-04 3.640000e-01
384 6.351480e-01 6.960000e-04 3.641560e-01
385 6.350480e-01 6.920000e-04 3.642600e-01
386 6.349640e-01 6.440000e-04 3.643920e-01
387 6.348760e-01 6.600000e-04 3.644640e-01
388 6.347800e-01 6.440000e-04 3.645760e-01
389 6.346760e-01 6.280000e-04 3.646960e-01
390 6.346040e-01 5.840000e-04 3.648120e-01
391 6.345280e-01 5.200000e-04 3.649520e-01
392 6.344560e-01 5.120000e-04 3.650320e-01
393 6.343520e-01 5.360000e-04 3.651120e-01
394 6.342560e-01 5.240000e-04 3.652200e-01
395 6.341160e-01 5.520000e-04 3.653320e-01
396 6.340200e-01 5.280000e-04 3.654520e-01
397 6.339280e-01 5.120000e-04 3.655600e-01
398 6.338560e-01 5.040000e-04 3.656400e-01
399 6.337760e-01 5.120000e-04 3.657120e-01
400 6.336680e-01 5.520000e-04 3.657800e-01
401 6.336240e-01 5.040000e-04 3.658720e-01
402 6.335240e-01 5.000000e-04 3.659760e-01
403 6.334160e-01 5.360000e-04 3.660480e-01
404 6.333240e-01 5.240000e-04 3.661520e-01
405 6.332240e-01 5.480000e-04 3.662280e-01
406 6.331280e-01 5.440000e-04 3.663280e-01
407 6.330080e-01 5.600000e-04 3.664320e-01
408 6.328760e-01 6.320000e-04 3.664920e-01
409 6.328080e-01 5.760000e-04 3.666160e-01
410 6.327240e-01 5.800000e-04 3.666960e-01
411 6.326640e-01 5.040000e-04 3.668320e-01
412 6.325720e-01 4.880000e-04 3.669400e-01
413 6.325040e-01 4.640000e-04 3.670320e-01
414 6.324240e-01 4.480000e-04 3.671280e-01
415 6.323320e-01 4.600000e-04 3.672080e-01
416 6.322320e-01 4.800000e-04 3.672880e-01
417 6.321760e-01 4.440000e-04 3.673800e-01
418 6.320560e-01 5.040000e-04 3.674400e-01
419 6.319680e-01 5.160000e-04 3.675160e-01
420 6.319120e-01 4.880000e-04 3.676000e-01
421 6.318320e-01 5.040000e-04 3.676640e-01
422 6.317480e-01 5.240000e-04 3.677280e-01
423 6.316760e-01 5.080000e-04 3.678160e-01
424 6.315840e-01 5.200000e-04 3.678960e-01
425 6.315040e-01 5.280000e-04 3.679680e-01
426 6.314040e-01 5.520000e-04 3.680440e-01
427 6.313360e-01 5.560000e-04 3.681080e-01
428 6.312560e-01 5.240000e-04 3.682200e-01
429 6.311760e-01 4.680000e-04 3.683560e-01
430 6.310840e-01 4.960000e-04 3.684200e-01
431 6.309720e-01 5.280000e-04 3.685000e-01
432 6.308840e-01 5.040000e-04 3.686120e-01
433 6.307560e-01 5.600000e-04 3.686840e-01
434 6.306560e-01 5.600000e-04 3.687840e-01
435 6.305320e-01 5.880000e-04 3.688800e-01
436 6.304280e-01 5.680000e-04 3.690040e-01
437 6.303440e-01 5.240000e-04 3.691320e-01
438 6.302560e-01 5.240000e-04 3.692200e-01
439 6.301840e-01 5.280000e-04 3.692880e-01
440 6.301240e-01 5.160000e-04 3.693600e-01
441 6.300040e-01 5.240000e-04 3.694720e-01
442 6.299120e-01 5.120000e-04 3.695760e-01
443 6.298440e-01 4.720000e-04 3.696840e-01
444 6.297640e-01 4.600000e-04 3.697760e-01
445 6.297040e-01 4.320000e-04 3.698640e-01
446 6.296240e-01 4.320000e-04 3.699440e-01
447 6.295800e-01 3.960000e-04 3.700240e-01
448 6.294840e-01 4.360000e-04 3.700800e-01
449 6.294160e-01 4.360000e-04 3.701480e-01
450 6.293360e-01 4.400000e-04 3.702240e-01
451 6.292800e-01 4.040000e-04 3.703160e-01
452 6.292280e-01 3.880000e-04 3.703840e-01
453 6.291560e-01 4.120000e-04 3.704320e-01
454 6.290880e-01 3.760000e-04 3.705360e-01
455 6.290440e-01 3.480000e-04 3.706080e-01
456 6.289960e-01 3.080000e-04 3.706960e-01
457 6.289560e-01 2.920000e-04 3.707520e-01
458 6.289480e-01 2.480000e-04 3.708040e-01
459 6.289120e-01 2.320000e-04 3.708560e-01
460 6.288840e-01 2.080000e-04 3.709080e-01
461 6.288480e-01 2.080000e-04 3.709440e-01
462 6.287840e-01 2.280000e-04 3.709880e-01
463 6.287040e-01 2.640000e-04 3.710320e-01
464 6.286480e-01 2.720000e-04 3.710800e-01
465 6.286120e-01 2.480000e-04 3.711400e-01
466 6.285640e-01 2.720000e-04 3.711640e-01
467 6.285040e-01 2.760000e-04 3.712200e-01
468 6.284680e-01 2.480000e-04 3.712840e-01
469 6.283920e-01 2.800000e-04 3.713280e-01
470 6.283680e-01 2.520000e-04 3.713800e-01
471 6.283160e-01 2.600000e-04 3.714240e-01
472 6.282720e-01 2.640000e-04 3.714640e-01
473 6.282160e-01 2.760000e-04 3.715080e-01
474 6.281760e-01 2.720000e-04 3.715520e-01
475 6.281160e-01 2.960000e-04 3.715880e-01
476 6.280520e-01 3.120000e-04 3.716360e-01
477 6.279960e-01 2.920000e-04 3.717120e-01
478 6.279480e-01 2.920000e-04 3.717600e-01
479 6.279000e-01 2.880000e-04 3.718120e-01
480 6.278520e-01 3.000000e-04 3.718480e-01
481 6.278040e-01 2.840000e-04 3.719120e-01
482 6.277600e-01 2.840000e-04 3.719560e-01
483 6.277120e-01 2.960000e-04 3.719920e-01
484 6.276680e-01 2.840000e-04 3.720480e-01
485 6.276160e-01 2.720000e-04 3.721120e-01
486 6.275880e-01 2.560000e-04 3.721560e-01
487 6.275440e-01 2.600000e-04 3.721960e-01
488 6.275080e-01 2.240000e-04 3.722680e-01
489 6.274560e-01 2.080000e-04 3.723360e-01
490 6.274200e-01 2.000000e-04 3.723800e-01
491 6.273760e-01 2.040000e-04 3.724200e-01
492 6.273240e-01 2.200000e-04 3.724560e-01
493 6.272680e-01 2.280000e-04 3.725040e-01
494 6.272240e-01 2.320000e-04 3.725440e-01
495 6.271760e-01 2.440000e-04 3.725800e-01
496 6.271360e-01 2.400000e-04 3.726240e-01
497 6.270800e-01 2.560000e-04 3.726640e-01
498 6.270520e-01 2.400000e-04 3.727080e-01
499 6.270200e-01 2.080000e-04 3.727720e-01
500 6.270000e-01 1.880000e-04 3.728120e-01
