1 9.992080e-01 7.160000e-04 7.600000e-05
2 9.987280e-01 1.032000e-03 2.400000e-04
3 9.981200e-01 1.440000e-03 4.400000e-04
4 9.974280e-01 1.816000e-03 7.560000e-04
5 9.966440e-01 2.248000e-03 1.108000e-03
6 9.956840e-01 2.792000e-03 1.524000e-03
7 9.946960e-01 3.244000e-03 2.060000e-03
8 9.935680e-01 3.792000e-03 2.640000e-03
9 9.923360e-01 4.320000e-03 3.344000e-03
10 9.912560e-01 4.660000e-03 4.084000e-03
11 9.901040e-01 4.960000e-03 4.936000e-03
12 9.890840e-01 5.072000e-03 5.844000e-03
13 9.880120e-01 5.252000e-03 6.736000e-03
14 9.868120e-01 5.576000e-03 7.612000e-03
15 9.855720e-01 5.712000e-03 8.716000e-03
16 9.844000e-01 5.932000e-03 9.668000e-03
17 9.830800e-01 6.288000e-03 1.063200e-02
18 9.816960e-01 6.592000e-03 1.171200e-02
19 9.802720e-01 6.788000e-03 1.294000e-02
20 9.787800e-01 7.080000e-03 1.414000e-02
21 9.773160e-01 7.248000e-03 1.543600e-02
22 9.758680e-01 7.492000e-03 1.664000e-02
23 9.744640e-01 7.544000e-03 1.799200e-02
24 9.729040e-01 7.828000e-03 1.926800e-02
25 9.714120e-01 7.852000e-03 2.073600e-02
26 9.698240e-01 8.080000e-03 2.209600e-02
27 9.683000e-01 8.252000e-03 2.344800e-02
28 9.666280e-01 8.448000e-03 2.492400e-02
29 9.650280e-01 8.488000e-03 2.648400e-02
30 9.633360e-01 8.668000e-03 2.799600e-02
31 9.615320e-01 8.948000e-03 2.952000e-02
32 9.597560e-01 9.100000e-03 3.114400e-02
33 9.581000e-01 9.136000e-03 3.276400e-02
34 9.563120e-01 9.364000e-03 3.432400e-02
35 9.546440e-01 9.384000e-03 3.597200e-02
36 9.531120e-01 9.212000e-03 3.767600e-02
37 9.513240e-01 9.260000e-03 3.941600e-02
38 9.498360e-01 9.152000e-03 4.101200e-02
39 9.483280e-01 9.088000e-03 4.258400e-02
40 9.467440e-01 8.924000e-03 4.433200e-02
41 9.452080e-01 8.888000e-03 4.590400e-02
42 9.436040e-01 8.960000e-03 4.743600e-02
43 9.420320e-01 9.056000e-03 4.891200e-02
44 9.404080e-01 9.120000e-03 5.047200e-02
45 9.388080e-01 9.024000e-03 5.216800e-02
46 9.370960e-01 9.004000e-03 5.390000e-02
47 9.354240e-01 9.056000e-03 5.552000e-02
48 9.337480e-01 9.172000e-03 5.708000e-02
49 9.321480e-01 9.208000e-03 5.864400e-02
50 9.304120e-01 9.400000e-03 6.018800e-02
51 9.286840e-01 9.484000e-03 6.183200e-02
52 9.267040e-01 9.720000e-03 6.357600e-02
53 9.248760e-01 9.864000e-03 6.526000e-02
54 9.230440e-01 9.880000e-03 6.707600e-02
55 9.215760e-01 9.652000e-03 6.877200e-02
56 9.199440e-01 9.576000e-03 7.048000e-02
57 9.182600e-01 9.524000e-03 7.221600e-02
58 9.165920e-01 9.444000e-03 7.396400e-02
59 9.149280e-01 9.544000e-03 7.552800e-02
60 9.131240e-01 9.708000e-03 7.716800e-02
61 9.113720e-01 9.916000e-03 7.871200e-02
62 9.094360e-01 1.012400e-02 8.044000e-02
63 9.075760e-01 1.024000e-02 8.218400e-02
64 9.057120e-01 1.027200e-02 8.401600e-02
65 9.039400e-01 1.026800e-02 8.579200e-02
66 9.021280e-01 1.040000e-02 8.747200e-02
67 9.003520e-01 1.040400e-02 8.924400e-02
68 8.985520e-01 1.033600e-02 9.111200e-02
69 8.969240e-01 1.010800e-02 9.296800e-02
70 8.953720e-01 9.876000e-03 9.475200e-02
71 8.938560e-01 9.672000e-03 9.647200e-02
72 8.923480e-01 9.532000e-03 9.812000e-02
73 8.907720e-01 9.492000e-03 9.973600e-02
74 8.893800e-01 9.220000e-03 1.014000e-01
75 8.880240e-01 8.856000e-03 1.031200e-01
76 8.866520e-01 8.748000e-03 1.046000e-01
77 8.852720e-01 8.616000e-03 1.061120e-01
78 8.838280e-01 8.552000e-03 1.076200e-01
79 8.822040e-01 8.692000e-03 1.091040e-01
80 8.806400e-01 8.712000e-03 1.106480e-01
81 8.791080e-01 8.752000e-03 1.121400e-01
82 8.775000e-01 8.820000e-03 1.136800e-01
83 8.759120e-01 8.808000e-03 1.152800e-01
84 8.742720e-01 8.920000e-03 1.168080e-01
85 8.726720e-01 8.864000e-03 1.184640e-01
86 8.712520e-01 8.696000e-03 1.200520e-01
87 8.699640e-01 8.504000e-03 1.215320e-01
88 8.685800e-01 8.488000e-03 1.229320e-01
89 8.672880e-01 8.356000e-03 1.243560e-01
90 8.658840e-01 8.300000e-03 1.258160e-01
91 8.644840e-01 8.288000e-03 1.272280e-01
92 8.630480e-01 8.360000e-03 1.285920e-01
93 8.614440e-01 8.520000e-03 1.300360e-01
94 8.599400e-01 8.504000e-03 1.315560e-01
95 8.583040e-01 8.640000e-03 1.330560e-01
96 8.567560e-01 8.596000e-03 1.346480e-01
97 8.552280e-01 8.736000e-03 1.360360e-01
98 8.537040e-01 8.800000e-03 1.374960e-01
99 8.522320e-01 8.688000e-03 1.390800e-01
100 8.507080e-01 8.648000e-03 1.406440e-01
101 8.491720e-01 8.684000e-03 1.421440e-01
102 8.477720e-01 8.488000e-03 1.437400e-01
103 8.462720e-01 8.456000e-03 1.452720e-01
104 8.448960e-01 8.428000e-03 1.466760e-01
105 8.432760e-01 8.648000e-03 1.480760e-01
106 8.418280e-01 8.664000e-03 1.495080e-01
107 8.401120e-01 8.848000e-03 1.510400e-01
108 8.387320e-01 8.664000e-03 1.526040e-01
109 8.373200e-01 8.544000e-03 1.541360e-01
110 8.357160e-01 8.560000e-03 1.557240e-01
111 8.342520e-01 8.480000e-03 1.572680e-01
112 8.328200e-01 8.412000e-03 1.587680e-01
113 8.313080e-01 8.328000e-03 1.603640e-01
114 8.299400e-01 8.128000e-03 1.619320e-01
115 8.286000e-01 8.080000e-03 1.633200e-01
116 8.270000e-01 8.264000e-03 1.647360e-01
117 8.255840e-01 8.272000e-03 1.661440e-01
118 8.243120e-01 8.148000e-03 1.675400e-01
119 8.230200e-01 8.012000e-03 1.689680e-01
120 8.216320e-01 7.972000e-03 1.703960e-01
121 8.204000e-01 7.904000e-03 1.716960e-01
122 8.190840e-01 7.980000e-03 1.729360e-01
123 8.177160e-01 7.928000e-03 1.743560e-01
124 8.164000e-01 7.768000e-03 1.758320e-01
125 8.151720e-01 7.596000e-03 1.772320e-01
126 8.138080e-01 7.600000e-03 1.785920e-01
127 8.125040e-01 7.560000e-03 1.799360e-01
128 8.113560e-01 7.496000e-03 1.811480e-01
129 8.101640e-01 7.380000e-03 1.824560e-01
130 8.091560e-01 7.136000e-03 1.837080e-01
131 8.080400e-01 7.020000e-03 1.849400e-01
132 8.068960e-01 7.096000e-03 1.860080e-01
133 8.057400e-01 6.988000e-03 1.872720e-01
134 8.046440e-01 6.772000e-03 1.885840e-01
135 8.033800e-01 7.008000e-03 1.896120e-01
136 8.023160e-01 6.832000e-03 1.908520e-01
137 8.012120e-01 6.720000e-03 1.920680e-01
138 8.001120e-01 6.632000e-03 1.932560e-01
139 7.989840e-01 6.576000e-03 1.944400e-01
140 7.979840e-01 6.408000e-03 1.956080e-01
141 7.970160e-01 6.152000e-03 1.968320e-01
142 7.960840e-01 6.044000e-03 1.978720e-01
143 7.952120e-01 5.892000e-03 1.988960e-01
144 7.942120e-01 5.836000e-03 1.999520e-01
145 7.932280e-01 5.816000e-03 2.009560e-01
146 7.921800e-01 5.900000e-03 2.019200e-01
147 7.912800e-01 5.820000e-03 2.029000e-01
148 7.903120e-01 5.740000e-03 2.039480e-01
149 7.892560e-01 5.820000e-03 2.049240e-01
150 7.883040e-01 5.712000e-03 2.059840e-01
151 7.873240e-01 5.684000e-03 2.069920e-01
152 7.863240e-01 5.644000e-03 2.080320e-01
153 7.853480e-01 5.688000e-03 2.089640e-01
154 7.843200e-01 5.768000e-03 2.099120e-01
155 7.833160e-01 5.812000e-03 2.108720e-01
156 7.823320e-01 5.708000e-03 2.119600e-01
157 7.814600e-01 5.472000e-03 2.130680e-01
158 7.805320e-01 5.512000e-03 2.139560e-01
159 7.795160e-01 5.592000e-03 2.148920e-01
160 7.786880e-01 5.344000e-03 2.159680e-01
161 7.778080e-01 5.228000e-03 2.169640e-01
162 7.769040e-01 5.164000e-03 2.179320e-01
163 7.761360e-01 4.980000e-03 2.188840e-01
164 7.752880e-01 5.012000e-03 2.197000e-01
165 7.744200e-01 5.028000e-03 2.205520e-01
166 7.734920e-01 4.944000e-03 2.215640e-01
167 7.725160e-01 5.076000e-03 2.224080e-01
168 7.715880e-01 5.172000e-03 2.232400e-01
169 7.707200e-01 5.060000e-03 2.242200e-01
170 7.697920e-01 5.104000e-03 2.251040e-01
171 7.689080e-01 5.064000e-03 2.260280e-01
172 7.679800e-01 5.164000e-03 2.268560e-01
173 7.670520e-01 5.104000e-03 2.278440e-01
174 7.661640e-01 5.052000e-03 2.287840e-01
175 7.650400e-01 5.224000e-03 2.297360e-01
176 7.640520e-01 5.264000e-03 2.306840e-01
177 7.631200e-01 5.280000e-03 2.316000e-01
178 7.622040e-01 5.252000e-03 2.325440e-01
179 7.612960e-01 5.340000e-03 2.333640e-01
180 7.603440e-01 5.328000e-03 2.343280e-01
181 7.593040e-01 5.468000e-03 2.352280e-01
182 7.583200e-01 5.488000e-03 2.361920e-01
183 7.573680e-01 5.560000e-03 2.370720e-01
184 7.564960e-01 5.424000e-03 2.380800e-01
185 7.554480e-01 5.508000e-03 2.390440e-01
186 7.544440e-01 5.556000e-03 2.400000e-01
187 7.534160e-01 5.592000e-03 2.409920e-01
188 7.521400e-01 5.824000e-03 2.420360e-01
189 7.511040e-01 5.932000e-03 2.429640e-01
190 7.500800e-01 5.876000e-03 2.440440e-01
191 7.489480e-01 6.040000e-03 2.450120e-01
192 7.478680e-01 6.092000e-03 2.460400e-01
193 7.469320e-01 6.008000e-03 2.470600e-01
194 7.461440e-01 5.844000e-03 2.480120e-01
195 7.451320e-01 5.684000e-03 2.491840e-01
196 7.441640e-01 5.668000e-03 2.501680e-01
197 7.433320e-01 5.480000e-03 2.511880e-01
198 7.423720e-01 5.532000e-03 2.520960e-01
199 7.414560e-01 5.476000e-03 2.530680e-01
200 7.406160e-01 5.412000e-03 2.539720e-01
201 7.396560e-01 5.308000e-03 2.550360e-01
202 7.387600e-01 5.256000e-03 2.559840e-01
203 7.378200e-01 5.276000e-03 2.569040e-01
204 7.368600e-01 5.296000e-03 2.578440e-01
205 7.359080e-01 5.312000e-03 2.587800e-01
206 7.349600e-01 5.308000e-03 2.597320e-01
207 7.341320e-01 5.164000e-03 2.607040e-01
208 7.332920e-01 5.124000e-03 2.615840e-01
209 7.323680e-01 5.156000e-03 2.624760e-01
210 7.315520e-01 5.060000e-03 2.633880e-01
211 7.306920e-01 5.096000e-03 2.642120e-01
212 7.298640e-01 5.012000e-03 2.651240e-01
213 7.290840e-01 4.956000e-03 2.659600e-01
214 7.282920e-01 4.868000e-03 2.668400e-01
215 7.274560e-01 4.936000e-03 2.676080e-01
216 7.266240e-01 4.936000e-03 2.684400e-01
217 7.258840e-01 4.892000e-03 2.692240e-01
218 7.250000e-01 5.028000e-03 2.699720e-01
219 7.241960e-01 4.960000e-03 2.708440e-01
220 7.233920e-01 4.944000e-03 2.716640e-01
221 7.224200e-01 4.996000e-03 2.725840e-01
222 7.215240e-01 5.052000e-03 2.734240e-01
223 7.207320e-01 5.044000e-03 2.742240e-01
224 7.198520e-01 5.004000e-03 2.751440e-01
225 7.188840e-01 5.020000e-03 2.760960e-01
226 7.179000e-01 5.124000e-03 2.769760e-01
227 7.168880e-01 5.252000e-03 2.778600e-01
228 7.159920e-01 5.316000e-03 2.786920e-01
229 7.150480e-01 5.400000e-03 2.795520e-01
230 7.141760e-01 5.360000e-03 2.804640e-01
231 7.132920e-01 5.248000e-03 2.814600e-01
232 7.123360e-01 5.216000e-03 2.824480e-01
233 7.115240e-01 5.060000e-03 2.834160e-01
234 7.107080e-01 4.944000e-03 2.843480e-01
235 7.099600e-01 4.748000e-03 2.852920e-01
236 7.091360e-01 4.768000e-03 2.860960e-01
237 7.083040e-01 4.800000e-03 2.868960e-01
238 7.073880e-01 4.884000e-03 2.877280e-01
239 7.065720e-01 4.936000e-03 2.884920e-01
240 7.057560e-01 4.812000e-03 2.894320e-01
241 7.049160e-01 4.796000e-03 2.902880e-01
242 7.041400e-01 4.720000e-03 2.911400e-01
243 7.033040e-01 4.812000e-03 2.918840e-01
244 7.025400e-01 4.768000e-03 2.926920e-01
245 7.017360e-01 4.792000e-03 2.934720e-01
246 7.008400e-01 4.912000e-03 2.942480e-01
247 7.000240e-01 4.844000e-03 2.951320e-01
248 6.991840e-01 4.756000e-03 2.960600e-01
249 6.984560e-01 4.676000e-03 2.968680e-01
250 6.976800e-01 4.712000e-03 2.976080e-01
251 6.968920e-01 4.748000e-03 2.983600e-01
252 6.960120e-01 4.828000e-03 2.991600e-01
253 6.953200e-01 4.660000e-03 3.000200e-01
254 6.945040e-01 4.708000e-03 3.007880e-01
255 6.938240e-01 4.560000e-03 3.016160e-01
256 6.932040e-01 4.388000e-03 3.024080e-01
257 6.925440e-01 4.276000e-03 3.031800e-01
258 6.919960e-01 4.096000e-03 3.039080e-01
259 6.913760e-01 4.004000e-03 3.046200e-01
260 6.907720e-01 3.892000e-03 3.053360e-01
261 6.902600e-01 3.632000e-03 3.061080e-01
262 6.897360e-01 3.456000e-03 3.068080e-01
263 6.892440e-01 3.348000e-03 3.074080e-01
264 6.887440e-01 3.224000e-03 3.080320e-01
265 6.882440e-01 3.112000e-03 3.086440e-01
266 6.877280e-01 3.048000e-03 3.092240e-01
267 6.872160e-01 3.068000e-03 3.097160e-01
268 6.867760e-01 2.956000e-03 3.102680e-01
269 6.861840e-01 3.080000e-03 3.107360e-01
270 6.856760e-01 3.068000e-03 3.112560e-01
271 6.851320e-01 2.984000e-03 3.118840e-01
272 6.846480e-01 2.932000e-03 3.124200e-01
273 6.841440e-01 2.916000e-03 3.129400e-01
274 6.835640e-01 2.940000e-03 3.134960e-01
275 6.829200e-01 3.072000e-03 3.140080e-01
276 6.823400e-01 3.064000e-03 3.145960e-01
277 6.817760e-01 3.124000e-03 3.151000e-01
278 6.811720e-01 3.192000e-03 3.156360e-01
279 6.806320e-01 3.148000e-03 3.162200e-01
280 6.801720e-01 3.076000e-03 3.167520e-01
281 6.795920e-01 3.132000e-03 3.172760e-01
282 6.790360e-01 3.136000e-03 3.178280e-01
283 6.784640e-01 3.132000e-03 3.184040e-01
284 6.779360e-01 3.184000e-03 3.188800e-01
285 6.773880e-01 3.176000e-03 3.194360e-01
286 6.768560e-01 3.224000e-03 3.199200e-01
287 6.763360e-01 3.120000e-03 3.205440e-01
288 6.758480e-01 3.104000e-03 3.210480e-01
289 6.753760e-01 3.092000e-03 3.215320e-01
290 6.747920e-01 3.136000e-03 3.220720e-01
291 6.741800e-01 3.224000e-03 3.225960e-01
292 6.736360e-01 3.212000e-03 3.231520e-01
293 6.730680e-01 3.180000e-03 3.237520e-01
294 6.725320e-01 3.160000e-03 3.243080e-01
295 6.720800e-01 3.076000e-03 3.248440e-01
296 6.714840e-01 3.152000e-03 3.253640e-01
297 6.709600e-01 3.168000e-03 3.258720e-01
298 6.702360e-01 3.328000e-03 3.264360e-01
299 6.696160e-01 3.372000e-03 3.270120e-01
300 6.689600e-01 3.464000e-03 3.275760e-01
301 6.683680e-01 3.356000e-03 3.282760e-01
302 6.678160e-01 3.328000e-03 3.288560e-01
303 6.672560e-01 3.308000e-03 3.294360e-01
304 6.666320e-01 3.380000e-03 3.299880e-01
305 6.660680e-01 3.340000e-03 3.305920e-01
306 6.655200e-01 3.228000e-03 3.312520e-01
307 6.649840e-01 3.236000e-03 3.317800e-01
308 6.643720e-01 3.320000e-03 3.323080e-01
309 6.638440e-01 3.252000e-03 3.329040e-01
310 6.632240e-01 3.260000e-03 3.335160e-01
311 6.626880e-01 3.232000e-03 3.340800e-01
312 6.622280e-01 3.224000e-03 3.345480e-01
313 6.616840e-01 3.276000e-03 3.350400e-01
314 6.611880e-01 3.192000e-03 3.356200e-01
315 6.607640e-01 3.116000e-03 3.361200e-01
316 6.602840e-01 3.040000e-03 3.366760e-01
317 6.597840e-01 2.968000e-03 3.372480e-01
318 6.593640e-01 2.900000e-03 3.377360e-01
319 6.589520e-01 2.808000e-03 3.382400e-01
320 6.585640e-01 2.748000e-03 3.386880e-01
321 6.580880e-01 2.720000e-03 3.391920e-01
322 6.575320e-01 2.780000e-03 3.396880e-01
323 6.570720e-01 2.736000e-03 3.401920e-01
324 6.565000e-01 2.928000e-03 3.405720e-01
325 6.560000e-01 2.864000e-03 3.411360e-01
326 6.554720e-01 2.896000e-03 3.416320e-01
327 6.550160e-01 2.872000e-03 3.421120e-01
328 6.545160e-01 2.908000e-03 3.425760e-01
329 6.540440e-01 2.864000e-03 3.430920e-01
330 6.536680e-01 2.732000e-03 3.436000e-01
331 6.532400e-01 2.724000e-03 3.440360e-01
332 6.527920e-01 2.728000e-03 3.444800e-01
333 6.523720e-01 2.560000e-03 3.450680e-01
334 6.518640e-01 2.668000e-03 3.454680e-01
335 6.514880e-01 2.588000e-03 3.459240e-01
336 6.509960e-01 2.648000e-03 3.463560e-01
337 6.505240e-01 2.648000e-03 3.468280e-01
338 6.501080e-01 2.564000e-03 3.473280e-01
339 6.497720e-01 2.492000e-03 3.477360e-01
340 6.493400e-01 2.480000e-03 3.481800e-01
341 6.489840e-01 2.416000e-03 3.486000e-01
342 6.486520e-01 2.368000e-03 3.489800e-01
343 6.481800e-01 2.444000e-03 3.493760e-01
344 6.476600e-01 2.512000e-03 3.498280e-01
345 6.471320e-01 2.616000e-03 3.502520e-01
346 6.466200e-01 2.700000e-03 3.506800e-01
347 6.462400e-01 2.588000e-03 3.511720e-01
348 6.458800e-01 2.476000e-03 3.516440e-01
349 6.454880e-01 2.420000e-03 3.520920e-01
350 6.451200e-01 2.412000e-03 3.524680e-01
351 6.447240e-01 2.408000e-03 3.528680e-01
352 6.443480e-01 2.312000e-03 3.533400e-01
353 6.439600e-01 2.300000e-03 3.537400e-01
354 6.435440e-01 2.352000e-03 3.541040e-01
355 6.431800e-01 2.328000e-03 3.544920e-01
356 6.427640e-01 2.312000e-03 3.549240e-01
357 6.424280e-01 2.232000e-03 3.553400e-01
358 6.419760e-01 2.276000e-03 3.557480e-01
359 6.416760e-01 2.156000e-03 3.561680e-01
360 6.413600e-01 2.064000e-03 3.565760e-01
361 6.410680e-01 2.040000e-03 3.568920e-01
362 6.407720e-01 2.024000e-03 3.572040e-01
363 6.405160e-01 1.844000e-03 3.576400e-01
364 6.402240e-01 1.892000e-03 3.578840e-01
365 6.400000e-01 1.748000e-03 3.582520e-01
366 6.397560e-01 1.704000e-03 3.585400e-01
367 6.395240e-01 1.660000e-03 3.588160e-01
368 6.392520e-01 1.636000e-03 3.591120e-01
369 6.389520e-01 1.684000e-03 3.593640e-01
370 6.386400e-01 1.696000e-03 3.596640e-01
371 6.383280e-01 1.688000e-03 3.599840e-01
372 6.380840e-01 1.660000e-03 3.602560e-01
373 6.377520e-01 1.704000e-03 3.605440e-01
374 6.374400e-01 1.700000e-03 3.608600e-01
375 6.371880e-01 1.644000e-03 3.611680e-01
376 6.368160e-01 1.720000e-03 3.614640e-01
377 6.365400e-01 1.672000e-03 3.617880e-01
378 6.361840e-01 1.764000e-03 3.620520e-01
379 6.358360e-01 1.760000e-03 3.624040e-01
380 6.354800e-01 1.780000e-03 3.627400e-01
381 6.351400e-01 1.772000e-03 3.630880e-01
382 6.349160e-01 1.636000e-03 3.634480e-01
383 6.346280e-01 1.648000e-03 3.637240e-01
384 6.343160e-01 1.680000e-03 3.640040e-01
385 6.340000e-01 1.724000e-03 3.642760e-01
386 6.337360e-01 1.712000e-03 3.645520e-01
387 6.334480e-01 1.616000e-03 3.649360e-01
388 6.330960e-01 1.680000e-03 3.652240e-01
389 6.328080e-01 1.624000e-03 3.655680e-01
390 6.324440e-01 1.700000e-03 3.658560e-01
391 6.321480e-01 1.692000e-03 3.661600e-01
392 6.318040e-01 1.724000e-03 3.664720e-01
393 6.314840e-01 1.744000e-03 3.667720e-01
394 6.312400e-01 1.656000e-03 3.671040e-01
395 6.309520e-01 1.712000e-03 3.673360e-01
396 6.306760e-01 1.712000e-03 3.676120e-01
397 6.304200e-01 1.624000e-03 3.679560e-01
398 6.301800e-01 1.544000e-03 3.682760e-01
399 6.300040e-01 1.448000e-03 3.685480e-01
400 6.297840e-01 1.440000e-03 3.687760e-01
401 6.295560e-01 1.404000e-03 3.690400e-01
402 6.293640e-01 1.360000e-03 3.692760e-01
403 6.292040e-01 1.320000e-03 3.694760e-01
404 6.289960e-01 1.280000e-03 3.697240e-01
405 6.287600e-01 1.308000e-03 3.699320e-01
406 6.285160e-01 1.360000e-03 3.701240e-01
407 6.282480e-01 1.364000e-03 3.703880e-01
408 6.279560e-01 1.420000e-03 3.706240e-01
409 6.276760e-01 1.448000e-03 3.708760e-01
410 6.273640e-01 1.516000e-03 3.711200e-01
411 6.270640e-01 1.548000e-03 3.713880e-01
412 6.267360e-01 1.600000e-03 3.716640e-01
413 6.263840e-01 1.660000e-03 3.719560e-01
414 6.260960e-01 1.624000e-03 3.722800e-01
415 6.258080e-01 1.644000e-03 3.725480e-01
416 6.255200e-01 1.604000e-03 3.728760e-01
417 6.251960e-01 1.684000e-03 3.731200e-01
418 6.249080e-01 1.648000e-03 3.734440e-01
419 6.246560e-01 1.600000e-03 3.737440e-01
420 6.244280e-01 1.556000e-03 3.740160e-01
421 6.241920e-01 1.508000e-03 3.743000e-01
422 6.239120e-01 1.532000e-03 3.745560e-01
423 6.237120e-01 1.512000e-03 3.747760e-01
424 6.235080e-01 1.456000e-03 3.750360e-01
425 6.233160e-01 1.424000e-03 3.752600e-01
426 6.231360e-01 1.320000e-03 3.755440e-01
427 6.229560e-01 1.324000e-03 3.757200e-01
428 6.227120e-01 1.388000e-03 3.759000e-01
429 6.224400e-01 1.408000e-03 3.761520e-01
430 6.221480e-01 1.432000e-03 3.764200e-01
431 6.218840e-01 1.436000e-03 3.766800e-01
432 6.216440e-01 1.424000e-03 3.769320e-01
433 6.213560e-01 1.444000e-03 3.772000e-01
434 6.211000e-01 1.520000e-03 3.773800e-01
435 6.208280e-01 1.528000e-03 3.776440e-01
436 6.205520e-01 1.504000e-03 3.779440e-01
437 6.202560e-01 1.556000e-03 3.781880e-01
438 6.200040e-01 1.520000e-03 3.784760e-01
439 6.197160e-01 1.600000e-03 3.786840e-01
440 6.193960e-01 1.604000e-03 3.790000e-01
441 6.190040e-01 1.660000e-03 3.793360e-01
442 6.186720e-01 1.688000e-03 3.796400e-01
443 6.184160e-01 1.628000e-03 3.799560e-01
444 6.181480e-01 1.588000e-03 3.802640e-01
445 6.178840e-01 1.580000e-03 3.805360e-01
446 6.176160e-01 1.552000e-03 3.808320e-01
447 6.173400e-01 1.564000e-03 3.810960e-01
448 6.170960e-01 1.512000e-03 3.813920e-01
449 6.169160e-01 1.428000e-03 3.816560e-01
450 6.166960e-01 1.420000e-03 3.818840e-01
451 6.164720e-01 1.428000e-03 3.821000e-01
452 6.162440e-01 1.420000e-03 3.823360e-01
453 6.159760e-01 1.468000e-03 3.825560e-01
454 6.157640e-01 1.404000e-03 3.828320e-01
455 6.155280e-01 1.356000e-03 3.831160e-01
456 6.153440e-01 1.316000e-03 3.833400e-01
457 6.151840e-01 1.200000e-03 3.836160e-01
458 6.149800e-01 1.188000e-03 3.838320e-01
459 6.147520e-01 1.196000e-03 3.840520e-01
460 6.145200e-01 1.192000e-03 3.842880e-01
461 6.142920e-01 1.196000e-03 3.845120e-01
462 6.140560e-01 1.216000e-03 3.847280e-01
463 6.138600e-01 1.208000e-03 3.849320e-01
464 6.136520e-01 1.208000e-03 3.851400e-01
465 6.134640e-01 1.200000e-03 3.853360e-01
466 6.132920e-01 1.140000e-03 3.855680e-01
467 6.130520e-01 1.172000e-03 3.857760e-01
468 6.128000e-01 1.212000e-03 3.859880e-01
469 6.125400e-01 1.224000e-03 3.862360e-01
470 6.123040e-01 1.236000e-03 3.864600e-01
471 6.121200e-01 1.208000e-03 3.866720e-01
472 6.119480e-01 1.148000e-03 3.869040e-01
473 6.117520e-01 1.124000e-03 3.871240e-01
474 6.115840e-01 1.064000e-03 3.873520e-01
475 6.114400e-01 9.920000e-04 3.875680e-01
476 6.112360e-01 1.032000e-03 3.877320e-01
477 6.110600e-01 1.016000e-03 3.879240e-01
478 6.109120e-01 9.800000e-04 3.881080e-01
479 6.106840e-01 1.036000e-03 3.882800e-01
480 6.104680e-01 1.040000e-03 3.884920e-01
481 6.103080e-01 1.028000e-03 3.886640e-01
482 6.101000e-01 1.036000e-03 3.888640e-01
483 6.098680e-01 1.096000e-03 3.890360e-01
484 6.096800e-01 1.120000e-03 3.892000e-01
485 6.094400e-01 1.168000e-03 3.893920e-01
486 6.092080e-01 1.216000e-03 3.895760e-01
487 6.089720e-01 1.208000e-03 3.898200e-01
488 6.087840e-01 1.164000e-03 3.900520e-01
489 6.085840e-01 1.092000e-03 3.903240e-01
490 6.084040e-01 1.076000e-03 3.905200e-01
491 6.082280e-01 1.072000e-03 3.907000e-01
492 6.079880e-01 1.080000e-03 3.909320e-01
493 6.077960e-01 1.104000e-03 3.911000e-01
494 6.076200e-01 1.088000e-03 3.912920e-01
495 6.074480e-01 1.068000e-03 3.914840e-01
496 6.072240e-01 1.140000e-03 3.916360e-01
497 6.070160e-01 1.176000e-03 3.918080e-01
498 6.068320e-01 1.132000e-03 3.920360e-01
499 6.066880e-01 1.048000e-03 3.922640e-01
500 6.064880e-01 1.060000e-03 3.924520e-01
