1 9.992560e-01 6.320000e-04 1.120000e-04
2 9.987640e-01 9.920000e-04 2.440000e-04
3 9.981960e-01 1.368000e-03 4.360000e-04
4 9.974520e-01 1.836000e-03 7.120000e-04
5 9.965920e-01 2.292000e-03 1.116000e-03
6 9.958440e-01 2.600000e-03 1.556000e-03
7 9.950520e-01 2.844000e-03 2.104000e-03
8 9.942360e-01 3.176000e-03 2.588000e-03
9 9.933680e-01 3.496000e-03 3.136000e-03
10 9.925440e-01 3.636000e-03 3.820000e-03
11 9.914960e-01 4.112000e-03 4.392000e-03
12 9.903880e-01 4.480000e-03 5.132000e-03
13 9.893360e-01 4.828000e-03 5.836000e-03
14 9.881760e-01 5.200000e-03 6.624000e-03
15 9.868760e-01 5.588000e-03 7.536000e-03
16 9.856120e-01 5.888000e-03 8.500000e-03
17 9.843600e-01 6.032000e-03 9.608000e-03
18 9.830480e-01 6.244000e-03 1.070800e-02
19 9.815240e-01 6.580000e-03 1.189600e-02
20 9.800840e-01 6.784000e-03 1.313200e-02
21 9.785920e-01 7.104000e-03 1.430400e-02
22 9.771440e-01 7.324000e-03 1.553200e-02
23 9.756080e-01 7.500000e-03 1.689200e-02
24 9.741240e-01 7.612000e-03 1.826400e-02
25 9.726760e-01 7.584000e-03 1.974000e-02
26 9.710920e-01 7.712000e-03 2.119600e-02
27 9.695760e-01 7.884000e-03 2.254000e-02
28 9.681880e-01 7.868000e-03 2.394400e-02
29 9.667160e-01 7.844000e-03 2.544000e-02
30 9.651920e-01 8.060000e-03 2.674800e-02
31 9.636000e-01 8.316000e-03 2.808400e-02
32 9.621440e-01 8.324000e-03 2.953200e-02
33 9.608000e-01 8.184000e-03 3.101600e-02
34 9.593360e-01 8.224000e-03 3.244000e-02
35 9.579520e-01 8.216000e-03 3.383200e-02
36 9.565640e-01 8.204000e-03 3.523200e-02
37 9.551480e-01 8.220000e-03 3.663200e-02
38 9.536600e-01 8.196000e-03 3.814400e-02
39 9.521360e-01 8.252000e-03 3.961200e-02
40 9.505920e-01 8.372000e-03 4.103600e-02
41 9.490440e-01 8.476000e-03 4.248000e-02
42 9.476080e-01 8.284000e-03 4.410800e-02
43 9.461640e-01 8.328000e-03 4.550800e-02
44 9.447080e-01 8.356000e-03 4.693600e-02
45 9.430720e-01 8.532000e-03 4.839600e-02
46 9.413160e-01 8.800000e-03 4.988400e-02
47 9.395880e-01 8.964000e-03 5.144800e-02
48 9.378120e-01 9.152000e-03 5.303600e-02
49 9.360600e-01 9.308000e-03 5.463200e-02
50 9.342880e-01 9.480000e-03 5.623200e-02
51 9.325440e-01 9.560000e-03 5.789600e-02
52 9.308360e-01 9.624000e-03 5.954000e-02
53 9.289960e-01 9.680000e-03 6.132400e-02
54 9.273760e-01 9.600000e-03 6.302400e-02
55 9.258080e-01 9.440000e-03 6.475200e-02
56 9.241280e-01 9.488000e-03 6.638400e-02
57 9.225360e-01 9.540000e-03 6.792400e-02
58 9.208960e-01 9.572000e-03 6.953200e-02
59 9.191600e-01 9.564000e-03 7.127600e-02
60 9.174280e-01 9.576000e-03 7.299600e-02
61 9.158560e-01 9.368000e-03 7.477600e-02
62 9.141520e-01 9.492000e-03 7.635600e-02
63 9.122880e-01 9.712000e-03 7.800000e-02
64 9.105200e-01 9.784000e-03 7.969600e-02
65 9.086760e-01 9.972000e-03 8.135200e-02
66 9.068840e-01 1.001200e-02 8.310400e-02
67 9.052000e-01 1.002000e-02 8.478000e-02
68 9.034440e-01 1.006800e-02 8.648800e-02
69 9.018000e-01 9.968000e-03 8.823200e-02
70 9.001000e-01 9.936000e-03 8.996400e-02
71 8.982880e-01 1.000000e-02 9.171200e-02
72 8.963720e-01 9.996000e-03 9.363200e-02
73 8.945440e-01 1.007200e-02 9.538400e-02
74 8.927560e-01 1.019600e-02 9.704800e-02
75 8.909840e-01 1.015200e-02 9.886400e-02
76 8.891560e-01 1.030800e-02 1.005360e-01
77 8.872000e-01 1.052400e-02 1.022760e-01
78 8.855400e-01 1.038800e-02 1.040720e-01
79 8.836840e-01 1.051600e-02 1.058000e-01
80 8.819760e-01 1.028800e-02 1.077360e-01
81 8.800640e-01 1.035600e-02 1.095800e-01
82 8.782200e-01 1.026000e-02 1.115200e-01
83 8.766000e-01 1.022000e-02 1.131800e-01
84 8.748640e-01 1.017600e-02 1.149600e-01
85 8.730880e-01 1.012800e-02 1.167840e-01
86 8.713960e-01 1.004400e-02 1.185600e-01
87 8.697880e-01 9.984000e-03 1.202280e-01
88 8.681720e-01 9.908000e-03 1.219200e-01
89 8.665080e-01 9.744000e-03 1.237480e-01
90 8.648240e-01 9.652000e-03 1.255240e-01
91 8.632320e-01 9.592000e-03 1.271760e-01
92 8.616520e-01 9.552000e-03 1.287960e-01
93 8.599720e-01 9.488000e-03 1.305400e-01
94 8.584960e-01 9.312000e-03 1.321920e-01
95 8.570720e-01 9.084000e-03 1.338440e-01
96 8.556160e-01 8.860000e-03 1.355240e-01
97 8.540600e-01 9.012000e-03 1.369280e-01
98 8.526960e-01 8.756000e-03 1.385480e-01
99 8.512080e-01 8.664000e-03 1.401280e-01
100 8.497880e-01 8.476000e-03 1.417360e-01
101 8.481480e-01 8.644000e-03 1.432080e-01
102 8.468000e-01 8.536000e-03 1.446640e-01
103 8.455560e-01 8.272000e-03 1.461720e-01
104 8.441360e-01 8.292000e-03 1.475720e-01
105 8.426800e-01 8.184000e-03 1.491360e-01
106 8.410800e-01 8.580000e-03 1.503400e-01
107 8.395320e-01 8.668000e-03 1.518000e-01
108 8.379080e-01 8.660000e-03 1.534320e-01
109 8.362720e-01 8.748000e-03 1.549800e-01
110 8.347920e-01 8.812000e-03 1.563960e-01
111 8.333400e-01 8.688000e-03 1.579720e-01
112 8.316960e-01 8.804000e-03 1.595000e-01
113 8.300520e-01 8.952000e-03 1.609960e-01
114 8.286200e-01 8.772000e-03 1.626080e-01
115 8.271280e-01 8.692000e-03 1.641800e-01
116 8.256280e-01 8.716000e-03 1.656560e-01
117 8.241840e-01 8.616000e-03 1.672000e-01
118 8.228920e-01 8.372000e-03 1.687360e-01
119 8.216640e-01 8.132000e-03 1.702040e-01
120 8.203480e-01 8.140000e-03 1.715120e-01
121 8.189640e-01 8.148000e-03 1.728880e-01
122 8.175160e-01 8.244000e-03 1.742400e-01
123 8.161080e-01 8.204000e-03 1.756880e-01
124 8.148400e-01 7.864000e-03 1.772960e-01
125 8.135200e-01 7.952000e-03 1.785280e-01
126 8.121640e-01 7.800000e-03 1.800360e-01
127 8.108800e-01 7.720000e-03 1.814000e-01
128 8.096640e-01 7.636000e-03 1.827000e-01
129 8.082880e-01 7.720000e-03 1.839920e-01
130 8.069000e-01 7.728000e-03 1.853720e-01
131 8.054560e-01 7.804000e-03 1.867400e-01
132 8.042040e-01 7.708000e-03 1.880880e-01
133 8.029760e-01 7.664000e-03 1.893600e-01
134 8.014880e-01 7.744000e-03 1.907680e-01
135 8.001320e-01 7.868000e-03 1.920000e-01
136 7.988240e-01 7.728000e-03 1.934480e-01
137 7.975320e-01 7.692000e-03 1.947760e-01
138 7.963040e-01 7.656000e-03 1.960400e-01
139 7.950600e-01 7.568000e-03 1.973720e-01
140 7.939080e-01 7.392000e-03 1.987000e-01
141 7.927200e-01 7.288000e-03 1.999920e-01
142 7.914840e-01 7.300000e-03 2.012160e-01
143 7.903040e-01 7.160000e-03 2.025360e-01
144 7.892240e-01 6.932000e-03 2.038440e-01
145 7.879800e-01 6.876000e-03 2.051440e-01
146 7.868720e-01 6.868000e-03 2.062600e-01
147 7.858400e-01 6.660000e-03 2.075000e-01
148 7.847480e-01 6.584000e-03 2.086680e-01
149 7.836520e-01 6.580000e-03 2.097680e-01
150 7.824080e-01 6.612000e-03 2.109800e-01
151 7.813960e-01 6.424000e-03 2.121800e-01
152 7.802520e-01 6.480000e-03 2.132680e-01
153 7.792120e-01 6.420000e-03 2.143680e-01
154 7.781680e-01 6.312000e-03 2.155200e-01
155 7.771280e-01 6.240000e-03 2.166320e-01
156 7.761320e-01 6.184000e-03 2.176840e-01
157 7.750520e-01 6.140000e-03 2.188080e-01
158 7.740200e-01 5.988000e-03 2.199920e-01
159 7.731920e-01 5.820000e-03 2.209880e-01
160 7.721800e-01 5.752000e-03 2.220680e-01
161 7.711880e-01 5.680000e-03 2.231320e-01
162 7.702320e-01 5.700000e-03 2.240680e-01
163 7.692400e-01 5.688000e-03 2.250720e-01
164 7.682320e-01 5.716000e-03 2.260520e-01
165 7.671560e-01 5.760000e-03 2.270840e-01
166 7.661840e-01 5.780000e-03 2.280360e-01
167 7.652040e-01 5.684000e-03 2.291120e-01
168 7.643040e-01 5.436000e-03 2.302600e-01
169 7.631800e-01 5.552000e-03 2.312680e-01
170 7.621480e-01 5.584000e-03 2.322680e-01
171 7.610720e-01 5.624000e-03 2.333040e-01
172 7.599760e-01 5.796000e-03 2.342280e-01
173 7.589720e-01 5.680000e-03 2.353480e-01
174 7.580000e-01 5.528000e-03 2.364720e-01
175 7.571560e-01 5.524000e-03 2.373200e-01
176 7.561320e-01 5.656000e-03 2.382120e-01
177 7.551080e-01 5.692000e-03 2.392000e-01
178 7.541520e-01 5.608000e-03 2.402400e-01
179 7.532760e-01 5.464000e-03 2.412600e-01
180 7.523680e-01 5.340000e-03 2.422920e-01
181 7.514960e-01 5.316000e-03 2.431880e-01
182 7.505920e-01 5.288000e-03 2.441200e-01
183 7.496720e-01 5.264000e-03 2.450640e-01
184 7.487360e-01 5.268000e-03 2.459960e-01
185 7.476760e-01 5.304000e-03 2.470200e-01
186 7.468720e-01 5.192000e-03 2.479360e-01
187 7.459120e-01 5.148000e-03 2.489400e-01
188 7.451600e-01 4.984000e-03 2.498560e-01
189 7.443520e-01 5.008000e-03 2.506400e-01
190 7.435520e-01 4.924000e-03 2.515240e-01
191 7.427440e-01 4.884000e-03 2.523720e-01
192 7.419320e-01 4.840000e-03 2.532280e-01
193 7.410680e-01 4.860000e-03 2.540720e-01
194 7.402880e-01 4.836000e-03 2.548760e-01
195 7.395240e-01 4.672000e-03 2.558040e-01
196 7.388040e-01 4.552000e-03 2.566440e-01
197 7.379960e-01 4.604000e-03 2.574000e-01
198 7.372680e-01 4.556000e-03 2.581760e-01
199 7.365120e-01 4.584000e-03 2.589040e-01
200 7.357160e-01 4.592000e-03 2.596920e-01
201 7.348680e-01 4.768000e-03 2.603640e-01
202 7.340080e-01 4.808000e-03 2.611840e-01
203 7.330920e-01 4.896000e-03 2.620120e-01
204 7.322840e-01 4.872000e-03 2.628440e-01
205 7.314120e-01 4.936000e-03 2.636520e-01
206 7.305600e-01 4.884000e-03 2.645560e-01
207 7.297720e-01 4.784000e-03 2.654440e-01
208 7.289880e-01 4.744000e-03 2.662680e-01
209 7.280680e-01 4.844000e-03 2.670880e-01
210 7.272640e-01 4.760000e-03 2.679760e-01
211 7.263640e-01 4.808000e-03 2.688280e-01
212 7.255600e-01 4.856000e-03 2.695840e-01
213 7.246280e-01 4.876000e-03 2.704960e-01
214 7.236320e-01 5.048000e-03 2.713200e-01
215 7.226440e-01 5.172000e-03 2.721840e-01
216 7.217320e-01 5.140000e-03 2.731280e-01
217 7.207200e-01 5.360000e-03 2.739200e-01
218 7.198080e-01 5.376000e-03 2.748160e-01
219 7.189160e-01 5.340000e-03 2.757440e-01
220 7.181120e-01 5.188000e-03 2.767000e-01
221 7.172080e-01 5.260000e-03 2.775320e-01
222 7.162600e-01 5.368000e-03 2.783720e-01
223 7.153880e-01 5.248000e-03 2.793640e-01
224 7.146280e-01 5.068000e-03 2.803040e-01
225 7.139600e-01 4.796000e-03 2.812440e-01
226 7.132560e-01 4.648000e-03 2.820960e-01
227 7.125080e-01 4.604000e-03 2.828880e-01
228 7.117040e-01 4.720000e-03 2.835760e-01
229 7.110080e-01 4.508000e-03 2.844840e-01
230 7.102200e-01 4.492000e-03 2.852880e-01
231 7.094320e-01 4.488000e-03 2.860800e-01
232 7.086480e-01 4.428000e-03 2.869240e-01
233 7.080160e-01 4.384000e-03 2.876000e-01
234 7.073320e-01 4.256000e-03 2.884120e-01
235 7.066600e-01 4.152000e-03 2.891880e-01
236 7.059720e-01 4.116000e-03 2.899120e-01
237 7.053200e-01 3.960000e-03 2.907200e-01
238 7.046080e-01 3.956000e-03 2.914360e-01
239 7.039440e-01 3.936000e-03 2.921200e-01
240 7.032160e-01 4.032000e-03 2.927520e-01
241 7.026520e-01 3.884000e-03 2.934640e-01
242 7.019480e-01 3.928000e-03 2.941240e-01
243 7.013080e-01 3.852000e-03 2.948400e-01
244 7.006200e-01 3.824000e-03 2.955560e-01
245 6.999000e-01 3.884000e-03 2.962160e-01
246 6.992680e-01 3.832000e-03 2.969000e-01
247 6.985600e-01 3.844000e-03 2.975960e-01
248 6.979040e-01 3.840000e-03 2.982560e-01
249 6.973400e-01 3.732000e-03 2.989280e-01
250 6.967280e-01 3.660000e-03 2.996120e-01
251 6.959480e-01 3.772000e-03 3.002800e-01
252 6.952960e-01 3.728000e-03 3.009760e-01
253 6.945760e-01 3.816000e-03 3.016080e-01
254 6.939320e-01 3.776000e-03 3.022920e-01
255 6.933040e-01 3.792000e-03 3.029040e-01
256 6.926800e-01 3.712000e-03 3.036080e-01
257 6.920960e-01 3.636000e-03 3.042680e-01
258 6.915200e-01 3.580000e-03 3.049000e-01
259 6.909160e-01 3.608000e-03 3.054760e-01
260 6.903320e-01 3.512000e-03 3.061560e-01
261 6.898040e-01 3.408000e-03 3.067880e-01
262 6.891760e-01 3.432000e-03 3.073920e-01
263 6.884640e-01 3.564000e-03 3.079720e-01
264 6.877720e-01 3.568000e-03 3.086600e-01
265 6.871280e-01 3.636000e-03 3.092360e-01
266 6.865320e-01 3.584000e-03 3.098840e-01
267 6.860200e-01 3.444000e-03 3.105360e-01
268 6.854600e-01 3.344000e-03 3.111960e-01
269 6.848720e-01 3.344000e-03 3.117840e-01
270 6.843360e-01 3.252000e-03 3.124120e-01
271 6.838240e-01 3.188000e-03 3.129880e-01
272 6.832080e-01 3.216000e-03 3.135760e-01
273 6.826160e-01 3.316000e-03 3.140680e-01
274 6.820600e-01 3.244000e-03 3.146960e-01
275 6.815160e-01 3.160000e-03 3.153240e-01
276 6.810080e-01 3.060000e-03 3.159320e-01
277 6.805000e-01 3.068000e-03 3.164320e-01
278 6.800160e-01 3.016000e-03 3.169680e-01
279 6.794920e-01 2.996000e-03 3.175120e-01
280 6.789400e-01 3.036000e-03 3.180240e-01
281 6.783760e-01 3.076000e-03 3.185480e-01
282 6.778320e-01 3.124000e-03 3.190440e-01
283 6.773360e-01 3.012000e-03 3.196520e-01
284 6.768760e-01 2.972000e-03 3.201520e-01
285 6.763800e-01 2.924000e-03 3.206960e-01
286 6.758920e-01 2.904000e-03 3.212040e-01
287 6.755160e-01 2.784000e-03 3.217000e-01
288 6.751560e-01 2.668000e-03 3.221760e-01
289 6.747400e-01 2.644000e-03 3.226160e-01
290 6.742680e-01 2.652000e-03 3.230800e-01
291 6.737720e-01 2.668000e-03 3.235600e-01
292 6.733280e-01 2.572000e-03 3.241000e-01
293 6.728560e-01 2.596000e-03 3.245480e-01
294 6.723960e-01 2.560000e-03 3.250440e-01
295 6.719360e-01 2.552000e-03 3.255120e-01
296 6.715320e-01 2.576000e-03 3.258920e-01
297 6.711080e-01 2.584000e-03 3.263080e-01
298 6.706560e-01 2.544000e-03 3.268000e-01
299 6.702280e-01 2.604000e-03 3.271680e-01
300 6.698200e-01 2.640000e-03 3.275400e-01
301 6.693560e-01 2.632000e-03 3.280120e-01
302 6.689680e-01 2.544000e-03 3.284880e-01
303 6.685800e-01 2.540000e-03 3.288800e-01
304 6.681840e-01 2.540000e-03 3.292760e-01
305 6.677440e-01 2.492000e-03 3.297640e-01
306 6.673240e-01 2.480000e-03 3.301960e-01
307 6.669440e-01 2.380000e-03 3.306760e-01
308 6.665640e-01 2.380000e-03 3.310560e-01
309 6.661560e-01 2.384000e-03 3.314600e-01
310 6.658400e-01 2.252000e-03 3.319080e-01
311 6.655400e-01 2.184000e-03 3.322760e-01
312 6.651600e-01 2.180000e-03 3.326600e-01
313 6.648680e-01 2.128000e-03 3.330040e-01
314 6.645560e-01 2.088000e-03 3.333560e-01
315 6.641360e-01 2.164000e-03 3.337000e-01
316 6.637840e-01 2.108000e-03 3.341080e-01
317 6.634600e-01 2.068000e-03 3.344720e-01
318 6.631360e-01 2.088000e-03 3.347760e-01
319 6.627520e-01 2.064000e-03 3.351840e-01
320 6.624160e-01 2.076000e-03 3.355080e-01
321 6.621120e-01 2.052000e-03 3.358360e-01
322 6.617880e-01 1.984000e-03 3.362280e-01
323 6.614640e-01 1.944000e-03 3.365920e-01
324 6.611280e-01 1.884000e-03 3.369880e-01
325 6.608240e-01 1.848000e-03 3.373280e-01
326 6.605600e-01 1.852000e-03 3.375880e-01
327 6.601760e-01 1.896000e-03 3.379280e-01
328 6.598720e-01 1.880000e-03 3.382480e-01
329 6.595720e-01 1.880000e-03 3.385480e-01
330 6.592960e-01 1.816000e-03 3.388880e-01
331 6.589400e-01 1.836000e-03 3.392240e-01
332 6.585920e-01 1.880000e-03 3.395280e-01
333 6.582240e-01 2.012000e-03 3.397640e-01
334 6.578200e-01 2.096000e-03 3.400840e-01
335 6.574280e-01 2.140000e-03 3.404320e-01
336 6.569680e-01 2.176000e-03 3.408560e-01
337 6.565080e-01 2.288000e-03 3.412040e-01
338 6.561040e-01 2.344000e-03 3.415520e-01
339 6.557080e-01 2.336000e-03 3.419560e-01
340 6.552840e-01 2.376000e-03 3.423400e-01
341 6.549360e-01 2.296000e-03 3.427680e-01
342 6.545960e-01 2.272000e-03 3.431320e-01
343 6.542040e-01 2.244000e-03 3.435520e-01
344 6.538600e-01 2.152000e-03 3.439880e-01
345 6.534960e-01 2.144000e-03 3.443600e-01
346 6.531800e-01 2.088000e-03 3.447320e-01
347 6.528040e-01 2.048000e-03 3.451480e-01
348 6.525160e-01 2.032000e-03 3.454520e-01
349 6.521640e-01 2.088000e-03 3.457480e-01
350 6.518160e-01 2.004000e-03 3.461800e-01
351 6.515600e-01 1.828000e-03 3.466120e-01
352 6.513320e-01 1.748000e-03 3.469200e-01
353 6.511000e-01 1.696000e-03 3.472040e-01
354 6.508200e-01 1.664000e-03 3.475160e-01
355 6.505400e-01 1.660000e-03 3.478000e-01
356 6.502560e-01 1.628000e-03 3.481160e-01
357 6.500320e-01 1.592000e-03 3.483760e-01
358 6.497920e-01 1.604000e-03 3.486040e-01
359 6.495480e-01 1.556000e-03 3.488960e-01
360 6.492680e-01 1.568000e-03 3.491640e-01
361 6.490320e-01 1.528000e-03 3.494400e-01
362 6.487560e-01 1.472000e-03 3.497720e-01
363 6.484960e-01 1.464000e-03 3.500400e-01
364 6.482400e-01 1.412000e-03 3.503480e-01
365 6.480520e-01 1.396000e-03 3.505520e-01
366 6.478280e-01 1.352000e-03 3.508200e-01
367 6.475880e-01 1.340000e-03 3.510720e-01
368 6.474160e-01 1.304000e-03 3.512800e-01
369 6.472240e-01 1.268000e-03 3.515080e-01
370 6.470040e-01 1.248000e-03 3.517480e-01
371 6.468080e-01 1.216000e-03 3.519760e-01
372 6.466440e-01 1.132000e-03 3.522240e-01
373 6.464640e-01 1.108000e-03 3.524280e-01
374 6.463040e-01 1.044000e-03 3.526520e-01
375 6.461200e-01 1.040000e-03 3.528400e-01
376 6.459040e-01 1.052000e-03 3.530440e-01
377 6.457520e-01 1.076000e-03 3.531720e-01
378 6.456200e-01 1.016000e-03 3.533640e-01
379 6.454560e-01 9.800000e-04 3.535640e-01
380 6.452960e-01 9.960000e-04 3.537080e-01
381 6.451280e-01 9.840000e-04 3.538880e-01
382 6.449080e-01 1.024000e-03 3.540680e-01
383 6.447320e-01 1.012000e-03 3.542560e-01
384 6.446120e-01 9.520000e-04 3.544360e-01
385 6.444120e-01 1.000000e-03 3.545880e-01
386 6.442640e-01 9.800000e-04 3.547560e-01
387 6.440960e-01 9.800000e-04 3.549240e-01
388 6.439200e-01 9.760000e-04 3.551040e-01
389 6.437160e-01 9.960000e-04 3.552880e-01
390 6.435800e-01 9.600000e-04 3.554600e-01
391 6.434000e-01 9.960000e-04 3.556040e-01
392 6.432560e-01 9.680000e-04 3.557760e-01
393 6.431000e-01 9.880000e-04 3.559120e-01
394 6.429280e-01 1.020000e-03 3.560520e-01
395 6.427160e-01 1.036000e-03 3.562480e-01
396 6.424760e-01 1.084000e-03 3.564400e-01
397 6.422760e-01 1.108000e-03 3.566160e-01
398 6.420960e-01 1.112000e-03 3.567920e-01
399 6.418920e-01 1.164000e-03 3.569440e-01
400 6.416800e-01 1.156000e-03 3.571640e-01
401 6.415080e-01 1.136000e-03 3.573560e-01
402 6.413320e-01 1.132000e-03 3.575360e-01
403 6.411560e-01 1.160000e-03 3.576840e-01
404 6.409680e-01 1.116000e-03 3.579160e-01
405 6.407880e-01 1.096000e-03 3.581160e-01
406 6.406320e-01 1.016000e-03 3.583520e-01
407 6.405200e-01 9.560000e-04 3.585240e-01
408 6.403920e-01 9.400000e-04 3.586680e-01
409 6.402360e-01 9.320000e-04 3.588320e-01
410 6.401280e-01 8.760000e-04 3.589960e-01
411 6.400200e-01 8.440000e-04 3.591360e-01
412 6.399400e-01 7.920000e-04 3.592680e-01
413 6.398240e-01 8.120000e-04 3.593640e-01
414 6.397080e-01 7.880000e-04 3.595040e-01
415 6.395640e-01 8.080000e-04 3.596280e-01
416 6.394040e-01 8.200000e-04 3.597760e-01
417 6.392360e-01 8.280000e-04 3.599360e-01
418 6.390880e-01 8.240000e-04 3.600880e-01
419 6.389760e-01 7.200000e-04 3.603040e-01
420 6.388240e-01 7.520000e-04 3.604240e-01
421 6.386920e-01 6.960000e-04 3.606120e-01
422 6.385760e-01 6.840000e-04 3.607400e-01
423 6.384520e-01 6.880000e-04 3.608600e-01
424 6.383720e-01 6.480000e-04 3.609800e-01
425 6.382640e-01 6.120000e-04 3.611240e-01
426 6.381480e-01 6.400000e-04 3.612120e-01
427 6.380000e-01 6.880000e-04 3.613120e-01
428 6.378720e-01 6.680000e-04 3.614600e-01
429 6.377400e-01 6.720000e-04 3.615880e-01
430 6.376040e-01 6.680000e-04 3.617280e-01
431 6.374880e-01 6.720000e-04 3.618400e-01
432 6.373760e-01 6.520000e-04 3.619720e-01
433 6.372680e-01 6.280000e-04 3.621040e-01
434 6.371680e-01 6.360000e-04 3.621960e-01
435 6.370520e-01 6.480000e-04 3.623000e-01
436 6.369160e-01 6.400000e-04 3.624440e-01
437 6.368000e-01 6.360000e-04 3.625640e-01
438 6.366520e-01 6.520000e-04 3.626960e-01
439 6.365000e-01 6.840000e-04 3.628160e-01
440 6.363120e-01 7.360000e-04 3.629520e-01
441 6.361720e-01 7.240000e-04 3.631040e-01
442 6.360800e-01 6.880000e-04 3.632320e-01
443 6.359520e-01 6.960000e-04 3.633520e-01
444 6.358160e-01 7.160000e-04 3.634680e-01
445 6.356960e-01 7.080000e-04 3.635960e-01
446 6.355680e-01 7.440000e-04 3.636880e-01
447 6.354560e-01 7.240000e-04 3.638200e-01
448 6.353480e-01 6.880000e-04 3.639640e-01
449 6.352480e-01 6.760000e-04 3.640760e-01
450 6.351680e-01 6.360000e-04 3.641960e-01
451 6.350880e-01 6.280000e-04 3.642840e-01
452 6.349680e-01 6.560000e-04 3.643760e-01
453 6.348120e-01 6.880000e-04 3.645000e-01
454 6.346720e-01 6.760000e-04 3.646520e-01
455 6.345520e-01 6.960000e-04 3.647520e-01
456 6.344320e-01 7.040000e-04 3.648640e-01
457 6.343040e-01 7.360000e-04 3.649600e-01
458 6.341600e-01 7.880000e-04 3.650520e-01
459 6.340000e-01 7.920000e-04 3.652080e-01
460 6.338320e-01 8.160000e-04 3.653520e-01
461 6.337320e-01 7.800000e-04 3.654880e-01
462 6.336360e-01 6.920000e-04 3.656720e-01
463 6.335000e-01 7.040000e-04 3.657960e-01
464 6.333640e-01 7.200000e-04 3.659160e-01
465 6.332720e-01 6.760000e-04 3.660520e-01
466 6.331640e-01 6.360000e-04 3.662000e-01
467 6.330920e-01 6.040000e-04 3.663040e-01
468 6.330040e-01 6.080000e-04 3.663880e-01
469 6.328800e-01 6.480000e-04 3.664720e-01
470 6.327480e-01 6.600000e-04 3.665920e-01
471 6.326760e-01 6.240000e-04 3.667000e-01
472 6.325680e-01 6.160000e-04 3.668160e-01
473 6.324520e-01 6.440000e-04 3.669040e-01
474 6.323360e-01 6.520000e-04 3.670120e-01
475 6.322440e-01 6.080000e-04 3.671480e-01
476 6.321160e-01 6.440000e-04 3.672400e-01
477 6.320080e-01 6.000000e-04 3.673920e-01
478 6.318600e-01 6.240000e-04 3.675160e-01
479 6.317760e-01 6.320000e-04 3.675920e-01
480 6.316880e-01 6.200000e-04 3.676920e-01
481 6.315880e-01 6.200000e-04 3.677920e-01
482 6.315080e-01 5.920000e-04 3.679000e-01
483 6.314480e-01 5.360000e-04 3.680160e-01
484 6.313760e-01 5.160000e-04 3.681080e-01
485 6.312480e-01 5.720000e-04 3.681800e-01
486 6.311760e-01 5.360000e-04 3.682880e-01
487 6.311000e-01 5.480000e-04 3.683520e-01
488 6.309920e-01 5.680000e-04 3.684400e-01
489 6.309160e-01 5.280000e-04 3.685560e-01
490 6.308080e-01 5.360000e-04 3.686560e-01
491 6.307160e-01 5.520000e-04 3.687320e-01
492 6.306400e-01 5.120000e-04 3.688480e-01
493 6.305320e-01 5.520000e-04 3.689160e-01
494 6.304400e-01 5.640000e-04 3.689960e-01
495 6.303760e-01 5.720000e-04 3.690520e-01
496 6.303000e-01 5.400000e-04 3.691600e-01
497 6.302120e-01 5.120000e-04 3.692760e-01
498 6.301360e-01 4.840000e-04 3.693800e-01
499 6.300880e-01 4.400000e-04 3.694720e-01
500 6.300320e-01 4.320000e-04 3.695360e-01
