1 9.992120e-01 7.280000e-04 6.000000e-05
2 9.986440e-01 1.124000e-03 2.320000e-04
3 9.979160e-01 1.608000e-03 4.760000e-04
4 9.971640e-01 2.012000e-03 8.240000e-04
5 9.962600e-01 2.596000e-03 1.144000e-03
6 9.953000e-01 2.968000e-03 1.732000e-03
7 9.942280e-01 3.360000e-03 2.412000e-03
8 9.930920e-01 3.828000e-03 3.080000e-03
9 9.918880e-01 4.376000e-03 3.736000e-03
10 9.907960e-01 4.672000e-03 4.532000e-03
11 9.897160e-01 4.992000e-03 5.292000e-03
12 9.884480e-01 5.384000e-03 6.168000e-03
13 9.870400e-01 5.868000e-03 7.092000e-03
14 9.856200e-01 6.256000e-03 8.124000e-03
15 9.842120e-01 6.604000e-03 9.184000e-03
16 9.827680e-01 6.916000e-03 1.031600e-02
17 9.812640e-01 7.100000e-03 1.163600e-02
18 9.796840e-01 7.536000e-03 1.278000e-02
19 9.782400e-01 7.632000e-03 1.412800e-02
20 9.767840e-01 7.672000e-03 1.554400e-02
21 9.753160e-01 7.740000e-03 1.694400e-02
22 9.739200e-01 7.888000e-03 1.819200e-02
23 9.723560e-01 8.028000e-03 1.961600e-02
24 9.708600e-01 8.312000e-03 2.082800e-02
25 9.692040e-01 8.524000e-03 2.227200e-02
26 9.676760e-01 8.492000e-03 2.383200e-02
27 9.660960e-01 8.604000e-03 2.530000e-02
28 9.643280e-01 8.836000e-03 2.683600e-02
29 9.626800e-01 9.000000e-03 2.832000e-02
30 9.608880e-01 9.164000e-03 2.994800e-02
31 9.591200e-01 9.372000e-03 3.150800e-02
32 9.573240e-01 9.600000e-03 3.307600e-02
33 9.555000e-01 9.588000e-03 3.491200e-02
34 9.537280e-01 9.700000e-03 3.657200e-02
35 9.518200e-01 9.864000e-03 3.831600e-02
36 9.498840e-01 1.006400e-02 4.005200e-02
37 9.480160e-01 1.021200e-02 4.177200e-02
38 9.462400e-01 1.018400e-02 4.357600e-02
39 9.444400e-01 1.004400e-02 4.551600e-02
40 9.424960e-01 1.021600e-02 4.728800e-02
41 9.406640e-01 1.007200e-02 4.926400e-02
42 9.389000e-01 1.015200e-02 5.094800e-02
43 9.369160e-01 1.034000e-02 5.274400e-02
44 9.351080e-01 1.033200e-02 5.456000e-02
45 9.333080e-01 1.034400e-02 5.634800e-02
46 9.313720e-01 1.039200e-02 5.823600e-02
47 9.293640e-01 1.064800e-02 5.998800e-02
48 9.273920e-01 1.066000e-02 6.194800e-02
49 9.253880e-01 1.075600e-02 6.385600e-02
50 9.233200e-01 1.098400e-02 6.569600e-02
51 9.212400e-01 1.125200e-02 6.750800e-02
52 9.192240e-01 1.123600e-02 6.954000e-02
53 9.173200e-01 1.112800e-02 7.155200e-02
54 9.154200e-01 1.110400e-02 7.347600e-02
55 9.134640e-01 1.112400e-02 7.541200e-02
56 9.116160e-01 1.093200e-02 7.745200e-02
57 9.097440e-01 1.079600e-02 7.946000e-02
58 9.078640e-01 1.077600e-02 8.136000e-02
59 9.061520e-01 1.078000e-02 8.306800e-02
60 9.043560e-01 1.080000e-02 8.484400e-02
61 9.026160e-01 1.054800e-02 8.683600e-02
62 9.010080e-01 1.033600e-02 8.865600e-02
63 8.993200e-01 1.018000e-02 9.050000e-02
64 8.974680e-01 1.025200e-02 9.228000e-02
65 8.958400e-01 1.016000e-02 9.400000e-02
66 8.940760e-01 1.030400e-02 9.562000e-02
67 8.922640e-01 1.034000e-02 9.739600e-02
68 8.904880e-01 1.027200e-02 9.924000e-02
69 8.887160e-01 1.025200e-02 1.010320e-01
70 8.869920e-01 1.024800e-02 1.027600e-01
71 8.853680e-01 1.002800e-02 1.046040e-01
72 8.838080e-01 9.828000e-03 1.063640e-01
73 8.820400e-01 9.936000e-03 1.080240e-01
74 8.803640e-01 9.844000e-03 1.097920e-01
75 8.787360e-01 9.652000e-03 1.116120e-01
76 8.770320e-01 9.652000e-03 1.133160e-01
77 8.753800e-01 9.712000e-03 1.149080e-01
78 8.736600e-01 9.692000e-03 1.166480e-01
79 8.720200e-01 9.668000e-03 1.183120e-01
80 8.703480e-01 9.552000e-03 1.201000e-01
81 8.685360e-01 9.668000e-03 1.217960e-01
82 8.667440e-01 9.720000e-03 1.235360e-01
83 8.652080e-01 9.584000e-03 1.252080e-01
84 8.636520e-01 9.504000e-03 1.268440e-01
85 8.620160e-01 9.568000e-03 1.284160e-01
86 8.603680e-01 9.648000e-03 1.299840e-01
87 8.586160e-01 9.696000e-03 1.316880e-01
88 8.569440e-01 9.584000e-03 1.334720e-01
89 8.553280e-01 9.596000e-03 1.350760e-01
90 8.536320e-01 9.740000e-03 1.366280e-01
91 8.518200e-01 9.836000e-03 1.383440e-01
92 8.501640e-01 9.836000e-03 1.400000e-01
93 8.484680e-01 9.840000e-03 1.416920e-01
94 8.468560e-01 9.632000e-03 1.435120e-01
95 8.451880e-01 9.596000e-03 1.452160e-01
96 8.435520e-01 9.608000e-03 1.468400e-01
97 8.420480e-01 9.536000e-03 1.484160e-01
98 8.404240e-01 9.588000e-03 1.499880e-01
99 8.387000e-01 9.772000e-03 1.515280e-01
100 8.371800e-01 9.796000e-03 1.530240e-01
101 8.356000e-01 9.716000e-03 1.546840e-01
102 8.340000e-01 9.760000e-03 1.562400e-01
103 8.324440e-01 9.636000e-03 1.579200e-01
104 8.309000e-01 9.460000e-03 1.596400e-01
105 8.291120e-01 9.636000e-03 1.612520e-01
106 8.275080e-01 9.616000e-03 1.628760e-01
107 8.258960e-01 9.684000e-03 1.644200e-01
108 8.243480e-01 9.552000e-03 1.661000e-01
109 8.227760e-01 9.564000e-03 1.676600e-01
110 8.210440e-01 9.576000e-03 1.693800e-01
111 8.195280e-01 9.404000e-03 1.710680e-01
112 8.178640e-01 9.492000e-03 1.726440e-01
113 8.163400e-01 9.296000e-03 1.743640e-01
114 8.147040e-01 9.236000e-03 1.760600e-01
115 8.131720e-01 9.216000e-03 1.776120e-01
116 8.116000e-01 9.112000e-03 1.792880e-01
117 8.099920e-01 9.100000e-03 1.809080e-01
118 8.085160e-01 8.976000e-03 1.825080e-01
119 8.069720e-01 9.024000e-03 1.840040e-01
120 8.055400e-01 9.044000e-03 1.854160e-01
121 8.040240e-01 8.940000e-03 1.870360e-01
122 8.025480e-01 8.924000e-03 1.885280e-01
123 8.010840e-01 8.904000e-03 1.900120e-01
124 7.994200e-01 8.980000e-03 1.916000e-01
125 7.979240e-01 8.912000e-03 1.931640e-01
126 7.965200e-01 8.892000e-03 1.945880e-01
127 7.949760e-01 8.892000e-03 1.961320e-01
128 7.933920e-01 8.980000e-03 1.976280e-01
129 7.919520e-01 8.812000e-03 1.992360e-01
130 7.905720e-01 8.788000e-03 2.006400e-01
131 7.890320e-01 8.776000e-03 2.021920e-01
132 7.875360e-01 8.772000e-03 2.036920e-01
133 7.859560e-01 8.936000e-03 2.051080e-01
134 7.845160e-01 8.832000e-03 2.066520e-01
135 7.830040e-01 8.848000e-03 2.081480e-01
136 7.815880e-01 8.548000e-03 2.098640e-01
137 7.800320e-01 8.636000e-03 2.113320e-01
138 7.786160e-01 8.600000e-03 2.127840e-01
139 7.770680e-01 8.640000e-03 2.142920e-01
140 7.756040e-01 8.608000e-03 2.157880e-01
141 7.741920e-01 8.600000e-03 2.172080e-01
142 7.727440e-01 8.596000e-03 2.186600e-01
143 7.713200e-01 8.564000e-03 2.201160e-01
144 7.698360e-01 8.552000e-03 2.216120e-01
145 7.684680e-01 8.452000e-03 2.230800e-01
146 7.671680e-01 8.276000e-03 2.245560e-01
147 7.658520e-01 8.124000e-03 2.260240e-01
148 7.645560e-01 7.972000e-03 2.274720e-01
149 7.633080e-01 7.772000e-03 2.289200e-01
150 7.621640e-01 7.556000e-03 2.302800e-01
151 7.609800e-01 7.592000e-03 2.314280e-01
152 7.596080e-01 7.700000e-03 2.326920e-01
153 7.582400e-01 7.804000e-03 2.339560e-01
154 7.570400e-01 7.692000e-03 2.352680e-01
155 7.557680e-01 7.588000e-03 2.366440e-01
156 7.543960e-01 7.600000e-03 2.380040e-01
157 7.531760e-01 7.544000e-03 2.392800e-01
158 7.518760e-01 7.488000e-03 2.406360e-01
159 7.508360e-01 7.288000e-03 2.418760e-01
160 7.494680e-01 7.368000e-03 2.431640e-01
161 7.482320e-01 7.276000e-03 2.444920e-01
162 7.469760e-01 7.384000e-03 2.456400e-01
163 7.456720e-01 7.320000e-03 2.470080e-01
164 7.445920e-01 7.252000e-03 2.481560e-01
165 7.432720e-01 7.280000e-03 2.494480e-01
166 7.422040e-01 7.152000e-03 2.506440e-01
167 7.410880e-01 7.148000e-03 2.517640e-01
168 7.399880e-01 7.060000e-03 2.529520e-01
169 7.387720e-01 7.072000e-03 2.541560e-01
170 7.376000e-01 6.944000e-03 2.554560e-01
171 7.364600e-01 6.928000e-03 2.566120e-01
172 7.353520e-01 6.864000e-03 2.577840e-01
173 7.343240e-01 6.740000e-03 2.589360e-01
174 7.332440e-01 6.696000e-03 2.600600e-01
175 7.322120e-01 6.580000e-03 2.612080e-01
176 7.312760e-01 6.340000e-03 2.623840e-01
177 7.303680e-01 6.052000e-03 2.635800e-01
178 7.295400e-01 5.772000e-03 2.646880e-01
179 7.287040e-01 5.444000e-03 2.658520e-01
180 7.278280e-01 5.328000e-03 2.668440e-01
181 7.269400e-01 5.260000e-03 2.678000e-01
182 7.261480e-01 5.072000e-03 2.687800e-01
183 7.250200e-01 5.300000e-03 2.696800e-01
184 7.240520e-01 5.344000e-03 2.706040e-01
185 7.231760e-01 5.144000e-03 2.716800e-01
186 7.222680e-01 5.116000e-03 2.726160e-01
187 7.214040e-01 5.148000e-03 2.734480e-01
188 7.205240e-01 5.112000e-03 2.743640e-01
189 7.195680e-01 5.136000e-03 2.752960e-01
190 7.186080e-01 5.180000e-03 2.762120e-01
191 7.177480e-01 5.080000e-03 2.771720e-01
192 7.169000e-01 5.060000e-03 2.780400e-01
193 7.159560e-01 5.148000e-03 2.788960e-01
194 7.149760e-01 5.288000e-03 2.797360e-01
195 7.139320e-01 5.404000e-03 2.806640e-01
196 7.129520e-01 5.388000e-03 2.816600e-01
197 7.120960e-01 5.340000e-03 2.825640e-01
198 7.112600e-01 5.264000e-03 2.834760e-01
199 7.104000e-01 5.212000e-03 2.843880e-01
200 7.093680e-01 5.332000e-03 2.853000e-01
201 7.084600e-01 5.288000e-03 2.862520e-01
202 7.076520e-01 5.224000e-03 2.871240e-01
203 7.069720e-01 4.968000e-03 2.880600e-01
204 7.060920e-01 5.028000e-03 2.888800e-01
205 7.053680e-01 4.916000e-03 2.897160e-01
206 7.045360e-01 4.912000e-03 2.905520e-01
207 7.036320e-01 5.000000e-03 2.913680e-01
208 7.028160e-01 4.912000e-03 2.922720e-01
209 7.019440e-01 4.916000e-03 2.931400e-01
210 7.011560e-01 4.824000e-03 2.940200e-01
211 7.004920e-01 4.740000e-03 2.947680e-01
212 6.997760e-01 4.692000e-03 2.955320e-01
213 6.990520e-01 4.584000e-03 2.963640e-01
214 6.983640e-01 4.496000e-03 2.971400e-01
215 6.976760e-01 4.308000e-03 2.980160e-01
216 6.969000e-01 4.372000e-03 2.987280e-01
217 6.961400e-01 4.372000e-03 2.994880e-01
218 6.952800e-01 4.548000e-03 3.001720e-01
219 6.944720e-01 4.568000e-03 3.009600e-01
220 6.937120e-01 4.480000e-03 3.018080e-01
221 6.929560e-01 4.480000e-03 3.025640e-01
222 6.923120e-01 4.280000e-03 3.034080e-01
223 6.916000e-01 4.248000e-03 3.041520e-01
224 6.908840e-01 4.264000e-03 3.048520e-01
225 6.901920e-01 4.300000e-03 3.055080e-01
226 6.894560e-01 4.392000e-03 3.061520e-01
227 6.887480e-01 4.392000e-03 3.068600e-01
228 6.880440e-01 4.328000e-03 3.076280e-01
229 6.873440e-01 4.356000e-03 3.083000e-01
230 6.866360e-01 4.244000e-03 3.091200e-01
231 6.858880e-01 4.296000e-03 3.098160e-01
232 6.850880e-01 4.268000e-03 3.106440e-01
233 6.843560e-01 4.296000e-03 3.113480e-01
234 6.836680e-01 4.260000e-03 3.120720e-01
235 6.830440e-01 4.172000e-03 3.127840e-01
236 6.824080e-01 4.092000e-03 3.135000e-01
237 6.817240e-01 4.132000e-03 3.141440e-01
238 6.810480e-01 4.040000e-03 3.149120e-01
239 6.804680e-01 3.908000e-03 3.156240e-01
240 6.798400e-01 3.808000e-03 3.163520e-01
241 6.791960e-01 3.796000e-03 3.170080e-01
242 6.785160e-01 3.776000e-03 3.177080e-01
243 6.777920e-01 3.864000e-03 3.183440e-01
244 6.771080e-01 3.828000e-03 3.190640e-01
245 6.763160e-01 3.916000e-03 3.197680e-01
246 6.756280e-01 3.880000e-03 3.204920e-01
247 6.749760e-01 3.868000e-03 3.211560e-01
248 6.742960e-01 3.860000e-03 3.218440e-01
249 6.736960e-01 3.728000e-03 3.225760e-01
250 6.728920e-01 3.912000e-03 3.231960e-01
251 6.720720e-01 4.036000e-03 3.238920e-01
252 6.715040e-01 3.824000e-03 3.246720e-01
253 6.709160e-01 3.776000e-03 3.253080e-01
254 6.702720e-01 3.740000e-03 3.259880e-01
255 6.697360e-01 3.600000e-03 3.266640e-01
256 6.691760e-01 3.532000e-03 3.272920e-01
257 6.686560e-01 3.452000e-03 3.278920e-01
258 6.680880e-01 3.436000e-03 3.284760e-01
259 6.675520e-01 3.392000e-03 3.290560e-01
260 6.669200e-01 3.484000e-03 3.295960e-01
261 6.663440e-01 3.492000e-03 3.301640e-01
262 6.657520e-01 3.392000e-03 3.308560e-01
263 6.651880e-01 3.352000e-03 3.314600e-01
264 6.646920e-01 3.248000e-03 3.320600e-01
265 6.641600e-01 3.212000e-03 3.326280e-01
266 6.635720e-01 3.184000e-03 3.332440e-01
267 6.630520e-01 3.224000e-03 3.337240e-01
268 6.623880e-01 3.280000e-03 3.343320e-01
269 6.618920e-01 3.220000e-03 3.348880e-01
270 6.612760e-01 3.288000e-03 3.354360e-01
271 6.606320e-01 3.420000e-03 3.359480e-01
272 6.599880e-01 3.428000e-03 3.365840e-01
273 6.594160e-01 3.352000e-03 3.372320e-01
274 6.587240e-01 3.452000e-03 3.378240e-01
275 6.581200e-01 3.376000e-03 3.385040e-01
276 6.574640e-01 3.500000e-03 3.390360e-01
277 6.568440e-01 3.544000e-03 3.396120e-01
278 6.562480e-01 3.508000e-03 3.402440e-01
279 6.557360e-01 3.392000e-03 3.408720e-01
280 6.551720e-01 3.400000e-03 3.414280e-01
281 6.546200e-01 3.384000e-03 3.419960e-01
282 6.541680e-01 3.240000e-03 3.425920e-01
283 6.535400e-01 3.380000e-03 3.430800e-01
284 6.530160e-01 3.372000e-03 3.436120e-01
285 6.524680e-01 3.364000e-03 3.441680e-01
286 6.519360e-01 3.324000e-03 3.447400e-01
287 6.514080e-01 3.376000e-03 3.452160e-01
288 6.509160e-01 3.296000e-03 3.457880e-01
289 6.503680e-01 3.228000e-03 3.464040e-01
290 6.497400e-01 3.324000e-03 3.469360e-01
291 6.491320e-01 3.352000e-03 3.475160e-01
292 6.485440e-01 3.276000e-03 3.481800e-01
293 6.480200e-01 3.356000e-03 3.486240e-01
294 6.474640e-01 3.316000e-03 3.492200e-01
295 6.468000e-01 3.412000e-03 3.497880e-01
296 6.461600e-01 3.480000e-03 3.503600e-01
297 6.455040e-01 3.576000e-03 3.509200e-01
298 6.449120e-01 3.540000e-03 3.515480e-01
299 6.443360e-01 3.504000e-03 3.521600e-01
300 6.437120e-01 3.552000e-03 3.527360e-01
301 6.431480e-01 3.576000e-03 3.532760e-01
302 6.425080e-01 3.596000e-03 3.538960e-01
303 6.419000e-01 3.608000e-03 3.544920e-01
304 6.413280e-01 3.452000e-03 3.552200e-01
305 6.408360e-01 3.372000e-03 3.557920e-01
306 6.402080e-01 3.440000e-03 3.563520e-01
307 6.396320e-01 3.432000e-03 3.569360e-01
308 6.391040e-01 3.352000e-03 3.575440e-01
309 6.384880e-01 3.404000e-03 3.581080e-01
310 6.378600e-01 3.436000e-03 3.587040e-01
311 6.373560e-01 3.348000e-03 3.592960e-01
312 6.368160e-01 3.368000e-03 3.598160e-01
313 6.362800e-01 3.304000e-03 3.604160e-01
314 6.357120e-01 3.368000e-03 3.609200e-01
315 6.351160e-01 3.348000e-03 3.615360e-01
316 6.345000e-01 3.424000e-03 3.620760e-01
317 6.338520e-01 3.436000e-03 3.627120e-01
318 6.332240e-01 3.356000e-03 3.634200e-01
319 6.325840e-01 3.408000e-03 3.640080e-01
320 6.319560e-01 3.396000e-03 3.646480e-01
321 6.313080e-01 3.416000e-03 3.652760e-01
322 6.306080e-01 3.500000e-03 3.658920e-01
323 6.300080e-01 3.508000e-03 3.664840e-01
324 6.294600e-01 3.480000e-03 3.670600e-01
325 6.288560e-01 3.536000e-03 3.676080e-01
326 6.282600e-01 3.548000e-03 3.681920e-01
327 6.277520e-01 3.516000e-03 3.687320e-01
328 6.271960e-01 3.368000e-03 3.694360e-01
329 6.266520e-01 3.296000e-03 3.700520e-01
330 6.260880e-01 3.244000e-03 3.706680e-01
331 6.255240e-01 3.308000e-03 3.711680e-01
332 6.249440e-01 3.372000e-03 3.716840e-01
333 6.243200e-01 3.396000e-03 3.722840e-01
334 6.236760e-01 3.444000e-03 3.728800e-01
335 6.230560e-01 3.420000e-03 3.735240e-01
336 6.225400e-01 3.340000e-03 3.741200e-01
337 6.219960e-01 3.192000e-03 3.748120e-01
338 6.214200e-01 3.224000e-03 3.753560e-01
339 6.209440e-01 3.132000e-03 3.759240e-01
340 6.203920e-01 3.188000e-03 3.764200e-01
341 6.197120e-01 3.372000e-03 3.769160e-01
342 6.190960e-01 3.340000e-03 3.775640e-01
343 6.184840e-01 3.388000e-03 3.781280e-01
344 6.179760e-01 3.284000e-03 3.787400e-01
345 6.175000e-01 3.232000e-03 3.792680e-01
346 6.170000e-01 3.144000e-03 3.798560e-01
347 6.165400e-01 3.096000e-03 3.803640e-01
348 6.160280e-01 3.096000e-03 3.808760e-01
349 6.155200e-01 3.120000e-03 3.813600e-01
350 6.150400e-01 3.080000e-03 3.818800e-01
351 6.145960e-01 2.940000e-03 3.824640e-01
352 6.141080e-01 2.912000e-03 3.829800e-01
353 6.137760e-01 2.740000e-03 3.834840e-01
354 6.133880e-01 2.664000e-03 3.839480e-01
355 6.129040e-01 2.608000e-03 3.844880e-01
356 6.125160e-01 2.672000e-03 3.848120e-01
357 6.120360e-01 2.716000e-03 3.852480e-01
358 6.116400e-01 2.624000e-03 3.857360e-01
359 6.111960e-01 2.688000e-03 3.861160e-01
360 6.107560e-01 2.600000e-03 3.866440e-01
361 6.103440e-01 2.544000e-03 3.871120e-01
362 6.100080e-01 2.444000e-03 3.875480e-01
363 6.096400e-01 2.404000e-03 3.879560e-01
364 6.093480e-01 2.284000e-03 3.883680e-01
365 6.089560e-01 2.348000e-03 3.886960e-01
366 6.086320e-01 2.308000e-03 3.890600e-01
367 6.082680e-01 2.280000e-03 3.894520e-01
368 6.079160e-01 2.228000e-03 3.898560e-01
369 6.075480e-01 2.180000e-03 3.902720e-01
370 6.071480e-01 2.160000e-03 3.906920e-01
371 6.066840e-01 2.252000e-03 3.910640e-01
372 6.063120e-01 2.172000e-03 3.915160e-01
373 6.059600e-01 2.192000e-03 3.918480e-01
374 6.056800e-01 2.056000e-03 3.922640e-01
375 6.054360e-01 2.008000e-03 3.925560e-01
376 6.051320e-01 1.980000e-03 3.928880e-01
377 6.048800e-01 1.860000e-03 3.932600e-01
378 6.046440e-01 1.760000e-03 3.935960e-01
379 6.044000e-01 1.664000e-03 3.939360e-01
380 6.041520e-01 1.640000e-03 3.942080e-01
381 6.038920e-01 1.572000e-03 3.945360e-01
382 6.036880e-01 1.524000e-03 3.947880e-01
383 6.034400e-01 1.560000e-03 3.950000e-01
384 6.031640e-01 1.516000e-03 3.953200e-01
385 6.029440e-01 1.448000e-03 3.956080e-01
386 6.027680e-01 1.380000e-03 3.958520e-01
387 6.025520e-01 1.356000e-03 3.960920e-01
388 6.023240e-01 1.360000e-03 3.963160e-01
389 6.020840e-01 1.384000e-03 3.965320e-01
390 6.018160e-01 1.448000e-03 3.967360e-01
391 6.015880e-01 1.452000e-03 3.969600e-01
392 6.013560e-01 1.460000e-03 3.971840e-01
393 6.011600e-01 1.360000e-03 3.974800e-01
394 6.009800e-01 1.248000e-03 3.977720e-01
395 6.007480e-01 1.244000e-03 3.980080e-01
396 6.004560e-01 1.344000e-03 3.982000e-01
397 6.002400e-01 1.316000e-03 3.984440e-01
398 6.000680e-01 1.236000e-03 3.986960e-01
399 5.999080e-01 1.224000e-03 3.988680e-01
400 5.997400e-01 1.224000e-03 3.990360e-01
401 5.995400e-01 1.236000e-03 3.992240e-01
402 5.993360e-01 1.208000e-03 3.994560e-01
403 5.991520e-01 1.228000e-03 3.996200e-01
404 5.989280e-01 1.260000e-03 3.998120e-01
405 5.987320e-01 1.224000e-03 4.000440e-01
406 5.985120e-01 1.200000e-03 4.002880e-01
407 5.983520e-01 1.168000e-03 4.004800e-01
408 5.981680e-01 1.172000e-03 4.006600e-01
409 5.980000e-01 1.148000e-03 4.008520e-01
410 5.978080e-01 1.152000e-03 4.010400e-01
411 5.976440e-01 1.128000e-03 4.012280e-01
412 5.974360e-01 1.120000e-03 4.014440e-01
413 5.972800e-01 1.116000e-03 4.016040e-01
414 5.970880e-01 1.152000e-03 4.017600e-01
415 5.969320e-01 1.144000e-03 4.019240e-01
416 5.967840e-01 1.064000e-03 4.021520e-01
417 5.966160e-01 1.076000e-03 4.023080e-01
418 5.964640e-01 1.024000e-03 4.025120e-01
419 5.962400e-01 1.060000e-03 4.027000e-01
420 5.960360e-01 1.104000e-03 4.028600e-01
421 5.958440e-01 1.104000e-03 4.030520e-01
422 5.956200e-01 1.084000e-03 4.032960e-01
423 5.954760e-01 1.096000e-03 4.034280e-01
424 5.952400e-01 1.140000e-03 4.036200e-01
425 5.949880e-01 1.176000e-03 4.038360e-01
426 5.947720e-01 1.164000e-03 4.040640e-01
427 5.945880e-01 1.196000e-03 4.042160e-01
428 5.943880e-01 1.248000e-03 4.043640e-01
429 5.941200e-01 1.288000e-03 4.045920e-01
430 5.939520e-01 1.184000e-03 4.048640e-01
431 5.938000e-01 1.156000e-03 4.050440e-01
432 5.935800e-01 1.144000e-03 4.052760e-01
433 5.933960e-01 1.120000e-03 4.054840e-01
434 5.931800e-01 1.120000e-03 4.057000e-01
435 5.929920e-01 1.100000e-03 4.059080e-01
436 5.927880e-01 1.116000e-03 4.060960e-01
437 5.925840e-01 1.156000e-03 4.062600e-01
438 5.924360e-01 1.112000e-03 4.064520e-01
439 5.922960e-01 1.048000e-03 4.066560e-01
440 5.921040e-01 1.080000e-03 4.068160e-01
441 5.919240e-01 1.108000e-03 4.069680e-01
442 5.917960e-01 1.076000e-03 4.071280e-01
443 5.916400e-01 1.036000e-03 4.073240e-01
444 5.914760e-01 9.880000e-04 4.075360e-01
445 5.913400e-01 9.560000e-04 4.077040e-01
446 5.911920e-01 9.360000e-04 4.078720e-01
447 5.909960e-01 9.760000e-04 4.080280e-01
448 5.908280e-01 9.800000e-04 4.081920e-01
449 5.905960e-01 1.052000e-03 4.083520e-01
450 5.903680e-01 1.084000e-03 4.085480e-01
451 5.901160e-01 1.180000e-03 4.087040e-01
452 5.898840e-01 1.220000e-03 4.088960e-01
453 5.896480e-01 1.264000e-03 4.090880e-01
454 5.894400e-01 1.260000e-03 4.093000e-01
455 5.892440e-01 1.220000e-03 4.095360e-01
456 5.890640e-01 1.140000e-03 4.097960e-01
457 5.888960e-01 1.136000e-03 4.099680e-01
458 5.887200e-01 1.160000e-03 4.101200e-01
459 5.885800e-01 1.088000e-03 4.103320e-01
460 5.884320e-01 1.036000e-03 4.105320e-01
461 5.883000e-01 1.008000e-03 4.106920e-01
462 5.881360e-01 9.960000e-04 4.108680e-01
463 5.879840e-01 9.440000e-04 4.110720e-01
464 5.878280e-01 9.560000e-04 4.112160e-01
465 5.876040e-01 1.040000e-03 4.113560e-01
466 5.874400e-01 1.000000e-03 4.115600e-01
467 5.872600e-01 1.052000e-03 4.116880e-01
468 5.870760e-01 1.000000e-03 4.119240e-01
469 5.869480e-01 9.560000e-04 4.120960e-01
470 5.868240e-01 9.280000e-04 4.122480e-01
471 5.866760e-01 8.920000e-04 4.124320e-01
472 5.865800e-01 8.280000e-04 4.125920e-01
473 5.864560e-01 8.000000e-04 4.127440e-01
474 5.863120e-01 8.520000e-04 4.128360e-01
475 5.861800e-01 8.520000e-04 4.129680e-01
476 5.860040e-01 9.160000e-04 4.130800e-01
477 5.858080e-01 9.560000e-04 4.132360e-01
478 5.856680e-01 9.280000e-04 4.134040e-01
479 5.854880e-01 9.160000e-04 4.135960e-01
480 5.854000e-01 8.280000e-04 4.137720e-01
481 5.852640e-01 8.240000e-04 4.139120e-01
482 5.851600e-01 7.960000e-04 4.140440e-01
483 5.850960e-01 7.760000e-04 4.141280e-01
484 5.850040e-01 7.680000e-04 4.142280e-01
485 5.848880e-01 7.240000e-04 4.143880e-01
486 5.847680e-01 7.120000e-04 4.145200e-01
487 5.846360e-01 6.880000e-04 4.146760e-01
488 5.845600e-01 6.400000e-04 4.148000e-01
489 5.844960e-01 5.640000e-04 4.149400e-01
490 5.844400e-01 5.480000e-04 4.150120e-01
491 5.843600e-01 5.560000e-04 4.150840e-01
492 5.842960e-01 5.240000e-04 4.151800e-01
493 5.842120e-01 5.160000e-04 4.152720e-01
494 5.841360e-01 5.080000e-04 4.153560e-01
495 5.840680e-01 4.840000e-04 4.154480e-01
496 5.839800e-01 5.000000e-04 4.155200e-01
497 5.838720e-01 5.440000e-04 4.155840e-01
498 5.838280e-01 5.240000e-04 4.156480e-01
499 5.837640e-01 4.560000e-04 4.157800e-01
500 5.837040e-01 4.480000e-04 4.158480e-01
