1 9.991720e-01 7.240000e-04 1.040000e-04
2 9.986960e-01 1.004000e-03 3.000000e-04
3 9.981160e-01 1.376000e-03 5.080000e-04
4 9.974680e-01 1.728000e-03 8.040000e-04
5 9.967960e-01 2.048000e-03 1.156000e-03
6 9.958960e-01 2.504000e-03 1.600000e-03
7 9.949280e-01 2.996000e-03 2.076000e-03
8 9.938760e-01 3.452000e-03 2.672000e-03
9 9.928960e-01 3.744000e-03 3.360000e-03
10 9.918200e-01 4.124000e-03 4.056000e-03
11 9.907160e-01 4.392000e-03 4.892000e-03
12 9.895720e-01 4.764000e-03 5.664000e-03
13 9.883200e-01 5.192000e-03 6.488000e-03
14 9.870480e-01 5.424000e-03 7.528000e-03
15 9.857760e-01 5.836000e-03 8.388000e-03
16 9.845000e-01 6.060000e-03 9.440000e-03
17 9.832240e-01 6.220000e-03 1.055600e-02
18 9.818800e-01 6.564000e-03 1.155600e-02
19 9.804560e-01 6.824000e-03 1.272000e-02
20 9.788520e-01 7.252000e-03 1.389600e-02
21 9.772920e-01 7.508000e-03 1.520000e-02
22 9.755800e-01 7.796000e-03 1.662400e-02
23 9.741960e-01 7.796000e-03 1.800800e-02
24 9.726840e-01 7.804000e-03 1.951200e-02
25 9.711920e-01 7.856000e-03 2.095200e-02
26 9.696360e-01 8.056000e-03 2.230800e-02
27 9.680320e-01 8.168000e-03 2.380000e-02
28 9.666240e-01 8.232000e-03 2.514400e-02
29 9.650880e-01 8.364000e-03 2.654800e-02
30 9.635480e-01 8.472000e-03 2.798000e-02
31 9.618840e-01 8.676000e-03 2.944000e-02
32 9.602200e-01 8.864000e-03 3.091600e-02
33 9.583880e-01 9.244000e-03 3.236800e-02
34 9.567320e-01 9.312000e-03 3.395600e-02
35 9.549720e-01 9.320000e-03 3.570800e-02
36 9.531040e-01 9.452000e-03 3.744400e-02
37 9.512200e-01 9.656000e-03 3.912400e-02
38 9.493720e-01 9.836000e-03 4.079200e-02
39 9.475720e-01 9.912000e-03 4.251600e-02
40 9.457360e-01 9.880000e-03 4.438400e-02
41 9.439040e-01 9.916000e-03 4.618000e-02
42 9.420720e-01 1.004400e-02 4.788400e-02
43 9.399040e-01 1.041200e-02 4.968400e-02
44 9.380680e-01 1.034400e-02 5.158800e-02
45 9.359600e-01 1.056000e-02 5.348000e-02
46 9.339720e-01 1.062400e-02 5.540400e-02
47 9.321040e-01 1.053200e-02 5.736400e-02
48 9.303080e-01 1.066000e-02 5.903200e-02
49 9.286160e-01 1.043600e-02 6.094800e-02
50 9.267440e-01 1.046800e-02 6.278800e-02
51 9.249000e-01 1.045600e-02 6.464400e-02
52 9.227480e-01 1.065600e-02 6.659600e-02
53 9.207720e-01 1.076400e-02 6.846400e-02
54 9.189280e-01 1.068400e-02 7.038800e-02
55 9.170800e-01 1.070000e-02 7.222000e-02
56 9.151200e-01 1.068400e-02 7.419600e-02
57 9.131120e-01 1.074000e-02 7.614800e-02
58 9.113120e-01 1.061600e-02 7.807200e-02
59 9.093960e-01 1.059600e-02 8.000800e-02
60 9.076320e-01 1.048000e-02 8.188800e-02
61 9.056840e-01 1.066000e-02 8.365600e-02
62 9.038640e-01 1.052800e-02 8.560800e-02
63 9.019680e-01 1.053600e-02 8.749600e-02
64 9.001560e-01 1.038800e-02 8.945600e-02
65 8.982160e-01 1.059200e-02 9.119200e-02
66 8.962680e-01 1.064800e-02 9.308400e-02
67 8.942520e-01 1.069600e-02 9.505200e-02
68 8.923520e-01 1.076400e-02 9.688400e-02
69 8.904400e-01 1.078800e-02 9.877200e-02
70 8.884400e-01 1.080000e-02 1.007600e-01
71 8.863840e-01 1.099600e-02 1.026200e-01
72 8.844640e-01 1.093600e-02 1.046000e-01
73 8.826120e-01 1.084400e-02 1.065440e-01
74 8.808160e-01 1.078400e-02 1.084000e-01
75 8.790080e-01 1.064400e-02 1.103480e-01
76 8.773000e-01 1.046400e-02 1.122360e-01
77 8.755400e-01 1.050800e-02 1.139520e-01
78 8.736240e-01 1.044000e-02 1.159360e-01
79 8.717960e-01 1.042800e-02 1.177760e-01
80 8.700000e-01 1.041200e-02 1.195880e-01
81 8.682280e-01 1.029200e-02 1.214800e-01
82 8.663440e-01 1.034400e-02 1.233120e-01
83 8.644600e-01 1.040800e-02 1.251320e-01
84 8.626800e-01 1.032400e-02 1.269960e-01
85 8.608640e-01 1.020400e-02 1.289320e-01
86 8.589120e-01 1.032400e-02 1.307640e-01
87 8.571080e-01 1.030800e-02 1.325840e-01
88 8.550440e-01 1.059200e-02 1.343640e-01
89 8.530560e-01 1.068000e-02 1.362640e-01
90 8.511680e-01 1.067200e-02 1.381600e-01
91 8.491200e-01 1.087200e-02 1.400080e-01
92 8.470440e-01 1.112400e-02 1.418320e-01
93 8.450080e-01 1.116000e-02 1.438320e-01
94 8.432360e-01 1.094000e-02 1.458240e-01
95 8.414640e-01 1.074800e-02 1.477880e-01
96 8.396160e-01 1.066400e-02 1.497200e-01
97 8.378920e-01 1.058000e-02 1.515280e-01
98 8.360760e-01 1.059200e-02 1.533320e-01
99 8.341480e-01 1.066400e-02 1.551880e-01
100 8.322000e-01 1.076400e-02 1.570360e-01
101 8.303880e-01 1.068400e-02 1.589280e-01
102 8.288080e-01 1.050400e-02 1.606880e-01
103 8.271360e-01 1.043600e-02 1.624280e-01
104 8.255040e-01 1.033200e-02 1.641640e-01
105 8.238240e-01 1.031200e-02 1.658640e-01
106 8.221920e-01 1.012400e-02 1.676840e-01
107 8.205120e-01 1.003600e-02 1.694520e-01
108 8.188160e-01 9.816000e-03 1.713680e-01
109 8.170840e-01 9.552000e-03 1.733640e-01
110 8.154520e-01 9.576000e-03 1.749720e-01
111 8.137920e-01 9.520000e-03 1.766880e-01
112 8.120720e-01 9.572000e-03 1.783560e-01
113 8.105040e-01 9.428000e-03 1.800680e-01
114 8.087360e-01 9.548000e-03 1.817160e-01
115 8.068720e-01 9.732000e-03 1.833960e-01
116 8.049840e-01 9.984000e-03 1.850320e-01
117 8.032240e-01 1.010400e-02 1.866720e-01
118 8.015520e-01 1.012400e-02 1.883240e-01
119 7.998600e-01 9.860000e-03 1.902800e-01
120 7.981800e-01 9.740000e-03 1.920800e-01
121 7.964840e-01 9.792000e-03 1.937240e-01
122 7.948560e-01 9.704000e-03 1.954400e-01
123 7.931320e-01 9.788000e-03 1.970800e-01
124 7.913640e-01 9.828000e-03 1.988080e-01
125 7.896480e-01 9.632000e-03 2.007200e-01
126 7.880280e-01 9.496000e-03 2.024760e-01
127 7.863760e-01 9.548000e-03 2.040760e-01
128 7.846840e-01 9.540000e-03 2.057760e-01
129 7.830000e-01 9.676000e-03 2.073240e-01
130 7.812160e-01 9.724000e-03 2.090600e-01
131 7.796120e-01 9.580000e-03 2.108080e-01
132 7.779200e-01 9.556000e-03 2.125240e-01
133 7.763880e-01 9.464000e-03 2.141480e-01
134 7.747360e-01 9.380000e-03 2.158840e-01
135 7.729280e-01 9.724000e-03 2.173480e-01
136 7.713600e-01 9.552000e-03 2.190880e-01
137 7.698240e-01 9.428000e-03 2.207480e-01
138 7.683960e-01 9.400000e-03 2.222040e-01
139 7.669360e-01 9.320000e-03 2.237440e-01
140 7.655200e-01 9.136000e-03 2.253440e-01
141 7.641440e-01 8.964000e-03 2.268920e-01
142 7.627440e-01 8.728000e-03 2.285280e-01
143 7.612880e-01 8.792000e-03 2.299200e-01
144 7.599120e-01 8.528000e-03 2.315600e-01
145 7.585080e-01 8.584000e-03 2.329080e-01
146 7.570240e-01 8.616000e-03 2.343600e-01
147 7.556720e-01 8.556000e-03 2.357720e-01
148 7.542480e-01 8.348000e-03 2.374040e-01
149 7.526760e-01 8.464000e-03 2.388600e-01
150 7.512760e-01 8.360000e-03 2.403640e-01
151 7.496800e-01 8.508000e-03 2.418120e-01
152 7.481400e-01 8.524000e-03 2.433360e-01
153 7.465200e-01 8.676000e-03 2.448040e-01
154 7.450000e-01 8.664000e-03 2.463360e-01
155 7.436320e-01 8.440000e-03 2.479280e-01
156 7.421640e-01 8.492000e-03 2.493440e-01
157 7.406320e-01 8.428000e-03 2.509400e-01
158 7.391040e-01 8.620000e-03 2.522760e-01
159 7.377840e-01 8.368000e-03 2.538480e-01
160 7.363120e-01 8.368000e-03 2.553200e-01
161 7.349360e-01 8.344000e-03 2.567200e-01
162 7.333600e-01 8.548000e-03 2.580920e-01
163 7.318360e-01 8.696000e-03 2.594680e-01
164 7.304360e-01 8.572000e-03 2.609920e-01
165 7.290240e-01 8.516000e-03 2.624600e-01
166 7.276560e-01 8.468000e-03 2.638760e-01
167 7.261880e-01 8.476000e-03 2.653360e-01
168 7.248160e-01 8.300000e-03 2.668840e-01
169 7.234040e-01 8.252000e-03 2.683440e-01
170 7.219160e-01 8.348000e-03 2.697360e-01
171 7.204480e-01 8.288000e-03 2.712640e-01
172 7.187640e-01 8.576000e-03 2.726600e-01
173 7.170320e-01 8.880000e-03 2.740880e-01
174 7.153920e-01 8.916000e-03 2.756920e-01
175 7.138280e-01 8.912000e-03 2.772600e-01
176 7.123680e-01 8.752000e-03 2.788800e-01
177 7.108040e-01 8.800000e-03 2.803960e-01
178 7.094040e-01 8.704000e-03 2.818920e-01
179 7.080120e-01 8.612000e-03 2.833760e-01
180 7.065760e-01 8.528000e-03 2.848960e-01
181 7.051920e-01 8.496000e-03 2.863120e-01
182 7.038800e-01 8.364000e-03 2.877560e-01
183 7.025640e-01 8.320000e-03 2.891160e-01
184 7.012760e-01 8.192000e-03 2.905320e-01
185 6.999880e-01 8.040000e-03 2.919720e-01
186 6.986800e-01 7.964000e-03 2.933560e-01
187 6.973680e-01 7.864000e-03 2.947680e-01
188 6.960560e-01 7.820000e-03 2.961240e-01
189 6.947560e-01 7.784000e-03 2.974600e-01
190 6.934480e-01 7.644000e-03 2.989080e-01
191 6.922360e-01 7.540000e-03 3.002240e-01
192 6.909840e-01 7.524000e-03 3.014920e-01
193 6.897040e-01 7.480000e-03 3.028160e-01
194 6.882960e-01 7.620000e-03 3.040840e-01
195 6.871480e-01 7.372000e-03 3.054800e-01
196 6.858400e-01 7.400000e-03 3.067600e-01
197 6.844640e-01 7.472000e-03 3.080640e-01
198 6.832080e-01 7.452000e-03 3.093400e-01
199 6.820240e-01 7.400000e-03 3.105760e-01
200 6.808440e-01 7.264000e-03 3.118920e-01
201 6.795080e-01 7.424000e-03 3.130680e-01
202 6.781840e-01 7.476000e-03 3.143400e-01
203 6.769680e-01 7.388000e-03 3.156440e-01
204 6.758200e-01 7.288000e-03 3.168920e-01
205 6.747560e-01 6.992000e-03 3.182520e-01
206 6.736800e-01 6.784000e-03 3.195360e-01
207 6.725800e-01 6.676000e-03 3.207440e-01
208 6.715440e-01 6.544000e-03 3.219120e-01
209 6.704280e-01 6.472000e-03 3.231000e-01
210 6.694360e-01 6.296000e-03 3.242680e-01
211 6.683560e-01 6.244000e-03 3.254000e-01
212 6.672920e-01 6.232000e-03 3.264760e-01
213 6.662360e-01 6.196000e-03 3.275680e-01
214 6.651680e-01 6.116000e-03 3.287160e-01
215 6.641720e-01 6.012000e-03 3.298160e-01
216 6.632520e-01 5.904000e-03 3.308440e-01
217 6.623400e-01 5.832000e-03 3.318280e-01
218 6.614840e-01 5.696000e-03 3.328200e-01
219 6.606360e-01 5.700000e-03 3.336640e-01
220 6.596960e-01 5.656000e-03 3.346480e-01
221 6.588920e-01 5.528000e-03 3.355800e-01
222 6.582120e-01 5.244000e-03 3.365440e-01
223 6.574560e-01 5.016000e-03 3.375280e-01
224 6.567520e-01 4.920000e-03 3.383280e-01
225 6.559480e-01 4.904000e-03 3.391480e-01
226 6.553000e-01 4.796000e-03 3.399040e-01
227 6.544560e-01 4.772000e-03 3.407720e-01
228 6.537600e-01 4.588000e-03 3.416520e-01
229 6.529760e-01 4.640000e-03 3.423840e-01
230 6.522680e-01 4.580000e-03 3.431520e-01
231 6.515000e-01 4.484000e-03 3.440160e-01
232 6.508600e-01 4.268000e-03 3.448720e-01
233 6.501760e-01 4.168000e-03 3.456560e-01
234 6.494960e-01 4.096000e-03 3.464080e-01
235 6.489680e-01 3.924000e-03 3.471080e-01
236 6.484040e-01 3.860000e-03 3.477360e-01
237 6.477480e-01 3.844000e-03 3.484080e-01
238 6.471640e-01 3.876000e-03 3.489600e-01
239 6.465560e-01 3.744000e-03 3.497000e-01
240 6.458320e-01 3.788000e-03 3.503800e-01
241 6.452720e-01 3.700000e-03 3.510280e-01
242 6.447320e-01 3.540000e-03 3.517280e-01
243 6.441240e-01 3.600000e-03 3.522760e-01
244 6.436560e-01 3.444000e-03 3.529000e-01
245 6.430920e-01 3.412000e-03 3.534960e-01
246 6.424840e-01 3.452000e-03 3.540640e-01
247 6.419640e-01 3.404000e-03 3.546320e-01
248 6.414200e-01 3.360000e-03 3.552200e-01
249 6.407840e-01 3.444000e-03 3.557720e-01
250 6.401320e-01 3.608000e-03 3.562600e-01
251 6.395600e-01 3.528000e-03 3.569120e-01
252 6.388920e-01 3.604000e-03 3.575040e-01
253 6.381560e-01 3.796000e-03 3.580480e-01
254 6.374040e-01 3.892000e-03 3.587040e-01
255 6.366320e-01 3.940000e-03 3.594280e-01
256 6.358520e-01 4.012000e-03 3.601360e-01
257 6.349920e-01 4.224000e-03 3.607840e-01
258 6.341640e-01 4.348000e-03 3.614880e-01
259 6.333480e-01 4.408000e-03 3.622440e-01
260 6.325040e-01 4.512000e-03 3.629840e-01
261 6.316840e-01 4.464000e-03 3.638520e-01
262 6.308440e-01 4.508000e-03 3.646480e-01
263 6.299960e-01 4.492000e-03 3.655120e-01
264 6.292960e-01 4.476000e-03 3.662280e-01
265 6.285640e-01 4.512000e-03 3.669240e-01
266 6.277240e-01 4.560000e-03 3.677160e-01
267 6.268120e-01 4.628000e-03 3.685600e-01
268 6.260120e-01 4.592000e-03 3.693960e-01
269 6.252400e-01 4.604000e-03 3.701560e-01
270 6.245320e-01 4.636000e-03 3.708320e-01
271 6.238400e-01 4.584000e-03 3.715760e-01
272 6.230960e-01 4.600000e-03 3.723040e-01
273 6.223880e-01 4.512000e-03 3.731000e-01
274 6.216800e-01 4.420000e-03 3.739000e-01
275 6.208760e-01 4.412000e-03 3.747120e-01
276 6.201680e-01 4.340000e-03 3.754920e-01
277 6.194840e-01 4.328000e-03 3.761880e-01
278 6.187480e-01 4.312000e-03 3.769400e-01
279 6.180920e-01 4.156000e-03 3.777520e-01
280 6.174560e-01 4.092000e-03 3.784520e-01
281 6.168120e-01 4.076000e-03 3.791120e-01
282 6.161280e-01 3.984000e-03 3.798880e-01
283 6.155000e-01 3.888000e-03 3.806120e-01
284 6.148320e-01 3.932000e-03 3.812360e-01
285 6.141800e-01 3.916000e-03 3.819040e-01
286 6.135800e-01 3.820000e-03 3.826000e-01
287 6.130480e-01 3.716000e-03 3.832360e-01
288 6.124120e-01 3.616000e-03 3.839720e-01
289 6.117560e-01 3.652000e-03 3.845920e-01
290 6.111400e-01 3.576000e-03 3.852840e-01
291 6.105840e-01 3.436000e-03 3.859800e-01
292 6.099640e-01 3.448000e-03 3.865880e-01
293 6.093840e-01 3.384000e-03 3.872320e-01
294 6.087520e-01 3.440000e-03 3.878080e-01
295 6.081640e-01 3.412000e-03 3.884240e-01
296 6.075240e-01 3.388000e-03 3.890880e-01
297 6.069560e-01 3.384000e-03 3.896600e-01
298 6.063360e-01 3.380000e-03 3.902840e-01
299 6.057520e-01 3.304000e-03 3.909440e-01
300 6.051800e-01 3.364000e-03 3.914560e-01
301 6.046000e-01 3.320000e-03 3.920800e-01
302 6.040000e-01 3.296000e-03 3.927040e-01
303 6.034640e-01 3.368000e-03 3.931680e-01
304 6.030280e-01 3.176000e-03 3.937960e-01
305 6.024360e-01 3.184000e-03 3.943800e-01
306 6.018760e-01 3.180000e-03 3.949440e-01
307 6.013720e-01 3.132000e-03 3.954960e-01
308 6.008840e-01 3.028000e-03 3.960880e-01
309 6.004440e-01 2.952000e-03 3.966040e-01
310 5.998880e-01 2.996000e-03 3.971160e-01
311 5.993840e-01 3.008000e-03 3.976080e-01
312 5.988840e-01 2.952000e-03 3.981640e-01
313 5.984400e-01 2.864000e-03 3.986960e-01
314 5.979400e-01 2.840000e-03 3.992200e-01
315 5.974640e-01 2.840000e-03 3.996960e-01
316 5.968960e-01 2.936000e-03 4.001680e-01
317 5.963800e-01 2.980000e-03 4.006400e-01
318 5.957560e-01 3.148000e-03 4.010960e-01
319 5.952920e-01 3.024000e-03 4.016840e-01
320 5.947480e-01 3.020000e-03 4.022320e-01
321 5.942280e-01 3.020000e-03 4.027520e-01
322 5.937920e-01 2.972000e-03 4.032360e-01
323 5.932640e-01 2.996000e-03 4.037400e-01
324 5.927360e-01 2.992000e-03 4.042720e-01
325 5.922520e-01 3.000000e-03 4.047480e-01
326 5.918200e-01 2.912000e-03 4.052680e-01
327 5.913440e-01 2.968000e-03 4.056880e-01
328 5.908680e-01 2.868000e-03 4.062640e-01
329 5.903760e-01 2.868000e-03 4.067560e-01
330 5.899320e-01 2.888000e-03 4.071800e-01
331 5.894560e-01 2.836000e-03 4.077080e-01
332 5.889960e-01 2.768000e-03 4.082360e-01
333 5.885640e-01 2.696000e-03 4.087400e-01
334 5.882080e-01 2.552000e-03 4.092400e-01
335 5.877840e-01 2.604000e-03 4.096120e-01
336 5.872800e-01 2.680000e-03 4.100400e-01
337 5.869040e-01 2.548000e-03 4.105480e-01
338 5.864840e-01 2.516000e-03 4.110000e-01
339 5.860760e-01 2.500000e-03 4.114240e-01
340 5.856760e-01 2.488000e-03 4.118360e-01
341 5.853000e-01 2.412000e-03 4.122880e-01
342 5.849240e-01 2.404000e-03 4.126720e-01
343 5.845720e-01 2.320000e-03 4.131080e-01
344 5.842040e-01 2.324000e-03 4.134720e-01
345 5.838480e-01 2.288000e-03 4.138640e-01
346 5.835400e-01 2.240000e-03 4.142200e-01
347 5.831400e-01 2.236000e-03 4.146240e-01
348 5.828520e-01 2.096000e-03 4.150520e-01
349 5.824920e-01 2.144000e-03 4.153640e-01
350 5.821680e-01 2.144000e-03 4.156880e-01
351 5.818920e-01 2.052000e-03 4.160560e-01
352 5.815640e-01 2.016000e-03 4.164200e-01
353 5.812240e-01 2.004000e-03 4.167720e-01
354 5.809600e-01 1.884000e-03 4.171560e-01
355 5.805960e-01 1.952000e-03 4.174520e-01
356 5.801480e-01 2.040000e-03 4.178120e-01
357 5.798160e-01 2.012000e-03 4.181720e-01
358 5.794680e-01 2.032000e-03 4.185000e-01
359 5.790960e-01 2.032000e-03 4.188720e-01
360 5.786960e-01 2.088000e-03 4.192160e-01
361 5.783200e-01 2.060000e-03 4.196200e-01
362 5.779400e-01 2.064000e-03 4.199960e-01
363 5.775520e-01 2.156000e-03 4.202920e-01
364 5.772080e-01 2.088000e-03 4.207040e-01
365 5.768560e-01 2.096000e-03 4.210480e-01
366 5.765280e-01 2.076000e-03 4.213960e-01
367 5.762480e-01 1.960000e-03 4.217920e-01
368 5.759680e-01 1.884000e-03 4.221480e-01
369 5.756320e-01 1.916000e-03 4.224520e-01
370 5.753080e-01 1.988000e-03 4.227040e-01
371 5.749280e-01 1.956000e-03 4.231160e-01
372 5.746200e-01 1.940000e-03 4.234400e-01
373 5.743000e-01 1.920000e-03 4.237800e-01
374 5.740280e-01 1.816000e-03 4.241560e-01
375 5.737400e-01 1.764000e-03 4.244960e-01
376 5.734760e-01 1.732000e-03 4.247920e-01
377 5.732360e-01 1.684000e-03 4.250800e-01
378 5.729400e-01 1.676000e-03 4.253840e-01
379 5.726280e-01 1.684000e-03 4.256880e-01
380 5.723440e-01 1.648000e-03 4.260080e-01
381 5.720520e-01 1.644000e-03 4.263040e-01
382 5.717400e-01 1.688000e-03 4.265720e-01
383 5.714280e-01 1.700000e-03 4.268720e-01
384 5.711440e-01 1.712000e-03 4.271440e-01
385 5.707880e-01 1.768000e-03 4.274440e-01
386 5.704320e-01 1.844000e-03 4.277240e-01
387 5.701320e-01 1.844000e-03 4.280240e-01
388 5.698240e-01 1.852000e-03 4.283240e-01
389 5.694240e-01 1.956000e-03 4.286200e-01
390 5.691360e-01 1.896000e-03 4.289680e-01
391 5.688160e-01 1.856000e-03 4.293280e-01
392 5.685720e-01 1.704000e-03 4.297240e-01
393 5.682320e-01 1.764000e-03 4.300040e-01
394 5.679520e-01 1.724000e-03 4.303240e-01
395 5.677040e-01 1.672000e-03 4.306240e-01
396 5.673840e-01 1.636000e-03 4.309800e-01
397 5.671120e-01 1.616000e-03 4.312720e-01
398 5.668120e-01 1.616000e-03 4.315720e-01
399 5.665520e-01 1.620000e-03 4.318280e-01
400 5.662960e-01 1.636000e-03 4.320680e-01
401 5.660600e-01 1.616000e-03 4.323240e-01
402 5.657920e-01 1.600000e-03 4.326080e-01
403 5.654360e-01 1.692000e-03 4.328720e-01
404 5.651520e-01 1.652000e-03 4.331960e-01
405 5.649240e-01 1.608000e-03 4.334680e-01
406 5.646640e-01 1.604000e-03 4.337320e-01
407 5.644360e-01 1.580000e-03 4.339840e-01
408 5.642440e-01 1.512000e-03 4.342440e-01
409 5.640400e-01 1.420000e-03 4.345400e-01
410 5.637520e-01 1.452000e-03 4.347960e-01
411 5.635360e-01 1.412000e-03 4.350520e-01
412 5.632560e-01 1.448000e-03 4.352960e-01
413 5.629440e-01 1.492000e-03 4.355640e-01
414 5.627120e-01 1.476000e-03 4.358120e-01
415 5.624560e-01 1.472000e-03 4.360720e-01
416 5.622360e-01 1.400000e-03 4.363640e-01
417 5.619200e-01 1.464000e-03 4.366160e-01
418 5.617040e-01 1.400000e-03 4.368960e-01
419 5.614080e-01 1.512000e-03 4.370800e-01
420 5.611840e-01 1.460000e-03 4.373560e-01
421 5.609080e-01 1.488000e-03 4.376040e-01
422 5.607200e-01 1.392000e-03 4.378880e-01
423 5.605040e-01 1.372000e-03 4.381240e-01
424 5.603000e-01 1.348000e-03 4.383520e-01
425 5.600800e-01 1.336000e-03 4.385840e-01
426 5.598840e-01 1.264000e-03 4.388520e-01
427 5.596800e-01 1.284000e-03 4.390360e-01
428 5.595320e-01 1.156000e-03 4.393120e-01
429 5.593600e-01 1.136000e-03 4.395040e-01
430 5.591520e-01 1.136000e-03 4.397120e-01
431 5.589400e-01 1.136000e-03 4.399240e-01
432 5.587160e-01 1.164000e-03 4.401200e-01
433 5.585720e-01 1.124000e-03 4.403040e-01
434 5.584160e-01 1.072000e-03 4.405120e-01
435 5.582280e-01 1.080000e-03 4.406920e-01
436 5.580080e-01 1.096000e-03 4.408960e-01
437 5.578480e-01 1.044000e-03 4.411080e-01
438 5.576880e-01 1.028000e-03 4.412840e-01
439 5.575760e-01 9.600000e-04 4.414640e-01
440 5.574960e-01 8.480000e-04 4.416560e-01
441 5.573960e-01 7.920000e-04 4.418120e-01
442 5.572880e-01 7.400000e-04 4.419720e-01
443 5.572160e-01 6.680000e-04 4.421160e-01
444 5.571040e-01 6.160000e-04 4.422800e-01
445 5.570040e-01 6.280000e-04 4.423680e-01
446 5.569000e-01 6.440000e-04 4.424560e-01
447 5.568000e-01 6.480000e-04 4.425520e-01
448 5.566880e-01 6.160000e-04 4.426960e-01
449 5.566000e-01 6.000000e-04 4.428000e-01
450 5.564920e-01 5.960000e-04 4.429120e-01
451 5.563840e-01 5.840000e-04 4.430320e-01
452 5.563120e-01 5.520000e-04 4.431360e-01
453 5.562160e-01 5.600000e-04 4.432240e-01
454 5.561240e-01 5.840000e-04 4.432920e-01
455 5.560080e-01 6.320000e-04 4.433600e-01
456 5.558840e-01 6.920000e-04 4.434240e-01
457 5.557640e-01 6.680000e-04 4.435680e-01
458 5.556600e-01 6.720000e-04 4.436680e-01
459 5.555320e-01 6.880000e-04 4.437800e-01
460 5.553640e-01 7.560000e-04 4.438800e-01
461 5.552400e-01 7.760000e-04 4.439840e-01
462 5.551440e-01 7.240000e-04 4.441320e-01
463 5.550280e-01 7.120000e-04 4.442600e-01
464 5.548960e-01 6.880000e-04 4.444160e-01
465 5.547960e-01 6.880000e-04 4.445160e-01
466 5.546840e-01 7.040000e-04 4.446120e-01
467 5.546120e-01 6.560000e-04 4.447320e-01
468 5.545200e-01 6.480000e-04 4.448320e-01
469 5.544120e-01 6.360000e-04 4.449520e-01
470 5.543160e-01 6.040000e-04 4.450800e-01
471 5.542280e-01 5.920000e-04 4.451800e-01
472 5.541120e-01 5.680000e-04 4.453200e-01
473 5.540160e-01 5.720000e-04 4.454120e-01
474 5.539400e-01 5.480000e-04 4.455120e-01
475 5.538120e-01 6.160000e-04 4.455720e-01
476 5.537160e-01 6.120000e-04 4.456720e-01
477 5.536200e-01 5.920000e-04 4.457880e-01
478 5.535560e-01 5.360000e-04 4.459080e-01
479 5.534520e-01 5.600000e-04 4.459880e-01
480 5.533160e-01 6.240000e-04 4.460600e-01
481 5.532360e-01 5.960000e-04 4.461680e-01
482 5.531200e-01 6.320000e-04 4.462480e-01
483 5.530120e-01 6.600000e-04 4.463280e-01
484 5.529240e-01 6.520000e-04 4.464240e-01
485 5.527960e-01 6.520000e-04 4.465520e-01
486 5.526600e-01 6.520000e-04 4.466880e-01
487 5.525600e-01 6.240000e-04 4.468160e-01
488 5.524560e-01 6.160000e-04 4.469280e-01
489 5.523520e-01 6.320000e-04 4.470160e-01
490 5.522520e-01 6.120000e-04 4.471360e-01
491 5.521520e-01 5.880000e-04 4.472600e-01
492 5.520480e-01 5.920000e-04 4.473600e-01
493 5.519560e-01 5.760000e-04 4.474680e-01
494 5.518360e-01 5.840000e-04 4.475800e-01
495 5.516840e-01 6.440000e-04 4.476720e-01
496 5.515840e-01 6.120000e-04 4.478040e-01
497 5.514880e-01 5.960000e-04 4.479160e-01
498 5.514000e-01 5.800000e-04 4.480200e-01
499 5.513120e-01 5.440000e-04 4.481440e-01
500 5.512360e-01 5.200000e-04 4.482440e-01
