1 9.991560e-01 7.400000e-04 1.040000e-04
2 9.986640e-01 1.064000e-03 2.720000e-04
3 9.980560e-01 1.452000e-03 4.920000e-04
4 9.973640e-01 1.836000e-03 8.000000e-04
5 9.966000e-01 2.260000e-03 1.140000e-03
6 9.957400e-01 2.700000e-03 1.560000e-03
7 9.949600e-01 2.988000e-03 2.052000e-03
8 9.939200e-01 3.508000e-03 2.572000e-03
9 9.929400e-01 3.920000e-03 3.140000e-03
10 9.918520e-01 4.232000e-03 3.916000e-03
11 9.907800e-01 4.528000e-03 4.692000e-03
12 9.896600e-01 4.820000e-03 5.520000e-03
13 9.885640e-01 5.096000e-03 6.340000e-03
14 9.874040e-01 5.308000e-03 7.288000e-03
15 9.862040e-01 5.648000e-03 8.148000e-03
16 9.849360e-01 5.932000e-03 9.132000e-03
17 9.837400e-01 6.012000e-03 1.024800e-02
18 9.824680e-01 6.144000e-03 1.138800e-02
19 9.814040e-01 6.108000e-03 1.248800e-02
20 9.802760e-01 6.088000e-03 1.363600e-02
21 9.790600e-01 6.232000e-03 1.470800e-02
22 9.778280e-01 6.352000e-03 1.582000e-02
23 9.767080e-01 6.356000e-03 1.693600e-02
24 9.755160e-01 6.360000e-03 1.812400e-02
25 9.742480e-01 6.412000e-03 1.934000e-02
26 9.729760e-01 6.652000e-03 2.037200e-02
27 9.716320e-01 6.836000e-03 2.153200e-02
28 9.702360e-01 6.988000e-03 2.277600e-02
29 9.690280e-01 6.980000e-03 2.399200e-02
30 9.676880e-01 7.060000e-03 2.525200e-02
31 9.665240e-01 6.936000e-03 2.654000e-02
32 9.653120e-01 6.916000e-03 2.777200e-02
33 9.640080e-01 6.984000e-03 2.900800e-02
34 9.626240e-01 7.068000e-03 3.030800e-02
35 9.612680e-01 7.148000e-03 3.158400e-02
36 9.600320e-01 7.300000e-03 3.266800e-02
37 9.587960e-01 7.324000e-03 3.388000e-02
38 9.574320e-01 7.472000e-03 3.509600e-02
39 9.560680e-01 7.536000e-03 3.639600e-02
40 9.547200e-01 7.452000e-03 3.782800e-02
41 9.534280e-01 7.424000e-03 3.914800e-02
42 9.520280e-01 7.544000e-03 4.042800e-02
43 9.507560e-01 7.484000e-03 4.176000e-02
44 9.493840e-01 7.628000e-03 4.298800e-02
45 9.481560e-01 7.416000e-03 4.442800e-02
46 9.468920e-01 7.364000e-03 4.574400e-02
47 9.453800e-01 7.556000e-03 4.706400e-02
48 9.439680e-01 7.656000e-03 4.837600e-02
49 9.424320e-01 7.748000e-03 4.982000e-02
50 9.410640e-01 7.776000e-03 5.116000e-02
51 9.396480e-01 7.780000e-03 5.257200e-02
52 9.382360e-01 7.804000e-03 5.396000e-02
53 9.368240e-01 7.836000e-03 5.534000e-02
54 9.354240e-01 7.852000e-03 5.672400e-02
55 9.340640e-01 7.916000e-03 5.802000e-02
56 9.326840e-01 7.984000e-03 5.933200e-02
57 9.312400e-01 7.980000e-03 6.078000e-02
58 9.299040e-01 7.952000e-03 6.214400e-02
59 9.285320e-01 7.968000e-03 6.350000e-02
60 9.271160e-01 7.948000e-03 6.493600e-02
61 9.257520e-01 7.992000e-03 6.625600e-02
62 9.244280e-01 7.960000e-03 6.761200e-02
63 9.229560e-01 8.000000e-03 6.904400e-02
64 9.214000e-01 8.108000e-03 7.049200e-02
65 9.200080e-01 8.112000e-03 7.188000e-02
66 9.185680e-01 8.136000e-03 7.329600e-02
67 9.171240e-01 8.164000e-03 7.471200e-02
68 9.156840e-01 8.172000e-03 7.614400e-02
69 9.142240e-01 8.200000e-03 7.757600e-02
70 9.127880e-01 8.188000e-03 7.902400e-02
71 9.112840e-01 8.208000e-03 8.050800e-02
72 9.097360e-01 8.256000e-03 8.200800e-02
73 9.084040e-01 8.100000e-03 8.349600e-02
74 9.068600e-01 8.268000e-03 8.487200e-02
75 9.053000e-01 8.400000e-03 8.630000e-02
76 9.037640e-01 8.412000e-03 8.782400e-02
77 9.021920e-01 8.608000e-03 8.920000e-02
78 9.006840e-01 8.596000e-03 9.072000e-02
79 8.991560e-01 8.604000e-03 9.224000e-02
80 8.976200e-01 8.676000e-03 9.370400e-02
81 8.960040e-01 8.720000e-03 9.527600e-02
82 8.945600e-01 8.704000e-03 9.673600e-02
83 8.929160e-01 8.760000e-03 9.832400e-02
84 8.912680e-01 8.896000e-03 9.983600e-02
85 8.896640e-01 8.968000e-03 1.013680e-01
86 8.879200e-01 9.160000e-03 1.029200e-01
87 8.859880e-01 9.468000e-03 1.045440e-01
88 8.842720e-01 9.536000e-03 1.061920e-01
89 8.825800e-01 9.632000e-03 1.077880e-01
90 8.809280e-01 9.560000e-03 1.095120e-01
91 8.793080e-01 9.540000e-03 1.111520e-01
92 8.774960e-01 9.764000e-03 1.127400e-01
93 8.757560e-01 9.792000e-03 1.144520e-01
94 8.739920e-01 9.964000e-03 1.160440e-01
95 8.722760e-01 9.968000e-03 1.177560e-01
96 8.707440e-01 9.720000e-03 1.195360e-01
97 8.689920e-01 9.588000e-03 1.214200e-01
98 8.673440e-01 9.648000e-03 1.230080e-01
99 8.654400e-01 9.844000e-03 1.247160e-01
100 8.637760e-01 9.756000e-03 1.264680e-01
101 8.622480e-01 9.624000e-03 1.281280e-01
102 8.607160e-01 9.496000e-03 1.297880e-01
103 8.593400e-01 9.204000e-03 1.314560e-01
104 8.578000e-01 8.960000e-03 1.332400e-01
105 8.564680e-01 8.696000e-03 1.348360e-01
106 8.549000e-01 8.800000e-03 1.363000e-01
107 8.533960e-01 8.740000e-03 1.378640e-01
108 8.521160e-01 8.552000e-03 1.393320e-01
109 8.508440e-01 8.276000e-03 1.408800e-01
110 8.495880e-01 7.920000e-03 1.424920e-01
111 8.482560e-01 7.820000e-03 1.439240e-01
112 8.470800e-01 7.704000e-03 1.452160e-01
113 8.457560e-01 7.612000e-03 1.466320e-01
114 8.444280e-01 7.612000e-03 1.479600e-01
115 8.431160e-01 7.580000e-03 1.493040e-01
116 8.416920e-01 7.772000e-03 1.505360e-01
117 8.402840e-01 7.848000e-03 1.518680e-01
118 8.388400e-01 7.992000e-03 1.531680e-01
119 8.374080e-01 8.028000e-03 1.545640e-01
120 8.359800e-01 8.072000e-03 1.559480e-01
121 8.346880e-01 7.868000e-03 1.574440e-01
122 8.333360e-01 7.820000e-03 1.588440e-01
123 8.319640e-01 7.820000e-03 1.602160e-01
124 8.305560e-01 7.848000e-03 1.615960e-01
125 8.291560e-01 7.848000e-03 1.629960e-01
126 8.278520e-01 7.768000e-03 1.643800e-01
127 8.264480e-01 7.768000e-03 1.657840e-01
128 8.251680e-01 7.692000e-03 1.671400e-01
129 8.239320e-01 7.644000e-03 1.684240e-01
130 8.225680e-01 7.672000e-03 1.697600e-01
131 8.211960e-01 7.736000e-03 1.710680e-01
132 8.198200e-01 7.724000e-03 1.724560e-01
133 8.183680e-01 7.924000e-03 1.737080e-01
134 8.169840e-01 8.064000e-03 1.749520e-01
135 8.156920e-01 7.972000e-03 1.763360e-01
136 8.142080e-01 8.032000e-03 1.777600e-01
137 8.127480e-01 8.136000e-03 1.791160e-01
138 8.114720e-01 7.924000e-03 1.806040e-01
139 8.099160e-01 8.052000e-03 1.820320e-01
140 8.084680e-01 8.164000e-03 1.833680e-01
141 8.071240e-01 8.072000e-03 1.848040e-01
142 8.057960e-01 8.016000e-03 1.861880e-01
143 8.044680e-01 7.952000e-03 1.875800e-01
144 8.032280e-01 7.804000e-03 1.889680e-01
145 8.019200e-01 7.820000e-03 1.902600e-01
146 8.005480e-01 7.796000e-03 1.916560e-01
147 7.994000e-01 7.560000e-03 1.930400e-01
148 7.982040e-01 7.356000e-03 1.944400e-01
149 7.967440e-01 7.496000e-03 1.957600e-01
150 7.953840e-01 7.576000e-03 1.970400e-01
151 7.939040e-01 7.672000e-03 1.984240e-01
152 7.924240e-01 7.812000e-03 1.997640e-01
153 7.911360e-01 7.676000e-03 2.011880e-01
154 7.898760e-01 7.528000e-03 2.025960e-01
155 7.886960e-01 7.460000e-03 2.038440e-01
156 7.873160e-01 7.476000e-03 2.052080e-01
157 7.859680e-01 7.540000e-03 2.064920e-01
158 7.847760e-01 7.392000e-03 2.078320e-01
159 7.836520e-01 7.264000e-03 2.090840e-01
160 7.824640e-01 7.212000e-03 2.103240e-01
161 7.813240e-01 7.104000e-03 2.115720e-01
162 7.802480e-01 7.072000e-03 2.126800e-01
163 7.790400e-01 7.080000e-03 2.138800e-01
164 7.779440e-01 6.988000e-03 2.150680e-01
165 7.767360e-01 6.952000e-03 2.163120e-01
166 7.757080e-01 6.684000e-03 2.176080e-01
167 7.746440e-01 6.632000e-03 2.187240e-01
168 7.736440e-01 6.432000e-03 2.199240e-01
169 7.727240e-01 6.248000e-03 2.210280e-01
170 7.716000e-01 6.316000e-03 2.220840e-01
171 7.704440e-01 6.400000e-03 2.231560e-01
172 7.692840e-01 6.508000e-03 2.242080e-01
173 7.680920e-01 6.516000e-03 2.253920e-01
174 7.668680e-01 6.580000e-03 2.265520e-01
175 7.657240e-01 6.500000e-03 2.277760e-01
176 7.646640e-01 6.408000e-03 2.289280e-01
177 7.635880e-01 6.316000e-03 2.300960e-01
178 7.624120e-01 6.328000e-03 2.312600e-01
179 7.614480e-01 6.280000e-03 2.322720e-01
180 7.604360e-01 6.188000e-03 2.333760e-01
181 7.594480e-01 6.012000e-03 2.345400e-01
182 7.584040e-01 5.996000e-03 2.356000e-01
183 7.574560e-01 5.836000e-03 2.367080e-01
184 7.563720e-01 5.876000e-03 2.377520e-01
185 7.554200e-01 5.852000e-03 2.387280e-01
186 7.544040e-01 5.784000e-03 2.398120e-01
187 7.534640e-01 5.804000e-03 2.407320e-01
188 7.523280e-01 5.920000e-03 2.417520e-01
189 7.511880e-01 5.968000e-03 2.428440e-01
190 7.500320e-01 6.048000e-03 2.439200e-01
191 7.490280e-01 6.016000e-03 2.449560e-01
192 7.479560e-01 6.100000e-03 2.459440e-01
193 7.469360e-01 5.968000e-03 2.470960e-01
194 7.458720e-01 6.044000e-03 2.480840e-01
195 7.448560e-01 5.956000e-03 2.491880e-01
196 7.439560e-01 5.876000e-03 2.501680e-01
197 7.429520e-01 5.904000e-03 2.511440e-01
198 7.419800e-01 5.880000e-03 2.521400e-01
199 7.408880e-01 6.012000e-03 2.531000e-01
200 7.398720e-01 5.960000e-03 2.541680e-01
201 7.388920e-01 5.896000e-03 2.552120e-01
202 7.378760e-01 5.848000e-03 2.562760e-01
203 7.368040e-01 5.984000e-03 2.572120e-01
204 7.357280e-01 6.056000e-03 2.582160e-01
205 7.346160e-01 6.088000e-03 2.592960e-01
206 7.335040e-01 6.172000e-03 2.603240e-01
207 7.325680e-01 6.076000e-03 2.613560e-01
208 7.316320e-01 5.960000e-03 2.624080e-01
209 7.306360e-01 5.932000e-03 2.634320e-01
210 7.296880e-01 5.756000e-03 2.645560e-01
211 7.287440e-01 5.712000e-03 2.655440e-01
212 7.278760e-01 5.536000e-03 2.665880e-01
213 7.269840e-01 5.460000e-03 2.675560e-01
214 7.260840e-01 5.348000e-03 2.685680e-01
215 7.251160e-01 5.436000e-03 2.694480e-01
216 7.242480e-01 5.428000e-03 2.703240e-01
217 7.232720e-01 5.496000e-03 2.712320e-01
218 7.223880e-01 5.424000e-03 2.721880e-01
219 7.214360e-01 5.448000e-03 2.731160e-01
220 7.204120e-01 5.496000e-03 2.740920e-01
221 7.194120e-01 5.520000e-03 2.750680e-01
222 7.184960e-01 5.476000e-03 2.760280e-01
223 7.175040e-01 5.416000e-03 2.770800e-01
224 7.166120e-01 5.400000e-03 2.779880e-01
225 7.157480e-01 5.316000e-03 2.789360e-01
226 7.148120e-01 5.324000e-03 2.798640e-01
227 7.138360e-01 5.320000e-03 2.808440e-01
228 7.129640e-01 5.152000e-03 2.818840e-01
229 7.121880e-01 5.004000e-03 2.828080e-01
230 7.113160e-01 5.048000e-03 2.836360e-01
231 7.104480e-01 4.924000e-03 2.846280e-01
232 7.095480e-01 4.948000e-03 2.855040e-01
233 7.086840e-01 4.896000e-03 2.864200e-01
234 7.078480e-01 4.908000e-03 2.872440e-01
235 7.068800e-01 5.008000e-03 2.881120e-01
236 7.060840e-01 4.916000e-03 2.890000e-01
237 7.053400e-01 4.768000e-03 2.898920e-01
238 7.044480e-01 4.824000e-03 2.907280e-01
239 7.036000e-01 4.868000e-03 2.915320e-01
240 7.027200e-01 4.884000e-03 2.923960e-01
241 7.018200e-01 4.924000e-03 2.932560e-01
242 7.009000e-01 4.980000e-03 2.941200e-01
243 7.000000e-01 5.016000e-03 2.949840e-01
244 6.991080e-01 5.012000e-03 2.958800e-01
245 6.982360e-01 5.040000e-03 2.967240e-01
246 6.973720e-01 4.968000e-03 2.976600e-01
247 6.964920e-01 4.948000e-03 2.985600e-01
248 6.956920e-01 4.892000e-03 2.994160e-01
249 6.948560e-01 4.888000e-03 3.002560e-01
250 6.940720e-01 4.776000e-03 3.011520e-01
251 6.934040e-01 4.604000e-03 3.019920e-01
252 6.927960e-01 4.404000e-03 3.028000e-01
253 6.919080e-01 4.448000e-03 3.036440e-01
254 6.911560e-01 4.464000e-03 3.043800e-01
255 6.903560e-01 4.496000e-03 3.051480e-01
256 6.894920e-01 4.488000e-03 3.060200e-01
257 6.886920e-01 4.524000e-03 3.067840e-01
258 6.879040e-01 4.504000e-03 3.075920e-01
259 6.871280e-01 4.444000e-03 3.084280e-01
260 6.863640e-01 4.476000e-03 3.091600e-01
261 6.854560e-01 4.688000e-03 3.098560e-01
262 6.844360e-01 4.832000e-03 3.107320e-01
263 6.834160e-01 5.024000e-03 3.115600e-01
264 6.825880e-01 4.992000e-03 3.124200e-01
265 6.816280e-01 5.028000e-03 3.133440e-01
266 6.807320e-01 5.016000e-03 3.142520e-01
267 6.798160e-01 5.128000e-03 3.150560e-01
268 6.790640e-01 5.040000e-03 3.158960e-01
269 6.783200e-01 4.984000e-03 3.166960e-01
270 6.775440e-01 4.984000e-03 3.174720e-01
271 6.767960e-01 4.860000e-03 3.183440e-01
272 6.760280e-01 4.764000e-03 3.192080e-01
273 6.752560e-01 4.728000e-03 3.200160e-01
274 6.744600e-01 4.640000e-03 3.209000e-01
275 6.737680e-01 4.652000e-03 3.215800e-01
276 6.731040e-01 4.548000e-03 3.223480e-01
277 6.724240e-01 4.408000e-03 3.231680e-01
278 6.717400e-01 4.232000e-03 3.240280e-01
279 6.711720e-01 3.992000e-03 3.248360e-01
280 6.705600e-01 3.960000e-03 3.254800e-01
281 6.699560e-01 3.836000e-03 3.262080e-01
282 6.694120e-01 3.576000e-03 3.270120e-01
283 6.688160e-01 3.484000e-03 3.277000e-01
284 6.682960e-01 3.436000e-03 3.282680e-01
285 6.677040e-01 3.400000e-03 3.288960e-01
286 6.671600e-01 3.400000e-03 3.294400e-01
287 6.666080e-01 3.336000e-03 3.300560e-01
288 6.660400e-01 3.252000e-03 3.307080e-01
289 6.654520e-01 3.292000e-03 3.312560e-01
290 6.650480e-01 3.124000e-03 3.318280e-01
291 6.645800e-01 2.968000e-03 3.324520e-01
292 6.641840e-01 2.952000e-03 3.328640e-01
293 6.637480e-01 2.780000e-03 3.334720e-01
294 6.632480e-01 2.844000e-03 3.339080e-01
295 6.628000e-01 2.804000e-03 3.343960e-01
296 6.623160e-01 2.812000e-03 3.348720e-01
297 6.618480e-01 2.824000e-03 3.353280e-01
298 6.613680e-01 2.844000e-03 3.357880e-01
299 6.608680e-01 2.848000e-03 3.362840e-01
300 6.603600e-01 2.844000e-03 3.367960e-01
301 6.598760e-01 2.764000e-03 3.373600e-01
302 6.593840e-01 2.704000e-03 3.379120e-01
303 6.589600e-01 2.692000e-03 3.383480e-01
304 6.584760e-01 2.624000e-03 3.389000e-01
305 6.580000e-01 2.656000e-03 3.393440e-01
306 6.576040e-01 2.624000e-03 3.397720e-01
307 6.570840e-01 2.696000e-03 3.402200e-01
308 6.566600e-01 2.600000e-03 3.407400e-01
309 6.561400e-01 2.616000e-03 3.412440e-01
310 6.556400e-01 2.588000e-03 3.417720e-01
311 6.551680e-01 2.608000e-03 3.422240e-01
312 6.547120e-01 2.668000e-03 3.426200e-01
313 6.542840e-01 2.636000e-03 3.430800e-01
314 6.537240e-01 2.672000e-03 3.436040e-01
315 6.532920e-01 2.644000e-03 3.440640e-01
316 6.527600e-01 2.756000e-03 3.444840e-01
317 6.522480e-01 2.792000e-03 3.449600e-01
318 6.517760e-01 2.748000e-03 3.454760e-01
319 6.513520e-01 2.732000e-03 3.459160e-01
320 6.509680e-01 2.644000e-03 3.463880e-01
321 6.504880e-01 2.700000e-03 3.468120e-01
322 6.500960e-01 2.556000e-03 3.473480e-01
323 6.497560e-01 2.412000e-03 3.478320e-01
324 6.493560e-01 2.440000e-03 3.482040e-01
325 6.489680e-01 2.328000e-03 3.487040e-01
326 6.485800e-01 2.276000e-03 3.491440e-01
327 6.481720e-01 2.288000e-03 3.495400e-01
328 6.478680e-01 2.232000e-03 3.499000e-01
329 6.475320e-01 2.144000e-03 3.503240e-01
330 6.471560e-01 2.120000e-03 3.507240e-01
331 6.468160e-01 2.080000e-03 3.511040e-01
332 6.464360e-01 2.092000e-03 3.514720e-01
333 6.460680e-01 2.092000e-03 3.518400e-01
334 6.456680e-01 2.120000e-03 3.522120e-01
335 6.453480e-01 2.048000e-03 3.526040e-01
336 6.449040e-01 2.152000e-03 3.529440e-01
337 6.445680e-01 2.168000e-03 3.532640e-01
338 6.441640e-01 2.192000e-03 3.536440e-01
339 6.437760e-01 2.184000e-03 3.540400e-01
340 6.433880e-01 2.204000e-03 3.544080e-01
341 6.430440e-01 2.212000e-03 3.547440e-01
342 6.426200e-01 2.260000e-03 3.551200e-01
343 6.422320e-01 2.252000e-03 3.555160e-01
344 6.418320e-01 2.260000e-03 3.559080e-01
345 6.414920e-01 2.248000e-03 3.562600e-01
346 6.411880e-01 2.136000e-03 3.566760e-01
347 6.408400e-01 2.096000e-03 3.570640e-01
348 6.405320e-01 2.048000e-03 3.574200e-01
349 6.402640e-01 2.000000e-03 3.577360e-01
350 6.399040e-01 2.040000e-03 3.580560e-01
351 6.394800e-01 2.124000e-03 3.583960e-01
352 6.391840e-01 2.044000e-03 3.587720e-01
353 6.388520e-01 2.076000e-03 3.590720e-01
354 6.385240e-01 1.984000e-03 3.594920e-01
355 6.381800e-01 1.912000e-03 3.599080e-01
356 6.378520e-01 1.968000e-03 3.601800e-01
357 6.375680e-01 1.856000e-03 3.605760e-01
358 6.372720e-01 1.812000e-03 3.609160e-01
359 6.370200e-01 1.776000e-03 3.612040e-01
360 6.367280e-01 1.792000e-03 3.614800e-01
361 6.364040e-01 1.772000e-03 3.618240e-01
362 6.360880e-01 1.748000e-03 3.621640e-01
363 6.358560e-01 1.684000e-03 3.624600e-01
364 6.356000e-01 1.636000e-03 3.627640e-01
365 6.353120e-01 1.576000e-03 3.631120e-01
366 6.350440e-01 1.624000e-03 3.633320e-01
367 6.347240e-01 1.648000e-03 3.636280e-01
368 6.344680e-01 1.632000e-03 3.639000e-01
369 6.342600e-01 1.520000e-03 3.642200e-01
370 6.340520e-01 1.468000e-03 3.644800e-01
371 6.338880e-01 1.400000e-03 3.647120e-01
372 6.336600e-01 1.440000e-03 3.649000e-01
373 6.334120e-01 1.476000e-03 3.651120e-01
374 6.331680e-01 1.464000e-03 3.653680e-01
375 6.329160e-01 1.452000e-03 3.656320e-01
376 6.327600e-01 1.384000e-03 3.658560e-01
377 6.325840e-01 1.272000e-03 3.661440e-01
378 6.323680e-01 1.264000e-03 3.663680e-01
379 6.322080e-01 1.156000e-03 3.666360e-01
380 6.320560e-01 1.112000e-03 3.668320e-01
381 6.319280e-01 1.028000e-03 3.670440e-01
382 6.317680e-01 1.036000e-03 3.671960e-01
383 6.316440e-01 1.028000e-03 3.673280e-01
384 6.314720e-01 1.036000e-03 3.674920e-01
385 6.312920e-01 1.032000e-03 3.676760e-01
386 6.311560e-01 9.520000e-04 3.678920e-01
387 6.310440e-01 8.960000e-04 3.680600e-01
388 6.308640e-01 8.840000e-04 3.682520e-01
389 6.306480e-01 9.440000e-04 3.684080e-01
390 6.305240e-01 9.040000e-04 3.685720e-01
391 6.303840e-01 8.880000e-04 3.687280e-01
392 6.302360e-01 8.720000e-04 3.688920e-01
393 6.300320e-01 9.320000e-04 3.690360e-01
394 6.299120e-01 9.000000e-04 3.691880e-01
395 6.297600e-01 8.960000e-04 3.693440e-01
396 6.295920e-01 9.000000e-04 3.695080e-01
397 6.294600e-01 8.960000e-04 3.696440e-01
398 6.292960e-01 8.840000e-04 3.698200e-01
399 6.290960e-01 9.240000e-04 3.699800e-01
400 6.288920e-01 9.480000e-04 3.701600e-01
401 6.287320e-01 9.040000e-04 3.703640e-01
402 6.285000e-01 9.960000e-04 3.705040e-01
403 6.282760e-01 1.004000e-03 3.707200e-01
404 6.280960e-01 9.720000e-04 3.709320e-01
405 6.279400e-01 9.080000e-04 3.711520e-01
406 6.277160e-01 1.012000e-03 3.712720e-01
407 6.275600e-01 9.400000e-04 3.715000e-01
408 6.274280e-01 9.320000e-04 3.716400e-01
409 6.272600e-01 9.680000e-04 3.717720e-01
410 6.270080e-01 1.088000e-03 3.719040e-01
411 6.268120e-01 1.136000e-03 3.720520e-01
412 6.266600e-01 1.108000e-03 3.722320e-01
413 6.264200e-01 1.124000e-03 3.724560e-01
414 6.262880e-01 1.068000e-03 3.726440e-01
415 6.261560e-01 1.024000e-03 3.728200e-01
416 6.259600e-01 1.008000e-03 3.730320e-01
417 6.258440e-01 9.280000e-04 3.732280e-01
418 6.256560e-01 9.320000e-04 3.734120e-01
419 6.254120e-01 9.880000e-04 3.736000e-01
420 6.252960e-01 9.400000e-04 3.737640e-01
421 6.251600e-01 9.520000e-04 3.738880e-01
422 6.250320e-01 8.840000e-04 3.740840e-01
423 6.248720e-01 9.400000e-04 3.741880e-01
424 6.247480e-01 8.760000e-04 3.743760e-01
425 6.245840e-01 8.880000e-04 3.745280e-01
426 6.244160e-01 8.920000e-04 3.746920e-01
427 6.242280e-01 9.200000e-04 3.748520e-01
428 6.240520e-01 9.760000e-04 3.749720e-01
429 6.238800e-01 9.880000e-04 3.751320e-01
430 6.236440e-01 1.040000e-03 3.753160e-01
431 6.234280e-01 1.048000e-03 3.755240e-01
432 6.232200e-01 1.140000e-03 3.756400e-01
433 6.230120e-01 1.148000e-03 3.758400e-01
434 6.227800e-01 1.184000e-03 3.760360e-01
435 6.225320e-01 1.204000e-03 3.762640e-01
436 6.223440e-01 1.192000e-03 3.764640e-01
437 6.221880e-01 1.120000e-03 3.766920e-01
438 6.219720e-01 1.124000e-03 3.769040e-01
439 6.218240e-01 1.092000e-03 3.770840e-01
440 6.216320e-01 1.104000e-03 3.772640e-01
441 6.214920e-01 1.044000e-03 3.774640e-01
442 6.213040e-01 1.084000e-03 3.776120e-01
443 6.211560e-01 1.012000e-03 3.778320e-01
444 6.210120e-01 9.800000e-04 3.780080e-01
445 6.209040e-01 9.280000e-04 3.781680e-01
446 6.207720e-01 8.880000e-04 3.783400e-01
447 6.206520e-01 8.360000e-04 3.785120e-01
448 6.205480e-01 7.960000e-04 3.786560e-01
449 6.204160e-01 7.680000e-04 3.788160e-01
450 6.202360e-01 8.040000e-04 3.789600e-01
451 6.201120e-01 7.920000e-04 3.790960e-01
452 6.199840e-01 7.720000e-04 3.792440e-01
453 6.199120e-01 7.160000e-04 3.793720e-01
454 6.198200e-01 6.360000e-04 3.795440e-01
455 6.196880e-01 6.560000e-04 3.796560e-01
456 6.195200e-01 7.240000e-04 3.797560e-01
457 6.193760e-01 7.200000e-04 3.799040e-01
458 6.192800e-01 7.040000e-04 3.800160e-01
459 6.191840e-01 6.800000e-04 3.801360e-01
460 6.190960e-01 6.560000e-04 3.802480e-01
461 6.190080e-01 6.200000e-04 3.803720e-01
462 6.188760e-01 6.600000e-04 3.804640e-01
463 6.188240e-01 6.120000e-04 3.805640e-01
464 6.187600e-01 5.680000e-04 3.806720e-01
465 6.186640e-01 5.640000e-04 3.807720e-01
466 6.185800e-01 5.200000e-04 3.809000e-01
467 6.184960e-01 5.120000e-04 3.809920e-01
468 6.184400e-01 4.560000e-04 3.811040e-01
469 6.183800e-01 4.600000e-04 3.811600e-01
470 6.182960e-01 4.960000e-04 3.812080e-01
471 6.181720e-01 5.400000e-04 3.812880e-01
472 6.180640e-01 5.320000e-04 3.814040e-01
473 6.178960e-01 5.840000e-04 3.815200e-01
474 6.177920e-01 5.720000e-04 3.816360e-01
475 6.177040e-01 5.560000e-04 3.817400e-01
476 6.176240e-01 5.280000e-04 3.818480e-01
477 6.175440e-01 5.160000e-04 3.819400e-01
478 6.174200e-01 5.760000e-04 3.820040e-01
479 6.173360e-01 5.960000e-04 3.820680e-01
480 6.172520e-01 5.480000e-04 3.822000e-01
481 6.171320e-01 5.800000e-04 3.822880e-01
482 6.170400e-01 5.520000e-04 3.824080e-01
483 6.169600e-01 5.560000e-04 3.824840e-01
484 6.168720e-01 5.720000e-04 3.825560e-01
485 6.167800e-01 5.800000e-04 3.826400e-01
486 6.166560e-01 6.240000e-04 3.827200e-01
487 6.165320e-01 6.320000e-04 3.828360e-01
488 6.164840e-01 5.680000e-04 3.829480e-01
489 6.164040e-01 5.960000e-04 3.830000e-01
490 6.163280e-01 5.960000e-04 3.830760e-01
491 6.162240e-01 6.120000e-04 3.831640e-01
492 6.161080e-01 6.360000e-04 3.832560e-01
493 6.159640e-01 5.920000e-04 3.834440e-01
494 6.158200e-01 6.440000e-04 3.835360e-01
495 6.156920e-01 6.440000e-04 3.836640e-01
496 6.155880e-01 6.040000e-04 3.838080e-01
497 6.154480e-01 6.200000e-04 3.839320e-01
498 6.153280e-01 6.360000e-04 3.840360e-01
499 6.151680e-01 6.480000e-04 3.841840e-01
500 6.149320e-01 7.840000e-04 3.842840e-01
