1 9.992200e-01 6.880000e-04 9.200000e-05
2 9.986520e-01 1.060000e-03 2.880000e-04
3 9.981040e-01 1.376000e-03 5.200000e-04
4 9.974440e-01 1.796000e-03 7.600000e-04
5 9.967240e-01 2.144000e-03 1.132000e-03
6 9.959360e-01 2.540000e-03 1.524000e-03
7 9.951200e-01 2.876000e-03 2.004000e-03
8 9.942480e-01 3.192000e-03 2.560000e-03
9 9.933480e-01 3.532000e-03 3.120000e-03
10 9.924040e-01 3.872000e-03 3.724000e-03
11 9.913400e-01 4.260000e-03 4.400000e-03
12 9.900800e-01 4.700000e-03 5.220000e-03
13 9.888520e-01 5.072000e-03 6.076000e-03
14 9.875440e-01 5.452000e-03 7.004000e-03
15 9.863280e-01 5.776000e-03 7.896000e-03
16 9.849160e-01 6.168000e-03 8.916000e-03
17 9.835800e-01 6.252000e-03 1.016800e-02
18 9.823360e-01 6.388000e-03 1.127600e-02
19 9.810440e-01 6.568000e-03 1.238800e-02
20 9.795680e-01 6.824000e-03 1.360800e-02
21 9.782080e-01 7.020000e-03 1.477200e-02
22 9.767320e-01 7.240000e-03 1.602800e-02
23 9.752560e-01 7.448000e-03 1.729600e-02
24 9.738520e-01 7.444000e-03 1.870400e-02
25 9.724840e-01 7.540000e-03 1.997600e-02
26 9.710280e-01 7.644000e-03 2.132800e-02
27 9.695760e-01 7.760000e-03 2.266400e-02
28 9.680200e-01 7.876000e-03 2.410400e-02
29 9.667920e-01 7.692000e-03 2.551600e-02
30 9.655800e-01 7.552000e-03 2.686800e-02
31 9.643480e-01 7.460000e-03 2.819200e-02
32 9.631040e-01 7.384000e-03 2.951200e-02
33 9.617520e-01 7.320000e-03 3.092800e-02
34 9.605240e-01 7.276000e-03 3.220000e-02
35 9.592360e-01 7.388000e-03 3.337600e-02
36 9.579640e-01 7.292000e-03 3.474400e-02
37 9.567360e-01 7.300000e-03 3.596400e-02
38 9.554440e-01 7.400000e-03 3.715600e-02
39 9.541440e-01 7.160000e-03 3.869600e-02
40 9.526520e-01 7.468000e-03 3.988000e-02
41 9.512160e-01 7.476000e-03 4.130800e-02
42 9.499200e-01 7.428000e-03 4.265200e-02
43 9.485600e-01 7.520000e-03 4.392000e-02
44 9.472360e-01 7.536000e-03 4.522800e-02
45 9.457440e-01 7.784000e-03 4.647200e-02
46 9.443360e-01 7.840000e-03 4.782400e-02
47 9.429200e-01 7.796000e-03 4.928400e-02
48 9.416160e-01 7.740000e-03 5.064400e-02
49 9.404360e-01 7.512000e-03 5.205200e-02
50 9.393600e-01 7.288000e-03 5.335200e-02
51 9.381360e-01 7.260000e-03 5.460400e-02
52 9.368400e-01 7.408000e-03 5.575200e-02
53 9.355800e-01 7.428000e-03 5.699200e-02
54 9.344040e-01 7.288000e-03 5.830800e-02
55 9.331200e-01 7.132000e-03 5.974800e-02
56 9.319480e-01 7.212000e-03 6.084000e-02
57 9.306120e-01 7.296000e-03 6.209200e-02
58 9.293960e-01 7.248000e-03 6.335600e-02
59 9.281160e-01 7.312000e-03 6.457200e-02
60 9.268680e-01 7.288000e-03 6.584400e-02
61 9.256360e-01 7.232000e-03 6.713200e-02
62 9.244120e-01 7.192000e-03 6.839600e-02
63 9.231600e-01 7.176000e-03 6.966400e-02
64 9.219080e-01 7.116000e-03 7.097600e-02
65 9.207400e-01 7.084000e-03 7.217600e-02
66 9.195800e-01 6.900000e-03 7.352000e-02
67 9.184760e-01 6.668000e-03 7.485600e-02
68 9.172360e-01 6.680000e-03 7.608400e-02
69 9.160120e-01 6.684000e-03 7.730400e-02
70 9.147800e-01 6.736000e-03 7.848400e-02
71 9.135440e-01 6.840000e-03 7.961600e-02
72 9.123480e-01 6.816000e-03 8.083600e-02
73 9.110720e-01 6.924000e-03 8.200400e-02
74 9.097640e-01 6.964000e-03 8.327200e-02
75 9.083720e-01 7.072000e-03 8.455600e-02
76 9.070120e-01 7.268000e-03 8.572000e-02
77 9.056160e-01 7.404000e-03 8.698000e-02
78 9.042360e-01 7.444000e-03 8.832000e-02
79 9.028360e-01 7.440000e-03 8.972400e-02
80 9.015000e-01 7.456000e-03 9.104400e-02
81 9.000840e-01 7.568000e-03 9.234800e-02
82 8.986600e-01 7.612000e-03 9.372800e-02
83 8.971640e-01 7.756000e-03 9.508000e-02
84 8.955680e-01 7.968000e-03 9.646400e-02
85 8.941120e-01 8.152000e-03 9.773600e-02
86 8.926760e-01 8.192000e-03 9.913200e-02
87 8.911200e-01 8.300000e-03 1.005800e-01
88 8.896760e-01 8.232000e-03 1.020920e-01
89 8.882120e-01 8.340000e-03 1.034480e-01
90 8.868320e-01 8.328000e-03 1.048400e-01
91 8.853360e-01 8.352000e-03 1.063120e-01
92 8.838360e-01 8.428000e-03 1.077360e-01
93 8.823720e-01 8.436000e-03 1.091920e-01
94 8.810040e-01 8.256000e-03 1.107400e-01
95 8.797280e-01 8.112000e-03 1.121600e-01
96 8.785280e-01 7.916000e-03 1.135560e-01
97 8.772080e-01 7.824000e-03 1.149680e-01
98 8.758760e-01 7.760000e-03 1.163640e-01
99 8.746800e-01 7.624000e-03 1.176960e-01
100 8.733280e-01 7.652000e-03 1.190200e-01
101 8.719600e-01 7.656000e-03 1.203840e-01
102 8.705320e-01 7.840000e-03 1.216280e-01
103 8.692400e-01 7.836000e-03 1.229240e-01
104 8.679280e-01 7.856000e-03 1.242160e-01
105 8.665760e-01 7.864000e-03 1.255600e-01
106 8.652040e-01 8.048000e-03 1.267480e-01
107 8.639720e-01 7.896000e-03 1.281320e-01
108 8.626280e-01 7.996000e-03 1.293760e-01
109 8.613440e-01 8.068000e-03 1.305880e-01
110 8.598720e-01 8.080000e-03 1.320480e-01
111 8.584000e-01 8.156000e-03 1.334440e-01
112 8.570360e-01 8.144000e-03 1.348200e-01
113 8.557320e-01 7.992000e-03 1.362760e-01
114 8.544160e-01 7.876000e-03 1.377080e-01
115 8.530960e-01 7.732000e-03 1.391720e-01
116 8.518040e-01 7.688000e-03 1.405080e-01
117 8.503960e-01 7.796000e-03 1.418080e-01
118 8.489960e-01 7.900000e-03 1.431040e-01
119 8.476680e-01 7.876000e-03 1.444560e-01
120 8.463160e-01 7.892000e-03 1.457920e-01
121 8.450840e-01 7.648000e-03 1.472680e-01
122 8.438080e-01 7.544000e-03 1.486480e-01
123 8.425960e-01 7.652000e-03 1.497520e-01
124 8.412000e-01 7.740000e-03 1.510600e-01
125 8.398440e-01 7.732000e-03 1.524240e-01
126 8.384640e-01 7.708000e-03 1.538280e-01
127 8.371880e-01 7.696000e-03 1.551160e-01
128 8.358400e-01 7.840000e-03 1.563200e-01
129 8.344000e-01 7.964000e-03 1.576360e-01
130 8.330200e-01 7.952000e-03 1.590280e-01
131 8.317600e-01 7.860000e-03 1.603800e-01
132 8.304600e-01 7.848000e-03 1.616920e-01
133 8.290720e-01 7.916000e-03 1.630120e-01
134 8.277040e-01 8.060000e-03 1.642360e-01
135 8.264000e-01 8.004000e-03 1.655960e-01
136 8.250680e-01 7.872000e-03 1.670600e-01
137 8.238280e-01 7.708000e-03 1.684640e-01
138 8.226200e-01 7.564000e-03 1.698160e-01
139 8.213360e-01 7.556000e-03 1.711080e-01
140 8.199880e-01 7.636000e-03 1.723760e-01
141 8.187320e-01 7.532000e-03 1.737360e-01
142 8.175760e-01 7.488000e-03 1.749360e-01
143 8.163800e-01 7.412000e-03 1.762080e-01
144 8.152240e-01 7.380000e-03 1.773960e-01
145 8.141160e-01 7.064000e-03 1.788200e-01
146 8.128800e-01 7.096000e-03 1.800240e-01
147 8.117520e-01 6.944000e-03 1.813040e-01
148 8.106640e-01 6.728000e-03 1.826080e-01
149 8.095280e-01 6.688000e-03 1.837840e-01
150 8.084120e-01 6.560000e-03 1.850280e-01
151 8.071520e-01 6.724000e-03 1.861240e-01
152 8.059840e-01 6.692000e-03 1.873240e-01
153 8.047520e-01 6.704000e-03 1.885440e-01
154 8.037520e-01 6.560000e-03 1.896880e-01
155 8.027600e-01 6.344000e-03 1.908960e-01
156 8.015320e-01 6.300000e-03 1.921680e-01
157 8.001640e-01 6.492000e-03 1.933440e-01
158 7.989720e-01 6.644000e-03 1.943840e-01
159 7.978560e-01 6.592000e-03 1.955520e-01
160 7.968160e-01 6.436000e-03 1.967480e-01
161 7.957120e-01 6.316000e-03 1.979720e-01
162 7.943800e-01 6.628000e-03 1.989920e-01
163 7.932200e-01 6.584000e-03 2.001960e-01
164 7.919160e-01 6.648000e-03 2.014360e-01
165 7.908280e-01 6.688000e-03 2.024840e-01
166 7.895880e-01 6.648000e-03 2.037640e-01
167 7.882960e-01 6.756000e-03 2.049480e-01
168 7.870200e-01 6.848000e-03 2.061320e-01
169 7.858080e-01 6.872000e-03 2.073200e-01
170 7.846440e-01 6.892000e-03 2.084640e-01
171 7.835000e-01 6.852000e-03 2.096480e-01
172 7.823360e-01 6.836000e-03 2.108280e-01
173 7.812000e-01 6.744000e-03 2.120560e-01
174 7.801200e-01 6.720000e-03 2.131600e-01
175 7.788840e-01 6.812000e-03 2.143040e-01
176 7.775840e-01 6.892000e-03 2.155240e-01
177 7.763560e-01 6.916000e-03 2.167280e-01
178 7.750840e-01 6.996000e-03 2.179200e-01
179 7.739800e-01 6.900000e-03 2.191200e-01
180 7.727600e-01 6.780000e-03 2.204600e-01
181 7.716440e-01 6.728000e-03 2.216280e-01
182 7.705760e-01 6.600000e-03 2.228240e-01
183 7.693720e-01 6.732000e-03 2.238960e-01
184 7.682840e-01 6.632000e-03 2.250840e-01
185 7.671320e-01 6.624000e-03 2.262440e-01
186 7.662080e-01 6.384000e-03 2.274080e-01
187 7.649480e-01 6.484000e-03 2.285680e-01
188 7.637520e-01 6.508000e-03 2.297400e-01
189 7.625080e-01 6.572000e-03 2.309200e-01
190 7.614040e-01 6.508000e-03 2.320880e-01
191 7.602720e-01 6.508000e-03 2.332200e-01
192 7.591320e-01 6.408000e-03 2.344600e-01
193 7.579360e-01 6.404000e-03 2.356600e-01
194 7.568720e-01 6.484000e-03 2.366440e-01
195 7.557120e-01 6.568000e-03 2.377200e-01
196 7.545680e-01 6.592000e-03 2.388400e-01
197 7.533920e-01 6.628000e-03 2.399800e-01
198 7.522640e-01 6.632000e-03 2.411040e-01
199 7.512320e-01 6.408000e-03 2.423600e-01
200 7.501760e-01 6.320000e-03 2.435040e-01
201 7.491000e-01 6.344000e-03 2.445560e-01
202 7.478800e-01 6.424000e-03 2.456960e-01
203 7.468040e-01 6.208000e-03 2.469880e-01
204 7.457360e-01 6.188000e-03 2.480760e-01
205 7.448320e-01 6.020000e-03 2.491480e-01
206 7.439600e-01 5.848000e-03 2.501920e-01
207 7.430000e-01 5.852000e-03 2.511480e-01
208 7.419240e-01 5.824000e-03 2.522520e-01
209 7.408960e-01 5.888000e-03 2.532160e-01
210 7.399520e-01 5.832000e-03 2.542160e-01
211 7.388600e-01 5.944000e-03 2.551960e-01
212 7.378080e-01 5.960000e-03 2.562320e-01
213 7.367320e-01 5.988000e-03 2.572800e-01
214 7.357160e-01 5.912000e-03 2.583720e-01
215 7.346600e-01 5.928000e-03 2.594120e-01
216 7.335720e-01 5.976000e-03 2.604520e-01
217 7.326240e-01 5.940000e-03 2.614360e-01
218 7.315360e-01 6.008000e-03 2.624560e-01
219 7.303320e-01 6.064000e-03 2.636040e-01
220 7.293320e-01 5.988000e-03 2.646800e-01
221 7.282120e-01 6.096000e-03 2.656920e-01
222 7.270920e-01 6.160000e-03 2.667480e-01
223 7.260480e-01 6.180000e-03 2.677720e-01
224 7.250040e-01 6.096000e-03 2.689000e-01
225 7.240400e-01 6.056000e-03 2.699040e-01
226 7.230160e-01 6.012000e-03 2.709720e-01
227 7.220320e-01 6.064000e-03 2.719040e-01
228 7.211000e-01 5.944000e-03 2.729560e-01
229 7.201240e-01 5.780000e-03 2.740960e-01
230 7.192400e-01 5.708000e-03 2.750520e-01
231 7.182520e-01 5.612000e-03 2.761360e-01
232 7.172960e-01 5.544000e-03 2.771600e-01
233 7.164080e-01 5.540000e-03 2.780520e-01
234 7.154040e-01 5.484000e-03 2.791120e-01
235 7.145120e-01 5.476000e-03 2.800120e-01
236 7.134960e-01 5.588000e-03 2.809160e-01
237 7.126720e-01 5.376000e-03 2.819520e-01
238 7.117920e-01 5.296000e-03 2.829120e-01
239 7.108320e-01 5.352000e-03 2.838160e-01
240 7.097640e-01 5.536000e-03 2.847000e-01
241 7.088080e-01 5.668000e-03 2.855240e-01
242 7.077640e-01 5.708000e-03 2.865280e-01
243 7.065800e-01 5.936000e-03 2.874840e-01
244 7.056920e-01 5.656000e-03 2.886520e-01
245 7.047440e-01 5.692000e-03 2.895640e-01
246 7.038400e-01 5.568000e-03 2.905920e-01
247 7.029320e-01 5.512000e-03 2.915560e-01
248 7.019480e-01 5.580000e-03 2.924720e-01
249 7.010840e-01 5.464000e-03 2.934520e-01
250 7.001360e-01 5.452000e-03 2.944120e-01
251 6.990600e-01 5.588000e-03 2.953520e-01
252 6.980680e-01 5.680000e-03 2.962520e-01
253 6.969600e-01 5.724000e-03 2.973160e-01
254 6.960560e-01 5.576000e-03 2.983680e-01
255 6.950640e-01 5.584000e-03 2.993520e-01
256 6.941400e-01 5.588000e-03 3.002720e-01
257 6.931680e-01 5.672000e-03 3.011600e-01
258 6.922040e-01 5.612000e-03 3.021840e-01
259 6.912400e-01 5.548000e-03 3.032120e-01
260 6.902040e-01 5.696000e-03 3.041000e-01
261 6.892000e-01 5.740000e-03 3.050600e-01
262 6.882160e-01 5.684000e-03 3.061000e-01
263 6.872720e-01 5.636000e-03 3.070920e-01
264 6.863640e-01 5.476000e-03 3.081600e-01
265 6.854840e-01 5.436000e-03 3.090800e-01
266 6.844280e-01 5.552000e-03 3.100200e-01
267 6.835720e-01 5.372000e-03 3.110560e-01
268 6.828000e-01 5.200000e-03 3.120000e-01
269 6.818600e-01 5.188000e-03 3.129520e-01
270 6.808920e-01 5.284000e-03 3.138240e-01
271 6.799640e-01 5.292000e-03 3.147440e-01
272 6.790160e-01 5.344000e-03 3.156400e-01
273 6.781040e-01 5.328000e-03 3.165680e-01
274 6.771360e-01 5.396000e-03 3.174680e-01
275 6.761720e-01 5.344000e-03 3.184840e-01
276 6.753880e-01 5.220000e-03 3.193920e-01
277 6.744880e-01 5.248000e-03 3.202640e-01
278 6.737120e-01 5.164000e-03 3.211240e-01
279 6.728880e-01 5.048000e-03 3.220640e-01
280 6.719200e-01 5.208000e-03 3.228720e-01
281 6.709960e-01 5.232000e-03 3.237720e-01
282 6.700480e-01 5.232000e-03 3.247200e-01
283 6.692120e-01 5.200000e-03 3.255880e-01
284 6.683400e-01 5.180000e-03 3.264800e-01
285 6.675000e-01 5.140000e-03 3.273600e-01
286 6.666040e-01 5.168000e-03 3.282280e-01
287 6.657080e-01 5.232000e-03 3.290600e-01
288 6.648480e-01 5.124000e-03 3.300280e-01
289 6.639880e-01 5.108000e-03 3.309040e-01
290 6.632640e-01 4.984000e-03 3.317520e-01
291 6.626400e-01 4.824000e-03 3.325360e-01
292 6.618800e-01 4.724000e-03 3.333960e-01
293 6.611040e-01 4.608000e-03 3.342880e-01
294 6.602840e-01 4.664000e-03 3.350520e-01
295 6.595240e-01 4.632000e-03 3.358440e-01
296 6.588360e-01 4.564000e-03 3.366000e-01
297 6.580920e-01 4.516000e-03 3.373920e-01
298 6.574320e-01 4.500000e-03 3.380680e-01
299 6.567720e-01 4.360000e-03 3.388680e-01
300 6.562080e-01 4.200000e-03 3.395920e-01
301 6.556400e-01 3.996000e-03 3.403640e-01
302 6.551400e-01 3.776000e-03 3.410840e-01
303 6.546280e-01 3.620000e-03 3.417520e-01
304 6.540200e-01 3.512000e-03 3.424680e-01
305 6.534880e-01 3.432000e-03 3.430800e-01
306 6.529520e-01 3.400000e-03 3.436480e-01
307 6.524040e-01 3.432000e-03 3.441640e-01
308 6.517720e-01 3.468000e-03 3.447600e-01
309 6.512000e-01 3.472000e-03 3.453280e-01
310 6.505120e-01 3.568000e-03 3.459200e-01
311 6.499640e-01 3.472000e-03 3.465640e-01
312 6.494200e-01 3.404000e-03 3.471760e-01
313 6.488200e-01 3.468000e-03 3.477120e-01
314 6.482720e-01 3.408000e-03 3.483200e-01
315 6.476880e-01 3.448000e-03 3.488640e-01
316 6.470840e-01 3.520000e-03 3.493960e-01
317 6.465960e-01 3.292000e-03 3.501120e-01
318 6.460680e-01 3.216000e-03 3.507160e-01
319 6.456000e-01 3.116000e-03 3.512840e-01
320 6.451280e-01 3.136000e-03 3.517360e-01
321 6.446120e-01 3.052000e-03 3.523360e-01
322 6.440800e-01 3.048000e-03 3.528720e-01
323 6.436160e-01 2.980000e-03 3.534040e-01
324 6.431560e-01 2.876000e-03 3.539680e-01
325 6.426360e-01 2.884000e-03 3.544800e-01
326 6.421680e-01 2.804000e-03 3.550280e-01
327 6.417280e-01 2.776000e-03 3.554960e-01
328 6.412400e-01 2.740000e-03 3.560200e-01
329 6.407280e-01 2.760000e-03 3.565120e-01
330 6.402600e-01 2.736000e-03 3.570040e-01
331 6.397400e-01 2.732000e-03 3.575280e-01
332 6.393040e-01 2.660000e-03 3.580360e-01
333 6.387560e-01 2.760000e-03 3.584840e-01
334 6.383280e-01 2.684000e-03 3.589880e-01
335 6.378480e-01 2.732000e-03 3.594200e-01
336 6.374000e-01 2.632000e-03 3.599680e-01
337 6.370080e-01 2.548000e-03 3.604440e-01
338 6.365040e-01 2.656000e-03 3.608400e-01
339 6.359920e-01 2.768000e-03 3.612400e-01
340 6.354280e-01 2.864000e-03 3.617080e-01
341 6.349120e-01 2.852000e-03 3.622360e-01
342 6.344600e-01 2.764000e-03 3.627760e-01
343 6.340480e-01 2.752000e-03 3.632000e-01
344 6.336000e-01 2.688000e-03 3.637120e-01
345 6.331800e-01 2.624000e-03 3.641960e-01
346 6.327280e-01 2.596000e-03 3.646760e-01
347 6.323200e-01 2.584000e-03 3.650960e-01
348 6.317800e-01 2.760000e-03 3.654600e-01
349 6.313360e-01 2.740000e-03 3.659240e-01
350 6.308520e-01 2.736000e-03 3.664120e-01
351 6.303880e-01 2.676000e-03 3.669360e-01
352 6.299280e-01 2.668000e-03 3.674040e-01
353 6.294280e-01 2.756000e-03 3.678160e-01
354 6.289760e-01 2.728000e-03 3.682960e-01
355 6.284280e-01 2.756000e-03 3.688160e-01
356 6.279960e-01 2.716000e-03 3.692880e-01
357 6.275280e-01 2.720000e-03 3.697520e-01
358 6.270080e-01 2.800000e-03 3.701920e-01
359 6.265920e-01 2.732000e-03 3.706760e-01
360 6.261160e-01 2.736000e-03 3.711480e-01
361 6.257560e-01 2.604000e-03 3.716400e-01
362 6.253920e-01 2.536000e-03 3.720720e-01
363 6.249800e-01 2.464000e-03 3.725560e-01
364 6.246200e-01 2.388000e-03 3.729920e-01
365 6.241880e-01 2.348000e-03 3.734640e-01
366 6.236800e-01 2.416000e-03 3.739040e-01
367 6.233920e-01 2.364000e-03 3.742440e-01
368 6.230600e-01 2.340000e-03 3.746000e-01
369 6.227360e-01 2.252000e-03 3.750120e-01
370 6.223800e-01 2.172000e-03 3.754480e-01
371 6.219880e-01 2.196000e-03 3.758160e-01
372 6.216640e-01 2.180000e-03 3.761560e-01
373 6.212880e-01 2.160000e-03 3.765520e-01
374 6.209520e-01 2.104000e-03 3.769440e-01
375 6.206240e-01 2.092000e-03 3.772840e-01
376 6.203200e-01 2.036000e-03 3.776440e-01
377 6.200160e-01 2.012000e-03 3.779720e-01
378 6.196000e-01 2.096000e-03 3.783040e-01
379 6.192760e-01 2.084000e-03 3.786400e-01
380 6.189360e-01 2.004000e-03 3.790600e-01
381 6.186040e-01 1.944000e-03 3.794520e-01
382 6.182840e-01 2.012000e-03 3.797040e-01
383 6.179600e-01 2.020000e-03 3.800200e-01
384 6.175920e-01 2.008000e-03 3.804000e-01
385 6.173080e-01 1.912000e-03 3.807800e-01
386 6.170480e-01 1.828000e-03 3.811240e-01
387 6.167240e-01 1.820000e-03 3.814560e-01
388 6.164520e-01 1.824000e-03 3.817240e-01
389 6.161600e-01 1.816000e-03 3.820240e-01
390 6.158360e-01 1.784000e-03 3.823800e-01
391 6.155440e-01 1.768000e-03 3.826880e-01
392 6.152600e-01 1.812000e-03 3.829280e-01
393 6.150120e-01 1.692000e-03 3.832960e-01
394 6.148360e-01 1.568000e-03 3.835960e-01
395 6.146120e-01 1.480000e-03 3.839080e-01
396 6.144240e-01 1.344000e-03 3.842320e-01
397 6.142280e-01 1.340000e-03 3.844320e-01
398 6.140480e-01 1.332000e-03 3.846200e-01
399 6.138800e-01 1.312000e-03 3.848080e-01
400 6.136560e-01 1.368000e-03 3.849760e-01
401 6.134440e-01 1.344000e-03 3.852120e-01
402 6.132320e-01 1.320000e-03 3.854480e-01
403 6.130240e-01 1.336000e-03 3.856400e-01
404 6.128160e-01 1.240000e-03 3.859440e-01
405 6.126200e-01 1.192000e-03 3.861880e-01
406 6.124440e-01 1.140000e-03 3.864160e-01
407 6.122760e-01 1.108000e-03 3.866160e-01
408 6.121080e-01 1.076000e-03 3.868160e-01
409 6.119360e-01 1.008000e-03 3.870560e-01
410 6.117960e-01 1.028000e-03 3.871760e-01
411 6.116280e-01 1.036000e-03 3.873360e-01
412 6.114640e-01 9.880000e-04 3.875480e-01
413 6.113120e-01 9.640000e-04 3.877240e-01
414 6.111320e-01 9.880000e-04 3.878800e-01
415 6.109760e-01 9.440000e-04 3.880800e-01
416 6.107160e-01 1.000000e-03 3.882840e-01
417 6.105520e-01 9.800000e-04 3.884680e-01
418 6.103240e-01 1.048000e-03 3.886280e-01
419 6.101160e-01 1.048000e-03 3.888360e-01
420 6.099320e-01 1.020000e-03 3.890480e-01
421 6.096880e-01 1.104000e-03 3.892080e-01
422 6.094080e-01 1.180000e-03 3.894120e-01
423 6.092320e-01 1.200000e-03 3.895680e-01
424 6.090720e-01 1.172000e-03 3.897560e-01
425 6.089000e-01 1.156000e-03 3.899440e-01
426 6.087240e-01 1.136000e-03 3.901400e-01
427 6.085800e-01 1.104000e-03 3.903160e-01
428 6.083800e-01 1.100000e-03 3.905200e-01
429 6.082280e-01 1.108000e-03 3.906640e-01
430 6.080360e-01 1.104000e-03 3.908600e-01
431 6.078400e-01 1.132000e-03 3.910280e-01
432 6.076280e-01 1.128000e-03 3.912440e-01
433 6.074480e-01 1.128000e-03 3.914240e-01
434 6.072560e-01 1.116000e-03 3.916280e-01
435 6.070640e-01 1.080000e-03 3.918560e-01
436 6.069080e-01 1.000000e-03 3.920920e-01
437 6.067520e-01 1.052000e-03 3.921960e-01
438 6.066280e-01 9.200000e-04 3.924520e-01
439 6.064600e-01 9.640000e-04 3.925760e-01
440 6.062720e-01 9.920000e-04 3.927360e-01
441 6.061320e-01 9.640000e-04 3.929040e-01
442 6.059240e-01 9.920000e-04 3.930840e-01
443 6.057360e-01 1.048000e-03 3.932160e-01
444 6.055600e-01 1.032000e-03 3.934080e-01
445 6.054280e-01 9.800000e-04 3.935920e-01
446 6.052480e-01 1.004000e-03 3.937480e-01
447 6.051200e-01 9.440000e-04 3.939360e-01
448 6.049760e-01 9.200000e-04 3.941040e-01
449 6.048760e-01 8.640000e-04 3.942600e-01
450 6.047640e-01 8.440000e-04 3.943920e-01
451 6.046600e-01 8.200000e-04 3.945200e-01
452 6.045400e-01 7.680000e-04 3.946920e-01
453 6.044400e-01 7.240000e-04 3.948360e-01
454 6.043600e-01 6.440000e-04 3.949960e-01
455 6.042960e-01 5.400000e-04 3.951640e-01
456 6.042520e-01 4.880000e-04 3.952600e-01
457 6.042080e-01 4.280000e-04 3.953640e-01
458 6.041640e-01 4.160000e-04 3.954200e-01
459 6.041320e-01 4.040000e-04 3.954640e-01
460 6.040360e-01 4.320000e-04 3.955320e-01
461 6.039720e-01 4.120000e-04 3.956160e-01
462 6.039000e-01 4.240000e-04 3.956760e-01
463 6.038360e-01 4.160000e-04 3.957480e-01
464 6.037680e-01 3.920000e-04 3.958400e-01
465 6.037200e-01 3.840000e-04 3.958960e-01
466 6.036400e-01 3.920000e-04 3.959680e-01
467 6.035640e-01 3.800000e-04 3.960560e-01
468 6.035240e-01 3.320000e-04 3.961440e-01
469 6.034480e-01 3.720000e-04 3.961800e-01
470 6.033440e-01 4.320000e-04 3.962240e-01
471 6.032920e-01 4.160000e-04 3.962920e-01
472 6.032040e-01 4.240000e-04 3.963720e-01
473 6.031360e-01 4.160000e-04 3.964480e-01
474 6.030760e-01 4.160000e-04 3.965080e-01
475 6.030160e-01 4.200000e-04 3.965640e-01
476 6.029480e-01 4.080000e-04 3.966440e-01
477 6.028400e-01 4.320000e-04 3.967280e-01
478 6.027960e-01 3.800000e-04 3.968240e-01
479 6.027400e-01 3.960000e-04 3.968640e-01
480 6.026760e-01 3.800000e-04 3.969440e-01
481 6.026160e-01 3.640000e-04 3.970200e-01
482 6.025600e-01 3.520000e-04 3.970880e-01
483 6.025000e-01 3.480000e-04 3.971520e-01
484 6.024360e-01 3.480000e-04 3.972160e-01
485 6.023880e-01 3.360000e-04 3.972760e-01
486 6.023400e-01 3.240000e-04 3.973360e-01
487 6.022840e-01 3.200000e-04 3.973960e-01
488 6.022440e-01 3.120000e-04 3.974440e-01
489 6.022000e-01 3.040000e-04 3.974960e-01
490 6.021520e-01 3.280000e-04 3.975200e-01
491 6.020920e-01 3.200000e-04 3.975880e-01
492 6.020440e-01 3.200000e-04 3.976360e-01
493 6.019720e-01 3.320000e-04 3.976960e-01
494 6.019400e-01 3.000000e-04 3.977600e-01
495 6.018960e-01 3.120000e-04 3.977920e-01
496 6.018520e-01 3.040000e-04 3.978440e-01
497 6.018080e-01 3.000000e-04 3.978920e-01
498 6.017640e-01 2.880000e-04 3.979480e-01
499 6.016800e-01 3.240000e-04 3.979960e-01
500 6.016200e-01 3.160000e-04 3.980640e-01
