1 9.992440e-01 6.680000e-04 8.800000e-05
2 9.988360e-01 9.280000e-04 2.360000e-04
3 9.982760e-01 1.304000e-03 4.200000e-04
4 9.976360e-01 1.704000e-03 6.600000e-04
5 9.968560e-01 2.164000e-03 9.800000e-04
6 9.962000e-01 2.448000e-03 1.352000e-03
7 9.954080e-01 2.836000e-03 1.756000e-03
8 9.946640e-01 3.060000e-03 2.276000e-03
9 9.938400e-01 3.308000e-03 2.852000e-03
10 9.929680e-01 3.528000e-03 3.504000e-03
11 9.920000e-01 3.828000e-03 4.172000e-03
12 9.910480e-01 4.136000e-03 4.816000e-03
13 9.901040e-01 4.372000e-03 5.524000e-03
14 9.890400e-01 4.652000e-03 6.308000e-03
15 9.878240e-01 5.080000e-03 7.096000e-03
16 9.867920e-01 5.208000e-03 8.000000e-03
17 9.855280e-01 5.584000e-03 8.888000e-03
18 9.844040e-01 5.688000e-03 9.908000e-03
19 9.830120e-01 5.912000e-03 1.107600e-02
20 9.817400e-01 6.176000e-03 1.208400e-02
21 9.803880e-01 6.440000e-03 1.317200e-02
22 9.790600e-01 6.560000e-03 1.438000e-02
23 9.777160e-01 6.680000e-03 1.560400e-02
24 9.764360e-01 6.704000e-03 1.686000e-02
25 9.751360e-01 6.768000e-03 1.809600e-02
26 9.737840e-01 6.924000e-03 1.929200e-02
27 9.723880e-01 7.076000e-03 2.053600e-02
28 9.709480e-01 7.132000e-03 2.192000e-02
29 9.697000e-01 6.940000e-03 2.336000e-02
30 9.682960e-01 7.132000e-03 2.457200e-02
31 9.670640e-01 7.216000e-03 2.572000e-02
32 9.658640e-01 7.164000e-03 2.697200e-02
33 9.645320e-01 7.248000e-03 2.822000e-02
34 9.629720e-01 7.480000e-03 2.954800e-02
35 9.615480e-01 7.592000e-03 3.086000e-02
36 9.600200e-01 7.764000e-03 3.221600e-02
37 9.585640e-01 7.844000e-03 3.359200e-02
38 9.570360e-01 7.980000e-03 3.498400e-02
39 9.555280e-01 8.084000e-03 3.638800e-02
40 9.540720e-01 8.220000e-03 3.770800e-02
41 9.525720e-01 8.248000e-03 3.918000e-02
42 9.512000e-01 8.280000e-03 4.052000e-02
43 9.497960e-01 8.096000e-03 4.210800e-02
44 9.484040e-01 7.936000e-03 4.366000e-02
45 9.470000e-01 7.856000e-03 4.514400e-02
46 9.454720e-01 8.148000e-03 4.638000e-02
47 9.438720e-01 8.228000e-03 4.790000e-02
48 9.424480e-01 8.048000e-03 4.950400e-02
49 9.410840e-01 8.040000e-03 5.087600e-02
50 9.393640e-01 8.440000e-03 5.219600e-02
51 9.378400e-01 8.520000e-03 5.364000e-02
52 9.362200e-01 8.628000e-03 5.515200e-02
53 9.347200e-01 8.548000e-03 5.673200e-02
54 9.333000e-01 8.452000e-03 5.824800e-02
55 9.317360e-01 8.612000e-03 5.965200e-02
56 9.302120e-01 8.616000e-03 6.117200e-02
57 9.287840e-01 8.596000e-03 6.262000e-02
58 9.271880e-01 8.800000e-03 6.401200e-02
59 9.256520e-01 8.852000e-03 6.549600e-02
60 9.242200e-01 8.824000e-03 6.695600e-02
61 9.225680e-01 8.860000e-03 6.857200e-02
62 9.210040e-01 8.816000e-03 7.018000e-02
63 9.196360e-01 8.676000e-03 7.168800e-02
64 9.180360e-01 8.792000e-03 7.317200e-02
65 9.163880e-01 8.812000e-03 7.480000e-02
66 9.147840e-01 8.804000e-03 7.641200e-02
67 9.133800e-01 8.648000e-03 7.797200e-02
68 9.118360e-01 8.784000e-03 7.938000e-02
69 9.101200e-01 9.032000e-03 8.084800e-02
70 9.084120e-01 9.240000e-03 8.234800e-02
71 9.067160e-01 9.288000e-03 8.399600e-02
72 9.049760e-01 9.200000e-03 8.582400e-02
73 9.033800e-01 9.144000e-03 8.747600e-02
74 9.018040e-01 9.112000e-03 8.908400e-02
75 9.002880e-01 9.056000e-03 9.065600e-02
76 8.986920e-01 8.980000e-03 9.232800e-02
77 8.971560e-01 8.876000e-03 9.396800e-02
78 8.955120e-01 8.948000e-03 9.554000e-02
79 8.940160e-01 8.952000e-03 9.703200e-02
80 8.922760e-01 9.212000e-03 9.851200e-02
81 8.905000e-01 9.404000e-03 1.000960e-01
82 8.888600e-01 9.320000e-03 1.018200e-01
83 8.870480e-01 9.500000e-03 1.034520e-01
84 8.852400e-01 9.624000e-03 1.051360e-01
85 8.833680e-01 9.880000e-03 1.067520e-01
86 8.816520e-01 1.000000e-02 1.083480e-01
87 8.797960e-01 1.018800e-02 1.100160e-01
88 8.779480e-01 1.026000e-02 1.117920e-01
89 8.760600e-01 1.040800e-02 1.135320e-01
90 8.744480e-01 1.017200e-02 1.153800e-01
91 8.727000e-01 1.008000e-02 1.172200e-01
92 8.710160e-01 1.001200e-02 1.189720e-01
93 8.692640e-01 9.996000e-03 1.207400e-01
94 8.677000e-01 9.780000e-03 1.225200e-01
95 8.660400e-01 9.892000e-03 1.240680e-01
96 8.642560e-01 9.868000e-03 1.258760e-01
97 8.626560e-01 9.728000e-03 1.276160e-01
98 8.609920e-01 9.732000e-03 1.292760e-01
99 8.593520e-01 9.768000e-03 1.308800e-01
100 8.577240e-01 9.644000e-03 1.326320e-01
101 8.560960e-01 9.488000e-03 1.344160e-01
102 8.544880e-01 9.368000e-03 1.361440e-01
103 8.529880e-01 9.316000e-03 1.376960e-01
104 8.514120e-01 9.188000e-03 1.394000e-01
105 8.500160e-01 9.004000e-03 1.409800e-01
106 8.486200e-01 8.812000e-03 1.425680e-01
107 8.472720e-01 8.768000e-03 1.439600e-01
108 8.457400e-01 8.816000e-03 1.454440e-01
109 8.441640e-01 8.836000e-03 1.470000e-01
110 8.426600e-01 8.720000e-03 1.486200e-01
111 8.413440e-01 8.476000e-03 1.501800e-01
112 8.397880e-01 8.440000e-03 1.517720e-01
113 8.384600e-01 8.392000e-03 1.531480e-01
114 8.371240e-01 8.168000e-03 1.547080e-01
115 8.358520e-01 8.020000e-03 1.561280e-01
116 8.345040e-01 8.020000e-03 1.574760e-01
117 8.331000e-01 8.084000e-03 1.588160e-01
118 8.318800e-01 7.808000e-03 1.603120e-01
119 8.305960e-01 7.692000e-03 1.617120e-01
120 8.292880e-01 7.708000e-03 1.630040e-01
121 8.280280e-01 7.652000e-03 1.643200e-01
122 8.268280e-01 7.572000e-03 1.656000e-01
123 8.257080e-01 7.356000e-03 1.669360e-01
124 8.245160e-01 7.292000e-03 1.681920e-01
125 8.233200e-01 7.284000e-03 1.693960e-01
126 8.221080e-01 7.264000e-03 1.706280e-01
127 8.209640e-01 7.148000e-03 1.718880e-01
128 8.198880e-01 7.004000e-03 1.731080e-01
129 8.187360e-01 7.060000e-03 1.742040e-01
130 8.176120e-01 6.944000e-03 1.754440e-01
131 8.164240e-01 6.924000e-03 1.766520e-01
132 8.151960e-01 6.904000e-03 1.779000e-01
133 8.139960e-01 6.864000e-03 1.791400e-01
134 8.127720e-01 6.816000e-03 1.804120e-01
135 8.115200e-01 6.864000e-03 1.816160e-01
136 8.102520e-01 6.900000e-03 1.828480e-01
137 8.089040e-01 6.972000e-03 1.841240e-01
138 8.075600e-01 7.076000e-03 1.853640e-01
139 8.062600e-01 7.112000e-03 1.866280e-01
140 8.047480e-01 7.480000e-03 1.877720e-01
141 8.034280e-01 7.564000e-03 1.890080e-01
142 8.020360e-01 7.600000e-03 1.903640e-01
143 8.006840e-01 7.556000e-03 1.917600e-01
144 7.993720e-01 7.536000e-03 1.930920e-01
145 7.982480e-01 7.456000e-03 1.942960e-01
146 7.970800e-01 7.360000e-03 1.955600e-01
147 7.958720e-01 7.256000e-03 1.968720e-01
148 7.945760e-01 7.148000e-03 1.982760e-01
149 7.934080e-01 7.152000e-03 1.994400e-01
150 7.921960e-01 7.160000e-03 2.006440e-01
151 7.908800e-01 7.140000e-03 2.019800e-01
152 7.897200e-01 7.132000e-03 2.031480e-01
153 7.885080e-01 7.116000e-03 2.043760e-01
154 7.873200e-01 7.024000e-03 2.056560e-01
155 7.861080e-01 7.080000e-03 2.068120e-01
156 7.847920e-01 7.104000e-03 2.081040e-01
157 7.834280e-01 7.196000e-03 2.093760e-01
158 7.821160e-01 7.200000e-03 2.106840e-01
159 7.809880e-01 6.968000e-03 2.120440e-01
160 7.797120e-01 6.856000e-03 2.134320e-01
161 7.784400e-01 7.016000e-03 2.145440e-01
162 7.770560e-01 7.100000e-03 2.158440e-01
163 7.758720e-01 6.996000e-03 2.171320e-01
164 7.747080e-01 6.860000e-03 2.184320e-01
165 7.735480e-01 6.732000e-03 2.197200e-01
166 7.724160e-01 6.740000e-03 2.208440e-01
167 7.712400e-01 6.816000e-03 2.219440e-01
168 7.700320e-01 6.788000e-03 2.231800e-01
169 7.688360e-01 6.792000e-03 2.243720e-01
170 7.675480e-01 6.924000e-03 2.255280e-01
171 7.663280e-01 6.988000e-03 2.266840e-01
172 7.651480e-01 6.988000e-03 2.278640e-01
173 7.637760e-01 7.144000e-03 2.290800e-01
174 7.626480e-01 7.084000e-03 2.302680e-01
175 7.616400e-01 6.836000e-03 2.315240e-01
176 7.603560e-01 6.772000e-03 2.328720e-01
177 7.591160e-01 6.632000e-03 2.342520e-01
178 7.578400e-01 6.700000e-03 2.354600e-01
179 7.567000e-01 6.656000e-03 2.366440e-01
180 7.555480e-01 6.676000e-03 2.377760e-01
181 7.543800e-01 6.696000e-03 2.389240e-01
182 7.532880e-01 6.632000e-03 2.400800e-01
183 7.521200e-01 6.452000e-03 2.414280e-01
184 7.510120e-01 6.428000e-03 2.425600e-01
185 7.498760e-01 6.412000e-03 2.437120e-01
186 7.487560e-01 6.388000e-03 2.448560e-01
187 7.474960e-01 6.528000e-03 2.459760e-01
188 7.464120e-01 6.488000e-03 2.471000e-01
189 7.453240e-01 6.304000e-03 2.483720e-01
190 7.443280e-01 6.040000e-03 2.496320e-01
191 7.431560e-01 6.072000e-03 2.507720e-01
192 7.420640e-01 6.132000e-03 2.518040e-01
193 7.409160e-01 6.196000e-03 2.528880e-01
194 7.397000e-01 6.328000e-03 2.539720e-01
195 7.384120e-01 6.444000e-03 2.551440e-01
196 7.372000e-01 6.592000e-03 2.562080e-01
197 7.360920e-01 6.548000e-03 2.573600e-01
198 7.349960e-01 6.596000e-03 2.584080e-01
199 7.338920e-01 6.488000e-03 2.596200e-01
200 7.328520e-01 6.424000e-03 2.607240e-01
201 7.318000e-01 6.260000e-03 2.619400e-01
202 7.306480e-01 6.356000e-03 2.629960e-01
203 7.295440e-01 6.384000e-03 2.640720e-01
204 7.283920e-01 6.368000e-03 2.652400e-01
205 7.272200e-01 6.408000e-03 2.663720e-01
206 7.260800e-01 6.432000e-03 2.674880e-01
207 7.249720e-01 6.468000e-03 2.685600e-01
208 7.238920e-01 6.344000e-03 2.697640e-01
209 7.229240e-01 6.356000e-03 2.707200e-01
210 7.218720e-01 6.304000e-03 2.718240e-01
211 7.208960e-01 6.212000e-03 2.728920e-01
212 7.199080e-01 6.112000e-03 2.739800e-01
213 7.188760e-01 6.076000e-03 2.750480e-01
214 7.179880e-01 5.948000e-03 2.760640e-01
215 7.168680e-01 6.120000e-03 2.770120e-01
216 7.158920e-01 6.044000e-03 2.780640e-01
217 7.148000e-01 5.972000e-03 2.792280e-01
218 7.137480e-01 5.876000e-03 2.803760e-01
219 7.128120e-01 5.688000e-03 2.815000e-01
220 7.118080e-01 5.732000e-03 2.824600e-01
221 7.108800e-01 5.712000e-03 2.834080e-01
222 7.099520e-01 5.520000e-03 2.845280e-01
223 7.091320e-01 5.448000e-03 2.854200e-01
224 7.083120e-01 5.388000e-03 2.863000e-01
225 7.073440e-01 5.388000e-03 2.872680e-01
226 7.063440e-01 5.432000e-03 2.882240e-01
227 7.054280e-01 5.400000e-03 2.891720e-01
228 7.044800e-01 5.396000e-03 2.901240e-01
229 7.036040e-01 5.360000e-03 2.910360e-01
230 7.027600e-01 5.268000e-03 2.919720e-01
231 7.018400e-01 5.268000e-03 2.928920e-01
232 7.010680e-01 5.092000e-03 2.938400e-01
233 7.002400e-01 5.092000e-03 2.946680e-01
234 6.994080e-01 5.160000e-03 2.954320e-01
235 6.985760e-01 5.052000e-03 2.963720e-01
236 6.978960e-01 4.904000e-03 2.972000e-01
237 6.971520e-01 4.840000e-03 2.980080e-01
238 6.964360e-01 4.652000e-03 2.989120e-01
239 6.956560e-01 4.612000e-03 2.997320e-01
240 6.949720e-01 4.456000e-03 3.005720e-01
241 6.942480e-01 4.324000e-03 3.014280e-01
242 6.935080e-01 4.328000e-03 3.021640e-01
243 6.928120e-01 4.220000e-03 3.029680e-01
244 6.920960e-01 4.264000e-03 3.036400e-01
245 6.913880e-01 4.244000e-03 3.043680e-01
246 6.907840e-01 4.084000e-03 3.051320e-01
247 6.900840e-01 4.128000e-03 3.057880e-01
248 6.894160e-01 4.084000e-03 3.065000e-01
249 6.887640e-01 4.088000e-03 3.071480e-01
250 6.880400e-01 4.076000e-03 3.078840e-01
251 6.872960e-01 4.056000e-03 3.086480e-01
252 6.866440e-01 4.012000e-03 3.093440e-01
253 6.858600e-01 4.020000e-03 3.101200e-01
254 6.852040e-01 3.964000e-03 3.108320e-01
255 6.843280e-01 4.200000e-03 3.114720e-01
256 6.835800e-01 4.128000e-03 3.122920e-01
257 6.829160e-01 4.060000e-03 3.130240e-01
258 6.822720e-01 3.932000e-03 3.137960e-01
259 6.815920e-01 3.936000e-03 3.144720e-01
260 6.808520e-01 3.964000e-03 3.151840e-01
261 6.801400e-01 3.936000e-03 3.159240e-01
262 6.794840e-01 3.952000e-03 3.165640e-01
263 6.786800e-01 3.988000e-03 3.173320e-01
264 6.779320e-01 4.072000e-03 3.179960e-01
265 6.772160e-01 4.104000e-03 3.186800e-01
266 6.766160e-01 3.992000e-03 3.193920e-01
267 6.758920e-01 3.988000e-03 3.201200e-01
268 6.752360e-01 4.052000e-03 3.207120e-01
269 6.745480e-01 4.036000e-03 3.214160e-01
270 6.739360e-01 4.032000e-03 3.220320e-01
271 6.732720e-01 3.988000e-03 3.227400e-01
272 6.725640e-01 3.956000e-03 3.234800e-01
273 6.719680e-01 3.824000e-03 3.242080e-01
274 6.713360e-01 3.852000e-03 3.248120e-01
275 6.706240e-01 3.888000e-03 3.254880e-01
276 6.699920e-01 3.840000e-03 3.261680e-01
277 6.693800e-01 3.796000e-03 3.268240e-01
278 6.687600e-01 3.760000e-03 3.274800e-01
279 6.681040e-01 3.696000e-03 3.282000e-01
280 6.674240e-01 3.680000e-03 3.288960e-01
281 6.668720e-01 3.644000e-03 3.294840e-01
282 6.662200e-01 3.600000e-03 3.301800e-01
283 6.655840e-01 3.640000e-03 3.307760e-01
284 6.650960e-01 3.460000e-03 3.314440e-01
285 6.645920e-01 3.328000e-03 3.320800e-01
286 6.641240e-01 3.216000e-03 3.326600e-01
287 6.634840e-01 3.228000e-03 3.332880e-01
288 6.628400e-01 3.244000e-03 3.339160e-01
289 6.623520e-01 3.208000e-03 3.344400e-01
290 6.617120e-01 3.236000e-03 3.350520e-01
291 6.611880e-01 3.208000e-03 3.356040e-01
292 6.605200e-01 3.304000e-03 3.361760e-01
293 6.599640e-01 3.264000e-03 3.367720e-01
294 6.594000e-01 3.340000e-03 3.372600e-01
295 6.587360e-01 3.392000e-03 3.378720e-01
296 6.581480e-01 3.472000e-03 3.383800e-01
297 6.574800e-01 3.464000e-03 3.390560e-01
298 6.568680e-01 3.496000e-03 3.396360e-01
299 6.562800e-01 3.512000e-03 3.402080e-01
300 6.556440e-01 3.608000e-03 3.407480e-01
301 6.550240e-01 3.492000e-03 3.414840e-01
302 6.544400e-01 3.424000e-03 3.421360e-01
303 6.538040e-01 3.516000e-03 3.426800e-01
304 6.532480e-01 3.424000e-03 3.433280e-01
305 6.526320e-01 3.496000e-03 3.438720e-01
306 6.520640e-01 3.432000e-03 3.445040e-01
307 6.514920e-01 3.340000e-03 3.451680e-01
308 6.508840e-01 3.328000e-03 3.457880e-01
309 6.504200e-01 3.208000e-03 3.463720e-01
310 6.499280e-01 3.136000e-03 3.469360e-01
311 6.494240e-01 3.056000e-03 3.475200e-01
312 6.489960e-01 2.956000e-03 3.480480e-01
313 6.484680e-01 3.040000e-03 3.484920e-01
314 6.478840e-01 3.060000e-03 3.490560e-01
315 6.474160e-01 2.988000e-03 3.495960e-01
316 6.468280e-01 3.108000e-03 3.500640e-01
317 6.462400e-01 3.116000e-03 3.506440e-01
318 6.456480e-01 3.144000e-03 3.512080e-01
319 6.451360e-01 3.076000e-03 3.517880e-01
320 6.447120e-01 2.956000e-03 3.523320e-01
321 6.442760e-01 2.772000e-03 3.529520e-01
322 6.438720e-01 2.652000e-03 3.534760e-01
323 6.433760e-01 2.712000e-03 3.539120e-01
324 6.429560e-01 2.636000e-03 3.544080e-01
325 6.424720e-01 2.680000e-03 3.548480e-01
326 6.421600e-01 2.452000e-03 3.553880e-01
327 6.416880e-01 2.504000e-03 3.558080e-01
328 6.412400e-01 2.528000e-03 3.562320e-01
329 6.407640e-01 2.616000e-03 3.566200e-01
330 6.403040e-01 2.584000e-03 3.571120e-01
331 6.398440e-01 2.580000e-03 3.575760e-01
332 6.394880e-01 2.444000e-03 3.580680e-01
333 6.390120e-01 2.448000e-03 3.585400e-01
334 6.385640e-01 2.412000e-03 3.590240e-01
335 6.381440e-01 2.348000e-03 3.595080e-01
336 6.377760e-01 2.232000e-03 3.599920e-01
337 6.373840e-01 2.228000e-03 3.603880e-01
338 6.369480e-01 2.252000e-03 3.608000e-01
339 6.365520e-01 2.268000e-03 3.611800e-01
340 6.360440e-01 2.376000e-03 3.615800e-01
341 6.355640e-01 2.360000e-03 3.620760e-01
342 6.351160e-01 2.400000e-03 3.624840e-01
343 6.345720e-01 2.564000e-03 3.628640e-01
344 6.340120e-01 2.672000e-03 3.633160e-01
345 6.334880e-01 2.756000e-03 3.637560e-01
346 6.329120e-01 2.780000e-03 3.643080e-01
347 6.323360e-01 2.848000e-03 3.648160e-01
348 6.318800e-01 2.812000e-03 3.653080e-01
349 6.314320e-01 2.736000e-03 3.658320e-01
350 6.309840e-01 2.732000e-03 3.662840e-01
351 6.305120e-01 2.776000e-03 3.667120e-01
352 6.299840e-01 2.800000e-03 3.672160e-01
353 6.296040e-01 2.676000e-03 3.677200e-01
354 6.290600e-01 2.756000e-03 3.681840e-01
355 6.285320e-01 2.872000e-03 3.685960e-01
356 6.280840e-01 2.844000e-03 3.690720e-01
357 6.275320e-01 2.932000e-03 3.695360e-01
358 6.270920e-01 2.988000e-03 3.699200e-01
359 6.265800e-01 2.904000e-03 3.705160e-01
360 6.261440e-01 2.856000e-03 3.710000e-01
361 6.255520e-01 2.996000e-03 3.714520e-01
362 6.251200e-01 2.860000e-03 3.720200e-01
363 6.246720e-01 2.784000e-03 3.725440e-01
364 6.241920e-01 2.748000e-03 3.730600e-01
365 6.238760e-01 2.568000e-03 3.735560e-01
366 6.234640e-01 2.556000e-03 3.739800e-01
367 6.230040e-01 2.564000e-03 3.744320e-01
368 6.225640e-01 2.568000e-03 3.748680e-01
369 6.220840e-01 2.636000e-03 3.752800e-01
370 6.216400e-01 2.668000e-03 3.756920e-01
371 6.212440e-01 2.608000e-03 3.761480e-01
372 6.208880e-01 2.516000e-03 3.765960e-01
373 6.205560e-01 2.424000e-03 3.770200e-01
374 6.201320e-01 2.440000e-03 3.774280e-01
375 6.197120e-01 2.432000e-03 3.778560e-01
376 6.194000e-01 2.336000e-03 3.782640e-01
377 6.190720e-01 2.276000e-03 3.786520e-01
378 6.187280e-01 2.240000e-03 3.790320e-01
379 6.184040e-01 2.160000e-03 3.794360e-01
380 6.180920e-01 2.140000e-03 3.797680e-01
381 6.177000e-01 2.132000e-03 3.801680e-01
382 6.173720e-01 2.140000e-03 3.804880e-01
383 6.170320e-01 2.064000e-03 3.809040e-01
384 6.166400e-01 1.996000e-03 3.813640e-01
385 6.163080e-01 1.968000e-03 3.817240e-01
386 6.159920e-01 1.908000e-03 3.821000e-01
387 6.156680e-01 1.924000e-03 3.824080e-01
388 6.153120e-01 1.936000e-03 3.827520e-01
389 6.149560e-01 1.996000e-03 3.830480e-01
390 6.146080e-01 1.968000e-03 3.834240e-01
391 6.142760e-01 1.996000e-03 3.837280e-01
392 6.139240e-01 2.036000e-03 3.840400e-01
393 6.135960e-01 2.048000e-03 3.843560e-01
394 6.132160e-01 2.076000e-03 3.847080e-01
395 6.128880e-01 2.012000e-03 3.851000e-01
396 6.125800e-01 1.932000e-03 3.854880e-01
397 6.122680e-01 1.924000e-03 3.858080e-01
398 6.120000e-01 1.796000e-03 3.862040e-01
399 6.117000e-01 1.772000e-03 3.865280e-01
400 6.114320e-01 1.680000e-03 3.868880e-01
401 6.111680e-01 1.704000e-03 3.871280e-01
402 6.107680e-01 1.816000e-03 3.874160e-01
403 6.104240e-01 1.780000e-03 3.877960e-01
404 6.100840e-01 1.804000e-03 3.881120e-01
405 6.097680e-01 1.804000e-03 3.884280e-01
406 6.094520e-01 1.780000e-03 3.887680e-01
407 6.091000e-01 1.816000e-03 3.890840e-01
408 6.086480e-01 1.948000e-03 3.894040e-01
409 6.082080e-01 2.020000e-03 3.897720e-01
410 6.079000e-01 1.952000e-03 3.901480e-01
411 6.075760e-01 1.932000e-03 3.904920e-01
412 6.072440e-01 1.920000e-03 3.908360e-01
413 6.069840e-01 1.828000e-03 3.911880e-01
414 6.067400e-01 1.792000e-03 3.914680e-01
415 6.064960e-01 1.712000e-03 3.917920e-01
416 6.062240e-01 1.652000e-03 3.921240e-01
417 6.059160e-01 1.640000e-03 3.924440e-01
418 6.056440e-01 1.648000e-03 3.927080e-01
419 6.053800e-01 1.636000e-03 3.929840e-01
420 6.051400e-01 1.584000e-03 3.932760e-01
421 6.048840e-01 1.596000e-03 3.935200e-01
422 6.046200e-01 1.592000e-03 3.937880e-01
423 6.043640e-01 1.592000e-03 3.940440e-01
424 6.040720e-01 1.640000e-03 3.942880e-01
425 6.038400e-01 1.612000e-03 3.945480e-01
426 6.035360e-01 1.652000e-03 3.948120e-01
427 6.032520e-01 1.668000e-03 3.950800e-01
428 6.029040e-01 1.756000e-03 3.953400e-01
429 6.026600e-01 1.684000e-03 3.956560e-01
430 6.024040e-01 1.616000e-03 3.959800e-01
431 6.020920e-01 1.596000e-03 3.963120e-01
432 6.018640e-01 1.532000e-03 3.966040e-01
433 6.015720e-01 1.560000e-03 3.968680e-01
434 6.013680e-01 1.476000e-03 3.971560e-01
435 6.011720e-01 1.404000e-03 3.974240e-01
436 6.009160e-01 1.432000e-03 3.976520e-01
437 6.007040e-01 1.408000e-03 3.978880e-01
438 6.004720e-01 1.340000e-03 3.981880e-01
439 6.002520e-01 1.376000e-03 3.983720e-01
440 6.000000e-01 1.376000e-03 3.986240e-01
441 5.997960e-01 1.320000e-03 3.988840e-01
442 5.995920e-01 1.300000e-03 3.991080e-01
443 5.993880e-01 1.332000e-03 3.992800e-01
444 5.991880e-01 1.300000e-03 3.995120e-01
445 5.989560e-01 1.264000e-03 3.997800e-01
446 5.986640e-01 1.320000e-03 4.000160e-01
447 5.984200e-01 1.280000e-03 4.003000e-01
448 5.982120e-01 1.264000e-03 4.005240e-01
449 5.979960e-01 1.280000e-03 4.007240e-01
450 5.977760e-01 1.284000e-03 4.009400e-01
451 5.974920e-01 1.328000e-03 4.011800e-01
452 5.972080e-01 1.396000e-03 4.013960e-01
453 5.969600e-01 1.376000e-03 4.016640e-01
454 5.966960e-01 1.392000e-03 4.019120e-01
455 5.965120e-01 1.292000e-03 4.021960e-01
456 5.962680e-01 1.300000e-03 4.024320e-01
457 5.960360e-01 1.344000e-03 4.026200e-01
458 5.958080e-01 1.340000e-03 4.028520e-01
459 5.956160e-01 1.292000e-03 4.030920e-01
460 5.953360e-01 1.376000e-03 4.032880e-01
461 5.950640e-01 1.408000e-03 4.035280e-01
462 5.948240e-01 1.352000e-03 4.038240e-01
463 5.946040e-01 1.340000e-03 4.040560e-01
464 5.944320e-01 1.300000e-03 4.042680e-01
465 5.942000e-01 1.312000e-03 4.044880e-01
466 5.939760e-01 1.300000e-03 4.047240e-01
467 5.937200e-01 1.348000e-03 4.049320e-01
468 5.934640e-01 1.416000e-03 4.051200e-01
469 5.931840e-01 1.436000e-03 4.053800e-01
470 5.929360e-01 1.420000e-03 4.056440e-01
471 5.926560e-01 1.456000e-03 4.058880e-01
472 5.923960e-01 1.472000e-03 4.061320e-01
473 5.921240e-01 1.472000e-03 4.064040e-01
474 5.918880e-01 1.456000e-03 4.066560e-01
475 5.916040e-01 1.508000e-03 4.068880e-01
476 5.913720e-01 1.452000e-03 4.071760e-01
477 5.911480e-01 1.420000e-03 4.074320e-01
478 5.909360e-01 1.416000e-03 4.076480e-01
479 5.907440e-01 1.384000e-03 4.078720e-01
480 5.905760e-01 1.272000e-03 4.081520e-01
481 5.903480e-01 1.220000e-03 4.084320e-01
482 5.901840e-01 1.152000e-03 4.086640e-01
483 5.900280e-01 1.080000e-03 4.088920e-01
484 5.898760e-01 1.000000e-03 4.091240e-01
485 5.897400e-01 9.440000e-04 4.093160e-01
486 5.896000e-01 9.360000e-04 4.094640e-01
487 5.895080e-01 8.720000e-04 4.096200e-01
488 5.893880e-01 8.480000e-04 4.097640e-01
489 5.892720e-01 8.040000e-04 4.099240e-01
490 5.891400e-01 7.960000e-04 4.100640e-01
491 5.889800e-01 8.080000e-04 4.102120e-01
492 5.888320e-01 8.360000e-04 4.103320e-01
493 5.886600e-01 8.760000e-04 4.104640e-01
494 5.885280e-01 8.400000e-04 4.106320e-01
495 5.883480e-01 9.080000e-04 4.107440e-01
496 5.881480e-01 9.600000e-04 4.108920e-01
497 5.879600e-01 9.880000e-04 4.110520e-01
498 5.877880e-01 1.028000e-03 4.111840e-01
499 5.876120e-01 1.000000e-03 4.113880e-01
500 5.874800e-01 9.400000e-04 4.115800e-01
