1 9.991440e-01 7.840000e-04 7.200000e-05
2 9.985520e-01 1.204000e-03 2.440000e-04
3 9.978920e-01 1.600000e-03 5.080000e-04
4 9.973480e-01 1.864000e-03 7.880000e-04
5 9.966200e-01 2.236000e-03 1.144000e-03
6 9.959040e-01 2.528000e-03 1.568000e-03
7 9.950320e-01 2.908000e-03 2.060000e-03
8 9.940840e-01 3.320000e-03 2.596000e-03
9 9.929760e-01 3.752000e-03 3.272000e-03
10 9.920040e-01 4.004000e-03 3.992000e-03
11 9.909080e-01 4.360000e-03 4.732000e-03
12 9.897640e-01 4.756000e-03 5.480000e-03
13 9.886000e-01 5.096000e-03 6.304000e-03
14 9.874360e-01 5.416000e-03 7.148000e-03
15 9.860360e-01 5.912000e-03 8.052000e-03
16 9.847880e-01 6.120000e-03 9.092000e-03
17 9.836440e-01 6.112000e-03 1.024400e-02
18 9.823120e-01 6.404000e-03 1.128400e-02
19 9.809520e-01 6.664000e-03 1.238400e-02
20 9.796800e-01 6.668000e-03 1.365200e-02
21 9.783640e-01 6.876000e-03 1.476000e-02
22 9.769280e-01 7.064000e-03 1.600800e-02
23 9.754440e-01 7.336000e-03 1.722000e-02
24 9.740560e-01 7.460000e-03 1.848400e-02
25 9.726600e-01 7.580000e-03 1.976000e-02
26 9.712160e-01 7.688000e-03 2.109600e-02
27 9.697480e-01 7.728000e-03 2.252400e-02
28 9.682760e-01 7.760000e-03 2.396400e-02
29 9.667800e-01 7.796000e-03 2.542400e-02
30 9.652040e-01 8.012000e-03 2.678400e-02
31 9.635680e-01 8.180000e-03 2.825200e-02
32 9.620320e-01 8.332000e-03 2.963600e-02
33 9.605160e-01 8.436000e-03 3.104800e-02
34 9.590080e-01 8.416000e-03 3.257600e-02
35 9.572560e-01 8.640000e-03 3.410400e-02
36 9.557080e-01 8.612000e-03 3.568000e-02
37 9.542480e-01 8.656000e-03 3.709600e-02
38 9.526520e-01 8.556000e-03 3.879200e-02
39 9.511120e-01 8.548000e-03 4.034000e-02
40 9.496720e-01 8.552000e-03 4.177600e-02
41 9.481280e-01 8.552000e-03 4.332000e-02
42 9.466520e-01 8.400000e-03 4.494800e-02
43 9.452960e-01 8.324000e-03 4.638000e-02
44 9.438280e-01 8.452000e-03 4.772000e-02
45 9.424400e-01 8.420000e-03 4.914000e-02
46 9.410720e-01 8.328000e-03 5.060000e-02
47 9.395440e-01 8.468000e-03 5.198800e-02
48 9.381400e-01 8.428000e-03 5.343200e-02
49 9.366280e-01 8.440000e-03 5.493200e-02
50 9.350640e-01 8.488000e-03 5.644800e-02
51 9.334160e-01 8.580000e-03 5.800400e-02
52 9.318200e-01 8.712000e-03 5.946800e-02
53 9.303120e-01 8.660000e-03 6.102800e-02
54 9.288720e-01 8.540000e-03 6.258800e-02
55 9.272520e-01 8.720000e-03 6.402800e-02
56 9.258320e-01 8.644000e-03 6.552400e-02
57 9.241560e-01 8.800000e-03 6.704400e-02
58 9.224920e-01 8.900000e-03 6.860800e-02
59 9.208960e-01 8.824000e-03 7.028000e-02
60 9.192200e-01 9.180000e-03 7.160000e-02
61 9.173680e-01 9.408000e-03 7.322400e-02
62 9.157120e-01 9.600000e-03 7.468800e-02
63 9.138480e-01 9.872000e-03 7.628000e-02
64 9.119080e-01 1.014400e-02 7.794800e-02
65 9.102320e-01 1.003200e-02 7.973600e-02
66 9.084760e-01 9.992000e-03 8.153200e-02
67 9.066480e-01 1.010000e-02 8.325200e-02
68 9.047600e-01 1.028800e-02 8.495200e-02
69 9.030040e-01 1.021200e-02 8.678400e-02
70 9.011280e-01 1.029600e-02 8.857600e-02
71 8.992800e-01 1.029600e-02 9.042400e-02
72 8.973720e-01 1.031600e-02 9.231200e-02
73 8.954600e-01 1.046800e-02 9.407200e-02
74 8.936600e-01 1.044800e-02 9.589200e-02
75 8.917400e-01 1.051200e-02 9.774800e-02
76 8.899120e-01 1.042000e-02 9.966800e-02
77 8.880280e-01 1.045600e-02 1.015160e-01
78 8.863080e-01 1.049600e-02 1.031960e-01
79 8.847000e-01 1.038800e-02 1.049120e-01
80 8.829920e-01 1.023200e-02 1.067760e-01
81 8.811640e-01 1.016000e-02 1.086760e-01
82 8.794360e-01 9.992000e-03 1.105720e-01
83 8.777000e-01 1.007200e-02 1.122280e-01
84 8.759800e-01 1.000400e-02 1.140160e-01
85 8.740480e-01 1.029200e-02 1.156600e-01
86 8.723720e-01 1.009200e-02 1.175360e-01
87 8.706760e-01 9.936000e-03 1.193880e-01
88 8.690440e-01 9.912000e-03 1.210440e-01
89 8.673000e-01 9.988000e-03 1.227120e-01
90 8.656840e-01 9.916000e-03 1.244000e-01
91 8.640680e-01 9.880000e-03 1.260520e-01
92 8.624480e-01 9.676000e-03 1.278760e-01
93 8.607960e-01 9.688000e-03 1.295160e-01
94 8.591600e-01 9.564000e-03 1.312760e-01
95 8.574560e-01 9.520000e-03 1.330240e-01
96 8.557440e-01 9.588000e-03 1.346680e-01
97 8.540440e-01 9.628000e-03 1.363280e-01
98 8.523160e-01 9.584000e-03 1.381000e-01
99 8.505680e-01 9.748000e-03 1.396840e-01
100 8.487640e-01 9.960000e-03 1.412760e-01
101 8.468760e-01 1.009600e-02 1.430280e-01
102 8.449880e-01 1.030400e-02 1.447080e-01
103 8.434720e-01 1.006800e-02 1.464600e-01
104 8.420600e-01 9.716000e-03 1.482240e-01
105 8.405400e-01 9.396000e-03 1.500640e-01
106 8.388760e-01 9.236000e-03 1.518880e-01
107 8.372440e-01 9.104000e-03 1.536520e-01
108 8.357280e-01 8.872000e-03 1.554000e-01
109 8.342360e-01 8.784000e-03 1.569800e-01
110 8.328200e-01 8.668000e-03 1.585120e-01
111 8.315160e-01 8.508000e-03 1.599760e-01
112 8.301360e-01 8.300000e-03 1.615640e-01
113 8.288280e-01 8.188000e-03 1.629840e-01
114 8.274280e-01 8.268000e-03 1.643040e-01
115 8.259800e-01 8.288000e-03 1.657320e-01
116 8.246440e-01 8.240000e-03 1.671160e-01
117 8.233360e-01 8.084000e-03 1.685800e-01
118 8.218800e-01 8.072000e-03 1.700480e-01
119 8.205160e-01 8.132000e-03 1.713520e-01
120 8.192160e-01 8.036000e-03 1.727480e-01
121 8.179680e-01 7.860000e-03 1.741720e-01
122 8.168240e-01 7.604000e-03 1.755720e-01
123 8.155640e-01 7.448000e-03 1.769880e-01
124 8.143440e-01 7.408000e-03 1.782480e-01
125 8.131480e-01 7.396000e-03 1.794560e-01
126 8.119440e-01 7.320000e-03 1.807360e-01
127 8.106920e-01 7.220000e-03 1.820880e-01
128 8.093680e-01 7.364000e-03 1.832680e-01
129 8.081840e-01 7.220000e-03 1.845960e-01
130 8.069320e-01 7.240000e-03 1.858280e-01
131 8.056960e-01 7.228000e-03 1.870760e-01
132 8.044080e-01 7.244000e-03 1.883480e-01
133 8.032280e-01 7.120000e-03 1.896520e-01
134 8.021760e-01 6.912000e-03 1.909120e-01
135 8.010320e-01 6.848000e-03 1.921200e-01
136 7.998520e-01 6.852000e-03 1.932960e-01
137 7.987760e-01 6.804000e-03 1.944200e-01
138 7.975720e-01 6.872000e-03 1.955560e-01
139 7.964160e-01 6.852000e-03 1.967320e-01
140 7.952640e-01 6.884000e-03 1.978520e-01
141 7.941440e-01 6.688000e-03 1.991680e-01
142 7.931200e-01 6.540000e-03 2.003400e-01
143 7.920920e-01 6.380000e-03 2.015280e-01
144 7.910600e-01 6.248000e-03 2.026920e-01
145 7.899400e-01 6.260000e-03 2.038000e-01
146 7.887240e-01 6.312000e-03 2.049640e-01
147 7.877040e-01 6.256000e-03 2.060400e-01
148 7.864640e-01 6.280000e-03 2.072560e-01
149 7.854360e-01 6.164000e-03 2.084000e-01
150 7.843320e-01 6.212000e-03 2.094560e-01
151 7.832960e-01 6.216000e-03 2.104880e-01
152 7.822040e-01 6.156000e-03 2.116400e-01
153 7.810720e-01 6.256000e-03 2.126720e-01
154 7.798360e-01 6.476000e-03 2.136880e-01
155 7.787840e-01 6.384000e-03 2.148320e-01
156 7.775960e-01 6.472000e-03 2.159320e-01
157 7.764760e-01 6.432000e-03 2.170920e-01
158 7.752640e-01 6.544000e-03 2.181920e-01
159 7.740880e-01 6.440000e-03 2.194720e-01
160 7.730320e-01 6.348000e-03 2.206200e-01
161 7.719200e-01 6.412000e-03 2.216680e-01
162 7.709200e-01 6.284000e-03 2.227960e-01
163 7.699520e-01 6.064000e-03 2.239840e-01
164 7.689360e-01 5.924000e-03 2.251400e-01
165 7.678160e-01 5.944000e-03 2.262400e-01
166 7.667400e-01 5.908000e-03 2.273520e-01
167 7.658120e-01 5.812000e-03 2.283760e-01
168 7.647840e-01 5.872000e-03 2.293440e-01
169 7.638360e-01 5.704000e-03 2.304600e-01
170 7.627240e-01 5.900000e-03 2.313760e-01
171 7.616680e-01 5.920000e-03 2.324120e-01
172 7.605360e-01 6.036000e-03 2.334280e-01
173 7.594160e-01 6.140000e-03 2.344440e-01
174 7.582320e-01 6.292000e-03 2.354760e-01
175 7.569840e-01 6.480000e-03 2.365360e-01
176 7.558000e-01 6.628000e-03 2.375720e-01
177 7.545240e-01 6.724000e-03 2.387520e-01
178 7.533080e-01 6.796000e-03 2.398960e-01
179 7.522400e-01 6.700000e-03 2.410600e-01
180 7.511320e-01 6.608000e-03 2.422600e-01
181 7.499880e-01 6.636000e-03 2.433760e-01
182 7.488200e-01 6.636000e-03 2.445440e-01
183 7.478320e-01 6.472000e-03 2.456960e-01
184 7.467920e-01 6.332000e-03 2.468760e-01
185 7.457400e-01 6.332000e-03 2.479280e-01
186 7.446160e-01 6.344000e-03 2.490400e-01
187 7.436640e-01 6.068000e-03 2.502680e-01
188 7.426840e-01 5.880000e-03 2.514360e-01
189 7.417480e-01 5.800000e-03 2.524520e-01
190 7.409880e-01 5.612000e-03 2.534000e-01
191 7.401640e-01 5.316000e-03 2.545200e-01
192 7.391120e-01 5.440000e-03 2.554480e-01
193 7.381560e-01 5.492000e-03 2.563520e-01
194 7.372320e-01 5.544000e-03 2.572240e-01
195 7.362400e-01 5.600000e-03 2.581600e-01
196 7.352680e-01 5.568000e-03 2.591640e-01
197 7.342200e-01 5.644000e-03 2.601360e-01
198 7.331440e-01 5.700000e-03 2.611560e-01
199 7.320840e-01 5.796000e-03 2.621200e-01
200 7.310960e-01 5.704000e-03 2.632000e-01
201 7.301120e-01 5.636000e-03 2.642520e-01
202 7.291880e-01 5.572000e-03 2.652400e-01
203 7.282800e-01 5.624000e-03 2.660960e-01
204 7.273800e-01 5.552000e-03 2.670680e-01
205 7.263360e-01 5.728000e-03 2.679360e-01
206 7.253880e-01 5.708000e-03 2.689040e-01
207 7.243720e-01 5.724000e-03 2.699040e-01
208 7.233320e-01 5.768000e-03 2.709000e-01
209 7.223040e-01 5.784000e-03 2.719120e-01
210 7.213200e-01 5.760000e-03 2.729200e-01
211 7.201840e-01 5.932000e-03 2.738840e-01
212 7.192120e-01 5.940000e-03 2.748480e-01
213 7.182320e-01 5.896000e-03 2.758720e-01
214 7.172200e-01 5.856000e-03 2.769240e-01
215 7.162720e-01 5.748000e-03 2.779800e-01
216 7.153160e-01 5.636000e-03 2.790480e-01
217 7.144640e-01 5.480000e-03 2.800560e-01
218 7.134920e-01 5.552000e-03 2.809560e-01
219 7.126960e-01 5.392000e-03 2.819120e-01
220 7.117280e-01 5.384000e-03 2.828880e-01
221 7.108760e-01 5.260000e-03 2.838640e-01
222 7.099160e-01 5.400000e-03 2.846840e-01
223 7.090920e-01 5.292000e-03 2.856160e-01
224 7.081120e-01 5.236000e-03 2.866520e-01
225 7.071360e-01 5.344000e-03 2.875200e-01
226 7.062400e-01 5.320000e-03 2.884400e-01
227 7.054360e-01 5.192000e-03 2.893720e-01
228 7.045600e-01 5.168000e-03 2.902720e-01
229 7.036520e-01 5.288000e-03 2.910600e-01
230 7.027280e-01 5.236000e-03 2.920360e-01
231 7.018000e-01 5.292000e-03 2.929080e-01
232 7.008880e-01 5.296000e-03 2.938160e-01
233 6.999160e-01 5.276000e-03 2.948080e-01
234 6.989640e-01 5.236000e-03 2.958000e-01
235 6.980160e-01 5.228000e-03 2.967560e-01
236 6.970360e-01 5.324000e-03 2.976400e-01
237 6.961360e-01 5.280000e-03 2.985840e-01
238 6.952760e-01 5.196000e-03 2.995280e-01
239 6.944520e-01 5.064000e-03 3.004840e-01
240 6.936920e-01 4.932000e-03 3.013760e-01
241 6.929280e-01 4.932000e-03 3.021400e-01
242 6.921760e-01 4.828000e-03 3.029960e-01
243 6.913440e-01 4.744000e-03 3.039120e-01
244 6.904440e-01 4.836000e-03 3.047200e-01
245 6.895840e-01 4.760000e-03 3.056560e-01
246 6.888640e-01 4.652000e-03 3.064840e-01
247 6.882040e-01 4.576000e-03 3.072200e-01
248 6.874560e-01 4.484000e-03 3.080600e-01
249 6.867840e-01 4.412000e-03 3.088040e-01
250 6.860640e-01 4.380000e-03 3.095560e-01
251 6.853120e-01 4.372000e-03 3.103160e-01
252 6.845440e-01 4.364000e-03 3.110920e-01
253 6.836880e-01 4.404000e-03 3.119080e-01
254 6.828480e-01 4.480000e-03 3.126720e-01
255 6.821200e-01 4.444000e-03 3.134360e-01
256 6.813800e-01 4.468000e-03 3.141520e-01
257 6.806520e-01 4.380000e-03 3.149680e-01
258 6.799360e-01 4.380000e-03 3.156840e-01
259 6.793120e-01 4.264000e-03 3.164240e-01
260 6.787920e-01 3.980000e-03 3.172280e-01
261 6.782200e-01 3.848000e-03 3.179320e-01
262 6.776200e-01 3.724000e-03 3.186560e-01
263 6.770280e-01 3.612000e-03 3.193600e-01
264 6.763960e-01 3.644000e-03 3.199600e-01
265 6.757840e-01 3.624000e-03 3.205920e-01
266 6.752320e-01 3.592000e-03 3.211760e-01
267 6.745560e-01 3.728000e-03 3.217160e-01
268 6.741120e-01 3.540000e-03 3.223480e-01
269 6.735240e-01 3.544000e-03 3.229320e-01
270 6.729880e-01 3.404000e-03 3.236080e-01
271 6.724440e-01 3.320000e-03 3.242360e-01
272 6.719280e-01 3.236000e-03 3.248360e-01
273 6.714480e-01 3.104000e-03 3.254480e-01
274 6.709440e-01 2.976000e-03 3.260800e-01
275 6.705520e-01 2.864000e-03 3.265840e-01
276 6.701200e-01 2.780000e-03 3.271000e-01
277 6.696320e-01 2.728000e-03 3.276400e-01
278 6.692040e-01 2.696000e-03 3.281000e-01
279 6.687280e-01 2.640000e-03 3.286320e-01
280 6.683520e-01 2.576000e-03 3.290720e-01
281 6.679440e-01 2.540000e-03 3.295160e-01
282 6.675760e-01 2.408000e-03 3.300160e-01
283 6.672600e-01 2.240000e-03 3.305000e-01
284 6.669560e-01 2.180000e-03 3.308640e-01
285 6.666200e-01 2.128000e-03 3.312520e-01
286 6.662520e-01 2.048000e-03 3.317000e-01
287 6.659120e-01 1.972000e-03 3.321160e-01
288 6.655960e-01 1.952000e-03 3.324520e-01
289 6.652480e-01 1.916000e-03 3.328360e-01
290 6.648400e-01 2.012000e-03 3.331480e-01
291 6.645400e-01 1.932000e-03 3.335280e-01
292 6.641840e-01 1.956000e-03 3.338600e-01
293 6.638600e-01 1.952000e-03 3.341880e-01
294 6.635520e-01 1.876000e-03 3.345720e-01
295 6.632200e-01 1.916000e-03 3.348640e-01
296 6.629000e-01 1.836000e-03 3.352640e-01
297 6.626560e-01 1.740000e-03 3.356040e-01
298 6.623560e-01 1.724000e-03 3.359200e-01
299 6.621080e-01 1.728000e-03 3.361640e-01
300 6.618640e-01 1.688000e-03 3.364480e-01
301 6.615920e-01 1.648000e-03 3.367600e-01
302 6.613720e-01 1.588000e-03 3.370400e-01
303 6.611240e-01 1.564000e-03 3.373120e-01
304 6.609120e-01 1.488000e-03 3.376000e-01
305 6.606040e-01 1.496000e-03 3.379000e-01
306 6.602880e-01 1.552000e-03 3.381600e-01
307 6.599760e-01 1.588000e-03 3.384360e-01
308 6.597000e-01 1.632000e-03 3.386680e-01
309 6.594080e-01 1.684000e-03 3.389080e-01
310 6.591320e-01 1.644000e-03 3.392240e-01
311 6.588520e-01 1.636000e-03 3.395120e-01
312 6.585520e-01 1.684000e-03 3.397640e-01
313 6.582400e-01 1.708000e-03 3.400520e-01
314 6.579760e-01 1.656000e-03 3.403680e-01
315 6.576960e-01 1.596000e-03 3.407080e-01
316 6.574240e-01 1.560000e-03 3.410160e-01
317 6.571920e-01 1.516000e-03 3.412920e-01
318 6.569480e-01 1.544000e-03 3.415080e-01
319 6.567000e-01 1.580000e-03 3.417200e-01
320 6.564560e-01 1.600000e-03 3.419440e-01
321 6.562080e-01 1.604000e-03 3.421880e-01
322 6.559920e-01 1.556000e-03 3.424520e-01
323 6.557160e-01 1.588000e-03 3.426960e-01
324 6.554400e-01 1.596000e-03 3.429640e-01
325 6.551560e-01 1.600000e-03 3.432440e-01
326 6.549040e-01 1.560000e-03 3.435360e-01
327 6.546160e-01 1.596000e-03 3.437880e-01
328 6.543520e-01 1.616000e-03 3.440320e-01
329 6.541080e-01 1.664000e-03 3.442280e-01
330 6.538200e-01 1.660000e-03 3.445200e-01
331 6.535720e-01 1.564000e-03 3.448640e-01
332 6.533120e-01 1.540000e-03 3.451480e-01
333 6.530040e-01 1.524000e-03 3.454720e-01
334 6.526800e-01 1.584000e-03 3.457360e-01
335 6.524080e-01 1.620000e-03 3.459720e-01
336 6.521680e-01 1.580000e-03 3.462520e-01
337 6.519320e-01 1.580000e-03 3.464880e-01
338 6.516200e-01 1.620000e-03 3.467600e-01
339 6.513760e-01 1.544000e-03 3.470800e-01
340 6.511760e-01 1.444000e-03 3.473800e-01
341 6.509360e-01 1.480000e-03 3.475840e-01
342 6.507240e-01 1.448000e-03 3.478280e-01
343 6.505120e-01 1.400000e-03 3.480880e-01
344 6.502960e-01 1.400000e-03 3.483040e-01
345 6.499960e-01 1.440000e-03 3.485640e-01
346 6.497480e-01 1.448000e-03 3.488040e-01
347 6.495800e-01 1.388000e-03 3.490320e-01
348 6.493720e-01 1.332000e-03 3.492960e-01
349 6.491800e-01 1.260000e-03 3.495600e-01
350 6.489400e-01 1.252000e-03 3.498080e-01
351 6.487480e-01 1.252000e-03 3.500000e-01
352 6.485720e-01 1.192000e-03 3.502360e-01
353 6.483440e-01 1.184000e-03 3.504720e-01
354 6.481800e-01 1.132000e-03 3.506880e-01
355 6.480200e-01 1.124000e-03 3.508560e-01
356 6.478560e-01 1.100000e-03 3.510440e-01
357 6.476360e-01 1.120000e-03 3.512440e-01
358 6.473920e-01 1.184000e-03 3.514240e-01
359 6.472120e-01 1.204000e-03 3.515840e-01
360 6.470160e-01 1.212000e-03 3.517720e-01
361 6.468040e-01 1.236000e-03 3.519600e-01
362 6.466080e-01 1.272000e-03 3.521200e-01
363 6.463800e-01 1.308000e-03 3.523120e-01
364 6.461760e-01 1.284000e-03 3.525400e-01
365 6.460080e-01 1.264000e-03 3.527280e-01
366 6.458040e-01 1.292000e-03 3.529040e-01
367 6.456320e-01 1.264000e-03 3.531040e-01
368 6.454520e-01 1.200000e-03 3.533480e-01
369 6.452800e-01 1.140000e-03 3.535800e-01
370 6.451360e-01 1.092000e-03 3.537720e-01
371 6.449760e-01 1.056000e-03 3.539680e-01
372 6.448000e-01 1.072000e-03 3.541280e-01
373 6.445800e-01 1.092000e-03 3.543280e-01
374 6.443560e-01 1.108000e-03 3.545360e-01
375 6.441960e-01 1.080000e-03 3.547240e-01
376 6.440480e-01 1.016000e-03 3.549360e-01
377 6.438800e-01 1.044000e-03 3.550760e-01
378 6.437440e-01 1.000000e-03 3.552560e-01
379 6.435680e-01 9.760000e-04 3.554560e-01
380 6.434000e-01 9.840000e-04 3.556160e-01
381 6.432440e-01 9.560000e-04 3.558000e-01
382 6.431120e-01 9.320000e-04 3.559560e-01
383 6.430240e-01 8.800000e-04 3.560960e-01
384 6.428840e-01 8.680000e-04 3.562480e-01
385 6.427880e-01 8.360000e-04 3.563760e-01
386 6.426480e-01 8.200000e-04 3.565320e-01
387 6.425360e-01 7.680000e-04 3.566960e-01
388 6.424120e-01 7.360000e-04 3.568520e-01
389 6.422920e-01 7.480000e-04 3.569600e-01
390 6.422000e-01 7.520000e-04 3.570480e-01
391 6.420720e-01 7.320000e-04 3.571960e-01
392 6.419280e-01 7.520000e-04 3.573200e-01
393 6.417800e-01 7.720000e-04 3.574480e-01
394 6.416560e-01 7.680000e-04 3.575760e-01
395 6.415360e-01 7.440000e-04 3.577200e-01
396 6.414480e-01 7.040000e-04 3.578480e-01
397 6.413440e-01 6.920000e-04 3.579640e-01
398 6.412200e-01 6.720000e-04 3.581080e-01
399 6.410680e-01 7.640000e-04 3.581680e-01
400 6.409040e-01 7.720000e-04 3.583240e-01
401 6.407720e-01 7.400000e-04 3.584880e-01
402 6.406280e-01 6.960000e-04 3.586760e-01
403 6.404920e-01 7.040000e-04 3.588040e-01
404 6.403760e-01 7.160000e-04 3.589080e-01
405 6.402600e-01 6.800000e-04 3.590600e-01
406 6.401720e-01 6.480000e-04 3.591800e-01
407 6.400440e-01 7.160000e-04 3.592400e-01
408 6.399000e-01 7.640000e-04 3.593360e-01
409 6.397600e-01 8.120000e-04 3.594280e-01
410 6.396120e-01 8.320000e-04 3.595560e-01
411 6.394840e-01 8.200000e-04 3.596960e-01
412 6.393280e-01 8.240000e-04 3.598480e-01
413 6.391840e-01 8.360000e-04 3.599800e-01
414 6.390240e-01 8.520000e-04 3.601240e-01
415 6.388880e-01 8.120000e-04 3.603000e-01
416 6.387840e-01 7.200000e-04 3.604960e-01
417 6.386640e-01 7.080000e-04 3.606280e-01
418 6.385000e-01 7.480000e-04 3.607520e-01
419 6.383200e-01 8.000000e-04 3.608800e-01
420 6.381880e-01 8.080000e-04 3.610040e-01
421 6.380320e-01 8.000000e-04 3.611680e-01
422 6.379120e-01 7.680000e-04 3.613200e-01
423 6.377880e-01 7.760000e-04 3.614360e-01
424 6.376240e-01 7.960000e-04 3.615800e-01
425 6.374760e-01 8.120000e-04 3.617120e-01
426 6.373480e-01 8.120000e-04 3.618400e-01
427 6.372160e-01 8.120000e-04 3.619720e-01
428 6.370160e-01 8.680000e-04 3.621160e-01
429 6.368840e-01 8.360000e-04 3.622800e-01
430 6.367600e-01 8.240000e-04 3.624160e-01
431 6.366360e-01 8.160000e-04 3.625480e-01
432 6.365080e-01 8.000000e-04 3.626920e-01
433 6.363800e-01 7.360000e-04 3.628840e-01
434 6.362720e-01 6.960000e-04 3.630320e-01
435 6.361520e-01 6.960000e-04 3.631520e-01
436 6.360560e-01 6.520000e-04 3.632920e-01
437 6.359600e-01 6.320000e-04 3.634080e-01
438 6.358640e-01 6.520000e-04 3.634840e-01
439 6.357760e-01 5.920000e-04 3.636320e-01
440 6.357000e-01 5.280000e-04 3.637720e-01
441 6.356160e-01 5.040000e-04 3.638800e-01
442 6.354640e-01 5.400000e-04 3.639960e-01
443 6.353280e-01 5.760000e-04 3.640960e-01
444 6.352360e-01 5.600000e-04 3.642040e-01
445 6.351720e-01 4.880000e-04 3.643400e-01
446 6.350720e-01 4.760000e-04 3.644520e-01
447 6.350040e-01 4.440000e-04 3.645520e-01
448 6.349160e-01 4.520000e-04 3.646320e-01
449 6.348160e-01 4.840000e-04 3.647000e-01
450 6.347400e-01 4.840000e-04 3.647760e-01
451 6.346240e-01 5.040000e-04 3.648720e-01
452 6.345640e-01 4.720000e-04 3.649640e-01
453 6.344840e-01 4.760000e-04 3.650400e-01
454 6.344120e-01 4.760000e-04 3.651120e-01
455 6.343280e-01 4.760000e-04 3.651960e-01
456 6.342240e-01 5.240000e-04 3.652520e-01
457 6.341360e-01 5.360000e-04 3.653280e-01
458 6.340440e-01 5.280000e-04 3.654280e-01
459 6.339840e-01 5.120000e-04 3.655040e-01
460 6.339200e-01 5.000000e-04 3.655800e-01
461 6.338480e-01 4.840000e-04 3.656680e-01
462 6.337920e-01 4.680000e-04 3.657400e-01
463 6.337320e-01 4.440000e-04 3.658240e-01
464 6.336760e-01 4.360000e-04 3.658880e-01
465 6.336040e-01 4.240000e-04 3.659720e-01
466 6.335360e-01 4.120000e-04 3.660520e-01
467 6.334880e-01 3.680000e-04 3.661440e-01
468 6.334080e-01 3.720000e-04 3.662200e-01
469 6.333640e-01 3.400000e-04 3.662960e-01
470 6.332880e-01 3.520000e-04 3.663600e-01
471 6.331880e-01 3.760000e-04 3.664360e-01
472 6.331000e-01 3.720000e-04 3.665280e-01
473 6.330280e-01 3.720000e-04 3.666000e-01
474 6.329760e-01 3.560000e-04 3.666680e-01
475 6.329320e-01 3.440000e-04 3.667240e-01
476 6.328640e-01 3.680000e-04 3.667680e-01
477 6.327800e-01 4.040000e-04 3.668160e-01
478 6.327280e-01 3.720000e-04 3.669000e-01
479 6.326800e-01 3.520000e-04 3.669680e-01
480 6.326040e-01 3.880000e-04 3.670080e-01
481 6.325680e-01 3.840000e-04 3.670480e-01
482 6.325360e-01 3.600000e-04 3.671040e-01
483 6.325000e-01 3.400000e-04 3.671600e-01
484 6.324480e-01 3.360000e-04 3.672160e-01
485 6.323920e-01 3.440000e-04 3.672640e-01
486 6.323160e-01 3.680000e-04 3.673160e-01
487 6.322160e-01 4.200000e-04 3.673640e-01
488 6.321560e-01 4.240000e-04 3.674200e-01
489 6.320840e-01 4.240000e-04 3.674920e-01
490 6.320360e-01 3.840000e-04 3.675800e-01
491 6.319360e-01 4.200000e-04 3.676440e-01
492 6.318560e-01 4.280000e-04 3.677160e-01
493 6.317720e-01 4.480000e-04 3.677800e-01
494 6.316880e-01 4.720000e-04 3.678400e-01
495 6.316160e-01 4.640000e-04 3.679200e-01
496 6.315640e-01 4.640000e-04 3.679720e-01
497 6.315120e-01 4.440000e-04 3.680440e-01
498 6.314320e-01 4.840000e-04 3.680840e-01
499 6.313640e-01 4.840000e-04 3.681520e-01
500 6.313040e-01 4.560000e-04 3.682400e-01
