1 9.992440e-01 6.840000e-04 7.200000e-05
2 9.986520e-01 1.152000e-03 1.960000e-04
3 9.979920e-01 1.540000e-03 4.680000e-04
4 9.973160e-01 1.940000e-03 7.440000e-04
5 9.964920e-01 2.364000e-03 1.144000e-03
6 9.956080e-01 2.748000e-03 1.644000e-03
7 9.948160e-01 3.024000e-03 2.160000e-03
8 9.938720e-01 3.400000e-03 2.728000e-03
9 9.928520e-01 3.760000e-03 3.388000e-03
10 9.919640e-01 3.996000e-03 4.040000e-03
11 9.908640e-01 4.296000e-03 4.840000e-03
12 9.898880e-01 4.556000e-03 5.556000e-03
13 9.888520e-01 4.768000e-03 6.380000e-03
14 9.877280e-01 5.068000e-03 7.204000e-03
15 9.867080e-01 5.292000e-03 8.000000e-03
16 9.855800e-01 5.492000e-03 8.928000e-03
17 9.844680e-01 5.612000e-03 9.920000e-03
18 9.832720e-01 5.804000e-03 1.092400e-02
19 9.820760e-01 5.984000e-03 1.194000e-02
20 9.807880e-01 6.256000e-03 1.295600e-02
21 9.796320e-01 6.256000e-03 1.411200e-02
22 9.782480e-01 6.504000e-03 1.524800e-02
23 9.770080e-01 6.604000e-03 1.638800e-02
24 9.757680e-01 6.568000e-03 1.766400e-02
25 9.744680e-01 6.720000e-03 1.881200e-02
26 9.730440e-01 6.940000e-03 2.001600e-02
27 9.715960e-01 7.020000e-03 2.138400e-02
28 9.701960e-01 7.108000e-03 2.269600e-02
29 9.687280e-01 7.280000e-03 2.399200e-02
30 9.672880e-01 7.484000e-03 2.522800e-02
31 9.659320e-01 7.636000e-03 2.643200e-02
32 9.645000e-01 7.644000e-03 2.785600e-02
33 9.631440e-01 7.652000e-03 2.920400e-02
34 9.618280e-01 7.656000e-03 3.051600e-02
35 9.604280e-01 7.820000e-03 3.175200e-02
36 9.589280e-01 7.808000e-03 3.326400e-02
37 9.573200e-01 8.020000e-03 3.466000e-02
38 9.557800e-01 8.120000e-03 3.610000e-02
39 9.543400e-01 8.208000e-03 3.745200e-02
40 9.528000e-01 8.280000e-03 3.892000e-02
41 9.513200e-01 8.284000e-03 4.039600e-02
42 9.496120e-01 8.524000e-03 4.186400e-02
43 9.481760e-01 8.424000e-03 4.340000e-02
44 9.467160e-01 8.404000e-03 4.488000e-02
45 9.451480e-01 8.456000e-03 4.639600e-02
46 9.435960e-01 8.512000e-03 4.789200e-02
47 9.422400e-01 8.420000e-03 4.934000e-02
48 9.407600e-01 8.340000e-03 5.090000e-02
49 9.391920e-01 8.372000e-03 5.243600e-02
50 9.376880e-01 8.436000e-03 5.387600e-02
51 9.362920e-01 8.356000e-03 5.535200e-02
52 9.348400e-01 8.256000e-03 5.690400e-02
53 9.334360e-01 8.144000e-03 5.842000e-02
54 9.320800e-01 8.064000e-03 5.985600e-02
55 9.304560e-01 8.288000e-03 6.125600e-02
56 9.289320e-01 8.416000e-03 6.265200e-02
57 9.273920e-01 8.460000e-03 6.414800e-02
58 9.259200e-01 8.328000e-03 6.575200e-02
59 9.242360e-01 8.516000e-03 6.724800e-02
60 9.228000e-01 8.476000e-03 6.872400e-02
61 9.212960e-01 8.544000e-03 7.016000e-02
62 9.198440e-01 8.456000e-03 7.170000e-02
63 9.182280e-01 8.552000e-03 7.322000e-02
64 9.167320e-01 8.460000e-03 7.480800e-02
65 9.150600e-01 8.632000e-03 7.630800e-02
66 9.133400e-01 8.800000e-03 7.786000e-02
67 9.116800e-01 8.808000e-03 7.951200e-02
68 9.098480e-01 9.112000e-03 8.104000e-02
69 9.079440e-01 9.464000e-03 8.259200e-02
70 9.062200e-01 9.608000e-03 8.417200e-02
71 9.045160e-01 9.428000e-03 8.605600e-02
72 9.026320e-01 9.612000e-03 8.775600e-02
73 9.010120e-01 9.500000e-03 8.948800e-02
74 8.994280e-01 9.444000e-03 9.112800e-02
75 8.977760e-01 9.324000e-03 9.290000e-02
76 8.961520e-01 9.228000e-03 9.462000e-02
77 8.944080e-01 9.348000e-03 9.624400e-02
78 8.928120e-01 9.288000e-03 9.790000e-02
79 8.912400e-01 9.148000e-03 9.961200e-02
80 8.897080e-01 8.952000e-03 1.013400e-01
81 8.882920e-01 8.840000e-03 1.028680e-01
82 8.869120e-01 8.636000e-03 1.044520e-01
83 8.852720e-01 8.800000e-03 1.059280e-01
84 8.837040e-01 8.992000e-03 1.073040e-01
85 8.822480e-01 8.768000e-03 1.089840e-01
86 8.806360e-01 8.868000e-03 1.104960e-01
87 8.791640e-01 8.716000e-03 1.121200e-01
88 8.776040e-01 8.776000e-03 1.136200e-01
89 8.760640e-01 8.780000e-03 1.151560e-01
90 8.746040e-01 8.632000e-03 1.167640e-01
91 8.730560e-01 8.668000e-03 1.182760e-01
92 8.715440e-01 8.600000e-03 1.198560e-01
93 8.701040e-01 8.620000e-03 1.212760e-01
94 8.686240e-01 8.580000e-03 1.227960e-01
95 8.670080e-01 8.672000e-03 1.243200e-01
96 8.654080e-01 8.680000e-03 1.259120e-01
97 8.638360e-01 8.744000e-03 1.274200e-01
98 8.622960e-01 8.744000e-03 1.289600e-01
99 8.605880e-01 8.888000e-03 1.305240e-01
100 8.589920e-01 8.976000e-03 1.320320e-01
101 8.573480e-01 9.004000e-03 1.336480e-01
102 8.558240e-01 9.064000e-03 1.351120e-01
103 8.544600e-01 8.804000e-03 1.367360e-01
104 8.529280e-01 8.744000e-03 1.383280e-01
105 8.516040e-01 8.392000e-03 1.400040e-01
106 8.501320e-01 8.456000e-03 1.414120e-01
107 8.486840e-01 8.456000e-03 1.428600e-01
108 8.472320e-01 8.440000e-03 1.443280e-01
109 8.458240e-01 8.396000e-03 1.457800e-01
110 8.443080e-01 8.528000e-03 1.471640e-01
111 8.428720e-01 8.544000e-03 1.485840e-01
112 8.412960e-01 8.708000e-03 1.499960e-01
113 8.398360e-01 8.600000e-03 1.515640e-01
114 8.383640e-01 8.632000e-03 1.530040e-01
115 8.368280e-01 8.704000e-03 1.544680e-01
116 8.353720e-01 8.668000e-03 1.559600e-01
117 8.340160e-01 8.488000e-03 1.574960e-01
118 8.324680e-01 8.664000e-03 1.588680e-01
119 8.309960e-01 8.548000e-03 1.604560e-01
120 8.296200e-01 8.320000e-03 1.620600e-01
121 8.280840e-01 8.492000e-03 1.634240e-01
122 8.265960e-01 8.388000e-03 1.650160e-01
123 8.250840e-01 8.368000e-03 1.665480e-01
124 8.236360e-01 8.424000e-03 1.679400e-01
125 8.221600e-01 8.416000e-03 1.694240e-01
126 8.206400e-01 8.496000e-03 1.708640e-01
127 8.190480e-01 8.656000e-03 1.722960e-01
128 8.175680e-01 8.568000e-03 1.738640e-01
129 8.160880e-01 8.616000e-03 1.752960e-01
130 8.145880e-01 8.584000e-03 1.768280e-01
131 8.130680e-01 8.632000e-03 1.783000e-01
132 8.116520e-01 8.480000e-03 1.798680e-01
133 8.102280e-01 8.364000e-03 1.814080e-01
134 8.087560e-01 8.436000e-03 1.828080e-01
135 8.074160e-01 8.160000e-03 1.844240e-01
136 8.059520e-01 8.132000e-03 1.859160e-01
137 8.046600e-01 8.020000e-03 1.873200e-01
138 8.033320e-01 8.000000e-03 1.886680e-01
139 8.020440e-01 7.796000e-03 1.901600e-01
140 8.008480e-01 7.632000e-03 1.915200e-01
141 7.995360e-01 7.452000e-03 1.930120e-01
142 7.982760e-01 7.456000e-03 1.942680e-01
143 7.970760e-01 7.580000e-03 1.953440e-01
144 7.958120e-01 7.596000e-03 1.965920e-01
145 7.945960e-01 7.520000e-03 1.978840e-01
146 7.932880e-01 7.368000e-03 1.993440e-01
147 7.919160e-01 7.356000e-03 2.007280e-01
148 7.906600e-01 7.360000e-03 2.019800e-01
149 7.891720e-01 7.520000e-03 2.033080e-01
150 7.878600e-01 7.460000e-03 2.046800e-01
151 7.865560e-01 7.444000e-03 2.060000e-01
152 7.852120e-01 7.456000e-03 2.073320e-01
153 7.837360e-01 7.672000e-03 2.085920e-01
154 7.823160e-01 7.784000e-03 2.099000e-01
155 7.810520e-01 7.588000e-03 2.113600e-01
156 7.797040e-01 7.604000e-03 2.126920e-01
157 7.784720e-01 7.556000e-03 2.139720e-01
158 7.771360e-01 7.552000e-03 2.153120e-01
159 7.757520e-01 7.608000e-03 2.166400e-01
160 7.744200e-01 7.572000e-03 2.180080e-01
161 7.731520e-01 7.580000e-03 2.192680e-01
162 7.717240e-01 7.692000e-03 2.205840e-01
163 7.703640e-01 7.652000e-03 2.219840e-01
164 7.689400e-01 7.792000e-03 2.232680e-01
165 7.675080e-01 7.816000e-03 2.246760e-01
166 7.661040e-01 7.988000e-03 2.259080e-01
167 7.647680e-01 7.916000e-03 2.273160e-01
168 7.634480e-01 7.872000e-03 2.286800e-01
169 7.620320e-01 7.948000e-03 2.300200e-01
170 7.607040e-01 7.916000e-03 2.313800e-01
171 7.595480e-01 7.732000e-03 2.327200e-01
172 7.583040e-01 7.620000e-03 2.340760e-01
173 7.569600e-01 7.744000e-03 2.352960e-01
174 7.557240e-01 7.556000e-03 2.367200e-01
175 7.544800e-01 7.420000e-03 2.381000e-01
176 7.532240e-01 7.388000e-03 2.393880e-01
177 7.520480e-01 7.232000e-03 2.407200e-01
178 7.507160e-01 7.380000e-03 2.419040e-01
179 7.494600e-01 7.312000e-03 2.432280e-01
180 7.482240e-01 7.252000e-03 2.445240e-01
181 7.469600e-01 7.232000e-03 2.458080e-01
182 7.456960e-01 7.220000e-03 2.470840e-01
183 7.445520e-01 7.168000e-03 2.482800e-01
184 7.434640e-01 7.084000e-03 2.494520e-01
185 7.424880e-01 6.844000e-03 2.506680e-01
186 7.413560e-01 6.808000e-03 2.518360e-01
187 7.402440e-01 6.716000e-03 2.530400e-01
188 7.391800e-01 6.692000e-03 2.541280e-01
189 7.380320e-01 6.724000e-03 2.552440e-01
190 7.369120e-01 6.592000e-03 2.564960e-01
191 7.357720e-01 6.588000e-03 2.576400e-01
192 7.346160e-01 6.652000e-03 2.587320e-01
193 7.335440e-01 6.628000e-03 2.598280e-01
194 7.325920e-01 6.416000e-03 2.609920e-01
195 7.316640e-01 6.280000e-03 2.620560e-01
196 7.307960e-01 6.020000e-03 2.631840e-01
197 7.299200e-01 5.804000e-03 2.642760e-01
198 7.290280e-01 5.704000e-03 2.652680e-01
199 7.280600e-01 5.688000e-03 2.662520e-01
200 7.270160e-01 5.784000e-03 2.672000e-01
201 7.259920e-01 5.732000e-03 2.682760e-01
202 7.251400e-01 5.656000e-03 2.692040e-01
203 7.242960e-01 5.556000e-03 2.701480e-01
204 7.234760e-01 5.432000e-03 2.710920e-01
205 7.226600e-01 5.304000e-03 2.720360e-01
206 7.218800e-01 5.168000e-03 2.729520e-01
207 7.209840e-01 5.252000e-03 2.737640e-01
208 7.201840e-01 5.172000e-03 2.746440e-01
209 7.193400e-01 5.104000e-03 2.755560e-01
210 7.186160e-01 4.872000e-03 2.765120e-01
211 7.178080e-01 4.832000e-03 2.773600e-01
212 7.168640e-01 4.948000e-03 2.781880e-01
213 7.160960e-01 4.824000e-03 2.790800e-01
214 7.152840e-01 4.792000e-03 2.799240e-01
215 7.144760e-01 4.744000e-03 2.807800e-01
216 7.135840e-01 4.872000e-03 2.815440e-01
217 7.127360e-01 4.832000e-03 2.824320e-01
218 7.119040e-01 4.868000e-03 2.832280e-01
219 7.110720e-01 4.940000e-03 2.839880e-01
220 7.102760e-01 4.864000e-03 2.848600e-01
221 7.095640e-01 4.752000e-03 2.856840e-01
222 7.087960e-01 4.656000e-03 2.865480e-01
223 7.078680e-01 4.800000e-03 2.873320e-01
224 7.071720e-01 4.564000e-03 2.882640e-01
225 7.063920e-01 4.560000e-03 2.890480e-01
226 7.056960e-01 4.392000e-03 2.899120e-01
227 7.049680e-01 4.312000e-03 2.907200e-01
228 7.042840e-01 4.324000e-03 2.913920e-01
229 7.035720e-01 4.284000e-03 2.921440e-01
230 7.029720e-01 4.124000e-03 2.929040e-01
231 7.023480e-01 4.016000e-03 2.936360e-01
232 7.016200e-01 3.964000e-03 2.944160e-01
233 7.008560e-01 4.124000e-03 2.950200e-01
234 7.002200e-01 4.060000e-03 2.957200e-01
235 6.995360e-01 4.020000e-03 2.964440e-01
236 6.989080e-01 4.024000e-03 2.970680e-01
237 6.982560e-01 3.956000e-03 2.977880e-01
238 6.976000e-01 3.796000e-03 2.986040e-01
239 6.969600e-01 3.776000e-03 2.992640e-01
240 6.963360e-01 3.756000e-03 2.999080e-01
241 6.957080e-01 3.752000e-03 3.005400e-01
242 6.949680e-01 3.912000e-03 3.011200e-01
243 6.941600e-01 4.120000e-03 3.017200e-01
244 6.933480e-01 4.172000e-03 3.024800e-01
245 6.924920e-01 4.224000e-03 3.032840e-01
246 6.916800e-01 4.324000e-03 3.039960e-01
247 6.909080e-01 4.304000e-03 3.047880e-01
248 6.900720e-01 4.436000e-03 3.054920e-01
249 6.893800e-01 4.400000e-03 3.062200e-01
250 6.887520e-01 4.248000e-03 3.070000e-01
251 6.880800e-01 4.132000e-03 3.077880e-01
252 6.874120e-01 4.060000e-03 3.085280e-01
253 6.866960e-01 4.092000e-03 3.092120e-01
254 6.859280e-01 4.040000e-03 3.100320e-01
255 6.853040e-01 3.988000e-03 3.107080e-01
256 6.845640e-01 4.016000e-03 3.114200e-01
257 6.840080e-01 3.872000e-03 3.121200e-01
258 6.833800e-01 3.808000e-03 3.128120e-01
259 6.826440e-01 3.936000e-03 3.134200e-01
260 6.819480e-01 4.024000e-03 3.140280e-01
261 6.811480e-01 4.040000e-03 3.148120e-01
262 6.804120e-01 4.048000e-03 3.155400e-01
263 6.797120e-01 3.992000e-03 3.162960e-01
264 6.791080e-01 3.916000e-03 3.169760e-01
265 6.784320e-01 3.968000e-03 3.176000e-01
266 6.778560e-01 3.788000e-03 3.183560e-01
267 6.771960e-01 3.768000e-03 3.190360e-01
268 6.765400e-01 3.756000e-03 3.197040e-01
269 6.758800e-01 3.776000e-03 3.203440e-01
270 6.752520e-01 3.824000e-03 3.209240e-01
271 6.745480e-01 3.864000e-03 3.215880e-01
272 6.738920e-01 3.880000e-03 3.222280e-01
273 6.732640e-01 3.888000e-03 3.228480e-01
274 6.727000e-01 3.696000e-03 3.236040e-01
275 6.720800e-01 3.632000e-03 3.242880e-01
276 6.715440e-01 3.540000e-03 3.249160e-01
277 6.709600e-01 3.516000e-03 3.255240e-01
278 6.704080e-01 3.468000e-03 3.261240e-01
279 6.699360e-01 3.336000e-03 3.267280e-01
280 6.695040e-01 3.136000e-03 3.273600e-01
281 6.690040e-01 3.104000e-03 3.278920e-01
282 6.684760e-01 3.064000e-03 3.284600e-01
283 6.679760e-01 3.020000e-03 3.290040e-01
284 6.674680e-01 3.004000e-03 3.295280e-01
285 6.670000e-01 2.916000e-03 3.300840e-01
286 6.665240e-01 2.944000e-03 3.305320e-01
287 6.659640e-01 2.912000e-03 3.311240e-01
288 6.654800e-01 2.888000e-03 3.316320e-01
289 6.649760e-01 2.916000e-03 3.321080e-01
290 6.645360e-01 2.828000e-03 3.326360e-01
291 6.641400e-01 2.736000e-03 3.331240e-01
292 6.637240e-01 2.628000e-03 3.336480e-01
293 6.632640e-01 2.596000e-03 3.341400e-01
294 6.627400e-01 2.664000e-03 3.345960e-01
295 6.621600e-01 2.800000e-03 3.350400e-01
296 6.616000e-01 2.892000e-03 3.355080e-01
297 6.610920e-01 2.900000e-03 3.360080e-01
298 6.605360e-01 2.984000e-03 3.364800e-01
299 6.600920e-01 2.856000e-03 3.370520e-01
300 6.595400e-01 2.864000e-03 3.375960e-01
301 6.590920e-01 2.804000e-03 3.381040e-01
302 6.586200e-01 2.788000e-03 3.385920e-01
303 6.581040e-01 2.848000e-03 3.390480e-01
304 6.575400e-01 2.872000e-03 3.395880e-01
305 6.569760e-01 2.944000e-03 3.400800e-01
306 6.564360e-01 2.960000e-03 3.406040e-01
307 6.559920e-01 2.908000e-03 3.411000e-01
308 6.555360e-01 2.924000e-03 3.415400e-01
309 6.551200e-01 2.856000e-03 3.420240e-01
310 6.547640e-01 2.728000e-03 3.425080e-01
311 6.542680e-01 2.704000e-03 3.430280e-01
312 6.539120e-01 2.572000e-03 3.435160e-01
313 6.534960e-01 2.504000e-03 3.440000e-01
314 6.530920e-01 2.476000e-03 3.444320e-01
315 6.527000e-01 2.456000e-03 3.448440e-01
316 6.522920e-01 2.488000e-03 3.452200e-01
317 6.519400e-01 2.372000e-03 3.456880e-01
318 6.516200e-01 2.260000e-03 3.461200e-01
319 6.512440e-01 2.264000e-03 3.464920e-01
320 6.509120e-01 2.232000e-03 3.468560e-01
321 6.505600e-01 2.208000e-03 3.472320e-01
322 6.501960e-01 2.188000e-03 3.476160e-01
323 6.498840e-01 2.132000e-03 3.479840e-01
324 6.495480e-01 2.132000e-03 3.483200e-01
325 6.491640e-01 2.132000e-03 3.487040e-01
326 6.488040e-01 2.068000e-03 3.491280e-01
327 6.484680e-01 2.032000e-03 3.495000e-01
328 6.481240e-01 2.012000e-03 3.498640e-01
329 6.477760e-01 1.940000e-03 3.502840e-01
330 6.474040e-01 2.016000e-03 3.505800e-01
331 6.470960e-01 1.944000e-03 3.509600e-01
332 6.467880e-01 1.848000e-03 3.513640e-01
333 6.463480e-01 1.968000e-03 3.516840e-01
334 6.459800e-01 1.980000e-03 3.520400e-01
335 6.455800e-01 2.016000e-03 3.524040e-01
336 6.452280e-01 2.072000e-03 3.527000e-01
337 6.448440e-01 2.148000e-03 3.530080e-01
338 6.445560e-01 2.028000e-03 3.534160e-01
339 6.441960e-01 1.976000e-03 3.538280e-01
340 6.438840e-01 1.904000e-03 3.542120e-01
341 6.434600e-01 1.980000e-03 3.545600e-01
342 6.430000e-01 2.112000e-03 3.548880e-01
343 6.426080e-01 2.132000e-03 3.552600e-01
344 6.422160e-01 2.128000e-03 3.556560e-01
345 6.417480e-01 2.244000e-03 3.560080e-01
346 6.414440e-01 2.172000e-03 3.563840e-01
347 6.410320e-01 2.252000e-03 3.567160e-01
348 6.406760e-01 2.212000e-03 3.571120e-01
349 6.403280e-01 2.172000e-03 3.575000e-01
350 6.399840e-01 2.148000e-03 3.578680e-01
351 6.396280e-01 2.152000e-03 3.582200e-01
352 6.393000e-01 2.104000e-03 3.585960e-01
353 6.390120e-01 2.104000e-03 3.588840e-01
354 6.386480e-01 2.060000e-03 3.592920e-01
355 6.383000e-01 2.056000e-03 3.596440e-01
356 6.380720e-01 1.964000e-03 3.599640e-01
357 6.378000e-01 1.840000e-03 3.603600e-01
358 6.374960e-01 1.804000e-03 3.607000e-01
359 6.371360e-01 1.856000e-03 3.610080e-01
360 6.368400e-01 1.816000e-03 3.613440e-01
361 6.365800e-01 1.704000e-03 3.617160e-01
362 6.363280e-01 1.588000e-03 3.620840e-01
363 6.360560e-01 1.556000e-03 3.623880e-01
364 6.358200e-01 1.556000e-03 3.626240e-01
365 6.354800e-01 1.612000e-03 3.629080e-01
366 6.351760e-01 1.636000e-03 3.631880e-01
367 6.348520e-01 1.656000e-03 3.634920e-01
368 6.345320e-01 1.668000e-03 3.638000e-01
369 6.341880e-01 1.732000e-03 3.640800e-01
370 6.338160e-01 1.816000e-03 3.643680e-01
371 6.334760e-01 1.820000e-03 3.647040e-01
372 6.331200e-01 1.888000e-03 3.649920e-01
373 6.327600e-01 1.948000e-03 3.652920e-01
374 6.324440e-01 1.948000e-03 3.656080e-01
375 6.321240e-01 1.968000e-03 3.659080e-01
376 6.317560e-01 2.016000e-03 3.662280e-01
377 6.314600e-01 1.948000e-03 3.665920e-01
378 6.310800e-01 1.992000e-03 3.669280e-01
379 6.307720e-01 2.020000e-03 3.672080e-01
380 6.304520e-01 2.000000e-03 3.675480e-01
381 6.302000e-01 1.932000e-03 3.678680e-01
382 6.299120e-01 1.948000e-03 3.681400e-01
383 6.295600e-01 1.924000e-03 3.685160e-01
384 6.291680e-01 1.996000e-03 3.688360e-01
385 6.288400e-01 2.004000e-03 3.691560e-01
386 6.285160e-01 1.992000e-03 3.694920e-01
387 6.282240e-01 1.892000e-03 3.698840e-01
388 6.279080e-01 1.868000e-03 3.702240e-01
389 6.275800e-01 1.868000e-03 3.705520e-01
390 6.272880e-01 1.828000e-03 3.708840e-01
391 6.270360e-01 1.768000e-03 3.711960e-01
392 6.267360e-01 1.756000e-03 3.715080e-01
393 6.264440e-01 1.716000e-03 3.718400e-01
394 6.261520e-01 1.720000e-03 3.721280e-01
395 6.258840e-01 1.704000e-03 3.724120e-01
396 6.255880e-01 1.676000e-03 3.727360e-01
397 6.253120e-01 1.688000e-03 3.730000e-01
398 6.249760e-01 1.724000e-03 3.733000e-01
399 6.246640e-01 1.736000e-03 3.736000e-01
400 6.243760e-01 1.720000e-03 3.739040e-01
401 6.241200e-01 1.600000e-03 3.742800e-01
402 6.238520e-01 1.544000e-03 3.746040e-01
403 6.235960e-01 1.536000e-03 3.748680e-01
404 6.233280e-01 1.584000e-03 3.750880e-01
405 6.230720e-01 1.568000e-03 3.753600e-01
406 6.228920e-01 1.484000e-03 3.756240e-01
407 6.226520e-01 1.464000e-03 3.758840e-01
408 6.224440e-01 1.360000e-03 3.761960e-01
409 6.222760e-01 1.284000e-03 3.764400e-01
410 6.220800e-01 1.296000e-03 3.766240e-01
411 6.218560e-01 1.284000e-03 3.768600e-01
412 6.216560e-01 1.256000e-03 3.770880e-01
413 6.214760e-01 1.196000e-03 3.773280e-01
414 6.213000e-01 1.188000e-03 3.775120e-01
415 6.211320e-01 1.164000e-03 3.777040e-01
416 6.209960e-01 1.132000e-03 3.778720e-01
417 6.208480e-01 1.124000e-03 3.780280e-01
418 6.206600e-01 1.168000e-03 3.781720e-01
419 6.203960e-01 1.252000e-03 3.783520e-01
420 6.201880e-01 1.244000e-03 3.785680e-01
421 6.200360e-01 1.180000e-03 3.787840e-01
422 6.198240e-01 1.216000e-03 3.789600e-01
423 6.196320e-01 1.188000e-03 3.791800e-01
424 6.194240e-01 1.188000e-03 3.793880e-01
425 6.191840e-01 1.236000e-03 3.795800e-01
426 6.188920e-01 1.324000e-03 3.797840e-01
427 6.186440e-01 1.328000e-03 3.800280e-01
428 6.183320e-01 1.372000e-03 3.802960e-01
429 6.180120e-01 1.472000e-03 3.805160e-01
430 6.177080e-01 1.532000e-03 3.807600e-01
431 6.174520e-01 1.512000e-03 3.810360e-01
432 6.171400e-01 1.576000e-03 3.812840e-01
433 6.168880e-01 1.548000e-03 3.815640e-01
434 6.165760e-01 1.584000e-03 3.818400e-01
435 6.162800e-01 1.564000e-03 3.821560e-01
436 6.160200e-01 1.592000e-03 3.823880e-01
437 6.157600e-01 1.624000e-03 3.826160e-01
438 6.154680e-01 1.660000e-03 3.828720e-01
439 6.151640e-01 1.636000e-03 3.832000e-01
440 6.148960e-01 1.636000e-03 3.834680e-01
441 6.145960e-01 1.636000e-03 3.837680e-01
442 6.142400e-01 1.756000e-03 3.840040e-01
443 6.139960e-01 1.684000e-03 3.843200e-01
444 6.136520e-01 1.700000e-03 3.846480e-01
445 6.133120e-01 1.684000e-03 3.850040e-01
446 6.130440e-01 1.700000e-03 3.852560e-01
447 6.126600e-01 1.868000e-03 3.854720e-01
448 6.124000e-01 1.792000e-03 3.858080e-01
449 6.120560e-01 1.848000e-03 3.860960e-01
450 6.117680e-01 1.768000e-03 3.864640e-01
451 6.114800e-01 1.788000e-03 3.867320e-01
452 6.111600e-01 1.796000e-03 3.870440e-01
453 6.109160e-01 1.628000e-03 3.874560e-01
454 6.106040e-01 1.668000e-03 3.877280e-01
455 6.103080e-01 1.628000e-03 3.880640e-01
456 6.100280e-01 1.664000e-03 3.883080e-01
457 6.097880e-01 1.612000e-03 3.886000e-01
458 6.095920e-01 1.492000e-03 3.889160e-01
459 6.093560e-01 1.480000e-03 3.891640e-01
460 6.091280e-01 1.420000e-03 3.894520e-01
461 6.089520e-01 1.316000e-03 3.897320e-01
462 6.087240e-01 1.280000e-03 3.899960e-01
463 6.085480e-01 1.236000e-03 3.902160e-01
464 6.083680e-01 1.184000e-03 3.904480e-01
465 6.081720e-01 1.172000e-03 3.906560e-01
466 6.080000e-01 1.108000e-03 3.908920e-01
467 6.078480e-01 1.120000e-03 3.910320e-01
468 6.076720e-01 1.100000e-03 3.912280e-01
469 6.075000e-01 1.132000e-03 3.913680e-01
470 6.073160e-01 1.060000e-03 3.916240e-01
471 6.071400e-01 1.032000e-03 3.918280e-01
472 6.069480e-01 1.044000e-03 3.920080e-01
473 6.067640e-01 1.032000e-03 3.922040e-01
474 6.066040e-01 9.960000e-04 3.924000e-01
475 6.063960e-01 1.064000e-03 3.925400e-01
476 6.061680e-01 1.092000e-03 3.927400e-01
477 6.059720e-01 1.096000e-03 3.929320e-01
478 6.058040e-01 1.072000e-03 3.931240e-01
479 6.056680e-01 1.024000e-03 3.933080e-01
480 6.055400e-01 9.880000e-04 3.934720e-01
481 6.054120e-01 9.480000e-04 3.936400e-01
482 6.052880e-01 9.040000e-04 3.938080e-01
483 6.051680e-01 8.280000e-04 3.940040e-01
484 6.050640e-01 7.840000e-04 3.941520e-01
485 6.049280e-01 8.200000e-04 3.942520e-01
486 6.048080e-01 8.160000e-04 3.943760e-01
487 6.046240e-01 8.600000e-04 3.945160e-01
488 6.045160e-01 7.840000e-04 3.947000e-01
489 6.044120e-01 7.320000e-04 3.948560e-01
490 6.042840e-01 7.320000e-04 3.949840e-01
491 6.041680e-01 7.160000e-04 3.951160e-01
492 6.040400e-01 6.920000e-04 3.952680e-01
493 6.038960e-01 7.040000e-04 3.954000e-01
494 6.037760e-01 6.760000e-04 3.955480e-01
495 6.036360e-01 6.800000e-04 3.956840e-01
496 6.034840e-01 7.320000e-04 3.957840e-01
497 6.034040e-01 6.960000e-04 3.959000e-01
498 6.032840e-01 6.840000e-04 3.960320e-01
499 6.031640e-01 6.920000e-04 3.961440e-01
500 6.030600e-01 7.120000e-04 3.962280e-01
