1 9.992280e-01 6.880000e-04 8.400000e-05
2 9.986760e-01 1.108000e-03 2.160000e-04
3 9.978920e-01 1.648000e-03 4.600000e-04
4 9.970320e-01 2.152000e-03 8.160000e-04
5 9.960480e-01 2.692000e-03 1.260000e-03
6 9.950720e-01 3.192000e-03 1.736000e-03
7 9.940280e-01 3.668000e-03 2.304000e-03
8 9.928920e-01 4.056000e-03 3.052000e-03
9 9.918400e-01 4.392000e-03 3.768000e-03
10 9.907280e-01 4.784000e-03 4.488000e-03
11 9.895160e-01 5.168000e-03 5.316000e-03
12 9.883000e-01 5.452000e-03 6.248000e-03
13 9.871680e-01 5.656000e-03 7.176000e-03
14 9.860200e-01 5.800000e-03 8.180000e-03
15 9.848440e-01 5.948000e-03 9.208000e-03
16 9.836280e-01 6.176000e-03 1.019600e-02
17 9.823000e-01 6.408000e-03 1.129200e-02
18 9.807520e-01 6.744000e-03 1.250400e-02
19 9.793400e-01 7.016000e-03 1.364400e-02
20 9.777320e-01 7.476000e-03 1.479200e-02
21 9.762160e-01 7.708000e-03 1.607600e-02
22 9.745120e-01 8.172000e-03 1.731600e-02
23 9.729000e-01 8.280000e-03 1.882000e-02
24 9.713120e-01 8.420000e-03 2.026800e-02
25 9.696680e-01 8.560000e-03 2.177200e-02
26 9.681280e-01 8.648000e-03 2.322400e-02
27 9.664840e-01 8.776000e-03 2.474000e-02
28 9.648960e-01 8.832000e-03 2.627200e-02
29 9.632640e-01 8.864000e-03 2.787200e-02
30 9.617200e-01 8.856000e-03 2.942400e-02
31 9.600160e-01 9.060000e-03 3.092400e-02
32 9.583560e-01 9.088000e-03 3.255600e-02
33 9.567440e-01 9.080000e-03 3.417600e-02
34 9.552280e-01 8.892000e-03 3.588000e-02
35 9.534200e-01 9.216000e-03 3.736400e-02
36 9.517800e-01 9.156000e-03 3.906400e-02
37 9.500480e-01 9.324000e-03 4.062800e-02
38 9.483800e-01 9.316000e-03 4.230400e-02
39 9.467880e-01 9.304000e-03 4.390800e-02
40 9.450480e-01 9.388000e-03 4.556400e-02
41 9.434240e-01 9.380000e-03 4.719600e-02
42 9.417240e-01 9.448000e-03 4.882800e-02
43 9.398760e-01 9.616000e-03 5.050800e-02
44 9.381280e-01 9.692000e-03 5.218000e-02
45 9.364400e-01 9.724000e-03 5.383600e-02
46 9.345560e-01 9.796000e-03 5.564800e-02
47 9.330320e-01 9.564000e-03 5.740400e-02
48 9.313960e-01 9.588000e-03 5.901600e-02
49 9.296360e-01 9.716000e-03 6.064800e-02
50 9.278320e-01 9.768000e-03 6.240000e-02
51 9.260720e-01 9.760000e-03 6.416800e-02
52 9.243800e-01 9.980000e-03 6.564000e-02
53 9.225760e-01 1.000000e-02 6.742400e-02
54 9.208840e-01 9.892000e-03 6.922400e-02
55 9.190120e-01 9.960000e-03 7.102800e-02
56 9.172040e-01 1.009200e-02 7.270400e-02
57 9.154400e-01 1.011200e-02 7.444800e-02
58 9.135080e-01 1.034400e-02 7.614800e-02
59 9.116160e-01 1.052800e-02 7.785600e-02
60 9.098280e-01 1.046800e-02 7.970400e-02
61 9.079680e-01 1.056800e-02 8.146400e-02
62 9.062880e-01 1.041200e-02 8.330000e-02
63 9.043960e-01 1.047600e-02 8.512800e-02
64 9.024720e-01 1.056800e-02 8.696000e-02
65 9.007360e-01 1.051600e-02 8.874800e-02
66 8.989760e-01 1.037200e-02 9.065200e-02
67 8.974040e-01 9.940000e-03 9.265600e-02
68 8.957400e-01 9.920000e-03 9.434000e-02
69 8.941600e-01 9.736000e-03 9.610400e-02
70 8.924680e-01 9.584000e-03 9.794800e-02
71 8.910200e-01 9.304000e-03 9.967600e-02
72 8.895120e-01 9.176000e-03 1.013120e-01
73 8.879400e-01 9.156000e-03 1.029040e-01
74 8.864040e-01 9.224000e-03 1.043720e-01
75 8.847120e-01 9.248000e-03 1.060400e-01
76 8.831200e-01 9.132000e-03 1.077480e-01
77 8.815360e-01 9.072000e-03 1.093920e-01
78 8.798360e-01 9.192000e-03 1.109720e-01
79 8.781880e-01 9.208000e-03 1.126040e-01
80 8.766800e-01 8.980000e-03 1.143400e-01
81 8.752720e-01 8.772000e-03 1.159560e-01
82 8.738320e-01 8.756000e-03 1.174120e-01
83 8.722880e-01 8.708000e-03 1.190040e-01
84 8.708880e-01 8.696000e-03 1.204160e-01
85 8.692400e-01 8.864000e-03 1.218960e-01
86 8.677960e-01 8.524000e-03 1.236800e-01
87 8.663240e-01 8.400000e-03 1.252760e-01
88 8.649720e-01 8.380000e-03 1.266480e-01
89 8.636320e-01 8.384000e-03 1.279840e-01
90 8.622920e-01 8.316000e-03 1.293920e-01
91 8.608360e-01 8.340000e-03 1.308240e-01
92 8.593560e-01 8.300000e-03 1.323440e-01
93 8.577200e-01 8.504000e-03 1.337760e-01
94 8.560840e-01 8.676000e-03 1.352400e-01
95 8.545760e-01 8.652000e-03 1.367720e-01
96 8.532680e-01 8.408000e-03 1.383240e-01
97 8.518880e-01 8.384000e-03 1.397280e-01
98 8.504280e-01 8.416000e-03 1.411560e-01
99 8.489240e-01 8.456000e-03 1.426200e-01
100 8.474680e-01 8.348000e-03 1.441840e-01
101 8.460640e-01 8.412000e-03 1.455240e-01
102 8.445640e-01 8.412000e-03 1.470240e-01
103 8.431240e-01 8.468000e-03 1.484080e-01
104 8.416320e-01 8.548000e-03 1.498200e-01
105 8.403160e-01 8.296000e-03 1.513880e-01
106 8.391200e-01 8.048000e-03 1.528320e-01
107 8.378160e-01 7.876000e-03 1.543080e-01
108 8.365040e-01 7.880000e-03 1.556160e-01
109 8.351960e-01 7.852000e-03 1.569520e-01
110 8.339440e-01 7.616000e-03 1.584400e-01
111 8.326440e-01 7.524000e-03 1.598320e-01
112 8.312520e-01 7.568000e-03 1.611800e-01
113 8.299400e-01 7.444000e-03 1.626160e-01
114 8.286120e-01 7.520000e-03 1.638680e-01
115 8.274440e-01 7.500000e-03 1.650560e-01
116 8.262600e-01 7.360000e-03 1.663800e-01
117 8.250440e-01 7.252000e-03 1.677040e-01
118 8.238000e-01 7.312000e-03 1.688880e-01
119 8.225120e-01 7.256000e-03 1.702320e-01
120 8.212120e-01 7.320000e-03 1.714680e-01
121 8.200400e-01 7.316000e-03 1.726440e-01
122 8.188880e-01 7.192000e-03 1.739200e-01
123 8.176440e-01 7.236000e-03 1.751200e-01
124 8.164280e-01 7.268000e-03 1.763040e-01
125 8.151640e-01 7.352000e-03 1.774840e-01
126 8.138440e-01 7.292000e-03 1.788640e-01
127 8.125360e-01 7.316000e-03 1.801480e-01
128 8.112360e-01 7.368000e-03 1.813960e-01
129 8.099920e-01 7.376000e-03 1.826320e-01
130 8.087040e-01 7.364000e-03 1.839320e-01
131 8.074520e-01 7.388000e-03 1.851600e-01
132 8.062120e-01 7.312000e-03 1.864760e-01
133 8.049760e-01 7.320000e-03 1.877040e-01
134 8.037320e-01 7.168000e-03 1.891000e-01
135 8.025400e-01 7.120000e-03 1.903400e-01
136 8.014760e-01 7.040000e-03 1.914840e-01
137 8.002960e-01 6.896000e-03 1.928080e-01
138 7.992440e-01 6.788000e-03 1.939680e-01
139 7.981680e-01 6.636000e-03 1.951960e-01
140 7.972640e-01 6.420000e-03 1.963160e-01
141 7.962440e-01 6.408000e-03 1.973480e-01
142 7.951120e-01 6.432000e-03 1.984560e-01
143 7.939520e-01 6.472000e-03 1.995760e-01
144 7.928120e-01 6.464000e-03 2.007240e-01
145 7.917520e-01 6.360000e-03 2.018880e-01
146 7.907080e-01 6.228000e-03 2.030640e-01
147 7.896120e-01 6.276000e-03 2.041120e-01
148 7.886040e-01 6.120000e-03 2.052760e-01
149 7.875280e-01 6.088000e-03 2.063840e-01
150 7.864680e-01 6.084000e-03 2.074480e-01
151 7.853920e-01 6.036000e-03 2.085720e-01
152 7.844120e-01 5.928000e-03 2.096600e-01
153 7.835040e-01 5.692000e-03 2.108040e-01
154 7.824600e-01 5.756000e-03 2.117840e-01
155 7.814800e-01 5.720000e-03 2.128000e-01
156 7.805520e-01 5.624000e-03 2.138240e-01
157 7.796120e-01 5.580000e-03 2.148080e-01
158 7.786840e-01 5.516000e-03 2.158000e-01
159 7.776800e-01 5.500000e-03 2.168200e-01
160 7.768400e-01 5.368000e-03 2.177920e-01
161 7.759640e-01 5.380000e-03 2.186560e-01
162 7.749480e-01 5.460000e-03 2.195920e-01
163 7.741080e-01 5.376000e-03 2.205160e-01
164 7.731960e-01 5.364000e-03 2.214400e-01
165 7.723360e-01 5.256000e-03 2.224080e-01
166 7.715400e-01 5.116000e-03 2.233440e-01
167 7.706480e-01 5.008000e-03 2.243440e-01
168 7.696880e-01 5.008000e-03 2.253040e-01
169 7.688160e-01 5.024000e-03 2.261600e-01
170 7.679680e-01 4.976000e-03 2.270560e-01
171 7.671160e-01 5.004000e-03 2.278800e-01
172 7.662120e-01 5.096000e-03 2.286920e-01
173 7.652600e-01 5.176000e-03 2.295640e-01
174 7.643200e-01 5.224000e-03 2.304560e-01
175 7.634600e-01 5.156000e-03 2.313840e-01
176 7.626680e-01 5.056000e-03 2.322760e-01
177 7.617760e-01 5.032000e-03 2.331920e-01
178 7.608120e-01 5.176000e-03 2.340120e-01
179 7.599520e-01 5.096000e-03 2.349520e-01
180 7.590120e-01 5.272000e-03 2.357160e-01
181 7.581120e-01 5.220000e-03 2.366680e-01
182 7.573440e-01 5.136000e-03 2.375200e-01
183 7.564400e-01 5.196000e-03 2.383640e-01
184 7.556280e-01 5.132000e-03 2.392400e-01
185 7.547520e-01 5.100000e-03 2.401480e-01
186 7.539440e-01 5.084000e-03 2.409720e-01
187 7.530720e-01 5.036000e-03 2.418920e-01
188 7.524040e-01 4.764000e-03 2.428320e-01
189 7.516240e-01 4.776000e-03 2.436000e-01
190 7.508320e-01 4.756000e-03 2.444120e-01
191 7.499280e-01 4.768000e-03 2.453040e-01
192 7.490080e-01 4.832000e-03 2.461600e-01
193 7.482600e-01 4.744000e-03 2.469960e-01
194 7.473360e-01 4.848000e-03 2.478160e-01
195 7.465600e-01 4.796000e-03 2.486440e-01
196 7.457280e-01 4.752000e-03 2.495200e-01
197 7.449320e-01 4.692000e-03 2.503760e-01
198 7.441520e-01 4.692000e-03 2.511560e-01
199 7.434000e-01 4.688000e-03 2.519120e-01
200 7.426880e-01 4.628000e-03 2.526840e-01
201 7.418720e-01 4.668000e-03 2.534600e-01
202 7.410520e-01 4.640000e-03 2.543080e-01
203 7.404160e-01 4.504000e-03 2.550800e-01
204 7.396640e-01 4.412000e-03 2.559240e-01
205 7.388520e-01 4.516000e-03 2.566320e-01
206 7.380800e-01 4.448000e-03 2.574720e-01
207 7.373960e-01 4.416000e-03 2.581880e-01
208 7.366120e-01 4.344000e-03 2.590440e-01
209 7.358360e-01 4.320000e-03 2.598440e-01
210 7.350880e-01 4.252000e-03 2.606600e-01
211 7.342040e-01 4.424000e-03 2.613720e-01
212 7.335000e-01 4.340000e-03 2.621600e-01
213 7.327760e-01 4.312000e-03 2.629120e-01
214 7.320400e-01 4.360000e-03 2.636000e-01
215 7.312120e-01 4.388000e-03 2.644000e-01
216 7.303560e-01 4.468000e-03 2.651760e-01
217 7.296640e-01 4.320000e-03 2.660160e-01
218 7.289440e-01 4.224000e-03 2.668320e-01
219 7.281280e-01 4.324000e-03 2.675480e-01
220 7.273640e-01 4.440000e-03 2.681960e-01
221 7.264800e-01 4.596000e-03 2.689240e-01
222 7.256240e-01 4.580000e-03 2.697960e-01
223 7.248560e-01 4.472000e-03 2.706720e-01
224 7.242120e-01 4.356000e-03 2.714320e-01
225 7.234760e-01 4.272000e-03 2.722520e-01
226 7.227000e-01 4.236000e-03 2.730640e-01
227 7.219440e-01 4.280000e-03 2.737760e-01
228 7.212560e-01 4.232000e-03 2.745120e-01
229 7.205040e-01 4.244000e-03 2.752520e-01
230 7.198480e-01 4.184000e-03 2.759680e-01
231 7.191840e-01 4.104000e-03 2.767120e-01
232 7.185000e-01 4.060000e-03 2.774400e-01
233 7.178840e-01 3.920000e-03 2.781960e-01
234 7.172800e-01 3.900000e-03 2.788200e-01
235 7.166960e-01 3.804000e-03 2.795000e-01
236 7.160880e-01 3.740000e-03 2.801720e-01
237 7.154240e-01 3.736000e-03 2.808400e-01
238 7.148000e-01 3.660000e-03 2.815400e-01
239 7.141600e-01 3.624000e-03 2.822160e-01
240 7.135440e-01 3.612000e-03 2.828440e-01
241 7.129280e-01 3.564000e-03 2.835080e-01
242 7.122080e-01 3.604000e-03 2.841880e-01
243 7.115640e-01 3.544000e-03 2.848920e-01
244 7.109120e-01 3.580000e-03 2.855080e-01
245 7.103400e-01 3.636000e-03 2.860240e-01
246 7.097120e-01 3.596000e-03 2.866920e-01
247 7.091320e-01 3.580000e-03 2.872880e-01
248 7.085680e-01 3.488000e-03 2.879440e-01
249 7.079600e-01 3.484000e-03 2.885560e-01
250 7.073240e-01 3.540000e-03 2.891360e-01
251 7.067480e-01 3.548000e-03 2.897040e-01
252 7.062520e-01 3.460000e-03 2.902880e-01
253 7.057360e-01 3.328000e-03 2.909360e-01
254 7.051320e-01 3.380000e-03 2.914880e-01
255 7.046560e-01 3.280000e-03 2.920640e-01
256 7.041760e-01 3.224000e-03 2.926000e-01
257 7.035960e-01 3.240000e-03 2.931640e-01
258 7.030080e-01 3.168000e-03 2.938240e-01
259 7.024040e-01 3.176000e-03 2.944200e-01
260 7.018920e-01 3.216000e-03 2.948920e-01
261 7.014160e-01 3.116000e-03 2.954680e-01
262 7.009240e-01 3.056000e-03 2.960200e-01
263 7.003280e-01 3.104000e-03 2.965680e-01
264 6.998160e-01 3.096000e-03 2.970880e-01
265 6.992520e-01 3.096000e-03 2.976520e-01
266 6.986840e-01 3.156000e-03 2.981600e-01
267 6.981160e-01 3.236000e-03 2.986480e-01
268 6.975320e-01 3.288000e-03 2.991800e-01
269 6.969800e-01 3.260000e-03 2.997600e-01
270 6.964640e-01 3.184000e-03 3.003520e-01
271 6.959320e-01 3.228000e-03 3.008400e-01
272 6.952920e-01 3.264000e-03 3.014440e-01
273 6.948280e-01 3.120000e-03 3.020520e-01
274 6.942880e-01 3.104000e-03 3.026080e-01
275 6.937560e-01 3.136000e-03 3.031080e-01
276 6.932880e-01 2.992000e-03 3.037200e-01
277 6.927640e-01 2.988000e-03 3.042480e-01
278 6.921360e-01 3.144000e-03 3.047200e-01
279 6.915000e-01 3.236000e-03 3.052640e-01
280 6.909280e-01 3.208000e-03 3.058640e-01
281 6.903920e-01 3.248000e-03 3.063600e-01
282 6.898680e-01 3.244000e-03 3.068880e-01
283 6.893960e-01 3.200000e-03 3.074040e-01
284 6.888680e-01 3.160000e-03 3.079720e-01
285 6.882520e-01 3.196000e-03 3.085520e-01
286 6.877400e-01 3.224000e-03 3.090360e-01
287 6.870640e-01 3.296000e-03 3.096400e-01
288 6.864800e-01 3.268000e-03 3.102520e-01
289 6.859040e-01 3.200000e-03 3.108960e-01
290 6.853480e-01 3.208000e-03 3.114440e-01
291 6.847160e-01 3.300000e-03 3.119840e-01
292 6.841120e-01 3.324000e-03 3.125640e-01
293 6.834880e-01 3.348000e-03 3.131640e-01
294 6.829080e-01 3.340000e-03 3.137520e-01
295 6.823000e-01 3.388000e-03 3.143120e-01
296 6.818080e-01 3.288000e-03 3.149040e-01
297 6.812640e-01 3.220000e-03 3.155160e-01
298 6.807760e-01 3.200000e-03 3.160240e-01
299 6.802000e-01 3.128000e-03 3.166720e-01
300 6.797600e-01 3.048000e-03 3.171920e-01
301 6.792800e-01 2.996000e-03 3.177240e-01
302 6.788280e-01 2.944000e-03 3.182280e-01
303 6.784760e-01 2.816000e-03 3.187080e-01
304 6.780560e-01 2.724000e-03 3.192200e-01
305 6.776000e-01 2.716000e-03 3.196840e-01
306 6.772080e-01 2.616000e-03 3.201760e-01
307 6.768320e-01 2.560000e-03 3.206080e-01
308 6.763960e-01 2.516000e-03 3.210880e-01
309 6.760280e-01 2.408000e-03 3.215640e-01
310 6.756360e-01 2.420000e-03 3.219440e-01
311 6.751520e-01 2.540000e-03 3.223080e-01
312 6.747240e-01 2.424000e-03 3.228520e-01
313 6.743400e-01 2.372000e-03 3.232880e-01
314 6.739560e-01 2.348000e-03 3.236960e-01
315 6.735880e-01 2.300000e-03 3.241120e-01
316 6.732400e-01 2.184000e-03 3.245760e-01
317 6.728880e-01 2.168000e-03 3.249440e-01
318 6.724840e-01 2.148000e-03 3.253680e-01
319 6.721320e-01 2.160000e-03 3.257080e-01
320 6.717600e-01 2.084000e-03 3.261560e-01
321 6.714080e-01 2.056000e-03 3.265360e-01
322 6.710960e-01 1.988000e-03 3.269160e-01
323 6.708120e-01 1.960000e-03 3.272280e-01
324 6.704760e-01 1.904000e-03 3.276200e-01
325 6.702160e-01 1.848000e-03 3.279360e-01
326 6.698440e-01 1.908000e-03 3.282480e-01
327 6.695280e-01 1.924000e-03 3.285480e-01
328 6.691080e-01 2.020000e-03 3.288720e-01
329 6.686840e-01 2.080000e-03 3.292360e-01
330 6.683320e-01 2.036000e-03 3.296320e-01
331 6.679600e-01 2.040000e-03 3.300000e-01
332 6.676360e-01 2.000000e-03 3.303640e-01
333 6.672520e-01 1.980000e-03 3.307680e-01
334 6.669720e-01 1.912000e-03 3.311160e-01
335 6.666960e-01 1.880000e-03 3.314240e-01
336 6.663240e-01 2.004000e-03 3.316720e-01
337 6.659040e-01 2.068000e-03 3.320280e-01
338 6.656080e-01 1.972000e-03 3.324200e-01
339 6.653440e-01 1.904000e-03 3.327520e-01
340 6.651000e-01 1.864000e-03 3.330360e-01
341 6.647840e-01 1.856000e-03 3.333600e-01
342 6.644240e-01 1.820000e-03 3.337560e-01
343 6.641880e-01 1.752000e-03 3.340600e-01
344 6.639040e-01 1.752000e-03 3.343440e-01
345 6.635720e-01 1.764000e-03 3.346640e-01
346 6.632680e-01 1.720000e-03 3.350120e-01
347 6.629800e-01 1.632000e-03 3.353880e-01
348 6.627640e-01 1.644000e-03 3.355920e-01
349 6.623880e-01 1.764000e-03 3.358480e-01
350 6.621360e-01 1.728000e-03 3.361360e-01
351 6.618680e-01 1.684000e-03 3.364480e-01
352 6.614880e-01 1.788000e-03 3.367240e-01
353 6.610240e-01 1.976000e-03 3.370000e-01
354 6.606680e-01 1.952000e-03 3.373800e-01
355 6.602760e-01 1.956000e-03 3.377680e-01
356 6.599080e-01 2.028000e-03 3.380640e-01
357 6.595320e-01 2.000000e-03 3.384680e-01
358 6.592360e-01 1.956000e-03 3.388080e-01
359 6.588600e-01 2.008000e-03 3.391320e-01
360 6.585120e-01 2.056000e-03 3.394320e-01
361 6.582080e-01 1.980000e-03 3.398120e-01
362 6.578880e-01 1.996000e-03 3.401160e-01
363 6.575360e-01 1.944000e-03 3.405200e-01
364 6.571080e-01 2.036000e-03 3.408560e-01
365 6.568080e-01 2.012000e-03 3.411800e-01
366 6.564320e-01 1.980000e-03 3.415880e-01
367 6.560000e-01 2.084000e-03 3.419160e-01
368 6.556640e-01 2.064000e-03 3.422720e-01
369 6.553200e-01 2.112000e-03 3.425680e-01
370 6.549320e-01 2.096000e-03 3.429720e-01
371 6.545360e-01 2.160000e-03 3.433040e-01
372 6.541880e-01 2.204000e-03 3.436080e-01
373 6.538680e-01 2.152000e-03 3.439800e-01
374 6.535880e-01 2.044000e-03 3.443680e-01
375 6.532880e-01 1.972000e-03 3.447400e-01
376 6.529160e-01 2.052000e-03 3.450320e-01
377 6.526040e-01 1.992000e-03 3.454040e-01
378 6.523240e-01 1.932000e-03 3.457440e-01
379 6.520080e-01 1.836000e-03 3.461560e-01
380 6.516960e-01 1.852000e-03 3.464520e-01
381 6.513840e-01 1.808000e-03 3.468080e-01
382 6.511080e-01 1.808000e-03 3.470840e-01
383 6.508560e-01 1.812000e-03 3.473320e-01
384 6.505320e-01 1.816000e-03 3.476520e-01
385 6.502760e-01 1.736000e-03 3.479880e-01
386 6.500320e-01 1.696000e-03 3.482720e-01
387 6.497400e-01 1.740000e-03 3.485200e-01
388 6.494000e-01 1.764000e-03 3.488360e-01
389 6.491000e-01 1.768000e-03 3.491320e-01
390 6.487640e-01 1.800000e-03 3.494360e-01
391 6.483640e-01 1.848000e-03 3.497880e-01
392 6.479640e-01 1.988000e-03 3.500480e-01
393 6.476400e-01 1.924000e-03 3.504360e-01
394 6.473120e-01 1.896000e-03 3.507920e-01
395 6.469520e-01 1.888000e-03 3.511600e-01
396 6.466440e-01 1.828000e-03 3.515280e-01
397 6.463360e-01 1.804000e-03 3.518600e-01
398 6.459600e-01 1.836000e-03 3.522040e-01
399 6.455880e-01 1.904000e-03 3.525080e-01
400 6.451640e-01 2.036000e-03 3.528000e-01
401 6.447600e-01 2.092000e-03 3.531480e-01
402 6.443600e-01 2.152000e-03 3.534880e-01
403 6.439640e-01 2.192000e-03 3.538440e-01
404 6.435200e-01 2.300000e-03 3.541800e-01
405 6.431240e-01 2.312000e-03 3.545640e-01
406 6.428200e-01 2.216000e-03 3.549640e-01
407 6.425040e-01 2.104000e-03 3.553920e-01
408 6.421720e-01 2.072000e-03 3.557560e-01
409 6.419160e-01 1.976000e-03 3.561080e-01
410 6.415560e-01 2.052000e-03 3.563920e-01
411 6.412080e-01 2.048000e-03 3.567440e-01
412 6.408040e-01 2.048000e-03 3.571480e-01
413 6.404880e-01 2.012000e-03 3.575000e-01
414 6.401520e-01 1.924000e-03 3.579240e-01
415 6.398480e-01 1.868000e-03 3.582840e-01
416 6.394800e-01 1.912000e-03 3.586080e-01
417 6.391160e-01 1.968000e-03 3.589160e-01
418 6.387840e-01 2.008000e-03 3.592080e-01
419 6.384760e-01 1.976000e-03 3.595480e-01
420 6.381240e-01 2.000000e-03 3.598760e-01
421 6.377840e-01 1.936000e-03 3.602800e-01
422 6.374880e-01 1.924000e-03 3.605880e-01
423 6.372640e-01 1.784000e-03 3.609520e-01
424 6.369480e-01 1.760000e-03 3.612920e-01
425 6.367120e-01 1.664000e-03 3.616240e-01
426 6.364320e-01 1.600000e-03 3.619680e-01
427 6.361920e-01 1.556000e-03 3.622520e-01
428 6.359240e-01 1.500000e-03 3.625760e-01
429 6.356680e-01 1.492000e-03 3.628400e-01
430 6.354440e-01 1.460000e-03 3.630960e-01
431 6.352200e-01 1.460000e-03 3.633200e-01
432 6.349560e-01 1.468000e-03 3.635760e-01
433 6.346800e-01 1.472000e-03 3.638480e-01
434 6.344080e-01 1.440000e-03 3.641520e-01
435 6.342400e-01 1.368000e-03 3.643920e-01
436 6.340560e-01 1.340000e-03 3.646040e-01
437 6.338360e-01 1.312000e-03 3.648520e-01
438 6.336640e-01 1.248000e-03 3.650880e-01
439 6.334560e-01 1.252000e-03 3.652920e-01
440 6.332360e-01 1.288000e-03 3.654760e-01
441 6.330400e-01 1.276000e-03 3.656840e-01
442 6.328000e-01 1.280000e-03 3.659200e-01
443 6.325360e-01 1.324000e-03 3.661400e-01
444 6.322760e-01 1.332000e-03 3.663920e-01
445 6.320360e-01 1.340000e-03 3.666240e-01
446 6.317240e-01 1.376000e-03 3.669000e-01
447 6.313960e-01 1.488000e-03 3.671160e-01
448 6.311280e-01 1.516000e-03 3.673560e-01
449 6.308080e-01 1.532000e-03 3.676600e-01
450 6.305360e-01 1.516000e-03 3.679480e-01
451 6.301960e-01 1.604000e-03 3.682000e-01
452 6.298680e-01 1.644000e-03 3.684880e-01
453 6.296000e-01 1.668000e-03 3.687320e-01
454 6.293320e-01 1.684000e-03 3.689840e-01
455 6.290560e-01 1.684000e-03 3.692600e-01
456 6.286880e-01 1.788000e-03 3.695240e-01
457 6.283680e-01 1.752000e-03 3.698800e-01
458 6.280840e-01 1.748000e-03 3.701680e-01
459 6.278280e-01 1.688000e-03 3.704840e-01
460 6.275480e-01 1.660000e-03 3.707920e-01
461 6.272760e-01 1.644000e-03 3.710800e-01
462 6.269680e-01 1.664000e-03 3.713680e-01
463 6.266720e-01 1.716000e-03 3.716120e-01
464 6.263680e-01 1.732000e-03 3.719000e-01
465 6.261440e-01 1.620000e-03 3.722360e-01
466 6.258800e-01 1.588000e-03 3.725320e-01
467 6.256880e-01 1.512000e-03 3.728000e-01
468 6.255000e-01 1.480000e-03 3.730200e-01
469 6.253000e-01 1.420000e-03 3.732800e-01
470 6.250680e-01 1.368000e-03 3.735640e-01
471 6.249000e-01 1.316000e-03 3.737840e-01
472 6.246920e-01 1.308000e-03 3.740000e-01
473 6.245200e-01 1.292000e-03 3.741880e-01
474 6.243200e-01 1.264000e-03 3.744160e-01
475 6.241640e-01 1.228000e-03 3.746080e-01
476 6.239600e-01 1.196000e-03 3.748440e-01
477 6.237560e-01 1.144000e-03 3.751000e-01
478 6.236160e-01 1.072000e-03 3.753120e-01
479 6.234400e-01 1.104000e-03 3.754560e-01
480 6.232880e-01 1.084000e-03 3.756280e-01
481 6.230840e-01 1.084000e-03 3.758320e-01
482 6.229320e-01 1.080000e-03 3.759880e-01
483 6.227680e-01 1.064000e-03 3.761680e-01
484 6.225200e-01 1.104000e-03 3.763760e-01
485 6.223040e-01 1.100000e-03 3.765960e-01
486 6.221480e-01 1.084000e-03 3.767680e-01
487 6.219560e-01 1.076000e-03 3.769680e-01
488 6.217480e-01 1.112000e-03 3.771400e-01
489 6.215120e-01 1.168000e-03 3.773200e-01
490 6.213280e-01 1.168000e-03 3.775040e-01
491 6.210960e-01 1.204000e-03 3.777000e-01
492 6.208480e-01 1.232000e-03 3.779200e-01
493 6.205960e-01 1.240000e-03 3.781640e-01
494 6.203680e-01 1.232000e-03 3.784000e-01
495 6.201480e-01 1.244000e-03 3.786080e-01
496 6.199480e-01 1.208000e-03 3.788440e-01
497 6.197080e-01 1.252000e-03 3.790400e-01
498 6.195400e-01 1.176000e-03 3.792840e-01
499 6.193640e-01 1.124000e-03 3.795120e-01
500 6.191680e-01 1.136000e-03 3.796960e-01
