1 9.992120e-01 6.880000e-04 1.000000e-04
2 9.987880e-01 9.920000e-04 2.200000e-04
3 9.981480e-01 1.432000e-03 4.200000e-04
4 9.973880e-01 1.932000e-03 6.800000e-04
5 9.964760e-01 2.412000e-03 1.112000e-03
6 9.954760e-01 2.928000e-03 1.596000e-03
7 9.946120e-01 3.180000e-03 2.208000e-03
8 9.935840e-01 3.648000e-03 2.768000e-03
9 9.925240e-01 4.008000e-03 3.468000e-03
10 9.914280e-01 4.440000e-03 4.132000e-03
11 9.902120e-01 4.880000e-03 4.908000e-03
12 9.890960e-01 5.104000e-03 5.800000e-03
13 9.878520e-01 5.320000e-03 6.828000e-03
14 9.865880e-01 5.552000e-03 7.860000e-03
15 9.853800e-01 5.704000e-03 8.916000e-03
16 9.842680e-01 5.712000e-03 1.002000e-02
17 9.830840e-01 5.864000e-03 1.105200e-02
18 9.820560e-01 5.968000e-03 1.197600e-02
19 9.807560e-01 6.152000e-03 1.309200e-02
20 9.797360e-01 6.148000e-03 1.411600e-02
21 9.785400e-01 6.228000e-03 1.523200e-02
22 9.772640e-01 6.416000e-03 1.632000e-02
23 9.759360e-01 6.708000e-03 1.735600e-02
24 9.746400e-01 6.792000e-03 1.856800e-02
25 9.733520e-01 6.864000e-03 1.978400e-02
26 9.719560e-01 7.028000e-03 2.101600e-02
27 9.705760e-01 7.196000e-03 2.222800e-02
28 9.691000e-01 7.548000e-03 2.335200e-02
29 9.676520e-01 7.680000e-03 2.466800e-02
30 9.661480e-01 7.864000e-03 2.598800e-02
31 9.643560e-01 8.348000e-03 2.729600e-02
32 9.626800e-01 8.628000e-03 2.869200e-02
33 9.610520e-01 8.888000e-03 3.006000e-02
34 9.592800e-01 9.048000e-03 3.167200e-02
35 9.574680e-01 9.284000e-03 3.324800e-02
36 9.557000e-01 9.508000e-03 3.479200e-02
37 9.539000e-01 9.640000e-03 3.646000e-02
38 9.521800e-01 9.520000e-03 3.830000e-02
39 9.506200e-01 9.396000e-03 3.998400e-02
40 9.490280e-01 9.268000e-03 4.170400e-02
41 9.474800e-01 9.172000e-03 4.334800e-02
42 9.461240e-01 8.928000e-03 4.494800e-02
43 9.445320e-01 8.932000e-03 4.653600e-02
44 9.429160e-01 9.036000e-03 4.804800e-02
45 9.413880e-01 8.940000e-03 4.967200e-02
46 9.399680e-01 8.696000e-03 5.133600e-02
47 9.383120e-01 8.812000e-03 5.287600e-02
48 9.368120e-01 8.692000e-03 5.449600e-02
49 9.352480e-01 8.628000e-03 5.612400e-02
50 9.337560e-01 8.512000e-03 5.773200e-02
51 9.321840e-01 8.728000e-03 5.908800e-02
52 9.306520e-01 8.724000e-03 6.062400e-02
53 9.289680e-01 8.892000e-03 6.214000e-02
54 9.275120e-01 8.768000e-03 6.372000e-02
55 9.258840e-01 8.940000e-03 6.517600e-02
56 9.241880e-01 9.072000e-03 6.674000e-02
57 9.226120e-01 9.116000e-03 6.827200e-02
58 9.209280e-01 9.292000e-03 6.978000e-02
59 9.192960e-01 9.168000e-03 7.153600e-02
60 9.177120e-01 9.092000e-03 7.319600e-02
61 9.160800e-01 9.144000e-03 7.477600e-02
62 9.146480e-01 8.996000e-03 7.635600e-02
63 9.130560e-01 8.972000e-03 7.797200e-02
64 9.115240e-01 8.956000e-03 7.952000e-02
65 9.100800e-01 8.808000e-03 8.111200e-02
66 9.085640e-01 8.728000e-03 8.270800e-02
67 9.071040e-01 8.652000e-03 8.424400e-02
68 9.057040e-01 8.620000e-03 8.567600e-02
69 9.042640e-01 8.568000e-03 8.716800e-02
70 9.029600e-01 8.432000e-03 8.860800e-02
71 9.015680e-01 8.408000e-03 9.002400e-02
72 9.001680e-01 8.288000e-03 9.154400e-02
73 8.988160e-01 8.152000e-03 9.303200e-02
74 8.973760e-01 8.284000e-03 9.434000e-02
75 8.959400e-01 8.268000e-03 9.579200e-02
76 8.944560e-01 8.392000e-03 9.715200e-02
77 8.930640e-01 8.248000e-03 9.868800e-02
78 8.915720e-01 8.308000e-03 1.001200e-01
79 8.899680e-01 8.496000e-03 1.015360e-01
80 8.884360e-01 8.500000e-03 1.030640e-01
81 8.869360e-01 8.440000e-03 1.046240e-01
82 8.853160e-01 8.516000e-03 1.061680e-01
83 8.836440e-01 8.828000e-03 1.075280e-01
84 8.818840e-01 9.072000e-03 1.090440e-01
85 8.801920e-01 9.272000e-03 1.105360e-01
86 8.784640e-01 9.432000e-03 1.121040e-01
87 8.766280e-01 9.612000e-03 1.137600e-01
88 8.750760e-01 9.480000e-03 1.154440e-01
89 8.735160e-01 9.404000e-03 1.170800e-01
90 8.718760e-01 9.436000e-03 1.186880e-01
91 8.701240e-01 9.492000e-03 1.203840e-01
92 8.686360e-01 9.320000e-03 1.220440e-01
93 8.670440e-01 9.284000e-03 1.236720e-01
94 8.653360e-01 9.292000e-03 1.253720e-01
95 8.636320e-01 9.388000e-03 1.269800e-01
96 8.620800e-01 9.352000e-03 1.285680e-01
97 8.605280e-01 9.260000e-03 1.302120e-01
98 8.589760e-01 9.180000e-03 1.318440e-01
99 8.575400e-01 8.992000e-03 1.334680e-01
100 8.560960e-01 8.916000e-03 1.349880e-01
101 8.546160e-01 8.812000e-03 1.365720e-01
102 8.530200e-01 8.760000e-03 1.382200e-01
103 8.518400e-01 8.472000e-03 1.396880e-01
104 8.503400e-01 8.560000e-03 1.411000e-01
105 8.489280e-01 8.388000e-03 1.426840e-01
106 8.475800e-01 8.380000e-03 1.440400e-01
107 8.462160e-01 8.240000e-03 1.455440e-01
108 8.448200e-01 8.196000e-03 1.469840e-01
109 8.435520e-01 8.024000e-03 1.484240e-01
110 8.423080e-01 7.956000e-03 1.497360e-01
111 8.410360e-01 7.964000e-03 1.510000e-01
112 8.395720e-01 8.036000e-03 1.523920e-01
113 8.382160e-01 8.060000e-03 1.537240e-01
114 8.369000e-01 7.956000e-03 1.551440e-01
115 8.355280e-01 8.000000e-03 1.564720e-01
116 8.341200e-01 8.020000e-03 1.578600e-01
117 8.327760e-01 7.972000e-03 1.592520e-01
118 8.313160e-01 8.008000e-03 1.606760e-01
119 8.299520e-01 8.020000e-03 1.620280e-01
120 8.285040e-01 8.044000e-03 1.634520e-01
121 8.270760e-01 8.128000e-03 1.647960e-01
122 8.258120e-01 8.080000e-03 1.661080e-01
123 8.245960e-01 7.868000e-03 1.675360e-01
124 8.232280e-01 7.848000e-03 1.689240e-01
125 8.218640e-01 7.712000e-03 1.704240e-01
126 8.205760e-01 7.748000e-03 1.716760e-01
127 8.191880e-01 7.712000e-03 1.731000e-01
128 8.179240e-01 7.612000e-03 1.744640e-01
129 8.165640e-01 7.792000e-03 1.756440e-01
130 8.152800e-01 7.872000e-03 1.768480e-01
131 8.139200e-01 7.828000e-03 1.782520e-01
132 8.125160e-01 7.836000e-03 1.796480e-01
133 8.113160e-01 7.756000e-03 1.809280e-01
134 8.100760e-01 7.636000e-03 1.822880e-01
135 8.089600e-01 7.376000e-03 1.836640e-01
136 8.078160e-01 7.288000e-03 1.848960e-01
137 8.065320e-01 7.368000e-03 1.861000e-01
138 8.054440e-01 7.264000e-03 1.872920e-01
139 8.042720e-01 7.180000e-03 1.885480e-01
140 8.031000e-01 7.152000e-03 1.897480e-01
141 8.019040e-01 7.076000e-03 1.910200e-01
142 8.007840e-01 7.012000e-03 1.922040e-01
143 7.994760e-01 7.080000e-03 1.934440e-01
144 7.982440e-01 7.044000e-03 1.947120e-01
145 7.970560e-01 7.060000e-03 1.958840e-01
146 7.958160e-01 6.888000e-03 1.972960e-01
147 7.945960e-01 6.936000e-03 1.984680e-01
148 7.934160e-01 7.008000e-03 1.995760e-01
149 7.921160e-01 7.056000e-03 2.008280e-01
150 7.908640e-01 7.104000e-03 2.020320e-01
151 7.896920e-01 7.020000e-03 2.032880e-01
152 7.884600e-01 7.016000e-03 2.045240e-01
153 7.873600e-01 6.856000e-03 2.057840e-01
154 7.863080e-01 6.684000e-03 2.070080e-01
155 7.852640e-01 6.512000e-03 2.082240e-01
156 7.842120e-01 6.296000e-03 2.094920e-01
157 7.830280e-01 6.308000e-03 2.106640e-01
158 7.819360e-01 6.336000e-03 2.117280e-01
159 7.806840e-01 6.540000e-03 2.127760e-01
160 7.794400e-01 6.684000e-03 2.138760e-01
161 7.782160e-01 6.660000e-03 2.151240e-01
162 7.769000e-01 6.840000e-03 2.162600e-01
163 7.758000e-01 6.792000e-03 2.174080e-01
164 7.746320e-01 6.852000e-03 2.185160e-01
165 7.734600e-01 6.796000e-03 2.197440e-01
166 7.722880e-01 6.748000e-03 2.209640e-01
167 7.710800e-01 6.784000e-03 2.221360e-01
168 7.700560e-01 6.628000e-03 2.233160e-01
169 7.689160e-01 6.604000e-03 2.244800e-01
170 7.678280e-01 6.544000e-03 2.256280e-01
171 7.668240e-01 6.368000e-03 2.268080e-01
172 7.657280e-01 6.212000e-03 2.280600e-01
173 7.645960e-01 6.148000e-03 2.292560e-01
174 7.635000e-01 6.260000e-03 2.302400e-01
175 7.623000e-01 6.368000e-03 2.313320e-01
176 7.612640e-01 6.096000e-03 2.326400e-01
177 7.602840e-01 6.008000e-03 2.337080e-01
178 7.591640e-01 6.072000e-03 2.347640e-01
179 7.582440e-01 5.840000e-03 2.359160e-01
180 7.571600e-01 5.876000e-03 2.369640e-01
181 7.562280e-01 5.796000e-03 2.379760e-01
182 7.552360e-01 5.752000e-03 2.390120e-01
183 7.541400e-01 5.856000e-03 2.400040e-01
184 7.531720e-01 5.864000e-03 2.409640e-01
185 7.520840e-01 5.944000e-03 2.419720e-01
186 7.508720e-01 6.016000e-03 2.431120e-01
187 7.496400e-01 6.228000e-03 2.441320e-01
188 7.484400e-01 6.364000e-03 2.451960e-01
189 7.471880e-01 6.540000e-03 2.462720e-01
190 7.460000e-01 6.488000e-03 2.475120e-01
191 7.449560e-01 6.460000e-03 2.485840e-01
192 7.438600e-01 6.460000e-03 2.496800e-01
193 7.427920e-01 6.420000e-03 2.507880e-01
194 7.417680e-01 6.392000e-03 2.518400e-01
195 7.407280e-01 6.332000e-03 2.529400e-01
196 7.396760e-01 6.272000e-03 2.540520e-01
197 7.386240e-01 6.132000e-03 2.552440e-01
198 7.377480e-01 5.988000e-03 2.562640e-01
199 7.367120e-01 6.056000e-03 2.572320e-01
200 7.357080e-01 6.040000e-03 2.582520e-01
201 7.347960e-01 5.832000e-03 2.593720e-01
202 7.339760e-01 5.616000e-03 2.604080e-01
203 7.330720e-01 5.628000e-03 2.613000e-01
204 7.320440e-01 5.700000e-03 2.622560e-01
205 7.310680e-01 5.724000e-03 2.632080e-01
206 7.301840e-01 5.484000e-03 2.643320e-01
207 7.291520e-01 5.576000e-03 2.652720e-01
208 7.282680e-01 5.520000e-03 2.662120e-01
209 7.272560e-01 5.648000e-03 2.670960e-01
210 7.262640e-01 5.712000e-03 2.680240e-01
211 7.252280e-01 5.676000e-03 2.690960e-01
212 7.241280e-01 5.664000e-03 2.702080e-01
213 7.231640e-01 5.648000e-03 2.711880e-01
214 7.222400e-01 5.556000e-03 2.722040e-01
215 7.213240e-01 5.484000e-03 2.731920e-01
216 7.204080e-01 5.372000e-03 2.742200e-01
217 7.195840e-01 5.264000e-03 2.751520e-01
218 7.187560e-01 5.172000e-03 2.760720e-01
219 7.179400e-01 5.172000e-03 2.768880e-01
220 7.171320e-01 5.048000e-03 2.778200e-01
221 7.164280e-01 4.872000e-03 2.787000e-01
222 7.155640e-01 4.900000e-03 2.795360e-01
223 7.147640e-01 4.832000e-03 2.804040e-01
224 7.138560e-01 4.888000e-03 2.812560e-01
225 7.130520e-01 4.756000e-03 2.821920e-01
226 7.122760e-01 4.780000e-03 2.829440e-01
227 7.115320e-01 4.616000e-03 2.838520e-01
228 7.107440e-01 4.716000e-03 2.845400e-01
229 7.099760e-01 4.680000e-03 2.853440e-01
230 7.092440e-01 4.688000e-03 2.860680e-01
231 7.084640e-01 4.748000e-03 2.867880e-01
232 7.075920e-01 4.812000e-03 2.875960e-01
233 7.068560e-01 4.688000e-03 2.884560e-01
234 7.060240e-01 4.636000e-03 2.893400e-01
235 7.053480e-01 4.528000e-03 2.901240e-01
236 7.046480e-01 4.500000e-03 2.908520e-01
237 7.038000e-01 4.628000e-03 2.915720e-01
238 7.029800e-01 4.612000e-03 2.924080e-01
239 7.022360e-01 4.540000e-03 2.932240e-01
240 7.015360e-01 4.508000e-03 2.939560e-01
241 7.009040e-01 4.272000e-03 2.948240e-01
242 7.002760e-01 4.084000e-03 2.956400e-01
243 6.996600e-01 4.048000e-03 2.962920e-01
244 6.990160e-01 3.940000e-03 2.970440e-01
245 6.983320e-01 3.908000e-03 2.977600e-01
246 6.976800e-01 3.812000e-03 2.985080e-01
247 6.970480e-01 3.764000e-03 2.991880e-01
248 6.964360e-01 3.640000e-03 2.999240e-01
249 6.958720e-01 3.612000e-03 3.005160e-01
250 6.952480e-01 3.644000e-03 3.011080e-01
251 6.945360e-01 3.696000e-03 3.017680e-01
252 6.939480e-01 3.620000e-03 3.024320e-01
253 6.934400e-01 3.560000e-03 3.030000e-01
254 6.928920e-01 3.500000e-03 3.036080e-01
255 6.922560e-01 3.516000e-03 3.042280e-01
256 6.917400e-01 3.364000e-03 3.048960e-01
257 6.912200e-01 3.272000e-03 3.055080e-01
258 6.906760e-01 3.216000e-03 3.061080e-01
259 6.901120e-01 3.216000e-03 3.066720e-01
260 6.895680e-01 3.112000e-03 3.073200e-01
261 6.891240e-01 3.052000e-03 3.078240e-01
262 6.886120e-01 3.028000e-03 3.083600e-01
263 6.881280e-01 2.984000e-03 3.088880e-01
264 6.876920e-01 2.892000e-03 3.094160e-01
265 6.872920e-01 2.796000e-03 3.099120e-01
266 6.868680e-01 2.732000e-03 3.104000e-01
267 6.865120e-01 2.544000e-03 3.109440e-01
268 6.861080e-01 2.540000e-03 3.113520e-01
269 6.856520e-01 2.532000e-03 3.118160e-01
270 6.852560e-01 2.480000e-03 3.122640e-01
271 6.848360e-01 2.500000e-03 3.126640e-01
272 6.844480e-01 2.488000e-03 3.130640e-01
273 6.840960e-01 2.436000e-03 3.134680e-01
274 6.836840e-01 2.424000e-03 3.138920e-01
275 6.831800e-01 2.440000e-03 3.143800e-01
276 6.827240e-01 2.428000e-03 3.148480e-01
277 6.823160e-01 2.436000e-03 3.152480e-01
278 6.820120e-01 2.368000e-03 3.156200e-01
279 6.815680e-01 2.360000e-03 3.160720e-01
280 6.812280e-01 2.312000e-03 3.164600e-01
281 6.808280e-01 2.304000e-03 3.168680e-01
282 6.804040e-01 2.332000e-03 3.172640e-01
283 6.800320e-01 2.172000e-03 3.177960e-01
284 6.796920e-01 2.140000e-03 3.181680e-01
285 6.794040e-01 2.092000e-03 3.185040e-01
286 6.789760e-01 2.160000e-03 3.188640e-01
287 6.786120e-01 2.160000e-03 3.192280e-01
288 6.782080e-01 2.140000e-03 3.196520e-01
289 6.777960e-01 2.132000e-03 3.200720e-01
290 6.774320e-01 2.160000e-03 3.204080e-01
291 6.770400e-01 2.204000e-03 3.207560e-01
292 6.766000e-01 2.260000e-03 3.211400e-01
293 6.761720e-01 2.300000e-03 3.215280e-01
294 6.758040e-01 2.272000e-03 3.219240e-01
295 6.753520e-01 2.328000e-03 3.223200e-01
296 6.749720e-01 2.300000e-03 3.227280e-01
297 6.746040e-01 2.272000e-03 3.231240e-01
298 6.742600e-01 2.208000e-03 3.235320e-01
299 6.738440e-01 2.192000e-03 3.239640e-01
300 6.735360e-01 2.084000e-03 3.243800e-01
301 6.732280e-01 2.084000e-03 3.246880e-01
302 6.727880e-01 2.200000e-03 3.250120e-01
303 6.723960e-01 2.176000e-03 3.254280e-01
304 6.719640e-01 2.216000e-03 3.258200e-01
305 6.715760e-01 2.232000e-03 3.261920e-01
306 6.711800e-01 2.284000e-03 3.265360e-01
307 6.708200e-01 2.284000e-03 3.268960e-01
308 6.704480e-01 2.256000e-03 3.272960e-01
309 6.700160e-01 2.272000e-03 3.277120e-01
310 6.696160e-01 2.280000e-03 3.281040e-01
311 6.691920e-01 2.292000e-03 3.285160e-01
312 6.687840e-01 2.296000e-03 3.289200e-01
313 6.683720e-01 2.276000e-03 3.293520e-01
314 6.679720e-01 2.284000e-03 3.297440e-01
315 6.676320e-01 2.256000e-03 3.301120e-01
316 6.673360e-01 2.108000e-03 3.305560e-01
317 6.670400e-01 2.024000e-03 3.309360e-01
318 6.667280e-01 1.952000e-03 3.313200e-01
319 6.664080e-01 1.904000e-03 3.316880e-01
320 6.661600e-01 1.800000e-03 3.320400e-01
321 6.658720e-01 1.792000e-03 3.323360e-01
322 6.656200e-01 1.752000e-03 3.326280e-01
323 6.653200e-01 1.776000e-03 3.329040e-01
324 6.650440e-01 1.776000e-03 3.331800e-01
325 6.647560e-01 1.696000e-03 3.335480e-01
326 6.645080e-01 1.700000e-03 3.337920e-01
327 6.642400e-01 1.640000e-03 3.341200e-01
328 6.639680e-01 1.676000e-03 3.343560e-01
329 6.636600e-01 1.672000e-03 3.346680e-01
330 6.634520e-01 1.628000e-03 3.349200e-01
331 6.631480e-01 1.604000e-03 3.352480e-01
332 6.628800e-01 1.588000e-03 3.355320e-01
333 6.626320e-01 1.584000e-03 3.357840e-01
334 6.623440e-01 1.596000e-03 3.360600e-01
335 6.620680e-01 1.552000e-03 3.363800e-01
336 6.617920e-01 1.540000e-03 3.366680e-01
337 6.614920e-01 1.584000e-03 3.369240e-01
338 6.611840e-01 1.612000e-03 3.372040e-01
339 6.609640e-01 1.588000e-03 3.374480e-01
340 6.606520e-01 1.628000e-03 3.377200e-01
341 6.604040e-01 1.516000e-03 3.380800e-01
342 6.601720e-01 1.516000e-03 3.383120e-01
343 6.599280e-01 1.500000e-03 3.385720e-01
344 6.596840e-01 1.464000e-03 3.388520e-01
345 6.595160e-01 1.368000e-03 3.391160e-01
346 6.593280e-01 1.312000e-03 3.393600e-01
347 6.590920e-01 1.320000e-03 3.395880e-01
348 6.589520e-01 1.244000e-03 3.398040e-01
349 6.587720e-01 1.204000e-03 3.400240e-01
350 6.585440e-01 1.212000e-03 3.402440e-01
351 6.583440e-01 1.224000e-03 3.404320e-01
352 6.581400e-01 1.244000e-03 3.406160e-01
353 6.579080e-01 1.236000e-03 3.408560e-01
354 6.576600e-01 1.320000e-03 3.410200e-01
355 6.574000e-01 1.356000e-03 3.412440e-01
356 6.572200e-01 1.324000e-03 3.414560e-01
357 6.570320e-01 1.304000e-03 3.416640e-01
358 6.568000e-01 1.300000e-03 3.419000e-01
359 6.566320e-01 1.264000e-03 3.421040e-01
360 6.564920e-01 1.192000e-03 3.423160e-01
361 6.563240e-01 1.152000e-03 3.425240e-01
362 6.561160e-01 1.196000e-03 3.426880e-01
363 6.558920e-01 1.228000e-03 3.428800e-01
364 6.556520e-01 1.240000e-03 3.431080e-01
365 6.555040e-01 1.152000e-03 3.433440e-01
366 6.553120e-01 1.152000e-03 3.435360e-01
367 6.551120e-01 1.140000e-03 3.437480e-01
368 6.549120e-01 1.148000e-03 3.439400e-01
369 6.547160e-01 1.156000e-03 3.441280e-01
370 6.545160e-01 1.152000e-03 3.443320e-01
371 6.543240e-01 1.148000e-03 3.445280e-01
372 6.541120e-01 1.148000e-03 3.447400e-01
373 6.539200e-01 1.120000e-03 3.449600e-01
374 6.536920e-01 1.172000e-03 3.451360e-01
375 6.535280e-01 1.096000e-03 3.453760e-01
376 6.534480e-01 1.016000e-03 3.455360e-01
377 6.533440e-01 9.320000e-04 3.457240e-01
378 6.532080e-01 9.320000e-04 3.458600e-01
379 6.531040e-01 8.880000e-04 3.460080e-01
380 6.529920e-01 8.320000e-04 3.461760e-01
381 6.528520e-01 8.040000e-04 3.463440e-01
382 6.527680e-01 7.480000e-04 3.464840e-01
383 6.526360e-01 7.000000e-04 3.466640e-01
384 6.525040e-01 7.120000e-04 3.467840e-01
385 6.523560e-01 7.360000e-04 3.469080e-01
386 6.522160e-01 7.280000e-04 3.470560e-01
387 6.520480e-01 7.440000e-04 3.472080e-01
388 6.518920e-01 7.600000e-04 3.473480e-01
389 6.517200e-01 7.880000e-04 3.474920e-01
390 6.515000e-01 8.440000e-04 3.476560e-01
391 6.513240e-01 9.040000e-04 3.477720e-01
392 6.512120e-01 8.560000e-04 3.479320e-01
393 6.510360e-01 8.400000e-04 3.481240e-01
394 6.508440e-01 9.160000e-04 3.482400e-01
395 6.506800e-01 9.240000e-04 3.483960e-01
396 6.504720e-01 9.720000e-04 3.485560e-01
397 6.502920e-01 9.720000e-04 3.487360e-01
398 6.501040e-01 1.004000e-03 3.488920e-01
399 6.499560e-01 9.440000e-04 3.491000e-01
400 6.497800e-01 9.680000e-04 3.492520e-01
401 6.496520e-01 9.440000e-04 3.494040e-01
402 6.495680e-01 8.640000e-04 3.495680e-01
403 6.494440e-01 8.440000e-04 3.497120e-01
404 6.493280e-01 8.120000e-04 3.498600e-01
405 6.492160e-01 8.080000e-04 3.499760e-01
406 6.491280e-01 7.760000e-04 3.500960e-01
407 6.490120e-01 7.760000e-04 3.502120e-01
408 6.488600e-01 8.160000e-04 3.503240e-01
409 6.486880e-01 8.560000e-04 3.504560e-01
410 6.484920e-01 9.000000e-04 3.506080e-01
411 6.483280e-01 8.920000e-04 3.507800e-01
412 6.481360e-01 9.000000e-04 3.509640e-01
413 6.480040e-01 8.920000e-04 3.511040e-01
414 6.478440e-01 8.760000e-04 3.512800e-01
415 6.476400e-01 9.400000e-04 3.514200e-01
416 6.474880e-01 8.960000e-04 3.516160e-01
417 6.473320e-01 9.040000e-04 3.517640e-01
418 6.471840e-01 8.960000e-04 3.519200e-01
419 6.470160e-01 8.800000e-04 3.521040e-01
420 6.469040e-01 8.320000e-04 3.522640e-01
421 6.468200e-01 7.760000e-04 3.524040e-01
422 6.467560e-01 6.880000e-04 3.525560e-01
423 6.466680e-01 6.600000e-04 3.526720e-01
424 6.465800e-01 6.320000e-04 3.527880e-01
425 6.465000e-01 5.880000e-04 3.529120e-01
426 6.464080e-01 5.920000e-04 3.530000e-01
427 6.463320e-01 5.720000e-04 3.530960e-01
428 6.462840e-01 5.160000e-04 3.532000e-01
429 6.462080e-01 5.040000e-04 3.532880e-01
430 6.461520e-01 5.080000e-04 3.533400e-01
431 6.460760e-01 4.880000e-04 3.534360e-01
432 6.460200e-01 4.720000e-04 3.535080e-01
433 6.459400e-01 4.760000e-04 3.535840e-01
434 6.458600e-01 4.840000e-04 3.536560e-01
435 6.457520e-01 5.120000e-04 3.537360e-01
436 6.456800e-01 4.880000e-04 3.538320e-01
437 6.455960e-01 5.000000e-04 3.539040e-01
438 6.455000e-01 5.240000e-04 3.539760e-01
439 6.454360e-01 5.000000e-04 3.540640e-01
440 6.453880e-01 4.800000e-04 3.541320e-01
441 6.453520e-01 4.080000e-04 3.542400e-01
442 6.453080e-01 3.840000e-04 3.543080e-01
443 6.452760e-01 3.800000e-04 3.543440e-01
444 6.452320e-01 3.760000e-04 3.543920e-01
445 6.451800e-01 3.480000e-04 3.544720e-01
446 6.451280e-01 3.480000e-04 3.545240e-01
447 6.450520e-01 3.400000e-04 3.546080e-01
448 6.450200e-01 3.000000e-04 3.546800e-01
449 6.449440e-01 3.280000e-04 3.547280e-01
450 6.448640e-01 3.480000e-04 3.547880e-01
451 6.448000e-01 3.520000e-04 3.548480e-01
452 6.447160e-01 3.520000e-04 3.549320e-01
453 6.446680e-01 3.360000e-04 3.549960e-01
454 6.446040e-01 3.200000e-04 3.550760e-01
455 6.445520e-01 3.240000e-04 3.551240e-01
456 6.444880e-01 3.240000e-04 3.551880e-01
457 6.444600e-01 2.920000e-04 3.552480e-01
458 6.444200e-01 2.880000e-04 3.552920e-01
459 6.443840e-01 2.680000e-04 3.553480e-01
460 6.443400e-01 2.800000e-04 3.553800e-01
461 6.442720e-01 2.960000e-04 3.554320e-01
462 6.442240e-01 2.840000e-04 3.554920e-01
463 6.441760e-01 3.040000e-04 3.555200e-01
464 6.441160e-01 3.240000e-04 3.555600e-01
465 6.440720e-01 3.160000e-04 3.556120e-01
466 6.440080e-01 3.280000e-04 3.556640e-01
467 6.439520e-01 3.320000e-04 3.557160e-01
468 6.438800e-01 3.680000e-04 3.557520e-01
469 6.437680e-01 4.240000e-04 3.558080e-01
470 6.437080e-01 3.840000e-04 3.559080e-01
471 6.436320e-01 4.120000e-04 3.559560e-01
472 6.435680e-01 3.880000e-04 3.560440e-01
473 6.435080e-01 3.760000e-04 3.561160e-01
474 6.434840e-01 3.200000e-04 3.561960e-01
475 6.434440e-01 2.920000e-04 3.562640e-01
476 6.434000e-01 2.880000e-04 3.563120e-01
477 6.433560e-01 3.080000e-04 3.563360e-01
478 6.432960e-01 3.240000e-04 3.563800e-01
479 6.432360e-01 3.200000e-04 3.564440e-01
480 6.431960e-01 3.200000e-04 3.564840e-01
481 6.431320e-01 3.440000e-04 3.565240e-01
482 6.430600e-01 3.520000e-04 3.565880e-01
483 6.430240e-01 3.280000e-04 3.566480e-01
484 6.430000e-01 2.680000e-04 3.567320e-01
485 6.429440e-01 2.680000e-04 3.567880e-01
486 6.428600e-01 3.120000e-04 3.568280e-01
487 6.428120e-01 2.920000e-04 3.568960e-01
488 6.427440e-01 3.320000e-04 3.569240e-01
489 6.426960e-01 3.320000e-04 3.569720e-01
490 6.426280e-01 3.520000e-04 3.570200e-01
491 6.425600e-01 3.600000e-04 3.570800e-01
492 6.424880e-01 3.760000e-04 3.571360e-01
493 6.424000e-01 4.080000e-04 3.571920e-01
494 6.423240e-01 4.080000e-04 3.572680e-01
495 6.422360e-01 4.400000e-04 3.573240e-01
496 6.421280e-01 4.280000e-04 3.574440e-01
497 6.420280e-01 4.480000e-04 3.575240e-01
498 6.419520e-01 4.760000e-04 3.575720e-01
499 6.418400e-01 4.840000e-04 3.576760e-01
500 6.417360e-01 5.240000e-04 3.577400e-01
