1 9.991800e-01 6.960000e-04 1.240000e-04
2 9.986800e-01 1.068000e-03 2.520000e-04
3 9.980840e-01 1.468000e-03 4.480000e-04
4 9.972840e-01 1.940000e-03 7.760000e-04
5 9.965480e-01 2.332000e-03 1.120000e-03
6 9.958000e-01 2.680000e-03 1.520000e-03
7 9.948440e-01 3.100000e-03 2.056000e-03
8 9.938720e-01 3.484000e-03 2.644000e-03
9 9.929160e-01 3.760000e-03 3.324000e-03
10 9.918680e-01 4.104000e-03 4.028000e-03
11 9.909080e-01 4.348000e-03 4.744000e-03
12 9.898760e-01 4.592000e-03 5.532000e-03
13 9.888240e-01 4.864000e-03 6.312000e-03
14 9.876000e-01 5.244000e-03 7.156000e-03
15 9.863000e-01 5.572000e-03 8.128000e-03
16 9.850520e-01 5.840000e-03 9.108000e-03
17 9.838160e-01 6.116000e-03 1.006800e-02
18 9.825640e-01 6.316000e-03 1.112000e-02
19 9.813160e-01 6.432000e-03 1.225200e-02
20 9.798560e-01 6.616000e-03 1.352800e-02
21 9.785320e-01 6.828000e-03 1.464000e-02
22 9.771400e-01 6.980000e-03 1.588000e-02
23 9.757040e-01 7.248000e-03 1.704800e-02
24 9.742800e-01 7.340000e-03 1.838000e-02
25 9.728800e-01 7.364000e-03 1.975600e-02
26 9.713680e-01 7.608000e-03 2.102400e-02
27 9.697280e-01 7.944000e-03 2.232800e-02
28 9.683440e-01 7.912000e-03 2.374400e-02
29 9.668600e-01 8.036000e-03 2.510400e-02
30 9.654200e-01 8.140000e-03 2.644000e-02
31 9.639440e-01 8.164000e-03 2.789200e-02
32 9.624440e-01 8.236000e-03 2.932000e-02
33 9.609000e-01 8.284000e-03 3.081600e-02
34 9.593680e-01 8.372000e-03 3.226000e-02
35 9.578080e-01 8.460000e-03 3.373200e-02
36 9.562960e-01 8.612000e-03 3.509200e-02
37 9.545680e-01 8.800000e-03 3.663200e-02
38 9.528800e-01 9.080000e-03 3.804000e-02
39 9.513640e-01 9.048000e-03 3.958800e-02
40 9.497720e-01 9.004000e-03 4.122400e-02
41 9.481400e-01 9.056000e-03 4.280400e-02
42 9.466720e-01 8.880000e-03 4.444800e-02
43 9.452160e-01 8.812000e-03 4.597200e-02
44 9.437040e-01 8.772000e-03 4.752400e-02
45 9.422400e-01 8.624000e-03 4.913600e-02
46 9.408440e-01 8.588000e-03 5.056800e-02
47 9.392960e-01 8.640000e-03 5.206400e-02
48 9.379280e-01 8.548000e-03 5.352400e-02
49 9.364560e-01 8.532000e-03 5.501200e-02
50 9.350320e-01 8.468000e-03 5.650000e-02
51 9.335160e-01 8.596000e-03 5.788800e-02
52 9.318520e-01 8.760000e-03 5.938800e-02
53 9.302520e-01 8.732000e-03 6.101600e-02
54 9.285160e-01 8.924000e-03 6.256000e-02
55 9.268560e-01 8.948000e-03 6.419600e-02
56 9.250560e-01 9.108000e-03 6.583600e-02
57 9.234160e-01 9.084000e-03 6.750000e-02
58 9.216200e-01 9.284000e-03 6.909600e-02
59 9.198040e-01 9.380000e-03 7.081600e-02
60 9.182480e-01 9.304000e-03 7.244800e-02
61 9.164400e-01 9.404000e-03 7.415600e-02
62 9.147840e-01 9.268000e-03 7.594800e-02
63 9.131280e-01 9.324000e-03 7.754800e-02
64 9.113800e-01 9.404000e-03 7.921600e-02
65 9.097960e-01 9.380000e-03 8.082400e-02
66 9.079360e-01 9.632000e-03 8.243200e-02
67 9.061640e-01 9.700000e-03 8.413600e-02
68 9.044560e-01 9.756000e-03 8.578800e-02
69 9.027960e-01 9.748000e-03 8.745600e-02
70 9.010760e-01 9.696000e-03 8.922800e-02
71 8.995640e-01 9.508000e-03 9.092800e-02
72 8.980400e-01 9.440000e-03 9.252000e-02
73 8.962760e-01 9.500000e-03 9.422400e-02
74 8.945600e-01 9.412000e-03 9.602800e-02
75 8.929000e-01 9.520000e-03 9.758000e-02
76 8.911000e-01 9.724000e-03 9.917600e-02
77 8.894320e-01 9.748000e-03 1.008200e-01
78 8.876320e-01 9.780000e-03 1.025880e-01
79 8.858560e-01 9.892000e-03 1.042520e-01
80 8.842800e-01 9.688000e-03 1.060320e-01
81 8.826240e-01 9.696000e-03 1.076800e-01
82 8.810440e-01 9.472000e-03 1.094840e-01
83 8.794160e-01 9.396000e-03 1.111880e-01
84 8.777520e-01 9.492000e-03 1.127560e-01
85 8.761280e-01 9.376000e-03 1.144960e-01
86 8.745160e-01 9.368000e-03 1.161160e-01
87 8.728640e-01 9.300000e-03 1.178360e-01
88 8.710920e-01 9.492000e-03 1.194160e-01
89 8.693360e-01 9.424000e-03 1.212400e-01
90 8.674920e-01 9.592000e-03 1.229160e-01
91 8.657800e-01 9.664000e-03 1.245560e-01
92 8.641920e-01 9.644000e-03 1.261640e-01
93 8.625680e-01 9.656000e-03 1.277760e-01
94 8.607640e-01 9.884000e-03 1.293520e-01
95 8.592160e-01 9.704000e-03 1.310800e-01
96 8.574960e-01 9.728000e-03 1.327760e-01
97 8.558840e-01 9.488000e-03 1.346280e-01
98 8.541960e-01 9.548000e-03 1.362560e-01
99 8.525400e-01 9.516000e-03 1.379440e-01
100 8.508240e-01 9.584000e-03 1.395920e-01
101 8.492760e-01 9.356000e-03 1.413680e-01
102 8.476440e-01 9.440000e-03 1.429160e-01
103 8.460160e-01 9.584000e-03 1.444000e-01
104 8.444240e-01 9.524000e-03 1.460520e-01
105 8.427520e-01 9.512000e-03 1.477360e-01
106 8.412400e-01 9.348000e-03 1.494120e-01
107 8.396440e-01 9.380000e-03 1.509760e-01
108 8.380800e-01 9.256000e-03 1.526640e-01
109 8.364960e-01 9.308000e-03 1.541960e-01
110 8.348960e-01 9.240000e-03 1.558640e-01
111 8.334520e-01 9.092000e-03 1.574560e-01
112 8.318920e-01 9.108000e-03 1.590000e-01
113 8.304160e-01 8.868000e-03 1.607160e-01
114 8.287680e-01 8.964000e-03 1.622680e-01
115 8.272400e-01 9.072000e-03 1.636880e-01
116 8.256440e-01 9.156000e-03 1.652000e-01
117 8.240920e-01 9.060000e-03 1.668480e-01
118 8.225320e-01 9.040000e-03 1.684280e-01
119 8.209080e-01 9.164000e-03 1.699280e-01
120 8.193280e-01 9.088000e-03 1.715840e-01
121 8.177920e-01 9.044000e-03 1.731640e-01
122 8.164440e-01 8.820000e-03 1.747360e-01
123 8.151760e-01 8.512000e-03 1.763120e-01
124 8.137240e-01 8.476000e-03 1.778000e-01
125 8.121680e-01 8.596000e-03 1.792360e-01
126 8.107560e-01 8.576000e-03 1.806680e-01
127 8.092080e-01 8.592000e-03 1.822000e-01
128 8.077080e-01 8.560000e-03 1.837320e-01
129 8.062400e-01 8.592000e-03 1.851680e-01
130 8.047240e-01 8.692000e-03 1.865840e-01
131 8.032320e-01 8.672000e-03 1.880960e-01
132 8.017880e-01 8.588000e-03 1.896240e-01
133 8.002360e-01 8.576000e-03 1.911880e-01
134 7.989080e-01 8.500000e-03 1.925920e-01
135 7.974600e-01 8.436000e-03 1.941040e-01
136 7.959800e-01 8.480000e-03 1.955400e-01
137 7.946000e-01 8.396000e-03 1.970040e-01
138 7.932840e-01 8.348000e-03 1.983680e-01
139 7.918960e-01 8.196000e-03 1.999080e-01
140 7.906040e-01 7.968000e-03 2.014280e-01
141 7.891680e-01 7.960000e-03 2.028720e-01
142 7.877560e-01 7.920000e-03 2.043240e-01
143 7.864240e-01 7.884000e-03 2.056920e-01
144 7.849640e-01 7.968000e-03 2.070680e-01
145 7.835560e-01 7.948000e-03 2.084960e-01
146 7.822840e-01 7.852000e-03 2.098640e-01
147 7.811160e-01 7.632000e-03 2.112520e-01
148 7.798800e-01 7.552000e-03 2.125680e-01
149 7.787320e-01 7.340000e-03 2.139280e-01
150 7.774800e-01 7.416000e-03 2.151040e-01
151 7.762880e-01 7.408000e-03 2.163040e-01
152 7.749840e-01 7.516000e-03 2.175000e-01
153 7.736920e-01 7.488000e-03 2.188200e-01
154 7.723760e-01 7.404000e-03 2.202200e-01
155 7.711720e-01 7.352000e-03 2.214760e-01
156 7.698320e-01 7.652000e-03 2.225160e-01
157 7.684960e-01 7.604000e-03 2.239000e-01
158 7.672840e-01 7.412000e-03 2.253040e-01
159 7.658840e-01 7.608000e-03 2.265080e-01
160 7.645640e-01 7.512000e-03 2.279240e-01
161 7.633040e-01 7.448000e-03 2.292480e-01
162 7.620920e-01 7.316000e-03 2.305920e-01
163 7.608760e-01 7.288000e-03 2.318360e-01
164 7.597480e-01 6.952000e-03 2.333000e-01
165 7.587160e-01 6.820000e-03 2.344640e-01
166 7.575960e-01 6.828000e-03 2.355760e-01
167 7.564840e-01 6.840000e-03 2.366760e-01
168 7.552760e-01 6.936000e-03 2.377880e-01
169 7.541080e-01 6.904000e-03 2.389880e-01
170 7.527560e-01 6.996000e-03 2.402480e-01
171 7.516120e-01 6.828000e-03 2.415600e-01
172 7.503920e-01 6.924000e-03 2.426840e-01
173 7.491680e-01 6.952000e-03 2.438800e-01
174 7.480240e-01 6.932000e-03 2.450440e-01
175 7.465880e-01 7.168000e-03 2.462440e-01
176 7.452560e-01 7.148000e-03 2.475960e-01
177 7.440920e-01 7.104000e-03 2.488040e-01
178 7.428960e-01 6.972000e-03 2.501320e-01
179 7.416680e-01 7.000000e-03 2.513320e-01
180 7.405960e-01 6.864000e-03 2.525400e-01
181 7.394800e-01 6.796000e-03 2.537240e-01
182 7.383840e-01 6.672000e-03 2.549440e-01
183 7.372080e-01 6.620000e-03 2.561720e-01
184 7.361240e-01 6.548000e-03 2.573280e-01
185 7.350880e-01 6.396000e-03 2.585160e-01
186 7.340960e-01 6.344000e-03 2.595600e-01
187 7.330480e-01 6.260000e-03 2.606920e-01
188 7.317920e-01 6.388000e-03 2.618200e-01
189 7.306600e-01 6.384000e-03 2.629560e-01
190 7.296400e-01 6.232000e-03 2.641280e-01
191 7.284200e-01 6.404000e-03 2.651760e-01
192 7.273000e-01 6.372000e-03 2.663280e-01
193 7.262400e-01 6.424000e-03 2.673360e-01
194 7.250480e-01 6.596000e-03 2.683560e-01
195 7.237160e-01 6.688000e-03 2.695960e-01
196 7.226040e-01 6.656000e-03 2.707400e-01
197 7.214040e-01 6.644000e-03 2.719520e-01
198 7.202000e-01 6.756000e-03 2.730440e-01
199 7.188360e-01 7.012000e-03 2.741520e-01
200 7.174680e-01 7.116000e-03 2.754160e-01
201 7.162400e-01 6.992000e-03 2.767680e-01
202 7.151000e-01 6.864000e-03 2.780360e-01
203 7.139200e-01 6.940000e-03 2.791400e-01
204 7.126840e-01 7.000000e-03 2.803160e-01
205 7.115200e-01 6.976000e-03 2.815040e-01
206 7.103280e-01 6.880000e-03 2.827920e-01
207 7.092600e-01 6.776000e-03 2.839640e-01
208 7.081680e-01 6.700000e-03 2.851320e-01
209 7.072360e-01 6.548000e-03 2.862160e-01
210 7.061800e-01 6.428000e-03 2.873920e-01
211 7.050200e-01 6.404000e-03 2.885760e-01
212 7.039720e-01 6.376000e-03 2.896520e-01
213 7.029880e-01 6.300000e-03 2.907120e-01
214 7.019760e-01 6.280000e-03 2.917440e-01
215 7.008800e-01 6.244000e-03 2.928760e-01
216 6.997440e-01 6.404000e-03 2.938520e-01
217 6.985920e-01 6.528000e-03 2.948800e-01
218 6.975280e-01 6.388000e-03 2.960840e-01
219 6.963920e-01 6.488000e-03 2.971200e-01
220 6.953560e-01 6.216000e-03 2.984280e-01
221 6.942480e-01 6.192000e-03 2.995600e-01
222 6.931920e-01 6.168000e-03 3.006400e-01
223 6.919520e-01 6.428000e-03 3.016200e-01
224 6.908960e-01 6.404000e-03 3.027000e-01
225 6.898120e-01 6.320000e-03 3.038680e-01
226 6.889200e-01 6.064000e-03 3.050160e-01
227 6.879360e-01 5.940000e-03 3.061240e-01
228 6.869760e-01 5.904000e-03 3.071200e-01
229 6.859160e-01 5.912000e-03 3.081720e-01
230 6.849840e-01 5.792000e-03 3.092240e-01
231 6.841240e-01 5.668000e-03 3.102080e-01
232 6.831520e-01 5.704000e-03 3.111440e-01
233 6.821880e-01 5.668000e-03 3.121440e-01
234 6.811960e-01 5.768000e-03 3.130360e-01
235 6.801440e-01 5.716000e-03 3.141400e-01
236 6.791200e-01 5.688000e-03 3.151920e-01
237 6.781040e-01 5.728000e-03 3.161680e-01
238 6.770600e-01 5.740000e-03 3.172000e-01
239 6.759640e-01 5.736000e-03 3.183000e-01
240 6.748360e-01 5.892000e-03 3.192720e-01
241 6.736080e-01 6.136000e-03 3.202560e-01
242 6.724640e-01 6.144000e-03 3.213920e-01
243 6.712120e-01 6.324000e-03 3.224640e-01
244 6.700320e-01 6.456000e-03 3.235120e-01
245 6.689000e-01 6.472000e-03 3.246280e-01
246 6.677320e-01 6.456000e-03 3.258120e-01
247 6.666960e-01 6.408000e-03 3.268960e-01
248 6.655160e-01 6.512000e-03 3.279720e-01
249 6.644000e-01 6.416000e-03 3.291840e-01
250 6.631320e-01 6.496000e-03 3.303720e-01
251 6.621400e-01 6.376000e-03 3.314840e-01
252 6.610360e-01 6.356000e-03 3.326080e-01
253 6.599520e-01 6.504000e-03 3.335440e-01
254 6.588200e-01 6.440000e-03 3.347400e-01
255 6.578080e-01 6.376000e-03 3.358160e-01
256 6.567800e-01 6.292000e-03 3.369280e-01
257 6.556840e-01 6.332000e-03 3.379840e-01
258 6.546280e-01 6.316000e-03 3.390560e-01
259 6.536480e-01 6.156000e-03 3.401960e-01
260 6.527200e-01 5.992000e-03 3.412880e-01
261 6.517720e-01 6.028000e-03 3.422000e-01
262 6.507880e-01 5.924000e-03 3.432880e-01
263 6.497240e-01 6.000000e-03 3.442760e-01
264 6.487480e-01 5.956000e-03 3.452960e-01
265 6.477760e-01 5.708000e-03 3.465160e-01
266 6.468760e-01 5.620000e-03 3.475040e-01
267 6.459080e-01 5.604000e-03 3.484880e-01
268 6.449320e-01 5.616000e-03 3.494520e-01
269 6.439080e-01 5.600000e-03 3.504920e-01
270 6.429440e-01 5.572000e-03 3.514840e-01
271 6.420360e-01 5.488000e-03 3.524760e-01
272 6.411560e-01 5.492000e-03 3.533520e-01
273 6.402480e-01 5.516000e-03 3.542360e-01
274 6.392600e-01 5.532000e-03 3.552080e-01
275 6.384080e-01 5.444000e-03 3.561480e-01
276 6.374880e-01 5.436000e-03 3.570760e-01
277 6.364960e-01 5.640000e-03 3.578640e-01
278 6.355320e-01 5.644000e-03 3.588240e-01
279 6.346760e-01 5.512000e-03 3.598120e-01
280 6.337960e-01 5.380000e-03 3.608240e-01
281 6.329760e-01 5.260000e-03 3.617640e-01
282 6.322800e-01 5.104000e-03 3.626160e-01
283 6.314800e-01 5.036000e-03 3.634840e-01
284 6.307200e-01 4.948000e-03 3.643320e-01
285 6.300840e-01 4.692000e-03 3.652240e-01
286 6.292920e-01 4.688000e-03 3.660200e-01
287 6.285760e-01 4.572000e-03 3.668520e-01
288 6.278560e-01 4.484000e-03 3.676600e-01
289 6.271280e-01 4.520000e-03 3.683520e-01
290 6.264040e-01 4.456000e-03 3.691400e-01
291 6.256560e-01 4.468000e-03 3.698760e-01
292 6.250560e-01 4.316000e-03 3.706280e-01
293 6.244200e-01 4.124000e-03 3.714560e-01
294 6.237880e-01 4.040000e-03 3.721720e-01
295 6.231640e-01 3.920000e-03 3.729160e-01
296 6.225840e-01 3.824000e-03 3.735920e-01
297 6.218840e-01 3.880000e-03 3.742360e-01
298 6.211640e-01 3.912000e-03 3.749240e-01
299 6.205440e-01 3.944000e-03 3.755120e-01
300 6.200240e-01 3.744000e-03 3.762320e-01
301 6.193200e-01 3.792000e-03 3.768880e-01
302 6.185560e-01 3.860000e-03 3.775840e-01
303 6.178920e-01 3.860000e-03 3.782480e-01
304 6.172240e-01 3.872000e-03 3.789040e-01
305 6.165520e-01 3.876000e-03 3.795720e-01
306 6.159160e-01 3.784000e-03 3.803000e-01
307 6.152920e-01 3.752000e-03 3.809560e-01
308 6.146600e-01 3.712000e-03 3.816280e-01
309 6.140160e-01 3.712000e-03 3.822720e-01
310 6.133200e-01 3.812000e-03 3.828680e-01
311 6.126800e-01 3.808000e-03 3.835120e-01
312 6.119120e-01 3.952000e-03 3.841360e-01
313 6.111400e-01 4.012000e-03 3.848480e-01
314 6.105720e-01 3.744000e-03 3.856840e-01
315 6.098000e-01 3.828000e-03 3.863720e-01
316 6.091520e-01 3.824000e-03 3.870240e-01
317 6.085000e-01 3.828000e-03 3.876720e-01
318 6.079240e-01 3.756000e-03 3.883200e-01
319 6.072600e-01 3.772000e-03 3.889680e-01
320 6.065640e-01 3.800000e-03 3.896360e-01
321 6.058960e-01 3.788000e-03 3.903160e-01
322 6.051360e-01 3.856000e-03 3.910080e-01
323 6.045400e-01 3.788000e-03 3.916720e-01
324 6.038480e-01 3.812000e-03 3.923400e-01
325 6.032160e-01 3.800000e-03 3.929840e-01
326 6.026080e-01 3.728000e-03 3.936640e-01
327 6.019520e-01 3.704000e-03 3.943440e-01
328 6.013320e-01 3.624000e-03 3.950440e-01
329 6.006880e-01 3.712000e-03 3.956000e-01
330 6.001240e-01 3.568000e-03 3.963080e-01
331 5.995520e-01 3.536000e-03 3.969120e-01
332 5.989760e-01 3.472000e-03 3.975520e-01
333 5.984760e-01 3.352000e-03 3.981720e-01
334 5.979440e-01 3.284000e-03 3.987720e-01
335 5.974320e-01 3.236000e-03 3.993320e-01
336 5.968880e-01 3.228000e-03 3.998840e-01
337 5.962760e-01 3.236000e-03 4.004880e-01
338 5.957040e-01 3.232000e-03 4.010640e-01
339 5.950120e-01 3.320000e-03 4.016680e-01
340 5.944800e-01 3.404000e-03 4.021160e-01
341 5.939000e-01 3.304000e-03 4.027960e-01
342 5.933440e-01 3.268000e-03 4.033880e-01
343 5.927880e-01 3.308000e-03 4.039040e-01
344 5.922680e-01 3.272000e-03 4.044600e-01
345 5.917600e-01 3.212000e-03 4.050280e-01
346 5.912600e-01 3.124000e-03 4.056160e-01
347 5.907040e-01 3.092000e-03 4.062040e-01
348 5.901480e-01 3.052000e-03 4.068000e-01
349 5.896560e-01 3.088000e-03 4.072560e-01
350 5.891440e-01 3.088000e-03 4.077680e-01
351 5.887200e-01 2.944000e-03 4.083360e-01
352 5.882120e-01 2.980000e-03 4.088080e-01
353 5.876960e-01 2.980000e-03 4.093240e-01
354 5.872280e-01 2.916000e-03 4.098560e-01
355 5.867600e-01 2.868000e-03 4.103720e-01
356 5.863000e-01 2.856000e-03 4.108440e-01
357 5.858800e-01 2.808000e-03 4.113120e-01
358 5.854520e-01 2.756000e-03 4.117920e-01
359 5.850160e-01 2.728000e-03 4.122560e-01
360 5.846440e-01 2.624000e-03 4.127320e-01
361 5.842960e-01 2.540000e-03 4.131640e-01
362 5.838760e-01 2.536000e-03 4.135880e-01
363 5.834920e-01 2.464000e-03 4.140440e-01
364 5.831000e-01 2.388000e-03 4.145120e-01
365 5.827960e-01 2.292000e-03 4.149120e-01
366 5.824320e-01 2.256000e-03 4.153120e-01
367 5.820840e-01 2.304000e-03 4.156120e-01
368 5.817200e-01 2.276000e-03 4.160040e-01
369 5.813360e-01 2.252000e-03 4.164120e-01
370 5.809840e-01 2.264000e-03 4.167520e-01
371 5.805920e-01 2.284000e-03 4.171240e-01
372 5.802560e-01 2.204000e-03 4.175400e-01
373 5.799840e-01 2.084000e-03 4.179320e-01
374 5.797080e-01 1.996000e-03 4.182960e-01
375 5.794560e-01 1.948000e-03 4.185960e-01
376 5.792120e-01 1.868000e-03 4.189200e-01
377 5.789280e-01 1.860000e-03 4.192120e-01
378 5.786080e-01 1.820000e-03 4.195720e-01
379 5.782480e-01 1.844000e-03 4.199080e-01
380 5.778800e-01 1.836000e-03 4.202840e-01
381 5.775000e-01 1.872000e-03 4.206280e-01
382 5.771840e-01 1.876000e-03 4.209400e-01
383 5.768680e-01 1.844000e-03 4.212880e-01
384 5.765240e-01 1.836000e-03 4.216400e-01
385 5.761800e-01 1.848000e-03 4.219720e-01
386 5.757720e-01 1.928000e-03 4.223000e-01
387 5.754680e-01 1.912000e-03 4.226200e-01
388 5.751320e-01 1.988000e-03 4.228800e-01
389 5.747440e-01 2.024000e-03 4.232320e-01
390 5.743560e-01 2.084000e-03 4.235600e-01
391 5.740120e-01 2.092000e-03 4.238960e-01
392 5.736320e-01 2.136000e-03 4.242320e-01
393 5.732480e-01 2.108000e-03 4.246440e-01
394 5.728920e-01 2.068000e-03 4.250400e-01
395 5.724640e-01 2.116000e-03 4.254200e-01
396 5.721320e-01 2.060000e-03 4.258080e-01
397 5.718640e-01 2.016000e-03 4.261200e-01
398 5.715320e-01 1.980000e-03 4.264880e-01
399 5.711520e-01 2.008000e-03 4.268400e-01
400 5.708280e-01 1.952000e-03 4.272200e-01
401 5.704880e-01 1.948000e-03 4.275640e-01
402 5.701080e-01 1.964000e-03 4.279280e-01
403 5.698000e-01 1.924000e-03 4.282760e-01
404 5.694400e-01 1.932000e-03 4.286280e-01
405 5.691200e-01 1.956000e-03 4.289240e-01
406 5.687920e-01 1.912000e-03 4.292960e-01
407 5.685120e-01 1.896000e-03 4.295920e-01
408 5.681600e-01 1.936000e-03 4.299040e-01
409 5.678200e-01 1.924000e-03 4.302560e-01
410 5.674760e-01 1.924000e-03 4.306000e-01
411 5.671640e-01 1.924000e-03 4.309120e-01
412 5.668760e-01 1.816000e-03 4.313080e-01
413 5.666520e-01 1.740000e-03 4.316080e-01
414 5.663360e-01 1.788000e-03 4.318760e-01
415 5.659960e-01 1.760000e-03 4.322440e-01
416 5.656720e-01 1.784000e-03 4.325440e-01
417 5.653920e-01 1.748000e-03 4.328600e-01
418 5.650280e-01 1.844000e-03 4.331280e-01
419 5.647200e-01 1.836000e-03 4.334440e-01
420 5.643560e-01 1.916000e-03 4.337280e-01
421 5.640760e-01 1.896000e-03 4.340280e-01
422 5.638000e-01 1.804000e-03 4.343960e-01
423 5.634880e-01 1.732000e-03 4.347800e-01
424 5.631680e-01 1.812000e-03 4.350200e-01
425 5.628320e-01 1.828000e-03 4.353400e-01
426 5.625040e-01 1.828000e-03 4.356680e-01
427 5.622640e-01 1.752000e-03 4.359840e-01
428 5.619720e-01 1.796000e-03 4.362320e-01
429 5.615720e-01 1.884000e-03 4.365440e-01
430 5.611800e-01 1.940000e-03 4.368800e-01
431 5.608520e-01 1.932000e-03 4.372160e-01
432 5.604680e-01 1.976000e-03 4.375560e-01
433 5.601080e-01 1.988000e-03 4.379040e-01
434 5.596960e-01 2.056000e-03 4.382480e-01
435 5.593440e-01 2.084000e-03 4.385720e-01
436 5.589880e-01 2.064000e-03 4.389480e-01
437 5.586560e-01 1.968000e-03 4.393760e-01
438 5.582840e-01 1.956000e-03 4.397600e-01
439 5.579760e-01 1.852000e-03 4.401720e-01
440 5.576840e-01 1.828000e-03 4.404880e-01
441 5.573800e-01 1.772000e-03 4.408480e-01
442 5.571080e-01 1.752000e-03 4.411400e-01
443 5.567840e-01 1.784000e-03 4.414320e-01
444 5.564400e-01 1.820000e-03 4.417400e-01
445 5.561280e-01 1.748000e-03 4.421240e-01
446 5.558920e-01 1.664000e-03 4.424440e-01
447 5.556720e-01 1.580000e-03 4.427480e-01
448 5.554880e-01 1.448000e-03 4.430640e-01
449 5.552240e-01 1.488000e-03 4.432880e-01
450 5.548880e-01 1.560000e-03 4.435520e-01
451 5.546320e-01 1.512000e-03 4.438560e-01
452 5.543240e-01 1.588000e-03 4.440880e-01
453 5.540320e-01 1.660000e-03 4.443080e-01
454 5.537640e-01 1.624000e-03 4.446120e-01
455 5.535480e-01 1.544000e-03 4.449080e-01
456 5.533240e-01 1.512000e-03 4.451640e-01
457 5.531080e-01 1.468000e-03 4.454240e-01
458 5.528920e-01 1.384000e-03 4.457240e-01
459 5.527080e-01 1.280000e-03 4.460120e-01
460 5.525120e-01 1.240000e-03 4.462480e-01
461 5.523280e-01 1.240000e-03 4.464320e-01
462 5.521640e-01 1.184000e-03 4.466520e-01
463 5.519920e-01 1.164000e-03 4.468440e-01
464 5.518800e-01 1.040000e-03 4.470800e-01
465 5.517040e-01 1.072000e-03 4.472240e-01
466 5.515600e-01 1.060000e-03 4.473800e-01
467 5.513680e-01 1.080000e-03 4.475520e-01
468 5.511960e-01 1.104000e-03 4.477000e-01
469 5.510240e-01 1.044000e-03 4.479320e-01
470 5.507960e-01 1.072000e-03 4.481320e-01
471 5.506360e-01 1.016000e-03 4.483480e-01
472 5.504960e-01 9.480000e-04 4.485560e-01
473 5.502720e-01 9.640000e-04 4.487640e-01
474 5.500880e-01 9.680000e-04 4.489440e-01
475 5.499760e-01 9.440000e-04 4.490800e-01
476 5.498200e-01 9.240000e-04 4.492560e-01
477 5.497000e-01 8.960000e-04 4.494040e-01
478 5.495600e-01 8.600000e-04 4.495800e-01
479 5.494400e-01 8.520000e-04 4.497080e-01
480 5.493160e-01 8.520000e-04 4.498320e-01
481 5.491760e-01 8.720000e-04 4.499520e-01
482 5.490480e-01 8.840000e-04 4.500680e-01
483 5.488920e-01 8.440000e-04 4.502640e-01
484 5.487920e-01 8.040000e-04 4.504040e-01
485 5.486480e-01 8.360000e-04 4.505160e-01
486 5.484960e-01 9.080000e-04 4.505960e-01
487 5.483880e-01 8.600000e-04 4.507520e-01
488 5.482560e-01 8.280000e-04 4.509160e-01
489 5.481040e-01 9.080000e-04 4.509880e-01
490 5.479560e-01 9.120000e-04 4.511320e-01
491 5.478280e-01 8.920000e-04 4.512800e-01
492 5.477360e-01 8.160000e-04 4.514480e-01
493 5.476000e-01 7.880000e-04 4.516120e-01
494 5.474560e-01 7.480000e-04 4.517960e-01
495 5.473440e-01 7.200000e-04 4.519360e-01
496 5.472400e-01 6.880000e-04 4.520720e-01
497 5.471280e-01 6.800000e-04 4.521920e-01
498 5.470040e-01 7.120000e-04 4.522840e-01
499 5.468920e-01 7.240000e-04 4.523840e-01
500 5.467960e-01 6.760000e-04 4.525280e-01
