1 9.993400e-01 5.560000e-04 1.040000e-04
2 9.989480e-01 7.920000e-04 2.600000e-04
3 9.984680e-01 1.080000e-03 4.520000e-04
4 9.979160e-01 1.432000e-03 6.520000e-04
5 9.973120e-01 1.732000e-03 9.560000e-04
6 9.966800e-01 2.020000e-03 1.300000e-03
7 9.960240e-01 2.332000e-03 1.644000e-03
8 9.953120e-01 2.584000e-03 2.104000e-03
9 9.947000e-01 2.688000e-03 2.612000e-03
10 9.939080e-01 3.024000e-03 3.068000e-03
11 9.931400e-01 3.240000e-03 3.620000e-03
12 9.922120e-01 3.572000e-03 4.216000e-03
13 9.912400e-01 3.936000e-03 4.824000e-03
14 9.902800e-01 4.172000e-03 5.548000e-03
15 9.893320e-01 4.392000e-03 6.276000e-03
16 9.883880e-01 4.524000e-03 7.088000e-03
17 9.874440e-01 4.712000e-03 7.844000e-03
18 9.864880e-01 4.868000e-03 8.644000e-03
19 9.853640e-01 5.116000e-03 9.520000e-03
20 9.842400e-01 5.252000e-03 1.050800e-02
21 9.831800e-01 5.352000e-03 1.146800e-02
22 9.819840e-01 5.624000e-03 1.239200e-02
23 9.807880e-01 5.800000e-03 1.341200e-02
24 9.796280e-01 6.056000e-03 1.431600e-02
25 9.784800e-01 6.204000e-03 1.531600e-02
26 9.773080e-01 6.280000e-03 1.641200e-02
27 9.761240e-01 6.396000e-03 1.748000e-02
28 9.748840e-01 6.532000e-03 1.858400e-02
29 9.735520e-01 6.652000e-03 1.979600e-02
30 9.723400e-01 6.724000e-03 2.093600e-02
31 9.709200e-01 7.028000e-03 2.205200e-02
32 9.695760e-01 7.104000e-03 2.332000e-02
33 9.683040e-01 7.232000e-03 2.446400e-02
34 9.670280e-01 7.252000e-03 2.572000e-02
35 9.657560e-01 7.216000e-03 2.702800e-02
36 9.645800e-01 7.064000e-03 2.835600e-02
37 9.633600e-01 7.032000e-03 2.960800e-02
38 9.621400e-01 7.132000e-03 3.072800e-02
39 9.608040e-01 7.200000e-03 3.199600e-02
40 9.595280e-01 7.224000e-03 3.324800e-02
41 9.580840e-01 7.380000e-03 3.453600e-02
42 9.568200e-01 7.428000e-03 3.575200e-02
43 9.555400e-01 7.472000e-03 3.698800e-02
44 9.542240e-01 7.352000e-03 3.842400e-02
45 9.531160e-01 7.236000e-03 3.964800e-02
46 9.517240e-01 7.200000e-03 4.107600e-02
47 9.503640e-01 7.264000e-03 4.237200e-02
48 9.490720e-01 7.236000e-03 4.369200e-02
49 9.477520e-01 7.256000e-03 4.499200e-02
50 9.466040e-01 7.120000e-03 4.627600e-02
51 9.454200e-01 7.000000e-03 4.758000e-02
52 9.441800e-01 7.064000e-03 4.875600e-02
53 9.429880e-01 7.012000e-03 5.000000e-02
54 9.416880e-01 7.036000e-03 5.127600e-02
55 9.404080e-01 6.924000e-03 5.266800e-02
56 9.392840e-01 6.900000e-03 5.381600e-02
57 9.382200e-01 6.820000e-03 5.496000e-02
58 9.368920e-01 6.952000e-03 5.615600e-02
59 9.354920e-01 7.052000e-03 5.745600e-02
60 9.342600e-01 7.000000e-03 5.874000e-02
61 9.329120e-01 7.120000e-03 5.996800e-02
62 9.315600e-01 7.120000e-03 6.132000e-02
63 9.302080e-01 7.280000e-03 6.251200e-02
64 9.289320e-01 7.384000e-03 6.368400e-02
65 9.275800e-01 7.404000e-03 6.501600e-02
66 9.262920e-01 7.348000e-03 6.636000e-02
67 9.248440e-01 7.460000e-03 6.769600e-02
68 9.234160e-01 7.616000e-03 6.896800e-02
69 9.218720e-01 7.832000e-03 7.029600e-02
70 9.203480e-01 7.924000e-03 7.172800e-02
71 9.187280e-01 8.128000e-03 7.314400e-02
72 9.171760e-01 8.272000e-03 7.455200e-02
73 9.156680e-01 8.424000e-03 7.590800e-02
74 9.140840e-01 8.468000e-03 7.744800e-02
75 9.126400e-01 8.432000e-03 7.892800e-02
76 9.111480e-01 8.472000e-03 8.038000e-02
77 9.095640e-01 8.656000e-03 8.178000e-02
78 9.078840e-01 8.848000e-03 8.326800e-02
79 9.063480e-01 8.800000e-03 8.485200e-02
80 9.047480e-01 8.840000e-03 8.641200e-02
81 9.031720e-01 8.816000e-03 8.801200e-02
82 9.015760e-01 8.956000e-03 8.946800e-02
83 9.000120e-01 8.932000e-03 9.105600e-02
84 8.984360e-01 8.932000e-03 9.263200e-02
85 8.969800e-01 8.748000e-03 9.427200e-02
86 8.955480e-01 8.748000e-03 9.570400e-02
87 8.941320e-01 8.712000e-03 9.715600e-02
88 8.927720e-01 8.632000e-03 9.859600e-02
89 8.912640e-01 8.628000e-03 1.001080e-01
90 8.897200e-01 8.692000e-03 1.015880e-01
91 8.882520e-01 8.640000e-03 1.031080e-01
92 8.868320e-01 8.668000e-03 1.045000e-01
93 8.853800e-01 8.568000e-03 1.060520e-01
94 8.837760e-01 8.744000e-03 1.074800e-01
95 8.823440e-01 8.708000e-03 1.089480e-01
96 8.808880e-01 8.604000e-03 1.105080e-01
97 8.795040e-01 8.528000e-03 1.119680e-01
98 8.779840e-01 8.552000e-03 1.134640e-01
99 8.764480e-01 8.708000e-03 1.148440e-01
100 8.749520e-01 8.700000e-03 1.163480e-01
101 8.734720e-01 8.644000e-03 1.178840e-01
102 8.719920e-01 8.576000e-03 1.194320e-01
103 8.704400e-01 8.708000e-03 1.208520e-01
104 8.689560e-01 8.648000e-03 1.223960e-01
105 8.674320e-01 8.736000e-03 1.238320e-01
106 8.659560e-01 8.616000e-03 1.254280e-01
107 8.645120e-01 8.540000e-03 1.269480e-01
108 8.631000e-01 8.432000e-03 1.284680e-01
109 8.617680e-01 8.384000e-03 1.298480e-01
110 8.603080e-01 8.420000e-03 1.312720e-01
111 8.590160e-01 8.232000e-03 1.327520e-01
112 8.577480e-01 8.088000e-03 1.341640e-01
113 8.563840e-01 7.940000e-03 1.356760e-01
114 8.549640e-01 7.928000e-03 1.371080e-01
115 8.536840e-01 7.808000e-03 1.385080e-01
116 8.522600e-01 7.812000e-03 1.399280e-01
117 8.509600e-01 7.660000e-03 1.413800e-01
118 8.496920e-01 7.528000e-03 1.427800e-01
119 8.484560e-01 7.444000e-03 1.441000e-01
120 8.473400e-01 7.216000e-03 1.454440e-01
121 8.462480e-01 7.096000e-03 1.466560e-01
122 8.451000e-01 6.872000e-03 1.480280e-01
123 8.438960e-01 6.892000e-03 1.492120e-01
124 8.426560e-01 6.912000e-03 1.504320e-01
125 8.415000e-01 6.844000e-03 1.516560e-01
126 8.402840e-01 6.820000e-03 1.528960e-01
127 8.389880e-01 6.984000e-03 1.540280e-01
128 8.376760e-01 7.116000e-03 1.552080e-01
129 8.364760e-01 7.076000e-03 1.564480e-01
130 8.352160e-01 7.128000e-03 1.576560e-01
131 8.339160e-01 7.068000e-03 1.590160e-01
132 8.328000e-01 6.872000e-03 1.603280e-01
133 8.316240e-01 6.872000e-03 1.615040e-01
134 8.304680e-01 6.808000e-03 1.627240e-01
135 8.293120e-01 6.768000e-03 1.639200e-01
136 8.280480e-01 6.880000e-03 1.650720e-01
137 8.269320e-01 6.776000e-03 1.662920e-01
138 8.257840e-01 6.732000e-03 1.674840e-01
139 8.246600e-01 6.748000e-03 1.685920e-01
140 8.235800e-01 6.776000e-03 1.696440e-01
141 8.224000e-01 6.820000e-03 1.707800e-01
142 8.211520e-01 6.856000e-03 1.719920e-01
143 8.198880e-01 6.940000e-03 1.731720e-01
144 8.187080e-01 6.936000e-03 1.743560e-01
145 8.175560e-01 6.956000e-03 1.754880e-01
146 8.165400e-01 6.828000e-03 1.766320e-01
147 8.154720e-01 6.600000e-03 1.779280e-01
148 8.144280e-01 6.552000e-03 1.790200e-01
149 8.133680e-01 6.480000e-03 1.801520e-01
150 8.123200e-01 6.396000e-03 1.812840e-01
151 8.112760e-01 6.380000e-03 1.823440e-01
152 8.102600e-01 6.272000e-03 1.834680e-01
153 8.092640e-01 6.136000e-03 1.846000e-01
154 8.083080e-01 6.072000e-03 1.856200e-01
155 8.073680e-01 6.032000e-03 1.866000e-01
156 8.064840e-01 5.820000e-03 1.876960e-01
157 8.055840e-01 5.752000e-03 1.886640e-01
158 8.046960e-01 5.648000e-03 1.896560e-01
159 8.037080e-01 5.640000e-03 1.906520e-01
160 8.028120e-01 5.556000e-03 1.916320e-01
161 8.019880e-01 5.416000e-03 1.925960e-01
162 8.012000e-01 5.168000e-03 1.936320e-01
163 8.004640e-01 5.008000e-03 1.945280e-01
164 7.996680e-01 4.876000e-03 1.954560e-01
165 7.989680e-01 4.644000e-03 1.963880e-01
166 7.982160e-01 4.596000e-03 1.971880e-01
167 7.975160e-01 4.488000e-03 1.979960e-01
168 7.968440e-01 4.404000e-03 1.987520e-01
169 7.960640e-01 4.504000e-03 1.994320e-01
170 7.952880e-01 4.472000e-03 2.002400e-01
171 7.944800e-01 4.464000e-03 2.010560e-01
172 7.937280e-01 4.464000e-03 2.018080e-01
173 7.929360e-01 4.616000e-03 2.024480e-01
174 7.920800e-01 4.608000e-03 2.033120e-01
175 7.912880e-01 4.672000e-03 2.040400e-01
176 7.904800e-01 4.688000e-03 2.048320e-01
177 7.896440e-01 4.636000e-03 2.057200e-01
178 7.887400e-01 4.696000e-03 2.065640e-01
179 7.878920e-01 4.728000e-03 2.073800e-01
180 7.870880e-01 4.684000e-03 2.082280e-01
181 7.862520e-01 4.736000e-03 2.090120e-01
182 7.854040e-01 4.780000e-03 2.098160e-01
183 7.847120e-01 4.708000e-03 2.105800e-01
184 7.839360e-01 4.676000e-03 2.113880e-01
185 7.832040e-01 4.504000e-03 2.122920e-01
186 7.825720e-01 4.328000e-03 2.131000e-01
187 7.818960e-01 4.296000e-03 2.138080e-01
188 7.812120e-01 4.264000e-03 2.145240e-01
189 7.806320e-01 4.172000e-03 2.151960e-01
190 7.799440e-01 4.108000e-03 2.159480e-01
191 7.793200e-01 4.028000e-03 2.166520e-01
192 7.786760e-01 3.964000e-03 2.173600e-01
193 7.779800e-01 3.956000e-03 2.180640e-01
194 7.773600e-01 3.832000e-03 2.188080e-01
195 7.767800e-01 3.772000e-03 2.194480e-01
196 7.760880e-01 3.876000e-03 2.200360e-01
197 7.753480e-01 3.836000e-03 2.208160e-01
198 7.747640e-01 3.768000e-03 2.214680e-01
199 7.741520e-01 3.552000e-03 2.222960e-01
200 7.735560e-01 3.572000e-03 2.228720e-01
201 7.729120e-01 3.608000e-03 2.234800e-01
202 7.721440e-01 3.712000e-03 2.241440e-01
203 7.715040e-01 3.684000e-03 2.248120e-01
204 7.708320e-01 3.636000e-03 2.255320e-01
205 7.701720e-01 3.704000e-03 2.261240e-01
206 7.694320e-01 3.860000e-03 2.267080e-01
207 7.687880e-01 3.820000e-03 2.273920e-01
208 7.680520e-01 3.796000e-03 2.281520e-01
209 7.675200e-01 3.680000e-03 2.288000e-01
210 7.669440e-01 3.604000e-03 2.294520e-01
211 7.663880e-01 3.564000e-03 2.300480e-01
212 7.657400e-01 3.676000e-03 2.305840e-01
213 7.650760e-01 3.736000e-03 2.311880e-01
214 7.644240e-01 3.736000e-03 2.318400e-01
215 7.637480e-01 3.788000e-03 2.324640e-01
216 7.632040e-01 3.608000e-03 2.331880e-01
217 7.625920e-01 3.700000e-03 2.337080e-01
218 7.619800e-01 3.652000e-03 2.343680e-01
219 7.613120e-01 3.736000e-03 2.349520e-01
220 7.607480e-01 3.604000e-03 2.356480e-01
221 7.601560e-01 3.604000e-03 2.362400e-01
222 7.595000e-01 3.640000e-03 2.368600e-01
223 7.589160e-01 3.616000e-03 2.374680e-01
224 7.583280e-01 3.600000e-03 2.380720e-01
225 7.578000e-01 3.480000e-03 2.387200e-01
226 7.572080e-01 3.428000e-03 2.393640e-01
227 7.565760e-01 3.436000e-03 2.399880e-01
228 7.559720e-01 3.480000e-03 2.405480e-01
229 7.553640e-01 3.376000e-03 2.412600e-01
230 7.547840e-01 3.316000e-03 2.419000e-01
231 7.541960e-01 3.280000e-03 2.425240e-01
232 7.535200e-01 3.352000e-03 2.431280e-01
233 7.528400e-01 3.448000e-03 2.437120e-01
234 7.522440e-01 3.496000e-03 2.442600e-01
235 7.517400e-01 3.312000e-03 2.449480e-01
236 7.511280e-01 3.328000e-03 2.455440e-01
237 7.505200e-01 3.412000e-03 2.460680e-01
238 7.499480e-01 3.388000e-03 2.466640e-01
239 7.493760e-01 3.328000e-03 2.472960e-01
240 7.488000e-01 3.324000e-03 2.478760e-01
241 7.482880e-01 3.264000e-03 2.484480e-01
242 7.477200e-01 3.272000e-03 2.490080e-01
243 7.471880e-01 3.204000e-03 2.496080e-01
244 7.466000e-01 3.196000e-03 2.502040e-01
245 7.459720e-01 3.248000e-03 2.507800e-01
246 7.454960e-01 3.200000e-03 2.513040e-01
247 7.449640e-01 3.208000e-03 2.518280e-01
248 7.444360e-01 3.176000e-03 2.523880e-01
249 7.438080e-01 3.264000e-03 2.529280e-01
250 7.432960e-01 3.244000e-03 2.534600e-01
251 7.426800e-01 3.276000e-03 2.540440e-01
252 7.421400e-01 3.220000e-03 2.546400e-01
253 7.415240e-01 3.268000e-03 2.552080e-01
254 7.410200e-01 3.288000e-03 2.556920e-01
255 7.404680e-01 3.308000e-03 2.562240e-01
256 7.398800e-01 3.284000e-03 2.568360e-01
257 7.394040e-01 3.156000e-03 2.574400e-01
258 7.389440e-01 3.104000e-03 2.579520e-01
259 7.385240e-01 2.864000e-03 2.586120e-01
260 7.381680e-01 2.724000e-03 2.591080e-01
261 7.377240e-01 2.640000e-03 2.596360e-01
262 7.373120e-01 2.616000e-03 2.600720e-01
263 7.369000e-01 2.560000e-03 2.605400e-01
264 7.365600e-01 2.468000e-03 2.609720e-01
265 7.361480e-01 2.504000e-03 2.613480e-01
266 7.356880e-01 2.496000e-03 2.618160e-01
267 7.352680e-01 2.428000e-03 2.623040e-01
268 7.348320e-01 2.472000e-03 2.626960e-01
269 7.344120e-01 2.472000e-03 2.631160e-01
270 7.339720e-01 2.548000e-03 2.634800e-01
271 7.335320e-01 2.560000e-03 2.639080e-01
272 7.331120e-01 2.576000e-03 2.643120e-01
273 7.326880e-01 2.532000e-03 2.647800e-01
274 7.323080e-01 2.508000e-03 2.651840e-01
275 7.319440e-01 2.436000e-03 2.656200e-01
276 7.315280e-01 2.408000e-03 2.660640e-01
277 7.310960e-01 2.404000e-03 2.665000e-01
278 7.307240e-01 2.332000e-03 2.669440e-01
279 7.301760e-01 2.476000e-03 2.673480e-01
280 7.297600e-01 2.384000e-03 2.678560e-01
281 7.293560e-01 2.468000e-03 2.681760e-01
282 7.289240e-01 2.456000e-03 2.686200e-01
283 7.284080e-01 2.520000e-03 2.690720e-01
284 7.279480e-01 2.556000e-03 2.694960e-01
285 7.276080e-01 2.420000e-03 2.699720e-01
286 7.272600e-01 2.312000e-03 2.704280e-01
287 7.268920e-01 2.308000e-03 2.708000e-01
288 7.265480e-01 2.212000e-03 2.712400e-01
289 7.261480e-01 2.172000e-03 2.716800e-01
290 7.258320e-01 2.084000e-03 2.720840e-01
291 7.254680e-01 2.120000e-03 2.724120e-01
292 7.250840e-01 2.104000e-03 2.728120e-01
293 7.246160e-01 2.180000e-03 2.732040e-01
294 7.242760e-01 2.088000e-03 2.736360e-01
295 7.240240e-01 2.044000e-03 2.739320e-01
296 7.236560e-01 2.024000e-03 2.743200e-01
297 7.232880e-01 2.056000e-03 2.746560e-01
298 7.228960e-01 2.068000e-03 2.750360e-01
299 7.225320e-01 2.020000e-03 2.754480e-01
300 7.221240e-01 2.080000e-03 2.757960e-01
301 7.217520e-01 2.084000e-03 2.761640e-01
302 7.213600e-01 2.096000e-03 2.765440e-01
303 7.209280e-01 2.088000e-03 2.769840e-01
304 7.204120e-01 2.260000e-03 2.773280e-01
305 7.200120e-01 2.300000e-03 2.776880e-01
306 7.195880e-01 2.324000e-03 2.780880e-01
307 7.191120e-01 2.304000e-03 2.785840e-01
308 7.187360e-01 2.280000e-03 2.789840e-01
309 7.183880e-01 2.232000e-03 2.793800e-01
310 7.180120e-01 2.224000e-03 2.797640e-01
311 7.176280e-01 2.188000e-03 2.801840e-01
312 7.172280e-01 2.160000e-03 2.806120e-01
313 7.168360e-01 2.120000e-03 2.810440e-01
314 7.165080e-01 2.080000e-03 2.814120e-01
315 7.161280e-01 2.072000e-03 2.818000e-01
316 7.157960e-01 2.012000e-03 2.821920e-01
317 7.154800e-01 2.044000e-03 2.824760e-01
318 7.151600e-01 2.040000e-03 2.828000e-01
319 7.148600e-01 1.972000e-03 2.831680e-01
320 7.145240e-01 2.056000e-03 2.834200e-01
321 7.141480e-01 2.120000e-03 2.837320e-01
322 7.137480e-01 2.080000e-03 2.841720e-01
323 7.133080e-01 2.168000e-03 2.845240e-01
324 7.129200e-01 2.120000e-03 2.849600e-01
325 7.126240e-01 2.080000e-03 2.852960e-01
326 7.123080e-01 1.948000e-03 2.857440e-01
327 7.120080e-01 1.924000e-03 2.860680e-01
328 7.116760e-01 1.908000e-03 2.864160e-01
329 7.113880e-01 1.800000e-03 2.868120e-01
330 7.110800e-01 1.772000e-03 2.871480e-01
331 7.106760e-01 1.840000e-03 2.874840e-01
332 7.103640e-01 1.788000e-03 2.878480e-01
333 7.100240e-01 1.824000e-03 2.881520e-01
334 7.096760e-01 1.860000e-03 2.884640e-01
335 7.093480e-01 1.832000e-03 2.888200e-01
336 7.090160e-01 1.860000e-03 2.891240e-01
337 7.087240e-01 1.772000e-03 2.895040e-01
338 7.084400e-01 1.716000e-03 2.898440e-01
339 7.081680e-01 1.720000e-03 2.901120e-01
340 7.079200e-01 1.664000e-03 2.904160e-01
341 7.076440e-01 1.696000e-03 2.906600e-01
342 7.073680e-01 1.636000e-03 2.909960e-01
343 7.070880e-01 1.640000e-03 2.912720e-01
344 7.067840e-01 1.648000e-03 2.915680e-01
345 7.064760e-01 1.644000e-03 2.918800e-01
346 7.061520e-01 1.656000e-03 2.921920e-01
347 7.059360e-01 1.592000e-03 2.924720e-01
348 7.056640e-01 1.644000e-03 2.926920e-01
349 7.054360e-01 1.580000e-03 2.929840e-01
350 7.051640e-01 1.544000e-03 2.932920e-01
351 7.049120e-01 1.480000e-03 2.936080e-01
352 7.046080e-01 1.484000e-03 2.939080e-01
353 7.043840e-01 1.408000e-03 2.942080e-01
354 7.040840e-01 1.544000e-03 2.943720e-01
355 7.037560e-01 1.620000e-03 2.946240e-01
356 7.035000e-01 1.540000e-03 2.949600e-01
357 7.032600e-01 1.512000e-03 2.952280e-01
358 7.029120e-01 1.628000e-03 2.954600e-01
359 7.025880e-01 1.616000e-03 2.957960e-01
360 7.023320e-01 1.520000e-03 2.961480e-01
361 7.020560e-01 1.588000e-03 2.963560e-01
362 7.018040e-01 1.552000e-03 2.966440e-01
363 7.015800e-01 1.504000e-03 2.969160e-01
364 7.013280e-01 1.564000e-03 2.971080e-01
365 7.011080e-01 1.520000e-03 2.973720e-01
366 7.008840e-01 1.464000e-03 2.976520e-01
367 7.006280e-01 1.500000e-03 2.978720e-01
368 7.004120e-01 1.428000e-03 2.981600e-01
369 7.002440e-01 1.372000e-03 2.983840e-01
370 7.000080e-01 1.324000e-03 2.986680e-01
371 6.997720e-01 1.388000e-03 2.988400e-01
372 6.995200e-01 1.420000e-03 2.990600e-01
373 6.993360e-01 1.400000e-03 2.992640e-01
374 6.991160e-01 1.388000e-03 2.994960e-01
375 6.989040e-01 1.380000e-03 2.997160e-01
376 6.986240e-01 1.436000e-03 2.999400e-01
377 6.983720e-01 1.436000e-03 3.001920e-01
378 6.981520e-01 1.392000e-03 3.004560e-01
379 6.979280e-01 1.404000e-03 3.006680e-01
380 6.977040e-01 1.404000e-03 3.008920e-01
381 6.974320e-01 1.428000e-03 3.011400e-01
382 6.971520e-01 1.416000e-03 3.014320e-01
383 6.969080e-01 1.432000e-03 3.016600e-01
384 6.965840e-01 1.504000e-03 3.019120e-01
385 6.963800e-01 1.472000e-03 3.021480e-01
386 6.961800e-01 1.432000e-03 3.023880e-01
387 6.958640e-01 1.520000e-03 3.026160e-01
388 6.955360e-01 1.632000e-03 3.028320e-01
389 6.952480e-01 1.644000e-03 3.031080e-01
390 6.949520e-01 1.668000e-03 3.033800e-01
391 6.947160e-01 1.596000e-03 3.036880e-01
392 6.944360e-01 1.600000e-03 3.039640e-01
393 6.941800e-01 1.616000e-03 3.042040e-01
394 6.938840e-01 1.576000e-03 3.045400e-01
395 6.936000e-01 1.548000e-03 3.048520e-01
396 6.932960e-01 1.564000e-03 3.051400e-01
397 6.930040e-01 1.604000e-03 3.053920e-01
398 6.926920e-01 1.620000e-03 3.056880e-01
399 6.923360e-01 1.676000e-03 3.059880e-01
400 6.920360e-01 1.700000e-03 3.062640e-01
401 6.917480e-01 1.696000e-03 3.065560e-01
402 6.914920e-01 1.644000e-03 3.068640e-01
403 6.912200e-01 1.624000e-03 3.071560e-01
404 6.909000e-01 1.632000e-03 3.074680e-01
405 6.906240e-01 1.608000e-03 3.077680e-01
406 6.903200e-01 1.636000e-03 3.080440e-01
407 6.900360e-01 1.668000e-03 3.082960e-01
408 6.897040e-01 1.736000e-03 3.085600e-01
409 6.894280e-01 1.720000e-03 3.088520e-01
410 6.890880e-01 1.772000e-03 3.091400e-01
411 6.887760e-01 1.772000e-03 3.094520e-01
412 6.885320e-01 1.728000e-03 3.097400e-01
413 6.883200e-01 1.580000e-03 3.101000e-01
414 6.881120e-01 1.508000e-03 3.103800e-01
415 6.878200e-01 1.540000e-03 3.106400e-01
416 6.876240e-01 1.484000e-03 3.108920e-01
417 6.873720e-01 1.472000e-03 3.111560e-01
418 6.871400e-01 1.464000e-03 3.113960e-01
419 6.868640e-01 1.488000e-03 3.116480e-01
420 6.865960e-01 1.456000e-03 3.119480e-01
421 6.863240e-01 1.448000e-03 3.122280e-01
422 6.860240e-01 1.556000e-03 3.124200e-01
423 6.857040e-01 1.632000e-03 3.126640e-01
424 6.854640e-01 1.604000e-03 3.129320e-01
425 6.852040e-01 1.608000e-03 3.131880e-01
426 6.849240e-01 1.628000e-03 3.134480e-01
427 6.845400e-01 1.784000e-03 3.136760e-01
428 6.842480e-01 1.768000e-03 3.139840e-01
429 6.839920e-01 1.772000e-03 3.142360e-01
430 6.836880e-01 1.784000e-03 3.145280e-01
431 6.833640e-01 1.796000e-03 3.148400e-01
432 6.831000e-01 1.764000e-03 3.151360e-01
433 6.828240e-01 1.688000e-03 3.154880e-01
434 6.825360e-01 1.716000e-03 3.157480e-01
435 6.822200e-01 1.764000e-03 3.160160e-01
436 6.818680e-01 1.812000e-03 3.163200e-01
437 6.815520e-01 1.824000e-03 3.166240e-01
438 6.812960e-01 1.796000e-03 3.169080e-01
439 6.810240e-01 1.752000e-03 3.172240e-01
440 6.807600e-01 1.748000e-03 3.174920e-01
441 6.804480e-01 1.708000e-03 3.178440e-01
442 6.801880e-01 1.724000e-03 3.180880e-01
443 6.799360e-01 1.708000e-03 3.183560e-01
444 6.796200e-01 1.780000e-03 3.186000e-01
445 6.793680e-01 1.636000e-03 3.189960e-01
446 6.791400e-01 1.564000e-03 3.192960e-01
447 6.788400e-01 1.580000e-03 3.195800e-01
448 6.785840e-01 1.560000e-03 3.198560e-01
449 6.783800e-01 1.464000e-03 3.201560e-01
450 6.782240e-01 1.376000e-03 3.204000e-01
451 6.780800e-01 1.292000e-03 3.206280e-01
452 6.778880e-01 1.276000e-03 3.208360e-01
453 6.777240e-01 1.240000e-03 3.210360e-01
454 6.775440e-01 1.244000e-03 3.212120e-01
455 6.773720e-01 1.164000e-03 3.214640e-01
456 6.772120e-01 1.140000e-03 3.216480e-01
457 6.770400e-01 1.116000e-03 3.218440e-01
458 6.768640e-01 1.092000e-03 3.220440e-01
459 6.766760e-01 1.056000e-03 3.222680e-01
460 6.765200e-01 1.048000e-03 3.224320e-01
461 6.763440e-01 1.100000e-03 3.225560e-01
462 6.761320e-01 1.140000e-03 3.227280e-01
463 6.759440e-01 1.152000e-03 3.229040e-01
464 6.757760e-01 1.140000e-03 3.230840e-01
465 6.755520e-01 1.180000e-03 3.232680e-01
466 6.753200e-01 1.192000e-03 3.234880e-01
467 6.751040e-01 1.252000e-03 3.236440e-01
468 6.749120e-01 1.232000e-03 3.238560e-01
469 6.746520e-01 1.268000e-03 3.240800e-01
470 6.744280e-01 1.272000e-03 3.243000e-01
471 6.742280e-01 1.232000e-03 3.245400e-01
472 6.740680e-01 1.172000e-03 3.247600e-01
473 6.738680e-01 1.196000e-03 3.249360e-01
474 6.736280e-01 1.188000e-03 3.251840e-01
475 6.733640e-01 1.252000e-03 3.253840e-01
476 6.731880e-01 1.184000e-03 3.256280e-01
477 6.730320e-01 1.132000e-03 3.258360e-01
478 6.728240e-01 1.160000e-03 3.260160e-01
479 6.726480e-01 1.108000e-03 3.262440e-01
480 6.725000e-01 1.044000e-03 3.264560e-01
481 6.723800e-01 1.008000e-03 3.266120e-01
482 6.722240e-01 9.840000e-04 3.267920e-01
483 6.720720e-01 9.760000e-04 3.269520e-01
484 6.719200e-01 9.080000e-04 3.271720e-01
485 6.717720e-01 8.600000e-04 3.273680e-01
486 6.716360e-01 7.960000e-04 3.275680e-01
487 6.715240e-01 7.560000e-04 3.277200e-01
488 6.714240e-01 7.320000e-04 3.278440e-01
489 6.712840e-01 7.560000e-04 3.279600e-01
490 6.711280e-01 8.000000e-04 3.280720e-01
491 6.709440e-01 8.680000e-04 3.281880e-01
492 6.707200e-01 9.560000e-04 3.283240e-01
493 6.704440e-01 1.044000e-03 3.285120e-01
494 6.702280e-01 1.108000e-03 3.286640e-01
495 6.700280e-01 1.084000e-03 3.288880e-01
496 6.697880e-01 1.124000e-03 3.290880e-01
497 6.695600e-01 1.132000e-03 3.293080e-01
498 6.693440e-01 1.172000e-03 3.294840e-01
499 6.691800e-01 1.128000e-03 3.296920e-01
500 6.689320e-01 1.192000e-03 3.298760e-01
