1 9.991080e-01 7.920000e-04 1.000000e-04
2 9.985480e-01 1.168000e-03 2.840000e-04
3 9.979360e-01 1.508000e-03 5.560000e-04
4 9.971760e-01 1.924000e-03 9.000000e-04
5 9.963400e-01 2.400000e-03 1.260000e-03
6 9.954960e-01 2.748000e-03 1.756000e-03
7 9.944160e-01 3.236000e-03 2.348000e-03
8 9.934200e-01 3.644000e-03 2.936000e-03
9 9.924120e-01 4.064000e-03 3.524000e-03
10 9.912040e-01 4.504000e-03 4.292000e-03
11 9.900200e-01 4.900000e-03 5.080000e-03
12 9.888080e-01 5.212000e-03 5.980000e-03
13 9.876200e-01 5.456000e-03 6.924000e-03
14 9.864400e-01 5.780000e-03 7.780000e-03
15 9.850280e-01 6.140000e-03 8.832000e-03
16 9.837200e-01 6.284000e-03 9.996000e-03
17 9.823040e-01 6.488000e-03 1.120800e-02
18 9.809080e-01 6.708000e-03 1.238400e-02
19 9.796600e-01 6.856000e-03 1.348400e-02
20 9.783200e-01 6.872000e-03 1.480800e-02
21 9.769480e-01 7.164000e-03 1.588800e-02
22 9.754560e-01 7.376000e-03 1.716800e-02
23 9.740280e-01 7.432000e-03 1.854000e-02
24 9.725320e-01 7.548000e-03 1.992000e-02
25 9.710720e-01 7.744000e-03 2.118400e-02
26 9.695000e-01 7.892000e-03 2.260800e-02
27 9.679800e-01 8.064000e-03 2.395600e-02
28 9.664400e-01 8.304000e-03 2.525600e-02
29 9.648680e-01 8.420000e-03 2.671200e-02
30 9.632080e-01 8.612000e-03 2.818000e-02
31 9.615760e-01 8.688000e-03 2.973600e-02
32 9.599000e-01 8.820000e-03 3.128000e-02
33 9.583160e-01 8.808000e-03 3.287600e-02
34 9.566000e-01 9.056000e-03 3.434400e-02
35 9.548280e-01 9.156000e-03 3.601600e-02
36 9.531880e-01 9.160000e-03 3.765200e-02
37 9.515400e-01 9.248000e-03 3.921200e-02
38 9.498320e-01 9.248000e-03 4.092000e-02
39 9.482120e-01 9.228000e-03 4.256000e-02
40 9.464840e-01 9.188000e-03 4.432800e-02
41 9.447680e-01 9.324000e-03 4.590800e-02
42 9.431600e-01 9.288000e-03 4.755200e-02
43 9.413600e-01 9.476000e-03 4.916400e-02
44 9.396080e-01 9.512000e-03 5.088000e-02
45 9.377200e-01 9.836000e-03 5.244400e-02
46 9.359600e-01 9.824000e-03 5.421600e-02
47 9.341920e-01 9.924000e-03 5.588400e-02
48 9.325040e-01 9.808000e-03 5.768800e-02
49 9.308360e-01 9.816000e-03 5.934800e-02
50 9.292920e-01 9.712000e-03 6.099600e-02
51 9.276720e-01 9.652000e-03 6.267600e-02
52 9.260240e-01 9.568000e-03 6.440800e-02
53 9.243840e-01 9.676000e-03 6.594000e-02
54 9.226920e-01 9.648000e-03 6.766000e-02
55 9.208920e-01 9.780000e-03 6.932800e-02
56 9.191320e-01 9.932000e-03 7.093600e-02
57 9.173040e-01 1.010800e-02 7.258800e-02
58 9.153440e-01 1.029600e-02 7.436000e-02
59 9.133840e-01 1.048000e-02 7.613600e-02
60 9.113960e-01 1.056000e-02 7.804400e-02
61 9.093960e-01 1.073200e-02 7.987200e-02
62 9.073880e-01 1.087600e-02 8.173600e-02
63 9.054760e-01 1.094800e-02 8.357600e-02
64 9.034160e-01 1.103200e-02 8.555200e-02
65 9.015960e-01 1.106800e-02 8.733600e-02
66 8.999080e-01 1.080000e-02 8.929200e-02
67 8.982480e-01 1.047200e-02 9.128000e-02
68 8.966440e-01 1.024800e-02 9.310800e-02
69 8.949240e-01 1.026800e-02 9.480800e-02
70 8.932520e-01 1.010800e-02 9.664000e-02
71 8.916320e-01 1.005600e-02 9.831200e-02
72 8.900440e-01 9.852000e-03 1.001040e-01
73 8.882600e-01 1.004800e-02 1.016920e-01
74 8.866840e-01 9.868000e-03 1.034480e-01
75 8.848720e-01 9.808000e-03 1.053200e-01
76 8.830200e-01 9.992000e-03 1.069880e-01
77 8.813960e-01 9.928000e-03 1.086760e-01
78 8.797600e-01 9.860000e-03 1.103800e-01
79 8.781400e-01 9.840000e-03 1.120200e-01
80 8.764080e-01 9.852000e-03 1.137400e-01
81 8.746560e-01 9.996000e-03 1.153480e-01
82 8.729640e-01 9.924000e-03 1.171120e-01
83 8.713560e-01 9.776000e-03 1.188680e-01
84 8.697360e-01 9.704000e-03 1.205600e-01
85 8.680960e-01 9.636000e-03 1.222680e-01
86 8.663280e-01 9.864000e-03 1.238080e-01
87 8.646880e-01 9.836000e-03 1.254760e-01
88 8.632160e-01 9.584000e-03 1.272000e-01
89 8.615080e-01 9.660000e-03 1.288320e-01
90 8.599120e-01 9.704000e-03 1.303840e-01
91 8.583720e-01 9.516000e-03 1.321120e-01
92 8.568480e-01 9.460000e-03 1.336920e-01
93 8.552040e-01 9.420000e-03 1.353760e-01
94 8.536600e-01 9.308000e-03 1.370320e-01
95 8.521840e-01 9.124000e-03 1.386920e-01
96 8.507080e-01 8.980000e-03 1.403120e-01
97 8.490600e-01 8.992000e-03 1.419480e-01
98 8.474480e-01 9.108000e-03 1.434440e-01
99 8.460240e-01 8.860000e-03 1.451160e-01
100 8.446360e-01 8.796000e-03 1.465680e-01
101 8.432160e-01 8.784000e-03 1.480000e-01
102 8.416760e-01 8.740000e-03 1.495840e-01
103 8.402840e-01 8.504000e-03 1.512120e-01
104 8.388800e-01 8.344000e-03 1.527760e-01
105 8.374560e-01 8.408000e-03 1.541360e-01
106 8.361480e-01 8.204000e-03 1.556480e-01
107 8.348240e-01 8.084000e-03 1.570920e-01
108 8.335720e-01 8.000000e-03 1.584280e-01
109 8.322520e-01 7.824000e-03 1.599240e-01
110 8.309320e-01 7.784000e-03 1.612840e-01
111 8.296440e-01 7.700000e-03 1.626560e-01
112 8.284120e-01 7.608000e-03 1.639800e-01
113 8.272120e-01 7.520000e-03 1.652680e-01
114 8.260960e-01 7.332000e-03 1.665720e-01
115 8.247920e-01 7.456000e-03 1.677520e-01
116 8.235400e-01 7.448000e-03 1.690120e-01
117 8.221960e-01 7.392000e-03 1.704120e-01
118 8.209080e-01 7.420000e-03 1.716720e-01
119 8.196400e-01 7.344000e-03 1.730160e-01
120 8.182280e-01 7.456000e-03 1.743160e-01
121 8.169000e-01 7.400000e-03 1.757000e-01
122 8.156680e-01 7.328000e-03 1.770040e-01
123 8.144560e-01 7.232000e-03 1.783120e-01
124 8.131240e-01 7.272000e-03 1.796040e-01
125 8.118760e-01 7.184000e-03 1.809400e-01
126 8.107560e-01 7.124000e-03 1.821200e-01
127 8.094320e-01 7.164000e-03 1.834040e-01
128 8.083120e-01 6.996000e-03 1.846920e-01
129 8.071280e-01 6.912000e-03 1.859600e-01
130 8.059440e-01 6.836000e-03 1.872200e-01
131 8.048160e-01 6.816000e-03 1.883680e-01
132 8.037400e-01 6.708000e-03 1.895520e-01
133 8.026200e-01 6.608000e-03 1.907720e-01
134 8.015360e-01 6.528000e-03 1.919360e-01
135 8.004560e-01 6.548000e-03 1.929960e-01
136 7.993200e-01 6.516000e-03 1.941640e-01
137 7.982200e-01 6.512000e-03 1.952680e-01
138 7.970720e-01 6.632000e-03 1.962960e-01
139 7.960640e-01 6.456000e-03 1.974800e-01
140 7.950880e-01 6.384000e-03 1.985280e-01
141 7.941200e-01 6.248000e-03 1.996320e-01
142 7.931960e-01 6.132000e-03 2.006720e-01
143 7.923080e-01 6.096000e-03 2.015960e-01
144 7.912440e-01 6.104000e-03 2.026520e-01
145 7.903600e-01 5.948000e-03 2.036920e-01
146 7.894080e-01 5.880000e-03 2.047120e-01
147 7.883840e-01 5.988000e-03 2.056280e-01
148 7.872960e-01 5.976000e-03 2.067280e-01
149 7.862480e-01 6.036000e-03 2.077160e-01
150 7.851760e-01 6.020000e-03 2.088040e-01
151 7.840360e-01 6.148000e-03 2.098160e-01
152 7.830880e-01 6.008000e-03 2.109040e-01
153 7.820520e-01 5.940000e-03 2.120080e-01
154 7.811000e-01 5.840000e-03 2.130600e-01
155 7.802400e-01 5.748000e-03 2.140120e-01
156 7.793200e-01 5.664000e-03 2.150160e-01
157 7.783760e-01 5.572000e-03 2.160520e-01
158 7.776000e-01 5.380000e-03 2.170200e-01
159 7.767360e-01 5.268000e-03 2.179960e-01
160 7.758840e-01 5.232000e-03 2.188840e-01
161 7.748480e-01 5.244000e-03 2.199080e-01
162 7.740160e-01 5.144000e-03 2.208400e-01
163 7.730920e-01 5.148000e-03 2.217600e-01
164 7.722240e-01 5.080000e-03 2.226960e-01
165 7.713920e-01 5.024000e-03 2.235840e-01
166 7.704880e-01 5.080000e-03 2.244320e-01
167 7.696640e-01 5.056000e-03 2.252800e-01
168 7.687840e-01 5.048000e-03 2.261680e-01
169 7.679960e-01 5.064000e-03 2.269400e-01
170 7.670960e-01 5.000000e-03 2.279040e-01
171 7.662840e-01 4.976000e-03 2.287400e-01
172 7.652720e-01 5.084000e-03 2.296440e-01
173 7.642760e-01 5.212000e-03 2.305120e-01
174 7.633920e-01 5.080000e-03 2.315280e-01
175 7.625880e-01 5.020000e-03 2.323920e-01
176 7.617160e-01 4.952000e-03 2.333320e-01
177 7.608880e-01 4.892000e-03 2.342200e-01
178 7.600120e-01 4.868000e-03 2.351200e-01
179 7.591760e-01 4.828000e-03 2.359960e-01
180 7.581640e-01 5.008000e-03 2.368280e-01
181 7.572120e-01 5.132000e-03 2.376560e-01
182 7.561840e-01 5.252000e-03 2.385640e-01
183 7.552040e-01 5.272000e-03 2.395240e-01
184 7.541680e-01 5.440000e-03 2.403920e-01
185 7.531480e-01 5.452000e-03 2.414000e-01
186 7.522320e-01 5.464000e-03 2.423040e-01
187 7.512360e-01 5.536000e-03 2.432280e-01
188 7.504720e-01 5.336000e-03 2.441920e-01
189 7.494880e-01 5.420000e-03 2.450920e-01
190 7.484680e-01 5.444000e-03 2.460880e-01
191 7.474680e-01 5.556000e-03 2.469760e-01
192 7.465280e-01 5.520000e-03 2.479520e-01
193 7.455640e-01 5.544000e-03 2.488920e-01
194 7.445720e-01 5.580000e-03 2.498480e-01
195 7.437440e-01 5.416000e-03 2.508400e-01
196 7.428200e-01 5.324000e-03 2.518560e-01
197 7.419120e-01 5.204000e-03 2.528840e-01
198 7.409560e-01 5.304000e-03 2.537400e-01
199 7.400360e-01 5.300000e-03 2.546640e-01
200 7.391120e-01 5.332000e-03 2.555560e-01
201 7.381440e-01 5.448000e-03 2.564080e-01
202 7.370920e-01 5.480000e-03 2.574280e-01
203 7.361360e-01 5.456000e-03 2.584080e-01
204 7.352720e-01 5.412000e-03 2.593160e-01
205 7.343400e-01 5.428000e-03 2.602320e-01
206 7.332880e-01 5.576000e-03 2.611360e-01
207 7.323760e-01 5.492000e-03 2.621320e-01
208 7.314600e-01 5.452000e-03 2.630880e-01
209 7.305960e-01 5.332000e-03 2.640720e-01
210 7.297720e-01 5.180000e-03 2.650480e-01
211 7.289120e-01 5.132000e-03 2.659560e-01
212 7.281440e-01 5.088000e-03 2.667680e-01
213 7.272320e-01 5.112000e-03 2.676560e-01
214 7.263640e-01 5.084000e-03 2.685520e-01
215 7.254800e-01 5.080000e-03 2.694400e-01
216 7.245800e-01 5.088000e-03 2.703320e-01
217 7.237160e-01 5.128000e-03 2.711560e-01
218 7.229080e-01 4.984000e-03 2.721080e-01
219 7.220760e-01 4.960000e-03 2.729640e-01
220 7.212720e-01 4.936000e-03 2.737920e-01
221 7.204600e-01 4.844000e-03 2.746960e-01
222 7.195840e-01 4.772000e-03 2.756440e-01
223 7.187120e-01 4.848000e-03 2.764400e-01
224 7.179040e-01 4.728000e-03 2.773680e-01
225 7.171520e-01 4.704000e-03 2.781440e-01
226 7.163640e-01 4.684000e-03 2.789520e-01
227 7.155760e-01 4.676000e-03 2.797480e-01
228 7.147880e-01 4.640000e-03 2.805720e-01
229 7.139640e-01 4.668000e-03 2.813680e-01
230 7.130320e-01 4.740000e-03 2.822280e-01
231 7.121680e-01 4.736000e-03 2.830960e-01
232 7.113360e-01 4.804000e-03 2.838600e-01
233 7.106200e-01 4.692000e-03 2.846880e-01
234 7.097360e-01 4.884000e-03 2.853800e-01
235 7.089640e-01 4.796000e-03 2.862400e-01
236 7.081520e-01 4.840000e-03 2.870080e-01
237 7.073480e-01 4.804000e-03 2.878480e-01
238 7.065880e-01 4.724000e-03 2.886880e-01
239 7.058240e-01 4.652000e-03 2.895240e-01
240 7.050640e-01 4.636000e-03 2.903000e-01
241 7.042120e-01 4.648000e-03 2.911400e-01
242 7.035880e-01 4.480000e-03 2.919320e-01
243 7.029160e-01 4.456000e-03 2.926280e-01
244 7.021640e-01 4.492000e-03 2.933440e-01
245 7.014440e-01 4.396000e-03 2.941600e-01
246 7.007000e-01 4.392000e-03 2.949080e-01
247 6.999360e-01 4.320000e-03 2.957440e-01
248 6.992880e-01 4.248000e-03 2.964640e-01
249 6.985600e-01 4.212000e-03 2.972280e-01
250 6.978520e-01 4.192000e-03 2.979560e-01
251 6.970960e-01 4.208000e-03 2.986960e-01
252 6.963680e-01 4.200000e-03 2.994320e-01
253 6.956680e-01 4.100000e-03 3.002320e-01
254 6.949240e-01 4.160000e-03 3.009160e-01
255 6.942000e-01 4.124000e-03 3.016760e-01
256 6.935680e-01 4.088000e-03 3.023440e-01
257 6.928920e-01 4.056000e-03 3.030520e-01
258 6.922320e-01 3.988000e-03 3.037800e-01
259 6.914640e-01 4.040000e-03 3.044960e-01
260 6.907920e-01 4.016000e-03 3.051920e-01
261 6.901920e-01 4.020000e-03 3.057880e-01
262 6.895480e-01 3.984000e-03 3.064680e-01
263 6.889600e-01 3.872000e-03 3.071680e-01
264 6.883080e-01 3.868000e-03 3.078240e-01
265 6.876800e-01 3.844000e-03 3.084760e-01
266 6.870960e-01 3.724000e-03 3.091800e-01
267 6.864400e-01 3.684000e-03 3.098760e-01
268 6.858240e-01 3.652000e-03 3.105240e-01
269 6.851760e-01 3.700000e-03 3.111240e-01
270 6.845200e-01 3.632000e-03 3.118480e-01
271 6.839160e-01 3.632000e-03 3.124520e-01
272 6.833160e-01 3.580000e-03 3.131040e-01
273 6.825920e-01 3.668000e-03 3.137400e-01
274 6.819160e-01 3.744000e-03 3.143400e-01
275 6.812440e-01 3.764000e-03 3.149920e-01
276 6.806920e-01 3.588000e-03 3.157200e-01
277 6.800440e-01 3.712000e-03 3.162440e-01
278 6.794080e-01 3.720000e-03 3.168720e-01
279 6.787240e-01 3.824000e-03 3.174520e-01
280 6.781200e-01 3.780000e-03 3.181000e-01
281 6.774840e-01 3.752000e-03 3.187640e-01
282 6.769200e-01 3.672000e-03 3.194080e-01
283 6.763440e-01 3.696000e-03 3.199600e-01
284 6.755920e-01 3.896000e-03 3.205120e-01
285 6.749400e-01 3.900000e-03 3.211600e-01
286 6.742560e-01 3.888000e-03 3.218560e-01
287 6.734560e-01 4.000000e-03 3.225440e-01
288 6.728040e-01 3.936000e-03 3.232600e-01
289 6.722040e-01 3.884000e-03 3.239120e-01
290 6.716200e-01 3.804000e-03 3.245760e-01
291 6.709880e-01 3.816000e-03 3.251960e-01
292 6.703280e-01 3.808000e-03 3.258640e-01
293 6.696720e-01 3.744000e-03 3.265840e-01
294 6.690000e-01 3.772000e-03 3.272280e-01
295 6.683280e-01 3.792000e-03 3.278800e-01
296 6.676200e-01 3.820000e-03 3.285600e-01
297 6.670640e-01 3.680000e-03 3.292560e-01
298 6.665000e-01 3.508000e-03 3.299920e-01
299 6.659920e-01 3.376000e-03 3.306320e-01
300 6.654040e-01 3.368000e-03 3.312280e-01
301 6.648840e-01 3.328000e-03 3.317880e-01
302 6.644160e-01 3.188000e-03 3.323960e-01
303 6.639080e-01 3.084000e-03 3.330080e-01
304 6.633840e-01 2.976000e-03 3.336400e-01
305 6.628200e-01 3.128000e-03 3.340520e-01
306 6.623360e-01 3.028000e-03 3.346360e-01
307 6.618080e-01 2.980000e-03 3.352120e-01
308 6.612720e-01 2.988000e-03 3.357400e-01
309 6.607680e-01 3.040000e-03 3.361920e-01
310 6.602200e-01 3.060000e-03 3.367200e-01
311 6.597400e-01 3.044000e-03 3.372160e-01
312 6.592080e-01 3.072000e-03 3.377200e-01
313 6.586520e-01 3.088000e-03 3.382600e-01
314 6.581480e-01 2.988000e-03 3.388640e-01
315 6.577120e-01 2.916000e-03 3.393720e-01
316 6.572200e-01 2.928000e-03 3.398520e-01
317 6.567280e-01 2.844000e-03 3.404280e-01
318 6.561600e-01 2.952000e-03 3.408880e-01
319 6.555920e-01 2.964000e-03 3.414440e-01
320 6.551240e-01 2.912000e-03 3.419640e-01
321 6.546240e-01 2.912000e-03 3.424640e-01
322 6.541560e-01 2.932000e-03 3.429120e-01
323 6.536960e-01 2.864000e-03 3.434400e-01
324 6.532040e-01 2.896000e-03 3.439000e-01
325 6.526480e-01 2.916000e-03 3.444360e-01
326 6.521200e-01 2.936000e-03 3.449440e-01
327 6.515600e-01 3.008000e-03 3.454320e-01
328 6.511480e-01 2.860000e-03 3.459920e-01
329 6.507360e-01 2.820000e-03 3.464440e-01
330 6.504120e-01 2.660000e-03 3.469280e-01
331 6.500360e-01 2.544000e-03 3.474200e-01
332 6.496440e-01 2.488000e-03 3.478680e-01
333 6.491760e-01 2.476000e-03 3.483480e-01
334 6.487760e-01 2.464000e-03 3.487600e-01
335 6.484000e-01 2.400000e-03 3.492000e-01
336 6.480920e-01 2.356000e-03 3.495520e-01
337 6.476960e-01 2.368000e-03 3.499360e-01
338 6.472480e-01 2.396000e-03 3.503560e-01
339 6.467960e-01 2.416000e-03 3.507880e-01
340 6.464520e-01 2.384000e-03 3.511640e-01
341 6.460680e-01 2.356000e-03 3.515760e-01
342 6.456240e-01 2.400000e-03 3.519760e-01
343 6.452680e-01 2.304000e-03 3.524280e-01
344 6.448120e-01 2.352000e-03 3.528360e-01
345 6.443720e-01 2.344000e-03 3.532840e-01
346 6.440080e-01 2.328000e-03 3.536640e-01
347 6.436320e-01 2.268000e-03 3.541000e-01
348 6.432360e-01 2.248000e-03 3.545160e-01
349 6.428040e-01 2.228000e-03 3.549680e-01
350 6.424320e-01 2.196000e-03 3.553720e-01
351 6.420480e-01 2.200000e-03 3.557520e-01
352 6.416800e-01 2.160000e-03 3.561600e-01
353 6.412600e-01 2.252000e-03 3.564880e-01
354 6.408640e-01 2.168000e-03 3.569680e-01
355 6.405400e-01 2.148000e-03 3.573120e-01
356 6.402120e-01 2.064000e-03 3.577240e-01
357 6.398720e-01 2.064000e-03 3.580640e-01
358 6.395160e-01 2.100000e-03 3.583840e-01
359 6.392600e-01 2.008000e-03 3.587320e-01
360 6.389240e-01 1.988000e-03 3.590880e-01
361 6.386400e-01 1.968000e-03 3.593920e-01
362 6.382160e-01 2.088000e-03 3.596960e-01
363 6.378720e-01 1.992000e-03 3.601360e-01
364 6.375600e-01 1.956000e-03 3.604840e-01
365 6.372600e-01 1.904000e-03 3.608360e-01
366 6.368920e-01 1.916000e-03 3.611920e-01
367 6.366320e-01 1.848000e-03 3.615200e-01
368 6.363840e-01 1.756000e-03 3.618600e-01
369 6.360040e-01 1.832000e-03 3.621640e-01
370 6.357040e-01 1.808000e-03 3.624880e-01
371 6.354120e-01 1.728000e-03 3.628600e-01
372 6.351120e-01 1.772000e-03 3.631160e-01
373 6.348320e-01 1.764000e-03 3.634040e-01
374 6.345640e-01 1.712000e-03 3.637240e-01
375 6.343440e-01 1.632000e-03 3.640240e-01
376 6.340200e-01 1.680000e-03 3.643000e-01
377 6.337440e-01 1.632000e-03 3.646240e-01
378 6.333760e-01 1.720000e-03 3.649040e-01
379 6.329880e-01 1.828000e-03 3.651840e-01
380 6.326200e-01 1.952000e-03 3.654280e-01
381 6.323120e-01 1.912000e-03 3.657760e-01
382 6.319320e-01 1.956000e-03 3.661120e-01
383 6.316480e-01 1.904000e-03 3.664480e-01
384 6.313880e-01 1.808000e-03 3.668040e-01
385 6.310680e-01 1.856000e-03 3.670760e-01
386 6.307680e-01 1.828000e-03 3.674040e-01
387 6.304720e-01 1.772000e-03 3.677560e-01
388 6.302120e-01 1.728000e-03 3.680600e-01
389 6.298880e-01 1.708000e-03 3.684040e-01
390 6.296120e-01 1.736000e-03 3.686520e-01
391 6.293000e-01 1.772000e-03 3.689280e-01
392 6.289760e-01 1.780000e-03 3.692440e-01
393 6.286680e-01 1.792000e-03 3.695400e-01
394 6.283200e-01 1.840000e-03 3.698400e-01
395 6.280120e-01 1.816000e-03 3.701720e-01
396 6.276960e-01 1.864000e-03 3.704400e-01
397 6.273960e-01 1.856000e-03 3.707480e-01
398 6.270840e-01 1.876000e-03 3.710400e-01
399 6.267800e-01 1.776000e-03 3.714440e-01
400 6.264800e-01 1.768000e-03 3.717520e-01
401 6.261560e-01 1.792000e-03 3.720520e-01
402 6.258560e-01 1.860000e-03 3.722840e-01
403 6.254800e-01 1.944000e-03 3.725760e-01
404 6.251440e-01 1.924000e-03 3.729320e-01
405 6.247720e-01 1.960000e-03 3.732680e-01
406 6.244600e-01 1.892000e-03 3.736480e-01
407 6.240360e-01 2.016000e-03 3.739480e-01
408 6.236160e-01 2.012000e-03 3.743720e-01
409 6.231800e-01 2.068000e-03 3.747520e-01
410 6.227960e-01 2.096000e-03 3.751080e-01
411 6.224480e-01 2.088000e-03 3.754640e-01
412 6.220440e-01 2.116000e-03 3.758400e-01
413 6.216800e-01 2.076000e-03 3.762440e-01
414 6.213880e-01 2.060000e-03 3.765520e-01
415 6.211320e-01 1.948000e-03 3.769200e-01
416 6.208480e-01 1.896000e-03 3.772560e-01
417 6.205440e-01 1.804000e-03 3.776520e-01
418 6.202240e-01 1.804000e-03 3.779720e-01
419 6.199560e-01 1.744000e-03 3.783000e-01
420 6.196720e-01 1.728000e-03 3.786000e-01
421 6.193520e-01 1.684000e-03 3.789640e-01
422 6.190280e-01 1.724000e-03 3.792480e-01
423 6.187080e-01 1.720000e-03 3.795720e-01
424 6.183880e-01 1.744000e-03 3.798680e-01
425 6.180880e-01 1.744000e-03 3.801680e-01
426 6.177120e-01 1.780000e-03 3.805080e-01
427 6.173800e-01 1.824000e-03 3.807960e-01
428 6.169920e-01 1.880000e-03 3.811280e-01
429 6.167560e-01 1.804000e-03 3.814400e-01
430 6.165240e-01 1.732000e-03 3.817440e-01
431 6.162920e-01 1.696000e-03 3.820120e-01
432 6.161280e-01 1.588000e-03 3.822840e-01
433 6.159400e-01 1.468000e-03 3.825920e-01
434 6.157960e-01 1.352000e-03 3.828520e-01
435 6.155920e-01 1.380000e-03 3.830280e-01
436 6.153720e-01 1.340000e-03 3.832880e-01
437 6.152160e-01 1.268000e-03 3.835160e-01
438 6.150680e-01 1.224000e-03 3.837080e-01
439 6.149120e-01 1.160000e-03 3.839280e-01
440 6.147920e-01 1.032000e-03 3.841760e-01
441 6.147040e-01 9.360000e-04 3.843600e-01
442 6.145480e-01 9.000000e-04 3.845520e-01
443 6.144320e-01 8.600000e-04 3.847080e-01
444 6.143360e-01 8.120000e-04 3.848520e-01
445 6.142080e-01 7.640000e-04 3.850280e-01
446 6.141200e-01 7.080000e-04 3.851720e-01
447 6.140480e-01 6.400000e-04 3.853120e-01
448 6.139520e-01 6.440000e-04 3.854040e-01
449 6.138480e-01 6.720000e-04 3.854800e-01
450 6.137480e-01 6.680000e-04 3.855840e-01
451 6.136480e-01 6.600000e-04 3.856920e-01
452 6.135320e-01 6.520000e-04 3.858160e-01
453 6.134360e-01 6.080000e-04 3.859560e-01
454 6.133160e-01 6.600000e-04 3.860240e-01
455 6.131720e-01 7.080000e-04 3.861200e-01
456 6.130080e-01 7.280000e-04 3.862640e-01
457 6.128800e-01 6.880000e-04 3.864320e-01
458 6.127160e-01 7.280000e-04 3.865560e-01
459 6.125400e-01 7.840000e-04 3.866760e-01
460 6.123760e-01 7.680000e-04 3.868560e-01
461 6.122360e-01 7.560000e-04 3.870080e-01
462 6.120880e-01 7.880000e-04 3.871240e-01
463 6.119160e-01 8.560000e-04 3.872280e-01
464 6.117800e-01 8.200000e-04 3.874000e-01
465 6.116280e-01 8.240000e-04 3.875480e-01
466 6.114800e-01 8.680000e-04 3.876520e-01
467 6.113240e-01 8.960000e-04 3.877800e-01
468 6.111520e-01 8.880000e-04 3.879600e-01
469 6.110400e-01 8.560000e-04 3.881040e-01
470 6.109320e-01 8.360000e-04 3.882320e-01
471 6.107920e-01 8.320000e-04 3.883760e-01
472 6.106920e-01 7.680000e-04 3.885400e-01
473 6.106200e-01 6.920000e-04 3.886880e-01
474 6.105280e-01 6.680000e-04 3.888040e-01
475 6.104320e-01 6.440000e-04 3.889240e-01
476 6.103440e-01 6.360000e-04 3.890200e-01
477 6.102200e-01 6.320000e-04 3.891480e-01
478 6.100840e-01 6.400000e-04 3.892760e-01
479 6.099280e-01 6.840000e-04 3.893880e-01
480 6.097680e-01 7.320000e-04 3.895000e-01
481 6.096160e-01 7.240000e-04 3.896600e-01
482 6.094680e-01 7.360000e-04 3.897960e-01
483 6.093400e-01 7.400000e-04 3.899200e-01
484 6.092280e-01 7.280000e-04 3.900440e-01
485 6.090120e-01 8.000000e-04 3.901880e-01
486 6.088360e-01 8.440000e-04 3.903200e-01
487 6.086720e-01 8.400000e-04 3.904880e-01
488 6.085400e-01 7.680000e-04 3.906920e-01
489 6.083720e-01 8.280000e-04 3.908000e-01
490 6.081600e-01 8.920000e-04 3.909480e-01
491 6.079880e-01 9.120000e-04 3.911000e-01
492 6.078000e-01 9.520000e-04 3.912480e-01
493 6.076360e-01 9.480000e-04 3.914160e-01
494 6.074600e-01 9.640000e-04 3.915760e-01
495 6.072760e-01 1.000000e-03 3.917240e-01
496 6.071000e-01 9.880000e-04 3.919120e-01
497 6.069320e-01 9.840000e-04 3.920840e-01
498 6.067640e-01 9.840000e-04 3.922520e-01
499 6.066280e-01 9.440000e-04 3.924280e-01
500 6.065000e-01 9.040000e-04 3.925960e-01
