1 9.992200e-01 6.640000e-04 1.160000e-04
2 9.987760e-01 9.360000e-04 2.880000e-04
3 9.982000e-01 1.320000e-03 4.800000e-04
4 9.976360e-01 1.556000e-03 8.080000e-04
5 9.969800e-01 1.948000e-03 1.072000e-03
6 9.962760e-01 2.304000e-03 1.420000e-03
7 9.954240e-01 2.744000e-03 1.832000e-03
8 9.944880e-01 3.156000e-03 2.356000e-03
9 9.936680e-01 3.372000e-03 2.960000e-03
10 9.927920e-01 3.688000e-03 3.520000e-03
11 9.919200e-01 3.812000e-03 4.268000e-03
12 9.909960e-01 4.116000e-03 4.888000e-03
13 9.900120e-01 4.340000e-03 5.648000e-03
14 9.889480e-01 4.624000e-03 6.428000e-03
15 9.877920e-01 4.964000e-03 7.244000e-03
16 9.865800e-01 5.280000e-03 8.140000e-03
17 9.855560e-01 5.352000e-03 9.092000e-03
18 9.845120e-01 5.444000e-03 1.004400e-02
19 9.833000e-01 5.632000e-03 1.106800e-02
20 9.820000e-01 5.804000e-03 1.219600e-02
21 9.806240e-01 6.156000e-03 1.322000e-02
22 9.793560e-01 6.396000e-03 1.424800e-02
23 9.779520e-01 6.696000e-03 1.535200e-02
24 9.767360e-01 6.824000e-03 1.644000e-02
25 9.756080e-01 6.632000e-03 1.776000e-02
26 9.744680e-01 6.520000e-03 1.901200e-02
27 9.731760e-01 6.468000e-03 2.035600e-02
28 9.721160e-01 6.444000e-03 2.144000e-02
29 9.709080e-01 6.572000e-03 2.252000e-02
30 9.696520e-01 6.768000e-03 2.358000e-02
31 9.683400e-01 6.716000e-03 2.494400e-02
32 9.670920e-01 6.768000e-03 2.614000e-02
33 9.660360e-01 6.672000e-03 2.729200e-02
34 9.648400e-01 6.780000e-03 2.838000e-02
35 9.635600e-01 6.952000e-03 2.948800e-02
36 9.622720e-01 7.024000e-03 3.070400e-02
37 9.609840e-01 7.124000e-03 3.189200e-02
38 9.597920e-01 7.068000e-03 3.314000e-02
39 9.583880e-01 7.300000e-03 3.431200e-02
40 9.571200e-01 7.224000e-03 3.565600e-02
41 9.558200e-01 7.368000e-03 3.681200e-02
42 9.544920e-01 7.304000e-03 3.820400e-02
43 9.531360e-01 7.352000e-03 3.951200e-02
44 9.517640e-01 7.444000e-03 4.079200e-02
45 9.504000e-01 7.444000e-03 4.215600e-02
46 9.490600e-01 7.456000e-03 4.348400e-02
47 9.478440e-01 7.304000e-03 4.485200e-02
48 9.466200e-01 7.172000e-03 4.620800e-02
49 9.452720e-01 7.236000e-03 4.749200e-02
50 9.440520e-01 7.096000e-03 4.885200e-02
51 9.426040e-01 7.244000e-03 5.015200e-02
52 9.413640e-01 7.188000e-03 5.144800e-02
53 9.400600e-01 7.268000e-03 5.267200e-02
54 9.387040e-01 7.236000e-03 5.406000e-02
55 9.373080e-01 7.312000e-03 5.538000e-02
56 9.359880e-01 7.304000e-03 5.670800e-02
57 9.346120e-01 7.428000e-03 5.796000e-02
58 9.331160e-01 7.720000e-03 5.916400e-02
59 9.315680e-01 7.784000e-03 6.064800e-02
60 9.300280e-01 7.972000e-03 6.200000e-02
61 9.284480e-01 8.072000e-03 6.348000e-02
62 9.269000e-01 8.264000e-03 6.483600e-02
63 9.253160e-01 8.332000e-03 6.635200e-02
64 9.235240e-01 8.612000e-03 6.786400e-02
65 9.218800e-01 8.760000e-03 6.936000e-02
66 9.203080e-01 8.812000e-03 7.088000e-02
67 9.186400e-01 9.004000e-03 7.235600e-02
68 9.169280e-01 9.136000e-03 7.393600e-02
69 9.153120e-01 9.176000e-03 7.551200e-02
70 9.135360e-01 9.348000e-03 7.711600e-02
71 9.117960e-01 9.448000e-03 7.875600e-02
72 9.100360e-01 9.388000e-03 8.057600e-02
73 9.085760e-01 9.184000e-03 8.224000e-02
74 9.071000e-01 9.056000e-03 8.384400e-02
75 9.054360e-01 9.068000e-03 8.549600e-02
76 9.039000e-01 9.004000e-03 8.709600e-02
77 9.023760e-01 8.996000e-03 8.862800e-02
78 9.007360e-01 8.972000e-03 9.029200e-02
79 8.990880e-01 9.032000e-03 9.188000e-02
80 8.974760e-01 9.024000e-03 9.350000e-02
81 8.958240e-01 9.072000e-03 9.510400e-02
82 8.942360e-01 9.172000e-03 9.659200e-02
83 8.924680e-01 9.392000e-03 9.814000e-02
84 8.907320e-01 9.420000e-03 9.984800e-02
85 8.890760e-01 9.456000e-03 1.014680e-01
86 8.875400e-01 9.320000e-03 1.031400e-01
87 8.858040e-01 9.544000e-03 1.046520e-01
88 8.840760e-01 9.392000e-03 1.065320e-01
89 8.824320e-01 9.356000e-03 1.082120e-01
90 8.806320e-01 9.380000e-03 1.099880e-01
91 8.789280e-01 9.400000e-03 1.116720e-01
92 8.772120e-01 9.424000e-03 1.133640e-01
93 8.757120e-01 9.172000e-03 1.151160e-01
94 8.741360e-01 9.136000e-03 1.167280e-01
95 8.725040e-01 9.172000e-03 1.183240e-01
96 8.710480e-01 8.908000e-03 1.200440e-01
97 8.695760e-01 8.772000e-03 1.216520e-01
98 8.680000e-01 8.820000e-03 1.231800e-01
99 8.664520e-01 8.776000e-03 1.247720e-01
100 8.649560e-01 8.764000e-03 1.262800e-01
101 8.634240e-01 8.788000e-03 1.277880e-01
102 8.618000e-01 8.908000e-03 1.292920e-01
103 8.601800e-01 8.860000e-03 1.309600e-01
104 8.586880e-01 8.772000e-03 1.325400e-01
105 8.572480e-01 8.644000e-03 1.341080e-01
106 8.559240e-01 8.472000e-03 1.356040e-01
107 8.544920e-01 8.428000e-03 1.370800e-01
108 8.532080e-01 8.276000e-03 1.385160e-01
109 8.519120e-01 8.076000e-03 1.400120e-01
110 8.506080e-01 7.928000e-03 1.414640e-01
111 8.494520e-01 7.736000e-03 1.428120e-01
112 8.481280e-01 7.688000e-03 1.441840e-01
113 8.468720e-01 7.676000e-03 1.454520e-01
114 8.455120e-01 7.664000e-03 1.468240e-01
115 8.440680e-01 7.856000e-03 1.480760e-01
116 8.428120e-01 7.684000e-03 1.495040e-01
117 8.414360e-01 7.820000e-03 1.507440e-01
118 8.400560e-01 7.840000e-03 1.521040e-01
119 8.387760e-01 7.792000e-03 1.534320e-01
120 8.375240e-01 7.692000e-03 1.547840e-01
121 8.362200e-01 7.660000e-03 1.561200e-01
122 8.350640e-01 7.512000e-03 1.574240e-01
123 8.337000e-01 7.480000e-03 1.588200e-01
124 8.323760e-01 7.472000e-03 1.601520e-01
125 8.311760e-01 7.336000e-03 1.614880e-01
126 8.297960e-01 7.404000e-03 1.628000e-01
127 8.286080e-01 7.212000e-03 1.641800e-01
128 8.272640e-01 7.256000e-03 1.654800e-01
129 8.259760e-01 7.324000e-03 1.667000e-01
130 8.246880e-01 7.308000e-03 1.680040e-01
131 8.235480e-01 7.152000e-03 1.693000e-01
132 8.222800e-01 7.252000e-03 1.704680e-01
133 8.212200e-01 6.960000e-03 1.718200e-01
134 8.200000e-01 6.960000e-03 1.730400e-01
135 8.189440e-01 6.736000e-03 1.743200e-01
136 8.177920e-01 6.748000e-03 1.754600e-01
137 8.166840e-01 6.732000e-03 1.765840e-01
138 8.156240e-01 6.664000e-03 1.777120e-01
139 8.144680e-01 6.608000e-03 1.789240e-01
140 8.132920e-01 6.556000e-03 1.801520e-01
141 8.120960e-01 6.632000e-03 1.812720e-01
142 8.109440e-01 6.664000e-03 1.823920e-01
143 8.098600e-01 6.628000e-03 1.835120e-01
144 8.088680e-01 6.560000e-03 1.845720e-01
145 8.078480e-01 6.492000e-03 1.856600e-01
146 8.068040e-01 6.460000e-03 1.867360e-01
147 8.056160e-01 6.360000e-03 1.880240e-01
148 8.045080e-01 6.344000e-03 1.891480e-01
149 8.034440e-01 6.348000e-03 1.902080e-01
150 8.023120e-01 6.500000e-03 1.911880e-01
151 8.012160e-01 6.480000e-03 1.923040e-01
152 8.002400e-01 6.404000e-03 1.933560e-01
153 7.992600e-01 6.196000e-03 1.945440e-01
154 7.983240e-01 6.128000e-03 1.955480e-01
155 7.974080e-01 5.988000e-03 1.966040e-01
156 7.963960e-01 5.960000e-03 1.976440e-01
157 7.953760e-01 6.032000e-03 1.985920e-01
158 7.943040e-01 6.152000e-03 1.995440e-01
159 7.932560e-01 6.216000e-03 2.005280e-01
160 7.921720e-01 6.164000e-03 2.016640e-01
161 7.912000e-01 6.184000e-03 2.026160e-01
162 7.902280e-01 6.048000e-03 2.037240e-01
163 7.890640e-01 6.176000e-03 2.047600e-01
164 7.881720e-01 5.988000e-03 2.058400e-01
165 7.871040e-01 5.996000e-03 2.069000e-01
166 7.861880e-01 5.892000e-03 2.079200e-01
167 7.852920e-01 5.888000e-03 2.088200e-01
168 7.844520e-01 5.760000e-03 2.097880e-01
169 7.835160e-01 5.688000e-03 2.107960e-01
170 7.826000e-01 5.552000e-03 2.118480e-01
171 7.816920e-01 5.508000e-03 2.128000e-01
172 7.806520e-01 5.560000e-03 2.137880e-01
173 7.797080e-01 5.496000e-03 2.147960e-01
174 7.789160e-01 5.284000e-03 2.158000e-01
175 7.780720e-01 5.188000e-03 2.167400e-01
176 7.771400e-01 5.196000e-03 2.176640e-01
177 7.762120e-01 5.312000e-03 2.184760e-01
178 7.753320e-01 5.232000e-03 2.194360e-01
179 7.743880e-01 5.108000e-03 2.205040e-01
180 7.734720e-01 5.068000e-03 2.214600e-01
181 7.725480e-01 5.148000e-03 2.223040e-01
182 7.715120e-01 5.188000e-03 2.233000e-01
183 7.705920e-01 5.112000e-03 2.242960e-01
184 7.697760e-01 5.040000e-03 2.251840e-01
185 7.690040e-01 4.956000e-03 2.260400e-01
186 7.681240e-01 4.952000e-03 2.269240e-01
187 7.671840e-01 4.976000e-03 2.278400e-01
188 7.662480e-01 5.056000e-03 2.286960e-01
189 7.654520e-01 4.952000e-03 2.295960e-01
190 7.645360e-01 4.916000e-03 2.305480e-01
191 7.637680e-01 4.900000e-03 2.313320e-01
192 7.629920e-01 4.764000e-03 2.322440e-01
193 7.622400e-01 4.600000e-03 2.331600e-01
194 7.615160e-01 4.520000e-03 2.339640e-01
195 7.607800e-01 4.468000e-03 2.347520e-01
196 7.600080e-01 4.432000e-03 2.355600e-01
197 7.591520e-01 4.388000e-03 2.364600e-01
198 7.583440e-01 4.468000e-03 2.371880e-01
199 7.575400e-01 4.508000e-03 2.379520e-01
200 7.567320e-01 4.520000e-03 2.387480e-01
201 7.558640e-01 4.544000e-03 2.395920e-01
202 7.550600e-01 4.524000e-03 2.404160e-01
203 7.542160e-01 4.676000e-03 2.411080e-01
204 7.534840e-01 4.656000e-03 2.418600e-01
205 7.526920e-01 4.552000e-03 2.427560e-01
206 7.519920e-01 4.420000e-03 2.435880e-01
207 7.512560e-01 4.384000e-03 2.443600e-01
208 7.505200e-01 4.348000e-03 2.451320e-01
209 7.496920e-01 4.280000e-03 2.460280e-01
210 7.488640e-01 4.364000e-03 2.467720e-01
211 7.481680e-01 4.284000e-03 2.475480e-01
212 7.474040e-01 4.300000e-03 2.482960e-01
213 7.466840e-01 4.280000e-03 2.490360e-01
214 7.460200e-01 4.176000e-03 2.498040e-01
215 7.453320e-01 4.148000e-03 2.505200e-01
216 7.446840e-01 3.900000e-03 2.514160e-01
217 7.440240e-01 3.860000e-03 2.521160e-01
218 7.434240e-01 3.752000e-03 2.528240e-01
219 7.428400e-01 3.688000e-03 2.534720e-01
220 7.422440e-01 3.660000e-03 2.540960e-01
221 7.416640e-01 3.636000e-03 2.547000e-01
222 7.410800e-01 3.568000e-03 2.553520e-01
223 7.404520e-01 3.584000e-03 2.559640e-01
224 7.398120e-01 3.684000e-03 2.565040e-01
225 7.392440e-01 3.620000e-03 2.571360e-01
226 7.386640e-01 3.616000e-03 2.577200e-01
227 7.379880e-01 3.676000e-03 2.583360e-01
228 7.372680e-01 3.700000e-03 2.590320e-01
229 7.365440e-01 3.700000e-03 2.597560e-01
230 7.359560e-01 3.608000e-03 2.604360e-01
231 7.352440e-01 3.776000e-03 2.609800e-01
232 7.345880e-01 3.780000e-03 2.616320e-01
233 7.340360e-01 3.748000e-03 2.622160e-01
234 7.334280e-01 3.740000e-03 2.628320e-01
235 7.328480e-01 3.612000e-03 2.635400e-01
236 7.323520e-01 3.460000e-03 2.641880e-01
237 7.318640e-01 3.352000e-03 2.647840e-01
238 7.313760e-01 3.212000e-03 2.654120e-01
239 7.308200e-01 3.160000e-03 2.660200e-01
240 7.303000e-01 3.208000e-03 2.664920e-01
241 7.297480e-01 3.272000e-03 2.669800e-01
242 7.291960e-01 3.244000e-03 2.675600e-01
243 7.285560e-01 3.292000e-03 2.681520e-01
244 7.280320e-01 3.164000e-03 2.688040e-01
245 7.275280e-01 3.108000e-03 2.693640e-01
246 7.269760e-01 3.124000e-03 2.699000e-01
247 7.264120e-01 3.096000e-03 2.704920e-01
248 7.258560e-01 3.108000e-03 2.710360e-01
249 7.252920e-01 3.200000e-03 2.715080e-01
250 7.246840e-01 3.280000e-03 2.720360e-01
251 7.240920e-01 3.336000e-03 2.725720e-01
252 7.235080e-01 3.312000e-03 2.731800e-01
253 7.229720e-01 3.312000e-03 2.737160e-01
254 7.224200e-01 3.144000e-03 2.744360e-01
255 7.219280e-01 3.084000e-03 2.749880e-01
256 7.214360e-01 3.100000e-03 2.754640e-01
257 7.209720e-01 3.004000e-03 2.760240e-01
258 7.204640e-01 3.020000e-03 2.765160e-01
259 7.199760e-01 2.920000e-03 2.771040e-01
260 7.193600e-01 3.040000e-03 2.776000e-01
261 7.188040e-01 3.072000e-03 2.781240e-01
262 7.182600e-01 3.004000e-03 2.787360e-01
263 7.177880e-01 2.948000e-03 2.792640e-01
264 7.172880e-01 2.976000e-03 2.797360e-01
265 7.168040e-01 2.916000e-03 2.802800e-01
266 7.163240e-01 2.900000e-03 2.807760e-01
267 7.157960e-01 2.968000e-03 2.812360e-01
268 7.153120e-01 3.020000e-03 2.816680e-01
269 7.148360e-01 2.964000e-03 2.822000e-01
270 7.142920e-01 2.992000e-03 2.827160e-01
271 7.137880e-01 2.896000e-03 2.833160e-01
272 7.132640e-01 2.892000e-03 2.838440e-01
273 7.128680e-01 2.768000e-03 2.843640e-01
274 7.123480e-01 2.872000e-03 2.847800e-01
275 7.119280e-01 2.768000e-03 2.853040e-01
276 7.115760e-01 2.720000e-03 2.857040e-01
277 7.111400e-01 2.704000e-03 2.861560e-01
278 7.107360e-01 2.620000e-03 2.866440e-01
279 7.103520e-01 2.496000e-03 2.871520e-01
280 7.098560e-01 2.600000e-03 2.875440e-01
281 7.094160e-01 2.572000e-03 2.880120e-01
282 7.089520e-01 2.536000e-03 2.885120e-01
283 7.085120e-01 2.500000e-03 2.889880e-01
284 7.080600e-01 2.532000e-03 2.894080e-01
285 7.076520e-01 2.496000e-03 2.898520e-01
286 7.072360e-01 2.492000e-03 2.902720e-01
287 7.068240e-01 2.468000e-03 2.907080e-01
288 7.064680e-01 2.436000e-03 2.910960e-01
289 7.061080e-01 2.392000e-03 2.915000e-01
290 7.057160e-01 2.344000e-03 2.919400e-01
291 7.052400e-01 2.428000e-03 2.923320e-01
292 7.047920e-01 2.416000e-03 2.927920e-01
293 7.043480e-01 2.408000e-03 2.932440e-01
294 7.039680e-01 2.408000e-03 2.936240e-01
295 7.035360e-01 2.492000e-03 2.939720e-01
296 7.029960e-01 2.604000e-03 2.944000e-01
297 7.023720e-01 2.776000e-03 2.948520e-01
298 7.017600e-01 2.892000e-03 2.953480e-01
299 7.012400e-01 2.944000e-03 2.958160e-01
300 7.006920e-01 2.900000e-03 2.964080e-01
301 7.001960e-01 2.936000e-03 2.968680e-01
302 6.996920e-01 2.912000e-03 2.973960e-01
303 6.991800e-01 2.972000e-03 2.978480e-01
304 6.986440e-01 2.948000e-03 2.984080e-01
305 6.981840e-01 2.832000e-03 2.989840e-01
306 6.977120e-01 2.688000e-03 2.996000e-01
307 6.972160e-01 2.752000e-03 3.000320e-01
308 6.967040e-01 2.776000e-03 3.005200e-01
309 6.962080e-01 2.828000e-03 3.009640e-01
310 6.957800e-01 2.752000e-03 3.014680e-01
311 6.952760e-01 2.728000e-03 3.019960e-01
312 6.948760e-01 2.624000e-03 3.025000e-01
313 6.943560e-01 2.744000e-03 3.029000e-01
314 6.938520e-01 2.820000e-03 3.033280e-01
315 6.934280e-01 2.772000e-03 3.038000e-01
316 6.929560e-01 2.824000e-03 3.042200e-01
317 6.923760e-01 2.876000e-03 3.047480e-01
318 6.919240e-01 2.880000e-03 3.051960e-01
319 6.914400e-01 2.860000e-03 3.057000e-01
320 6.908840e-01 2.900000e-03 3.062160e-01
321 6.904520e-01 2.892000e-03 3.066560e-01
322 6.899560e-01 2.888000e-03 3.071560e-01
323 6.895440e-01 2.864000e-03 3.075920e-01
324 6.890840e-01 2.852000e-03 3.080640e-01
325 6.886880e-01 2.740000e-03 3.085720e-01
326 6.883920e-01 2.484000e-03 3.091240e-01
327 6.879760e-01 2.464000e-03 3.095600e-01
328 6.875400e-01 2.524000e-03 3.099360e-01
329 6.871000e-01 2.480000e-03 3.104200e-01
330 6.867080e-01 2.400000e-03 3.108920e-01
331 6.862760e-01 2.420000e-03 3.113040e-01
332 6.858760e-01 2.372000e-03 3.117520e-01
333 6.855480e-01 2.276000e-03 3.121760e-01
334 6.851040e-01 2.336000e-03 3.125600e-01
335 6.847680e-01 2.220000e-03 3.130120e-01
336 6.844320e-01 2.120000e-03 3.134480e-01
337 6.840960e-01 2.152000e-03 3.137520e-01
338 6.837560e-01 2.100000e-03 3.141440e-01
339 6.834240e-01 2.076000e-03 3.145000e-01
340 6.830520e-01 2.048000e-03 3.149000e-01
341 6.827200e-01 2.032000e-03 3.152480e-01
342 6.823560e-01 2.044000e-03 3.156000e-01
343 6.819720e-01 2.136000e-03 3.158920e-01
344 6.816480e-01 2.080000e-03 3.162720e-01
345 6.813400e-01 1.988000e-03 3.166720e-01
346 6.810000e-01 1.944000e-03 3.170560e-01
347 6.806400e-01 2.012000e-03 3.173480e-01
348 6.802920e-01 1.972000e-03 3.177360e-01
349 6.798840e-01 2.116000e-03 3.180000e-01
350 6.794480e-01 2.196000e-03 3.183560e-01
351 6.790240e-01 2.252000e-03 3.187240e-01
352 6.786400e-01 2.196000e-03 3.191640e-01
353 6.782840e-01 2.148000e-03 3.195680e-01
354 6.779600e-01 2.108000e-03 3.199320e-01
355 6.776840e-01 2.032000e-03 3.202840e-01
356 6.774280e-01 1.968000e-03 3.206040e-01
357 6.771000e-01 1.968000e-03 3.209320e-01
358 6.767600e-01 1.920000e-03 3.213200e-01
359 6.764360e-01 1.948000e-03 3.216160e-01
360 6.761240e-01 1.900000e-03 3.219760e-01
361 6.758120e-01 1.912000e-03 3.222760e-01
362 6.755200e-01 1.884000e-03 3.225960e-01
363 6.752280e-01 1.844000e-03 3.229280e-01
364 6.748920e-01 1.840000e-03 3.232680e-01
365 6.745360e-01 1.868000e-03 3.235960e-01
366 6.742320e-01 1.860000e-03 3.239080e-01
367 6.739400e-01 1.844000e-03 3.242160e-01
368 6.736520e-01 1.808000e-03 3.245400e-01
369 6.733280e-01 1.836000e-03 3.248360e-01
370 6.730400e-01 1.832000e-03 3.251280e-01
371 6.727800e-01 1.824000e-03 3.253960e-01
372 6.724520e-01 1.804000e-03 3.257440e-01
373 6.721320e-01 1.860000e-03 3.260080e-01
374 6.717480e-01 1.932000e-03 3.263200e-01
375 6.714120e-01 1.936000e-03 3.266520e-01
376 6.711640e-01 1.792000e-03 3.270440e-01
377 6.708960e-01 1.704000e-03 3.274000e-01
378 6.705440e-01 1.776000e-03 3.276800e-01
379 6.702760e-01 1.736000e-03 3.279880e-01
380 6.700880e-01 1.640000e-03 3.282720e-01
381 6.698200e-01 1.604000e-03 3.285760e-01
382 6.694920e-01 1.652000e-03 3.288560e-01
383 6.692240e-01 1.644000e-03 3.291320e-01
384 6.689720e-01 1.620000e-03 3.294080e-01
385 6.686280e-01 1.656000e-03 3.297160e-01
386 6.683200e-01 1.644000e-03 3.300360e-01
387 6.680360e-01 1.608000e-03 3.303560e-01
388 6.677680e-01 1.560000e-03 3.306720e-01
389 6.674880e-01 1.596000e-03 3.309160e-01
390 6.671960e-01 1.636000e-03 3.311680e-01
391 6.668760e-01 1.672000e-03 3.314520e-01
392 6.666040e-01 1.628000e-03 3.317680e-01
393 6.663920e-01 1.540000e-03 3.320680e-01
394 6.660920e-01 1.608000e-03 3.323000e-01
395 6.658040e-01 1.528000e-03 3.326680e-01
396 6.655680e-01 1.496000e-03 3.329360e-01
397 6.653120e-01 1.452000e-03 3.332360e-01
398 6.651040e-01 1.384000e-03 3.335120e-01
399 6.648600e-01 1.368000e-03 3.337720e-01
400 6.646400e-01 1.340000e-03 3.340200e-01
401 6.643680e-01 1.388000e-03 3.342440e-01
402 6.641040e-01 1.428000e-03 3.344680e-01
403 6.638040e-01 1.452000e-03 3.347440e-01
404 6.635400e-01 1.468000e-03 3.349920e-01
405 6.632720e-01 1.484000e-03 3.352440e-01
406 6.631360e-01 1.384000e-03 3.354800e-01
407 6.629440e-01 1.304000e-03 3.357520e-01
408 6.626600e-01 1.324000e-03 3.360160e-01
409 6.624240e-01 1.364000e-03 3.362120e-01
410 6.622320e-01 1.360000e-03 3.364080e-01
411 6.620320e-01 1.340000e-03 3.366280e-01
412 6.618000e-01 1.312000e-03 3.368880e-01
413 6.615920e-01 1.312000e-03 3.370960e-01
414 6.613720e-01 1.280000e-03 3.373480e-01
415 6.611600e-01 1.212000e-03 3.376280e-01
416 6.609400e-01 1.232000e-03 3.378280e-01
417 6.607640e-01 1.216000e-03 3.380200e-01
418 6.604800e-01 1.284000e-03 3.382360e-01
419 6.602360e-01 1.356000e-03 3.384080e-01
420 6.599680e-01 1.400000e-03 3.386320e-01
421 6.596960e-01 1.428000e-03 3.388760e-01
422 6.594120e-01 1.496000e-03 3.390920e-01
423 6.591040e-01 1.532000e-03 3.393640e-01
424 6.588600e-01 1.472000e-03 3.396680e-01
425 6.586520e-01 1.360000e-03 3.399880e-01
426 6.583960e-01 1.352000e-03 3.402520e-01
427 6.581880e-01 1.316000e-03 3.404960e-01
428 6.580040e-01 1.264000e-03 3.407320e-01
429 6.577640e-01 1.292000e-03 3.409440e-01
430 6.575000e-01 1.356000e-03 3.411440e-01
431 6.573080e-01 1.300000e-03 3.413920e-01
432 6.571280e-01 1.260000e-03 3.416120e-01
433 6.569080e-01 1.244000e-03 3.418480e-01
434 6.567160e-01 1.164000e-03 3.421200e-01
435 6.564040e-01 1.208000e-03 3.423880e-01
436 6.562080e-01 1.128000e-03 3.426640e-01
437 6.560080e-01 1.088000e-03 3.429040e-01
438 6.557800e-01 1.088000e-03 3.431320e-01
439 6.555640e-01 1.132000e-03 3.433040e-01
440 6.553920e-01 1.096000e-03 3.435120e-01
441 6.551960e-01 1.140000e-03 3.436640e-01
442 6.550160e-01 1.140000e-03 3.438440e-01
443 6.548280e-01 1.160000e-03 3.440120e-01
444 6.545760e-01 1.160000e-03 3.442640e-01
445 6.543280e-01 1.216000e-03 3.444560e-01
446 6.541280e-01 1.192000e-03 3.446800e-01
447 6.539120e-01 1.196000e-03 3.448920e-01
448 6.537480e-01 1.144000e-03 3.451080e-01
449 6.535320e-01 1.140000e-03 3.453280e-01
450 6.533440e-01 1.084000e-03 3.455720e-01
451 6.531720e-01 1.084000e-03 3.457440e-01
452 6.530080e-01 1.080000e-03 3.459120e-01
453 6.527840e-01 1.084000e-03 3.461320e-01
454 6.526040e-01 1.120000e-03 3.462760e-01
455 6.523760e-01 1.116000e-03 3.465080e-01
456 6.521880e-01 1.116000e-03 3.466960e-01
457 6.519480e-01 1.176000e-03 3.468760e-01
458 6.518000e-01 1.108000e-03 3.470920e-01
459 6.516480e-01 1.076000e-03 3.472760e-01
460 6.514760e-01 1.076000e-03 3.474480e-01
461 6.513200e-01 1.032000e-03 3.476480e-01
462 6.512080e-01 1.008000e-03 3.477840e-01
463 6.510720e-01 9.840000e-04 3.479440e-01
464 6.508920e-01 9.840000e-04 3.481240e-01
465 6.507760e-01 9.000000e-04 3.483240e-01
466 6.506400e-01 8.920000e-04 3.484680e-01
467 6.504400e-01 9.320000e-04 3.486280e-01
468 6.502560e-01 9.320000e-04 3.488120e-01
469 6.500760e-01 9.560000e-04 3.489680e-01
470 6.498680e-01 9.360000e-04 3.491960e-01
471 6.496760e-01 9.960000e-04 3.493280e-01
472 6.494960e-01 9.640000e-04 3.495400e-01
473 6.493000e-01 9.600000e-04 3.497400e-01
474 6.490760e-01 9.840000e-04 3.499400e-01
475 6.488440e-01 1.028000e-03 3.501280e-01
476 6.486400e-01 1.072000e-03 3.502880e-01
477 6.483800e-01 1.152000e-03 3.504680e-01
478 6.482080e-01 1.076000e-03 3.507160e-01
479 6.480040e-01 1.112000e-03 3.508840e-01
480 6.478000e-01 1.108000e-03 3.510920e-01
481 6.475800e-01 1.132000e-03 3.512880e-01
482 6.473080e-01 1.200000e-03 3.514920e-01
483 6.470600e-01 1.232000e-03 3.517080e-01
484 6.467920e-01 1.252000e-03 3.519560e-01
485 6.466040e-01 1.244000e-03 3.521520e-01
486 6.464120e-01 1.252000e-03 3.523360e-01
487 6.462440e-01 1.228000e-03 3.525280e-01
488 6.460640e-01 1.172000e-03 3.527640e-01
489 6.457880e-01 1.276000e-03 3.529360e-01
490 6.455680e-01 1.320000e-03 3.531120e-01
491 6.453320e-01 1.364000e-03 3.533040e-01
492 6.451200e-01 1.356000e-03 3.535240e-01
493 6.449040e-01 1.300000e-03 3.537960e-01
494 6.446640e-01 1.384000e-03 3.539520e-01
495 6.444320e-01 1.356000e-03 3.542120e-01
496 6.441880e-01 1.400000e-03 3.544120e-01
497 6.438960e-01 1.420000e-03 3.546840e-01
498 6.435920e-01 1.460000e-03 3.549480e-01
499 6.433160e-01 1.444000e-03 3.552400e-01
500 6.430600e-01 1.480000e-03 3.554600e-01
