1 9.992480e-01 6.800000e-04 7.200000e-05
2 9.987680e-01 9.920000e-04 2.400000e-04
3 9.982000e-01 1.348000e-03 4.520000e-04
4 9.975120e-01 1.828000e-03 6.600000e-04
5 9.966920e-01 2.264000e-03 1.044000e-03
6 9.958360e-01 2.740000e-03 1.424000e-03
7 9.948240e-01 3.268000e-03 1.908000e-03
8 9.939320e-01 3.528000e-03 2.540000e-03
9 9.927680e-01 4.068000e-03 3.164000e-03
10 9.917080e-01 4.336000e-03 3.956000e-03
11 9.905480e-01 4.716000e-03 4.736000e-03
12 9.895280e-01 4.844000e-03 5.628000e-03
13 9.883440e-01 5.096000e-03 6.560000e-03
14 9.871640e-01 5.316000e-03 7.520000e-03
15 9.858880e-01 5.628000e-03 8.484000e-03
16 9.846800e-01 5.800000e-03 9.520000e-03
17 9.835000e-01 5.968000e-03 1.053200e-02
18 9.824480e-01 5.852000e-03 1.170000e-02
19 9.811920e-01 6.160000e-03 1.264800e-02
20 9.798120e-01 6.432000e-03 1.375600e-02
21 9.784560e-01 6.684000e-03 1.486000e-02
22 9.769840e-01 6.968000e-03 1.604800e-02
23 9.755840e-01 7.160000e-03 1.725600e-02
24 9.741280e-01 7.388000e-03 1.848400e-02
25 9.725960e-01 7.472000e-03 1.993200e-02
26 9.712480e-01 7.540000e-03 2.121200e-02
27 9.699640e-01 7.548000e-03 2.248800e-02
28 9.685040e-01 7.656000e-03 2.384000e-02
29 9.671880e-01 7.680000e-03 2.513200e-02
30 9.658000e-01 7.836000e-03 2.636400e-02
31 9.644440e-01 7.804000e-03 2.775200e-02
32 9.630680e-01 7.948000e-03 2.898400e-02
33 9.618920e-01 7.728000e-03 3.038000e-02
34 9.606280e-01 7.724000e-03 3.164800e-02
35 9.592080e-01 7.912000e-03 3.288000e-02
36 9.578320e-01 7.876000e-03 3.429200e-02
37 9.564000e-01 7.992000e-03 3.560800e-02
38 9.549080e-01 8.108000e-03 3.698400e-02
39 9.532880e-01 8.248000e-03 3.846400e-02
40 9.517560e-01 8.536000e-03 3.970800e-02
41 9.502320e-01 8.472000e-03 4.129600e-02
42 9.486280e-01 8.696000e-03 4.267600e-02
43 9.470360e-01 8.812000e-03 4.415200e-02
44 9.454840e-01 8.828000e-03 4.568800e-02
45 9.437040e-01 9.120000e-03 4.717600e-02
46 9.420640e-01 9.124000e-03 4.881200e-02
47 9.403800e-01 9.212000e-03 5.040800e-02
48 9.386840e-01 9.380000e-03 5.193600e-02
49 9.370120e-01 9.496000e-03 5.349200e-02
50 9.353680e-01 9.512000e-03 5.512000e-02
51 9.337880e-01 9.500000e-03 5.671200e-02
52 9.318280e-01 9.684000e-03 5.848800e-02
53 9.300560e-01 9.836000e-03 6.010800e-02
54 9.280120e-01 9.956000e-03 6.203200e-02
55 9.262520e-01 9.972000e-03 6.377600e-02
56 9.243400e-01 1.008000e-02 6.558000e-02
57 9.224720e-01 1.026000e-02 6.726800e-02
58 9.207440e-01 1.030400e-02 6.895200e-02
59 9.188320e-01 1.035200e-02 7.081600e-02
60 9.169800e-01 1.032400e-02 7.269600e-02
61 9.150440e-01 1.062800e-02 7.432800e-02
62 9.132560e-01 1.060400e-02 7.614000e-02
63 9.112960e-01 1.067200e-02 7.803200e-02
64 9.094560e-01 1.069200e-02 7.985200e-02
65 9.077600e-01 1.050400e-02 8.173600e-02
66 9.060240e-01 1.027200e-02 8.370400e-02
67 9.041760e-01 1.035600e-02 8.546800e-02
68 9.023800e-01 1.034000e-02 8.728000e-02
69 9.008600e-01 9.940000e-03 8.920000e-02
70 8.991880e-01 9.896000e-03 9.091600e-02
71 8.974600e-01 9.996000e-03 9.254400e-02
72 8.959280e-01 9.792000e-03 9.428000e-02
73 8.943320e-01 9.600000e-03 9.606800e-02
74 8.926480e-01 9.588000e-03 9.776400e-02
75 8.910920e-01 9.372000e-03 9.953600e-02
76 8.895120e-01 9.256000e-03 1.012320e-01
77 8.878480e-01 9.376000e-03 1.027760e-01
78 8.861440e-01 9.436000e-03 1.044200e-01
79 8.845200e-01 9.420000e-03 1.060600e-01
80 8.828560e-01 9.380000e-03 1.077640e-01
81 8.812600e-01 9.392000e-03 1.093480e-01
82 8.796600e-01 9.328000e-03 1.110120e-01
83 8.782760e-01 9.156000e-03 1.125680e-01
84 8.766880e-01 9.052000e-03 1.142600e-01
85 8.751920e-01 8.952000e-03 1.158560e-01
86 8.737160e-01 8.776000e-03 1.175080e-01
87 8.722000e-01 8.752000e-03 1.190480e-01
88 8.705720e-01 8.912000e-03 1.205160e-01
89 8.690640e-01 8.856000e-03 1.220800e-01
90 8.675400e-01 8.824000e-03 1.236360e-01
91 8.661280e-01 8.632000e-03 1.252400e-01
92 8.647440e-01 8.604000e-03 1.266520e-01
93 8.632120e-01 8.572000e-03 1.282160e-01
94 8.618240e-01 8.532000e-03 1.296440e-01
95 8.602680e-01 8.484000e-03 1.312480e-01
96 8.587400e-01 8.420000e-03 1.328400e-01
97 8.572240e-01 8.408000e-03 1.343680e-01
98 8.557960e-01 8.384000e-03 1.358200e-01
99 8.539560e-01 8.756000e-03 1.372880e-01
100 8.522080e-01 8.916000e-03 1.388760e-01
101 8.506680e-01 8.896000e-03 1.404360e-01
102 8.490120e-01 8.876000e-03 1.421120e-01
103 8.475120e-01 8.820000e-03 1.436680e-01
104 8.460480e-01 8.804000e-03 1.451480e-01
105 8.446280e-01 8.600000e-03 1.467720e-01
106 8.433000e-01 8.276000e-03 1.484240e-01
107 8.419160e-01 8.180000e-03 1.499040e-01
108 8.406200e-01 8.080000e-03 1.513000e-01
109 8.392440e-01 8.140000e-03 1.526160e-01
110 8.378120e-01 8.204000e-03 1.539840e-01
111 8.364240e-01 8.152000e-03 1.554240e-01
112 8.349440e-01 8.240000e-03 1.568160e-01
113 8.334880e-01 8.168000e-03 1.583440e-01
114 8.321080e-01 8.228000e-03 1.596640e-01
115 8.305600e-01 8.264000e-03 1.611760e-01
116 8.291600e-01 8.248000e-03 1.625920e-01
117 8.277920e-01 8.244000e-03 1.639640e-01
118 8.263040e-01 8.252000e-03 1.654440e-01
119 8.247280e-01 8.392000e-03 1.668800e-01
120 8.233000e-01 8.452000e-03 1.682480e-01
121 8.218400e-01 8.420000e-03 1.697400e-01
122 8.204360e-01 8.356000e-03 1.712080e-01
123 8.190440e-01 8.108000e-03 1.728480e-01
124 8.176440e-01 8.140000e-03 1.742160e-01
125 8.164080e-01 7.924000e-03 1.756680e-01
126 8.149240e-01 8.064000e-03 1.770120e-01
127 8.135640e-01 8.064000e-03 1.783720e-01
128 8.122560e-01 7.948000e-03 1.797960e-01
129 8.108000e-01 7.976000e-03 1.812240e-01
130 8.093360e-01 8.012000e-03 1.826520e-01
131 8.079760e-01 7.988000e-03 1.840360e-01
132 8.065440e-01 7.960000e-03 1.854960e-01
133 8.050640e-01 8.048000e-03 1.868880e-01
134 8.036000e-01 8.124000e-03 1.882760e-01
135 8.021600e-01 8.180000e-03 1.896600e-01
136 8.006800e-01 8.128000e-03 1.911920e-01
137 7.992800e-01 8.072000e-03 1.926480e-01
138 7.978640e-01 8.132000e-03 1.940040e-01
139 7.965440e-01 7.980000e-03 1.954760e-01
140 7.951720e-01 8.012000e-03 1.968160e-01
141 7.937280e-01 8.084000e-03 1.981880e-01
142 7.923880e-01 7.912000e-03 1.997000e-01
143 7.910200e-01 7.828000e-03 2.011520e-01
144 7.895480e-01 7.924000e-03 2.025280e-01
145 7.881040e-01 8.064000e-03 2.038320e-01
146 7.866440e-01 8.028000e-03 2.053280e-01
147 7.850800e-01 8.140000e-03 2.067800e-01
148 7.836960e-01 8.116000e-03 2.081880e-01
149 7.823920e-01 8.188000e-03 2.094200e-01
150 7.809800e-01 8.184000e-03 2.108360e-01
151 7.795560e-01 8.188000e-03 2.122560e-01
152 7.782200e-01 8.092000e-03 2.136880e-01
153 7.768600e-01 8.064000e-03 2.150760e-01
154 7.753880e-01 8.108000e-03 2.165040e-01
155 7.739720e-01 8.192000e-03 2.178360e-01
156 7.727560e-01 7.960000e-03 2.192840e-01
157 7.715320e-01 7.832000e-03 2.206360e-01
158 7.703400e-01 7.636000e-03 2.220240e-01
159 7.690920e-01 7.452000e-03 2.234560e-01
160 7.678960e-01 7.416000e-03 2.246880e-01
161 7.666360e-01 7.440000e-03 2.259240e-01
162 7.653120e-01 7.556000e-03 2.271320e-01
163 7.640200e-01 7.508000e-03 2.284720e-01
164 7.626600e-01 7.560000e-03 2.297800e-01
165 7.614640e-01 7.420000e-03 2.311160e-01
166 7.602640e-01 7.312000e-03 2.324240e-01
167 7.590480e-01 7.328000e-03 2.336240e-01
168 7.579240e-01 7.168000e-03 2.349080e-01
169 7.566080e-01 7.136000e-03 2.362560e-01
170 7.552360e-01 7.304000e-03 2.374600e-01
171 7.540440e-01 7.384000e-03 2.385720e-01
172 7.527400e-01 7.460000e-03 2.398000e-01
173 7.515320e-01 7.312000e-03 2.411560e-01
174 7.502720e-01 7.312000e-03 2.424160e-01
175 7.489760e-01 7.356000e-03 2.436680e-01
176 7.477920e-01 7.152000e-03 2.450560e-01
177 7.465480e-01 7.084000e-03 2.463680e-01
178 7.453040e-01 7.172000e-03 2.475240e-01
179 7.439720e-01 7.316000e-03 2.487120e-01
180 7.427080e-01 7.272000e-03 2.500200e-01
181 7.413440e-01 7.424000e-03 2.512320e-01
182 7.399840e-01 7.564000e-03 2.524520e-01
183 7.388040e-01 7.484000e-03 2.537120e-01
184 7.376160e-01 7.348000e-03 2.550360e-01
185 7.362920e-01 7.396000e-03 2.563120e-01
186 7.352160e-01 7.224000e-03 2.575600e-01
187 7.339400e-01 7.260000e-03 2.588000e-01
188 7.327320e-01 7.196000e-03 2.600720e-01
189 7.316280e-01 7.076000e-03 2.612960e-01
190 7.304840e-01 7.008000e-03 2.625080e-01
191 7.291840e-01 6.968000e-03 2.638480e-01
192 7.279920e-01 6.876000e-03 2.651320e-01
193 7.269000e-01 6.664000e-03 2.664360e-01
194 7.257200e-01 6.664000e-03 2.676160e-01
195 7.246040e-01 6.552000e-03 2.688440e-01
196 7.234480e-01 6.476000e-03 2.700760e-01
197 7.223560e-01 6.444000e-03 2.712000e-01
198 7.210600e-01 6.700000e-03 2.722400e-01
199 7.196240e-01 6.932000e-03 2.734440e-01
200 7.183240e-01 6.952000e-03 2.747240e-01
201 7.170880e-01 6.960000e-03 2.759520e-01
202 7.160440e-01 6.880000e-03 2.770760e-01
203 7.148160e-01 6.928000e-03 2.782560e-01
204 7.135360e-01 6.964000e-03 2.795000e-01
205 7.123200e-01 6.888000e-03 2.807920e-01
206 7.112440e-01 6.748000e-03 2.820080e-01
207 7.102640e-01 6.576000e-03 2.831600e-01
208 7.091880e-01 6.476000e-03 2.843360e-01
209 7.081240e-01 6.272000e-03 2.856040e-01
210 7.070240e-01 6.276000e-03 2.867000e-01
211 7.059000e-01 6.240000e-03 2.878600e-01
212 7.047280e-01 6.324000e-03 2.889480e-01
213 7.036360e-01 6.380000e-03 2.899840e-01
214 7.025200e-01 6.380000e-03 2.911000e-01
215 7.014360e-01 6.316000e-03 2.922480e-01
216 7.002560e-01 6.392000e-03 2.933520e-01
217 6.991040e-01 6.504000e-03 2.943920e-01
218 6.978840e-01 6.636000e-03 2.954800e-01
219 6.967240e-01 6.632000e-03 2.966440e-01
220 6.955600e-01 6.740000e-03 2.977000e-01
221 6.944320e-01 6.664000e-03 2.989040e-01
222 6.933720e-01 6.592000e-03 3.000360e-01
223 6.921800e-01 6.764000e-03 3.010560e-01
224 6.910840e-01 6.788000e-03 3.021280e-01
225 6.900160e-01 6.632000e-03 3.033520e-01
226 6.888480e-01 6.672000e-03 3.044800e-01
227 6.877480e-01 6.516000e-03 3.057360e-01
228 6.866160e-01 6.536000e-03 3.068480e-01
229 6.854480e-01 6.480000e-03 3.080720e-01
230 6.843680e-01 6.420000e-03 3.092120e-01
231 6.833360e-01 6.336000e-03 3.103280e-01
232 6.823840e-01 6.148000e-03 3.114680e-01
233 6.813760e-01 6.136000e-03 3.124880e-01
234 6.803080e-01 6.104000e-03 3.135880e-01
235 6.791920e-01 6.116000e-03 3.146920e-01
236 6.780960e-01 6.228000e-03 3.156760e-01
237 6.769600e-01 6.288000e-03 3.167520e-01
238 6.757080e-01 6.464000e-03 3.178280e-01
239 6.744800e-01 6.560000e-03 3.189600e-01
240 6.732400e-01 6.564000e-03 3.201960e-01
241 6.720560e-01 6.660000e-03 3.212840e-01
242 6.708680e-01 6.672000e-03 3.224600e-01
243 6.697320e-01 6.604000e-03 3.236640e-01
244 6.686200e-01 6.588000e-03 3.247920e-01
245 6.676120e-01 6.372000e-03 3.260160e-01
246 6.665760e-01 6.344000e-03 3.270800e-01
247 6.655200e-01 6.376000e-03 3.281040e-01
248 6.645520e-01 6.276000e-03 3.291720e-01
249 6.635360e-01 6.296000e-03 3.301680e-01
250 6.626560e-01 6.156000e-03 3.311880e-01
251 6.615640e-01 6.124000e-03 3.323120e-01
252 6.606120e-01 5.900000e-03 3.334880e-01
253 6.597040e-01 5.732000e-03 3.345640e-01
254 6.587440e-01 5.664000e-03 3.355920e-01
255 6.577840e-01 5.740000e-03 3.364760e-01
256 6.569280e-01 5.564000e-03 3.375080e-01
257 6.561600e-01 5.380000e-03 3.384600e-01
258 6.552760e-01 5.296000e-03 3.394280e-01
259 6.544440e-01 5.200000e-03 3.403560e-01
260 6.536000e-01 5.164000e-03 3.412360e-01
261 6.528080e-01 5.160000e-03 3.420320e-01
262 6.519160e-01 5.216000e-03 3.428680e-01
263 6.508840e-01 5.288000e-03 3.438280e-01
264 6.499920e-01 5.224000e-03 3.447840e-01
265 6.491160e-01 5.120000e-03 3.457640e-01
266 6.482920e-01 5.116000e-03 3.465920e-01
267 6.474560e-01 5.132000e-03 3.474120e-01
268 6.465640e-01 5.076000e-03 3.483600e-01
269 6.458320e-01 4.880000e-03 3.492880e-01
270 6.449640e-01 4.840000e-03 3.501960e-01
271 6.441760e-01 4.772000e-03 3.510520e-01
272 6.434320e-01 4.700000e-03 3.518680e-01
273 6.427280e-01 4.560000e-03 3.527120e-01
274 6.418960e-01 4.668000e-03 3.534360e-01
275 6.412600e-01 4.572000e-03 3.541680e-01
276 6.405200e-01 4.504000e-03 3.549760e-01
277 6.397000e-01 4.508000e-03 3.557920e-01
278 6.389000e-01 4.616000e-03 3.564840e-01
279 6.382080e-01 4.460000e-03 3.573320e-01
280 6.374280e-01 4.516000e-03 3.580560e-01
281 6.367200e-01 4.376000e-03 3.589040e-01
282 6.359800e-01 4.352000e-03 3.596680e-01
283 6.353200e-01 4.348000e-03 3.603320e-01
284 6.346280e-01 4.184000e-03 3.611880e-01
285 6.338720e-01 4.132000e-03 3.619960e-01
286 6.331720e-01 4.204000e-03 3.626240e-01
287 6.325080e-01 4.068000e-03 3.634240e-01
288 6.316840e-01 4.212000e-03 3.641040e-01
289 6.310200e-01 4.176000e-03 3.648040e-01
290 6.303600e-01 4.084000e-03 3.655560e-01
291 6.296520e-01 4.100000e-03 3.662480e-01
292 6.289120e-01 4.160000e-03 3.669280e-01
293 6.281240e-01 4.116000e-03 3.677600e-01
294 6.273920e-01 4.184000e-03 3.684240e-01
295 6.267160e-01 4.116000e-03 3.691680e-01
296 6.260440e-01 4.108000e-03 3.698480e-01
297 6.254120e-01 4.084000e-03 3.705040e-01
298 6.248760e-01 3.944000e-03 3.711800e-01
299 6.242040e-01 4.044000e-03 3.717520e-01
300 6.236000e-01 3.920000e-03 3.724800e-01
301 6.229440e-01 3.920000e-03 3.731360e-01
302 6.223200e-01 3.916000e-03 3.737640e-01
303 6.217280e-01 3.736000e-03 3.745360e-01
304 6.211680e-01 3.628000e-03 3.752040e-01
305 6.204520e-01 3.744000e-03 3.758040e-01
306 6.198280e-01 3.652000e-03 3.765200e-01
307 6.192000e-01 3.624000e-03 3.771760e-01
308 6.186080e-01 3.592000e-03 3.778000e-01
309 6.179760e-01 3.584000e-03 3.784400e-01
310 6.173240e-01 3.656000e-03 3.790200e-01
311 6.165880e-01 3.672000e-03 3.797400e-01
312 6.159640e-01 3.652000e-03 3.803840e-01
313 6.153200e-01 3.640000e-03 3.810400e-01
314 6.147080e-01 3.668000e-03 3.816240e-01
315 6.141600e-01 3.652000e-03 3.821880e-01
316 6.136080e-01 3.532000e-03 3.828600e-01
317 6.129840e-01 3.564000e-03 3.834520e-01
318 6.124720e-01 3.520000e-03 3.840080e-01
319 6.119440e-01 3.468000e-03 3.845880e-01
320 6.114200e-01 3.292000e-03 3.852880e-01
321 6.108920e-01 3.308000e-03 3.858000e-01
322 6.103240e-01 3.304000e-03 3.863720e-01
323 6.096560e-01 3.460000e-03 3.868840e-01
324 6.090640e-01 3.416000e-03 3.875200e-01
325 6.084480e-01 3.440000e-03 3.881120e-01
326 6.078960e-01 3.328000e-03 3.887760e-01
327 6.073640e-01 3.272000e-03 3.893640e-01
328 6.068680e-01 3.136000e-03 3.899960e-01
329 6.063400e-01 3.136000e-03 3.905240e-01
330 6.058760e-01 3.128000e-03 3.909960e-01
331 6.054240e-01 3.080000e-03 3.914960e-01
332 6.049880e-01 2.992000e-03 3.920200e-01
333 6.045520e-01 2.896000e-03 3.925520e-01
334 6.040640e-01 2.960000e-03 3.929760e-01
335 6.036400e-01 2.892000e-03 3.934680e-01
336 6.032200e-01 2.844000e-03 3.939360e-01
337 6.028000e-01 2.780000e-03 3.944200e-01
338 6.024160e-01 2.620000e-03 3.949640e-01
339 6.019400e-01 2.564000e-03 3.954960e-01
340 6.015000e-01 2.556000e-03 3.959440e-01
341 6.010880e-01 2.524000e-03 3.963880e-01
342 6.006720e-01 2.608000e-03 3.967200e-01
343 6.001920e-01 2.592000e-03 3.972160e-01
344 5.997680e-01 2.604000e-03 3.976280e-01
345 5.993440e-01 2.556000e-03 3.981000e-01
346 5.988120e-01 2.684000e-03 3.985040e-01
347 5.983120e-01 2.704000e-03 3.989840e-01
348 5.978760e-01 2.720000e-03 3.994040e-01
349 5.973880e-01 2.740000e-03 3.998720e-01
350 5.969040e-01 2.752000e-03 4.003440e-01
351 5.965400e-01 2.676000e-03 4.007840e-01
352 5.960720e-01 2.768000e-03 4.011600e-01
353 5.955640e-01 2.868000e-03 4.015680e-01
354 5.950880e-01 2.880000e-03 4.020320e-01
355 5.946720e-01 2.800000e-03 4.025280e-01
356 5.942760e-01 2.676000e-03 4.030480e-01
357 5.938760e-01 2.636000e-03 4.034880e-01
358 5.935320e-01 2.484000e-03 4.039840e-01
359 5.931000e-01 2.492000e-03 4.044080e-01
360 5.926120e-01 2.572000e-03 4.048160e-01
361 5.921720e-01 2.592000e-03 4.052360e-01
362 5.917920e-01 2.576000e-03 4.056320e-01
363 5.913960e-01 2.548000e-03 4.060560e-01
364 5.910200e-01 2.524000e-03 4.064560e-01
365 5.905400e-01 2.560000e-03 4.069000e-01
366 5.900800e-01 2.596000e-03 4.073240e-01
367 5.897120e-01 2.508000e-03 4.077800e-01
368 5.893760e-01 2.416000e-03 4.082080e-01
369 5.890040e-01 2.352000e-03 4.086440e-01
370 5.885720e-01 2.384000e-03 4.090440e-01
371 5.881640e-01 2.352000e-03 4.094840e-01
372 5.877200e-01 2.352000e-03 4.099280e-01
373 5.873160e-01 2.336000e-03 4.103480e-01
374 5.868640e-01 2.380000e-03 4.107560e-01
375 5.864680e-01 2.340000e-03 4.111920e-01
376 5.861720e-01 2.220000e-03 4.116080e-01
377 5.859040e-01 2.076000e-03 4.120200e-01
378 5.856200e-01 2.028000e-03 4.123520e-01
379 5.853960e-01 1.884000e-03 4.127200e-01
380 5.850840e-01 1.832000e-03 4.130840e-01
381 5.847880e-01 1.852000e-03 4.133600e-01
382 5.844920e-01 1.796000e-03 4.137120e-01
383 5.842240e-01 1.788000e-03 4.139880e-01
384 5.839160e-01 1.804000e-03 4.142800e-01
385 5.836640e-01 1.676000e-03 4.146600e-01
386 5.834160e-01 1.684000e-03 4.149000e-01
387 5.831640e-01 1.668000e-03 4.151680e-01
388 5.828520e-01 1.712000e-03 4.154360e-01
389 5.825160e-01 1.776000e-03 4.157080e-01
390 5.821880e-01 1.816000e-03 4.159960e-01
391 5.818320e-01 1.872000e-03 4.162960e-01
392 5.814680e-01 1.836000e-03 4.166960e-01
393 5.811480e-01 1.812000e-03 4.170400e-01
394 5.809280e-01 1.760000e-03 4.173120e-01
395 5.807560e-01 1.692000e-03 4.175520e-01
396 5.804640e-01 1.740000e-03 4.177960e-01
397 5.802280e-01 1.676000e-03 4.180960e-01
398 5.799920e-01 1.560000e-03 4.184480e-01
399 5.797200e-01 1.536000e-03 4.187440e-01
400 5.794680e-01 1.532000e-03 4.190000e-01
401 5.792320e-01 1.528000e-03 4.192400e-01
402 5.789760e-01 1.520000e-03 4.195040e-01
403 5.787560e-01 1.444000e-03 4.198000e-01
404 5.785360e-01 1.412000e-03 4.200520e-01
405 5.783240e-01 1.400000e-03 4.202760e-01
406 5.780320e-01 1.460000e-03 4.205080e-01
407 5.777440e-01 1.484000e-03 4.207720e-01
408 5.773840e-01 1.580000e-03 4.210360e-01
409 5.771080e-01 1.628000e-03 4.212640e-01
410 5.768480e-01 1.620000e-03 4.215320e-01
411 5.764880e-01 1.708000e-03 4.218040e-01
412 5.761000e-01 1.812000e-03 4.220880e-01
413 5.758480e-01 1.760000e-03 4.223920e-01
414 5.755720e-01 1.712000e-03 4.227160e-01
415 5.753280e-01 1.704000e-03 4.229680e-01
416 5.750800e-01 1.660000e-03 4.232600e-01
417 5.748320e-01 1.644000e-03 4.235240e-01
418 5.744760e-01 1.736000e-03 4.237880e-01
419 5.741880e-01 1.776000e-03 4.240360e-01
420 5.738680e-01 1.772000e-03 4.243600e-01
421 5.734960e-01 1.864000e-03 4.246400e-01
422 5.731640e-01 1.868000e-03 4.249680e-01
423 5.728200e-01 1.908000e-03 4.252720e-01
424 5.724760e-01 1.896000e-03 4.256280e-01
425 5.721440e-01 1.924000e-03 4.259320e-01
426 5.718520e-01 1.892000e-03 4.262560e-01
427 5.715840e-01 1.808000e-03 4.266080e-01
428 5.713360e-01 1.692000e-03 4.269720e-01
429 5.711000e-01 1.616000e-03 4.272840e-01
430 5.708360e-01 1.528000e-03 4.276360e-01
431 5.705880e-01 1.504000e-03 4.279080e-01
432 5.703640e-01 1.492000e-03 4.281440e-01
433 5.701840e-01 1.448000e-03 4.283680e-01
434 5.699560e-01 1.480000e-03 4.285640e-01
435 5.696800e-01 1.504000e-03 4.288160e-01
436 5.694080e-01 1.540000e-03 4.290520e-01
437 5.691400e-01 1.536000e-03 4.293240e-01
438 5.689160e-01 1.416000e-03 4.296680e-01
439 5.687480e-01 1.348000e-03 4.299040e-01
440 5.685600e-01 1.328000e-03 4.301120e-01
441 5.683880e-01 1.240000e-03 4.303720e-01
442 5.682080e-01 1.180000e-03 4.306120e-01
443 5.679960e-01 1.200000e-03 4.308040e-01
444 5.678040e-01 1.164000e-03 4.310320e-01
445 5.676240e-01 1.160000e-03 4.312160e-01
446 5.673840e-01 1.200000e-03 4.314160e-01
447 5.671880e-01 1.228000e-03 4.315840e-01
448 5.669520e-01 1.316000e-03 4.317320e-01
449 5.667360e-01 1.332000e-03 4.319320e-01
450 5.664880e-01 1.348000e-03 4.321640e-01
451 5.663080e-01 1.256000e-03 4.324360e-01
452 5.660840e-01 1.272000e-03 4.326440e-01
453 5.658640e-01 1.308000e-03 4.328280e-01
454 5.656840e-01 1.272000e-03 4.330440e-01
455 5.654360e-01 1.304000e-03 4.332600e-01
456 5.651560e-01 1.360000e-03 4.334840e-01
457 5.648960e-01 1.308000e-03 4.337960e-01
458 5.646720e-01 1.280000e-03 4.340480e-01
459 5.644440e-01 1.244000e-03 4.343120e-01
460 5.641880e-01 1.288000e-03 4.345240e-01
461 5.639840e-01 1.264000e-03 4.347520e-01
462 5.637880e-01 1.272000e-03 4.349400e-01
463 5.635000e-01 1.384000e-03 4.351160e-01
464 5.632840e-01 1.376000e-03 4.353400e-01
465 5.630200e-01 1.428000e-03 4.355520e-01
466 5.628120e-01 1.380000e-03 4.358080e-01
467 5.625360e-01 1.404000e-03 4.360600e-01
468 5.622840e-01 1.448000e-03 4.362680e-01
469 5.620840e-01 1.412000e-03 4.365040e-01
470 5.618760e-01 1.396000e-03 4.367280e-01
471 5.616640e-01 1.368000e-03 4.369680e-01
472 5.614040e-01 1.388000e-03 4.372080e-01
473 5.611800e-01 1.396000e-03 4.374240e-01
474 5.609720e-01 1.360000e-03 4.376680e-01
475 5.607680e-01 1.356000e-03 4.378760e-01
476 5.605240e-01 1.360000e-03 4.381160e-01
477 5.603080e-01 1.372000e-03 4.383200e-01
478 5.601000e-01 1.336000e-03 4.385640e-01
479 5.599080e-01 1.280000e-03 4.388120e-01
480 5.596840e-01 1.280000e-03 4.390360e-01
481 5.594720e-01 1.228000e-03 4.393000e-01
482 5.592760e-01 1.248000e-03 4.394760e-01
483 5.590640e-01 1.248000e-03 4.396880e-01
484 5.589080e-01 1.200000e-03 4.398920e-01
485 5.587040e-01 1.184000e-03 4.401120e-01
486 5.584800e-01 1.212000e-03 4.403080e-01
487 5.582200e-01 1.200000e-03 4.405800e-01
488 5.580240e-01 1.208000e-03 4.407680e-01
489 5.577880e-01 1.224000e-03 4.409880e-01
490 5.575280e-01 1.288000e-03 4.411840e-01
491 5.572440e-01 1.376000e-03 4.413800e-01
492 5.569760e-01 1.376000e-03 4.416480e-01
493 5.567720e-01 1.384000e-03 4.418440e-01
494 5.565120e-01 1.368000e-03 4.421200e-01
495 5.562800e-01 1.340000e-03 4.423800e-01
496 5.560200e-01 1.340000e-03 4.426400e-01
497 5.557400e-01 1.344000e-03 4.429160e-01
498 5.555560e-01 1.260000e-03 4.431840e-01
499 5.552880e-01 1.220000e-03 4.434920e-01
500 5.550160e-01 1.328000e-03 4.436560e-01
