1 9.992880e-01 6.240000e-04 8.800000e-05
2 9.988240e-01 9.360000e-04 2.400000e-04
3 9.982480e-01 1.312000e-03 4.400000e-04
4 9.973920e-01 1.868000e-03 7.400000e-04
5 9.965440e-01 2.344000e-03 1.112000e-03
6 9.956000e-01 2.836000e-03 1.564000e-03
7 9.946960e-01 3.184000e-03 2.120000e-03
8 9.937560e-01 3.604000e-03 2.640000e-03
9 9.927280e-01 3.996000e-03 3.276000e-03
10 9.918160e-01 4.212000e-03 3.972000e-03
11 9.908120e-01 4.424000e-03 4.764000e-03
12 9.897720e-01 4.624000e-03 5.604000e-03
13 9.887800e-01 4.792000e-03 6.428000e-03
14 9.876240e-01 5.120000e-03 7.256000e-03
15 9.864520e-01 5.368000e-03 8.180000e-03
16 9.854880e-01 5.396000e-03 9.116000e-03
17 9.845480e-01 5.340000e-03 1.011200e-02
18 9.835360e-01 5.392000e-03 1.107200e-02
19 9.825400e-01 5.452000e-03 1.200800e-02
20 9.814640e-01 5.524000e-03 1.301200e-02
21 9.804360e-01 5.520000e-03 1.404400e-02
22 9.792400e-01 5.780000e-03 1.498000e-02
23 9.780040e-01 6.060000e-03 1.593600e-02
24 9.768080e-01 6.156000e-03 1.703600e-02
25 9.755640e-01 6.236000e-03 1.820000e-02
26 9.743240e-01 6.392000e-03 1.928400e-02
27 9.729640e-01 6.648000e-03 2.038800e-02
28 9.715520e-01 6.908000e-03 2.154000e-02
29 9.701520e-01 7.016000e-03 2.283200e-02
30 9.687320e-01 7.152000e-03 2.411600e-02
31 9.674240e-01 7.140000e-03 2.543600e-02
32 9.660120e-01 7.388000e-03 2.660000e-02
33 9.645720e-01 7.564000e-03 2.786400e-02
34 9.629240e-01 7.876000e-03 2.920000e-02
35 9.614000e-01 8.044000e-03 3.055600e-02
36 9.598120e-01 8.204000e-03 3.198400e-02
37 9.584480e-01 8.112000e-03 3.344000e-02
38 9.569440e-01 8.096000e-03 3.496000e-02
39 9.553360e-01 8.236000e-03 3.642800e-02
40 9.538000e-01 8.340000e-03 3.786000e-02
41 9.521000e-01 8.580000e-03 3.932000e-02
42 9.506440e-01 8.560000e-03 4.079600e-02
43 9.489720e-01 8.724000e-03 4.230400e-02
44 9.472000e-01 8.836000e-03 4.396400e-02
45 9.455680e-01 8.900000e-03 4.553200e-02
46 9.440560e-01 8.808000e-03 4.713600e-02
47 9.425000e-01 8.680000e-03 4.882000e-02
48 9.409720e-01 8.676000e-03 5.035200e-02
49 9.393520e-01 8.900000e-03 5.174800e-02
50 9.378080e-01 9.016000e-03 5.317600e-02
51 9.362040e-01 9.080000e-03 5.471600e-02
52 9.346600e-01 8.956000e-03 5.638400e-02
53 9.331920e-01 8.868000e-03 5.794000e-02
54 9.317320e-01 8.716000e-03 5.955200e-02
55 9.301280e-01 8.860000e-03 6.101200e-02
56 9.286200e-01 8.752000e-03 6.262800e-02
57 9.271520e-01 8.660000e-03 6.418800e-02
58 9.256560e-01 8.612000e-03 6.573200e-02
59 9.241480e-01 8.648000e-03 6.720400e-02
60 9.225800e-01 8.728000e-03 6.869200e-02
61 9.209320e-01 8.820000e-03 7.024800e-02
62 9.193440e-01 8.856000e-03 7.180000e-02
63 9.176320e-01 9.028000e-03 7.334000e-02
64 9.159600e-01 8.896000e-03 7.514400e-02
65 9.144240e-01 9.032000e-03 7.654400e-02
66 9.127840e-01 9.008000e-03 7.820800e-02
67 9.113120e-01 8.880000e-03 7.980800e-02
68 9.096400e-01 9.116000e-03 8.124400e-02
69 9.081360e-01 9.012000e-03 8.285200e-02
70 9.066600e-01 8.772000e-03 8.456800e-02
71 9.051680e-01 8.752000e-03 8.608000e-02
72 9.035600e-01 8.816000e-03 8.762400e-02
73 9.019560e-01 8.884000e-03 8.916000e-02
74 9.004200e-01 8.808000e-03 9.077200e-02
75 8.988440e-01 8.848000e-03 9.230800e-02
76 8.972680e-01 8.820000e-03 9.391200e-02
77 8.957000e-01 8.700000e-03 9.560000e-02
78 8.943480e-01 8.636000e-03 9.701600e-02
79 8.928760e-01 8.688000e-03 9.843600e-02
80 8.913680e-01 8.752000e-03 9.988000e-02
81 8.898840e-01 8.712000e-03 1.014040e-01
82 8.883800e-01 8.732000e-03 1.028880e-01
83 8.869600e-01 8.632000e-03 1.044080e-01
84 8.855320e-01 8.556000e-03 1.059120e-01
85 8.839600e-01 8.472000e-03 1.075680e-01
86 8.825240e-01 8.472000e-03 1.090040e-01
87 8.811720e-01 8.432000e-03 1.103960e-01
88 8.796840e-01 8.424000e-03 1.118920e-01
89 8.783600e-01 8.264000e-03 1.133760e-01
90 8.769120e-01 8.212000e-03 1.148760e-01
91 8.754320e-01 8.316000e-03 1.162520e-01
92 8.742600e-01 8.036000e-03 1.177040e-01
93 8.729400e-01 7.900000e-03 1.191600e-01
94 8.716720e-01 7.848000e-03 1.204800e-01
95 8.704240e-01 7.680000e-03 1.218960e-01
96 8.690400e-01 7.684000e-03 1.232760e-01
97 8.678240e-01 7.596000e-03 1.245800e-01
98 8.664560e-01 7.680000e-03 1.258640e-01
99 8.651800e-01 7.688000e-03 1.271320e-01
100 8.639760e-01 7.580000e-03 1.284440e-01
101 8.627080e-01 7.612000e-03 1.296800e-01
102 8.611520e-01 7.832000e-03 1.310160e-01
103 8.597960e-01 7.824000e-03 1.323800e-01
104 8.583760e-01 7.916000e-03 1.337080e-01
105 8.570240e-01 7.952000e-03 1.350240e-01
106 8.556400e-01 7.948000e-03 1.364120e-01
107 8.544600e-01 7.700000e-03 1.378400e-01
108 8.531680e-01 7.760000e-03 1.390720e-01
109 8.520080e-01 7.580000e-03 1.404120e-01
110 8.507000e-01 7.560000e-03 1.417400e-01
111 8.493040e-01 7.512000e-03 1.431840e-01
112 8.480040e-01 7.508000e-03 1.444880e-01
113 8.468040e-01 7.336000e-03 1.458600e-01
114 8.454560e-01 7.360000e-03 1.471840e-01
115 8.441200e-01 7.428000e-03 1.484520e-01
116 8.429640e-01 7.344000e-03 1.496920e-01
117 8.418880e-01 7.204000e-03 1.509080e-01
118 8.407440e-01 7.084000e-03 1.521720e-01
119 8.395160e-01 7.100000e-03 1.533840e-01
120 8.384160e-01 7.012000e-03 1.545720e-01
121 8.372200e-01 7.048000e-03 1.557320e-01
122 8.361880e-01 6.928000e-03 1.568840e-01
123 8.349680e-01 6.920000e-03 1.581120e-01
124 8.338080e-01 6.900000e-03 1.592920e-01
125 8.325280e-01 6.944000e-03 1.605280e-01
126 8.313840e-01 6.796000e-03 1.618200e-01
127 8.302280e-01 6.784000e-03 1.629880e-01
128 8.292160e-01 6.560000e-03 1.642240e-01
129 8.280760e-01 6.576000e-03 1.653480e-01
130 8.270000e-01 6.512000e-03 1.664880e-01
131 8.259400e-01 6.468000e-03 1.675920e-01
132 8.248400e-01 6.408000e-03 1.687520e-01
133 8.236920e-01 6.468000e-03 1.698400e-01
134 8.224760e-01 6.552000e-03 1.709720e-01
135 8.214000e-01 6.444000e-03 1.721560e-01
136 8.202520e-01 6.544000e-03 1.732040e-01
137 8.189480e-01 6.672000e-03 1.743800e-01
138 8.177080e-01 6.828000e-03 1.754640e-01
139 8.165280e-01 6.860000e-03 1.766120e-01
140 8.153360e-01 6.800000e-03 1.778640e-01
141 8.143520e-01 6.532000e-03 1.791160e-01
142 8.132000e-01 6.620000e-03 1.801800e-01
143 8.120520e-01 6.704000e-03 1.812440e-01
144 8.109720e-01 6.588000e-03 1.824400e-01
145 8.098400e-01 6.540000e-03 1.836200e-01
146 8.088120e-01 6.416000e-03 1.847720e-01
147 8.077120e-01 6.436000e-03 1.858520e-01
148 8.066680e-01 6.380000e-03 1.869520e-01
149 8.056520e-01 6.344000e-03 1.880040e-01
150 8.045760e-01 6.300000e-03 1.891240e-01
151 8.034960e-01 6.288000e-03 1.902160e-01
152 8.023840e-01 6.308000e-03 1.913080e-01
153 8.013120e-01 6.252000e-03 1.924360e-01
154 8.002960e-01 6.208000e-03 1.934960e-01
155 7.991800e-01 6.204000e-03 1.946160e-01
156 7.980960e-01 6.196000e-03 1.957080e-01
157 7.971240e-01 6.076000e-03 1.968000e-01
158 7.960760e-01 6.064000e-03 1.978600e-01
159 7.951440e-01 5.888000e-03 1.989680e-01
160 7.942080e-01 5.844000e-03 1.999480e-01
161 7.931960e-01 5.880000e-03 2.009240e-01
162 7.922480e-01 5.924000e-03 2.018280e-01
163 7.912880e-01 5.756000e-03 2.029560e-01
164 7.903640e-01 5.732000e-03 2.039040e-01
165 7.894640e-01 5.672000e-03 2.048640e-01
166 7.885240e-01 5.640000e-03 2.058360e-01
167 7.876600e-01 5.504000e-03 2.068360e-01
168 7.867080e-01 5.456000e-03 2.078360e-01
169 7.858760e-01 5.348000e-03 2.087760e-01
170 7.850880e-01 5.224000e-03 2.096880e-01
171 7.841120e-01 5.248000e-03 2.106400e-01
172 7.833680e-01 5.064000e-03 2.115680e-01
173 7.826360e-01 4.884000e-03 2.124800e-01
174 7.818080e-01 4.900000e-03 2.132920e-01
175 7.810320e-01 4.788000e-03 2.141800e-01
176 7.803200e-01 4.620000e-03 2.150600e-01
177 7.795320e-01 4.664000e-03 2.158040e-01
178 7.786320e-01 4.720000e-03 2.166480e-01
179 7.777800e-01 4.824000e-03 2.173960e-01
180 7.767600e-01 4.992000e-03 2.182480e-01
181 7.759160e-01 4.824000e-03 2.192600e-01
182 7.750320e-01 4.876000e-03 2.200920e-01
183 7.739960e-01 5.056000e-03 2.209480e-01
184 7.730960e-01 5.080000e-03 2.218240e-01
185 7.721800e-01 5.068000e-03 2.227520e-01
186 7.712480e-01 5.048000e-03 2.237040e-01
187 7.704360e-01 4.928000e-03 2.246360e-01
188 7.694840e-01 4.968000e-03 2.255480e-01
189 7.686000e-01 4.884000e-03 2.265160e-01
190 7.677720e-01 4.920000e-03 2.273080e-01
191 7.669440e-01 4.896000e-03 2.281600e-01
192 7.661600e-01 4.768000e-03 2.290720e-01
193 7.654680e-01 4.648000e-03 2.298840e-01
194 7.648200e-01 4.508000e-03 2.306720e-01
195 7.641200e-01 4.472000e-03 2.314080e-01
196 7.634760e-01 4.360000e-03 2.321640e-01
197 7.626920e-01 4.336000e-03 2.329720e-01
198 7.620360e-01 4.224000e-03 2.337400e-01
199 7.614000e-01 4.040000e-03 2.345600e-01
200 7.607480e-01 4.012000e-03 2.352400e-01
201 7.602040e-01 3.812000e-03 2.359840e-01
202 7.596240e-01 3.728000e-03 2.366480e-01
203 7.590720e-01 3.624000e-03 2.373040e-01
204 7.584960e-01 3.592000e-03 2.379120e-01
205 7.579920e-01 3.384000e-03 2.386240e-01
206 7.574200e-01 3.336000e-03 2.392440e-01
207 7.569440e-01 3.260000e-03 2.397960e-01
208 7.564760e-01 3.120000e-03 2.404040e-01
209 7.560200e-01 3.012000e-03 2.409680e-01
210 7.555680e-01 2.916000e-03 2.415160e-01
211 7.551320e-01 2.840000e-03 2.420280e-01
212 7.546840e-01 2.824000e-03 2.424920e-01
213 7.542360e-01 2.804000e-03 2.429600e-01
214 7.537360e-01 2.796000e-03 2.434680e-01
215 7.532840e-01 2.792000e-03 2.439240e-01
216 7.527600e-01 2.860000e-03 2.443800e-01
217 7.523320e-01 2.812000e-03 2.448560e-01
218 7.518600e-01 2.824000e-03 2.453160e-01
219 7.514120e-01 2.804000e-03 2.457840e-01
220 7.509520e-01 2.776000e-03 2.462720e-01
221 7.505120e-01 2.680000e-03 2.468080e-01
222 7.500920e-01 2.672000e-03 2.472360e-01
223 7.496200e-01 2.676000e-03 2.477040e-01
224 7.490640e-01 2.788000e-03 2.481480e-01
225 7.485360e-01 2.776000e-03 2.486880e-01
226 7.480680e-01 2.752000e-03 2.491800e-01
227 7.475280e-01 2.940000e-03 2.495320e-01
228 7.469320e-01 3.008000e-03 2.500600e-01
229 7.464520e-01 3.016000e-03 2.505320e-01
230 7.458920e-01 3.036000e-03 2.510720e-01
231 7.453720e-01 3.048000e-03 2.515800e-01
232 7.448360e-01 2.996000e-03 2.521680e-01
233 7.442880e-01 3.020000e-03 2.526920e-01
234 7.438080e-01 2.952000e-03 2.532400e-01
235 7.432360e-01 3.064000e-03 2.537000e-01
236 7.427000e-01 3.020000e-03 2.542800e-01
237 7.422720e-01 2.944000e-03 2.547840e-01
238 7.418360e-01 2.936000e-03 2.552280e-01
239 7.413520e-01 2.924000e-03 2.557240e-01
240 7.409240e-01 2.800000e-03 2.562760e-01
241 7.404080e-01 2.820000e-03 2.567720e-01
242 7.399440e-01 2.824000e-03 2.572320e-01
243 7.393920e-01 2.896000e-03 2.577120e-01
244 7.388760e-01 2.960000e-03 2.581640e-01
245 7.384480e-01 2.936000e-03 2.586160e-01
246 7.378960e-01 2.964000e-03 2.591400e-01
247 7.373520e-01 2.936000e-03 2.597120e-01
248 7.368640e-01 2.852000e-03 2.602840e-01
249 7.364560e-01 2.684000e-03 2.608600e-01
250 7.359280e-01 2.756000e-03 2.613160e-01
251 7.354600e-01 2.724000e-03 2.618160e-01
252 7.349800e-01 2.708000e-03 2.623120e-01
253 7.344760e-01 2.736000e-03 2.627880e-01
254 7.339600e-01 2.732000e-03 2.633080e-01
255 7.334360e-01 2.856000e-03 2.637080e-01
256 7.328560e-01 2.984000e-03 2.641600e-01
257 7.322680e-01 3.060000e-03 2.646720e-01
258 7.317720e-01 2.988000e-03 2.652400e-01
259 7.313080e-01 2.952000e-03 2.657400e-01
260 7.307880e-01 2.932000e-03 2.662800e-01
261 7.303080e-01 2.888000e-03 2.668040e-01
262 7.298400e-01 2.824000e-03 2.673360e-01
263 7.292840e-01 2.880000e-03 2.678360e-01
264 7.287160e-01 2.976000e-03 2.683080e-01
265 7.281160e-01 3.012000e-03 2.688720e-01
266 7.275600e-01 2.992000e-03 2.694480e-01
267 7.269960e-01 3.004000e-03 2.700000e-01
268 7.265280e-01 2.924000e-03 2.705480e-01
269 7.260080e-01 2.912000e-03 2.710800e-01
270 7.255600e-01 2.796000e-03 2.716440e-01
271 7.249840e-01 2.936000e-03 2.720800e-01
272 7.244600e-01 2.984000e-03 2.725560e-01
273 7.238880e-01 3.072000e-03 2.730400e-01
274 7.233320e-01 3.168000e-03 2.735000e-01
275 7.226640e-01 3.328000e-03 2.740080e-01
276 7.222000e-01 3.232000e-03 2.745680e-01
277 7.217040e-01 3.140000e-03 2.751560e-01
278 7.211640e-01 3.144000e-03 2.756920e-01
279 7.208000e-01 2.932000e-03 2.762680e-01
280 7.203280e-01 2.908000e-03 2.767640e-01
281 7.199040e-01 2.824000e-03 2.772720e-01
282 7.194280e-01 2.808000e-03 2.777640e-01
283 7.189120e-01 2.848000e-03 2.782400e-01
284 7.184760e-01 2.768000e-03 2.787560e-01
285 7.180360e-01 2.720000e-03 2.792440e-01
286 7.176040e-01 2.684000e-03 2.797120e-01
287 7.171080e-01 2.696000e-03 2.801960e-01
288 7.165640e-01 2.804000e-03 2.806320e-01
289 7.160720e-01 2.836000e-03 2.810920e-01
290 7.156600e-01 2.772000e-03 2.815680e-01
291 7.152240e-01 2.708000e-03 2.820680e-01
292 7.147320e-01 2.768000e-03 2.825000e-01
293 7.142920e-01 2.652000e-03 2.830560e-01
294 7.138720e-01 2.580000e-03 2.835480e-01
295 7.134080e-01 2.568000e-03 2.840240e-01
296 7.129680e-01 2.524000e-03 2.845080e-01
297 7.125720e-01 2.540000e-03 2.848880e-01
298 7.121520e-01 2.496000e-03 2.853520e-01
299 7.117160e-01 2.524000e-03 2.857600e-01
300 7.112640e-01 2.464000e-03 2.862720e-01
301 7.108000e-01 2.492000e-03 2.867080e-01
302 7.103840e-01 2.456000e-03 2.871600e-01
303 7.099200e-01 2.552000e-03 2.875280e-01
304 7.095400e-01 2.460000e-03 2.880000e-01
305 7.091160e-01 2.364000e-03 2.885200e-01
306 7.087560e-01 2.400000e-03 2.888440e-01
307 7.083600e-01 2.356000e-03 2.892840e-01
308 7.079320e-01 2.372000e-03 2.896960e-01
309 7.075080e-01 2.444000e-03 2.900480e-01
310 7.070960e-01 2.480000e-03 2.904240e-01
311 7.066880e-01 2.388000e-03 2.909240e-01
312 7.063040e-01 2.404000e-03 2.912920e-01
313 7.058760e-01 2.376000e-03 2.917480e-01
314 7.055320e-01 2.252000e-03 2.922160e-01
315 7.051920e-01 2.252000e-03 2.925560e-01
316 7.047880e-01 2.260000e-03 2.929520e-01
317 7.043200e-01 2.360000e-03 2.933200e-01
318 7.039280e-01 2.336000e-03 2.937360e-01
319 7.034400e-01 2.356000e-03 2.942040e-01
320 7.029440e-01 2.388000e-03 2.946680e-01
321 7.025080e-01 2.400000e-03 2.950920e-01
322 7.021000e-01 2.364000e-03 2.955360e-01
323 7.017000e-01 2.352000e-03 2.959480e-01
324 7.013280e-01 2.288000e-03 2.963840e-01
325 7.010520e-01 2.156000e-03 2.967920e-01
326 7.006320e-01 2.216000e-03 2.971520e-01
327 7.002800e-01 2.236000e-03 2.974840e-01
328 6.998840e-01 2.248000e-03 2.978680e-01
329 6.995960e-01 2.156000e-03 2.982480e-01
330 6.992360e-01 2.152000e-03 2.986120e-01
331 6.989640e-01 2.100000e-03 2.989360e-01
332 6.986360e-01 2.040000e-03 2.993240e-01
333 6.982920e-01 2.008000e-03 2.997000e-01
334 6.979320e-01 2.012000e-03 3.000560e-01
335 6.976080e-01 1.980000e-03 3.004120e-01
336 6.972920e-01 1.956000e-03 3.007520e-01
337 6.969680e-01 1.920000e-03 3.011120e-01
338 6.966120e-01 1.984000e-03 3.014040e-01
339 6.962440e-01 1.988000e-03 3.017680e-01
340 6.959280e-01 1.916000e-03 3.021560e-01
341 6.956320e-01 1.916000e-03 3.024520e-01
342 6.952320e-01 2.040000e-03 3.027280e-01
343 6.948440e-01 2.104000e-03 3.030520e-01
344 6.944720e-01 2.128000e-03 3.034000e-01
345 6.940840e-01 2.140000e-03 3.037760e-01
346 6.936960e-01 2.096000e-03 3.042080e-01
347 6.933280e-01 2.096000e-03 3.045760e-01
348 6.929960e-01 2.056000e-03 3.049480e-01
349 6.927480e-01 1.944000e-03 3.053080e-01
350 6.924520e-01 1.856000e-03 3.056920e-01
351 6.921120e-01 1.904000e-03 3.059840e-01
352 6.917360e-01 1.892000e-03 3.063720e-01
353 6.914040e-01 1.868000e-03 3.067280e-01
354 6.910080e-01 1.936000e-03 3.070560e-01
355 6.906160e-01 1.996000e-03 3.073880e-01
356 6.902440e-01 2.012000e-03 3.077440e-01
357 6.898880e-01 2.000000e-03 3.081120e-01
358 6.895400e-01 1.996000e-03 3.084640e-01
359 6.892600e-01 1.924000e-03 3.088160e-01
360 6.889280e-01 1.952000e-03 3.091200e-01
361 6.886480e-01 1.904000e-03 3.094480e-01
362 6.882440e-01 1.976000e-03 3.097800e-01
363 6.879320e-01 1.960000e-03 3.101080e-01
364 6.875520e-01 2.008000e-03 3.104400e-01
365 6.871600e-01 2.056000e-03 3.107840e-01
366 6.868040e-01 2.052000e-03 3.111440e-01
367 6.864560e-01 2.044000e-03 3.115000e-01
368 6.861200e-01 2.040000e-03 3.118400e-01
369 6.857600e-01 2.072000e-03 3.121680e-01
370 6.854520e-01 1.944000e-03 3.126040e-01
371 6.851200e-01 1.968000e-03 3.129120e-01
372 6.847280e-01 1.996000e-03 3.132760e-01
373 6.844280e-01 1.912000e-03 3.136600e-01
374 6.841440e-01 1.848000e-03 3.140080e-01
375 6.839000e-01 1.756000e-03 3.143440e-01
376 6.836680e-01 1.692000e-03 3.146400e-01
377 6.833680e-01 1.724000e-03 3.149080e-01
378 6.831320e-01 1.676000e-03 3.151920e-01
379 6.828520e-01 1.672000e-03 3.154760e-01
380 6.825880e-01 1.680000e-03 3.157320e-01
381 6.823360e-01 1.608000e-03 3.160560e-01
382 6.820280e-01 1.616000e-03 3.163560e-01
383 6.816960e-01 1.692000e-03 3.166120e-01
384 6.813640e-01 1.704000e-03 3.169320e-01
385 6.811000e-01 1.728000e-03 3.171720e-01
386 6.807600e-01 1.764000e-03 3.174760e-01
387 6.804400e-01 1.824000e-03 3.177360e-01
388 6.802240e-01 1.748000e-03 3.180280e-01
389 6.799320e-01 1.728000e-03 3.183400e-01
390 6.797240e-01 1.696000e-03 3.185800e-01
391 6.794840e-01 1.624000e-03 3.188920e-01
392 6.792360e-01 1.612000e-03 3.191520e-01
393 6.789920e-01 1.616000e-03 3.193920e-01
394 6.787240e-01 1.588000e-03 3.196880e-01
395 6.784720e-01 1.580000e-03 3.199480e-01
396 6.782080e-01 1.572000e-03 3.202200e-01
397 6.779040e-01 1.600000e-03 3.204960e-01
398 6.777040e-01 1.540000e-03 3.207560e-01
399 6.774400e-01 1.576000e-03 3.209840e-01
400 6.771600e-01 1.604000e-03 3.212360e-01
401 6.769600e-01 1.516000e-03 3.215240e-01
402 6.767400e-01 1.448000e-03 3.218120e-01
403 6.765120e-01 1.380000e-03 3.221080e-01
404 6.763560e-01 1.312000e-03 3.223320e-01
405 6.760680e-01 1.368000e-03 3.225640e-01
406 6.759160e-01 1.252000e-03 3.228320e-01
407 6.757080e-01 1.248000e-03 3.230440e-01
408 6.755200e-01 1.212000e-03 3.232680e-01
409 6.753080e-01 1.220000e-03 3.234720e-01
410 6.751080e-01 1.204000e-03 3.236880e-01
411 6.748920e-01 1.236000e-03 3.238720e-01
412 6.747080e-01 1.132000e-03 3.241600e-01
413 6.745520e-01 1.096000e-03 3.243520e-01
414 6.743240e-01 1.160000e-03 3.245160e-01
415 6.741160e-01 1.132000e-03 3.247520e-01
416 6.739680e-01 1.100000e-03 3.249320e-01
417 6.737840e-01 1.088000e-03 3.251280e-01
418 6.735920e-01 1.084000e-03 3.253240e-01
419 6.733480e-01 1.156000e-03 3.254960e-01
420 6.731840e-01 1.088000e-03 3.257280e-01
421 6.730000e-01 1.084000e-03 3.259160e-01
422 6.728280e-01 1.072000e-03 3.261000e-01
423 6.726640e-01 1.020000e-03 3.263160e-01
424 6.725120e-01 1.016000e-03 3.264720e-01
425 6.723720e-01 9.800000e-04 3.266480e-01
426 6.721840e-01 9.560000e-04 3.268600e-01
427 6.720240e-01 9.400000e-04 3.270360e-01
428 6.718760e-01 9.560000e-04 3.271680e-01
429 6.717000e-01 9.680000e-04 3.273320e-01
430 6.715520e-01 9.600000e-04 3.274880e-01
431 6.713760e-01 9.080000e-04 3.277160e-01
432 6.712400e-01 8.680000e-04 3.278920e-01
433 6.711200e-01 8.120000e-04 3.280680e-01
434 6.709640e-01 8.240000e-04 3.282120e-01
435 6.707880e-01 8.480000e-04 3.283640e-01
436 6.705800e-01 9.320000e-04 3.284880e-01
437 6.704520e-01 9.200000e-04 3.286280e-01
438 6.702760e-01 9.640000e-04 3.287600e-01
439 6.701600e-01 9.120000e-04 3.289280e-01
440 6.700440e-01 8.280000e-04 3.291280e-01
441 6.699120e-01 8.520000e-04 3.292360e-01
442 6.697720e-01 8.480000e-04 3.293800e-01
443 6.696080e-01 8.480000e-04 3.295440e-01
444 6.694400e-01 8.680000e-04 3.296920e-01
445 6.692560e-01 8.880000e-04 3.298560e-01
446 6.691040e-01 9.080000e-04 3.299880e-01
447 6.689480e-01 9.080000e-04 3.301440e-01
448 6.688240e-01 8.960000e-04 3.302800e-01
449 6.686800e-01 8.680000e-04 3.304520e-01
450 6.685960e-01 8.200000e-04 3.305840e-01
451 6.685000e-01 8.040000e-04 3.306960e-01
452 6.683960e-01 7.240000e-04 3.308800e-01
453 6.682880e-01 7.440000e-04 3.309680e-01
454 6.682240e-01 6.840000e-04 3.310920e-01
455 6.681560e-01 6.000000e-04 3.312440e-01
456 6.681080e-01 5.800000e-04 3.313120e-01
457 6.680120e-01 5.800000e-04 3.314080e-01
458 6.678840e-01 5.920000e-04 3.315240e-01
459 6.677680e-01 5.880000e-04 3.316440e-01
460 6.676720e-01 5.920000e-04 3.317360e-01
461 6.675560e-01 6.320000e-04 3.318120e-01
462 6.674640e-01 6.000000e-04 3.319360e-01
463 6.673240e-01 6.600000e-04 3.320160e-01
464 6.671640e-01 6.880000e-04 3.321480e-01
465 6.670400e-01 6.760000e-04 3.322840e-01
466 6.668960e-01 7.080000e-04 3.323960e-01
467 6.667480e-01 7.400000e-04 3.325120e-01
468 6.666320e-01 7.400000e-04 3.326280e-01
469 6.664600e-01 7.760000e-04 3.327640e-01
470 6.663160e-01 7.840000e-04 3.329000e-01
471 6.661120e-01 8.960000e-04 3.329920e-01
472 6.658600e-01 1.028000e-03 3.331120e-01
473 6.655960e-01 1.064000e-03 3.333400e-01
474 6.653440e-01 1.116000e-03 3.335400e-01
475 6.651320e-01 1.068000e-03 3.338000e-01
476 6.649480e-01 1.084000e-03 3.339680e-01
477 6.647720e-01 1.040000e-03 3.341880e-01
478 6.645840e-01 1.040000e-03 3.343760e-01
479 6.644120e-01 1.004000e-03 3.345840e-01
480 6.642160e-01 1.024000e-03 3.347600e-01
481 6.640680e-01 9.840000e-04 3.349480e-01
482 6.639240e-01 9.760000e-04 3.351000e-01
483 6.637960e-01 9.120000e-04 3.352920e-01
484 6.636640e-01 9.160000e-04 3.354200e-01
485 6.635080e-01 9.000000e-04 3.355920e-01
486 6.634040e-01 8.480000e-04 3.357480e-01
487 6.632720e-01 8.560000e-04 3.358720e-01
488 6.631720e-01 7.920000e-04 3.360360e-01
489 6.630600e-01 7.520000e-04 3.361880e-01
490 6.629200e-01 7.520000e-04 3.363280e-01
491 6.627560e-01 7.520000e-04 3.364920e-01
492 6.626520e-01 7.160000e-04 3.366320e-01
493 6.625520e-01 7.000000e-04 3.367480e-01
494 6.624320e-01 7.120000e-04 3.368560e-01
495 6.622960e-01 7.320000e-04 3.369720e-01
496 6.622200e-01 6.720000e-04 3.371080e-01
497 6.621560e-01 6.200000e-04 3.372240e-01
498 6.620480e-01 6.240000e-04 3.373280e-01
499 6.619840e-01 5.960000e-04 3.374200e-01
500 6.618960e-01 5.720000e-04 3.375320e-01
