1 9.991840e-01 7.480000e-04 6.800000e-05
2 9.985640e-01 1.208000e-03 2.280000e-04
3 9.979360e-01 1.580000e-03 4.840000e-04
4 9.970440e-01 2.144000e-03 8.120000e-04
5 9.961960e-01 2.608000e-03 1.196000e-03
6 9.952280e-01 3.100000e-03 1.672000e-03
7 9.942400e-01 3.524000e-03 2.236000e-03
8 9.930680e-01 4.036000e-03 2.896000e-03
9 9.918680e-01 4.452000e-03 3.680000e-03
10 9.907960e-01 4.740000e-03 4.464000e-03
11 9.896480e-01 5.024000e-03 5.328000e-03
12 9.884640e-01 5.284000e-03 6.252000e-03
13 9.871680e-01 5.584000e-03 7.248000e-03
14 9.859880e-01 5.780000e-03 8.232000e-03
15 9.846680e-01 6.124000e-03 9.208000e-03
16 9.833600e-01 6.408000e-03 1.023200e-02
17 9.818600e-01 6.768000e-03 1.137200e-02
18 9.805120e-01 7.008000e-03 1.248000e-02
19 9.790720e-01 7.096000e-03 1.383200e-02
20 9.775720e-01 7.348000e-03 1.508000e-02
21 9.760200e-01 7.676000e-03 1.630400e-02
22 9.746000e-01 7.748000e-03 1.765200e-02
23 9.731120e-01 7.820000e-03 1.906800e-02
24 9.715280e-01 8.004000e-03 2.046800e-02
25 9.699840e-01 8.168000e-03 2.184800e-02
26 9.685040e-01 8.188000e-03 2.330800e-02
27 9.670400e-01 8.188000e-03 2.477200e-02
28 9.655240e-01 8.148000e-03 2.632800e-02
29 9.640720e-01 8.124000e-03 2.780400e-02
30 9.624800e-01 8.316000e-03 2.920400e-02
31 9.608800e-01 8.436000e-03 3.068400e-02
32 9.593920e-01 8.404000e-03 3.220400e-02
33 9.578120e-01 8.492000e-03 3.369600e-02
34 9.562120e-01 8.688000e-03 3.510000e-02
35 9.546280e-01 8.664000e-03 3.670800e-02
36 9.530200e-01 8.712000e-03 3.826800e-02
37 9.515120e-01 8.712000e-03 3.977600e-02
38 9.500520e-01 8.508000e-03 4.144000e-02
39 9.484520e-01 8.628000e-03 4.292000e-02
40 9.469320e-01 8.700000e-03 4.436800e-02
41 9.453000e-01 8.792000e-03 4.590800e-02
42 9.436560e-01 9.016000e-03 4.732800e-02
43 9.419160e-01 9.196000e-03 4.888800e-02
44 9.403680e-01 9.148000e-03 5.048400e-02
45 9.388080e-01 9.164000e-03 5.202800e-02
46 9.370560e-01 9.400000e-03 5.354400e-02
47 9.353040e-01 9.576000e-03 5.512000e-02
48 9.336240e-01 9.624000e-03 5.675200e-02
49 9.318640e-01 9.608000e-03 5.852800e-02
50 9.301520e-01 9.556000e-03 6.029200e-02
51 9.285360e-01 9.560000e-03 6.190400e-02
52 9.268040e-01 9.572000e-03 6.362400e-02
53 9.251640e-01 9.548000e-03 6.528800e-02
54 9.234280e-01 9.644000e-03 6.692800e-02
55 9.216720e-01 9.716000e-03 6.861200e-02
56 9.198920e-01 9.848000e-03 7.026000e-02
57 9.181240e-01 9.948000e-03 7.192800e-02
58 9.162360e-01 1.017200e-02 7.359200e-02
59 9.144400e-01 1.004400e-02 7.551600e-02
60 9.124240e-01 1.026800e-02 7.730800e-02
61 9.105400e-01 1.032000e-02 7.914000e-02
62 9.088560e-01 1.028800e-02 8.085600e-02
63 9.071640e-01 1.018000e-02 8.265600e-02
64 9.053280e-01 1.029600e-02 8.437600e-02
65 9.035920e-01 1.028400e-02 8.612400e-02
66 9.017040e-01 1.032400e-02 8.797200e-02
67 8.998520e-01 1.042800e-02 8.972000e-02
68 8.979960e-01 1.058000e-02 9.142400e-02
69 8.961760e-01 1.040800e-02 9.341600e-02
70 8.942320e-01 1.056000e-02 9.520800e-02
71 8.923440e-01 1.062800e-02 9.702800e-02
72 8.902720e-01 1.080800e-02 9.892000e-02
73 8.883480e-01 1.078400e-02 1.008680e-01
74 8.864720e-01 1.088000e-02 1.026480e-01
75 8.845360e-01 1.079200e-02 1.046720e-01
76 8.826720e-01 1.086400e-02 1.064640e-01
77 8.806480e-01 1.091600e-02 1.084360e-01
78 8.787280e-01 1.086800e-02 1.104040e-01
79 8.769360e-01 1.071600e-02 1.123480e-01
80 8.751800e-01 1.070800e-02 1.141120e-01
81 8.733280e-01 1.074800e-02 1.159240e-01
82 8.714120e-01 1.073200e-02 1.178560e-01
83 8.694640e-01 1.082800e-02 1.197080e-01
84 8.675680e-01 1.092000e-02 1.215120e-01
85 8.656320e-01 1.098400e-02 1.233840e-01
86 8.636240e-01 1.112400e-02 1.252520e-01
87 8.617280e-01 1.112400e-02 1.271480e-01
88 8.597960e-01 1.115200e-02 1.290520e-01
89 8.577840e-01 1.130800e-02 1.309080e-01
90 8.559600e-01 1.115600e-02 1.328840e-01
91 8.538880e-01 1.138000e-02 1.347320e-01
92 8.519920e-01 1.130000e-02 1.367080e-01
93 8.501320e-01 1.114000e-02 1.387280e-01
94 8.482840e-01 1.114800e-02 1.405680e-01
95 8.464360e-01 1.108800e-02 1.424760e-01
96 8.445200e-01 1.105200e-02 1.444280e-01
97 8.426600e-01 1.105200e-02 1.462880e-01
98 8.407480e-01 1.100800e-02 1.482440e-01
99 8.387960e-01 1.112400e-02 1.500800e-01
100 8.369360e-01 1.101200e-02 1.520520e-01
101 8.350920e-01 1.086800e-02 1.540400e-01
102 8.333000e-01 1.072000e-02 1.559800e-01
103 8.313560e-01 1.074000e-02 1.579040e-01
104 8.296080e-01 1.057200e-02 1.598200e-01
105 8.277960e-01 1.050400e-02 1.617000e-01
106 8.260560e-01 1.026800e-02 1.636760e-01
107 8.242080e-01 1.042800e-02 1.653640e-01
108 8.224440e-01 1.023600e-02 1.673200e-01
109 8.205680e-01 1.020400e-02 1.692280e-01
110 8.187720e-01 1.028000e-02 1.709480e-01
111 8.169760e-01 1.022000e-02 1.728040e-01
112 8.150520e-01 1.040800e-02 1.745400e-01
113 8.133120e-01 1.041200e-02 1.762760e-01
114 8.115760e-01 1.038000e-02 1.780440e-01
115 8.098800e-01 1.021600e-02 1.799040e-01
116 8.081360e-01 1.002400e-02 1.818400e-01
117 8.065160e-01 9.932000e-03 1.835520e-01
118 8.047040e-01 9.964000e-03 1.853320e-01
119 8.031440e-01 9.764000e-03 1.870920e-01
120 8.014640e-01 9.772000e-03 1.887640e-01
121 7.997760e-01 9.720000e-03 1.905040e-01
122 7.981960e-01 9.628000e-03 1.921760e-01
123 7.965520e-01 9.540000e-03 1.939080e-01
124 7.949280e-01 9.536000e-03 1.955360e-01
125 7.933200e-01 9.352000e-03 1.973280e-01
126 7.917080e-01 9.348000e-03 1.989440e-01
127 7.901440e-01 9.344000e-03 2.005120e-01
128 7.885560e-01 9.308000e-03 2.021360e-01
129 7.871200e-01 9.132000e-03 2.037480e-01
130 7.854760e-01 9.208000e-03 2.053160e-01
131 7.838320e-01 9.300000e-03 2.068680e-01
132 7.823760e-01 9.132000e-03 2.084920e-01
133 7.808560e-01 8.992000e-03 2.101520e-01
134 7.794880e-01 8.680000e-03 2.118320e-01
135 7.781520e-01 8.492000e-03 2.133560e-01
136 7.769000e-01 8.244000e-03 2.148560e-01
137 7.755160e-01 8.348000e-03 2.161360e-01
138 7.742160e-01 8.268000e-03 2.175160e-01
139 7.727280e-01 8.376000e-03 2.188960e-01
140 7.713000e-01 8.288000e-03 2.204120e-01
141 7.698440e-01 8.256000e-03 2.219000e-01
142 7.683200e-01 8.348000e-03 2.233320e-01
143 7.668280e-01 8.248000e-03 2.249240e-01
144 7.652120e-01 8.436000e-03 2.263520e-01
145 7.637680e-01 8.388000e-03 2.278440e-01
146 7.625000e-01 8.156000e-03 2.293440e-01
147 7.610480e-01 8.228000e-03 2.307240e-01
148 7.598160e-01 8.024000e-03 2.321600e-01
149 7.584280e-01 8.012000e-03 2.335600e-01
150 7.571440e-01 7.916000e-03 2.349400e-01
151 7.559200e-01 7.824000e-03 2.362560e-01
152 7.546680e-01 7.752000e-03 2.375800e-01
153 7.535000e-01 7.620000e-03 2.388800e-01
154 7.521800e-01 7.584000e-03 2.402360e-01
155 7.508800e-01 7.420000e-03 2.417000e-01
156 7.497000e-01 7.256000e-03 2.430440e-01
157 7.485040e-01 7.276000e-03 2.442200e-01
158 7.473480e-01 7.180000e-03 2.454720e-01
159 7.461760e-01 7.004000e-03 2.468200e-01
160 7.449200e-01 7.000000e-03 2.480800e-01
161 7.436920e-01 7.016000e-03 2.492920e-01
162 7.425520e-01 6.928000e-03 2.505200e-01
163 7.413840e-01 6.880000e-03 2.517360e-01
164 7.401400e-01 6.844000e-03 2.530160e-01
165 7.389400e-01 6.812000e-03 2.542480e-01
166 7.377720e-01 6.716000e-03 2.555120e-01
167 7.366560e-01 6.704000e-03 2.566400e-01
168 7.356560e-01 6.496000e-03 2.578480e-01
169 7.344360e-01 6.684000e-03 2.588800e-01
170 7.332160e-01 6.768000e-03 2.600160e-01
171 7.321320e-01 6.684000e-03 2.611840e-01
172 7.308800e-01 6.792000e-03 2.623280e-01
173 7.297240e-01 6.852000e-03 2.634240e-01
174 7.285440e-01 6.904000e-03 2.645520e-01
175 7.273680e-01 6.972000e-03 2.656600e-01
176 7.261920e-01 6.988000e-03 2.668200e-01
177 7.249120e-01 7.128000e-03 2.679600e-01
178 7.237360e-01 7.064000e-03 2.692000e-01
179 7.225200e-01 7.172000e-03 2.703080e-01
180 7.211520e-01 7.240000e-03 2.716080e-01
181 7.199440e-01 7.128000e-03 2.729280e-01
182 7.187040e-01 7.188000e-03 2.741080e-01
183 7.175160e-01 7.132000e-03 2.753520e-01
184 7.162480e-01 7.136000e-03 2.766160e-01
185 7.149800e-01 7.088000e-03 2.779320e-01
186 7.138400e-01 6.952000e-03 2.792080e-01
187 7.126760e-01 6.988000e-03 2.803360e-01
188 7.113320e-01 7.164000e-03 2.815040e-01
189 7.101040e-01 7.032000e-03 2.828640e-01
190 7.088920e-01 6.868000e-03 2.842400e-01
191 7.077000e-01 6.824000e-03 2.854760e-01
192 7.065760e-01 6.812000e-03 2.866120e-01
193 7.054800e-01 6.664000e-03 2.878560e-01
194 7.044600e-01 6.468000e-03 2.890720e-01
195 7.033400e-01 6.412000e-03 2.902480e-01
196 7.020800e-01 6.452000e-03 2.914680e-01
197 7.010200e-01 6.308000e-03 2.926720e-01
198 6.998720e-01 6.436000e-03 2.936920e-01
199 6.988560e-01 6.280000e-03 2.948640e-01
200 6.978240e-01 6.252000e-03 2.959240e-01
201 6.969040e-01 6.208000e-03 2.968880e-01
202 6.958080e-01 6.228000e-03 2.979640e-01
203 6.948040e-01 6.200000e-03 2.989960e-01
204 6.936680e-01 6.364000e-03 2.999680e-01
205 6.926840e-01 6.180000e-03 3.011360e-01
206 6.916280e-01 6.092000e-03 3.022800e-01
207 6.905280e-01 6.068000e-03 3.034040e-01
208 6.893920e-01 6.104000e-03 3.045040e-01
209 6.883560e-01 6.076000e-03 3.055680e-01
210 6.873400e-01 5.988000e-03 3.066720e-01
211 6.862960e-01 6.000000e-03 3.077040e-01
212 6.852240e-01 6.012000e-03 3.087640e-01
213 6.841560e-01 6.100000e-03 3.097440e-01
214 6.830720e-01 6.180000e-03 3.107480e-01
215 6.820800e-01 6.060000e-03 3.118600e-01
216 6.810440e-01 6.072000e-03 3.128840e-01
217 6.800000e-01 6.020000e-03 3.139800e-01
218 6.790240e-01 5.900000e-03 3.150760e-01
219 6.781680e-01 5.796000e-03 3.160360e-01
220 6.771280e-01 5.804000e-03 3.170680e-01
221 6.760480e-01 5.752000e-03 3.182000e-01
222 6.749880e-01 5.808000e-03 3.192040e-01
223 6.741200e-01 5.712000e-03 3.201680e-01
224 6.733400e-01 5.636000e-03 3.210240e-01
225 6.725800e-01 5.496000e-03 3.219240e-01
226 6.717760e-01 5.392000e-03 3.228320e-01
227 6.710160e-01 5.348000e-03 3.236360e-01
228 6.701600e-01 5.160000e-03 3.246800e-01
229 6.693720e-01 5.188000e-03 3.254400e-01
230 6.686360e-01 4.980000e-03 3.263840e-01
231 6.678200e-01 4.952000e-03 3.272280e-01
232 6.670960e-01 4.844000e-03 3.280600e-01
233 6.663640e-01 4.652000e-03 3.289840e-01
234 6.656320e-01 4.496000e-03 3.298720e-01
235 6.648400e-01 4.500000e-03 3.306600e-01
236 6.640480e-01 4.472000e-03 3.314800e-01
237 6.633520e-01 4.380000e-03 3.322680e-01
238 6.624600e-01 4.576000e-03 3.329640e-01
239 6.615000e-01 4.728000e-03 3.337720e-01
240 6.606120e-01 4.816000e-03 3.345720e-01
241 6.597640e-01 4.776000e-03 3.354600e-01
242 6.588400e-01 4.896000e-03 3.362640e-01
243 6.579040e-01 4.988000e-03 3.371080e-01
244 6.569760e-01 5.092000e-03 3.379320e-01
245 6.560000e-01 5.192000e-03 3.388080e-01
246 6.551680e-01 5.072000e-03 3.397600e-01
247 6.543520e-01 4.996000e-03 3.406520e-01
248 6.536000e-01 4.872000e-03 3.415280e-01
249 6.528640e-01 4.728000e-03 3.424080e-01
250 6.520880e-01 4.744000e-03 3.431680e-01
251 6.512240e-01 4.756000e-03 3.440200e-01
252 6.504680e-01 4.648000e-03 3.448840e-01
253 6.497800e-01 4.456000e-03 3.457640e-01
254 6.490160e-01 4.428000e-03 3.465560e-01
255 6.483600e-01 4.384000e-03 3.472560e-01
256 6.476760e-01 4.312000e-03 3.480120e-01
257 6.470400e-01 4.272000e-03 3.486880e-01
258 6.463840e-01 4.280000e-03 3.493360e-01
259 6.456880e-01 4.252000e-03 3.500600e-01
260 6.449880e-01 4.188000e-03 3.508240e-01
261 6.443520e-01 4.068000e-03 3.515800e-01
262 6.436840e-01 3.968000e-03 3.523480e-01
263 6.430080e-01 3.992000e-03 3.530000e-01
264 6.423920e-01 3.884000e-03 3.537240e-01
265 6.417680e-01 3.876000e-03 3.543560e-01
266 6.411800e-01 3.804000e-03 3.550160e-01
267 6.405120e-01 3.844000e-03 3.556440e-01
268 6.398120e-01 3.820000e-03 3.563680e-01
269 6.392680e-01 3.752000e-03 3.569800e-01
270 6.385880e-01 3.796000e-03 3.576160e-01
271 6.378400e-01 3.932000e-03 3.582280e-01
272 6.371800e-01 4.000000e-03 3.588200e-01
273 6.365280e-01 3.944000e-03 3.595280e-01
274 6.359360e-01 3.920000e-03 3.601440e-01
275 6.353880e-01 3.824000e-03 3.607880e-01
276 6.347640e-01 3.828000e-03 3.614080e-01
277 6.341800e-01 3.716000e-03 3.621040e-01
278 6.336920e-01 3.588000e-03 3.627200e-01
279 6.331760e-01 3.520000e-03 3.633040e-01
280 6.326600e-01 3.380000e-03 3.639600e-01
281 6.322280e-01 3.208000e-03 3.645640e-01
282 6.316920e-01 3.204000e-03 3.651040e-01
283 6.311640e-01 3.252000e-03 3.655840e-01
284 6.306800e-01 3.228000e-03 3.660920e-01
285 6.302200e-01 3.228000e-03 3.665520e-01
286 6.297480e-01 3.136000e-03 3.671160e-01
287 6.292560e-01 3.052000e-03 3.676920e-01
288 6.286440e-01 3.176000e-03 3.681800e-01
289 6.280960e-01 3.164000e-03 3.687400e-01
290 6.275600e-01 3.208000e-03 3.692320e-01
291 6.270680e-01 3.084000e-03 3.698480e-01
292 6.267080e-01 2.868000e-03 3.704240e-01
293 6.262000e-01 2.864000e-03 3.709360e-01
294 6.257280e-01 2.752000e-03 3.715200e-01
295 6.252440e-01 2.824000e-03 3.719320e-01
296 6.247360e-01 2.836000e-03 3.724280e-01
297 6.242400e-01 2.848000e-03 3.729120e-01
298 6.237520e-01 2.948000e-03 3.733000e-01
299 6.232640e-01 2.856000e-03 3.738800e-01
300 6.226440e-01 3.008000e-03 3.743480e-01
301 6.221240e-01 3.036000e-03 3.748400e-01
302 6.215400e-01 2.976000e-03 3.754840e-01
303 6.210440e-01 2.980000e-03 3.759760e-01
304 6.205400e-01 2.932000e-03 3.765280e-01
305 6.201280e-01 2.840000e-03 3.770320e-01
306 6.196360e-01 2.876000e-03 3.774880e-01
307 6.191920e-01 2.828000e-03 3.779800e-01
308 6.187000e-01 2.792000e-03 3.785080e-01
309 6.181680e-01 2.844000e-03 3.789880e-01
310 6.176160e-01 2.848000e-03 3.795360e-01
311 6.171640e-01 2.712000e-03 3.801240e-01
312 6.166400e-01 2.744000e-03 3.806160e-01
313 6.161440e-01 2.792000e-03 3.810640e-01
314 6.155760e-01 2.856000e-03 3.815680e-01
315 6.150880e-01 2.828000e-03 3.820840e-01
316 6.145480e-01 2.848000e-03 3.826040e-01
317 6.139760e-01 2.940000e-03 3.830840e-01
318 6.134480e-01 2.944000e-03 3.836080e-01
319 6.129440e-01 2.888000e-03 3.841680e-01
320 6.124160e-01 2.908000e-03 3.846760e-01
321 6.119520e-01 2.888000e-03 3.851600e-01
322 6.115440e-01 2.732000e-03 3.857240e-01
323 6.110800e-01 2.752000e-03 3.861680e-01
324 6.106360e-01 2.700000e-03 3.866640e-01
325 6.102480e-01 2.540000e-03 3.872120e-01
326 6.098160e-01 2.472000e-03 3.877120e-01
327 6.094640e-01 2.324000e-03 3.882120e-01
328 6.090800e-01 2.332000e-03 3.885880e-01
329 6.086680e-01 2.300000e-03 3.890320e-01
330 6.082360e-01 2.368000e-03 3.893960e-01
331 6.078480e-01 2.376000e-03 3.897760e-01
332 6.074080e-01 2.404000e-03 3.901880e-01
333 6.069560e-01 2.372000e-03 3.906720e-01
334 6.065160e-01 2.420000e-03 3.910640e-01
335 6.059800e-01 2.540000e-03 3.914800e-01
336 6.054360e-01 2.660000e-03 3.919040e-01
337 6.048760e-01 2.720000e-03 3.924040e-01
338 6.044440e-01 2.616000e-03 3.929400e-01
339 6.039760e-01 2.628000e-03 3.933960e-01
340 6.034680e-01 2.716000e-03 3.938160e-01
341 6.030440e-01 2.688000e-03 3.942680e-01
342 6.024320e-01 2.792000e-03 3.947760e-01
343 6.019600e-01 2.780000e-03 3.952600e-01
344 6.014880e-01 2.800000e-03 3.957120e-01
345 6.010000e-01 2.820000e-03 3.961800e-01
346 6.005400e-01 2.816000e-03 3.966440e-01
347 6.000400e-01 2.876000e-03 3.970840e-01
348 5.995240e-01 2.896000e-03 3.975800e-01
349 5.990480e-01 2.880000e-03 3.980720e-01
350 5.985600e-01 2.816000e-03 3.986240e-01
351 5.981480e-01 2.704000e-03 3.991480e-01
352 5.977760e-01 2.540000e-03 3.996840e-01
353 5.974280e-01 2.464000e-03 4.001080e-01
354 5.971320e-01 2.360000e-03 4.005080e-01
355 5.967680e-01 2.268000e-03 4.009640e-01
356 5.963520e-01 2.276000e-03 4.013720e-01
357 5.960520e-01 2.268000e-03 4.016800e-01
358 5.956680e-01 2.264000e-03 4.020680e-01
359 5.953080e-01 2.136000e-03 4.025560e-01
360 5.950080e-01 2.044000e-03 4.029480e-01
361 5.945880e-01 2.092000e-03 4.033200e-01
362 5.942400e-01 2.100000e-03 4.036600e-01
363 5.938200e-01 2.164000e-03 4.040160e-01
364 5.934200e-01 2.204000e-03 4.043760e-01
365 5.930320e-01 2.220000e-03 4.047480e-01
366 5.926480e-01 2.252000e-03 4.051000e-01
367 5.922040e-01 2.308000e-03 4.054880e-01
368 5.917560e-01 2.324000e-03 4.059200e-01
369 5.912960e-01 2.304000e-03 4.064000e-01
370 5.909560e-01 2.188000e-03 4.068560e-01
371 5.906680e-01 2.108000e-03 4.072240e-01
372 5.903240e-01 2.092000e-03 4.075840e-01
373 5.899240e-01 2.112000e-03 4.079640e-01
374 5.895920e-01 2.004000e-03 4.084040e-01
375 5.893240e-01 1.960000e-03 4.087160e-01
376 5.889960e-01 1.952000e-03 4.090520e-01
377 5.887680e-01 1.756000e-03 4.094760e-01
378 5.885400e-01 1.660000e-03 4.098000e-01
379 5.882640e-01 1.656000e-03 4.100800e-01
380 5.879880e-01 1.584000e-03 4.104280e-01
381 5.877240e-01 1.556000e-03 4.107200e-01
382 5.874520e-01 1.496000e-03 4.110520e-01
383 5.872160e-01 1.484000e-03 4.113000e-01
384 5.869560e-01 1.492000e-03 4.115520e-01
385 5.867520e-01 1.452000e-03 4.117960e-01
386 5.865760e-01 1.356000e-03 4.120680e-01
387 5.863520e-01 1.340000e-03 4.123080e-01
388 5.861920e-01 1.256000e-03 4.125520e-01
389 5.860400e-01 1.228000e-03 4.127320e-01
390 5.858920e-01 1.116000e-03 4.129920e-01
391 5.857440e-01 1.104000e-03 4.131520e-01
392 5.856120e-01 9.680000e-04 4.134200e-01
393 5.854200e-01 9.600000e-04 4.136200e-01
394 5.852280e-01 9.720000e-04 4.138000e-01
395 5.850920e-01 9.480000e-04 4.139600e-01
396 5.849080e-01 9.680000e-04 4.141240e-01
397 5.847520e-01 9.640000e-04 4.142840e-01
398 5.845720e-01 9.800000e-04 4.144480e-01
399 5.844120e-01 9.680000e-04 4.146200e-01
400 5.841880e-01 1.016000e-03 4.147960e-01
401 5.840040e-01 1.012000e-03 4.149840e-01
402 5.838160e-01 9.760000e-04 4.152080e-01
403 5.836360e-01 9.320000e-04 4.154320e-01
404 5.834600e-01 9.160000e-04 4.156240e-01
405 5.831840e-01 1.036000e-03 4.157800e-01
406 5.829240e-01 1.116000e-03 4.159600e-01
407 5.826880e-01 1.180000e-03 4.161320e-01
408 5.824520e-01 1.208000e-03 4.163400e-01
409 5.822280e-01 1.256000e-03 4.165160e-01
410 5.820200e-01 1.172000e-03 4.168080e-01
411 5.818360e-01 1.128000e-03 4.170360e-01
412 5.816280e-01 1.168000e-03 4.172040e-01
413 5.814680e-01 1.156000e-03 4.173760e-01
414 5.812880e-01 1.152000e-03 4.175600e-01
415 5.811080e-01 1.196000e-03 4.176960e-01
416 5.809240e-01 1.132000e-03 4.179440e-01
417 5.807640e-01 1.136000e-03 4.181000e-01
418 5.805880e-01 1.140000e-03 4.182720e-01
419 5.803800e-01 1.172000e-03 4.184480e-01
420 5.802280e-01 1.112000e-03 4.186600e-01
421 5.800640e-01 1.036000e-03 4.189000e-01
422 5.799120e-01 1.036000e-03 4.190520e-01
423 5.798000e-01 9.800000e-04 4.192200e-01
424 5.796360e-01 9.920000e-04 4.193720e-01
425 5.795160e-01 9.160000e-04 4.195680e-01
426 5.793880e-01 8.960000e-04 4.197160e-01
427 5.792480e-01 8.760000e-04 4.198760e-01
428 5.791040e-01 8.880000e-04 4.200080e-01
429 5.789320e-01 9.320000e-04 4.201360e-01
430 5.787400e-01 9.160000e-04 4.203440e-01
431 5.786280e-01 8.440000e-04 4.205280e-01
432 5.784960e-01 8.080000e-04 4.206960e-01
433 5.783200e-01 8.320000e-04 4.208480e-01
434 5.781960e-01 8.080000e-04 4.209960e-01
435 5.780280e-01 8.400000e-04 4.211320e-01
436 5.779160e-01 8.000000e-04 4.212840e-01
437 5.777440e-01 8.600000e-04 4.213960e-01
438 5.776160e-01 8.200000e-04 4.215640e-01
439 5.774840e-01 8.440000e-04 4.216720e-01
440 5.772960e-01 8.960000e-04 4.218080e-01
441 5.771720e-01 8.520000e-04 4.219760e-01
442 5.770360e-01 8.200000e-04 4.221440e-01
443 5.768600e-01 8.440000e-04 4.222960e-01
444 5.767200e-01 8.200000e-04 4.224600e-01
445 5.766120e-01 7.960000e-04 4.225920e-01
446 5.764680e-01 8.200000e-04 4.227120e-01
447 5.763000e-01 8.600000e-04 4.228400e-01
448 5.760960e-01 9.200000e-04 4.229840e-01
449 5.758960e-01 9.640000e-04 4.231400e-01
450 5.756960e-01 1.052000e-03 4.232520e-01
451 5.754520e-01 1.076000e-03 4.234720e-01
452 5.752840e-01 9.880000e-04 4.237280e-01
453 5.751520e-01 9.120000e-04 4.239360e-01
454 5.750240e-01 8.600000e-04 4.241160e-01
455 5.749200e-01 7.960000e-04 4.242840e-01
456 5.748400e-01 6.920000e-04 4.244680e-01
457 5.747920e-01 6.400000e-04 4.245680e-01
458 5.747040e-01 6.240000e-04 4.246720e-01
459 5.746280e-01 5.880000e-04 4.247840e-01
460 5.745600e-01 5.720000e-04 4.248680e-01
461 5.744800e-01 5.480000e-04 4.249720e-01
462 5.743720e-01 5.560000e-04 4.250720e-01
463 5.742400e-01 5.880000e-04 4.251720e-01
464 5.741160e-01 5.960000e-04 4.252880e-01
465 5.740160e-01 5.960000e-04 4.253880e-01
466 5.739360e-01 5.840000e-04 4.254800e-01
467 5.738360e-01 6.000000e-04 4.255640e-01
468 5.737400e-01 6.120000e-04 4.256480e-01
469 5.736480e-01 6.360000e-04 4.257160e-01
470 5.735600e-01 6.240000e-04 4.258160e-01
471 5.734560e-01 6.160000e-04 4.259280e-01
472 5.733480e-01 6.000000e-04 4.260520e-01
473 5.732760e-01 5.720000e-04 4.261520e-01
474 5.731280e-01 5.880000e-04 4.262840e-01
475 5.730120e-01 6.120000e-04 4.263760e-01
476 5.728560e-01 6.640000e-04 4.264800e-01
477 5.727200e-01 6.920000e-04 4.265880e-01
478 5.726080e-01 6.440000e-04 4.267480e-01
479 5.724840e-01 6.680000e-04 4.268480e-01
480 5.723600e-01 6.360000e-04 4.270040e-01
481 5.722800e-01 5.840000e-04 4.271360e-01
482 5.721280e-01 6.120000e-04 4.272600e-01
483 5.719880e-01 6.480000e-04 4.273640e-01
484 5.718440e-01 7.040000e-04 4.274520e-01
485 5.717600e-01 6.520000e-04 4.275880e-01
486 5.716440e-01 6.080000e-04 4.277480e-01
487 5.715520e-01 5.960000e-04 4.278520e-01
488 5.714640e-01 5.720000e-04 4.279640e-01
489 5.713920e-01 5.640000e-04 4.280440e-01
490 5.712880e-01 5.680000e-04 4.281440e-01
491 5.712000e-01 5.680000e-04 4.282320e-01
492 5.711280e-01 5.640000e-04 4.283080e-01
493 5.710000e-01 6.040000e-04 4.283960e-01
494 5.708640e-01 6.200000e-04 4.285160e-01
495 5.707360e-01 6.440000e-04 4.286200e-01
496 5.706280e-01 6.760000e-04 4.286960e-01
497 5.705040e-01 6.960000e-04 4.288000e-01
498 5.703840e-01 6.800000e-04 4.289360e-01
499 5.702320e-01 7.360000e-04 4.290320e-01
500 5.700520e-01 7.920000e-04 4.291560e-01
