1 9.992960e-01 6.320000e-04 7.200000e-05
2 9.988640e-01 9.120000e-04 2.240000e-04
3 9.982800e-01 1.292000e-03 4.280000e-04
4 9.976120e-01 1.680000e-03 7.080000e-04
5 9.967920e-01 2.128000e-03 1.080000e-03
6 9.959200e-01 2.548000e-03 1.532000e-03
7 9.950240e-01 3.012000e-03 1.964000e-03
8 9.941080e-01 3.344000e-03 2.548000e-03
9 9.932320e-01 3.604000e-03 3.164000e-03
10 9.924080e-01 3.812000e-03 3.780000e-03
11 9.914760e-01 3.992000e-03 4.532000e-03
12 9.906040e-01 4.160000e-03 5.236000e-03
13 9.897280e-01 4.288000e-03 5.984000e-03
14 9.888440e-01 4.412000e-03 6.744000e-03
15 9.877800e-01 4.692000e-03 7.528000e-03
16 9.867920e-01 4.892000e-03 8.316000e-03
17 9.856320e-01 5.200000e-03 9.168000e-03
18 9.845320e-01 5.348000e-03 1.012000e-02
19 9.833520e-01 5.480000e-03 1.116800e-02
20 9.822400e-01 5.544000e-03 1.221600e-02
21 9.811240e-01 5.756000e-03 1.312000e-02
22 9.798640e-01 5.948000e-03 1.418800e-02
23 9.786720e-01 6.108000e-03 1.522000e-02
24 9.774600e-01 6.224000e-03 1.631600e-02
25 9.762080e-01 6.364000e-03 1.742800e-02
26 9.749800e-01 6.476000e-03 1.854400e-02
27 9.736600e-01 6.600000e-03 1.974000e-02
28 9.723400e-01 6.732000e-03 2.092800e-02
29 9.709720e-01 6.924000e-03 2.210400e-02
30 9.695440e-01 7.152000e-03 2.330400e-02
31 9.680280e-01 7.384000e-03 2.458800e-02
32 9.664800e-01 7.672000e-03 2.584800e-02
33 9.649240e-01 7.780000e-03 2.729600e-02
34 9.635720e-01 7.652000e-03 2.877600e-02
35 9.621840e-01 7.636000e-03 3.018000e-02
36 9.606640e-01 7.812000e-03 3.152400e-02
37 9.592840e-01 7.700000e-03 3.301600e-02
38 9.578160e-01 7.728000e-03 3.445600e-02
39 9.563320e-01 7.880000e-03 3.578800e-02
40 9.548520e-01 8.000000e-03 3.714800e-02
41 9.535760e-01 7.892000e-03 3.853200e-02
42 9.522040e-01 7.900000e-03 3.989600e-02
43 9.507920e-01 7.948000e-03 4.126000e-02
44 9.493080e-01 8.148000e-03 4.254400e-02
45 9.481000e-01 7.960000e-03 4.394000e-02
46 9.466480e-01 8.104000e-03 4.524800e-02
47 9.453640e-01 7.996000e-03 4.664000e-02
48 9.439360e-01 8.116000e-03 4.794800e-02
49 9.426880e-01 7.996000e-03 4.931600e-02
50 9.414360e-01 7.752000e-03 5.081200e-02
51 9.400800e-01 7.884000e-03 5.203600e-02
52 9.387880e-01 7.736000e-03 5.347600e-02
53 9.373360e-01 7.784000e-03 5.488000e-02
54 9.360160e-01 7.816000e-03 5.616800e-02
55 9.346960e-01 7.820000e-03 5.748400e-02
56 9.334520e-01 7.692000e-03 5.885600e-02
57 9.320440e-01 7.684000e-03 6.027200e-02
58 9.307200e-01 7.696000e-03 6.158400e-02
59 9.291280e-01 7.836000e-03 6.303600e-02
60 9.275280e-01 8.060000e-03 6.441200e-02
61 9.259680e-01 8.200000e-03 6.583200e-02
62 9.244600e-01 8.328000e-03 6.721200e-02
63 9.228520e-01 8.468000e-03 6.868000e-02
64 9.213520e-01 8.468000e-03 7.018000e-02
65 9.197520e-01 8.608000e-03 7.164000e-02
66 9.182160e-01 8.664000e-03 7.312000e-02
67 9.168520e-01 8.568000e-03 7.458000e-02
68 9.153240e-01 8.712000e-03 7.596400e-02
69 9.138160e-01 8.620000e-03 7.756400e-02
70 9.122680e-01 8.688000e-03 7.904400e-02
71 9.105520e-01 8.912000e-03 8.053600e-02
72 9.089080e-01 8.988000e-03 8.210400e-02
73 9.072800e-01 9.056000e-03 8.366400e-02
74 9.057040e-01 9.080000e-03 8.521600e-02
75 9.039920e-01 9.004000e-03 8.700400e-02
76 9.025240e-01 9.172000e-03 8.830400e-02
77 9.009640e-01 9.120000e-03 8.991600e-02
78 8.994720e-01 8.940000e-03 9.158800e-02
79 8.980480e-01 9.048000e-03 9.290400e-02
80 8.966640e-01 8.936000e-03 9.440000e-02
81 8.951080e-01 8.932000e-03 9.596000e-02
82 8.937560e-01 8.876000e-03 9.736800e-02
83 8.923840e-01 8.792000e-03 9.882400e-02
84 8.907480e-01 8.780000e-03 1.004720e-01
85 8.892720e-01 8.760000e-03 1.019680e-01
86 8.879160e-01 8.636000e-03 1.034480e-01
87 8.865840e-01 8.540000e-03 1.048760e-01
88 8.853760e-01 8.272000e-03 1.063520e-01
89 8.840240e-01 8.224000e-03 1.077520e-01
90 8.826320e-01 8.336000e-03 1.090320e-01
91 8.813040e-01 8.280000e-03 1.104160e-01
92 8.798680e-01 8.208000e-03 1.119240e-01
93 8.784520e-01 8.244000e-03 1.133040e-01
94 8.769760e-01 8.344000e-03 1.146800e-01
95 8.755640e-01 8.236000e-03 1.162000e-01
96 8.741720e-01 8.208000e-03 1.176200e-01
97 8.728560e-01 8.092000e-03 1.190520e-01
98 8.716040e-01 7.972000e-03 1.204240e-01
99 8.702400e-01 7.924000e-03 1.218360e-01
100 8.690200e-01 7.744000e-03 1.232360e-01
101 8.676760e-01 7.652000e-03 1.246720e-01
102 8.664600e-01 7.520000e-03 1.260200e-01
103 8.653440e-01 7.272000e-03 1.273840e-01
104 8.641480e-01 7.156000e-03 1.286960e-01
105 8.629360e-01 7.112000e-03 1.299520e-01
106 8.617800e-01 7.080000e-03 1.311400e-01
107 8.605360e-01 7.016000e-03 1.324480e-01
108 8.593240e-01 7.076000e-03 1.336000e-01
109 8.581600e-01 7.020000e-03 1.348200e-01
110 8.568760e-01 7.100000e-03 1.360240e-01
111 8.558360e-01 6.800000e-03 1.373640e-01
112 8.546360e-01 6.848000e-03 1.385160e-01
113 8.533960e-01 6.948000e-03 1.396560e-01
114 8.521480e-01 7.000000e-03 1.408520e-01
115 8.510040e-01 6.900000e-03 1.420960e-01
116 8.498120e-01 6.768000e-03 1.434200e-01
117 8.488120e-01 6.512000e-03 1.446760e-01
118 8.476360e-01 6.536000e-03 1.458280e-01
119 8.465360e-01 6.436000e-03 1.470280e-01
120 8.453840e-01 6.448000e-03 1.481680e-01
121 8.442000e-01 6.568000e-03 1.492320e-01
122 8.431000e-01 6.416000e-03 1.504840e-01
123 8.419640e-01 6.228000e-03 1.518080e-01
124 8.408840e-01 6.156000e-03 1.529600e-01
125 8.398280e-01 6.068000e-03 1.541040e-01
126 8.388000e-01 6.004000e-03 1.551960e-01
127 8.377760e-01 5.888000e-03 1.563360e-01
128 8.366200e-01 6.040000e-03 1.573400e-01
129 8.354760e-01 6.036000e-03 1.584880e-01
130 8.343560e-01 6.080000e-03 1.595640e-01
131 8.333520e-01 5.980000e-03 1.606680e-01
132 8.322960e-01 6.032000e-03 1.616720e-01
133 8.311960e-01 6.048000e-03 1.627560e-01
134 8.301920e-01 5.932000e-03 1.638760e-01
135 8.291920e-01 5.824000e-03 1.649840e-01
136 8.282320e-01 5.668000e-03 1.661000e-01
137 8.272680e-01 5.624000e-03 1.671080e-01
138 8.262920e-01 5.484000e-03 1.682240e-01
139 8.254000e-01 5.384000e-03 1.692160e-01
140 8.244680e-01 5.388000e-03 1.701440e-01
141 8.234360e-01 5.512000e-03 1.710520e-01
142 8.224240e-01 5.544000e-03 1.720320e-01
143 8.214880e-01 5.412000e-03 1.731000e-01
144 8.205600e-01 5.484000e-03 1.739560e-01
145 8.196160e-01 5.336000e-03 1.750480e-01
146 8.186000e-01 5.400000e-03 1.760000e-01
147 8.176880e-01 5.320000e-03 1.769920e-01
148 8.167720e-01 5.216000e-03 1.780120e-01
149 8.157920e-01 5.304000e-03 1.789040e-01
150 8.148800e-01 5.264000e-03 1.798560e-01
151 8.138600e-01 5.344000e-03 1.807960e-01
152 8.128840e-01 5.384000e-03 1.817320e-01
153 8.118000e-01 5.524000e-03 1.826760e-01
154 8.107880e-01 5.532000e-03 1.836800e-01
155 8.096520e-01 5.616000e-03 1.847320e-01
156 8.086480e-01 5.692000e-03 1.856600e-01
157 8.075640e-01 5.736000e-03 1.867000e-01
158 8.065040e-01 5.848000e-03 1.876480e-01
159 8.051680e-01 6.032000e-03 1.888000e-01
160 8.039240e-01 6.160000e-03 1.899160e-01
161 8.026720e-01 6.292000e-03 1.910360e-01
162 8.015640e-01 6.232000e-03 1.922040e-01
163 8.004960e-01 6.188000e-03 1.933160e-01
164 7.993400e-01 6.184000e-03 1.944760e-01
165 7.984040e-01 6.068000e-03 1.955280e-01
166 7.973040e-01 6.136000e-03 1.965600e-01
167 7.961520e-01 6.304000e-03 1.975440e-01
168 7.950360e-01 6.340000e-03 1.986240e-01
169 7.938680e-01 6.408000e-03 1.997240e-01
170 7.928000e-01 6.192000e-03 2.010080e-01
171 7.918000e-01 6.144000e-03 2.020560e-01
172 7.908080e-01 6.076000e-03 2.031160e-01
173 7.898160e-01 5.976000e-03 2.042080e-01
174 7.887080e-01 6.020000e-03 2.052720e-01
175 7.876480e-01 6.120000e-03 2.062320e-01
176 7.865800e-01 6.024000e-03 2.073960e-01
177 7.855000e-01 6.080000e-03 2.084200e-01
178 7.842920e-01 6.220000e-03 2.094880e-01
179 7.832280e-01 6.308000e-03 2.104640e-01
180 7.821520e-01 6.208000e-03 2.116400e-01
181 7.811480e-01 6.156000e-03 2.126960e-01
182 7.801240e-01 6.096000e-03 2.137800e-01
183 7.790600e-01 6.072000e-03 2.148680e-01
184 7.780480e-01 6.092000e-03 2.158600e-01
185 7.769480e-01 6.160000e-03 2.168920e-01
186 7.758480e-01 6.224000e-03 2.179280e-01
187 7.748000e-01 6.264000e-03 2.189360e-01
188 7.737480e-01 6.236000e-03 2.200160e-01
189 7.727840e-01 6.092000e-03 2.211240e-01
190 7.718480e-01 5.928000e-03 2.222240e-01
191 7.709920e-01 5.760000e-03 2.232480e-01
192 7.701960e-01 5.468000e-03 2.243360e-01
193 7.693840e-01 5.360000e-03 2.252560e-01
194 7.685800e-01 5.276000e-03 2.261440e-01
195 7.676640e-01 5.164000e-03 2.271720e-01
196 7.668360e-01 5.084000e-03 2.280800e-01
197 7.660480e-01 4.972000e-03 2.289800e-01
198 7.653280e-01 4.832000e-03 2.298400e-01
199 7.644560e-01 4.764000e-03 2.307800e-01
200 7.636840e-01 4.664000e-03 2.316520e-01
201 7.629240e-01 4.600000e-03 2.324760e-01
202 7.622120e-01 4.564000e-03 2.332240e-01
203 7.613960e-01 4.640000e-03 2.339640e-01
204 7.605840e-01 4.688000e-03 2.347280e-01
205 7.597440e-01 4.760000e-03 2.354960e-01
206 7.588400e-01 4.872000e-03 2.362880e-01
207 7.580160e-01 4.808000e-03 2.371760e-01
208 7.571560e-01 4.800000e-03 2.380440e-01
209 7.563000e-01 4.848000e-03 2.388520e-01
210 7.554360e-01 4.908000e-03 2.396560e-01
211 7.546080e-01 4.856000e-03 2.405360e-01
212 7.537480e-01 4.948000e-03 2.413040e-01
213 7.529880e-01 4.820000e-03 2.421920e-01
214 7.520960e-01 4.876000e-03 2.430280e-01
215 7.512720e-01 4.840000e-03 2.438880e-01
216 7.504720e-01 4.676000e-03 2.448520e-01
217 7.496760e-01 4.640000e-03 2.456840e-01
218 7.488520e-01 4.708000e-03 2.464400e-01
219 7.479160e-01 4.796000e-03 2.472880e-01
220 7.471000e-01 4.748000e-03 2.481520e-01
221 7.463760e-01 4.664000e-03 2.489600e-01
222 7.456280e-01 4.644000e-03 2.497280e-01
223 7.448600e-01 4.632000e-03 2.505080e-01
224 7.440000e-01 4.692000e-03 2.513080e-01
225 7.432080e-01 4.704000e-03 2.520880e-01
226 7.424600e-01 4.612000e-03 2.529280e-01
227 7.417080e-01 4.500000e-03 2.537920e-01
228 7.408360e-01 4.668000e-03 2.544960e-01
229 7.401000e-01 4.568000e-03 2.553320e-01
230 7.392960e-01 4.556000e-03 2.561480e-01
231 7.385760e-01 4.492000e-03 2.569320e-01
232 7.378560e-01 4.432000e-03 2.577120e-01
233 7.370560e-01 4.496000e-03 2.584480e-01
234 7.363560e-01 4.380000e-03 2.592640e-01
235 7.356040e-01 4.264000e-03 2.601320e-01
236 7.348400e-01 4.228000e-03 2.609320e-01
237 7.341560e-01 4.144000e-03 2.617000e-01
238 7.334920e-01 4.160000e-03 2.623480e-01
239 7.327480e-01 4.168000e-03 2.630840e-01
240 7.319920e-01 4.172000e-03 2.638360e-01
241 7.311440e-01 4.284000e-03 2.645720e-01
242 7.303880e-01 4.208000e-03 2.654040e-01
243 7.296720e-01 4.124000e-03 2.662040e-01
244 7.290520e-01 4.028000e-03 2.669200e-01
245 7.282880e-01 4.080000e-03 2.676320e-01
246 7.276480e-01 4.012000e-03 2.683400e-01
247 7.269400e-01 4.028000e-03 2.690320e-01
248 7.263480e-01 3.968000e-03 2.696840e-01
249 7.257160e-01 3.940000e-03 2.703440e-01
250 7.251000e-01 3.920000e-03 2.709800e-01
251 7.243960e-01 3.876000e-03 2.717280e-01
252 7.237760e-01 3.760000e-03 2.724640e-01
253 7.232160e-01 3.648000e-03 2.731360e-01
254 7.225680e-01 3.608000e-03 2.738240e-01
255 7.220880e-01 3.356000e-03 2.745560e-01
256 7.215440e-01 3.396000e-03 2.750600e-01
257 7.208640e-01 3.544000e-03 2.755920e-01
258 7.202920e-01 3.540000e-03 2.761680e-01
259 7.196400e-01 3.576000e-03 2.767840e-01
260 7.191320e-01 3.532000e-03 2.773360e-01
261 7.186120e-01 3.548000e-03 2.778400e-01
262 7.179920e-01 3.524000e-03 2.784840e-01
263 7.174040e-01 3.524000e-03 2.790720e-01
264 7.168800e-01 3.452000e-03 2.796680e-01
265 7.163800e-01 3.364000e-03 2.802560e-01
266 7.157840e-01 3.308000e-03 2.809080e-01
267 7.151640e-01 3.352000e-03 2.814840e-01
268 7.145680e-01 3.340000e-03 2.820920e-01
269 7.140360e-01 3.344000e-03 2.826200e-01
270 7.134480e-01 3.416000e-03 2.831360e-01
271 7.128680e-01 3.352000e-03 2.837800e-01
272 7.123320e-01 3.332000e-03 2.843360e-01
273 7.118800e-01 3.196000e-03 2.849240e-01
274 7.113400e-01 3.136000e-03 2.855240e-01
275 7.108000e-01 3.148000e-03 2.860520e-01
276 7.102760e-01 3.100000e-03 2.866240e-01
277 7.098080e-01 3.008000e-03 2.871840e-01
278 7.094520e-01 2.916000e-03 2.876320e-01
279 7.090160e-01 2.864000e-03 2.881200e-01
280 7.084960e-01 2.736000e-03 2.887680e-01
281 7.080360e-01 2.708000e-03 2.892560e-01
282 7.074920e-01 2.828000e-03 2.896800e-01
283 7.069960e-01 2.848000e-03 2.901560e-01
284 7.064760e-01 2.892000e-03 2.906320e-01
285 7.058840e-01 2.924000e-03 2.911920e-01
286 7.053240e-01 2.984000e-03 2.916920e-01
287 7.047880e-01 2.920000e-03 2.922920e-01
288 7.042080e-01 3.020000e-03 2.927720e-01
289 7.036480e-01 3.028000e-03 2.933240e-01
290 7.031360e-01 3.036000e-03 2.938280e-01
291 7.025000e-01 3.152000e-03 2.943480e-01
292 7.018880e-01 3.164000e-03 2.949480e-01
293 7.012240e-01 3.344000e-03 2.954320e-01
294 7.006400e-01 3.376000e-03 2.959840e-01
295 7.001080e-01 3.292000e-03 2.966000e-01
296 6.996000e-01 3.216000e-03 2.971840e-01
297 6.990720e-01 3.216000e-03 2.977120e-01
298 6.985360e-01 3.204000e-03 2.982600e-01
299 6.979880e-01 3.220000e-03 2.987920e-01
300 6.975280e-01 3.100000e-03 2.993720e-01
301 6.971320e-01 2.976000e-03 2.998920e-01
302 6.967320e-01 2.840000e-03 3.004280e-01
303 6.962360e-01 2.876000e-03 3.008880e-01
304 6.957600e-01 2.912000e-03 3.013280e-01
305 6.952800e-01 2.896000e-03 3.018240e-01
306 6.947000e-01 2.964000e-03 3.023360e-01
307 6.942080e-01 2.928000e-03 3.028640e-01
308 6.936120e-01 2.972000e-03 3.034160e-01
309 6.931520e-01 2.984000e-03 3.038640e-01
310 6.926840e-01 2.980000e-03 3.043360e-01
311 6.922080e-01 2.964000e-03 3.048280e-01
312 6.916680e-01 2.948000e-03 3.053840e-01
313 6.912120e-01 2.892000e-03 3.058960e-01
314 6.906840e-01 2.888000e-03 3.064280e-01
315 6.902440e-01 2.796000e-03 3.069600e-01
316 6.897760e-01 2.768000e-03 3.074560e-01
317 6.894040e-01 2.720000e-03 3.078760e-01
318 6.889840e-01 2.640000e-03 3.083760e-01
319 6.885240e-01 2.664000e-03 3.088120e-01
320 6.880120e-01 2.740000e-03 3.092480e-01
321 6.875600e-01 2.728000e-03 3.097120e-01
322 6.871760e-01 2.656000e-03 3.101680e-01
323 6.866920e-01 2.652000e-03 3.106560e-01
324 6.862800e-01 2.560000e-03 3.111600e-01
325 6.859400e-01 2.452000e-03 3.116080e-01
326 6.855440e-01 2.432000e-03 3.120240e-01
327 6.851880e-01 2.364000e-03 3.124480e-01
328 6.848040e-01 2.380000e-03 3.128160e-01
329 6.844440e-01 2.308000e-03 3.132480e-01
330 6.840160e-01 2.368000e-03 3.136160e-01
331 6.836120e-01 2.380000e-03 3.140080e-01
332 6.832360e-01 2.360000e-03 3.144040e-01
333 6.828520e-01 2.360000e-03 3.147880e-01
334 6.823240e-01 2.500000e-03 3.151760e-01
335 6.818880e-01 2.472000e-03 3.156400e-01
336 6.814600e-01 2.548000e-03 3.159920e-01
337 6.810480e-01 2.540000e-03 3.164120e-01
338 6.806400e-01 2.548000e-03 3.168120e-01
339 6.803040e-01 2.472000e-03 3.172240e-01
340 6.799040e-01 2.436000e-03 3.176600e-01
341 6.794800e-01 2.352000e-03 3.181680e-01
342 6.791200e-01 2.292000e-03 3.185880e-01
343 6.787800e-01 2.228000e-03 3.189920e-01
344 6.783800e-01 2.288000e-03 3.193320e-01
345 6.780120e-01 2.308000e-03 3.196800e-01
346 6.776840e-01 2.228000e-03 3.200880e-01
347 6.773200e-01 2.220000e-03 3.204600e-01
348 6.769320e-01 2.248000e-03 3.208200e-01
349 6.765320e-01 2.272000e-03 3.211960e-01
350 6.761080e-01 2.352000e-03 3.215400e-01
351 6.756480e-01 2.392000e-03 3.219600e-01
352 6.752520e-01 2.352000e-03 3.223960e-01
353 6.748920e-01 2.192000e-03 3.229160e-01
354 6.744120e-01 2.296000e-03 3.232920e-01
355 6.740120e-01 2.304000e-03 3.236840e-01
356 6.735920e-01 2.288000e-03 3.241200e-01
357 6.732040e-01 2.356000e-03 3.244400e-01
358 6.728120e-01 2.368000e-03 3.248200e-01
359 6.724680e-01 2.308000e-03 3.252240e-01
360 6.721160e-01 2.280000e-03 3.256040e-01
361 6.717440e-01 2.188000e-03 3.260680e-01
362 6.713840e-01 2.172000e-03 3.264440e-01
363 6.710840e-01 2.112000e-03 3.268040e-01
364 6.707400e-01 2.064000e-03 3.271960e-01
365 6.704480e-01 1.992000e-03 3.275600e-01
366 6.701160e-01 1.928000e-03 3.279560e-01
367 6.697640e-01 1.952000e-03 3.282840e-01
368 6.694320e-01 1.920000e-03 3.286480e-01
369 6.690720e-01 1.936000e-03 3.289920e-01
370 6.687520e-01 1.868000e-03 3.293800e-01
371 6.684000e-01 1.916000e-03 3.296840e-01
372 6.680440e-01 1.888000e-03 3.300680e-01
373 6.677080e-01 1.904000e-03 3.303880e-01
374 6.673200e-01 1.952000e-03 3.307280e-01
375 6.669160e-01 2.024000e-03 3.310600e-01
376 6.666160e-01 1.968000e-03 3.314160e-01
377 6.663280e-01 1.932000e-03 3.317400e-01
378 6.659040e-01 2.044000e-03 3.320520e-01
379 6.655240e-01 2.148000e-03 3.323280e-01
380 6.651120e-01 2.240000e-03 3.326480e-01
381 6.646760e-01 2.292000e-03 3.330320e-01
382 6.643120e-01 2.212000e-03 3.334760e-01
383 6.639480e-01 2.256000e-03 3.337960e-01
384 6.635840e-01 2.180000e-03 3.342360e-01
385 6.632400e-01 2.176000e-03 3.345840e-01
386 6.629760e-01 2.104000e-03 3.349200e-01
387 6.626760e-01 2.040000e-03 3.352840e-01
388 6.624040e-01 1.952000e-03 3.356440e-01
389 6.620600e-01 1.908000e-03 3.360320e-01
390 6.617560e-01 1.932000e-03 3.363120e-01
391 6.614720e-01 1.860000e-03 3.366680e-01
392 6.611440e-01 1.872000e-03 3.369840e-01
393 6.608320e-01 1.856000e-03 3.373120e-01
394 6.605120e-01 1.892000e-03 3.375960e-01
395 6.602360e-01 1.832000e-03 3.379320e-01
396 6.599040e-01 1.796000e-03 3.383000e-01
397 6.596280e-01 1.752000e-03 3.386200e-01
398 6.593680e-01 1.712000e-03 3.389200e-01
399 6.591120e-01 1.708000e-03 3.391800e-01
400 6.589240e-01 1.604000e-03 3.394720e-01
401 6.586440e-01 1.624000e-03 3.397320e-01
402 6.583520e-01 1.648000e-03 3.400000e-01
403 6.581280e-01 1.540000e-03 3.403320e-01
404 6.578200e-01 1.620000e-03 3.405600e-01
405 6.575880e-01 1.588000e-03 3.408240e-01
406 6.573600e-01 1.576000e-03 3.410640e-01
407 6.571480e-01 1.496000e-03 3.413560e-01
408 6.569440e-01 1.420000e-03 3.416360e-01
409 6.566480e-01 1.476000e-03 3.418760e-01
410 6.563680e-01 1.548000e-03 3.420840e-01
411 6.561640e-01 1.480000e-03 3.423560e-01
412 6.559320e-01 1.440000e-03 3.426280e-01
413 6.556760e-01 1.464000e-03 3.428600e-01
414 6.554720e-01 1.380000e-03 3.431480e-01
415 6.552120e-01 1.400000e-03 3.433880e-01
416 6.549720e-01 1.420000e-03 3.436080e-01
417 6.546960e-01 1.476000e-03 3.438280e-01
418 6.545400e-01 1.316000e-03 3.441440e-01
419 6.543320e-01 1.324000e-03 3.443440e-01
420 6.541280e-01 1.308000e-03 3.445640e-01
421 6.539160e-01 1.268000e-03 3.448160e-01
422 6.536440e-01 1.336000e-03 3.450200e-01
423 6.533240e-01 1.404000e-03 3.452720e-01
424 6.530360e-01 1.476000e-03 3.454880e-01
425 6.528000e-01 1.388000e-03 3.458120e-01
426 6.525320e-01 1.424000e-03 3.460440e-01
427 6.523400e-01 1.408000e-03 3.462520e-01
428 6.521000e-01 1.416000e-03 3.464840e-01
429 6.518240e-01 1.460000e-03 3.467160e-01
430 6.515960e-01 1.412000e-03 3.469920e-01
431 6.514400e-01 1.316000e-03 3.472440e-01
432 6.512040e-01 1.296000e-03 3.475000e-01
433 6.510160e-01 1.220000e-03 3.477640e-01
434 6.508200e-01 1.228000e-03 3.479520e-01
435 6.506080e-01 1.232000e-03 3.481600e-01
436 6.503760e-01 1.240000e-03 3.483840e-01
437 6.502000e-01 1.212000e-03 3.485880e-01
438 6.500280e-01 1.208000e-03 3.487640e-01
439 6.498320e-01 1.184000e-03 3.489840e-01
440 6.496000e-01 1.192000e-03 3.492080e-01
441 6.494240e-01 1.140000e-03 3.494360e-01
442 6.491640e-01 1.216000e-03 3.496200e-01
443 6.489400e-01 1.252000e-03 3.498080e-01
444 6.487200e-01 1.288000e-03 3.499920e-01
445 6.484440e-01 1.376000e-03 3.501800e-01
446 6.481880e-01 1.396000e-03 3.504160e-01
447 6.479600e-01 1.384000e-03 3.506560e-01
448 6.477440e-01 1.360000e-03 3.508960e-01
449 6.475000e-01 1.416000e-03 3.510840e-01
450 6.472920e-01 1.392000e-03 3.513160e-01
451 6.470120e-01 1.388000e-03 3.516000e-01
452 6.467280e-01 1.428000e-03 3.518440e-01
453 6.464920e-01 1.388000e-03 3.521200e-01
454 6.462760e-01 1.348000e-03 3.523760e-01
455 6.460440e-01 1.344000e-03 3.526120e-01
456 6.458280e-01 1.320000e-03 3.528520e-01
457 6.455520e-01 1.356000e-03 3.530920e-01
458 6.453720e-01 1.340000e-03 3.532880e-01
459 6.451880e-01 1.256000e-03 3.535560e-01
460 6.449640e-01 1.260000e-03 3.537760e-01
461 6.447000e-01 1.304000e-03 3.539960e-01
462 6.445160e-01 1.256000e-03 3.542280e-01
463 6.442840e-01 1.260000e-03 3.544560e-01
464 6.440560e-01 1.256000e-03 3.546880e-01
465 6.439000e-01 1.188000e-03 3.549120e-01
466 6.437560e-01 1.124000e-03 3.551200e-01
467 6.435840e-01 1.072000e-03 3.553440e-01
468 6.433880e-01 1.108000e-03 3.555040e-01
469 6.432280e-01 1.020000e-03 3.557520e-01
470 6.430560e-01 1.012000e-03 3.559320e-01
471 6.428400e-01 1.028000e-03 3.561320e-01
472 6.426520e-01 9.800000e-04 3.563680e-01
473 6.424640e-01 1.020000e-03 3.565160e-01
474 6.423120e-01 9.920000e-04 3.566960e-01
475 6.421600e-01 1.000000e-03 3.568400e-01
476 6.419680e-01 9.880000e-04 3.570440e-01
477 6.417880e-01 9.960000e-04 3.572160e-01
478 6.416080e-01 9.760000e-04 3.574160e-01
479 6.414120e-01 1.012000e-03 3.575760e-01
480 6.412640e-01 9.760000e-04 3.577600e-01
481 6.410840e-01 9.840000e-04 3.579320e-01
482 6.409240e-01 9.920000e-04 3.580840e-01
483 6.407800e-01 9.520000e-04 3.582680e-01
484 6.405800e-01 9.920000e-04 3.584280e-01
485 6.404280e-01 9.680000e-04 3.586040e-01
486 6.402440e-01 9.720000e-04 3.587840e-01
487 6.400600e-01 9.880000e-04 3.589520e-01
488 6.398800e-01 9.920000e-04 3.591280e-01
489 6.397360e-01 9.560000e-04 3.593080e-01
490 6.395480e-01 9.720000e-04 3.594800e-01
491 6.393960e-01 9.800000e-04 3.596240e-01
492 6.392440e-01 8.880000e-04 3.598680e-01
493 6.390920e-01 8.840000e-04 3.600240e-01
494 6.389400e-01 8.960000e-04 3.601640e-01
495 6.388000e-01 8.320000e-04 3.603680e-01
496 6.386440e-01 8.440000e-04 3.605120e-01
497 6.385160e-01 8.240000e-04 3.606600e-01
498 6.383440e-01 8.760000e-04 3.607800e-01
499 6.381200e-01 9.560000e-04 3.609240e-01
500 6.379520e-01 9.720000e-04 3.610760e-01
