1 9.992160e-01 6.840000e-04 1.000000e-04
2 9.987200e-01 1.016000e-03 2.640000e-04
3 9.980800e-01 1.480000e-03 4.400000e-04
4 9.973440e-01 1.912000e-03 7.440000e-04
5 9.964840e-01 2.420000e-03 1.096000e-03
6 9.955600e-01 2.872000e-03 1.568000e-03
7 9.946080e-01 3.280000e-03 2.112000e-03
8 9.937600e-01 3.548000e-03 2.692000e-03
9 9.928120e-01 3.812000e-03 3.376000e-03
10 9.917120e-01 4.176000e-03 4.112000e-03
11 9.906800e-01 4.480000e-03 4.840000e-03
12 9.896280e-01 4.708000e-03 5.664000e-03
13 9.884280e-01 5.108000e-03 6.464000e-03
14 9.871600e-01 5.488000e-03 7.352000e-03
15 9.858240e-01 5.796000e-03 8.380000e-03
16 9.846480e-01 5.956000e-03 9.396000e-03
17 9.832400e-01 6.300000e-03 1.046000e-02
18 9.818240e-01 6.440000e-03 1.173600e-02
19 9.806240e-01 6.540000e-03 1.283600e-02
20 9.790520e-01 7.004000e-03 1.394400e-02
21 9.774280e-01 7.376000e-03 1.519600e-02
22 9.760640e-01 7.412000e-03 1.652400e-02
23 9.746320e-01 7.596000e-03 1.777200e-02
24 9.731640e-01 7.804000e-03 1.903200e-02
25 9.715760e-01 7.972000e-03 2.045200e-02
26 9.701520e-01 7.988000e-03 2.186000e-02
27 9.684440e-01 8.236000e-03 2.332000e-02
28 9.668000e-01 8.440000e-03 2.476000e-02
29 9.654000e-01 8.424000e-03 2.617600e-02
30 9.638520e-01 8.352000e-03 2.779600e-02
31 9.622080e-01 8.460000e-03 2.933200e-02
32 9.606040e-01 8.520000e-03 3.087600e-02
33 9.590320e-01 8.664000e-03 3.230400e-02
34 9.575080e-01 8.680000e-03 3.381200e-02
35 9.559560e-01 8.756000e-03 3.528800e-02
36 9.543120e-01 8.768000e-03 3.692000e-02
37 9.526640e-01 8.800000e-03 3.853600e-02
38 9.511120e-01 8.732000e-03 4.015600e-02
39 9.495040e-01 8.868000e-03 4.162800e-02
40 9.479360e-01 8.800000e-03 4.326400e-02
41 9.464720e-01 8.812000e-03 4.471600e-02
42 9.448640e-01 8.924000e-03 4.621200e-02
43 9.433080e-01 8.956000e-03 4.773600e-02
44 9.418560e-01 8.800000e-03 4.934400e-02
45 9.402640e-01 8.836000e-03 5.090000e-02
46 9.386000e-01 8.904000e-03 5.249600e-02
47 9.370800e-01 8.864000e-03 5.405600e-02
48 9.354200e-01 9.024000e-03 5.555600e-02
49 9.338800e-01 9.140000e-03 5.698000e-02
50 9.321640e-01 9.200000e-03 5.863600e-02
51 9.307400e-01 9.052000e-03 6.020800e-02
52 9.291240e-01 9.088000e-03 6.178800e-02
53 9.275520e-01 9.056000e-03 6.339200e-02
54 9.260200e-01 9.032000e-03 6.494800e-02
55 9.244720e-01 8.996000e-03 6.653200e-02
56 9.230080e-01 8.868000e-03 6.812400e-02
57 9.215080e-01 8.844000e-03 6.964800e-02
58 9.199200e-01 8.916000e-03 7.116400e-02
59 9.182200e-01 9.028000e-03 7.275200e-02
60 9.165440e-01 9.176000e-03 7.428000e-02
61 9.147840e-01 9.296000e-03 7.592000e-02
62 9.130720e-01 9.364000e-03 7.756400e-02
63 9.116080e-01 9.108000e-03 7.928400e-02
64 9.098600e-01 9.272000e-03 8.086800e-02
65 9.081680e-01 9.348000e-03 8.248400e-02
66 9.065800e-01 9.300000e-03 8.412000e-02
67 9.049920e-01 9.176000e-03 8.583200e-02
68 9.035120e-01 9.152000e-03 8.733600e-02
69 9.020600e-01 9.044000e-03 8.889600e-02
70 9.006120e-01 8.920000e-03 9.046800e-02
71 8.991360e-01 8.980000e-03 9.188400e-02
72 8.976280e-01 9.028000e-03 9.334400e-02
73 8.962000e-01 8.836000e-03 9.496400e-02
74 8.947360e-01 8.804000e-03 9.646000e-02
75 8.932720e-01 8.760000e-03 9.796800e-02
76 8.917280e-01 8.868000e-03 9.940400e-02
77 8.902840e-01 8.764000e-03 1.009520e-01
78 8.887960e-01 8.712000e-03 1.024920e-01
79 8.873600e-01 8.616000e-03 1.040240e-01
80 8.858400e-01 8.660000e-03 1.055000e-01
81 8.843560e-01 8.716000e-03 1.069280e-01
82 8.827240e-01 8.872000e-03 1.084040e-01
83 8.811720e-01 8.780000e-03 1.100480e-01
84 8.796440e-01 8.784000e-03 1.115720e-01
85 8.780200e-01 8.848000e-03 1.131320e-01
86 8.764320e-01 8.840000e-03 1.147280e-01
87 8.750080e-01 8.576000e-03 1.164160e-01
88 8.736760e-01 8.432000e-03 1.178920e-01
89 8.724400e-01 8.272000e-03 1.192880e-01
90 8.712280e-01 8.052000e-03 1.207200e-01
91 8.699560e-01 7.880000e-03 1.221640e-01
92 8.685480e-01 7.920000e-03 1.235320e-01
93 8.671840e-01 7.796000e-03 1.250200e-01
94 8.656800e-01 7.976000e-03 1.263440e-01
95 8.641800e-01 7.996000e-03 1.278240e-01
96 8.628600e-01 7.936000e-03 1.292040e-01
97 8.613440e-01 8.104000e-03 1.305520e-01
98 8.599880e-01 7.988000e-03 1.320240e-01
99 8.586200e-01 7.856000e-03 1.335240e-01
100 8.572880e-01 7.820000e-03 1.348920e-01
101 8.560560e-01 7.668000e-03 1.362760e-01
102 8.547200e-01 7.812000e-03 1.374680e-01
103 8.533800e-01 7.768000e-03 1.388520e-01
104 8.520600e-01 7.748000e-03 1.401920e-01
105 8.506040e-01 7.780000e-03 1.416160e-01
106 8.492640e-01 7.840000e-03 1.428960e-01
107 8.479360e-01 7.808000e-03 1.442560e-01
108 8.466160e-01 7.820000e-03 1.455640e-01
109 8.450520e-01 8.004000e-03 1.469440e-01
110 8.436200e-01 8.068000e-03 1.483120e-01
111 8.422240e-01 8.068000e-03 1.497080e-01
112 8.408520e-01 8.004000e-03 1.511440e-01
113 8.393880e-01 8.020000e-03 1.525920e-01
114 8.379560e-01 8.040000e-03 1.540040e-01
115 8.364960e-01 8.088000e-03 1.554160e-01
116 8.351600e-01 7.996000e-03 1.568440e-01
117 8.336840e-01 8.156000e-03 1.581600e-01
118 8.324200e-01 7.984000e-03 1.595960e-01
119 8.312440e-01 7.840000e-03 1.609160e-01
120 8.299640e-01 7.744000e-03 1.622920e-01
121 8.286680e-01 7.656000e-03 1.636760e-01
122 8.274080e-01 7.544000e-03 1.650480e-01
123 8.262680e-01 7.364000e-03 1.663680e-01
124 8.250680e-01 7.376000e-03 1.675560e-01
125 8.239400e-01 7.136000e-03 1.689240e-01
126 8.228040e-01 6.936000e-03 1.702600e-01
127 8.216720e-01 6.904000e-03 1.714240e-01
128 8.205320e-01 6.944000e-03 1.725240e-01
129 8.193680e-01 7.052000e-03 1.735800e-01
130 8.182560e-01 6.864000e-03 1.748800e-01
131 8.169840e-01 6.924000e-03 1.760920e-01
132 8.155560e-01 7.104000e-03 1.773400e-01
133 8.143320e-01 7.112000e-03 1.785560e-01
134 8.129400e-01 7.260000e-03 1.798000e-01
135 8.116000e-01 7.248000e-03 1.811520e-01
136 8.102440e-01 7.324000e-03 1.824320e-01
137 8.087800e-01 7.480000e-03 1.837400e-01
138 8.074600e-01 7.532000e-03 1.850080e-01
139 8.061920e-01 7.372000e-03 1.864360e-01
140 8.049560e-01 7.368000e-03 1.876760e-01
141 8.037280e-01 7.352000e-03 1.889200e-01
142 8.026120e-01 7.184000e-03 1.902040e-01
143 8.012920e-01 7.388000e-03 1.913200e-01
144 8.001000e-01 7.320000e-03 1.925800e-01
145 7.989160e-01 7.164000e-03 1.939200e-01
146 7.976600e-01 7.132000e-03 1.952080e-01
147 7.964320e-01 7.040000e-03 1.965280e-01
148 7.950920e-01 7.076000e-03 1.978320e-01
149 7.938680e-01 7.164000e-03 1.989680e-01
150 7.925960e-01 7.248000e-03 2.001560e-01
151 7.913520e-01 7.084000e-03 2.015640e-01
152 7.901400e-01 7.064000e-03 2.027960e-01
153 7.889960e-01 7.080000e-03 2.039240e-01
154 7.879600e-01 6.932000e-03 2.051080e-01
155 7.868280e-01 6.788000e-03 2.063840e-01
156 7.856280e-01 6.836000e-03 2.075360e-01
157 7.844160e-01 6.772000e-03 2.088120e-01
158 7.832680e-01 6.872000e-03 2.098600e-01
159 7.820320e-01 6.896000e-03 2.110720e-01
160 7.809600e-01 6.792000e-03 2.122480e-01
161 7.799040e-01 6.548000e-03 2.135480e-01
162 7.788280e-01 6.448000e-03 2.147240e-01
163 7.777640e-01 6.516000e-03 2.157200e-01
164 7.766600e-01 6.404000e-03 2.169360e-01
165 7.755560e-01 6.388000e-03 2.180560e-01
166 7.744920e-01 6.264000e-03 2.192440e-01
167 7.735040e-01 6.124000e-03 2.203720e-01
168 7.725320e-01 5.988000e-03 2.214800e-01
169 7.714400e-01 6.024000e-03 2.225360e-01
170 7.703240e-01 6.092000e-03 2.235840e-01
171 7.692440e-01 6.104000e-03 2.246520e-01
172 7.681080e-01 6.228000e-03 2.256640e-01
173 7.670000e-01 6.224000e-03 2.267760e-01
174 7.658280e-01 6.372000e-03 2.278000e-01
175 7.648000e-01 6.284000e-03 2.289160e-01
176 7.637000e-01 6.268000e-03 2.300320e-01
177 7.625520e-01 6.364000e-03 2.310840e-01
178 7.614040e-01 6.444000e-03 2.321520e-01
179 7.602480e-01 6.424000e-03 2.333280e-01
180 7.590400e-01 6.416000e-03 2.345440e-01
181 7.579080e-01 6.444000e-03 2.356480e-01
182 7.567960e-01 6.324000e-03 2.368800e-01
183 7.556160e-01 6.316000e-03 2.380680e-01
184 7.544400e-01 6.480000e-03 2.390800e-01
185 7.533040e-01 6.464000e-03 2.402320e-01
186 7.521640e-01 6.404000e-03 2.414320e-01
187 7.509760e-01 6.432000e-03 2.425920e-01
188 7.499800e-01 6.380000e-03 2.436400e-01
189 7.487920e-01 6.456000e-03 2.447520e-01
190 7.476320e-01 6.464000e-03 2.459040e-01
191 7.464120e-01 6.548000e-03 2.470400e-01
192 7.453760e-01 6.380000e-03 2.482440e-01
193 7.442000e-01 6.400000e-03 2.494000e-01
194 7.431880e-01 6.248000e-03 2.505640e-01
195 7.421680e-01 6.176000e-03 2.516560e-01
196 7.409720e-01 6.272000e-03 2.527560e-01
197 7.399000e-01 6.236000e-03 2.538640e-01
198 7.388080e-01 6.224000e-03 2.549680e-01
199 7.376160e-01 6.360000e-03 2.560240e-01
200 7.365040e-01 6.436000e-03 2.570600e-01
201 7.353600e-01 6.488000e-03 2.581520e-01
202 7.343160e-01 6.344000e-03 2.593400e-01
203 7.332840e-01 6.212000e-03 2.605040e-01
204 7.323160e-01 6.136000e-03 2.615480e-01
205 7.312560e-01 6.120000e-03 2.626240e-01
206 7.302440e-01 6.016000e-03 2.637400e-01
207 7.291640e-01 6.012000e-03 2.648240e-01
208 7.282640e-01 5.980000e-03 2.657560e-01
209 7.272320e-01 5.980000e-03 2.667880e-01
210 7.262080e-01 5.912000e-03 2.678800e-01
211 7.251880e-01 5.980000e-03 2.688320e-01
212 7.241320e-01 6.032000e-03 2.698360e-01
213 7.231680e-01 5.988000e-03 2.708440e-01
214 7.221400e-01 5.956000e-03 2.719040e-01
215 7.211400e-01 5.812000e-03 2.730480e-01
216 7.202040e-01 5.696000e-03 2.741000e-01
217 7.192320e-01 5.684000e-03 2.750840e-01
218 7.183640e-01 5.584000e-03 2.760520e-01
219 7.174880e-01 5.440000e-03 2.770720e-01
220 7.166880e-01 5.288000e-03 2.780240e-01
221 7.158400e-01 5.260000e-03 2.789000e-01
222 7.149560e-01 5.208000e-03 2.798360e-01
223 7.140880e-01 5.200000e-03 2.807120e-01
224 7.131840e-01 5.272000e-03 2.815440e-01
225 7.122920e-01 5.144000e-03 2.825640e-01
226 7.115000e-01 5.104000e-03 2.833960e-01
227 7.106880e-01 5.084000e-03 2.842280e-01
228 7.098360e-01 5.096000e-03 2.850680e-01
229 7.088960e-01 5.260000e-03 2.858440e-01
230 7.081080e-01 5.104000e-03 2.867880e-01
231 7.072440e-01 5.116000e-03 2.876400e-01
232 7.064480e-01 5.048000e-03 2.885040e-01
233 7.056040e-01 5.076000e-03 2.893200e-01
234 7.047160e-01 5.120000e-03 2.901640e-01
235 7.039640e-01 5.052000e-03 2.909840e-01
236 7.030240e-01 5.056000e-03 2.919200e-01
237 7.021560e-01 5.120000e-03 2.927240e-01
238 7.012440e-01 5.040000e-03 2.937160e-01
239 7.003680e-01 5.120000e-03 2.945120e-01
240 6.995000e-01 5.000000e-03 2.955000e-01
241 6.985960e-01 4.964000e-03 2.964400e-01
242 6.976600e-01 4.964000e-03 2.973760e-01
243 6.969120e-01 4.768000e-03 2.983200e-01
244 6.961920e-01 4.572000e-03 2.992360e-01
245 6.952800e-01 4.656000e-03 3.000640e-01
246 6.945840e-01 4.532000e-03 3.008840e-01
247 6.937680e-01 4.508000e-03 3.017240e-01
248 6.929840e-01 4.452000e-03 3.025640e-01
249 6.922120e-01 4.428000e-03 3.033600e-01
250 6.913080e-01 4.576000e-03 3.041160e-01
251 6.905240e-01 4.488000e-03 3.049880e-01
252 6.897280e-01 4.572000e-03 3.057000e-01
253 6.888440e-01 4.780000e-03 3.063760e-01
254 6.881480e-01 4.660000e-03 3.071920e-01
255 6.874560e-01 4.596000e-03 3.079480e-01
256 6.868000e-01 4.480000e-03 3.087200e-01
257 6.860480e-01 4.420000e-03 3.095320e-01
258 6.852440e-01 4.428000e-03 3.103280e-01
259 6.844160e-01 4.424000e-03 3.111600e-01
260 6.835960e-01 4.528000e-03 3.118760e-01
261 6.828320e-01 4.500000e-03 3.126680e-01
262 6.820440e-01 4.476000e-03 3.134800e-01
263 6.813160e-01 4.320000e-03 3.143640e-01
264 6.805160e-01 4.380000e-03 3.151040e-01
265 6.797920e-01 4.420000e-03 3.157880e-01
266 6.790440e-01 4.272000e-03 3.166840e-01
267 6.783720e-01 4.188000e-03 3.174400e-01
268 6.776560e-01 4.256000e-03 3.180880e-01
269 6.768400e-01 4.340000e-03 3.188200e-01
270 6.759760e-01 4.364000e-03 3.196600e-01
271 6.751800e-01 4.392000e-03 3.204280e-01
272 6.743920e-01 4.468000e-03 3.211400e-01
273 6.736160e-01 4.432000e-03 3.219520e-01
274 6.729280e-01 4.232000e-03 3.228400e-01
275 6.722360e-01 4.152000e-03 3.236120e-01
276 6.715360e-01 4.108000e-03 3.243560e-01
277 6.709240e-01 4.016000e-03 3.250600e-01
278 6.703320e-01 3.784000e-03 3.258840e-01
279 6.696960e-01 3.816000e-03 3.264880e-01
280 6.691680e-01 3.604000e-03 3.272280e-01
281 6.685200e-01 3.608000e-03 3.278720e-01
282 6.679000e-01 3.572000e-03 3.285280e-01
283 6.673240e-01 3.428000e-03 3.292480e-01
284 6.667280e-01 3.476000e-03 3.297960e-01
285 6.661640e-01 3.444000e-03 3.303920e-01
286 6.657080e-01 3.296000e-03 3.309960e-01
287 6.651600e-01 3.324000e-03 3.315160e-01
288 6.646360e-01 3.244000e-03 3.321200e-01
289 6.640480e-01 3.296000e-03 3.326560e-01
290 6.634880e-01 3.244000e-03 3.332680e-01
291 6.629280e-01 3.240000e-03 3.338320e-01
292 6.624080e-01 3.220000e-03 3.343720e-01
293 6.620000e-01 3.068000e-03 3.349320e-01
294 6.615120e-01 3.052000e-03 3.354360e-01
295 6.610560e-01 2.988000e-03 3.359560e-01
296 6.605320e-01 3.008000e-03 3.364600e-01
297 6.599480e-01 3.000000e-03 3.370520e-01
298 6.594840e-01 2.944000e-03 3.375720e-01
299 6.589400e-01 2.984000e-03 3.380760e-01
300 6.584720e-01 2.924000e-03 3.386040e-01
301 6.579640e-01 2.912000e-03 3.391240e-01
302 6.574640e-01 2.932000e-03 3.396040e-01
303 6.569760e-01 2.920000e-03 3.401040e-01
304 6.564760e-01 2.920000e-03 3.406040e-01
305 6.560000e-01 2.924000e-03 3.410760e-01
306 6.554840e-01 2.944000e-03 3.415720e-01
307 6.550120e-01 2.868000e-03 3.421200e-01
308 6.545600e-01 2.836000e-03 3.426040e-01
309 6.540200e-01 2.920000e-03 3.430600e-01
310 6.534720e-01 2.936000e-03 3.435920e-01
311 6.529360e-01 2.956000e-03 3.441080e-01
312 6.524680e-01 2.876000e-03 3.446560e-01
313 6.520200e-01 2.900000e-03 3.450800e-01
314 6.515520e-01 2.892000e-03 3.455560e-01
315 6.510320e-01 2.844000e-03 3.461240e-01
316 6.505560e-01 2.804000e-03 3.466400e-01
317 6.500960e-01 2.876000e-03 3.470280e-01
318 6.496040e-01 2.872000e-03 3.475240e-01
319 6.491720e-01 2.824000e-03 3.480040e-01
320 6.487840e-01 2.724000e-03 3.484920e-01
321 6.483440e-01 2.668000e-03 3.489880e-01
322 6.478720e-01 2.632000e-03 3.494960e-01
323 6.474440e-01 2.652000e-03 3.499040e-01
324 6.470320e-01 2.620000e-03 3.503480e-01
325 6.464520e-01 2.752000e-03 3.507960e-01
326 6.459800e-01 2.752000e-03 3.512680e-01
327 6.455520e-01 2.668000e-03 3.517800e-01
328 6.449520e-01 2.780000e-03 3.522680e-01
329 6.444240e-01 2.804000e-03 3.527720e-01
330 6.438520e-01 2.900000e-03 3.532480e-01
331 6.432800e-01 2.996000e-03 3.537240e-01
332 6.427640e-01 3.044000e-03 3.541920e-01
333 6.422720e-01 2.976000e-03 3.547520e-01
334 6.417760e-01 2.940000e-03 3.552840e-01
335 6.413240e-01 2.916000e-03 3.557600e-01
336 6.409440e-01 2.784000e-03 3.562720e-01
337 6.404400e-01 2.840000e-03 3.567200e-01
338 6.399560e-01 2.800000e-03 3.572440e-01
339 6.394480e-01 2.852000e-03 3.577000e-01
340 6.388640e-01 2.904000e-03 3.582320e-01
341 6.383040e-01 3.012000e-03 3.586840e-01
342 6.377240e-01 3.064000e-03 3.592120e-01
343 6.372680e-01 3.000000e-03 3.597320e-01
344 6.368280e-01 2.972000e-03 3.602000e-01
345 6.363760e-01 2.844000e-03 3.607800e-01
346 6.360200e-01 2.680000e-03 3.613000e-01
347 6.355760e-01 2.680000e-03 3.617440e-01
348 6.350800e-01 2.716000e-03 3.622040e-01
349 6.346520e-01 2.704000e-03 3.626440e-01
350 6.341000e-01 2.720000e-03 3.631800e-01
351 6.336240e-01 2.728000e-03 3.636480e-01
352 6.330880e-01 2.828000e-03 3.640840e-01
353 6.326360e-01 2.832000e-03 3.645320e-01
354 6.322280e-01 2.716000e-03 3.650560e-01
355 6.317920e-01 2.676000e-03 3.655320e-01
356 6.314920e-01 2.544000e-03 3.659640e-01
357 6.310280e-01 2.632000e-03 3.663400e-01
358 6.305760e-01 2.604000e-03 3.668200e-01
359 6.301200e-01 2.620000e-03 3.672600e-01
360 6.296040e-01 2.604000e-03 3.677920e-01
361 6.291520e-01 2.612000e-03 3.682360e-01
362 6.286840e-01 2.632000e-03 3.686840e-01
363 6.282480e-01 2.628000e-03 3.691240e-01
364 6.278120e-01 2.636000e-03 3.695520e-01
365 6.273560e-01 2.680000e-03 3.699640e-01
366 6.268440e-01 2.716000e-03 3.704400e-01
367 6.264200e-01 2.736000e-03 3.708440e-01
368 6.259600e-01 2.736000e-03 3.713040e-01
369 6.255240e-01 2.684000e-03 3.717920e-01
370 6.250520e-01 2.644000e-03 3.723040e-01
371 6.245600e-01 2.716000e-03 3.727240e-01
372 6.241920e-01 2.592000e-03 3.732160e-01
373 6.237960e-01 2.480000e-03 3.737240e-01
374 6.233800e-01 2.424000e-03 3.741960e-01
375 6.230080e-01 2.364000e-03 3.746280e-01
376 6.226000e-01 2.360000e-03 3.750400e-01
377 6.221600e-01 2.412000e-03 3.754280e-01
378 6.216880e-01 2.424000e-03 3.758880e-01
379 6.212880e-01 2.440000e-03 3.762720e-01
380 6.208360e-01 2.528000e-03 3.766360e-01
381 6.204040e-01 2.436000e-03 3.771600e-01
382 6.200240e-01 2.420000e-03 3.775560e-01
383 6.195720e-01 2.432000e-03 3.779960e-01
384 6.192200e-01 2.328000e-03 3.784520e-01
385 6.188000e-01 2.288000e-03 3.789120e-01
386 6.184040e-01 2.340000e-03 3.792560e-01
387 6.179600e-01 2.396000e-03 3.796440e-01
388 6.175520e-01 2.412000e-03 3.800360e-01
389 6.171480e-01 2.428000e-03 3.804240e-01
390 6.168320e-01 2.316000e-03 3.808520e-01
391 6.165080e-01 2.252000e-03 3.812400e-01
392 6.161960e-01 2.196000e-03 3.816080e-01
393 6.158880e-01 2.080000e-03 3.820320e-01
394 6.155560e-01 2.064000e-03 3.823800e-01
395 6.152200e-01 2.024000e-03 3.827560e-01
396 6.149280e-01 1.992000e-03 3.830800e-01
397 6.146400e-01 1.908000e-03 3.834520e-01
398 6.142800e-01 1.936000e-03 3.837840e-01
399 6.140400e-01 1.808000e-03 3.841520e-01
400 6.137720e-01 1.828000e-03 3.844000e-01
401 6.135560e-01 1.752000e-03 3.846920e-01
402 6.132720e-01 1.772000e-03 3.849560e-01
403 6.130040e-01 1.676000e-03 3.853200e-01
404 6.127400e-01 1.652000e-03 3.856080e-01
405 6.125320e-01 1.552000e-03 3.859160e-01
406 6.123120e-01 1.512000e-03 3.861760e-01
407 6.120360e-01 1.508000e-03 3.864560e-01
408 6.117960e-01 1.512000e-03 3.866920e-01
409 6.115840e-01 1.468000e-03 3.869480e-01
410 6.113640e-01 1.384000e-03 3.872520e-01
411 6.111280e-01 1.360000e-03 3.875120e-01
412 6.109400e-01 1.340000e-03 3.877200e-01
413 6.107320e-01 1.300000e-03 3.879680e-01
414 6.105160e-01 1.280000e-03 3.882040e-01
415 6.103120e-01 1.248000e-03 3.884400e-01
416 6.100840e-01 1.284000e-03 3.886320e-01
417 6.098680e-01 1.280000e-03 3.888520e-01
418 6.096960e-01 1.236000e-03 3.890680e-01
419 6.095360e-01 1.160000e-03 3.893040e-01
420 6.093480e-01 1.124000e-03 3.895280e-01
421 6.091440e-01 1.160000e-03 3.896960e-01
422 6.088720e-01 1.256000e-03 3.898720e-01
423 6.086480e-01 1.280000e-03 3.900720e-01
424 6.085040e-01 1.208000e-03 3.902880e-01
425 6.083600e-01 1.168000e-03 3.904720e-01
426 6.081920e-01 1.084000e-03 3.907240e-01
427 6.080400e-01 1.064000e-03 3.908960e-01
428 6.078960e-01 1.040000e-03 3.910640e-01
429 6.077800e-01 1.016000e-03 3.912040e-01
430 6.076520e-01 9.840000e-04 3.913640e-01
431 6.074760e-01 9.960000e-04 3.915280e-01
432 6.073400e-01 9.600000e-04 3.917000e-01
433 6.071080e-01 1.032000e-03 3.918600e-01
434 6.069040e-01 1.004000e-03 3.920920e-01
435 6.067320e-01 1.012000e-03 3.922560e-01
436 6.065080e-01 1.076000e-03 3.924160e-01
437 6.062720e-01 1.080000e-03 3.926480e-01
438 6.060760e-01 1.076000e-03 3.928480e-01
439 6.058720e-01 1.128000e-03 3.930000e-01
440 6.056800e-01 1.120000e-03 3.932000e-01
441 6.055280e-01 1.072000e-03 3.934000e-01
442 6.053400e-01 1.068000e-03 3.935920e-01
443 6.052000e-01 1.008000e-03 3.937920e-01
444 6.050400e-01 9.920000e-04 3.939680e-01
445 6.048760e-01 9.640000e-04 3.941600e-01
446 6.046960e-01 9.880000e-04 3.943160e-01
447 6.045560e-01 9.920000e-04 3.944520e-01
448 6.044200e-01 9.880000e-04 3.945920e-01
449 6.042680e-01 9.400000e-04 3.947920e-01
450 6.041000e-01 9.240000e-04 3.949760e-01
451 6.039440e-01 9.080000e-04 3.951480e-01
452 6.037880e-01 8.880000e-04 3.953240e-01
453 6.036440e-01 8.760000e-04 3.954800e-01
454 6.035320e-01 8.440000e-04 3.956240e-01
455 6.033960e-01 8.200000e-04 3.957840e-01
456 6.032360e-01 8.200000e-04 3.959440e-01
457 6.030480e-01 8.480000e-04 3.961040e-01
458 6.028960e-01 8.360000e-04 3.962680e-01
459 6.027200e-01 8.960000e-04 3.963840e-01
460 6.025600e-01 9.480000e-04 3.964920e-01
461 6.024520e-01 8.840000e-04 3.966640e-01
462 6.023360e-01 8.400000e-04 3.968240e-01
463 6.022360e-01 8.040000e-04 3.969600e-01
464 6.021200e-01 8.080000e-04 3.970720e-01
465 6.019840e-01 7.800000e-04 3.972360e-01
466 6.018040e-01 8.200000e-04 3.973760e-01
467 6.016280e-01 8.360000e-04 3.975360e-01
468 6.015120e-01 8.120000e-04 3.976760e-01
469 6.013360e-01 8.600000e-04 3.978040e-01
470 6.011920e-01 8.880000e-04 3.979200e-01
471 6.010520e-01 9.000000e-04 3.980480e-01
472 6.008680e-01 9.400000e-04 3.981920e-01
473 6.007360e-01 9.160000e-04 3.983480e-01
474 6.005800e-01 9.320000e-04 3.984880e-01
475 6.004160e-01 9.040000e-04 3.986800e-01
476 6.002720e-01 8.800000e-04 3.988480e-01
477 6.001440e-01 8.480000e-04 3.990080e-01
478 5.999680e-01 8.880000e-04 3.991440e-01
479 5.998480e-01 8.560000e-04 3.992960e-01
480 5.996800e-01 8.680000e-04 3.994520e-01
481 5.995160e-01 8.640000e-04 3.996200e-01
482 5.993680e-01 8.520000e-04 3.997800e-01
483 5.992120e-01 8.760000e-04 3.999120e-01
484 5.990360e-01 9.200000e-04 4.000440e-01
485 5.989120e-01 8.880000e-04 4.002000e-01
486 5.988000e-01 8.680000e-04 4.003320e-01
487 5.986640e-01 8.440000e-04 4.004920e-01
488 5.985040e-01 8.800000e-04 4.006160e-01
489 5.983920e-01 8.560000e-04 4.007520e-01
490 5.982520e-01 8.160000e-04 4.009320e-01
491 5.981560e-01 7.520000e-04 4.010920e-01
492 5.980120e-01 7.640000e-04 4.012240e-01
493 5.979080e-01 7.480000e-04 4.013440e-01
494 5.977560e-01 7.800000e-04 4.014640e-01
495 5.976360e-01 7.880000e-04 4.015760e-01
496 5.974800e-01 8.000000e-04 4.017200e-01
497 5.973600e-01 7.960000e-04 4.018440e-01
498 5.972040e-01 7.960000e-04 4.020000e-01
499 5.971080e-01 7.160000e-04 4.021760e-01
500 5.969880e-01 7.200000e-04 4.022920e-01
