1 9.991520e-01 7.680000e-04 8.000000e-05
2 9.986440e-01 1.092000e-03 2.640000e-04
3 9.979920e-01 1.532000e-03 4.760000e-04
4 9.971480e-01 2.072000e-03 7.800000e-04
5 9.961320e-01 2.720000e-03 1.148000e-03
6 9.951520e-01 3.228000e-03 1.620000e-03
7 9.941520e-01 3.680000e-03 2.168000e-03
8 9.932400e-01 3.992000e-03 2.768000e-03
9 9.920560e-01 4.488000e-03 3.456000e-03
10 9.909320e-01 4.764000e-03 4.304000e-03
11 9.899160e-01 5.048000e-03 5.036000e-03
12 9.888800e-01 5.184000e-03 5.936000e-03
13 9.877080e-01 5.428000e-03 6.864000e-03
14 9.864800e-01 5.612000e-03 7.908000e-03
15 9.853040e-01 5.768000e-03 8.928000e-03
16 9.841000e-01 5.960000e-03 9.940000e-03
17 9.826560e-01 6.388000e-03 1.095600e-02
18 9.811560e-01 6.832000e-03 1.201200e-02
19 9.798840e-01 6.828000e-03 1.328800e-02
20 9.785480e-01 6.944000e-03 1.450800e-02
21 9.770920e-01 7.160000e-03 1.574800e-02
22 9.755360e-01 7.416000e-03 1.704800e-02
23 9.739960e-01 7.596000e-03 1.840800e-02
24 9.724960e-01 7.780000e-03 1.972400e-02
25 9.710160e-01 7.820000e-03 2.116400e-02
26 9.695720e-01 7.828000e-03 2.260000e-02
27 9.679680e-01 8.128000e-03 2.390400e-02
28 9.663800e-01 8.288000e-03 2.533200e-02
29 9.648080e-01 8.412000e-03 2.678000e-02
30 9.631680e-01 8.544000e-03 2.828800e-02
31 9.615640e-01 8.856000e-03 2.958000e-02
32 9.600520e-01 8.704000e-03 3.124400e-02
33 9.583360e-01 8.840000e-03 3.282400e-02
34 9.567280e-01 8.984000e-03 3.428800e-02
35 9.552360e-01 8.964000e-03 3.580000e-02
36 9.536720e-01 8.900000e-03 3.742800e-02
37 9.521440e-01 8.976000e-03 3.888000e-02
38 9.505200e-01 8.944000e-03 4.053600e-02
39 9.488800e-01 9.140000e-03 4.198000e-02
40 9.472560e-01 9.076000e-03 4.366800e-02
41 9.453840e-01 9.440000e-03 4.517600e-02
42 9.435880e-01 9.588000e-03 4.682400e-02
43 9.416880e-01 9.732000e-03 4.858000e-02
44 9.400480e-01 9.808000e-03 5.014400e-02
45 9.381640e-01 9.996000e-03 5.184000e-02
46 9.363760e-01 9.916000e-03 5.370800e-02
47 9.345360e-01 1.005600e-02 5.540800e-02
48 9.327080e-01 1.022800e-02 5.706400e-02
49 9.306880e-01 1.040000e-02 5.891200e-02
50 9.287160e-01 1.050400e-02 6.078000e-02
51 9.267120e-01 1.065200e-02 6.263600e-02
52 9.247520e-01 1.064000e-02 6.460800e-02
53 9.229680e-01 1.054000e-02 6.649200e-02
54 9.210280e-01 1.074800e-02 6.822400e-02
55 9.190240e-01 1.102400e-02 6.995200e-02
56 9.172080e-01 1.099600e-02 7.179600e-02
57 9.152760e-01 1.109200e-02 7.363200e-02
58 9.134520e-01 1.102800e-02 7.552000e-02
59 9.116040e-01 1.088800e-02 7.750800e-02
60 9.097160e-01 1.093600e-02 7.934800e-02
61 9.077280e-01 1.112800e-02 8.114400e-02
62 9.056160e-01 1.138800e-02 8.299600e-02
63 9.037040e-01 1.133600e-02 8.496000e-02
64 9.017600e-01 1.117200e-02 8.706800e-02
65 8.997240e-01 1.136800e-02 8.890800e-02
66 8.978480e-01 1.134400e-02 9.080800e-02
67 8.959600e-01 1.121600e-02 9.282400e-02
68 8.941040e-01 1.102400e-02 9.487200e-02
69 8.923320e-01 1.085600e-02 9.681200e-02
70 8.904720e-01 1.091200e-02 9.861600e-02
71 8.886640e-01 1.085600e-02 1.004800e-01
72 8.868400e-01 1.072000e-02 1.024400e-01
73 8.852000e-01 1.053200e-02 1.042680e-01
74 8.834080e-01 1.043200e-02 1.061600e-01
75 8.815920e-01 1.040400e-02 1.080040e-01
76 8.797520e-01 1.052400e-02 1.097240e-01
77 8.778240e-01 1.057600e-02 1.116000e-01
78 8.760520e-01 1.054000e-02 1.134080e-01
79 8.743400e-01 1.050800e-02 1.151520e-01
80 8.726360e-01 1.048800e-02 1.168760e-01
81 8.709520e-01 1.048000e-02 1.185680e-01
82 8.691880e-01 1.046400e-02 1.203480e-01
83 8.674720e-01 1.031200e-02 1.222160e-01
84 8.657680e-01 1.026400e-02 1.239680e-01
85 8.641880e-01 1.011600e-02 1.256960e-01
86 8.625200e-01 9.980000e-03 1.275000e-01
87 8.607560e-01 1.004000e-02 1.292040e-01
88 8.589320e-01 9.884000e-03 1.311840e-01
89 8.573280e-01 9.688000e-03 1.329840e-01
90 8.556360e-01 9.788000e-03 1.345760e-01
91 8.539760e-01 9.800000e-03 1.362240e-01
92 8.522840e-01 9.816000e-03 1.379000e-01
93 8.507600e-01 9.584000e-03 1.396560e-01
94 8.492040e-01 9.436000e-03 1.413600e-01
95 8.475480e-01 9.324000e-03 1.431280e-01
96 8.460640e-01 9.064000e-03 1.448720e-01
97 8.444320e-01 9.064000e-03 1.465040e-01
98 8.428080e-01 8.988000e-03 1.482040e-01
99 8.411720e-01 9.128000e-03 1.497000e-01
100 8.397320e-01 9.032000e-03 1.512360e-01
101 8.380320e-01 9.172000e-03 1.527960e-01
102 8.362960e-01 9.296000e-03 1.544080e-01
103 8.347040e-01 9.200000e-03 1.560960e-01
104 8.329720e-01 9.368000e-03 1.576600e-01
105 8.312120e-01 9.524000e-03 1.592640e-01
106 8.294400e-01 9.668000e-03 1.608920e-01
107 8.278720e-01 9.624000e-03 1.625040e-01
108 8.262840e-01 9.532000e-03 1.641840e-01
109 8.245840e-01 9.524000e-03 1.658920e-01
110 8.228720e-01 9.536000e-03 1.675920e-01
111 8.213320e-01 9.392000e-03 1.692760e-01
112 8.199720e-01 9.064000e-03 1.709640e-01
113 8.184800e-01 9.032000e-03 1.724880e-01
114 8.171840e-01 8.788000e-03 1.740280e-01
115 8.158360e-01 8.632000e-03 1.755320e-01
116 8.145040e-01 8.616000e-03 1.768800e-01
117 8.131880e-01 8.356000e-03 1.784560e-01
118 8.116160e-01 8.444000e-03 1.799400e-01
119 8.101440e-01 8.312000e-03 1.815440e-01
120 8.086360e-01 8.360000e-03 1.830040e-01
121 8.071640e-01 8.416000e-03 1.844200e-01
122 8.058440e-01 8.224000e-03 1.859320e-01
123 8.043600e-01 8.268000e-03 1.873720e-01
124 8.028600e-01 8.352000e-03 1.887880e-01
125 8.014040e-01 8.176000e-03 1.904200e-01
126 7.998840e-01 8.260000e-03 1.918560e-01
127 7.985520e-01 8.272000e-03 1.931760e-01
128 7.972600e-01 8.008000e-03 1.947320e-01
129 7.958200e-01 7.976000e-03 1.962040e-01
130 7.944040e-01 7.928000e-03 1.976680e-01
131 7.929800e-01 8.000000e-03 1.990200e-01
132 7.915360e-01 7.944000e-03 2.005200e-01
133 7.901320e-01 8.048000e-03 2.018200e-01
134 7.887680e-01 8.072000e-03 2.031600e-01
135 7.872560e-01 8.228000e-03 2.045160e-01
136 7.857280e-01 8.272000e-03 2.060000e-01
137 7.842280e-01 8.320000e-03 2.074520e-01
138 7.828440e-01 8.220000e-03 2.089360e-01
139 7.814720e-01 8.128000e-03 2.104000e-01
140 7.800000e-01 8.188000e-03 2.118120e-01
141 7.785400e-01 8.220000e-03 2.132400e-01
142 7.772280e-01 8.128000e-03 2.146440e-01
143 7.758480e-01 8.140000e-03 2.160120e-01
144 7.744800e-01 8.028000e-03 2.174920e-01
145 7.731640e-01 7.952000e-03 2.188840e-01
146 7.719720e-01 7.800000e-03 2.202280e-01
147 7.707040e-01 7.728000e-03 2.215680e-01
148 7.694320e-01 7.656000e-03 2.229120e-01
149 7.681960e-01 7.596000e-03 2.242080e-01
150 7.669400e-01 7.508000e-03 2.255520e-01
151 7.657040e-01 7.464000e-03 2.268320e-01
152 7.642800e-01 7.616000e-03 2.281040e-01
153 7.629680e-01 7.632000e-03 2.294000e-01
154 7.615480e-01 7.684000e-03 2.307680e-01
155 7.602560e-01 7.716000e-03 2.320280e-01
156 7.590680e-01 7.560000e-03 2.333720e-01
157 7.578560e-01 7.456000e-03 2.346880e-01
158 7.565480e-01 7.492000e-03 2.359600e-01
159 7.552080e-01 7.460000e-03 2.373320e-01
160 7.538080e-01 7.452000e-03 2.387400e-01
161 7.524000e-01 7.656000e-03 2.399440e-01
162 7.510560e-01 7.576000e-03 2.413680e-01
163 7.497240e-01 7.520000e-03 2.427560e-01
164 7.484600e-01 7.476000e-03 2.440640e-01
165 7.470760e-01 7.584000e-03 2.453400e-01
166 7.458360e-01 7.464000e-03 2.467000e-01
167 7.444640e-01 7.640000e-03 2.478960e-01
168 7.432680e-01 7.396000e-03 2.493360e-01
169 7.420760e-01 7.388000e-03 2.505360e-01
170 7.408240e-01 7.520000e-03 2.516560e-01
171 7.395920e-01 7.396000e-03 2.530120e-01
172 7.384880e-01 7.264000e-03 2.542480e-01
173 7.373800e-01 7.080000e-03 2.555400e-01
174 7.362960e-01 6.920000e-03 2.567840e-01
175 7.353400e-01 6.596000e-03 2.580640e-01
176 7.342720e-01 6.508000e-03 2.592200e-01
177 7.331520e-01 6.448000e-03 2.604000e-01
178 7.320360e-01 6.416000e-03 2.615480e-01
179 7.309920e-01 6.440000e-03 2.625680e-01
180 7.299560e-01 6.368000e-03 2.636760e-01
181 7.290680e-01 6.220000e-03 2.647120e-01
182 7.281360e-01 6.088000e-03 2.657760e-01
183 7.272240e-01 5.884000e-03 2.668920e-01
184 7.263240e-01 5.720000e-03 2.679560e-01
185 7.254360e-01 5.612000e-03 2.689520e-01
186 7.245000e-01 5.604000e-03 2.698960e-01
187 7.235400e-01 5.596000e-03 2.708640e-01
188 7.225600e-01 5.572000e-03 2.718680e-01
189 7.215920e-01 5.452000e-03 2.729560e-01
190 7.206800e-01 5.392000e-03 2.739280e-01
191 7.196120e-01 5.584000e-03 2.748040e-01
192 7.186160e-01 5.604000e-03 2.757800e-01
193 7.175520e-01 5.724000e-03 2.767240e-01
194 7.166240e-01 5.672000e-03 2.777040e-01
195 7.157680e-01 5.648000e-03 2.785840e-01
196 7.148360e-01 5.552000e-03 2.796120e-01
197 7.138440e-01 5.528000e-03 2.806280e-01
198 7.128320e-01 5.584000e-03 2.815840e-01
199 7.119920e-01 5.508000e-03 2.825000e-01
200 7.110840e-01 5.384000e-03 2.835320e-01
201 7.102480e-01 5.316000e-03 2.844360e-01
202 7.094280e-01 5.180000e-03 2.853920e-01
203 7.084640e-01 5.224000e-03 2.863120e-01
204 7.075720e-01 5.232000e-03 2.871960e-01
205 7.065920e-01 5.300000e-03 2.881080e-01
206 7.057400e-01 5.172000e-03 2.890880e-01
207 7.048840e-01 5.016000e-03 2.901000e-01
208 7.039640e-01 5.036000e-03 2.910000e-01
209 7.032200e-01 4.852000e-03 2.919280e-01
210 7.025640e-01 4.676000e-03 2.927600e-01
211 7.019000e-01 4.520000e-03 2.935800e-01
212 7.012320e-01 4.504000e-03 2.942640e-01
213 7.004920e-01 4.484000e-03 2.950240e-01
214 6.997920e-01 4.332000e-03 2.958760e-01
215 6.991840e-01 4.220000e-03 2.965960e-01
216 6.985880e-01 4.076000e-03 2.973360e-01
217 6.979400e-01 4.004000e-03 2.980560e-01
218 6.972440e-01 4.032000e-03 2.987240e-01
219 6.966560e-01 3.884000e-03 2.994600e-01
220 6.960520e-01 3.828000e-03 3.001200e-01
221 6.955240e-01 3.676000e-03 3.008000e-01
222 6.949800e-01 3.588000e-03 3.014320e-01
223 6.945160e-01 3.428000e-03 3.020560e-01
224 6.938960e-01 3.496000e-03 3.026080e-01
225 6.934360e-01 3.428000e-03 3.031360e-01
226 6.929000e-01 3.372000e-03 3.037280e-01
227 6.923840e-01 3.348000e-03 3.042680e-01
228 6.919600e-01 3.168000e-03 3.048720e-01
229 6.914440e-01 3.148000e-03 3.054080e-01
230 6.909720e-01 3.092000e-03 3.059360e-01
231 6.905680e-01 3.040000e-03 3.063920e-01
232 6.901040e-01 2.964000e-03 3.069320e-01
233 6.897200e-01 2.808000e-03 3.074720e-01
234 6.892800e-01 2.720000e-03 3.080000e-01
235 6.888440e-01 2.624000e-03 3.085320e-01
236 6.884600e-01 2.572000e-03 3.089680e-01
237 6.879560e-01 2.632000e-03 3.094120e-01
238 6.875400e-01 2.524000e-03 3.099360e-01
239 6.871280e-01 2.512000e-03 3.103600e-01
240 6.866560e-01 2.560000e-03 3.107840e-01
241 6.861480e-01 2.676000e-03 3.111760e-01
242 6.856400e-01 2.796000e-03 3.115640e-01
243 6.850360e-01 2.920000e-03 3.120440e-01
244 6.846040e-01 2.900000e-03 3.124960e-01
245 6.841360e-01 2.868000e-03 3.129960e-01
246 6.836240e-01 2.816000e-03 3.135600e-01
247 6.831360e-01 2.880000e-03 3.139840e-01
248 6.827080e-01 2.780000e-03 3.145120e-01
249 6.822480e-01 2.740000e-03 3.150120e-01
250 6.818040e-01 2.684000e-03 3.155120e-01
251 6.813480e-01 2.728000e-03 3.159240e-01
252 6.809400e-01 2.628000e-03 3.164320e-01
253 6.805520e-01 2.564000e-03 3.168840e-01
254 6.801280e-01 2.548000e-03 3.173240e-01
255 6.797600e-01 2.500000e-03 3.177400e-01
256 6.793760e-01 2.436000e-03 3.181880e-01
257 6.790240e-01 2.264000e-03 3.187120e-01
258 6.786040e-01 2.304000e-03 3.190920e-01
259 6.782480e-01 2.288000e-03 3.194640e-01
260 6.778560e-01 2.224000e-03 3.199200e-01
261 6.775080e-01 2.216000e-03 3.202760e-01
262 6.771240e-01 2.216000e-03 3.206600e-01
263 6.767440e-01 2.260000e-03 3.209960e-01
264 6.762960e-01 2.280000e-03 3.214240e-01
265 6.759080e-01 2.280000e-03 3.218120e-01
266 6.755040e-01 2.256000e-03 3.222400e-01
267 6.751320e-01 2.240000e-03 3.226280e-01
268 6.747640e-01 2.220000e-03 3.230160e-01
269 6.743640e-01 2.216000e-03 3.234200e-01
270 6.739320e-01 2.300000e-03 3.237680e-01
271 6.734920e-01 2.312000e-03 3.241960e-01
272 6.730880e-01 2.300000e-03 3.246120e-01
273 6.726320e-01 2.396000e-03 3.249720e-01
274 6.722560e-01 2.292000e-03 3.254520e-01
275 6.718000e-01 2.320000e-03 3.258800e-01
276 6.713680e-01 2.320000e-03 3.263120e-01
277 6.710040e-01 2.228000e-03 3.267680e-01
278 6.706120e-01 2.240000e-03 3.271480e-01
279 6.701280e-01 2.288000e-03 3.275840e-01
280 6.696920e-01 2.304000e-03 3.280040e-01
281 6.693080e-01 2.220000e-03 3.284720e-01
282 6.687960e-01 2.364000e-03 3.288400e-01
283 6.683480e-01 2.412000e-03 3.292400e-01
284 6.679080e-01 2.420000e-03 3.296720e-01
285 6.675200e-01 2.396000e-03 3.300840e-01
286 6.669360e-01 2.544000e-03 3.305200e-01
287 6.664360e-01 2.636000e-03 3.309280e-01
288 6.659200e-01 2.780000e-03 3.313000e-01
289 6.653840e-01 2.776000e-03 3.318400e-01
290 6.649720e-01 2.728000e-03 3.323000e-01
291 6.644440e-01 2.832000e-03 3.327240e-01
292 6.639240e-01 2.920000e-03 3.331560e-01
293 6.634480e-01 2.864000e-03 3.336880e-01
294 6.628360e-01 2.920000e-03 3.342440e-01
295 6.623480e-01 2.916000e-03 3.347360e-01
296 6.618200e-01 2.884000e-03 3.352960e-01
297 6.613400e-01 2.840000e-03 3.358200e-01
298 6.608200e-01 2.904000e-03 3.362760e-01
299 6.603320e-01 2.848000e-03 3.368200e-01
300 6.598720e-01 2.876000e-03 3.372520e-01
301 6.593680e-01 2.864000e-03 3.377680e-01
302 6.588760e-01 2.872000e-03 3.382520e-01
303 6.584720e-01 2.756000e-03 3.387720e-01
304 6.579040e-01 2.880000e-03 3.392160e-01
305 6.573880e-01 2.888000e-03 3.397240e-01
306 6.568240e-01 2.992000e-03 3.401840e-01
307 6.563040e-01 2.956000e-03 3.407400e-01
308 6.557880e-01 2.916000e-03 3.412960e-01
309 6.553320e-01 2.756000e-03 3.419120e-01
310 6.548960e-01 2.760000e-03 3.423440e-01
311 6.543920e-01 2.832000e-03 3.427760e-01
312 6.538400e-01 2.904000e-03 3.432560e-01
313 6.533800e-01 2.860000e-03 3.437600e-01
314 6.528880e-01 2.844000e-03 3.442680e-01
315 6.523760e-01 2.820000e-03 3.448040e-01
316 6.519320e-01 2.808000e-03 3.452600e-01
317 6.514240e-01 2.820000e-03 3.457560e-01
318 6.509120e-01 2.812000e-03 3.462760e-01
319 6.504360e-01 2.876000e-03 3.466880e-01
320 6.500080e-01 2.784000e-03 3.472080e-01
321 6.495920e-01 2.736000e-03 3.476720e-01
322 6.491160e-01 2.720000e-03 3.481640e-01
323 6.486480e-01 2.708000e-03 3.486440e-01
324 6.483120e-01 2.632000e-03 3.490560e-01
325 6.479520e-01 2.496000e-03 3.495520e-01
326 6.476000e-01 2.440000e-03 3.499600e-01
327 6.472600e-01 2.364000e-03 3.503760e-01
328 6.469520e-01 2.244000e-03 3.508040e-01
329 6.466160e-01 2.228000e-03 3.511560e-01
330 6.462240e-01 2.236000e-03 3.515400e-01
331 6.458160e-01 2.252000e-03 3.519320e-01
332 6.454760e-01 2.264000e-03 3.522600e-01
333 6.451560e-01 2.208000e-03 3.526360e-01
334 6.448080e-01 2.136000e-03 3.530560e-01
335 6.445160e-01 2.104000e-03 3.533800e-01
336 6.441320e-01 2.080000e-03 3.537880e-01
337 6.438040e-01 2.016000e-03 3.541800e-01
338 6.434800e-01 1.960000e-03 3.545600e-01
339 6.431160e-01 2.008000e-03 3.548760e-01
340 6.428600e-01 1.908000e-03 3.552320e-01
341 6.425800e-01 1.904000e-03 3.555160e-01
342 6.423120e-01 1.796000e-03 3.558920e-01
343 6.419760e-01 1.784000e-03 3.562400e-01
344 6.416520e-01 1.764000e-03 3.565840e-01
345 6.413760e-01 1.796000e-03 3.568280e-01
346 6.411200e-01 1.768000e-03 3.571120e-01
347 6.407720e-01 1.788000e-03 3.574400e-01
348 6.404680e-01 1.748000e-03 3.577840e-01
349 6.402400e-01 1.720000e-03 3.580400e-01
350 6.399880e-01 1.692000e-03 3.583200e-01
351 6.397520e-01 1.632000e-03 3.586160e-01
352 6.395240e-01 1.600000e-03 3.588760e-01
353 6.393200e-01 1.540000e-03 3.591400e-01
354 6.390960e-01 1.488000e-03 3.594160e-01
355 6.387760e-01 1.580000e-03 3.596440e-01
356 6.384960e-01 1.608000e-03 3.598960e-01
357 6.381360e-01 1.680000e-03 3.601840e-01
358 6.378560e-01 1.696000e-03 3.604480e-01
359 6.374960e-01 1.752000e-03 3.607520e-01
360 6.371880e-01 1.724000e-03 3.610880e-01
361 6.368000e-01 1.824000e-03 3.613760e-01
362 6.364680e-01 1.816000e-03 3.617160e-01
363 6.361560e-01 1.748000e-03 3.620960e-01
364 6.358800e-01 1.676000e-03 3.624440e-01
365 6.355760e-01 1.660000e-03 3.627640e-01
366 6.352720e-01 1.656000e-03 3.630720e-01
367 6.349720e-01 1.652000e-03 3.633760e-01
368 6.346280e-01 1.704000e-03 3.636680e-01
369 6.343240e-01 1.744000e-03 3.639320e-01
370 6.340120e-01 1.688000e-03 3.643000e-01
371 6.336200e-01 1.732000e-03 3.646480e-01
372 6.333360e-01 1.764000e-03 3.649000e-01
373 6.329800e-01 1.800000e-03 3.652200e-01
374 6.326040e-01 1.920000e-03 3.654760e-01
375 6.322840e-01 1.880000e-03 3.658360e-01
376 6.319360e-01 1.852000e-03 3.662120e-01
377 6.316440e-01 1.804000e-03 3.665520e-01
378 6.312760e-01 1.892000e-03 3.668320e-01
379 6.309320e-01 1.936000e-03 3.671320e-01
380 6.304760e-01 2.088000e-03 3.674360e-01
381 6.301200e-01 2.076000e-03 3.678040e-01
382 6.298120e-01 2.040000e-03 3.681480e-01
383 6.294080e-01 2.100000e-03 3.684920e-01
384 6.290800e-01 1.988000e-03 3.689320e-01
385 6.287600e-01 1.976000e-03 3.692640e-01
386 6.283680e-01 2.048000e-03 3.695840e-01
387 6.279880e-01 1.984000e-03 3.700280e-01
388 6.276520e-01 1.908000e-03 3.704400e-01
389 6.272560e-01 1.948000e-03 3.707960e-01
390 6.269560e-01 1.912000e-03 3.711320e-01
391 6.266400e-01 1.888000e-03 3.714720e-01
392 6.263880e-01 1.820000e-03 3.717920e-01
393 6.260760e-01 1.808000e-03 3.721160e-01
394 6.258240e-01 1.744000e-03 3.724320e-01
395 6.255720e-01 1.684000e-03 3.727440e-01
396 6.253120e-01 1.684000e-03 3.730040e-01
397 6.250560e-01 1.632000e-03 3.733120e-01
398 6.248080e-01 1.628000e-03 3.735640e-01
399 6.245520e-01 1.584000e-03 3.738640e-01
400 6.243000e-01 1.532000e-03 3.741680e-01
401 6.241200e-01 1.452000e-03 3.744280e-01
402 6.238600e-01 1.468000e-03 3.746720e-01
403 6.236280e-01 1.436000e-03 3.749360e-01
404 6.234080e-01 1.432000e-03 3.751600e-01
405 6.232160e-01 1.372000e-03 3.754120e-01
406 6.230120e-01 1.312000e-03 3.756760e-01
407 6.228400e-01 1.292000e-03 3.758680e-01
408 6.226640e-01 1.272000e-03 3.760640e-01
409 6.225080e-01 1.216000e-03 3.762760e-01
410 6.223480e-01 1.148000e-03 3.765040e-01
411 6.221440e-01 1.132000e-03 3.767240e-01
412 6.219440e-01 1.132000e-03 3.769240e-01
413 6.217880e-01 1.124000e-03 3.770880e-01
414 6.215960e-01 1.076000e-03 3.773280e-01
415 6.214320e-01 1.020000e-03 3.775480e-01
416 6.213240e-01 9.440000e-04 3.777320e-01
417 6.211600e-01 9.600000e-04 3.778800e-01
418 6.209880e-01 1.008000e-03 3.780040e-01
419 6.207880e-01 9.800000e-04 3.782320e-01
420 6.206720e-01 9.560000e-04 3.783720e-01
421 6.204840e-01 9.960000e-04 3.785200e-01
422 6.203640e-01 9.200000e-04 3.787160e-01
423 6.201680e-01 9.440000e-04 3.788880e-01
424 6.199800e-01 9.840000e-04 3.790360e-01
425 6.197920e-01 9.680000e-04 3.792400e-01
426 6.196640e-01 9.560000e-04 3.793800e-01
427 6.194960e-01 9.520000e-04 3.795520e-01
428 6.193120e-01 9.600000e-04 3.797280e-01
429 6.191680e-01 8.840000e-04 3.799480e-01
430 6.190200e-01 9.040000e-04 3.800760e-01
431 6.188080e-01 9.400000e-04 3.802520e-01
432 6.186000e-01 9.760000e-04 3.804240e-01
433 6.183560e-01 1.080000e-03 3.805640e-01
434 6.181600e-01 1.068000e-03 3.807720e-01
435 6.179480e-01 1.128000e-03 3.809240e-01
436 6.177120e-01 1.176000e-03 3.811120e-01
437 6.174640e-01 1.244000e-03 3.812920e-01
438 6.171800e-01 1.324000e-03 3.814960e-01
439 6.170200e-01 1.276000e-03 3.817040e-01
440 6.168640e-01 1.232000e-03 3.819040e-01
441 6.166680e-01 1.196000e-03 3.821360e-01
442 6.165200e-01 1.148000e-03 3.823320e-01
443 6.163680e-01 1.124000e-03 3.825080e-01
444 6.161440e-01 1.144000e-03 3.827120e-01
445 6.159360e-01 1.156000e-03 3.829080e-01
446 6.157640e-01 1.120000e-03 3.831160e-01
447 6.155520e-01 1.112000e-03 3.833360e-01
448 6.153560e-01 1.144000e-03 3.835000e-01
449 6.151280e-01 1.208000e-03 3.836640e-01
450 6.148720e-01 1.200000e-03 3.839280e-01
451 6.146680e-01 1.220000e-03 3.841120e-01
452 6.144240e-01 1.284000e-03 3.842920e-01
453 6.142200e-01 1.304000e-03 3.844760e-01
454 6.140240e-01 1.232000e-03 3.847440e-01
455 6.138000e-01 1.248000e-03 3.849520e-01
456 6.135640e-01 1.216000e-03 3.852200e-01
457 6.133640e-01 1.204000e-03 3.854320e-01
458 6.131720e-01 1.180000e-03 3.856480e-01
459 6.129880e-01 1.180000e-03 3.858320e-01
460 6.128000e-01 1.192000e-03 3.860080e-01
461 6.125200e-01 1.228000e-03 3.862520e-01
462 6.122920e-01 1.252000e-03 3.864560e-01
463 6.120320e-01 1.284000e-03 3.866840e-01
464 6.118000e-01 1.256000e-03 3.869440e-01
465 6.115800e-01 1.276000e-03 3.871440e-01
466 6.113840e-01 1.260000e-03 3.873560e-01
467 6.111640e-01 1.240000e-03 3.875960e-01
468 6.109760e-01 1.260000e-03 3.877640e-01
469 6.108000e-01 1.208000e-03 3.879920e-01
470 6.105880e-01 1.228000e-03 3.881840e-01
471 6.104440e-01 1.140000e-03 3.884160e-01
472 6.103000e-01 1.108000e-03 3.885920e-01
473 6.101560e-01 1.084000e-03 3.887600e-01
474 6.100160e-01 1.012000e-03 3.889720e-01
475 6.098600e-01 1.008000e-03 3.891320e-01
476 6.097080e-01 9.800000e-04 3.893120e-01
477 6.095720e-01 9.640000e-04 3.894640e-01
478 6.094240e-01 9.480000e-04 3.896280e-01
479 6.092920e-01 8.760000e-04 3.898320e-01
480 6.091600e-01 8.400000e-04 3.900000e-01
481 6.090200e-01 7.880000e-04 3.901920e-01
482 6.089040e-01 7.560000e-04 3.903400e-01
483 6.087920e-01 7.400000e-04 3.904680e-01
484 6.085960e-01 8.160000e-04 3.905880e-01
485 6.084480e-01 7.640000e-04 3.907880e-01
486 6.083160e-01 7.880000e-04 3.908960e-01
487 6.081320e-01 8.560000e-04 3.910120e-01
488 6.080280e-01 8.400000e-04 3.911320e-01
489 6.078720e-01 8.400000e-04 3.912880e-01
490 6.077120e-01 8.400000e-04 3.914480e-01
491 6.075720e-01 8.440000e-04 3.915840e-01
492 6.074320e-01 8.400000e-04 3.917280e-01
493 6.072800e-01 8.880000e-04 3.918320e-01
494 6.071480e-01 8.320000e-04 3.920200e-01
495 6.070360e-01 8.400000e-04 3.921240e-01
496 6.069240e-01 8.160000e-04 3.922600e-01
497 6.067720e-01 8.320000e-04 3.923960e-01
498 6.066360e-01 8.280000e-04 3.925360e-01
499 6.064800e-01 8.360000e-04 3.926840e-01
500 6.063720e-01 7.920000e-04 3.928360e-01
