1 9.991920e-01 7.080000e-04 1.000000e-04
2 9.986520e-01 1.096000e-03 2.520000e-04
3 9.980000e-01 1.504000e-03 4.960000e-04
4 9.973920e-01 1.824000e-03 7.840000e-04
5 9.967360e-01 2.124000e-03 1.140000e-03
6 9.960040e-01 2.400000e-03 1.596000e-03
7 9.951840e-01 2.780000e-03 2.036000e-03
8 9.942400e-01 3.200000e-03 2.560000e-03
9 9.932920e-01 3.576000e-03 3.132000e-03
10 9.923200e-01 3.872000e-03 3.808000e-03
11 9.912640e-01 4.208000e-03 4.528000e-03
12 9.901040e-01 4.624000e-03 5.272000e-03
13 9.890400e-01 4.860000e-03 6.100000e-03
14 9.878240e-01 5.244000e-03 6.932000e-03
15 9.865680e-01 5.620000e-03 7.812000e-03
16 9.853360e-01 5.860000e-03 8.804000e-03
17 9.840760e-01 6.072000e-03 9.852000e-03
18 9.827520e-01 6.360000e-03 1.088800e-02
19 9.814640e-01 6.612000e-03 1.192400e-02
20 9.801360e-01 6.728000e-03 1.313600e-02
21 9.786600e-01 7.024000e-03 1.431600e-02
22 9.771840e-01 7.284000e-03 1.553200e-02
23 9.757560e-01 7.440000e-03 1.680400e-02
24 9.743120e-01 7.524000e-03 1.816400e-02
25 9.730080e-01 7.596000e-03 1.939600e-02
26 9.715600e-01 7.740000e-03 2.070000e-02
27 9.700560e-01 7.880000e-03 2.206400e-02
28 9.684960e-01 8.116000e-03 2.338800e-02
29 9.669400e-01 8.176000e-03 2.488400e-02
30 9.654920e-01 8.380000e-03 2.612800e-02
31 9.639040e-01 8.428000e-03 2.766800e-02
32 9.624200e-01 8.456000e-03 2.912400e-02
33 9.609520e-01 8.512000e-03 3.053600e-02
34 9.595000e-01 8.504000e-03 3.199600e-02
35 9.579840e-01 8.604000e-03 3.341200e-02
36 9.564600e-01 8.540000e-03 3.500000e-02
37 9.548320e-01 8.728000e-03 3.644000e-02
38 9.532960e-01 8.720000e-03 3.798400e-02
39 9.517360e-01 8.784000e-03 3.948000e-02
40 9.500440e-01 8.972000e-03 4.098400e-02
41 9.483320e-01 9.168000e-03 4.250000e-02
42 9.467320e-01 9.148000e-03 4.412000e-02
43 9.451440e-01 9.156000e-03 4.570000e-02
44 9.436360e-01 9.068000e-03 4.729600e-02
45 9.421480e-01 8.912000e-03 4.894000e-02
46 9.405960e-01 8.920000e-03 5.048400e-02
47 9.387640e-01 9.188000e-03 5.204800e-02
48 9.372800e-01 9.060000e-03 5.366000e-02
49 9.356040e-01 9.056000e-03 5.534000e-02
50 9.340280e-01 9.008000e-03 5.696400e-02
51 9.325040e-01 8.936000e-03 5.856000e-02
52 9.309640e-01 8.960000e-03 6.007600e-02
53 9.293880e-01 8.820000e-03 6.179200e-02
54 9.278520e-01 8.788000e-03 6.336000e-02
55 9.265200e-01 8.692000e-03 6.478800e-02
56 9.250800e-01 8.636000e-03 6.628400e-02
57 9.235360e-01 8.696000e-03 6.776800e-02
58 9.221400e-01 8.600000e-03 6.926000e-02
59 9.208280e-01 8.524000e-03 7.064800e-02
60 9.192440e-01 8.704000e-03 7.205200e-02
61 9.178520e-01 8.512000e-03 7.363600e-02
62 9.164160e-01 8.500000e-03 7.508400e-02
63 9.149680e-01 8.512000e-03 7.652000e-02
64 9.134680e-01 8.568000e-03 7.796400e-02
65 9.121120e-01 8.536000e-03 7.935200e-02
66 9.106440e-01 8.352000e-03 8.100400e-02
67 9.092920e-01 8.140000e-03 8.256800e-02
68 9.079760e-01 8.016000e-03 8.400800e-02
69 9.066520e-01 7.960000e-03 8.538800e-02
70 9.053240e-01 8.020000e-03 8.665600e-02
71 9.040400e-01 7.884000e-03 8.807600e-02
72 9.028080e-01 7.688000e-03 8.950400e-02
73 9.015280e-01 7.676000e-03 9.079600e-02
74 9.002320e-01 7.664000e-03 9.210400e-02
75 8.989360e-01 7.632000e-03 9.343200e-02
76 8.975960e-01 7.552000e-03 9.485200e-02
77 8.963520e-01 7.376000e-03 9.627200e-02
78 8.951880e-01 7.220000e-03 9.759200e-02
79 8.938480e-01 7.316000e-03 9.883600e-02
80 8.926680e-01 7.168000e-03 1.001640e-01
81 8.914400e-01 7.264000e-03 1.012960e-01
82 8.902320e-01 7.056000e-03 1.027120e-01
83 8.889520e-01 7.100000e-03 1.039480e-01
84 8.877720e-01 6.988000e-03 1.052400e-01
85 8.866800e-01 6.896000e-03 1.064240e-01
86 8.855120e-01 6.872000e-03 1.076160e-01
87 8.844880e-01 6.752000e-03 1.087600e-01
88 8.832720e-01 6.856000e-03 1.098720e-01
89 8.819600e-01 6.916000e-03 1.111240e-01
90 8.807680e-01 6.776000e-03 1.124560e-01
91 8.795600e-01 6.828000e-03 1.136120e-01
92 8.782360e-01 6.960000e-03 1.148040e-01
93 8.768440e-01 6.972000e-03 1.161840e-01
94 8.755240e-01 7.056000e-03 1.174200e-01
95 8.742840e-01 7.108000e-03 1.186080e-01
96 8.730680e-01 7.152000e-03 1.197800e-01
97 8.717680e-01 7.060000e-03 1.211720e-01
98 8.705680e-01 7.036000e-03 1.223960e-01
99 8.694240e-01 6.888000e-03 1.236880e-01
100 8.681840e-01 6.940000e-03 1.248760e-01
101 8.669480e-01 7.020000e-03 1.260320e-01
102 8.657240e-01 7.028000e-03 1.272480e-01
103 8.643640e-01 7.080000e-03 1.285560e-01
104 8.630520e-01 7.172000e-03 1.297760e-01
105 8.618160e-01 7.092000e-03 1.310920e-01
106 8.606920e-01 6.992000e-03 1.323160e-01
107 8.596040e-01 6.908000e-03 1.334880e-01
108 8.583360e-01 6.868000e-03 1.347960e-01
109 8.571560e-01 6.824000e-03 1.360200e-01
110 8.560320e-01 6.780000e-03 1.371880e-01
111 8.547920e-01 6.776000e-03 1.384320e-01
112 8.535520e-01 6.816000e-03 1.396320e-01
113 8.522640e-01 6.884000e-03 1.408520e-01
114 8.511560e-01 6.704000e-03 1.421400e-01
115 8.498920e-01 6.728000e-03 1.433800e-01
116 8.487560e-01 6.724000e-03 1.445200e-01
117 8.475560e-01 6.720000e-03 1.457240e-01
118 8.464480e-01 6.608000e-03 1.469440e-01
119 8.453920e-01 6.544000e-03 1.480640e-01
120 8.442680e-01 6.600000e-03 1.491320e-01
121 8.431960e-01 6.500000e-03 1.503040e-01
122 8.422280e-01 6.356000e-03 1.514160e-01
123 8.412160e-01 6.152000e-03 1.526320e-01
124 8.401440e-01 6.108000e-03 1.537480e-01
125 8.391160e-01 5.968000e-03 1.549160e-01
126 8.380760e-01 5.932000e-03 1.559920e-01
127 8.370480e-01 5.952000e-03 1.570000e-01
128 8.360240e-01 6.020000e-03 1.579560e-01
129 8.349240e-01 6.060000e-03 1.590160e-01
130 8.339880e-01 5.900000e-03 1.601120e-01
131 8.330320e-01 5.816000e-03 1.611520e-01
132 8.320280e-01 5.852000e-03 1.621200e-01
133 8.310560e-01 5.844000e-03 1.631000e-01
134 8.300520e-01 5.828000e-03 1.641200e-01
135 8.291560e-01 5.720000e-03 1.651240e-01
136 8.281640e-01 5.668000e-03 1.661680e-01
137 8.272520e-01 5.600000e-03 1.671480e-01
138 8.262160e-01 5.600000e-03 1.681840e-01
139 8.253520e-01 5.436000e-03 1.692120e-01
140 8.244520e-01 5.392000e-03 1.701560e-01
141 8.235240e-01 5.348000e-03 1.711280e-01
142 8.225800e-01 5.344000e-03 1.720760e-01
143 8.217400e-01 5.324000e-03 1.729360e-01
144 8.208480e-01 5.256000e-03 1.738960e-01
145 8.199920e-01 5.188000e-03 1.748200e-01
146 8.190640e-01 5.168000e-03 1.757680e-01
147 8.181440e-01 5.232000e-03 1.766240e-01
148 8.172920e-01 5.196000e-03 1.775120e-01
149 8.165400e-01 5.028000e-03 1.784320e-01
150 8.156800e-01 5.056000e-03 1.792640e-01
151 8.147440e-01 4.976000e-03 1.802800e-01
152 8.138680e-01 5.004000e-03 1.811280e-01
153 8.129240e-01 5.048000e-03 1.820280e-01
154 8.120240e-01 5.124000e-03 1.828520e-01
155 8.109720e-01 5.316000e-03 1.837120e-01
156 8.100480e-01 5.256000e-03 1.846960e-01
157 8.091480e-01 5.124000e-03 1.857280e-01
158 8.082800e-01 5.132000e-03 1.865880e-01
159 8.073960e-01 5.048000e-03 1.875560e-01
160 8.064360e-01 5.152000e-03 1.884120e-01
161 8.054680e-01 5.100000e-03 1.894320e-01
162 8.046520e-01 5.036000e-03 1.903120e-01
163 8.037880e-01 5.068000e-03 1.911440e-01
164 8.028240e-01 5.120000e-03 1.920560e-01
165 8.019000e-01 5.140000e-03 1.929600e-01
166 8.009000e-01 5.264000e-03 1.938360e-01
167 8.000960e-01 5.152000e-03 1.947520e-01
168 7.993320e-01 5.072000e-03 1.955960e-01
169 7.985200e-01 5.040000e-03 1.964400e-01
170 7.977480e-01 4.896000e-03 1.973560e-01
171 7.970120e-01 4.848000e-03 1.981400e-01
172 7.962480e-01 4.636000e-03 1.991160e-01
173 7.955320e-01 4.500000e-03 1.999680e-01
174 7.948240e-01 4.452000e-03 2.007240e-01
175 7.939760e-01 4.572000e-03 2.014520e-01
176 7.932440e-01 4.580000e-03 2.021760e-01
177 7.925200e-01 4.404000e-03 2.030760e-01
178 7.917120e-01 4.440000e-03 2.038480e-01
179 7.909720e-01 4.504000e-03 2.045240e-01
180 7.901840e-01 4.580000e-03 2.052360e-01
181 7.894160e-01 4.592000e-03 2.059920e-01
182 7.885880e-01 4.636000e-03 2.067760e-01
183 7.877160e-01 4.672000e-03 2.076120e-01
184 7.869200e-01 4.724000e-03 2.083560e-01
185 7.860240e-01 4.820000e-03 2.091560e-01
186 7.853120e-01 4.700000e-03 2.099880e-01
187 7.845360e-01 4.628000e-03 2.108360e-01
188 7.837040e-01 4.612000e-03 2.116840e-01
189 7.828600e-01 4.708000e-03 2.124320e-01
190 7.820560e-01 4.728000e-03 2.132160e-01
191 7.812720e-01 4.672000e-03 2.140560e-01
192 7.804120e-01 4.728000e-03 2.148600e-01
193 7.796240e-01 4.564000e-03 2.158120e-01
194 7.788640e-01 4.580000e-03 2.165560e-01
195 7.781800e-01 4.504000e-03 2.173160e-01
196 7.774000e-01 4.500000e-03 2.181000e-01
197 7.766040e-01 4.600000e-03 2.187960e-01
198 7.758800e-01 4.472000e-03 2.196480e-01
199 7.751040e-01 4.460000e-03 2.204360e-01
200 7.744080e-01 4.372000e-03 2.212200e-01
201 7.736080e-01 4.400000e-03 2.219920e-01
202 7.727320e-01 4.612000e-03 2.226560e-01
203 7.719000e-01 4.608000e-03 2.234920e-01
204 7.710920e-01 4.528000e-03 2.243800e-01
205 7.703840e-01 4.440000e-03 2.251760e-01
206 7.696560e-01 4.400000e-03 2.259440e-01
207 7.689720e-01 4.304000e-03 2.267240e-01
208 7.683200e-01 4.292000e-03 2.273880e-01
209 7.675560e-01 4.316000e-03 2.281280e-01
210 7.667440e-01 4.396000e-03 2.288600e-01
211 7.659680e-01 4.460000e-03 2.295720e-01
212 7.652640e-01 4.416000e-03 2.303200e-01
213 7.644280e-01 4.368000e-03 2.312040e-01
214 7.637360e-01 4.244000e-03 2.320200e-01
215 7.629240e-01 4.372000e-03 2.327040e-01
216 7.622480e-01 4.292000e-03 2.334600e-01
217 7.615920e-01 4.244000e-03 2.341640e-01
218 7.609360e-01 4.164000e-03 2.349000e-01
219 7.602520e-01 4.092000e-03 2.356560e-01
220 7.594880e-01 4.096000e-03 2.364160e-01
221 7.588800e-01 4.016000e-03 2.371040e-01
222 7.582040e-01 4.028000e-03 2.377680e-01
223 7.575320e-01 4.064000e-03 2.384040e-01
224 7.568960e-01 3.928000e-03 2.391760e-01
225 7.562280e-01 3.848000e-03 2.399240e-01
226 7.556760e-01 3.764000e-03 2.405600e-01
227 7.551400e-01 3.636000e-03 2.412240e-01
228 7.545240e-01 3.692000e-03 2.417840e-01
229 7.539640e-01 3.532000e-03 2.425040e-01
230 7.533960e-01 3.464000e-03 2.431400e-01
231 7.529520e-01 3.320000e-03 2.437280e-01
232 7.523720e-01 3.260000e-03 2.443680e-01
233 7.518360e-01 3.248000e-03 2.449160e-01
234 7.512840e-01 3.340000e-03 2.453760e-01
235 7.507760e-01 3.296000e-03 2.459280e-01
236 7.502560e-01 3.240000e-03 2.465040e-01
237 7.497080e-01 3.264000e-03 2.470280e-01
238 7.491280e-01 3.276000e-03 2.475960e-01
239 7.485400e-01 3.308000e-03 2.481520e-01
240 7.479680e-01 3.236000e-03 2.487960e-01
241 7.474920e-01 3.128000e-03 2.493800e-01
242 7.469920e-01 3.100000e-03 2.499080e-01
243 7.465040e-01 3.016000e-03 2.504800e-01
244 7.459240e-01 3.072000e-03 2.510040e-01
245 7.453760e-01 3.040000e-03 2.515840e-01
246 7.447640e-01 3.160000e-03 2.520760e-01
247 7.441160e-01 3.172000e-03 2.527120e-01
248 7.437040e-01 3.088000e-03 2.532080e-01
249 7.431480e-01 3.108000e-03 2.537440e-01
250 7.426400e-01 3.036000e-03 2.543240e-01
251 7.420920e-01 3.084000e-03 2.548240e-01
252 7.415560e-01 3.080000e-03 2.553640e-01
253 7.410160e-01 3.112000e-03 2.558720e-01
254 7.405160e-01 3.092000e-03 2.563920e-01
255 7.399400e-01 3.184000e-03 2.568760e-01
256 7.394000e-01 3.244000e-03 2.573560e-01
257 7.388480e-01 3.332000e-03 2.578200e-01
258 7.383080e-01 3.256000e-03 2.584360e-01
259 7.377360e-01 3.308000e-03 2.589560e-01
260 7.372480e-01 3.140000e-03 2.596120e-01
261 7.366880e-01 3.112000e-03 2.602000e-01
262 7.361560e-01 3.084000e-03 2.607600e-01
263 7.356840e-01 3.036000e-03 2.612800e-01
264 7.352200e-01 2.976000e-03 2.618040e-01
265 7.346840e-01 2.904000e-03 2.624120e-01
266 7.341920e-01 2.848000e-03 2.629600e-01
267 7.337520e-01 2.800000e-03 2.634480e-01
268 7.332760e-01 2.776000e-03 2.639480e-01
269 7.327880e-01 2.756000e-03 2.644560e-01
270 7.322760e-01 2.868000e-03 2.648560e-01
271 7.318000e-01 2.800000e-03 2.654000e-01
272 7.313280e-01 2.776000e-03 2.658960e-01
273 7.309000e-01 2.684000e-03 2.664160e-01
274 7.304280e-01 2.652000e-03 2.669200e-01
275 7.300720e-01 2.576000e-03 2.673520e-01
276 7.296960e-01 2.596000e-03 2.677080e-01
277 7.293200e-01 2.524000e-03 2.681560e-01
278 7.288680e-01 2.532000e-03 2.686000e-01
279 7.285240e-01 2.448000e-03 2.690280e-01
280 7.281760e-01 2.316000e-03 2.695080e-01
281 7.277400e-01 2.348000e-03 2.699120e-01
282 7.274240e-01 2.208000e-03 2.703680e-01
283 7.270720e-01 2.204000e-03 2.707240e-01
284 7.267320e-01 2.148000e-03 2.711200e-01
285 7.263920e-01 2.080000e-03 2.715280e-01
286 7.259880e-01 2.164000e-03 2.718480e-01
287 7.256920e-01 2.124000e-03 2.721840e-01
288 7.253600e-01 2.108000e-03 2.725320e-01
289 7.250600e-01 2.088000e-03 2.728520e-01
290 7.247400e-01 2.048000e-03 2.732120e-01
291 7.244320e-01 2.020000e-03 2.735480e-01
292 7.241560e-01 1.944000e-03 2.739000e-01
293 7.238960e-01 1.944000e-03 2.741600e-01
294 7.235560e-01 1.980000e-03 2.744640e-01
295 7.232080e-01 1.992000e-03 2.748000e-01
296 7.229160e-01 1.928000e-03 2.751560e-01
297 7.226000e-01 1.908000e-03 2.754920e-01
298 7.222240e-01 1.872000e-03 2.759040e-01
299 7.218680e-01 1.960000e-03 2.761720e-01
300 7.215240e-01 1.924000e-03 2.765520e-01
301 7.212120e-01 1.836000e-03 2.769520e-01
302 7.208920e-01 1.804000e-03 2.773040e-01
303 7.205840e-01 1.812000e-03 2.776040e-01
304 7.202480e-01 1.808000e-03 2.779440e-01
305 7.199560e-01 1.840000e-03 2.782040e-01
306 7.196400e-01 1.848000e-03 2.785120e-01
307 7.192880e-01 1.836000e-03 2.788760e-01
308 7.189560e-01 1.900000e-03 2.791440e-01
309 7.186560e-01 1.840000e-03 2.795040e-01
310 7.183720e-01 1.836000e-03 2.797920e-01
311 7.181240e-01 1.756000e-03 2.801200e-01
312 7.178680e-01 1.720000e-03 2.804120e-01
313 7.175920e-01 1.668000e-03 2.807400e-01
314 7.173440e-01 1.588000e-03 2.810680e-01
315 7.170520e-01 1.624000e-03 2.813240e-01
316 7.168200e-01 1.564000e-03 2.816160e-01
317 7.165320e-01 1.520000e-03 2.819480e-01
318 7.162600e-01 1.508000e-03 2.822320e-01
319 7.160040e-01 1.508000e-03 2.824880e-01
320 7.157000e-01 1.556000e-03 2.827440e-01
321 7.153480e-01 1.644000e-03 2.830080e-01
322 7.149920e-01 1.684000e-03 2.833240e-01
323 7.146280e-01 1.736000e-03 2.836360e-01
324 7.142320e-01 1.796000e-03 2.839720e-01
325 7.138320e-01 1.912000e-03 2.842560e-01
326 7.135160e-01 1.920000e-03 2.845640e-01
327 7.131440e-01 1.964000e-03 2.848920e-01
328 7.128360e-01 1.904000e-03 2.852600e-01
329 7.125800e-01 1.792000e-03 2.856280e-01
330 7.123000e-01 1.684000e-03 2.860160e-01
331 7.119560e-01 1.712000e-03 2.863320e-01
332 7.116720e-01 1.720000e-03 2.866080e-01
333 7.113640e-01 1.736000e-03 2.869000e-01
334 7.110880e-01 1.728000e-03 2.871840e-01
335 7.108080e-01 1.748000e-03 2.874440e-01
336 7.104880e-01 1.776000e-03 2.877360e-01
337 7.101200e-01 1.752000e-03 2.881280e-01
338 7.098320e-01 1.740000e-03 2.884280e-01
339 7.096240e-01 1.672000e-03 2.887040e-01
340 7.094240e-01 1.592000e-03 2.889840e-01
341 7.091960e-01 1.576000e-03 2.892280e-01
342 7.089440e-01 1.548000e-03 2.895080e-01
343 7.086640e-01 1.600000e-03 2.897360e-01
344 7.083880e-01 1.596000e-03 2.900160e-01
345 7.081760e-01 1.552000e-03 2.902720e-01
346 7.079360e-01 1.556000e-03 2.905080e-01
347 7.076920e-01 1.484000e-03 2.908240e-01
348 7.074600e-01 1.468000e-03 2.910720e-01
349 7.071880e-01 1.520000e-03 2.912920e-01
350 7.069400e-01 1.508000e-03 2.915520e-01
351 7.066640e-01 1.520000e-03 2.918160e-01
352 7.063840e-01 1.504000e-03 2.921120e-01
353 7.061280e-01 1.448000e-03 2.924240e-01
354 7.058880e-01 1.464000e-03 2.926480e-01
355 7.056040e-01 1.496000e-03 2.929000e-01
356 7.052480e-01 1.532000e-03 2.932200e-01
357 7.048880e-01 1.628000e-03 2.934840e-01
358 7.046000e-01 1.680000e-03 2.937200e-01
359 7.043360e-01 1.696000e-03 2.939680e-01
360 7.040680e-01 1.664000e-03 2.942680e-01
361 7.038160e-01 1.676000e-03 2.945080e-01
362 7.034800e-01 1.732000e-03 2.947880e-01
363 7.032040e-01 1.688000e-03 2.951080e-01
364 7.028680e-01 1.700000e-03 2.954320e-01
365 7.025920e-01 1.656000e-03 2.957520e-01
366 7.023120e-01 1.640000e-03 2.960480e-01
367 7.020120e-01 1.668000e-03 2.963200e-01
368 7.017000e-01 1.756000e-03 2.965440e-01
369 7.013760e-01 1.796000e-03 2.968280e-01
370 7.010240e-01 1.856000e-03 2.971200e-01
371 7.006800e-01 1.896000e-03 2.974240e-01
372 7.003680e-01 1.904000e-03 2.977280e-01
373 7.001040e-01 1.768000e-03 2.981280e-01
374 6.998040e-01 1.804000e-03 2.983920e-01
375 6.994560e-01 1.828000e-03 2.987160e-01
376 6.991040e-01 1.884000e-03 2.990120e-01
377 6.988280e-01 1.828000e-03 2.993440e-01
378 6.985600e-01 1.816000e-03 2.996240e-01
379 6.982640e-01 1.812000e-03 2.999240e-01
380 6.980040e-01 1.824000e-03 3.001720e-01
381 6.978000e-01 1.696000e-03 3.005040e-01
382 6.975440e-01 1.704000e-03 3.007520e-01
383 6.972760e-01 1.712000e-03 3.010120e-01
384 6.970640e-01 1.624000e-03 3.013120e-01
385 6.968560e-01 1.592000e-03 3.015520e-01
386 6.966240e-01 1.496000e-03 3.018800e-01
387 6.963760e-01 1.496000e-03 3.021280e-01
388 6.961360e-01 1.480000e-03 3.023840e-01
389 6.959520e-01 1.440000e-03 3.026080e-01
390 6.957120e-01 1.464000e-03 3.028240e-01
391 6.954600e-01 1.448000e-03 3.030920e-01
392 6.951600e-01 1.516000e-03 3.033240e-01
393 6.948720e-01 1.576000e-03 3.035520e-01
394 6.946040e-01 1.580000e-03 3.038160e-01
395 6.943160e-01 1.576000e-03 3.041080e-01
396 6.940240e-01 1.564000e-03 3.044120e-01
397 6.937720e-01 1.596000e-03 3.046320e-01
398 6.935040e-01 1.536000e-03 3.049600e-01
399 6.932480e-01 1.536000e-03 3.052160e-01
400 6.930040e-01 1.512000e-03 3.054840e-01
401 6.927880e-01 1.472000e-03 3.057400e-01
402 6.925440e-01 1.464000e-03 3.059920e-01
403 6.923280e-01 1.440000e-03 3.062320e-01
404 6.920680e-01 1.492000e-03 3.064400e-01
405 6.918320e-01 1.432000e-03 3.067360e-01
406 6.916400e-01 1.388000e-03 3.069720e-01
407 6.914520e-01 1.336000e-03 3.072120e-01
408 6.912480e-01 1.288000e-03 3.074640e-01
409 6.910880e-01 1.228000e-03 3.076840e-01
410 6.908920e-01 1.200000e-03 3.079080e-01
411 6.906520e-01 1.208000e-03 3.081400e-01
412 6.904320e-01 1.200000e-03 3.083680e-01
413 6.902520e-01 1.180000e-03 3.085680e-01
414 6.900720e-01 1.184000e-03 3.087440e-01
415 6.898800e-01 1.184000e-03 3.089360e-01
416 6.897000e-01 1.112000e-03 3.091880e-01
417 6.895240e-01 1.088000e-03 3.093880e-01
418 6.893480e-01 1.036000e-03 3.096160e-01
419 6.891880e-01 1.008000e-03 3.098040e-01
420 6.889920e-01 1.000000e-03 3.100080e-01
421 6.888480e-01 9.400000e-04 3.102120e-01
422 6.886400e-01 9.880000e-04 3.103720e-01
423 6.884800e-01 1.004000e-03 3.105160e-01
424 6.883400e-01 9.680000e-04 3.106920e-01
425 6.881360e-01 1.000000e-03 3.108640e-01
426 6.879520e-01 1.040000e-03 3.110080e-01
427 6.877120e-01 1.092000e-03 3.111960e-01
428 6.875280e-01 1.128000e-03 3.113440e-01
429 6.873440e-01 1.120000e-03 3.115360e-01
430 6.872040e-01 1.092000e-03 3.117040e-01
431 6.869800e-01 1.132000e-03 3.118880e-01
432 6.868000e-01 1.096000e-03 3.121040e-01
433 6.865960e-01 1.088000e-03 3.123160e-01
434 6.863880e-01 1.120000e-03 3.124920e-01
435 6.861200e-01 1.188000e-03 3.126920e-01
436 6.859280e-01 1.200000e-03 3.128720e-01
437 6.857520e-01 1.176000e-03 3.130720e-01
438 6.855480e-01 1.188000e-03 3.132640e-01
439 6.853960e-01 1.108000e-03 3.134960e-01
440 6.852040e-01 1.056000e-03 3.137400e-01
441 6.850440e-01 1.020000e-03 3.139360e-01
442 6.848720e-01 9.760000e-04 3.141520e-01
443 6.846880e-01 9.960000e-04 3.143160e-01
444 6.844720e-01 1.036000e-03 3.144920e-01
445 6.842840e-01 1.020000e-03 3.146960e-01
446 6.841360e-01 9.800000e-04 3.148840e-01
447 6.838680e-01 1.100000e-03 3.150320e-01
448 6.837000e-01 1.080000e-03 3.152200e-01
449 6.835120e-01 1.056000e-03 3.154320e-01
450 6.833400e-01 1.016000e-03 3.156440e-01
451 6.830840e-01 1.112000e-03 3.158040e-01
452 6.828480e-01 1.172000e-03 3.159800e-01
453 6.825680e-01 1.228000e-03 3.162040e-01
454 6.822440e-01 1.336000e-03 3.164200e-01
455 6.818920e-01 1.480000e-03 3.166280e-01
456 6.816280e-01 1.532000e-03 3.168400e-01
457 6.813600e-01 1.444000e-03 3.171960e-01
458 6.810960e-01 1.444000e-03 3.174600e-01
459 6.808040e-01 1.516000e-03 3.176800e-01
460 6.804120e-01 1.592000e-03 3.179960e-01
461 6.800800e-01 1.628000e-03 3.182920e-01
462 6.798200e-01 1.604000e-03 3.185760e-01
463 6.795360e-01 1.544000e-03 3.189200e-01
464 6.793360e-01 1.488000e-03 3.191760e-01
465 6.791400e-01 1.428000e-03 3.194320e-01
466 6.788960e-01 1.420000e-03 3.196840e-01
467 6.787280e-01 1.332000e-03 3.199400e-01
468 6.785280e-01 1.304000e-03 3.201680e-01
469 6.783400e-01 1.248000e-03 3.204120e-01
470 6.781600e-01 1.196000e-03 3.206440e-01
471 6.779520e-01 1.172000e-03 3.208760e-01
472 6.777280e-01 1.164000e-03 3.211080e-01
473 6.775720e-01 1.080000e-03 3.213480e-01
474 6.774440e-01 1.032000e-03 3.215240e-01
475 6.773440e-01 9.200000e-04 3.217360e-01
476 6.771920e-01 9.200000e-04 3.218880e-01
477 6.770480e-01 9.080000e-04 3.220440e-01
478 6.768920e-01 9.320000e-04 3.221760e-01
479 6.766640e-01 1.024000e-03 3.223120e-01
480 6.764520e-01 1.052000e-03 3.224960e-01
481 6.762840e-01 1.068000e-03 3.226480e-01
482 6.760160e-01 1.144000e-03 3.228400e-01
483 6.758440e-01 1.088000e-03 3.230680e-01
484 6.756320e-01 1.128000e-03 3.232400e-01
485 6.754560e-01 1.116000e-03 3.234280e-01
486 6.752600e-01 1.156000e-03 3.235840e-01
487 6.750440e-01 1.132000e-03 3.238240e-01
488 6.748520e-01 1.108000e-03 3.240400e-01
489 6.746680e-01 1.136000e-03 3.241960e-01
490 6.744400e-01 1.208000e-03 3.243520e-01
491 6.742000e-01 1.220000e-03 3.245800e-01
492 6.740000e-01 1.208000e-03 3.247920e-01
493 6.737560e-01 1.252000e-03 3.249920e-01
494 6.735280e-01 1.292000e-03 3.251800e-01
495 6.733120e-01 1.292000e-03 3.253960e-01
496 6.730600e-01 1.296000e-03 3.256440e-01
497 6.728160e-01 1.276000e-03 3.259080e-01
498 6.726080e-01 1.228000e-03 3.261640e-01
499 6.724320e-01 1.148000e-03 3.264200e-01
500 6.722760e-01 1.128000e-03 3.265960e-01
