1 9.991800e-01 7.200000e-04 1.000000e-04
2 9.987080e-01 1.048000e-03 2.440000e-04
3 9.981080e-01 1.400000e-03 4.920000e-04
4 9.973520e-01 1.892000e-03 7.560000e-04
5 9.964000e-01 2.432000e-03 1.168000e-03
6 9.955240e-01 2.828000e-03 1.648000e-03
7 9.946880e-01 3.092000e-03 2.220000e-03
8 9.937720e-01 3.444000e-03 2.784000e-03
9 9.929080e-01 3.736000e-03 3.356000e-03
10 9.918320e-01 3.996000e-03 4.172000e-03
11 9.908520e-01 4.280000e-03 4.868000e-03
12 9.898720e-01 4.412000e-03 5.716000e-03
13 9.888000e-01 4.676000e-03 6.524000e-03
14 9.876000e-01 5.016000e-03 7.384000e-03
15 9.864640e-01 5.276000e-03 8.260000e-03
16 9.852120e-01 5.596000e-03 9.192000e-03
17 9.840480e-01 5.856000e-03 1.009600e-02
18 9.828200e-01 6.048000e-03 1.113200e-02
19 9.813760e-01 6.380000e-03 1.224400e-02
20 9.799240e-01 6.672000e-03 1.340400e-02
21 9.785520e-01 6.836000e-03 1.461200e-02
22 9.773960e-01 6.844000e-03 1.576000e-02
23 9.760360e-01 7.044000e-03 1.692000e-02
24 9.746320e-01 7.280000e-03 1.808800e-02
25 9.732960e-01 7.460000e-03 1.924400e-02
26 9.720440e-01 7.344000e-03 2.061200e-02
27 9.706520e-01 7.440000e-03 2.190800e-02
28 9.692880e-01 7.560000e-03 2.315200e-02
29 9.677840e-01 7.684000e-03 2.453200e-02
30 9.664000e-01 7.744000e-03 2.585600e-02
31 9.649120e-01 7.844000e-03 2.724400e-02
32 9.631880e-01 8.232000e-03 2.858000e-02
33 9.617520e-01 8.184000e-03 3.006400e-02
34 9.600920e-01 8.384000e-03 3.152400e-02
35 9.584120e-01 8.672000e-03 3.291600e-02
36 9.568280e-01 8.792000e-03 3.438000e-02
37 9.552400e-01 8.860000e-03 3.590000e-02
38 9.534880e-01 9.060000e-03 3.745200e-02
39 9.516640e-01 9.284000e-03 3.905200e-02
40 9.500200e-01 9.352000e-03 4.062800e-02
41 9.483760e-01 9.324000e-03 4.230000e-02
42 9.468240e-01 9.212000e-03 4.396400e-02
43 9.451480e-01 9.192000e-03 4.566000e-02
44 9.434680e-01 9.140000e-03 4.739200e-02
45 9.417040e-01 9.312000e-03 4.898400e-02
46 9.398080e-01 9.560000e-03 5.063200e-02
47 9.379760e-01 9.648000e-03 5.237600e-02
48 9.362480e-01 9.748000e-03 5.400400e-02
49 9.344280e-01 9.944000e-03 5.562800e-02
50 9.325120e-01 1.000800e-02 5.748000e-02
51 9.305400e-01 1.020800e-02 5.925200e-02
52 9.286400e-01 1.025200e-02 6.110800e-02
53 9.267920e-01 1.032800e-02 6.288000e-02
54 9.249480e-01 1.035200e-02 6.470000e-02
55 9.230800e-01 1.028400e-02 6.663600e-02
56 9.214320e-01 1.016400e-02 6.840400e-02
57 9.195120e-01 1.031200e-02 7.017600e-02
58 9.177600e-01 1.034800e-02 7.189200e-02
59 9.160760e-01 1.030000e-02 7.362400e-02
60 9.142360e-01 1.034400e-02 7.542000e-02
61 9.123320e-01 1.043600e-02 7.723200e-02
62 9.105320e-01 1.036400e-02 7.910400e-02
63 9.089440e-01 9.956000e-03 8.110000e-02
64 9.071720e-01 1.024400e-02 8.258400e-02
65 9.054640e-01 1.020400e-02 8.433200e-02
66 9.037120e-01 1.008000e-02 8.620800e-02
67 9.018200e-01 1.026000e-02 8.792000e-02
68 9.000960e-01 1.026000e-02 8.964400e-02
69 8.982440e-01 1.034800e-02 9.140800e-02
70 8.965440e-01 1.007600e-02 9.338000e-02
71 8.947560e-01 9.964000e-03 9.528000e-02
72 8.929240e-01 1.003200e-02 9.704400e-02
73 8.911760e-01 1.012400e-02 9.870000e-02
74 8.894480e-01 1.008800e-02 1.004640e-01
75 8.877320e-01 9.972000e-03 1.022960e-01
76 8.858320e-01 1.018000e-02 1.039880e-01
77 8.839640e-01 1.016000e-02 1.058760e-01
78 8.821720e-01 1.014000e-02 1.076880e-01
79 8.804520e-01 9.968000e-03 1.095800e-01
80 8.786120e-01 1.002400e-02 1.113640e-01
81 8.768680e-01 9.932000e-03 1.132000e-01
82 8.752080e-01 9.912000e-03 1.148800e-01
83 8.734240e-01 9.916000e-03 1.166600e-01
84 8.716160e-01 1.009600e-02 1.182880e-01
85 8.697320e-01 1.026400e-02 1.200040e-01
86 8.681320e-01 1.008000e-02 1.217880e-01
87 8.663960e-01 1.004000e-02 1.235640e-01
88 8.647880e-01 9.944000e-03 1.252680e-01
89 8.630320e-01 9.968000e-03 1.270000e-01
90 8.613320e-01 9.924000e-03 1.287440e-01
91 8.597760e-01 9.824000e-03 1.304000e-01
92 8.582320e-01 9.652000e-03 1.321160e-01
93 8.566000e-01 9.600000e-03 1.338000e-01
94 8.549720e-01 9.456000e-03 1.355720e-01
95 8.534760e-01 9.244000e-03 1.372800e-01
96 8.517920e-01 9.208000e-03 1.390000e-01
97 8.503280e-01 9.020000e-03 1.406520e-01
98 8.488640e-01 8.948000e-03 1.421880e-01
99 8.472880e-01 8.932000e-03 1.437800e-01
100 8.457200e-01 8.884000e-03 1.453960e-01
101 8.441200e-01 8.772000e-03 1.471080e-01
102 8.426120e-01 8.680000e-03 1.487080e-01
103 8.411080e-01 8.692000e-03 1.502000e-01
104 8.397720e-01 8.460000e-03 1.517680e-01
105 8.384160e-01 8.356000e-03 1.532280e-01
106 8.370280e-01 8.236000e-03 1.547360e-01
107 8.357040e-01 8.240000e-03 1.560560e-01
108 8.343440e-01 8.220000e-03 1.574360e-01
109 8.330160e-01 8.084000e-03 1.589000e-01
110 8.317080e-01 7.812000e-03 1.604800e-01
111 8.304760e-01 7.672000e-03 1.618520e-01
112 8.291480e-01 7.644000e-03 1.632080e-01
113 8.278920e-01 7.500000e-03 1.646080e-01
114 8.264120e-01 7.776000e-03 1.658120e-01
115 8.250640e-01 7.816000e-03 1.671200e-01
116 8.236360e-01 7.860000e-03 1.685040e-01
117 8.222920e-01 7.952000e-03 1.697560e-01
118 8.209280e-01 7.916000e-03 1.711560e-01
119 8.194360e-01 8.016000e-03 1.725480e-01
120 8.180720e-01 7.900000e-03 1.740280e-01
121 8.167600e-01 7.868000e-03 1.753720e-01
122 8.155320e-01 7.684000e-03 1.767840e-01
123 8.141960e-01 7.768000e-03 1.780360e-01
124 8.129600e-01 7.604000e-03 1.794360e-01
125 8.115640e-01 7.692000e-03 1.807440e-01
126 8.102640e-01 7.580000e-03 1.821560e-01
127 8.089520e-01 7.416000e-03 1.836320e-01
128 8.077080e-01 7.504000e-03 1.847880e-01
129 8.062680e-01 7.576000e-03 1.861560e-01
130 8.049000e-01 7.664000e-03 1.874360e-01
131 8.036000e-01 7.580000e-03 1.888200e-01
132 8.024960e-01 7.372000e-03 1.901320e-01
133 8.013280e-01 7.408000e-03 1.912640e-01
134 8.001520e-01 7.212000e-03 1.926360e-01
135 7.988760e-01 7.236000e-03 1.938880e-01
136 7.975560e-01 7.180000e-03 1.952640e-01
137 7.963160e-01 7.184000e-03 1.965000e-01
138 7.951160e-01 7.024000e-03 1.978600e-01
139 7.940640e-01 6.896000e-03 1.990400e-01
140 7.928720e-01 6.804000e-03 2.003240e-01
141 7.916920e-01 6.784000e-03 2.015240e-01
142 7.905360e-01 6.784000e-03 2.026800e-01
143 7.892840e-01 6.920000e-03 2.037960e-01
144 7.881480e-01 6.872000e-03 2.049800e-01
145 7.869960e-01 6.788000e-03 2.062160e-01
146 7.857920e-01 6.848000e-03 2.073600e-01
147 7.844280e-01 7.184000e-03 2.083880e-01
148 7.832400e-01 7.064000e-03 2.096960e-01
149 7.818960e-01 7.216000e-03 2.108880e-01
150 7.806080e-01 7.236000e-03 2.121560e-01
151 7.794240e-01 7.156000e-03 2.134200e-01
152 7.781560e-01 7.164000e-03 2.146800e-01
153 7.768000e-01 7.260000e-03 2.159400e-01
154 7.753800e-01 7.272000e-03 2.173480e-01
155 7.742200e-01 7.232000e-03 2.185480e-01
156 7.730880e-01 7.152000e-03 2.197600e-01
157 7.718760e-01 7.100000e-03 2.210240e-01
158 7.706960e-01 7.028000e-03 2.222760e-01
159 7.694880e-01 6.984000e-03 2.235280e-01
160 7.682720e-01 6.936000e-03 2.247920e-01
161 7.670200e-01 6.872000e-03 2.261080e-01
162 7.658760e-01 6.772000e-03 2.273520e-01
163 7.646480e-01 6.760000e-03 2.285920e-01
164 7.634640e-01 6.616000e-03 2.299200e-01
165 7.623880e-01 6.536000e-03 2.310760e-01
166 7.614320e-01 6.364000e-03 2.322040e-01
167 7.604640e-01 6.144000e-03 2.333920e-01
168 7.596360e-01 6.012000e-03 2.343520e-01
169 7.587320e-01 5.792000e-03 2.354760e-01
170 7.578360e-01 5.692000e-03 2.364720e-01
171 7.569000e-01 5.692000e-03 2.374080e-01
172 7.557960e-01 5.792000e-03 2.384120e-01
173 7.547000e-01 5.880000e-03 2.394200e-01
174 7.537040e-01 5.716000e-03 2.405800e-01
175 7.527200e-01 5.696000e-03 2.415840e-01
176 7.517200e-01 5.672000e-03 2.426080e-01
177 7.506480e-01 5.820000e-03 2.435320e-01
178 7.496320e-01 5.772000e-03 2.445960e-01
179 7.485320e-01 5.896000e-03 2.455720e-01
180 7.474480e-01 5.840000e-03 2.467120e-01
181 7.465680e-01 5.720000e-03 2.477120e-01
182 7.457320e-01 5.540000e-03 2.487280e-01
183 7.448920e-01 5.368000e-03 2.497400e-01
184 7.439000e-01 5.548000e-03 2.505520e-01
185 7.429120e-01 5.488000e-03 2.516000e-01
186 7.419080e-01 5.516000e-03 2.525760e-01
187 7.410440e-01 5.476000e-03 2.534800e-01
188 7.400880e-01 5.468000e-03 2.544440e-01
189 7.391960e-01 5.416000e-03 2.553880e-01
190 7.382840e-01 5.376000e-03 2.563400e-01
191 7.372880e-01 5.480000e-03 2.572320e-01
192 7.362120e-01 5.536000e-03 2.582520e-01
193 7.351160e-01 5.704000e-03 2.591800e-01
194 7.341080e-01 5.672000e-03 2.602200e-01
195 7.330760e-01 5.624000e-03 2.613000e-01
196 7.319880e-01 5.864000e-03 2.621480e-01
197 7.309920e-01 5.780000e-03 2.632280e-01
198 7.300280e-01 5.788000e-03 2.641840e-01
199 7.291320e-01 5.652000e-03 2.652160e-01
200 7.282160e-01 5.620000e-03 2.661640e-01
201 7.272360e-01 5.664000e-03 2.671000e-01
202 7.264000e-01 5.544000e-03 2.680560e-01
203 7.255000e-01 5.428000e-03 2.690720e-01
204 7.244920e-01 5.444000e-03 2.700640e-01
205 7.235000e-01 5.476000e-03 2.710240e-01
206 7.226800e-01 5.420000e-03 2.719000e-01
207 7.217640e-01 5.344000e-03 2.728920e-01
208 7.209200e-01 5.248000e-03 2.738320e-01
209 7.200400e-01 5.300000e-03 2.746600e-01
210 7.191360e-01 5.272000e-03 2.755920e-01
211 7.182360e-01 5.304000e-03 2.764600e-01
212 7.173480e-01 5.296000e-03 2.773560e-01
213 7.164000e-01 5.320000e-03 2.782800e-01
214 7.155840e-01 5.276000e-03 2.791400e-01
215 7.147560e-01 5.164000e-03 2.800800e-01
216 7.139960e-01 5.028000e-03 2.809760e-01
217 7.131400e-01 5.036000e-03 2.818240e-01
218 7.123720e-01 4.912000e-03 2.827160e-01
219 7.116600e-01 4.732000e-03 2.836080e-01
220 7.109440e-01 4.600000e-03 2.844560e-01
221 7.101120e-01 4.628000e-03 2.852600e-01
222 7.093680e-01 4.488000e-03 2.861440e-01
223 7.085920e-01 4.376000e-03 2.870320e-01
224 7.079000e-01 4.300000e-03 2.878000e-01
225 7.071200e-01 4.332000e-03 2.885480e-01
226 7.064280e-01 4.316000e-03 2.892560e-01
227 7.056200e-01 4.308000e-03 2.900720e-01
228 7.049240e-01 4.296000e-03 2.907800e-01
229 7.041040e-01 4.440000e-03 2.914560e-01
230 7.032160e-01 4.564000e-03 2.922200e-01
231 7.023200e-01 4.620000e-03 2.930600e-01
232 7.014840e-01 4.660000e-03 2.938560e-01
233 7.006160e-01 4.652000e-03 2.947320e-01
234 6.997520e-01 4.684000e-03 2.955640e-01
235 6.988800e-01 4.708000e-03 2.964120e-01
236 6.980680e-01 4.804000e-03 2.971280e-01
237 6.972800e-01 4.788000e-03 2.979320e-01
238 6.964160e-01 4.816000e-03 2.987680e-01
239 6.956520e-01 4.676000e-03 2.996720e-01
240 6.948200e-01 4.820000e-03 3.003600e-01
241 6.938880e-01 4.880000e-03 3.012320e-01
242 6.930160e-01 4.784000e-03 3.022000e-01
243 6.922680e-01 4.668000e-03 3.030640e-01
244 6.916080e-01 4.500000e-03 3.038920e-01
245 6.908920e-01 4.544000e-03 3.045640e-01
246 6.900880e-01 4.588000e-03 3.053240e-01
247 6.893600e-01 4.468000e-03 3.061720e-01
248 6.885920e-01 4.488000e-03 3.069200e-01
249 6.878680e-01 4.512000e-03 3.076200e-01
250 6.870920e-01 4.520000e-03 3.083880e-01
251 6.862840e-01 4.588000e-03 3.091280e-01
252 6.855800e-01 4.540000e-03 3.098800e-01
253 6.847400e-01 4.624000e-03 3.106360e-01
254 6.841000e-01 4.504000e-03 3.113960e-01
255 6.834160e-01 4.448000e-03 3.121360e-01
256 6.827600e-01 4.292000e-03 3.129480e-01
257 6.820920e-01 4.256000e-03 3.136520e-01
258 6.813960e-01 4.128000e-03 3.144760e-01
259 6.807280e-01 4.072000e-03 3.152000e-01
260 6.800760e-01 4.088000e-03 3.158360e-01
261 6.794120e-01 4.100000e-03 3.164880e-01
262 6.786840e-01 4.104000e-03 3.172120e-01
263 6.779600e-01 4.148000e-03 3.178920e-01
264 6.773160e-01 4.120000e-03 3.185640e-01
265 6.766720e-01 4.092000e-03 3.192360e-01
266 6.760160e-01 4.056000e-03 3.199280e-01
267 6.754680e-01 3.800000e-03 3.207320e-01
268 6.749040e-01 3.688000e-03 3.214080e-01
269 6.742760e-01 3.740000e-03 3.219840e-01
270 6.736320e-01 3.752000e-03 3.226160e-01
271 6.730360e-01 3.704000e-03 3.232600e-01
272 6.724680e-01 3.656000e-03 3.238760e-01
273 6.718000e-01 3.720000e-03 3.244800e-01
274 6.712040e-01 3.732000e-03 3.250640e-01
275 6.705760e-01 3.748000e-03 3.256760e-01
276 6.699720e-01 3.724000e-03 3.263040e-01
277 6.694640e-01 3.568000e-03 3.269680e-01
278 6.689000e-01 3.544000e-03 3.275560e-01
279 6.683720e-01 3.472000e-03 3.281560e-01
280 6.677520e-01 3.480000e-03 3.287680e-01
281 6.671520e-01 3.448000e-03 3.294000e-01
282 6.664920e-01 3.444000e-03 3.300640e-01
283 6.658000e-01 3.540000e-03 3.306600e-01
284 6.652520e-01 3.456000e-03 3.312920e-01
285 6.647280e-01 3.420000e-03 3.318520e-01
286 6.641760e-01 3.412000e-03 3.324120e-01
287 6.636000e-01 3.456000e-03 3.329440e-01
288 6.629760e-01 3.400000e-03 3.336240e-01
289 6.624240e-01 3.296000e-03 3.342800e-01
290 6.619000e-01 3.216000e-03 3.348840e-01
291 6.612880e-01 3.260000e-03 3.354520e-01
292 6.607720e-01 3.156000e-03 3.360720e-01
293 6.601760e-01 3.200000e-03 3.366240e-01
294 6.596280e-01 3.200000e-03 3.371720e-01
295 6.591720e-01 3.044000e-03 3.377840e-01
296 6.586320e-01 3.108000e-03 3.382600e-01
297 6.581600e-01 3.060000e-03 3.387800e-01
298 6.576400e-01 3.112000e-03 3.392480e-01
299 6.571520e-01 3.004000e-03 3.398440e-01
300 6.566640e-01 2.972000e-03 3.403640e-01
301 6.562000e-01 2.924000e-03 3.408760e-01
302 6.556920e-01 2.940000e-03 3.413680e-01
303 6.552520e-01 2.916000e-03 3.418320e-01
304 6.546480e-01 2.988000e-03 3.423640e-01
305 6.541360e-01 3.020000e-03 3.428440e-01
306 6.535640e-01 3.044000e-03 3.433920e-01
307 6.531680e-01 2.888000e-03 3.439440e-01
308 6.527200e-01 2.804000e-03 3.444760e-01
309 6.521600e-01 2.884000e-03 3.449560e-01
310 6.515600e-01 3.008000e-03 3.454320e-01
311 6.510840e-01 3.044000e-03 3.458720e-01
312 6.505800e-01 2.992000e-03 3.464280e-01
313 6.501360e-01 2.948000e-03 3.469160e-01
314 6.497040e-01 2.824000e-03 3.474720e-01
315 6.492680e-01 2.768000e-03 3.479640e-01
316 6.488160e-01 2.788000e-03 3.483960e-01
317 6.483920e-01 2.760000e-03 3.488480e-01
318 6.479440e-01 2.704000e-03 3.493520e-01
319 6.475160e-01 2.692000e-03 3.497920e-01
320 6.470000e-01 2.724000e-03 3.502760e-01
321 6.466760e-01 2.588000e-03 3.507360e-01
322 6.463240e-01 2.540000e-03 3.511360e-01
323 6.459960e-01 2.436000e-03 3.515680e-01
324 6.457000e-01 2.264000e-03 3.520360e-01
325 6.453520e-01 2.252000e-03 3.523960e-01
326 6.450360e-01 2.160000e-03 3.528040e-01
327 6.446400e-01 2.204000e-03 3.531560e-01
328 6.442400e-01 2.272000e-03 3.534880e-01
329 6.438160e-01 2.252000e-03 3.539320e-01
330 6.434080e-01 2.240000e-03 3.543520e-01
331 6.430400e-01 2.248000e-03 3.547120e-01
332 6.426480e-01 2.244000e-03 3.551080e-01
333 6.422600e-01 2.192000e-03 3.555480e-01
334 6.418280e-01 2.256000e-03 3.559160e-01
335 6.414040e-01 2.368000e-03 3.562280e-01
336 6.411280e-01 2.224000e-03 3.566480e-01
337 6.407280e-01 2.200000e-03 3.570720e-01
338 6.402520e-01 2.296000e-03 3.574520e-01
339 6.398680e-01 2.264000e-03 3.578680e-01
340 6.394480e-01 2.316000e-03 3.582360e-01
341 6.389560e-01 2.464000e-03 3.585800e-01
342 6.384960e-01 2.484000e-03 3.590200e-01
343 6.380040e-01 2.540000e-03 3.594560e-01
344 6.375160e-01 2.612000e-03 3.598720e-01
345 6.370880e-01 2.608000e-03 3.603040e-01
346 6.365920e-01 2.668000e-03 3.607400e-01
347 6.362040e-01 2.604000e-03 3.611920e-01
348 6.357200e-01 2.616000e-03 3.616640e-01
349 6.352960e-01 2.528000e-03 3.621760e-01
350 6.349000e-01 2.468000e-03 3.626320e-01
351 6.345200e-01 2.480000e-03 3.630000e-01
352 6.341760e-01 2.364000e-03 3.634600e-01
353 6.336880e-01 2.420000e-03 3.638920e-01
354 6.333400e-01 2.400000e-03 3.642600e-01
355 6.329400e-01 2.296000e-03 3.647640e-01
356 6.325880e-01 2.348000e-03 3.650640e-01
357 6.322080e-01 2.332000e-03 3.654600e-01
358 6.318400e-01 2.320000e-03 3.658400e-01
359 6.314560e-01 2.268000e-03 3.662760e-01
360 6.310600e-01 2.288000e-03 3.666520e-01
361 6.307080e-01 2.228000e-03 3.670640e-01
362 6.304160e-01 2.172000e-03 3.674120e-01
363 6.300520e-01 2.180000e-03 3.677680e-01
364 6.296560e-01 2.152000e-03 3.681920e-01
365 6.293120e-01 2.124000e-03 3.685640e-01
366 6.289560e-01 2.144000e-03 3.689000e-01
367 6.286720e-01 2.036000e-03 3.692920e-01
368 6.283760e-01 2.000000e-03 3.696240e-01
369 6.280200e-01 1.952000e-03 3.700280e-01
370 6.277800e-01 1.880000e-03 3.703400e-01
371 6.274680e-01 1.908000e-03 3.706240e-01
372 6.271840e-01 1.872000e-03 3.709440e-01
373 6.268800e-01 1.832000e-03 3.712880e-01
374 6.265960e-01 1.776000e-03 3.716280e-01
375 6.262760e-01 1.792000e-03 3.719320e-01
376 6.259280e-01 1.828000e-03 3.722440e-01
377 6.255960e-01 1.832000e-03 3.725720e-01
378 6.253280e-01 1.832000e-03 3.728400e-01
379 6.250080e-01 1.860000e-03 3.731320e-01
380 6.247080e-01 1.864000e-03 3.734280e-01
381 6.244040e-01 1.848000e-03 3.737480e-01
382 6.241320e-01 1.780000e-03 3.740880e-01
383 6.238360e-01 1.808000e-03 3.743560e-01
384 6.236240e-01 1.736000e-03 3.746400e-01
385 6.234000e-01 1.664000e-03 3.749360e-01
386 6.231120e-01 1.672000e-03 3.752160e-01
387 6.227840e-01 1.772000e-03 3.754440e-01
388 6.224360e-01 1.808000e-03 3.757560e-01
389 6.221080e-01 1.824000e-03 3.760680e-01
390 6.217760e-01 1.804000e-03 3.764200e-01
391 6.214320e-01 1.796000e-03 3.767720e-01
392 6.211680e-01 1.748000e-03 3.770840e-01
393 6.209120e-01 1.668000e-03 3.774200e-01
394 6.206320e-01 1.684000e-03 3.776840e-01
395 6.203600e-01 1.620000e-03 3.780200e-01
396 6.201120e-01 1.580000e-03 3.783080e-01
397 6.198480e-01 1.608000e-03 3.785440e-01
398 6.194920e-01 1.640000e-03 3.788680e-01
399 6.191760e-01 1.676000e-03 3.791480e-01
400 6.188920e-01 1.688000e-03 3.794200e-01
401 6.186480e-01 1.640000e-03 3.797120e-01
402 6.183360e-01 1.644000e-03 3.800200e-01
403 6.181000e-01 1.592000e-03 3.803080e-01
404 6.178440e-01 1.528000e-03 3.806280e-01
405 6.175720e-01 1.540000e-03 3.808880e-01
406 6.173040e-01 1.524000e-03 3.811720e-01
407 6.170160e-01 1.512000e-03 3.814720e-01
408 6.167080e-01 1.556000e-03 3.817360e-01
409 6.164800e-01 1.520000e-03 3.820000e-01
410 6.162240e-01 1.544000e-03 3.822320e-01
411 6.159760e-01 1.508000e-03 3.825160e-01
412 6.157400e-01 1.464000e-03 3.827960e-01
413 6.154160e-01 1.508000e-03 3.830760e-01
414 6.151680e-01 1.520000e-03 3.833120e-01
415 6.149000e-01 1.488000e-03 3.836120e-01
416 6.146520e-01 1.456000e-03 3.838920e-01
417 6.143720e-01 1.512000e-03 3.841160e-01
418 6.140560e-01 1.564000e-03 3.843800e-01
419 6.138280e-01 1.504000e-03 3.846680e-01
420 6.135560e-01 1.500000e-03 3.849440e-01
421 6.132800e-01 1.520000e-03 3.852000e-01
422 6.130080e-01 1.512000e-03 3.854800e-01
423 6.127000e-01 1.572000e-03 3.857280e-01
424 6.122840e-01 1.700000e-03 3.860160e-01
425 6.120480e-01 1.636000e-03 3.863160e-01
426 6.117800e-01 1.552000e-03 3.866680e-01
427 6.115400e-01 1.532000e-03 3.869280e-01
428 6.112840e-01 1.544000e-03 3.871720e-01
429 6.109560e-01 1.604000e-03 3.874400e-01
430 6.107240e-01 1.536000e-03 3.877400e-01
431 6.104440e-01 1.524000e-03 3.880320e-01
432 6.102000e-01 1.488000e-03 3.883120e-01
433 6.099400e-01 1.472000e-03 3.885880e-01
434 6.097240e-01 1.464000e-03 3.888120e-01
435 6.095200e-01 1.368000e-03 3.891120e-01
436 6.093760e-01 1.276000e-03 3.893480e-01
437 6.091320e-01 1.308000e-03 3.895600e-01
438 6.089760e-01 1.284000e-03 3.897400e-01
439 6.088520e-01 1.176000e-03 3.899720e-01
440 6.086760e-01 1.168000e-03 3.901560e-01
441 6.084680e-01 1.176000e-03 3.903560e-01
442 6.083000e-01 1.144000e-03 3.905560e-01
443 6.081480e-01 1.132000e-03 3.907200e-01
444 6.079360e-01 1.128000e-03 3.909360e-01
445 6.077560e-01 1.092000e-03 3.911520e-01
446 6.076240e-01 1.016000e-03 3.913600e-01
447 6.074640e-01 1.016000e-03 3.915200e-01
448 6.072920e-01 9.760000e-04 3.917320e-01
449 6.071600e-01 9.800000e-04 3.918600e-01
450 6.070320e-01 9.360000e-04 3.920320e-01
451 6.069200e-01 9.000000e-04 3.921800e-01
452 6.067880e-01 8.880000e-04 3.923240e-01
453 6.066320e-01 8.800000e-04 3.924880e-01
454 6.065280e-01 8.440000e-04 3.926280e-01
455 6.063880e-01 8.760000e-04 3.927360e-01
456 6.062160e-01 8.400000e-04 3.929440e-01
457 6.060640e-01 8.840000e-04 3.930520e-01
458 6.059240e-01 9.000000e-04 3.931760e-01
459 6.057880e-01 9.120000e-04 3.933000e-01
460 6.056040e-01 9.320000e-04 3.934640e-01
461 6.054640e-01 9.200000e-04 3.936160e-01
462 6.052760e-01 9.600000e-04 3.937640e-01
463 6.051400e-01 9.920000e-04 3.938680e-01
464 6.049920e-01 9.880000e-04 3.940200e-01
465 6.048480e-01 9.600000e-04 3.941920e-01
466 6.047240e-01 8.960000e-04 3.943800e-01
467 6.046240e-01 8.120000e-04 3.945640e-01
468 6.044760e-01 8.120000e-04 3.947120e-01
469 6.043600e-01 7.800000e-04 3.948600e-01
470 6.042240e-01 7.840000e-04 3.949920e-01
471 6.040160e-01 8.560000e-04 3.951280e-01
472 6.038840e-01 8.080000e-04 3.953080e-01
473 6.037040e-01 8.360000e-04 3.954600e-01
474 6.035920e-01 7.920000e-04 3.956160e-01
475 6.034840e-01 7.880000e-04 3.957280e-01
476 6.033800e-01 7.440000e-04 3.958760e-01
477 6.032120e-01 7.600000e-04 3.960280e-01
478 6.030520e-01 7.760000e-04 3.961720e-01
479 6.029200e-01 7.520000e-04 3.963280e-01
480 6.027680e-01 7.320000e-04 3.965000e-01
481 6.026160e-01 7.760000e-04 3.966080e-01
482 6.025200e-01 7.600000e-04 3.967200e-01
483 6.024320e-01 7.160000e-04 3.968520e-01
484 6.023320e-01 6.760000e-04 3.969920e-01
485 6.022480e-01 6.600000e-04 3.970920e-01
486 6.021320e-01 6.800000e-04 3.971880e-01
487 6.020320e-01 6.840000e-04 3.972840e-01
488 6.019520e-01 6.680000e-04 3.973800e-01
489 6.018400e-01 6.600000e-04 3.975000e-01
490 6.017320e-01 6.640000e-04 3.976040e-01
491 6.016480e-01 6.560000e-04 3.976960e-01
492 6.015720e-01 6.360000e-04 3.977920e-01
493 6.015000e-01 6.280000e-04 3.978720e-01
494 6.013600e-01 6.520000e-04 3.979880e-01
495 6.012680e-01 6.560000e-04 3.980760e-01
496 6.011640e-01 6.360000e-04 3.982000e-01
497 6.010880e-01 6.040000e-04 3.983080e-01
498 6.009880e-01 5.920000e-04 3.984200e-01
499 6.008880e-01 5.560000e-04 3.985560e-01
500 6.008120e-01 5.280000e-04 3.986600e-01
