1 9.992720e-01 5.880000e-04 1.400000e-04
2 9.988200e-01 9.120000e-04 2.680000e-04
3 9.982800e-01 1.264000e-03 4.560000e-04
4 9.976280e-01 1.640000e-03 7.320000e-04
5 9.969600e-01 1.992000e-03 1.048000e-03
6 9.962320e-01 2.320000e-03 1.448000e-03
7 9.953800e-01 2.768000e-03 1.852000e-03
8 9.945320e-01 3.064000e-03 2.404000e-03
9 9.936760e-01 3.336000e-03 2.988000e-03
10 9.927440e-01 3.700000e-03 3.556000e-03
11 9.917600e-01 4.016000e-03 4.224000e-03
12 9.906680e-01 4.388000e-03 4.944000e-03
13 9.896040e-01 4.712000e-03 5.684000e-03
14 9.884720e-01 4.960000e-03 6.568000e-03
15 9.872640e-01 5.324000e-03 7.412000e-03
16 9.861040e-01 5.488000e-03 8.408000e-03
17 9.849680e-01 5.656000e-03 9.376000e-03
18 9.837360e-01 5.848000e-03 1.041600e-02
19 9.826080e-01 5.896000e-03 1.149600e-02
20 9.813240e-01 6.156000e-03 1.252000e-02
21 9.800360e-01 6.340000e-03 1.362400e-02
22 9.787920e-01 6.392000e-03 1.481600e-02
23 9.774600e-01 6.700000e-03 1.584000e-02
24 9.760280e-01 6.936000e-03 1.703600e-02
25 9.747720e-01 6.948000e-03 1.828000e-02
26 9.735040e-01 7.020000e-03 1.947600e-02
27 9.722400e-01 7.028000e-03 2.073200e-02
28 9.709480e-01 7.064000e-03 2.198800e-02
29 9.695120e-01 7.280000e-03 2.320800e-02
30 9.681960e-01 7.296000e-03 2.450800e-02
31 9.668760e-01 7.308000e-03 2.581600e-02
32 9.654560e-01 7.476000e-03 2.706800e-02
33 9.639600e-01 7.724000e-03 2.831600e-02
34 9.623400e-01 8.108000e-03 2.955200e-02
35 9.609160e-01 8.204000e-03 3.088000e-02
36 9.594240e-01 8.260000e-03 3.231600e-02
37 9.579280e-01 8.176000e-03 3.389600e-02
38 9.564840e-01 8.176000e-03 3.534000e-02
39 9.550000e-01 8.252000e-03 3.674800e-02
40 9.534440e-01 8.308000e-03 3.824800e-02
41 9.518920e-01 8.392000e-03 3.971600e-02
42 9.503520e-01 8.556000e-03 4.109200e-02
43 9.488400e-01 8.412000e-03 4.274800e-02
44 9.473240e-01 8.452000e-03 4.422400e-02
45 9.458320e-01 8.444000e-03 4.572400e-02
46 9.443840e-01 8.488000e-03 4.712800e-02
47 9.429360e-01 8.412000e-03 4.865200e-02
48 9.413320e-01 8.540000e-03 5.012800e-02
49 9.397480e-01 8.716000e-03 5.153600e-02
50 9.383080e-01 8.736000e-03 5.295600e-02
51 9.367160e-01 8.880000e-03 5.440400e-02
52 9.350880e-01 9.072000e-03 5.584000e-02
53 9.334800e-01 9.188000e-03 5.733200e-02
54 9.319920e-01 9.052000e-03 5.895600e-02
55 9.304520e-01 8.792000e-03 6.075600e-02
56 9.290360e-01 8.732000e-03 6.223200e-02
57 9.273760e-01 8.744000e-03 6.388000e-02
58 9.258960e-01 8.612000e-03 6.549200e-02
59 9.242840e-01 8.664000e-03 6.705200e-02
60 9.227200e-01 8.660000e-03 6.862000e-02
61 9.212240e-01 8.508000e-03 7.026800e-02
62 9.196960e-01 8.556000e-03 7.174800e-02
63 9.182160e-01 8.520000e-03 7.326400e-02
64 9.167680e-01 8.544000e-03 7.468800e-02
65 9.151560e-01 8.664000e-03 7.618000e-02
66 9.134880e-01 8.796000e-03 7.771600e-02
67 9.119600e-01 8.816000e-03 7.922400e-02
68 9.103960e-01 8.824000e-03 8.078000e-02
69 9.089720e-01 8.756000e-03 8.227200e-02
70 9.073360e-01 8.908000e-03 8.375600e-02
71 9.056560e-01 9.092000e-03 8.525200e-02
72 9.042200e-01 8.940000e-03 8.684000e-02
73 9.027960e-01 8.820000e-03 8.838400e-02
74 9.012600e-01 8.716000e-03 9.002400e-02
75 8.997000e-01 8.788000e-03 9.151200e-02
76 8.981440e-01 8.828000e-03 9.302800e-02
77 8.965160e-01 9.032000e-03 9.445200e-02
78 8.950400e-01 8.988000e-03 9.597200e-02
79 8.936800e-01 8.716000e-03 9.760400e-02
80 8.921720e-01 8.828000e-03 9.900000e-02
81 8.907480e-01 8.712000e-03 1.005400e-01
82 8.893360e-01 8.580000e-03 1.020840e-01
83 8.880640e-01 8.384000e-03 1.035520e-01
84 8.867200e-01 8.196000e-03 1.050840e-01
85 8.854160e-01 7.984000e-03 1.066000e-01
86 8.840920e-01 7.992000e-03 1.079160e-01
87 8.828160e-01 7.800000e-03 1.093840e-01
88 8.815560e-01 7.740000e-03 1.107040e-01
89 8.803200e-01 7.676000e-03 1.120040e-01
90 8.791080e-01 7.468000e-03 1.134240e-01
91 8.777840e-01 7.396000e-03 1.148200e-01
92 8.764200e-01 7.524000e-03 1.160560e-01
93 8.750600e-01 7.508000e-03 1.174320e-01
94 8.737880e-01 7.440000e-03 1.187720e-01
95 8.726120e-01 7.256000e-03 1.201320e-01
96 8.713160e-01 7.348000e-03 1.213360e-01
97 8.700600e-01 7.336000e-03 1.226040e-01
98 8.687760e-01 7.320000e-03 1.239040e-01
99 8.673280e-01 7.508000e-03 1.251640e-01
100 8.659880e-01 7.444000e-03 1.265680e-01
101 8.647320e-01 7.420000e-03 1.278480e-01
102 8.633640e-01 7.500000e-03 1.291360e-01
103 8.618640e-01 7.572000e-03 1.305640e-01
104 8.604920e-01 7.580000e-03 1.319280e-01
105 8.591680e-01 7.516000e-03 1.333160e-01
106 8.578520e-01 7.488000e-03 1.346600e-01
107 8.564800e-01 7.600000e-03 1.359200e-01
108 8.551800e-01 7.556000e-03 1.372640e-01
109 8.537880e-01 7.528000e-03 1.386840e-01
110 8.523800e-01 7.712000e-03 1.399080e-01
111 8.510160e-01 7.808000e-03 1.411760e-01
112 8.495520e-01 8.028000e-03 1.424200e-01
113 8.482680e-01 7.872000e-03 1.438600e-01
114 8.467800e-01 8.040000e-03 1.451800e-01
115 8.454040e-01 7.956000e-03 1.466400e-01
116 8.439560e-01 7.920000e-03 1.481240e-01
117 8.425240e-01 8.100000e-03 1.493760e-01
118 8.409640e-01 8.168000e-03 1.508680e-01
119 8.395160e-01 8.248000e-03 1.522360e-01
120 8.380440e-01 8.144000e-03 1.538120e-01
121 8.364600e-01 8.348000e-03 1.551920e-01
122 8.350080e-01 8.360000e-03 1.566320e-01
123 8.335000e-01 8.476000e-03 1.580240e-01
124 8.321120e-01 8.268000e-03 1.596200e-01
125 8.307480e-01 8.272000e-03 1.609800e-01
126 8.293280e-01 8.272000e-03 1.624000e-01
127 8.278840e-01 8.300000e-03 1.638160e-01
128 8.263920e-01 8.352000e-03 1.652560e-01
129 8.249440e-01 8.288000e-03 1.667680e-01
130 8.234640e-01 8.236000e-03 1.683000e-01
131 8.219680e-01 8.360000e-03 1.696720e-01
132 8.206720e-01 8.264000e-03 1.710640e-01
133 8.192080e-01 8.276000e-03 1.725160e-01
134 8.178360e-01 8.180000e-03 1.739840e-01
135 8.164160e-01 8.160000e-03 1.754240e-01
136 8.149800e-01 8.324000e-03 1.766960e-01
137 8.134240e-01 8.448000e-03 1.781280e-01
138 8.119240e-01 8.460000e-03 1.796160e-01
139 8.101960e-01 8.736000e-03 1.810680e-01
140 8.087520e-01 8.516000e-03 1.827320e-01
141 8.072440e-01 8.640000e-03 1.841160e-01
142 8.058400e-01 8.488000e-03 1.856720e-01
143 8.044520e-01 8.348000e-03 1.872000e-01
144 8.028320e-01 8.588000e-03 1.885800e-01
145 8.013440e-01 8.496000e-03 1.901600e-01
146 7.997280e-01 8.608000e-03 1.916640e-01
147 7.982040e-01 8.576000e-03 1.932200e-01
148 7.967920e-01 8.512000e-03 1.946960e-01
149 7.952120e-01 8.496000e-03 1.962920e-01
150 7.937320e-01 8.524000e-03 1.977440e-01
151 7.922880e-01 8.492000e-03 1.992200e-01
152 7.908320e-01 8.464000e-03 2.007040e-01
153 7.893920e-01 8.412000e-03 2.021960e-01
154 7.881200e-01 8.236000e-03 2.036440e-01
155 7.866040e-01 8.284000e-03 2.051120e-01
156 7.850040e-01 8.496000e-03 2.065000e-01
157 7.835640e-01 8.508000e-03 2.079280e-01
158 7.821880e-01 8.472000e-03 2.093400e-01
159 7.808120e-01 8.328000e-03 2.108600e-01
160 7.793720e-01 8.320000e-03 2.123080e-01
161 7.779840e-01 8.264000e-03 2.137520e-01
162 7.764520e-01 8.360000e-03 2.151880e-01
163 7.751800e-01 8.156000e-03 2.166640e-01
164 7.737840e-01 8.164000e-03 2.180520e-01
165 7.724560e-01 8.076000e-03 2.194680e-01
166 7.712520e-01 7.884000e-03 2.208640e-01
167 7.700480e-01 7.708000e-03 2.222440e-01
168 7.688240e-01 7.584000e-03 2.235920e-01
169 7.675880e-01 7.524000e-03 2.248880e-01
170 7.663320e-01 7.480000e-03 2.261880e-01
171 7.652440e-01 7.240000e-03 2.275160e-01
172 7.640560e-01 7.216000e-03 2.287280e-01
173 7.628440e-01 7.104000e-03 2.300520e-01
174 7.617440e-01 6.856000e-03 2.314000e-01
175 7.606480e-01 6.724000e-03 2.326280e-01
176 7.595400e-01 6.648000e-03 2.338120e-01
177 7.584560e-01 6.624000e-03 2.349200e-01
178 7.574240e-01 6.452000e-03 2.361240e-01
179 7.564400e-01 6.304000e-03 2.372560e-01
180 7.553600e-01 6.352000e-03 2.382880e-01
181 7.543960e-01 6.188000e-03 2.394160e-01
182 7.533200e-01 6.064000e-03 2.406160e-01
183 7.522280e-01 6.028000e-03 2.417440e-01
184 7.512240e-01 5.984000e-03 2.427920e-01
185 7.500880e-01 6.012000e-03 2.439000e-01
186 7.491800e-01 5.816000e-03 2.450040e-01
187 7.482520e-01 5.868000e-03 2.458800e-01
188 7.471920e-01 5.944000e-03 2.468640e-01
189 7.461320e-01 5.952000e-03 2.479160e-01
190 7.451040e-01 6.000000e-03 2.488960e-01
191 7.441280e-01 5.936000e-03 2.499360e-01
192 7.432080e-01 5.740000e-03 2.510520e-01
193 7.421760e-01 5.788000e-03 2.520360e-01
194 7.411960e-01 5.780000e-03 2.530240e-01
195 7.400360e-01 5.944000e-03 2.540200e-01
196 7.390640e-01 5.780000e-03 2.551560e-01
197 7.380360e-01 5.876000e-03 2.560880e-01
198 7.370080e-01 5.884000e-03 2.571080e-01
199 7.360160e-01 5.812000e-03 2.581720e-01
200 7.350600e-01 5.816000e-03 2.591240e-01
201 7.340520e-01 5.808000e-03 2.601400e-01
202 7.332400e-01 5.616000e-03 2.611440e-01
203 7.323920e-01 5.404000e-03 2.622040e-01
204 7.315120e-01 5.324000e-03 2.631640e-01
205 7.307880e-01 5.188000e-03 2.640240e-01
206 7.299640e-01 5.080000e-03 2.649560e-01
207 7.291640e-01 5.004000e-03 2.658320e-01
208 7.284000e-01 4.992000e-03 2.666080e-01
209 7.275800e-01 4.876000e-03 2.675440e-01
210 7.269400e-01 4.612000e-03 2.684480e-01
211 7.261760e-01 4.612000e-03 2.692120e-01
212 7.253280e-01 4.544000e-03 2.701280e-01
213 7.246360e-01 4.344000e-03 2.710200e-01
214 7.239200e-01 4.356000e-03 2.717240e-01
215 7.230920e-01 4.420000e-03 2.724880e-01
216 7.223080e-01 4.352000e-03 2.733400e-01
217 7.214960e-01 4.360000e-03 2.741440e-01
218 7.207240e-01 4.304000e-03 2.749720e-01
219 7.199240e-01 4.376000e-03 2.757000e-01
220 7.192120e-01 4.368000e-03 2.764200e-01
221 7.183960e-01 4.404000e-03 2.772000e-01
222 7.176760e-01 4.444000e-03 2.778800e-01
223 7.169520e-01 4.384000e-03 2.786640e-01
224 7.163560e-01 4.280000e-03 2.793640e-01
225 7.156960e-01 4.212000e-03 2.800920e-01
226 7.150040e-01 4.156000e-03 2.808400e-01
227 7.144000e-01 4.124000e-03 2.814760e-01
228 7.137680e-01 4.088000e-03 2.821440e-01
229 7.131160e-01 4.108000e-03 2.827760e-01
230 7.124680e-01 4.040000e-03 2.834920e-01
231 7.116800e-01 4.140000e-03 2.841800e-01
232 7.109560e-01 4.164000e-03 2.848800e-01
233 7.104080e-01 3.972000e-03 2.856200e-01
234 7.097400e-01 3.884000e-03 2.863760e-01
235 7.091400e-01 3.828000e-03 2.870320e-01
236 7.084200e-01 3.916000e-03 2.876640e-01
237 7.078200e-01 3.876000e-03 2.883040e-01
238 7.071280e-01 3.876000e-03 2.889960e-01
239 7.064640e-01 3.836000e-03 2.897000e-01
240 7.058200e-01 3.880000e-03 2.903000e-01
241 7.051600e-01 3.832000e-03 2.910080e-01
242 7.044520e-01 3.916000e-03 2.916320e-01
243 7.037360e-01 3.968000e-03 2.922960e-01
244 7.030640e-01 3.960000e-03 2.929760e-01
245 7.024000e-01 4.012000e-03 2.935880e-01
246 7.017840e-01 3.944000e-03 2.942720e-01
247 7.010440e-01 3.948000e-03 2.950080e-01
248 7.003680e-01 3.932000e-03 2.957000e-01
249 6.996880e-01 3.932000e-03 2.963800e-01
250 6.989320e-01 4.028000e-03 2.970400e-01
251 6.982000e-01 4.048000e-03 2.977520e-01
252 6.974680e-01 4.040000e-03 2.984920e-01
253 6.968560e-01 3.996000e-03 2.991480e-01
254 6.961560e-01 3.996000e-03 2.998480e-01
255 6.953920e-01 4.060000e-03 3.005480e-01
256 6.945600e-01 4.240000e-03 3.012000e-01
257 6.938400e-01 4.208000e-03 3.019520e-01
258 6.931720e-01 4.204000e-03 3.026240e-01
259 6.924400e-01 4.236000e-03 3.033240e-01
260 6.917880e-01 4.096000e-03 3.041160e-01
261 6.911120e-01 4.048000e-03 3.048400e-01
262 6.903160e-01 4.064000e-03 3.056200e-01
263 6.896440e-01 4.088000e-03 3.062680e-01
264 6.890120e-01 4.044000e-03 3.069440e-01
265 6.883600e-01 4.084000e-03 3.075560e-01
266 6.877480e-01 3.988000e-03 3.082640e-01
267 6.870880e-01 3.992000e-03 3.089200e-01
268 6.864000e-01 3.988000e-03 3.096120e-01
269 6.855720e-01 4.092000e-03 3.103360e-01
270 6.849000e-01 3.960000e-03 3.111400e-01
271 6.842640e-01 3.864000e-03 3.118720e-01
272 6.836080e-01 3.816000e-03 3.125760e-01
273 6.829800e-01 3.844000e-03 3.131760e-01
274 6.823920e-01 3.724000e-03 3.138840e-01
275 6.817200e-01 3.756000e-03 3.145240e-01
276 6.810200e-01 3.880000e-03 3.151000e-01
277 6.804560e-01 3.792000e-03 3.157520e-01
278 6.798400e-01 3.760000e-03 3.164000e-01
279 6.792400e-01 3.672000e-03 3.170880e-01
280 6.787520e-01 3.564000e-03 3.176840e-01
281 6.781920e-01 3.440000e-03 3.183680e-01
282 6.776720e-01 3.356000e-03 3.189720e-01
283 6.770640e-01 3.340000e-03 3.195960e-01
284 6.764800e-01 3.444000e-03 3.200760e-01
285 6.759080e-01 3.388000e-03 3.207040e-01
286 6.753120e-01 3.368000e-03 3.213200e-01
287 6.747280e-01 3.384000e-03 3.218880e-01
288 6.741560e-01 3.384000e-03 3.224600e-01
289 6.736600e-01 3.348000e-03 3.229920e-01
290 6.730600e-01 3.368000e-03 3.235720e-01
291 6.726440e-01 3.232000e-03 3.241240e-01
292 6.721080e-01 3.280000e-03 3.246120e-01
293 6.716760e-01 3.152000e-03 3.251720e-01
294 6.712640e-01 3.028000e-03 3.257080e-01
295 6.708480e-01 2.956000e-03 3.261960e-01
296 6.704400e-01 2.872000e-03 3.266880e-01
297 6.700080e-01 2.764000e-03 3.272280e-01
298 6.695360e-01 2.704000e-03 3.277600e-01
299 6.690840e-01 2.688000e-03 3.282280e-01
300 6.686080e-01 2.660000e-03 3.287320e-01
301 6.680360e-01 2.756000e-03 3.292080e-01
302 6.675160e-01 2.772000e-03 3.297120e-01
303 6.669960e-01 2.700000e-03 3.303040e-01
304 6.665560e-01 2.652000e-03 3.307920e-01
305 6.661480e-01 2.672000e-03 3.311800e-01
306 6.657640e-01 2.600000e-03 3.316360e-01
307 6.653600e-01 2.584000e-03 3.320560e-01
308 6.649040e-01 2.536000e-03 3.325600e-01
309 6.644600e-01 2.548000e-03 3.329920e-01
310 6.640600e-01 2.508000e-03 3.334320e-01
311 6.636160e-01 2.516000e-03 3.338680e-01
312 6.631640e-01 2.468000e-03 3.343680e-01
313 6.627240e-01 2.552000e-03 3.347240e-01
314 6.623760e-01 2.528000e-03 3.350960e-01
315 6.619400e-01 2.556000e-03 3.355040e-01
316 6.614960e-01 2.524000e-03 3.359800e-01
317 6.610200e-01 2.588000e-03 3.363920e-01
318 6.605840e-01 2.544000e-03 3.368720e-01
319 6.602000e-01 2.512000e-03 3.372880e-01
320 6.598920e-01 2.476000e-03 3.376320e-01
321 6.595440e-01 2.384000e-03 3.380720e-01
322 6.592240e-01 2.268000e-03 3.385080e-01
323 6.588640e-01 2.292000e-03 3.388440e-01
324 6.584760e-01 2.276000e-03 3.392480e-01
325 6.580520e-01 2.252000e-03 3.396960e-01
326 6.577000e-01 2.192000e-03 3.401080e-01
327 6.573120e-01 2.204000e-03 3.404840e-01
328 6.568920e-01 2.248000e-03 3.408600e-01
329 6.565120e-01 2.236000e-03 3.412520e-01
330 6.561320e-01 2.232000e-03 3.416360e-01
331 6.557360e-01 2.304000e-03 3.419600e-01
332 6.553840e-01 2.320000e-03 3.422960e-01
333 6.550000e-01 2.332000e-03 3.426680e-01
334 6.546720e-01 2.292000e-03 3.430360e-01
335 6.542520e-01 2.344000e-03 3.434040e-01
336 6.538560e-01 2.292000e-03 3.438520e-01
337 6.533840e-01 2.348000e-03 3.442680e-01
338 6.530000e-01 2.284000e-03 3.447160e-01
339 6.526400e-01 2.304000e-03 3.450560e-01
340 6.522160e-01 2.352000e-03 3.454320e-01
341 6.518040e-01 2.408000e-03 3.457880e-01
342 6.514640e-01 2.364000e-03 3.461720e-01
343 6.510600e-01 2.372000e-03 3.465680e-01
344 6.506560e-01 2.316000e-03 3.470280e-01
345 6.502720e-01 2.280000e-03 3.474480e-01
346 6.499480e-01 2.188000e-03 3.478640e-01
347 6.495440e-01 2.208000e-03 3.482480e-01
348 6.491760e-01 2.188000e-03 3.486360e-01
349 6.488360e-01 2.144000e-03 3.490200e-01
350 6.485280e-01 2.148000e-03 3.493240e-01
351 6.482520e-01 2.076000e-03 3.496720e-01
352 6.478720e-01 2.116000e-03 3.500120e-01
353 6.475240e-01 2.060000e-03 3.504160e-01
354 6.472080e-01 1.996000e-03 3.507960e-01
355 6.468240e-01 1.992000e-03 3.511840e-01
356 6.465280e-01 1.944000e-03 3.515280e-01
357 6.462040e-01 1.888000e-03 3.519080e-01
358 6.459160e-01 1.852000e-03 3.522320e-01
359 6.455880e-01 1.876000e-03 3.525360e-01
360 6.452880e-01 1.848000e-03 3.528640e-01
361 6.449920e-01 1.844000e-03 3.531640e-01
362 6.447000e-01 1.872000e-03 3.534280e-01
363 6.443560e-01 1.932000e-03 3.537120e-01
364 6.439680e-01 2.000000e-03 3.540320e-01
365 6.436360e-01 1.980000e-03 3.543840e-01
366 6.433000e-01 1.940000e-03 3.547600e-01
367 6.430280e-01 1.888000e-03 3.550840e-01
368 6.427280e-01 1.876000e-03 3.553960e-01
369 6.425000e-01 1.752000e-03 3.557480e-01
370 6.423040e-01 1.664000e-03 3.560320e-01
371 6.421040e-01 1.604000e-03 3.562920e-01
372 6.419080e-01 1.512000e-03 3.565800e-01
373 6.416600e-01 1.472000e-03 3.568680e-01
374 6.414360e-01 1.396000e-03 3.571680e-01
375 6.411360e-01 1.488000e-03 3.573760e-01
376 6.409080e-01 1.436000e-03 3.576560e-01
377 6.406560e-01 1.460000e-03 3.578840e-01
378 6.403920e-01 1.468000e-03 3.581400e-01
379 6.401120e-01 1.492000e-03 3.583960e-01
380 6.398600e-01 1.544000e-03 3.585960e-01
381 6.396040e-01 1.568000e-03 3.588280e-01
382 6.392920e-01 1.628000e-03 3.590800e-01
383 6.389720e-01 1.660000e-03 3.593680e-01
384 6.386520e-01 1.708000e-03 3.596400e-01
385 6.384040e-01 1.664000e-03 3.599320e-01
386 6.381240e-01 1.696000e-03 3.601800e-01
387 6.378880e-01 1.632000e-03 3.604800e-01
388 6.376320e-01 1.580000e-03 3.607880e-01
389 6.374120e-01 1.580000e-03 3.610080e-01
390 6.371280e-01 1.568000e-03 3.613040e-01
391 6.368600e-01 1.528000e-03 3.616120e-01
392 6.365760e-01 1.576000e-03 3.618480e-01
393 6.363440e-01 1.488000e-03 3.621680e-01
394 6.361520e-01 1.428000e-03 3.624200e-01
395 6.359680e-01 1.352000e-03 3.626800e-01
396 6.358120e-01 1.288000e-03 3.629000e-01
397 6.356040e-01 1.268000e-03 3.631280e-01
398 6.354840e-01 1.168000e-03 3.633480e-01
399 6.352760e-01 1.188000e-03 3.635360e-01
400 6.350160e-01 1.216000e-03 3.637680e-01
401 6.348320e-01 1.236000e-03 3.639320e-01
402 6.346200e-01 1.228000e-03 3.641520e-01
403 6.343720e-01 1.280000e-03 3.643480e-01
404 6.341520e-01 1.300000e-03 3.645480e-01
405 6.339720e-01 1.276000e-03 3.647520e-01
406 6.337920e-01 1.228000e-03 3.649800e-01
407 6.335880e-01 1.268000e-03 3.651440e-01
408 6.333240e-01 1.280000e-03 3.653960e-01
409 6.331280e-01 1.216000e-03 3.656560e-01
410 6.329440e-01 1.180000e-03 3.658760e-01
411 6.327000e-01 1.224000e-03 3.660760e-01
412 6.325120e-01 1.168000e-03 3.663200e-01
413 6.322960e-01 1.172000e-03 3.665320e-01
414 6.320960e-01 1.140000e-03 3.667640e-01
415 6.319160e-01 1.116000e-03 3.669680e-01
416 6.317320e-01 1.108000e-03 3.671600e-01
417 6.315280e-01 1.136000e-03 3.673360e-01
418 6.313520e-01 1.124000e-03 3.675240e-01
419 6.311920e-01 1.096000e-03 3.677120e-01
420 6.310200e-01 1.060000e-03 3.679200e-01
421 6.308640e-01 1.032000e-03 3.681040e-01
422 6.306800e-01 1.032000e-03 3.682880e-01
423 6.305360e-01 1.000000e-03 3.684640e-01
424 6.304000e-01 9.800000e-04 3.686200e-01
425 6.302120e-01 9.840000e-04 3.688040e-01
426 6.300280e-01 1.024000e-03 3.689480e-01
427 6.298960e-01 9.680000e-04 3.691360e-01
428 6.297600e-01 9.000000e-04 3.693400e-01
429 6.296520e-01 8.520000e-04 3.694960e-01
430 6.295440e-01 7.960000e-04 3.696600e-01
431 6.293920e-01 7.920000e-04 3.698160e-01
432 6.292360e-01 8.120000e-04 3.699520e-01
433 6.291320e-01 8.080000e-04 3.700600e-01
434 6.290480e-01 7.040000e-04 3.702480e-01
435 6.289720e-01 6.840000e-04 3.703440e-01
436 6.288960e-01 6.760000e-04 3.704280e-01
437 6.288040e-01 6.440000e-04 3.705520e-01
438 6.287200e-01 6.320000e-04 3.706480e-01
439 6.286440e-01 5.840000e-04 3.707720e-01
440 6.285240e-01 6.040000e-04 3.708720e-01
441 6.284640e-01 5.720000e-04 3.709640e-01
442 6.283320e-01 6.240000e-04 3.710440e-01
443 6.282040e-01 6.440000e-04 3.711520e-01
444 6.281120e-01 6.040000e-04 3.712840e-01
445 6.280320e-01 5.920000e-04 3.713760e-01
446 6.279200e-01 5.920000e-04 3.714880e-01
447 6.278560e-01 5.680000e-04 3.715760e-01
448 6.277840e-01 5.440000e-04 3.716720e-01
449 6.276720e-01 6.000000e-04 3.717280e-01
450 6.275920e-01 5.720000e-04 3.718360e-01
451 6.274960e-01 5.720000e-04 3.719320e-01
452 6.273960e-01 5.600000e-04 3.720440e-01
453 6.272800e-01 5.880000e-04 3.721320e-01
454 6.271760e-01 5.680000e-04 3.722560e-01
455 6.270440e-01 5.960000e-04 3.723600e-01
456 6.269320e-01 5.800000e-04 3.724880e-01
457 6.268360e-01 5.400000e-04 3.726240e-01
458 6.267320e-01 5.320000e-04 3.727360e-01
459 6.266160e-01 5.360000e-04 3.728480e-01
460 6.265200e-01 5.320000e-04 3.729480e-01
461 6.264600e-01 4.760000e-04 3.730640e-01
462 6.263560e-01 5.080000e-04 3.731360e-01
463 6.263040e-01 4.480000e-04 3.732480e-01
464 6.262040e-01 4.880000e-04 3.733080e-01
465 6.261280e-01 4.960000e-04 3.733760e-01
466 6.260600e-01 4.760000e-04 3.734640e-01
467 6.259760e-01 4.680000e-04 3.735560e-01
468 6.258920e-01 4.840000e-04 3.736240e-01
469 6.257800e-01 5.320000e-04 3.736880e-01
470 6.256560e-01 5.480000e-04 3.737960e-01
471 6.255280e-01 5.920000e-04 3.738800e-01
472 6.253880e-01 6.720000e-04 3.739400e-01
473 6.253120e-01 6.560000e-04 3.740320e-01
474 6.252200e-01 6.680000e-04 3.741120e-01
475 6.250880e-01 6.680000e-04 3.742440e-01
476 6.249720e-01 6.640000e-04 3.743640e-01
477 6.248920e-01 6.560000e-04 3.744520e-01
478 6.247880e-01 6.560000e-04 3.745560e-01
479 6.246680e-01 6.520000e-04 3.746800e-01
480 6.245400e-01 6.880000e-04 3.747720e-01
481 6.244160e-01 6.560000e-04 3.749280e-01
482 6.242880e-01 6.360000e-04 3.750760e-01
483 6.242120e-01 6.360000e-04 3.751520e-01
484 6.241040e-01 6.160000e-04 3.752800e-01
485 6.239800e-01 6.080000e-04 3.754120e-01
486 6.238880e-01 6.200000e-04 3.754920e-01
487 6.238160e-01 5.840000e-04 3.756000e-01
488 6.237240e-01 5.880000e-04 3.756880e-01
489 6.236400e-01 6.000000e-04 3.757600e-01
490 6.235600e-01 5.720000e-04 3.758680e-01
491 6.234360e-01 6.080000e-04 3.759560e-01
492 6.233240e-01 6.360000e-04 3.760400e-01
493 6.232200e-01 6.080000e-04 3.761720e-01
494 6.231280e-01 5.880000e-04 3.762840e-01
495 6.230120e-01 5.800000e-04 3.764080e-01
496 6.229000e-01 5.920000e-04 3.765080e-01
497 6.227880e-01 5.720000e-04 3.766400e-01
498 6.227000e-01 5.760000e-04 3.767240e-01
499 6.225560e-01 6.000000e-04 3.768440e-01
500 6.224520e-01 6.200000e-04 3.769280e-01
