1 9.992240e-01 6.960000e-04 8.000000e-05
2 9.986760e-01 1.076000e-03 2.480000e-04
3 9.979080e-01 1.592000e-03 5.000000e-04
4 9.970760e-01 2.100000e-03 8.240000e-04
5 9.962360e-01 2.560000e-03 1.204000e-03
6 9.952600e-01 3.036000e-03 1.704000e-03
7 9.941560e-01 3.600000e-03 2.244000e-03
8 9.930840e-01 3.984000e-03 2.932000e-03
9 9.919440e-01 4.380000e-03 3.676000e-03
10 9.908120e-01 4.732000e-03 4.456000e-03
11 9.895920e-01 5.100000e-03 5.308000e-03
12 9.885800e-01 5.224000e-03 6.196000e-03
13 9.875160e-01 5.356000e-03 7.128000e-03
14 9.863880e-01 5.528000e-03 8.084000e-03
15 9.852440e-01 5.640000e-03 9.116000e-03
16 9.842960e-01 5.544000e-03 1.016000e-02
17 9.831680e-01 5.760000e-03 1.107200e-02
18 9.820640e-01 5.908000e-03 1.202800e-02
19 9.809480e-01 5.960000e-03 1.309200e-02
20 9.796880e-01 6.116000e-03 1.419600e-02
21 9.784440e-01 6.252000e-03 1.530400e-02
22 9.771400e-01 6.540000e-03 1.632000e-02
23 9.757280e-01 6.676000e-03 1.759600e-02
24 9.742960e-01 6.860000e-03 1.884400e-02
25 9.728840e-01 7.092000e-03 2.002400e-02
26 9.713800e-01 7.228000e-03 2.139200e-02
27 9.699160e-01 7.448000e-03 2.263600e-02
28 9.685600e-01 7.532000e-03 2.390800e-02
29 9.671440e-01 7.820000e-03 2.503600e-02
30 9.656400e-01 8.032000e-03 2.632800e-02
31 9.642560e-01 8.064000e-03 2.768000e-02
32 9.627000e-01 8.228000e-03 2.907200e-02
33 9.612840e-01 8.140000e-03 3.057600e-02
34 9.598880e-01 8.044000e-03 3.206800e-02
35 9.585960e-01 7.932000e-03 3.347200e-02
36 9.571480e-01 8.000000e-03 3.485200e-02
37 9.555760e-01 8.168000e-03 3.625600e-02
38 9.539440e-01 8.400000e-03 3.765600e-02
39 9.523480e-01 8.540000e-03 3.911200e-02
40 9.506000e-01 8.940000e-03 4.046000e-02
41 9.490920e-01 8.832000e-03 4.207600e-02
42 9.474760e-01 8.848000e-03 4.367600e-02
43 9.457840e-01 8.908000e-03 4.530800e-02
44 9.439560e-01 9.112000e-03 4.693200e-02
45 9.421680e-01 9.220000e-03 4.861200e-02
46 9.404600e-01 9.380000e-03 5.016000e-02
47 9.387440e-01 9.548000e-03 5.170800e-02
48 9.370040e-01 9.564000e-03 5.343200e-02
49 9.352080e-01 9.736000e-03 5.505600e-02
50 9.335720e-01 9.656000e-03 5.677200e-02
51 9.320360e-01 9.408000e-03 5.855600e-02
52 9.305520e-01 9.084000e-03 6.036400e-02
53 9.291200e-01 8.988000e-03 6.189200e-02
54 9.276600e-01 8.936000e-03 6.340400e-02
55 9.262160e-01 8.784000e-03 6.500000e-02
56 9.246160e-01 8.916000e-03 6.646800e-02
57 9.232040e-01 8.836000e-03 6.796000e-02
58 9.215920e-01 9.040000e-03 6.936800e-02
59 9.199680e-01 9.180000e-03 7.085200e-02
60 9.183560e-01 9.012000e-03 7.263200e-02
61 9.166640e-01 9.164000e-03 7.417200e-02
62 9.149720e-01 9.236000e-03 7.579200e-02
63 9.131960e-01 9.396000e-03 7.740800e-02
64 9.114480e-01 9.568000e-03 7.898400e-02
65 9.094600e-01 9.840000e-03 8.070000e-02
66 9.077160e-01 9.816000e-03 8.246800e-02
67 9.059800e-01 9.940000e-03 8.408000e-02
68 9.042640e-01 9.848000e-03 8.588800e-02
69 9.027800e-01 9.596000e-03 8.762400e-02
70 9.010400e-01 9.568000e-03 8.939200e-02
71 8.994200e-01 9.624000e-03 9.095600e-02
72 8.977440e-01 9.596000e-03 9.266000e-02
73 8.962680e-01 9.280000e-03 9.445200e-02
74 8.947240e-01 9.296000e-03 9.598000e-02
75 8.931360e-01 9.368000e-03 9.749600e-02
76 8.915560e-01 9.336000e-03 9.910800e-02
77 8.899720e-01 9.268000e-03 1.007600e-01
78 8.885040e-01 9.040000e-03 1.024560e-01
79 8.868360e-01 9.056000e-03 1.041080e-01
80 8.852360e-01 9.180000e-03 1.055840e-01
81 8.835400e-01 9.284000e-03 1.071760e-01
82 8.819600e-01 9.172000e-03 1.088680e-01
83 8.803800e-01 9.244000e-03 1.103760e-01
84 8.788280e-01 9.236000e-03 1.119360e-01
85 8.772240e-01 9.276000e-03 1.135000e-01
86 8.756200e-01 9.308000e-03 1.150720e-01
87 8.739720e-01 9.308000e-03 1.167200e-01
88 8.724440e-01 9.224000e-03 1.183320e-01
89 8.710640e-01 9.080000e-03 1.198560e-01
90 8.696520e-01 8.932000e-03 1.214160e-01
91 8.683520e-01 8.676000e-03 1.229720e-01
92 8.669640e-01 8.520000e-03 1.245160e-01
93 8.654360e-01 8.544000e-03 1.260200e-01
94 8.639720e-01 8.556000e-03 1.274720e-01
95 8.624440e-01 8.608000e-03 1.289480e-01
96 8.609120e-01 8.680000e-03 1.304080e-01
97 8.592800e-01 8.792000e-03 1.319280e-01
98 8.576080e-01 8.864000e-03 1.335280e-01
99 8.560360e-01 8.888000e-03 1.350760e-01
100 8.543480e-01 9.036000e-03 1.366160e-01
101 8.526480e-01 9.164000e-03 1.381880e-01
102 8.510480e-01 9.228000e-03 1.397240e-01
103 8.494480e-01 9.208000e-03 1.413440e-01
104 8.479000e-01 9.156000e-03 1.429440e-01
105 8.464400e-01 8.960000e-03 1.446000e-01
106 8.448720e-01 8.888000e-03 1.462400e-01
107 8.434520e-01 8.828000e-03 1.477200e-01
108 8.420360e-01 8.632000e-03 1.493320e-01
109 8.407240e-01 8.544000e-03 1.507320e-01
110 8.393480e-01 8.404000e-03 1.522480e-01
111 8.379320e-01 8.336000e-03 1.537320e-01
112 8.364840e-01 8.428000e-03 1.550880e-01
113 8.351080e-01 8.292000e-03 1.566000e-01
114 8.335920e-01 8.424000e-03 1.579840e-01
115 8.319920e-01 8.548000e-03 1.594600e-01
116 8.304280e-01 8.660000e-03 1.609120e-01
117 8.289160e-01 8.656000e-03 1.624280e-01
118 8.273400e-01 8.820000e-03 1.638400e-01
119 8.256240e-01 9.020000e-03 1.653560e-01
120 8.240120e-01 9.052000e-03 1.669360e-01
121 8.224960e-01 8.944000e-03 1.685600e-01
122 8.209040e-01 9.020000e-03 1.700760e-01
123 8.193280e-01 9.124000e-03 1.715480e-01
124 8.177320e-01 9.168000e-03 1.731000e-01
125 8.161920e-01 9.144000e-03 1.746640e-01
126 8.146600e-01 9.008000e-03 1.763320e-01
127 8.130360e-01 8.992000e-03 1.779720e-01
128 8.115040e-01 8.980000e-03 1.795160e-01
129 8.100360e-01 8.904000e-03 1.810600e-01
130 8.085480e-01 8.936000e-03 1.825160e-01
131 8.070440e-01 8.968000e-03 1.839880e-01
132 8.054000e-01 9.160000e-03 1.854400e-01
133 8.038760e-01 9.012000e-03 1.871120e-01
134 8.022360e-01 9.156000e-03 1.886080e-01
135 8.004040e-01 9.472000e-03 1.901240e-01
136 7.988640e-01 9.440000e-03 1.916960e-01
137 7.971840e-01 9.560000e-03 1.932560e-01
138 7.955600e-01 9.444000e-03 1.949960e-01
139 7.940040e-01 9.404000e-03 1.965920e-01
140 7.924560e-01 9.204000e-03 1.983400e-01
141 7.910480e-01 9.068000e-03 1.998840e-01
142 7.894880e-01 9.020000e-03 2.014920e-01
143 7.880880e-01 8.748000e-03 2.031640e-01
144 7.865920e-01 8.640000e-03 2.047680e-01
145 7.850960e-01 8.632000e-03 2.062720e-01
146 7.835600e-01 8.800000e-03 2.076400e-01
147 7.819560e-01 8.868000e-03 2.091760e-01
148 7.804440e-01 8.916000e-03 2.106400e-01
149 7.789000e-01 8.924000e-03 2.121760e-01
150 7.773480e-01 8.856000e-03 2.137960e-01
151 7.756040e-01 9.100000e-03 2.152960e-01
152 7.741400e-01 8.988000e-03 2.168720e-01
153 7.727120e-01 8.876000e-03 2.184120e-01
154 7.711600e-01 8.880000e-03 2.199600e-01
155 7.697760e-01 8.616000e-03 2.216080e-01
156 7.684280e-01 8.548000e-03 2.230240e-01
157 7.670680e-01 8.324000e-03 2.246080e-01
158 7.655560e-01 8.448000e-03 2.259960e-01
159 7.642680e-01 8.172000e-03 2.275600e-01
160 7.628280e-01 8.064000e-03 2.291080e-01
161 7.613880e-01 8.076000e-03 2.305360e-01
162 7.599280e-01 8.164000e-03 2.319080e-01
163 7.586320e-01 8.072000e-03 2.332960e-01
164 7.571680e-01 8.104000e-03 2.347280e-01
165 7.558280e-01 7.952000e-03 2.362200e-01
166 7.545080e-01 7.976000e-03 2.375160e-01
167 7.531400e-01 7.904000e-03 2.389560e-01
168 7.518400e-01 7.848000e-03 2.403120e-01
169 7.506000e-01 7.664000e-03 2.417360e-01
170 7.494880e-01 7.532000e-03 2.429800e-01
171 7.484840e-01 7.320000e-03 2.441960e-01
172 7.472800e-01 7.168000e-03 2.455520e-01
173 7.460600e-01 7.184000e-03 2.467560e-01
174 7.448600e-01 7.116000e-03 2.480240e-01
175 7.436360e-01 7.028000e-03 2.493360e-01
176 7.423920e-01 7.180000e-03 2.504280e-01
177 7.412600e-01 7.088000e-03 2.516520e-01
178 7.401600e-01 6.824000e-03 2.530160e-01
179 7.390240e-01 6.676000e-03 2.543000e-01
180 7.377960e-01 6.636000e-03 2.555680e-01
181 7.367040e-01 6.652000e-03 2.566440e-01
182 7.356200e-01 6.508000e-03 2.578720e-01
183 7.344880e-01 6.544000e-03 2.589680e-01
184 7.334360e-01 6.476000e-03 2.600880e-01
185 7.322720e-01 6.524000e-03 2.612040e-01
186 7.309880e-01 6.584000e-03 2.624280e-01
187 7.297520e-01 6.736000e-03 2.635120e-01
188 7.285520e-01 6.840000e-03 2.646080e-01
189 7.272800e-01 6.884000e-03 2.658360e-01
190 7.261760e-01 6.836000e-03 2.669880e-01
191 7.251440e-01 6.716000e-03 2.681400e-01
192 7.238680e-01 6.836000e-03 2.692960e-01
193 7.225680e-01 7.048000e-03 2.703840e-01
194 7.212400e-01 7.244000e-03 2.715160e-01
195 7.199440e-01 7.292000e-03 2.727640e-01
196 7.187240e-01 7.268000e-03 2.740080e-01
197 7.173880e-01 7.388000e-03 2.752240e-01
198 7.162120e-01 7.304000e-03 2.764840e-01
199 7.150560e-01 7.176000e-03 2.777680e-01
200 7.138320e-01 7.108000e-03 2.790600e-01
201 7.126880e-01 6.988000e-03 2.803240e-01
202 7.115160e-01 6.960000e-03 2.815240e-01
203 7.102040e-01 7.064000e-03 2.827320e-01
204 7.089240e-01 7.056000e-03 2.840200e-01
205 7.076440e-01 7.124000e-03 2.852320e-01
206 7.062720e-01 7.288000e-03 2.864400e-01
207 7.049080e-01 7.364000e-03 2.877280e-01
208 7.036240e-01 7.368000e-03 2.890080e-01
209 7.023960e-01 7.260000e-03 2.903440e-01
210 7.010520e-01 7.356000e-03 2.915920e-01
211 6.998640e-01 7.284000e-03 2.928520e-01
212 6.986280e-01 7.240000e-03 2.941320e-01
213 6.973920e-01 7.168000e-03 2.954400e-01
214 6.961240e-01 7.176000e-03 2.967000e-01
215 6.947280e-01 7.344000e-03 2.979280e-01
216 6.935160e-01 7.376000e-03 2.991080e-01
217 6.922880e-01 7.524000e-03 3.001880e-01
218 6.910040e-01 7.532000e-03 3.014640e-01
219 6.897440e-01 7.500000e-03 3.027560e-01
220 6.885400e-01 7.412000e-03 3.040480e-01
221 6.873960e-01 7.244000e-03 3.053600e-01
222 6.861640e-01 7.212000e-03 3.066240e-01
223 6.850000e-01 7.104000e-03 3.078960e-01
224 6.839600e-01 6.904000e-03 3.091360e-01
225 6.828080e-01 6.888000e-03 3.103040e-01
226 6.817520e-01 6.728000e-03 3.115200e-01
227 6.804960e-01 6.956000e-03 3.125480e-01
228 6.790680e-01 7.252000e-03 3.136800e-01
229 6.777320e-01 7.348000e-03 3.149200e-01
230 6.763200e-01 7.464000e-03 3.162160e-01
231 6.750040e-01 7.368000e-03 3.176280e-01
232 6.737200e-01 7.372000e-03 3.189080e-01
233 6.723680e-01 7.476000e-03 3.201560e-01
234 6.710320e-01 7.556000e-03 3.214120e-01
235 6.695320e-01 7.784000e-03 3.226840e-01
236 6.681880e-01 7.708000e-03 3.241040e-01
237 6.669280e-01 7.656000e-03 3.254160e-01
238 6.657760e-01 7.432000e-03 3.267920e-01
239 6.646560e-01 7.284000e-03 3.280600e-01
240 6.634320e-01 7.220000e-03 3.293480e-01
241 6.624000e-01 7.256000e-03 3.303440e-01
242 6.613000e-01 7.104000e-03 3.315960e-01
243 6.602480e-01 6.812000e-03 3.329400e-01
244 6.591040e-01 6.760000e-03 3.341360e-01
245 6.579320e-01 6.772000e-03 3.352960e-01
246 6.567400e-01 6.728000e-03 3.365320e-01
247 6.555680e-01 6.712000e-03 3.377200e-01
248 6.543760e-01 6.632000e-03 3.389920e-01
249 6.532280e-01 6.580000e-03 3.401920e-01
250 6.522200e-01 6.564000e-03 3.412160e-01
251 6.512120e-01 6.504000e-03 3.422840e-01
252 6.502440e-01 6.280000e-03 3.434760e-01
253 6.492960e-01 6.152000e-03 3.445520e-01
254 6.483200e-01 6.160000e-03 3.455200e-01
255 6.472960e-01 6.112000e-03 3.465920e-01
256 6.461680e-01 6.088000e-03 3.477440e-01
257 6.452800e-01 5.912000e-03 3.488080e-01
258 6.443600e-01 5.824000e-03 3.498160e-01
259 6.434840e-01 5.524000e-03 3.509920e-01
260 6.425560e-01 5.508000e-03 3.519360e-01
261 6.416280e-01 5.592000e-03 3.527800e-01
262 6.408120e-01 5.468000e-03 3.537200e-01
263 6.398680e-01 5.508000e-03 3.546240e-01
264 6.390040e-01 5.352000e-03 3.556440e-01
265 6.381200e-01 5.320000e-03 3.565600e-01
266 6.372840e-01 5.312000e-03 3.574040e-01
267 6.364240e-01 5.248000e-03 3.583280e-01
268 6.355120e-01 5.124000e-03 3.593640e-01
269 6.346400e-01 5.100000e-03 3.602600e-01
270 6.338120e-01 5.072000e-03 3.611160e-01
271 6.330160e-01 5.012000e-03 3.619720e-01
272 6.322600e-01 4.864000e-03 3.628760e-01
273 6.314280e-01 4.940000e-03 3.636320e-01
274 6.305920e-01 4.916000e-03 3.644920e-01
275 6.297600e-01 4.900000e-03 3.653400e-01
276 6.289080e-01 4.968000e-03 3.661240e-01
277 6.281440e-01 4.808000e-03 3.670480e-01
278 6.272960e-01 4.856000e-03 3.678480e-01
279 6.264880e-01 4.804000e-03 3.687080e-01
280 6.256160e-01 4.848000e-03 3.695360e-01
281 6.247920e-01 4.744000e-03 3.704640e-01
282 6.239400e-01 4.812000e-03 3.712480e-01
283 6.232440e-01 4.676000e-03 3.720800e-01
284 6.224640e-01 4.580000e-03 3.729560e-01
285 6.216200e-01 4.576000e-03 3.738040e-01
286 6.206880e-01 4.700000e-03 3.746120e-01
287 6.198840e-01 4.688000e-03 3.754280e-01
288 6.190920e-01 4.612000e-03 3.762960e-01
289 6.181400e-01 4.808000e-03 3.770520e-01
290 6.174000e-01 4.720000e-03 3.778800e-01
291 6.163760e-01 4.880000e-03 3.787440e-01
292 6.154760e-01 4.916000e-03 3.796080e-01
293 6.144840e-01 5.060000e-03 3.804560e-01
294 6.135600e-01 5.004000e-03 3.814360e-01
295 6.126720e-01 4.924000e-03 3.824040e-01
296 6.119240e-01 4.848000e-03 3.832280e-01
297 6.110400e-01 4.900000e-03 3.840600e-01
298 6.101840e-01 4.940000e-03 3.848760e-01
299 6.093960e-01 4.936000e-03 3.856680e-01
300 6.086200e-01 4.844000e-03 3.865360e-01
301 6.077480e-01 4.952000e-03 3.873000e-01
302 6.069960e-01 4.788000e-03 3.882160e-01
303 6.062480e-01 4.748000e-03 3.890040e-01
304 6.054240e-01 4.804000e-03 3.897720e-01
305 6.046680e-01 4.820000e-03 3.905120e-01
306 6.039280e-01 4.776000e-03 3.912960e-01
307 6.031880e-01 4.628000e-03 3.921840e-01
308 6.025360e-01 4.636000e-03 3.928280e-01
309 6.016480e-01 4.740000e-03 3.936120e-01
310 6.009320e-01 4.688000e-03 3.943800e-01
311 6.001800e-01 4.620000e-03 3.952000e-01
312 5.994120e-01 4.612000e-03 3.959760e-01
313 5.986680e-01 4.528000e-03 3.968040e-01
314 5.979320e-01 4.536000e-03 3.975320e-01
315 5.972560e-01 4.420000e-03 3.983240e-01
316 5.965920e-01 4.332000e-03 3.990760e-01
317 5.960080e-01 4.208000e-03 3.997840e-01
318 5.953760e-01 4.136000e-03 4.004880e-01
319 5.947600e-01 3.960000e-03 4.012800e-01
320 5.941360e-01 3.868000e-03 4.019960e-01
321 5.935040e-01 3.784000e-03 4.027120e-01
322 5.929040e-01 3.804000e-03 4.032920e-01
323 5.922640e-01 3.772000e-03 4.039640e-01
324 5.915840e-01 3.776000e-03 4.046400e-01
325 5.909920e-01 3.716000e-03 4.052920e-01
326 5.904400e-01 3.604000e-03 4.059560e-01
327 5.899040e-01 3.548000e-03 4.065480e-01
328 5.892080e-01 3.672000e-03 4.071200e-01
329 5.886040e-01 3.676000e-03 4.077200e-01
330 5.880800e-01 3.620000e-03 4.083000e-01
331 5.875200e-01 3.580000e-03 4.089000e-01
332 5.870440e-01 3.440000e-03 4.095160e-01
333 5.865240e-01 3.352000e-03 4.101240e-01
334 5.861280e-01 3.164000e-03 4.107080e-01
335 5.855680e-01 3.192000e-03 4.112400e-01
336 5.850240e-01 3.168000e-03 4.118080e-01
337 5.844800e-01 3.132000e-03 4.123880e-01
338 5.838400e-01 3.208000e-03 4.129520e-01
339 5.832760e-01 3.184000e-03 4.135400e-01
340 5.827120e-01 3.236000e-03 4.140520e-01
341 5.821320e-01 3.240000e-03 4.146280e-01
342 5.815800e-01 3.200000e-03 4.152200e-01
343 5.810320e-01 3.264000e-03 4.157040e-01
344 5.803680e-01 3.376000e-03 4.162560e-01
345 5.798240e-01 3.304000e-03 4.168720e-01
346 5.792720e-01 3.256000e-03 4.174720e-01
347 5.788480e-01 3.048000e-03 4.181040e-01
348 5.782880e-01 3.104000e-03 4.186080e-01
349 5.777640e-01 3.052000e-03 4.191840e-01
350 5.772600e-01 2.980000e-03 4.197600e-01
351 5.766840e-01 3.056000e-03 4.202600e-01
352 5.760720e-01 3.084000e-03 4.208440e-01
353 5.755200e-01 3.200000e-03 4.212800e-01
354 5.749600e-01 3.168000e-03 4.218720e-01
355 5.744720e-01 3.104000e-03 4.224240e-01
356 5.740040e-01 3.104000e-03 4.228920e-01
357 5.734240e-01 3.108000e-03 4.234680e-01
358 5.728720e-01 3.128000e-03 4.240000e-01
359 5.722840e-01 3.156000e-03 4.245600e-01
360 5.718000e-01 3.068000e-03 4.251320e-01
361 5.712840e-01 2.964000e-03 4.257520e-01
362 5.708720e-01 2.892000e-03 4.262360e-01
363 5.703320e-01 2.988000e-03 4.266800e-01
364 5.697760e-01 2.984000e-03 4.272400e-01
365 5.692640e-01 2.944000e-03 4.277920e-01
366 5.687840e-01 2.896000e-03 4.283200e-01
367 5.682640e-01 2.884000e-03 4.288520e-01
368 5.678280e-01 2.768000e-03 4.294040e-01
369 5.674280e-01 2.728000e-03 4.298440e-01
370 5.669680e-01 2.648000e-03 4.303840e-01
371 5.665840e-01 2.552000e-03 4.308640e-01
372 5.661680e-01 2.484000e-03 4.313480e-01
373 5.657120e-01 2.536000e-03 4.317520e-01
374 5.652040e-01 2.624000e-03 4.321720e-01
375 5.647520e-01 2.556000e-03 4.326920e-01
376 5.642920e-01 2.556000e-03 4.331520e-01
377 5.637320e-01 2.700000e-03 4.335680e-01
378 5.633400e-01 2.616000e-03 4.340440e-01
379 5.628400e-01 2.684000e-03 4.344760e-01
380 5.624560e-01 2.540000e-03 4.350040e-01
381 5.620360e-01 2.532000e-03 4.354320e-01
382 5.615760e-01 2.560000e-03 4.358640e-01
383 5.611280e-01 2.468000e-03 4.364040e-01
384 5.607520e-01 2.432000e-03 4.368160e-01
385 5.602920e-01 2.436000e-03 4.372720e-01
386 5.598560e-01 2.448000e-03 4.376960e-01
387 5.593240e-01 2.612000e-03 4.380640e-01
388 5.587080e-01 2.784000e-03 4.385080e-01
389 5.581560e-01 2.920000e-03 4.389240e-01
390 5.576360e-01 2.904000e-03 4.394600e-01
391 5.571280e-01 2.908000e-03 4.399640e-01
392 5.567120e-01 2.840000e-03 4.404480e-01
393 5.562280e-01 2.864000e-03 4.409080e-01
394 5.557920e-01 2.792000e-03 4.414160e-01
395 5.552600e-01 2.812000e-03 4.419280e-01
396 5.547800e-01 2.916000e-03 4.423040e-01
397 5.542840e-01 2.992000e-03 4.427240e-01
398 5.537840e-01 2.992000e-03 4.432240e-01
399 5.533640e-01 2.904000e-03 4.437320e-01
400 5.528800e-01 2.936000e-03 4.441840e-01
401 5.522840e-01 3.124000e-03 4.445920e-01
402 5.516360e-01 3.224000e-03 4.451400e-01
403 5.511040e-01 3.172000e-03 4.457240e-01
404 5.504800e-01 3.228000e-03 4.462920e-01
405 5.499600e-01 3.160000e-03 4.468800e-01
406 5.494560e-01 3.144000e-03 4.474000e-01
407 5.490160e-01 3.104000e-03 4.478800e-01
408 5.486120e-01 3.056000e-03 4.483320e-01
409 5.481000e-01 3.036000e-03 4.488640e-01
410 5.475880e-01 2.980000e-03 4.494320e-01
411 5.470880e-01 2.980000e-03 4.499320e-01
412 5.465480e-01 2.952000e-03 4.505000e-01
413 5.460360e-01 2.944000e-03 4.510200e-01
414 5.454280e-01 2.996000e-03 4.515760e-01
415 5.448800e-01 3.024000e-03 4.520960e-01
416 5.442880e-01 3.096000e-03 4.526160e-01
417 5.437840e-01 3.100000e-03 4.531160e-01
418 5.433760e-01 2.904000e-03 4.537200e-01
419 5.429240e-01 2.852000e-03 4.542240e-01
420 5.423840e-01 2.888000e-03 4.547280e-01
421 5.418160e-01 2.948000e-03 4.552360e-01
422 5.412960e-01 2.980000e-03 4.557240e-01
423 5.408200e-01 2.868000e-03 4.563120e-01
424 5.403120e-01 2.812000e-03 4.568760e-01
425 5.398960e-01 2.732000e-03 4.573720e-01
426 5.394600e-01 2.672000e-03 4.578680e-01
427 5.391120e-01 2.564000e-03 4.583240e-01
428 5.387400e-01 2.504000e-03 4.587560e-01
429 5.383160e-01 2.484000e-03 4.592000e-01
430 5.378760e-01 2.532000e-03 4.595920e-01
431 5.374360e-01 2.520000e-03 4.600440e-01
432 5.370360e-01 2.580000e-03 4.603840e-01
433 5.366160e-01 2.536000e-03 4.608480e-01
434 5.362320e-01 2.472000e-03 4.612960e-01
435 5.358280e-01 2.420000e-03 4.617520e-01
436 5.353960e-01 2.428000e-03 4.621760e-01
437 5.350080e-01 2.388000e-03 4.626040e-01
438 5.346800e-01 2.372000e-03 4.629480e-01
439 5.343320e-01 2.276000e-03 4.633920e-01
440 5.339800e-01 2.272000e-03 4.637480e-01
441 5.336640e-01 2.156000e-03 4.641800e-01
442 5.333480e-01 2.092000e-03 4.645600e-01
443 5.331240e-01 1.916000e-03 4.649600e-01
444 5.328880e-01 1.756000e-03 4.653560e-01
445 5.326480e-01 1.688000e-03 4.656640e-01
446 5.323920e-01 1.620000e-03 4.659880e-01
447 5.321240e-01 1.608000e-03 4.662680e-01
448 5.319480e-01 1.492000e-03 4.665600e-01
449 5.317440e-01 1.412000e-03 4.668440e-01
450 5.315760e-01 1.340000e-03 4.670840e-01
451 5.313960e-01 1.292000e-03 4.673120e-01
452 5.312240e-01 1.208000e-03 4.675680e-01
453 5.310880e-01 1.156000e-03 4.677560e-01
454 5.308880e-01 1.128000e-03 4.679840e-01
455 5.307040e-01 1.088000e-03 4.682080e-01
456 5.305280e-01 1.080000e-03 4.683920e-01
457 5.303160e-01 1.084000e-03 4.686000e-01
458 5.301240e-01 1.072000e-03 4.688040e-01
459 5.298760e-01 1.116000e-03 4.690080e-01
460 5.297080e-01 1.068000e-03 4.692240e-01
461 5.295520e-01 1.016000e-03 4.694320e-01
462 5.294160e-01 9.840000e-04 4.696000e-01
463 5.292840e-01 9.640000e-04 4.697520e-01
464 5.291440e-01 9.160000e-04 4.699400e-01
465 5.290080e-01 9.200000e-04 4.700720e-01
466 5.288400e-01 8.680000e-04 4.702920e-01
467 5.287040e-01 8.360000e-04 4.704600e-01
468 5.285360e-01 8.440000e-04 4.706200e-01
469 5.283480e-01 9.000000e-04 4.707520e-01
470 5.282200e-01 8.480000e-04 4.709320e-01
471 5.280880e-01 8.360000e-04 4.710760e-01
472 5.279800e-01 8.120000e-04 4.712080e-01
473 5.278520e-01 7.880000e-04 4.713600e-01
474 5.277400e-01 7.720000e-04 4.714880e-01
475 5.276240e-01 7.440000e-04 4.716320e-01
476 5.275040e-01 7.560000e-04 4.717400e-01
477 5.273880e-01 7.520000e-04 4.718600e-01
478 5.272840e-01 7.320000e-04 4.719840e-01
479 5.271520e-01 7.280000e-04 4.721200e-01
480 5.270240e-01 7.040000e-04 4.722720e-01
481 5.269280e-01 6.760000e-04 4.723960e-01
482 5.268240e-01 6.840000e-04 4.724920e-01
483 5.267440e-01 6.520000e-04 4.726040e-01
484 5.266440e-01 6.280000e-04 4.727280e-01
485 5.265240e-01 6.320000e-04 4.728440e-01
486 5.264440e-01 5.920000e-04 4.729640e-01
487 5.263880e-01 5.320000e-04 4.730800e-01
488 5.263160e-01 5.080000e-04 4.731760e-01
489 5.262320e-01 5.080000e-04 4.732600e-01
490 5.261400e-01 5.040000e-04 4.733560e-01
491 5.260680e-01 4.920000e-04 4.734400e-01
492 5.259920e-01 4.640000e-04 4.735440e-01
493 5.259600e-01 4.040000e-04 4.736360e-01
494 5.259240e-01 3.960000e-04 4.736800e-01
495 5.258720e-01 3.920000e-04 4.737360e-01
496 5.258400e-01 3.760000e-04 4.737840e-01
497 5.258000e-01 3.560000e-04 4.738440e-01
498 5.257200e-01 3.560000e-04 4.739240e-01
499 5.256360e-01 3.560000e-04 4.740080e-01
500 5.255480e-01 3.800000e-04 4.740720e-01
