1 9.992520e-01 6.240000e-04 1.240000e-04
2 9.986120e-01 1.124000e-03 2.640000e-04
3 9.979400e-01 1.548000e-03 5.120000e-04
4 9.972680e-01 1.948000e-03 7.840000e-04
5 9.964800e-01 2.272000e-03 1.248000e-03
6 9.955760e-01 2.748000e-03 1.676000e-03
7 9.948040e-01 3.016000e-03 2.180000e-03
8 9.939320e-01 3.308000e-03 2.760000e-03
9 9.930560e-01 3.544000e-03 3.400000e-03
10 9.921400e-01 3.896000e-03 3.964000e-03
11 9.911120e-01 4.180000e-03 4.708000e-03
12 9.900280e-01 4.432000e-03 5.540000e-03
13 9.889720e-01 4.672000e-03 6.356000e-03
14 9.878840e-01 5.004000e-03 7.112000e-03
15 9.867960e-01 5.096000e-03 8.108000e-03
16 9.857440e-01 5.344000e-03 8.912000e-03
17 9.845400e-01 5.544000e-03 9.916000e-03
18 9.834080e-01 5.716000e-03 1.087600e-02
19 9.822160e-01 5.888000e-03 1.189600e-02
20 9.809880e-01 6.268000e-03 1.274400e-02
21 9.797560e-01 6.488000e-03 1.375600e-02
22 9.785360e-01 6.512000e-03 1.495200e-02
23 9.774640e-01 6.512000e-03 1.602400e-02
24 9.763040e-01 6.624000e-03 1.707200e-02
25 9.751280e-01 6.636000e-03 1.823600e-02
26 9.739280e-01 6.632000e-03 1.944000e-02
27 9.726880e-01 6.748000e-03 2.056400e-02
28 9.713480e-01 6.876000e-03 2.177600e-02
29 9.699800e-01 7.060000e-03 2.296000e-02
30 9.686040e-01 7.220000e-03 2.417600e-02
31 9.672800e-01 7.252000e-03 2.546800e-02
32 9.659000e-01 7.380000e-03 2.672000e-02
33 9.643640e-01 7.716000e-03 2.792000e-02
34 9.627960e-01 7.868000e-03 2.933600e-02
35 9.613440e-01 8.004000e-03 3.065200e-02
36 9.599400e-01 7.952000e-03 3.210800e-02
37 9.582960e-01 8.212000e-03 3.349200e-02
38 9.567400e-01 8.412000e-03 3.484800e-02
39 9.552880e-01 8.268000e-03 3.644400e-02
40 9.538440e-01 8.348000e-03 3.780800e-02
41 9.524480e-01 8.276000e-03 3.927600e-02
42 9.508200e-01 8.432000e-03 4.074800e-02
43 9.492520e-01 8.500000e-03 4.224800e-02
44 9.477640e-01 8.504000e-03 4.373200e-02
45 9.463640e-01 8.488000e-03 4.514800e-02
46 9.447800e-01 8.580000e-03 4.664000e-02
47 9.431560e-01 8.788000e-03 4.805600e-02
48 9.414600e-01 8.836000e-03 4.970400e-02
49 9.398680e-01 9.032000e-03 5.110000e-02
50 9.383440e-01 9.108000e-03 5.254800e-02
51 9.369000e-01 8.980000e-03 5.412000e-02
52 9.354440e-01 8.760000e-03 5.579600e-02
53 9.339040e-01 8.868000e-03 5.722800e-02
54 9.325960e-01 8.632000e-03 5.877200e-02
55 9.312160e-01 8.516000e-03 6.026800e-02
56 9.297760e-01 8.516000e-03 6.170800e-02
57 9.283760e-01 8.412000e-03 6.321200e-02
58 9.268880e-01 8.428000e-03 6.468400e-02
59 9.253920e-01 8.440000e-03 6.616800e-02
60 9.238480e-01 8.500000e-03 6.765200e-02
61 9.223360e-01 8.528000e-03 6.913600e-02
62 9.209320e-01 8.384000e-03 7.068400e-02
63 9.195480e-01 8.244000e-03 7.220800e-02
64 9.180120e-01 8.256000e-03 7.373200e-02
65 9.165800e-01 8.184000e-03 7.523600e-02
66 9.149920e-01 8.260000e-03 7.674800e-02
67 9.136800e-01 8.296000e-03 7.802400e-02
68 9.123280e-01 8.268000e-03 7.940400e-02
69 9.109640e-01 8.136000e-03 8.090000e-02
70 9.096160e-01 8.064000e-03 8.232000e-02
71 9.083640e-01 8.108000e-03 8.352800e-02
72 9.069640e-01 8.024000e-03 8.501200e-02
73 9.053920e-01 8.152000e-03 8.645600e-02
74 9.038840e-01 8.040000e-03 8.807600e-02
75 9.024640e-01 8.148000e-03 8.938800e-02
76 9.007920e-01 8.508000e-03 9.070000e-02
77 8.992600e-01 8.556000e-03 9.218400e-02
78 8.976040e-01 8.760000e-03 9.363600e-02
79 8.959560e-01 8.844000e-03 9.520000e-02
80 8.944680e-01 8.796000e-03 9.673600e-02
81 8.929560e-01 8.708000e-03 9.833600e-02
82 8.912400e-01 8.768000e-03 9.999200e-02
83 8.897760e-01 8.644000e-03 1.015800e-01
84 8.880520e-01 8.832000e-03 1.031160e-01
85 8.864080e-01 8.984000e-03 1.046080e-01
86 8.848880e-01 8.948000e-03 1.061640e-01
87 8.833720e-01 8.940000e-03 1.076880e-01
88 8.818000e-01 8.984000e-03 1.092160e-01
89 8.802520e-01 9.052000e-03 1.106960e-01
90 8.787240e-01 9.108000e-03 1.121680e-01
91 8.772120e-01 8.892000e-03 1.138960e-01
92 8.757160e-01 8.808000e-03 1.154760e-01
93 8.742840e-01 8.684000e-03 1.170320e-01
94 8.728320e-01 8.580000e-03 1.185880e-01
95 8.714320e-01 8.492000e-03 1.200760e-01
96 8.698520e-01 8.664000e-03 1.214840e-01
97 8.683160e-01 8.636000e-03 1.230480e-01
98 8.668520e-01 8.736000e-03 1.244120e-01
99 8.653880e-01 8.660000e-03 1.259520e-01
100 8.639160e-01 8.484000e-03 1.276000e-01
101 8.624600e-01 8.512000e-03 1.290280e-01
102 8.609600e-01 8.572000e-03 1.304680e-01
103 8.592320e-01 8.652000e-03 1.321160e-01
104 8.576440e-01 8.640000e-03 1.337160e-01
105 8.561760e-01 8.760000e-03 1.350640e-01
106 8.546440e-01 8.692000e-03 1.366640e-01
107 8.530920e-01 8.816000e-03 1.380920e-01
108 8.512920e-01 8.964000e-03 1.397440e-01
109 8.495800e-01 9.112000e-03 1.413080e-01
110 8.478960e-01 9.144000e-03 1.429600e-01
111 8.465120e-01 8.928000e-03 1.445600e-01
112 8.449600e-01 8.888000e-03 1.461520e-01
113 8.434680e-01 8.924000e-03 1.476080e-01
114 8.419320e-01 8.884000e-03 1.491840e-01
115 8.405280e-01 8.764000e-03 1.507080e-01
116 8.391560e-01 8.556000e-03 1.522880e-01
117 8.377080e-01 8.376000e-03 1.539160e-01
118 8.362440e-01 8.248000e-03 1.555080e-01
119 8.348920e-01 8.200000e-03 1.569080e-01
120 8.336200e-01 7.940000e-03 1.584400e-01
121 8.322880e-01 7.948000e-03 1.597640e-01
122 8.310600e-01 7.756000e-03 1.611840e-01
123 8.297160e-01 7.608000e-03 1.626760e-01
124 8.284000e-01 7.568000e-03 1.640320e-01
125 8.271360e-01 7.580000e-03 1.652840e-01
126 8.258000e-01 7.584000e-03 1.666160e-01
127 8.245920e-01 7.400000e-03 1.680080e-01
128 8.234040e-01 7.256000e-03 1.693400e-01
129 8.221640e-01 7.160000e-03 1.706760e-01
130 8.210640e-01 7.008000e-03 1.719280e-01
131 8.198560e-01 7.004000e-03 1.731400e-01
132 8.187480e-01 6.860000e-03 1.743920e-01
133 8.174520e-01 6.948000e-03 1.756000e-01
134 8.162920e-01 6.776000e-03 1.769320e-01
135 8.151040e-01 6.788000e-03 1.781080e-01
136 8.139960e-01 6.640000e-03 1.793640e-01
137 8.129160e-01 6.584000e-03 1.805000e-01
138 8.118600e-01 6.484000e-03 1.816560e-01
139 8.106560e-01 6.456000e-03 1.828880e-01
140 8.094960e-01 6.412000e-03 1.840920e-01
141 8.084160e-01 6.384000e-03 1.852000e-01
142 8.071760e-01 6.504000e-03 1.863200e-01
143 8.060960e-01 6.348000e-03 1.875560e-01
144 8.050160e-01 6.272000e-03 1.887120e-01
145 8.037680e-01 6.452000e-03 1.897800e-01
146 8.026120e-01 6.500000e-03 1.908880e-01
147 8.014640e-01 6.572000e-03 1.919640e-01
148 8.002320e-01 6.616000e-03 1.931520e-01
149 7.990640e-01 6.664000e-03 1.942720e-01
150 7.978160e-01 6.656000e-03 1.955280e-01
151 7.965560e-01 6.832000e-03 1.966120e-01
152 7.954000e-01 6.760000e-03 1.978400e-01
153 7.941280e-01 6.836000e-03 1.990360e-01
154 7.929800e-01 6.764000e-03 2.002560e-01
155 7.918120e-01 6.672000e-03 2.015160e-01
156 7.905720e-01 6.740000e-03 2.026880e-01
157 7.893000e-01 6.896000e-03 2.038040e-01
158 7.881080e-01 6.832000e-03 2.050600e-01
159 7.869680e-01 6.836000e-03 2.061960e-01
160 7.856880e-01 6.948000e-03 2.073640e-01
161 7.844280e-01 6.940000e-03 2.086320e-01
162 7.832720e-01 6.880000e-03 2.098480e-01
163 7.820080e-01 7.052000e-03 2.109400e-01
164 7.808520e-01 7.024000e-03 2.121240e-01
165 7.795760e-01 7.076000e-03 2.133480e-01
166 7.784600e-01 6.840000e-03 2.147000e-01
167 7.773120e-01 6.812000e-03 2.158760e-01
168 7.761080e-01 6.792000e-03 2.171000e-01
169 7.750680e-01 6.628000e-03 2.183040e-01
170 7.739480e-01 6.696000e-03 2.193560e-01
171 7.727280e-01 6.676000e-03 2.205960e-01
172 7.716480e-01 6.556000e-03 2.217960e-01
173 7.707280e-01 6.320000e-03 2.229520e-01
174 7.696480e-01 6.308000e-03 2.240440e-01
175 7.685640e-01 6.212000e-03 2.252240e-01
176 7.674160e-01 6.152000e-03 2.264320e-01
177 7.663080e-01 6.176000e-03 2.275160e-01
178 7.653480e-01 6.044000e-03 2.286080e-01
179 7.643000e-01 6.056000e-03 2.296440e-01
180 7.632520e-01 6.068000e-03 2.306800e-01
181 7.622800e-01 6.132000e-03 2.315880e-01
182 7.612720e-01 5.924000e-03 2.328040e-01
183 7.603560e-01 5.876000e-03 2.337680e-01
184 7.594600e-01 5.744000e-03 2.347960e-01
185 7.585280e-01 5.668000e-03 2.358040e-01
186 7.576160e-01 5.568000e-03 2.368160e-01
187 7.565440e-01 5.564000e-03 2.378920e-01
188 7.555040e-01 5.620000e-03 2.388760e-01
189 7.544240e-01 5.780000e-03 2.397960e-01
190 7.534760e-01 5.748000e-03 2.407760e-01
191 7.523640e-01 5.812000e-03 2.418240e-01
192 7.514400e-01 5.720000e-03 2.428400e-01
193 7.504320e-01 5.744000e-03 2.438240e-01
194 7.493240e-01 5.808000e-03 2.448680e-01
195 7.482680e-01 5.876000e-03 2.458560e-01
196 7.472680e-01 5.832000e-03 2.469000e-01
197 7.463360e-01 5.676000e-03 2.479880e-01
198 7.453560e-01 5.620000e-03 2.490240e-01
199 7.444040e-01 5.672000e-03 2.499240e-01
200 7.433120e-01 5.784000e-03 2.509040e-01
201 7.422120e-01 5.896000e-03 2.518920e-01
202 7.412120e-01 5.792000e-03 2.529960e-01
203 7.401640e-01 5.776000e-03 2.540600e-01
204 7.391640e-01 5.848000e-03 2.549880e-01
205 7.382120e-01 5.780000e-03 2.560080e-01
206 7.372760e-01 5.700000e-03 2.570240e-01
207 7.362720e-01 5.760000e-03 2.579680e-01
208 7.352840e-01 5.708000e-03 2.590080e-01
209 7.344680e-01 5.484000e-03 2.600480e-01
210 7.336200e-01 5.412000e-03 2.609680e-01
211 7.327280e-01 5.400000e-03 2.618720e-01
212 7.318800e-01 5.336000e-03 2.627840e-01
213 7.309520e-01 5.304000e-03 2.637440e-01
214 7.299680e-01 5.348000e-03 2.646840e-01
215 7.289880e-01 5.396000e-03 2.656160e-01
216 7.281120e-01 5.236000e-03 2.666520e-01
217 7.272240e-01 5.200000e-03 2.675760e-01
218 7.263560e-01 5.120000e-03 2.685240e-01
219 7.253960e-01 5.168000e-03 2.694360e-01
220 7.246080e-01 5.080000e-03 2.703120e-01
221 7.236880e-01 5.128000e-03 2.711840e-01
222 7.229160e-01 5.120000e-03 2.719640e-01
223 7.220600e-01 5.120000e-03 2.728200e-01
224 7.212680e-01 5.056000e-03 2.736760e-01
225 7.204680e-01 5.000000e-03 2.745320e-01
226 7.197160e-01 4.864000e-03 2.754200e-01
227 7.188640e-01 4.888000e-03 2.762480e-01
228 7.179840e-01 4.932000e-03 2.770840e-01
229 7.172160e-01 4.908000e-03 2.778760e-01
230 7.164000e-01 4.928000e-03 2.786720e-01
231 7.156120e-01 4.760000e-03 2.796280e-01
232 7.147960e-01 4.788000e-03 2.804160e-01
233 7.140240e-01 4.772000e-03 2.812040e-01
234 7.131520e-01 4.808000e-03 2.820400e-01
235 7.123320e-01 4.820000e-03 2.828480e-01
236 7.114440e-01 4.876000e-03 2.836800e-01
237 7.105600e-01 5.000000e-03 2.844400e-01
238 7.097520e-01 4.956000e-03 2.852920e-01
239 7.088960e-01 4.908000e-03 2.861960e-01
240 7.080800e-01 4.888000e-03 2.870320e-01
241 7.072600e-01 4.768000e-03 2.879720e-01
242 7.064440e-01 4.840000e-03 2.887160e-01
243 7.055960e-01 4.864000e-03 2.895400e-01
244 7.047600e-01 4.900000e-03 2.903400e-01
245 7.039360e-01 4.860000e-03 2.912040e-01
246 7.030920e-01 4.816000e-03 2.920920e-01
247 7.022880e-01 4.796000e-03 2.929160e-01
248 7.014240e-01 4.788000e-03 2.937880e-01
249 7.006480e-01 4.692000e-03 2.946600e-01
250 6.998960e-01 4.492000e-03 2.956120e-01
251 6.991760e-01 4.456000e-03 2.963680e-01
252 6.984280e-01 4.492000e-03 2.970800e-01
253 6.975880e-01 4.500000e-03 2.979120e-01
254 6.968680e-01 4.464000e-03 2.986680e-01
255 6.961800e-01 4.416000e-03 2.994040e-01
256 6.954360e-01 4.468000e-03 3.000960e-01
257 6.948040e-01 4.380000e-03 3.008160e-01
258 6.940760e-01 4.372000e-03 3.015520e-01
259 6.933640e-01 4.404000e-03 3.022320e-01
260 6.926720e-01 4.392000e-03 3.029360e-01
261 6.919560e-01 4.336000e-03 3.037080e-01
262 6.912840e-01 4.216000e-03 3.045000e-01
263 6.905880e-01 4.096000e-03 3.053160e-01
264 6.898760e-01 4.172000e-03 3.059520e-01
265 6.892240e-01 4.020000e-03 3.067560e-01
266 6.886480e-01 3.916000e-03 3.074360e-01
267 6.880160e-01 3.788000e-03 3.081960e-01
268 6.873000e-01 3.872000e-03 3.088280e-01
269 6.865960e-01 3.952000e-03 3.094520e-01
270 6.859240e-01 3.948000e-03 3.101280e-01
271 6.852200e-01 3.976000e-03 3.108040e-01
272 6.844960e-01 3.924000e-03 3.115800e-01
273 6.838520e-01 3.928000e-03 3.122200e-01
274 6.832360e-01 3.892000e-03 3.128720e-01
275 6.826760e-01 3.836000e-03 3.134880e-01
276 6.820560e-01 3.780000e-03 3.141640e-01
277 6.814960e-01 3.580000e-03 3.149240e-01
278 6.809520e-01 3.424000e-03 3.156240e-01
279 6.803520e-01 3.432000e-03 3.162160e-01
280 6.799000e-01 3.264000e-03 3.168360e-01
281 6.793480e-01 3.224000e-03 3.174280e-01
282 6.788760e-01 3.228000e-03 3.178960e-01
283 6.784280e-01 3.096000e-03 3.184760e-01
284 6.778920e-01 3.104000e-03 3.190040e-01
285 6.773920e-01 3.028000e-03 3.195800e-01
286 6.768360e-01 3.032000e-03 3.201320e-01
287 6.763720e-01 2.876000e-03 3.207520e-01
288 6.759080e-01 2.820000e-03 3.212720e-01
289 6.754080e-01 2.864000e-03 3.217280e-01
290 6.747800e-01 2.992000e-03 3.222280e-01
291 6.741760e-01 3.132000e-03 3.226920e-01
292 6.736240e-01 3.128000e-03 3.232480e-01
293 6.730480e-01 3.140000e-03 3.238120e-01
294 6.724680e-01 3.172000e-03 3.243600e-01
295 6.719000e-01 3.188000e-03 3.249120e-01
296 6.713680e-01 3.128000e-03 3.255040e-01
297 6.707920e-01 3.140000e-03 3.260680e-01
298 6.701200e-01 3.196000e-03 3.266840e-01
299 6.695240e-01 3.240000e-03 3.272360e-01
300 6.689280e-01 3.268000e-03 3.278040e-01
301 6.683360e-01 3.328000e-03 3.283360e-01
302 6.677840e-01 3.324000e-03 3.288920e-01
303 6.672320e-01 3.324000e-03 3.294440e-01
304 6.667400e-01 3.276000e-03 3.299840e-01
305 6.662120e-01 3.192000e-03 3.305960e-01
306 6.656880e-01 3.164000e-03 3.311480e-01
307 6.650760e-01 3.224000e-03 3.317000e-01
308 6.645720e-01 3.176000e-03 3.322520e-01
309 6.639040e-01 3.276000e-03 3.328200e-01
310 6.632960e-01 3.328000e-03 3.333760e-01
311 6.626080e-01 3.432000e-03 3.339600e-01
312 6.619040e-01 3.528000e-03 3.345680e-01
313 6.612440e-01 3.532000e-03 3.352240e-01
314 6.606040e-01 3.540000e-03 3.358560e-01
315 6.599680e-01 3.460000e-03 3.365720e-01
316 6.593960e-01 3.436000e-03 3.371680e-01
317 6.587640e-01 3.508000e-03 3.377280e-01
318 6.582400e-01 3.372000e-03 3.383880e-01
319 6.576560e-01 3.400000e-03 3.389440e-01
320 6.570640e-01 3.352000e-03 3.395840e-01
321 6.565000e-01 3.344000e-03 3.401560e-01
322 6.559920e-01 3.312000e-03 3.406960e-01
323 6.554800e-01 3.176000e-03 3.413440e-01
324 6.550000e-01 3.100000e-03 3.419000e-01
325 6.544240e-01 3.156000e-03 3.424200e-01
326 6.540240e-01 3.016000e-03 3.429600e-01
327 6.535000e-01 3.036000e-03 3.434640e-01
328 6.531160e-01 2.896000e-03 3.439880e-01
329 6.526440e-01 2.860000e-03 3.444960e-01
330 6.522320e-01 2.832000e-03 3.449360e-01
331 6.517360e-01 2.800000e-03 3.454640e-01
332 6.513680e-01 2.700000e-03 3.459320e-01
333 6.509640e-01 2.600000e-03 3.464360e-01
334 6.504600e-01 2.672000e-03 3.468680e-01
335 6.499920e-01 2.656000e-03 3.473520e-01
336 6.495600e-01 2.540000e-03 3.479000e-01
337 6.491120e-01 2.580000e-03 3.483080e-01
338 6.486720e-01 2.560000e-03 3.487680e-01
339 6.481680e-01 2.620000e-03 3.492120e-01
340 6.477880e-01 2.500000e-03 3.497120e-01
341 6.473080e-01 2.500000e-03 3.501920e-01
342 6.468600e-01 2.528000e-03 3.506120e-01
343 6.464880e-01 2.352000e-03 3.511600e-01
344 6.461320e-01 2.304000e-03 3.515640e-01
345 6.458040e-01 2.248000e-03 3.519480e-01
346 6.453400e-01 2.328000e-03 3.523320e-01
347 6.449880e-01 2.320000e-03 3.526920e-01
348 6.446680e-01 2.184000e-03 3.531480e-01
349 6.443400e-01 2.160000e-03 3.535000e-01
350 6.439760e-01 2.144000e-03 3.538800e-01
351 6.436120e-01 2.140000e-03 3.542480e-01
352 6.431880e-01 2.156000e-03 3.546560e-01
353 6.428040e-01 2.160000e-03 3.550360e-01
354 6.423680e-01 2.168000e-03 3.554640e-01
355 6.419920e-01 2.168000e-03 3.558400e-01
356 6.416960e-01 2.088000e-03 3.562160e-01
357 6.412760e-01 2.176000e-03 3.565480e-01
358 6.407800e-01 2.240000e-03 3.569800e-01
359 6.403440e-01 2.292000e-03 3.573640e-01
360 6.398800e-01 2.344000e-03 3.577760e-01
361 6.395240e-01 2.300000e-03 3.581760e-01
362 6.391760e-01 2.216000e-03 3.586080e-01
363 6.388640e-01 2.148000e-03 3.589880e-01
364 6.385280e-01 2.112000e-03 3.593600e-01
365 6.381480e-01 2.144000e-03 3.597080e-01
366 6.377200e-01 2.312000e-03 3.599680e-01
367 6.373400e-01 2.284000e-03 3.603760e-01
368 6.369920e-01 2.188000e-03 3.608200e-01
369 6.365920e-01 2.200000e-03 3.612080e-01
370 6.362160e-01 2.176000e-03 3.616080e-01
371 6.357720e-01 2.256000e-03 3.619720e-01
372 6.354040e-01 2.236000e-03 3.623600e-01
373 6.350320e-01 2.224000e-03 3.627440e-01
374 6.347120e-01 2.176000e-03 3.631120e-01
375 6.344080e-01 2.060000e-03 3.635320e-01
376 6.341080e-01 2.020000e-03 3.638720e-01
377 6.338280e-01 1.960000e-03 3.642120e-01
378 6.335880e-01 1.912000e-03 3.645000e-01
379 6.333680e-01 1.792000e-03 3.648400e-01
380 6.330840e-01 1.712000e-03 3.652040e-01
381 6.328720e-01 1.640000e-03 3.654880e-01
382 6.325960e-01 1.684000e-03 3.657200e-01
383 6.324160e-01 1.576000e-03 3.660080e-01
384 6.321600e-01 1.512000e-03 3.663280e-01
385 6.319240e-01 1.496000e-03 3.665800e-01
386 6.316520e-01 1.512000e-03 3.668360e-01
387 6.314240e-01 1.472000e-03 3.671040e-01
388 6.311960e-01 1.408000e-03 3.673960e-01
389 6.309440e-01 1.388000e-03 3.676680e-01
390 6.308000e-01 1.256000e-03 3.679440e-01
391 6.305960e-01 1.260000e-03 3.681440e-01
392 6.304200e-01 1.216000e-03 3.683640e-01
393 6.302000e-01 1.252000e-03 3.685480e-01
394 6.300200e-01 1.176000e-03 3.688040e-01
395 6.298320e-01 1.188000e-03 3.689800e-01
396 6.296400e-01 1.136000e-03 3.692240e-01
397 6.293920e-01 1.228000e-03 3.693800e-01
398 6.292160e-01 1.188000e-03 3.695960e-01
399 6.289960e-01 1.216000e-03 3.697880e-01
400 6.287880e-01 1.216000e-03 3.699960e-01
401 6.285360e-01 1.248000e-03 3.702160e-01
402 6.282560e-01 1.256000e-03 3.704880e-01
403 6.280200e-01 1.280000e-03 3.707000e-01
404 6.278560e-01 1.256000e-03 3.708880e-01
405 6.276960e-01 1.156000e-03 3.711480e-01
406 6.275680e-01 1.048000e-03 3.713840e-01
407 6.273560e-01 1.076000e-03 3.715680e-01
408 6.271760e-01 1.036000e-03 3.717880e-01
409 6.269800e-01 1.036000e-03 3.719840e-01
410 6.267880e-01 1.024000e-03 3.721880e-01
411 6.265680e-01 1.048000e-03 3.723840e-01
412 6.263880e-01 1.028000e-03 3.725840e-01
413 6.262200e-01 9.840000e-04 3.727960e-01
414 6.260840e-01 9.520000e-04 3.729640e-01
415 6.258960e-01 9.480000e-04 3.731560e-01
416 6.257240e-01 9.120000e-04 3.733640e-01
417 6.255600e-01 9.360000e-04 3.735040e-01
418 6.253960e-01 8.960000e-04 3.737080e-01
419 6.252080e-01 9.160000e-04 3.738760e-01
420 6.250440e-01 9.200000e-04 3.740360e-01
421 6.248560e-01 9.280000e-04 3.742160e-01
422 6.246560e-01 9.560000e-04 3.743880e-01
423 6.244160e-01 1.024000e-03 3.745600e-01
424 6.241960e-01 1.084000e-03 3.747200e-01
425 6.240000e-01 1.060000e-03 3.749400e-01
426 6.238160e-01 1.080000e-03 3.751040e-01
427 6.236920e-01 9.920000e-04 3.753160e-01
428 6.235160e-01 9.600000e-04 3.755240e-01
429 6.233200e-01 9.840000e-04 3.756960e-01
430 6.232160e-01 9.440000e-04 3.758400e-01
431 6.230400e-01 9.640000e-04 3.759960e-01
432 6.228600e-01 9.760000e-04 3.761640e-01
433 6.226920e-01 9.880000e-04 3.763200e-01
434 6.225520e-01 9.720000e-04 3.764760e-01
435 6.224280e-01 9.640000e-04 3.766080e-01
436 6.222480e-01 9.760000e-04 3.767760e-01
437 6.220920e-01 9.880000e-04 3.769200e-01
438 6.218720e-01 1.032000e-03 3.770960e-01
439 6.217200e-01 1.020000e-03 3.772600e-01
440 6.215520e-01 1.012000e-03 3.774360e-01
441 6.213640e-01 1.000000e-03 3.776360e-01
442 6.211800e-01 1.036000e-03 3.777840e-01
443 6.210400e-01 1.024000e-03 3.779360e-01
444 6.208640e-01 1.012000e-03 3.781240e-01
445 6.207280e-01 9.360000e-04 3.783360e-01
446 6.205960e-01 9.000000e-04 3.785040e-01
447 6.205080e-01 8.600000e-04 3.786320e-01
448 6.204280e-01 7.600000e-04 3.788120e-01
449 6.203320e-01 7.160000e-04 3.789520e-01
450 6.201800e-01 7.320000e-04 3.790880e-01
451 6.200320e-01 7.600000e-04 3.792080e-01
452 6.199240e-01 7.160000e-04 3.793600e-01
453 6.198080e-01 7.240000e-04 3.794680e-01
454 6.196560e-01 7.520000e-04 3.795920e-01
455 6.195400e-01 7.280000e-04 3.797320e-01
456 6.194120e-01 6.800000e-04 3.799080e-01
457 6.192440e-01 7.200000e-04 3.800360e-01
458 6.191120e-01 7.520000e-04 3.801360e-01
459 6.190200e-01 7.280000e-04 3.802520e-01
460 6.188960e-01 7.160000e-04 3.803880e-01
461 6.187760e-01 7.120000e-04 3.805120e-01
462 6.186720e-01 6.960000e-04 3.806320e-01
463 6.185280e-01 7.280000e-04 3.807440e-01
464 6.184160e-01 7.080000e-04 3.808760e-01
465 6.182640e-01 7.080000e-04 3.810280e-01
466 6.181480e-01 7.120000e-04 3.811400e-01
467 6.180120e-01 7.280000e-04 3.812600e-01
468 6.179040e-01 7.360000e-04 3.813600e-01
469 6.177800e-01 7.320000e-04 3.814880e-01
470 6.176120e-01 8.080000e-04 3.815800e-01
471 6.174520e-01 8.120000e-04 3.817360e-01
472 6.172840e-01 8.400000e-04 3.818760e-01
473 6.171560e-01 8.400000e-04 3.820040e-01
474 6.170000e-01 8.520000e-04 3.821480e-01
475 6.169000e-01 7.960000e-04 3.823040e-01
476 6.167560e-01 8.320000e-04 3.824120e-01
477 6.166400e-01 8.360000e-04 3.825240e-01
478 6.165280e-01 8.320000e-04 3.826400e-01
479 6.163840e-01 8.400000e-04 3.827760e-01
480 6.162400e-01 8.120000e-04 3.829480e-01
481 6.160960e-01 8.080000e-04 3.830960e-01
482 6.158800e-01 8.840000e-04 3.832360e-01
483 6.156320e-01 9.760000e-04 3.833920e-01
484 6.153760e-01 1.080000e-03 3.835440e-01
485 6.151560e-01 1.084000e-03 3.837600e-01
486 6.149400e-01 1.084000e-03 3.839760e-01
487 6.147320e-01 1.092000e-03 3.841760e-01
488 6.145240e-01 1.124000e-03 3.843520e-01
489 6.143560e-01 1.092000e-03 3.845520e-01
490 6.141760e-01 1.144000e-03 3.846800e-01
491 6.139480e-01 1.112000e-03 3.849400e-01
492 6.137960e-01 1.060000e-03 3.851440e-01
493 6.136200e-01 1.064000e-03 3.853160e-01
494 6.134600e-01 1.064000e-03 3.854760e-01
495 6.133280e-01 1.060000e-03 3.856120e-01
496 6.131200e-01 1.092000e-03 3.857880e-01
497 6.130080e-01 1.040000e-03 3.859520e-01
498 6.128880e-01 9.760000e-04 3.861360e-01
499 6.127520e-01 9.400000e-04 3.863080e-01
500 6.126200e-01 9.080000e-04 3.864720e-01
