1 9.992640e-01 6.560000e-04 8.000000e-05
2 9.987360e-01 1.028000e-03 2.360000e-04
3 9.981160e-01 1.436000e-03 4.480000e-04
4 9.974280e-01 1.844000e-03 7.280000e-04
5 9.967480e-01 2.196000e-03 1.056000e-03
6 9.959080e-01 2.684000e-03 1.408000e-03
7 9.951040e-01 2.944000e-03 1.952000e-03
8 9.941120e-01 3.340000e-03 2.548000e-03
9 9.931800e-01 3.724000e-03 3.096000e-03
10 9.921320e-01 4.096000e-03 3.772000e-03
11 9.910040e-01 4.508000e-03 4.488000e-03
12 9.900200e-01 4.748000e-03 5.232000e-03
13 9.889200e-01 5.032000e-03 6.048000e-03
14 9.878000e-01 5.364000e-03 6.836000e-03
15 9.867760e-01 5.524000e-03 7.700000e-03
16 9.855600e-01 5.804000e-03 8.636000e-03
17 9.843320e-01 5.972000e-03 9.696000e-03
18 9.830640e-01 6.168000e-03 1.076800e-02
19 9.818560e-01 6.308000e-03 1.183600e-02
20 9.804040e-01 6.584000e-03 1.301200e-02
21 9.789000e-01 6.888000e-03 1.421200e-02
22 9.775360e-01 7.104000e-03 1.536000e-02
23 9.761400e-01 7.300000e-03 1.656000e-02
24 9.746240e-01 7.432000e-03 1.794400e-02
25 9.730400e-01 7.672000e-03 1.928800e-02
26 9.714120e-01 8.052000e-03 2.053600e-02
27 9.699160e-01 8.184000e-03 2.190000e-02
28 9.683280e-01 8.416000e-03 2.325600e-02
29 9.666760e-01 8.560000e-03 2.476400e-02
30 9.649800e-01 8.684000e-03 2.633600e-02
31 9.631440e-01 8.988000e-03 2.786800e-02
32 9.613240e-01 9.200000e-03 2.947600e-02
33 9.595080e-01 9.520000e-03 3.097200e-02
34 9.576200e-01 9.796000e-03 3.258400e-02
35 9.557200e-01 1.004000e-02 3.424000e-02
36 9.538920e-01 1.010800e-02 3.600000e-02
37 9.521360e-01 1.015200e-02 3.771200e-02
38 9.503640e-01 1.014800e-02 3.948800e-02
39 9.485360e-01 1.013200e-02 4.133200e-02
40 9.467680e-01 1.006400e-02 4.316800e-02
41 9.449800e-01 1.013600e-02 4.488400e-02
42 9.432400e-01 1.015600e-02 4.660400e-02
43 9.415560e-01 9.972000e-03 4.847200e-02
44 9.397400e-01 1.000000e-02 5.026000e-02
45 9.378800e-01 1.005200e-02 5.206800e-02
46 9.360360e-01 1.007200e-02 5.389200e-02
47 9.343560e-01 9.856000e-03 5.578800e-02
48 9.325600e-01 9.852000e-03 5.758800e-02
49 9.307240e-01 1.002400e-02 5.925200e-02
50 9.289560e-01 1.007600e-02 6.096800e-02
51 9.270880e-01 1.015200e-02 6.276000e-02
52 9.252920e-01 1.011600e-02 6.459200e-02
53 9.233920e-01 1.032000e-02 6.628800e-02
54 9.216360e-01 1.035200e-02 6.801200e-02
55 9.196840e-01 1.045600e-02 6.986000e-02
56 9.175640e-01 1.066400e-02 7.177200e-02
57 9.154520e-01 1.087600e-02 7.367200e-02
58 9.135880e-01 1.068400e-02 7.572800e-02
59 9.117320e-01 1.058400e-02 7.768400e-02
60 9.097560e-01 1.067200e-02 7.957200e-02
61 9.079120e-01 1.076400e-02 8.132400e-02
62 9.059920e-01 1.081200e-02 8.319600e-02
63 9.041880e-01 1.062400e-02 8.518800e-02
64 9.021880e-01 1.087600e-02 8.693600e-02
65 9.003600e-01 1.082800e-02 8.881200e-02
66 8.985840e-01 1.074400e-02 9.067200e-02
67 8.967440e-01 1.069200e-02 9.256400e-02
68 8.950520e-01 1.050000e-02 9.444800e-02
69 8.933080e-01 1.046400e-02 9.622800e-02
70 8.916160e-01 1.026000e-02 9.812400e-02
71 8.899080e-01 1.023200e-02 9.986000e-02
72 8.883160e-01 1.004400e-02 1.016400e-01
73 8.867280e-01 9.960000e-03 1.033120e-01
74 8.850480e-01 9.788000e-03 1.051640e-01
75 8.835640e-01 9.668000e-03 1.067680e-01
76 8.819400e-01 9.584000e-03 1.084760e-01
77 8.803120e-01 9.532000e-03 1.101560e-01
78 8.786120e-01 9.572000e-03 1.118160e-01
79 8.769520e-01 9.520000e-03 1.135280e-01
80 8.753800e-01 9.356000e-03 1.152640e-01
81 8.738440e-01 9.288000e-03 1.168680e-01
82 8.720600e-01 9.556000e-03 1.183840e-01
83 8.705200e-01 9.444000e-03 1.200360e-01
84 8.687720e-01 9.528000e-03 1.217000e-01
85 8.672040e-01 9.296000e-03 1.235000e-01
86 8.656200e-01 9.352000e-03 1.250280e-01
87 8.639120e-01 9.448000e-03 1.266400e-01
88 8.622360e-01 9.412000e-03 1.283520e-01
89 8.607040e-01 9.328000e-03 1.299680e-01
90 8.592360e-01 9.196000e-03 1.315680e-01
91 8.577920e-01 9.032000e-03 1.331760e-01
92 8.560640e-01 9.116000e-03 1.348200e-01
93 8.542720e-01 9.324000e-03 1.364040e-01
94 8.527680e-01 9.176000e-03 1.380560e-01
95 8.512320e-01 8.964000e-03 1.398040e-01
96 8.497520e-01 8.868000e-03 1.413800e-01
97 8.482920e-01 8.812000e-03 1.428960e-01
98 8.469560e-01 8.652000e-03 1.443920e-01
99 8.454720e-01 8.632000e-03 1.458960e-01
100 8.441120e-01 8.428000e-03 1.474600e-01
101 8.426720e-01 8.328000e-03 1.490000e-01
102 8.412480e-01 8.304000e-03 1.504480e-01
103 8.398480e-01 8.112000e-03 1.520400e-01
104 8.383160e-01 8.216000e-03 1.534680e-01
105 8.369360e-01 8.200000e-03 1.548640e-01
106 8.355120e-01 8.240000e-03 1.562480e-01
107 8.339040e-01 8.448000e-03 1.576480e-01
108 8.322960e-01 8.572000e-03 1.591320e-01
109 8.307160e-01 8.720000e-03 1.605640e-01
110 8.291720e-01 8.752000e-03 1.620760e-01
111 8.275560e-01 8.904000e-03 1.635400e-01
112 8.258360e-01 9.120000e-03 1.650440e-01
113 8.240600e-01 9.308000e-03 1.666320e-01
114 8.224840e-01 9.240000e-03 1.682760e-01
115 8.208280e-01 9.340000e-03 1.698320e-01
116 8.193200e-01 9.272000e-03 1.714080e-01
117 8.177560e-01 9.196000e-03 1.730480e-01
118 8.162040e-01 9.140000e-03 1.746560e-01
119 8.146800e-01 9.088000e-03 1.762320e-01
120 8.131640e-01 8.952000e-03 1.778840e-01
121 8.117200e-01 8.876000e-03 1.794040e-01
122 8.102240e-01 8.784000e-03 1.809920e-01
123 8.087880e-01 8.768000e-03 1.824440e-01
124 8.073480e-01 8.652000e-03 1.840000e-01
125 8.058560e-01 8.632000e-03 1.855120e-01
126 8.042960e-01 8.648000e-03 1.870560e-01
127 8.026240e-01 8.844000e-03 1.885320e-01
128 8.011760e-01 8.716000e-03 1.901080e-01
129 7.996120e-01 8.808000e-03 1.915800e-01
130 7.979600e-01 9.032000e-03 1.930080e-01
131 7.962680e-01 9.136000e-03 1.945960e-01
132 7.949720e-01 8.868000e-03 1.961600e-01
133 7.935880e-01 8.732000e-03 1.976800e-01
134 7.922360e-01 8.632000e-03 1.991320e-01
135 7.907080e-01 8.612000e-03 2.006800e-01
136 7.892800e-01 8.584000e-03 2.021360e-01
137 7.876840e-01 8.800000e-03 2.035160e-01
138 7.861400e-01 8.676000e-03 2.051840e-01
139 7.847760e-01 8.376000e-03 2.068480e-01
140 7.834000e-01 8.288000e-03 2.083120e-01
141 7.819040e-01 8.332000e-03 2.097640e-01
142 7.805480e-01 8.228000e-03 2.112240e-01
143 7.792080e-01 8.196000e-03 2.125960e-01
144 7.777280e-01 8.328000e-03 2.139440e-01
145 7.761600e-01 8.360000e-03 2.154800e-01
146 7.746920e-01 8.408000e-03 2.169000e-01
147 7.733800e-01 8.352000e-03 2.182680e-01
148 7.720680e-01 8.188000e-03 2.197440e-01
149 7.707760e-01 8.092000e-03 2.211320e-01
150 7.696160e-01 7.892000e-03 2.224920e-01
151 7.683720e-01 7.792000e-03 2.238360e-01
152 7.670240e-01 7.824000e-03 2.251520e-01
153 7.657800e-01 7.600000e-03 2.266200e-01
154 7.645560e-01 7.556000e-03 2.278880e-01
155 7.633600e-01 7.440000e-03 2.292000e-01
156 7.621400e-01 7.376000e-03 2.304840e-01
157 7.610360e-01 7.204000e-03 2.317600e-01
158 7.599280e-01 7.060000e-03 2.330120e-01
159 7.589040e-01 6.840000e-03 2.342560e-01
160 7.577240e-01 6.716000e-03 2.355600e-01
161 7.566160e-01 6.564000e-03 2.368200e-01
162 7.555400e-01 6.508000e-03 2.379520e-01
163 7.545160e-01 6.368000e-03 2.391160e-01
164 7.534880e-01 6.216000e-03 2.402960e-01
165 7.524320e-01 6.184000e-03 2.413840e-01
166 7.513640e-01 6.180000e-03 2.424560e-01
167 7.502120e-01 6.248000e-03 2.435400e-01
168 7.490520e-01 6.288000e-03 2.446600e-01
169 7.479440e-01 6.404000e-03 2.456520e-01
170 7.469120e-01 6.332000e-03 2.467560e-01
171 7.458640e-01 6.296000e-03 2.478400e-01
172 7.448880e-01 6.264000e-03 2.488480e-01
173 7.439880e-01 6.096000e-03 2.499160e-01
174 7.430960e-01 5.832000e-03 2.510720e-01
175 7.421800e-01 5.756000e-03 2.520640e-01
176 7.413160e-01 5.564000e-03 2.531200e-01
177 7.404920e-01 5.476000e-03 2.540320e-01
178 7.395200e-01 5.468000e-03 2.550120e-01
179 7.385320e-01 5.424000e-03 2.560440e-01
180 7.376320e-01 5.288000e-03 2.570800e-01
181 7.366440e-01 5.288000e-03 2.580680e-01
182 7.356640e-01 5.264000e-03 2.590720e-01
183 7.347400e-01 5.284000e-03 2.599760e-01
184 7.338000e-01 5.312000e-03 2.608880e-01
185 7.328040e-01 5.372000e-03 2.618240e-01
186 7.318360e-01 5.336000e-03 2.628280e-01
187 7.308400e-01 5.516000e-03 2.636440e-01
188 7.297200e-01 5.700000e-03 2.645800e-01
189 7.286200e-01 5.816000e-03 2.655640e-01
190 7.277120e-01 5.696000e-03 2.665920e-01
191 7.267960e-01 5.668000e-03 2.675360e-01
192 7.259800e-01 5.472000e-03 2.685480e-01
193 7.250720e-01 5.488000e-03 2.694400e-01
194 7.239800e-01 5.596000e-03 2.704240e-01
195 7.228800e-01 5.652000e-03 2.714680e-01
196 7.218480e-01 5.796000e-03 2.723560e-01
197 7.207320e-01 5.708000e-03 2.735600e-01
198 7.197240e-01 5.684000e-03 2.745920e-01
199 7.187080e-01 5.680000e-03 2.756120e-01
200 7.176840e-01 5.772000e-03 2.765440e-01
201 7.165400e-01 5.800000e-03 2.776600e-01
202 7.155720e-01 5.716000e-03 2.787120e-01
203 7.144520e-01 5.776000e-03 2.797720e-01
204 7.133920e-01 5.856000e-03 2.807520e-01
205 7.124160e-01 5.868000e-03 2.817160e-01
206 7.115080e-01 5.756000e-03 2.827360e-01
207 7.104360e-01 5.932000e-03 2.836320e-01
208 7.093800e-01 5.940000e-03 2.846800e-01
209 7.084000e-01 5.764000e-03 2.858360e-01
210 7.073880e-01 5.744000e-03 2.868680e-01
211 7.064120e-01 5.700000e-03 2.878880e-01
212 7.055080e-01 5.600000e-03 2.888920e-01
213 7.046080e-01 5.468000e-03 2.899240e-01
214 7.037920e-01 5.460000e-03 2.907480e-01
215 7.030080e-01 5.252000e-03 2.917400e-01
216 7.022760e-01 5.044000e-03 2.926800e-01
217 7.015560e-01 4.892000e-03 2.935520e-01
218 7.008960e-01 4.724000e-03 2.943800e-01
219 7.000960e-01 4.668000e-03 2.952360e-01
220 6.993800e-01 4.656000e-03 2.959640e-01
221 6.985960e-01 4.712000e-03 2.966920e-01
222 6.978520e-01 4.656000e-03 2.974920e-01
223 6.970520e-01 4.632000e-03 2.983160e-01
224 6.962600e-01 4.664000e-03 2.990760e-01
225 6.953760e-01 4.728000e-03 2.998960e-01
226 6.944920e-01 4.860000e-03 3.006480e-01
227 6.937000e-01 4.808000e-03 3.014920e-01
228 6.928200e-01 4.836000e-03 3.023440e-01
229 6.919360e-01 4.968000e-03 3.030960e-01
230 6.910960e-01 4.936000e-03 3.039680e-01
231 6.902120e-01 4.968000e-03 3.048200e-01
232 6.893760e-01 4.912000e-03 3.057120e-01
233 6.885440e-01 4.880000e-03 3.065760e-01
234 6.876840e-01 4.876000e-03 3.074400e-01
235 6.868840e-01 4.912000e-03 3.082040e-01
236 6.861280e-01 4.760000e-03 3.091120e-01
237 6.852120e-01 4.796000e-03 3.099920e-01
238 6.843120e-01 4.844000e-03 3.108440e-01
239 6.834400e-01 4.976000e-03 3.115840e-01
240 6.825480e-01 4.976000e-03 3.124760e-01
241 6.815760e-01 5.096000e-03 3.133280e-01
242 6.805560e-01 5.212000e-03 3.142320e-01
243 6.798120e-01 5.076000e-03 3.151120e-01
244 6.790040e-01 4.944000e-03 3.160520e-01
245 6.782440e-01 4.824000e-03 3.169320e-01
246 6.774040e-01 4.840000e-03 3.177560e-01
247 6.766160e-01 4.852000e-03 3.185320e-01
248 6.757880e-01 4.908000e-03 3.193040e-01
249 6.749800e-01 4.800000e-03 3.202200e-01
250 6.741560e-01 4.808000e-03 3.210360e-01
251 6.732720e-01 4.908000e-03 3.218200e-01
252 6.724360e-01 4.864000e-03 3.227000e-01
253 6.715480e-01 4.888000e-03 3.235640e-01
254 6.706000e-01 5.000000e-03 3.244000e-01
255 6.697640e-01 4.940000e-03 3.252960e-01
256 6.690120e-01 4.860000e-03 3.261280e-01
257 6.680680e-01 4.916000e-03 3.270160e-01
258 6.672680e-01 4.792000e-03 3.279400e-01
259 6.662600e-01 4.976000e-03 3.287640e-01
260 6.655520e-01 4.808000e-03 3.296400e-01
261 6.646000e-01 4.948000e-03 3.304520e-01
262 6.636920e-01 5.036000e-03 3.312720e-01
263 6.627800e-01 5.112000e-03 3.321080e-01
264 6.618600e-01 5.132000e-03 3.330080e-01
265 6.609240e-01 5.068000e-03 3.340080e-01
266 6.599960e-01 5.088000e-03 3.349160e-01
267 6.590920e-01 5.076000e-03 3.358320e-01
268 6.582600e-01 5.036000e-03 3.367040e-01
269 6.573520e-01 5.020000e-03 3.376280e-01
270 6.564640e-01 5.072000e-03 3.384640e-01
271 6.556560e-01 5.068000e-03 3.392760e-01
272 6.548000e-01 4.976000e-03 3.402240e-01
273 6.540920e-01 4.836000e-03 3.410720e-01
274 6.534000e-01 4.728000e-03 3.418720e-01
275 6.527080e-01 4.604000e-03 3.426880e-01
276 6.520640e-01 4.440000e-03 3.434960e-01
277 6.514000e-01 4.400000e-03 3.442000e-01
278 6.508240e-01 4.156000e-03 3.450200e-01
279 6.502360e-01 4.044000e-03 3.457200e-01
280 6.496800e-01 3.888000e-03 3.464320e-01
281 6.490960e-01 3.824000e-03 3.470800e-01
282 6.485680e-01 3.648000e-03 3.477840e-01
283 6.479560e-01 3.620000e-03 3.484240e-01
284 6.473160e-01 3.664000e-03 3.490200e-01
285 6.466880e-01 3.656000e-03 3.496560e-01
286 6.459920e-01 3.672000e-03 3.503360e-01
287 6.453800e-01 3.608000e-03 3.510120e-01
288 6.447080e-01 3.652000e-03 3.516400e-01
289 6.441240e-01 3.596000e-03 3.522800e-01
290 6.436400e-01 3.408000e-03 3.529520e-01
291 6.430680e-01 3.328000e-03 3.536040e-01
292 6.424560e-01 3.308000e-03 3.542360e-01
293 6.420160e-01 3.140000e-03 3.548440e-01
294 6.415640e-01 3.024000e-03 3.554120e-01
295 6.411000e-01 3.008000e-03 3.558920e-01
296 6.406720e-01 2.936000e-03 3.563920e-01
297 6.401800e-01 2.888000e-03 3.569320e-01
298 6.398120e-01 2.720000e-03 3.574680e-01
299 6.393920e-01 2.716000e-03 3.578920e-01
300 6.389680e-01 2.684000e-03 3.583480e-01
301 6.385520e-01 2.612000e-03 3.588360e-01
302 6.382040e-01 2.504000e-03 3.592920e-01
303 6.377320e-01 2.484000e-03 3.597840e-01
304 6.373320e-01 2.456000e-03 3.602120e-01
305 6.369200e-01 2.448000e-03 3.606320e-01
306 6.365320e-01 2.420000e-03 3.610480e-01
307 6.361520e-01 2.348000e-03 3.615000e-01
308 6.356720e-01 2.436000e-03 3.618920e-01
309 6.352000e-01 2.488000e-03 3.623120e-01
310 6.347880e-01 2.472000e-03 3.627400e-01
311 6.343600e-01 2.480000e-03 3.631600e-01
312 6.339400e-01 2.524000e-03 3.635360e-01
313 6.335280e-01 2.524000e-03 3.639480e-01
314 6.330760e-01 2.448000e-03 3.644760e-01
315 6.326440e-01 2.416000e-03 3.649400e-01
316 6.321920e-01 2.452000e-03 3.653560e-01
317 6.317840e-01 2.460000e-03 3.657560e-01
318 6.313920e-01 2.368000e-03 3.662400e-01
319 6.308880e-01 2.460000e-03 3.666520e-01
320 6.305480e-01 2.356000e-03 3.670960e-01
321 6.301480e-01 2.336000e-03 3.675160e-01
322 6.297120e-01 2.380000e-03 3.679080e-01
323 6.292520e-01 2.432000e-03 3.683160e-01
324 6.287840e-01 2.440000e-03 3.687760e-01
325 6.283920e-01 2.384000e-03 3.692240e-01
326 6.279800e-01 2.384000e-03 3.696360e-01
327 6.276200e-01 2.324000e-03 3.700560e-01
328 6.272760e-01 2.252000e-03 3.704720e-01
329 6.269600e-01 2.196000e-03 3.708440e-01
330 6.266040e-01 2.180000e-03 3.712160e-01
331 6.262520e-01 2.148000e-03 3.716000e-01
332 6.259160e-01 2.168000e-03 3.719160e-01
333 6.256440e-01 2.044000e-03 3.723120e-01
334 6.253440e-01 2.020000e-03 3.726360e-01
335 6.250840e-01 1.984000e-03 3.729320e-01
336 6.247720e-01 1.920000e-03 3.733080e-01
337 6.244600e-01 1.924000e-03 3.736160e-01
338 6.241280e-01 1.896000e-03 3.739760e-01
339 6.238120e-01 1.828000e-03 3.743600e-01
340 6.235320e-01 1.780000e-03 3.746880e-01
341 6.233000e-01 1.716000e-03 3.749840e-01
342 6.230240e-01 1.708000e-03 3.752680e-01
343 6.227560e-01 1.696000e-03 3.755480e-01
344 6.224320e-01 1.684000e-03 3.758840e-01
345 6.221680e-01 1.676000e-03 3.761560e-01
346 6.218800e-01 1.660000e-03 3.764600e-01
347 6.216200e-01 1.616000e-03 3.767640e-01
348 6.214080e-01 1.564000e-03 3.770280e-01
349 6.211160e-01 1.588000e-03 3.772960e-01
350 6.208560e-01 1.644000e-03 3.775000e-01
351 6.205360e-01 1.672000e-03 3.777920e-01
352 6.202680e-01 1.580000e-03 3.781520e-01
353 6.200360e-01 1.532000e-03 3.784320e-01
354 6.198360e-01 1.440000e-03 3.787240e-01
355 6.196280e-01 1.376000e-03 3.789960e-01
356 6.194320e-01 1.332000e-03 3.792360e-01
357 6.192160e-01 1.284000e-03 3.795000e-01
358 6.190200e-01 1.256000e-03 3.797240e-01
359 6.188480e-01 1.216000e-03 3.799360e-01
360 6.186640e-01 1.196000e-03 3.801400e-01
361 6.184600e-01 1.192000e-03 3.803480e-01
362 6.182240e-01 1.180000e-03 3.805960e-01
363 6.180280e-01 1.172000e-03 3.808000e-01
364 6.178680e-01 1.124000e-03 3.810080e-01
365 6.177280e-01 1.036000e-03 3.812360e-01
366 6.175320e-01 1.032000e-03 3.814360e-01
367 6.173840e-01 1.024000e-03 3.815920e-01
368 6.172200e-01 9.880000e-04 3.817920e-01
369 6.169960e-01 9.960000e-04 3.820080e-01
370 6.167800e-01 1.040000e-03 3.821800e-01
371 6.166040e-01 1.032000e-03 3.823640e-01
372 6.164000e-01 1.048000e-03 3.825520e-01
373 6.162400e-01 1.008000e-03 3.827520e-01
374 6.160640e-01 1.020000e-03 3.829160e-01
375 6.159000e-01 1.032000e-03 3.830680e-01
376 6.157200e-01 1.060000e-03 3.832200e-01
377 6.155200e-01 1.064000e-03 3.834160e-01
378 6.153840e-01 1.000000e-03 3.836160e-01
379 6.152160e-01 9.720000e-04 3.838120e-01
380 6.150760e-01 9.240000e-04 3.840000e-01
381 6.149320e-01 8.600000e-04 3.842080e-01
382 6.147440e-01 9.320000e-04 3.843240e-01
383 6.145880e-01 9.160000e-04 3.844960e-01
384 6.144240e-01 9.080000e-04 3.846680e-01
385 6.142280e-01 9.440000e-04 3.848280e-01
386 6.140640e-01 9.320000e-04 3.850040e-01
387 6.139480e-01 8.800000e-04 3.851720e-01
388 6.137800e-01 9.080000e-04 3.853120e-01
389 6.136200e-01 9.040000e-04 3.854760e-01
390 6.134840e-01 8.760000e-04 3.856400e-01
391 6.133560e-01 8.560000e-04 3.857880e-01
392 6.131960e-01 8.600000e-04 3.859440e-01
393 6.130000e-01 9.160000e-04 3.860840e-01
394 6.127680e-01 9.960000e-04 3.862360e-01
395 6.125680e-01 9.520000e-04 3.864800e-01
396 6.123600e-01 9.520000e-04 3.866880e-01
397 6.121760e-01 9.480000e-04 3.868760e-01
398 6.119840e-01 9.400000e-04 3.870760e-01
399 6.118400e-01 9.400000e-04 3.872200e-01
400 6.116920e-01 9.520000e-04 3.873560e-01
401 6.115040e-01 9.840000e-04 3.875120e-01
402 6.112720e-01 1.048000e-03 3.876800e-01
403 6.110440e-01 1.084000e-03 3.878720e-01
404 6.108000e-01 1.148000e-03 3.880520e-01
405 6.105920e-01 1.136000e-03 3.882720e-01
406 6.103960e-01 1.148000e-03 3.884560e-01
407 6.101640e-01 1.204000e-03 3.886320e-01
408 6.099320e-01 1.236000e-03 3.888320e-01
409 6.097040e-01 1.264000e-03 3.890320e-01
410 6.094400e-01 1.376000e-03 3.891840e-01
411 6.092320e-01 1.324000e-03 3.894440e-01
412 6.090320e-01 1.248000e-03 3.897200e-01
413 6.088600e-01 1.208000e-03 3.899320e-01
414 6.086200e-01 1.220000e-03 3.901600e-01
415 6.084480e-01 1.208000e-03 3.903440e-01
416 6.082760e-01 1.200000e-03 3.905240e-01
417 6.080720e-01 1.228000e-03 3.907000e-01
418 6.078920e-01 1.204000e-03 3.909040e-01
419 6.077440e-01 1.140000e-03 3.911160e-01
420 6.075600e-01 1.120000e-03 3.913200e-01
421 6.073480e-01 1.144000e-03 3.915080e-01
422 6.071680e-01 1.136000e-03 3.916960e-01
423 6.069880e-01 1.096000e-03 3.919160e-01
424 6.067240e-01 1.180000e-03 3.920960e-01
425 6.064600e-01 1.208000e-03 3.923320e-01
426 6.062240e-01 1.204000e-03 3.925720e-01
427 6.059920e-01 1.204000e-03 3.928040e-01
428 6.057840e-01 1.176000e-03 3.930400e-01
429 6.055760e-01 1.240000e-03 3.931840e-01
430 6.053760e-01 1.236000e-03 3.933880e-01
431 6.051880e-01 1.224000e-03 3.935880e-01
432 6.050280e-01 1.180000e-03 3.937920e-01
433 6.047640e-01 1.288000e-03 3.939480e-01
434 6.045200e-01 1.288000e-03 3.941920e-01
435 6.043040e-01 1.256000e-03 3.944400e-01
436 6.041200e-01 1.156000e-03 3.947240e-01
437 6.038960e-01 1.164000e-03 3.949400e-01
438 6.036560e-01 1.148000e-03 3.951960e-01
439 6.034920e-01 1.124000e-03 3.953840e-01
440 6.032720e-01 1.152000e-03 3.955760e-01
441 6.030880e-01 1.136000e-03 3.957760e-01
442 6.028800e-01 1.112000e-03 3.960080e-01
443 6.026200e-01 1.224000e-03 3.961560e-01
444 6.023760e-01 1.224000e-03 3.964000e-01
445 6.022200e-01 1.192000e-03 3.965880e-01
446 6.020800e-01 1.132000e-03 3.967880e-01
447 6.018680e-01 1.120000e-03 3.970120e-01
448 6.017520e-01 1.008000e-03 3.972400e-01
449 6.016520e-01 9.360000e-04 3.974120e-01
450 6.015480e-01 8.640000e-04 3.975880e-01
451 6.014360e-01 8.000000e-04 3.977640e-01
452 6.013200e-01 7.680000e-04 3.979120e-01
453 6.011880e-01 7.560000e-04 3.980560e-01
454 6.010760e-01 7.320000e-04 3.981920e-01
455 6.010000e-01 7.080000e-04 3.982920e-01
456 6.008720e-01 7.280000e-04 3.984000e-01
457 6.007880e-01 6.840000e-04 3.985280e-01
458 6.007160e-01 6.400000e-04 3.986440e-01
459 6.006240e-01 6.320000e-04 3.987440e-01
460 6.005360e-01 5.960000e-04 3.988680e-01
461 6.004200e-01 6.080000e-04 3.989720e-01
462 6.003120e-01 6.360000e-04 3.990520e-01
463 6.002080e-01 6.400000e-04 3.991520e-01
464 6.001240e-01 6.320000e-04 3.992440e-01
465 6.000080e-01 6.240000e-04 3.993680e-01
466 5.998880e-01 6.160000e-04 3.994960e-01
467 5.997880e-01 6.120000e-04 3.996000e-01
468 5.996560e-01 6.680000e-04 3.996760e-01
469 5.995440e-01 6.720000e-04 3.997840e-01
470 5.993840e-01 6.880000e-04 3.999280e-01
471 5.992720e-01 7.040000e-04 4.000240e-01
472 5.991840e-01 6.960000e-04 4.001200e-01
473 5.990800e-01 6.920000e-04 4.002280e-01
474 5.989960e-01 6.680000e-04 4.003360e-01
475 5.988440e-01 6.960000e-04 4.004600e-01
476 5.987880e-01 6.080000e-04 4.006040e-01
477 5.986880e-01 6.200000e-04 4.006920e-01
478 5.986080e-01 6.120000e-04 4.007800e-01
479 5.985240e-01 5.880000e-04 4.008880e-01
480 5.984520e-01 5.520000e-04 4.009960e-01
481 5.983680e-01 5.400000e-04 4.010920e-01
482 5.983120e-01 5.320000e-04 4.011560e-01
483 5.982360e-01 5.200000e-04 4.012440e-01
484 5.981600e-01 5.120000e-04 4.013280e-01
485 5.981160e-01 5.000000e-04 4.013840e-01
486 5.980680e-01 4.760000e-04 4.014560e-01
487 5.980360e-01 4.480000e-04 4.015160e-01
488 5.979960e-01 4.200000e-04 4.015840e-01
489 5.979080e-01 4.680000e-04 4.016240e-01
490 5.978240e-01 4.720000e-04 4.017040e-01
491 5.977520e-01 4.440000e-04 4.018040e-01
492 5.976760e-01 4.480000e-04 4.018760e-01
493 5.976080e-01 4.400000e-04 4.019520e-01
494 5.975440e-01 4.320000e-04 4.020240e-01
495 5.974800e-01 4.200000e-04 4.021000e-01
496 5.974200e-01 4.200000e-04 4.021600e-01
497 5.973640e-01 3.920000e-04 4.022440e-01
498 5.973040e-01 4.160000e-04 4.022800e-01
499 5.972360e-01 4.400000e-04 4.023240e-01
500 5.971840e-01 4.120000e-04 4.024040e-01
