1 9.992280e-01 6.840000e-04 8.800000e-05
2 9.987560e-01 1.012000e-03 2.320000e-04
3 9.980160e-01 1.508000e-03 4.760000e-04
4 9.973280e-01 1.916000e-03 7.560000e-04
5 9.965200e-01 2.380000e-03 1.100000e-03
6 9.956680e-01 2.804000e-03 1.528000e-03
7 9.945960e-01 3.348000e-03 2.056000e-03
8 9.936000e-01 3.756000e-03 2.644000e-03
9 9.926880e-01 3.992000e-03 3.320000e-03
10 9.917920e-01 4.220000e-03 3.988000e-03
11 9.908520e-01 4.492000e-03 4.656000e-03
12 9.897560e-01 4.772000e-03 5.472000e-03
13 9.887280e-01 5.028000e-03 6.244000e-03
14 9.875360e-01 5.292000e-03 7.172000e-03
15 9.863240e-01 5.640000e-03 8.036000e-03
16 9.850000e-01 5.952000e-03 9.048000e-03
17 9.836680e-01 6.192000e-03 1.014000e-02
18 9.823680e-01 6.356000e-03 1.127600e-02
19 9.809440e-01 6.584000e-03 1.247200e-02
20 9.795520e-01 6.808000e-03 1.364000e-02
21 9.780640e-01 7.000000e-03 1.493600e-02
22 9.766440e-01 7.116000e-03 1.624000e-02
23 9.751800e-01 7.312000e-03 1.750800e-02
24 9.737240e-01 7.424000e-03 1.885200e-02
25 9.721960e-01 7.572000e-03 2.023200e-02
26 9.706480e-01 7.908000e-03 2.144400e-02
27 9.691000e-01 8.092000e-03 2.280800e-02
28 9.675200e-01 8.220000e-03 2.426000e-02
29 9.660240e-01 8.340000e-03 2.563600e-02
30 9.646280e-01 8.288000e-03 2.708400e-02
31 9.629680e-01 8.424000e-03 2.860800e-02
32 9.612280e-01 8.596000e-03 3.017600e-02
33 9.596440e-01 8.512000e-03 3.184400e-02
34 9.580960e-01 8.580000e-03 3.332400e-02
35 9.564160e-01 8.752000e-03 3.483200e-02
36 9.546480e-01 8.988000e-03 3.636400e-02
37 9.529880e-01 9.056000e-03 3.795600e-02
38 9.512480e-01 9.236000e-03 3.951600e-02
39 9.495760e-01 9.380000e-03 4.104400e-02
40 9.477400e-01 9.536000e-03 4.272400e-02
41 9.460520e-01 9.500000e-03 4.444800e-02
42 9.444640e-01 9.420000e-03 4.611600e-02
43 9.427760e-01 9.452000e-03 4.777200e-02
44 9.411400e-01 9.496000e-03 4.936400e-02
45 9.394800e-01 9.512000e-03 5.100800e-02
46 9.378680e-01 9.340000e-03 5.279200e-02
47 9.363040e-01 9.376000e-03 5.432000e-02
48 9.347320e-01 9.264000e-03 5.600400e-02
49 9.330880e-01 9.304000e-03 5.760800e-02
50 9.314440e-01 9.260000e-03 5.929600e-02
51 9.297400e-01 9.372000e-03 6.088800e-02
52 9.279640e-01 9.508000e-03 6.252800e-02
53 9.262600e-01 9.604000e-03 6.413600e-02
54 9.243440e-01 9.912000e-03 6.574400e-02
55 9.227240e-01 9.756000e-03 6.752000e-02
56 9.208880e-01 1.003200e-02 6.908000e-02
57 9.190320e-01 1.009600e-02 7.087200e-02
58 9.172360e-01 9.916000e-03 7.284800e-02
59 9.155760e-01 9.800000e-03 7.462400e-02
60 9.136640e-01 1.006000e-02 7.627600e-02
61 9.118600e-01 1.014400e-02 7.799600e-02
62 9.099600e-01 1.036000e-02 7.968000e-02
63 9.081400e-01 1.036400e-02 8.149600e-02
64 9.064440e-01 1.016000e-02 8.339600e-02
65 9.047720e-01 1.012400e-02 8.510400e-02
66 9.031640e-01 1.007600e-02 8.676000e-02
67 9.015600e-01 9.872000e-03 8.856800e-02
68 8.999000e-01 9.644000e-03 9.045600e-02
69 8.984200e-01 9.312000e-03 9.226800e-02
70 8.968160e-01 9.312000e-03 9.387200e-02
71 8.952120e-01 9.208000e-03 9.558000e-02
72 8.933280e-01 9.424000e-03 9.724800e-02
73 8.916680e-01 9.428000e-03 9.890400e-02
74 8.900280e-01 9.356000e-03 1.006160e-01
75 8.883960e-01 9.344000e-03 1.022600e-01
76 8.865920e-01 9.480000e-03 1.039280e-01
77 8.848960e-01 9.704000e-03 1.054000e-01
78 8.831920e-01 9.668000e-03 1.071400e-01
79 8.815840e-01 9.640000e-03 1.087760e-01
80 8.797400e-01 9.772000e-03 1.104880e-01
81 8.780480e-01 9.848000e-03 1.121040e-01
82 8.764120e-01 9.788000e-03 1.138000e-01
83 8.745120e-01 1.009600e-02 1.153920e-01
84 8.727040e-01 1.020400e-02 1.170920e-01
85 8.709080e-01 1.032400e-02 1.187680e-01
86 8.692440e-01 1.014400e-02 1.206120e-01
87 8.675760e-01 1.012400e-02 1.223000e-01
88 8.658680e-01 9.984000e-03 1.241480e-01
89 8.640520e-01 1.010400e-02 1.258440e-01
90 8.623840e-01 1.002800e-02 1.275880e-01
91 8.606080e-01 1.002000e-02 1.293720e-01
92 8.590560e-01 9.812000e-03 1.311320e-01
93 8.573840e-01 9.764000e-03 1.328520e-01
94 8.557440e-01 9.644000e-03 1.346120e-01
95 8.539720e-01 9.736000e-03 1.362920e-01
96 8.524880e-01 9.540000e-03 1.379720e-01
97 8.510400e-01 9.268000e-03 1.396920e-01
98 8.493680e-01 9.324000e-03 1.413080e-01
99 8.477120e-01 9.264000e-03 1.430240e-01
100 8.461600e-01 9.316000e-03 1.445240e-01
101 8.446760e-01 9.320000e-03 1.460040e-01
102 8.430160e-01 9.436000e-03 1.475480e-01
103 8.414680e-01 9.328000e-03 1.492040e-01
104 8.398600e-01 9.244000e-03 1.508960e-01
105 8.383240e-01 9.076000e-03 1.526000e-01
106 8.366080e-01 9.144000e-03 1.542480e-01
107 8.350040e-01 9.136000e-03 1.558600e-01
108 8.334280e-01 9.112000e-03 1.574600e-01
109 8.317600e-01 9.172000e-03 1.590680e-01
110 8.302760e-01 9.020000e-03 1.607040e-01
111 8.287440e-01 9.008000e-03 1.622480e-01
112 8.271880e-01 8.928000e-03 1.638840e-01
113 8.255440e-01 9.076000e-03 1.653800e-01
114 8.240400e-01 8.904000e-03 1.670560e-01
115 8.224520e-01 8.876000e-03 1.686720e-01
116 8.209520e-01 8.808000e-03 1.702400e-01
117 8.194400e-01 8.700000e-03 1.718600e-01
118 8.180240e-01 8.668000e-03 1.733080e-01
119 8.164520e-01 8.768000e-03 1.747800e-01
120 8.149000e-01 8.840000e-03 1.762600e-01
121 8.134520e-01 8.772000e-03 1.777760e-01
122 8.121000e-01 8.652000e-03 1.792480e-01
123 8.107600e-01 8.472000e-03 1.807680e-01
124 8.094040e-01 8.328000e-03 1.822680e-01
125 8.080600e-01 8.304000e-03 1.836360e-01
126 8.068840e-01 7.972000e-03 1.851440e-01
127 8.056120e-01 7.868000e-03 1.865200e-01
128 8.041520e-01 7.964000e-03 1.878840e-01
129 8.028400e-01 7.968000e-03 1.891920e-01
130 8.014400e-01 7.956000e-03 1.906040e-01
131 8.002400e-01 7.808000e-03 1.919520e-01
132 7.988720e-01 7.816000e-03 1.933120e-01
133 7.974720e-01 7.864000e-03 1.946640e-01
134 7.961080e-01 7.840000e-03 1.960520e-01
135 7.948000e-01 7.812000e-03 1.973880e-01
136 7.934520e-01 7.812000e-03 1.987360e-01
137 7.920920e-01 7.700000e-03 2.002080e-01
138 7.908280e-01 7.568000e-03 2.016040e-01
139 7.896200e-01 7.428000e-03 2.029520e-01
140 7.883200e-01 7.392000e-03 2.042880e-01
141 7.870720e-01 7.356000e-03 2.055720e-01
142 7.857280e-01 7.400000e-03 2.068720e-01
143 7.845080e-01 7.480000e-03 2.080120e-01
144 7.833080e-01 7.412000e-03 2.092800e-01
145 7.819440e-01 7.544000e-03 2.105120e-01
146 7.808480e-01 7.376000e-03 2.117760e-01
147 7.796120e-01 7.324000e-03 2.130640e-01
148 7.783720e-01 7.272000e-03 2.143560e-01
149 7.771280e-01 7.116000e-03 2.157560e-01
150 7.759760e-01 6.988000e-03 2.170360e-01
151 7.748640e-01 6.908000e-03 2.182280e-01
152 7.737720e-01 6.852000e-03 2.193760e-01
153 7.726640e-01 6.792000e-03 2.205440e-01
154 7.714400e-01 6.820000e-03 2.217400e-01
155 7.703120e-01 6.664000e-03 2.230240e-01
156 7.693400e-01 6.412000e-03 2.242480e-01
157 7.681600e-01 6.440000e-03 2.254000e-01
158 7.669600e-01 6.440000e-03 2.266000e-01
159 7.658280e-01 6.320000e-03 2.278520e-01
160 7.648880e-01 6.208000e-03 2.289040e-01
161 7.638920e-01 6.072000e-03 2.300360e-01
162 7.628400e-01 5.972000e-03 2.311880e-01
163 7.618200e-01 6.076000e-03 2.321040e-01
164 7.606760e-01 6.152000e-03 2.331720e-01
165 7.595280e-01 6.280000e-03 2.341920e-01
166 7.585520e-01 6.232000e-03 2.352160e-01
167 7.575960e-01 6.136000e-03 2.362680e-01
168 7.565000e-01 6.084000e-03 2.374160e-01
169 7.553240e-01 6.184000e-03 2.384920e-01
170 7.542640e-01 6.160000e-03 2.395760e-01
171 7.531960e-01 6.268000e-03 2.405360e-01
172 7.521760e-01 6.220000e-03 2.416040e-01
173 7.511680e-01 6.148000e-03 2.426840e-01
174 7.500120e-01 6.260000e-03 2.437280e-01
175 7.490080e-01 6.208000e-03 2.447840e-01
176 7.479880e-01 6.120000e-03 2.458920e-01
177 7.470600e-01 6.052000e-03 2.468880e-01
178 7.459760e-01 6.076000e-03 2.479480e-01
179 7.449760e-01 6.032000e-03 2.489920e-01
180 7.440000e-01 6.000000e-03 2.500000e-01
181 7.429680e-01 5.952000e-03 2.510800e-01
182 7.419680e-01 5.932000e-03 2.521000e-01
183 7.410440e-01 5.880000e-03 2.530760e-01
184 7.401640e-01 5.776000e-03 2.540600e-01
185 7.392680e-01 5.664000e-03 2.550680e-01
186 7.382680e-01 5.644000e-03 2.560880e-01
187 7.372880e-01 5.700000e-03 2.570120e-01
188 7.361680e-01 5.912000e-03 2.579200e-01
189 7.352200e-01 5.808000e-03 2.589720e-01
190 7.342960e-01 5.644000e-03 2.600600e-01
191 7.333680e-01 5.556000e-03 2.610760e-01
192 7.324920e-01 5.424000e-03 2.620840e-01
193 7.314960e-01 5.416000e-03 2.630880e-01
194 7.306960e-01 5.244000e-03 2.640600e-01
195 7.298280e-01 5.304000e-03 2.648680e-01
196 7.289480e-01 5.296000e-03 2.657560e-01
197 7.281040e-01 5.232000e-03 2.666640e-01
198 7.272000e-01 5.208000e-03 2.675920e-01
199 7.262160e-01 5.256000e-03 2.685280e-01
200 7.252720e-01 5.224000e-03 2.695040e-01
201 7.243040e-01 5.320000e-03 2.703760e-01
202 7.234000e-01 5.416000e-03 2.711840e-01
203 7.225280e-01 5.372000e-03 2.721000e-01
204 7.215720e-01 5.368000e-03 2.730600e-01
205 7.207680e-01 5.292000e-03 2.739400e-01
206 7.200120e-01 5.020000e-03 2.749680e-01
207 7.192720e-01 4.932000e-03 2.757960e-01
208 7.185640e-01 4.780000e-03 2.766560e-01
209 7.177360e-01 4.768000e-03 2.774960e-01
210 7.169600e-01 4.604000e-03 2.784360e-01
211 7.161240e-01 4.780000e-03 2.790960e-01
212 7.153560e-01 4.744000e-03 2.799000e-01
213 7.145200e-01 4.788000e-03 2.806920e-01
214 7.137120e-01 4.820000e-03 2.814680e-01
215 7.128640e-01 4.940000e-03 2.821960e-01
216 7.121720e-01 4.700000e-03 2.831280e-01
217 7.114120e-01 4.640000e-03 2.839480e-01
218 7.105640e-01 4.772000e-03 2.846640e-01
219 7.096760e-01 4.832000e-03 2.854920e-01
220 7.088920e-01 4.708000e-03 2.864000e-01
221 7.080320e-01 4.684000e-03 2.872840e-01
222 7.072240e-01 4.712000e-03 2.880640e-01
223 7.063880e-01 4.836000e-03 2.887760e-01
224 7.055520e-01 4.856000e-03 2.895920e-01
225 7.046800e-01 4.896000e-03 2.904240e-01
226 7.038400e-01 4.824000e-03 2.913360e-01
227 7.031320e-01 4.744000e-03 2.921240e-01
228 7.022400e-01 4.804000e-03 2.929560e-01
229 7.014320e-01 4.704000e-03 2.938640e-01
230 7.005880e-01 4.832000e-03 2.945800e-01
231 6.997240e-01 4.816000e-03 2.954600e-01
232 6.988840e-01 4.852000e-03 2.962640e-01
233 6.981560e-01 4.784000e-03 2.970600e-01
234 6.973240e-01 4.804000e-03 2.978720e-01
235 6.966240e-01 4.752000e-03 2.986240e-01
236 6.958600e-01 4.596000e-03 2.995440e-01
237 6.950960e-01 4.556000e-03 3.003480e-01
238 6.944200e-01 4.408000e-03 3.011720e-01
239 6.937240e-01 4.376000e-03 3.019000e-01
240 6.929120e-01 4.384000e-03 3.027040e-01
241 6.921520e-01 4.400000e-03 3.034480e-01
242 6.913600e-01 4.356000e-03 3.042840e-01
243 6.907320e-01 4.360000e-03 3.049080e-01
244 6.900680e-01 4.308000e-03 3.056240e-01
245 6.893640e-01 4.328000e-03 3.063080e-01
246 6.885680e-01 4.336000e-03 3.070960e-01
247 6.877640e-01 4.432000e-03 3.078040e-01
248 6.869720e-01 4.472000e-03 3.085560e-01
249 6.862880e-01 4.380000e-03 3.093320e-01
250 6.855440e-01 4.376000e-03 3.100800e-01
251 6.847400e-01 4.392000e-03 3.108680e-01
252 6.839480e-01 4.396000e-03 3.116560e-01
253 6.831640e-01 4.416000e-03 3.124200e-01
254 6.824000e-01 4.424000e-03 3.131760e-01
255 6.815960e-01 4.476000e-03 3.139280e-01
256 6.807920e-01 4.444000e-03 3.147640e-01
257 6.799120e-01 4.552000e-03 3.155360e-01
258 6.791520e-01 4.612000e-03 3.162360e-01
259 6.782160e-01 4.744000e-03 3.170400e-01
260 6.774000e-01 4.756000e-03 3.178440e-01
261 6.766080e-01 4.760000e-03 3.186320e-01
262 6.759200e-01 4.684000e-03 3.193960e-01
263 6.750720e-01 4.760000e-03 3.201680e-01
264 6.743880e-01 4.600000e-03 3.210120e-01
265 6.737800e-01 4.380000e-03 3.218400e-01
266 6.730440e-01 4.372000e-03 3.225840e-01
267 6.722160e-01 4.432000e-03 3.233520e-01
268 6.713880e-01 4.484000e-03 3.241280e-01
269 6.705280e-01 4.580000e-03 3.248920e-01
270 6.698160e-01 4.428000e-03 3.257560e-01
271 6.690640e-01 4.480000e-03 3.264560e-01
272 6.682960e-01 4.484000e-03 3.272200e-01
273 6.675800e-01 4.420000e-03 3.280000e-01
274 6.667680e-01 4.508000e-03 3.287240e-01
275 6.660280e-01 4.416000e-03 3.295560e-01
276 6.653720e-01 4.336000e-03 3.302920e-01
277 6.646400e-01 4.240000e-03 3.311200e-01
278 6.638840e-01 4.256000e-03 3.318600e-01
279 6.630200e-01 4.292000e-03 3.326880e-01
280 6.623240e-01 4.184000e-03 3.334920e-01
281 6.616320e-01 4.072000e-03 3.342960e-01
282 6.609960e-01 3.928000e-03 3.350760e-01
283 6.603760e-01 3.832000e-03 3.357920e-01
284 6.598400e-01 3.764000e-03 3.363960e-01
285 6.591840e-01 3.700000e-03 3.371160e-01
286 6.586160e-01 3.556000e-03 3.378280e-01
287 6.580160e-01 3.540000e-03 3.384440e-01
288 6.573880e-01 3.572000e-03 3.390400e-01
289 6.566080e-01 3.792000e-03 3.396000e-01
290 6.558360e-01 3.928000e-03 3.402360e-01
291 6.551600e-01 3.864000e-03 3.409760e-01
292 6.544480e-01 3.920000e-03 3.416320e-01
293 6.537520e-01 3.904000e-03 3.423440e-01
294 6.530800e-01 3.964000e-03 3.429560e-01
295 6.523480e-01 4.064000e-03 3.435880e-01
296 6.516480e-01 4.076000e-03 3.442760e-01
297 6.509800e-01 4.004000e-03 3.450160e-01
298 6.503360e-01 3.920000e-03 3.457440e-01
299 6.496920e-01 3.832000e-03 3.464760e-01
300 6.490920e-01 3.784000e-03 3.471240e-01
301 6.485040e-01 3.796000e-03 3.477000e-01
302 6.479000e-01 3.796000e-03 3.483040e-01
303 6.471440e-01 3.928000e-03 3.489280e-01
304 6.464480e-01 3.896000e-03 3.496560e-01
305 6.457880e-01 3.972000e-03 3.502400e-01
306 6.451000e-01 3.980000e-03 3.509200e-01
307 6.444680e-01 3.900000e-03 3.516320e-01
308 6.438240e-01 3.808000e-03 3.523680e-01
309 6.431800e-01 3.792000e-03 3.530280e-01
310 6.425600e-01 3.740000e-03 3.537000e-01
311 6.420880e-01 3.572000e-03 3.543400e-01
312 6.414200e-01 3.672000e-03 3.549080e-01
313 6.408160e-01 3.624000e-03 3.555600e-01
314 6.402680e-01 3.488000e-03 3.562440e-01
315 6.396560e-01 3.556000e-03 3.567880e-01
316 6.391080e-01 3.552000e-03 3.573400e-01
317 6.386080e-01 3.420000e-03 3.579720e-01
318 6.380400e-01 3.376000e-03 3.585840e-01
319 6.375320e-01 3.316000e-03 3.591520e-01
320 6.369840e-01 3.336000e-03 3.596800e-01
321 6.363800e-01 3.364000e-03 3.602560e-01
322 6.357640e-01 3.348000e-03 3.608880e-01
323 6.351800e-01 3.316000e-03 3.615040e-01
324 6.346200e-01 3.300000e-03 3.620800e-01
325 6.341080e-01 3.212000e-03 3.626800e-01
326 6.336160e-01 3.192000e-03 3.631920e-01
327 6.330400e-01 3.160000e-03 3.638000e-01
328 6.325480e-01 3.084000e-03 3.643680e-01
329 6.319400e-01 3.128000e-03 3.649320e-01
330 6.313920e-01 3.144000e-03 3.654640e-01
331 6.308440e-01 3.224000e-03 3.659320e-01
332 6.304080e-01 3.084000e-03 3.665080e-01
333 6.298320e-01 3.088000e-03 3.670800e-01
334 6.292400e-01 3.128000e-03 3.676320e-01
335 6.287400e-01 3.184000e-03 3.680760e-01
336 6.281800e-01 3.140000e-03 3.686800e-01
337 6.275920e-01 3.128000e-03 3.692800e-01
338 6.270600e-01 3.076000e-03 3.698640e-01
339 6.264000e-01 3.256000e-03 3.703440e-01
340 6.257720e-01 3.276000e-03 3.709520e-01
341 6.251440e-01 3.400000e-03 3.714560e-01
342 6.245440e-01 3.412000e-03 3.720440e-01
343 6.239400e-01 3.440000e-03 3.726200e-01
344 6.233080e-01 3.548000e-03 3.731440e-01
345 6.227240e-01 3.588000e-03 3.736880e-01
346 6.220920e-01 3.624000e-03 3.742840e-01
347 6.213840e-01 3.684000e-03 3.749320e-01
348 6.208000e-01 3.676000e-03 3.755240e-01
349 6.201480e-01 3.712000e-03 3.761400e-01
350 6.195880e-01 3.544000e-03 3.768680e-01
351 6.189920e-01 3.512000e-03 3.774960e-01
352 6.183600e-01 3.548000e-03 3.780920e-01
353 6.177880e-01 3.524000e-03 3.786880e-01
354 6.172480e-01 3.448000e-03 3.793040e-01
355 6.166920e-01 3.440000e-03 3.798680e-01
356 6.162480e-01 3.360000e-03 3.803920e-01
357 6.158480e-01 3.252000e-03 3.809000e-01
358 6.152600e-01 3.224000e-03 3.815160e-01
359 6.147080e-01 3.184000e-03 3.821080e-01
360 6.142000e-01 3.172000e-03 3.826280e-01
361 6.137720e-01 3.056000e-03 3.831720e-01
362 6.132160e-01 3.132000e-03 3.836520e-01
363 6.125880e-01 3.248000e-03 3.841640e-01
364 6.120640e-01 3.208000e-03 3.847280e-01
365 6.115960e-01 3.092000e-03 3.853120e-01
366 6.111720e-01 2.932000e-03 3.858960e-01
367 6.107280e-01 2.892000e-03 3.863800e-01
368 6.101840e-01 2.928000e-03 3.868880e-01
369 6.097680e-01 2.800000e-03 3.874320e-01
370 6.093480e-01 2.728000e-03 3.879240e-01
371 6.088360e-01 2.692000e-03 3.884720e-01
372 6.083520e-01 2.784000e-03 3.888640e-01
373 6.079480e-01 2.720000e-03 3.893320e-01
374 6.074720e-01 2.776000e-03 3.897520e-01
375 6.070520e-01 2.736000e-03 3.902120e-01
376 6.066720e-01 2.632000e-03 3.906960e-01
377 6.062440e-01 2.600000e-03 3.911560e-01
378 6.058040e-01 2.636000e-03 3.915600e-01
379 6.053520e-01 2.608000e-03 3.920400e-01
380 6.049080e-01 2.676000e-03 3.924160e-01
381 6.044840e-01 2.672000e-03 3.928440e-01
382 6.040200e-01 2.636000e-03 3.933440e-01
383 6.035440e-01 2.692000e-03 3.937640e-01
384 6.030920e-01 2.692000e-03 3.942160e-01
385 6.027360e-01 2.544000e-03 3.947200e-01
386 6.023080e-01 2.536000e-03 3.951560e-01
387 6.019040e-01 2.444000e-03 3.956520e-01
388 6.015320e-01 2.392000e-03 3.960760e-01
389 6.011000e-01 2.432000e-03 3.964680e-01
390 6.007160e-01 2.388000e-03 3.968960e-01
391 6.003200e-01 2.408000e-03 3.972720e-01
392 5.999360e-01 2.428000e-03 3.976360e-01
393 5.995360e-01 2.428000e-03 3.980360e-01
394 5.990840e-01 2.404000e-03 3.985120e-01
395 5.987120e-01 2.372000e-03 3.989160e-01
396 5.983320e-01 2.312000e-03 3.993560e-01
397 5.978920e-01 2.368000e-03 3.997400e-01
398 5.974400e-01 2.344000e-03 4.002160e-01
399 5.969600e-01 2.468000e-03 4.005720e-01
400 5.964560e-01 2.568000e-03 4.009760e-01
401 5.960360e-01 2.524000e-03 4.014400e-01
402 5.955520e-01 2.600000e-03 4.018480e-01
403 5.951560e-01 2.540000e-03 4.023040e-01
404 5.947520e-01 2.528000e-03 4.027200e-01
405 5.943640e-01 2.468000e-03 4.031680e-01
406 5.938920e-01 2.412000e-03 4.036960e-01
407 5.935360e-01 2.336000e-03 4.041280e-01
408 5.932080e-01 2.236000e-03 4.045560e-01
409 5.928880e-01 2.240000e-03 4.048720e-01
410 5.925480e-01 2.160000e-03 4.052920e-01
411 5.922040e-01 2.120000e-03 4.056760e-01
412 5.917840e-01 2.136000e-03 4.060800e-01
413 5.914520e-01 2.060000e-03 4.064880e-01
414 5.911120e-01 1.992000e-03 4.068960e-01
415 5.908480e-01 1.944000e-03 4.072080e-01
416 5.905080e-01 1.956000e-03 4.075360e-01
417 5.901960e-01 1.936000e-03 4.078680e-01
418 5.898320e-01 1.964000e-03 4.082040e-01
419 5.895440e-01 1.968000e-03 4.084880e-01
420 5.892480e-01 1.944000e-03 4.088080e-01
421 5.888920e-01 1.964000e-03 4.091440e-01
422 5.885520e-01 1.956000e-03 4.094920e-01
423 5.882440e-01 1.908000e-03 4.098480e-01
424 5.879680e-01 1.852000e-03 4.101800e-01
425 5.876480e-01 1.852000e-03 4.105000e-01
426 5.873560e-01 1.796000e-03 4.108480e-01
427 5.870280e-01 1.772000e-03 4.112000e-01
428 5.867960e-01 1.668000e-03 4.115360e-01
429 5.865560e-01 1.592000e-03 4.118520e-01
430 5.863120e-01 1.540000e-03 4.121480e-01
431 5.860440e-01 1.536000e-03 4.124200e-01
432 5.858240e-01 1.456000e-03 4.127200e-01
433 5.855720e-01 1.492000e-03 4.129360e-01
434 5.853400e-01 1.424000e-03 4.132360e-01
435 5.851600e-01 1.332000e-03 4.135080e-01
436 5.849640e-01 1.276000e-03 4.137600e-01
437 5.847840e-01 1.228000e-03 4.139880e-01
438 5.846120e-01 1.176000e-03 4.142120e-01
439 5.843640e-01 1.204000e-03 4.144320e-01
440 5.841720e-01 1.184000e-03 4.146440e-01
441 5.839360e-01 1.192000e-03 4.148720e-01
442 5.837560e-01 1.208000e-03 4.150360e-01
443 5.835400e-01 1.176000e-03 4.152840e-01
444 5.833880e-01 1.080000e-03 4.155320e-01
445 5.832760e-01 1.032000e-03 4.156920e-01
446 5.831600e-01 9.800000e-04 4.158600e-01
447 5.830320e-01 9.400000e-04 4.160280e-01
448 5.828920e-01 9.240000e-04 4.161840e-01
449 5.827480e-01 9.160000e-04 4.163360e-01
450 5.825520e-01 9.600000e-04 4.164880e-01
451 5.823120e-01 1.024000e-03 4.166640e-01
452 5.821160e-01 1.084000e-03 4.168000e-01
453 5.819400e-01 1.084000e-03 4.169760e-01
454 5.817600e-01 1.032000e-03 4.172080e-01
455 5.815480e-01 1.064000e-03 4.173880e-01
456 5.813000e-01 1.136000e-03 4.175640e-01
457 5.811240e-01 1.084000e-03 4.177920e-01
458 5.809400e-01 1.088000e-03 4.179720e-01
459 5.807800e-01 1.028000e-03 4.181920e-01
460 5.806360e-01 9.520000e-04 4.184120e-01
461 5.805000e-01 9.240000e-04 4.185760e-01
462 5.803360e-01 9.240000e-04 4.187400e-01
463 5.801840e-01 9.520000e-04 4.188640e-01
464 5.800080e-01 9.640000e-04 4.190280e-01
465 5.798480e-01 9.640000e-04 4.191880e-01
466 5.796480e-01 1.004000e-03 4.193480e-01
467 5.795160e-01 9.760000e-04 4.195080e-01
468 5.793960e-01 8.920000e-04 4.197120e-01
469 5.792800e-01 8.720000e-04 4.198480e-01
470 5.791600e-01 8.520000e-04 4.199880e-01
471 5.790240e-01 8.560000e-04 4.201200e-01
472 5.788480e-01 8.800000e-04 4.202720e-01
473 5.786920e-01 8.880000e-04 4.204200e-01
474 5.784960e-01 9.000000e-04 4.206040e-01
475 5.783000e-01 9.440000e-04 4.207560e-01
476 5.781640e-01 9.080000e-04 4.209280e-01
477 5.779960e-01 9.080000e-04 4.210960e-01
478 5.778440e-01 9.160000e-04 4.212400e-01
479 5.776920e-01 9.000000e-04 4.214080e-01
480 5.775280e-01 8.880000e-04 4.215840e-01
481 5.774560e-01 8.120000e-04 4.217320e-01
482 5.773280e-01 8.160000e-04 4.218560e-01
483 5.771840e-01 8.120000e-04 4.220040e-01
484 5.771000e-01 7.280000e-04 4.221720e-01
485 5.769680e-01 7.520000e-04 4.222800e-01
486 5.768520e-01 7.440000e-04 4.224040e-01
487 5.767520e-01 6.960000e-04 4.225520e-01
488 5.766280e-01 7.120000e-04 4.226600e-01
489 5.765000e-01 7.240000e-04 4.227760e-01
490 5.763720e-01 7.040000e-04 4.229240e-01
491 5.762360e-01 7.040000e-04 4.230600e-01
492 5.761200e-01 6.760000e-04 4.232040e-01
493 5.759680e-01 6.880000e-04 4.233440e-01
494 5.758040e-01 7.640000e-04 4.234320e-01
495 5.756920e-01 7.640000e-04 4.235440e-01
496 5.755560e-01 7.560000e-04 4.236880e-01
497 5.754200e-01 7.480000e-04 4.238320e-01
498 5.753040e-01 7.440000e-04 4.239520e-01
499 5.751240e-01 8.240000e-04 4.240520e-01
500 5.750120e-01 7.600000e-04 4.242280e-01
