1 9.993120e-01 6.040000e-04 8.400000e-05
2 9.988760e-01 9.360000e-04 1.880000e-04
3 9.982880e-01 1.324000e-03 3.880000e-04
4 9.977040e-01 1.656000e-03 6.400000e-04
5 9.969520e-01 2.056000e-03 9.920000e-04
6 9.962880e-01 2.400000e-03 1.312000e-03
7 9.955480e-01 2.692000e-03 1.760000e-03
8 9.946880e-01 3.072000e-03 2.240000e-03
9 9.937680e-01 3.468000e-03 2.764000e-03
10 9.927360e-01 3.796000e-03 3.468000e-03
11 9.918480e-01 3.928000e-03 4.224000e-03
12 9.909800e-01 4.136000e-03 4.884000e-03
13 9.898720e-01 4.476000e-03 5.652000e-03
14 9.888160e-01 4.736000e-03 6.448000e-03
15 9.877320e-01 4.928000e-03 7.340000e-03
16 9.866960e-01 5.056000e-03 8.248000e-03
17 9.854960e-01 5.292000e-03 9.212000e-03
18 9.844680e-01 5.344000e-03 1.018800e-02
19 9.833520e-01 5.464000e-03 1.118400e-02
20 9.822400e-01 5.672000e-03 1.208800e-02
21 9.809640e-01 5.932000e-03 1.310400e-02
22 9.796680e-01 6.204000e-03 1.412800e-02
23 9.784600e-01 6.332000e-03 1.520800e-02
24 9.770920e-01 6.600000e-03 1.630800e-02
25 9.757960e-01 6.692000e-03 1.751200e-02
26 9.743640e-01 6.996000e-03 1.864000e-02
27 9.732160e-01 6.984000e-03 1.980000e-02
28 9.719400e-01 6.928000e-03 2.113200e-02
29 9.706000e-01 7.112000e-03 2.228800e-02
30 9.692600e-01 7.200000e-03 2.354000e-02
31 9.680200e-01 7.148000e-03 2.483200e-02
32 9.666840e-01 7.180000e-03 2.613600e-02
33 9.653880e-01 7.300000e-03 2.731200e-02
34 9.641120e-01 7.272000e-03 2.861600e-02
35 9.628320e-01 7.276000e-03 2.989200e-02
36 9.614880e-01 7.320000e-03 3.119200e-02
37 9.601280e-01 7.508000e-03 3.236400e-02
38 9.587320e-01 7.624000e-03 3.364400e-02
39 9.572080e-01 7.964000e-03 3.482800e-02
40 9.554720e-01 8.172000e-03 3.635600e-02
41 9.538000e-01 8.276000e-03 3.792400e-02
42 9.522560e-01 8.372000e-03 3.937200e-02
43 9.507000e-01 8.552000e-03 4.074800e-02
44 9.491000e-01 8.628000e-03 4.227200e-02
45 9.476120e-01 8.576000e-03 4.381200e-02
46 9.459440e-01 8.828000e-03 4.522800e-02
47 9.442800e-01 8.868000e-03 4.685200e-02
48 9.426520e-01 8.820000e-03 4.852800e-02
49 9.410080e-01 8.904000e-03 5.008800e-02
50 9.394000e-01 9.084000e-03 5.151600e-02
51 9.378040e-01 9.024000e-03 5.317200e-02
52 9.359800e-01 9.140000e-03 5.488000e-02
53 9.343600e-01 9.176000e-03 5.646400e-02
54 9.326000e-01 9.268000e-03 5.813200e-02
55 9.306480e-01 9.628000e-03 5.972400e-02
56 9.288680e-01 9.752000e-03 6.138000e-02
57 9.271480e-01 9.800000e-03 6.305200e-02
58 9.254360e-01 9.840000e-03 6.472400e-02
59 9.236640e-01 9.832000e-03 6.650400e-02
60 9.219200e-01 9.896000e-03 6.818400e-02
61 9.200840e-01 9.960000e-03 6.995600e-02
62 9.182280e-01 9.956000e-03 7.181600e-02
63 9.163440e-01 1.018800e-02 7.346800e-02
64 9.144360e-01 1.031200e-02 7.525200e-02
65 9.123560e-01 1.058800e-02 7.705600e-02
66 9.103720e-01 1.063200e-02 7.899600e-02
67 9.084440e-01 1.066000e-02 8.089600e-02
68 9.065600e-01 1.064000e-02 8.280000e-02
69 9.046240e-01 1.065600e-02 8.472000e-02
70 9.027760e-01 1.053200e-02 8.669200e-02
71 9.010240e-01 1.041600e-02 8.856000e-02
72 8.991800e-01 1.038000e-02 9.044000e-02
73 8.974880e-01 1.038800e-02 9.212400e-02
74 8.956800e-01 1.025600e-02 9.406400e-02
75 8.938920e-01 1.039200e-02 9.571600e-02
76 8.920240e-01 1.050000e-02 9.747600e-02
77 8.901400e-01 1.048800e-02 9.937200e-02
78 8.882640e-01 1.063200e-02 1.011040e-01
79 8.863840e-01 1.063200e-02 1.029840e-01
80 8.844520e-01 1.081200e-02 1.047360e-01
81 8.825320e-01 1.088400e-02 1.065840e-01
82 8.806400e-01 1.094800e-02 1.084120e-01
83 8.786440e-01 1.093600e-02 1.104200e-01
84 8.764320e-01 1.114800e-02 1.124200e-01
85 8.744360e-01 1.116400e-02 1.144000e-01
86 8.724520e-01 1.125600e-02 1.162920e-01
87 8.701480e-01 1.159200e-02 1.182600e-01
88 8.679720e-01 1.184400e-02 1.201840e-01
89 8.658960e-01 1.186000e-02 1.222440e-01
90 8.638080e-01 1.186400e-02 1.243280e-01
91 8.614120e-01 1.213200e-02 1.264560e-01
92 8.592560e-01 1.219600e-02 1.285480e-01
93 8.569720e-01 1.225600e-02 1.307720e-01
94 8.547880e-01 1.235200e-02 1.328600e-01
95 8.527080e-01 1.236400e-02 1.349280e-01
96 8.505680e-01 1.229200e-02 1.371400e-01
97 8.484400e-01 1.218800e-02 1.393720e-01
98 8.462760e-01 1.225600e-02 1.414680e-01
99 8.442960e-01 1.214400e-02 1.435600e-01
100 8.420560e-01 1.228000e-02 1.456640e-01
101 8.401160e-01 1.211600e-02 1.477680e-01
102 8.381000e-01 1.204800e-02 1.498520e-01
103 8.361360e-01 1.200000e-02 1.518640e-01
104 8.341880e-01 1.194400e-02 1.538680e-01
105 8.321080e-01 1.195200e-02 1.559400e-01
106 8.298680e-01 1.212800e-02 1.580040e-01
107 8.278840e-01 1.204800e-02 1.600680e-01
108 8.257280e-01 1.204800e-02 1.622240e-01
109 8.235960e-01 1.200000e-02 1.644040e-01
110 8.215400e-01 1.184800e-02 1.666120e-01
111 8.196640e-01 1.161200e-02 1.687240e-01
112 8.176680e-01 1.161600e-02 1.707160e-01
113 8.157240e-01 1.160800e-02 1.726680e-01
114 8.138280e-01 1.154000e-02 1.746320e-01
115 8.118640e-01 1.150800e-02 1.766280e-01
116 8.098200e-01 1.159600e-02 1.785840e-01
117 8.076880e-01 1.178800e-02 1.805240e-01
118 8.057640e-01 1.163600e-02 1.826000e-01
119 8.036560e-01 1.174400e-02 1.846000e-01
120 8.016080e-01 1.176000e-02 1.866320e-01
121 7.998360e-01 1.148800e-02 1.886760e-01
122 7.980400e-01 1.128800e-02 1.906720e-01
123 7.962520e-01 1.104800e-02 1.927000e-01
124 7.943440e-01 1.096400e-02 1.946920e-01
125 7.925120e-01 1.098400e-02 1.965040e-01
126 7.905920e-01 1.103600e-02 1.983720e-01
127 7.885800e-01 1.122800e-02 2.001920e-01
128 7.865600e-01 1.138400e-02 2.020560e-01
129 7.846960e-01 1.108000e-02 2.042240e-01
130 7.829400e-01 1.094800e-02 2.061120e-01
131 7.809600e-01 1.114400e-02 2.078960e-01
132 7.790320e-01 1.116400e-02 2.098040e-01
133 7.770680e-01 1.125200e-02 2.116800e-01
134 7.753160e-01 1.117600e-02 2.135080e-01
135 7.736760e-01 1.084400e-02 2.154800e-01
136 7.719200e-01 1.084800e-02 2.172320e-01
137 7.698600e-01 1.097200e-02 2.191680e-01
138 7.681960e-01 1.069600e-02 2.211080e-01
139 7.663760e-01 1.071600e-02 2.229080e-01
140 7.647800e-01 1.046000e-02 2.247600e-01
141 7.630680e-01 1.031200e-02 2.266200e-01
142 7.614720e-01 1.013200e-02 2.283960e-01
143 7.598720e-01 1.007200e-02 2.300560e-01
144 7.581960e-01 1.004400e-02 2.317600e-01
145 7.562320e-01 1.028400e-02 2.334840e-01
146 7.545280e-01 1.026800e-02 2.352040e-01
147 7.530000e-01 1.004000e-02 2.369600e-01
148 7.512680e-01 1.004000e-02 2.386920e-01
149 7.495280e-01 9.988000e-03 2.404840e-01
150 7.479800e-01 9.872000e-03 2.421480e-01
151 7.463800e-01 9.724000e-03 2.438960e-01
152 7.447920e-01 9.648000e-03 2.455600e-01
153 7.432760e-01 9.604000e-03 2.471200e-01
154 7.417600e-01 9.368000e-03 2.488720e-01
155 7.403240e-01 9.260000e-03 2.504160e-01
156 7.387440e-01 9.220000e-03 2.520360e-01
157 7.371080e-01 9.072000e-03 2.538200e-01
158 7.356280e-01 8.856000e-03 2.555160e-01
159 7.340160e-01 8.880000e-03 2.571040e-01
160 7.325880e-01 8.660000e-03 2.587520e-01
161 7.310360e-01 8.844000e-03 2.601200e-01
162 7.296040e-01 8.820000e-03 2.615760e-01
163 7.281520e-01 8.648000e-03 2.632000e-01
164 7.266800e-01 8.472000e-03 2.648480e-01
165 7.252960e-01 8.436000e-03 2.662680e-01
166 7.238920e-01 8.364000e-03 2.677440e-01
167 7.224480e-01 8.484000e-03 2.690680e-01
168 7.210120e-01 8.476000e-03 2.705120e-01
169 7.194920e-01 8.476000e-03 2.720320e-01
170 7.181440e-01 8.340000e-03 2.735160e-01
171 7.166640e-01 8.352000e-03 2.749840e-01
172 7.153360e-01 8.092000e-03 2.765720e-01
173 7.139920e-01 8.092000e-03 2.779160e-01
174 7.125720e-01 8.060000e-03 2.793680e-01
175 7.112440e-01 8.112000e-03 2.806440e-01
176 7.099040e-01 8.020000e-03 2.820760e-01
177 7.086560e-01 7.780000e-03 2.835640e-01
178 7.071720e-01 7.908000e-03 2.849200e-01
179 7.057120e-01 7.964000e-03 2.863240e-01
180 7.044840e-01 7.808000e-03 2.877080e-01
181 7.031920e-01 7.736000e-03 2.890720e-01
182 7.019080e-01 7.748000e-03 2.903440e-01
183 7.005960e-01 7.644000e-03 2.917600e-01
184 6.994200e-01 7.404000e-03 2.931760e-01
185 6.983320e-01 7.236000e-03 2.944320e-01
186 6.971120e-01 7.092000e-03 2.957960e-01
187 6.960320e-01 7.068000e-03 2.969000e-01
188 6.949880e-01 6.840000e-03 2.981720e-01
189 6.937840e-01 6.792000e-03 2.994240e-01
190 6.926400e-01 6.784000e-03 3.005760e-01
191 6.915160e-01 6.720000e-03 3.017640e-01
192 6.901920e-01 6.880000e-03 3.029280e-01
193 6.890040e-01 7.036000e-03 3.039600e-01
194 6.879600e-01 6.872000e-03 3.051680e-01
195 6.869000e-01 6.640000e-03 3.064600e-01
196 6.857040e-01 6.640000e-03 3.076560e-01
197 6.846880e-01 6.484000e-03 3.088280e-01
198 6.836280e-01 6.424000e-03 3.099480e-01
199 6.826240e-01 6.344000e-03 3.110320e-01
200 6.815280e-01 6.404000e-03 3.120680e-01
201 6.805360e-01 6.324000e-03 3.131400e-01
202 6.795920e-01 6.136000e-03 3.142720e-01
203 6.784520e-01 6.136000e-03 3.154120e-01
204 6.773240e-01 6.096000e-03 3.165800e-01
205 6.762600e-01 6.172000e-03 3.175680e-01
206 6.750800e-01 6.340000e-03 3.185800e-01
207 6.740160e-01 6.336000e-03 3.196480e-01
208 6.729280e-01 6.432000e-03 3.206400e-01
209 6.718120e-01 6.476000e-03 3.217120e-01
210 6.705640e-01 6.640000e-03 3.227960e-01
211 6.693640e-01 6.672000e-03 3.239640e-01
212 6.682640e-01 6.656000e-03 3.250800e-01
213 6.672080e-01 6.576000e-03 3.262160e-01
214 6.662160e-01 6.340000e-03 3.274440e-01
215 6.652360e-01 6.144000e-03 3.286200e-01
216 6.642480e-01 6.060000e-03 3.296920e-01
217 6.632920e-01 5.904000e-03 3.308040e-01
218 6.622840e-01 5.928000e-03 3.317880e-01
219 6.613440e-01 5.852000e-03 3.328040e-01
220 6.604600e-01 5.716000e-03 3.338240e-01
221 6.595200e-01 5.700000e-03 3.347800e-01
222 6.586480e-01 5.532000e-03 3.358200e-01
223 6.578400e-01 5.392000e-03 3.367680e-01
224 6.570280e-01 5.264000e-03 3.377080e-01
225 6.562320e-01 5.076000e-03 3.386920e-01
226 6.553320e-01 5.156000e-03 3.395120e-01
227 6.544480e-01 5.196000e-03 3.403560e-01
228 6.535680e-01 5.240000e-03 3.411920e-01
229 6.526640e-01 5.216000e-03 3.421200e-01
230 6.517520e-01 5.264000e-03 3.429840e-01
231 6.508880e-01 5.252000e-03 3.438600e-01
232 6.500240e-01 5.264000e-03 3.447120e-01
233 6.491760e-01 5.140000e-03 3.456840e-01
234 6.484480e-01 4.944000e-03 3.466080e-01
235 6.475240e-01 5.000000e-03 3.474760e-01
236 6.467040e-01 4.924000e-03 3.483720e-01
237 6.458440e-01 4.896000e-03 3.492600e-01
238 6.451000e-01 4.904000e-03 3.499960e-01
239 6.443840e-01 4.772000e-03 3.508440e-01
240 6.436760e-01 4.644000e-03 3.516800e-01
241 6.430680e-01 4.360000e-03 3.525720e-01
242 6.425120e-01 4.180000e-03 3.533080e-01
243 6.418320e-01 4.088000e-03 3.540800e-01
244 6.411600e-01 4.028000e-03 3.548120e-01
245 6.404800e-01 4.140000e-03 3.553800e-01
246 6.398440e-01 4.048000e-03 3.561080e-01
247 6.391480e-01 4.028000e-03 3.568240e-01
248 6.385120e-01 3.920000e-03 3.575680e-01
249 6.375920e-01 4.124000e-03 3.582840e-01
250 6.367800e-01 4.172000e-03 3.590480e-01
251 6.360560e-01 4.188000e-03 3.597560e-01
252 6.353480e-01 4.148000e-03 3.605040e-01
253 6.346760e-01 4.120000e-03 3.612040e-01
254 6.339120e-01 4.136000e-03 3.619520e-01
255 6.331680e-01 4.036000e-03 3.627960e-01
256 6.324120e-01 4.088000e-03 3.635000e-01
257 6.317880e-01 3.976000e-03 3.642360e-01
258 6.310800e-01 3.944000e-03 3.649760e-01
259 6.304600e-01 3.900000e-03 3.656400e-01
260 6.297760e-01 3.904000e-03 3.663200e-01
261 6.291920e-01 3.812000e-03 3.669960e-01
262 6.285080e-01 3.836000e-03 3.676560e-01
263 6.278840e-01 3.816000e-03 3.683000e-01
264 6.273800e-01 3.668000e-03 3.689520e-01
265 6.268400e-01 3.520000e-03 3.696400e-01
266 6.263360e-01 3.372000e-03 3.702920e-01
267 6.258320e-01 3.320000e-03 3.708480e-01
268 6.251960e-01 3.404000e-03 3.714000e-01
269 6.244960e-01 3.492000e-03 3.720120e-01
270 6.239480e-01 3.408000e-03 3.726440e-01
271 6.233160e-01 3.440000e-03 3.732440e-01
272 6.227720e-01 3.288000e-03 3.739400e-01
273 6.221400e-01 3.344000e-03 3.745160e-01
274 6.215760e-01 3.276000e-03 3.751480e-01
275 6.209880e-01 3.284000e-03 3.757280e-01
276 6.203280e-01 3.376000e-03 3.762960e-01
277 6.197440e-01 3.404000e-03 3.768520e-01
278 6.191000e-01 3.492000e-03 3.774080e-01
279 6.185480e-01 3.512000e-03 3.779400e-01
280 6.178760e-01 3.524000e-03 3.786000e-01
281 6.173400e-01 3.412000e-03 3.792480e-01
282 6.167320e-01 3.452000e-03 3.798160e-01
283 6.161840e-01 3.348000e-03 3.804680e-01
284 6.156920e-01 3.288000e-03 3.810200e-01
285 6.151400e-01 3.324000e-03 3.815360e-01
286 6.146360e-01 3.168000e-03 3.821960e-01
287 6.141640e-01 3.140000e-03 3.826960e-01
288 6.135920e-01 3.124000e-03 3.832840e-01
289 6.130320e-01 3.212000e-03 3.837560e-01
290 6.125120e-01 3.120000e-03 3.843680e-01
291 6.120200e-01 3.096000e-03 3.848840e-01
292 6.114800e-01 3.156000e-03 3.853640e-01
293 6.109880e-01 3.064000e-03 3.859480e-01
294 6.104400e-01 3.036000e-03 3.865240e-01
295 6.099360e-01 3.024000e-03 3.870400e-01
296 6.094280e-01 3.072000e-03 3.875000e-01
297 6.089240e-01 3.020000e-03 3.880560e-01
298 6.084800e-01 2.928000e-03 3.885920e-01
299 6.080800e-01 2.720000e-03 3.892000e-01
300 6.076360e-01 2.644000e-03 3.897200e-01
301 6.072080e-01 2.624000e-03 3.901680e-01
302 6.068040e-01 2.632000e-03 3.905640e-01
303 6.063640e-01 2.612000e-03 3.910240e-01
304 6.059160e-01 2.616000e-03 3.914680e-01
305 6.054760e-01 2.612000e-03 3.919120e-01
306 6.049880e-01 2.648000e-03 3.923640e-01
307 6.045960e-01 2.628000e-03 3.927760e-01
308 6.041760e-01 2.524000e-03 3.933000e-01
309 6.037880e-01 2.524000e-03 3.936880e-01
310 6.034000e-01 2.484000e-03 3.941160e-01
311 6.029520e-01 2.464000e-03 3.945840e-01
312 6.025520e-01 2.416000e-03 3.950320e-01
313 6.021600e-01 2.340000e-03 3.955000e-01
314 6.016920e-01 2.412000e-03 3.958960e-01
315 6.012800e-01 2.356000e-03 3.963640e-01
316 6.008840e-01 2.376000e-03 3.967400e-01
317 6.004440e-01 2.396000e-03 3.971600e-01
318 5.999040e-01 2.532000e-03 3.975640e-01
319 5.993800e-01 2.612000e-03 3.980080e-01
320 5.989520e-01 2.540000e-03 3.985080e-01
321 5.984960e-01 2.568000e-03 3.989360e-01
322 5.979400e-01 2.668000e-03 3.993920e-01
323 5.973920e-01 2.724000e-03 3.998840e-01
324 5.969200e-01 2.636000e-03 4.004440e-01
325 5.964720e-01 2.576000e-03 4.009520e-01
326 5.959920e-01 2.564000e-03 4.014440e-01
327 5.955440e-01 2.588000e-03 4.018680e-01
328 5.951520e-01 2.584000e-03 4.022640e-01
329 5.947600e-01 2.592000e-03 4.026480e-01
330 5.943400e-01 2.564000e-03 4.030960e-01
331 5.939880e-01 2.412000e-03 4.036000e-01
332 5.935600e-01 2.440000e-03 4.040000e-01
333 5.930800e-01 2.544000e-03 4.043760e-01
334 5.925680e-01 2.692000e-03 4.047400e-01
335 5.920840e-01 2.720000e-03 4.051960e-01
336 5.917120e-01 2.592000e-03 4.056960e-01
337 5.912400e-01 2.608000e-03 4.061520e-01
338 5.907640e-01 2.636000e-03 4.066000e-01
339 5.903560e-01 2.632000e-03 4.070120e-01
340 5.898920e-01 2.628000e-03 4.074800e-01
341 5.893960e-01 2.648000e-03 4.079560e-01
342 5.889600e-01 2.664000e-03 4.083760e-01
343 5.884720e-01 2.656000e-03 4.088720e-01
344 5.879600e-01 2.780000e-03 4.092600e-01
345 5.874760e-01 2.832000e-03 4.096920e-01
346 5.870080e-01 2.740000e-03 4.102520e-01
347 5.864400e-01 2.780000e-03 4.107800e-01
348 5.860080e-01 2.700000e-03 4.112920e-01
349 5.856280e-01 2.640000e-03 4.117320e-01
350 5.851720e-01 2.564000e-03 4.122640e-01
351 5.847320e-01 2.524000e-03 4.127440e-01
352 5.843320e-01 2.552000e-03 4.131160e-01
353 5.839640e-01 2.488000e-03 4.135480e-01
354 5.835600e-01 2.424000e-03 4.140160e-01
355 5.832560e-01 2.260000e-03 4.144840e-01
356 5.829280e-01 2.248000e-03 4.148240e-01
357 5.825920e-01 2.256000e-03 4.151520e-01
358 5.822840e-01 2.144000e-03 4.155720e-01
359 5.819280e-01 2.176000e-03 4.158960e-01
360 5.816480e-01 2.124000e-03 4.162280e-01
361 5.813280e-01 2.016000e-03 4.166560e-01
362 5.810080e-01 2.036000e-03 4.169560e-01
363 5.807240e-01 1.932000e-03 4.173440e-01
364 5.804120e-01 1.948000e-03 4.176400e-01
365 5.800880e-01 1.996000e-03 4.179160e-01
366 5.797080e-01 2.096000e-03 4.181960e-01
367 5.794000e-01 2.064000e-03 4.185360e-01
368 5.790880e-01 2.004000e-03 4.189080e-01
369 5.787440e-01 2.020000e-03 4.192360e-01
370 5.783720e-01 2.072000e-03 4.195560e-01
371 5.780720e-01 2.048000e-03 4.198800e-01
372 5.777200e-01 2.076000e-03 4.202040e-01
373 5.773240e-01 2.116000e-03 4.205600e-01
374 5.769800e-01 2.092000e-03 4.209280e-01
375 5.766720e-01 2.008000e-03 4.213200e-01
376 5.763840e-01 1.956000e-03 4.216600e-01
377 5.760280e-01 1.908000e-03 4.220640e-01
378 5.756360e-01 1.964000e-03 4.224000e-01
379 5.752560e-01 1.988000e-03 4.227560e-01
380 5.749200e-01 2.012000e-03 4.230680e-01
381 5.745760e-01 2.004000e-03 4.234200e-01
382 5.742160e-01 2.028000e-03 4.237560e-01
383 5.739080e-01 1.952000e-03 4.241400e-01
384 5.735760e-01 1.904000e-03 4.245200e-01
385 5.732200e-01 1.952000e-03 4.248280e-01
386 5.728280e-01 2.044000e-03 4.251280e-01
387 5.724000e-01 2.068000e-03 4.255320e-01
388 5.720400e-01 2.040000e-03 4.259200e-01
389 5.716800e-01 2.012000e-03 4.263080e-01
390 5.712440e-01 2.092000e-03 4.266640e-01
391 5.708160e-01 2.208000e-03 4.269760e-01
392 5.704200e-01 2.188000e-03 4.273920e-01
393 5.700840e-01 2.156000e-03 4.277600e-01
394 5.697880e-01 2.052000e-03 4.281600e-01
395 5.694440e-01 1.992000e-03 4.285640e-01
396 5.691440e-01 1.956000e-03 4.289000e-01
397 5.688280e-01 1.912000e-03 4.292600e-01
398 5.684960e-01 1.940000e-03 4.295640e-01
399 5.681680e-01 1.880000e-03 4.299520e-01
400 5.678640e-01 1.868000e-03 4.302680e-01
401 5.675320e-01 1.836000e-03 4.306320e-01
402 5.672200e-01 1.848000e-03 4.309320e-01
403 5.669280e-01 1.812000e-03 4.312600e-01
404 5.665760e-01 1.852000e-03 4.315720e-01
405 5.661480e-01 1.972000e-03 4.318800e-01
406 5.657480e-01 2.020000e-03 4.322320e-01
407 5.654280e-01 1.984000e-03 4.325880e-01
408 5.650080e-01 2.064000e-03 4.329280e-01
409 5.645800e-01 2.112000e-03 4.333080e-01
410 5.642240e-01 2.132000e-03 4.336440e-01
411 5.638400e-01 2.132000e-03 4.340280e-01
412 5.634400e-01 2.128000e-03 4.344320e-01
413 5.631120e-01 2.060000e-03 4.348280e-01
414 5.628000e-01 2.024000e-03 4.351760e-01
415 5.624200e-01 2.052000e-03 4.355280e-01
416 5.620920e-01 2.028000e-03 4.358800e-01
417 5.617360e-01 2.032000e-03 4.362320e-01
418 5.613840e-01 2.060000e-03 4.365560e-01
419 5.610360e-01 2.016000e-03 4.369480e-01
420 5.606240e-01 2.144000e-03 4.372320e-01
421 5.602760e-01 2.128000e-03 4.375960e-01
422 5.600080e-01 2.016000e-03 4.379760e-01
423 5.597800e-01 1.884000e-03 4.383360e-01
424 5.594600e-01 1.860000e-03 4.386800e-01
425 5.591280e-01 1.872000e-03 4.390000e-01
426 5.588480e-01 1.848000e-03 4.393040e-01
427 5.584880e-01 1.896000e-03 4.396160e-01
428 5.580960e-01 1.920000e-03 4.399840e-01
429 5.578000e-01 1.876000e-03 4.403240e-01
430 5.574880e-01 1.876000e-03 4.406360e-01
431 5.571960e-01 1.860000e-03 4.409440e-01
432 5.568440e-01 1.896000e-03 4.412600e-01
433 5.565360e-01 1.856000e-03 4.416080e-01
434 5.562400e-01 1.828000e-03 4.419320e-01
435 5.559840e-01 1.788000e-03 4.422280e-01
436 5.556280e-01 1.788000e-03 4.425840e-01
437 5.553320e-01 1.748000e-03 4.429200e-01
438 5.550600e-01 1.692000e-03 4.432480e-01
439 5.547840e-01 1.596000e-03 4.436200e-01
440 5.545760e-01 1.548000e-03 4.438760e-01
441 5.543160e-01 1.576000e-03 4.441080e-01
442 5.540360e-01 1.508000e-03 4.444560e-01
443 5.538000e-01 1.428000e-03 4.447720e-01
444 5.536200e-01 1.348000e-03 4.450320e-01
445 5.533400e-01 1.384000e-03 4.452760e-01
446 5.531520e-01 1.332000e-03 4.455160e-01
447 5.529400e-01 1.312000e-03 4.457480e-01
448 5.526920e-01 1.284000e-03 4.460240e-01
449 5.525560e-01 1.224000e-03 4.462200e-01
450 5.523560e-01 1.212000e-03 4.464320e-01
451 5.521640e-01 1.196000e-03 4.466400e-01
452 5.519680e-01 1.196000e-03 4.468360e-01
453 5.518040e-01 1.112000e-03 4.470840e-01
454 5.516280e-01 1.100000e-03 4.472720e-01
455 5.514520e-01 1.092000e-03 4.474560e-01
456 5.512760e-01 1.080000e-03 4.476440e-01
457 5.510280e-01 1.140000e-03 4.478320e-01
458 5.508560e-01 1.084000e-03 4.480600e-01
459 5.506320e-01 1.100000e-03 4.482680e-01
460 5.504760e-01 1.088000e-03 4.484360e-01
461 5.503160e-01 1.060000e-03 4.486240e-01
462 5.501400e-01 1.092000e-03 4.487680e-01
463 5.499840e-01 1.096000e-03 4.489200e-01
464 5.497920e-01 1.060000e-03 4.491480e-01
465 5.496120e-01 1.060000e-03 4.493280e-01
466 5.494280e-01 1.092000e-03 4.494800e-01
467 5.492600e-01 1.116000e-03 4.496240e-01
468 5.491000e-01 1.116000e-03 4.497840e-01
469 5.489240e-01 1.092000e-03 4.499840e-01
470 5.487000e-01 1.100000e-03 4.502000e-01
471 5.484760e-01 1.144000e-03 4.503800e-01
472 5.482440e-01 1.160000e-03 4.505960e-01
473 5.480320e-01 1.148000e-03 4.508200e-01
474 5.478600e-01 1.156000e-03 4.509840e-01
475 5.476800e-01 1.172000e-03 4.511480e-01
476 5.474960e-01 1.144000e-03 4.513600e-01
477 5.472760e-01 1.208000e-03 4.515160e-01
478 5.470640e-01 1.200000e-03 4.517360e-01
479 5.468800e-01 1.220000e-03 4.519000e-01
480 5.466280e-01 1.248000e-03 4.521240e-01
481 5.464240e-01 1.248000e-03 4.523280e-01
482 5.461720e-01 1.288000e-03 4.525400e-01
483 5.459200e-01 1.292000e-03 4.527880e-01
484 5.456680e-01 1.260000e-03 4.530720e-01
485 5.453840e-01 1.316000e-03 4.533000e-01
486 5.451320e-01 1.328000e-03 4.535400e-01
487 5.448800e-01 1.388000e-03 4.537320e-01
488 5.446240e-01 1.436000e-03 4.539400e-01
489 5.444040e-01 1.436000e-03 4.541600e-01
490 5.440760e-01 1.504000e-03 4.544200e-01
491 5.438400e-01 1.488000e-03 4.546720e-01
492 5.434600e-01 1.552000e-03 4.549880e-01
493 5.431400e-01 1.608000e-03 4.552520e-01
494 5.428800e-01 1.580000e-03 4.555400e-01
495 5.426200e-01 1.568000e-03 4.558120e-01
496 5.422440e-01 1.624000e-03 4.561320e-01
497 5.419280e-01 1.688000e-03 4.563840e-01
498 5.416560e-01 1.684000e-03 4.566600e-01
499 5.414040e-01 1.616000e-03 4.569800e-01
500 5.411240e-01 1.620000e-03 4.572560e-01
