1 9.992040e-01 6.800000e-04 1.160000e-04
2 9.987480e-01 9.640000e-04 2.880000e-04
3 9.981560e-01 1.352000e-03 4.920000e-04
4 9.975080e-01 1.772000e-03 7.200000e-04
5 9.967960e-01 2.160000e-03 1.044000e-03
6 9.960240e-01 2.528000e-03 1.448000e-03
7 9.951800e-01 2.896000e-03 1.924000e-03
8 9.942880e-01 3.276000e-03 2.436000e-03
9 9.932720e-01 3.708000e-03 3.020000e-03
10 9.923000e-01 3.940000e-03 3.760000e-03
11 9.912960e-01 4.164000e-03 4.540000e-03
12 9.901400e-01 4.620000e-03 5.240000e-03
13 9.890840e-01 4.920000e-03 5.996000e-03
14 9.880160e-01 5.152000e-03 6.832000e-03
15 9.868160e-01 5.512000e-03 7.672000e-03
16 9.856320e-01 5.836000e-03 8.532000e-03
17 9.843960e-01 6.100000e-03 9.504000e-03
18 9.831920e-01 6.252000e-03 1.055600e-02
19 9.819160e-01 6.440000e-03 1.164400e-02
20 9.806240e-01 6.652000e-03 1.272400e-02
21 9.795240e-01 6.556000e-03 1.392000e-02
22 9.783160e-01 6.516000e-03 1.516800e-02
23 9.771560e-01 6.476000e-03 1.636800e-02
24 9.759120e-01 6.676000e-03 1.741200e-02
25 9.746680e-01 6.824000e-03 1.850800e-02
26 9.733840e-01 6.928000e-03 1.968800e-02
27 9.720000e-01 7.116000e-03 2.088400e-02
28 9.706960e-01 7.140000e-03 2.216400e-02
29 9.694480e-01 7.180000e-03 2.337200e-02
30 9.681680e-01 7.080000e-03 2.475200e-02
31 9.669160e-01 7.148000e-03 2.593600e-02
32 9.655760e-01 7.260000e-03 2.716400e-02
33 9.642400e-01 7.300000e-03 2.846000e-02
34 9.629640e-01 7.280000e-03 2.975600e-02
35 9.616520e-01 7.284000e-03 3.106400e-02
36 9.603480e-01 7.348000e-03 3.230400e-02
37 9.591360e-01 7.312000e-03 3.355200e-02
38 9.579360e-01 7.284000e-03 3.478000e-02
39 9.565840e-01 7.384000e-03 3.603200e-02
40 9.553280e-01 7.328000e-03 3.734400e-02
41 9.540040e-01 7.356000e-03 3.864000e-02
42 9.528120e-01 7.224000e-03 3.996400e-02
43 9.515360e-01 7.208000e-03 4.125600e-02
44 9.502800e-01 7.272000e-03 4.244800e-02
45 9.490720e-01 7.264000e-03 4.366400e-02
46 9.478800e-01 7.200000e-03 4.492000e-02
47 9.465320e-01 7.216000e-03 4.625200e-02
48 9.452440e-01 7.332000e-03 4.742400e-02
49 9.439560e-01 7.364000e-03 4.868000e-02
50 9.427720e-01 7.356000e-03 4.987200e-02
51 9.414040e-01 7.384000e-03 5.121200e-02
52 9.400600e-01 7.468000e-03 5.247200e-02
53 9.387360e-01 7.476000e-03 5.378800e-02
54 9.373800e-01 7.388000e-03 5.523200e-02
55 9.360440e-01 7.408000e-03 5.654800e-02
56 9.344400e-01 7.776000e-03 5.778400e-02
57 9.330720e-01 7.652000e-03 5.927600e-02
58 9.316760e-01 7.764000e-03 6.056000e-02
59 9.304680e-01 7.812000e-03 6.172000e-02
60 9.289800e-01 7.744000e-03 6.327600e-02
61 9.275920e-01 7.728000e-03 6.468000e-02
62 9.260600e-01 8.056000e-03 6.588400e-02
63 9.245840e-01 8.168000e-03 6.724800e-02
64 9.231800e-01 8.192000e-03 6.862800e-02
65 9.216720e-01 8.376000e-03 6.995200e-02
66 9.201680e-01 8.432000e-03 7.140000e-02
67 9.186240e-01 8.616000e-03 7.276000e-02
68 9.171840e-01 8.592000e-03 7.422400e-02
69 9.156000e-01 8.760000e-03 7.564000e-02
70 9.141280e-01 8.644000e-03 7.722800e-02
71 9.129040e-01 8.516000e-03 7.858000e-02
72 9.115320e-01 8.444000e-03 8.002400e-02
73 9.101640e-01 8.308000e-03 8.152800e-02
74 9.088120e-01 8.108000e-03 8.308000e-02
75 9.075320e-01 7.960000e-03 8.450800e-02
76 9.060880e-01 8.024000e-03 8.588800e-02
77 9.046800e-01 8.116000e-03 8.720400e-02
78 9.031800e-01 8.224000e-03 8.859600e-02
79 9.014840e-01 8.428000e-03 9.008800e-02
80 8.998560e-01 8.556000e-03 9.158800e-02
81 8.984320e-01 8.364000e-03 9.320400e-02
82 8.969680e-01 8.360000e-03 9.467200e-02
83 8.954520e-01 8.364000e-03 9.618400e-02
84 8.938920e-01 8.408000e-03 9.770000e-02
85 8.923240e-01 8.324000e-03 9.935200e-02
86 8.909520e-01 8.208000e-03 1.008400e-01
87 8.894400e-01 8.224000e-03 1.023360e-01
88 8.880760e-01 8.076000e-03 1.038480e-01
89 8.867480e-01 8.124000e-03 1.051280e-01
90 8.853240e-01 8.100000e-03 1.065760e-01
91 8.839120e-01 8.144000e-03 1.079440e-01
92 8.825960e-01 8.120000e-03 1.092840e-01
93 8.812520e-01 7.976000e-03 1.107720e-01
94 8.797880e-01 8.056000e-03 1.121560e-01
95 8.784800e-01 7.888000e-03 1.136320e-01
96 8.771400e-01 7.784000e-03 1.150760e-01
97 8.758200e-01 7.668000e-03 1.165120e-01
98 8.744600e-01 7.700000e-03 1.178400e-01
99 8.731480e-01 7.704000e-03 1.191480e-01
100 8.717080e-01 7.708000e-03 1.205840e-01
101 8.704640e-01 7.636000e-03 1.219000e-01
102 8.691240e-01 7.656000e-03 1.232200e-01
103 8.677640e-01 7.700000e-03 1.245360e-01
104 8.664840e-01 7.724000e-03 1.257920e-01
105 8.652640e-01 7.620000e-03 1.271160e-01
106 8.640080e-01 7.592000e-03 1.284000e-01
107 8.627760e-01 7.500000e-03 1.297240e-01
108 8.616080e-01 7.212000e-03 1.311800e-01
109 8.603040e-01 7.284000e-03 1.324120e-01
110 8.588720e-01 7.376000e-03 1.337520e-01
111 8.575360e-01 7.492000e-03 1.349720e-01
112 8.562280e-01 7.588000e-03 1.361840e-01
113 8.548320e-01 7.580000e-03 1.375880e-01
114 8.535040e-01 7.512000e-03 1.389840e-01
115 8.523280e-01 7.392000e-03 1.402800e-01
116 8.512040e-01 7.292000e-03 1.415040e-01
117 8.499120e-01 7.276000e-03 1.428120e-01
118 8.486200e-01 7.348000e-03 1.440320e-01
119 8.473520e-01 7.348000e-03 1.453000e-01
120 8.460760e-01 7.376000e-03 1.465480e-01
121 8.449080e-01 7.196000e-03 1.478960e-01
122 8.435480e-01 7.232000e-03 1.492200e-01
123 8.422200e-01 7.136000e-03 1.506440e-01
124 8.409680e-01 7.152000e-03 1.518800e-01
125 8.396320e-01 7.304000e-03 1.530640e-01
126 8.384080e-01 7.284000e-03 1.543080e-01
127 8.371160e-01 7.204000e-03 1.556800e-01
128 8.359720e-01 7.092000e-03 1.569360e-01
129 8.347320e-01 7.120000e-03 1.581480e-01
130 8.334400e-01 7.048000e-03 1.595120e-01
131 8.322080e-01 7.040000e-03 1.607520e-01
132 8.309440e-01 7.084000e-03 1.619720e-01
133 8.296760e-01 7.100000e-03 1.632240e-01
134 8.285640e-01 6.840000e-03 1.645960e-01
135 8.270920e-01 7.060000e-03 1.658480e-01
136 8.258200e-01 7.144000e-03 1.670360e-01
137 8.246120e-01 7.080000e-03 1.683080e-01
138 8.233920e-01 7.096000e-03 1.695120e-01
139 8.222480e-01 6.896000e-03 1.708560e-01
140 8.209600e-01 7.036000e-03 1.720040e-01
141 8.197200e-01 7.028000e-03 1.732520e-01
142 8.183920e-01 7.128000e-03 1.744800e-01
143 8.171920e-01 7.072000e-03 1.757360e-01
144 8.159920e-01 6.944000e-03 1.770640e-01
145 8.147440e-01 7.072000e-03 1.781840e-01
146 8.135400e-01 6.924000e-03 1.795360e-01
147 8.123080e-01 7.020000e-03 1.806720e-01
148 8.111200e-01 7.024000e-03 1.818560e-01
149 8.099920e-01 6.920000e-03 1.830880e-01
150 8.089040e-01 6.836000e-03 1.842600e-01
151 8.078000e-01 6.684000e-03 1.855160e-01
152 8.066000e-01 6.664000e-03 1.867360e-01
153 8.053760e-01 6.744000e-03 1.878800e-01
154 8.041240e-01 6.852000e-03 1.890240e-01
155 8.029320e-01 6.840000e-03 1.902280e-01
156 8.015440e-01 7.064000e-03 1.913920e-01
157 8.002120e-01 7.244000e-03 1.925440e-01
158 7.988520e-01 7.300000e-03 1.938480e-01
159 7.976160e-01 7.224000e-03 1.951600e-01
160 7.964320e-01 7.132000e-03 1.964360e-01
161 7.952240e-01 7.144000e-03 1.976320e-01
162 7.940560e-01 7.040000e-03 1.989040e-01
163 7.929600e-01 6.916000e-03 2.001240e-01
164 7.917360e-01 6.872000e-03 2.013920e-01
165 7.904880e-01 6.900000e-03 2.026120e-01
166 7.893640e-01 6.808000e-03 2.038280e-01
167 7.882840e-01 6.684000e-03 2.050320e-01
168 7.872360e-01 6.664000e-03 2.061000e-01
169 7.860480e-01 6.736000e-03 2.072160e-01
170 7.848320e-01 6.868000e-03 2.083000e-01
171 7.835880e-01 6.808000e-03 2.096040e-01
172 7.824560e-01 6.772000e-03 2.107720e-01
173 7.811200e-01 6.952000e-03 2.119280e-01
174 7.798400e-01 7.144000e-03 2.130160e-01
175 7.786240e-01 7.044000e-03 2.143320e-01
176 7.774960e-01 6.900000e-03 2.156040e-01
177 7.762320e-01 7.036000e-03 2.167320e-01
178 7.748600e-01 7.264000e-03 2.178760e-01
179 7.738160e-01 7.104000e-03 2.190800e-01
180 7.726680e-01 7.080000e-03 2.202520e-01
181 7.715920e-01 6.880000e-03 2.215280e-01
182 7.704360e-01 6.784000e-03 2.227800e-01
183 7.692320e-01 6.724000e-03 2.240440e-01
184 7.680400e-01 6.672000e-03 2.252880e-01
185 7.669680e-01 6.600000e-03 2.264320e-01
186 7.659040e-01 6.560000e-03 2.275360e-01
187 7.648160e-01 6.556000e-03 2.286280e-01
188 7.636080e-01 6.692000e-03 2.297000e-01
189 7.624600e-01 6.656000e-03 2.308840e-01
190 7.612160e-01 6.720000e-03 2.320640e-01
191 7.599560e-01 6.784000e-03 2.332600e-01
192 7.588560e-01 6.748000e-03 2.343960e-01
193 7.576600e-01 6.664000e-03 2.356760e-01
194 7.565200e-01 6.628000e-03 2.368520e-01
195 7.553720e-01 6.632000e-03 2.379960e-01
196 7.542560e-01 6.592000e-03 2.391520e-01
197 7.532080e-01 6.500000e-03 2.402920e-01
198 7.521160e-01 6.520000e-03 2.413640e-01
199 7.510840e-01 6.480000e-03 2.424360e-01
200 7.500680e-01 6.488000e-03 2.434440e-01
201 7.490760e-01 6.320000e-03 2.446040e-01
202 7.481200e-01 6.200000e-03 2.456800e-01
203 7.471640e-01 6.080000e-03 2.467560e-01
204 7.461600e-01 6.040000e-03 2.478000e-01
205 7.451920e-01 6.044000e-03 2.487640e-01
206 7.442640e-01 6.160000e-03 2.495760e-01
207 7.432400e-01 6.132000e-03 2.506280e-01
208 7.421800e-01 6.108000e-03 2.517120e-01
209 7.413320e-01 5.936000e-03 2.527320e-01
210 7.404440e-01 5.808000e-03 2.537480e-01
211 7.395360e-01 5.676000e-03 2.547880e-01
212 7.385880e-01 5.584000e-03 2.558280e-01
213 7.377800e-01 5.380000e-03 2.568400e-01
214 7.369280e-01 5.360000e-03 2.577120e-01
215 7.360440e-01 5.360000e-03 2.585960e-01
216 7.351840e-01 5.356000e-03 2.594600e-01
217 7.342920e-01 5.360000e-03 2.603480e-01
218 7.334200e-01 5.304000e-03 2.612760e-01
219 7.327280e-01 5.084000e-03 2.621880e-01
220 7.318600e-01 4.988000e-03 2.631520e-01
221 7.309760e-01 5.104000e-03 2.639200e-01
222 7.301320e-01 5.088000e-03 2.647800e-01
223 7.293120e-01 4.988000e-03 2.657000e-01
224 7.284840e-01 4.996000e-03 2.665200e-01
225 7.277640e-01 4.848000e-03 2.673880e-01
226 7.270920e-01 4.728000e-03 2.681800e-01
227 7.263920e-01 4.572000e-03 2.690360e-01
228 7.255800e-01 4.528000e-03 2.698920e-01
229 7.249720e-01 4.360000e-03 2.706680e-01
230 7.241920e-01 4.376000e-03 2.714320e-01
231 7.234680e-01 4.284000e-03 2.722480e-01
232 7.228920e-01 4.144000e-03 2.729640e-01
233 7.222480e-01 4.080000e-03 2.736720e-01
234 7.215400e-01 4.072000e-03 2.743880e-01
235 7.209840e-01 3.948000e-03 2.750680e-01
236 7.204320e-01 3.744000e-03 2.758240e-01
237 7.198560e-01 3.712000e-03 2.764320e-01
238 7.192320e-01 3.696000e-03 2.770720e-01
239 7.186440e-01 3.660000e-03 2.776960e-01
240 7.180440e-01 3.700000e-03 2.782560e-01
241 7.173880e-01 3.700000e-03 2.789120e-01
242 7.167560e-01 3.712000e-03 2.795320e-01
243 7.160400e-01 3.748000e-03 2.802120e-01
244 7.154280e-01 3.648000e-03 2.809240e-01
245 7.147800e-01 3.656000e-03 2.815640e-01
246 7.141480e-01 3.672000e-03 2.821800e-01
247 7.135200e-01 3.644000e-03 2.828360e-01
248 7.128520e-01 3.756000e-03 2.833920e-01
249 7.121960e-01 3.748000e-03 2.840560e-01
250 7.115920e-01 3.680000e-03 2.847280e-01
251 7.109600e-01 3.588000e-03 2.854520e-01
252 7.103240e-01 3.632000e-03 2.860440e-01
253 7.095800e-01 3.764000e-03 2.866560e-01
254 7.089040e-01 3.824000e-03 2.872720e-01
255 7.081360e-01 3.892000e-03 2.879720e-01
256 7.074440e-01 3.828000e-03 2.887280e-01
257 7.067520e-01 3.888000e-03 2.893600e-01
258 7.060640e-01 3.912000e-03 2.900240e-01
259 7.053720e-01 3.872000e-03 2.907560e-01
260 7.046560e-01 3.876000e-03 2.914680e-01
261 7.038960e-01 3.988000e-03 2.921160e-01
262 7.031320e-01 4.064000e-03 2.928040e-01
263 7.025400e-01 3.936000e-03 2.935240e-01
264 7.018880e-01 3.972000e-03 2.941400e-01
265 7.010440e-01 4.164000e-03 2.947920e-01
266 7.003400e-01 4.140000e-03 2.955200e-01
267 6.995800e-01 4.100000e-03 2.963200e-01
268 6.987200e-01 4.264000e-03 2.970160e-01
269 6.979280e-01 4.272000e-03 2.978000e-01
270 6.972840e-01 4.200000e-03 2.985160e-01
271 6.966400e-01 4.072000e-03 2.992880e-01
272 6.960240e-01 4.016000e-03 2.999600e-01
273 6.953120e-01 4.048000e-03 3.006400e-01
274 6.945840e-01 4.108000e-03 3.013080e-01
275 6.939080e-01 4.172000e-03 3.019200e-01
276 6.932360e-01 4.104000e-03 3.026600e-01
277 6.926120e-01 4.140000e-03 3.032480e-01
278 6.920400e-01 3.964000e-03 3.039960e-01
279 6.914880e-01 3.828000e-03 3.046840e-01
280 6.909400e-01 3.752000e-03 3.053080e-01
281 6.904120e-01 3.672000e-03 3.059160e-01
282 6.898440e-01 3.520000e-03 3.066360e-01
283 6.892760e-01 3.440000e-03 3.072840e-01
284 6.886320e-01 3.484000e-03 3.078840e-01
285 6.880760e-01 3.440000e-03 3.084840e-01
286 6.874440e-01 3.472000e-03 3.090840e-01
287 6.868720e-01 3.512000e-03 3.096160e-01
288 6.862640e-01 3.464000e-03 3.102720e-01
289 6.856120e-01 3.508000e-03 3.108800e-01
290 6.849480e-01 3.608000e-03 3.114440e-01
291 6.843360e-01 3.596000e-03 3.120680e-01
292 6.838240e-01 3.524000e-03 3.126520e-01
293 6.832480e-01 3.468000e-03 3.132840e-01
294 6.826480e-01 3.560000e-03 3.137920e-01
295 6.821600e-01 3.484000e-03 3.143560e-01
296 6.816560e-01 3.384000e-03 3.149600e-01
297 6.812040e-01 3.268000e-03 3.155280e-01
298 6.806760e-01 3.228000e-03 3.160960e-01
299 6.802160e-01 3.132000e-03 3.166520e-01
300 6.797760e-01 3.032000e-03 3.171920e-01
301 6.792280e-01 3.060000e-03 3.177120e-01
302 6.787600e-01 3.056000e-03 3.181840e-01
303 6.782520e-01 3.040000e-03 3.187080e-01
304 6.778200e-01 2.984000e-03 3.191960e-01
305 6.773440e-01 3.000000e-03 3.196560e-01
306 6.770120e-01 2.828000e-03 3.201600e-01
307 6.765960e-01 2.736000e-03 3.206680e-01
308 6.762360e-01 2.620000e-03 3.211440e-01
309 6.759600e-01 2.432000e-03 3.216080e-01
310 6.756640e-01 2.356000e-03 3.219800e-01
311 6.753360e-01 2.300000e-03 3.223640e-01
312 6.749440e-01 2.256000e-03 3.228000e-01
313 6.746680e-01 2.120000e-03 3.232120e-01
314 6.743360e-01 2.088000e-03 3.235760e-01
315 6.741080e-01 1.976000e-03 3.239160e-01
316 6.738720e-01 1.920000e-03 3.242080e-01
317 6.736360e-01 1.832000e-03 3.245320e-01
318 6.733080e-01 1.876000e-03 3.248160e-01
319 6.729880e-01 1.812000e-03 3.252000e-01
320 6.727240e-01 1.792000e-03 3.254840e-01
321 6.724680e-01 1.724000e-03 3.258080e-01
322 6.722000e-01 1.708000e-03 3.260920e-01
323 6.719000e-01 1.708000e-03 3.263920e-01
324 6.716160e-01 1.708000e-03 3.266760e-01
325 6.712880e-01 1.720000e-03 3.269920e-01
326 6.709960e-01 1.720000e-03 3.272840e-01
327 6.706400e-01 1.772000e-03 3.275880e-01
328 6.703360e-01 1.764000e-03 3.279000e-01
329 6.700240e-01 1.760000e-03 3.282160e-01
330 6.697360e-01 1.720000e-03 3.285440e-01
331 6.694440e-01 1.744000e-03 3.288120e-01
332 6.691480e-01 1.704000e-03 3.291480e-01
333 6.688600e-01 1.692000e-03 3.294480e-01
334 6.686480e-01 1.592000e-03 3.297600e-01
335 6.684040e-01 1.544000e-03 3.300520e-01
336 6.681720e-01 1.516000e-03 3.303120e-01
337 6.679120e-01 1.516000e-03 3.305720e-01
338 6.676760e-01 1.476000e-03 3.308480e-01
339 6.673520e-01 1.520000e-03 3.311280e-01
340 6.670600e-01 1.524000e-03 3.314160e-01
341 6.667560e-01 1.536000e-03 3.317080e-01
342 6.665640e-01 1.456000e-03 3.319800e-01
343 6.663600e-01 1.440000e-03 3.322000e-01
344 6.661560e-01 1.452000e-03 3.323920e-01
345 6.659840e-01 1.404000e-03 3.326120e-01
346 6.657880e-01 1.372000e-03 3.328400e-01
347 6.655520e-01 1.408000e-03 3.330400e-01
348 6.653920e-01 1.296000e-03 3.333120e-01
349 6.652120e-01 1.260000e-03 3.335280e-01
350 6.650080e-01 1.284000e-03 3.337080e-01
351 6.648000e-01 1.256000e-03 3.339440e-01
352 6.646400e-01 1.232000e-03 3.341280e-01
353 6.644080e-01 1.220000e-03 3.343720e-01
354 6.642320e-01 1.204000e-03 3.345640e-01
355 6.639760e-01 1.288000e-03 3.347360e-01
356 6.637480e-01 1.260000e-03 3.349920e-01
357 6.635280e-01 1.264000e-03 3.352080e-01
358 6.634120e-01 1.156000e-03 3.354320e-01
359 6.632600e-01 1.112000e-03 3.356280e-01
360 6.630920e-01 1.060000e-03 3.358480e-01
361 6.629440e-01 1.044000e-03 3.360120e-01
362 6.627680e-01 1.060000e-03 3.361720e-01
363 6.625760e-01 1.048000e-03 3.363760e-01
364 6.624040e-01 9.920000e-04 3.366040e-01
365 6.622400e-01 1.008000e-03 3.367520e-01
366 6.621080e-01 9.720000e-04 3.369200e-01
367 6.619320e-01 9.960000e-04 3.370720e-01
368 6.617800e-01 9.480000e-04 3.372720e-01
369 6.616280e-01 9.480000e-04 3.374240e-01
370 6.614480e-01 9.200000e-04 3.376320e-01
371 6.612560e-01 9.200000e-04 3.378240e-01
372 6.610840e-01 9.520000e-04 3.379640e-01
373 6.609520e-01 9.320000e-04 3.381160e-01
374 6.607840e-01 9.320000e-04 3.382840e-01
375 6.606000e-01 9.760000e-04 3.384240e-01
376 6.603800e-01 1.044000e-03 3.385760e-01
377 6.601600e-01 1.088000e-03 3.387520e-01
378 6.599120e-01 1.116000e-03 3.389720e-01
379 6.597680e-01 1.032000e-03 3.392000e-01
380 6.596240e-01 1.000000e-03 3.393760e-01
381 6.594920e-01 9.440000e-04 3.395640e-01
382 6.593560e-01 8.960000e-04 3.397480e-01
383 6.592280e-01 8.840000e-04 3.398880e-01
384 6.591240e-01 8.080000e-04 3.400680e-01
385 6.589800e-01 8.120000e-04 3.402080e-01
386 6.588480e-01 8.000000e-04 3.403520e-01
387 6.587120e-01 8.120000e-04 3.404760e-01
388 6.585800e-01 7.920000e-04 3.406280e-01
389 6.584240e-01 8.120000e-04 3.407640e-01
390 6.582120e-01 8.920000e-04 3.408960e-01
391 6.580600e-01 8.280000e-04 3.411120e-01
392 6.578920e-01 8.200000e-04 3.412880e-01
393 6.577240e-01 8.400000e-04 3.414360e-01
394 6.575600e-01 8.240000e-04 3.416160e-01
395 6.573800e-01 8.480000e-04 3.417720e-01
396 6.572480e-01 8.320000e-04 3.419200e-01
397 6.570840e-01 8.160000e-04 3.421000e-01
398 6.569080e-01 8.320000e-04 3.422600e-01
399 6.567200e-01 8.880000e-04 3.423920e-01
400 6.565040e-01 9.440000e-04 3.425520e-01
401 6.563200e-01 9.640000e-04 3.427160e-01
402 6.561560e-01 9.640000e-04 3.428800e-01
403 6.559520e-01 9.960000e-04 3.430520e-01
404 6.557840e-01 9.840000e-04 3.432320e-01
405 6.556200e-01 9.600000e-04 3.434200e-01
406 6.555000e-01 9.240000e-04 3.435760e-01
407 6.553160e-01 9.160000e-04 3.437680e-01
408 6.551920e-01 8.840000e-04 3.439240e-01
409 6.549960e-01 9.360000e-04 3.440680e-01
410 6.547920e-01 9.640000e-04 3.442440e-01
411 6.545520e-01 1.028000e-03 3.444200e-01
412 6.543760e-01 1.004000e-03 3.446200e-01
413 6.542680e-01 9.720000e-04 3.447600e-01
414 6.540920e-01 1.016000e-03 3.448920e-01
415 6.539240e-01 9.800000e-04 3.450960e-01
416 6.537480e-01 9.600000e-04 3.452920e-01
417 6.536040e-01 9.720000e-04 3.454240e-01
418 6.534880e-01 9.360000e-04 3.455760e-01
419 6.533440e-01 9.000000e-04 3.457560e-01
420 6.532320e-01 8.800000e-04 3.458880e-01
421 6.531120e-01 8.720000e-04 3.460160e-01
422 6.529480e-01 8.760000e-04 3.461760e-01
423 6.527680e-01 9.400000e-04 3.462920e-01
424 6.526120e-01 9.440000e-04 3.464440e-01
425 6.523840e-01 1.016000e-03 3.466000e-01
426 6.522640e-01 9.480000e-04 3.467880e-01
427 6.521080e-01 9.320000e-04 3.469600e-01
428 6.519840e-01 8.960000e-04 3.471200e-01
429 6.519120e-01 8.120000e-04 3.472760e-01
430 6.518000e-01 7.520000e-04 3.474480e-01
431 6.516800e-01 7.320000e-04 3.475880e-01
432 6.515480e-01 7.400000e-04 3.477120e-01
433 6.514480e-01 7.160000e-04 3.478360e-01
434 6.513320e-01 7.320000e-04 3.479360e-01
435 6.511760e-01 7.240000e-04 3.481000e-01
436 6.510440e-01 7.040000e-04 3.482520e-01
437 6.508680e-01 7.520000e-04 3.483800e-01
438 6.506520e-01 8.760000e-04 3.484720e-01
439 6.504000e-01 9.680000e-04 3.486320e-01
440 6.502280e-01 9.800000e-04 3.487920e-01
441 6.499880e-01 1.024000e-03 3.489880e-01
442 6.498080e-01 1.024000e-03 3.491680e-01
443 6.495920e-01 1.072000e-03 3.493360e-01
444 6.494120e-01 1.056000e-03 3.495320e-01
445 6.492520e-01 1.016000e-03 3.497320e-01
446 6.490800e-01 1.000000e-03 3.499200e-01
447 6.489240e-01 9.920000e-04 3.500840e-01
448 6.488040e-01 9.360000e-04 3.502600e-01
449 6.486320e-01 9.440000e-04 3.504240e-01
450 6.484720e-01 9.600000e-04 3.505680e-01
451 6.483640e-01 9.040000e-04 3.507320e-01
452 6.482120e-01 9.320000e-04 3.508560e-01
453 6.480480e-01 9.360000e-04 3.510160e-01
454 6.478480e-01 1.004000e-03 3.511480e-01
455 6.477320e-01 9.840000e-04 3.512840e-01
456 6.475000e-01 1.076000e-03 3.514240e-01
457 6.473160e-01 1.040000e-03 3.516440e-01
458 6.471120e-01 1.048000e-03 3.518400e-01
459 6.469080e-01 1.088000e-03 3.520040e-01
460 6.467000e-01 1.092000e-03 3.522080e-01
461 6.465080e-01 1.108000e-03 3.523840e-01
462 6.463200e-01 1.096000e-03 3.525840e-01
463 6.461320e-01 1.068000e-03 3.528000e-01
464 6.459120e-01 1.080000e-03 3.530080e-01
465 6.456800e-01 1.120000e-03 3.532000e-01
466 6.454800e-01 1.152000e-03 3.533680e-01
467 6.452680e-01 1.164000e-03 3.535680e-01
468 6.450640e-01 1.208000e-03 3.537280e-01
469 6.448480e-01 1.232000e-03 3.539200e-01
470 6.446160e-01 1.280000e-03 3.541040e-01
471 6.444040e-01 1.268000e-03 3.543280e-01
472 6.441520e-01 1.296000e-03 3.545520e-01
473 6.439280e-01 1.344000e-03 3.547280e-01
474 6.436520e-01 1.380000e-03 3.549680e-01
475 6.433960e-01 1.404000e-03 3.552000e-01
476 6.431720e-01 1.412000e-03 3.554160e-01
477 6.429040e-01 1.440000e-03 3.556560e-01
478 6.426400e-01 1.448000e-03 3.559120e-01
479 6.423680e-01 1.472000e-03 3.561600e-01
480 6.421720e-01 1.356000e-03 3.564720e-01
481 6.418760e-01 1.396000e-03 3.567280e-01
482 6.416200e-01 1.444000e-03 3.569360e-01
483 6.413720e-01 1.444000e-03 3.571840e-01
484 6.411080e-01 1.428000e-03 3.574640e-01
485 6.409120e-01 1.312000e-03 3.577760e-01
486 6.407160e-01 1.260000e-03 3.580240e-01
487 6.405280e-01 1.244000e-03 3.582280e-01
488 6.403080e-01 1.204000e-03 3.584880e-01
489 6.400840e-01 1.228000e-03 3.586880e-01
490 6.398840e-01 1.196000e-03 3.589200e-01
491 6.397200e-01 1.176000e-03 3.591040e-01
492 6.395120e-01 1.196000e-03 3.592920e-01
493 6.393080e-01 1.212000e-03 3.594800e-01
494 6.391520e-01 1.164000e-03 3.596840e-01
495 6.389440e-01 1.156000e-03 3.599000e-01
496 6.388000e-01 1.096000e-03 3.601040e-01
497 6.386400e-01 1.056000e-03 3.603040e-01
498 6.384600e-01 1.068000e-03 3.604720e-01
499 6.383200e-01 1.028000e-03 3.606520e-01
500 6.381360e-01 1.036000e-03 3.608280e-01
