1 9.991160e-01 7.840000e-04 1.000000e-04
2 9.985080e-01 1.204000e-03 2.880000e-04
3 9.977880e-01 1.708000e-03 5.040000e-04
4 9.969760e-01 2.196000e-03 8.280000e-04
5 9.960240e-01 2.612000e-03 1.364000e-03
6 9.949640e-01 3.216000e-03 1.820000e-03
7 9.940000e-01 3.620000e-03 2.380000e-03
8 9.929680e-01 3.972000e-03 3.060000e-03
9 9.918440e-01 4.276000e-03 3.880000e-03
10 9.909040e-01 4.428000e-03 4.668000e-03
11 9.899480e-01 4.568000e-03 5.484000e-03
12 9.888400e-01 4.872000e-03 6.288000e-03
13 9.877360e-01 5.160000e-03 7.104000e-03
14 9.867120e-01 5.332000e-03 7.956000e-03
15 9.855760e-01 5.588000e-03 8.836000e-03
16 9.843520e-01 5.672000e-03 9.976000e-03
17 9.831080e-01 5.932000e-03 1.096000e-02
18 9.819440e-01 6.052000e-03 1.200400e-02
19 9.805880e-01 6.348000e-03 1.306400e-02
20 9.793240e-01 6.360000e-03 1.431600e-02
21 9.781160e-01 6.540000e-03 1.534400e-02
22 9.767360e-01 6.816000e-03 1.644800e-02
23 9.754200e-01 6.820000e-03 1.776000e-02
24 9.740200e-01 7.128000e-03 1.885200e-02
25 9.725200e-01 7.344000e-03 2.013600e-02
26 9.710360e-01 7.564000e-03 2.140000e-02
27 9.696280e-01 7.692000e-03 2.268000e-02
28 9.681200e-01 7.812000e-03 2.406800e-02
29 9.666600e-01 7.960000e-03 2.538000e-02
30 9.652040e-01 8.032000e-03 2.676400e-02
31 9.638520e-01 8.060000e-03 2.808800e-02
32 9.623760e-01 8.236000e-03 2.938800e-02
33 9.609120e-01 8.224000e-03 3.086400e-02
34 9.594440e-01 8.220000e-03 3.233600e-02
35 9.580240e-01 8.264000e-03 3.371200e-02
36 9.565240e-01 8.340000e-03 3.513600e-02
37 9.549960e-01 8.348000e-03 3.665600e-02
38 9.535080e-01 8.476000e-03 3.801600e-02
39 9.520360e-01 8.544000e-03 3.942000e-02
40 9.504920e-01 8.752000e-03 4.075600e-02
41 9.487760e-01 8.856000e-03 4.236800e-02
42 9.471680e-01 8.804000e-03 4.402800e-02
43 9.455840e-01 8.780000e-03 4.563600e-02
44 9.440080e-01 8.860000e-03 4.713200e-02
45 9.425640e-01 8.804000e-03 4.863200e-02
46 9.409320e-01 8.996000e-03 5.007200e-02
47 9.394160e-01 8.816000e-03 5.176800e-02
48 9.377640e-01 8.960000e-03 5.327600e-02
49 9.361800e-01 8.940000e-03 5.488000e-02
50 9.345840e-01 8.960000e-03 5.645600e-02
51 9.330040e-01 8.900000e-03 5.809600e-02
52 9.315480e-01 8.792000e-03 5.966000e-02
53 9.301160e-01 8.664000e-03 6.122000e-02
54 9.286600e-01 8.520000e-03 6.282000e-02
55 9.271800e-01 8.464000e-03 6.435600e-02
56 9.256720e-01 8.464000e-03 6.586400e-02
57 9.241440e-01 8.464000e-03 6.739200e-02
58 9.227160e-01 8.440000e-03 6.884400e-02
59 9.211840e-01 8.428000e-03 7.038800e-02
60 9.194840e-01 8.500000e-03 7.201600e-02
61 9.180000e-01 8.544000e-03 7.345600e-02
62 9.166640e-01 8.424000e-03 7.491200e-02
63 9.152760e-01 8.152000e-03 7.657200e-02
64 9.139720e-01 8.096000e-03 7.793200e-02
65 9.124720e-01 8.252000e-03 7.927600e-02
66 9.110320e-01 8.192000e-03 8.077600e-02
67 9.094800e-01 8.420000e-03 8.210000e-02
68 9.078960e-01 8.428000e-03 8.367600e-02
69 9.063960e-01 8.320000e-03 8.528400e-02
70 9.046920e-01 8.528000e-03 8.678000e-02
71 9.029160e-01 8.824000e-03 8.826000e-02
72 9.013400e-01 8.940000e-03 8.972000e-02
73 8.997120e-01 9.028000e-03 9.126000e-02
74 8.980400e-01 9.188000e-03 9.277200e-02
75 8.963200e-01 9.328000e-03 9.435200e-02
76 8.947200e-01 9.324000e-03 9.595600e-02
77 8.930200e-01 9.356000e-03 9.762400e-02
78 8.912800e-01 9.416000e-03 9.930400e-02
79 8.896680e-01 9.404000e-03 1.009280e-01
80 8.880840e-01 9.496000e-03 1.024200e-01
81 8.864720e-01 9.416000e-03 1.041120e-01
82 8.848960e-01 9.308000e-03 1.057960e-01
83 8.833760e-01 9.216000e-03 1.074080e-01
84 8.818480e-01 9.092000e-03 1.090600e-01
85 8.802680e-01 9.132000e-03 1.106000e-01
86 8.785560e-01 9.256000e-03 1.121880e-01
87 8.768120e-01 9.308000e-03 1.138800e-01
88 8.750800e-01 9.320000e-03 1.156000e-01
89 8.732400e-01 9.512000e-03 1.172480e-01
90 8.714720e-01 9.628000e-03 1.189000e-01
91 8.698360e-01 9.480000e-03 1.206840e-01
92 8.682280e-01 9.456000e-03 1.223160e-01
93 8.665320e-01 9.500000e-03 1.239680e-01
94 8.649200e-01 9.340000e-03 1.257400e-01
95 8.633160e-01 9.320000e-03 1.273640e-01
96 8.614600e-01 9.524000e-03 1.290160e-01
97 8.596840e-01 9.576000e-03 1.307400e-01
98 8.579600e-01 9.604000e-03 1.324360e-01
99 8.562240e-01 9.592000e-03 1.341840e-01
100 8.545200e-01 9.652000e-03 1.358280e-01
101 8.528160e-01 9.640000e-03 1.375440e-01
102 8.511920e-01 9.456000e-03 1.393520e-01
103 8.495240e-01 9.404000e-03 1.410720e-01
104 8.480400e-01 9.304000e-03 1.426560e-01
105 8.464640e-01 9.216000e-03 1.443200e-01
106 8.449280e-01 9.176000e-03 1.458960e-01
107 8.432800e-01 9.296000e-03 1.474240e-01
108 8.415280e-01 9.360000e-03 1.491120e-01
109 8.399080e-01 9.480000e-03 1.506120e-01
110 8.383200e-01 9.376000e-03 1.523040e-01
111 8.365880e-01 9.480000e-03 1.539320e-01
112 8.349000e-01 9.392000e-03 1.557080e-01
113 8.332120e-01 9.484000e-03 1.573040e-01
114 8.317080e-01 9.300000e-03 1.589920e-01
115 8.300880e-01 9.252000e-03 1.606600e-01
116 8.284440e-01 9.268000e-03 1.622880e-01
117 8.268840e-01 9.284000e-03 1.638320e-01
118 8.252720e-01 9.292000e-03 1.654360e-01
119 8.236120e-01 9.304000e-03 1.670840e-01
120 8.220560e-01 9.292000e-03 1.686520e-01
121 8.205320e-01 9.284000e-03 1.701840e-01
122 8.189960e-01 9.156000e-03 1.718480e-01
123 8.174840e-01 9.040000e-03 1.734760e-01
124 8.161480e-01 8.824000e-03 1.750280e-01
125 8.147040e-01 8.768000e-03 1.765280e-01
126 8.132800e-01 8.652000e-03 1.780680e-01
127 8.117560e-01 8.596000e-03 1.796480e-01
128 8.103440e-01 8.516000e-03 1.811400e-01
129 8.090000e-01 8.440000e-03 1.825600e-01
130 8.073800e-01 8.580000e-03 1.840400e-01
131 8.058240e-01 8.700000e-03 1.854760e-01
132 8.042480e-01 8.708000e-03 1.870440e-01
133 8.028280e-01 8.628000e-03 1.885440e-01
134 8.014200e-01 8.480000e-03 1.901000e-01
135 8.000600e-01 8.360000e-03 1.915800e-01
136 7.986560e-01 8.356000e-03 1.929880e-01
137 7.971720e-01 8.292000e-03 1.945360e-01
138 7.957800e-01 8.236000e-03 1.959840e-01
139 7.943600e-01 8.220000e-03 1.974200e-01
140 7.929560e-01 8.240000e-03 1.988040e-01
141 7.915360e-01 8.096000e-03 2.003680e-01
142 7.902000e-01 7.996000e-03 2.018040e-01
143 7.889360e-01 7.896000e-03 2.031680e-01
144 7.875920e-01 7.800000e-03 2.046080e-01
145 7.862160e-01 7.840000e-03 2.059440e-01
146 7.848080e-01 7.764000e-03 2.074280e-01
147 7.833720e-01 7.888000e-03 2.087400e-01
148 7.819320e-01 7.852000e-03 2.102160e-01
149 7.806920e-01 7.692000e-03 2.116160e-01
150 7.793200e-01 7.564000e-03 2.131160e-01
151 7.779200e-01 7.572000e-03 2.145080e-01
152 7.766600e-01 7.500000e-03 2.158400e-01
153 7.752840e-01 7.560000e-03 2.171560e-01
154 7.738400e-01 7.636000e-03 2.185240e-01
155 7.724840e-01 7.716000e-03 2.198000e-01
156 7.711480e-01 7.548000e-03 2.213040e-01
157 7.699040e-01 7.416000e-03 2.226800e-01
158 7.686960e-01 7.248000e-03 2.240560e-01
159 7.675280e-01 7.188000e-03 2.252840e-01
160 7.663160e-01 7.188000e-03 2.264960e-01
161 7.650800e-01 7.272000e-03 2.276480e-01
162 7.638760e-01 7.312000e-03 2.288120e-01
163 7.627000e-01 7.300000e-03 2.300000e-01
164 7.615080e-01 7.200000e-03 2.312920e-01
165 7.602680e-01 7.232000e-03 2.325000e-01
166 7.589640e-01 7.308000e-03 2.337280e-01
167 7.576800e-01 7.336000e-03 2.349840e-01
168 7.564680e-01 7.220000e-03 2.363120e-01
169 7.553120e-01 7.168000e-03 2.375200e-01
170 7.539440e-01 7.332000e-03 2.387240e-01
171 7.527440e-01 7.204000e-03 2.400520e-01
172 7.514960e-01 7.276000e-03 2.412280e-01
173 7.504480e-01 7.152000e-03 2.424000e-01
174 7.493520e-01 7.016000e-03 2.436320e-01
175 7.480000e-01 7.152000e-03 2.448480e-01
176 7.465720e-01 7.320000e-03 2.461080e-01
177 7.451120e-01 7.432000e-03 2.474560e-01
178 7.436800e-01 7.568000e-03 2.487520e-01
179 7.423720e-01 7.556000e-03 2.500720e-01
180 7.410920e-01 7.452000e-03 2.514560e-01
181 7.398960e-01 7.288000e-03 2.528160e-01
182 7.386720e-01 7.368000e-03 2.539600e-01
183 7.373000e-01 7.372000e-03 2.553280e-01
184 7.358800e-01 7.424000e-03 2.566960e-01
185 7.345160e-01 7.380000e-03 2.581040e-01
186 7.331680e-01 7.432000e-03 2.594000e-01
187 7.317200e-01 7.548000e-03 2.607320e-01
188 7.302600e-01 7.628000e-03 2.621120e-01
189 7.288240e-01 7.780000e-03 2.633960e-01
190 7.276080e-01 7.616000e-03 2.647760e-01
191 7.262080e-01 7.672000e-03 2.661200e-01
192 7.248800e-01 7.532000e-03 2.675880e-01
193 7.234800e-01 7.568000e-03 2.689520e-01
194 7.222680e-01 7.504000e-03 2.702280e-01
195 7.209440e-01 7.604000e-03 2.714520e-01
196 7.196680e-01 7.516000e-03 2.728160e-01
197 7.185440e-01 7.252000e-03 2.742040e-01
198 7.173520e-01 7.112000e-03 2.755360e-01
199 7.161360e-01 7.104000e-03 2.767600e-01
200 7.149560e-01 7.128000e-03 2.779160e-01
201 7.137400e-01 7.152000e-03 2.791080e-01
202 7.125800e-01 7.184000e-03 2.802360e-01
203 7.113560e-01 7.220000e-03 2.814240e-01
204 7.102720e-01 7.160000e-03 2.825680e-01
205 7.092280e-01 7.060000e-03 2.837120e-01
206 7.081840e-01 6.976000e-03 2.848400e-01
207 7.071480e-01 6.768000e-03 2.860840e-01
208 7.061640e-01 6.620000e-03 2.872160e-01
209 7.050520e-01 6.568000e-03 2.883800e-01
210 7.040760e-01 6.384000e-03 2.895400e-01
211 7.028440e-01 6.452000e-03 2.907040e-01
212 7.017360e-01 6.472000e-03 2.917920e-01
213 7.007720e-01 6.224000e-03 2.930040e-01
214 6.996240e-01 6.272000e-03 2.941040e-01
215 6.985680e-01 6.268000e-03 2.951640e-01
216 6.974600e-01 6.416000e-03 2.961240e-01
217 6.963880e-01 6.472000e-03 2.971400e-01
218 6.951920e-01 6.576000e-03 2.982320e-01
219 6.938840e-01 6.712000e-03 2.994040e-01
220 6.928080e-01 6.628000e-03 3.005640e-01
221 6.917240e-01 6.708000e-03 3.015680e-01
222 6.907520e-01 6.420000e-03 3.028280e-01
223 6.897960e-01 6.296000e-03 3.039080e-01
224 6.887560e-01 6.208000e-03 3.050360e-01
225 6.878840e-01 6.068000e-03 3.060480e-01
226 6.869400e-01 6.076000e-03 3.069840e-01
227 6.859920e-01 5.932000e-03 3.080760e-01
228 6.850520e-01 5.900000e-03 3.090480e-01
229 6.840240e-01 5.940000e-03 3.100360e-01
230 6.830120e-01 6.084000e-03 3.109040e-01
231 6.820560e-01 6.040000e-03 3.119040e-01
232 6.810520e-01 5.952000e-03 3.129960e-01
233 6.801520e-01 5.928000e-03 3.139200e-01
234 6.792120e-01 5.832000e-03 3.149560e-01
235 6.782400e-01 5.712000e-03 3.160480e-01
236 6.773080e-01 5.640000e-03 3.170520e-01
237 6.762720e-01 5.668000e-03 3.180600e-01
238 6.753760e-01 5.604000e-03 3.190200e-01
239 6.744520e-01 5.596000e-03 3.199520e-01
240 6.735120e-01 5.668000e-03 3.208200e-01
241 6.725400e-01 5.692000e-03 3.217680e-01
242 6.717520e-01 5.508000e-03 3.227400e-01
243 6.708800e-01 5.424000e-03 3.236960e-01
244 6.699160e-01 5.432000e-03 3.246520e-01
245 6.689360e-01 5.604000e-03 3.254600e-01
246 6.680120e-01 5.516000e-03 3.264720e-01
247 6.670960e-01 5.496000e-03 3.274080e-01
248 6.661360e-01 5.500000e-03 3.283640e-01
249 6.652280e-01 5.524000e-03 3.292480e-01
250 6.642800e-01 5.560000e-03 3.301600e-01
251 6.633600e-01 5.604000e-03 3.310360e-01
252 6.624080e-01 5.452000e-03 3.321400e-01
253 6.616080e-01 5.248000e-03 3.331440e-01
254 6.607360e-01 5.096000e-03 3.341680e-01
255 6.599720e-01 4.952000e-03 3.350760e-01
256 6.592120e-01 4.868000e-03 3.359200e-01
257 6.582640e-01 5.008000e-03 3.367280e-01
258 6.574480e-01 5.008000e-03 3.375440e-01
259 6.565360e-01 5.000000e-03 3.384640e-01
260 6.557000e-01 4.972000e-03 3.393280e-01
261 6.548960e-01 5.004000e-03 3.401000e-01
262 6.540720e-01 4.844000e-03 3.410840e-01
263 6.531760e-01 4.852000e-03 3.419720e-01
264 6.522920e-01 4.936000e-03 3.427720e-01
265 6.513640e-01 5.020000e-03 3.436160e-01
266 6.504800e-01 4.932000e-03 3.445880e-01
267 6.496680e-01 4.908000e-03 3.454240e-01
268 6.488560e-01 4.904000e-03 3.462400e-01
269 6.480560e-01 4.876000e-03 3.470680e-01
270 6.472040e-01 4.860000e-03 3.479360e-01
271 6.462080e-01 5.008000e-03 3.487840e-01
272 6.452800e-01 4.980000e-03 3.497400e-01
273 6.443000e-01 5.084000e-03 3.506160e-01
274 6.433360e-01 5.192000e-03 3.514720e-01
275 6.425360e-01 5.044000e-03 3.524200e-01
276 6.416480e-01 4.992000e-03 3.533600e-01
277 6.406880e-01 5.012000e-03 3.543000e-01
278 6.396480e-01 5.144000e-03 3.552080e-01
279 6.386360e-01 5.236000e-03 3.561280e-01
280 6.376960e-01 5.260000e-03 3.570440e-01
281 6.367240e-01 5.316000e-03 3.579600e-01
282 6.357760e-01 5.300000e-03 3.589240e-01
283 6.347280e-01 5.348000e-03 3.599240e-01
284 6.337680e-01 5.412000e-03 3.608200e-01
285 6.326920e-01 5.504000e-03 3.618040e-01
286 6.315320e-01 5.672000e-03 3.627960e-01
287 6.305960e-01 5.608000e-03 3.637960e-01
288 6.296080e-01 5.672000e-03 3.647200e-01
289 6.286960e-01 5.660000e-03 3.656440e-01
290 6.277280e-01 5.664000e-03 3.666080e-01
291 6.267480e-01 5.692000e-03 3.675600e-01
292 6.258640e-01 5.668000e-03 3.684680e-01
293 6.249040e-01 5.588000e-03 3.695080e-01
294 6.240920e-01 5.432000e-03 3.704760e-01
295 6.232400e-01 5.360000e-03 3.714000e-01
296 6.222520e-01 5.572000e-03 3.721760e-01
297 6.213480e-01 5.552000e-03 3.731000e-01
298 6.203240e-01 5.572000e-03 3.741040e-01
299 6.194400e-01 5.368000e-03 3.751920e-01
300 6.185000e-01 5.376000e-03 3.761240e-01
301 6.176520e-01 5.192000e-03 3.771560e-01
302 6.167480e-01 5.200000e-03 3.780520e-01
303 6.159320e-01 5.108000e-03 3.789600e-01
304 6.150640e-01 5.132000e-03 3.798040e-01
305 6.142960e-01 5.040000e-03 3.806640e-01
306 6.133920e-01 5.032000e-03 3.815760e-01
307 6.126000e-01 4.908000e-03 3.824920e-01
308 6.118560e-01 4.888000e-03 3.832560e-01
309 6.111200e-01 4.804000e-03 3.840760e-01
310 6.104760e-01 4.620000e-03 3.849040e-01
311 6.097720e-01 4.560000e-03 3.856680e-01
312 6.090280e-01 4.468000e-03 3.865040e-01
313 6.082280e-01 4.448000e-03 3.873240e-01
314 6.074720e-01 4.360000e-03 3.881680e-01
315 6.068760e-01 4.188000e-03 3.889360e-01
316 6.061160e-01 4.208000e-03 3.896760e-01
317 6.052880e-01 4.240000e-03 3.904720e-01
318 6.045720e-01 4.168000e-03 3.912600e-01
319 6.039400e-01 4.116000e-03 3.919440e-01
320 6.032840e-01 4.088000e-03 3.926280e-01
321 6.027560e-01 3.932000e-03 3.933120e-01
322 6.021920e-01 3.840000e-03 3.939680e-01
323 6.016160e-01 3.728000e-03 3.946560e-01
324 6.009280e-01 3.736000e-03 3.953360e-01
325 6.003600e-01 3.688000e-03 3.959520e-01
326 5.998040e-01 3.592000e-03 3.966040e-01
327 5.993360e-01 3.420000e-03 3.972440e-01
328 5.987680e-01 3.464000e-03 3.977680e-01
329 5.981360e-01 3.432000e-03 3.984320e-01
330 5.974840e-01 3.508000e-03 3.990080e-01
331 5.969640e-01 3.424000e-03 3.996120e-01
332 5.964320e-01 3.480000e-03 4.000880e-01
333 5.957920e-01 3.472000e-03 4.007360e-01
334 5.951600e-01 3.448000e-03 4.013920e-01
335 5.945760e-01 3.364000e-03 4.020600e-01
336 5.940560e-01 3.304000e-03 4.026400e-01
337 5.934800e-01 3.292000e-03 4.032280e-01
338 5.928360e-01 3.324000e-03 4.038400e-01
339 5.922000e-01 3.360000e-03 4.044400e-01
340 5.916520e-01 3.288000e-03 4.050600e-01
341 5.911200e-01 3.184000e-03 4.056960e-01
342 5.905920e-01 3.156000e-03 4.062520e-01
343 5.900200e-01 3.232000e-03 4.067480e-01
344 5.895160e-01 3.176000e-03 4.073080e-01
345 5.890040e-01 3.148000e-03 4.078480e-01
346 5.885520e-01 3.048000e-03 4.084000e-01
347 5.881400e-01 2.908000e-03 4.089520e-01
348 5.876240e-01 2.948000e-03 4.094280e-01
349 5.871440e-01 2.992000e-03 4.098640e-01
350 5.866880e-01 2.944000e-03 4.103680e-01
351 5.862600e-01 2.836000e-03 4.109040e-01
352 5.857680e-01 2.836000e-03 4.113960e-01
353 5.852440e-01 2.912000e-03 4.118440e-01
354 5.847840e-01 2.892000e-03 4.123240e-01
355 5.844160e-01 2.768000e-03 4.128160e-01
356 5.840320e-01 2.684000e-03 4.132840e-01
357 5.836080e-01 2.672000e-03 4.137200e-01
358 5.831000e-01 2.764000e-03 4.141360e-01
359 5.826720e-01 2.740000e-03 4.145880e-01
360 5.821720e-01 2.756000e-03 4.150720e-01
361 5.817120e-01 2.772000e-03 4.155160e-01
362 5.811920e-01 2.928000e-03 4.158800e-01
363 5.806680e-01 2.980000e-03 4.163520e-01
364 5.801480e-01 3.032000e-03 4.168200e-01
365 5.797400e-01 2.928000e-03 4.173320e-01
366 5.792640e-01 2.924000e-03 4.178120e-01
367 5.788160e-01 2.956000e-03 4.182280e-01
368 5.783360e-01 2.924000e-03 4.187400e-01
369 5.778280e-01 2.956000e-03 4.192160e-01
370 5.774440e-01 2.776000e-03 4.197800e-01
371 5.769640e-01 2.776000e-03 4.202600e-01
372 5.765440e-01 2.676000e-03 4.207800e-01
373 5.760800e-01 2.672000e-03 4.212480e-01
374 5.756000e-01 2.708000e-03 4.216920e-01
375 5.752160e-01 2.592000e-03 4.221920e-01
376 5.748920e-01 2.480000e-03 4.226280e-01
377 5.745600e-01 2.352000e-03 4.230880e-01
378 5.741960e-01 2.308000e-03 4.234960e-01
379 5.738360e-01 2.292000e-03 4.238720e-01
380 5.735760e-01 2.184000e-03 4.242400e-01
381 5.732680e-01 2.064000e-03 4.246680e-01
382 5.729720e-01 1.952000e-03 4.250760e-01
383 5.726880e-01 1.820000e-03 4.254920e-01
384 5.724360e-01 1.796000e-03 4.257680e-01
385 5.721920e-01 1.696000e-03 4.261120e-01
386 5.718960e-01 1.704000e-03 4.264000e-01
387 5.715960e-01 1.728000e-03 4.266760e-01
388 5.713120e-01 1.736000e-03 4.269520e-01
389 5.710720e-01 1.732000e-03 4.271960e-01
390 5.707120e-01 1.816000e-03 4.274720e-01
391 5.703360e-01 1.808000e-03 4.278560e-01
392 5.700040e-01 1.844000e-03 4.281520e-01
393 5.696800e-01 1.832000e-03 4.284880e-01
394 5.693840e-01 1.800000e-03 4.288160e-01
395 5.690760e-01 1.776000e-03 4.291480e-01
396 5.687640e-01 1.804000e-03 4.294320e-01
397 5.684600e-01 1.756000e-03 4.297840e-01
398 5.681760e-01 1.684000e-03 4.301400e-01
399 5.678760e-01 1.680000e-03 4.304440e-01
400 5.675840e-01 1.692000e-03 4.307240e-01
401 5.673080e-01 1.664000e-03 4.310280e-01
402 5.671400e-01 1.584000e-03 4.312760e-01
403 5.669400e-01 1.544000e-03 4.315160e-01
404 5.667360e-01 1.420000e-03 4.318440e-01
405 5.665400e-01 1.392000e-03 4.320680e-01
406 5.663840e-01 1.336000e-03 4.322800e-01
407 5.662360e-01 1.288000e-03 4.324760e-01
408 5.660200e-01 1.272000e-03 4.327080e-01
409 5.658200e-01 1.272000e-03 4.329080e-01
410 5.656240e-01 1.232000e-03 4.331440e-01
411 5.653800e-01 1.280000e-03 4.333400e-01
412 5.651760e-01 1.280000e-03 4.335440e-01
413 5.650160e-01 1.248000e-03 4.337360e-01
414 5.648560e-01 1.244000e-03 4.339000e-01
415 5.647080e-01 1.188000e-03 4.341040e-01
416 5.644920e-01 1.216000e-03 4.342920e-01
417 5.642960e-01 1.188000e-03 4.345160e-01
418 5.641360e-01 1.180000e-03 4.346840e-01
419 5.639440e-01 1.200000e-03 4.348560e-01
420 5.637480e-01 1.176000e-03 4.350760e-01
421 5.635480e-01 1.192000e-03 4.352600e-01
422 5.632720e-01 1.256000e-03 4.354720e-01
423 5.630520e-01 1.260000e-03 4.356880e-01
424 5.627840e-01 1.296000e-03 4.359200e-01
425 5.625400e-01 1.340000e-03 4.361200e-01
426 5.622280e-01 1.396000e-03 4.363760e-01
427 5.620000e-01 1.416000e-03 4.365840e-01
428 5.617280e-01 1.412000e-03 4.368600e-01
429 5.614480e-01 1.456000e-03 4.370960e-01
430 5.610720e-01 1.572000e-03 4.373560e-01
431 5.608240e-01 1.504000e-03 4.376720e-01
432 5.605560e-01 1.488000e-03 4.379560e-01
433 5.602720e-01 1.472000e-03 4.382560e-01
434 5.600120e-01 1.452000e-03 4.385360e-01
435 5.598240e-01 1.380000e-03 4.387960e-01
436 5.595880e-01 1.372000e-03 4.390400e-01
437 5.592840e-01 1.420000e-03 4.392960e-01
438 5.590880e-01 1.380000e-03 4.395320e-01
439 5.588160e-01 1.416000e-03 4.397680e-01
440 5.586520e-01 1.328000e-03 4.400200e-01
441 5.584080e-01 1.340000e-03 4.402520e-01
442 5.581440e-01 1.392000e-03 4.404640e-01
443 5.577960e-01 1.512000e-03 4.406920e-01
444 5.574600e-01 1.572000e-03 4.409680e-01
445 5.571480e-01 1.592000e-03 4.412600e-01
446 5.568480e-01 1.620000e-03 4.415320e-01
447 5.565640e-01 1.592000e-03 4.418440e-01
448 5.562960e-01 1.588000e-03 4.421160e-01
449 5.560440e-01 1.556000e-03 4.424000e-01
450 5.557880e-01 1.508000e-03 4.427040e-01
451 5.555200e-01 1.492000e-03 4.429880e-01
452 5.552280e-01 1.540000e-03 4.432320e-01
453 5.550080e-01 1.476000e-03 4.435160e-01
454 5.546800e-01 1.496000e-03 4.438240e-01
455 5.543720e-01 1.588000e-03 4.440400e-01
456 5.540960e-01 1.584000e-03 4.443200e-01
457 5.539000e-01 1.516000e-03 4.445840e-01
458 5.536680e-01 1.460000e-03 4.448720e-01
459 5.533720e-01 1.528000e-03 4.451000e-01
460 5.531040e-01 1.532000e-03 4.453640e-01
461 5.528120e-01 1.552000e-03 4.456360e-01
462 5.525640e-01 1.504000e-03 4.459320e-01
463 5.522560e-01 1.548000e-03 4.461960e-01
464 5.519760e-01 1.612000e-03 4.464120e-01
465 5.517120e-01 1.568000e-03 4.467200e-01
466 5.513600e-01 1.664000e-03 4.469760e-01
467 5.509880e-01 1.756000e-03 4.472560e-01
468 5.507120e-01 1.672000e-03 4.476160e-01
469 5.504480e-01 1.576000e-03 4.479760e-01
470 5.502240e-01 1.552000e-03 4.482240e-01
471 5.500280e-01 1.448000e-03 4.485240e-01
472 5.497840e-01 1.484000e-03 4.487320e-01
473 5.495800e-01 1.396000e-03 4.490240e-01
474 5.493400e-01 1.396000e-03 4.492640e-01
475 5.491280e-01 1.364000e-03 4.495080e-01
476 5.489040e-01 1.384000e-03 4.497120e-01
477 5.487200e-01 1.260000e-03 4.500200e-01
478 5.484920e-01 1.264000e-03 4.502440e-01
479 5.482720e-01 1.288000e-03 4.504400e-01
480 5.480480e-01 1.368000e-03 4.505840e-01
481 5.478640e-01 1.284000e-03 4.508520e-01
482 5.477640e-01 1.132000e-03 4.511040e-01
483 5.476120e-01 1.120000e-03 4.512680e-01
484 5.474480e-01 1.136000e-03 4.514160e-01
485 5.472920e-01 1.060000e-03 4.516480e-01
486 5.471400e-01 1.040000e-03 4.518200e-01
487 5.469800e-01 1.020000e-03 4.520000e-01
488 5.468000e-01 1.024000e-03 4.521760e-01
489 5.466360e-01 1.016000e-03 4.523480e-01
490 5.464880e-01 9.880000e-04 4.525240e-01
491 5.463240e-01 9.440000e-04 4.527320e-01
492 5.461640e-01 9.560000e-04 4.528800e-01
493 5.460320e-01 9.320000e-04 4.530360e-01
494 5.459040e-01 8.520000e-04 4.532440e-01
495 5.457400e-01 8.680000e-04 4.533920e-01
496 5.456400e-01 8.160000e-04 4.535440e-01
497 5.455560e-01 7.320000e-04 4.537120e-01
498 5.454440e-01 6.920000e-04 4.538640e-01
499 5.453120e-01 6.840000e-04 4.540040e-01
500 5.451840e-01 7.080000e-04 4.541080e-01
