1 9.992400e-01 6.840000e-04 7.600000e-05
2 9.987760e-01 9.880000e-04 2.360000e-04
3 9.980440e-01 1.492000e-03 4.640000e-04
4 9.972960e-01 1.936000e-03 7.680000e-04
5 9.964360e-01 2.372000e-03 1.192000e-03
6 9.956440e-01 2.684000e-03 1.672000e-03
7 9.948280e-01 2.976000e-03 2.196000e-03
8 9.937920e-01 3.396000e-03 2.812000e-03
9 9.928840e-01 3.624000e-03 3.492000e-03
10 9.918560e-01 4.016000e-03 4.128000e-03
11 9.907520e-01 4.348000e-03 4.900000e-03
12 9.897760e-01 4.512000e-03 5.712000e-03
13 9.886280e-01 4.856000e-03 6.516000e-03
14 9.874280e-01 5.156000e-03 7.416000e-03
15 9.862320e-01 5.424000e-03 8.344000e-03
16 9.850480e-01 5.772000e-03 9.180000e-03
17 9.837440e-01 6.056000e-03 1.020000e-02
18 9.824360e-01 6.264000e-03 1.130000e-02
19 9.812680e-01 6.248000e-03 1.248400e-02
20 9.799160e-01 6.480000e-03 1.360400e-02
21 9.786160e-01 6.572000e-03 1.481200e-02
22 9.772400e-01 6.744000e-03 1.601600e-02
23 9.759480e-01 6.808000e-03 1.724400e-02
24 9.745720e-01 6.888000e-03 1.854000e-02
25 9.730400e-01 7.248000e-03 1.971200e-02
26 9.716040e-01 7.260000e-03 2.113600e-02
27 9.701920e-01 7.456000e-03 2.235200e-02
28 9.686680e-01 7.528000e-03 2.380400e-02
29 9.671360e-01 7.700000e-03 2.516400e-02
30 9.655080e-01 7.904000e-03 2.658800e-02
31 9.638520e-01 8.116000e-03 2.803200e-02
32 9.622360e-01 8.268000e-03 2.949600e-02
33 9.606200e-01 8.488000e-03 3.089200e-02
34 9.590760e-01 8.604000e-03 3.232000e-02
35 9.573680e-01 8.780000e-03 3.385200e-02
36 9.556960e-01 8.860000e-03 3.544400e-02
37 9.538840e-01 9.040000e-03 3.707600e-02
38 9.521680e-01 9.156000e-03 3.867600e-02
39 9.504640e-01 9.356000e-03 4.018000e-02
40 9.487840e-01 9.432000e-03 4.178400e-02
41 9.469600e-01 9.536000e-03 4.350400e-02
42 9.453120e-01 9.644000e-03 4.504400e-02
43 9.434960e-01 9.688000e-03 4.681600e-02
44 9.416800e-01 9.936000e-03 4.838400e-02
45 9.397720e-01 9.956000e-03 5.027200e-02
46 9.377800e-01 1.015200e-02 5.206800e-02
47 9.359400e-01 1.020000e-02 5.386000e-02
48 9.342360e-01 1.011600e-02 5.564800e-02
49 9.323480e-01 1.005200e-02 5.760000e-02
50 9.305600e-01 1.005200e-02 5.938800e-02
51 9.286880e-01 1.024400e-02 6.106800e-02
52 9.270200e-01 1.012000e-02 6.286000e-02
53 9.253680e-01 1.001200e-02 6.462000e-02
54 9.235280e-01 1.016000e-02 6.631200e-02
55 9.218040e-01 1.016000e-02 6.803600e-02
56 9.200320e-01 1.016400e-02 6.980400e-02
57 9.182480e-01 1.019600e-02 7.155600e-02
58 9.166480e-01 1.013600e-02 7.321600e-02
59 9.149840e-01 1.018000e-02 7.483600e-02
60 9.131600e-01 1.004800e-02 7.679200e-02
61 9.115280e-01 9.800000e-03 7.867200e-02
62 9.096880e-01 9.976000e-03 8.033600e-02
63 9.078720e-01 1.008000e-02 8.204800e-02
64 9.060520e-01 1.006000e-02 8.388800e-02
65 9.043320e-01 9.984000e-03 8.568400e-02
66 9.026280e-01 9.892000e-03 8.748000e-02
67 9.010040e-01 9.780000e-03 8.921600e-02
68 8.992120e-01 9.884000e-03 9.090400e-02
69 8.973440e-01 1.016400e-02 9.249200e-02
70 8.955840e-01 1.025200e-02 9.416400e-02
71 8.939360e-01 1.007200e-02 9.599200e-02
72 8.922280e-01 1.010800e-02 9.766400e-02
73 8.906560e-01 9.924000e-03 9.942000e-02
74 8.890960e-01 9.708000e-03 1.011960e-01
75 8.876080e-01 9.492000e-03 1.029000e-01
76 8.859040e-01 9.640000e-03 1.044560e-01
77 8.840520e-01 9.840000e-03 1.061080e-01
78 8.823400e-01 9.840000e-03 1.078200e-01
79 8.805400e-01 9.888000e-03 1.095720e-01
80 8.787920e-01 9.928000e-03 1.112800e-01
81 8.770800e-01 9.948000e-03 1.129720e-01
82 8.755120e-01 9.832000e-03 1.146560e-01
83 8.738240e-01 9.832000e-03 1.163440e-01
84 8.721320e-01 9.808000e-03 1.180600e-01
85 8.704040e-01 9.812000e-03 1.197840e-01
86 8.685600e-01 1.001200e-02 1.214280e-01
87 8.668800e-01 9.960000e-03 1.231600e-01
88 8.650280e-01 9.972000e-03 1.250000e-01
89 8.633560e-01 9.888000e-03 1.267560e-01
90 8.616400e-01 9.884000e-03 1.284760e-01
91 8.599680e-01 9.972000e-03 1.300600e-01
92 8.582720e-01 9.908000e-03 1.318200e-01
93 8.564080e-01 1.007600e-02 1.335160e-01
94 8.544960e-01 1.019200e-02 1.353120e-01
95 8.527880e-01 1.018000e-02 1.370320e-01
96 8.512000e-01 9.952000e-03 1.388480e-01
97 8.495360e-01 9.980000e-03 1.404840e-01
98 8.477720e-01 1.010800e-02 1.421200e-01
99 8.460040e-01 1.015200e-02 1.438440e-01
100 8.443240e-01 1.010800e-02 1.455680e-01
101 8.426760e-01 1.005200e-02 1.472720e-01
102 8.410240e-01 1.005200e-02 1.489240e-01
103 8.393320e-01 1.004400e-02 1.506240e-01
104 8.377440e-01 9.832000e-03 1.524240e-01
105 8.362080e-01 9.604000e-03 1.541880e-01
106 8.345720e-01 9.560000e-03 1.558680e-01
107 8.328520e-01 9.624000e-03 1.575240e-01
108 8.313840e-01 9.548000e-03 1.590680e-01
109 8.296960e-01 9.572000e-03 1.607320e-01
110 8.280400e-01 9.764000e-03 1.621960e-01
111 8.266040e-01 9.500000e-03 1.638960e-01
112 8.250000e-01 9.508000e-03 1.654920e-01
113 8.234840e-01 9.320000e-03 1.671960e-01
114 8.220000e-01 9.184000e-03 1.688160e-01
115 8.204080e-01 9.224000e-03 1.703680e-01
116 8.188760e-01 9.036000e-03 1.720880e-01
117 8.173800e-01 9.076000e-03 1.735440e-01
118 8.160640e-01 8.740000e-03 1.751960e-01
119 8.147320e-01 8.480000e-03 1.767880e-01
120 8.133680e-01 8.208000e-03 1.784240e-01
121 8.117920e-01 8.428000e-03 1.797800e-01
122 8.103160e-01 8.504000e-03 1.811800e-01
123 8.090480e-01 8.400000e-03 1.825520e-01
124 8.076120e-01 8.312000e-03 1.840760e-01
125 8.062720e-01 8.192000e-03 1.855360e-01
126 8.050000e-01 8.028000e-03 1.869720e-01
127 8.036000e-01 7.904000e-03 1.884960e-01
128 8.022040e-01 7.960000e-03 1.898360e-01
129 8.010200e-01 7.804000e-03 1.911760e-01
130 7.997200e-01 7.764000e-03 1.925160e-01
131 7.983240e-01 7.780000e-03 1.938960e-01
132 7.969400e-01 7.724000e-03 1.953360e-01
133 7.956960e-01 7.572000e-03 1.967320e-01
134 7.942720e-01 7.692000e-03 1.980360e-01
135 7.928560e-01 7.724000e-03 1.994200e-01
136 7.915400e-01 7.568000e-03 2.008920e-01
137 7.901960e-01 7.436000e-03 2.023680e-01
138 7.889600e-01 7.276000e-03 2.037640e-01
139 7.876960e-01 7.276000e-03 2.050280e-01
140 7.865080e-01 7.192000e-03 2.063000e-01
141 7.853720e-01 7.024000e-03 2.076040e-01
142 7.842800e-01 6.936000e-03 2.087840e-01
143 7.831360e-01 6.828000e-03 2.100360e-01
144 7.819440e-01 6.872000e-03 2.111840e-01
145 7.807680e-01 6.816000e-03 2.124160e-01
146 7.796720e-01 6.780000e-03 2.135480e-01
147 7.785160e-01 6.760000e-03 2.147240e-01
148 7.774720e-01 6.620000e-03 2.159080e-01
149 7.763840e-01 6.480000e-03 2.171360e-01
150 7.751920e-01 6.520000e-03 2.182880e-01
151 7.740520e-01 6.376000e-03 2.195720e-01
152 7.729120e-01 6.360000e-03 2.207280e-01
153 7.716920e-01 6.488000e-03 2.218200e-01
154 7.706840e-01 6.420000e-03 2.228960e-01
155 7.694960e-01 6.536000e-03 2.239680e-01
156 7.684000e-01 6.508000e-03 2.250920e-01
157 7.673640e-01 6.456000e-03 2.261800e-01
158 7.661280e-01 6.480000e-03 2.273920e-01
159 7.650800e-01 6.412000e-03 2.285080e-01
160 7.639440e-01 6.508000e-03 2.295480e-01
161 7.629160e-01 6.308000e-03 2.307760e-01
162 7.619440e-01 6.172000e-03 2.318840e-01
163 7.609880e-01 5.920000e-03 2.330920e-01
164 7.599120e-01 6.040000e-03 2.340480e-01
165 7.588960e-01 5.920000e-03 2.351840e-01
166 7.578200e-01 5.936000e-03 2.362440e-01
167 7.568200e-01 5.964000e-03 2.372160e-01
168 7.558320e-01 5.916000e-03 2.382520e-01
169 7.548240e-01 6.008000e-03 2.391680e-01
170 7.539040e-01 5.924000e-03 2.401720e-01
171 7.528280e-01 5.952000e-03 2.412200e-01
172 7.518680e-01 5.952000e-03 2.421800e-01
173 7.507400e-01 6.000000e-03 2.432600e-01
174 7.495920e-01 6.104000e-03 2.443040e-01
175 7.485000e-01 6.136000e-03 2.453640e-01
176 7.473960e-01 6.132000e-03 2.464720e-01
177 7.463880e-01 6.108000e-03 2.475040e-01
178 7.453880e-01 6.100000e-03 2.485120e-01
179 7.444280e-01 5.848000e-03 2.497240e-01
180 7.433920e-01 5.900000e-03 2.507080e-01
181 7.423000e-01 5.968000e-03 2.517320e-01
182 7.412840e-01 5.904000e-03 2.528120e-01
183 7.401320e-01 6.008000e-03 2.538600e-01
184 7.391440e-01 5.936000e-03 2.549200e-01
185 7.381120e-01 5.864000e-03 2.560240e-01
186 7.370920e-01 5.820000e-03 2.570880e-01
187 7.360120e-01 5.884000e-03 2.581040e-01
188 7.349720e-01 5.940000e-03 2.590880e-01
189 7.338400e-01 5.944000e-03 2.602160e-01
190 7.328320e-01 5.920000e-03 2.612480e-01
191 7.317000e-01 6.056000e-03 2.622440e-01
192 7.306200e-01 6.164000e-03 2.632160e-01
193 7.294680e-01 6.116000e-03 2.644160e-01
194 7.284280e-01 6.032000e-03 2.655400e-01
195 7.272600e-01 6.172000e-03 2.665680e-01
196 7.263240e-01 6.044000e-03 2.676320e-01
197 7.252800e-01 5.932000e-03 2.687880e-01
198 7.241760e-01 6.016000e-03 2.698080e-01
199 7.231560e-01 5.904000e-03 2.709400e-01
200 7.221040e-01 5.908000e-03 2.719880e-01
201 7.210320e-01 5.936000e-03 2.730320e-01
202 7.201400e-01 5.876000e-03 2.739840e-01
203 7.191160e-01 5.896000e-03 2.749880e-01
204 7.179920e-01 6.032000e-03 2.759760e-01
205 7.169400e-01 6.080000e-03 2.769800e-01
206 7.160400e-01 5.944000e-03 2.780160e-01
207 7.148800e-01 5.984000e-03 2.791360e-01
208 7.139440e-01 5.832000e-03 2.802240e-01
209 7.130120e-01 5.712000e-03 2.812760e-01
210 7.120240e-01 5.676000e-03 2.823000e-01
211 7.109960e-01 5.604000e-03 2.834000e-01
212 7.100240e-01 5.540000e-03 2.844360e-01
213 7.090120e-01 5.668000e-03 2.853200e-01
214 7.080600e-01 5.624000e-03 2.863160e-01
215 7.070640e-01 5.596000e-03 2.873400e-01
216 7.061360e-01 5.548000e-03 2.883160e-01
217 7.053000e-01 5.404000e-03 2.892960e-01
218 7.043960e-01 5.436000e-03 2.901680e-01
219 7.035240e-01 5.344000e-03 2.911320e-01
220 7.025680e-01 5.372000e-03 2.920600e-01
221 7.015760e-01 5.536000e-03 2.928880e-01
222 7.007000e-01 5.472000e-03 2.938280e-01
223 6.997000e-01 5.464000e-03 2.948360e-01
224 6.988440e-01 5.316000e-03 2.958400e-01
225 6.979080e-01 5.392000e-03 2.967000e-01
226 6.968560e-01 5.572000e-03 2.975720e-01
227 6.959680e-01 5.436000e-03 2.985960e-01
228 6.951320e-01 5.344000e-03 2.995240e-01
229 6.942880e-01 5.284000e-03 3.004280e-01
230 6.935160e-01 5.180000e-03 3.013040e-01
231 6.926000e-01 5.108000e-03 3.022920e-01
232 6.916960e-01 5.044000e-03 3.032600e-01
233 6.907480e-01 5.080000e-03 3.041720e-01
234 6.898400e-01 5.188000e-03 3.049720e-01
235 6.890280e-01 5.060000e-03 3.059120e-01
236 6.880000e-01 5.176000e-03 3.068240e-01
237 6.871600e-01 5.192000e-03 3.076480e-01
238 6.862880e-01 5.248000e-03 3.084640e-01
239 6.852880e-01 5.276000e-03 3.094360e-01
240 6.843680e-01 5.236000e-03 3.103960e-01
241 6.835040e-01 5.216000e-03 3.112800e-01
242 6.825280e-01 5.312000e-03 3.121600e-01
243 6.816800e-01 5.220000e-03 3.131000e-01
244 6.808760e-01 5.012000e-03 3.141120e-01
245 6.801240e-01 4.852000e-03 3.150240e-01
246 6.793280e-01 4.840000e-03 3.158320e-01
247 6.784160e-01 4.880000e-03 3.167040e-01
248 6.776520e-01 4.732000e-03 3.176160e-01
249 6.768120e-01 4.708000e-03 3.184800e-01
250 6.758800e-01 4.852000e-03 3.192680e-01
251 6.749480e-01 4.820000e-03 3.202320e-01
252 6.740840e-01 4.812000e-03 3.211040e-01
253 6.732520e-01 4.860000e-03 3.218880e-01
254 6.724880e-01 4.856000e-03 3.226560e-01
255 6.717040e-01 4.800000e-03 3.234960e-01
256 6.709800e-01 4.584000e-03 3.244360e-01
257 6.701840e-01 4.532000e-03 3.252840e-01
258 6.693400e-01 4.608000e-03 3.260520e-01
259 6.685240e-01 4.632000e-03 3.268440e-01
260 6.676440e-01 4.724000e-03 3.276320e-01
261 6.667320e-01 4.768000e-03 3.285000e-01
262 6.656440e-01 5.056000e-03 3.293000e-01
263 6.646680e-01 5.108000e-03 3.302240e-01
264 6.637400e-01 5.136000e-03 3.311240e-01
265 6.628600e-01 5.096000e-03 3.320440e-01
266 6.618560e-01 5.200000e-03 3.329440e-01
267 6.609160e-01 5.348000e-03 3.337360e-01
268 6.599960e-01 5.304000e-03 3.347000e-01
269 6.591520e-01 5.132000e-03 3.357160e-01
270 6.583200e-01 5.056000e-03 3.366240e-01
271 6.575600e-01 4.888000e-03 3.375520e-01
272 6.566760e-01 4.720000e-03 3.386040e-01
273 6.558880e-01 4.768000e-03 3.393440e-01
274 6.550000e-01 4.824000e-03 3.401760e-01
275 6.541480e-01 4.776000e-03 3.410760e-01
276 6.533040e-01 4.732000e-03 3.419640e-01
277 6.524480e-01 4.768000e-03 3.427840e-01
278 6.515640e-01 4.816000e-03 3.436200e-01
279 6.507480e-01 4.860000e-03 3.443920e-01
280 6.498880e-01 5.000000e-03 3.451120e-01
281 6.490360e-01 4.992000e-03 3.459720e-01
282 6.481840e-01 4.968000e-03 3.468480e-01
283 6.474640e-01 4.768000e-03 3.477680e-01
284 6.467360e-01 4.672000e-03 3.485920e-01
285 6.458600e-01 4.724000e-03 3.494160e-01
286 6.449600e-01 4.776000e-03 3.502640e-01
287 6.440840e-01 4.824000e-03 3.510920e-01
288 6.431880e-01 4.860000e-03 3.519520e-01
289 6.422760e-01 4.840000e-03 3.528840e-01
290 6.414640e-01 4.716000e-03 3.538200e-01
291 6.406880e-01 4.596000e-03 3.547160e-01
292 6.399240e-01 4.592000e-03 3.554840e-01
293 6.391520e-01 4.532000e-03 3.563160e-01
294 6.383880e-01 4.488000e-03 3.571240e-01
295 6.376080e-01 4.328000e-03 3.580640e-01
296 6.370360e-01 4.116000e-03 3.588480e-01
297 6.363120e-01 4.128000e-03 3.595600e-01
298 6.356320e-01 4.144000e-03 3.602240e-01
299 6.349720e-01 4.124000e-03 3.609040e-01
300 6.341360e-01 4.208000e-03 3.616560e-01
301 6.334800e-01 4.148000e-03 3.623720e-01
302 6.327600e-01 4.116000e-03 3.631240e-01
303 6.321000e-01 4.096000e-03 3.638040e-01
304 6.314840e-01 4.040000e-03 3.644760e-01
305 6.309480e-01 3.816000e-03 3.652360e-01
306 6.303680e-01 3.644000e-03 3.659880e-01
307 6.298480e-01 3.540000e-03 3.666120e-01
308 6.293400e-01 3.524000e-03 3.671360e-01
309 6.287280e-01 3.468000e-03 3.678040e-01
310 6.282080e-01 3.348000e-03 3.684440e-01
311 6.276880e-01 3.288000e-03 3.690240e-01
312 6.271760e-01 3.260000e-03 3.695640e-01
313 6.266760e-01 3.104000e-03 3.702200e-01
314 6.261680e-01 3.096000e-03 3.707360e-01
315 6.256200e-01 3.104000e-03 3.712760e-01
316 6.251040e-01 3.160000e-03 3.717360e-01
317 6.244920e-01 3.248000e-03 3.722600e-01
318 6.239800e-01 3.164000e-03 3.728560e-01
319 6.234360e-01 3.212000e-03 3.733520e-01
320 6.228920e-01 3.232000e-03 3.738760e-01
321 6.223680e-01 3.160000e-03 3.744720e-01
322 6.218000e-01 3.088000e-03 3.751120e-01
323 6.212400e-01 3.052000e-03 3.757080e-01
324 6.206080e-01 3.112000e-03 3.762800e-01
325 6.200080e-01 3.136000e-03 3.768560e-01
326 6.195200e-01 3.068000e-03 3.774120e-01
327 6.189560e-01 3.180000e-03 3.778640e-01
328 6.184360e-01 3.144000e-03 3.784200e-01
329 6.179000e-01 3.152000e-03 3.789480e-01
330 6.174360e-01 3.120000e-03 3.794440e-01
331 6.169280e-01 3.028000e-03 3.800440e-01
332 6.164760e-01 2.960000e-03 3.805640e-01
333 6.159800e-01 2.780000e-03 3.812400e-01
334 6.155320e-01 2.848000e-03 3.816200e-01
335 6.149680e-01 2.828000e-03 3.822040e-01
336 6.145400e-01 2.868000e-03 3.825920e-01
337 6.140960e-01 2.792000e-03 3.831120e-01
338 6.136880e-01 2.732000e-03 3.835800e-01
339 6.132880e-01 2.632000e-03 3.840800e-01
340 6.128600e-01 2.608000e-03 3.845320e-01
341 6.124760e-01 2.496000e-03 3.850280e-01
342 6.120640e-01 2.440000e-03 3.854960e-01
343 6.117040e-01 2.416000e-03 3.858800e-01
344 6.113000e-01 2.436000e-03 3.862640e-01
345 6.108680e-01 2.464000e-03 3.866680e-01
346 6.104960e-01 2.460000e-03 3.870440e-01
347 6.100480e-01 2.488000e-03 3.874640e-01
348 6.096440e-01 2.520000e-03 3.878360e-01
349 6.092840e-01 2.452000e-03 3.882640e-01
350 6.087200e-01 2.572000e-03 3.887080e-01
351 6.082320e-01 2.616000e-03 3.891520e-01
352 6.079240e-01 2.552000e-03 3.895240e-01
353 6.075320e-01 2.480000e-03 3.899880e-01
354 6.071000e-01 2.488000e-03 3.904120e-01
355 6.066840e-01 2.512000e-03 3.908040e-01
356 6.062040e-01 2.580000e-03 3.912160e-01
357 6.056600e-01 2.692000e-03 3.916480e-01
358 6.051880e-01 2.692000e-03 3.921200e-01
359 6.046760e-01 2.692000e-03 3.926320e-01
360 6.041320e-01 2.788000e-03 3.930800e-01
361 6.036480e-01 2.760000e-03 3.935920e-01
362 6.031800e-01 2.732000e-03 3.940880e-01
363 6.027040e-01 2.728000e-03 3.945680e-01
364 6.021480e-01 2.836000e-03 3.950160e-01
365 6.016560e-01 2.836000e-03 3.955080e-01
366 6.012120e-01 2.836000e-03 3.959520e-01
367 6.007040e-01 2.868000e-03 3.964280e-01
368 6.002800e-01 2.708000e-03 3.970120e-01
369 5.998720e-01 2.692000e-03 3.974360e-01
370 5.994440e-01 2.596000e-03 3.979600e-01
371 5.990040e-01 2.512000e-03 3.984840e-01
372 5.986000e-01 2.476000e-03 3.989240e-01
373 5.981720e-01 2.428000e-03 3.994000e-01
374 5.977240e-01 2.496000e-03 3.997800e-01
375 5.973520e-01 2.440000e-03 4.002080e-01
376 5.969440e-01 2.432000e-03 4.006240e-01
377 5.965160e-01 2.400000e-03 4.010840e-01
378 5.961680e-01 2.324000e-03 4.015080e-01
379 5.958240e-01 2.280000e-03 4.018960e-01
380 5.954320e-01 2.248000e-03 4.023200e-01
381 5.950120e-01 2.340000e-03 4.026480e-01
382 5.944960e-01 2.420000e-03 4.030840e-01
383 5.940080e-01 2.500000e-03 4.034920e-01
384 5.935080e-01 2.556000e-03 4.039360e-01
385 5.930920e-01 2.576000e-03 4.043320e-01
386 5.925960e-01 2.568000e-03 4.048360e-01
387 5.921280e-01 2.600000e-03 4.052720e-01
388 5.916480e-01 2.612000e-03 4.057400e-01
389 5.911840e-01 2.616000e-03 4.062000e-01
390 5.907560e-01 2.580000e-03 4.066640e-01
391 5.903600e-01 2.544000e-03 4.070960e-01
392 5.899440e-01 2.544000e-03 4.075120e-01
393 5.895200e-01 2.548000e-03 4.079320e-01
394 5.891160e-01 2.516000e-03 4.083680e-01
395 5.887280e-01 2.392000e-03 4.088800e-01
396 5.883880e-01 2.328000e-03 4.092840e-01
397 5.880720e-01 2.236000e-03 4.096920e-01
398 5.877000e-01 2.272000e-03 4.100280e-01
399 5.874400e-01 2.100000e-03 4.104600e-01
400 5.871400e-01 2.052000e-03 4.108080e-01
401 5.868240e-01 2.056000e-03 4.111200e-01
402 5.865080e-01 1.968000e-03 4.115240e-01
403 5.862080e-01 1.956000e-03 4.118360e-01
404 5.859120e-01 1.900000e-03 4.121880e-01
405 5.856120e-01 1.832000e-03 4.125560e-01
406 5.853880e-01 1.772000e-03 4.128400e-01
407 5.851320e-01 1.712000e-03 4.131560e-01
408 5.849120e-01 1.672000e-03 4.134160e-01
409 5.846920e-01 1.560000e-03 4.137480e-01
410 5.844680e-01 1.552000e-03 4.139800e-01
411 5.842280e-01 1.460000e-03 4.143120e-01
412 5.840120e-01 1.408000e-03 4.145800e-01
413 5.837760e-01 1.392000e-03 4.148320e-01
414 5.834960e-01 1.448000e-03 4.150560e-01
415 5.832520e-01 1.424000e-03 4.153240e-01
416 5.829680e-01 1.456000e-03 4.155760e-01
417 5.826280e-01 1.520000e-03 4.158520e-01
418 5.823120e-01 1.572000e-03 4.161160e-01
419 5.819440e-01 1.672000e-03 4.163840e-01
420 5.815880e-01 1.752000e-03 4.166600e-01
421 5.812560e-01 1.756000e-03 4.169880e-01
422 5.809680e-01 1.728000e-03 4.173040e-01
423 5.807240e-01 1.640000e-03 4.176360e-01
424 5.804240e-01 1.688000e-03 4.178880e-01
425 5.801640e-01 1.632000e-03 4.182040e-01
426 5.799200e-01 1.616000e-03 4.184640e-01
427 5.796080e-01 1.636000e-03 4.187560e-01
428 5.793960e-01 1.564000e-03 4.190400e-01
429 5.791160e-01 1.532000e-03 4.193520e-01
430 5.788920e-01 1.464000e-03 4.196440e-01
431 5.786560e-01 1.392000e-03 4.199520e-01
432 5.784160e-01 1.432000e-03 4.201520e-01
433 5.781680e-01 1.484000e-03 4.203480e-01
434 5.779440e-01 1.476000e-03 4.205800e-01
435 5.777080e-01 1.484000e-03 4.208080e-01
436 5.774440e-01 1.520000e-03 4.210360e-01
437 5.771680e-01 1.564000e-03 4.212680e-01
438 5.769040e-01 1.584000e-03 4.215120e-01
439 5.766200e-01 1.628000e-03 4.217520e-01
440 5.763920e-01 1.572000e-03 4.220360e-01
441 5.761920e-01 1.524000e-03 4.222840e-01
442 5.759640e-01 1.496000e-03 4.225400e-01
443 5.756680e-01 1.500000e-03 4.228320e-01
444 5.754240e-01 1.512000e-03 4.230640e-01
445 5.751040e-01 1.560000e-03 4.233360e-01
446 5.747440e-01 1.612000e-03 4.236440e-01
447 5.744640e-01 1.632000e-03 4.239040e-01
448 5.741520e-01 1.700000e-03 4.241480e-01
449 5.738440e-01 1.716000e-03 4.244400e-01
450 5.734960e-01 1.756000e-03 4.247480e-01
451 5.731840e-01 1.716000e-03 4.251000e-01
452 5.728880e-01 1.756000e-03 4.253560e-01
453 5.726840e-01 1.692000e-03 4.256240e-01
454 5.724000e-01 1.652000e-03 4.259480e-01
455 5.721120e-01 1.624000e-03 4.262640e-01
456 5.718800e-01 1.552000e-03 4.265680e-01
457 5.716080e-01 1.568000e-03 4.268240e-01
458 5.713800e-01 1.484000e-03 4.271360e-01
459 5.711560e-01 1.420000e-03 4.274240e-01
460 5.709640e-01 1.384000e-03 4.276520e-01
461 5.707320e-01 1.372000e-03 4.278960e-01
462 5.704840e-01 1.392000e-03 4.281240e-01
463 5.702520e-01 1.384000e-03 4.283640e-01
464 5.700080e-01 1.428000e-03 4.285640e-01
465 5.697440e-01 1.440000e-03 4.288160e-01
466 5.695200e-01 1.380000e-03 4.291000e-01
467 5.692920e-01 1.396000e-03 4.293120e-01
468 5.690560e-01 1.324000e-03 4.296200e-01
469 5.688280e-01 1.292000e-03 4.298800e-01
470 5.686320e-01 1.220000e-03 4.301480e-01
471 5.683840e-01 1.276000e-03 4.303400e-01
472 5.681560e-01 1.280000e-03 4.305640e-01
473 5.679560e-01 1.264000e-03 4.307800e-01
474 5.677880e-01 1.228000e-03 4.309840e-01
475 5.675960e-01 1.156000e-03 4.312480e-01
476 5.674320e-01 1.132000e-03 4.314360e-01
477 5.672720e-01 1.088000e-03 4.316400e-01
478 5.671600e-01 9.480000e-04 4.318920e-01
479 5.670080e-01 9.680000e-04 4.320240e-01
480 5.668440e-01 9.520000e-04 4.322040e-01
481 5.666920e-01 9.520000e-04 4.323560e-01
482 5.665440e-01 9.000000e-04 4.325560e-01
483 5.663680e-01 9.320000e-04 4.327000e-01
484 5.662000e-01 9.160000e-04 4.328840e-01
485 5.660800e-01 8.640000e-04 4.330560e-01
486 5.659200e-01 8.920000e-04 4.331880e-01
487 5.656960e-01 9.800000e-04 4.333240e-01
488 5.654920e-01 9.640000e-04 4.335440e-01
489 5.653280e-01 9.720000e-04 4.337000e-01
490 5.651440e-01 9.760000e-04 4.338800e-01
491 5.649680e-01 9.640000e-04 4.340680e-01
492 5.647800e-01 9.960000e-04 4.342240e-01
493 5.645480e-01 1.064000e-03 4.343880e-01
494 5.643960e-01 1.020000e-03 4.345840e-01
495 5.642080e-01 1.008000e-03 4.347840e-01
496 5.640440e-01 9.720000e-04 4.349840e-01
497 5.638400e-01 9.960000e-04 4.351640e-01
498 5.636680e-01 1.004000e-03 4.353280e-01
499 5.634400e-01 1.064000e-03 4.354960e-01
500 5.632800e-01 1.040000e-03 4.356800e-01
