1 9.991880e-01 7.400000e-04 7.200000e-05
2 9.986680e-01 1.052000e-03 2.800000e-04
3 9.979480e-01 1.516000e-03 5.360000e-04
4 9.972040e-01 1.992000e-03 8.040000e-04
5 9.964440e-01 2.408000e-03 1.148000e-03
6 9.956040e-01 2.828000e-03 1.568000e-03
7 9.946680e-01 3.236000e-03 2.096000e-03
8 9.937840e-01 3.560000e-03 2.656000e-03
9 9.927920e-01 3.904000e-03 3.304000e-03
10 9.916960e-01 4.280000e-03 4.024000e-03
11 9.904800e-01 4.744000e-03 4.776000e-03
12 9.894000e-01 4.968000e-03 5.632000e-03
13 9.882400e-01 5.320000e-03 6.440000e-03
14 9.869880e-01 5.600000e-03 7.412000e-03
15 9.858360e-01 5.764000e-03 8.400000e-03
16 9.846520e-01 5.964000e-03 9.384000e-03
17 9.833640e-01 6.116000e-03 1.052000e-02
18 9.819120e-01 6.528000e-03 1.156000e-02
19 9.803880e-01 6.764000e-03 1.284800e-02
20 9.789760e-01 6.920000e-03 1.410400e-02
21 9.775240e-01 7.092000e-03 1.538400e-02
22 9.760840e-01 7.376000e-03 1.654000e-02
23 9.745960e-01 7.524000e-03 1.788000e-02
24 9.733480e-01 7.432000e-03 1.922000e-02
25 9.718600e-01 7.536000e-03 2.060400e-02
26 9.706320e-01 7.352000e-03 2.201600e-02
27 9.692960e-01 7.512000e-03 2.319200e-02
28 9.678560e-01 7.556000e-03 2.458800e-02
29 9.665520e-01 7.536000e-03 2.591200e-02
30 9.651120e-01 7.564000e-03 2.732400e-02
31 9.635960e-01 7.744000e-03 2.866000e-02
32 9.620920e-01 7.976000e-03 2.993200e-02
33 9.604840e-01 8.216000e-03 3.130000e-02
34 9.588920e-01 8.400000e-03 3.270800e-02
35 9.573400e-01 8.504000e-03 3.415600e-02
36 9.557040e-01 8.648000e-03 3.564800e-02
37 9.540200e-01 8.804000e-03 3.717600e-02
38 9.525560e-01 8.852000e-03 3.859200e-02
39 9.508400e-01 9.072000e-03 4.008800e-02
40 9.492520e-01 9.196000e-03 4.155200e-02
41 9.477120e-01 9.028000e-03 4.326000e-02
42 9.462280e-01 8.876000e-03 4.489600e-02
43 9.444520e-01 9.072000e-03 4.647600e-02
44 9.426920e-01 9.184000e-03 4.812400e-02
45 9.409640e-01 9.272000e-03 4.976400e-02
46 9.390280e-01 9.560000e-03 5.141200e-02
47 9.370920e-01 9.776000e-03 5.313200e-02
48 9.353400e-01 9.932000e-03 5.472800e-02
49 9.335280e-01 9.876000e-03 5.659600e-02
50 9.317040e-01 1.002800e-02 5.826800e-02
51 9.299000e-01 1.013600e-02 5.996400e-02
52 9.281920e-01 1.001200e-02 6.179600e-02
53 9.264440e-01 1.001600e-02 6.354000e-02
54 9.244520e-01 1.028000e-02 6.526800e-02
55 9.225720e-01 1.046000e-02 6.696800e-02
56 9.207720e-01 1.053600e-02 6.869200e-02
57 9.190000e-01 1.032800e-02 7.067200e-02
58 9.172320e-01 1.020400e-02 7.256400e-02
59 9.152560e-01 1.043600e-02 7.430800e-02
60 9.132880e-01 1.060400e-02 7.610800e-02
61 9.113240e-01 1.074800e-02 7.792800e-02
62 9.092920e-01 1.077600e-02 7.993200e-02
63 9.074680e-01 1.071600e-02 8.181600e-02
64 9.054720e-01 1.078000e-02 8.374800e-02
65 9.035440e-01 1.081600e-02 8.564000e-02
66 9.015320e-01 1.096400e-02 8.750400e-02
67 8.995520e-01 1.103200e-02 8.941600e-02
68 8.974040e-01 1.131200e-02 9.128400e-02
69 8.955960e-01 1.103600e-02 9.336800e-02
70 8.936880e-01 1.105200e-02 9.526000e-02
71 8.918680e-01 1.094000e-02 9.719200e-02
72 8.901160e-01 1.078400e-02 9.910000e-02
73 8.881800e-01 1.084400e-02 1.009760e-01
74 8.864280e-01 1.062000e-02 1.029520e-01
75 8.846240e-01 1.056400e-02 1.048120e-01
76 8.828400e-01 1.056800e-02 1.065920e-01
77 8.808880e-01 1.074800e-02 1.083640e-01
78 8.787360e-01 1.092800e-02 1.103360e-01
79 8.766360e-01 1.109600e-02 1.122680e-01
80 8.744400e-01 1.128400e-02 1.142760e-01
81 8.723520e-01 1.127200e-02 1.163760e-01
82 8.702800e-01 1.126000e-02 1.184600e-01
83 8.683200e-01 1.135600e-02 1.203240e-01
84 8.663480e-01 1.140400e-02 1.222480e-01
85 8.645440e-01 1.128400e-02 1.241720e-01
86 8.628160e-01 1.094400e-02 1.262400e-01
87 8.610440e-01 1.077200e-02 1.281840e-01
88 8.593160e-01 1.057600e-02 1.301080e-01
89 8.575400e-01 1.058000e-02 1.318800e-01
90 8.557560e-01 1.064400e-02 1.336000e-01
91 8.539800e-01 1.066800e-02 1.353520e-01
92 8.523160e-01 1.049600e-02 1.371880e-01
93 8.506720e-01 1.019600e-02 1.391320e-01
94 8.488640e-01 1.024000e-02 1.408960e-01
95 8.471120e-01 1.032000e-02 1.425680e-01
96 8.453800e-01 1.018800e-02 1.444320e-01
97 8.438320e-01 9.928000e-03 1.462400e-01
98 8.422560e-01 9.792000e-03 1.479520e-01
99 8.406960e-01 9.772000e-03 1.495320e-01
100 8.390480e-01 9.792000e-03 1.511600e-01
101 8.374400e-01 9.632000e-03 1.529280e-01
102 8.359960e-01 9.460000e-03 1.545440e-01
103 8.344040e-01 9.272000e-03 1.563240e-01
104 8.327240e-01 9.328000e-03 1.579480e-01
105 8.311480e-01 9.388000e-03 1.594640e-01
106 8.295840e-01 9.272000e-03 1.611440e-01
107 8.279240e-01 9.284000e-03 1.627920e-01
108 8.263800e-01 9.280000e-03 1.643400e-01
109 8.248840e-01 9.160000e-03 1.659560e-01
110 8.234080e-01 9.140000e-03 1.674520e-01
111 8.218880e-01 9.040000e-03 1.690720e-01
112 8.204880e-01 8.824000e-03 1.706880e-01
113 8.190400e-01 8.744000e-03 1.722160e-01
114 8.176560e-01 8.564000e-03 1.737800e-01
115 8.162400e-01 8.464000e-03 1.752960e-01
116 8.149720e-01 8.340000e-03 1.766880e-01
117 8.137480e-01 8.116000e-03 1.781360e-01
118 8.123320e-01 8.120000e-03 1.795480e-01
119 8.109080e-01 8.124000e-03 1.809680e-01
120 8.095680e-01 8.080000e-03 1.823520e-01
121 8.081640e-01 8.224000e-03 1.836120e-01
122 8.067840e-01 8.156000e-03 1.850600e-01
123 8.053520e-01 8.172000e-03 1.864760e-01
124 8.040760e-01 8.084000e-03 1.878400e-01
125 8.026560e-01 8.044000e-03 1.893000e-01
126 8.012920e-01 8.080000e-03 1.906280e-01
127 7.999800e-01 8.008000e-03 1.920120e-01
128 7.985720e-01 7.996000e-03 1.934320e-01
129 7.972920e-01 7.928000e-03 1.947800e-01
130 7.960200e-01 7.880000e-03 1.961000e-01
131 7.946560e-01 7.820000e-03 1.975240e-01
132 7.933760e-01 7.720000e-03 1.989040e-01
133 7.919800e-01 7.692000e-03 2.003280e-01
134 7.907120e-01 7.752000e-03 2.015360e-01
135 7.893560e-01 7.980000e-03 2.026640e-01
136 7.880520e-01 7.928000e-03 2.040200e-01
137 7.868640e-01 7.708000e-03 2.054280e-01
138 7.857360e-01 7.492000e-03 2.067720e-01
139 7.847200e-01 7.144000e-03 2.081360e-01
140 7.836160e-01 7.088000e-03 2.092960e-01
141 7.825160e-01 7.012000e-03 2.104720e-01
142 7.814240e-01 7.004000e-03 2.115720e-01
143 7.804000e-01 6.904000e-03 2.126960e-01
144 7.792600e-01 6.816000e-03 2.139240e-01
145 7.781760e-01 6.560000e-03 2.152640e-01
146 7.770560e-01 6.592000e-03 2.163520e-01
147 7.759280e-01 6.540000e-03 2.175320e-01
148 7.747720e-01 6.468000e-03 2.187600e-01
149 7.737120e-01 6.424000e-03 2.198640e-01
150 7.726560e-01 6.276000e-03 2.210680e-01
151 7.716520e-01 6.224000e-03 2.221240e-01
152 7.706360e-01 6.128000e-03 2.232360e-01
153 7.695480e-01 6.084000e-03 2.243680e-01
154 7.685400e-01 6.056000e-03 2.254040e-01
155 7.675720e-01 5.964000e-03 2.264640e-01
156 7.665640e-01 5.944000e-03 2.274920e-01
157 7.656040e-01 5.840000e-03 2.285560e-01
158 7.646680e-01 5.652000e-03 2.296800e-01
159 7.638560e-01 5.476000e-03 2.306680e-01
160 7.629160e-01 5.460000e-03 2.316240e-01
161 7.620040e-01 5.356000e-03 2.326400e-01
162 7.611240e-01 5.412000e-03 2.334640e-01
163 7.601200e-01 5.400000e-03 2.344800e-01
164 7.592640e-01 5.388000e-03 2.353480e-01
165 7.583760e-01 5.316000e-03 2.363080e-01
166 7.575880e-01 5.200000e-03 2.372120e-01
167 7.566400e-01 5.228000e-03 2.381320e-01
168 7.556400e-01 5.304000e-03 2.390560e-01
169 7.546680e-01 5.432000e-03 2.399000e-01
170 7.537320e-01 5.396000e-03 2.408720e-01
171 7.528240e-01 5.464000e-03 2.417120e-01
172 7.518160e-01 5.528000e-03 2.426560e-01
173 7.509920e-01 5.420000e-03 2.435880e-01
174 7.500400e-01 5.496000e-03 2.444640e-01
175 7.490880e-01 5.580000e-03 2.453320e-01
176 7.481320e-01 5.584000e-03 2.462840e-01
177 7.471640e-01 5.564000e-03 2.472720e-01
178 7.461840e-01 5.552000e-03 2.482640e-01
179 7.451680e-01 5.616000e-03 2.492160e-01
180 7.441240e-01 5.684000e-03 2.501920e-01
181 7.431880e-01 5.712000e-03 2.511000e-01
182 7.422000e-01 5.704000e-03 2.520960e-01
183 7.414000e-01 5.600000e-03 2.530000e-01
184 7.404440e-01 5.516000e-03 2.540400e-01
185 7.395960e-01 5.500000e-03 2.549040e-01
186 7.387680e-01 5.272000e-03 2.559600e-01
187 7.377120e-01 5.316000e-03 2.569720e-01
188 7.367480e-01 5.420000e-03 2.578320e-01
189 7.358840e-01 5.320000e-03 2.587960e-01
190 7.349320e-01 5.388000e-03 2.596800e-01
191 7.339960e-01 5.420000e-03 2.605840e-01
192 7.332120e-01 5.280000e-03 2.615080e-01
193 7.322040e-01 5.380000e-03 2.624160e-01
194 7.313560e-01 5.168000e-03 2.634760e-01
195 7.305000e-01 5.096000e-03 2.644040e-01
196 7.295840e-01 4.996000e-03 2.654200e-01
197 7.287200e-01 4.948000e-03 2.663320e-01
198 7.278640e-01 4.928000e-03 2.672080e-01
199 7.269240e-01 5.032000e-03 2.680440e-01
200 7.260760e-01 5.104000e-03 2.688200e-01
201 7.251720e-01 5.064000e-03 2.697640e-01
202 7.243120e-01 4.984000e-03 2.707040e-01
203 7.235160e-01 4.888000e-03 2.715960e-01
204 7.227600e-01 4.736000e-03 2.725040e-01
205 7.219240e-01 4.720000e-03 2.733560e-01
206 7.212600e-01 4.568000e-03 2.741720e-01
207 7.204960e-01 4.532000e-03 2.749720e-01
208 7.198280e-01 4.448000e-03 2.757240e-01
209 7.191240e-01 4.412000e-03 2.764640e-01
210 7.184120e-01 4.276000e-03 2.773120e-01
211 7.177040e-01 4.260000e-03 2.780360e-01
212 7.170560e-01 4.216000e-03 2.787280e-01
213 7.164080e-01 4.144000e-03 2.794480e-01
214 7.156760e-01 4.068000e-03 2.802560e-01
215 7.149200e-01 4.072000e-03 2.810080e-01
216 7.142320e-01 4.124000e-03 2.816440e-01
217 7.135760e-01 3.996000e-03 2.824280e-01
218 7.128040e-01 4.084000e-03 2.831120e-01
219 7.119920e-01 4.140000e-03 2.838680e-01
220 7.112960e-01 4.096000e-03 2.846080e-01
221 7.106120e-01 4.056000e-03 2.853320e-01
222 7.099360e-01 3.968000e-03 2.860960e-01
223 7.092000e-01 4.028000e-03 2.867720e-01
224 7.083960e-01 4.092000e-03 2.875120e-01
225 7.075960e-01 4.312000e-03 2.880920e-01
226 7.068880e-01 4.304000e-03 2.888080e-01
227 7.061360e-01 4.252000e-03 2.896120e-01
228 7.054200e-01 4.208000e-03 2.903720e-01
229 7.047800e-01 4.056000e-03 2.911640e-01
230 7.040840e-01 4.024000e-03 2.918920e-01
231 7.034000e-01 4.136000e-03 2.924640e-01
232 7.026200e-01 4.268000e-03 2.931120e-01
233 7.020000e-01 4.176000e-03 2.938240e-01
234 7.013760e-01 4.040000e-03 2.945840e-01
235 7.006240e-01 4.120000e-03 2.952560e-01
236 6.998720e-01 4.112000e-03 2.960160e-01
237 6.993120e-01 4.004000e-03 2.966840e-01
238 6.986680e-01 3.940000e-03 2.973920e-01
239 6.980040e-01 3.948000e-03 2.980480e-01
240 6.973440e-01 3.876000e-03 2.987800e-01
241 6.967120e-01 3.828000e-03 2.994600e-01
242 6.960360e-01 3.804000e-03 3.001600e-01
243 6.953400e-01 3.784000e-03 3.008760e-01
244 6.945920e-01 3.900000e-03 3.015080e-01
245 6.939720e-01 3.776000e-03 3.022520e-01
246 6.933440e-01 3.680000e-03 3.029760e-01
247 6.928000e-01 3.580000e-03 3.036200e-01
248 6.922600e-01 3.540000e-03 3.042000e-01
249 6.917080e-01 3.488000e-03 3.048040e-01
250 6.911440e-01 3.388000e-03 3.054680e-01
251 6.905640e-01 3.404000e-03 3.060320e-01
252 6.899280e-01 3.428000e-03 3.066440e-01
253 6.894360e-01 3.416000e-03 3.071480e-01
254 6.888440e-01 3.432000e-03 3.077240e-01
255 6.883000e-01 3.400000e-03 3.083000e-01
256 6.877640e-01 3.268000e-03 3.089680e-01
257 6.871240e-01 3.344000e-03 3.095320e-01
258 6.865160e-01 3.316000e-03 3.101680e-01
259 6.859080e-01 3.372000e-03 3.107200e-01
260 6.852920e-01 3.412000e-03 3.112960e-01
261 6.848000e-01 3.248000e-03 3.119520e-01
262 6.842120e-01 3.260000e-03 3.125280e-01
263 6.836840e-01 3.216000e-03 3.131000e-01
264 6.830880e-01 3.316000e-03 3.135960e-01
265 6.824880e-01 3.340000e-03 3.141720e-01
266 6.819000e-01 3.392000e-03 3.147080e-01
267 6.813720e-01 3.336000e-03 3.152920e-01
268 6.808280e-01 3.404000e-03 3.157680e-01
269 6.803080e-01 3.260000e-03 3.164320e-01
270 6.797560e-01 3.344000e-03 3.169000e-01
271 6.792200e-01 3.300000e-03 3.174800e-01
272 6.787200e-01 3.204000e-03 3.180760e-01
273 6.781720e-01 3.264000e-03 3.185640e-01
274 6.775920e-01 3.248000e-03 3.191600e-01
275 6.771080e-01 3.180000e-03 3.197120e-01
276 6.765520e-01 3.084000e-03 3.203640e-01
277 6.759520e-01 3.128000e-03 3.209200e-01
278 6.753960e-01 3.112000e-03 3.214920e-01
279 6.748480e-01 3.124000e-03 3.220280e-01
280 6.743040e-01 3.128000e-03 3.225680e-01
281 6.738400e-01 3.084000e-03 3.230760e-01
282 6.732760e-01 3.108000e-03 3.236160e-01
283 6.727480e-01 3.088000e-03 3.241640e-01
284 6.722160e-01 3.184000e-03 3.246000e-01
285 6.717240e-01 3.104000e-03 3.251720e-01
286 6.712240e-01 3.032000e-03 3.257440e-01
287 6.706560e-01 3.176000e-03 3.261680e-01
288 6.700480e-01 3.256000e-03 3.266960e-01
289 6.695680e-01 3.180000e-03 3.272520e-01
290 6.690080e-01 3.192000e-03 3.278000e-01
291 6.685400e-01 3.068000e-03 3.283920e-01
292 6.680360e-01 2.960000e-03 3.290040e-01
293 6.676120e-01 2.944000e-03 3.294440e-01
294 6.671880e-01 2.892000e-03 3.299200e-01
295 6.666960e-01 2.892000e-03 3.304120e-01
296 6.662280e-01 2.940000e-03 3.308320e-01
297 6.657200e-01 2.916000e-03 3.313640e-01
298 6.651640e-01 2.980000e-03 3.318560e-01
299 6.644960e-01 3.100000e-03 3.324040e-01
300 6.639040e-01 3.224000e-03 3.328720e-01
301 6.633320e-01 3.144000e-03 3.335240e-01
302 6.626480e-01 3.276000e-03 3.340760e-01
303 6.620640e-01 3.220000e-03 3.347160e-01
304 6.615240e-01 3.216000e-03 3.352600e-01
305 6.609920e-01 3.104000e-03 3.359040e-01
306 6.603840e-01 3.228000e-03 3.363880e-01
307 6.598440e-01 3.212000e-03 3.369440e-01
308 6.593720e-01 3.100000e-03 3.375280e-01
309 6.589240e-01 3.060000e-03 3.380160e-01
310 6.584520e-01 2.996000e-03 3.385520e-01
311 6.578680e-01 3.076000e-03 3.390560e-01
312 6.573400e-01 3.040000e-03 3.396200e-01
313 6.567920e-01 3.040000e-03 3.401680e-01
314 6.562720e-01 3.092000e-03 3.406360e-01
315 6.557520e-01 3.028000e-03 3.412200e-01
316 6.550800e-01 3.172000e-03 3.417480e-01
317 6.545760e-01 3.148000e-03 3.422760e-01
318 6.540960e-01 3.064000e-03 3.428400e-01
319 6.534720e-01 3.088000e-03 3.434400e-01
320 6.529960e-01 3.032000e-03 3.439720e-01
321 6.524760e-01 3.016000e-03 3.445080e-01
322 6.520000e-01 2.924000e-03 3.450760e-01
323 6.514640e-01 2.912000e-03 3.456240e-01
324 6.509400e-01 2.940000e-03 3.461200e-01
325 6.505360e-01 2.812000e-03 3.466520e-01
326 6.501280e-01 2.776000e-03 3.470960e-01
327 6.497600e-01 2.720000e-03 3.475200e-01
328 6.493320e-01 2.700000e-03 3.479680e-01
329 6.489320e-01 2.644000e-03 3.484240e-01
330 6.485760e-01 2.536000e-03 3.488880e-01
331 6.481280e-01 2.524000e-03 3.493480e-01
332 6.476400e-01 2.592000e-03 3.497680e-01
333 6.472720e-01 2.548000e-03 3.501800e-01
334 6.468360e-01 2.508000e-03 3.506560e-01
335 6.464360e-01 2.428000e-03 3.511360e-01
336 6.460440e-01 2.412000e-03 3.515440e-01
337 6.456240e-01 2.464000e-03 3.519120e-01
338 6.451920e-01 2.504000e-03 3.523040e-01
339 6.447880e-01 2.372000e-03 3.528400e-01
340 6.443200e-01 2.388000e-03 3.532920e-01
341 6.438720e-01 2.380000e-03 3.537480e-01
342 6.434760e-01 2.404000e-03 3.541200e-01
343 6.430080e-01 2.384000e-03 3.546080e-01
344 6.425960e-01 2.392000e-03 3.550120e-01
345 6.423040e-01 2.268000e-03 3.554280e-01
346 6.419760e-01 2.208000e-03 3.558160e-01
347 6.415720e-01 2.196000e-03 3.562320e-01
348 6.412000e-01 2.176000e-03 3.566240e-01
349 6.408440e-01 2.212000e-03 3.569440e-01
350 6.405000e-01 2.192000e-03 3.573080e-01
351 6.400920e-01 2.236000e-03 3.576720e-01
352 6.396840e-01 2.236000e-03 3.580800e-01
353 6.392400e-01 2.312000e-03 3.584480e-01
354 6.388360e-01 2.340000e-03 3.588240e-01
355 6.384440e-01 2.352000e-03 3.592040e-01
356 6.380520e-01 2.312000e-03 3.596360e-01
357 6.376120e-01 2.324000e-03 3.600640e-01
358 6.371800e-01 2.304000e-03 3.605160e-01
359 6.368000e-01 2.228000e-03 3.609720e-01
360 6.363960e-01 2.244000e-03 3.613600e-01
361 6.360560e-01 2.236000e-03 3.617080e-01
362 6.357200e-01 2.184000e-03 3.620960e-01
363 6.352560e-01 2.268000e-03 3.624760e-01
364 6.347560e-01 2.400000e-03 3.628440e-01
365 6.343120e-01 2.340000e-03 3.633480e-01
366 6.338640e-01 2.300000e-03 3.638360e-01
367 6.335120e-01 2.256000e-03 3.642320e-01
368 6.331040e-01 2.284000e-03 3.646120e-01
369 6.327160e-01 2.224000e-03 3.650600e-01
370 6.322960e-01 2.292000e-03 3.654120e-01
371 6.319440e-01 2.296000e-03 3.657600e-01
372 6.315440e-01 2.252000e-03 3.662040e-01
373 6.311360e-01 2.292000e-03 3.665720e-01
374 6.308400e-01 2.152000e-03 3.670080e-01
375 6.304800e-01 2.148000e-03 3.673720e-01
376 6.301920e-01 2.100000e-03 3.677080e-01
377 6.298440e-01 2.024000e-03 3.681320e-01
378 6.294720e-01 2.044000e-03 3.684840e-01
379 6.291400e-01 2.024000e-03 3.688360e-01
380 6.288400e-01 1.984000e-03 3.691760e-01
381 6.285640e-01 1.868000e-03 3.695680e-01
382 6.282640e-01 1.792000e-03 3.699440e-01
383 6.279160e-01 1.848000e-03 3.702360e-01
384 6.276600e-01 1.768000e-03 3.705720e-01
385 6.274280e-01 1.692000e-03 3.708800e-01
386 6.271520e-01 1.648000e-03 3.712000e-01
387 6.269320e-01 1.584000e-03 3.714840e-01
388 6.266880e-01 1.512000e-03 3.718000e-01
389 6.264000e-01 1.532000e-03 3.720680e-01
390 6.261280e-01 1.504000e-03 3.723680e-01
391 6.258280e-01 1.548000e-03 3.726240e-01
392 6.256040e-01 1.536000e-03 3.728600e-01
393 6.253520e-01 1.528000e-03 3.731200e-01
394 6.250800e-01 1.548000e-03 3.733720e-01
395 6.248440e-01 1.508000e-03 3.736480e-01
396 6.246200e-01 1.508000e-03 3.738720e-01
397 6.243000e-01 1.560000e-03 3.741400e-01
398 6.240400e-01 1.528000e-03 3.744320e-01
399 6.238200e-01 1.488000e-03 3.746920e-01
400 6.235640e-01 1.516000e-03 3.749200e-01
401 6.233640e-01 1.456000e-03 3.751800e-01
402 6.231560e-01 1.376000e-03 3.754680e-01
403 6.229440e-01 1.332000e-03 3.757240e-01
404 6.227400e-01 1.316000e-03 3.759440e-01
405 6.225520e-01 1.292000e-03 3.761560e-01
406 6.223320e-01 1.216000e-03 3.764520e-01
407 6.221440e-01 1.248000e-03 3.766080e-01
408 6.219200e-01 1.276000e-03 3.768040e-01
409 6.216960e-01 1.264000e-03 3.770400e-01
410 6.214760e-01 1.280000e-03 3.772440e-01
411 6.212400e-01 1.276000e-03 3.774840e-01
412 6.209640e-01 1.332000e-03 3.777040e-01
413 6.207680e-01 1.268000e-03 3.779640e-01
414 6.206120e-01 1.184000e-03 3.782040e-01
415 6.204040e-01 1.156000e-03 3.784400e-01
416 6.201560e-01 1.208000e-03 3.786360e-01
417 6.199240e-01 1.264000e-03 3.788120e-01
418 6.196840e-01 1.280000e-03 3.790360e-01
419 6.194920e-01 1.240000e-03 3.792680e-01
420 6.192040e-01 1.320000e-03 3.794760e-01
421 6.189560e-01 1.316000e-03 3.797280e-01
422 6.187440e-01 1.284000e-03 3.799720e-01
423 6.184840e-01 1.304000e-03 3.802120e-01
424 6.182840e-01 1.268000e-03 3.804480e-01
425 6.180640e-01 1.236000e-03 3.807000e-01
426 6.178760e-01 1.172000e-03 3.809520e-01
427 6.177080e-01 1.172000e-03 3.811200e-01
428 6.175000e-01 1.168000e-03 3.813320e-01
429 6.173080e-01 1.188000e-03 3.815040e-01
430 6.171000e-01 1.180000e-03 3.817200e-01
431 6.169680e-01 1.160000e-03 3.818720e-01
432 6.167800e-01 1.128000e-03 3.820920e-01
433 6.165760e-01 1.120000e-03 3.823040e-01
434 6.163600e-01 1.112000e-03 3.825280e-01
435 6.162120e-01 1.068000e-03 3.827200e-01
436 6.160320e-01 1.068000e-03 3.829000e-01
437 6.158960e-01 1.024000e-03 3.830800e-01
438 6.157360e-01 1.008000e-03 3.832560e-01
439 6.155600e-01 1.016000e-03 3.834240e-01
440 6.154080e-01 1.052000e-03 3.835400e-01
441 6.153080e-01 9.440000e-04 3.837480e-01
442 6.152080e-01 8.960000e-04 3.838960e-01
443 6.150640e-01 8.520000e-04 3.840840e-01
444 6.149360e-01 8.160000e-04 3.842480e-01
445 6.148040e-01 8.560000e-04 3.843400e-01
446 6.146960e-01 8.280000e-04 3.844760e-01
447 6.145880e-01 7.800000e-04 3.846320e-01
448 6.144520e-01 7.960000e-04 3.847520e-01
449 6.143480e-01 7.840000e-04 3.848680e-01
450 6.141920e-01 8.000000e-04 3.850080e-01
451 6.140640e-01 7.760000e-04 3.851600e-01
452 6.139720e-01 7.360000e-04 3.852920e-01
453 6.138640e-01 7.200000e-04 3.854160e-01
454 6.137320e-01 7.240000e-04 3.855440e-01
455 6.135840e-01 7.480000e-04 3.856680e-01
456 6.134960e-01 7.280000e-04 3.857760e-01
457 6.133960e-01 7.120000e-04 3.858920e-01
458 6.133040e-01 6.520000e-04 3.860440e-01
459 6.132600e-01 5.480000e-04 3.861920e-01
460 6.131960e-01 5.160000e-04 3.862880e-01
461 6.131160e-01 4.960000e-04 3.863880e-01
462 6.130440e-01 4.600000e-04 3.864960e-01
463 6.129840e-01 4.560000e-04 3.865600e-01
464 6.128640e-01 4.880000e-04 3.866480e-01
465 6.127760e-01 5.120000e-04 3.867120e-01
466 6.127080e-01 4.840000e-04 3.868080e-01
467 6.126120e-01 5.040000e-04 3.868840e-01
468 6.125520e-01 4.760000e-04 3.869720e-01
469 6.124840e-01 4.600000e-04 3.870560e-01
470 6.124240e-01 4.400000e-04 3.871360e-01
471 6.123360e-01 4.720000e-04 3.871920e-01
472 6.122520e-01 4.720000e-04 3.872760e-01
473 6.121880e-01 4.160000e-04 3.873960e-01
474 6.121320e-01 4.160000e-04 3.874520e-01
475 6.120800e-01 4.000000e-04 3.875200e-01
476 6.119920e-01 4.000000e-04 3.876080e-01
477 6.119280e-01 3.840000e-04 3.876880e-01
478 6.118400e-01 4.040000e-04 3.877560e-01
479 6.117440e-01 4.240000e-04 3.878320e-01
480 6.116760e-01 4.040000e-04 3.879200e-01
481 6.116120e-01 4.000000e-04 3.879880e-01
482 6.115600e-01 3.560000e-04 3.880840e-01
483 6.115000e-01 3.560000e-04 3.881440e-01
484 6.114680e-01 3.240000e-04 3.882080e-01
485 6.114320e-01 3.280000e-04 3.882400e-01
486 6.113760e-01 3.280000e-04 3.882960e-01
487 6.113160e-01 3.320000e-04 3.883520e-01
488 6.112600e-01 3.280000e-04 3.884120e-01
489 6.112120e-01 3.120000e-04 3.884760e-01
490 6.111800e-01 3.200000e-04 3.885000e-01
491 6.111000e-01 3.480000e-04 3.885520e-01
492 6.110080e-01 3.880000e-04 3.886040e-01
493 6.108880e-01 4.360000e-04 3.886760e-01
494 6.107560e-01 5.080000e-04 3.887360e-01
495 6.106600e-01 5.080000e-04 3.888320e-01
496 6.105640e-01 4.920000e-04 3.889440e-01
497 6.104240e-01 5.440000e-04 3.890320e-01
498 6.102560e-01 6.000000e-04 3.891440e-01
499 6.101680e-01 6.040000e-04 3.892280e-01
500 6.100440e-01 6.480000e-04 3.893080e-01
