1 9.991960e-01 7.200000e-04 8.400000e-05
2 9.986360e-01 1.124000e-03 2.400000e-04
3 9.979320e-01 1.624000e-03 4.440000e-04
4 9.971080e-01 2.136000e-03 7.560000e-04
5 9.962120e-01 2.580000e-03 1.208000e-03
6 9.952840e-01 3.000000e-03 1.716000e-03
7 9.944320e-01 3.240000e-03 2.328000e-03
8 9.934520e-01 3.592000e-03 2.956000e-03
9 9.923400e-01 4.016000e-03 3.644000e-03
10 9.911680e-01 4.504000e-03 4.328000e-03
11 9.900520e-01 4.828000e-03 5.120000e-03
12 9.888720e-01 5.220000e-03 5.908000e-03
13 9.876480e-01 5.604000e-03 6.748000e-03
14 9.862760e-01 6.056000e-03 7.668000e-03
15 9.849040e-01 6.304000e-03 8.792000e-03
16 9.835920e-01 6.476000e-03 9.932000e-03
17 9.822800e-01 6.576000e-03 1.114400e-02
18 9.810560e-01 6.612000e-03 1.233200e-02
19 9.796080e-01 6.868000e-03 1.352400e-02
20 9.784400e-01 6.880000e-03 1.468000e-02
21 9.770720e-01 7.040000e-03 1.588800e-02
22 9.757280e-01 7.184000e-03 1.708800e-02
23 9.742760e-01 7.496000e-03 1.822800e-02
24 9.727520e-01 7.612000e-03 1.963600e-02
25 9.712680e-01 7.704000e-03 2.102800e-02
26 9.698320e-01 7.756000e-03 2.241200e-02
27 9.683040e-01 7.928000e-03 2.376800e-02
28 9.668640e-01 7.928000e-03 2.520800e-02
29 9.653480e-01 7.980000e-03 2.667200e-02
30 9.637880e-01 8.116000e-03 2.809600e-02
31 9.621080e-01 8.388000e-03 2.950400e-02
32 9.605120e-01 8.576000e-03 3.091200e-02
33 9.589320e-01 8.484000e-03 3.258400e-02
34 9.573560e-01 8.476000e-03 3.416800e-02
35 9.559360e-01 8.340000e-03 3.572400e-02
36 9.545400e-01 8.204000e-03 3.725600e-02
37 9.531760e-01 8.100000e-03 3.872400e-02
38 9.519560e-01 7.784000e-03 4.026000e-02
39 9.505760e-01 7.792000e-03 4.163200e-02
40 9.491000e-01 7.848000e-03 4.305200e-02
41 9.476640e-01 7.880000e-03 4.445600e-02
42 9.462600e-01 7.844000e-03 4.589600e-02
43 9.447560e-01 7.960000e-03 4.728400e-02
44 9.431400e-01 8.240000e-03 4.862000e-02
45 9.416320e-01 8.280000e-03 5.008800e-02
46 9.401360e-01 8.356000e-03 5.150800e-02
47 9.386000e-01 8.376000e-03 5.302400e-02
48 9.370520e-01 8.516000e-03 5.443200e-02
49 9.353720e-01 8.740000e-03 5.588800e-02
50 9.337560e-01 8.904000e-03 5.734000e-02
51 9.320720e-01 9.036000e-03 5.889200e-02
52 9.304480e-01 9.068000e-03 6.048400e-02
53 9.285280e-01 9.472000e-03 6.200000e-02
54 9.267200e-01 9.516000e-03 6.376400e-02
55 9.252640e-01 9.256000e-03 6.548000e-02
56 9.234720e-01 9.248000e-03 6.728000e-02
57 9.217960e-01 9.340000e-03 6.886400e-02
58 9.201680e-01 9.188000e-03 7.064400e-02
59 9.185640e-01 9.288000e-03 7.214800e-02
60 9.169080e-01 9.216000e-03 7.387600e-02
61 9.151760e-01 9.332000e-03 7.549200e-02
62 9.135000e-01 9.380000e-03 7.712000e-02
63 9.117160e-01 9.464000e-03 7.882000e-02
64 9.100960e-01 9.408000e-03 8.049600e-02
65 9.082640e-01 9.656000e-03 8.208000e-02
66 9.065560e-01 9.736000e-03 8.370800e-02
67 9.047320e-01 9.908000e-03 8.536000e-02
68 9.029640e-01 1.001200e-02 8.702400e-02
69 9.010440e-01 1.024000e-02 8.871600e-02
70 8.991680e-01 1.026800e-02 9.056400e-02
71 8.973000e-01 1.032000e-02 9.238000e-02
72 8.953400e-01 1.073600e-02 9.392400e-02
73 8.933240e-01 1.091200e-02 9.576400e-02
74 8.913880e-01 1.092400e-02 9.768800e-02
75 8.895200e-01 1.092800e-02 9.955200e-02
76 8.876440e-01 1.088400e-02 1.014720e-01
77 8.858120e-01 1.075600e-02 1.034320e-01
78 8.838600e-01 1.066400e-02 1.054760e-01
79 8.820760e-01 1.048400e-02 1.074400e-01
80 8.801680e-01 1.059200e-02 1.092400e-01
81 8.783680e-01 1.045600e-02 1.111760e-01
82 8.767160e-01 1.021600e-02 1.130680e-01
83 8.750240e-01 1.002800e-02 1.149480e-01
84 8.732800e-01 9.992000e-03 1.167280e-01
85 8.716440e-01 1.001200e-02 1.183440e-01
86 8.701000e-01 9.780000e-03 1.201200e-01
87 8.686000e-01 9.684000e-03 1.217160e-01
88 8.670120e-01 9.440000e-03 1.235480e-01
89 8.651840e-01 9.584000e-03 1.252320e-01
90 8.634440e-01 9.564000e-03 1.269920e-01
91 8.617280e-01 9.528000e-03 1.287440e-01
92 8.600280e-01 9.552000e-03 1.304200e-01
93 8.583960e-01 9.468000e-03 1.321360e-01
94 8.567880e-01 9.620000e-03 1.335920e-01
95 8.553600e-01 9.328000e-03 1.353120e-01
96 8.537320e-01 9.288000e-03 1.369800e-01
97 8.521040e-01 9.392000e-03 1.385040e-01
98 8.506160e-01 9.164000e-03 1.402200e-01
99 8.489280e-01 9.216000e-03 1.418560e-01
100 8.474280e-01 9.028000e-03 1.435440e-01
101 8.457000e-01 9.192000e-03 1.451080e-01
102 8.441440e-01 9.008000e-03 1.468480e-01
103 8.426440e-01 9.016000e-03 1.483400e-01
104 8.411960e-01 8.876000e-03 1.499280e-01
105 8.395680e-01 8.916000e-03 1.515160e-01
106 8.379080e-01 8.976000e-03 1.531160e-01
107 8.362040e-01 9.152000e-03 1.546440e-01
108 8.346920e-01 9.200000e-03 1.561080e-01
109 8.330880e-01 9.168000e-03 1.577440e-01
110 8.313120e-01 9.352000e-03 1.593360e-01
111 8.297240e-01 9.376000e-03 1.609000e-01
112 8.281000e-01 9.328000e-03 1.625720e-01
113 8.264400e-01 9.232000e-03 1.643280e-01
114 8.250680e-01 8.936000e-03 1.659960e-01
115 8.234440e-01 9.052000e-03 1.675040e-01
116 8.217520e-01 9.052000e-03 1.691960e-01
117 8.200400e-01 9.152000e-03 1.708080e-01
118 8.184440e-01 9.056000e-03 1.725000e-01
119 8.168200e-01 9.072000e-03 1.741080e-01
120 8.153600e-01 9.000000e-03 1.756400e-01
121 8.137480e-01 9.144000e-03 1.771080e-01
122 8.120360e-01 9.252000e-03 1.787120e-01
123 8.104640e-01 9.020000e-03 1.805160e-01
124 8.089280e-01 8.928000e-03 1.821440e-01
125 8.073320e-01 8.996000e-03 1.836720e-01
126 8.056840e-01 9.004000e-03 1.853120e-01
127 8.039960e-01 9.076000e-03 1.869280e-01
128 8.023120e-01 9.164000e-03 1.885240e-01
129 8.004640e-01 9.388000e-03 1.901480e-01
130 7.985000e-01 9.684000e-03 1.918160e-01
131 7.968280e-01 9.588000e-03 1.935840e-01
132 7.952320e-01 9.588000e-03 1.951800e-01
133 7.935480e-01 9.516000e-03 1.969360e-01
134 7.918280e-01 9.508000e-03 1.986640e-01
135 7.901880e-01 9.500000e-03 2.003120e-01
136 7.886520e-01 9.348000e-03 2.020000e-01
137 7.870800e-01 9.280000e-03 2.036400e-01
138 7.856120e-01 9.168000e-03 2.052200e-01
139 7.840200e-01 9.116000e-03 2.068640e-01
140 7.824560e-01 9.016000e-03 2.085280e-01
141 7.808960e-01 9.072000e-03 2.100320e-01
142 7.791840e-01 9.108000e-03 2.117080e-01
143 7.776640e-01 8.976000e-03 2.133600e-01
144 7.761440e-01 8.868000e-03 2.149880e-01
145 7.747600e-01 8.608000e-03 2.166320e-01
146 7.735480e-01 8.180000e-03 2.182720e-01
147 7.721760e-01 8.016000e-03 2.198080e-01
148 7.707920e-01 8.108000e-03 2.211000e-01
149 7.694680e-01 8.044000e-03 2.224880e-01
150 7.680520e-01 8.132000e-03 2.238160e-01
151 7.667000e-01 8.060000e-03 2.252400e-01
152 7.652920e-01 7.996000e-03 2.267120e-01
153 7.638800e-01 8.092000e-03 2.280280e-01
154 7.624280e-01 8.132000e-03 2.294400e-01
155 7.609440e-01 8.136000e-03 2.309200e-01
156 7.595160e-01 8.068000e-03 2.324160e-01
157 7.581960e-01 8.028000e-03 2.337760e-01
158 7.570040e-01 7.912000e-03 2.350840e-01
159 7.557040e-01 7.792000e-03 2.365040e-01
160 7.544160e-01 7.692000e-03 2.378920e-01
161 7.531520e-01 7.596000e-03 2.392520e-01
162 7.518000e-01 7.660000e-03 2.405400e-01
163 7.505760e-01 7.572000e-03 2.418520e-01
164 7.492720e-01 7.712000e-03 2.430160e-01
165 7.481000e-01 7.624000e-03 2.442760e-01
166 7.468120e-01 7.580000e-03 2.456080e-01
167 7.454800e-01 7.596000e-03 2.469240e-01
168 7.443960e-01 7.324000e-03 2.482800e-01
169 7.432600e-01 7.180000e-03 2.495600e-01
170 7.421480e-01 7.200000e-03 2.506520e-01
171 7.409960e-01 7.172000e-03 2.518320e-01
172 7.399480e-01 6.972000e-03 2.530800e-01
173 7.389680e-01 6.684000e-03 2.543480e-01
174 7.379040e-01 6.576000e-03 2.555200e-01
175 7.368240e-01 6.540000e-03 2.566360e-01
176 7.357480e-01 6.368000e-03 2.578840e-01
177 7.347280e-01 6.300000e-03 2.589720e-01
178 7.336200e-01 6.372000e-03 2.600080e-01
179 7.325480e-01 6.360000e-03 2.610920e-01
180 7.315360e-01 6.224000e-03 2.622400e-01
181 7.304840e-01 6.168000e-03 2.633480e-01
182 7.295960e-01 5.904000e-03 2.645000e-01
183 7.287240e-01 5.656000e-03 2.656200e-01
184 7.278840e-01 5.508000e-03 2.666080e-01
185 7.271360e-01 5.244000e-03 2.676200e-01
186 7.263280e-01 5.104000e-03 2.685680e-01
187 7.255280e-01 5.036000e-03 2.694360e-01
188 7.248160e-01 4.868000e-03 2.703160e-01
189 7.240800e-01 4.764000e-03 2.711560e-01
190 7.233400e-01 4.664000e-03 2.719960e-01
191 7.226440e-01 4.572000e-03 2.727840e-01
192 7.219200e-01 4.436000e-03 2.736440e-01
193 7.212880e-01 4.268000e-03 2.744440e-01
194 7.207040e-01 4.188000e-03 2.751080e-01
195 7.200880e-01 4.096000e-03 2.758160e-01
196 7.194040e-01 4.144000e-03 2.764520e-01
197 7.186880e-01 4.080000e-03 2.772320e-01
198 7.179920e-01 4.008000e-03 2.780000e-01
199 7.171840e-01 4.120000e-03 2.786960e-01
200 7.165160e-01 4.136000e-03 2.793480e-01
201 7.157800e-01 4.144000e-03 2.800760e-01
202 7.150080e-01 4.124000e-03 2.808680e-01
203 7.143680e-01 4.100000e-03 2.815320e-01
204 7.136600e-01 4.096000e-03 2.822440e-01
205 7.129240e-01 4.028000e-03 2.830480e-01
206 7.122600e-01 3.972000e-03 2.837680e-01
207 7.115920e-01 3.984000e-03 2.844240e-01
208 7.109520e-01 3.892000e-03 2.851560e-01
209 7.102880e-01 3.836000e-03 2.858760e-01
210 7.097320e-01 3.712000e-03 2.865560e-01
211 7.091120e-01 3.724000e-03 2.871640e-01
212 7.085440e-01 3.660000e-03 2.877960e-01
213 7.080280e-01 3.508000e-03 2.884640e-01
214 7.073560e-01 3.608000e-03 2.890360e-01
215 7.067000e-01 3.648000e-03 2.896520e-01
216 7.060440e-01 3.644000e-03 2.903120e-01
217 7.054720e-01 3.552000e-03 2.909760e-01
218 7.048800e-01 3.516000e-03 2.916040e-01
219 7.043160e-01 3.492000e-03 2.921920e-01
220 7.036960e-01 3.452000e-03 2.928520e-01
221 7.030800e-01 3.456000e-03 2.934640e-01
222 7.025360e-01 3.436000e-03 2.940280e-01
223 7.020520e-01 3.312000e-03 2.946360e-01
224 7.014640e-01 3.332000e-03 2.952040e-01
225 7.009400e-01 3.232000e-03 2.958280e-01
226 7.004640e-01 3.196000e-03 2.963400e-01
227 6.999360e-01 3.148000e-03 2.969160e-01
228 6.995160e-01 3.088000e-03 2.973960e-01
229 6.990200e-01 2.964000e-03 2.980160e-01
230 6.985040e-01 2.980000e-03 2.985160e-01
231 6.979200e-01 2.964000e-03 2.991160e-01
232 6.973920e-01 2.940000e-03 2.996680e-01
233 6.969080e-01 2.880000e-03 3.002120e-01
234 6.964000e-01 2.816000e-03 3.007840e-01
235 6.958360e-01 2.912000e-03 3.012520e-01
236 6.953920e-01 2.828000e-03 3.017800e-01
237 6.950080e-01 2.744000e-03 3.022480e-01
238 6.945440e-01 2.768000e-03 3.026880e-01
239 6.940600e-01 2.764000e-03 3.031760e-01
240 6.935640e-01 2.784000e-03 3.036520e-01
241 6.931000e-01 2.740000e-03 3.041600e-01
242 6.926720e-01 2.680000e-03 3.046480e-01
243 6.922680e-01 2.592000e-03 3.051400e-01
244 6.918120e-01 2.612000e-03 3.055760e-01
245 6.914160e-01 2.520000e-03 3.060640e-01
246 6.909800e-01 2.536000e-03 3.064840e-01
247 6.906480e-01 2.472000e-03 3.068800e-01
248 6.901680e-01 2.472000e-03 3.073600e-01
249 6.897320e-01 2.516000e-03 3.077520e-01
250 6.892960e-01 2.492000e-03 3.082120e-01
251 6.889480e-01 2.360000e-03 3.086920e-01
252 6.885760e-01 2.380000e-03 3.090440e-01
253 6.882040e-01 2.344000e-03 3.094520e-01
254 6.878680e-01 2.284000e-03 3.098480e-01
255 6.874200e-01 2.324000e-03 3.102560e-01
256 6.870120e-01 2.328000e-03 3.106600e-01
257 6.866680e-01 2.260000e-03 3.110720e-01
258 6.862560e-01 2.344000e-03 3.114000e-01
259 6.858320e-01 2.376000e-03 3.117920e-01
260 6.854600e-01 2.308000e-03 3.122320e-01
261 6.850920e-01 2.240000e-03 3.126680e-01
262 6.847360e-01 2.184000e-03 3.130800e-01
263 6.844560e-01 2.132000e-03 3.134120e-01
264 6.841560e-01 2.020000e-03 3.138240e-01
265 6.838560e-01 2.020000e-03 3.141240e-01
266 6.835680e-01 1.952000e-03 3.144800e-01
267 6.833000e-01 1.912000e-03 3.147880e-01
268 6.829840e-01 1.868000e-03 3.151480e-01
269 6.826920e-01 1.840000e-03 3.154680e-01
270 6.823720e-01 1.852000e-03 3.157760e-01
271 6.820440e-01 1.868000e-03 3.160880e-01
272 6.817320e-01 1.848000e-03 3.164200e-01
273 6.814360e-01 1.864000e-03 3.167000e-01
274 6.811760e-01 1.788000e-03 3.170360e-01
275 6.808920e-01 1.796000e-03 3.173120e-01
276 6.806840e-01 1.724000e-03 3.175920e-01
277 6.803960e-01 1.748000e-03 3.178560e-01
278 6.801840e-01 1.624000e-03 3.181920e-01
279 6.799200e-01 1.612000e-03 3.184680e-01
280 6.796720e-01 1.604000e-03 3.187240e-01
281 6.794400e-01 1.556000e-03 3.190040e-01
282 6.791600e-01 1.564000e-03 3.192760e-01
283 6.788200e-01 1.688000e-03 3.194920e-01
284 6.784720e-01 1.664000e-03 3.198640e-01
285 6.781520e-01 1.696000e-03 3.201520e-01
286 6.778680e-01 1.684000e-03 3.204480e-01
287 6.775680e-01 1.704000e-03 3.207280e-01
288 6.772960e-01 1.720000e-03 3.209840e-01
289 6.769680e-01 1.764000e-03 3.212680e-01
290 6.766360e-01 1.792000e-03 3.215720e-01
291 6.763320e-01 1.792000e-03 3.218760e-01
292 6.760320e-01 1.792000e-03 3.221760e-01
293 6.757440e-01 1.740000e-03 3.225160e-01
294 6.754600e-01 1.708000e-03 3.228320e-01
295 6.751760e-01 1.680000e-03 3.231440e-01
296 6.749080e-01 1.676000e-03 3.234160e-01
297 6.746760e-01 1.652000e-03 3.236720e-01
298 6.744400e-01 1.560000e-03 3.240000e-01
299 6.741200e-01 1.652000e-03 3.242280e-01
300 6.738520e-01 1.636000e-03 3.245120e-01
301 6.735240e-01 1.660000e-03 3.248160e-01
302 6.731960e-01 1.664000e-03 3.251400e-01
303 6.728360e-01 1.668000e-03 3.254960e-01
304 6.726120e-01 1.616000e-03 3.257720e-01
305 6.724040e-01 1.552000e-03 3.260440e-01
306 6.721520e-01 1.528000e-03 3.263200e-01
307 6.718800e-01 1.556000e-03 3.265640e-01
308 6.716000e-01 1.588000e-03 3.268120e-01
309 6.713600e-01 1.540000e-03 3.271000e-01
310 6.711360e-01 1.520000e-03 3.273440e-01
311 6.709280e-01 1.432000e-03 3.276400e-01
312 6.707120e-01 1.408000e-03 3.278800e-01
313 6.704520e-01 1.428000e-03 3.281200e-01
314 6.702000e-01 1.468000e-03 3.283320e-01
315 6.698560e-01 1.536000e-03 3.286080e-01
316 6.695960e-01 1.532000e-03 3.288720e-01
317 6.692600e-01 1.620000e-03 3.291200e-01
318 6.689240e-01 1.672000e-03 3.294040e-01
319 6.686120e-01 1.728000e-03 3.296600e-01
320 6.683040e-01 1.736000e-03 3.299600e-01
321 6.679920e-01 1.760000e-03 3.302480e-01
322 6.677000e-01 1.772000e-03 3.305280e-01
323 6.674320e-01 1.768000e-03 3.308000e-01
324 6.671320e-01 1.744000e-03 3.311240e-01
325 6.667960e-01 1.796000e-03 3.314080e-01
326 6.665680e-01 1.704000e-03 3.317280e-01
327 6.663960e-01 1.568000e-03 3.320360e-01
328 6.661720e-01 1.520000e-03 3.323080e-01
329 6.659440e-01 1.480000e-03 3.325760e-01
330 6.657000e-01 1.436000e-03 3.328640e-01
331 6.654640e-01 1.380000e-03 3.331560e-01
332 6.652440e-01 1.336000e-03 3.334200e-01
333 6.650000e-01 1.388000e-03 3.336120e-01
334 6.647920e-01 1.396000e-03 3.338120e-01
335 6.645480e-01 1.384000e-03 3.340680e-01
336 6.643080e-01 1.368000e-03 3.343240e-01
337 6.640680e-01 1.296000e-03 3.346360e-01
338 6.638040e-01 1.296000e-03 3.349000e-01
339 6.635600e-01 1.292000e-03 3.351480e-01
340 6.633640e-01 1.300000e-03 3.353360e-01
341 6.631400e-01 1.296000e-03 3.355640e-01
342 6.629440e-01 1.260000e-03 3.357960e-01
343 6.627520e-01 1.236000e-03 3.360120e-01
344 6.625800e-01 1.168000e-03 3.362520e-01
345 6.623880e-01 1.116000e-03 3.364960e-01
346 6.622240e-01 1.060000e-03 3.367160e-01
347 6.621000e-01 1.008000e-03 3.368920e-01
348 6.619680e-01 9.440000e-04 3.370880e-01
349 6.618200e-01 8.920000e-04 3.372880e-01
350 6.616680e-01 9.000000e-04 3.374320e-01
351 6.615600e-01 8.840000e-04 3.375560e-01
352 6.614360e-01 8.680000e-04 3.376960e-01
353 6.613000e-01 8.440000e-04 3.378560e-01
354 6.611480e-01 8.080000e-04 3.380440e-01
355 6.609600e-01 9.000000e-04 3.381400e-01
356 6.607840e-01 9.320000e-04 3.382840e-01
357 6.606000e-01 9.960000e-04 3.384040e-01
358 6.604880e-01 9.160000e-04 3.385960e-01
359 6.603320e-01 9.080000e-04 3.387600e-01
360 6.601000e-01 9.480000e-04 3.389520e-01
361 6.599560e-01 9.240000e-04 3.391200e-01
362 6.598120e-01 8.800000e-04 3.393080e-01
363 6.596600e-01 8.880000e-04 3.394520e-01
364 6.595040e-01 8.920000e-04 3.396040e-01
365 6.592720e-01 9.640000e-04 3.397640e-01
366 6.590880e-01 9.720000e-04 3.399400e-01
367 6.589280e-01 9.800000e-04 3.400920e-01
368 6.587000e-01 1.020000e-03 3.402800e-01
369 6.585040e-01 1.040000e-03 3.404560e-01
370 6.583560e-01 9.880000e-04 3.406560e-01
371 6.582040e-01 1.008000e-03 3.407880e-01
372 6.579840e-01 1.040000e-03 3.409760e-01
373 6.578360e-01 1.004000e-03 3.411600e-01
374 6.576800e-01 1.016000e-03 3.413040e-01
375 6.574880e-01 1.064000e-03 3.414480e-01
376 6.572600e-01 1.084000e-03 3.416560e-01
377 6.570520e-01 1.088000e-03 3.418600e-01
378 6.568720e-01 1.116000e-03 3.420120e-01
379 6.566480e-01 1.092000e-03 3.422600e-01
380 6.564560e-01 1.088000e-03 3.424560e-01
381 6.562680e-01 1.080000e-03 3.426520e-01
382 6.560960e-01 1.052000e-03 3.428520e-01
383 6.559360e-01 1.072000e-03 3.429920e-01
384 6.557520e-01 1.056000e-03 3.431920e-01
385 6.555440e-01 1.092000e-03 3.433640e-01
386 6.553760e-01 1.044000e-03 3.435800e-01
387 6.551360e-01 1.104000e-03 3.437600e-01
388 6.549480e-01 1.132000e-03 3.439200e-01
389 6.547440e-01 1.120000e-03 3.441360e-01
390 6.545040e-01 1.140000e-03 3.443560e-01
391 6.543320e-01 1.104000e-03 3.445640e-01
392 6.541040e-01 1.140000e-03 3.447560e-01
393 6.539160e-01 1.124000e-03 3.449600e-01
394 6.537640e-01 1.056000e-03 3.451800e-01
395 6.535720e-01 1.060000e-03 3.453680e-01
396 6.534400e-01 1.016000e-03 3.455440e-01
397 6.532400e-01 1.016000e-03 3.457440e-01
398 6.531040e-01 9.760000e-04 3.459200e-01
399 6.529640e-01 9.520000e-04 3.460840e-01
400 6.528360e-01 9.120000e-04 3.462520e-01
401 6.526760e-01 9.280000e-04 3.463960e-01
402 6.525320e-01 8.800000e-04 3.465880e-01
403 6.524120e-01 8.640000e-04 3.467240e-01
404 6.523000e-01 8.320000e-04 3.468680e-01
405 6.521480e-01 8.640000e-04 3.469880e-01
406 6.520560e-01 8.320000e-04 3.471120e-01
407 6.519200e-01 8.440000e-04 3.472360e-01
408 6.518160e-01 7.800000e-04 3.474040e-01
409 6.516640e-01 7.760000e-04 3.475600e-01
410 6.515280e-01 7.760000e-04 3.476960e-01
411 6.513200e-01 8.560000e-04 3.478240e-01
412 6.511600e-01 8.760000e-04 3.479640e-01
413 6.510000e-01 9.160000e-04 3.480840e-01
414 6.507840e-01 9.280000e-04 3.482880e-01
415 6.506160e-01 9.760000e-04 3.484080e-01
416 6.504240e-01 9.760000e-04 3.486000e-01
417 6.502520e-01 9.160000e-04 3.488320e-01
418 6.500800e-01 9.440000e-04 3.489760e-01
419 6.499200e-01 9.440000e-04 3.491360e-01
420 6.498000e-01 8.920000e-04 3.493080e-01
421 6.496720e-01 8.880000e-04 3.494400e-01
422 6.495200e-01 9.120000e-04 3.495680e-01
423 6.494000e-01 8.640000e-04 3.497360e-01
424 6.492720e-01 8.360000e-04 3.498920e-01
425 6.491200e-01 8.800000e-04 3.500000e-01
426 6.489440e-01 8.880000e-04 3.501680e-01
427 6.488200e-01 8.840000e-04 3.502960e-01
428 6.486680e-01 9.200000e-04 3.504120e-01
429 6.485440e-01 8.680000e-04 3.505880e-01
430 6.483920e-01 8.400000e-04 3.507680e-01
431 6.482440e-01 8.520000e-04 3.509040e-01
432 6.480960e-01 8.720000e-04 3.510320e-01
433 6.479320e-01 8.760000e-04 3.511920e-01
434 6.477520e-01 9.000000e-04 3.513480e-01
435 6.475920e-01 9.360000e-04 3.514720e-01
436 6.474080e-01 9.280000e-04 3.516640e-01
437 6.472560e-01 9.280000e-04 3.518160e-01
438 6.470800e-01 9.480000e-04 3.519720e-01
439 6.469800e-01 8.840000e-04 3.521360e-01
440 6.468440e-01 8.800000e-04 3.522760e-01
441 6.466960e-01 8.400000e-04 3.524640e-01
442 6.465080e-01 9.160000e-04 3.525760e-01
443 6.463440e-01 9.000000e-04 3.527560e-01
444 6.462080e-01 8.760000e-04 3.529160e-01
445 6.460720e-01 8.440000e-04 3.530840e-01
446 6.460120e-01 7.680000e-04 3.532200e-01
447 6.459280e-01 7.080000e-04 3.533640e-01
448 6.458080e-01 7.200000e-04 3.534720e-01
449 6.457320e-01 6.760000e-04 3.535920e-01
450 6.456560e-01 6.560000e-04 3.536880e-01
451 6.455800e-01 6.160000e-04 3.538040e-01
452 6.454560e-01 6.120000e-04 3.539320e-01
453 6.453720e-01 5.600000e-04 3.540680e-01
454 6.452600e-01 5.560000e-04 3.541840e-01
455 6.451440e-01 5.520000e-04 3.543040e-01
456 6.450480e-01 5.640000e-04 3.543880e-01
457 6.449640e-01 5.760000e-04 3.544600e-01
458 6.448760e-01 5.560000e-04 3.545680e-01
459 6.448120e-01 5.320000e-04 3.546560e-01
460 6.447480e-01 5.080000e-04 3.547440e-01
461 6.446440e-01 5.080000e-04 3.548480e-01
462 6.445840e-01 4.920000e-04 3.549240e-01
463 6.445080e-01 4.960000e-04 3.549960e-01
464 6.444440e-01 4.680000e-04 3.550880e-01
465 6.443840e-01 4.440000e-04 3.551720e-01
466 6.443080e-01 4.440000e-04 3.552480e-01
467 6.442080e-01 4.600000e-04 3.553320e-01
468 6.441360e-01 4.400000e-04 3.554240e-01
469 6.440640e-01 4.440000e-04 3.554920e-01
470 6.440120e-01 4.240000e-04 3.555640e-01
471 6.439600e-01 4.320000e-04 3.556080e-01
472 6.438920e-01 4.480000e-04 3.556600e-01
473 6.438160e-01 4.520000e-04 3.557320e-01
474 6.437080e-01 4.840000e-04 3.558080e-01
475 6.436280e-01 4.600000e-04 3.559120e-01
476 6.435800e-01 4.440000e-04 3.559760e-01
477 6.435440e-01 4.040000e-04 3.560520e-01
478 6.434960e-01 3.760000e-04 3.561280e-01
479 6.434440e-01 3.800000e-04 3.561760e-01
480 6.433880e-01 3.760000e-04 3.562360e-01
481 6.433680e-01 3.320000e-04 3.563000e-01
482 6.433280e-01 3.080000e-04 3.563640e-01
483 6.432760e-01 3.200000e-04 3.564040e-01
484 6.432440e-01 3.160000e-04 3.564400e-01
485 6.432040e-01 2.840000e-04 3.565120e-01
486 6.431680e-01 2.960000e-04 3.565360e-01
487 6.431360e-01 2.840000e-04 3.565800e-01
488 6.430760e-01 2.880000e-04 3.566360e-01
489 6.430320e-01 2.720000e-04 3.566960e-01
490 6.430000e-01 2.720000e-04 3.567280e-01
491 6.429680e-01 2.560000e-04 3.567760e-01
492 6.429160e-01 2.680000e-04 3.568160e-01
493 6.428800e-01 2.640000e-04 3.568560e-01
494 6.428440e-01 2.760000e-04 3.568800e-01
495 6.428280e-01 2.560000e-04 3.569160e-01
496 6.427960e-01 2.360000e-04 3.569680e-01
497 6.427680e-01 2.280000e-04 3.570040e-01
498 6.427360e-01 1.960000e-04 3.570680e-01
499 6.427000e-01 1.880000e-04 3.571120e-01
500 6.426600e-01 2.080000e-04 3.571320e-01
