1 9.992280e-01 6.760000e-04 9.600000e-05
2 9.986880e-01 1.076000e-03 2.360000e-04
3 9.981200e-01 1.384000e-03 4.960000e-04
4 9.974680e-01 1.736000e-03 7.960000e-04
5 9.966960e-01 2.196000e-03 1.108000e-03
6 9.959160e-01 2.540000e-03 1.544000e-03
7 9.950240e-01 2.892000e-03 2.084000e-03
8 9.940520e-01 3.352000e-03 2.596000e-03
9 9.930120e-01 3.816000e-03 3.172000e-03
10 9.920400e-01 4.080000e-03 3.880000e-03
11 9.909280e-01 4.464000e-03 4.608000e-03
12 9.897640e-01 4.800000e-03 5.436000e-03
13 9.885640e-01 5.148000e-03 6.288000e-03
14 9.873400e-01 5.504000e-03 7.156000e-03
15 9.861240e-01 5.748000e-03 8.128000e-03
16 9.849760e-01 5.792000e-03 9.232000e-03
17 9.836720e-01 6.108000e-03 1.022000e-02
18 9.823040e-01 6.456000e-03 1.124000e-02
19 9.808520e-01 6.764000e-03 1.238400e-02
20 9.794320e-01 6.880000e-03 1.368800e-02
21 9.778840e-01 7.252000e-03 1.486400e-02
22 9.762840e-01 7.448000e-03 1.626800e-02
23 9.748120e-01 7.496000e-03 1.769200e-02
24 9.734320e-01 7.536000e-03 1.903200e-02
25 9.720080e-01 7.656000e-03 2.033600e-02
26 9.706320e-01 7.536000e-03 2.183200e-02
27 9.691400e-01 7.720000e-03 2.314000e-02
28 9.675840e-01 7.896000e-03 2.452000e-02
29 9.661440e-01 8.000000e-03 2.585600e-02
30 9.647600e-01 8.048000e-03 2.719200e-02
31 9.634000e-01 7.984000e-03 2.861600e-02
32 9.618880e-01 8.068000e-03 3.004400e-02
33 9.603320e-01 8.280000e-03 3.138800e-02
34 9.587520e-01 8.292000e-03 3.295600e-02
35 9.572640e-01 8.344000e-03 3.439200e-02
36 9.556000e-01 8.484000e-03 3.591600e-02
37 9.540320e-01 8.452000e-03 3.751600e-02
38 9.526680e-01 8.396000e-03 3.893600e-02
39 9.510800e-01 8.496000e-03 4.042400e-02
40 9.495320e-01 8.492000e-03 4.197600e-02
41 9.479840e-01 8.632000e-03 4.338400e-02
42 9.465880e-01 8.596000e-03 4.481600e-02
43 9.450920e-01 8.632000e-03 4.627600e-02
44 9.435000e-01 8.828000e-03 4.767200e-02
45 9.419160e-01 8.860000e-03 4.922400e-02
46 9.405400e-01 8.628000e-03 5.083200e-02
47 9.391720e-01 8.432000e-03 5.239600e-02
48 9.376320e-01 8.440000e-03 5.392800e-02
49 9.361560e-01 8.508000e-03 5.533600e-02
50 9.347440e-01 8.376000e-03 5.688000e-02
51 9.333320e-01 8.360000e-03 5.830800e-02
52 9.318560e-01 8.340000e-03 5.980400e-02
53 9.303640e-01 8.404000e-03 6.123200e-02
54 9.289360e-01 8.344000e-03 6.272000e-02
55 9.274320e-01 8.420000e-03 6.414800e-02
56 9.260120e-01 8.408000e-03 6.558000e-02
57 9.245320e-01 8.600000e-03 6.686800e-02
58 9.229360e-01 8.668000e-03 6.839600e-02
59 9.213840e-01 8.660000e-03 6.995600e-02
60 9.199040e-01 8.596000e-03 7.150000e-02
61 9.183840e-01 8.536000e-03 7.308000e-02
62 9.168680e-01 8.604000e-03 7.452800e-02
63 9.152720e-01 8.572000e-03 7.615600e-02
64 9.135800e-01 8.736000e-03 7.768400e-02
65 9.119720e-01 8.924000e-03 7.910400e-02
66 9.102120e-01 9.200000e-03 8.058800e-02
67 9.085040e-01 9.296000e-03 8.220000e-02
68 9.067720e-01 9.392000e-03 8.383600e-02
69 9.051880e-01 9.272000e-03 8.554000e-02
70 9.034440e-01 9.460000e-03 8.709600e-02
71 9.018320e-01 9.504000e-03 8.866400e-02
72 9.001280e-01 9.520000e-03 9.035200e-02
73 8.984160e-01 9.556000e-03 9.202800e-02
74 8.967360e-01 9.556000e-03 9.370800e-02
75 8.948040e-01 9.812000e-03 9.538400e-02
76 8.930680e-01 9.860000e-03 9.707200e-02
77 8.913680e-01 9.768000e-03 9.886400e-02
78 8.896720e-01 9.724000e-03 1.006040e-01
79 8.879640e-01 9.800000e-03 1.022360e-01
80 8.862200e-01 9.756000e-03 1.040240e-01
81 8.845800e-01 9.808000e-03 1.056120e-01
82 8.830280e-01 9.772000e-03 1.072000e-01
83 8.812800e-01 9.816000e-03 1.089040e-01
84 8.796840e-01 9.696000e-03 1.106200e-01
85 8.780960e-01 9.640000e-03 1.122640e-01
86 8.763880e-01 9.680000e-03 1.139320e-01
87 8.748800e-01 9.512000e-03 1.156080e-01
88 8.733440e-01 9.232000e-03 1.174240e-01
89 8.718560e-01 9.164000e-03 1.189800e-01
90 8.702760e-01 9.120000e-03 1.206040e-01
91 8.686880e-01 9.060000e-03 1.222520e-01
92 8.672080e-01 8.952000e-03 1.238400e-01
93 8.655680e-01 9.120000e-03 1.253120e-01
94 8.639480e-01 9.192000e-03 1.268600e-01
95 8.623160e-01 9.208000e-03 1.284760e-01
96 8.608840e-01 9.000000e-03 1.301160e-01
97 8.592160e-01 9.116000e-03 1.316680e-01
98 8.577920e-01 9.016000e-03 1.331920e-01
99 8.562280e-01 9.068000e-03 1.347040e-01
100 8.548160e-01 8.864000e-03 1.363200e-01
101 8.534480e-01 8.676000e-03 1.378760e-01
102 8.519720e-01 8.600000e-03 1.394280e-01
103 8.504960e-01 8.636000e-03 1.408680e-01
104 8.489400e-01 8.644000e-03 1.424160e-01
105 8.475080e-01 8.544000e-03 1.439480e-01
106 8.461080e-01 8.472000e-03 1.454200e-01
107 8.445760e-01 8.532000e-03 1.468920e-01
108 8.431040e-01 8.432000e-03 1.484640e-01
109 8.417360e-01 8.304000e-03 1.499600e-01
110 8.401640e-01 8.336000e-03 1.515000e-01
111 8.386640e-01 8.484000e-03 1.528520e-01
112 8.370640e-01 8.672000e-03 1.542640e-01
113 8.354880e-01 8.612000e-03 1.559000e-01
114 8.341320e-01 8.532000e-03 1.573360e-01
115 8.326840e-01 8.500000e-03 1.588160e-01
116 8.311720e-01 8.568000e-03 1.602600e-01
117 8.297320e-01 8.668000e-03 1.616000e-01
118 8.282880e-01 8.652000e-03 1.630600e-01
119 8.268760e-01 8.552000e-03 1.645720e-01
120 8.253920e-01 8.496000e-03 1.661120e-01
121 8.239480e-01 8.524000e-03 1.675280e-01
122 8.225320e-01 8.416000e-03 1.690520e-01
123 8.211240e-01 8.424000e-03 1.704520e-01
124 8.197840e-01 8.312000e-03 1.719040e-01
125 8.184560e-01 8.124000e-03 1.734200e-01
126 8.172720e-01 7.880000e-03 1.748480e-01
127 8.159200e-01 7.908000e-03 1.761720e-01
128 8.145400e-01 7.948000e-03 1.775120e-01
129 8.130920e-01 7.976000e-03 1.789320e-01
130 8.118640e-01 7.800000e-03 1.803360e-01
131 8.106320e-01 7.556000e-03 1.818120e-01
132 8.094080e-01 7.492000e-03 1.831000e-01
133 8.082320e-01 7.392000e-03 1.843760e-01
134 8.069040e-01 7.492000e-03 1.856040e-01
135 8.056360e-01 7.468000e-03 1.868960e-01
136 8.045000e-01 7.208000e-03 1.882920e-01
137 8.033560e-01 7.092000e-03 1.895520e-01
138 8.021600e-01 6.996000e-03 1.908440e-01
139 8.009640e-01 6.872000e-03 1.921640e-01
140 7.996520e-01 6.944000e-03 1.934040e-01
141 7.985000e-01 6.976000e-03 1.945240e-01
142 7.971400e-01 7.056000e-03 1.958040e-01
143 7.958360e-01 7.096000e-03 1.970680e-01
144 7.946080e-01 7.112000e-03 1.982800e-01
145 7.933680e-01 7.188000e-03 1.994440e-01
146 7.920600e-01 7.160000e-03 2.007800e-01
147 7.907920e-01 7.164000e-03 2.020440e-01
148 7.895480e-01 7.184000e-03 2.032680e-01
149 7.882520e-01 7.276000e-03 2.044720e-01
150 7.869480e-01 7.320000e-03 2.057320e-01
151 7.858280e-01 7.124000e-03 2.070480e-01
152 7.847240e-01 6.852000e-03 2.084240e-01
153 7.834480e-01 6.900000e-03 2.096520e-01
154 7.822320e-01 6.848000e-03 2.109200e-01
155 7.811120e-01 6.768000e-03 2.121200e-01
156 7.800880e-01 6.588000e-03 2.133240e-01
157 7.789360e-01 6.652000e-03 2.144120e-01
158 7.777600e-01 6.624000e-03 2.156160e-01
159 7.765600e-01 6.596000e-03 2.168440e-01
160 7.753800e-01 6.708000e-03 2.179120e-01
161 7.741120e-01 6.840000e-03 2.190480e-01
162 7.729800e-01 6.884000e-03 2.201360e-01
163 7.717520e-01 6.848000e-03 2.214000e-01
164 7.706880e-01 6.760000e-03 2.225520e-01
165 7.696400e-01 6.532000e-03 2.238280e-01
166 7.685280e-01 6.480000e-03 2.249920e-01
167 7.673240e-01 6.540000e-03 2.261360e-01
168 7.661160e-01 6.612000e-03 2.272720e-01
169 7.649680e-01 6.664000e-03 2.283680e-01
170 7.638000e-01 6.680000e-03 2.295200e-01
171 7.627960e-01 6.444000e-03 2.307600e-01
172 7.617000e-01 6.316000e-03 2.319840e-01
173 7.606760e-01 6.272000e-03 2.330520e-01
174 7.595160e-01 6.396000e-03 2.340880e-01
175 7.584360e-01 6.336000e-03 2.352280e-01
176 7.574400e-01 6.248000e-03 2.363120e-01
177 7.564440e-01 6.204000e-03 2.373520e-01
178 7.553920e-01 6.156000e-03 2.384520e-01
179 7.544280e-01 6.140000e-03 2.394320e-01
180 7.533920e-01 6.104000e-03 2.405040e-01
181 7.524880e-01 5.924000e-03 2.415880e-01
182 7.514800e-01 5.884000e-03 2.426360e-01
183 7.505680e-01 5.752000e-03 2.436800e-01
184 7.496280e-01 5.716000e-03 2.446560e-01
185 7.485920e-01 5.824000e-03 2.455840e-01
186 7.476760e-01 5.668000e-03 2.466560e-01
187 7.466640e-01 5.592000e-03 2.477440e-01
188 7.457920e-01 5.400000e-03 2.488080e-01
189 7.449640e-01 5.324000e-03 2.497120e-01
190 7.440640e-01 5.308000e-03 2.506280e-01
191 7.431880e-01 5.292000e-03 2.515200e-01
192 7.423480e-01 5.144000e-03 2.525080e-01
193 7.413600e-01 5.136000e-03 2.535040e-01
194 7.406000e-01 5.044000e-03 2.543560e-01
195 7.398960e-01 4.812000e-03 2.552920e-01
196 7.391680e-01 4.700000e-03 2.561320e-01
197 7.384720e-01 4.560000e-03 2.569680e-01
198 7.377760e-01 4.532000e-03 2.576920e-01
199 7.370840e-01 4.536000e-03 2.583800e-01
200 7.364520e-01 4.236000e-03 2.593120e-01
201 7.357280e-01 4.244000e-03 2.600280e-01
202 7.350720e-01 4.160000e-03 2.607680e-01
203 7.344520e-01 4.020000e-03 2.615280e-01
204 7.336760e-01 4.112000e-03 2.622120e-01
205 7.330680e-01 3.996000e-03 2.629360e-01
206 7.323800e-01 3.996000e-03 2.636240e-01
207 7.319080e-01 3.752000e-03 2.643400e-01
208 7.313360e-01 3.660000e-03 2.650040e-01
209 7.307240e-01 3.716000e-03 2.655600e-01
210 7.300800e-01 3.704000e-03 2.662160e-01
211 7.294960e-01 3.692000e-03 2.668120e-01
212 7.288640e-01 3.648000e-03 2.674880e-01
213 7.282560e-01 3.716000e-03 2.680280e-01
214 7.277560e-01 3.524000e-03 2.687200e-01
215 7.272440e-01 3.368000e-03 2.693880e-01
216 7.267320e-01 3.348000e-03 2.699200e-01
217 7.262320e-01 3.216000e-03 2.705520e-01
218 7.256720e-01 3.172000e-03 2.711560e-01
219 7.251600e-01 3.072000e-03 2.717680e-01
220 7.246520e-01 3.012000e-03 2.723360e-01
221 7.241080e-01 3.076000e-03 2.728160e-01
222 7.235240e-01 3.176000e-03 2.733000e-01
223 7.229600e-01 3.180000e-03 2.738600e-01
224 7.224120e-01 3.128000e-03 2.744600e-01
225 7.219400e-01 3.084000e-03 2.749760e-01
226 7.214520e-01 2.992000e-03 2.755560e-01
227 7.208440e-01 3.024000e-03 2.761320e-01
228 7.202840e-01 3.068000e-03 2.766480e-01
229 7.196840e-01 3.096000e-03 2.772200e-01
230 7.191880e-01 3.128000e-03 2.776840e-01
231 7.187480e-01 2.960000e-03 2.782920e-01
232 7.182800e-01 2.840000e-03 2.788800e-01
233 7.177920e-01 2.812000e-03 2.793960e-01
234 7.173200e-01 2.816000e-03 2.798640e-01
235 7.168720e-01 2.780000e-03 2.803480e-01
236 7.164400e-01 2.704000e-03 2.808560e-01
237 7.160640e-01 2.644000e-03 2.812920e-01
238 7.156360e-01 2.644000e-03 2.817200e-01
239 7.151440e-01 2.676000e-03 2.821800e-01
240 7.147720e-01 2.512000e-03 2.827160e-01
241 7.144520e-01 2.404000e-03 2.831440e-01
242 7.141120e-01 2.328000e-03 2.835600e-01
243 7.137960e-01 2.288000e-03 2.839160e-01
244 7.134280e-01 2.260000e-03 2.843120e-01
245 7.130600e-01 2.236000e-03 2.847040e-01
246 7.126080e-01 2.316000e-03 2.850760e-01
247 7.123000e-01 2.276000e-03 2.854240e-01
248 7.119720e-01 2.180000e-03 2.858480e-01
249 7.117400e-01 2.028000e-03 2.862320e-01
250 7.113680e-01 2.000000e-03 2.866320e-01
251 7.109280e-01 2.100000e-03 2.869720e-01
252 7.104680e-01 2.196000e-03 2.873360e-01
253 7.099880e-01 2.252000e-03 2.877600e-01
254 7.094720e-01 2.400000e-03 2.881280e-01
255 7.090400e-01 2.428000e-03 2.885320e-01
256 7.086120e-01 2.344000e-03 2.890440e-01
257 7.082280e-01 2.332000e-03 2.894400e-01
258 7.077640e-01 2.392000e-03 2.898440e-01
259 7.074280e-01 2.360000e-03 2.902120e-01
260 7.070600e-01 2.308000e-03 2.906320e-01
261 7.066800e-01 2.284000e-03 2.910360e-01
262 7.062800e-01 2.280000e-03 2.914400e-01
263 7.059280e-01 2.248000e-03 2.918240e-01
264 7.055720e-01 2.224000e-03 2.922040e-01
265 7.051720e-01 2.260000e-03 2.925680e-01
266 7.047240e-01 2.296000e-03 2.929800e-01
267 7.043600e-01 2.244000e-03 2.933960e-01
268 7.039680e-01 2.236000e-03 2.937960e-01
269 7.035560e-01 2.308000e-03 2.941360e-01
270 7.031680e-01 2.292000e-03 2.945400e-01
271 7.028200e-01 2.260000e-03 2.949200e-01
272 7.025000e-01 2.156000e-03 2.953440e-01
273 7.021760e-01 2.112000e-03 2.957120e-01
274 7.017880e-01 2.092000e-03 2.961200e-01
275 7.014720e-01 2.080000e-03 2.964480e-01
276 7.010760e-01 2.148000e-03 2.967760e-01
277 7.007000e-01 2.128000e-03 2.971720e-01
278 7.003680e-01 2.096000e-03 2.975360e-01
279 6.999720e-01 2.156000e-03 2.978720e-01
280 6.996480e-01 2.092000e-03 2.982600e-01
281 6.993320e-01 2.072000e-03 2.985960e-01
282 6.989520e-01 2.116000e-03 2.989320e-01
283 6.985960e-01 2.044000e-03 2.993600e-01
284 6.982960e-01 1.956000e-03 2.997480e-01
285 6.979600e-01 1.968000e-03 3.000720e-01
286 6.975040e-01 2.096000e-03 3.004000e-01
287 6.971560e-01 2.056000e-03 3.007880e-01
288 6.968200e-01 2.028000e-03 3.011520e-01
289 6.965320e-01 1.980000e-03 3.014880e-01
290 6.961840e-01 2.064000e-03 3.017520e-01
291 6.958240e-01 2.088000e-03 3.020880e-01
292 6.955400e-01 1.968000e-03 3.024920e-01
293 6.952280e-01 1.992000e-03 3.027800e-01
294 6.948480e-01 2.008000e-03 3.031440e-01
295 6.945600e-01 1.960000e-03 3.034800e-01
296 6.942200e-01 1.928000e-03 3.038520e-01
297 6.938440e-01 1.940000e-03 3.042160e-01
298 6.934720e-01 1.956000e-03 3.045720e-01
299 6.931720e-01 1.936000e-03 3.048920e-01
300 6.928120e-01 2.044000e-03 3.051440e-01
301 6.924960e-01 1.980000e-03 3.055240e-01
302 6.921600e-01 1.976000e-03 3.058640e-01
303 6.918600e-01 1.884000e-03 3.062560e-01
304 6.915320e-01 1.912000e-03 3.065560e-01
305 6.912560e-01 1.832000e-03 3.069120e-01
306 6.909040e-01 1.836000e-03 3.072600e-01
307 6.906240e-01 1.824000e-03 3.075520e-01
308 6.903280e-01 1.816000e-03 3.078560e-01
309 6.900280e-01 1.808000e-03 3.081640e-01
310 6.897200e-01 1.792000e-03 3.084880e-01
311 6.894200e-01 1.800000e-03 3.087800e-01
312 6.891080e-01 1.804000e-03 3.090880e-01
313 6.888240e-01 1.796000e-03 3.093800e-01
314 6.884920e-01 1.792000e-03 3.097160e-01
315 6.881200e-01 1.880000e-03 3.100000e-01
316 6.877400e-01 1.888000e-03 3.103720e-01
317 6.874000e-01 1.860000e-03 3.107400e-01
318 6.871320e-01 1.752000e-03 3.111160e-01
319 6.867520e-01 1.848000e-03 3.114000e-01
320 6.864320e-01 1.920000e-03 3.116480e-01
321 6.861400e-01 1.896000e-03 3.119640e-01
322 6.858160e-01 1.920000e-03 3.122640e-01
323 6.854680e-01 1.928000e-03 3.126040e-01
324 6.851160e-01 1.956000e-03 3.129280e-01
325 6.847520e-01 1.916000e-03 3.133320e-01
326 6.843800e-01 1.972000e-03 3.136480e-01
327 6.841000e-01 1.916000e-03 3.139840e-01
328 6.837920e-01 1.892000e-03 3.143160e-01
329 6.834320e-01 1.888000e-03 3.146800e-01
330 6.831200e-01 1.892000e-03 3.149880e-01
331 6.829080e-01 1.800000e-03 3.152920e-01
332 6.826600e-01 1.712000e-03 3.156280e-01
333 6.824120e-01 1.672000e-03 3.159160e-01
334 6.821680e-01 1.644000e-03 3.161880e-01
335 6.819040e-01 1.616000e-03 3.164800e-01
336 6.815520e-01 1.688000e-03 3.167600e-01
337 6.812320e-01 1.756000e-03 3.170120e-01
338 6.809160e-01 1.700000e-03 3.173840e-01
339 6.806280e-01 1.764000e-03 3.176080e-01
340 6.803400e-01 1.764000e-03 3.178960e-01
341 6.800400e-01 1.748000e-03 3.182120e-01
342 6.797680e-01 1.728000e-03 3.185040e-01
343 6.795320e-01 1.692000e-03 3.187760e-01
344 6.792280e-01 1.728000e-03 3.190440e-01
345 6.789600e-01 1.672000e-03 3.193680e-01
346 6.786320e-01 1.672000e-03 3.196960e-01
347 6.783440e-01 1.664000e-03 3.199920e-01
348 6.780840e-01 1.616000e-03 3.203000e-01
349 6.777560e-01 1.592000e-03 3.206520e-01
350 6.775080e-01 1.536000e-03 3.209560e-01
351 6.772160e-01 1.564000e-03 3.212200e-01
352 6.769760e-01 1.568000e-03 3.214560e-01
353 6.767400e-01 1.532000e-03 3.217280e-01
354 6.764960e-01 1.520000e-03 3.219840e-01
355 6.762960e-01 1.464000e-03 3.222400e-01
356 6.760840e-01 1.428000e-03 3.224880e-01
357 6.758280e-01 1.396000e-03 3.227760e-01
358 6.755080e-01 1.512000e-03 3.229800e-01
359 6.752640e-01 1.488000e-03 3.232480e-01
360 6.750120e-01 1.484000e-03 3.235040e-01
361 6.747120e-01 1.472000e-03 3.238160e-01
362 6.744520e-01 1.512000e-03 3.240360e-01
363 6.741440e-01 1.512000e-03 3.243440e-01
364 6.738040e-01 1.588000e-03 3.246080e-01
365 6.734680e-01 1.588000e-03 3.249440e-01
366 6.731720e-01 1.616000e-03 3.252120e-01
367 6.729200e-01 1.592000e-03 3.254880e-01
368 6.726600e-01 1.580000e-03 3.257600e-01
369 6.724360e-01 1.500000e-03 3.260640e-01
370 6.721680e-01 1.504000e-03 3.263280e-01
371 6.718920e-01 1.528000e-03 3.265800e-01
372 6.715640e-01 1.580000e-03 3.268560e-01
373 6.713240e-01 1.536000e-03 3.271400e-01
374 6.710800e-01 1.484000e-03 3.274360e-01
375 6.708240e-01 1.484000e-03 3.276920e-01
376 6.705720e-01 1.504000e-03 3.279240e-01
377 6.702960e-01 1.560000e-03 3.281440e-01
378 6.700720e-01 1.520000e-03 3.284080e-01
379 6.697240e-01 1.588000e-03 3.286880e-01
380 6.694400e-01 1.556000e-03 3.290040e-01
381 6.691880e-01 1.564000e-03 3.292480e-01
382 6.688880e-01 1.600000e-03 3.295120e-01
383 6.685720e-01 1.636000e-03 3.297920e-01
384 6.683120e-01 1.608000e-03 3.300800e-01
385 6.680760e-01 1.564000e-03 3.303600e-01
386 6.678720e-01 1.484000e-03 3.306440e-01
387 6.676320e-01 1.472000e-03 3.308960e-01
388 6.673440e-01 1.492000e-03 3.311640e-01
389 6.670200e-01 1.552000e-03 3.314280e-01
390 6.667040e-01 1.608000e-03 3.316880e-01
391 6.663680e-01 1.720000e-03 3.319120e-01
392 6.660640e-01 1.732000e-03 3.322040e-01
393 6.658240e-01 1.656000e-03 3.325200e-01
394 6.656200e-01 1.580000e-03 3.328000e-01
395 6.653280e-01 1.600000e-03 3.330720e-01
396 6.650920e-01 1.456000e-03 3.334520e-01
397 6.649160e-01 1.412000e-03 3.336720e-01
398 6.647200e-01 1.356000e-03 3.339240e-01
399 6.645280e-01 1.328000e-03 3.341440e-01
400 6.643040e-01 1.320000e-03 3.343760e-01
401 6.640720e-01 1.344000e-03 3.345840e-01
402 6.638720e-01 1.272000e-03 3.348560e-01
403 6.637360e-01 1.116000e-03 3.351480e-01
404 6.635080e-01 1.160000e-03 3.353320e-01
405 6.633120e-01 1.184000e-03 3.355040e-01
406 6.631520e-01 1.136000e-03 3.357120e-01
407 6.629960e-01 1.060000e-03 3.359440e-01
408 6.628400e-01 1.060000e-03 3.361000e-01
409 6.627000e-01 9.920000e-04 3.363080e-01
410 6.625400e-01 9.880000e-04 3.364720e-01
411 6.624400e-01 9.320000e-04 3.366280e-01
412 6.622480e-01 9.960000e-04 3.367560e-01
413 6.620840e-01 1.000000e-03 3.369160e-01
414 6.619520e-01 9.560000e-04 3.370920e-01
415 6.618520e-01 8.920000e-04 3.372560e-01
416 6.617640e-01 8.120000e-04 3.374240e-01
417 6.616600e-01 7.760000e-04 3.375640e-01
418 6.615760e-01 7.600000e-04 3.376640e-01
419 6.614960e-01 6.960000e-04 3.378080e-01
420 6.613840e-01 6.960000e-04 3.379200e-01
421 6.612400e-01 7.000000e-04 3.380600e-01
422 6.611360e-01 7.000000e-04 3.381640e-01
423 6.610280e-01 6.960000e-04 3.382760e-01
424 6.609080e-01 6.800000e-04 3.384120e-01
425 6.607840e-01 6.480000e-04 3.385680e-01
426 6.606640e-01 6.480000e-04 3.386880e-01
427 6.605800e-01 6.400000e-04 3.387800e-01
428 6.604800e-01 6.240000e-04 3.388960e-01
429 6.603840e-01 6.200000e-04 3.389960e-01
430 6.603080e-01 6.040000e-04 3.390880e-01
431 6.601440e-01 6.440000e-04 3.392120e-01
432 6.600360e-01 6.400000e-04 3.393240e-01
433 6.599560e-01 6.160000e-04 3.394280e-01
434 6.598520e-01 6.080000e-04 3.395400e-01
435 6.596600e-01 7.040000e-04 3.396360e-01
436 6.595720e-01 6.520000e-04 3.397760e-01
437 6.594680e-01 6.200000e-04 3.399120e-01
438 6.593680e-01 5.920000e-04 3.400400e-01
439 6.592600e-01 6.040000e-04 3.401360e-01
440 6.591760e-01 5.800000e-04 3.402440e-01
441 6.590800e-01 5.400000e-04 3.403800e-01
442 6.589560e-01 6.000000e-04 3.404440e-01
443 6.587520e-01 6.800000e-04 3.405680e-01
444 6.586040e-01 7.240000e-04 3.406720e-01
445 6.584720e-01 7.480000e-04 3.407800e-01
446 6.583160e-01 7.080000e-04 3.409760e-01
447 6.581840e-01 7.240000e-04 3.410920e-01
448 6.580360e-01 7.520000e-04 3.412120e-01
449 6.579360e-01 7.240000e-04 3.413400e-01
450 6.578200e-01 7.160000e-04 3.414640e-01
451 6.576800e-01 7.720000e-04 3.415480e-01
452 6.575920e-01 7.400000e-04 3.416680e-01
453 6.574920e-01 7.440000e-04 3.417640e-01
454 6.574240e-01 6.800000e-04 3.418960e-01
455 6.573240e-01 6.600000e-04 3.420160e-01
456 6.572320e-01 6.400000e-04 3.421280e-01
457 6.571400e-01 6.480000e-04 3.422120e-01
458 6.570280e-01 6.440000e-04 3.423280e-01
459 6.569080e-01 6.760000e-04 3.424160e-01
460 6.568240e-01 6.720000e-04 3.425040e-01
461 6.567200e-01 6.560000e-04 3.426240e-01
462 6.566000e-01 6.360000e-04 3.427640e-01
463 6.564880e-01 6.480000e-04 3.428640e-01
464 6.564120e-01 6.160000e-04 3.429720e-01
465 6.563240e-01 6.200000e-04 3.430560e-01
466 6.562640e-01 5.600000e-04 3.431760e-01
467 6.562000e-01 5.400000e-04 3.432600e-01
468 6.561360e-01 4.840000e-04 3.433800e-01
469 6.560600e-01 5.040000e-04 3.434360e-01
470 6.559440e-01 5.480000e-04 3.435080e-01
471 6.558360e-01 5.320000e-04 3.436320e-01
472 6.557560e-01 5.320000e-04 3.437120e-01
473 6.556720e-01 5.200000e-04 3.438080e-01
474 6.556080e-01 5.200000e-04 3.438720e-01
475 6.555240e-01 5.400000e-04 3.439360e-01
476 6.554400e-01 5.560000e-04 3.440040e-01
477 6.553680e-01 5.440000e-04 3.440880e-01
478 6.553000e-01 5.040000e-04 3.441960e-01
479 6.552320e-01 4.920000e-04 3.442760e-01
480 6.551600e-01 4.720000e-04 3.443680e-01
481 6.550960e-01 4.720000e-04 3.444320e-01
482 6.550080e-01 4.760000e-04 3.445160e-01
483 6.549000e-01 5.240000e-04 3.445760e-01
484 6.547960e-01 5.240000e-04 3.446800e-01
485 6.547320e-01 4.840000e-04 3.447840e-01
486 6.546520e-01 4.760000e-04 3.448720e-01
487 6.545560e-01 4.880000e-04 3.449560e-01
488 6.544440e-01 5.160000e-04 3.450400e-01
489 6.543360e-01 5.240000e-04 3.451400e-01
490 6.542360e-01 5.400000e-04 3.452240e-01
491 6.541480e-01 5.080000e-04 3.453440e-01
492 6.540520e-01 5.200000e-04 3.454280e-01
493 6.539880e-01 5.080000e-04 3.455040e-01
494 6.539200e-01 4.880000e-04 3.455920e-01
495 6.538560e-01 4.560000e-04 3.456880e-01
496 6.537880e-01 4.400000e-04 3.457720e-01
497 6.537120e-01 4.520000e-04 3.458360e-01
498 6.536280e-01 4.560000e-04 3.459160e-01
499 6.535800e-01 4.360000e-04 3.459840e-01
500 6.535560e-01 3.720000e-04 3.460720e-01
