1 9.993120e-01 6.200000e-04 6.800000e-05
2 9.987200e-01 1.064000e-03 2.160000e-04
3 9.980960e-01 1.448000e-03 4.560000e-04
4 9.973640e-01 1.892000e-03 7.440000e-04
5 9.965040e-01 2.392000e-03 1.104000e-03
6 9.957960e-01 2.588000e-03 1.616000e-03
7 9.949040e-01 3.008000e-03 2.088000e-03
8 9.940720e-01 3.332000e-03 2.596000e-03
9 9.932160e-01 3.588000e-03 3.196000e-03
10 9.922480e-01 3.948000e-03 3.804000e-03
11 9.911760e-01 4.248000e-03 4.576000e-03
12 9.902640e-01 4.408000e-03 5.328000e-03
13 9.891040e-01 4.672000e-03 6.224000e-03
14 9.879800e-01 4.968000e-03 7.052000e-03
15 9.868160e-01 5.220000e-03 7.964000e-03
16 9.856160e-01 5.492000e-03 8.892000e-03
17 9.843800e-01 5.676000e-03 9.944000e-03
18 9.830040e-01 6.060000e-03 1.093600e-02
19 9.816120e-01 6.420000e-03 1.196800e-02
20 9.801880e-01 6.624000e-03 1.318800e-02
21 9.787720e-01 6.820000e-03 1.440800e-02
22 9.773840e-01 6.948000e-03 1.566800e-02
23 9.759960e-01 7.144000e-03 1.686000e-02
24 9.746040e-01 7.300000e-03 1.809600e-02
25 9.730640e-01 7.632000e-03 1.930400e-02
26 9.715640e-01 7.656000e-03 2.078000e-02
27 9.701080e-01 7.736000e-03 2.215600e-02
28 9.685440e-01 7.976000e-03 2.348000e-02
29 9.670920e-01 7.988000e-03 2.492000e-02
30 9.656360e-01 8.100000e-03 2.626400e-02
31 9.643160e-01 7.936000e-03 2.774800e-02
32 9.629640e-01 7.872000e-03 2.916400e-02
33 9.616760e-01 7.688000e-03 3.063600e-02
34 9.601520e-01 7.900000e-03 3.194800e-02
35 9.586320e-01 7.944000e-03 3.342400e-02
36 9.570040e-01 8.220000e-03 3.477600e-02
37 9.552680e-01 8.528000e-03 3.620400e-02
38 9.537240e-01 8.596000e-03 3.768000e-02
39 9.521120e-01 8.844000e-03 3.904400e-02
40 9.503440e-01 9.048000e-03 4.060800e-02
41 9.487680e-01 9.144000e-03 4.208800e-02
42 9.470440e-01 9.268000e-03 4.368800e-02
43 9.454800e-01 9.184000e-03 4.533600e-02
44 9.437720e-01 9.328000e-03 4.690000e-02
45 9.423200e-01 9.064000e-03 4.861600e-02
46 9.408160e-01 9.088000e-03 5.009600e-02
47 9.391880e-01 9.240000e-03 5.157200e-02
48 9.375800e-01 9.252000e-03 5.316800e-02
49 9.356440e-01 9.556000e-03 5.480000e-02
50 9.338880e-01 9.700000e-03 5.641200e-02
51 9.320840e-01 9.704000e-03 5.821200e-02
52 9.303480e-01 9.644000e-03 6.000800e-02
53 9.288000e-01 9.412000e-03 6.178800e-02
54 9.272040e-01 9.236000e-03 6.356000e-02
55 9.258640e-01 9.036000e-03 6.510000e-02
56 9.243440e-01 8.888000e-03 6.676800e-02
57 9.228160e-01 8.820000e-03 6.836400e-02
58 9.212240e-01 8.748000e-03 7.002800e-02
59 9.196360e-01 8.772000e-03 7.159200e-02
60 9.183200e-01 8.536000e-03 7.314400e-02
61 9.168800e-01 8.332000e-03 7.478800e-02
62 9.157240e-01 8.016000e-03 7.626000e-02
63 9.144000e-01 7.804000e-03 7.779600e-02
64 9.131280e-01 7.680000e-03 7.919200e-02
65 9.116800e-01 7.684000e-03 8.063600e-02
66 9.104640e-01 7.640000e-03 8.189600e-02
67 9.091000e-01 7.692000e-03 8.320800e-02
68 9.078320e-01 7.648000e-03 8.452000e-02
69 9.065240e-01 7.752000e-03 8.572400e-02
70 9.051440e-01 7.796000e-03 8.706000e-02
71 9.036800e-01 7.976000e-03 8.834400e-02
72 9.021880e-01 8.084000e-03 8.972800e-02
73 9.006120e-01 8.276000e-03 9.111200e-02
74 8.990680e-01 8.440000e-03 9.249200e-02
75 8.975480e-01 8.568000e-03 9.388400e-02
76 8.960800e-01 8.472000e-03 9.544800e-02
77 8.944040e-01 8.688000e-03 9.690800e-02
78 8.927400e-01 8.876000e-03 9.838400e-02
79 8.911200e-01 8.884000e-03 9.999600e-02
80 8.895200e-01 8.916000e-03 1.015640e-01
81 8.879800e-01 8.920000e-03 1.031000e-01
82 8.863920e-01 8.892000e-03 1.047160e-01
83 8.848400e-01 8.828000e-03 1.063320e-01
84 8.831880e-01 8.916000e-03 1.078960e-01
85 8.817200e-01 8.800000e-03 1.094800e-01
86 8.799880e-01 9.040000e-03 1.109720e-01
87 8.783000e-01 9.128000e-03 1.125720e-01
88 8.768040e-01 8.952000e-03 1.142440e-01
89 8.754800e-01 8.708000e-03 1.158120e-01
90 8.740200e-01 8.596000e-03 1.173840e-01
91 8.726800e-01 8.536000e-03 1.187840e-01
92 8.712800e-01 8.396000e-03 1.203240e-01
93 8.699360e-01 8.304000e-03 1.217600e-01
94 8.685040e-01 8.148000e-03 1.233480e-01
95 8.671720e-01 8.136000e-03 1.246920e-01
96 8.657440e-01 8.120000e-03 1.261360e-01
97 8.644400e-01 8.060000e-03 1.275000e-01
98 8.629240e-01 8.064000e-03 1.290120e-01
99 8.614120e-01 8.200000e-03 1.303880e-01
100 8.598360e-01 8.408000e-03 1.317560e-01
101 8.583280e-01 8.456000e-03 1.332160e-01
102 8.568600e-01 8.536000e-03 1.346040e-01
103 8.551920e-01 8.820000e-03 1.359880e-01
104 8.536760e-01 8.872000e-03 1.374520e-01
105 8.522360e-01 8.752000e-03 1.390120e-01
106 8.506680e-01 8.884000e-03 1.404480e-01
107 8.492400e-01 8.792000e-03 1.419680e-01
108 8.477320e-01 8.912000e-03 1.433560e-01
109 8.461400e-01 8.952000e-03 1.449080e-01
110 8.447280e-01 8.832000e-03 1.464400e-01
111 8.432560e-01 8.652000e-03 1.480920e-01
112 8.415840e-01 8.780000e-03 1.496360e-01
113 8.401040e-01 8.708000e-03 1.511880e-01
114 8.385840e-01 8.816000e-03 1.526000e-01
115 8.372120e-01 8.584000e-03 1.542040e-01
116 8.358240e-01 8.360000e-03 1.558160e-01
117 8.345040e-01 8.176000e-03 1.573200e-01
118 8.332120e-01 8.004000e-03 1.587840e-01
119 8.318000e-01 7.988000e-03 1.602120e-01
120 8.304040e-01 8.028000e-03 1.615680e-01
121 8.291160e-01 7.872000e-03 1.630120e-01
122 8.279480e-01 7.724000e-03 1.643280e-01
123 8.266160e-01 7.672000e-03 1.657120e-01
124 8.252760e-01 7.700000e-03 1.670240e-01
125 8.238680e-01 7.788000e-03 1.683440e-01
126 8.226000e-01 7.664000e-03 1.697360e-01
127 8.211280e-01 7.780000e-03 1.710920e-01
128 8.198960e-01 7.600000e-03 1.725040e-01
129 8.185320e-01 7.708000e-03 1.737600e-01
130 8.170840e-01 7.752000e-03 1.751640e-01
131 8.156440e-01 7.844000e-03 1.765120e-01
132 8.142120e-01 8.020000e-03 1.777680e-01
133 8.129120e-01 7.920000e-03 1.791680e-01
134 8.116760e-01 7.904000e-03 1.804200e-01
135 8.104360e-01 7.684000e-03 1.818800e-01
136 8.092360e-01 7.624000e-03 1.831400e-01
137 8.080200e-01 7.624000e-03 1.843560e-01
138 8.068920e-01 7.416000e-03 1.856920e-01
139 8.058200e-01 7.168000e-03 1.870120e-01
140 8.046480e-01 7.188000e-03 1.881640e-01
141 8.034960e-01 6.996000e-03 1.895080e-01
142 8.024840e-01 6.924000e-03 1.905920e-01
143 8.014040e-01 6.928000e-03 1.916680e-01
144 8.003200e-01 6.892000e-03 1.927880e-01
145 7.992040e-01 6.856000e-03 1.939400e-01
146 7.981800e-01 6.712000e-03 1.951080e-01
147 7.971280e-01 6.564000e-03 1.963080e-01
148 7.960800e-01 6.396000e-03 1.975240e-01
149 7.949880e-01 6.400000e-03 1.986120e-01
150 7.940400e-01 6.288000e-03 1.996720e-01
151 7.930800e-01 6.088000e-03 2.008320e-01
152 7.920120e-01 6.088000e-03 2.019000e-01
153 7.909720e-01 6.008000e-03 2.030200e-01
154 7.898800e-01 6.096000e-03 2.040240e-01
155 7.887680e-01 6.136000e-03 2.050960e-01
156 7.876920e-01 6.144000e-03 2.061640e-01
157 7.865640e-01 6.064000e-03 2.073720e-01
158 7.854640e-01 6.148000e-03 2.083880e-01
159 7.844400e-01 6.080000e-03 2.094800e-01
160 7.834240e-01 6.000000e-03 2.105760e-01
161 7.823600e-01 5.928000e-03 2.117120e-01
162 7.812680e-01 6.020000e-03 2.127120e-01
163 7.802880e-01 5.916000e-03 2.137960e-01
164 7.794240e-01 5.792000e-03 2.147840e-01
165 7.785280e-01 5.652000e-03 2.158200e-01
166 7.775760e-01 5.684000e-03 2.167400e-01
167 7.766320e-01 5.624000e-03 2.177440e-01
168 7.756680e-01 5.660000e-03 2.186720e-01
169 7.747720e-01 5.560000e-03 2.196680e-01
170 7.738640e-01 5.552000e-03 2.205840e-01
171 7.729240e-01 5.532000e-03 2.215440e-01
172 7.719520e-01 5.492000e-03 2.225560e-01
173 7.710960e-01 5.368000e-03 2.235360e-01
174 7.702080e-01 5.320000e-03 2.244720e-01
175 7.692960e-01 5.264000e-03 2.254400e-01
176 7.684120e-01 5.180000e-03 2.264080e-01
177 7.675040e-01 5.192000e-03 2.273040e-01
178 7.666640e-01 5.128000e-03 2.282080e-01
179 7.658240e-01 5.080000e-03 2.290960e-01
180 7.650040e-01 5.052000e-03 2.299440e-01
181 7.640920e-01 5.056000e-03 2.308520e-01
182 7.632360e-01 5.024000e-03 2.317400e-01
183 7.624280e-01 4.908000e-03 2.326640e-01
184 7.616400e-01 4.864000e-03 2.334960e-01
185 7.606240e-01 5.044000e-03 2.343320e-01
186 7.598000e-01 4.992000e-03 2.352080e-01
187 7.588480e-01 4.964000e-03 2.361880e-01
188 7.579400e-01 5.012000e-03 2.370480e-01
189 7.570360e-01 5.036000e-03 2.379280e-01
190 7.561360e-01 5.144000e-03 2.387200e-01
191 7.552080e-01 5.160000e-03 2.396320e-01
192 7.543160e-01 5.128000e-03 2.405560e-01
193 7.534600e-01 5.112000e-03 2.414280e-01
194 7.525680e-01 5.096000e-03 2.423360e-01
195 7.516240e-01 5.180000e-03 2.431960e-01
196 7.505760e-01 5.244000e-03 2.441800e-01
197 7.495520e-01 5.336000e-03 2.451120e-01
198 7.486360e-01 5.392000e-03 2.459720e-01
199 7.477120e-01 5.452000e-03 2.468360e-01
200 7.468440e-01 5.340000e-03 2.478160e-01
201 7.460000e-01 5.248000e-03 2.487520e-01
202 7.451120e-01 5.180000e-03 2.497080e-01
203 7.443440e-01 4.980000e-03 2.506760e-01
204 7.434840e-01 4.920000e-03 2.515960e-01
205 7.426160e-01 4.876000e-03 2.525080e-01
206 7.417560e-01 4.832000e-03 2.534120e-01
207 7.408120e-01 4.984000e-03 2.542040e-01
208 7.399800e-01 5.012000e-03 2.550080e-01
209 7.390400e-01 5.012000e-03 2.559480e-01
210 7.382680e-01 4.900000e-03 2.568320e-01
211 7.373400e-01 4.864000e-03 2.577960e-01
212 7.364160e-01 5.024000e-03 2.585600e-01
213 7.355560e-01 4.980000e-03 2.594640e-01
214 7.346880e-01 4.984000e-03 2.603280e-01
215 7.337560e-01 5.000000e-03 2.612440e-01
216 7.329120e-01 4.988000e-03 2.621000e-01
217 7.321200e-01 4.972000e-03 2.629080e-01
218 7.312880e-01 4.964000e-03 2.637480e-01
219 7.303720e-01 4.892000e-03 2.647360e-01
220 7.296000e-01 4.836000e-03 2.655640e-01
221 7.287800e-01 4.880000e-03 2.663400e-01
222 7.279480e-01 4.832000e-03 2.672200e-01
223 7.271760e-01 4.820000e-03 2.680040e-01
224 7.262960e-01 4.816000e-03 2.688880e-01
225 7.254240e-01 4.896000e-03 2.696800e-01
226 7.246480e-01 4.796000e-03 2.705560e-01
227 7.237480e-01 4.860000e-03 2.713920e-01
228 7.229840e-01 4.764000e-03 2.722520e-01
229 7.222160e-01 4.636000e-03 2.731480e-01
230 7.215080e-01 4.520000e-03 2.739720e-01
231 7.207040e-01 4.500000e-03 2.747960e-01
232 7.198360e-01 4.524000e-03 2.756400e-01
233 7.189480e-01 4.568000e-03 2.764840e-01
234 7.181600e-01 4.608000e-03 2.772320e-01
235 7.173800e-01 4.524000e-03 2.780960e-01
236 7.165800e-01 4.500000e-03 2.789200e-01
237 7.156520e-01 4.696000e-03 2.796520e-01
238 7.149080e-01 4.596000e-03 2.804960e-01
239 7.141200e-01 4.564000e-03 2.813160e-01
240 7.133480e-01 4.668000e-03 2.819840e-01
241 7.126360e-01 4.560000e-03 2.828040e-01
242 7.117880e-01 4.668000e-03 2.835440e-01
243 7.110400e-01 4.560000e-03 2.844000e-01
244 7.102920e-01 4.408000e-03 2.853000e-01
245 7.095640e-01 4.396000e-03 2.860400e-01
246 7.088520e-01 4.272000e-03 2.868760e-01
247 7.082400e-01 4.088000e-03 2.876720e-01
248 7.075480e-01 4.064000e-03 2.883880e-01
249 7.069720e-01 3.932000e-03 2.890960e-01
250 7.064400e-01 3.804000e-03 2.897560e-01
251 7.058560e-01 3.736000e-03 2.904080e-01
252 7.052720e-01 3.656000e-03 2.910720e-01
253 7.046280e-01 3.624000e-03 2.917480e-01
254 7.040480e-01 3.676000e-03 2.922760e-01
255 7.033920e-01 3.676000e-03 2.929320e-01
256 7.028760e-01 3.504000e-03 2.936200e-01
257 7.023440e-01 3.480000e-03 2.941760e-01
258 7.017800e-01 3.416000e-03 2.948040e-01
259 7.012080e-01 3.432000e-03 2.953600e-01
260 7.006000e-01 3.472000e-03 2.959280e-01
261 7.000600e-01 3.396000e-03 2.965440e-01
262 6.994800e-01 3.368000e-03 2.971520e-01
263 6.988520e-01 3.368000e-03 2.977800e-01
264 6.983960e-01 3.296000e-03 2.983080e-01
265 6.978840e-01 3.184000e-03 2.989320e-01
266 6.973600e-01 3.136000e-03 2.995040e-01
267 6.968600e-01 3.076000e-03 3.000640e-01
268 6.963160e-01 3.028000e-03 3.006560e-01
269 6.958360e-01 2.944000e-03 3.012200e-01
270 6.952440e-01 3.084000e-03 3.016720e-01
271 6.947680e-01 2.988000e-03 3.022440e-01
272 6.943000e-01 2.952000e-03 3.027480e-01
273 6.937880e-01 2.956000e-03 3.032560e-01
274 6.933240e-01 2.872000e-03 3.038040e-01
275 6.928360e-01 2.876000e-03 3.042880e-01
276 6.923040e-01 2.928000e-03 3.047680e-01
277 6.917800e-01 2.860000e-03 3.053600e-01
278 6.912800e-01 2.832000e-03 3.058880e-01
279 6.907800e-01 2.728000e-03 3.064920e-01
280 6.903320e-01 2.720000e-03 3.069480e-01
281 6.897760e-01 2.792000e-03 3.074320e-01
282 6.892400e-01 2.904000e-03 3.078560e-01
283 6.887040e-01 2.940000e-03 3.083560e-01
284 6.881520e-01 2.984000e-03 3.088640e-01
285 6.876800e-01 2.956000e-03 3.093640e-01
286 6.871160e-01 2.936000e-03 3.099480e-01
287 6.866160e-01 2.856000e-03 3.105280e-01
288 6.861920e-01 2.832000e-03 3.109760e-01
289 6.857640e-01 2.844000e-03 3.113920e-01
290 6.853000e-01 2.732000e-03 3.119680e-01
291 6.849720e-01 2.628000e-03 3.124000e-01
292 6.845400e-01 2.652000e-03 3.128080e-01
293 6.841280e-01 2.676000e-03 3.131960e-01
294 6.836760e-01 2.712000e-03 3.136120e-01
295 6.832320e-01 2.732000e-03 3.140360e-01
296 6.827720e-01 2.680000e-03 3.145480e-01
297 6.824080e-01 2.568000e-03 3.150240e-01
298 6.819840e-01 2.468000e-03 3.155480e-01
299 6.816200e-01 2.380000e-03 3.160000e-01
300 6.812480e-01 2.368000e-03 3.163840e-01
301 6.808200e-01 2.344000e-03 3.168360e-01
302 6.804160e-01 2.392000e-03 3.171920e-01
303 6.800640e-01 2.316000e-03 3.176200e-01
304 6.796920e-01 2.240000e-03 3.180680e-01
305 6.792600e-01 2.284000e-03 3.184560e-01
306 6.788440e-01 2.272000e-03 3.188840e-01
307 6.784160e-01 2.372000e-03 3.192120e-01
308 6.780720e-01 2.288000e-03 3.196400e-01
309 6.776960e-01 2.240000e-03 3.200640e-01
310 6.773240e-01 2.232000e-03 3.204440e-01
311 6.769400e-01 2.180000e-03 3.208800e-01
312 6.766040e-01 2.116000e-03 3.212800e-01
313 6.763000e-01 2.064000e-03 3.216360e-01
314 6.759920e-01 2.008000e-03 3.220000e-01
315 6.757120e-01 1.944000e-03 3.223440e-01
316 6.753400e-01 1.956000e-03 3.227040e-01
317 6.749880e-01 2.020000e-03 3.229920e-01
318 6.745880e-01 2.068000e-03 3.233440e-01
319 6.742640e-01 2.040000e-03 3.236960e-01
320 6.738800e-01 2.108000e-03 3.240120e-01
321 6.735840e-01 2.064000e-03 3.243520e-01
322 6.732920e-01 1.976000e-03 3.247320e-01
323 6.729160e-01 2.028000e-03 3.250560e-01
324 6.725400e-01 2.076000e-03 3.253840e-01
325 6.722640e-01 2.008000e-03 3.257280e-01
326 6.719280e-01 2.028000e-03 3.260440e-01
327 6.715800e-01 2.040000e-03 3.263800e-01
328 6.711920e-01 2.088000e-03 3.267200e-01
329 6.708240e-01 2.112000e-03 3.270640e-01
330 6.704200e-01 2.148000e-03 3.274320e-01
331 6.700720e-01 2.176000e-03 3.277520e-01
332 6.697560e-01 2.036000e-03 3.282080e-01
333 6.694200e-01 2.052000e-03 3.285280e-01
334 6.690520e-01 2.008000e-03 3.289400e-01
335 6.687000e-01 2.028000e-03 3.292720e-01
336 6.683360e-01 2.044000e-03 3.296200e-01
337 6.679200e-01 2.100000e-03 3.299800e-01
338 6.675200e-01 2.128000e-03 3.303520e-01
339 6.672360e-01 2.052000e-03 3.307120e-01
340 6.668320e-01 2.044000e-03 3.311240e-01
341 6.664240e-01 2.072000e-03 3.315040e-01
342 6.660560e-01 2.084000e-03 3.318600e-01
343 6.656640e-01 2.108000e-03 3.322280e-01
344 6.652760e-01 2.060000e-03 3.326640e-01
345 6.648720e-01 2.100000e-03 3.330280e-01
346 6.644400e-01 2.128000e-03 3.334320e-01
347 6.640720e-01 2.108000e-03 3.338200e-01
348 6.636720e-01 2.052000e-03 3.342760e-01
349 6.633360e-01 2.084000e-03 3.345800e-01
350 6.629880e-01 2.064000e-03 3.349480e-01
351 6.627080e-01 2.040000e-03 3.352520e-01
352 6.624120e-01 2.020000e-03 3.355680e-01
353 6.620440e-01 2.012000e-03 3.359440e-01
354 6.617000e-01 2.012000e-03 3.362880e-01
355 6.613400e-01 2.020000e-03 3.366400e-01
356 6.609760e-01 2.064000e-03 3.369600e-01
357 6.606280e-01 2.056000e-03 3.373160e-01
358 6.602720e-01 2.044000e-03 3.376840e-01
359 6.599280e-01 2.004000e-03 3.380680e-01
360 6.595200e-01 2.060000e-03 3.384200e-01
361 6.592080e-01 2.020000e-03 3.387720e-01
362 6.588280e-01 2.060000e-03 3.391120e-01
363 6.584640e-01 2.008000e-03 3.395280e-01
364 6.581120e-01 1.992000e-03 3.398960e-01
365 6.578560e-01 1.900000e-03 3.402440e-01
366 6.575440e-01 1.928000e-03 3.405280e-01
367 6.571640e-01 1.956000e-03 3.408800e-01
368 6.568240e-01 1.916000e-03 3.412600e-01
369 6.565400e-01 1.868000e-03 3.415920e-01
370 6.561720e-01 1.904000e-03 3.419240e-01
371 6.558000e-01 1.968000e-03 3.422320e-01
372 6.553680e-01 2.028000e-03 3.426040e-01
373 6.549640e-01 2.072000e-03 3.429640e-01
374 6.546200e-01 2.132000e-03 3.432480e-01
375 6.543200e-01 2.036000e-03 3.436440e-01
376 6.539520e-01 2.052000e-03 3.439960e-01
377 6.535640e-01 2.048000e-03 3.443880e-01
378 6.531880e-01 2.000000e-03 3.448120e-01
379 6.528360e-01 2.028000e-03 3.451360e-01
380 6.524680e-01 1.968000e-03 3.455640e-01
381 6.521080e-01 1.952000e-03 3.459400e-01
382 6.517480e-01 1.996000e-03 3.462560e-01
383 6.514320e-01 1.972000e-03 3.465960e-01
384 6.511640e-01 1.920000e-03 3.469160e-01
385 6.509160e-01 1.780000e-03 3.473040e-01
386 6.506400e-01 1.676000e-03 3.476840e-01
387 6.503840e-01 1.668000e-03 3.479480e-01
388 6.501680e-01 1.600000e-03 3.482320e-01
389 6.499160e-01 1.612000e-03 3.484720e-01
390 6.496280e-01 1.672000e-03 3.487000e-01
391 6.494000e-01 1.564000e-03 3.490360e-01
392 6.491320e-01 1.556000e-03 3.493120e-01
393 6.488880e-01 1.488000e-03 3.496240e-01
394 6.486120e-01 1.456000e-03 3.499320e-01
395 6.483880e-01 1.464000e-03 3.501480e-01
396 6.481160e-01 1.476000e-03 3.504080e-01
397 6.478640e-01 1.516000e-03 3.506200e-01
398 6.475520e-01 1.568000e-03 3.508800e-01
399 6.473320e-01 1.468000e-03 3.512000e-01
400 6.470880e-01 1.496000e-03 3.514160e-01
401 6.468720e-01 1.452000e-03 3.516760e-01
402 6.465880e-01 1.492000e-03 3.519200e-01
403 6.462480e-01 1.580000e-03 3.521720e-01
404 6.458760e-01 1.696000e-03 3.524280e-01
405 6.455720e-01 1.732000e-03 3.526960e-01
406 6.452960e-01 1.720000e-03 3.529840e-01
407 6.449840e-01 1.752000e-03 3.532640e-01
408 6.446640e-01 1.724000e-03 3.536120e-01
409 6.444200e-01 1.668000e-03 3.539120e-01
410 6.441440e-01 1.696000e-03 3.541600e-01
411 6.438840e-01 1.580000e-03 3.545360e-01
412 6.435880e-01 1.580000e-03 3.548320e-01
413 6.433040e-01 1.652000e-03 3.550440e-01
414 6.430400e-01 1.568000e-03 3.553920e-01
415 6.427960e-01 1.524000e-03 3.556800e-01
416 6.425960e-01 1.416000e-03 3.559880e-01
417 6.423720e-01 1.372000e-03 3.562560e-01
418 6.421920e-01 1.288000e-03 3.565200e-01
419 6.420200e-01 1.248000e-03 3.567320e-01
420 6.418560e-01 1.204000e-03 3.569400e-01
421 6.415800e-01 1.284000e-03 3.571360e-01
422 6.413520e-01 1.316000e-03 3.573320e-01
423 6.411400e-01 1.292000e-03 3.575680e-01
424 6.409680e-01 1.208000e-03 3.578240e-01
425 6.407960e-01 1.116000e-03 3.580880e-01
426 6.405560e-01 1.156000e-03 3.582880e-01
427 6.403840e-01 1.132000e-03 3.584840e-01
428 6.402520e-01 1.072000e-03 3.586760e-01
429 6.400480e-01 1.108000e-03 3.588440e-01
430 6.398720e-01 1.076000e-03 3.590520e-01
431 6.397040e-01 1.048000e-03 3.592480e-01
432 6.395600e-01 1.000000e-03 3.594400e-01
433 6.394120e-01 9.760000e-04 3.596120e-01
434 6.392360e-01 9.760000e-04 3.597880e-01
435 6.390960e-01 9.440000e-04 3.599600e-01
436 6.389640e-01 9.280000e-04 3.601080e-01
437 6.388360e-01 9.000000e-04 3.602640e-01
438 6.386840e-01 9.040000e-04 3.604120e-01
439 6.385040e-01 9.360000e-04 3.605600e-01
440 6.383680e-01 9.400000e-04 3.606920e-01
441 6.382280e-01 9.240000e-04 3.608480e-01
442 6.380040e-01 9.640000e-04 3.610320e-01
443 6.378440e-01 9.400000e-04 3.612160e-01
444 6.376440e-01 1.000000e-03 3.613560e-01
445 6.375240e-01 9.560000e-04 3.615200e-01
446 6.373960e-01 9.240000e-04 3.616800e-01
447 6.372720e-01 9.080000e-04 3.618200e-01
448 6.370920e-01 9.200000e-04 3.619880e-01
449 6.369320e-01 9.400000e-04 3.621280e-01
450 6.367680e-01 9.600000e-04 3.622720e-01
451 6.366000e-01 9.640000e-04 3.624360e-01
452 6.364680e-01 9.160000e-04 3.626160e-01
453 6.362920e-01 9.440000e-04 3.627640e-01
454 6.361600e-01 8.880000e-04 3.629520e-01
455 6.359840e-01 9.040000e-04 3.631120e-01
456 6.358560e-01 8.520000e-04 3.632920e-01
457 6.357240e-01 8.320000e-04 3.634440e-01
458 6.355760e-01 8.560000e-04 3.635680e-01
459 6.354280e-01 8.680000e-04 3.637040e-01
460 6.352280e-01 8.920000e-04 3.638800e-01
461 6.350040e-01 9.440000e-04 3.640520e-01
462 6.348600e-01 9.040000e-04 3.642360e-01
463 6.346640e-01 9.560000e-04 3.643800e-01
464 6.345160e-01 9.320000e-04 3.645520e-01
465 6.343680e-01 9.040000e-04 3.647280e-01
466 6.341920e-01 9.240000e-04 3.648840e-01
467 6.340520e-01 9.360000e-04 3.650120e-01
468 6.339080e-01 9.160000e-04 3.651760e-01
469 6.337360e-01 9.360000e-04 3.653280e-01
470 6.335880e-01 9.280000e-04 3.654840e-01
471 6.333800e-01 9.840000e-04 3.656360e-01
472 6.332000e-01 1.024000e-03 3.657760e-01
473 6.330600e-01 9.560000e-04 3.659840e-01
474 6.329160e-01 9.920000e-04 3.660920e-01
475 6.327680e-01 9.600000e-04 3.662720e-01
476 6.325960e-01 9.520000e-04 3.664520e-01
477 6.323680e-01 1.048000e-03 3.665840e-01
478 6.321840e-01 1.072000e-03 3.667440e-01
479 6.320640e-01 9.800000e-04 3.669560e-01
480 6.319280e-01 9.560000e-04 3.671160e-01
481 6.317920e-01 8.760000e-04 3.673320e-01
482 6.316600e-01 8.520000e-04 3.674880e-01
483 6.314720e-01 8.720000e-04 3.676560e-01
484 6.313720e-01 8.200000e-04 3.678080e-01
485 6.312320e-01 8.360000e-04 3.679320e-01
486 6.311080e-01 8.080000e-04 3.680840e-01
487 6.309760e-01 7.920000e-04 3.682320e-01
488 6.308760e-01 7.640000e-04 3.683600e-01
489 6.307320e-01 7.600000e-04 3.685080e-01
490 6.305640e-01 7.920000e-04 3.686440e-01
491 6.304160e-01 8.240000e-04 3.687600e-01
492 6.302960e-01 8.240000e-04 3.688800e-01
493 6.301120e-01 8.400000e-04 3.690480e-01
494 6.299800e-01 8.320000e-04 3.691880e-01
495 6.298520e-01 8.240000e-04 3.693240e-01
496 6.296200e-01 9.040000e-04 3.694760e-01
497 6.294880e-01 8.840000e-04 3.696280e-01
498 6.293520e-01 8.520000e-04 3.697960e-01
499 6.292040e-01 8.560000e-04 3.699400e-01
500 6.290960e-01 8.320000e-04 3.700720e-01
