1 9.991680e-01 7.600000e-04 7.200000e-05
2 9.985800e-01 1.208000e-03 2.120000e-04
3 9.978720e-01 1.636000e-03 4.920000e-04
4 9.971120e-01 2.104000e-03 7.840000e-04
5 9.963320e-01 2.536000e-03 1.132000e-03
6 9.953240e-01 3.004000e-03 1.672000e-03
7 9.943520e-01 3.412000e-03 2.236000e-03
8 9.933080e-01 3.836000e-03 2.856000e-03
9 9.922160e-01 4.196000e-03 3.588000e-03
10 9.911320e-01 4.540000e-03 4.328000e-03
11 9.898800e-01 5.088000e-03 5.032000e-03
12 9.884160e-01 5.624000e-03 5.960000e-03
13 9.870200e-01 5.892000e-03 7.088000e-03
14 9.857400e-01 6.204000e-03 8.056000e-03
15 9.843040e-01 6.608000e-03 9.088000e-03
16 9.830040e-01 6.728000e-03 1.026800e-02
17 9.816160e-01 6.992000e-03 1.139200e-02
18 9.802120e-01 7.272000e-03 1.251600e-02
19 9.786720e-01 7.640000e-03 1.368800e-02
20 9.769880e-01 8.044000e-03 1.496800e-02
21 9.755000e-01 8.080000e-03 1.642000e-02
22 9.740480e-01 8.160000e-03 1.779200e-02
23 9.724120e-01 8.356000e-03 1.923200e-02
24 9.708320e-01 8.528000e-03 2.064000e-02
25 9.691720e-01 8.592000e-03 2.223600e-02
26 9.675360e-01 8.748000e-03 2.371600e-02
27 9.659960e-01 8.696000e-03 2.530800e-02
28 9.642640e-01 8.904000e-03 2.683200e-02
29 9.625680e-01 8.868000e-03 2.856400e-02
30 9.607480e-01 9.208000e-03 3.004400e-02
31 9.590120e-01 9.324000e-03 3.166400e-02
32 9.572720e-01 9.428000e-03 3.330000e-02
33 9.554760e-01 9.644000e-03 3.488000e-02
34 9.535840e-01 9.876000e-03 3.654000e-02
35 9.517880e-01 9.960000e-03 3.825200e-02
36 9.499440e-01 9.992000e-03 4.006400e-02
37 9.481400e-01 1.013600e-02 4.172400e-02
38 9.463640e-01 1.016800e-02 4.346800e-02
39 9.445880e-01 1.013200e-02 4.528000e-02
40 9.428800e-01 1.001200e-02 4.710800e-02
41 9.410080e-01 1.017200e-02 4.882000e-02
42 9.393000e-01 1.014400e-02 5.055600e-02
43 9.375600e-01 9.948000e-03 5.249200e-02
44 9.358200e-01 9.976000e-03 5.420400e-02
45 9.339880e-01 1.008000e-02 5.593200e-02
46 9.320320e-01 1.042000e-02 5.754800e-02
47 9.303920e-01 1.033200e-02 5.927600e-02
48 9.286480e-01 1.019200e-02 6.116000e-02
49 9.269600e-01 1.007600e-02 6.296400e-02
50 9.253120e-01 9.816000e-03 6.487200e-02
51 9.235440e-01 9.988000e-03 6.646800e-02
52 9.216000e-01 1.014400e-02 6.825600e-02
53 9.197120e-01 1.032000e-02 6.996800e-02
54 9.180240e-01 1.015600e-02 7.182000e-02
55 9.161720e-01 1.020800e-02 7.362000e-02
56 9.144560e-01 1.017600e-02 7.536800e-02
57 9.127320e-01 1.013600e-02 7.713200e-02
58 9.108000e-01 1.030400e-02 7.889600e-02
59 9.089360e-01 1.044800e-02 8.061600e-02
60 9.071520e-01 1.035200e-02 8.249600e-02
61 9.054800e-01 1.014000e-02 8.438000e-02
62 9.036520e-01 1.013600e-02 8.621200e-02
63 9.018600e-01 1.011600e-02 8.802400e-02
64 9.002960e-01 9.876000e-03 8.982800e-02
65 8.986120e-01 9.736000e-03 9.165200e-02
66 8.965400e-01 1.010000e-02 9.336000e-02
67 8.946680e-01 1.026400e-02 9.506800e-02
68 8.928600e-01 1.042000e-02 9.672000e-02
69 8.910640e-01 1.046000e-02 9.847600e-02
70 8.893160e-01 1.039200e-02 1.002920e-01
71 8.874520e-01 1.039200e-02 1.021560e-01
72 8.855760e-01 1.040800e-02 1.040160e-01
73 8.836760e-01 1.036000e-02 1.059640e-01
74 8.819360e-01 1.021600e-02 1.078480e-01
75 8.802200e-01 1.012800e-02 1.096520e-01
76 8.784040e-01 1.011600e-02 1.114800e-01
77 8.767000e-01 9.992000e-03 1.133080e-01
78 8.750000e-01 9.844000e-03 1.151560e-01
79 8.733520e-01 9.768000e-03 1.168800e-01
80 8.716960e-01 9.872000e-03 1.184320e-01
81 8.699960e-01 9.812000e-03 1.201920e-01
82 8.682640e-01 9.756000e-03 1.219800e-01
83 8.666320e-01 9.596000e-03 1.237720e-01
84 8.651880e-01 9.356000e-03 1.254560e-01
85 8.635280e-01 9.416000e-03 1.270560e-01
86 8.619920e-01 9.364000e-03 1.286440e-01
87 8.603520e-01 9.380000e-03 1.302680e-01
88 8.587200e-01 9.476000e-03 1.318040e-01
89 8.572160e-01 9.316000e-03 1.334680e-01
90 8.557760e-01 9.224000e-03 1.350000e-01
91 8.540800e-01 9.444000e-03 1.364760e-01
92 8.524160e-01 9.580000e-03 1.380040e-01
93 8.506360e-01 9.748000e-03 1.396160e-01
94 8.488760e-01 1.003600e-02 1.410880e-01
95 8.469720e-01 1.006400e-02 1.429640e-01
96 8.451240e-01 1.016000e-02 1.447160e-01
97 8.434280e-01 1.021600e-02 1.463560e-01
98 8.417320e-01 1.008400e-02 1.481840e-01
99 8.399400e-01 1.016800e-02 1.498920e-01
100 8.379840e-01 1.026400e-02 1.517520e-01
101 8.362080e-01 1.024000e-02 1.535520e-01
102 8.342400e-01 1.049600e-02 1.552640e-01
103 8.325120e-01 1.044000e-02 1.570480e-01
104 8.306320e-01 1.047200e-02 1.588960e-01
105 8.288920e-01 1.034400e-02 1.607640e-01
106 8.271240e-01 1.024000e-02 1.626360e-01
107 8.252160e-01 1.034800e-02 1.644360e-01
108 8.233840e-01 1.025600e-02 1.663600e-01
109 8.215720e-01 1.030400e-02 1.681240e-01
110 8.195600e-01 1.051600e-02 1.699240e-01
111 8.176400e-01 1.049200e-02 1.718680e-01
112 8.157120e-01 1.052800e-02 1.737600e-01
113 8.139480e-01 1.051600e-02 1.755360e-01
114 8.120480e-01 1.052000e-02 1.774320e-01
115 8.103040e-01 1.029600e-02 1.794000e-01
116 8.085240e-01 1.025200e-02 1.812240e-01
117 8.067760e-01 1.023600e-02 1.829880e-01
118 8.050600e-01 1.014000e-02 1.848000e-01
119 8.033520e-01 1.002800e-02 1.866200e-01
120 8.015440e-01 1.008000e-02 1.883760e-01
121 7.999120e-01 9.964000e-03 1.901240e-01
122 7.980680e-01 1.012800e-02 1.918040e-01
123 7.963720e-01 1.016000e-02 1.934680e-01
124 7.946400e-01 9.920000e-03 1.954400e-01
125 7.929840e-01 9.776000e-03 1.972400e-01
126 7.912720e-01 9.864000e-03 1.988640e-01
127 7.896960e-01 9.696000e-03 2.006080e-01
128 7.878960e-01 9.884000e-03 2.022200e-01
129 7.863920e-01 9.584000e-03 2.040240e-01
130 7.848120e-01 9.556000e-03 2.056320e-01
131 7.834080e-01 9.272000e-03 2.073200e-01
132 7.820480e-01 9.172000e-03 2.087800e-01
133 7.805840e-01 9.052000e-03 2.103640e-01
134 7.790000e-01 8.988000e-03 2.120120e-01
135 7.774840e-01 9.040000e-03 2.134760e-01
136 7.760080e-01 8.872000e-03 2.151200e-01
137 7.745760e-01 8.916000e-03 2.165080e-01
138 7.729840e-01 8.748000e-03 2.182680e-01
139 7.714200e-01 8.780000e-03 2.198000e-01
140 7.699160e-01 8.720000e-03 2.213640e-01
141 7.684640e-01 8.676000e-03 2.228600e-01
142 7.670200e-01 8.612000e-03 2.243680e-01
143 7.656960e-01 8.424000e-03 2.258800e-01
144 7.642040e-01 8.412000e-03 2.273840e-01
145 7.627680e-01 8.380000e-03 2.288520e-01
146 7.614000e-01 8.416000e-03 2.301840e-01
147 7.599760e-01 8.312000e-03 2.317120e-01
148 7.584880e-01 8.276000e-03 2.332360e-01
149 7.571280e-01 8.208000e-03 2.346640e-01
150 7.557000e-01 8.160000e-03 2.361400e-01
151 7.544040e-01 7.992000e-03 2.376040e-01
152 7.531600e-01 7.864000e-03 2.389760e-01
153 7.518760e-01 7.724000e-03 2.404000e-01
154 7.505120e-01 7.704000e-03 2.417840e-01
155 7.491960e-01 7.772000e-03 2.430320e-01
156 7.476800e-01 7.896000e-03 2.444240e-01
157 7.463640e-01 7.672000e-03 2.459640e-01
158 7.451440e-01 7.648000e-03 2.472080e-01
159 7.438240e-01 7.604000e-03 2.485720e-01
160 7.425960e-01 7.524000e-03 2.498800e-01
161 7.413160e-01 7.416000e-03 2.512680e-01
162 7.400320e-01 7.456000e-03 2.525120e-01
163 7.386120e-01 7.696000e-03 2.536920e-01
164 7.373520e-01 7.588000e-03 2.550600e-01
165 7.359720e-01 7.684000e-03 2.563440e-01
166 7.346760e-01 7.672000e-03 2.576520e-01
167 7.334560e-01 7.564000e-03 2.589800e-01
168 7.321880e-01 7.504000e-03 2.603080e-01
169 7.310720e-01 7.408000e-03 2.615200e-01
170 7.299600e-01 7.140000e-03 2.629000e-01
171 7.287160e-01 7.056000e-03 2.642280e-01
172 7.274040e-01 7.020000e-03 2.655760e-01
173 7.260680e-01 7.228000e-03 2.667040e-01
174 7.247680e-01 7.152000e-03 2.680800e-01
175 7.235520e-01 7.080000e-03 2.693680e-01
176 7.222600e-01 7.140000e-03 2.706000e-01
177 7.210560e-01 7.148000e-03 2.717960e-01
178 7.197600e-01 7.184000e-03 2.730560e-01
179 7.185640e-01 7.144000e-03 2.742920e-01
180 7.174120e-01 7.164000e-03 2.754240e-01
181 7.161880e-01 7.140000e-03 2.766720e-01
182 7.150400e-01 7.100000e-03 2.778600e-01
183 7.137360e-01 7.048000e-03 2.792160e-01
184 7.125720e-01 7.024000e-03 2.804040e-01
185 7.114200e-01 6.948000e-03 2.816320e-01
186 7.101800e-01 6.888000e-03 2.829320e-01
187 7.089520e-01 6.920000e-03 2.841280e-01
188 7.078880e-01 6.848000e-03 2.852640e-01
189 7.067520e-01 6.784000e-03 2.864640e-01
190 7.055960e-01 6.760000e-03 2.876440e-01
191 7.044680e-01 6.700000e-03 2.888320e-01
192 7.033160e-01 6.624000e-03 2.900600e-01
193 7.021160e-01 6.688000e-03 2.911960e-01
194 7.009840e-01 6.780000e-03 2.922360e-01
195 6.998800e-01 6.708000e-03 2.934120e-01
196 6.988520e-01 6.596000e-03 2.945520e-01
197 6.977200e-01 6.620000e-03 2.956600e-01
198 6.964680e-01 6.772000e-03 2.967600e-01
199 6.953960e-01 6.788000e-03 2.978160e-01
200 6.942600e-01 6.752000e-03 2.989880e-01
201 6.931760e-01 6.684000e-03 3.001400e-01
202 6.920640e-01 6.744000e-03 3.011920e-01
203 6.909200e-01 6.744000e-03 3.023360e-01
204 6.898520e-01 6.696000e-03 3.034520e-01
205 6.887200e-01 6.480000e-03 3.048000e-01
206 6.876640e-01 6.404000e-03 3.059320e-01
207 6.865640e-01 6.368000e-03 3.070680e-01
208 6.854640e-01 6.376000e-03 3.081600e-01
209 6.842840e-01 6.512000e-03 3.092040e-01
210 6.832200e-01 6.400000e-03 3.103800e-01
211 6.821480e-01 6.348000e-03 3.115040e-01
212 6.811760e-01 6.164000e-03 3.126600e-01
213 6.800080e-01 6.160000e-03 3.138320e-01
214 6.790680e-01 6.092000e-03 3.148400e-01
215 6.780200e-01 6.032000e-03 3.159480e-01
216 6.769520e-01 6.076000e-03 3.169720e-01
217 6.760520e-01 5.996000e-03 3.179520e-01
218 6.751720e-01 5.916000e-03 3.189120e-01
219 6.742640e-01 5.740000e-03 3.199960e-01
220 6.734240e-01 5.548000e-03 3.210280e-01
221 6.724320e-01 5.632000e-03 3.219360e-01
222 6.715000e-01 5.544000e-03 3.229560e-01
223 6.704320e-01 5.504000e-03 3.240640e-01
224 6.695240e-01 5.524000e-03 3.249520e-01
225 6.686560e-01 5.420000e-03 3.259240e-01
226 6.677200e-01 5.516000e-03 3.267640e-01
227 6.666840e-01 5.524000e-03 3.277920e-01
228 6.656360e-01 5.640000e-03 3.287240e-01
229 6.646360e-01 5.628000e-03 3.297360e-01
230 6.637400e-01 5.472000e-03 3.307880e-01
231 6.628000e-01 5.476000e-03 3.317240e-01
232 6.618440e-01 5.508000e-03 3.326480e-01
233 6.608600e-01 5.500000e-03 3.336400e-01
234 6.599920e-01 5.492000e-03 3.345160e-01
235 6.590680e-01 5.440000e-03 3.354920e-01
236 6.581160e-01 5.528000e-03 3.363560e-01
237 6.571920e-01 5.508000e-03 3.373000e-01
238 6.562000e-01 5.524000e-03 3.382760e-01
239 6.553240e-01 5.480000e-03 3.391960e-01
240 6.544000e-01 5.488000e-03 3.401120e-01
241 6.534360e-01 5.608000e-03 3.409560e-01
242 6.525120e-01 5.532000e-03 3.419560e-01
243 6.516440e-01 5.380000e-03 3.429760e-01
244 6.508800e-01 5.256000e-03 3.438640e-01
245 6.500200e-01 5.100000e-03 3.448800e-01
246 6.492320e-01 5.008000e-03 3.457600e-01
247 6.486080e-01 4.752000e-03 3.466400e-01
248 6.478600e-01 4.628000e-03 3.475120e-01
249 6.471720e-01 4.600000e-03 3.482280e-01
250 6.465000e-01 4.472000e-03 3.490280e-01
251 6.457840e-01 4.356000e-03 3.498600e-01
252 6.450840e-01 4.288000e-03 3.506280e-01
253 6.443640e-01 4.288000e-03 3.513480e-01
254 6.437000e-01 4.168000e-03 3.521320e-01
255 6.429920e-01 4.068000e-03 3.529400e-01
256 6.423360e-01 3.972000e-03 3.536920e-01
257 6.416320e-01 3.968000e-03 3.544000e-01
258 6.409560e-01 3.992000e-03 3.550520e-01
259 6.404200e-01 3.780000e-03 3.558000e-01
260 6.397240e-01 3.796000e-03 3.564800e-01
261 6.390760e-01 3.784000e-03 3.571400e-01
262 6.383560e-01 3.832000e-03 3.578120e-01
263 6.377640e-01 3.748000e-03 3.584880e-01
264 6.371680e-01 3.752000e-03 3.590800e-01
265 6.365960e-01 3.660000e-03 3.597440e-01
266 6.359320e-01 3.716000e-03 3.603520e-01
267 6.352040e-01 3.832000e-03 3.609640e-01
268 6.347080e-01 3.612000e-03 3.616800e-01
269 6.341920e-01 3.496000e-03 3.623120e-01
270 6.336720e-01 3.352000e-03 3.629760e-01
271 6.331160e-01 3.356000e-03 3.635280e-01
272 6.325000e-01 3.428000e-03 3.640720e-01
273 6.319000e-01 3.496000e-03 3.646040e-01
274 6.313080e-01 3.460000e-03 3.652320e-01
275 6.307280e-01 3.452000e-03 3.658200e-01
276 6.301640e-01 3.384000e-03 3.664520e-01
277 6.296360e-01 3.352000e-03 3.670120e-01
278 6.291280e-01 3.224000e-03 3.676480e-01
279 6.286280e-01 3.160000e-03 3.682120e-01
280 6.281560e-01 3.096000e-03 3.687480e-01
281 6.276360e-01 3.040000e-03 3.693240e-01
282 6.272160e-01 2.908000e-03 3.698760e-01
283 6.268080e-01 2.792000e-03 3.704000e-01
284 6.263560e-01 2.768000e-03 3.708760e-01
285 6.258920e-01 2.776000e-03 3.713320e-01
286 6.254480e-01 2.728000e-03 3.718240e-01
287 6.249680e-01 2.760000e-03 3.722720e-01
288 6.245320e-01 2.672000e-03 3.727960e-01
289 6.240720e-01 2.652000e-03 3.732760e-01
290 6.234480e-01 2.772000e-03 3.737800e-01
291 6.228920e-01 2.832000e-03 3.742760e-01
292 6.224360e-01 2.824000e-03 3.747400e-01
293 6.219280e-01 2.920000e-03 3.751520e-01
294 6.214480e-01 2.888000e-03 3.756640e-01
295 6.209800e-01 2.860000e-03 3.761600e-01
296 6.205200e-01 2.796000e-03 3.766840e-01
297 6.199960e-01 2.864000e-03 3.771400e-01
298 6.195440e-01 2.888000e-03 3.775680e-01
299 6.191120e-01 2.784000e-03 3.781040e-01
300 6.187720e-01 2.688000e-03 3.785400e-01
301 6.183440e-01 2.696000e-03 3.789600e-01
302 6.179280e-01 2.596000e-03 3.794760e-01
303 6.174840e-01 2.512000e-03 3.800040e-01
304 6.171080e-01 2.476000e-03 3.804160e-01
305 6.166520e-01 2.428000e-03 3.809200e-01
306 6.162360e-01 2.412000e-03 3.813520e-01
307 6.157760e-01 2.420000e-03 3.818040e-01
308 6.153360e-01 2.404000e-03 3.822600e-01
309 6.149640e-01 2.380000e-03 3.826560e-01
310 6.144680e-01 2.484000e-03 3.830480e-01
311 6.140000e-01 2.476000e-03 3.835240e-01
312 6.135880e-01 2.456000e-03 3.839560e-01
313 6.131320e-01 2.548000e-03 3.843200e-01
314 6.126440e-01 2.536000e-03 3.848200e-01
315 6.122200e-01 2.516000e-03 3.852640e-01
316 6.117920e-01 2.516000e-03 3.856920e-01
317 6.113560e-01 2.512000e-03 3.861320e-01
318 6.108480e-01 2.544000e-03 3.866080e-01
319 6.104200e-01 2.524000e-03 3.870560e-01
320 6.099040e-01 2.528000e-03 3.875680e-01
321 6.094520e-01 2.472000e-03 3.880760e-01
322 6.090600e-01 2.476000e-03 3.884640e-01
323 6.085840e-01 2.540000e-03 3.888760e-01
324 6.081560e-01 2.472000e-03 3.893720e-01
325 6.077600e-01 2.412000e-03 3.898280e-01
326 6.073080e-01 2.468000e-03 3.902240e-01
327 6.069000e-01 2.452000e-03 3.906480e-01
328 6.065080e-01 2.392000e-03 3.911000e-01
329 6.060800e-01 2.424000e-03 3.914960e-01
330 6.057600e-01 2.392000e-03 3.918480e-01
331 6.053360e-01 2.424000e-03 3.922400e-01
332 6.050160e-01 2.320000e-03 3.926640e-01
333 6.045720e-01 2.312000e-03 3.931160e-01
334 6.042480e-01 2.320000e-03 3.934320e-01
335 6.039080e-01 2.224000e-03 3.938680e-01
336 6.035320e-01 2.292000e-03 3.941760e-01
337 6.032520e-01 2.148000e-03 3.946000e-01
338 6.029200e-01 2.048000e-03 3.950320e-01
339 6.025600e-01 2.084000e-03 3.953560e-01
340 6.022160e-01 2.064000e-03 3.957200e-01
341 6.017960e-01 2.100000e-03 3.961040e-01
342 6.014480e-01 2.088000e-03 3.964640e-01
343 6.010560e-01 2.140000e-03 3.968040e-01
344 6.006440e-01 2.184000e-03 3.971720e-01
345 6.002440e-01 2.244000e-03 3.975120e-01
346 5.998640e-01 2.272000e-03 3.978640e-01
347 5.996040e-01 2.108000e-03 3.982880e-01
348 5.992240e-01 2.144000e-03 3.986320e-01
349 5.988840e-01 2.120000e-03 3.989960e-01
350 5.985880e-01 2.020000e-03 3.993920e-01
351 5.982800e-01 1.960000e-03 3.997600e-01
352 5.980120e-01 1.908000e-03 4.000800e-01
353 5.977000e-01 1.936000e-03 4.003640e-01
354 5.973400e-01 1.936000e-03 4.007240e-01
355 5.969520e-01 1.924000e-03 4.011240e-01
356 5.966720e-01 1.828000e-03 4.015000e-01
357 5.963680e-01 1.836000e-03 4.017960e-01
358 5.960280e-01 1.860000e-03 4.021120e-01
359 5.956360e-01 1.892000e-03 4.024720e-01
360 5.952320e-01 2.016000e-03 4.027520e-01
361 5.949040e-01 2.052000e-03 4.030440e-01
362 5.945360e-01 2.116000e-03 4.033480e-01
363 5.941840e-01 2.104000e-03 4.037120e-01
364 5.938560e-01 2.104000e-03 4.040400e-01
365 5.935400e-01 2.084000e-03 4.043760e-01
366 5.932680e-01 1.988000e-03 4.047440e-01
367 5.930000e-01 1.908000e-03 4.050920e-01
368 5.926680e-01 1.912000e-03 4.054200e-01
369 5.924120e-01 1.792000e-03 4.057960e-01
370 5.921920e-01 1.732000e-03 4.060760e-01
371 5.918520e-01 1.752000e-03 4.063960e-01
372 5.916040e-01 1.744000e-03 4.066520e-01
373 5.912920e-01 1.800000e-03 4.069080e-01
374 5.909560e-01 1.824000e-03 4.072200e-01
375 5.906720e-01 1.812000e-03 4.075160e-01
376 5.903560e-01 1.864000e-03 4.077800e-01
377 5.900680e-01 1.836000e-03 4.080960e-01
378 5.897400e-01 1.824000e-03 4.084360e-01
379 5.894480e-01 1.772000e-03 4.087800e-01
380 5.891920e-01 1.756000e-03 4.090520e-01
381 5.888960e-01 1.764000e-03 4.093400e-01
382 5.885680e-01 1.812000e-03 4.096200e-01
383 5.882480e-01 1.832000e-03 4.099200e-01
384 5.879560e-01 1.832000e-03 4.102120e-01
385 5.875720e-01 1.832000e-03 4.105960e-01
386 5.872320e-01 1.836000e-03 4.109320e-01
387 5.869880e-01 1.748000e-03 4.112640e-01
388 5.867480e-01 1.712000e-03 4.115400e-01
389 5.865320e-01 1.648000e-03 4.118200e-01
390 5.863240e-01 1.572000e-03 4.121040e-01
391 5.860720e-01 1.560000e-03 4.123680e-01
392 5.858000e-01 1.620000e-03 4.125800e-01
393 5.856080e-01 1.556000e-03 4.128360e-01
394 5.853800e-01 1.540000e-03 4.130800e-01
395 5.851200e-01 1.568000e-03 4.133120e-01
396 5.849240e-01 1.468000e-03 4.136080e-01
397 5.847360e-01 1.436000e-03 4.138280e-01
398 5.845360e-01 1.400000e-03 4.140640e-01
399 5.843520e-01 1.364000e-03 4.142840e-01
400 5.841400e-01 1.284000e-03 4.145760e-01
401 5.839120e-01 1.284000e-03 4.148040e-01
402 5.836800e-01 1.300000e-03 4.150200e-01
403 5.834600e-01 1.348000e-03 4.151920e-01
404 5.833000e-01 1.272000e-03 4.154280e-01
405 5.831040e-01 1.256000e-03 4.156400e-01
406 5.829000e-01 1.252000e-03 4.158480e-01
407 5.827400e-01 1.184000e-03 4.160760e-01
408 5.825040e-01 1.236000e-03 4.162600e-01
409 5.823040e-01 1.192000e-03 4.165040e-01
410 5.821720e-01 1.108000e-03 4.167200e-01
411 5.819600e-01 1.124000e-03 4.169160e-01
412 5.818240e-01 1.076000e-03 4.171000e-01
413 5.816560e-01 9.720000e-04 4.173720e-01
414 5.815160e-01 9.680000e-04 4.175160e-01
415 5.813640e-01 9.600000e-04 4.176760e-01
416 5.812040e-01 9.480000e-04 4.178480e-01
417 5.810920e-01 9.080000e-04 4.180000e-01
418 5.810080e-01 8.120000e-04 4.181800e-01
419 5.808560e-01 8.000000e-04 4.183440e-01
420 5.807240e-01 7.920000e-04 4.184840e-01
421 5.805880e-01 8.080000e-04 4.186040e-01
422 5.804240e-01 8.200000e-04 4.187560e-01
423 5.802920e-01 7.720000e-04 4.189360e-01
424 5.801560e-01 7.760000e-04 4.190680e-01
425 5.800120e-01 8.120000e-04 4.191760e-01
426 5.798680e-01 8.280000e-04 4.193040e-01
427 5.797000e-01 8.000000e-04 4.195000e-01
428 5.795280e-01 8.240000e-04 4.196480e-01
429 5.793680e-01 8.200000e-04 4.198120e-01
430 5.791400e-01 9.040000e-04 4.199560e-01
431 5.789760e-01 9.480000e-04 4.200760e-01
432 5.788280e-01 9.720000e-04 4.202000e-01
433 5.786840e-01 9.520000e-04 4.203640e-01
434 5.785640e-01 9.400000e-04 4.204960e-01
435 5.784160e-01 9.160000e-04 4.206680e-01
436 5.783160e-01 7.960000e-04 4.208880e-01
437 5.781800e-01 8.000000e-04 4.210200e-01
438 5.780320e-01 8.200000e-04 4.211480e-01
439 5.779080e-01 7.920000e-04 4.213000e-01
440 5.777440e-01 8.080000e-04 4.214480e-01
441 5.775960e-01 8.160000e-04 4.215880e-01
442 5.774600e-01 8.120000e-04 4.217280e-01
443 5.773600e-01 7.640000e-04 4.218760e-01
444 5.772480e-01 7.360000e-04 4.220160e-01
445 5.771480e-01 6.880000e-04 4.221640e-01
446 5.770240e-01 6.640000e-04 4.223120e-01
447 5.769280e-01 6.520000e-04 4.224200e-01
448 5.768200e-01 6.200000e-04 4.225600e-01
449 5.766960e-01 6.640000e-04 4.226400e-01
450 5.765600e-01 6.640000e-04 4.227760e-01
451 5.764200e-01 6.880000e-04 4.228920e-01
452 5.762440e-01 7.600000e-04 4.229960e-01
453 5.760600e-01 8.240000e-04 4.231160e-01
454 5.758680e-01 8.720000e-04 4.232600e-01
455 5.756760e-01 9.160000e-04 4.234080e-01
456 5.754520e-01 9.920000e-04 4.235560e-01
457 5.752840e-01 9.440000e-04 4.237720e-01
458 5.751160e-01 9.160000e-04 4.239680e-01
459 5.749560e-01 9.520000e-04 4.240920e-01
460 5.747040e-01 9.720000e-04 4.243240e-01
461 5.745320e-01 9.680000e-04 4.245000e-01
462 5.743040e-01 1.004000e-03 4.246920e-01
463 5.740800e-01 1.032000e-03 4.248880e-01
464 5.738840e-01 1.076000e-03 4.250400e-01
465 5.737160e-01 1.040000e-03 4.252440e-01
466 5.735520e-01 1.044000e-03 4.254040e-01
467 5.734120e-01 9.840000e-04 4.256040e-01
468 5.732800e-01 9.920000e-04 4.257280e-01
469 5.731040e-01 1.032000e-03 4.258640e-01
470 5.729400e-01 1.004000e-03 4.260560e-01
471 5.727760e-01 9.760000e-04 4.262480e-01
472 5.726360e-01 9.360000e-04 4.264280e-01
473 5.724880e-01 9.320000e-04 4.265800e-01
474 5.722960e-01 9.800000e-04 4.267240e-01
475 5.721200e-01 9.960000e-04 4.268840e-01
476 5.718680e-01 1.076000e-03 4.270560e-01
477 5.716280e-01 1.124000e-03 4.272480e-01
478 5.714480e-01 1.064000e-03 4.274880e-01
479 5.712840e-01 1.024000e-03 4.276920e-01
480 5.711000e-01 1.040000e-03 4.278600e-01
481 5.709200e-01 1.032000e-03 4.280480e-01
482 5.707400e-01 1.032000e-03 4.282280e-01
483 5.705000e-01 1.052000e-03 4.284480e-01
484 5.703200e-01 1.004000e-03 4.286760e-01
485 5.700840e-01 1.064000e-03 4.288520e-01
486 5.698520e-01 1.132000e-03 4.290160e-01
487 5.697240e-01 1.016000e-03 4.292600e-01
488 5.695000e-01 1.020000e-03 4.294800e-01
489 5.692840e-01 1.080000e-03 4.296360e-01
490 5.691040e-01 1.096000e-03 4.298000e-01
491 5.688720e-01 1.132000e-03 4.299960e-01
492 5.686840e-01 1.140000e-03 4.301760e-01
493 5.684440e-01 1.212000e-03 4.303440e-01
494 5.682080e-01 1.200000e-03 4.305920e-01
495 5.679920e-01 1.220000e-03 4.307880e-01
496 5.677440e-01 1.256000e-03 4.310000e-01
497 5.674560e-01 1.280000e-03 4.312640e-01
498 5.672880e-01 1.208000e-03 4.315040e-01
499 5.670560e-01 1.208000e-03 4.317360e-01
500 5.668040e-01 1.252000e-03 4.319440e-01
