1 9.991880e-01 7.080000e-04 1.040000e-04
2 9.986320e-01 1.100000e-03 2.680000e-04
3 9.980480e-01 1.468000e-03 4.840000e-04
4 9.973320e-01 1.864000e-03 8.040000e-04
5 9.964600e-01 2.360000e-03 1.180000e-03
6 9.955480e-01 2.820000e-03 1.632000e-03
7 9.946960e-01 3.236000e-03 2.068000e-03
8 9.936960e-01 3.672000e-03 2.632000e-03
9 9.927440e-01 3.964000e-03 3.292000e-03
10 9.917440e-01 4.284000e-03 3.972000e-03
11 9.905920e-01 4.736000e-03 4.672000e-03
12 9.893720e-01 5.128000e-03 5.500000e-03
13 9.881760e-01 5.444000e-03 6.380000e-03
14 9.869200e-01 5.808000e-03 7.272000e-03
15 9.856680e-01 6.056000e-03 8.276000e-03
16 9.843120e-01 6.320000e-03 9.368000e-03
17 9.830400e-01 6.296000e-03 1.066400e-02
18 9.818040e-01 6.488000e-03 1.170800e-02
19 9.805760e-01 6.608000e-03 1.281600e-02
20 9.794160e-01 6.576000e-03 1.400800e-02
21 9.780440e-01 6.804000e-03 1.515200e-02
22 9.766960e-01 6.924000e-03 1.638000e-02
23 9.754760e-01 7.096000e-03 1.742800e-02
24 9.741600e-01 7.144000e-03 1.869600e-02
25 9.728200e-01 7.304000e-03 1.987600e-02
26 9.714320e-01 7.480000e-03 2.108800e-02
27 9.700120e-01 7.596000e-03 2.239200e-02
28 9.686600e-01 7.604000e-03 2.373600e-02
29 9.671560e-01 7.772000e-03 2.507200e-02
30 9.656120e-01 7.968000e-03 2.642000e-02
31 9.641080e-01 8.068000e-03 2.782400e-02
32 9.626240e-01 7.996000e-03 2.938000e-02
33 9.611920e-01 8.036000e-03 3.077200e-02
34 9.597200e-01 8.036000e-03 3.224400e-02
35 9.583560e-01 8.008000e-03 3.363600e-02
36 9.568920e-01 8.168000e-03 3.494000e-02
37 9.553080e-01 8.312000e-03 3.638000e-02
38 9.538000e-01 8.256000e-03 3.794400e-02
39 9.523160e-01 8.324000e-03 3.936000e-02
40 9.508960e-01 8.324000e-03 4.078000e-02
41 9.495680e-01 8.168000e-03 4.226400e-02
42 9.481600e-01 8.152000e-03 4.368800e-02
43 9.467840e-01 8.108000e-03 4.510800e-02
44 9.453800e-01 8.124000e-03 4.649600e-02
45 9.440160e-01 8.112000e-03 4.787200e-02
46 9.424840e-01 8.140000e-03 4.937600e-02
47 9.410480e-01 8.108000e-03 5.084400e-02
48 9.394840e-01 8.288000e-03 5.222800e-02
49 9.378840e-01 8.480000e-03 5.363600e-02
50 9.363560e-01 8.400000e-03 5.524400e-02
51 9.347560e-01 8.592000e-03 5.665200e-02
52 9.332480e-01 8.568000e-03 5.818400e-02
53 9.318480e-01 8.500000e-03 5.965200e-02
54 9.305240e-01 8.368000e-03 6.110800e-02
55 9.290640e-01 8.340000e-03 6.259600e-02
56 9.275560e-01 8.532000e-03 6.391200e-02
57 9.261160e-01 8.464000e-03 6.542000e-02
58 9.245680e-01 8.428000e-03 6.700400e-02
59 9.230080e-01 8.552000e-03 6.844000e-02
60 9.214280e-01 8.568000e-03 7.000400e-02
61 9.201560e-01 8.248000e-03 7.159600e-02
62 9.186120e-01 8.332000e-03 7.305600e-02
63 9.171280e-01 8.440000e-03 7.443200e-02
64 9.155680e-01 8.492000e-03 7.594000e-02
65 9.140920e-01 8.604000e-03 7.730400e-02
66 9.125880e-01 8.648000e-03 7.876400e-02
67 9.110880e-01 8.756000e-03 8.015600e-02
68 9.096440e-01 8.776000e-03 8.158000e-02
69 9.081400e-01 8.660000e-03 8.320000e-02
70 9.065080e-01 8.836000e-03 8.465600e-02
71 9.048840e-01 8.944000e-03 8.617200e-02
72 9.032480e-01 9.036000e-03 8.771600e-02
73 9.017440e-01 9.088000e-03 8.916800e-02
74 9.002440e-01 8.940000e-03 9.081600e-02
75 8.986680e-01 8.952000e-03 9.238000e-02
76 8.971120e-01 8.908000e-03 9.398000e-02
77 8.954000e-01 9.080000e-03 9.552000e-02
78 8.936880e-01 9.156000e-03 9.715600e-02
79 8.920320e-01 9.304000e-03 9.866400e-02
80 8.903680e-01 9.308000e-03 1.003240e-01
81 8.886880e-01 9.456000e-03 1.018560e-01
82 8.869320e-01 9.480000e-03 1.035880e-01
83 8.854080e-01 9.364000e-03 1.052280e-01
84 8.836760e-01 9.512000e-03 1.068120e-01
85 8.818400e-01 9.740000e-03 1.084200e-01
86 8.800480e-01 9.848000e-03 1.101040e-01
87 8.783360e-01 9.840000e-03 1.118240e-01
88 8.768320e-01 9.584000e-03 1.135840e-01
89 8.751200e-01 9.612000e-03 1.152680e-01
90 8.736120e-01 9.428000e-03 1.169600e-01
91 8.719600e-01 9.508000e-03 1.185320e-01
92 8.702080e-01 9.628000e-03 1.201640e-01
93 8.684720e-01 9.688000e-03 1.218400e-01
94 8.667960e-01 9.728000e-03 1.234760e-01
95 8.649400e-01 9.920000e-03 1.251400e-01
96 8.630960e-01 9.940000e-03 1.269640e-01
97 8.614120e-01 9.940000e-03 1.286480e-01
98 8.597440e-01 9.796000e-03 1.304600e-01
99 8.580320e-01 9.784000e-03 1.321840e-01
100 8.565240e-01 9.628000e-03 1.338480e-01
101 8.549000e-01 9.552000e-03 1.355480e-01
102 8.531800e-01 9.720000e-03 1.371000e-01
103 8.515880e-01 9.572000e-03 1.388400e-01
104 8.499360e-01 9.604000e-03 1.404600e-01
105 8.481800e-01 9.788000e-03 1.420320e-01
106 8.465200e-01 9.704000e-03 1.437760e-01
107 8.448920e-01 9.728000e-03 1.453800e-01
108 8.433120e-01 9.496000e-03 1.471920e-01
109 8.416880e-01 9.492000e-03 1.488200e-01
110 8.400160e-01 9.576000e-03 1.504080e-01
111 8.383800e-01 9.500000e-03 1.521200e-01
112 8.366520e-01 9.580000e-03 1.537680e-01
113 8.348760e-01 9.748000e-03 1.553760e-01
114 8.332080e-01 9.612000e-03 1.571800e-01
115 8.315960e-01 9.664000e-03 1.587400e-01
116 8.300320e-01 9.360000e-03 1.606080e-01
117 8.285120e-01 9.252000e-03 1.622360e-01
118 8.269680e-01 9.120000e-03 1.639120e-01
119 8.253160e-01 9.148000e-03 1.655360e-01
120 8.235320e-01 9.304000e-03 1.671640e-01
121 8.217720e-01 9.320000e-03 1.689080e-01
122 8.201440e-01 9.420000e-03 1.704360e-01
123 8.185680e-01 9.388000e-03 1.720440e-01
124 8.169960e-01 9.352000e-03 1.736520e-01
125 8.152800e-01 9.360000e-03 1.753600e-01
126 8.136320e-01 9.448000e-03 1.769200e-01
127 8.120520e-01 9.284000e-03 1.786640e-01
128 8.105880e-01 9.136000e-03 1.802760e-01
129 8.091360e-01 9.020000e-03 1.818440e-01
130 8.074840e-01 8.964000e-03 1.835520e-01
131 8.058040e-01 9.012000e-03 1.851840e-01
132 8.043480e-01 8.776000e-03 1.868760e-01
133 8.028120e-01 8.804000e-03 1.883840e-01
134 8.013200e-01 8.764000e-03 1.899160e-01
135 7.996600e-01 8.820000e-03 1.915200e-01
136 7.980640e-01 8.976000e-03 1.929600e-01
137 7.966560e-01 8.748000e-03 1.945960e-01
138 7.951560e-01 8.776000e-03 1.960680e-01
139 7.937120e-01 8.636000e-03 1.976520e-01
140 7.921920e-01 8.660000e-03 1.991480e-01
141 7.904760e-01 8.868000e-03 2.006560e-01
142 7.889080e-01 8.932000e-03 2.021600e-01
143 7.873760e-01 8.932000e-03 2.036920e-01
144 7.857120e-01 9.140000e-03 2.051480e-01
145 7.842440e-01 9.088000e-03 2.066680e-01
146 7.827640e-01 9.012000e-03 2.082240e-01
147 7.811920e-01 8.920000e-03 2.098880e-01
148 7.795840e-01 8.852000e-03 2.115640e-01
149 7.780680e-01 8.688000e-03 2.132440e-01
150 7.764440e-01 8.708000e-03 2.148480e-01
151 7.751680e-01 8.504000e-03 2.163280e-01
152 7.737200e-01 8.392000e-03 2.178880e-01
153 7.722280e-01 8.472000e-03 2.193000e-01
154 7.707040e-01 8.564000e-03 2.207320e-01
155 7.692440e-01 8.524000e-03 2.222320e-01
156 7.677600e-01 8.588000e-03 2.236520e-01
157 7.662520e-01 8.584000e-03 2.251640e-01
158 7.647560e-01 8.684000e-03 2.265600e-01
159 7.633560e-01 8.628000e-03 2.280160e-01
160 7.619440e-01 8.468000e-03 2.295880e-01
161 7.605760e-01 8.356000e-03 2.310680e-01
162 7.591720e-01 8.276000e-03 2.325520e-01
163 7.578040e-01 8.324000e-03 2.338720e-01
164 7.564480e-01 8.284000e-03 2.352680e-01
165 7.551560e-01 8.156000e-03 2.366880e-01
166 7.537440e-01 8.052000e-03 2.382040e-01
167 7.522880e-01 8.068000e-03 2.396440e-01
168 7.507360e-01 8.196000e-03 2.410680e-01
169 7.491880e-01 8.192000e-03 2.426200e-01
170 7.477200e-01 8.316000e-03 2.439640e-01
171 7.460600e-01 8.456000e-03 2.454840e-01
172 7.445960e-01 8.348000e-03 2.470560e-01
173 7.432120e-01 8.252000e-03 2.485360e-01
174 7.419000e-01 8.200000e-03 2.499000e-01
175 7.406280e-01 7.980000e-03 2.513920e-01
176 7.393160e-01 7.904000e-03 2.527800e-01
177 7.379640e-01 7.884000e-03 2.541520e-01
178 7.365960e-01 7.904000e-03 2.555000e-01
179 7.351760e-01 7.880000e-03 2.569440e-01
180 7.338680e-01 7.736000e-03 2.583960e-01
181 7.325600e-01 7.616000e-03 2.598240e-01
182 7.313240e-01 7.432000e-03 2.612440e-01
183 7.300000e-01 7.428000e-03 2.625720e-01
184 7.287800e-01 7.332000e-03 2.638880e-01
185 7.275400e-01 7.364000e-03 2.650960e-01
186 7.263920e-01 7.188000e-03 2.664200e-01
187 7.251640e-01 7.176000e-03 2.676600e-01
188 7.239360e-01 7.128000e-03 2.689360e-01
189 7.227960e-01 7.020000e-03 2.701840e-01
190 7.216240e-01 6.980000e-03 2.713960e-01
191 7.204440e-01 7.000000e-03 2.725560e-01
192 7.192200e-01 6.940000e-03 2.738400e-01
193 7.179840e-01 6.836000e-03 2.751800e-01
194 7.168360e-01 6.892000e-03 2.762720e-01
195 7.157200e-01 6.808000e-03 2.774720e-01
196 7.146240e-01 6.788000e-03 2.785880e-01
197 7.135560e-01 6.648000e-03 2.797960e-01
198 7.123280e-01 6.616000e-03 2.810560e-01
199 7.112920e-01 6.496000e-03 2.822120e-01
200 7.101840e-01 6.428000e-03 2.833880e-01
201 7.092400e-01 6.252000e-03 2.845080e-01
202 7.082640e-01 6.216000e-03 2.855200e-01
203 7.072720e-01 6.164000e-03 2.865640e-01
204 7.062560e-01 6.080000e-03 2.876640e-01
205 7.052480e-01 5.872000e-03 2.888800e-01
206 7.042280e-01 5.812000e-03 2.899600e-01
207 7.031720e-01 5.828000e-03 2.910000e-01
208 7.021000e-01 5.864000e-03 2.920360e-01
209 7.011840e-01 5.704000e-03 2.931120e-01
210 7.002320e-01 5.736000e-03 2.940320e-01
211 6.992040e-01 5.872000e-03 2.949240e-01
212 6.981000e-01 5.792000e-03 2.961080e-01
213 6.970920e-01 5.772000e-03 2.971360e-01
214 6.960720e-01 5.840000e-03 2.980880e-01
215 6.951160e-01 5.748000e-03 2.991360e-01
216 6.941200e-01 5.700000e-03 3.001800e-01
217 6.930400e-01 5.804000e-03 3.011560e-01
218 6.920680e-01 5.716000e-03 3.022160e-01
219 6.912000e-01 5.592000e-03 3.032080e-01
220 6.903040e-01 5.536000e-03 3.041600e-01
221 6.894440e-01 5.404000e-03 3.051520e-01
222 6.884280e-01 5.516000e-03 3.060560e-01
223 6.874760e-01 5.564000e-03 3.069600e-01
224 6.865840e-01 5.368000e-03 3.080480e-01
225 6.857840e-01 5.244000e-03 3.089720e-01
226 6.849480e-01 5.288000e-03 3.097640e-01
227 6.841440e-01 5.224000e-03 3.106320e-01
228 6.832160e-01 5.244000e-03 3.115400e-01
229 6.824080e-01 5.256000e-03 3.123360e-01
230 6.814440e-01 5.256000e-03 3.133000e-01
231 6.805320e-01 5.224000e-03 3.142440e-01
232 6.796440e-01 5.160000e-03 3.151960e-01
233 6.786520e-01 5.272000e-03 3.160760e-01
234 6.777600e-01 5.220000e-03 3.170200e-01
235 6.767200e-01 5.344000e-03 3.179360e-01
236 6.757640e-01 5.332000e-03 3.189040e-01
237 6.749160e-01 5.188000e-03 3.198960e-01
238 6.740840e-01 5.080000e-03 3.208360e-01
239 6.731440e-01 5.120000e-03 3.217360e-01
240 6.723200e-01 4.964000e-03 3.227160e-01
241 6.715560e-01 4.940000e-03 3.235040e-01
242 6.707280e-01 4.972000e-03 3.243000e-01
243 6.698920e-01 4.944000e-03 3.251640e-01
244 6.691440e-01 4.784000e-03 3.260720e-01
245 6.683400e-01 4.724000e-03 3.269360e-01
246 6.675600e-01 4.516000e-03 3.279240e-01
247 6.668880e-01 4.456000e-03 3.286560e-01
248 6.660200e-01 4.588000e-03 3.293920e-01
249 6.653080e-01 4.572000e-03 3.301200e-01
250 6.645160e-01 4.592000e-03 3.308920e-01
251 6.637440e-01 4.540000e-03 3.317160e-01
252 6.630600e-01 4.516000e-03 3.324240e-01
253 6.625000e-01 4.256000e-03 3.332440e-01
254 6.618400e-01 4.096000e-03 3.340640e-01
255 6.612200e-01 3.984000e-03 3.347960e-01
256 6.606400e-01 3.852000e-03 3.355080e-01
257 6.600960e-01 3.740000e-03 3.361640e-01
258 6.595360e-01 3.596000e-03 3.368680e-01
259 6.590240e-01 3.540000e-03 3.374360e-01
260 6.585160e-01 3.412000e-03 3.380720e-01
261 6.579400e-01 3.400000e-03 3.386600e-01
262 6.574120e-01 3.268000e-03 3.393200e-01
263 6.568280e-01 3.312000e-03 3.398600e-01
264 6.562520e-01 3.292000e-03 3.404560e-01
265 6.557600e-01 3.276000e-03 3.409640e-01
266 6.551840e-01 3.352000e-03 3.414640e-01
267 6.545880e-01 3.328000e-03 3.420840e-01
268 6.540040e-01 3.312000e-03 3.426840e-01
269 6.534760e-01 3.236000e-03 3.432880e-01
270 6.529080e-01 3.184000e-03 3.439080e-01
271 6.524080e-01 3.164000e-03 3.444280e-01
272 6.518480e-01 3.060000e-03 3.450920e-01
273 6.513360e-01 3.072000e-03 3.455920e-01
274 6.508200e-01 3.068000e-03 3.461120e-01
275 6.502720e-01 3.068000e-03 3.466600e-01
276 6.496800e-01 3.136000e-03 3.471840e-01
277 6.491640e-01 3.156000e-03 3.476800e-01
278 6.485360e-01 3.220000e-03 3.482440e-01
279 6.479240e-01 3.352000e-03 3.487240e-01
280 6.473840e-01 3.336000e-03 3.492800e-01
281 6.468040e-01 3.428000e-03 3.497680e-01
282 6.463360e-01 3.220000e-03 3.504440e-01
283 6.458800e-01 3.088000e-03 3.510320e-01
284 6.454160e-01 3.008000e-03 3.515760e-01
285 6.449480e-01 2.940000e-03 3.521120e-01
286 6.444280e-01 2.976000e-03 3.525960e-01
287 6.439600e-01 2.920000e-03 3.531200e-01
288 6.434760e-01 2.924000e-03 3.536000e-01
289 6.430680e-01 2.800000e-03 3.541320e-01
290 6.426520e-01 2.736000e-03 3.546120e-01
291 6.421160e-01 2.764000e-03 3.551200e-01
292 6.416680e-01 2.724000e-03 3.556080e-01
293 6.411080e-01 2.780000e-03 3.561120e-01
294 6.405600e-01 2.924000e-03 3.565160e-01
295 6.399880e-01 2.980000e-03 3.570320e-01
296 6.395760e-01 2.920000e-03 3.575040e-01
297 6.391040e-01 2.852000e-03 3.580440e-01
298 6.386400e-01 2.780000e-03 3.585800e-01
299 6.381520e-01 2.800000e-03 3.590480e-01
300 6.377720e-01 2.724000e-03 3.595040e-01
301 6.372840e-01 2.696000e-03 3.600200e-01
302 6.368160e-01 2.692000e-03 3.604920e-01
303 6.363880e-01 2.676000e-03 3.609360e-01
304 6.359440e-01 2.672000e-03 3.613840e-01
305 6.355680e-01 2.596000e-03 3.618360e-01
306 6.351880e-01 2.504000e-03 3.623080e-01
307 6.348680e-01 2.408000e-03 3.627240e-01
308 6.345080e-01 2.404000e-03 3.630880e-01
309 6.340960e-01 2.420000e-03 3.634840e-01
310 6.337000e-01 2.380000e-03 3.639200e-01
311 6.333800e-01 2.320000e-03 3.643000e-01
312 6.330040e-01 2.252000e-03 3.647440e-01
313 6.326000e-01 2.280000e-03 3.651200e-01
314 6.322880e-01 2.232000e-03 3.654800e-01
315 6.319120e-01 2.256000e-03 3.658320e-01
316 6.315760e-01 2.212000e-03 3.662120e-01
317 6.312480e-01 2.216000e-03 3.665360e-01
318 6.308960e-01 2.176000e-03 3.669280e-01
319 6.306240e-01 2.012000e-03 3.673640e-01
320 6.303600e-01 1.928000e-03 3.677120e-01
321 6.300480e-01 1.868000e-03 3.680840e-01
322 6.296560e-01 1.880000e-03 3.684640e-01
323 6.293200e-01 1.916000e-03 3.687640e-01
324 6.290280e-01 1.832000e-03 3.691400e-01
325 6.287240e-01 1.772000e-03 3.695040e-01
326 6.284520e-01 1.780000e-03 3.697680e-01
327 6.281120e-01 1.836000e-03 3.700520e-01
328 6.278360e-01 1.796000e-03 3.703680e-01
329 6.275040e-01 1.816000e-03 3.706800e-01
330 6.272120e-01 1.764000e-03 3.710240e-01
331 6.269160e-01 1.712000e-03 3.713720e-01
332 6.266360e-01 1.764000e-03 3.716000e-01
333 6.263680e-01 1.708000e-03 3.719240e-01
334 6.261400e-01 1.616000e-03 3.722440e-01
335 6.258120e-01 1.704000e-03 3.724840e-01
336 6.254840e-01 1.784000e-03 3.727320e-01
337 6.251640e-01 1.760000e-03 3.730760e-01
338 6.248800e-01 1.720000e-03 3.734000e-01
339 6.245800e-01 1.716000e-03 3.737040e-01
340 6.242480e-01 1.764000e-03 3.739880e-01
341 6.239320e-01 1.812000e-03 3.742560e-01
342 6.235520e-01 1.884000e-03 3.745640e-01
343 6.232160e-01 1.876000e-03 3.749080e-01
344 6.229320e-01 1.804000e-03 3.752640e-01
345 6.226640e-01 1.796000e-03 3.755400e-01
346 6.223600e-01 1.772000e-03 3.758680e-01
347 6.220360e-01 1.724000e-03 3.762400e-01
348 6.218400e-01 1.584000e-03 3.765760e-01
349 6.215640e-01 1.548000e-03 3.768880e-01
350 6.212840e-01 1.560000e-03 3.771560e-01
351 6.210040e-01 1.616000e-03 3.773800e-01
352 6.207520e-01 1.584000e-03 3.776640e-01
353 6.204480e-01 1.532000e-03 3.780200e-01
354 6.202040e-01 1.552000e-03 3.782440e-01
355 6.199560e-01 1.520000e-03 3.785240e-01
356 6.196640e-01 1.572000e-03 3.787640e-01
357 6.194280e-01 1.488000e-03 3.790840e-01
358 6.191760e-01 1.496000e-03 3.793280e-01
359 6.188760e-01 1.560000e-03 3.795640e-01
360 6.186280e-01 1.496000e-03 3.798760e-01
361 6.183760e-01 1.520000e-03 3.801040e-01
362 6.181520e-01 1.456000e-03 3.803920e-01
363 6.179240e-01 1.416000e-03 3.806600e-01
364 6.176880e-01 1.420000e-03 3.808920e-01
365 6.174480e-01 1.432000e-03 3.811200e-01
366 6.171760e-01 1.432000e-03 3.813920e-01
367 6.168960e-01 1.452000e-03 3.816520e-01
368 6.166240e-01 1.496000e-03 3.818800e-01
369 6.163040e-01 1.556000e-03 3.821400e-01
370 6.159520e-01 1.624000e-03 3.824240e-01
371 6.156920e-01 1.600000e-03 3.827080e-01
372 6.153920e-01 1.632000e-03 3.829760e-01
373 6.151240e-01 1.588000e-03 3.832880e-01
374 6.149440e-01 1.504000e-03 3.835520e-01
375 6.147800e-01 1.432000e-03 3.837880e-01
376 6.145840e-01 1.364000e-03 3.840520e-01
377 6.143960e-01 1.256000e-03 3.843480e-01
378 6.142120e-01 1.220000e-03 3.845680e-01
379 6.140160e-01 1.176000e-03 3.848080e-01
380 6.138560e-01 1.172000e-03 3.849720e-01
381 6.137400e-01 1.080000e-03 3.851800e-01
382 6.135800e-01 1.100000e-03 3.853200e-01
383 6.134080e-01 1.080000e-03 3.855120e-01
384 6.131880e-01 1.120000e-03 3.856920e-01
385 6.130120e-01 1.168000e-03 3.858200e-01
386 6.128080e-01 1.192000e-03 3.860000e-01
387 6.126720e-01 1.128000e-03 3.862000e-01
388 6.125120e-01 1.048000e-03 3.864400e-01
389 6.123840e-01 1.000000e-03 3.866160e-01
390 6.121760e-01 9.960000e-04 3.868280e-01
391 6.120280e-01 9.720000e-04 3.870000e-01
392 6.118480e-01 9.400000e-04 3.872120e-01
393 6.117320e-01 8.760000e-04 3.873920e-01
394 6.116160e-01 8.320000e-04 3.875520e-01
395 6.115200e-01 8.200000e-04 3.876600e-01
396 6.113880e-01 7.720000e-04 3.878400e-01
397 6.112960e-01 7.160000e-04 3.879880e-01
398 6.111880e-01 6.840000e-04 3.881280e-01
399 6.110520e-01 6.920000e-04 3.882560e-01
400 6.109560e-01 6.360000e-04 3.884080e-01
401 6.108160e-01 6.640000e-04 3.885200e-01
402 6.107080e-01 6.120000e-04 3.886800e-01
403 6.106360e-01 5.760000e-04 3.887880e-01
404 6.105120e-01 5.880000e-04 3.889000e-01
405 6.104280e-01 5.600000e-04 3.890120e-01
406 6.103160e-01 5.800000e-04 3.891040e-01
407 6.101960e-01 6.240000e-04 3.891800e-01
408 6.100720e-01 6.480000e-04 3.892800e-01
409 6.099640e-01 6.680000e-04 3.893680e-01
410 6.098520e-01 6.800000e-04 3.894680e-01
411 6.097120e-01 6.720000e-04 3.896160e-01
412 6.096080e-01 6.520000e-04 3.897400e-01
413 6.094640e-01 6.760000e-04 3.898600e-01
414 6.093320e-01 7.040000e-04 3.899640e-01
415 6.091720e-01 7.400000e-04 3.900880e-01
416 6.090400e-01 7.640000e-04 3.901960e-01
417 6.088800e-01 8.000000e-04 3.903200e-01
418 6.086800e-01 8.520000e-04 3.904680e-01
419 6.085080e-01 8.680000e-04 3.906240e-01
420 6.083440e-01 8.680000e-04 3.907880e-01
421 6.081040e-01 9.160000e-04 3.909800e-01
422 6.079200e-01 9.520000e-04 3.911280e-01
423 6.077600e-01 9.560000e-04 3.912840e-01
424 6.075880e-01 9.480000e-04 3.914640e-01
425 6.073760e-01 1.000000e-03 3.916240e-01
426 6.071880e-01 1.000000e-03 3.918120e-01
427 6.069800e-01 1.028000e-03 3.919920e-01
428 6.067800e-01 1.036000e-03 3.921840e-01
429 6.065600e-01 1.064000e-03 3.923760e-01
430 6.063440e-01 1.112000e-03 3.925440e-01
431 6.061560e-01 1.072000e-03 3.927720e-01
432 6.060040e-01 1.048000e-03 3.929480e-01
433 6.058160e-01 1.016000e-03 3.931680e-01
434 6.056160e-01 1.048000e-03 3.933360e-01
435 6.054160e-01 1.060000e-03 3.935240e-01
436 6.052080e-01 1.064000e-03 3.937280e-01
437 6.050520e-01 1.060000e-03 3.938880e-01
438 6.048680e-01 1.040000e-03 3.940920e-01
439 6.046800e-01 1.056000e-03 3.942640e-01
440 6.045320e-01 1.032000e-03 3.944360e-01
441 6.043720e-01 1.052000e-03 3.945760e-01
442 6.041960e-01 1.024000e-03 3.947800e-01
443 6.040120e-01 1.012000e-03 3.949760e-01
444 6.038560e-01 9.760000e-04 3.951680e-01
445 6.036600e-01 1.036000e-03 3.953040e-01
446 6.035320e-01 9.680000e-04 3.955000e-01
447 6.033400e-01 9.640000e-04 3.956960e-01
448 6.031680e-01 9.600000e-04 3.958720e-01
449 6.029440e-01 1.008000e-03 3.960480e-01
450 6.027600e-01 1.008000e-03 3.962320e-01
451 6.026200e-01 9.400000e-04 3.964400e-01
452 6.024600e-01 9.520000e-04 3.965880e-01
453 6.023120e-01 9.880000e-04 3.967000e-01
454 6.020480e-01 1.060000e-03 3.968920e-01
455 6.018880e-01 1.012000e-03 3.971000e-01
456 6.016960e-01 1.028000e-03 3.972760e-01
457 6.015160e-01 1.032000e-03 3.974520e-01
458 6.013000e-01 1.108000e-03 3.975920e-01
459 6.011240e-01 1.092000e-03 3.977840e-01
460 6.009800e-01 1.072000e-03 3.979480e-01
461 6.008440e-01 1.024000e-03 3.981320e-01
462 6.006600e-01 1.012000e-03 3.983280e-01
463 6.005360e-01 1.004000e-03 3.984600e-01
464 6.003880e-01 1.012000e-03 3.986000e-01
465 6.002080e-01 9.960000e-04 3.987960e-01
466 6.000360e-01 9.920000e-04 3.989720e-01
467 5.998880e-01 9.360000e-04 3.991760e-01
468 5.997360e-01 9.520000e-04 3.993120e-01
469 5.995400e-01 9.720000e-04 3.994880e-01
470 5.994240e-01 9.240000e-04 3.996520e-01
471 5.992480e-01 9.440000e-04 3.998080e-01
472 5.991320e-01 9.240000e-04 3.999440e-01
473 5.989600e-01 9.440000e-04 4.000960e-01
474 5.988360e-01 8.960000e-04 4.002680e-01
475 5.986840e-01 8.800000e-04 4.004360e-01
476 5.985920e-01 8.040000e-04 4.006040e-01
477 5.984880e-01 7.720000e-04 4.007400e-01
478 5.983440e-01 7.800000e-04 4.008760e-01
479 5.982120e-01 7.640000e-04 4.010240e-01
480 5.980280e-01 8.160000e-04 4.011560e-01
481 5.978960e-01 7.960000e-04 4.013080e-01
482 5.978440e-01 6.880000e-04 4.014680e-01
483 5.977440e-01 6.320000e-04 4.016240e-01
484 5.976600e-01 6.400000e-04 4.017000e-01
485 5.975560e-01 6.320000e-04 4.018120e-01
486 5.974480e-01 6.080000e-04 4.019440e-01
487 5.973280e-01 6.120000e-04 4.020600e-01
488 5.972040e-01 6.200000e-04 4.021760e-01
489 5.970880e-01 5.920000e-04 4.023200e-01
490 5.969920e-01 6.040000e-04 4.024040e-01
491 5.969240e-01 5.680000e-04 4.025080e-01
492 5.968160e-01 5.640000e-04 4.026200e-01
493 5.967120e-01 5.880000e-04 4.027000e-01
494 5.966080e-01 6.200000e-04 4.027720e-01
495 5.964600e-01 6.720000e-04 4.028680e-01
496 5.963000e-01 7.200000e-04 4.029800e-01
497 5.962040e-01 6.920000e-04 4.031040e-01
498 5.960840e-01 6.880000e-04 4.032280e-01
499 5.959440e-01 7.320000e-04 4.033240e-01
500 5.958040e-01 7.560000e-04 4.034400e-01
