1 9.992360e-01 6.840000e-04 8.000000e-05
2 9.987760e-01 1.036000e-03 1.880000e-04
3 9.980800e-01 1.460000e-03 4.600000e-04
4 9.973160e-01 1.888000e-03 7.960000e-04
5 9.965320e-01 2.268000e-03 1.200000e-03
6 9.956400e-01 2.836000e-03 1.524000e-03
7 9.947040e-01 3.236000e-03 2.060000e-03
8 9.936080e-01 3.780000e-03 2.612000e-03
9 9.924080e-01 4.304000e-03 3.288000e-03
10 9.912120e-01 4.784000e-03 4.004000e-03
11 9.899840e-01 5.180000e-03 4.836000e-03
12 9.887680e-01 5.460000e-03 5.772000e-03
13 9.874440e-01 5.784000e-03 6.772000e-03
14 9.861040e-01 6.104000e-03 7.792000e-03
15 9.846840e-01 6.496000e-03 8.820000e-03
16 9.831800e-01 6.860000e-03 9.960000e-03
17 9.816960e-01 7.124000e-03 1.118000e-02
18 9.800080e-01 7.480000e-03 1.251200e-02
19 9.785840e-01 7.516000e-03 1.390000e-02
20 9.770280e-01 7.760000e-03 1.521200e-02
21 9.753560e-01 8.104000e-03 1.654000e-02
22 9.736880e-01 8.136000e-03 1.817600e-02
23 9.719680e-01 8.364000e-03 1.966800e-02
24 9.702920e-01 8.640000e-03 2.106800e-02
25 9.686560e-01 8.816000e-03 2.252800e-02
26 9.670520e-01 8.788000e-03 2.416000e-02
27 9.653640e-01 8.928000e-03 2.570800e-02
28 9.637280e-01 9.004000e-03 2.726800e-02
29 9.621680e-01 8.948000e-03 2.888400e-02
30 9.604640e-01 9.096000e-03 3.044000e-02
31 9.586840e-01 9.432000e-03 3.188400e-02
32 9.569560e-01 9.600000e-03 3.344400e-02
33 9.553680e-01 9.620000e-03 3.501200e-02
34 9.536240e-01 9.756000e-03 3.662000e-02
35 9.517760e-01 9.928000e-03 3.829600e-02
36 9.501120e-01 9.880000e-03 4.000800e-02
37 9.483280e-01 1.003600e-02 4.163600e-02
38 9.465520e-01 9.988000e-03 4.346000e-02
39 9.446120e-01 1.018000e-02 4.520800e-02
40 9.429400e-01 1.020000e-02 4.686000e-02
41 9.410040e-01 1.048800e-02 4.850800e-02
42 9.389200e-01 1.080000e-02 5.028000e-02
43 9.370080e-01 1.080000e-02 5.219200e-02
44 9.350520e-01 1.094400e-02 5.400400e-02
45 9.330240e-01 1.092000e-02 5.605600e-02
46 9.312120e-01 1.076400e-02 5.802400e-02
47 9.293400e-01 1.085200e-02 5.980800e-02
48 9.274040e-01 1.101600e-02 6.158000e-02
49 9.256000e-01 1.080000e-02 6.360000e-02
50 9.238160e-01 1.049200e-02 6.569200e-02
51 9.220480e-01 1.046800e-02 6.748400e-02
52 9.203080e-01 1.038400e-02 6.930800e-02
53 9.183520e-01 1.048800e-02 7.116000e-02
54 9.167360e-01 1.021200e-02 7.305200e-02
55 9.148760e-01 1.025200e-02 7.487200e-02
56 9.130960e-01 1.010400e-02 7.680000e-02
57 9.113280e-01 1.022400e-02 7.844800e-02
58 9.095160e-01 1.025200e-02 8.023200e-02
59 9.076160e-01 1.030000e-02 8.208400e-02
60 9.058880e-01 1.034000e-02 8.377200e-02
61 9.039080e-01 1.056000e-02 8.553200e-02
62 9.022320e-01 1.047200e-02 8.729600e-02
63 9.003800e-01 1.050000e-02 8.912000e-02
64 8.985400e-01 1.030400e-02 9.115600e-02
65 8.966760e-01 1.024000e-02 9.308400e-02
66 8.949840e-01 1.012000e-02 9.489600e-02
67 8.931480e-01 1.034400e-02 9.650800e-02
68 8.913080e-01 1.031200e-02 9.838000e-02
69 8.893600e-01 1.040000e-02 1.002400e-01
70 8.875360e-01 1.044400e-02 1.020200e-01
71 8.858120e-01 1.028000e-02 1.039080e-01
72 8.840720e-01 1.028000e-02 1.056480e-01
73 8.822680e-01 1.032800e-02 1.074040e-01
74 8.804000e-01 1.027200e-02 1.093280e-01
75 8.786680e-01 1.034000e-02 1.109920e-01
76 8.769960e-01 1.032800e-02 1.126760e-01
77 8.752760e-01 1.024000e-02 1.144840e-01
78 8.734320e-01 1.029200e-02 1.162760e-01
79 8.716000e-01 1.026000e-02 1.181400e-01
80 8.696640e-01 1.048400e-02 1.198520e-01
81 8.679160e-01 1.048800e-02 1.215960e-01
82 8.660000e-01 1.053200e-02 1.234680e-01
83 8.641880e-01 1.058800e-02 1.252240e-01
84 8.623480e-01 1.062400e-02 1.270280e-01
85 8.604720e-01 1.073200e-02 1.287960e-01
86 8.584920e-01 1.088400e-02 1.306240e-01
87 8.564920e-01 1.092000e-02 1.325880e-01
88 8.545440e-01 1.089200e-02 1.345640e-01
89 8.528200e-01 1.080800e-02 1.363720e-01
90 8.510040e-01 1.076400e-02 1.382320e-01
91 8.491440e-01 1.071600e-02 1.401400e-01
92 8.473720e-01 1.072800e-02 1.419000e-01
93 8.455800e-01 1.065200e-02 1.437680e-01
94 8.438960e-01 1.050800e-02 1.455960e-01
95 8.421800e-01 1.049200e-02 1.473280e-01
96 8.404520e-01 1.031200e-02 1.492360e-01
97 8.387400e-01 1.007600e-02 1.511840e-01
98 8.370680e-01 1.010400e-02 1.528280e-01
99 8.353200e-01 9.992000e-03 1.546880e-01
100 8.336240e-01 9.892000e-03 1.564840e-01
101 8.318600e-01 9.876000e-03 1.582640e-01
102 8.301840e-01 9.920000e-03 1.598960e-01
103 8.285320e-01 9.776000e-03 1.616920e-01
104 8.267160e-01 9.884000e-03 1.634000e-01
105 8.247080e-01 1.004800e-02 1.652440e-01
106 8.227600e-01 1.013200e-02 1.671080e-01
107 8.211120e-01 1.008800e-02 1.688000e-01
108 8.192360e-01 1.032800e-02 1.704360e-01
109 8.174840e-01 1.027200e-02 1.722440e-01
110 8.156360e-01 1.023600e-02 1.741280e-01
111 8.139920e-01 9.972000e-03 1.760360e-01
112 8.122720e-01 9.840000e-03 1.778880e-01
113 8.104560e-01 9.988000e-03 1.795560e-01
114 8.086240e-01 1.009600e-02 1.812800e-01
115 8.067120e-01 1.019200e-02 1.830960e-01
116 8.047440e-01 1.030800e-02 1.849480e-01
117 8.030200e-01 1.021200e-02 1.867680e-01
118 8.009640e-01 1.052000e-02 1.885160e-01
119 7.992040e-01 1.045200e-02 1.903440e-01
120 7.972560e-01 1.058000e-02 1.921640e-01
121 7.951640e-01 1.064400e-02 1.941920e-01
122 7.931000e-01 1.087200e-02 1.960280e-01
123 7.912440e-01 1.078400e-02 1.979720e-01
124 7.893360e-01 1.068800e-02 1.999760e-01
125 7.872440e-01 1.096000e-02 2.017960e-01
126 7.855280e-01 1.069200e-02 2.037800e-01
127 7.838560e-01 1.043200e-02 2.057120e-01
128 7.820480e-01 1.045200e-02 2.075000e-01
129 7.803240e-01 1.033600e-02 2.093400e-01
130 7.788080e-01 1.002800e-02 2.111640e-01
131 7.771480e-01 9.960000e-03 2.128920e-01
132 7.755840e-01 9.940000e-03 2.144760e-01
133 7.739320e-01 9.764000e-03 2.163040e-01
134 7.723840e-01 9.676000e-03 2.179400e-01
135 7.707920e-01 9.572000e-03 2.196360e-01
136 7.691560e-01 9.476000e-03 2.213680e-01
137 7.673960e-01 9.468000e-03 2.231360e-01
138 7.658640e-01 9.412000e-03 2.247240e-01
139 7.640880e-01 9.652000e-03 2.262600e-01
140 7.623160e-01 9.696000e-03 2.279880e-01
141 7.607160e-01 9.532000e-03 2.297520e-01
142 7.591200e-01 9.580000e-03 2.313000e-01
143 7.573200e-01 9.668000e-03 2.330120e-01
144 7.554720e-01 9.804000e-03 2.347240e-01
145 7.537080e-01 9.960000e-03 2.363320e-01
146 7.518920e-01 1.008400e-02 2.380240e-01
147 7.501320e-01 1.012800e-02 2.397400e-01
148 7.482760e-01 1.017200e-02 2.415520e-01
149 7.462960e-01 1.032400e-02 2.433800e-01
150 7.445360e-01 1.040000e-02 2.450640e-01
151 7.426160e-01 1.048800e-02 2.468960e-01
152 7.406440e-01 1.056800e-02 2.487880e-01
153 7.388880e-01 1.043600e-02 2.506760e-01
154 7.371280e-01 1.050400e-02 2.523680e-01
155 7.354520e-01 1.035200e-02 2.541960e-01
156 7.337640e-01 1.020000e-02 2.560360e-01
157 7.320200e-01 1.009200e-02 2.578880e-01
158 7.303760e-01 9.956000e-03 2.596680e-01
159 7.285400e-01 1.016000e-02 2.613000e-01
160 7.267760e-01 1.021200e-02 2.630120e-01
161 7.251400e-01 1.003600e-02 2.648240e-01
162 7.236440e-01 9.764000e-03 2.665920e-01
163 7.222160e-01 9.456000e-03 2.683280e-01
164 7.208720e-01 9.144000e-03 2.699840e-01
165 7.193880e-01 8.968000e-03 2.716440e-01
166 7.179120e-01 8.856000e-03 2.732320e-01
167 7.164920e-01 8.784000e-03 2.747240e-01
168 7.148560e-01 8.824000e-03 2.763200e-01
169 7.133960e-01 8.824000e-03 2.777800e-01
170 7.120200e-01 8.676000e-03 2.793040e-01
171 7.107000e-01 8.436000e-03 2.808640e-01
172 7.092040e-01 8.528000e-03 2.822680e-01
173 7.077680e-01 8.412000e-03 2.838200e-01
174 7.062680e-01 8.412000e-03 2.853200e-01
175 7.048880e-01 8.380000e-03 2.867320e-01
176 7.034280e-01 8.300000e-03 2.882720e-01
177 7.020800e-01 8.176000e-03 2.897440e-01
178 7.005960e-01 8.220000e-03 2.911840e-01
179 6.991080e-01 8.308000e-03 2.925840e-01
180 6.975960e-01 8.356000e-03 2.940480e-01
181 6.962640e-01 8.144000e-03 2.955920e-01
182 6.948920e-01 8.004000e-03 2.971040e-01
183 6.935080e-01 7.908000e-03 2.985840e-01
184 6.921440e-01 7.916000e-03 2.999400e-01
185 6.908400e-01 7.856000e-03 3.013040e-01
186 6.896680e-01 7.636000e-03 3.026960e-01
187 6.884960e-01 7.476000e-03 3.040280e-01
188 6.872000e-01 7.492000e-03 3.053080e-01
189 6.860600e-01 7.360000e-03 3.065800e-01
190 6.848240e-01 7.364000e-03 3.078120e-01
191 6.836920e-01 7.160000e-03 3.091480e-01
192 6.825720e-01 7.036000e-03 3.103920e-01
193 6.814760e-01 6.892000e-03 3.116320e-01
194 6.803800e-01 6.824000e-03 3.127960e-01
195 6.792840e-01 6.748000e-03 3.139680e-01
196 6.783840e-01 6.440000e-03 3.151760e-01
197 6.773920e-01 6.360000e-03 3.162480e-01
198 6.762560e-01 6.348000e-03 3.173960e-01
199 6.750480e-01 6.364000e-03 3.185880e-01
200 6.740320e-01 6.136000e-03 3.198320e-01
201 6.730160e-01 5.984000e-03 3.210000e-01
202 6.717840e-01 6.152000e-03 3.220640e-01
203 6.705920e-01 6.296000e-03 3.231120e-01
204 6.694760e-01 6.376000e-03 3.241480e-01
205 6.684120e-01 6.288000e-03 3.253000e-01
206 6.673080e-01 6.320000e-03 3.263720e-01
207 6.662600e-01 6.260000e-03 3.274800e-01
208 6.652760e-01 6.204000e-03 3.285200e-01
209 6.640680e-01 6.312000e-03 3.296200e-01
210 6.630440e-01 6.196000e-03 3.307600e-01
211 6.620480e-01 6.120000e-03 3.318320e-01
212 6.609600e-01 6.056000e-03 3.329840e-01
213 6.598760e-01 6.068000e-03 3.340560e-01
214 6.589120e-01 5.972000e-03 3.351160e-01
215 6.578080e-01 6.008000e-03 3.361840e-01
216 6.567440e-01 6.032000e-03 3.372240e-01
217 6.556280e-01 6.104000e-03 3.382680e-01
218 6.546160e-01 6.048000e-03 3.393360e-01
219 6.536560e-01 5.956000e-03 3.403880e-01
220 6.525440e-01 6.020000e-03 3.414360e-01
221 6.514560e-01 5.984000e-03 3.425600e-01
222 6.505240e-01 5.988000e-03 3.434880e-01
223 6.495720e-01 5.984000e-03 3.444440e-01
224 6.485480e-01 5.924000e-03 3.455280e-01
225 6.474280e-01 6.004000e-03 3.465680e-01
226 6.463280e-01 6.088000e-03 3.475840e-01
227 6.451040e-01 6.144000e-03 3.487520e-01
228 6.439240e-01 6.308000e-03 3.497680e-01
229 6.429000e-01 6.252000e-03 3.508480e-01
230 6.418640e-01 6.216000e-03 3.519200e-01
231 6.407640e-01 6.200000e-03 3.530360e-01
232 6.397360e-01 6.064000e-03 3.542000e-01
233 6.386240e-01 6.140000e-03 3.552360e-01
234 6.374720e-01 6.232000e-03 3.562960e-01
235 6.363240e-01 6.268000e-03 3.574080e-01
236 6.352120e-01 6.224000e-03 3.585640e-01
237 6.342080e-01 6.272000e-03 3.595200e-01
238 6.330360e-01 6.440000e-03 3.605240e-01
239 6.318840e-01 6.416000e-03 3.617000e-01
240 6.308480e-01 6.400000e-03 3.627520e-01
241 6.298560e-01 6.316000e-03 3.638280e-01
242 6.288520e-01 6.200000e-03 3.649480e-01
243 6.278120e-01 6.212000e-03 3.659760e-01
244 6.267360e-01 6.228000e-03 3.670360e-01
245 6.255960e-01 6.300000e-03 3.681040e-01
246 6.245720e-01 6.240000e-03 3.691880e-01
247 6.233760e-01 6.404000e-03 3.702200e-01
248 6.223840e-01 6.316000e-03 3.713000e-01
249 6.215400e-01 6.084000e-03 3.723760e-01
250 6.205640e-01 6.020000e-03 3.734160e-01
251 6.196920e-01 5.920000e-03 3.743880e-01
252 6.188400e-01 5.732000e-03 3.754280e-01
253 6.179480e-01 5.576000e-03 3.764760e-01
254 6.171320e-01 5.508000e-03 3.773600e-01
255 6.161760e-01 5.580000e-03 3.782440e-01
256 6.151560e-01 5.560000e-03 3.792840e-01
257 6.141880e-01 5.548000e-03 3.802640e-01
258 6.132600e-01 5.500000e-03 3.812400e-01
259 6.123560e-01 5.468000e-03 3.821760e-01
260 6.115360e-01 5.324000e-03 3.831400e-01
261 6.106720e-01 5.292000e-03 3.840360e-01
262 6.098560e-01 5.192000e-03 3.849520e-01
263 6.090560e-01 5.136000e-03 3.858080e-01
264 6.081800e-01 5.184000e-03 3.866360e-01
265 6.073160e-01 5.136000e-03 3.875480e-01
266 6.064800e-01 5.092000e-03 3.884280e-01
267 6.057640e-01 4.844000e-03 3.893920e-01
268 6.050720e-01 4.680000e-03 3.902480e-01
269 6.043760e-01 4.628000e-03 3.909960e-01
270 6.036960e-01 4.524000e-03 3.917800e-01
271 6.030240e-01 4.320000e-03 3.926560e-01
272 6.023760e-01 4.112000e-03 3.935120e-01
273 6.016520e-01 4.192000e-03 3.941560e-01
274 6.011080e-01 3.976000e-03 3.949160e-01
275 6.005440e-01 3.840000e-03 3.956160e-01
276 6.000120e-01 3.788000e-03 3.962000e-01
277 5.994680e-01 3.716000e-03 3.968160e-01
278 5.989000e-01 3.712000e-03 3.973880e-01
279 5.983880e-01 3.600000e-03 3.980120e-01
280 5.979320e-01 3.332000e-03 3.987360e-01
281 5.974840e-01 3.268000e-03 3.992480e-01
282 5.970600e-01 3.124000e-03 3.998160e-01
283 5.965600e-01 3.064000e-03 4.003760e-01
284 5.961160e-01 2.896000e-03 4.009880e-01
285 5.957920e-01 2.700000e-03 4.015080e-01
286 5.954320e-01 2.600000e-03 4.019680e-01
287 5.950480e-01 2.568000e-03 4.023840e-01
288 5.945840e-01 2.532000e-03 4.028840e-01
289 5.940760e-01 2.608000e-03 4.033160e-01
290 5.937560e-01 2.544000e-03 4.037000e-01
291 5.933920e-01 2.504000e-03 4.041040e-01
292 5.929800e-01 2.456000e-03 4.045640e-01
293 5.926160e-01 2.348000e-03 4.050360e-01
294 5.922800e-01 2.316000e-03 4.054040e-01
295 5.919680e-01 2.216000e-03 4.058160e-01
296 5.916920e-01 2.188000e-03 4.061200e-01
297 5.913880e-01 2.104000e-03 4.065080e-01
298 5.910720e-01 2.028000e-03 4.069000e-01
299 5.907040e-01 2.084000e-03 4.072120e-01
300 5.903800e-01 2.032000e-03 4.075880e-01
301 5.899960e-01 2.100000e-03 4.079040e-01
302 5.896240e-01 2.156000e-03 4.082200e-01
303 5.893000e-01 2.116000e-03 4.085840e-01
304 5.889520e-01 2.084000e-03 4.089640e-01
305 5.885680e-01 2.064000e-03 4.093680e-01
306 5.881760e-01 2.064000e-03 4.097600e-01
307 5.878120e-01 2.016000e-03 4.101720e-01
308 5.874680e-01 2.032000e-03 4.105000e-01
309 5.871440e-01 1.996000e-03 4.108600e-01
310 5.867920e-01 2.000000e-03 4.112080e-01
311 5.863560e-01 2.084000e-03 4.115600e-01
312 5.859160e-01 2.236000e-03 4.118480e-01
313 5.855800e-01 2.136000e-03 4.122840e-01
314 5.851480e-01 2.200000e-03 4.126520e-01
315 5.846920e-01 2.260000e-03 4.130480e-01
316 5.842840e-01 2.252000e-03 4.134640e-01
317 5.838600e-01 2.272000e-03 4.138680e-01
318 5.834520e-01 2.344000e-03 4.142040e-01
319 5.830040e-01 2.440000e-03 4.145560e-01
320 5.825160e-01 2.492000e-03 4.149920e-01
321 5.820080e-01 2.592000e-03 4.154000e-01
322 5.815720e-01 2.608000e-03 4.158200e-01
323 5.811920e-01 2.516000e-03 4.162920e-01
324 5.807440e-01 2.596000e-03 4.166600e-01
325 5.803640e-01 2.508000e-03 4.171280e-01
326 5.799960e-01 2.448000e-03 4.175560e-01
327 5.796440e-01 2.376000e-03 4.179800e-01
328 5.792640e-01 2.324000e-03 4.184120e-01
329 5.789520e-01 2.288000e-03 4.187600e-01
330 5.785760e-01 2.300000e-03 4.191240e-01
331 5.781920e-01 2.320000e-03 4.194880e-01
332 5.778160e-01 2.268000e-03 4.199160e-01
333 5.773600e-01 2.296000e-03 4.203440e-01
334 5.770000e-01 2.236000e-03 4.207640e-01
335 5.767280e-01 2.136000e-03 4.211360e-01
336 5.763920e-01 2.044000e-03 4.215640e-01
337 5.760680e-01 1.944000e-03 4.219880e-01
338 5.757920e-01 1.876000e-03 4.223320e-01
339 5.754520e-01 1.892000e-03 4.226560e-01
340 5.750600e-01 1.984000e-03 4.229560e-01
341 5.747720e-01 1.928000e-03 4.233000e-01
342 5.744760e-01 1.876000e-03 4.236480e-01
343 5.742760e-01 1.736000e-03 4.239880e-01
344 5.740600e-01 1.616000e-03 4.243240e-01
345 5.738360e-01 1.580000e-03 4.245840e-01
346 5.736000e-01 1.536000e-03 4.248640e-01
347 5.733880e-01 1.516000e-03 4.250960e-01
348 5.731760e-01 1.508000e-03 4.253160e-01
349 5.729600e-01 1.452000e-03 4.255880e-01
350 5.728080e-01 1.352000e-03 4.258400e-01
351 5.725560e-01 1.336000e-03 4.261080e-01
352 5.723760e-01 1.280000e-03 4.263440e-01
353 5.722080e-01 1.188000e-03 4.266040e-01
354 5.720280e-01 1.156000e-03 4.268160e-01
355 5.718480e-01 1.176000e-03 4.269760e-01
356 5.717200e-01 1.128000e-03 4.271520e-01
357 5.716000e-01 1.052000e-03 4.273480e-01
358 5.714640e-01 1.040000e-03 4.274960e-01
359 5.713320e-01 1.020000e-03 4.276480e-01
360 5.712040e-01 9.640000e-04 4.278320e-01
361 5.710600e-01 9.520000e-04 4.279880e-01
362 5.709000e-01 9.680000e-04 4.281320e-01
363 5.707800e-01 9.240000e-04 4.282960e-01
364 5.706520e-01 8.760000e-04 4.284720e-01
365 5.705440e-01 8.400000e-04 4.286160e-01
366 5.704360e-01 7.920000e-04 4.287720e-01
367 5.703160e-01 7.680000e-04 4.289160e-01
368 5.701560e-01 8.160000e-04 4.290280e-01
369 5.699880e-01 8.520000e-04 4.291600e-01
370 5.698040e-01 8.960000e-04 4.293000e-01
371 5.696560e-01 9.120000e-04 4.294320e-01
372 5.695440e-01 8.720000e-04 4.295840e-01
373 5.694000e-01 8.640000e-04 4.297360e-01
374 5.692760e-01 8.480000e-04 4.298760e-01
375 5.691600e-01 8.200000e-04 4.300200e-01
376 5.690000e-01 8.000000e-04 4.302000e-01
377 5.688560e-01 8.840000e-04 4.302600e-01
378 5.687640e-01 8.120000e-04 4.304240e-01
379 5.685680e-01 8.400000e-04 4.305920e-01
380 5.683680e-01 8.880000e-04 4.307440e-01
381 5.682000e-01 9.320000e-04 4.308680e-01
382 5.680440e-01 9.160000e-04 4.310400e-01
383 5.679400e-01 8.880000e-04 4.311720e-01
384 5.678200e-01 8.680000e-04 4.313120e-01
385 5.677000e-01 8.280000e-04 4.314720e-01
386 5.675880e-01 7.520000e-04 4.316600e-01
387 5.675200e-01 7.000000e-04 4.317800e-01
388 5.673880e-01 7.080000e-04 4.319040e-01
389 5.672880e-01 7.080000e-04 4.320040e-01
390 5.671760e-01 7.120000e-04 4.321120e-01
391 5.670880e-01 6.520000e-04 4.322600e-01
392 5.669920e-01 6.440000e-04 4.323640e-01
393 5.668280e-01 7.000000e-04 4.324720e-01
394 5.667400e-01 6.880000e-04 4.325720e-01
395 5.666280e-01 6.680000e-04 4.327040e-01
396 5.665440e-01 6.200000e-04 4.328360e-01
397 5.664800e-01 5.840000e-04 4.329360e-01
398 5.664080e-01 5.400000e-04 4.330520e-01
399 5.663560e-01 4.920000e-04 4.331520e-01
400 5.663000e-01 4.800000e-04 4.332200e-01
401 5.662360e-01 4.840000e-04 4.332800e-01
402 5.661560e-01 4.800000e-04 4.333640e-01
403 5.661120e-01 4.240000e-04 4.334640e-01
404 5.660480e-01 4.080000e-04 4.335440e-01
405 5.659640e-01 4.320000e-04 4.336040e-01
406 5.658960e-01 4.200000e-04 4.336840e-01
407 5.658440e-01 4.080000e-04 4.337480e-01
408 5.657840e-01 3.880000e-04 4.338280e-01
409 5.657200e-01 4.040000e-04 4.338760e-01
410 5.656400e-01 4.120000e-04 4.339480e-01
411 5.655680e-01 4.200000e-04 4.340120e-01
412 5.654920e-01 4.120000e-04 4.340960e-01
413 5.654160e-01 3.960000e-04 4.341880e-01
414 5.653840e-01 3.480000e-04 4.342680e-01
415 5.653240e-01 3.400000e-04 4.343360e-01
416 5.652520e-01 3.400000e-04 4.344080e-01
417 5.651920e-01 3.360000e-04 4.344720e-01
418 5.651080e-01 3.640000e-04 4.345280e-01
419 5.650600e-01 3.200000e-04 4.346200e-01
420 5.649920e-01 3.280000e-04 4.346800e-01
421 5.649400e-01 3.160000e-04 4.347440e-01
422 5.649160e-01 3.000000e-04 4.347840e-01
423 5.648840e-01 2.840000e-04 4.348320e-01
424 5.648280e-01 3.080000e-04 4.348640e-01
425 5.647560e-01 3.280000e-04 4.349160e-01
426 5.647000e-01 3.160000e-04 4.349840e-01
427 5.646680e-01 2.800000e-04 4.350520e-01
428 5.646160e-01 2.720000e-04 4.351120e-01
429 5.645960e-01 2.520000e-04 4.351520e-01
430 5.645560e-01 2.480000e-04 4.351960e-01
431 5.645160e-01 2.440000e-04 4.352400e-01
432 5.644600e-01 2.520000e-04 4.352880e-01
433 5.644040e-01 2.480000e-04 4.353480e-01
434 5.643840e-01 2.200000e-04 4.353960e-01
435 5.643520e-01 2.320000e-04 4.354160e-01
436 5.643080e-01 2.360000e-04 4.354560e-01
437 5.642680e-01 2.360000e-04 4.354960e-01
438 5.642120e-01 2.240000e-04 4.355640e-01
439 5.641640e-01 2.320000e-04 4.356040e-01
440 5.641400e-01 1.960000e-04 4.356640e-01
441 5.641080e-01 1.880000e-04 4.357040e-01
442 5.640440e-01 2.160000e-04 4.357400e-01
443 5.639920e-01 2.120000e-04 4.357960e-01
444 5.639600e-01 2.040000e-04 4.358360e-01
445 5.639280e-01 2.080000e-04 4.358640e-01
446 5.638840e-01 2.160000e-04 4.359000e-01
447 5.638440e-01 2.280000e-04 4.359280e-01
448 5.638040e-01 2.360000e-04 4.359600e-01
449 5.637680e-01 2.400000e-04 4.359920e-01
450 5.637200e-01 2.400000e-04 4.360400e-01
451 5.636680e-01 2.560000e-04 4.360760e-01
452 5.636360e-01 2.200000e-04 4.361440e-01
453 5.636120e-01 1.840000e-04 4.362040e-01
454 5.635800e-01 1.880000e-04 4.362320e-01
455 5.635200e-01 2.280000e-04 4.362520e-01
456 5.634840e-01 2.360000e-04 4.362800e-01
457 5.634400e-01 2.280000e-04 4.363320e-01
458 5.634080e-01 2.040000e-04 4.363880e-01
459 5.633840e-01 2.000000e-04 4.364160e-01
460 5.633600e-01 1.880000e-04 4.364520e-01
461 5.633360e-01 1.840000e-04 4.364800e-01
462 5.633000e-01 1.800000e-04 4.365200e-01
463 5.632520e-01 2.120000e-04 4.365360e-01
464 5.632120e-01 2.200000e-04 4.365680e-01
465 5.631760e-01 2.080000e-04 4.366160e-01
466 5.631360e-01 2.080000e-04 4.366560e-01
467 5.631080e-01 2.200000e-04 4.366720e-01
468 5.630680e-01 2.160000e-04 4.367160e-01
469 5.630320e-01 2.360000e-04 4.367320e-01
470 5.629760e-01 2.600000e-04 4.367640e-01
471 5.629400e-01 2.560000e-04 4.368040e-01
472 5.628760e-01 2.840000e-04 4.368400e-01
473 5.628400e-01 2.720000e-04 4.368880e-01
474 5.628080e-01 2.520000e-04 4.369400e-01
475 5.627960e-01 1.920000e-04 4.370120e-01
476 5.627640e-01 1.800000e-04 4.370560e-01
477 5.627520e-01 1.720000e-04 4.370760e-01
478 5.627160e-01 1.920000e-04 4.370920e-01
479 5.626440e-01 2.400000e-04 4.371160e-01
480 5.626280e-01 2.080000e-04 4.371640e-01
481 5.625880e-01 2.240000e-04 4.371880e-01
482 5.625840e-01 1.880000e-04 4.372280e-01
483 5.625520e-01 1.760000e-04 4.372720e-01
484 5.625480e-01 1.560000e-04 4.372960e-01
485 5.625240e-01 1.560000e-04 4.373200e-01
486 5.624920e-01 1.480000e-04 4.373600e-01
487 5.624640e-01 1.600000e-04 4.373760e-01
488 5.624480e-01 1.400000e-04 4.374120e-01
489 5.624280e-01 1.520000e-04 4.374200e-01
490 5.623920e-01 1.640000e-04 4.374440e-01
491 5.623680e-01 1.600000e-04 4.374720e-01
492 5.623440e-01 1.600000e-04 4.374960e-01
493 5.623160e-01 1.640000e-04 4.375200e-01
494 5.622920e-01 1.640000e-04 4.375440e-01
495 5.622520e-01 1.720000e-04 4.375760e-01
496 5.622200e-01 1.760000e-04 4.376040e-01
497 5.621960e-01 1.720000e-04 4.376320e-01
498 5.621720e-01 1.560000e-04 4.376720e-01
499 5.621440e-01 1.440000e-04 4.377120e-01
500 5.621000e-01 1.520000e-04 4.377480e-01
