1 9.992120e-01 6.840000e-04 1.040000e-04
2 9.987240e-01 1.020000e-03 2.560000e-04
3 9.981000e-01 1.460000e-03 4.400000e-04
4 9.974800e-01 1.812000e-03 7.080000e-04
5 9.967000e-01 2.216000e-03 1.084000e-03
6 9.958200e-01 2.660000e-03 1.520000e-03
7 9.950080e-01 3.016000e-03 1.976000e-03
8 9.941120e-01 3.408000e-03 2.480000e-03
9 9.930880e-01 3.800000e-03 3.112000e-03
10 9.919720e-01 4.220000e-03 3.808000e-03
11 9.908400e-01 4.664000e-03 4.496000e-03
12 9.896760e-01 4.964000e-03 5.360000e-03
13 9.885480e-01 5.168000e-03 6.284000e-03
14 9.873200e-01 5.480000e-03 7.200000e-03
15 9.860640e-01 5.732000e-03 8.204000e-03
16 9.846520e-01 6.240000e-03 9.108000e-03
17 9.833600e-01 6.364000e-03 1.027600e-02
18 9.818640e-01 6.748000e-03 1.138800e-02
19 9.802880e-01 7.068000e-03 1.264400e-02
20 9.787040e-01 7.404000e-03 1.389200e-02
21 9.771920e-01 7.608000e-03 1.520000e-02
22 9.757280e-01 7.660000e-03 1.661200e-02
23 9.740000e-01 8.080000e-03 1.792000e-02
24 9.725040e-01 8.148000e-03 1.934800e-02
25 9.708640e-01 8.372000e-03 2.076400e-02
26 9.692560e-01 8.352000e-03 2.239200e-02
27 9.675320e-01 8.568000e-03 2.390000e-02
28 9.657920e-01 8.772000e-03 2.543600e-02
29 9.641640e-01 8.828000e-03 2.700800e-02
30 9.626160e-01 8.784000e-03 2.860000e-02
31 9.610440e-01 8.808000e-03 3.014800e-02
32 9.594680e-01 8.940000e-03 3.159200e-02
33 9.578680e-01 8.940000e-03 3.319200e-02
34 9.562040e-01 8.912000e-03 3.488400e-02
35 9.544800e-01 8.940000e-03 3.658000e-02
36 9.529120e-01 8.936000e-03 3.815200e-02
37 9.513120e-01 8.920000e-03 3.976800e-02
38 9.496240e-01 8.956000e-03 4.142000e-02
39 9.480240e-01 9.036000e-03 4.294000e-02
40 9.463440e-01 9.060000e-03 4.459600e-02
41 9.446760e-01 9.136000e-03 4.618800e-02
42 9.428920e-01 9.328000e-03 4.778000e-02
43 9.412000e-01 9.288000e-03 4.951200e-02
44 9.394480e-01 9.372000e-03 5.118000e-02
45 9.376840e-01 9.456000e-03 5.286000e-02
46 9.359160e-01 9.564000e-03 5.452000e-02
47 9.342080e-01 9.660000e-03 5.613200e-02
48 9.324240e-01 9.708000e-03 5.786800e-02
49 9.304640e-01 9.920000e-03 5.961600e-02
50 9.285600e-01 1.011200e-02 6.132800e-02
51 9.267240e-01 1.020800e-02 6.306800e-02
52 9.248640e-01 1.020400e-02 6.493200e-02
53 9.228760e-01 1.024400e-02 6.688000e-02
54 9.210400e-01 1.018800e-02 6.877200e-02
55 9.191360e-01 1.022400e-02 7.064000e-02
56 9.170000e-01 1.057600e-02 7.242400e-02
57 9.149320e-01 1.070800e-02 7.436000e-02
58 9.129840e-01 1.071600e-02 7.630000e-02
59 9.111880e-01 1.056000e-02 7.825200e-02
60 9.093840e-01 1.054400e-02 8.007200e-02
61 9.078240e-01 1.032800e-02 8.184800e-02
62 9.061200e-01 1.010400e-02 8.377600e-02
63 9.045200e-01 9.936000e-03 8.554400e-02
64 9.028600e-01 9.820000e-03 8.732000e-02
65 9.011800e-01 9.808000e-03 8.901200e-02
66 8.996040e-01 9.716000e-03 9.068000e-02
67 8.978880e-01 9.628000e-03 9.248400e-02
68 8.961720e-01 9.780000e-03 9.404800e-02
69 8.945480e-01 9.676000e-03 9.577600e-02
70 8.930240e-01 9.516000e-03 9.746000e-02
71 8.913320e-01 9.568000e-03 9.910000e-02
72 8.895760e-01 9.548000e-03 1.008760e-01
73 8.877880e-01 9.648000e-03 1.025640e-01
74 8.859400e-01 9.644000e-03 1.044160e-01
75 8.842360e-01 9.684000e-03 1.060800e-01
76 8.825400e-01 9.720000e-03 1.077400e-01
77 8.809720e-01 9.604000e-03 1.094240e-01
78 8.791240e-01 9.776000e-03 1.111000e-01
79 8.773560e-01 9.884000e-03 1.127600e-01
80 8.756160e-01 9.984000e-03 1.144000e-01
81 8.738760e-01 9.948000e-03 1.161760e-01
82 8.721680e-01 9.864000e-03 1.179680e-01
83 8.704880e-01 9.836000e-03 1.196760e-01
84 8.688800e-01 9.684000e-03 1.214360e-01
85 8.672040e-01 9.744000e-03 1.230520e-01
86 8.654680e-01 9.828000e-03 1.247040e-01
87 8.637080e-01 9.908000e-03 1.263840e-01
88 8.619600e-01 9.952000e-03 1.280880e-01
89 8.603200e-01 9.972000e-03 1.297080e-01
90 8.587760e-01 9.852000e-03 1.313720e-01
91 8.571040e-01 9.688000e-03 1.332080e-01
92 8.555080e-01 9.592000e-03 1.349000e-01
93 8.540080e-01 9.352000e-03 1.366400e-01
94 8.525520e-01 9.212000e-03 1.382360e-01
95 8.510400e-01 9.048000e-03 1.399120e-01
96 8.495560e-01 9.016000e-03 1.414280e-01
97 8.479560e-01 8.924000e-03 1.431200e-01
98 8.464400e-01 8.900000e-03 1.446600e-01
99 8.449960e-01 8.848000e-03 1.461560e-01
100 8.434680e-01 8.784000e-03 1.477480e-01
101 8.419440e-01 8.768000e-03 1.492880e-01
102 8.404480e-01 8.904000e-03 1.506480e-01
103 8.389240e-01 8.896000e-03 1.521800e-01
104 8.374160e-01 8.944000e-03 1.536400e-01
105 8.359840e-01 8.852000e-03 1.551640e-01
106 8.347200e-01 8.584000e-03 1.566960e-01
107 8.334600e-01 8.400000e-03 1.581400e-01
108 8.321080e-01 8.340000e-03 1.595520e-01
109 8.306160e-01 8.408000e-03 1.609760e-01
110 8.293240e-01 8.312000e-03 1.623640e-01
111 8.279960e-01 8.076000e-03 1.639280e-01
112 8.268000e-01 7.884000e-03 1.653160e-01
113 8.254080e-01 7.968000e-03 1.666240e-01
114 8.240960e-01 7.880000e-03 1.680240e-01
115 8.228280e-01 7.812000e-03 1.693600e-01
116 8.214280e-01 7.752000e-03 1.708200e-01
117 8.202520e-01 7.528000e-03 1.722200e-01
118 8.190200e-01 7.480000e-03 1.735000e-01
119 8.177600e-01 7.460000e-03 1.747800e-01
120 8.166320e-01 7.192000e-03 1.761760e-01
121 8.153880e-01 7.204000e-03 1.774080e-01
122 8.140840e-01 7.260000e-03 1.786560e-01
123 8.128200e-01 7.244000e-03 1.799360e-01
124 8.115520e-01 7.304000e-03 1.811440e-01
125 8.102160e-01 7.328000e-03 1.824560e-01
126 8.089760e-01 7.256000e-03 1.837680e-01
127 8.077120e-01 7.216000e-03 1.850720e-01
128 8.064760e-01 7.156000e-03 1.863680e-01
129 8.051160e-01 7.344000e-03 1.875400e-01
130 8.038880e-01 7.244000e-03 1.888680e-01
131 8.025880e-01 7.324000e-03 1.900880e-01
132 8.012720e-01 7.344000e-03 1.913840e-01
133 8.000000e-01 7.308000e-03 1.926920e-01
134 7.987440e-01 7.312000e-03 1.939440e-01
135 7.975280e-01 7.348000e-03 1.951240e-01
136 7.961400e-01 7.460000e-03 1.964000e-01
137 7.949760e-01 7.228000e-03 1.977960e-01
138 7.937840e-01 7.136000e-03 1.990800e-01
139 7.926280e-01 6.940000e-03 2.004320e-01
140 7.914000e-01 6.980000e-03 2.016200e-01
141 7.903360e-01 6.816000e-03 2.028480e-01
142 7.891400e-01 6.784000e-03 2.040760e-01
143 7.879800e-01 6.808000e-03 2.052120e-01
144 7.869240e-01 6.620000e-03 2.064560e-01
145 7.858120e-01 6.628000e-03 2.075600e-01
146 7.847920e-01 6.476000e-03 2.087320e-01
147 7.835840e-01 6.560000e-03 2.098560e-01
148 7.824080e-01 6.544000e-03 2.110480e-01
149 7.813520e-01 6.424000e-03 2.122240e-01
150 7.802840e-01 6.304000e-03 2.134120e-01
151 7.790640e-01 6.412000e-03 2.145240e-01
152 7.778600e-01 6.368000e-03 2.157720e-01
153 7.767040e-01 6.328000e-03 2.169680e-01
154 7.755800e-01 6.292000e-03 2.181280e-01
155 7.745480e-01 6.236000e-03 2.192160e-01
156 7.735480e-01 6.132000e-03 2.203200e-01
157 7.724800e-01 6.220000e-03 2.213000e-01
158 7.714080e-01 6.292000e-03 2.223000e-01
159 7.701640e-01 6.280000e-03 2.235560e-01
160 7.689640e-01 6.380000e-03 2.246560e-01
161 7.677000e-01 6.692000e-03 2.256080e-01
162 7.664240e-01 6.832000e-03 2.267440e-01
163 7.651760e-01 6.892000e-03 2.279320e-01
164 7.637280e-01 7.080000e-03 2.291920e-01
165 7.624880e-01 6.956000e-03 2.305560e-01
166 7.612720e-01 6.900000e-03 2.318280e-01
167 7.601080e-01 6.804000e-03 2.330880e-01
168 7.589480e-01 6.712000e-03 2.343400e-01
169 7.579240e-01 6.524000e-03 2.355520e-01
170 7.569320e-01 6.404000e-03 2.366640e-01
171 7.559680e-01 6.228000e-03 2.378040e-01
172 7.549840e-01 6.216000e-03 2.388000e-01
173 7.539360e-01 6.128000e-03 2.399360e-01
174 7.527320e-01 6.276000e-03 2.409920e-01
175 7.517360e-01 6.132000e-03 2.421320e-01
176 7.507320e-01 6.040000e-03 2.432280e-01
177 7.496240e-01 6.088000e-03 2.442880e-01
178 7.486560e-01 6.024000e-03 2.453200e-01
179 7.476840e-01 5.928000e-03 2.463880e-01
180 7.466760e-01 5.876000e-03 2.474480e-01
181 7.456440e-01 5.928000e-03 2.484280e-01
182 7.446360e-01 5.912000e-03 2.494520e-01
183 7.436720e-01 5.876000e-03 2.504520e-01
184 7.426320e-01 5.796000e-03 2.515720e-01
185 7.415240e-01 5.848000e-03 2.526280e-01
186 7.405040e-01 5.856000e-03 2.536400e-01
187 7.394840e-01 5.876000e-03 2.546400e-01
188 7.385400e-01 5.792000e-03 2.556680e-01
189 7.375120e-01 5.776000e-03 2.567120e-01
190 7.366200e-01 5.772000e-03 2.576080e-01
191 7.355120e-01 5.916000e-03 2.585720e-01
192 7.343160e-01 6.040000e-03 2.596440e-01
193 7.332720e-01 6.084000e-03 2.606440e-01
194 7.322560e-01 6.112000e-03 2.616320e-01
195 7.313320e-01 5.876000e-03 2.627920e-01
196 7.304400e-01 5.716000e-03 2.638440e-01
197 7.295120e-01 5.752000e-03 2.647360e-01
198 7.286160e-01 5.564000e-03 2.658200e-01
199 7.277160e-01 5.468000e-03 2.668160e-01
200 7.268920e-01 5.324000e-03 2.677840e-01
201 7.259960e-01 5.300000e-03 2.687040e-01
202 7.250320e-01 5.344000e-03 2.696240e-01
203 7.240200e-01 5.412000e-03 2.705680e-01
204 7.230880e-01 5.472000e-03 2.714400e-01
205 7.221760e-01 5.508000e-03 2.723160e-01
206 7.212200e-01 5.452000e-03 2.733280e-01
207 7.204080e-01 5.304000e-03 2.742880e-01
208 7.195920e-01 5.244000e-03 2.751640e-01
209 7.188000e-01 5.128000e-03 2.760720e-01
210 7.180960e-01 4.912000e-03 2.769920e-01
211 7.173720e-01 4.788000e-03 2.778400e-01
212 7.166520e-01 4.744000e-03 2.786040e-01
213 7.159520e-01 4.560000e-03 2.794880e-01
214 7.152640e-01 4.472000e-03 2.802640e-01
215 7.145840e-01 4.304000e-03 2.811120e-01
216 7.138120e-01 4.372000e-03 2.818160e-01
217 7.129800e-01 4.340000e-03 2.826800e-01
218 7.122680e-01 4.292000e-03 2.834400e-01
219 7.115680e-01 4.336000e-03 2.840960e-01
220 7.108960e-01 4.220000e-03 2.848840e-01
221 7.102760e-01 4.100000e-03 2.856240e-01
222 7.096000e-01 4.060000e-03 2.863400e-01
223 7.089000e-01 4.124000e-03 2.869760e-01
224 7.083120e-01 4.000000e-03 2.876880e-01
225 7.077120e-01 3.900000e-03 2.883880e-01
226 7.070240e-01 3.884000e-03 2.890920e-01
227 7.063320e-01 3.936000e-03 2.897320e-01
228 7.057000e-01 3.968000e-03 2.903320e-01
229 7.050440e-01 4.028000e-03 2.909280e-01
230 7.044000e-01 3.932000e-03 2.916680e-01
231 7.038080e-01 3.872000e-03 2.923200e-01
232 7.031480e-01 3.812000e-03 2.930400e-01
233 7.024040e-01 3.960000e-03 2.936360e-01
234 7.017120e-01 3.964000e-03 2.943240e-01
235 7.010320e-01 3.968000e-03 2.950000e-01
236 7.003600e-01 3.936000e-03 2.957040e-01
237 6.996000e-01 4.088000e-03 2.963120e-01
238 6.989680e-01 4.064000e-03 2.969680e-01
239 6.982640e-01 3.960000e-03 2.977760e-01
240 6.976880e-01 3.748000e-03 2.985640e-01
241 6.970200e-01 3.752000e-03 2.992280e-01
242 6.963880e-01 3.756000e-03 2.998560e-01
243 6.957680e-01 3.696000e-03 3.005360e-01
244 6.950880e-01 3.756000e-03 3.011560e-01
245 6.944520e-01 3.828000e-03 3.017200e-01
246 6.937880e-01 3.824000e-03 3.023880e-01
247 6.931880e-01 3.744000e-03 3.030680e-01
248 6.926120e-01 3.636000e-03 3.037520e-01
249 6.919880e-01 3.668000e-03 3.043440e-01
250 6.914200e-01 3.612000e-03 3.049680e-01
251 6.908560e-01 3.540000e-03 3.056040e-01
252 6.902920e-01 3.568000e-03 3.061400e-01
253 6.896840e-01 3.624000e-03 3.066920e-01
254 6.891280e-01 3.524000e-03 3.073480e-01
255 6.885800e-01 3.524000e-03 3.078960e-01
256 6.880560e-01 3.380000e-03 3.085640e-01
257 6.875720e-01 3.264000e-03 3.091640e-01
258 6.870840e-01 3.080000e-03 3.098360e-01
259 6.866080e-01 2.940000e-03 3.104520e-01
260 6.860440e-01 3.016000e-03 3.109400e-01
261 6.854560e-01 3.120000e-03 3.114240e-01
262 6.848120e-01 3.248000e-03 3.119400e-01
263 6.842520e-01 3.284000e-03 3.124640e-01
264 6.837200e-01 3.320000e-03 3.129600e-01
265 6.832080e-01 3.292000e-03 3.135000e-01
266 6.827720e-01 3.124000e-03 3.141040e-01
267 6.822840e-01 2.984000e-03 3.147320e-01
268 6.817800e-01 2.976000e-03 3.152440e-01
269 6.812600e-01 2.908000e-03 3.158320e-01
270 6.807880e-01 2.960000e-03 3.162520e-01
271 6.802560e-01 2.992000e-03 3.167520e-01
272 6.797600e-01 3.048000e-03 3.171920e-01
273 6.792400e-01 3.108000e-03 3.176520e-01
274 6.787920e-01 2.964000e-03 3.182440e-01
275 6.783200e-01 2.940000e-03 3.187400e-01
276 6.778680e-01 2.908000e-03 3.192240e-01
277 6.773920e-01 2.952000e-03 3.196560e-01
278 6.769680e-01 2.900000e-03 3.201320e-01
279 6.764520e-01 2.944000e-03 3.206040e-01
280 6.759480e-01 2.892000e-03 3.211600e-01
281 6.754800e-01 2.860000e-03 3.216600e-01
282 6.750840e-01 2.700000e-03 3.222160e-01
283 6.746560e-01 2.668000e-03 3.226760e-01
284 6.742520e-01 2.640000e-03 3.231080e-01
285 6.738280e-01 2.552000e-03 3.236200e-01
286 6.734040e-01 2.532000e-03 3.240640e-01
287 6.729960e-01 2.456000e-03 3.245480e-01
288 6.725720e-01 2.416000e-03 3.250120e-01
289 6.721360e-01 2.524000e-03 3.253400e-01
290 6.716880e-01 2.488000e-03 3.258240e-01
291 6.711840e-01 2.600000e-03 3.262160e-01
292 6.706240e-01 2.692000e-03 3.266840e-01
293 6.701520e-01 2.680000e-03 3.271680e-01
294 6.697480e-01 2.608000e-03 3.276440e-01
295 6.692480e-01 2.656000e-03 3.280960e-01
296 6.686800e-01 2.776000e-03 3.285440e-01
297 6.681200e-01 2.860000e-03 3.290200e-01
298 6.675200e-01 2.960000e-03 3.295200e-01
299 6.670160e-01 2.964000e-03 3.300200e-01
300 6.665120e-01 2.992000e-03 3.304960e-01
301 6.659680e-01 2.928000e-03 3.311040e-01
302 6.655200e-01 2.912000e-03 3.315680e-01
303 6.651080e-01 2.812000e-03 3.320800e-01
304 6.646440e-01 2.768000e-03 3.325880e-01
305 6.642200e-01 2.716000e-03 3.330640e-01
306 6.637800e-01 2.752000e-03 3.334680e-01
307 6.633800e-01 2.640000e-03 3.339800e-01
308 6.629080e-01 2.596000e-03 3.344960e-01
309 6.625000e-01 2.536000e-03 3.349640e-01
310 6.621000e-01 2.440000e-03 3.354600e-01
311 6.617240e-01 2.360000e-03 3.359160e-01
312 6.613280e-01 2.348000e-03 3.363240e-01
313 6.610360e-01 2.172000e-03 3.367920e-01
314 6.607120e-01 2.088000e-03 3.372000e-01
315 6.603600e-01 2.100000e-03 3.375400e-01
316 6.600560e-01 2.080000e-03 3.378640e-01
317 6.596680e-01 2.108000e-03 3.382240e-01
318 6.593560e-01 2.032000e-03 3.386120e-01
319 6.590640e-01 1.988000e-03 3.389480e-01
320 6.586560e-01 2.072000e-03 3.392720e-01
321 6.583360e-01 2.100000e-03 3.395640e-01
322 6.580520e-01 2.044000e-03 3.399040e-01
323 6.577320e-01 2.008000e-03 3.402600e-01
324 6.574000e-01 2.036000e-03 3.405640e-01
325 6.570680e-01 2.028000e-03 3.409040e-01
326 6.568240e-01 1.904000e-03 3.412720e-01
327 6.565320e-01 1.844000e-03 3.416240e-01
328 6.561600e-01 1.912000e-03 3.419280e-01
329 6.557840e-01 1.952000e-03 3.422640e-01
330 6.555400e-01 1.856000e-03 3.426040e-01
331 6.553040e-01 1.776000e-03 3.429200e-01
332 6.550040e-01 1.736000e-03 3.432600e-01
333 6.547040e-01 1.744000e-03 3.435520e-01
334 6.543960e-01 1.756000e-03 3.438480e-01
335 6.541680e-01 1.664000e-03 3.441680e-01
336 6.539240e-01 1.596000e-03 3.444800e-01
337 6.536480e-01 1.640000e-03 3.447120e-01
338 6.533880e-01 1.596000e-03 3.450160e-01
339 6.530880e-01 1.552000e-03 3.453600e-01
340 6.528600e-01 1.496000e-03 3.456440e-01
341 6.526920e-01 1.388000e-03 3.459200e-01
342 6.525120e-01 1.288000e-03 3.462000e-01
343 6.522440e-01 1.336000e-03 3.464200e-01
344 6.519400e-01 1.364000e-03 3.466960e-01
345 6.517120e-01 1.392000e-03 3.468960e-01
346 6.514920e-01 1.336000e-03 3.471720e-01
347 6.512680e-01 1.284000e-03 3.474480e-01
348 6.509760e-01 1.324000e-03 3.477000e-01
349 6.507720e-01 1.256000e-03 3.479720e-01
350 6.505000e-01 1.288000e-03 3.482120e-01
351 6.502240e-01 1.360000e-03 3.484160e-01
352 6.499800e-01 1.356000e-03 3.486640e-01
353 6.497320e-01 1.368000e-03 3.489000e-01
354 6.495160e-01 1.356000e-03 3.491280e-01
355 6.492760e-01 1.260000e-03 3.494640e-01
356 6.491000e-01 1.220000e-03 3.496800e-01
357 6.489000e-01 1.212000e-03 3.498880e-01
358 6.486560e-01 1.244000e-03 3.501000e-01
359 6.484920e-01 1.156000e-03 3.503520e-01
360 6.483160e-01 1.176000e-03 3.505080e-01
361 6.481440e-01 1.156000e-03 3.507000e-01
362 6.479480e-01 1.160000e-03 3.508920e-01
363 6.477520e-01 1.124000e-03 3.511240e-01
364 6.475680e-01 1.112000e-03 3.513200e-01
365 6.473840e-01 1.108000e-03 3.515080e-01
366 6.472120e-01 1.084000e-03 3.517040e-01
367 6.470160e-01 1.076000e-03 3.519080e-01
368 6.468040e-01 1.064000e-03 3.521320e-01
369 6.465600e-01 1.140000e-03 3.523000e-01
370 6.463720e-01 1.124000e-03 3.525040e-01
371 6.461800e-01 1.064000e-03 3.527560e-01
372 6.460200e-01 1.020000e-03 3.529600e-01
373 6.458280e-01 1.076000e-03 3.530960e-01
374 6.456240e-01 1.136000e-03 3.532400e-01
375 6.453960e-01 1.180000e-03 3.534240e-01
376 6.451960e-01 1.180000e-03 3.536240e-01
377 6.449520e-01 1.224000e-03 3.538240e-01
378 6.447320e-01 1.220000e-03 3.540480e-01
379 6.445200e-01 1.232000e-03 3.542480e-01
380 6.443040e-01 1.220000e-03 3.544760e-01
381 6.440640e-01 1.236000e-03 3.547000e-01
382 6.438280e-01 1.268000e-03 3.549040e-01
383 6.435560e-01 1.276000e-03 3.551680e-01
384 6.433200e-01 1.328000e-03 3.553520e-01
385 6.430800e-01 1.356000e-03 3.555640e-01
386 6.428440e-01 1.380000e-03 3.557760e-01
387 6.425720e-01 1.428000e-03 3.560000e-01
388 6.423000e-01 1.484000e-03 3.562160e-01
389 6.420000e-01 1.488000e-03 3.565120e-01
390 6.417480e-01 1.492000e-03 3.567600e-01
391 6.415360e-01 1.404000e-03 3.570600e-01
392 6.413320e-01 1.372000e-03 3.572960e-01
393 6.411160e-01 1.320000e-03 3.575640e-01
394 6.408000e-01 1.376000e-03 3.578240e-01
395 6.405720e-01 1.352000e-03 3.580760e-01
396 6.403280e-01 1.324000e-03 3.583480e-01
397 6.401400e-01 1.288000e-03 3.585720e-01
398 6.399440e-01 1.280000e-03 3.587760e-01
399 6.397320e-01 1.256000e-03 3.590120e-01
400 6.395560e-01 1.268000e-03 3.591760e-01
401 6.393840e-01 1.200000e-03 3.594160e-01
402 6.392000e-01 1.208000e-03 3.595920e-01
403 6.390520e-01 1.152000e-03 3.597960e-01
404 6.388760e-01 1.104000e-03 3.600200e-01
405 6.386560e-01 1.144000e-03 3.602000e-01
406 6.384160e-01 1.176000e-03 3.604080e-01
407 6.382560e-01 1.072000e-03 3.606720e-01
408 6.380960e-01 1.060000e-03 3.608440e-01
409 6.379160e-01 1.048000e-03 3.610360e-01
410 6.377200e-01 1.012000e-03 3.612680e-01
411 6.375400e-01 9.800000e-04 3.614800e-01
412 6.373440e-01 9.880000e-04 3.616680e-01
413 6.371520e-01 1.000000e-03 3.618480e-01
414 6.369960e-01 9.520000e-04 3.620520e-01
415 6.368320e-01 9.520000e-04 3.622160e-01
416 6.367040e-01 9.280000e-04 3.623680e-01
417 6.365720e-01 9.200000e-04 3.625080e-01
418 6.363920e-01 9.040000e-04 3.627040e-01
419 6.362160e-01 9.080000e-04 3.628760e-01
420 6.360600e-01 9.600000e-04 3.629800e-01
421 6.358800e-01 9.720000e-04 3.631480e-01
422 6.357080e-01 9.640000e-04 3.633280e-01
423 6.355680e-01 9.280000e-04 3.635040e-01
424 6.354280e-01 9.520000e-04 3.636200e-01
425 6.353240e-01 9.080000e-04 3.637680e-01
426 6.351640e-01 8.920000e-04 3.639440e-01
427 6.350400e-01 8.480000e-04 3.641120e-01
428 6.348680e-01 8.800000e-04 3.642520e-01
429 6.347440e-01 8.560000e-04 3.644000e-01
430 6.346280e-01 8.000000e-04 3.645720e-01
431 6.345040e-01 7.680000e-04 3.647280e-01
432 6.343440e-01 8.040000e-04 3.648520e-01
433 6.342520e-01 7.560000e-04 3.649920e-01
434 6.341600e-01 6.920000e-04 3.651480e-01
435 6.340680e-01 6.600000e-04 3.652720e-01
436 6.339880e-01 6.080000e-04 3.654040e-01
437 6.338880e-01 6.160000e-04 3.654960e-01
438 6.338280e-01 5.640000e-04 3.656080e-01
439 6.337560e-01 5.440000e-04 3.657000e-01
440 6.336440e-01 5.600000e-04 3.657960e-01
441 6.335640e-01 5.240000e-04 3.659120e-01
442 6.335000e-01 4.880000e-04 3.660120e-01
443 6.334440e-01 4.440000e-04 3.661120e-01
444 6.333840e-01 4.360000e-04 3.661800e-01
445 6.332880e-01 4.400000e-04 3.662720e-01
446 6.331400e-01 5.040000e-04 3.663560e-01
447 6.330520e-01 4.960000e-04 3.664520e-01
448 6.329840e-01 5.040000e-04 3.665120e-01
449 6.329040e-01 5.000000e-04 3.665960e-01
450 6.328000e-01 5.080000e-04 3.666920e-01
451 6.327040e-01 5.200000e-04 3.667760e-01
452 6.325720e-01 5.400000e-04 3.668880e-01
453 6.324920e-01 5.280000e-04 3.669800e-01
454 6.324120e-01 5.480000e-04 3.670400e-01
455 6.323280e-01 5.240000e-04 3.671480e-01
456 6.322120e-01 5.360000e-04 3.672520e-01
457 6.320760e-01 5.640000e-04 3.673600e-01
458 6.320080e-01 5.040000e-04 3.674880e-01
459 6.319000e-01 4.720000e-04 3.676280e-01
460 6.318360e-01 4.720000e-04 3.676920e-01
461 6.317600e-01 4.960000e-04 3.677440e-01
462 6.316520e-01 5.440000e-04 3.678040e-01
463 6.315520e-01 5.400000e-04 3.679080e-01
464 6.314480e-01 5.560000e-04 3.679960e-01
465 6.313040e-01 6.200000e-04 3.680760e-01
466 6.312280e-01 5.920000e-04 3.681800e-01
467 6.311400e-01 5.720000e-04 3.682880e-01
468 6.310440e-01 5.880000e-04 3.683680e-01
469 6.309720e-01 5.800000e-04 3.684480e-01
470 6.309120e-01 5.320000e-04 3.685560e-01
471 6.307920e-01 5.520000e-04 3.686560e-01
472 6.306840e-01 5.760000e-04 3.687400e-01
473 6.305920e-01 5.680000e-04 3.688400e-01
474 6.305080e-01 5.600000e-04 3.689320e-01
475 6.304600e-01 5.200000e-04 3.690200e-01
476 6.303960e-01 4.760000e-04 3.691280e-01
477 6.303160e-01 4.520000e-04 3.692320e-01
478 6.302160e-01 4.840000e-04 3.693000e-01
479 6.301440e-01 4.640000e-04 3.693920e-01
480 6.301200e-01 4.160000e-04 3.694640e-01
481 6.300520e-01 4.280000e-04 3.695200e-01
482 6.299960e-01 4.080000e-04 3.695960e-01
483 6.299080e-01 4.400000e-04 3.696520e-01
484 6.298480e-01 4.320000e-04 3.697200e-01
485 6.297800e-01 4.280000e-04 3.697920e-01
486 6.297360e-01 3.680000e-04 3.698960e-01
487 6.297040e-01 3.320000e-04 3.699640e-01
488 6.296880e-01 2.760000e-04 3.700360e-01
489 6.296560e-01 2.600000e-04 3.700840e-01
490 6.296360e-01 2.240000e-04 3.701400e-01
491 6.296080e-01 2.280000e-04 3.701640e-01
492 6.295680e-01 2.280000e-04 3.702040e-01
493 6.295560e-01 1.920000e-04 3.702520e-01
494 6.295240e-01 1.960000e-04 3.702800e-01
495 6.294960e-01 1.720000e-04 3.703320e-01
496 6.294560e-01 1.760000e-04 3.703680e-01
497 6.294240e-01 1.800000e-04 3.703960e-01
498 6.293960e-01 1.760000e-04 3.704280e-01
499 6.293560e-01 1.880000e-04 3.704560e-01
500 6.292920e-01 2.160000e-04 3.704920e-01
