1 9.992640e-01 6.360000e-04 1.000000e-04
2 9.987680e-01 1.000000e-03 2.320000e-04
3 9.981400e-01 1.444000e-03 4.160000e-04
4 9.973640e-01 1.868000e-03 7.680000e-04
5 9.966120e-01 2.304000e-03 1.084000e-03
6 9.957240e-01 2.724000e-03 1.552000e-03
7 9.948200e-01 3.092000e-03 2.088000e-03
8 9.938600e-01 3.452000e-03 2.688000e-03
9 9.930080e-01 3.652000e-03 3.340000e-03
10 9.919800e-01 4.040000e-03 3.980000e-03
11 9.909920e-01 4.312000e-03 4.696000e-03
12 9.899520e-01 4.608000e-03 5.440000e-03
13 9.889440e-01 4.744000e-03 6.312000e-03
14 9.880240e-01 4.764000e-03 7.212000e-03
15 9.870440e-01 4.876000e-03 8.080000e-03
16 9.859320e-01 5.156000e-03 8.912000e-03
17 9.848200e-01 5.324000e-03 9.856000e-03
18 9.837120e-01 5.512000e-03 1.077600e-02
19 9.824680e-01 5.784000e-03 1.174800e-02
20 9.810520e-01 6.120000e-03 1.282800e-02
21 9.797880e-01 6.324000e-03 1.388800e-02
22 9.784000e-01 6.516000e-03 1.508400e-02
23 9.770440e-01 6.700000e-03 1.625600e-02
24 9.756360e-01 6.872000e-03 1.749200e-02
25 9.742920e-01 6.920000e-03 1.878800e-02
26 9.729440e-01 7.096000e-03 1.996000e-02
27 9.716040e-01 7.116000e-03 2.128000e-02
28 9.701160e-01 7.432000e-03 2.245200e-02
29 9.686600e-01 7.512000e-03 2.382800e-02
30 9.673120e-01 7.640000e-03 2.504800e-02
31 9.659680e-01 7.764000e-03 2.626800e-02
32 9.645320e-01 7.824000e-03 2.764400e-02
33 9.631040e-01 7.820000e-03 2.907600e-02
34 9.616520e-01 7.900000e-03 3.044800e-02
35 9.601840e-01 7.988000e-03 3.182800e-02
36 9.587360e-01 7.996000e-03 3.326800e-02
37 9.572120e-01 8.096000e-03 3.469200e-02
38 9.556160e-01 8.276000e-03 3.610800e-02
39 9.540320e-01 8.484000e-03 3.748400e-02
40 9.521920e-01 8.828000e-03 3.898000e-02
41 9.506920e-01 8.864000e-03 4.044400e-02
42 9.491000e-01 9.012000e-03 4.188800e-02
43 9.475240e-01 8.992000e-03 4.348400e-02
44 9.460080e-01 8.864000e-03 4.512800e-02
45 9.443920e-01 9.088000e-03 4.652000e-02
46 9.427560e-01 9.108000e-03 4.813600e-02
47 9.412240e-01 9.088000e-03 4.968800e-02
48 9.396800e-01 8.952000e-03 5.136800e-02
49 9.381360e-01 8.844000e-03 5.302000e-02
50 9.367720e-01 8.712000e-03 5.451600e-02
51 9.354800e-01 8.456000e-03 5.606400e-02
52 9.342320e-01 8.284000e-03 5.748400e-02
53 9.327000e-01 8.356000e-03 5.894400e-02
54 9.312440e-01 8.396000e-03 6.036000e-02
55 9.297120e-01 8.436000e-03 6.185200e-02
56 9.282240e-01 8.404000e-03 6.337200e-02
57 9.267240e-01 8.496000e-03 6.478000e-02
58 9.251080e-01 8.600000e-03 6.629200e-02
59 9.236280e-01 8.756000e-03 6.761600e-02
60 9.222360e-01 8.740000e-03 6.902400e-02
61 9.207640e-01 8.820000e-03 7.041600e-02
62 9.192920e-01 8.764000e-03 7.194400e-02
63 9.176800e-01 8.824000e-03 7.349600e-02
64 9.162080e-01 8.648000e-03 7.514400e-02
65 9.146320e-01 8.688000e-03 7.668000e-02
66 9.130440e-01 8.776000e-03 7.818000e-02
67 9.115520e-01 8.760000e-03 7.968800e-02
68 9.100400e-01 8.732000e-03 8.122800e-02
69 9.084520e-01 8.668000e-03 8.288000e-02
70 9.068560e-01 8.632000e-03 8.451200e-02
71 9.052840e-01 8.736000e-03 8.598000e-02
72 9.037280e-01 8.788000e-03 8.748400e-02
73 9.022120e-01 8.740000e-03 8.904800e-02
74 9.006040e-01 8.904000e-03 9.049200e-02
75 8.989680e-01 9.088000e-03 9.194400e-02
76 8.973440e-01 9.132000e-03 9.352400e-02
77 8.959240e-01 8.940000e-03 9.513600e-02
78 8.943960e-01 9.020000e-03 9.658400e-02
79 8.929800e-01 8.860000e-03 9.816000e-02
80 8.915560e-01 8.708000e-03 9.973600e-02
81 8.901080e-01 8.504000e-03 1.013880e-01
82 8.885080e-01 8.740000e-03 1.027520e-01
83 8.870000e-01 8.660000e-03 1.043400e-01
84 8.854720e-01 8.532000e-03 1.059960e-01
85 8.841040e-01 8.504000e-03 1.073920e-01
86 8.827200e-01 8.308000e-03 1.089720e-01
87 8.813840e-01 8.236000e-03 1.103800e-01
88 8.798200e-01 8.480000e-03 1.117000e-01
89 8.783120e-01 8.612000e-03 1.130760e-01
90 8.767760e-01 8.704000e-03 1.145200e-01
91 8.753080e-01 8.752000e-03 1.159400e-01
92 8.737440e-01 8.684000e-03 1.175720e-01
93 8.721960e-01 8.752000e-03 1.190520e-01
94 8.706600e-01 8.688000e-03 1.206520e-01
95 8.692440e-01 8.636000e-03 1.221200e-01
96 8.677800e-01 8.556000e-03 1.236640e-01
97 8.664160e-01 8.444000e-03 1.251400e-01
98 8.649320e-01 8.468000e-03 1.266000e-01
99 8.634040e-01 8.500000e-03 1.280960e-01
100 8.620000e-01 8.388000e-03 1.296120e-01
101 8.604080e-01 8.452000e-03 1.311400e-01
102 8.589520e-01 8.464000e-03 1.325840e-01
103 8.575840e-01 8.300000e-03 1.341160e-01
104 8.561240e-01 8.432000e-03 1.354440e-01
105 8.547240e-01 8.356000e-03 1.369200e-01
106 8.533320e-01 8.300000e-03 1.383680e-01
107 8.519280e-01 8.308000e-03 1.397640e-01
108 8.505600e-01 8.292000e-03 1.411480e-01
109 8.492360e-01 8.148000e-03 1.426160e-01
110 8.477680e-01 8.200000e-03 1.440320e-01
111 8.462360e-01 8.316000e-03 1.454480e-01
112 8.447440e-01 8.216000e-03 1.470400e-01
113 8.433920e-01 8.232000e-03 1.483760e-01
114 8.421160e-01 8.088000e-03 1.497960e-01
115 8.407520e-01 8.240000e-03 1.510080e-01
116 8.394560e-01 7.988000e-03 1.525560e-01
117 8.382160e-01 7.868000e-03 1.539160e-01
118 8.369000e-01 7.832000e-03 1.552680e-01
119 8.356920e-01 7.584000e-03 1.567240e-01
120 8.344120e-01 7.452000e-03 1.581360e-01
121 8.332160e-01 7.328000e-03 1.594560e-01
122 8.320640e-01 7.336000e-03 1.606000e-01
123 8.308800e-01 7.232000e-03 1.618880e-01
124 8.297840e-01 7.112000e-03 1.631040e-01
125 8.284760e-01 7.196000e-03 1.643280e-01
126 8.272920e-01 7.128000e-03 1.655800e-01
127 8.259480e-01 7.092000e-03 1.669600e-01
128 8.248840e-01 6.856000e-03 1.682600e-01
129 8.237760e-01 6.792000e-03 1.694320e-01
130 8.226840e-01 6.736000e-03 1.705800e-01
131 8.215160e-01 6.664000e-03 1.718200e-01
132 8.204160e-01 6.608000e-03 1.729760e-01
133 8.194080e-01 6.500000e-03 1.740920e-01
134 8.183360e-01 6.464000e-03 1.752000e-01
135 8.171880e-01 6.444000e-03 1.763680e-01
136 8.159480e-01 6.524000e-03 1.775280e-01
137 8.146440e-01 6.736000e-03 1.786200e-01
138 8.133760e-01 6.776000e-03 1.798480e-01
139 8.122560e-01 6.700000e-03 1.810440e-01
140 8.111200e-01 6.616000e-03 1.822640e-01
141 8.099240e-01 6.628000e-03 1.834480e-01
142 8.087280e-01 6.708000e-03 1.845640e-01
143 8.076440e-01 6.708000e-03 1.856480e-01
144 8.065280e-01 6.580000e-03 1.868920e-01
145 8.054120e-01 6.544000e-03 1.880440e-01
146 8.043040e-01 6.472000e-03 1.892240e-01
147 8.033160e-01 6.312000e-03 1.903720e-01
148 8.024160e-01 6.064000e-03 1.915200e-01
149 8.013800e-01 6.008000e-03 1.926120e-01
150 8.004320e-01 5.904000e-03 1.936640e-01
151 7.995600e-01 5.780000e-03 1.946600e-01
152 7.984920e-01 5.792000e-03 1.957160e-01
153 7.974480e-01 5.864000e-03 1.966880e-01
154 7.963000e-01 6.016000e-03 1.976840e-01
155 7.952160e-01 6.088000e-03 1.986960e-01
156 7.941360e-01 6.036000e-03 1.998280e-01
157 7.930280e-01 6.060000e-03 2.009120e-01
158 7.920800e-01 5.924000e-03 2.019960e-01
159 7.911520e-01 5.888000e-03 2.029600e-01
160 7.900640e-01 5.896000e-03 2.040400e-01
161 7.891120e-01 5.888000e-03 2.050000e-01
162 7.881640e-01 5.812000e-03 2.060240e-01
163 7.871640e-01 5.836000e-03 2.070000e-01
164 7.861800e-01 5.856000e-03 2.079640e-01
165 7.850480e-01 5.892000e-03 2.090600e-01
166 7.839000e-01 5.968000e-03 2.101320e-01
167 7.828160e-01 6.036000e-03 2.111480e-01
168 7.818400e-01 5.884000e-03 2.122760e-01
169 7.807560e-01 5.940000e-03 2.133040e-01
170 7.795520e-01 6.064000e-03 2.143840e-01
171 7.784640e-01 6.072000e-03 2.154640e-01
172 7.774240e-01 6.144000e-03 2.164320e-01
173 7.763800e-01 6.228000e-03 2.173920e-01
174 7.754760e-01 6.008000e-03 2.185160e-01
175 7.744840e-01 6.032000e-03 2.194840e-01
176 7.734360e-01 6.044000e-03 2.205200e-01
177 7.724840e-01 5.856000e-03 2.216600e-01
178 7.714840e-01 5.844000e-03 2.226720e-01
179 7.704760e-01 5.888000e-03 2.236360e-01
180 7.694360e-01 5.948000e-03 2.246160e-01
181 7.684680e-01 5.884000e-03 2.256480e-01
182 7.674080e-01 5.900000e-03 2.266920e-01
183 7.663640e-01 5.952000e-03 2.276840e-01
184 7.654080e-01 5.904000e-03 2.286880e-01
185 7.645000e-01 5.848000e-03 2.296520e-01
186 7.636280e-01 5.772000e-03 2.306000e-01
187 7.627360e-01 5.620000e-03 2.316440e-01
188 7.619240e-01 5.508000e-03 2.325680e-01
189 7.611040e-01 5.396000e-03 2.335000e-01
190 7.602560e-01 5.296000e-03 2.344480e-01
191 7.593760e-01 5.252000e-03 2.353720e-01
192 7.585600e-01 5.156000e-03 2.362840e-01
193 7.577840e-01 5.068000e-03 2.371480e-01
194 7.569280e-01 5.208000e-03 2.378640e-01
195 7.560080e-01 5.240000e-03 2.387520e-01
196 7.552400e-01 5.068000e-03 2.396920e-01
197 7.545080e-01 4.856000e-03 2.406360e-01
198 7.536600e-01 4.784000e-03 2.415560e-01
199 7.529000e-01 4.748000e-03 2.423520e-01
200 7.521840e-01 4.684000e-03 2.431320e-01
201 7.514680e-01 4.624000e-03 2.439080e-01
202 7.506840e-01 4.568000e-03 2.447480e-01
203 7.496960e-01 4.800000e-03 2.455040e-01
204 7.488720e-01 4.796000e-03 2.463320e-01
205 7.479840e-01 4.840000e-03 2.471760e-01
206 7.471320e-01 4.852000e-03 2.480160e-01
207 7.462680e-01 4.828000e-03 2.489040e-01
208 7.454720e-01 4.824000e-03 2.497040e-01
209 7.446840e-01 4.784000e-03 2.505320e-01
210 7.439560e-01 4.680000e-03 2.513640e-01
211 7.432120e-01 4.652000e-03 2.521360e-01
212 7.424400e-01 4.676000e-03 2.528840e-01
213 7.416760e-01 4.620000e-03 2.537040e-01
214 7.408240e-01 4.600000e-03 2.545760e-01
215 7.401240e-01 4.516000e-03 2.553600e-01
216 7.394200e-01 4.500000e-03 2.560800e-01
217 7.386280e-01 4.372000e-03 2.570000e-01
218 7.376840e-01 4.520000e-03 2.577960e-01
219 7.367720e-01 4.708000e-03 2.585200e-01
220 7.358240e-01 4.864000e-03 2.593120e-01
221 7.350080e-01 4.764000e-03 2.602280e-01
222 7.341720e-01 4.812000e-03 2.610160e-01
223 7.332800e-01 4.836000e-03 2.618840e-01
224 7.324840e-01 4.796000e-03 2.627200e-01
225 7.317240e-01 4.864000e-03 2.634120e-01
226 7.310600e-01 4.712000e-03 2.642280e-01
227 7.302840e-01 4.700000e-03 2.650160e-01
228 7.295280e-01 4.644000e-03 2.658280e-01
229 7.287360e-01 4.716000e-03 2.665480e-01
230 7.278760e-01 4.752000e-03 2.673720e-01
231 7.270640e-01 4.684000e-03 2.682520e-01
232 7.261960e-01 4.744000e-03 2.690600e-01
233 7.253160e-01 4.732000e-03 2.699520e-01
234 7.244800e-01 4.696000e-03 2.708240e-01
235 7.236360e-01 4.764000e-03 2.716000e-01
236 7.227960e-01 4.784000e-03 2.724200e-01
237 7.220160e-01 4.736000e-03 2.732480e-01
238 7.211200e-01 4.692000e-03 2.741880e-01
239 7.203520e-01 4.644000e-03 2.750040e-01
240 7.195120e-01 4.808000e-03 2.756800e-01
241 7.185960e-01 4.880000e-03 2.765240e-01
242 7.176040e-01 4.944000e-03 2.774520e-01
243 7.166640e-01 4.992000e-03 2.783440e-01
244 7.156880e-01 5.092000e-03 2.792200e-01
245 7.148160e-01 5.084000e-03 2.801000e-01
246 7.139120e-01 5.112000e-03 2.809760e-01
247 7.130800e-01 5.032000e-03 2.818880e-01
248 7.122960e-01 4.908000e-03 2.827960e-01
249 7.114960e-01 4.932000e-03 2.835720e-01
250 7.106600e-01 4.984000e-03 2.843560e-01
251 7.097920e-01 4.936000e-03 2.852720e-01
252 7.090200e-01 4.784000e-03 2.861960e-01
253 7.082960e-01 4.628000e-03 2.870760e-01
254 7.075040e-01 4.584000e-03 2.879120e-01
255 7.067720e-01 4.564000e-03 2.886640e-01
256 7.059840e-01 4.584000e-03 2.894320e-01
257 7.052440e-01 4.512000e-03 2.902440e-01
258 7.045800e-01 4.404000e-03 2.910160e-01
259 7.038480e-01 4.228000e-03 2.919240e-01
260 7.030760e-01 4.280000e-03 2.926440e-01
261 7.024360e-01 4.152000e-03 2.934120e-01
262 7.018080e-01 4.060000e-03 2.941320e-01
263 7.012680e-01 3.900000e-03 2.948320e-01
264 7.006000e-01 3.800000e-03 2.956000e-01
265 7.000120e-01 3.800000e-03 2.961880e-01
266 6.994480e-01 3.704000e-03 2.968480e-01
267 6.987360e-01 3.800000e-03 2.974640e-01
268 6.981640e-01 3.656000e-03 2.981800e-01
269 6.974920e-01 3.676000e-03 2.988320e-01
270 6.968880e-01 3.612000e-03 2.995000e-01
271 6.962480e-01 3.540000e-03 3.002120e-01
272 6.955640e-01 3.564000e-03 3.008720e-01
273 6.948800e-01 3.612000e-03 3.015080e-01
274 6.942320e-01 3.620000e-03 3.021480e-01
275 6.936240e-01 3.584000e-03 3.027920e-01
276 6.929280e-01 3.624000e-03 3.034480e-01
277 6.922880e-01 3.604000e-03 3.041080e-01
278 6.916320e-01 3.652000e-03 3.047160e-01
279 6.910000e-01 3.628000e-03 3.053720e-01
280 6.903800e-01 3.620000e-03 3.060000e-01
281 6.898480e-01 3.524000e-03 3.066280e-01
282 6.892640e-01 3.528000e-03 3.072080e-01
283 6.887480e-01 3.464000e-03 3.077880e-01
284 6.882080e-01 3.372000e-03 3.084200e-01
285 6.877120e-01 3.248000e-03 3.090400e-01
286 6.873120e-01 3.124000e-03 3.095640e-01
287 6.868000e-01 3.068000e-03 3.101320e-01
288 6.862640e-01 3.040000e-03 3.106960e-01
289 6.856440e-01 3.180000e-03 3.111760e-01
290 6.850880e-01 3.168000e-03 3.117440e-01
291 6.845200e-01 3.160000e-03 3.123200e-01
292 6.839360e-01 3.168000e-03 3.128960e-01
293 6.834400e-01 3.124000e-03 3.134360e-01
294 6.828520e-01 3.132000e-03 3.140160e-01
295 6.822920e-01 3.140000e-03 3.145680e-01
296 6.817560e-01 3.196000e-03 3.150480e-01
297 6.812440e-01 3.144000e-03 3.156120e-01
298 6.806760e-01 3.188000e-03 3.161360e-01
299 6.800960e-01 3.164000e-03 3.167400e-01
300 6.795800e-01 3.068000e-03 3.173520e-01
301 6.791440e-01 3.044000e-03 3.178120e-01
302 6.787000e-01 3.012000e-03 3.182880e-01
303 6.782480e-01 2.948000e-03 3.188040e-01
304 6.777200e-01 2.916000e-03 3.193640e-01
305 6.772440e-01 2.888000e-03 3.198680e-01
306 6.767960e-01 2.780000e-03 3.204240e-01
307 6.764040e-01 2.652000e-03 3.209440e-01
308 6.759840e-01 2.580000e-03 3.214360e-01
309 6.755720e-01 2.548000e-03 3.218800e-01
310 6.750720e-01 2.616000e-03 3.223120e-01
311 6.746600e-01 2.544000e-03 3.227960e-01
312 6.742600e-01 2.544000e-03 3.231960e-01
313 6.738320e-01 2.540000e-03 3.236280e-01
314 6.734160e-01 2.556000e-03 3.240280e-01
315 6.730280e-01 2.480000e-03 3.244920e-01
316 6.725680e-01 2.496000e-03 3.249360e-01
317 6.721600e-01 2.500000e-03 3.253400e-01
318 6.717920e-01 2.432000e-03 3.257760e-01
319 6.712680e-01 2.560000e-03 3.261720e-01
320 6.708520e-01 2.484000e-03 3.266640e-01
321 6.704400e-01 2.460000e-03 3.271000e-01
322 6.699840e-01 2.488000e-03 3.275280e-01
323 6.695080e-01 2.508000e-03 3.279840e-01
324 6.690600e-01 2.500000e-03 3.284400e-01
325 6.686680e-01 2.496000e-03 3.288360e-01
326 6.681960e-01 2.548000e-03 3.292560e-01
327 6.677720e-01 2.532000e-03 3.296960e-01
328 6.672360e-01 2.616000e-03 3.301480e-01
329 6.668800e-01 2.548000e-03 3.305720e-01
330 6.664440e-01 2.540000e-03 3.310160e-01
331 6.659960e-01 2.608000e-03 3.313960e-01
332 6.655080e-01 2.616000e-03 3.318760e-01
333 6.650920e-01 2.532000e-03 3.323760e-01
334 6.646000e-01 2.600000e-03 3.328000e-01
335 6.641480e-01 2.616000e-03 3.332360e-01
336 6.637040e-01 2.608000e-03 3.336880e-01
337 6.632680e-01 2.604000e-03 3.341280e-01
338 6.628040e-01 2.640000e-03 3.345560e-01
339 6.623240e-01 2.608000e-03 3.350680e-01
340 6.618880e-01 2.640000e-03 3.354720e-01
341 6.615200e-01 2.556000e-03 3.359240e-01
342 6.611800e-01 2.444000e-03 3.363760e-01
343 6.607960e-01 2.400000e-03 3.368040e-01
344 6.603800e-01 2.424000e-03 3.371960e-01
345 6.599680e-01 2.452000e-03 3.375800e-01
346 6.596080e-01 2.428000e-03 3.379640e-01
347 6.591760e-01 2.396000e-03 3.384280e-01
348 6.587880e-01 2.328000e-03 3.388840e-01
349 6.583320e-01 2.332000e-03 3.393360e-01
350 6.578600e-01 2.408000e-03 3.397320e-01
351 6.574560e-01 2.360000e-03 3.401840e-01
352 6.570720e-01 2.428000e-03 3.405000e-01
353 6.566440e-01 2.504000e-03 3.408520e-01
354 6.562000e-01 2.564000e-03 3.412360e-01
355 6.558640e-01 2.476000e-03 3.416600e-01
356 6.554920e-01 2.432000e-03 3.420760e-01
357 6.551480e-01 2.332000e-03 3.425200e-01
358 6.547000e-01 2.428000e-03 3.428720e-01
359 6.543000e-01 2.400000e-03 3.433000e-01
360 6.539240e-01 2.368000e-03 3.437080e-01
361 6.535440e-01 2.308000e-03 3.441480e-01
362 6.531320e-01 2.336000e-03 3.445320e-01
363 6.527400e-01 2.376000e-03 3.448840e-01
364 6.523440e-01 2.384000e-03 3.452720e-01
365 6.520200e-01 2.284000e-03 3.456960e-01
366 6.516240e-01 2.244000e-03 3.461320e-01
367 6.512680e-01 2.224000e-03 3.465080e-01
368 6.509720e-01 2.096000e-03 3.469320e-01
369 6.506240e-01 2.116000e-03 3.472600e-01
370 6.503760e-01 1.988000e-03 3.476360e-01
371 6.500400e-01 1.988000e-03 3.479720e-01
372 6.496880e-01 1.996000e-03 3.483160e-01
373 6.493800e-01 1.940000e-03 3.486800e-01
374 6.490000e-01 1.980000e-03 3.490200e-01
375 6.486880e-01 1.940000e-03 3.493720e-01
376 6.483480e-01 1.944000e-03 3.497080e-01
377 6.479800e-01 1.980000e-03 3.500400e-01
378 6.476000e-01 2.056000e-03 3.503440e-01
379 6.473160e-01 1.972000e-03 3.507120e-01
380 6.469720e-01 2.024000e-03 3.510040e-01
381 6.466280e-01 1.972000e-03 3.514000e-01
382 6.463120e-01 1.940000e-03 3.517480e-01
383 6.459760e-01 1.988000e-03 3.520360e-01
384 6.456440e-01 1.960000e-03 3.523960e-01
385 6.453160e-01 1.940000e-03 3.527440e-01
386 6.449960e-01 1.860000e-03 3.531440e-01
387 6.446560e-01 1.900000e-03 3.534440e-01
388 6.443680e-01 1.832000e-03 3.538000e-01
389 6.440960e-01 1.696000e-03 3.542080e-01
390 6.438440e-01 1.624000e-03 3.545320e-01
391 6.435840e-01 1.552000e-03 3.548640e-01
392 6.432840e-01 1.612000e-03 3.551040e-01
393 6.430200e-01 1.620000e-03 3.553600e-01
394 6.428080e-01 1.520000e-03 3.556720e-01
395 6.425560e-01 1.496000e-03 3.559480e-01
396 6.422840e-01 1.536000e-03 3.561800e-01
397 6.420280e-01 1.528000e-03 3.564440e-01
398 6.417240e-01 1.612000e-03 3.566640e-01
399 6.414400e-01 1.568000e-03 3.569920e-01
400 6.411960e-01 1.512000e-03 3.572920e-01
401 6.409520e-01 1.496000e-03 3.575520e-01
402 6.406160e-01 1.576000e-03 3.578080e-01
403 6.403600e-01 1.560000e-03 3.580800e-01
404 6.400920e-01 1.576000e-03 3.583320e-01
405 6.397880e-01 1.628000e-03 3.585840e-01
406 6.394760e-01 1.636000e-03 3.588880e-01
407 6.391400e-01 1.724000e-03 3.591360e-01
408 6.387880e-01 1.716000e-03 3.594960e-01
409 6.385120e-01 1.692000e-03 3.597960e-01
410 6.382160e-01 1.656000e-03 3.601280e-01
411 6.379160e-01 1.712000e-03 3.603720e-01
412 6.375960e-01 1.704000e-03 3.607000e-01
413 6.372960e-01 1.688000e-03 3.610160e-01
414 6.370800e-01 1.604000e-03 3.613160e-01
415 6.367840e-01 1.624000e-03 3.615920e-01
416 6.364640e-01 1.620000e-03 3.619160e-01
417 6.362400e-01 1.536000e-03 3.622240e-01
418 6.360600e-01 1.428000e-03 3.625120e-01
419 6.358000e-01 1.428000e-03 3.627720e-01
420 6.355720e-01 1.412000e-03 3.630160e-01
421 6.354200e-01 1.276000e-03 3.633040e-01
422 6.352320e-01 1.196000e-03 3.635720e-01
423 6.350360e-01 1.208000e-03 3.637560e-01
424 6.348880e-01 1.152000e-03 3.639600e-01
425 6.347040e-01 1.120000e-03 3.641760e-01
426 6.345240e-01 1.096000e-03 3.643800e-01
427 6.343320e-01 1.100000e-03 3.645680e-01
428 6.342000e-01 1.068000e-03 3.647320e-01
429 6.340160e-01 1.076000e-03 3.649080e-01
430 6.338000e-01 1.116000e-03 3.650840e-01
431 6.336320e-01 1.096000e-03 3.652720e-01
432 6.333800e-01 1.148000e-03 3.654720e-01
433 6.331680e-01 1.180000e-03 3.656520e-01
434 6.329440e-01 1.164000e-03 3.658920e-01
435 6.327040e-01 1.204000e-03 3.660920e-01
436 6.324520e-01 1.248000e-03 3.663000e-01
437 6.322520e-01 1.260000e-03 3.664880e-01
438 6.320360e-01 1.232000e-03 3.667320e-01
439 6.318120e-01 1.216000e-03 3.669720e-01
440 6.315520e-01 1.268000e-03 3.671800e-01
441 6.313520e-01 1.228000e-03 3.674200e-01
442 6.311080e-01 1.280000e-03 3.676120e-01
443 6.308960e-01 1.280000e-03 3.678240e-01
444 6.306960e-01 1.280000e-03 3.680240e-01
445 6.305080e-01 1.200000e-03 3.682920e-01
446 6.303120e-01 1.212000e-03 3.684760e-01
447 6.301080e-01 1.208000e-03 3.686840e-01
448 6.299240e-01 1.212000e-03 3.688640e-01
449 6.297640e-01 1.184000e-03 3.690520e-01
450 6.295960e-01 1.156000e-03 3.692480e-01
451 6.294120e-01 1.116000e-03 3.694720e-01
452 6.292640e-01 1.044000e-03 3.696920e-01
453 6.291040e-01 1.044000e-03 3.698520e-01
454 6.289360e-01 1.028000e-03 3.700360e-01
455 6.288120e-01 1.008000e-03 3.701800e-01
456 6.286840e-01 9.920000e-04 3.703240e-01
457 6.285400e-01 9.760000e-04 3.704840e-01
458 6.284360e-01 9.200000e-04 3.706440e-01
459 6.282480e-01 9.600000e-04 3.707920e-01
460 6.281000e-01 9.360000e-04 3.709640e-01
461 6.278880e-01 9.440000e-04 3.711680e-01
462 6.277240e-01 9.480000e-04 3.713280e-01
463 6.275640e-01 9.080000e-04 3.715280e-01
464 6.273760e-01 9.560000e-04 3.716680e-01
465 6.272040e-01 9.240000e-04 3.718720e-01
466 6.270920e-01 8.960000e-04 3.720120e-01
467 6.269200e-01 8.840000e-04 3.721960e-01
468 6.267920e-01 8.680000e-04 3.723400e-01
469 6.266840e-01 7.920000e-04 3.725240e-01
470 6.265480e-01 7.560000e-04 3.726960e-01
471 6.264440e-01 6.880000e-04 3.728680e-01
472 6.263080e-01 6.760000e-04 3.730160e-01
473 6.261840e-01 6.840000e-04 3.731320e-01
474 6.260280e-01 7.080000e-04 3.732640e-01
475 6.258840e-01 7.360000e-04 3.733800e-01
476 6.257560e-01 7.400000e-04 3.735040e-01
477 6.255760e-01 7.920000e-04 3.736320e-01
478 6.254520e-01 7.680000e-04 3.737800e-01
479 6.253400e-01 7.480000e-04 3.739120e-01
480 6.252200e-01 6.880000e-04 3.740920e-01
481 6.251400e-01 6.120000e-04 3.742480e-01
482 6.250280e-01 6.360000e-04 3.743360e-01
483 6.249120e-01 6.160000e-04 3.744720e-01
484 6.248160e-01 6.000000e-04 3.745840e-01
485 6.247400e-01 5.840000e-04 3.746760e-01
486 6.245920e-01 6.280000e-04 3.747800e-01
487 6.244720e-01 6.640000e-04 3.748640e-01
488 6.243320e-01 7.240000e-04 3.749440e-01
489 6.242040e-01 7.400000e-04 3.750560e-01
490 6.240920e-01 7.440000e-04 3.751640e-01
491 6.239320e-01 7.920000e-04 3.752760e-01
492 6.237840e-01 8.120000e-04 3.754040e-01
493 6.236520e-01 8.480000e-04 3.755000e-01
494 6.235360e-01 8.760000e-04 3.755880e-01
495 6.234280e-01 8.360000e-04 3.757360e-01
496 6.232800e-01 8.440000e-04 3.758760e-01
497 6.230840e-01 8.920000e-04 3.760240e-01
498 6.229080e-01 9.080000e-04 3.761840e-01
499 6.227400e-01 9.440000e-04 3.763160e-01
500 6.226000e-01 9.480000e-04 3.764520e-01
