1 9.992360e-01 6.640000e-04 1.000000e-04
2 9.986080e-01 1.172000e-03 2.200000e-04
3 9.979560e-01 1.580000e-03 4.640000e-04
4 9.972960e-01 1.896000e-03 8.080000e-04
5 9.964600e-01 2.336000e-03 1.204000e-03
6 9.955560e-01 2.840000e-03 1.604000e-03
7 9.946080e-01 3.220000e-03 2.172000e-03
8 9.934520e-01 3.768000e-03 2.780000e-03
9 9.920960e-01 4.368000e-03 3.536000e-03
10 9.909480e-01 4.796000e-03 4.256000e-03
11 9.898280e-01 5.104000e-03 5.068000e-03
12 9.886880e-01 5.340000e-03 5.972000e-03
13 9.876520e-01 5.492000e-03 6.856000e-03
14 9.863840e-01 5.848000e-03 7.768000e-03
15 9.850320e-01 6.128000e-03 8.840000e-03
16 9.837400e-01 6.252000e-03 1.000800e-02
17 9.823080e-01 6.660000e-03 1.103200e-02
18 9.809720e-01 6.864000e-03 1.216400e-02
19 9.795680e-01 7.036000e-03 1.339600e-02
20 9.780560e-01 7.304000e-03 1.464000e-02
21 9.765760e-01 7.556000e-03 1.586800e-02
22 9.751080e-01 7.728000e-03 1.716400e-02
23 9.736040e-01 7.832000e-03 1.856400e-02
24 9.719960e-01 8.016000e-03 1.998800e-02
25 9.703800e-01 8.172000e-03 2.144800e-02
26 9.687080e-01 8.504000e-03 2.278800e-02
27 9.671960e-01 8.440000e-03 2.436400e-02
28 9.656200e-01 8.596000e-03 2.578400e-02
29 9.640280e-01 8.716000e-03 2.725600e-02
30 9.621880e-01 9.060000e-03 2.875200e-02
31 9.604760e-01 9.212000e-03 3.031200e-02
32 9.588120e-01 9.284000e-03 3.190400e-02
33 9.569920e-01 9.392000e-03 3.361600e-02
34 9.551320e-01 9.580000e-03 3.528800e-02
35 9.533560e-01 9.768000e-03 3.687600e-02
36 9.515840e-01 9.748000e-03 3.866800e-02
37 9.497880e-01 9.884000e-03 4.032800e-02
38 9.481360e-01 9.888000e-03 4.197600e-02
39 9.463960e-01 9.792000e-03 4.381200e-02
40 9.447800e-01 9.608000e-03 4.561200e-02
41 9.430280e-01 9.624000e-03 4.734800e-02
42 9.413640e-01 9.600000e-03 4.903600e-02
43 9.397480e-01 9.728000e-03 5.052400e-02
44 9.379480e-01 9.796000e-03 5.225600e-02
45 9.360560e-01 1.009200e-02 5.385200e-02
46 9.342080e-01 1.019600e-02 5.559600e-02
47 9.323840e-01 1.036800e-02 5.724800e-02
48 9.306000e-01 1.036000e-02 5.904000e-02
49 9.287920e-01 1.022000e-02 6.098800e-02
50 9.269640e-01 1.027600e-02 6.276000e-02
51 9.251280e-01 1.039600e-02 6.447600e-02
52 9.232880e-01 1.048000e-02 6.623200e-02
53 9.216040e-01 1.043200e-02 6.796400e-02
54 9.197480e-01 1.044800e-02 6.980400e-02
55 9.178440e-01 1.062000e-02 7.153600e-02
56 9.160880e-01 1.049200e-02 7.342000e-02
57 9.143640e-01 1.042000e-02 7.521600e-02
58 9.125920e-01 1.027600e-02 7.713200e-02
59 9.107400e-01 1.047200e-02 7.878800e-02
60 9.087480e-01 1.064800e-02 8.060400e-02
61 9.069200e-01 1.054400e-02 8.253600e-02
62 9.051920e-01 1.041200e-02 8.439600e-02
63 9.033760e-01 1.044800e-02 8.617600e-02
64 9.015120e-01 1.062000e-02 8.786800e-02
65 8.996160e-01 1.060800e-02 8.977600e-02
66 8.976960e-01 1.057600e-02 9.172800e-02
67 8.958080e-01 1.073200e-02 9.346000e-02
68 8.938000e-01 1.086800e-02 9.533200e-02
69 8.919000e-01 1.078400e-02 9.731600e-02
70 8.900720e-01 1.074800e-02 9.918000e-02
71 8.881840e-01 1.062800e-02 1.011880e-01
72 8.864840e-01 1.053600e-02 1.029800e-01
73 8.845600e-01 1.059600e-02 1.048440e-01
74 8.827160e-01 1.048400e-02 1.068000e-01
75 8.809480e-01 1.034800e-02 1.087040e-01
76 8.791440e-01 1.019200e-02 1.106640e-01
77 8.773480e-01 1.020800e-02 1.124440e-01
78 8.755720e-01 1.027200e-02 1.141560e-01
79 8.739080e-01 1.013600e-02 1.159560e-01
80 8.721480e-01 1.006800e-02 1.177840e-01
81 8.704720e-01 9.948000e-03 1.195800e-01
82 8.688040e-01 1.004800e-02 1.211480e-01
83 8.668960e-01 1.027600e-02 1.228280e-01
84 8.651560e-01 1.005200e-02 1.247920e-01
85 8.634000e-01 9.896000e-03 1.267040e-01
86 8.618400e-01 9.836000e-03 1.283240e-01
87 8.601920e-01 9.736000e-03 1.300720e-01
88 8.585360e-01 9.760000e-03 1.317040e-01
89 8.568840e-01 9.692000e-03 1.334240e-01
90 8.552400e-01 9.708000e-03 1.350520e-01
91 8.536280e-01 9.676000e-03 1.366960e-01
92 8.519760e-01 9.584000e-03 1.384400e-01
93 8.502880e-01 9.636000e-03 1.400760e-01
94 8.484520e-01 9.892000e-03 1.416560e-01
95 8.467640e-01 1.002400e-02 1.432120e-01
96 8.451720e-01 1.000400e-02 1.448240e-01
97 8.434240e-01 1.005200e-02 1.465240e-01
98 8.417680e-01 9.876000e-03 1.483560e-01
99 8.403160e-01 9.584000e-03 1.501000e-01
100 8.387120e-01 9.584000e-03 1.517040e-01
101 8.372120e-01 9.568000e-03 1.532200e-01
102 8.356040e-01 9.544000e-03 1.548520e-01
103 8.339960e-01 9.736000e-03 1.562680e-01
104 8.325360e-01 9.612000e-03 1.578520e-01
105 8.311240e-01 9.368000e-03 1.595080e-01
106 8.295960e-01 9.296000e-03 1.611080e-01
107 8.281440e-01 9.100000e-03 1.627560e-01
108 8.266840e-01 8.884000e-03 1.644320e-01
109 8.251160e-01 8.916000e-03 1.659680e-01
110 8.236800e-01 8.784000e-03 1.675360e-01
111 8.220720e-01 8.932000e-03 1.689960e-01
112 8.204680e-01 8.968000e-03 1.705640e-01
113 8.189320e-01 8.864000e-03 1.722040e-01
114 8.173120e-01 8.988000e-03 1.737000e-01
115 8.158560e-01 8.852000e-03 1.752920e-01
116 8.145200e-01 8.632000e-03 1.768480e-01
117 8.131720e-01 8.512000e-03 1.783160e-01
118 8.118440e-01 8.424000e-03 1.797320e-01
119 8.106360e-01 8.260000e-03 1.811040e-01
120 8.091760e-01 8.340000e-03 1.824840e-01
121 8.079040e-01 8.240000e-03 1.838560e-01
122 8.065920e-01 8.252000e-03 1.851560e-01
123 8.054880e-01 7.916000e-03 1.865960e-01
124 8.041440e-01 8.000000e-03 1.878560e-01
125 8.028680e-01 7.808000e-03 1.893240e-01
126 8.016520e-01 7.744000e-03 1.906040e-01
127 8.003120e-01 7.704000e-03 1.919840e-01
128 7.991320e-01 7.592000e-03 1.932760e-01
129 7.978440e-01 7.560000e-03 1.945960e-01
130 7.966760e-01 7.444000e-03 1.958800e-01
131 7.955040e-01 7.248000e-03 1.972480e-01
132 7.943280e-01 7.196000e-03 1.984760e-01
133 7.931680e-01 6.884000e-03 1.999480e-01
134 7.920200e-01 6.912000e-03 2.010680e-01
135 7.908440e-01 6.840000e-03 2.023160e-01
136 7.897600e-01 6.624000e-03 2.036160e-01
137 7.885960e-01 6.624000e-03 2.047800e-01
138 7.874240e-01 6.656000e-03 2.059200e-01
139 7.861720e-01 6.752000e-03 2.070760e-01
140 7.849040e-01 6.760000e-03 2.083360e-01
141 7.836040e-01 6.872000e-03 2.095240e-01
142 7.824760e-01 6.864000e-03 2.106600e-01
143 7.813720e-01 6.772000e-03 2.118560e-01
144 7.803360e-01 6.660000e-03 2.130040e-01
145 7.793320e-01 6.528000e-03 2.141400e-01
146 7.783200e-01 6.332000e-03 2.153480e-01
147 7.772200e-01 6.256000e-03 2.165240e-01
148 7.762440e-01 6.092000e-03 2.176640e-01
149 7.752000e-01 6.028000e-03 2.187720e-01
150 7.741360e-01 6.032000e-03 2.198320e-01
151 7.730800e-01 6.164000e-03 2.207560e-01
152 7.719720e-01 6.160000e-03 2.218680e-01
153 7.709360e-01 6.016000e-03 2.230480e-01
154 7.698440e-01 6.020000e-03 2.241360e-01
155 7.687920e-01 6.080000e-03 2.251280e-01
156 7.677080e-01 6.060000e-03 2.262320e-01
157 7.665720e-01 6.136000e-03 2.272920e-01
158 7.653840e-01 6.172000e-03 2.284440e-01
159 7.642280e-01 6.168000e-03 2.296040e-01
160 7.631960e-01 6.240000e-03 2.305640e-01
161 7.621800e-01 6.076000e-03 2.317440e-01
162 7.610720e-01 6.016000e-03 2.329120e-01
163 7.601520e-01 5.864000e-03 2.339840e-01
164 7.591400e-01 5.820000e-03 2.350400e-01
165 7.581560e-01 5.788000e-03 2.360560e-01
166 7.572320e-01 5.716000e-03 2.370520e-01
167 7.561760e-01 5.780000e-03 2.380440e-01
168 7.551160e-01 5.872000e-03 2.390120e-01
169 7.540480e-01 5.916000e-03 2.400360e-01
170 7.529440e-01 5.944000e-03 2.411120e-01
171 7.518800e-01 5.804000e-03 2.423160e-01
172 7.510320e-01 5.720000e-03 2.432480e-01
173 7.500680e-01 5.720000e-03 2.442120e-01
174 7.491640e-01 5.616000e-03 2.452200e-01
175 7.482160e-01 5.596000e-03 2.461880e-01
176 7.472960e-01 5.424000e-03 2.472800e-01
177 7.463600e-01 5.440000e-03 2.482000e-01
178 7.455840e-01 5.292000e-03 2.491240e-01
179 7.446360e-01 5.284000e-03 2.500800e-01
180 7.437440e-01 5.156000e-03 2.511000e-01
181 7.428720e-01 5.136000e-03 2.519920e-01
182 7.419280e-01 5.180000e-03 2.528920e-01
183 7.411280e-01 5.092000e-03 2.537800e-01
184 7.402360e-01 5.052000e-03 2.547120e-01
185 7.392920e-01 5.156000e-03 2.555520e-01
186 7.383480e-01 5.288000e-03 2.563640e-01
187 7.373400e-01 5.396000e-03 2.572640e-01
188 7.364040e-01 5.412000e-03 2.581840e-01
189 7.354080e-01 5.520000e-03 2.590720e-01
190 7.346400e-01 5.304000e-03 2.600560e-01
191 7.338120e-01 5.184000e-03 2.610040e-01
192 7.329400e-01 5.112000e-03 2.619480e-01
193 7.321360e-01 5.068000e-03 2.627960e-01
194 7.312800e-01 4.964000e-03 2.637560e-01
195 7.304840e-01 4.908000e-03 2.646080e-01
196 7.296160e-01 4.988000e-03 2.653960e-01
197 7.286880e-01 5.072000e-03 2.662400e-01
198 7.277400e-01 5.032000e-03 2.672280e-01
199 7.268560e-01 4.948000e-03 2.681960e-01
200 7.258640e-01 4.988000e-03 2.691480e-01
201 7.249600e-01 5.016000e-03 2.700240e-01
202 7.241120e-01 4.860000e-03 2.710280e-01
203 7.232400e-01 4.848000e-03 2.719120e-01
204 7.223720e-01 4.932000e-03 2.726960e-01
205 7.214840e-01 5.068000e-03 2.734480e-01
206 7.206320e-01 5.088000e-03 2.742800e-01
207 7.197000e-01 5.164000e-03 2.751360e-01
208 7.188240e-01 5.240000e-03 2.759360e-01
209 7.180560e-01 5.164000e-03 2.767800e-01
210 7.172280e-01 5.096000e-03 2.776760e-01
211 7.164760e-01 4.984000e-03 2.785400e-01
212 7.157760e-01 4.840000e-03 2.793840e-01
213 7.149840e-01 4.780000e-03 2.802360e-01
214 7.142560e-01 4.680000e-03 2.810640e-01
215 7.134760e-01 4.656000e-03 2.818680e-01
216 7.126680e-01 4.644000e-03 2.826880e-01
217 7.117760e-01 4.648000e-03 2.835760e-01
218 7.108840e-01 4.692000e-03 2.844240e-01
219 7.101560e-01 4.616000e-03 2.852280e-01
220 7.094760e-01 4.480000e-03 2.860440e-01
221 7.087920e-01 4.280000e-03 2.869280e-01
222 7.079520e-01 4.348000e-03 2.877000e-01
223 7.072320e-01 4.260000e-03 2.885080e-01
224 7.065560e-01 4.220000e-03 2.892240e-01
225 7.059600e-01 4.068000e-03 2.899720e-01
226 7.052600e-01 4.100000e-03 2.906400e-01
227 7.044560e-01 4.020000e-03 2.915240e-01
228 7.036320e-01 4.184000e-03 2.921840e-01
229 7.028960e-01 4.200000e-03 2.929040e-01
230 7.020760e-01 4.304000e-03 2.936200e-01
231 7.012680e-01 4.392000e-03 2.943400e-01
232 7.004880e-01 4.356000e-03 2.951560e-01
233 6.998040e-01 4.332000e-03 2.958640e-01
234 6.989720e-01 4.388000e-03 2.966400e-01
235 6.981480e-01 4.396000e-03 2.974560e-01
236 6.973560e-01 4.436000e-03 2.982080e-01
237 6.965640e-01 4.520000e-03 2.989160e-01
238 6.958040e-01 4.524000e-03 2.996720e-01
239 6.951360e-01 4.336000e-03 3.005280e-01
240 6.943440e-01 4.388000e-03 3.012680e-01
241 6.937760e-01 4.152000e-03 3.020720e-01
242 6.931680e-01 4.000000e-03 3.028320e-01
243 6.925440e-01 3.888000e-03 3.035680e-01
244 6.919160e-01 3.792000e-03 3.042920e-01
245 6.913760e-01 3.696000e-03 3.049280e-01
246 6.907600e-01 3.608000e-03 3.056320e-01
247 6.902040e-01 3.544000e-03 3.062520e-01
248 6.895640e-01 3.632000e-03 3.068040e-01
249 6.889680e-01 3.552000e-03 3.074800e-01
250 6.883040e-01 3.568000e-03 3.081280e-01
251 6.877400e-01 3.468000e-03 3.087920e-01
252 6.871520e-01 3.496000e-03 3.093520e-01
253 6.866240e-01 3.432000e-03 3.099440e-01
254 6.859760e-01 3.496000e-03 3.105280e-01
255 6.853520e-01 3.512000e-03 3.111360e-01
256 6.847520e-01 3.500000e-03 3.117480e-01
257 6.840880e-01 3.548000e-03 3.123640e-01
258 6.835080e-01 3.508000e-03 3.129840e-01
259 6.829680e-01 3.460000e-03 3.135720e-01
260 6.823560e-01 3.516000e-03 3.141280e-01
261 6.817360e-01 3.496000e-03 3.147680e-01
262 6.811400e-01 3.448000e-03 3.154120e-01
263 6.804800e-01 3.484000e-03 3.160360e-01
264 6.798320e-01 3.492000e-03 3.166760e-01
265 6.792320e-01 3.360000e-03 3.174080e-01
266 6.786040e-01 3.416000e-03 3.179800e-01
267 6.779800e-01 3.428000e-03 3.185920e-01
268 6.774440e-01 3.384000e-03 3.191720e-01
269 6.768880e-01 3.344000e-03 3.197680e-01
270 6.762440e-01 3.336000e-03 3.204200e-01
271 6.757160e-01 3.264000e-03 3.210200e-01
272 6.751840e-01 3.284000e-03 3.215320e-01
273 6.745680e-01 3.328000e-03 3.221040e-01
274 6.740360e-01 3.240000e-03 3.227240e-01
275 6.735840e-01 3.112000e-03 3.233040e-01
276 6.730240e-01 3.184000e-03 3.237920e-01
277 6.725920e-01 3.124000e-03 3.242840e-01
278 6.720200e-01 3.016000e-03 3.249640e-01
279 6.714800e-01 3.176000e-03 3.253440e-01
280 6.709760e-01 3.140000e-03 3.258840e-01
281 6.703880e-01 3.148000e-03 3.264640e-01
282 6.698360e-01 3.160000e-03 3.270040e-01
283 6.693040e-01 3.132000e-03 3.275640e-01
284 6.687680e-01 3.108000e-03 3.281240e-01
285 6.682560e-01 3.036000e-03 3.287080e-01
286 6.677960e-01 2.980000e-03 3.292240e-01
287 6.673200e-01 2.928000e-03 3.297520e-01
288 6.668880e-01 2.832000e-03 3.302800e-01
289 6.663520e-01 2.880000e-03 3.307680e-01
290 6.658440e-01 2.924000e-03 3.312320e-01
291 6.653240e-01 2.956000e-03 3.317200e-01
292 6.648480e-01 2.960000e-03 3.321920e-01
293 6.643040e-01 3.052000e-03 3.326440e-01
294 6.638720e-01 2.980000e-03 3.331480e-01
295 6.634280e-01 2.892000e-03 3.336800e-01
296 6.630680e-01 2.804000e-03 3.341280e-01
297 6.627360e-01 2.608000e-03 3.346560e-01
298 6.623160e-01 2.504000e-03 3.351800e-01
299 6.619360e-01 2.484000e-03 3.355800e-01
300 6.614600e-01 2.508000e-03 3.360320e-01
301 6.610280e-01 2.500000e-03 3.364720e-01
302 6.605320e-01 2.584000e-03 3.368840e-01
303 6.600840e-01 2.592000e-03 3.373240e-01
304 6.596320e-01 2.636000e-03 3.377320e-01
305 6.592240e-01 2.572000e-03 3.382040e-01
306 6.588480e-01 2.428000e-03 3.387240e-01
307 6.584800e-01 2.384000e-03 3.391360e-01
308 6.581040e-01 2.312000e-03 3.395840e-01
309 6.577400e-01 2.224000e-03 3.400360e-01
310 6.572920e-01 2.292000e-03 3.404160e-01
311 6.569360e-01 2.196000e-03 3.408680e-01
312 6.566240e-01 2.104000e-03 3.412720e-01
313 6.562240e-01 2.072000e-03 3.417040e-01
314 6.558440e-01 2.120000e-03 3.420360e-01
315 6.555480e-01 2.076000e-03 3.423760e-01
316 6.552520e-01 1.988000e-03 3.427600e-01
317 6.549640e-01 1.952000e-03 3.430840e-01
318 6.545760e-01 1.928000e-03 3.434960e-01
319 6.542560e-01 1.920000e-03 3.438240e-01
320 6.539640e-01 1.872000e-03 3.441640e-01
321 6.535840e-01 1.932000e-03 3.444840e-01
322 6.532760e-01 1.856000e-03 3.448680e-01
323 6.529840e-01 1.836000e-03 3.451800e-01
324 6.527000e-01 1.788000e-03 3.455120e-01
325 6.524000e-01 1.724000e-03 3.458760e-01
326 6.521800e-01 1.676000e-03 3.461440e-01
327 6.519440e-01 1.672000e-03 3.463840e-01
328 6.516880e-01 1.692000e-03 3.466200e-01
329 6.514040e-01 1.712000e-03 3.468840e-01
330 6.511440e-01 1.712000e-03 3.471440e-01
331 6.509000e-01 1.632000e-03 3.474680e-01
332 6.506840e-01 1.616000e-03 3.477000e-01
333 6.504760e-01 1.516000e-03 3.480080e-01
334 6.501800e-01 1.564000e-03 3.482560e-01
335 6.498960e-01 1.548000e-03 3.485560e-01
336 6.496680e-01 1.580000e-03 3.487520e-01
337 6.493920e-01 1.572000e-03 3.490360e-01
338 6.492000e-01 1.512000e-03 3.492880e-01
339 6.489680e-01 1.504000e-03 3.495280e-01
340 6.486880e-01 1.496000e-03 3.498160e-01
341 6.484760e-01 1.464000e-03 3.500600e-01
342 6.482720e-01 1.376000e-03 3.503520e-01
343 6.480680e-01 1.400000e-03 3.505320e-01
344 6.477680e-01 1.440000e-03 3.507920e-01
345 6.475360e-01 1.400000e-03 3.510640e-01
346 6.473280e-01 1.348000e-03 3.513240e-01
347 6.470960e-01 1.304000e-03 3.516000e-01
348 6.468880e-01 1.296000e-03 3.518160e-01
349 6.467120e-01 1.296000e-03 3.519920e-01
350 6.465200e-01 1.296000e-03 3.521840e-01
351 6.463280e-01 1.256000e-03 3.524160e-01
352 6.461240e-01 1.288000e-03 3.525880e-01
353 6.459000e-01 1.236000e-03 3.528640e-01
354 6.457400e-01 1.176000e-03 3.530840e-01
355 6.455320e-01 1.132000e-03 3.533360e-01
356 6.453240e-01 1.180000e-03 3.534960e-01
357 6.451520e-01 1.184000e-03 3.536640e-01
358 6.449640e-01 1.168000e-03 3.538680e-01
359 6.447840e-01 1.152000e-03 3.540640e-01
360 6.445600e-01 1.188000e-03 3.542520e-01
361 6.443640e-01 1.220000e-03 3.544160e-01
362 6.441800e-01 1.176000e-03 3.546440e-01
363 6.439720e-01 1.220000e-03 3.548080e-01
364 6.437560e-01 1.284000e-03 3.549600e-01
365 6.435400e-01 1.332000e-03 3.551280e-01
366 6.433520e-01 1.276000e-03 3.553720e-01
367 6.432000e-01 1.208000e-03 3.555920e-01
368 6.430280e-01 1.160000e-03 3.558120e-01
369 6.428600e-01 1.152000e-03 3.559880e-01
370 6.427320e-01 1.104000e-03 3.561640e-01
371 6.425120e-01 1.128000e-03 3.563600e-01
372 6.423640e-01 1.072000e-03 3.565640e-01
373 6.422120e-01 1.004000e-03 3.567840e-01
374 6.420200e-01 1.024000e-03 3.569560e-01
375 6.418440e-01 1.052000e-03 3.571040e-01
376 6.416600e-01 1.052000e-03 3.572880e-01
377 6.415320e-01 9.880000e-04 3.574800e-01
378 6.414480e-01 8.800000e-04 3.576720e-01
379 6.413720e-01 7.800000e-04 3.578480e-01
380 6.412640e-01 7.560000e-04 3.579800e-01
381 6.411440e-01 7.440000e-04 3.581120e-01
382 6.409880e-01 7.880000e-04 3.582240e-01
383 6.408960e-01 7.080000e-04 3.583960e-01
384 6.407800e-01 7.240000e-04 3.584960e-01
385 6.407160e-01 6.000000e-04 3.586840e-01
386 6.406160e-01 5.760000e-04 3.588080e-01
387 6.405440e-01 5.480000e-04 3.589080e-01
388 6.404080e-01 6.000000e-04 3.589920e-01
389 6.403120e-01 5.600000e-04 3.591280e-01
390 6.401960e-01 5.680000e-04 3.592360e-01
391 6.401320e-01 5.360000e-04 3.593320e-01
392 6.400360e-01 5.120000e-04 3.594520e-01
393 6.399400e-01 5.200000e-04 3.595400e-01
394 6.398560e-01 5.160000e-04 3.596280e-01
395 6.397680e-01 4.960000e-04 3.597360e-01
396 6.396720e-01 5.120000e-04 3.598160e-01
397 6.395680e-01 5.320000e-04 3.599000e-01
398 6.394360e-01 5.880000e-04 3.599760e-01
399 6.393640e-01 5.400000e-04 3.600960e-01
400 6.392360e-01 5.960000e-04 3.601680e-01
401 6.390880e-01 6.480000e-04 3.602640e-01
402 6.389920e-01 6.360000e-04 3.603720e-01
403 6.388880e-01 6.120000e-04 3.605000e-01
404 6.387920e-01 5.840000e-04 3.606240e-01
405 6.387080e-01 5.720000e-04 3.607200e-01
406 6.386480e-01 5.360000e-04 3.608160e-01
407 6.385760e-01 5.040000e-04 3.609200e-01
408 6.385000e-01 5.000000e-04 3.610000e-01
409 6.384880e-01 4.240000e-04 3.610880e-01
410 6.384360e-01 4.240000e-04 3.611400e-01
411 6.383840e-01 4.040000e-04 3.612120e-01
412 6.383560e-01 3.640000e-04 3.612800e-01
413 6.382920e-01 3.800000e-04 3.613280e-01
414 6.382120e-01 3.880000e-04 3.614000e-01
415 6.381720e-01 3.680000e-04 3.614600e-01
416 6.381080e-01 3.720000e-04 3.615200e-01
417 6.380360e-01 3.920000e-04 3.615720e-01
418 6.380040e-01 3.880000e-04 3.616080e-01
419 6.379480e-01 3.520000e-04 3.617000e-01
420 6.379000e-01 3.520000e-04 3.617480e-01
421 6.378360e-01 3.400000e-04 3.618240e-01
422 6.377680e-01 3.400000e-04 3.618920e-01
423 6.377200e-01 3.160000e-04 3.619640e-01
424 6.376400e-01 3.400000e-04 3.620200e-01
425 6.375720e-01 3.640000e-04 3.620640e-01
426 6.375320e-01 3.520000e-04 3.621160e-01
427 6.374760e-01 3.400000e-04 3.621840e-01
428 6.374160e-01 3.440000e-04 3.622400e-01
429 6.373800e-01 3.280000e-04 3.622920e-01
430 6.373160e-01 3.320000e-04 3.623520e-01
431 6.372560e-01 3.440000e-04 3.624000e-01
432 6.372160e-01 3.040000e-04 3.624800e-01
433 6.371520e-01 2.920000e-04 3.625560e-01
434 6.370920e-01 3.240000e-04 3.625840e-01
435 6.370520e-01 2.920000e-04 3.626560e-01
436 6.370080e-01 2.840000e-04 3.627080e-01
437 6.369400e-01 3.160000e-04 3.627440e-01
438 6.369040e-01 3.160000e-04 3.627800e-01
439 6.368760e-01 2.960000e-04 3.628280e-01
440 6.368320e-01 2.600000e-04 3.629080e-01
441 6.367920e-01 2.680000e-04 3.629400e-01
442 6.367320e-01 2.800000e-04 3.629880e-01
443 6.366440e-01 3.200000e-04 3.630360e-01
444 6.365880e-01 3.280000e-04 3.630840e-01
445 6.365360e-01 3.320000e-04 3.631320e-01
446 6.364720e-01 3.600000e-04 3.631680e-01
447 6.364160e-01 3.480000e-04 3.632360e-01
448 6.363240e-01 3.720000e-04 3.633040e-01
449 6.362560e-01 4.280000e-04 3.633160e-01
450 6.361920e-01 4.160000e-04 3.633920e-01
451 6.361200e-01 4.200000e-04 3.634600e-01
452 6.360280e-01 4.120000e-04 3.635600e-01
453 6.359720e-01 4.000000e-04 3.636280e-01
454 6.359200e-01 3.880000e-04 3.636920e-01
455 6.358680e-01 3.800000e-04 3.637520e-01
456 6.358040e-01 3.720000e-04 3.638240e-01
457 6.357440e-01 3.840000e-04 3.638720e-01
458 6.356760e-01 4.000000e-04 3.639240e-01
459 6.356280e-01 3.920000e-04 3.639800e-01
460 6.355880e-01 3.680000e-04 3.640440e-01
461 6.355120e-01 3.840000e-04 3.641040e-01
462 6.354600e-01 3.480000e-04 3.641920e-01
463 6.354000e-01 3.480000e-04 3.642520e-01
464 6.353600e-01 3.520000e-04 3.642880e-01
465 6.353200e-01 3.320000e-04 3.643480e-01
466 6.352480e-01 3.560000e-04 3.643960e-01
467 6.351840e-01 3.480000e-04 3.644680e-01
468 6.351160e-01 3.600000e-04 3.645240e-01
469 6.350000e-01 4.200000e-04 3.645800e-01
470 6.349520e-01 3.920000e-04 3.646560e-01
471 6.348760e-01 4.000000e-04 3.647240e-01
472 6.348200e-01 4.080000e-04 3.647720e-01
473 6.347840e-01 3.680000e-04 3.648480e-01
474 6.346960e-01 4.120000e-04 3.648920e-01
475 6.346120e-01 4.000000e-04 3.649880e-01
476 6.345400e-01 4.080000e-04 3.650520e-01
477 6.344880e-01 3.560000e-04 3.651560e-01
478 6.344080e-01 3.800000e-04 3.652120e-01
479 6.343360e-01 3.840000e-04 3.652800e-01
480 6.342600e-01 3.920000e-04 3.653480e-01
481 6.341600e-01 4.200000e-04 3.654200e-01
482 6.340920e-01 4.320000e-04 3.654760e-01
483 6.339640e-01 4.840000e-04 3.655520e-01
484 6.338000e-01 5.720000e-04 3.656280e-01
485 6.337320e-01 5.520000e-04 3.657160e-01
486 6.336080e-01 5.840000e-04 3.658080e-01
487 6.335280e-01 5.400000e-04 3.659320e-01
488 6.334440e-01 5.480000e-04 3.660080e-01
489 6.333840e-01 5.120000e-04 3.661040e-01
490 6.332840e-01 5.000000e-04 3.662160e-01
491 6.332200e-01 4.720000e-04 3.663080e-01
492 6.331560e-01 4.640000e-04 3.663800e-01
493 6.330880e-01 4.680000e-04 3.664440e-01
494 6.330280e-01 4.760000e-04 3.664960e-01
495 6.329280e-01 4.800000e-04 3.665920e-01
496 6.328600e-01 4.920000e-04 3.666480e-01
497 6.327880e-01 4.960000e-04 3.667160e-01
498 6.327200e-01 4.600000e-04 3.668200e-01
499 6.326680e-01 4.640000e-04 3.668680e-01
500 6.325960e-01 4.720000e-04 3.669320e-01
