1 9.991840e-01 7.280000e-04 8.800000e-05
2 9.986720e-01 1.108000e-03 2.200000e-04
3 9.980640e-01 1.508000e-03 4.280000e-04
4 9.974040e-01 1.844000e-03 7.520000e-04
5 9.967440e-01 2.104000e-03 1.152000e-03
6 9.959600e-01 2.484000e-03 1.556000e-03
7 9.951720e-01 2.784000e-03 2.044000e-03
8 9.943560e-01 3.088000e-03 2.556000e-03
9 9.933840e-01 3.504000e-03 3.112000e-03
10 9.924520e-01 3.760000e-03 3.788000e-03
11 9.914920e-01 3.952000e-03 4.556000e-03
12 9.905680e-01 4.192000e-03 5.240000e-03
13 9.896200e-01 4.424000e-03 5.956000e-03
14 9.886320e-01 4.588000e-03 6.780000e-03
15 9.875880e-01 4.836000e-03 7.576000e-03
16 9.865000e-01 5.124000e-03 8.376000e-03
17 9.854560e-01 5.104000e-03 9.440000e-03
18 9.845120e-01 5.080000e-03 1.040800e-02
19 9.833320e-01 5.412000e-03 1.125600e-02
20 9.821960e-01 5.540000e-03 1.226400e-02
21 9.811360e-01 5.572000e-03 1.329200e-02
22 9.800080e-01 5.704000e-03 1.428800e-02
23 9.789240e-01 5.832000e-03 1.524400e-02
24 9.776280e-01 6.040000e-03 1.633200e-02
25 9.763520e-01 6.304000e-03 1.734400e-02
26 9.750520e-01 6.452000e-03 1.849600e-02
27 9.738520e-01 6.576000e-03 1.957200e-02
28 9.726320e-01 6.544000e-03 2.082400e-02
29 9.713560e-01 6.660000e-03 2.198400e-02
30 9.702600e-01 6.540000e-03 2.320000e-02
31 9.688600e-01 6.764000e-03 2.437600e-02
32 9.676000e-01 6.868000e-03 2.553200e-02
33 9.659400e-01 7.404000e-03 2.665600e-02
34 9.643560e-01 7.832000e-03 2.781200e-02
35 9.627880e-01 8.052000e-03 2.916000e-02
36 9.613040e-01 8.140000e-03 3.055600e-02
37 9.597720e-01 8.144000e-03 3.208400e-02
38 9.581040e-01 8.308000e-03 3.358800e-02
39 9.567800e-01 8.092000e-03 3.512800e-02
40 9.554120e-01 8.064000e-03 3.652400e-02
41 9.540040e-01 8.068000e-03 3.792800e-02
42 9.524760e-01 8.228000e-03 3.929600e-02
43 9.509080e-01 8.348000e-03 4.074400e-02
44 9.495800e-01 8.252000e-03 4.216800e-02
45 9.483200e-01 8.076000e-03 4.360400e-02
46 9.469520e-01 7.952000e-03 4.509600e-02
47 9.456720e-01 7.884000e-03 4.644400e-02
48 9.444080e-01 7.896000e-03 4.769600e-02
49 9.430600e-01 7.844000e-03 4.909600e-02
50 9.415680e-01 8.012000e-03 5.042000e-02
51 9.401480e-01 8.040000e-03 5.181200e-02
52 9.386320e-01 8.244000e-03 5.312400e-02
53 9.370560e-01 8.312000e-03 5.463200e-02
54 9.355440e-01 8.444000e-03 5.601200e-02
55 9.340160e-01 8.472000e-03 5.751200e-02
56 9.325160e-01 8.412000e-03 5.907200e-02
57 9.309880e-01 8.416000e-03 6.059600e-02
58 9.293120e-01 8.604000e-03 6.208400e-02
59 9.279200e-01 8.472000e-03 6.360800e-02
60 9.261440e-01 8.728000e-03 6.512800e-02
61 9.245960e-01 8.736000e-03 6.666800e-02
62 9.231320e-01 8.648000e-03 6.822000e-02
63 9.216240e-01 8.712000e-03 6.966400e-02
64 9.200640e-01 8.760000e-03 7.117600e-02
65 9.186440e-01 8.736000e-03 7.262000e-02
66 9.169040e-01 8.980000e-03 7.411600e-02
67 9.152560e-01 9.152000e-03 7.559200e-02
68 9.138200e-01 8.960000e-03 7.722000e-02
69 9.121640e-01 8.996000e-03 7.884000e-02
70 9.104920e-01 8.944000e-03 8.056400e-02
71 9.088320e-01 9.096000e-03 8.207200e-02
72 9.071360e-01 9.124000e-03 8.374000e-02
73 9.056760e-01 9.012000e-03 8.531200e-02
74 9.040840e-01 8.940000e-03 8.697600e-02
75 9.024920e-01 8.956000e-03 8.855200e-02
76 9.010000e-01 8.872000e-03 9.012800e-02
77 8.994640e-01 8.900000e-03 9.163600e-02
78 8.979320e-01 8.852000e-03 9.321600e-02
79 8.963840e-01 8.844000e-03 9.477200e-02
80 8.946840e-01 8.936000e-03 9.638000e-02
81 8.931360e-01 8.964000e-03 9.790000e-02
82 8.914440e-01 9.208000e-03 9.934800e-02
83 8.896200e-01 9.392000e-03 1.009880e-01
84 8.879600e-01 9.352000e-03 1.026880e-01
85 8.863640e-01 9.260000e-03 1.043760e-01
86 8.846400e-01 9.312000e-03 1.060480e-01
87 8.828680e-01 9.400000e-03 1.077320e-01
88 8.809840e-01 9.724000e-03 1.092920e-01
89 8.792120e-01 9.728000e-03 1.110600e-01
90 8.774400e-01 9.832000e-03 1.127280e-01
91 8.756680e-01 9.928000e-03 1.144040e-01
92 8.740880e-01 9.684000e-03 1.162280e-01
93 8.725280e-01 9.556000e-03 1.179160e-01
94 8.708400e-01 9.656000e-03 1.195040e-01
95 8.690640e-01 9.652000e-03 1.212840e-01
96 8.674400e-01 9.632000e-03 1.229280e-01
97 8.657480e-01 9.608000e-03 1.246440e-01
98 8.640720e-01 9.636000e-03 1.262920e-01
99 8.623400e-01 9.616000e-03 1.280440e-01
100 8.606840e-01 9.632000e-03 1.296840e-01
101 8.591560e-01 9.548000e-03 1.312960e-01
102 8.574920e-01 9.620000e-03 1.328880e-01
103 8.559520e-01 9.512000e-03 1.345360e-01
104 8.544560e-01 9.428000e-03 1.361160e-01
105 8.528440e-01 9.416000e-03 1.377400e-01
106 8.511760e-01 9.380000e-03 1.394440e-01
107 8.495320e-01 9.496000e-03 1.409720e-01
108 8.479080e-01 9.368000e-03 1.427240e-01
109 8.463600e-01 9.336000e-03 1.443040e-01
110 8.446560e-01 9.312000e-03 1.460320e-01
111 8.430400e-01 9.268000e-03 1.476920e-01
112 8.414160e-01 9.296000e-03 1.492880e-01
113 8.398800e-01 9.224000e-03 1.508960e-01
114 8.384800e-01 8.932000e-03 1.525880e-01
115 8.370040e-01 8.808000e-03 1.541880e-01
116 8.354160e-01 8.820000e-03 1.557640e-01
117 8.340440e-01 8.588000e-03 1.573680e-01
118 8.324840e-01 8.664000e-03 1.588520e-01
119 8.309360e-01 8.740000e-03 1.603240e-01
120 8.292640e-01 9.000000e-03 1.617360e-01
121 8.277880e-01 8.976000e-03 1.632360e-01
122 8.263120e-01 8.888000e-03 1.648000e-01
123 8.247800e-01 8.864000e-03 1.663560e-01
124 8.232840e-01 8.856000e-03 1.678600e-01
125 8.218600e-01 8.736000e-03 1.694040e-01
126 8.204240e-01 8.712000e-03 1.708640e-01
127 8.187960e-01 8.960000e-03 1.722440e-01
128 8.171680e-01 9.104000e-03 1.737280e-01
129 8.157320e-01 9.044000e-03 1.752240e-01
130 8.142080e-01 8.972000e-03 1.768200e-01
131 8.128080e-01 8.832000e-03 1.783600e-01
132 8.113560e-01 8.728000e-03 1.799160e-01
133 8.100000e-01 8.656000e-03 1.813440e-01
134 8.085680e-01 8.604000e-03 1.828280e-01
135 8.071240e-01 8.548000e-03 1.843280e-01
136 8.056520e-01 8.456000e-03 1.858920e-01
137 8.042280e-01 8.480000e-03 1.872920e-01
138 8.028560e-01 8.408000e-03 1.887360e-01
139 8.012920e-01 8.528000e-03 1.901800e-01
140 7.998200e-01 8.572000e-03 1.916080e-01
141 7.981840e-01 8.788000e-03 1.930280e-01
142 7.968320e-01 8.688000e-03 1.944800e-01
143 7.954400e-01 8.632000e-03 1.959280e-01
144 7.940640e-01 8.444000e-03 1.974920e-01
145 7.927240e-01 8.248000e-03 1.990280e-01
146 7.914520e-01 8.108000e-03 2.004400e-01
147 7.899840e-01 8.208000e-03 2.018080e-01
148 7.885680e-01 8.196000e-03 2.032360e-01
149 7.871400e-01 8.220000e-03 2.046400e-01
150 7.857480e-01 8.260000e-03 2.059920e-01
151 7.845600e-01 8.052000e-03 2.073880e-01
152 7.830960e-01 7.988000e-03 2.089160e-01
153 7.818280e-01 7.808000e-03 2.103640e-01
154 7.805320e-01 7.800000e-03 2.116680e-01
155 7.792040e-01 7.744000e-03 2.130520e-01
156 7.779080e-01 7.688000e-03 2.144040e-01
157 7.766720e-01 7.536000e-03 2.157920e-01
158 7.755600e-01 7.292000e-03 2.171480e-01
159 7.743200e-01 7.200000e-03 2.184800e-01
160 7.731880e-01 7.136000e-03 2.196760e-01
161 7.721000e-01 6.952000e-03 2.209480e-01
162 7.708640e-01 6.872000e-03 2.222640e-01
163 7.697720e-01 6.756000e-03 2.234720e-01
164 7.687320e-01 6.596000e-03 2.246720e-01
165 7.676280e-01 6.500000e-03 2.258720e-01
166 7.667000e-01 6.188000e-03 2.271120e-01
167 7.656640e-01 6.136000e-03 2.282000e-01
168 7.647280e-01 5.992000e-03 2.292800e-01
169 7.637560e-01 6.064000e-03 2.301800e-01
170 7.626680e-01 6.156000e-03 2.311760e-01
171 7.617240e-01 6.000000e-03 2.322760e-01
172 7.606400e-01 5.992000e-03 2.333680e-01
173 7.597000e-01 5.964000e-03 2.343360e-01
174 7.587480e-01 5.868000e-03 2.353840e-01
175 7.579400e-01 5.692000e-03 2.363680e-01
176 7.568920e-01 5.784000e-03 2.373240e-01
177 7.559520e-01 5.780000e-03 2.382680e-01
178 7.548120e-01 5.940000e-03 2.392480e-01
179 7.538200e-01 5.904000e-03 2.402760e-01
180 7.527440e-01 5.832000e-03 2.414240e-01
181 7.518280e-01 5.740000e-03 2.424320e-01
182 7.508080e-01 5.796000e-03 2.433960e-01
183 7.497480e-01 5.848000e-03 2.444040e-01
184 7.486920e-01 5.816000e-03 2.454920e-01
185 7.476000e-01 5.888000e-03 2.465120e-01
186 7.465200e-01 5.888000e-03 2.475920e-01
187 7.454960e-01 5.924000e-03 2.485800e-01
188 7.445640e-01 5.852000e-03 2.495840e-01
189 7.436160e-01 5.768000e-03 2.506160e-01
190 7.426960e-01 5.652000e-03 2.516520e-01
191 7.417520e-01 5.612000e-03 2.526360e-01
192 7.408240e-01 5.620000e-03 2.535560e-01
193 7.398760e-01 5.652000e-03 2.544720e-01
194 7.389760e-01 5.524000e-03 2.555000e-01
195 7.380000e-01 5.480000e-03 2.565200e-01
196 7.370480e-01 5.496000e-03 2.574560e-01
197 7.362040e-01 5.348000e-03 2.584480e-01
198 7.352360e-01 5.404000e-03 2.593600e-01
199 7.342640e-01 5.456000e-03 2.602800e-01
200 7.332400e-01 5.456000e-03 2.613040e-01
201 7.323280e-01 5.440000e-03 2.622320e-01
202 7.313000e-01 5.484000e-03 2.632160e-01
203 7.304080e-01 5.456000e-03 2.641360e-01
204 7.293880e-01 5.528000e-03 2.650840e-01
205 7.284000e-01 5.556000e-03 2.660440e-01
206 7.273080e-01 5.756000e-03 2.669360e-01
207 7.264040e-01 5.724000e-03 2.678720e-01
208 7.255120e-01 5.724000e-03 2.687640e-01
209 7.246600e-01 5.680000e-03 2.696600e-01
210 7.237480e-01 5.560000e-03 2.706920e-01
211 7.228520e-01 5.516000e-03 2.716320e-01
212 7.221360e-01 5.384000e-03 2.724800e-01
213 7.212680e-01 5.340000e-03 2.733920e-01
214 7.203640e-01 5.272000e-03 2.743640e-01
215 7.194640e-01 5.208000e-03 2.753280e-01
216 7.185680e-01 5.172000e-03 2.762600e-01
217 7.177080e-01 5.088000e-03 2.772040e-01
218 7.168200e-01 5.084000e-03 2.780960e-01
219 7.159920e-01 4.996000e-03 2.790120e-01
220 7.151680e-01 4.924000e-03 2.799080e-01
221 7.143560e-01 4.916000e-03 2.807280e-01
222 7.134960e-01 5.028000e-03 2.814760e-01
223 7.126760e-01 5.104000e-03 2.822200e-01
224 7.118560e-01 5.040000e-03 2.831040e-01
225 7.109480e-01 5.016000e-03 2.840360e-01
226 7.100920e-01 4.864000e-03 2.850440e-01
227 7.091800e-01 4.992000e-03 2.858280e-01
228 7.083680e-01 4.984000e-03 2.866480e-01
229 7.075920e-01 4.940000e-03 2.874680e-01
230 7.067080e-01 5.044000e-03 2.882480e-01
231 7.059080e-01 4.960000e-03 2.891320e-01
232 7.049920e-01 5.044000e-03 2.899640e-01
233 7.042760e-01 4.972000e-03 2.907520e-01
234 7.034560e-01 4.920000e-03 2.916240e-01
235 7.026120e-01 4.940000e-03 2.924480e-01
236 7.018200e-01 4.892000e-03 2.932880e-01
237 7.009400e-01 4.896000e-03 2.941640e-01
238 7.001720e-01 4.844000e-03 2.949840e-01
239 6.993480e-01 4.904000e-03 2.957480e-01
240 6.985720e-01 4.828000e-03 2.966000e-01
241 6.978640e-01 4.776000e-03 2.973600e-01
242 6.970520e-01 4.792000e-03 2.981560e-01
243 6.962640e-01 4.736000e-03 2.990000e-01
244 6.954840e-01 4.716000e-03 2.998000e-01
245 6.947520e-01 4.660000e-03 3.005880e-01
246 6.941160e-01 4.400000e-03 3.014840e-01
247 6.934080e-01 4.368000e-03 3.022240e-01
248 6.928560e-01 4.116000e-03 3.030280e-01
249 6.922600e-01 4.112000e-03 3.036280e-01
250 6.916360e-01 4.060000e-03 3.043040e-01
251 6.909120e-01 4.120000e-03 3.049680e-01
252 6.902120e-01 4.040000e-03 3.057480e-01
253 6.894320e-01 4.132000e-03 3.064360e-01
254 6.887880e-01 4.056000e-03 3.071560e-01
255 6.880000e-01 4.216000e-03 3.077840e-01
256 6.872960e-01 4.180000e-03 3.085240e-01
257 6.866600e-01 4.016000e-03 3.093240e-01
258 6.860560e-01 3.832000e-03 3.101120e-01
259 6.855440e-01 3.696000e-03 3.107600e-01
260 6.850440e-01 3.592000e-03 3.113640e-01
261 6.845120e-01 3.532000e-03 3.119560e-01
262 6.839440e-01 3.476000e-03 3.125800e-01
263 6.834080e-01 3.464000e-03 3.131280e-01
264 6.829480e-01 3.264000e-03 3.137880e-01
265 6.824440e-01 3.212000e-03 3.143440e-01
266 6.818880e-01 3.224000e-03 3.148880e-01
267 6.812720e-01 3.300000e-03 3.154280e-01
268 6.808160e-01 3.168000e-03 3.160160e-01
269 6.802560e-01 3.112000e-03 3.166320e-01
270 6.796720e-01 3.208000e-03 3.171200e-01
271 6.791880e-01 3.124000e-03 3.176880e-01
272 6.786320e-01 3.152000e-03 3.182160e-01
273 6.780640e-01 3.232000e-03 3.187040e-01
274 6.775880e-01 3.088000e-03 3.193240e-01
275 6.770240e-01 3.056000e-03 3.199200e-01
276 6.765520e-01 3.072000e-03 3.203760e-01
277 6.759400e-01 3.128000e-03 3.209320e-01
278 6.754280e-01 3.156000e-03 3.214160e-01
279 6.749600e-01 3.004000e-03 3.220360e-01
280 6.744680e-01 2.968000e-03 3.225640e-01
281 6.740160e-01 2.868000e-03 3.231160e-01
282 6.735440e-01 2.876000e-03 3.235800e-01
283 6.731560e-01 2.748000e-03 3.240960e-01
284 6.726360e-01 2.768000e-03 3.245960e-01
285 6.721160e-01 2.768000e-03 3.251160e-01
286 6.716800e-01 2.768000e-03 3.255520e-01
287 6.712320e-01 2.772000e-03 3.259960e-01
288 6.708240e-01 2.732000e-03 3.264440e-01
289 6.704320e-01 2.656000e-03 3.269120e-01
290 6.699720e-01 2.668000e-03 3.273600e-01
291 6.695640e-01 2.604000e-03 3.278320e-01
292 6.691400e-01 2.560000e-03 3.283000e-01
293 6.688120e-01 2.468000e-03 3.287200e-01
294 6.684840e-01 2.412000e-03 3.291040e-01
295 6.681000e-01 2.436000e-03 3.294640e-01
296 6.675520e-01 2.528000e-03 3.299200e-01
297 6.670960e-01 2.508000e-03 3.303960e-01
298 6.666240e-01 2.484000e-03 3.308920e-01
299 6.661800e-01 2.476000e-03 3.313440e-01
300 6.657920e-01 2.412000e-03 3.317960e-01
301 6.653480e-01 2.464000e-03 3.321880e-01
302 6.649160e-01 2.484000e-03 3.326000e-01
303 6.645040e-01 2.468000e-03 3.330280e-01
304 6.640160e-01 2.532000e-03 3.334520e-01
305 6.635640e-01 2.568000e-03 3.338680e-01
306 6.630640e-01 2.636000e-03 3.343000e-01
307 6.625600e-01 2.604000e-03 3.348360e-01
308 6.620320e-01 2.704000e-03 3.352640e-01
309 6.615600e-01 2.624000e-03 3.358160e-01
310 6.611600e-01 2.628000e-03 3.362120e-01
311 6.607640e-01 2.528000e-03 3.367080e-01
312 6.603320e-01 2.456000e-03 3.372120e-01
313 6.598800e-01 2.492000e-03 3.376280e-01
314 6.595000e-01 2.452000e-03 3.380480e-01
315 6.591400e-01 2.352000e-03 3.385080e-01
316 6.587080e-01 2.376000e-03 3.389160e-01
317 6.582600e-01 2.436000e-03 3.393040e-01
318 6.577720e-01 2.508000e-03 3.397200e-01
319 6.572120e-01 2.636000e-03 3.401520e-01
320 6.567440e-01 2.628000e-03 3.406280e-01
321 6.563160e-01 2.652000e-03 3.410320e-01
322 6.558200e-01 2.704000e-03 3.414760e-01
323 6.553520e-01 2.740000e-03 3.419080e-01
324 6.548760e-01 2.768000e-03 3.423560e-01
325 6.543000e-01 2.912000e-03 3.427880e-01
326 6.537680e-01 2.956000e-03 3.432760e-01
327 6.533080e-01 2.924000e-03 3.437680e-01
328 6.528440e-01 2.928000e-03 3.442280e-01
329 6.524160e-01 2.804000e-03 3.447800e-01
330 6.519280e-01 2.808000e-03 3.452640e-01
331 6.514840e-01 2.752000e-03 3.457640e-01
332 6.510400e-01 2.756000e-03 3.462040e-01
333 6.506000e-01 2.700000e-03 3.467000e-01
334 6.501760e-01 2.704000e-03 3.471200e-01
335 6.496680e-01 2.704000e-03 3.476280e-01
336 6.492800e-01 2.652000e-03 3.480680e-01
337 6.488120e-01 2.644000e-03 3.485440e-01
338 6.484160e-01 2.580000e-03 3.490040e-01
339 6.480480e-01 2.500000e-03 3.494520e-01
340 6.476560e-01 2.380000e-03 3.499640e-01
341 6.473320e-01 2.252000e-03 3.504160e-01
342 6.469400e-01 2.292000e-03 3.507680e-01
343 6.465680e-01 2.240000e-03 3.511920e-01
344 6.462360e-01 2.192000e-03 3.515720e-01
345 6.459040e-01 2.152000e-03 3.519440e-01
346 6.454800e-01 2.228000e-03 3.522920e-01
347 6.451080e-01 2.220000e-03 3.526720e-01
348 6.446640e-01 2.224000e-03 3.531120e-01
349 6.442720e-01 2.216000e-03 3.535120e-01
350 6.439280e-01 2.220000e-03 3.538520e-01
351 6.436240e-01 2.160000e-03 3.542160e-01
352 6.432720e-01 2.188000e-03 3.545400e-01
353 6.429200e-01 2.096000e-03 3.549840e-01
354 6.425200e-01 2.156000e-03 3.553240e-01
355 6.421720e-01 2.124000e-03 3.557040e-01
356 6.419080e-01 2.060000e-03 3.560320e-01
357 6.415920e-01 1.992000e-03 3.564160e-01
358 6.412360e-01 1.972000e-03 3.567920e-01
359 6.408680e-01 1.976000e-03 3.571560e-01
360 6.405520e-01 1.968000e-03 3.574800e-01
361 6.401600e-01 1.996000e-03 3.578440e-01
362 6.398240e-01 2.000000e-03 3.581760e-01
363 6.395840e-01 1.904000e-03 3.585120e-01
364 6.393160e-01 1.836000e-03 3.588480e-01
365 6.390560e-01 1.792000e-03 3.591520e-01
366 6.387080e-01 1.844000e-03 3.594480e-01
367 6.383440e-01 1.896000e-03 3.597600e-01
368 6.380120e-01 1.852000e-03 3.601360e-01
369 6.376960e-01 1.864000e-03 3.604400e-01
370 6.373520e-01 1.876000e-03 3.607720e-01
371 6.371040e-01 1.800000e-03 3.610960e-01
372 6.367800e-01 1.796000e-03 3.614240e-01
373 6.365440e-01 1.772000e-03 3.616840e-01
374 6.362800e-01 1.716000e-03 3.620040e-01
375 6.359200e-01 1.784000e-03 3.622960e-01
376 6.356000e-01 1.808000e-03 3.625920e-01
377 6.352280e-01 1.868000e-03 3.629040e-01
378 6.348600e-01 1.944000e-03 3.631960e-01
379 6.345720e-01 1.868000e-03 3.635600e-01
380 6.341320e-01 1.928000e-03 3.639400e-01
381 6.337480e-01 1.944000e-03 3.643080e-01
382 6.333600e-01 2.024000e-03 3.646160e-01
383 6.329080e-01 2.152000e-03 3.649400e-01
384 6.324200e-01 2.248000e-03 3.653320e-01
385 6.319360e-01 2.364000e-03 3.657000e-01
386 6.314840e-01 2.444000e-03 3.660720e-01
387 6.311320e-01 2.372000e-03 3.664960e-01
388 6.307440e-01 2.280000e-03 3.669760e-01
389 6.303120e-01 2.348000e-03 3.673400e-01
390 6.299080e-01 2.316000e-03 3.677760e-01
391 6.294760e-01 2.376000e-03 3.681480e-01
392 6.291000e-01 2.376000e-03 3.685240e-01
393 6.285880e-01 2.532000e-03 3.688800e-01
394 6.281280e-01 2.540000e-03 3.693320e-01
395 6.277280e-01 2.472000e-03 3.698000e-01
396 6.273960e-01 2.328000e-03 3.702760e-01
397 6.269800e-01 2.336000e-03 3.706840e-01
398 6.265280e-01 2.420000e-03 3.710520e-01
399 6.261720e-01 2.364000e-03 3.714640e-01
400 6.257240e-01 2.428000e-03 3.718480e-01
401 6.253320e-01 2.400000e-03 3.722680e-01
402 6.248760e-01 2.428000e-03 3.726960e-01
403 6.244680e-01 2.336000e-03 3.731960e-01
404 6.240840e-01 2.328000e-03 3.735880e-01
405 6.237680e-01 2.136000e-03 3.740960e-01
406 6.234040e-01 2.112000e-03 3.744840e-01
407 6.230520e-01 2.120000e-03 3.748280e-01
408 6.226840e-01 2.096000e-03 3.752200e-01
409 6.222640e-01 2.120000e-03 3.756160e-01
410 6.218960e-01 2.140000e-03 3.759640e-01
411 6.215240e-01 2.140000e-03 3.763360e-01
412 6.211120e-01 2.240000e-03 3.766480e-01
413 6.207160e-01 2.268000e-03 3.770160e-01
414 6.203640e-01 2.260000e-03 3.773760e-01
415 6.200040e-01 2.296000e-03 3.777000e-01
416 6.196120e-01 2.308000e-03 3.780800e-01
417 6.192720e-01 2.276000e-03 3.784520e-01
418 6.188200e-01 2.356000e-03 3.788240e-01
419 6.184520e-01 2.272000e-03 3.792760e-01
420 6.180560e-01 2.236000e-03 3.797080e-01
421 6.176960e-01 2.220000e-03 3.800840e-01
422 6.173680e-01 2.248000e-03 3.803840e-01
423 6.169760e-01 2.308000e-03 3.807160e-01
424 6.164120e-01 2.456000e-03 3.811320e-01
425 6.160000e-01 2.420000e-03 3.815800e-01
426 6.156080e-01 2.460000e-03 3.819320e-01
427 6.151600e-01 2.420000e-03 3.824200e-01
428 6.147480e-01 2.404000e-03 3.828480e-01
429 6.143640e-01 2.384000e-03 3.832520e-01
430 6.139280e-01 2.392000e-03 3.836800e-01
431 6.135000e-01 2.360000e-03 3.841400e-01
432 6.131200e-01 2.312000e-03 3.845680e-01
433 6.126680e-01 2.372000e-03 3.849600e-01
434 6.122560e-01 2.368000e-03 3.853760e-01
435 6.118360e-01 2.424000e-03 3.857400e-01
436 6.113760e-01 2.480000e-03 3.861440e-01
437 6.110400e-01 2.416000e-03 3.865440e-01
438 6.106600e-01 2.428000e-03 3.869120e-01
439 6.103080e-01 2.304000e-03 3.873880e-01
440 6.098800e-01 2.384000e-03 3.877360e-01
441 6.095040e-01 2.372000e-03 3.881240e-01
442 6.090440e-01 2.464000e-03 3.884920e-01
443 6.085880e-01 2.564000e-03 3.888480e-01
444 6.081720e-01 2.480000e-03 3.893480e-01
445 6.078840e-01 2.360000e-03 3.897560e-01
446 6.075320e-01 2.308000e-03 3.901600e-01
447 6.072200e-01 2.288000e-03 3.904920e-01
448 6.069040e-01 2.196000e-03 3.909000e-01
449 6.065760e-01 2.112000e-03 3.913120e-01
450 6.062720e-01 2.164000e-03 3.915640e-01
451 6.059280e-01 2.128000e-03 3.919440e-01
452 6.056280e-01 2.052000e-03 3.923200e-01
453 6.053960e-01 1.908000e-03 3.926960e-01
454 6.050520e-01 1.908000e-03 3.930400e-01
455 6.047640e-01 1.876000e-03 3.933600e-01
456 6.044560e-01 1.848000e-03 3.936960e-01
457 6.041360e-01 1.812000e-03 3.940520e-01
458 6.038440e-01 1.780000e-03 3.943760e-01
459 6.035080e-01 1.812000e-03 3.946800e-01
460 6.031400e-01 1.812000e-03 3.950480e-01
461 6.027640e-01 1.860000e-03 3.953760e-01
462 6.024480e-01 1.808000e-03 3.957440e-01
463 6.021880e-01 1.776000e-03 3.960360e-01
464 6.018960e-01 1.756000e-03 3.963480e-01
465 6.016320e-01 1.700000e-03 3.966680e-01
466 6.013680e-01 1.656000e-03 3.969760e-01
467 6.010640e-01 1.632000e-03 3.973040e-01
468 6.008320e-01 1.584000e-03 3.975840e-01
469 6.006400e-01 1.528000e-03 3.978320e-01
470 6.004000e-01 1.528000e-03 3.980720e-01
471 6.001320e-01 1.536000e-03 3.983320e-01
472 5.999440e-01 1.444000e-03 3.986120e-01
473 5.997200e-01 1.448000e-03 3.988320e-01
474 5.995120e-01 1.424000e-03 3.990640e-01
475 5.992560e-01 1.400000e-03 3.993440e-01
476 5.991200e-01 1.272000e-03 3.996080e-01
477 5.988720e-01 1.300000e-03 3.998280e-01
478 5.986840e-01 1.304000e-03 4.000120e-01
479 5.984880e-01 1.316000e-03 4.001960e-01
480 5.983160e-01 1.268000e-03 4.004160e-01
481 5.981040e-01 1.228000e-03 4.006680e-01
482 5.979120e-01 1.240000e-03 4.008480e-01
483 5.976760e-01 1.260000e-03 4.010640e-01
484 5.974280e-01 1.284000e-03 4.012880e-01
485 5.971360e-01 1.360000e-03 4.015040e-01
486 5.968440e-01 1.392000e-03 4.017640e-01
487 5.965760e-01 1.440000e-03 4.019840e-01
488 5.963000e-01 1.532000e-03 4.021680e-01
489 5.960600e-01 1.512000e-03 4.024280e-01
490 5.958040e-01 1.504000e-03 4.026920e-01
491 5.956080e-01 1.400000e-03 4.029920e-01
492 5.953880e-01 1.364000e-03 4.032480e-01
493 5.951960e-01 1.360000e-03 4.034440e-01
494 5.950200e-01 1.276000e-03 4.037040e-01
495 5.948040e-01 1.296000e-03 4.039000e-01
496 5.946400e-01 1.260000e-03 4.041000e-01
497 5.944480e-01 1.152000e-03 4.044000e-01
498 5.942520e-01 1.196000e-03 4.045520e-01
499 5.940400e-01 1.168000e-03 4.047920e-01
500 5.938600e-01 1.160000e-03 4.049800e-01
