1 9.992600e-01 6.400000e-04 1.000000e-04
2 9.987400e-01 1.004000e-03 2.560000e-04
3 9.980800e-01 1.452000e-03 4.680000e-04
4 9.973320e-01 1.940000e-03 7.280000e-04
5 9.965360e-01 2.348000e-03 1.116000e-03
6 9.956960e-01 2.696000e-03 1.608000e-03
7 9.947600e-01 3.132000e-03 2.108000e-03
8 9.938560e-01 3.404000e-03 2.740000e-03
9 9.928120e-01 3.856000e-03 3.332000e-03
10 9.917960e-01 4.204000e-03 4.000000e-03
11 9.906520e-01 4.508000e-03 4.840000e-03
12 9.895600e-01 4.696000e-03 5.744000e-03
13 9.884920e-01 4.860000e-03 6.648000e-03
14 9.874640e-01 5.028000e-03 7.508000e-03
15 9.864360e-01 5.184000e-03 8.380000e-03
16 9.852960e-01 5.460000e-03 9.244000e-03
17 9.840200e-01 5.780000e-03 1.020000e-02
18 9.827840e-01 6.064000e-03 1.115200e-02
19 9.816040e-01 6.228000e-03 1.216800e-02
20 9.804920e-01 6.228000e-03 1.328000e-02
21 9.793840e-01 6.228000e-03 1.438800e-02
22 9.783560e-01 6.180000e-03 1.546400e-02
23 9.771480e-01 6.240000e-03 1.661200e-02
24 9.758640e-01 6.456000e-03 1.768000e-02
25 9.744640e-01 6.664000e-03 1.887200e-02
26 9.729880e-01 7.016000e-03 1.999600e-02
27 9.716240e-01 7.148000e-03 2.122800e-02
28 9.701240e-01 7.364000e-03 2.251200e-02
29 9.687120e-01 7.544000e-03 2.374400e-02
30 9.673520e-01 7.464000e-03 2.518400e-02
31 9.659640e-01 7.600000e-03 2.643600e-02
32 9.645920e-01 7.584000e-03 2.782400e-02
33 9.631040e-01 7.728000e-03 2.916800e-02
34 9.616840e-01 7.688000e-03 3.062800e-02
35 9.602360e-01 7.776000e-03 3.198800e-02
36 9.587080e-01 7.924000e-03 3.336800e-02
37 9.571960e-01 8.008000e-03 3.479600e-02
38 9.556720e-01 8.072000e-03 3.625600e-02
39 9.541160e-01 8.224000e-03 3.766000e-02
40 9.526120e-01 8.324000e-03 3.906400e-02
41 9.510160e-01 8.508000e-03 4.047600e-02
42 9.494360e-01 8.532000e-03 4.203200e-02
43 9.479000e-01 8.560000e-03 4.354000e-02
44 9.462520e-01 8.664000e-03 4.508400e-02
45 9.445120e-01 8.812000e-03 4.667600e-02
46 9.429760e-01 8.816000e-03 4.820800e-02
47 9.413400e-01 8.916000e-03 4.974400e-02
48 9.397640e-01 8.792000e-03 5.144400e-02
49 9.382800e-01 8.760000e-03 5.296000e-02
50 9.367560e-01 8.608000e-03 5.463600e-02
51 9.352640e-01 8.628000e-03 5.610800e-02
52 9.338800e-01 8.456000e-03 5.766400e-02
53 9.325440e-01 8.288000e-03 5.916800e-02
54 9.310720e-01 8.352000e-03 6.057600e-02
55 9.297160e-01 8.236000e-03 6.204800e-02
56 9.282760e-01 8.232000e-03 6.349200e-02
57 9.266280e-01 8.324000e-03 6.504800e-02
58 9.250040e-01 8.512000e-03 6.648400e-02
59 9.231960e-01 8.840000e-03 6.796400e-02
60 9.213760e-01 9.044000e-03 6.958000e-02
61 9.197280e-01 9.052000e-03 7.122000e-02
62 9.180320e-01 9.068000e-03 7.290000e-02
63 9.165080e-01 8.876000e-03 7.461600e-02
64 9.148200e-01 8.968000e-03 7.621200e-02
65 9.132720e-01 8.908000e-03 7.782000e-02
66 9.117120e-01 8.832000e-03 7.945600e-02
67 9.100120e-01 9.020000e-03 8.096800e-02
68 9.084760e-01 9.064000e-03 8.246000e-02
69 9.068360e-01 9.060000e-03 8.410400e-02
70 9.052240e-01 8.968000e-03 8.580800e-02
71 9.037200e-01 8.960000e-03 8.732000e-02
72 9.021960e-01 8.940000e-03 8.886400e-02
73 9.006400e-01 8.876000e-03 9.048400e-02
74 8.990720e-01 8.932000e-03 9.199600e-02
75 8.973280e-01 9.096000e-03 9.357600e-02
76 8.958200e-01 8.896000e-03 9.528400e-02
77 8.943200e-01 8.948000e-03 9.673200e-02
78 8.928640e-01 8.780000e-03 9.835600e-02
79 8.914520e-01 8.716000e-03 9.983200e-02
80 8.897880e-01 8.936000e-03 1.012760e-01
81 8.882760e-01 8.940000e-03 1.027840e-01
82 8.865640e-01 9.180000e-03 1.042560e-01
83 8.848320e-01 9.224000e-03 1.059440e-01
84 8.832640e-01 9.184000e-03 1.075520e-01
85 8.816080e-01 9.176000e-03 1.092160e-01
86 8.799000e-01 9.256000e-03 1.108440e-01
87 8.784000e-01 9.092000e-03 1.125080e-01
88 8.768000e-01 9.060000e-03 1.141400e-01
89 8.751280e-01 9.080000e-03 1.157920e-01
90 8.734440e-01 9.224000e-03 1.173320e-01
91 8.717720e-01 9.240000e-03 1.189880e-01
92 8.701240e-01 9.296000e-03 1.205800e-01
93 8.685560e-01 9.240000e-03 1.222040e-01
94 8.669840e-01 9.200000e-03 1.238160e-01
95 8.653680e-01 9.300000e-03 1.253320e-01
96 8.638480e-01 9.236000e-03 1.269160e-01
97 8.620880e-01 9.420000e-03 1.284920e-01
98 8.606760e-01 9.164000e-03 1.301600e-01
99 8.592080e-01 9.008000e-03 1.317840e-01
100 8.577320e-01 8.944000e-03 1.333240e-01
101 8.562440e-01 8.896000e-03 1.348600e-01
102 8.548800e-01 8.816000e-03 1.363040e-01
103 8.535000e-01 8.560000e-03 1.379400e-01
104 8.520360e-01 8.424000e-03 1.395400e-01
105 8.506160e-01 8.492000e-03 1.408920e-01
106 8.491320e-01 8.408000e-03 1.424600e-01
107 8.477160e-01 8.464000e-03 1.438200e-01
108 8.464120e-01 8.296000e-03 1.452920e-01
109 8.451280e-01 8.224000e-03 1.466480e-01
110 8.438040e-01 8.016000e-03 1.481800e-01
111 8.422760e-01 8.080000e-03 1.496440e-01
112 8.409280e-01 8.028000e-03 1.510440e-01
113 8.395800e-01 8.016000e-03 1.524040e-01
114 8.382360e-01 7.904000e-03 1.538600e-01
115 8.370000e-01 7.936000e-03 1.550640e-01
116 8.356720e-01 7.740000e-03 1.565880e-01
117 8.343400e-01 7.712000e-03 1.579480e-01
118 8.329560e-01 7.628000e-03 1.594160e-01
119 8.316920e-01 7.584000e-03 1.607240e-01
120 8.303200e-01 7.668000e-03 1.620120e-01
121 8.289720e-01 7.624000e-03 1.634040e-01
122 8.276200e-01 7.580000e-03 1.648000e-01
123 8.263680e-01 7.576000e-03 1.660560e-01
124 8.250080e-01 7.716000e-03 1.672760e-01
125 8.238400e-01 7.516000e-03 1.686440e-01
126 8.227960e-01 7.320000e-03 1.698840e-01
127 8.216360e-01 7.176000e-03 1.711880e-01
128 8.203720e-01 7.264000e-03 1.723640e-01
129 8.193120e-01 7.064000e-03 1.736240e-01
130 8.181120e-01 6.996000e-03 1.748920e-01
131 8.168400e-01 7.108000e-03 1.760520e-01
132 8.156000e-01 7.068000e-03 1.773320e-01
133 8.144960e-01 6.920000e-03 1.785840e-01
134 8.133160e-01 6.876000e-03 1.798080e-01
135 8.121400e-01 6.884000e-03 1.809760e-01
136 8.110360e-01 6.896000e-03 1.820680e-01
137 8.098440e-01 6.916000e-03 1.832400e-01
138 8.085480e-01 6.896000e-03 1.845560e-01
139 8.074000e-01 6.836000e-03 1.857640e-01
140 8.061880e-01 6.824000e-03 1.869880e-01
141 8.052120e-01 6.620000e-03 1.881680e-01
142 8.040920e-01 6.628000e-03 1.892800e-01
143 8.030760e-01 6.496000e-03 1.904280e-01
144 8.019520e-01 6.476000e-03 1.915720e-01
145 8.008360e-01 6.372000e-03 1.927920e-01
146 7.998960e-01 6.208000e-03 1.938960e-01
147 7.989200e-01 6.144000e-03 1.949360e-01
148 7.978840e-01 6.140000e-03 1.959760e-01
149 7.969560e-01 5.916000e-03 1.971280e-01
150 7.959680e-01 5.804000e-03 1.982280e-01
151 7.950120e-01 5.748000e-03 1.992400e-01
152 7.939880e-01 5.688000e-03 2.003240e-01
153 7.929880e-01 5.800000e-03 2.012120e-01
154 7.920080e-01 5.800000e-03 2.021920e-01
155 7.910280e-01 5.788000e-03 2.031840e-01
156 7.900320e-01 5.660000e-03 2.043080e-01
157 7.889800e-01 5.704000e-03 2.053160e-01
158 7.879080e-01 5.784000e-03 2.063080e-01
159 7.870240e-01 5.668000e-03 2.073080e-01
160 7.860680e-01 5.552000e-03 2.083800e-01
161 7.850440e-01 5.528000e-03 2.094280e-01
162 7.840480e-01 5.544000e-03 2.104080e-01
163 7.831000e-01 5.448000e-03 2.114520e-01
164 7.821920e-01 5.280000e-03 2.125280e-01
165 7.811840e-01 5.384000e-03 2.134320e-01
166 7.802720e-01 5.372000e-03 2.143560e-01
167 7.792120e-01 5.468000e-03 2.153200e-01
168 7.784760e-01 5.148000e-03 2.163760e-01
169 7.777800e-01 5.016000e-03 2.172040e-01
170 7.770200e-01 4.876000e-03 2.181040e-01
171 7.761160e-01 4.988000e-03 2.188960e-01
172 7.752160e-01 4.988000e-03 2.197960e-01
173 7.744080e-01 4.992000e-03 2.206000e-01
174 7.734440e-01 5.120000e-03 2.214360e-01
175 7.726840e-01 4.972000e-03 2.223440e-01
176 7.718880e-01 4.936000e-03 2.231760e-01
177 7.711080e-01 4.796000e-03 2.240960e-01
178 7.703440e-01 4.648000e-03 2.250080e-01
179 7.695760e-01 4.588000e-03 2.258360e-01
180 7.688160e-01 4.548000e-03 2.266360e-01
181 7.681000e-01 4.460000e-03 2.274400e-01
182 7.673520e-01 4.384000e-03 2.282640e-01
183 7.665800e-01 4.356000e-03 2.290640e-01
184 7.659280e-01 4.244000e-03 2.298280e-01
185 7.652680e-01 4.160000e-03 2.305720e-01
186 7.645960e-01 4.096000e-03 2.313080e-01
187 7.640120e-01 3.940000e-03 2.320480e-01
188 7.634200e-01 3.868000e-03 2.327120e-01
189 7.627360e-01 3.904000e-03 2.333600e-01
190 7.620040e-01 3.948000e-03 2.340480e-01
191 7.613600e-01 3.940000e-03 2.347000e-01
192 7.606520e-01 3.960000e-03 2.353880e-01
193 7.600640e-01 3.816000e-03 2.361200e-01
194 7.594160e-01 3.888000e-03 2.366960e-01
195 7.587000e-01 3.912000e-03 2.373880e-01
196 7.579360e-01 3.956000e-03 2.381080e-01
197 7.572320e-01 4.028000e-03 2.387400e-01
198 7.566280e-01 3.904000e-03 2.394680e-01
199 7.559800e-01 3.788000e-03 2.402320e-01
200 7.553720e-01 3.776000e-03 2.408520e-01
201 7.548400e-01 3.680000e-03 2.414800e-01
202 7.543120e-01 3.500000e-03 2.421880e-01
203 7.537040e-01 3.436000e-03 2.428600e-01
204 7.530760e-01 3.464000e-03 2.434600e-01
205 7.525360e-01 3.416000e-03 2.440480e-01
206 7.519680e-01 3.344000e-03 2.446880e-01
207 7.513080e-01 3.404000e-03 2.452880e-01
208 7.506120e-01 3.572000e-03 2.458160e-01
209 7.499720e-01 3.580000e-03 2.464480e-01
210 7.493320e-01 3.520000e-03 2.471480e-01
211 7.488040e-01 3.404000e-03 2.477920e-01
212 7.482040e-01 3.436000e-03 2.483600e-01
213 7.476400e-01 3.376000e-03 2.489840e-01
214 7.469400e-01 3.444000e-03 2.496160e-01
215 7.463160e-01 3.424000e-03 2.502600e-01
216 7.457200e-01 3.424000e-03 2.508560e-01
217 7.451200e-01 3.312000e-03 2.515680e-01
218 7.445040e-01 3.356000e-03 2.521400e-01
219 7.439600e-01 3.320000e-03 2.527200e-01
220 7.433400e-01 3.280000e-03 2.533800e-01
221 7.427400e-01 3.340000e-03 2.539200e-01
222 7.421600e-01 3.308000e-03 2.545320e-01
223 7.416480e-01 3.244000e-03 2.551080e-01
224 7.411000e-01 3.212000e-03 2.556880e-01
225 7.404160e-01 3.312000e-03 2.562720e-01
226 7.398520e-01 3.292000e-03 2.568560e-01
227 7.392320e-01 3.272000e-03 2.574960e-01
228 7.387000e-01 3.268000e-03 2.580320e-01
229 7.381760e-01 3.228000e-03 2.585960e-01
230 7.375880e-01 3.272000e-03 2.591400e-01
231 7.369280e-01 3.320000e-03 2.597520e-01
232 7.363200e-01 3.304000e-03 2.603760e-01
233 7.357800e-01 3.308000e-03 2.609120e-01
234 7.352200e-01 3.256000e-03 2.615240e-01
235 7.346520e-01 3.332000e-03 2.620160e-01
236 7.340840e-01 3.348000e-03 2.625680e-01
237 7.335440e-01 3.280000e-03 2.631760e-01
238 7.329160e-01 3.332000e-03 2.637520e-01
239 7.323640e-01 3.328000e-03 2.643080e-01
240 7.317440e-01 3.376000e-03 2.648800e-01
241 7.311160e-01 3.360000e-03 2.655240e-01
242 7.305360e-01 3.344000e-03 2.661200e-01
243 7.298040e-01 3.544000e-03 2.666520e-01
244 7.291040e-01 3.616000e-03 2.672800e-01
245 7.284560e-01 3.676000e-03 2.678680e-01
246 7.278360e-01 3.676000e-03 2.684880e-01
247 7.271560e-01 3.708000e-03 2.691360e-01
248 7.264760e-01 3.700000e-03 2.698240e-01
249 7.258520e-01 3.616000e-03 2.705320e-01
250 7.253160e-01 3.520000e-03 2.711640e-01
251 7.246360e-01 3.552000e-03 2.718120e-01
252 7.240400e-01 3.500000e-03 2.724600e-01
253 7.234240e-01 3.504000e-03 2.730720e-01
254 7.228760e-01 3.504000e-03 2.736200e-01
255 7.223760e-01 3.460000e-03 2.741640e-01
256 7.218640e-01 3.352000e-03 2.747840e-01
257 7.213120e-01 3.372000e-03 2.753160e-01
258 7.208200e-01 3.272000e-03 2.759080e-01
259 7.203120e-01 3.208000e-03 2.764800e-01
260 7.198480e-01 3.148000e-03 2.770040e-01
261 7.192920e-01 3.148000e-03 2.775600e-01
262 7.186760e-01 3.292000e-03 2.780320e-01
263 7.180480e-01 3.348000e-03 2.786040e-01
264 7.174720e-01 3.308000e-03 2.792200e-01
265 7.168800e-01 3.376000e-03 2.797440e-01
266 7.162800e-01 3.312000e-03 2.804080e-01
267 7.157400e-01 3.288000e-03 2.809720e-01
268 7.152360e-01 3.200000e-03 2.815640e-01
269 7.147480e-01 3.176000e-03 2.820760e-01
270 7.143160e-01 3.016000e-03 2.826680e-01
271 7.137720e-01 3.048000e-03 2.831800e-01
272 7.132880e-01 2.936000e-03 2.837760e-01
273 7.128280e-01 2.840000e-03 2.843320e-01
274 7.123760e-01 2.744000e-03 2.848800e-01
275 7.119000e-01 2.660000e-03 2.854400e-01
276 7.114240e-01 2.744000e-03 2.858320e-01
277 7.110360e-01 2.652000e-03 2.863120e-01
278 7.106480e-01 2.604000e-03 2.867480e-01
279 7.101760e-01 2.616000e-03 2.872080e-01
280 7.097560e-01 2.564000e-03 2.876800e-01
281 7.094000e-01 2.452000e-03 2.881480e-01
282 7.089960e-01 2.404000e-03 2.886000e-01
283 7.085200e-01 2.528000e-03 2.889520e-01
284 7.081960e-01 2.428000e-03 2.893760e-01
285 7.077840e-01 2.412000e-03 2.898040e-01
286 7.073680e-01 2.440000e-03 2.901920e-01
287 7.069560e-01 2.420000e-03 2.906240e-01
288 7.065520e-01 2.376000e-03 2.910720e-01
289 7.061360e-01 2.412000e-03 2.914520e-01
290 7.056760e-01 2.432000e-03 2.918920e-01
291 7.052240e-01 2.472000e-03 2.923040e-01
292 7.047920e-01 2.468000e-03 2.927400e-01
293 7.043800e-01 2.416000e-03 2.932040e-01
294 7.040400e-01 2.324000e-03 2.936360e-01
295 7.036000e-01 2.396000e-03 2.940040e-01
296 7.032560e-01 2.376000e-03 2.943680e-01
297 7.028880e-01 2.340000e-03 2.947720e-01
298 7.025400e-01 2.264000e-03 2.951960e-01
299 7.021400e-01 2.352000e-03 2.955080e-01
300 7.017640e-01 2.364000e-03 2.958720e-01
301 7.013560e-01 2.388000e-03 2.962560e-01
302 7.009680e-01 2.364000e-03 2.966680e-01
303 7.005760e-01 2.344000e-03 2.970800e-01
304 7.001000e-01 2.400000e-03 2.975000e-01
305 6.997360e-01 2.340000e-03 2.979240e-01
306 6.993240e-01 2.344000e-03 2.983320e-01
307 6.989840e-01 2.296000e-03 2.987200e-01
308 6.985280e-01 2.416000e-03 2.990560e-01
309 6.981520e-01 2.376000e-03 2.994720e-01
310 6.976920e-01 2.384000e-03 2.999240e-01
311 6.972240e-01 2.404000e-03 3.003720e-01
312 6.968280e-01 2.328000e-03 3.008440e-01
313 6.963800e-01 2.320000e-03 3.013000e-01
314 6.960240e-01 2.324000e-03 3.016520e-01
315 6.956600e-01 2.272000e-03 3.020680e-01
316 6.952040e-01 2.300000e-03 3.024960e-01
317 6.947800e-01 2.348000e-03 3.028720e-01
318 6.943560e-01 2.304000e-03 3.033400e-01
319 6.939200e-01 2.312000e-03 3.037680e-01
320 6.934160e-01 2.476000e-03 3.041080e-01
321 6.930040e-01 2.416000e-03 3.045800e-01
322 6.926240e-01 2.320000e-03 3.050560e-01
323 6.922440e-01 2.400000e-03 3.053560e-01
324 6.918480e-01 2.448000e-03 3.057040e-01
325 6.913760e-01 2.444000e-03 3.061800e-01
326 6.909400e-01 2.480000e-03 3.065800e-01
327 6.905440e-01 2.468000e-03 3.069880e-01
328 6.901960e-01 2.368000e-03 3.074360e-01
329 6.898280e-01 2.340000e-03 3.078320e-01
330 6.894560e-01 2.252000e-03 3.082920e-01
331 6.890320e-01 2.212000e-03 3.087560e-01
332 6.885800e-01 2.312000e-03 3.091080e-01
333 6.882720e-01 2.200000e-03 3.095280e-01
334 6.878600e-01 2.232000e-03 3.099080e-01
335 6.874560e-01 2.312000e-03 3.102320e-01
336 6.871320e-01 2.268000e-03 3.106000e-01
337 6.868080e-01 2.244000e-03 3.109480e-01
338 6.864800e-01 2.204000e-03 3.113160e-01
339 6.861680e-01 2.148000e-03 3.116840e-01
340 6.858200e-01 2.160000e-03 3.120200e-01
341 6.855240e-01 2.132000e-03 3.123440e-01
342 6.852080e-01 2.076000e-03 3.127160e-01
343 6.848720e-01 2.048000e-03 3.130800e-01
344 6.845440e-01 2.036000e-03 3.134200e-01
345 6.842680e-01 1.972000e-03 3.137600e-01
346 6.838600e-01 2.076000e-03 3.140640e-01
347 6.835360e-01 2.048000e-03 3.144160e-01
348 6.831200e-01 2.112000e-03 3.147680e-01
349 6.826720e-01 2.224000e-03 3.151040e-01
350 6.822440e-01 2.224000e-03 3.155320e-01
351 6.818680e-01 2.200000e-03 3.159320e-01
352 6.814720e-01 2.296000e-03 3.162320e-01
353 6.811120e-01 2.264000e-03 3.166240e-01
354 6.807720e-01 2.220000e-03 3.170080e-01
355 6.804200e-01 2.192000e-03 3.173880e-01
356 6.800360e-01 2.164000e-03 3.178000e-01
357 6.796520e-01 2.116000e-03 3.182320e-01
358 6.792440e-01 2.180000e-03 3.185760e-01
359 6.789160e-01 2.044000e-03 3.190400e-01
360 6.785680e-01 2.076000e-03 3.193560e-01
361 6.782680e-01 2.028000e-03 3.197040e-01
362 6.779160e-01 2.048000e-03 3.200360e-01
363 6.775240e-01 2.104000e-03 3.203720e-01
364 6.770800e-01 2.176000e-03 3.207440e-01
365 6.766720e-01 2.264000e-03 3.210640e-01
366 6.761280e-01 2.400000e-03 3.214720e-01
367 6.757440e-01 2.348000e-03 3.219080e-01
368 6.753320e-01 2.360000e-03 3.223080e-01
369 6.749680e-01 2.248000e-03 3.227840e-01
370 6.745760e-01 2.268000e-03 3.231560e-01
371 6.741600e-01 2.272000e-03 3.235680e-01
372 6.737440e-01 2.308000e-03 3.239480e-01
373 6.733000e-01 2.344000e-03 3.243560e-01
374 6.728800e-01 2.340000e-03 3.247800e-01
375 6.725080e-01 2.324000e-03 3.251680e-01
376 6.720360e-01 2.316000e-03 3.256480e-01
377 6.716640e-01 2.344000e-03 3.259920e-01
378 6.712680e-01 2.316000e-03 3.264160e-01
379 6.708840e-01 2.284000e-03 3.268320e-01
380 6.704960e-01 2.272000e-03 3.272320e-01
381 6.700720e-01 2.256000e-03 3.276720e-01
382 6.697200e-01 2.180000e-03 3.281000e-01
383 6.693600e-01 2.136000e-03 3.285040e-01
384 6.690760e-01 2.008000e-03 3.289160e-01
385 6.687440e-01 2.000000e-03 3.292560e-01
386 6.683920e-01 2.004000e-03 3.296040e-01
387 6.680240e-01 1.996000e-03 3.299800e-01
388 6.677000e-01 1.968000e-03 3.303320e-01
389 6.673200e-01 2.028000e-03 3.306520e-01
390 6.669680e-01 2.020000e-03 3.310120e-01
391 6.665960e-01 2.008000e-03 3.313960e-01
392 6.662680e-01 2.024000e-03 3.317080e-01
393 6.659320e-01 2.088000e-03 3.319800e-01
394 6.656000e-01 2.104000e-03 3.322960e-01
395 6.652280e-01 2.152000e-03 3.326200e-01
396 6.648880e-01 2.108000e-03 3.330040e-01
397 6.645840e-01 2.048000e-03 3.333680e-01
398 6.642200e-01 2.012000e-03 3.337680e-01
399 6.639040e-01 1.996000e-03 3.341000e-01
400 6.635880e-01 2.016000e-03 3.343960e-01
401 6.633120e-01 1.952000e-03 3.347360e-01
402 6.628800e-01 2.036000e-03 3.350840e-01
403 6.624920e-01 2.088000e-03 3.354200e-01
404 6.621560e-01 2.008000e-03 3.358360e-01
405 6.617720e-01 2.084000e-03 3.361440e-01
406 6.614640e-01 2.064000e-03 3.364720e-01
407 6.611600e-01 2.020000e-03 3.368200e-01
408 6.608480e-01 1.984000e-03 3.371680e-01
409 6.605520e-01 1.944000e-03 3.375040e-01
410 6.602800e-01 1.872000e-03 3.378480e-01
411 6.599440e-01 1.888000e-03 3.381680e-01
412 6.596680e-01 1.912000e-03 3.384200e-01
413 6.594080e-01 1.776000e-03 3.388160e-01
414 6.591000e-01 1.792000e-03 3.391080e-01
415 6.588560e-01 1.748000e-03 3.393960e-01
416 6.586440e-01 1.640000e-03 3.397160e-01
417 6.583600e-01 1.612000e-03 3.400280e-01
418 6.581560e-01 1.512000e-03 3.403320e-01
419 6.578840e-01 1.584000e-03 3.405320e-01
420 6.575640e-01 1.604000e-03 3.408320e-01
421 6.572680e-01 1.656000e-03 3.410760e-01
422 6.569840e-01 1.584000e-03 3.414320e-01
423 6.567280e-01 1.604000e-03 3.416680e-01
424 6.564720e-01 1.564000e-03 3.419640e-01
425 6.562040e-01 1.556000e-03 3.422400e-01
426 6.559800e-01 1.476000e-03 3.425440e-01
427 6.557080e-01 1.484000e-03 3.428080e-01
428 6.554160e-01 1.528000e-03 3.430560e-01
429 6.551400e-01 1.496000e-03 3.433640e-01
430 6.548680e-01 1.500000e-03 3.436320e-01
431 6.545880e-01 1.460000e-03 3.439520e-01
432 6.542320e-01 1.536000e-03 3.442320e-01
433 6.539920e-01 1.560000e-03 3.444480e-01
434 6.537480e-01 1.520000e-03 3.447320e-01
435 6.534600e-01 1.488000e-03 3.450520e-01
436 6.531880e-01 1.496000e-03 3.453160e-01
437 6.528920e-01 1.560000e-03 3.455480e-01
438 6.526920e-01 1.516000e-03 3.457920e-01
439 6.524840e-01 1.488000e-03 3.460280e-01
440 6.522160e-01 1.484000e-03 3.463000e-01
441 6.519920e-01 1.416000e-03 3.465920e-01
442 6.517600e-01 1.444000e-03 3.467960e-01
443 6.515160e-01 1.472000e-03 3.470120e-01
444 6.512680e-01 1.428000e-03 3.473040e-01
445 6.510800e-01 1.348000e-03 3.475720e-01
446 6.508560e-01 1.344000e-03 3.478000e-01
447 6.506120e-01 1.400000e-03 3.479880e-01
448 6.503320e-01 1.456000e-03 3.482120e-01
449 6.500600e-01 1.468000e-03 3.484720e-01
450 6.498840e-01 1.404000e-03 3.487120e-01
451 6.496520e-01 1.352000e-03 3.489960e-01
452 6.494840e-01 1.264000e-03 3.492520e-01
453 6.493120e-01 1.208000e-03 3.494800e-01
454 6.491560e-01 1.168000e-03 3.496760e-01
455 6.490040e-01 1.140000e-03 3.498560e-01
456 6.489000e-01 1.080000e-03 3.500200e-01
457 6.486600e-01 1.096000e-03 3.502440e-01
458 6.484640e-01 1.032000e-03 3.505040e-01
459 6.482960e-01 1.012000e-03 3.506920e-01
460 6.481280e-01 1.044000e-03 3.508280e-01
461 6.479600e-01 1.044000e-03 3.509960e-01
462 6.477880e-01 1.060000e-03 3.511520e-01
463 6.476040e-01 1.024000e-03 3.513720e-01
464 6.474040e-01 1.040000e-03 3.515560e-01
465 6.472560e-01 1.016000e-03 3.517280e-01
466 6.470600e-01 1.056000e-03 3.518840e-01
467 6.468920e-01 1.020000e-03 3.520880e-01
468 6.467280e-01 1.016000e-03 3.522560e-01
469 6.466000e-01 1.000000e-03 3.524000e-01
470 6.464520e-01 9.680000e-04 3.525800e-01
471 6.463120e-01 9.520000e-04 3.527360e-01
472 6.461960e-01 9.280000e-04 3.528760e-01
473 6.460760e-01 8.720000e-04 3.530520e-01
474 6.459480e-01 8.320000e-04 3.532200e-01
475 6.458040e-01 8.400000e-04 3.533560e-01
476 6.457520e-01 7.520000e-04 3.534960e-01
477 6.456680e-01 7.400000e-04 3.535920e-01
478 6.456120e-01 6.520000e-04 3.537360e-01
479 6.455480e-01 5.840000e-04 3.538680e-01
480 6.454800e-01 5.640000e-04 3.539560e-01
481 6.454160e-01 5.400000e-04 3.540440e-01
482 6.453400e-01 4.960000e-04 3.541640e-01
483 6.453000e-01 4.560000e-04 3.542440e-01
484 6.452320e-01 4.720000e-04 3.542960e-01
485 6.451840e-01 4.520000e-04 3.543640e-01
486 6.451440e-01 3.840000e-04 3.544720e-01
487 6.450720e-01 3.760000e-04 3.545520e-01
488 6.450320e-01 3.360000e-04 3.546320e-01
489 6.449840e-01 3.360000e-04 3.546800e-01
490 6.449040e-01 3.560000e-04 3.547400e-01
491 6.448440e-01 3.680000e-04 3.547880e-01
492 6.447520e-01 3.880000e-04 3.548600e-01
493 6.446640e-01 4.160000e-04 3.549200e-01
494 6.445720e-01 4.320000e-04 3.549960e-01
495 6.444760e-01 4.520000e-04 3.550720e-01
496 6.444120e-01 4.400000e-04 3.551480e-01
497 6.443120e-01 4.680000e-04 3.552200e-01
498 6.442240e-01 4.680000e-04 3.553080e-01
499 6.441400e-01 4.560000e-04 3.554040e-01
500 6.440200e-01 5.000000e-04 3.554800e-01
