1 9.992280e-01 6.640000e-04 1.080000e-04
2 9.986560e-01 1.096000e-03 2.480000e-04
3 9.979960e-01 1.548000e-03 4.560000e-04
4 9.973480e-01 1.856000e-03 7.960000e-04
5 9.966880e-01 2.136000e-03 1.176000e-03
6 9.958480e-01 2.548000e-03 1.604000e-03
7 9.949720e-01 2.928000e-03 2.100000e-03
8 9.942000e-01 3.144000e-03 2.656000e-03
9 9.933040e-01 3.416000e-03 3.280000e-03
10 9.923280e-01 3.816000e-03 3.856000e-03
11 9.913680e-01 4.096000e-03 4.536000e-03
12 9.902560e-01 4.572000e-03 5.172000e-03
13 9.892080e-01 4.740000e-03 6.052000e-03
14 9.882600e-01 4.788000e-03 6.952000e-03
15 9.872120e-01 4.972000e-03 7.816000e-03
16 9.861360e-01 5.164000e-03 8.700000e-03
17 9.850040e-01 5.420000e-03 9.576000e-03
18 9.838760e-01 5.604000e-03 1.052000e-02
19 9.826960e-01 5.824000e-03 1.148000e-02
20 9.814520e-01 6.124000e-03 1.242400e-02
21 9.801560e-01 6.372000e-03 1.347200e-02
22 9.788960e-01 6.596000e-03 1.450800e-02
23 9.775480e-01 6.760000e-03 1.569200e-02
24 9.761320e-01 6.952000e-03 1.691600e-02
25 9.747040e-01 7.204000e-03 1.809200e-02
26 9.732760e-01 7.360000e-03 1.936400e-02
27 9.716320e-01 7.660000e-03 2.070800e-02
28 9.702040e-01 7.776000e-03 2.202000e-02
29 9.687840e-01 7.744000e-03 2.347200e-02
30 9.673200e-01 7.916000e-03 2.476400e-02
31 9.658440e-01 8.052000e-03 2.610400e-02
32 9.643560e-01 7.984000e-03 2.766000e-02
33 9.627200e-01 8.264000e-03 2.901600e-02
34 9.609200e-01 8.632000e-03 3.044800e-02
35 9.591440e-01 8.860000e-03 3.199600e-02
36 9.572960e-01 9.048000e-03 3.365600e-02
37 9.554440e-01 9.244000e-03 3.531200e-02
38 9.538280e-01 9.188000e-03 3.698400e-02
39 9.520640e-01 9.388000e-03 3.854800e-02
40 9.502560e-01 9.640000e-03 4.010400e-02
41 9.484680e-01 9.732000e-03 4.180000e-02
42 9.468800e-01 9.600000e-03 4.352000e-02
43 9.451000e-01 9.860000e-03 4.504000e-02
44 9.435160e-01 9.712000e-03 4.677200e-02
45 9.420200e-01 9.480000e-03 4.850000e-02
46 9.402160e-01 9.596000e-03 5.018800e-02
47 9.384800e-01 9.700000e-03 5.182000e-02
48 9.366520e-01 9.908000e-03 5.344000e-02
49 9.349400e-01 9.928000e-03 5.513200e-02
50 9.331600e-01 9.848000e-03 5.699200e-02
51 9.312920e-01 1.008800e-02 5.862000e-02
52 9.293480e-01 1.022000e-02 6.043200e-02
53 9.274880e-01 1.052400e-02 6.198800e-02
54 9.254960e-01 1.060000e-02 6.390400e-02
55 9.234760e-01 1.081200e-02 6.571200e-02
56 9.215440e-01 1.086800e-02 6.758800e-02
57 9.194440e-01 1.096400e-02 6.959200e-02
58 9.175640e-01 1.100800e-02 7.142800e-02
59 9.157400e-01 1.075200e-02 7.350800e-02
60 9.138200e-01 1.090400e-02 7.527600e-02
61 9.120480e-01 1.060000e-02 7.735200e-02
62 9.103560e-01 1.039200e-02 7.925200e-02
63 9.087720e-01 1.034400e-02 8.088400e-02
64 9.069640e-01 1.036800e-02 8.266800e-02
65 9.050880e-01 1.047600e-02 8.443600e-02
66 9.033800e-01 1.032800e-02 8.629200e-02
67 9.017360e-01 1.016800e-02 8.809600e-02
68 9.000960e-01 1.003200e-02 8.987200e-02
69 8.985000e-01 9.860000e-03 9.164000e-02
70 8.967480e-01 9.860000e-03 9.339200e-02
71 8.952120e-01 9.704000e-03 9.508400e-02
72 8.936360e-01 9.552000e-03 9.681200e-02
73 8.920360e-01 9.528000e-03 9.843600e-02
74 8.903600e-01 9.516000e-03 1.001240e-01
75 8.887200e-01 9.464000e-03 1.018160e-01
76 8.871200e-01 9.400000e-03 1.034800e-01
77 8.857440e-01 9.176000e-03 1.050800e-01
78 8.843440e-01 8.988000e-03 1.066680e-01
79 8.828440e-01 8.868000e-03 1.082880e-01
80 8.813600e-01 8.808000e-03 1.098320e-01
81 8.798760e-01 8.724000e-03 1.114000e-01
82 8.783520e-01 8.692000e-03 1.129560e-01
83 8.769840e-01 8.488000e-03 1.145280e-01
84 8.756480e-01 8.264000e-03 1.160880e-01
85 8.742640e-01 8.232000e-03 1.175040e-01
86 8.728480e-01 8.116000e-03 1.190360e-01
87 8.713760e-01 8.112000e-03 1.205120e-01
88 8.698760e-01 8.188000e-03 1.219360e-01
89 8.684200e-01 8.080000e-03 1.235000e-01
90 8.669920e-01 8.064000e-03 1.249440e-01
91 8.655040e-01 8.052000e-03 1.264440e-01
92 8.640600e-01 8.064000e-03 1.278760e-01
93 8.626760e-01 7.956000e-03 1.293680e-01
94 8.613480e-01 7.824000e-03 1.308280e-01
95 8.601280e-01 7.752000e-03 1.321200e-01
96 8.588440e-01 7.592000e-03 1.335640e-01
97 8.576120e-01 7.520000e-03 1.348680e-01
98 8.563080e-01 7.492000e-03 1.362000e-01
99 8.549680e-01 7.508000e-03 1.375240e-01
100 8.537720e-01 7.516000e-03 1.387120e-01
101 8.525680e-01 7.328000e-03 1.401040e-01
102 8.513160e-01 7.260000e-03 1.414240e-01
103 8.499800e-01 7.316000e-03 1.427040e-01
104 8.486280e-01 7.240000e-03 1.441320e-01
105 8.473400e-01 7.204000e-03 1.454560e-01
106 8.460440e-01 7.308000e-03 1.466480e-01
107 8.447400e-01 7.360000e-03 1.479000e-01
108 8.433960e-01 7.424000e-03 1.491800e-01
109 8.421120e-01 7.320000e-03 1.505680e-01
110 8.407760e-01 7.420000e-03 1.518040e-01
111 8.394440e-01 7.504000e-03 1.530520e-01
112 8.381520e-01 7.580000e-03 1.542680e-01
113 8.367120e-01 7.712000e-03 1.555760e-01
114 8.353200e-01 7.704000e-03 1.569760e-01
115 8.338120e-01 7.872000e-03 1.583160e-01
116 8.323880e-01 7.912000e-03 1.597000e-01
117 8.309960e-01 7.912000e-03 1.610920e-01
118 8.296160e-01 7.928000e-03 1.624560e-01
119 8.282200e-01 7.936000e-03 1.638440e-01
120 8.269800e-01 7.760000e-03 1.652600e-01
121 8.256440e-01 7.604000e-03 1.667520e-01
122 8.245320e-01 7.424000e-03 1.680440e-01
123 8.233960e-01 7.344000e-03 1.692600e-01
124 8.222120e-01 7.312000e-03 1.704760e-01
125 8.210160e-01 7.200000e-03 1.717840e-01
126 8.197520e-01 7.216000e-03 1.730320e-01
127 8.185600e-01 7.064000e-03 1.743760e-01
128 8.175360e-01 6.868000e-03 1.755960e-01
129 8.162480e-01 6.928000e-03 1.768240e-01
130 8.151160e-01 6.856000e-03 1.780280e-01
131 8.139160e-01 6.920000e-03 1.791640e-01
132 8.128200e-01 6.860000e-03 1.803200e-01
133 8.116320e-01 6.668000e-03 1.817000e-01
134 8.104480e-01 6.672000e-03 1.828800e-01
135 8.092600e-01 6.748000e-03 1.839920e-01
136 8.080320e-01 6.744000e-03 1.852240e-01
137 8.070240e-01 6.612000e-03 1.863640e-01
138 8.058480e-01 6.640000e-03 1.875120e-01
139 8.048640e-01 6.444000e-03 1.886920e-01
140 8.038160e-01 6.384000e-03 1.898000e-01
141 8.027520e-01 6.252000e-03 1.909960e-01
142 8.016400e-01 6.276000e-03 1.920840e-01
143 8.005920e-01 6.236000e-03 1.931720e-01
144 7.995640e-01 6.252000e-03 1.941840e-01
145 7.984880e-01 6.224000e-03 1.952880e-01
146 7.974080e-01 6.220000e-03 1.963720e-01
147 7.962280e-01 6.272000e-03 1.975000e-01
148 7.951440e-01 6.192000e-03 1.986640e-01
149 7.940840e-01 6.100000e-03 1.998160e-01
150 7.930400e-01 6.056000e-03 2.009040e-01
151 7.920760e-01 5.972000e-03 2.019520e-01
152 7.909880e-01 5.928000e-03 2.030840e-01
153 7.897760e-01 5.984000e-03 2.042400e-01
154 7.888480e-01 5.828000e-03 2.053240e-01
155 7.878840e-01 5.784000e-03 2.063320e-01
156 7.870280e-01 5.688000e-03 2.072840e-01
157 7.860280e-01 5.660000e-03 2.083120e-01
158 7.851040e-01 5.696000e-03 2.092000e-01
159 7.841800e-01 5.656000e-03 2.101640e-01
160 7.833000e-01 5.660000e-03 2.110400e-01
161 7.824560e-01 5.468000e-03 2.120760e-01
162 7.816840e-01 5.248000e-03 2.130680e-01
163 7.808640e-01 5.188000e-03 2.139480e-01
164 7.801240e-01 5.100000e-03 2.147760e-01
165 7.793320e-01 5.016000e-03 2.156520e-01
166 7.784520e-01 5.036000e-03 2.165120e-01
167 7.775960e-01 5.044000e-03 2.173600e-01
168 7.766760e-01 5.112000e-03 2.182120e-01
169 7.758960e-01 5.000000e-03 2.191040e-01
170 7.750840e-01 5.004000e-03 2.199120e-01
171 7.742360e-01 4.896000e-03 2.208680e-01
172 7.733480e-01 4.876000e-03 2.217760e-01
173 7.725320e-01 4.828000e-03 2.226400e-01
174 7.717440e-01 4.764000e-03 2.234920e-01
175 7.709200e-01 4.772000e-03 2.243080e-01
176 7.701400e-01 4.728000e-03 2.251320e-01
177 7.693880e-01 4.684000e-03 2.259280e-01
178 7.686400e-01 4.576000e-03 2.267840e-01
179 7.678720e-01 4.528000e-03 2.276000e-01
180 7.670560e-01 4.564000e-03 2.283800e-01
181 7.662160e-01 4.596000e-03 2.291880e-01
182 7.654320e-01 4.604000e-03 2.299640e-01
183 7.645400e-01 4.708000e-03 2.307520e-01
184 7.637040e-01 4.812000e-03 2.314840e-01
185 7.629160e-01 4.752000e-03 2.323320e-01
186 7.622320e-01 4.584000e-03 2.331840e-01
187 7.614000e-01 4.560000e-03 2.340400e-01
188 7.605920e-01 4.488000e-03 2.349200e-01
189 7.598600e-01 4.428000e-03 2.357120e-01
190 7.591680e-01 4.360000e-03 2.364720e-01
191 7.583800e-01 4.396000e-03 2.372240e-01
192 7.576080e-01 4.444000e-03 2.379480e-01
193 7.568680e-01 4.388000e-03 2.387440e-01
194 7.560880e-01 4.456000e-03 2.394560e-01
195 7.553280e-01 4.404000e-03 2.402680e-01
196 7.545040e-01 4.540000e-03 2.409560e-01
197 7.537800e-01 4.512000e-03 2.417080e-01
198 7.530240e-01 4.480000e-03 2.424960e-01
199 7.522800e-01 4.444000e-03 2.432760e-01
200 7.515680e-01 4.400000e-03 2.440320e-01
201 7.508320e-01 4.376000e-03 2.447920e-01
202 7.502000e-01 4.300000e-03 2.455000e-01
203 7.494560e-01 4.228000e-03 2.463160e-01
204 7.488000e-01 4.156000e-03 2.470440e-01
205 7.480720e-01 4.120000e-03 2.478080e-01
206 7.474480e-01 3.992000e-03 2.485600e-01
207 7.467360e-01 3.992000e-03 2.492720e-01
208 7.460760e-01 3.904000e-03 2.500200e-01
209 7.453880e-01 3.940000e-03 2.506720e-01
210 7.447640e-01 3.844000e-03 2.513920e-01
211 7.440880e-01 3.896000e-03 2.520160e-01
212 7.434360e-01 3.876000e-03 2.526880e-01
213 7.427920e-01 3.888000e-03 2.533200e-01
214 7.422000e-01 3.808000e-03 2.539920e-01
215 7.415280e-01 3.808000e-03 2.546640e-01
216 7.408960e-01 3.760000e-03 2.553440e-01
217 7.403080e-01 3.624000e-03 2.560680e-01
218 7.396680e-01 3.588000e-03 2.567440e-01
219 7.390880e-01 3.540000e-03 2.573720e-01
220 7.384880e-01 3.524000e-03 2.579880e-01
221 7.378800e-01 3.476000e-03 2.586440e-01
222 7.373200e-01 3.448000e-03 2.592320e-01
223 7.367520e-01 3.324000e-03 2.599240e-01
224 7.362160e-01 3.236000e-03 2.605480e-01
225 7.356960e-01 3.172000e-03 2.611320e-01
226 7.351280e-01 3.176000e-03 2.616960e-01
227 7.345960e-01 3.084000e-03 2.623200e-01
228 7.341760e-01 3.052000e-03 2.627720e-01
229 7.335920e-01 3.136000e-03 2.632720e-01
230 7.330680e-01 3.136000e-03 2.637960e-01
231 7.326360e-01 3.076000e-03 2.642880e-01
232 7.321080e-01 3.092000e-03 2.648000e-01
233 7.315760e-01 3.060000e-03 2.653640e-01
234 7.310280e-01 3.004000e-03 2.659680e-01
235 7.305720e-01 2.860000e-03 2.665680e-01
236 7.301720e-01 2.800000e-03 2.670280e-01
237 7.297000e-01 2.832000e-03 2.674680e-01
238 7.292400e-01 2.860000e-03 2.679000e-01
239 7.287280e-01 2.900000e-03 2.683720e-01
240 7.282960e-01 2.892000e-03 2.688120e-01
241 7.278480e-01 2.832000e-03 2.693200e-01
242 7.274440e-01 2.756000e-03 2.698000e-01
243 7.270640e-01 2.696000e-03 2.702400e-01
244 7.265720e-01 2.696000e-03 2.707320e-01
245 7.261720e-01 2.648000e-03 2.711800e-01
246 7.257880e-01 2.568000e-03 2.716440e-01
247 7.253040e-01 2.632000e-03 2.720640e-01
248 7.248760e-01 2.624000e-03 2.725000e-01
249 7.243960e-01 2.652000e-03 2.729520e-01
250 7.240360e-01 2.504000e-03 2.734600e-01
251 7.236720e-01 2.448000e-03 2.738800e-01
252 7.233240e-01 2.420000e-03 2.742560e-01
253 7.230040e-01 2.236000e-03 2.747600e-01
254 7.226160e-01 2.244000e-03 2.751400e-01
255 7.222640e-01 2.212000e-03 2.755240e-01
256 7.218920e-01 2.164000e-03 2.759440e-01
257 7.214840e-01 2.200000e-03 2.763160e-01
258 7.210240e-01 2.268000e-03 2.767080e-01
259 7.206360e-01 2.292000e-03 2.770720e-01
260 7.201600e-01 2.372000e-03 2.774680e-01
261 7.197600e-01 2.436000e-03 2.778040e-01
262 7.192680e-01 2.544000e-03 2.781880e-01
263 7.188280e-01 2.540000e-03 2.786320e-01
264 7.184360e-01 2.484000e-03 2.790800e-01
265 7.180360e-01 2.452000e-03 2.795120e-01
266 7.176640e-01 2.416000e-03 2.799200e-01
267 7.173280e-01 2.352000e-03 2.803200e-01
268 7.169120e-01 2.396000e-03 2.806920e-01
269 7.165400e-01 2.300000e-03 2.811600e-01
270 7.162040e-01 2.256000e-03 2.815400e-01
271 7.158080e-01 2.264000e-03 2.819280e-01
272 7.154880e-01 2.212000e-03 2.823000e-01
273 7.151880e-01 2.124000e-03 2.826880e-01
274 7.148520e-01 2.104000e-03 2.830440e-01
275 7.145480e-01 1.992000e-03 2.834600e-01
276 7.142920e-01 1.880000e-03 2.838280e-01
277 7.139720e-01 1.916000e-03 2.841120e-01
278 7.137120e-01 1.768000e-03 2.845200e-01
279 7.132840e-01 1.848000e-03 2.848680e-01
280 7.129200e-01 1.912000e-03 2.851680e-01
281 7.125560e-01 1.916000e-03 2.855280e-01
282 7.121920e-01 1.880000e-03 2.859280e-01
283 7.117560e-01 1.928000e-03 2.863160e-01
284 7.114240e-01 1.964000e-03 2.866120e-01
285 7.111240e-01 1.908000e-03 2.869680e-01
286 7.108000e-01 1.912000e-03 2.872880e-01
287 7.103680e-01 2.028000e-03 2.876040e-01
288 7.099840e-01 2.016000e-03 2.880000e-01
289 7.095920e-01 2.052000e-03 2.883560e-01
290 7.093080e-01 2.040000e-03 2.886520e-01
291 7.089480e-01 2.084000e-03 2.889680e-01
292 7.086960e-01 1.980000e-03 2.893240e-01
293 7.083960e-01 1.924000e-03 2.896800e-01
294 7.080760e-01 1.936000e-03 2.899880e-01
295 7.076800e-01 2.004000e-03 2.903160e-01
296 7.073960e-01 1.916000e-03 2.906880e-01
297 7.070400e-01 1.936000e-03 2.910240e-01
298 7.067160e-01 1.860000e-03 2.914240e-01
299 7.063760e-01 1.884000e-03 2.917400e-01
300 7.060800e-01 1.848000e-03 2.920720e-01
301 7.057840e-01 1.840000e-03 2.923760e-01
302 7.054840e-01 1.808000e-03 2.927080e-01
303 7.051000e-01 1.880000e-03 2.930200e-01
304 7.047600e-01 1.848000e-03 2.933920e-01
305 7.044480e-01 1.808000e-03 2.937440e-01
306 7.041920e-01 1.740000e-03 2.940680e-01
307 7.038160e-01 1.832000e-03 2.943520e-01
308 7.035240e-01 1.804000e-03 2.946720e-01
309 7.032800e-01 1.764000e-03 2.949560e-01
310 7.030360e-01 1.672000e-03 2.952920e-01
311 7.027640e-01 1.648000e-03 2.955880e-01
312 7.024600e-01 1.612000e-03 2.959280e-01
313 7.021760e-01 1.600000e-03 2.962240e-01
314 7.019000e-01 1.640000e-03 2.964600e-01
315 7.016480e-01 1.612000e-03 2.967400e-01
316 7.014560e-01 1.484000e-03 2.970600e-01
317 7.011440e-01 1.476000e-03 2.973800e-01
318 7.009440e-01 1.436000e-03 2.976200e-01
319 7.006600e-01 1.464000e-03 2.978760e-01
320 7.003960e-01 1.476000e-03 2.981280e-01
321 7.001360e-01 1.484000e-03 2.983800e-01
322 6.999160e-01 1.432000e-03 2.986520e-01
323 6.996800e-01 1.412000e-03 2.989080e-01
324 6.994800e-01 1.348000e-03 2.991720e-01
325 6.993360e-01 1.272000e-03 2.993920e-01
326 6.991760e-01 1.216000e-03 2.996080e-01
327 6.989680e-01 1.208000e-03 2.998240e-01
328 6.987520e-01 1.200000e-03 3.000480e-01
329 6.985360e-01 1.212000e-03 3.002520e-01
330 6.982920e-01 1.216000e-03 3.004920e-01
331 6.980920e-01 1.180000e-03 3.007280e-01
332 6.978480e-01 1.228000e-03 3.009240e-01
333 6.975800e-01 1.264000e-03 3.011560e-01
334 6.972960e-01 1.276000e-03 3.014280e-01
335 6.970920e-01 1.236000e-03 3.016720e-01
336 6.968800e-01 1.212000e-03 3.019080e-01
337 6.966320e-01 1.224000e-03 3.021440e-01
338 6.963960e-01 1.240000e-03 3.023640e-01
339 6.961360e-01 1.280000e-03 3.025840e-01
340 6.959000e-01 1.272000e-03 3.028280e-01
341 6.956920e-01 1.268000e-03 3.030400e-01
342 6.954040e-01 1.340000e-03 3.032560e-01
343 6.952040e-01 1.348000e-03 3.034480e-01
344 6.949200e-01 1.400000e-03 3.036800e-01
345 6.946600e-01 1.428000e-03 3.039120e-01
346 6.943840e-01 1.504000e-03 3.041120e-01
347 6.941080e-01 1.504000e-03 3.043880e-01
348 6.938920e-01 1.456000e-03 3.046520e-01
349 6.936560e-01 1.368000e-03 3.049760e-01
350 6.933960e-01 1.400000e-03 3.052040e-01
351 6.931200e-01 1.448000e-03 3.054320e-01
352 6.928360e-01 1.468000e-03 3.056960e-01
353 6.926120e-01 1.368000e-03 3.060200e-01
354 6.924000e-01 1.332000e-03 3.062680e-01
355 6.921920e-01 1.264000e-03 3.065440e-01
356 6.919840e-01 1.204000e-03 3.068120e-01
357 6.917760e-01 1.208000e-03 3.070160e-01
358 6.915480e-01 1.216000e-03 3.072360e-01
359 6.912760e-01 1.280000e-03 3.074440e-01
360 6.910760e-01 1.264000e-03 3.076600e-01
361 6.908400e-01 1.272000e-03 3.078880e-01
362 6.906040e-01 1.300000e-03 3.080960e-01
363 6.903280e-01 1.308000e-03 3.083640e-01
364 6.901000e-01 1.284000e-03 3.086160e-01
365 6.899040e-01 1.244000e-03 3.088520e-01
366 6.896600e-01 1.248000e-03 3.090920e-01
367 6.894680e-01 1.192000e-03 3.093400e-01
368 6.892480e-01 1.220000e-03 3.095320e-01
369 6.890200e-01 1.228000e-03 3.097520e-01
370 6.888080e-01 1.252000e-03 3.099400e-01
371 6.886000e-01 1.224000e-03 3.101760e-01
372 6.884120e-01 1.200000e-03 3.103880e-01
373 6.881520e-01 1.268000e-03 3.105800e-01
374 6.878800e-01 1.336000e-03 3.107840e-01
375 6.876320e-01 1.348000e-03 3.110200e-01
376 6.873880e-01 1.288000e-03 3.113240e-01
377 6.871440e-01 1.272000e-03 3.115840e-01
378 6.868800e-01 1.300000e-03 3.118200e-01
379 6.867120e-01 1.240000e-03 3.120480e-01
380 6.865160e-01 1.208000e-03 3.122760e-01
381 6.862720e-01 1.232000e-03 3.124960e-01
382 6.860880e-01 1.200000e-03 3.127120e-01
383 6.858880e-01 1.196000e-03 3.129160e-01
384 6.857160e-01 1.120000e-03 3.131640e-01
385 6.855280e-01 1.100000e-03 3.133720e-01
386 6.853360e-01 1.096000e-03 3.135680e-01
387 6.851800e-01 1.048000e-03 3.137720e-01
388 6.849440e-01 1.084000e-03 3.139720e-01
389 6.847520e-01 1.084000e-03 3.141640e-01
390 6.845400e-01 1.108000e-03 3.143520e-01
391 6.843320e-01 1.140000e-03 3.145280e-01
392 6.841320e-01 1.164000e-03 3.147040e-01
393 6.839080e-01 1.196000e-03 3.148960e-01
394 6.837080e-01 1.192000e-03 3.151000e-01
395 6.834760e-01 1.204000e-03 3.153200e-01
396 6.832560e-01 1.176000e-03 3.155680e-01
397 6.830560e-01 1.144000e-03 3.158000e-01
398 6.828920e-01 1.092000e-03 3.160160e-01
399 6.826800e-01 1.124000e-03 3.161960e-01
400 6.824840e-01 1.128000e-03 3.163880e-01
401 6.823080e-01 1.148000e-03 3.165440e-01
402 6.821440e-01 1.064000e-03 3.167920e-01
403 6.819640e-01 1.048000e-03 3.169880e-01
404 6.817880e-01 1.048000e-03 3.171640e-01
405 6.816240e-01 1.036000e-03 3.173400e-01
406 6.813560e-01 1.120000e-03 3.175240e-01
407 6.811480e-01 1.128000e-03 3.177240e-01
408 6.809160e-01 1.152000e-03 3.179320e-01
409 6.806880e-01 1.168000e-03 3.181440e-01
410 6.804880e-01 1.176000e-03 3.183360e-01
411 6.802920e-01 1.164000e-03 3.185440e-01
412 6.801240e-01 1.120000e-03 3.187560e-01
413 6.799640e-01 1.120000e-03 3.189160e-01
414 6.797120e-01 1.228000e-03 3.190600e-01
415 6.795480e-01 1.188000e-03 3.192640e-01
416 6.793800e-01 1.160000e-03 3.194600e-01
417 6.792000e-01 1.128000e-03 3.196720e-01
418 6.790000e-01 1.128000e-03 3.198720e-01
419 6.788240e-01 1.068000e-03 3.201080e-01
420 6.786880e-01 1.024000e-03 3.202880e-01
421 6.785640e-01 9.720000e-04 3.204640e-01
422 6.783560e-01 9.760000e-04 3.206680e-01
423 6.782160e-01 9.760000e-04 3.208080e-01
424 6.780360e-01 1.000000e-03 3.209640e-01
425 6.778520e-01 9.920000e-04 3.211560e-01
426 6.776760e-01 9.880000e-04 3.213360e-01
427 6.774920e-01 1.012000e-03 3.214960e-01
428 6.773200e-01 1.056000e-03 3.216240e-01
429 6.771600e-01 1.040000e-03 3.218000e-01
430 6.769440e-01 1.108000e-03 3.219480e-01
431 6.767320e-01 1.156000e-03 3.221120e-01
432 6.765080e-01 1.152000e-03 3.223400e-01
433 6.763160e-01 1.148000e-03 3.225360e-01
434 6.761160e-01 1.136000e-03 3.227480e-01
435 6.759320e-01 1.116000e-03 3.229520e-01
436 6.757280e-01 1.160000e-03 3.231120e-01
437 6.755560e-01 1.128000e-03 3.233160e-01
438 6.753480e-01 1.156000e-03 3.234960e-01
439 6.751480e-01 1.140000e-03 3.237120e-01
440 6.749560e-01 1.092000e-03 3.239520e-01
441 6.748360e-01 1.000000e-03 3.241640e-01
442 6.746840e-01 9.520000e-04 3.243640e-01
443 6.745280e-01 9.520000e-04 3.245200e-01
444 6.744080e-01 9.240000e-04 3.246680e-01
445 6.742360e-01 9.440000e-04 3.248200e-01
446 6.740560e-01 9.360000e-04 3.250080e-01
447 6.739160e-01 9.160000e-04 3.251680e-01
448 6.737680e-01 9.200000e-04 3.253120e-01
449 6.736000e-01 9.280000e-04 3.254720e-01
450 6.733920e-01 1.024000e-03 3.255840e-01
451 6.732360e-01 9.560000e-04 3.258080e-01
452 6.730800e-01 9.800000e-04 3.259400e-01
453 6.728960e-01 9.680000e-04 3.261360e-01
454 6.727320e-01 8.920000e-04 3.263760e-01
455 6.726000e-01 9.080000e-04 3.264920e-01
456 6.724720e-01 8.720000e-04 3.266560e-01
457 6.723720e-01 8.560000e-04 3.267720e-01
458 6.722600e-01 8.160000e-04 3.269240e-01
459 6.721400e-01 7.400000e-04 3.271200e-01
460 6.720240e-01 7.240000e-04 3.272520e-01
461 6.718800e-01 7.240000e-04 3.273960e-01
462 6.717960e-01 6.400000e-04 3.275640e-01
463 6.716760e-01 6.120000e-04 3.277120e-01
464 6.715680e-01 6.200000e-04 3.278120e-01
465 6.714880e-01 6.200000e-04 3.278920e-01
466 6.713760e-01 6.240000e-04 3.280000e-01
467 6.712920e-01 5.960000e-04 3.281120e-01
468 6.712000e-01 5.320000e-04 3.282680e-01
469 6.710840e-01 5.920000e-04 3.283240e-01
470 6.709600e-01 6.040000e-04 3.284360e-01
471 6.708000e-01 6.240000e-04 3.285760e-01
472 6.706840e-01 6.400000e-04 3.286760e-01
473 6.706160e-01 5.600000e-04 3.288240e-01
474 6.704920e-01 5.720000e-04 3.289360e-01
475 6.703400e-01 6.040000e-04 3.290560e-01
476 6.702080e-01 6.440000e-04 3.291480e-01
477 6.700920e-01 6.280000e-04 3.292800e-01
478 6.699800e-01 6.400000e-04 3.293800e-01
479 6.698480e-01 6.520000e-04 3.295000e-01
480 6.697400e-01 6.200000e-04 3.296400e-01
481 6.696560e-01 6.040000e-04 3.297400e-01
482 6.695640e-01 6.000000e-04 3.298360e-01
483 6.694720e-01 5.840000e-04 3.299440e-01
484 6.693920e-01 5.640000e-04 3.300440e-01
485 6.692680e-01 5.880000e-04 3.301440e-01
486 6.691520e-01 6.160000e-04 3.302320e-01
487 6.689960e-01 6.840000e-04 3.303200e-01
488 6.688600e-01 7.160000e-04 3.304240e-01
489 6.687720e-01 6.920000e-04 3.305360e-01
490 6.686880e-01 6.440000e-04 3.306680e-01
491 6.686320e-01 5.560000e-04 3.308120e-01
492 6.685360e-01 5.960000e-04 3.308680e-01
493 6.684280e-01 6.080000e-04 3.309640e-01
494 6.683480e-01 5.920000e-04 3.310600e-01
495 6.682200e-01 6.280000e-04 3.311520e-01
496 6.681120e-01 6.240000e-04 3.312640e-01
497 6.680320e-01 6.120000e-04 3.313560e-01
498 6.679600e-01 5.880000e-04 3.314520e-01
499 6.678480e-01 6.000000e-04 3.315520e-01
500 6.677440e-01 6.240000e-04 3.316320e-01
