1 9.991880e-01 7.320000e-04 8.000000e-05
2 9.985920e-01 1.196000e-03 2.120000e-04
3 9.979880e-01 1.532000e-03 4.800000e-04
4 9.973000e-01 1.940000e-03 7.600000e-04
5 9.965440e-01 2.284000e-03 1.172000e-03
6 9.956800e-01 2.688000e-03 1.632000e-03
7 9.948480e-01 3.048000e-03 2.104000e-03
8 9.940840e-01 3.224000e-03 2.692000e-03
9 9.931600e-01 3.548000e-03 3.292000e-03
10 9.922360e-01 3.840000e-03 3.924000e-03
11 9.913880e-01 4.036000e-03 4.576000e-03
12 9.905840e-01 4.164000e-03 5.252000e-03
13 9.896960e-01 4.300000e-03 6.004000e-03
14 9.887520e-01 4.448000e-03 6.800000e-03
15 9.876240e-01 4.792000e-03 7.584000e-03
16 9.865440e-01 5.008000e-03 8.448000e-03
17 9.853400e-01 5.360000e-03 9.300000e-03
18 9.843240e-01 5.412000e-03 1.026400e-02
19 9.830920e-01 5.708000e-03 1.120000e-02
20 9.819800e-01 5.784000e-03 1.223600e-02
21 9.809440e-01 5.820000e-03 1.323600e-02
22 9.797160e-01 6.056000e-03 1.422800e-02
23 9.784960e-01 6.184000e-03 1.532000e-02
24 9.772160e-01 6.456000e-03 1.632800e-02
25 9.761320e-01 6.460000e-03 1.740800e-02
26 9.748800e-01 6.516000e-03 1.860400e-02
27 9.736160e-01 6.612000e-03 1.977200e-02
28 9.724520e-01 6.716000e-03 2.083200e-02
29 9.711120e-01 6.816000e-03 2.207200e-02
30 9.698600e-01 6.936000e-03 2.320400e-02
31 9.686200e-01 6.996000e-03 2.438400e-02
32 9.673480e-01 7.052000e-03 2.560000e-02
33 9.659360e-01 7.224000e-03 2.684000e-02
34 9.645840e-01 7.272000e-03 2.814400e-02
35 9.631920e-01 7.340000e-03 2.946800e-02
36 9.618800e-01 7.408000e-03 3.071200e-02
37 9.604840e-01 7.424000e-03 3.209200e-02
38 9.591040e-01 7.524000e-03 3.337200e-02
39 9.576840e-01 7.636000e-03 3.468000e-02
40 9.563200e-01 7.676000e-03 3.600400e-02
41 9.549640e-01 7.724000e-03 3.731200e-02
42 9.534160e-01 7.900000e-03 3.868400e-02
43 9.518480e-01 8.052000e-03 4.010000e-02
44 9.504080e-01 8.048000e-03 4.154400e-02
45 9.488120e-01 8.188000e-03 4.300000e-02
46 9.473400e-01 8.204000e-03 4.445600e-02
47 9.458720e-01 8.236000e-03 4.589200e-02
48 9.442600e-01 8.412000e-03 4.732800e-02
49 9.427480e-01 8.372000e-03 4.888000e-02
50 9.412920e-01 8.352000e-03 5.035600e-02
51 9.398720e-01 8.248000e-03 5.188000e-02
52 9.383360e-01 8.256000e-03 5.340800e-02
53 9.369240e-01 8.160000e-03 5.491600e-02
54 9.355080e-01 8.124000e-03 5.636800e-02
55 9.340560e-01 8.188000e-03 5.775600e-02
56 9.327080e-01 8.088000e-03 5.920400e-02
57 9.314040e-01 8.008000e-03 6.058800e-02
58 9.300480e-01 8.056000e-03 6.189600e-02
59 9.286040e-01 8.128000e-03 6.326800e-02
60 9.273040e-01 7.940000e-03 6.475600e-02
61 9.259880e-01 7.776000e-03 6.623600e-02
62 9.246240e-01 7.824000e-03 6.755200e-02
63 9.231080e-01 7.988000e-03 6.890400e-02
64 9.217320e-01 7.904000e-03 7.036400e-02
65 9.203200e-01 7.836000e-03 7.184400e-02
66 9.189400e-01 7.796000e-03 7.326400e-02
67 9.174600e-01 7.816000e-03 7.472400e-02
68 9.162880e-01 7.560000e-03 7.615200e-02
69 9.151160e-01 7.372000e-03 7.751200e-02
70 9.138360e-01 7.320000e-03 7.884400e-02
71 9.126120e-01 7.212000e-03 8.017600e-02
72 9.112120e-01 7.404000e-03 8.138400e-02
73 9.097720e-01 7.512000e-03 8.271600e-02
74 9.084400e-01 7.360000e-03 8.420000e-02
75 9.072800e-01 7.376000e-03 8.534400e-02
76 9.060000e-01 7.448000e-03 8.655200e-02
77 9.048120e-01 7.400000e-03 8.778800e-02
78 9.035480e-01 7.340000e-03 8.911200e-02
79 9.024040e-01 7.136000e-03 9.046000e-02
80 9.013040e-01 6.948000e-03 9.174800e-02
81 9.001280e-01 6.948000e-03 9.292400e-02
82 8.990920e-01 6.748000e-03 9.416000e-02
83 8.980000e-01 6.732000e-03 9.526800e-02
84 8.968120e-01 6.704000e-03 9.648400e-02
85 8.956200e-01 6.684000e-03 9.769600e-02
86 8.943720e-01 6.700000e-03 9.892800e-02
87 8.933040e-01 6.652000e-03 1.000440e-01
88 8.922800e-01 6.512000e-03 1.012080e-01
89 8.911560e-01 6.444000e-03 1.024000e-01
90 8.901400e-01 6.360000e-03 1.035000e-01
91 8.890360e-01 6.332000e-03 1.046320e-01
92 8.878680e-01 6.424000e-03 1.057080e-01
93 8.867200e-01 6.468000e-03 1.068120e-01
94 8.856720e-01 6.420000e-03 1.079080e-01
95 8.844720e-01 6.520000e-03 1.090080e-01
96 8.834360e-01 6.420000e-03 1.101440e-01
97 8.821720e-01 6.488000e-03 1.113400e-01
98 8.809840e-01 6.604000e-03 1.124120e-01
99 8.796720e-01 6.740000e-03 1.135880e-01
100 8.783280e-01 6.948000e-03 1.147240e-01
101 8.772000e-01 6.864000e-03 1.159360e-01
102 8.758800e-01 6.904000e-03 1.172160e-01
103 8.746520e-01 7.008000e-03 1.183400e-01
104 8.733880e-01 7.112000e-03 1.195000e-01
105 8.722560e-01 7.048000e-03 1.206960e-01
106 8.712040e-01 6.844000e-03 1.219520e-01
107 8.700680e-01 6.748000e-03 1.231840e-01
108 8.689480e-01 6.628000e-03 1.244240e-01
109 8.678920e-01 6.476000e-03 1.256320e-01
110 8.666760e-01 6.532000e-03 1.267920e-01
111 8.657080e-01 6.280000e-03 1.280120e-01
112 8.645720e-01 6.412000e-03 1.290160e-01
113 8.634880e-01 6.464000e-03 1.300480e-01
114 8.623920e-01 6.428000e-03 1.311800e-01
115 8.614720e-01 6.172000e-03 1.323560e-01
116 8.606760e-01 5.972000e-03 1.333520e-01
117 8.597280e-01 5.924000e-03 1.343480e-01
118 8.586640e-01 6.036000e-03 1.353000e-01
119 8.577000e-01 5.920000e-03 1.363800e-01
120 8.567560e-01 5.908000e-03 1.373360e-01
121 8.558920e-01 5.812000e-03 1.382960e-01
122 8.549280e-01 5.660000e-03 1.394120e-01
123 8.539400e-01 5.672000e-03 1.403880e-01
124 8.529200e-01 5.676000e-03 1.414040e-01
125 8.518520e-01 5.708000e-03 1.424400e-01
126 8.508680e-01 5.652000e-03 1.434800e-01
127 8.500120e-01 5.532000e-03 1.444560e-01
128 8.491240e-01 5.436000e-03 1.454400e-01
129 8.482960e-01 5.356000e-03 1.463480e-01
130 8.474160e-01 5.256000e-03 1.473280e-01
131 8.464000e-01 5.424000e-03 1.481760e-01
132 8.455000e-01 5.452000e-03 1.490480e-01
133 8.443880e-01 5.516000e-03 1.500960e-01
134 8.435240e-01 5.460000e-03 1.510160e-01
135 8.426680e-01 5.360000e-03 1.519720e-01
136 8.418560e-01 5.220000e-03 1.529240e-01
137 8.409560e-01 5.200000e-03 1.538440e-01
138 8.400920e-01 5.160000e-03 1.547480e-01
139 8.392840e-01 4.996000e-03 1.557200e-01
140 8.386200e-01 4.832000e-03 1.565480e-01
141 8.378520e-01 4.756000e-03 1.573920e-01
142 8.370520e-01 4.760000e-03 1.581880e-01
143 8.362160e-01 4.732000e-03 1.590520e-01
144 8.353520e-01 4.864000e-03 1.597840e-01
145 8.345720e-01 4.916000e-03 1.605120e-01
146 8.338520e-01 4.792000e-03 1.613560e-01
147 8.330760e-01 4.692000e-03 1.622320e-01
148 8.323640e-01 4.612000e-03 1.630240e-01
149 8.315960e-01 4.580000e-03 1.638240e-01
150 8.307920e-01 4.576000e-03 1.646320e-01
151 8.299960e-01 4.580000e-03 1.654240e-01
152 8.292520e-01 4.488000e-03 1.662600e-01
153 8.284720e-01 4.516000e-03 1.670120e-01
154 8.276400e-01 4.616000e-03 1.677440e-01
155 8.266960e-01 4.708000e-03 1.685960e-01
156 8.258760e-01 4.676000e-03 1.694480e-01
157 8.250440e-01 4.644000e-03 1.703120e-01
158 8.242200e-01 4.708000e-03 1.710720e-01
159 8.232200e-01 4.856000e-03 1.719240e-01
160 8.223240e-01 4.868000e-03 1.728080e-01
161 8.214120e-01 4.928000e-03 1.736600e-01
162 8.204760e-01 4.940000e-03 1.745840e-01
163 8.195600e-01 5.032000e-03 1.754080e-01
164 8.187480e-01 4.988000e-03 1.762640e-01
165 8.177960e-01 5.028000e-03 1.771760e-01
166 8.170000e-01 5.020000e-03 1.779800e-01
167 8.160560e-01 5.144000e-03 1.788000e-01
168 8.152480e-01 5.108000e-03 1.796440e-01
169 8.142840e-01 5.088000e-03 1.806280e-01
170 8.133640e-01 5.092000e-03 1.815440e-01
171 8.124200e-01 5.136000e-03 1.824440e-01
172 8.114160e-01 5.196000e-03 1.833880e-01
173 8.105360e-01 5.108000e-03 1.843560e-01
174 8.096280e-01 5.112000e-03 1.852600e-01
175 8.088760e-01 4.972000e-03 1.861520e-01
176 8.080520e-01 5.048000e-03 1.869000e-01
177 8.073040e-01 4.912000e-03 1.877840e-01
178 8.066160e-01 4.732000e-03 1.886520e-01
179 8.057480e-01 4.816000e-03 1.894360e-01
180 8.049480e-01 4.724000e-03 1.903280e-01
181 8.041200e-01 4.736000e-03 1.911440e-01
182 8.033680e-01 4.540000e-03 1.920920e-01
183 8.026560e-01 4.432000e-03 1.929120e-01
184 8.020360e-01 4.304000e-03 1.936600e-01
185 8.013280e-01 4.368000e-03 1.943040e-01
186 8.006800e-01 4.192000e-03 1.951280e-01
187 8.000280e-01 4.144000e-03 1.958280e-01
188 7.993880e-01 4.032000e-03 1.965800e-01
189 7.987840e-01 4.024000e-03 1.971920e-01
190 7.979240e-01 4.184000e-03 1.978920e-01
191 7.970600e-01 4.308000e-03 1.986320e-01
192 7.962360e-01 4.340000e-03 1.994240e-01
193 7.954960e-01 4.352000e-03 2.001520e-01
194 7.947400e-01 4.364000e-03 2.008960e-01
195 7.939120e-01 4.364000e-03 2.017240e-01
196 7.931640e-01 4.312000e-03 2.025240e-01
197 7.925080e-01 4.184000e-03 2.033080e-01
198 7.918760e-01 4.032000e-03 2.040920e-01
199 7.912000e-01 3.940000e-03 2.048600e-01
200 7.905480e-01 3.928000e-03 2.055240e-01
201 7.898960e-01 3.860000e-03 2.062440e-01
202 7.891240e-01 3.916000e-03 2.069600e-01
203 7.884160e-01 3.956000e-03 2.076280e-01
204 7.876680e-01 4.072000e-03 2.082600e-01
205 7.869960e-01 4.084000e-03 2.089200e-01
206 7.862480e-01 4.092000e-03 2.096600e-01
207 7.856160e-01 3.944000e-03 2.104400e-01
208 7.849480e-01 3.936000e-03 2.111160e-01
209 7.843160e-01 3.848000e-03 2.118360e-01
210 7.836720e-01 3.820000e-03 2.125080e-01
211 7.830440e-01 3.688000e-03 2.132680e-01
212 7.823320e-01 3.736000e-03 2.139320e-01
213 7.817280e-01 3.652000e-03 2.146200e-01
214 7.811240e-01 3.576000e-03 2.153000e-01
215 7.804880e-01 3.620000e-03 2.158920e-01
216 7.798840e-01 3.608000e-03 2.165080e-01
217 7.791760e-01 3.616000e-03 2.172080e-01
218 7.784720e-01 3.624000e-03 2.179040e-01
219 7.778520e-01 3.604000e-03 2.185440e-01
220 7.772440e-01 3.592000e-03 2.191640e-01
221 7.765440e-01 3.664000e-03 2.197920e-01
222 7.758800e-01 3.744000e-03 2.203760e-01
223 7.752400e-01 3.680000e-03 2.210800e-01
224 7.746040e-01 3.696000e-03 2.217000e-01
225 7.739680e-01 3.820000e-03 2.222120e-01
226 7.733920e-01 3.784000e-03 2.228240e-01
227 7.727960e-01 3.768000e-03 2.234360e-01
228 7.720880e-01 3.808000e-03 2.241040e-01
229 7.713320e-01 3.916000e-03 2.247520e-01
230 7.707720e-01 3.768000e-03 2.254600e-01
231 7.701240e-01 3.760000e-03 2.261160e-01
232 7.694720e-01 3.784000e-03 2.267440e-01
233 7.688280e-01 3.736000e-03 2.274360e-01
234 7.682000e-01 3.692000e-03 2.281080e-01
235 7.675440e-01 3.648000e-03 2.288080e-01
236 7.668960e-01 3.628000e-03 2.294760e-01
237 7.662560e-01 3.588000e-03 2.301560e-01
238 7.656880e-01 3.588000e-03 2.307240e-01
239 7.651480e-01 3.520000e-03 2.313320e-01
240 7.646240e-01 3.540000e-03 2.318360e-01
241 7.639840e-01 3.532000e-03 2.324840e-01
242 7.633320e-01 3.572000e-03 2.330960e-01
243 7.627680e-01 3.468000e-03 2.337640e-01
244 7.621880e-01 3.472000e-03 2.343400e-01
245 7.615480e-01 3.552000e-03 2.349000e-01
246 7.609080e-01 3.508000e-03 2.355840e-01
247 7.603000e-01 3.592000e-03 2.361080e-01
248 7.596960e-01 3.568000e-03 2.367360e-01
249 7.590960e-01 3.540000e-03 2.373640e-01
250 7.585880e-01 3.508000e-03 2.379040e-01
251 7.580080e-01 3.436000e-03 2.385560e-01
252 7.575360e-01 3.372000e-03 2.390920e-01
253 7.570200e-01 3.312000e-03 2.396680e-01
254 7.564840e-01 3.244000e-03 2.402720e-01
255 7.559640e-01 3.200000e-03 2.408360e-01
256 7.554160e-01 3.148000e-03 2.414360e-01
257 7.550280e-01 2.996000e-03 2.419760e-01
258 7.546120e-01 2.912000e-03 2.424760e-01
259 7.541600e-01 2.816000e-03 2.430240e-01
260 7.536240e-01 2.856000e-03 2.435200e-01
261 7.531440e-01 2.808000e-03 2.440480e-01
262 7.525840e-01 2.836000e-03 2.445800e-01
263 7.519560e-01 2.912000e-03 2.451320e-01
264 7.514120e-01 2.896000e-03 2.456920e-01
265 7.507680e-01 3.004000e-03 2.462280e-01
266 7.503400e-01 2.872000e-03 2.467880e-01
267 7.499080e-01 2.832000e-03 2.472600e-01
268 7.494880e-01 2.832000e-03 2.476800e-01
269 7.490600e-01 2.780000e-03 2.481600e-01
270 7.485800e-01 2.804000e-03 2.486160e-01
271 7.481040e-01 2.832000e-03 2.490640e-01
272 7.476920e-01 2.704000e-03 2.496040e-01
273 7.472200e-01 2.708000e-03 2.500720e-01
274 7.467120e-01 2.728000e-03 2.505600e-01
275 7.463120e-01 2.640000e-03 2.510480e-01
276 7.458560e-01 2.688000e-03 2.514560e-01
277 7.454280e-01 2.656000e-03 2.519160e-01
278 7.449280e-01 2.728000e-03 2.523440e-01
279 7.445280e-01 2.656000e-03 2.528160e-01
280 7.440480e-01 2.620000e-03 2.533320e-01
281 7.435640e-01 2.668000e-03 2.537680e-01
282 7.431000e-01 2.644000e-03 2.542560e-01
283 7.427040e-01 2.644000e-03 2.546520e-01
284 7.422400e-01 2.628000e-03 2.551320e-01
285 7.418360e-01 2.544000e-03 2.556200e-01
286 7.414720e-01 2.460000e-03 2.560680e-01
287 7.411080e-01 2.360000e-03 2.565320e-01
288 7.407240e-01 2.328000e-03 2.569480e-01
289 7.403560e-01 2.288000e-03 2.573560e-01
290 7.399880e-01 2.296000e-03 2.577160e-01
291 7.396200e-01 2.248000e-03 2.581320e-01
292 7.392880e-01 2.128000e-03 2.585840e-01
293 7.389840e-01 2.020000e-03 2.589960e-01
294 7.386600e-01 2.004000e-03 2.593360e-01
295 7.382800e-01 2.036000e-03 2.596840e-01
296 7.378920e-01 2.068000e-03 2.600400e-01
297 7.375200e-01 2.080000e-03 2.604000e-01
298 7.372640e-01 1.972000e-03 2.607640e-01
299 7.369600e-01 1.948000e-03 2.610920e-01
300 7.366800e-01 1.900000e-03 2.614200e-01
301 7.364280e-01 1.780000e-03 2.617920e-01
302 7.362120e-01 1.684000e-03 2.621040e-01
303 7.359560e-01 1.664000e-03 2.623800e-01
304 7.355920e-01 1.756000e-03 2.626520e-01
305 7.352040e-01 1.808000e-03 2.629880e-01
306 7.349240e-01 1.760000e-03 2.633160e-01
307 7.346320e-01 1.712000e-03 2.636560e-01
308 7.343320e-01 1.720000e-03 2.639480e-01
309 7.340640e-01 1.684000e-03 2.642520e-01
310 7.337080e-01 1.760000e-03 2.645320e-01
311 7.333560e-01 1.780000e-03 2.648640e-01
312 7.330640e-01 1.768000e-03 2.651680e-01
313 7.327640e-01 1.720000e-03 2.655160e-01
314 7.324680e-01 1.720000e-03 2.658120e-01
315 7.322360e-01 1.668000e-03 2.660960e-01
316 7.319920e-01 1.620000e-03 2.663880e-01
317 7.316800e-01 1.692000e-03 2.666280e-01
318 7.313760e-01 1.656000e-03 2.669680e-01
319 7.310600e-01 1.676000e-03 2.672640e-01
320 7.307560e-01 1.676000e-03 2.675680e-01
321 7.304480e-01 1.656000e-03 2.678960e-01
322 7.301520e-01 1.612000e-03 2.682360e-01
323 7.298240e-01 1.656000e-03 2.685200e-01
324 7.295280e-01 1.692000e-03 2.687800e-01
325 7.292280e-01 1.672000e-03 2.691000e-01
326 7.288440e-01 1.764000e-03 2.693920e-01
327 7.285280e-01 1.732000e-03 2.697400e-01
328 7.281840e-01 1.768000e-03 2.700480e-01
329 7.278040e-01 1.836000e-03 2.703600e-01
330 7.274680e-01 1.784000e-03 2.707480e-01
331 7.271920e-01 1.816000e-03 2.709920e-01
332 7.268960e-01 1.804000e-03 2.713000e-01
333 7.266200e-01 1.720000e-03 2.716600e-01
334 7.262280e-01 1.844000e-03 2.719280e-01
335 7.259000e-01 1.804000e-03 2.722960e-01
336 7.255840e-01 1.832000e-03 2.725840e-01
337 7.252640e-01 1.892000e-03 2.728440e-01
338 7.249040e-01 1.916000e-03 2.731800e-01
339 7.246240e-01 1.816000e-03 2.735600e-01
340 7.243600e-01 1.760000e-03 2.738800e-01
341 7.240720e-01 1.744000e-03 2.741840e-01
342 7.237840e-01 1.712000e-03 2.745040e-01
343 7.235360e-01 1.644000e-03 2.748200e-01
344 7.232360e-01 1.656000e-03 2.751080e-01
345 7.229600e-01 1.652000e-03 2.753880e-01
346 7.226840e-01 1.684000e-03 2.756320e-01
347 7.223280e-01 1.720000e-03 2.759520e-01
348 7.220560e-01 1.712000e-03 2.762320e-01
349 7.218040e-01 1.648000e-03 2.765480e-01
350 7.215680e-01 1.604000e-03 2.768280e-01
351 7.212720e-01 1.568000e-03 2.771600e-01
352 7.209640e-01 1.596000e-03 2.774400e-01
353 7.205840e-01 1.684000e-03 2.777320e-01
354 7.202800e-01 1.732000e-03 2.779880e-01
355 7.199760e-01 1.724000e-03 2.783000e-01
356 7.196160e-01 1.808000e-03 2.785760e-01
357 7.192880e-01 1.804000e-03 2.789080e-01
358 7.189600e-01 1.800000e-03 2.792400e-01
359 7.186160e-01 1.852000e-03 2.795320e-01
360 7.182960e-01 1.840000e-03 2.798640e-01
361 7.179480e-01 1.912000e-03 2.801400e-01
362 7.175400e-01 2.004000e-03 2.804560e-01
363 7.171440e-01 2.028000e-03 2.808280e-01
364 7.167320e-01 2.080000e-03 2.811880e-01
365 7.163440e-01 2.100000e-03 2.815560e-01
366 7.159960e-01 2.028000e-03 2.819760e-01
367 7.156120e-01 2.052000e-03 2.823360e-01
368 7.152440e-01 2.084000e-03 2.826720e-01
369 7.148840e-01 2.088000e-03 2.830280e-01
370 7.145400e-01 2.080000e-03 2.833800e-01
371 7.141520e-01 2.088000e-03 2.837600e-01
372 7.137600e-01 2.092000e-03 2.841480e-01
373 7.133320e-01 2.180000e-03 2.844880e-01
374 7.129280e-01 2.244000e-03 2.848280e-01
375 7.125120e-01 2.252000e-03 2.852360e-01
376 7.121600e-01 2.188000e-03 2.856520e-01
377 7.117960e-01 2.112000e-03 2.860920e-01
378 7.114280e-01 2.152000e-03 2.864200e-01
379 7.110320e-01 2.172000e-03 2.867960e-01
380 7.106960e-01 2.204000e-03 2.871000e-01
381 7.103960e-01 2.148000e-03 2.874560e-01
382 7.099760e-01 2.124000e-03 2.879000e-01
383 7.096400e-01 2.100000e-03 2.882600e-01
384 7.092360e-01 2.168000e-03 2.885960e-01
385 7.088680e-01 2.168000e-03 2.889640e-01
386 7.084920e-01 2.164000e-03 2.893440e-01
387 7.081200e-01 2.116000e-03 2.897640e-01
388 7.077600e-01 2.096000e-03 2.901440e-01
389 7.074120e-01 2.144000e-03 2.904440e-01
390 7.070600e-01 2.168000e-03 2.907720e-01
391 7.067520e-01 2.116000e-03 2.911320e-01
392 7.064800e-01 2.072000e-03 2.914480e-01
393 7.062160e-01 1.880000e-03 2.919040e-01
394 7.058880e-01 1.936000e-03 2.921760e-01
395 7.056000e-01 1.856000e-03 2.925440e-01
396 7.053320e-01 1.812000e-03 2.928560e-01
397 7.050440e-01 1.756000e-03 2.932000e-01
398 7.047920e-01 1.692000e-03 2.935160e-01
399 7.045240e-01 1.668000e-03 2.938080e-01
400 7.042960e-01 1.640000e-03 2.940640e-01
401 7.039640e-01 1.708000e-03 2.943280e-01
402 7.037160e-01 1.648000e-03 2.946360e-01
403 7.034800e-01 1.560000e-03 2.949600e-01
404 7.032280e-01 1.548000e-03 2.952240e-01
405 7.030240e-01 1.512000e-03 2.954640e-01
406 7.028000e-01 1.480000e-03 2.957200e-01
407 7.025560e-01 1.472000e-03 2.959720e-01
408 7.022760e-01 1.436000e-03 2.962880e-01
409 7.020080e-01 1.432000e-03 2.965600e-01
410 7.017520e-01 1.480000e-03 2.967680e-01
411 7.015480e-01 1.412000e-03 2.970400e-01
412 7.012440e-01 1.496000e-03 2.972600e-01
413 7.009760e-01 1.480000e-03 2.975440e-01
414 7.007000e-01 1.492000e-03 2.978080e-01
415 7.004760e-01 1.456000e-03 2.980680e-01
416 7.002000e-01 1.452000e-03 2.983480e-01
417 7.000280e-01 1.400000e-03 2.985720e-01
418 6.997760e-01 1.440000e-03 2.987840e-01
419 6.995800e-01 1.384000e-03 2.990360e-01
420 6.993640e-01 1.380000e-03 2.992560e-01
421 6.991520e-01 1.356000e-03 2.994920e-01
422 6.989240e-01 1.312000e-03 2.997640e-01
423 6.987080e-01 1.212000e-03 3.000800e-01
424 6.985360e-01 1.176000e-03 3.002880e-01
425 6.983120e-01 1.160000e-03 3.005280e-01
426 6.981040e-01 1.188000e-03 3.007080e-01
427 6.978200e-01 1.276000e-03 3.009040e-01
428 6.975880e-01 1.236000e-03 3.011760e-01
429 6.973880e-01 1.244000e-03 3.013680e-01
430 6.972200e-01 1.184000e-03 3.015960e-01
431 6.970720e-01 1.124000e-03 3.018040e-01
432 6.968880e-01 1.132000e-03 3.019800e-01
433 6.966520e-01 1.156000e-03 3.021920e-01
434 6.964600e-01 1.136000e-03 3.024040e-01
435 6.962600e-01 1.120000e-03 3.026200e-01
436 6.960920e-01 1.092000e-03 3.028160e-01
437 6.958800e-01 1.144000e-03 3.029760e-01
438 6.957400e-01 1.060000e-03 3.032000e-01
439 6.956040e-01 1.040000e-03 3.033560e-01
440 6.954320e-01 1.012000e-03 3.035560e-01
441 6.953200e-01 9.360000e-04 3.037440e-01
442 6.951880e-01 9.200000e-04 3.038920e-01
443 6.950160e-01 9.320000e-04 3.040520e-01
444 6.948600e-01 9.080000e-04 3.042320e-01
445 6.946720e-01 9.360000e-04 3.043920e-01
446 6.945200e-01 9.320000e-04 3.045480e-01
447 6.943480e-01 9.320000e-04 3.047200e-01
448 6.941840e-01 9.560000e-04 3.048600e-01
449 6.940240e-01 9.440000e-04 3.050320e-01
450 6.938720e-01 9.480000e-04 3.051800e-01
451 6.937040e-01 9.840000e-04 3.053120e-01
452 6.935400e-01 9.880000e-04 3.054720e-01
453 6.933960e-01 9.560000e-04 3.056480e-01
454 6.932320e-01 9.440000e-04 3.058240e-01
455 6.930960e-01 9.000000e-04 3.060040e-01
456 6.929840e-01 8.600000e-04 3.061560e-01
457 6.928640e-01 8.200000e-04 3.063160e-01
458 6.926880e-01 8.160000e-04 3.064960e-01
459 6.925520e-01 8.320000e-04 3.066160e-01
460 6.923920e-01 8.760000e-04 3.067320e-01
461 6.922280e-01 8.960000e-04 3.068760e-01
462 6.920480e-01 8.920000e-04 3.070600e-01
463 6.918320e-01 9.040000e-04 3.072640e-01
464 6.916720e-01 8.880000e-04 3.074400e-01
465 6.914800e-01 9.680000e-04 3.075520e-01
466 6.913560e-01 9.360000e-04 3.077080e-01
467 6.912080e-01 9.240000e-04 3.078680e-01
468 6.910440e-01 9.040000e-04 3.080520e-01
469 6.908880e-01 9.160000e-04 3.081960e-01
470 6.906960e-01 9.800000e-04 3.083240e-01
471 6.904960e-01 1.016000e-03 3.084880e-01
472 6.902880e-01 1.048000e-03 3.086640e-01
473 6.900520e-01 1.080000e-03 3.088680e-01
474 6.897880e-01 1.160000e-03 3.090520e-01
475 6.895880e-01 1.124000e-03 3.092880e-01
476 6.893240e-01 1.176000e-03 3.095000e-01
477 6.890760e-01 1.192000e-03 3.097320e-01
478 6.888720e-01 1.200000e-03 3.099280e-01
479 6.886480e-01 1.188000e-03 3.101640e-01
480 6.885040e-01 1.152000e-03 3.103440e-01
481 6.883200e-01 1.160000e-03 3.105200e-01
482 6.881240e-01 1.156000e-03 3.107200e-01
483 6.879280e-01 1.160000e-03 3.109120e-01
484 6.877640e-01 1.128000e-03 3.111080e-01
485 6.875440e-01 1.092000e-03 3.113640e-01
486 6.873960e-01 1.072000e-03 3.115320e-01
487 6.871760e-01 1.108000e-03 3.117160e-01
488 6.869560e-01 1.140000e-03 3.119040e-01
489 6.867840e-01 1.124000e-03 3.120920e-01
490 6.866040e-01 1.100000e-03 3.122960e-01
491 6.864160e-01 1.072000e-03 3.125120e-01
492 6.862480e-01 1.088000e-03 3.126640e-01
493 6.860000e-01 1.152000e-03 3.128480e-01
494 6.858640e-01 1.100000e-03 3.130360e-01
495 6.857040e-01 1.100000e-03 3.131960e-01
496 6.855040e-01 1.104000e-03 3.133920e-01
497 6.853720e-01 1.056000e-03 3.135720e-01
498 6.852240e-01 1.036000e-03 3.137400e-01
499 6.850400e-01 1.004000e-03 3.139560e-01
500 6.849080e-01 9.760000e-04 3.141160e-01
