1 9.991760e-01 7.480000e-04 7.600000e-05
2 9.986040e-01 1.128000e-03 2.680000e-04
3 9.978640e-01 1.648000e-03 4.880000e-04
4 9.971480e-01 2.080000e-03 7.720000e-04
5 9.961800e-01 2.620000e-03 1.200000e-03
6 9.953160e-01 2.960000e-03 1.724000e-03
7 9.944600e-01 3.256000e-03 2.284000e-03
8 9.934880e-01 3.668000e-03 2.844000e-03
9 9.923760e-01 4.064000e-03 3.560000e-03
10 9.911920e-01 4.560000e-03 4.248000e-03
11 9.899360e-01 4.980000e-03 5.084000e-03
12 9.888080e-01 5.176000e-03 6.016000e-03
13 9.876120e-01 5.504000e-03 6.884000e-03
14 9.862880e-01 5.848000e-03 7.864000e-03
15 9.850360e-01 6.212000e-03 8.752000e-03
16 9.837040e-01 6.516000e-03 9.780000e-03
17 9.822080e-01 6.768000e-03 1.102400e-02
18 9.807440e-01 7.112000e-03 1.214400e-02
19 9.792920e-01 7.360000e-03 1.334800e-02
20 9.776760e-01 7.716000e-03 1.460800e-02
21 9.760760e-01 7.988000e-03 1.593600e-02
22 9.744520e-01 8.180000e-03 1.736800e-02
23 9.728360e-01 8.280000e-03 1.888400e-02
24 9.714400e-01 8.360000e-03 2.020000e-02
25 9.698800e-01 8.408000e-03 2.171200e-02
26 9.682720e-01 8.668000e-03 2.306000e-02
27 9.666560e-01 8.872000e-03 2.447200e-02
28 9.651680e-01 8.772000e-03 2.606000e-02
29 9.634840e-01 8.868000e-03 2.764800e-02
30 9.619320e-01 8.892000e-03 2.917600e-02
31 9.602920e-01 8.976000e-03 3.073200e-02
32 9.585880e-01 9.184000e-03 3.222800e-02
33 9.569000e-01 9.236000e-03 3.386400e-02
34 9.552880e-01 9.188000e-03 3.552400e-02
35 9.535680e-01 9.324000e-03 3.710800e-02
36 9.519080e-01 9.248000e-03 3.884400e-02
37 9.503880e-01 9.076000e-03 4.053600e-02
38 9.486680e-01 9.080000e-03 4.225200e-02
39 9.470160e-01 9.160000e-03 4.382400e-02
40 9.452960e-01 9.304000e-03 4.540000e-02
41 9.436280e-01 9.284000e-03 4.708800e-02
42 9.418640e-01 9.408000e-03 4.872800e-02
43 9.401880e-01 9.352000e-03 5.046000e-02
44 9.384280e-01 9.556000e-03 5.201600e-02
45 9.366800e-01 9.620000e-03 5.370000e-02
46 9.348600e-01 9.764000e-03 5.537600e-02
47 9.329600e-01 9.900000e-03 5.714000e-02
48 9.311040e-01 1.011600e-02 5.878000e-02
49 9.292600e-01 1.016400e-02 6.057600e-02
50 9.274520e-01 1.022400e-02 6.232400e-02
51 9.258120e-01 9.976000e-03 6.421200e-02
52 9.240160e-01 9.876000e-03 6.610800e-02
53 9.223600e-01 9.728000e-03 6.791200e-02
54 9.207200e-01 9.660000e-03 6.962000e-02
55 9.192440e-01 9.468000e-03 7.128800e-02
56 9.177600e-01 9.476000e-03 7.276400e-02
57 9.160680e-01 9.552000e-03 7.438000e-02
58 9.145840e-01 9.556000e-03 7.586000e-02
59 9.127680e-01 9.804000e-03 7.742800e-02
60 9.109360e-01 9.848000e-03 7.921600e-02
61 9.091240e-01 9.988000e-03 8.088800e-02
62 9.073360e-01 1.022000e-02 8.244400e-02
63 9.054600e-01 1.025600e-02 8.428400e-02
64 9.034920e-01 1.046400e-02 8.604400e-02
65 9.015560e-01 1.058800e-02 8.785600e-02
66 8.997840e-01 1.055200e-02 8.966400e-02
67 8.981960e-01 1.022800e-02 9.157600e-02
68 8.962520e-01 1.046000e-02 9.328800e-02
69 8.943960e-01 1.041200e-02 9.519200e-02
70 8.926360e-01 1.036000e-02 9.700400e-02
71 8.908000e-01 1.037200e-02 9.882800e-02
72 8.889280e-01 1.045200e-02 1.006200e-01
73 8.870200e-01 1.054000e-02 1.024400e-01
74 8.853080e-01 1.055600e-02 1.041360e-01
75 8.834400e-01 1.062000e-02 1.059400e-01
76 8.815760e-01 1.066400e-02 1.077600e-01
77 8.796840e-01 1.074400e-02 1.095720e-01
78 8.777320e-01 1.073200e-02 1.115360e-01
79 8.758600e-01 1.058800e-02 1.135520e-01
80 8.739760e-01 1.050800e-02 1.155160e-01
81 8.721400e-01 1.052400e-02 1.173360e-01
82 8.703800e-01 1.039200e-02 1.192280e-01
83 8.686480e-01 1.036400e-02 1.209880e-01
84 8.667960e-01 1.032800e-02 1.228760e-01
85 8.649200e-01 1.046800e-02 1.246120e-01
86 8.630400e-01 1.054400e-02 1.264160e-01
87 8.612240e-01 1.056400e-02 1.282120e-01
88 8.594880e-01 1.041200e-02 1.301000e-01
89 8.576320e-01 1.052800e-02 1.318400e-01
90 8.556280e-01 1.062800e-02 1.337440e-01
91 8.538880e-01 1.057200e-02 1.355400e-01
92 8.521160e-01 1.054000e-02 1.373440e-01
93 8.504200e-01 1.042400e-02 1.391560e-01
94 8.487720e-01 1.031600e-02 1.409120e-01
95 8.470800e-01 1.020400e-02 1.427160e-01
96 8.454200e-01 1.008800e-02 1.444920e-01
97 8.437920e-01 1.000400e-02 1.462040e-01
98 8.421040e-01 9.964000e-03 1.479320e-01
99 8.402400e-01 9.876000e-03 1.498840e-01
100 8.384760e-01 1.004000e-02 1.514840e-01
101 8.368280e-01 9.904000e-03 1.532680e-01
102 8.352200e-01 9.868000e-03 1.549120e-01
103 8.335600e-01 9.728000e-03 1.567120e-01
104 8.318800e-01 9.800000e-03 1.583200e-01
105 8.301040e-01 9.980000e-03 1.599160e-01
106 8.283440e-01 1.000000e-02 1.616560e-01
107 8.266240e-01 1.010400e-02 1.632720e-01
108 8.250120e-01 1.000000e-02 1.649880e-01
109 8.235000e-01 9.896000e-03 1.666040e-01
110 8.220040e-01 9.644000e-03 1.683520e-01
111 8.204720e-01 9.520000e-03 1.700080e-01
112 8.188960e-01 9.588000e-03 1.715160e-01
113 8.171840e-01 9.628000e-03 1.731880e-01
114 8.156120e-01 9.492000e-03 1.748960e-01
115 8.140480e-01 9.568000e-03 1.763840e-01
116 8.127120e-01 9.168000e-03 1.781200e-01
117 8.112120e-01 9.056000e-03 1.797320e-01
118 8.097200e-01 9.012000e-03 1.812680e-01
119 8.081320e-01 8.820000e-03 1.830480e-01
120 8.067800e-01 8.692000e-03 1.845280e-01
121 8.055000e-01 8.420000e-03 1.860800e-01
122 8.042120e-01 8.276000e-03 1.875120e-01
123 8.029760e-01 8.196000e-03 1.888280e-01
124 8.016520e-01 8.120000e-03 1.902280e-01
125 8.003560e-01 7.880000e-03 1.917640e-01
126 7.988800e-01 8.068000e-03 1.930520e-01
127 7.974800e-01 8.096000e-03 1.944240e-01
128 7.961640e-01 7.996000e-03 1.958400e-01
129 7.948440e-01 7.800000e-03 1.973560e-01
130 7.936600e-01 7.512000e-03 1.988280e-01
131 7.924480e-01 7.476000e-03 2.000760e-01
132 7.911960e-01 7.444000e-03 2.013600e-01
133 7.899880e-01 7.276000e-03 2.027360e-01
134 7.888560e-01 7.168000e-03 2.039760e-01
135 7.877000e-01 7.088000e-03 2.052120e-01
136 7.864480e-01 7.116000e-03 2.064360e-01
137 7.853200e-01 6.980000e-03 2.077000e-01
138 7.841200e-01 7.100000e-03 2.087800e-01
139 7.828720e-01 7.132000e-03 2.099960e-01
140 7.816960e-01 7.088000e-03 2.112160e-01
141 7.805040e-01 7.080000e-03 2.124160e-01
142 7.794160e-01 6.912000e-03 2.136720e-01
143 7.781200e-01 6.928000e-03 2.149520e-01
144 7.769640e-01 6.868000e-03 2.161680e-01
145 7.758440e-01 6.732000e-03 2.174240e-01
146 7.747120e-01 6.732000e-03 2.185560e-01
147 7.736360e-01 6.644000e-03 2.197200e-01
148 7.726000e-01 6.604000e-03 2.207960e-01
149 7.716000e-01 6.396000e-03 2.220040e-01
150 7.706520e-01 6.232000e-03 2.231160e-01
151 7.695080e-01 6.288000e-03 2.242040e-01
152 7.684520e-01 6.336000e-03 2.252120e-01
153 7.674200e-01 6.360000e-03 2.262200e-01
154 7.663600e-01 6.300000e-03 2.273400e-01
155 7.653760e-01 6.212000e-03 2.284120e-01
156 7.643200e-01 6.192000e-03 2.294880e-01
157 7.633720e-01 5.956000e-03 2.306720e-01
158 7.624560e-01 5.776000e-03 2.317680e-01
159 7.614560e-01 5.736000e-03 2.328080e-01
160 7.604840e-01 5.692000e-03 2.338240e-01
161 7.594600e-01 5.664000e-03 2.348760e-01
162 7.584640e-01 5.712000e-03 2.358240e-01
163 7.573480e-01 5.844000e-03 2.368080e-01
164 7.562280e-01 6.056000e-03 2.377160e-01
165 7.552080e-01 5.916000e-03 2.388760e-01
166 7.539720e-01 6.188000e-03 2.398400e-01
167 7.528400e-01 6.244000e-03 2.409160e-01
168 7.516920e-01 6.324000e-03 2.419840e-01
169 7.506160e-01 6.204000e-03 2.431800e-01
170 7.495280e-01 6.084000e-03 2.443880e-01
171 7.485600e-01 5.956000e-03 2.454840e-01
172 7.475120e-01 5.988000e-03 2.465000e-01
173 7.465440e-01 5.840000e-03 2.476160e-01
174 7.455320e-01 5.796000e-03 2.486720e-01
175 7.445560e-01 5.608000e-03 2.498360e-01
176 7.435720e-01 5.644000e-03 2.507840e-01
177 7.426120e-01 5.624000e-03 2.517640e-01
178 7.416280e-01 5.632000e-03 2.527400e-01
179 7.406080e-01 5.616000e-03 2.537760e-01
180 7.396880e-01 5.568000e-03 2.547440e-01
181 7.386760e-01 5.504000e-03 2.558200e-01
182 7.376920e-01 5.584000e-03 2.567240e-01
183 7.367960e-01 5.452000e-03 2.577520e-01
184 7.359200e-01 5.316000e-03 2.587640e-01
185 7.349840e-01 5.284000e-03 2.597320e-01
186 7.341920e-01 5.084000e-03 2.607240e-01
187 7.332200e-01 5.284000e-03 2.614960e-01
188 7.323680e-01 5.120000e-03 2.625120e-01
189 7.316000e-01 4.984000e-03 2.634160e-01
190 7.306520e-01 5.056000e-03 2.642920e-01
191 7.297760e-01 5.032000e-03 2.651920e-01
192 7.289000e-01 5.088000e-03 2.660120e-01
193 7.280920e-01 4.980000e-03 2.669280e-01
194 7.271440e-01 4.968000e-03 2.678880e-01
195 7.262320e-01 5.044000e-03 2.687240e-01
196 7.253680e-01 5.080000e-03 2.695520e-01
197 7.245240e-01 5.060000e-03 2.704160e-01
198 7.236600e-01 5.112000e-03 2.712280e-01
199 7.228400e-01 5.000000e-03 2.721600e-01
200 7.219880e-01 4.988000e-03 2.730240e-01
201 7.211880e-01 4.956000e-03 2.738560e-01
202 7.203200e-01 4.848000e-03 2.748320e-01
203 7.195000e-01 4.752000e-03 2.757480e-01
204 7.185440e-01 4.860000e-03 2.765960e-01
205 7.177080e-01 4.876000e-03 2.774160e-01
206 7.166800e-01 5.076000e-03 2.782440e-01
207 7.157880e-01 5.024000e-03 2.791880e-01
208 7.149160e-01 5.000000e-03 2.800840e-01
209 7.141400e-01 4.856000e-03 2.810040e-01
210 7.133640e-01 4.772000e-03 2.818640e-01
211 7.126240e-01 4.672000e-03 2.827040e-01
212 7.118960e-01 4.584000e-03 2.835200e-01
213 7.112440e-01 4.524000e-03 2.842320e-01
214 7.105480e-01 4.396000e-03 2.850560e-01
215 7.098560e-01 4.284000e-03 2.858600e-01
216 7.092000e-01 4.232000e-03 2.865680e-01
217 7.085200e-01 4.252000e-03 2.872280e-01
218 7.078680e-01 4.192000e-03 2.879400e-01
219 7.072080e-01 4.104000e-03 2.886880e-01
220 7.065360e-01 4.100000e-03 2.893640e-01
221 7.058760e-01 4.016000e-03 2.901080e-01
222 7.052000e-01 4.068000e-03 2.907320e-01
223 7.045960e-01 3.884000e-03 2.915200e-01
224 7.037840e-01 4.056000e-03 2.921600e-01
225 7.031040e-01 4.100000e-03 2.927960e-01
226 7.023640e-01 4.072000e-03 2.935640e-01
227 7.017120e-01 3.924000e-03 2.943640e-01
228 7.010840e-01 3.904000e-03 2.950120e-01
229 7.003520e-01 3.996000e-03 2.956520e-01
230 6.995920e-01 4.108000e-03 2.963000e-01
231 6.989320e-01 4.128000e-03 2.969400e-01
232 6.981160e-01 4.288000e-03 2.975960e-01
233 6.974000e-01 4.264000e-03 2.983360e-01
234 6.967280e-01 4.232000e-03 2.990400e-01
235 6.960720e-01 4.184000e-03 2.997440e-01
236 6.954600e-01 4.080000e-03 3.004600e-01
237 6.947960e-01 4.004000e-03 3.012000e-01
238 6.941480e-01 3.952000e-03 3.019000e-01
239 6.935880e-01 3.796000e-03 3.026160e-01
240 6.929360e-01 3.856000e-03 3.032080e-01
241 6.921800e-01 3.896000e-03 3.039240e-01
242 6.915040e-01 3.900000e-03 3.045960e-01
243 6.907520e-01 3.916000e-03 3.053320e-01
244 6.901680e-01 3.884000e-03 3.059480e-01
245 6.894840e-01 3.872000e-03 3.066440e-01
246 6.889120e-01 3.752000e-03 3.073360e-01
247 6.883120e-01 3.760000e-03 3.079280e-01
248 6.875760e-01 3.908000e-03 3.085160e-01
249 6.868560e-01 3.876000e-03 3.092680e-01
250 6.861320e-01 3.836000e-03 3.100320e-01
251 6.854240e-01 3.904000e-03 3.106720e-01
252 6.848240e-01 3.872000e-03 3.113040e-01
253 6.841560e-01 3.824000e-03 3.120200e-01
254 6.834520e-01 3.832000e-03 3.127160e-01
255 6.826800e-01 3.856000e-03 3.134640e-01
256 6.820360e-01 3.784000e-03 3.141800e-01
257 6.813480e-01 3.876000e-03 3.147760e-01
258 6.807160e-01 3.788000e-03 3.154960e-01
259 6.801400e-01 3.720000e-03 3.161400e-01
260 6.794600e-01 3.804000e-03 3.167360e-01
261 6.787560e-01 3.876000e-03 3.173680e-01
262 6.779520e-01 3.944000e-03 3.181040e-01
263 6.772960e-01 3.956000e-03 3.187480e-01
264 6.766520e-01 3.928000e-03 3.194200e-01
265 6.758800e-01 4.028000e-03 3.200920e-01
266 6.751560e-01 3.984000e-03 3.208600e-01
267 6.744280e-01 4.024000e-03 3.215480e-01
268 6.737320e-01 4.028000e-03 3.222400e-01
269 6.729760e-01 4.128000e-03 3.228960e-01
270 6.722640e-01 4.204000e-03 3.235320e-01
271 6.716080e-01 4.148000e-03 3.242440e-01
272 6.709600e-01 4.080000e-03 3.249600e-01
273 6.703200e-01 4.044000e-03 3.256360e-01
274 6.696000e-01 4.016000e-03 3.263840e-01
275 6.689480e-01 3.992000e-03 3.270600e-01
276 6.683320e-01 3.912000e-03 3.277560e-01
277 6.677280e-01 3.768000e-03 3.285040e-01
278 6.670640e-01 3.780000e-03 3.291560e-01
279 6.663640e-01 3.844000e-03 3.297920e-01
280 6.658200e-01 3.756000e-03 3.304240e-01
281 6.652000e-01 3.772000e-03 3.310280e-01
282 6.646200e-01 3.736000e-03 3.316440e-01
283 6.638760e-01 3.876000e-03 3.322480e-01
284 6.632560e-01 3.844000e-03 3.329000e-01
285 6.625920e-01 3.820000e-03 3.335880e-01
286 6.619600e-01 3.716000e-03 3.343240e-01
287 6.613640e-01 3.692000e-03 3.349440e-01
288 6.608800e-01 3.584000e-03 3.355360e-01
289 6.602160e-01 3.580000e-03 3.362040e-01
290 6.595160e-01 3.712000e-03 3.367720e-01
291 6.587960e-01 3.736000e-03 3.374680e-01
292 6.582040e-01 3.672000e-03 3.381240e-01
293 6.576440e-01 3.696000e-03 3.386600e-01
294 6.569440e-01 3.708000e-03 3.393480e-01
295 6.563520e-01 3.656000e-03 3.399920e-01
296 6.557080e-01 3.676000e-03 3.406160e-01
297 6.550880e-01 3.628000e-03 3.412840e-01
298 6.545280e-01 3.572000e-03 3.419000e-01
299 6.538720e-01 3.616000e-03 3.425120e-01
300 6.532560e-01 3.612000e-03 3.431320e-01
301 6.525040e-01 3.700000e-03 3.437960e-01
302 6.519080e-01 3.624000e-03 3.444680e-01
303 6.513320e-01 3.544000e-03 3.451240e-01
304 6.507440e-01 3.544000e-03 3.457120e-01
305 6.501560e-01 3.488000e-03 3.463560e-01
306 6.496880e-01 3.284000e-03 3.470280e-01
307 6.491480e-01 3.232000e-03 3.476200e-01
308 6.486600e-01 3.108000e-03 3.482320e-01
309 6.481440e-01 3.048000e-03 3.488080e-01
310 6.476160e-01 3.044000e-03 3.493400e-01
311 6.470560e-01 3.100000e-03 3.498440e-01
312 6.465320e-01 3.076000e-03 3.503920e-01
313 6.459480e-01 3.128000e-03 3.509240e-01
314 6.453480e-01 3.184000e-03 3.514680e-01
315 6.447520e-01 3.216000e-03 3.520320e-01
316 6.442120e-01 3.164000e-03 3.526240e-01
317 6.436520e-01 3.192000e-03 3.531560e-01
318 6.431600e-01 3.132000e-03 3.537080e-01
319 6.426720e-01 3.132000e-03 3.541960e-01
320 6.421560e-01 3.116000e-03 3.547280e-01
321 6.416440e-01 3.092000e-03 3.552640e-01
322 6.411120e-01 3.068000e-03 3.558200e-01
323 6.404760e-01 3.196000e-03 3.563280e-01
324 6.400200e-01 3.180000e-03 3.568000e-01
325 6.394240e-01 3.252000e-03 3.573240e-01
326 6.389240e-01 3.168000e-03 3.579080e-01
327 6.384600e-01 3.112000e-03 3.584280e-01
328 6.378760e-01 3.164000e-03 3.589600e-01
329 6.373160e-01 3.144000e-03 3.595400e-01
330 6.367920e-01 3.132000e-03 3.600760e-01
331 6.363280e-01 3.076000e-03 3.605960e-01
332 6.358520e-01 3.040000e-03 3.611080e-01
333 6.353520e-01 3.044000e-03 3.616040e-01
334 6.348400e-01 3.020000e-03 3.621400e-01
335 6.343520e-01 3.008000e-03 3.626400e-01
336 6.339040e-01 3.052000e-03 3.630440e-01
337 6.334600e-01 2.988000e-03 3.635520e-01
338 6.329400e-01 3.000000e-03 3.640600e-01
339 6.323680e-01 3.000000e-03 3.646320e-01
340 6.317640e-01 3.024000e-03 3.652120e-01
341 6.311680e-01 3.084000e-03 3.657480e-01
342 6.306800e-01 2.992000e-03 3.663280e-01
343 6.301600e-01 2.904000e-03 3.669360e-01
344 6.296960e-01 2.868000e-03 3.674360e-01
345 6.293000e-01 2.812000e-03 3.678880e-01
346 6.288840e-01 2.728000e-03 3.683880e-01
347 6.284800e-01 2.660000e-03 3.688600e-01
348 6.280040e-01 2.660000e-03 3.693360e-01
349 6.275520e-01 2.664000e-03 3.697840e-01
350 6.271200e-01 2.604000e-03 3.702760e-01
351 6.267840e-01 2.536000e-03 3.706800e-01
352 6.263680e-01 2.528000e-03 3.711040e-01
353 6.259760e-01 2.468000e-03 3.715560e-01
354 6.256120e-01 2.456000e-03 3.719320e-01
355 6.251800e-01 2.456000e-03 3.723640e-01
356 6.248120e-01 2.444000e-03 3.727440e-01
357 6.244160e-01 2.456000e-03 3.731280e-01
358 6.240440e-01 2.420000e-03 3.735360e-01
359 6.236760e-01 2.376000e-03 3.739480e-01
360 6.232600e-01 2.388000e-03 3.743520e-01
361 6.228200e-01 2.456000e-03 3.747240e-01
362 6.224160e-01 2.472000e-03 3.751120e-01
363 6.219200e-01 2.540000e-03 3.755400e-01
364 6.213800e-01 2.664000e-03 3.759560e-01
365 6.209640e-01 2.616000e-03 3.764200e-01
366 6.205440e-01 2.548000e-03 3.769080e-01
367 6.202000e-01 2.456000e-03 3.773440e-01
368 6.198400e-01 2.424000e-03 3.777360e-01
369 6.194560e-01 2.432000e-03 3.781120e-01
370 6.190600e-01 2.408000e-03 3.785320e-01
371 6.186520e-01 2.420000e-03 3.789280e-01
372 6.183160e-01 2.348000e-03 3.793360e-01
373 6.179840e-01 2.312000e-03 3.797040e-01
374 6.175680e-01 2.256000e-03 3.801760e-01
375 6.173080e-01 2.124000e-03 3.805680e-01
376 6.170120e-01 2.020000e-03 3.809680e-01
377 6.167280e-01 1.984000e-03 3.812880e-01
378 6.164080e-01 1.928000e-03 3.816640e-01
379 6.160920e-01 1.928000e-03 3.819800e-01
380 6.157880e-01 1.860000e-03 3.823520e-01
381 6.154640e-01 1.892000e-03 3.826440e-01
382 6.151440e-01 1.888000e-03 3.829680e-01
383 6.148680e-01 1.804000e-03 3.833280e-01
384 6.145600e-01 1.804000e-03 3.836360e-01
385 6.142240e-01 1.808000e-03 3.839680e-01
386 6.139000e-01 1.808000e-03 3.842920e-01
387 6.135960e-01 1.804000e-03 3.846000e-01
388 6.133000e-01 1.772000e-03 3.849280e-01
389 6.129680e-01 1.752000e-03 3.852800e-01
390 6.126040e-01 1.836000e-03 3.855600e-01
391 6.123080e-01 1.856000e-03 3.858360e-01
392 6.120360e-01 1.732000e-03 3.862320e-01
393 6.117440e-01 1.724000e-03 3.865320e-01
394 6.114440e-01 1.728000e-03 3.868280e-01
395 6.110880e-01 1.828000e-03 3.870840e-01
396 6.107960e-01 1.772000e-03 3.874320e-01
397 6.104920e-01 1.796000e-03 3.877120e-01
398 6.101680e-01 1.804000e-03 3.880280e-01
399 6.098360e-01 1.844000e-03 3.883200e-01
400 6.095240e-01 1.824000e-03 3.886520e-01
401 6.092000e-01 1.796000e-03 3.890040e-01
402 6.088560e-01 1.784000e-03 3.893600e-01
403 6.085240e-01 1.860000e-03 3.896160e-01
404 6.081840e-01 1.872000e-03 3.899440e-01
405 6.078960e-01 1.856000e-03 3.902480e-01
406 6.076080e-01 1.840000e-03 3.905520e-01
407 6.073280e-01 1.852000e-03 3.908200e-01
408 6.068960e-01 1.896000e-03 3.912080e-01
409 6.066200e-01 1.820000e-03 3.915600e-01
410 6.063680e-01 1.748000e-03 3.918840e-01
411 6.060680e-01 1.668000e-03 3.922640e-01
412 6.058240e-01 1.596000e-03 3.925800e-01
413 6.055600e-01 1.612000e-03 3.928280e-01
414 6.052920e-01 1.608000e-03 3.931000e-01
415 6.050120e-01 1.576000e-03 3.934120e-01
416 6.046480e-01 1.680000e-03 3.936720e-01
417 6.042960e-01 1.744000e-03 3.939600e-01
418 6.039320e-01 1.796000e-03 3.942720e-01
419 6.036200e-01 1.768000e-03 3.946120e-01
420 6.032200e-01 1.896000e-03 3.948840e-01
421 6.029080e-01 1.880000e-03 3.952120e-01
422 6.024640e-01 2.016000e-03 3.955200e-01
423 6.019960e-01 2.132000e-03 3.958720e-01
424 6.016240e-01 2.164000e-03 3.962120e-01
425 6.012040e-01 2.196000e-03 3.966000e-01
426 6.008200e-01 2.164000e-03 3.970160e-01
427 6.004680e-01 2.100000e-03 3.974320e-01
428 6.001320e-01 1.968000e-03 3.979000e-01
429 5.998320e-01 1.932000e-03 3.982360e-01
430 5.995200e-01 1.880000e-03 3.986000e-01
431 5.992200e-01 1.848000e-03 3.989320e-01
432 5.989320e-01 1.820000e-03 3.992480e-01
433 5.986120e-01 1.792000e-03 3.995960e-01
434 5.983600e-01 1.824000e-03 3.998160e-01
435 5.980200e-01 1.848000e-03 4.001320e-01
436 5.976720e-01 1.900000e-03 4.004280e-01
437 5.973320e-01 1.896000e-03 4.007720e-01
438 5.969560e-01 1.984000e-03 4.010600e-01
439 5.964600e-01 2.100000e-03 4.014400e-01
440 5.960760e-01 2.084000e-03 4.018400e-01
441 5.956840e-01 2.120000e-03 4.021960e-01
442 5.952920e-01 2.168000e-03 4.025400e-01
443 5.948760e-01 2.200000e-03 4.029240e-01
444 5.945480e-01 2.204000e-03 4.032480e-01
445 5.941640e-01 2.256000e-03 4.035800e-01
446 5.938120e-01 2.196000e-03 4.039920e-01
447 5.933920e-01 2.236000e-03 4.043720e-01
448 5.930320e-01 2.200000e-03 4.047680e-01
449 5.926280e-01 2.236000e-03 4.051360e-01
450 5.922840e-01 2.180000e-03 4.055360e-01
451 5.919600e-01 2.124000e-03 4.059160e-01
452 5.915880e-01 2.084000e-03 4.063280e-01
453 5.912040e-01 2.084000e-03 4.067120e-01
454 5.908560e-01 2.064000e-03 4.070800e-01
455 5.904640e-01 2.028000e-03 4.075080e-01
456 5.901280e-01 1.960000e-03 4.079120e-01
457 5.897600e-01 2.004000e-03 4.082360e-01
458 5.893960e-01 2.008000e-03 4.085960e-01
459 5.890320e-01 1.996000e-03 4.089720e-01
460 5.886680e-01 2.052000e-03 4.092800e-01
461 5.883520e-01 2.096000e-03 4.095520e-01
462 5.879360e-01 2.200000e-03 4.098640e-01
463 5.875680e-01 2.172000e-03 4.102600e-01
464 5.872320e-01 2.168000e-03 4.106000e-01
465 5.868680e-01 2.152000e-03 4.109800e-01
466 5.864360e-01 2.212000e-03 4.113520e-01
467 5.861200e-01 2.116000e-03 4.117640e-01
468 5.858280e-01 2.040000e-03 4.121320e-01
469 5.855120e-01 1.984000e-03 4.125040e-01
470 5.852160e-01 1.940000e-03 4.128440e-01
471 5.849560e-01 1.960000e-03 4.130840e-01
472 5.845920e-01 1.952000e-03 4.134560e-01
473 5.842520e-01 1.980000e-03 4.137680e-01
474 5.839400e-01 1.960000e-03 4.141000e-01
475 5.835840e-01 1.956000e-03 4.144600e-01
476 5.832960e-01 1.908000e-03 4.147960e-01
477 5.829640e-01 1.932000e-03 4.151040e-01
478 5.826440e-01 1.924000e-03 4.154320e-01
479 5.822840e-01 1.916000e-03 4.158000e-01
480 5.820040e-01 1.924000e-03 4.160720e-01
481 5.816600e-01 1.920000e-03 4.164200e-01
482 5.813960e-01 1.868000e-03 4.167360e-01
483 5.810800e-01 1.820000e-03 4.171000e-01
484 5.807920e-01 1.812000e-03 4.173960e-01
485 5.805360e-01 1.736000e-03 4.177280e-01
486 5.802560e-01 1.684000e-03 4.180600e-01
487 5.800040e-01 1.704000e-03 4.182920e-01
488 5.797480e-01 1.672000e-03 4.185800e-01
489 5.795000e-01 1.608000e-03 4.188920e-01
490 5.792000e-01 1.660000e-03 4.191400e-01
491 5.789440e-01 1.688000e-03 4.193680e-01
492 5.786760e-01 1.736000e-03 4.195880e-01
493 5.783960e-01 1.728000e-03 4.198760e-01
494 5.781600e-01 1.632000e-03 4.202080e-01
495 5.778880e-01 1.620000e-03 4.204920e-01
496 5.776680e-01 1.520000e-03 4.208120e-01
497 5.774440e-01 1.508000e-03 4.210480e-01
498 5.772600e-01 1.392000e-03 4.213480e-01
499 5.770240e-01 1.376000e-03 4.216000e-01
500 5.767960e-01 1.340000e-03 4.218640e-01
