1 9.992080e-01 6.800000e-04 1.120000e-04
2 9.985800e-01 1.180000e-03 2.400000e-04
3 9.978920e-01 1.576000e-03 5.320000e-04
4 9.971440e-01 1.968000e-03 8.880000e-04
5 9.963280e-01 2.400000e-03 1.272000e-03
6 9.954440e-01 2.816000e-03 1.740000e-03
7 9.945760e-01 3.144000e-03 2.280000e-03
8 9.937160e-01 3.452000e-03 2.832000e-03
9 9.926760e-01 3.792000e-03 3.532000e-03
10 9.916920e-01 4.064000e-03 4.244000e-03
11 9.906160e-01 4.424000e-03 4.960000e-03
12 9.895000e-01 4.756000e-03 5.744000e-03
13 9.884280e-01 4.868000e-03 6.704000e-03
14 9.872440e-01 5.092000e-03 7.664000e-03
15 9.861480e-01 5.204000e-03 8.648000e-03
16 9.849800e-01 5.392000e-03 9.628000e-03
17 9.838560e-01 5.620000e-03 1.052400e-02
18 9.827840e-01 5.760000e-03 1.145600e-02
19 9.816440e-01 5.840000e-03 1.251600e-02
20 9.803400e-01 6.084000e-03 1.357600e-02
21 9.790560e-01 6.248000e-03 1.469600e-02
22 9.776760e-01 6.440000e-03 1.588400e-02
23 9.763160e-01 6.588000e-03 1.709600e-02
24 9.749560e-01 6.816000e-03 1.822800e-02
25 9.735720e-01 7.008000e-03 1.942000e-02
26 9.721720e-01 7.068000e-03 2.076000e-02
27 9.709720e-01 7.036000e-03 2.199200e-02
28 9.696800e-01 7.028000e-03 2.329200e-02
29 9.683600e-01 7.192000e-03 2.444800e-02
30 9.669280e-01 7.412000e-03 2.566000e-02
31 9.655520e-01 7.580000e-03 2.686800e-02
32 9.642240e-01 7.552000e-03 2.822400e-02
33 9.626640e-01 7.772000e-03 2.956400e-02
34 9.612120e-01 7.820000e-03 3.096800e-02
35 9.598960e-01 7.864000e-03 3.224000e-02
36 9.583560e-01 8.016000e-03 3.362800e-02
37 9.567480e-01 8.132000e-03 3.512000e-02
38 9.552120e-01 8.188000e-03 3.660000e-02
39 9.536200e-01 8.424000e-03 3.795600e-02
40 9.519120e-01 8.588000e-03 3.950000e-02
41 9.505120e-01 8.428000e-03 4.106000e-02
42 9.490040e-01 8.560000e-03 4.243600e-02
43 9.475480e-01 8.580000e-03 4.387200e-02
44 9.460480e-01 8.496000e-03 4.545600e-02
45 9.445720e-01 8.476000e-03 4.695200e-02
46 9.430240e-01 8.508000e-03 4.846800e-02
47 9.414120e-01 8.584000e-03 5.000400e-02
48 9.398600e-01 8.608000e-03 5.153200e-02
49 9.381360e-01 8.812000e-03 5.305200e-02
50 9.364760e-01 8.824000e-03 5.470000e-02
51 9.348440e-01 8.988000e-03 5.616800e-02
52 9.332840e-01 8.928000e-03 5.778800e-02
53 9.316960e-01 8.960000e-03 5.934400e-02
54 9.302960e-01 8.732000e-03 6.097200e-02
55 9.286720e-01 8.768000e-03 6.256000e-02
56 9.270360e-01 9.012000e-03 6.395200e-02
57 9.253680e-01 9.096000e-03 6.553600e-02
58 9.238320e-01 9.136000e-03 6.703200e-02
59 9.221840e-01 9.200000e-03 6.861600e-02
60 9.205320e-01 9.316000e-03 7.015200e-02
61 9.190800e-01 9.280000e-03 7.164000e-02
62 9.173920e-01 9.272000e-03 7.333600e-02
63 9.159200e-01 9.040000e-03 7.504000e-02
64 9.145640e-01 8.884000e-03 7.655200e-02
65 9.130200e-01 8.840000e-03 7.814000e-02
66 9.113960e-01 8.896000e-03 7.970800e-02
67 9.097000e-01 8.948000e-03 8.135200e-02
68 9.081480e-01 8.972000e-03 8.288000e-02
69 9.064240e-01 9.080000e-03 8.449600e-02
70 9.046800e-01 9.200000e-03 8.612000e-02
71 9.030120e-01 9.136000e-03 8.785200e-02
72 9.011840e-01 9.416000e-03 8.940000e-02
73 8.994840e-01 9.468000e-03 9.104800e-02
74 8.977120e-01 9.580000e-03 9.270800e-02
75 8.961560e-01 9.456000e-03 9.438800e-02
76 8.945320e-01 9.488000e-03 9.598000e-02
77 8.929200e-01 9.448000e-03 9.763200e-02
78 8.912880e-01 9.504000e-03 9.920800e-02
79 8.896960e-01 9.400000e-03 1.009040e-01
80 8.882800e-01 9.104000e-03 1.026160e-01
81 8.868600e-01 8.884000e-03 1.042560e-01
82 8.852680e-01 8.796000e-03 1.059360e-01
83 8.837440e-01 8.764000e-03 1.074920e-01
84 8.822760e-01 8.772000e-03 1.089520e-01
85 8.807880e-01 8.776000e-03 1.104360e-01
86 8.792200e-01 8.888000e-03 1.118920e-01
87 8.777560e-01 8.872000e-03 1.133720e-01
88 8.762360e-01 8.752000e-03 1.150120e-01
89 8.747680e-01 8.704000e-03 1.165280e-01
90 8.733320e-01 8.668000e-03 1.180000e-01
91 8.718480e-01 8.688000e-03 1.194640e-01
92 8.702560e-01 8.812000e-03 1.209320e-01
93 8.686600e-01 8.912000e-03 1.224280e-01
94 8.670560e-01 8.920000e-03 1.240240e-01
95 8.654160e-01 9.028000e-03 1.255560e-01
96 8.639040e-01 9.016000e-03 1.270800e-01
97 8.624160e-01 8.840000e-03 1.287440e-01
98 8.607400e-01 8.960000e-03 1.303000e-01
99 8.592880e-01 8.976000e-03 1.317360e-01
100 8.576280e-01 9.184000e-03 1.331880e-01
101 8.559480e-01 9.184000e-03 1.348680e-01
102 8.542840e-01 9.164000e-03 1.365520e-01
103 8.527400e-01 9.180000e-03 1.380800e-01
104 8.511280e-01 9.296000e-03 1.395760e-01
105 8.491600e-01 9.484000e-03 1.413560e-01
106 8.474160e-01 9.592000e-03 1.429920e-01
107 8.456680e-01 9.652000e-03 1.446800e-01
108 8.440120e-01 9.568000e-03 1.464200e-01
109 8.422920e-01 9.500000e-03 1.482080e-01
110 8.405760e-01 9.588000e-03 1.498360e-01
111 8.388840e-01 9.700000e-03 1.514160e-01
112 8.369120e-01 1.001200e-02 1.530760e-01
113 8.352560e-01 9.860000e-03 1.548840e-01
114 8.334200e-01 1.002000e-02 1.565600e-01
115 8.316280e-01 9.968000e-03 1.584040e-01
116 8.298920e-01 9.848000e-03 1.602600e-01
117 8.283160e-01 9.712000e-03 1.619720e-01
118 8.265400e-01 9.816000e-03 1.636440e-01
119 8.250200e-01 9.584000e-03 1.653960e-01
120 8.236320e-01 9.284000e-03 1.670840e-01
121 8.221080e-01 9.360000e-03 1.685320e-01
122 8.203960e-01 9.456000e-03 1.701480e-01
123 8.186800e-01 9.564000e-03 1.717560e-01
124 8.171480e-01 9.372000e-03 1.734800e-01
125 8.156080e-01 9.372000e-03 1.750200e-01
126 8.141200e-01 9.216000e-03 1.766640e-01
127 8.126040e-01 9.124000e-03 1.782720e-01
128 8.111560e-01 8.940000e-03 1.799040e-01
129 8.095480e-01 9.128000e-03 1.813240e-01
130 8.081680e-01 8.960000e-03 1.828720e-01
131 8.066920e-01 8.868000e-03 1.844400e-01
132 8.051560e-01 8.864000e-03 1.859800e-01
133 8.036040e-01 8.924000e-03 1.874720e-01
134 8.019360e-01 9.096000e-03 1.889680e-01
135 8.003720e-01 9.048000e-03 1.905800e-01
136 7.986720e-01 9.136000e-03 1.921920e-01
137 7.973200e-01 8.888000e-03 1.937920e-01
138 7.957160e-01 8.908000e-03 1.953760e-01
139 7.941640e-01 9.112000e-03 1.967240e-01
140 7.926480e-01 9.044000e-03 1.983080e-01
141 7.910480e-01 9.064000e-03 1.998880e-01
142 7.897000e-01 8.892000e-03 2.014080e-01
143 7.880440e-01 8.992000e-03 2.029640e-01
144 7.865440e-01 8.928000e-03 2.045280e-01
145 7.851680e-01 8.832000e-03 2.060000e-01
146 7.837640e-01 8.836000e-03 2.074000e-01
147 7.822400e-01 8.844000e-03 2.089160e-01
148 7.808160e-01 8.804000e-03 2.103800e-01
149 7.793720e-01 8.724000e-03 2.119040e-01
150 7.779680e-01 8.620000e-03 2.134120e-01
151 7.765720e-01 8.536000e-03 2.148920e-01
152 7.752040e-01 8.288000e-03 2.165080e-01
153 7.739040e-01 8.076000e-03 2.180200e-01
154 7.726240e-01 7.912000e-03 2.194640e-01
155 7.712240e-01 8.056000e-03 2.207200e-01
156 7.698880e-01 7.940000e-03 2.221720e-01
157 7.686400e-01 7.876000e-03 2.234840e-01
158 7.673400e-01 7.756000e-03 2.249040e-01
159 7.659760e-01 7.780000e-03 2.262440e-01
160 7.645760e-01 7.732000e-03 2.276920e-01
161 7.629920e-01 7.976000e-03 2.290320e-01
162 7.616360e-01 7.992000e-03 2.303720e-01
163 7.604000e-01 7.752000e-03 2.318480e-01
164 7.592760e-01 7.560000e-03 2.331640e-01
165 7.579360e-01 7.656000e-03 2.344080e-01
166 7.566600e-01 7.660000e-03 2.356800e-01
167 7.554800e-01 7.516000e-03 2.370040e-01
168 7.543160e-01 7.204000e-03 2.384800e-01
169 7.531880e-01 7.108000e-03 2.397040e-01
170 7.519080e-01 7.148000e-03 2.409440e-01
171 7.507280e-01 7.124000e-03 2.421480e-01
172 7.495320e-01 7.168000e-03 2.433000e-01
173 7.482120e-01 7.164000e-03 2.446240e-01
174 7.469000e-01 7.132000e-03 2.459680e-01
175 7.457000e-01 6.988000e-03 2.473120e-01
176 7.444280e-01 6.960000e-03 2.486120e-01
177 7.431360e-01 7.020000e-03 2.498440e-01
178 7.419920e-01 6.992000e-03 2.510160e-01
179 7.407840e-01 6.968000e-03 2.522480e-01
180 7.394240e-01 6.996000e-03 2.535800e-01
181 7.382240e-01 7.036000e-03 2.547400e-01
182 7.370440e-01 6.940000e-03 2.560160e-01
183 7.359560e-01 6.744000e-03 2.573000e-01
184 7.349160e-01 6.560000e-03 2.585240e-01
185 7.339640e-01 6.404000e-03 2.596320e-01
186 7.330480e-01 6.248000e-03 2.607040e-01
187 7.321080e-01 6.008000e-03 2.618840e-01
188 7.312320e-01 5.852000e-03 2.629160e-01
189 7.304520e-01 5.688000e-03 2.638600e-01
190 7.294600e-01 5.720000e-03 2.648200e-01
191 7.285880e-01 5.512000e-03 2.659000e-01
192 7.277200e-01 5.460000e-03 2.668200e-01
193 7.269080e-01 5.300000e-03 2.677920e-01
194 7.258880e-01 5.440000e-03 2.686720e-01
195 7.249760e-01 5.532000e-03 2.694920e-01
196 7.240640e-01 5.424000e-03 2.705120e-01
197 7.232040e-01 5.344000e-03 2.714520e-01
198 7.222160e-01 5.428000e-03 2.723560e-01
199 7.213480e-01 5.336000e-03 2.733160e-01
200 7.204720e-01 5.172000e-03 2.743560e-01
201 7.195320e-01 5.220000e-03 2.752480e-01
202 7.184840e-01 5.380000e-03 2.761360e-01
203 7.176080e-01 5.304000e-03 2.770880e-01
204 7.167000e-01 5.328000e-03 2.779720e-01
205 7.156600e-01 5.392000e-03 2.789480e-01
206 7.147920e-01 5.336000e-03 2.798720e-01
207 7.138840e-01 5.324000e-03 2.807920e-01
208 7.129960e-01 5.300000e-03 2.817040e-01
209 7.121520e-01 5.168000e-03 2.826800e-01
210 7.113240e-01 5.168000e-03 2.835080e-01
211 7.105080e-01 5.144000e-03 2.843480e-01
212 7.096720e-01 5.088000e-03 2.852400e-01
213 7.088400e-01 5.016000e-03 2.861440e-01
214 7.079560e-01 5.000000e-03 2.870440e-01
215 7.071320e-01 5.004000e-03 2.878640e-01
216 7.061920e-01 5.004000e-03 2.888040e-01
217 7.052720e-01 5.116000e-03 2.896120e-01
218 7.044120e-01 5.152000e-03 2.904360e-01
219 7.034960e-01 5.152000e-03 2.913520e-01
220 7.026320e-01 5.140000e-03 2.922280e-01
221 7.018000e-01 5.028000e-03 2.931720e-01
222 7.009760e-01 4.960000e-03 2.940640e-01
223 7.001280e-01 4.968000e-03 2.949040e-01
224 6.992160e-01 5.004000e-03 2.957800e-01
225 6.983840e-01 5.008000e-03 2.966080e-01
226 6.975200e-01 4.856000e-03 2.976240e-01
227 6.967400e-01 4.888000e-03 2.983720e-01
228 6.960880e-01 4.740000e-03 2.991720e-01
229 6.953040e-01 4.744000e-03 2.999520e-01
230 6.946360e-01 4.560000e-03 3.008040e-01
231 6.938760e-01 4.476000e-03 3.016480e-01
232 6.932840e-01 4.272000e-03 3.024440e-01
233 6.925680e-01 4.144000e-03 3.032880e-01
234 6.919400e-01 3.992000e-03 3.040680e-01
235 6.912600e-01 4.024000e-03 3.047160e-01
236 6.906520e-01 3.876000e-03 3.054720e-01
237 6.899520e-01 3.864000e-03 3.061840e-01
238 6.893000e-01 3.792000e-03 3.069080e-01
239 6.886120e-01 3.788000e-03 3.076000e-01
240 6.879520e-01 3.740000e-03 3.083080e-01
241 6.872800e-01 3.732000e-03 3.089880e-01
242 6.866760e-01 3.616000e-03 3.097080e-01
243 6.860600e-01 3.548000e-03 3.103920e-01
244 6.854880e-01 3.472000e-03 3.110400e-01
245 6.850160e-01 3.272000e-03 3.117120e-01
246 6.844560e-01 3.204000e-03 3.123400e-01
247 6.838320e-01 3.300000e-03 3.128680e-01
248 6.832680e-01 3.248000e-03 3.134840e-01
249 6.827320e-01 3.248000e-03 3.140200e-01
250 6.820160e-01 3.332000e-03 3.146520e-01
251 6.813480e-01 3.408000e-03 3.152440e-01
252 6.807520e-01 3.440000e-03 3.158080e-01
253 6.801440e-01 3.480000e-03 3.163760e-01
254 6.793640e-01 3.640000e-03 3.169960e-01
255 6.786280e-01 3.692000e-03 3.176800e-01
256 6.779280e-01 3.792000e-03 3.182800e-01
257 6.772240e-01 3.756000e-03 3.190200e-01
258 6.765320e-01 3.716000e-03 3.197520e-01
259 6.758720e-01 3.560000e-03 3.205680e-01
260 6.752600e-01 3.576000e-03 3.211640e-01
261 6.746880e-01 3.504000e-03 3.218080e-01
262 6.741760e-01 3.464000e-03 3.223600e-01
263 6.736120e-01 3.436000e-03 3.229520e-01
264 6.729920e-01 3.392000e-03 3.236160e-01
265 6.723840e-01 3.384000e-03 3.242320e-01
266 6.717920e-01 3.428000e-03 3.247800e-01
267 6.712360e-01 3.408000e-03 3.253560e-01
268 6.707440e-01 3.316000e-03 3.259400e-01
269 6.702080e-01 3.320000e-03 3.264720e-01
270 6.695840e-01 3.284000e-03 3.271320e-01
271 6.690360e-01 3.356000e-03 3.276080e-01
272 6.684320e-01 3.340000e-03 3.282280e-01
273 6.678560e-01 3.244000e-03 3.289000e-01
274 6.672640e-01 3.348000e-03 3.293880e-01
275 6.666880e-01 3.276000e-03 3.300360e-01
276 6.661560e-01 3.236000e-03 3.306080e-01
277 6.656440e-01 3.240000e-03 3.311160e-01
278 6.650200e-01 3.308000e-03 3.316720e-01
279 6.644360e-01 3.332000e-03 3.322320e-01
280 6.639440e-01 3.316000e-03 3.327400e-01
281 6.633560e-01 3.320000e-03 3.333240e-01
282 6.626640e-01 3.400000e-03 3.339360e-01
283 6.620800e-01 3.496000e-03 3.344240e-01
284 6.614920e-01 3.448000e-03 3.350600e-01
285 6.609160e-01 3.460000e-03 3.356240e-01
286 6.602800e-01 3.484000e-03 3.362360e-01
287 6.596440e-01 3.516000e-03 3.368400e-01
288 6.590440e-01 3.528000e-03 3.374280e-01
289 6.584640e-01 3.456000e-03 3.380800e-01
290 6.578160e-01 3.512000e-03 3.386720e-01
291 6.571960e-01 3.520000e-03 3.392840e-01
292 6.565680e-01 3.532000e-03 3.399000e-01
293 6.560360e-01 3.468000e-03 3.404960e-01
294 6.553520e-01 3.492000e-03 3.411560e-01
295 6.547200e-01 3.456000e-03 3.418240e-01
296 6.540840e-01 3.508000e-03 3.424080e-01
297 6.535920e-01 3.384000e-03 3.430240e-01
298 6.529920e-01 3.388000e-03 3.436200e-01
299 6.523880e-01 3.428000e-03 3.441840e-01
300 6.517920e-01 3.440000e-03 3.447680e-01
301 6.512400e-01 3.360000e-03 3.454000e-01
302 6.506720e-01 3.284000e-03 3.460440e-01
303 6.501880e-01 3.232000e-03 3.465800e-01
304 6.495720e-01 3.252000e-03 3.471760e-01
305 6.489920e-01 3.312000e-03 3.476960e-01
306 6.484080e-01 3.376000e-03 3.482160e-01
307 6.479440e-01 3.240000e-03 3.488160e-01
308 6.474080e-01 3.188000e-03 3.494040e-01
309 6.468920e-01 3.196000e-03 3.499120e-01
310 6.464320e-01 3.108000e-03 3.504600e-01
311 6.458280e-01 3.220000e-03 3.509520e-01
312 6.453080e-01 3.124000e-03 3.515680e-01
313 6.447000e-01 3.128000e-03 3.521720e-01
314 6.441760e-01 3.128000e-03 3.526960e-01
315 6.436640e-01 3.060000e-03 3.532760e-01
316 6.431800e-01 3.052000e-03 3.537680e-01
317 6.427840e-01 2.960000e-03 3.542560e-01
318 6.423600e-01 2.828000e-03 3.548120e-01
319 6.418560e-01 2.800000e-03 3.553440e-01
320 6.415160e-01 2.648000e-03 3.558360e-01
321 6.411000e-01 2.592000e-03 3.563080e-01
322 6.406680e-01 2.540000e-03 3.567920e-01
323 6.402480e-01 2.560000e-03 3.571920e-01
324 6.398120e-01 2.540000e-03 3.576480e-01
325 6.394240e-01 2.456000e-03 3.581200e-01
326 6.390040e-01 2.380000e-03 3.586160e-01
327 6.385960e-01 2.352000e-03 3.590520e-01
328 6.382360e-01 2.292000e-03 3.594720e-01
329 6.378800e-01 2.272000e-03 3.598480e-01
330 6.374760e-01 2.336000e-03 3.601880e-01
331 6.371560e-01 2.268000e-03 3.605760e-01
332 6.367760e-01 2.272000e-03 3.609520e-01
333 6.363800e-01 2.276000e-03 3.613440e-01
334 6.360440e-01 2.248000e-03 3.617080e-01
335 6.357040e-01 2.196000e-03 3.621000e-01
336 6.353720e-01 2.140000e-03 3.624880e-01
337 6.350360e-01 2.156000e-03 3.628080e-01
338 6.346840e-01 2.128000e-03 3.631880e-01
339 6.343280e-01 2.176000e-03 3.634960e-01
340 6.339560e-01 2.156000e-03 3.638880e-01
341 6.336600e-01 2.080000e-03 3.642600e-01
342 6.333560e-01 1.984000e-03 3.646600e-01
343 6.330560e-01 1.904000e-03 3.650400e-01
344 6.327400e-01 1.812000e-03 3.654480e-01
345 6.324640e-01 1.816000e-03 3.657200e-01
346 6.321720e-01 1.768000e-03 3.660600e-01
347 6.318200e-01 1.796000e-03 3.663840e-01
348 6.314920e-01 1.756000e-03 3.667520e-01
349 6.312280e-01 1.724000e-03 3.670480e-01
350 6.309240e-01 1.664000e-03 3.674120e-01
351 6.306480e-01 1.668000e-03 3.676840e-01
352 6.304200e-01 1.628000e-03 3.679520e-01
353 6.300800e-01 1.700000e-03 3.682200e-01
354 6.297560e-01 1.724000e-03 3.685200e-01
355 6.294120e-01 1.724000e-03 3.688640e-01
356 6.290760e-01 1.744000e-03 3.691800e-01
357 6.287760e-01 1.808000e-03 3.694160e-01
358 6.284760e-01 1.676000e-03 3.698480e-01
359 6.282280e-01 1.608000e-03 3.701640e-01
360 6.279400e-01 1.608000e-03 3.704520e-01
361 6.277240e-01 1.556000e-03 3.707200e-01
362 6.274960e-01 1.504000e-03 3.710000e-01
363 6.272520e-01 1.468000e-03 3.712800e-01
364 6.270360e-01 1.412000e-03 3.715520e-01
365 6.268240e-01 1.396000e-03 3.717800e-01
366 6.266080e-01 1.372000e-03 3.720200e-01
367 6.264440e-01 1.276000e-03 3.722800e-01
368 6.262280e-01 1.248000e-03 3.725240e-01
369 6.260400e-01 1.236000e-03 3.727240e-01
370 6.258480e-01 1.196000e-03 3.729560e-01
371 6.256160e-01 1.268000e-03 3.731160e-01
372 6.253760e-01 1.264000e-03 3.733600e-01
373 6.251080e-01 1.304000e-03 3.735880e-01
374 6.248840e-01 1.276000e-03 3.738400e-01
375 6.246720e-01 1.268000e-03 3.740600e-01
376 6.244040e-01 1.336000e-03 3.742600e-01
377 6.242000e-01 1.300000e-03 3.745000e-01
378 6.239760e-01 1.292000e-03 3.747320e-01
379 6.238200e-01 1.232000e-03 3.749480e-01
380 6.236320e-01 1.248000e-03 3.751200e-01
381 6.234560e-01 1.180000e-03 3.753640e-01
382 6.233160e-01 1.112000e-03 3.755720e-01
383 6.231840e-01 1.064000e-03 3.757520e-01
384 6.229480e-01 1.112000e-03 3.759400e-01
385 6.227480e-01 1.144000e-03 3.761080e-01
386 6.225360e-01 1.180000e-03 3.762840e-01
387 6.223280e-01 1.208000e-03 3.764640e-01
388 6.221280e-01 1.200000e-03 3.766720e-01
389 6.219080e-01 1.208000e-03 3.768840e-01
390 6.216960e-01 1.224000e-03 3.770800e-01
391 6.215840e-01 1.120000e-03 3.772960e-01
392 6.214640e-01 1.088000e-03 3.774480e-01
393 6.213480e-01 1.012000e-03 3.776400e-01
394 6.212360e-01 9.280000e-04 3.778360e-01
395 6.210800e-01 9.080000e-04 3.780120e-01
396 6.209920e-01 8.360000e-04 3.781720e-01
397 6.208560e-01 8.280000e-04 3.783160e-01
398 6.207160e-01 8.440000e-04 3.784400e-01
399 6.206080e-01 8.280000e-04 3.785640e-01
400 6.204800e-01 8.240000e-04 3.786960e-01
401 6.203200e-01 7.960000e-04 3.788840e-01
402 6.202160e-01 8.160000e-04 3.789680e-01
403 6.201280e-01 7.520000e-04 3.791200e-01
404 6.199960e-01 7.480000e-04 3.792560e-01
405 6.198880e-01 7.240000e-04 3.793880e-01
406 6.197640e-01 6.920000e-04 3.795440e-01
407 6.196440e-01 7.200000e-04 3.796360e-01
408 6.195160e-01 7.040000e-04 3.797800e-01
409 6.193440e-01 7.520000e-04 3.799040e-01
410 6.192040e-01 7.240000e-04 3.800720e-01
411 6.191160e-01 7.000000e-04 3.801840e-01
412 6.190040e-01 7.040000e-04 3.802920e-01
413 6.188800e-01 6.960000e-04 3.804240e-01
414 6.187760e-01 6.720000e-04 3.805520e-01
415 6.186560e-01 6.520000e-04 3.806920e-01
416 6.185600e-01 6.080000e-04 3.808320e-01
417 6.184840e-01 5.480000e-04 3.809680e-01
418 6.183680e-01 5.760000e-04 3.810560e-01
419 6.182200e-01 6.280000e-04 3.811520e-01
420 6.181120e-01 6.240000e-04 3.812640e-01
421 6.179440e-01 6.600000e-04 3.813960e-01
422 6.178440e-01 6.040000e-04 3.815520e-01
423 6.177240e-01 6.200000e-04 3.816560e-01
424 6.176200e-01 6.480000e-04 3.817320e-01
425 6.175320e-01 6.480000e-04 3.818200e-01
426 6.173760e-01 6.760000e-04 3.819480e-01
427 6.172560e-01 7.000000e-04 3.820440e-01
428 6.171360e-01 7.000000e-04 3.821640e-01
429 6.169800e-01 7.720000e-04 3.822480e-01
430 6.168080e-01 7.920000e-04 3.824000e-01
431 6.166640e-01 7.800000e-04 3.825560e-01
432 6.165240e-01 7.840000e-04 3.826920e-01
433 6.164520e-01 7.760000e-04 3.827720e-01
434 6.162760e-01 7.880000e-04 3.829360e-01
435 6.161760e-01 7.520000e-04 3.830720e-01
436 6.161040e-01 6.720000e-04 3.832240e-01
437 6.160120e-01 6.400000e-04 3.833480e-01
438 6.159240e-01 6.240000e-04 3.834520e-01
439 6.157680e-01 6.960000e-04 3.835360e-01
440 6.156360e-01 6.760000e-04 3.836880e-01
441 6.155400e-01 6.840000e-04 3.837760e-01
442 6.154480e-01 6.960000e-04 3.838560e-01
443 6.153440e-01 7.320000e-04 3.839240e-01
444 6.152640e-01 7.160000e-04 3.840200e-01
445 6.151560e-01 7.080000e-04 3.841360e-01
446 6.150640e-01 6.720000e-04 3.842640e-01
447 6.149800e-01 6.480000e-04 3.843720e-01
448 6.149200e-01 5.920000e-04 3.844880e-01
449 6.148560e-01 5.080000e-04 3.846360e-01
450 6.147680e-01 5.200000e-04 3.847120e-01
451 6.146640e-01 5.200000e-04 3.848160e-01
452 6.145760e-01 5.080000e-04 3.849160e-01
453 6.144760e-01 5.440000e-04 3.849800e-01
454 6.143880e-01 5.400000e-04 3.850720e-01
455 6.142480e-01 5.840000e-04 3.851680e-01
456 6.141440e-01 5.640000e-04 3.852920e-01
457 6.140600e-01 5.440000e-04 3.853960e-01
458 6.139680e-01 5.240000e-04 3.855080e-01
459 6.138320e-01 5.720000e-04 3.855960e-01
460 6.137200e-01 5.960000e-04 3.856840e-01
461 6.136080e-01 6.200000e-04 3.857720e-01
462 6.135240e-01 6.000000e-04 3.858760e-01
463 6.134480e-01 5.600000e-04 3.859920e-01
464 6.133360e-01 5.800000e-04 3.860840e-01
465 6.132360e-01 5.800000e-04 3.861840e-01
466 6.130680e-01 6.400000e-04 3.862920e-01
467 6.129880e-01 6.120000e-04 3.864000e-01
468 6.128800e-01 5.840000e-04 3.865360e-01
469 6.127920e-01 5.480000e-04 3.866600e-01
470 6.126920e-01 5.720000e-04 3.867360e-01
471 6.126040e-01 5.720000e-04 3.868240e-01
472 6.125040e-01 5.440000e-04 3.869520e-01
473 6.124280e-01 5.280000e-04 3.870440e-01
474 6.123480e-01 5.080000e-04 3.871440e-01
475 6.122280e-01 5.160000e-04 3.872560e-01
476 6.121120e-01 5.520000e-04 3.873360e-01
477 6.119840e-01 5.920000e-04 3.874240e-01
478 6.118640e-01 6.280000e-04 3.875080e-01
479 6.117800e-01 6.120000e-04 3.876080e-01
480 6.116400e-01 6.480000e-04 3.877120e-01
481 6.115280e-01 6.360000e-04 3.878360e-01
482 6.114360e-01 6.120000e-04 3.879520e-01
483 6.113680e-01 5.840000e-04 3.880480e-01
484 6.112840e-01 5.600000e-04 3.881560e-01
485 6.112040e-01 5.320000e-04 3.882640e-01
486 6.111400e-01 5.040000e-04 3.883560e-01
487 6.110720e-01 4.840000e-04 3.884440e-01
488 6.109960e-01 4.520000e-04 3.885520e-01
489 6.109320e-01 4.560000e-04 3.886120e-01
490 6.108920e-01 4.440000e-04 3.886640e-01
491 6.108560e-01 4.240000e-04 3.887200e-01
492 6.107840e-01 4.120000e-04 3.888040e-01
493 6.107080e-01 4.080000e-04 3.888840e-01
494 6.106480e-01 4.040000e-04 3.889480e-01
495 6.105880e-01 3.600000e-04 3.890520e-01
496 6.105360e-01 3.840000e-04 3.890800e-01
497 6.104240e-01 4.440000e-04 3.891320e-01
498 6.103320e-01 4.640000e-04 3.892040e-01
499 6.102120e-01 4.920000e-04 3.892960e-01
500 6.101000e-01 5.360000e-04 3.893640e-01
