1 9.991880e-01 7.280000e-04 8.400000e-05
2 9.987120e-01 1.072000e-03 2.160000e-04
3 9.980560e-01 1.512000e-03 4.320000e-04
4 9.973240e-01 1.940000e-03 7.360000e-04
5 9.965400e-01 2.336000e-03 1.124000e-03
6 9.957040e-01 2.756000e-03 1.540000e-03
7 9.948360e-01 3.068000e-03 2.096000e-03
8 9.939160e-01 3.404000e-03 2.680000e-03
9 9.931000e-01 3.548000e-03 3.352000e-03
10 9.922760e-01 3.676000e-03 4.048000e-03
11 9.913320e-01 4.000000e-03 4.668000e-03
12 9.903400e-01 4.344000e-03 5.316000e-03
13 9.893600e-01 4.500000e-03 6.140000e-03
14 9.883080e-01 4.792000e-03 6.900000e-03
15 9.873080e-01 5.028000e-03 7.664000e-03
16 9.863040e-01 5.120000e-03 8.576000e-03
17 9.851680e-01 5.324000e-03 9.508000e-03
18 9.839840e-01 5.596000e-03 1.042000e-02
19 9.828560e-01 5.792000e-03 1.135200e-02
20 9.815960e-01 6.092000e-03 1.231200e-02
21 9.802840e-01 6.356000e-03 1.336000e-02
22 9.788920e-01 6.784000e-03 1.432400e-02
23 9.777080e-01 6.748000e-03 1.554400e-02
24 9.764240e-01 6.828000e-03 1.674800e-02
25 9.750080e-01 7.012000e-03 1.798000e-02
26 9.736880e-01 7.112000e-03 1.920000e-02
27 9.722720e-01 7.428000e-03 2.030000e-02
28 9.708640e-01 7.496000e-03 2.164000e-02
29 9.694280e-01 7.600000e-03 2.297200e-02
30 9.680280e-01 7.640000e-03 2.433200e-02
31 9.665400e-01 7.780000e-03 2.568000e-02
32 9.651280e-01 7.712000e-03 2.716000e-02
33 9.637160e-01 7.632000e-03 2.865200e-02
34 9.621480e-01 7.848000e-03 3.000400e-02
35 9.606760e-01 7.948000e-03 3.137600e-02
36 9.590000e-01 8.236000e-03 3.276400e-02
37 9.574600e-01 8.260000e-03 3.428000e-02
38 9.560120e-01 8.276000e-03 3.571200e-02
39 9.544640e-01 8.352000e-03 3.718400e-02
40 9.530520e-01 8.404000e-03 3.854400e-02
41 9.515560e-01 8.340000e-03 4.010400e-02
42 9.500240e-01 8.384000e-03 4.159200e-02
43 9.486120e-01 8.312000e-03 4.307600e-02
44 9.471520e-01 8.120000e-03 4.472800e-02
45 9.457000e-01 8.196000e-03 4.610400e-02
46 9.442320e-01 8.308000e-03 4.746000e-02
47 9.426280e-01 8.556000e-03 4.881600e-02
48 9.410240e-01 8.788000e-03 5.018800e-02
49 9.395520e-01 8.804000e-03 5.164400e-02
50 9.379920e-01 8.820000e-03 5.318800e-02
51 9.362720e-01 8.892000e-03 5.483600e-02
52 9.346200e-01 8.864000e-03 5.651600e-02
53 9.331400e-01 8.804000e-03 5.805600e-02
54 9.317080e-01 8.708000e-03 5.958400e-02
55 9.301080e-01 8.636000e-03 6.125600e-02
56 9.283960e-01 8.836000e-03 6.276800e-02
57 9.268640e-01 8.776000e-03 6.436000e-02
58 9.252720e-01 8.828000e-03 6.590000e-02
59 9.237680e-01 8.812000e-03 6.742000e-02
60 9.222080e-01 8.844000e-03 6.894800e-02
61 9.205600e-01 8.900000e-03 7.054000e-02
62 9.189960e-01 8.928000e-03 7.207600e-02
63 9.174200e-01 9.012000e-03 7.356800e-02
64 9.158200e-01 8.936000e-03 7.524400e-02
65 9.143720e-01 8.808000e-03 7.682000e-02
66 9.128840e-01 8.704000e-03 7.841200e-02
67 9.114120e-01 8.588000e-03 8.000000e-02
68 9.101400e-01 8.308000e-03 8.155200e-02
69 9.087760e-01 8.144000e-03 8.308000e-02
70 9.075600e-01 8.128000e-03 8.431200e-02
71 9.062680e-01 7.900000e-03 8.583200e-02
72 9.050240e-01 7.724000e-03 8.725200e-02
73 9.038440e-01 7.572000e-03 8.858400e-02
74 9.025880e-01 7.544000e-03 8.986800e-02
75 9.011600e-01 7.712000e-03 9.112800e-02
76 8.999240e-01 7.596000e-03 9.248000e-02
77 8.986360e-01 7.500000e-03 9.386400e-02
78 8.973240e-01 7.568000e-03 9.510800e-02
79 8.960080e-01 7.572000e-03 9.642000e-02
80 8.947480e-01 7.588000e-03 9.766400e-02
81 8.934440e-01 7.528000e-03 9.902800e-02
82 8.921200e-01 7.532000e-03 1.003480e-01
83 8.908240e-01 7.648000e-03 1.015280e-01
84 8.895080e-01 7.592000e-03 1.029000e-01
85 8.883000e-01 7.532000e-03 1.041680e-01
86 8.871240e-01 7.452000e-03 1.054240e-01
87 8.857920e-01 7.548000e-03 1.066600e-01
88 8.845480e-01 7.412000e-03 1.080400e-01
89 8.832760e-01 7.488000e-03 1.092360e-01
90 8.821120e-01 7.448000e-03 1.104400e-01
91 8.808320e-01 7.476000e-03 1.116920e-01
92 8.795840e-01 7.424000e-03 1.129920e-01
93 8.782040e-01 7.600000e-03 1.141960e-01
94 8.769040e-01 7.524000e-03 1.155720e-01
95 8.755000e-01 7.660000e-03 1.168400e-01
96 8.741320e-01 7.668000e-03 1.182000e-01
97 8.726680e-01 7.820000e-03 1.195120e-01
98 8.714680e-01 7.712000e-03 1.208200e-01
99 8.701840e-01 7.708000e-03 1.221080e-01
100 8.690800e-01 7.516000e-03 1.234040e-01
101 8.678880e-01 7.332000e-03 1.247800e-01
102 8.665440e-01 7.436000e-03 1.260200e-01
103 8.652840e-01 7.396000e-03 1.273200e-01
104 8.640680e-01 7.264000e-03 1.286680e-01
105 8.629080e-01 7.204000e-03 1.298880e-01
106 8.617280e-01 7.084000e-03 1.311880e-01
107 8.606080e-01 6.892000e-03 1.325000e-01
108 8.593440e-01 6.968000e-03 1.336880e-01
109 8.581480e-01 6.932000e-03 1.349200e-01
110 8.570160e-01 6.852000e-03 1.361320e-01
111 8.558440e-01 6.820000e-03 1.373360e-01
112 8.547160e-01 6.832000e-03 1.384520e-01
113 8.535720e-01 6.884000e-03 1.395440e-01
114 8.524720e-01 6.772000e-03 1.407560e-01
115 8.515200e-01 6.576000e-03 1.419040e-01
116 8.503480e-01 6.616000e-03 1.430360e-01
117 8.492440e-01 6.584000e-03 1.441720e-01
118 8.480520e-01 6.624000e-03 1.453240e-01
119 8.469480e-01 6.688000e-03 1.463640e-01
120 8.458520e-01 6.584000e-03 1.475640e-01
121 8.446840e-01 6.572000e-03 1.487440e-01
122 8.435760e-01 6.664000e-03 1.497600e-01
123 8.425120e-01 6.516000e-03 1.509720e-01
124 8.413680e-01 6.544000e-03 1.520880e-01
125 8.401760e-01 6.704000e-03 1.531200e-01
126 8.390080e-01 6.828000e-03 1.541640e-01
127 8.379200e-01 6.844000e-03 1.552360e-01
128 8.367920e-01 6.724000e-03 1.564840e-01
129 8.357360e-01 6.484000e-03 1.577800e-01
130 8.346600e-01 6.432000e-03 1.589080e-01
131 8.335720e-01 6.376000e-03 1.600520e-01
132 8.323120e-01 6.552000e-03 1.611360e-01
133 8.312400e-01 6.492000e-03 1.622680e-01
134 8.301080e-01 6.452000e-03 1.634400e-01
135 8.291080e-01 6.292000e-03 1.646000e-01
136 8.282040e-01 6.064000e-03 1.657320e-01
137 8.270640e-01 6.112000e-03 1.668240e-01
138 8.261800e-01 5.992000e-03 1.678280e-01
139 8.251840e-01 5.916000e-03 1.689000e-01
140 8.242360e-01 5.788000e-03 1.699760e-01
141 8.231880e-01 5.784000e-03 1.710280e-01
142 8.221600e-01 5.712000e-03 1.721280e-01
143 8.211520e-01 5.692000e-03 1.731560e-01
144 8.202280e-01 5.548000e-03 1.742240e-01
145 8.192360e-01 5.596000e-03 1.751680e-01
146 8.182440e-01 5.676000e-03 1.760800e-01
147 8.173120e-01 5.676000e-03 1.770120e-01
148 8.163800e-01 5.596000e-03 1.780240e-01
149 8.154680e-01 5.504000e-03 1.790280e-01
150 8.145520e-01 5.452000e-03 1.799960e-01
151 8.137080e-01 5.352000e-03 1.809400e-01
152 8.127960e-01 5.364000e-03 1.818400e-01
153 8.120120e-01 5.272000e-03 1.827160e-01
154 8.111560e-01 5.224000e-03 1.836200e-01
155 8.102800e-01 5.196000e-03 1.845240e-01
156 8.095480e-01 5.096000e-03 1.853560e-01
157 8.086200e-01 5.200000e-03 1.861800e-01
158 8.077560e-01 5.180000e-03 1.870640e-01
159 8.069200e-01 5.096000e-03 1.879840e-01
160 8.060640e-01 5.024000e-03 1.889120e-01
161 8.051040e-01 5.048000e-03 1.898480e-01
162 8.042160e-01 5.016000e-03 1.907680e-01
163 8.034880e-01 4.820000e-03 1.916920e-01
164 8.026920e-01 4.716000e-03 1.925920e-01
165 8.018440e-01 4.780000e-03 1.933760e-01
166 8.010080e-01 4.812000e-03 1.941800e-01
167 8.002120e-01 4.756000e-03 1.950320e-01
168 7.992720e-01 4.792000e-03 1.959360e-01
169 7.984120e-01 4.800000e-03 1.967880e-01
170 7.975480e-01 4.908000e-03 1.975440e-01
171 7.967360e-01 4.860000e-03 1.984040e-01
172 7.960040e-01 4.636000e-03 1.993600e-01
173 7.952960e-01 4.480000e-03 2.002240e-01
174 7.944800e-01 4.408000e-03 2.011120e-01
175 7.937480e-01 4.416000e-03 2.018360e-01
176 7.930160e-01 4.312000e-03 2.026720e-01
177 7.924040e-01 4.152000e-03 2.034440e-01
178 7.917840e-01 3.996000e-03 2.042200e-01
179 7.911640e-01 3.864000e-03 2.049720e-01
180 7.905680e-01 3.752000e-03 2.056800e-01
181 7.899760e-01 3.696000e-03 2.063280e-01
182 7.893920e-01 3.624000e-03 2.069840e-01
183 7.888200e-01 3.472000e-03 2.077080e-01
184 7.881880e-01 3.584000e-03 2.082280e-01
185 7.875480e-01 3.604000e-03 2.088480e-01
186 7.870120e-01 3.504000e-03 2.094840e-01
187 7.863440e-01 3.544000e-03 2.101120e-01
188 7.857720e-01 3.516000e-03 2.107120e-01
189 7.850280e-01 3.580000e-03 2.113920e-01
190 7.843720e-01 3.572000e-03 2.120560e-01
191 7.838280e-01 3.476000e-03 2.126960e-01
192 7.831160e-01 3.528000e-03 2.133560e-01
193 7.825280e-01 3.512000e-03 2.139600e-01
194 7.820120e-01 3.416000e-03 2.145720e-01
195 7.813520e-01 3.544000e-03 2.151040e-01
196 7.808240e-01 3.516000e-03 2.156600e-01
197 7.803200e-01 3.364000e-03 2.163160e-01
198 7.797960e-01 3.384000e-03 2.168200e-01
199 7.792760e-01 3.348000e-03 2.173760e-01
200 7.788080e-01 3.208000e-03 2.179840e-01
201 7.783240e-01 3.212000e-03 2.184640e-01
202 7.778720e-01 3.044000e-03 2.190840e-01
203 7.773640e-01 2.980000e-03 2.196560e-01
204 7.768840e-01 2.988000e-03 2.201280e-01
205 7.763520e-01 2.948000e-03 2.207000e-01
206 7.757960e-01 2.952000e-03 2.212520e-01
207 7.751640e-01 3.084000e-03 2.217520e-01
208 7.745840e-01 3.028000e-03 2.223880e-01
209 7.739760e-01 3.092000e-03 2.229320e-01
210 7.734720e-01 3.036000e-03 2.234920e-01
211 7.729200e-01 3.028000e-03 2.240520e-01
212 7.723920e-01 3.076000e-03 2.245320e-01
213 7.718040e-01 3.168000e-03 2.250280e-01
214 7.713200e-01 3.144000e-03 2.255360e-01
215 7.707280e-01 3.200000e-03 2.260720e-01
216 7.700920e-01 3.348000e-03 2.265600e-01
217 7.694680e-01 3.364000e-03 2.271680e-01
218 7.687920e-01 3.452000e-03 2.277560e-01
219 7.681760e-01 3.388000e-03 2.284360e-01
220 7.675320e-01 3.500000e-03 2.289680e-01
221 7.670200e-01 3.396000e-03 2.295840e-01
222 7.664400e-01 3.460000e-03 2.301000e-01
223 7.658960e-01 3.372000e-03 2.307320e-01
224 7.653120e-01 3.332000e-03 2.313560e-01
225 7.647680e-01 3.260000e-03 2.319720e-01
226 7.642320e-01 3.192000e-03 2.325760e-01
227 7.636680e-01 3.188000e-03 2.331440e-01
228 7.632320e-01 3.108000e-03 2.336600e-01
229 7.627400e-01 3.076000e-03 2.341840e-01
230 7.622240e-01 3.016000e-03 2.347600e-01
231 7.617560e-01 3.008000e-03 2.352360e-01
232 7.612440e-01 3.020000e-03 2.357360e-01
233 7.606920e-01 3.048000e-03 2.362600e-01
234 7.601360e-01 3.088000e-03 2.367760e-01
235 7.596600e-01 2.980000e-03 2.373600e-01
236 7.591400e-01 2.896000e-03 2.379640e-01
237 7.586400e-01 2.908000e-03 2.384520e-01
238 7.581560e-01 2.996000e-03 2.388480e-01
239 7.577520e-01 2.872000e-03 2.393760e-01
240 7.573400e-01 2.848000e-03 2.398120e-01
241 7.569000e-01 2.836000e-03 2.402640e-01
242 7.564680e-01 2.788000e-03 2.407440e-01
243 7.559280e-01 2.860000e-03 2.412120e-01
244 7.554920e-01 2.720000e-03 2.417880e-01
245 7.550760e-01 2.696000e-03 2.422280e-01
246 7.545880e-01 2.744000e-03 2.426680e-01
247 7.541280e-01 2.740000e-03 2.431320e-01
248 7.536000e-01 2.688000e-03 2.437120e-01
249 7.531480e-01 2.644000e-03 2.442080e-01
250 7.527680e-01 2.552000e-03 2.446800e-01
251 7.523720e-01 2.532000e-03 2.450960e-01
252 7.520440e-01 2.432000e-03 2.455240e-01
253 7.515960e-01 2.444000e-03 2.459600e-01
254 7.511920e-01 2.372000e-03 2.464360e-01
255 7.508520e-01 2.300000e-03 2.468480e-01
256 7.504040e-01 2.380000e-03 2.472160e-01
257 7.499440e-01 2.392000e-03 2.476640e-01
258 7.495840e-01 2.284000e-03 2.481320e-01
259 7.492160e-01 2.260000e-03 2.485240e-01
260 7.487960e-01 2.300000e-03 2.489040e-01
261 7.483960e-01 2.268000e-03 2.493360e-01
262 7.479120e-01 2.356000e-03 2.497320e-01
263 7.474440e-01 2.400000e-03 2.501560e-01
264 7.470240e-01 2.380000e-03 2.505960e-01
265 7.466080e-01 2.412000e-03 2.509800e-01
266 7.462200e-01 2.408000e-03 2.513720e-01
267 7.458320e-01 2.396000e-03 2.517720e-01
268 7.454000e-01 2.384000e-03 2.522160e-01
269 7.449200e-01 2.416000e-03 2.526640e-01
270 7.444920e-01 2.412000e-03 2.530960e-01
271 7.440800e-01 2.428000e-03 2.534920e-01
272 7.436520e-01 2.472000e-03 2.538760e-01
273 7.432840e-01 2.328000e-03 2.543880e-01
274 7.430000e-01 2.208000e-03 2.547920e-01
275 7.426560e-01 2.188000e-03 2.551560e-01
276 7.422880e-01 2.180000e-03 2.555320e-01
277 7.419440e-01 2.072000e-03 2.559840e-01
278 7.416640e-01 2.012000e-03 2.563240e-01
279 7.413640e-01 1.920000e-03 2.567160e-01
280 7.411160e-01 1.812000e-03 2.570720e-01
281 7.408440e-01 1.756000e-03 2.574000e-01
282 7.405800e-01 1.688000e-03 2.577320e-01
283 7.403680e-01 1.588000e-03 2.580440e-01
284 7.401280e-01 1.556000e-03 2.583160e-01
285 7.398840e-01 1.520000e-03 2.585960e-01
286 7.396480e-01 1.528000e-03 2.588240e-01
287 7.394200e-01 1.456000e-03 2.591240e-01
288 7.391880e-01 1.404000e-03 2.594080e-01
289 7.389120e-01 1.444000e-03 2.596440e-01
290 7.386240e-01 1.504000e-03 2.598720e-01
291 7.383400e-01 1.484000e-03 2.601760e-01
292 7.381200e-01 1.456000e-03 2.604240e-01
293 7.378400e-01 1.472000e-03 2.606880e-01
294 7.376040e-01 1.424000e-03 2.609720e-01
295 7.374120e-01 1.384000e-03 2.612040e-01
296 7.371360e-01 1.416000e-03 2.614480e-01
297 7.369040e-01 1.352000e-03 2.617440e-01
298 7.366760e-01 1.320000e-03 2.620040e-01
299 7.363840e-01 1.388000e-03 2.622280e-01
300 7.361160e-01 1.468000e-03 2.624160e-01
301 7.358640e-01 1.472000e-03 2.626640e-01
302 7.355440e-01 1.560000e-03 2.628960e-01
303 7.353040e-01 1.516000e-03 2.631800e-01
304 7.350280e-01 1.480000e-03 2.634920e-01
305 7.348240e-01 1.404000e-03 2.637720e-01
306 7.346160e-01 1.372000e-03 2.640120e-01
307 7.343560e-01 1.400000e-03 2.642440e-01
308 7.341840e-01 1.348000e-03 2.644680e-01
309 7.339480e-01 1.368000e-03 2.646840e-01
310 7.336840e-01 1.412000e-03 2.649040e-01
311 7.334760e-01 1.352000e-03 2.651720e-01
312 7.333000e-01 1.300000e-03 2.654000e-01
313 7.330920e-01 1.256000e-03 2.656520e-01
314 7.328880e-01 1.252000e-03 2.658600e-01
315 7.326560e-01 1.248000e-03 2.660960e-01
316 7.324680e-01 1.208000e-03 2.663240e-01
317 7.322480e-01 1.236000e-03 2.665160e-01
318 7.320360e-01 1.288000e-03 2.666760e-01
319 7.318400e-01 1.216000e-03 2.669440e-01
320 7.316160e-01 1.200000e-03 2.671840e-01
321 7.313960e-01 1.176000e-03 2.674280e-01
322 7.312040e-01 1.180000e-03 2.676160e-01
323 7.310040e-01 1.116000e-03 2.678800e-01
324 7.307760e-01 1.120000e-03 2.681040e-01
325 7.305960e-01 1.132000e-03 2.682720e-01
326 7.304120e-01 1.096000e-03 2.684920e-01
327 7.302480e-01 1.112000e-03 2.686400e-01
328 7.300400e-01 1.108000e-03 2.688520e-01
329 7.298600e-01 1.104000e-03 2.690360e-01
330 7.296960e-01 1.092000e-03 2.692120e-01
331 7.295520e-01 1.092000e-03 2.693560e-01
332 7.293600e-01 1.084000e-03 2.695560e-01
333 7.292120e-01 1.064000e-03 2.697240e-01
334 7.290520e-01 1.060000e-03 2.698880e-01
335 7.288880e-01 1.044000e-03 2.700680e-01
336 7.287280e-01 1.032000e-03 2.702400e-01
337 7.285360e-01 1.064000e-03 2.704000e-01
338 7.284040e-01 9.880000e-04 2.706080e-01
339 7.282640e-01 9.800000e-04 2.707560e-01
340 7.280640e-01 1.016000e-03 2.709200e-01
341 7.278400e-01 1.048000e-03 2.711120e-01
342 7.276680e-01 1.048000e-03 2.712840e-01
343 7.274640e-01 1.064000e-03 2.714720e-01
344 7.273120e-01 1.040000e-03 2.716480e-01
345 7.271320e-01 1.088000e-03 2.717800e-01
346 7.270000e-01 1.020000e-03 2.719800e-01
347 7.268120e-01 1.020000e-03 2.721680e-01
348 7.265920e-01 1.048000e-03 2.723600e-01
349 7.263720e-01 1.092000e-03 2.725360e-01
350 7.261120e-01 1.160000e-03 2.727280e-01
351 7.259120e-01 1.152000e-03 2.729360e-01
352 7.257880e-01 1.088000e-03 2.731240e-01
353 7.256640e-01 1.028000e-03 2.733080e-01
354 7.255400e-01 1.016000e-03 2.734440e-01
355 7.253280e-01 1.080000e-03 2.735920e-01
356 7.251720e-01 1.056000e-03 2.737720e-01
357 7.250080e-01 1.004000e-03 2.739880e-01
358 7.248520e-01 9.760000e-04 2.741720e-01
359 7.247120e-01 9.760000e-04 2.743120e-01
360 7.245560e-01 9.800000e-04 2.744640e-01
361 7.243480e-01 1.032000e-03 2.746200e-01
362 7.242200e-01 9.720000e-04 2.748080e-01
363 7.240280e-01 9.800000e-04 2.749920e-01
364 7.238720e-01 9.320000e-04 2.751960e-01
365 7.237120e-01 9.360000e-04 2.753520e-01
366 7.235880e-01 9.040000e-04 2.755080e-01
367 7.234240e-01 9.480000e-04 2.756280e-01
368 7.232840e-01 9.000000e-04 2.758160e-01
369 7.231480e-01 9.160000e-04 2.759360e-01
370 7.229920e-01 9.280000e-04 2.760800e-01
371 7.227680e-01 9.880000e-04 2.762440e-01
372 7.226440e-01 9.120000e-04 2.764440e-01
373 7.224040e-01 1.008000e-03 2.765880e-01
374 7.221920e-01 1.056000e-03 2.767520e-01
375 7.219520e-01 1.124000e-03 2.769240e-01
376 7.217480e-01 1.044000e-03 2.772080e-01
377 7.215400e-01 1.052000e-03 2.774080e-01
378 7.214120e-01 1.000000e-03 2.775880e-01
379 7.212320e-01 9.880000e-04 2.777800e-01
380 7.210640e-01 1.012000e-03 2.779240e-01
381 7.208760e-01 1.024000e-03 2.781000e-01
382 7.206880e-01 1.056000e-03 2.782560e-01
383 7.205600e-01 1.016000e-03 2.784240e-01
384 7.204520e-01 9.360000e-04 2.786120e-01
385 7.202760e-01 9.720000e-04 2.787520e-01
386 7.201440e-01 9.320000e-04 2.789240e-01
387 7.199760e-01 9.560000e-04 2.790680e-01
388 7.198440e-01 9.080000e-04 2.792480e-01
389 7.197240e-01 8.720000e-04 2.794040e-01
390 7.195720e-01 8.520000e-04 2.795760e-01
391 7.193840e-01 9.240000e-04 2.796920e-01
392 7.192080e-01 9.680000e-04 2.798240e-01
393 7.190520e-01 9.880000e-04 2.799600e-01
394 7.188920e-01 1.016000e-03 2.800920e-01
395 7.186880e-01 1.020000e-03 2.802920e-01
396 7.184560e-01 1.100000e-03 2.804440e-01
397 7.183280e-01 1.020000e-03 2.806520e-01
398 7.181400e-01 1.040000e-03 2.808200e-01
399 7.179680e-01 1.040000e-03 2.809920e-01
400 7.177800e-01 1.024000e-03 2.811960e-01
401 7.176200e-01 9.840000e-04 2.813960e-01
402 7.174480e-01 9.960000e-04 2.815560e-01
403 7.173040e-01 9.200000e-04 2.817760e-01
404 7.171480e-01 9.400000e-04 2.819120e-01
405 7.169600e-01 9.280000e-04 2.821120e-01
406 7.167800e-01 9.160000e-04 2.823040e-01
407 7.165840e-01 9.520000e-04 2.824640e-01
408 7.164560e-01 8.840000e-04 2.826600e-01
409 7.163000e-01 8.960000e-04 2.828040e-01
410 7.161360e-01 9.400000e-04 2.829240e-01
411 7.159200e-01 1.004000e-03 2.830760e-01
412 7.157480e-01 9.840000e-04 2.832680e-01
413 7.155760e-01 9.840000e-04 2.834400e-01
414 7.153840e-01 9.760000e-04 2.836400e-01
415 7.152400e-01 9.280000e-04 2.838320e-01
416 7.150840e-01 9.200000e-04 2.839960e-01
417 7.149160e-01 8.960000e-04 2.841880e-01
418 7.147800e-01 9.000000e-04 2.843200e-01
419 7.146280e-01 9.400000e-04 2.844320e-01
420 7.145160e-01 8.640000e-04 2.846200e-01
421 7.144160e-01 8.000000e-04 2.847840e-01
422 7.143280e-01 7.240000e-04 2.849480e-01
423 7.142080e-01 7.560000e-04 2.850360e-01
424 7.141200e-01 7.320000e-04 2.851480e-01
425 7.140000e-01 7.280000e-04 2.852720e-01
426 7.139120e-01 6.760000e-04 2.854120e-01
427 7.138360e-01 6.760000e-04 2.854880e-01
428 7.137440e-01 6.360000e-04 2.856200e-01
429 7.136080e-01 6.720000e-04 2.857200e-01
430 7.134840e-01 6.720000e-04 2.858440e-01
431 7.133920e-01 6.440000e-04 2.859640e-01
432 7.132840e-01 6.440000e-04 2.860720e-01
433 7.131680e-01 6.200000e-04 2.862120e-01
434 7.131000e-01 5.840000e-04 2.863160e-01
435 7.130360e-01 5.640000e-04 2.864000e-01
436 7.129920e-01 5.280000e-04 2.864800e-01
437 7.128880e-01 5.600000e-04 2.865520e-01
438 7.127840e-01 5.640000e-04 2.866520e-01
439 7.126920e-01 5.520000e-04 2.867560e-01
440 7.126000e-01 5.480000e-04 2.868520e-01
441 7.125160e-01 5.480000e-04 2.869360e-01
442 7.124360e-01 5.240000e-04 2.870400e-01
443 7.123520e-01 5.120000e-04 2.871360e-01
444 7.122680e-01 5.080000e-04 2.872240e-01
445 7.121520e-01 5.200000e-04 2.873280e-01
446 7.120680e-01 5.200000e-04 2.874120e-01
447 7.120120e-01 4.960000e-04 2.874920e-01
448 7.119200e-01 5.120000e-04 2.875680e-01
449 7.118240e-01 5.280000e-04 2.876480e-01
450 7.117280e-01 5.320000e-04 2.877400e-01
451 7.116680e-01 4.560000e-04 2.878760e-01
452 7.115560e-01 4.840000e-04 2.879600e-01
453 7.114560e-01 5.040000e-04 2.880400e-01
454 7.113440e-01 5.280000e-04 2.881280e-01
455 7.112520e-01 5.240000e-04 2.882240e-01
456 7.111520e-01 5.520000e-04 2.882960e-01
457 7.110760e-01 5.160000e-04 2.884080e-01
458 7.109960e-01 5.040000e-04 2.885000e-01
459 7.109120e-01 4.800000e-04 2.886080e-01
460 7.108160e-01 5.000000e-04 2.886840e-01
461 7.107320e-01 5.240000e-04 2.887440e-01
462 7.106480e-01 5.240000e-04 2.888280e-01
463 7.105920e-01 4.800000e-04 2.889280e-01
464 7.105360e-01 4.520000e-04 2.890120e-01
465 7.104840e-01 4.200000e-04 2.890960e-01
466 7.104040e-01 4.360000e-04 2.891600e-01
467 7.103400e-01 4.120000e-04 2.892480e-01
468 7.102520e-01 4.440000e-04 2.893040e-01
469 7.101760e-01 4.400000e-04 2.893840e-01
470 7.100840e-01 4.640000e-04 2.894520e-01
471 7.100000e-01 4.440000e-04 2.895560e-01
472 7.099320e-01 4.360000e-04 2.896320e-01
473 7.098720e-01 4.240000e-04 2.897040e-01
474 7.097880e-01 4.360000e-04 2.897760e-01
475 7.096760e-01 4.440000e-04 2.898800e-01
476 7.095840e-01 4.760000e-04 2.899400e-01
477 7.094800e-01 4.960000e-04 2.900240e-01
478 7.094320e-01 4.240000e-04 2.901440e-01
479 7.093720e-01 4.320000e-04 2.901960e-01
480 7.093120e-01 4.240000e-04 2.902640e-01
481 7.092440e-01 4.400000e-04 2.903160e-01
482 7.091520e-01 4.600000e-04 2.903880e-01
483 7.090840e-01 4.280000e-04 2.904880e-01
484 7.090200e-01 4.080000e-04 2.905720e-01
485 7.089840e-01 3.440000e-04 2.906720e-01
486 7.089560e-01 3.120000e-04 2.907320e-01
487 7.088960e-01 2.960000e-04 2.908080e-01
488 7.088360e-01 3.160000e-04 2.908480e-01
489 7.087480e-01 3.480000e-04 2.909040e-01
490 7.086520e-01 3.760000e-04 2.909720e-01
491 7.085400e-01 4.200000e-04 2.910400e-01
492 7.084440e-01 4.600000e-04 2.910960e-01
493 7.083680e-01 4.400000e-04 2.911920e-01
494 7.082920e-01 4.480000e-04 2.912600e-01
495 7.082320e-01 4.200000e-04 2.913480e-01
496 7.081880e-01 3.720000e-04 2.914400e-01
497 7.081600e-01 3.120000e-04 2.915280e-01
498 7.081120e-01 3.080000e-04 2.915800e-01
499 7.080400e-01 3.280000e-04 2.916320e-01
500 7.079640e-01 3.400000e-04 2.916960e-01
