1 9.992720e-01 6.280000e-04 1.000000e-04
2 9.987880e-01 1.004000e-03 2.080000e-04
3 9.981600e-01 1.440000e-03 4.000000e-04
4 9.974400e-01 1.900000e-03 6.600000e-04
5 9.966040e-01 2.380000e-03 1.016000e-03
6 9.957800e-01 2.752000e-03 1.468000e-03
7 9.949200e-01 3.092000e-03 1.988000e-03
8 9.939640e-01 3.388000e-03 2.648000e-03
9 9.929280e-01 3.748000e-03 3.324000e-03
10 9.918280e-01 4.124000e-03 4.048000e-03
11 9.906720e-01 4.584000e-03 4.744000e-03
12 9.893520e-01 5.160000e-03 5.488000e-03
13 9.878880e-01 5.644000e-03 6.468000e-03
14 9.864680e-01 6.156000e-03 7.376000e-03
15 9.849880e-01 6.436000e-03 8.576000e-03
16 9.834120e-01 6.784000e-03 9.804000e-03
17 9.819480e-01 7.048000e-03 1.100400e-02
18 9.804440e-01 7.260000e-03 1.229600e-02
19 9.789680e-01 7.428000e-03 1.360400e-02
20 9.772200e-01 7.856000e-03 1.492400e-02
21 9.754680e-01 8.260000e-03 1.627200e-02
22 9.738920e-01 8.464000e-03 1.764400e-02
23 9.721440e-01 8.800000e-03 1.905600e-02
24 9.706400e-01 8.660000e-03 2.070000e-02
25 9.691280e-01 8.648000e-03 2.222400e-02
26 9.675960e-01 8.652000e-03 2.375200e-02
27 9.659520e-01 8.744000e-03 2.530400e-02
28 9.645440e-01 8.736000e-03 2.672000e-02
29 9.627840e-01 8.916000e-03 2.830000e-02
30 9.609600e-01 9.220000e-03 2.982000e-02
31 9.591640e-01 9.408000e-03 3.142800e-02
32 9.575040e-01 9.472000e-03 3.302400e-02
33 9.557840e-01 9.424000e-03 3.479200e-02
34 9.539200e-01 9.584000e-03 3.649600e-02
35 9.522360e-01 9.480000e-03 3.828400e-02
36 9.504160e-01 9.672000e-03 3.991200e-02
37 9.486120e-01 9.648000e-03 4.174000e-02
38 9.468240e-01 9.824000e-03 4.335200e-02
39 9.449160e-01 9.988000e-03 4.509600e-02
40 9.428400e-01 1.036000e-02 4.680000e-02
41 9.407960e-01 1.068800e-02 4.851600e-02
42 9.388160e-01 1.074800e-02 5.043600e-02
43 9.369080e-01 1.084800e-02 5.224400e-02
44 9.348440e-01 1.092800e-02 5.422800e-02
45 9.328440e-01 1.096000e-02 5.619600e-02
46 9.308320e-01 1.110400e-02 5.806400e-02
47 9.288120e-01 1.125200e-02 5.993600e-02
48 9.269040e-01 1.123200e-02 6.186400e-02
49 9.249840e-01 1.117600e-02 6.384000e-02
50 9.232400e-01 1.101600e-02 6.574400e-02
51 9.215440e-01 1.086000e-02 6.759600e-02
52 9.197280e-01 1.083200e-02 6.944000e-02
53 9.179240e-01 1.079600e-02 7.128000e-02
54 9.160000e-01 1.088400e-02 7.311600e-02
55 9.139680e-01 1.108800e-02 7.494400e-02
56 9.120840e-01 1.122800e-02 7.668800e-02
57 9.100960e-01 1.123600e-02 7.866800e-02
58 9.080920e-01 1.115600e-02 8.075200e-02
59 9.062960e-01 1.096800e-02 8.273600e-02
60 9.044400e-01 1.092800e-02 8.463200e-02
61 9.026160e-01 1.080400e-02 8.658000e-02
62 9.005960e-01 1.098000e-02 8.842400e-02
63 8.986760e-01 1.095600e-02 9.036800e-02
64 8.967800e-01 1.090400e-02 9.231600e-02
65 8.947920e-01 1.111200e-02 9.409600e-02
66 8.927760e-01 1.129600e-02 9.592800e-02
67 8.908040e-01 1.138000e-02 9.781600e-02
68 8.888840e-01 1.124000e-02 9.987600e-02
69 8.867120e-01 1.154400e-02 1.017440e-01
70 8.848680e-01 1.133600e-02 1.037960e-01
71 8.830080e-01 1.118800e-02 1.058040e-01
72 8.811480e-01 1.100000e-02 1.078520e-01
73 8.794080e-01 1.082000e-02 1.097720e-01
74 8.775520e-01 1.086400e-02 1.115840e-01
75 8.758160e-01 1.074800e-02 1.134360e-01
76 8.738680e-01 1.080400e-02 1.153280e-01
77 8.721400e-01 1.066400e-02 1.171960e-01
78 8.702600e-01 1.072800e-02 1.190120e-01
79 8.685520e-01 1.070400e-02 1.207440e-01
80 8.668080e-01 1.070800e-02 1.224840e-01
81 8.651200e-01 1.064000e-02 1.242400e-01
82 8.632760e-01 1.061200e-02 1.261120e-01
83 8.615160e-01 1.042000e-02 1.280640e-01
84 8.598560e-01 1.028800e-02 1.298560e-01
85 8.581320e-01 1.027200e-02 1.315960e-01
86 8.564280e-01 1.014000e-02 1.334320e-01
87 8.545920e-01 1.040400e-02 1.350040e-01
88 8.528280e-01 1.030000e-02 1.368720e-01
89 8.511440e-01 1.020400e-02 1.386520e-01
90 8.494520e-01 1.014400e-02 1.404040e-01
91 8.478280e-01 1.005600e-02 1.421160e-01
92 8.462200e-01 9.920000e-03 1.438600e-01
93 8.447200e-01 9.860000e-03 1.454200e-01
94 8.432040e-01 9.720000e-03 1.470760e-01
95 8.418080e-01 9.256000e-03 1.489360e-01
96 8.404000e-01 9.176000e-03 1.504240e-01
97 8.389320e-01 9.160000e-03 1.519080e-01
98 8.374240e-01 9.156000e-03 1.534200e-01
99 8.358160e-01 9.092000e-03 1.550920e-01
100 8.343480e-01 9.040000e-03 1.566120e-01
101 8.329000e-01 8.904000e-03 1.581960e-01
102 8.313400e-01 8.788000e-03 1.598720e-01
103 8.298840e-01 8.808000e-03 1.613080e-01
104 8.284400e-01 8.672000e-03 1.628880e-01
105 8.271400e-01 8.524000e-03 1.643360e-01
106 8.259200e-01 8.228000e-03 1.658520e-01
107 8.245680e-01 8.160000e-03 1.672720e-01
108 8.233480e-01 7.916000e-03 1.687360e-01
109 8.219200e-01 8.044000e-03 1.700360e-01
110 8.205720e-01 7.988000e-03 1.714400e-01
111 8.191840e-01 7.948000e-03 1.728680e-01
112 8.178200e-01 8.000000e-03 1.741800e-01
113 8.163480e-01 8.220000e-03 1.754320e-01
114 8.150560e-01 7.980000e-03 1.769640e-01
115 8.139000e-01 7.736000e-03 1.783640e-01
116 8.125800e-01 7.624000e-03 1.797960e-01
117 8.113280e-01 7.508000e-03 1.811640e-01
118 8.099920e-01 7.536000e-03 1.824720e-01
119 8.085760e-01 7.648000e-03 1.837760e-01
120 8.070440e-01 7.700000e-03 1.852560e-01
121 8.057080e-01 7.668000e-03 1.866240e-01
122 8.043200e-01 7.860000e-03 1.878200e-01
123 8.028080e-01 8.044000e-03 1.891480e-01
124 8.013360e-01 8.056000e-03 1.906080e-01
125 7.998640e-01 8.172000e-03 1.919640e-01
126 7.982240e-01 8.388000e-03 1.933880e-01
127 7.967480e-01 8.372000e-03 1.948800e-01
128 7.952160e-01 8.400000e-03 1.963840e-01
129 7.939160e-01 8.260000e-03 1.978240e-01
130 7.924200e-01 8.348000e-03 1.992320e-01
131 7.910640e-01 8.160000e-03 2.007760e-01
132 7.895880e-01 8.220000e-03 2.021920e-01
133 7.882560e-01 8.188000e-03 2.035560e-01
134 7.867960e-01 8.236000e-03 2.049680e-01
135 7.853200e-01 8.332000e-03 2.063480e-01
136 7.838120e-01 8.340000e-03 2.078480e-01
137 7.824040e-01 8.216000e-03 2.093800e-01
138 7.811000e-01 8.044000e-03 2.108560e-01
139 7.798000e-01 7.924000e-03 2.122760e-01
140 7.783720e-01 7.912000e-03 2.137160e-01
141 7.771600e-01 7.736000e-03 2.151040e-01
142 7.759440e-01 7.560000e-03 2.164960e-01
143 7.745960e-01 7.536000e-03 2.178680e-01
144 7.732080e-01 7.584000e-03 2.192080e-01
145 7.719480e-01 7.504000e-03 2.205480e-01
146 7.706400e-01 7.476000e-03 2.218840e-01
147 7.694280e-01 7.320000e-03 2.232520e-01
148 7.680960e-01 7.324000e-03 2.245800e-01
149 7.668960e-01 7.364000e-03 2.257400e-01
150 7.656560e-01 7.384000e-03 2.269600e-01
151 7.642200e-01 7.396000e-03 2.283840e-01
152 7.627720e-01 7.512000e-03 2.297160e-01
153 7.612080e-01 7.760000e-03 2.310320e-01
154 7.599400e-01 7.600000e-03 2.324600e-01
155 7.585880e-01 7.612000e-03 2.338000e-01
156 7.572040e-01 7.736000e-03 2.350600e-01
157 7.556880e-01 7.996000e-03 2.363160e-01
158 7.544120e-01 7.820000e-03 2.377680e-01
159 7.532240e-01 7.704000e-03 2.390720e-01
160 7.519520e-01 7.640000e-03 2.404080e-01
161 7.506480e-01 7.592000e-03 2.417600e-01
162 7.491240e-01 7.660000e-03 2.432160e-01
163 7.478640e-01 7.620000e-03 2.445160e-01
164 7.466440e-01 7.492000e-03 2.458640e-01
165 7.454000e-01 7.452000e-03 2.471480e-01
166 7.442480e-01 7.276000e-03 2.484760e-01
167 7.431040e-01 7.216000e-03 2.496800e-01
168 7.418800e-01 7.164000e-03 2.509560e-01
169 7.406120e-01 7.188000e-03 2.522000e-01
170 7.393800e-01 7.180000e-03 2.534400e-01
171 7.383160e-01 6.912000e-03 2.547720e-01
172 7.370320e-01 6.916000e-03 2.560520e-01
173 7.358040e-01 6.900000e-03 2.572960e-01
174 7.346680e-01 6.760000e-03 2.585720e-01
175 7.335680e-01 6.672000e-03 2.597600e-01
176 7.324760e-01 6.696000e-03 2.608280e-01
177 7.314720e-01 6.488000e-03 2.620400e-01
178 7.304520e-01 6.308000e-03 2.632400e-01
179 7.293640e-01 6.308000e-03 2.643280e-01
180 7.282880e-01 6.272000e-03 2.654400e-01
181 7.272080e-01 6.276000e-03 2.665160e-01
182 7.262160e-01 6.200000e-03 2.675840e-01
183 7.251240e-01 6.172000e-03 2.687040e-01
184 7.240880e-01 6.152000e-03 2.697600e-01
185 7.231640e-01 5.980000e-03 2.708560e-01
186 7.222520e-01 5.916000e-03 2.718320e-01
187 7.214080e-01 5.760000e-03 2.728320e-01
188 7.205560e-01 5.676000e-03 2.737680e-01
189 7.197080e-01 5.520000e-03 2.747720e-01
190 7.189840e-01 5.292000e-03 2.757240e-01
191 7.181760e-01 5.192000e-03 2.766320e-01
192 7.174280e-01 5.004000e-03 2.775680e-01
193 7.165880e-01 4.956000e-03 2.784560e-01
194 7.159080e-01 4.812000e-03 2.792800e-01
195 7.151240e-01 4.768000e-03 2.801080e-01
196 7.144240e-01 4.712000e-03 2.808640e-01
197 7.137960e-01 4.524000e-03 2.816800e-01
198 7.130480e-01 4.392000e-03 2.825600e-01
199 7.124280e-01 4.348000e-03 2.832240e-01
200 7.116640e-01 4.292000e-03 2.840440e-01
201 7.109720e-01 4.240000e-03 2.847880e-01
202 7.101880e-01 4.208000e-03 2.856040e-01
203 7.095160e-01 4.180000e-03 2.863040e-01
204 7.087960e-01 4.160000e-03 2.870440e-01
205 7.081280e-01 4.088000e-03 2.877840e-01
206 7.075160e-01 3.968000e-03 2.885160e-01
207 7.068680e-01 3.984000e-03 2.891480e-01
208 7.060320e-01 4.124000e-03 2.898440e-01
209 7.053760e-01 4.052000e-03 2.905720e-01
210 7.047160e-01 4.060000e-03 2.912240e-01
211 7.041040e-01 3.872000e-03 2.920240e-01
212 7.034280e-01 3.860000e-03 2.927120e-01
213 7.027600e-01 3.916000e-03 2.933240e-01
214 7.021800e-01 3.860000e-03 2.939600e-01
215 7.016720e-01 3.708000e-03 2.946200e-01
216 7.011240e-01 3.600000e-03 2.952760e-01
217 7.005560e-01 3.532000e-03 2.959120e-01
218 6.999160e-01 3.564000e-03 2.965200e-01
219 6.992720e-01 3.600000e-03 2.971280e-01
220 6.985440e-01 3.716000e-03 2.977400e-01
221 6.979600e-01 3.596000e-03 2.984440e-01
222 6.973080e-01 3.744000e-03 2.989480e-01
223 6.966400e-01 3.688000e-03 2.996720e-01
224 6.959760e-01 3.720000e-03 3.003040e-01
225 6.953240e-01 3.708000e-03 3.009680e-01
226 6.946640e-01 3.736000e-03 3.016000e-01
227 6.940400e-01 3.792000e-03 3.021680e-01
228 6.934760e-01 3.636000e-03 3.028880e-01
229 6.928520e-01 3.664000e-03 3.034840e-01
230 6.923120e-01 3.676000e-03 3.040120e-01
231 6.916880e-01 3.688000e-03 3.046240e-01
232 6.910760e-01 3.676000e-03 3.052480e-01
233 6.905200e-01 3.544000e-03 3.059360e-01
234 6.899800e-01 3.408000e-03 3.066120e-01
235 6.894960e-01 3.424000e-03 3.070800e-01
236 6.889680e-01 3.392000e-03 3.076400e-01
237 6.885200e-01 3.240000e-03 3.082400e-01
238 6.880080e-01 3.240000e-03 3.087520e-01
239 6.875400e-01 3.196000e-03 3.092640e-01
240 6.871240e-01 3.028000e-03 3.098480e-01
241 6.866400e-01 2.944000e-03 3.104160e-01
242 6.861520e-01 2.836000e-03 3.110120e-01
243 6.856880e-01 2.848000e-03 3.114640e-01
244 6.852640e-01 2.704000e-03 3.120320e-01
245 6.847800e-01 2.768000e-03 3.124520e-01
246 6.843040e-01 2.704000e-03 3.129920e-01
247 6.839120e-01 2.640000e-03 3.134480e-01
248 6.834120e-01 2.700000e-03 3.138880e-01
249 6.829720e-01 2.648000e-03 3.143800e-01
250 6.825480e-01 2.660000e-03 3.147920e-01
251 6.821080e-01 2.612000e-03 3.152800e-01
252 6.816680e-01 2.660000e-03 3.156720e-01
253 6.812280e-01 2.680000e-03 3.160920e-01
254 6.808360e-01 2.612000e-03 3.165520e-01
255 6.803440e-01 2.604000e-03 3.170520e-01
256 6.799160e-01 2.536000e-03 3.175480e-01
257 6.795280e-01 2.464000e-03 3.180080e-01
258 6.791320e-01 2.448000e-03 3.184200e-01
259 6.787520e-01 2.460000e-03 3.187880e-01
260 6.782160e-01 2.492000e-03 3.192920e-01
261 6.776920e-01 2.552000e-03 3.197560e-01
262 6.772200e-01 2.528000e-03 3.202520e-01
263 6.767120e-01 2.656000e-03 3.206320e-01
264 6.761960e-01 2.760000e-03 3.210440e-01
265 6.756840e-01 2.792000e-03 3.215240e-01
266 6.752720e-01 2.744000e-03 3.219840e-01
267 6.748360e-01 2.760000e-03 3.224040e-01
268 6.743560e-01 2.812000e-03 3.228320e-01
269 6.738920e-01 2.784000e-03 3.233240e-01
270 6.734200e-01 2.676000e-03 3.239040e-01
271 6.730200e-01 2.596000e-03 3.243840e-01
272 6.725680e-01 2.556000e-03 3.248760e-01
273 6.721000e-01 2.576000e-03 3.253240e-01
274 6.716760e-01 2.552000e-03 3.257720e-01
275 6.712600e-01 2.496000e-03 3.262440e-01
276 6.708040e-01 2.564000e-03 3.266320e-01
277 6.703320e-01 2.600000e-03 3.270680e-01
278 6.698760e-01 2.596000e-03 3.275280e-01
279 6.694400e-01 2.544000e-03 3.280160e-01
280 6.690000e-01 2.544000e-03 3.284560e-01
281 6.685720e-01 2.572000e-03 3.288560e-01
282 6.681560e-01 2.536000e-03 3.293080e-01
283 6.678800e-01 2.376000e-03 3.297440e-01
284 6.675600e-01 2.264000e-03 3.301760e-01
285 6.671640e-01 2.300000e-03 3.305360e-01
286 6.667960e-01 2.240000e-03 3.309640e-01
287 6.664320e-01 2.236000e-03 3.313320e-01
288 6.660880e-01 2.156000e-03 3.317560e-01
289 6.657240e-01 2.156000e-03 3.321200e-01
290 6.653240e-01 2.228000e-03 3.324480e-01
291 6.649960e-01 2.176000e-03 3.328280e-01
292 6.647080e-01 2.064000e-03 3.332280e-01
293 6.644120e-01 1.984000e-03 3.336040e-01
294 6.640760e-01 1.936000e-03 3.339880e-01
295 6.637440e-01 1.916000e-03 3.343400e-01
296 6.634120e-01 1.928000e-03 3.346600e-01
297 6.631120e-01 1.924000e-03 3.349640e-01
298 6.627640e-01 1.968000e-03 3.352680e-01
299 6.624560e-01 1.956000e-03 3.355880e-01
300 6.620960e-01 2.000000e-03 3.359040e-01
301 6.617120e-01 2.044000e-03 3.362440e-01
302 6.612600e-01 2.144000e-03 3.365960e-01
303 6.608600e-01 2.188000e-03 3.369520e-01
304 6.603560e-01 2.308000e-03 3.373360e-01
305 6.600160e-01 2.304000e-03 3.376800e-01
306 6.595480e-01 2.272000e-03 3.381800e-01
307 6.591680e-01 2.208000e-03 3.386240e-01
308 6.587840e-01 2.208000e-03 3.390080e-01
309 6.584200e-01 2.184000e-03 3.393960e-01
310 6.580840e-01 2.116000e-03 3.398000e-01
311 6.576720e-01 2.092000e-03 3.402360e-01
312 6.572440e-01 2.144000e-03 3.406120e-01
313 6.568960e-01 2.096000e-03 3.410080e-01
314 6.565240e-01 2.088000e-03 3.413880e-01
315 6.561960e-01 2.104000e-03 3.417000e-01
316 6.558640e-01 2.152000e-03 3.419840e-01
317 6.554440e-01 2.200000e-03 3.423560e-01
318 6.550400e-01 2.192000e-03 3.427680e-01
319 6.545920e-01 2.260000e-03 3.431480e-01
320 6.542680e-01 2.220000e-03 3.435120e-01
321 6.539520e-01 2.144000e-03 3.439040e-01
322 6.536480e-01 2.084000e-03 3.442680e-01
323 6.533320e-01 2.060000e-03 3.446080e-01
324 6.530640e-01 1.948000e-03 3.449880e-01
325 6.527280e-01 1.940000e-03 3.453320e-01
326 6.524440e-01 1.848000e-03 3.457080e-01
327 6.521680e-01 1.816000e-03 3.460160e-01
328 6.518880e-01 1.780000e-03 3.463320e-01
329 6.516000e-01 1.764000e-03 3.466360e-01
330 6.512920e-01 1.740000e-03 3.469680e-01
331 6.509880e-01 1.712000e-03 3.473000e-01
332 6.507440e-01 1.704000e-03 3.475520e-01
333 6.504560e-01 1.684000e-03 3.478600e-01
334 6.501520e-01 1.696000e-03 3.481520e-01
335 6.499320e-01 1.604000e-03 3.484640e-01
336 6.496440e-01 1.648000e-03 3.487080e-01
337 6.494040e-01 1.560000e-03 3.490360e-01
338 6.491480e-01 1.564000e-03 3.492880e-01
339 6.489360e-01 1.484000e-03 3.495800e-01
340 6.486840e-01 1.480000e-03 3.498360e-01
341 6.484840e-01 1.384000e-03 3.501320e-01
342 6.482680e-01 1.392000e-03 3.503400e-01
343 6.479480e-01 1.468000e-03 3.505840e-01
344 6.476520e-01 1.516000e-03 3.508320e-01
345 6.473320e-01 1.604000e-03 3.510640e-01
346 6.470520e-01 1.556000e-03 3.513920e-01
347 6.466760e-01 1.600000e-03 3.517240e-01
348 6.463640e-01 1.632000e-03 3.520040e-01
349 6.460960e-01 1.604000e-03 3.523000e-01
350 6.458440e-01 1.592000e-03 3.525640e-01
351 6.455720e-01 1.576000e-03 3.528520e-01
352 6.452880e-01 1.596000e-03 3.531160e-01
353 6.450840e-01 1.468000e-03 3.534480e-01
354 6.448240e-01 1.448000e-03 3.537280e-01
355 6.445280e-01 1.504000e-03 3.539680e-01
356 6.443200e-01 1.412000e-03 3.542680e-01
357 6.441000e-01 1.348000e-03 3.545520e-01
358 6.438680e-01 1.352000e-03 3.547800e-01
359 6.436360e-01 1.360000e-03 3.550040e-01
360 6.434400e-01 1.280000e-03 3.552800e-01
361 6.432160e-01 1.236000e-03 3.555480e-01
362 6.430280e-01 1.200000e-03 3.557720e-01
363 6.428080e-01 1.240000e-03 3.559520e-01
364 6.426040e-01 1.272000e-03 3.561240e-01
365 6.423560e-01 1.288000e-03 3.563560e-01
366 6.421440e-01 1.260000e-03 3.565960e-01
367 6.419520e-01 1.176000e-03 3.568720e-01
368 6.417440e-01 1.140000e-03 3.571160e-01
369 6.415960e-01 1.092000e-03 3.573120e-01
370 6.414840e-01 1.012000e-03 3.575040e-01
371 6.413120e-01 1.020000e-03 3.576680e-01
372 6.411480e-01 1.004000e-03 3.578480e-01
373 6.409400e-01 1.012000e-03 3.580480e-01
374 6.407360e-01 1.008000e-03 3.582560e-01
375 6.405560e-01 1.000000e-03 3.584440e-01
376 6.403720e-01 1.020000e-03 3.586080e-01
377 6.402080e-01 1.032000e-03 3.587600e-01
378 6.400560e-01 1.036000e-03 3.589080e-01
379 6.398640e-01 1.052000e-03 3.590840e-01
380 6.396920e-01 1.052000e-03 3.592560e-01
381 6.395720e-01 1.012000e-03 3.594160e-01
382 6.394520e-01 9.640000e-04 3.595840e-01
383 6.393600e-01 8.960000e-04 3.597440e-01
384 6.392120e-01 8.880000e-04 3.599000e-01
385 6.390920e-01 8.880000e-04 3.600200e-01
386 6.389440e-01 8.400000e-04 3.602160e-01
387 6.388200e-01 7.920000e-04 3.603880e-01
388 6.386960e-01 7.960000e-04 3.605080e-01
389 6.385920e-01 7.680000e-04 3.606400e-01
390 6.384560e-01 7.280000e-04 3.608160e-01
391 6.383720e-01 6.600000e-04 3.609680e-01
392 6.382400e-01 6.480000e-04 3.611120e-01
393 6.381360e-01 6.640000e-04 3.612000e-01
394 6.380160e-01 6.640000e-04 3.613200e-01
395 6.379280e-01 6.440000e-04 3.614280e-01
396 6.377680e-01 6.960000e-04 3.615360e-01
397 6.376880e-01 6.360000e-04 3.616760e-01
398 6.376080e-01 6.080000e-04 3.617840e-01
399 6.375200e-01 6.120000e-04 3.618680e-01
400 6.374240e-01 5.600000e-04 3.620160e-01
401 6.373280e-01 5.480000e-04 3.621240e-01
402 6.372200e-01 5.320000e-04 3.622480e-01
403 6.371120e-01 5.240000e-04 3.623640e-01
404 6.370520e-01 4.920000e-04 3.624560e-01
405 6.369800e-01 4.840000e-04 3.625360e-01
406 6.369360e-01 4.520000e-04 3.626120e-01
407 6.368320e-01 4.880000e-04 3.626800e-01
408 6.366800e-01 5.120000e-04 3.628080e-01
409 6.365880e-01 5.160000e-04 3.628960e-01
410 6.364280e-01 5.680000e-04 3.630040e-01
411 6.362960e-01 5.840000e-04 3.631200e-01
412 6.362000e-01 5.800000e-04 3.632200e-01
413 6.361000e-01 5.720000e-04 3.633280e-01
414 6.360280e-01 5.760000e-04 3.633960e-01
415 6.359520e-01 5.800000e-04 3.634680e-01
416 6.358320e-01 5.840000e-04 3.635840e-01
417 6.357480e-01 5.440000e-04 3.637080e-01
418 6.356720e-01 5.440000e-04 3.637840e-01
419 6.356000e-01 5.160000e-04 3.638840e-01
420 6.355200e-01 5.120000e-04 3.639680e-01
421 6.354560e-01 4.640000e-04 3.640800e-01
422 6.353920e-01 4.240000e-04 3.641840e-01
423 6.352960e-01 4.240000e-04 3.642800e-01
424 6.352400e-01 4.000000e-04 3.643600e-01
425 6.352000e-01 3.760000e-04 3.644240e-01
426 6.350920e-01 4.160000e-04 3.644920e-01
427 6.349720e-01 4.640000e-04 3.645640e-01
428 6.348600e-01 4.640000e-04 3.646760e-01
429 6.347680e-01 4.400000e-04 3.647920e-01
430 6.347080e-01 4.400000e-04 3.648520e-01
431 6.345960e-01 4.440000e-04 3.649600e-01
432 6.345000e-01 4.680000e-04 3.650320e-01
433 6.344200e-01 5.080000e-04 3.650720e-01
434 6.343520e-01 4.720000e-04 3.651760e-01
435 6.342240e-01 4.960000e-04 3.652800e-01
436 6.340880e-01 5.400000e-04 3.653720e-01
437 6.339480e-01 5.720000e-04 3.654800e-01
438 6.337920e-01 6.160000e-04 3.655920e-01
439 6.336760e-01 6.200000e-04 3.657040e-01
440 6.335600e-01 6.440000e-04 3.657960e-01
441 6.334680e-01 6.120000e-04 3.659200e-01
442 6.333680e-01 6.240000e-04 3.660080e-01
443 6.332800e-01 6.120000e-04 3.661080e-01
444 6.331760e-01 6.000000e-04 3.662240e-01
445 6.330760e-01 5.960000e-04 3.663280e-01
446 6.329960e-01 5.520000e-04 3.664520e-01
447 6.329040e-01 5.520000e-04 3.665440e-01
448 6.327960e-01 5.680000e-04 3.666360e-01
449 6.327040e-01 5.480000e-04 3.667480e-01
450 6.326280e-01 5.240000e-04 3.668480e-01
451 6.325400e-01 5.120000e-04 3.669480e-01
452 6.324560e-01 5.200000e-04 3.670240e-01
453 6.323920e-01 5.000000e-04 3.671080e-01
454 6.323240e-01 4.760000e-04 3.672000e-01
455 6.322920e-01 4.200000e-04 3.672880e-01
456 6.322280e-01 4.040000e-04 3.673680e-01
457 6.321840e-01 4.040000e-04 3.674120e-01
458 6.321720e-01 3.680000e-04 3.674600e-01
459 6.321120e-01 3.840000e-04 3.675040e-01
460 6.320440e-01 3.840000e-04 3.675720e-01
461 6.319760e-01 3.840000e-04 3.676400e-01
462 6.319480e-01 3.200000e-04 3.677320e-01
463 6.319120e-01 2.880000e-04 3.678000e-01
464 6.318200e-01 3.080000e-04 3.678720e-01
465 6.317760e-01 3.000000e-04 3.679240e-01
466 6.317320e-01 3.000000e-04 3.679680e-01
467 6.316680e-01 3.280000e-04 3.680040e-01
468 6.316040e-01 3.440000e-04 3.680520e-01
469 6.315520e-01 3.320000e-04 3.681160e-01
470 6.315000e-01 3.360000e-04 3.681640e-01
471 6.314400e-01 3.400000e-04 3.682200e-01
472 6.313800e-01 3.440000e-04 3.682760e-01
473 6.312880e-01 3.760000e-04 3.683360e-01
474 6.312000e-01 4.000000e-04 3.684000e-01
475 6.310920e-01 4.680000e-04 3.684400e-01
476 6.310040e-01 4.840000e-04 3.685120e-01
477 6.309000e-01 4.880000e-04 3.686120e-01
478 6.308040e-01 5.080000e-04 3.686880e-01
479 6.307280e-01 5.240000e-04 3.687480e-01
480 6.306280e-01 5.400000e-04 3.688320e-01
481 6.305320e-01 5.520000e-04 3.689160e-01
482 6.304160e-01 5.880000e-04 3.689960e-01
483 6.303400e-01 5.400000e-04 3.691200e-01
484 6.302840e-01 4.920000e-04 3.692240e-01
485 6.301600e-01 5.160000e-04 3.693240e-01
486 6.300240e-01 5.680000e-04 3.694080e-01
487 6.299560e-01 5.480000e-04 3.694960e-01
488 6.298760e-01 5.120000e-04 3.696120e-01
489 6.298080e-01 4.920000e-04 3.697000e-01
490 6.297280e-01 4.720000e-04 3.698000e-01
491 6.296160e-01 4.920000e-04 3.698920e-01
492 6.295280e-01 5.320000e-04 3.699400e-01
493 6.294200e-01 5.600000e-04 3.700200e-01
494 6.293400e-01 5.440000e-04 3.701160e-01
495 6.292280e-01 5.840000e-04 3.701880e-01
496 6.291440e-01 6.040000e-04 3.702520e-01
497 6.290840e-01 5.800000e-04 3.703360e-01
498 6.289920e-01 5.400000e-04 3.704680e-01
499 6.289040e-01 5.200000e-04 3.705760e-01
500 6.288200e-01 5.080000e-04 3.706720e-01
