1 9.992320e-01 7.000000e-04 6.800000e-05
2 9.986960e-01 1.104000e-03 2.000000e-04
3 9.979120e-01 1.608000e-03 4.800000e-04
4 9.971760e-01 1.936000e-03 8.880000e-04
5 9.964400e-01 2.220000e-03 1.340000e-03
6 9.956440e-01 2.576000e-03 1.780000e-03
7 9.946040e-01 3.128000e-03 2.268000e-03
8 9.936360e-01 3.512000e-03 2.852000e-03
9 9.925680e-01 3.920000e-03 3.512000e-03
10 9.914480e-01 4.344000e-03 4.208000e-03
11 9.904400e-01 4.552000e-03 5.008000e-03
12 9.893160e-01 4.816000e-03 5.868000e-03
13 9.881600e-01 5.084000e-03 6.756000e-03
14 9.871560e-01 5.232000e-03 7.612000e-03
15 9.861200e-01 5.324000e-03 8.556000e-03
16 9.850160e-01 5.388000e-03 9.596000e-03
17 9.839560e-01 5.436000e-03 1.060800e-02
18 9.828120e-01 5.672000e-03 1.151600e-02
19 9.816000e-01 5.816000e-03 1.258400e-02
20 9.803040e-01 6.132000e-03 1.356400e-02
21 9.790880e-01 6.288000e-03 1.462400e-02
22 9.777080e-01 6.624000e-03 1.566800e-02
23 9.763640e-01 6.780000e-03 1.685600e-02
24 9.749320e-01 6.952000e-03 1.811600e-02
25 9.735840e-01 7.096000e-03 1.932000e-02
26 9.722280e-01 7.228000e-03 2.054400e-02
27 9.708560e-01 7.216000e-03 2.192800e-02
28 9.695440e-01 7.364000e-03 2.309200e-02
29 9.682040e-01 7.476000e-03 2.432000e-02
30 9.669800e-01 7.384000e-03 2.563600e-02
31 9.655720e-01 7.548000e-03 2.688000e-02
32 9.642000e-01 7.552000e-03 2.824800e-02
33 9.629720e-01 7.528000e-03 2.950000e-02
34 9.615680e-01 7.604000e-03 3.082800e-02
35 9.602040e-01 7.672000e-03 3.212400e-02
36 9.587000e-01 7.912000e-03 3.338800e-02
37 9.572800e-01 7.936000e-03 3.478400e-02
38 9.557680e-01 8.052000e-03 3.618000e-02
39 9.543000e-01 8.032000e-03 3.766800e-02
40 9.527320e-01 8.256000e-03 3.901200e-02
41 9.513520e-01 8.244000e-03 4.040400e-02
42 9.498680e-01 8.284000e-03 4.184800e-02
43 9.484640e-01 8.280000e-03 4.325600e-02
44 9.470880e-01 8.296000e-03 4.461600e-02
45 9.457120e-01 8.216000e-03 4.607200e-02
46 9.444040e-01 8.212000e-03 4.738400e-02
47 9.430240e-01 8.220000e-03 4.875600e-02
48 9.416480e-01 8.316000e-03 5.003600e-02
49 9.402560e-01 8.320000e-03 5.142400e-02
50 9.387480e-01 8.344000e-03 5.290800e-02
51 9.372160e-01 8.316000e-03 5.446800e-02
52 9.357360e-01 8.316000e-03 5.594800e-02
53 9.341600e-01 8.360000e-03 5.748000e-02
54 9.326280e-01 8.416000e-03 5.895600e-02
55 9.311080e-01 8.432000e-03 6.046000e-02
56 9.296880e-01 8.480000e-03 6.183200e-02
57 9.282920e-01 8.496000e-03 6.321200e-02
58 9.269200e-01 8.240000e-03 6.484000e-02
59 9.254520e-01 8.324000e-03 6.622400e-02
60 9.239880e-01 8.304000e-03 6.770800e-02
61 9.224640e-01 8.436000e-03 6.910000e-02
62 9.210320e-01 8.464000e-03 7.050400e-02
63 9.195400e-01 8.552000e-03 7.190800e-02
64 9.180960e-01 8.396000e-03 7.350800e-02
65 9.166760e-01 8.352000e-03 7.497200e-02
66 9.150200e-01 8.552000e-03 7.642800e-02
67 9.136160e-01 8.488000e-03 7.789600e-02
68 9.121120e-01 8.472000e-03 7.941600e-02
69 9.106640e-01 8.432000e-03 8.090400e-02
70 9.090280e-01 8.552000e-03 8.242000e-02
71 9.074600e-01 8.576000e-03 8.396400e-02
72 9.059760e-01 8.540000e-03 8.548400e-02
73 9.044880e-01 8.652000e-03 8.686000e-02
74 9.027440e-01 9.024000e-03 8.823200e-02
75 9.011080e-01 9.188000e-03 8.970400e-02
76 8.995440e-01 9.096000e-03 9.136000e-02
77 8.979680e-01 9.088000e-03 9.294400e-02
78 8.963760e-01 9.140000e-03 9.448400e-02
79 8.948200e-01 9.176000e-03 9.600400e-02
80 8.933560e-01 9.132000e-03 9.751200e-02
81 8.917760e-01 9.132000e-03 9.909200e-02
82 8.903000e-01 9.012000e-03 1.006880e-01
83 8.885640e-01 9.164000e-03 1.022720e-01
84 8.869840e-01 9.096000e-03 1.039200e-01
85 8.853360e-01 9.132000e-03 1.055320e-01
86 8.836840e-01 9.204000e-03 1.071120e-01
87 8.821480e-01 9.060000e-03 1.087920e-01
88 8.804000e-01 9.184000e-03 1.104160e-01
89 8.788920e-01 9.108000e-03 1.120000e-01
90 8.773080e-01 9.128000e-03 1.135640e-01
91 8.756200e-01 9.232000e-03 1.151480e-01
92 8.738400e-01 9.320000e-03 1.168400e-01
93 8.721880e-01 9.248000e-03 1.185640e-01
94 8.704480e-01 9.412000e-03 1.201400e-01
95 8.688040e-01 9.412000e-03 1.217840e-01
96 8.671320e-01 9.532000e-03 1.233360e-01
97 8.655120e-01 9.472000e-03 1.250160e-01
98 8.639280e-01 9.460000e-03 1.266120e-01
99 8.624080e-01 9.180000e-03 1.284120e-01
100 8.609160e-01 8.956000e-03 1.301280e-01
101 8.594920e-01 8.828000e-03 1.316800e-01
102 8.579680e-01 8.840000e-03 1.331920e-01
103 8.564240e-01 8.756000e-03 1.348200e-01
104 8.548320e-01 8.788000e-03 1.363800e-01
105 8.532360e-01 9.048000e-03 1.377160e-01
106 8.518360e-01 8.892000e-03 1.392720e-01
107 8.502000e-01 9.032000e-03 1.407680e-01
108 8.486760e-01 8.980000e-03 1.423440e-01
109 8.471800e-01 8.972000e-03 1.438480e-01
110 8.457280e-01 8.968000e-03 1.453040e-01
111 8.441880e-01 8.892000e-03 1.469200e-01
112 8.428000e-01 8.816000e-03 1.483840e-01
113 8.414000e-01 8.588000e-03 1.500120e-01
114 8.399440e-01 8.556000e-03 1.515000e-01
115 8.386080e-01 8.352000e-03 1.530400e-01
116 8.373680e-01 8.156000e-03 1.544760e-01
117 8.360320e-01 8.192000e-03 1.557760e-01
118 8.346720e-01 8.024000e-03 1.573040e-01
119 8.332800e-01 8.060000e-03 1.586600e-01
120 8.320480e-01 7.756000e-03 1.601960e-01
121 8.307960e-01 7.772000e-03 1.614320e-01
122 8.296640e-01 7.560000e-03 1.627760e-01
123 8.283280e-01 7.628000e-03 1.640440e-01
124 8.271120e-01 7.504000e-03 1.653840e-01
125 8.259320e-01 7.356000e-03 1.667120e-01
126 8.245840e-01 7.400000e-03 1.680160e-01
127 8.233960e-01 7.392000e-03 1.692120e-01
128 8.220440e-01 7.464000e-03 1.704920e-01
129 8.207320e-01 7.536000e-03 1.717320e-01
130 8.194920e-01 7.388000e-03 1.731200e-01
131 8.181480e-01 7.412000e-03 1.744400e-01
132 8.169520e-01 7.380000e-03 1.756680e-01
133 8.158240e-01 7.276000e-03 1.769000e-01
134 8.146160e-01 7.180000e-03 1.782040e-01
135 8.134840e-01 6.940000e-03 1.795760e-01
136 8.123920e-01 6.788000e-03 1.808200e-01
137 8.113400e-01 6.636000e-03 1.820240e-01
138 8.101800e-01 6.692000e-03 1.831280e-01
139 8.090600e-01 6.580000e-03 1.843600e-01
140 8.078280e-01 6.672000e-03 1.855000e-01
141 8.066200e-01 6.752000e-03 1.866280e-01
142 8.053840e-01 6.736000e-03 1.878800e-01
143 8.042320e-01 6.632000e-03 1.891360e-01
144 8.029520e-01 6.652000e-03 1.903960e-01
145 8.018200e-01 6.524000e-03 1.916560e-01
146 8.007120e-01 6.544000e-03 1.927440e-01
147 7.995520e-01 6.528000e-03 1.939200e-01
148 7.982640e-01 6.716000e-03 1.950200e-01
149 7.970680e-01 6.660000e-03 1.962720e-01
150 7.959320e-01 6.612000e-03 1.974560e-01
151 7.949040e-01 6.568000e-03 1.985280e-01
152 7.936640e-01 6.616000e-03 1.997200e-01
153 7.925840e-01 6.472000e-03 2.009440e-01
154 7.915320e-01 6.468000e-03 2.020000e-01
155 7.903120e-01 6.564000e-03 2.031240e-01
156 7.891840e-01 6.540000e-03 2.042760e-01
157 7.881560e-01 6.476000e-03 2.053680e-01
158 7.871440e-01 6.288000e-03 2.065680e-01
159 7.860880e-01 6.256000e-03 2.076560e-01
160 7.850720e-01 6.116000e-03 2.088120e-01
161 7.840000e-01 6.120000e-03 2.098800e-01
162 7.829400e-01 6.104000e-03 2.109560e-01
163 7.819440e-01 6.052000e-03 2.120040e-01
164 7.808960e-01 5.968000e-03 2.131360e-01
165 7.797280e-01 6.152000e-03 2.141200e-01
166 7.786920e-01 6.104000e-03 2.152040e-01
167 7.777440e-01 5.916000e-03 2.163400e-01
168 7.768800e-01 5.716000e-03 2.174040e-01
169 7.760040e-01 5.572000e-03 2.184240e-01
170 7.751080e-01 5.616000e-03 2.192760e-01
171 7.742600e-01 5.492000e-03 2.202480e-01
172 7.733720e-01 5.476000e-03 2.211520e-01
173 7.723720e-01 5.512000e-03 2.221160e-01
174 7.714000e-01 5.476000e-03 2.231240e-01
175 7.704360e-01 5.488000e-03 2.240760e-01
176 7.695160e-01 5.444000e-03 2.250400e-01
177 7.686680e-01 5.412000e-03 2.259200e-01
178 7.676920e-01 5.308000e-03 2.270000e-01
179 7.668680e-01 5.152000e-03 2.279800e-01
180 7.659800e-01 5.148000e-03 2.288720e-01
181 7.650200e-01 5.264000e-03 2.297160e-01
182 7.642560e-01 5.124000e-03 2.306200e-01
183 7.633560e-01 5.116000e-03 2.315280e-01
184 7.624360e-01 5.140000e-03 2.324240e-01
185 7.615720e-01 5.180000e-03 2.332480e-01
186 7.607880e-01 5.108000e-03 2.341040e-01
187 7.599280e-01 5.032000e-03 2.350400e-01
188 7.590360e-01 5.060000e-03 2.359040e-01
189 7.582720e-01 5.092000e-03 2.366360e-01
190 7.572960e-01 5.172000e-03 2.375320e-01
191 7.563920e-01 5.168000e-03 2.384400e-01
192 7.554680e-01 5.204000e-03 2.393280e-01
193 7.545040e-01 5.252000e-03 2.402440e-01
194 7.535920e-01 5.260000e-03 2.411480e-01
195 7.525960e-01 5.376000e-03 2.420280e-01
196 7.516480e-01 5.300000e-03 2.430520e-01
197 7.507200e-01 5.264000e-03 2.440160e-01
198 7.498240e-01 5.352000e-03 2.448240e-01
199 7.488000e-01 5.408000e-03 2.457920e-01
200 7.478200e-01 5.428000e-03 2.467520e-01
201 7.469120e-01 5.392000e-03 2.476960e-01
202 7.460480e-01 5.372000e-03 2.485800e-01
203 7.452080e-01 5.288000e-03 2.495040e-01
204 7.444200e-01 5.120000e-03 2.504600e-01
205 7.436280e-01 5.140000e-03 2.512320e-01
206 7.428480e-01 5.032000e-03 2.521200e-01
207 7.419720e-01 5.044000e-03 2.529840e-01
208 7.410480e-01 5.020000e-03 2.539320e-01
209 7.402480e-01 5.016000e-03 2.547360e-01
210 7.393920e-01 4.960000e-03 2.556480e-01
211 7.386160e-01 4.908000e-03 2.564760e-01
212 7.378400e-01 4.836000e-03 2.573240e-01
213 7.370960e-01 4.740000e-03 2.581640e-01
214 7.362160e-01 4.712000e-03 2.590720e-01
215 7.353200e-01 4.716000e-03 2.599640e-01
216 7.343160e-01 4.868000e-03 2.608160e-01
217 7.334280e-01 4.916000e-03 2.616560e-01
218 7.325920e-01 4.980000e-03 2.624280e-01
219 7.318040e-01 4.928000e-03 2.632680e-01
220 7.308120e-01 5.040000e-03 2.641480e-01
221 7.299840e-01 4.972000e-03 2.650440e-01
222 7.291920e-01 4.904000e-03 2.659040e-01
223 7.283120e-01 4.884000e-03 2.668040e-01
224 7.274400e-01 4.880000e-03 2.676800e-01
225 7.266040e-01 4.784000e-03 2.686120e-01
226 7.258000e-01 4.760000e-03 2.694400e-01
227 7.250120e-01 4.708000e-03 2.702800e-01
228 7.242280e-01 4.708000e-03 2.710640e-01
229 7.234520e-01 4.644000e-03 2.719040e-01
230 7.226400e-01 4.684000e-03 2.726760e-01
231 7.217720e-01 4.632000e-03 2.735960e-01
232 7.209560e-01 4.568000e-03 2.744760e-01
233 7.202520e-01 4.488000e-03 2.752600e-01
234 7.195120e-01 4.436000e-03 2.760520e-01
235 7.188040e-01 4.448000e-03 2.767480e-01
236 7.180120e-01 4.432000e-03 2.775560e-01
237 7.173600e-01 4.220000e-03 2.784200e-01
238 7.166640e-01 4.132000e-03 2.792040e-01
239 7.160120e-01 4.108000e-03 2.798800e-01
240 7.153280e-01 4.116000e-03 2.805560e-01
241 7.146400e-01 4.148000e-03 2.812120e-01
242 7.138120e-01 4.260000e-03 2.819280e-01
243 7.130640e-01 4.324000e-03 2.826120e-01
244 7.123040e-01 4.388000e-03 2.833080e-01
245 7.113880e-01 4.500000e-03 2.841120e-01
246 7.105960e-01 4.464000e-03 2.849400e-01
247 7.098760e-01 4.408000e-03 2.857160e-01
248 7.092040e-01 4.192000e-03 2.866040e-01
249 7.085120e-01 4.204000e-03 2.872840e-01
250 7.077880e-01 4.172000e-03 2.880400e-01
251 7.070120e-01 4.268000e-03 2.887200e-01
252 7.062520e-01 4.324000e-03 2.894240e-01
253 7.054680e-01 4.400000e-03 2.901320e-01
254 7.047080e-01 4.400000e-03 2.908920e-01
255 7.039120e-01 4.464000e-03 2.916240e-01
256 7.031440e-01 4.412000e-03 2.924440e-01
257 7.023720e-01 4.404000e-03 2.932240e-01
258 7.016760e-01 4.336000e-03 2.939880e-01
259 7.009600e-01 4.236000e-03 2.948040e-01
260 7.001720e-01 4.276000e-03 2.955520e-01
261 6.994680e-01 4.172000e-03 2.963600e-01
262 6.988400e-01 4.180000e-03 2.969800e-01
263 6.981160e-01 4.124000e-03 2.977600e-01
264 6.975760e-01 3.944000e-03 2.984800e-01
265 6.969120e-01 3.920000e-03 2.991680e-01
266 6.961800e-01 3.964000e-03 2.998560e-01
267 6.955640e-01 3.788000e-03 3.006480e-01
268 6.949320e-01 3.780000e-03 3.012880e-01
269 6.942760e-01 3.772000e-03 3.019520e-01
270 6.935560e-01 3.836000e-03 3.026080e-01
271 6.928720e-01 3.788000e-03 3.033400e-01
272 6.922040e-01 3.780000e-03 3.040160e-01
273 6.915280e-01 3.720000e-03 3.047520e-01
274 6.908920e-01 3.752000e-03 3.053560e-01
275 6.901680e-01 3.824000e-03 3.060080e-01
276 6.895000e-01 3.808000e-03 3.066920e-01
277 6.888440e-01 3.800000e-03 3.073560e-01
278 6.881160e-01 3.820000e-03 3.080640e-01
279 6.875040e-01 3.748000e-03 3.087480e-01
280 6.868920e-01 3.668000e-03 3.094400e-01
281 6.863040e-01 3.596000e-03 3.101000e-01
282 6.857560e-01 3.512000e-03 3.107320e-01
283 6.851280e-01 3.536000e-03 3.113360e-01
284 6.845160e-01 3.544000e-03 3.119400e-01
285 6.839960e-01 3.468000e-03 3.125360e-01
286 6.834520e-01 3.436000e-03 3.131120e-01
287 6.828840e-01 3.408000e-03 3.137080e-01
288 6.822320e-01 3.440000e-03 3.143280e-01
289 6.816720e-01 3.364000e-03 3.149640e-01
290 6.811400e-01 3.368000e-03 3.154920e-01
291 6.805160e-01 3.364000e-03 3.161200e-01
292 6.799520e-01 3.312000e-03 3.167360e-01
293 6.792880e-01 3.448000e-03 3.172640e-01
294 6.787400e-01 3.432000e-03 3.178280e-01
295 6.782640e-01 3.268000e-03 3.184680e-01
296 6.777280e-01 3.256000e-03 3.190160e-01
297 6.772360e-01 3.160000e-03 3.196040e-01
298 6.767200e-01 3.160000e-03 3.201200e-01
299 6.761360e-01 3.240000e-03 3.206240e-01
300 6.755560e-01 3.212000e-03 3.212320e-01
301 6.749880e-01 3.164000e-03 3.218480e-01
302 6.744040e-01 3.188000e-03 3.224080e-01
303 6.737680e-01 3.264000e-03 3.229680e-01
304 6.731640e-01 3.268000e-03 3.235680e-01
305 6.725320e-01 3.328000e-03 3.241400e-01
306 6.720120e-01 3.272000e-03 3.247160e-01
307 6.715560e-01 3.228000e-03 3.252160e-01
308 6.709560e-01 3.316000e-03 3.257280e-01
309 6.704400e-01 3.332000e-03 3.262280e-01
310 6.699000e-01 3.240000e-03 3.268600e-01
311 6.693640e-01 3.244000e-03 3.273920e-01
312 6.687600e-01 3.296000e-03 3.279440e-01
313 6.681520e-01 3.352000e-03 3.284960e-01
314 6.676200e-01 3.248000e-03 3.291320e-01
315 6.671320e-01 3.236000e-03 3.296320e-01
316 6.667000e-01 3.040000e-03 3.302600e-01
317 6.662640e-01 2.928000e-03 3.308080e-01
318 6.657920e-01 2.848000e-03 3.313600e-01
319 6.653840e-01 2.704000e-03 3.319120e-01
320 6.650080e-01 2.648000e-03 3.323440e-01
321 6.646080e-01 2.604000e-03 3.327880e-01
322 6.642400e-01 2.500000e-03 3.332600e-01
323 6.638760e-01 2.488000e-03 3.336360e-01
324 6.633920e-01 2.532000e-03 3.340760e-01
325 6.629640e-01 2.528000e-03 3.345080e-01
326 6.625240e-01 2.484000e-03 3.349920e-01
327 6.620720e-01 2.588000e-03 3.353400e-01
328 6.616080e-01 2.652000e-03 3.357400e-01
329 6.611600e-01 2.656000e-03 3.361840e-01
330 6.607480e-01 2.608000e-03 3.366440e-01
331 6.602440e-01 2.684000e-03 3.370720e-01
332 6.598520e-01 2.616000e-03 3.375320e-01
333 6.594320e-01 2.572000e-03 3.379960e-01
334 6.589840e-01 2.544000e-03 3.384720e-01
335 6.584920e-01 2.604000e-03 3.389040e-01
336 6.581440e-01 2.516000e-03 3.393400e-01
337 6.576880e-01 2.560000e-03 3.397520e-01
338 6.573560e-01 2.448000e-03 3.401960e-01
339 6.569560e-01 2.408000e-03 3.406360e-01
340 6.565600e-01 2.428000e-03 3.410120e-01
341 6.562440e-01 2.292000e-03 3.414640e-01
342 6.558440e-01 2.272000e-03 3.418840e-01
343 6.554200e-01 2.304000e-03 3.422760e-01
344 6.551000e-01 2.188000e-03 3.427120e-01
345 6.546720e-01 2.244000e-03 3.430840e-01
346 6.543320e-01 2.236000e-03 3.434320e-01
347 6.539640e-01 2.188000e-03 3.438480e-01
348 6.535440e-01 2.180000e-03 3.442760e-01
349 6.532040e-01 2.144000e-03 3.446520e-01
350 6.528720e-01 2.116000e-03 3.450120e-01
351 6.525240e-01 2.064000e-03 3.454120e-01
352 6.521640e-01 2.040000e-03 3.457960e-01
353 6.518440e-01 1.984000e-03 3.461720e-01
354 6.516240e-01 1.832000e-03 3.465440e-01
355 6.513320e-01 1.772000e-03 3.468960e-01
356 6.510720e-01 1.684000e-03 3.472440e-01
357 6.508480e-01 1.580000e-03 3.475720e-01
358 6.505360e-01 1.640000e-03 3.478240e-01
359 6.502680e-01 1.576000e-03 3.481560e-01
360 6.500480e-01 1.536000e-03 3.484160e-01
361 6.497880e-01 1.488000e-03 3.487240e-01
362 6.495000e-01 1.492000e-03 3.490080e-01
363 6.492000e-01 1.528000e-03 3.492720e-01
364 6.488760e-01 1.628000e-03 3.494960e-01
365 6.486000e-01 1.600000e-03 3.498000e-01
366 6.482760e-01 1.684000e-03 3.500400e-01
367 6.480640e-01 1.616000e-03 3.503200e-01
368 6.477840e-01 1.516000e-03 3.507000e-01
369 6.475320e-01 1.536000e-03 3.509320e-01
370 6.472040e-01 1.560000e-03 3.512360e-01
371 6.469320e-01 1.528000e-03 3.515400e-01
372 6.466680e-01 1.520000e-03 3.518120e-01
373 6.464000e-01 1.504000e-03 3.520960e-01
374 6.461000e-01 1.564000e-03 3.523360e-01
375 6.457840e-01 1.596000e-03 3.526200e-01
376 6.454960e-01 1.584000e-03 3.529200e-01
377 6.452480e-01 1.556000e-03 3.531960e-01
378 6.449840e-01 1.628000e-03 3.533880e-01
379 6.447400e-01 1.628000e-03 3.536320e-01
380 6.444920e-01 1.568000e-03 3.539400e-01
381 6.441920e-01 1.556000e-03 3.542520e-01
382 6.440080e-01 1.500000e-03 3.544920e-01
383 6.437920e-01 1.460000e-03 3.547480e-01
384 6.435800e-01 1.476000e-03 3.549440e-01
385 6.433520e-01 1.444000e-03 3.552040e-01
386 6.431520e-01 1.424000e-03 3.554240e-01
387 6.429640e-01 1.340000e-03 3.556960e-01
388 6.427120e-01 1.372000e-03 3.559160e-01
389 6.424320e-01 1.424000e-03 3.561440e-01
390 6.421560e-01 1.476000e-03 3.563680e-01
391 6.419040e-01 1.376000e-03 3.567200e-01
392 6.416160e-01 1.452000e-03 3.569320e-01
393 6.413640e-01 1.480000e-03 3.571560e-01
394 6.411000e-01 1.492000e-03 3.574080e-01
395 6.408520e-01 1.428000e-03 3.577200e-01
396 6.406160e-01 1.436000e-03 3.579480e-01
397 6.403800e-01 1.424000e-03 3.581960e-01
398 6.401840e-01 1.388000e-03 3.584280e-01
399 6.399400e-01 1.400000e-03 3.586600e-01
400 6.397520e-01 1.332000e-03 3.589160e-01
401 6.395040e-01 1.368000e-03 3.591280e-01
402 6.392840e-01 1.328000e-03 3.593880e-01
403 6.390960e-01 1.288000e-03 3.596160e-01
404 6.387960e-01 1.388000e-03 3.598160e-01
405 6.385160e-01 1.392000e-03 3.600920e-01
406 6.382560e-01 1.428000e-03 3.603160e-01
407 6.379600e-01 1.448000e-03 3.605920e-01
408 6.376720e-01 1.460000e-03 3.608680e-01
409 6.374560e-01 1.420000e-03 3.611240e-01
410 6.372360e-01 1.368000e-03 3.613960e-01
411 6.370440e-01 1.324000e-03 3.616320e-01
412 6.368040e-01 1.288000e-03 3.619080e-01
413 6.365760e-01 1.336000e-03 3.620880e-01
414 6.363920e-01 1.320000e-03 3.622880e-01
415 6.362040e-01 1.320000e-03 3.624760e-01
416 6.360200e-01 1.272000e-03 3.627080e-01
417 6.358760e-01 1.252000e-03 3.628720e-01
418 6.356920e-01 1.248000e-03 3.630600e-01
419 6.355200e-01 1.224000e-03 3.632560e-01
420 6.352920e-01 1.180000e-03 3.635280e-01
421 6.351080e-01 1.136000e-03 3.637560e-01
422 6.348600e-01 1.188000e-03 3.639520e-01
423 6.346080e-01 1.212000e-03 3.641800e-01
424 6.344400e-01 1.192000e-03 3.643680e-01
425 6.342640e-01 1.136000e-03 3.646000e-01
426 6.341080e-01 1.120000e-03 3.647720e-01
427 6.339400e-01 1.108000e-03 3.649520e-01
428 6.337880e-01 1.076000e-03 3.651360e-01
429 6.335560e-01 1.132000e-03 3.653120e-01
430 6.333880e-01 1.128000e-03 3.654840e-01
431 6.332120e-01 1.092000e-03 3.656960e-01
432 6.330240e-01 1.088000e-03 3.658880e-01
433 6.328640e-01 1.084000e-03 3.660520e-01
434 6.326400e-01 1.060000e-03 3.663000e-01
435 6.324520e-01 1.060000e-03 3.664880e-01
436 6.322440e-01 1.076000e-03 3.666800e-01
437 6.320520e-01 1.080000e-03 3.668680e-01
438 6.318960e-01 1.076000e-03 3.670280e-01
439 6.317680e-01 1.028000e-03 3.672040e-01
440 6.315840e-01 1.060000e-03 3.673560e-01
441 6.313120e-01 1.180000e-03 3.675080e-01
442 6.311000e-01 1.224000e-03 3.676760e-01
443 6.308960e-01 1.252000e-03 3.678520e-01
444 6.305920e-01 1.340000e-03 3.680680e-01
445 6.303280e-01 1.352000e-03 3.683200e-01
446 6.301320e-01 1.344000e-03 3.685240e-01
447 6.299360e-01 1.312000e-03 3.687520e-01
448 6.297560e-01 1.224000e-03 3.690200e-01
449 6.295280e-01 1.268000e-03 3.692040e-01
450 6.293600e-01 1.200000e-03 3.694400e-01
451 6.292240e-01 1.144000e-03 3.696320e-01
452 6.290080e-01 1.204000e-03 3.697880e-01
453 6.287840e-01 1.172000e-03 3.700440e-01
454 6.286080e-01 1.152000e-03 3.702400e-01
455 6.284760e-01 1.072000e-03 3.704520e-01
456 6.283320e-01 1.024000e-03 3.706440e-01
457 6.282200e-01 9.800000e-04 3.708000e-01
458 6.280760e-01 9.840000e-04 3.709400e-01
459 6.280000e-01 9.240000e-04 3.710760e-01
460 6.278800e-01 9.200000e-04 3.712000e-01
461 6.277160e-01 9.160000e-04 3.713680e-01
462 6.275800e-01 8.560000e-04 3.715640e-01
463 6.274680e-01 8.080000e-04 3.717240e-01
464 6.273640e-01 7.960000e-04 3.718400e-01
465 6.272920e-01 7.480000e-04 3.719600e-01
466 6.271920e-01 6.840000e-04 3.721240e-01
467 6.270960e-01 6.800000e-04 3.722240e-01
468 6.269680e-01 6.720000e-04 3.723600e-01
469 6.268640e-01 6.960000e-04 3.724400e-01
470 6.267520e-01 6.880000e-04 3.725600e-01
471 6.266480e-01 6.560000e-04 3.726960e-01
472 6.265520e-01 6.480000e-04 3.728000e-01
473 6.264440e-01 6.400000e-04 3.729160e-01
474 6.262680e-01 6.760000e-04 3.730560e-01
475 6.261800e-01 6.360000e-04 3.731840e-01
476 6.260640e-01 6.200000e-04 3.733160e-01
477 6.260040e-01 5.560000e-04 3.734400e-01
478 6.259240e-01 5.320000e-04 3.735440e-01
479 6.258320e-01 5.400000e-04 3.736280e-01
480 6.257200e-01 6.040000e-04 3.736760e-01
481 6.255640e-01 6.480000e-04 3.737880e-01
482 6.254320e-01 6.600000e-04 3.739080e-01
483 6.253040e-01 6.680000e-04 3.740280e-01
484 6.251560e-01 7.000000e-04 3.741440e-01
485 6.249880e-01 7.120000e-04 3.743000e-01
486 6.248360e-01 7.360000e-04 3.744280e-01
487 6.247080e-01 7.440000e-04 3.745480e-01
488 6.245920e-01 7.120000e-04 3.746960e-01
489 6.244320e-01 8.000000e-04 3.747680e-01
490 6.243040e-01 7.920000e-04 3.749040e-01
491 6.241640e-01 7.960000e-04 3.750400e-01
492 6.239680e-01 8.720000e-04 3.751600e-01
493 6.237880e-01 8.240000e-04 3.753880e-01
494 6.236640e-01 8.000000e-04 3.755360e-01
495 6.235480e-01 7.960000e-04 3.756560e-01
496 6.234080e-01 8.000000e-04 3.757920e-01
497 6.232760e-01 8.080000e-04 3.759160e-01
498 6.231640e-01 7.920000e-04 3.760440e-01
499 6.229960e-01 8.160000e-04 3.761880e-01
500 6.228360e-01 8.200000e-04 3.763440e-01
