1 9.992240e-01 7.000000e-04 7.600000e-05
2 9.987480e-01 1.048000e-03 2.040000e-04
3 9.981160e-01 1.452000e-03 4.320000e-04
4 9.973840e-01 1.900000e-03 7.160000e-04
5 9.965080e-01 2.448000e-03 1.044000e-03
6 9.956640e-01 2.888000e-03 1.448000e-03
7 9.947280e-01 3.232000e-03 2.040000e-03
8 9.937800e-01 3.584000e-03 2.636000e-03
9 9.925480e-01 4.120000e-03 3.332000e-03
10 9.914080e-01 4.464000e-03 4.128000e-03
11 9.902680e-01 4.716000e-03 5.016000e-03
12 9.892000e-01 4.996000e-03 5.804000e-03
13 9.881400e-01 5.092000e-03 6.768000e-03
14 9.868960e-01 5.516000e-03 7.588000e-03
15 9.856600e-01 5.680000e-03 8.660000e-03
16 9.844240e-01 5.984000e-03 9.592000e-03
17 9.832120e-01 6.152000e-03 1.063600e-02
18 9.819480e-01 6.268000e-03 1.178400e-02
19 9.805360e-01 6.644000e-03 1.282000e-02
20 9.792280e-01 6.800000e-03 1.397200e-02
21 9.779760e-01 6.888000e-03 1.513600e-02
22 9.765960e-01 7.044000e-03 1.636000e-02
23 9.752240e-01 7.216000e-03 1.756000e-02
24 9.736880e-01 7.456000e-03 1.885600e-02
25 9.722400e-01 7.648000e-03 2.011200e-02
26 9.707640e-01 7.720000e-03 2.151600e-02
27 9.690320e-01 8.076000e-03 2.289200e-02
28 9.676000e-01 8.096000e-03 2.430400e-02
29 9.658400e-01 8.516000e-03 2.564400e-02
30 9.641600e-01 8.648000e-03 2.719200e-02
31 9.624240e-01 8.720000e-03 2.885600e-02
32 9.606480e-01 9.044000e-03 3.030800e-02
33 9.588000e-01 9.244000e-03 3.195600e-02
34 9.571000e-01 9.252000e-03 3.364800e-02
35 9.553520e-01 9.416000e-03 3.523200e-02
36 9.536280e-01 9.504000e-03 3.686800e-02
37 9.520200e-01 9.476000e-03 3.850400e-02
38 9.501600e-01 9.564000e-03 4.027600e-02
39 9.484480e-01 9.508000e-03 4.204400e-02
40 9.468360e-01 9.424000e-03 4.374000e-02
41 9.452000e-01 9.312000e-03 4.548800e-02
42 9.435720e-01 9.332000e-03 4.709600e-02
43 9.418720e-01 9.224000e-03 4.890400e-02
44 9.400080e-01 9.552000e-03 5.044000e-02
45 9.382000e-01 9.764000e-03 5.203600e-02
46 9.366240e-01 9.636000e-03 5.374000e-02
47 9.349640e-01 9.676000e-03 5.536000e-02
48 9.332080e-01 9.664000e-03 5.712800e-02
49 9.313800e-01 9.856000e-03 5.876400e-02
50 9.295080e-01 1.007600e-02 6.041600e-02
51 9.276040e-01 1.006800e-02 6.232800e-02
52 9.257120e-01 1.021600e-02 6.407200e-02
53 9.237640e-01 1.032800e-02 6.590800e-02
54 9.218880e-01 1.058400e-02 6.752800e-02
55 9.199840e-01 1.064800e-02 6.936800e-02
56 9.180760e-01 1.059600e-02 7.132800e-02
57 9.162560e-01 1.062000e-02 7.312400e-02
58 9.143760e-01 1.066800e-02 7.495600e-02
59 9.123680e-01 1.082800e-02 7.680400e-02
60 9.103960e-01 1.091600e-02 7.868800e-02
61 9.085600e-01 1.084800e-02 8.059200e-02
62 9.066520e-01 1.072400e-02 8.262400e-02
63 9.047040e-01 1.087600e-02 8.442000e-02
64 9.027000e-01 1.108000e-02 8.622000e-02
65 9.007240e-01 1.089200e-02 8.838400e-02
66 8.987600e-01 1.100000e-02 9.024000e-02
67 8.968600e-01 1.095600e-02 9.218400e-02
68 8.949120e-01 1.106800e-02 9.402000e-02
69 8.927880e-01 1.135600e-02 9.585600e-02
70 8.907680e-01 1.141600e-02 9.781600e-02
71 8.888800e-01 1.139600e-02 9.972400e-02
72 8.869040e-01 1.135200e-02 1.017440e-01
73 8.849840e-01 1.131200e-02 1.037040e-01
74 8.828400e-01 1.149200e-02 1.056680e-01
75 8.807920e-01 1.152000e-02 1.076880e-01
76 8.787120e-01 1.150400e-02 1.097840e-01
77 8.767400e-01 1.147200e-02 1.117880e-01
78 8.747960e-01 1.145600e-02 1.137480e-01
79 8.727320e-01 1.137200e-02 1.158960e-01
80 8.707640e-01 1.128800e-02 1.179480e-01
81 8.689360e-01 1.123200e-02 1.198320e-01
82 8.671160e-01 1.108400e-02 1.218000e-01
83 8.651280e-01 1.121600e-02 1.236560e-01
84 8.631680e-01 1.104400e-02 1.257880e-01
85 8.613000e-01 1.102800e-02 1.276720e-01
86 8.594040e-01 1.104400e-02 1.295520e-01
87 8.575120e-01 1.084000e-02 1.316480e-01
88 8.558120e-01 1.063200e-02 1.335560e-01
89 8.539960e-01 1.060400e-02 1.354000e-01
90 8.522480e-01 1.048400e-02 1.372680e-01
91 8.504720e-01 1.042800e-02 1.391000e-01
92 8.486560e-01 1.038800e-02 1.409560e-01
93 8.466760e-01 1.053200e-02 1.427920e-01
94 8.449400e-01 1.047600e-02 1.445840e-01
95 8.433840e-01 1.022000e-02 1.463960e-01
96 8.418080e-01 1.012000e-02 1.480720e-01
97 8.399920e-01 1.020800e-02 1.498000e-01
98 8.380920e-01 1.037200e-02 1.515360e-01
99 8.364320e-01 1.016800e-02 1.534000e-01
100 8.348680e-01 9.800000e-03 1.553320e-01
101 8.330760e-01 9.852000e-03 1.570720e-01
102 8.312400e-01 9.964000e-03 1.587960e-01
103 8.294920e-01 1.018000e-02 1.603280e-01
104 8.277920e-01 1.025200e-02 1.619560e-01
105 8.260040e-01 1.024400e-02 1.637520e-01
106 8.244160e-01 1.006400e-02 1.655200e-01
107 8.225640e-01 1.028400e-02 1.671520e-01
108 8.205560e-01 1.054800e-02 1.688960e-01
109 8.185880e-01 1.076400e-02 1.706480e-01
110 8.167320e-01 1.076400e-02 1.725040e-01
111 8.146200e-01 1.111200e-02 1.742680e-01
112 8.129240e-01 1.084000e-02 1.762360e-01
113 8.110960e-01 1.074400e-02 1.781600e-01
114 8.094120e-01 1.037200e-02 1.802160e-01
115 8.076760e-01 1.030800e-02 1.820160e-01
116 8.060840e-01 1.004800e-02 1.838680e-01
117 8.043640e-01 9.960000e-03 1.856760e-01
118 8.027280e-01 9.952000e-03 1.873200e-01
119 8.010440e-01 9.904000e-03 1.890520e-01
120 7.994400e-01 9.740000e-03 1.908200e-01
121 7.977840e-01 9.664000e-03 1.925520e-01
122 7.959160e-01 9.688000e-03 1.943960e-01
123 7.941840e-01 9.656000e-03 1.961600e-01
124 7.925600e-01 9.688000e-03 1.977520e-01
125 7.908120e-01 9.648000e-03 1.995400e-01
126 7.891480e-01 9.684000e-03 2.011680e-01
127 7.873840e-01 9.728000e-03 2.028880e-01
128 7.855880e-01 9.676000e-03 2.047360e-01
129 7.837400e-01 9.704000e-03 2.065560e-01
130 7.820480e-01 9.648000e-03 2.083040e-01
131 7.803880e-01 9.728000e-03 2.098840e-01
132 7.786080e-01 9.852000e-03 2.115400e-01
133 7.769160e-01 9.792000e-03 2.132920e-01
134 7.753840e-01 9.528000e-03 2.150880e-01
135 7.739720e-01 9.192000e-03 2.168360e-01
136 7.726560e-01 8.884000e-03 2.184600e-01
137 7.713520e-01 8.656000e-03 2.199920e-01
138 7.700280e-01 8.572000e-03 2.214000e-01
139 7.686240e-01 8.444000e-03 2.229320e-01
140 7.671680e-01 8.600000e-03 2.242320e-01
141 7.655880e-01 8.680000e-03 2.257320e-01
142 7.640920e-01 8.588000e-03 2.273200e-01
143 7.626240e-01 8.604000e-03 2.287720e-01
144 7.610600e-01 8.552000e-03 2.303880e-01
145 7.596960e-01 8.416000e-03 2.318880e-01
146 7.582720e-01 8.332000e-03 2.333960e-01
147 7.569680e-01 8.248000e-03 2.347840e-01
148 7.556720e-01 8.124000e-03 2.362040e-01
149 7.542200e-01 8.120000e-03 2.376600e-01
150 7.528440e-01 8.040000e-03 2.391160e-01
151 7.514160e-01 7.980000e-03 2.406040e-01
152 7.501320e-01 7.848000e-03 2.420200e-01
153 7.486320e-01 7.980000e-03 2.433880e-01
154 7.470920e-01 8.160000e-03 2.447480e-01
155 7.457040e-01 8.112000e-03 2.461840e-01
156 7.443600e-01 8.036000e-03 2.476040e-01
157 7.429200e-01 8.188000e-03 2.488920e-01
158 7.414920e-01 8.136000e-03 2.503720e-01
159 7.401320e-01 8.076000e-03 2.517920e-01
160 7.388520e-01 8.048000e-03 2.531000e-01
161 7.375560e-01 7.864000e-03 2.545800e-01
162 7.363680e-01 7.672000e-03 2.559600e-01
163 7.350240e-01 7.576000e-03 2.574000e-01
164 7.337440e-01 7.568000e-03 2.586880e-01
165 7.325240e-01 7.532000e-03 2.599440e-01
166 7.313440e-01 7.416000e-03 2.612400e-01
167 7.301240e-01 7.280000e-03 2.625960e-01
168 7.288640e-01 7.340000e-03 2.637960e-01
169 7.276720e-01 7.368000e-03 2.649600e-01
170 7.263440e-01 7.552000e-03 2.661040e-01
171 7.250120e-01 7.516000e-03 2.674720e-01
172 7.237360e-01 7.360000e-03 2.689040e-01
173 7.224840e-01 7.196000e-03 2.703200e-01
174 7.213320e-01 7.148000e-03 2.715200e-01
175 7.202120e-01 7.004000e-03 2.727840e-01
176 7.192080e-01 6.832000e-03 2.739600e-01
177 7.180840e-01 6.792000e-03 2.751240e-01
178 7.170400e-01 6.660000e-03 2.763000e-01
179 7.160040e-01 6.520000e-03 2.774760e-01
180 7.149640e-01 6.444000e-03 2.785920e-01
181 7.139000e-01 6.376000e-03 2.797240e-01
182 7.128160e-01 6.288000e-03 2.808960e-01
183 7.116840e-01 6.244000e-03 2.820720e-01
184 7.105640e-01 6.260000e-03 2.831760e-01
185 7.093360e-01 6.364000e-03 2.843000e-01
186 7.082160e-01 6.380000e-03 2.854040e-01
187 7.070320e-01 6.432000e-03 2.865360e-01
188 7.059000e-01 6.352000e-03 2.877480e-01
189 7.046920e-01 6.596000e-03 2.887120e-01
190 7.035200e-01 6.648000e-03 2.898320e-01
191 7.023720e-01 6.572000e-03 2.910560e-01
192 7.012280e-01 6.584000e-03 2.921880e-01
193 6.999560e-01 6.760000e-03 2.932840e-01
194 6.986760e-01 6.928000e-03 2.943960e-01
195 6.973800e-01 6.884000e-03 2.957360e-01
196 6.961520e-01 6.948000e-03 2.969000e-01
197 6.949760e-01 6.952000e-03 2.980720e-01
198 6.939080e-01 6.964000e-03 2.991280e-01
199 6.928400e-01 6.796000e-03 3.003640e-01
200 6.918640e-01 6.532000e-03 3.016040e-01
201 6.908640e-01 6.420000e-03 3.027160e-01
202 6.898200e-01 6.428000e-03 3.037520e-01
203 6.888080e-01 6.228000e-03 3.049640e-01
204 6.878560e-01 6.036000e-03 3.061080e-01
205 6.869240e-01 5.900000e-03 3.071760e-01
206 6.859160e-01 5.836000e-03 3.082480e-01
207 6.849160e-01 5.712000e-03 3.093720e-01
208 6.839400e-01 5.660000e-03 3.104000e-01
209 6.829120e-01 5.708000e-03 3.113800e-01
210 6.819800e-01 5.616000e-03 3.124040e-01
211 6.811400e-01 5.528000e-03 3.133320e-01
212 6.802200e-01 5.488000e-03 3.142920e-01
213 6.793120e-01 5.540000e-03 3.151480e-01
214 6.785880e-01 5.296000e-03 3.161160e-01
215 6.777800e-01 5.188000e-03 3.170320e-01
216 6.768840e-01 5.132000e-03 3.179840e-01
217 6.759480e-01 5.148000e-03 3.189040e-01
218 6.750640e-01 5.100000e-03 3.198360e-01
219 6.742800e-01 5.024000e-03 3.206960e-01
220 6.733920e-01 4.904000e-03 3.217040e-01
221 6.725160e-01 4.912000e-03 3.225720e-01
222 6.716480e-01 4.904000e-03 3.234480e-01
223 6.708600e-01 4.756000e-03 3.243840e-01
224 6.701160e-01 4.616000e-03 3.252680e-01
225 6.693920e-01 4.480000e-03 3.261280e-01
226 6.687360e-01 4.360000e-03 3.269040e-01
227 6.680000e-01 4.372000e-03 3.276280e-01
228 6.672760e-01 4.328000e-03 3.283960e-01
229 6.665400e-01 4.324000e-03 3.291360e-01
230 6.659160e-01 4.152000e-03 3.299320e-01
231 6.651920e-01 4.132000e-03 3.306760e-01
232 6.644960e-01 4.028000e-03 3.314760e-01
233 6.637480e-01 4.084000e-03 3.321680e-01
234 6.629680e-01 4.112000e-03 3.329200e-01
235 6.622480e-01 4.112000e-03 3.336400e-01
236 6.615120e-01 4.188000e-03 3.343000e-01
237 6.607160e-01 4.256000e-03 3.350280e-01
238 6.600680e-01 4.248000e-03 3.356840e-01
239 6.592880e-01 4.392000e-03 3.363200e-01
240 6.586240e-01 4.336000e-03 3.370400e-01
241 6.580280e-01 4.212000e-03 3.377600e-01
242 6.574240e-01 4.012000e-03 3.385640e-01
243 6.567840e-01 3.960000e-03 3.392560e-01
244 6.562760e-01 3.772000e-03 3.399520e-01
245 6.556320e-01 3.780000e-03 3.405880e-01
246 6.549200e-01 3.740000e-03 3.413400e-01
247 6.543480e-01 3.624000e-03 3.420280e-01
248 6.537880e-01 3.560000e-03 3.426520e-01
249 6.532840e-01 3.420000e-03 3.432960e-01
250 6.526840e-01 3.412000e-03 3.439040e-01
251 6.521360e-01 3.396000e-03 3.444680e-01
252 6.515360e-01 3.444000e-03 3.450200e-01
253 6.509280e-01 3.432000e-03 3.456400e-01
254 6.503480e-01 3.424000e-03 3.462280e-01
255 6.498000e-01 3.368000e-03 3.468320e-01
256 6.493320e-01 3.252000e-03 3.474160e-01
257 6.488160e-01 3.188000e-03 3.479960e-01
258 6.483280e-01 3.164000e-03 3.485080e-01
259 6.477520e-01 3.168000e-03 3.490800e-01
260 6.471880e-01 3.192000e-03 3.496200e-01
261 6.466720e-01 3.112000e-03 3.502160e-01
262 6.460920e-01 3.244000e-03 3.506640e-01
263 6.456160e-01 3.172000e-03 3.512120e-01
264 6.451760e-01 3.008000e-03 3.518160e-01
265 6.446080e-01 3.012000e-03 3.523800e-01
266 6.441240e-01 3.012000e-03 3.528640e-01
267 6.436360e-01 2.952000e-03 3.534120e-01
268 6.430240e-01 3.024000e-03 3.539520e-01
269 6.425160e-01 2.996000e-03 3.544880e-01
270 6.419320e-01 3.012000e-03 3.550560e-01
271 6.413040e-01 3.080000e-03 3.556160e-01
272 6.406560e-01 3.184000e-03 3.561600e-01
273 6.400080e-01 3.320000e-03 3.566720e-01
274 6.394120e-01 3.348000e-03 3.572400e-01
275 6.387520e-01 3.380000e-03 3.578680e-01
276 6.381600e-01 3.352000e-03 3.584880e-01
277 6.375080e-01 3.420000e-03 3.590720e-01
278 6.369320e-01 3.388000e-03 3.596800e-01
279 6.363880e-01 3.380000e-03 3.602320e-01
280 6.358240e-01 3.380000e-03 3.607960e-01
281 6.353240e-01 3.300000e-03 3.613760e-01
282 6.347680e-01 3.216000e-03 3.620160e-01
283 6.341520e-01 3.256000e-03 3.625920e-01
284 6.335880e-01 3.228000e-03 3.631840e-01
285 6.330440e-01 3.184000e-03 3.637720e-01
286 6.325520e-01 3.080000e-03 3.643680e-01
287 6.321640e-01 2.904000e-03 3.649320e-01
288 6.317640e-01 2.740000e-03 3.654960e-01
289 6.313400e-01 2.676000e-03 3.659840e-01
290 6.310240e-01 2.456000e-03 3.665200e-01
291 6.306680e-01 2.356000e-03 3.669760e-01
292 6.302720e-01 2.328000e-03 3.674000e-01
293 6.299200e-01 2.332000e-03 3.677480e-01
294 6.296240e-01 2.264000e-03 3.681120e-01
295 6.293880e-01 2.168000e-03 3.684440e-01
296 6.290280e-01 2.148000e-03 3.688240e-01
297 6.286600e-01 2.152000e-03 3.691880e-01
298 6.283400e-01 2.100000e-03 3.695600e-01
299 6.280560e-01 2.064000e-03 3.698800e-01
300 6.277040e-01 1.956000e-03 3.703400e-01
301 6.273520e-01 2.000000e-03 3.706480e-01
302 6.270720e-01 1.876000e-03 3.710520e-01
303 6.266720e-01 2.012000e-03 3.713160e-01
304 6.261600e-01 2.240000e-03 3.716000e-01
305 6.257280e-01 2.252000e-03 3.720200e-01
306 6.253600e-01 2.188000e-03 3.724520e-01
307 6.248720e-01 2.248000e-03 3.728800e-01
308 6.244680e-01 2.276000e-03 3.732560e-01
309 6.239400e-01 2.404000e-03 3.736560e-01
310 6.234960e-01 2.436000e-03 3.740680e-01
311 6.231240e-01 2.408000e-03 3.744680e-01
312 6.227280e-01 2.352000e-03 3.749200e-01
313 6.223520e-01 2.308000e-03 3.753400e-01
314 6.219640e-01 2.268000e-03 3.757680e-01
315 6.216600e-01 2.212000e-03 3.761280e-01
316 6.213200e-01 2.116000e-03 3.765640e-01
317 6.210000e-01 2.064000e-03 3.769360e-01
318 6.207320e-01 2.008000e-03 3.772600e-01
319 6.204680e-01 1.924000e-03 3.776080e-01
320 6.202480e-01 1.776000e-03 3.779760e-01
321 6.199960e-01 1.700000e-03 3.783040e-01
322 6.197840e-01 1.628000e-03 3.785880e-01
323 6.195520e-01 1.560000e-03 3.788880e-01
324 6.193200e-01 1.580000e-03 3.791000e-01
325 6.189680e-01 1.648000e-03 3.793840e-01
326 6.187320e-01 1.648000e-03 3.796200e-01
327 6.184360e-01 1.648000e-03 3.799160e-01
328 6.181920e-01 1.584000e-03 3.802240e-01
329 6.178920e-01 1.600000e-03 3.805080e-01
330 6.176560e-01 1.548000e-03 3.807960e-01
331 6.173720e-01 1.564000e-03 3.810640e-01
332 6.170640e-01 1.620000e-03 3.813160e-01
333 6.167840e-01 1.648000e-03 3.815680e-01
334 6.165600e-01 1.616000e-03 3.818240e-01
335 6.162800e-01 1.592000e-03 3.821280e-01
336 6.159520e-01 1.652000e-03 3.823960e-01
337 6.156360e-01 1.636000e-03 3.827280e-01
338 6.153400e-01 1.608000e-03 3.830520e-01
339 6.150320e-01 1.640000e-03 3.833280e-01
340 6.146960e-01 1.700000e-03 3.836040e-01
341 6.144160e-01 1.668000e-03 3.839160e-01
342 6.141400e-01 1.620000e-03 3.842400e-01
343 6.138560e-01 1.660000e-03 3.844840e-01
344 6.135600e-01 1.672000e-03 3.847680e-01
345 6.133120e-01 1.684000e-03 3.850040e-01
346 6.130720e-01 1.684000e-03 3.852440e-01
347 6.128320e-01 1.600000e-03 3.855680e-01
348 6.126200e-01 1.568000e-03 3.858120e-01
349 6.123400e-01 1.524000e-03 3.861360e-01
350 6.120360e-01 1.540000e-03 3.864240e-01
351 6.117320e-01 1.620000e-03 3.866480e-01
352 6.114480e-01 1.600000e-03 3.869520e-01
353 6.111320e-01 1.624000e-03 3.872440e-01
354 6.108800e-01 1.620000e-03 3.875000e-01
355 6.106440e-01 1.592000e-03 3.877640e-01
356 6.104000e-01 1.528000e-03 3.880720e-01
357 6.101120e-01 1.560000e-03 3.883280e-01
358 6.098080e-01 1.580000e-03 3.886120e-01
359 6.095480e-01 1.580000e-03 3.888720e-01
360 6.092440e-01 1.664000e-03 3.890920e-01
361 6.089600e-01 1.648000e-03 3.893920e-01
362 6.086640e-01 1.624000e-03 3.897120e-01
363 6.083880e-01 1.624000e-03 3.899880e-01
364 6.080320e-01 1.752000e-03 3.902160e-01
365 6.076640e-01 1.824000e-03 3.905120e-01
366 6.073960e-01 1.712000e-03 3.908920e-01
367 6.071640e-01 1.652000e-03 3.911840e-01
368 6.068960e-01 1.600000e-03 3.915040e-01
369 6.066160e-01 1.600000e-03 3.917840e-01
370 6.063680e-01 1.584000e-03 3.920480e-01
371 6.060880e-01 1.608000e-03 3.923040e-01
372 6.057880e-01 1.648000e-03 3.925640e-01
373 6.055440e-01 1.584000e-03 3.928720e-01
374 6.053000e-01 1.628000e-03 3.930720e-01
375 6.051160e-01 1.548000e-03 3.933360e-01
376 6.048920e-01 1.476000e-03 3.936320e-01
377 6.046400e-01 1.520000e-03 3.938400e-01
378 6.043960e-01 1.496000e-03 3.941080e-01
379 6.041040e-01 1.528000e-03 3.943680e-01
380 6.038280e-01 1.504000e-03 3.946680e-01
381 6.035640e-01 1.544000e-03 3.948920e-01
382 6.032240e-01 1.608000e-03 3.951680e-01
383 6.029320e-01 1.612000e-03 3.954560e-01
384 6.026920e-01 1.556000e-03 3.957520e-01
385 6.024280e-01 1.588000e-03 3.959840e-01
386 6.021240e-01 1.588000e-03 3.962880e-01
387 6.018720e-01 1.588000e-03 3.965400e-01
388 6.016440e-01 1.496000e-03 3.968600e-01
389 6.013360e-01 1.532000e-03 3.971320e-01
390 6.010440e-01 1.564000e-03 3.973920e-01
391 6.007520e-01 1.584000e-03 3.976640e-01
392 6.004520e-01 1.628000e-03 3.979200e-01
393 6.001800e-01 1.640000e-03 3.981800e-01
394 5.999160e-01 1.648000e-03 3.984360e-01
395 5.996400e-01 1.556000e-03 3.988040e-01
396 5.994560e-01 1.484000e-03 3.990600e-01
397 5.992360e-01 1.380000e-03 3.993840e-01
398 5.990840e-01 1.300000e-03 3.996160e-01
399 5.989400e-01 1.236000e-03 3.998240e-01
400 5.987400e-01 1.236000e-03 4.000240e-01
401 5.985440e-01 1.220000e-03 4.002360e-01
402 5.983120e-01 1.232000e-03 4.004560e-01
403 5.981720e-01 1.116000e-03 4.007120e-01
404 5.979880e-01 1.092000e-03 4.009200e-01
405 5.978040e-01 1.104000e-03 4.010920e-01
406 5.976000e-01 1.120000e-03 4.012800e-01
407 5.973920e-01 1.132000e-03 4.014760e-01
408 5.971600e-01 1.204000e-03 4.016360e-01
409 5.969840e-01 1.160000e-03 4.018560e-01
410 5.968160e-01 1.116000e-03 4.020680e-01
411 5.966240e-01 1.104000e-03 4.022720e-01
412 5.964640e-01 1.100000e-03 4.024360e-01
413 5.963160e-01 1.128000e-03 4.025560e-01
414 5.961640e-01 1.072000e-03 4.027640e-01
415 5.960080e-01 1.060000e-03 4.029320e-01
416 5.958760e-01 1.052000e-03 4.030720e-01
417 5.957040e-01 1.084000e-03 4.032120e-01
418 5.955520e-01 1.080000e-03 4.033680e-01
419 5.953760e-01 1.032000e-03 4.035920e-01
420 5.952000e-01 1.012000e-03 4.037880e-01
421 5.950040e-01 1.016000e-03 4.039800e-01
422 5.948160e-01 1.024000e-03 4.041600e-01
423 5.946200e-01 1.040000e-03 4.043400e-01
424 5.944880e-01 9.880000e-04 4.045240e-01
425 5.943360e-01 9.520000e-04 4.047120e-01
426 5.941800e-01 9.560000e-04 4.048640e-01
427 5.940040e-01 9.560000e-04 4.050400e-01
428 5.937840e-01 9.400000e-04 4.052760e-01
429 5.936480e-01 9.120000e-04 4.054400e-01
430 5.935040e-01 8.840000e-04 4.056120e-01
431 5.933520e-01 8.960000e-04 4.057520e-01
432 5.932320e-01 8.560000e-04 4.059120e-01
433 5.930880e-01 8.120000e-04 4.061000e-01
434 5.929920e-01 7.280000e-04 4.062800e-01
435 5.928560e-01 7.320000e-04 4.064120e-01
436 5.926880e-01 7.800000e-04 4.065320e-01
437 5.925840e-01 7.440000e-04 4.066720e-01
438 5.924240e-01 7.360000e-04 4.068400e-01
439 5.922840e-01 6.960000e-04 4.070200e-01
440 5.921080e-01 7.480000e-04 4.071440e-01
441 5.919760e-01 7.720000e-04 4.072520e-01
442 5.918400e-01 7.880000e-04 4.073720e-01
443 5.917160e-01 7.400000e-04 4.075440e-01
444 5.915880e-01 7.440000e-04 4.076680e-01
445 5.914440e-01 7.840000e-04 4.077720e-01
446 5.913240e-01 8.000000e-04 4.078760e-01
447 5.911400e-01 8.240000e-04 4.080360e-01
448 5.909880e-01 8.320000e-04 4.081800e-01
449 5.908160e-01 8.560000e-04 4.083280e-01
450 5.906760e-01 8.080000e-04 4.085160e-01
451 5.904840e-01 8.600000e-04 4.086560e-01
452 5.903280e-01 8.760000e-04 4.087960e-01
453 5.901000e-01 9.400000e-04 4.089600e-01
454 5.899240e-01 9.560000e-04 4.091200e-01
455 5.897400e-01 9.440000e-04 4.093160e-01
456 5.896160e-01 9.000000e-04 4.094840e-01
457 5.894840e-01 8.760000e-04 4.096400e-01
458 5.893040e-01 9.600000e-04 4.097360e-01
459 5.891320e-01 9.760000e-04 4.098920e-01
460 5.889440e-01 1.000000e-03 4.100560e-01
461 5.887760e-01 9.480000e-04 4.102760e-01
462 5.886440e-01 9.400000e-04 4.104160e-01
463 5.884880e-01 9.560000e-04 4.105560e-01
464 5.883160e-01 9.360000e-04 4.107480e-01
465 5.881720e-01 8.640000e-04 4.109640e-01
466 5.880440e-01 8.120000e-04 4.111440e-01
467 5.879040e-01 8.160000e-04 4.112800e-01
468 5.877880e-01 8.160000e-04 4.113960e-01
469 5.876440e-01 8.040000e-04 4.115520e-01
470 5.875200e-01 7.840000e-04 4.116960e-01
471 5.873560e-01 8.120000e-04 4.118320e-01
472 5.872360e-01 7.680000e-04 4.119960e-01
473 5.871440e-01 7.200000e-04 4.121360e-01
474 5.870320e-01 7.240000e-04 4.122440e-01
475 5.868640e-01 7.640000e-04 4.123720e-01
476 5.867320e-01 7.760000e-04 4.124920e-01
477 5.865600e-01 8.160000e-04 4.126240e-01
478 5.864440e-01 7.640000e-04 4.127920e-01
479 5.863000e-01 7.640000e-04 4.129360e-01
480 5.861640e-01 7.680000e-04 4.130680e-01
481 5.860000e-01 8.120000e-04 4.131880e-01
482 5.858920e-01 7.640000e-04 4.133440e-01
483 5.857080e-01 8.200000e-04 4.134720e-01
484 5.855880e-01 8.200000e-04 4.135920e-01
485 5.855160e-01 7.560000e-04 4.137280e-01
486 5.853840e-01 7.760000e-04 4.138400e-01
487 5.852200e-01 7.720000e-04 4.140080e-01
488 5.850920e-01 7.200000e-04 4.141880e-01
489 5.849880e-01 7.080000e-04 4.143040e-01
490 5.848160e-01 7.520000e-04 4.144320e-01
491 5.846760e-01 7.680000e-04 4.145560e-01
492 5.845680e-01 7.320000e-04 4.147000e-01
493 5.843880e-01 7.760000e-04 4.148360e-01
494 5.842640e-01 7.760000e-04 4.149600e-01
495 5.840800e-01 7.960000e-04 4.151240e-01
496 5.839080e-01 8.400000e-04 4.152520e-01
497 5.837080e-01 9.440000e-04 4.153480e-01
498 5.835920e-01 9.360000e-04 4.154720e-01
499 5.834680e-01 9.160000e-04 4.156160e-01
500 5.833240e-01 8.920000e-04 4.157840e-01
