1 9.992200e-01 7.120000e-04 6.800000e-05
2 9.986800e-01 1.092000e-03 2.280000e-04
3 9.980120e-01 1.492000e-03 4.960000e-04
4 9.973520e-01 1.888000e-03 7.600000e-04
5 9.964600e-01 2.448000e-03 1.092000e-03
6 9.955920e-01 2.900000e-03 1.508000e-03
7 9.947240e-01 3.212000e-03 2.064000e-03
8 9.936240e-01 3.684000e-03 2.692000e-03
9 9.927200e-01 3.864000e-03 3.416000e-03
10 9.917640e-01 4.168000e-03 4.068000e-03
11 9.907480e-01 4.372000e-03 4.880000e-03
12 9.897880e-01 4.508000e-03 5.704000e-03
13 9.887880e-01 4.672000e-03 6.540000e-03
14 9.878480e-01 4.724000e-03 7.428000e-03
15 9.868520e-01 4.876000e-03 8.272000e-03
16 9.858800e-01 4.916000e-03 9.204000e-03
17 9.848680e-01 5.012000e-03 1.012000e-02
18 9.839800e-01 4.992000e-03 1.102800e-02
19 9.829840e-01 5.104000e-03 1.191200e-02
20 9.819320e-01 5.272000e-03 1.279600e-02
21 9.808120e-01 5.432000e-03 1.375600e-02
22 9.798240e-01 5.380000e-03 1.479600e-02
23 9.786720e-01 5.560000e-03 1.576800e-02
24 9.775400e-01 5.812000e-03 1.664800e-02
25 9.763960e-01 5.896000e-03 1.770800e-02
26 9.753320e-01 5.836000e-03 1.883200e-02
27 9.742040e-01 5.824000e-03 1.997200e-02
28 9.729600e-01 6.080000e-03 2.096000e-02
29 9.716680e-01 6.324000e-03 2.200800e-02
30 9.703400e-01 6.552000e-03 2.310800e-02
31 9.690400e-01 6.684000e-03 2.427600e-02
32 9.677440e-01 6.812000e-03 2.544400e-02
33 9.665040e-01 6.836000e-03 2.666000e-02
34 9.650080e-01 7.052000e-03 2.794000e-02
35 9.637880e-01 7.036000e-03 2.917600e-02
36 9.624480e-01 7.168000e-03 3.038400e-02
37 9.611320e-01 7.216000e-03 3.165200e-02
38 9.597600e-01 7.404000e-03 3.283600e-02
39 9.584080e-01 7.380000e-03 3.421200e-02
40 9.571160e-01 7.336000e-03 3.554800e-02
41 9.558600e-01 7.212000e-03 3.692800e-02
42 9.545680e-01 7.240000e-03 3.819200e-02
43 9.533600e-01 7.184000e-03 3.945600e-02
44 9.520200e-01 7.348000e-03 4.063200e-02
45 9.506920e-01 7.320000e-03 4.198800e-02
46 9.496520e-01 7.052000e-03 4.329600e-02
47 9.483680e-01 7.036000e-03 4.459600e-02
48 9.470640e-01 7.180000e-03 4.575600e-02
49 9.459040e-01 7.168000e-03 4.692800e-02
50 9.445200e-01 7.312000e-03 4.816800e-02
51 9.431080e-01 7.504000e-03 4.938800e-02
52 9.416600e-01 7.548000e-03 5.079200e-02
53 9.403720e-01 7.436000e-03 5.219200e-02
54 9.391560e-01 7.428000e-03 5.341600e-02
55 9.379720e-01 7.420000e-03 5.460800e-02
56 9.365600e-01 7.452000e-03 5.598800e-02
57 9.353920e-01 7.348000e-03 5.726000e-02
58 9.341120e-01 7.448000e-03 5.844000e-02
59 9.329080e-01 7.220000e-03 5.987200e-02
60 9.315400e-01 7.348000e-03 6.111200e-02
61 9.301600e-01 7.564000e-03 6.227600e-02
62 9.288560e-01 7.588000e-03 6.355600e-02
63 9.275560e-01 7.604000e-03 6.484000e-02
64 9.261800e-01 7.704000e-03 6.611600e-02
65 9.248560e-01 7.644000e-03 6.750000e-02
66 9.235920e-01 7.572000e-03 6.883600e-02
67 9.224280e-01 7.320000e-03 7.025200e-02
68 9.212720e-01 7.216000e-03 7.151200e-02
69 9.201440e-01 7.112000e-03 7.274400e-02
70 9.189480e-01 7.084000e-03 7.396800e-02
71 9.176360e-01 7.196000e-03 7.516800e-02
72 9.163360e-01 7.156000e-03 7.650800e-02
73 9.149760e-01 7.276000e-03 7.774800e-02
74 9.137720e-01 7.124000e-03 7.910400e-02
75 9.123920e-01 7.264000e-03 8.034400e-02
76 9.111920e-01 7.204000e-03 8.160400e-02
77 9.099640e-01 7.068000e-03 8.296800e-02
78 9.087360e-01 6.972000e-03 8.429200e-02
79 9.074120e-01 7.064000e-03 8.552400e-02
80 9.061520e-01 7.120000e-03 8.672800e-02
81 9.047800e-01 7.420000e-03 8.780000e-02
82 9.033960e-01 7.500000e-03 8.910400e-02
83 9.021120e-01 7.588000e-03 9.030000e-02
84 9.007000e-01 7.748000e-03 9.155200e-02
85 8.993640e-01 7.596000e-03 9.304000e-02
86 8.980160e-01 7.704000e-03 9.428000e-02
87 8.967800e-01 7.492000e-03 9.572800e-02
88 8.955640e-01 7.436000e-03 9.700000e-02
89 8.942360e-01 7.420000e-03 9.834400e-02
90 8.928680e-01 7.584000e-03 9.954800e-02
91 8.916240e-01 7.468000e-03 1.009080e-01
92 8.904720e-01 7.292000e-03 1.022360e-01
93 8.891720e-01 7.276000e-03 1.035520e-01
94 8.879720e-01 7.124000e-03 1.049040e-01
95 8.868160e-01 6.904000e-03 1.062800e-01
96 8.857120e-01 6.968000e-03 1.073200e-01
97 8.845320e-01 6.772000e-03 1.086960e-01
98 8.833240e-01 6.824000e-03 1.098520e-01
99 8.821440e-01 6.860000e-03 1.109960e-01
100 8.808640e-01 6.848000e-03 1.122880e-01
101 8.797560e-01 6.768000e-03 1.134760e-01
102 8.784200e-01 6.912000e-03 1.146680e-01
103 8.771800e-01 6.948000e-03 1.158720e-01
104 8.759840e-01 6.968000e-03 1.170480e-01
105 8.746960e-01 6.992000e-03 1.183120e-01
106 8.734680e-01 7.056000e-03 1.194760e-01
107 8.723120e-01 6.964000e-03 1.207240e-01
108 8.710800e-01 6.972000e-03 1.219480e-01
109 8.698920e-01 6.904000e-03 1.232040e-01
110 8.686480e-01 7.032000e-03 1.243200e-01
111 8.674760e-01 7.052000e-03 1.254720e-01
112 8.663160e-01 6.960000e-03 1.267240e-01
113 8.651320e-01 7.064000e-03 1.278040e-01
114 8.640840e-01 6.900000e-03 1.290160e-01
115 8.629200e-01 6.960000e-03 1.301200e-01
116 8.618760e-01 6.748000e-03 1.313760e-01
117 8.607320e-01 6.732000e-03 1.325360e-01
118 8.596360e-01 6.592000e-03 1.337720e-01
119 8.586560e-01 6.436000e-03 1.349080e-01
120 8.576920e-01 6.236000e-03 1.360720e-01
121 8.565560e-01 6.256000e-03 1.371880e-01
122 8.556800e-01 6.120000e-03 1.382000e-01
123 8.547280e-01 5.920000e-03 1.393520e-01
124 8.537720e-01 5.868000e-03 1.403600e-01
125 8.527920e-01 5.732000e-03 1.414760e-01
126 8.517400e-01 5.776000e-03 1.424840e-01
127 8.507280e-01 5.740000e-03 1.435320e-01
128 8.496880e-01 5.772000e-03 1.445400e-01
129 8.485920e-01 5.752000e-03 1.456560e-01
130 8.475600e-01 5.740000e-03 1.467000e-01
131 8.465800e-01 5.868000e-03 1.475520e-01
132 8.455480e-01 5.804000e-03 1.486480e-01
133 8.446640e-01 5.688000e-03 1.496480e-01
134 8.436320e-01 5.748000e-03 1.506200e-01
135 8.425680e-01 5.920000e-03 1.515120e-01
136 8.416080e-01 5.952000e-03 1.524400e-01
137 8.405400e-01 6.068000e-03 1.533920e-01
138 8.393400e-01 6.272000e-03 1.543880e-01
139 8.382040e-01 6.328000e-03 1.554680e-01
140 8.370720e-01 6.500000e-03 1.564280e-01
141 8.360520e-01 6.328000e-03 1.576200e-01
142 8.349480e-01 6.344000e-03 1.587080e-01
143 8.337720e-01 6.416000e-03 1.598120e-01
144 8.328040e-01 6.224000e-03 1.609720e-01
145 8.319120e-01 6.016000e-03 1.620720e-01
146 8.308920e-01 6.052000e-03 1.630560e-01
147 8.300000e-01 5.892000e-03 1.641080e-01
148 8.290680e-01 5.844000e-03 1.650880e-01
149 8.281760e-01 5.752000e-03 1.660720e-01
150 8.271520e-01 5.796000e-03 1.670520e-01
151 8.262240e-01 5.740000e-03 1.680360e-01
152 8.252720e-01 5.656000e-03 1.690720e-01
153 8.243480e-01 5.620000e-03 1.700320e-01
154 8.233160e-01 5.784000e-03 1.709000e-01
155 8.221800e-01 5.896000e-03 1.719240e-01
156 8.211800e-01 5.824000e-03 1.729960e-01
157 8.201960e-01 5.732000e-03 1.740720e-01
158 8.191680e-01 5.692000e-03 1.751400e-01
159 8.182080e-01 5.672000e-03 1.761200e-01
160 8.172760e-01 5.664000e-03 1.770600e-01
161 8.162800e-01 5.744000e-03 1.779760e-01
162 8.152280e-01 5.736000e-03 1.790360e-01
163 8.143720e-01 5.472000e-03 1.801560e-01
164 8.134120e-01 5.516000e-03 1.810720e-01
165 8.123680e-01 5.636000e-03 1.819960e-01
166 8.113080e-01 5.652000e-03 1.830400e-01
167 8.102200e-01 5.772000e-03 1.840080e-01
168 8.092400e-01 5.684000e-03 1.850760e-01
169 8.082080e-01 5.728000e-03 1.860640e-01
170 8.071840e-01 5.716000e-03 1.871000e-01
171 8.062440e-01 5.624000e-03 1.881320e-01
172 8.051960e-01 5.560000e-03 1.892440e-01
173 8.041840e-01 5.672000e-03 1.901440e-01
174 8.031120e-01 5.860000e-03 1.910280e-01
175 8.022000e-01 5.728000e-03 1.920720e-01
176 8.012360e-01 5.724000e-03 1.930400e-01
177 8.003800e-01 5.640000e-03 1.939800e-01
178 7.993720e-01 5.700000e-03 1.949280e-01
179 7.984880e-01 5.552000e-03 1.959600e-01
180 7.974760e-01 5.400000e-03 1.971240e-01
181 7.964080e-01 5.480000e-03 1.981120e-01
182 7.954240e-01 5.464000e-03 1.991120e-01
183 7.945080e-01 5.500000e-03 1.999920e-01
184 7.935720e-01 5.480000e-03 2.009480e-01
185 7.927280e-01 5.428000e-03 2.018440e-01
186 7.917920e-01 5.396000e-03 2.028120e-01
187 7.909120e-01 5.356000e-03 2.037320e-01
188 7.900240e-01 5.324000e-03 2.046520e-01
189 7.890520e-01 5.392000e-03 2.055560e-01
190 7.881280e-01 5.400000e-03 2.064720e-01
191 7.872200e-01 5.396000e-03 2.073840e-01
192 7.864240e-01 5.192000e-03 2.083840e-01
193 7.855160e-01 5.064000e-03 2.094200e-01
194 7.846680e-01 5.068000e-03 2.102640e-01
195 7.838520e-01 4.912000e-03 2.112360e-01
196 7.831360e-01 4.780000e-03 2.120840e-01
197 7.823000e-01 4.812000e-03 2.128880e-01
198 7.815640e-01 4.660000e-03 2.137760e-01
199 7.807760e-01 4.676000e-03 2.145480e-01
200 7.799160e-01 4.720000e-03 2.153640e-01
201 7.791520e-01 4.656000e-03 2.161920e-01
202 7.783280e-01 4.732000e-03 2.169400e-01
203 7.775200e-01 4.608000e-03 2.178720e-01
204 7.766440e-01 4.692000e-03 2.186640e-01
205 7.757200e-01 4.784000e-03 2.194960e-01
206 7.748400e-01 4.820000e-03 2.203400e-01
207 7.740040e-01 4.756000e-03 2.212400e-01
208 7.731320e-01 4.664000e-03 2.222040e-01
209 7.722400e-01 4.712000e-03 2.230480e-01
210 7.713920e-01 4.752000e-03 2.238560e-01
211 7.703800e-01 4.936000e-03 2.246840e-01
212 7.694960e-01 4.832000e-03 2.256720e-01
213 7.686480e-01 4.896000e-03 2.264560e-01
214 7.678600e-01 4.892000e-03 2.272480e-01
215 7.670760e-01 4.800000e-03 2.281240e-01
216 7.662160e-01 4.776000e-03 2.290080e-01
217 7.654160e-01 4.776000e-03 2.298080e-01
218 7.645880e-01 4.736000e-03 2.306760e-01
219 7.638720e-01 4.636000e-03 2.314920e-01
220 7.632160e-01 4.520000e-03 2.322640e-01
221 7.625720e-01 4.332000e-03 2.330960e-01
222 7.617520e-01 4.388000e-03 2.338600e-01
223 7.610880e-01 4.272000e-03 2.346400e-01
224 7.605200e-01 4.164000e-03 2.353160e-01
225 7.598360e-01 4.180000e-03 2.359840e-01
226 7.592120e-01 4.072000e-03 2.367160e-01
227 7.586320e-01 4.016000e-03 2.373520e-01
228 7.580000e-01 3.920000e-03 2.380800e-01
229 7.574200e-01 3.828000e-03 2.387520e-01
230 7.568480e-01 3.780000e-03 2.393720e-01
231 7.561880e-01 3.812000e-03 2.400000e-01
232 7.555960e-01 3.724000e-03 2.406800e-01
233 7.550680e-01 3.580000e-03 2.413520e-01
234 7.545160e-01 3.476000e-03 2.420080e-01
235 7.540400e-01 3.364000e-03 2.425960e-01
236 7.534880e-01 3.300000e-03 2.432120e-01
237 7.529760e-01 3.240000e-03 2.437840e-01
238 7.524320e-01 3.140000e-03 2.444280e-01
239 7.519800e-01 2.972000e-03 2.450480e-01
240 7.514680e-01 2.944000e-03 2.455880e-01
241 7.510000e-01 2.944000e-03 2.460560e-01
242 7.505560e-01 2.868000e-03 2.465760e-01
243 7.499600e-01 2.984000e-03 2.470560e-01
244 7.494440e-01 2.984000e-03 2.475720e-01
245 7.489080e-01 2.996000e-03 2.480960e-01
246 7.484600e-01 2.980000e-03 2.485600e-01
247 7.479440e-01 3.052000e-03 2.490040e-01
248 7.474640e-01 3.084000e-03 2.494520e-01
249 7.469360e-01 3.112000e-03 2.499520e-01
250 7.464480e-01 3.024000e-03 2.505280e-01
251 7.459800e-01 2.952000e-03 2.510680e-01
252 7.455160e-01 2.852000e-03 2.516320e-01
253 7.449720e-01 2.908000e-03 2.521200e-01
254 7.445520e-01 2.752000e-03 2.526960e-01
255 7.440400e-01 2.796000e-03 2.531640e-01
256 7.435360e-01 2.764000e-03 2.537000e-01
257 7.430360e-01 2.796000e-03 2.541680e-01
258 7.425840e-01 2.688000e-03 2.547280e-01
259 7.420440e-01 2.740000e-03 2.552160e-01
260 7.416480e-01 2.636000e-03 2.557160e-01
261 7.411440e-01 2.744000e-03 2.561120e-01
262 7.406760e-01 2.740000e-03 2.565840e-01
263 7.401520e-01 2.788000e-03 2.570600e-01
264 7.396440e-01 2.772000e-03 2.575840e-01
265 7.392240e-01 2.748000e-03 2.580280e-01
266 7.387720e-01 2.708000e-03 2.585200e-01
267 7.383160e-01 2.692000e-03 2.589920e-01
268 7.378000e-01 2.716000e-03 2.594840e-01
269 7.373160e-01 2.640000e-03 2.600440e-01
270 7.368880e-01 2.588000e-03 2.605240e-01
271 7.364360e-01 2.620000e-03 2.609440e-01
272 7.360720e-01 2.508000e-03 2.614200e-01
273 7.356240e-01 2.568000e-03 2.618080e-01
274 7.351160e-01 2.612000e-03 2.622720e-01
275 7.346600e-01 2.580000e-03 2.627600e-01
276 7.342320e-01 2.612000e-03 2.631560e-01
277 7.337680e-01 2.648000e-03 2.635840e-01
278 7.333400e-01 2.552000e-03 2.641080e-01
279 7.328840e-01 2.560000e-03 2.645560e-01
280 7.324320e-01 2.532000e-03 2.650360e-01
281 7.320080e-01 2.484000e-03 2.655080e-01
282 7.316320e-01 2.328000e-03 2.660400e-01
283 7.312440e-01 2.256000e-03 2.665000e-01
284 7.308560e-01 2.308000e-03 2.668360e-01
285 7.304600e-01 2.272000e-03 2.672680e-01
286 7.300440e-01 2.276000e-03 2.676800e-01
287 7.295960e-01 2.292000e-03 2.681120e-01
288 7.291840e-01 2.240000e-03 2.685760e-01
289 7.288040e-01 2.216000e-03 2.689800e-01
290 7.284600e-01 2.180000e-03 2.693600e-01
291 7.280560e-01 2.216000e-03 2.697280e-01
292 7.275720e-01 2.328000e-03 2.701000e-01
293 7.271640e-01 2.300000e-03 2.705360e-01
294 7.267680e-01 2.292000e-03 2.709400e-01
295 7.264360e-01 2.208000e-03 2.713560e-01
296 7.260560e-01 2.144000e-03 2.718000e-01
297 7.257600e-01 2.068000e-03 2.721720e-01
298 7.254480e-01 2.056000e-03 2.724960e-01
299 7.250800e-01 2.088000e-03 2.728320e-01
300 7.247200e-01 2.128000e-03 2.731520e-01
301 7.243560e-01 2.112000e-03 2.735320e-01
302 7.240400e-01 2.044000e-03 2.739160e-01
303 7.237040e-01 2.020000e-03 2.742760e-01
304 7.233960e-01 1.992000e-03 2.746120e-01
305 7.230400e-01 1.972000e-03 2.749880e-01
306 7.227200e-01 1.948000e-03 2.753320e-01
307 7.224760e-01 1.864000e-03 2.756600e-01
308 7.221520e-01 1.804000e-03 2.760440e-01
309 7.219080e-01 1.756000e-03 2.763360e-01
310 7.217000e-01 1.608000e-03 2.766920e-01
311 7.214360e-01 1.624000e-03 2.769400e-01
312 7.212040e-01 1.604000e-03 2.771920e-01
313 7.209800e-01 1.524000e-03 2.774960e-01
314 7.207000e-01 1.528000e-03 2.777720e-01
315 7.204520e-01 1.520000e-03 2.780280e-01
316 7.201480e-01 1.556000e-03 2.782960e-01
317 7.198680e-01 1.544000e-03 2.785880e-01
318 7.195360e-01 1.568000e-03 2.788960e-01
319 7.192760e-01 1.508000e-03 2.792160e-01
320 7.190400e-01 1.484000e-03 2.794760e-01
321 7.188280e-01 1.428000e-03 2.797440e-01
322 7.186040e-01 1.404000e-03 2.799920e-01
323 7.183840e-01 1.384000e-03 2.802320e-01
324 7.181480e-01 1.400000e-03 2.804520e-01
325 7.179400e-01 1.360000e-03 2.807000e-01
326 7.177440e-01 1.304000e-03 2.809520e-01
327 7.175320e-01 1.324000e-03 2.811440e-01
328 7.172560e-01 1.356000e-03 2.813880e-01
329 7.170080e-01 1.376000e-03 2.816160e-01
330 7.167000e-01 1.480000e-03 2.818200e-01
331 7.163800e-01 1.528000e-03 2.820920e-01
332 7.161960e-01 1.464000e-03 2.823400e-01
333 7.159960e-01 1.412000e-03 2.825920e-01
334 7.157680e-01 1.416000e-03 2.828160e-01
335 7.154840e-01 1.456000e-03 2.830600e-01
336 7.152480e-01 1.436000e-03 2.833160e-01
337 7.150280e-01 1.460000e-03 2.835120e-01
338 7.146720e-01 1.540000e-03 2.837880e-01
339 7.144000e-01 1.504000e-03 2.840960e-01
340 7.141280e-01 1.436000e-03 2.844360e-01
341 7.138280e-01 1.428000e-03 2.847440e-01
342 7.136120e-01 1.336000e-03 2.850520e-01
343 7.133000e-01 1.400000e-03 2.853000e-01
344 7.131000e-01 1.368000e-03 2.855320e-01
345 7.128520e-01 1.392000e-03 2.857560e-01
346 7.125720e-01 1.436000e-03 2.859920e-01
347 7.122240e-01 1.508000e-03 2.862680e-01
348 7.119160e-01 1.600000e-03 2.864840e-01
349 7.116320e-01 1.608000e-03 2.867600e-01
350 7.113240e-01 1.628000e-03 2.870480e-01
351 7.110280e-01 1.584000e-03 2.873880e-01
352 7.107520e-01 1.564000e-03 2.876840e-01
353 7.104000e-01 1.640000e-03 2.879600e-01
354 7.101200e-01 1.620000e-03 2.882600e-01
355 7.098400e-01 1.592000e-03 2.885680e-01
356 7.095640e-01 1.644000e-03 2.887920e-01
357 7.092840e-01 1.640000e-03 2.890760e-01
358 7.089920e-01 1.668000e-03 2.893400e-01
359 7.086400e-01 1.704000e-03 2.896560e-01
360 7.083360e-01 1.696000e-03 2.899680e-01
361 7.080800e-01 1.704000e-03 2.902160e-01
362 7.078000e-01 1.672000e-03 2.905280e-01
363 7.075400e-01 1.656000e-03 2.908040e-01
364 7.072920e-01 1.684000e-03 2.910240e-01
365 7.069880e-01 1.640000e-03 2.913720e-01
366 7.067080e-01 1.636000e-03 2.916560e-01
367 7.064840e-01 1.600000e-03 2.919160e-01
368 7.062640e-01 1.508000e-03 2.922280e-01
369 7.060640e-01 1.432000e-03 2.925040e-01
370 7.058800e-01 1.360000e-03 2.927600e-01
371 7.056440e-01 1.352000e-03 2.930040e-01
372 7.054280e-01 1.308000e-03 2.932640e-01
373 7.052640e-01 1.276000e-03 2.934600e-01
374 7.050720e-01 1.244000e-03 2.936840e-01
375 7.049160e-01 1.168000e-03 2.939160e-01
376 7.047360e-01 1.168000e-03 2.940960e-01
377 7.044880e-01 1.240000e-03 2.942720e-01
378 7.042600e-01 1.200000e-03 2.945400e-01
379 7.040600e-01 1.152000e-03 2.947880e-01
380 7.038160e-01 1.140000e-03 2.950440e-01
381 7.035880e-01 1.180000e-03 2.952320e-01
382 7.033080e-01 1.240000e-03 2.954520e-01
383 7.030800e-01 1.232000e-03 2.956880e-01
384 7.028760e-01 1.204000e-03 2.959200e-01
385 7.026480e-01 1.228000e-03 2.961240e-01
386 7.024360e-01 1.204000e-03 2.963600e-01
387 7.021520e-01 1.208000e-03 2.966400e-01
388 7.019400e-01 1.248000e-03 2.968120e-01
389 7.017040e-01 1.268000e-03 2.970280e-01
390 7.015160e-01 1.224000e-03 2.972600e-01
391 7.012840e-01 1.184000e-03 2.975320e-01
392 7.010520e-01 1.208000e-03 2.977400e-01
393 7.008960e-01 1.132000e-03 2.979720e-01
394 7.007120e-01 1.108000e-03 2.981800e-01
395 7.004160e-01 1.220000e-03 2.983640e-01
396 7.001080e-01 1.300000e-03 2.985920e-01
397 6.998880e-01 1.324000e-03 2.987880e-01
398 6.996280e-01 1.388000e-03 2.989840e-01
399 6.993880e-01 1.404000e-03 2.992080e-01
400 6.990960e-01 1.424000e-03 2.994800e-01
401 6.988520e-01 1.404000e-03 2.997440e-01
402 6.985480e-01 1.468000e-03 2.999840e-01
403 6.982480e-01 1.536000e-03 3.002160e-01
404 6.980120e-01 1.524000e-03 3.004640e-01
405 6.977480e-01 1.552000e-03 3.007000e-01
406 6.974360e-01 1.544000e-03 3.010200e-01
407 6.971440e-01 1.500000e-03 3.013560e-01
408 6.969040e-01 1.496000e-03 3.016000e-01
409 6.966960e-01 1.440000e-03 3.018640e-01
410 6.964480e-01 1.480000e-03 3.020720e-01
411 6.961560e-01 1.540000e-03 3.023040e-01
412 6.958640e-01 1.588000e-03 3.025480e-01
413 6.955680e-01 1.584000e-03 3.028480e-01
414 6.952480e-01 1.640000e-03 3.031120e-01
415 6.949840e-01 1.592000e-03 3.034240e-01
416 6.946640e-01 1.632000e-03 3.037040e-01
417 6.944200e-01 1.572000e-03 3.040080e-01
418 6.941560e-01 1.548000e-03 3.042960e-01
419 6.939160e-01 1.528000e-03 3.045560e-01
420 6.936120e-01 1.548000e-03 3.048400e-01
421 6.934280e-01 1.448000e-03 3.051240e-01
422 6.931960e-01 1.456000e-03 3.053480e-01
423 6.929720e-01 1.420000e-03 3.056080e-01
424 6.927440e-01 1.396000e-03 3.058600e-01
425 6.925440e-01 1.388000e-03 3.060680e-01
426 6.923480e-01 1.344000e-03 3.063080e-01
427 6.921400e-01 1.312000e-03 3.065480e-01
428 6.919320e-01 1.300000e-03 3.067680e-01
429 6.917560e-01 1.236000e-03 3.070080e-01
430 6.915600e-01 1.220000e-03 3.072200e-01
431 6.913200e-01 1.252000e-03 3.074280e-01
432 6.910480e-01 1.256000e-03 3.076960e-01
433 6.907440e-01 1.348000e-03 3.079080e-01
434 6.904240e-01 1.408000e-03 3.081680e-01
435 6.901360e-01 1.428000e-03 3.084360e-01
436 6.899200e-01 1.420000e-03 3.086600e-01
437 6.897040e-01 1.412000e-03 3.088840e-01
438 6.894360e-01 1.428000e-03 3.091360e-01
439 6.891840e-01 1.380000e-03 3.094360e-01
440 6.889360e-01 1.360000e-03 3.097040e-01
441 6.887080e-01 1.388000e-03 3.099040e-01
442 6.884800e-01 1.400000e-03 3.101200e-01
443 6.883080e-01 1.288000e-03 3.104040e-01
444 6.881080e-01 1.280000e-03 3.106120e-01
445 6.879160e-01 1.216000e-03 3.108680e-01
446 6.877480e-01 1.148000e-03 3.111040e-01
447 6.876040e-01 1.084000e-03 3.113120e-01
448 6.874160e-01 1.084000e-03 3.115000e-01
449 6.872400e-01 1.100000e-03 3.116600e-01
450 6.870920e-01 1.044000e-03 3.118640e-01
451 6.869080e-01 1.084000e-03 3.120080e-01
452 6.868040e-01 1.024000e-03 3.121720e-01
453 6.866440e-01 1.052000e-03 3.123040e-01
454 6.864480e-01 1.072000e-03 3.124800e-01
455 6.863120e-01 1.020000e-03 3.126680e-01
456 6.861080e-01 1.068000e-03 3.128240e-01
457 6.859280e-01 1.080000e-03 3.129920e-01
458 6.857120e-01 1.080000e-03 3.132080e-01
459 6.855480e-01 1.048000e-03 3.134040e-01
460 6.853120e-01 1.088000e-03 3.136000e-01
461 6.851600e-01 1.080000e-03 3.137600e-01
462 6.849560e-01 1.052000e-03 3.139920e-01
463 6.847480e-01 1.092000e-03 3.141600e-01
464 6.846440e-01 1.028000e-03 3.143280e-01
465 6.845160e-01 9.880000e-04 3.144960e-01
466 6.843320e-01 1.032000e-03 3.146360e-01
467 6.841800e-01 9.920000e-04 3.148280e-01
468 6.839680e-01 1.080000e-03 3.149520e-01
469 6.838120e-01 1.036000e-03 3.151520e-01
470 6.835920e-01 1.096000e-03 3.153120e-01
471 6.833920e-01 1.128000e-03 3.154800e-01
472 6.832000e-01 1.144000e-03 3.156560e-01
473 6.829920e-01 1.160000e-03 3.158480e-01
474 6.828440e-01 1.112000e-03 3.160440e-01
475 6.826920e-01 1.044000e-03 3.162640e-01
476 6.825280e-01 1.016000e-03 3.164560e-01
477 6.823840e-01 1.044000e-03 3.165720e-01
478 6.822280e-01 1.044000e-03 3.167280e-01
479 6.820840e-01 9.800000e-04 3.169360e-01
480 6.819640e-01 9.400000e-04 3.170960e-01
481 6.818080e-01 9.320000e-04 3.172600e-01
482 6.816720e-01 8.720000e-04 3.174560e-01
483 6.815280e-01 8.400000e-04 3.176320e-01
484 6.814240e-01 8.320000e-04 3.177440e-01
485 6.813480e-01 7.560000e-04 3.178960e-01
486 6.811880e-01 7.680000e-04 3.180440e-01
487 6.810320e-01 7.960000e-04 3.181720e-01
488 6.808720e-01 7.760000e-04 3.183520e-01
489 6.806840e-01 8.040000e-04 3.185120e-01
490 6.805400e-01 7.840000e-04 3.186760e-01
491 6.804120e-01 7.560000e-04 3.188320e-01
492 6.802720e-01 7.320000e-04 3.189960e-01
493 6.801360e-01 7.600000e-04 3.191040e-01
494 6.799720e-01 7.760000e-04 3.192520e-01
495 6.798120e-01 7.720000e-04 3.194160e-01
496 6.796480e-01 8.080000e-04 3.195440e-01
497 6.794520e-01 8.680000e-04 3.196800e-01
498 6.792720e-01 9.200000e-04 3.198080e-01
499 6.791040e-01 9.400000e-04 3.199560e-01
500 6.789680e-01 9.320000e-04 3.201000e-01
