1 9.992040e-01 6.880000e-04 1.080000e-04
2 9.987160e-01 1.052000e-03 2.320000e-04
3 9.981280e-01 1.452000e-03 4.200000e-04
4 9.973960e-01 1.908000e-03 6.960000e-04
5 9.965640e-01 2.384000e-03 1.052000e-03
6 9.956840e-01 2.832000e-03 1.484000e-03
7 9.948040e-01 3.188000e-03 2.008000e-03
8 9.938000e-01 3.592000e-03 2.608000e-03
9 9.928320e-01 3.956000e-03 3.212000e-03
10 9.918080e-01 4.156000e-03 4.036000e-03
11 9.907040e-01 4.432000e-03 4.864000e-03
12 9.896920e-01 4.712000e-03 5.596000e-03
13 9.885880e-01 4.932000e-03 6.480000e-03
14 9.874320e-01 5.188000e-03 7.380000e-03
15 9.862120e-01 5.396000e-03 8.392000e-03
16 9.850800e-01 5.540000e-03 9.380000e-03
17 9.838720e-01 5.792000e-03 1.033600e-02
18 9.824800e-01 6.112000e-03 1.140800e-02
19 9.810320e-01 6.464000e-03 1.250400e-02
20 9.797320e-01 6.708000e-03 1.356000e-02
21 9.784280e-01 6.772000e-03 1.480000e-02
22 9.772400e-01 6.732000e-03 1.602800e-02
23 9.759760e-01 6.772000e-03 1.725200e-02
24 9.748400e-01 6.652000e-03 1.850800e-02
25 9.736040e-01 6.760000e-03 1.963600e-02
26 9.721200e-01 6.960000e-03 2.092000e-02
27 9.707280e-01 7.100000e-03 2.217200e-02
28 9.693240e-01 7.316000e-03 2.336000e-02
29 9.678920e-01 7.424000e-03 2.468400e-02
30 9.664560e-01 7.632000e-03 2.591200e-02
31 9.650120e-01 7.752000e-03 2.723600e-02
32 9.637360e-01 7.600000e-03 2.866400e-02
33 9.623800e-01 7.640000e-03 2.998000e-02
34 9.609880e-01 7.652000e-03 3.136000e-02
35 9.595320e-01 7.856000e-03 3.261200e-02
36 9.579920e-01 8.004000e-03 3.400400e-02
37 9.564440e-01 8.132000e-03 3.542400e-02
38 9.549200e-01 8.240000e-03 3.684000e-02
39 9.533240e-01 8.476000e-03 3.820000e-02
40 9.519560e-01 8.272000e-03 3.977200e-02
41 9.504200e-01 8.216000e-03 4.136400e-02
42 9.488720e-01 8.388000e-03 4.274000e-02
43 9.472240e-01 8.648000e-03 4.412800e-02
44 9.455520e-01 8.784000e-03 4.566400e-02
45 9.436160e-01 9.220000e-03 4.716400e-02
46 9.419200e-01 9.396000e-03 4.868400e-02
47 9.401120e-01 9.572000e-03 5.031600e-02
48 9.382400e-01 9.756000e-03 5.200400e-02
49 9.361600e-01 1.011600e-02 5.372400e-02
50 9.343800e-01 1.018400e-02 5.543600e-02
51 9.324680e-01 1.023600e-02 5.729600e-02
52 9.305560e-01 1.029600e-02 5.914800e-02
53 9.286720e-01 1.047200e-02 6.085600e-02
54 9.267440e-01 1.052800e-02 6.272800e-02
55 9.248520e-01 1.049600e-02 6.465200e-02
56 9.229840e-01 1.040400e-02 6.661200e-02
57 9.210960e-01 1.042800e-02 6.847600e-02
58 9.191720e-01 1.058400e-02 7.024400e-02
59 9.173440e-01 1.059200e-02 7.206400e-02
60 9.154080e-01 1.059600e-02 7.399600e-02
61 9.135560e-01 1.052400e-02 7.592000e-02
62 9.118160e-01 1.028000e-02 7.790400e-02
63 9.100440e-01 1.032800e-02 7.962800e-02
64 9.082280e-01 1.027200e-02 8.150000e-02
65 9.065440e-01 1.012800e-02 8.332800e-02
66 9.048240e-01 1.009600e-02 8.508000e-02
67 9.029440e-01 1.026400e-02 8.679200e-02
68 9.011680e-01 1.034000e-02 8.849200e-02
69 8.992600e-01 1.045600e-02 9.028400e-02
70 8.975120e-01 1.035600e-02 9.213200e-02
71 8.957200e-01 1.046400e-02 9.381600e-02
72 8.936840e-01 1.070400e-02 9.561200e-02
73 8.916880e-01 1.090400e-02 9.740800e-02
74 8.898040e-01 1.084000e-02 9.935600e-02
75 8.879080e-01 1.080400e-02 1.012880e-01
76 8.859920e-01 1.093200e-02 1.030760e-01
77 8.841960e-01 1.078400e-02 1.050200e-01
78 8.823080e-01 1.068000e-02 1.070120e-01
79 8.804040e-01 1.056400e-02 1.090320e-01
80 8.782600e-01 1.086800e-02 1.108720e-01
81 8.764360e-01 1.070000e-02 1.128640e-01
82 8.744240e-01 1.081200e-02 1.147640e-01
83 8.722960e-01 1.099600e-02 1.167080e-01
84 8.702360e-01 1.112000e-02 1.186440e-01
85 8.681280e-01 1.138000e-02 1.204920e-01
86 8.661840e-01 1.125600e-02 1.225600e-01
87 8.643120e-01 1.121200e-02 1.244760e-01
88 8.624480e-01 1.113200e-02 1.264200e-01
89 8.605640e-01 1.117600e-02 1.282600e-01
90 8.588280e-01 1.095200e-02 1.302200e-01
91 8.568960e-01 1.083600e-02 1.322680e-01
92 8.551800e-01 1.064400e-02 1.341760e-01
93 8.534360e-01 1.056400e-02 1.360000e-01
94 8.516000e-01 1.044000e-02 1.379600e-01
95 8.498240e-01 1.027600e-02 1.399000e-01
96 8.481040e-01 1.026800e-02 1.416280e-01
97 8.464680e-01 1.012800e-02 1.434040e-01
98 8.446880e-01 1.015200e-02 1.451600e-01
99 8.428240e-01 1.027600e-02 1.469000e-01
100 8.410160e-01 1.026800e-02 1.487160e-01
101 8.394680e-01 9.864000e-03 1.506680e-01
102 8.377000e-01 9.904000e-03 1.523960e-01
103 8.362880e-01 9.696000e-03 1.540160e-01
104 8.347000e-01 9.500000e-03 1.558000e-01
105 8.330560e-01 9.396000e-03 1.575480e-01
106 8.314280e-01 9.484000e-03 1.590880e-01
107 8.300080e-01 9.344000e-03 1.606480e-01
108 8.285440e-01 9.108000e-03 1.623480e-01
109 8.270840e-01 9.048000e-03 1.638680e-01
110 8.256360e-01 8.992000e-03 1.653720e-01
111 8.240720e-01 9.044000e-03 1.668840e-01
112 8.226760e-01 8.912000e-03 1.684120e-01
113 8.212240e-01 8.792000e-03 1.699840e-01
114 8.198680e-01 8.608000e-03 1.715240e-01
115 8.183840e-01 8.544000e-03 1.730720e-01
116 8.169000e-01 8.516000e-03 1.745840e-01
117 8.153960e-01 8.476000e-03 1.761280e-01
118 8.138640e-01 8.504000e-03 1.776320e-01
119 8.123040e-01 8.664000e-03 1.790320e-01
120 8.108640e-01 8.512000e-03 1.806240e-01
121 8.092720e-01 8.612000e-03 1.821160e-01
122 8.078760e-01 8.596000e-03 1.835280e-01
123 8.064000e-01 8.512000e-03 1.850880e-01
124 8.049520e-01 8.480000e-03 1.865680e-01
125 8.037040e-01 8.256000e-03 1.880400e-01
126 8.021920e-01 8.272000e-03 1.895360e-01
127 8.007400e-01 8.404000e-03 1.908560e-01
128 7.992520e-01 8.344000e-03 1.924040e-01
129 7.979640e-01 8.144000e-03 1.938920e-01
130 7.966880e-01 7.996000e-03 1.953160e-01
131 7.952960e-01 7.964000e-03 1.967400e-01
132 7.938320e-01 8.104000e-03 1.980640e-01
133 7.924280e-01 7.956000e-03 1.996160e-01
134 7.910760e-01 7.896000e-03 2.010280e-01
135 7.896200e-01 8.060000e-03 2.023200e-01
136 7.883120e-01 8.000000e-03 2.036880e-01
137 7.870080e-01 7.972000e-03 2.050200e-01
138 7.854200e-01 8.148000e-03 2.064320e-01
139 7.840440e-01 8.088000e-03 2.078680e-01
140 7.825520e-01 8.076000e-03 2.093720e-01
141 7.811640e-01 8.044000e-03 2.107920e-01
142 7.798280e-01 7.960000e-03 2.122120e-01
143 7.784760e-01 7.984000e-03 2.135400e-01
144 7.771840e-01 7.924000e-03 2.148920e-01
145 7.756760e-01 8.072000e-03 2.162520e-01
146 7.741640e-01 8.112000e-03 2.177240e-01
147 7.728360e-01 8.032000e-03 2.191320e-01
148 7.715800e-01 7.884000e-03 2.205360e-01
149 7.702360e-01 7.816000e-03 2.219480e-01
150 7.689000e-01 7.700000e-03 2.234000e-01
151 7.677520e-01 7.528000e-03 2.247200e-01
152 7.664880e-01 7.496000e-03 2.260160e-01
153 7.652720e-01 7.428000e-03 2.273000e-01
154 7.642600e-01 7.120000e-03 2.286200e-01
155 7.632680e-01 6.816000e-03 2.299160e-01
156 7.623360e-01 6.564000e-03 2.311000e-01
157 7.611440e-01 6.532000e-03 2.323240e-01
158 7.600840e-01 6.556000e-03 2.333600e-01
159 7.589200e-01 6.532000e-03 2.345480e-01
160 7.577720e-01 6.516000e-03 2.357120e-01
161 7.565360e-01 6.480000e-03 2.369840e-01
162 7.553800e-01 6.556000e-03 2.380640e-01
163 7.542840e-01 6.572000e-03 2.391440e-01
164 7.532040e-01 6.528000e-03 2.402680e-01
165 7.520240e-01 6.512000e-03 2.414640e-01
166 7.510320e-01 6.412000e-03 2.425560e-01
167 7.500800e-01 6.336000e-03 2.435840e-01
168 7.491480e-01 6.236000e-03 2.446160e-01
169 7.480680e-01 6.236000e-03 2.456960e-01
170 7.471360e-01 6.052000e-03 2.468120e-01
171 7.461360e-01 6.004000e-03 2.478600e-01
172 7.452320e-01 5.876000e-03 2.488920e-01
173 7.442400e-01 5.964000e-03 2.497960e-01
174 7.433120e-01 5.932000e-03 2.507560e-01
175 7.422600e-01 6.012000e-03 2.517280e-01
176 7.412920e-01 5.852000e-03 2.528560e-01
177 7.403120e-01 5.828000e-03 2.538600e-01
178 7.394120e-01 5.688000e-03 2.549000e-01
179 7.385880e-01 5.596000e-03 2.558160e-01
180 7.377080e-01 5.536000e-03 2.567560e-01
181 7.367800e-01 5.488000e-03 2.577320e-01
182 7.358280e-01 5.524000e-03 2.586480e-01
183 7.350000e-01 5.396000e-03 2.596040e-01
184 7.342320e-01 5.212000e-03 2.605560e-01
185 7.334600e-01 5.020000e-03 2.615200e-01
186 7.326600e-01 4.888000e-03 2.624520e-01
187 7.319200e-01 4.764000e-03 2.633160e-01
188 7.311640e-01 4.688000e-03 2.641480e-01
189 7.304040e-01 4.720000e-03 2.648760e-01
190 7.294720e-01 4.752000e-03 2.657760e-01
191 7.287480e-01 4.656000e-03 2.665960e-01
192 7.280200e-01 4.620000e-03 2.673600e-01
193 7.271920e-01 4.600000e-03 2.682080e-01
194 7.264280e-01 4.660000e-03 2.689120e-01
195 7.255920e-01 4.748000e-03 2.696600e-01
196 7.247800e-01 4.736000e-03 2.704840e-01
197 7.240120e-01 4.668000e-03 2.713200e-01
198 7.232600e-01 4.600000e-03 2.721400e-01
199 7.224920e-01 4.572000e-03 2.729360e-01
200 7.218200e-01 4.412000e-03 2.737680e-01
201 7.210480e-01 4.428000e-03 2.745240e-01
202 7.203160e-01 4.268000e-03 2.754160e-01
203 7.196480e-01 4.244000e-03 2.761080e-01
204 7.188680e-01 4.256000e-03 2.768760e-01
205 7.181680e-01 4.184000e-03 2.776480e-01
206 7.173960e-01 4.276000e-03 2.783280e-01
207 7.166320e-01 4.272000e-03 2.790960e-01
208 7.158920e-01 4.316000e-03 2.797920e-01
209 7.152040e-01 4.256000e-03 2.805400e-01
210 7.145800e-01 4.196000e-03 2.812240e-01
211 7.139200e-01 4.152000e-03 2.819280e-01
212 7.132640e-01 4.104000e-03 2.826320e-01
213 7.125240e-01 4.052000e-03 2.834240e-01
214 7.118160e-01 4.076000e-03 2.841080e-01
215 7.110440e-01 4.120000e-03 2.848360e-01
216 7.100840e-01 4.432000e-03 2.854840e-01
217 7.093280e-01 4.324000e-03 2.863480e-01
218 7.085400e-01 4.364000e-03 2.870960e-01
219 7.077160e-01 4.344000e-03 2.879400e-01
220 7.070480e-01 4.232000e-03 2.887200e-01
221 7.062760e-01 4.216000e-03 2.895080e-01
222 7.055880e-01 4.144000e-03 2.902680e-01
223 7.048800e-01 4.116000e-03 2.910040e-01
224 7.042520e-01 3.952000e-03 2.917960e-01
225 7.035920e-01 3.984000e-03 2.924240e-01
226 7.029200e-01 3.920000e-03 2.931600e-01
227 7.022680e-01 3.968000e-03 2.937640e-01
228 7.016760e-01 3.864000e-03 2.944600e-01
229 7.009720e-01 3.848000e-03 2.951800e-01
230 7.003320e-01 3.828000e-03 2.958400e-01
231 6.996560e-01 3.904000e-03 2.964400e-01
232 6.989080e-01 4.024000e-03 2.970680e-01
233 6.982720e-01 3.968000e-03 2.977600e-01
234 6.976720e-01 3.824000e-03 2.985040e-01
235 6.970160e-01 3.784000e-03 2.992000e-01
236 6.964280e-01 3.704000e-03 2.998680e-01
237 6.957480e-01 3.700000e-03 3.005520e-01
238 6.950560e-01 3.748000e-03 3.011960e-01
239 6.944520e-01 3.676000e-03 3.018720e-01
240 6.938680e-01 3.608000e-03 3.025240e-01
241 6.933160e-01 3.484000e-03 3.032000e-01
242 6.926760e-01 3.552000e-03 3.037720e-01
243 6.921080e-01 3.448000e-03 3.044440e-01
244 6.915320e-01 3.356000e-03 3.051120e-01
245 6.909080e-01 3.432000e-03 3.056600e-01
246 6.903880e-01 3.316000e-03 3.062960e-01
247 6.898240e-01 3.280000e-03 3.068960e-01
248 6.893000e-01 3.244000e-03 3.074560e-01
249 6.887920e-01 3.148000e-03 3.080600e-01
250 6.882480e-01 3.172000e-03 3.085800e-01
251 6.877200e-01 3.168000e-03 3.091120e-01
252 6.871800e-01 3.152000e-03 3.096680e-01
253 6.866440e-01 3.140000e-03 3.102160e-01
254 6.861880e-01 3.052000e-03 3.107600e-01
255 6.856920e-01 3.060000e-03 3.112480e-01
256 6.851240e-01 3.144000e-03 3.117320e-01
257 6.844480e-01 3.284000e-03 3.122680e-01
258 6.838880e-01 3.292000e-03 3.128200e-01
259 6.833400e-01 3.292000e-03 3.133680e-01
260 6.827680e-01 3.268000e-03 3.139640e-01
261 6.822680e-01 3.168000e-03 3.145640e-01
262 6.816840e-01 3.140000e-03 3.151760e-01
263 6.811160e-01 3.184000e-03 3.157000e-01
264 6.804800e-01 3.272000e-03 3.162480e-01
265 6.798680e-01 3.260000e-03 3.168720e-01
266 6.792600e-01 3.320000e-03 3.174200e-01
267 6.787360e-01 3.160000e-03 3.181040e-01
268 6.782240e-01 3.104000e-03 3.186720e-01
269 6.775880e-01 3.204000e-03 3.192080e-01
270 6.771160e-01 3.192000e-03 3.196920e-01
271 6.766320e-01 3.140000e-03 3.202280e-01
272 6.761200e-01 3.104000e-03 3.207760e-01
273 6.755200e-01 3.136000e-03 3.213440e-01
274 6.749360e-01 3.220000e-03 3.218440e-01
275 6.742680e-01 3.352000e-03 3.223800e-01
276 6.736160e-01 3.396000e-03 3.229880e-01
277 6.729200e-01 3.492000e-03 3.235880e-01
278 6.723160e-01 3.440000e-03 3.242440e-01
279 6.718400e-01 3.336000e-03 3.248240e-01
280 6.712400e-01 3.348000e-03 3.254120e-01
281 6.706440e-01 3.348000e-03 3.260080e-01
282 6.700160e-01 3.456000e-03 3.265280e-01
283 6.695240e-01 3.328000e-03 3.271480e-01
284 6.690520e-01 3.160000e-03 3.277880e-01
285 6.686080e-01 3.040000e-03 3.283520e-01
286 6.681920e-01 2.948000e-03 3.288600e-01
287 6.677840e-01 2.800000e-03 3.294160e-01
288 6.673400e-01 2.808000e-03 3.298520e-01
289 6.669640e-01 2.632000e-03 3.304040e-01
290 6.664080e-01 2.708000e-03 3.308840e-01
291 6.659240e-01 2.748000e-03 3.313280e-01
292 6.654280e-01 2.772000e-03 3.318000e-01
293 6.650440e-01 2.660000e-03 3.322960e-01
294 6.646640e-01 2.648000e-03 3.326880e-01
295 6.643160e-01 2.552000e-03 3.331320e-01
296 6.639200e-01 2.416000e-03 3.336640e-01
297 6.635880e-01 2.292000e-03 3.341200e-01
298 6.633040e-01 2.180000e-03 3.345160e-01
299 6.629760e-01 2.144000e-03 3.348800e-01
300 6.626000e-01 2.168000e-03 3.352320e-01
301 6.622360e-01 2.148000e-03 3.356160e-01
302 6.619680e-01 2.056000e-03 3.359760e-01
303 6.616440e-01 2.000000e-03 3.363560e-01
304 6.613280e-01 1.952000e-03 3.367200e-01
305 6.610120e-01 1.924000e-03 3.370640e-01
306 6.607120e-01 1.904000e-03 3.373840e-01
307 6.603400e-01 1.912000e-03 3.377480e-01
308 6.599560e-01 1.956000e-03 3.380880e-01
309 6.596160e-01 1.924000e-03 3.384600e-01
310 6.593200e-01 1.840000e-03 3.388400e-01
311 6.589600e-01 1.912000e-03 3.391280e-01
312 6.586240e-01 1.960000e-03 3.394160e-01
313 6.583320e-01 1.920000e-03 3.397480e-01
314 6.579960e-01 1.932000e-03 3.400720e-01
315 6.576760e-01 1.884000e-03 3.404400e-01
316 6.573480e-01 1.928000e-03 3.407240e-01
317 6.570920e-01 1.868000e-03 3.410400e-01
318 6.567880e-01 1.772000e-03 3.414400e-01
319 6.565800e-01 1.668000e-03 3.417520e-01
320 6.562720e-01 1.684000e-03 3.420440e-01
321 6.559400e-01 1.780000e-03 3.422800e-01
322 6.556520e-01 1.740000e-03 3.426080e-01
323 6.553480e-01 1.744000e-03 3.429080e-01
324 6.551040e-01 1.684000e-03 3.432120e-01
325 6.547840e-01 1.740000e-03 3.434760e-01
326 6.545240e-01 1.700000e-03 3.437760e-01
327 6.542000e-01 1.716000e-03 3.440840e-01
328 6.538160e-01 1.848000e-03 3.443360e-01
329 6.534720e-01 1.852000e-03 3.446760e-01
330 6.531680e-01 1.844000e-03 3.449880e-01
331 6.528880e-01 1.752000e-03 3.453600e-01
332 6.526400e-01 1.736000e-03 3.456240e-01
333 6.523960e-01 1.656000e-03 3.459480e-01
334 6.521600e-01 1.576000e-03 3.462640e-01
335 6.519200e-01 1.488000e-03 3.465920e-01
336 6.516600e-01 1.468000e-03 3.468720e-01
337 6.514240e-01 1.448000e-03 3.471280e-01
338 6.512200e-01 1.384000e-03 3.473960e-01
339 6.510120e-01 1.344000e-03 3.476440e-01
340 6.508360e-01 1.288000e-03 3.478760e-01
341 6.506320e-01 1.340000e-03 3.480280e-01
342 6.504040e-01 1.348000e-03 3.482480e-01
343 6.501960e-01 1.336000e-03 3.484680e-01
344 6.500160e-01 1.296000e-03 3.486880e-01
345 6.498080e-01 1.276000e-03 3.489160e-01
346 6.495440e-01 1.296000e-03 3.491600e-01
347 6.493440e-01 1.276000e-03 3.493800e-01
348 6.492200e-01 1.164000e-03 3.496160e-01
349 6.490920e-01 1.080000e-03 3.498280e-01
350 6.489000e-01 1.044000e-03 3.500560e-01
351 6.487760e-01 9.840000e-04 3.502400e-01
352 6.486320e-01 9.960000e-04 3.503720e-01
353 6.484520e-01 9.920000e-04 3.505560e-01
354 6.483360e-01 9.200000e-04 3.507440e-01
355 6.482200e-01 8.640000e-04 3.509160e-01
356 6.480920e-01 8.920000e-04 3.510160e-01
357 6.479800e-01 8.560000e-04 3.511640e-01
358 6.478320e-01 8.520000e-04 3.513160e-01
359 6.476880e-01 8.880000e-04 3.514240e-01
360 6.475400e-01 8.920000e-04 3.515680e-01
361 6.473800e-01 8.920000e-04 3.517280e-01
362 6.472520e-01 8.480000e-04 3.519000e-01
363 6.471240e-01 7.800000e-04 3.520960e-01
364 6.470000e-01 7.440000e-04 3.522560e-01
365 6.468800e-01 7.440000e-04 3.523760e-01
366 6.467880e-01 7.080000e-04 3.525040e-01
367 6.466800e-01 6.800000e-04 3.526400e-01
368 6.465520e-01 7.000000e-04 3.527480e-01
369 6.464520e-01 6.680000e-04 3.528800e-01
370 6.463320e-01 6.960000e-04 3.529720e-01
371 6.462000e-01 6.760000e-04 3.531240e-01
372 6.460320e-01 7.120000e-04 3.532560e-01
373 6.458840e-01 7.280000e-04 3.533880e-01
374 6.457720e-01 6.920000e-04 3.535360e-01
375 6.456640e-01 6.560000e-04 3.536800e-01
376 6.455440e-01 6.840000e-04 3.537720e-01
377 6.454520e-01 6.840000e-04 3.538640e-01
378 6.453440e-01 6.840000e-04 3.539720e-01
379 6.452120e-01 7.040000e-04 3.540840e-01
380 6.450480e-01 7.680000e-04 3.541840e-01
381 6.449240e-01 7.600000e-04 3.543160e-01
382 6.447600e-01 7.800000e-04 3.544600e-01
383 6.446400e-01 7.880000e-04 3.545720e-01
384 6.445160e-01 7.520000e-04 3.547320e-01
385 6.443920e-01 7.400000e-04 3.548680e-01
386 6.442760e-01 7.320000e-04 3.549920e-01
387 6.441640e-01 7.200000e-04 3.551160e-01
388 6.440280e-01 7.120000e-04 3.552600e-01
389 6.438600e-01 7.520000e-04 3.553880e-01
390 6.437320e-01 7.160000e-04 3.555520e-01
391 6.436400e-01 7.120000e-04 3.556480e-01
392 6.435680e-01 6.280000e-04 3.558040e-01
393 6.434840e-01 6.000000e-04 3.559160e-01
394 6.433800e-01 6.000000e-04 3.560200e-01
395 6.432160e-01 6.760000e-04 3.561080e-01
396 6.430520e-01 7.560000e-04 3.561920e-01
397 6.429360e-01 7.120000e-04 3.563520e-01
398 6.427840e-01 7.440000e-04 3.564720e-01
399 6.426920e-01 7.000000e-04 3.566080e-01
400 6.425800e-01 6.640000e-04 3.567560e-01
401 6.424880e-01 6.400000e-04 3.568720e-01
402 6.423560e-01 6.680000e-04 3.569760e-01
403 6.422200e-01 6.640000e-04 3.571160e-01
404 6.420920e-01 6.520000e-04 3.572560e-01
405 6.419360e-01 6.800000e-04 3.573840e-01
406 6.417560e-01 7.560000e-04 3.574880e-01
407 6.416280e-01 7.680000e-04 3.576040e-01
408 6.414440e-01 7.960000e-04 3.577600e-01
409 6.412800e-01 8.200000e-04 3.579000e-01
410 6.411320e-01 8.280000e-04 3.580400e-01
411 6.409880e-01 8.640000e-04 3.581480e-01
412 6.408360e-01 8.560000e-04 3.583080e-01
413 6.407160e-01 8.400000e-04 3.584440e-01
414 6.406360e-01 7.560000e-04 3.586080e-01
415 6.405000e-01 7.400000e-04 3.587600e-01
416 6.403600e-01 7.960000e-04 3.588440e-01
417 6.401960e-01 8.240000e-04 3.589800e-01
418 6.400560e-01 8.440000e-04 3.591000e-01
419 6.399680e-01 8.160000e-04 3.592160e-01
420 6.398520e-01 8.000000e-04 3.593480e-01
421 6.397320e-01 8.160000e-04 3.594520e-01
422 6.396320e-01 7.680000e-04 3.596000e-01
423 6.394880e-01 7.800000e-04 3.597320e-01
424 6.393800e-01 7.240000e-04 3.598960e-01
425 6.392720e-01 7.240000e-04 3.600040e-01
426 6.391840e-01 7.080000e-04 3.601080e-01
427 6.390960e-01 7.080000e-04 3.601960e-01
428 6.389920e-01 6.840000e-04 3.603240e-01
429 6.389320e-01 6.560000e-04 3.604120e-01
430 6.388400e-01 6.200000e-04 3.605400e-01
431 6.387200e-01 6.160000e-04 3.606640e-01
432 6.386040e-01 6.160000e-04 3.607800e-01
433 6.385120e-01 6.040000e-04 3.608840e-01
434 6.384600e-01 5.680000e-04 3.609720e-01
435 6.383800e-01 5.400000e-04 3.610800e-01
436 6.383080e-01 5.360000e-04 3.611560e-01
437 6.382520e-01 5.360000e-04 3.612120e-01
438 6.381640e-01 5.440000e-04 3.612920e-01
439 6.380600e-01 5.560000e-04 3.613840e-01
440 6.379640e-01 5.280000e-04 3.615080e-01
441 6.378440e-01 5.680000e-04 3.615880e-01
442 6.377560e-01 5.160000e-04 3.617280e-01
443 6.376880e-01 5.080000e-04 3.618040e-01
444 6.376240e-01 5.000000e-04 3.618760e-01
445 6.375200e-01 5.080000e-04 3.619720e-01
446 6.374320e-01 4.880000e-04 3.620800e-01
447 6.373400e-01 5.000000e-04 3.621600e-01
448 6.372600e-01 4.960000e-04 3.622440e-01
449 6.371640e-01 4.920000e-04 3.623440e-01
450 6.371200e-01 4.760000e-04 3.624040e-01
451 6.370720e-01 4.520000e-04 3.624760e-01
452 6.370120e-01 4.520000e-04 3.625360e-01
453 6.369640e-01 4.040000e-04 3.626320e-01
454 6.369080e-01 4.080000e-04 3.626840e-01
455 6.368600e-01 4.000000e-04 3.627400e-01
456 6.368040e-01 3.920000e-04 3.628040e-01
457 6.367480e-01 3.720000e-04 3.628800e-01
458 6.366920e-01 3.880000e-04 3.629200e-01
459 6.366360e-01 3.960000e-04 3.629680e-01
460 6.365520e-01 4.360000e-04 3.630120e-01
461 6.364920e-01 4.280000e-04 3.630800e-01
462 6.363960e-01 4.640000e-04 3.631400e-01
463 6.363200e-01 4.640000e-04 3.632160e-01
464 6.362320e-01 4.480000e-04 3.633200e-01
465 6.361160e-01 4.640000e-04 3.634200e-01
466 6.360120e-01 4.720000e-04 3.635160e-01
467 6.358680e-01 5.160000e-04 3.636160e-01
468 6.357680e-01 5.240000e-04 3.637080e-01
469 6.356920e-01 5.400000e-04 3.637680e-01
470 6.355400e-01 5.960000e-04 3.638640e-01
471 6.354600e-01 5.520000e-04 3.639880e-01
472 6.353360e-01 5.720000e-04 3.640920e-01
473 6.352280e-01 5.920000e-04 3.641800e-01
474 6.351320e-01 5.600000e-04 3.643080e-01
475 6.350440e-01 5.800000e-04 3.643760e-01
476 6.349560e-01 5.400000e-04 3.645040e-01
477 6.348840e-01 5.360000e-04 3.645800e-01
478 6.347800e-01 5.360000e-04 3.646840e-01
479 6.346920e-01 5.480000e-04 3.647600e-01
480 6.346200e-01 5.400000e-04 3.648400e-01
481 6.345440e-01 5.120000e-04 3.649440e-01
482 6.344680e-01 4.920000e-04 3.650400e-01
483 6.343840e-01 4.920000e-04 3.651240e-01
484 6.342960e-01 5.000000e-04 3.652040e-01
485 6.342000e-01 5.240000e-04 3.652760e-01
486 6.341040e-01 5.200000e-04 3.653760e-01
487 6.340000e-01 5.320000e-04 3.654680e-01
488 6.338880e-01 5.320000e-04 3.655800e-01
489 6.337480e-01 5.760000e-04 3.656760e-01
490 6.336360e-01 5.920000e-04 3.657720e-01
491 6.335400e-01 6.040000e-04 3.658560e-01
492 6.334480e-01 5.960000e-04 3.659560e-01
493 6.333440e-01 6.080000e-04 3.660480e-01
494 6.332520e-01 5.840000e-04 3.661640e-01
495 6.331640e-01 5.600000e-04 3.662760e-01
496 6.331120e-01 5.120000e-04 3.663760e-01
497 6.330600e-01 4.640000e-04 3.664760e-01
498 6.330040e-01 4.520000e-04 3.665440e-01
499 6.329480e-01 4.480000e-04 3.666040e-01
500 6.328880e-01 4.440000e-04 3.666680e-01
