1 9.992000e-01 6.840000e-04 1.160000e-04
2 9.986640e-01 1.044000e-03 2.920000e-04
3 9.981280e-01 1.340000e-03 5.320000e-04
4 9.974360e-01 1.772000e-03 7.920000e-04
5 9.967480e-01 2.044000e-03 1.208000e-03
6 9.959960e-01 2.396000e-03 1.608000e-03
7 9.952360e-01 2.704000e-03 2.060000e-03
8 9.944520e-01 2.968000e-03 2.580000e-03
9 9.936160e-01 3.252000e-03 3.132000e-03
10 9.926880e-01 3.620000e-03 3.692000e-03
11 9.918280e-01 3.848000e-03 4.324000e-03
12 9.909960e-01 4.004000e-03 5.000000e-03
13 9.900960e-01 4.168000e-03 5.736000e-03
14 9.891560e-01 4.312000e-03 6.532000e-03
15 9.880320e-01 4.584000e-03 7.384000e-03
16 9.868840e-01 5.036000e-03 8.080000e-03
17 9.857360e-01 5.224000e-03 9.040000e-03
18 9.846160e-01 5.476000e-03 9.908000e-03
19 9.834040e-01 5.652000e-03 1.094400e-02
20 9.822360e-01 5.716000e-03 1.204800e-02
21 9.810520e-01 5.896000e-03 1.305200e-02
22 9.799360e-01 6.020000e-03 1.404400e-02
23 9.787280e-01 6.284000e-03 1.498800e-02
24 9.774600e-01 6.320000e-03 1.622000e-02
25 9.763000e-01 6.340000e-03 1.736000e-02
26 9.750560e-01 6.428000e-03 1.851600e-02
27 9.737720e-01 6.540000e-03 1.968800e-02
28 9.724600e-01 6.668000e-03 2.087200e-02
29 9.713200e-01 6.692000e-03 2.198800e-02
30 9.700800e-01 6.744000e-03 2.317600e-02
31 9.689600e-01 6.656000e-03 2.438400e-02
32 9.677640e-01 6.668000e-03 2.556800e-02
33 9.666080e-01 6.604000e-03 2.678800e-02
34 9.653600e-01 6.624000e-03 2.801600e-02
35 9.641640e-01 6.608000e-03 2.922800e-02
36 9.629040e-01 6.724000e-03 3.037200e-02
37 9.615400e-01 6.872000e-03 3.158800e-02
38 9.602640e-01 6.916000e-03 3.282000e-02
39 9.590280e-01 6.956000e-03 3.401600e-02
40 9.578120e-01 6.892000e-03 3.529600e-02
41 9.566200e-01 6.832000e-03 3.654800e-02
42 9.552720e-01 6.984000e-03 3.774400e-02
43 9.540120e-01 7.008000e-03 3.898000e-02
44 9.525800e-01 7.228000e-03 4.019200e-02
45 9.511800e-01 7.408000e-03 4.141200e-02
46 9.497280e-01 7.600000e-03 4.267200e-02
47 9.483160e-01 7.576000e-03 4.410800e-02
48 9.469000e-01 7.548000e-03 4.555200e-02
49 9.455520e-01 7.524000e-03 4.692400e-02
50 9.442360e-01 7.368000e-03 4.839600e-02
51 9.428160e-01 7.496000e-03 4.968800e-02
52 9.413760e-01 7.584000e-03 5.104000e-02
53 9.399280e-01 7.716000e-03 5.235600e-02
54 9.384480e-01 7.860000e-03 5.369200e-02
55 9.367480e-01 8.268000e-03 5.498400e-02
56 9.352880e-01 8.208000e-03 5.650400e-02
57 9.336840e-01 8.360000e-03 5.795600e-02
58 9.320240e-01 8.584000e-03 5.939200e-02
59 9.303320e-01 8.832000e-03 6.083600e-02
60 9.286920e-01 8.996000e-03 6.231200e-02
61 9.271040e-01 9.080000e-03 6.381600e-02
62 9.254360e-01 9.112000e-03 6.545200e-02
63 9.239160e-01 9.036000e-03 6.704800e-02
64 9.223160e-01 9.040000e-03 6.864400e-02
65 9.208000e-01 9.092000e-03 7.010800e-02
66 9.191440e-01 9.192000e-03 7.166400e-02
67 9.176160e-01 9.156000e-03 7.322800e-02
68 9.158680e-01 9.356000e-03 7.477600e-02
69 9.142840e-01 9.320000e-03 7.639600e-02
70 9.125960e-01 9.388000e-03 7.801600e-02
71 9.107360e-01 9.560000e-03 7.970400e-02
72 9.089400e-01 9.696000e-03 8.136400e-02
73 9.071400e-01 9.776000e-03 8.308400e-02
74 9.054920e-01 9.764000e-03 8.474400e-02
75 9.038080e-01 9.728000e-03 8.646400e-02
76 9.022440e-01 9.460000e-03 8.829600e-02
77 9.006840e-01 9.384000e-03 8.993200e-02
78 8.990360e-01 9.448000e-03 9.151600e-02
79 8.975400e-01 9.272000e-03 9.318800e-02
80 8.959800e-01 9.308000e-03 9.471200e-02
81 8.943640e-01 9.328000e-03 9.630800e-02
82 8.927360e-01 9.300000e-03 9.796400e-02
83 8.910600e-01 9.420000e-03 9.952000e-02
84 8.895200e-01 9.392000e-03 1.010880e-01
85 8.879600e-01 9.364000e-03 1.026760e-01
86 8.863320e-01 9.204000e-03 1.044640e-01
87 8.847240e-01 9.136000e-03 1.061400e-01
88 8.830960e-01 9.176000e-03 1.077280e-01
89 8.814480e-01 9.192000e-03 1.093600e-01
90 8.798000e-01 9.180000e-03 1.110200e-01
91 8.782680e-01 9.080000e-03 1.126520e-01
92 8.768040e-01 8.868000e-03 1.143280e-01
93 8.753440e-01 8.824000e-03 1.158320e-01
94 8.740240e-01 8.552000e-03 1.174240e-01
95 8.725760e-01 8.488000e-03 1.189360e-01
96 8.710080e-01 8.484000e-03 1.205080e-01
97 8.695520e-01 8.464000e-03 1.219840e-01
98 8.682520e-01 8.224000e-03 1.235240e-01
99 8.667920e-01 8.340000e-03 1.248680e-01
100 8.655360e-01 8.264000e-03 1.262000e-01
101 8.641080e-01 8.240000e-03 1.276520e-01
102 8.627600e-01 8.060000e-03 1.291800e-01
103 8.615240e-01 7.848000e-03 1.306280e-01
104 8.601160e-01 7.844000e-03 1.320400e-01
105 8.587640e-01 7.784000e-03 1.334520e-01
106 8.573760e-01 7.700000e-03 1.349240e-01
107 8.558880e-01 7.820000e-03 1.362920e-01
108 8.545080e-01 7.832000e-03 1.376600e-01
109 8.530680e-01 7.876000e-03 1.390560e-01
110 8.516320e-01 7.840000e-03 1.405280e-01
111 8.501520e-01 7.972000e-03 1.418760e-01
112 8.486240e-01 8.016000e-03 1.433600e-01
113 8.471960e-01 8.108000e-03 1.446960e-01
114 8.458200e-01 8.096000e-03 1.460840e-01
115 8.446120e-01 7.912000e-03 1.474760e-01
116 8.432040e-01 7.920000e-03 1.488760e-01
117 8.417640e-01 7.880000e-03 1.503560e-01
118 8.404160e-01 7.944000e-03 1.516400e-01
119 8.391720e-01 7.796000e-03 1.530320e-01
120 8.379360e-01 7.668000e-03 1.543960e-01
121 8.367400e-01 7.548000e-03 1.557120e-01
122 8.356040e-01 7.484000e-03 1.569120e-01
123 8.342560e-01 7.608000e-03 1.581360e-01
124 8.330160e-01 7.444000e-03 1.595400e-01
125 8.317880e-01 7.336000e-03 1.608760e-01
126 8.304520e-01 7.424000e-03 1.621240e-01
127 8.290760e-01 7.520000e-03 1.634040e-01
128 8.278840e-01 7.320000e-03 1.647960e-01
129 8.266360e-01 7.240000e-03 1.661240e-01
130 8.254800e-01 7.144000e-03 1.673760e-01
131 8.242800e-01 7.116000e-03 1.686040e-01
132 8.229280e-01 7.340000e-03 1.697320e-01
133 8.216440e-01 7.408000e-03 1.709480e-01
134 8.205440e-01 7.276000e-03 1.721800e-01
135 8.193280e-01 7.344000e-03 1.733280e-01
136 8.180720e-01 7.312000e-03 1.746160e-01
137 8.169640e-01 7.100000e-03 1.759360e-01
138 8.158320e-01 6.924000e-03 1.772440e-01
139 8.146280e-01 6.900000e-03 1.784720e-01
140 8.135360e-01 6.756000e-03 1.797080e-01
141 8.124960e-01 6.572000e-03 1.809320e-01
142 8.114560e-01 6.400000e-03 1.821440e-01
143 8.104120e-01 6.340000e-03 1.832480e-01
144 8.093880e-01 6.288000e-03 1.843240e-01
145 8.082960e-01 6.340000e-03 1.853640e-01
146 8.072120e-01 6.352000e-03 1.864360e-01
147 8.059760e-01 6.492000e-03 1.875320e-01
148 8.049320e-01 6.516000e-03 1.885520e-01
149 8.038080e-01 6.568000e-03 1.896240e-01
150 8.027000e-01 6.464000e-03 1.908360e-01
151 8.016000e-01 6.468000e-03 1.919320e-01
152 8.006520e-01 6.292000e-03 1.930560e-01
153 7.997120e-01 6.080000e-03 1.942080e-01
154 7.986920e-01 6.084000e-03 1.952240e-01
155 7.977800e-01 5.896000e-03 1.963240e-01
156 7.967520e-01 5.936000e-03 1.973120e-01
157 7.956720e-01 5.956000e-03 1.983720e-01
158 7.945600e-01 6.084000e-03 1.993560e-01
159 7.936120e-01 5.944000e-03 2.004440e-01
160 7.926320e-01 5.948000e-03 2.014200e-01
161 7.917200e-01 5.820000e-03 2.024600e-01
162 7.909360e-01 5.528000e-03 2.035360e-01
163 7.901200e-01 5.372000e-03 2.045080e-01
164 7.891400e-01 5.384000e-03 2.054760e-01
165 7.881840e-01 5.384000e-03 2.064320e-01
166 7.872480e-01 5.420000e-03 2.073320e-01
167 7.863240e-01 5.404000e-03 2.082720e-01
168 7.853880e-01 5.312000e-03 2.093000e-01
169 7.843200e-01 5.448000e-03 2.102320e-01
170 7.833280e-01 5.468000e-03 2.112040e-01
171 7.823440e-01 5.512000e-03 2.121440e-01
172 7.815440e-01 5.352000e-03 2.131040e-01
173 7.807160e-01 5.144000e-03 2.141400e-01
174 7.797480e-01 5.264000e-03 2.149880e-01
175 7.788840e-01 5.316000e-03 2.158000e-01
176 7.780200e-01 5.364000e-03 2.166160e-01
177 7.769360e-01 5.388000e-03 2.176760e-01
178 7.759840e-01 5.432000e-03 2.185840e-01
179 7.749720e-01 5.520000e-03 2.195080e-01
180 7.740560e-01 5.408000e-03 2.205360e-01
181 7.732080e-01 5.384000e-03 2.214080e-01
182 7.724240e-01 5.144000e-03 2.224320e-01
183 7.715200e-01 5.148000e-03 2.233320e-01
184 7.707080e-01 5.164000e-03 2.241280e-01
185 7.699280e-01 5.084000e-03 2.249880e-01
186 7.689880e-01 5.164000e-03 2.258480e-01
187 7.681080e-01 5.084000e-03 2.268080e-01
188 7.673360e-01 5.044000e-03 2.276200e-01
189 7.663680e-01 5.168000e-03 2.284640e-01
190 7.654800e-01 5.104000e-03 2.294160e-01
191 7.645200e-01 5.232000e-03 2.302480e-01
192 7.636880e-01 5.120000e-03 2.311920e-01
193 7.627000e-01 5.328000e-03 2.319720e-01
194 7.617720e-01 5.272000e-03 2.329560e-01
195 7.609120e-01 5.180000e-03 2.339080e-01
196 7.599840e-01 5.224000e-03 2.347920e-01
197 7.591600e-01 5.140000e-03 2.357000e-01
198 7.583520e-01 5.068000e-03 2.365800e-01
199 7.575280e-01 5.000000e-03 2.374720e-01
200 7.566080e-01 5.112000e-03 2.382800e-01
201 7.557080e-01 5.132000e-03 2.391600e-01
202 7.548600e-01 5.044000e-03 2.400960e-01
203 7.540280e-01 4.948000e-03 2.410240e-01
204 7.532520e-01 4.860000e-03 2.418880e-01
205 7.525920e-01 4.740000e-03 2.426680e-01
206 7.518720e-01 4.644000e-03 2.434840e-01
207 7.511600e-01 4.556000e-03 2.442840e-01
208 7.505000e-01 4.408000e-03 2.450920e-01
209 7.498640e-01 4.284000e-03 2.458520e-01
210 7.491080e-01 4.348000e-03 2.465440e-01
211 7.484320e-01 4.216000e-03 2.473520e-01
212 7.477120e-01 4.132000e-03 2.481560e-01
213 7.470040e-01 4.096000e-03 2.489000e-01
214 7.462280e-01 4.152000e-03 2.496200e-01
215 7.454400e-01 4.244000e-03 2.503160e-01
216 7.446640e-01 4.248000e-03 2.510880e-01
217 7.440200e-01 4.192000e-03 2.517880e-01
218 7.432640e-01 4.240000e-03 2.524960e-01
219 7.425920e-01 4.136000e-03 2.532720e-01
220 7.418600e-01 4.188000e-03 2.539520e-01
221 7.412280e-01 4.208000e-03 2.545640e-01
222 7.404640e-01 4.160000e-03 2.553760e-01
223 7.398240e-01 4.088000e-03 2.560880e-01
224 7.390040e-01 4.224000e-03 2.567720e-01
225 7.381880e-01 4.200000e-03 2.576120e-01
226 7.373680e-01 4.296000e-03 2.583360e-01
227 7.365880e-01 4.224000e-03 2.591880e-01
228 7.359680e-01 4.092000e-03 2.599400e-01
229 7.352960e-01 4.040000e-03 2.606640e-01
230 7.347880e-01 3.912000e-03 2.613000e-01
231 7.341960e-01 3.808000e-03 2.619960e-01
232 7.336360e-01 3.692000e-03 2.626720e-01
233 7.330560e-01 3.608000e-03 2.633360e-01
234 7.324120e-01 3.700000e-03 2.638880e-01
235 7.317160e-01 3.736000e-03 2.645480e-01
236 7.310880e-01 3.740000e-03 2.651720e-01
237 7.304360e-01 3.688000e-03 2.658760e-01
238 7.298480e-01 3.640000e-03 2.665120e-01
239 7.292120e-01 3.720000e-03 2.670680e-01
240 7.285920e-01 3.728000e-03 2.676800e-01
241 7.279680e-01 3.680000e-03 2.683520e-01
242 7.273960e-01 3.616000e-03 2.689880e-01
243 7.267240e-01 3.588000e-03 2.696880e-01
244 7.261680e-01 3.460000e-03 2.703720e-01
245 7.255360e-01 3.408000e-03 2.710560e-01
246 7.250120e-01 3.276000e-03 2.717120e-01
247 7.244680e-01 3.316000e-03 2.722160e-01
248 7.237960e-01 3.376000e-03 2.728280e-01
249 7.232840e-01 3.264000e-03 2.734520e-01
250 7.226920e-01 3.272000e-03 2.740360e-01
251 7.221680e-01 3.136000e-03 2.746960e-01
252 7.215840e-01 3.184000e-03 2.752320e-01
253 7.210600e-01 3.100000e-03 2.758400e-01
254 7.205320e-01 3.132000e-03 2.763360e-01
255 7.200160e-01 3.044000e-03 2.769400e-01
256 7.194960e-01 2.972000e-03 2.775320e-01
257 7.189240e-01 2.984000e-03 2.780920e-01
258 7.183480e-01 3.068000e-03 2.785840e-01
259 7.178240e-01 3.012000e-03 2.791640e-01
260 7.172880e-01 3.016000e-03 2.796960e-01
261 7.167160e-01 2.992000e-03 2.802920e-01
262 7.162160e-01 2.896000e-03 2.808880e-01
263 7.156440e-01 2.984000e-03 2.813720e-01
264 7.151960e-01 2.936000e-03 2.818680e-01
265 7.147560e-01 2.924000e-03 2.823200e-01
266 7.143520e-01 2.764000e-03 2.828840e-01
267 7.139120e-01 2.784000e-03 2.833040e-01
268 7.134360e-01 2.800000e-03 2.837640e-01
269 7.130360e-01 2.684000e-03 2.842800e-01
270 7.125600e-01 2.656000e-03 2.847840e-01
271 7.120720e-01 2.616000e-03 2.853120e-01
272 7.116760e-01 2.484000e-03 2.858400e-01
273 7.111960e-01 2.480000e-03 2.863240e-01
274 7.107320e-01 2.480000e-03 2.867880e-01
275 7.102520e-01 2.504000e-03 2.872440e-01
276 7.097400e-01 2.464000e-03 2.877960e-01
277 7.093240e-01 2.452000e-03 2.882240e-01
278 7.088840e-01 2.400000e-03 2.887160e-01
279 7.084000e-01 2.508000e-03 2.890920e-01
280 7.079800e-01 2.488000e-03 2.895320e-01
281 7.075880e-01 2.472000e-03 2.899400e-01
282 7.071280e-01 2.492000e-03 2.903800e-01
283 7.067120e-01 2.400000e-03 2.908880e-01
284 7.062480e-01 2.360000e-03 2.913920e-01
285 7.058880e-01 2.388000e-03 2.917240e-01
286 7.055200e-01 2.324000e-03 2.921560e-01
287 7.051560e-01 2.316000e-03 2.925280e-01
288 7.047280e-01 2.336000e-03 2.929360e-01
289 7.044240e-01 2.204000e-03 2.933720e-01
290 7.041280e-01 2.152000e-03 2.937200e-01
291 7.037600e-01 2.152000e-03 2.940880e-01
292 7.034120e-01 2.096000e-03 2.944920e-01
293 7.030960e-01 2.060000e-03 2.948440e-01
294 7.027560e-01 2.068000e-03 2.951760e-01
295 7.024040e-01 2.052000e-03 2.955440e-01
296 7.020880e-01 1.972000e-03 2.959400e-01
297 7.017040e-01 1.988000e-03 2.963080e-01
298 7.013000e-01 1.988000e-03 2.967120e-01
299 7.009400e-01 2.000000e-03 2.970600e-01
300 7.006320e-01 1.968000e-03 2.974000e-01
301 7.002440e-01 2.052000e-03 2.977040e-01
302 6.998200e-01 2.096000e-03 2.980840e-01
303 6.995280e-01 2.044000e-03 2.984280e-01
304 6.991880e-01 2.008000e-03 2.988040e-01
305 6.988240e-01 2.032000e-03 2.991440e-01
306 6.985120e-01 1.972000e-03 2.995160e-01
307 6.981560e-01 1.948000e-03 2.998960e-01
308 6.978320e-01 1.952000e-03 3.002160e-01
309 6.975040e-01 1.984000e-03 3.005120e-01
310 6.972040e-01 1.932000e-03 3.008640e-01
311 6.968720e-01 1.944000e-03 3.011840e-01
312 6.965600e-01 1.908000e-03 3.015320e-01
313 6.962080e-01 1.924000e-03 3.018680e-01
314 6.958440e-01 1.952000e-03 3.022040e-01
315 6.955080e-01 1.912000e-03 3.025800e-01
316 6.952400e-01 1.872000e-03 3.028880e-01
317 6.949760e-01 1.828000e-03 3.031960e-01
318 6.947200e-01 1.800000e-03 3.034800e-01
319 6.944440e-01 1.708000e-03 3.038480e-01
320 6.942280e-01 1.648000e-03 3.041240e-01
321 6.939840e-01 1.612000e-03 3.044040e-01
322 6.938280e-01 1.448000e-03 3.047240e-01
323 6.936240e-01 1.452000e-03 3.049240e-01
324 6.933920e-01 1.424000e-03 3.051840e-01
325 6.931600e-01 1.384000e-03 3.054560e-01
326 6.929320e-01 1.388000e-03 3.056800e-01
327 6.926360e-01 1.436000e-03 3.059280e-01
328 6.923520e-01 1.504000e-03 3.061440e-01
329 6.920920e-01 1.472000e-03 3.064360e-01
330 6.918440e-01 1.496000e-03 3.066600e-01
331 6.915160e-01 1.596000e-03 3.068880e-01
332 6.911720e-01 1.676000e-03 3.071520e-01
333 6.908880e-01 1.628000e-03 3.074840e-01
334 6.906080e-01 1.620000e-03 3.077720e-01
335 6.903080e-01 1.660000e-03 3.080320e-01
336 6.900880e-01 1.572000e-03 3.083400e-01
337 6.898600e-01 1.592000e-03 3.085480e-01
338 6.895800e-01 1.572000e-03 3.088480e-01
339 6.893240e-01 1.508000e-03 3.091680e-01
340 6.890280e-01 1.524000e-03 3.094480e-01
341 6.887760e-01 1.532000e-03 3.096920e-01
342 6.885080e-01 1.504000e-03 3.099880e-01
343 6.883040e-01 1.464000e-03 3.102320e-01
344 6.880840e-01 1.392000e-03 3.105240e-01
345 6.878880e-01 1.308000e-03 3.108040e-01
346 6.876480e-01 1.272000e-03 3.110800e-01
347 6.874200e-01 1.224000e-03 3.113560e-01
348 6.870680e-01 1.336000e-03 3.115960e-01
349 6.868520e-01 1.328000e-03 3.118200e-01
350 6.866040e-01 1.324000e-03 3.120720e-01
351 6.863800e-01 1.260000e-03 3.123600e-01
352 6.861280e-01 1.280000e-03 3.125920e-01
353 6.859360e-01 1.248000e-03 3.128160e-01
354 6.857440e-01 1.236000e-03 3.130200e-01
355 6.855200e-01 1.240000e-03 3.132400e-01
356 6.853200e-01 1.252000e-03 3.134280e-01
357 6.850720e-01 1.300000e-03 3.136280e-01
358 6.848200e-01 1.340000e-03 3.138400e-01
359 6.845080e-01 1.384000e-03 3.141080e-01
360 6.843080e-01 1.416000e-03 3.142760e-01
361 6.839600e-01 1.504000e-03 3.145360e-01
362 6.836240e-01 1.596000e-03 3.147800e-01
363 6.833000e-01 1.592000e-03 3.151080e-01
364 6.829920e-01 1.656000e-03 3.153520e-01
365 6.826920e-01 1.628000e-03 3.156800e-01
366 6.824080e-01 1.564000e-03 3.160280e-01
367 6.821640e-01 1.568000e-03 3.162680e-01
368 6.818640e-01 1.572000e-03 3.165640e-01
369 6.815680e-01 1.596000e-03 3.168360e-01
370 6.813000e-01 1.548000e-03 3.171520e-01
371 6.810040e-01 1.576000e-03 3.174200e-01
372 6.807120e-01 1.644000e-03 3.176440e-01
373 6.804640e-01 1.584000e-03 3.179520e-01
374 6.801960e-01 1.560000e-03 3.182440e-01
375 6.799240e-01 1.552000e-03 3.185240e-01
376 6.796920e-01 1.520000e-03 3.187880e-01
377 6.794920e-01 1.468000e-03 3.190400e-01
378 6.792760e-01 1.432000e-03 3.192920e-01
379 6.790640e-01 1.364000e-03 3.195720e-01
380 6.789200e-01 1.252000e-03 3.198280e-01
381 6.787560e-01 1.180000e-03 3.200640e-01
382 6.785520e-01 1.204000e-03 3.202440e-01
383 6.782880e-01 1.264000e-03 3.204480e-01
384 6.780120e-01 1.332000e-03 3.206560e-01
385 6.777760e-01 1.324000e-03 3.209000e-01
386 6.775240e-01 1.300000e-03 3.211760e-01
387 6.773080e-01 1.292000e-03 3.214000e-01
388 6.770960e-01 1.272000e-03 3.216320e-01
389 6.768520e-01 1.248000e-03 3.219000e-01
390 6.766160e-01 1.236000e-03 3.221480e-01
391 6.763600e-01 1.248000e-03 3.223920e-01
392 6.762040e-01 1.172000e-03 3.226240e-01
393 6.760560e-01 1.112000e-03 3.228320e-01
394 6.759040e-01 1.068000e-03 3.230280e-01
395 6.757240e-01 1.096000e-03 3.231800e-01
396 6.755400e-01 1.112000e-03 3.233480e-01
397 6.753800e-01 1.020000e-03 3.236000e-01
398 6.751760e-01 1.004000e-03 3.238200e-01
399 6.749960e-01 1.004000e-03 3.240000e-01
400 6.748560e-01 9.880000e-04 3.241560e-01
401 6.747200e-01 1.000000e-03 3.242800e-01
402 6.745360e-01 1.040000e-03 3.244240e-01
403 6.743800e-01 1.020000e-03 3.246000e-01
404 6.741960e-01 1.056000e-03 3.247480e-01
405 6.740360e-01 1.052000e-03 3.249120e-01
406 6.739080e-01 1.012000e-03 3.250800e-01
407 6.737200e-01 1.052000e-03 3.252280e-01
408 6.734840e-01 1.088000e-03 3.254280e-01
409 6.732720e-01 1.160000e-03 3.255680e-01
410 6.730040e-01 1.212000e-03 3.257840e-01
411 6.728200e-01 1.164000e-03 3.260160e-01
412 6.725800e-01 1.252000e-03 3.261680e-01
413 6.723720e-01 1.248000e-03 3.263800e-01
414 6.722040e-01 1.184000e-03 3.266120e-01
415 6.719720e-01 1.196000e-03 3.268320e-01
416 6.717400e-01 1.248000e-03 3.270120e-01
417 6.714800e-01 1.304000e-03 3.272160e-01
418 6.712560e-01 1.312000e-03 3.274320e-01
419 6.710720e-01 1.268000e-03 3.276600e-01
420 6.709120e-01 1.232000e-03 3.278560e-01
421 6.707360e-01 1.180000e-03 3.280840e-01
422 6.705640e-01 1.136000e-03 3.283000e-01
423 6.704280e-01 1.092000e-03 3.284800e-01
424 6.702400e-01 1.040000e-03 3.287200e-01
425 6.700680e-01 1.016000e-03 3.289160e-01
426 6.699040e-01 9.960000e-04 3.291000e-01
427 6.697720e-01 9.360000e-04 3.292920e-01
428 6.696000e-01 9.600000e-04 3.294400e-01
429 6.694040e-01 9.840000e-04 3.296120e-01
430 6.692320e-01 9.640000e-04 3.298040e-01
431 6.691240e-01 9.200000e-04 3.299560e-01
432 6.689680e-01 9.240000e-04 3.301080e-01
433 6.688400e-01 8.880000e-04 3.302720e-01
434 6.687120e-01 8.440000e-04 3.304440e-01
435 6.686000e-01 7.880000e-04 3.306120e-01
436 6.684840e-01 7.680000e-04 3.307480e-01
437 6.683400e-01 7.880000e-04 3.308720e-01
438 6.682480e-01 7.440000e-04 3.310080e-01
439 6.681040e-01 7.800000e-04 3.311160e-01
440 6.679360e-01 7.840000e-04 3.312800e-01
441 6.677840e-01 8.360000e-04 3.313800e-01
442 6.676360e-01 8.360000e-04 3.315280e-01
443 6.675400e-01 7.720000e-04 3.316880e-01
444 6.674080e-01 7.800000e-04 3.318120e-01
445 6.672720e-01 8.000000e-04 3.319280e-01
446 6.671640e-01 7.800000e-04 3.320560e-01
447 6.670320e-01 7.240000e-04 3.322440e-01
448 6.668840e-01 7.600000e-04 3.323560e-01
449 6.667560e-01 7.400000e-04 3.325040e-01
450 6.666240e-01 7.440000e-04 3.326320e-01
451 6.664680e-01 7.440000e-04 3.327880e-01
452 6.663280e-01 7.960000e-04 3.328760e-01
453 6.661640e-01 8.280000e-04 3.330080e-01
454 6.660320e-01 8.360000e-04 3.331320e-01
455 6.658520e-01 8.480000e-04 3.333000e-01
456 6.656880e-01 8.760000e-04 3.334360e-01
457 6.655160e-01 8.680000e-04 3.336160e-01
458 6.653920e-01 8.800000e-04 3.337280e-01
459 6.652520e-01 8.640000e-04 3.338840e-01
460 6.651160e-01 9.000000e-04 3.339840e-01
461 6.649600e-01 9.040000e-04 3.341360e-01
462 6.648200e-01 8.800000e-04 3.343000e-01
463 6.646440e-01 9.200000e-04 3.344360e-01
464 6.645160e-01 8.640000e-04 3.346200e-01
465 6.643680e-01 8.680000e-04 3.347640e-01
466 6.642160e-01 8.680000e-04 3.349160e-01
467 6.640480e-01 9.160000e-04 3.350360e-01
468 6.638640e-01 9.600000e-04 3.351760e-01
469 6.637680e-01 8.960000e-04 3.353360e-01
470 6.635840e-01 9.360000e-04 3.354800e-01
471 6.634480e-01 9.280000e-04 3.356240e-01
472 6.633440e-01 8.920000e-04 3.357640e-01
473 6.632320e-01 8.440000e-04 3.359240e-01
474 6.630880e-01 8.560000e-04 3.360560e-01
475 6.629680e-01 8.560000e-04 3.361760e-01
476 6.627880e-01 9.280000e-04 3.362840e-01
477 6.626720e-01 8.880000e-04 3.364400e-01
478 6.624920e-01 9.040000e-04 3.366040e-01
479 6.623080e-01 9.360000e-04 3.367560e-01
480 6.621400e-01 9.440000e-04 3.369160e-01
481 6.620160e-01 8.600000e-04 3.371240e-01
482 6.618160e-01 9.200000e-04 3.372640e-01
483 6.616000e-01 1.016000e-03 3.373840e-01
484 6.614200e-01 1.032000e-03 3.375480e-01
485 6.612440e-01 9.840000e-04 3.377720e-01
486 6.610800e-01 1.004000e-03 3.379160e-01
487 6.609240e-01 1.008000e-03 3.380680e-01
488 6.607280e-01 1.032000e-03 3.382400e-01
489 6.605240e-01 1.076000e-03 3.384000e-01
490 6.603320e-01 1.072000e-03 3.385960e-01
491 6.601520e-01 1.068000e-03 3.387800e-01
492 6.599440e-01 1.092000e-03 3.389640e-01
493 6.597720e-01 1.060000e-03 3.391680e-01
494 6.595320e-01 1.100000e-03 3.393680e-01
495 6.593600e-01 1.048000e-03 3.395920e-01
496 6.591800e-01 1.032000e-03 3.397880e-01
497 6.590280e-01 1.024000e-03 3.399480e-01
498 6.588840e-01 9.800000e-04 3.401360e-01
499 6.587040e-01 9.600000e-04 3.403360e-01
500 6.585720e-01 9.360000e-04 3.404920e-01
