1 9.991640e-01 7.560000e-04 8.000000e-05
2 9.985720e-01 1.184000e-03 2.440000e-04
3 9.978760e-01 1.620000e-03 5.040000e-04
4 9.971480e-01 2.024000e-03 8.280000e-04
5 9.963040e-01 2.368000e-03 1.328000e-03
6 9.955080e-01 2.740000e-03 1.752000e-03
7 9.945720e-01 3.152000e-03 2.276000e-03
8 9.936240e-01 3.512000e-03 2.864000e-03
9 9.925760e-01 3.924000e-03 3.500000e-03
10 9.915400e-01 4.208000e-03 4.252000e-03
11 9.904120e-01 4.636000e-03 4.952000e-03
12 9.893640e-01 4.888000e-03 5.748000e-03
13 9.881960e-01 5.108000e-03 6.696000e-03
14 9.870120e-01 5.400000e-03 7.588000e-03
15 9.858920e-01 5.544000e-03 8.564000e-03
16 9.847920e-01 5.492000e-03 9.716000e-03
17 9.836320e-01 5.700000e-03 1.066800e-02
18 9.824240e-01 5.824000e-03 1.175200e-02
19 9.811240e-01 6.124000e-03 1.275200e-02
20 9.798880e-01 6.276000e-03 1.383600e-02
21 9.786640e-01 6.328000e-03 1.500800e-02
22 9.774280e-01 6.368000e-03 1.620400e-02
23 9.761320e-01 6.484000e-03 1.738400e-02
24 9.748440e-01 6.668000e-03 1.848800e-02
25 9.736320e-01 6.732000e-03 1.963600e-02
26 9.723640e-01 6.848000e-03 2.078800e-02
27 9.710880e-01 6.852000e-03 2.206000e-02
28 9.698720e-01 6.924000e-03 2.320400e-02
29 9.687000e-01 6.860000e-03 2.444000e-02
30 9.674280e-01 6.908000e-03 2.566400e-02
31 9.661400e-01 7.020000e-03 2.684000e-02
32 9.648080e-01 7.004000e-03 2.818800e-02
33 9.634000e-01 7.164000e-03 2.943600e-02
34 9.621360e-01 7.124000e-03 3.074000e-02
35 9.607000e-01 7.268000e-03 3.203200e-02
36 9.594160e-01 7.252000e-03 3.333200e-02
37 9.581320e-01 7.280000e-03 3.458800e-02
38 9.567080e-01 7.368000e-03 3.592400e-02
39 9.551960e-01 7.592000e-03 3.721200e-02
40 9.536800e-01 7.832000e-03 3.848800e-02
41 9.521880e-01 7.996000e-03 3.981600e-02
42 9.507720e-01 7.896000e-03 4.133200e-02
43 9.494120e-01 7.940000e-03 4.264800e-02
44 9.478880e-01 8.020000e-03 4.409200e-02
45 9.463920e-01 7.984000e-03 4.562400e-02
46 9.450600e-01 8.068000e-03 4.687200e-02
47 9.436280e-01 7.968000e-03 4.840400e-02
48 9.421480e-01 8.108000e-03 4.974400e-02
49 9.405600e-01 8.324000e-03 5.111600e-02
50 9.389600e-01 8.472000e-03 5.256800e-02
51 9.375080e-01 8.452000e-03 5.404000e-02
52 9.360200e-01 8.344000e-03 5.563600e-02
53 9.344640e-01 8.460000e-03 5.707600e-02
54 9.329920e-01 8.444000e-03 5.856400e-02
55 9.315280e-01 8.460000e-03 6.001200e-02
56 9.300000e-01 8.468000e-03 6.153200e-02
57 9.284600e-01 8.620000e-03 6.292000e-02
58 9.268600e-01 8.760000e-03 6.438000e-02
59 9.254160e-01 8.784000e-03 6.580000e-02
60 9.237960e-01 8.840000e-03 6.736400e-02
61 9.222240e-01 8.912000e-03 6.886400e-02
62 9.205920e-01 8.840000e-03 7.056800e-02
63 9.188960e-01 9.004000e-03 7.210000e-02
64 9.173360e-01 8.956000e-03 7.370800e-02
65 9.157360e-01 8.900000e-03 7.536400e-02
66 9.141560e-01 8.988000e-03 7.685600e-02
67 9.124040e-01 9.332000e-03 7.826400e-02
68 9.106760e-01 9.348000e-03 7.997600e-02
69 9.089120e-01 9.540000e-03 8.154800e-02
70 9.073160e-01 9.436000e-03 8.324800e-02
71 9.057240e-01 9.552000e-03 8.472400e-02
72 9.043040e-01 9.276000e-03 8.642000e-02
73 9.027560e-01 9.128000e-03 8.811600e-02
74 9.012280e-01 9.104000e-03 8.966800e-02
75 8.997320e-01 8.988000e-03 9.128000e-02
76 8.980640e-01 9.008000e-03 9.292800e-02
77 8.966240e-01 8.828000e-03 9.454800e-02
78 8.950240e-01 8.944000e-03 9.603200e-02
79 8.935400e-01 8.852000e-03 9.760800e-02
80 8.919600e-01 8.912000e-03 9.912800e-02
81 8.904880e-01 8.860000e-03 1.006520e-01
82 8.889640e-01 8.780000e-03 1.022560e-01
83 8.875360e-01 8.692000e-03 1.037720e-01
84 8.860240e-01 8.632000e-03 1.053440e-01
85 8.844440e-01 8.704000e-03 1.068520e-01
86 8.827680e-01 8.860000e-03 1.083720e-01
87 8.810000e-01 9.052000e-03 1.099480e-01
88 8.794800e-01 8.920000e-03 1.116000e-01
89 8.778760e-01 9.028000e-03 1.130960e-01
90 8.761480e-01 9.236000e-03 1.146160e-01
91 8.745080e-01 9.180000e-03 1.163120e-01
92 8.729880e-01 9.116000e-03 1.178960e-01
93 8.713880e-01 8.952000e-03 1.196600e-01
94 8.698040e-01 8.980000e-03 1.212160e-01
95 8.682080e-01 8.996000e-03 1.227960e-01
96 8.666080e-01 9.036000e-03 1.243560e-01
97 8.652080e-01 8.812000e-03 1.259800e-01
98 8.638360e-01 8.716000e-03 1.274480e-01
99 8.624720e-01 8.708000e-03 1.288200e-01
100 8.610880e-01 8.476000e-03 1.304360e-01
101 8.596480e-01 8.516000e-03 1.318360e-01
102 8.582720e-01 8.400000e-03 1.333280e-01
103 8.569000e-01 8.420000e-03 1.346800e-01
104 8.554080e-01 8.464000e-03 1.361280e-01
105 8.540040e-01 8.488000e-03 1.375080e-01
106 8.525320e-01 8.360000e-03 1.391080e-01
107 8.511120e-01 8.328000e-03 1.405600e-01
108 8.496840e-01 8.360000e-03 1.419560e-01
109 8.483040e-01 8.140000e-03 1.435560e-01
110 8.468760e-01 8.120000e-03 1.450040e-01
111 8.456000e-01 7.900000e-03 1.465000e-01
112 8.442680e-01 7.860000e-03 1.478720e-01
113 8.430080e-01 7.808000e-03 1.491840e-01
114 8.417480e-01 7.732000e-03 1.505200e-01
115 8.404360e-01 7.668000e-03 1.518960e-01
116 8.392720e-01 7.580000e-03 1.531480e-01
117 8.380360e-01 7.552000e-03 1.544120e-01
118 8.367280e-01 7.488000e-03 1.557840e-01
119 8.354880e-01 7.472000e-03 1.570400e-01
120 8.342400e-01 7.428000e-03 1.583320e-01
121 8.330040e-01 7.460000e-03 1.595360e-01
122 8.318440e-01 7.384000e-03 1.607720e-01
123 8.306840e-01 7.244000e-03 1.620720e-01
124 8.294920e-01 7.252000e-03 1.632560e-01
125 8.283360e-01 7.156000e-03 1.645080e-01
126 8.271520e-01 7.036000e-03 1.658120e-01
127 8.258840e-01 6.956000e-03 1.671600e-01
128 8.246080e-01 7.136000e-03 1.682560e-01
129 8.234360e-01 7.012000e-03 1.695520e-01
130 8.222120e-01 7.008000e-03 1.707800e-01
131 8.209360e-01 7.152000e-03 1.719120e-01
132 8.198560e-01 6.924000e-03 1.732200e-01
133 8.188480e-01 6.820000e-03 1.743320e-01
134 8.176880e-01 6.772000e-03 1.755400e-01
135 8.165400e-01 6.756000e-03 1.767040e-01
136 8.153800e-01 6.692000e-03 1.779280e-01
137 8.142680e-01 6.548000e-03 1.791840e-01
138 8.130520e-01 6.552000e-03 1.803960e-01
139 8.119600e-01 6.512000e-03 1.815280e-01
140 8.106520e-01 6.688000e-03 1.826600e-01
141 8.094640e-01 6.564000e-03 1.839720e-01
142 8.082800e-01 6.512000e-03 1.852080e-01
143 8.072400e-01 6.524000e-03 1.862360e-01
144 8.061680e-01 6.448000e-03 1.873840e-01
145 8.051360e-01 6.448000e-03 1.884160e-01
146 8.040000e-01 6.544000e-03 1.894560e-01
147 8.028480e-01 6.616000e-03 1.905360e-01
148 8.018760e-01 6.432000e-03 1.916920e-01
149 8.007680e-01 6.444000e-03 1.927880e-01
150 7.997480e-01 6.308000e-03 1.939440e-01
151 7.986360e-01 6.208000e-03 1.951560e-01
152 7.976080e-01 6.092000e-03 1.963000e-01
153 7.966760e-01 6.020000e-03 1.973040e-01
154 7.955640e-01 6.080000e-03 1.983560e-01
155 7.944360e-01 6.100000e-03 1.994640e-01
156 7.933880e-01 5.972000e-03 2.006400e-01
157 7.923960e-01 6.008000e-03 2.015960e-01
158 7.914640e-01 5.916000e-03 2.026200e-01
159 7.904200e-01 5.956000e-03 2.036240e-01
160 7.894360e-01 5.904000e-03 2.046600e-01
161 7.885800e-01 5.816000e-03 2.056040e-01
162 7.876840e-01 5.684000e-03 2.066320e-01
163 7.867440e-01 5.568000e-03 2.076880e-01
164 7.858000e-01 5.552000e-03 2.086480e-01
165 7.848240e-01 5.596000e-03 2.095800e-01
166 7.838720e-01 5.560000e-03 2.105680e-01
167 7.830360e-01 5.520000e-03 2.114440e-01
168 7.821680e-01 5.452000e-03 2.123800e-01
169 7.813240e-01 5.460000e-03 2.132160e-01
170 7.805680e-01 5.280000e-03 2.141520e-01
171 7.798320e-01 5.076000e-03 2.150920e-01
172 7.789880e-01 5.032000e-03 2.159800e-01
173 7.782120e-01 4.992000e-03 2.167960e-01
174 7.773800e-01 4.908000e-03 2.177120e-01
175 7.766200e-01 4.776000e-03 2.186040e-01
176 7.758320e-01 4.672000e-03 2.194960e-01
177 7.749840e-01 4.660000e-03 2.203560e-01
178 7.741280e-01 4.664000e-03 2.212080e-01
179 7.732640e-01 4.736000e-03 2.220000e-01
180 7.723760e-01 4.732000e-03 2.228920e-01
181 7.715600e-01 4.776000e-03 2.236640e-01
182 7.707680e-01 4.732000e-03 2.245000e-01
183 7.699120e-01 4.692000e-03 2.253960e-01
184 7.691880e-01 4.628000e-03 2.261840e-01
185 7.683640e-01 4.636000e-03 2.270000e-01
186 7.675400e-01 4.748000e-03 2.277120e-01
187 7.667000e-01 4.792000e-03 2.285080e-01
188 7.659560e-01 4.740000e-03 2.293040e-01
189 7.652120e-01 4.648000e-03 2.301400e-01
190 7.643640e-01 4.660000e-03 2.309760e-01
191 7.634520e-01 4.704000e-03 2.318440e-01
192 7.626480e-01 4.736000e-03 2.326160e-01
193 7.617720e-01 4.748000e-03 2.334800e-01
194 7.608640e-01 4.848000e-03 2.342880e-01
195 7.599560e-01 4.836000e-03 2.352080e-01
196 7.590880e-01 4.968000e-03 2.359440e-01
197 7.582480e-01 5.004000e-03 2.367480e-01
198 7.574520e-01 4.944000e-03 2.376040e-01
199 7.565720e-01 4.928000e-03 2.385000e-01
200 7.555760e-01 4.960000e-03 2.394640e-01
201 7.547840e-01 4.904000e-03 2.403120e-01
202 7.540480e-01 4.876000e-03 2.410760e-01
203 7.531680e-01 4.860000e-03 2.419720e-01
204 7.522920e-01 5.028000e-03 2.426800e-01
205 7.513760e-01 5.068000e-03 2.435560e-01
206 7.504320e-01 5.120000e-03 2.444480e-01
207 7.496280e-01 4.988000e-03 2.453840e-01
208 7.487120e-01 5.092000e-03 2.461960e-01
209 7.478560e-01 5.052000e-03 2.470920e-01
210 7.470280e-01 5.000000e-03 2.479720e-01
211 7.462280e-01 4.924000e-03 2.488480e-01
212 7.453320e-01 5.036000e-03 2.496320e-01
213 7.445360e-01 5.040000e-03 2.504240e-01
214 7.437600e-01 5.032000e-03 2.512080e-01
215 7.430200e-01 4.728000e-03 2.522520e-01
216 7.423640e-01 4.640000e-03 2.529960e-01
217 7.415560e-01 4.568000e-03 2.538760e-01
218 7.408080e-01 4.616000e-03 2.545760e-01
219 7.400440e-01 4.544000e-03 2.554120e-01
220 7.391280e-01 4.660000e-03 2.562120e-01
221 7.383840e-01 4.592000e-03 2.570240e-01
222 7.376440e-01 4.600000e-03 2.577560e-01
223 7.368480e-01 4.516000e-03 2.586360e-01
224 7.361560e-01 4.404000e-03 2.594400e-01
225 7.354120e-01 4.328000e-03 2.602600e-01
226 7.347840e-01 4.268000e-03 2.609480e-01
227 7.341960e-01 4.096000e-03 2.617080e-01
228 7.334280e-01 4.116000e-03 2.624560e-01
229 7.326880e-01 4.112000e-03 2.632000e-01
230 7.320200e-01 4.100000e-03 2.638800e-01
231 7.313520e-01 4.048000e-03 2.646000e-01
232 7.306520e-01 4.040000e-03 2.653080e-01
233 7.300200e-01 3.972000e-03 2.660080e-01
234 7.293480e-01 3.944000e-03 2.667080e-01
235 7.287280e-01 3.876000e-03 2.673960e-01
236 7.279880e-01 3.980000e-03 2.680320e-01
237 7.272960e-01 4.032000e-03 2.686720e-01
238 7.265680e-01 4.112000e-03 2.693200e-01
239 7.257560e-01 4.248000e-03 2.699960e-01
240 7.250800e-01 4.188000e-03 2.707320e-01
241 7.243480e-01 4.116000e-03 2.715360e-01
242 7.237680e-01 3.888000e-03 2.723440e-01
243 7.231480e-01 3.824000e-03 2.730280e-01
244 7.225840e-01 3.672000e-03 2.737440e-01
245 7.219600e-01 3.672000e-03 2.743680e-01
246 7.213120e-01 3.576000e-03 2.751120e-01
247 7.205920e-01 3.732000e-03 2.756760e-01
248 7.199080e-01 3.740000e-03 2.763520e-01
249 7.192520e-01 3.716000e-03 2.770320e-01
250 7.185800e-01 3.784000e-03 2.776360e-01
251 7.179880e-01 3.772000e-03 2.782400e-01
252 7.173040e-01 3.788000e-03 2.789080e-01
253 7.166200e-01 3.804000e-03 2.795760e-01
254 7.159400e-01 3.724000e-03 2.803360e-01
255 7.153840e-01 3.664000e-03 2.809520e-01
256 7.148120e-01 3.600000e-03 2.815880e-01
257 7.142080e-01 3.576000e-03 2.822160e-01
258 7.134880e-01 3.648000e-03 2.828640e-01
259 7.129120e-01 3.604000e-03 2.834840e-01
260 7.122680e-01 3.640000e-03 2.840920e-01
261 7.116480e-01 3.616000e-03 2.847360e-01
262 7.109280e-01 3.772000e-03 2.853000e-01
263 7.100880e-01 3.948000e-03 2.859640e-01
264 7.093040e-01 3.988000e-03 2.867080e-01
265 7.086280e-01 3.996000e-03 2.873760e-01
266 7.079480e-01 3.948000e-03 2.881040e-01
267 7.072000e-01 4.016000e-03 2.887840e-01
268 7.064880e-01 4.008000e-03 2.895040e-01
269 7.057520e-01 4.024000e-03 2.902240e-01
270 7.049920e-01 4.088000e-03 2.909200e-01
271 7.043000e-01 4.048000e-03 2.916520e-01
272 7.035800e-01 4.028000e-03 2.923920e-01
273 7.028320e-01 4.024000e-03 2.931440e-01
274 7.020960e-01 4.144000e-03 2.937600e-01
275 7.015400e-01 4.080000e-03 2.943800e-01
276 7.008560e-01 4.072000e-03 2.950720e-01
277 7.002120e-01 3.948000e-03 2.958400e-01
278 6.996480e-01 3.804000e-03 2.965480e-01
279 6.989960e-01 3.852000e-03 2.971520e-01
280 6.984400e-01 3.764000e-03 2.977960e-01
281 6.978000e-01 3.736000e-03 2.984640e-01
282 6.972280e-01 3.716000e-03 2.990560e-01
283 6.965760e-01 3.656000e-03 2.997680e-01
284 6.959400e-01 3.676000e-03 3.003840e-01
285 6.953840e-01 3.532000e-03 3.010840e-01
286 6.948440e-01 3.380000e-03 3.017760e-01
287 6.943080e-01 3.300000e-03 3.023920e-01
288 6.937760e-01 3.292000e-03 3.029320e-01
289 6.932000e-01 3.328000e-03 3.034720e-01
290 6.926440e-01 3.248000e-03 3.041080e-01
291 6.919400e-01 3.448000e-03 3.046120e-01
292 6.913000e-01 3.476000e-03 3.052240e-01
293 6.906720e-01 3.448000e-03 3.058800e-01
294 6.899720e-01 3.576000e-03 3.064520e-01
295 6.893960e-01 3.580000e-03 3.070240e-01
296 6.888080e-01 3.572000e-03 3.076200e-01
297 6.881640e-01 3.608000e-03 3.082280e-01
298 6.876400e-01 3.492000e-03 3.088680e-01
299 6.870920e-01 3.528000e-03 3.093800e-01
300 6.865440e-01 3.540000e-03 3.099160e-01
301 6.859960e-01 3.464000e-03 3.105400e-01
302 6.854320e-01 3.376000e-03 3.111920e-01
303 6.849560e-01 3.332000e-03 3.117120e-01
304 6.843880e-01 3.392000e-03 3.122200e-01
305 6.838920e-01 3.272000e-03 3.128360e-01
306 6.832440e-01 3.308000e-03 3.134480e-01
307 6.825800e-01 3.324000e-03 3.140960e-01
308 6.821000e-01 3.264000e-03 3.146360e-01
309 6.816400e-01 3.188000e-03 3.151720e-01
310 6.811520e-01 3.076000e-03 3.157720e-01
311 6.805960e-01 3.116000e-03 3.162880e-01
312 6.800080e-01 3.148000e-03 3.168440e-01
313 6.794320e-01 3.168000e-03 3.174000e-01
314 6.788760e-01 3.248000e-03 3.178760e-01
315 6.783120e-01 3.252000e-03 3.184360e-01
316 6.776600e-01 3.356000e-03 3.189840e-01
317 6.771320e-01 3.268000e-03 3.196000e-01
318 6.766880e-01 3.160000e-03 3.201520e-01
319 6.762840e-01 2.940000e-03 3.207760e-01
320 6.758440e-01 2.860000e-03 3.212960e-01
321 6.754600e-01 2.772000e-03 3.217680e-01
322 6.751320e-01 2.624000e-03 3.222440e-01
323 6.747840e-01 2.508000e-03 3.227080e-01
324 6.744200e-01 2.452000e-03 3.231280e-01
325 6.740000e-01 2.468000e-03 3.235320e-01
326 6.735320e-01 2.432000e-03 3.240360e-01
327 6.731520e-01 2.428000e-03 3.244200e-01
328 6.727720e-01 2.404000e-03 3.248240e-01
329 6.724280e-01 2.304000e-03 3.252680e-01
330 6.720600e-01 2.308000e-03 3.256320e-01
331 6.716920e-01 2.252000e-03 3.260560e-01
332 6.712360e-01 2.360000e-03 3.264040e-01
333 6.707800e-01 2.400000e-03 3.268200e-01
334 6.703800e-01 2.408000e-03 3.272120e-01
335 6.700120e-01 2.324000e-03 3.276640e-01
336 6.696960e-01 2.232000e-03 3.280720e-01
337 6.693400e-01 2.224000e-03 3.284360e-01
338 6.689960e-01 2.152000e-03 3.288520e-01
339 6.686440e-01 2.140000e-03 3.292160e-01
340 6.683000e-01 2.172000e-03 3.295280e-01
341 6.678000e-01 2.240000e-03 3.299600e-01
342 6.674160e-01 2.212000e-03 3.303720e-01
343 6.668600e-01 2.348000e-03 3.307920e-01
344 6.664320e-01 2.388000e-03 3.311800e-01
345 6.659320e-01 2.468000e-03 3.316000e-01
346 6.654400e-01 2.560000e-03 3.320000e-01
347 6.648640e-01 2.768000e-03 3.323680e-01
348 6.643920e-01 2.796000e-03 3.328120e-01
349 6.638760e-01 2.812000e-03 3.333120e-01
350 6.633200e-01 2.876000e-03 3.338040e-01
351 6.628440e-01 2.812000e-03 3.343440e-01
352 6.623960e-01 2.660000e-03 3.349440e-01
353 6.619160e-01 2.680000e-03 3.354040e-01
354 6.614400e-01 2.628000e-03 3.359320e-01
355 6.609880e-01 2.644000e-03 3.363680e-01
356 6.605440e-01 2.628000e-03 3.368280e-01
357 6.601320e-01 2.620000e-03 3.372480e-01
358 6.597240e-01 2.556000e-03 3.377200e-01
359 6.592760e-01 2.524000e-03 3.382000e-01
360 6.588240e-01 2.576000e-03 3.386000e-01
361 6.584080e-01 2.564000e-03 3.390280e-01
362 6.580280e-01 2.516000e-03 3.394560e-01
363 6.577360e-01 2.352000e-03 3.399120e-01
364 6.574600e-01 2.256000e-03 3.402840e-01
365 6.571160e-01 2.256000e-03 3.406280e-01
366 6.568600e-01 2.092000e-03 3.410480e-01
367 6.565720e-01 1.996000e-03 3.414320e-01
368 6.563720e-01 1.840000e-03 3.417880e-01
369 6.561000e-01 1.836000e-03 3.420640e-01
370 6.558080e-01 1.824000e-03 3.423680e-01
371 6.555320e-01 1.756000e-03 3.427120e-01
372 6.552760e-01 1.756000e-03 3.429680e-01
373 6.550040e-01 1.672000e-03 3.433240e-01
374 6.547880e-01 1.640000e-03 3.435720e-01
375 6.545360e-01 1.600000e-03 3.438640e-01
376 6.543000e-01 1.600000e-03 3.441000e-01
377 6.540280e-01 1.588000e-03 3.443840e-01
378 6.537520e-01 1.580000e-03 3.446680e-01
379 6.535560e-01 1.512000e-03 3.449320e-01
380 6.532960e-01 1.440000e-03 3.452640e-01
381 6.530560e-01 1.368000e-03 3.455760e-01
382 6.528680e-01 1.320000e-03 3.458120e-01
383 6.526240e-01 1.336000e-03 3.460400e-01
384 6.524040e-01 1.324000e-03 3.462720e-01
385 6.522000e-01 1.272000e-03 3.465280e-01
386 6.520000e-01 1.316000e-03 3.466840e-01
387 6.517920e-01 1.300000e-03 3.469080e-01
388 6.515800e-01 1.292000e-03 3.471280e-01
389 6.513920e-01 1.260000e-03 3.473480e-01
390 6.511600e-01 1.196000e-03 3.476440e-01
391 6.509880e-01 1.192000e-03 3.478200e-01
392 6.508120e-01 1.160000e-03 3.480280e-01
393 6.505840e-01 1.208000e-03 3.482080e-01
394 6.504280e-01 1.100000e-03 3.484720e-01
395 6.502400e-01 1.060000e-03 3.487000e-01
396 6.500360e-01 1.088000e-03 3.488760e-01
397 6.499160e-01 1.080000e-03 3.490040e-01
398 6.497240e-01 1.128000e-03 3.491480e-01
399 6.495440e-01 1.132000e-03 3.493240e-01
400 6.493960e-01 1.056000e-03 3.495480e-01
401 6.492320e-01 1.028000e-03 3.497400e-01
402 6.490920e-01 9.960000e-04 3.499120e-01
403 6.489960e-01 9.200000e-04 3.500840e-01
404 6.488600e-01 9.200000e-04 3.502200e-01
405 6.487320e-01 8.720000e-04 3.503960e-01
406 6.486120e-01 8.560000e-04 3.505320e-01
407 6.484880e-01 8.240000e-04 3.506880e-01
408 6.483360e-01 8.520000e-04 3.508120e-01
409 6.482080e-01 7.920000e-04 3.510000e-01
410 6.480600e-01 7.840000e-04 3.511560e-01
411 6.479360e-01 7.840000e-04 3.512800e-01
412 6.477960e-01 8.280000e-04 3.513760e-01
413 6.476960e-01 7.520000e-04 3.515520e-01
414 6.475760e-01 7.480000e-04 3.516760e-01
415 6.474400e-01 8.120000e-04 3.517480e-01
416 6.472440e-01 8.840000e-04 3.518720e-01
417 6.471360e-01 8.040000e-04 3.520600e-01
418 6.469880e-01 8.080000e-04 3.522040e-01
419 6.468200e-01 8.120000e-04 3.523680e-01
420 6.466960e-01 8.040000e-04 3.525000e-01
421 6.465520e-01 7.600000e-04 3.526880e-01
422 6.464160e-01 7.360000e-04 3.528480e-01
423 6.463080e-01 7.520000e-04 3.529400e-01
424 6.461160e-01 7.720000e-04 3.531120e-01
425 6.459800e-01 7.880000e-04 3.532320e-01
426 6.458680e-01 7.560000e-04 3.533760e-01
427 6.456960e-01 7.880000e-04 3.535160e-01
428 6.455760e-01 7.560000e-04 3.536680e-01
429 6.453960e-01 8.320000e-04 3.537720e-01
430 6.451640e-01 9.080000e-04 3.539280e-01
431 6.449200e-01 1.004000e-03 3.540760e-01
432 6.447200e-01 1.056000e-03 3.542240e-01
433 6.445120e-01 1.056000e-03 3.544320e-01
434 6.442560e-01 1.120000e-03 3.546240e-01
435 6.440440e-01 1.132000e-03 3.548240e-01
436 6.438600e-01 1.100000e-03 3.550400e-01
437 6.436240e-01 1.180000e-03 3.551960e-01
438 6.434240e-01 1.176000e-03 3.554000e-01
439 6.432280e-01 1.144000e-03 3.556280e-01
440 6.430240e-01 1.180000e-03 3.557960e-01
441 6.428240e-01 1.180000e-03 3.559960e-01
442 6.426560e-01 1.112000e-03 3.562320e-01
443 6.424560e-01 1.104000e-03 3.564400e-01
444 6.422720e-01 1.112000e-03 3.566160e-01
445 6.420920e-01 1.088000e-03 3.568200e-01
446 6.419000e-01 1.092000e-03 3.570080e-01
447 6.416880e-01 1.096000e-03 3.572160e-01
448 6.415120e-01 1.124000e-03 3.573640e-01
449 6.413400e-01 1.148000e-03 3.575120e-01
450 6.411840e-01 1.084000e-03 3.577320e-01
451 6.409840e-01 1.056000e-03 3.579600e-01
452 6.408160e-01 1.024000e-03 3.581600e-01
453 6.406600e-01 9.920000e-04 3.583480e-01
454 6.404800e-01 1.048000e-03 3.584720e-01
455 6.403120e-01 1.052000e-03 3.586360e-01
456 6.401280e-01 1.040000e-03 3.588320e-01
457 6.399160e-01 1.080000e-03 3.590040e-01
458 6.397880e-01 1.056000e-03 3.591560e-01
459 6.396520e-01 1.024000e-03 3.593240e-01
460 6.395480e-01 9.160000e-04 3.595360e-01
461 6.394720e-01 8.240000e-04 3.597040e-01
462 6.393280e-01 8.080000e-04 3.598640e-01
463 6.392240e-01 7.640000e-04 3.600120e-01
464 6.391320e-01 7.400000e-04 3.601280e-01
465 6.390600e-01 6.960000e-04 3.602440e-01
466 6.389680e-01 6.920000e-04 3.603400e-01
467 6.388040e-01 7.200000e-04 3.604760e-01
468 6.386640e-01 7.600000e-04 3.605760e-01
469 6.385040e-01 7.800000e-04 3.607160e-01
470 6.383600e-01 7.840000e-04 3.608560e-01
471 6.382240e-01 7.800000e-04 3.609960e-01
472 6.380840e-01 7.480000e-04 3.611680e-01
473 6.379680e-01 7.320000e-04 3.613000e-01
474 6.378600e-01 7.280000e-04 3.614120e-01
475 6.377520e-01 7.120000e-04 3.615360e-01
476 6.376480e-01 6.840000e-04 3.616680e-01
477 6.375400e-01 6.800000e-04 3.617800e-01
478 6.374400e-01 6.800000e-04 3.618800e-01
479 6.373680e-01 6.760000e-04 3.619560e-01
480 6.372560e-01 6.400000e-04 3.621040e-01
481 6.371720e-01 6.080000e-04 3.622200e-01
482 6.370560e-01 6.240000e-04 3.623200e-01
483 6.369640e-01 6.240000e-04 3.624120e-01
484 6.368440e-01 6.400000e-04 3.625160e-01
485 6.367520e-01 6.360000e-04 3.626120e-01
486 6.366280e-01 6.440000e-04 3.627280e-01
487 6.365400e-01 6.480000e-04 3.628120e-01
488 6.364240e-01 6.360000e-04 3.629400e-01
489 6.363280e-01 6.040000e-04 3.630680e-01
490 6.362160e-01 5.800000e-04 3.632040e-01
491 6.361000e-01 5.920000e-04 3.633080e-01
492 6.359920e-01 5.920000e-04 3.634160e-01
493 6.359000e-01 6.080000e-04 3.634920e-01
494 6.357960e-01 6.240000e-04 3.635800e-01
495 6.356680e-01 6.560000e-04 3.636760e-01
496 6.355520e-01 6.400000e-04 3.638080e-01
497 6.354680e-01 6.360000e-04 3.638960e-01
498 6.353280e-01 6.840000e-04 3.639880e-01
499 6.352360e-01 6.560000e-04 3.641080e-01
500 6.351440e-01 6.320000e-04 3.642240e-01
