1 9.992280e-01 6.880000e-04 8.400000e-05
2 9.987440e-01 1.028000e-03 2.280000e-04
3 9.980880e-01 1.440000e-03 4.720000e-04
4 9.974000e-01 1.812000e-03 7.880000e-04
5 9.967600e-01 2.108000e-03 1.132000e-03
6 9.958800e-01 2.596000e-03 1.524000e-03
7 9.949520e-01 3.040000e-03 2.008000e-03
8 9.939000e-01 3.488000e-03 2.612000e-03
9 9.928600e-01 3.936000e-03 3.204000e-03
10 9.918360e-01 4.236000e-03 3.928000e-03
11 9.909040e-01 4.444000e-03 4.652000e-03
12 9.898560e-01 4.752000e-03 5.392000e-03
13 9.885680e-01 5.240000e-03 6.192000e-03
14 9.874320e-01 5.392000e-03 7.176000e-03
15 9.863240e-01 5.616000e-03 8.060000e-03
16 9.851320e-01 5.864000e-03 9.004000e-03
17 9.839640e-01 5.876000e-03 1.016000e-02
18 9.826680e-01 6.184000e-03 1.114800e-02
19 9.812840e-01 6.480000e-03 1.223600e-02
20 9.799200e-01 6.744000e-03 1.333600e-02
21 9.784040e-01 7.132000e-03 1.446400e-02
22 9.770120e-01 7.236000e-03 1.575200e-02
23 9.755280e-01 7.476000e-03 1.699600e-02
24 9.740440e-01 7.788000e-03 1.816800e-02
25 9.725400e-01 7.868000e-03 1.959200e-02
26 9.711080e-01 7.916000e-03 2.097600e-02
27 9.695800e-01 8.012000e-03 2.240800e-02
28 9.681680e-01 8.052000e-03 2.378000e-02
29 9.667360e-01 8.076000e-03 2.518800e-02
30 9.652160e-01 8.184000e-03 2.660000e-02
31 9.636800e-01 8.384000e-03 2.793600e-02
32 9.621680e-01 8.376000e-03 2.945600e-02
33 9.605840e-01 8.368000e-03 3.104800e-02
34 9.589320e-01 8.500000e-03 3.256800e-02
35 9.573000e-01 8.616000e-03 3.408400e-02
36 9.555880e-01 8.848000e-03 3.556400e-02
37 9.537080e-01 9.192000e-03 3.710000e-02
38 9.520320e-01 9.224000e-03 3.874400e-02
39 9.502760e-01 9.292000e-03 4.043200e-02
40 9.483920e-01 9.508000e-03 4.210000e-02
41 9.466440e-01 9.628000e-03 4.372800e-02
42 9.449320e-01 9.632000e-03 4.543600e-02
43 9.429720e-01 9.916000e-03 4.711200e-02
44 9.410880e-01 1.000800e-02 4.890400e-02
45 9.393440e-01 1.001200e-02 5.064400e-02
46 9.374960e-01 1.008800e-02 5.241600e-02
47 9.356040e-01 1.019200e-02 5.420400e-02
48 9.337840e-01 1.028400e-02 5.593200e-02
49 9.318680e-01 1.041600e-02 5.771600e-02
50 9.300720e-01 1.042400e-02 5.950400e-02
51 9.282640e-01 1.029200e-02 6.144400e-02
52 9.262560e-01 1.034000e-02 6.340400e-02
53 9.243200e-01 1.049600e-02 6.518400e-02
54 9.224960e-01 1.045200e-02 6.705200e-02
55 9.207920e-01 1.039600e-02 6.881200e-02
56 9.188280e-01 1.047600e-02 7.069600e-02
57 9.168360e-01 1.077200e-02 7.239200e-02
58 9.149880e-01 1.067600e-02 7.433600e-02
59 9.130600e-01 1.070800e-02 7.623200e-02
60 9.110320e-01 1.087600e-02 7.809200e-02
61 9.091920e-01 1.085200e-02 7.995600e-02
62 9.075360e-01 1.046400e-02 8.200000e-02
63 9.058640e-01 1.020000e-02 8.393600e-02
64 9.040640e-01 1.022800e-02 8.570800e-02
65 9.025360e-01 1.002000e-02 8.744400e-02
66 9.008040e-01 9.812000e-03 8.938400e-02
67 8.993320e-01 9.472000e-03 9.119600e-02
68 8.977400e-01 9.464000e-03 9.279600e-02
69 8.963400e-01 9.220000e-03 9.444000e-02
70 8.949160e-01 9.076000e-03 9.600800e-02
71 8.933880e-01 9.020000e-03 9.759200e-02
72 8.919200e-01 8.948000e-03 9.913200e-02
73 8.905080e-01 8.752000e-03 1.007400e-01
74 8.888960e-01 8.944000e-03 1.021600e-01
75 8.874760e-01 8.872000e-03 1.036520e-01
76 8.860280e-01 8.736000e-03 1.052360e-01
77 8.844880e-01 8.768000e-03 1.067440e-01
78 8.831880e-01 8.608000e-03 1.082040e-01
79 8.817240e-01 8.520000e-03 1.097560e-01
80 8.800480e-01 8.768000e-03 1.111840e-01
81 8.784760e-01 8.832000e-03 1.126920e-01
82 8.769280e-01 8.924000e-03 1.141480e-01
83 8.753880e-01 8.928000e-03 1.156840e-01
84 8.738240e-01 8.968000e-03 1.172080e-01
85 8.721840e-01 9.092000e-03 1.187240e-01
86 8.706120e-01 9.144000e-03 1.202440e-01
87 8.691240e-01 9.000000e-03 1.218760e-01
88 8.677240e-01 8.752000e-03 1.235240e-01
89 8.661240e-01 8.848000e-03 1.250280e-01
90 8.646600e-01 8.720000e-03 1.266200e-01
91 8.631600e-01 8.760000e-03 1.280800e-01
92 8.617960e-01 8.732000e-03 1.294720e-01
93 8.603520e-01 8.680000e-03 1.309680e-01
94 8.588600e-01 8.604000e-03 1.325360e-01
95 8.572600e-01 8.704000e-03 1.340360e-01
96 8.558360e-01 8.528000e-03 1.356360e-01
97 8.543480e-01 8.424000e-03 1.372280e-01
98 8.528760e-01 8.408000e-03 1.387160e-01
99 8.513760e-01 8.400000e-03 1.402240e-01
100 8.497840e-01 8.436000e-03 1.417800e-01
101 8.481920e-01 8.600000e-03 1.432080e-01
102 8.466960e-01 8.644000e-03 1.446600e-01
103 8.452640e-01 8.672000e-03 1.460640e-01
104 8.437120e-01 8.740000e-03 1.475480e-01
105 8.422320e-01 8.680000e-03 1.490880e-01
106 8.409840e-01 8.392000e-03 1.506240e-01
107 8.397520e-01 8.096000e-03 1.521520e-01
108 8.384320e-01 8.116000e-03 1.534520e-01
109 8.371600e-01 8.080000e-03 1.547600e-01
110 8.357480e-01 8.168000e-03 1.560840e-01
111 8.344120e-01 8.112000e-03 1.574760e-01
112 8.333160e-01 7.824000e-03 1.588600e-01
113 8.321320e-01 7.588000e-03 1.602800e-01
114 8.309840e-01 7.412000e-03 1.616040e-01
115 8.297240e-01 7.368000e-03 1.629080e-01
116 8.285200e-01 7.304000e-03 1.641760e-01
117 8.272320e-01 7.340000e-03 1.654280e-01
118 8.260480e-01 7.360000e-03 1.665920e-01
119 8.246800e-01 7.472000e-03 1.678480e-01
120 8.233800e-01 7.516000e-03 1.691040e-01
121 8.219520e-01 7.624000e-03 1.704240e-01
122 8.205200e-01 7.780000e-03 1.717000e-01
123 8.191120e-01 7.796000e-03 1.730920e-01
124 8.178080e-01 7.708000e-03 1.744840e-01
125 8.166840e-01 7.544000e-03 1.757720e-01
126 8.154680e-01 7.520000e-03 1.770120e-01
127 8.141720e-01 7.584000e-03 1.782440e-01
128 8.130920e-01 7.412000e-03 1.794960e-01
129 8.117680e-01 7.448000e-03 1.807840e-01
130 8.105000e-01 7.328000e-03 1.821720e-01
131 8.092880e-01 7.160000e-03 1.835520e-01
132 8.082280e-01 6.948000e-03 1.848240e-01
133 8.070680e-01 6.900000e-03 1.860320e-01
134 8.059920e-01 6.732000e-03 1.872760e-01
135 8.047760e-01 6.744000e-03 1.884800e-01
136 8.036920e-01 6.608000e-03 1.897000e-01
137 8.026920e-01 6.492000e-03 1.908160e-01
138 8.017000e-01 6.456000e-03 1.918440e-01
139 8.007720e-01 6.300000e-03 1.929280e-01
140 7.996960e-01 6.232000e-03 1.940720e-01
141 7.986720e-01 6.204000e-03 1.951240e-01
142 7.976200e-01 6.252000e-03 1.961280e-01
143 7.965840e-01 6.268000e-03 1.971480e-01
144 7.954360e-01 6.392000e-03 1.981720e-01
145 7.943040e-01 6.372000e-03 1.993240e-01
146 7.932480e-01 6.368000e-03 2.003840e-01
147 7.921800e-01 6.172000e-03 2.016480e-01
148 7.910560e-01 6.204000e-03 2.027400e-01
149 7.899520e-01 6.172000e-03 2.038760e-01
150 7.889760e-01 6.132000e-03 2.048920e-01
151 7.879760e-01 6.016000e-03 2.060080e-01
152 7.871440e-01 5.752000e-03 2.071040e-01
153 7.863160e-01 5.492000e-03 2.081920e-01
154 7.855600e-01 5.404000e-03 2.090360e-01
155 7.847880e-01 5.124000e-03 2.100880e-01
156 7.840080e-01 4.972000e-03 2.110200e-01
157 7.831880e-01 5.024000e-03 2.117880e-01
158 7.824120e-01 4.896000e-03 2.126920e-01
159 7.816280e-01 4.908000e-03 2.134640e-01
160 7.808280e-01 4.740000e-03 2.144320e-01
161 7.801640e-01 4.572000e-03 2.152640e-01
162 7.794520e-01 4.480000e-03 2.160680e-01
163 7.787920e-01 4.380000e-03 2.168280e-01
164 7.780680e-01 4.404000e-03 2.175280e-01
165 7.772800e-01 4.316000e-03 2.184040e-01
166 7.763960e-01 4.420000e-03 2.191840e-01
167 7.755680e-01 4.488000e-03 2.199440e-01
168 7.748640e-01 4.420000e-03 2.207160e-01
169 7.741320e-01 4.324000e-03 2.215440e-01
170 7.733520e-01 4.280000e-03 2.223680e-01
171 7.725880e-01 4.268000e-03 2.231440e-01
172 7.717960e-01 4.276000e-03 2.239280e-01
173 7.709840e-01 4.328000e-03 2.246880e-01
174 7.700800e-01 4.520000e-03 2.254000e-01
175 7.691760e-01 4.640000e-03 2.261840e-01
176 7.683240e-01 4.628000e-03 2.270480e-01
177 7.675560e-01 4.584000e-03 2.278600e-01
178 7.668960e-01 4.444000e-03 2.286600e-01
179 7.661200e-01 4.408000e-03 2.294720e-01
180 7.654360e-01 4.328000e-03 2.302360e-01
181 7.648200e-01 4.152000e-03 2.310280e-01
182 7.642520e-01 4.088000e-03 2.316600e-01
183 7.636520e-01 4.056000e-03 2.322920e-01
184 7.629520e-01 4.068000e-03 2.329800e-01
185 7.622520e-01 4.040000e-03 2.337080e-01
186 7.615440e-01 4.052000e-03 2.344040e-01
187 7.608840e-01 4.012000e-03 2.351040e-01
188 7.602120e-01 4.044000e-03 2.357440e-01
189 7.596160e-01 3.940000e-03 2.364440e-01
190 7.589880e-01 3.888000e-03 2.371240e-01
191 7.582920e-01 3.892000e-03 2.378160e-01
192 7.575320e-01 3.920000e-03 2.385480e-01
193 7.568520e-01 3.916000e-03 2.392320e-01
194 7.561520e-01 3.972000e-03 2.398760e-01
195 7.553880e-01 4.088000e-03 2.405240e-01
196 7.546000e-01 4.132000e-03 2.412680e-01
197 7.539720e-01 4.040000e-03 2.419880e-01
198 7.532640e-01 4.004000e-03 2.427320e-01
199 7.525080e-01 4.020000e-03 2.434720e-01
200 7.517080e-01 4.052000e-03 2.442400e-01
201 7.511800e-01 3.904000e-03 2.449160e-01
202 7.505440e-01 3.840000e-03 2.456160e-01
203 7.499200e-01 3.804000e-03 2.462760e-01
204 7.492960e-01 3.776000e-03 2.469280e-01
205 7.486880e-01 3.756000e-03 2.475560e-01
206 7.480240e-01 3.788000e-03 2.481880e-01
207 7.473480e-01 3.780000e-03 2.488720e-01
208 7.467040e-01 3.772000e-03 2.495240e-01
209 7.461080e-01 3.764000e-03 2.501280e-01
210 7.455280e-01 3.696000e-03 2.507760e-01
211 7.448160e-01 3.764000e-03 2.514200e-01
212 7.441760e-01 3.764000e-03 2.520600e-01
213 7.434280e-01 3.888000e-03 2.526840e-01
214 7.425960e-01 4.072000e-03 2.533320e-01
215 7.417520e-01 4.244000e-03 2.540040e-01
216 7.410520e-01 4.204000e-03 2.547440e-01
217 7.402320e-01 4.276000e-03 2.554920e-01
218 7.394680e-01 4.304000e-03 2.562280e-01
219 7.387160e-01 4.360000e-03 2.569240e-01
220 7.378640e-01 4.416000e-03 2.577200e-01
221 7.370240e-01 4.480000e-03 2.584960e-01
222 7.362040e-01 4.588000e-03 2.592080e-01
223 7.354200e-01 4.656000e-03 2.599240e-01
224 7.346160e-01 4.652000e-03 2.607320e-01
225 7.337880e-01 4.696000e-03 2.615160e-01
226 7.330680e-01 4.644000e-03 2.622880e-01
227 7.322720e-01 4.588000e-03 2.631400e-01
228 7.315400e-01 4.592000e-03 2.638680e-01
229 7.308680e-01 4.416000e-03 2.647160e-01
230 7.300120e-01 4.468000e-03 2.655200e-01
231 7.292520e-01 4.548000e-03 2.662000e-01
232 7.284680e-01 4.496000e-03 2.670360e-01
233 7.278400e-01 4.344000e-03 2.678160e-01
234 7.270800e-01 4.384000e-03 2.685360e-01
235 7.263000e-01 4.372000e-03 2.693280e-01
236 7.256440e-01 4.232000e-03 2.701240e-01
237 7.250480e-01 4.172000e-03 2.707800e-01
238 7.244520e-01 3.916000e-03 2.716320e-01
239 7.238960e-01 3.816000e-03 2.722880e-01
240 7.233480e-01 3.692000e-03 2.729600e-01
241 7.227800e-01 3.576000e-03 2.736440e-01
242 7.221440e-01 3.632000e-03 2.742240e-01
243 7.214920e-01 3.628000e-03 2.748800e-01
244 7.209520e-01 3.524000e-03 2.755240e-01
245 7.203760e-01 3.500000e-03 2.761240e-01
246 7.198000e-01 3.508000e-03 2.766920e-01
247 7.192120e-01 3.484000e-03 2.773040e-01
248 7.185800e-01 3.532000e-03 2.778880e-01
249 7.179040e-01 3.556000e-03 2.785400e-01
250 7.173920e-01 3.412000e-03 2.791960e-01
251 7.167840e-01 3.444000e-03 2.797720e-01
252 7.161400e-01 3.496000e-03 2.803640e-01
253 7.154880e-01 3.528000e-03 2.809840e-01
254 7.149320e-01 3.468000e-03 2.816000e-01
255 7.143120e-01 3.512000e-03 2.821760e-01
256 7.137440e-01 3.572000e-03 2.826840e-01
257 7.131680e-01 3.580000e-03 2.832520e-01
258 7.125200e-01 3.588000e-03 2.838920e-01
259 7.119880e-01 3.500000e-03 2.845120e-01
260 7.114720e-01 3.384000e-03 2.851440e-01
261 7.109600e-01 3.284000e-03 2.857560e-01
262 7.104960e-01 3.180000e-03 2.863240e-01
263 7.099080e-01 3.200000e-03 2.868920e-01
264 7.093640e-01 3.168000e-03 2.874680e-01
265 7.088320e-01 3.168000e-03 2.880000e-01
266 7.083240e-01 3.084000e-03 2.885920e-01
267 7.078600e-01 3.020000e-03 2.891200e-01
268 7.074000e-01 2.944000e-03 2.896560e-01
269 7.069000e-01 2.896000e-03 2.902040e-01
270 7.064400e-01 2.888000e-03 2.906720e-01
271 7.060680e-01 2.788000e-03 2.911440e-01
272 7.056520e-01 2.744000e-03 2.916040e-01
273 7.052240e-01 2.688000e-03 2.920880e-01
274 7.048240e-01 2.620000e-03 2.925560e-01
275 7.044360e-01 2.492000e-03 2.930720e-01
276 7.040520e-01 2.432000e-03 2.935160e-01
277 7.036920e-01 2.404000e-03 2.939040e-01
278 7.033440e-01 2.332000e-03 2.943240e-01
279 7.030000e-01 2.272000e-03 2.947280e-01
280 7.027200e-01 2.072000e-03 2.952080e-01
281 7.023880e-01 2.024000e-03 2.955880e-01
282 7.020520e-01 2.080000e-03 2.958680e-01
283 7.016840e-01 2.104000e-03 2.962120e-01
284 7.013680e-01 2.040000e-03 2.965920e-01
285 7.009920e-01 2.092000e-03 2.969160e-01
286 7.005760e-01 2.084000e-03 2.973400e-01
287 7.001680e-01 2.120000e-03 2.977120e-01
288 6.998040e-01 2.100000e-03 2.980960e-01
289 6.993440e-01 2.192000e-03 2.984640e-01
290 6.989280e-01 2.188000e-03 2.988840e-01
291 6.985680e-01 2.120000e-03 2.993120e-01
292 6.981600e-01 2.152000e-03 2.996880e-01
293 6.977600e-01 2.168000e-03 3.000720e-01
294 6.973960e-01 2.124000e-03 3.004800e-01
295 6.969760e-01 2.156000e-03 3.008680e-01
296 6.965680e-01 2.176000e-03 3.012560e-01
297 6.961240e-01 2.248000e-03 3.016280e-01
298 6.956880e-01 2.236000e-03 3.020760e-01
299 6.951680e-01 2.352000e-03 3.024800e-01
300 6.948000e-01 2.336000e-03 3.028640e-01
301 6.943080e-01 2.328000e-03 3.033640e-01
302 6.938560e-01 2.380000e-03 3.037640e-01
303 6.934800e-01 2.332000e-03 3.041880e-01
304 6.930480e-01 2.336000e-03 3.046160e-01
305 6.926080e-01 2.388000e-03 3.050040e-01
306 6.922240e-01 2.288000e-03 3.054880e-01
307 6.919520e-01 2.144000e-03 3.059040e-01
308 6.915560e-01 2.060000e-03 3.063840e-01
309 6.911400e-01 2.028000e-03 3.068320e-01
310 6.907360e-01 2.136000e-03 3.071280e-01
311 6.904280e-01 2.068000e-03 3.075040e-01
312 6.900720e-01 2.040000e-03 3.078880e-01
313 6.896320e-01 2.096000e-03 3.082720e-01
314 6.892160e-01 2.164000e-03 3.086200e-01
315 6.888600e-01 2.108000e-03 3.090320e-01
316 6.885000e-01 2.032000e-03 3.094680e-01
317 6.880480e-01 2.172000e-03 3.097800e-01
318 6.876680e-01 2.144000e-03 3.101880e-01
319 6.872440e-01 2.272000e-03 3.104840e-01
320 6.867960e-01 2.328000e-03 3.108760e-01
321 6.863840e-01 2.356000e-03 3.112600e-01
322 6.859400e-01 2.396000e-03 3.116640e-01
323 6.854840e-01 2.384000e-03 3.121320e-01
324 6.850600e-01 2.360000e-03 3.125800e-01
325 6.846880e-01 2.316000e-03 3.129960e-01
326 6.843000e-01 2.264000e-03 3.134360e-01
327 6.839520e-01 2.224000e-03 3.138240e-01
328 6.835600e-01 2.212000e-03 3.142280e-01
329 6.831640e-01 2.252000e-03 3.145840e-01
330 6.828400e-01 2.172000e-03 3.149880e-01
331 6.824480e-01 2.116000e-03 3.154360e-01
332 6.821120e-01 2.064000e-03 3.158240e-01
333 6.817960e-01 2.044000e-03 3.161600e-01
334 6.814800e-01 1.996000e-03 3.165240e-01
335 6.811800e-01 1.940000e-03 3.168800e-01
336 6.808280e-01 2.000000e-03 3.171720e-01
337 6.804880e-01 1.976000e-03 3.175360e-01
338 6.801240e-01 1.992000e-03 3.178840e-01
339 6.797680e-01 1.968000e-03 3.182640e-01
340 6.793760e-01 1.980000e-03 3.186440e-01
341 6.791280e-01 1.876000e-03 3.189960e-01
342 6.788600e-01 1.880000e-03 3.192600e-01
343 6.785360e-01 1.920000e-03 3.195440e-01
344 6.781640e-01 1.984000e-03 3.198520e-01
345 6.778160e-01 1.988000e-03 3.201960e-01
346 6.774880e-01 1.996000e-03 3.205160e-01
347 6.771560e-01 2.000000e-03 3.208440e-01
348 6.768560e-01 1.996000e-03 3.211480e-01
349 6.766120e-01 1.904000e-03 3.214840e-01
350 6.762760e-01 1.920000e-03 3.218040e-01
351 6.759720e-01 1.900000e-03 3.221280e-01
352 6.756560e-01 1.908000e-03 3.224360e-01
353 6.753720e-01 1.872000e-03 3.227560e-01
354 6.751160e-01 1.784000e-03 3.231000e-01
355 6.748520e-01 1.752000e-03 3.233960e-01
356 6.745520e-01 1.760000e-03 3.236880e-01
357 6.742280e-01 1.776000e-03 3.239960e-01
358 6.738880e-01 1.880000e-03 3.242320e-01
359 6.735680e-01 1.896000e-03 3.245360e-01
360 6.732080e-01 1.948000e-03 3.248440e-01
361 6.728000e-01 1.936000e-03 3.252640e-01
362 6.724120e-01 1.976000e-03 3.256120e-01
363 6.720400e-01 1.992000e-03 3.259680e-01
364 6.717080e-01 1.920000e-03 3.263720e-01
365 6.713920e-01 1.932000e-03 3.266760e-01
366 6.710560e-01 1.920000e-03 3.270240e-01
367 6.707000e-01 1.972000e-03 3.273280e-01
368 6.704040e-01 1.940000e-03 3.276560e-01
369 6.701240e-01 1.860000e-03 3.280160e-01
370 6.697840e-01 1.844000e-03 3.283720e-01
371 6.694280e-01 1.904000e-03 3.286680e-01
372 6.690600e-01 1.924000e-03 3.290160e-01
373 6.686400e-01 2.004000e-03 3.293560e-01
374 6.682960e-01 1.976000e-03 3.297280e-01
375 6.679760e-01 1.908000e-03 3.301160e-01
376 6.676120e-01 1.924000e-03 3.304640e-01
377 6.672400e-01 1.972000e-03 3.307880e-01
378 6.668720e-01 1.928000e-03 3.312000e-01
379 6.665280e-01 1.860000e-03 3.316120e-01
380 6.663000e-01 1.844000e-03 3.318560e-01
381 6.660080e-01 1.816000e-03 3.321760e-01
382 6.657680e-01 1.752000e-03 3.324800e-01
383 6.654560e-01 1.804000e-03 3.327400e-01
384 6.651560e-01 1.752000e-03 3.330920e-01
385 6.648640e-01 1.740000e-03 3.333960e-01
386 6.645560e-01 1.740000e-03 3.337040e-01
387 6.642440e-01 1.764000e-03 3.339920e-01
388 6.640040e-01 1.656000e-03 3.343400e-01
389 6.637040e-01 1.668000e-03 3.346280e-01
390 6.634240e-01 1.624000e-03 3.349520e-01
391 6.631760e-01 1.572000e-03 3.352520e-01
392 6.628880e-01 1.576000e-03 3.355360e-01
393 6.625840e-01 1.604000e-03 3.358120e-01
394 6.622360e-01 1.664000e-03 3.361000e-01
395 6.619840e-01 1.596000e-03 3.364200e-01
396 6.617080e-01 1.608000e-03 3.366840e-01
397 6.614280e-01 1.636000e-03 3.369360e-01
398 6.610720e-01 1.708000e-03 3.372200e-01
399 6.607600e-01 1.664000e-03 3.375760e-01
400 6.604400e-01 1.640000e-03 3.379200e-01
401 6.601760e-01 1.652000e-03 3.381720e-01
402 6.599040e-01 1.644000e-03 3.384520e-01
403 6.596240e-01 1.620000e-03 3.387560e-01
404 6.593040e-01 1.624000e-03 3.390720e-01
405 6.590800e-01 1.572000e-03 3.393480e-01
406 6.587960e-01 1.576000e-03 3.396280e-01
407 6.585120e-01 1.584000e-03 3.399040e-01
408 6.582320e-01 1.568000e-03 3.402000e-01
409 6.580280e-01 1.476000e-03 3.404960e-01
410 6.578200e-01 1.444000e-03 3.407360e-01
411 6.576320e-01 1.376000e-03 3.409920e-01
412 6.574160e-01 1.360000e-03 3.412240e-01
413 6.571480e-01 1.432000e-03 3.414200e-01
414 6.568680e-01 1.488000e-03 3.416440e-01
415 6.565840e-01 1.468000e-03 3.419480e-01
416 6.563040e-01 1.488000e-03 3.422080e-01
417 6.560000e-01 1.552000e-03 3.424480e-01
418 6.556880e-01 1.584000e-03 3.427280e-01
419 6.554320e-01 1.540000e-03 3.430280e-01
420 6.551480e-01 1.560000e-03 3.432920e-01
421 6.549000e-01 1.532000e-03 3.435680e-01
422 6.546440e-01 1.540000e-03 3.438160e-01
423 6.543480e-01 1.536000e-03 3.441160e-01
424 6.541720e-01 1.472000e-03 3.443560e-01
425 6.539200e-01 1.460000e-03 3.446200e-01
426 6.536760e-01 1.480000e-03 3.448440e-01
427 6.534360e-01 1.464000e-03 3.451000e-01
428 6.532280e-01 1.364000e-03 3.454080e-01
429 6.529920e-01 1.348000e-03 3.456600e-01
430 6.527920e-01 1.300000e-03 3.459080e-01
431 6.526240e-01 1.248000e-03 3.461280e-01
432 6.523960e-01 1.248000e-03 3.463560e-01
433 6.522280e-01 1.200000e-03 3.465720e-01
434 6.520200e-01 1.216000e-03 3.467640e-01
435 6.518160e-01 1.168000e-03 3.470160e-01
436 6.516160e-01 1.196000e-03 3.471880e-01
437 6.514520e-01 1.140000e-03 3.474080e-01
438 6.512560e-01 1.132000e-03 3.476120e-01
439 6.511160e-01 1.088000e-03 3.477960e-01
440 6.509600e-01 1.072000e-03 3.479680e-01
441 6.508040e-01 9.880000e-04 3.482080e-01
442 6.506400e-01 9.960000e-04 3.483640e-01
443 6.504720e-01 1.016000e-03 3.485120e-01
444 6.503120e-01 1.024000e-03 3.486640e-01
445 6.501600e-01 9.960000e-04 3.488440e-01
446 6.500040e-01 1.008000e-03 3.489880e-01
447 6.498480e-01 1.000000e-03 3.491520e-01
448 6.497120e-01 9.760000e-04 3.493120e-01
449 6.495000e-01 1.036000e-03 3.494640e-01
450 6.493080e-01 1.016000e-03 3.496760e-01
451 6.491280e-01 9.920000e-04 3.498800e-01
452 6.489480e-01 9.920000e-04 3.500600e-01
453 6.488160e-01 9.600000e-04 3.502240e-01
454 6.486120e-01 1.016000e-03 3.503720e-01
455 6.484560e-01 9.960000e-04 3.505480e-01
456 6.482480e-01 1.032000e-03 3.507200e-01
457 6.480240e-01 1.076000e-03 3.509000e-01
458 6.478680e-01 1.032000e-03 3.511000e-01
459 6.477040e-01 1.040000e-03 3.512560e-01
460 6.474600e-01 1.100000e-03 3.514400e-01
461 6.472880e-01 1.060000e-03 3.516520e-01
462 6.471520e-01 1.064000e-03 3.517840e-01
463 6.470080e-01 1.004000e-03 3.519880e-01
464 6.468680e-01 9.480000e-04 3.521840e-01
465 6.467480e-01 9.240000e-04 3.523280e-01
466 6.466360e-01 8.520000e-04 3.525120e-01
467 6.465360e-01 8.160000e-04 3.526480e-01
468 6.464080e-01 8.320000e-04 3.527600e-01
469 6.462800e-01 8.400000e-04 3.528800e-01
470 6.461360e-01 8.200000e-04 3.530440e-01
471 6.459840e-01 8.360000e-04 3.531800e-01
472 6.458680e-01 8.120000e-04 3.533200e-01
473 6.457480e-01 7.360000e-04 3.535160e-01
474 6.456280e-01 7.480000e-04 3.536240e-01
475 6.454680e-01 7.720000e-04 3.537600e-01
476 6.453880e-01 7.600000e-04 3.538520e-01
477 6.452960e-01 7.400000e-04 3.539640e-01
478 6.451760e-01 7.520000e-04 3.540720e-01
479 6.450760e-01 7.400000e-04 3.541840e-01
480 6.449680e-01 7.280000e-04 3.543040e-01
481 6.448800e-01 7.120000e-04 3.544080e-01
482 6.447760e-01 6.800000e-04 3.545440e-01
483 6.446760e-01 6.800000e-04 3.546440e-01
484 6.445560e-01 6.640000e-04 3.547800e-01
485 6.444760e-01 6.800000e-04 3.548440e-01
486 6.443560e-01 7.000000e-04 3.549440e-01
487 6.442440e-01 6.920000e-04 3.550640e-01
488 6.441280e-01 7.000000e-04 3.551720e-01
489 6.440120e-01 6.520000e-04 3.553360e-01
490 6.438960e-01 6.600000e-04 3.554440e-01
491 6.437120e-01 7.120000e-04 3.555760e-01
492 6.435280e-01 7.640000e-04 3.557080e-01
493 6.434000e-01 7.120000e-04 3.558880e-01
494 6.432400e-01 7.560000e-04 3.560040e-01
495 6.430640e-01 7.840000e-04 3.561520e-01
496 6.429000e-01 7.800000e-04 3.563200e-01
497 6.426960e-01 8.320000e-04 3.564720e-01
498 6.425000e-01 9.040000e-04 3.565960e-01
499 6.423040e-01 9.240000e-04 3.567720e-01
500 6.421680e-01 9.480000e-04 3.568840e-01
