1 9.991640e-01 7.240000e-04 1.120000e-04
2 9.985720e-01 1.164000e-03 2.640000e-04
3 9.979440e-01 1.568000e-03 4.880000e-04
4 9.972600e-01 1.948000e-03 7.920000e-04
5 9.965920e-01 2.272000e-03 1.136000e-03
6 9.958880e-01 2.604000e-03 1.508000e-03
7 9.952120e-01 2.828000e-03 1.960000e-03
8 9.943680e-01 3.200000e-03 2.432000e-03
9 9.934880e-01 3.484000e-03 3.028000e-03
10 9.926120e-01 3.636000e-03 3.752000e-03
11 9.916160e-01 3.984000e-03 4.400000e-03
12 9.906960e-01 4.228000e-03 5.076000e-03
13 9.896480e-01 4.568000e-03 5.784000e-03
14 9.886720e-01 4.692000e-03 6.636000e-03
15 9.874960e-01 5.104000e-03 7.400000e-03
16 9.863560e-01 5.336000e-03 8.308000e-03
17 9.850400e-01 5.616000e-03 9.344000e-03
18 9.837640e-01 5.960000e-03 1.027600e-02
19 9.824040e-01 6.216000e-03 1.138000e-02
20 9.810120e-01 6.488000e-03 1.250000e-02
21 9.797800e-01 6.648000e-03 1.357200e-02
22 9.784240e-01 6.836000e-03 1.474000e-02
23 9.771080e-01 7.012000e-03 1.588000e-02
24 9.757400e-01 7.036000e-03 1.722400e-02
25 9.742760e-01 7.176000e-03 1.854800e-02
26 9.727280e-01 7.476000e-03 1.979600e-02
27 9.713000e-01 7.608000e-03 2.109200e-02
28 9.697880e-01 7.864000e-03 2.234800e-02
29 9.681560e-01 8.152000e-03 2.369200e-02
30 9.666520e-01 8.248000e-03 2.510000e-02
31 9.650000e-01 8.504000e-03 2.649600e-02
32 9.634840e-01 8.532000e-03 2.798400e-02
33 9.617840e-01 8.708000e-03 2.950800e-02
34 9.602200e-01 8.776000e-03 3.100400e-02
35 9.585240e-01 8.904000e-03 3.257200e-02
36 9.569600e-01 8.828000e-03 3.421200e-02
37 9.553840e-01 8.860000e-03 3.575600e-02
38 9.537080e-01 8.976000e-03 3.731600e-02
39 9.519680e-01 9.100000e-03 3.893200e-02
40 9.505080e-01 8.904000e-03 4.058800e-02
41 9.489440e-01 8.920000e-03 4.213600e-02
42 9.474120e-01 8.960000e-03 4.362800e-02
43 9.459280e-01 8.936000e-03 4.513600e-02
44 9.441600e-01 9.104000e-03 4.673600e-02
45 9.425440e-01 9.204000e-03 4.825200e-02
46 9.408840e-01 9.172000e-03 4.994400e-02
47 9.392640e-01 9.064000e-03 5.167200e-02
48 9.375800e-01 9.224000e-03 5.319600e-02
49 9.358280e-01 9.368000e-03 5.480400e-02
50 9.340760e-01 9.356000e-03 5.656800e-02
51 9.323800e-01 9.456000e-03 5.816400e-02
52 9.305320e-01 9.556000e-03 5.991200e-02
53 9.288880e-01 9.664000e-03 6.144800e-02
54 9.271600e-01 9.660000e-03 6.318000e-02
55 9.253960e-01 9.748000e-03 6.485600e-02
56 9.236720e-01 9.672000e-03 6.665600e-02
57 9.218640e-01 9.776000e-03 6.836000e-02
58 9.199000e-01 9.996000e-03 7.010400e-02
59 9.179280e-01 1.020400e-02 7.186800e-02
60 9.162400e-01 1.023600e-02 7.352400e-02
61 9.144040e-01 1.024400e-02 7.535200e-02
62 9.126920e-01 1.017600e-02 7.713200e-02
63 9.107320e-01 1.018000e-02 7.908800e-02
64 9.090040e-01 1.014800e-02 8.084800e-02
65 9.072240e-01 1.017200e-02 8.260400e-02
66 9.054160e-01 1.012400e-02 8.446000e-02
67 9.036000e-01 1.028400e-02 8.611600e-02
68 9.017160e-01 1.032800e-02 8.795600e-02
69 9.000040e-01 1.031600e-02 8.968000e-02
70 8.982880e-01 1.032400e-02 9.138800e-02
71 8.965080e-01 1.016000e-02 9.333200e-02
72 8.947800e-01 1.022400e-02 9.499600e-02
73 8.930440e-01 1.014000e-02 9.681600e-02
74 8.913720e-01 1.013200e-02 9.849600e-02
75 8.898280e-01 9.860000e-03 1.003120e-01
76 8.880960e-01 9.880000e-03 1.020240e-01
77 8.865600e-01 9.776000e-03 1.036640e-01
78 8.847560e-01 9.800000e-03 1.054440e-01
79 8.831600e-01 9.748000e-03 1.070920e-01
80 8.814760e-01 9.932000e-03 1.085920e-01
81 8.798400e-01 9.828000e-03 1.103320e-01
82 8.781440e-01 9.884000e-03 1.119720e-01
83 8.766480e-01 9.660000e-03 1.136920e-01
84 8.751040e-01 9.540000e-03 1.153560e-01
85 8.734720e-01 9.504000e-03 1.170240e-01
86 8.718640e-01 9.408000e-03 1.187280e-01
87 8.702640e-01 9.388000e-03 1.203480e-01
88 8.686080e-01 9.376000e-03 1.220160e-01
89 8.668320e-01 9.408000e-03 1.237600e-01
90 8.651760e-01 9.424000e-03 1.254000e-01
91 8.635720e-01 9.408000e-03 1.270200e-01
92 8.620240e-01 9.308000e-03 1.286680e-01
93 8.604760e-01 9.164000e-03 1.303600e-01
94 8.588400e-01 9.156000e-03 1.320040e-01
95 8.571840e-01 9.268000e-03 1.335480e-01
96 8.556240e-01 9.428000e-03 1.349480e-01
97 8.539960e-01 9.416000e-03 1.365880e-01
98 8.524240e-01 9.496000e-03 1.380800e-01
99 8.507840e-01 9.508000e-03 1.397080e-01
100 8.491680e-01 9.440000e-03 1.413920e-01
101 8.476360e-01 9.372000e-03 1.429920e-01
102 8.460360e-01 9.408000e-03 1.445560e-01
103 8.447240e-01 9.160000e-03 1.461160e-01
104 8.431120e-01 9.124000e-03 1.477640e-01
105 8.415560e-01 9.188000e-03 1.492560e-01
106 8.399280e-01 9.284000e-03 1.507880e-01
107 8.381680e-01 9.408000e-03 1.524240e-01
108 8.366280e-01 9.176000e-03 1.541960e-01
109 8.350400e-01 9.200000e-03 1.557600e-01
110 8.335040e-01 9.008000e-03 1.574880e-01
111 8.320680e-01 8.900000e-03 1.590320e-01
112 8.305760e-01 8.832000e-03 1.605920e-01
113 8.291280e-01 8.772000e-03 1.621000e-01
114 8.276880e-01 8.716000e-03 1.635960e-01
115 8.260920e-01 8.832000e-03 1.650760e-01
116 8.245320e-01 8.940000e-03 1.665280e-01
117 8.229200e-01 9.048000e-03 1.680320e-01
118 8.213480e-01 9.136000e-03 1.695160e-01
119 8.198840e-01 8.936000e-03 1.711800e-01
120 8.183840e-01 8.972000e-03 1.726440e-01
121 8.168040e-01 9.024000e-03 1.741720e-01
122 8.153560e-01 8.900000e-03 1.757440e-01
123 8.138840e-01 8.756000e-03 1.773600e-01
124 8.123880e-01 8.840000e-03 1.787720e-01
125 8.109400e-01 8.720000e-03 1.803400e-01
126 8.094920e-01 8.576000e-03 1.819320e-01
127 8.079960e-01 8.520000e-03 1.834840e-01
128 8.066000e-01 8.372000e-03 1.850280e-01
129 8.052080e-01 8.176000e-03 1.866160e-01
130 8.036840e-01 8.212000e-03 1.881040e-01
131 8.021080e-01 8.352000e-03 1.895400e-01
132 8.006560e-01 8.296000e-03 1.910480e-01
133 7.992200e-01 8.140000e-03 1.926400e-01
134 7.977680e-01 8.108000e-03 1.941240e-01
135 7.962320e-01 8.264000e-03 1.955040e-01
136 7.949080e-01 8.152000e-03 1.969400e-01
137 7.934360e-01 8.184000e-03 1.983800e-01
138 7.919640e-01 8.224000e-03 1.998120e-01
139 7.903600e-01 8.300000e-03 2.013400e-01
140 7.888000e-01 8.512000e-03 2.026880e-01
141 7.872560e-01 8.512000e-03 2.042320e-01
142 7.856960e-01 8.496000e-03 2.058080e-01
143 7.841600e-01 8.616000e-03 2.072240e-01
144 7.825040e-01 8.804000e-03 2.086920e-01
145 7.808440e-01 8.864000e-03 2.102920e-01
146 7.794040e-01 8.700000e-03 2.118960e-01
147 7.778080e-01 8.692000e-03 2.135000e-01
148 7.762520e-01 8.832000e-03 2.149160e-01
149 7.747960e-01 8.576000e-03 2.166280e-01
150 7.731360e-01 8.776000e-03 2.180880e-01
151 7.715440e-01 8.868000e-03 2.195880e-01
152 7.697360e-01 8.956000e-03 2.213080e-01
153 7.682160e-01 8.908000e-03 2.228760e-01
154 7.668920e-01 8.756000e-03 2.243520e-01
155 7.656880e-01 8.424000e-03 2.258880e-01
156 7.642760e-01 8.384000e-03 2.273400e-01
157 7.630440e-01 8.248000e-03 2.287080e-01
158 7.616760e-01 8.264000e-03 2.300600e-01
159 7.604680e-01 8.072000e-03 2.314600e-01
160 7.591360e-01 7.996000e-03 2.328680e-01
161 7.578240e-01 7.968000e-03 2.342080e-01
162 7.565680e-01 7.812000e-03 2.356200e-01
163 7.551800e-01 7.832000e-03 2.369880e-01
164 7.539480e-01 7.736000e-03 2.383160e-01
165 7.525880e-01 7.704000e-03 2.397080e-01
166 7.512800e-01 7.672000e-03 2.410480e-01
167 7.499120e-01 7.720000e-03 2.423680e-01
168 7.485000e-01 7.676000e-03 2.438240e-01
169 7.471080e-01 7.708000e-03 2.451840e-01
170 7.456720e-01 7.896000e-03 2.464320e-01
171 7.445040e-01 7.620000e-03 2.478760e-01
172 7.431280e-01 7.672000e-03 2.492000e-01
173 7.419280e-01 7.564000e-03 2.505080e-01
174 7.407160e-01 7.336000e-03 2.519480e-01
175 7.394240e-01 7.336000e-03 2.532400e-01
176 7.382440e-01 7.344000e-03 2.544120e-01
177 7.369560e-01 7.388000e-03 2.556560e-01
178 7.355640e-01 7.564000e-03 2.568720e-01
179 7.343160e-01 7.508000e-03 2.581760e-01
180 7.330120e-01 7.496000e-03 2.594920e-01
181 7.318160e-01 7.412000e-03 2.607720e-01
182 7.308560e-01 7.124000e-03 2.620200e-01
183 7.298800e-01 6.928000e-03 2.631920e-01
184 7.288160e-01 6.780000e-03 2.644040e-01
185 7.277320e-01 6.728000e-03 2.655400e-01
186 7.265720e-01 6.788000e-03 2.666400e-01
187 7.253920e-01 6.824000e-03 2.677840e-01
188 7.241320e-01 6.940000e-03 2.689280e-01
189 7.229720e-01 6.916000e-03 2.701120e-01
190 7.218120e-01 6.860000e-03 2.713280e-01
191 7.208160e-01 6.744000e-03 2.724400e-01
192 7.196200e-01 6.796000e-03 2.735840e-01
193 7.185400e-01 6.772000e-03 2.746880e-01
194 7.174560e-01 6.620000e-03 2.759240e-01
195 7.163800e-01 6.540000e-03 2.770800e-01
196 7.153480e-01 6.392000e-03 2.782600e-01
197 7.142520e-01 6.280000e-03 2.794680e-01
198 7.133600e-01 6.000000e-03 2.806400e-01
199 7.123600e-01 6.024000e-03 2.816160e-01
200 7.113280e-01 5.992000e-03 2.826800e-01
201 7.103600e-01 5.960000e-03 2.836800e-01
202 7.094360e-01 5.900000e-03 2.846640e-01
203 7.085160e-01 5.912000e-03 2.855720e-01
204 7.075600e-01 5.772000e-03 2.866680e-01
205 7.065560e-01 5.724000e-03 2.877200e-01
206 7.056400e-01 5.716000e-03 2.886440e-01
207 7.045640e-01 5.816000e-03 2.896200e-01
208 7.035760e-01 5.804000e-03 2.906200e-01
209 7.025200e-01 5.896000e-03 2.915840e-01
210 7.014680e-01 5.924000e-03 2.926080e-01
211 7.003720e-01 5.992000e-03 2.936360e-01
212 6.993640e-01 5.860000e-03 2.947760e-01
213 6.983320e-01 5.816000e-03 2.958520e-01
214 6.972720e-01 5.900000e-03 2.968280e-01
215 6.961280e-01 5.916000e-03 2.979560e-01
216 6.952600e-01 5.844000e-03 2.988960e-01
217 6.943120e-01 5.688000e-03 3.000000e-01
218 6.933120e-01 5.660000e-03 3.010280e-01
219 6.923960e-01 5.524000e-03 3.020800e-01
220 6.913920e-01 5.628000e-03 3.029800e-01
221 6.904200e-01 5.612000e-03 3.039680e-01
222 6.895160e-01 5.564000e-03 3.049200e-01
223 6.885480e-01 5.620000e-03 3.058320e-01
224 6.875040e-01 5.700000e-03 3.067960e-01
225 6.866000e-01 5.656000e-03 3.077440e-01
226 6.857160e-01 5.588000e-03 3.086960e-01
227 6.847880e-01 5.652000e-03 3.095600e-01
228 6.839920e-01 5.468000e-03 3.105400e-01
229 6.831440e-01 5.340000e-03 3.115160e-01
230 6.822960e-01 5.256000e-03 3.124480e-01
231 6.813600e-01 5.272000e-03 3.133680e-01
232 6.803720e-01 5.376000e-03 3.142520e-01
233 6.795560e-01 5.252000e-03 3.151920e-01
234 6.784960e-01 5.356000e-03 3.161480e-01
235 6.775080e-01 5.528000e-03 3.169640e-01
236 6.764360e-01 5.652000e-03 3.179120e-01
237 6.755440e-01 5.484000e-03 3.189720e-01
238 6.746120e-01 5.448000e-03 3.199400e-01
239 6.736400e-01 5.536000e-03 3.208240e-01
240 6.726080e-01 5.612000e-03 3.217800e-01
241 6.717080e-01 5.644000e-03 3.226480e-01
242 6.708040e-01 5.524000e-03 3.236720e-01
243 6.700000e-01 5.424000e-03 3.245760e-01
244 6.692320e-01 5.200000e-03 3.255680e-01
245 6.684120e-01 5.060000e-03 3.265280e-01
246 6.675560e-01 4.996000e-03 3.274480e-01
247 6.667440e-01 4.880000e-03 3.283760e-01
248 6.658320e-01 4.948000e-03 3.292200e-01
249 6.647720e-01 5.016000e-03 3.302120e-01
250 6.637560e-01 5.068000e-03 3.311760e-01
251 6.627440e-01 5.260000e-03 3.319960e-01
252 6.617920e-01 5.336000e-03 3.328720e-01
253 6.608280e-01 5.448000e-03 3.337240e-01
254 6.598040e-01 5.508000e-03 3.346880e-01
255 6.588120e-01 5.504000e-03 3.356840e-01
256 6.578040e-01 5.580000e-03 3.366160e-01
257 6.569160e-01 5.516000e-03 3.375680e-01
258 6.559320e-01 5.480000e-03 3.385880e-01
259 6.550080e-01 5.428000e-03 3.395640e-01
260 6.542280e-01 5.236000e-03 3.405360e-01
261 6.533280e-01 5.292000e-03 3.413800e-01
262 6.523800e-01 5.312000e-03 3.423080e-01
263 6.514680e-01 5.416000e-03 3.431160e-01
264 6.504800e-01 5.408000e-03 3.441120e-01
265 6.495360e-01 5.340000e-03 3.451240e-01
266 6.485920e-01 5.284000e-03 3.461240e-01
267 6.476520e-01 5.332000e-03 3.470160e-01
268 6.467720e-01 5.276000e-03 3.479520e-01
269 6.459720e-01 5.096000e-03 3.489320e-01
270 6.451360e-01 5.128000e-03 3.497360e-01
271 6.443240e-01 5.060000e-03 3.506160e-01
272 6.435960e-01 5.000000e-03 3.514040e-01
273 6.427800e-01 4.972000e-03 3.522480e-01
274 6.420520e-01 4.836000e-03 3.531120e-01
275 6.412560e-01 4.844000e-03 3.539000e-01
276 6.405880e-01 4.584000e-03 3.548280e-01
277 6.398160e-01 4.532000e-03 3.556520e-01
278 6.390920e-01 4.452000e-03 3.564560e-01
279 6.382880e-01 4.548000e-03 3.571640e-01
280 6.375160e-01 4.552000e-03 3.579320e-01
281 6.368120e-01 4.492000e-03 3.586960e-01
282 6.360680e-01 4.424000e-03 3.595080e-01
283 6.353000e-01 4.428000e-03 3.602720e-01
284 6.344400e-01 4.528000e-03 3.610320e-01
285 6.337800e-01 4.420000e-03 3.618000e-01
286 6.329520e-01 4.460000e-03 3.625880e-01
287 6.322240e-01 4.320000e-03 3.634560e-01
288 6.314840e-01 4.348000e-03 3.641680e-01
289 6.308600e-01 4.240000e-03 3.649000e-01
290 6.302200e-01 4.132000e-03 3.656480e-01
291 6.294760e-01 4.148000e-03 3.663760e-01
292 6.287720e-01 4.180000e-03 3.670480e-01
293 6.281560e-01 4.160000e-03 3.676840e-01
294 6.275800e-01 4.004000e-03 3.684160e-01
295 6.268880e-01 3.996000e-03 3.691160e-01
296 6.262880e-01 3.968000e-03 3.697440e-01
297 6.257000e-01 3.832000e-03 3.704680e-01
298 6.250560e-01 3.888000e-03 3.710560e-01
299 6.243920e-01 3.872000e-03 3.717360e-01
300 6.237680e-01 3.772000e-03 3.724600e-01
301 6.231880e-01 3.744000e-03 3.730680e-01
302 6.226000e-01 3.692000e-03 3.737080e-01
303 6.219080e-01 3.652000e-03 3.744400e-01
304 6.212600e-01 3.636000e-03 3.751040e-01
305 6.205840e-01 3.688000e-03 3.757280e-01
306 6.198920e-01 3.688000e-03 3.764200e-01
307 6.192640e-01 3.672000e-03 3.770640e-01
308 6.186440e-01 3.668000e-03 3.776880e-01
309 6.180120e-01 3.592000e-03 3.783960e-01
310 6.173920e-01 3.580000e-03 3.790280e-01
311 6.168000e-01 3.700000e-03 3.795000e-01
312 6.162200e-01 3.580000e-03 3.802000e-01
313 6.156280e-01 3.548000e-03 3.808240e-01
314 6.150560e-01 3.564000e-03 3.813800e-01
315 6.144720e-01 3.572000e-03 3.819560e-01
316 6.137760e-01 3.636000e-03 3.825880e-01
317 6.132560e-01 3.524000e-03 3.832200e-01
318 6.128200e-01 3.344000e-03 3.838360e-01
319 6.123240e-01 3.328000e-03 3.843480e-01
320 6.117920e-01 3.308000e-03 3.849000e-01
321 6.113120e-01 3.188000e-03 3.855000e-01
322 6.108320e-01 3.120000e-03 3.860480e-01
323 6.103840e-01 2.952000e-03 3.866640e-01
324 6.098680e-01 2.924000e-03 3.872080e-01
325 6.093760e-01 3.000000e-03 3.876240e-01
326 6.088800e-01 2.968000e-03 3.881520e-01
327 6.084560e-01 2.888000e-03 3.886560e-01
328 6.079640e-01 2.908000e-03 3.891280e-01
329 6.074960e-01 2.868000e-03 3.896360e-01
330 6.070200e-01 2.852000e-03 3.901280e-01
331 6.066480e-01 2.760000e-03 3.905920e-01
332 6.062600e-01 2.688000e-03 3.910520e-01
333 6.058200e-01 2.672000e-03 3.915080e-01
334 6.054600e-01 2.560000e-03 3.919800e-01
335 6.050800e-01 2.488000e-03 3.924320e-01
336 6.046320e-01 2.528000e-03 3.928400e-01
337 6.042120e-01 2.480000e-03 3.933080e-01
338 6.038080e-01 2.380000e-03 3.938120e-01
339 6.034160e-01 2.384000e-03 3.942000e-01
340 6.030360e-01 2.288000e-03 3.946760e-01
341 6.026120e-01 2.276000e-03 3.951120e-01
342 6.021920e-01 2.296000e-03 3.955120e-01
343 6.018040e-01 2.292000e-03 3.959040e-01
344 6.013640e-01 2.368000e-03 3.962680e-01
345 6.009240e-01 2.424000e-03 3.966520e-01
346 6.005040e-01 2.392000e-03 3.971040e-01
347 6.000760e-01 2.356000e-03 3.975680e-01
348 5.996800e-01 2.320000e-03 3.980000e-01
349 5.992680e-01 2.292000e-03 3.984400e-01
350 5.988680e-01 2.240000e-03 3.988920e-01
351 5.984520e-01 2.320000e-03 3.992280e-01
352 5.980040e-01 2.356000e-03 3.996400e-01
353 5.975800e-01 2.312000e-03 4.001080e-01
354 5.971600e-01 2.300000e-03 4.005400e-01
355 5.967760e-01 2.288000e-03 4.009360e-01
356 5.963440e-01 2.312000e-03 4.013440e-01
357 5.960280e-01 2.228000e-03 4.017440e-01
358 5.957120e-01 2.236000e-03 4.020520e-01
359 5.953240e-01 2.292000e-03 4.023840e-01
360 5.949520e-01 2.344000e-03 4.027040e-01
361 5.946640e-01 2.244000e-03 4.030920e-01
362 5.942920e-01 2.228000e-03 4.034800e-01
363 5.939640e-01 2.092000e-03 4.039440e-01
364 5.936200e-01 2.084000e-03 4.042960e-01
365 5.933200e-01 1.988000e-03 4.046920e-01
366 5.930400e-01 1.944000e-03 4.050160e-01
367 5.926960e-01 1.960000e-03 4.053440e-01
368 5.923960e-01 1.876000e-03 4.057280e-01
369 5.921120e-01 1.820000e-03 4.060680e-01
370 5.918800e-01 1.732000e-03 4.063880e-01
371 5.917080e-01 1.584000e-03 4.067080e-01
372 5.915040e-01 1.548000e-03 4.069480e-01
373 5.912880e-01 1.472000e-03 4.072400e-01
374 5.910880e-01 1.408000e-03 4.075040e-01
375 5.908800e-01 1.380000e-03 4.077400e-01
376 5.907000e-01 1.284000e-03 4.080160e-01
377 5.904560e-01 1.324000e-03 4.082200e-01
378 5.901960e-01 1.356000e-03 4.084480e-01
379 5.900000e-01 1.300000e-03 4.087000e-01
380 5.897440e-01 1.368000e-03 4.088880e-01
381 5.894400e-01 1.408000e-03 4.091520e-01
382 5.891680e-01 1.440000e-03 4.093920e-01
383 5.889000e-01 1.472000e-03 4.096280e-01
384 5.885760e-01 1.500000e-03 4.099240e-01
385 5.882520e-01 1.604000e-03 4.101440e-01
386 5.880080e-01 1.584000e-03 4.104080e-01
387 5.877160e-01 1.612000e-03 4.106720e-01
388 5.875000e-01 1.520000e-03 4.109800e-01
389 5.872440e-01 1.484000e-03 4.112720e-01
390 5.869560e-01 1.480000e-03 4.115640e-01
391 5.867320e-01 1.476000e-03 4.117920e-01
392 5.865080e-01 1.408000e-03 4.120840e-01
393 5.863200e-01 1.360000e-03 4.123200e-01
394 5.861160e-01 1.324000e-03 4.125600e-01
395 5.858640e-01 1.308000e-03 4.128280e-01
396 5.856160e-01 1.252000e-03 4.131320e-01
397 5.853880e-01 1.232000e-03 4.133800e-01
398 5.851360e-01 1.288000e-03 4.135760e-01
399 5.848840e-01 1.284000e-03 4.138320e-01
400 5.846600e-01 1.316000e-03 4.140240e-01
401 5.843680e-01 1.384000e-03 4.142480e-01
402 5.840680e-01 1.412000e-03 4.145200e-01
403 5.838480e-01 1.388000e-03 4.147640e-01
404 5.836120e-01 1.396000e-03 4.149920e-01
405 5.833720e-01 1.332000e-03 4.152960e-01
406 5.831760e-01 1.268000e-03 4.155560e-01
407 5.829800e-01 1.252000e-03 4.157680e-01
408 5.827840e-01 1.240000e-03 4.159760e-01
409 5.825800e-01 1.196000e-03 4.162240e-01
410 5.823840e-01 1.248000e-03 4.163680e-01
411 5.822840e-01 1.116000e-03 4.166000e-01
412 5.821080e-01 1.120000e-03 4.167720e-01
413 5.818840e-01 1.120000e-03 4.169960e-01
414 5.816760e-01 1.128000e-03 4.171960e-01
415 5.815440e-01 1.100000e-03 4.173560e-01
416 5.813560e-01 1.128000e-03 4.175160e-01
417 5.811800e-01 1.100000e-03 4.177200e-01
418 5.810160e-01 1.056000e-03 4.179280e-01
419 5.808240e-01 1.004000e-03 4.181720e-01
420 5.806960e-01 1.012000e-03 4.182920e-01
421 5.805280e-01 1.008000e-03 4.184640e-01
422 5.803360e-01 9.800000e-04 4.186840e-01
423 5.801680e-01 9.680000e-04 4.188640e-01
424 5.800080e-01 9.600000e-04 4.190320e-01
425 5.799000e-01 9.120000e-04 4.191880e-01
426 5.798040e-01 8.520000e-04 4.193440e-01
427 5.796640e-01 8.360000e-04 4.195000e-01
428 5.795560e-01 8.160000e-04 4.196280e-01
429 5.794720e-01 7.760000e-04 4.197520e-01
430 5.793320e-01 7.800000e-04 4.198880e-01
431 5.792120e-01 7.920000e-04 4.199960e-01
432 5.790960e-01 7.760000e-04 4.201280e-01
433 5.789600e-01 7.680000e-04 4.202720e-01
434 5.788600e-01 7.480000e-04 4.203920e-01
435 5.787480e-01 7.360000e-04 4.205160e-01
436 5.786560e-01 6.600000e-04 4.206840e-01
437 5.785880e-01 6.240000e-04 4.207880e-01
438 5.784840e-01 6.120000e-04 4.209040e-01
439 5.783800e-01 6.200000e-04 4.210000e-01
440 5.782840e-01 6.360000e-04 4.210800e-01
441 5.781800e-01 6.280000e-04 4.211920e-01
442 5.780920e-01 6.080000e-04 4.213000e-01
443 5.779880e-01 5.800000e-04 4.214320e-01
444 5.778800e-01 5.880000e-04 4.215320e-01
445 5.777840e-01 5.720000e-04 4.216440e-01
446 5.776360e-01 6.240000e-04 4.217400e-01
447 5.775520e-01 5.880000e-04 4.218600e-01
448 5.774760e-01 5.520000e-04 4.219720e-01
449 5.773840e-01 5.720000e-04 4.220440e-01
450 5.772840e-01 5.760000e-04 4.221400e-01
451 5.772320e-01 5.600000e-04 4.222080e-01
452 5.771480e-01 5.600000e-04 4.222920e-01
453 5.770800e-01 5.320000e-04 4.223880e-01
454 5.770160e-01 5.040000e-04 4.224800e-01
455 5.769520e-01 4.840000e-04 4.225640e-01
456 5.768800e-01 4.760000e-04 4.226440e-01
457 5.768040e-01 4.600000e-04 4.227360e-01
458 5.767120e-01 4.720000e-04 4.228160e-01
459 5.766240e-01 4.640000e-04 4.229120e-01
460 5.765400e-01 4.880000e-04 4.229720e-01
461 5.764440e-01 5.040000e-04 4.230520e-01
462 5.763720e-01 4.800000e-04 4.231480e-01
463 5.762720e-01 5.080000e-04 4.232200e-01
464 5.761920e-01 5.200000e-04 4.232880e-01
465 5.760680e-01 5.640000e-04 4.233680e-01
466 5.759560e-01 5.880000e-04 4.234560e-01
467 5.758800e-01 5.880000e-04 4.235320e-01
468 5.757800e-01 6.000000e-04 4.236200e-01
469 5.756880e-01 6.040000e-04 4.237080e-01
470 5.756200e-01 5.720000e-04 4.238080e-01
471 5.755560e-01 5.360000e-04 4.239080e-01
472 5.754760e-01 5.080000e-04 4.240160e-01
473 5.753920e-01 5.160000e-04 4.240920e-01
474 5.753120e-01 5.040000e-04 4.241840e-01
475 5.752360e-01 4.960000e-04 4.242680e-01
476 5.752080e-01 4.360000e-04 4.243560e-01
477 5.751520e-01 4.080000e-04 4.244400e-01
478 5.750680e-01 4.240000e-04 4.245080e-01
479 5.749920e-01 4.120000e-04 4.245960e-01
480 5.749600e-01 3.720000e-04 4.246680e-01
481 5.749120e-01 3.640000e-04 4.247240e-01
482 5.748760e-01 3.600000e-04 4.247640e-01
483 5.748000e-01 3.840000e-04 4.248160e-01
484 5.747120e-01 4.040000e-04 4.248840e-01
485 5.746200e-01 4.280000e-04 4.249520e-01
486 5.745200e-01 4.600000e-04 4.250200e-01
487 5.744240e-01 4.880000e-04 4.250880e-01
488 5.743480e-01 5.200000e-04 4.251320e-01
489 5.742560e-01 5.520000e-04 4.251920e-01
490 5.741680e-01 5.760000e-04 4.252560e-01
491 5.740680e-01 5.480000e-04 4.253840e-01
492 5.739600e-01 5.600000e-04 4.254800e-01
493 5.738960e-01 5.280000e-04 4.255760e-01
494 5.738160e-01 4.720000e-04 4.257120e-01
495 5.737600e-01 4.520000e-04 4.257880e-01
496 5.736640e-01 4.560000e-04 4.258800e-01
497 5.735640e-01 4.880000e-04 4.259480e-01
498 5.735040e-01 4.760000e-04 4.260200e-01
499 5.734640e-01 4.200000e-04 4.261160e-01
500 5.734080e-01 3.960000e-04 4.261960e-01
