1 9.992680e-01 6.520000e-04 8.000000e-05
2 9.987200e-01 1.072000e-03 2.080000e-04
3 9.980480e-01 1.524000e-03 4.280000e-04
4 9.974400e-01 1.840000e-03 7.200000e-04
5 9.967320e-01 2.196000e-03 1.072000e-03
6 9.958960e-01 2.640000e-03 1.464000e-03
7 9.949920e-01 3.012000e-03 1.996000e-03
8 9.939360e-01 3.536000e-03 2.528000e-03
9 9.928400e-01 3.988000e-03 3.172000e-03
10 9.917080e-01 4.372000e-03 3.920000e-03
11 9.905840e-01 4.600000e-03 4.816000e-03
12 9.893480e-01 5.076000e-03 5.576000e-03
13 9.882160e-01 5.220000e-03 6.564000e-03
14 9.869080e-01 5.660000e-03 7.432000e-03
15 9.857960e-01 5.808000e-03 8.396000e-03
16 9.846120e-01 5.992000e-03 9.396000e-03
17 9.833680e-01 6.224000e-03 1.040800e-02
18 9.821160e-01 6.360000e-03 1.152400e-02
19 9.808560e-01 6.528000e-03 1.261600e-02
20 9.795600e-01 6.532000e-03 1.390800e-02
21 9.781400e-01 6.852000e-03 1.500800e-02
22 9.767520e-01 6.888000e-03 1.636000e-02
23 9.753480e-01 7.008000e-03 1.764400e-02
24 9.739880e-01 7.152000e-03 1.886000e-02
25 9.726240e-01 7.340000e-03 2.003600e-02
26 9.713520e-01 7.300000e-03 2.134800e-02
27 9.698320e-01 7.552000e-03 2.261600e-02
28 9.683480e-01 7.740000e-03 2.391200e-02
29 9.668560e-01 7.912000e-03 2.523200e-02
30 9.654440e-01 8.012000e-03 2.654400e-02
31 9.639720e-01 8.124000e-03 2.790400e-02
32 9.624440e-01 8.192000e-03 2.936400e-02
33 9.608520e-01 8.400000e-03 3.074800e-02
34 9.590960e-01 8.724000e-03 3.218000e-02
35 9.573440e-01 8.956000e-03 3.370000e-02
36 9.556560e-01 9.180000e-03 3.516400e-02
37 9.539480e-01 9.252000e-03 3.680000e-02
38 9.523000e-01 9.176000e-03 3.852400e-02
39 9.505440e-01 9.324000e-03 4.013200e-02
40 9.488120e-01 9.340000e-03 4.184800e-02
41 9.471600e-01 9.344000e-03 4.349600e-02
42 9.455360e-01 9.304000e-03 4.516000e-02
43 9.438760e-01 9.436000e-03 4.668800e-02
44 9.422600e-01 9.448000e-03 4.829200e-02
45 9.404960e-01 9.432000e-03 5.007200e-02
46 9.390960e-01 9.352000e-03 5.155200e-02
47 9.375400e-01 9.164000e-03 5.329600e-02
48 9.358960e-01 9.220000e-03 5.488400e-02
49 9.344520e-01 9.028000e-03 5.652000e-02
50 9.329240e-01 9.020000e-03 5.805600e-02
51 9.311840e-01 9.212000e-03 5.960400e-02
52 9.293600e-01 9.420000e-03 6.122000e-02
53 9.276400e-01 9.500000e-03 6.286000e-02
54 9.255440e-01 9.956000e-03 6.450000e-02
55 9.236640e-01 1.005600e-02 6.628000e-02
56 9.218240e-01 1.017600e-02 6.800000e-02
57 9.198720e-01 1.036400e-02 6.976400e-02
58 9.180240e-01 1.042800e-02 7.154800e-02
59 9.161200e-01 1.056000e-02 7.332000e-02
60 9.139800e-01 1.094400e-02 7.507600e-02
61 9.119280e-01 1.104400e-02 7.702800e-02
62 9.096640e-01 1.135600e-02 7.898000e-02
63 9.074680e-01 1.160800e-02 8.092400e-02
64 9.052960e-01 1.179200e-02 8.291200e-02
65 9.031400e-01 1.194800e-02 8.491200e-02
66 9.008560e-01 1.222400e-02 8.692000e-02
67 8.987720e-01 1.215200e-02 8.907600e-02
68 8.964880e-01 1.233200e-02 9.118000e-02
69 8.942840e-01 1.225600e-02 9.346000e-02
70 8.921440e-01 1.222400e-02 9.563200e-02
71 8.899440e-01 1.221600e-02 9.784000e-02
72 8.878880e-01 1.210400e-02 1.000080e-01
73 8.859080e-01 1.200400e-02 1.020880e-01
74 8.838120e-01 1.195600e-02 1.042320e-01
75 8.818040e-01 1.199600e-02 1.062000e-01
76 8.798680e-01 1.192400e-02 1.082080e-01
77 8.778240e-01 1.175200e-02 1.104240e-01
78 8.755600e-01 1.203200e-02 1.124080e-01
79 8.736320e-01 1.168000e-02 1.146880e-01
80 8.717400e-01 1.162000e-02 1.166400e-01
81 8.697440e-01 1.151600e-02 1.187400e-01
82 8.677920e-01 1.139600e-02 1.208120e-01
83 8.659280e-01 1.121600e-02 1.228560e-01
84 8.641840e-01 1.102800e-02 1.247880e-01
85 8.623800e-01 1.084800e-02 1.267720e-01
86 8.606960e-01 1.061200e-02 1.286920e-01
87 8.588360e-01 1.068800e-02 1.304760e-01
88 8.570400e-01 1.064000e-02 1.323200e-01
89 8.552600e-01 1.059600e-02 1.341440e-01
90 8.533160e-01 1.057200e-02 1.361120e-01
91 8.513200e-01 1.073600e-02 1.379440e-01
92 8.495680e-01 1.048000e-02 1.399520e-01
93 8.478200e-01 1.052000e-02 1.416600e-01
94 8.460400e-01 1.037600e-02 1.435840e-01
95 8.443240e-01 1.026400e-02 1.454120e-01
96 8.426680e-01 1.008000e-02 1.472520e-01
97 8.410760e-01 9.896000e-03 1.490280e-01
98 8.393520e-01 9.900000e-03 1.507480e-01
99 8.377600e-01 9.692000e-03 1.525480e-01
100 8.362120e-01 9.644000e-03 1.541440e-01
101 8.346320e-01 9.636000e-03 1.557320e-01
102 8.328200e-01 9.740000e-03 1.574400e-01
103 8.309240e-01 9.848000e-03 1.592280e-01
104 8.291640e-01 1.003200e-02 1.608040e-01
105 8.274560e-01 1.003200e-02 1.625120e-01
106 8.255960e-01 1.008800e-02 1.643160e-01
107 8.238440e-01 1.013600e-02 1.660200e-01
108 8.222120e-01 1.002000e-02 1.677680e-01
109 8.206440e-01 9.768000e-03 1.695880e-01
110 8.191400e-01 9.584000e-03 1.712760e-01
111 8.175200e-01 9.468000e-03 1.730120e-01
112 8.158800e-01 9.416000e-03 1.747040e-01
113 8.141120e-01 9.540000e-03 1.763480e-01
114 8.125720e-01 9.420000e-03 1.780080e-01
115 8.110200e-01 9.268000e-03 1.797120e-01
116 8.093720e-01 9.220000e-03 1.814080e-01
117 8.076880e-01 9.160000e-03 1.831520e-01
118 8.062960e-01 8.908000e-03 1.847960e-01
119 8.048440e-01 8.868000e-03 1.862880e-01
120 8.033520e-01 8.808000e-03 1.878400e-01
121 8.020240e-01 8.676000e-03 1.893000e-01
122 8.004120e-01 8.820000e-03 1.907680e-01
123 7.990000e-01 8.704000e-03 1.922960e-01
124 7.976200e-01 8.564000e-03 1.938160e-01
125 7.961440e-01 8.564000e-03 1.952920e-01
126 7.947400e-01 8.564000e-03 1.966960e-01
127 7.931080e-01 8.708000e-03 1.981840e-01
128 7.915280e-01 8.856000e-03 1.996160e-01
129 7.897520e-01 8.980000e-03 2.012680e-01
130 7.881360e-01 8.984000e-03 2.028800e-01
131 7.865440e-01 9.044000e-03 2.044120e-01
132 7.848120e-01 9.300000e-03 2.058880e-01
133 7.831840e-01 9.296000e-03 2.075200e-01
134 7.814360e-01 9.428000e-03 2.091360e-01
135 7.798320e-01 9.380000e-03 2.107880e-01
136 7.782400e-01 9.316000e-03 2.124440e-01
137 7.767120e-01 9.200000e-03 2.140880e-01
138 7.748960e-01 9.368000e-03 2.157360e-01
139 7.732760e-01 9.428000e-03 2.172960e-01
140 7.717320e-01 9.236000e-03 2.190320e-01
141 7.703120e-01 9.076000e-03 2.206120e-01
142 7.687880e-01 8.992000e-03 2.222200e-01
143 7.672960e-01 9.052000e-03 2.236520e-01
144 7.658440e-01 8.980000e-03 2.251760e-01
145 7.642160e-01 9.012000e-03 2.267720e-01
146 7.626120e-01 9.040000e-03 2.283480e-01
147 7.610960e-01 8.956000e-03 2.299480e-01
148 7.594840e-01 8.872000e-03 2.316440e-01
149 7.579080e-01 8.892000e-03 2.332000e-01
150 7.563800e-01 8.816000e-03 2.348040e-01
151 7.549000e-01 8.732000e-03 2.363680e-01
152 7.534200e-01 8.616000e-03 2.379640e-01
153 7.521560e-01 8.528000e-03 2.393160e-01
154 7.507360e-01 8.496000e-03 2.407680e-01
155 7.493520e-01 8.500000e-03 2.421480e-01
156 7.479760e-01 8.328000e-03 2.436960e-01
157 7.466480e-01 8.328000e-03 2.450240e-01
158 7.452560e-01 8.212000e-03 2.465320e-01
159 7.439840e-01 8.004000e-03 2.480120e-01
160 7.426280e-01 7.976000e-03 2.493960e-01
161 7.414000e-01 7.836000e-03 2.507640e-01
162 7.401480e-01 7.672000e-03 2.521800e-01
163 7.389720e-01 7.524000e-03 2.535040e-01
164 7.377280e-01 7.460000e-03 2.548120e-01
165 7.365480e-01 7.376000e-03 2.560760e-01
166 7.353160e-01 7.304000e-03 2.573800e-01
167 7.341080e-01 7.348000e-03 2.585440e-01
168 7.328080e-01 7.296000e-03 2.598960e-01
169 7.315800e-01 7.188000e-03 2.612320e-01
170 7.303440e-01 7.136000e-03 2.625200e-01
171 7.291040e-01 7.044000e-03 2.638520e-01
172 7.277880e-01 7.108000e-03 2.651040e-01
173 7.266240e-01 6.996000e-03 2.663800e-01
174 7.253200e-01 7.068000e-03 2.676120e-01
175 7.241160e-01 7.004000e-03 2.688800e-01
176 7.229280e-01 7.052000e-03 2.700200e-01
177 7.216000e-01 7.080000e-03 2.713200e-01
178 7.204000e-01 7.012000e-03 2.725880e-01
179 7.192800e-01 6.992000e-03 2.737280e-01
180 7.179800e-01 7.064000e-03 2.749560e-01
181 7.167920e-01 7.024000e-03 2.761840e-01
182 7.157320e-01 6.904000e-03 2.773640e-01
183 7.146720e-01 6.664000e-03 2.786640e-01
184 7.135360e-01 6.652000e-03 2.798120e-01
185 7.125440e-01 6.516000e-03 2.809400e-01
186 7.115320e-01 6.440000e-03 2.820280e-01
187 7.105920e-01 6.292000e-03 2.831160e-01
188 7.095320e-01 6.252000e-03 2.842160e-01
189 7.085160e-01 6.104000e-03 2.853800e-01
190 7.074720e-01 5.988000e-03 2.865400e-01
191 7.065600e-01 5.828000e-03 2.876120e-01
192 7.056320e-01 5.772000e-03 2.885960e-01
193 7.046080e-01 5.816000e-03 2.895760e-01
194 7.036880e-01 5.740000e-03 2.905720e-01
195 7.026880e-01 5.744000e-03 2.915680e-01
196 7.017920e-01 5.732000e-03 2.924760e-01
197 7.009560e-01 5.528000e-03 2.935160e-01
198 6.998720e-01 5.588000e-03 2.945400e-01
199 6.989680e-01 5.508000e-03 2.955240e-01
200 6.979760e-01 5.572000e-03 2.964520e-01
201 6.970360e-01 5.540000e-03 2.974240e-01
202 6.962480e-01 5.288000e-03 2.984640e-01
203 6.953960e-01 5.248000e-03 2.993560e-01
204 6.945960e-01 5.080000e-03 3.003240e-01
205 6.937600e-01 5.032000e-03 3.012080e-01
206 6.928960e-01 5.024000e-03 3.020800e-01
207 6.921560e-01 4.932000e-03 3.029120e-01
208 6.911280e-01 5.120000e-03 3.037520e-01
209 6.900760e-01 5.264000e-03 3.046600e-01
210 6.892200e-01 5.188000e-03 3.055920e-01
211 6.882560e-01 5.312000e-03 3.064320e-01
212 6.872760e-01 5.364000e-03 3.073600e-01
213 6.863200e-01 5.368000e-03 3.083120e-01
214 6.855200e-01 5.100000e-03 3.093800e-01
215 6.846440e-01 5.024000e-03 3.103320e-01
216 6.837320e-01 5.080000e-03 3.111880e-01
217 6.828560e-01 5.056000e-03 3.120880e-01
218 6.818720e-01 5.144000e-03 3.129840e-01
219 6.809200e-01 5.188000e-03 3.138920e-01
220 6.800520e-01 5.080000e-03 3.148680e-01
221 6.792240e-01 4.984000e-03 3.157920e-01
222 6.784800e-01 4.896000e-03 3.166240e-01
223 6.776520e-01 4.780000e-03 3.175680e-01
224 6.769040e-01 4.648000e-03 3.184480e-01
225 6.761680e-01 4.568000e-03 3.192640e-01
226 6.753880e-01 4.552000e-03 3.200600e-01
227 6.746240e-01 4.556000e-03 3.208200e-01
228 6.737680e-01 4.584000e-03 3.216480e-01
229 6.730160e-01 4.560000e-03 3.224240e-01
230 6.721520e-01 4.696000e-03 3.231520e-01
231 6.712200e-01 4.840000e-03 3.239400e-01
232 6.704880e-01 4.620000e-03 3.248920e-01
233 6.697760e-01 4.552000e-03 3.256720e-01
234 6.689960e-01 4.452000e-03 3.265520e-01
235 6.682160e-01 4.476000e-03 3.273080e-01
236 6.674840e-01 4.540000e-03 3.279760e-01
237 6.666400e-01 4.544000e-03 3.288160e-01
238 6.660360e-01 4.272000e-03 3.296920e-01
239 6.652560e-01 4.368000e-03 3.303760e-01
240 6.645280e-01 4.300000e-03 3.311720e-01
241 6.639240e-01 4.128000e-03 3.319480e-01
242 6.632080e-01 4.132000e-03 3.326600e-01
243 6.625920e-01 4.016000e-03 3.333920e-01
244 6.619920e-01 3.892000e-03 3.341160e-01
245 6.613400e-01 3.860000e-03 3.348000e-01
246 6.605840e-01 3.936000e-03 3.354800e-01
247 6.598600e-01 4.040000e-03 3.361000e-01
248 6.591760e-01 4.016000e-03 3.368080e-01
249 6.582880e-01 4.212000e-03 3.375000e-01
250 6.574880e-01 4.192000e-03 3.383200e-01
251 6.567520e-01 4.176000e-03 3.390720e-01
252 6.560480e-01 4.128000e-03 3.398240e-01
253 6.553960e-01 4.000000e-03 3.406040e-01
254 6.547520e-01 3.872000e-03 3.413760e-01
255 6.540400e-01 3.900000e-03 3.420600e-01
256 6.534960e-01 3.808000e-03 3.426960e-01
257 6.529480e-01 3.652000e-03 3.434000e-01
258 6.523480e-01 3.588000e-03 3.440640e-01
259 6.518000e-01 3.464000e-03 3.447360e-01
260 6.513440e-01 3.280000e-03 3.453760e-01
261 6.507440e-01 3.340000e-03 3.459160e-01
262 6.501680e-01 3.388000e-03 3.464440e-01
263 6.496560e-01 3.396000e-03 3.469480e-01
264 6.491480e-01 3.272000e-03 3.475800e-01
265 6.486400e-01 3.208000e-03 3.481520e-01
266 6.482600e-01 3.112000e-03 3.486280e-01
267 6.478080e-01 3.012000e-03 3.491800e-01
268 6.472960e-01 3.036000e-03 3.496680e-01
269 6.468040e-01 3.028000e-03 3.501680e-01
270 6.462640e-01 2.940000e-03 3.507960e-01
271 6.458040e-01 2.896000e-03 3.513000e-01
272 6.453920e-01 2.860000e-03 3.517480e-01
273 6.449720e-01 2.812000e-03 3.522160e-01
274 6.445320e-01 2.724000e-03 3.527440e-01
275 6.440360e-01 2.784000e-03 3.531800e-01
276 6.434520e-01 2.896000e-03 3.536520e-01
277 6.429520e-01 2.952000e-03 3.540960e-01
278 6.424720e-01 2.940000e-03 3.545880e-01
279 6.419920e-01 2.948000e-03 3.550600e-01
280 6.415200e-01 2.968000e-03 3.555120e-01
281 6.410600e-01 2.896000e-03 3.560440e-01
282 6.406360e-01 2.820000e-03 3.565440e-01
283 6.402600e-01 2.728000e-03 3.570120e-01
284 6.397840e-01 2.704000e-03 3.575120e-01
285 6.393600e-01 2.692000e-03 3.579480e-01
286 6.390440e-01 2.548000e-03 3.584080e-01
287 6.386640e-01 2.520000e-03 3.588160e-01
288 6.382200e-01 2.500000e-03 3.592800e-01
289 6.378680e-01 2.448000e-03 3.596840e-01
290 6.375520e-01 2.308000e-03 3.601400e-01
291 6.371560e-01 2.280000e-03 3.605640e-01
292 6.368360e-01 2.180000e-03 3.609840e-01
293 6.364800e-01 2.112000e-03 3.614080e-01
294 6.361240e-01 2.168000e-03 3.617080e-01
295 6.357520e-01 2.192000e-03 3.620560e-01
296 6.353520e-01 2.216000e-03 3.624320e-01
297 6.350960e-01 2.068000e-03 3.628360e-01
298 6.347840e-01 2.020000e-03 3.631960e-01
299 6.345080e-01 1.928000e-03 3.635640e-01
300 6.341520e-01 1.916000e-03 3.639320e-01
301 6.338240e-01 1.936000e-03 3.642400e-01
302 6.334600e-01 1.972000e-03 3.645680e-01
303 6.331760e-01 1.948000e-03 3.648760e-01
304 6.329080e-01 1.856000e-03 3.652360e-01
305 6.326200e-01 1.852000e-03 3.655280e-01
306 6.322440e-01 1.880000e-03 3.658760e-01
307 6.319360e-01 1.816000e-03 3.662480e-01
308 6.316560e-01 1.828000e-03 3.665160e-01
309 6.313160e-01 1.852000e-03 3.668320e-01
310 6.309560e-01 1.848000e-03 3.671960e-01
311 6.305960e-01 1.860000e-03 3.675440e-01
312 6.302120e-01 1.892000e-03 3.678960e-01
313 6.298080e-01 1.984000e-03 3.682080e-01
314 6.293840e-01 2.104000e-03 3.685120e-01
315 6.289840e-01 2.112000e-03 3.689040e-01
316 6.285360e-01 2.132000e-03 3.693320e-01
317 6.280880e-01 2.204000e-03 3.697080e-01
318 6.277160e-01 2.196000e-03 3.700880e-01
319 6.272720e-01 2.248000e-03 3.704800e-01
320 6.268600e-01 2.292000e-03 3.708480e-01
321 6.264640e-01 2.284000e-03 3.712520e-01
322 6.261080e-01 2.284000e-03 3.716080e-01
323 6.257880e-01 2.212000e-03 3.720000e-01
324 6.254760e-01 2.116000e-03 3.724080e-01
325 6.252120e-01 2.052000e-03 3.727360e-01
326 6.248960e-01 1.936000e-03 3.731680e-01
327 6.245480e-01 1.956000e-03 3.734960e-01
328 6.242520e-01 1.936000e-03 3.738120e-01
329 6.239600e-01 1.884000e-03 3.741560e-01
330 6.237040e-01 1.764000e-03 3.745320e-01
331 6.234240e-01 1.764000e-03 3.748120e-01
332 6.231240e-01 1.732000e-03 3.751440e-01
333 6.228440e-01 1.708000e-03 3.754480e-01
334 6.225720e-01 1.700000e-03 3.757280e-01
335 6.222880e-01 1.740000e-03 3.759720e-01
336 6.220080e-01 1.684000e-03 3.763080e-01
337 6.218160e-01 1.548000e-03 3.766360e-01
338 6.215880e-01 1.468000e-03 3.769440e-01
339 6.214160e-01 1.392000e-03 3.771920e-01
340 6.212440e-01 1.348000e-03 3.774080e-01
341 6.210440e-01 1.264000e-03 3.776920e-01
342 6.208720e-01 1.264000e-03 3.778640e-01
343 6.207280e-01 1.208000e-03 3.780640e-01
344 6.205320e-01 1.164000e-03 3.783040e-01
345 6.203040e-01 1.180000e-03 3.785160e-01
346 6.201160e-01 1.148000e-03 3.787360e-01
347 6.199440e-01 1.148000e-03 3.789080e-01
348 6.198040e-01 1.092000e-03 3.791040e-01
349 6.196160e-01 1.140000e-03 3.792440e-01
350 6.194560e-01 1.092000e-03 3.794520e-01
351 6.193200e-01 1.052000e-03 3.796280e-01
352 6.190920e-01 1.100000e-03 3.798080e-01
353 6.188840e-01 1.088000e-03 3.800280e-01
354 6.185640e-01 1.188000e-03 3.802480e-01
355 6.183560e-01 1.200000e-03 3.804440e-01
356 6.181280e-01 1.216000e-03 3.806560e-01
357 6.179240e-01 1.224000e-03 3.808520e-01
358 6.177080e-01 1.240000e-03 3.810520e-01
359 6.175000e-01 1.188000e-03 3.813120e-01
360 6.173200e-01 1.220000e-03 3.814600e-01
361 6.171480e-01 1.168000e-03 3.816840e-01
362 6.169920e-01 1.152000e-03 3.818560e-01
363 6.168440e-01 1.140000e-03 3.820160e-01
364 6.166400e-01 1.168000e-03 3.821920e-01
365 6.164360e-01 1.172000e-03 3.823920e-01
366 6.162480e-01 1.136000e-03 3.826160e-01
367 6.160840e-01 1.044000e-03 3.828720e-01
368 6.159400e-01 1.016000e-03 3.830440e-01
369 6.158080e-01 9.680000e-04 3.832240e-01
370 6.156320e-01 9.800000e-04 3.833880e-01
371 6.154400e-01 9.840000e-04 3.835760e-01
372 6.152520e-01 1.008000e-03 3.837400e-01
373 6.150320e-01 1.060000e-03 3.839080e-01
374 6.148320e-01 1.104000e-03 3.840640e-01
375 6.146720e-01 1.052000e-03 3.842760e-01
376 6.145200e-01 9.920000e-04 3.844880e-01
377 6.143840e-01 9.840000e-04 3.846320e-01
378 6.142000e-01 1.020000e-03 3.847800e-01
379 6.140320e-01 9.720000e-04 3.849960e-01
380 6.139080e-01 9.400000e-04 3.851520e-01
381 6.137520e-01 9.280000e-04 3.853200e-01
382 6.136120e-01 9.000000e-04 3.854880e-01
383 6.135160e-01 8.480000e-04 3.856360e-01
384 6.134240e-01 7.880000e-04 3.857880e-01
385 6.133200e-01 7.800000e-04 3.859000e-01
386 6.131160e-01 8.440000e-04 3.860400e-01
387 6.129640e-01 8.560000e-04 3.861800e-01
388 6.127960e-01 8.800000e-04 3.863240e-01
389 6.126320e-01 8.880000e-04 3.864800e-01
390 6.125000e-01 9.120000e-04 3.865880e-01
391 6.123640e-01 9.000000e-04 3.867360e-01
392 6.122320e-01 8.560000e-04 3.869120e-01
393 6.120840e-01 8.560000e-04 3.870600e-01
394 6.120000e-01 7.720000e-04 3.872280e-01
395 6.119280e-01 7.240000e-04 3.873480e-01
396 6.117760e-01 7.680000e-04 3.874560e-01
397 6.116160e-01 8.440000e-04 3.875400e-01
398 6.115400e-01 7.680000e-04 3.876920e-01
399 6.114560e-01 7.160000e-04 3.878280e-01
400 6.113160e-01 7.280000e-04 3.879560e-01
401 6.112040e-01 7.040000e-04 3.880920e-01
402 6.111320e-01 6.560000e-04 3.882120e-01
403 6.110400e-01 6.440000e-04 3.883160e-01
404 6.109480e-01 6.440000e-04 3.884080e-01
405 6.108840e-01 6.200000e-04 3.884960e-01
406 6.108080e-01 5.880000e-04 3.886040e-01
407 6.107200e-01 5.520000e-04 3.887280e-01
408 6.106360e-01 5.600000e-04 3.888040e-01
409 6.105720e-01 5.520000e-04 3.888760e-01
410 6.104680e-01 5.520000e-04 3.889800e-01
411 6.103520e-01 5.480000e-04 3.891000e-01
412 6.102400e-01 5.920000e-04 3.891680e-01
413 6.101360e-01 5.760000e-04 3.892880e-01
414 6.100320e-01 6.120000e-04 3.893560e-01
415 6.099400e-01 5.920000e-04 3.894680e-01
416 6.098520e-01 5.600000e-04 3.895880e-01
417 6.097640e-01 5.840000e-04 3.896520e-01
418 6.097040e-01 5.360000e-04 3.897600e-01
419 6.096520e-01 5.040000e-04 3.898440e-01
420 6.095920e-01 4.920000e-04 3.899160e-01
421 6.095360e-01 4.520000e-04 3.900120e-01
422 6.095000e-01 4.000000e-04 3.901000e-01
423 6.094480e-01 4.160000e-04 3.901360e-01
424 6.094200e-01 3.760000e-04 3.902040e-01
425 6.093800e-01 3.600000e-04 3.902600e-01
426 6.093360e-01 3.240000e-04 3.903400e-01
427 6.093040e-01 3.120000e-04 3.903840e-01
428 6.092560e-01 3.160000e-04 3.904280e-01
429 6.091800e-01 3.400000e-04 3.904800e-01
430 6.091320e-01 3.280000e-04 3.905400e-01
431 6.090760e-01 3.440000e-04 3.905800e-01
432 6.090280e-01 3.400000e-04 3.906320e-01
433 6.089960e-01 3.160000e-04 3.906880e-01
434 6.089560e-01 3.080000e-04 3.907360e-01
435 6.089240e-01 2.880000e-04 3.907880e-01
436 6.089000e-01 2.720000e-04 3.908280e-01
437 6.088600e-01 2.640000e-04 3.908760e-01
438 6.088240e-01 2.520000e-04 3.909240e-01
439 6.087600e-01 2.680000e-04 3.909720e-01
440 6.087160e-01 2.680000e-04 3.910160e-01
441 6.086640e-01 2.680000e-04 3.910680e-01
442 6.086120e-01 2.600000e-04 3.911280e-01
443 6.085480e-01 2.800000e-04 3.911720e-01
444 6.084880e-01 3.000000e-04 3.912120e-01
445 6.084560e-01 2.720000e-04 3.912720e-01
446 6.084120e-01 2.960000e-04 3.912920e-01
447 6.083840e-01 2.920000e-04 3.913240e-01
448 6.083320e-01 3.000000e-04 3.913680e-01
449 6.082920e-01 2.960000e-04 3.914120e-01
450 6.082600e-01 3.000000e-04 3.914400e-01
451 6.082280e-01 2.960000e-04 3.914760e-01
452 6.081600e-01 3.160000e-04 3.915240e-01
453 6.081000e-01 3.120000e-04 3.915880e-01
454 6.080840e-01 2.760000e-04 3.916400e-01
455 6.080400e-01 2.440000e-04 3.917160e-01
456 6.080120e-01 2.400000e-04 3.917480e-01
457 6.079720e-01 2.360000e-04 3.917920e-01
458 6.079400e-01 2.280000e-04 3.918320e-01
459 6.079200e-01 2.040000e-04 3.918760e-01
460 6.078840e-01 2.040000e-04 3.919120e-01
461 6.078400e-01 2.320000e-04 3.919280e-01
462 6.078120e-01 2.360000e-04 3.919520e-01
463 6.077840e-01 2.040000e-04 3.920120e-01
464 6.077360e-01 2.040000e-04 3.920600e-01
465 6.076960e-01 2.080000e-04 3.920960e-01
466 6.076360e-01 2.440000e-04 3.921200e-01
467 6.075880e-01 2.560000e-04 3.921560e-01
468 6.075560e-01 2.240000e-04 3.922200e-01
469 6.075120e-01 2.160000e-04 3.922720e-01
470 6.074840e-01 2.200000e-04 3.922960e-01
471 6.074360e-01 2.320000e-04 3.923320e-01
472 6.074000e-01 2.320000e-04 3.923680e-01
473 6.073720e-01 2.320000e-04 3.923960e-01
474 6.073200e-01 2.360000e-04 3.924440e-01
475 6.072760e-01 2.080000e-04 3.925160e-01
476 6.072440e-01 2.000000e-04 3.925560e-01
477 6.072120e-01 2.000000e-04 3.925880e-01
478 6.071680e-01 2.160000e-04 3.926160e-01
479 6.071400e-01 2.000000e-04 3.926600e-01
480 6.071160e-01 2.000000e-04 3.926840e-01
481 6.070880e-01 1.840000e-04 3.927280e-01
482 6.070600e-01 1.640000e-04 3.927760e-01
483 6.070080e-01 1.960000e-04 3.927960e-01
484 6.069600e-01 2.080000e-04 3.928320e-01
485 6.069320e-01 1.960000e-04 3.928720e-01
486 6.068800e-01 2.080000e-04 3.929120e-01
487 6.068320e-01 2.200000e-04 3.929480e-01
488 6.067840e-01 2.360000e-04 3.929800e-01
489 6.067120e-01 2.760000e-04 3.930120e-01
490 6.066680e-01 3.000000e-04 3.930320e-01
491 6.066440e-01 2.760000e-04 3.930800e-01
492 6.066040e-01 2.680000e-04 3.931280e-01
493 6.065440e-01 2.800000e-04 3.931760e-01
494 6.064760e-01 3.120000e-04 3.932120e-01
495 6.064480e-01 2.920000e-04 3.932600e-01
496 6.063880e-01 2.920000e-04 3.933200e-01
497 6.063200e-01 3.120000e-04 3.933680e-01
498 6.062640e-01 3.000000e-04 3.934360e-01
499 6.062280e-01 2.800000e-04 3.934920e-01
500 6.061680e-01 2.840000e-04 3.935480e-01
