1 9.991960e-01 7.080000e-04 9.600000e-05
2 9.987520e-01 9.880000e-04 2.600000e-04
3 9.980640e-01 1.476000e-03 4.600000e-04
4 9.973440e-01 1.952000e-03 7.040000e-04
5 9.965120e-01 2.348000e-03 1.140000e-03
6 9.956400e-01 2.724000e-03 1.636000e-03
7 9.947920e-01 3.004000e-03 2.204000e-03
8 9.936560e-01 3.640000e-03 2.704000e-03
9 9.926200e-01 3.952000e-03 3.428000e-03
10 9.916120e-01 4.200000e-03 4.188000e-03
11 9.906240e-01 4.452000e-03 4.924000e-03
12 9.893640e-01 4.992000e-03 5.644000e-03
13 9.882840e-01 5.308000e-03 6.408000e-03
14 9.871800e-01 5.444000e-03 7.376000e-03
15 9.858480e-01 5.828000e-03 8.324000e-03
16 9.845640e-01 6.008000e-03 9.428000e-03
17 9.832520e-01 6.336000e-03 1.041200e-02
18 9.820800e-01 6.488000e-03 1.143200e-02
19 9.806960e-01 6.784000e-03 1.252000e-02
20 9.794000e-01 6.888000e-03 1.371200e-02
21 9.781880e-01 6.888000e-03 1.492400e-02
22 9.768480e-01 6.992000e-03 1.616000e-02
23 9.756560e-01 6.996000e-03 1.734800e-02
24 9.745080e-01 6.840000e-03 1.865200e-02
25 9.731520e-01 7.040000e-03 1.980800e-02
26 9.717280e-01 7.264000e-03 2.100800e-02
27 9.703120e-01 7.432000e-03 2.225600e-02
28 9.689560e-01 7.480000e-03 2.356400e-02
29 9.675640e-01 7.512000e-03 2.492400e-02
30 9.663320e-01 7.420000e-03 2.624800e-02
31 9.651080e-01 7.320000e-03 2.757200e-02
32 9.637360e-01 7.396000e-03 2.886800e-02
33 9.624800e-01 7.380000e-03 3.014000e-02
34 9.611160e-01 7.352000e-03 3.153200e-02
35 9.597320e-01 7.332000e-03 3.293600e-02
36 9.584240e-01 7.300000e-03 3.427600e-02
37 9.571680e-01 7.188000e-03 3.564400e-02
38 9.559000e-01 7.120000e-03 3.698000e-02
39 9.545200e-01 7.280000e-03 3.820000e-02
40 9.531240e-01 7.352000e-03 3.952400e-02
41 9.515560e-01 7.532000e-03 4.091200e-02
42 9.501040e-01 7.680000e-03 4.221600e-02
43 9.486720e-01 7.844000e-03 4.348400e-02
44 9.472600e-01 7.916000e-03 4.482400e-02
45 9.458040e-01 7.932000e-03 4.626400e-02
46 9.443440e-01 7.968000e-03 4.768800e-02
47 9.429240e-01 8.052000e-03 4.902400e-02
48 9.413280e-01 8.272000e-03 5.040000e-02
49 9.397160e-01 8.400000e-03 5.188400e-02
50 9.382760e-01 8.424000e-03 5.330000e-02
51 9.368880e-01 8.416000e-03 5.469600e-02
52 9.353600e-01 8.468000e-03 5.617200e-02
53 9.338520e-01 8.488000e-03 5.766000e-02
54 9.323160e-01 8.484000e-03 5.920000e-02
55 9.307600e-01 8.628000e-03 6.061200e-02
56 9.292600e-01 8.700000e-03 6.204000e-02
57 9.276440e-01 8.900000e-03 6.345600e-02
58 9.260160e-01 8.904000e-03 6.508000e-02
59 9.243760e-01 8.976000e-03 6.664800e-02
60 9.227680e-01 8.984000e-03 6.824800e-02
61 9.210800e-01 9.184000e-03 6.973600e-02
62 9.194520e-01 9.076000e-03 7.147200e-02
63 9.177240e-01 9.240000e-03 7.303600e-02
64 9.159600e-01 9.508000e-03 7.453200e-02
65 9.140920e-01 9.688000e-03 7.622000e-02
66 9.123280e-01 9.808000e-03 7.786400e-02
67 9.106360e-01 9.612000e-03 7.975200e-02
68 9.088360e-01 9.712000e-03 8.145200e-02
69 9.070080e-01 9.812000e-03 8.318000e-02
70 9.053440e-01 9.788000e-03 8.486800e-02
71 9.038440e-01 9.756000e-03 8.640000e-02
72 9.023200e-01 9.544000e-03 8.813600e-02
73 9.007040e-01 9.316000e-03 8.998000e-02
74 8.993200e-01 9.076000e-03 9.160400e-02
75 8.980040e-01 8.744000e-03 9.325200e-02
76 8.965440e-01 8.736000e-03 9.472000e-02
77 8.950200e-01 8.764000e-03 9.621600e-02
78 8.935520e-01 8.824000e-03 9.762400e-02
79 8.920360e-01 8.708000e-03 9.925600e-02
80 8.905200e-01 8.568000e-03 1.009120e-01
81 8.889360e-01 8.648000e-03 1.024160e-01
82 8.874240e-01 8.548000e-03 1.040280e-01
83 8.860280e-01 8.312000e-03 1.056600e-01
84 8.844560e-01 8.440000e-03 1.071040e-01
85 8.829720e-01 8.364000e-03 1.086640e-01
86 8.813480e-01 8.408000e-03 1.102440e-01
87 8.797760e-01 8.576000e-03 1.116480e-01
88 8.781280e-01 8.640000e-03 1.132320e-01
89 8.765600e-01 8.732000e-03 1.147080e-01
90 8.749960e-01 8.884000e-03 1.161200e-01
91 8.734720e-01 8.872000e-03 1.176560e-01
92 8.718880e-01 8.912000e-03 1.192000e-01
93 8.702320e-01 9.044000e-03 1.207240e-01
94 8.685320e-01 9.216000e-03 1.222520e-01
95 8.668720e-01 9.284000e-03 1.238440e-01
96 8.653160e-01 9.272000e-03 1.254120e-01
97 8.636160e-01 9.396000e-03 1.269880e-01
98 8.621760e-01 9.176000e-03 1.286480e-01
99 8.605640e-01 9.024000e-03 1.304120e-01
100 8.589680e-01 8.968000e-03 1.320640e-01
101 8.574440e-01 8.828000e-03 1.337280e-01
102 8.558400e-01 9.052000e-03 1.351080e-01
103 8.542120e-01 9.064000e-03 1.367240e-01
104 8.526640e-01 9.024000e-03 1.383120e-01
105 8.511320e-01 9.076000e-03 1.397920e-01
106 8.495760e-01 8.980000e-03 1.414440e-01
107 8.480960e-01 8.932000e-03 1.429720e-01
108 8.467160e-01 8.840000e-03 1.444440e-01
109 8.451960e-01 8.680000e-03 1.461240e-01
110 8.438640e-01 8.380000e-03 1.477560e-01
111 8.425840e-01 8.196000e-03 1.492200e-01
112 8.412400e-01 8.104000e-03 1.506560e-01
113 8.398920e-01 8.012000e-03 1.520960e-01
114 8.384960e-01 7.944000e-03 1.535600e-01
115 8.371520e-01 7.976000e-03 1.548720e-01
116 8.355920e-01 8.140000e-03 1.562680e-01
117 8.341200e-01 8.204000e-03 1.576760e-01
118 8.327200e-01 8.236000e-03 1.590440e-01
119 8.313200e-01 8.196000e-03 1.604840e-01
120 8.299400e-01 8.088000e-03 1.619720e-01
121 8.284240e-01 8.180000e-03 1.633960e-01
122 8.270080e-01 7.960000e-03 1.650320e-01
123 8.256120e-01 8.056000e-03 1.663320e-01
124 8.242480e-01 8.116000e-03 1.676360e-01
125 8.229520e-01 8.064000e-03 1.689840e-01
126 8.215440e-01 8.128000e-03 1.703280e-01
127 8.201680e-01 8.008000e-03 1.718240e-01
128 8.186840e-01 8.060000e-03 1.732560e-01
129 8.174240e-01 7.752000e-03 1.748240e-01
130 8.159680e-01 7.776000e-03 1.762560e-01
131 8.145720e-01 7.884000e-03 1.775440e-01
132 8.133320e-01 7.796000e-03 1.788720e-01
133 8.120800e-01 7.760000e-03 1.801600e-01
134 8.106320e-01 7.832000e-03 1.815360e-01
135 8.093120e-01 7.748000e-03 1.829400e-01
136 8.080000e-01 7.604000e-03 1.843960e-01
137 8.067960e-01 7.436000e-03 1.857680e-01
138 8.054920e-01 7.480000e-03 1.870280e-01
139 8.042680e-01 7.344000e-03 1.883880e-01
140 8.029240e-01 7.536000e-03 1.895400e-01
141 8.015040e-01 7.512000e-03 1.909840e-01
142 8.002480e-01 7.532000e-03 1.922200e-01
143 7.990080e-01 7.380000e-03 1.936120e-01
144 7.977600e-01 7.272000e-03 1.949680e-01
145 7.966200e-01 7.192000e-03 1.961880e-01
146 7.953240e-01 7.076000e-03 1.976000e-01
147 7.941920e-01 7.024000e-03 1.987840e-01
148 7.930320e-01 6.964000e-03 2.000040e-01
149 7.918320e-01 7.024000e-03 2.011440e-01
150 7.906840e-01 6.960000e-03 2.023560e-01
151 7.894640e-01 6.960000e-03 2.035760e-01
152 7.882080e-01 7.120000e-03 2.046720e-01
153 7.868560e-01 7.160000e-03 2.059840e-01
154 7.855040e-01 7.260000e-03 2.072360e-01
155 7.842440e-01 7.220000e-03 2.085360e-01
156 7.831360e-01 6.992000e-03 2.098720e-01
157 7.819560e-01 6.984000e-03 2.110600e-01
158 7.808480e-01 6.680000e-03 2.124720e-01
159 7.797840e-01 6.616000e-03 2.136000e-01
160 7.787120e-01 6.500000e-03 2.147880e-01
161 7.774720e-01 6.616000e-03 2.159120e-01
162 7.765440e-01 6.428000e-03 2.170280e-01
163 7.754480e-01 6.560000e-03 2.179920e-01
164 7.742720e-01 6.636000e-03 2.190920e-01
165 7.731600e-01 6.580000e-03 2.202600e-01
166 7.720520e-01 6.384000e-03 2.215640e-01
167 7.708520e-01 6.492000e-03 2.226560e-01
168 7.696360e-01 6.544000e-03 2.238200e-01
169 7.685680e-01 6.448000e-03 2.249840e-01
170 7.675240e-01 6.464000e-03 2.260120e-01
171 7.664360e-01 6.468000e-03 2.270960e-01
172 7.653400e-01 6.424000e-03 2.282360e-01
173 7.642040e-01 6.420000e-03 2.293760e-01
174 7.629920e-01 6.520000e-03 2.304880e-01
175 7.618280e-01 6.472000e-03 2.317000e-01
176 7.606080e-01 6.516000e-03 2.328760e-01
177 7.595640e-01 6.416000e-03 2.340200e-01
178 7.585280e-01 6.352000e-03 2.351200e-01
179 7.573280e-01 6.452000e-03 2.362200e-01
180 7.561240e-01 6.492000e-03 2.373840e-01
181 7.550120e-01 6.556000e-03 2.384320e-01
182 7.538800e-01 6.428000e-03 2.396920e-01
183 7.526600e-01 6.468000e-03 2.408720e-01
184 7.515840e-01 6.420000e-03 2.419960e-01
185 7.503760e-01 6.480000e-03 2.431440e-01
186 7.491360e-01 6.532000e-03 2.443320e-01
187 7.481040e-01 6.368000e-03 2.455280e-01
188 7.470440e-01 6.336000e-03 2.466200e-01
189 7.459400e-01 6.468000e-03 2.475920e-01
190 7.448400e-01 6.400000e-03 2.487600e-01
191 7.438360e-01 6.204000e-03 2.499600e-01
192 7.426560e-01 6.260000e-03 2.510840e-01
193 7.415200e-01 6.284000e-03 2.521960e-01
194 7.405200e-01 6.192000e-03 2.532880e-01
195 7.394800e-01 6.180000e-03 2.543400e-01
196 7.385080e-01 6.004000e-03 2.554880e-01
197 7.375400e-01 5.884000e-03 2.565760e-01
198 7.366040e-01 5.840000e-03 2.575560e-01
199 7.356400e-01 5.844000e-03 2.585160e-01
200 7.344720e-01 5.988000e-03 2.595400e-01
201 7.334120e-01 5.984000e-03 2.606040e-01
202 7.323960e-01 5.948000e-03 2.616560e-01
203 7.313960e-01 5.872000e-03 2.627320e-01
204 7.304280e-01 5.772000e-03 2.638000e-01
205 7.295680e-01 5.708000e-03 2.647240e-01
206 7.284760e-01 5.808000e-03 2.657160e-01
207 7.275160e-01 5.744000e-03 2.667400e-01
208 7.265000e-01 5.724000e-03 2.677760e-01
209 7.254560e-01 5.784000e-03 2.687600e-01
210 7.244320e-01 5.756000e-03 2.698120e-01
211 7.234000e-01 5.756000e-03 2.708440e-01
212 7.224640e-01 5.628000e-03 2.719080e-01
213 7.214560e-01 5.692000e-03 2.728520e-01
214 7.203680e-01 5.696000e-03 2.739360e-01
215 7.193760e-01 5.748000e-03 2.748760e-01
216 7.182640e-01 5.800000e-03 2.759360e-01
217 7.171720e-01 5.896000e-03 2.769320e-01
218 7.162200e-01 5.832000e-03 2.779480e-01
219 7.151920e-01 5.836000e-03 2.789720e-01
220 7.143040e-01 5.728000e-03 2.799680e-01
221 7.132640e-01 5.744000e-03 2.809920e-01
222 7.123360e-01 5.664000e-03 2.820000e-01
223 7.113760e-01 5.688000e-03 2.829360e-01
224 7.104680e-01 5.604000e-03 2.839280e-01
225 7.095200e-01 5.532000e-03 2.849480e-01
226 7.085600e-01 5.612000e-03 2.858280e-01
227 7.075480e-01 5.616000e-03 2.868360e-01
228 7.065720e-01 5.608000e-03 2.878200e-01
229 7.055280e-01 5.684000e-03 2.887880e-01
230 7.044920e-01 5.740000e-03 2.897680e-01
231 7.034280e-01 5.812000e-03 2.907600e-01
232 7.022040e-01 6.004000e-03 2.917920e-01
233 7.011200e-01 5.996000e-03 2.928840e-01
234 7.000720e-01 6.072000e-03 2.938560e-01
235 6.989800e-01 5.960000e-03 2.950600e-01
236 6.978480e-01 5.992000e-03 2.961600e-01
237 6.968000e-01 5.936000e-03 2.972640e-01
238 6.957760e-01 5.876000e-03 2.983480e-01
239 6.948200e-01 5.716000e-03 2.994640e-01
240 6.937880e-01 5.764000e-03 3.004480e-01
241 6.929000e-01 5.632000e-03 3.014680e-01
242 6.919160e-01 5.672000e-03 3.024120e-01
243 6.909560e-01 5.596000e-03 3.034480e-01
244 6.899680e-01 5.584000e-03 3.044480e-01
245 6.891600e-01 5.444000e-03 3.053960e-01
246 6.882760e-01 5.244000e-03 3.064800e-01
247 6.873440e-01 5.268000e-03 3.073880e-01
248 6.865720e-01 5.184000e-03 3.082440e-01
249 6.856360e-01 5.148000e-03 3.092160e-01
250 6.848160e-01 5.092000e-03 3.100920e-01
251 6.839600e-01 4.964000e-03 3.110760e-01
252 6.830680e-01 4.972000e-03 3.119600e-01
253 6.822200e-01 4.908000e-03 3.128720e-01
254 6.814000e-01 4.752000e-03 3.138480e-01
255 6.806200e-01 4.660000e-03 3.147200e-01
256 6.797560e-01 4.588000e-03 3.156560e-01
257 6.789040e-01 4.636000e-03 3.164600e-01
258 6.782520e-01 4.400000e-03 3.173480e-01
259 6.775000e-01 4.424000e-03 3.180760e-01
260 6.768320e-01 4.216000e-03 3.189520e-01
261 6.761280e-01 4.220000e-03 3.196520e-01
262 6.755240e-01 4.068000e-03 3.204080e-01
263 6.749480e-01 3.904000e-03 3.211480e-01
264 6.743280e-01 3.848000e-03 3.218240e-01
265 6.737440e-01 3.832000e-03 3.224240e-01
266 6.732360e-01 3.644000e-03 3.231200e-01
267 6.727920e-01 3.468000e-03 3.237400e-01
268 6.722040e-01 3.480000e-03 3.243160e-01
269 6.716480e-01 3.412000e-03 3.249400e-01
270 6.711080e-01 3.392000e-03 3.255000e-01
271 6.705960e-01 3.372000e-03 3.260320e-01
272 6.700880e-01 3.392000e-03 3.265200e-01
273 6.695440e-01 3.296000e-03 3.271600e-01
274 6.689520e-01 3.388000e-03 3.276600e-01
275 6.684560e-01 3.308000e-03 3.282360e-01
276 6.679000e-01 3.252000e-03 3.288480e-01
277 6.673600e-01 3.240000e-03 3.294000e-01
278 6.667520e-01 3.216000e-03 3.300320e-01
279 6.661960e-01 3.252000e-03 3.305520e-01
280 6.657080e-01 3.236000e-03 3.310560e-01
281 6.652080e-01 3.232000e-03 3.315600e-01
282 6.646560e-01 3.236000e-03 3.321080e-01
283 6.642040e-01 3.088000e-03 3.327080e-01
284 6.636880e-01 3.072000e-03 3.332400e-01
285 6.632400e-01 2.980000e-03 3.337800e-01
286 6.627720e-01 2.872000e-03 3.343560e-01
287 6.622880e-01 2.808000e-03 3.349040e-01
288 6.618640e-01 2.716000e-03 3.354200e-01
289 6.613800e-01 2.724000e-03 3.358960e-01
290 6.609680e-01 2.660000e-03 3.363720e-01
291 6.606200e-01 2.512000e-03 3.368680e-01
292 6.602360e-01 2.520000e-03 3.372440e-01
293 6.598160e-01 2.500000e-03 3.376840e-01
294 6.594640e-01 2.384000e-03 3.381520e-01
295 6.591040e-01 2.384000e-03 3.385120e-01
296 6.587240e-01 2.336000e-03 3.389400e-01
297 6.583200e-01 2.328000e-03 3.393520e-01
298 6.579360e-01 2.312000e-03 3.397520e-01
299 6.574920e-01 2.356000e-03 3.401520e-01
300 6.571040e-01 2.264000e-03 3.406320e-01
301 6.566880e-01 2.328000e-03 3.409840e-01
302 6.562840e-01 2.348000e-03 3.413680e-01
303 6.559000e-01 2.312000e-03 3.417880e-01
304 6.554760e-01 2.324000e-03 3.422000e-01
305 6.550720e-01 2.328000e-03 3.426000e-01
306 6.546520e-01 2.352000e-03 3.429960e-01
307 6.542560e-01 2.348000e-03 3.433960e-01
308 6.539040e-01 2.332000e-03 3.437640e-01
309 6.535000e-01 2.328000e-03 3.441720e-01
310 6.531520e-01 2.272000e-03 3.445760e-01
311 6.527360e-01 2.312000e-03 3.449520e-01
312 6.523640e-01 2.272000e-03 3.453640e-01
313 6.519720e-01 2.236000e-03 3.457920e-01
314 6.515400e-01 2.244000e-03 3.462160e-01
315 6.512040e-01 2.196000e-03 3.466000e-01
316 6.507760e-01 2.268000e-03 3.469560e-01
317 6.504040e-01 2.212000e-03 3.473840e-01
318 6.500240e-01 2.164000e-03 3.478120e-01
319 6.496640e-01 2.108000e-03 3.482280e-01
320 6.492800e-01 2.160000e-03 3.485600e-01
321 6.488960e-01 2.204000e-03 3.489000e-01
322 6.484280e-01 2.240000e-03 3.493320e-01
323 6.479880e-01 2.240000e-03 3.497720e-01
324 6.475720e-01 2.220000e-03 3.502080e-01
325 6.472120e-01 2.160000e-03 3.506280e-01
326 6.468200e-01 2.192000e-03 3.509880e-01
327 6.464720e-01 2.092000e-03 3.514360e-01
328 6.461040e-01 2.092000e-03 3.518040e-01
329 6.456360e-01 2.168000e-03 3.521960e-01
330 6.453480e-01 2.028000e-03 3.526240e-01
331 6.449840e-01 2.072000e-03 3.529440e-01
332 6.445960e-01 2.016000e-03 3.533880e-01
333 6.442520e-01 1.984000e-03 3.537640e-01
334 6.438760e-01 2.032000e-03 3.540920e-01
335 6.434960e-01 2.028000e-03 3.544760e-01
336 6.432800e-01 1.892000e-03 3.548280e-01
337 6.429640e-01 1.896000e-03 3.551400e-01
338 6.426960e-01 1.844000e-03 3.554600e-01
339 6.424040e-01 1.828000e-03 3.557680e-01
340 6.421840e-01 1.704000e-03 3.561120e-01
341 6.419400e-01 1.684000e-03 3.563760e-01
342 6.416920e-01 1.600000e-03 3.567080e-01
343 6.414920e-01 1.520000e-03 3.569880e-01
344 6.412640e-01 1.480000e-03 3.572560e-01
345 6.410400e-01 1.440000e-03 3.575200e-01
346 6.408200e-01 1.396000e-03 3.577840e-01
347 6.405880e-01 1.368000e-03 3.580440e-01
348 6.402880e-01 1.500000e-03 3.582120e-01
349 6.400440e-01 1.476000e-03 3.584800e-01
350 6.398160e-01 1.476000e-03 3.587080e-01
351 6.395840e-01 1.372000e-03 3.590440e-01
352 6.393560e-01 1.328000e-03 3.593160e-01
353 6.391400e-01 1.244000e-03 3.596160e-01
354 6.389640e-01 1.228000e-03 3.598080e-01
355 6.387760e-01 1.204000e-03 3.600200e-01
356 6.385400e-01 1.272000e-03 3.601880e-01
357 6.383640e-01 1.232000e-03 3.604040e-01
358 6.381600e-01 1.216000e-03 3.606240e-01
359 6.379480e-01 1.252000e-03 3.608000e-01
360 6.377480e-01 1.216000e-03 3.610360e-01
361 6.375280e-01 1.252000e-03 3.612200e-01
362 6.372920e-01 1.240000e-03 3.614680e-01
363 6.370760e-01 1.272000e-03 3.616520e-01
364 6.368000e-01 1.360000e-03 3.618400e-01
365 6.365920e-01 1.328000e-03 3.620800e-01
366 6.364040e-01 1.312000e-03 3.622840e-01
367 6.362520e-01 1.272000e-03 3.624760e-01
368 6.360520e-01 1.252000e-03 3.626960e-01
369 6.358720e-01 1.204000e-03 3.629240e-01
370 6.356880e-01 1.240000e-03 3.630720e-01
371 6.355000e-01 1.228000e-03 3.632720e-01
372 6.353680e-01 1.184000e-03 3.634480e-01
373 6.352200e-01 1.112000e-03 3.636680e-01
374 6.350280e-01 1.156000e-03 3.638160e-01
375 6.348600e-01 1.104000e-03 3.640360e-01
376 6.347360e-01 1.064000e-03 3.642000e-01
377 6.345360e-01 1.080000e-03 3.643840e-01
378 6.343280e-01 1.100000e-03 3.645720e-01
379 6.341840e-01 1.072000e-03 3.647440e-01
380 6.340520e-01 9.680000e-04 3.649800e-01
381 6.339280e-01 9.240000e-04 3.651480e-01
382 6.337960e-01 8.680000e-04 3.653360e-01
383 6.335800e-01 9.440000e-04 3.654760e-01
384 6.333640e-01 1.012000e-03 3.656240e-01
385 6.331400e-01 1.092000e-03 3.657680e-01
386 6.329520e-01 1.068000e-03 3.659800e-01
387 6.327680e-01 1.052000e-03 3.661800e-01
388 6.325960e-01 1.036000e-03 3.663680e-01
389 6.324360e-01 1.016000e-03 3.665480e-01
390 6.322560e-01 9.840000e-04 3.667600e-01
391 6.320600e-01 1.028000e-03 3.669120e-01
392 6.318480e-01 1.016000e-03 3.671360e-01
393 6.317000e-01 1.036000e-03 3.672640e-01
394 6.315640e-01 1.000000e-03 3.674360e-01
395 6.313640e-01 1.016000e-03 3.676200e-01
396 6.312400e-01 9.760000e-04 3.677840e-01
397 6.310920e-01 9.600000e-04 3.679480e-01
398 6.309000e-01 9.680000e-04 3.681320e-01
399 6.306960e-01 1.008000e-03 3.682960e-01
400 6.305400e-01 9.760000e-04 3.684840e-01
401 6.303720e-01 9.600000e-04 3.686680e-01
402 6.301800e-01 9.560000e-04 3.688640e-01
403 6.299920e-01 9.880000e-04 3.690200e-01
404 6.298160e-01 9.840000e-04 3.692000e-01
405 6.296880e-01 9.680000e-04 3.693440e-01
406 6.295320e-01 9.520000e-04 3.695160e-01
407 6.293600e-01 9.600000e-04 3.696800e-01
408 6.291960e-01 9.320000e-04 3.698720e-01
409 6.290760e-01 8.640000e-04 3.700600e-01
410 6.289400e-01 8.360000e-04 3.702240e-01
411 6.288040e-01 8.440000e-04 3.703520e-01
412 6.286600e-01 8.720000e-04 3.704680e-01
413 6.285280e-01 8.560000e-04 3.706160e-01
414 6.284160e-01 8.480000e-04 3.707360e-01
415 6.282880e-01 8.600000e-04 3.708520e-01
416 6.281840e-01 7.920000e-04 3.710240e-01
417 6.281160e-01 7.120000e-04 3.711720e-01
418 6.280280e-01 6.480000e-04 3.713240e-01
419 6.279680e-01 5.920000e-04 3.714400e-01
420 6.278640e-01 5.760000e-04 3.715600e-01
421 6.277680e-01 5.680000e-04 3.716640e-01
422 6.276720e-01 5.720000e-04 3.717560e-01
423 6.275320e-01 5.960000e-04 3.718720e-01
424 6.273840e-01 6.760000e-04 3.719400e-01
425 6.272520e-01 7.040000e-04 3.720440e-01
426 6.270880e-01 7.480000e-04 3.721640e-01
427 6.268800e-01 8.080000e-04 3.723120e-01
428 6.267640e-01 7.400000e-04 3.724960e-01
429 6.266000e-01 7.880000e-04 3.726120e-01
430 6.264880e-01 7.960000e-04 3.727160e-01
431 6.263960e-01 7.320000e-04 3.728720e-01
432 6.262960e-01 6.840000e-04 3.730200e-01
433 6.261960e-01 6.920000e-04 3.731120e-01
434 6.260520e-01 7.120000e-04 3.732360e-01
435 6.259240e-01 7.080000e-04 3.733680e-01
436 6.258040e-01 7.000000e-04 3.734960e-01
437 6.257000e-01 7.080000e-04 3.735920e-01
438 6.255240e-01 7.480000e-04 3.737280e-01
439 6.254360e-01 6.960000e-04 3.738680e-01
440 6.253280e-01 6.480000e-04 3.740240e-01
441 6.252520e-01 6.080000e-04 3.741400e-01
442 6.251680e-01 5.560000e-04 3.742760e-01
443 6.250720e-01 5.600000e-04 3.743680e-01
444 6.249560e-01 5.560000e-04 3.744880e-01
445 6.248360e-01 5.960000e-04 3.745680e-01
446 6.247680e-01 5.440000e-04 3.746880e-01
447 6.246480e-01 5.680000e-04 3.747840e-01
448 6.245360e-01 5.800000e-04 3.748840e-01
449 6.244120e-01 5.720000e-04 3.750160e-01
450 6.242640e-01 6.120000e-04 3.751240e-01
451 6.241120e-01 6.960000e-04 3.751920e-01
452 6.240000e-01 6.840000e-04 3.753160e-01
453 6.238640e-01 7.080000e-04 3.754280e-01
454 6.237320e-01 6.840000e-04 3.755840e-01
455 6.236000e-01 6.760000e-04 3.757240e-01
456 6.234840e-01 6.960000e-04 3.758200e-01
457 6.233840e-01 6.760000e-04 3.759400e-01
458 6.232560e-01 6.680000e-04 3.760760e-01
459 6.231480e-01 6.400000e-04 3.762120e-01
460 6.230120e-01 6.760000e-04 3.763120e-01
461 6.229440e-01 6.600000e-04 3.763960e-01
462 6.228600e-01 6.360000e-04 3.765040e-01
463 6.227760e-01 6.120000e-04 3.766120e-01
464 6.227000e-01 5.880000e-04 3.767120e-01
465 6.225960e-01 5.920000e-04 3.768120e-01
466 6.224800e-01 6.040000e-04 3.769160e-01
467 6.223800e-01 5.760000e-04 3.770440e-01
468 6.222480e-01 5.800000e-04 3.771720e-01
469 6.221280e-01 5.880000e-04 3.772840e-01
470 6.220120e-01 6.160000e-04 3.773720e-01
471 6.218800e-01 6.280000e-04 3.774920e-01
472 6.217760e-01 6.280000e-04 3.775960e-01
473 6.216480e-01 6.640000e-04 3.776880e-01
474 6.215280e-01 6.720000e-04 3.778000e-01
475 6.214480e-01 6.280000e-04 3.779240e-01
476 6.213120e-01 6.560000e-04 3.780320e-01
477 6.211640e-01 6.840000e-04 3.781520e-01
478 6.210320e-01 6.920000e-04 3.782760e-01
479 6.209080e-01 7.040000e-04 3.783880e-01
480 6.208320e-01 6.480000e-04 3.785200e-01
481 6.207320e-01 6.560000e-04 3.786120e-01
482 6.206360e-01 6.280000e-04 3.787360e-01
483 6.205680e-01 5.560000e-04 3.788760e-01
484 6.204480e-01 5.840000e-04 3.789680e-01
485 6.203120e-01 6.280000e-04 3.790600e-01
486 6.201960e-01 6.240000e-04 3.791800e-01
487 6.200680e-01 6.280000e-04 3.793040e-01
488 6.199600e-01 6.520000e-04 3.793880e-01
489 6.198320e-01 7.120000e-04 3.794560e-01
490 6.196960e-01 7.200000e-04 3.795840e-01
491 6.195840e-01 6.800000e-04 3.797360e-01
492 6.194840e-01 6.920000e-04 3.798240e-01
493 6.193760e-01 6.640000e-04 3.799600e-01
494 6.192720e-01 6.400000e-04 3.800880e-01
495 6.191840e-01 6.200000e-04 3.801960e-01
496 6.190920e-01 6.000000e-04 3.803080e-01
497 6.190360e-01 5.440000e-04 3.804200e-01
498 6.189640e-01 5.320000e-04 3.805040e-01
499 6.188480e-01 5.640000e-04 3.805880e-01
500 6.187680e-01 5.560000e-04 3.806760e-01
