1 9.991680e-01 7.280000e-04 1.040000e-04
2 9.985800e-01 1.136000e-03 2.840000e-04
3 9.979960e-01 1.504000e-03 5.000000e-04
4 9.972960e-01 1.956000e-03 7.480000e-04
5 9.965400e-01 2.320000e-03 1.140000e-03
6 9.957640e-01 2.624000e-03 1.612000e-03
7 9.948760e-01 3.020000e-03 2.104000e-03
8 9.940400e-01 3.284000e-03 2.676000e-03
9 9.931080e-01 3.632000e-03 3.260000e-03
10 9.921760e-01 3.896000e-03 3.928000e-03
11 9.910400e-01 4.240000e-03 4.720000e-03
12 9.899360e-01 4.628000e-03 5.436000e-03
13 9.888520e-01 4.884000e-03 6.264000e-03
14 9.877080e-01 5.076000e-03 7.216000e-03
15 9.866880e-01 5.176000e-03 8.136000e-03
16 9.856800e-01 5.268000e-03 9.052000e-03
17 9.845960e-01 5.424000e-03 9.980000e-03
18 9.835800e-01 5.424000e-03 1.099600e-02
19 9.825920e-01 5.400000e-03 1.200800e-02
20 9.815960e-01 5.512000e-03 1.289200e-02
21 9.804400e-01 5.676000e-03 1.388400e-02
22 9.794720e-01 5.708000e-03 1.482000e-02
23 9.783480e-01 5.784000e-03 1.586800e-02
24 9.770400e-01 5.944000e-03 1.701600e-02
25 9.758320e-01 6.116000e-03 1.805200e-02
26 9.745240e-01 6.364000e-03 1.911200e-02
27 9.731960e-01 6.460000e-03 2.034400e-02
28 9.719600e-01 6.604000e-03 2.143600e-02
29 9.706240e-01 6.792000e-03 2.258400e-02
30 9.693320e-01 6.956000e-03 2.371200e-02
31 9.679240e-01 7.120000e-03 2.495600e-02
32 9.665640e-01 7.268000e-03 2.616800e-02
33 9.651160e-01 7.440000e-03 2.744400e-02
34 9.637160e-01 7.544000e-03 2.874000e-02
35 9.622560e-01 7.716000e-03 3.002800e-02
36 9.607880e-01 7.876000e-03 3.133600e-02
37 9.593920e-01 7.904000e-03 3.270400e-02
38 9.579600e-01 7.980000e-03 3.406000e-02
39 9.565120e-01 8.080000e-03 3.540800e-02
40 9.548760e-01 8.344000e-03 3.678000e-02
41 9.533280e-01 8.376000e-03 3.829600e-02
42 9.519800e-01 8.260000e-03 3.976000e-02
43 9.505400e-01 8.184000e-03 4.127600e-02
44 9.491080e-01 8.276000e-03 4.261600e-02
45 9.474680e-01 8.396000e-03 4.413600e-02
46 9.458000e-01 8.612000e-03 4.558800e-02
47 9.443640e-01 8.392000e-03 4.724400e-02
48 9.429360e-01 8.452000e-03 4.861200e-02
49 9.414040e-01 8.440000e-03 5.015600e-02
50 9.396240e-01 8.608000e-03 5.176800e-02
51 9.380320e-01 8.556000e-03 5.341200e-02
52 9.364400e-01 8.552000e-03 5.500800e-02
53 9.347720e-01 8.744000e-03 5.648400e-02
54 9.332080e-01 8.696000e-03 5.809600e-02
55 9.315760e-01 8.804000e-03 5.962000e-02
56 9.300200e-01 8.744000e-03 6.123600e-02
57 9.284000e-01 8.592000e-03 6.300800e-02
58 9.268800e-01 8.584000e-03 6.453600e-02
59 9.251840e-01 8.756000e-03 6.606000e-02
60 9.236600e-01 8.796000e-03 6.754400e-02
61 9.221840e-01 8.692000e-03 6.912400e-02
62 9.205640e-01 8.868000e-03 7.056800e-02
63 9.190800e-01 8.820000e-03 7.210000e-02
64 9.176640e-01 8.744000e-03 7.359200e-02
65 9.161240e-01 8.676000e-03 7.520000e-02
66 9.147200e-01 8.360000e-03 7.692000e-02
67 9.132720e-01 8.392000e-03 7.833600e-02
68 9.117200e-01 8.416000e-03 7.986400e-02
69 9.103200e-01 8.360000e-03 8.132000e-02
70 9.087440e-01 8.364000e-03 8.289200e-02
71 9.073880e-01 8.352000e-03 8.426000e-02
72 9.057640e-01 8.588000e-03 8.564800e-02
73 9.042560e-01 8.580000e-03 8.716400e-02
74 9.027160e-01 8.624000e-03 8.866000e-02
75 9.012800e-01 8.604000e-03 9.011600e-02
76 8.997800e-01 8.584000e-03 9.163600e-02
77 8.982600e-01 8.476000e-03 9.326400e-02
78 8.967760e-01 8.524000e-03 9.470000e-02
79 8.952200e-01 8.652000e-03 9.612800e-02
80 8.935720e-01 8.752000e-03 9.767600e-02
81 8.918080e-01 8.900000e-03 9.929200e-02
82 8.901600e-01 9.108000e-03 1.007320e-01
83 8.884320e-01 9.288000e-03 1.022800e-01
84 8.868040e-01 9.292000e-03 1.039040e-01
85 8.850160e-01 9.492000e-03 1.054920e-01
86 8.834280e-01 9.408000e-03 1.071640e-01
87 8.818080e-01 9.320000e-03 1.088720e-01
88 8.803800e-01 9.264000e-03 1.103560e-01
89 8.788320e-01 9.076000e-03 1.120920e-01
90 8.771480e-01 9.140000e-03 1.137120e-01
91 8.755560e-01 9.168000e-03 1.152760e-01
92 8.739400e-01 9.240000e-03 1.168200e-01
93 8.722480e-01 9.360000e-03 1.183920e-01
94 8.705640e-01 9.472000e-03 1.199640e-01
95 8.688440e-01 9.608000e-03 1.215480e-01
96 8.670880e-01 9.716000e-03 1.231960e-01
97 8.652880e-01 9.700000e-03 1.250120e-01
98 8.634960e-01 9.908000e-03 1.265960e-01
99 8.619240e-01 9.848000e-03 1.282280e-01
100 8.602360e-01 9.804000e-03 1.299600e-01
101 8.587320e-01 9.552000e-03 1.317160e-01
102 8.572280e-01 9.456000e-03 1.333160e-01
103 8.557800e-01 9.388000e-03 1.348320e-01
104 8.543200e-01 9.076000e-03 1.366040e-01
105 8.528920e-01 8.904000e-03 1.382040e-01
106 8.514560e-01 8.860000e-03 1.396840e-01
107 8.502400e-01 8.496000e-03 1.412640e-01
108 8.488240e-01 8.460000e-03 1.427160e-01
109 8.473240e-01 8.480000e-03 1.441960e-01
110 8.457400e-01 8.656000e-03 1.456040e-01
111 8.443080e-01 8.540000e-03 1.471520e-01
112 8.429160e-01 8.424000e-03 1.486600e-01
113 8.414000e-01 8.464000e-03 1.501360e-01
114 8.400200e-01 8.404000e-03 1.515760e-01
115 8.386240e-01 8.276000e-03 1.531000e-01
116 8.371320e-01 8.452000e-03 1.544160e-01
117 8.356760e-01 8.444000e-03 1.558800e-01
118 8.342800e-01 8.252000e-03 1.574680e-01
119 8.329320e-01 8.168000e-03 1.589000e-01
120 8.315920e-01 8.092000e-03 1.603160e-01
121 8.303200e-01 7.984000e-03 1.616960e-01
122 8.289200e-01 7.940000e-03 1.631400e-01
123 8.277520e-01 7.740000e-03 1.645080e-01
124 8.267120e-01 7.588000e-03 1.657000e-01
125 8.255080e-01 7.528000e-03 1.669640e-01
126 8.243360e-01 7.336000e-03 1.683280e-01
127 8.232160e-01 7.260000e-03 1.695240e-01
128 8.219840e-01 7.260000e-03 1.707560e-01
129 8.207400e-01 7.308000e-03 1.719520e-01
130 8.194760e-01 7.256000e-03 1.732680e-01
131 8.182280e-01 7.252000e-03 1.745200e-01
132 8.169920e-01 7.276000e-03 1.757320e-01
133 8.158040e-01 7.220000e-03 1.769760e-01
134 8.146160e-01 7.152000e-03 1.782320e-01
135 8.135000e-01 6.992000e-03 1.795080e-01
136 8.123760e-01 6.936000e-03 1.806880e-01
137 8.112240e-01 6.792000e-03 1.819840e-01
138 8.102280e-01 6.616000e-03 1.831560e-01
139 8.090080e-01 6.632000e-03 1.843600e-01
140 8.079160e-01 6.568000e-03 1.855160e-01
141 8.067680e-01 6.596000e-03 1.866360e-01
142 8.057040e-01 6.644000e-03 1.876520e-01
143 8.046880e-01 6.504000e-03 1.888080e-01
144 8.035640e-01 6.508000e-03 1.899280e-01
145 8.024440e-01 6.564000e-03 1.909920e-01
146 8.014080e-01 6.352000e-03 1.922400e-01
147 8.002880e-01 6.272000e-03 1.934400e-01
148 7.992320e-01 6.220000e-03 1.945480e-01
149 7.981560e-01 6.216000e-03 1.956280e-01
150 7.970200e-01 6.356000e-03 1.966240e-01
151 7.960200e-01 6.368000e-03 1.976120e-01
152 7.949840e-01 6.224000e-03 1.987920e-01
153 7.939120e-01 6.164000e-03 1.999240e-01
154 7.928880e-01 6.036000e-03 2.010760e-01
155 7.918800e-01 6.096000e-03 2.020240e-01
156 7.907680e-01 6.116000e-03 2.031160e-01
157 7.896400e-01 6.292000e-03 2.040680e-01
158 7.885800e-01 6.220000e-03 2.052000e-01
159 7.874840e-01 6.072000e-03 2.064440e-01
160 7.862480e-01 6.188000e-03 2.075640e-01
161 7.851040e-01 6.268000e-03 2.086280e-01
162 7.840240e-01 6.248000e-03 2.097280e-01
163 7.828440e-01 6.388000e-03 2.107680e-01
164 7.817000e-01 6.416000e-03 2.118840e-01
165 7.804080e-01 6.568000e-03 2.130240e-01
166 7.793840e-01 6.420000e-03 2.141960e-01
167 7.782880e-01 6.404000e-03 2.153080e-01
168 7.771480e-01 6.548000e-03 2.163040e-01
169 7.759040e-01 6.752000e-03 2.173440e-01
170 7.746840e-01 6.848000e-03 2.184680e-01
171 7.735480e-01 6.688000e-03 2.197640e-01
172 7.724520e-01 6.796000e-03 2.207520e-01
173 7.713800e-01 6.628000e-03 2.219920e-01
174 7.701920e-01 6.672000e-03 2.231360e-01
175 7.689760e-01 6.648000e-03 2.243760e-01
176 7.678520e-01 6.612000e-03 2.255360e-01
177 7.665880e-01 6.708000e-03 2.267040e-01
178 7.654840e-01 6.612000e-03 2.279040e-01
179 7.643360e-01 6.472000e-03 2.291920e-01
180 7.631880e-01 6.440000e-03 2.303720e-01
181 7.621280e-01 6.240000e-03 2.316320e-01
182 7.611280e-01 6.104000e-03 2.327680e-01
183 7.601680e-01 5.988000e-03 2.338440e-01
184 7.590600e-01 6.056000e-03 2.348840e-01
185 7.580520e-01 5.992000e-03 2.359560e-01
186 7.570800e-01 5.940000e-03 2.369800e-01
187 7.561720e-01 5.760000e-03 2.380680e-01
188 7.552080e-01 5.808000e-03 2.389840e-01
189 7.542040e-01 5.772000e-03 2.400240e-01
190 7.531680e-01 5.816000e-03 2.410160e-01
191 7.520840e-01 5.836000e-03 2.420800e-01
192 7.509040e-01 6.036000e-03 2.430600e-01
193 7.499720e-01 5.904000e-03 2.441240e-01
194 7.489880e-01 5.868000e-03 2.451440e-01
195 7.479520e-01 5.848000e-03 2.462000e-01
196 7.469880e-01 5.872000e-03 2.471400e-01
197 7.459920e-01 5.768000e-03 2.482400e-01
198 7.449880e-01 5.764000e-03 2.492480e-01
199 7.440880e-01 5.588000e-03 2.503240e-01
200 7.430400e-01 5.672000e-03 2.512880e-01
201 7.421800e-01 5.572000e-03 2.522480e-01
202 7.411160e-01 5.676000e-03 2.532080e-01
203 7.401320e-01 5.624000e-03 2.542440e-01
204 7.390880e-01 5.648000e-03 2.552640e-01
205 7.381000e-01 5.532000e-03 2.563680e-01
206 7.371040e-01 5.548000e-03 2.573480e-01
207 7.362600e-01 5.328000e-03 2.584120e-01
208 7.353520e-01 5.332000e-03 2.593160e-01
209 7.344960e-01 5.268000e-03 2.602360e-01
210 7.337800e-01 5.016000e-03 2.612040e-01
211 7.330240e-01 4.840000e-03 2.621360e-01
212 7.323200e-01 4.676000e-03 2.630040e-01
213 7.315680e-01 4.656000e-03 2.637760e-01
214 7.307280e-01 4.704000e-03 2.645680e-01
215 7.299960e-01 4.632000e-03 2.653720e-01
216 7.292160e-01 4.596000e-03 2.661880e-01
217 7.286160e-01 4.452000e-03 2.669320e-01
218 7.280000e-01 4.292000e-03 2.677080e-01
219 7.273680e-01 4.140000e-03 2.684920e-01
220 7.267080e-01 4.160000e-03 2.691320e-01
221 7.260280e-01 4.108000e-03 2.698640e-01
222 7.253800e-01 4.080000e-03 2.705400e-01
223 7.247760e-01 3.900000e-03 2.713240e-01
224 7.240920e-01 3.972000e-03 2.719360e-01
225 7.235280e-01 3.864000e-03 2.726080e-01
226 7.229240e-01 3.724000e-03 2.733520e-01
227 7.223000e-01 3.780000e-03 2.739200e-01
228 7.217080e-01 3.652000e-03 2.746400e-01
229 7.211440e-01 3.640000e-03 2.752160e-01
230 7.205760e-01 3.576000e-03 2.758480e-01
231 7.200080e-01 3.600000e-03 2.763920e-01
232 7.193560e-01 3.724000e-03 2.769200e-01
233 7.187200e-01 3.652000e-03 2.776280e-01
234 7.180560e-01 3.680000e-03 2.782640e-01
235 7.174280e-01 3.644000e-03 2.789280e-01
236 7.167520e-01 3.716000e-03 2.795320e-01
237 7.160920e-01 3.636000e-03 2.802720e-01
238 7.153960e-01 3.652000e-03 2.809520e-01
239 7.148200e-01 3.600000e-03 2.815800e-01
240 7.141840e-01 3.572000e-03 2.822440e-01
241 7.135720e-01 3.592000e-03 2.828360e-01
242 7.129800e-01 3.612000e-03 2.834080e-01
243 7.123520e-01 3.608000e-03 2.840400e-01
244 7.116880e-01 3.648000e-03 2.846640e-01
245 7.110640e-01 3.608000e-03 2.853280e-01
246 7.105000e-01 3.504000e-03 2.859960e-01
247 7.097920e-01 3.568000e-03 2.866400e-01
248 7.091520e-01 3.596000e-03 2.872520e-01
249 7.083840e-01 3.820000e-03 2.877960e-01
250 7.076040e-01 3.964000e-03 2.884320e-01
251 7.068840e-01 4.040000e-03 2.890760e-01
252 7.063200e-01 3.892000e-03 2.897880e-01
253 7.056280e-01 3.908000e-03 2.904640e-01
254 7.050680e-01 3.792000e-03 2.911400e-01
255 7.044560e-01 3.696000e-03 2.918480e-01
256 7.038080e-01 3.656000e-03 2.925360e-01
257 7.031120e-01 3.724000e-03 2.931640e-01
258 7.024720e-01 3.716000e-03 2.938120e-01
259 7.017920e-01 3.808000e-03 2.944000e-01
260 7.011480e-01 3.896000e-03 2.949560e-01
261 7.005280e-01 3.776000e-03 2.956960e-01
262 6.998360e-01 3.852000e-03 2.963120e-01
263 6.991760e-01 3.756000e-03 2.970680e-01
264 6.983920e-01 3.904000e-03 2.977040e-01
265 6.977160e-01 4.000000e-03 2.982840e-01
266 6.970600e-01 3.980000e-03 2.989600e-01
267 6.964200e-01 3.884000e-03 2.996960e-01
268 6.958440e-01 3.780000e-03 3.003760e-01
269 6.952160e-01 3.704000e-03 3.010800e-01
270 6.946160e-01 3.620000e-03 3.017640e-01
271 6.941160e-01 3.560000e-03 3.023240e-01
272 6.935360e-01 3.500000e-03 3.029640e-01
273 6.929600e-01 3.516000e-03 3.035240e-01
274 6.923800e-01 3.520000e-03 3.041000e-01
275 6.917800e-01 3.532000e-03 3.046880e-01
276 6.911800e-01 3.512000e-03 3.053080e-01
277 6.906480e-01 3.312000e-03 3.060400e-01
278 6.901200e-01 3.300000e-03 3.065800e-01
279 6.895960e-01 3.256000e-03 3.071480e-01
280 6.889320e-01 3.308000e-03 3.077600e-01
281 6.883000e-01 3.328000e-03 3.083720e-01
282 6.876560e-01 3.408000e-03 3.089360e-01
283 6.871080e-01 3.364000e-03 3.095280e-01
284 6.866560e-01 3.220000e-03 3.101240e-01
285 6.860200e-01 3.308000e-03 3.106720e-01
286 6.854360e-01 3.248000e-03 3.113160e-01
287 6.848240e-01 3.244000e-03 3.119320e-01
288 6.842880e-01 3.264000e-03 3.124480e-01
289 6.837720e-01 3.132000e-03 3.130960e-01
290 6.832560e-01 3.092000e-03 3.136520e-01
291 6.827680e-01 3.104000e-03 3.141280e-01
292 6.823000e-01 2.976000e-03 3.147240e-01
293 6.817320e-01 3.044000e-03 3.152240e-01
294 6.812240e-01 3.020000e-03 3.157560e-01
295 6.806680e-01 3.052000e-03 3.162800e-01
296 6.801280e-01 3.056000e-03 3.168160e-01
297 6.795440e-01 3.056000e-03 3.174000e-01
298 6.790280e-01 2.952000e-03 3.180200e-01
299 6.785600e-01 2.800000e-03 3.186400e-01
300 6.780840e-01 2.808000e-03 3.191080e-01
301 6.776320e-01 2.772000e-03 3.195960e-01
302 6.771960e-01 2.704000e-03 3.201000e-01
303 6.767080e-01 2.764000e-03 3.205280e-01
304 6.763240e-01 2.688000e-03 3.209880e-01
305 6.758320e-01 2.768000e-03 3.214000e-01
306 6.753200e-01 2.744000e-03 3.219360e-01
307 6.748480e-01 2.748000e-03 3.224040e-01
308 6.743680e-01 2.756000e-03 3.228760e-01
309 6.737720e-01 2.876000e-03 3.233520e-01
310 6.732160e-01 2.972000e-03 3.238120e-01
311 6.727680e-01 2.864000e-03 3.243680e-01
312 6.722720e-01 2.900000e-03 3.248280e-01
313 6.717360e-01 2.952000e-03 3.253120e-01
314 6.712440e-01 2.968000e-03 3.257880e-01
315 6.707040e-01 3.068000e-03 3.262280e-01
316 6.701600e-01 3.124000e-03 3.267160e-01
317 6.696560e-01 3.124000e-03 3.272200e-01
318 6.691920e-01 3.072000e-03 3.277360e-01
319 6.687640e-01 3.012000e-03 3.282240e-01
320 6.682480e-01 3.008000e-03 3.287440e-01
321 6.678200e-01 2.888000e-03 3.292920e-01
322 6.673760e-01 2.872000e-03 3.297520e-01
323 6.669120e-01 2.812000e-03 3.302760e-01
324 6.664960e-01 2.724000e-03 3.307800e-01
325 6.660680e-01 2.708000e-03 3.312240e-01
326 6.656920e-01 2.532000e-03 3.317760e-01
327 6.652600e-01 2.492000e-03 3.322480e-01
328 6.648720e-01 2.488000e-03 3.326400e-01
329 6.644280e-01 2.496000e-03 3.330760e-01
330 6.639680e-01 2.536000e-03 3.334960e-01
331 6.636160e-01 2.412000e-03 3.339720e-01
332 6.632400e-01 2.344000e-03 3.344160e-01
333 6.628920e-01 2.316000e-03 3.347920e-01
334 6.624600e-01 2.320000e-03 3.352200e-01
335 6.619880e-01 2.380000e-03 3.356320e-01
336 6.615280e-01 2.396000e-03 3.360760e-01
337 6.610920e-01 2.412000e-03 3.364960e-01
338 6.607440e-01 2.272000e-03 3.369840e-01
339 6.603200e-01 2.312000e-03 3.373680e-01
340 6.598680e-01 2.264000e-03 3.378680e-01
341 6.595000e-01 2.208000e-03 3.382920e-01
342 6.591560e-01 2.204000e-03 3.386400e-01
343 6.587960e-01 2.212000e-03 3.389920e-01
344 6.583800e-01 2.336000e-03 3.392840e-01
345 6.579280e-01 2.428000e-03 3.396440e-01
346 6.575800e-01 2.388000e-03 3.400320e-01
347 6.572280e-01 2.332000e-03 3.404400e-01
348 6.568760e-01 2.300000e-03 3.408240e-01
349 6.565040e-01 2.268000e-03 3.412280e-01
350 6.561160e-01 2.316000e-03 3.415680e-01
351 6.557880e-01 2.216000e-03 3.419960e-01
352 6.554240e-01 2.252000e-03 3.423240e-01
353 6.550240e-01 2.272000e-03 3.427040e-01
354 6.546640e-01 2.232000e-03 3.431040e-01
355 6.543080e-01 2.248000e-03 3.434440e-01
356 6.539200e-01 2.232000e-03 3.438480e-01
357 6.534600e-01 2.288000e-03 3.442520e-01
358 6.529800e-01 2.376000e-03 3.446440e-01
359 6.526240e-01 2.356000e-03 3.450200e-01
360 6.521560e-01 2.432000e-03 3.454120e-01
361 6.518080e-01 2.292000e-03 3.459000e-01
362 6.513520e-01 2.340000e-03 3.463080e-01
363 6.509680e-01 2.328000e-03 3.467040e-01
364 6.505840e-01 2.252000e-03 3.471640e-01
365 6.502040e-01 2.240000e-03 3.475560e-01
366 6.498360e-01 2.244000e-03 3.479200e-01
367 6.494720e-01 2.224000e-03 3.483040e-01
368 6.490880e-01 2.260000e-03 3.486520e-01
369 6.487160e-01 2.240000e-03 3.490440e-01
370 6.483840e-01 2.212000e-03 3.494040e-01
371 6.480240e-01 2.188000e-03 3.497880e-01
372 6.477160e-01 2.128000e-03 3.501560e-01
373 6.473080e-01 2.132000e-03 3.505600e-01
374 6.468920e-01 2.172000e-03 3.509360e-01
375 6.464640e-01 2.220000e-03 3.513160e-01
376 6.460840e-01 2.100000e-03 3.518160e-01
377 6.458120e-01 2.040000e-03 3.521480e-01
378 6.454440e-01 2.040000e-03 3.525160e-01
379 6.451360e-01 2.012000e-03 3.528520e-01
380 6.447320e-01 2.016000e-03 3.532520e-01
381 6.443400e-01 2.004000e-03 3.536560e-01
382 6.440160e-01 1.932000e-03 3.540520e-01
383 6.437160e-01 1.940000e-03 3.543440e-01
384 6.434480e-01 1.888000e-03 3.546640e-01
385 6.431000e-01 1.888000e-03 3.550120e-01
386 6.428200e-01 1.680000e-03 3.555000e-01
387 6.425480e-01 1.652000e-03 3.558000e-01
388 6.422520e-01 1.648000e-03 3.561000e-01
389 6.419760e-01 1.628000e-03 3.563960e-01
390 6.416440e-01 1.684000e-03 3.566720e-01
391 6.413720e-01 1.672000e-03 3.569560e-01
392 6.411680e-01 1.500000e-03 3.573320e-01
393 6.408640e-01 1.560000e-03 3.575760e-01
394 6.407000e-01 1.444000e-03 3.578560e-01
395 6.404720e-01 1.412000e-03 3.581160e-01
396 6.402200e-01 1.428000e-03 3.583520e-01
397 6.399720e-01 1.476000e-03 3.585520e-01
398 6.397480e-01 1.404000e-03 3.588480e-01
399 6.395280e-01 1.380000e-03 3.590920e-01
400 6.393200e-01 1.356000e-03 3.593240e-01
401 6.390920e-01 1.304000e-03 3.596040e-01
402 6.388480e-01 1.320000e-03 3.598320e-01
403 6.386320e-01 1.288000e-03 3.600800e-01
404 6.383960e-01 1.292000e-03 3.603120e-01
405 6.380800e-01 1.392000e-03 3.605280e-01
406 6.377760e-01 1.456000e-03 3.607680e-01
407 6.375160e-01 1.472000e-03 3.610120e-01
408 6.372600e-01 1.488000e-03 3.612520e-01
409 6.369360e-01 1.592000e-03 3.614720e-01
410 6.366400e-01 1.628000e-03 3.617320e-01
411 6.363600e-01 1.572000e-03 3.620680e-01
412 6.359720e-01 1.704000e-03 3.623240e-01
413 6.356600e-01 1.740000e-03 3.626000e-01
414 6.353640e-01 1.776000e-03 3.628600e-01
415 6.351080e-01 1.732000e-03 3.631600e-01
416 6.347800e-01 1.768000e-03 3.634520e-01
417 6.345240e-01 1.672000e-03 3.638040e-01
418 6.343160e-01 1.600000e-03 3.640840e-01
419 6.340800e-01 1.548000e-03 3.643720e-01
420 6.338360e-01 1.520000e-03 3.646440e-01
421 6.336240e-01 1.416000e-03 3.649600e-01
422 6.333840e-01 1.420000e-03 3.651960e-01
423 6.331440e-01 1.372000e-03 3.654840e-01
424 6.329120e-01 1.384000e-03 3.657040e-01
425 6.326280e-01 1.420000e-03 3.659520e-01
426 6.324080e-01 1.384000e-03 3.662080e-01
427 6.321920e-01 1.368000e-03 3.664400e-01
428 6.319600e-01 1.332000e-03 3.667080e-01
429 6.317080e-01 1.320000e-03 3.669720e-01
430 6.315080e-01 1.240000e-03 3.672520e-01
431 6.313200e-01 1.160000e-03 3.675200e-01
432 6.311000e-01 1.192000e-03 3.677080e-01
433 6.309040e-01 1.168000e-03 3.679280e-01
434 6.307400e-01 1.108000e-03 3.681520e-01
435 6.305080e-01 1.116000e-03 3.683760e-01
436 6.303040e-01 1.176000e-03 3.685200e-01
437 6.300880e-01 1.136000e-03 3.687760e-01
438 6.298840e-01 1.144000e-03 3.689720e-01
439 6.295840e-01 1.272000e-03 3.691440e-01
440 6.293520e-01 1.260000e-03 3.693880e-01
441 6.290040e-01 1.392000e-03 3.696040e-01
442 6.287400e-01 1.416000e-03 3.698440e-01
443 6.284400e-01 1.488000e-03 3.700720e-01
444 6.281320e-01 1.560000e-03 3.703080e-01
445 6.278360e-01 1.548000e-03 3.706160e-01
446 6.275920e-01 1.540000e-03 3.708680e-01
447 6.273560e-01 1.516000e-03 3.711280e-01
448 6.271080e-01 1.540000e-03 3.713520e-01
449 6.268720e-01 1.484000e-03 3.716440e-01
450 6.265880e-01 1.504000e-03 3.719080e-01
451 6.263760e-01 1.440000e-03 3.721840e-01
452 6.261000e-01 1.460000e-03 3.724400e-01
453 6.258800e-01 1.452000e-03 3.726680e-01
454 6.256600e-01 1.432000e-03 3.729080e-01
455 6.254720e-01 1.364000e-03 3.731640e-01
456 6.252400e-01 1.388000e-03 3.733720e-01
457 6.250080e-01 1.404000e-03 3.735880e-01
458 6.247840e-01 1.372000e-03 3.738440e-01
459 6.245640e-01 1.344000e-03 3.740920e-01
460 6.243040e-01 1.388000e-03 3.743080e-01
461 6.240680e-01 1.380000e-03 3.745520e-01
462 6.238160e-01 1.380000e-03 3.748040e-01
463 6.235880e-01 1.376000e-03 3.750360e-01
464 6.233320e-01 1.372000e-03 3.752960e-01
465 6.231280e-01 1.304000e-03 3.755680e-01
466 6.229600e-01 1.224000e-03 3.758160e-01
467 6.227960e-01 1.136000e-03 3.760680e-01
468 6.225600e-01 1.172000e-03 3.762680e-01
469 6.224080e-01 1.124000e-03 3.764680e-01
470 6.222480e-01 1.100000e-03 3.766520e-01
471 6.220800e-01 1.104000e-03 3.768160e-01
472 6.218760e-01 1.076000e-03 3.770480e-01
473 6.217240e-01 1.060000e-03 3.772160e-01
474 6.215320e-01 1.048000e-03 3.774200e-01
475 6.213800e-01 1.012000e-03 3.776080e-01
476 6.212080e-01 1.016000e-03 3.777760e-01
477 6.210600e-01 9.760000e-04 3.779640e-01
478 6.208960e-01 9.640000e-04 3.781400e-01
479 6.208000e-01 9.120000e-04 3.782880e-01
480 6.206200e-01 9.200000e-04 3.784600e-01
481 6.204640e-01 9.200000e-04 3.786160e-01
482 6.202560e-01 9.600000e-04 3.787840e-01
483 6.201440e-01 9.000000e-04 3.789560e-01
484 6.199680e-01 9.160000e-04 3.791160e-01
485 6.197800e-01 9.840000e-04 3.792360e-01
486 6.196440e-01 9.160000e-04 3.794400e-01
487 6.194520e-01 9.320000e-04 3.796160e-01
488 6.193200e-01 9.040000e-04 3.797760e-01
489 6.191760e-01 8.920000e-04 3.799320e-01
490 6.190320e-01 8.640000e-04 3.801040e-01
491 6.188680e-01 8.600000e-04 3.802720e-01
492 6.186960e-01 8.440000e-04 3.804600e-01
493 6.185160e-01 8.800000e-04 3.806040e-01
494 6.182760e-01 9.680000e-04 3.807560e-01
495 6.180680e-01 1.044000e-03 3.808880e-01
496 6.178880e-01 1.080000e-03 3.810320e-01
497 6.176520e-01 1.132000e-03 3.812160e-01
498 6.174360e-01 1.144000e-03 3.814200e-01
499 6.171800e-01 1.152000e-03 3.816680e-01
500 6.169560e-01 1.160000e-03 3.818840e-01
