1 9.991680e-01 7.320000e-04 1.000000e-04
2 9.986600e-01 1.084000e-03 2.560000e-04
3 9.980400e-01 1.504000e-03 4.560000e-04
4 9.972160e-01 2.004000e-03 7.800000e-04
5 9.963280e-01 2.484000e-03 1.188000e-03
6 9.954640e-01 2.892000e-03 1.644000e-03
7 9.944920e-01 3.404000e-03 2.104000e-03
8 9.935000e-01 3.796000e-03 2.704000e-03
9 9.924480e-01 4.128000e-03 3.424000e-03
10 9.913440e-01 4.628000e-03 4.028000e-03
11 9.901800e-01 4.940000e-03 4.880000e-03
12 9.891080e-01 5.108000e-03 5.784000e-03
13 9.880360e-01 5.296000e-03 6.668000e-03
14 9.869720e-01 5.236000e-03 7.792000e-03
15 9.858720e-01 5.416000e-03 8.712000e-03
16 9.847760e-01 5.532000e-03 9.692000e-03
17 9.834800e-01 5.852000e-03 1.066800e-02
18 9.823320e-01 5.972000e-03 1.169600e-02
19 9.811160e-01 6.096000e-03 1.278800e-02
20 9.799560e-01 6.148000e-03 1.389600e-02
21 9.785880e-01 6.420000e-03 1.499200e-02
22 9.771120e-01 6.724000e-03 1.616400e-02
23 9.756520e-01 6.948000e-03 1.740000e-02
24 9.743080e-01 7.108000e-03 1.858400e-02
25 9.729000e-01 7.144000e-03 1.995600e-02
26 9.714880e-01 7.356000e-03 2.115600e-02
27 9.701760e-01 7.336000e-03 2.248800e-02
28 9.687920e-01 7.412000e-03 2.379600e-02
29 9.673600e-01 7.536000e-03 2.510400e-02
30 9.659720e-01 7.568000e-03 2.646000e-02
31 9.645800e-01 7.584000e-03 2.783600e-02
32 9.633720e-01 7.456000e-03 2.917200e-02
33 9.620120e-01 7.484000e-03 3.050400e-02
34 9.605240e-01 7.684000e-03 3.179200e-02
35 9.591560e-01 7.672000e-03 3.317200e-02
36 9.578880e-01 7.592000e-03 3.452000e-02
37 9.565240e-01 7.592000e-03 3.588400e-02
38 9.549880e-01 7.776000e-03 3.723600e-02
39 9.534680e-01 7.984000e-03 3.854800e-02
40 9.519560e-01 8.136000e-03 3.990800e-02
41 9.505480e-01 7.988000e-03 4.146400e-02
42 9.489880e-01 8.108000e-03 4.290400e-02
43 9.473600e-01 8.336000e-03 4.430400e-02
44 9.458040e-01 8.356000e-03 4.584000e-02
45 9.443440e-01 8.300000e-03 4.735600e-02
46 9.428600e-01 8.448000e-03 4.869200e-02
47 9.412640e-01 8.404000e-03 5.033200e-02
48 9.397160e-01 8.416000e-03 5.186800e-02
49 9.382080e-01 8.652000e-03 5.314000e-02
50 9.367280e-01 8.564000e-03 5.470800e-02
51 9.352200e-01 8.572000e-03 5.620800e-02
52 9.335160e-01 8.812000e-03 5.767200e-02
53 9.318760e-01 8.980000e-03 5.914400e-02
54 9.304200e-01 8.940000e-03 6.064000e-02
55 9.289360e-01 8.936000e-03 6.212800e-02
56 9.272680e-01 9.084000e-03 6.364800e-02
57 9.257160e-01 9.128000e-03 6.515600e-02
58 9.243040e-01 8.956000e-03 6.674000e-02
59 9.228080e-01 8.944000e-03 6.824800e-02
60 9.211400e-01 9.092000e-03 6.976800e-02
61 9.196320e-01 9.008000e-03 7.136000e-02
62 9.180880e-01 8.912000e-03 7.300000e-02
63 9.164480e-01 8.820000e-03 7.473200e-02
64 9.148400e-01 8.960000e-03 7.620000e-02
65 9.132560e-01 8.952000e-03 7.779200e-02
66 9.117960e-01 8.844000e-03 7.936000e-02
67 9.102960e-01 8.860000e-03 8.084400e-02
68 9.088000e-01 8.784000e-03 8.241600e-02
69 9.073400e-01 8.744000e-03 8.391600e-02
70 9.058120e-01 8.744000e-03 8.544400e-02
71 9.042840e-01 8.772000e-03 8.694400e-02
72 9.026840e-01 8.720000e-03 8.859600e-02
73 9.011560e-01 8.704000e-03 9.014000e-02
74 8.996200e-01 8.716000e-03 9.166400e-02
75 8.979560e-01 8.872000e-03 9.317200e-02
76 8.965240e-01 8.624000e-03 9.485200e-02
77 8.950480e-01 8.528000e-03 9.642400e-02
78 8.935560e-01 8.408000e-03 9.803600e-02
79 8.921600e-01 8.300000e-03 9.954000e-02
80 8.906640e-01 8.440000e-03 1.008960e-01
81 8.891600e-01 8.572000e-03 1.022680e-01
82 8.875360e-01 8.756000e-03 1.037080e-01
83 8.859240e-01 8.792000e-03 1.052840e-01
84 8.844000e-01 8.772000e-03 1.068280e-01
85 8.828040e-01 8.856000e-03 1.083400e-01
86 8.813480e-01 8.712000e-03 1.099400e-01
87 8.798320e-01 8.728000e-03 1.114400e-01
88 8.782760e-01 8.732000e-03 1.129920e-01
89 8.765840e-01 8.812000e-03 1.146040e-01
90 8.749440e-01 8.932000e-03 1.161240e-01
91 8.733240e-01 9.032000e-03 1.176440e-01
92 8.716280e-01 9.296000e-03 1.190760e-01
93 8.699200e-01 9.464000e-03 1.206160e-01
94 8.683800e-01 9.268000e-03 1.223520e-01
95 8.666280e-01 9.368000e-03 1.240040e-01
96 8.650360e-01 9.428000e-03 1.255360e-01
97 8.634520e-01 9.368000e-03 1.271800e-01
98 8.617480e-01 9.460000e-03 1.287920e-01
99 8.601080e-01 9.468000e-03 1.304240e-01
100 8.584800e-01 9.332000e-03 1.321880e-01
101 8.567880e-01 9.456000e-03 1.337560e-01
102 8.551800e-01 9.312000e-03 1.355080e-01
103 8.536320e-01 9.308000e-03 1.370600e-01
104 8.521480e-01 9.256000e-03 1.385960e-01
105 8.507160e-01 9.040000e-03 1.402440e-01
106 8.492960e-01 8.800000e-03 1.419040e-01
107 8.477920e-01 8.668000e-03 1.435400e-01
108 8.464000e-01 8.592000e-03 1.450080e-01
109 8.450120e-01 8.460000e-03 1.465280e-01
110 8.435960e-01 8.316000e-03 1.480880e-01
111 8.422840e-01 8.196000e-03 1.495200e-01
112 8.410360e-01 8.084000e-03 1.508800e-01
113 8.397240e-01 8.080000e-03 1.521960e-01
114 8.384560e-01 8.060000e-03 1.534840e-01
115 8.370200e-01 8.116000e-03 1.548640e-01
116 8.355720e-01 8.100000e-03 1.563280e-01
117 8.340000e-01 8.088000e-03 1.579120e-01
118 8.324920e-01 8.108000e-03 1.594000e-01
119 8.310440e-01 8.172000e-03 1.607840e-01
120 8.296480e-01 8.088000e-03 1.622640e-01
121 8.282360e-01 8.064000e-03 1.637000e-01
122 8.267080e-01 8.168000e-03 1.651240e-01
123 8.253960e-01 8.052000e-03 1.665520e-01
124 8.239480e-01 7.976000e-03 1.680760e-01
125 8.225960e-01 7.928000e-03 1.694760e-01
126 8.213040e-01 7.756000e-03 1.709400e-01
127 8.199360e-01 7.604000e-03 1.724600e-01
128 8.186640e-01 7.628000e-03 1.737080e-01
129 8.173440e-01 7.800000e-03 1.748560e-01
130 8.160440e-01 7.672000e-03 1.762840e-01
131 8.148080e-01 7.660000e-03 1.775320e-01
132 8.134800e-01 7.712000e-03 1.788080e-01
133 8.120520e-01 7.876000e-03 1.800720e-01
134 8.107440e-01 7.776000e-03 1.814800e-01
135 8.093520e-01 7.748000e-03 1.829000e-01
136 8.080040e-01 7.780000e-03 1.842160e-01
137 8.065040e-01 7.860000e-03 1.856360e-01
138 8.050800e-01 7.896000e-03 1.870240e-01
139 8.036320e-01 8.080000e-03 1.882880e-01
140 8.022680e-01 8.044000e-03 1.896880e-01
141 8.009240e-01 7.980000e-03 1.910960e-01
142 7.996360e-01 7.856000e-03 1.925080e-01
143 7.984640e-01 7.704000e-03 1.938320e-01
144 7.973760e-01 7.452000e-03 1.951720e-01
145 7.962560e-01 7.328000e-03 1.964160e-01
146 7.949480e-01 7.316000e-03 1.977360e-01
147 7.937720e-01 7.248000e-03 1.989800e-01
148 7.925280e-01 7.176000e-03 2.002960e-01
149 7.913240e-01 7.056000e-03 2.016200e-01
150 7.900800e-01 7.136000e-03 2.027840e-01
151 7.888960e-01 7.004000e-03 2.041000e-01
152 7.878480e-01 6.900000e-03 2.052520e-01
153 7.867440e-01 6.832000e-03 2.064240e-01
154 7.856200e-01 6.784000e-03 2.075960e-01
155 7.845920e-01 6.504000e-03 2.089040e-01
156 7.835000e-01 6.524000e-03 2.099760e-01
157 7.822640e-01 6.568000e-03 2.111680e-01
158 7.811360e-01 6.604000e-03 2.122600e-01
159 7.798520e-01 6.648000e-03 2.135000e-01
160 7.787040e-01 6.652000e-03 2.146440e-01
161 7.775320e-01 6.652000e-03 2.158160e-01
162 7.762400e-01 6.872000e-03 2.168880e-01
163 7.750960e-01 6.784000e-03 2.181200e-01
164 7.739320e-01 6.748000e-03 2.193200e-01
165 7.727320e-01 6.780000e-03 2.204880e-01
166 7.716600e-01 6.688000e-03 2.216520e-01
167 7.703200e-01 6.928000e-03 2.227520e-01
168 7.690600e-01 6.940000e-03 2.240000e-01
169 7.677480e-01 7.040000e-03 2.252120e-01
170 7.664560e-01 7.056000e-03 2.264880e-01
171 7.652240e-01 7.148000e-03 2.276280e-01
172 7.640960e-01 7.044000e-03 2.288600e-01
173 7.629160e-01 6.864000e-03 2.302200e-01
174 7.619000e-01 6.808000e-03 2.312920e-01
175 7.607840e-01 6.792000e-03 2.324240e-01
176 7.596280e-01 6.756000e-03 2.336160e-01
177 7.585600e-01 6.716000e-03 2.347240e-01
178 7.574680e-01 6.600000e-03 2.359320e-01
179 7.564480e-01 6.480000e-03 2.370720e-01
180 7.553880e-01 6.308000e-03 2.383040e-01
181 7.543960e-01 6.308000e-03 2.392960e-01
182 7.533640e-01 6.292000e-03 2.403440e-01
183 7.523320e-01 6.248000e-03 2.414200e-01
184 7.512840e-01 6.212000e-03 2.425040e-01
185 7.503040e-01 6.040000e-03 2.436560e-01
186 7.494840e-01 5.872000e-03 2.446440e-01
187 7.485160e-01 5.788000e-03 2.456960e-01
188 7.475840e-01 5.688000e-03 2.467280e-01
189 7.466960e-01 5.588000e-03 2.477160e-01
190 7.458760e-01 5.416000e-03 2.487080e-01
191 7.450280e-01 5.192000e-03 2.497800e-01
192 7.441960e-01 5.060000e-03 2.507440e-01
193 7.433320e-01 5.008000e-03 2.516600e-01
194 7.425480e-01 4.856000e-03 2.525960e-01
195 7.417360e-01 4.824000e-03 2.534400e-01
196 7.409200e-01 4.772000e-03 2.543080e-01
197 7.402160e-01 4.588000e-03 2.551960e-01
198 7.394960e-01 4.480000e-03 2.560240e-01
199 7.388320e-01 4.340000e-03 2.568280e-01
200 7.381000e-01 4.328000e-03 2.575720e-01
201 7.373720e-01 4.348000e-03 2.582800e-01
202 7.365720e-01 4.292000e-03 2.591360e-01
203 7.357480e-01 4.364000e-03 2.598880e-01
204 7.348520e-01 4.492000e-03 2.606560e-01
205 7.339640e-01 4.668000e-03 2.613680e-01
206 7.331520e-01 4.628000e-03 2.622200e-01
207 7.322920e-01 4.664000e-03 2.630440e-01
208 7.314000e-01 4.684000e-03 2.639160e-01
209 7.305280e-01 4.808000e-03 2.646640e-01
210 7.296680e-01 4.808000e-03 2.655240e-01
211 7.287680e-01 4.828000e-03 2.664040e-01
212 7.278360e-01 4.944000e-03 2.672200e-01
213 7.269680e-01 4.920000e-03 2.681120e-01
214 7.262160e-01 4.780000e-03 2.690040e-01
215 7.254080e-01 4.760000e-03 2.698320e-01
216 7.245080e-01 4.772000e-03 2.707200e-01
217 7.237920e-01 4.704000e-03 2.715040e-01
218 7.230320e-01 4.708000e-03 2.722600e-01
219 7.223040e-01 4.684000e-03 2.730120e-01
220 7.214840e-01 4.644000e-03 2.738720e-01
221 7.207560e-01 4.544000e-03 2.747000e-01
222 7.200280e-01 4.512000e-03 2.754600e-01
223 7.192520e-01 4.452000e-03 2.762960e-01
224 7.184560e-01 4.448000e-03 2.770960e-01
225 7.177680e-01 4.448000e-03 2.777840e-01
226 7.171000e-01 4.308000e-03 2.785920e-01
227 7.163960e-01 4.252000e-03 2.793520e-01
228 7.156200e-01 4.296000e-03 2.800840e-01
229 7.149800e-01 4.188000e-03 2.808320e-01
230 7.142400e-01 4.248000e-03 2.815120e-01
231 7.135400e-01 4.196000e-03 2.822640e-01
232 7.128320e-01 4.184000e-03 2.829840e-01
233 7.120320e-01 4.260000e-03 2.837080e-01
234 7.113000e-01 4.320000e-03 2.843800e-01
235 7.105320e-01 4.324000e-03 2.851440e-01
236 7.098160e-01 4.220000e-03 2.859640e-01
237 7.092160e-01 4.048000e-03 2.867360e-01
238 7.084960e-01 4.076000e-03 2.874280e-01
239 7.077600e-01 4.132000e-03 2.881080e-01
240 7.072400e-01 3.968000e-03 2.887920e-01
241 7.064640e-01 4.028000e-03 2.895080e-01
242 7.057840e-01 4.052000e-03 2.901640e-01
243 7.051880e-01 3.908000e-03 2.909040e-01
244 7.045920e-01 3.828000e-03 2.915800e-01
245 7.039000e-01 3.812000e-03 2.922880e-01
246 7.032600e-01 3.776000e-03 2.929640e-01
247 7.025920e-01 3.732000e-03 2.936760e-01
248 7.020600e-01 3.728000e-03 2.942120e-01
249 7.014040e-01 3.692000e-03 2.949040e-01
250 7.007280e-01 3.732000e-03 2.955400e-01
251 7.001320e-01 3.704000e-03 2.961640e-01
252 6.994480e-01 3.796000e-03 2.967560e-01
253 6.988240e-01 3.768000e-03 2.974080e-01
254 6.982200e-01 3.656000e-03 2.981240e-01
255 6.974960e-01 3.764000e-03 2.987400e-01
256 6.968880e-01 3.676000e-03 2.994360e-01
257 6.962320e-01 3.680000e-03 3.000880e-01
258 6.956080e-01 3.616000e-03 3.007760e-01
259 6.949400e-01 3.668000e-03 3.013920e-01
260 6.943560e-01 3.644000e-03 3.020000e-01
261 6.937200e-01 3.536000e-03 3.027440e-01
262 6.931000e-01 3.484000e-03 3.034160e-01
263 6.924760e-01 3.456000e-03 3.040680e-01
264 6.918920e-01 3.368000e-03 3.047400e-01
265 6.913760e-01 3.328000e-03 3.052960e-01
266 6.908440e-01 3.208000e-03 3.059480e-01
267 6.903240e-01 3.100000e-03 3.065760e-01
268 6.898000e-01 3.056000e-03 3.071440e-01
269 6.892560e-01 3.080000e-03 3.076640e-01
270 6.886440e-01 3.140000e-03 3.082160e-01
271 6.881200e-01 3.092000e-03 3.087880e-01
272 6.875400e-01 3.080000e-03 3.093800e-01
273 6.869520e-01 3.140000e-03 3.099080e-01
274 6.864480e-01 3.124000e-03 3.104280e-01
275 6.858360e-01 3.176000e-03 3.109880e-01
276 6.852560e-01 3.244000e-03 3.115000e-01
277 6.847000e-01 3.260000e-03 3.120400e-01
278 6.841040e-01 3.272000e-03 3.126240e-01
279 6.834880e-01 3.304000e-03 3.132080e-01
280 6.827880e-01 3.408000e-03 3.138040e-01
281 6.822560e-01 3.352000e-03 3.143920e-01
282 6.816840e-01 3.388000e-03 3.149280e-01
283 6.810480e-01 3.392000e-03 3.155600e-01
284 6.804080e-01 3.412000e-03 3.161800e-01
285 6.798680e-01 3.384000e-03 3.167480e-01
286 6.792680e-01 3.448000e-03 3.172840e-01
287 6.786640e-01 3.432000e-03 3.179040e-01
288 6.780360e-01 3.484000e-03 3.184800e-01
289 6.773240e-01 3.608000e-03 3.190680e-01
290 6.766440e-01 3.584000e-03 3.197720e-01
291 6.761560e-01 3.496000e-03 3.203480e-01
292 6.755680e-01 3.528000e-03 3.209040e-01
293 6.749280e-01 3.420000e-03 3.216520e-01
294 6.744240e-01 3.180000e-03 3.223960e-01
295 6.739240e-01 3.112000e-03 3.229640e-01
296 6.733920e-01 3.084000e-03 3.235240e-01
297 6.729400e-01 2.968000e-03 3.240920e-01
298 6.724040e-01 2.964000e-03 3.246320e-01
299 6.718800e-01 2.956000e-03 3.251640e-01
300 6.714680e-01 2.836000e-03 3.256960e-01
301 6.709360e-01 2.880000e-03 3.261840e-01
302 6.704560e-01 2.920000e-03 3.266240e-01
303 6.698800e-01 3.072000e-03 3.270480e-01
304 6.692560e-01 3.160000e-03 3.275840e-01
305 6.686240e-01 3.204000e-03 3.281720e-01
306 6.680240e-01 3.292000e-03 3.286840e-01
307 6.674240e-01 3.364000e-03 3.292120e-01
308 6.667800e-01 3.496000e-03 3.297240e-01
309 6.662880e-01 3.408000e-03 3.303040e-01
310 6.658240e-01 3.324000e-03 3.308520e-01
311 6.652840e-01 3.344000e-03 3.313720e-01
312 6.647680e-01 3.284000e-03 3.319480e-01
313 6.642800e-01 3.156000e-03 3.325640e-01
314 6.638280e-01 3.096000e-03 3.330760e-01
315 6.633880e-01 3.008000e-03 3.336040e-01
316 6.629120e-01 2.936000e-03 3.341520e-01
317 6.624800e-01 2.896000e-03 3.346240e-01
318 6.620080e-01 2.928000e-03 3.350640e-01
319 6.614800e-01 2.948000e-03 3.355720e-01
320 6.609960e-01 2.912000e-03 3.360920e-01
321 6.605040e-01 2.948000e-03 3.365480e-01
322 6.599520e-01 2.992000e-03 3.370560e-01
323 6.593480e-01 3.020000e-03 3.376320e-01
324 6.588800e-01 2.936000e-03 3.381840e-01
325 6.584120e-01 2.880000e-03 3.387080e-01
326 6.579480e-01 2.868000e-03 3.391840e-01
327 6.573640e-01 2.900000e-03 3.397360e-01
328 6.567840e-01 2.936000e-03 3.402800e-01
329 6.561800e-01 2.984000e-03 3.408360e-01
330 6.557440e-01 2.936000e-03 3.413200e-01
331 6.553280e-01 2.828000e-03 3.418440e-01
332 6.549240e-01 2.764000e-03 3.423120e-01
333 6.545080e-01 2.668000e-03 3.428240e-01
334 6.541800e-01 2.532000e-03 3.432880e-01
335 6.538560e-01 2.396000e-03 3.437480e-01
336 6.535160e-01 2.352000e-03 3.441320e-01
337 6.531480e-01 2.344000e-03 3.445080e-01
338 6.527520e-01 2.328000e-03 3.449200e-01
339 6.524080e-01 2.252000e-03 3.453400e-01
340 6.521000e-01 2.180000e-03 3.457200e-01
341 6.517600e-01 2.152000e-03 3.460880e-01
342 6.514240e-01 2.068000e-03 3.465080e-01
343 6.510320e-01 2.136000e-03 3.468320e-01
344 6.506280e-01 2.184000e-03 3.471880e-01
345 6.502760e-01 2.156000e-03 3.475680e-01
346 6.499440e-01 2.136000e-03 3.479200e-01
347 6.495520e-01 2.156000e-03 3.482920e-01
348 6.491520e-01 2.176000e-03 3.486720e-01
349 6.487920e-01 2.140000e-03 3.490680e-01
350 6.484840e-01 2.076000e-03 3.494400e-01
351 6.481600e-01 2.000000e-03 3.498400e-01
352 6.478920e-01 1.940000e-03 3.501680e-01
353 6.475760e-01 1.844000e-03 3.505800e-01
354 6.472720e-01 1.824000e-03 3.509040e-01
355 6.469040e-01 1.928000e-03 3.511680e-01
356 6.465280e-01 1.972000e-03 3.515000e-01
357 6.462120e-01 1.964000e-03 3.518240e-01
358 6.459120e-01 1.976000e-03 3.521120e-01
359 6.455320e-01 2.020000e-03 3.524480e-01
360 6.451880e-01 2.060000e-03 3.527520e-01
361 6.448360e-01 2.100000e-03 3.530640e-01
362 6.445000e-01 2.084000e-03 3.534160e-01
363 6.442000e-01 2.012000e-03 3.537880e-01
364 6.438400e-01 2.016000e-03 3.541440e-01
365 6.434920e-01 1.940000e-03 3.545680e-01
366 6.431640e-01 2.008000e-03 3.548280e-01
367 6.428000e-01 2.112000e-03 3.550880e-01
368 6.424240e-01 2.188000e-03 3.553880e-01
369 6.421480e-01 2.096000e-03 3.557560e-01
370 6.418280e-01 1.976000e-03 3.561960e-01
371 6.415640e-01 1.916000e-03 3.565200e-01
372 6.412560e-01 1.952000e-03 3.567920e-01
373 6.409600e-01 1.924000e-03 3.571160e-01
374 6.406640e-01 1.860000e-03 3.574760e-01
375 6.404120e-01 1.804000e-03 3.577840e-01
376 6.401520e-01 1.792000e-03 3.580560e-01
377 6.398840e-01 1.788000e-03 3.583280e-01
378 6.396760e-01 1.644000e-03 3.586800e-01
379 6.394760e-01 1.596000e-03 3.589280e-01
380 6.392440e-01 1.520000e-03 3.592360e-01
381 6.389720e-01 1.476000e-03 3.595520e-01
382 6.387280e-01 1.468000e-03 3.598040e-01
383 6.384840e-01 1.428000e-03 3.600880e-01
384 6.382040e-01 1.456000e-03 3.603400e-01
385 6.379080e-01 1.476000e-03 3.606160e-01
386 6.376720e-01 1.512000e-03 3.608160e-01
387 6.374200e-01 1.492000e-03 3.610880e-01
388 6.371760e-01 1.488000e-03 3.613360e-01
389 6.369400e-01 1.524000e-03 3.615360e-01
390 6.366760e-01 1.520000e-03 3.618040e-01
391 6.364080e-01 1.540000e-03 3.620520e-01
392 6.361360e-01 1.524000e-03 3.623400e-01
393 6.358680e-01 1.500000e-03 3.626320e-01
394 6.356360e-01 1.468000e-03 3.628960e-01
395 6.353720e-01 1.508000e-03 3.631200e-01
396 6.351000e-01 1.528000e-03 3.633720e-01
397 6.348720e-01 1.504000e-03 3.636240e-01
398 6.346120e-01 1.496000e-03 3.638920e-01
399 6.343640e-01 1.496000e-03 3.641400e-01
400 6.340880e-01 1.516000e-03 3.643960e-01
401 6.337640e-01 1.564000e-03 3.646720e-01
402 6.334920e-01 1.588000e-03 3.649200e-01
403 6.331680e-01 1.632000e-03 3.652000e-01
404 6.328120e-01 1.660000e-03 3.655280e-01
405 6.324960e-01 1.676000e-03 3.658280e-01
406 6.321400e-01 1.728000e-03 3.661320e-01
407 6.317520e-01 1.816000e-03 3.664320e-01
408 6.314360e-01 1.860000e-03 3.667040e-01
409 6.310680e-01 1.892000e-03 3.670400e-01
410 6.307440e-01 1.856000e-03 3.674000e-01
411 6.304520e-01 1.852000e-03 3.676960e-01
412 6.301400e-01 1.816000e-03 3.680440e-01
413 6.298240e-01 1.772000e-03 3.684040e-01
414 6.295960e-01 1.740000e-03 3.686640e-01
415 6.293560e-01 1.664000e-03 3.689800e-01
416 6.290400e-01 1.676000e-03 3.692840e-01
417 6.287480e-01 1.664000e-03 3.695880e-01
418 6.284480e-01 1.656000e-03 3.698960e-01
419 6.281400e-01 1.664000e-03 3.701960e-01
420 6.278840e-01 1.584000e-03 3.705320e-01
421 6.276440e-01 1.536000e-03 3.708200e-01
422 6.273800e-01 1.556000e-03 3.710640e-01
423 6.271520e-01 1.532000e-03 3.713160e-01
424 6.269360e-01 1.456000e-03 3.716080e-01
425 6.267440e-01 1.336000e-03 3.719200e-01
426 6.265480e-01 1.324000e-03 3.721280e-01
427 6.263040e-01 1.344000e-03 3.723520e-01
428 6.260840e-01 1.340000e-03 3.725760e-01
429 6.258880e-01 1.308000e-03 3.728040e-01
430 6.256440e-01 1.324000e-03 3.730320e-01
431 6.254080e-01 1.304000e-03 3.732880e-01
432 6.251480e-01 1.372000e-03 3.734800e-01
433 6.249480e-01 1.356000e-03 3.736960e-01
434 6.247320e-01 1.316000e-03 3.739520e-01
435 6.245400e-01 1.300000e-03 3.741600e-01
436 6.243120e-01 1.360000e-03 3.743280e-01
437 6.241440e-01 1.276000e-03 3.745800e-01
438 6.239520e-01 1.208000e-03 3.748400e-01
439 6.237280e-01 1.208000e-03 3.750640e-01
440 6.235080e-01 1.192000e-03 3.753000e-01
441 6.232640e-01 1.212000e-03 3.755240e-01
442 6.230600e-01 1.236000e-03 3.757040e-01
443 6.228720e-01 1.220000e-03 3.759080e-01
444 6.226480e-01 1.216000e-03 3.761360e-01
445 6.224440e-01 1.228000e-03 3.763280e-01
446 6.222640e-01 1.216000e-03 3.765200e-01
447 6.220960e-01 1.156000e-03 3.767480e-01
448 6.219440e-01 1.088000e-03 3.769680e-01
449 6.218000e-01 1.068000e-03 3.771320e-01
450 6.216440e-01 1.064000e-03 3.772920e-01
451 6.214920e-01 1.048000e-03 3.774600e-01
452 6.213520e-01 9.920000e-04 3.776560e-01
453 6.211880e-01 9.760000e-04 3.778360e-01
454 6.210120e-01 9.640000e-04 3.780240e-01
455 6.208440e-01 9.400000e-04 3.782160e-01
456 6.206560e-01 1.004000e-03 3.783400e-01
457 6.204960e-01 9.920000e-04 3.785120e-01
458 6.203040e-01 9.960000e-04 3.787000e-01
459 6.201440e-01 1.020000e-03 3.788360e-01
460 6.199400e-01 1.064000e-03 3.789960e-01
461 6.197760e-01 1.056000e-03 3.791680e-01
462 6.195520e-01 1.092000e-03 3.793560e-01
463 6.193640e-01 1.084000e-03 3.795520e-01
464 6.191800e-01 1.100000e-03 3.797200e-01
465 6.190240e-01 1.096000e-03 3.798800e-01
466 6.188840e-01 1.076000e-03 3.800400e-01
467 6.186880e-01 1.080000e-03 3.802320e-01
468 6.185200e-01 1.056000e-03 3.804240e-01
469 6.183160e-01 1.120000e-03 3.805640e-01
470 6.181480e-01 1.040000e-03 3.808120e-01
471 6.179640e-01 1.028000e-03 3.810080e-01
472 6.177680e-01 1.000000e-03 3.812320e-01
473 6.176000e-01 1.004000e-03 3.813960e-01
474 6.174320e-01 1.028000e-03 3.815400e-01
475 6.172040e-01 1.096000e-03 3.817000e-01
476 6.169600e-01 1.124000e-03 3.819160e-01
477 6.167080e-01 1.172000e-03 3.821200e-01
478 6.164080e-01 1.240000e-03 3.823520e-01
479 6.161120e-01 1.316000e-03 3.825720e-01
480 6.158760e-01 1.288000e-03 3.828360e-01
481 6.156240e-01 1.324000e-03 3.830520e-01
482 6.153720e-01 1.336000e-03 3.832920e-01
483 6.151480e-01 1.288000e-03 3.835640e-01
484 6.148440e-01 1.360000e-03 3.837960e-01
485 6.145440e-01 1.420000e-03 3.840360e-01
486 6.142440e-01 1.500000e-03 3.842560e-01
487 6.139800e-01 1.520000e-03 3.845000e-01
488 6.136600e-01 1.548000e-03 3.847920e-01
489 6.134560e-01 1.468000e-03 3.850760e-01
490 6.131800e-01 1.520000e-03 3.853000e-01
491 6.128720e-01 1.540000e-03 3.855880e-01
492 6.125760e-01 1.536000e-03 3.858880e-01
493 6.122880e-01 1.552000e-03 3.861600e-01
494 6.119440e-01 1.660000e-03 3.863960e-01
495 6.116760e-01 1.620000e-03 3.867040e-01
496 6.114720e-01 1.564000e-03 3.869640e-01
497 6.111720e-01 1.624000e-03 3.872040e-01
498 6.110200e-01 1.488000e-03 3.874920e-01
499 6.107720e-01 1.436000e-03 3.877920e-01
500 6.105920e-01 1.380000e-03 3.880280e-01
