1 9.991320e-01 7.480000e-04 1.200000e-04
2 9.986480e-01 1.104000e-03 2.480000e-04
3 9.980160e-01 1.476000e-03 5.080000e-04
4 9.973040e-01 1.880000e-03 8.160000e-04
5 9.964600e-01 2.252000e-03 1.288000e-03
6 9.955920e-01 2.704000e-03 1.704000e-03
7 9.948120e-01 3.004000e-03 2.184000e-03
8 9.940280e-01 3.248000e-03 2.724000e-03
9 9.932240e-01 3.496000e-03 3.280000e-03
10 9.922840e-01 3.744000e-03 3.972000e-03
11 9.912880e-01 4.116000e-03 4.596000e-03
12 9.902560e-01 4.408000e-03 5.336000e-03
13 9.892120e-01 4.652000e-03 6.136000e-03
14 9.880400e-01 5.116000e-03 6.844000e-03
15 9.869080e-01 5.296000e-03 7.796000e-03
16 9.857720e-01 5.556000e-03 8.672000e-03
17 9.846000e-01 5.676000e-03 9.724000e-03
18 9.834600e-01 5.844000e-03 1.069600e-02
19 9.822840e-01 6.020000e-03 1.169600e-02
20 9.809560e-01 6.188000e-03 1.285600e-02
21 9.796600e-01 6.320000e-03 1.402000e-02
22 9.784440e-01 6.392000e-03 1.516400e-02
23 9.772760e-01 6.492000e-03 1.623200e-02
24 9.759440e-01 6.704000e-03 1.735200e-02
25 9.745920e-01 6.900000e-03 1.850800e-02
26 9.732240e-01 7.084000e-03 1.969200e-02
27 9.717680e-01 7.364000e-03 2.086800e-02
28 9.702240e-01 7.556000e-03 2.222000e-02
29 9.686680e-01 7.720000e-03 2.361200e-02
30 9.671880e-01 7.824000e-03 2.498800e-02
31 9.657080e-01 7.968000e-03 2.632400e-02
32 9.642600e-01 8.004000e-03 2.773600e-02
33 9.627160e-01 8.192000e-03 2.909200e-02
34 9.613000e-01 8.336000e-03 3.036400e-02
35 9.598040e-01 8.384000e-03 3.181200e-02
36 9.583240e-01 8.380000e-03 3.329600e-02
37 9.569240e-01 8.520000e-03 3.455600e-02
38 9.554560e-01 8.604000e-03 3.594000e-02
39 9.538480e-01 8.752000e-03 3.740000e-02
40 9.522480e-01 8.756000e-03 3.899600e-02
41 9.504680e-01 8.948000e-03 4.058400e-02
42 9.486400e-01 9.208000e-03 4.215200e-02
43 9.468600e-01 9.424000e-03 4.371600e-02
44 9.450760e-01 9.572000e-03 4.535200e-02
45 9.432280e-01 9.752000e-03 4.702000e-02
46 9.415120e-01 9.848000e-03 4.864000e-02
47 9.398640e-01 9.804000e-03 5.033200e-02
48 9.382320e-01 9.860000e-03 5.190800e-02
49 9.367280e-01 9.580000e-03 5.369200e-02
50 9.350800e-01 9.496000e-03 5.542400e-02
51 9.334560e-01 9.432000e-03 5.711200e-02
52 9.319280e-01 9.252000e-03 5.882000e-02
53 9.303800e-01 9.100000e-03 6.052000e-02
54 9.286840e-01 9.180000e-03 6.213600e-02
55 9.269240e-01 9.316000e-03 6.376000e-02
56 9.252000e-01 9.384000e-03 6.541600e-02
57 9.235160e-01 9.432000e-03 6.705200e-02
58 9.218760e-01 9.456000e-03 6.866800e-02
59 9.201600e-01 9.500000e-03 7.034000e-02
60 9.184480e-01 9.632000e-03 7.192000e-02
61 9.166360e-01 9.744000e-03 7.362000e-02
62 9.150160e-01 9.636000e-03 7.534800e-02
63 9.132840e-01 9.600000e-03 7.711600e-02
64 9.117920e-01 9.460000e-03 7.874800e-02
65 9.102800e-01 9.396000e-03 8.032400e-02
66 9.088360e-01 9.220000e-03 8.194400e-02
67 9.072320e-01 9.220000e-03 8.354800e-02
68 9.056720e-01 9.128000e-03 8.520000e-02
69 9.042080e-01 8.880000e-03 8.691200e-02
70 9.027160e-01 8.864000e-03 8.842000e-02
71 9.012600e-01 8.812000e-03 8.992800e-02
72 8.997280e-01 8.900000e-03 9.137200e-02
73 8.980840e-01 8.956000e-03 9.296000e-02
74 8.965760e-01 8.960000e-03 9.446400e-02
75 8.949120e-01 9.016000e-03 9.607200e-02
76 8.932120e-01 9.088000e-03 9.770000e-02
77 8.914480e-01 9.416000e-03 9.913600e-02
78 8.898120e-01 9.504000e-03 1.006840e-01
79 8.880840e-01 9.588000e-03 1.023280e-01
80 8.864520e-01 9.492000e-03 1.040560e-01
81 8.847360e-01 9.552000e-03 1.057120e-01
82 8.830840e-01 9.608000e-03 1.073080e-01
83 8.813520e-01 9.644000e-03 1.090040e-01
84 8.796880e-01 9.704000e-03 1.106080e-01
85 8.780400e-01 9.672000e-03 1.122880e-01
86 8.763600e-01 9.508000e-03 1.141320e-01
87 8.750360e-01 9.244000e-03 1.157200e-01
88 8.734960e-01 9.176000e-03 1.173280e-01
89 8.720680e-01 8.968000e-03 1.189640e-01
90 8.704720e-01 9.084000e-03 1.204440e-01
91 8.689400e-01 9.032000e-03 1.220280e-01
92 8.672760e-01 9.068000e-03 1.236560e-01
93 8.657400e-01 9.088000e-03 1.251720e-01
94 8.642760e-01 8.996000e-03 1.267280e-01
95 8.629080e-01 8.980000e-03 1.281120e-01
96 8.614040e-01 8.904000e-03 1.296920e-01
97 8.597440e-01 9.108000e-03 1.311480e-01
98 8.581320e-01 9.184000e-03 1.326840e-01
99 8.564480e-01 9.048000e-03 1.345040e-01
100 8.548280e-01 9.148000e-03 1.360240e-01
101 8.531680e-01 9.348000e-03 1.374840e-01
102 8.514080e-01 9.444000e-03 1.391480e-01
103 8.496880e-01 9.468000e-03 1.408440e-01
104 8.480360e-01 9.504000e-03 1.424600e-01
105 8.464600e-01 9.432000e-03 1.441080e-01
106 8.448160e-01 9.452000e-03 1.457320e-01
107 8.431240e-01 9.680000e-03 1.471960e-01
108 8.414120e-01 9.700000e-03 1.488880e-01
109 8.398480e-01 9.508000e-03 1.506440e-01
110 8.380200e-01 9.732000e-03 1.522480e-01
111 8.362560e-01 9.684000e-03 1.540600e-01
112 8.345560e-01 9.768000e-03 1.556760e-01
113 8.327760e-01 9.720000e-03 1.575040e-01
114 8.312120e-01 9.680000e-03 1.591080e-01
115 8.296120e-01 9.644000e-03 1.607440e-01
116 8.279400e-01 9.668000e-03 1.623920e-01
117 8.261560e-01 9.808000e-03 1.640360e-01
118 8.242480e-01 1.002000e-02 1.657320e-01
119 8.224600e-01 1.005200e-02 1.674880e-01
120 8.208760e-01 9.868000e-03 1.692560e-01
121 8.192120e-01 9.836000e-03 1.709520e-01
122 8.175760e-01 9.740000e-03 1.726840e-01
123 8.158440e-01 9.660000e-03 1.744960e-01
124 8.141480e-01 9.656000e-03 1.761960e-01
125 8.126920e-01 9.412000e-03 1.778960e-01
126 8.111600e-01 9.388000e-03 1.794520e-01
127 8.097160e-01 9.260000e-03 1.810240e-01
128 8.082640e-01 9.128000e-03 1.826080e-01
129 8.067040e-01 9.036000e-03 1.842600e-01
130 8.052320e-01 8.896000e-03 1.858720e-01
131 8.038960e-01 8.672000e-03 1.874320e-01
132 8.025120e-01 8.680000e-03 1.888080e-01
133 8.010360e-01 8.688000e-03 1.902760e-01
134 7.996080e-01 8.696000e-03 1.916960e-01
135 7.980600e-01 8.736000e-03 1.932040e-01
136 7.966400e-01 8.556000e-03 1.948040e-01
137 7.950520e-01 8.660000e-03 1.962880e-01
138 7.934880e-01 8.644000e-03 1.978680e-01
139 7.920400e-01 8.672000e-03 1.992880e-01
140 7.905760e-01 8.644000e-03 2.007800e-01
141 7.891840e-01 8.480000e-03 2.023360e-01
142 7.878040e-01 8.404000e-03 2.037920e-01
143 7.864800e-01 8.352000e-03 2.051680e-01
144 7.852400e-01 8.160000e-03 2.066000e-01
145 7.838480e-01 8.204000e-03 2.079480e-01
146 7.825640e-01 8.028000e-03 2.094080e-01
147 7.812880e-01 7.956000e-03 2.107560e-01
148 7.800400e-01 7.816000e-03 2.121440e-01
149 7.788920e-01 7.728000e-03 2.133800e-01
150 7.777440e-01 7.620000e-03 2.146360e-01
151 7.764920e-01 7.576000e-03 2.159320e-01
152 7.753080e-01 7.412000e-03 2.172800e-01
153 7.742120e-01 7.220000e-03 2.185680e-01
154 7.730960e-01 7.132000e-03 2.197720e-01
155 7.718880e-01 7.068000e-03 2.210440e-01
156 7.706880e-01 7.132000e-03 2.221800e-01
157 7.694640e-01 7.088000e-03 2.234480e-01
158 7.683160e-01 7.144000e-03 2.245400e-01
159 7.670920e-01 7.128000e-03 2.257800e-01
160 7.658440e-01 7.068000e-03 2.270880e-01
161 7.646560e-01 7.052000e-03 2.282920e-01
162 7.633400e-01 7.176000e-03 2.294840e-01
163 7.621600e-01 7.060000e-03 2.307800e-01
164 7.609120e-01 7.052000e-03 2.320360e-01
165 7.595680e-01 7.188000e-03 2.332440e-01
166 7.582280e-01 7.300000e-03 2.344720e-01
167 7.569360e-01 7.444000e-03 2.356200e-01
168 7.556000e-01 7.492000e-03 2.369080e-01
169 7.544200e-01 7.352000e-03 2.382280e-01
170 7.531400e-01 7.416000e-03 2.394440e-01
171 7.519560e-01 7.352000e-03 2.406920e-01
172 7.506520e-01 7.368000e-03 2.419800e-01
173 7.495640e-01 7.104000e-03 2.433320e-01
174 7.484960e-01 7.004000e-03 2.445000e-01
175 7.473400e-01 6.960000e-03 2.457000e-01
176 7.463440e-01 6.712000e-03 2.469440e-01
177 7.453960e-01 6.492000e-03 2.481120e-01
178 7.443080e-01 6.540000e-03 2.491520e-01
179 7.431680e-01 6.568000e-03 2.502640e-01
180 7.419360e-01 6.552000e-03 2.515120e-01
181 7.407160e-01 6.812000e-03 2.524720e-01
182 7.394440e-01 6.808000e-03 2.537480e-01
183 7.382240e-01 7.000000e-03 2.547760e-01
184 7.369400e-01 7.096000e-03 2.559640e-01
185 7.357480e-01 7.100000e-03 2.571520e-01
186 7.345120e-01 7.096000e-03 2.583920e-01
187 7.332960e-01 7.160000e-03 2.595440e-01
188 7.320520e-01 7.204000e-03 2.607440e-01
189 7.308520e-01 7.216000e-03 2.619320e-01
190 7.296880e-01 7.044000e-03 2.632680e-01
191 7.286680e-01 6.800000e-03 2.645320e-01
192 7.276320e-01 6.756000e-03 2.656120e-01
193 7.264760e-01 6.716000e-03 2.668080e-01
194 7.254320e-01 6.528000e-03 2.680400e-01
195 7.244080e-01 6.476000e-03 2.691160e-01
196 7.234960e-01 6.340000e-03 2.701640e-01
197 7.224320e-01 6.172000e-03 2.713960e-01
198 7.214440e-01 6.044000e-03 2.725120e-01
199 7.203680e-01 6.072000e-03 2.735600e-01
200 7.192360e-01 6.008000e-03 2.747560e-01
201 7.182280e-01 5.920000e-03 2.758520e-01
202 7.171120e-01 5.980000e-03 2.769080e-01
203 7.160720e-01 5.884000e-03 2.780440e-01
204 7.149040e-01 6.020000e-03 2.790760e-01
205 7.139920e-01 5.836000e-03 2.801720e-01
206 7.130160e-01 5.784000e-03 2.812000e-01
207 7.121120e-01 5.744000e-03 2.821440e-01
208 7.110600e-01 5.880000e-03 2.830600e-01
209 7.101560e-01 5.736000e-03 2.841080e-01
210 7.090640e-01 5.836000e-03 2.851000e-01
211 7.080800e-01 5.768000e-03 2.861520e-01
212 7.069520e-01 5.840000e-03 2.872080e-01
213 7.060680e-01 5.728000e-03 2.882040e-01
214 7.052360e-01 5.500000e-03 2.892640e-01
215 7.044240e-01 5.312000e-03 2.902640e-01
216 7.035720e-01 5.248000e-03 2.911800e-01
217 7.028040e-01 5.112000e-03 2.920840e-01
218 7.020560e-01 4.976000e-03 2.929680e-01
219 7.012800e-01 4.936000e-03 2.937840e-01
220 7.003680e-01 5.036000e-03 2.945960e-01
221 6.994520e-01 5.092000e-03 2.954560e-01
222 6.985160e-01 5.144000e-03 2.963400e-01
223 6.975960e-01 5.092000e-03 2.973120e-01
224 6.967480e-01 4.964000e-03 2.982880e-01
225 6.959000e-01 5.080000e-03 2.990200e-01
226 6.949600e-01 5.116000e-03 2.999240e-01
227 6.939240e-01 5.260000e-03 3.008160e-01
228 6.930840e-01 5.184000e-03 3.017320e-01
229 6.923400e-01 5.020000e-03 3.026400e-01
230 6.914920e-01 5.036000e-03 3.034720e-01
231 6.906600e-01 4.896000e-03 3.044440e-01
232 6.899320e-01 4.772000e-03 3.052960e-01
233 6.891800e-01 4.584000e-03 3.062360e-01
234 6.884040e-01 4.496000e-03 3.071000e-01
235 6.877040e-01 4.356000e-03 3.079400e-01
236 6.869680e-01 4.324000e-03 3.087080e-01
237 6.861440e-01 4.280000e-03 3.095760e-01
238 6.854240e-01 4.212000e-03 3.103640e-01
239 6.846200e-01 4.236000e-03 3.111440e-01
240 6.838080e-01 4.372000e-03 3.118200e-01
241 6.830200e-01 4.376000e-03 3.126040e-01
242 6.822280e-01 4.416000e-03 3.133560e-01
243 6.813920e-01 4.540000e-03 3.140680e-01
244 6.806400e-01 4.444000e-03 3.149160e-01
245 6.798160e-01 4.460000e-03 3.157240e-01
246 6.790720e-01 4.364000e-03 3.165640e-01
247 6.782720e-01 4.312000e-03 3.174160e-01
248 6.774960e-01 4.332000e-03 3.181720e-01
249 6.767120e-01 4.416000e-03 3.188720e-01
250 6.758560e-01 4.504000e-03 3.196400e-01
251 6.750520e-01 4.456000e-03 3.204920e-01
252 6.742560e-01 4.500000e-03 3.212440e-01
253 6.735600e-01 4.328000e-03 3.221120e-01
254 6.727960e-01 4.316000e-03 3.228880e-01
255 6.720680e-01 4.316000e-03 3.236160e-01
256 6.713280e-01 4.268000e-03 3.244040e-01
257 6.706760e-01 4.176000e-03 3.251480e-01
258 6.699280e-01 4.236000e-03 3.258360e-01
259 6.691560e-01 4.276000e-03 3.265680e-01
260 6.684800e-01 4.224000e-03 3.272960e-01
261 6.678280e-01 4.180000e-03 3.279920e-01
262 6.672160e-01 4.100000e-03 3.286840e-01
263 6.666200e-01 4.012000e-03 3.293680e-01
264 6.659520e-01 3.980000e-03 3.300680e-01
265 6.653320e-01 3.808000e-03 3.308600e-01
266 6.646120e-01 3.860000e-03 3.315280e-01
267 6.639680e-01 3.780000e-03 3.322520e-01
268 6.634200e-01 3.688000e-03 3.328920e-01
269 6.626880e-01 3.760000e-03 3.335520e-01
270 6.620720e-01 3.656000e-03 3.342720e-01
271 6.615000e-01 3.560000e-03 3.349400e-01
272 6.609160e-01 3.524000e-03 3.355600e-01
273 6.602440e-01 3.672000e-03 3.360840e-01
274 6.595680e-01 3.736000e-03 3.366960e-01
275 6.589200e-01 3.716000e-03 3.373640e-01
276 6.583200e-01 3.660000e-03 3.380200e-01
277 6.577440e-01 3.536000e-03 3.387200e-01
278 6.571600e-01 3.460000e-03 3.393800e-01
279 6.565440e-01 3.448000e-03 3.400080e-01
280 6.559680e-01 3.528000e-03 3.405040e-01
281 6.553040e-01 3.604000e-03 3.410920e-01
282 6.546680e-01 3.628000e-03 3.417040e-01
283 6.540600e-01 3.696000e-03 3.422440e-01
284 6.534800e-01 3.608000e-03 3.429120e-01
285 6.529280e-01 3.512000e-03 3.435600e-01
286 6.523320e-01 3.540000e-03 3.441280e-01
287 6.516160e-01 3.604000e-03 3.447800e-01
288 6.509680e-01 3.608000e-03 3.454240e-01
289 6.504480e-01 3.452000e-03 3.461000e-01
290 6.498200e-01 3.508000e-03 3.466720e-01
291 6.492960e-01 3.432000e-03 3.472720e-01
292 6.488120e-01 3.256000e-03 3.479320e-01
293 6.482920e-01 3.200000e-03 3.485080e-01
294 6.477840e-01 3.096000e-03 3.491200e-01
295 6.472440e-01 3.156000e-03 3.496000e-01
296 6.466960e-01 3.200000e-03 3.501040e-01
297 6.462080e-01 3.040000e-03 3.507520e-01
298 6.456840e-01 3.068000e-03 3.512480e-01
299 6.450800e-01 3.144000e-03 3.517760e-01
300 6.445200e-01 3.156000e-03 3.523240e-01
301 6.439240e-01 3.136000e-03 3.529400e-01
302 6.434360e-01 3.096000e-03 3.534680e-01
303 6.428400e-01 3.064000e-03 3.540960e-01
304 6.422800e-01 3.044000e-03 3.546760e-01
305 6.416360e-01 3.124000e-03 3.552400e-01
306 6.410960e-01 3.072000e-03 3.558320e-01
307 6.406120e-01 3.012000e-03 3.563760e-01
308 6.402000e-01 2.908000e-03 3.568920e-01
309 6.396520e-01 2.992000e-03 3.573560e-01
310 6.391680e-01 2.900000e-03 3.579320e-01
311 6.387320e-01 2.832000e-03 3.584360e-01
312 6.383840e-01 2.696000e-03 3.589200e-01
313 6.379120e-01 2.692000e-03 3.593960e-01
314 6.374240e-01 2.676000e-03 3.599000e-01
315 6.369360e-01 2.672000e-03 3.603920e-01
316 6.363880e-01 2.768000e-03 3.608440e-01
317 6.358000e-01 2.828000e-03 3.613720e-01
318 6.352680e-01 2.936000e-03 3.617960e-01
319 6.347400e-01 3.000000e-03 3.622600e-01
320 6.341720e-01 2.972000e-03 3.628560e-01
321 6.337200e-01 2.840000e-03 3.634400e-01
322 6.331240e-01 2.932000e-03 3.639440e-01
323 6.326120e-01 2.992000e-03 3.643960e-01
324 6.320880e-01 3.060000e-03 3.648520e-01
325 6.315520e-01 3.084000e-03 3.653640e-01
326 6.310400e-01 3.028000e-03 3.659320e-01
327 6.305520e-01 3.020000e-03 3.664280e-01
328 6.300320e-01 2.988000e-03 3.669800e-01
329 6.296600e-01 2.760000e-03 3.675800e-01
330 6.292680e-01 2.676000e-03 3.680560e-01
331 6.289000e-01 2.636000e-03 3.684640e-01
332 6.285480e-01 2.520000e-03 3.689320e-01
333 6.281120e-01 2.572000e-03 3.693160e-01
334 6.276320e-01 2.612000e-03 3.697560e-01
335 6.271960e-01 2.624000e-03 3.701800e-01
336 6.268040e-01 2.596000e-03 3.706000e-01
337 6.263680e-01 2.552000e-03 3.710800e-01
338 6.259760e-01 2.548000e-03 3.714760e-01
339 6.256080e-01 2.440000e-03 3.719520e-01
340 6.251160e-01 2.476000e-03 3.724080e-01
341 6.247680e-01 2.428000e-03 3.728040e-01
342 6.243320e-01 2.504000e-03 3.731640e-01
343 6.239400e-01 2.468000e-03 3.735920e-01
344 6.235880e-01 2.408000e-03 3.740040e-01
345 6.232360e-01 2.376000e-03 3.743880e-01
346 6.228360e-01 2.352000e-03 3.748120e-01
347 6.224880e-01 2.264000e-03 3.752480e-01
348 6.221480e-01 2.192000e-03 3.756600e-01
349 6.217640e-01 2.196000e-03 3.760400e-01
350 6.214680e-01 2.068000e-03 3.764640e-01
351 6.211640e-01 2.032000e-03 3.768040e-01
352 6.208240e-01 1.984000e-03 3.771920e-01
353 6.204480e-01 2.044000e-03 3.775080e-01
354 6.201080e-01 1.972000e-03 3.779200e-01
355 6.197240e-01 1.984000e-03 3.782920e-01
356 6.193840e-01 1.968000e-03 3.786480e-01
357 6.190600e-01 1.944000e-03 3.789960e-01
358 6.187000e-01 1.944000e-03 3.793560e-01
359 6.184040e-01 1.908000e-03 3.796880e-01
360 6.181040e-01 1.856000e-03 3.800400e-01
361 6.177120e-01 1.920000e-03 3.803680e-01
362 6.174040e-01 1.828000e-03 3.807680e-01
363 6.170640e-01 1.904000e-03 3.810320e-01
364 6.167280e-01 1.924000e-03 3.813480e-01
365 6.164720e-01 1.828000e-03 3.817000e-01
366 6.162120e-01 1.780000e-03 3.820080e-01
367 6.159440e-01 1.776000e-03 3.822800e-01
368 6.156800e-01 1.700000e-03 3.826200e-01
369 6.153920e-01 1.660000e-03 3.829480e-01
370 6.151480e-01 1.600000e-03 3.832520e-01
371 6.149200e-01 1.556000e-03 3.835240e-01
372 6.146560e-01 1.548000e-03 3.837960e-01
373 6.145200e-01 1.420000e-03 3.840600e-01
374 6.143480e-01 1.352000e-03 3.843000e-01
375 6.141400e-01 1.364000e-03 3.844960e-01
376 6.139520e-01 1.300000e-03 3.847480e-01
377 6.137440e-01 1.296000e-03 3.849600e-01
378 6.134520e-01 1.420000e-03 3.851280e-01
379 6.132760e-01 1.328000e-03 3.853960e-01
380 6.130880e-01 1.300000e-03 3.856120e-01
381 6.128680e-01 1.292000e-03 3.858400e-01
382 6.127240e-01 1.236000e-03 3.860400e-01
383 6.125240e-01 1.188000e-03 3.862880e-01
384 6.122960e-01 1.172000e-03 3.865320e-01
385 6.120800e-01 1.168000e-03 3.867520e-01
386 6.118560e-01 1.168000e-03 3.869760e-01
387 6.116280e-01 1.200000e-03 3.871720e-01
388 6.113920e-01 1.200000e-03 3.874080e-01
389 6.111600e-01 1.212000e-03 3.876280e-01
390 6.109240e-01 1.280000e-03 3.877960e-01
391 6.107080e-01 1.260000e-03 3.880320e-01
392 6.105360e-01 1.260000e-03 3.882040e-01
393 6.103160e-01 1.196000e-03 3.884880e-01
394 6.100840e-01 1.200000e-03 3.887160e-01
395 6.098760e-01 1.192000e-03 3.889320e-01
396 6.096280e-01 1.252000e-03 3.891200e-01
397 6.093400e-01 1.372000e-03 3.892880e-01
398 6.090480e-01 1.432000e-03 3.895200e-01
399 6.088200e-01 1.412000e-03 3.897680e-01
400 6.086120e-01 1.388000e-03 3.900000e-01
401 6.084160e-01 1.352000e-03 3.902320e-01
402 6.082000e-01 1.368000e-03 3.904320e-01
403 6.079960e-01 1.392000e-03 3.906120e-01
404 6.077600e-01 1.392000e-03 3.908480e-01
405 6.074760e-01 1.440000e-03 3.910840e-01
406 6.072040e-01 1.468000e-03 3.913280e-01
407 6.070080e-01 1.456000e-03 3.915360e-01
408 6.068120e-01 1.372000e-03 3.918160e-01
409 6.066280e-01 1.320000e-03 3.920520e-01
410 6.064320e-01 1.272000e-03 3.922960e-01
411 6.062600e-01 1.224000e-03 3.925160e-01
412 6.060840e-01 1.192000e-03 3.927240e-01
413 6.058360e-01 1.228000e-03 3.929360e-01
414 6.056400e-01 1.224000e-03 3.931360e-01
415 6.054520e-01 1.184000e-03 3.933640e-01
416 6.053160e-01 1.156000e-03 3.935280e-01
417 6.051200e-01 1.140000e-03 3.937400e-01
418 6.049400e-01 1.116000e-03 3.939440e-01
419 6.048000e-01 1.072000e-03 3.941280e-01
420 6.046480e-01 1.064000e-03 3.942880e-01
421 6.044880e-01 1.004000e-03 3.945080e-01
422 6.043320e-01 9.920000e-04 3.946760e-01
423 6.041400e-01 9.840000e-04 3.948760e-01
424 6.039960e-01 9.720000e-04 3.950320e-01
425 6.038480e-01 9.600000e-04 3.951920e-01
426 6.037200e-01 9.160000e-04 3.953640e-01
427 6.035680e-01 9.320000e-04 3.955000e-01
428 6.034160e-01 8.840000e-04 3.957000e-01
429 6.032600e-01 9.200000e-04 3.958200e-01
430 6.031240e-01 9.000000e-04 3.959760e-01
431 6.029400e-01 9.440000e-04 3.961160e-01
432 6.027840e-01 9.360000e-04 3.962800e-01
433 6.026200e-01 9.240000e-04 3.964560e-01
434 6.024160e-01 9.720000e-04 3.966120e-01
435 6.021800e-01 1.024000e-03 3.967960e-01
436 6.019480e-01 1.068000e-03 3.969840e-01
437 6.017560e-01 1.084000e-03 3.971600e-01
438 6.015160e-01 1.128000e-03 3.973560e-01
439 6.012680e-01 1.200000e-03 3.975320e-01
440 6.010680e-01 1.184000e-03 3.977480e-01
441 6.008480e-01 1.220000e-03 3.979320e-01
442 6.006800e-01 1.224000e-03 3.980960e-01
443 6.004640e-01 1.212000e-03 3.983240e-01
444 6.003400e-01 1.104000e-03 3.985560e-01
445 6.001520e-01 1.136000e-03 3.987120e-01
446 5.999840e-01 1.108000e-03 3.989080e-01
447 5.997960e-01 1.056000e-03 3.991480e-01
448 5.996320e-01 9.840000e-04 3.993840e-01
449 5.994640e-01 9.520000e-04 3.995840e-01
450 5.993480e-01 8.960000e-04 3.997560e-01
451 5.991480e-01 9.120000e-04 3.999400e-01
452 5.989240e-01 9.920000e-04 4.000840e-01
453 5.987000e-01 1.016000e-03 4.002840e-01
454 5.985040e-01 1.028000e-03 4.004680e-01
455 5.983320e-01 1.024000e-03 4.006440e-01
456 5.981320e-01 1.056000e-03 4.008120e-01
457 5.980040e-01 9.680000e-04 4.010280e-01
458 5.979000e-01 8.920000e-04 4.012080e-01
459 5.978000e-01 8.440000e-04 4.013560e-01
460 5.976360e-01 8.640000e-04 4.015000e-01
461 5.975520e-01 7.920000e-04 4.016560e-01
462 5.974600e-01 7.520000e-04 4.017880e-01
463 5.973760e-01 6.760000e-04 4.019480e-01
464 5.973160e-01 6.000000e-04 4.020840e-01
465 5.972640e-01 5.640000e-04 4.021720e-01
466 5.972200e-01 4.920000e-04 4.022880e-01
467 5.971520e-01 4.720000e-04 4.023760e-01
468 5.970720e-01 4.920000e-04 4.024360e-01
469 5.970200e-01 4.920000e-04 4.024880e-01
470 5.969480e-01 4.640000e-04 4.025880e-01
471 5.968840e-01 4.120000e-04 4.027040e-01
472 5.968120e-01 4.240000e-04 4.027640e-01
473 5.967560e-01 3.760000e-04 4.028680e-01
474 5.966960e-01 3.720000e-04 4.029320e-01
475 5.966440e-01 3.480000e-04 4.030080e-01
476 5.965920e-01 3.120000e-04 4.030960e-01
477 5.965280e-01 3.360000e-04 4.031360e-01
478 5.964960e-01 3.160000e-04 4.031880e-01
479 5.964680e-01 2.880000e-04 4.032440e-01
480 5.964120e-01 2.920000e-04 4.032960e-01
481 5.963680e-01 2.560000e-04 4.033760e-01
482 5.963200e-01 2.640000e-04 4.034160e-01
483 5.962880e-01 2.600000e-04 4.034520e-01
484 5.962440e-01 2.680000e-04 4.034880e-01
485 5.962160e-01 2.360000e-04 4.035480e-01
486 5.961880e-01 2.360000e-04 4.035760e-01
487 5.961200e-01 2.560000e-04 4.036240e-01
488 5.960640e-01 2.680000e-04 4.036680e-01
489 5.960160e-01 2.680000e-04 4.037160e-01
490 5.959480e-01 2.800000e-04 4.037720e-01
491 5.958800e-01 2.840000e-04 4.038360e-01
492 5.958320e-01 2.960000e-04 4.038720e-01
493 5.957880e-01 2.960000e-04 4.039160e-01
494 5.957480e-01 2.840000e-04 4.039680e-01
495 5.956840e-01 3.120000e-04 4.040040e-01
496 5.956720e-01 2.520000e-04 4.040760e-01
497 5.956440e-01 2.400000e-04 4.041160e-01
498 5.956120e-01 2.520000e-04 4.041360e-01
499 5.955720e-01 2.240000e-04 4.042040e-01
500 5.955360e-01 2.120000e-04 4.042520e-01
