1 9.990800e-01 8.080000e-04 1.120000e-04
2 9.984440e-01 1.276000e-03 2.800000e-04
3 9.977000e-01 1.772000e-03 5.280000e-04
4 9.969240e-01 2.192000e-03 8.840000e-04
5 9.960480e-01 2.704000e-03 1.248000e-03
6 9.951440e-01 3.140000e-03 1.716000e-03
7 9.941760e-01 3.560000e-03 2.264000e-03
8 9.930840e-01 3.980000e-03 2.936000e-03
9 9.920640e-01 4.352000e-03 3.584000e-03
10 9.911160e-01 4.416000e-03 4.468000e-03
11 9.900720e-01 4.712000e-03 5.216000e-03
12 9.889520e-01 4.948000e-03 6.100000e-03
13 9.876600e-01 5.396000e-03 6.944000e-03
14 9.864160e-01 5.716000e-03 7.868000e-03
15 9.852880e-01 5.824000e-03 8.888000e-03
16 9.841480e-01 5.908000e-03 9.944000e-03
17 9.829760e-01 6.020000e-03 1.100400e-02
18 9.818160e-01 6.168000e-03 1.201600e-02
19 9.805560e-01 6.268000e-03 1.317600e-02
20 9.792120e-01 6.524000e-03 1.426400e-02
21 9.778240e-01 6.768000e-03 1.540800e-02
22 9.763160e-01 7.104000e-03 1.658000e-02
23 9.748640e-01 7.360000e-03 1.777600e-02
24 9.733760e-01 7.636000e-03 1.898800e-02
25 9.718440e-01 7.672000e-03 2.048400e-02
26 9.703200e-01 7.832000e-03 2.184800e-02
27 9.687200e-01 7.984000e-03 2.329600e-02
28 9.672480e-01 8.060000e-03 2.469200e-02
29 9.656680e-01 8.188000e-03 2.614400e-02
30 9.640880e-01 8.284000e-03 2.762800e-02
31 9.626360e-01 8.224000e-03 2.914000e-02
32 9.609800e-01 8.460000e-03 3.056000e-02
33 9.594440e-01 8.432000e-03 3.212400e-02
34 9.577720e-01 8.596000e-03 3.363200e-02
35 9.561480e-01 8.716000e-03 3.513600e-02
36 9.543760e-01 9.048000e-03 3.657600e-02
37 9.527920e-01 9.032000e-03 3.817600e-02
38 9.511800e-01 9.128000e-03 3.969200e-02
39 9.496160e-01 9.040000e-03 4.134400e-02
40 9.480040e-01 9.000000e-03 4.299600e-02
41 9.463760e-01 8.964000e-03 4.466000e-02
42 9.446840e-01 9.112000e-03 4.620400e-02
43 9.430920e-01 9.056000e-03 4.785200e-02
44 9.413960e-01 9.232000e-03 4.937200e-02
45 9.396960e-01 9.348000e-03 5.095600e-02
46 9.380680e-01 9.348000e-03 5.258400e-02
47 9.364480e-01 9.388000e-03 5.416400e-02
48 9.348520e-01 9.392000e-03 5.575600e-02
49 9.332160e-01 9.416000e-03 5.736800e-02
50 9.316320e-01 9.572000e-03 5.879600e-02
51 9.302360e-01 9.388000e-03 6.037600e-02
52 9.285280e-01 9.508000e-03 6.196400e-02
53 9.268080e-01 9.684000e-03 6.350800e-02
54 9.252360e-01 9.600000e-03 6.516400e-02
55 9.235800e-01 9.448000e-03 6.697200e-02
56 9.219600e-01 9.388000e-03 6.865200e-02
57 9.204040e-01 9.372000e-03 7.022400e-02
58 9.188880e-01 9.244000e-03 7.186800e-02
59 9.174000e-01 9.196000e-03 7.340400e-02
60 9.159600e-01 9.104000e-03 7.493600e-02
61 9.143600e-01 9.024000e-03 7.661600e-02
62 9.127440e-01 8.920000e-03 7.833600e-02
63 9.109800e-01 9.028000e-03 7.999200e-02
64 9.092600e-01 9.236000e-03 8.150400e-02
65 9.074320e-01 9.568000e-03 8.300000e-02
66 9.056920e-01 9.688000e-03 8.462000e-02
67 9.039200e-01 9.652000e-03 8.642800e-02
68 9.019800e-01 9.960000e-03 8.806000e-02
69 9.001640e-01 1.002400e-02 8.981200e-02
70 8.983760e-01 1.013200e-02 9.149200e-02
71 8.966000e-01 1.009600e-02 9.330400e-02
72 8.949160e-01 1.002000e-02 9.506400e-02
73 8.930360e-01 1.014400e-02 9.682000e-02
74 8.910480e-01 1.024800e-02 9.870400e-02
75 8.892240e-01 1.032000e-02 1.004560e-01
76 8.873560e-01 1.036800e-02 1.022760e-01
77 8.856480e-01 1.033200e-02 1.040200e-01
78 8.839320e-01 1.035600e-02 1.057120e-01
79 8.821760e-01 1.028400e-02 1.075400e-01
80 8.805280e-01 1.012800e-02 1.093440e-01
81 8.788440e-01 1.011200e-02 1.110440e-01
82 8.772000e-01 9.896000e-03 1.129040e-01
83 8.754680e-01 9.980000e-03 1.145520e-01
84 8.738240e-01 9.916000e-03 1.162600e-01
85 8.721480e-01 9.664000e-03 1.181880e-01
86 8.705320e-01 9.564000e-03 1.199040e-01
87 8.687360e-01 9.640000e-03 1.216240e-01
88 8.670000e-01 9.724000e-03 1.232760e-01
89 8.654120e-01 9.624000e-03 1.249640e-01
90 8.636080e-01 9.732000e-03 1.266600e-01
91 8.618720e-01 9.812000e-03 1.283160e-01
92 8.602360e-01 9.648000e-03 1.301160e-01
93 8.585840e-01 9.584000e-03 1.318320e-01
94 8.570840e-01 9.488000e-03 1.334280e-01
95 8.554640e-01 9.480000e-03 1.350560e-01
96 8.538960e-01 9.348000e-03 1.367560e-01
97 8.522120e-01 9.332000e-03 1.384560e-01
98 8.506720e-01 9.140000e-03 1.401880e-01
99 8.490880e-01 9.132000e-03 1.417800e-01
100 8.476720e-01 8.920000e-03 1.434080e-01
101 8.462880e-01 8.824000e-03 1.448880e-01
102 8.448360e-01 8.616000e-03 1.465480e-01
103 8.434040e-01 8.604000e-03 1.479920e-01
104 8.417920e-01 8.660000e-03 1.495480e-01
105 8.402320e-01 8.616000e-03 1.511520e-01
106 8.386480e-01 8.668000e-03 1.526840e-01
107 8.370360e-01 8.688000e-03 1.542760e-01
108 8.354640e-01 8.800000e-03 1.557360e-01
109 8.340280e-01 8.668000e-03 1.573040e-01
110 8.323800e-01 8.768000e-03 1.588520e-01
111 8.309280e-01 8.748000e-03 1.603240e-01
112 8.293240e-01 8.856000e-03 1.618200e-01
113 8.278280e-01 8.764000e-03 1.634080e-01
114 8.265320e-01 8.560000e-03 1.649080e-01
115 8.252360e-01 8.444000e-03 1.663200e-01
116 8.238280e-01 8.440000e-03 1.677320e-01
117 8.225920e-01 8.176000e-03 1.692320e-01
118 8.212160e-01 8.172000e-03 1.706120e-01
119 8.199080e-01 8.108000e-03 1.719840e-01
120 8.185720e-01 7.964000e-03 1.734640e-01
121 8.172480e-01 7.924000e-03 1.748280e-01
122 8.160240e-01 7.784000e-03 1.761920e-01
123 8.146840e-01 7.784000e-03 1.775320e-01
124 8.134640e-01 7.608000e-03 1.789280e-01
125 8.121480e-01 7.728000e-03 1.801240e-01
126 8.108600e-01 7.668000e-03 1.814720e-01
127 8.095920e-01 7.488000e-03 1.829200e-01
128 8.083840e-01 7.376000e-03 1.842400e-01
129 8.072280e-01 7.292000e-03 1.854800e-01
130 8.060920e-01 7.192000e-03 1.867160e-01
131 8.049320e-01 7.148000e-03 1.879200e-01
132 8.037640e-01 7.088000e-03 1.891480e-01
133 8.025840e-01 7.072000e-03 1.903440e-01
134 8.013240e-01 7.240000e-03 1.914360e-01
135 8.000440e-01 7.140000e-03 1.928160e-01
136 7.987680e-01 7.072000e-03 1.941600e-01
137 7.975800e-01 7.028000e-03 1.953920e-01
138 7.962960e-01 7.064000e-03 1.966400e-01
139 7.952000e-01 6.972000e-03 1.978280e-01
140 7.941520e-01 6.688000e-03 1.991600e-01
141 7.931120e-01 6.552000e-03 2.003360e-01
142 7.920680e-01 6.444000e-03 2.014880e-01
143 7.908960e-01 6.424000e-03 2.026800e-01
144 7.898720e-01 6.384000e-03 2.037440e-01
145 7.888520e-01 6.188000e-03 2.049600e-01
146 7.877680e-01 6.136000e-03 2.060960e-01
147 7.866880e-01 6.144000e-03 2.071680e-01
148 7.855280e-01 6.260000e-03 2.082120e-01
149 7.843880e-01 6.312000e-03 2.093000e-01
150 7.831960e-01 6.368000e-03 2.104360e-01
151 7.821320e-01 6.372000e-03 2.114960e-01
152 7.810240e-01 6.336000e-03 2.126400e-01
153 7.798280e-01 6.404000e-03 2.137680e-01
154 7.786400e-01 6.348000e-03 2.150120e-01
155 7.775560e-01 6.424000e-03 2.160200e-01
156 7.764760e-01 6.364000e-03 2.171600e-01
157 7.753440e-01 6.560000e-03 2.180960e-01
158 7.741720e-01 6.628000e-03 2.192000e-01
159 7.730240e-01 6.600000e-03 2.203760e-01
160 7.719200e-01 6.568000e-03 2.215120e-01
161 7.706840e-01 6.484000e-03 2.228320e-01
162 7.695200e-01 6.520000e-03 2.239600e-01
163 7.683920e-01 6.504000e-03 2.251040e-01
164 7.671840e-01 6.468000e-03 2.263480e-01
165 7.658640e-01 6.580000e-03 2.275560e-01
166 7.645680e-01 6.788000e-03 2.286440e-01
167 7.633320e-01 6.752000e-03 2.299160e-01
168 7.622400e-01 6.508000e-03 2.312520e-01
169 7.610840e-01 6.520000e-03 2.323960e-01
170 7.600560e-01 6.408000e-03 2.335360e-01
171 7.588240e-01 6.432000e-03 2.347440e-01
172 7.576760e-01 6.388000e-03 2.359360e-01
173 7.565160e-01 6.420000e-03 2.370640e-01
174 7.550840e-01 6.736000e-03 2.381800e-01
175 7.538320e-01 6.800000e-03 2.393680e-01
176 7.526000e-01 6.880000e-03 2.405200e-01
177 7.513320e-01 6.888000e-03 2.417800e-01
178 7.501680e-01 6.776000e-03 2.430560e-01
179 7.489160e-01 6.992000e-03 2.440920e-01
180 7.477840e-01 6.876000e-03 2.453400e-01
181 7.467000e-01 6.704000e-03 2.465960e-01
182 7.455480e-01 6.628000e-03 2.478240e-01
183 7.445040e-01 6.592000e-03 2.489040e-01
184 7.433000e-01 6.532000e-03 2.501680e-01
185 7.420800e-01 6.576000e-03 2.513440e-01
186 7.409800e-01 6.556000e-03 2.524640e-01
187 7.398920e-01 6.444000e-03 2.536640e-01
188 7.386680e-01 6.588000e-03 2.547440e-01
189 7.374800e-01 6.696000e-03 2.558240e-01
190 7.363000e-01 6.648000e-03 2.570520e-01
191 7.352160e-01 6.592000e-03 2.581920e-01
192 7.340080e-01 6.780000e-03 2.592120e-01
193 7.327960e-01 6.884000e-03 2.603200e-01
194 7.317440e-01 6.664000e-03 2.615920e-01
195 7.306360e-01 6.520000e-03 2.628440e-01
196 7.296480e-01 6.388000e-03 2.639640e-01
197 7.285720e-01 6.472000e-03 2.649560e-01
198 7.274640e-01 6.432000e-03 2.661040e-01
199 7.264560e-01 6.412000e-03 2.671320e-01
200 7.254280e-01 6.260000e-03 2.683120e-01
201 7.243880e-01 6.192000e-03 2.694200e-01
202 7.234480e-01 6.052000e-03 2.705000e-01
203 7.224680e-01 6.032000e-03 2.715000e-01
204 7.214200e-01 5.928000e-03 2.726520e-01
205 7.204920e-01 5.820000e-03 2.736880e-01
206 7.194720e-01 5.812000e-03 2.747160e-01
207 7.183480e-01 5.984000e-03 2.756680e-01
208 7.171600e-01 6.156000e-03 2.766840e-01
209 7.161160e-01 6.136000e-03 2.777480e-01
210 7.150440e-01 6.256000e-03 2.787000e-01
211 7.139480e-01 6.268000e-03 2.797840e-01
212 7.128800e-01 6.352000e-03 2.807680e-01
213 7.119760e-01 6.184000e-03 2.818400e-01
214 7.109760e-01 6.116000e-03 2.829080e-01
215 7.101160e-01 5.796000e-03 2.840880e-01
216 7.092360e-01 5.716000e-03 2.850480e-01
217 7.082200e-01 5.680000e-03 2.861000e-01
218 7.073120e-01 5.604000e-03 2.870840e-01
219 7.064520e-01 5.544000e-03 2.880040e-01
220 7.055000e-01 5.448000e-03 2.890520e-01
221 7.043720e-01 5.616000e-03 2.900120e-01
222 7.033720e-01 5.636000e-03 2.909920e-01
223 7.024080e-01 5.624000e-03 2.919680e-01
224 7.012840e-01 5.860000e-03 2.928560e-01
225 7.001640e-01 5.956000e-03 2.938800e-01
226 6.990800e-01 6.016000e-03 2.949040e-01
227 6.979480e-01 6.132000e-03 2.959200e-01
228 6.969480e-01 6.092000e-03 2.969600e-01
229 6.958440e-01 6.208000e-03 2.979480e-01
230 6.948640e-01 6.096000e-03 2.990400e-01
231 6.938040e-01 5.944000e-03 3.002520e-01
232 6.926480e-01 6.072000e-03 3.012800e-01
233 6.915280e-01 6.124000e-03 3.023480e-01
234 6.905760e-01 5.980000e-03 3.034440e-01
235 6.895800e-01 5.880000e-03 3.045400e-01
236 6.885400e-01 5.848000e-03 3.056120e-01
237 6.875120e-01 5.736000e-03 3.067520e-01
238 6.865480e-01 5.700000e-03 3.077520e-01
239 6.855800e-01 5.628000e-03 3.087920e-01
240 6.845040e-01 5.716000e-03 3.097800e-01
241 6.835000e-01 5.680000e-03 3.108200e-01
242 6.823200e-01 5.788000e-03 3.118920e-01
243 6.814440e-01 5.648000e-03 3.129080e-01
244 6.805080e-01 5.732000e-03 3.137600e-01
245 6.795600e-01 5.688000e-03 3.147520e-01
246 6.787400e-01 5.584000e-03 3.156760e-01
247 6.779320e-01 5.500000e-03 3.165680e-01
248 6.770160e-01 5.328000e-03 3.176560e-01
249 6.760400e-01 5.388000e-03 3.185720e-01
250 6.751480e-01 5.428000e-03 3.194240e-01
251 6.741960e-01 5.504000e-03 3.203000e-01
252 6.732240e-01 5.528000e-03 3.212480e-01
253 6.722120e-01 5.556000e-03 3.222320e-01
254 6.711720e-01 5.576000e-03 3.232520e-01
255 6.702720e-01 5.524000e-03 3.242040e-01
256 6.693280e-01 5.528000e-03 3.251440e-01
257 6.683760e-01 5.556000e-03 3.260680e-01
258 6.675240e-01 5.428000e-03 3.270480e-01
259 6.666560e-01 5.364000e-03 3.279800e-01
260 6.659120e-01 5.312000e-03 3.287760e-01
261 6.649800e-01 5.400000e-03 3.296200e-01
262 6.640960e-01 5.280000e-03 3.306240e-01
263 6.633880e-01 5.120000e-03 3.314920e-01
264 6.626320e-01 4.988000e-03 3.323800e-01
265 6.617800e-01 5.020000e-03 3.332000e-01
266 6.610120e-01 4.896000e-03 3.340920e-01
267 6.602720e-01 4.796000e-03 3.349320e-01
268 6.595160e-01 4.748000e-03 3.357360e-01
269 6.587920e-01 4.688000e-03 3.365200e-01
270 6.580800e-01 4.632000e-03 3.372880e-01
271 6.573720e-01 4.544000e-03 3.380840e-01
272 6.565280e-01 4.556000e-03 3.389160e-01
273 6.557400e-01 4.456000e-03 3.398040e-01
274 6.550360e-01 4.484000e-03 3.404800e-01
275 6.543280e-01 4.468000e-03 3.412040e-01
276 6.535760e-01 4.504000e-03 3.419200e-01
277 6.528400e-01 4.460000e-03 3.427000e-01
278 6.522080e-01 4.248000e-03 3.435440e-01
279 6.516480e-01 4.080000e-03 3.442720e-01
280 6.511200e-01 3.960000e-03 3.449200e-01
281 6.504240e-01 3.928000e-03 3.456480e-01
282 6.497760e-01 3.884000e-03 3.463400e-01
283 6.491760e-01 3.820000e-03 3.470040e-01
284 6.486880e-01 3.696000e-03 3.476160e-01
285 6.480880e-01 3.668000e-03 3.482440e-01
286 6.474960e-01 3.640000e-03 3.488640e-01
287 6.470760e-01 3.448000e-03 3.494760e-01
288 6.466320e-01 3.368000e-03 3.500000e-01
289 6.461360e-01 3.180000e-03 3.506840e-01
290 6.456880e-01 3.004000e-03 3.513080e-01
291 6.452880e-01 2.872000e-03 3.518400e-01
292 6.448120e-01 2.768000e-03 3.524200e-01
293 6.443000e-01 2.728000e-03 3.529720e-01
294 6.437560e-01 2.828000e-03 3.534160e-01
295 6.432000e-01 2.916000e-03 3.538840e-01
296 6.427040e-01 2.860000e-03 3.544360e-01
297 6.421760e-01 2.860000e-03 3.549640e-01
298 6.416320e-01 2.944000e-03 3.554240e-01
299 6.410600e-01 3.064000e-03 3.558760e-01
300 6.405560e-01 3.036000e-03 3.564080e-01
301 6.399600e-01 3.196000e-03 3.568440e-01
302 6.393680e-01 3.252000e-03 3.573800e-01
303 6.389040e-01 3.092000e-03 3.580040e-01
304 6.383800e-01 3.140000e-03 3.584800e-01
305 6.379120e-01 3.028000e-03 3.590600e-01
306 6.374240e-01 2.996000e-03 3.595800e-01
307 6.369440e-01 3.008000e-03 3.600480e-01
308 6.363760e-01 3.096000e-03 3.605280e-01
309 6.358160e-01 3.052000e-03 3.611320e-01
310 6.353400e-01 3.008000e-03 3.616520e-01
311 6.348360e-01 3.056000e-03 3.621080e-01
312 6.343040e-01 3.108000e-03 3.625880e-01
313 6.337360e-01 3.132000e-03 3.631320e-01
314 6.332840e-01 3.032000e-03 3.636840e-01
315 6.327920e-01 2.944000e-03 3.642640e-01
316 6.323440e-01 2.860000e-03 3.647960e-01
317 6.319600e-01 2.844000e-03 3.651960e-01
318 6.315640e-01 2.748000e-03 3.656880e-01
319 6.311800e-01 2.608000e-03 3.662120e-01
320 6.308560e-01 2.504000e-03 3.666400e-01
321 6.305320e-01 2.428000e-03 3.670400e-01
322 6.301760e-01 2.368000e-03 3.674560e-01
323 6.298640e-01 2.184000e-03 3.679520e-01
324 6.295720e-01 2.056000e-03 3.683720e-01
325 6.291520e-01 2.204000e-03 3.686440e-01
326 6.287600e-01 2.196000e-03 3.690440e-01
327 6.284000e-01 2.172000e-03 3.694280e-01
328 6.280560e-01 2.120000e-03 3.698240e-01
329 6.276520e-01 2.144000e-03 3.702040e-01
330 6.272880e-01 2.024000e-03 3.706880e-01
331 6.268400e-01 2.192000e-03 3.709680e-01
332 6.264840e-01 2.168000e-03 3.713480e-01
333 6.260920e-01 2.128000e-03 3.717800e-01
334 6.256840e-01 2.184000e-03 3.721320e-01
335 6.252520e-01 2.208000e-03 3.725400e-01
336 6.248520e-01 2.192000e-03 3.729560e-01
337 6.245440e-01 2.176000e-03 3.732800e-01
338 6.241960e-01 2.080000e-03 3.737240e-01
339 6.238600e-01 2.040000e-03 3.741000e-01
340 6.235000e-01 2.040000e-03 3.744600e-01
341 6.231960e-01 1.972000e-03 3.748320e-01
342 6.229240e-01 1.888000e-03 3.751880e-01
343 6.226080e-01 1.916000e-03 3.754760e-01
344 6.222640e-01 1.932000e-03 3.758040e-01
345 6.220280e-01 1.868000e-03 3.761040e-01
346 6.217040e-01 1.860000e-03 3.764360e-01
347 6.214840e-01 1.776000e-03 3.767400e-01
348 6.212360e-01 1.728000e-03 3.770360e-01
349 6.209920e-01 1.608000e-03 3.774000e-01
350 6.207000e-01 1.604000e-03 3.776960e-01
351 6.203880e-01 1.600000e-03 3.780120e-01
352 6.200680e-01 1.644000e-03 3.782880e-01
353 6.198560e-01 1.544000e-03 3.786000e-01
354 6.195520e-01 1.604000e-03 3.788440e-01
355 6.192440e-01 1.612000e-03 3.791440e-01
356 6.190200e-01 1.560000e-03 3.794200e-01
357 6.187280e-01 1.548000e-03 3.797240e-01
358 6.184760e-01 1.496000e-03 3.800280e-01
359 6.182600e-01 1.448000e-03 3.802920e-01
360 6.179520e-01 1.512000e-03 3.805360e-01
361 6.177080e-01 1.516000e-03 3.807760e-01
362 6.174000e-01 1.568000e-03 3.810320e-01
363 6.171280e-01 1.572000e-03 3.813000e-01
364 6.169240e-01 1.476000e-03 3.816000e-01
365 6.167400e-01 1.424000e-03 3.818360e-01
366 6.165120e-01 1.396000e-03 3.820920e-01
367 6.163040e-01 1.396000e-03 3.823000e-01
368 6.160120e-01 1.436000e-03 3.825520e-01
369 6.157600e-01 1.468000e-03 3.827720e-01
370 6.155240e-01 1.460000e-03 3.830160e-01
371 6.152560e-01 1.468000e-03 3.832760e-01
372 6.150240e-01 1.408000e-03 3.835680e-01
373 6.148560e-01 1.352000e-03 3.837920e-01
374 6.146320e-01 1.380000e-03 3.839880e-01
375 6.143720e-01 1.380000e-03 3.842480e-01
376 6.141480e-01 1.396000e-03 3.844560e-01
377 6.138880e-01 1.456000e-03 3.846560e-01
378 6.136840e-01 1.456000e-03 3.848600e-01
379 6.134640e-01 1.432000e-03 3.851040e-01
380 6.132200e-01 1.432000e-03 3.853480e-01
381 6.129720e-01 1.456000e-03 3.855720e-01
382 6.127240e-01 1.472000e-03 3.858040e-01
383 6.125040e-01 1.460000e-03 3.860360e-01
384 6.122640e-01 1.468000e-03 3.862680e-01
385 6.120640e-01 1.392000e-03 3.865440e-01
386 6.118520e-01 1.428000e-03 3.867200e-01
387 6.116760e-01 1.376000e-03 3.869480e-01
388 6.115600e-01 1.252000e-03 3.871880e-01
389 6.113680e-01 1.268000e-03 3.873640e-01
390 6.112040e-01 1.200000e-03 3.875960e-01
391 6.110120e-01 1.196000e-03 3.877920e-01
392 6.108320e-01 1.132000e-03 3.880360e-01
393 6.106480e-01 1.136000e-03 3.882160e-01
394 6.104440e-01 1.172000e-03 3.883840e-01
395 6.102800e-01 1.116000e-03 3.886040e-01
396 6.101520e-01 1.108000e-03 3.887400e-01
397 6.099880e-01 1.060000e-03 3.889520e-01
398 6.099120e-01 9.120000e-04 3.891760e-01
399 6.097800e-01 9.040000e-04 3.893160e-01
400 6.096720e-01 8.600000e-04 3.894680e-01
401 6.095640e-01 8.320000e-04 3.896040e-01
402 6.094320e-01 8.640000e-04 3.897040e-01
403 6.092680e-01 8.760000e-04 3.898560e-01
404 6.091520e-01 7.960000e-04 3.900520e-01
405 6.090400e-01 7.760000e-04 3.901840e-01
406 6.089360e-01 8.080000e-04 3.902560e-01
407 6.088240e-01 8.040000e-04 3.903720e-01
408 6.087320e-01 7.560000e-04 3.905120e-01
409 6.085800e-01 7.480000e-04 3.906720e-01
410 6.083840e-01 7.960000e-04 3.908200e-01
411 6.082800e-01 7.280000e-04 3.909920e-01
412 6.081560e-01 7.560000e-04 3.910880e-01
413 6.080520e-01 7.600000e-04 3.911880e-01
414 6.079240e-01 7.240000e-04 3.913520e-01
415 6.078040e-01 7.480000e-04 3.914480e-01
416 6.076520e-01 7.600000e-04 3.915880e-01
417 6.075200e-01 7.760000e-04 3.917040e-01
418 6.073400e-01 8.120000e-04 3.918480e-01
419 6.071000e-01 9.200000e-04 3.919800e-01
420 6.068800e-01 9.840000e-04 3.921360e-01
421 6.066520e-01 1.012000e-03 3.923360e-01
422 6.064280e-01 1.096000e-03 3.924760e-01
423 6.062280e-01 1.124000e-03 3.926480e-01
424 6.059800e-01 1.192000e-03 3.928280e-01
425 6.057560e-01 1.172000e-03 3.930720e-01
426 6.055400e-01 1.228000e-03 3.932320e-01
427 6.053080e-01 1.228000e-03 3.934640e-01
428 6.051520e-01 1.164000e-03 3.936840e-01
429 6.049320e-01 1.180000e-03 3.938880e-01
430 6.047160e-01 1.188000e-03 3.940960e-01
431 6.045000e-01 1.148000e-03 3.943520e-01
432 6.043200e-01 1.116000e-03 3.945640e-01
433 6.040960e-01 1.120000e-03 3.947840e-01
434 6.039120e-01 1.084000e-03 3.950040e-01
435 6.037600e-01 1.080000e-03 3.951600e-01
436 6.035600e-01 1.104000e-03 3.953360e-01
437 6.033560e-01 1.132000e-03 3.955120e-01
438 6.031600e-01 1.080000e-03 3.957600e-01
439 6.030120e-01 1.024000e-03 3.959640e-01
440 6.028600e-01 9.480000e-04 3.961920e-01
441 6.027280e-01 8.960000e-04 3.963760e-01
442 6.026000e-01 8.840000e-04 3.965160e-01
443 6.024800e-01 8.760000e-04 3.966440e-01
444 6.023440e-01 8.680000e-04 3.967880e-01
445 6.022200e-01 8.120000e-04 3.969680e-01
446 6.021120e-01 8.120000e-04 3.970760e-01
447 6.019760e-01 8.040000e-04 3.972200e-01
448 6.018720e-01 8.040000e-04 3.973240e-01
449 6.017120e-01 8.160000e-04 3.974720e-01
450 6.015360e-01 8.320000e-04 3.976320e-01
451 6.013720e-01 8.680000e-04 3.977600e-01
452 6.012040e-01 8.960000e-04 3.979000e-01
453 6.010840e-01 8.040000e-04 3.981120e-01
454 6.009360e-01 8.040000e-04 3.982600e-01
455 6.007920e-01 8.280000e-04 3.983800e-01
456 6.006840e-01 7.760000e-04 3.985400e-01
457 6.005360e-01 7.760000e-04 3.986880e-01
458 6.004160e-01 7.720000e-04 3.988120e-01
459 6.002080e-01 8.520000e-04 3.989400e-01
460 6.000680e-01 8.440000e-04 3.990880e-01
461 5.999440e-01 8.120000e-04 3.992440e-01
462 5.997960e-01 8.400000e-04 3.993640e-01
463 5.996640e-01 7.880000e-04 3.995480e-01
464 5.995680e-01 7.560000e-04 3.996760e-01
465 5.994600e-01 7.120000e-04 3.998280e-01
466 5.993280e-01 6.840000e-04 3.999880e-01
467 5.991880e-01 7.360000e-04 4.000760e-01
468 5.991200e-01 6.880000e-04 4.001920e-01
469 5.990240e-01 6.960000e-04 4.002800e-01
470 5.989120e-01 6.880000e-04 4.004000e-01
471 5.988320e-01 6.360000e-04 4.005320e-01
472 5.987440e-01 6.160000e-04 4.006400e-01
473 5.986600e-01 6.040000e-04 4.007360e-01
474 5.985400e-01 6.400000e-04 4.008200e-01
475 5.984360e-01 6.160000e-04 4.009480e-01
476 5.983640e-01 5.840000e-04 4.010520e-01
477 5.982600e-01 5.680000e-04 4.011720e-01
478 5.981760e-01 5.480000e-04 4.012760e-01
479 5.980720e-01 5.520000e-04 4.013760e-01
480 5.979760e-01 5.440000e-04 4.014800e-01
481 5.978320e-01 6.080000e-04 4.015600e-01
482 5.977640e-01 5.240000e-04 4.017120e-01
483 5.976560e-01 5.480000e-04 4.017960e-01
484 5.975760e-01 5.440000e-04 4.018800e-01
485 5.975080e-01 5.160000e-04 4.019760e-01
486 5.974280e-01 5.080000e-04 4.020640e-01
487 5.973320e-01 5.400000e-04 4.021280e-01
488 5.972200e-01 5.800000e-04 4.022000e-01
489 5.971160e-01 5.760000e-04 4.023080e-01
490 5.969920e-01 5.920000e-04 4.024160e-01
491 5.969200e-01 5.480000e-04 4.025320e-01
492 5.968160e-01 5.760000e-04 4.026080e-01
493 5.967640e-01 5.480000e-04 4.026880e-01
494 5.966800e-01 5.240000e-04 4.027960e-01
495 5.966160e-01 4.880000e-04 4.028960e-01
496 5.965480e-01 4.400000e-04 4.030120e-01
497 5.964960e-01 4.120000e-04 4.030920e-01
498 5.964320e-01 4.240000e-04 4.031440e-01
499 5.963800e-01 4.120000e-04 4.032080e-01
500 5.963200e-01 4.080000e-04 4.032720e-01
