1 9.992280e-01 6.360000e-04 1.360000e-04
2 9.987200e-01 1.004000e-03 2.760000e-04
3 9.981560e-01 1.356000e-03 4.880000e-04
4 9.975200e-01 1.728000e-03 7.520000e-04
5 9.969200e-01 1.980000e-03 1.100000e-03
6 9.962640e-01 2.284000e-03 1.452000e-03
7 9.954760e-01 2.672000e-03 1.852000e-03
8 9.945760e-01 2.988000e-03 2.436000e-03
9 9.936960e-01 3.376000e-03 2.928000e-03
10 9.927920e-01 3.636000e-03 3.572000e-03
11 9.917360e-01 4.004000e-03 4.260000e-03
12 9.906920e-01 4.300000e-03 5.008000e-03
13 9.896520e-01 4.504000e-03 5.844000e-03
14 9.884760e-01 4.856000e-03 6.668000e-03
15 9.873480e-01 5.188000e-03 7.464000e-03
16 9.861920e-01 5.348000e-03 8.460000e-03
17 9.850040e-01 5.568000e-03 9.428000e-03
18 9.838440e-01 5.840000e-03 1.031600e-02
19 9.826200e-01 5.980000e-03 1.140000e-02
20 9.813920e-01 6.052000e-03 1.255600e-02
21 9.801360e-01 6.324000e-03 1.354000e-02
22 9.789400e-01 6.448000e-03 1.461200e-02
23 9.777120e-01 6.548000e-03 1.574000e-02
24 9.765880e-01 6.484000e-03 1.692800e-02
25 9.753640e-01 6.592000e-03 1.804400e-02
26 9.740920e-01 6.668000e-03 1.924000e-02
27 9.727120e-01 6.848000e-03 2.044000e-02
28 9.714760e-01 6.852000e-03 2.167200e-02
29 9.701600e-01 6.952000e-03 2.288800e-02
30 9.689000e-01 6.900000e-03 2.420000e-02
31 9.675880e-01 6.884000e-03 2.552800e-02
32 9.663080e-01 7.012000e-03 2.668000e-02
33 9.648800e-01 7.216000e-03 2.790400e-02
34 9.633040e-01 7.484000e-03 2.921200e-02
35 9.618280e-01 7.448000e-03 3.072400e-02
36 9.603720e-01 7.668000e-03 3.196000e-02
37 9.588720e-01 7.968000e-03 3.316000e-02
38 9.574000e-01 8.040000e-03 3.456000e-02
39 9.559400e-01 8.140000e-03 3.592000e-02
40 9.544000e-01 8.292000e-03 3.730800e-02
41 9.529160e-01 8.252000e-03 3.883200e-02
42 9.514440e-01 8.332000e-03 4.022400e-02
43 9.500080e-01 8.396000e-03 4.159600e-02
44 9.484240e-01 8.524000e-03 4.305200e-02
45 9.467720e-01 8.848000e-03 4.438000e-02
46 9.453120e-01 8.656000e-03 4.603200e-02
47 9.439480e-01 8.628000e-03 4.742400e-02
48 9.423720e-01 8.640000e-03 4.898800e-02
49 9.408200e-01 8.612000e-03 5.056800e-02
50 9.393720e-01 8.636000e-03 5.199200e-02
51 9.379000e-01 8.544000e-03 5.355600e-02
52 9.363680e-01 8.648000e-03 5.498400e-02
53 9.348400e-01 8.748000e-03 5.641200e-02
54 9.333640e-01 8.616000e-03 5.802000e-02
55 9.318120e-01 8.648000e-03 5.954000e-02
56 9.302880e-01 8.644000e-03 6.106800e-02
57 9.287280e-01 8.716000e-03 6.255600e-02
58 9.273240e-01 8.568000e-03 6.410800e-02
59 9.257480e-01 8.684000e-03 6.556800e-02
60 9.240680e-01 8.820000e-03 6.711200e-02
61 9.224640e-01 8.792000e-03 6.874400e-02
62 9.207680e-01 8.912000e-03 7.032000e-02
63 9.193840e-01 8.816000e-03 7.180000e-02
64 9.178360e-01 8.896000e-03 7.326800e-02
65 9.163000e-01 8.880000e-03 7.482000e-02
66 9.148480e-01 8.788000e-03 7.636400e-02
67 9.133400e-01 8.596000e-03 7.806400e-02
68 9.118600e-01 8.564000e-03 7.957600e-02
69 9.103680e-01 8.592000e-03 8.104000e-02
70 9.087960e-01 8.620000e-03 8.258400e-02
71 9.072680e-01 8.664000e-03 8.406800e-02
72 9.056400e-01 8.748000e-03 8.561200e-02
73 9.040880e-01 8.792000e-03 8.712000e-02
74 9.025160e-01 8.796000e-03 8.868800e-02
75 9.009920e-01 8.856000e-03 9.015200e-02
76 8.997080e-01 8.536000e-03 9.175600e-02
77 8.983640e-01 8.328000e-03 9.330800e-02
78 8.970720e-01 8.288000e-03 9.464000e-02
79 8.956640e-01 8.248000e-03 9.608800e-02
80 8.941960e-01 8.224000e-03 9.758000e-02
81 8.928480e-01 8.220000e-03 9.893200e-02
82 8.913840e-01 8.192000e-03 1.004240e-01
83 8.900320e-01 8.148000e-03 1.018200e-01
84 8.886880e-01 8.192000e-03 1.031200e-01
85 8.871920e-01 8.248000e-03 1.045600e-01
86 8.857360e-01 8.148000e-03 1.061160e-01
87 8.842640e-01 8.116000e-03 1.076200e-01
88 8.827360e-01 8.236000e-03 1.090280e-01
89 8.814040e-01 8.068000e-03 1.105280e-01
90 8.799640e-01 8.080000e-03 1.119560e-01
91 8.786840e-01 7.956000e-03 1.133600e-01
92 8.771560e-01 8.068000e-03 1.147760e-01
93 8.757120e-01 8.144000e-03 1.161440e-01
94 8.744880e-01 8.020000e-03 1.174920e-01
95 8.731400e-01 7.852000e-03 1.190080e-01
96 8.716840e-01 7.888000e-03 1.204280e-01
97 8.702800e-01 7.848000e-03 1.218720e-01
98 8.687800e-01 8.004000e-03 1.232160e-01
99 8.670960e-01 8.300000e-03 1.246040e-01
100 8.654840e-01 8.396000e-03 1.261200e-01
101 8.639720e-01 8.400000e-03 1.276280e-01
102 8.625320e-01 8.324000e-03 1.291440e-01
103 8.609440e-01 8.404000e-03 1.306520e-01
104 8.594480e-01 8.400000e-03 1.321520e-01
105 8.580240e-01 8.384000e-03 1.335920e-01
106 8.565920e-01 8.456000e-03 1.349520e-01
107 8.551840e-01 8.472000e-03 1.363440e-01
108 8.537160e-01 8.408000e-03 1.378760e-01
109 8.522040e-01 8.464000e-03 1.393320e-01
110 8.506040e-01 8.344000e-03 1.410520e-01
111 8.491040e-01 8.248000e-03 1.426480e-01
112 8.476200e-01 8.280000e-03 1.441000e-01
113 8.461640e-01 8.388000e-03 1.454480e-01
114 8.446920e-01 8.448000e-03 1.468600e-01
115 8.432480e-01 8.404000e-03 1.483480e-01
116 8.417560e-01 8.376000e-03 1.498680e-01
117 8.402640e-01 8.380000e-03 1.513560e-01
118 8.388160e-01 8.300000e-03 1.528840e-01
119 8.374720e-01 8.212000e-03 1.543160e-01
120 8.362480e-01 8.056000e-03 1.556960e-01
121 8.347800e-01 8.164000e-03 1.570560e-01
122 8.335040e-01 7.980000e-03 1.585160e-01
123 8.323120e-01 7.844000e-03 1.598440e-01
124 8.311080e-01 7.716000e-03 1.611760e-01
125 8.298480e-01 7.660000e-03 1.624920e-01
126 8.286400e-01 7.472000e-03 1.638880e-01
127 8.275240e-01 7.248000e-03 1.652280e-01
128 8.263760e-01 7.112000e-03 1.665120e-01
129 8.252800e-01 7.044000e-03 1.676760e-01
130 8.241280e-01 6.860000e-03 1.690120e-01
131 8.228880e-01 6.820000e-03 1.702920e-01
132 8.214840e-01 7.076000e-03 1.714400e-01
133 8.202840e-01 7.124000e-03 1.725920e-01
134 8.190080e-01 7.124000e-03 1.738680e-01
135 8.179280e-01 6.944000e-03 1.751280e-01
136 8.166400e-01 7.080000e-03 1.762800e-01
137 8.153760e-01 7.176000e-03 1.774480e-01
138 8.140360e-01 7.204000e-03 1.787600e-01
139 8.127280e-01 7.192000e-03 1.800800e-01
140 8.114920e-01 7.200000e-03 1.813080e-01
141 8.102280e-01 7.256000e-03 1.825160e-01
142 8.088960e-01 7.228000e-03 1.838760e-01
143 8.076840e-01 7.116000e-03 1.852000e-01
144 8.065120e-01 7.056000e-03 1.864320e-01
145 8.054640e-01 6.824000e-03 1.877120e-01
146 8.043040e-01 6.804000e-03 1.888920e-01
147 8.030840e-01 6.864000e-03 1.900520e-01
148 8.018840e-01 6.872000e-03 1.912440e-01
149 8.008000e-01 6.684000e-03 1.925160e-01
150 7.996720e-01 6.676000e-03 1.936520e-01
151 7.986440e-01 6.588000e-03 1.947680e-01
152 7.976400e-01 6.488000e-03 1.958720e-01
153 7.965280e-01 6.400000e-03 1.970720e-01
154 7.953320e-01 6.624000e-03 1.980440e-01
155 7.941800e-01 6.616000e-03 1.992040e-01
156 7.931040e-01 6.652000e-03 2.002440e-01
157 7.920080e-01 6.588000e-03 2.014040e-01
158 7.909160e-01 6.480000e-03 2.026040e-01
159 7.899800e-01 6.284000e-03 2.037360e-01
160 7.889840e-01 6.132000e-03 2.048840e-01
161 7.881640e-01 5.856000e-03 2.059800e-01
162 7.870840e-01 5.908000e-03 2.070080e-01
163 7.862000e-01 5.620000e-03 2.081800e-01
164 7.852960e-01 5.624000e-03 2.090800e-01
165 7.843360e-01 5.564000e-03 2.101000e-01
166 7.834160e-01 5.540000e-03 2.110440e-01
167 7.823560e-01 5.812000e-03 2.118320e-01
168 7.813760e-01 5.824000e-03 2.128000e-01
169 7.804480e-01 5.664000e-03 2.138880e-01
170 7.795720e-01 5.592000e-03 2.148360e-01
171 7.786080e-01 5.504000e-03 2.158880e-01
172 7.777960e-01 5.400000e-03 2.168040e-01
173 7.770480e-01 5.248000e-03 2.177040e-01
174 7.762520e-01 5.108000e-03 2.186400e-01
175 7.753480e-01 5.028000e-03 2.196240e-01
176 7.744360e-01 4.992000e-03 2.205720e-01
177 7.735120e-01 4.984000e-03 2.215040e-01
178 7.726440e-01 4.920000e-03 2.224360e-01
179 7.715960e-01 5.244000e-03 2.231600e-01
180 7.706240e-01 5.324000e-03 2.240520e-01
181 7.697680e-01 5.356000e-03 2.248760e-01
182 7.690080e-01 5.232000e-03 2.257600e-01
183 7.681920e-01 5.100000e-03 2.267080e-01
184 7.674480e-01 4.900000e-03 2.276520e-01
185 7.666640e-01 4.868000e-03 2.284680e-01
186 7.658160e-01 4.788000e-03 2.293960e-01
187 7.650640e-01 4.792000e-03 2.301440e-01
188 7.643680e-01 4.700000e-03 2.309320e-01
189 7.635160e-01 4.796000e-03 2.316880e-01
190 7.626560e-01 4.744000e-03 2.326000e-01
191 7.618000e-01 4.744000e-03 2.334560e-01
192 7.608960e-01 4.848000e-03 2.342560e-01
193 7.600720e-01 4.744000e-03 2.351840e-01
194 7.592040e-01 4.732000e-03 2.360640e-01
195 7.583640e-01 4.808000e-03 2.368280e-01
196 7.575000e-01 4.900000e-03 2.376000e-01
197 7.567280e-01 4.820000e-03 2.384520e-01
198 7.559240e-01 4.748000e-03 2.393280e-01
199 7.552400e-01 4.612000e-03 2.401480e-01
200 7.545440e-01 4.552000e-03 2.409040e-01
201 7.537760e-01 4.432000e-03 2.417920e-01
202 7.530000e-01 4.376000e-03 2.426240e-01
203 7.522640e-01 4.400000e-03 2.433360e-01
204 7.515200e-01 4.428000e-03 2.440520e-01
205 7.506520e-01 4.480000e-03 2.448680e-01
206 7.498560e-01 4.552000e-03 2.455920e-01
207 7.491600e-01 4.420000e-03 2.464200e-01
208 7.483120e-01 4.520000e-03 2.471680e-01
209 7.474840e-01 4.544000e-03 2.479720e-01
210 7.467560e-01 4.412000e-03 2.488320e-01
211 7.460320e-01 4.396000e-03 2.495720e-01
212 7.453160e-01 4.336000e-03 2.503480e-01
213 7.446160e-01 4.276000e-03 2.511080e-01
214 7.439200e-01 4.304000e-03 2.517760e-01
215 7.432400e-01 4.232000e-03 2.525280e-01
216 7.425400e-01 4.232000e-03 2.532280e-01
217 7.418440e-01 4.184000e-03 2.539720e-01
218 7.412480e-01 4.072000e-03 2.546800e-01
219 7.405720e-01 4.036000e-03 2.553920e-01
220 7.399240e-01 3.900000e-03 2.561760e-01
221 7.393360e-01 3.876000e-03 2.567880e-01
222 7.387200e-01 3.832000e-03 2.574480e-01
223 7.381400e-01 3.820000e-03 2.580400e-01
224 7.375400e-01 3.776000e-03 2.586840e-01
225 7.369520e-01 3.668000e-03 2.593800e-01
226 7.363160e-01 3.584000e-03 2.601000e-01
227 7.357440e-01 3.516000e-03 2.607400e-01
228 7.351240e-01 3.448000e-03 2.614280e-01
229 7.345160e-01 3.460000e-03 2.620240e-01
230 7.340320e-01 3.324000e-03 2.626440e-01
231 7.335080e-01 3.304000e-03 2.631880e-01
232 7.329160e-01 3.368000e-03 2.637160e-01
233 7.323520e-01 3.380000e-03 2.642680e-01
234 7.317760e-01 3.364000e-03 2.648600e-01
235 7.313240e-01 3.224000e-03 2.654520e-01
236 7.308120e-01 3.256000e-03 2.659320e-01
237 7.303200e-01 3.136000e-03 2.665440e-01
238 7.298360e-01 3.068000e-03 2.670960e-01
239 7.292960e-01 3.168000e-03 2.675360e-01
240 7.289000e-01 3.056000e-03 2.680440e-01
241 7.283320e-01 3.180000e-03 2.684880e-01
242 7.277880e-01 3.224000e-03 2.689880e-01
243 7.272840e-01 3.112000e-03 2.696040e-01
244 7.268520e-01 3.072000e-03 2.700760e-01
245 7.263840e-01 3.056000e-03 2.705600e-01
246 7.258800e-01 3.040000e-03 2.710800e-01
247 7.254400e-01 2.956000e-03 2.716040e-01
248 7.249480e-01 2.940000e-03 2.721120e-01
249 7.244360e-01 2.952000e-03 2.726120e-01
250 7.240000e-01 2.860000e-03 2.731400e-01
251 7.235160e-01 2.880000e-03 2.736040e-01
252 7.229440e-01 2.948000e-03 2.741080e-01
253 7.223360e-01 3.084000e-03 2.745800e-01
254 7.217440e-01 3.104000e-03 2.751520e-01
255 7.212120e-01 3.116000e-03 2.756720e-01
256 7.206520e-01 3.140000e-03 2.762080e-01
257 7.200760e-01 3.124000e-03 2.768000e-01
258 7.195320e-01 3.104000e-03 2.773640e-01
259 7.189800e-01 3.084000e-03 2.779360e-01
260 7.184160e-01 3.124000e-03 2.784600e-01
261 7.178320e-01 3.176000e-03 2.789920e-01
262 7.171520e-01 3.300000e-03 2.795480e-01
263 7.166480e-01 3.264000e-03 2.800880e-01
264 7.161000e-01 3.252000e-03 2.806480e-01
265 7.155600e-01 3.208000e-03 2.812320e-01
266 7.150240e-01 3.212000e-03 2.817640e-01
267 7.145400e-01 3.140000e-03 2.823200e-01
268 7.140360e-01 3.124000e-03 2.828400e-01
269 7.135160e-01 3.144000e-03 2.833400e-01
270 7.130240e-01 3.140000e-03 2.838360e-01
271 7.123880e-01 3.156000e-03 2.844560e-01
272 7.118000e-01 3.156000e-03 2.850440e-01
273 7.112800e-01 3.204000e-03 2.855160e-01
274 7.107160e-01 3.204000e-03 2.860800e-01
275 7.102840e-01 3.076000e-03 2.866400e-01
276 7.097760e-01 3.008000e-03 2.872160e-01
277 7.091760e-01 3.124000e-03 2.877000e-01
278 7.085400e-01 3.252000e-03 2.882080e-01
279 7.078520e-01 3.444000e-03 2.887040e-01
280 7.071800e-01 3.516000e-03 2.893040e-01
281 7.065040e-01 3.576000e-03 2.899200e-01
282 7.059120e-01 3.504000e-03 2.905840e-01
283 7.052840e-01 3.500000e-03 2.912160e-01
284 7.046720e-01 3.448000e-03 2.918800e-01
285 7.040440e-01 3.408000e-03 2.925480e-01
286 7.033840e-01 3.388000e-03 2.932280e-01
287 7.027920e-01 3.312000e-03 2.938960e-01
288 7.022360e-01 3.252000e-03 2.945120e-01
289 7.016680e-01 3.320000e-03 2.950120e-01
290 7.011040e-01 3.260000e-03 2.956360e-01
291 7.004920e-01 3.228000e-03 2.962800e-01
292 6.999440e-01 3.284000e-03 2.967720e-01
293 6.994280e-01 3.196000e-03 2.973760e-01
294 6.988600e-01 3.280000e-03 2.978600e-01
295 6.982280e-01 3.344000e-03 2.984280e-01
296 6.977360e-01 3.284000e-03 2.989800e-01
297 6.972560e-01 3.188000e-03 2.995560e-01
298 6.967480e-01 3.168000e-03 3.000840e-01
299 6.962280e-01 3.184000e-03 3.005880e-01
300 6.954760e-01 3.368000e-03 3.011560e-01
301 6.949280e-01 3.392000e-03 3.016800e-01
302 6.943440e-01 3.360000e-03 3.022960e-01
303 6.936960e-01 3.412000e-03 3.028920e-01
304 6.930960e-01 3.428000e-03 3.034760e-01
305 6.925320e-01 3.440000e-03 3.040280e-01
306 6.919600e-01 3.428000e-03 3.046120e-01
307 6.914120e-01 3.328000e-03 3.052600e-01
308 6.910000e-01 3.140000e-03 3.058600e-01
309 6.905240e-01 3.056000e-03 3.064200e-01
310 6.900000e-01 3.064000e-03 3.069360e-01
311 6.895080e-01 3.008000e-03 3.074840e-01
312 6.890400e-01 3.020000e-03 3.079400e-01
313 6.885560e-01 2.944000e-03 3.085000e-01
314 6.879280e-01 3.056000e-03 3.090160e-01
315 6.874920e-01 3.000000e-03 3.095080e-01
316 6.870360e-01 2.896000e-03 3.100680e-01
317 6.866280e-01 2.716000e-03 3.106560e-01
318 6.862240e-01 2.636000e-03 3.111400e-01
319 6.856960e-01 2.720000e-03 3.115840e-01
320 6.853200e-01 2.596000e-03 3.120840e-01
321 6.849560e-01 2.528000e-03 3.125160e-01
322 6.844640e-01 2.564000e-03 3.129720e-01
323 6.840400e-01 2.560000e-03 3.134000e-01
324 6.836280e-01 2.508000e-03 3.138640e-01
325 6.831280e-01 2.580000e-03 3.142920e-01
326 6.826640e-01 2.600000e-03 3.147360e-01
327 6.822480e-01 2.588000e-03 3.151640e-01
328 6.817440e-01 2.668000e-03 3.155880e-01
329 6.812520e-01 2.688000e-03 3.160600e-01
330 6.808520e-01 2.604000e-03 3.165440e-01
331 6.804800e-01 2.560000e-03 3.169600e-01
332 6.800400e-01 2.612000e-03 3.173480e-01
333 6.796880e-01 2.544000e-03 3.177680e-01
334 6.793000e-01 2.544000e-03 3.181560e-01
335 6.788720e-01 2.524000e-03 3.186040e-01
336 6.783800e-01 2.584000e-03 3.190360e-01
337 6.779000e-01 2.680000e-03 3.194200e-01
338 6.775080e-01 2.700000e-03 3.197920e-01
339 6.770840e-01 2.628000e-03 3.202880e-01
340 6.766280e-01 2.644000e-03 3.207280e-01
341 6.762040e-01 2.576000e-03 3.212200e-01
342 6.757200e-01 2.592000e-03 3.216880e-01
343 6.752720e-01 2.580000e-03 3.221480e-01
344 6.748400e-01 2.456000e-03 3.227040e-01
345 6.744360e-01 2.448000e-03 3.231160e-01
346 6.739800e-01 2.448000e-03 3.235720e-01
347 6.735520e-01 2.480000e-03 3.239680e-01
348 6.731400e-01 2.376000e-03 3.244840e-01
349 6.727720e-01 2.384000e-03 3.248440e-01
350 6.723880e-01 2.332000e-03 3.252800e-01
351 6.719680e-01 2.324000e-03 3.257080e-01
352 6.715560e-01 2.264000e-03 3.261800e-01
353 6.712200e-01 2.216000e-03 3.265640e-01
354 6.709000e-01 2.088000e-03 3.270120e-01
355 6.705920e-01 2.056000e-03 3.273520e-01
356 6.703120e-01 1.972000e-03 3.277160e-01
357 6.699680e-01 2.048000e-03 3.279840e-01
358 6.696880e-01 1.972000e-03 3.283400e-01
359 6.693720e-01 1.936000e-03 3.286920e-01
360 6.691280e-01 1.880000e-03 3.289920e-01
361 6.688440e-01 1.876000e-03 3.292800e-01
362 6.685200e-01 1.916000e-03 3.295640e-01
363 6.681880e-01 1.928000e-03 3.298840e-01
364 6.679040e-01 1.884000e-03 3.302120e-01
365 6.676400e-01 1.840000e-03 3.305200e-01
366 6.673400e-01 1.796000e-03 3.308640e-01
367 6.671000e-01 1.744000e-03 3.311560e-01
368 6.668320e-01 1.692000e-03 3.314760e-01
369 6.665480e-01 1.692000e-03 3.317600e-01
370 6.662320e-01 1.704000e-03 3.320640e-01
371 6.659560e-01 1.692000e-03 3.323520e-01
372 6.657320e-01 1.560000e-03 3.327080e-01
373 6.655600e-01 1.504000e-03 3.329360e-01
374 6.653760e-01 1.448000e-03 3.331760e-01
375 6.651680e-01 1.384000e-03 3.334480e-01
376 6.649760e-01 1.348000e-03 3.336760e-01
377 6.648440e-01 1.272000e-03 3.338840e-01
378 6.646760e-01 1.204000e-03 3.341200e-01
379 6.645200e-01 1.176000e-03 3.343040e-01
380 6.642720e-01 1.236000e-03 3.344920e-01
381 6.640800e-01 1.200000e-03 3.347200e-01
382 6.639160e-01 1.148000e-03 3.349360e-01
383 6.638000e-01 1.084000e-03 3.351160e-01
384 6.636040e-01 1.088000e-03 3.353080e-01
385 6.634520e-01 1.052000e-03 3.354960e-01
386 6.633080e-01 1.024000e-03 3.356680e-01
387 6.631000e-01 1.032000e-03 3.358680e-01
388 6.629080e-01 1.036000e-03 3.360560e-01
389 6.627400e-01 1.064000e-03 3.361960e-01
390 6.625240e-01 1.072000e-03 3.364040e-01
391 6.622760e-01 1.100000e-03 3.366240e-01
392 6.620560e-01 1.080000e-03 3.368640e-01
393 6.618480e-01 1.056000e-03 3.370960e-01
394 6.616760e-01 1.036000e-03 3.372880e-01
395 6.615160e-01 1.040000e-03 3.374440e-01
396 6.613480e-01 1.024000e-03 3.376280e-01
397 6.612040e-01 9.920000e-04 3.378040e-01
398 6.609920e-01 9.920000e-04 3.380160e-01
399 6.608280e-01 9.720000e-04 3.382000e-01
400 6.606760e-01 9.480000e-04 3.383760e-01
401 6.605520e-01 8.800000e-04 3.385680e-01
402 6.604480e-01 8.440000e-04 3.387080e-01
403 6.603160e-01 8.360000e-04 3.388480e-01
404 6.601800e-01 8.320000e-04 3.389880e-01
405 6.600400e-01 8.280000e-04 3.391320e-01
406 6.598840e-01 7.800000e-04 3.393360e-01
407 6.597880e-01 7.600000e-04 3.394520e-01
408 6.596760e-01 7.520000e-04 3.395720e-01
409 6.595520e-01 7.320000e-04 3.397160e-01
410 6.594880e-01 6.760000e-04 3.398360e-01
411 6.593560e-01 6.960000e-04 3.399480e-01
412 6.592040e-01 7.200000e-04 3.400760e-01
413 6.590600e-01 7.360000e-04 3.402040e-01
414 6.589800e-01 7.120000e-04 3.403080e-01
415 6.588720e-01 7.040000e-04 3.404240e-01
416 6.587560e-01 6.920000e-04 3.405520e-01
417 6.586760e-01 6.880000e-04 3.406360e-01
418 6.585280e-01 7.040000e-04 3.407680e-01
419 6.583960e-01 7.240000e-04 3.408800e-01
420 6.581920e-01 8.000000e-04 3.410080e-01
421 6.580680e-01 7.840000e-04 3.411480e-01
422 6.579560e-01 7.560000e-04 3.412880e-01
423 6.578200e-01 7.280000e-04 3.414520e-01
424 6.577360e-01 7.160000e-04 3.415480e-01
425 6.576000e-01 6.960000e-04 3.417040e-01
426 6.574720e-01 6.760000e-04 3.418520e-01
427 6.573760e-01 7.000000e-04 3.419240e-01
428 6.572320e-01 7.200000e-04 3.420480e-01
429 6.571080e-01 7.400000e-04 3.421520e-01
430 6.569440e-01 7.880000e-04 3.422680e-01
431 6.567360e-01 8.200000e-04 3.424440e-01
432 6.565720e-01 8.760000e-04 3.425520e-01
433 6.564080e-01 8.640000e-04 3.427280e-01
434 6.562360e-01 8.960000e-04 3.428680e-01
435 6.560560e-01 9.160000e-04 3.430280e-01
436 6.558360e-01 9.480000e-04 3.432160e-01
437 6.556520e-01 9.320000e-04 3.434160e-01
438 6.554440e-01 9.640000e-04 3.435920e-01
439 6.553120e-01 9.360000e-04 3.437520e-01
440 6.551640e-01 9.080000e-04 3.439280e-01
441 6.549560e-01 9.640000e-04 3.440800e-01
442 6.547920e-01 9.520000e-04 3.442560e-01
443 6.546640e-01 9.280000e-04 3.444080e-01
444 6.545080e-01 9.200000e-04 3.445720e-01
445 6.543880e-01 8.880000e-04 3.447240e-01
446 6.542960e-01 8.160000e-04 3.448880e-01
447 6.541760e-01 8.080000e-04 3.450160e-01
448 6.540040e-01 8.440000e-04 3.451520e-01
449 6.538080e-01 8.840000e-04 3.453080e-01
450 6.536400e-01 9.160000e-04 3.454440e-01
451 6.534880e-01 9.200000e-04 3.455920e-01
452 6.532520e-01 1.032000e-03 3.457160e-01
453 6.530760e-01 1.032000e-03 3.458920e-01
454 6.529120e-01 1.036000e-03 3.460520e-01
455 6.527560e-01 9.800000e-04 3.462640e-01
456 6.525840e-01 9.800000e-04 3.464360e-01
457 6.524360e-01 9.720000e-04 3.465920e-01
458 6.522600e-01 9.960000e-04 3.467440e-01
459 6.521040e-01 9.520000e-04 3.469440e-01
460 6.519600e-01 9.400000e-04 3.471000e-01
461 6.518400e-01 8.840000e-04 3.472760e-01
462 6.517040e-01 8.560000e-04 3.474400e-01
463 6.515840e-01 8.320000e-04 3.475840e-01
464 6.514720e-01 7.720000e-04 3.477560e-01
465 6.513560e-01 7.600000e-04 3.478840e-01
466 6.512200e-01 7.520000e-04 3.480280e-01
467 6.510840e-01 7.680000e-04 3.481480e-01
468 6.509640e-01 7.280000e-04 3.483080e-01
469 6.508880e-01 6.800000e-04 3.484320e-01
470 6.508000e-01 6.640000e-04 3.485360e-01
471 6.506400e-01 7.320000e-04 3.486280e-01
472 6.505320e-01 7.120000e-04 3.487560e-01
473 6.503880e-01 7.520000e-04 3.488600e-01
474 6.502640e-01 7.760000e-04 3.489600e-01
475 6.501480e-01 7.800000e-04 3.490720e-01
476 6.500360e-01 7.640000e-04 3.492000e-01
477 6.499440e-01 6.960000e-04 3.493600e-01
478 6.498440e-01 6.760000e-04 3.494800e-01
479 6.497400e-01 6.680000e-04 3.495920e-01
480 6.496600e-01 6.520000e-04 3.496880e-01
481 6.495600e-01 6.480000e-04 3.497920e-01
482 6.494480e-01 6.640000e-04 3.498880e-01
483 6.492960e-01 6.960000e-04 3.500080e-01
484 6.491800e-01 6.480000e-04 3.501720e-01
485 6.490000e-01 7.520000e-04 3.502480e-01
486 6.488720e-01 7.360000e-04 3.503920e-01
487 6.487200e-01 7.680000e-04 3.505120e-01
488 6.486000e-01 7.520000e-04 3.506480e-01
489 6.483720e-01 8.360000e-04 3.507920e-01
490 6.482360e-01 8.360000e-04 3.509280e-01
491 6.480480e-01 8.800000e-04 3.510720e-01
492 6.478920e-01 9.080000e-04 3.512000e-01
493 6.476920e-01 9.520000e-04 3.513560e-01
494 6.474920e-01 1.008000e-03 3.515000e-01
495 6.473200e-01 1.016000e-03 3.516640e-01
496 6.471360e-01 1.056000e-03 3.518080e-01
497 6.469360e-01 1.096000e-03 3.519680e-01
498 6.468000e-01 1.036000e-03 3.521640e-01
499 6.466240e-01 1.052000e-03 3.523240e-01
500 6.464760e-01 1.036000e-03 3.524880e-01
