1 9.991680e-01 7.080000e-04 1.240000e-04
2 9.985840e-01 1.136000e-03 2.800000e-04
3 9.979680e-01 1.476000e-03 5.560000e-04
4 9.973120e-01 1.880000e-03 8.080000e-04
5 9.965840e-01 2.264000e-03 1.152000e-03
6 9.957440e-01 2.676000e-03 1.580000e-03
7 9.949600e-01 2.984000e-03 2.056000e-03
8 9.939680e-01 3.324000e-03 2.708000e-03
9 9.929880e-01 3.740000e-03 3.272000e-03
10 9.918560e-01 4.092000e-03 4.052000e-03
11 9.908280e-01 4.328000e-03 4.844000e-03
12 9.895920e-01 4.804000e-03 5.604000e-03
13 9.883840e-01 5.092000e-03 6.524000e-03
14 9.869960e-01 5.596000e-03 7.408000e-03
15 9.856880e-01 5.856000e-03 8.456000e-03
16 9.844560e-01 5.956000e-03 9.588000e-03
17 9.830760e-01 6.236000e-03 1.068800e-02
18 9.818000e-01 6.456000e-03 1.174400e-02
19 9.804640e-01 6.644000e-03 1.289200e-02
20 9.790160e-01 6.732000e-03 1.425200e-02
21 9.775640e-01 6.884000e-03 1.555200e-02
22 9.761560e-01 7.116000e-03 1.672800e-02
23 9.748000e-01 7.188000e-03 1.801200e-02
24 9.733720e-01 7.460000e-03 1.916800e-02
25 9.719480e-01 7.504000e-03 2.054800e-02
26 9.703560e-01 7.852000e-03 2.179200e-02
27 9.688280e-01 7.932000e-03 2.324000e-02
28 9.673040e-01 7.988000e-03 2.470800e-02
29 9.658160e-01 8.084000e-03 2.610000e-02
30 9.642520e-01 8.284000e-03 2.746400e-02
31 9.625720e-01 8.396000e-03 2.903200e-02
32 9.609600e-01 8.520000e-03 3.052000e-02
33 9.594200e-01 8.688000e-03 3.189200e-02
34 9.578160e-01 8.732000e-03 3.345200e-02
35 9.561600e-01 8.884000e-03 3.495600e-02
36 9.545200e-01 9.004000e-03 3.647600e-02
37 9.529720e-01 9.032000e-03 3.799600e-02
38 9.513480e-01 9.108000e-03 3.954400e-02
39 9.496360e-01 9.164000e-03 4.120000e-02
40 9.480360e-01 9.036000e-03 4.292800e-02
41 9.463600e-01 9.116000e-03 4.452400e-02
42 9.446600e-01 9.160000e-03 4.618000e-02
43 9.428960e-01 9.356000e-03 4.774800e-02
44 9.413360e-01 9.308000e-03 4.935600e-02
45 9.396040e-01 9.548000e-03 5.084800e-02
46 9.378120e-01 9.636000e-03 5.255200e-02
47 9.360160e-01 9.588000e-03 5.439600e-02
48 9.341640e-01 9.764000e-03 5.607200e-02
49 9.323920e-01 9.776000e-03 5.783200e-02
50 9.304680e-01 9.976000e-03 5.955600e-02
51 9.288480e-01 9.836000e-03 6.131600e-02
52 9.272320e-01 9.608000e-03 6.316000e-02
53 9.254480e-01 9.620000e-03 6.493200e-02
54 9.238560e-01 9.496000e-03 6.664800e-02
55 9.220760e-01 9.656000e-03 6.826800e-02
56 9.204600e-01 9.752000e-03 6.978800e-02
57 9.187920e-01 9.836000e-03 7.137200e-02
58 9.169280e-01 1.010000e-02 7.297200e-02
59 9.151400e-01 1.005600e-02 7.480400e-02
60 9.134040e-01 9.800000e-03 7.679600e-02
61 9.117680e-01 9.736000e-03 7.849600e-02
62 9.102000e-01 9.684000e-03 8.011600e-02
63 9.086560e-01 9.468000e-03 8.187600e-02
64 9.070000e-01 9.456000e-03 8.354400e-02
65 9.052400e-01 9.520000e-03 8.524000e-02
66 9.036200e-01 9.364000e-03 8.701600e-02
67 9.021480e-01 9.180000e-03 8.867200e-02
68 9.005600e-01 9.116000e-03 9.032400e-02
69 8.989960e-01 9.152000e-03 9.185200e-02
70 8.973160e-01 9.268000e-03 9.341600e-02
71 8.956480e-01 9.348000e-03 9.500400e-02
72 8.940760e-01 9.224000e-03 9.670000e-02
73 8.925480e-01 9.104000e-03 9.834800e-02
74 8.909920e-01 9.092000e-03 9.991600e-02
75 8.892040e-01 9.248000e-03 1.015480e-01
76 8.876120e-01 9.312000e-03 1.030760e-01
77 8.861000e-01 9.156000e-03 1.047440e-01
78 8.846760e-01 9.012000e-03 1.063120e-01
79 8.830800e-01 9.140000e-03 1.077800e-01
80 8.815880e-01 9.052000e-03 1.093600e-01
81 8.800200e-01 9.044000e-03 1.109360e-01
82 8.784320e-01 9.048000e-03 1.125200e-01
83 8.767800e-01 9.008000e-03 1.142120e-01
84 8.752880e-01 8.692000e-03 1.160200e-01
85 8.737480e-01 8.680000e-03 1.175720e-01
86 8.722120e-01 8.680000e-03 1.191080e-01
87 8.707200e-01 8.680000e-03 1.206000e-01
88 8.692480e-01 8.696000e-03 1.220560e-01
89 8.678240e-01 8.472000e-03 1.237040e-01
90 8.663520e-01 8.432000e-03 1.252160e-01
91 8.648240e-01 8.504000e-03 1.266720e-01
92 8.633160e-01 8.560000e-03 1.281240e-01
93 8.617800e-01 8.640000e-03 1.295800e-01
94 8.603280e-01 8.596000e-03 1.310760e-01
95 8.588480e-01 8.556000e-03 1.325960e-01
96 8.573800e-01 8.432000e-03 1.341880e-01
97 8.560320e-01 8.360000e-03 1.356080e-01
98 8.545040e-01 8.496000e-03 1.370000e-01
99 8.531480e-01 8.392000e-03 1.384600e-01
100 8.516320e-01 8.428000e-03 1.399400e-01
101 8.503120e-01 8.168000e-03 1.415200e-01
102 8.489000e-01 8.032000e-03 1.430680e-01
103 8.473960e-01 8.184000e-03 1.444200e-01
104 8.457960e-01 8.372000e-03 1.458320e-01
105 8.443000e-01 8.356000e-03 1.473440e-01
106 8.428240e-01 8.404000e-03 1.487720e-01
107 8.413880e-01 8.424000e-03 1.501880e-01
108 8.399400e-01 8.452000e-03 1.516080e-01
109 8.383840e-01 8.520000e-03 1.530960e-01
110 8.367320e-01 8.740000e-03 1.545280e-01
111 8.352480e-01 8.712000e-03 1.560400e-01
112 8.337240e-01 8.664000e-03 1.576120e-01
113 8.321760e-01 8.672000e-03 1.591520e-01
114 8.306200e-01 8.752000e-03 1.606280e-01
115 8.289640e-01 8.888000e-03 1.621480e-01
116 8.273640e-01 8.912000e-03 1.637240e-01
117 8.259520e-01 8.672000e-03 1.653760e-01
118 8.244360e-01 8.648000e-03 1.669160e-01
119 8.228800e-01 8.608000e-03 1.685120e-01
120 8.213640e-01 8.660000e-03 1.699760e-01
121 8.199040e-01 8.660000e-03 1.714360e-01
122 8.185240e-01 8.508000e-03 1.729680e-01
123 8.171960e-01 8.368000e-03 1.744360e-01
124 8.158400e-01 8.152000e-03 1.760080e-01
125 8.146000e-01 8.012000e-03 1.773880e-01
126 8.133720e-01 7.756000e-03 1.788720e-01
127 8.120600e-01 7.684000e-03 1.802560e-01
128 8.107360e-01 7.728000e-03 1.815360e-01
129 8.095000e-01 7.660000e-03 1.828400e-01
130 8.082720e-01 7.636000e-03 1.840920e-01
131 8.070600e-01 7.584000e-03 1.853560e-01
132 8.058400e-01 7.440000e-03 1.867200e-01
133 8.047040e-01 7.204000e-03 1.880920e-01
134 8.035080e-01 7.200000e-03 1.892920e-01
135 8.022480e-01 7.252000e-03 1.905000e-01
136 8.010840e-01 7.180000e-03 1.917360e-01
137 7.997240e-01 7.304000e-03 1.929720e-01
138 7.984600e-01 7.428000e-03 1.941120e-01
139 7.971280e-01 7.356000e-03 1.955160e-01
140 7.958800e-01 7.368000e-03 1.967520e-01
141 7.946000e-01 7.312000e-03 1.980880e-01
142 7.933320e-01 7.256000e-03 1.994120e-01
143 7.920680e-01 7.232000e-03 2.007000e-01
144 7.907680e-01 7.304000e-03 2.019280e-01
145 7.895560e-01 7.160000e-03 2.032840e-01
146 7.883680e-01 7.104000e-03 2.045280e-01
147 7.871160e-01 7.096000e-03 2.057880e-01
148 7.858080e-01 7.160000e-03 2.070320e-01
149 7.844560e-01 7.264000e-03 2.082800e-01
150 7.831200e-01 7.256000e-03 2.096240e-01
151 7.818240e-01 7.256000e-03 2.109200e-01
152 7.804960e-01 7.384000e-03 2.121200e-01
153 7.791520e-01 7.424000e-03 2.134240e-01
154 7.778320e-01 7.400000e-03 2.147680e-01
155 7.766440e-01 7.284000e-03 2.160720e-01
156 7.753880e-01 7.400000e-03 2.172120e-01
157 7.741720e-01 7.344000e-03 2.184840e-01
158 7.728320e-01 7.304000e-03 2.198640e-01
159 7.715560e-01 7.304000e-03 2.211400e-01
160 7.703840e-01 7.216000e-03 2.224000e-01
161 7.692120e-01 7.060000e-03 2.237280e-01
162 7.680040e-01 6.996000e-03 2.250000e-01
163 7.668200e-01 6.988000e-03 2.261920e-01
164 7.656920e-01 6.972000e-03 2.273360e-01
165 7.645280e-01 6.928000e-03 2.285440e-01
166 7.634280e-01 6.892000e-03 2.296800e-01
167 7.621480e-01 7.036000e-03 2.308160e-01
168 7.609320e-01 6.948000e-03 2.321200e-01
169 7.596760e-01 7.016000e-03 2.333080e-01
170 7.584120e-01 7.024000e-03 2.345640e-01
171 7.571120e-01 6.992000e-03 2.358960e-01
172 7.557880e-01 6.996000e-03 2.372160e-01
173 7.546480e-01 6.980000e-03 2.383720e-01
174 7.532920e-01 7.180000e-03 2.395280e-01
175 7.519680e-01 7.320000e-03 2.407120e-01
176 7.506040e-01 7.452000e-03 2.419440e-01
177 7.492640e-01 7.472000e-03 2.432640e-01
178 7.478840e-01 7.560000e-03 2.445560e-01
179 7.465840e-01 7.644000e-03 2.457720e-01
180 7.452480e-01 7.776000e-03 2.469760e-01
181 7.439960e-01 7.744000e-03 2.482600e-01
182 7.426000e-01 7.628000e-03 2.497720e-01
183 7.414320e-01 7.404000e-03 2.511640e-01
184 7.402360e-01 7.356000e-03 2.524080e-01
185 7.389960e-01 7.220000e-03 2.537840e-01
186 7.377520e-01 7.116000e-03 2.551320e-01
187 7.364840e-01 7.156000e-03 2.563600e-01
188 7.353360e-01 6.972000e-03 2.576920e-01
189 7.341320e-01 6.964000e-03 2.589040e-01
190 7.329080e-01 6.892000e-03 2.602000e-01
191 7.316840e-01 6.880000e-03 2.614360e-01
192 7.305680e-01 6.744000e-03 2.626880e-01
193 7.295320e-01 6.596000e-03 2.638720e-01
194 7.284400e-01 6.512000e-03 2.650480e-01
195 7.273720e-01 6.516000e-03 2.661120e-01
196 7.264040e-01 6.396000e-03 2.672000e-01
197 7.252960e-01 6.464000e-03 2.682400e-01
198 7.242480e-01 6.340000e-03 2.694120e-01
199 7.232200e-01 6.300000e-03 2.704800e-01
200 7.222120e-01 6.232000e-03 2.715560e-01
201 7.212680e-01 5.996000e-03 2.727360e-01
202 7.203400e-01 5.876000e-03 2.737840e-01
203 7.195040e-01 5.748000e-03 2.747480e-01
204 7.185640e-01 5.712000e-03 2.757240e-01
205 7.174760e-01 5.944000e-03 2.765800e-01
206 7.163920e-01 5.892000e-03 2.777160e-01
207 7.154240e-01 5.796000e-03 2.787800e-01
208 7.143520e-01 5.720000e-03 2.799280e-01
209 7.133680e-01 5.672000e-03 2.809600e-01
210 7.124520e-01 5.688000e-03 2.818600e-01
211 7.115520e-01 5.604000e-03 2.828440e-01
212 7.106080e-01 5.620000e-03 2.837720e-01
213 7.096240e-01 5.608000e-03 2.847680e-01
214 7.086840e-01 5.652000e-03 2.856640e-01
215 7.076040e-01 5.620000e-03 2.867760e-01
216 7.064200e-01 5.888000e-03 2.876920e-01
217 7.053520e-01 5.896000e-03 2.887520e-01
218 7.043560e-01 5.848000e-03 2.897960e-01
219 7.034200e-01 5.772000e-03 2.908080e-01
220 7.024320e-01 5.768000e-03 2.918000e-01
221 7.014360e-01 5.684000e-03 2.928800e-01
222 7.006320e-01 5.460000e-03 2.939080e-01
223 6.997240e-01 5.412000e-03 2.948640e-01
224 6.988720e-01 5.304000e-03 2.958240e-01
225 6.980160e-01 5.204000e-03 2.967800e-01
226 6.971680e-01 5.100000e-03 2.977320e-01
227 6.963760e-01 5.100000e-03 2.985240e-01
228 6.955400e-01 5.068000e-03 2.993920e-01
229 6.947680e-01 5.008000e-03 3.002240e-01
230 6.940000e-01 4.888000e-03 3.011120e-01
231 6.931560e-01 4.952000e-03 3.018920e-01
232 6.923440e-01 4.980000e-03 3.026760e-01
233 6.915720e-01 4.924000e-03 3.035040e-01
234 6.906960e-01 5.016000e-03 3.042880e-01
235 6.898280e-01 4.936000e-03 3.052360e-01
236 6.889560e-01 4.860000e-03 3.061840e-01
237 6.881640e-01 4.780000e-03 3.070560e-01
238 6.874760e-01 4.600000e-03 3.079240e-01
239 6.867680e-01 4.528000e-03 3.087040e-01
240 6.860680e-01 4.400000e-03 3.095320e-01
241 6.853640e-01 4.360000e-03 3.102760e-01
242 6.846120e-01 4.344000e-03 3.110440e-01
243 6.839360e-01 4.240000e-03 3.118240e-01
244 6.831320e-01 4.296000e-03 3.125720e-01
245 6.823680e-01 4.288000e-03 3.133440e-01
246 6.816480e-01 4.256000e-03 3.140960e-01
247 6.808680e-01 4.316000e-03 3.148160e-01
248 6.802200e-01 4.248000e-03 3.155320e-01
249 6.795280e-01 4.184000e-03 3.162880e-01
250 6.788200e-01 4.140000e-03 3.170400e-01
251 6.781400e-01 4.160000e-03 3.177000e-01
252 6.774840e-01 4.192000e-03 3.183240e-01
253 6.767840e-01 4.160000e-03 3.190560e-01
254 6.760320e-01 4.108000e-03 3.198600e-01
255 6.753560e-01 4.020000e-03 3.206240e-01
256 6.746840e-01 4.076000e-03 3.212400e-01
257 6.740040e-01 4.032000e-03 3.219640e-01
258 6.733720e-01 3.904000e-03 3.227240e-01
259 6.727480e-01 3.876000e-03 3.233760e-01
260 6.721200e-01 3.748000e-03 3.241320e-01
261 6.715080e-01 3.760000e-03 3.247320e-01
262 6.709960e-01 3.640000e-03 3.253640e-01
263 6.703640e-01 3.624000e-03 3.260120e-01
264 6.696960e-01 3.624000e-03 3.266800e-01
265 6.691160e-01 3.556000e-03 3.273280e-01
266 6.685000e-01 3.540000e-03 3.279600e-01
267 6.679320e-01 3.492000e-03 3.285760e-01
268 6.672840e-01 3.544000e-03 3.291720e-01
269 6.666280e-01 3.500000e-03 3.298720e-01
270 6.660480e-01 3.492000e-03 3.304600e-01
271 6.654360e-01 3.512000e-03 3.310520e-01
272 6.649360e-01 3.392000e-03 3.316720e-01
273 6.644920e-01 3.236000e-03 3.322720e-01
274 6.640000e-01 3.104000e-03 3.328960e-01
275 6.635440e-01 3.028000e-03 3.334280e-01
276 6.630560e-01 3.000000e-03 3.339440e-01
277 6.625400e-01 3.044000e-03 3.344160e-01
278 6.620520e-01 2.996000e-03 3.349520e-01
279 6.615400e-01 2.976000e-03 3.354840e-01
280 6.610400e-01 2.960000e-03 3.360000e-01
281 6.605080e-01 2.928000e-03 3.365640e-01
282 6.600280e-01 2.880000e-03 3.370920e-01
283 6.595560e-01 2.896000e-03 3.375480e-01
284 6.591200e-01 2.816000e-03 3.380640e-01
285 6.585920e-01 2.888000e-03 3.385200e-01
286 6.581520e-01 2.828000e-03 3.390200e-01
287 6.577600e-01 2.736000e-03 3.395040e-01
288 6.572560e-01 2.812000e-03 3.399320e-01
289 6.567760e-01 2.792000e-03 3.404320e-01
290 6.562480e-01 2.804000e-03 3.409480e-01
291 6.556800e-01 2.864000e-03 3.414560e-01
292 6.551000e-01 2.944000e-03 3.419560e-01
293 6.545280e-01 2.956000e-03 3.425160e-01
294 6.539960e-01 3.020000e-03 3.429840e-01
295 6.534640e-01 2.984000e-03 3.435520e-01
296 6.529000e-01 3.016000e-03 3.440840e-01
297 6.524600e-01 2.992000e-03 3.445480e-01
298 6.519760e-01 2.952000e-03 3.450720e-01
299 6.515000e-01 2.924000e-03 3.455760e-01
300 6.510360e-01 2.816000e-03 3.461480e-01
301 6.506800e-01 2.724000e-03 3.465960e-01
302 6.502720e-01 2.700000e-03 3.470280e-01
303 6.498360e-01 2.620000e-03 3.475440e-01
304 6.494840e-01 2.492000e-03 3.480240e-01
305 6.491160e-01 2.444000e-03 3.484400e-01
306 6.487200e-01 2.388000e-03 3.488920e-01
307 6.483440e-01 2.308000e-03 3.493480e-01
308 6.479080e-01 2.384000e-03 3.497080e-01
309 6.475200e-01 2.408000e-03 3.500720e-01
310 6.471160e-01 2.412000e-03 3.504720e-01
311 6.467600e-01 2.308000e-03 3.509320e-01
312 6.463480e-01 2.324000e-03 3.513280e-01
313 6.460120e-01 2.320000e-03 3.516680e-01
314 6.456480e-01 2.280000e-03 3.520720e-01
315 6.452480e-01 2.276000e-03 3.524760e-01
316 6.449600e-01 2.100000e-03 3.529400e-01
317 6.446040e-01 2.040000e-03 3.533560e-01
318 6.443000e-01 2.024000e-03 3.536760e-01
319 6.439840e-01 2.056000e-03 3.539600e-01
320 6.436880e-01 1.936000e-03 3.543760e-01
321 6.433560e-01 1.964000e-03 3.546800e-01
322 6.429880e-01 1.936000e-03 3.550760e-01
323 6.427120e-01 1.872000e-03 3.554160e-01
324 6.423880e-01 1.832000e-03 3.557800e-01
325 6.421480e-01 1.752000e-03 3.561000e-01
326 6.418000e-01 1.772000e-03 3.564280e-01
327 6.415600e-01 1.692000e-03 3.567480e-01
328 6.412880e-01 1.616000e-03 3.570960e-01
329 6.410240e-01 1.536000e-03 3.574400e-01
330 6.407400e-01 1.556000e-03 3.577040e-01
331 6.405520e-01 1.480000e-03 3.579680e-01
332 6.402760e-01 1.444000e-03 3.582800e-01
333 6.400480e-01 1.448000e-03 3.585040e-01
334 6.398280e-01 1.456000e-03 3.587160e-01
335 6.395920e-01 1.416000e-03 3.589920e-01
336 6.393720e-01 1.384000e-03 3.592440e-01
337 6.391440e-01 1.392000e-03 3.594640e-01
338 6.389520e-01 1.356000e-03 3.596920e-01
339 6.387560e-01 1.320000e-03 3.599240e-01
340 6.385760e-01 1.304000e-03 3.601200e-01
341 6.383120e-01 1.400000e-03 3.602880e-01
342 6.380240e-01 1.428000e-03 3.605480e-01
343 6.377400e-01 1.508000e-03 3.607520e-01
344 6.374680e-01 1.496000e-03 3.610360e-01
345 6.371960e-01 1.524000e-03 3.612800e-01
346 6.369440e-01 1.488000e-03 3.615680e-01
347 6.366360e-01 1.532000e-03 3.618320e-01
348 6.364400e-01 1.472000e-03 3.620880e-01
349 6.362600e-01 1.400000e-03 3.623400e-01
350 6.360480e-01 1.424000e-03 3.625280e-01
351 6.358200e-01 1.436000e-03 3.627440e-01
352 6.356120e-01 1.404000e-03 3.629840e-01
353 6.353800e-01 1.328000e-03 3.632920e-01
354 6.351840e-01 1.280000e-03 3.635360e-01
355 6.350120e-01 1.240000e-03 3.637480e-01
356 6.348040e-01 1.228000e-03 3.639680e-01
357 6.345800e-01 1.216000e-03 3.642040e-01
358 6.343960e-01 1.232000e-03 3.643720e-01
359 6.342440e-01 1.156000e-03 3.646000e-01
360 6.340720e-01 1.100000e-03 3.648280e-01
361 6.338800e-01 1.120000e-03 3.650000e-01
362 6.337680e-01 1.056000e-03 3.651760e-01
363 6.336400e-01 1.008000e-03 3.653520e-01
364 6.335160e-01 9.760000e-04 3.655080e-01
365 6.333480e-01 9.840000e-04 3.656680e-01
366 6.332960e-01 8.560000e-04 3.658480e-01
367 6.332000e-01 8.160000e-04 3.659840e-01
368 6.330800e-01 8.160000e-04 3.661040e-01
369 6.330000e-01 7.640000e-04 3.662360e-01
370 6.329080e-01 6.920000e-04 3.664000e-01
371 6.327640e-01 7.160000e-04 3.665200e-01
372 6.326600e-01 7.320000e-04 3.666080e-01
373 6.325200e-01 7.240000e-04 3.667560e-01
374 6.323520e-01 7.520000e-04 3.668960e-01
375 6.322160e-01 7.560000e-04 3.670280e-01
376 6.320040e-01 8.720000e-04 3.671240e-01
377 6.318520e-01 8.600000e-04 3.672880e-01
378 6.316840e-01 9.000000e-04 3.674160e-01
379 6.315240e-01 8.920000e-04 3.675840e-01
380 6.313760e-01 8.600000e-04 3.677640e-01
381 6.312400e-01 8.360000e-04 3.679240e-01
382 6.311120e-01 8.160000e-04 3.680720e-01
383 6.309720e-01 8.240000e-04 3.682040e-01
384 6.308640e-01 7.680000e-04 3.683680e-01
385 6.307920e-01 7.040000e-04 3.685040e-01
386 6.306560e-01 6.960000e-04 3.686480e-01
387 6.305760e-01 6.240000e-04 3.688000e-01
388 6.304720e-01 6.280000e-04 3.689000e-01
389 6.303320e-01 6.080000e-04 3.690600e-01
390 6.302280e-01 5.880000e-04 3.691840e-01
391 6.300880e-01 6.160000e-04 3.692960e-01
392 6.299720e-01 6.200000e-04 3.694080e-01
393 6.298480e-01 6.360000e-04 3.695160e-01
394 6.297440e-01 6.600000e-04 3.695960e-01
395 6.296080e-01 7.040000e-04 3.696880e-01
396 6.294840e-01 6.880000e-04 3.698280e-01
397 6.293400e-01 7.320000e-04 3.699280e-01
398 6.291960e-01 7.640000e-04 3.700400e-01
399 6.290680e-01 7.360000e-04 3.701960e-01
400 6.289080e-01 7.840000e-04 3.703080e-01
401 6.287800e-01 8.200000e-04 3.704000e-01
402 6.286640e-01 7.960000e-04 3.705400e-01
403 6.284760e-01 8.560000e-04 3.706680e-01
404 6.283320e-01 8.280000e-04 3.708400e-01
405 6.281760e-01 8.640000e-04 3.709600e-01
406 6.280440e-01 8.640000e-04 3.710920e-01
407 6.278960e-01 8.560000e-04 3.712480e-01
408 6.277760e-01 8.160000e-04 3.714080e-01
409 6.276440e-01 8.120000e-04 3.715440e-01
410 6.275160e-01 8.000000e-04 3.716840e-01
411 6.273400e-01 8.400000e-04 3.718200e-01
412 6.271120e-01 9.360000e-04 3.719520e-01
413 6.269160e-01 9.840000e-04 3.721000e-01
414 6.267480e-01 9.960000e-04 3.722560e-01
415 6.265520e-01 1.012000e-03 3.724360e-01
416 6.263720e-01 1.012000e-03 3.726160e-01
417 6.262160e-01 9.880000e-04 3.727960e-01
418 6.259640e-01 1.064000e-03 3.729720e-01
419 6.257440e-01 1.072000e-03 3.731840e-01
420 6.255520e-01 1.048000e-03 3.734000e-01
421 6.254160e-01 1.060000e-03 3.735240e-01
422 6.252520e-01 1.028000e-03 3.737200e-01
423 6.250360e-01 1.052000e-03 3.739120e-01
424 6.248200e-01 1.072000e-03 3.741080e-01
425 6.245200e-01 1.176000e-03 3.743040e-01
426 6.242440e-01 1.264000e-03 3.744920e-01
427 6.239760e-01 1.336000e-03 3.746880e-01
428 6.237360e-01 1.352000e-03 3.749120e-01
429 6.234960e-01 1.356000e-03 3.751480e-01
430 6.233080e-01 1.312000e-03 3.753800e-01
431 6.231480e-01 1.236000e-03 3.756160e-01
432 6.229040e-01 1.244000e-03 3.758520e-01
433 6.226440e-01 1.272000e-03 3.760840e-01
434 6.224440e-01 1.260000e-03 3.762960e-01
435 6.222960e-01 1.200000e-03 3.765040e-01
436 6.221440e-01 1.140000e-03 3.767160e-01
437 6.220000e-01 1.056000e-03 3.769440e-01
438 6.218560e-01 1.004000e-03 3.771400e-01
439 6.217400e-01 9.480000e-04 3.773120e-01
440 6.215600e-01 1.008000e-03 3.774320e-01
441 6.214120e-01 1.004000e-03 3.775840e-01
442 6.212760e-01 9.520000e-04 3.777720e-01
443 6.211280e-01 8.920000e-04 3.779800e-01
444 6.209440e-01 9.280000e-04 3.781280e-01
445 6.207360e-01 9.720000e-04 3.782920e-01
446 6.206080e-01 9.360000e-04 3.784560e-01
447 6.204200e-01 9.200000e-04 3.786600e-01
448 6.202520e-01 9.240000e-04 3.788240e-01
449 6.200960e-01 9.440000e-04 3.789600e-01
450 6.199520e-01 9.160000e-04 3.791320e-01
451 6.197880e-01 8.920000e-04 3.793200e-01
452 6.196040e-01 9.040000e-04 3.794920e-01
453 6.194520e-01 9.040000e-04 3.796440e-01
454 6.192960e-01 9.040000e-04 3.798000e-01
455 6.191360e-01 9.400000e-04 3.799240e-01
456 6.189800e-01 9.160000e-04 3.801040e-01
457 6.188160e-01 9.520000e-04 3.802320e-01
458 6.186920e-01 8.920000e-04 3.804160e-01
459 6.185160e-01 8.960000e-04 3.805880e-01
460 6.183560e-01 9.080000e-04 3.807360e-01
461 6.182440e-01 8.760000e-04 3.808800e-01
462 6.180840e-01 8.840000e-04 3.810320e-01
463 6.179000e-01 9.280000e-04 3.811720e-01
464 6.177080e-01 9.840000e-04 3.813080e-01
465 6.175400e-01 1.000000e-03 3.814600e-01
466 6.173480e-01 9.760000e-04 3.816760e-01
467 6.171520e-01 1.032000e-03 3.818160e-01
468 6.169400e-01 1.084000e-03 3.819760e-01
469 6.167440e-01 1.116000e-03 3.821400e-01
470 6.165560e-01 1.144000e-03 3.823000e-01
471 6.163560e-01 1.156000e-03 3.824880e-01
472 6.161840e-01 1.088000e-03 3.827280e-01
473 6.160400e-01 1.072000e-03 3.828880e-01
474 6.158680e-01 1.072000e-03 3.830600e-01
475 6.156880e-01 1.064000e-03 3.832480e-01
476 6.155000e-01 1.096000e-03 3.834040e-01
477 6.152880e-01 1.112000e-03 3.836000e-01
478 6.150920e-01 1.108000e-03 3.838000e-01
479 6.149240e-01 1.048000e-03 3.840280e-01
480 6.147800e-01 1.004000e-03 3.842160e-01
481 6.145680e-01 1.036000e-03 3.843960e-01
482 6.143480e-01 1.096000e-03 3.845560e-01
483 6.141720e-01 1.084000e-03 3.847440e-01
484 6.139440e-01 1.076000e-03 3.849800e-01
485 6.137480e-01 1.080000e-03 3.851720e-01
486 6.135840e-01 1.060000e-03 3.853560e-01
487 6.133960e-01 1.124000e-03 3.854800e-01
488 6.132200e-01 1.100000e-03 3.856800e-01
489 6.130560e-01 1.068000e-03 3.858760e-01
490 6.129080e-01 1.100000e-03 3.859920e-01
491 6.127480e-01 1.108000e-03 3.861440e-01
492 6.126160e-01 1.052000e-03 3.863320e-01
493 6.125120e-01 1.008000e-03 3.864800e-01
494 6.123400e-01 9.960000e-04 3.866640e-01
495 6.121600e-01 9.800000e-04 3.868600e-01
496 6.119920e-01 9.320000e-04 3.870760e-01
497 6.118520e-01 9.160000e-04 3.872320e-01
498 6.117480e-01 9.120000e-04 3.873400e-01
499 6.116240e-01 8.760000e-04 3.875000e-01
500 6.114600e-01 8.920000e-04 3.876480e-01
