1 9.991920e-01 6.920000e-04 1.160000e-04
2 9.985800e-01 1.188000e-03 2.320000e-04
3 9.978760e-01 1.692000e-03 4.320000e-04
4 9.969760e-01 2.236000e-03 7.880000e-04
5 9.961400e-01 2.652000e-03 1.208000e-03
6 9.952160e-01 3.120000e-03 1.664000e-03
7 9.942000e-01 3.448000e-03 2.352000e-03
8 9.930760e-01 3.988000e-03 2.936000e-03
9 9.918400e-01 4.500000e-03 3.660000e-03
10 9.906240e-01 4.968000e-03 4.408000e-03
11 9.894240e-01 5.316000e-03 5.260000e-03
12 9.881080e-01 5.640000e-03 6.252000e-03
13 9.868800e-01 5.908000e-03 7.212000e-03
14 9.855640e-01 6.148000e-03 8.288000e-03
15 9.842520e-01 6.328000e-03 9.420000e-03
16 9.828960e-01 6.464000e-03 1.064000e-02
17 9.814880e-01 6.716000e-03 1.179600e-02
18 9.800320e-01 6.928000e-03 1.304000e-02
19 9.786360e-01 7.068000e-03 1.429600e-02
20 9.771680e-01 7.228000e-03 1.560400e-02
21 9.757240e-01 7.296000e-03 1.698000e-02
22 9.744160e-01 7.344000e-03 1.824000e-02
23 9.729080e-01 7.580000e-03 1.951200e-02
24 9.715360e-01 7.548000e-03 2.091600e-02
25 9.700360e-01 7.672000e-03 2.229200e-02
26 9.685040e-01 7.840000e-03 2.365600e-02
27 9.669760e-01 7.840000e-03 2.518400e-02
28 9.653200e-01 8.140000e-03 2.654000e-02
29 9.638320e-01 8.288000e-03 2.788000e-02
30 9.622920e-01 8.372000e-03 2.933600e-02
31 9.608240e-01 8.324000e-03 3.085200e-02
32 9.592400e-01 8.452000e-03 3.230800e-02
33 9.576560e-01 8.528000e-03 3.381600e-02
34 9.561440e-01 8.484000e-03 3.537200e-02
35 9.547080e-01 8.376000e-03 3.691600e-02
36 9.531880e-01 8.300000e-03 3.851200e-02
37 9.517040e-01 8.396000e-03 3.990000e-02
38 9.501320e-01 8.528000e-03 4.134000e-02
39 9.486320e-01 8.496000e-03 4.287200e-02
40 9.470680e-01 8.452000e-03 4.448000e-02
41 9.455920e-01 8.440000e-03 4.596800e-02
42 9.440960e-01 8.432000e-03 4.747200e-02
43 9.426400e-01 8.516000e-03 4.884400e-02
44 9.412280e-01 8.500000e-03 5.027200e-02
45 9.397440e-01 8.532000e-03 5.172400e-02
46 9.381040e-01 8.608000e-03 5.328800e-02
47 9.366560e-01 8.328000e-03 5.501600e-02
48 9.349960e-01 8.456000e-03 5.654800e-02
49 9.334120e-01 8.400000e-03 5.818800e-02
50 9.317280e-01 8.572000e-03 5.970000e-02
51 9.300400e-01 8.688000e-03 6.127200e-02
52 9.280720e-01 9.252000e-03 6.267600e-02
53 9.265160e-01 9.092000e-03 6.439200e-02
54 9.247680e-01 9.184000e-03 6.604800e-02
55 9.229480e-01 9.392000e-03 6.766000e-02
56 9.211840e-01 9.472000e-03 6.934400e-02
57 9.193320e-01 9.728000e-03 7.094000e-02
58 9.175320e-01 9.824000e-03 7.264400e-02
59 9.157360e-01 9.844000e-03 7.442000e-02
60 9.137920e-01 1.008400e-02 7.612400e-02
61 9.121320e-01 9.980000e-03 7.788800e-02
62 9.103960e-01 9.988000e-03 7.961600e-02
63 9.085640e-01 1.012800e-02 8.130800e-02
64 9.068640e-01 9.964000e-03 8.317200e-02
65 9.050200e-01 1.006800e-02 8.491200e-02
66 9.030280e-01 1.017200e-02 8.680000e-02
67 9.011560e-01 1.033600e-02 8.850800e-02
68 8.992400e-01 1.040800e-02 9.035200e-02
69 8.972560e-01 1.065200e-02 9.209200e-02
70 8.955040e-01 1.051600e-02 9.398000e-02
71 8.935840e-01 1.056400e-02 9.585200e-02
72 8.917920e-01 1.044400e-02 9.776400e-02
73 8.899520e-01 1.041200e-02 9.963600e-02
74 8.880760e-01 1.054400e-02 1.013800e-01
75 8.862240e-01 1.047200e-02 1.033040e-01
76 8.844160e-01 1.046000e-02 1.051240e-01
77 8.826880e-01 1.041200e-02 1.069000e-01
78 8.808640e-01 1.040400e-02 1.087320e-01
79 8.787760e-01 1.060800e-02 1.106160e-01
80 8.768600e-01 1.082000e-02 1.123200e-01
81 8.746200e-01 1.124000e-02 1.141400e-01
82 8.726600e-01 1.108000e-02 1.162600e-01
83 8.707680e-01 1.102800e-02 1.182040e-01
84 8.688560e-01 1.108800e-02 1.200560e-01
85 8.667080e-01 1.120400e-02 1.220880e-01
86 8.647280e-01 1.122000e-02 1.240520e-01
87 8.627440e-01 1.125200e-02 1.260040e-01
88 8.607280e-01 1.143200e-02 1.278400e-01
89 8.588000e-01 1.134000e-02 1.298600e-01
90 8.568200e-01 1.135600e-02 1.318240e-01
91 8.546200e-01 1.171600e-02 1.336640e-01
92 8.527920e-01 1.154800e-02 1.356600e-01
93 8.509680e-01 1.136800e-02 1.376640e-01
94 8.489160e-01 1.134000e-02 1.397440e-01
95 8.470560e-01 1.128400e-02 1.416600e-01
96 8.451840e-01 1.119600e-02 1.436200e-01
97 8.432280e-01 1.113200e-02 1.456400e-01
98 8.413200e-01 1.112400e-02 1.475560e-01
99 8.394160e-01 1.128800e-02 1.492960e-01
100 8.374360e-01 1.123600e-02 1.513280e-01
101 8.354800e-01 1.127200e-02 1.532480e-01
102 8.335560e-01 1.131600e-02 1.551280e-01
103 8.316320e-01 1.134400e-02 1.570240e-01
104 8.295960e-01 1.128000e-02 1.591240e-01
105 8.274920e-01 1.131200e-02 1.611960e-01
106 8.254680e-01 1.138800e-02 1.631440e-01
107 8.233920e-01 1.149600e-02 1.651120e-01
108 8.213960e-01 1.143600e-02 1.671680e-01
109 8.194080e-01 1.136000e-02 1.692320e-01
110 8.174400e-01 1.126800e-02 1.712920e-01
111 8.156640e-01 1.123600e-02 1.731000e-01
112 8.140320e-01 1.096400e-02 1.750040e-01
113 8.122400e-01 1.072400e-02 1.770360e-01
114 8.105200e-01 1.048400e-02 1.789960e-01
115 8.088160e-01 1.027600e-02 1.809080e-01
116 8.070560e-01 1.034400e-02 1.826000e-01
117 8.054400e-01 1.027200e-02 1.842880e-01
118 8.037080e-01 1.024000e-02 1.860520e-01
119 8.018280e-01 1.046400e-02 1.877080e-01
120 8.001680e-01 1.020400e-02 1.896280e-01
121 7.985360e-01 1.000000e-02 1.914640e-01
122 7.967680e-01 9.920000e-03 1.933120e-01
123 7.950320e-01 9.940000e-03 1.950280e-01
124 7.934000e-01 9.944000e-03 1.966560e-01
125 7.916640e-01 1.002800e-02 1.983080e-01
126 7.900120e-01 9.916000e-03 2.000720e-01
127 7.882960e-01 9.992000e-03 2.017120e-01
128 7.864840e-01 9.980000e-03 2.035360e-01
129 7.846240e-01 1.008400e-02 2.052920e-01
130 7.828560e-01 1.000800e-02 2.071360e-01
131 7.811320e-01 9.992000e-03 2.088760e-01
132 7.793440e-01 1.003600e-02 2.106200e-01
133 7.777000e-01 9.972000e-03 2.123280e-01
134 7.760680e-01 9.828000e-03 2.141040e-01
135 7.743640e-01 9.948000e-03 2.156880e-01
136 7.727440e-01 9.792000e-03 2.174640e-01
137 7.710320e-01 9.916000e-03 2.190520e-01
138 7.693080e-01 9.756000e-03 2.209360e-01
139 7.676200e-01 9.716000e-03 2.226640e-01
140 7.660440e-01 9.612000e-03 2.243440e-01
141 7.645520e-01 9.488000e-03 2.259600e-01
142 7.630440e-01 9.324000e-03 2.276320e-01
143 7.614520e-01 9.232000e-03 2.293160e-01
144 7.598440e-01 9.296000e-03 2.308600e-01
145 7.582680e-01 9.232000e-03 2.325000e-01
146 7.566800e-01 9.268000e-03 2.340520e-01
147 7.551400e-01 9.128000e-03 2.357320e-01
148 7.536960e-01 9.124000e-03 2.371800e-01
149 7.522640e-01 9.044000e-03 2.386920e-01
150 7.507920e-01 8.980000e-03 2.402280e-01
151 7.492600e-01 8.704000e-03 2.420360e-01
152 7.477760e-01 8.724000e-03 2.435000e-01
153 7.462960e-01 8.776000e-03 2.449280e-01
154 7.448000e-01 8.628000e-03 2.465720e-01
155 7.433320e-01 8.532000e-03 2.481360e-01
156 7.418800e-01 8.512000e-03 2.496080e-01
157 7.404360e-01 8.552000e-03 2.510120e-01
158 7.390280e-01 8.504000e-03 2.524680e-01
159 7.376280e-01 8.436000e-03 2.539360e-01
160 7.361240e-01 8.468000e-03 2.554080e-01
161 7.347040e-01 8.408000e-03 2.568880e-01
162 7.332520e-01 8.396000e-03 2.583520e-01
163 7.319160e-01 8.212000e-03 2.598720e-01
164 7.305600e-01 8.184000e-03 2.612560e-01
165 7.291320e-01 8.220000e-03 2.626480e-01
166 7.277240e-01 8.260000e-03 2.640160e-01
167 7.264080e-01 8.116000e-03 2.654760e-01
168 7.250480e-01 8.064000e-03 2.668880e-01
169 7.238720e-01 7.876000e-03 2.682520e-01
170 7.225440e-01 7.800000e-03 2.696560e-01
171 7.213200e-01 7.740000e-03 2.709400e-01
172 7.200560e-01 7.648000e-03 2.722960e-01
173 7.187200e-01 7.556000e-03 2.737240e-01
174 7.174000e-01 7.528000e-03 2.750720e-01
175 7.161160e-01 7.560000e-03 2.763240e-01
176 7.148120e-01 7.572000e-03 2.776160e-01
177 7.134680e-01 7.632000e-03 2.789000e-01
178 7.121600e-01 7.668000e-03 2.801720e-01
179 7.111120e-01 7.396000e-03 2.814920e-01
180 7.099520e-01 7.276000e-03 2.827720e-01
181 7.088320e-01 7.144000e-03 2.840240e-01
182 7.077760e-01 6.948000e-03 2.852760e-01
183 7.067960e-01 6.756000e-03 2.864480e-01
184 7.056040e-01 6.836000e-03 2.875600e-01
185 7.044600e-01 6.808000e-03 2.887320e-01
186 7.032760e-01 6.772000e-03 2.899520e-01
187 7.020200e-01 6.804000e-03 2.911760e-01
188 7.008280e-01 6.832000e-03 2.923400e-01
189 6.998040e-01 6.808000e-03 2.933880e-01
190 6.986800e-01 6.684000e-03 2.946360e-01
191 6.974960e-01 6.636000e-03 2.958680e-01
192 6.963880e-01 6.624000e-03 2.969880e-01
193 6.952920e-01 6.592000e-03 2.981160e-01
194 6.942320e-01 6.496000e-03 2.992720e-01
195 6.932120e-01 6.360000e-03 3.004280e-01
196 6.920920e-01 6.284000e-03 3.016240e-01
197 6.911360e-01 5.940000e-03 3.029240e-01
198 6.903120e-01 5.732000e-03 3.039560e-01
199 6.895440e-01 5.544000e-03 3.049120e-01
200 6.888240e-01 5.296000e-03 3.058800e-01
201 6.880240e-01 5.272000e-03 3.067040e-01
202 6.872920e-01 5.156000e-03 3.075520e-01
203 6.863520e-01 5.136000e-03 3.085120e-01
204 6.855800e-01 4.980000e-03 3.094400e-01
205 6.849400e-01 4.724000e-03 3.103360e-01
206 6.842160e-01 4.628000e-03 3.111560e-01
207 6.834400e-01 4.588000e-03 3.119720e-01
208 6.826920e-01 4.544000e-03 3.127640e-01
209 6.818280e-01 4.684000e-03 3.134880e-01
210 6.810480e-01 4.656000e-03 3.142960e-01
211 6.803920e-01 4.496000e-03 3.151120e-01
212 6.794680e-01 4.696000e-03 3.158360e-01
213 6.787280e-01 4.696000e-03 3.165760e-01
214 6.779160e-01 4.564000e-03 3.175200e-01
215 6.771680e-01 4.488000e-03 3.183440e-01
216 6.764320e-01 4.352000e-03 3.192160e-01
217 6.756600e-01 4.288000e-03 3.200520e-01
218 6.749720e-01 4.224000e-03 3.208040e-01
219 6.743440e-01 4.132000e-03 3.215240e-01
220 6.737080e-01 4.036000e-03 3.222560e-01
221 6.730960e-01 3.888000e-03 3.230160e-01
222 6.724240e-01 3.864000e-03 3.237120e-01
223 6.718440e-01 3.768000e-03 3.243880e-01
224 6.712680e-01 3.672000e-03 3.250600e-01
225 6.706920e-01 3.656000e-03 3.256520e-01
226 6.700720e-01 3.540000e-03 3.263880e-01
227 6.694640e-01 3.508000e-03 3.270280e-01
228 6.687640e-01 3.616000e-03 3.276200e-01
229 6.681400e-01 3.632000e-03 3.282280e-01
230 6.675200e-01 3.512000e-03 3.289680e-01
231 6.668760e-01 3.512000e-03 3.296120e-01
232 6.662440e-01 3.504000e-03 3.302520e-01
233 6.656560e-01 3.488000e-03 3.308560e-01
234 6.650600e-01 3.496000e-03 3.314440e-01
235 6.645000e-01 3.460000e-03 3.320400e-01
236 6.638840e-01 3.408000e-03 3.327080e-01
237 6.632120e-01 3.432000e-03 3.333560e-01
238 6.626560e-01 3.344000e-03 3.340000e-01
239 6.621240e-01 3.340000e-03 3.345360e-01
240 6.615200e-01 3.324000e-03 3.351560e-01
241 6.609480e-01 3.236000e-03 3.358160e-01
242 6.603560e-01 3.180000e-03 3.364640e-01
243 6.597760e-01 3.256000e-03 3.369680e-01
244 6.592960e-01 3.212000e-03 3.374920e-01
245 6.586880e-01 3.244000e-03 3.380680e-01
246 6.580200e-01 3.336000e-03 3.386440e-01
247 6.574720e-01 3.352000e-03 3.391760e-01
248 6.568280e-01 3.392000e-03 3.397800e-01
249 6.561840e-01 3.468000e-03 3.403480e-01
250 6.554760e-01 3.620000e-03 3.409040e-01
251 6.548000e-01 3.668000e-03 3.415320e-01
252 6.540720e-01 3.828000e-03 3.421000e-01
253 6.533640e-01 3.924000e-03 3.427120e-01
254 6.526520e-01 3.964000e-03 3.433840e-01
255 6.519120e-01 3.996000e-03 3.440920e-01
256 6.512280e-01 3.944000e-03 3.448280e-01
257 6.506120e-01 3.872000e-03 3.455160e-01
258 6.500000e-01 3.900000e-03 3.461000e-01
259 6.492840e-01 3.996000e-03 3.467200e-01
260 6.485520e-01 3.968000e-03 3.474800e-01
261 6.480080e-01 3.804000e-03 3.481880e-01
262 6.474200e-01 3.732000e-03 3.488480e-01
263 6.466760e-01 3.856000e-03 3.494680e-01
264 6.459560e-01 3.904000e-03 3.501400e-01
265 6.452840e-01 3.916000e-03 3.508000e-01
266 6.447240e-01 3.832000e-03 3.514440e-01
267 6.440320e-01 3.832000e-03 3.521360e-01
268 6.433880e-01 3.828000e-03 3.527840e-01
269 6.427480e-01 3.792000e-03 3.534600e-01
270 6.421920e-01 3.680000e-03 3.541280e-01
271 6.417120e-01 3.496000e-03 3.547920e-01
272 6.411600e-01 3.380000e-03 3.554600e-01
273 6.406640e-01 3.372000e-03 3.559640e-01
274 6.400920e-01 3.372000e-03 3.565360e-01
275 6.394520e-01 3.380000e-03 3.571680e-01
276 6.388880e-01 3.352000e-03 3.577600e-01
277 6.383520e-01 3.336000e-03 3.583120e-01
278 6.378360e-01 3.216000e-03 3.589480e-01
279 6.372520e-01 3.212000e-03 3.595360e-01
280 6.366400e-01 3.292000e-03 3.600680e-01
281 6.360560e-01 3.304000e-03 3.606400e-01
282 6.355360e-01 3.288000e-03 3.611760e-01
283 6.349800e-01 3.252000e-03 3.617680e-01
284 6.344400e-01 3.240000e-03 3.623200e-01
285 6.339600e-01 3.132000e-03 3.629080e-01
286 6.334680e-01 3.060000e-03 3.634720e-01
287 6.329920e-01 3.032000e-03 3.639760e-01
288 6.325480e-01 2.888000e-03 3.645640e-01
289 6.321440e-01 2.864000e-03 3.649920e-01
290 6.316640e-01 2.808000e-03 3.655280e-01
291 6.313120e-01 2.648000e-03 3.660400e-01
292 6.309320e-01 2.580000e-03 3.664880e-01
293 6.305240e-01 2.456000e-03 3.670200e-01
294 6.301040e-01 2.420000e-03 3.674760e-01
295 6.295920e-01 2.508000e-03 3.679000e-01
296 6.291720e-01 2.548000e-03 3.682800e-01
297 6.287320e-01 2.588000e-03 3.686800e-01
298 6.283840e-01 2.468000e-03 3.691480e-01
299 6.279600e-01 2.472000e-03 3.695680e-01
300 6.274840e-01 2.524000e-03 3.699920e-01
301 6.270600e-01 2.492000e-03 3.704480e-01
302 6.266600e-01 2.452000e-03 3.708880e-01
303 6.263040e-01 2.276000e-03 3.714200e-01
304 6.259920e-01 2.212000e-03 3.717960e-01
305 6.255520e-01 2.236000e-03 3.722120e-01
306 6.252600e-01 2.144000e-03 3.725960e-01
307 6.249200e-01 2.120000e-03 3.729600e-01
308 6.246320e-01 2.084000e-03 3.732840e-01
309 6.243080e-01 2.044000e-03 3.736480e-01
310 6.238760e-01 2.080000e-03 3.740440e-01
311 6.235480e-01 2.012000e-03 3.744400e-01
312 6.231920e-01 2.000000e-03 3.748080e-01
313 6.228200e-01 2.008000e-03 3.751720e-01
314 6.224640e-01 1.988000e-03 3.755480e-01
315 6.221240e-01 1.988000e-03 3.758880e-01
316 6.217240e-01 2.008000e-03 3.762680e-01
317 6.213680e-01 2.052000e-03 3.765800e-01
318 6.210480e-01 2.004000e-03 3.769480e-01
319 6.207760e-01 1.944000e-03 3.772800e-01
320 6.203360e-01 2.020000e-03 3.776440e-01
321 6.199080e-01 2.104000e-03 3.779880e-01
322 6.195240e-01 2.120000e-03 3.783560e-01
323 6.191200e-01 2.120000e-03 3.787600e-01
324 6.188200e-01 2.028000e-03 3.791520e-01
325 6.184960e-01 2.024000e-03 3.794800e-01
326 6.182200e-01 1.860000e-03 3.799200e-01
327 6.179080e-01 1.856000e-03 3.802360e-01
328 6.175720e-01 1.832000e-03 3.805960e-01
329 6.172640e-01 1.824000e-03 3.809120e-01
330 6.169360e-01 1.824000e-03 3.812400e-01
331 6.165920e-01 1.888000e-03 3.815200e-01
332 6.162280e-01 1.968000e-03 3.818040e-01
333 6.158600e-01 1.956000e-03 3.821840e-01
334 6.154640e-01 2.044000e-03 3.824920e-01
335 6.151080e-01 2.116000e-03 3.827760e-01
336 6.146440e-01 2.144000e-03 3.832120e-01
337 6.142800e-01 2.104000e-03 3.836160e-01
338 6.138600e-01 2.224000e-03 3.839160e-01
339 6.133840e-01 2.344000e-03 3.842720e-01
340 6.129960e-01 2.264000e-03 3.847400e-01
341 6.126760e-01 2.220000e-03 3.851040e-01
342 6.124000e-01 2.136000e-03 3.854640e-01
343 6.121360e-01 1.976000e-03 3.858880e-01
344 6.118360e-01 1.904000e-03 3.862600e-01
345 6.115360e-01 1.916000e-03 3.865480e-01
346 6.112640e-01 1.836000e-03 3.869000e-01
347 6.110160e-01 1.828000e-03 3.871560e-01
348 6.107280e-01 1.796000e-03 3.874760e-01
349 6.104880e-01 1.780000e-03 3.877320e-01
350 6.101840e-01 1.780000e-03 3.880360e-01
351 6.098880e-01 1.780000e-03 3.883320e-01
352 6.096080e-01 1.748000e-03 3.886440e-01
353 6.093480e-01 1.684000e-03 3.889680e-01
354 6.090440e-01 1.720000e-03 3.892360e-01
355 6.087800e-01 1.708000e-03 3.895120e-01
356 6.084160e-01 1.808000e-03 3.897760e-01
357 6.081160e-01 1.788000e-03 3.900960e-01
358 6.077840e-01 1.852000e-03 3.903640e-01
359 6.074680e-01 1.844000e-03 3.906880e-01
360 6.072320e-01 1.820000e-03 3.909480e-01
361 6.069640e-01 1.828000e-03 3.912080e-01
362 6.066480e-01 1.848000e-03 3.915040e-01
363 6.063640e-01 1.844000e-03 3.917920e-01
364 6.060920e-01 1.800000e-03 3.921080e-01
365 6.058240e-01 1.760000e-03 3.924160e-01
366 6.055160e-01 1.724000e-03 3.927600e-01
367 6.052680e-01 1.640000e-03 3.930920e-01
368 6.050000e-01 1.616000e-03 3.933840e-01
369 6.047520e-01 1.600000e-03 3.936480e-01
370 6.044520e-01 1.612000e-03 3.939360e-01
371 6.042320e-01 1.568000e-03 3.942000e-01
372 6.039600e-01 1.552000e-03 3.944880e-01
373 6.036880e-01 1.504000e-03 3.948080e-01
374 6.034600e-01 1.456000e-03 3.950840e-01
375 6.032520e-01 1.384000e-03 3.953640e-01
376 6.029800e-01 1.404000e-03 3.956160e-01
377 6.027680e-01 1.320000e-03 3.959120e-01
378 6.025440e-01 1.336000e-03 3.961200e-01
379 6.023600e-01 1.284000e-03 3.963560e-01
380 6.021840e-01 1.200000e-03 3.966160e-01
381 6.019320e-01 1.240000e-03 3.968280e-01
382 6.017080e-01 1.252000e-03 3.970400e-01
383 6.014840e-01 1.284000e-03 3.972320e-01
384 6.012680e-01 1.272000e-03 3.974600e-01
385 6.010240e-01 1.292000e-03 3.976840e-01
386 6.007560e-01 1.300000e-03 3.979440e-01
387 6.004840e-01 1.360000e-03 3.981560e-01
388 6.002560e-01 1.344000e-03 3.984000e-01
389 6.000000e-01 1.368000e-03 3.986320e-01
390 5.997880e-01 1.364000e-03 3.988480e-01
391 5.994800e-01 1.396000e-03 3.991240e-01
392 5.992520e-01 1.392000e-03 3.993560e-01
393 5.990720e-01 1.380000e-03 3.995480e-01
394 5.988160e-01 1.388000e-03 3.997960e-01
395 5.986440e-01 1.328000e-03 4.000280e-01
396 5.984160e-01 1.360000e-03 4.002240e-01
397 5.982160e-01 1.308000e-03 4.004760e-01
398 5.979760e-01 1.312000e-03 4.007120e-01
399 5.978120e-01 1.180000e-03 4.010080e-01
400 5.976200e-01 1.156000e-03 4.012240e-01
401 5.973880e-01 1.200000e-03 4.014120e-01
402 5.971680e-01 1.168000e-03 4.016640e-01
403 5.969720e-01 1.132000e-03 4.018960e-01
404 5.967040e-01 1.196000e-03 4.021000e-01
405 5.964960e-01 1.204000e-03 4.023000e-01
406 5.962840e-01 1.176000e-03 4.025400e-01
407 5.960760e-01 1.200000e-03 4.027240e-01
408 5.958440e-01 1.148000e-03 4.030080e-01
409 5.956240e-01 1.156000e-03 4.032200e-01
410 5.954120e-01 1.232000e-03 4.033560e-01
411 5.952320e-01 1.180000e-03 4.035880e-01
412 5.950920e-01 1.104000e-03 4.038040e-01
413 5.949240e-01 1.108000e-03 4.039680e-01
414 5.947240e-01 1.080000e-03 4.041960e-01
415 5.945600e-01 9.920000e-04 4.044480e-01
416 5.943400e-01 1.016000e-03 4.046440e-01
417 5.941840e-01 9.680000e-04 4.048480e-01
418 5.940120e-01 9.520000e-04 4.050360e-01
419 5.938480e-01 9.280000e-04 4.052240e-01
420 5.936640e-01 9.520000e-04 4.053840e-01
421 5.935520e-01 8.880000e-04 4.055600e-01
422 5.934200e-01 8.480000e-04 4.057320e-01
423 5.932720e-01 8.400000e-04 4.058880e-01
424 5.931760e-01 7.800000e-04 4.060440e-01
425 5.930520e-01 7.400000e-04 4.062080e-01
426 5.929240e-01 7.520000e-04 4.063240e-01
427 5.927680e-01 7.960000e-04 4.064360e-01
428 5.926640e-01 7.840000e-04 4.065520e-01
429 5.925240e-01 7.920000e-04 4.066840e-01
430 5.924160e-01 7.680000e-04 4.068160e-01
431 5.923000e-01 7.680000e-04 4.069320e-01
432 5.921680e-01 8.000000e-04 4.070320e-01
433 5.920440e-01 7.640000e-04 4.071920e-01
434 5.919040e-01 7.840000e-04 4.073120e-01
435 5.918000e-01 7.360000e-04 4.074640e-01
436 5.916760e-01 7.360000e-04 4.075880e-01
437 5.915200e-01 7.720000e-04 4.077080e-01
438 5.913880e-01 8.000000e-04 4.078120e-01
439 5.912040e-01 8.600000e-04 4.079360e-01
440 5.910560e-01 8.640000e-04 4.080800e-01
441 5.909200e-01 8.320000e-04 4.082480e-01
442 5.907760e-01 8.240000e-04 4.084000e-01
443 5.906720e-01 8.200000e-04 4.085080e-01
444 5.904960e-01 8.400000e-04 4.086640e-01
445 5.903520e-01 8.400000e-04 4.088080e-01
446 5.902200e-01 8.320000e-04 4.089480e-01
447 5.901320e-01 7.440000e-04 4.091240e-01
448 5.900440e-01 7.200000e-04 4.092360e-01
449 5.898960e-01 7.400000e-04 4.093640e-01
450 5.897400e-01 7.440000e-04 4.095160e-01
451 5.895880e-01 7.640000e-04 4.096480e-01
452 5.895080e-01 6.840000e-04 4.098080e-01
453 5.893920e-01 6.760000e-04 4.099320e-01
454 5.892720e-01 6.720000e-04 4.100560e-01
455 5.892000e-01 6.240000e-04 4.101760e-01
456 5.890840e-01 6.320000e-04 4.102840e-01
457 5.889240e-01 6.960000e-04 4.103800e-01
458 5.887680e-01 7.240000e-04 4.105080e-01
459 5.886280e-01 7.720000e-04 4.106000e-01
460 5.884720e-01 7.920000e-04 4.107360e-01
461 5.883000e-01 8.120000e-04 4.108880e-01
462 5.881520e-01 8.160000e-04 4.110320e-01
463 5.879640e-01 8.400000e-04 4.111960e-01
464 5.878640e-01 7.880000e-04 4.113480e-01
465 5.877320e-01 8.200000e-04 4.114480e-01
466 5.875880e-01 8.200000e-04 4.115920e-01
467 5.874600e-01 8.080000e-04 4.117320e-01
468 5.873680e-01 7.480000e-04 4.118840e-01
469 5.873120e-01 7.120000e-04 4.119760e-01
470 5.872360e-01 6.720000e-04 4.120920e-01
471 5.871600e-01 6.240000e-04 4.122160e-01
472 5.870800e-01 5.680000e-04 4.123520e-01
473 5.870360e-01 5.200000e-04 4.124440e-01
474 5.869240e-01 5.480000e-04 4.125280e-01
475 5.868120e-01 5.640000e-04 4.126240e-01
476 5.866480e-01 6.240000e-04 4.127280e-01
477 5.865240e-01 6.680000e-04 4.128080e-01
478 5.864120e-01 6.600000e-04 4.129280e-01
479 5.863120e-01 6.480000e-04 4.130400e-01
480 5.862400e-01 5.920000e-04 4.131680e-01
481 5.861240e-01 6.280000e-04 4.132480e-01
482 5.860240e-01 6.240000e-04 4.133520e-01
483 5.859280e-01 6.160000e-04 4.134560e-01
484 5.858800e-01 5.560000e-04 4.135640e-01
485 5.857800e-01 5.880000e-04 4.136320e-01
486 5.856880e-01 5.760000e-04 4.137360e-01
487 5.855280e-01 6.360000e-04 4.138360e-01
488 5.854440e-01 5.840000e-04 4.139720e-01
489 5.853920e-01 5.080000e-04 4.141000e-01
490 5.853040e-01 5.360000e-04 4.141600e-01
491 5.852600e-01 5.120000e-04 4.142280e-01
492 5.851920e-01 5.200000e-04 4.142880e-01
493 5.851360e-01 4.920000e-04 4.143720e-01
494 5.850680e-01 4.480000e-04 4.144840e-01
495 5.849880e-01 4.720000e-04 4.145400e-01
496 5.849120e-01 4.920000e-04 4.145960e-01
497 5.848520e-01 4.720000e-04 4.146760e-01
498 5.847720e-01 4.840000e-04 4.147440e-01
499 5.847080e-01 4.480000e-04 4.148440e-01
500 5.846440e-01 4.240000e-04 4.149320e-01
