1 9.992800e-01 6.200000e-04 1.000000e-04
2 9.987680e-01 1.020000e-03 2.120000e-04
3 9.981240e-01 1.444000e-03 4.320000e-04
4 9.974800e-01 1.800000e-03 7.200000e-04
5 9.967240e-01 2.172000e-03 1.104000e-03
6 9.959480e-01 2.536000e-03 1.516000e-03
7 9.951520e-01 2.836000e-03 2.012000e-03
8 9.943520e-01 3.012000e-03 2.636000e-03
9 9.934600e-01 3.380000e-03 3.160000e-03
10 9.926720e-01 3.492000e-03 3.836000e-03
11 9.916160e-01 3.836000e-03 4.548000e-03
12 9.906240e-01 4.124000e-03 5.252000e-03
13 9.897160e-01 4.360000e-03 5.924000e-03
14 9.886040e-01 4.708000e-03 6.688000e-03
15 9.876720e-01 4.884000e-03 7.444000e-03
16 9.866440e-01 5.040000e-03 8.316000e-03
17 9.854080e-01 5.396000e-03 9.196000e-03
18 9.842800e-01 5.532000e-03 1.018800e-02
19 9.832320e-01 5.536000e-03 1.123200e-02
20 9.821520e-01 5.764000e-03 1.208400e-02
21 9.809440e-01 5.932000e-03 1.312400e-02
22 9.796600e-01 6.076000e-03 1.426400e-02
23 9.782800e-01 6.444000e-03 1.527600e-02
24 9.769320e-01 6.604000e-03 1.646400e-02
25 9.755640e-01 6.784000e-03 1.765200e-02
26 9.743320e-01 6.788000e-03 1.888000e-02
27 9.730000e-01 6.924000e-03 2.007600e-02
28 9.715680e-01 7.180000e-03 2.125200e-02
29 9.702520e-01 7.260000e-03 2.248800e-02
30 9.688240e-01 7.356000e-03 2.382000e-02
31 9.673840e-01 7.440000e-03 2.517600e-02
32 9.658640e-01 7.588000e-03 2.654800e-02
33 9.644040e-01 7.704000e-03 2.789200e-02
34 9.629000e-01 7.856000e-03 2.924400e-02
35 9.616000e-01 7.832000e-03 3.056800e-02
36 9.603640e-01 7.784000e-03 3.185200e-02
37 9.589840e-01 7.804000e-03 3.321200e-02
38 9.577000e-01 7.716000e-03 3.458400e-02
39 9.562800e-01 7.860000e-03 3.586000e-02
40 9.547680e-01 8.036000e-03 3.719600e-02
41 9.532200e-01 8.212000e-03 3.856800e-02
42 9.517840e-01 8.124000e-03 4.009200e-02
43 9.503800e-01 8.168000e-03 4.145200e-02
44 9.489880e-01 8.108000e-03 4.290400e-02
45 9.475240e-01 8.200000e-03 4.427600e-02
46 9.460120e-01 8.196000e-03 4.579200e-02
47 9.444000e-01 8.372000e-03 4.722800e-02
48 9.429360e-01 8.276000e-03 4.878800e-02
49 9.413800e-01 8.420000e-03 5.020000e-02
50 9.399520e-01 8.328000e-03 5.172000e-02
51 9.383480e-01 8.388000e-03 5.326400e-02
52 9.369400e-01 8.340000e-03 5.472000e-02
53 9.353400e-01 8.416000e-03 5.624400e-02
54 9.335800e-01 8.840000e-03 5.758000e-02
55 9.319480e-01 8.996000e-03 5.905600e-02
56 9.304200e-01 8.892000e-03 6.068800e-02
57 9.287240e-01 9.104000e-03 6.217200e-02
58 9.272600e-01 8.940000e-03 6.380000e-02
59 9.256560e-01 8.976000e-03 6.536800e-02
60 9.240040e-01 9.044000e-03 6.695200e-02
61 9.223240e-01 9.096000e-03 6.858000e-02
62 9.207200e-01 9.100000e-03 7.018000e-02
63 9.191040e-01 9.028000e-03 7.186800e-02
64 9.175600e-01 9.060000e-03 7.338000e-02
65 9.160040e-01 9.092000e-03 7.490400e-02
66 9.143400e-01 9.228000e-03 7.643200e-02
67 9.127440e-01 9.100000e-03 7.815600e-02
68 9.111880e-01 9.100000e-03 7.971200e-02
69 9.096200e-01 9.080000e-03 8.130000e-02
70 9.079680e-01 9.116000e-03 8.291600e-02
71 9.062720e-01 9.260000e-03 8.446800e-02
72 9.046960e-01 9.080000e-03 8.622400e-02
73 9.031280e-01 8.944000e-03 8.792800e-02
74 9.015720e-01 8.900000e-03 8.952800e-02
75 9.000920e-01 8.784000e-03 9.112400e-02
76 8.985200e-01 8.780000e-03 9.270000e-02
77 8.969960e-01 8.816000e-03 9.418800e-02
78 8.953040e-01 8.972000e-03 9.572400e-02
79 8.937360e-01 9.012000e-03 9.725200e-02
80 8.921880e-01 9.024000e-03 9.878800e-02
81 8.907120e-01 8.948000e-03 1.003400e-01
82 8.892120e-01 8.956000e-03 1.018320e-01
83 8.876880e-01 8.888000e-03 1.034240e-01
84 8.859960e-01 8.932000e-03 1.050720e-01
85 8.845320e-01 8.836000e-03 1.066320e-01
86 8.831080e-01 8.564000e-03 1.083280e-01
87 8.815080e-01 8.728000e-03 1.097640e-01
88 8.800120e-01 8.700000e-03 1.112880e-01
89 8.784960e-01 8.724000e-03 1.127800e-01
90 8.769240e-01 8.816000e-03 1.142600e-01
91 8.755120e-01 8.772000e-03 1.157160e-01
92 8.742360e-01 8.552000e-03 1.172120e-01
93 8.728360e-01 8.380000e-03 1.187840e-01
94 8.715280e-01 8.252000e-03 1.202200e-01
95 8.700840e-01 8.380000e-03 1.215360e-01
96 8.687480e-01 8.304000e-03 1.229480e-01
97 8.674000e-01 8.232000e-03 1.243680e-01
98 8.658440e-01 8.240000e-03 1.259160e-01
99 8.643600e-01 8.312000e-03 1.273280e-01
100 8.629120e-01 8.280000e-03 1.288080e-01
101 8.614480e-01 8.312000e-03 1.302400e-01
102 8.600360e-01 8.304000e-03 1.316600e-01
103 8.583440e-01 8.476000e-03 1.331800e-01
104 8.566640e-01 8.632000e-03 1.347040e-01
105 8.549760e-01 8.736000e-03 1.362880e-01
106 8.532560e-01 8.804000e-03 1.379400e-01
107 8.514880e-01 9.036000e-03 1.394760e-01
108 8.498520e-01 9.004000e-03 1.411440e-01
109 8.481400e-01 9.116000e-03 1.427440e-01
110 8.465120e-01 9.128000e-03 1.443600e-01
111 8.448760e-01 9.112000e-03 1.460120e-01
112 8.431320e-01 9.248000e-03 1.476200e-01
113 8.415800e-01 9.268000e-03 1.491520e-01
114 8.400080e-01 9.132000e-03 1.508600e-01
115 8.385160e-01 9.068000e-03 1.524160e-01
116 8.369640e-01 8.860000e-03 1.541760e-01
117 8.354160e-01 8.976000e-03 1.556080e-01
118 8.338840e-01 8.848000e-03 1.572680e-01
119 8.322080e-01 8.892000e-03 1.589000e-01
120 8.307880e-01 8.760000e-03 1.604520e-01
121 8.293320e-01 8.768000e-03 1.619000e-01
122 8.279720e-01 8.684000e-03 1.633440e-01
123 8.267200e-01 8.444000e-03 1.648360e-01
124 8.254080e-01 8.376000e-03 1.662160e-01
125 8.241480e-01 8.168000e-03 1.676840e-01
126 8.228560e-01 8.040000e-03 1.691040e-01
127 8.216680e-01 7.832000e-03 1.705000e-01
128 8.205240e-01 7.672000e-03 1.718040e-01
129 8.192760e-01 7.672000e-03 1.730520e-01
130 8.180160e-01 7.548000e-03 1.744360e-01
131 8.167320e-01 7.604000e-03 1.756640e-01
132 8.154320e-01 7.560000e-03 1.770080e-01
133 8.140760e-01 7.624000e-03 1.783000e-01
134 8.127840e-01 7.564000e-03 1.796520e-01
135 8.114840e-01 7.468000e-03 1.810480e-01
136 8.102400e-01 7.484000e-03 1.822760e-01
137 8.089680e-01 7.420000e-03 1.836120e-01
138 8.076120e-01 7.444000e-03 1.849440e-01
139 8.062160e-01 7.392000e-03 1.863920e-01
140 8.048960e-01 7.404000e-03 1.877000e-01
141 8.036880e-01 7.372000e-03 1.889400e-01
142 8.024280e-01 7.320000e-03 1.902520e-01
143 8.011640e-01 7.340000e-03 1.914960e-01
144 7.997960e-01 7.424000e-03 1.927800e-01
145 7.985240e-01 7.408000e-03 1.940680e-01
146 7.973560e-01 7.364000e-03 1.952800e-01
147 7.960200e-01 7.444000e-03 1.965360e-01
148 7.947120e-01 7.460000e-03 1.978280e-01
149 7.935600e-01 7.340000e-03 1.991000e-01
150 7.922920e-01 7.268000e-03 2.004400e-01
151 7.909240e-01 7.460000e-03 2.016160e-01
152 7.894800e-01 7.640000e-03 2.028800e-01
153 7.879200e-01 7.924000e-03 2.041560e-01
154 7.864880e-01 7.988000e-03 2.055240e-01
155 7.849520e-01 8.032000e-03 2.070160e-01
156 7.835960e-01 7.960000e-03 2.084440e-01
157 7.822120e-01 7.924000e-03 2.098640e-01
158 7.808960e-01 7.820000e-03 2.112840e-01
159 7.796440e-01 7.808000e-03 2.125480e-01
160 7.783920e-01 7.604000e-03 2.140040e-01
161 7.770120e-01 7.668000e-03 2.153200e-01
162 7.757080e-01 7.684000e-03 2.166080e-01
163 7.743400e-01 7.668000e-03 2.179920e-01
164 7.731360e-01 7.436000e-03 2.194280e-01
165 7.718280e-01 7.444000e-03 2.207280e-01
166 7.706040e-01 7.368000e-03 2.220280e-01
167 7.694120e-01 7.236000e-03 2.233520e-01
168 7.682800e-01 7.096000e-03 2.246240e-01
169 7.670800e-01 6.988000e-03 2.259320e-01
170 7.659200e-01 6.868000e-03 2.272120e-01
171 7.647640e-01 6.748000e-03 2.284880e-01
172 7.635720e-01 6.772000e-03 2.296560e-01
173 7.624920e-01 6.660000e-03 2.308480e-01
174 7.612600e-01 6.704000e-03 2.320360e-01
175 7.601560e-01 6.596000e-03 2.332480e-01
176 7.589640e-01 6.680000e-03 2.343560e-01
177 7.577520e-01 6.848000e-03 2.354000e-01
178 7.566240e-01 6.888000e-03 2.364880e-01
179 7.555440e-01 6.776000e-03 2.376800e-01
180 7.544160e-01 6.668000e-03 2.389160e-01
181 7.532200e-01 6.740000e-03 2.400400e-01
182 7.521520e-01 6.600000e-03 2.412480e-01
183 7.509640e-01 6.612000e-03 2.424240e-01
184 7.500080e-01 6.524000e-03 2.434680e-01
185 7.490000e-01 6.360000e-03 2.446400e-01
186 7.481120e-01 6.172000e-03 2.457160e-01
187 7.471080e-01 6.084000e-03 2.468080e-01
188 7.461040e-01 6.028000e-03 2.478680e-01
189 7.451720e-01 5.888000e-03 2.489400e-01
190 7.443120e-01 5.776000e-03 2.499120e-01
191 7.435240e-01 5.580000e-03 2.508960e-01
192 7.425400e-01 5.592000e-03 2.518680e-01
193 7.416040e-01 5.608000e-03 2.527880e-01
194 7.407480e-01 5.428000e-03 2.538240e-01
195 7.398120e-01 5.440000e-03 2.547480e-01
196 7.388240e-01 5.452000e-03 2.557240e-01
197 7.379840e-01 5.296000e-03 2.567200e-01
198 7.371880e-01 5.240000e-03 2.575720e-01
199 7.362960e-01 5.172000e-03 2.585320e-01
200 7.354120e-01 5.152000e-03 2.594360e-01
201 7.344320e-01 5.296000e-03 2.602720e-01
202 7.334200e-01 5.408000e-03 2.611720e-01
203 7.324320e-01 5.432000e-03 2.621360e-01
204 7.314360e-01 5.440000e-03 2.631240e-01
205 7.304600e-01 5.492000e-03 2.640480e-01
206 7.295720e-01 5.420000e-03 2.650080e-01
207 7.286680e-01 5.356000e-03 2.659760e-01
208 7.277400e-01 5.340000e-03 2.669200e-01
209 7.268640e-01 5.252000e-03 2.678840e-01
210 7.260120e-01 5.212000e-03 2.687760e-01
211 7.251200e-01 5.176000e-03 2.697040e-01
212 7.242160e-01 5.140000e-03 2.706440e-01
213 7.233600e-01 5.100000e-03 2.715400e-01
214 7.225120e-01 5.112000e-03 2.723760e-01
215 7.217160e-01 4.996000e-03 2.732880e-01
216 7.208920e-01 4.992000e-03 2.741160e-01
217 7.199840e-01 5.040000e-03 2.749760e-01
218 7.191880e-01 4.856000e-03 2.759560e-01
219 7.184320e-01 4.780000e-03 2.767880e-01
220 7.176360e-01 4.816000e-03 2.775480e-01
221 7.167360e-01 4.888000e-03 2.783760e-01
222 7.159040e-01 4.884000e-03 2.792120e-01
223 7.150760e-01 4.788000e-03 2.801360e-01
224 7.141920e-01 4.832000e-03 2.809760e-01
225 7.134600e-01 4.728000e-03 2.818120e-01
226 7.126080e-01 4.724000e-03 2.826680e-01
227 7.116920e-01 4.776000e-03 2.835320e-01
228 7.110000e-01 4.584000e-03 2.844160e-01
229 7.101400e-01 4.756000e-03 2.851040e-01
230 7.093960e-01 4.708000e-03 2.858960e-01
231 7.086520e-01 4.520000e-03 2.868280e-01
232 7.079320e-01 4.500000e-03 2.875680e-01
233 7.072080e-01 4.464000e-03 2.883280e-01
234 7.063440e-01 4.456000e-03 2.892000e-01
235 7.056240e-01 4.408000e-03 2.899680e-01
236 7.048600e-01 4.428000e-03 2.907120e-01
237 7.041200e-01 4.376000e-03 2.915040e-01
238 7.033920e-01 4.304000e-03 2.923040e-01
239 7.026320e-01 4.440000e-03 2.929280e-01
240 7.019360e-01 4.344000e-03 2.937200e-01
241 7.012040e-01 4.312000e-03 2.944840e-01
242 7.005080e-01 4.348000e-03 2.951440e-01
243 6.996440e-01 4.460000e-03 2.958960e-01
244 6.988680e-01 4.456000e-03 2.966760e-01
245 6.980840e-01 4.480000e-03 2.974360e-01
246 6.972400e-01 4.504000e-03 2.982560e-01
247 6.964680e-01 4.456000e-03 2.990760e-01
248 6.957520e-01 4.364000e-03 2.998840e-01
249 6.950880e-01 4.248000e-03 3.006640e-01
250 6.943880e-01 4.236000e-03 3.013760e-01
251 6.937720e-01 4.152000e-03 3.020760e-01
252 6.930800e-01 4.128000e-03 3.027920e-01
253 6.923160e-01 4.192000e-03 3.034920e-01
254 6.916320e-01 4.112000e-03 3.042560e-01
255 6.909840e-01 4.052000e-03 3.049640e-01
256 6.903040e-01 4.028000e-03 3.056680e-01
257 6.895600e-01 4.056000e-03 3.063840e-01
258 6.889160e-01 3.928000e-03 3.071560e-01
259 6.882680e-01 3.884000e-03 3.078480e-01
260 6.875200e-01 3.896000e-03 3.085840e-01
261 6.867720e-01 4.016000e-03 3.092120e-01
262 6.861680e-01 3.908000e-03 3.099240e-01
263 6.855920e-01 3.844000e-03 3.105640e-01
264 6.848840e-01 3.888000e-03 3.112280e-01
265 6.841920e-01 3.936000e-03 3.118720e-01
266 6.835440e-01 3.900000e-03 3.125560e-01
267 6.828800e-01 3.852000e-03 3.132680e-01
268 6.821400e-01 3.924000e-03 3.139360e-01
269 6.815600e-01 3.836000e-03 3.146040e-01
270 6.809160e-01 3.832000e-03 3.152520e-01
271 6.801840e-01 3.788000e-03 3.160280e-01
272 6.795640e-01 3.644000e-03 3.167920e-01
273 6.789320e-01 3.592000e-03 3.174760e-01
274 6.783160e-01 3.528000e-03 3.181560e-01
275 6.777440e-01 3.484000e-03 3.187720e-01
276 6.772120e-01 3.348000e-03 3.194400e-01
277 6.767360e-01 3.188000e-03 3.200760e-01
278 6.762400e-01 3.116000e-03 3.206440e-01
279 6.758440e-01 2.996000e-03 3.211600e-01
280 6.753600e-01 2.932000e-03 3.217080e-01
281 6.748480e-01 2.876000e-03 3.222760e-01
282 6.743560e-01 2.852000e-03 3.227920e-01
283 6.738560e-01 2.884000e-03 3.232600e-01
284 6.733480e-01 2.840000e-03 3.238120e-01
285 6.728840e-01 2.812000e-03 3.243040e-01
286 6.723400e-01 2.860000e-03 3.248000e-01
287 6.718680e-01 2.840000e-03 3.252920e-01
288 6.714480e-01 2.804000e-03 3.257480e-01
289 6.708600e-01 2.936000e-03 3.262040e-01
290 6.704600e-01 2.824000e-03 3.267160e-01
291 6.700320e-01 2.740000e-03 3.272280e-01
292 6.695840e-01 2.732000e-03 3.276840e-01
293 6.692200e-01 2.612000e-03 3.281680e-01
294 6.688640e-01 2.624000e-03 3.285120e-01
295 6.684560e-01 2.568000e-03 3.289760e-01
296 6.679880e-01 2.588000e-03 3.294240e-01
297 6.675640e-01 2.608000e-03 3.298280e-01
298 6.671320e-01 2.588000e-03 3.302800e-01
299 6.667560e-01 2.508000e-03 3.307360e-01
300 6.663280e-01 2.516000e-03 3.311560e-01
301 6.658360e-01 2.556000e-03 3.316080e-01
302 6.653560e-01 2.532000e-03 3.321120e-01
303 6.649040e-01 2.588000e-03 3.325080e-01
304 6.643400e-01 2.656000e-03 3.330040e-01
305 6.638480e-01 2.692000e-03 3.334600e-01
306 6.632720e-01 2.816000e-03 3.339120e-01
307 6.627040e-01 2.916000e-03 3.343800e-01
308 6.621520e-01 2.908000e-03 3.349400e-01
309 6.616440e-01 2.884000e-03 3.354720e-01
310 6.612000e-01 2.824000e-03 3.359760e-01
311 6.606880e-01 2.832000e-03 3.364800e-01
312 6.602800e-01 2.708000e-03 3.370120e-01
313 6.598320e-01 2.704000e-03 3.374640e-01
314 6.594000e-01 2.728000e-03 3.378720e-01
315 6.589240e-01 2.708000e-03 3.383680e-01
316 6.585560e-01 2.624000e-03 3.388200e-01
317 6.580840e-01 2.700000e-03 3.392160e-01
318 6.576760e-01 2.660000e-03 3.396640e-01
319 6.571760e-01 2.716000e-03 3.401080e-01
320 6.566880e-01 2.740000e-03 3.405720e-01
321 6.562120e-01 2.692000e-03 3.410960e-01
322 6.556080e-01 2.848000e-03 3.415440e-01
323 6.550640e-01 2.956000e-03 3.419800e-01
324 6.545120e-01 2.912000e-03 3.425760e-01
325 6.540400e-01 2.840000e-03 3.431200e-01
326 6.535520e-01 2.844000e-03 3.436040e-01
327 6.530080e-01 2.884000e-03 3.441080e-01
328 6.524560e-01 2.980000e-03 3.445640e-01
329 6.518800e-01 3.016000e-03 3.451040e-01
330 6.513320e-01 3.048000e-03 3.456200e-01
331 6.508120e-01 3.004000e-03 3.461840e-01
332 6.503120e-01 2.992000e-03 3.466960e-01
333 6.497400e-01 3.032000e-03 3.472280e-01
334 6.493120e-01 2.836000e-03 3.478520e-01
335 6.488920e-01 2.820000e-03 3.482880e-01
336 6.485480e-01 2.704000e-03 3.487480e-01
337 6.480160e-01 2.736000e-03 3.492480e-01
338 6.476200e-01 2.660000e-03 3.497200e-01
339 6.472080e-01 2.704000e-03 3.500880e-01
340 6.467480e-01 2.680000e-03 3.505720e-01
341 6.462560e-01 2.700000e-03 3.510440e-01
342 6.458120e-01 2.740000e-03 3.514480e-01
343 6.454120e-01 2.668000e-03 3.519200e-01
344 6.449000e-01 2.728000e-03 3.523720e-01
345 6.444560e-01 2.720000e-03 3.528240e-01
346 6.440000e-01 2.732000e-03 3.532680e-01
347 6.434760e-01 2.784000e-03 3.537400e-01
348 6.430360e-01 2.684000e-03 3.542800e-01
349 6.425960e-01 2.648000e-03 3.547560e-01
350 6.421600e-01 2.608000e-03 3.552320e-01
351 6.416640e-01 2.604000e-03 3.557320e-01
352 6.412880e-01 2.460000e-03 3.562520e-01
353 6.408920e-01 2.400000e-03 3.567080e-01
354 6.405360e-01 2.344000e-03 3.571200e-01
355 6.401920e-01 2.292000e-03 3.575160e-01
356 6.398280e-01 2.268000e-03 3.579040e-01
357 6.394920e-01 2.140000e-03 3.583680e-01
358 6.391600e-01 2.112000e-03 3.587280e-01
359 6.388760e-01 1.988000e-03 3.591360e-01
360 6.385480e-01 1.936000e-03 3.595160e-01
361 6.382800e-01 1.820000e-03 3.599000e-01
362 6.379760e-01 1.864000e-03 3.601600e-01
363 6.376600e-01 1.928000e-03 3.604120e-01
364 6.373960e-01 1.864000e-03 3.607400e-01
365 6.370520e-01 1.884000e-03 3.610640e-01
366 6.367200e-01 1.892000e-03 3.613880e-01
367 6.363920e-01 1.896000e-03 3.617120e-01
368 6.361200e-01 1.820000e-03 3.620600e-01
369 6.358760e-01 1.848000e-03 3.622760e-01
370 6.356080e-01 1.768000e-03 3.626240e-01
371 6.353560e-01 1.756000e-03 3.628880e-01
372 6.351240e-01 1.756000e-03 3.631200e-01
373 6.348480e-01 1.724000e-03 3.634280e-01
374 6.345680e-01 1.692000e-03 3.637400e-01
375 6.343200e-01 1.608000e-03 3.640720e-01
376 6.340400e-01 1.672000e-03 3.642880e-01
377 6.337760e-01 1.656000e-03 3.645680e-01
378 6.334800e-01 1.688000e-03 3.648320e-01
379 6.331880e-01 1.668000e-03 3.651440e-01
380 6.329320e-01 1.628000e-03 3.654400e-01
381 6.326720e-01 1.576000e-03 3.657520e-01
382 6.324520e-01 1.528000e-03 3.660200e-01
383 6.322400e-01 1.504000e-03 3.662560e-01
384 6.319640e-01 1.576000e-03 3.664600e-01
385 6.317120e-01 1.552000e-03 3.667360e-01
386 6.314680e-01 1.532000e-03 3.670000e-01
387 6.312640e-01 1.448000e-03 3.672880e-01
388 6.310520e-01 1.404000e-03 3.675440e-01
389 6.308360e-01 1.368000e-03 3.677960e-01
390 6.306120e-01 1.320000e-03 3.680680e-01
391 6.303760e-01 1.288000e-03 3.683360e-01
392 6.301360e-01 1.276000e-03 3.685880e-01
393 6.298560e-01 1.320000e-03 3.688240e-01
394 6.296280e-01 1.312000e-03 3.690600e-01
395 6.293880e-01 1.316000e-03 3.692960e-01
396 6.291640e-01 1.312000e-03 3.695240e-01
397 6.289560e-01 1.292000e-03 3.697520e-01
398 6.287520e-01 1.264000e-03 3.699840e-01
399 6.285440e-01 1.268000e-03 3.701880e-01
400 6.282960e-01 1.304000e-03 3.704000e-01
401 6.280960e-01 1.256000e-03 3.706480e-01
402 6.278840e-01 1.256000e-03 3.708600e-01
403 6.276800e-01 1.228000e-03 3.710920e-01
404 6.275000e-01 1.212000e-03 3.712880e-01
405 6.273200e-01 1.228000e-03 3.714520e-01
406 6.271600e-01 1.156000e-03 3.716840e-01
407 6.269640e-01 1.184000e-03 3.718520e-01
408 6.267440e-01 1.200000e-03 3.720560e-01
409 6.265520e-01 1.180000e-03 3.722680e-01
410 6.263080e-01 1.204000e-03 3.724880e-01
411 6.261080e-01 1.180000e-03 3.727120e-01
412 6.258840e-01 1.212000e-03 3.729040e-01
413 6.256320e-01 1.252000e-03 3.731160e-01
414 6.254000e-01 1.276000e-03 3.733240e-01
415 6.251960e-01 1.268000e-03 3.735360e-01
416 6.249760e-01 1.268000e-03 3.737560e-01
417 6.247480e-01 1.300000e-03 3.739520e-01
418 6.245040e-01 1.320000e-03 3.741760e-01
419 6.242880e-01 1.316000e-03 3.743960e-01
420 6.239480e-01 1.420000e-03 3.746320e-01
421 6.236880e-01 1.412000e-03 3.749000e-01
422 6.234440e-01 1.408000e-03 3.751480e-01
423 6.232440e-01 1.348000e-03 3.754080e-01
424 6.229920e-01 1.340000e-03 3.756680e-01
425 6.227240e-01 1.368000e-03 3.759080e-01
426 6.225400e-01 1.296000e-03 3.761640e-01
427 6.223520e-01 1.252000e-03 3.763960e-01
428 6.221760e-01 1.204000e-03 3.766200e-01
429 6.220080e-01 1.164000e-03 3.768280e-01
430 6.219200e-01 1.072000e-03 3.770080e-01
431 6.217600e-01 1.072000e-03 3.771680e-01
432 6.216200e-01 1.036000e-03 3.773440e-01
433 6.214240e-01 1.048000e-03 3.775280e-01
434 6.213000e-01 9.760000e-04 3.777240e-01
435 6.211360e-01 9.480000e-04 3.779160e-01
436 6.209320e-01 1.000000e-03 3.780680e-01
437 6.207880e-01 9.680000e-04 3.782440e-01
438 6.206720e-01 9.360000e-04 3.783920e-01
439 6.205120e-01 9.200000e-04 3.785680e-01
440 6.203720e-01 9.080000e-04 3.787200e-01
441 6.202360e-01 9.280000e-04 3.788360e-01
442 6.201040e-01 9.080000e-04 3.789880e-01
443 6.199800e-01 8.680000e-04 3.791520e-01
444 6.198200e-01 8.720000e-04 3.793080e-01
445 6.196600e-01 8.760000e-04 3.794640e-01
446 6.194760e-01 9.080000e-04 3.796160e-01
447 6.193440e-01 8.480000e-04 3.798080e-01
448 6.191680e-01 8.640000e-04 3.799680e-01
449 6.190120e-01 8.680000e-04 3.801200e-01
450 6.188600e-01 9.040000e-04 3.802360e-01
451 6.187040e-01 8.800000e-04 3.804160e-01
452 6.185520e-01 8.960000e-04 3.805520e-01
453 6.184400e-01 8.640000e-04 3.806960e-01
454 6.183040e-01 8.920000e-04 3.808040e-01
455 6.181720e-01 8.720000e-04 3.809560e-01
456 6.180880e-01 8.560000e-04 3.810560e-01
457 6.179960e-01 8.000000e-04 3.812040e-01
458 6.178800e-01 7.280000e-04 3.813920e-01
459 6.177680e-01 7.040000e-04 3.815280e-01
460 6.176480e-01 7.360000e-04 3.816160e-01
461 6.175080e-01 7.120000e-04 3.817800e-01
462 6.173560e-01 7.080000e-04 3.819360e-01
463 6.172600e-01 6.520000e-04 3.820880e-01
464 6.171280e-01 6.920000e-04 3.821800e-01
465 6.169920e-01 7.240000e-04 3.822840e-01
466 6.169160e-01 6.680000e-04 3.824160e-01
467 6.167880e-01 6.680000e-04 3.825440e-01
468 6.166680e-01 6.720000e-04 3.826600e-01
469 6.165520e-01 6.560000e-04 3.827920e-01
470 6.164800e-01 6.120000e-04 3.829080e-01
471 6.163880e-01 5.920000e-04 3.830200e-01
472 6.162600e-01 6.120000e-04 3.831280e-01
473 6.161760e-01 5.920000e-04 3.832320e-01
474 6.160680e-01 5.920000e-04 3.833400e-01
475 6.159960e-01 5.920000e-04 3.834120e-01
476 6.159080e-01 5.680000e-04 3.835240e-01
477 6.157960e-01 5.680000e-04 3.836360e-01
478 6.156880e-01 5.640000e-04 3.837480e-01
479 6.155720e-01 6.080000e-04 3.838200e-01
480 6.154440e-01 6.240000e-04 3.839320e-01
481 6.153040e-01 6.520000e-04 3.840440e-01
482 6.151840e-01 6.760000e-04 3.841400e-01
483 6.150200e-01 6.840000e-04 3.842960e-01
484 6.148960e-01 6.960000e-04 3.844080e-01
485 6.147920e-01 6.920000e-04 3.845160e-01
486 6.146640e-01 7.120000e-04 3.846240e-01
487 6.144920e-01 7.680000e-04 3.847400e-01
488 6.143440e-01 8.040000e-04 3.848520e-01
489 6.142240e-01 7.760000e-04 3.850000e-01
490 6.140920e-01 7.840000e-04 3.851240e-01
491 6.139240e-01 8.160000e-04 3.852600e-01
492 6.137840e-01 8.240000e-04 3.853920e-01
493 6.136280e-01 8.400000e-04 3.855320e-01
494 6.134440e-01 8.880000e-04 3.856680e-01
495 6.132560e-01 9.160000e-04 3.858280e-01
496 6.130760e-01 9.520000e-04 3.859720e-01
497 6.128760e-01 9.760000e-04 3.861480e-01
498 6.127200e-01 9.800000e-04 3.863000e-01
499 6.125400e-01 9.840000e-04 3.864760e-01
500 6.123960e-01 9.800000e-04 3.866240e-01
