1 9.991440e-01 7.600000e-04 9.600000e-05
2 9.985520e-01 1.196000e-03 2.520000e-04
3 9.979000e-01 1.592000e-03 5.080000e-04
4 9.972120e-01 1.956000e-03 8.320000e-04
5 9.965000e-01 2.300000e-03 1.200000e-03
6 9.956960e-01 2.720000e-03 1.584000e-03
7 9.947120e-01 3.120000e-03 2.168000e-03
8 9.937080e-01 3.504000e-03 2.788000e-03
9 9.926600e-01 3.868000e-03 3.472000e-03
10 9.916040e-01 4.188000e-03 4.208000e-03
11 9.905840e-01 4.420000e-03 4.996000e-03
12 9.893680e-01 4.800000e-03 5.832000e-03
13 9.881000e-01 5.160000e-03 6.740000e-03
14 9.869000e-01 5.424000e-03 7.676000e-03
15 9.858400e-01 5.588000e-03 8.572000e-03
16 9.845680e-01 5.800000e-03 9.632000e-03
17 9.832600e-01 6.072000e-03 1.066800e-02
18 9.818640e-01 6.392000e-03 1.174400e-02
19 9.805320e-01 6.648000e-03 1.282000e-02
20 9.790240e-01 6.920000e-03 1.405600e-02
21 9.775480e-01 7.192000e-03 1.526000e-02
22 9.760040e-01 7.332000e-03 1.666400e-02
23 9.744360e-01 7.564000e-03 1.800000e-02
24 9.729600e-01 7.704000e-03 1.933600e-02
25 9.715520e-01 7.692000e-03 2.075600e-02
26 9.701600e-01 7.684000e-03 2.215600e-02
27 9.687800e-01 7.748000e-03 2.347200e-02
28 9.673600e-01 7.748000e-03 2.489200e-02
29 9.659640e-01 7.656000e-03 2.638000e-02
30 9.645960e-01 7.604000e-03 2.780000e-02
31 9.632760e-01 7.596000e-03 2.912800e-02
32 9.618560e-01 7.696000e-03 3.044800e-02
33 9.604200e-01 7.728000e-03 3.185200e-02
34 9.590920e-01 7.720000e-03 3.318800e-02
35 9.576960e-01 7.732000e-03 3.457200e-02
36 9.562920e-01 7.832000e-03 3.587600e-02
37 9.549280e-01 7.812000e-03 3.726000e-02
38 9.535800e-01 7.796000e-03 3.862400e-02
39 9.522560e-01 7.776000e-03 3.996800e-02
40 9.509160e-01 7.708000e-03 4.137600e-02
41 9.494040e-01 7.936000e-03 4.266000e-02
42 9.478960e-01 8.104000e-03 4.400000e-02
43 9.463720e-01 8.176000e-03 4.545200e-02
44 9.449400e-01 8.076000e-03 4.698400e-02
45 9.433600e-01 8.268000e-03 4.837200e-02
46 9.418120e-01 8.320000e-03 4.986800e-02
47 9.403040e-01 8.332000e-03 5.136400e-02
48 9.388680e-01 8.268000e-03 5.286400e-02
49 9.372960e-01 8.400000e-03 5.430400e-02
50 9.357000e-01 8.584000e-03 5.571600e-02
51 9.341360e-01 8.624000e-03 5.724000e-02
52 9.324200e-01 8.880000e-03 5.870000e-02
53 9.307640e-01 8.844000e-03 6.039200e-02
54 9.292440e-01 8.772000e-03 6.198400e-02
55 9.279400e-01 8.448000e-03 6.361200e-02
56 9.264080e-01 8.600000e-03 6.499200e-02
57 9.247880e-01 8.584000e-03 6.662800e-02
58 9.232200e-01 8.632000e-03 6.814800e-02
59 9.216400e-01 8.788000e-03 6.957200e-02
60 9.201280e-01 8.756000e-03 7.111600e-02
61 9.186520e-01 8.680000e-03 7.266800e-02
62 9.171440e-01 8.716000e-03 7.414000e-02
63 9.156680e-01 8.756000e-03 7.557600e-02
64 9.140400e-01 8.944000e-03 7.701600e-02
65 9.123680e-01 9.028000e-03 7.860400e-02
66 9.107200e-01 9.112000e-03 8.016800e-02
67 9.090040e-01 9.112000e-03 8.188400e-02
68 9.071520e-01 9.268000e-03 8.358000e-02
69 9.052760e-01 9.548000e-03 8.517600e-02
70 9.035680e-01 9.652000e-03 8.678000e-02
71 9.016720e-01 9.944000e-03 8.838400e-02
72 8.996600e-01 1.022800e-02 9.011200e-02
73 8.976880e-01 1.040400e-02 9.190800e-02
74 8.957280e-01 1.051600e-02 9.375600e-02
75 8.935960e-01 1.074800e-02 9.565600e-02
76 8.916000e-01 1.082800e-02 9.757200e-02
77 8.896360e-01 1.083200e-02 9.953200e-02
78 8.876560e-01 1.086400e-02 1.014800e-01
79 8.857920e-01 1.071200e-02 1.034960e-01
80 8.839520e-01 1.074400e-02 1.053040e-01
81 8.821160e-01 1.070000e-02 1.071840e-01
82 8.802280e-01 1.064400e-02 1.091280e-01
83 8.784320e-01 1.073200e-02 1.108360e-01
84 8.767240e-01 1.068400e-02 1.125920e-01
85 8.749880e-01 1.065600e-02 1.143560e-01
86 8.731320e-01 1.064000e-02 1.162280e-01
87 8.715120e-01 1.050000e-02 1.179880e-01
88 8.697720e-01 1.044800e-02 1.197800e-01
89 8.679680e-01 1.036800e-02 1.216640e-01
90 8.662920e-01 1.024800e-02 1.234600e-01
91 8.646560e-01 1.000400e-02 1.253400e-01
92 8.630880e-01 9.920000e-03 1.269920e-01
93 8.614200e-01 9.932000e-03 1.286480e-01
94 8.597640e-01 9.840000e-03 1.303960e-01
95 8.580520e-01 9.964000e-03 1.319840e-01
96 8.563120e-01 1.002400e-02 1.336640e-01
97 8.546440e-01 1.012000e-02 1.352360e-01
98 8.530600e-01 9.996000e-03 1.369440e-01
99 8.514280e-01 9.852000e-03 1.387200e-01
100 8.500320e-01 9.484000e-03 1.404840e-01
101 8.484040e-01 9.448000e-03 1.421480e-01
102 8.467480e-01 9.564000e-03 1.436880e-01
103 8.449760e-01 9.608000e-03 1.454160e-01
104 8.435920e-01 9.304000e-03 1.471040e-01
105 8.421160e-01 9.100000e-03 1.487840e-01
106 8.405680e-01 9.180000e-03 1.502520e-01
107 8.391720e-01 8.892000e-03 1.519360e-01
108 8.376480e-01 8.876000e-03 1.534760e-01
109 8.360240e-01 9.044000e-03 1.549320e-01
110 8.344080e-01 9.044000e-03 1.565480e-01
111 8.328880e-01 8.936000e-03 1.581760e-01
112 8.313000e-01 8.872000e-03 1.598280e-01
113 8.298680e-01 8.744000e-03 1.613880e-01
114 8.283320e-01 8.768000e-03 1.629000e-01
115 8.268320e-01 8.656000e-03 1.645120e-01
116 8.253720e-01 8.500000e-03 1.661280e-01
117 8.238400e-01 8.596000e-03 1.675640e-01
118 8.225720e-01 8.312000e-03 1.691160e-01
119 8.211200e-01 8.384000e-03 1.704960e-01
120 8.198480e-01 8.212000e-03 1.719400e-01
121 8.183440e-01 8.160000e-03 1.734960e-01
122 8.169760e-01 8.188000e-03 1.748360e-01
123 8.155640e-01 8.252000e-03 1.761840e-01
124 8.142120e-01 8.096000e-03 1.776920e-01
125 8.129160e-01 7.948000e-03 1.791360e-01
126 8.115640e-01 7.952000e-03 1.804840e-01
127 8.099920e-01 8.260000e-03 1.817480e-01
128 8.084560e-01 8.340000e-03 1.832040e-01
129 8.070480e-01 8.292000e-03 1.846600e-01
130 8.056400e-01 8.224000e-03 1.861360e-01
131 8.043160e-01 8.048000e-03 1.876360e-01
132 8.029200e-01 8.100000e-03 1.889800e-01
133 8.017160e-01 7.940000e-03 1.903440e-01
134 8.003280e-01 7.864000e-03 1.918080e-01
135 7.989320e-01 7.904000e-03 1.931640e-01
136 7.976360e-01 7.700000e-03 1.946640e-01
137 7.963560e-01 7.632000e-03 1.960120e-01
138 7.950360e-01 7.608000e-03 1.973560e-01
139 7.936920e-01 7.564000e-03 1.987440e-01
140 7.923600e-01 7.620000e-03 2.000200e-01
141 7.913240e-01 7.316000e-03 2.013600e-01
142 7.901480e-01 7.236000e-03 2.026160e-01
143 7.889360e-01 7.160000e-03 2.039040e-01
144 7.878920e-01 6.960000e-03 2.051480e-01
145 7.867800e-01 6.872000e-03 2.063480e-01
146 7.855600e-01 6.916000e-03 2.075240e-01
147 7.844440e-01 6.816000e-03 2.087400e-01
148 7.832480e-01 6.872000e-03 2.098800e-01
149 7.821040e-01 6.764000e-03 2.111320e-01
150 7.810120e-01 6.696000e-03 2.122920e-01
151 7.798680e-01 6.680000e-03 2.134520e-01
152 7.787600e-01 6.584000e-03 2.146560e-01
153 7.776400e-01 6.552000e-03 2.158080e-01
154 7.765280e-01 6.576000e-03 2.168960e-01
155 7.754240e-01 6.552000e-03 2.180240e-01
156 7.742400e-01 6.580000e-03 2.191800e-01
157 7.730280e-01 6.636000e-03 2.203360e-01
158 7.717680e-01 6.844000e-03 2.213880e-01
159 7.705400e-01 6.820000e-03 2.226400e-01
160 7.692560e-01 6.952000e-03 2.237920e-01
161 7.680760e-01 6.780000e-03 2.251440e-01
162 7.670040e-01 6.684000e-03 2.263120e-01
163 7.658880e-01 6.504000e-03 2.276080e-01
164 7.646960e-01 6.496000e-03 2.288080e-01
165 7.636200e-01 6.356000e-03 2.300240e-01
166 7.626240e-01 6.236000e-03 2.311400e-01
167 7.615720e-01 6.236000e-03 2.321920e-01
168 7.604320e-01 6.312000e-03 2.332560e-01
169 7.593400e-01 6.340000e-03 2.343200e-01
170 7.582000e-01 6.368000e-03 2.354320e-01
171 7.571640e-01 6.144000e-03 2.366920e-01
172 7.560920e-01 6.104000e-03 2.378040e-01
173 7.549400e-01 6.140000e-03 2.389200e-01
174 7.538160e-01 6.204000e-03 2.399800e-01
175 7.526960e-01 6.260000e-03 2.410440e-01
176 7.515240e-01 6.480000e-03 2.419960e-01
177 7.503000e-01 6.656000e-03 2.430440e-01
178 7.492440e-01 6.552000e-03 2.442040e-01
179 7.481920e-01 6.420000e-03 2.453880e-01
180 7.470880e-01 6.468000e-03 2.464440e-01
181 7.460800e-01 6.364000e-03 2.475560e-01
182 7.448680e-01 6.444000e-03 2.486880e-01
183 7.437520e-01 6.432000e-03 2.498160e-01
184 7.426320e-01 6.472000e-03 2.508960e-01
185 7.415360e-01 6.552000e-03 2.519120e-01
186 7.404280e-01 6.548000e-03 2.530240e-01
187 7.393040e-01 6.552000e-03 2.541440e-01
188 7.382000e-01 6.364000e-03 2.554360e-01
189 7.372040e-01 6.256000e-03 2.565400e-01
190 7.363160e-01 6.108000e-03 2.575760e-01
191 7.353040e-01 6.084000e-03 2.586120e-01
192 7.343640e-01 5.996000e-03 2.596400e-01
193 7.332920e-01 5.968000e-03 2.607400e-01
194 7.323600e-01 5.912000e-03 2.617280e-01
195 7.314240e-01 5.752000e-03 2.628240e-01
196 7.305040e-01 5.724000e-03 2.637720e-01
197 7.296960e-01 5.544000e-03 2.647600e-01
198 7.288280e-01 5.428000e-03 2.657440e-01
199 7.279720e-01 5.356000e-03 2.666720e-01
200 7.271120e-01 5.208000e-03 2.676800e-01
201 7.262160e-01 5.216000e-03 2.685680e-01
202 7.254400e-01 5.120000e-03 2.694400e-01
203 7.245240e-01 5.180000e-03 2.702960e-01
204 7.236080e-01 5.200000e-03 2.711920e-01
205 7.227040e-01 5.260000e-03 2.720360e-01
206 7.217960e-01 5.276000e-03 2.729280e-01
207 7.209040e-01 5.248000e-03 2.738480e-01
208 7.199480e-01 5.316000e-03 2.747360e-01
209 7.190160e-01 5.392000e-03 2.755920e-01
210 7.180520e-01 5.468000e-03 2.764800e-01
211 7.170600e-01 5.448000e-03 2.774920e-01
212 7.161240e-01 5.384000e-03 2.784920e-01
213 7.152480e-01 5.312000e-03 2.794400e-01
214 7.142800e-01 5.356000e-03 2.803640e-01
215 7.133640e-01 5.376000e-03 2.812600e-01
216 7.124400e-01 5.312000e-03 2.822480e-01
217 7.115680e-01 5.292000e-03 2.831400e-01
218 7.107960e-01 5.160000e-03 2.840440e-01
219 7.099400e-01 5.132000e-03 2.849280e-01
220 7.093040e-01 4.868000e-03 2.858280e-01
221 7.085720e-01 4.840000e-03 2.865880e-01
222 7.078200e-01 4.820000e-03 2.873600e-01
223 7.070440e-01 4.768000e-03 2.881880e-01
224 7.061080e-01 4.900000e-03 2.889920e-01
225 7.051840e-01 4.988000e-03 2.898280e-01
226 7.043080e-01 4.880000e-03 2.908120e-01
227 7.034120e-01 4.920000e-03 2.916680e-01
228 7.025720e-01 4.972000e-03 2.924560e-01
229 7.017240e-01 4.924000e-03 2.933520e-01
230 7.008840e-01 4.808000e-03 2.943080e-01
231 7.001360e-01 4.696000e-03 2.951680e-01
232 6.993680e-01 4.640000e-03 2.959920e-01
233 6.986200e-01 4.544000e-03 2.968360e-01
234 6.979920e-01 4.392000e-03 2.976160e-01
235 6.971520e-01 4.408000e-03 2.984400e-01
236 6.964120e-01 4.404000e-03 2.991840e-01
237 6.956000e-01 4.412000e-03 2.999880e-01
238 6.948200e-01 4.360000e-03 3.008200e-01
239 6.940160e-01 4.372000e-03 3.016120e-01
240 6.932960e-01 4.360000e-03 3.023440e-01
241 6.924360e-01 4.448000e-03 3.031160e-01
242 6.917240e-01 4.352000e-03 3.039240e-01
243 6.909600e-01 4.296000e-03 3.047440e-01
244 6.902760e-01 4.188000e-03 3.055360e-01
245 6.896760e-01 4.076000e-03 3.062480e-01
246 6.890040e-01 3.940000e-03 3.070560e-01
247 6.883880e-01 3.928000e-03 3.076840e-01
248 6.878280e-01 3.744000e-03 3.084280e-01
249 6.872400e-01 3.748000e-03 3.090120e-01
250 6.866200e-01 3.672000e-03 3.097080e-01
251 6.860280e-01 3.676000e-03 3.102960e-01
252 6.855200e-01 3.572000e-03 3.109080e-01
253 6.849920e-01 3.480000e-03 3.115280e-01
254 6.843840e-01 3.376000e-03 3.122400e-01
255 6.838400e-01 3.332000e-03 3.128280e-01
256 6.833400e-01 3.164000e-03 3.134960e-01
257 6.828120e-01 3.208000e-03 3.139800e-01
258 6.823120e-01 3.152000e-03 3.145360e-01
259 6.818240e-01 3.100000e-03 3.150760e-01
260 6.812760e-01 3.076000e-03 3.156480e-01
261 6.807400e-01 3.068000e-03 3.161920e-01
262 6.801520e-01 3.112000e-03 3.167360e-01
263 6.796760e-01 3.064000e-03 3.172600e-01
264 6.790040e-01 3.208000e-03 3.177880e-01
265 6.785040e-01 3.128000e-03 3.183680e-01
266 6.779320e-01 3.208000e-03 3.188600e-01
267 6.774040e-01 3.276000e-03 3.193200e-01
268 6.767760e-01 3.396000e-03 3.198280e-01
269 6.762320e-01 3.356000e-03 3.204120e-01
270 6.755200e-01 3.464000e-03 3.210160e-01
271 6.747880e-01 3.568000e-03 3.216440e-01
272 6.741320e-01 3.616000e-03 3.222520e-01
273 6.734960e-01 3.564000e-03 3.229400e-01
274 6.728000e-01 3.616000e-03 3.235840e-01
275 6.720560e-01 3.788000e-03 3.241560e-01
276 6.713400e-01 3.828000e-03 3.248320e-01
277 6.706920e-01 3.844000e-03 3.254640e-01
278 6.700040e-01 3.776000e-03 3.262200e-01
279 6.693960e-01 3.616000e-03 3.269880e-01
280 6.687480e-01 3.676000e-03 3.275760e-01
281 6.680880e-01 3.656000e-03 3.282560e-01
282 6.674160e-01 3.784000e-03 3.288000e-01
283 6.667080e-01 3.896000e-03 3.293960e-01
284 6.660320e-01 3.868000e-03 3.301000e-01
285 6.653160e-01 3.888000e-03 3.307960e-01
286 6.646720e-01 3.900000e-03 3.314280e-01
287 6.639360e-01 3.892000e-03 3.321720e-01
288 6.632480e-01 3.972000e-03 3.327800e-01
289 6.624760e-01 4.140000e-03 3.333840e-01
290 6.618040e-01 4.112000e-03 3.340840e-01
291 6.610680e-01 4.124000e-03 3.348080e-01
292 6.603680e-01 4.088000e-03 3.355440e-01
293 6.597080e-01 3.976000e-03 3.363160e-01
294 6.589560e-01 4.028000e-03 3.370160e-01
295 6.583000e-01 3.988000e-03 3.377120e-01
296 6.577200e-01 3.976000e-03 3.383040e-01
297 6.571240e-01 3.948000e-03 3.389280e-01
298 6.564360e-01 3.892000e-03 3.396720e-01
299 6.557680e-01 3.756000e-03 3.404760e-01
300 6.550640e-01 3.828000e-03 3.411080e-01
301 6.543320e-01 3.892000e-03 3.417760e-01
302 6.536760e-01 3.848000e-03 3.424760e-01
303 6.529480e-01 3.852000e-03 3.432000e-01
304 6.522760e-01 3.852000e-03 3.438720e-01
305 6.516000e-01 3.820000e-03 3.445800e-01
306 6.510280e-01 3.752000e-03 3.452200e-01
307 6.503840e-01 3.792000e-03 3.458240e-01
308 6.496880e-01 3.836000e-03 3.464760e-01
309 6.490200e-01 3.836000e-03 3.471440e-01
310 6.483480e-01 3.888000e-03 3.477640e-01
311 6.477880e-01 3.804000e-03 3.484080e-01
312 6.472280e-01 3.652000e-03 3.491200e-01
313 6.466800e-01 3.524000e-03 3.497960e-01
314 6.461000e-01 3.532000e-03 3.503680e-01
315 6.455400e-01 3.496000e-03 3.509640e-01
316 6.450120e-01 3.404000e-03 3.515840e-01
317 6.445400e-01 3.268000e-03 3.521920e-01
318 6.439920e-01 3.256000e-03 3.527520e-01
319 6.434800e-01 3.196000e-03 3.533240e-01
320 6.429720e-01 3.176000e-03 3.538520e-01
321 6.423680e-01 3.232000e-03 3.544000e-01
322 6.418880e-01 3.164000e-03 3.549480e-01
323 6.414280e-01 3.088000e-03 3.554840e-01
324 6.409680e-01 3.064000e-03 3.559680e-01
325 6.405280e-01 2.952000e-03 3.565200e-01
326 6.401000e-01 2.836000e-03 3.570640e-01
327 6.395840e-01 2.832000e-03 3.575840e-01
328 6.390440e-01 2.864000e-03 3.580920e-01
329 6.385600e-01 2.876000e-03 3.585640e-01
330 6.380480e-01 2.876000e-03 3.590760e-01
331 6.376720e-01 2.768000e-03 3.595600e-01
332 6.372040e-01 2.692000e-03 3.601040e-01
333 6.368120e-01 2.620000e-03 3.605680e-01
334 6.364200e-01 2.520000e-03 3.610600e-01
335 6.359520e-01 2.544000e-03 3.615040e-01
336 6.354480e-01 2.592000e-03 3.619600e-01
337 6.350080e-01 2.584000e-03 3.624080e-01
338 6.345520e-01 2.620000e-03 3.628280e-01
339 6.340440e-01 2.644000e-03 3.633120e-01
340 6.335800e-01 2.692000e-03 3.637280e-01
341 6.330680e-01 2.736000e-03 3.641960e-01
342 6.325880e-01 2.668000e-03 3.647440e-01
343 6.320640e-01 2.708000e-03 3.652280e-01
344 6.316720e-01 2.600000e-03 3.657280e-01
345 6.312720e-01 2.612000e-03 3.661160e-01
346 6.308880e-01 2.608000e-03 3.665040e-01
347 6.305080e-01 2.504000e-03 3.669880e-01
348 6.300920e-01 2.520000e-03 3.673880e-01
349 6.297400e-01 2.472000e-03 3.677880e-01
350 6.293480e-01 2.452000e-03 3.682000e-01
351 6.289280e-01 2.508000e-03 3.685640e-01
352 6.285680e-01 2.408000e-03 3.690240e-01
353 6.280880e-01 2.440000e-03 3.694720e-01
354 6.276440e-01 2.492000e-03 3.698640e-01
355 6.271600e-01 2.544000e-03 3.702960e-01
356 6.267320e-01 2.504000e-03 3.707640e-01
357 6.263040e-01 2.520000e-03 3.711760e-01
358 6.258720e-01 2.536000e-03 3.715920e-01
359 6.254400e-01 2.468000e-03 3.720920e-01
360 6.250920e-01 2.396000e-03 3.725120e-01
361 6.246800e-01 2.384000e-03 3.729360e-01
362 6.242120e-01 2.424000e-03 3.733640e-01
363 6.237040e-01 2.556000e-03 3.737400e-01
364 6.232160e-01 2.532000e-03 3.742520e-01
365 6.226520e-01 2.656000e-03 3.746920e-01
366 6.221760e-01 2.640000e-03 3.751840e-01
367 6.217440e-01 2.568000e-03 3.756880e-01
368 6.212920e-01 2.584000e-03 3.761240e-01
369 6.209040e-01 2.492000e-03 3.766040e-01
370 6.204640e-01 2.564000e-03 3.769720e-01
371 6.200760e-01 2.544000e-03 3.773800e-01
372 6.196800e-01 2.536000e-03 3.777840e-01
373 6.192680e-01 2.572000e-03 3.781600e-01
374 6.188560e-01 2.544000e-03 3.786000e-01
375 6.183520e-01 2.596000e-03 3.790520e-01
376 6.179720e-01 2.444000e-03 3.795840e-01
377 6.176240e-01 2.376000e-03 3.800000e-01
378 6.173000e-01 2.220000e-03 3.804800e-01
379 6.169440e-01 2.196000e-03 3.808600e-01
380 6.165840e-01 2.148000e-03 3.812680e-01
381 6.163200e-01 2.044000e-03 3.816360e-01
382 6.161080e-01 1.860000e-03 3.820320e-01
383 6.157680e-01 1.908000e-03 3.823240e-01
384 6.154400e-01 1.908000e-03 3.826520e-01
385 6.150120e-01 2.012000e-03 3.829760e-01
386 6.146720e-01 1.928000e-03 3.834000e-01
387 6.143480e-01 1.960000e-03 3.836920e-01
388 6.140200e-01 1.952000e-03 3.840280e-01
389 6.137040e-01 1.988000e-03 3.843080e-01
390 6.134160e-01 1.932000e-03 3.846520e-01
391 6.130600e-01 2.000000e-03 3.849400e-01
392 6.127360e-01 1.980000e-03 3.852840e-01
393 6.124480e-01 1.916000e-03 3.856360e-01
394 6.121840e-01 1.832000e-03 3.859840e-01
395 6.118080e-01 1.952000e-03 3.862400e-01
396 6.114160e-01 1.988000e-03 3.865960e-01
397 6.110800e-01 2.012000e-03 3.869080e-01
398 6.107000e-01 2.032000e-03 3.872680e-01
399 6.103280e-01 2.112000e-03 3.875600e-01
400 6.099680e-01 2.036000e-03 3.879960e-01
401 6.096280e-01 2.048000e-03 3.883240e-01
402 6.093280e-01 1.964000e-03 3.887080e-01
403 6.090400e-01 1.928000e-03 3.890320e-01
404 6.087120e-01 1.932000e-03 3.893560e-01
405 6.083040e-01 1.992000e-03 3.897040e-01
406 6.079200e-01 1.972000e-03 3.901080e-01
407 6.075720e-01 1.992000e-03 3.904360e-01
408 6.073160e-01 1.944000e-03 3.907400e-01
409 6.069680e-01 1.936000e-03 3.910960e-01
410 6.065320e-01 2.052000e-03 3.914160e-01
411 6.061040e-01 2.104000e-03 3.917920e-01
412 6.057480e-01 2.088000e-03 3.921640e-01
413 6.054120e-01 2.036000e-03 3.925520e-01
414 6.050760e-01 2.044000e-03 3.928800e-01
415 6.047400e-01 1.988000e-03 3.932720e-01
416 6.044000e-01 1.904000e-03 3.936960e-01
417 6.041080e-01 1.864000e-03 3.940280e-01
418 6.038840e-01 1.720000e-03 3.943960e-01
419 6.036320e-01 1.660000e-03 3.947080e-01
420 6.033640e-01 1.628000e-03 3.950080e-01
421 6.030960e-01 1.632000e-03 3.952720e-01
422 6.027840e-01 1.688000e-03 3.955280e-01
423 6.025720e-01 1.532000e-03 3.958960e-01
424 6.022920e-01 1.612000e-03 3.960960e-01
425 6.020800e-01 1.552000e-03 3.963680e-01
426 6.017880e-01 1.560000e-03 3.966520e-01
427 6.015200e-01 1.496000e-03 3.969840e-01
428 6.013080e-01 1.424000e-03 3.972680e-01
429 6.011120e-01 1.360000e-03 3.975280e-01
430 6.008560e-01 1.328000e-03 3.978160e-01
431 6.005920e-01 1.368000e-03 3.980400e-01
432 6.003200e-01 1.368000e-03 3.983120e-01
433 6.000720e-01 1.372000e-03 3.985560e-01
434 5.998360e-01 1.384000e-03 3.987800e-01
435 5.996280e-01 1.372000e-03 3.990000e-01
436 5.993280e-01 1.496000e-03 3.991760e-01
437 5.990400e-01 1.528000e-03 3.994320e-01
438 5.987320e-01 1.472000e-03 3.997960e-01
439 5.983840e-01 1.500000e-03 4.001160e-01
440 5.981240e-01 1.484000e-03 4.003920e-01
441 5.978680e-01 1.492000e-03 4.006400e-01
442 5.975520e-01 1.548000e-03 4.009000e-01
443 5.973240e-01 1.468000e-03 4.012080e-01
444 5.971120e-01 1.396000e-03 4.014920e-01
445 5.968760e-01 1.428000e-03 4.016960e-01
446 5.966720e-01 1.356000e-03 4.019720e-01
447 5.964960e-01 1.260000e-03 4.022440e-01
448 5.962880e-01 1.224000e-03 4.024880e-01
449 5.960800e-01 1.244000e-03 4.026760e-01
450 5.958800e-01 1.240000e-03 4.028800e-01
451 5.956760e-01 1.220000e-03 4.031040e-01
452 5.954760e-01 1.204000e-03 4.033200e-01
453 5.952280e-01 1.228000e-03 4.035440e-01
454 5.950080e-01 1.260000e-03 4.037320e-01
455 5.947680e-01 1.252000e-03 4.039800e-01
456 5.945200e-01 1.288000e-03 4.041920e-01
457 5.942160e-01 1.328000e-03 4.044560e-01
458 5.939240e-01 1.384000e-03 4.046920e-01
459 5.936400e-01 1.448000e-03 4.049120e-01
460 5.934000e-01 1.476000e-03 4.051240e-01
461 5.931640e-01 1.412000e-03 4.054240e-01
462 5.929560e-01 1.312000e-03 4.057320e-01
463 5.927720e-01 1.300000e-03 4.059280e-01
464 5.924920e-01 1.360000e-03 4.061480e-01
465 5.922640e-01 1.328000e-03 4.064080e-01
466 5.919560e-01 1.412000e-03 4.066320e-01
467 5.916400e-01 1.472000e-03 4.068880e-01
468 5.913000e-01 1.556000e-03 4.071440e-01
469 5.909960e-01 1.644000e-03 4.073600e-01
470 5.906480e-01 1.740000e-03 4.076120e-01
471 5.903200e-01 1.728000e-03 4.079520e-01
472 5.899760e-01 1.772000e-03 4.082520e-01
473 5.896520e-01 1.816000e-03 4.085320e-01
474 5.893640e-01 1.772000e-03 4.088640e-01
475 5.889680e-01 1.936000e-03 4.090960e-01
476 5.886360e-01 1.892000e-03 4.094720e-01
477 5.882560e-01 1.980000e-03 4.097640e-01
478 5.879280e-01 1.960000e-03 4.101120e-01
479 5.875800e-01 1.980000e-03 4.104400e-01
480 5.872760e-01 1.920000e-03 4.108040e-01
481 5.869600e-01 1.900000e-03 4.111400e-01
482 5.866840e-01 1.868000e-03 4.114480e-01
483 5.863600e-01 1.904000e-03 4.117360e-01
484 5.860960e-01 1.816000e-03 4.120880e-01
485 5.858040e-01 1.780000e-03 4.124160e-01
486 5.855200e-01 1.708000e-03 4.127720e-01
487 5.852440e-01 1.656000e-03 4.131000e-01
488 5.849000e-01 1.720000e-03 4.133800e-01
489 5.845600e-01 1.772000e-03 4.136680e-01
490 5.842480e-01 1.784000e-03 4.139680e-01
491 5.839280e-01 1.816000e-03 4.142560e-01
492 5.836280e-01 1.804000e-03 4.145680e-01
493 5.833440e-01 1.844000e-03 4.148120e-01
494 5.829840e-01 1.916000e-03 4.151000e-01
495 5.826640e-01 1.928000e-03 4.154080e-01
496 5.823240e-01 1.924000e-03 4.157520e-01
497 5.820800e-01 1.824000e-03 4.160960e-01
498 5.817160e-01 1.868000e-03 4.164160e-01
499 5.813600e-01 1.872000e-03 4.167680e-01
500 5.810720e-01 1.876000e-03 4.170520e-01
