1 9.991880e-01 7.040000e-04 1.080000e-04
2 9.987080e-01 1.020000e-03 2.720000e-04
3 9.981520e-01 1.380000e-03 4.680000e-04
4 9.974560e-01 1.800000e-03 7.440000e-04
5 9.966640e-01 2.284000e-03 1.052000e-03
6 9.959400e-01 2.656000e-03 1.404000e-03
7 9.950960e-01 2.984000e-03 1.920000e-03
8 9.942080e-01 3.280000e-03 2.512000e-03
9 9.932760e-01 3.632000e-03 3.092000e-03
10 9.922480e-01 3.992000e-03 3.760000e-03
11 9.911800e-01 4.276000e-03 4.544000e-03
12 9.902520e-01 4.392000e-03 5.356000e-03
13 9.890440e-01 4.808000e-03 6.148000e-03
14 9.878600e-01 5.112000e-03 7.028000e-03
15 9.866760e-01 5.452000e-03 7.872000e-03
16 9.853200e-01 5.896000e-03 8.784000e-03
17 9.840960e-01 5.996000e-03 9.908000e-03
18 9.828480e-01 6.160000e-03 1.099200e-02
19 9.815760e-01 6.212000e-03 1.221200e-02
20 9.802600e-01 6.372000e-03 1.336800e-02
21 9.789520e-01 6.540000e-03 1.450800e-02
22 9.776080e-01 6.744000e-03 1.564800e-02
23 9.761920e-01 7.028000e-03 1.678000e-02
24 9.747640e-01 7.176000e-03 1.806000e-02
25 9.733640e-01 7.416000e-03 1.922000e-02
26 9.719120e-01 7.604000e-03 2.048400e-02
27 9.705640e-01 7.616000e-03 2.182000e-02
28 9.690440e-01 7.884000e-03 2.307200e-02
29 9.675360e-01 8.000000e-03 2.446400e-02
30 9.658040e-01 8.384000e-03 2.581200e-02
31 9.642400e-01 8.496000e-03 2.726400e-02
32 9.626880e-01 8.704000e-03 2.860800e-02
33 9.611560e-01 8.696000e-03 3.014800e-02
34 9.595880e-01 8.724000e-03 3.168800e-02
35 9.581040e-01 8.620000e-03 3.327600e-02
36 9.566480e-01 8.528000e-03 3.482400e-02
37 9.552880e-01 8.460000e-03 3.625200e-02
38 9.537720e-01 8.524000e-03 3.770400e-02
39 9.523760e-01 8.392000e-03 3.923200e-02
40 9.509920e-01 8.336000e-03 4.067200e-02
41 9.495880e-01 8.180000e-03 4.223200e-02
42 9.480560e-01 8.264000e-03 4.368000e-02
43 9.464800e-01 8.316000e-03 4.520400e-02
44 9.450120e-01 8.300000e-03 4.668800e-02
45 9.434400e-01 8.432000e-03 4.812800e-02
46 9.420400e-01 8.172000e-03 4.978800e-02
47 9.405640e-01 8.220000e-03 5.121600e-02
48 9.389440e-01 8.432000e-03 5.262400e-02
49 9.374800e-01 8.236000e-03 5.428400e-02
50 9.360000e-01 8.236000e-03 5.576400e-02
51 9.344960e-01 8.252000e-03 5.725200e-02
52 9.330400e-01 8.180000e-03 5.878000e-02
53 9.316520e-01 8.196000e-03 6.015200e-02
54 9.298960e-01 8.496000e-03 6.160800e-02
55 9.284560e-01 8.460000e-03 6.308400e-02
56 9.268120e-01 8.644000e-03 6.454400e-02
57 9.253280e-01 8.548000e-03 6.612400e-02
58 9.236840e-01 8.712000e-03 6.760400e-02
59 9.221400e-01 8.744000e-03 6.911600e-02
60 9.205560e-01 8.888000e-03 7.055600e-02
61 9.189920e-01 8.916000e-03 7.209200e-02
62 9.173680e-01 8.992000e-03 7.364000e-02
63 9.157880e-01 9.064000e-03 7.514800e-02
64 9.143000e-01 8.896000e-03 7.680400e-02
65 9.126960e-01 8.792000e-03 7.851200e-02
66 9.111760e-01 8.684000e-03 8.014000e-02
67 9.097800e-01 8.540000e-03 8.168000e-02
68 9.082840e-01 8.440000e-03 8.327600e-02
69 9.068000e-01 8.356000e-03 8.484400e-02
70 9.053680e-01 8.284000e-03 8.634800e-02
71 9.040080e-01 8.232000e-03 8.776000e-02
72 9.024720e-01 8.276000e-03 8.925200e-02
73 9.010160e-01 8.320000e-03 9.066400e-02
74 8.997400e-01 8.176000e-03 9.208400e-02
75 8.983880e-01 8.084000e-03 9.352800e-02
76 8.970320e-01 7.956000e-03 9.501200e-02
77 8.956960e-01 7.924000e-03 9.638000e-02
78 8.943400e-01 7.924000e-03 9.773600e-02
79 8.929160e-01 8.016000e-03 9.906800e-02
80 8.915600e-01 7.924000e-03 1.005160e-01
81 8.901080e-01 7.860000e-03 1.020320e-01
82 8.886440e-01 7.984000e-03 1.033720e-01
83 8.872520e-01 7.864000e-03 1.048840e-01
84 8.860080e-01 7.744000e-03 1.062480e-01
85 8.846880e-01 7.820000e-03 1.074920e-01
86 8.833920e-01 7.716000e-03 1.088920e-01
87 8.821720e-01 7.792000e-03 1.100360e-01
88 8.809120e-01 7.840000e-03 1.112480e-01
89 8.798200e-01 7.524000e-03 1.126560e-01
90 8.785840e-01 7.440000e-03 1.139760e-01
91 8.772400e-01 7.564000e-03 1.151960e-01
92 8.759080e-01 7.576000e-03 1.165160e-01
93 8.746320e-01 7.568000e-03 1.178000e-01
94 8.732880e-01 7.656000e-03 1.190560e-01
95 8.720400e-01 7.540000e-03 1.204200e-01
96 8.708000e-01 7.404000e-03 1.217960e-01
97 8.694800e-01 7.508000e-03 1.230120e-01
98 8.683760e-01 7.312000e-03 1.243120e-01
99 8.672520e-01 7.132000e-03 1.256160e-01
100 8.659320e-01 7.160000e-03 1.269080e-01
101 8.647400e-01 7.052000e-03 1.282080e-01
102 8.636080e-01 6.856000e-03 1.295360e-01
103 8.622800e-01 6.936000e-03 1.307840e-01
104 8.611120e-01 6.820000e-03 1.320680e-01
105 8.599560e-01 6.748000e-03 1.332960e-01
106 8.587000e-01 6.900000e-03 1.344000e-01
107 8.575320e-01 6.616000e-03 1.358520e-01
108 8.563480e-01 6.672000e-03 1.369800e-01
109 8.552080e-01 6.568000e-03 1.382240e-01
110 8.542160e-01 6.348000e-03 1.394360e-01
111 8.529640e-01 6.524000e-03 1.405120e-01
112 8.515400e-01 6.724000e-03 1.417360e-01
113 8.504400e-01 6.672000e-03 1.428880e-01
114 8.493000e-01 6.688000e-03 1.440120e-01
115 8.482000e-01 6.608000e-03 1.451920e-01
116 8.469520e-01 6.792000e-03 1.462560e-01
117 8.457880e-01 6.864000e-03 1.473480e-01
118 8.445760e-01 6.888000e-03 1.485360e-01
119 8.433720e-01 6.976000e-03 1.496520e-01
120 8.422320e-01 6.940000e-03 1.508280e-01
121 8.411080e-01 6.844000e-03 1.520480e-01
122 8.401040e-01 6.624000e-03 1.532720e-01
123 8.390080e-01 6.600000e-03 1.543920e-01
124 8.379240e-01 6.572000e-03 1.555040e-01
125 8.368640e-01 6.520000e-03 1.566160e-01
126 8.358160e-01 6.328000e-03 1.578560e-01
127 8.347120e-01 6.308000e-03 1.589800e-01
128 8.336840e-01 6.132000e-03 1.601840e-01
129 8.326640e-01 6.120000e-03 1.612160e-01
130 8.315640e-01 6.084000e-03 1.623520e-01
131 8.304200e-01 6.116000e-03 1.634640e-01
132 8.292680e-01 6.168000e-03 1.645640e-01
133 8.281320e-01 6.312000e-03 1.655560e-01
134 8.271600e-01 6.092000e-03 1.667480e-01
135 8.260800e-01 6.136000e-03 1.677840e-01
136 8.250160e-01 6.012000e-03 1.689720e-01
137 8.238480e-01 6.096000e-03 1.700560e-01
138 8.227080e-01 6.224000e-03 1.710680e-01
139 8.215120e-01 6.420000e-03 1.720680e-01
140 8.203840e-01 6.448000e-03 1.731680e-01
141 8.191680e-01 6.572000e-03 1.742600e-01
142 8.180120e-01 6.596000e-03 1.753920e-01
143 8.169640e-01 6.568000e-03 1.764680e-01
144 8.157360e-01 6.556000e-03 1.777080e-01
145 8.146720e-01 6.416000e-03 1.789120e-01
146 8.137600e-01 6.220000e-03 1.800200e-01
147 8.127600e-01 6.020000e-03 1.812200e-01
148 8.119080e-01 5.860000e-03 1.822320e-01
149 8.110600e-01 5.684000e-03 1.832560e-01
150 8.101280e-01 5.620000e-03 1.842520e-01
151 8.091680e-01 5.640000e-03 1.851920e-01
152 8.080840e-01 5.796000e-03 1.861200e-01
153 8.071360e-01 5.708000e-03 1.871560e-01
154 8.060760e-01 5.828000e-03 1.880960e-01
155 8.051320e-01 5.732000e-03 1.891360e-01
156 8.041840e-01 5.676000e-03 1.901400e-01
157 8.033160e-01 5.500000e-03 1.911840e-01
158 8.023160e-01 5.504000e-03 1.921800e-01
159 8.013400e-01 5.500000e-03 1.931600e-01
160 8.003520e-01 5.480000e-03 1.941680e-01
161 7.996440e-01 5.268000e-03 1.950880e-01
162 7.987800e-01 5.260000e-03 1.959600e-01
163 7.979840e-01 5.144000e-03 1.968720e-01
164 7.972320e-01 4.908000e-03 1.978600e-01
165 7.963240e-01 4.844000e-03 1.988320e-01
166 7.955080e-01 4.856000e-03 1.996360e-01
167 7.947280e-01 4.868000e-03 2.004040e-01
168 7.939200e-01 4.824000e-03 2.012560e-01
169 7.931320e-01 4.804000e-03 2.020640e-01
170 7.922560e-01 4.676000e-03 2.030680e-01
171 7.913560e-01 4.716000e-03 2.039280e-01
172 7.904720e-01 4.620000e-03 2.049080e-01
173 7.897720e-01 4.448000e-03 2.057800e-01
174 7.889200e-01 4.540000e-03 2.065400e-01
175 7.881680e-01 4.436000e-03 2.073960e-01
176 7.875160e-01 4.344000e-03 2.081400e-01
177 7.867880e-01 4.360000e-03 2.088520e-01
178 7.859120e-01 4.484000e-03 2.096040e-01
179 7.852240e-01 4.348000e-03 2.104280e-01
180 7.845080e-01 4.288000e-03 2.112040e-01
181 7.837320e-01 4.332000e-03 2.119360e-01
182 7.828160e-01 4.372000e-03 2.128120e-01
183 7.820000e-01 4.472000e-03 2.135280e-01
184 7.811520e-01 4.504000e-03 2.143440e-01
185 7.804320e-01 4.424000e-03 2.151440e-01
186 7.796360e-01 4.456000e-03 2.159080e-01
187 7.788800e-01 4.384000e-03 2.167360e-01
188 7.782560e-01 4.312000e-03 2.174320e-01
189 7.776280e-01 4.120000e-03 2.182520e-01
190 7.770000e-01 4.088000e-03 2.189120e-01
191 7.762680e-01 4.156000e-03 2.195760e-01
192 7.756440e-01 4.048000e-03 2.203080e-01
193 7.748960e-01 4.056000e-03 2.210480e-01
194 7.743440e-01 3.820000e-03 2.218360e-01
195 7.737240e-01 3.772000e-03 2.225040e-01
196 7.732280e-01 3.588000e-03 2.231840e-01
197 7.725640e-01 3.632000e-03 2.238040e-01
198 7.719280e-01 3.688000e-03 2.243840e-01
199 7.713120e-01 3.696000e-03 2.249920e-01
200 7.706600e-01 3.812000e-03 2.255280e-01
201 7.700560e-01 3.724000e-03 2.262200e-01
202 7.694680e-01 3.680000e-03 2.268520e-01
203 7.689360e-01 3.644000e-03 2.274200e-01
204 7.683760e-01 3.564000e-03 2.280600e-01
205 7.677920e-01 3.516000e-03 2.286920e-01
206 7.672480e-01 3.440000e-03 2.293120e-01
207 7.667040e-01 3.376000e-03 2.299200e-01
208 7.660800e-01 3.480000e-03 2.304400e-01
209 7.654560e-01 3.436000e-03 2.311080e-01
210 7.648600e-01 3.384000e-03 2.317560e-01
211 7.642920e-01 3.364000e-03 2.323440e-01
212 7.637320e-01 3.276000e-03 2.329920e-01
213 7.631000e-01 3.356000e-03 2.335440e-01
214 7.624360e-01 3.488000e-03 2.340760e-01
215 7.617560e-01 3.564000e-03 2.346800e-01
216 7.610960e-01 3.692000e-03 2.352120e-01
217 7.604800e-01 3.636000e-03 2.358840e-01
218 7.598920e-01 3.592000e-03 2.365160e-01
219 7.593120e-01 3.516000e-03 2.371720e-01
220 7.587080e-01 3.408000e-03 2.378840e-01
221 7.581960e-01 3.324000e-03 2.384800e-01
222 7.576240e-01 3.356000e-03 2.390200e-01
223 7.569840e-01 3.416000e-03 2.396000e-01
224 7.564480e-01 3.416000e-03 2.401360e-01
225 7.558760e-01 3.352000e-03 2.407720e-01
226 7.552800e-01 3.400000e-03 2.413200e-01
227 7.546800e-01 3.412000e-03 2.419080e-01
228 7.540720e-01 3.376000e-03 2.425520e-01
229 7.534920e-01 3.412000e-03 2.430960e-01
230 7.528400e-01 3.400000e-03 2.437600e-01
231 7.522880e-01 3.364000e-03 2.443480e-01
232 7.517160e-01 3.376000e-03 2.449080e-01
233 7.511320e-01 3.344000e-03 2.455240e-01
234 7.504600e-01 3.496000e-03 2.460440e-01
235 7.498600e-01 3.476000e-03 2.466640e-01
236 7.492840e-01 3.420000e-03 2.472960e-01
237 7.486200e-01 3.544000e-03 2.478360e-01
238 7.479560e-01 3.532000e-03 2.485120e-01
239 7.473560e-01 3.452000e-03 2.491920e-01
240 7.467520e-01 3.492000e-03 2.497560e-01
241 7.460960e-01 3.456000e-03 2.504480e-01
242 7.455240e-01 3.384000e-03 2.510920e-01
243 7.448960e-01 3.380000e-03 2.517240e-01
244 7.442600e-01 3.456000e-03 2.522840e-01
245 7.437200e-01 3.424000e-03 2.528560e-01
246 7.432040e-01 3.368000e-03 2.534280e-01
247 7.425800e-01 3.388000e-03 2.540320e-01
248 7.419920e-01 3.440000e-03 2.545680e-01
249 7.414280e-01 3.384000e-03 2.551880e-01
250 7.409040e-01 3.340000e-03 2.557560e-01
251 7.403920e-01 3.236000e-03 2.563720e-01
252 7.398080e-01 3.220000e-03 2.569720e-01
253 7.393400e-01 3.144000e-03 2.575160e-01
254 7.387960e-01 3.164000e-03 2.580400e-01
255 7.382560e-01 3.196000e-03 2.585480e-01
256 7.377480e-01 3.112000e-03 2.591400e-01
257 7.371960e-01 3.084000e-03 2.597200e-01
258 7.367240e-01 2.976000e-03 2.603000e-01
259 7.363280e-01 2.884000e-03 2.607880e-01
260 7.359200e-01 2.796000e-03 2.612840e-01
261 7.356000e-01 2.656000e-03 2.617440e-01
262 7.351760e-01 2.656000e-03 2.621680e-01
263 7.347640e-01 2.616000e-03 2.626200e-01
264 7.343880e-01 2.556000e-03 2.630560e-01
265 7.339480e-01 2.572000e-03 2.634800e-01
266 7.334240e-01 2.660000e-03 2.639160e-01
267 7.329640e-01 2.680000e-03 2.643560e-01
268 7.325160e-01 2.668000e-03 2.648160e-01
269 7.320640e-01 2.632000e-03 2.653040e-01
270 7.316920e-01 2.488000e-03 2.658200e-01
271 7.313320e-01 2.384000e-03 2.662840e-01
272 7.309680e-01 2.340000e-03 2.666920e-01
273 7.305840e-01 2.344000e-03 2.670720e-01
274 7.301200e-01 2.336000e-03 2.675440e-01
275 7.296360e-01 2.400000e-03 2.679640e-01
276 7.292680e-01 2.328000e-03 2.684040e-01
277 7.288200e-01 2.308000e-03 2.688720e-01
278 7.284320e-01 2.292000e-03 2.692760e-01
279 7.280480e-01 2.320000e-03 2.696320e-01
280 7.276920e-01 2.292000e-03 2.700160e-01
281 7.273760e-01 2.236000e-03 2.703880e-01
282 7.270400e-01 2.148000e-03 2.708120e-01
283 7.266160e-01 2.216000e-03 2.711680e-01
284 7.262280e-01 2.196000e-03 2.715760e-01
285 7.259080e-01 2.160000e-03 2.719320e-01
286 7.255880e-01 2.104000e-03 2.723080e-01
287 7.252440e-01 2.048000e-03 2.727080e-01
288 7.249040e-01 2.020000e-03 2.730760e-01
289 7.245640e-01 2.056000e-03 2.733800e-01
290 7.241800e-01 2.100000e-03 2.737200e-01
291 7.237640e-01 2.152000e-03 2.740840e-01
292 7.233760e-01 2.160000e-03 2.744640e-01
293 7.230280e-01 2.124000e-03 2.748480e-01
294 7.226720e-01 2.140000e-03 2.751880e-01
295 7.223160e-01 2.140000e-03 2.755440e-01
296 7.220200e-01 2.060000e-03 2.759200e-01
297 7.217280e-01 2.032000e-03 2.762400e-01
298 7.214720e-01 1.944000e-03 2.765840e-01
299 7.211800e-01 1.904000e-03 2.769160e-01
300 7.208840e-01 1.940000e-03 2.771760e-01
301 7.206280e-01 1.840000e-03 2.775320e-01
302 7.203280e-01 1.824000e-03 2.778480e-01
303 7.200480e-01 1.764000e-03 2.781880e-01
304 7.196800e-01 1.768000e-03 2.785520e-01
305 7.193280e-01 1.728000e-03 2.789440e-01
306 7.190760e-01 1.640000e-03 2.792840e-01
307 7.188840e-01 1.528000e-03 2.795880e-01
308 7.186160e-01 1.564000e-03 2.798200e-01
309 7.183280e-01 1.600000e-03 2.800720e-01
310 7.180960e-01 1.552000e-03 2.803520e-01
311 7.178320e-01 1.608000e-03 2.805600e-01
312 7.174880e-01 1.660000e-03 2.808520e-01
313 7.172160e-01 1.632000e-03 2.811520e-01
314 7.169840e-01 1.616000e-03 2.814000e-01
315 7.166560e-01 1.672000e-03 2.816720e-01
316 7.164360e-01 1.596000e-03 2.819680e-01
317 7.161760e-01 1.540000e-03 2.822840e-01
318 7.159880e-01 1.436000e-03 2.825760e-01
319 7.157760e-01 1.476000e-03 2.827480e-01
320 7.154360e-01 1.520000e-03 2.830440e-01
321 7.152240e-01 1.484000e-03 2.832920e-01
322 7.150200e-01 1.452000e-03 2.835280e-01
323 7.147600e-01 1.424000e-03 2.838160e-01
324 7.144760e-01 1.472000e-03 2.840520e-01
325 7.143080e-01 1.384000e-03 2.843080e-01
326 7.140440e-01 1.372000e-03 2.845840e-01
327 7.138120e-01 1.364000e-03 2.848240e-01
328 7.135280e-01 1.404000e-03 2.850680e-01
329 7.133000e-01 1.356000e-03 2.853440e-01
330 7.131200e-01 1.308000e-03 2.855720e-01
331 7.129560e-01 1.260000e-03 2.857840e-01
332 7.127880e-01 1.208000e-03 2.860040e-01
333 7.125960e-01 1.228000e-03 2.861760e-01
334 7.124560e-01 1.124000e-03 2.864200e-01
335 7.122560e-01 1.132000e-03 2.866120e-01
336 7.121200e-01 1.112000e-03 2.867680e-01
337 7.119960e-01 1.052000e-03 2.869520e-01
338 7.118360e-01 1.068000e-03 2.870960e-01
339 7.116680e-01 1.036000e-03 2.872960e-01
340 7.115000e-01 1.048000e-03 2.874520e-01
341 7.112800e-01 1.132000e-03 2.875880e-01
342 7.111120e-01 1.108000e-03 2.877800e-01
343 7.109040e-01 1.104000e-03 2.879920e-01
344 7.107160e-01 1.084000e-03 2.882000e-01
345 7.105720e-01 1.032000e-03 2.883960e-01
346 7.104360e-01 1.016000e-03 2.885480e-01
347 7.102880e-01 1.012000e-03 2.887000e-01
348 7.101880e-01 9.040000e-04 2.889080e-01
349 7.100800e-01 8.800000e-04 2.890400e-01
350 7.100000e-01 8.080000e-04 2.891920e-01
351 7.098960e-01 7.960000e-04 2.893080e-01
352 7.097680e-01 7.800000e-04 2.894520e-01
353 7.097160e-01 6.880000e-04 2.895960e-01
354 7.096400e-01 6.320000e-04 2.897280e-01
355 7.095680e-01 6.040000e-04 2.898280e-01
356 7.094440e-01 6.360000e-04 2.899200e-01
357 7.093400e-01 6.240000e-04 2.900360e-01
358 7.092120e-01 6.480000e-04 2.901400e-01
359 7.091080e-01 6.240000e-04 2.902680e-01
360 7.089920e-01 6.120000e-04 2.903960e-01
361 7.088960e-01 5.840000e-04 2.905200e-01
362 7.088280e-01 5.640000e-04 2.906080e-01
363 7.087000e-01 5.640000e-04 2.907360e-01
364 7.086280e-01 5.360000e-04 2.908360e-01
365 7.085400e-01 5.320000e-04 2.909280e-01
366 7.084320e-01 5.440000e-04 2.910240e-01
367 7.083320e-01 5.640000e-04 2.911040e-01
368 7.082120e-01 5.720000e-04 2.912160e-01
369 7.081320e-01 5.320000e-04 2.913360e-01
370 7.079920e-01 5.840000e-04 2.914240e-01
371 7.078560e-01 6.040000e-04 2.915400e-01
372 7.077160e-01 6.160000e-04 2.916680e-01
373 7.076320e-01 5.680000e-04 2.918000e-01
374 7.075240e-01 5.960000e-04 2.918800e-01
375 7.074120e-01 6.080000e-04 2.919800e-01
376 7.073160e-01 5.880000e-04 2.920960e-01
377 7.072280e-01 5.960000e-04 2.921760e-01
378 7.071320e-01 6.240000e-04 2.922440e-01
379 7.070360e-01 5.600000e-04 2.924040e-01
380 7.069080e-01 5.800000e-04 2.925120e-01
381 7.068120e-01 5.640000e-04 2.926240e-01
382 7.067280e-01 5.440000e-04 2.927280e-01
383 7.066480e-01 5.000000e-04 2.928520e-01
384 7.065600e-01 4.920000e-04 2.929480e-01
385 7.064800e-01 4.720000e-04 2.930480e-01
386 7.064160e-01 4.320000e-04 2.931520e-01
387 7.063680e-01 3.960000e-04 2.932360e-01
388 7.063160e-01 3.680000e-04 2.933160e-01
389 7.062560e-01 3.440000e-04 2.934000e-01
390 7.062040e-01 3.400000e-04 2.934560e-01
391 7.061600e-01 3.440000e-04 2.934960e-01
392 7.060920e-01 3.120000e-04 2.935960e-01
393 7.060200e-01 3.320000e-04 2.936480e-01
394 7.059560e-01 3.240000e-04 2.937200e-01
395 7.059200e-01 3.120000e-04 2.937680e-01
396 7.058800e-01 3.120000e-04 2.938080e-01
397 7.058280e-01 3.120000e-04 2.938600e-01
398 7.058000e-01 2.800000e-04 2.939200e-01
399 7.057640e-01 2.600000e-04 2.939760e-01
400 7.057120e-01 2.480000e-04 2.940400e-01
401 7.056520e-01 2.760000e-04 2.940720e-01
402 7.055920e-01 3.080000e-04 2.941000e-01
403 7.055360e-01 3.200000e-04 2.941440e-01
404 7.054600e-01 3.360000e-04 2.942040e-01
405 7.054240e-01 3.400000e-04 2.942360e-01
406 7.053640e-01 3.440000e-04 2.942920e-01
407 7.052960e-01 3.480000e-04 2.943560e-01
408 7.052040e-01 3.720000e-04 2.944240e-01
409 7.051200e-01 3.840000e-04 2.944960e-01
410 7.050440e-01 3.840000e-04 2.945720e-01
411 7.049760e-01 3.920000e-04 2.946320e-01
412 7.049200e-01 3.960000e-04 2.946840e-01
413 7.048720e-01 3.840000e-04 2.947440e-01
414 7.048280e-01 3.520000e-04 2.948200e-01
415 7.047920e-01 3.360000e-04 2.948720e-01
416 7.047520e-01 3.000000e-04 2.949480e-01
417 7.047360e-01 2.800000e-04 2.949840e-01
418 7.046800e-01 3.000000e-04 2.950200e-01
419 7.046480e-01 2.720000e-04 2.950800e-01
420 7.046240e-01 2.400000e-04 2.951360e-01
421 7.045800e-01 2.640000e-04 2.951560e-01
422 7.045400e-01 2.480000e-04 2.952120e-01
423 7.045160e-01 2.120000e-04 2.952720e-01
424 7.044960e-01 1.960000e-04 2.953080e-01
425 7.044200e-01 2.320000e-04 2.953480e-01
426 7.043760e-01 2.320000e-04 2.953920e-01
427 7.043320e-01 2.360000e-04 2.954320e-01
428 7.042800e-01 2.360000e-04 2.954840e-01
429 7.042160e-01 2.640000e-04 2.955200e-01
430 7.041760e-01 2.680000e-04 2.955560e-01
431 7.041360e-01 2.680000e-04 2.955960e-01
432 7.041160e-01 2.480000e-04 2.956360e-01
433 7.040680e-01 2.600000e-04 2.956720e-01
434 7.040440e-01 2.440000e-04 2.957120e-01
435 7.040360e-01 2.160000e-04 2.957480e-01
436 7.039960e-01 2.200000e-04 2.957840e-01
437 7.039440e-01 2.320000e-04 2.958240e-01
438 7.039080e-01 2.360000e-04 2.958560e-01
439 7.038840e-01 2.280000e-04 2.958880e-01
440 7.038280e-01 2.440000e-04 2.959280e-01
441 7.037880e-01 2.400000e-04 2.959720e-01
442 7.037240e-01 2.600000e-04 2.960160e-01
443 7.036840e-01 2.520000e-04 2.960640e-01
444 7.036520e-01 2.440000e-04 2.961040e-01
445 7.036240e-01 2.200000e-04 2.961560e-01
446 7.035880e-01 2.360000e-04 2.961760e-01
447 7.035600e-01 2.360000e-04 2.962040e-01
448 7.035000e-01 2.480000e-04 2.962520e-01
449 7.034600e-01 2.520000e-04 2.962880e-01
450 7.034520e-01 2.280000e-04 2.963200e-01
451 7.034040e-01 2.400000e-04 2.963560e-01
452 7.033680e-01 2.160000e-04 2.964160e-01
453 7.033480e-01 2.200000e-04 2.964320e-01
454 7.033080e-01 2.280000e-04 2.964640e-01
455 7.032880e-01 2.320000e-04 2.964800e-01
456 7.032880e-01 1.760000e-04 2.965360e-01
457 7.032840e-01 1.400000e-04 2.965760e-01
458 7.032840e-01 1.160000e-04 2.966000e-01
459 7.032680e-01 1.120000e-04 2.966200e-01
460 7.032560e-01 8.800000e-05 2.966560e-01
461 7.032360e-01 9.200000e-05 2.966720e-01
462 7.032160e-01 1.040000e-04 2.966800e-01
463 7.032080e-01 1.120000e-04 2.966800e-01
464 7.032040e-01 8.800000e-05 2.967080e-01
465 7.031840e-01 8.800000e-05 2.967280e-01
466 7.031800e-01 6.800000e-05 2.967520e-01
467 7.031760e-01 6.400000e-05 2.967600e-01
468 7.031720e-01 6.000000e-05 2.967680e-01
469 7.031720e-01 5.600000e-05 2.967720e-01
470 7.031600e-01 4.400000e-05 2.967960e-01
471 7.031600e-01 2.800000e-05 2.968120e-01
472 7.031600e-01 2.400000e-05 2.968160e-01
473 7.031600e-01 2.400000e-05 2.968160e-01
474 7.031600e-01 2.000000e-05 2.968200e-01
475 7.031600e-01 1.200000e-05 2.968280e-01
476 7.031600e-01 8.000000e-06 2.968320e-01
477 7.031600e-01 8.000000e-06 2.968320e-01
478 7.031600e-01 8.000000e-06 2.968320e-01
479 7.031600e-01 4.000000e-06 2.968360e-01
480 7.031600e-01 4.000000e-06 2.968360e-01
481 7.031600e-01 0.000000e+00 2.968400e-01
482 7.031600e-01 0.000000e+00 2.968400e-01
483 7.031600e-01 0.000000e+00 2.968400e-01
484 7.031600e-01 0.000000e+00 2.968400e-01
485 7.031600e-01 0.000000e+00 2.968400e-01
486 7.031600e-01 0.000000e+00 2.968400e-01
487 7.031600e-01 0.000000e+00 2.968400e-01
488 7.031600e-01 0.000000e+00 2.968400e-01
489 7.031600e-01 0.000000e+00 2.968400e-01
490 7.031600e-01 0.000000e+00 2.968400e-01
491 7.031600e-01 0.000000e+00 2.968400e-01
492 7.031600e-01 0.000000e+00 2.968400e-01
493 7.031600e-01 0.000000e+00 2.968400e-01
494 7.031600e-01 0.000000e+00 2.968400e-01
495 7.031600e-01 0.000000e+00 2.968400e-01
496 7.031600e-01 0.000000e+00 2.968400e-01
497 7.031600e-01 0.000000e+00 2.968400e-01
498 7.031600e-01 0.000000e+00 2.968400e-01
499 7.031600e-01 0.000000e+00 2.968400e-01
500 7.031600e-01 0.000000e+00 2.968400e-01
