1 9.992360e-01 6.560000e-04 1.080000e-04
2 9.987920e-01 9.880000e-04 2.200000e-04
3 9.982160e-01 1.288000e-03 4.960000e-04
4 9.975960e-01 1.696000e-03 7.080000e-04
5 9.969200e-01 2.044000e-03 1.036000e-03
6 9.961720e-01 2.376000e-03 1.452000e-03
7 9.954200e-01 2.692000e-03 1.888000e-03
8 9.945640e-01 3.024000e-03 2.412000e-03
9 9.937480e-01 3.284000e-03 2.968000e-03
10 9.928080e-01 3.628000e-03 3.564000e-03
11 9.917680e-01 4.036000e-03 4.196000e-03
12 9.908440e-01 4.340000e-03 4.816000e-03
13 9.899120e-01 4.480000e-03 5.608000e-03
14 9.888760e-01 4.708000e-03 6.416000e-03
15 9.877080e-01 5.040000e-03 7.252000e-03
16 9.866400e-01 5.108000e-03 8.252000e-03
17 9.855080e-01 5.468000e-03 9.024000e-03
18 9.843480e-01 5.664000e-03 9.988000e-03
19 9.830600e-01 5.924000e-03 1.101600e-02
20 9.818600e-01 6.104000e-03 1.203600e-02
21 9.807480e-01 6.196000e-03 1.305600e-02
22 9.796320e-01 6.288000e-03 1.408000e-02
23 9.782680e-01 6.452000e-03 1.528000e-02
24 9.769720e-01 6.660000e-03 1.636800e-02
25 9.756040e-01 6.756000e-03 1.764000e-02
26 9.743360e-01 6.820000e-03 1.884400e-02
27 9.729160e-01 7.000000e-03 2.008400e-02
28 9.715480e-01 7.168000e-03 2.128400e-02
29 9.701720e-01 7.284000e-03 2.254400e-02
30 9.688040e-01 7.488000e-03 2.370800e-02
31 9.674120e-01 7.288000e-03 2.530000e-02
32 9.660200e-01 7.404000e-03 2.657600e-02
33 9.645400e-01 7.532000e-03 2.792800e-02
34 9.628920e-01 7.844000e-03 2.926400e-02
35 9.613720e-01 7.944000e-03 3.068400e-02
36 9.596840e-01 8.144000e-03 3.217200e-02
37 9.579560e-01 8.444000e-03 3.360000e-02
38 9.563040e-01 8.672000e-03 3.502400e-02
39 9.545520e-01 8.956000e-03 3.649200e-02
40 9.528560e-01 9.064000e-03 3.808000e-02
41 9.512920e-01 8.972000e-03 3.973600e-02
42 9.497760e-01 8.888000e-03 4.133600e-02
43 9.479760e-01 9.096000e-03 4.292800e-02
44 9.463240e-01 9.036000e-03 4.464000e-02
45 9.447360e-01 9.128000e-03 4.613600e-02
46 9.431840e-01 9.136000e-03 4.768000e-02
47 9.414840e-01 9.228000e-03 4.928800e-02
48 9.397800e-01 9.332000e-03 5.088800e-02
49 9.379120e-01 9.516000e-03 5.257200e-02
50 9.361800e-01 9.564000e-03 5.425600e-02
51 9.344960e-01 9.512000e-03 5.599200e-02
52 9.329600e-01 9.364000e-03 5.767600e-02
53 9.313800e-01 9.248000e-03 5.937200e-02
54 9.297440e-01 9.296000e-03 6.096000e-02
55 9.281760e-01 9.348000e-03 6.247600e-02
56 9.264480e-01 9.428000e-03 6.412400e-02
57 9.249360e-01 9.308000e-03 6.575600e-02
58 9.232680e-01 9.308000e-03 6.742400e-02
59 9.214240e-01 9.492000e-03 6.908400e-02
60 9.197080e-01 9.428000e-03 7.086400e-02
61 9.182400e-01 9.184000e-03 7.257600e-02
62 9.167040e-01 9.100000e-03 7.419600e-02
63 9.151120e-01 9.208000e-03 7.568000e-02
64 9.135040e-01 9.204000e-03 7.729200e-02
65 9.116120e-01 9.528000e-03 7.886000e-02
66 9.100640e-01 9.464000e-03 8.047200e-02
67 9.083240e-01 9.652000e-03 8.202400e-02
68 9.065440e-01 9.796000e-03 8.366000e-02
69 9.048960e-01 9.676000e-03 8.542800e-02
70 9.030600e-01 9.776000e-03 8.716400e-02
71 9.013400e-01 9.788000e-03 8.887200e-02
72 8.996560e-01 9.816000e-03 9.052800e-02
73 8.979240e-01 9.868000e-03 9.220800e-02
74 8.962400e-01 9.848000e-03 9.391200e-02
75 8.945680e-01 9.732000e-03 9.570000e-02
76 8.929560e-01 9.688000e-03 9.735600e-02
77 8.914520e-01 9.408000e-03 9.914000e-02
78 8.898720e-01 9.292000e-03 1.008360e-01
79 8.882600e-01 9.332000e-03 1.024080e-01
80 8.866840e-01 9.280000e-03 1.040360e-01
81 8.850120e-01 9.272000e-03 1.057160e-01
82 8.833800e-01 9.360000e-03 1.072600e-01
83 8.816360e-01 9.368000e-03 1.089960e-01
84 8.798080e-01 9.712000e-03 1.104800e-01
85 8.779560e-01 9.852000e-03 1.121920e-01
86 8.761840e-01 9.784000e-03 1.140320e-01
87 8.745560e-01 9.540000e-03 1.159040e-01
88 8.729320e-01 9.484000e-03 1.175840e-01
89 8.710920e-01 9.552000e-03 1.193560e-01
90 8.694120e-01 9.548000e-03 1.210400e-01
91 8.679800e-01 9.336000e-03 1.226840e-01
92 8.664000e-01 9.292000e-03 1.243080e-01
93 8.648720e-01 9.088000e-03 1.260400e-01
94 8.632680e-01 9.092000e-03 1.276400e-01
95 8.617240e-01 9.116000e-03 1.291600e-01
96 8.601200e-01 9.056000e-03 1.308240e-01
97 8.584880e-01 8.928000e-03 1.325840e-01
98 8.570440e-01 8.908000e-03 1.340480e-01
99 8.553440e-01 9.128000e-03 1.355280e-01
100 8.537320e-01 9.140000e-03 1.371280e-01
101 8.522760e-01 8.976000e-03 1.387480e-01
102 8.506000e-01 8.964000e-03 1.404360e-01
103 8.490840e-01 8.948000e-03 1.419680e-01
104 8.474760e-01 9.012000e-03 1.435120e-01
105 8.458960e-01 8.888000e-03 1.452160e-01
106 8.442560e-01 9.012000e-03 1.467320e-01
107 8.427760e-01 9.008000e-03 1.482160e-01
108 8.411960e-01 9.072000e-03 1.497320e-01
109 8.397120e-01 9.024000e-03 1.512640e-01
110 8.382440e-01 9.028000e-03 1.527280e-01
111 8.366240e-01 9.136000e-03 1.542400e-01
112 8.352000e-01 9.072000e-03 1.557280e-01
113 8.337960e-01 8.844000e-03 1.573600e-01
114 8.322720e-01 8.688000e-03 1.590400e-01
115 8.308520e-01 8.724000e-03 1.604240e-01
116 8.293640e-01 8.680000e-03 1.619560e-01
117 8.278440e-01 8.736000e-03 1.634200e-01
118 8.263080e-01 8.956000e-03 1.647360e-01
119 8.248320e-01 8.956000e-03 1.662120e-01
120 8.230920e-01 9.284000e-03 1.676240e-01
121 8.212520e-01 9.540000e-03 1.692080e-01
122 8.195320e-01 9.468000e-03 1.710000e-01
123 8.178760e-01 9.468000e-03 1.726560e-01
124 8.161800e-01 9.600000e-03 1.742200e-01
125 8.145920e-01 9.572000e-03 1.758360e-01
126 8.129240e-01 9.548000e-03 1.775280e-01
127 8.114360e-01 9.320000e-03 1.792440e-01
128 8.098920e-01 9.176000e-03 1.809320e-01
129 8.084720e-01 9.044000e-03 1.824840e-01
130 8.071440e-01 8.732000e-03 1.841240e-01
131 8.058120e-01 8.488000e-03 1.857000e-01
132 8.045320e-01 8.384000e-03 1.870840e-01
133 8.030920e-01 8.308000e-03 1.886000e-01
134 8.017760e-01 8.160000e-03 1.900640e-01
135 8.004680e-01 8.076000e-03 1.914560e-01
136 7.991440e-01 8.052000e-03 1.928040e-01
137 7.977920e-01 8.000000e-03 1.942080e-01
138 7.964520e-01 7.972000e-03 1.955760e-01
139 7.951240e-01 7.896000e-03 1.969800e-01
140 7.937600e-01 7.812000e-03 1.984280e-01
141 7.924640e-01 7.740000e-03 1.997960e-01
142 7.911200e-01 7.756000e-03 2.011240e-01
143 7.898640e-01 7.564000e-03 2.025720e-01
144 7.885920e-01 7.516000e-03 2.038920e-01
145 7.873440e-01 7.296000e-03 2.053600e-01
146 7.861320e-01 7.252000e-03 2.066160e-01
147 7.848360e-01 7.216000e-03 2.079480e-01
148 7.836200e-01 7.028000e-03 2.093520e-01
149 7.824440e-01 6.984000e-03 2.105720e-01
150 7.813320e-01 6.892000e-03 2.117760e-01
151 7.801600e-01 6.880000e-03 2.129600e-01
152 7.792520e-01 6.672000e-03 2.140760e-01
153 7.781000e-01 6.684000e-03 2.152160e-01
154 7.769920e-01 6.616000e-03 2.163920e-01
155 7.757320e-01 6.744000e-03 2.175240e-01
156 7.745120e-01 6.772000e-03 2.187160e-01
157 7.733400e-01 6.704000e-03 2.199560e-01
158 7.722680e-01 6.660000e-03 2.210720e-01
159 7.712480e-01 6.596000e-03 2.221560e-01
160 7.701680e-01 6.556000e-03 2.232760e-01
161 7.690280e-01 6.448000e-03 2.245240e-01
162 7.678720e-01 6.560000e-03 2.255680e-01
163 7.667640e-01 6.528000e-03 2.267080e-01
164 7.656120e-01 6.456000e-03 2.279320e-01
165 7.644640e-01 6.444000e-03 2.290920e-01
166 7.632640e-01 6.484000e-03 2.302520e-01
167 7.621640e-01 6.352000e-03 2.314840e-01
168 7.610360e-01 6.352000e-03 2.326120e-01
169 7.599040e-01 6.436000e-03 2.336600e-01
170 7.586520e-01 6.568000e-03 2.347800e-01
171 7.575360e-01 6.572000e-03 2.358920e-01
172 7.564520e-01 6.488000e-03 2.370600e-01
173 7.552960e-01 6.596000e-03 2.381080e-01
174 7.542000e-01 6.508000e-03 2.392920e-01
175 7.531000e-01 6.480000e-03 2.404200e-01
176 7.520920e-01 6.400000e-03 2.415080e-01
177 7.510560e-01 6.336000e-03 2.426080e-01
178 7.499560e-01 6.320000e-03 2.437240e-01
179 7.489400e-01 6.216000e-03 2.448440e-01
180 7.479000e-01 6.120000e-03 2.459800e-01
181 7.468880e-01 6.028000e-03 2.470840e-01
182 7.457720e-01 6.120000e-03 2.481080e-01
183 7.446040e-01 6.144000e-03 2.492520e-01
184 7.434920e-01 6.152000e-03 2.503560e-01
185 7.424200e-01 6.172000e-03 2.514080e-01
186 7.413240e-01 6.140000e-03 2.525360e-01
187 7.403320e-01 6.068000e-03 2.536000e-01
188 7.392360e-01 6.068000e-03 2.546960e-01
189 7.382400e-01 6.008000e-03 2.557520e-01
190 7.371840e-01 5.892000e-03 2.569240e-01
191 7.361880e-01 5.888000e-03 2.579240e-01
192 7.352280e-01 5.832000e-03 2.589400e-01
193 7.343120e-01 5.696000e-03 2.599920e-01
194 7.332400e-01 5.808000e-03 2.609520e-01
195 7.322320e-01 5.936000e-03 2.618320e-01
196 7.313000e-01 5.892000e-03 2.628080e-01
197 7.303000e-01 5.832000e-03 2.638680e-01
198 7.294000e-01 5.568000e-03 2.650320e-01
199 7.284880e-01 5.568000e-03 2.659440e-01
200 7.276200e-01 5.500000e-03 2.668800e-01
201 7.267280e-01 5.388000e-03 2.678840e-01
202 7.259120e-01 5.244000e-03 2.688440e-01
203 7.251040e-01 5.212000e-03 2.696840e-01
204 7.243040e-01 5.100000e-03 2.705960e-01
205 7.236040e-01 4.868000e-03 2.715280e-01
206 7.228480e-01 4.784000e-03 2.723680e-01
207 7.221240e-01 4.692000e-03 2.731840e-01
208 7.214560e-01 4.596000e-03 2.739480e-01
209 7.208520e-01 4.364000e-03 2.747840e-01
210 7.203080e-01 4.168000e-03 2.755240e-01
211 7.196480e-01 4.080000e-03 2.762720e-01
212 7.189800e-01 4.004000e-03 2.770160e-01
213 7.182640e-01 4.016000e-03 2.777200e-01
214 7.176480e-01 3.916000e-03 2.784360e-01
215 7.170000e-01 3.872000e-03 2.791280e-01
216 7.163840e-01 3.828000e-03 2.797880e-01
217 7.157360e-01 3.892000e-03 2.803720e-01
218 7.150720e-01 3.920000e-03 2.810080e-01
219 7.144480e-01 3.772000e-03 2.817800e-01
220 7.137640e-01 3.720000e-03 2.825160e-01
221 7.130760e-01 3.724000e-03 2.832000e-01
222 7.124400e-01 3.692000e-03 2.838680e-01
223 7.117880e-01 3.680000e-03 2.845320e-01
224 7.111080e-01 3.740000e-03 2.851520e-01
225 7.104200e-01 3.744000e-03 2.858360e-01
226 7.098200e-01 3.676000e-03 2.865040e-01
227 7.092320e-01 3.624000e-03 2.871440e-01
228 7.085040e-01 3.700000e-03 2.877960e-01
229 7.077880e-01 3.712000e-03 2.885000e-01
230 7.072120e-01 3.648000e-03 2.891400e-01
231 7.066360e-01 3.720000e-03 2.896440e-01
232 7.060200e-01 3.672000e-03 2.903080e-01
233 7.053880e-01 3.660000e-03 2.909520e-01
234 7.047120e-01 3.636000e-03 2.916520e-01
235 7.041240e-01 3.600000e-03 2.922760e-01
236 7.035120e-01 3.540000e-03 2.929480e-01
237 7.029640e-01 3.412000e-03 2.936240e-01
238 7.025000e-01 3.252000e-03 2.942480e-01
239 7.019600e-01 3.252000e-03 2.947880e-01
240 7.013920e-01 3.292000e-03 2.953160e-01
241 7.008880e-01 3.216000e-03 2.958960e-01
242 7.004880e-01 3.112000e-03 2.964000e-01
243 6.999880e-01 3.072000e-03 2.969400e-01
244 6.995480e-01 2.988000e-03 2.974640e-01
245 6.990000e-01 2.996000e-03 2.980040e-01
246 6.985320e-01 2.908000e-03 2.985600e-01
247 6.980080e-01 2.912000e-03 2.990800e-01
248 6.974720e-01 2.924000e-03 2.996040e-01
249 6.969560e-01 2.956000e-03 3.000880e-01
250 6.964600e-01 2.960000e-03 3.005800e-01
251 6.959480e-01 2.952000e-03 3.011000e-01
252 6.955000e-01 2.900000e-03 3.016000e-01
253 6.950560e-01 2.868000e-03 3.020760e-01
254 6.946480e-01 2.752000e-03 3.026000e-01
255 6.942440e-01 2.664000e-03 3.030920e-01
256 6.937440e-01 2.680000e-03 3.035760e-01
257 6.932640e-01 2.716000e-03 3.040200e-01
258 6.927960e-01 2.728000e-03 3.044760e-01
259 6.923760e-01 2.600000e-03 3.050240e-01
260 6.919360e-01 2.508000e-03 3.055560e-01
261 6.914240e-01 2.612000e-03 3.059640e-01
262 6.909440e-01 2.632000e-03 3.064240e-01
263 6.904280e-01 2.700000e-03 3.068720e-01
264 6.900000e-01 2.648000e-03 3.073520e-01
265 6.894920e-01 2.704000e-03 3.078040e-01
266 6.890800e-01 2.664000e-03 3.082560e-01
267 6.886640e-01 2.588000e-03 3.087480e-01
268 6.881800e-01 2.636000e-03 3.091840e-01
269 6.878280e-01 2.488000e-03 3.096840e-01
270 6.874360e-01 2.428000e-03 3.101360e-01
271 6.869920e-01 2.396000e-03 3.106120e-01
272 6.865600e-01 2.380000e-03 3.110600e-01
273 6.861400e-01 2.408000e-03 3.114520e-01
274 6.856440e-01 2.488000e-03 3.118680e-01
275 6.851840e-01 2.428000e-03 3.123880e-01
276 6.847000e-01 2.468000e-03 3.128320e-01
277 6.842280e-01 2.488000e-03 3.132840e-01
278 6.837880e-01 2.444000e-03 3.137680e-01
279 6.833560e-01 2.460000e-03 3.141840e-01
280 6.829400e-01 2.448000e-03 3.146120e-01
281 6.825640e-01 2.416000e-03 3.150200e-01
282 6.821960e-01 2.344000e-03 3.154600e-01
283 6.818160e-01 2.296000e-03 3.158880e-01
284 6.814240e-01 2.344000e-03 3.162320e-01
285 6.809840e-01 2.360000e-03 3.166560e-01
286 6.805280e-01 2.424000e-03 3.170480e-01
287 6.801240e-01 2.340000e-03 3.175360e-01
288 6.798520e-01 2.152000e-03 3.179960e-01
289 6.795440e-01 2.124000e-03 3.183320e-01
290 6.791120e-01 2.188000e-03 3.187000e-01
291 6.787760e-01 2.152000e-03 3.190720e-01
292 6.784120e-01 2.156000e-03 3.194320e-01
293 6.780240e-01 2.156000e-03 3.198200e-01
294 6.776280e-01 2.192000e-03 3.201800e-01
295 6.773000e-01 2.176000e-03 3.205240e-01
296 6.769160e-01 2.212000e-03 3.208720e-01
297 6.765000e-01 2.208000e-03 3.212920e-01
298 6.760920e-01 2.188000e-03 3.217200e-01
299 6.756440e-01 2.264000e-03 3.220920e-01
300 6.752800e-01 2.176000e-03 3.225440e-01
301 6.748480e-01 2.204000e-03 3.229480e-01
302 6.745360e-01 2.100000e-03 3.233640e-01
303 6.742320e-01 2.080000e-03 3.236880e-01
304 6.738840e-01 2.060000e-03 3.240560e-01
305 6.735120e-01 2.044000e-03 3.244440e-01
306 6.732080e-01 1.992000e-03 3.248000e-01
307 6.729080e-01 1.928000e-03 3.251640e-01
308 6.725600e-01 1.932000e-03 3.255080e-01
309 6.722680e-01 1.868000e-03 3.258640e-01
310 6.720080e-01 1.820000e-03 3.261720e-01
311 6.717400e-01 1.764000e-03 3.264960e-01
312 6.715240e-01 1.640000e-03 3.268360e-01
313 6.712240e-01 1.712000e-03 3.270640e-01
314 6.709480e-01 1.684000e-03 3.273680e-01
315 6.706240e-01 1.716000e-03 3.276600e-01
316 6.702800e-01 1.792000e-03 3.279280e-01
317 6.699280e-01 1.868000e-03 3.282040e-01
318 6.695800e-01 1.848000e-03 3.285720e-01
319 6.692640e-01 1.868000e-03 3.288680e-01
320 6.690040e-01 1.780000e-03 3.292160e-01
321 6.687680e-01 1.712000e-03 3.295200e-01
322 6.684880e-01 1.720000e-03 3.297920e-01
323 6.682600e-01 1.652000e-03 3.300880e-01
324 6.680720e-01 1.564000e-03 3.303640e-01
325 6.678400e-01 1.496000e-03 3.306640e-01
326 6.675360e-01 1.612000e-03 3.308520e-01
327 6.673680e-01 1.488000e-03 3.311440e-01
328 6.671120e-01 1.484000e-03 3.314040e-01
329 6.668480e-01 1.484000e-03 3.316680e-01
330 6.666160e-01 1.432000e-03 3.319520e-01
331 6.663640e-01 1.412000e-03 3.322240e-01
332 6.661240e-01 1.368000e-03 3.325080e-01
333 6.659320e-01 1.312000e-03 3.327560e-01
334 6.656880e-01 1.376000e-03 3.329360e-01
335 6.654680e-01 1.308000e-03 3.332240e-01
336 6.652880e-01 1.244000e-03 3.334680e-01
337 6.651320e-01 1.184000e-03 3.336840e-01
338 6.649120e-01 1.220000e-03 3.338680e-01
339 6.646800e-01 1.276000e-03 3.340440e-01
340 6.644800e-01 1.228000e-03 3.342920e-01
341 6.642520e-01 1.252000e-03 3.344960e-01
342 6.640440e-01 1.252000e-03 3.347040e-01
343 6.638360e-01 1.268000e-03 3.348960e-01
344 6.636040e-01 1.236000e-03 3.351600e-01
345 6.633640e-01 1.236000e-03 3.354000e-01
346 6.631520e-01 1.208000e-03 3.356400e-01
347 6.629360e-01 1.240000e-03 3.358240e-01
348 6.626120e-01 1.320000e-03 3.360680e-01
349 6.624080e-01 1.272000e-03 3.363200e-01
350 6.621640e-01 1.296000e-03 3.365400e-01
351 6.619360e-01 1.304000e-03 3.367600e-01
352 6.616440e-01 1.372000e-03 3.369840e-01
353 6.613800e-01 1.420000e-03 3.372000e-01
354 6.610800e-01 1.476000e-03 3.374440e-01
355 6.607880e-01 1.540000e-03 3.376720e-01
356 6.604640e-01 1.552000e-03 3.379840e-01
357 6.601360e-01 1.584000e-03 3.382800e-01
358 6.598280e-01 1.660000e-03 3.385120e-01
359 6.595560e-01 1.636000e-03 3.388080e-01
360 6.592720e-01 1.668000e-03 3.390600e-01
361 6.589240e-01 1.740000e-03 3.393360e-01
362 6.586640e-01 1.656000e-03 3.396800e-01
363 6.583560e-01 1.636000e-03 3.400080e-01
364 6.581240e-01 1.544000e-03 3.403320e-01
365 6.578240e-01 1.656000e-03 3.405200e-01
366 6.575080e-01 1.652000e-03 3.408400e-01
367 6.572120e-01 1.656000e-03 3.411320e-01
368 6.569600e-01 1.612000e-03 3.414280e-01
369 6.567080e-01 1.584000e-03 3.417080e-01
370 6.564920e-01 1.544000e-03 3.419640e-01
371 6.561800e-01 1.572000e-03 3.422480e-01
372 6.559240e-01 1.524000e-03 3.425520e-01
373 6.557320e-01 1.448000e-03 3.428200e-01
374 6.554960e-01 1.444000e-03 3.430600e-01
375 6.552680e-01 1.456000e-03 3.432760e-01
376 6.550280e-01 1.460000e-03 3.435120e-01
377 6.548240e-01 1.436000e-03 3.437400e-01
378 6.546000e-01 1.392000e-03 3.440080e-01
379 6.544240e-01 1.348000e-03 3.442280e-01
380 6.541960e-01 1.380000e-03 3.444240e-01
381 6.539520e-01 1.400000e-03 3.446480e-01
382 6.537600e-01 1.308000e-03 3.449320e-01
383 6.535320e-01 1.280000e-03 3.451880e-01
384 6.532640e-01 1.388000e-03 3.453480e-01
385 6.530400e-01 1.412000e-03 3.455480e-01
386 6.527880e-01 1.428000e-03 3.457840e-01
387 6.525360e-01 1.420000e-03 3.460440e-01
388 6.522600e-01 1.428000e-03 3.463120e-01
389 6.519800e-01 1.444000e-03 3.465760e-01
390 6.516960e-01 1.488000e-03 3.468160e-01
391 6.513800e-01 1.520000e-03 3.471000e-01
392 6.511000e-01 1.556000e-03 3.473440e-01
393 6.508720e-01 1.484000e-03 3.476440e-01
394 6.505920e-01 1.500000e-03 3.479080e-01
395 6.502640e-01 1.596000e-03 3.481400e-01
396 6.499880e-01 1.632000e-03 3.483800e-01
397 6.497560e-01 1.560000e-03 3.486840e-01
398 6.495680e-01 1.492000e-03 3.489400e-01
399 6.492880e-01 1.476000e-03 3.492360e-01
400 6.490840e-01 1.384000e-03 3.495320e-01
401 6.488640e-01 1.380000e-03 3.497560e-01
402 6.486200e-01 1.400000e-03 3.499800e-01
403 6.484000e-01 1.340000e-03 3.502600e-01
404 6.481360e-01 1.324000e-03 3.505400e-01
405 6.478480e-01 1.388000e-03 3.507640e-01
406 6.476640e-01 1.328000e-03 3.510080e-01
407 6.474040e-01 1.328000e-03 3.512680e-01
408 6.471480e-01 1.324000e-03 3.515280e-01
409 6.469000e-01 1.336000e-03 3.517640e-01
410 6.466560e-01 1.324000e-03 3.520200e-01
411 6.464120e-01 1.352000e-03 3.522360e-01
412 6.462240e-01 1.272000e-03 3.525040e-01
413 6.460240e-01 1.228000e-03 3.527480e-01
414 6.458600e-01 1.132000e-03 3.530080e-01
415 6.457360e-01 1.060000e-03 3.532040e-01
416 6.455880e-01 1.040000e-03 3.533720e-01
417 6.454440e-01 9.760000e-04 3.535800e-01
418 6.452800e-01 9.920000e-04 3.537280e-01
419 6.450840e-01 9.760000e-04 3.539400e-01
420 6.448760e-01 1.020000e-03 3.541040e-01
421 6.446440e-01 1.060000e-03 3.542960e-01
422 6.444720e-01 1.092000e-03 3.544360e-01
423 6.443240e-01 1.020000e-03 3.546560e-01
424 6.441800e-01 9.800000e-04 3.548400e-01
425 6.440560e-01 9.960000e-04 3.549480e-01
426 6.439200e-01 9.680000e-04 3.551120e-01
427 6.437880e-01 9.680000e-04 3.552440e-01
428 6.436480e-01 9.040000e-04 3.554480e-01
429 6.435440e-01 8.680000e-04 3.555880e-01
430 6.433720e-01 8.960000e-04 3.557320e-01
431 6.432040e-01 9.160000e-04 3.558800e-01
432 6.430680e-01 8.960000e-04 3.560360e-01
433 6.429040e-01 8.840000e-04 3.562120e-01
434 6.427840e-01 8.360000e-04 3.563800e-01
435 6.426960e-01 7.920000e-04 3.565120e-01
436 6.425240e-01 8.360000e-04 3.566400e-01
437 6.424160e-01 8.280000e-04 3.567560e-01
438 6.423160e-01 7.720000e-04 3.569120e-01
439 6.422080e-01 7.480000e-04 3.570440e-01
440 6.420960e-01 7.320000e-04 3.571720e-01
441 6.419880e-01 7.240000e-04 3.572880e-01
442 6.419160e-01 6.800000e-04 3.574040e-01
443 6.418480e-01 6.000000e-04 3.575520e-01
444 6.417520e-01 6.040000e-04 3.576440e-01
445 6.416600e-01 5.960000e-04 3.577440e-01
446 6.415760e-01 5.880000e-04 3.578360e-01
447 6.414680e-01 5.880000e-04 3.579440e-01
448 6.413640e-01 5.760000e-04 3.580600e-01
449 6.412520e-01 6.000000e-04 3.581480e-01
450 6.411800e-01 5.840000e-04 3.582360e-01
451 6.410720e-01 5.960000e-04 3.583320e-01
452 6.410080e-01 5.440000e-04 3.584480e-01
453 6.409160e-01 5.400000e-04 3.585440e-01
454 6.408120e-01 5.560000e-04 3.586320e-01
455 6.406840e-01 5.840000e-04 3.587320e-01
456 6.405800e-01 6.160000e-04 3.588040e-01
457 6.404600e-01 6.240000e-04 3.589160e-01
458 6.403880e-01 5.880000e-04 3.590240e-01
459 6.403320e-01 5.520000e-04 3.591160e-01
460 6.402640e-01 4.920000e-04 3.592440e-01
461 6.401880e-01 4.920000e-04 3.593200e-01
462 6.400680e-01 5.440000e-04 3.593880e-01
463 6.399840e-01 4.800000e-04 3.595360e-01
464 6.398920e-01 4.760000e-04 3.596320e-01
465 6.397800e-01 4.960000e-04 3.597240e-01
466 6.396960e-01 4.800000e-04 3.598240e-01
467 6.396240e-01 4.920000e-04 3.598840e-01
468 6.395400e-01 4.840000e-04 3.599760e-01
469 6.393920e-01 5.440000e-04 3.600640e-01
470 6.392920e-01 5.320000e-04 3.601760e-01
471 6.392040e-01 5.360000e-04 3.602600e-01
472 6.391040e-01 5.640000e-04 3.603320e-01
473 6.390440e-01 5.000000e-04 3.604560e-01
474 6.389640e-01 5.120000e-04 3.605240e-01
475 6.388800e-01 5.040000e-04 3.606160e-01
476 6.387760e-01 5.200000e-04 3.607040e-01
477 6.387000e-01 4.840000e-04 3.608160e-01
478 6.385680e-01 5.440000e-04 3.608880e-01
479 6.384760e-01 5.360000e-04 3.609880e-01
480 6.383840e-01 5.360000e-04 3.610800e-01
481 6.382840e-01 5.440000e-04 3.611720e-01
482 6.381920e-01 5.640000e-04 3.612440e-01
483 6.380920e-01 5.600000e-04 3.613480e-01
484 6.380000e-01 5.520000e-04 3.614480e-01
485 6.379040e-01 5.440000e-04 3.615520e-01
486 6.377720e-01 5.720000e-04 3.616560e-01
487 6.376280e-01 5.920000e-04 3.617800e-01
488 6.375440e-01 5.680000e-04 3.618880e-01
489 6.374400e-01 5.680000e-04 3.619920e-01
490 6.373160e-01 5.880000e-04 3.620960e-01
491 6.372520e-01 5.160000e-04 3.622320e-01
492 6.371400e-01 5.080000e-04 3.623520e-01
493 6.370480e-01 5.160000e-04 3.624360e-01
494 6.369520e-01 5.360000e-04 3.625120e-01
495 6.368600e-01 5.240000e-04 3.626160e-01
496 6.367800e-01 5.280000e-04 3.626920e-01
497 6.367080e-01 5.160000e-04 3.627760e-01
498 6.366360e-01 5.000000e-04 3.628640e-01
499 6.365640e-01 4.760000e-04 3.629600e-01
500 6.364920e-01 4.680000e-04 3.630400e-01
