1 9.993600e-01 5.360000e-04 1.040000e-04
2 9.988840e-01 8.640000e-04 2.520000e-04
3 9.984000e-01 1.168000e-03 4.320000e-04
4 9.977400e-01 1.616000e-03 6.440000e-04
5 9.971200e-01 1.916000e-03 9.640000e-04
6 9.963400e-01 2.396000e-03 1.264000e-03
7 9.954640e-01 2.828000e-03 1.708000e-03
8 9.945600e-01 3.272000e-03 2.168000e-03
9 9.937080e-01 3.516000e-03 2.776000e-03
10 9.927600e-01 3.744000e-03 3.496000e-03
11 9.918160e-01 4.016000e-03 4.168000e-03
12 9.909200e-01 4.128000e-03 4.952000e-03
13 9.900280e-01 4.264000e-03 5.708000e-03
14 9.890680e-01 4.404000e-03 6.528000e-03
15 9.881880e-01 4.524000e-03 7.288000e-03
16 9.872960e-01 4.648000e-03 8.056000e-03
17 9.863320e-01 4.744000e-03 8.924000e-03
18 9.854400e-01 4.800000e-03 9.760000e-03
19 9.844200e-01 4.996000e-03 1.058400e-02
20 9.834120e-01 5.052000e-03 1.153600e-02
21 9.824000e-01 5.140000e-03 1.246000e-02
22 9.812600e-01 5.384000e-03 1.335600e-02
23 9.800960e-01 5.640000e-03 1.426400e-02
24 9.790840e-01 5.620000e-03 1.529600e-02
25 9.781560e-01 5.628000e-03 1.621600e-02
26 9.771200e-01 5.796000e-03 1.708400e-02
27 9.760160e-01 5.952000e-03 1.803200e-02
28 9.749120e-01 5.972000e-03 1.911600e-02
29 9.738360e-01 5.968000e-03 2.019600e-02
30 9.726920e-01 5.964000e-03 2.134400e-02
31 9.715200e-01 6.172000e-03 2.230800e-02
32 9.702520e-01 6.316000e-03 2.343200e-02
33 9.689560e-01 6.508000e-03 2.453600e-02
34 9.676920e-01 6.664000e-03 2.564400e-02
35 9.663640e-01 6.904000e-03 2.673200e-02
36 9.649920e-01 7.024000e-03 2.798400e-02
37 9.635360e-01 7.024000e-03 2.944000e-02
38 9.622960e-01 6.884000e-03 3.082000e-02
39 9.608760e-01 6.988000e-03 3.213600e-02
40 9.595760e-01 7.228000e-03 3.319600e-02
41 9.581920e-01 7.460000e-03 3.434800e-02
42 9.566360e-01 7.640000e-03 3.572400e-02
43 9.552160e-01 7.784000e-03 3.700000e-02
44 9.538160e-01 8.008000e-03 3.817600e-02
45 9.521800e-01 8.388000e-03 3.943200e-02
46 9.506160e-01 8.268000e-03 4.111600e-02
47 9.490360e-01 8.364000e-03 4.260000e-02
48 9.475640e-01 8.352000e-03 4.408400e-02
49 9.460400e-01 8.372000e-03 4.558800e-02
50 9.446360e-01 8.308000e-03 4.705600e-02
51 9.431200e-01 8.308000e-03 4.857200e-02
52 9.415960e-01 8.480000e-03 4.992400e-02
53 9.400280e-01 8.644000e-03 5.132800e-02
54 9.383520e-01 8.804000e-03 5.284400e-02
55 9.367880e-01 8.784000e-03 5.442800e-02
56 9.352240e-01 8.900000e-03 5.587600e-02
57 9.337440e-01 8.760000e-03 5.749600e-02
58 9.322520e-01 8.700000e-03 5.904800e-02
59 9.307320e-01 8.612000e-03 6.065600e-02
60 9.292400e-01 8.596000e-03 6.216400e-02
61 9.277520e-01 8.608000e-03 6.364000e-02
62 9.263560e-01 8.524000e-03 6.512000e-02
63 9.250240e-01 8.324000e-03 6.665200e-02
64 9.235480e-01 8.208000e-03 6.824400e-02
65 9.220080e-01 8.428000e-03 6.956400e-02
66 9.204280e-01 8.556000e-03 7.101600e-02
67 9.188960e-01 8.564000e-03 7.254000e-02
68 9.173520e-01 8.540000e-03 7.410800e-02
69 9.156800e-01 8.712000e-03 7.560800e-02
70 9.141240e-01 8.824000e-03 7.705200e-02
71 9.125560e-01 8.844000e-03 7.860000e-02
72 9.112800e-01 8.672000e-03 8.004800e-02
73 9.097360e-01 8.788000e-03 8.147600e-02
74 9.080720e-01 8.932000e-03 8.299600e-02
75 9.064760e-01 8.948000e-03 8.457600e-02
76 9.048680e-01 8.916000e-03 8.621600e-02
77 9.031760e-01 9.052000e-03 8.777200e-02
78 9.016400e-01 8.924000e-03 8.943600e-02
79 9.001200e-01 8.900000e-03 9.098000e-02
80 8.985200e-01 8.952000e-03 9.252800e-02
81 8.967240e-01 9.168000e-03 9.410800e-02
82 8.949640e-01 9.324000e-03 9.571200e-02
83 8.934600e-01 9.244000e-03 9.729600e-02
84 8.919760e-01 9.104000e-03 9.892000e-02
85 8.905720e-01 8.984000e-03 1.004440e-01
86 8.892320e-01 8.808000e-03 1.019600e-01
87 8.877920e-01 8.720000e-03 1.034880e-01
88 8.864120e-01 8.572000e-03 1.050160e-01
89 8.849680e-01 8.524000e-03 1.065080e-01
90 8.836200e-01 8.336000e-03 1.080440e-01
91 8.821920e-01 8.340000e-03 1.094680e-01
92 8.808360e-01 8.212000e-03 1.109520e-01
93 8.794040e-01 8.224000e-03 1.123720e-01
94 8.779560e-01 8.344000e-03 1.137000e-01
95 8.765400e-01 8.128000e-03 1.153320e-01
96 8.750760e-01 8.228000e-03 1.166960e-01
97 8.735840e-01 8.208000e-03 1.182080e-01
98 8.721520e-01 8.324000e-03 1.195240e-01
99 8.709200e-01 8.196000e-03 1.208840e-01
100 8.694680e-01 8.172000e-03 1.223600e-01
101 8.680800e-01 8.236000e-03 1.236840e-01
102 8.666320e-01 8.320000e-03 1.250480e-01
103 8.652440e-01 8.240000e-03 1.265160e-01
104 8.637960e-01 8.272000e-03 1.279320e-01
105 8.625560e-01 8.016000e-03 1.294280e-01
106 8.613360e-01 7.872000e-03 1.307920e-01
107 8.600720e-01 7.708000e-03 1.322200e-01
108 8.587120e-01 7.668000e-03 1.336200e-01
109 8.574640e-01 7.544000e-03 1.349920e-01
110 8.563200e-01 7.380000e-03 1.363000e-01
111 8.550360e-01 7.436000e-03 1.375280e-01
112 8.537720e-01 7.424000e-03 1.388040e-01
113 8.527360e-01 7.284000e-03 1.399800e-01
114 8.515440e-01 7.176000e-03 1.412800e-01
115 8.504640e-01 6.976000e-03 1.425600e-01
116 8.494160e-01 6.772000e-03 1.438120e-01
117 8.483320e-01 6.668000e-03 1.450000e-01
118 8.470880e-01 6.840000e-03 1.460720e-01
119 8.460040e-01 6.772000e-03 1.472240e-01
120 8.448360e-01 6.824000e-03 1.483400e-01
121 8.437320e-01 6.672000e-03 1.495960e-01
122 8.426040e-01 6.604000e-03 1.507920e-01
123 8.415040e-01 6.548000e-03 1.519480e-01
124 8.403000e-01 6.556000e-03 1.531440e-01
125 8.391880e-01 6.608000e-03 1.542040e-01
126 8.379320e-01 6.692000e-03 1.553760e-01
127 8.368280e-01 6.656000e-03 1.565160e-01
128 8.356320e-01 6.676000e-03 1.576920e-01
129 8.343360e-01 6.776000e-03 1.588880e-01
130 8.332160e-01 6.724000e-03 1.600600e-01
131 8.321160e-01 6.672000e-03 1.612120e-01
132 8.310480e-01 6.548000e-03 1.624040e-01
133 8.300360e-01 6.452000e-03 1.635120e-01
134 8.290000e-01 6.360000e-03 1.646400e-01
135 8.281400e-01 6.112000e-03 1.657480e-01
136 8.271640e-01 6.020000e-03 1.668160e-01
137 8.261000e-01 6.032000e-03 1.678680e-01
138 8.252360e-01 5.836000e-03 1.689280e-01
139 8.242360e-01 5.696000e-03 1.700680e-01
140 8.232960e-01 5.692000e-03 1.710120e-01
141 8.222600e-01 5.748000e-03 1.719920e-01
142 8.210960e-01 5.876000e-03 1.730280e-01
143 8.201760e-01 5.860000e-03 1.739640e-01
144 8.192600e-01 5.668000e-03 1.750720e-01
145 8.183160e-01 5.636000e-03 1.760480e-01
146 8.173840e-01 5.572000e-03 1.770440e-01
147 8.165440e-01 5.544000e-03 1.779120e-01
148 8.156680e-01 5.528000e-03 1.788040e-01
149 8.147680e-01 5.424000e-03 1.798080e-01
150 8.139480e-01 5.204000e-03 1.808480e-01
151 8.128920e-01 5.348000e-03 1.817600e-01
152 8.121080e-01 5.128000e-03 1.827640e-01
153 8.110840e-01 5.236000e-03 1.836800e-01
154 8.102320e-01 5.128000e-03 1.846400e-01
155 8.094760e-01 4.956000e-03 1.855680e-01
156 8.086600e-01 4.832000e-03 1.865080e-01
157 8.077680e-01 4.852000e-03 1.873800e-01
158 8.069760e-01 4.852000e-03 1.881720e-01
159 8.061640e-01 4.736000e-03 1.891000e-01
160 8.053480e-01 4.612000e-03 1.900400e-01
161 8.045840e-01 4.536000e-03 1.908800e-01
162 8.036680e-01 4.692000e-03 1.916400e-01
163 8.028760e-01 4.636000e-03 1.924880e-01
164 8.020920e-01 4.544000e-03 1.933640e-01
165 8.012800e-01 4.572000e-03 1.941480e-01
166 8.005960e-01 4.404000e-03 1.950000e-01
167 7.998520e-01 4.432000e-03 1.957160e-01
168 7.990840e-01 4.392000e-03 1.965240e-01
169 7.982400e-01 4.460000e-03 1.973000e-01
170 7.973720e-01 4.540000e-03 1.980880e-01
171 7.965360e-01 4.596000e-03 1.988680e-01
172 7.957360e-01 4.636000e-03 1.996280e-01
173 7.949800e-01 4.592000e-03 2.004280e-01
174 7.942000e-01 4.688000e-03 2.011120e-01
175 7.933800e-01 4.676000e-03 2.019440e-01
176 7.926520e-01 4.624000e-03 2.027240e-01
177 7.919200e-01 4.588000e-03 2.034920e-01
178 7.911800e-01 4.584000e-03 2.042360e-01
179 7.904160e-01 4.532000e-03 2.050520e-01
180 7.897480e-01 4.456000e-03 2.057960e-01
181 7.889360e-01 4.556000e-03 2.065080e-01
182 7.881160e-01 4.504000e-03 2.073800e-01
183 7.874280e-01 4.396000e-03 2.081760e-01
184 7.866080e-01 4.396000e-03 2.089960e-01
185 7.859200e-01 4.272000e-03 2.098080e-01
186 7.851680e-01 4.256000e-03 2.105760e-01
187 7.844520e-01 4.212000e-03 2.113360e-01
188 7.837560e-01 4.148000e-03 2.120960e-01
189 7.829120e-01 4.328000e-03 2.127600e-01
190 7.821680e-01 4.216000e-03 2.136160e-01
191 7.814320e-01 4.136000e-03 2.144320e-01
192 7.807800e-01 4.020000e-03 2.152000e-01
193 7.801360e-01 3.940000e-03 2.159240e-01
194 7.795280e-01 3.780000e-03 2.166920e-01
195 7.789600e-01 3.636000e-03 2.174040e-01
196 7.784520e-01 3.596000e-03 2.179520e-01
197 7.778680e-01 3.536000e-03 2.185960e-01
198 7.773600e-01 3.456000e-03 2.191840e-01
199 7.767640e-01 3.484000e-03 2.197520e-01
200 7.761920e-01 3.552000e-03 2.202560e-01
201 7.755520e-01 3.580000e-03 2.208680e-01
202 7.749920e-01 3.436000e-03 2.215720e-01
203 7.744640e-01 3.364000e-03 2.221720e-01
204 7.738080e-01 3.456000e-03 2.227360e-01
205 7.732600e-01 3.388000e-03 2.233520e-01
206 7.727640e-01 3.372000e-03 2.238640e-01
207 7.722640e-01 3.340000e-03 2.243960e-01
208 7.718560e-01 3.188000e-03 2.249560e-01
209 7.713440e-01 3.108000e-03 2.255480e-01
210 7.708120e-01 3.080000e-03 2.261080e-01
211 7.703680e-01 3.044000e-03 2.265880e-01
212 7.697520e-01 3.084000e-03 2.271640e-01
213 7.691560e-01 3.108000e-03 2.277360e-01
214 7.686400e-01 3.108000e-03 2.282520e-01
215 7.681080e-01 3.072000e-03 2.288200e-01
216 7.676600e-01 2.948000e-03 2.293920e-01
217 7.671800e-01 2.888000e-03 2.299320e-01
218 7.667160e-01 2.884000e-03 2.304000e-01
219 7.662320e-01 2.824000e-03 2.309440e-01
220 7.658040e-01 2.704000e-03 2.314920e-01
221 7.653160e-01 2.720000e-03 2.319640e-01
222 7.648720e-01 2.692000e-03 2.324360e-01
223 7.643960e-01 2.736000e-03 2.328680e-01
224 7.639360e-01 2.744000e-03 2.333200e-01
225 7.635320e-01 2.680000e-03 2.337880e-01
226 7.631160e-01 2.668000e-03 2.342160e-01
227 7.626680e-01 2.656000e-03 2.346760e-01
228 7.623000e-01 2.608000e-03 2.350920e-01
229 7.618840e-01 2.584000e-03 2.355320e-01
230 7.614080e-01 2.612000e-03 2.359800e-01
231 7.609440e-01 2.616000e-03 2.364400e-01
232 7.604840e-01 2.656000e-03 2.368600e-01
233 7.600680e-01 2.580000e-03 2.373520e-01
234 7.596240e-01 2.572000e-03 2.378040e-01
235 7.592000e-01 2.592000e-03 2.382080e-01
236 7.588000e-01 2.540000e-03 2.386600e-01
237 7.584440e-01 2.480000e-03 2.390760e-01
238 7.579600e-01 2.520000e-03 2.395200e-01
239 7.575000e-01 2.564000e-03 2.399360e-01
240 7.571120e-01 2.480000e-03 2.404080e-01
241 7.566760e-01 2.424000e-03 2.409000e-01
242 7.562240e-01 2.444000e-03 2.413320e-01
243 7.558040e-01 2.448000e-03 2.417480e-01
244 7.554440e-01 2.356000e-03 2.422000e-01
245 7.549480e-01 2.504000e-03 2.425480e-01
246 7.545440e-01 2.428000e-03 2.430280e-01
247 7.541240e-01 2.432000e-03 2.434440e-01
248 7.536840e-01 2.396000e-03 2.439200e-01
249 7.532480e-01 2.372000e-03 2.443800e-01
250 7.529080e-01 2.264000e-03 2.448280e-01
251 7.524400e-01 2.324000e-03 2.452360e-01
252 7.520480e-01 2.232000e-03 2.457200e-01
253 7.516920e-01 2.224000e-03 2.460840e-01
254 7.514000e-01 2.160000e-03 2.464400e-01
255 7.510880e-01 2.100000e-03 2.468120e-01
256 7.507480e-01 2.096000e-03 2.471560e-01
257 7.503960e-01 2.072000e-03 2.475320e-01
258 7.499720e-01 2.116000e-03 2.479120e-01
259 7.495920e-01 2.152000e-03 2.482560e-01
260 7.492200e-01 2.144000e-03 2.486360e-01
261 7.488240e-01 2.184000e-03 2.489920e-01
262 7.484720e-01 2.124000e-03 2.494040e-01
263 7.481800e-01 2.028000e-03 2.497920e-01
264 7.478120e-01 1.948000e-03 2.502400e-01
265 7.475240e-01 1.916000e-03 2.505600e-01
266 7.471480e-01 1.964000e-03 2.508880e-01
267 7.467720e-01 2.012000e-03 2.512160e-01
268 7.464320e-01 2.000000e-03 2.515680e-01
269 7.460880e-01 1.960000e-03 2.519520e-01
270 7.457640e-01 1.936000e-03 2.523000e-01
271 7.453760e-01 1.996000e-03 2.526280e-01
272 7.450720e-01 1.988000e-03 2.529400e-01
273 7.447520e-01 2.044000e-03 2.532040e-01
274 7.444600e-01 1.968000e-03 2.535720e-01
275 7.440920e-01 2.004000e-03 2.539040e-01
276 7.437320e-01 2.016000e-03 2.542520e-01
277 7.433560e-01 2.096000e-03 2.545480e-01
278 7.429640e-01 2.048000e-03 2.549880e-01
279 7.425960e-01 1.996000e-03 2.554080e-01
280 7.422840e-01 1.916000e-03 2.558000e-01
281 7.419160e-01 1.984000e-03 2.561000e-01
282 7.416080e-01 1.932000e-03 2.564600e-01
283 7.412800e-01 1.932000e-03 2.567880e-01
284 7.409160e-01 2.004000e-03 2.570800e-01
285 7.405840e-01 1.944000e-03 2.574720e-01
286 7.403560e-01 1.844000e-03 2.578000e-01
287 7.400560e-01 1.848000e-03 2.580960e-01
288 7.397200e-01 1.864000e-03 2.584160e-01
289 7.393880e-01 1.892000e-03 2.587200e-01
290 7.390080e-01 1.992000e-03 2.590000e-01
291 7.386240e-01 2.044000e-03 2.593320e-01
292 7.383560e-01 1.928000e-03 2.597160e-01
293 7.380640e-01 1.836000e-03 2.601000e-01
294 7.378000e-01 1.832000e-03 2.603680e-01
295 7.375760e-01 1.716000e-03 2.607080e-01
296 7.372360e-01 1.724000e-03 2.610400e-01
297 7.369280e-01 1.716000e-03 2.613560e-01
298 7.366640e-01 1.632000e-03 2.617040e-01
299 7.363760e-01 1.624000e-03 2.620000e-01
300 7.361080e-01 1.560000e-03 2.623320e-01
301 7.358560e-01 1.500000e-03 2.626440e-01
302 7.355640e-01 1.512000e-03 2.629240e-01
303 7.352160e-01 1.608000e-03 2.631760e-01
304 7.349120e-01 1.660000e-03 2.634280e-01
305 7.345840e-01 1.720000e-03 2.636960e-01
306 7.342440e-01 1.780000e-03 2.639760e-01
307 7.338240e-01 1.908000e-03 2.642680e-01
308 7.335040e-01 1.872000e-03 2.646240e-01
309 7.332320e-01 1.860000e-03 2.649080e-01
310 7.327880e-01 2.024000e-03 2.651880e-01
311 7.323920e-01 2.024000e-03 2.655840e-01
312 7.319240e-01 2.088000e-03 2.659880e-01
313 7.314880e-01 2.168000e-03 2.663440e-01
314 7.311640e-01 2.084000e-03 2.667520e-01
315 7.307280e-01 2.156000e-03 2.671160e-01
316 7.304400e-01 2.008000e-03 2.675520e-01
317 7.300560e-01 2.052000e-03 2.678920e-01
318 7.296040e-01 2.112000e-03 2.682840e-01
319 7.291560e-01 2.196000e-03 2.686480e-01
320 7.288280e-01 2.180000e-03 2.689920e-01
321 7.284320e-01 2.208000e-03 2.693600e-01
322 7.280120e-01 2.244000e-03 2.697440e-01
323 7.275880e-01 2.288000e-03 2.701240e-01
324 7.272320e-01 2.240000e-03 2.705280e-01
325 7.268080e-01 2.340000e-03 2.708520e-01
326 7.263520e-01 2.344000e-03 2.713040e-01
327 7.259080e-01 2.356000e-03 2.717360e-01
328 7.255280e-01 2.344000e-03 2.721280e-01
329 7.250840e-01 2.308000e-03 2.726080e-01
330 7.246960e-01 2.292000e-03 2.730120e-01
331 7.243280e-01 2.288000e-03 2.733840e-01
332 7.239200e-01 2.376000e-03 2.737040e-01
333 7.234640e-01 2.380000e-03 2.741560e-01
334 7.230480e-01 2.360000e-03 2.745920e-01
335 7.227160e-01 2.292000e-03 2.749920e-01
336 7.224000e-01 2.204000e-03 2.753960e-01
337 7.220760e-01 2.172000e-03 2.757520e-01
338 7.216360e-01 2.256000e-03 2.761080e-01
339 7.212920e-01 2.220000e-03 2.764880e-01
340 7.209600e-01 2.144000e-03 2.768960e-01
341 7.206080e-01 2.076000e-03 2.773160e-01
342 7.203320e-01 1.980000e-03 2.776880e-01
343 7.199840e-01 1.972000e-03 2.780440e-01
344 7.196440e-01 1.984000e-03 2.783720e-01
345 7.193160e-01 1.968000e-03 2.787160e-01
346 7.190520e-01 1.880000e-03 2.790680e-01
347 7.187200e-01 1.848000e-03 2.794320e-01
348 7.184560e-01 1.784000e-03 2.797600e-01
349 7.181920e-01 1.760000e-03 2.800480e-01
350 7.179400e-01 1.748000e-03 2.803120e-01
351 7.177160e-01 1.660000e-03 2.806240e-01
352 7.174840e-01 1.620000e-03 2.808960e-01
353 7.172120e-01 1.600000e-03 2.811880e-01
354 7.169840e-01 1.488000e-03 2.815280e-01
355 7.167080e-01 1.456000e-03 2.818360e-01
356 7.164440e-01 1.456000e-03 2.821000e-01
357 7.161800e-01 1.452000e-03 2.823680e-01
358 7.159760e-01 1.424000e-03 2.826000e-01
359 7.157800e-01 1.376000e-03 2.828440e-01
360 7.155480e-01 1.344000e-03 2.831080e-01
361 7.153720e-01 1.292000e-03 2.833360e-01
362 7.151600e-01 1.320000e-03 2.835200e-01
363 7.149320e-01 1.296000e-03 2.837720e-01
364 7.148120e-01 1.172000e-03 2.840160e-01
365 7.146920e-01 1.092000e-03 2.842160e-01
366 7.145760e-01 1.032000e-03 2.843920e-01
367 7.144440e-01 1.012000e-03 2.845440e-01
368 7.143240e-01 9.800000e-04 2.846960e-01
369 7.141320e-01 1.036000e-03 2.848320e-01
370 7.139880e-01 9.800000e-04 2.850320e-01
371 7.137800e-01 1.028000e-03 2.851920e-01
372 7.135720e-01 1.044000e-03 2.853840e-01
373 7.133960e-01 1.040000e-03 2.855640e-01
374 7.132400e-01 9.960000e-04 2.857640e-01
375 7.130800e-01 9.920000e-04 2.859280e-01
376 7.129160e-01 9.640000e-04 2.861200e-01
377 7.127480e-01 9.000000e-04 2.863520e-01
378 7.126200e-01 8.680000e-04 2.865120e-01
379 7.124800e-01 8.520000e-04 2.866680e-01
380 7.123440e-01 8.360000e-04 2.868200e-01
381 7.122000e-01 8.280000e-04 2.869720e-01
382 7.120360e-01 8.520000e-04 2.871120e-01
383 7.119240e-01 8.400000e-04 2.872360e-01
384 7.118200e-01 8.160000e-04 2.873640e-01
385 7.117120e-01 7.960000e-04 2.874920e-01
386 7.115880e-01 8.080000e-04 2.876040e-01
387 7.114520e-01 7.840000e-04 2.877640e-01
388 7.113600e-01 7.400000e-04 2.879000e-01
389 7.112120e-01 7.800000e-04 2.880080e-01
390 7.110680e-01 7.760000e-04 2.881560e-01
391 7.109280e-01 7.600000e-04 2.883120e-01
392 7.107800e-01 7.720000e-04 2.884480e-01
393 7.106480e-01 7.720000e-04 2.885800e-01
394 7.105440e-01 7.200000e-04 2.887360e-01
395 7.104320e-01 6.760000e-04 2.888920e-01
396 7.103480e-01 6.640000e-04 2.889880e-01
397 7.102760e-01 6.360000e-04 2.890880e-01
398 7.101640e-01 5.920000e-04 2.892440e-01
399 7.100400e-01 6.480000e-04 2.893120e-01
400 7.099120e-01 6.440000e-04 2.894440e-01
401 7.098040e-01 6.680000e-04 2.895280e-01
402 7.096920e-01 6.720000e-04 2.896360e-01
403 7.096120e-01 6.160000e-04 2.897720e-01
404 7.094920e-01 6.640000e-04 2.898440e-01
405 7.093800e-01 6.720000e-04 2.899480e-01
406 7.092640e-01 6.640000e-04 2.900720e-01
407 7.091480e-01 7.000000e-04 2.901520e-01
408 7.089760e-01 7.640000e-04 2.902600e-01
409 7.088320e-01 8.000000e-04 2.903680e-01
410 7.087280e-01 7.560000e-04 2.905160e-01
411 7.085960e-01 7.560000e-04 2.906480e-01
412 7.084240e-01 8.040000e-04 2.907720e-01
413 7.082320e-01 8.240000e-04 2.909440e-01
414 7.080520e-01 8.760000e-04 2.910720e-01
415 7.078840e-01 9.000000e-04 2.912160e-01
416 7.077080e-01 9.360000e-04 2.913560e-01
417 7.075560e-01 9.160000e-04 2.915280e-01
418 7.074080e-01 9.160000e-04 2.916760e-01
419 7.072040e-01 9.920000e-04 2.918040e-01
420 7.070400e-01 1.028000e-03 2.919320e-01
421 7.068840e-01 1.024000e-03 2.920920e-01
422 7.067480e-01 1.000000e-03 2.922520e-01
423 7.066040e-01 9.400000e-04 2.924560e-01
424 7.064960e-01 8.880000e-04 2.926160e-01
425 7.064240e-01 8.000000e-04 2.927760e-01
426 7.063480e-01 7.440000e-04 2.929080e-01
427 7.062560e-01 6.880000e-04 2.930560e-01
428 7.061960e-01 6.280000e-04 2.931760e-01
429 7.061240e-01 6.040000e-04 2.932720e-01
430 7.060480e-01 5.800000e-04 2.933720e-01
431 7.059880e-01 5.360000e-04 2.934760e-01
432 7.059440e-01 5.000000e-04 2.935560e-01
433 7.059040e-01 4.480000e-04 2.936480e-01
434 7.058680e-01 4.320000e-04 2.937000e-01
435 7.058000e-01 4.080000e-04 2.937920e-01
436 7.057080e-01 4.320000e-04 2.938600e-01
437 7.056360e-01 4.240000e-04 2.939400e-01
438 7.055480e-01 4.320000e-04 2.940200e-01
439 7.054880e-01 4.320000e-04 2.940800e-01
440 7.053960e-01 4.080000e-04 2.941960e-01
441 7.053280e-01 4.160000e-04 2.942560e-01
442 7.052560e-01 4.240000e-04 2.943200e-01
443 7.051640e-01 4.240000e-04 2.944120e-01
444 7.051040e-01 4.080000e-04 2.944880e-01
445 7.050360e-01 4.120000e-04 2.945520e-01
446 7.049560e-01 4.520000e-04 2.945920e-01
447 7.049200e-01 4.360000e-04 2.946440e-01
448 7.048480e-01 4.280000e-04 2.947240e-01
449 7.048040e-01 3.880000e-04 2.948080e-01
450 7.047520e-01 3.600000e-04 2.948880e-01
451 7.046880e-01 3.760000e-04 2.949360e-01
452 7.046280e-01 3.800000e-04 2.949920e-01
453 7.045640e-01 3.840000e-04 2.950520e-01
454 7.045200e-01 3.480000e-04 2.951320e-01
455 7.044640e-01 3.280000e-04 2.952080e-01
456 7.044080e-01 3.200000e-04 2.952720e-01
457 7.043520e-01 3.240000e-04 2.953240e-01
458 7.042920e-01 2.920000e-04 2.954160e-01
459 7.042240e-01 2.840000e-04 2.954920e-01
460 7.041360e-01 3.120000e-04 2.955520e-01
461 7.040600e-01 3.400000e-04 2.956000e-01
462 7.039960e-01 3.280000e-04 2.956760e-01
463 7.039560e-01 2.840000e-04 2.957600e-01
464 7.038880e-01 3.080000e-04 2.958040e-01
465 7.037840e-01 3.280000e-04 2.958880e-01
466 7.037240e-01 3.360000e-04 2.959400e-01
467 7.036880e-01 3.200000e-04 2.959920e-01
468 7.036000e-01 3.640000e-04 2.960360e-01
469 7.035200e-01 3.840000e-04 2.960960e-01
470 7.034680e-01 3.320000e-04 2.962000e-01
471 7.034040e-01 3.120000e-04 2.962840e-01
472 7.033480e-01 2.760000e-04 2.963760e-01
473 7.032640e-01 3.240000e-04 2.964120e-01
474 7.032000e-01 3.360000e-04 2.964640e-01
475 7.031600e-01 3.280000e-04 2.965120e-01
476 7.031160e-01 2.880000e-04 2.965960e-01
477 7.031040e-01 2.640000e-04 2.966320e-01
478 7.030720e-01 2.640000e-04 2.966640e-01
479 7.030360e-01 2.640000e-04 2.967000e-01
480 7.030080e-01 2.440000e-04 2.967480e-01
481 7.029960e-01 1.960000e-04 2.968080e-01
482 7.029800e-01 1.920000e-04 2.968280e-01
483 7.029600e-01 1.840000e-04 2.968560e-01
484 7.029400e-01 1.720000e-04 2.968880e-01
485 7.029320e-01 1.640000e-04 2.969040e-01
486 7.029200e-01 1.600000e-04 2.969200e-01
487 7.029040e-01 1.440000e-04 2.969520e-01
488 7.028720e-01 1.600000e-04 2.969680e-01
489 7.028520e-01 1.560000e-04 2.969920e-01
490 7.028320e-01 1.680000e-04 2.970000e-01
491 7.028080e-01 1.760000e-04 2.970160e-01
492 7.027840e-01 1.760000e-04 2.970400e-01
493 7.027440e-01 1.880000e-04 2.970680e-01
494 7.027040e-01 1.720000e-04 2.971240e-01
495 7.026840e-01 1.560000e-04 2.971600e-01
496 7.026320e-01 1.880000e-04 2.971800e-01
497 7.025880e-01 1.840000e-04 2.972280e-01
498 7.025680e-01 1.760000e-04 2.972560e-01
499 7.025240e-01 1.880000e-04 2.972880e-01
500 7.025080e-01 1.600000e-04 2.973320e-01
