1 9.992000e-01 7.080000e-04 9.200000e-05
2 9.986520e-01 1.116000e-03 2.320000e-04
3 9.979760e-01 1.540000e-03 4.840000e-04
4 9.971360e-01 2.048000e-03 8.160000e-04
5 9.963160e-01 2.424000e-03 1.260000e-03
6 9.954080e-01 2.796000e-03 1.796000e-03
7 9.944560e-01 3.200000e-03 2.344000e-03
8 9.935960e-01 3.476000e-03 2.928000e-03
9 9.927040e-01 3.800000e-03 3.496000e-03
10 9.917960e-01 4.068000e-03 4.136000e-03
11 9.907160e-01 4.392000e-03 4.892000e-03
12 9.897120e-01 4.512000e-03 5.776000e-03
13 9.887760e-01 4.672000e-03 6.552000e-03
14 9.876760e-01 4.864000e-03 7.460000e-03
15 9.866280e-01 5.008000e-03 8.364000e-03
16 9.854960e-01 5.216000e-03 9.288000e-03
17 9.843000e-01 5.476000e-03 1.022400e-02
18 9.830600e-01 5.708000e-03 1.123200e-02
19 9.820160e-01 5.792000e-03 1.219200e-02
20 9.806320e-01 6.084000e-03 1.328400e-02
21 9.794120e-01 6.200000e-03 1.438800e-02
22 9.779960e-01 6.512000e-03 1.549200e-02
23 9.767120e-01 6.648000e-03 1.664000e-02
24 9.753720e-01 6.856000e-03 1.777200e-02
25 9.739040e-01 7.116000e-03 1.898000e-02
26 9.725120e-01 7.124000e-03 2.036400e-02
27 9.711360e-01 7.188000e-03 2.167600e-02
28 9.697000e-01 7.392000e-03 2.290800e-02
29 9.682040e-01 7.584000e-03 2.421200e-02
30 9.667560e-01 7.548000e-03 2.569600e-02
31 9.654760e-01 7.436000e-03 2.708800e-02
32 9.641000e-01 7.436000e-03 2.846400e-02
33 9.626680e-01 7.616000e-03 2.971600e-02
34 9.612680e-01 7.692000e-03 3.104000e-02
35 9.598480e-01 7.640000e-03 3.251200e-02
36 9.584840e-01 7.732000e-03 3.378400e-02
37 9.569320e-01 7.836000e-03 3.523200e-02
38 9.553920e-01 8.004000e-03 3.660400e-02
39 9.539560e-01 8.028000e-03 3.801600e-02
40 9.525600e-01 7.936000e-03 3.950400e-02
41 9.508880e-01 8.104000e-03 4.100800e-02
42 9.493040e-01 8.324000e-03 4.237200e-02
43 9.475520e-01 8.660000e-03 4.378800e-02
44 9.457800e-01 8.948000e-03 4.527200e-02
45 9.441440e-01 9.048000e-03 4.680800e-02
46 9.425000e-01 9.080000e-03 4.842000e-02
47 9.408600e-01 9.068000e-03 5.007200e-02
48 9.390720e-01 9.236000e-03 5.169200e-02
49 9.372880e-01 9.452000e-03 5.326000e-02
50 9.354320e-01 9.452000e-03 5.511600e-02
51 9.337440e-01 9.488000e-03 5.676800e-02
52 9.317560e-01 9.784000e-03 5.846000e-02
53 9.298280e-01 1.010000e-02 6.007200e-02
54 9.279240e-01 1.015600e-02 6.192000e-02
55 9.260640e-01 1.018800e-02 6.374800e-02
56 9.240560e-01 1.060000e-02 6.534400e-02
57 9.223680e-01 1.046000e-02 6.717200e-02
58 9.206080e-01 1.043200e-02 6.896000e-02
59 9.188640e-01 1.034400e-02 7.079200e-02
60 9.168800e-01 1.048000e-02 7.264000e-02
61 9.148640e-01 1.064000e-02 7.449600e-02
62 9.129640e-01 1.083200e-02 7.620400e-02
63 9.110560e-01 1.086400e-02 7.808000e-02
64 9.091560e-01 1.082000e-02 8.002400e-02
65 9.073120e-01 1.078800e-02 8.190000e-02
66 9.053760e-01 1.066400e-02 8.396000e-02
67 9.035000e-01 1.082800e-02 8.567200e-02
68 9.015720e-01 1.071200e-02 8.771600e-02
69 8.995800e-01 1.087200e-02 8.954800e-02
70 8.978200e-01 1.078000e-02 9.140000e-02
71 8.959760e-01 1.073600e-02 9.328800e-02
72 8.940160e-01 1.085600e-02 9.512800e-02
73 8.922320e-01 1.090800e-02 9.686000e-02
74 8.905720e-01 1.053600e-02 9.889200e-02
75 8.886640e-01 1.039200e-02 1.009440e-01
76 8.868160e-01 1.050400e-02 1.026800e-01
77 8.849440e-01 1.059200e-02 1.044640e-01
78 8.832720e-01 1.050000e-02 1.062280e-01
79 8.815240e-01 1.055600e-02 1.079200e-01
80 8.796880e-01 1.034800e-02 1.099640e-01
81 8.779440e-01 1.020000e-02 1.118560e-01
82 8.761120e-01 1.018400e-02 1.137040e-01
83 8.743360e-01 1.022000e-02 1.154440e-01
84 8.727080e-01 1.008000e-02 1.172120e-01
85 8.709840e-01 1.009200e-02 1.189240e-01
86 8.693240e-01 9.964000e-03 1.207120e-01
87 8.675280e-01 9.952000e-03 1.225200e-01
88 8.661160e-01 9.752000e-03 1.241320e-01
89 8.642680e-01 9.952000e-03 1.257800e-01
90 8.624440e-01 1.002000e-02 1.275360e-01
91 8.608600e-01 9.740000e-03 1.294000e-01
92 8.592120e-01 9.708000e-03 1.310800e-01
93 8.575760e-01 9.684000e-03 1.327400e-01
94 8.559600e-01 9.628000e-03 1.344120e-01
95 8.544520e-01 9.532000e-03 1.360160e-01
96 8.527400e-01 9.608000e-03 1.376520e-01
97 8.510800e-01 9.600000e-03 1.393200e-01
98 8.493960e-01 9.612000e-03 1.409920e-01
99 8.477920e-01 9.516000e-03 1.426920e-01
100 8.460760e-01 9.464000e-03 1.444600e-01
101 8.443800e-01 9.524000e-03 1.460960e-01
102 8.427760e-01 9.512000e-03 1.477120e-01
103 8.412720e-01 9.456000e-03 1.492720e-01
104 8.395200e-01 9.576000e-03 1.509040e-01
105 8.378560e-01 9.616000e-03 1.525280e-01
106 8.361000e-01 9.680000e-03 1.542200e-01
107 8.343200e-01 9.796000e-03 1.558840e-01
108 8.325680e-01 9.868000e-03 1.575640e-01
109 8.310520e-01 9.500000e-03 1.594480e-01
110 8.293920e-01 9.520000e-03 1.610880e-01
111 8.276280e-01 9.652000e-03 1.627200e-01
112 8.260960e-01 9.440000e-03 1.644640e-01
113 8.245440e-01 9.428000e-03 1.660280e-01
114 8.229320e-01 9.444000e-03 1.676240e-01
115 8.213040e-01 9.384000e-03 1.693120e-01
116 8.197240e-01 9.228000e-03 1.710480e-01
117 8.182840e-01 9.124000e-03 1.725920e-01
118 8.167800e-01 9.152000e-03 1.740680e-01
119 8.152880e-01 8.976000e-03 1.757360e-01
120 8.138360e-01 8.968000e-03 1.771960e-01
121 8.123680e-01 8.868000e-03 1.787640e-01
122 8.111200e-01 8.568000e-03 1.803120e-01
123 8.098080e-01 8.280000e-03 1.819120e-01
124 8.084200e-01 8.172000e-03 1.834080e-01
125 8.071640e-01 7.988000e-03 1.848480e-01
126 8.056880e-01 8.116000e-03 1.861960e-01
127 8.042840e-01 8.100000e-03 1.876160e-01
128 8.030360e-01 7.928000e-03 1.890360e-01
129 8.017440e-01 7.904000e-03 1.903520e-01
130 8.002960e-01 7.880000e-03 1.918240e-01
131 7.988600e-01 7.872000e-03 1.932680e-01
132 7.974480e-01 7.944000e-03 1.946080e-01
133 7.960200e-01 7.980000e-03 1.960000e-01
134 7.947120e-01 7.860000e-03 1.974280e-01
135 7.933720e-01 7.768000e-03 1.988600e-01
136 7.918760e-01 7.936000e-03 2.001880e-01
137 7.905040e-01 7.852000e-03 2.016440e-01
138 7.891080e-01 7.804000e-03 2.030880e-01
139 7.878280e-01 7.800000e-03 2.043720e-01
140 7.863600e-01 8.020000e-03 2.056200e-01
141 7.850000e-01 7.908000e-03 2.070920e-01
142 7.836880e-01 7.928000e-03 2.083840e-01
143 7.824440e-01 7.644000e-03 2.099120e-01
144 7.812000e-01 7.572000e-03 2.112280e-01
145 7.798920e-01 7.524000e-03 2.125840e-01
146 7.786880e-01 7.500000e-03 2.138120e-01
147 7.775320e-01 7.396000e-03 2.150720e-01
148 7.762360e-01 7.352000e-03 2.164120e-01
149 7.750360e-01 7.260000e-03 2.177040e-01
150 7.738120e-01 7.188000e-03 2.190000e-01
151 7.725800e-01 7.220000e-03 2.202000e-01
152 7.713040e-01 7.240000e-03 2.214560e-01
153 7.701520e-01 7.104000e-03 2.227440e-01
154 7.690720e-01 6.864000e-03 2.240640e-01
155 7.678440e-01 6.844000e-03 2.253120e-01
156 7.668120e-01 6.720000e-03 2.264680e-01
157 7.657480e-01 6.636000e-03 2.276160e-01
158 7.646240e-01 6.788000e-03 2.285880e-01
159 7.633760e-01 6.744000e-03 2.298800e-01
160 7.621560e-01 6.760000e-03 2.310840e-01
161 7.609320e-01 6.796000e-03 2.322720e-01
162 7.598960e-01 6.680000e-03 2.334240e-01
163 7.586720e-01 6.700000e-03 2.346280e-01
164 7.575520e-01 6.768000e-03 2.356800e-01
165 7.562880e-01 6.828000e-03 2.368840e-01
166 7.552080e-01 6.756000e-03 2.380360e-01
167 7.541240e-01 6.600000e-03 2.392760e-01
168 7.530480e-01 6.452000e-03 2.405000e-01
169 7.520520e-01 6.400000e-03 2.415480e-01
170 7.509840e-01 6.444000e-03 2.425720e-01
171 7.498600e-01 6.520000e-03 2.436200e-01
172 7.487640e-01 6.496000e-03 2.447400e-01
173 7.476320e-01 6.524000e-03 2.458440e-01
174 7.464440e-01 6.564000e-03 2.469920e-01
175 7.455160e-01 6.432000e-03 2.480520e-01
176 7.444240e-01 6.432000e-03 2.491440e-01
177 7.433760e-01 6.384000e-03 2.502400e-01
178 7.423240e-01 6.400000e-03 2.512760e-01
179 7.411320e-01 6.456000e-03 2.524120e-01
180 7.400920e-01 6.340000e-03 2.535680e-01
181 7.390720e-01 6.328000e-03 2.546000e-01
182 7.378680e-01 6.452000e-03 2.556800e-01
183 7.368120e-01 6.344000e-03 2.568440e-01
184 7.358360e-01 6.220000e-03 2.579440e-01
185 7.348320e-01 6.116000e-03 2.590520e-01
186 7.338400e-01 6.056000e-03 2.601040e-01
187 7.329440e-01 5.892000e-03 2.611640e-01
188 7.320200e-01 5.780000e-03 2.622000e-01
189 7.309800e-01 5.864000e-03 2.631560e-01
190 7.298600e-01 5.960000e-03 2.641800e-01
191 7.288160e-01 5.980000e-03 2.652040e-01
192 7.277480e-01 6.024000e-03 2.662280e-01
193 7.267120e-01 5.932000e-03 2.673560e-01
194 7.258360e-01 5.780000e-03 2.683840e-01
195 7.248440e-01 5.792000e-03 2.693640e-01
196 7.239720e-01 5.540000e-03 2.704880e-01
197 7.230840e-01 5.496000e-03 2.714200e-01
198 7.221880e-01 5.484000e-03 2.723280e-01
199 7.213640e-01 5.304000e-03 2.733320e-01
200 7.204280e-01 5.388000e-03 2.741840e-01
201 7.195120e-01 5.356000e-03 2.751320e-01
202 7.186400e-01 5.232000e-03 2.761280e-01
203 7.178000e-01 5.148000e-03 2.770520e-01
204 7.169400e-01 5.140000e-03 2.779200e-01
205 7.160120e-01 5.164000e-03 2.788240e-01
206 7.151320e-01 5.184000e-03 2.796840e-01
207 7.141480e-01 5.268000e-03 2.805840e-01
208 7.132760e-01 5.248000e-03 2.814760e-01
209 7.122280e-01 5.440000e-03 2.823320e-01
210 7.112520e-01 5.452000e-03 2.832960e-01
211 7.102720e-01 5.476000e-03 2.842520e-01
212 7.091480e-01 5.712000e-03 2.851400e-01
213 7.080960e-01 5.832000e-03 2.860720e-01
214 7.071280e-01 5.776000e-03 2.870960e-01
215 7.062000e-01 5.596000e-03 2.882040e-01
216 7.052720e-01 5.544000e-03 2.891840e-01
217 7.043680e-01 5.508000e-03 2.901240e-01
218 7.035280e-01 5.444000e-03 2.910280e-01
219 7.027440e-01 5.296000e-03 2.919600e-01
220 7.018400e-01 5.268000e-03 2.928920e-01
221 7.009600e-01 5.228000e-03 2.938120e-01
222 7.001360e-01 5.108000e-03 2.947560e-01
223 6.992840e-01 5.080000e-03 2.956360e-01
224 6.985320e-01 5.000000e-03 2.964680e-01
225 6.976720e-01 4.960000e-03 2.973680e-01
226 6.969000e-01 4.980000e-03 2.981200e-01
227 6.961000e-01 4.852000e-03 2.990480e-01
228 6.953080e-01 4.704000e-03 2.999880e-01
229 6.944440e-01 4.784000e-03 3.007720e-01
230 6.934680e-01 4.888000e-03 3.016440e-01
231 6.925880e-01 4.900000e-03 3.025120e-01
232 6.917520e-01 4.780000e-03 3.034680e-01
233 6.908720e-01 4.800000e-03 3.043280e-01
234 6.899560e-01 4.756000e-03 3.052880e-01
235 6.891040e-01 4.596000e-03 3.063000e-01
236 6.883520e-01 4.632000e-03 3.070160e-01
237 6.875160e-01 4.648000e-03 3.078360e-01
238 6.867320e-01 4.608000e-03 3.086600e-01
239 6.858400e-01 4.728000e-03 3.094320e-01
240 6.851360e-01 4.576000e-03 3.102880e-01
241 6.844000e-01 4.528000e-03 3.110720e-01
242 6.836080e-01 4.560000e-03 3.118320e-01
243 6.828240e-01 4.508000e-03 3.126680e-01
244 6.819280e-01 4.640000e-03 3.134320e-01
245 6.811240e-01 4.684000e-03 3.141920e-01
246 6.804120e-01 4.612000e-03 3.149760e-01
247 6.796360e-01 4.608000e-03 3.157560e-01
248 6.788400e-01 4.600000e-03 3.165600e-01
249 6.780360e-01 4.652000e-03 3.173120e-01
250 6.772000e-01 4.740000e-03 3.180600e-01
251 6.762560e-01 4.852000e-03 3.188920e-01
252 6.754800e-01 4.712000e-03 3.198080e-01
253 6.747680e-01 4.596000e-03 3.206360e-01
254 6.740400e-01 4.556000e-03 3.214040e-01
255 6.733560e-01 4.408000e-03 3.222360e-01
256 6.726480e-01 4.396000e-03 3.229560e-01
257 6.719720e-01 4.320000e-03 3.237080e-01
258 6.711920e-01 4.392000e-03 3.244160e-01
259 6.704480e-01 4.384000e-03 3.251680e-01
260 6.696960e-01 4.432000e-03 3.258720e-01
261 6.689360e-01 4.392000e-03 3.266720e-01
262 6.682240e-01 4.352000e-03 3.274240e-01
263 6.673960e-01 4.392000e-03 3.282120e-01
264 6.667440e-01 4.172000e-03 3.290840e-01
265 6.661440e-01 4.080000e-03 3.297760e-01
266 6.655160e-01 4.032000e-03 3.304520e-01
267 6.647680e-01 4.088000e-03 3.311440e-01
268 6.641120e-01 3.908000e-03 3.319800e-01
269 6.634080e-01 3.884000e-03 3.327080e-01
270 6.627840e-01 3.868000e-03 3.333480e-01
271 6.620960e-01 3.908000e-03 3.339960e-01
272 6.613920e-01 3.940000e-03 3.346680e-01
273 6.607920e-01 3.872000e-03 3.353360e-01
274 6.600520e-01 3.816000e-03 3.361320e-01
275 6.595000e-01 3.684000e-03 3.368160e-01
276 6.589120e-01 3.656000e-03 3.374320e-01
277 6.584000e-01 3.524000e-03 3.380760e-01
278 6.578080e-01 3.528000e-03 3.386640e-01
279 6.571680e-01 3.596000e-03 3.392360e-01
280 6.564960e-01 3.620000e-03 3.398840e-01
281 6.557280e-01 3.804000e-03 3.404680e-01
282 6.549200e-01 3.808000e-03 3.412720e-01
283 6.543640e-01 3.692000e-03 3.419440e-01
284 6.537080e-01 3.728000e-03 3.425640e-01
285 6.531120e-01 3.660000e-03 3.432280e-01
286 6.526000e-01 3.592000e-03 3.438080e-01
287 6.520240e-01 3.572000e-03 3.444040e-01
288 6.514280e-01 3.524000e-03 3.450480e-01
289 6.508400e-01 3.460000e-03 3.457000e-01
290 6.502480e-01 3.416000e-03 3.463360e-01
291 6.496240e-01 3.396000e-03 3.469800e-01
292 6.491440e-01 3.340000e-03 3.475160e-01
293 6.486400e-01 3.248000e-03 3.481120e-01
294 6.480640e-01 3.204000e-03 3.487320e-01
295 6.475200e-01 3.172000e-03 3.493080e-01
296 6.469280e-01 3.220000e-03 3.498520e-01
297 6.463320e-01 3.232000e-03 3.504360e-01
298 6.458240e-01 3.168000e-03 3.510080e-01
299 6.452400e-01 3.164000e-03 3.515960e-01
300 6.446840e-01 3.188000e-03 3.521280e-01
301 6.440640e-01 3.292000e-03 3.526440e-01
302 6.435440e-01 3.244000e-03 3.532120e-01
303 6.430080e-01 3.224000e-03 3.537680e-01
304 6.424960e-01 3.200000e-03 3.543040e-01
305 6.420160e-01 3.088000e-03 3.548960e-01
306 6.414800e-01 3.076000e-03 3.554440e-01
307 6.408720e-01 3.108000e-03 3.560200e-01
308 6.402400e-01 3.176000e-03 3.565840e-01
309 6.396840e-01 3.204000e-03 3.571120e-01
310 6.391680e-01 3.244000e-03 3.575880e-01
311 6.386280e-01 3.252000e-03 3.581200e-01
312 6.380960e-01 3.232000e-03 3.586720e-01
313 6.376880e-01 3.164000e-03 3.591480e-01
314 6.372200e-01 3.032000e-03 3.597480e-01
315 6.366960e-01 3.044000e-03 3.602600e-01
316 6.360760e-01 3.112000e-03 3.608120e-01
317 6.355640e-01 3.180000e-03 3.612560e-01
318 6.350440e-01 3.172000e-03 3.617840e-01
319 6.344520e-01 3.188000e-03 3.623600e-01
320 6.339640e-01 3.108000e-03 3.629280e-01
321 6.334920e-01 3.072000e-03 3.634360e-01
322 6.330360e-01 3.008000e-03 3.639560e-01
323 6.325480e-01 2.976000e-03 3.644760e-01
324 6.319960e-01 3.012000e-03 3.649920e-01
325 6.314440e-01 3.008000e-03 3.655480e-01
326 6.309480e-01 2.928000e-03 3.661240e-01
327 6.304280e-01 2.872000e-03 3.667000e-01
328 6.300080e-01 2.844000e-03 3.671480e-01
329 6.294040e-01 2.968000e-03 3.676280e-01
330 6.287800e-01 3.004000e-03 3.682160e-01
331 6.282240e-01 3.056000e-03 3.687200e-01
332 6.276240e-01 3.080000e-03 3.692960e-01
333 6.271600e-01 3.052000e-03 3.697880e-01
334 6.266640e-01 3.096000e-03 3.702400e-01
335 6.261640e-01 3.100000e-03 3.707360e-01
336 6.256880e-01 3.020000e-03 3.712920e-01
337 6.251000e-01 3.056000e-03 3.718440e-01
338 6.245600e-01 3.104000e-03 3.723360e-01
339 6.240360e-01 3.056000e-03 3.729080e-01
340 6.232600e-01 3.328000e-03 3.734120e-01
341 6.226000e-01 3.396000e-03 3.740040e-01
342 6.221360e-01 3.304000e-03 3.745600e-01
343 6.216600e-01 3.184000e-03 3.751560e-01
344 6.211280e-01 3.176000e-03 3.756960e-01
345 6.208240e-01 3.024000e-03 3.761520e-01
346 6.203520e-01 2.992000e-03 3.766560e-01
347 6.198960e-01 2.972000e-03 3.771320e-01
348 6.194720e-01 2.904000e-03 3.776240e-01
349 6.189480e-01 3.040000e-03 3.780120e-01
350 6.184520e-01 2.976000e-03 3.785720e-01
351 6.179800e-01 2.876000e-03 3.791440e-01
352 6.176080e-01 2.796000e-03 3.795960e-01
353 6.171120e-01 2.784000e-03 3.801040e-01
354 6.165960e-01 2.740000e-03 3.806640e-01
355 6.161480e-01 2.740000e-03 3.811120e-01
356 6.156520e-01 2.756000e-03 3.815920e-01
357 6.151680e-01 2.768000e-03 3.820640e-01
358 6.147040e-01 2.784000e-03 3.825120e-01
359 6.142360e-01 2.772000e-03 3.829920e-01
360 6.138560e-01 2.736000e-03 3.834080e-01
361 6.134800e-01 2.652000e-03 3.838680e-01
362 6.130720e-01 2.608000e-03 3.843200e-01
363 6.127200e-01 2.504000e-03 3.847760e-01
364 6.123040e-01 2.504000e-03 3.851920e-01
365 6.118200e-01 2.608000e-03 3.855720e-01
366 6.113960e-01 2.588000e-03 3.860160e-01
367 6.109720e-01 2.592000e-03 3.864360e-01
368 6.105680e-01 2.468000e-03 3.869640e-01
369 6.102040e-01 2.432000e-03 3.873640e-01
370 6.097520e-01 2.408000e-03 3.878400e-01
371 6.092600e-01 2.476000e-03 3.882640e-01
372 6.088520e-01 2.432000e-03 3.887160e-01
373 6.084280e-01 2.428000e-03 3.891440e-01
374 6.079600e-01 2.500000e-03 3.895400e-01
375 6.074800e-01 2.548000e-03 3.899720e-01
376 6.070280e-01 2.456000e-03 3.905160e-01
377 6.066360e-01 2.364000e-03 3.910000e-01
378 6.062440e-01 2.276000e-03 3.914800e-01
379 6.058520e-01 2.240000e-03 3.919080e-01
380 6.055600e-01 2.112000e-03 3.923280e-01
381 6.052160e-01 2.036000e-03 3.927480e-01
382 6.049520e-01 1.952000e-03 3.930960e-01
383 6.046080e-01 1.864000e-03 3.935280e-01
384 6.043800e-01 1.772000e-03 3.938480e-01
385 6.041560e-01 1.728000e-03 3.941160e-01
386 6.038880e-01 1.716000e-03 3.943960e-01
387 6.036560e-01 1.620000e-03 3.947240e-01
388 6.034760e-01 1.572000e-03 3.949520e-01
389 6.033600e-01 1.428000e-03 3.952120e-01
390 6.031480e-01 1.408000e-03 3.954440e-01
391 6.029320e-01 1.392000e-03 3.956760e-01
392 6.027320e-01 1.364000e-03 3.959040e-01
393 6.025240e-01 1.416000e-03 3.960600e-01
394 6.023320e-01 1.368000e-03 3.963000e-01
395 6.021440e-01 1.280000e-03 3.965760e-01
396 6.019240e-01 1.324000e-03 3.967520e-01
397 6.016680e-01 1.408000e-03 3.969240e-01
398 6.014480e-01 1.416000e-03 3.971360e-01
399 6.012480e-01 1.348000e-03 3.974040e-01
400 6.009960e-01 1.356000e-03 3.976480e-01
401 6.007800e-01 1.360000e-03 3.978600e-01
402 6.005160e-01 1.340000e-03 3.981440e-01
403 6.003320e-01 1.288000e-03 3.983800e-01
404 6.001760e-01 1.244000e-03 3.985800e-01
405 6.000120e-01 1.220000e-03 3.987680e-01
406 5.998080e-01 1.216000e-03 3.989760e-01
407 5.996560e-01 1.120000e-03 3.992240e-01
408 5.995000e-01 1.068000e-03 3.994320e-01
409 5.992760e-01 1.144000e-03 3.995800e-01
410 5.991080e-01 1.120000e-03 3.997720e-01
411 5.989520e-01 1.108000e-03 3.999400e-01
412 5.987840e-01 1.056000e-03 4.001600e-01
413 5.986240e-01 1.052000e-03 4.003240e-01
414 5.984840e-01 1.016000e-03 4.005000e-01
415 5.983160e-01 9.640000e-04 4.007200e-01
416 5.982000e-01 9.320000e-04 4.008680e-01
417 5.981040e-01 8.720000e-04 4.010240e-01
418 5.979960e-01 8.560000e-04 4.011480e-01
419 5.978520e-01 8.520000e-04 4.012960e-01
420 5.977440e-01 8.240000e-04 4.014320e-01
421 5.976200e-01 8.000000e-04 4.015800e-01
422 5.975160e-01 7.440000e-04 4.017400e-01
423 5.974080e-01 7.120000e-04 4.018800e-01
424 5.972760e-01 7.280000e-04 4.019960e-01
425 5.971160e-01 7.480000e-04 4.021360e-01
426 5.969680e-01 7.920000e-04 4.022400e-01
427 5.968480e-01 7.360000e-04 4.024160e-01
428 5.967480e-01 7.120000e-04 4.025400e-01
429 5.966440e-01 7.040000e-04 4.026520e-01
430 5.965200e-01 7.040000e-04 4.027760e-01
431 5.964320e-01 6.640000e-04 4.029040e-01
432 5.963360e-01 6.440000e-04 4.030200e-01
433 5.962440e-01 6.560000e-04 4.031000e-01
434 5.961680e-01 6.400000e-04 4.031920e-01
435 5.960480e-01 6.760000e-04 4.032760e-01
436 5.958840e-01 7.360000e-04 4.033800e-01
437 5.957400e-01 7.600000e-04 4.035000e-01
438 5.955880e-01 7.400000e-04 4.036720e-01
439 5.954720e-01 7.480000e-04 4.037800e-01
440 5.953200e-01 7.800000e-04 4.039000e-01
441 5.951360e-01 8.240000e-04 4.040400e-01
442 5.949840e-01 8.520000e-04 4.041640e-01
443 5.948560e-01 7.920000e-04 4.043520e-01
444 5.947760e-01 7.160000e-04 4.045080e-01
445 5.946720e-01 7.080000e-04 4.046200e-01
446 5.945520e-01 6.960000e-04 4.047520e-01
447 5.944120e-01 6.960000e-04 4.048920e-01
448 5.943240e-01 6.640000e-04 4.050120e-01
449 5.942800e-01 6.080000e-04 4.051120e-01
450 5.942080e-01 6.040000e-04 4.051880e-01
451 5.941120e-01 6.120000e-04 4.052760e-01
452 5.939840e-01 6.240000e-04 4.053920e-01
453 5.939160e-01 5.840000e-04 4.055000e-01
454 5.938760e-01 5.200000e-04 4.056040e-01
455 5.938000e-01 5.280000e-04 4.056720e-01
456 5.937600e-01 4.680000e-04 4.057720e-01
457 5.937000e-01 4.520000e-04 4.058480e-01
458 5.936320e-01 4.720000e-04 4.058960e-01
459 5.935560e-01 4.760000e-04 4.059680e-01
460 5.935000e-01 4.840000e-04 4.060160e-01
461 5.934160e-01 4.800000e-04 4.061040e-01
462 5.933240e-01 4.880000e-04 4.061880e-01
463 5.932800e-01 4.480000e-04 4.062720e-01
464 5.932360e-01 4.480000e-04 4.063160e-01
465 5.931800e-01 4.360000e-04 4.063840e-01
466 5.931320e-01 4.080000e-04 4.064600e-01
467 5.930760e-01 3.880000e-04 4.065360e-01
468 5.930400e-01 3.360000e-04 4.066240e-01
469 5.930080e-01 3.160000e-04 4.066760e-01
470 5.929480e-01 3.320000e-04 4.067200e-01
471 5.929080e-01 3.200000e-04 4.067720e-01
472 5.928280e-01 3.480000e-04 4.068240e-01
473 5.927800e-01 3.280000e-04 4.068920e-01
474 5.927440e-01 3.240000e-04 4.069320e-01
475 5.927080e-01 3.040000e-04 4.069880e-01
476 5.926800e-01 2.880000e-04 4.070320e-01
477 5.926360e-01 2.800000e-04 4.070840e-01
478 5.926080e-01 2.520000e-04 4.071400e-01
479 5.925720e-01 2.520000e-04 4.071760e-01
480 5.925440e-01 2.320000e-04 4.072240e-01
481 5.925160e-01 2.280000e-04 4.072560e-01
482 5.924960e-01 2.240000e-04 4.072800e-01
483 5.924760e-01 1.960000e-04 4.073280e-01
484 5.924560e-01 1.880000e-04 4.073560e-01
485 5.924040e-01 2.160000e-04 4.073800e-01
486 5.923480e-01 2.360000e-04 4.074160e-01
487 5.923040e-01 2.320000e-04 4.074640e-01
488 5.922800e-01 2.240000e-04 4.074960e-01
489 5.922720e-01 1.960000e-04 4.075320e-01
490 5.922240e-01 2.160000e-04 4.075600e-01
491 5.921480e-01 2.440000e-04 4.076080e-01
492 5.920880e-01 2.720000e-04 4.076400e-01
493 5.920320e-01 2.840000e-04 4.076840e-01
494 5.919960e-01 2.680000e-04 4.077360e-01
495 5.919520e-01 2.640000e-04 4.077840e-01
496 5.919080e-01 2.760000e-04 4.078160e-01
497 5.918600e-01 2.680000e-04 4.078720e-01
498 5.917920e-01 3.160000e-04 4.078920e-01
499 5.917320e-01 3.240000e-04 4.079440e-01
500 5.916760e-01 2.960000e-04 4.080280e-01
