1 9.991880e-01 6.960000e-04 1.160000e-04
2 9.986240e-01 1.108000e-03 2.680000e-04
3 9.978680e-01 1.568000e-03 5.640000e-04
4 9.970160e-01 2.112000e-03 8.720000e-04
5 9.960520e-01 2.688000e-03 1.260000e-03
6 9.950640e-01 3.128000e-03 1.808000e-03
7 9.940640e-01 3.528000e-03 2.408000e-03
8 9.930800e-01 3.836000e-03 3.084000e-03
9 9.919760e-01 4.196000e-03 3.828000e-03
10 9.908360e-01 4.600000e-03 4.564000e-03
11 9.896640e-01 4.960000e-03 5.376000e-03
12 9.884120e-01 5.320000e-03 6.268000e-03
13 9.873040e-01 5.452000e-03 7.244000e-03
14 9.858560e-01 5.928000e-03 8.216000e-03
15 9.846840e-01 6.132000e-03 9.184000e-03
16 9.835240e-01 6.172000e-03 1.030400e-02
17 9.820960e-01 6.412000e-03 1.149200e-02
18 9.808680e-01 6.508000e-03 1.262400e-02
19 9.795720e-01 6.604000e-03 1.382400e-02
20 9.782920e-01 6.764000e-03 1.494400e-02
21 9.770760e-01 6.708000e-03 1.621600e-02
22 9.758920e-01 6.764000e-03 1.734400e-02
23 9.746920e-01 6.688000e-03 1.862000e-02
24 9.734720e-01 6.748000e-03 1.978000e-02
25 9.721400e-01 6.884000e-03 2.097600e-02
26 9.707920e-01 7.104000e-03 2.210400e-02
27 9.692760e-01 7.292000e-03 2.343200e-02
28 9.678200e-01 7.560000e-03 2.462000e-02
29 9.662200e-01 7.884000e-03 2.589600e-02
30 9.647520e-01 8.032000e-03 2.721600e-02
31 9.631160e-01 8.204000e-03 2.868000e-02
32 9.615800e-01 8.304000e-03 3.011600e-02
33 9.600120e-01 8.424000e-03 3.156400e-02
34 9.582440e-01 8.756000e-03 3.300000e-02
35 9.565280e-01 8.944000e-03 3.452800e-02
36 9.549000e-01 8.976000e-03 3.612400e-02
37 9.533640e-01 8.940000e-03 3.769600e-02
38 9.517920e-01 8.908000e-03 3.930000e-02
39 9.503000e-01 8.856000e-03 4.084400e-02
40 9.487600e-01 8.840000e-03 4.240000e-02
41 9.469760e-01 9.028000e-03 4.399600e-02
42 9.454720e-01 8.848000e-03 4.568000e-02
43 9.439200e-01 8.776000e-03 4.730400e-02
44 9.422440e-01 8.944000e-03 4.881200e-02
45 9.405880e-01 9.008000e-03 5.040400e-02
46 9.389720e-01 9.064000e-03 5.196400e-02
47 9.373240e-01 9.116000e-03 5.356000e-02
48 9.356680e-01 9.192000e-03 5.514000e-02
49 9.340480e-01 9.100000e-03 5.685200e-02
50 9.324840e-01 9.124000e-03 5.839200e-02
51 9.307800e-01 9.276000e-03 5.994400e-02
52 9.292240e-01 9.348000e-03 6.142800e-02
53 9.277400e-01 9.212000e-03 6.304800e-02
54 9.261240e-01 9.072000e-03 6.480400e-02
55 9.245520e-01 9.164000e-03 6.628400e-02
56 9.229920e-01 9.092000e-03 6.791600e-02
57 9.213640e-01 9.196000e-03 6.944000e-02
58 9.195760e-01 9.292000e-03 7.113200e-02
59 9.179440e-01 9.204000e-03 7.285200e-02
60 9.163080e-01 9.184000e-03 7.450800e-02
61 9.148440e-01 9.032000e-03 7.612400e-02
62 9.132880e-01 9.016000e-03 7.769600e-02
63 9.116360e-01 9.068000e-03 7.929600e-02
64 9.100480e-01 9.064000e-03 8.088800e-02
65 9.084960e-01 8.920000e-03 8.258400e-02
66 9.067680e-01 8.996000e-03 8.423600e-02
67 9.050880e-01 8.988000e-03 8.592400e-02
68 9.034320e-01 9.092000e-03 8.747600e-02
69 9.018440e-01 9.124000e-03 8.903200e-02
70 9.001880e-01 9.212000e-03 9.060000e-02
71 8.987280e-01 9.140000e-03 9.213200e-02
72 8.970480e-01 9.120000e-03 9.383200e-02
73 8.953280e-01 9.148000e-03 9.552400e-02
74 8.937320e-01 9.072000e-03 9.719600e-02
75 8.923400e-01 8.740000e-03 9.892000e-02
76 8.908440e-01 8.756000e-03 1.004000e-01
77 8.894080e-01 8.632000e-03 1.019600e-01
78 8.880440e-01 8.540000e-03 1.034160e-01
79 8.867000e-01 8.376000e-03 1.049240e-01
80 8.853320e-01 8.176000e-03 1.064920e-01
81 8.840600e-01 8.048000e-03 1.078920e-01
82 8.827120e-01 8.024000e-03 1.092640e-01
83 8.814240e-01 7.860000e-03 1.107160e-01
84 8.801200e-01 7.852000e-03 1.120280e-01
85 8.787560e-01 7.872000e-03 1.133720e-01
86 8.775200e-01 7.884000e-03 1.145960e-01
87 8.762360e-01 7.816000e-03 1.159480e-01
88 8.750000e-01 7.616000e-03 1.173840e-01
89 8.736960e-01 7.604000e-03 1.187000e-01
90 8.724480e-01 7.552000e-03 1.200000e-01
91 8.711280e-01 7.528000e-03 1.213440e-01
92 8.698840e-01 7.472000e-03 1.226440e-01
93 8.685560e-01 7.480000e-03 1.239640e-01
94 8.672960e-01 7.400000e-03 1.253040e-01
95 8.661800e-01 7.260000e-03 1.265600e-01
96 8.649400e-01 7.208000e-03 1.278520e-01
97 8.638320e-01 7.000000e-03 1.291680e-01
98 8.625360e-01 7.008000e-03 1.304560e-01
99 8.612920e-01 7.092000e-03 1.316160e-01
100 8.600760e-01 7.132000e-03 1.327920e-01
101 8.588040e-01 7.228000e-03 1.339680e-01
102 8.576120e-01 7.148000e-03 1.352400e-01
103 8.563200e-01 7.076000e-03 1.366040e-01
104 8.551440e-01 7.112000e-03 1.377440e-01
105 8.538040e-01 7.236000e-03 1.389600e-01
106 8.526480e-01 7.112000e-03 1.402400e-01
107 8.514360e-01 7.164000e-03 1.414000e-01
108 8.501280e-01 7.192000e-03 1.426800e-01
109 8.488560e-01 7.260000e-03 1.438840e-01
110 8.476040e-01 7.356000e-03 1.450400e-01
111 8.464440e-01 7.264000e-03 1.462920e-01
112 8.453040e-01 7.072000e-03 1.476240e-01
113 8.442440e-01 6.828000e-03 1.489280e-01
114 8.431200e-01 6.744000e-03 1.501360e-01
115 8.419160e-01 6.892000e-03 1.511920e-01
116 8.408200e-01 6.764000e-03 1.524160e-01
117 8.396240e-01 6.900000e-03 1.534760e-01
118 8.385080e-01 6.764000e-03 1.547280e-01
119 8.374560e-01 6.720000e-03 1.558240e-01
120 8.362680e-01 6.608000e-03 1.571240e-01
121 8.350480e-01 6.696000e-03 1.582560e-01
122 8.338280e-01 6.844000e-03 1.593280e-01
123 8.327560e-01 6.592000e-03 1.606520e-01
124 8.316200e-01 6.588000e-03 1.617920e-01
125 8.304600e-01 6.660000e-03 1.628800e-01
126 8.292920e-01 6.612000e-03 1.640960e-01
127 8.279560e-01 6.772000e-03 1.652720e-01
128 8.267080e-01 6.800000e-03 1.664920e-01
129 8.254440e-01 6.844000e-03 1.677120e-01
130 8.242040e-01 6.840000e-03 1.689560e-01
131 8.229080e-01 6.912000e-03 1.701800e-01
132 8.216800e-01 6.968000e-03 1.713520e-01
133 8.205360e-01 6.868000e-03 1.725960e-01
134 8.194120e-01 6.896000e-03 1.736920e-01
135 8.182200e-01 6.864000e-03 1.749160e-01
136 8.170600e-01 6.824000e-03 1.761160e-01
137 8.157640e-01 7.000000e-03 1.772360e-01
138 8.145720e-01 7.004000e-03 1.784240e-01
139 8.134000e-01 6.892000e-03 1.797080e-01
140 8.122480e-01 6.984000e-03 1.807680e-01
141 8.111360e-01 6.800000e-03 1.820640e-01
142 8.100200e-01 6.720000e-03 1.832600e-01
143 8.089480e-01 6.476000e-03 1.845760e-01
144 8.078920e-01 6.408000e-03 1.857000e-01
145 8.067840e-01 6.448000e-03 1.867680e-01
146 8.056520e-01 6.512000e-03 1.878360e-01
147 8.046040e-01 6.500000e-03 1.888960e-01
148 8.034880e-01 6.424000e-03 1.900880e-01
149 8.024440e-01 6.400000e-03 1.911560e-01
150 8.014080e-01 6.296000e-03 1.922960e-01
151 8.003440e-01 6.236000e-03 1.934200e-01
152 7.992800e-01 6.176000e-03 1.945440e-01
153 7.981840e-01 6.284000e-03 1.955320e-01
154 7.969800e-01 6.384000e-03 1.966360e-01
155 7.958520e-01 6.432000e-03 1.977160e-01
156 7.947400e-01 6.340000e-03 1.989200e-01
157 7.936360e-01 6.320000e-03 2.000440e-01
158 7.924880e-01 6.412000e-03 2.011000e-01
159 7.914600e-01 6.296000e-03 2.022440e-01
160 7.902720e-01 6.400000e-03 2.033280e-01
161 7.891920e-01 6.284000e-03 2.045240e-01
162 7.881720e-01 6.180000e-03 2.056480e-01
163 7.872120e-01 6.016000e-03 2.067720e-01
164 7.861120e-01 6.144000e-03 2.077440e-01
165 7.852800e-01 5.872000e-03 2.088480e-01
166 7.843760e-01 5.884000e-03 2.097400e-01
167 7.834160e-01 5.888000e-03 2.106960e-01
168 7.825480e-01 5.720000e-03 2.117320e-01
169 7.815760e-01 5.684000e-03 2.127400e-01
170 7.807040e-01 5.588000e-03 2.137080e-01
171 7.798320e-01 5.496000e-03 2.146720e-01
172 7.789560e-01 5.360000e-03 2.156840e-01
173 7.780280e-01 5.436000e-03 2.165360e-01
174 7.771600e-01 5.272000e-03 2.175680e-01
175 7.763160e-01 5.328000e-03 2.183560e-01
176 7.754000e-01 5.268000e-03 2.193320e-01
177 7.744120e-01 5.488000e-03 2.201000e-01
178 7.733480e-01 5.532000e-03 2.211200e-01
179 7.723240e-01 5.480000e-03 2.221960e-01
180 7.713760e-01 5.604000e-03 2.230200e-01
181 7.703120e-01 5.604000e-03 2.240840e-01
182 7.693400e-01 5.600000e-03 2.250600e-01
183 7.683960e-01 5.460000e-03 2.261440e-01
184 7.671800e-01 5.784000e-03 2.270360e-01
185 7.661920e-01 5.724000e-03 2.280840e-01
186 7.650720e-01 5.856000e-03 2.290720e-01
187 7.640640e-01 5.776000e-03 2.301600e-01
188 7.630920e-01 5.748000e-03 2.311600e-01
189 7.620640e-01 5.720000e-03 2.322160e-01
190 7.610080e-01 5.772000e-03 2.332200e-01
191 7.599800e-01 5.796000e-03 2.342240e-01
192 7.590160e-01 5.812000e-03 2.351720e-01
193 7.580600e-01 5.820000e-03 2.361200e-01
194 7.571360e-01 5.664000e-03 2.372000e-01
195 7.562360e-01 5.548000e-03 2.382160e-01
196 7.553200e-01 5.544000e-03 2.391360e-01
197 7.543920e-01 5.520000e-03 2.400880e-01
198 7.534440e-01 5.552000e-03 2.410040e-01
199 7.525880e-01 5.500000e-03 2.419120e-01
200 7.515920e-01 5.468000e-03 2.429400e-01
201 7.506560e-01 5.476000e-03 2.438680e-01
202 7.497680e-01 5.332000e-03 2.449000e-01
203 7.489880e-01 5.152000e-03 2.458600e-01
204 7.481240e-01 5.156000e-03 2.467200e-01
205 7.472080e-01 5.160000e-03 2.476320e-01
206 7.463440e-01 5.124000e-03 2.485320e-01
207 7.455280e-01 4.956000e-03 2.495160e-01
208 7.447600e-01 4.864000e-03 2.503760e-01
209 7.438960e-01 4.828000e-03 2.512760e-01
210 7.431400e-01 4.788000e-03 2.520720e-01
211 7.423960e-01 4.696000e-03 2.529080e-01
212 7.416800e-01 4.604000e-03 2.537160e-01
213 7.409000e-01 4.596000e-03 2.545040e-01
214 7.401520e-01 4.604000e-03 2.552440e-01
215 7.393600e-01 4.536000e-03 2.561040e-01
216 7.385120e-01 4.676000e-03 2.568120e-01
217 7.376320e-01 4.780000e-03 2.575880e-01
218 7.368680e-01 4.756000e-03 2.583760e-01
219 7.360400e-01 4.724000e-03 2.592360e-01
220 7.352480e-01 4.736000e-03 2.600160e-01
221 7.344280e-01 4.720000e-03 2.608520e-01
222 7.335800e-01 4.792000e-03 2.616280e-01
223 7.326280e-01 4.888000e-03 2.624840e-01
224 7.318240e-01 4.912000e-03 2.632640e-01
225 7.310000e-01 4.960000e-03 2.640400e-01
226 7.301920e-01 4.928000e-03 2.648800e-01
227 7.294000e-01 4.860000e-03 2.657400e-01
228 7.285400e-01 4.840000e-03 2.666200e-01
229 7.277680e-01 4.792000e-03 2.674400e-01
230 7.270360e-01 4.680000e-03 2.682840e-01
231 7.264080e-01 4.576000e-03 2.690160e-01
232 7.256200e-01 4.652000e-03 2.697280e-01
233 7.248600e-01 4.572000e-03 2.705680e-01
234 7.241320e-01 4.440000e-03 2.714280e-01
235 7.235200e-01 4.360000e-03 2.721200e-01
236 7.228200e-01 4.352000e-03 2.728280e-01
237 7.220800e-01 4.232000e-03 2.736880e-01
238 7.213280e-01 4.272000e-03 2.744000e-01
239 7.204720e-01 4.372000e-03 2.751560e-01
240 7.196720e-01 4.412000e-03 2.759160e-01
241 7.188760e-01 4.444000e-03 2.766800e-01
242 7.181000e-01 4.540000e-03 2.773600e-01
243 7.173480e-01 4.508000e-03 2.781440e-01
244 7.166200e-01 4.476000e-03 2.789040e-01
245 7.159920e-01 4.320000e-03 2.796880e-01
246 7.154160e-01 4.112000e-03 2.804720e-01
247 7.148720e-01 3.968000e-03 2.811600e-01
248 7.142600e-01 3.840000e-03 2.819000e-01
249 7.136520e-01 3.716000e-03 2.826320e-01
250 7.130000e-01 3.692000e-03 2.833080e-01
251 7.123880e-01 3.660000e-03 2.839520e-01
252 7.118200e-01 3.592000e-03 2.845880e-01
253 7.111080e-01 3.676000e-03 2.852160e-01
254 7.105320e-01 3.508000e-03 2.859600e-01
255 7.099800e-01 3.368000e-03 2.866520e-01
256 7.093600e-01 3.416000e-03 2.872240e-01
257 7.087760e-01 3.420000e-03 2.878040e-01
258 7.081040e-01 3.432000e-03 2.884640e-01
259 7.075520e-01 3.348000e-03 2.891000e-01
260 7.069680e-01 3.312000e-03 2.897200e-01
261 7.064320e-01 3.184000e-03 2.903840e-01
262 7.059120e-01 3.136000e-03 2.909520e-01
263 7.053000e-01 3.232000e-03 2.914680e-01
264 7.047680e-01 3.212000e-03 2.920200e-01
265 7.042080e-01 3.168000e-03 2.926240e-01
266 7.035400e-01 3.284000e-03 2.931760e-01
267 7.029680e-01 3.272000e-03 2.937600e-01
268 7.024680e-01 3.232000e-03 2.943000e-01
269 7.018680e-01 3.260000e-03 2.948720e-01
270 7.012760e-01 3.272000e-03 2.954520e-01
271 7.007240e-01 3.224000e-03 2.960520e-01
272 7.001480e-01 3.216000e-03 2.966360e-01
273 6.996360e-01 3.172000e-03 2.971920e-01
274 6.990800e-01 3.228000e-03 2.976920e-01
275 6.985840e-01 3.156000e-03 2.982600e-01
276 6.980800e-01 3.124000e-03 2.987960e-01
277 6.976440e-01 3.004000e-03 2.993520e-01
278 6.971520e-01 2.928000e-03 2.999200e-01
279 6.967320e-01 2.868000e-03 3.004000e-01
280 6.961760e-01 2.848000e-03 3.009760e-01
281 6.957400e-01 2.792000e-03 3.014680e-01
282 6.953240e-01 2.756000e-03 3.019200e-01
283 6.948680e-01 2.792000e-03 3.023400e-01
284 6.944160e-01 2.772000e-03 3.028120e-01
285 6.940040e-01 2.680000e-03 3.033160e-01
286 6.935800e-01 2.596000e-03 3.038240e-01
287 6.931480e-01 2.604000e-03 3.042480e-01
288 6.927320e-01 2.604000e-03 3.046640e-01
289 6.922800e-01 2.560000e-03 3.051600e-01
290 6.918720e-01 2.556000e-03 3.055720e-01
291 6.913640e-01 2.600000e-03 3.060360e-01
292 6.908440e-01 2.604000e-03 3.065520e-01
293 6.904600e-01 2.508000e-03 3.070320e-01
294 6.899240e-01 2.588000e-03 3.074880e-01
295 6.894640e-01 2.580000e-03 3.079560e-01
296 6.888840e-01 2.812000e-03 3.083040e-01
297 6.884320e-01 2.752000e-03 3.088160e-01
298 6.880160e-01 2.648000e-03 3.093360e-01
299 6.875480e-01 2.616000e-03 3.098360e-01
300 6.870960e-01 2.620000e-03 3.102840e-01
301 6.867720e-01 2.500000e-03 3.107280e-01
302 6.864200e-01 2.416000e-03 3.111640e-01
303 6.860320e-01 2.396000e-03 3.115720e-01
304 6.856360e-01 2.364000e-03 3.120000e-01
305 6.852280e-01 2.368000e-03 3.124040e-01
306 6.848200e-01 2.360000e-03 3.128200e-01
307 6.844360e-01 2.332000e-03 3.132320e-01
308 6.839840e-01 2.384000e-03 3.136320e-01
309 6.835280e-01 2.412000e-03 3.140600e-01
310 6.830760e-01 2.452000e-03 3.144720e-01
311 6.827040e-01 2.388000e-03 3.149080e-01
312 6.822880e-01 2.324000e-03 3.153880e-01
313 6.819680e-01 2.268000e-03 3.157640e-01
314 6.816680e-01 2.256000e-03 3.160760e-01
315 6.812440e-01 2.292000e-03 3.164640e-01
316 6.808800e-01 2.236000e-03 3.168840e-01
317 6.805280e-01 2.224000e-03 3.172480e-01
318 6.801280e-01 2.204000e-03 3.176680e-01
319 6.797720e-01 2.164000e-03 3.180640e-01
320 6.794000e-01 2.168000e-03 3.184320e-01
321 6.790680e-01 2.124000e-03 3.188080e-01
322 6.787280e-01 2.072000e-03 3.192000e-01
323 6.784000e-01 2.068000e-03 3.195320e-01
324 6.780440e-01 2.104000e-03 3.198520e-01
325 6.777360e-01 2.056000e-03 3.202080e-01
326 6.773480e-01 2.044000e-03 3.206080e-01
327 6.769960e-01 2.064000e-03 3.209400e-01
328 6.766960e-01 2.040000e-03 3.212640e-01
329 6.763960e-01 1.988000e-03 3.216160e-01
330 6.760600e-01 2.008000e-03 3.219320e-01
331 6.757560e-01 1.944000e-03 3.223000e-01
332 6.754000e-01 1.980000e-03 3.226200e-01
333 6.750600e-01 1.984000e-03 3.229560e-01
334 6.746720e-01 1.980000e-03 3.233480e-01
335 6.743120e-01 2.000000e-03 3.236880e-01
336 6.738920e-01 2.080000e-03 3.240280e-01
337 6.735400e-01 2.028000e-03 3.244320e-01
338 6.732000e-01 1.976000e-03 3.248240e-01
339 6.728520e-01 1.988000e-03 3.251600e-01
340 6.725400e-01 1.948000e-03 3.255120e-01
341 6.722520e-01 1.880000e-03 3.258680e-01
342 6.719320e-01 1.920000e-03 3.261480e-01
343 6.715720e-01 1.932000e-03 3.264960e-01
344 6.712320e-01 1.980000e-03 3.267880e-01
345 6.709200e-01 1.948000e-03 3.271320e-01
346 6.706360e-01 1.868000e-03 3.274960e-01
347 6.703600e-01 1.760000e-03 3.278800e-01
348 6.700880e-01 1.664000e-03 3.282480e-01
349 6.698480e-01 1.644000e-03 3.285080e-01
350 6.696560e-01 1.540000e-03 3.288040e-01
351 6.694080e-01 1.472000e-03 3.291200e-01
352 6.691960e-01 1.396000e-03 3.294080e-01
353 6.689680e-01 1.376000e-03 3.296560e-01
354 6.687440e-01 1.388000e-03 3.298680e-01
355 6.685400e-01 1.384000e-03 3.300760e-01
356 6.682360e-01 1.488000e-03 3.302760e-01
357 6.679160e-01 1.588000e-03 3.304960e-01
358 6.676640e-01 1.560000e-03 3.307760e-01
359 6.672920e-01 1.692000e-03 3.310160e-01
360 6.669680e-01 1.684000e-03 3.313480e-01
361 6.665560e-01 1.804000e-03 3.316400e-01
362 6.661720e-01 1.888000e-03 3.319400e-01
363 6.656760e-01 2.068000e-03 3.322560e-01
364 6.652840e-01 2.080000e-03 3.326360e-01
365 6.649440e-01 2.108000e-03 3.329480e-01
366 6.646160e-01 2.028000e-03 3.333560e-01
367 6.642640e-01 1.972000e-03 3.337640e-01
368 6.639600e-01 1.908000e-03 3.341320e-01
369 6.636800e-01 1.808000e-03 3.345120e-01
370 6.634040e-01 1.812000e-03 3.347840e-01
371 6.631200e-01 1.812000e-03 3.350680e-01
372 6.628200e-01 1.828000e-03 3.353520e-01
373 6.625560e-01 1.760000e-03 3.356840e-01
374 6.622520e-01 1.748000e-03 3.360000e-01
375 6.619640e-01 1.720000e-03 3.363160e-01
376 6.617600e-01 1.604000e-03 3.366360e-01
377 6.615200e-01 1.568000e-03 3.369120e-01
378 6.613040e-01 1.508000e-03 3.371880e-01
379 6.610800e-01 1.484000e-03 3.374360e-01
380 6.608400e-01 1.476000e-03 3.376840e-01
381 6.606200e-01 1.384000e-03 3.379960e-01
382 6.604400e-01 1.364000e-03 3.381960e-01
383 6.602960e-01 1.268000e-03 3.384360e-01
384 6.601320e-01 1.236000e-03 3.386320e-01
385 6.600400e-01 1.100000e-03 3.388600e-01
386 6.598920e-01 1.020000e-03 3.390880e-01
387 6.597200e-01 9.960000e-04 3.392840e-01
388 6.595760e-01 1.004000e-03 3.394200e-01
389 6.593960e-01 1.024000e-03 3.395800e-01
390 6.592400e-01 1.012000e-03 3.397480e-01
391 6.590720e-01 9.840000e-04 3.399440e-01
392 6.589720e-01 8.960000e-04 3.401320e-01
393 6.588360e-01 8.480000e-04 3.403160e-01
394 6.587320e-01 7.960000e-04 3.404720e-01
395 6.586360e-01 7.400000e-04 3.406240e-01
396 6.585840e-01 6.400000e-04 3.407760e-01
397 6.585600e-01 5.600000e-04 3.408800e-01
398 6.584960e-01 5.640000e-04 3.409400e-01
399 6.584360e-01 5.320000e-04 3.410320e-01
400 6.583600e-01 5.560000e-04 3.410840e-01
401 6.582920e-01 5.400000e-04 3.411680e-01
402 6.582120e-01 5.320000e-04 3.412560e-01
403 6.581040e-01 5.400000e-04 3.413560e-01
404 6.580640e-01 4.840000e-04 3.414520e-01
405 6.580160e-01 4.280000e-04 3.415560e-01
406 6.579520e-01 3.840000e-04 3.416640e-01
407 6.579080e-01 3.640000e-04 3.417280e-01
408 6.578800e-01 3.280000e-04 3.417920e-01
409 6.578400e-01 3.000000e-04 3.418600e-01
410 6.578200e-01 2.760000e-04 3.419040e-01
411 6.577800e-01 2.600000e-04 3.419600e-01
412 6.577240e-01 2.800000e-04 3.419960e-01
413 6.576560e-01 2.800000e-04 3.420640e-01
414 6.575760e-01 2.760000e-04 3.421480e-01
415 6.575200e-01 2.880000e-04 3.421920e-01
416 6.574720e-01 2.560000e-04 3.422720e-01
417 6.574320e-01 2.640000e-04 3.423040e-01
418 6.573840e-01 2.680000e-04 3.423480e-01
419 6.573480e-01 2.320000e-04 3.424200e-01
420 6.573280e-01 2.120000e-04 3.424600e-01
421 6.573160e-01 2.000000e-04 3.424840e-01
422 6.572640e-01 2.000000e-04 3.425360e-01
423 6.572440e-01 1.760000e-04 3.425800e-01
424 6.572240e-01 1.760000e-04 3.426000e-01
425 6.571800e-01 1.800000e-04 3.426400e-01
426 6.571560e-01 1.760000e-04 3.426680e-01
427 6.571360e-01 1.760000e-04 3.426880e-01
428 6.570920e-01 1.960000e-04 3.427120e-01
429 6.570640e-01 1.840000e-04 3.427520e-01
430 6.570360e-01 1.720000e-04 3.427920e-01
431 6.570080e-01 1.800000e-04 3.428120e-01
432 6.569720e-01 1.920000e-04 3.428360e-01
433 6.569400e-01 1.800000e-04 3.428800e-01
434 6.569000e-01 1.560000e-04 3.429440e-01
435 6.568640e-01 1.720000e-04 3.429640e-01
436 6.568200e-01 1.880000e-04 3.429920e-01
437 6.567800e-01 1.960000e-04 3.430240e-01
438 6.567560e-01 2.000000e-04 3.430440e-01
439 6.567160e-01 2.000000e-04 3.430840e-01
440 6.566640e-01 2.160000e-04 3.431200e-01
441 6.566400e-01 2.040000e-04 3.431560e-01
442 6.566080e-01 1.960000e-04 3.431960e-01
443 6.565520e-01 2.240000e-04 3.432240e-01
444 6.564920e-01 2.640000e-04 3.432440e-01
445 6.564520e-01 2.520000e-04 3.432960e-01
446 6.563960e-01 2.600000e-04 3.433440e-01
447 6.563640e-01 2.560000e-04 3.433800e-01
448 6.563080e-01 2.760000e-04 3.434160e-01
449 6.562640e-01 2.960000e-04 3.434400e-01
450 6.562120e-01 2.840000e-04 3.435040e-01
451 6.561720e-01 2.680000e-04 3.435600e-01
452 6.561360e-01 2.560000e-04 3.436080e-01
453 6.560920e-01 2.600000e-04 3.436480e-01
454 6.560440e-01 2.680000e-04 3.436880e-01
455 6.560040e-01 2.520000e-04 3.437440e-01
456 6.559640e-01 2.440000e-04 3.437920e-01
457 6.559320e-01 2.320000e-04 3.438360e-01
458 6.558800e-01 2.520000e-04 3.438680e-01
459 6.558480e-01 2.480000e-04 3.439040e-01
460 6.558040e-01 2.480000e-04 3.439480e-01
461 6.557520e-01 2.680000e-04 3.439800e-01
462 6.557080e-01 2.600000e-04 3.440320e-01
463 6.556840e-01 2.440000e-04 3.440720e-01
464 6.556360e-01 2.680000e-04 3.440960e-01
465 6.556160e-01 2.440000e-04 3.441400e-01
466 6.555680e-01 2.560000e-04 3.441760e-01
467 6.555400e-01 2.400000e-04 3.442200e-01
468 6.555080e-01 2.240000e-04 3.442680e-01
469 6.554680e-01 2.280000e-04 3.443040e-01
470 6.554640e-01 1.960000e-04 3.443400e-01
471 6.554360e-01 2.080000e-04 3.443560e-01
472 6.554080e-01 2.040000e-04 3.443880e-01
473 6.553760e-01 2.040000e-04 3.444200e-01
474 6.553360e-01 2.200000e-04 3.444440e-01
475 6.553040e-01 2.200000e-04 3.444760e-01
476 6.552600e-01 1.960000e-04 3.445440e-01
477 6.552480e-01 1.840000e-04 3.445680e-01
478 6.552120e-01 1.840000e-04 3.446040e-01
479 6.551800e-01 1.840000e-04 3.446360e-01
480 6.551640e-01 1.720000e-04 3.446640e-01
481 6.551160e-01 1.720000e-04 3.447120e-01
482 6.551000e-01 1.680000e-04 3.447320e-01
483 6.550800e-01 1.720000e-04 3.447480e-01
484 6.550640e-01 1.440000e-04 3.447920e-01
485 6.550600e-01 1.200000e-04 3.448200e-01
486 6.550520e-01 1.040000e-04 3.448440e-01
487 6.550520e-01 8.800000e-05 3.448600e-01
488 6.550440e-01 8.400000e-05 3.448720e-01
489 6.550360e-01 7.200000e-05 3.448920e-01
490 6.550360e-01 6.400000e-05 3.449000e-01
491 6.550320e-01 5.200000e-05 3.449160e-01
492 6.550320e-01 4.000000e-05 3.449280e-01
493 6.550280e-01 3.200000e-05 3.449400e-01
494 6.550280e-01 2.800000e-05 3.449440e-01
495 6.550280e-01 2.400000e-05 3.449480e-01
496 6.550280e-01 2.000000e-05 3.449520e-01
497 6.550280e-01 1.200000e-05 3.449600e-01
498 6.550280e-01 8.000000e-06 3.449640e-01
499 6.550280e-01 8.000000e-06 3.449640e-01
500 6.550280e-01 4.000000e-06 3.449680e-01
