1 9.992080e-01 6.840000e-04 1.080000e-04
2 9.985640e-01 1.160000e-03 2.760000e-04
3 9.979280e-01 1.564000e-03 5.080000e-04
4 9.972160e-01 1.856000e-03 9.280000e-04
5 9.965120e-01 2.172000e-03 1.316000e-03
6 9.957720e-01 2.536000e-03 1.692000e-03
7 9.949680e-01 2.888000e-03 2.144000e-03
8 9.941200e-01 3.196000e-03 2.684000e-03
9 9.933680e-01 3.368000e-03 3.264000e-03
10 9.924240e-01 3.744000e-03 3.832000e-03
11 9.914040e-01 4.116000e-03 4.480000e-03
12 9.904520e-01 4.340000e-03 5.208000e-03
13 9.893480e-01 4.720000e-03 5.932000e-03
14 9.882640e-01 4.972000e-03 6.764000e-03
15 9.871640e-01 5.108000e-03 7.728000e-03
16 9.860920e-01 5.228000e-03 8.680000e-03
17 9.850200e-01 5.380000e-03 9.600000e-03
18 9.837040e-01 5.704000e-03 1.059200e-02
19 9.825640e-01 5.864000e-03 1.157200e-02
20 9.814440e-01 5.980000e-03 1.257600e-02
21 9.802320e-01 6.224000e-03 1.354400e-02
22 9.790080e-01 6.440000e-03 1.455200e-02
23 9.777040e-01 6.500000e-03 1.579600e-02
24 9.765800e-01 6.548000e-03 1.687200e-02
25 9.751440e-01 6.852000e-03 1.800400e-02
26 9.738240e-01 6.924000e-03 1.925200e-02
27 9.724760e-01 6.996000e-03 2.052800e-02
28 9.711040e-01 7.108000e-03 2.178800e-02
29 9.696400e-01 7.388000e-03 2.297200e-02
30 9.683240e-01 7.384000e-03 2.429200e-02
31 9.668760e-01 7.544000e-03 2.558000e-02
32 9.653960e-01 7.720000e-03 2.688400e-02
33 9.638040e-01 7.972000e-03 2.822400e-02
34 9.622000e-01 8.184000e-03 2.961600e-02
35 9.607280e-01 8.276000e-03 3.099600e-02
36 9.592840e-01 8.228000e-03 3.248800e-02
37 9.578400e-01 8.280000e-03 3.388000e-02
38 9.562280e-01 8.476000e-03 3.529600e-02
39 9.545920e-01 8.656000e-03 3.675200e-02
40 9.531240e-01 8.636000e-03 3.824000e-02
41 9.515440e-01 8.732000e-03 3.972400e-02
42 9.498680e-01 8.924000e-03 4.120800e-02
43 9.483000e-01 8.900000e-03 4.280000e-02
44 9.466920e-01 9.056000e-03 4.425200e-02
45 9.450640e-01 9.016000e-03 4.592000e-02
46 9.434040e-01 9.052000e-03 4.754400e-02
47 9.417600e-01 9.176000e-03 4.906400e-02
48 9.400040e-01 9.328000e-03 5.066800e-02
49 9.382120e-01 9.464000e-03 5.232400e-02
50 9.364840e-01 9.492000e-03 5.402400e-02
51 9.349560e-01 9.368000e-03 5.567600e-02
52 9.333280e-01 9.432000e-03 5.724000e-02
53 9.317920e-01 9.248000e-03 5.896000e-02
54 9.303440e-01 9.036000e-03 6.062000e-02
55 9.288520e-01 8.964000e-03 6.218400e-02
56 9.273680e-01 8.828000e-03 6.380400e-02
57 9.258000e-01 8.968000e-03 6.523200e-02
58 9.241320e-01 9.044000e-03 6.682400e-02
59 9.224000e-01 9.108000e-03 6.849200e-02
60 9.208560e-01 8.884000e-03 7.026000e-02
61 9.190480e-01 9.012000e-03 7.194000e-02
62 9.174000e-01 9.012000e-03 7.358800e-02
63 9.156720e-01 9.172000e-03 7.515600e-02
64 9.138680e-01 9.240000e-03 7.689200e-02
65 9.121080e-01 9.228000e-03 7.866400e-02
66 9.103320e-01 9.324000e-03 8.034400e-02
67 9.086520e-01 9.388000e-03 8.196000e-02
68 9.069800e-01 9.300000e-03 8.372000e-02
69 9.053400e-01 9.248000e-03 8.541200e-02
70 9.037440e-01 9.240000e-03 8.701600e-02
71 9.020520e-01 9.332000e-03 8.861600e-02
72 9.003120e-01 9.452000e-03 9.023600e-02
73 8.985800e-01 9.520000e-03 9.190000e-02
74 8.967720e-01 9.584000e-03 9.364400e-02
75 8.951880e-01 9.508000e-03 9.530400e-02
76 8.934800e-01 9.388000e-03 9.713200e-02
77 8.920040e-01 9.232000e-03 9.876400e-02
78 8.903360e-01 9.148000e-03 1.005160e-01
79 8.886520e-01 9.248000e-03 1.021000e-01
80 8.871520e-01 9.144000e-03 1.037040e-01
81 8.855760e-01 9.004000e-03 1.054200e-01
82 8.840520e-01 9.056000e-03 1.068920e-01
83 8.825160e-01 8.936000e-03 1.085480e-01
84 8.809840e-01 8.936000e-03 1.100800e-01
85 8.794320e-01 8.868000e-03 1.117000e-01
86 8.778960e-01 8.868000e-03 1.132360e-01
87 8.762840e-01 8.932000e-03 1.147840e-01
88 8.747360e-01 8.944000e-03 1.163200e-01
89 8.732440e-01 8.864000e-03 1.178920e-01
90 8.718040e-01 8.808000e-03 1.193880e-01
91 8.700960e-01 8.984000e-03 1.209200e-01
92 8.682760e-01 9.208000e-03 1.225160e-01
93 8.663640e-01 9.520000e-03 1.241160e-01
94 8.647440e-01 9.548000e-03 1.257080e-01
95 8.631040e-01 9.500000e-03 1.273960e-01
96 8.615840e-01 9.296000e-03 1.291200e-01
97 8.599200e-01 9.376000e-03 1.307040e-01
98 8.582680e-01 9.364000e-03 1.323680e-01
99 8.566680e-01 9.416000e-03 1.339160e-01
100 8.552200e-01 9.304000e-03 1.354760e-01
101 8.534760e-01 9.468000e-03 1.370560e-01
102 8.519800e-01 9.248000e-03 1.387720e-01
103 8.503440e-01 9.340000e-03 1.403160e-01
104 8.487200e-01 9.268000e-03 1.420120e-01
105 8.469560e-01 9.308000e-03 1.437360e-01
106 8.451320e-01 9.528000e-03 1.453400e-01
107 8.433680e-01 9.668000e-03 1.469640e-01
108 8.417320e-01 9.556000e-03 1.487120e-01
109 8.401400e-01 9.376000e-03 1.504840e-01
110 8.384520e-01 9.420000e-03 1.521280e-01
111 8.367080e-01 9.580000e-03 1.537120e-01
112 8.348720e-01 9.708000e-03 1.554200e-01
113 8.331240e-01 9.784000e-03 1.570920e-01
114 8.313440e-01 9.824000e-03 1.588320e-01
115 8.297080e-01 9.824000e-03 1.604680e-01
116 8.278280e-01 9.912000e-03 1.622600e-01
117 8.261600e-01 9.828000e-03 1.640120e-01
118 8.244360e-01 9.724000e-03 1.658400e-01
119 8.226480e-01 9.720000e-03 1.676320e-01
120 8.210640e-01 9.620000e-03 1.693160e-01
121 8.194360e-01 9.640000e-03 1.709240e-01
122 8.176200e-01 9.876000e-03 1.725040e-01
123 8.159160e-01 9.808000e-03 1.742760e-01
124 8.143920e-01 9.648000e-03 1.759600e-01
125 8.128200e-01 9.572000e-03 1.776080e-01
126 8.109120e-01 9.768000e-03 1.793200e-01
127 8.091600e-01 9.896000e-03 1.809440e-01
128 8.074280e-01 9.744000e-03 1.828280e-01
129 8.058160e-01 9.660000e-03 1.845240e-01
130 8.040240e-01 9.812000e-03 1.861640e-01
131 8.023160e-01 9.912000e-03 1.877720e-01
132 8.007160e-01 9.832000e-03 1.894520e-01
133 7.990560e-01 9.744000e-03 1.912000e-01
134 7.975760e-01 9.424000e-03 1.930000e-01
135 7.959320e-01 9.304000e-03 1.947640e-01
136 7.941960e-01 9.428000e-03 1.963760e-01
137 7.924680e-01 9.408000e-03 1.981240e-01
138 7.909480e-01 9.232000e-03 1.998200e-01
139 7.895320e-01 9.052000e-03 2.014160e-01
140 7.881680e-01 8.920000e-03 2.029120e-01
141 7.867120e-01 8.788000e-03 2.045000e-01
142 7.853840e-01 8.588000e-03 2.060280e-01
143 7.838880e-01 8.644000e-03 2.074680e-01
144 7.824840e-01 8.408000e-03 2.091080e-01
145 7.811440e-01 8.284000e-03 2.105720e-01
146 7.796840e-01 8.396000e-03 2.119200e-01
147 7.782360e-01 8.404000e-03 2.133600e-01
148 7.769360e-01 8.292000e-03 2.147720e-01
149 7.756800e-01 8.132000e-03 2.161880e-01
150 7.744040e-01 7.932000e-03 2.176640e-01
151 7.731040e-01 7.904000e-03 2.189920e-01
152 7.719240e-01 7.680000e-03 2.203960e-01
153 7.707640e-01 7.480000e-03 2.217560e-01
154 7.695160e-01 7.336000e-03 2.231480e-01
155 7.684120e-01 7.080000e-03 2.245080e-01
156 7.672760e-01 6.924000e-03 2.258000e-01
157 7.661400e-01 6.904000e-03 2.269560e-01
158 7.649440e-01 7.008000e-03 2.280480e-01
159 7.637600e-01 7.020000e-03 2.292200e-01
160 7.627200e-01 6.764000e-03 2.305160e-01
161 7.614680e-01 6.884000e-03 2.316480e-01
162 7.601840e-01 6.992000e-03 2.328240e-01
163 7.591400e-01 6.876000e-03 2.339840e-01
164 7.580960e-01 6.780000e-03 2.351240e-01
165 7.570040e-01 6.604000e-03 2.363920e-01
166 7.558320e-01 6.720000e-03 2.374480e-01
167 7.546400e-01 6.800000e-03 2.385600e-01
168 7.535360e-01 6.752000e-03 2.397120e-01
169 7.523720e-01 6.704000e-03 2.409240e-01
170 7.512440e-01 6.692000e-03 2.420640e-01
171 7.501040e-01 6.592000e-03 2.433040e-01
172 7.489720e-01 6.596000e-03 2.444320e-01
173 7.477680e-01 6.708000e-03 2.455240e-01
174 7.464240e-01 6.884000e-03 2.466920e-01
175 7.453160e-01 6.792000e-03 2.478920e-01
176 7.443200e-01 6.568000e-03 2.491120e-01
177 7.432520e-01 6.568000e-03 2.501800e-01
178 7.421600e-01 6.608000e-03 2.512320e-01
179 7.409800e-01 6.716000e-03 2.523040e-01
180 7.399400e-01 6.624000e-03 2.534360e-01
181 7.389080e-01 6.512000e-03 2.545800e-01
182 7.378000e-01 6.468000e-03 2.557320e-01
183 7.367600e-01 6.404000e-03 2.568360e-01
184 7.358080e-01 6.280000e-03 2.579120e-01
185 7.348800e-01 6.048000e-03 2.590720e-01
186 7.338120e-01 6.064000e-03 2.601240e-01
187 7.328440e-01 5.940000e-03 2.612160e-01
188 7.317480e-01 5.932000e-03 2.623200e-01
189 7.307000e-01 5.992000e-03 2.633080e-01
190 7.295480e-01 6.104000e-03 2.643480e-01
191 7.284760e-01 6.080000e-03 2.654440e-01
192 7.272440e-01 6.232000e-03 2.665240e-01
193 7.261760e-01 6.304000e-03 2.675200e-01
194 7.249760e-01 6.340000e-03 2.686840e-01
195 7.236560e-01 6.472000e-03 2.698720e-01
196 7.225160e-01 6.388000e-03 2.710960e-01
197 7.213120e-01 6.472000e-03 2.722160e-01
198 7.202640e-01 6.388000e-03 2.733480e-01
199 7.191840e-01 6.348000e-03 2.744680e-01
200 7.182040e-01 6.236000e-03 2.755600e-01
201 7.171880e-01 6.140000e-03 2.766720e-01
202 7.162640e-01 6.036000e-03 2.777000e-01
203 7.152840e-01 5.992000e-03 2.787240e-01
204 7.142120e-01 6.044000e-03 2.797440e-01
205 7.131280e-01 6.080000e-03 2.807920e-01
206 7.122240e-01 5.832000e-03 2.819440e-01
207 7.112360e-01 5.736000e-03 2.830280e-01
208 7.102800e-01 5.716000e-03 2.840040e-01
209 7.093680e-01 5.608000e-03 2.850240e-01
210 7.085040e-01 5.508000e-03 2.859880e-01
211 7.074800e-01 5.576000e-03 2.869440e-01
212 7.065000e-01 5.588000e-03 2.879120e-01
213 7.055240e-01 5.524000e-03 2.889520e-01
214 7.046160e-01 5.492000e-03 2.898920e-01
215 7.036400e-01 5.536000e-03 2.908240e-01
216 7.028280e-01 5.452000e-03 2.917200e-01
217 7.019640e-01 5.388000e-03 2.926480e-01
218 7.009920e-01 5.452000e-03 2.935560e-01
219 6.999720e-01 5.560000e-03 2.944680e-01
220 6.991560e-01 5.280000e-03 2.955640e-01
221 6.982760e-01 5.260000e-03 2.964640e-01
222 6.974280e-01 5.196000e-03 2.973760e-01
223 6.965640e-01 5.144000e-03 2.982920e-01
224 6.956280e-01 5.192000e-03 2.991800e-01
225 6.947280e-01 5.204000e-03 3.000680e-01
226 6.939200e-01 5.112000e-03 3.009680e-01
227 6.929680e-01 5.204000e-03 3.018280e-01
228 6.921440e-01 5.016000e-03 3.028400e-01
229 6.912240e-01 5.120000e-03 3.036560e-01
230 6.905120e-01 4.916000e-03 3.045720e-01
231 6.898080e-01 4.796000e-03 3.053960e-01
232 6.889640e-01 4.740000e-03 3.062960e-01
233 6.880880e-01 4.608000e-03 3.073040e-01
234 6.872240e-01 4.696000e-03 3.080800e-01
235 6.864120e-01 4.608000e-03 3.089800e-01
236 6.857200e-01 4.508000e-03 3.097720e-01
237 6.849520e-01 4.416000e-03 3.106320e-01
238 6.841160e-01 4.484000e-03 3.114000e-01
239 6.832840e-01 4.568000e-03 3.121480e-01
240 6.825200e-01 4.548000e-03 3.129320e-01
241 6.816640e-01 4.680000e-03 3.136560e-01
242 6.808280e-01 4.608000e-03 3.145640e-01
243 6.800960e-01 4.468000e-03 3.154360e-01
244 6.792200e-01 4.552000e-03 3.162280e-01
245 6.784600e-01 4.584000e-03 3.169560e-01
246 6.777040e-01 4.504000e-03 3.177920e-01
247 6.769320e-01 4.440000e-03 3.186280e-01
248 6.760600e-01 4.580000e-03 3.193600e-01
249 6.752960e-01 4.520000e-03 3.201840e-01
250 6.744600e-01 4.520000e-03 3.210200e-01
251 6.737040e-01 4.468000e-03 3.218280e-01
252 6.729520e-01 4.444000e-03 3.226040e-01
253 6.721720e-01 4.404000e-03 3.234240e-01
254 6.714800e-01 4.372000e-03 3.241480e-01
255 6.708360e-01 4.144000e-03 3.250200e-01
256 6.700920e-01 4.168000e-03 3.257400e-01
257 6.695080e-01 4.012000e-03 3.264800e-01
258 6.687840e-01 4.008000e-03 3.272080e-01
259 6.682080e-01 3.896000e-03 3.278960e-01
260 6.675280e-01 3.812000e-03 3.286600e-01
261 6.668840e-01 3.840000e-03 3.292760e-01
262 6.661840e-01 3.872000e-03 3.299440e-01
263 6.655000e-01 3.836000e-03 3.306640e-01
264 6.649560e-01 3.700000e-03 3.313440e-01
265 6.643960e-01 3.600000e-03 3.320040e-01
266 6.637640e-01 3.548000e-03 3.326880e-01
267 6.632200e-01 3.524000e-03 3.332560e-01
268 6.626800e-01 3.356000e-03 3.339640e-01
269 6.622080e-01 3.208000e-03 3.345840e-01
270 6.616240e-01 3.328000e-03 3.350480e-01
271 6.609840e-01 3.412000e-03 3.356040e-01
272 6.603800e-01 3.376000e-03 3.362440e-01
273 6.597680e-01 3.396000e-03 3.368360e-01
274 6.591320e-01 3.376000e-03 3.374920e-01
275 6.585520e-01 3.376000e-03 3.380720e-01
276 6.578320e-01 3.496000e-03 3.386720e-01
277 6.572360e-01 3.392000e-03 3.393720e-01
278 6.566840e-01 3.340000e-03 3.399760e-01
279 6.562120e-01 3.292000e-03 3.404960e-01
280 6.556040e-01 3.324000e-03 3.410720e-01
281 6.550320e-01 3.356000e-03 3.416120e-01
282 6.543720e-01 3.440000e-03 3.421880e-01
283 6.536800e-01 3.492000e-03 3.428280e-01
284 6.531240e-01 3.492000e-03 3.433840e-01
285 6.525520e-01 3.416000e-03 3.440320e-01
286 6.519440e-01 3.432000e-03 3.446240e-01
287 6.513840e-01 3.344000e-03 3.452720e-01
288 6.507280e-01 3.388000e-03 3.458840e-01
289 6.501760e-01 3.308000e-03 3.465160e-01
290 6.494600e-01 3.460000e-03 3.470800e-01
291 6.488560e-01 3.484000e-03 3.476600e-01
292 6.482320e-01 3.464000e-03 3.483040e-01
293 6.476400e-01 3.444000e-03 3.489160e-01
294 6.469600e-01 3.508000e-03 3.495320e-01
295 6.464480e-01 3.388000e-03 3.501640e-01
296 6.458560e-01 3.460000e-03 3.506840e-01
297 6.452920e-01 3.456000e-03 3.512520e-01
298 6.446600e-01 3.552000e-03 3.517880e-01
299 6.441040e-01 3.432000e-03 3.524640e-01
300 6.435040e-01 3.440000e-03 3.530560e-01
301 6.429920e-01 3.416000e-03 3.535920e-01
302 6.424320e-01 3.408000e-03 3.541600e-01
303 6.419760e-01 3.272000e-03 3.547520e-01
304 6.414640e-01 3.196000e-03 3.553400e-01
305 6.409960e-01 3.116000e-03 3.558880e-01
306 6.405360e-01 3.044000e-03 3.564200e-01
307 6.400960e-01 2.940000e-03 3.569640e-01
308 6.396680e-01 2.920000e-03 3.574120e-01
309 6.392240e-01 2.860000e-03 3.579160e-01
310 6.387800e-01 2.812000e-03 3.584080e-01
311 6.383160e-01 2.748000e-03 3.589360e-01
312 6.379200e-01 2.604000e-03 3.594760e-01
313 6.376120e-01 2.448000e-03 3.599400e-01
314 6.372080e-01 2.380000e-03 3.604120e-01
315 6.367600e-01 2.396000e-03 3.608440e-01
316 6.363360e-01 2.392000e-03 3.612720e-01
317 6.359560e-01 2.376000e-03 3.616680e-01
318 6.355160e-01 2.444000e-03 3.620400e-01
319 6.351560e-01 2.360000e-03 3.624840e-01
320 6.347360e-01 2.288000e-03 3.629760e-01
321 6.343840e-01 2.244000e-03 3.633720e-01
322 6.340800e-01 2.156000e-03 3.637640e-01
323 6.337880e-01 2.168000e-03 3.640440e-01
324 6.335160e-01 2.104000e-03 3.643800e-01
325 6.332120e-01 1.980000e-03 3.648080e-01
326 6.329480e-01 1.876000e-03 3.651760e-01
327 6.326000e-01 1.880000e-03 3.655200e-01
328 6.322680e-01 1.932000e-03 3.658000e-01
329 6.319320e-01 1.952000e-03 3.661160e-01
330 6.316280e-01 1.976000e-03 3.663960e-01
331 6.313360e-01 1.928000e-03 3.667360e-01
332 6.309920e-01 1.956000e-03 3.670520e-01
333 6.306840e-01 1.884000e-03 3.674320e-01
334 6.304160e-01 1.788000e-03 3.677960e-01
335 6.301200e-01 1.828000e-03 3.680520e-01
336 6.298280e-01 1.812000e-03 3.683600e-01
337 6.295560e-01 1.808000e-03 3.686360e-01
338 6.293120e-01 1.772000e-03 3.689160e-01
339 6.289800e-01 1.776000e-03 3.692440e-01
340 6.285600e-01 1.892000e-03 3.695480e-01
341 6.282000e-01 1.908000e-03 3.698920e-01
342 6.279360e-01 1.824000e-03 3.702400e-01
343 6.276800e-01 1.756000e-03 3.705640e-01
344 6.273600e-01 1.784000e-03 3.708560e-01
345 6.270760e-01 1.752000e-03 3.711720e-01
346 6.267080e-01 1.812000e-03 3.714800e-01
347 6.264000e-01 1.788000e-03 3.718120e-01
348 6.260480e-01 1.812000e-03 3.721400e-01
349 6.257280e-01 1.816000e-03 3.724560e-01
350 6.253880e-01 1.804000e-03 3.728080e-01
351 6.250360e-01 1.836000e-03 3.731280e-01
352 6.247640e-01 1.844000e-03 3.733920e-01
353 6.245120e-01 1.776000e-03 3.737120e-01
354 6.242200e-01 1.744000e-03 3.740360e-01
355 6.239360e-01 1.760000e-03 3.743040e-01
356 6.236240e-01 1.760000e-03 3.746160e-01
357 6.232640e-01 1.768000e-03 3.749680e-01
358 6.230040e-01 1.656000e-03 3.753400e-01
359 6.226760e-01 1.740000e-03 3.755840e-01
360 6.224360e-01 1.708000e-03 3.758560e-01
361 6.221800e-01 1.640000e-03 3.761800e-01
362 6.219520e-01 1.588000e-03 3.764600e-01
363 6.217120e-01 1.612000e-03 3.766760e-01
364 6.215320e-01 1.496000e-03 3.769720e-01
365 6.212920e-01 1.488000e-03 3.772200e-01
366 6.211240e-01 1.404000e-03 3.774720e-01
367 6.208880e-01 1.388000e-03 3.777240e-01
368 6.206880e-01 1.396000e-03 3.779160e-01
369 6.204600e-01 1.372000e-03 3.781680e-01
370 6.202600e-01 1.300000e-03 3.784400e-01
371 6.200160e-01 1.332000e-03 3.786520e-01
372 6.197960e-01 1.308000e-03 3.788960e-01
373 6.195840e-01 1.284000e-03 3.791320e-01
374 6.193240e-01 1.296000e-03 3.793800e-01
375 6.191280e-01 1.272000e-03 3.796000e-01
376 6.189240e-01 1.244000e-03 3.798320e-01
377 6.186960e-01 1.212000e-03 3.800920e-01
378 6.185040e-01 1.184000e-03 3.803120e-01
379 6.183400e-01 1.124000e-03 3.805360e-01
380 6.181640e-01 1.120000e-03 3.807160e-01
381 6.179920e-01 1.072000e-03 3.809360e-01
382 6.178400e-01 1.068000e-03 3.810920e-01
383 6.175960e-01 1.092000e-03 3.813120e-01
384 6.174240e-01 1.076000e-03 3.815000e-01
385 6.172440e-01 1.080000e-03 3.816760e-01
386 6.170400e-01 1.128000e-03 3.818320e-01
387 6.168320e-01 1.136000e-03 3.820320e-01
388 6.166120e-01 1.200000e-03 3.821880e-01
389 6.163960e-01 1.180000e-03 3.824240e-01
390 6.161760e-01 1.148000e-03 3.826760e-01
391 6.159400e-01 1.176000e-03 3.828840e-01
392 6.157240e-01 1.212000e-03 3.830640e-01
393 6.155480e-01 1.168000e-03 3.832840e-01
394 6.153880e-01 1.096000e-03 3.835160e-01
395 6.151480e-01 1.132000e-03 3.837200e-01
396 6.149720e-01 1.124000e-03 3.839040e-01
397 6.147600e-01 1.136000e-03 3.841040e-01
398 6.145520e-01 1.184000e-03 3.842640e-01
399 6.143280e-01 1.200000e-03 3.844720e-01
400 6.141760e-01 1.144000e-03 3.846800e-01
401 6.139400e-01 1.172000e-03 3.848880e-01
402 6.137520e-01 1.148000e-03 3.851000e-01
403 6.135560e-01 1.132000e-03 3.853120e-01
404 6.132880e-01 1.208000e-03 3.855040e-01
405 6.130840e-01 1.180000e-03 3.857360e-01
406 6.129200e-01 1.140000e-03 3.859400e-01
407 6.127600e-01 1.132000e-03 3.861080e-01
408 6.125760e-01 1.136000e-03 3.862880e-01
409 6.124360e-01 1.068000e-03 3.864960e-01
410 6.122400e-01 1.032000e-03 3.867280e-01
411 6.119560e-01 1.092000e-03 3.869520e-01
412 6.117880e-01 1.064000e-03 3.871480e-01
413 6.115680e-01 1.104000e-03 3.873280e-01
414 6.114240e-01 1.000000e-03 3.875760e-01
415 6.112920e-01 9.440000e-04 3.877640e-01
416 6.110840e-01 9.720000e-04 3.879440e-01
417 6.109680e-01 9.480000e-04 3.880840e-01
418 6.108440e-01 8.880000e-04 3.882680e-01
419 6.106760e-01 9.040000e-04 3.884200e-01
420 6.105000e-01 9.280000e-04 3.885720e-01
421 6.103520e-01 8.800000e-04 3.887680e-01
422 6.101880e-01 9.120000e-04 3.889000e-01
423 6.100400e-01 9.280000e-04 3.890320e-01
424 6.098240e-01 1.016000e-03 3.891600e-01
425 6.096640e-01 1.008000e-03 3.893280e-01
426 6.095400e-01 9.840000e-04 3.894760e-01
427 6.093760e-01 9.760000e-04 3.896480e-01
428 6.092000e-01 1.012000e-03 3.897880e-01
429 6.090680e-01 9.720000e-04 3.899600e-01
430 6.089320e-01 9.440000e-04 3.901240e-01
431 6.088000e-01 9.120000e-04 3.902880e-01
432 6.086840e-01 8.480000e-04 3.904680e-01
433 6.085520e-01 8.640000e-04 3.905840e-01
434 6.084160e-01 8.600000e-04 3.907240e-01
435 6.083360e-01 7.640000e-04 3.909000e-01
436 6.082320e-01 7.720000e-04 3.909960e-01
437 6.081280e-01 7.320000e-04 3.911400e-01
438 6.080360e-01 6.960000e-04 3.912680e-01
439 6.079280e-01 6.560000e-04 3.914160e-01
440 6.077560e-01 7.160000e-04 3.915280e-01
441 6.076360e-01 6.880000e-04 3.916760e-01
442 6.075240e-01 6.280000e-04 3.918480e-01
443 6.074200e-01 6.240000e-04 3.919560e-01
444 6.073080e-01 6.200000e-04 3.920720e-01
445 6.072200e-01 5.800000e-04 3.922000e-01
446 6.071760e-01 5.080000e-04 3.923160e-01
447 6.071240e-01 4.760000e-04 3.924000e-01
448 6.070600e-01 4.640000e-04 3.924760e-01
449 6.069800e-01 4.680000e-04 3.925520e-01
450 6.068960e-01 4.760000e-04 3.926280e-01
451 6.068040e-01 4.960000e-04 3.927000e-01
452 6.067240e-01 4.840000e-04 3.927920e-01
453 6.066240e-01 4.840000e-04 3.928920e-01
454 6.065360e-01 4.760000e-04 3.929880e-01
455 6.064520e-01 4.800000e-04 3.930680e-01
456 6.063640e-01 4.800000e-04 3.931560e-01
457 6.062920e-01 4.680000e-04 3.932400e-01
458 6.062200e-01 4.600000e-04 3.933200e-01
459 6.061800e-01 4.120000e-04 3.934080e-01
460 6.061240e-01 3.800000e-04 3.934960e-01
461 6.060640e-01 3.600000e-04 3.935760e-01
462 6.060120e-01 3.520000e-04 3.936360e-01
463 6.058960e-01 4.160000e-04 3.936880e-01
464 6.057960e-01 4.720000e-04 3.937320e-01
465 6.057080e-01 4.840000e-04 3.938080e-01
466 6.056040e-01 5.160000e-04 3.938800e-01
467 6.055200e-01 4.960000e-04 3.939840e-01
468 6.054240e-01 5.080000e-04 3.940680e-01
469 6.053520e-01 5.240000e-04 3.941240e-01
470 6.052440e-01 5.640000e-04 3.941920e-01
471 6.051280e-01 6.120000e-04 3.942600e-01
472 6.049920e-01 6.080000e-04 3.944000e-01
473 6.048720e-01 6.200000e-04 3.945080e-01
474 6.047280e-01 6.480000e-04 3.946240e-01
475 6.045320e-01 7.200000e-04 3.947480e-01
476 6.043920e-01 6.880000e-04 3.949200e-01
477 6.042760e-01 7.000000e-04 3.950240e-01
478 6.041520e-01 7.080000e-04 3.951400e-01
479 6.040680e-01 6.520000e-04 3.952800e-01
480 6.039800e-01 6.240000e-04 3.953960e-01
481 6.038800e-01 6.440000e-04 3.954760e-01
482 6.038160e-01 5.880000e-04 3.955960e-01
483 6.037440e-01 5.560000e-04 3.957000e-01
484 6.036600e-01 5.480000e-04 3.957920e-01
485 6.035800e-01 5.440000e-04 3.958760e-01
486 6.034760e-01 5.440000e-04 3.959800e-01
487 6.033560e-01 5.800000e-04 3.960640e-01
488 6.032280e-01 6.120000e-04 3.961600e-01
489 6.031440e-01 6.160000e-04 3.962400e-01
490 6.030280e-01 6.320000e-04 3.963400e-01
491 6.029440e-01 5.960000e-04 3.964600e-01
492 6.028800e-01 5.520000e-04 3.965680e-01
493 6.027320e-01 6.240000e-04 3.966440e-01
494 6.026160e-01 6.440000e-04 3.967400e-01
495 6.024960e-01 6.320000e-04 3.968720e-01
496 6.023680e-01 6.800000e-04 3.969520e-01
497 6.022400e-01 6.880000e-04 3.970720e-01
498 6.021440e-01 6.600000e-04 3.971960e-01
499 6.019800e-01 6.960000e-04 3.973240e-01
500 6.018360e-01 6.960000e-04 3.974680e-01
