1 9.992320e-01 6.800000e-04 8.800000e-05
2 9.987240e-01 1.040000e-03 2.360000e-04
3 9.981120e-01 1.472000e-03 4.160000e-04
4 9.974920e-01 1.836000e-03 6.720000e-04
5 9.967120e-01 2.216000e-03 1.072000e-03
6 9.959040e-01 2.596000e-03 1.500000e-03
7 9.950640e-01 2.880000e-03 2.056000e-03
8 9.941160e-01 3.252000e-03 2.632000e-03
9 9.932880e-01 3.452000e-03 3.260000e-03
10 9.922880e-01 3.880000e-03 3.832000e-03
11 9.911560e-01 4.236000e-03 4.608000e-03
12 9.900920e-01 4.596000e-03 5.312000e-03
13 9.889600e-01 4.956000e-03 6.084000e-03
14 9.877840e-01 5.284000e-03 6.932000e-03
15 9.866600e-01 5.512000e-03 7.828000e-03
16 9.853680e-01 5.920000e-03 8.712000e-03
17 9.839920e-01 6.176000e-03 9.832000e-03
18 9.826320e-01 6.424000e-03 1.094400e-02
19 9.813080e-01 6.604000e-03 1.208800e-02
20 9.800440e-01 6.752000e-03 1.320400e-02
21 9.788280e-01 6.648000e-03 1.452400e-02
22 9.775920e-01 6.776000e-03 1.563200e-02
23 9.759280e-01 7.160000e-03 1.691200e-02
24 9.743680e-01 7.436000e-03 1.819600e-02
25 9.729400e-01 7.636000e-03 1.942400e-02
26 9.714200e-01 7.816000e-03 2.076400e-02
27 9.700960e-01 7.808000e-03 2.209600e-02
28 9.686640e-01 8.052000e-03 2.328400e-02
29 9.671680e-01 8.064000e-03 2.476800e-02
30 9.656680e-01 8.232000e-03 2.610000e-02
31 9.641480e-01 8.128000e-03 2.772400e-02
32 9.628400e-01 8.068000e-03 2.909200e-02
33 9.615080e-01 7.960000e-03 3.053200e-02
34 9.599720e-01 8.036000e-03 3.199200e-02
35 9.585880e-01 8.032000e-03 3.338000e-02
36 9.570240e-01 8.080000e-03 3.489600e-02
37 9.555560e-01 8.276000e-03 3.616800e-02
38 9.540520e-01 8.224000e-03 3.772400e-02
39 9.525120e-01 8.324000e-03 3.916400e-02
40 9.509520e-01 8.532000e-03 4.051600e-02
41 9.493800e-01 8.720000e-03 4.190000e-02
42 9.478720e-01 8.700000e-03 4.342800e-02
43 9.464080e-01 8.676000e-03 4.491600e-02
44 9.448400e-01 8.532000e-03 4.662800e-02
45 9.433240e-01 8.392000e-03 4.828400e-02
46 9.417640e-01 8.504000e-03 4.973200e-02
47 9.401400e-01 8.764000e-03 5.109600e-02
48 9.384480e-01 8.828000e-03 5.272400e-02
49 9.367880e-01 8.936000e-03 5.427600e-02
50 9.352800e-01 8.872000e-03 5.584800e-02
51 9.335720e-01 9.024000e-03 5.740400e-02
52 9.318200e-01 9.216000e-03 5.896400e-02
53 9.299560e-01 9.528000e-03 6.051600e-02
54 9.281680e-01 9.584000e-03 6.224800e-02
55 9.265400e-01 9.388000e-03 6.407200e-02
56 9.248840e-01 9.420000e-03 6.569600e-02
57 9.232600e-01 9.372000e-03 6.736800e-02
58 9.215120e-01 9.524000e-03 6.896400e-02
59 9.198800e-01 9.552000e-03 7.056800e-02
60 9.180880e-01 9.660000e-03 7.225200e-02
61 9.161720e-01 9.788000e-03 7.404000e-02
62 9.144280e-01 9.916000e-03 7.565600e-02
63 9.126680e-01 9.744000e-03 7.758800e-02
64 9.109960e-01 9.604000e-03 7.940000e-02
65 9.092760e-01 9.776000e-03 8.094800e-02
66 9.076000e-01 9.760000e-03 8.264000e-02
67 9.059520e-01 9.640000e-03 8.440800e-02
68 9.043880e-01 9.512000e-03 8.610000e-02
69 9.026120e-01 9.644000e-03 8.774400e-02
70 9.009720e-01 9.600000e-03 8.942800e-02
71 8.993760e-01 9.604000e-03 9.102000e-02
72 8.977760e-01 9.536000e-03 9.268800e-02
73 8.961720e-01 9.484000e-03 9.434400e-02
74 8.945840e-01 9.364000e-03 9.605200e-02
75 8.930000e-01 9.388000e-03 9.761200e-02
76 8.914320e-01 9.272000e-03 9.929600e-02
77 8.899400e-01 9.096000e-03 1.009640e-01
78 8.883160e-01 9.088000e-03 1.025960e-01
79 8.867960e-01 8.956000e-03 1.042480e-01
80 8.851880e-01 9.044000e-03 1.057680e-01
81 8.837400e-01 8.840000e-03 1.074200e-01
82 8.824000e-01 8.636000e-03 1.089640e-01
83 8.809600e-01 8.640000e-03 1.104000e-01
84 8.795560e-01 8.480000e-03 1.119640e-01
85 8.781320e-01 8.348000e-03 1.135200e-01
86 8.767160e-01 8.180000e-03 1.151040e-01
87 8.752880e-01 8.204000e-03 1.165080e-01
88 8.740200e-01 8.088000e-03 1.178920e-01
89 8.726120e-01 8.060000e-03 1.193280e-01
90 8.712480e-01 8.044000e-03 1.207080e-01
91 8.700400e-01 7.908000e-03 1.220520e-01
92 8.686440e-01 7.920000e-03 1.234360e-01
93 8.674200e-01 7.856000e-03 1.247240e-01
94 8.660680e-01 7.892000e-03 1.260400e-01
95 8.646640e-01 7.900000e-03 1.274360e-01
96 8.634440e-01 7.756000e-03 1.288000e-01
97 8.621680e-01 7.684000e-03 1.301480e-01
98 8.610160e-01 7.520000e-03 1.314640e-01
99 8.596600e-01 7.420000e-03 1.329200e-01
100 8.583720e-01 7.380000e-03 1.342480e-01
101 8.570720e-01 7.432000e-03 1.354960e-01
102 8.557800e-01 7.364000e-03 1.368560e-01
103 8.545400e-01 7.288000e-03 1.381720e-01
104 8.533160e-01 7.232000e-03 1.394520e-01
105 8.521080e-01 7.192000e-03 1.407000e-01
106 8.509400e-01 7.052000e-03 1.420080e-01
107 8.497120e-01 7.032000e-03 1.432560e-01
108 8.483880e-01 7.104000e-03 1.445080e-01
109 8.471640e-01 7.080000e-03 1.457560e-01
110 8.460360e-01 7.020000e-03 1.469440e-01
111 8.448800e-01 6.908000e-03 1.482120e-01
112 8.437800e-01 6.988000e-03 1.492320e-01
113 8.425320e-01 6.988000e-03 1.504800e-01
114 8.414640e-01 6.868000e-03 1.516680e-01
115 8.404800e-01 6.628000e-03 1.528920e-01
116 8.393840e-01 6.528000e-03 1.540880e-01
117 8.382280e-01 6.520000e-03 1.552520e-01
118 8.370720e-01 6.524000e-03 1.564040e-01
119 8.359360e-01 6.568000e-03 1.574960e-01
120 8.348960e-01 6.624000e-03 1.584800e-01
121 8.336880e-01 6.696000e-03 1.596160e-01
122 8.325680e-01 6.592000e-03 1.608400e-01
123 8.311920e-01 6.808000e-03 1.620000e-01
124 8.299320e-01 6.880000e-03 1.631880e-01
125 8.287600e-01 6.876000e-03 1.643640e-01
126 8.275200e-01 7.020000e-03 1.654600e-01
127 8.263080e-01 7.032000e-03 1.666600e-01
128 8.252320e-01 6.812000e-03 1.679560e-01
129 8.241720e-01 6.676000e-03 1.691520e-01
130 8.231240e-01 6.692000e-03 1.701840e-01
131 8.219920e-01 6.556000e-03 1.714520e-01
132 8.210360e-01 6.280000e-03 1.726840e-01
133 8.199120e-01 6.252000e-03 1.738360e-01
134 8.188680e-01 6.192000e-03 1.749400e-01
135 8.179000e-01 6.088000e-03 1.760120e-01
136 8.168280e-01 6.224000e-03 1.769480e-01
137 8.157840e-01 6.248000e-03 1.779680e-01
138 8.147720e-01 6.244000e-03 1.789840e-01
139 8.137160e-01 6.264000e-03 1.800200e-01
140 8.126760e-01 6.232000e-03 1.810920e-01
141 8.116720e-01 6.064000e-03 1.822640e-01
142 8.107360e-01 5.868000e-03 1.833960e-01
143 8.098480e-01 5.692000e-03 1.844600e-01
144 8.090280e-01 5.452000e-03 1.855200e-01
145 8.081280e-01 5.408000e-03 1.864640e-01
146 8.072760e-01 5.236000e-03 1.874880e-01
147 8.064200e-01 5.104000e-03 1.884760e-01
148 8.057480e-01 4.912000e-03 1.893400e-01
149 8.049440e-01 4.844000e-03 1.902120e-01
150 8.041560e-01 4.844000e-03 1.910000e-01
151 8.033680e-01 4.840000e-03 1.917920e-01
152 8.026400e-01 4.684000e-03 1.926760e-01
153 8.018960e-01 4.756000e-03 1.933480e-01
154 8.010440e-01 4.836000e-03 1.941200e-01
155 8.002080e-01 4.872000e-03 1.949200e-01
156 7.994280e-01 4.868000e-03 1.957040e-01
157 7.987600e-01 4.784000e-03 1.964560e-01
158 7.978400e-01 4.844000e-03 1.973160e-01
159 7.971560e-01 4.712000e-03 1.981320e-01
160 7.963480e-01 4.720000e-03 1.989320e-01
161 7.956440e-01 4.588000e-03 1.997680e-01
162 7.948360e-01 4.656000e-03 2.005080e-01
163 7.940200e-01 4.712000e-03 2.012680e-01
164 7.932480e-01 4.696000e-03 2.020560e-01
165 7.925920e-01 4.556000e-03 2.028520e-01
166 7.917640e-01 4.588000e-03 2.036480e-01
167 7.909880e-01 4.616000e-03 2.043960e-01
168 7.902920e-01 4.596000e-03 2.051120e-01
169 7.895760e-01 4.528000e-03 2.058960e-01
170 7.889440e-01 4.332000e-03 2.067240e-01
171 7.882360e-01 4.192000e-03 2.075720e-01
172 7.875280e-01 4.132000e-03 2.083400e-01
173 7.868360e-01 4.120000e-03 2.090440e-01
174 7.861760e-01 4.056000e-03 2.097680e-01
175 7.855000e-01 3.988000e-03 2.105120e-01
176 7.847680e-01 3.988000e-03 2.112440e-01
177 7.841320e-01 3.976000e-03 2.118920e-01
178 7.834400e-01 3.980000e-03 2.125800e-01
179 7.829000e-01 3.864000e-03 2.132360e-01
180 7.824440e-01 3.672000e-03 2.138840e-01
181 7.817880e-01 3.648000e-03 2.145640e-01
182 7.811400e-01 3.732000e-03 2.151280e-01
183 7.803800e-01 3.732000e-03 2.158880e-01
184 7.797000e-01 3.760000e-03 2.165400e-01
185 7.789760e-01 3.784000e-03 2.172400e-01
186 7.782360e-01 3.780000e-03 2.179840e-01
187 7.776280e-01 3.792000e-03 2.185800e-01
188 7.769520e-01 3.748000e-03 2.193000e-01
189 7.762440e-01 3.824000e-03 2.199320e-01
190 7.756640e-01 3.756000e-03 2.205800e-01
191 7.750080e-01 3.732000e-03 2.212600e-01
192 7.743520e-01 3.724000e-03 2.219240e-01
193 7.737160e-01 3.688000e-03 2.225960e-01
194 7.730120e-01 3.752000e-03 2.232360e-01
195 7.723680e-01 3.692000e-03 2.239400e-01
196 7.717440e-01 3.632000e-03 2.246240e-01
197 7.711120e-01 3.656000e-03 2.252320e-01
198 7.705760e-01 3.612000e-03 2.258120e-01
199 7.700200e-01 3.576000e-03 2.264040e-01
200 7.694080e-01 3.580000e-03 2.270120e-01
201 7.687880e-01 3.628000e-03 2.275840e-01
202 7.681520e-01 3.680000e-03 2.281680e-01
203 7.675240e-01 3.688000e-03 2.287880e-01
204 7.667760e-01 3.816000e-03 2.294080e-01
205 7.662680e-01 3.592000e-03 2.301400e-01
206 7.657240e-01 3.556000e-03 2.307200e-01
207 7.652440e-01 3.368000e-03 2.313880e-01
208 7.648320e-01 3.212000e-03 2.319560e-01
209 7.642800e-01 3.156000e-03 2.325640e-01
210 7.637880e-01 3.064000e-03 2.331480e-01
211 7.632280e-01 2.968000e-03 2.338040e-01
212 7.626840e-01 2.984000e-03 2.343320e-01
213 7.622520e-01 2.896000e-03 2.348520e-01
214 7.618080e-01 2.884000e-03 2.353080e-01
215 7.613200e-01 2.892000e-03 2.357880e-01
216 7.607760e-01 2.996000e-03 2.362280e-01
217 7.602800e-01 2.928000e-03 2.367920e-01
218 7.597960e-01 2.904000e-03 2.373000e-01
219 7.592880e-01 2.920000e-03 2.377920e-01
220 7.588240e-01 2.884000e-03 2.382920e-01
221 7.583520e-01 2.840000e-03 2.388080e-01
222 7.578920e-01 2.768000e-03 2.393400e-01
223 7.574640e-01 2.740000e-03 2.397960e-01
224 7.570080e-01 2.776000e-03 2.402160e-01
225 7.564880e-01 2.876000e-03 2.406360e-01
226 7.560600e-01 2.828000e-03 2.411120e-01
227 7.555600e-01 2.872000e-03 2.415680e-01
228 7.550480e-01 2.912000e-03 2.420400e-01
229 7.545880e-01 2.832000e-03 2.425800e-01
230 7.540080e-01 2.832000e-03 2.431600e-01
231 7.535560e-01 2.824000e-03 2.436200e-01
232 7.530120e-01 2.900000e-03 2.440880e-01
233 7.526160e-01 2.776000e-03 2.446080e-01
234 7.522200e-01 2.708000e-03 2.450720e-01
235 7.519040e-01 2.512000e-03 2.455840e-01
236 7.514800e-01 2.504000e-03 2.460160e-01
237 7.510520e-01 2.528000e-03 2.464200e-01
238 7.506920e-01 2.464000e-03 2.468440e-01
239 7.502760e-01 2.532000e-03 2.471920e-01
240 7.498520e-01 2.572000e-03 2.475760e-01
241 7.494400e-01 2.568000e-03 2.479920e-01
242 7.489240e-01 2.668000e-03 2.484080e-01
243 7.484800e-01 2.604000e-03 2.489160e-01
244 7.479480e-01 2.588000e-03 2.494640e-01
245 7.475160e-01 2.560000e-03 2.499240e-01
246 7.470360e-01 2.604000e-03 2.503600e-01
247 7.465920e-01 2.516000e-03 2.508920e-01
248 7.462360e-01 2.388000e-03 2.513760e-01
249 7.458320e-01 2.408000e-03 2.517600e-01
250 7.454120e-01 2.376000e-03 2.522120e-01
251 7.449600e-01 2.392000e-03 2.526480e-01
252 7.445320e-01 2.392000e-03 2.530760e-01
253 7.441120e-01 2.436000e-03 2.534520e-01
254 7.437240e-01 2.368000e-03 2.539080e-01
255 7.433440e-01 2.344000e-03 2.543120e-01
256 7.429360e-01 2.372000e-03 2.546920e-01
257 7.426160e-01 2.308000e-03 2.550760e-01
258 7.422440e-01 2.300000e-03 2.554560e-01
259 7.418680e-01 2.328000e-03 2.558040e-01
260 7.414320e-01 2.316000e-03 2.562520e-01
261 7.410480e-01 2.288000e-03 2.566640e-01
262 7.406000e-01 2.332000e-03 2.570680e-01
263 7.402160e-01 2.288000e-03 2.574960e-01
264 7.397400e-01 2.444000e-03 2.578160e-01
265 7.393680e-01 2.380000e-03 2.582520e-01
266 7.389960e-01 2.328000e-03 2.586760e-01
267 7.386360e-01 2.220000e-03 2.591440e-01
268 7.381720e-01 2.276000e-03 2.595520e-01
269 7.378360e-01 2.228000e-03 2.599360e-01
270 7.374000e-01 2.288000e-03 2.603120e-01
271 7.370800e-01 2.100000e-03 2.608200e-01
272 7.366680e-01 2.172000e-03 2.611600e-01
273 7.361960e-01 2.224000e-03 2.615800e-01
274 7.357400e-01 2.296000e-03 2.619640e-01
275 7.352640e-01 2.408000e-03 2.623280e-01
276 7.349240e-01 2.300000e-03 2.627760e-01
277 7.345040e-01 2.336000e-03 2.631600e-01
278 7.341360e-01 2.296000e-03 2.635680e-01
279 7.337920e-01 2.188000e-03 2.640200e-01
280 7.334920e-01 2.012000e-03 2.644960e-01
281 7.331960e-01 1.972000e-03 2.648320e-01
282 7.328520e-01 1.968000e-03 2.651800e-01
283 7.324640e-01 1.996000e-03 2.655400e-01
284 7.321800e-01 1.960000e-03 2.658600e-01
285 7.318160e-01 1.932000e-03 2.662520e-01
286 7.314400e-01 2.016000e-03 2.665440e-01
287 7.311440e-01 1.948000e-03 2.669080e-01
288 7.308040e-01 1.956000e-03 2.672400e-01
289 7.304800e-01 1.944000e-03 2.675760e-01
290 7.301640e-01 1.928000e-03 2.679080e-01
291 7.297760e-01 1.992000e-03 2.682320e-01
292 7.293840e-01 2.012000e-03 2.686040e-01
293 7.289760e-01 2.044000e-03 2.689800e-01
294 7.285920e-01 2.108000e-03 2.693000e-01
295 7.282120e-01 2.140000e-03 2.696480e-01
296 7.278960e-01 1.996000e-03 2.701080e-01
297 7.275880e-01 2.004000e-03 2.704080e-01
298 7.272120e-01 2.056000e-03 2.707320e-01
299 7.268440e-01 2.044000e-03 2.711120e-01
300 7.265320e-01 2.020000e-03 2.714480e-01
301 7.261600e-01 2.020000e-03 2.718200e-01
302 7.257840e-01 2.064000e-03 2.721520e-01
303 7.253920e-01 2.188000e-03 2.724200e-01
304 7.249960e-01 2.212000e-03 2.727920e-01
305 7.245320e-01 2.312000e-03 2.731560e-01
306 7.241360e-01 2.292000e-03 2.735720e-01
307 7.238000e-01 2.236000e-03 2.739640e-01
308 7.234480e-01 2.132000e-03 2.744200e-01
309 7.231440e-01 2.036000e-03 2.748200e-01
310 7.228480e-01 1.960000e-03 2.751920e-01
311 7.225760e-01 1.844000e-03 2.755800e-01
312 7.222120e-01 1.864000e-03 2.759240e-01
313 7.218680e-01 1.872000e-03 2.762600e-01
314 7.213800e-01 2.012000e-03 2.766080e-01
315 7.209600e-01 2.104000e-03 2.769360e-01
316 7.205800e-01 2.152000e-03 2.772680e-01
317 7.202160e-01 2.148000e-03 2.776360e-01
318 7.199120e-01 2.040000e-03 2.780480e-01
319 7.194960e-01 2.100000e-03 2.784040e-01
320 7.191440e-01 2.120000e-03 2.787360e-01
321 7.187000e-01 2.168000e-03 2.791320e-01
322 7.183200e-01 2.148000e-03 2.795320e-01
323 7.179440e-01 2.176000e-03 2.798800e-01
324 7.175480e-01 2.252000e-03 2.802000e-01
325 7.172400e-01 2.148000e-03 2.806120e-01
326 7.168960e-01 2.140000e-03 2.809640e-01
327 7.164920e-01 2.160000e-03 2.813480e-01
328 7.161040e-01 2.168000e-03 2.817280e-01
329 7.157280e-01 2.208000e-03 2.820640e-01
330 7.154360e-01 2.072000e-03 2.824920e-01
331 7.150960e-01 2.044000e-03 2.828600e-01
332 7.147560e-01 2.028000e-03 2.832160e-01
333 7.144080e-01 2.040000e-03 2.835520e-01
334 7.141440e-01 1.988000e-03 2.838680e-01
335 7.137960e-01 1.988000e-03 2.842160e-01
336 7.134240e-01 2.028000e-03 2.845480e-01
337 7.131120e-01 1.996000e-03 2.848920e-01
338 7.127360e-01 1.960000e-03 2.853040e-01
339 7.124200e-01 1.944000e-03 2.856360e-01
340 7.121280e-01 1.848000e-03 2.860240e-01
341 7.118280e-01 1.848000e-03 2.863240e-01
342 7.115240e-01 1.800000e-03 2.866760e-01
343 7.111880e-01 1.844000e-03 2.869680e-01
344 7.108560e-01 1.856000e-03 2.872880e-01
345 7.105080e-01 1.888000e-03 2.876040e-01
346 7.102360e-01 1.808000e-03 2.879560e-01
347 7.099520e-01 1.792000e-03 2.882560e-01
348 7.096320e-01 1.804000e-03 2.885640e-01
349 7.093520e-01 1.780000e-03 2.888680e-01
350 7.090760e-01 1.772000e-03 2.891520e-01
351 7.087520e-01 1.796000e-03 2.894520e-01
352 7.084640e-01 1.800000e-03 2.897360e-01
353 7.081600e-01 1.792000e-03 2.900480e-01
354 7.078800e-01 1.772000e-03 2.903480e-01
355 7.075160e-01 1.804000e-03 2.906800e-01
356 7.071960e-01 1.764000e-03 2.910400e-01
357 7.068800e-01 1.736000e-03 2.913840e-01
358 7.066480e-01 1.664000e-03 2.916880e-01
359 7.063760e-01 1.556000e-03 2.920680e-01
360 7.060600e-01 1.604000e-03 2.923360e-01
361 7.058240e-01 1.552000e-03 2.926240e-01
362 7.055080e-01 1.600000e-03 2.928920e-01
363 7.052200e-01 1.616000e-03 2.931640e-01
364 7.049600e-01 1.580000e-03 2.934600e-01
365 7.046440e-01 1.608000e-03 2.937480e-01
366 7.043320e-01 1.684000e-03 2.939840e-01
367 7.039360e-01 1.832000e-03 2.942320e-01
368 7.035920e-01 1.876000e-03 2.945320e-01
369 7.031720e-01 1.916000e-03 2.949120e-01
370 7.028560e-01 1.884000e-03 2.952600e-01
371 7.025000e-01 1.824000e-03 2.956760e-01
372 7.020960e-01 1.924000e-03 2.959800e-01
373 7.018080e-01 1.868000e-03 2.963240e-01
374 7.014960e-01 1.848000e-03 2.966560e-01
375 7.010800e-01 1.968000e-03 2.969520e-01
376 7.008040e-01 1.928000e-03 2.972680e-01
377 7.004920e-01 1.872000e-03 2.976360e-01
378 7.001680e-01 1.908000e-03 2.979240e-01
379 6.999000e-01 1.904000e-03 2.981960e-01
380 6.995560e-01 1.928000e-03 2.985160e-01
381 6.992840e-01 1.848000e-03 2.988680e-01
382 6.990400e-01 1.748000e-03 2.992120e-01
383 6.988040e-01 1.668000e-03 2.995280e-01
384 6.985440e-01 1.620000e-03 2.998360e-01
385 6.982120e-01 1.684000e-03 3.001040e-01
386 6.979360e-01 1.672000e-03 3.003920e-01
387 6.976920e-01 1.568000e-03 3.007400e-01
388 6.974040e-01 1.580000e-03 3.010160e-01
389 6.970920e-01 1.580000e-03 3.013280e-01
390 6.967520e-01 1.608000e-03 3.016400e-01
391 6.965200e-01 1.548000e-03 3.019320e-01
392 6.962520e-01 1.552000e-03 3.021960e-01
393 6.959720e-01 1.528000e-03 3.025000e-01
394 6.957200e-01 1.540000e-03 3.027400e-01
395 6.953360e-01 1.564000e-03 3.031000e-01
396 6.950160e-01 1.604000e-03 3.033800e-01
397 6.946640e-01 1.676000e-03 3.036600e-01
398 6.943800e-01 1.632000e-03 3.039880e-01
399 6.941560e-01 1.616000e-03 3.042280e-01
400 6.938160e-01 1.660000e-03 3.045240e-01
401 6.934960e-01 1.672000e-03 3.048320e-01
402 6.932200e-01 1.636000e-03 3.051440e-01
403 6.929120e-01 1.632000e-03 3.054560e-01
404 6.926240e-01 1.708000e-03 3.056680e-01
405 6.923520e-01 1.664000e-03 3.059840e-01
406 6.920800e-01 1.684000e-03 3.062360e-01
407 6.917520e-01 1.760000e-03 3.064880e-01
408 6.914600e-01 1.796000e-03 3.067440e-01
409 6.911840e-01 1.704000e-03 3.071120e-01
410 6.907960e-01 1.736000e-03 3.074680e-01
411 6.905360e-01 1.768000e-03 3.076960e-01
412 6.901960e-01 1.780000e-03 3.080240e-01
413 6.899120e-01 1.756000e-03 3.083320e-01
414 6.895600e-01 1.828000e-03 3.086120e-01
415 6.891560e-01 1.880000e-03 3.089640e-01
416 6.887200e-01 1.924000e-03 3.093560e-01
417 6.883560e-01 1.988000e-03 3.096560e-01
418 6.879760e-01 1.976000e-03 3.100480e-01
419 6.875440e-01 2.016000e-03 3.104400e-01
420 6.872280e-01 2.044000e-03 3.107280e-01
421 6.869400e-01 2.020000e-03 3.110400e-01
422 6.865720e-01 2.068000e-03 3.113600e-01
423 6.862160e-01 2.028000e-03 3.117560e-01
424 6.858640e-01 2.056000e-03 3.120800e-01
425 6.855560e-01 1.968000e-03 3.124760e-01
426 6.852640e-01 1.948000e-03 3.127880e-01
427 6.849600e-01 1.900000e-03 3.131400e-01
428 6.847280e-01 1.776000e-03 3.134960e-01
429 6.844720e-01 1.756000e-03 3.137720e-01
430 6.841240e-01 1.808000e-03 3.140680e-01
431 6.838160e-01 1.820000e-03 3.143640e-01
432 6.835080e-01 1.796000e-03 3.146960e-01
433 6.831480e-01 1.828000e-03 3.150240e-01
434 6.827720e-01 1.920000e-03 3.153080e-01
435 6.824280e-01 1.932000e-03 3.156400e-01
436 6.819960e-01 1.976000e-03 3.160280e-01
437 6.814960e-01 2.128000e-03 3.163760e-01
438 6.811400e-01 2.104000e-03 3.167560e-01
439 6.808320e-01 2.048000e-03 3.171200e-01
440 6.804760e-01 2.060000e-03 3.174640e-01
441 6.801040e-01 2.124000e-03 3.177720e-01
442 6.796920e-01 2.200000e-03 3.181080e-01
443 6.793240e-01 2.264000e-03 3.184120e-01
444 6.789520e-01 2.164000e-03 3.188840e-01
445 6.785640e-01 2.192000e-03 3.192440e-01
446 6.781560e-01 2.236000e-03 3.196080e-01
447 6.777840e-01 2.176000e-03 3.200400e-01
448 6.774120e-01 2.140000e-03 3.204480e-01
449 6.771320e-01 2.036000e-03 3.208320e-01
450 6.768720e-01 1.968000e-03 3.211600e-01
451 6.765840e-01 1.908000e-03 3.215080e-01
452 6.762720e-01 1.928000e-03 3.218000e-01
453 6.759000e-01 2.016000e-03 3.220840e-01
454 6.755800e-01 2.016000e-03 3.224040e-01
455 6.751680e-01 2.120000e-03 3.227120e-01
456 6.748080e-01 2.096000e-03 3.230960e-01
457 6.744320e-01 2.080000e-03 3.234880e-01
458 6.740480e-01 2.076000e-03 3.238760e-01
459 6.736280e-01 2.156000e-03 3.242160e-01
460 6.732240e-01 2.172000e-03 3.246040e-01
461 6.728400e-01 2.212000e-03 3.249480e-01
462 6.724640e-01 2.220000e-03 3.253160e-01
463 6.721160e-01 2.100000e-03 3.257840e-01
464 6.716360e-01 2.236000e-03 3.261280e-01
465 6.712440e-01 2.232000e-03 3.265240e-01
466 6.708800e-01 2.172000e-03 3.269480e-01
467 6.704680e-01 2.184000e-03 3.273480e-01
468 6.700480e-01 2.236000e-03 3.277160e-01
469 6.696600e-01 2.232000e-03 3.281080e-01
470 6.693120e-01 2.148000e-03 3.285400e-01
471 6.689840e-01 2.132000e-03 3.288840e-01
472 6.685880e-01 2.088000e-03 3.293240e-01
473 6.682840e-01 2.024000e-03 3.296920e-01
474 6.679760e-01 2.024000e-03 3.300000e-01
475 6.676600e-01 2.012000e-03 3.303280e-01
476 6.673720e-01 1.952000e-03 3.306760e-01
477 6.671120e-01 1.812000e-03 3.310760e-01
478 6.668600e-01 1.768000e-03 3.313720e-01
479 6.665880e-01 1.748000e-03 3.316640e-01
480 6.663800e-01 1.604000e-03 3.320160e-01
481 6.661120e-01 1.572000e-03 3.323160e-01
482 6.658880e-01 1.528000e-03 3.325840e-01
483 6.657000e-01 1.460000e-03 3.328400e-01
484 6.654440e-01 1.432000e-03 3.331240e-01
485 6.651560e-01 1.472000e-03 3.333720e-01
486 6.648680e-01 1.516000e-03 3.336160e-01
487 6.645320e-01 1.532000e-03 3.339360e-01
488 6.642720e-01 1.460000e-03 3.342680e-01
489 6.640000e-01 1.448000e-03 3.345520e-01
490 6.637040e-01 1.528000e-03 3.347680e-01
491 6.634440e-01 1.516000e-03 3.350400e-01
492 6.631720e-01 1.456000e-03 3.353720e-01
493 6.629720e-01 1.408000e-03 3.356200e-01
494 6.626920e-01 1.416000e-03 3.358920e-01
495 6.625120e-01 1.344000e-03 3.361440e-01
496 6.622840e-01 1.368000e-03 3.363480e-01
497 6.620480e-01 1.348000e-03 3.366040e-01
498 6.617960e-01 1.392000e-03 3.368120e-01
499 6.615400e-01 1.384000e-03 3.370760e-01
500 6.613120e-01 1.368000e-03 3.373200e-01
