1 9.991840e-01 7.280000e-04 8.800000e-05
2 9.986360e-01 1.120000e-03 2.440000e-04
3 9.979440e-01 1.532000e-03 5.240000e-04
4 9.972680e-01 1.932000e-03 8.000000e-04
5 9.964160e-01 2.440000e-03 1.144000e-03
6 9.956000e-01 2.768000e-03 1.632000e-03
7 9.946440e-01 3.200000e-03 2.156000e-03
8 9.935760e-01 3.688000e-03 2.736000e-03
9 9.924960e-01 4.092000e-03 3.412000e-03
10 9.913640e-01 4.440000e-03 4.196000e-03
11 9.901760e-01 4.808000e-03 5.016000e-03
12 9.890040e-01 5.008000e-03 5.988000e-03
13 9.876840e-01 5.360000e-03 6.956000e-03
14 9.865960e-01 5.544000e-03 7.860000e-03
15 9.853120e-01 5.728000e-03 8.960000e-03
16 9.840120e-01 5.960000e-03 1.002800e-02
17 9.825040e-01 6.404000e-03 1.109200e-02
18 9.810440e-01 6.684000e-03 1.227200e-02
19 9.796520e-01 6.904000e-03 1.344400e-02
20 9.782880e-01 7.064000e-03 1.464800e-02
21 9.769960e-01 7.016000e-03 1.598800e-02
22 9.756040e-01 7.136000e-03 1.726000e-02
23 9.743400e-01 7.192000e-03 1.846800e-02
24 9.730960e-01 7.144000e-03 1.976000e-02
25 9.717320e-01 7.168000e-03 2.110000e-02
26 9.702680e-01 7.336000e-03 2.239600e-02
27 9.689000e-01 7.376000e-03 2.372400e-02
28 9.674480e-01 7.472000e-03 2.508000e-02
29 9.659120e-01 7.732000e-03 2.635600e-02
30 9.641560e-01 8.100000e-03 2.774400e-02
31 9.627160e-01 8.036000e-03 2.924800e-02
32 9.612600e-01 7.988000e-03 3.075200e-02
33 9.596560e-01 8.096000e-03 3.224800e-02
34 9.581040e-01 8.128000e-03 3.376800e-02
35 9.566880e-01 8.088000e-03 3.522400e-02
36 9.551920e-01 8.120000e-03 3.668800e-02
37 9.536200e-01 8.248000e-03 3.813200e-02
38 9.519320e-01 8.572000e-03 3.949600e-02
39 9.503160e-01 8.728000e-03 4.095600e-02
40 9.486080e-01 8.816000e-03 4.257600e-02
41 9.471440e-01 8.820000e-03 4.403600e-02
42 9.454000e-01 9.040000e-03 4.556000e-02
43 9.438240e-01 9.108000e-03 4.706800e-02
44 9.419480e-01 9.416000e-03 4.863600e-02
45 9.402800e-01 9.484000e-03 5.023600e-02
46 9.385440e-01 9.548000e-03 5.190800e-02
47 9.367480e-01 9.760000e-03 5.349200e-02
48 9.350280e-01 9.788000e-03 5.518400e-02
49 9.333560e-01 9.796000e-03 5.684800e-02
50 9.317720e-01 9.656000e-03 5.857200e-02
51 9.301160e-01 9.556000e-03 6.032800e-02
52 9.284520e-01 9.672000e-03 6.187600e-02
53 9.266920e-01 9.768000e-03 6.354000e-02
54 9.251200e-01 9.648000e-03 6.523200e-02
55 9.234640e-01 9.548000e-03 6.698800e-02
56 9.219280e-01 9.428000e-03 6.864400e-02
57 9.203240e-01 9.556000e-03 7.012000e-02
58 9.187520e-01 9.624000e-03 7.162400e-02
59 9.171000e-01 9.524000e-03 7.337600e-02
60 9.155760e-01 9.388000e-03 7.503600e-02
61 9.137600e-01 9.656000e-03 7.658400e-02
62 9.121200e-01 9.640000e-03 7.824000e-02
63 9.103720e-01 9.704000e-03 7.992400e-02
64 9.086960e-01 9.652000e-03 8.165200e-02
65 9.069720e-01 9.744000e-03 8.328400e-02
66 9.053760e-01 9.628000e-03 8.499600e-02
67 9.037880e-01 9.744000e-03 8.646800e-02
68 9.020320e-01 9.944000e-03 8.802400e-02
69 9.003360e-01 9.984000e-03 8.968000e-02
70 8.986480e-01 9.952000e-03 9.140000e-02
71 8.968200e-01 1.001600e-02 9.316400e-02
72 8.950760e-01 9.944000e-03 9.498000e-02
73 8.933040e-01 9.916000e-03 9.678000e-02
74 8.914120e-01 1.008800e-02 9.850000e-02
75 8.893840e-01 1.027200e-02 1.003440e-01
76 8.876160e-01 1.025200e-02 1.021320e-01
77 8.857800e-01 1.029200e-02 1.039280e-01
78 8.839080e-01 1.040400e-02 1.056880e-01
79 8.821360e-01 1.028400e-02 1.075800e-01
80 8.803440e-01 1.022400e-02 1.094320e-01
81 8.785720e-01 1.018000e-02 1.112480e-01
82 8.767560e-01 1.040800e-02 1.128360e-01
83 8.749680e-01 1.039600e-02 1.146360e-01
84 8.732040e-01 1.024400e-02 1.165520e-01
85 8.713160e-01 1.032000e-02 1.183640e-01
86 8.696520e-01 1.019600e-02 1.201520e-01
87 8.679080e-01 1.013600e-02 1.219560e-01
88 8.661880e-01 1.016400e-02 1.236480e-01
89 8.644400e-01 1.005600e-02 1.255040e-01
90 8.628080e-01 9.956000e-03 1.272360e-01
91 8.609400e-01 1.002400e-02 1.290360e-01
92 8.591680e-01 9.880000e-03 1.309520e-01
93 8.573360e-01 9.928000e-03 1.327360e-01
94 8.555400e-01 9.944000e-03 1.345160e-01
95 8.539520e-01 9.880000e-03 1.361680e-01
96 8.523000e-01 9.736000e-03 1.379640e-01
97 8.506680e-01 9.592000e-03 1.397400e-01
98 8.489720e-01 9.732000e-03 1.412960e-01
99 8.473880e-01 9.572000e-03 1.430400e-01
100 8.458520e-01 9.532000e-03 1.446160e-01
101 8.441320e-01 9.552000e-03 1.463160e-01
102 8.424560e-01 9.668000e-03 1.478760e-01
103 8.406800e-01 9.792000e-03 1.495280e-01
104 8.389200e-01 9.804000e-03 1.512760e-01
105 8.373320e-01 9.616000e-03 1.530520e-01
106 8.357360e-01 9.412000e-03 1.548520e-01
107 8.340520e-01 9.372000e-03 1.565760e-01
108 8.325680e-01 9.304000e-03 1.581280e-01
109 8.310480e-01 9.092000e-03 1.598600e-01
110 8.294600e-01 9.052000e-03 1.614880e-01
111 8.279200e-01 9.080000e-03 1.630000e-01
112 8.262280e-01 9.180000e-03 1.645920e-01
113 8.246560e-01 9.188000e-03 1.661560e-01
114 8.229440e-01 9.280000e-03 1.677760e-01
115 8.213480e-01 9.264000e-03 1.693880e-01
116 8.199160e-01 9.096000e-03 1.709880e-01
117 8.184320e-01 8.976000e-03 1.725920e-01
118 8.170280e-01 8.800000e-03 1.741720e-01
119 8.156040e-01 8.720000e-03 1.756760e-01
120 8.140720e-01 8.796000e-03 1.771320e-01
121 8.125240e-01 8.664000e-03 1.788120e-01
122 8.109880e-01 8.692000e-03 1.803200e-01
123 8.096000e-01 8.504000e-03 1.818960e-01
124 8.081520e-01 8.468000e-03 1.833800e-01
125 8.066960e-01 8.596000e-03 1.847080e-01
126 8.052560e-01 8.612000e-03 1.861320e-01
127 8.039160e-01 8.508000e-03 1.875760e-01
128 8.026480e-01 8.332000e-03 1.890200e-01
129 8.014160e-01 8.056000e-03 1.905280e-01
130 8.000120e-01 8.016000e-03 1.919720e-01
131 7.987120e-01 8.004000e-03 1.932840e-01
132 7.973760e-01 7.884000e-03 1.947400e-01
133 7.959800e-01 7.844000e-03 1.961760e-01
134 7.947800e-01 7.564000e-03 1.976560e-01
135 7.935440e-01 7.552000e-03 1.989040e-01
136 7.923400e-01 7.464000e-03 2.001960e-01
137 7.911680e-01 7.308000e-03 2.015240e-01
138 7.900040e-01 7.168000e-03 2.028280e-01
139 7.888560e-01 7.140000e-03 2.040040e-01
140 7.877080e-01 7.112000e-03 2.051800e-01
141 7.865240e-01 6.936000e-03 2.065400e-01
142 7.853000e-01 7.068000e-03 2.076320e-01
143 7.840760e-01 6.992000e-03 2.089320e-01
144 7.828760e-01 6.992000e-03 2.101320e-01
145 7.816480e-01 6.912000e-03 2.114400e-01
146 7.806120e-01 6.684000e-03 2.127040e-01
147 7.795560e-01 6.520000e-03 2.139240e-01
148 7.784360e-01 6.544000e-03 2.150200e-01
149 7.773280e-01 6.492000e-03 2.161800e-01
150 7.763600e-01 6.412000e-03 2.172280e-01
151 7.752840e-01 6.384000e-03 2.183320e-01
152 7.741360e-01 6.340000e-03 2.195240e-01
153 7.730640e-01 6.212000e-03 2.207240e-01
154 7.718800e-01 6.344000e-03 2.217760e-01
155 7.707120e-01 6.476000e-03 2.228120e-01
156 7.696200e-01 6.332000e-03 2.240480e-01
157 7.685280e-01 6.348000e-03 2.251240e-01
158 7.673520e-01 6.476000e-03 2.261720e-01
159 7.661080e-01 6.632000e-03 2.272600e-01
160 7.648880e-01 6.728000e-03 2.283840e-01
161 7.636360e-01 6.748000e-03 2.296160e-01
162 7.623600e-01 6.764000e-03 2.308760e-01
163 7.609600e-01 6.948000e-03 2.320920e-01
164 7.597440e-01 7.016000e-03 2.332400e-01
165 7.586360e-01 6.956000e-03 2.344080e-01
166 7.574880e-01 6.852000e-03 2.356600e-01
167 7.564680e-01 6.780000e-03 2.367520e-01
168 7.554320e-01 6.676000e-03 2.378920e-01
169 7.541160e-01 6.808000e-03 2.390760e-01
170 7.528560e-01 6.928000e-03 2.402160e-01
171 7.516000e-01 6.956000e-03 2.414440e-01
172 7.504320e-01 6.876000e-03 2.426920e-01
173 7.492280e-01 6.876000e-03 2.438960e-01
174 7.480680e-01 6.836000e-03 2.450960e-01
175 7.468760e-01 6.784000e-03 2.463400e-01
176 7.454920e-01 6.908000e-03 2.476000e-01
177 7.443200e-01 6.816000e-03 2.488640e-01
178 7.429040e-01 6.964000e-03 2.501320e-01
179 7.416160e-01 6.944000e-03 2.514400e-01
180 7.403680e-01 7.072000e-03 2.525600e-01
181 7.390800e-01 7.184000e-03 2.537360e-01
182 7.379520e-01 7.064000e-03 2.549840e-01
183 7.366520e-01 7.232000e-03 2.561160e-01
184 7.355160e-01 7.064000e-03 2.574200e-01
185 7.343040e-01 7.008000e-03 2.586880e-01
186 7.331200e-01 6.880000e-03 2.600000e-01
187 7.320360e-01 6.796000e-03 2.611680e-01
188 7.308080e-01 6.804000e-03 2.623880e-01
189 7.297120e-01 6.748000e-03 2.635400e-01
190 7.285440e-01 6.680000e-03 2.647760e-01
191 7.274000e-01 6.648000e-03 2.659520e-01
192 7.262240e-01 6.700000e-03 2.670760e-01
193 7.250960e-01 6.636000e-03 2.682680e-01
194 7.239680e-01 6.612000e-03 2.694200e-01
195 7.228040e-01 6.672000e-03 2.705240e-01
196 7.216880e-01 6.536000e-03 2.717760e-01
197 7.206160e-01 6.488000e-03 2.728960e-01
198 7.195200e-01 6.440000e-03 2.740400e-01
199 7.185360e-01 6.192000e-03 2.752720e-01
200 7.173760e-01 6.316000e-03 2.763080e-01
201 7.163440e-01 6.208000e-03 2.774480e-01
202 7.152720e-01 6.184000e-03 2.785440e-01
203 7.141480e-01 6.252000e-03 2.796000e-01
204 7.131680e-01 6.100000e-03 2.807320e-01
205 7.122640e-01 5.896000e-03 2.818400e-01
206 7.113160e-01 5.784000e-03 2.829000e-01
207 7.102680e-01 5.740000e-03 2.839920e-01
208 7.092040e-01 5.676000e-03 2.851200e-01
209 7.080640e-01 5.868000e-03 2.860680e-01
210 7.072080e-01 5.800000e-03 2.869920e-01
211 7.061920e-01 5.752000e-03 2.880560e-01
212 7.051800e-01 5.748000e-03 2.890720e-01
213 7.042520e-01 5.736000e-03 2.900120e-01
214 7.033120e-01 5.716000e-03 2.909720e-01
215 7.023040e-01 5.760000e-03 2.919360e-01
216 7.014040e-01 5.756000e-03 2.928400e-01
217 7.003360e-01 5.704000e-03 2.939600e-01
218 6.994600e-01 5.592000e-03 2.949480e-01
219 6.985080e-01 5.620000e-03 2.958720e-01
220 6.975520e-01 5.552000e-03 2.968960e-01
221 6.967360e-01 5.360000e-03 2.979040e-01
222 6.958600e-01 5.236000e-03 2.989040e-01
223 6.950760e-01 5.024000e-03 2.999000e-01
224 6.942000e-01 4.864000e-03 3.009360e-01
225 6.934280e-01 4.856000e-03 3.017160e-01
226 6.926360e-01 4.772000e-03 3.025920e-01
227 6.918720e-01 4.588000e-03 3.035400e-01
228 6.910640e-01 4.588000e-03 3.043480e-01
229 6.903240e-01 4.628000e-03 3.050480e-01
230 6.893960e-01 4.724000e-03 3.058800e-01
231 6.886200e-01 4.704000e-03 3.066760e-01
232 6.878680e-01 4.628000e-03 3.075040e-01
233 6.870240e-01 4.720000e-03 3.082560e-01
234 6.862040e-01 4.728000e-03 3.090680e-01
235 6.854440e-01 4.704000e-03 3.098520e-01
236 6.846560e-01 4.648000e-03 3.106960e-01
237 6.838800e-01 4.704000e-03 3.114160e-01
238 6.831400e-01 4.620000e-03 3.122400e-01
239 6.823840e-01 4.640000e-03 3.129760e-01
240 6.816760e-01 4.652000e-03 3.136720e-01
241 6.810280e-01 4.488000e-03 3.144840e-01
242 6.803880e-01 4.352000e-03 3.152600e-01
243 6.796160e-01 4.484000e-03 3.159000e-01
244 6.789120e-01 4.352000e-03 3.167360e-01
245 6.781920e-01 4.324000e-03 3.174840e-01
246 6.773840e-01 4.372000e-03 3.182440e-01
247 6.766640e-01 4.436000e-03 3.189000e-01
248 6.758640e-01 4.448000e-03 3.196880e-01
249 6.750720e-01 4.500000e-03 3.204280e-01
250 6.743120e-01 4.380000e-03 3.213080e-01
251 6.736000e-01 4.352000e-03 3.220480e-01
252 6.729280e-01 4.184000e-03 3.228880e-01
253 6.722040e-01 4.236000e-03 3.235600e-01
254 6.714960e-01 4.280000e-03 3.242240e-01
255 6.706240e-01 4.428000e-03 3.249480e-01
256 6.698360e-01 4.404000e-03 3.257600e-01
257 6.691120e-01 4.344000e-03 3.265440e-01
258 6.683920e-01 4.308000e-03 3.273000e-01
259 6.676840e-01 4.264000e-03 3.280520e-01
260 6.669600e-01 4.244000e-03 3.287960e-01
261 6.663760e-01 4.116000e-03 3.295080e-01
262 6.657360e-01 3.912000e-03 3.303520e-01
263 6.651200e-01 3.860000e-03 3.310200e-01
264 6.645160e-01 3.752000e-03 3.317320e-01
265 6.639080e-01 3.620000e-03 3.324720e-01
266 6.634080e-01 3.492000e-03 3.331000e-01
267 6.628120e-01 3.500000e-03 3.336880e-01
268 6.622640e-01 3.444000e-03 3.342920e-01
269 6.617400e-01 3.320000e-03 3.349400e-01
270 6.612920e-01 3.156000e-03 3.355520e-01
271 6.607080e-01 3.260000e-03 3.360320e-01
272 6.602280e-01 3.208000e-03 3.365640e-01
273 6.597040e-01 3.156000e-03 3.371400e-01
274 6.591240e-01 3.144000e-03 3.377320e-01
275 6.584760e-01 3.292000e-03 3.382320e-01
276 6.578960e-01 3.264000e-03 3.388400e-01
277 6.573400e-01 3.312000e-03 3.393480e-01
278 6.568280e-01 3.172000e-03 3.400000e-01
279 6.563600e-01 3.128000e-03 3.405120e-01
280 6.558880e-01 3.056000e-03 3.410560e-01
281 6.553120e-01 3.152000e-03 3.415360e-01
282 6.548200e-01 3.156000e-03 3.420240e-01
283 6.543000e-01 3.104000e-03 3.425960e-01
284 6.537640e-01 3.112000e-03 3.431240e-01
285 6.532560e-01 3.080000e-03 3.436640e-01
286 6.527280e-01 3.028000e-03 3.442440e-01
287 6.521560e-01 3.032000e-03 3.448120e-01
288 6.516120e-01 3.064000e-03 3.453240e-01
289 6.511920e-01 3.024000e-03 3.457840e-01
290 6.507400e-01 2.900000e-03 3.463600e-01
291 6.502240e-01 2.884000e-03 3.468920e-01
292 6.496760e-01 2.964000e-03 3.473600e-01
293 6.491360e-01 2.944000e-03 3.479200e-01
294 6.486000e-01 2.916000e-03 3.484840e-01
295 6.480480e-01 2.964000e-03 3.489880e-01
296 6.475280e-01 2.928000e-03 3.495440e-01
297 6.470600e-01 2.844000e-03 3.500960e-01
298 6.464760e-01 2.932000e-03 3.505920e-01
299 6.459840e-01 2.956000e-03 3.510600e-01
300 6.454960e-01 2.948000e-03 3.515560e-01
301 6.449920e-01 2.960000e-03 3.520480e-01
302 6.444680e-01 2.976000e-03 3.525560e-01
303 6.439560e-01 2.984000e-03 3.530600e-01
304 6.434680e-01 2.948000e-03 3.535840e-01
305 6.430280e-01 2.864000e-03 3.541080e-01
306 6.424840e-01 2.896000e-03 3.546200e-01
307 6.420640e-01 2.964000e-03 3.549720e-01
308 6.417080e-01 2.712000e-03 3.555800e-01
309 6.412440e-01 2.692000e-03 3.560640e-01
310 6.408320e-01 2.640000e-03 3.565280e-01
311 6.404000e-01 2.636000e-03 3.569640e-01
312 6.399800e-01 2.632000e-03 3.573880e-01
313 6.395120e-01 2.640000e-03 3.578480e-01
314 6.390880e-01 2.648000e-03 3.582640e-01
315 6.385880e-01 2.652000e-03 3.587600e-01
316 6.381440e-01 2.616000e-03 3.592400e-01
317 6.377120e-01 2.608000e-03 3.596800e-01
318 6.372120e-01 2.632000e-03 3.601560e-01
319 6.366240e-01 2.764000e-03 3.606120e-01
320 6.360800e-01 2.804000e-03 3.611160e-01
321 6.355920e-01 2.816000e-03 3.615920e-01
322 6.351680e-01 2.764000e-03 3.620680e-01
323 6.346280e-01 2.840000e-03 3.625320e-01
324 6.341280e-01 2.792000e-03 3.630800e-01
325 6.337040e-01 2.740000e-03 3.635560e-01
326 6.332000e-01 2.756000e-03 3.640440e-01
327 6.327560e-01 2.712000e-03 3.645320e-01
328 6.322600e-01 2.720000e-03 3.650200e-01
329 6.317880e-01 2.672000e-03 3.655400e-01
330 6.313080e-01 2.652000e-03 3.660400e-01
331 6.308520e-01 2.608000e-03 3.665400e-01
332 6.304320e-01 2.552000e-03 3.670160e-01
333 6.300160e-01 2.524000e-03 3.674600e-01
334 6.296320e-01 2.456000e-03 3.679120e-01
335 6.293240e-01 2.296000e-03 3.683800e-01
336 6.289600e-01 2.276000e-03 3.687640e-01
337 6.286400e-01 2.228000e-03 3.691320e-01
338 6.283080e-01 2.204000e-03 3.694880e-01
339 6.279760e-01 2.168000e-03 3.698560e-01
340 6.276800e-01 2.092000e-03 3.702280e-01
341 6.273040e-01 2.092000e-03 3.706040e-01
342 6.269000e-01 2.112000e-03 3.709880e-01
343 6.265680e-01 2.036000e-03 3.713960e-01
344 6.261920e-01 2.080000e-03 3.717280e-01
345 6.258640e-01 2.052000e-03 3.720840e-01
346 6.255400e-01 1.996000e-03 3.724640e-01
347 6.251760e-01 2.008000e-03 3.728160e-01
348 6.248560e-01 1.972000e-03 3.731720e-01
349 6.245920e-01 1.900000e-03 3.735080e-01
350 6.242280e-01 1.888000e-03 3.738840e-01
351 6.239200e-01 1.892000e-03 3.741880e-01
352 6.235200e-01 1.972000e-03 3.745080e-01
353 6.231960e-01 1.968000e-03 3.748360e-01
354 6.229240e-01 1.852000e-03 3.752240e-01
355 6.226120e-01 1.788000e-03 3.756000e-01
356 6.223200e-01 1.748000e-03 3.759320e-01
357 6.220640e-01 1.720000e-03 3.762160e-01
358 6.217920e-01 1.664000e-03 3.765440e-01
359 6.215920e-01 1.596000e-03 3.768120e-01
360 6.213440e-01 1.544000e-03 3.771120e-01
361 6.211240e-01 1.468000e-03 3.774080e-01
362 6.208960e-01 1.488000e-03 3.776160e-01
363 6.206440e-01 1.544000e-03 3.778120e-01
364 6.204000e-01 1.572000e-03 3.780280e-01
365 6.201400e-01 1.520000e-03 3.783400e-01
366 6.199240e-01 1.452000e-03 3.786240e-01
367 6.197560e-01 1.372000e-03 3.788720e-01
368 6.195800e-01 1.344000e-03 3.790760e-01
369 6.193480e-01 1.344000e-03 3.793080e-01
370 6.191120e-01 1.292000e-03 3.795960e-01
371 6.189760e-01 1.192000e-03 3.798320e-01
372 6.187200e-01 1.260000e-03 3.800200e-01
373 6.185000e-01 1.240000e-03 3.802600e-01
374 6.182920e-01 1.268000e-03 3.804400e-01
375 6.180560e-01 1.224000e-03 3.807200e-01
376 6.177560e-01 1.356000e-03 3.808880e-01
377 6.174800e-01 1.392000e-03 3.811280e-01
378 6.171880e-01 1.392000e-03 3.814200e-01
379 6.170080e-01 1.352000e-03 3.816400e-01
380 6.167720e-01 1.344000e-03 3.818840e-01
381 6.165120e-01 1.376000e-03 3.821120e-01
382 6.163200e-01 1.344000e-03 3.823360e-01
383 6.160800e-01 1.344000e-03 3.825760e-01
384 6.158880e-01 1.292000e-03 3.828200e-01
385 6.156840e-01 1.260000e-03 3.830560e-01
386 6.153880e-01 1.292000e-03 3.833200e-01
387 6.151960e-01 1.252000e-03 3.835520e-01
388 6.149880e-01 1.240000e-03 3.837720e-01
389 6.148240e-01 1.200000e-03 3.839760e-01
390 6.146560e-01 1.164000e-03 3.841800e-01
391 6.144880e-01 1.128000e-03 3.843840e-01
392 6.142720e-01 1.172000e-03 3.845560e-01
393 6.140840e-01 1.156000e-03 3.847600e-01
394 6.138960e-01 1.168000e-03 3.849360e-01
395 6.137000e-01 1.180000e-03 3.851200e-01
396 6.135200e-01 1.216000e-03 3.852640e-01
397 6.133440e-01 1.160000e-03 3.854960e-01
398 6.131560e-01 1.140000e-03 3.857040e-01
399 6.130360e-01 1.064000e-03 3.859000e-01
400 6.128800e-01 1.028000e-03 3.860920e-01
401 6.127160e-01 1.008000e-03 3.862760e-01
402 6.125480e-01 9.560000e-04 3.864960e-01
403 6.123040e-01 1.028000e-03 3.866680e-01
404 6.121080e-01 1.040000e-03 3.868520e-01
405 6.119440e-01 1.036000e-03 3.870200e-01
406 6.117400e-01 1.028000e-03 3.872320e-01
407 6.115800e-01 1.004000e-03 3.874160e-01
408 6.114080e-01 9.880000e-04 3.876040e-01
409 6.112400e-01 1.000000e-03 3.877600e-01
410 6.110280e-01 1.048000e-03 3.879240e-01
411 6.108320e-01 1.080000e-03 3.880880e-01
412 6.105960e-01 1.152000e-03 3.882520e-01
413 6.103280e-01 1.224000e-03 3.884480e-01
414 6.100400e-01 1.232000e-03 3.887280e-01
415 6.097840e-01 1.244000e-03 3.889720e-01
416 6.095520e-01 1.308000e-03 3.891400e-01
417 6.093680e-01 1.260000e-03 3.893720e-01
418 6.091360e-01 1.264000e-03 3.896000e-01
419 6.089200e-01 1.240000e-03 3.898400e-01
420 6.087720e-01 1.200000e-03 3.900280e-01
421 6.085320e-01 1.232000e-03 3.902360e-01
422 6.083640e-01 1.184000e-03 3.904520e-01
423 6.081800e-01 1.180000e-03 3.906400e-01
424 6.079880e-01 1.168000e-03 3.908440e-01
425 6.078040e-01 1.132000e-03 3.910640e-01
426 6.076400e-01 1.072000e-03 3.912880e-01
427 6.074560e-01 1.032000e-03 3.915120e-01
428 6.073080e-01 9.600000e-04 3.917320e-01
429 6.071400e-01 9.480000e-04 3.919120e-01
430 6.069440e-01 1.000000e-03 3.920560e-01
431 6.068360e-01 9.280000e-04 3.922360e-01
432 6.067040e-01 8.960000e-04 3.924000e-01
433 6.065680e-01 8.920000e-04 3.925400e-01
434 6.064360e-01 8.880000e-04 3.926760e-01
435 6.062960e-01 8.600000e-04 3.928440e-01
436 6.061240e-01 8.840000e-04 3.929920e-01
437 6.059120e-01 9.320000e-04 3.931560e-01
438 6.057560e-01 9.280000e-04 3.933160e-01
439 6.056160e-01 9.080000e-04 3.934760e-01
440 6.054360e-01 9.520000e-04 3.936120e-01
441 6.052920e-01 9.360000e-04 3.937720e-01
442 6.050960e-01 1.008000e-03 3.938960e-01
443 6.049400e-01 9.680000e-04 3.940920e-01
444 6.047800e-01 9.520000e-04 3.942680e-01
445 6.046160e-01 9.360000e-04 3.944480e-01
446 6.044760e-01 9.400000e-04 3.945840e-01
447 6.043200e-01 9.400000e-04 3.947400e-01
448 6.041120e-01 1.012000e-03 3.948760e-01
449 6.039640e-01 9.920000e-04 3.950440e-01
450 6.038240e-01 9.520000e-04 3.952240e-01
451 6.037000e-01 8.880000e-04 3.954120e-01
452 6.035920e-01 8.400000e-04 3.955680e-01
453 6.034400e-01 8.160000e-04 3.957440e-01
454 6.033440e-01 7.800000e-04 3.958760e-01
455 6.032800e-01 7.080000e-04 3.960120e-01
456 6.031960e-01 6.560000e-04 3.961480e-01
457 6.031360e-01 6.160000e-04 3.962480e-01
458 6.030120e-01 6.400000e-04 3.963480e-01
459 6.029560e-01 5.920000e-04 3.964520e-01
460 6.028360e-01 6.440000e-04 3.965200e-01
461 6.027240e-01 6.600000e-04 3.966160e-01
462 6.026560e-01 6.400000e-04 3.967040e-01
463 6.025680e-01 6.000000e-04 3.968320e-01
464 6.024560e-01 5.840000e-04 3.969600e-01
465 6.024000e-01 5.120000e-04 3.970880e-01
466 6.023120e-01 4.920000e-04 3.971960e-01
467 6.022160e-01 4.720000e-04 3.973120e-01
468 6.021160e-01 5.040000e-04 3.973800e-01
469 6.020360e-01 4.840000e-04 3.974800e-01
470 6.019640e-01 4.640000e-04 3.975720e-01
471 6.019000e-01 4.480000e-04 3.976520e-01
472 6.018560e-01 4.040000e-04 3.977400e-01
473 6.017920e-01 3.960000e-04 3.978120e-01
474 6.017280e-01 4.080000e-04 3.978640e-01
475 6.016600e-01 4.040000e-04 3.979360e-01
476 6.015880e-01 3.960000e-04 3.980160e-01
477 6.014880e-01 4.080000e-04 3.981040e-01
478 6.014280e-01 4.000000e-04 3.981720e-01
479 6.013960e-01 3.800000e-04 3.982240e-01
480 6.013160e-01 4.000000e-04 3.982840e-01
481 6.011960e-01 4.560000e-04 3.983480e-01
482 6.011360e-01 4.600000e-04 3.984040e-01
483 6.010640e-01 4.560000e-04 3.984800e-01
484 6.009920e-01 4.520000e-04 3.985560e-01
485 6.008800e-01 4.880000e-04 3.986320e-01
486 6.008120e-01 4.840000e-04 3.987040e-01
487 6.006600e-01 5.520000e-04 3.987880e-01
488 6.005680e-01 5.280000e-04 3.989040e-01
489 6.004480e-01 5.480000e-04 3.990040e-01
490 6.003560e-01 5.440000e-04 3.991000e-01
491 6.002720e-01 5.120000e-04 3.992160e-01
492 6.001800e-01 5.000000e-04 3.993200e-01
493 6.000880e-01 5.240000e-04 3.993880e-01
494 5.999600e-01 5.520000e-04 3.994880e-01
495 5.998840e-01 5.240000e-04 3.995920e-01
496 5.998040e-01 5.200000e-04 3.996760e-01
497 5.997360e-01 5.000000e-04 3.997640e-01
498 5.996680e-01 5.120000e-04 3.998200e-01
499 5.995520e-01 5.480000e-04 3.999000e-01
500 5.994760e-01 5.400000e-04 3.999840e-01
