1 9.992200e-01 7.040000e-04 7.600000e-05
2 9.988200e-01 9.480000e-04 2.320000e-04
3 9.982280e-01 1.336000e-03 4.360000e-04
4 9.975840e-01 1.688000e-03 7.280000e-04
5 9.969400e-01 2.048000e-03 1.012000e-03
6 9.961840e-01 2.412000e-03 1.404000e-03
7 9.954600e-01 2.688000e-03 1.852000e-03
8 9.946760e-01 2.952000e-03 2.372000e-03
9 9.938360e-01 3.280000e-03 2.884000e-03
10 9.929880e-01 3.552000e-03 3.460000e-03
11 9.920720e-01 3.768000e-03 4.160000e-03
12 9.911440e-01 3.972000e-03 4.884000e-03
13 9.902720e-01 4.100000e-03 5.628000e-03
14 9.893760e-01 4.248000e-03 6.376000e-03
15 9.883520e-01 4.444000e-03 7.204000e-03
16 9.873640e-01 4.680000e-03 7.956000e-03
17 9.862280e-01 4.992000e-03 8.780000e-03
18 9.850720e-01 5.232000e-03 9.696000e-03
19 9.839840e-01 5.412000e-03 1.060400e-02
20 9.829280e-01 5.524000e-03 1.154800e-02
21 9.817520e-01 5.812000e-03 1.243600e-02
22 9.804040e-01 6.244000e-03 1.335200e-02
23 9.792280e-01 6.272000e-03 1.450000e-02
24 9.778320e-01 6.484000e-03 1.568400e-02
25 9.764080e-01 6.876000e-03 1.671600e-02
26 9.748520e-01 7.204000e-03 1.794400e-02
27 9.733400e-01 7.468000e-03 1.919200e-02
28 9.719560e-01 7.632000e-03 2.041200e-02
29 9.704000e-01 7.736000e-03 2.186400e-02
30 9.689840e-01 7.784000e-03 2.323200e-02
31 9.674960e-01 7.928000e-03 2.457600e-02
32 9.659480e-01 8.120000e-03 2.593200e-02
33 9.643000e-01 8.348000e-03 2.735200e-02
34 9.628200e-01 8.496000e-03 2.868400e-02
35 9.611640e-01 8.684000e-03 3.015200e-02
36 9.595920e-01 8.788000e-03 3.162000e-02
37 9.582080e-01 8.608000e-03 3.318400e-02
38 9.566360e-01 8.596000e-03 3.476800e-02
39 9.550840e-01 8.600000e-03 3.631600e-02
40 9.536920e-01 8.424000e-03 3.788400e-02
41 9.521520e-01 8.556000e-03 3.929200e-02
42 9.504960e-01 8.704000e-03 4.080000e-02
43 9.490000e-01 8.568000e-03 4.243200e-02
44 9.475120e-01 8.496000e-03 4.399200e-02
45 9.458880e-01 8.680000e-03 4.543200e-02
46 9.443680e-01 8.668000e-03 4.696400e-02
47 9.429360e-01 8.616000e-03 4.844800e-02
48 9.416160e-01 8.412000e-03 4.997200e-02
49 9.402960e-01 8.272000e-03 5.143200e-02
50 9.388440e-01 8.252000e-03 5.290400e-02
51 9.373560e-01 8.364000e-03 5.428000e-02
52 9.359880e-01 8.292000e-03 5.572000e-02
53 9.345480e-01 8.184000e-03 5.726800e-02
54 9.330280e-01 8.192000e-03 5.878000e-02
55 9.315200e-01 8.248000e-03 6.023200e-02
56 9.301760e-01 8.228000e-03 6.159600e-02
57 9.287720e-01 8.312000e-03 6.291600e-02
58 9.274280e-01 8.132000e-03 6.444000e-02
59 9.259360e-01 8.232000e-03 6.583200e-02
60 9.244720e-01 8.240000e-03 6.728800e-02
61 9.229480e-01 8.276000e-03 6.877600e-02
62 9.215120e-01 8.352000e-03 7.013600e-02
63 9.200880e-01 8.264000e-03 7.164800e-02
64 9.186560e-01 8.288000e-03 7.305600e-02
65 9.172080e-01 8.316000e-03 7.447600e-02
66 9.156600e-01 8.432000e-03 7.590800e-02
67 9.141160e-01 8.532000e-03 7.735200e-02
68 9.124480e-01 8.696000e-03 7.885600e-02
69 9.108760e-01 8.860000e-03 8.026400e-02
70 9.092600e-01 8.944000e-03 8.179600e-02
71 9.077040e-01 9.052000e-03 8.324400e-02
72 9.061880e-01 9.064000e-03 8.474800e-02
73 9.047240e-01 8.976000e-03 8.630000e-02
74 9.032200e-01 8.996000e-03 8.778400e-02
75 9.017040e-01 8.940000e-03 8.935600e-02
76 9.003120e-01 8.724000e-03 9.096400e-02
77 8.987200e-01 8.788000e-03 9.249200e-02
78 8.972840e-01 8.672000e-03 9.404400e-02
79 8.958720e-01 8.556000e-03 9.557200e-02
80 8.943000e-01 8.612000e-03 9.708800e-02
81 8.928520e-01 8.560000e-03 9.858800e-02
82 8.914360e-01 8.372000e-03 1.001920e-01
83 8.899320e-01 8.400000e-03 1.016680e-01
84 8.883760e-01 8.452000e-03 1.031720e-01
85 8.868880e-01 8.488000e-03 1.046240e-01
86 8.850880e-01 8.756000e-03 1.061560e-01
87 8.834080e-01 8.804000e-03 1.077880e-01
88 8.816560e-01 8.996000e-03 1.093480e-01
89 8.800880e-01 8.856000e-03 1.110560e-01
90 8.786760e-01 8.612000e-03 1.127120e-01
91 8.772360e-01 8.552000e-03 1.142120e-01
92 8.756360e-01 8.636000e-03 1.157280e-01
93 8.742000e-01 8.588000e-03 1.172120e-01
94 8.726440e-01 8.632000e-03 1.187240e-01
95 8.710320e-01 8.640000e-03 1.203280e-01
96 8.696600e-01 8.500000e-03 1.218400e-01
97 8.682320e-01 8.496000e-03 1.232720e-01
98 8.667560e-01 8.508000e-03 1.247360e-01
99 8.653600e-01 8.332000e-03 1.263080e-01
100 8.638840e-01 8.324000e-03 1.277920e-01
101 8.626360e-01 8.084000e-03 1.292800e-01
102 8.613560e-01 8.004000e-03 1.306400e-01
103 8.600120e-01 7.940000e-03 1.320480e-01
104 8.585720e-01 7.956000e-03 1.334720e-01
105 8.571880e-01 7.980000e-03 1.348320e-01
106 8.556680e-01 8.144000e-03 1.361880e-01
107 8.543960e-01 8.040000e-03 1.375640e-01
108 8.529960e-01 8.140000e-03 1.388640e-01
109 8.515320e-01 8.208000e-03 1.402600e-01
110 8.501160e-01 8.188000e-03 1.416960e-01
111 8.487920e-01 8.156000e-03 1.430520e-01
112 8.474720e-01 7.928000e-03 1.446000e-01
113 8.462680e-01 7.808000e-03 1.459240e-01
114 8.448640e-01 7.740000e-03 1.473960e-01
115 8.436520e-01 7.636000e-03 1.487120e-01
116 8.423600e-01 7.584000e-03 1.500560e-01
117 8.411800e-01 7.432000e-03 1.513880e-01
118 8.400560e-01 7.256000e-03 1.526880e-01
119 8.388680e-01 7.148000e-03 1.539840e-01
120 8.376600e-01 7.196000e-03 1.551440e-01
121 8.364760e-01 7.068000e-03 1.564560e-01
122 8.354440e-01 6.896000e-03 1.576600e-01
123 8.343120e-01 6.852000e-03 1.588360e-01
124 8.330040e-01 6.936000e-03 1.600600e-01
125 8.318200e-01 6.876000e-03 1.613040e-01
126 8.306360e-01 6.924000e-03 1.624400e-01
127 8.294840e-01 6.952000e-03 1.635640e-01
128 8.283520e-01 6.892000e-03 1.647560e-01
129 8.273280e-01 6.672000e-03 1.660000e-01
130 8.263640e-01 6.468000e-03 1.671680e-01
131 8.252600e-01 6.320000e-03 1.684200e-01
132 8.242400e-01 6.176000e-03 1.695840e-01
133 8.232600e-01 6.048000e-03 1.706920e-01
134 8.221840e-01 6.028000e-03 1.717880e-01
135 8.211800e-01 6.004000e-03 1.728160e-01
136 8.201120e-01 6.008000e-03 1.738800e-01
137 8.190360e-01 5.996000e-03 1.749680e-01
138 8.179800e-01 5.980000e-03 1.760400e-01
139 8.169640e-01 5.932000e-03 1.771040e-01
140 8.159120e-01 5.940000e-03 1.781480e-01
141 8.149840e-01 5.744000e-03 1.792720e-01
142 8.139400e-01 5.776000e-03 1.802840e-01
143 8.128880e-01 5.816000e-03 1.812960e-01
144 8.119040e-01 5.708000e-03 1.823880e-01
145 8.108280e-01 5.684000e-03 1.834880e-01
146 8.098160e-01 5.844000e-03 1.843400e-01
147 8.088560e-01 5.692000e-03 1.854520e-01
148 8.078920e-01 5.576000e-03 1.865320e-01
149 8.068280e-01 5.668000e-03 1.875040e-01
150 8.057360e-01 5.788000e-03 1.884760e-01
151 8.048280e-01 5.612000e-03 1.895600e-01
152 8.038240e-01 5.692000e-03 1.904840e-01
153 8.028360e-01 5.728000e-03 1.914360e-01
154 8.018360e-01 5.728000e-03 1.924360e-01
155 8.009120e-01 5.676000e-03 1.934120e-01
156 8.000840e-01 5.504000e-03 1.944120e-01
157 7.991440e-01 5.476000e-03 1.953800e-01
158 7.983400e-01 5.396000e-03 1.962640e-01
159 7.974240e-01 5.340000e-03 1.972360e-01
160 7.965200e-01 5.296000e-03 1.981840e-01
161 7.957280e-01 5.180000e-03 1.990920e-01
162 7.948440e-01 5.132000e-03 2.000240e-01
163 7.939040e-01 5.180000e-03 2.009160e-01
164 7.930200e-01 5.148000e-03 2.018320e-01
165 7.921880e-01 5.152000e-03 2.026600e-01
166 7.911320e-01 5.336000e-03 2.035320e-01
167 7.900880e-01 5.420000e-03 2.044920e-01
168 7.890920e-01 5.460000e-03 2.054480e-01
169 7.880200e-01 5.624000e-03 2.063560e-01
170 7.870000e-01 5.684000e-03 2.073160e-01
171 7.858800e-01 5.708000e-03 2.084120e-01
172 7.848040e-01 5.740000e-03 2.094560e-01
173 7.837240e-01 5.800000e-03 2.104760e-01
174 7.827520e-01 5.816000e-03 2.114320e-01
175 7.818080e-01 5.684000e-03 2.125080e-01
176 7.808720e-01 5.432000e-03 2.136960e-01
177 7.800080e-01 5.332000e-03 2.146600e-01
178 7.789480e-01 5.480000e-03 2.155720e-01
179 7.779360e-01 5.452000e-03 2.166120e-01
180 7.768440e-01 5.560000e-03 2.175960e-01
181 7.759160e-01 5.560000e-03 2.185240e-01
182 7.749720e-01 5.532000e-03 2.194960e-01
183 7.739800e-01 5.564000e-03 2.204560e-01
184 7.731080e-01 5.440000e-03 2.214520e-01
185 7.723080e-01 5.292000e-03 2.224000e-01
186 7.713800e-01 5.312000e-03 2.233080e-01
187 7.705440e-01 5.228000e-03 2.242280e-01
188 7.696440e-01 5.196000e-03 2.251600e-01
189 7.687640e-01 5.256000e-03 2.259800e-01
190 7.678560e-01 5.284000e-03 2.268600e-01
191 7.669440e-01 5.356000e-03 2.277000e-01
192 7.660440e-01 5.344000e-03 2.286120e-01
193 7.652480e-01 5.276000e-03 2.294760e-01
194 7.644320e-01 5.240000e-03 2.303280e-01
195 7.635480e-01 5.240000e-03 2.312120e-01
196 7.626360e-01 5.236000e-03 2.321280e-01
197 7.616440e-01 5.280000e-03 2.330760e-01
198 7.606880e-01 5.256000e-03 2.340560e-01
199 7.596720e-01 5.468000e-03 2.348600e-01
200 7.587520e-01 5.428000e-03 2.358200e-01
201 7.578160e-01 5.400000e-03 2.367840e-01
202 7.567800e-01 5.476000e-03 2.377440e-01
203 7.558000e-01 5.488000e-03 2.387120e-01
204 7.546840e-01 5.640000e-03 2.396760e-01
205 7.536440e-01 5.612000e-03 2.407440e-01
206 7.526520e-01 5.580000e-03 2.417680e-01
207 7.515400e-01 5.704000e-03 2.427560e-01
208 7.505280e-01 5.700000e-03 2.437720e-01
209 7.495360e-01 5.664000e-03 2.448000e-01
210 7.487120e-01 5.460000e-03 2.458280e-01
211 7.477400e-01 5.424000e-03 2.468360e-01
212 7.467840e-01 5.468000e-03 2.477480e-01
213 7.458240e-01 5.528000e-03 2.486480e-01
214 7.448800e-01 5.508000e-03 2.496120e-01
215 7.438840e-01 5.556000e-03 2.505600e-01
216 7.428040e-01 5.672000e-03 2.515240e-01
217 7.417440e-01 5.728000e-03 2.525280e-01
218 7.408640e-01 5.804000e-03 2.533320e-01
219 7.398480e-01 5.892000e-03 2.542600e-01
220 7.388560e-01 5.868000e-03 2.552760e-01
221 7.379320e-01 5.772000e-03 2.562960e-01
222 7.371400e-01 5.628000e-03 2.572320e-01
223 7.362760e-01 5.568000e-03 2.581560e-01
224 7.353640e-01 5.520000e-03 2.591160e-01
225 7.343920e-01 5.656000e-03 2.599520e-01
226 7.334840e-01 5.672000e-03 2.608440e-01
227 7.325520e-01 5.572000e-03 2.618760e-01
228 7.315360e-01 5.704000e-03 2.627600e-01
229 7.306600e-01 5.488000e-03 2.638520e-01
230 7.298360e-01 5.356000e-03 2.648080e-01
231 7.289600e-01 5.272000e-03 2.657680e-01
232 7.279480e-01 5.424000e-03 2.666280e-01
233 7.270320e-01 5.452000e-03 2.675160e-01
234 7.261360e-01 5.424000e-03 2.684400e-01
235 7.252280e-01 5.336000e-03 2.694360e-01
236 7.244000e-01 5.276000e-03 2.703240e-01
237 7.235440e-01 5.264000e-03 2.711920e-01
238 7.226400e-01 5.236000e-03 2.721240e-01
239 7.217320e-01 5.164000e-03 2.731040e-01
240 7.208400e-01 5.188000e-03 2.739720e-01
241 7.199280e-01 5.132000e-03 2.749400e-01
242 7.191840e-01 4.952000e-03 2.758640e-01
243 7.184080e-01 4.752000e-03 2.768400e-01
244 7.177040e-01 4.604000e-03 2.776920e-01
245 7.169400e-01 4.540000e-03 2.785200e-01
246 7.160480e-01 4.660000e-03 2.792920e-01
247 7.151560e-01 4.748000e-03 2.800960e-01
248 7.142760e-01 4.808000e-03 2.809160e-01
249 7.132520e-01 5.040000e-03 2.817080e-01
250 7.122760e-01 5.172000e-03 2.825520e-01
251 7.113640e-01 5.148000e-03 2.834880e-01
252 7.105840e-01 4.920000e-03 2.844960e-01
253 7.097760e-01 4.908000e-03 2.853160e-01
254 7.089800e-01 4.828000e-03 2.861920e-01
255 7.081760e-01 4.828000e-03 2.869960e-01
256 7.073760e-01 4.876000e-03 2.877480e-01
257 7.066120e-01 4.872000e-03 2.885160e-01
258 7.058600e-01 4.732000e-03 2.894080e-01
259 7.049960e-01 4.736000e-03 2.902680e-01
260 7.041480e-01 4.732000e-03 2.911200e-01
261 7.033840e-01 4.652000e-03 2.919640e-01
262 7.026880e-01 4.496000e-03 2.928160e-01
263 7.018640e-01 4.656000e-03 2.934800e-01
264 7.011160e-01 4.620000e-03 2.942640e-01
265 7.004040e-01 4.652000e-03 2.949440e-01
266 6.997160e-01 4.572000e-03 2.957120e-01
267 6.990520e-01 4.412000e-03 2.965360e-01
268 6.983760e-01 4.392000e-03 2.972320e-01
269 6.976160e-01 4.328000e-03 2.980560e-01
270 6.969720e-01 4.244000e-03 2.987840e-01
271 6.963880e-01 4.120000e-03 2.994920e-01
272 6.957240e-01 4.068000e-03 3.002080e-01
273 6.951160e-01 3.944000e-03 3.009400e-01
274 6.945440e-01 3.856000e-03 3.016000e-01
275 6.938720e-01 3.744000e-03 3.023840e-01
276 6.931800e-01 3.780000e-03 3.030400e-01
277 6.925160e-01 3.804000e-03 3.036800e-01
278 6.918440e-01 3.800000e-03 3.043560e-01
279 6.911640e-01 3.948000e-03 3.048880e-01
280 6.903840e-01 3.936000e-03 3.056800e-01
281 6.897320e-01 3.964000e-03 3.063040e-01
282 6.889960e-01 4.064000e-03 3.069400e-01
283 6.881240e-01 4.264000e-03 3.076120e-01
284 6.874520e-01 4.204000e-03 3.083440e-01
285 6.868000e-01 4.032000e-03 3.091680e-01
286 6.860560e-01 4.032000e-03 3.099120e-01
287 6.853440e-01 4.068000e-03 3.105880e-01
288 6.846720e-01 4.056000e-03 3.112720e-01
289 6.840320e-01 3.924000e-03 3.120440e-01
290 6.834320e-01 3.868000e-03 3.127000e-01
291 6.827280e-01 3.860000e-03 3.134120e-01
292 6.821600e-01 3.780000e-03 3.140600e-01
293 6.815120e-01 3.756000e-03 3.147320e-01
294 6.809480e-01 3.700000e-03 3.153520e-01
295 6.804400e-01 3.540000e-03 3.160200e-01
296 6.798720e-01 3.468000e-03 3.166600e-01
297 6.793480e-01 3.308000e-03 3.173440e-01
298 6.787720e-01 3.332000e-03 3.178960e-01
299 6.781600e-01 3.288000e-03 3.185520e-01
300 6.776080e-01 3.240000e-03 3.191520e-01
301 6.770640e-01 3.228000e-03 3.197080e-01
302 6.764360e-01 3.288000e-03 3.202760e-01
303 6.757880e-01 3.372000e-03 3.208400e-01
304 6.750600e-01 3.520000e-03 3.214200e-01
305 6.743360e-01 3.608000e-03 3.220560e-01
306 6.737080e-01 3.632000e-03 3.226600e-01
307 6.729640e-01 3.752000e-03 3.232840e-01
308 6.724160e-01 3.628000e-03 3.239560e-01
309 6.717840e-01 3.600000e-03 3.246160e-01
310 6.712080e-01 3.564000e-03 3.252280e-01
311 6.705440e-01 3.568000e-03 3.258880e-01
312 6.698040e-01 3.688000e-03 3.265080e-01
313 6.690840e-01 3.780000e-03 3.271360e-01
314 6.683120e-01 3.864000e-03 3.278240e-01
315 6.677400e-01 3.832000e-03 3.284280e-01
316 6.669480e-01 3.964000e-03 3.290880e-01
317 6.662720e-01 3.956000e-03 3.297720e-01
318 6.655720e-01 3.936000e-03 3.304920e-01
319 6.649360e-01 3.816000e-03 3.312480e-01
320 6.642480e-01 3.864000e-03 3.318880e-01
321 6.636680e-01 3.776000e-03 3.325560e-01
322 6.630480e-01 3.728000e-03 3.332240e-01
323 6.624320e-01 3.688000e-03 3.338800e-01
324 6.618080e-01 3.688000e-03 3.345040e-01
325 6.610880e-01 3.776000e-03 3.351360e-01
326 6.604000e-01 3.724000e-03 3.358760e-01
327 6.596240e-01 3.916000e-03 3.364600e-01
328 6.590320e-01 3.916000e-03 3.370520e-01
329 6.584200e-01 3.792000e-03 3.377880e-01
330 6.577880e-01 3.752000e-03 3.384600e-01
331 6.570240e-01 3.872000e-03 3.391040e-01
332 6.563240e-01 3.876000e-03 3.398000e-01
333 6.556800e-01 3.880000e-03 3.404400e-01
334 6.550600e-01 3.860000e-03 3.410800e-01
335 6.544200e-01 3.916000e-03 3.416640e-01
336 6.537800e-01 3.916000e-03 3.423040e-01
337 6.531280e-01 3.924000e-03 3.429480e-01
338 6.524880e-01 3.916000e-03 3.435960e-01
339 6.518320e-01 3.924000e-03 3.442440e-01
340 6.512400e-01 3.780000e-03 3.449800e-01
341 6.505960e-01 3.744000e-03 3.456600e-01
342 6.499360e-01 3.736000e-03 3.463280e-01
343 6.494040e-01 3.536000e-03 3.470600e-01
344 6.488200e-01 3.440000e-03 3.477400e-01
345 6.482280e-01 3.456000e-03 3.483160e-01
346 6.475800e-01 3.460000e-03 3.489600e-01
347 6.469680e-01 3.436000e-03 3.495960e-01
348 6.465320e-01 3.280000e-03 3.501880e-01
349 6.460320e-01 3.240000e-03 3.507280e-01
350 6.455200e-01 3.160000e-03 3.513200e-01
351 6.450800e-01 3.044000e-03 3.518760e-01
352 6.446880e-01 2.964000e-03 3.523480e-01
353 6.441680e-01 3.064000e-03 3.527680e-01
354 6.436600e-01 2.936000e-03 3.534040e-01
355 6.431520e-01 2.876000e-03 3.539720e-01
356 6.426280e-01 2.884000e-03 3.544880e-01
357 6.421480e-01 2.832000e-03 3.550200e-01
358 6.416880e-01 2.792000e-03 3.555200e-01
359 6.412240e-01 2.712000e-03 3.560640e-01
360 6.408400e-01 2.680000e-03 3.564800e-01
361 6.403640e-01 2.652000e-03 3.569840e-01
362 6.399960e-01 2.584000e-03 3.574200e-01
363 6.396320e-01 2.404000e-03 3.579640e-01
364 6.392880e-01 2.328000e-03 3.583840e-01
365 6.388440e-01 2.404000e-03 3.587520e-01
366 6.384960e-01 2.356000e-03 3.591480e-01
367 6.381160e-01 2.316000e-03 3.595680e-01
368 6.377760e-01 2.272000e-03 3.599520e-01
369 6.374080e-01 2.300000e-03 3.602920e-01
370 6.370480e-01 2.248000e-03 3.607040e-01
371 6.367360e-01 2.136000e-03 3.611280e-01
372 6.364560e-01 1.996000e-03 3.615480e-01
373 6.360760e-01 1.984000e-03 3.619400e-01
374 6.357120e-01 2.004000e-03 3.622840e-01
375 6.354520e-01 1.904000e-03 3.626440e-01
376 6.351080e-01 1.928000e-03 3.629640e-01
377 6.347360e-01 1.988000e-03 3.632760e-01
378 6.344520e-01 2.000000e-03 3.635480e-01
379 6.341920e-01 1.924000e-03 3.638840e-01
380 6.339440e-01 1.836000e-03 3.642200e-01
381 6.336880e-01 1.772000e-03 3.645400e-01
382 6.334560e-01 1.704000e-03 3.648400e-01
383 6.332200e-01 1.628000e-03 3.651520e-01
384 6.328960e-01 1.696000e-03 3.654080e-01
385 6.325600e-01 1.768000e-03 3.656720e-01
386 6.323360e-01 1.672000e-03 3.659920e-01
387 6.320880e-01 1.648000e-03 3.662640e-01
388 6.317560e-01 1.680000e-03 3.665640e-01
389 6.315120e-01 1.684000e-03 3.668040e-01
390 6.313160e-01 1.576000e-03 3.671080e-01
391 6.311280e-01 1.508000e-03 3.673640e-01
392 6.308520e-01 1.536000e-03 3.676120e-01
393 6.307040e-01 1.384000e-03 3.679120e-01
394 6.305160e-01 1.364000e-03 3.681200e-01
395 6.303080e-01 1.316000e-03 3.683760e-01
396 6.301040e-01 1.324000e-03 3.685720e-01
397 6.298960e-01 1.340000e-03 3.687640e-01
398 6.297440e-01 1.288000e-03 3.689680e-01
399 6.295760e-01 1.208000e-03 3.692160e-01
400 6.293760e-01 1.132000e-03 3.694920e-01
401 6.291720e-01 1.116000e-03 3.697120e-01
402 6.289800e-01 1.088000e-03 3.699320e-01
403 6.287520e-01 1.140000e-03 3.701080e-01
404 6.285520e-01 1.116000e-03 3.703320e-01
405 6.282920e-01 1.200000e-03 3.705080e-01
406 6.281000e-01 1.176000e-03 3.707240e-01
407 6.278840e-01 1.192000e-03 3.709240e-01
408 6.275800e-01 1.248000e-03 3.711720e-01
409 6.273400e-01 1.260000e-03 3.714000e-01
410 6.270920e-01 1.324000e-03 3.715840e-01
411 6.268720e-01 1.300000e-03 3.718280e-01
412 6.266840e-01 1.284000e-03 3.720320e-01
413 6.264640e-01 1.224000e-03 3.723120e-01
414 6.262000e-01 1.276000e-03 3.725240e-01
415 6.259920e-01 1.204000e-03 3.728040e-01
416 6.258160e-01 1.196000e-03 3.729880e-01
417 6.256720e-01 1.132000e-03 3.731960e-01
418 6.254560e-01 1.136000e-03 3.734080e-01
419 6.252640e-01 1.112000e-03 3.736240e-01
420 6.250800e-01 1.092000e-03 3.738280e-01
421 6.249240e-01 1.072000e-03 3.740040e-01
422 6.247480e-01 1.044000e-03 3.742080e-01
423 6.245640e-01 1.056000e-03 3.743800e-01
424 6.243600e-01 1.060000e-03 3.745800e-01
425 6.242000e-01 1.064000e-03 3.747360e-01
426 6.239160e-01 1.152000e-03 3.749320e-01
427 6.236680e-01 1.148000e-03 3.751840e-01
428 6.234440e-01 1.192000e-03 3.753640e-01
429 6.232240e-01 1.220000e-03 3.755560e-01
430 6.230080e-01 1.224000e-03 3.757680e-01
431 6.228040e-01 1.200000e-03 3.759960e-01
432 6.226240e-01 1.192000e-03 3.761840e-01
433 6.224080e-01 1.204000e-03 3.763880e-01
434 6.222200e-01 1.208000e-03 3.765720e-01
435 6.219560e-01 1.244000e-03 3.768000e-01
436 6.216760e-01 1.340000e-03 3.769840e-01
437 6.213800e-01 1.392000e-03 3.772280e-01
438 6.211440e-01 1.396000e-03 3.774600e-01
439 6.209440e-01 1.340000e-03 3.777160e-01
440 6.207720e-01 1.268000e-03 3.779600e-01
441 6.206080e-01 1.252000e-03 3.781400e-01
442 6.204640e-01 1.184000e-03 3.783520e-01
443 6.203240e-01 1.072000e-03 3.786040e-01
444 6.201600e-01 1.060000e-03 3.787800e-01
445 6.200320e-01 1.008000e-03 3.789600e-01
446 6.198520e-01 1.024000e-03 3.791240e-01
447 6.197160e-01 9.960000e-04 3.792880e-01
448 6.195800e-01 9.840000e-04 3.794360e-01
449 6.194360e-01 9.200000e-04 3.796440e-01
450 6.192480e-01 9.080000e-04 3.798440e-01
451 6.191440e-01 8.800000e-04 3.799760e-01
452 6.189680e-01 9.240000e-04 3.801080e-01
453 6.188440e-01 9.200000e-04 3.802360e-01
454 6.187480e-01 8.320000e-04 3.804200e-01
455 6.186560e-01 7.960000e-04 3.805480e-01
456 6.185520e-01 7.880000e-04 3.806600e-01
457 6.184440e-01 7.960000e-04 3.807600e-01
458 6.183400e-01 7.600000e-04 3.809000e-01
459 6.182640e-01 7.160000e-04 3.810200e-01
460 6.181800e-01 6.880000e-04 3.811320e-01
461 6.180840e-01 6.560000e-04 3.812600e-01
462 6.180120e-01 6.080000e-04 3.813800e-01
463 6.179440e-01 5.840000e-04 3.814720e-01
464 6.178920e-01 5.480000e-04 3.815600e-01
465 6.178560e-01 4.560000e-04 3.816880e-01
466 6.178120e-01 3.960000e-04 3.817920e-01
467 6.177600e-01 3.800000e-04 3.818600e-01
468 6.177080e-01 3.440000e-04 3.819480e-01
469 6.176800e-01 2.800000e-04 3.820400e-01
470 6.176440e-01 2.400000e-04 3.821160e-01
471 6.175920e-01 2.360000e-04 3.821720e-01
472 6.175320e-01 2.600000e-04 3.822080e-01
473 6.175000e-01 2.280000e-04 3.822720e-01
474 6.174840e-01 1.920000e-04 3.823240e-01
475 6.174400e-01 1.840000e-04 3.823760e-01
476 6.174200e-01 1.720000e-04 3.824080e-01
477 6.173960e-01 1.640000e-04 3.824400e-01
478 6.173680e-01 1.720000e-04 3.824600e-01
479 6.173400e-01 1.520000e-04 3.825080e-01
480 6.173240e-01 1.400000e-04 3.825360e-01
481 6.172840e-01 1.640000e-04 3.825520e-01
482 6.172480e-01 1.760000e-04 3.825760e-01
483 6.172160e-01 1.840000e-04 3.826000e-01
484 6.171840e-01 1.720000e-04 3.826440e-01
485 6.171560e-01 1.600000e-04 3.826840e-01
486 6.171560e-01 1.280000e-04 3.827160e-01
487 6.171400e-01 1.120000e-04 3.827480e-01
488 6.171360e-01 8.800000e-05 3.827760e-01
489 6.171240e-01 8.400000e-05 3.827920e-01
490 6.171200e-01 8.000000e-05 3.828000e-01
491 6.171120e-01 7.200000e-05 3.828160e-01
492 6.171080e-01 5.200000e-05 3.828400e-01
493 6.171040e-01 3.600000e-05 3.828600e-01
494 6.171000e-01 4.000000e-05 3.828600e-01
495 6.170960e-01 4.400000e-05 3.828600e-01
496 6.170840e-01 5.200000e-05 3.828640e-01
497 6.170720e-01 5.600000e-05 3.828720e-01
498 6.170600e-01 6.800000e-05 3.828720e-01
499 6.170480e-01 7.600000e-05 3.828760e-01
500 6.170440e-01 6.800000e-05 3.828880e-01
