1 9.992200e-01 6.920000e-04 8.800000e-05
2 9.986320e-01 1.136000e-03 2.320000e-04
3 9.980480e-01 1.480000e-03 4.720000e-04
4 9.973240e-01 1.836000e-03 8.400000e-04
5 9.966280e-01 2.184000e-03 1.188000e-03
6 9.958360e-01 2.516000e-03 1.648000e-03
7 9.950560e-01 2.796000e-03 2.148000e-03
8 9.941520e-01 3.176000e-03 2.672000e-03
9 9.932320e-01 3.596000e-03 3.172000e-03
10 9.921640e-01 4.008000e-03 3.828000e-03
11 9.910320e-01 4.464000e-03 4.504000e-03
12 9.898600e-01 4.828000e-03 5.312000e-03
13 9.885160e-01 5.212000e-03 6.272000e-03
14 9.873600e-01 5.440000e-03 7.200000e-03
15 9.860640e-01 5.556000e-03 8.380000e-03
16 9.847040e-01 5.876000e-03 9.420000e-03
17 9.833320e-01 6.208000e-03 1.046000e-02
18 9.820080e-01 6.524000e-03 1.146800e-02
19 9.805400e-01 6.808000e-03 1.265200e-02
20 9.791800e-01 6.976000e-03 1.384400e-02
21 9.776560e-01 7.256000e-03 1.508800e-02
22 9.762240e-01 7.464000e-03 1.631200e-02
23 9.749000e-01 7.576000e-03 1.752400e-02
24 9.734480e-01 7.648000e-03 1.890400e-02
25 9.720320e-01 7.752000e-03 2.021600e-02
26 9.705120e-01 7.816000e-03 2.167200e-02
27 9.688840e-01 8.016000e-03 2.310000e-02
28 9.672280e-01 8.212000e-03 2.456000e-02
29 9.656400e-01 8.172000e-03 2.618800e-02
30 9.640240e-01 8.288000e-03 2.768800e-02
31 9.623240e-01 8.560000e-03 2.911600e-02
32 9.607400e-01 8.620000e-03 3.064000e-02
33 9.592160e-01 8.632000e-03 3.215200e-02
34 9.575960e-01 8.700000e-03 3.370400e-02
35 9.560360e-01 8.732000e-03 3.523200e-02
36 9.544160e-01 8.816000e-03 3.676800e-02
37 9.528640e-01 8.872000e-03 3.826400e-02
38 9.511720e-01 9.052000e-03 3.977600e-02
39 9.494040e-01 9.208000e-03 4.138800e-02
40 9.477520e-01 9.260000e-03 4.298800e-02
41 9.460480e-01 9.380000e-03 4.457200e-02
42 9.443080e-01 9.448000e-03 4.624400e-02
43 9.425360e-01 9.584000e-03 4.788000e-02
44 9.407760e-01 9.696000e-03 4.952800e-02
45 9.389120e-01 9.892000e-03 5.119600e-02
46 9.371040e-01 1.003200e-02 5.286400e-02
47 9.353120e-01 1.004400e-02 5.464400e-02
48 9.334960e-01 9.964000e-03 5.654000e-02
49 9.317720e-01 9.976000e-03 5.825200e-02
50 9.299600e-01 1.012000e-02 5.992000e-02
51 9.280200e-01 1.035600e-02 6.162400e-02
52 9.260400e-01 1.055200e-02 6.340800e-02
53 9.242160e-01 1.053200e-02 6.525200e-02
54 9.222680e-01 1.064000e-02 6.709200e-02
55 9.203360e-01 1.081600e-02 6.884800e-02
56 9.185200e-01 1.071600e-02 7.076400e-02
57 9.168040e-01 1.047600e-02 7.272000e-02
58 9.149280e-01 1.049600e-02 7.457600e-02
59 9.129880e-01 1.064800e-02 7.636400e-02
60 9.110000e-01 1.084400e-02 7.815600e-02
61 9.091280e-01 1.072400e-02 8.014800e-02
62 9.072680e-01 1.070800e-02 8.202400e-02
63 9.053960e-01 1.071200e-02 8.389200e-02
64 9.034920e-01 1.093200e-02 8.557600e-02
65 9.014760e-01 1.114000e-02 8.738400e-02
66 8.994680e-01 1.113600e-02 8.939600e-02
67 8.977000e-01 1.087600e-02 9.142400e-02
68 8.958320e-01 1.079600e-02 9.337200e-02
69 8.940240e-01 1.075600e-02 9.522000e-02
70 8.922720e-01 1.058000e-02 9.714800e-02
71 8.905040e-01 1.045600e-02 9.904000e-02
72 8.886840e-01 1.025200e-02 1.010640e-01
73 8.870360e-01 1.008800e-02 1.028760e-01
74 8.852680e-01 1.011200e-02 1.046200e-01
75 8.837360e-01 9.924000e-03 1.063400e-01
76 8.820800e-01 9.788000e-03 1.081320e-01
77 8.804240e-01 9.692000e-03 1.098840e-01
78 8.788320e-01 9.600000e-03 1.115680e-01
79 8.769200e-01 9.720000e-03 1.133600e-01
80 8.752520e-01 9.760000e-03 1.149880e-01
81 8.734920e-01 9.876000e-03 1.166320e-01
82 8.717480e-01 1.002800e-02 1.182240e-01
83 8.699720e-01 1.008000e-02 1.199480e-01
84 8.682400e-01 9.956000e-03 1.218040e-01
85 8.663480e-01 1.028400e-02 1.233680e-01
86 8.644960e-01 1.028400e-02 1.252200e-01
87 8.628840e-01 1.029600e-02 1.268200e-01
88 8.611040e-01 1.034400e-02 1.285520e-01
89 8.591400e-01 1.066000e-02 1.302000e-01
90 8.571400e-01 1.078000e-02 1.320800e-01
91 8.553400e-01 1.083200e-02 1.338280e-01
92 8.535240e-01 1.070000e-02 1.357760e-01
93 8.517800e-01 1.067200e-02 1.375480e-01
94 8.498360e-01 1.069600e-02 1.394680e-01
95 8.482320e-01 1.044400e-02 1.413240e-01
96 8.464520e-01 1.039600e-02 1.431520e-01
97 8.447560e-01 1.039200e-02 1.448520e-01
98 8.429800e-01 1.021200e-02 1.468080e-01
99 8.412360e-01 1.028400e-02 1.484800e-01
100 8.394120e-01 1.034000e-02 1.502480e-01
101 8.376080e-01 1.032400e-02 1.520680e-01
102 8.358920e-01 1.033600e-02 1.537720e-01
103 8.341200e-01 1.022800e-02 1.556520e-01
104 8.325040e-01 1.001200e-02 1.574840e-01
105 8.309320e-01 9.804000e-03 1.592640e-01
106 8.292680e-01 9.684000e-03 1.610480e-01
107 8.277320e-01 9.544000e-03 1.627240e-01
108 8.261640e-01 9.544000e-03 1.642920e-01
109 8.245440e-01 9.512000e-03 1.659440e-01
110 8.229240e-01 9.448000e-03 1.676280e-01
111 8.213160e-01 9.248000e-03 1.694360e-01
112 8.196680e-01 9.220000e-03 1.711120e-01
113 8.180920e-01 9.248000e-03 1.726600e-01
114 8.165680e-01 9.252000e-03 1.741800e-01
115 8.148880e-01 9.208000e-03 1.759040e-01
116 8.131560e-01 9.416000e-03 1.774280e-01
117 8.116360e-01 9.280000e-03 1.790840e-01
118 8.101240e-01 9.236000e-03 1.806400e-01
119 8.085120e-01 9.236000e-03 1.822520e-01
120 8.070720e-01 9.028000e-03 1.839000e-01
121 8.056280e-01 8.880000e-03 1.854920e-01
122 8.041960e-01 8.728000e-03 1.870760e-01
123 8.027680e-01 8.564000e-03 1.886680e-01
124 8.013600e-01 8.552000e-03 1.900880e-01
125 7.998760e-01 8.676000e-03 1.914480e-01
126 7.983280e-01 8.636000e-03 1.930360e-01
127 7.968320e-01 8.552000e-03 1.946160e-01
128 7.952720e-01 8.688000e-03 1.960400e-01
129 7.937040e-01 8.788000e-03 1.975080e-01
130 7.923080e-01 8.708000e-03 1.989840e-01
131 7.910120e-01 8.488000e-03 2.005000e-01
132 7.895440e-01 8.504000e-03 2.019520e-01
133 7.882480e-01 8.256000e-03 2.034960e-01
134 7.867720e-01 8.384000e-03 2.048440e-01
135 7.853960e-01 8.292000e-03 2.063120e-01
136 7.842040e-01 8.112000e-03 2.076840e-01
137 7.827840e-01 8.088000e-03 2.091280e-01
138 7.815080e-01 7.968000e-03 2.105240e-01
139 7.802160e-01 7.928000e-03 2.118560e-01
140 7.788840e-01 7.828000e-03 2.132880e-01
141 7.775640e-01 7.708000e-03 2.147280e-01
142 7.760920e-01 7.832000e-03 2.160760e-01
143 7.746800e-01 7.816000e-03 2.175040e-01
144 7.734320e-01 7.676000e-03 2.188920e-01
145 7.720480e-01 7.768000e-03 2.201840e-01
146 7.705920e-01 7.920000e-03 2.214880e-01
147 7.691200e-01 7.940000e-03 2.229400e-01
148 7.678080e-01 7.792000e-03 2.244000e-01
149 7.665040e-01 7.728000e-03 2.257680e-01
150 7.650680e-01 7.736000e-03 2.271960e-01
151 7.638120e-01 7.704000e-03 2.284840e-01
152 7.625760e-01 7.520000e-03 2.299040e-01
153 7.611520e-01 7.640000e-03 2.312080e-01
154 7.598520e-01 7.608000e-03 2.325400e-01
155 7.586720e-01 7.412000e-03 2.339160e-01
156 7.575240e-01 7.336000e-03 2.351400e-01
157 7.563200e-01 7.316000e-03 2.363640e-01
158 7.550240e-01 7.324000e-03 2.376520e-01
159 7.536880e-01 7.432000e-03 2.388800e-01
160 7.525320e-01 7.364000e-03 2.401040e-01
161 7.512600e-01 7.388000e-03 2.413520e-01
162 7.500000e-01 7.424000e-03 2.425760e-01
163 7.486920e-01 7.492000e-03 2.438160e-01
164 7.475680e-01 7.256000e-03 2.451760e-01
165 7.464360e-01 7.052000e-03 2.465120e-01
166 7.452200e-01 7.020000e-03 2.477600e-01
167 7.441200e-01 6.900000e-03 2.489800e-01
168 7.429080e-01 6.916000e-03 2.501760e-01
169 7.418600e-01 6.748000e-03 2.513920e-01
170 7.407840e-01 6.632000e-03 2.525840e-01
171 7.398680e-01 6.308000e-03 2.538240e-01
172 7.389080e-01 6.264000e-03 2.548280e-01
173 7.378240e-01 6.328000e-03 2.558480e-01
174 7.368480e-01 6.220000e-03 2.569320e-01
175 7.359400e-01 6.068000e-03 2.579920e-01
176 7.350320e-01 5.880000e-03 2.590880e-01
177 7.340440e-01 5.848000e-03 2.601080e-01
178 7.329800e-01 5.892000e-03 2.611280e-01
179 7.320040e-01 5.892000e-03 2.621040e-01
180 7.309960e-01 5.756000e-03 2.632480e-01
181 7.300320e-01 5.676000e-03 2.642920e-01
182 7.291600e-01 5.556000e-03 2.652840e-01
183 7.282320e-01 5.604000e-03 2.661640e-01
184 7.273760e-01 5.508000e-03 2.671160e-01
185 7.265280e-01 5.460000e-03 2.680120e-01
186 7.257920e-01 5.320000e-03 2.688880e-01
187 7.249640e-01 5.272000e-03 2.697640e-01
188 7.240840e-01 5.328000e-03 2.705880e-01
189 7.232000e-01 5.244000e-03 2.715560e-01
190 7.223720e-01 5.272000e-03 2.723560e-01
191 7.215360e-01 5.108000e-03 2.733560e-01
192 7.205880e-01 5.132000e-03 2.742800e-01
193 7.196000e-01 5.252000e-03 2.751480e-01
194 7.187560e-01 5.188000e-03 2.760560e-01
195 7.179080e-01 5.228000e-03 2.768640e-01
196 7.169840e-01 5.260000e-03 2.777560e-01
197 7.161720e-01 5.124000e-03 2.787040e-01
198 7.153920e-01 5.044000e-03 2.795640e-01
199 7.145080e-01 5.032000e-03 2.804600e-01
200 7.135920e-01 5.088000e-03 2.813200e-01
201 7.127480e-01 5.024000e-03 2.822280e-01
202 7.119360e-01 4.980000e-03 2.830840e-01
203 7.109880e-01 5.064000e-03 2.839480e-01
204 7.100240e-01 5.072000e-03 2.849040e-01
205 7.090000e-01 5.156000e-03 2.858440e-01
206 7.081360e-01 5.064000e-03 2.868000e-01
207 7.072000e-01 5.196000e-03 2.876040e-01
208 7.063480e-01 5.096000e-03 2.885560e-01
209 7.054000e-01 5.060000e-03 2.895400e-01
210 7.045000e-01 5.040000e-03 2.904600e-01
211 7.036480e-01 4.952000e-03 2.914000e-01
212 7.027280e-01 4.904000e-03 2.923680e-01
213 7.019160e-01 4.868000e-03 2.932160e-01
214 7.011840e-01 4.668000e-03 2.941480e-01
215 7.004120e-01 4.572000e-03 2.950160e-01
216 6.996560e-01 4.524000e-03 2.958200e-01
217 6.989400e-01 4.580000e-03 2.964800e-01
218 6.980920e-01 4.592000e-03 2.973160e-01
219 6.973680e-01 4.472000e-03 2.981600e-01
220 6.965240e-01 4.512000e-03 2.989640e-01
221 6.958040e-01 4.412000e-03 2.997840e-01
222 6.950120e-01 4.444000e-03 3.005440e-01
223 6.941640e-01 4.536000e-03 3.013000e-01
224 6.933720e-01 4.584000e-03 3.020440e-01
225 6.925200e-01 4.648000e-03 3.028320e-01
226 6.918440e-01 4.628000e-03 3.035280e-01
227 6.911120e-01 4.652000e-03 3.042360e-01
228 6.903680e-01 4.592000e-03 3.050400e-01
229 6.896680e-01 4.532000e-03 3.058000e-01
230 6.890720e-01 4.424000e-03 3.065040e-01
231 6.883200e-01 4.476000e-03 3.072040e-01
232 6.876520e-01 4.372000e-03 3.079760e-01
233 6.870120e-01 4.264000e-03 3.087240e-01
234 6.863600e-01 4.128000e-03 3.095120e-01
235 6.857400e-01 3.996000e-03 3.102640e-01
236 6.849320e-01 4.084000e-03 3.109840e-01
237 6.843240e-01 4.016000e-03 3.116600e-01
238 6.837080e-01 3.948000e-03 3.123440e-01
239 6.830320e-01 3.956000e-03 3.130120e-01
240 6.823760e-01 3.916000e-03 3.137080e-01
241 6.817360e-01 3.776000e-03 3.144880e-01
242 6.811200e-01 3.688000e-03 3.151920e-01
243 6.805680e-01 3.576000e-03 3.158560e-01
244 6.800360e-01 3.436000e-03 3.165280e-01
245 6.795640e-01 3.308000e-03 3.171280e-01
246 6.790840e-01 3.204000e-03 3.177120e-01
247 6.785600e-01 3.248000e-03 3.181920e-01
248 6.780640e-01 3.224000e-03 3.187120e-01
249 6.775960e-01 3.128000e-03 3.192760e-01
250 6.770800e-01 3.096000e-03 3.198240e-01
251 6.765320e-01 3.100000e-03 3.203680e-01
252 6.759800e-01 3.036000e-03 3.209840e-01
253 6.754440e-01 3.080000e-03 3.214760e-01
254 6.748040e-01 3.076000e-03 3.221200e-01
255 6.741600e-01 3.160000e-03 3.226800e-01
256 6.736400e-01 3.092000e-03 3.232680e-01
257 6.731240e-01 3.068000e-03 3.238080e-01
258 6.727400e-01 2.884000e-03 3.243760e-01
259 6.723040e-01 2.880000e-03 3.248160e-01
260 6.718400e-01 2.836000e-03 3.253240e-01
261 6.713720e-01 2.808000e-03 3.258200e-01
262 6.708880e-01 2.808000e-03 3.263040e-01
263 6.704600e-01 2.776000e-03 3.267640e-01
264 6.699840e-01 2.800000e-03 3.272160e-01
265 6.696320e-01 2.672000e-03 3.276960e-01
266 6.690920e-01 2.748000e-03 3.281600e-01
267 6.686440e-01 2.736000e-03 3.286200e-01
268 6.682600e-01 2.576000e-03 3.291640e-01
269 6.679280e-01 2.460000e-03 3.296120e-01
270 6.675200e-01 2.428000e-03 3.300520e-01
271 6.670280e-01 2.420000e-03 3.305520e-01
272 6.666440e-01 2.404000e-03 3.309520e-01
273 6.661560e-01 2.436000e-03 3.314080e-01
274 6.657280e-01 2.524000e-03 3.317480e-01
275 6.652480e-01 2.564000e-03 3.321880e-01
276 6.648520e-01 2.512000e-03 3.326360e-01
277 6.644640e-01 2.484000e-03 3.330520e-01
278 6.639560e-01 2.624000e-03 3.334200e-01
279 6.633840e-01 2.772000e-03 3.338440e-01
280 6.628360e-01 2.828000e-03 3.343360e-01
281 6.624080e-01 2.696000e-03 3.348960e-01
282 6.619120e-01 2.744000e-03 3.353440e-01
283 6.614520e-01 2.660000e-03 3.358880e-01
284 6.609960e-01 2.656000e-03 3.363480e-01
285 6.605400e-01 2.632000e-03 3.368280e-01
286 6.600720e-01 2.684000e-03 3.372440e-01
287 6.596240e-01 2.636000e-03 3.377400e-01
288 6.590400e-01 2.772000e-03 3.381880e-01
289 6.584560e-01 2.884000e-03 3.386600e-01
290 6.579440e-01 2.796000e-03 3.392600e-01
291 6.574280e-01 2.844000e-03 3.397280e-01
292 6.568800e-01 2.848000e-03 3.402720e-01
293 6.563520e-01 2.876000e-03 3.407720e-01
294 6.557760e-01 2.964000e-03 3.412600e-01
295 6.551640e-01 3.044000e-03 3.417920e-01
296 6.546200e-01 2.980000e-03 3.424000e-01
297 6.540200e-01 3.060000e-03 3.429200e-01
298 6.534040e-01 3.192000e-03 3.434040e-01
299 6.528360e-01 3.196000e-03 3.439680e-01
300 6.523400e-01 3.148000e-03 3.445120e-01
301 6.518040e-01 3.100000e-03 3.450960e-01
302 6.512880e-01 3.124000e-03 3.455880e-01
303 6.507960e-01 3.036000e-03 3.461680e-01
304 6.503360e-01 2.944000e-03 3.467200e-01
305 6.498480e-01 2.920000e-03 3.472320e-01
306 6.494440e-01 2.800000e-03 3.477560e-01
307 6.488280e-01 2.940000e-03 3.482320e-01
308 6.482880e-01 2.992000e-03 3.487200e-01
309 6.477720e-01 3.032000e-03 3.491960e-01
310 6.471800e-01 3.120000e-03 3.497000e-01
311 6.465960e-01 3.096000e-03 3.503080e-01
312 6.460280e-01 3.136000e-03 3.508360e-01
313 6.453680e-01 3.232000e-03 3.514000e-01
314 6.447920e-01 3.280000e-03 3.519280e-01
315 6.442040e-01 3.396000e-03 3.524000e-01
316 6.435960e-01 3.436000e-03 3.529680e-01
317 6.430240e-01 3.352000e-03 3.536240e-01
318 6.425680e-01 3.200000e-03 3.542320e-01
319 6.420640e-01 3.208000e-03 3.547280e-01
320 6.415120e-01 3.184000e-03 3.553040e-01
321 6.408720e-01 3.284000e-03 3.558440e-01
322 6.402800e-01 3.288000e-03 3.564320e-01
323 6.395720e-01 3.408000e-03 3.570200e-01
324 6.389960e-01 3.368000e-03 3.576360e-01
325 6.383480e-01 3.460000e-03 3.581920e-01
326 6.378360e-01 3.352000e-03 3.588120e-01
327 6.372440e-01 3.428000e-03 3.593280e-01
328 6.365680e-01 3.580000e-03 3.598520e-01
329 6.359200e-01 3.652000e-03 3.604280e-01
330 6.352600e-01 3.636000e-03 3.611040e-01
331 6.346440e-01 3.592000e-03 3.617640e-01
332 6.340440e-01 3.508000e-03 3.624480e-01
333 6.334920e-01 3.524000e-03 3.629840e-01
334 6.329240e-01 3.564000e-03 3.635120e-01
335 6.322800e-01 3.532000e-03 3.641880e-01
336 6.317480e-01 3.448000e-03 3.648040e-01
337 6.312080e-01 3.408000e-03 3.653840e-01
338 6.306560e-01 3.356000e-03 3.659880e-01
339 6.301600e-01 3.296000e-03 3.665440e-01
340 6.297040e-01 3.216000e-03 3.670800e-01
341 6.291640e-01 3.164000e-03 3.676720e-01
342 6.286960e-01 3.116000e-03 3.681880e-01
343 6.282680e-01 2.936000e-03 3.687960e-01
344 6.278240e-01 2.832000e-03 3.693440e-01
345 6.273680e-01 2.756000e-03 3.698760e-01
346 6.269120e-01 2.712000e-03 3.703760e-01
347 6.264600e-01 2.616000e-03 3.709240e-01
348 6.260720e-01 2.560000e-03 3.713680e-01
349 6.257000e-01 2.512000e-03 3.717880e-01
350 6.253360e-01 2.416000e-03 3.722480e-01
351 6.249360e-01 2.408000e-03 3.726560e-01
352 6.245240e-01 2.444000e-03 3.730320e-01
353 6.241280e-01 2.440000e-03 3.734320e-01
354 6.237200e-01 2.372000e-03 3.739080e-01
355 6.232600e-01 2.404000e-03 3.743360e-01
356 6.228080e-01 2.416000e-03 3.747760e-01
357 6.223840e-01 2.428000e-03 3.751880e-01
358 6.219560e-01 2.376000e-03 3.756680e-01
359 6.216120e-01 2.356000e-03 3.760320e-01
360 6.212000e-01 2.376000e-03 3.764240e-01
361 6.208040e-01 2.324000e-03 3.768720e-01
362 6.203440e-01 2.364000e-03 3.772920e-01
363 6.198920e-01 2.404000e-03 3.777040e-01
364 6.195160e-01 2.372000e-03 3.781120e-01
365 6.191560e-01 2.288000e-03 3.785560e-01
366 6.187240e-01 2.264000e-03 3.790120e-01
367 6.183000e-01 2.232000e-03 3.794680e-01
368 6.178320e-01 2.268000e-03 3.799000e-01
369 6.174800e-01 2.268000e-03 3.802520e-01
370 6.169840e-01 2.340000e-03 3.806760e-01
371 6.165680e-01 2.356000e-03 3.810760e-01
372 6.161640e-01 2.336000e-03 3.815000e-01
373 6.157520e-01 2.328000e-03 3.819200e-01
374 6.153320e-01 2.348000e-03 3.823200e-01
375 6.148880e-01 2.408000e-03 3.827040e-01
376 6.144480e-01 2.428000e-03 3.831240e-01
377 6.140880e-01 2.352000e-03 3.835600e-01
378 6.136840e-01 2.392000e-03 3.839240e-01
379 6.133640e-01 2.272000e-03 3.843640e-01
380 6.130040e-01 2.224000e-03 3.847720e-01
381 6.126600e-01 2.252000e-03 3.850880e-01
382 6.123000e-01 2.232000e-03 3.854680e-01
383 6.118920e-01 2.276000e-03 3.858320e-01
384 6.115200e-01 2.300000e-03 3.861800e-01
385 6.112040e-01 2.260000e-03 3.865360e-01
386 6.108320e-01 2.216000e-03 3.869520e-01
387 6.104760e-01 2.180000e-03 3.873440e-01
388 6.101040e-01 2.152000e-03 3.877440e-01
389 6.097760e-01 2.072000e-03 3.881520e-01
390 6.093800e-01 2.040000e-03 3.885800e-01
391 6.090640e-01 2.040000e-03 3.888960e-01
392 6.087360e-01 2.044000e-03 3.892200e-01
393 6.083520e-01 2.024000e-03 3.896240e-01
394 6.080320e-01 1.984000e-03 3.899840e-01
395 6.077160e-01 1.976000e-03 3.903080e-01
396 6.073040e-01 2.112000e-03 3.905840e-01
397 6.069200e-01 2.176000e-03 3.909040e-01
398 6.065360e-01 2.184000e-03 3.912800e-01
399 6.061720e-01 2.172000e-03 3.916560e-01
400 6.057360e-01 2.252000e-03 3.920120e-01
401 6.053040e-01 2.256000e-03 3.924400e-01
402 6.049480e-01 2.240000e-03 3.928120e-01
403 6.045280e-01 2.288000e-03 3.931840e-01
404 6.040960e-01 2.384000e-03 3.935200e-01
405 6.037240e-01 2.296000e-03 3.939800e-01
406 6.032960e-01 2.280000e-03 3.944240e-01
407 6.029120e-01 2.220000e-03 3.948680e-01
408 6.025800e-01 2.168000e-03 3.952520e-01
409 6.022840e-01 2.132000e-03 3.955840e-01
410 6.020040e-01 2.020000e-03 3.959760e-01
411 6.016600e-01 2.020000e-03 3.963200e-01
412 6.013920e-01 1.932000e-03 3.966760e-01
413 6.010000e-01 2.012000e-03 3.969880e-01
414 6.006160e-01 2.028000e-03 3.973560e-01
415 6.003120e-01 1.976000e-03 3.977120e-01
416 6.000600e-01 1.840000e-03 3.981000e-01
417 5.997600e-01 1.832000e-03 3.984080e-01
418 5.994800e-01 1.768000e-03 3.987520e-01
419 5.991360e-01 1.812000e-03 3.990520e-01
420 5.987760e-01 1.848000e-03 3.993760e-01
421 5.983440e-01 1.900000e-03 3.997560e-01
422 5.979440e-01 1.952000e-03 4.001040e-01
423 5.975840e-01 1.920000e-03 4.004960e-01
424 5.971840e-01 1.980000e-03 4.008360e-01
425 5.968840e-01 1.960000e-03 4.011560e-01
426 5.965600e-01 1.960000e-03 4.014800e-01
427 5.962840e-01 1.940000e-03 4.017760e-01
428 5.960320e-01 1.864000e-03 4.021040e-01
429 5.956760e-01 1.904000e-03 4.024200e-01
430 5.953440e-01 1.864000e-03 4.027920e-01
431 5.950080e-01 1.900000e-03 4.030920e-01
432 5.946960e-01 1.876000e-03 4.034280e-01
433 5.944440e-01 1.752000e-03 4.038040e-01
434 5.941720e-01 1.732000e-03 4.040960e-01
435 5.939520e-01 1.628000e-03 4.044200e-01
436 5.935880e-01 1.700000e-03 4.047120e-01
437 5.933440e-01 1.664000e-03 4.049920e-01
438 5.930320e-01 1.684000e-03 4.052840e-01
439 5.926880e-01 1.696000e-03 4.056160e-01
440 5.924000e-01 1.712000e-03 4.058880e-01
441 5.921280e-01 1.652000e-03 4.062200e-01
442 5.918320e-01 1.676000e-03 4.064920e-01
443 5.915640e-01 1.596000e-03 4.068400e-01
444 5.913400e-01 1.560000e-03 4.071000e-01
445 5.910920e-01 1.496000e-03 4.074120e-01
446 5.908040e-01 1.528000e-03 4.076680e-01
447 5.905800e-01 1.464000e-03 4.079560e-01
448 5.903120e-01 1.428000e-03 4.082600e-01
449 5.900680e-01 1.444000e-03 4.084880e-01
450 5.897720e-01 1.488000e-03 4.087400e-01
451 5.895440e-01 1.436000e-03 4.090200e-01
452 5.893520e-01 1.372000e-03 4.092760e-01
453 5.890800e-01 1.400000e-03 4.095200e-01
454 5.888640e-01 1.408000e-03 4.097280e-01
455 5.885920e-01 1.476000e-03 4.099320e-01
456 5.883520e-01 1.448000e-03 4.102000e-01
457 5.880880e-01 1.492000e-03 4.104200e-01
458 5.878720e-01 1.464000e-03 4.106640e-01
459 5.876400e-01 1.480000e-03 4.108800e-01
460 5.873720e-01 1.500000e-03 4.111280e-01
461 5.871240e-01 1.480000e-03 4.113960e-01
462 5.869200e-01 1.420000e-03 4.116600e-01
463 5.866600e-01 1.376000e-03 4.119640e-01
464 5.864160e-01 1.408000e-03 4.121760e-01
465 5.861560e-01 1.444000e-03 4.124000e-01
466 5.859120e-01 1.452000e-03 4.126360e-01
467 5.856080e-01 1.512000e-03 4.128800e-01
468 5.853560e-01 1.496000e-03 4.131480e-01
469 5.851000e-01 1.504000e-03 4.133960e-01
470 5.848960e-01 1.472000e-03 4.136320e-01
471 5.846960e-01 1.432000e-03 4.138720e-01
472 5.844080e-01 1.404000e-03 4.141880e-01
473 5.841480e-01 1.424000e-03 4.144280e-01
474 5.839080e-01 1.400000e-03 4.146920e-01
475 5.836320e-01 1.440000e-03 4.149280e-01
476 5.833440e-01 1.456000e-03 4.152000e-01
477 5.831000e-01 1.456000e-03 4.154440e-01
478 5.829000e-01 1.404000e-03 4.156960e-01
479 5.826640e-01 1.396000e-03 4.159400e-01
480 5.824880e-01 1.308000e-03 4.162040e-01
481 5.822680e-01 1.272000e-03 4.164600e-01
482 5.820520e-01 1.300000e-03 4.166480e-01
483 5.818200e-01 1.304000e-03 4.168760e-01
484 5.815200e-01 1.380000e-03 4.171000e-01
485 5.813240e-01 1.388000e-03 4.172880e-01
486 5.811320e-01 1.376000e-03 4.174920e-01
487 5.809520e-01 1.312000e-03 4.177360e-01
488 5.807360e-01 1.304000e-03 4.179600e-01
489 5.804600e-01 1.372000e-03 4.181680e-01
490 5.802040e-01 1.392000e-03 4.184040e-01
491 5.800200e-01 1.316000e-03 4.186640e-01
492 5.798000e-01 1.320000e-03 4.188800e-01
493 5.795400e-01 1.332000e-03 4.191280e-01
494 5.793440e-01 1.328000e-03 4.193280e-01
495 5.792160e-01 1.264000e-03 4.195200e-01
496 5.790200e-01 1.248000e-03 4.197320e-01
497 5.788120e-01 1.212000e-03 4.199760e-01
498 5.786120e-01 1.192000e-03 4.201960e-01
499 5.784400e-01 1.144000e-03 4.204160e-01
500 5.782800e-01 1.136000e-03 4.205840e-01
