1 9.992680e-01 6.320000e-04 1.000000e-04
2 9.988000e-01 9.280000e-04 2.720000e-04
3 9.982000e-01 1.280000e-03 5.200000e-04
4 9.975480e-01 1.680000e-03 7.720000e-04
5 9.968760e-01 2.060000e-03 1.064000e-03
6 9.961400e-01 2.440000e-03 1.420000e-03
7 9.953880e-01 2.720000e-03 1.892000e-03
8 9.946360e-01 3.000000e-03 2.364000e-03
9 9.938920e-01 3.220000e-03 2.888000e-03
10 9.931320e-01 3.380000e-03 3.488000e-03
11 9.921960e-01 3.744000e-03 4.060000e-03
12 9.911520e-01 4.108000e-03 4.740000e-03
13 9.901200e-01 4.348000e-03 5.532000e-03
14 9.891080e-01 4.592000e-03 6.300000e-03
15 9.880080e-01 4.784000e-03 7.208000e-03
16 9.869440e-01 4.960000e-03 8.096000e-03
17 9.857160e-01 5.444000e-03 8.840000e-03
18 9.844840e-01 5.536000e-03 9.980000e-03
19 9.832200e-01 5.864000e-03 1.091600e-02
20 9.819000e-01 6.220000e-03 1.188000e-02
21 9.805680e-01 6.420000e-03 1.301200e-02
22 9.792480e-01 6.584000e-03 1.416800e-02
23 9.779240e-01 6.772000e-03 1.530400e-02
24 9.766440e-01 6.804000e-03 1.655200e-02
25 9.753320e-01 6.928000e-03 1.774000e-02
26 9.739360e-01 7.100000e-03 1.896400e-02
27 9.725280e-01 7.180000e-03 2.029200e-02
28 9.710960e-01 7.500000e-03 2.140400e-02
29 9.695920e-01 7.708000e-03 2.270000e-02
30 9.681800e-01 7.840000e-03 2.398000e-02
31 9.667240e-01 7.900000e-03 2.537600e-02
32 9.651640e-01 8.252000e-03 2.658400e-02
33 9.635640e-01 8.412000e-03 2.802400e-02
34 9.619720e-01 8.496000e-03 2.953200e-02
35 9.603560e-01 8.564000e-03 3.108000e-02
36 9.588040e-01 8.444000e-03 3.275200e-02
37 9.570800e-01 8.708000e-03 3.421200e-02
38 9.556520e-01 8.528000e-03 3.582000e-02
39 9.541480e-01 8.656000e-03 3.719600e-02
40 9.525560e-01 8.800000e-03 3.864400e-02
41 9.510440e-01 8.824000e-03 4.013200e-02
42 9.495840e-01 8.740000e-03 4.167600e-02
43 9.478560e-01 8.964000e-03 4.318000e-02
44 9.461280e-01 9.060000e-03 4.481200e-02
45 9.445840e-01 8.996000e-03 4.642000e-02
46 9.430840e-01 8.884000e-03 4.803200e-02
47 9.415120e-01 8.880000e-03 4.960800e-02
48 9.399480e-01 8.880000e-03 5.117200e-02
49 9.382240e-01 9.012000e-03 5.276400e-02
50 9.364920e-01 9.188000e-03 5.432000e-02
51 9.348320e-01 9.260000e-03 5.590800e-02
52 9.329600e-01 9.596000e-03 5.744400e-02
53 9.310320e-01 9.928000e-03 5.904000e-02
54 9.291120e-01 9.984000e-03 6.090400e-02
55 9.272400e-01 1.010000e-02 6.266000e-02
56 9.253960e-01 1.011600e-02 6.448800e-02
57 9.237480e-01 9.908000e-03 6.634400e-02
58 9.218920e-01 1.003600e-02 6.807200e-02
59 9.201920e-01 9.932000e-03 6.987600e-02
60 9.185520e-01 9.812000e-03 7.163600e-02
61 9.167280e-01 9.948000e-03 7.332400e-02
62 9.149400e-01 1.001600e-02 7.504400e-02
63 9.132120e-01 1.010000e-02 7.668800e-02
64 9.113960e-01 1.008400e-02 7.852000e-02
65 9.096800e-01 1.004800e-02 8.027200e-02
66 9.080840e-01 9.916000e-03 8.200000e-02
67 9.065520e-01 9.668000e-03 8.378000e-02
68 9.050600e-01 9.544000e-03 8.539600e-02
69 9.033600e-01 9.520000e-03 8.712000e-02
70 9.018280e-01 9.436000e-03 8.873600e-02
71 9.003040e-01 9.368000e-03 9.032800e-02
72 8.988720e-01 9.108000e-03 9.202000e-02
73 8.973600e-01 9.108000e-03 9.353200e-02
74 8.958280e-01 9.024000e-03 9.514800e-02
75 8.943160e-01 8.944000e-03 9.674000e-02
76 8.927280e-01 9.092000e-03 9.818000e-02
77 8.914200e-01 8.740000e-03 9.984000e-02
78 8.897800e-01 8.748000e-03 1.014720e-01
79 8.883320e-01 8.688000e-03 1.029800e-01
80 8.867200e-01 8.704000e-03 1.045760e-01
81 8.852800e-01 8.712000e-03 1.060080e-01
82 8.836760e-01 9.016000e-03 1.073080e-01
83 8.821840e-01 8.896000e-03 1.089200e-01
84 8.807280e-01 8.876000e-03 1.103960e-01
85 8.793160e-01 8.736000e-03 1.119480e-01
86 8.780320e-01 8.592000e-03 1.133760e-01
87 8.766240e-01 8.544000e-03 1.148320e-01
88 8.752880e-01 8.204000e-03 1.165080e-01
89 8.739360e-01 8.160000e-03 1.179040e-01
90 8.724440e-01 8.232000e-03 1.193240e-01
91 8.709920e-01 8.220000e-03 1.207880e-01
92 8.694120e-01 8.412000e-03 1.221760e-01
93 8.679640e-01 8.352000e-03 1.236840e-01
94 8.665240e-01 8.356000e-03 1.251200e-01
95 8.650680e-01 8.360000e-03 1.265720e-01
96 8.635520e-01 8.352000e-03 1.280960e-01
97 8.619960e-01 8.528000e-03 1.294760e-01
98 8.604440e-01 8.648000e-03 1.309080e-01
99 8.589080e-01 8.764000e-03 1.323280e-01
100 8.572680e-01 8.872000e-03 1.338600e-01
101 8.557400e-01 8.888000e-03 1.353720e-01
102 8.541640e-01 8.980000e-03 1.368560e-01
103 8.525960e-01 8.880000e-03 1.385240e-01
104 8.509160e-01 8.892000e-03 1.401920e-01
105 8.492840e-01 9.060000e-03 1.416560e-01
106 8.479840e-01 8.792000e-03 1.432240e-01
107 8.465080e-01 8.704000e-03 1.447880e-01
108 8.450600e-01 8.476000e-03 1.464640e-01
109 8.438120e-01 8.296000e-03 1.478920e-01
110 8.424760e-01 8.332000e-03 1.491920e-01
111 8.411480e-01 8.164000e-03 1.506880e-01
112 8.398520e-01 8.084000e-03 1.520640e-01
113 8.383800e-01 8.144000e-03 1.534760e-01
114 8.368520e-01 8.236000e-03 1.549120e-01
115 8.353400e-01 8.268000e-03 1.563920e-01
116 8.338560e-01 8.252000e-03 1.578920e-01
117 8.324000e-01 8.348000e-03 1.592520e-01
118 8.309800e-01 8.160000e-03 1.608600e-01
119 8.295320e-01 8.212000e-03 1.622560e-01
120 8.280200e-01 8.272000e-03 1.637080e-01
121 8.264440e-01 8.380000e-03 1.651760e-01
122 8.249360e-01 8.432000e-03 1.666320e-01
123 8.236480e-01 8.272000e-03 1.680800e-01
124 8.224600e-01 7.980000e-03 1.695600e-01
125 8.212440e-01 7.816000e-03 1.709400e-01
126 8.200800e-01 7.640000e-03 1.722800e-01
127 8.189080e-01 7.444000e-03 1.736480e-01
128 8.177040e-01 7.380000e-03 1.749160e-01
129 8.165280e-01 7.220000e-03 1.762520e-01
130 8.154480e-01 7.048000e-03 1.775040e-01
131 8.142200e-01 7.084000e-03 1.786960e-01
132 8.130080e-01 7.128000e-03 1.798640e-01
133 8.118760e-01 7.052000e-03 1.810720e-01
134 8.108520e-01 6.904000e-03 1.822440e-01
135 8.096520e-01 6.772000e-03 1.835760e-01
136 8.082840e-01 6.984000e-03 1.847320e-01
137 8.069640e-01 7.016000e-03 1.860200e-01
138 8.056800e-01 6.996000e-03 1.873240e-01
139 8.044680e-01 6.900000e-03 1.886320e-01
140 8.032840e-01 6.900000e-03 1.898160e-01
141 8.020400e-01 6.944000e-03 1.910160e-01
142 8.008040e-01 6.976000e-03 1.922200e-01
143 7.994160e-01 7.144000e-03 1.934400e-01
144 7.980640e-01 7.192000e-03 1.947440e-01
145 7.967520e-01 7.248000e-03 1.960000e-01
146 7.954240e-01 7.284000e-03 1.972920e-01
147 7.940560e-01 7.316000e-03 1.986280e-01
148 7.927080e-01 7.372000e-03 1.999200e-01
149 7.913440e-01 7.508000e-03 2.011480e-01
150 7.898840e-01 7.540000e-03 2.025760e-01
151 7.885200e-01 7.636000e-03 2.038440e-01
152 7.872080e-01 7.604000e-03 2.051880e-01
153 7.858800e-01 7.612000e-03 2.065080e-01
154 7.845360e-01 7.600000e-03 2.078640e-01
155 7.831200e-01 7.736000e-03 2.091440e-01
156 7.817360e-01 7.816000e-03 2.104480e-01
157 7.803800e-01 7.820000e-03 2.118000e-01
158 7.789880e-01 7.880000e-03 2.131320e-01
159 7.776400e-01 7.896000e-03 2.144640e-01
160 7.762920e-01 7.980000e-03 2.157280e-01
161 7.748680e-01 7.972000e-03 2.171600e-01
162 7.734440e-01 7.988000e-03 2.185680e-01
163 7.721360e-01 7.840000e-03 2.200240e-01
164 7.708720e-01 7.780000e-03 2.213480e-01
165 7.695840e-01 7.784000e-03 2.226320e-01
166 7.683280e-01 7.748000e-03 2.239240e-01
167 7.671080e-01 7.628000e-03 2.252640e-01
168 7.659640e-01 7.380000e-03 2.266560e-01
169 7.649000e-01 7.200000e-03 2.279000e-01
170 7.636400e-01 7.224000e-03 2.291360e-01
171 7.625840e-01 7.028000e-03 2.303880e-01
172 7.613920e-01 7.080000e-03 2.315280e-01
173 7.602520e-01 6.988000e-03 2.327600e-01
174 7.590920e-01 6.892000e-03 2.340160e-01
175 7.578560e-01 6.948000e-03 2.351960e-01
176 7.566240e-01 6.892000e-03 2.364840e-01
177 7.555040e-01 6.928000e-03 2.375680e-01
178 7.543720e-01 6.848000e-03 2.387800e-01
179 7.531960e-01 6.896000e-03 2.399080e-01
180 7.520600e-01 6.876000e-03 2.410640e-01
181 7.509240e-01 6.740000e-03 2.423360e-01
182 7.497200e-01 6.768000e-03 2.435120e-01
183 7.486840e-01 6.608000e-03 2.447080e-01
184 7.476520e-01 6.424000e-03 2.459240e-01
185 7.465280e-01 6.452000e-03 2.470200e-01
186 7.454440e-01 6.408000e-03 2.481480e-01
187 7.444920e-01 6.320000e-03 2.491880e-01
188 7.435400e-01 6.044000e-03 2.504160e-01
189 7.426200e-01 5.936000e-03 2.514440e-01
190 7.416200e-01 5.944000e-03 2.524360e-01
191 7.406760e-01 5.924000e-03 2.534000e-01
192 7.396080e-01 5.916000e-03 2.544760e-01
193 7.385320e-01 5.968000e-03 2.555000e-01
194 7.375920e-01 5.904000e-03 2.565040e-01
195 7.365600e-01 5.956000e-03 2.574840e-01
196 7.355600e-01 5.916000e-03 2.585240e-01
197 7.346400e-01 5.712000e-03 2.596480e-01
198 7.336640e-01 5.696000e-03 2.606400e-01
199 7.326840e-01 5.740000e-03 2.615760e-01
200 7.315920e-01 5.696000e-03 2.627120e-01
201 7.306880e-01 5.672000e-03 2.636400e-01
202 7.296360e-01 5.668000e-03 2.646960e-01
203 7.285920e-01 5.772000e-03 2.656360e-01
204 7.276360e-01 5.664000e-03 2.667000e-01
205 7.267520e-01 5.532000e-03 2.677160e-01
206 7.257040e-01 5.520000e-03 2.687760e-01
207 7.248560e-01 5.332000e-03 2.698120e-01
208 7.239520e-01 5.240000e-03 2.708080e-01
209 7.230040e-01 5.244000e-03 2.717520e-01
210 7.220680e-01 5.288000e-03 2.726440e-01
211 7.212480e-01 5.308000e-03 2.734440e-01
212 7.202600e-01 5.352000e-03 2.743880e-01
213 7.193120e-01 5.376000e-03 2.753120e-01
214 7.183200e-01 5.412000e-03 2.762680e-01
215 7.173760e-01 5.340000e-03 2.772840e-01
216 7.164360e-01 5.436000e-03 2.781280e-01
217 7.156520e-01 5.192000e-03 2.791560e-01
218 7.147760e-01 5.104000e-03 2.801200e-01
219 7.139440e-01 5.020000e-03 2.810360e-01
220 7.130640e-01 4.936000e-03 2.820000e-01
221 7.121280e-01 4.932000e-03 2.829400e-01
222 7.112600e-01 4.976000e-03 2.837640e-01
223 7.105080e-01 4.864000e-03 2.846280e-01
224 7.097040e-01 4.820000e-03 2.854760e-01
225 7.090560e-01 4.628000e-03 2.863160e-01
226 7.082240e-01 4.584000e-03 2.871920e-01
227 7.074560e-01 4.528000e-03 2.880160e-01
228 7.067280e-01 4.500000e-03 2.887720e-01
229 7.059640e-01 4.508000e-03 2.895280e-01
230 7.052320e-01 4.372000e-03 2.903960e-01
231 7.045520e-01 4.308000e-03 2.911400e-01
232 7.039360e-01 4.164000e-03 2.919000e-01
233 7.032080e-01 4.124000e-03 2.926680e-01
234 7.025120e-01 4.152000e-03 2.933360e-01
235 7.018680e-01 4.084000e-03 2.940480e-01
236 7.012680e-01 3.928000e-03 2.948040e-01
237 7.005520e-01 3.976000e-03 2.954720e-01
238 6.998400e-01 3.980000e-03 2.961800e-01
239 6.991960e-01 3.904000e-03 2.969000e-01
240 6.985360e-01 3.896000e-03 2.975680e-01
241 6.979080e-01 3.796000e-03 2.982960e-01
242 6.972280e-01 3.744000e-03 2.990280e-01
243 6.965120e-01 3.812000e-03 2.996760e-01
244 6.958440e-01 3.796000e-03 3.003600e-01
245 6.949080e-01 4.080000e-03 3.010120e-01
246 6.942280e-01 3.996000e-03 3.017760e-01
247 6.934320e-01 4.132000e-03 3.024360e-01
248 6.927800e-01 4.116000e-03 3.031040e-01
249 6.920520e-01 4.136000e-03 3.038120e-01
250 6.913640e-01 4.148000e-03 3.044880e-01
251 6.906640e-01 4.160000e-03 3.051760e-01
252 6.899720e-01 4.148000e-03 3.058800e-01
253 6.893400e-01 3.988000e-03 3.066720e-01
254 6.887280e-01 3.836000e-03 3.074360e-01
255 6.880440e-01 3.900000e-03 3.080560e-01
256 6.874120e-01 3.912000e-03 3.086760e-01
257 6.868120e-01 3.852000e-03 3.093360e-01
258 6.860560e-01 4.048000e-03 3.098960e-01
259 6.852840e-01 4.108000e-03 3.106080e-01
260 6.845760e-01 4.100000e-03 3.113240e-01
261 6.838440e-01 4.156000e-03 3.120000e-01
262 6.831040e-01 4.168000e-03 3.127280e-01
263 6.823560e-01 4.200000e-03 3.134440e-01
264 6.815640e-01 4.256000e-03 3.141800e-01
265 6.809080e-01 4.148000e-03 3.149440e-01
266 6.801680e-01 4.156000e-03 3.156760e-01
267 6.794960e-01 4.152000e-03 3.163520e-01
268 6.788400e-01 4.080000e-03 3.170800e-01
269 6.782600e-01 3.932000e-03 3.178080e-01
270 6.776840e-01 3.844000e-03 3.184720e-01
271 6.770320e-01 3.816000e-03 3.191520e-01
272 6.763120e-01 3.924000e-03 3.197640e-01
273 6.757080e-01 3.892000e-03 3.204000e-01
274 6.750480e-01 3.788000e-03 3.211640e-01
275 6.745080e-01 3.748000e-03 3.217440e-01
276 6.739760e-01 3.648000e-03 3.223760e-01
277 6.734440e-01 3.524000e-03 3.230320e-01
278 6.727680e-01 3.652000e-03 3.235800e-01
279 6.722000e-01 3.524000e-03 3.242760e-01
280 6.716640e-01 3.368000e-03 3.249680e-01
281 6.711000e-01 3.328000e-03 3.255720e-01
282 6.705680e-01 3.256000e-03 3.261760e-01
283 6.699520e-01 3.328000e-03 3.267200e-01
284 6.693840e-01 3.264000e-03 3.273520e-01
285 6.688800e-01 3.176000e-03 3.279440e-01
286 6.683640e-01 3.088000e-03 3.285480e-01
287 6.678440e-01 3.048000e-03 3.291080e-01
288 6.672960e-01 3.044000e-03 3.296600e-01
289 6.667560e-01 3.060000e-03 3.301840e-01
290 6.661520e-01 3.072000e-03 3.307760e-01
291 6.656640e-01 3.012000e-03 3.313240e-01
292 6.651880e-01 2.964000e-03 3.318480e-01
293 6.645480e-01 3.028000e-03 3.324240e-01
294 6.640640e-01 2.996000e-03 3.329400e-01
295 6.635520e-01 3.024000e-03 3.334240e-01
296 6.630280e-01 2.964000e-03 3.340080e-01
297 6.625160e-01 2.964000e-03 3.345200e-01
298 6.620000e-01 2.984000e-03 3.350160e-01
299 6.615800e-01 2.908000e-03 3.355120e-01
300 6.610880e-01 2.940000e-03 3.359720e-01
301 6.607120e-01 2.872000e-03 3.364160e-01
302 6.602920e-01 2.752000e-03 3.369560e-01
303 6.599160e-01 2.636000e-03 3.374480e-01
304 6.594360e-01 2.708000e-03 3.378560e-01
305 6.589800e-01 2.648000e-03 3.383720e-01
306 6.585920e-01 2.596000e-03 3.388120e-01
307 6.582400e-01 2.524000e-03 3.392360e-01
308 6.578840e-01 2.420000e-03 3.396960e-01
309 6.574920e-01 2.392000e-03 3.401160e-01
310 6.571560e-01 2.336000e-03 3.405080e-01
311 6.567960e-01 2.304000e-03 3.409000e-01
312 6.564320e-01 2.324000e-03 3.412440e-01
313 6.560520e-01 2.288000e-03 3.416600e-01
314 6.557200e-01 2.172000e-03 3.421080e-01
315 6.554360e-01 2.084000e-03 3.424800e-01
316 6.550440e-01 2.116000e-03 3.428400e-01
317 6.546120e-01 2.168000e-03 3.432200e-01
318 6.542840e-01 2.132000e-03 3.435840e-01
319 6.538400e-01 2.208000e-03 3.439520e-01
320 6.534280e-01 2.268000e-03 3.443040e-01
321 6.529680e-01 2.308000e-03 3.447240e-01
322 6.524880e-01 2.376000e-03 3.451360e-01
323 6.521240e-01 2.304000e-03 3.455720e-01
324 6.518000e-01 2.244000e-03 3.459560e-01
325 6.514200e-01 2.172000e-03 3.464080e-01
326 6.511120e-01 2.068000e-03 3.468200e-01
327 6.508360e-01 2.064000e-03 3.471000e-01
328 6.505280e-01 1.960000e-03 3.475120e-01
329 6.502240e-01 1.884000e-03 3.478920e-01
330 6.499280e-01 1.844000e-03 3.482280e-01
331 6.496160e-01 1.844000e-03 3.485400e-01
332 6.492920e-01 1.864000e-03 3.488440e-01
333 6.489800e-01 1.844000e-03 3.491760e-01
334 6.486480e-01 1.832000e-03 3.495200e-01
335 6.482600e-01 1.872000e-03 3.498680e-01
336 6.480000e-01 1.856000e-03 3.501440e-01
337 6.477080e-01 1.780000e-03 3.505120e-01
338 6.475000e-01 1.664000e-03 3.508360e-01
339 6.472320e-01 1.612000e-03 3.511560e-01
340 6.469720e-01 1.628000e-03 3.514000e-01
341 6.466160e-01 1.712000e-03 3.516720e-01
342 6.463120e-01 1.736000e-03 3.519520e-01
343 6.460000e-01 1.780000e-03 3.522200e-01
344 6.456960e-01 1.832000e-03 3.524720e-01
345 6.452840e-01 1.972000e-03 3.527440e-01
346 6.448400e-01 2.136000e-03 3.530240e-01
347 6.445000e-01 2.064000e-03 3.534360e-01
348 6.440680e-01 2.148000e-03 3.537840e-01
349 6.436880e-01 2.196000e-03 3.541160e-01
350 6.433680e-01 2.132000e-03 3.545000e-01
351 6.430080e-01 2.108000e-03 3.548840e-01
352 6.426200e-01 2.124000e-03 3.552560e-01
353 6.422840e-01 2.072000e-03 3.556440e-01
354 6.418640e-01 2.136000e-03 3.560000e-01
355 6.415480e-01 2.112000e-03 3.563400e-01
356 6.412480e-01 2.012000e-03 3.567400e-01
357 6.408800e-01 1.980000e-03 3.571400e-01
358 6.405800e-01 1.912000e-03 3.575080e-01
359 6.403160e-01 1.864000e-03 3.578200e-01
360 6.399960e-01 1.836000e-03 3.581680e-01
361 6.396560e-01 1.812000e-03 3.585320e-01
362 6.393360e-01 1.856000e-03 3.588080e-01
363 6.390320e-01 1.848000e-03 3.591200e-01
364 6.386920e-01 1.792000e-03 3.595160e-01
365 6.383520e-01 1.780000e-03 3.598680e-01
366 6.379920e-01 1.804000e-03 3.602040e-01
367 6.376200e-01 1.880000e-03 3.605000e-01
368 6.372680e-01 1.880000e-03 3.608520e-01
369 6.369320e-01 1.880000e-03 3.611880e-01
370 6.366040e-01 1.844000e-03 3.615520e-01
371 6.363480e-01 1.720000e-03 3.619320e-01
372 6.361160e-01 1.636000e-03 3.622480e-01
373 6.358400e-01 1.608000e-03 3.625520e-01
374 6.355880e-01 1.604000e-03 3.628080e-01
375 6.352600e-01 1.628000e-03 3.631120e-01
376 6.350040e-01 1.644000e-03 3.633520e-01
377 6.346800e-01 1.696000e-03 3.636240e-01
378 6.343880e-01 1.632000e-03 3.639800e-01
379 6.340680e-01 1.632000e-03 3.643000e-01
380 6.337680e-01 1.616000e-03 3.646160e-01
381 6.335240e-01 1.576000e-03 3.649000e-01
382 6.332320e-01 1.612000e-03 3.651560e-01
383 6.329120e-01 1.648000e-03 3.654400e-01
384 6.326840e-01 1.612000e-03 3.657040e-01
385 6.324080e-01 1.580000e-03 3.660120e-01
386 6.320800e-01 1.628000e-03 3.662920e-01
387 6.317920e-01 1.588000e-03 3.666200e-01
388 6.315680e-01 1.540000e-03 3.668920e-01
389 6.312880e-01 1.588000e-03 3.671240e-01
390 6.310160e-01 1.580000e-03 3.674040e-01
391 6.307920e-01 1.568000e-03 3.676400e-01
392 6.305600e-01 1.548000e-03 3.678920e-01
393 6.303040e-01 1.516000e-03 3.681800e-01
394 6.301080e-01 1.444000e-03 3.684480e-01
395 6.299240e-01 1.424000e-03 3.686520e-01
396 6.297240e-01 1.352000e-03 3.689240e-01
397 6.295200e-01 1.368000e-03 3.691120e-01
398 6.293160e-01 1.316000e-03 3.693680e-01
399 6.291120e-01 1.292000e-03 3.695960e-01
400 6.289200e-01 1.236000e-03 3.698440e-01
401 6.287280e-01 1.224000e-03 3.700480e-01
402 6.285560e-01 1.200000e-03 3.702440e-01
403 6.283560e-01 1.224000e-03 3.704200e-01
404 6.281760e-01 1.232000e-03 3.705920e-01
405 6.279320e-01 1.236000e-03 3.708320e-01
406 6.277280e-01 1.192000e-03 3.710800e-01
407 6.275120e-01 1.192000e-03 3.712960e-01
408 6.273440e-01 1.096000e-03 3.715600e-01
409 6.271680e-01 1.088000e-03 3.717440e-01
410 6.269880e-01 1.100000e-03 3.719120e-01
411 6.268600e-01 1.048000e-03 3.720920e-01
412 6.266880e-01 1.060000e-03 3.722520e-01
413 6.265480e-01 1.036000e-03 3.724160e-01
414 6.262920e-01 1.116000e-03 3.725920e-01
415 6.260920e-01 1.156000e-03 3.727520e-01
416 6.258720e-01 1.132000e-03 3.729960e-01
417 6.256800e-01 1.084000e-03 3.732360e-01
418 6.255080e-01 1.036000e-03 3.734560e-01
419 6.253480e-01 1.032000e-03 3.736200e-01
420 6.252360e-01 9.840000e-04 3.737800e-01
421 6.250960e-01 9.600000e-04 3.739440e-01
422 6.249000e-01 1.004000e-03 3.740960e-01
423 6.247480e-01 9.040000e-04 3.743480e-01
424 6.245480e-01 9.320000e-04 3.745200e-01
425 6.244040e-01 8.560000e-04 3.747400e-01
426 6.242320e-01 9.080000e-04 3.748600e-01
427 6.240520e-01 9.320000e-04 3.750160e-01
428 6.238760e-01 9.080000e-04 3.752160e-01
429 6.236640e-01 9.640000e-04 3.753720e-01
430 6.234440e-01 1.052000e-03 3.755040e-01
431 6.231840e-01 1.068000e-03 3.757480e-01
432 6.229000e-01 1.200000e-03 3.759000e-01
433 6.226640e-01 1.252000e-03 3.760840e-01
434 6.224920e-01 1.184000e-03 3.763240e-01
435 6.223520e-01 1.136000e-03 3.765120e-01
436 6.221400e-01 1.168000e-03 3.766920e-01
437 6.219680e-01 1.108000e-03 3.769240e-01
438 6.218000e-01 1.060000e-03 3.771400e-01
439 6.215880e-01 1.112000e-03 3.773000e-01
440 6.213520e-01 1.160000e-03 3.774880e-01
441 6.211600e-01 1.124000e-03 3.777160e-01
442 6.209720e-01 1.120000e-03 3.779080e-01
443 6.208000e-01 1.072000e-03 3.781280e-01
444 6.206200e-01 1.056000e-03 3.783240e-01
445 6.204240e-01 1.060000e-03 3.785160e-01
446 6.202640e-01 1.036000e-03 3.787000e-01
447 6.201520e-01 9.600000e-04 3.788880e-01
448 6.199960e-01 9.240000e-04 3.790800e-01
449 6.198080e-01 9.800000e-04 3.792120e-01
450 6.196120e-01 9.840000e-04 3.794040e-01
451 6.195040e-01 8.880000e-04 3.796080e-01
452 6.193800e-01 8.440000e-04 3.797760e-01
453 6.192440e-01 8.280000e-04 3.799280e-01
454 6.190480e-01 8.680000e-04 3.800840e-01
455 6.188600e-01 8.640000e-04 3.802760e-01
456 6.187400e-01 9.000000e-04 3.803600e-01
457 6.185960e-01 8.640000e-04 3.805400e-01
458 6.184640e-01 8.360000e-04 3.807000e-01
459 6.183080e-01 8.120000e-04 3.808800e-01
460 6.181360e-01 8.760000e-04 3.809880e-01
461 6.179840e-01 8.720000e-04 3.811440e-01
462 6.178480e-01 8.440000e-04 3.813080e-01
463 6.177120e-01 8.440000e-04 3.814440e-01
464 6.175200e-01 8.600000e-04 3.816200e-01
465 6.173640e-01 8.360000e-04 3.818000e-01
466 6.171720e-01 8.560000e-04 3.819720e-01
467 6.169880e-01 8.440000e-04 3.821680e-01
468 6.168680e-01 8.280000e-04 3.823040e-01
469 6.167120e-01 8.480000e-04 3.824400e-01
470 6.165480e-01 8.920000e-04 3.825600e-01
471 6.164360e-01 8.160000e-04 3.827480e-01
472 6.163160e-01 8.000000e-04 3.828840e-01
473 6.161800e-01 8.000000e-04 3.830200e-01
474 6.160440e-01 8.000000e-04 3.831560e-01
475 6.159320e-01 7.280000e-04 3.833400e-01
476 6.158160e-01 7.400000e-04 3.834440e-01
477 6.156760e-01 7.480000e-04 3.835760e-01
478 6.155440e-01 7.200000e-04 3.837360e-01
479 6.154480e-01 7.240000e-04 3.838280e-01
480 6.153640e-01 7.000000e-04 3.839360e-01
481 6.152160e-01 7.200000e-04 3.840640e-01
482 6.151120e-01 6.840000e-04 3.842040e-01
483 6.150480e-01 6.560000e-04 3.842960e-01
484 6.149680e-01 6.160000e-04 3.844160e-01
485 6.148920e-01 6.160000e-04 3.844920e-01
486 6.147800e-01 5.880000e-04 3.846320e-01
487 6.146920e-01 5.840000e-04 3.847240e-01
488 6.145920e-01 5.880000e-04 3.848200e-01
489 6.144960e-01 6.000000e-04 3.849040e-01
490 6.144040e-01 6.040000e-04 3.849920e-01
491 6.143120e-01 6.040000e-04 3.850840e-01
492 6.142360e-01 5.720000e-04 3.851920e-01
493 6.141440e-01 5.640000e-04 3.852920e-01
494 6.140400e-01 5.640000e-04 3.853960e-01
495 6.138920e-01 6.400000e-04 3.854680e-01
496 6.137520e-01 6.600000e-04 3.855880e-01
497 6.136400e-01 6.680000e-04 3.856920e-01
498 6.135040e-01 6.760000e-04 3.858200e-01
499 6.134040e-01 6.480000e-04 3.859480e-01
500 6.133040e-01 6.600000e-04 3.860360e-01
