1 9.991840e-01 7.440000e-04 7.200000e-05
2 9.986720e-01 1.080000e-03 2.480000e-04
3 9.978600e-01 1.672000e-03 4.680000e-04
4 9.969400e-01 2.308000e-03 7.520000e-04
5 9.961880e-01 2.608000e-03 1.204000e-03
6 9.952920e-01 2.992000e-03 1.716000e-03
7 9.943000e-01 3.400000e-03 2.300000e-03
8 9.933600e-01 3.692000e-03 2.948000e-03
9 9.923200e-01 3.984000e-03 3.696000e-03
10 9.912440e-01 4.328000e-03 4.428000e-03
11 9.902000e-01 4.568000e-03 5.232000e-03
12 9.888840e-01 5.040000e-03 6.076000e-03
13 9.875800e-01 5.428000e-03 6.992000e-03
14 9.862760e-01 5.684000e-03 8.040000e-03
15 9.849200e-01 6.152000e-03 8.928000e-03
16 9.836640e-01 6.284000e-03 1.005200e-02
17 9.824360e-01 6.364000e-03 1.120000e-02
18 9.810040e-01 6.596000e-03 1.240000e-02
19 9.796360e-01 6.864000e-03 1.350000e-02
20 9.782960e-01 7.152000e-03 1.455200e-02
21 9.767880e-01 7.424000e-03 1.578800e-02
22 9.752440e-01 7.668000e-03 1.708800e-02
23 9.738040e-01 7.800000e-03 1.839600e-02
24 9.722320e-01 8.024000e-03 1.974400e-02
25 9.707280e-01 8.176000e-03 2.109600e-02
26 9.692640e-01 8.256000e-03 2.248000e-02
27 9.676560e-01 8.356000e-03 2.398800e-02
28 9.659720e-01 8.632000e-03 2.539600e-02
29 9.642000e-01 8.940000e-03 2.686000e-02
30 9.624520e-01 8.996000e-03 2.855200e-02
31 9.606840e-01 9.180000e-03 3.013600e-02
32 9.589400e-01 9.352000e-03 3.170800e-02
33 9.572760e-01 9.364000e-03 3.336000e-02
34 9.554920e-01 9.432000e-03 3.507600e-02
35 9.537160e-01 9.576000e-03 3.670800e-02
36 9.519760e-01 9.532000e-03 3.849200e-02
37 9.500960e-01 9.648000e-03 4.025600e-02
38 9.483520e-01 9.728000e-03 4.192000e-02
39 9.467840e-01 9.684000e-03 4.353200e-02
40 9.451360e-01 9.628000e-03 4.523600e-02
41 9.435720e-01 9.436000e-03 4.699200e-02
42 9.420120e-01 9.268000e-03 4.872000e-02
43 9.403200e-01 9.452000e-03 5.022800e-02
44 9.387320e-01 9.316000e-03 5.195200e-02
45 9.371120e-01 9.260000e-03 5.362800e-02
46 9.356520e-01 9.136000e-03 5.521200e-02
47 9.341080e-01 9.104000e-03 5.678800e-02
48 9.325720e-01 9.144000e-03 5.828400e-02
49 9.309480e-01 9.216000e-03 5.983600e-02
50 9.292640e-01 9.196000e-03 6.154000e-02
51 9.276320e-01 9.076000e-03 6.329200e-02
52 9.261200e-01 8.988000e-03 6.489200e-02
53 9.245240e-01 9.020000e-03 6.645600e-02
54 9.230000e-01 9.032000e-03 6.796800e-02
55 9.214520e-01 8.996000e-03 6.955200e-02
56 9.198320e-01 8.972000e-03 7.119600e-02
57 9.182960e-01 8.952000e-03 7.275200e-02
58 9.166000e-01 8.992000e-03 7.440800e-02
59 9.150360e-01 9.016000e-03 7.594800e-02
60 9.134160e-01 9.000000e-03 7.758400e-02
61 9.116320e-01 9.208000e-03 7.916000e-02
62 9.099840e-01 9.248000e-03 8.076800e-02
63 9.083280e-01 9.092000e-03 8.258000e-02
64 9.068040e-01 9.064000e-03 8.413200e-02
65 9.051440e-01 9.072000e-03 8.578400e-02
66 9.033920e-01 9.272000e-03 8.733600e-02
67 9.015640e-01 9.380000e-03 8.905600e-02
68 8.998240e-01 9.536000e-03 9.064000e-02
69 8.981560e-01 9.692000e-03 9.215200e-02
70 8.964880e-01 9.672000e-03 9.384000e-02
71 8.947480e-01 9.728000e-03 9.552400e-02
72 8.929680e-01 9.776000e-03 9.725600e-02
73 8.912960e-01 9.716000e-03 9.898800e-02
74 8.895160e-01 9.844000e-03 1.006400e-01
75 8.876640e-01 9.776000e-03 1.025600e-01
76 8.858520e-01 9.772000e-03 1.043760e-01
77 8.841840e-01 9.752000e-03 1.060640e-01
78 8.826280e-01 9.516000e-03 1.078560e-01
79 8.810880e-01 9.480000e-03 1.094320e-01
80 8.795920e-01 9.252000e-03 1.111560e-01
81 8.780800e-01 9.084000e-03 1.128360e-01
82 8.764480e-01 9.092000e-03 1.144600e-01
83 8.749280e-01 8.996000e-03 1.160760e-01
84 8.734160e-01 8.900000e-03 1.176840e-01
85 8.717960e-01 9.012000e-03 1.191920e-01
86 8.703840e-01 8.836000e-03 1.207800e-01
87 8.687720e-01 8.880000e-03 1.223480e-01
88 8.671840e-01 8.800000e-03 1.240160e-01
89 8.656880e-01 8.648000e-03 1.256640e-01
90 8.641480e-01 8.644000e-03 1.272080e-01
91 8.626600e-01 8.664000e-03 1.286760e-01
92 8.611000e-01 8.704000e-03 1.301960e-01
93 8.595880e-01 8.880000e-03 1.315320e-01
94 8.582560e-01 8.732000e-03 1.330120e-01
95 8.566880e-01 8.876000e-03 1.344360e-01
96 8.550360e-01 9.024000e-03 1.359400e-01
97 8.533240e-01 9.172000e-03 1.375040e-01
98 8.517120e-01 9.060000e-03 1.392280e-01
99 8.500920e-01 9.040000e-03 1.408680e-01
100 8.484320e-01 9.160000e-03 1.424080e-01
101 8.468760e-01 9.080000e-03 1.440440e-01
102 8.454320e-01 8.892000e-03 1.456760e-01
103 8.438800e-01 8.772000e-03 1.473480e-01
104 8.424800e-01 8.616000e-03 1.489040e-01
105 8.410360e-01 8.536000e-03 1.504280e-01
106 8.395680e-01 8.520000e-03 1.519120e-01
107 8.381280e-01 8.448000e-03 1.534240e-01
108 8.367640e-01 8.464000e-03 1.547720e-01
109 8.354040e-01 8.252000e-03 1.563440e-01
110 8.339960e-01 8.292000e-03 1.577120e-01
111 8.325200e-01 8.288000e-03 1.591920e-01
112 8.309920e-01 8.256000e-03 1.607520e-01
113 8.294680e-01 8.336000e-03 1.621960e-01
114 8.280920e-01 8.288000e-03 1.636200e-01
115 8.268000e-01 7.980000e-03 1.652200e-01
116 8.253640e-01 8.032000e-03 1.666040e-01
117 8.239080e-01 8.072000e-03 1.680200e-01
118 8.224360e-01 8.060000e-03 1.695040e-01
119 8.210280e-01 8.092000e-03 1.708800e-01
120 8.195920e-01 8.020000e-03 1.723880e-01
121 8.182160e-01 7.900000e-03 1.738840e-01
122 8.167960e-01 7.916000e-03 1.752880e-01
123 8.154600e-01 7.800000e-03 1.767400e-01
124 8.141520e-01 7.712000e-03 1.781360e-01
125 8.127920e-01 7.812000e-03 1.793960e-01
126 8.114280e-01 7.732000e-03 1.808400e-01
127 8.099440e-01 7.884000e-03 1.821720e-01
128 8.086520e-01 7.788000e-03 1.835600e-01
129 8.073000e-01 7.740000e-03 1.849600e-01
130 8.059440e-01 7.668000e-03 1.863880e-01
131 8.046200e-01 7.616000e-03 1.877640e-01
132 8.033760e-01 7.560000e-03 1.890640e-01
133 8.019240e-01 7.644000e-03 1.904320e-01
134 8.004760e-01 7.700000e-03 1.918240e-01
135 7.990080e-01 7.816000e-03 1.931760e-01
136 7.975320e-01 7.912000e-03 1.945560e-01
137 7.960120e-01 8.104000e-03 1.958840e-01
138 7.944880e-01 8.368000e-03 1.971440e-01
139 7.928800e-01 8.444000e-03 1.986760e-01
140 7.913880e-01 8.496000e-03 2.001160e-01
141 7.898880e-01 8.484000e-03 2.016280e-01
142 7.885920e-01 8.304000e-03 2.031040e-01
143 7.872960e-01 8.016000e-03 2.046880e-01
144 7.858440e-01 7.948000e-03 2.062080e-01
145 7.843960e-01 8.112000e-03 2.074920e-01
146 7.829960e-01 8.152000e-03 2.088520e-01
147 7.816360e-01 8.028000e-03 2.103360e-01
148 7.804480e-01 7.836000e-03 2.117160e-01
149 7.791600e-01 7.720000e-03 2.131200e-01
150 7.777640e-01 7.696000e-03 2.145400e-01
151 7.765240e-01 7.552000e-03 2.159240e-01
152 7.753200e-01 7.500000e-03 2.171800e-01
153 7.741400e-01 7.424000e-03 2.184360e-01
154 7.729400e-01 7.348000e-03 2.197120e-01
155 7.716760e-01 7.396000e-03 2.209280e-01
156 7.704040e-01 7.404000e-03 2.221920e-01
157 7.691840e-01 7.364000e-03 2.234520e-01
158 7.679560e-01 7.348000e-03 2.246960e-01
159 7.667960e-01 7.324000e-03 2.258800e-01
160 7.654800e-01 7.308000e-03 2.272120e-01
161 7.641640e-01 7.272000e-03 2.285640e-01
162 7.628600e-01 7.356000e-03 2.297840e-01
163 7.616360e-01 7.284000e-03 2.310800e-01
164 7.605440e-01 7.248000e-03 2.322080e-01
165 7.595600e-01 7.140000e-03 2.333000e-01
166 7.584600e-01 7.040000e-03 2.345000e-01
167 7.573680e-01 6.904000e-03 2.357280e-01
168 7.563920e-01 6.600000e-03 2.370080e-01
169 7.553840e-01 6.488000e-03 2.381280e-01
170 7.543800e-01 6.308000e-03 2.393120e-01
171 7.533960e-01 6.192000e-03 2.404120e-01
172 7.524320e-01 6.036000e-03 2.415320e-01
173 7.514560e-01 5.888000e-03 2.426560e-01
174 7.504320e-01 5.840000e-03 2.437280e-01
175 7.494720e-01 5.884000e-03 2.446440e-01
176 7.485600e-01 5.768000e-03 2.456720e-01
177 7.474440e-01 5.828000e-03 2.467280e-01
178 7.465320e-01 5.680000e-03 2.477880e-01
179 7.455720e-01 5.748000e-03 2.486800e-01
180 7.446160e-01 5.640000e-03 2.497440e-01
181 7.435480e-01 5.684000e-03 2.507680e-01
182 7.426480e-01 5.520000e-03 2.518320e-01
183 7.418880e-01 5.384000e-03 2.527280e-01
184 7.410600e-01 5.268000e-03 2.536720e-01
185 7.400960e-01 5.256000e-03 2.546480e-01
186 7.392160e-01 5.192000e-03 2.555920e-01
187 7.383600e-01 5.120000e-03 2.565200e-01
188 7.374840e-01 5.172000e-03 2.573440e-01
189 7.366440e-01 5.120000e-03 2.582360e-01
190 7.358040e-01 4.992000e-03 2.592040e-01
191 7.349080e-01 5.048000e-03 2.600440e-01
192 7.340840e-01 4.948000e-03 2.609680e-01
193 7.331560e-01 5.056000e-03 2.617880e-01
194 7.324160e-01 4.944000e-03 2.626400e-01
195 7.316760e-01 4.868000e-03 2.634560e-01
196 7.308960e-01 4.672000e-03 2.644320e-01
197 7.301480e-01 4.616000e-03 2.652360e-01
198 7.292920e-01 4.608000e-03 2.661000e-01
199 7.285000e-01 4.688000e-03 2.668120e-01
200 7.277960e-01 4.668000e-03 2.675360e-01
201 7.269720e-01 4.652000e-03 2.683760e-01
202 7.260960e-01 4.680000e-03 2.692240e-01
203 7.253520e-01 4.608000e-03 2.700400e-01
204 7.243720e-01 4.712000e-03 2.709160e-01
205 7.234280e-01 4.868000e-03 2.717040e-01
206 7.225640e-01 4.844000e-03 2.725920e-01
207 7.216480e-01 4.828000e-03 2.735240e-01
208 7.208400e-01 4.832000e-03 2.743280e-01
209 7.199440e-01 4.820000e-03 2.752360e-01
210 7.190880e-01 4.904000e-03 2.760080e-01
211 7.182400e-01 4.884000e-03 2.768760e-01
212 7.173600e-01 4.940000e-03 2.777000e-01
213 7.164600e-01 5.024000e-03 2.785160e-01
214 7.155200e-01 5.124000e-03 2.793560e-01
215 7.146080e-01 5.232000e-03 2.801600e-01
216 7.136600e-01 5.156000e-03 2.811840e-01
217 7.128040e-01 5.024000e-03 2.821720e-01
218 7.120240e-01 4.924000e-03 2.830520e-01
219 7.112920e-01 4.812000e-03 2.838960e-01
220 7.104680e-01 4.752000e-03 2.847800e-01
221 7.096200e-01 4.640000e-03 2.857400e-01
222 7.089960e-01 4.480000e-03 2.865240e-01
223 7.082200e-01 4.404000e-03 2.873760e-01
224 7.074040e-01 4.456000e-03 2.881400e-01
225 7.067440e-01 4.432000e-03 2.888240e-01
226 7.060400e-01 4.344000e-03 2.896160e-01
227 7.053440e-01 4.364000e-03 2.902920e-01
228 7.046920e-01 4.240000e-03 2.910680e-01
229 7.038840e-01 4.344000e-03 2.917720e-01
230 7.032160e-01 4.276000e-03 2.925080e-01
231 7.024760e-01 4.276000e-03 2.932480e-01
232 7.017320e-01 4.360000e-03 2.939080e-01
233 7.010040e-01 4.316000e-03 2.946800e-01
234 7.003960e-01 4.236000e-03 2.953680e-01
235 6.997000e-01 4.160000e-03 2.961400e-01
236 6.990840e-01 4.080000e-03 2.968360e-01
237 6.984680e-01 3.972000e-03 2.975600e-01
238 6.977840e-01 3.988000e-03 2.982280e-01
239 6.970200e-01 4.112000e-03 2.988680e-01
240 6.963440e-01 4.108000e-03 2.995480e-01
241 6.957080e-01 3.988000e-03 3.003040e-01
242 6.950840e-01 4.024000e-03 3.008920e-01
243 6.944680e-01 4.000000e-03 3.015320e-01
244 6.937840e-01 3.968000e-03 3.022480e-01
245 6.931680e-01 3.884000e-03 3.029480e-01
246 6.924560e-01 3.800000e-03 3.037440e-01
247 6.918880e-01 3.720000e-03 3.043920e-01
248 6.911520e-01 3.804000e-03 3.050440e-01
249 6.904800e-01 3.776000e-03 3.057440e-01
250 6.897280e-01 3.864000e-03 3.064080e-01
251 6.890680e-01 3.788000e-03 3.071440e-01
252 6.884600e-01 3.708000e-03 3.078320e-01
253 6.877600e-01 3.760000e-03 3.084800e-01
254 6.870440e-01 3.828000e-03 3.091280e-01
255 6.864000e-01 3.792000e-03 3.098080e-01
256 6.857120e-01 3.768000e-03 3.105200e-01
257 6.849840e-01 3.808000e-03 3.112080e-01
258 6.842440e-01 3.808000e-03 3.119480e-01
259 6.836120e-01 3.760000e-03 3.126280e-01
260 6.829560e-01 3.752000e-03 3.132920e-01
261 6.824000e-01 3.648000e-03 3.139520e-01
262 6.818280e-01 3.608000e-03 3.145640e-01
263 6.811400e-01 3.696000e-03 3.151640e-01
264 6.805920e-01 3.604000e-03 3.158040e-01
265 6.799680e-01 3.628000e-03 3.164040e-01
266 6.794080e-01 3.528000e-03 3.170640e-01
267 6.788800e-01 3.384000e-03 3.177360e-01
268 6.782960e-01 3.396000e-03 3.183080e-01
269 6.777080e-01 3.448000e-03 3.188440e-01
270 6.771080e-01 3.492000e-03 3.194000e-01
271 6.764960e-01 3.496000e-03 3.200080e-01
272 6.759120e-01 3.496000e-03 3.205920e-01
273 6.752840e-01 3.460000e-03 3.212560e-01
274 6.748040e-01 3.312000e-03 3.218840e-01
275 6.743280e-01 3.208000e-03 3.224640e-01
276 6.737680e-01 3.148000e-03 3.230840e-01
277 6.731760e-01 3.208000e-03 3.236160e-01
278 6.726800e-01 3.128000e-03 3.241920e-01
279 6.721480e-01 3.044000e-03 3.248080e-01
280 6.716560e-01 3.028000e-03 3.253160e-01
281 6.710560e-01 3.076000e-03 3.258680e-01
282 6.705000e-01 3.144000e-03 3.263560e-01
283 6.700360e-01 3.016000e-03 3.269480e-01
284 6.695120e-01 3.004000e-03 3.274840e-01
285 6.689760e-01 3.020000e-03 3.280040e-01
286 6.684080e-01 3.032000e-03 3.285600e-01
287 6.679160e-01 2.988000e-03 3.290960e-01
288 6.673640e-01 2.952000e-03 3.296840e-01
289 6.668240e-01 2.976000e-03 3.302000e-01
290 6.663240e-01 2.900000e-03 3.307760e-01
291 6.658800e-01 2.828000e-03 3.312920e-01
292 6.654080e-01 2.796000e-03 3.317960e-01
293 6.648840e-01 2.824000e-03 3.322920e-01
294 6.643520e-01 2.860000e-03 3.327880e-01
295 6.637440e-01 2.928000e-03 3.333280e-01
296 6.632840e-01 2.884000e-03 3.338320e-01
297 6.627880e-01 2.896000e-03 3.343160e-01
298 6.623880e-01 2.836000e-03 3.347760e-01
299 6.619960e-01 2.724000e-03 3.352800e-01
300 6.614880e-01 2.804000e-03 3.357080e-01
301 6.610120e-01 2.792000e-03 3.361960e-01
302 6.605600e-01 2.792000e-03 3.366480e-01
303 6.601160e-01 2.808000e-03 3.370760e-01
304 6.596720e-01 2.720000e-03 3.376080e-01
305 6.592440e-01 2.648000e-03 3.381080e-01
306 6.587720e-01 2.652000e-03 3.385760e-01
307 6.584320e-01 2.636000e-03 3.389320e-01
308 6.580760e-01 2.540000e-03 3.393840e-01
309 6.576920e-01 2.444000e-03 3.398640e-01
310 6.573600e-01 2.400000e-03 3.402400e-01
311 6.570160e-01 2.296000e-03 3.406880e-01
312 6.567200e-01 2.220000e-03 3.410600e-01
313 6.564080e-01 2.120000e-03 3.414720e-01
314 6.560960e-01 2.076000e-03 3.418280e-01
315 6.557760e-01 2.060000e-03 3.421640e-01
316 6.554600e-01 2.032000e-03 3.425080e-01
317 6.552280e-01 1.936000e-03 3.428360e-01
318 6.549320e-01 1.848000e-03 3.432200e-01
319 6.546280e-01 1.856000e-03 3.435160e-01
320 6.542800e-01 1.868000e-03 3.438520e-01
321 6.540280e-01 1.764000e-03 3.442080e-01
322 6.537120e-01 1.804000e-03 3.444840e-01
323 6.534000e-01 1.848000e-03 3.447520e-01
324 6.531320e-01 1.768000e-03 3.451000e-01
325 6.528400e-01 1.784000e-03 3.453760e-01
326 6.525200e-01 1.804000e-03 3.456760e-01
327 6.522320e-01 1.832000e-03 3.459360e-01
328 6.519360e-01 1.780000e-03 3.462840e-01
329 6.516720e-01 1.780000e-03 3.465480e-01
330 6.513160e-01 1.800000e-03 3.468840e-01
331 6.509800e-01 1.792000e-03 3.472280e-01
332 6.506440e-01 1.836000e-03 3.475200e-01
333 6.503080e-01 1.836000e-03 3.478560e-01
334 6.499400e-01 1.884000e-03 3.481760e-01
335 6.494920e-01 1.992000e-03 3.485160e-01
336 6.491880e-01 1.964000e-03 3.488480e-01
337 6.489040e-01 1.880000e-03 3.492160e-01
338 6.485720e-01 1.864000e-03 3.495640e-01
339 6.482040e-01 1.968000e-03 3.498280e-01
340 6.478920e-01 1.944000e-03 3.501640e-01
341 6.476120e-01 1.824000e-03 3.505640e-01
342 6.472400e-01 1.884000e-03 3.508760e-01
343 6.469520e-01 1.840000e-03 3.512080e-01
344 6.466160e-01 1.876000e-03 3.515080e-01
345 6.462960e-01 1.836000e-03 3.518680e-01
346 6.460360e-01 1.804000e-03 3.521600e-01
347 6.456960e-01 1.800000e-03 3.525040e-01
348 6.454080e-01 1.764000e-03 3.528280e-01
349 6.450640e-01 1.824000e-03 3.531120e-01
350 6.447960e-01 1.732000e-03 3.534720e-01
351 6.444160e-01 1.784000e-03 3.538000e-01
352 6.439880e-01 1.844000e-03 3.541680e-01
353 6.436040e-01 1.908000e-03 3.544880e-01
354 6.431640e-01 1.984000e-03 3.548520e-01
355 6.428440e-01 1.948000e-03 3.552080e-01
356 6.425080e-01 1.948000e-03 3.555440e-01
357 6.421680e-01 1.928000e-03 3.559040e-01
358 6.418000e-01 1.944000e-03 3.562560e-01
359 6.414600e-01 1.912000e-03 3.566280e-01
360 6.411400e-01 1.848000e-03 3.570120e-01
361 6.407720e-01 1.916000e-03 3.573120e-01
362 6.404680e-01 1.880000e-03 3.576520e-01
363 6.402040e-01 1.876000e-03 3.579200e-01
364 6.399240e-01 1.836000e-03 3.582400e-01
365 6.396520e-01 1.788000e-03 3.585600e-01
366 6.393760e-01 1.736000e-03 3.588880e-01
367 6.391480e-01 1.692000e-03 3.591600e-01
368 6.388720e-01 1.672000e-03 3.594560e-01
369 6.385520e-01 1.708000e-03 3.597400e-01
370 6.383000e-01 1.668000e-03 3.600320e-01
371 6.380360e-01 1.620000e-03 3.603440e-01
372 6.377600e-01 1.588000e-03 3.606520e-01
373 6.374880e-01 1.612000e-03 3.609000e-01
374 6.371560e-01 1.668000e-03 3.611760e-01
375 6.368440e-01 1.728000e-03 3.614280e-01
376 6.365360e-01 1.712000e-03 3.617520e-01
377 6.362440e-01 1.744000e-03 3.620120e-01
378 6.359560e-01 1.712000e-03 3.623320e-01
379 6.356440e-01 1.704000e-03 3.626520e-01
380 6.353080e-01 1.732000e-03 3.629600e-01
381 6.349720e-01 1.784000e-03 3.632440e-01
382 6.346680e-01 1.788000e-03 3.635440e-01
383 6.342880e-01 1.892000e-03 3.638200e-01
384 6.339200e-01 1.944000e-03 3.641360e-01
385 6.335920e-01 1.912000e-03 3.644960e-01
386 6.332680e-01 1.912000e-03 3.648200e-01
387 6.329520e-01 1.860000e-03 3.651880e-01
388 6.326680e-01 1.812000e-03 3.655200e-01
389 6.323120e-01 1.784000e-03 3.659040e-01
390 6.320080e-01 1.808000e-03 3.661840e-01
391 6.317400e-01 1.700000e-03 3.665600e-01
392 6.314200e-01 1.772000e-03 3.668080e-01
393 6.309960e-01 1.836000e-03 3.671680e-01
394 6.306920e-01 1.884000e-03 3.674240e-01
395 6.303640e-01 1.932000e-03 3.677040e-01
396 6.300080e-01 1.916000e-03 3.680760e-01
397 6.297000e-01 1.928000e-03 3.683720e-01
398 6.294320e-01 1.836000e-03 3.687320e-01
399 6.291640e-01 1.876000e-03 3.689600e-01
400 6.288640e-01 1.852000e-03 3.692840e-01
401 6.285120e-01 1.884000e-03 3.696040e-01
402 6.282160e-01 1.824000e-03 3.699600e-01
403 6.280240e-01 1.696000e-03 3.702800e-01
404 6.277840e-01 1.660000e-03 3.705560e-01
405 6.275120e-01 1.624000e-03 3.708640e-01
406 6.272560e-01 1.632000e-03 3.711120e-01
407 6.269760e-01 1.592000e-03 3.714320e-01
408 6.266480e-01 1.676000e-03 3.716760e-01
409 6.264000e-01 1.616000e-03 3.719840e-01
410 6.261960e-01 1.548000e-03 3.722560e-01
411 6.259560e-01 1.560000e-03 3.724840e-01
412 6.257040e-01 1.520000e-03 3.727760e-01
413 6.254240e-01 1.568000e-03 3.730080e-01
414 6.251320e-01 1.572000e-03 3.732960e-01
415 6.248000e-01 1.620000e-03 3.735800e-01
416 6.245560e-01 1.528000e-03 3.739160e-01
417 6.243280e-01 1.548000e-03 3.741240e-01
418 6.240560e-01 1.488000e-03 3.744560e-01
419 6.238120e-01 1.432000e-03 3.747560e-01
420 6.235720e-01 1.436000e-03 3.749920e-01
421 6.233280e-01 1.444000e-03 3.752280e-01
422 6.231560e-01 1.300000e-03 3.755440e-01
423 6.229960e-01 1.260000e-03 3.757440e-01
424 6.227840e-01 1.256000e-03 3.759600e-01
425 6.226040e-01 1.228000e-03 3.761680e-01
426 6.224120e-01 1.192000e-03 3.763960e-01
427 6.222200e-01 1.192000e-03 3.765880e-01
428 6.220080e-01 1.160000e-03 3.768320e-01
429 6.218040e-01 1.120000e-03 3.770760e-01
430 6.215600e-01 1.180000e-03 3.772600e-01
431 6.213040e-01 1.240000e-03 3.774560e-01
432 6.210520e-01 1.288000e-03 3.776600e-01
433 6.208040e-01 1.348000e-03 3.778480e-01
434 6.205640e-01 1.376000e-03 3.780600e-01
435 6.202840e-01 1.444000e-03 3.782720e-01
436 6.200800e-01 1.388000e-03 3.785320e-01
437 6.198200e-01 1.456000e-03 3.787240e-01
438 6.195840e-01 1.420000e-03 3.789960e-01
439 6.193800e-01 1.420000e-03 3.792000e-01
440 6.192240e-01 1.300000e-03 3.794760e-01
441 6.190080e-01 1.292000e-03 3.797000e-01
442 6.187640e-01 1.280000e-03 3.799560e-01
443 6.185680e-01 1.232000e-03 3.802000e-01
444 6.184360e-01 1.140000e-03 3.804240e-01
445 6.182280e-01 1.148000e-03 3.806240e-01
446 6.180680e-01 1.124000e-03 3.808080e-01
447 6.178760e-01 1.084000e-03 3.810400e-01
448 6.176600e-01 1.132000e-03 3.812080e-01
449 6.174480e-01 1.120000e-03 3.814320e-01
450 6.172600e-01 1.124000e-03 3.816160e-01
451 6.170640e-01 1.120000e-03 3.818160e-01
452 6.168480e-01 1.144000e-03 3.820080e-01
453 6.166320e-01 1.180000e-03 3.821880e-01
454 6.164680e-01 1.076000e-03 3.824560e-01
455 6.162720e-01 1.072000e-03 3.826560e-01
456 6.160520e-01 1.104000e-03 3.828440e-01
457 6.158320e-01 1.148000e-03 3.830200e-01
458 6.156760e-01 1.080000e-03 3.832440e-01
459 6.154720e-01 1.068000e-03 3.834600e-01
460 6.152640e-01 1.024000e-03 3.837120e-01
461 6.150560e-01 1.032000e-03 3.839120e-01
462 6.148760e-01 1.056000e-03 3.840680e-01
463 6.147240e-01 1.020000e-03 3.842560e-01
464 6.145520e-01 1.028000e-03 3.844200e-01
465 6.144040e-01 1.020000e-03 3.845760e-01
466 6.142080e-01 1.032000e-03 3.847600e-01
467 6.140400e-01 1.036000e-03 3.849240e-01
468 6.138880e-01 9.760000e-04 3.851360e-01
469 6.137000e-01 9.840000e-04 3.853160e-01
470 6.135440e-01 9.640000e-04 3.854920e-01
471 6.134120e-01 9.280000e-04 3.856600e-01
472 6.132360e-01 9.160000e-04 3.858480e-01
473 6.130680e-01 9.440000e-04 3.859880e-01
474 6.128880e-01 9.760000e-04 3.861360e-01
475 6.127520e-01 9.400000e-04 3.863080e-01
476 6.126000e-01 9.360000e-04 3.864640e-01
477 6.124480e-01 9.200000e-04 3.866320e-01
478 6.122800e-01 9.680000e-04 3.867520e-01
479 6.120760e-01 9.800000e-04 3.869440e-01
480 6.119320e-01 9.840000e-04 3.870840e-01
481 6.117640e-01 9.760000e-04 3.872600e-01
482 6.115880e-01 1.000000e-03 3.874120e-01
483 6.113800e-01 1.032000e-03 3.875880e-01
484 6.111720e-01 1.076000e-03 3.877520e-01
485 6.110080e-01 1.072000e-03 3.879200e-01
486 6.107800e-01 1.096000e-03 3.881240e-01
487 6.106120e-01 1.072000e-03 3.883160e-01
488 6.104560e-01 1.068000e-03 3.884760e-01
489 6.102760e-01 1.060000e-03 3.886640e-01
490 6.100520e-01 1.092000e-03 3.888560e-01
491 6.098440e-01 1.104000e-03 3.890520e-01
492 6.096240e-01 1.088000e-03 3.892880e-01
493 6.094840e-01 1.024000e-03 3.894920e-01
494 6.092960e-01 1.040000e-03 3.896640e-01
495 6.091600e-01 9.960000e-04 3.898440e-01
496 6.090520e-01 9.120000e-04 3.900360e-01
497 6.089000e-01 9.360000e-04 3.901640e-01
498 6.087680e-01 9.360000e-04 3.902960e-01
499 6.086120e-01 9.680000e-04 3.904200e-01
500 6.084880e-01 9.200000e-04 3.905920e-01
