1 9.992800e-01 6.240000e-04 9.600000e-05
2 9.987920e-01 9.840000e-04 2.240000e-04
3 9.981080e-01 1.428000e-03 4.640000e-04
4 9.973840e-01 1.860000e-03 7.560000e-04
5 9.965320e-01 2.352000e-03 1.116000e-03
6 9.956480e-01 2.824000e-03 1.528000e-03
7 9.948360e-01 3.088000e-03 2.076000e-03
8 9.938760e-01 3.520000e-03 2.604000e-03
9 9.928680e-01 3.848000e-03 3.284000e-03
10 9.920120e-01 4.024000e-03 3.964000e-03
11 9.908440e-01 4.464000e-03 4.692000e-03
12 9.898360e-01 4.684000e-03 5.480000e-03
13 9.887280e-01 5.016000e-03 6.256000e-03
14 9.875960e-01 5.236000e-03 7.168000e-03
15 9.863880e-01 5.396000e-03 8.216000e-03
16 9.851800e-01 5.684000e-03 9.136000e-03
17 9.840600e-01 5.664000e-03 1.027600e-02
18 9.827000e-01 6.004000e-03 1.129600e-02
19 9.814480e-01 6.112000e-03 1.244000e-02
20 9.801440e-01 6.356000e-03 1.350000e-02
21 9.787280e-01 6.548000e-03 1.472400e-02
22 9.773840e-01 6.684000e-03 1.593200e-02
23 9.759440e-01 6.988000e-03 1.706800e-02
24 9.745600e-01 7.220000e-03 1.822000e-02
25 9.731000e-01 7.464000e-03 1.943600e-02
26 9.717040e-01 7.540000e-03 2.075600e-02
27 9.701800e-01 7.712000e-03 2.210800e-02
28 9.686720e-01 7.872000e-03 2.345600e-02
29 9.671640e-01 7.996000e-03 2.484000e-02
30 9.655520e-01 8.224000e-03 2.622400e-02
31 9.639600e-01 8.332000e-03 2.770800e-02
32 9.623520e-01 8.436000e-03 2.921200e-02
33 9.606960e-01 8.640000e-03 3.066400e-02
34 9.589960e-01 8.796000e-03 3.220800e-02
35 9.572280e-01 9.088000e-03 3.368400e-02
36 9.555120e-01 9.224000e-03 3.526400e-02
37 9.537880e-01 9.260000e-03 3.695200e-02
38 9.521880e-01 9.332000e-03 3.848000e-02
39 9.506200e-01 9.364000e-03 4.001600e-02
40 9.490400e-01 9.236000e-03 4.172400e-02
41 9.474800e-01 9.308000e-03 4.321200e-02
42 9.458200e-01 9.400000e-03 4.478000e-02
43 9.440840e-01 9.396000e-03 4.652000e-02
44 9.423880e-01 9.368000e-03 4.824400e-02
45 9.406120e-01 9.500000e-03 4.988800e-02
46 9.390600e-01 9.276000e-03 5.166400e-02
47 9.371960e-01 9.324000e-03 5.348000e-02
48 9.354240e-01 9.508000e-03 5.506800e-02
49 9.336000e-01 9.660000e-03 5.674000e-02
50 9.318840e-01 9.756000e-03 5.836000e-02
51 9.300360e-01 1.000400e-02 5.996000e-02
52 9.282040e-01 1.004000e-02 6.175600e-02
53 9.263240e-01 1.014400e-02 6.353200e-02
54 9.245000e-01 1.019200e-02 6.530800e-02
55 9.227320e-01 1.022800e-02 6.704000e-02
56 9.209640e-01 1.026800e-02 6.876800e-02
57 9.192160e-01 1.019600e-02 7.058800e-02
58 9.173360e-01 1.026400e-02 7.240000e-02
59 9.152840e-01 1.031600e-02 7.440000e-02
60 9.135160e-01 1.020800e-02 7.627600e-02
61 9.116600e-01 1.038800e-02 7.795200e-02
62 9.098080e-01 1.033600e-02 7.985600e-02
63 9.077680e-01 1.064800e-02 8.158400e-02
64 9.058000e-01 1.078800e-02 8.341200e-02
65 9.038480e-01 1.076800e-02 8.538400e-02
66 9.019080e-01 1.082800e-02 8.726400e-02
67 8.998280e-01 1.100400e-02 8.916800e-02
68 8.979800e-01 1.074400e-02 9.127600e-02
69 8.960960e-01 1.074800e-02 9.315600e-02
70 8.941760e-01 1.098800e-02 9.483600e-02
71 8.921880e-01 1.094400e-02 9.686800e-02
72 8.903400e-01 1.076400e-02 9.889600e-02
73 8.885600e-01 1.069200e-02 1.007480e-01
74 8.867600e-01 1.070400e-02 1.025360e-01
75 8.851000e-01 1.061200e-02 1.042880e-01
76 8.832960e-01 1.061600e-02 1.060880e-01
77 8.817080e-01 1.031600e-02 1.079760e-01
78 8.798880e-01 1.041600e-02 1.096960e-01
79 8.782680e-01 1.016000e-02 1.115720e-01
80 8.766800e-01 9.968000e-03 1.133520e-01
81 8.753600e-01 9.608000e-03 1.150320e-01
82 8.738040e-01 9.476000e-03 1.167200e-01
83 8.723240e-01 9.328000e-03 1.183480e-01
84 8.706400e-01 9.452000e-03 1.199080e-01
85 8.688560e-01 9.548000e-03 1.215960e-01
86 8.671120e-01 9.720000e-03 1.231680e-01
87 8.652360e-01 9.760000e-03 1.250040e-01
88 8.634480e-01 9.888000e-03 1.266640e-01
89 8.616560e-01 9.908000e-03 1.284360e-01
90 8.598120e-01 1.008000e-02 1.301080e-01
91 8.580200e-01 1.013200e-02 1.318480e-01
92 8.562600e-01 9.956000e-03 1.337840e-01
93 8.545920e-01 9.928000e-03 1.354800e-01
94 8.528840e-01 9.940000e-03 1.371760e-01
95 8.511560e-01 9.928000e-03 1.389160e-01
96 8.494520e-01 9.836000e-03 1.407120e-01
97 8.478000e-01 9.780000e-03 1.424200e-01
98 8.462160e-01 9.580000e-03 1.442040e-01
99 8.446200e-01 9.544000e-03 1.458360e-01
100 8.430440e-01 9.484000e-03 1.474720e-01
101 8.414520e-01 9.428000e-03 1.491200e-01
102 8.399480e-01 9.256000e-03 1.507960e-01
103 8.382280e-01 9.220000e-03 1.525520e-01
104 8.364920e-01 9.224000e-03 1.542840e-01
105 8.347800e-01 9.292000e-03 1.559280e-01
106 8.331840e-01 9.364000e-03 1.574520e-01
107 8.313760e-01 9.600000e-03 1.590240e-01
108 8.297160e-01 9.548000e-03 1.607360e-01
109 8.281840e-01 9.456000e-03 1.623600e-01
110 8.266640e-01 9.376000e-03 1.639600e-01
111 8.250240e-01 9.260000e-03 1.657160e-01
112 8.234920e-01 9.244000e-03 1.672640e-01
113 8.220040e-01 9.144000e-03 1.688520e-01
114 8.205360e-01 8.992000e-03 1.704720e-01
115 8.191720e-01 8.852000e-03 1.719760e-01
116 8.177080e-01 8.776000e-03 1.735160e-01
117 8.161640e-01 8.808000e-03 1.750280e-01
118 8.147560e-01 8.740000e-03 1.765040e-01
119 8.133560e-01 8.716000e-03 1.779280e-01
120 8.118480e-01 8.500000e-03 1.796520e-01
121 8.102920e-01 8.652000e-03 1.810560e-01
122 8.088320e-01 8.552000e-03 1.826160e-01
123 8.073360e-01 8.548000e-03 1.841160e-01
124 8.058320e-01 8.528000e-03 1.856400e-01
125 8.043000e-01 8.656000e-03 1.870440e-01
126 8.026800e-01 8.780000e-03 1.885400e-01
127 8.009640e-01 8.928000e-03 1.901080e-01
128 7.994960e-01 8.720000e-03 1.917840e-01
129 7.980040e-01 8.608000e-03 1.933880e-01
130 7.964840e-01 8.600000e-03 1.949160e-01
131 7.949800e-01 8.692000e-03 1.963280e-01
132 7.934440e-01 8.604000e-03 1.979520e-01
133 7.919160e-01 8.636000e-03 1.994480e-01
134 7.905240e-01 8.484000e-03 2.009920e-01
135 7.891560e-01 8.340000e-03 2.025040e-01
136 7.876000e-01 8.404000e-03 2.039960e-01
137 7.861320e-01 8.472000e-03 2.053960e-01
138 7.848240e-01 8.204000e-03 2.069720e-01
139 7.834640e-01 8.064000e-03 2.084720e-01
140 7.822120e-01 7.900000e-03 2.098880e-01
141 7.807600e-01 7.892000e-03 2.113480e-01
142 7.794720e-01 7.816000e-03 2.127120e-01
143 7.781240e-01 7.768000e-03 2.141080e-01
144 7.766920e-01 7.824000e-03 2.154840e-01
145 7.754000e-01 7.668000e-03 2.169320e-01
146 7.740320e-01 7.764000e-03 2.182040e-01
147 7.727200e-01 7.652000e-03 2.196280e-01
148 7.711960e-01 7.832000e-03 2.209720e-01
149 7.697800e-01 7.644000e-03 2.225760e-01
150 7.683160e-01 7.724000e-03 2.239600e-01
151 7.667920e-01 7.896000e-03 2.253120e-01
152 7.652960e-01 8.028000e-03 2.266760e-01
153 7.639320e-01 7.960000e-03 2.281080e-01
154 7.625360e-01 8.036000e-03 2.294280e-01
155 7.610600e-01 8.096000e-03 2.308440e-01
156 7.596360e-01 8.144000e-03 2.322200e-01
157 7.583080e-01 8.004000e-03 2.336880e-01
158 7.569360e-01 8.004000e-03 2.350600e-01
159 7.555720e-01 8.072000e-03 2.363560e-01
160 7.543800e-01 7.776000e-03 2.378440e-01
161 7.531760e-01 7.624000e-03 2.392000e-01
162 7.519480e-01 7.580000e-03 2.404720e-01
163 7.506480e-01 7.580000e-03 2.417720e-01
164 7.494480e-01 7.428000e-03 2.431240e-01
165 7.481880e-01 7.336000e-03 2.444760e-01
166 7.470760e-01 7.160000e-03 2.457640e-01
167 7.459160e-01 7.084000e-03 2.470000e-01
168 7.448920e-01 6.816000e-03 2.482920e-01
169 7.437440e-01 6.680000e-03 2.495760e-01
170 7.427600e-01 6.548000e-03 2.506920e-01
171 7.416520e-01 6.544000e-03 2.518040e-01
172 7.405720e-01 6.420000e-03 2.530080e-01
173 7.395280e-01 6.376000e-03 2.540960e-01
174 7.384320e-01 6.368000e-03 2.552000e-01
175 7.374120e-01 6.284000e-03 2.563040e-01
176 7.363160e-01 6.228000e-03 2.574560e-01
177 7.353640e-01 6.200000e-03 2.584360e-01
178 7.343720e-01 6.164000e-03 2.594640e-01
179 7.333680e-01 6.148000e-03 2.604840e-01
180 7.324280e-01 6.020000e-03 2.615520e-01
181 7.314400e-01 5.940000e-03 2.626200e-01
182 7.305000e-01 5.928000e-03 2.635720e-01
183 7.295480e-01 5.808000e-03 2.646440e-01
184 7.285120e-01 5.860000e-03 2.656280e-01
185 7.274240e-01 5.912000e-03 2.666640e-01
186 7.263440e-01 5.952000e-03 2.677040e-01
187 7.253120e-01 5.840000e-03 2.688480e-01
188 7.242040e-01 6.020000e-03 2.697760e-01
189 7.230800e-01 6.060000e-03 2.708600e-01
190 7.218560e-01 6.112000e-03 2.720320e-01
191 7.208080e-01 6.120000e-03 2.730720e-01
192 7.197040e-01 6.108000e-03 2.741880e-01
193 7.187000e-01 6.080000e-03 2.752200e-01
194 7.176400e-01 6.064000e-03 2.762960e-01
195 7.165960e-01 6.124000e-03 2.772800e-01
196 7.156760e-01 5.908000e-03 2.784160e-01
197 7.145240e-01 6.080000e-03 2.793960e-01
198 7.134960e-01 6.012000e-03 2.804920e-01
199 7.125520e-01 5.880000e-03 2.815680e-01
200 7.115720e-01 5.832000e-03 2.825960e-01
201 7.106480e-01 5.908000e-03 2.834440e-01
202 7.097280e-01 5.792000e-03 2.844800e-01
203 7.088120e-01 5.684000e-03 2.855040e-01
204 7.078400e-01 5.612000e-03 2.865480e-01
205 7.069000e-01 5.580000e-03 2.875200e-01
206 7.060160e-01 5.480000e-03 2.885040e-01
207 7.050680e-01 5.516000e-03 2.894160e-01
208 7.040080e-01 5.644000e-03 2.903480e-01
209 7.031000e-01 5.624000e-03 2.912760e-01
210 7.021520e-01 5.448000e-03 2.924000e-01
211 7.010880e-01 5.608000e-03 2.933040e-01
212 7.001000e-01 5.628000e-03 2.942720e-01
213 6.991440e-01 5.592000e-03 2.952640e-01
214 6.981400e-01 5.680000e-03 2.961800e-01
215 6.971440e-01 5.772000e-03 2.970840e-01
216 6.962040e-01 5.656000e-03 2.981400e-01
217 6.953440e-01 5.552000e-03 2.991040e-01
218 6.944760e-01 5.408000e-03 3.001160e-01
219 6.935560e-01 5.460000e-03 3.009840e-01
220 6.925480e-01 5.496000e-03 3.019560e-01
221 6.916240e-01 5.504000e-03 3.028720e-01
222 6.905560e-01 5.540000e-03 3.039040e-01
223 6.895480e-01 5.536000e-03 3.049160e-01
224 6.886280e-01 5.556000e-03 3.058160e-01
225 6.876920e-01 5.588000e-03 3.067200e-01
226 6.868040e-01 5.560000e-03 3.076360e-01
227 6.859080e-01 5.564000e-03 3.085280e-01
228 6.848640e-01 5.664000e-03 3.094720e-01
229 6.840160e-01 5.472000e-03 3.105120e-01
230 6.830640e-01 5.512000e-03 3.114240e-01
231 6.821840e-01 5.420000e-03 3.123960e-01
232 6.813360e-01 5.332000e-03 3.133320e-01
233 6.805440e-01 5.192000e-03 3.142640e-01
234 6.797680e-01 4.952000e-03 3.152800e-01
235 6.790040e-01 4.784000e-03 3.162120e-01
236 6.781680e-01 4.764000e-03 3.170680e-01
237 6.774240e-01 4.644000e-03 3.179320e-01
238 6.766680e-01 4.656000e-03 3.186760e-01
239 6.759680e-01 4.568000e-03 3.194640e-01
240 6.751240e-01 4.660000e-03 3.202160e-01
241 6.744480e-01 4.516000e-03 3.210360e-01
242 6.737280e-01 4.456000e-03 3.218160e-01
243 6.728440e-01 4.536000e-03 3.226200e-01
244 6.720760e-01 4.572000e-03 3.233520e-01
245 6.713200e-01 4.448000e-03 3.242320e-01
246 6.705680e-01 4.588000e-03 3.248440e-01
247 6.698120e-01 4.488000e-03 3.257000e-01
248 6.691200e-01 4.388000e-03 3.264920e-01
249 6.683280e-01 4.428000e-03 3.272440e-01
250 6.675920e-01 4.452000e-03 3.279560e-01
251 6.668360e-01 4.460000e-03 3.287040e-01
252 6.660640e-01 4.488000e-03 3.294480e-01
253 6.654240e-01 4.396000e-03 3.301800e-01
254 6.647440e-01 4.228000e-03 3.310280e-01
255 6.640240e-01 4.216000e-03 3.317600e-01
256 6.632480e-01 4.256000e-03 3.324960e-01
257 6.624720e-01 4.348000e-03 3.331800e-01
258 6.617960e-01 4.312000e-03 3.338920e-01
259 6.611440e-01 4.152000e-03 3.347040e-01
260 6.604560e-01 4.116000e-03 3.354280e-01
261 6.597800e-01 4.088000e-03 3.361320e-01
262 6.591960e-01 3.936000e-03 3.368680e-01
263 6.586320e-01 3.792000e-03 3.375760e-01
264 6.579920e-01 3.728000e-03 3.382800e-01
265 6.573720e-01 3.716000e-03 3.389120e-01
266 6.568080e-01 3.568000e-03 3.396240e-01
267 6.562200e-01 3.492000e-03 3.402880e-01
268 6.555480e-01 3.580000e-03 3.408720e-01
269 6.549840e-01 3.516000e-03 3.415000e-01
270 6.542560e-01 3.640000e-03 3.421040e-01
271 6.535200e-01 3.796000e-03 3.426840e-01
272 6.529280e-01 3.792000e-03 3.432800e-01
273 6.523880e-01 3.756000e-03 3.438560e-01
274 6.517080e-01 3.828000e-03 3.444640e-01
275 6.509160e-01 3.924000e-03 3.451600e-01
276 6.501960e-01 3.972000e-03 3.458320e-01
277 6.494720e-01 3.948000e-03 3.465800e-01
278 6.488240e-01 3.972000e-03 3.472040e-01
279 6.482600e-01 3.780000e-03 3.479600e-01
280 6.476200e-01 3.736000e-03 3.486440e-01
281 6.470240e-01 3.696000e-03 3.492800e-01
282 6.464160e-01 3.656000e-03 3.499280e-01
283 6.457200e-01 3.744000e-03 3.505360e-01
284 6.450400e-01 3.792000e-03 3.511680e-01
285 6.443800e-01 3.752000e-03 3.518680e-01
286 6.437040e-01 3.748000e-03 3.525480e-01
287 6.431400e-01 3.624000e-03 3.532360e-01
288 6.425680e-01 3.588000e-03 3.538440e-01
289 6.420640e-01 3.420000e-03 3.545160e-01
290 6.415640e-01 3.360000e-03 3.550760e-01
291 6.410880e-01 3.260000e-03 3.556520e-01
292 6.405600e-01 3.216000e-03 3.562240e-01
293 6.400240e-01 3.136000e-03 3.568400e-01
294 6.395280e-01 3.148000e-03 3.573240e-01
295 6.390680e-01 3.092000e-03 3.578400e-01
296 6.386480e-01 2.920000e-03 3.584320e-01
297 6.381320e-01 3.024000e-03 3.588440e-01
298 6.376280e-01 3.036000e-03 3.593360e-01
299 6.371720e-01 2.996000e-03 3.598320e-01
300 6.367440e-01 2.860000e-03 3.603960e-01
301 6.362720e-01 2.824000e-03 3.609040e-01
302 6.358200e-01 2.756000e-03 3.614240e-01
303 6.353960e-01 2.788000e-03 3.618160e-01
304 6.349520e-01 2.748000e-03 3.623000e-01
305 6.345280e-01 2.620000e-03 3.628520e-01
306 6.341400e-01 2.584000e-03 3.632760e-01
307 6.337480e-01 2.492000e-03 3.637600e-01
308 6.332960e-01 2.544000e-03 3.641600e-01
309 6.328840e-01 2.508000e-03 3.646080e-01
310 6.323920e-01 2.528000e-03 3.650800e-01
311 6.320120e-01 2.496000e-03 3.654920e-01
312 6.315920e-01 2.384000e-03 3.660240e-01
313 6.311560e-01 2.324000e-03 3.665200e-01
314 6.306920e-01 2.420000e-03 3.668880e-01
315 6.302600e-01 2.460000e-03 3.672800e-01
316 6.297480e-01 2.496000e-03 3.677560e-01
317 6.293640e-01 2.356000e-03 3.682800e-01
318 6.289240e-01 2.388000e-03 3.686880e-01
319 6.284640e-01 2.396000e-03 3.691400e-01
320 6.280960e-01 2.348000e-03 3.695560e-01
321 6.275880e-01 2.432000e-03 3.699800e-01
322 6.271280e-01 2.424000e-03 3.704480e-01
323 6.266800e-01 2.424000e-03 3.708960e-01
324 6.262840e-01 2.388000e-03 3.713280e-01
325 6.257840e-01 2.452000e-03 3.717640e-01
326 6.253880e-01 2.336000e-03 3.722760e-01
327 6.250400e-01 2.320000e-03 3.726400e-01
328 6.245400e-01 2.424000e-03 3.730360e-01
329 6.241000e-01 2.420000e-03 3.734800e-01
330 6.236680e-01 2.420000e-03 3.739120e-01
331 6.231920e-01 2.456000e-03 3.743520e-01
332 6.228200e-01 2.352000e-03 3.748280e-01
333 6.223840e-01 2.332000e-03 3.752840e-01
334 6.219920e-01 2.308000e-03 3.757000e-01
335 6.216120e-01 2.228000e-03 3.761600e-01
336 6.212480e-01 2.136000e-03 3.766160e-01
337 6.208960e-01 2.188000e-03 3.769160e-01
338 6.206080e-01 2.100000e-03 3.772920e-01
339 6.202600e-01 2.112000e-03 3.776280e-01
340 6.199200e-01 2.064000e-03 3.780160e-01
341 6.195880e-01 2.088000e-03 3.783240e-01
342 6.192360e-01 2.032000e-03 3.787320e-01
343 6.187520e-01 2.164000e-03 3.790840e-01
344 6.182920e-01 2.268000e-03 3.794400e-01
345 6.179400e-01 2.176000e-03 3.798840e-01
346 6.176080e-01 2.128000e-03 3.802640e-01
347 6.173120e-01 2.084000e-03 3.806040e-01
348 6.169680e-01 2.032000e-03 3.810000e-01
349 6.166720e-01 1.964000e-03 3.813640e-01
350 6.164160e-01 1.872000e-03 3.817120e-01
351 6.160360e-01 1.900000e-03 3.820640e-01
352 6.156560e-01 1.972000e-03 3.823720e-01
353 6.152320e-01 2.004000e-03 3.827640e-01
354 6.149080e-01 2.004000e-03 3.830880e-01
355 6.145680e-01 1.968000e-03 3.834640e-01
356 6.142960e-01 1.876000e-03 3.838280e-01
357 6.139840e-01 1.856000e-03 3.841600e-01
358 6.136720e-01 1.860000e-03 3.844680e-01
359 6.134160e-01 1.792000e-03 3.847920e-01
360 6.131120e-01 1.812000e-03 3.850760e-01
361 6.128200e-01 1.816000e-03 3.853640e-01
362 6.125120e-01 1.808000e-03 3.856800e-01
363 6.122280e-01 1.712000e-03 3.860600e-01
364 6.119560e-01 1.716000e-03 3.863280e-01
365 6.117320e-01 1.628000e-03 3.866400e-01
366 6.115000e-01 1.588000e-03 3.869120e-01
367 6.112760e-01 1.524000e-03 3.872000e-01
368 6.110560e-01 1.516000e-03 3.874280e-01
369 6.108360e-01 1.460000e-03 3.877040e-01
370 6.106200e-01 1.428000e-03 3.879520e-01
371 6.103480e-01 1.416000e-03 3.882360e-01
372 6.100800e-01 1.444000e-03 3.884760e-01
373 6.098240e-01 1.428000e-03 3.887480e-01
374 6.095600e-01 1.452000e-03 3.889880e-01
375 6.093600e-01 1.416000e-03 3.892240e-01
376 6.091480e-01 1.356000e-03 3.894960e-01
377 6.089680e-01 1.260000e-03 3.897720e-01
378 6.088320e-01 1.156000e-03 3.900120e-01
379 6.086320e-01 1.152000e-03 3.902160e-01
380 6.084080e-01 1.196000e-03 3.903960e-01
381 6.081800e-01 1.260000e-03 3.905600e-01
382 6.079400e-01 1.276000e-03 3.907840e-01
383 6.077200e-01 1.288000e-03 3.909920e-01
384 6.074920e-01 1.288000e-03 3.912200e-01
385 6.072840e-01 1.296000e-03 3.914200e-01
386 6.070640e-01 1.328000e-03 3.916080e-01
387 6.068240e-01 1.324000e-03 3.918520e-01
388 6.066360e-01 1.248000e-03 3.921160e-01
389 6.064560e-01 1.200000e-03 3.923440e-01
390 6.063360e-01 1.108000e-03 3.925560e-01
391 6.061360e-01 1.132000e-03 3.927320e-01
392 6.059880e-01 1.060000e-03 3.929520e-01
393 6.058120e-01 1.040000e-03 3.931480e-01
394 6.056240e-01 1.044000e-03 3.933320e-01
395 6.054480e-01 1.052000e-03 3.935000e-01
396 6.052320e-01 1.144000e-03 3.936240e-01
397 6.049640e-01 1.124000e-03 3.939120e-01
398 6.047680e-01 1.108000e-03 3.941240e-01
399 6.045920e-01 1.084000e-03 3.943240e-01
400 6.044240e-01 1.076000e-03 3.945000e-01
401 6.041680e-01 1.132000e-03 3.947000e-01
402 6.039160e-01 1.176000e-03 3.949080e-01
403 6.036640e-01 1.224000e-03 3.951120e-01
404 6.034320e-01 1.212000e-03 3.953560e-01
405 6.031800e-01 1.224000e-03 3.955960e-01
406 6.029640e-01 1.204000e-03 3.958320e-01
407 6.027120e-01 1.232000e-03 3.960560e-01
408 6.025560e-01 1.164000e-03 3.962800e-01
409 6.023960e-01 1.140000e-03 3.964640e-01
410 6.022040e-01 1.076000e-03 3.967200e-01
411 6.020680e-01 1.016000e-03 3.969160e-01
412 6.019520e-01 9.640000e-04 3.970840e-01
413 6.018160e-01 9.200000e-04 3.972640e-01
414 6.016680e-01 8.920000e-04 3.974400e-01
415 6.015280e-01 8.520000e-04 3.976200e-01
416 6.013920e-01 8.520000e-04 3.977560e-01
417 6.012560e-01 8.400000e-04 3.979040e-01
418 6.011200e-01 8.280000e-04 3.980520e-01
419 6.009760e-01 7.920000e-04 3.982320e-01
420 6.008520e-01 7.760000e-04 3.983720e-01
421 6.007440e-01 7.640000e-04 3.984920e-01
422 6.006120e-01 7.440000e-04 3.986440e-01
423 6.004520e-01 7.640000e-04 3.987840e-01
424 6.003440e-01 7.160000e-04 3.989400e-01
425 6.002200e-01 7.120000e-04 3.990680e-01
426 6.001120e-01 6.840000e-04 3.992040e-01
427 6.000040e-01 6.560000e-04 3.993400e-01
428 5.998960e-01 6.520000e-04 3.994520e-01
429 5.997880e-01 6.320000e-04 3.995800e-01
430 5.996760e-01 6.360000e-04 3.996880e-01
431 5.995600e-01 6.600000e-04 3.997800e-01
432 5.994560e-01 6.360000e-04 3.999080e-01
433 5.993840e-01 6.120000e-04 4.000040e-01
434 5.992960e-01 5.640000e-04 4.001400e-01
435 5.992240e-01 5.000000e-04 4.002760e-01
436 5.991400e-01 4.640000e-04 4.003960e-01
437 5.990800e-01 4.400000e-04 4.004800e-01
438 5.990080e-01 4.560000e-04 4.005360e-01
439 5.989240e-01 4.640000e-04 4.006120e-01
440 5.988720e-01 4.360000e-04 4.006920e-01
441 5.988040e-01 4.360000e-04 4.007600e-01
442 5.987480e-01 4.160000e-04 4.008360e-01
443 5.987080e-01 4.120000e-04 4.008800e-01
444 5.986080e-01 4.560000e-04 4.009360e-01
445 5.985320e-01 4.320000e-04 4.010360e-01
446 5.984520e-01 4.640000e-04 4.010840e-01
447 5.983560e-01 5.080000e-04 4.011360e-01
448 5.982640e-01 5.120000e-04 4.012240e-01
449 5.981600e-01 5.160000e-04 4.013240e-01
450 5.980840e-01 4.960000e-04 4.014200e-01
451 5.980520e-01 4.400000e-04 4.015080e-01
452 5.979840e-01 4.440000e-04 4.015720e-01
453 5.979040e-01 4.360000e-04 4.016600e-01
454 5.978360e-01 4.280000e-04 4.017360e-01
455 5.977960e-01 3.840000e-04 4.018200e-01
456 5.977320e-01 3.960000e-04 4.018720e-01
457 5.976560e-01 4.120000e-04 4.019320e-01
458 5.975720e-01 4.160000e-04 4.020120e-01
459 5.974640e-01 4.440000e-04 4.020920e-01
460 5.973440e-01 4.960000e-04 4.021600e-01
461 5.972800e-01 4.440000e-04 4.022760e-01
462 5.971760e-01 4.600000e-04 4.023640e-01
463 5.971080e-01 4.280000e-04 4.024640e-01
464 5.970200e-01 4.480000e-04 4.025320e-01
465 5.969200e-01 4.680000e-04 4.026120e-01
466 5.967760e-01 5.480000e-04 4.026760e-01
467 5.966320e-01 6.040000e-04 4.027640e-01
468 5.965240e-01 6.360000e-04 4.028400e-01
469 5.964160e-01 6.000000e-04 4.029840e-01
470 5.963480e-01 5.600000e-04 4.030920e-01
471 5.962440e-01 5.120000e-04 4.032440e-01
472 5.961360e-01 5.200000e-04 4.033440e-01
473 5.960480e-01 5.280000e-04 4.034240e-01
474 5.959480e-01 5.600000e-04 4.034920e-01
475 5.958520e-01 5.640000e-04 4.035840e-01
476 5.957480e-01 5.560000e-04 4.036960e-01
477 5.956640e-01 5.640000e-04 4.037720e-01
478 5.955920e-01 5.560000e-04 4.038520e-01
479 5.955240e-01 5.080000e-04 4.039680e-01
480 5.954320e-01 5.200000e-04 4.040480e-01
481 5.953600e-01 5.200000e-04 4.041200e-01
482 5.952720e-01 4.760000e-04 4.042520e-01
483 5.951960e-01 4.560000e-04 4.043480e-01
484 5.951120e-01 4.760000e-04 4.044120e-01
485 5.950200e-01 4.880000e-04 4.044920e-01
486 5.949200e-01 4.720000e-04 4.046080e-01
487 5.948280e-01 5.160000e-04 4.046560e-01
488 5.947000e-01 5.680000e-04 4.047320e-01
489 5.945400e-01 6.360000e-04 4.048240e-01
490 5.944160e-01 6.440000e-04 4.049400e-01
491 5.942720e-01 6.840000e-04 4.050440e-01
492 5.941480e-01 7.200000e-04 4.051320e-01
493 5.940320e-01 7.120000e-04 4.052560e-01
494 5.938880e-01 7.400000e-04 4.053720e-01
495 5.937680e-01 7.440000e-04 4.054880e-01
496 5.936280e-01 7.360000e-04 4.056360e-01
497 5.935440e-01 6.880000e-04 4.057680e-01
498 5.934720e-01 6.240000e-04 4.059040e-01
499 5.933440e-01 6.600000e-04 4.059960e-01
500 5.932560e-01 6.400000e-04 4.061040e-01
