1 9.991600e-01 7.520000e-04 8.800000e-05
2 9.987240e-01 1.004000e-03 2.720000e-04
3 9.980920e-01 1.424000e-03 4.840000e-04
4 9.973440e-01 1.924000e-03 7.320000e-04
5 9.965520e-01 2.368000e-03 1.080000e-03
6 9.958360e-01 2.664000e-03 1.500000e-03
7 9.950800e-01 2.900000e-03 2.020000e-03
8 9.941200e-01 3.304000e-03 2.576000e-03
9 9.932200e-01 3.576000e-03 3.204000e-03
10 9.922400e-01 3.892000e-03 3.868000e-03
11 9.912400e-01 4.144000e-03 4.616000e-03
12 9.902440e-01 4.364000e-03 5.392000e-03
13 9.892760e-01 4.564000e-03 6.160000e-03
14 9.882760e-01 4.840000e-03 6.884000e-03
15 9.870840e-01 5.056000e-03 7.860000e-03
16 9.860000e-01 5.312000e-03 8.688000e-03
17 9.848440e-01 5.548000e-03 9.608000e-03
18 9.836520e-01 5.824000e-03 1.052400e-02
19 9.824440e-01 6.064000e-03 1.149200e-02
20 9.811640e-01 6.300000e-03 1.253600e-02
21 9.798640e-01 6.524000e-03 1.361200e-02
22 9.785760e-01 6.620000e-03 1.480400e-02
23 9.774120e-01 6.644000e-03 1.594400e-02
24 9.760760e-01 6.820000e-03 1.710400e-02
25 9.747360e-01 6.876000e-03 1.838800e-02
26 9.733480e-01 7.036000e-03 1.961600e-02
27 9.719640e-01 7.120000e-03 2.091600e-02
28 9.706160e-01 7.032000e-03 2.235200e-02
29 9.693600e-01 7.024000e-03 2.361600e-02
30 9.680800e-01 6.972000e-03 2.494800e-02
31 9.667400e-01 7.012000e-03 2.624800e-02
32 9.653480e-01 7.188000e-03 2.746400e-02
33 9.641320e-01 7.080000e-03 2.878800e-02
34 9.627760e-01 7.216000e-03 3.000800e-02
35 9.613920e-01 7.148000e-03 3.146000e-02
36 9.601920e-01 7.092000e-03 3.271600e-02
37 9.589080e-01 6.992000e-03 3.410000e-02
38 9.575520e-01 7.164000e-03 3.528400e-02
39 9.561200e-01 7.348000e-03 3.653200e-02
40 9.548920e-01 7.204000e-03 3.790400e-02
41 9.534000e-01 7.456000e-03 3.914400e-02
42 9.519320e-01 7.620000e-03 4.044800e-02
43 9.505520e-01 7.704000e-03 4.174400e-02
44 9.491240e-01 7.760000e-03 4.311600e-02
45 9.476600e-01 7.880000e-03 4.446000e-02
46 9.463320e-01 7.836000e-03 4.583200e-02
47 9.451040e-01 7.696000e-03 4.720000e-02
48 9.438840e-01 7.488000e-03 4.862800e-02
49 9.425400e-01 7.500000e-03 4.996000e-02
50 9.413720e-01 7.380000e-03 5.124800e-02
51 9.402160e-01 7.308000e-03 5.247600e-02
52 9.388240e-01 7.448000e-03 5.372800e-02
53 9.376040e-01 7.320000e-03 5.507600e-02
54 9.363360e-01 7.336000e-03 5.632800e-02
55 9.350800e-01 7.356000e-03 5.756400e-02
56 9.338000e-01 7.312000e-03 5.888800e-02
57 9.325200e-01 7.268000e-03 6.021200e-02
58 9.313400e-01 7.324000e-03 6.133600e-02
59 9.300960e-01 7.244000e-03 6.266000e-02
60 9.288080e-01 7.212000e-03 6.398000e-02
61 9.273200e-01 7.504000e-03 6.517600e-02
62 9.258520e-01 7.628000e-03 6.652000e-02
63 9.244320e-01 7.640000e-03 6.792800e-02
64 9.229640e-01 7.848000e-03 6.918800e-02
65 9.214640e-01 7.972000e-03 7.056400e-02
66 9.199440e-01 8.124000e-03 7.193200e-02
67 9.184320e-01 8.264000e-03 7.330400e-02
68 9.169400e-01 8.160000e-03 7.490000e-02
69 9.153680e-01 8.332000e-03 7.630000e-02
70 9.139680e-01 8.412000e-03 7.762000e-02
71 9.125040e-01 8.516000e-03 7.898000e-02
72 9.110320e-01 8.532000e-03 8.043600e-02
73 9.096400e-01 8.516000e-03 8.184400e-02
74 9.080920e-01 8.448000e-03 8.346000e-02
75 9.066880e-01 8.384000e-03 8.492800e-02
76 9.052440e-01 8.424000e-03 8.633200e-02
77 9.039720e-01 8.364000e-03 8.766400e-02
78 9.026560e-01 8.252000e-03 8.909200e-02
79 9.012600e-01 8.224000e-03 9.051600e-02
80 8.999720e-01 8.004000e-03 9.202400e-02
81 8.986840e-01 7.876000e-03 9.344000e-02
82 8.973920e-01 7.724000e-03 9.488400e-02
83 8.961160e-01 7.624000e-03 9.626000e-02
84 8.948440e-01 7.548000e-03 9.760800e-02
85 8.934360e-01 7.628000e-03 9.893600e-02
86 8.921520e-01 7.660000e-03 1.001880e-01
87 8.909000e-01 7.680000e-03 1.014200e-01
88 8.896280e-01 7.420000e-03 1.029520e-01
89 8.883840e-01 7.412000e-03 1.042040e-01
90 8.873720e-01 7.040000e-03 1.055880e-01
91 8.862600e-01 6.792000e-03 1.069480e-01
92 8.853120e-01 6.656000e-03 1.080320e-01
93 8.841720e-01 6.640000e-03 1.091880e-01
94 8.830440e-01 6.636000e-03 1.103200e-01
95 8.819360e-01 6.568000e-03 1.114960e-01
96 8.808360e-01 6.572000e-03 1.125920e-01
97 8.797360e-01 6.384000e-03 1.138800e-01
98 8.784920e-01 6.484000e-03 1.150240e-01
99 8.772320e-01 6.532000e-03 1.162360e-01
100 8.761720e-01 6.404000e-03 1.174240e-01
101 8.750640e-01 6.420000e-03 1.185160e-01
102 8.740280e-01 6.316000e-03 1.196560e-01
103 8.729440e-01 6.176000e-03 1.208800e-01
104 8.720000e-01 6.072000e-03 1.219280e-01
105 8.710280e-01 6.040000e-03 1.229320e-01
106 8.699040e-01 6.120000e-03 1.239760e-01
107 8.687960e-01 6.076000e-03 1.251280e-01
108 8.678440e-01 5.892000e-03 1.262640e-01
109 8.668520e-01 5.680000e-03 1.274680e-01
110 8.658480e-01 5.660000e-03 1.284920e-01
111 8.649680e-01 5.576000e-03 1.294560e-01
112 8.639600e-01 5.576000e-03 1.304640e-01
113 8.630920e-01 5.508000e-03 1.314000e-01
114 8.621480e-01 5.588000e-03 1.322640e-01
115 8.611240e-01 5.700000e-03 1.331760e-01
116 8.601480e-01 5.752000e-03 1.341000e-01
117 8.591160e-01 5.816000e-03 1.350680e-01
118 8.580920e-01 5.780000e-03 1.361280e-01
119 8.569680e-01 5.756000e-03 1.372760e-01
120 8.559960e-01 5.704000e-03 1.383000e-01
121 8.549320e-01 5.668000e-03 1.394000e-01
122 8.539120e-01 5.616000e-03 1.404720e-01
123 8.528000e-01 5.700000e-03 1.415000e-01
124 8.518160e-01 5.632000e-03 1.425520e-01
125 8.506560e-01 5.816000e-03 1.435280e-01
126 8.495600e-01 5.876000e-03 1.445640e-01
127 8.484240e-01 6.020000e-03 1.455560e-01
128 8.472840e-01 6.216000e-03 1.465000e-01
129 8.461480e-01 6.196000e-03 1.476560e-01
130 8.450320e-01 6.280000e-03 1.486880e-01
131 8.440880e-01 6.076000e-03 1.498360e-01
132 8.431680e-01 5.892000e-03 1.509400e-01
133 8.421560e-01 5.976000e-03 1.518680e-01
134 8.412960e-01 5.868000e-03 1.528360e-01
135 8.403360e-01 5.868000e-03 1.537960e-01
136 8.392360e-01 5.856000e-03 1.549080e-01
137 8.381920e-01 5.936000e-03 1.558720e-01
138 8.371160e-01 5.864000e-03 1.570200e-01
139 8.360840e-01 5.824000e-03 1.580920e-01
140 8.349880e-01 5.836000e-03 1.591760e-01
141 8.339520e-01 5.844000e-03 1.602040e-01
142 8.328680e-01 5.972000e-03 1.611600e-01
143 8.316680e-01 6.036000e-03 1.622960e-01
144 8.305320e-01 6.108000e-03 1.633600e-01
145 8.294240e-01 6.076000e-03 1.645000e-01
146 8.282400e-01 6.280000e-03 1.654800e-01
147 8.272520e-01 6.176000e-03 1.665720e-01
148 8.261800e-01 6.212000e-03 1.676080e-01
149 8.250200e-01 6.212000e-03 1.687680e-01
150 8.239080e-01 6.292000e-03 1.698000e-01
151 8.228520e-01 6.192000e-03 1.709560e-01
152 8.217200e-01 6.220000e-03 1.720600e-01
153 8.205880e-01 6.332000e-03 1.730800e-01
154 8.193320e-01 6.452000e-03 1.742160e-01
155 8.182920e-01 6.420000e-03 1.752880e-01
156 8.172040e-01 6.304000e-03 1.764920e-01
157 8.160400e-01 6.340000e-03 1.776200e-01
158 8.149000e-01 6.304000e-03 1.787960e-01
159 8.136920e-01 6.400000e-03 1.799080e-01
160 8.126440e-01 6.328000e-03 1.810280e-01
161 8.114480e-01 6.416000e-03 1.821360e-01
162 8.103240e-01 6.376000e-03 1.833000e-01
163 8.092600e-01 6.292000e-03 1.844480e-01
164 8.081320e-01 6.340000e-03 1.855280e-01
165 8.070400e-01 6.340000e-03 1.866200e-01
166 8.060200e-01 6.296000e-03 1.876840e-01
167 8.049880e-01 6.320000e-03 1.886920e-01
168 8.039760e-01 6.328000e-03 1.896960e-01
169 8.028960e-01 6.424000e-03 1.906800e-01
170 8.019120e-01 6.316000e-03 1.917720e-01
171 8.009560e-01 6.204000e-03 1.928400e-01
172 8.000000e-01 6.092000e-03 1.939080e-01
173 7.990960e-01 5.932000e-03 1.949720e-01
174 7.981280e-01 5.888000e-03 1.959840e-01
175 7.971520e-01 5.736000e-03 1.971120e-01
176 7.961920e-01 5.748000e-03 1.980600e-01
177 7.953600e-01 5.616000e-03 1.990240e-01
178 7.944360e-01 5.620000e-03 1.999440e-01
179 7.935160e-01 5.584000e-03 2.009000e-01
180 7.926760e-01 5.376000e-03 2.019480e-01
181 7.917760e-01 5.256000e-03 2.029680e-01
182 7.908720e-01 5.316000e-03 2.038120e-01
183 7.900640e-01 5.272000e-03 2.046640e-01
184 7.893840e-01 5.072000e-03 2.055440e-01
185 7.886960e-01 4.976000e-03 2.063280e-01
186 7.879520e-01 4.964000e-03 2.070840e-01
187 7.873200e-01 4.728000e-03 2.079520e-01
188 7.865320e-01 4.692000e-03 2.087760e-01
189 7.858600e-01 4.556000e-03 2.095840e-01
190 7.851200e-01 4.480000e-03 2.104000e-01
191 7.843600e-01 4.584000e-03 2.110560e-01
192 7.836720e-01 4.372000e-03 2.119560e-01
193 7.829120e-01 4.308000e-03 2.127800e-01
194 7.821400e-01 4.328000e-03 2.135320e-01
195 7.813640e-01 4.380000e-03 2.142560e-01
196 7.806120e-01 4.464000e-03 2.149240e-01
197 7.797440e-01 4.592000e-03 2.156640e-01
198 7.789480e-01 4.588000e-03 2.164640e-01
199 7.781320e-01 4.576000e-03 2.172920e-01
200 7.773280e-01 4.548000e-03 2.181240e-01
201 7.764920e-01 4.644000e-03 2.188640e-01
202 7.757040e-01 4.504000e-03 2.197920e-01
203 7.748720e-01 4.532000e-03 2.205960e-01
204 7.740400e-01 4.604000e-03 2.213560e-01
205 7.732000e-01 4.692000e-03 2.221080e-01
206 7.724440e-01 4.680000e-03 2.228760e-01
207 7.716120e-01 4.632000e-03 2.237560e-01
208 7.707520e-01 4.740000e-03 2.245080e-01
209 7.698760e-01 4.760000e-03 2.253640e-01
210 7.689560e-01 4.872000e-03 2.261720e-01
211 7.680320e-01 4.948000e-03 2.270200e-01
212 7.671480e-01 5.036000e-03 2.278160e-01
213 7.662640e-01 5.036000e-03 2.287000e-01
214 7.654160e-01 4.992000e-03 2.295920e-01
215 7.644920e-01 5.156000e-03 2.303520e-01
216 7.636000e-01 5.132000e-03 2.312680e-01
217 7.626600e-01 5.172000e-03 2.321680e-01
218 7.617240e-01 5.236000e-03 2.330400e-01
219 7.606760e-01 5.320000e-03 2.340040e-01
220 7.596720e-01 5.372000e-03 2.349560e-01
221 7.586440e-01 5.440000e-03 2.359160e-01
222 7.576720e-01 5.472000e-03 2.368560e-01
223 7.567520e-01 5.460000e-03 2.377880e-01
224 7.559320e-01 5.436000e-03 2.386320e-01
225 7.550760e-01 5.372000e-03 2.395520e-01
226 7.542800e-01 5.156000e-03 2.405640e-01
227 7.534360e-01 5.156000e-03 2.414080e-01
228 7.525680e-01 5.140000e-03 2.422920e-01
229 7.518560e-01 4.864000e-03 2.432800e-01
230 7.509880e-01 4.824000e-03 2.441880e-01
231 7.501760e-01 4.824000e-03 2.450000e-01
232 7.493040e-01 4.944000e-03 2.457520e-01
233 7.484200e-01 5.052000e-03 2.465280e-01
234 7.476040e-01 5.008000e-03 2.473880e-01
235 7.467280e-01 5.020000e-03 2.482520e-01
236 7.458000e-01 5.032000e-03 2.491680e-01
237 7.449760e-01 4.872000e-03 2.501520e-01
238 7.441080e-01 4.908000e-03 2.509840e-01
239 7.432720e-01 4.944000e-03 2.517840e-01
240 7.425120e-01 4.752000e-03 2.527360e-01
241 7.418080e-01 4.752000e-03 2.534400e-01
242 7.409920e-01 4.672000e-03 2.543360e-01
243 7.401640e-01 4.704000e-03 2.551320e-01
244 7.393760e-01 4.676000e-03 2.559480e-01
245 7.384680e-01 4.812000e-03 2.567200e-01
246 7.376160e-01 4.772000e-03 2.576120e-01
247 7.367800e-01 4.832000e-03 2.583880e-01
248 7.360480e-01 4.704000e-03 2.592480e-01
249 7.351280e-01 4.776000e-03 2.600960e-01
250 7.343320e-01 4.760000e-03 2.609080e-01
251 7.335640e-01 4.748000e-03 2.616880e-01
252 7.327680e-01 4.696000e-03 2.625360e-01
253 7.320280e-01 4.612000e-03 2.633600e-01
254 7.312680e-01 4.524000e-03 2.642080e-01
255 7.306400e-01 4.400000e-03 2.649600e-01
256 7.299240e-01 4.308000e-03 2.657680e-01
257 7.292640e-01 4.140000e-03 2.665960e-01
258 7.285120e-01 4.152000e-03 2.673360e-01
259 7.278720e-01 4.100000e-03 2.680280e-01
260 7.272320e-01 4.116000e-03 2.686520e-01
261 7.265800e-01 4.004000e-03 2.694160e-01
262 7.258760e-01 3.960000e-03 2.701640e-01
263 7.252640e-01 3.960000e-03 2.707760e-01
264 7.246480e-01 3.788000e-03 2.715640e-01
265 7.240360e-01 3.768000e-03 2.721960e-01
266 7.233920e-01 3.812000e-03 2.727960e-01
267 7.227080e-01 3.840000e-03 2.734520e-01
268 7.220560e-01 3.800000e-03 2.741440e-01
269 7.214720e-01 3.648000e-03 2.748800e-01
270 7.208800e-01 3.636000e-03 2.754840e-01
271 7.203560e-01 3.520000e-03 2.761240e-01
272 7.198280e-01 3.520000e-03 2.766520e-01
273 7.192320e-01 3.476000e-03 2.772920e-01
274 7.186840e-01 3.444000e-03 2.778720e-01
275 7.181880e-01 3.376000e-03 2.784360e-01
276 7.175200e-01 3.472000e-03 2.790080e-01
277 7.168880e-01 3.636000e-03 2.794760e-01
278 7.161960e-01 3.668000e-03 2.801360e-01
279 7.156760e-01 3.580000e-03 2.807440e-01
280 7.150920e-01 3.516000e-03 2.813920e-01
281 7.145120e-01 3.448000e-03 2.820400e-01
282 7.138840e-01 3.380000e-03 2.827360e-01
283 7.132560e-01 3.448000e-03 2.832960e-01
284 7.126760e-01 3.408000e-03 2.839160e-01
285 7.121240e-01 3.396000e-03 2.844800e-01
286 7.116320e-01 3.296000e-03 2.850720e-01
287 7.110280e-01 3.292000e-03 2.856800e-01
288 7.103400e-01 3.352000e-03 2.863080e-01
289 7.097840e-01 3.296000e-03 2.869200e-01
290 7.091840e-01 3.276000e-03 2.875400e-01
291 7.086120e-01 3.288000e-03 2.881000e-01
292 7.079880e-01 3.388000e-03 2.886240e-01
293 7.074000e-01 3.372000e-03 2.892280e-01
294 7.067440e-01 3.484000e-03 2.897720e-01
295 7.062640e-01 3.360000e-03 2.903760e-01
296 7.057480e-01 3.332000e-03 2.909200e-01
297 7.052680e-01 3.192000e-03 2.915400e-01
298 7.047960e-01 3.064000e-03 2.921400e-01
299 7.042960e-01 3.056000e-03 2.926480e-01
300 7.038200e-01 3.004000e-03 2.931760e-01
301 7.033640e-01 2.952000e-03 2.936840e-01
302 7.028720e-01 2.984000e-03 2.941440e-01
303 7.024440e-01 2.860000e-03 2.946960e-01
304 7.019280e-01 2.868000e-03 2.952040e-01
305 7.014440e-01 2.824000e-03 2.957320e-01
306 7.009080e-01 2.864000e-03 2.962280e-01
307 7.003800e-01 2.872000e-03 2.967480e-01
308 6.998600e-01 2.892000e-03 2.972480e-01
309 6.993960e-01 2.784000e-03 2.978200e-01
310 6.988600e-01 2.840000e-03 2.983000e-01
311 6.984280e-01 2.772000e-03 2.988000e-01
312 6.979440e-01 2.744000e-03 2.993120e-01
313 6.973520e-01 2.832000e-03 2.998160e-01
314 6.969040e-01 2.840000e-03 3.002560e-01
315 6.964320e-01 2.784000e-03 3.007840e-01
316 6.959680e-01 2.764000e-03 3.012680e-01
317 6.955360e-01 2.752000e-03 3.017120e-01
318 6.950880e-01 2.664000e-03 3.022480e-01
319 6.946520e-01 2.604000e-03 3.027440e-01
320 6.941600e-01 2.664000e-03 3.031760e-01
321 6.937280e-01 2.728000e-03 3.035440e-01
322 6.932800e-01 2.740000e-03 3.039800e-01
323 6.928760e-01 2.668000e-03 3.044560e-01
324 6.924520e-01 2.652000e-03 3.048960e-01
325 6.919160e-01 2.728000e-03 3.053560e-01
326 6.914800e-01 2.724000e-03 3.057960e-01
327 6.910280e-01 2.728000e-03 3.062440e-01
328 6.905800e-01 2.708000e-03 3.067120e-01
329 6.901520e-01 2.664000e-03 3.071840e-01
330 6.896960e-01 2.568000e-03 3.077360e-01
331 6.892920e-01 2.468000e-03 3.082400e-01
332 6.888440e-01 2.472000e-03 3.086840e-01
333 6.884080e-01 2.400000e-03 3.091920e-01
334 6.880160e-01 2.296000e-03 3.096880e-01
335 6.876280e-01 2.248000e-03 3.101240e-01
336 6.872880e-01 2.144000e-03 3.105680e-01
337 6.868680e-01 2.160000e-03 3.109720e-01
338 6.865520e-01 2.068000e-03 3.113800e-01
339 6.861960e-01 2.088000e-03 3.117160e-01
340 6.859280e-01 1.976000e-03 3.120960e-01
341 6.855640e-01 1.988000e-03 3.124480e-01
342 6.851560e-01 2.084000e-03 3.127600e-01
343 6.848000e-01 2.108000e-03 3.130920e-01
344 6.844200e-01 2.108000e-03 3.134720e-01
345 6.841160e-01 2.076000e-03 3.138080e-01
346 6.837560e-01 2.084000e-03 3.141600e-01
347 6.834600e-01 2.080000e-03 3.144600e-01
348 6.831480e-01 2.032000e-03 3.148200e-01
349 6.828440e-01 1.984000e-03 3.151720e-01
350 6.825000e-01 1.972000e-03 3.155280e-01
351 6.821600e-01 1.964000e-03 3.158760e-01
352 6.818760e-01 1.904000e-03 3.162200e-01
353 6.816200e-01 1.800000e-03 3.165800e-01
354 6.812920e-01 1.872000e-03 3.168360e-01
355 6.809880e-01 1.884000e-03 3.171280e-01
356 6.806360e-01 1.892000e-03 3.174720e-01
357 6.803320e-01 1.856000e-03 3.178120e-01
358 6.800280e-01 1.764000e-03 3.182080e-01
359 6.797080e-01 1.812000e-03 3.184800e-01
360 6.793000e-01 1.992000e-03 3.187080e-01
361 6.789680e-01 1.996000e-03 3.190360e-01
362 6.786160e-01 2.040000e-03 3.193440e-01
363 6.781400e-01 2.172000e-03 3.196880e-01
364 6.776840e-01 2.172000e-03 3.201440e-01
365 6.772920e-01 2.164000e-03 3.205440e-01
366 6.768720e-01 2.232000e-03 3.208960e-01
367 6.764160e-01 2.272000e-03 3.213120e-01
368 6.760600e-01 2.188000e-03 3.217520e-01
369 6.756560e-01 2.192000e-03 3.221520e-01
370 6.752400e-01 2.220000e-03 3.225400e-01
371 6.748080e-01 2.256000e-03 3.229360e-01
372 6.744720e-01 2.160000e-03 3.233680e-01
373 6.739920e-01 2.308000e-03 3.237000e-01
374 6.735400e-01 2.340000e-03 3.241200e-01
375 6.731920e-01 2.324000e-03 3.244840e-01
376 6.728080e-01 2.268000e-03 3.249240e-01
377 6.723720e-01 2.308000e-03 3.253200e-01
378 6.720320e-01 2.292000e-03 3.256760e-01
379 6.716280e-01 2.260000e-03 3.261120e-01
380 6.712440e-01 2.244000e-03 3.265120e-01
381 6.708680e-01 2.204000e-03 3.269280e-01
382 6.704600e-01 2.236000e-03 3.273040e-01
383 6.701400e-01 2.224000e-03 3.276360e-01
384 6.697040e-01 2.264000e-03 3.280320e-01
385 6.693360e-01 2.192000e-03 3.284720e-01
386 6.690040e-01 2.120000e-03 3.288760e-01
387 6.686000e-01 2.172000e-03 3.292280e-01
388 6.681960e-01 2.172000e-03 3.296320e-01
389 6.678000e-01 2.224000e-03 3.299760e-01
390 6.674080e-01 2.168000e-03 3.304240e-01
391 6.669480e-01 2.264000e-03 3.307880e-01
392 6.665440e-01 2.312000e-03 3.311440e-01
393 6.661280e-01 2.348000e-03 3.315240e-01
394 6.657040e-01 2.372000e-03 3.319240e-01
395 6.653200e-01 2.300000e-03 3.323800e-01
396 6.649040e-01 2.348000e-03 3.327480e-01
397 6.645960e-01 2.224000e-03 3.331800e-01
398 6.642080e-01 2.232000e-03 3.335600e-01
399 6.638440e-01 2.272000e-03 3.338840e-01
400 6.634880e-01 2.256000e-03 3.342560e-01
401 6.631280e-01 2.144000e-03 3.347280e-01
402 6.628200e-01 2.092000e-03 3.350880e-01
403 6.624200e-01 2.140000e-03 3.354400e-01
404 6.619600e-01 2.156000e-03 3.358840e-01
405 6.615280e-01 2.216000e-03 3.362560e-01
406 6.611080e-01 2.292000e-03 3.366000e-01
407 6.606960e-01 2.340000e-03 3.369640e-01
408 6.603040e-01 2.336000e-03 3.373600e-01
409 6.598840e-01 2.332000e-03 3.377840e-01
410 6.594760e-01 2.324000e-03 3.382000e-01
411 6.591400e-01 2.292000e-03 3.385680e-01
412 6.587840e-01 2.224000e-03 3.389920e-01
413 6.584160e-01 2.208000e-03 3.393760e-01
414 6.580120e-01 2.216000e-03 3.397720e-01
415 6.576680e-01 2.156000e-03 3.401760e-01
416 6.572560e-01 2.228000e-03 3.405160e-01
417 6.568400e-01 2.224000e-03 3.409360e-01
418 6.564880e-01 2.224000e-03 3.412880e-01
419 6.561160e-01 2.184000e-03 3.417000e-01
420 6.557280e-01 2.148000e-03 3.421240e-01
421 6.553000e-01 2.184000e-03 3.425160e-01
422 6.548840e-01 2.228000e-03 3.428880e-01
423 6.544920e-01 2.192000e-03 3.433160e-01
424 6.541440e-01 2.172000e-03 3.436840e-01
425 6.537920e-01 2.124000e-03 3.440840e-01
426 6.534280e-01 2.060000e-03 3.445120e-01
427 6.530440e-01 2.108000e-03 3.448480e-01
428 6.526640e-01 2.172000e-03 3.451640e-01
429 6.522120e-01 2.244000e-03 3.455440e-01
430 6.517440e-01 2.344000e-03 3.459120e-01
431 6.513880e-01 2.292000e-03 3.463200e-01
432 6.510200e-01 2.360000e-03 3.466200e-01
433 6.507200e-01 2.292000e-03 3.469880e-01
434 6.503320e-01 2.304000e-03 3.473640e-01
435 6.499200e-01 2.316000e-03 3.477640e-01
436 6.495000e-01 2.320000e-03 3.481800e-01
437 6.491600e-01 2.208000e-03 3.486320e-01
438 6.487280e-01 2.252000e-03 3.490200e-01
439 6.483920e-01 2.176000e-03 3.494320e-01
440 6.480960e-01 2.056000e-03 3.498480e-01
441 6.478040e-01 1.932000e-03 3.502640e-01
442 6.474720e-01 1.976000e-03 3.505520e-01
443 6.471320e-01 2.016000e-03 3.508520e-01
444 6.467720e-01 2.016000e-03 3.512120e-01
445 6.464080e-01 2.036000e-03 3.515560e-01
446 6.460200e-01 2.116000e-03 3.518640e-01
447 6.456960e-01 2.012000e-03 3.522920e-01
448 6.453360e-01 2.068000e-03 3.525960e-01
449 6.449800e-01 2.096000e-03 3.529240e-01
450 6.445960e-01 2.156000e-03 3.532480e-01
451 6.442160e-01 2.096000e-03 3.536880e-01
452 6.438520e-01 2.100000e-03 3.540480e-01
453 6.434440e-01 2.104000e-03 3.544520e-01
454 6.430760e-01 2.092000e-03 3.548320e-01
455 6.428280e-01 1.972000e-03 3.552000e-01
456 6.425960e-01 1.860000e-03 3.555440e-01
457 6.422400e-01 1.920000e-03 3.558400e-01
458 6.418360e-01 1.892000e-03 3.562720e-01
459 6.415400e-01 1.836000e-03 3.566240e-01
460 6.412080e-01 1.832000e-03 3.569600e-01
461 6.408920e-01 1.824000e-03 3.572840e-01
462 6.405520e-01 1.864000e-03 3.575840e-01
463 6.402120e-01 1.904000e-03 3.578840e-01
464 6.398920e-01 1.924000e-03 3.581840e-01
465 6.395240e-01 1.952000e-03 3.585240e-01
466 6.391480e-01 2.004000e-03 3.588480e-01
467 6.388440e-01 1.984000e-03 3.591720e-01
468 6.384800e-01 2.048000e-03 3.594720e-01
469 6.380560e-01 2.092000e-03 3.598520e-01
470 6.377040e-01 2.092000e-03 3.602040e-01
471 6.373360e-01 2.044000e-03 3.606200e-01
472 6.370440e-01 1.948000e-03 3.610080e-01
473 6.367480e-01 1.852000e-03 3.614000e-01
474 6.364000e-01 1.900000e-03 3.617000e-01
475 6.360680e-01 1.900000e-03 3.620320e-01
476 6.356800e-01 1.936000e-03 3.623840e-01
477 6.353560e-01 1.904000e-03 3.627400e-01
478 6.350720e-01 1.808000e-03 3.631200e-01
479 6.347760e-01 1.732000e-03 3.634920e-01
480 6.345040e-01 1.660000e-03 3.638360e-01
481 6.342200e-01 1.644000e-03 3.641360e-01
482 6.339240e-01 1.608000e-03 3.644680e-01
483 6.336440e-01 1.596000e-03 3.647600e-01
484 6.333800e-01 1.600000e-03 3.650200e-01
485 6.330920e-01 1.568000e-03 3.653400e-01
486 6.328600e-01 1.536000e-03 3.656040e-01
487 6.325800e-01 1.516000e-03 3.659040e-01
488 6.323280e-01 1.532000e-03 3.661400e-01
489 6.321160e-01 1.452000e-03 3.664320e-01
490 6.318640e-01 1.416000e-03 3.667200e-01
491 6.315920e-01 1.464000e-03 3.669440e-01
492 6.312720e-01 1.556000e-03 3.671720e-01
493 6.310360e-01 1.548000e-03 3.674160e-01
494 6.308120e-01 1.504000e-03 3.676840e-01
495 6.305680e-01 1.460000e-03 3.679720e-01
496 6.303320e-01 1.480000e-03 3.681880e-01
497 6.300600e-01 1.540000e-03 3.684000e-01
498 6.297120e-01 1.668000e-03 3.686200e-01
499 6.293520e-01 1.724000e-03 3.689240e-01
500 6.290480e-01 1.744000e-03 3.692080e-01
