1 9.992520e-01 6.600000e-04 8.800000e-05
2 9.986360e-01 1.116000e-03 2.480000e-04
3 9.980360e-01 1.540000e-03 4.240000e-04
4 9.972200e-01 2.072000e-03 7.080000e-04
5 9.963920e-01 2.500000e-03 1.108000e-03
6 9.956160e-01 2.796000e-03 1.588000e-03
7 9.948200e-01 3.092000e-03 2.088000e-03
8 9.939280e-01 3.352000e-03 2.720000e-03
9 9.931800e-01 3.540000e-03 3.280000e-03
10 9.922480e-01 3.928000e-03 3.824000e-03
11 9.911800e-01 4.368000e-03 4.452000e-03
12 9.899680e-01 4.796000e-03 5.236000e-03
13 9.887680e-01 5.108000e-03 6.124000e-03
14 9.875920e-01 5.384000e-03 7.024000e-03
15 9.863920e-01 5.488000e-03 8.120000e-03
16 9.851280e-01 5.732000e-03 9.140000e-03
17 9.839360e-01 5.904000e-03 1.016000e-02
18 9.826680e-01 6.116000e-03 1.121600e-02
19 9.812800e-01 6.500000e-03 1.222000e-02
20 9.799800e-01 6.680000e-03 1.334000e-02
21 9.786360e-01 6.904000e-03 1.446000e-02
22 9.773600e-01 6.952000e-03 1.568800e-02
23 9.761800e-01 6.932000e-03 1.688800e-02
24 9.748000e-01 7.212000e-03 1.798800e-02
25 9.732880e-01 7.480000e-03 1.923200e-02
26 9.718560e-01 7.648000e-03 2.049600e-02
27 9.704000e-01 7.816000e-03 2.178400e-02
28 9.689000e-01 7.972000e-03 2.312800e-02
29 9.673800e-01 8.036000e-03 2.458400e-02
30 9.657960e-01 8.128000e-03 2.607600e-02
31 9.642880e-01 8.148000e-03 2.756400e-02
32 9.626920e-01 8.192000e-03 2.911600e-02
33 9.611960e-01 8.232000e-03 3.057200e-02
34 9.596960e-01 8.200000e-03 3.210400e-02
35 9.582840e-01 8.168000e-03 3.354800e-02
36 9.568160e-01 8.212000e-03 3.497200e-02
37 9.552840e-01 8.232000e-03 3.648400e-02
38 9.537760e-01 8.256000e-03 3.796800e-02
39 9.522640e-01 8.376000e-03 3.936000e-02
40 9.508040e-01 8.444000e-03 4.075200e-02
41 9.493160e-01 8.408000e-03 4.227600e-02
42 9.480440e-01 8.160000e-03 4.379600e-02
43 9.468680e-01 7.948000e-03 4.518400e-02
44 9.456120e-01 7.796000e-03 4.659200e-02
45 9.443320e-01 7.832000e-03 4.783600e-02
46 9.430040e-01 7.884000e-03 4.911200e-02
47 9.415120e-01 8.072000e-03 5.041600e-02
48 9.401920e-01 8.068000e-03 5.174000e-02
49 9.385520e-01 8.204000e-03 5.324400e-02
50 9.371560e-01 8.000000e-03 5.484400e-02
51 9.356880e-01 8.060000e-03 5.625200e-02
52 9.341600e-01 8.048000e-03 5.779200e-02
53 9.327000e-01 8.112000e-03 5.918800e-02
54 9.310520e-01 8.256000e-03 6.069200e-02
55 9.296720e-01 8.128000e-03 6.220000e-02
56 9.282280e-01 8.116000e-03 6.365600e-02
57 9.269040e-01 7.980000e-03 6.511600e-02
58 9.253880e-01 8.168000e-03 6.644400e-02
59 9.239720e-01 8.136000e-03 6.789200e-02
60 9.224240e-01 8.252000e-03 6.932400e-02
61 9.210920e-01 8.144000e-03 7.076400e-02
62 9.195080e-01 8.268000e-03 7.222400e-02
63 9.178800e-01 8.352000e-03 7.376800e-02
64 9.163080e-01 8.396000e-03 7.529600e-02
65 9.147160e-01 8.412000e-03 7.687200e-02
66 9.131840e-01 8.340000e-03 7.847600e-02
67 9.116000e-01 8.384000e-03 8.001600e-02
68 9.100280e-01 8.460000e-03 8.151200e-02
69 9.084200e-01 8.524000e-03 8.305600e-02
70 9.068800e-01 8.580000e-03 8.454000e-02
71 9.053000e-01 8.604000e-03 8.609600e-02
72 9.038480e-01 8.532000e-03 8.762000e-02
73 9.023120e-01 8.560000e-03 8.912800e-02
74 9.007120e-01 8.664000e-03 9.062400e-02
75 8.991160e-01 8.732000e-03 9.215200e-02
76 8.975880e-01 8.724000e-03 9.368800e-02
77 8.960600e-01 8.824000e-03 9.511600e-02
78 8.943720e-01 8.964000e-03 9.666400e-02
79 8.928120e-01 8.928000e-03 9.826000e-02
80 8.909960e-01 9.192000e-03 9.981200e-02
81 8.893600e-01 9.160000e-03 1.014800e-01
82 8.874560e-01 9.416000e-03 1.031280e-01
83 8.856400e-01 9.636000e-03 1.047240e-01
84 8.838040e-01 9.736000e-03 1.064600e-01
85 8.819080e-01 9.824000e-03 1.082680e-01
86 8.802320e-01 9.504000e-03 1.102640e-01
87 8.784240e-01 9.804000e-03 1.117720e-01
88 8.767560e-01 9.784000e-03 1.134600e-01
89 8.750840e-01 9.580000e-03 1.153360e-01
90 8.734600e-01 9.452000e-03 1.170880e-01
91 8.717280e-01 9.508000e-03 1.187640e-01
92 8.699360e-01 9.656000e-03 1.204080e-01
93 8.682400e-01 9.704000e-03 1.220560e-01
94 8.665600e-01 9.704000e-03 1.237360e-01
95 8.647800e-01 9.928000e-03 1.252920e-01
96 8.629880e-01 1.004800e-02 1.269640e-01
97 8.612840e-01 9.948000e-03 1.287680e-01
98 8.598040e-01 9.608000e-03 1.305880e-01
99 8.581960e-01 9.504000e-03 1.323000e-01
100 8.563520e-01 9.620000e-03 1.340280e-01
101 8.546960e-01 9.716000e-03 1.355880e-01
102 8.531880e-01 9.524000e-03 1.372880e-01
103 8.516600e-01 9.512000e-03 1.388280e-01
104 8.500840e-01 9.364000e-03 1.405520e-01
105 8.486320e-01 9.092000e-03 1.422760e-01
106 8.471880e-01 8.960000e-03 1.438520e-01
107 8.456520e-01 8.968000e-03 1.453800e-01
108 8.442440e-01 8.912000e-03 1.468440e-01
109 8.427800e-01 8.752000e-03 1.484680e-01
110 8.412720e-01 8.644000e-03 1.500840e-01
111 8.398320e-01 8.536000e-03 1.516320e-01
112 8.383200e-01 8.580000e-03 1.531000e-01
113 8.367840e-01 8.628000e-03 1.545880e-01
114 8.351080e-01 8.668000e-03 1.562240e-01
115 8.334320e-01 8.912000e-03 1.576560e-01
116 8.319160e-01 9.048000e-03 1.590360e-01
117 8.302920e-01 9.056000e-03 1.606520e-01
118 8.288080e-01 9.124000e-03 1.620680e-01
119 8.271840e-01 9.080000e-03 1.637360e-01
120 8.255120e-01 9.120000e-03 1.653680e-01
121 8.239000e-01 9.180000e-03 1.669200e-01
122 8.222600e-01 9.132000e-03 1.686080e-01
123 8.206680e-01 9.224000e-03 1.701080e-01
124 8.191320e-01 8.996000e-03 1.718720e-01
125 8.175120e-01 9.116000e-03 1.733720e-01
126 8.159360e-01 9.036000e-03 1.750280e-01
127 8.144280e-01 8.928000e-03 1.766440e-01
128 8.127760e-01 8.928000e-03 1.782960e-01
129 8.112520e-01 8.920000e-03 1.798280e-01
130 8.095560e-01 8.972000e-03 1.814720e-01
131 8.081320e-01 8.684000e-03 1.831840e-01
132 8.065760e-01 8.724000e-03 1.847000e-01
133 8.050200e-01 8.680000e-03 1.863000e-01
134 8.035560e-01 8.708000e-03 1.877360e-01
135 8.022520e-01 8.372000e-03 1.893760e-01
136 8.008840e-01 8.376000e-03 1.907400e-01
137 7.994200e-01 8.332000e-03 1.922480e-01
138 7.979520e-01 8.240000e-03 1.938080e-01
139 7.965560e-01 8.268000e-03 1.951760e-01
140 7.951000e-01 8.360000e-03 1.965400e-01
141 7.935160e-01 8.428000e-03 1.980560e-01
142 7.920440e-01 8.408000e-03 1.995480e-01
143 7.903400e-01 8.616000e-03 2.010440e-01
144 7.886680e-01 8.664000e-03 2.026680e-01
145 7.870640e-01 8.716000e-03 2.042200e-01
146 7.854480e-01 8.916000e-03 2.056360e-01
147 7.838040e-01 9.084000e-03 2.071120e-01
148 7.821320e-01 9.036000e-03 2.088320e-01
149 7.806040e-01 8.988000e-03 2.104080e-01
150 7.790280e-01 8.952000e-03 2.120200e-01
151 7.775320e-01 8.948000e-03 2.135200e-01
152 7.759880e-01 8.996000e-03 2.150160e-01
153 7.743680e-01 8.964000e-03 2.166680e-01
154 7.728680e-01 8.796000e-03 2.183360e-01
155 7.714360e-01 8.768000e-03 2.197960e-01
156 7.698000e-01 8.920000e-03 2.212800e-01
157 7.682240e-01 8.900000e-03 2.228760e-01
158 7.667160e-01 8.872000e-03 2.244120e-01
159 7.651880e-01 8.860000e-03 2.259520e-01
160 7.636400e-01 8.940000e-03 2.274200e-01
161 7.620440e-01 8.884000e-03 2.290720e-01
162 7.605040e-01 8.984000e-03 2.305120e-01
163 7.587240e-01 9.192000e-03 2.320840e-01
164 7.572360e-01 9.032000e-03 2.337320e-01
165 7.557160e-01 9.044000e-03 2.352400e-01
166 7.543440e-01 8.812000e-03 2.368440e-01
167 7.528320e-01 8.836000e-03 2.383320e-01
168 7.513720e-01 8.792000e-03 2.398360e-01
169 7.498040e-01 8.888000e-03 2.413080e-01
170 7.483000e-01 8.728000e-03 2.429720e-01
171 7.468120e-01 8.700000e-03 2.444880e-01
172 7.454160e-01 8.652000e-03 2.459320e-01
173 7.438960e-01 8.684000e-03 2.474200e-01
174 7.422680e-01 8.720000e-03 2.490120e-01
175 7.407320e-01 8.640000e-03 2.506280e-01
176 7.390880e-01 8.840000e-03 2.520720e-01
177 7.374080e-01 8.992000e-03 2.536000e-01
178 7.356280e-01 9.140000e-03 2.552320e-01
179 7.340040e-01 9.172000e-03 2.568240e-01
180 7.323840e-01 9.068000e-03 2.585480e-01
181 7.307760e-01 9.184000e-03 2.600400e-01
182 7.292320e-01 9.180000e-03 2.615880e-01
183 7.276840e-01 9.024000e-03 2.632920e-01
184 7.261400e-01 8.960000e-03 2.649000e-01
185 7.246600e-01 8.864000e-03 2.664760e-01
186 7.233280e-01 8.556000e-03 2.681160e-01
187 7.218400e-01 8.444000e-03 2.697160e-01
188 7.202920e-01 8.596000e-03 2.711120e-01
189 7.188640e-01 8.576000e-03 2.725600e-01
190 7.173160e-01 8.616000e-03 2.740680e-01
191 7.158080e-01 8.540000e-03 2.756520e-01
192 7.143040e-01 8.644000e-03 2.770520e-01
193 7.126200e-01 8.804000e-03 2.785760e-01
194 7.110680e-01 8.796000e-03 2.801360e-01
195 7.095480e-01 8.780000e-03 2.816720e-01
196 7.079440e-01 8.848000e-03 2.832080e-01
197 7.065160e-01 8.684000e-03 2.848000e-01
198 7.050960e-01 8.612000e-03 2.862920e-01
199 7.036800e-01 8.444000e-03 2.878760e-01
200 7.024600e-01 8.164000e-03 2.893760e-01
201 7.010960e-01 8.184000e-03 2.907200e-01
202 6.999160e-01 7.960000e-03 2.921240e-01
203 6.986120e-01 7.744000e-03 2.936440e-01
204 6.973320e-01 7.820000e-03 2.948480e-01
205 6.960400e-01 7.732000e-03 2.962280e-01
206 6.946960e-01 7.716000e-03 2.975880e-01
207 6.934720e-01 7.600000e-03 2.989280e-01
208 6.920160e-01 7.764000e-03 3.002200e-01
209 6.907240e-01 7.652000e-03 3.016240e-01
210 6.894840e-01 7.472000e-03 3.030440e-01
211 6.881960e-01 7.504000e-03 3.043000e-01
212 6.868720e-01 7.476000e-03 3.056520e-01
213 6.855640e-01 7.444000e-03 3.069920e-01
214 6.844320e-01 7.204000e-03 3.083640e-01
215 6.831920e-01 7.220000e-03 3.095880e-01
216 6.818400e-01 7.276000e-03 3.108840e-01
217 6.806560e-01 7.196000e-03 3.121480e-01
218 6.792920e-01 7.296000e-03 3.134120e-01
219 6.780760e-01 7.172000e-03 3.147520e-01
220 6.768440e-01 7.128000e-03 3.160280e-01
221 6.756320e-01 7.096000e-03 3.172720e-01
222 6.743360e-01 7.148000e-03 3.185160e-01
223 6.729720e-01 7.168000e-03 3.198600e-01
224 6.715640e-01 7.312000e-03 3.211240e-01
225 6.701480e-01 7.424000e-03 3.224280e-01
226 6.687240e-01 7.476000e-03 3.238000e-01
227 6.673280e-01 7.648000e-03 3.250240e-01
228 6.661640e-01 7.536000e-03 3.263000e-01
229 6.648320e-01 7.532000e-03 3.276360e-01
230 6.634920e-01 7.688000e-03 3.288200e-01
231 6.620800e-01 7.792000e-03 3.301280e-01
232 6.606440e-01 7.992000e-03 3.313640e-01
233 6.591960e-01 8.128000e-03 3.326760e-01
234 6.576720e-01 8.096000e-03 3.342320e-01
235 6.562640e-01 8.084000e-03 3.356520e-01
236 6.549040e-01 8.060000e-03 3.370360e-01
237 6.536320e-01 7.932000e-03 3.384360e-01
238 6.523680e-01 7.744000e-03 3.398880e-01
239 6.511760e-01 7.612000e-03 3.412120e-01
240 6.500680e-01 7.400000e-03 3.425320e-01
241 6.489320e-01 7.328000e-03 3.437400e-01
242 6.478720e-01 7.128000e-03 3.450000e-01
243 6.467080e-01 6.956000e-03 3.463360e-01
244 6.455560e-01 6.880000e-03 3.475640e-01
245 6.444040e-01 6.816000e-03 3.487800e-01
246 6.433840e-01 6.796000e-03 3.498200e-01
247 6.422440e-01 6.588000e-03 3.511680e-01
248 6.412560e-01 6.432000e-03 3.523120e-01
249 6.402160e-01 6.392000e-03 3.533920e-01
250 6.392360e-01 6.232000e-03 3.545320e-01
251 6.380640e-01 6.252000e-03 3.556840e-01
252 6.370440e-01 6.168000e-03 3.567880e-01
253 6.358320e-01 6.248000e-03 3.579200e-01
254 6.345920e-01 6.360000e-03 3.590480e-01
255 6.334600e-01 6.476000e-03 3.600640e-01
256 6.323920e-01 6.324000e-03 3.612840e-01
257 6.313480e-01 6.232000e-03 3.624200e-01
258 6.304880e-01 5.988000e-03 3.635240e-01
259 6.295240e-01 5.816000e-03 3.646600e-01
260 6.286520e-01 5.712000e-03 3.656360e-01
261 6.277680e-01 5.556000e-03 3.666760e-01
262 6.267920e-01 5.572000e-03 3.676360e-01
263 6.257720e-01 5.556000e-03 3.686720e-01
264 6.249560e-01 5.460000e-03 3.695840e-01
265 6.239880e-01 5.316000e-03 3.706960e-01
266 6.230840e-01 5.324000e-03 3.715920e-01
267 6.222280e-01 5.272000e-03 3.725000e-01
268 6.212480e-01 5.320000e-03 3.734320e-01
269 6.203760e-01 5.284000e-03 3.743400e-01
270 6.195840e-01 5.068000e-03 3.753480e-01
271 6.188320e-01 4.896000e-03 3.762720e-01
272 6.181760e-01 4.676000e-03 3.771480e-01
273 6.172640e-01 4.808000e-03 3.779280e-01
274 6.165000e-01 4.712000e-03 3.787880e-01
275 6.158040e-01 4.516000e-03 3.796800e-01
276 6.150080e-01 4.516000e-03 3.804760e-01
277 6.139920e-01 4.768000e-03 3.812400e-01
278 6.131400e-01 4.764000e-03 3.820960e-01
279 6.121720e-01 4.964000e-03 3.828640e-01
280 6.110680e-01 5.252000e-03 3.836800e-01
281 6.100920e-01 5.320000e-03 3.845880e-01
282 6.092520e-01 5.228000e-03 3.855200e-01
283 6.083840e-01 5.100000e-03 3.865160e-01
284 6.075360e-01 5.016000e-03 3.874480e-01
285 6.066680e-01 5.040000e-03 3.882920e-01
286 6.057760e-01 5.120000e-03 3.891040e-01
287 6.048120e-01 5.308000e-03 3.898800e-01
288 6.040440e-01 5.164000e-03 3.907920e-01
289 6.031280e-01 5.052000e-03 3.918200e-01
290 6.022320e-01 5.132000e-03 3.926360e-01
291 6.014360e-01 5.096000e-03 3.934680e-01
292 6.005480e-01 5.084000e-03 3.943680e-01
293 5.994840e-01 5.168000e-03 3.953480e-01
294 5.985760e-01 5.204000e-03 3.962200e-01
295 5.975600e-01 5.324000e-03 3.971160e-01
296 5.965880e-01 5.356000e-03 3.980560e-01
297 5.956440e-01 5.400000e-03 3.989560e-01
298 5.946760e-01 5.496000e-03 3.998280e-01
299 5.935920e-01 5.528000e-03 4.008800e-01
300 5.926200e-01 5.564000e-03 4.018160e-01
301 5.916320e-01 5.600000e-03 4.027680e-01
302 5.908600e-01 5.360000e-03 4.037800e-01
303 5.900040e-01 5.296000e-03 4.047000e-01
304 5.891680e-01 5.232000e-03 4.056000e-01
305 5.882120e-01 5.252000e-03 4.065360e-01
306 5.872200e-01 5.340000e-03 4.074400e-01
307 5.863600e-01 5.216000e-03 4.084240e-01
308 5.854520e-01 5.212000e-03 4.093360e-01
309 5.844240e-01 5.364000e-03 4.102120e-01
310 5.834960e-01 5.340000e-03 4.111640e-01
311 5.826120e-01 5.280000e-03 4.121080e-01
312 5.817440e-01 5.396000e-03 4.128600e-01
313 5.809320e-01 5.284000e-03 4.137840e-01
314 5.800880e-01 5.232000e-03 4.146800e-01
315 5.791560e-01 5.192000e-03 4.156520e-01
316 5.782640e-01 5.228000e-03 4.165080e-01
317 5.773760e-01 5.200000e-03 4.174240e-01
318 5.764760e-01 5.224000e-03 4.183000e-01
319 5.756800e-01 5.064000e-03 4.192560e-01
320 5.747640e-01 5.060000e-03 4.201760e-01
321 5.739440e-01 5.052000e-03 4.210040e-01
322 5.730120e-01 5.184000e-03 4.218040e-01
323 5.721000e-01 5.204000e-03 4.226960e-01
324 5.711360e-01 5.156000e-03 4.237080e-01
325 5.702080e-01 5.208000e-03 4.245840e-01
326 5.693920e-01 5.124000e-03 4.254840e-01
327 5.685160e-01 5.040000e-03 4.264440e-01
328 5.676800e-01 5.020000e-03 4.273000e-01
329 5.668280e-01 5.120000e-03 4.280520e-01
330 5.659320e-01 5.148000e-03 4.289200e-01
331 5.650440e-01 5.088000e-03 4.298680e-01
332 5.641560e-01 5.072000e-03 4.307720e-01
333 5.631600e-01 5.144000e-03 4.316960e-01
334 5.623160e-01 5.056000e-03 4.326280e-01
335 5.615520e-01 4.936000e-03 4.335120e-01
336 5.607560e-01 4.808000e-03 4.344360e-01
337 5.599840e-01 4.748000e-03 4.352680e-01
338 5.592480e-01 4.616000e-03 4.361360e-01
339 5.584960e-01 4.640000e-03 4.368640e-01
340 5.576360e-01 4.716000e-03 4.376480e-01
341 5.568600e-01 4.648000e-03 4.384920e-01
342 5.561160e-01 4.512000e-03 4.393720e-01
343 5.553280e-01 4.520000e-03 4.401520e-01
344 5.544000e-01 4.664000e-03 4.409360e-01
345 5.535520e-01 4.696000e-03 4.417520e-01
346 5.526480e-01 4.876000e-03 4.424760e-01
347 5.518240e-01 4.928000e-03 4.432480e-01
348 5.510320e-01 4.928000e-03 4.440400e-01
349 5.501920e-01 4.920000e-03 4.448880e-01
350 5.493520e-01 4.844000e-03 4.458040e-01
351 5.485560e-01 4.852000e-03 4.465920e-01
352 5.478120e-01 4.748000e-03 4.474400e-01
353 5.471160e-01 4.648000e-03 4.482360e-01
354 5.462960e-01 4.616000e-03 4.490880e-01
355 5.454880e-01 4.596000e-03 4.499160e-01
356 5.447520e-01 4.616000e-03 4.506320e-01
357 5.438840e-01 4.676000e-03 4.514400e-01
358 5.431760e-01 4.564000e-03 4.522600e-01
359 5.423480e-01 4.580000e-03 4.530720e-01
360 5.415440e-01 4.608000e-03 4.538480e-01
361 5.407280e-01 4.676000e-03 4.545960e-01
362 5.400000e-01 4.648000e-03 4.553520e-01
363 5.393280e-01 4.424000e-03 4.562480e-01
364 5.387280e-01 4.224000e-03 4.570480e-01
365 5.379880e-01 4.120000e-03 4.578920e-01
366 5.373240e-01 3.992000e-03 4.586840e-01
367 5.367640e-01 3.896000e-03 4.593400e-01
368 5.361160e-01 3.840000e-03 4.600440e-01
369 5.356040e-01 3.696000e-03 4.607000e-01
370 5.350160e-01 3.712000e-03 4.612720e-01
371 5.344560e-01 3.584000e-03 4.619600e-01
372 5.338040e-01 3.588000e-03 4.626080e-01
373 5.331800e-01 3.552000e-03 4.632680e-01
374 5.325160e-01 3.628000e-03 4.638560e-01
375 5.318960e-01 3.572000e-03 4.645320e-01
376 5.313520e-01 3.476000e-03 4.651720e-01
377 5.307120e-01 3.476000e-03 4.658120e-01
378 5.301440e-01 3.480000e-03 4.663760e-01
379 5.295200e-01 3.484000e-03 4.669960e-01
380 5.288160e-01 3.628000e-03 4.675560e-01
381 5.280480e-01 3.724000e-03 4.682280e-01
382 5.274120e-01 3.744000e-03 4.688440e-01
383 5.268440e-01 3.672000e-03 4.694840e-01
384 5.262240e-01 3.652000e-03 4.701240e-01
385 5.255720e-01 3.708000e-03 4.707200e-01
386 5.250080e-01 3.680000e-03 4.713120e-01
387 5.243680e-01 3.688000e-03 4.719440e-01
388 5.237160e-01 3.684000e-03 4.726000e-01
389 5.230960e-01 3.664000e-03 4.732400e-01
390 5.225080e-01 3.648000e-03 4.738440e-01
391 5.220160e-01 3.476000e-03 4.745080e-01
392 5.214480e-01 3.376000e-03 4.751760e-01
393 5.209680e-01 3.364000e-03 4.756680e-01
394 5.204120e-01 3.336000e-03 4.762520e-01
395 5.198760e-01 3.352000e-03 4.767720e-01
396 5.192480e-01 3.356000e-03 4.773960e-01
397 5.185200e-01 3.464000e-03 4.780160e-01
398 5.178440e-01 3.572000e-03 4.785840e-01
399 5.173280e-01 3.440000e-03 4.792320e-01
400 5.167120e-01 3.480000e-03 4.798080e-01
401 5.160920e-01 3.500000e-03 4.804080e-01
402 5.154520e-01 3.536000e-03 4.810120e-01
403 5.148000e-01 3.592000e-03 4.816080e-01
404 5.141440e-01 3.616000e-03 4.822400e-01
405 5.135280e-01 3.504000e-03 4.829680e-01
406 5.128240e-01 3.608000e-03 4.835680e-01
407 5.122240e-01 3.524000e-03 4.842520e-01
408 5.116720e-01 3.380000e-03 4.849480e-01
409 5.110320e-01 3.448000e-03 4.855200e-01
410 5.104840e-01 3.408000e-03 4.861080e-01
411 5.098720e-01 3.436000e-03 4.866920e-01
412 5.093280e-01 3.412000e-03 4.872600e-01
413 5.088000e-01 3.384000e-03 4.878160e-01
414 5.082480e-01 3.364000e-03 4.883880e-01
415 5.077120e-01 3.264000e-03 4.890240e-01
416 5.071720e-01 3.252000e-03 4.895760e-01
417 5.065920e-01 3.216000e-03 4.901920e-01
418 5.061720e-01 3.088000e-03 4.907400e-01
419 5.056680e-01 3.068000e-03 4.912640e-01
420 5.051840e-01 3.036000e-03 4.917800e-01
421 5.047720e-01 2.872000e-03 4.923560e-01
422 5.043760e-01 2.748000e-03 4.928760e-01
423 5.039240e-01 2.672000e-03 4.934040e-01
424 5.035240e-01 2.588000e-03 4.938880e-01
425 5.031120e-01 2.484000e-03 4.944040e-01
426 5.025960e-01 2.520000e-03 4.948840e-01
427 5.021880e-01 2.492000e-03 4.953200e-01
428 5.018560e-01 2.372000e-03 4.957720e-01
429 5.014640e-01 2.420000e-03 4.961160e-01
430 5.010520e-01 2.432000e-03 4.965160e-01
431 5.005800e-01 2.476000e-03 4.969440e-01
432 5.001240e-01 2.536000e-03 4.973400e-01
433 4.996200e-01 2.652000e-03 4.977280e-01
434 4.991400e-01 2.628000e-03 4.982320e-01
435 4.986760e-01 2.628000e-03 4.986960e-01
436 4.982600e-01 2.588000e-03 4.991520e-01
437 4.978640e-01 2.596000e-03 4.995400e-01
438 4.975080e-01 2.520000e-03 4.999720e-01
439 4.971480e-01 2.512000e-03 5.003400e-01
440 4.967800e-01 2.400000e-03 5.008200e-01
441 4.963440e-01 2.492000e-03 5.011640e-01
442 4.959720e-01 2.488000e-03 5.015400e-01
443 4.955640e-01 2.476000e-03 5.019600e-01
444 4.951680e-01 2.476000e-03 5.023560e-01
445 4.946920e-01 2.528000e-03 5.027800e-01
446 4.942720e-01 2.536000e-03 5.031920e-01
447 4.938280e-01 2.492000e-03 5.036800e-01
448 4.934080e-01 2.504000e-03 5.040880e-01
449 4.929280e-01 2.520000e-03 5.045520e-01
450 4.925680e-01 2.392000e-03 5.050400e-01
451 4.922280e-01 2.308000e-03 5.054640e-01
452 4.917920e-01 2.352000e-03 5.058560e-01
453 4.914360e-01 2.284000e-03 5.062800e-01
454 4.910720e-01 2.224000e-03 5.067040e-01
455 4.907000e-01 2.160000e-03 5.071400e-01
456 4.903720e-01 2.132000e-03 5.074960e-01
457 4.899720e-01 2.180000e-03 5.078480e-01
458 4.896080e-01 2.196000e-03 5.081960e-01
459 4.892400e-01 2.172000e-03 5.085880e-01
460 4.888440e-01 2.192000e-03 5.089640e-01
461 4.884360e-01 2.188000e-03 5.093760e-01
462 4.881360e-01 2.168000e-03 5.096960e-01
463 4.878120e-01 2.176000e-03 5.100120e-01
464 4.875200e-01 2.120000e-03 5.103600e-01
465 4.871960e-01 2.052000e-03 5.107520e-01
466 4.868920e-01 1.980000e-03 5.111280e-01
467 4.865360e-01 1.972000e-03 5.114920e-01
468 4.861400e-01 2.024000e-03 5.118360e-01
469 4.857720e-01 2.032000e-03 5.121960e-01
470 4.854960e-01 1.976000e-03 5.125280e-01
471 4.851800e-01 1.968000e-03 5.128520e-01
472 4.848200e-01 1.968000e-03 5.132120e-01
473 4.844760e-01 1.992000e-03 5.135320e-01
474 4.842160e-01 1.904000e-03 5.138800e-01
475 4.839600e-01 1.828000e-03 5.142120e-01
476 4.837360e-01 1.736000e-03 5.145280e-01
477 4.835200e-01 1.692000e-03 5.147880e-01
478 4.831880e-01 1.732000e-03 5.150800e-01
479 4.829120e-01 1.704000e-03 5.153840e-01
480 4.826440e-01 1.740000e-03 5.156160e-01
481 4.823400e-01 1.760000e-03 5.159000e-01
482 4.819960e-01 1.840000e-03 5.161640e-01
483 4.817040e-01 1.848000e-03 5.164480e-01
484 4.814400e-01 1.764000e-03 5.167960e-01
485 4.812480e-01 1.656000e-03 5.170960e-01
486 4.810480e-01 1.588000e-03 5.173640e-01
487 4.808120e-01 1.516000e-03 5.176720e-01
488 4.805680e-01 1.528000e-03 5.179040e-01
489 4.803680e-01 1.436000e-03 5.181960e-01
490 4.802080e-01 1.336000e-03 5.184560e-01
491 4.800280e-01 1.328000e-03 5.186440e-01
492 4.798040e-01 1.328000e-03 5.188680e-01
493 4.795680e-01 1.348000e-03 5.190840e-01
494 4.794160e-01 1.260000e-03 5.193240e-01
495 4.792400e-01 1.244000e-03 5.195160e-01
496 4.791000e-01 1.220000e-03 5.196800e-01
497 4.789320e-01 1.184000e-03 5.198840e-01
498 4.787880e-01 1.072000e-03 5.201400e-01
499 4.786440e-01 1.016000e-03 5.203400e-01
500 4.784880e-01 1.004000e-03 5.205080e-01
