1 9.992160e-01 6.880000e-04 9.600000e-05
2 9.986440e-01 1.108000e-03 2.480000e-04
3 9.978800e-01 1.640000e-03 4.800000e-04
4 9.969800e-01 2.236000e-03 7.840000e-04
5 9.961240e-01 2.640000e-03 1.236000e-03
6 9.953080e-01 2.980000e-03 1.712000e-03
7 9.944560e-01 3.256000e-03 2.288000e-03
8 9.935640e-01 3.520000e-03 2.916000e-03
9 9.926880e-01 3.844000e-03 3.468000e-03
10 9.917200e-01 4.032000e-03 4.248000e-03
11 9.907440e-01 4.288000e-03 4.968000e-03
12 9.896320e-01 4.504000e-03 5.864000e-03
13 9.884280e-01 4.816000e-03 6.756000e-03
14 9.872680e-01 5.196000e-03 7.536000e-03
15 9.861600e-01 5.368000e-03 8.472000e-03
16 9.849360e-01 5.692000e-03 9.372000e-03
17 9.837840e-01 5.836000e-03 1.038000e-02
18 9.825200e-01 6.016000e-03 1.146400e-02
19 9.811360e-01 6.320000e-03 1.254400e-02
20 9.798800e-01 6.376000e-03 1.374400e-02
21 9.785360e-01 6.648000e-03 1.481600e-02
22 9.773320e-01 6.696000e-03 1.597200e-02
23 9.759560e-01 6.940000e-03 1.710400e-02
24 9.746200e-01 6.924000e-03 1.845600e-02
25 9.731040e-01 7.124000e-03 1.977200e-02
26 9.717200e-01 7.312000e-03 2.096800e-02
27 9.704000e-01 7.368000e-03 2.223200e-02
28 9.689160e-01 7.556000e-03 2.352800e-02
29 9.674880e-01 7.632000e-03 2.488000e-02
30 9.662240e-01 7.560000e-03 2.621600e-02
31 9.647960e-01 7.724000e-03 2.748000e-02
32 9.634120e-01 7.684000e-03 2.890400e-02
33 9.619320e-01 7.728000e-03 3.034000e-02
34 9.604480e-01 7.900000e-03 3.165200e-02
35 9.589360e-01 8.016000e-03 3.304800e-02
36 9.573600e-01 8.120000e-03 3.452000e-02
37 9.557920e-01 8.260000e-03 3.594800e-02
38 9.541560e-01 8.468000e-03 3.737600e-02
39 9.526880e-01 8.524000e-03 3.878800e-02
40 9.509240e-01 8.872000e-03 4.020400e-02
41 9.491600e-01 9.120000e-03 4.172000e-02
42 9.475160e-01 9.164000e-03 4.332000e-02
43 9.459960e-01 9.052000e-03 4.495200e-02
44 9.443200e-01 9.092000e-03 4.658800e-02
45 9.426720e-01 9.200000e-03 4.812800e-02
46 9.410640e-01 9.164000e-03 4.977200e-02
47 9.394880e-01 9.072000e-03 5.144000e-02
48 9.379080e-01 9.116000e-03 5.297600e-02
49 9.363640e-01 9.084000e-03 5.455200e-02
50 9.346880e-01 9.112000e-03 5.620000e-02
51 9.330520e-01 8.980000e-03 5.796800e-02
52 9.314360e-01 8.912000e-03 5.965200e-02
53 9.297640e-01 9.040000e-03 6.119600e-02
54 9.279800e-01 9.296000e-03 6.272400e-02
55 9.264520e-01 9.048000e-03 6.450000e-02
56 9.247120e-01 9.308000e-03 6.598000e-02
57 9.228840e-01 9.552000e-03 6.756400e-02
58 9.211360e-01 9.656000e-03 6.920800e-02
59 9.194840e-01 9.692000e-03 7.082400e-02
60 9.177760e-01 9.764000e-03 7.246000e-02
61 9.162080e-01 9.668000e-03 7.412400e-02
62 9.144720e-01 9.928000e-03 7.560000e-02
63 9.129280e-01 9.736000e-03 7.733600e-02
64 9.112240e-01 9.832000e-03 7.894400e-02
65 9.095000e-01 9.940000e-03 8.056000e-02
66 9.076720e-01 1.001600e-02 8.231200e-02
67 9.059600e-01 1.000000e-02 8.404000e-02
68 9.044680e-01 9.748000e-03 8.578400e-02
69 9.027880e-01 9.760000e-03 8.745200e-02
70 9.010680e-01 9.612000e-03 8.932000e-02
71 8.992800e-01 9.684000e-03 9.103600e-02
72 8.976960e-01 9.548000e-03 9.275600e-02
73 8.960320e-01 9.608000e-03 9.436000e-02
74 8.944360e-01 9.504000e-03 9.606000e-02
75 8.929600e-01 9.352000e-03 9.768800e-02
76 8.912560e-01 9.332000e-03 9.941200e-02
77 8.897440e-01 9.172000e-03 1.010840e-01
78 8.881720e-01 9.144000e-03 1.026840e-01
79 8.865840e-01 9.168000e-03 1.042480e-01
80 8.851240e-01 9.112000e-03 1.057640e-01
81 8.836680e-01 9.056000e-03 1.072760e-01
82 8.821640e-01 8.896000e-03 1.089400e-01
83 8.805000e-01 9.068000e-03 1.104320e-01
84 8.788960e-01 8.976000e-03 1.121280e-01
85 8.774080e-01 8.884000e-03 1.137080e-01
86 8.759800e-01 8.640000e-03 1.153800e-01
87 8.746360e-01 8.420000e-03 1.169440e-01
88 8.732640e-01 8.356000e-03 1.183800e-01
89 8.717840e-01 8.304000e-03 1.199120e-01
90 8.703040e-01 8.312000e-03 1.213840e-01
91 8.689240e-01 8.256000e-03 1.228200e-01
92 8.674720e-01 8.360000e-03 1.241680e-01
93 8.660560e-01 8.248000e-03 1.256960e-01
94 8.644920e-01 8.328000e-03 1.271800e-01
95 8.631000e-01 8.248000e-03 1.286520e-01
96 8.616600e-01 8.224000e-03 1.301160e-01
97 8.604520e-01 8.036000e-03 1.315120e-01
98 8.591440e-01 7.796000e-03 1.330600e-01
99 8.578440e-01 7.720000e-03 1.344360e-01
100 8.565080e-01 7.628000e-03 1.358640e-01
101 8.551520e-01 7.568000e-03 1.372800e-01
102 8.538640e-01 7.616000e-03 1.385200e-01
103 8.525400e-01 7.596000e-03 1.398640e-01
104 8.513960e-01 7.356000e-03 1.412480e-01
105 8.502600e-01 7.204000e-03 1.425360e-01
106 8.489440e-01 7.248000e-03 1.438080e-01
107 8.476800e-01 7.232000e-03 1.450880e-01
108 8.463600e-01 7.288000e-03 1.463520e-01
109 8.451360e-01 7.196000e-03 1.476680e-01
110 8.438160e-01 7.168000e-03 1.490160e-01
111 8.424800e-01 7.260000e-03 1.502600e-01
112 8.411520e-01 7.280000e-03 1.515680e-01
113 8.399040e-01 7.268000e-03 1.528280e-01
114 8.384880e-01 7.412000e-03 1.541000e-01
115 8.370920e-01 7.440000e-03 1.554680e-01
116 8.359200e-01 7.256000e-03 1.568240e-01
117 8.344200e-01 7.456000e-03 1.581240e-01
118 8.331520e-01 7.284000e-03 1.595640e-01
119 8.319240e-01 7.268000e-03 1.608080e-01
120 8.307840e-01 7.004000e-03 1.622120e-01
121 8.295600e-01 7.032000e-03 1.634080e-01
122 8.285120e-01 6.860000e-03 1.646280e-01
123 8.272720e-01 6.864000e-03 1.658640e-01
124 8.260600e-01 6.764000e-03 1.671760e-01
125 8.249640e-01 6.704000e-03 1.683320e-01
126 8.237560e-01 6.772000e-03 1.694720e-01
127 8.226520e-01 6.720000e-03 1.706280e-01
128 8.216480e-01 6.564000e-03 1.717880e-01
129 8.206760e-01 6.416000e-03 1.729080e-01
130 8.197120e-01 6.256000e-03 1.740320e-01
131 8.186720e-01 6.216000e-03 1.751120e-01
132 8.175920e-01 6.144000e-03 1.762640e-01
133 8.164960e-01 6.116000e-03 1.773880e-01
134 8.156360e-01 5.820000e-03 1.785440e-01
135 8.146920e-01 5.784000e-03 1.795240e-01
136 8.137320e-01 5.760000e-03 1.805080e-01
137 8.126680e-01 5.720000e-03 1.816120e-01
138 8.116920e-01 5.700000e-03 1.826080e-01
139 8.106280e-01 5.804000e-03 1.835680e-01
140 8.094640e-01 5.956000e-03 1.845800e-01
141 8.083680e-01 5.980000e-03 1.856520e-01
142 8.071360e-01 6.124000e-03 1.867400e-01
143 8.061040e-01 6.120000e-03 1.877760e-01
144 8.048760e-01 6.360000e-03 1.887640e-01
145 8.036520e-01 6.360000e-03 1.899880e-01
146 8.024840e-01 6.460000e-03 1.910560e-01
147 8.014080e-01 6.432000e-03 1.921600e-01
148 8.002560e-01 6.460000e-03 1.932840e-01
149 7.991240e-01 6.468000e-03 1.944080e-01
150 7.980360e-01 6.400000e-03 1.955640e-01
151 7.970680e-01 6.256000e-03 1.966760e-01
152 7.960360e-01 6.300000e-03 1.976640e-01
153 7.949760e-01 6.248000e-03 1.987760e-01
154 7.938960e-01 6.300000e-03 1.998040e-01
155 7.927080e-01 6.364000e-03 2.009280e-01
156 7.916680e-01 6.348000e-03 2.019840e-01
157 7.907200e-01 6.124000e-03 2.031560e-01
158 7.897040e-01 6.168000e-03 2.041280e-01
159 7.887480e-01 6.016000e-03 2.052360e-01
160 7.877080e-01 6.084000e-03 2.062080e-01
161 7.867480e-01 5.936000e-03 2.073160e-01
162 7.857360e-01 5.832000e-03 2.084320e-01
163 7.846680e-01 5.780000e-03 2.095520e-01
164 7.837680e-01 5.604000e-03 2.106280e-01
165 7.828480e-01 5.616000e-03 2.115360e-01
166 7.818080e-01 5.596000e-03 2.125960e-01
167 7.809360e-01 5.492000e-03 2.135720e-01
168 7.800200e-01 5.472000e-03 2.145080e-01
169 7.790600e-01 5.468000e-03 2.154720e-01
170 7.782040e-01 5.340000e-03 2.164560e-01
171 7.773480e-01 5.288000e-03 2.173640e-01
172 7.764920e-01 5.196000e-03 2.183120e-01
173 7.756120e-01 5.140000e-03 2.192480e-01
174 7.747880e-01 5.044000e-03 2.201680e-01
175 7.738680e-01 5.160000e-03 2.209720e-01
176 7.729400e-01 5.160000e-03 2.219000e-01
177 7.720840e-01 5.076000e-03 2.228400e-01
178 7.712680e-01 5.024000e-03 2.237080e-01
179 7.704040e-01 4.992000e-03 2.246040e-01
180 7.696040e-01 5.028000e-03 2.253680e-01
181 7.687720e-01 5.012000e-03 2.262160e-01
182 7.679040e-01 4.956000e-03 2.271400e-01
183 7.670720e-01 4.968000e-03 2.279600e-01
184 7.663920e-01 4.760000e-03 2.288480e-01
185 7.657240e-01 4.636000e-03 2.296400e-01
186 7.650400e-01 4.524000e-03 2.304360e-01
187 7.644000e-01 4.424000e-03 2.311760e-01
188 7.639280e-01 4.084000e-03 2.319880e-01
189 7.633960e-01 3.880000e-03 2.327240e-01
190 7.628520e-01 3.760000e-03 2.333880e-01
191 7.623080e-01 3.632000e-03 2.340600e-01
192 7.617160e-01 3.544000e-03 2.347400e-01
193 7.612280e-01 3.424000e-03 2.353480e-01
194 7.607440e-01 3.288000e-03 2.359680e-01
195 7.602400e-01 3.252000e-03 2.365080e-01
196 7.597080e-01 3.208000e-03 2.370840e-01
197 7.591600e-01 3.208000e-03 2.376320e-01
198 7.587320e-01 3.104000e-03 2.381640e-01
199 7.581720e-01 3.160000e-03 2.386680e-01
200 7.575760e-01 3.212000e-03 2.392120e-01
201 7.570320e-01 3.256000e-03 2.397120e-01
202 7.564640e-01 3.208000e-03 2.403280e-01
203 7.558920e-01 3.216000e-03 2.408920e-01
204 7.553520e-01 3.252000e-03 2.413960e-01
205 7.549040e-01 3.192000e-03 2.419040e-01
206 7.543800e-01 3.144000e-03 2.424760e-01
207 7.538480e-01 3.120000e-03 2.430320e-01
208 7.533560e-01 3.000000e-03 2.436440e-01
209 7.528320e-01 2.960000e-03 2.442080e-01
210 7.523240e-01 2.936000e-03 2.447400e-01
211 7.518000e-01 2.928000e-03 2.452720e-01
212 7.513040e-01 2.868000e-03 2.458280e-01
213 7.508600e-01 2.868000e-03 2.462720e-01
214 7.503520e-01 2.880000e-03 2.467680e-01
215 7.498280e-01 2.896000e-03 2.472760e-01
216 7.492920e-01 2.944000e-03 2.477640e-01
217 7.487880e-01 3.004000e-03 2.482080e-01
218 7.482040e-01 2.976000e-03 2.488200e-01
219 7.478000e-01 2.884000e-03 2.493160e-01
220 7.473840e-01 2.772000e-03 2.498440e-01
221 7.469800e-01 2.688000e-03 2.503320e-01
222 7.465520e-01 2.704000e-03 2.507440e-01
223 7.460880e-01 2.692000e-03 2.512200e-01
224 7.457440e-01 2.580000e-03 2.516760e-01
225 7.454240e-01 2.412000e-03 2.521640e-01
226 7.451320e-01 2.260000e-03 2.526080e-01
227 7.448200e-01 2.164000e-03 2.530160e-01
228 7.445040e-01 2.052000e-03 2.534440e-01
229 7.441880e-01 2.016000e-03 2.537960e-01
230 7.438960e-01 1.960000e-03 2.541440e-01
231 7.435480e-01 1.964000e-03 2.544880e-01
232 7.432640e-01 1.912000e-03 2.548240e-01
233 7.429320e-01 1.876000e-03 2.551920e-01
234 7.426800e-01 1.784000e-03 2.555360e-01
235 7.424480e-01 1.708000e-03 2.558440e-01
236 7.421720e-01 1.696000e-03 2.561320e-01
237 7.419040e-01 1.696000e-03 2.564000e-01
238 7.415680e-01 1.756000e-03 2.566760e-01
239 7.413120e-01 1.764000e-03 2.569240e-01
240 7.410520e-01 1.736000e-03 2.572120e-01
241 7.407720e-01 1.704000e-03 2.575240e-01
242 7.405400e-01 1.640000e-03 2.578200e-01
243 7.403360e-01 1.568000e-03 2.580960e-01
244 7.400720e-01 1.564000e-03 2.583640e-01
245 7.398680e-01 1.516000e-03 2.586160e-01
246 7.396480e-01 1.460000e-03 2.588920e-01
247 7.394160e-01 1.460000e-03 2.591240e-01
248 7.391600e-01 1.460000e-03 2.593800e-01
249 7.389240e-01 1.464000e-03 2.596120e-01
250 7.386920e-01 1.444000e-03 2.598640e-01
251 7.384520e-01 1.460000e-03 2.600880e-01
252 7.382160e-01 1.452000e-03 2.603320e-01
253 7.379880e-01 1.436000e-03 2.605760e-01
254 7.377440e-01 1.420000e-03 2.608360e-01
255 7.374760e-01 1.408000e-03 2.611160e-01
256 7.372360e-01 1.448000e-03 2.613160e-01
257 7.369920e-01 1.372000e-03 2.616360e-01
258 7.367800e-01 1.340000e-03 2.618800e-01
259 7.365440e-01 1.324000e-03 2.621320e-01
260 7.363440e-01 1.348000e-03 2.623080e-01
261 7.360760e-01 1.400000e-03 2.625240e-01
262 7.357520e-01 1.488000e-03 2.627600e-01
263 7.355160e-01 1.476000e-03 2.630080e-01
264 7.353320e-01 1.396000e-03 2.632720e-01
265 7.351360e-01 1.380000e-03 2.634840e-01
266 7.349720e-01 1.324000e-03 2.637040e-01
267 7.347720e-01 1.308000e-03 2.639200e-01
268 7.345400e-01 1.260000e-03 2.642000e-01
269 7.343280e-01 1.268000e-03 2.644040e-01
270 7.340480e-01 1.348000e-03 2.646040e-01
271 7.338240e-01 1.336000e-03 2.648400e-01
272 7.336040e-01 1.324000e-03 2.650720e-01
273 7.334080e-01 1.296000e-03 2.652960e-01
274 7.332040e-01 1.248000e-03 2.655480e-01
275 7.330120e-01 1.188000e-03 2.658000e-01
276 7.328080e-01 1.232000e-03 2.659600e-01
277 7.326080e-01 1.240000e-03 2.661520e-01
278 7.324080e-01 1.192000e-03 2.664000e-01
279 7.322360e-01 1.148000e-03 2.666160e-01
280 7.320440e-01 1.144000e-03 2.668120e-01
281 7.318120e-01 1.204000e-03 2.669840e-01
282 7.315560e-01 1.292000e-03 2.671520e-01
283 7.313360e-01 1.296000e-03 2.673680e-01
284 7.310640e-01 1.280000e-03 2.676560e-01
285 7.308800e-01 1.256000e-03 2.678640e-01
286 7.306880e-01 1.224000e-03 2.680880e-01
287 7.305240e-01 1.156000e-03 2.683200e-01
288 7.303480e-01 1.144000e-03 2.685080e-01
289 7.301480e-01 1.172000e-03 2.686800e-01
290 7.299480e-01 1.208000e-03 2.688440e-01
291 7.297480e-01 1.248000e-03 2.690040e-01
292 7.295320e-01 1.240000e-03 2.692280e-01
293 7.292960e-01 1.264000e-03 2.694400e-01
294 7.290800e-01 1.216000e-03 2.697040e-01
295 7.288880e-01 1.196000e-03 2.699160e-01
296 7.286840e-01 1.236000e-03 2.700800e-01
297 7.285080e-01 1.208000e-03 2.702840e-01
298 7.282600e-01 1.288000e-03 2.704520e-01
299 7.279680e-01 1.348000e-03 2.706840e-01
300 7.277480e-01 1.348000e-03 2.709040e-01
301 7.275000e-01 1.368000e-03 2.711320e-01
302 7.272960e-01 1.356000e-03 2.713480e-01
303 7.270440e-01 1.344000e-03 2.716120e-01
304 7.268680e-01 1.284000e-03 2.718480e-01
305 7.267320e-01 1.128000e-03 2.721400e-01
306 7.265680e-01 1.128000e-03 2.723040e-01
307 7.263880e-01 1.112000e-03 2.725000e-01
308 7.262040e-01 1.140000e-03 2.726560e-01
309 7.260120e-01 1.108000e-03 2.728800e-01
310 7.257960e-01 1.112000e-03 2.730920e-01
311 7.256800e-01 1.036000e-03 2.732840e-01
312 7.255440e-01 9.760000e-04 2.734800e-01
313 7.253560e-01 1.012000e-03 2.736320e-01
314 7.251280e-01 1.040000e-03 2.738320e-01
315 7.249360e-01 1.056000e-03 2.740080e-01
316 7.247840e-01 1.056000e-03 2.741600e-01
317 7.246080e-01 1.024000e-03 2.743680e-01
318 7.244080e-01 1.052000e-03 2.745400e-01
319 7.242440e-01 9.960000e-04 2.747600e-01
320 7.240960e-01 9.480000e-04 2.749560e-01
321 7.239280e-01 9.600000e-04 2.751120e-01
322 7.237560e-01 9.680000e-04 2.752760e-01
323 7.236160e-01 9.520000e-04 2.754320e-01
324 7.234560e-01 9.720000e-04 2.755720e-01
325 7.232680e-01 9.920000e-04 2.757400e-01
326 7.231000e-01 9.880000e-04 2.759120e-01
327 7.228640e-01 1.048000e-03 2.760880e-01
328 7.227080e-01 1.028000e-03 2.762640e-01
329 7.224280e-01 1.116000e-03 2.764560e-01
330 7.222280e-01 1.112000e-03 2.766600e-01
331 7.220720e-01 1.052000e-03 2.768760e-01
332 7.218760e-01 1.060000e-03 2.770640e-01
333 7.217400e-01 9.800000e-04 2.772800e-01
334 7.215800e-01 1.012000e-03 2.774080e-01
335 7.214280e-01 9.920000e-04 2.775800e-01
336 7.212960e-01 9.520000e-04 2.777520e-01
337 7.211720e-01 9.400000e-04 2.778880e-01
338 7.209960e-01 9.320000e-04 2.780720e-01
339 7.208280e-01 9.400000e-04 2.782320e-01
340 7.207000e-01 9.040000e-04 2.783960e-01
341 7.205480e-01 8.640000e-04 2.785880e-01
342 7.203680e-01 9.040000e-04 2.787280e-01
343 7.202000e-01 8.680000e-04 2.789320e-01
344 7.200640e-01 8.320000e-04 2.791040e-01
345 7.198760e-01 8.680000e-04 2.792560e-01
346 7.197400e-01 8.400000e-04 2.794200e-01
347 7.195920e-01 8.360000e-04 2.795720e-01
348 7.194360e-01 8.360000e-04 2.797280e-01
349 7.192920e-01 8.200000e-04 2.798880e-01
350 7.191760e-01 7.920000e-04 2.800320e-01
351 7.190520e-01 7.880000e-04 2.801600e-01
352 7.189080e-01 8.000000e-04 2.802920e-01
353 7.187640e-01 7.800000e-04 2.804560e-01
354 7.186360e-01 7.640000e-04 2.806000e-01
355 7.184840e-01 7.760000e-04 2.807400e-01
356 7.183120e-01 7.800000e-04 2.809080e-01
357 7.181760e-01 7.920000e-04 2.810320e-01
358 7.180200e-01 8.080000e-04 2.811720e-01
359 7.178520e-01 8.080000e-04 2.813400e-01
360 7.177320e-01 7.520000e-04 2.815160e-01
361 7.176200e-01 7.440000e-04 2.816360e-01
362 7.174640e-01 7.480000e-04 2.817880e-01
363 7.173440e-01 7.560000e-04 2.819000e-01
364 7.172360e-01 7.240000e-04 2.820400e-01
365 7.171400e-01 6.960000e-04 2.821640e-01
366 7.170120e-01 6.960000e-04 2.822920e-01
367 7.169160e-01 6.560000e-04 2.824280e-01
368 7.167720e-01 6.960000e-04 2.825320e-01
369 7.166160e-01 7.280000e-04 2.826560e-01
370 7.164960e-01 7.120000e-04 2.827920e-01
371 7.163720e-01 7.000000e-04 2.829280e-01
372 7.162360e-01 6.800000e-04 2.830840e-01
373 7.160600e-01 7.280000e-04 2.832120e-01
374 7.159560e-01 7.040000e-04 2.833400e-01
375 7.158040e-01 7.120000e-04 2.834840e-01
376 7.156160e-01 7.800000e-04 2.836040e-01
377 7.154680e-01 7.960000e-04 2.837360e-01
378 7.153400e-01 8.080000e-04 2.838520e-01
379 7.152080e-01 8.240000e-04 2.839680e-01
380 7.150200e-01 8.360000e-04 2.841440e-01
381 7.148280e-01 8.760000e-04 2.842960e-01
382 7.147080e-01 8.800000e-04 2.844120e-01
383 7.145880e-01 8.480000e-04 2.845640e-01
384 7.144760e-01 8.400000e-04 2.846840e-01
385 7.143080e-01 8.680000e-04 2.848240e-01
386 7.141720e-01 8.800000e-04 2.849480e-01
387 7.140640e-01 8.240000e-04 2.851120e-01
388 7.139360e-01 8.040000e-04 2.852600e-01
389 7.138600e-01 7.280000e-04 2.854120e-01
390 7.137400e-01 7.480000e-04 2.855120e-01
391 7.135960e-01 7.640000e-04 2.856400e-01
392 7.134480e-01 8.000000e-04 2.857520e-01
393 7.132760e-01 8.440000e-04 2.858800e-01
394 7.131120e-01 8.160000e-04 2.860720e-01
395 7.129720e-01 8.160000e-04 2.862120e-01
396 7.128240e-01 8.280000e-04 2.863480e-01
397 7.126000e-01 9.240000e-04 2.864760e-01
398 7.124160e-01 9.520000e-04 2.866320e-01
399 7.122520e-01 9.840000e-04 2.867640e-01
400 7.120640e-01 9.880000e-04 2.869480e-01
401 7.118680e-01 1.036000e-03 2.870960e-01
402 7.116680e-01 1.084000e-03 2.872480e-01
403 7.114640e-01 1.104000e-03 2.874320e-01
404 7.112880e-01 1.092000e-03 2.876200e-01
405 7.110520e-01 1.120000e-03 2.878280e-01
406 7.108280e-01 1.140000e-03 2.880320e-01
407 7.106000e-01 1.200000e-03 2.882000e-01
408 7.104360e-01 1.108000e-03 2.884560e-01
409 7.102120e-01 1.124000e-03 2.886640e-01
410 7.100120e-01 1.096000e-03 2.888920e-01
411 7.098400e-01 1.024000e-03 2.891360e-01
412 7.096520e-01 1.012000e-03 2.893360e-01
413 7.095200e-01 9.760000e-04 2.895040e-01
414 7.093360e-01 1.000000e-03 2.896640e-01
415 7.091800e-01 1.008000e-03 2.898120e-01
416 7.090600e-01 9.640000e-04 2.899760e-01
417 7.089400e-01 8.960000e-04 2.901640e-01
418 7.088440e-01 8.120000e-04 2.903440e-01
419 7.087640e-01 7.440000e-04 2.904920e-01
420 7.086520e-01 7.600000e-04 2.905880e-01
421 7.085760e-01 6.680000e-04 2.907560e-01
422 7.084800e-01 6.240000e-04 2.908960e-01
423 7.083520e-01 6.360000e-04 2.910120e-01
424 7.082480e-01 6.480000e-04 2.911040e-01
425 7.082200e-01 5.960000e-04 2.911840e-01
426 7.080880e-01 6.160000e-04 2.912960e-01
427 7.080040e-01 6.120000e-04 2.913840e-01
428 7.079280e-01 6.160000e-04 2.914560e-01
429 7.078480e-01 5.720000e-04 2.915800e-01
430 7.077600e-01 5.760000e-04 2.916640e-01
431 7.076520e-01 5.720000e-04 2.917760e-01
432 7.075600e-01 5.520000e-04 2.918880e-01
433 7.074840e-01 5.200000e-04 2.919960e-01
434 7.074000e-01 5.280000e-04 2.920720e-01
435 7.072680e-01 5.600000e-04 2.921720e-01
436 7.071880e-01 5.720000e-04 2.922400e-01
437 7.070800e-01 5.760000e-04 2.923440e-01
438 7.069640e-01 5.920000e-04 2.924440e-01
439 7.068240e-01 6.440000e-04 2.925320e-01
440 7.067680e-01 6.040000e-04 2.926280e-01
441 7.066600e-01 6.080000e-04 2.927320e-01
442 7.065520e-01 6.120000e-04 2.928360e-01
443 7.064720e-01 5.840000e-04 2.929440e-01
444 7.063480e-01 5.800000e-04 2.930720e-01
445 7.062840e-01 5.560000e-04 2.931600e-01
446 7.062360e-01 5.120000e-04 2.932520e-01
447 7.061800e-01 4.800000e-04 2.933400e-01
448 7.061160e-01 4.600000e-04 2.934240e-01
449 7.060400e-01 4.720000e-04 2.934880e-01
450 7.059840e-01 4.720000e-04 2.935440e-01
451 7.059640e-01 4.040000e-04 2.936320e-01
452 7.058960e-01 4.040000e-04 2.937000e-01
453 7.058880e-01 3.320000e-04 2.937800e-01
454 7.058560e-01 3.080000e-04 2.938360e-01
455 7.058120e-01 2.880000e-04 2.939000e-01
456 7.057560e-01 2.920000e-04 2.939520e-01
457 7.057120e-01 2.840000e-04 2.940040e-01
458 7.056760e-01 2.720000e-04 2.940520e-01
459 7.056120e-01 2.800000e-04 2.941080e-01
460 7.055640e-01 2.560000e-04 2.941800e-01
461 7.055440e-01 2.320000e-04 2.942240e-01
462 7.055040e-01 2.360000e-04 2.942600e-01
463 7.054920e-01 2.000000e-04 2.943080e-01
464 7.054640e-01 1.920000e-04 2.943440e-01
465 7.053880e-01 2.280000e-04 2.943840e-01
466 7.053240e-01 2.480000e-04 2.944280e-01
467 7.052520e-01 2.840000e-04 2.944640e-01
468 7.051960e-01 3.120000e-04 2.944920e-01
469 7.051520e-01 2.840000e-04 2.945640e-01
470 7.051080e-01 2.760000e-04 2.946160e-01
471 7.050360e-01 3.320000e-04 2.946320e-01
472 7.049760e-01 3.360000e-04 2.946880e-01
473 7.049120e-01 3.720000e-04 2.947160e-01
474 7.048680e-01 3.760000e-04 2.947560e-01
475 7.048360e-01 3.600000e-04 2.948040e-01
476 7.047840e-01 3.480000e-04 2.948680e-01
477 7.046880e-01 3.800000e-04 2.949320e-01
478 7.046280e-01 3.680000e-04 2.950040e-01
479 7.045680e-01 3.720000e-04 2.950600e-01
480 7.045000e-01 4.000000e-04 2.951000e-01
481 7.043960e-01 4.280000e-04 2.951760e-01
482 7.042840e-01 4.800000e-04 2.952360e-01
483 7.041880e-01 5.040000e-04 2.953080e-01
484 7.040800e-01 5.080000e-04 2.954120e-01
485 7.039960e-01 4.960000e-04 2.955080e-01
486 7.038800e-01 5.360000e-04 2.955840e-01
487 7.038000e-01 5.200000e-04 2.956800e-01
488 7.037240e-01 5.080000e-04 2.957680e-01
489 7.036480e-01 4.880000e-04 2.958640e-01
490 7.035640e-01 4.880000e-04 2.959480e-01
491 7.034720e-01 4.400000e-04 2.960880e-01
492 7.033960e-01 4.440000e-04 2.961600e-01
493 7.032920e-01 4.760000e-04 2.962320e-01
494 7.032440e-01 4.440000e-04 2.963120e-01
495 7.031360e-01 4.720000e-04 2.963920e-01
496 7.030520e-01 4.800000e-04 2.964680e-01
497 7.029880e-01 4.560000e-04 2.965560e-01
498 7.029200e-01 4.440000e-04 2.966360e-01
499 7.027960e-01 4.880000e-04 2.967160e-01
500 7.027120e-01 4.960000e-04 2.967920e-01
