1 9.992480e-01 6.600000e-04 9.200000e-05
2 9.987440e-01 1.004000e-03 2.520000e-04
3 9.981040e-01 1.436000e-03 4.600000e-04
4 9.972240e-01 1.992000e-03 7.840000e-04
5 9.961680e-01 2.652000e-03 1.180000e-03
6 9.951840e-01 3.100000e-03 1.716000e-03
7 9.942480e-01 3.508000e-03 2.244000e-03
8 9.931000e-01 4.048000e-03 2.852000e-03
9 9.919840e-01 4.344000e-03 3.672000e-03
10 9.907680e-01 4.800000e-03 4.432000e-03
11 9.896200e-01 5.080000e-03 5.300000e-03
12 9.883280e-01 5.388000e-03 6.284000e-03
13 9.870360e-01 5.616000e-03 7.348000e-03
14 9.859120e-01 5.800000e-03 8.288000e-03
15 9.847840e-01 5.924000e-03 9.292000e-03
16 9.836800e-01 6.052000e-03 1.026800e-02
17 9.826200e-01 6.088000e-03 1.129200e-02
18 9.812560e-01 6.320000e-03 1.242400e-02
19 9.800840e-01 6.460000e-03 1.345600e-02
20 9.787240e-01 6.628000e-03 1.464800e-02
21 9.773080e-01 6.748000e-03 1.594400e-02
22 9.759120e-01 6.972000e-03 1.711600e-02
23 9.743240e-01 7.344000e-03 1.833200e-02
24 9.729320e-01 7.484000e-03 1.958400e-02
25 9.714720e-01 7.644000e-03 2.088400e-02
26 9.700560e-01 7.780000e-03 2.216400e-02
27 9.685320e-01 7.992000e-03 2.347600e-02
28 9.668200e-01 8.460000e-03 2.472000e-02
29 9.651600e-01 8.584000e-03 2.625600e-02
30 9.634160e-01 8.688000e-03 2.789600e-02
31 9.616840e-01 8.912000e-03 2.940400e-02
32 9.601800e-01 8.908000e-03 3.091200e-02
33 9.584600e-01 9.004000e-03 3.253600e-02
34 9.565760e-01 9.364000e-03 3.406000e-02
35 9.547880e-01 9.480000e-03 3.573200e-02
36 9.530240e-01 9.624000e-03 3.735200e-02
37 9.512760e-01 9.640000e-03 3.908400e-02
38 9.495680e-01 9.688000e-03 4.074400e-02
39 9.478000e-01 9.764000e-03 4.243600e-02
40 9.460120e-01 9.920000e-03 4.406800e-02
41 9.444000e-01 9.808000e-03 4.579200e-02
42 9.427080e-01 9.852000e-03 4.744000e-02
43 9.410000e-01 9.824000e-03 4.917600e-02
44 9.393200e-01 9.720000e-03 5.096000e-02
45 9.375600e-01 9.768000e-03 5.267200e-02
46 9.358000e-01 9.780000e-03 5.442000e-02
47 9.341280e-01 9.748000e-03 5.612400e-02
48 9.325480e-01 9.604000e-03 5.784800e-02
49 9.309800e-01 9.340000e-03 5.968000e-02
50 9.293200e-01 9.328000e-03 6.135200e-02
51 9.277120e-01 9.332000e-03 6.295600e-02
52 9.261200e-01 9.332000e-03 6.454800e-02
53 9.243240e-01 9.312000e-03 6.636400e-02
54 9.225560e-01 9.420000e-03 6.802400e-02
55 9.209200e-01 9.428000e-03 6.965200e-02
56 9.193400e-01 9.332000e-03 7.132800e-02
57 9.176360e-01 9.400000e-03 7.296400e-02
58 9.161520e-01 9.316000e-03 7.453200e-02
59 9.145320e-01 9.164000e-03 7.630400e-02
60 9.129000e-01 9.092000e-03 7.800800e-02
61 9.113320e-01 9.012000e-03 7.965600e-02
62 9.098040e-01 8.948000e-03 8.124800e-02
63 9.083480e-01 8.628000e-03 8.302400e-02
64 9.068320e-01 8.624000e-03 8.454400e-02
65 9.053920e-01 8.512000e-03 8.609600e-02
66 9.040320e-01 8.368000e-03 8.760000e-02
67 9.025920e-01 8.220000e-03 8.918800e-02
68 9.011960e-01 8.232000e-03 9.057200e-02
69 8.998280e-01 8.172000e-03 9.200000e-02
70 8.983240e-01 8.232000e-03 9.344400e-02
71 8.968440e-01 8.276000e-03 9.488000e-02
72 8.954320e-01 8.212000e-03 9.635600e-02
73 8.940720e-01 8.176000e-03 9.775200e-02
74 8.926160e-01 8.248000e-03 9.913600e-02
75 8.911840e-01 8.156000e-03 1.006600e-01
76 8.898680e-01 8.140000e-03 1.019920e-01
77 8.883880e-01 8.220000e-03 1.033920e-01
78 8.869600e-01 8.256000e-03 1.047840e-01
79 8.855200e-01 8.236000e-03 1.062440e-01
80 8.840720e-01 8.284000e-03 1.076440e-01
81 8.827160e-01 8.084000e-03 1.092000e-01
82 8.812160e-01 8.156000e-03 1.106280e-01
83 8.796720e-01 8.268000e-03 1.120600e-01
84 8.782600e-01 8.376000e-03 1.133640e-01
85 8.768160e-01 8.264000e-03 1.149200e-01
86 8.753760e-01 8.212000e-03 1.164120e-01
87 8.737840e-01 8.292000e-03 1.179240e-01
88 8.723400e-01 8.260000e-03 1.194000e-01
89 8.708480e-01 8.400000e-03 1.207520e-01
90 8.695680e-01 8.236000e-03 1.221960e-01
91 8.681040e-01 8.332000e-03 1.235640e-01
92 8.667320e-01 8.240000e-03 1.250280e-01
93 8.652120e-01 8.428000e-03 1.263600e-01
94 8.638160e-01 8.440000e-03 1.277440e-01
95 8.624640e-01 8.232000e-03 1.293040e-01
96 8.609280e-01 8.292000e-03 1.307800e-01
97 8.595200e-01 8.372000e-03 1.321080e-01
98 8.580760e-01 8.496000e-03 1.334280e-01
99 8.567080e-01 8.392000e-03 1.349000e-01
100 8.554320e-01 8.260000e-03 1.363080e-01
101 8.540840e-01 8.088000e-03 1.378280e-01
102 8.527360e-01 8.060000e-03 1.392040e-01
103 8.513440e-01 8.020000e-03 1.406360e-01
104 8.501120e-01 7.828000e-03 1.420600e-01
105 8.487000e-01 7.952000e-03 1.433480e-01
106 8.473320e-01 7.956000e-03 1.447120e-01
107 8.459360e-01 8.000000e-03 1.460640e-01
108 8.446280e-01 7.832000e-03 1.475400e-01
109 8.432280e-01 7.736000e-03 1.490360e-01
110 8.417920e-01 7.800000e-03 1.504080e-01
111 8.406760e-01 7.588000e-03 1.517360e-01
112 8.395840e-01 7.448000e-03 1.529680e-01
113 8.385280e-01 7.212000e-03 1.542600e-01
114 8.373920e-01 7.024000e-03 1.555840e-01
115 8.362920e-01 6.932000e-03 1.567760e-01
116 8.350240e-01 6.964000e-03 1.580120e-01
117 8.339960e-01 6.740000e-03 1.592640e-01
118 8.328640e-01 6.596000e-03 1.605400e-01
119 8.317680e-01 6.572000e-03 1.616600e-01
120 8.306160e-01 6.636000e-03 1.627480e-01
121 8.295880e-01 6.536000e-03 1.638760e-01
122 8.283760e-01 6.484000e-03 1.651400e-01
123 8.272560e-01 6.592000e-03 1.661520e-01
124 8.260120e-01 6.704000e-03 1.672840e-01
125 8.247440e-01 6.816000e-03 1.684400e-01
126 8.236240e-01 6.796000e-03 1.695800e-01
127 8.221920e-01 7.044000e-03 1.707640e-01
128 8.209680e-01 7.008000e-03 1.720240e-01
129 8.196600e-01 7.208000e-03 1.731320e-01
130 8.182880e-01 7.392000e-03 1.743200e-01
131 8.170000e-01 7.324000e-03 1.756760e-01
132 8.157640e-01 7.260000e-03 1.769760e-01
133 8.146360e-01 7.124000e-03 1.782400e-01
134 8.134480e-01 7.164000e-03 1.793880e-01
135 8.122280e-01 7.188000e-03 1.805840e-01
136 8.110520e-01 7.172000e-03 1.817760e-01
137 8.098640e-01 7.020000e-03 1.831160e-01
138 8.088560e-01 6.796000e-03 1.843480e-01
139 8.077360e-01 6.652000e-03 1.856120e-01
140 8.065720e-01 6.548000e-03 1.868800e-01
141 8.054440e-01 6.536000e-03 1.880200e-01
142 8.042880e-01 6.480000e-03 1.892320e-01
143 8.029920e-01 6.572000e-03 1.904360e-01
144 8.019560e-01 6.456000e-03 1.915880e-01
145 8.007760e-01 6.528000e-03 1.926960e-01
146 7.994840e-01 6.740000e-03 1.937760e-01
147 7.982160e-01 6.820000e-03 1.949640e-01
148 7.969360e-01 6.776000e-03 1.962880e-01
149 7.956760e-01 6.840000e-03 1.974840e-01
150 7.944400e-01 6.968000e-03 1.985920e-01
151 7.932840e-01 6.856000e-03 1.998600e-01
152 7.921680e-01 6.676000e-03 2.011560e-01
153 7.911680e-01 6.568000e-03 2.022640e-01
154 7.901360e-01 6.536000e-03 2.033280e-01
155 7.891760e-01 6.316000e-03 2.045080e-01
156 7.881440e-01 6.404000e-03 2.054520e-01
157 7.871960e-01 6.240000e-03 2.065640e-01
158 7.861960e-01 6.080000e-03 2.077240e-01
159 7.853200e-01 5.868000e-03 2.088120e-01
160 7.843840e-01 5.812000e-03 2.098040e-01
161 7.833840e-01 5.792000e-03 2.108240e-01
162 7.824640e-01 5.724000e-03 2.118120e-01
163 7.814040e-01 5.764000e-03 2.128320e-01
164 7.804560e-01 5.696000e-03 2.138480e-01
165 7.795400e-01 5.516000e-03 2.149440e-01
166 7.785960e-01 5.512000e-03 2.158920e-01
167 7.777280e-01 5.472000e-03 2.168000e-01
168 7.768520e-01 5.444000e-03 2.177040e-01
169 7.760280e-01 5.408000e-03 2.185640e-01
170 7.750880e-01 5.504000e-03 2.194080e-01
171 7.741200e-01 5.416000e-03 2.204640e-01
172 7.730600e-01 5.376000e-03 2.215640e-01
173 7.720400e-01 5.492000e-03 2.224680e-01
174 7.709560e-01 5.616000e-03 2.234280e-01
175 7.699840e-01 5.648000e-03 2.243680e-01
176 7.690520e-01 5.628000e-03 2.253200e-01
177 7.680600e-01 5.624000e-03 2.263160e-01
178 7.670640e-01 5.696000e-03 2.272400e-01
179 7.661720e-01 5.552000e-03 2.282760e-01
180 7.650760e-01 5.620000e-03 2.293040e-01
181 7.641760e-01 5.660000e-03 2.301640e-01
182 7.632680e-01 5.668000e-03 2.310640e-01
183 7.623400e-01 5.600000e-03 2.320600e-01
184 7.614800e-01 5.520000e-03 2.330000e-01
185 7.606520e-01 5.352000e-03 2.339960e-01
186 7.597240e-01 5.376000e-03 2.349000e-01
187 7.588720e-01 5.300000e-03 2.358280e-01
188 7.580040e-01 5.268000e-03 2.367280e-01
189 7.571880e-01 5.176000e-03 2.376360e-01
190 7.563360e-01 5.156000e-03 2.385080e-01
191 7.556480e-01 4.956000e-03 2.393960e-01
192 7.547920e-01 4.856000e-03 2.403520e-01
193 7.540200e-01 4.788000e-03 2.411920e-01
194 7.532240e-01 4.716000e-03 2.420600e-01
195 7.525880e-01 4.592000e-03 2.428200e-01
196 7.517920e-01 4.588000e-03 2.436200e-01
197 7.510120e-01 4.584000e-03 2.444040e-01
198 7.502520e-01 4.504000e-03 2.452440e-01
199 7.494160e-01 4.616000e-03 2.459680e-01
200 7.485600e-01 4.668000e-03 2.467720e-01
201 7.477120e-01 4.688000e-03 2.476000e-01
202 7.469120e-01 4.684000e-03 2.484040e-01
203 7.460960e-01 4.692000e-03 2.492120e-01
204 7.453200e-01 4.732000e-03 2.499480e-01
205 7.445680e-01 4.644000e-03 2.507880e-01
206 7.439160e-01 4.484000e-03 2.516000e-01
207 7.433440e-01 4.336000e-03 2.523200e-01
208 7.427080e-01 4.252000e-03 2.530400e-01
209 7.420440e-01 4.136000e-03 2.538200e-01
210 7.414240e-01 4.064000e-03 2.545120e-01
211 7.407680e-01 4.036000e-03 2.551960e-01
212 7.401600e-01 3.936000e-03 2.559040e-01
213 7.394840e-01 3.876000e-03 2.566400e-01
214 7.389240e-01 3.836000e-03 2.572400e-01
215 7.383800e-01 3.772000e-03 2.578480e-01
216 7.377400e-01 3.768000e-03 2.584920e-01
217 7.371680e-01 3.628000e-03 2.592040e-01
218 7.366520e-01 3.548000e-03 2.598000e-01
219 7.360960e-01 3.540000e-03 2.603640e-01
220 7.356240e-01 3.400000e-03 2.609760e-01
221 7.350240e-01 3.444000e-03 2.615320e-01
222 7.343800e-01 3.496000e-03 2.621240e-01
223 7.339120e-01 3.396000e-03 2.626920e-01
224 7.331960e-01 3.572000e-03 2.632320e-01
225 7.324560e-01 3.768000e-03 2.637760e-01
226 7.317800e-01 3.856000e-03 2.643640e-01
227 7.310760e-01 3.944000e-03 2.649800e-01
228 7.304160e-01 3.900000e-03 2.656840e-01
229 7.297120e-01 3.964000e-03 2.663240e-01
230 7.288240e-01 4.132000e-03 2.670440e-01
231 7.280720e-01 4.156000e-03 2.677720e-01
232 7.274320e-01 4.104000e-03 2.684640e-01
233 7.267680e-01 4.064000e-03 2.691680e-01
234 7.261440e-01 4.056000e-03 2.698000e-01
235 7.255600e-01 3.828000e-03 2.706120e-01
236 7.249840e-01 3.728000e-03 2.712880e-01
237 7.244360e-01 3.596000e-03 2.719680e-01
238 7.238400e-01 3.512000e-03 2.726480e-01
239 7.233000e-01 3.384000e-03 2.733160e-01
240 7.227040e-01 3.420000e-03 2.738760e-01
241 7.221520e-01 3.368000e-03 2.744800e-01
242 7.216360e-01 3.248000e-03 2.751160e-01
243 7.210920e-01 3.264000e-03 2.756440e-01
244 7.205600e-01 3.192000e-03 2.762480e-01
245 7.200680e-01 3.192000e-03 2.767400e-01
246 7.195080e-01 3.188000e-03 2.773040e-01
247 7.188040e-01 3.384000e-03 2.778120e-01
248 7.181400e-01 3.496000e-03 2.783640e-01
249 7.175920e-01 3.468000e-03 2.789400e-01
250 7.168920e-01 3.544000e-03 2.795640e-01
251 7.162080e-01 3.632000e-03 2.801600e-01
252 7.155640e-01 3.676000e-03 2.807600e-01
253 7.148800e-01 3.744000e-03 2.813760e-01
254 7.142640e-01 3.668000e-03 2.820680e-01
255 7.137440e-01 3.512000e-03 2.827440e-01
256 7.131720e-01 3.560000e-03 2.832680e-01
257 7.126000e-01 3.520000e-03 2.838800e-01
258 7.120680e-01 3.444000e-03 2.844880e-01
259 7.113720e-01 3.580000e-03 2.850480e-01
260 7.107960e-01 3.548000e-03 2.856560e-01
261 7.101920e-01 3.540000e-03 2.862680e-01
262 7.096480e-01 3.480000e-03 2.868720e-01
263 7.090760e-01 3.476000e-03 2.874480e-01
264 7.085600e-01 3.416000e-03 2.880240e-01
265 7.079440e-01 3.432000e-03 2.886240e-01
266 7.073320e-01 3.440000e-03 2.892280e-01
267 7.066640e-01 3.520000e-03 2.898160e-01
268 7.059240e-01 3.656000e-03 2.904200e-01
269 7.051720e-01 3.700000e-03 2.911280e-01
270 7.046080e-01 3.544000e-03 2.918480e-01
271 7.040600e-01 3.496000e-03 2.924440e-01
272 7.035200e-01 3.416000e-03 2.930640e-01
273 7.030320e-01 3.308000e-03 2.936600e-01
274 7.025600e-01 3.128000e-03 2.943120e-01
275 7.020800e-01 3.040000e-03 2.948800e-01
276 7.015800e-01 3.104000e-03 2.953160e-01
277 7.010200e-01 3.136000e-03 2.958440e-01
278 7.005880e-01 3.032000e-03 2.963800e-01
279 6.999680e-01 3.192000e-03 2.968400e-01
280 6.994000e-01 3.156000e-03 2.974440e-01
281 6.987960e-01 3.272000e-03 2.979320e-01
282 6.982840e-01 3.268000e-03 2.984480e-01
283 6.977800e-01 3.180000e-03 2.990400e-01
284 6.972400e-01 3.140000e-03 2.996200e-01
285 6.967440e-01 3.004000e-03 3.002520e-01
286 6.963760e-01 2.856000e-03 3.007680e-01
287 6.959760e-01 2.784000e-03 3.012400e-01
288 6.955920e-01 2.716000e-03 3.016920e-01
289 6.952480e-01 2.580000e-03 3.021720e-01
290 6.948560e-01 2.560000e-03 3.025840e-01
291 6.945120e-01 2.484000e-03 3.030040e-01
292 6.940960e-01 2.464000e-03 3.034400e-01
293 6.936640e-01 2.368000e-03 3.039680e-01
294 6.932640e-01 2.428000e-03 3.043080e-01
295 6.928280e-01 2.416000e-03 3.047560e-01
296 6.923880e-01 2.404000e-03 3.052080e-01
297 6.920440e-01 2.332000e-03 3.056240e-01
298 6.916240e-01 2.348000e-03 3.060280e-01
299 6.912280e-01 2.320000e-03 3.064520e-01
300 6.908280e-01 2.304000e-03 3.068680e-01
301 6.904080e-01 2.340000e-03 3.072520e-01
302 6.899760e-01 2.372000e-03 3.076520e-01
303 6.895440e-01 2.384000e-03 3.080720e-01
304 6.891960e-01 2.376000e-03 3.084280e-01
305 6.888240e-01 2.300000e-03 3.088760e-01
306 6.884760e-01 2.212000e-03 3.093120e-01
307 6.880800e-01 2.224000e-03 3.096960e-01
308 6.876800e-01 2.260000e-03 3.100600e-01
309 6.871640e-01 2.348000e-03 3.104880e-01
310 6.867800e-01 2.328000e-03 3.108920e-01
311 6.863720e-01 2.348000e-03 3.112800e-01
312 6.859120e-01 2.428000e-03 3.116600e-01
313 6.854320e-01 2.520000e-03 3.120480e-01
314 6.849600e-01 2.552000e-03 3.124880e-01
315 6.844080e-01 2.640000e-03 3.129520e-01
316 6.840040e-01 2.588000e-03 3.134080e-01
317 6.836240e-01 2.504000e-03 3.138720e-01
318 6.831280e-01 2.560000e-03 3.143120e-01
319 6.827840e-01 2.500000e-03 3.147160e-01
320 6.823320e-01 2.532000e-03 3.151360e-01
321 6.818880e-01 2.516000e-03 3.155960e-01
322 6.814920e-01 2.496000e-03 3.160120e-01
323 6.810800e-01 2.448000e-03 3.164720e-01
324 6.807200e-01 2.408000e-03 3.168720e-01
325 6.803640e-01 2.324000e-03 3.173120e-01
326 6.800240e-01 2.236000e-03 3.177400e-01
327 6.797400e-01 2.120000e-03 3.181400e-01
328 6.794000e-01 2.088000e-03 3.185120e-01
329 6.791160e-01 2.020000e-03 3.188640e-01
330 6.787280e-01 2.044000e-03 3.192280e-01
331 6.784400e-01 1.956000e-03 3.196040e-01
332 6.781200e-01 1.988000e-03 3.198920e-01
333 6.778080e-01 1.952000e-03 3.202400e-01
334 6.774400e-01 1.968000e-03 3.205920e-01
335 6.771480e-01 1.916000e-03 3.209360e-01
336 6.768440e-01 1.908000e-03 3.212480e-01
337 6.766200e-01 1.824000e-03 3.215560e-01
338 6.763640e-01 1.704000e-03 3.219320e-01
339 6.761760e-01 1.616000e-03 3.222080e-01
340 6.759680e-01 1.544000e-03 3.224880e-01
341 6.757600e-01 1.504000e-03 3.227360e-01
342 6.755120e-01 1.484000e-03 3.230040e-01
343 6.752880e-01 1.488000e-03 3.232240e-01
344 6.750560e-01 1.428000e-03 3.235160e-01
345 6.748360e-01 1.404000e-03 3.237600e-01
346 6.746480e-01 1.340000e-03 3.240120e-01
347 6.744080e-01 1.340000e-03 3.242520e-01
348 6.741280e-01 1.396000e-03 3.244760e-01
349 6.738280e-01 1.436000e-03 3.247360e-01
350 6.735800e-01 1.468000e-03 3.249520e-01
351 6.733120e-01 1.508000e-03 3.251800e-01
352 6.730600e-01 1.480000e-03 3.254600e-01
353 6.728000e-01 1.540000e-03 3.256600e-01
354 6.725600e-01 1.540000e-03 3.259000e-01
355 6.722680e-01 1.584000e-03 3.261480e-01
356 6.721040e-01 1.480000e-03 3.264160e-01
357 6.718640e-01 1.436000e-03 3.267000e-01
358 6.716640e-01 1.372000e-03 3.269640e-01
359 6.714560e-01 1.332000e-03 3.272120e-01
360 6.712800e-01 1.276000e-03 3.274440e-01
361 6.711160e-01 1.220000e-03 3.276640e-01
362 6.709280e-01 1.220000e-03 3.278520e-01
363 6.707240e-01 1.244000e-03 3.280320e-01
364 6.705600e-01 1.176000e-03 3.282640e-01
365 6.703320e-01 1.160000e-03 3.285080e-01
366 6.702200e-01 1.068000e-03 3.287120e-01
367 6.700560e-01 1.032000e-03 3.289120e-01
368 6.698720e-01 1.064000e-03 3.290640e-01
369 6.697360e-01 1.012000e-03 3.292520e-01
370 6.695520e-01 1.008000e-03 3.294400e-01
371 6.693560e-01 1.040000e-03 3.296040e-01
372 6.691760e-01 1.056000e-03 3.297680e-01
373 6.690080e-01 1.024000e-03 3.299680e-01
374 6.688080e-01 1.016000e-03 3.301760e-01
375 6.686280e-01 1.032000e-03 3.303400e-01
376 6.684040e-01 1.124000e-03 3.304720e-01
377 6.682680e-01 1.092000e-03 3.306400e-01
378 6.681240e-01 1.056000e-03 3.308200e-01
379 6.679360e-01 1.052000e-03 3.310120e-01
380 6.677840e-01 1.020000e-03 3.311960e-01
381 6.676040e-01 1.060000e-03 3.313360e-01
382 6.674680e-01 9.800000e-04 3.315520e-01
383 6.673480e-01 9.240000e-04 3.317280e-01
384 6.671520e-01 9.680000e-04 3.318800e-01
385 6.669120e-01 1.056000e-03 3.320320e-01
386 6.667120e-01 1.084000e-03 3.322040e-01
387 6.665280e-01 1.080000e-03 3.323920e-01
388 6.663120e-01 1.128000e-03 3.325600e-01
389 6.661120e-01 1.108000e-03 3.327800e-01
390 6.659360e-01 1.072000e-03 3.329920e-01
391 6.657920e-01 1.024000e-03 3.331840e-01
392 6.656400e-01 9.400000e-04 3.334200e-01
393 6.654920e-01 9.280000e-04 3.335800e-01
394 6.653400e-01 9.400000e-04 3.337200e-01
395 6.652160e-01 9.320000e-04 3.338520e-01
396 6.650320e-01 9.560000e-04 3.340120e-01
397 6.649160e-01 8.800000e-04 3.342040e-01
398 6.647560e-01 8.760000e-04 3.343680e-01
399 6.646080e-01 8.640000e-04 3.345280e-01
400 6.644840e-01 8.280000e-04 3.346880e-01
401 6.643680e-01 8.720000e-04 3.347600e-01
402 6.642120e-01 9.000000e-04 3.348880e-01
403 6.641000e-01 8.720000e-04 3.350280e-01
404 6.639440e-01 8.920000e-04 3.351640e-01
405 6.638440e-01 8.280000e-04 3.353280e-01
406 6.637520e-01 7.720000e-04 3.354760e-01
407 6.635960e-01 8.080000e-04 3.355960e-01
408 6.634320e-01 8.040000e-04 3.357640e-01
409 6.632720e-01 8.240000e-04 3.359040e-01
410 6.631320e-01 8.040000e-04 3.360640e-01
411 6.630040e-01 8.000000e-04 3.361960e-01
412 6.629040e-01 7.760000e-04 3.363200e-01
413 6.627880e-01 7.720000e-04 3.364400e-01
414 6.626400e-01 8.080000e-04 3.365520e-01
415 6.625280e-01 8.040000e-04 3.366680e-01
416 6.623960e-01 7.600000e-04 3.368440e-01
417 6.623120e-01 6.840000e-04 3.370040e-01
418 6.622120e-01 6.680000e-04 3.371200e-01
419 6.621120e-01 6.400000e-04 3.372480e-01
420 6.619680e-01 6.720000e-04 3.373600e-01
421 6.618320e-01 7.280000e-04 3.374400e-01
422 6.616800e-01 7.360000e-04 3.375840e-01
423 6.615640e-01 7.440000e-04 3.376920e-01
424 6.613960e-01 7.760000e-04 3.378280e-01
425 6.612280e-01 8.160000e-04 3.379560e-01
426 6.610840e-01 7.920000e-04 3.381240e-01
427 6.609520e-01 7.760000e-04 3.382720e-01
428 6.608440e-01 7.240000e-04 3.384320e-01
429 6.606840e-01 8.000000e-04 3.385160e-01
430 6.605680e-01 8.240000e-04 3.386080e-01
431 6.604640e-01 7.440000e-04 3.387920e-01
432 6.603120e-01 7.440000e-04 3.389440e-01
433 6.602080e-01 7.320000e-04 3.390600e-01
434 6.601280e-01 7.000000e-04 3.391720e-01
435 6.600440e-01 7.000000e-04 3.392560e-01
436 6.599080e-01 7.040000e-04 3.393880e-01
437 6.598040e-01 6.960000e-04 3.395000e-01
438 6.596960e-01 7.040000e-04 3.396000e-01
439 6.595680e-01 7.080000e-04 3.397240e-01
440 6.594520e-01 6.760000e-04 3.398720e-01
441 6.593080e-01 7.000000e-04 3.399920e-01
442 6.591840e-01 7.120000e-04 3.401040e-01
443 6.590880e-01 6.760000e-04 3.402360e-01
444 6.590320e-01 6.120000e-04 3.403560e-01
445 6.589360e-01 5.720000e-04 3.404920e-01
446 6.588440e-01 5.840000e-04 3.405720e-01
447 6.587520e-01 5.720000e-04 3.406760e-01
448 6.586520e-01 5.600000e-04 3.407880e-01
449 6.585440e-01 5.760000e-04 3.408800e-01
450 6.584800e-01 5.400000e-04 3.409800e-01
451 6.583600e-01 5.720000e-04 3.410680e-01
452 6.582520e-01 5.800000e-04 3.411680e-01
453 6.581360e-01 5.960000e-04 3.412680e-01
454 6.580280e-01 6.000000e-04 3.413720e-01
455 6.579040e-01 6.400000e-04 3.414560e-01
456 6.578120e-01 6.040000e-04 3.415840e-01
457 6.577320e-01 5.600000e-04 3.417080e-01
458 6.576040e-01 5.800000e-04 3.418160e-01
459 6.575600e-01 5.200000e-04 3.419200e-01
460 6.574800e-01 5.080000e-04 3.420120e-01
461 6.574160e-01 4.680000e-04 3.421160e-01
462 6.573360e-01 4.360000e-04 3.422280e-01
463 6.572960e-01 3.760000e-04 3.423280e-01
464 6.572560e-01 3.680000e-04 3.423760e-01
465 6.572040e-01 3.440000e-04 3.424520e-01
466 6.571600e-01 3.440000e-04 3.424960e-01
467 6.571160e-01 3.440000e-04 3.425400e-01
468 6.570720e-01 3.360000e-04 3.425920e-01
469 6.570000e-01 3.640000e-04 3.426360e-01
470 6.569000e-01 4.080000e-04 3.426920e-01
471 6.568120e-01 4.280000e-04 3.427600e-01
472 6.567000e-01 4.800000e-04 3.428200e-01
473 6.566040e-01 5.080000e-04 3.428880e-01
474 6.565280e-01 4.920000e-04 3.429800e-01
475 6.564000e-01 5.240000e-04 3.430760e-01
476 6.563040e-01 5.280000e-04 3.431680e-01
477 6.562480e-01 5.400000e-04 3.432120e-01
478 6.561600e-01 5.440000e-04 3.432960e-01
479 6.560600e-01 5.720000e-04 3.433680e-01
480 6.559200e-01 6.120000e-04 3.434680e-01
481 6.557840e-01 6.600000e-04 3.435560e-01
482 6.556520e-01 6.600000e-04 3.436880e-01
483 6.555360e-01 6.720000e-04 3.437920e-01
484 6.554560e-01 6.400000e-04 3.439040e-01
485 6.553840e-01 6.440000e-04 3.439720e-01
486 6.552680e-01 6.600000e-04 3.440720e-01
487 6.551680e-01 6.520000e-04 3.441800e-01
488 6.550800e-01 6.400000e-04 3.442800e-01
489 6.549880e-01 6.000000e-04 3.444120e-01
490 6.548800e-01 6.000000e-04 3.445200e-01
491 6.548040e-01 5.600000e-04 3.446360e-01
492 6.547560e-01 5.160000e-04 3.447280e-01
493 6.546880e-01 4.680000e-04 3.448440e-01
494 6.546120e-01 4.680000e-04 3.449200e-01
495 6.545520e-01 4.440000e-04 3.450040e-01
496 6.544720e-01 4.240000e-04 3.451040e-01
497 6.543080e-01 5.000000e-04 3.451920e-01
498 6.542000e-01 5.200000e-04 3.452800e-01
499 6.540680e-01 5.320000e-04 3.454000e-01
500 6.539600e-01 5.560000e-04 3.454840e-01
