1 9.990800e-01 8.360000e-04 8.400000e-05
2 9.984720e-01 1.248000e-03 2.800000e-04
3 9.978400e-01 1.592000e-03 5.680000e-04
4 9.971360e-01 1.908000e-03 9.560000e-04
5 9.963400e-01 2.304000e-03 1.356000e-03
6 9.953880e-01 2.780000e-03 1.832000e-03
7 9.944400e-01 3.192000e-03 2.368000e-03
8 9.934640e-01 3.548000e-03 2.988000e-03
9 9.924240e-01 3.932000e-03 3.644000e-03
10 9.914000e-01 4.216000e-03 4.384000e-03
11 9.904600e-01 4.424000e-03 5.116000e-03
12 9.894120e-01 4.764000e-03 5.824000e-03
13 9.883560e-01 4.972000e-03 6.672000e-03
14 9.871680e-01 5.228000e-03 7.604000e-03
15 9.858600e-01 5.640000e-03 8.500000e-03
16 9.846320e-01 5.904000e-03 9.464000e-03
17 9.833720e-01 6.100000e-03 1.052800e-02
18 9.821240e-01 6.244000e-03 1.163200e-02
19 9.808840e-01 6.440000e-03 1.267600e-02
20 9.795680e-01 6.588000e-03 1.384400e-02
21 9.781480e-01 6.796000e-03 1.505600e-02
22 9.767400e-01 6.976000e-03 1.628400e-02
23 9.753960e-01 7.064000e-03 1.754000e-02
24 9.741280e-01 7.036000e-03 1.883600e-02
25 9.727640e-01 7.080000e-03 2.015600e-02
26 9.714040e-01 7.164000e-03 2.143200e-02
27 9.699240e-01 7.480000e-03 2.259600e-02
28 9.684880e-01 7.620000e-03 2.389200e-02
29 9.670440e-01 7.768000e-03 2.518800e-02
30 9.655480e-01 7.948000e-03 2.650400e-02
31 9.639040e-01 8.076000e-03 2.802000e-02
32 9.624560e-01 8.148000e-03 2.939600e-02
33 9.610360e-01 8.144000e-03 3.082000e-02
34 9.595240e-01 8.200000e-03 3.227600e-02
35 9.580520e-01 8.184000e-03 3.376400e-02
36 9.563480e-01 8.448000e-03 3.520400e-02
37 9.547080e-01 8.720000e-03 3.657200e-02
38 9.528280e-01 8.976000e-03 3.819600e-02
39 9.510120e-01 9.212000e-03 3.977600e-02
40 9.491600e-01 9.412000e-03 4.142800e-02
41 9.472840e-01 9.736000e-03 4.298000e-02
42 9.453600e-01 1.003200e-02 4.460800e-02
43 9.435000e-01 1.022800e-02 4.627200e-02
44 9.416120e-01 1.032800e-02 4.806000e-02
45 9.397520e-01 1.037200e-02 4.987600e-02
46 9.377640e-01 1.062000e-02 5.161600e-02
47 9.360560e-01 1.048000e-02 5.346400e-02
48 9.343800e-01 1.025200e-02 5.536800e-02
49 9.327560e-01 1.019200e-02 5.705200e-02
50 9.310480e-01 1.008000e-02 5.887200e-02
51 9.293040e-01 1.000000e-02 6.069600e-02
52 9.278320e-01 9.696000e-03 6.247200e-02
53 9.263200e-01 9.412000e-03 6.426800e-02
54 9.247040e-01 9.472000e-03 6.582400e-02
55 9.228680e-01 9.556000e-03 6.757600e-02
56 9.211440e-01 9.664000e-03 6.919200e-02
57 9.193600e-01 9.852000e-03 7.078800e-02
58 9.176360e-01 9.872000e-03 7.249200e-02
59 9.160720e-01 9.768000e-03 7.416000e-02
60 9.145240e-01 9.532000e-03 7.594400e-02
61 9.129880e-01 9.376000e-03 7.763600e-02
62 9.113800e-01 9.464000e-03 7.915600e-02
63 9.097960e-01 9.500000e-03 8.070400e-02
64 9.080920e-01 9.576000e-03 8.233200e-02
65 9.064480e-01 9.468000e-03 8.408400e-02
66 9.049680e-01 9.332000e-03 8.570000e-02
67 9.033800e-01 9.148000e-03 8.747200e-02
68 9.019360e-01 8.996000e-03 8.906800e-02
69 9.004560e-01 8.964000e-03 9.058000e-02
70 8.988880e-01 9.060000e-03 9.205200e-02
71 8.973480e-01 8.984000e-03 9.366800e-02
72 8.957440e-01 9.016000e-03 9.524000e-02
73 8.943400e-01 8.948000e-03 9.671200e-02
74 8.926640e-01 9.144000e-03 9.819200e-02
75 8.911040e-01 8.980000e-03 9.991600e-02
76 8.893800e-01 9.240000e-03 1.013800e-01
77 8.876840e-01 9.272000e-03 1.030440e-01
78 8.860720e-01 9.248000e-03 1.046800e-01
79 8.845160e-01 9.292000e-03 1.061920e-01
80 8.830120e-01 9.388000e-03 1.076000e-01
81 8.813800e-01 9.280000e-03 1.093400e-01
82 8.798640e-01 9.208000e-03 1.109280e-01
83 8.783960e-01 9.092000e-03 1.125120e-01
84 8.768720e-01 8.928000e-03 1.142000e-01
85 8.754600e-01 8.808000e-03 1.157320e-01
86 8.739600e-01 8.836000e-03 1.172040e-01
87 8.725640e-01 8.648000e-03 1.187880e-01
88 8.711160e-01 8.552000e-03 1.203320e-01
89 8.697480e-01 8.268000e-03 1.219840e-01
90 8.684240e-01 8.180000e-03 1.233960e-01
91 8.669440e-01 8.172000e-03 1.248840e-01
92 8.654960e-01 8.224000e-03 1.262800e-01
93 8.640720e-01 8.208000e-03 1.277200e-01
94 8.626280e-01 8.292000e-03 1.290800e-01
95 8.612760e-01 8.284000e-03 1.304400e-01
96 8.597440e-01 8.372000e-03 1.318840e-01
97 8.582720e-01 8.356000e-03 1.333720e-01
98 8.566480e-01 8.496000e-03 1.348560e-01
99 8.551360e-01 8.512000e-03 1.363520e-01
100 8.535680e-01 8.532000e-03 1.379000e-01
101 8.520600e-01 8.432000e-03 1.395080e-01
102 8.504800e-01 8.512000e-03 1.410080e-01
103 8.491360e-01 8.304000e-03 1.425600e-01
104 8.478360e-01 8.184000e-03 1.439800e-01
105 8.465400e-01 8.148000e-03 1.453120e-01
106 8.449720e-01 8.276000e-03 1.467520e-01
107 8.437080e-01 8.040000e-03 1.482520e-01
108 8.424600e-01 7.856000e-03 1.496840e-01
109 8.412040e-01 7.796000e-03 1.510000e-01
110 8.398520e-01 7.780000e-03 1.523680e-01
111 8.384360e-01 7.768000e-03 1.537960e-01
112 8.370560e-01 7.732000e-03 1.552120e-01
113 8.356280e-01 7.804000e-03 1.565680e-01
114 8.341720e-01 7.936000e-03 1.578920e-01
115 8.328280e-01 7.916000e-03 1.592560e-01
116 8.313760e-01 7.864000e-03 1.607600e-01
117 8.300520e-01 7.776000e-03 1.621720e-01
118 8.287720e-01 7.708000e-03 1.635200e-01
119 8.273760e-01 7.768000e-03 1.648560e-01
120 8.260680e-01 7.788000e-03 1.661440e-01
121 8.248040e-01 7.832000e-03 1.673640e-01
122 8.233840e-01 7.904000e-03 1.687120e-01
123 8.220680e-01 7.744000e-03 1.701880e-01
124 8.207200e-01 7.760000e-03 1.715200e-01
125 8.194560e-01 7.620000e-03 1.729240e-01
126 8.180600e-01 7.772000e-03 1.741680e-01
127 8.167080e-01 7.792000e-03 1.755000e-01
128 8.152760e-01 7.820000e-03 1.769040e-01
129 8.138840e-01 7.728000e-03 1.783880e-01
130 8.124800e-01 7.900000e-03 1.796200e-01
131 8.110720e-01 8.036000e-03 1.808920e-01
132 8.096880e-01 8.120000e-03 1.821920e-01
133 8.082120e-01 8.156000e-03 1.836320e-01
134 8.068120e-01 8.092000e-03 1.850960e-01
135 8.053920e-01 8.072000e-03 1.865360e-01
136 8.039920e-01 8.052000e-03 1.879560e-01
137 8.026120e-01 8.076000e-03 1.893120e-01
138 8.012720e-01 7.964000e-03 1.907640e-01
139 7.998040e-01 8.100000e-03 1.920960e-01
140 7.984240e-01 8.020000e-03 1.935560e-01
141 7.969560e-01 8.100000e-03 1.949440e-01
142 7.955360e-01 8.104000e-03 1.963600e-01
143 7.942560e-01 7.944000e-03 1.978000e-01
144 7.929720e-01 7.864000e-03 1.991640e-01
145 7.916560e-01 7.920000e-03 2.004240e-01
146 7.903120e-01 7.888000e-03 2.018000e-01
147 7.891840e-01 7.628000e-03 2.031880e-01
148 7.881400e-01 7.288000e-03 2.045720e-01
149 7.868920e-01 7.352000e-03 2.057560e-01
150 7.856960e-01 7.280000e-03 2.070240e-01
151 7.845760e-01 7.052000e-03 2.083720e-01
152 7.836120e-01 6.904000e-03 2.094840e-01
153 7.824040e-01 6.828000e-03 2.107680e-01
154 7.812480e-01 6.824000e-03 2.119280e-01
155 7.800240e-01 6.900000e-03 2.130760e-01
156 7.790320e-01 6.640000e-03 2.143280e-01
157 7.782120e-01 6.280000e-03 2.155080e-01
158 7.770920e-01 6.328000e-03 2.165800e-01
159 7.761000e-01 6.256000e-03 2.176440e-01
160 7.751400e-01 6.184000e-03 2.186760e-01
161 7.742080e-01 6.068000e-03 2.197240e-01
162 7.732360e-01 5.980000e-03 2.207840e-01
163 7.721800e-01 6.036000e-03 2.217840e-01
164 7.713080e-01 5.764000e-03 2.229280e-01
165 7.703480e-01 5.692000e-03 2.239600e-01
166 7.694320e-01 5.628000e-03 2.249400e-01
167 7.684840e-01 5.516000e-03 2.260000e-01
168 7.675240e-01 5.488000e-03 2.269880e-01
169 7.665720e-01 5.540000e-03 2.278880e-01
170 7.656240e-01 5.428000e-03 2.289480e-01
171 7.647120e-01 5.400000e-03 2.298880e-01
172 7.638040e-01 5.360000e-03 2.308360e-01
173 7.628280e-01 5.480000e-03 2.316920e-01
174 7.619480e-01 5.468000e-03 2.325840e-01
175 7.611240e-01 5.344000e-03 2.335320e-01
176 7.602960e-01 5.152000e-03 2.345520e-01
177 7.594320e-01 5.176000e-03 2.353920e-01
178 7.585200e-01 5.220000e-03 2.362600e-01
179 7.577040e-01 5.084000e-03 2.372120e-01
180 7.568600e-01 4.976000e-03 2.381640e-01
181 7.561240e-01 4.788000e-03 2.390880e-01
182 7.553040e-01 4.840000e-03 2.398560e-01
183 7.545080e-01 4.888000e-03 2.406040e-01
184 7.537200e-01 4.776000e-03 2.415040e-01
185 7.528280e-01 4.816000e-03 2.423560e-01
186 7.519920e-01 4.764000e-03 2.432440e-01
187 7.511880e-01 4.740000e-03 2.440720e-01
188 7.502440e-01 4.928000e-03 2.448280e-01
189 7.493320e-01 4.912000e-03 2.457560e-01
190 7.484800e-01 4.904000e-03 2.466160e-01
191 7.476280e-01 4.852000e-03 2.475200e-01
192 7.467360e-01 4.864000e-03 2.484000e-01
193 7.456960e-01 4.960000e-03 2.493440e-01
194 7.448640e-01 5.004000e-03 2.501320e-01
195 7.441080e-01 4.880000e-03 2.510120e-01
196 7.432200e-01 4.924000e-03 2.518560e-01
197 7.423480e-01 5.000000e-03 2.526520e-01
198 7.415120e-01 4.980000e-03 2.535080e-01
199 7.407200e-01 4.908000e-03 2.543720e-01
200 7.398680e-01 4.960000e-03 2.551720e-01
201 7.390280e-01 4.968000e-03 2.560040e-01
202 7.382680e-01 4.864000e-03 2.568680e-01
203 7.374640e-01 4.712000e-03 2.578240e-01
204 7.365120e-01 4.840000e-03 2.586480e-01
205 7.357840e-01 4.708000e-03 2.595080e-01
206 7.350800e-01 4.516000e-03 2.604040e-01
207 7.343080e-01 4.400000e-03 2.612920e-01
208 7.335680e-01 4.432000e-03 2.620000e-01
209 7.328520e-01 4.388000e-03 2.627600e-01
210 7.319880e-01 4.568000e-03 2.634440e-01
211 7.312040e-01 4.472000e-03 2.643240e-01
212 7.303560e-01 4.416000e-03 2.652280e-01
213 7.295400e-01 4.512000e-03 2.659480e-01
214 7.285720e-01 4.696000e-03 2.667320e-01
215 7.278080e-01 4.604000e-03 2.675880e-01
216 7.269920e-01 4.640000e-03 2.683680e-01
217 7.262920e-01 4.576000e-03 2.691320e-01
218 7.254880e-01 4.572000e-03 2.699400e-01
219 7.247960e-01 4.432000e-03 2.707720e-01
220 7.241000e-01 4.348000e-03 2.715520e-01
221 7.234760e-01 4.208000e-03 2.723160e-01
222 7.227720e-01 4.096000e-03 2.731320e-01
223 7.221600e-01 3.924000e-03 2.739160e-01
224 7.215480e-01 3.772000e-03 2.746800e-01
225 7.208880e-01 3.796000e-03 2.753160e-01
226 7.201920e-01 3.812000e-03 2.759960e-01
227 7.195600e-01 3.784000e-03 2.766560e-01
228 7.189520e-01 3.784000e-03 2.772640e-01
229 7.184040e-01 3.636000e-03 2.779600e-01
230 7.177880e-01 3.620000e-03 2.785920e-01
231 7.171280e-01 3.644000e-03 2.792280e-01
232 7.164440e-01 3.648000e-03 2.799080e-01
233 7.157800e-01 3.728000e-03 2.804920e-01
234 7.152440e-01 3.628000e-03 2.811280e-01
235 7.145400e-01 3.796000e-03 2.816640e-01
236 7.139040e-01 3.780000e-03 2.823160e-01
237 7.132600e-01 3.868000e-03 2.828720e-01
238 7.126320e-01 3.840000e-03 2.835280e-01
239 7.120280e-01 3.660000e-03 2.843120e-01
240 7.114160e-01 3.632000e-03 2.849520e-01
241 7.108160e-01 3.656000e-03 2.855280e-01
242 7.102040e-01 3.648000e-03 2.861480e-01
243 7.096080e-01 3.684000e-03 2.867080e-01
244 7.090520e-01 3.556000e-03 2.873920e-01
245 7.084800e-01 3.560000e-03 2.879600e-01
246 7.079320e-01 3.492000e-03 2.885760e-01
247 7.072840e-01 3.496000e-03 2.892200e-01
248 7.067000e-01 3.500000e-03 2.898000e-01
249 7.062000e-01 3.440000e-03 2.903600e-01
250 7.056240e-01 3.448000e-03 2.909280e-01
251 7.051040e-01 3.452000e-03 2.914440e-01
252 7.045760e-01 3.460000e-03 2.919640e-01
253 7.040240e-01 3.408000e-03 2.925680e-01
254 7.034320e-01 3.432000e-03 2.931360e-01
255 7.029000e-01 3.444000e-03 2.936560e-01
256 7.023480e-01 3.328000e-03 2.943240e-01
257 7.017960e-01 3.252000e-03 2.949520e-01
258 7.011480e-01 3.284000e-03 2.955680e-01
259 7.005280e-01 3.248000e-03 2.962240e-01
260 6.999880e-01 3.160000e-03 2.968520e-01
261 6.994360e-01 3.164000e-03 2.974000e-01
262 6.988800e-01 3.188000e-03 2.979320e-01
263 6.982800e-01 3.208000e-03 2.985120e-01
264 6.977680e-01 3.184000e-03 2.990480e-01
265 6.972000e-01 3.120000e-03 2.996800e-01
266 6.967240e-01 3.072000e-03 3.002040e-01
267 6.962120e-01 3.020000e-03 3.007680e-01
268 6.956560e-01 3.064000e-03 3.012800e-01
269 6.951400e-01 2.944000e-03 3.019160e-01
270 6.946280e-01 2.944000e-03 3.024280e-01
271 6.940920e-01 2.896000e-03 3.030120e-01
272 6.936840e-01 2.840000e-03 3.034760e-01
273 6.932320e-01 2.832000e-03 3.039360e-01
274 6.927680e-01 2.756000e-03 3.044760e-01
275 6.922720e-01 2.764000e-03 3.049640e-01
276 6.918480e-01 2.740000e-03 3.054120e-01
277 6.913880e-01 2.684000e-03 3.059280e-01
278 6.909480e-01 2.684000e-03 3.063680e-01
279 6.905760e-01 2.624000e-03 3.068000e-01
280 6.901400e-01 2.648000e-03 3.072120e-01
281 6.897080e-01 2.588000e-03 3.077040e-01
282 6.891760e-01 2.704000e-03 3.081200e-01
283 6.886920e-01 2.720000e-03 3.085880e-01
284 6.881960e-01 2.712000e-03 3.090920e-01
285 6.876600e-01 2.780000e-03 3.095600e-01
286 6.871040e-01 2.860000e-03 3.100360e-01
287 6.865880e-01 2.892000e-03 3.105200e-01
288 6.860720e-01 2.872000e-03 3.110560e-01
289 6.855560e-01 2.956000e-03 3.114880e-01
290 6.850960e-01 2.908000e-03 3.119960e-01
291 6.846000e-01 2.868000e-03 3.125320e-01
292 6.841000e-01 2.896000e-03 3.130040e-01
293 6.835760e-01 2.900000e-03 3.135240e-01
294 6.831440e-01 2.852000e-03 3.140040e-01
295 6.826840e-01 2.784000e-03 3.145320e-01
296 6.822480e-01 2.752000e-03 3.150000e-01
297 6.818040e-01 2.776000e-03 3.154200e-01
298 6.813640e-01 2.848000e-03 3.157880e-01
299 6.809520e-01 2.716000e-03 3.163320e-01
300 6.804480e-01 2.772000e-03 3.167800e-01
301 6.801040e-01 2.684000e-03 3.172120e-01
302 6.797200e-01 2.616000e-03 3.176640e-01
303 6.793320e-01 2.520000e-03 3.181480e-01
304 6.789360e-01 2.492000e-03 3.185720e-01
305 6.785240e-01 2.532000e-03 3.189440e-01
306 6.780840e-01 2.532000e-03 3.193840e-01
307 6.777400e-01 2.444000e-03 3.198160e-01
308 6.774440e-01 2.372000e-03 3.201840e-01
309 6.769480e-01 2.524000e-03 3.205280e-01
310 6.765680e-01 2.472000e-03 3.209600e-01
311 6.762200e-01 2.428000e-03 3.213520e-01
312 6.758840e-01 2.360000e-03 3.217560e-01
313 6.754720e-01 2.384000e-03 3.221440e-01
314 6.750120e-01 2.468000e-03 3.225200e-01
315 6.746240e-01 2.440000e-03 3.229360e-01
316 6.741880e-01 2.420000e-03 3.233920e-01
317 6.737840e-01 2.380000e-03 3.238360e-01
318 6.733920e-01 2.356000e-03 3.242520e-01
319 6.730200e-01 2.300000e-03 3.246800e-01
320 6.727320e-01 2.196000e-03 3.250720e-01
321 6.723320e-01 2.248000e-03 3.254200e-01
322 6.719600e-01 2.244000e-03 3.257960e-01
323 6.715960e-01 2.188000e-03 3.262160e-01
324 6.712360e-01 2.176000e-03 3.265880e-01
325 6.709240e-01 2.120000e-03 3.269560e-01
326 6.705600e-01 2.080000e-03 3.273600e-01
327 6.702680e-01 1.996000e-03 3.277360e-01
328 6.699720e-01 1.956000e-03 3.280720e-01
329 6.696320e-01 1.968000e-03 3.284000e-01
330 6.692320e-01 2.032000e-03 3.287360e-01
331 6.688560e-01 1.968000e-03 3.291760e-01
332 6.685000e-01 1.932000e-03 3.295680e-01
333 6.682120e-01 1.872000e-03 3.299160e-01
334 6.678400e-01 1.948000e-03 3.302120e-01
335 6.675080e-01 1.924000e-03 3.305680e-01
336 6.672240e-01 1.948000e-03 3.308280e-01
337 6.668480e-01 1.968000e-03 3.311840e-01
338 6.664760e-01 2.020000e-03 3.315040e-01
339 6.661840e-01 1.976000e-03 3.318400e-01
340 6.658960e-01 1.964000e-03 3.321400e-01
341 6.655840e-01 1.948000e-03 3.324680e-01
342 6.652760e-01 1.956000e-03 3.327680e-01
343 6.649760e-01 1.848000e-03 3.331760e-01
344 6.646440e-01 1.840000e-03 3.335160e-01
345 6.643160e-01 1.816000e-03 3.338680e-01
346 6.639680e-01 1.844000e-03 3.341880e-01
347 6.636200e-01 1.840000e-03 3.345400e-01
348 6.632560e-01 1.836000e-03 3.349080e-01
349 6.629960e-01 1.748000e-03 3.352560e-01
350 6.626560e-01 1.792000e-03 3.355520e-01
351 6.623760e-01 1.784000e-03 3.358400e-01
352 6.620880e-01 1.752000e-03 3.361600e-01
353 6.618040e-01 1.732000e-03 3.364640e-01
354 6.615400e-01 1.720000e-03 3.367400e-01
355 6.612920e-01 1.676000e-03 3.370320e-01
356 6.610280e-01 1.696000e-03 3.372760e-01
357 6.607440e-01 1.600000e-03 3.376560e-01
358 6.604680e-01 1.592000e-03 3.379400e-01
359 6.601920e-01 1.600000e-03 3.382080e-01
360 6.598680e-01 1.620000e-03 3.385120e-01
361 6.595360e-01 1.620000e-03 3.388440e-01
362 6.592480e-01 1.660000e-03 3.390920e-01
363 6.589520e-01 1.680000e-03 3.393680e-01
364 6.587000e-01 1.640000e-03 3.396600e-01
365 6.585080e-01 1.564000e-03 3.399280e-01
366 6.582760e-01 1.492000e-03 3.402320e-01
367 6.579560e-01 1.556000e-03 3.404880e-01
368 6.577480e-01 1.484000e-03 3.407680e-01
369 6.575440e-01 1.428000e-03 3.410280e-01
370 6.572600e-01 1.480000e-03 3.412600e-01
371 6.569840e-01 1.476000e-03 3.415400e-01
372 6.567920e-01 1.428000e-03 3.417800e-01
373 6.565360e-01 1.364000e-03 3.421000e-01
374 6.563160e-01 1.352000e-03 3.423320e-01
375 6.560200e-01 1.448000e-03 3.425320e-01
376 6.557360e-01 1.480000e-03 3.427840e-01
377 6.554840e-01 1.428000e-03 3.430880e-01
378 6.552000e-01 1.452000e-03 3.433480e-01
379 6.549400e-01 1.444000e-03 3.436160e-01
380 6.547440e-01 1.368000e-03 3.438880e-01
381 6.544880e-01 1.412000e-03 3.441000e-01
382 6.542160e-01 1.448000e-03 3.443360e-01
383 6.540280e-01 1.400000e-03 3.445720e-01
384 6.538600e-01 1.308000e-03 3.448320e-01
385 6.536600e-01 1.208000e-03 3.451320e-01
386 6.535320e-01 1.160000e-03 3.453080e-01
387 6.533640e-01 1.116000e-03 3.455200e-01
388 6.531400e-01 1.132000e-03 3.457280e-01
389 6.529600e-01 1.116000e-03 3.459240e-01
390 6.526920e-01 1.196000e-03 3.461120e-01
391 6.524960e-01 1.196000e-03 3.463080e-01
392 6.522760e-01 1.208000e-03 3.465160e-01
393 6.521120e-01 1.120000e-03 3.467680e-01
394 6.519080e-01 1.112000e-03 3.469800e-01
395 6.517760e-01 1.044000e-03 3.471800e-01
396 6.516600e-01 9.840000e-04 3.473560e-01
397 6.515040e-01 9.800000e-04 3.475160e-01
398 6.513720e-01 9.440000e-04 3.476840e-01
399 6.512640e-01 9.240000e-04 3.478120e-01
400 6.510640e-01 9.840000e-04 3.479520e-01
401 6.508400e-01 1.016000e-03 3.481440e-01
402 6.506160e-01 1.068000e-03 3.483160e-01
403 6.503920e-01 1.116000e-03 3.484920e-01
404 6.502400e-01 1.068000e-03 3.486920e-01
405 6.500400e-01 1.072000e-03 3.488880e-01
406 6.498080e-01 1.152000e-03 3.490400e-01
407 6.495800e-01 1.152000e-03 3.492680e-01
408 6.493280e-01 1.188000e-03 3.494840e-01
409 6.491280e-01 1.192000e-03 3.496800e-01
410 6.489000e-01 1.224000e-03 3.498760e-01
411 6.486640e-01 1.288000e-03 3.500480e-01
412 6.484880e-01 1.260000e-03 3.502520e-01
413 6.482640e-01 1.212000e-03 3.505240e-01
414 6.480760e-01 1.212000e-03 3.507120e-01
415 6.479240e-01 1.136000e-03 3.509400e-01
416 6.477880e-01 1.008000e-03 3.512040e-01
417 6.476760e-01 9.280000e-04 3.513960e-01
418 6.475040e-01 8.640000e-04 3.516320e-01
419 6.474200e-01 8.000000e-04 3.517800e-01
420 6.473040e-01 7.600000e-04 3.519360e-01
421 6.471960e-01 7.240000e-04 3.520800e-01
422 6.470480e-01 7.160000e-04 3.522360e-01
423 6.469040e-01 7.520000e-04 3.523440e-01
424 6.467880e-01 7.160000e-04 3.524960e-01
425 6.466440e-01 7.440000e-04 3.526120e-01
426 6.465120e-01 7.520000e-04 3.527360e-01
427 6.463960e-01 7.360000e-04 3.528680e-01
428 6.463080e-01 6.640000e-04 3.530280e-01
429 6.461920e-01 6.880000e-04 3.531200e-01
430 6.461040e-01 6.760000e-04 3.532200e-01
431 6.459920e-01 6.960000e-04 3.533120e-01
432 6.458720e-01 7.000000e-04 3.534280e-01
433 6.457240e-01 7.400000e-04 3.535360e-01
434 6.455600e-01 7.560000e-04 3.536840e-01
435 6.453680e-01 8.160000e-04 3.538160e-01
436 6.452400e-01 7.920000e-04 3.539680e-01
437 6.451000e-01 8.320000e-04 3.540680e-01
438 6.449920e-01 7.600000e-04 3.542480e-01
439 6.448960e-01 7.240000e-04 3.543800e-01
440 6.447840e-01 6.920000e-04 3.545240e-01
441 6.446880e-01 6.680000e-04 3.546440e-01
442 6.446000e-01 6.280000e-04 3.547720e-01
443 6.445200e-01 5.920000e-04 3.548880e-01
444 6.444280e-01 5.880000e-04 3.549840e-01
445 6.443480e-01 5.800000e-04 3.550720e-01
446 6.442440e-01 5.720000e-04 3.551840e-01
447 6.441520e-01 5.720000e-04 3.552760e-01
448 6.440800e-01 5.520000e-04 3.553680e-01
449 6.439720e-01 5.600000e-04 3.554680e-01
450 6.438520e-01 5.960000e-04 3.555520e-01
451 6.436880e-01 6.360000e-04 3.556760e-01
452 6.435280e-01 6.800000e-04 3.557920e-01
453 6.433840e-01 6.960000e-04 3.559200e-01
454 6.432680e-01 6.960000e-04 3.560360e-01
455 6.431520e-01 6.840000e-04 3.561640e-01
456 6.430280e-01 7.160000e-04 3.562560e-01
457 6.428640e-01 7.640000e-04 3.563720e-01
458 6.427560e-01 7.600000e-04 3.564840e-01
459 6.426360e-01 7.080000e-04 3.566560e-01
460 6.425800e-01 6.800000e-04 3.567400e-01
461 6.424880e-01 6.440000e-04 3.568680e-01
462 6.423640e-01 6.440000e-04 3.569920e-01
463 6.422360e-01 6.840000e-04 3.570800e-01
464 6.421600e-01 6.360000e-04 3.572040e-01
465 6.420520e-01 6.520000e-04 3.572960e-01
466 6.419000e-01 6.960000e-04 3.574040e-01
467 6.417600e-01 7.240000e-04 3.575160e-01
468 6.416560e-01 7.000000e-04 3.576440e-01
469 6.415400e-01 7.360000e-04 3.577240e-01
470 6.413680e-01 8.120000e-04 3.578200e-01
471 6.412320e-01 8.160000e-04 3.579520e-01
472 6.410960e-01 8.200000e-04 3.580840e-01
473 6.409600e-01 8.360000e-04 3.582040e-01
474 6.408080e-01 8.560000e-04 3.583360e-01
475 6.406920e-01 8.080000e-04 3.585000e-01
476 6.405840e-01 7.880000e-04 3.586280e-01
477 6.404800e-01 7.560000e-04 3.587640e-01
478 6.403320e-01 7.680000e-04 3.589000e-01
479 6.402120e-01 7.640000e-04 3.590240e-01
480 6.401000e-01 7.720000e-04 3.591280e-01
481 6.399680e-01 7.600000e-04 3.592720e-01
482 6.399120e-01 6.880000e-04 3.594000e-01
483 6.397920e-01 7.200000e-04 3.594880e-01
484 6.396640e-01 7.000000e-04 3.596360e-01
485 6.395320e-01 7.000000e-04 3.597680e-01
486 6.393960e-01 7.120000e-04 3.598920e-01
487 6.392040e-01 7.840000e-04 3.600120e-01
488 6.390040e-01 8.360000e-04 3.601600e-01
489 6.388680e-01 8.400000e-04 3.602920e-01
490 6.386800e-01 8.800000e-04 3.604400e-01
491 6.384760e-01 9.360000e-04 3.605880e-01
492 6.382760e-01 9.400000e-04 3.607840e-01
493 6.380360e-01 1.016000e-03 3.609480e-01
494 6.378600e-01 1.028000e-03 3.611120e-01
495 6.376800e-01 1.028000e-03 3.612920e-01
496 6.375200e-01 9.880000e-04 3.614920e-01
497 6.373640e-01 1.004000e-03 3.616320e-01
498 6.372080e-01 9.120000e-04 3.618800e-01
499 6.370800e-01 8.880000e-04 3.620320e-01
500 6.369240e-01 8.640000e-04 3.622120e-01
