1 9.991720e-01 7.240000e-04 1.040000e-04
2 9.986760e-01 1.076000e-03 2.480000e-04
3 9.980120e-01 1.532000e-03 4.560000e-04
4 9.972240e-01 2.048000e-03 7.280000e-04
5 9.963640e-01 2.476000e-03 1.160000e-03
6 9.956120e-01 2.712000e-03 1.676000e-03
7 9.946640e-01 3.132000e-03 2.204000e-03
8 9.936600e-01 3.536000e-03 2.804000e-03
9 9.926000e-01 3.984000e-03 3.416000e-03
10 9.913400e-01 4.576000e-03 4.084000e-03
11 9.902080e-01 4.844000e-03 4.948000e-03
12 9.889600e-01 5.216000e-03 5.824000e-03
13 9.876880e-01 5.544000e-03 6.768000e-03
14 9.862680e-01 6.084000e-03 7.648000e-03
15 9.847800e-01 6.416000e-03 8.804000e-03
16 9.834440e-01 6.628000e-03 9.928000e-03
17 9.820360e-01 6.960000e-03 1.100400e-02
18 9.805840e-01 7.192000e-03 1.222400e-02
19 9.790720e-01 7.396000e-03 1.353200e-02
20 9.776360e-01 7.340000e-03 1.502400e-02
21 9.759880e-01 7.768000e-03 1.624400e-02
22 9.744000e-01 8.084000e-03 1.751600e-02
23 9.728920e-01 8.088000e-03 1.902000e-02
24 9.714080e-01 8.192000e-03 2.040000e-02
25 9.698760e-01 8.144000e-03 2.198000e-02
26 9.683680e-01 8.304000e-03 2.332800e-02
27 9.666040e-01 8.540000e-03 2.485600e-02
28 9.648760e-01 8.772000e-03 2.635200e-02
29 9.633520e-01 8.832000e-03 2.781600e-02
30 9.618720e-01 8.700000e-03 2.942800e-02
31 9.601800e-01 8.836000e-03 3.098400e-02
32 9.586240e-01 8.740000e-03 3.263600e-02
33 9.568760e-01 8.832000e-03 3.429200e-02
34 9.552160e-01 8.980000e-03 3.580400e-02
35 9.534760e-01 9.168000e-03 3.735600e-02
36 9.518440e-01 9.252000e-03 3.890400e-02
37 9.501440e-01 9.292000e-03 4.056400e-02
38 9.484240e-01 9.308000e-03 4.226800e-02
39 9.466960e-01 9.432000e-03 4.387200e-02
40 9.450560e-01 9.392000e-03 4.555200e-02
41 9.434880e-01 9.292000e-03 4.722000e-02
42 9.420840e-01 9.044000e-03 4.887200e-02
43 9.404640e-01 9.184000e-03 5.035200e-02
44 9.389600e-01 9.028000e-03 5.201200e-02
45 9.373200e-01 9.184000e-03 5.349600e-02
46 9.357360e-01 9.136000e-03 5.512800e-02
47 9.341920e-01 9.040000e-03 5.676800e-02
48 9.325560e-01 9.092000e-03 5.835200e-02
49 9.308000e-01 9.244000e-03 5.995600e-02
50 9.290520e-01 9.236000e-03 6.171200e-02
51 9.273280e-01 9.396000e-03 6.327600e-02
52 9.255200e-01 9.596000e-03 6.488400e-02
53 9.237880e-01 9.608000e-03 6.660400e-02
54 9.220680e-01 9.792000e-03 6.814000e-02
55 9.203720e-01 9.760000e-03 6.986800e-02
56 9.186360e-01 9.688000e-03 7.167600e-02
57 9.170800e-01 9.588000e-03 7.333200e-02
58 9.153640e-01 9.716000e-03 7.492000e-02
59 9.133840e-01 9.848000e-03 7.676800e-02
60 9.116920e-01 9.832000e-03 7.847600e-02
61 9.099720e-01 9.780000e-03 8.024800e-02
62 9.081680e-01 9.832000e-03 8.200000e-02
63 9.062880e-01 1.002000e-02 8.369200e-02
64 9.044760e-01 1.006800e-02 8.545600e-02
65 9.027760e-01 1.007200e-02 8.715200e-02
66 9.009120e-01 1.027200e-02 8.881600e-02
67 8.991240e-01 1.026000e-02 9.061600e-02
68 8.973480e-01 1.021600e-02 9.243600e-02
69 8.956040e-01 1.014800e-02 9.424800e-02
70 8.940640e-01 9.956000e-03 9.598000e-02
71 8.924920e-01 9.752000e-03 9.775600e-02
72 8.908880e-01 9.632000e-03 9.948000e-02
73 8.890520e-01 9.840000e-03 1.011080e-01
74 8.872800e-01 9.876000e-03 1.028440e-01
75 8.855600e-01 9.948000e-03 1.044920e-01
76 8.840800e-01 9.704000e-03 1.062160e-01
77 8.826120e-01 9.588000e-03 1.078000e-01
78 8.811160e-01 9.420000e-03 1.094640e-01
79 8.795480e-01 9.380000e-03 1.110720e-01
80 8.780600e-01 9.172000e-03 1.127680e-01
81 8.765680e-01 8.972000e-03 1.144600e-01
82 8.750080e-01 8.892000e-03 1.161000e-01
83 8.736120e-01 8.776000e-03 1.176120e-01
84 8.722160e-01 8.500000e-03 1.192840e-01
85 8.706840e-01 8.580000e-03 1.207360e-01
86 8.692400e-01 8.564000e-03 1.221960e-01
87 8.677240e-01 8.576000e-03 1.237000e-01
88 8.663720e-01 8.452000e-03 1.251760e-01
89 8.650120e-01 8.284000e-03 1.267040e-01
90 8.638640e-01 8.032000e-03 1.281040e-01
91 8.625840e-01 7.908000e-03 1.295080e-01
92 8.612400e-01 7.840000e-03 1.309200e-01
93 8.599560e-01 7.764000e-03 1.322800e-01
94 8.586240e-01 7.772000e-03 1.336040e-01
95 8.571160e-01 7.816000e-03 1.350680e-01
96 8.558320e-01 7.828000e-03 1.363400e-01
97 8.545320e-01 7.832000e-03 1.376360e-01
98 8.532800e-01 7.756000e-03 1.389640e-01
99 8.520240e-01 7.816000e-03 1.401600e-01
100 8.507880e-01 7.808000e-03 1.414040e-01
101 8.495360e-01 7.652000e-03 1.428120e-01
102 8.483080e-01 7.560000e-03 1.441320e-01
103 8.468920e-01 7.592000e-03 1.455160e-01
104 8.456600e-01 7.340000e-03 1.470000e-01
105 8.443520e-01 7.392000e-03 1.482560e-01
106 8.430880e-01 7.236000e-03 1.496760e-01
107 8.417640e-01 7.328000e-03 1.509080e-01
108 8.404640e-01 7.248000e-03 1.522880e-01
109 8.392280e-01 7.052000e-03 1.537200e-01
110 8.379040e-01 7.100000e-03 1.549960e-01
111 8.366240e-01 7.180000e-03 1.561960e-01
112 8.354600e-01 7.148000e-03 1.573920e-01
113 8.341760e-01 7.088000e-03 1.587360e-01
114 8.328240e-01 7.260000e-03 1.599160e-01
115 8.315720e-01 7.264000e-03 1.611640e-01
116 8.304200e-01 7.216000e-03 1.623640e-01
117 8.292040e-01 7.148000e-03 1.636480e-01
118 8.280480e-01 7.016000e-03 1.649360e-01
119 8.269560e-01 6.872000e-03 1.661720e-01
120 8.258160e-01 6.832000e-03 1.673520e-01
121 8.245320e-01 7.004000e-03 1.684640e-01
122 8.232760e-01 7.108000e-03 1.696160e-01
123 8.220840e-01 7.064000e-03 1.708520e-01
124 8.208720e-01 6.952000e-03 1.721760e-01
125 8.197880e-01 6.864000e-03 1.733480e-01
126 8.185480e-01 6.860000e-03 1.745920e-01
127 8.174080e-01 6.756000e-03 1.758360e-01
128 8.161480e-01 6.744000e-03 1.771080e-01
129 8.150400e-01 6.532000e-03 1.784280e-01
130 8.139840e-01 6.432000e-03 1.795840e-01
131 8.129680e-01 6.284000e-03 1.807480e-01
132 8.119280e-01 6.172000e-03 1.819000e-01
133 8.107440e-01 6.280000e-03 1.829760e-01
134 8.096080e-01 6.292000e-03 1.841000e-01
135 8.085400e-01 6.296000e-03 1.851640e-01
136 8.073680e-01 6.412000e-03 1.862200e-01
137 8.063280e-01 6.268000e-03 1.874040e-01
138 8.053160e-01 6.236000e-03 1.884480e-01
139 8.041280e-01 6.340000e-03 1.895320e-01
140 8.030320e-01 6.428000e-03 1.905400e-01
141 8.019960e-01 6.280000e-03 1.917240e-01
142 8.008560e-01 6.248000e-03 1.928960e-01
143 7.998040e-01 6.220000e-03 1.939760e-01
144 7.988240e-01 6.176000e-03 1.950000e-01
145 7.978040e-01 6.184000e-03 1.960120e-01
146 7.967480e-01 6.128000e-03 1.971240e-01
147 7.957120e-01 6.068000e-03 1.982200e-01
148 7.946480e-01 6.096000e-03 1.992560e-01
149 7.936800e-01 6.044000e-03 2.002760e-01
150 7.926080e-01 6.104000e-03 2.012880e-01
151 7.916200e-01 6.024000e-03 2.023560e-01
152 7.906440e-01 6.040000e-03 2.033160e-01
153 7.896680e-01 5.932000e-03 2.044000e-01
154 7.887160e-01 5.792000e-03 2.054920e-01
155 7.876240e-01 5.964000e-03 2.064120e-01
156 7.866400e-01 5.796000e-03 2.075640e-01
157 7.856320e-01 5.724000e-03 2.086440e-01
158 7.846200e-01 5.756000e-03 2.096240e-01
159 7.836080e-01 5.784000e-03 2.106080e-01
160 7.825200e-01 5.768000e-03 2.117120e-01
161 7.815080e-01 5.712000e-03 2.127800e-01
162 7.805040e-01 5.828000e-03 2.136680e-01
163 7.795200e-01 5.788000e-03 2.146920e-01
164 7.785680e-01 5.832000e-03 2.156000e-01
165 7.775800e-01 5.880000e-03 2.165400e-01
166 7.766400e-01 5.736000e-03 2.176240e-01
167 7.756680e-01 5.732000e-03 2.186000e-01
168 7.746840e-01 5.748000e-03 2.195680e-01
169 7.736400e-01 5.684000e-03 2.206760e-01
170 7.726640e-01 5.680000e-03 2.216560e-01
171 7.718280e-01 5.528000e-03 2.226440e-01
172 7.708840e-01 5.372000e-03 2.237440e-01
173 7.701040e-01 5.204000e-03 2.246920e-01
174 7.692320e-01 5.248000e-03 2.255200e-01
175 7.682560e-01 5.296000e-03 2.264480e-01
176 7.671880e-01 5.328000e-03 2.274840e-01
177 7.662960e-01 5.348000e-03 2.283560e-01
178 7.653600e-01 5.328000e-03 2.293120e-01
179 7.644760e-01 5.336000e-03 2.301880e-01
180 7.636200e-01 5.208000e-03 2.311720e-01
181 7.627760e-01 5.128000e-03 2.320960e-01
182 7.618880e-01 5.100000e-03 2.330120e-01
183 7.610160e-01 5.068000e-03 2.339160e-01
184 7.600720e-01 5.120000e-03 2.348080e-01
185 7.592480e-01 4.976000e-03 2.357760e-01
186 7.582640e-01 5.168000e-03 2.365680e-01
187 7.572960e-01 5.284000e-03 2.374200e-01
188 7.562240e-01 5.496000e-03 2.382800e-01
189 7.552240e-01 5.540000e-03 2.392360e-01
190 7.543960e-01 5.464000e-03 2.401400e-01
191 7.533840e-01 5.552000e-03 2.410640e-01
192 7.523120e-01 5.700000e-03 2.419880e-01
193 7.512520e-01 5.800000e-03 2.429480e-01
194 7.500480e-01 5.908000e-03 2.440440e-01
195 7.489400e-01 6.040000e-03 2.450200e-01
196 7.480440e-01 5.844000e-03 2.461120e-01
197 7.469760e-01 5.900000e-03 2.471240e-01
198 7.461800e-01 5.696000e-03 2.481240e-01
199 7.452920e-01 5.584000e-03 2.491240e-01
200 7.443960e-01 5.460000e-03 2.501440e-01
201 7.435640e-01 5.324000e-03 2.511120e-01
202 7.428200e-01 5.184000e-03 2.519960e-01
203 7.420200e-01 5.028000e-03 2.529520e-01
204 7.411880e-01 5.000000e-03 2.538120e-01
205 7.403000e-01 5.012000e-03 2.546880e-01
206 7.394280e-01 5.020000e-03 2.555520e-01
207 7.385640e-01 4.980000e-03 2.564560e-01
208 7.376960e-01 5.004000e-03 2.573000e-01
209 7.368480e-01 4.980000e-03 2.581720e-01
210 7.359840e-01 4.928000e-03 2.590880e-01
211 7.351200e-01 4.992000e-03 2.598880e-01
212 7.344640e-01 4.800000e-03 2.607360e-01
213 7.336720e-01 4.780000e-03 2.615480e-01
214 7.329880e-01 4.600000e-03 2.624120e-01
215 7.322120e-01 4.556000e-03 2.632320e-01
216 7.314640e-01 4.520000e-03 2.640160e-01
217 7.306960e-01 4.524000e-03 2.647800e-01
218 7.299120e-01 4.528000e-03 2.655600e-01
219 7.291840e-01 4.412000e-03 2.664040e-01
220 7.284080e-01 4.404000e-03 2.671880e-01
221 7.275560e-01 4.448000e-03 2.679960e-01
222 7.266320e-01 4.620000e-03 2.687480e-01
223 7.259480e-01 4.480000e-03 2.695720e-01
224 7.251200e-01 4.668000e-03 2.702120e-01
225 7.242680e-01 4.792000e-03 2.709400e-01
226 7.234040e-01 4.812000e-03 2.717840e-01
227 7.226880e-01 4.600000e-03 2.727120e-01
228 7.219240e-01 4.632000e-03 2.734440e-01
229 7.212360e-01 4.476000e-03 2.742880e-01
230 7.205320e-01 4.416000e-03 2.750520e-01
231 7.198480e-01 4.304000e-03 2.758480e-01
232 7.190520e-01 4.324000e-03 2.766240e-01
233 7.183960e-01 4.156000e-03 2.774480e-01
234 7.177040e-01 4.168000e-03 2.781280e-01
235 7.171400e-01 4.036000e-03 2.788240e-01
236 7.164880e-01 4.020000e-03 2.794920e-01
237 7.158280e-01 3.992000e-03 2.801800e-01
238 7.151560e-01 3.980000e-03 2.808640e-01
239 7.145080e-01 3.960000e-03 2.815320e-01
240 7.139080e-01 3.920000e-03 2.821720e-01
241 7.133640e-01 3.748000e-03 2.828880e-01
242 7.128040e-01 3.688000e-03 2.835080e-01
243 7.121280e-01 3.672000e-03 2.842000e-01
244 7.115120e-01 3.628000e-03 2.848600e-01
245 7.109080e-01 3.536000e-03 2.855560e-01
246 7.102920e-01 3.560000e-03 2.861480e-01
247 7.096880e-01 3.560000e-03 2.867520e-01
248 7.091320e-01 3.540000e-03 2.873280e-01
249 7.085160e-01 3.552000e-03 2.879320e-01
250 7.078840e-01 3.488000e-03 2.886280e-01
251 7.072960e-01 3.452000e-03 2.892520e-01
252 7.067320e-01 3.440000e-03 2.898280e-01
253 7.061040e-01 3.440000e-03 2.904560e-01
254 7.054760e-01 3.472000e-03 2.910520e-01
255 7.047600e-01 3.484000e-03 2.917560e-01
256 7.040960e-01 3.588000e-03 2.923160e-01
257 7.034680e-01 3.524000e-03 2.930080e-01
258 7.027800e-01 3.576000e-03 2.936440e-01
259 7.022040e-01 3.600000e-03 2.941960e-01
260 7.016000e-01 3.596000e-03 2.948040e-01
261 7.010360e-01 3.512000e-03 2.954520e-01
262 7.003440e-01 3.616000e-03 2.960400e-01
263 6.997320e-01 3.608000e-03 2.966600e-01
264 6.991680e-01 3.548000e-03 2.972840e-01
265 6.985200e-01 3.568000e-03 2.979120e-01
266 6.979680e-01 3.484000e-03 2.985480e-01
267 6.974280e-01 3.448000e-03 2.991240e-01
268 6.968920e-01 3.360000e-03 2.997480e-01
269 6.964240e-01 3.220000e-03 3.003560e-01
270 6.959240e-01 3.196000e-03 3.008800e-01
271 6.954040e-01 3.156000e-03 3.014400e-01
272 6.948640e-01 3.152000e-03 3.019840e-01
273 6.943320e-01 3.148000e-03 3.025200e-01
274 6.937880e-01 3.096000e-03 3.031160e-01
275 6.933600e-01 3.004000e-03 3.036360e-01
276 6.928200e-01 2.968000e-03 3.042120e-01
277 6.922920e-01 2.956000e-03 3.047520e-01
278 6.918760e-01 2.840000e-03 3.052840e-01
279 6.913760e-01 2.804000e-03 3.058200e-01
280 6.909920e-01 2.732000e-03 3.062760e-01
281 6.905240e-01 2.724000e-03 3.067520e-01
282 6.900680e-01 2.708000e-03 3.072240e-01
283 6.896360e-01 2.628000e-03 3.077360e-01
284 6.892000e-01 2.572000e-03 3.082280e-01
285 6.887800e-01 2.528000e-03 3.086920e-01
286 6.883760e-01 2.472000e-03 3.091520e-01
287 6.880840e-01 2.304000e-03 3.096120e-01
288 6.877160e-01 2.280000e-03 3.100040e-01
289 6.873960e-01 2.176000e-03 3.104280e-01
290 6.870160e-01 2.212000e-03 3.107720e-01
291 6.865800e-01 2.296000e-03 3.111240e-01
292 6.861040e-01 2.472000e-03 3.114240e-01
293 6.857040e-01 2.416000e-03 3.118800e-01
294 6.853240e-01 2.328000e-03 3.123480e-01
295 6.849560e-01 2.296000e-03 3.127480e-01
296 6.845200e-01 2.392000e-03 3.130880e-01
297 6.841560e-01 2.328000e-03 3.135160e-01
298 6.836880e-01 2.452000e-03 3.138600e-01
299 6.832760e-01 2.432000e-03 3.142920e-01
300 6.829040e-01 2.316000e-03 3.147800e-01
301 6.825480e-01 2.240000e-03 3.152120e-01
302 6.821800e-01 2.288000e-03 3.155320e-01
303 6.818200e-01 2.268000e-03 3.159120e-01
304 6.813240e-01 2.384000e-03 3.162920e-01
305 6.809200e-01 2.448000e-03 3.166320e-01
306 6.805120e-01 2.392000e-03 3.170960e-01
307 6.801200e-01 2.384000e-03 3.174960e-01
308 6.797240e-01 2.368000e-03 3.179080e-01
309 6.793520e-01 2.344000e-03 3.183040e-01
310 6.789280e-01 2.320000e-03 3.187520e-01
311 6.785360e-01 2.296000e-03 3.191680e-01
312 6.781360e-01 2.284000e-03 3.195800e-01
313 6.777360e-01 2.348000e-03 3.199160e-01
314 6.772760e-01 2.392000e-03 3.203320e-01
315 6.768800e-01 2.428000e-03 3.206920e-01
316 6.764600e-01 2.428000e-03 3.211120e-01
317 6.760920e-01 2.376000e-03 3.215320e-01
318 6.756120e-01 2.484000e-03 3.219040e-01
319 6.752360e-01 2.424000e-03 3.223400e-01
320 6.747480e-01 2.508000e-03 3.227440e-01
321 6.743840e-01 2.452000e-03 3.231640e-01
322 6.740120e-01 2.376000e-03 3.236120e-01
323 6.736320e-01 2.380000e-03 3.239880e-01
324 6.731880e-01 2.380000e-03 3.244320e-01
325 6.727480e-01 2.388000e-03 3.248640e-01
326 6.722600e-01 2.400000e-03 3.253400e-01
327 6.717960e-01 2.456000e-03 3.257480e-01
328 6.711880e-01 2.660000e-03 3.261520e-01
329 6.706720e-01 2.724000e-03 3.266040e-01
330 6.701680e-01 2.768000e-03 3.270640e-01
331 6.696600e-01 2.772000e-03 3.275680e-01
332 6.692200e-01 2.700000e-03 3.280800e-01
333 6.688160e-01 2.556000e-03 3.286280e-01
334 6.682920e-01 2.564000e-03 3.291440e-01
335 6.678640e-01 2.548000e-03 3.295880e-01
336 6.674640e-01 2.608000e-03 3.299280e-01
337 6.670600e-01 2.564000e-03 3.303760e-01
338 6.666320e-01 2.512000e-03 3.308560e-01
339 6.661720e-01 2.500000e-03 3.313280e-01
340 6.657840e-01 2.388000e-03 3.318280e-01
341 6.653720e-01 2.376000e-03 3.322520e-01
342 6.649600e-01 2.360000e-03 3.326800e-01
343 6.644760e-01 2.432000e-03 3.330920e-01
344 6.640920e-01 2.340000e-03 3.335680e-01
345 6.636840e-01 2.360000e-03 3.339560e-01
346 6.632680e-01 2.408000e-03 3.343240e-01
347 6.627960e-01 2.440000e-03 3.347640e-01
348 6.623800e-01 2.368000e-03 3.352520e-01
349 6.618800e-01 2.424000e-03 3.356960e-01
350 6.614480e-01 2.436000e-03 3.361160e-01
351 6.610080e-01 2.420000e-03 3.365720e-01
352 6.605880e-01 2.468000e-03 3.369440e-01
353 6.601200e-01 2.524000e-03 3.373560e-01
354 6.596600e-01 2.552000e-03 3.377880e-01
355 6.591960e-01 2.616000e-03 3.381880e-01
356 6.587360e-01 2.624000e-03 3.386400e-01
357 6.583200e-01 2.648000e-03 3.390320e-01
358 6.579600e-01 2.592000e-03 3.394480e-01
359 6.575480e-01 2.552000e-03 3.399000e-01
360 6.571600e-01 2.508000e-03 3.403320e-01
361 6.567600e-01 2.504000e-03 3.407360e-01
362 6.563600e-01 2.444000e-03 3.411960e-01
363 6.559840e-01 2.372000e-03 3.416440e-01
364 6.555960e-01 2.320000e-03 3.420840e-01
365 6.551720e-01 2.312000e-03 3.425160e-01
366 6.548200e-01 2.276000e-03 3.429040e-01
367 6.545360e-01 2.176000e-03 3.432880e-01
368 6.541600e-01 2.160000e-03 3.436800e-01
369 6.537920e-01 2.168000e-03 3.440400e-01
370 6.533760e-01 2.164000e-03 3.444600e-01
371 6.530120e-01 2.208000e-03 3.447800e-01
372 6.526720e-01 2.164000e-03 3.451640e-01
373 6.523520e-01 2.068000e-03 3.455800e-01
374 6.520280e-01 2.004000e-03 3.459680e-01
375 6.516040e-01 2.056000e-03 3.463400e-01
376 6.512080e-01 2.068000e-03 3.467240e-01
377 6.508480e-01 2.056000e-03 3.470960e-01
378 6.504920e-01 2.076000e-03 3.474320e-01
379 6.501400e-01 2.068000e-03 3.477920e-01
380 6.498760e-01 1.932000e-03 3.481920e-01
381 6.495400e-01 1.908000e-03 3.485520e-01
382 6.492080e-01 1.848000e-03 3.489440e-01
383 6.488600e-01 1.896000e-03 3.492440e-01
384 6.484800e-01 1.948000e-03 3.495720e-01
385 6.481000e-01 1.992000e-03 3.499080e-01
386 6.477840e-01 1.976000e-03 3.502400e-01
387 6.474040e-01 1.988000e-03 3.506080e-01
388 6.470560e-01 2.048000e-03 3.508960e-01
389 6.467840e-01 1.904000e-03 3.513120e-01
390 6.464720e-01 1.916000e-03 3.516120e-01
391 6.461440e-01 1.916000e-03 3.519400e-01
392 6.457880e-01 1.924000e-03 3.522880e-01
393 6.455040e-01 1.872000e-03 3.526240e-01
394 6.452360e-01 1.812000e-03 3.529520e-01
395 6.449600e-01 1.756000e-03 3.532840e-01
396 6.447040e-01 1.724000e-03 3.535720e-01
397 6.443680e-01 1.716000e-03 3.539160e-01
398 6.440520e-01 1.700000e-03 3.542480e-01
399 6.438080e-01 1.684000e-03 3.545080e-01
400 6.435560e-01 1.604000e-03 3.548400e-01
401 6.432800e-01 1.568000e-03 3.551520e-01
402 6.430000e-01 1.576000e-03 3.554240e-01
403 6.427160e-01 1.588000e-03 3.556960e-01
404 6.424040e-01 1.568000e-03 3.560280e-01
405 6.420760e-01 1.608000e-03 3.563160e-01
406 6.418160e-01 1.600000e-03 3.565840e-01
407 6.415080e-01 1.652000e-03 3.568400e-01
408 6.411880e-01 1.640000e-03 3.571720e-01
409 6.409880e-01 1.556000e-03 3.574560e-01
410 6.407240e-01 1.556000e-03 3.577200e-01
411 6.404320e-01 1.540000e-03 3.580280e-01
412 6.401800e-01 1.480000e-03 3.583400e-01
413 6.398440e-01 1.560000e-03 3.585960e-01
414 6.395440e-01 1.572000e-03 3.588840e-01
415 6.392280e-01 1.584000e-03 3.591880e-01
416 6.389320e-01 1.588000e-03 3.594800e-01
417 6.386960e-01 1.524000e-03 3.597800e-01
418 6.384480e-01 1.500000e-03 3.600520e-01
419 6.381680e-01 1.544000e-03 3.602880e-01
420 6.378120e-01 1.628000e-03 3.605600e-01
421 6.375720e-01 1.520000e-03 3.609080e-01
422 6.373640e-01 1.508000e-03 3.611280e-01
423 6.370920e-01 1.504000e-03 3.614040e-01
424 6.368280e-01 1.504000e-03 3.616680e-01
425 6.365320e-01 1.500000e-03 3.619680e-01
426 6.363480e-01 1.436000e-03 3.622160e-01
427 6.361400e-01 1.348000e-03 3.625120e-01
428 6.358680e-01 1.388000e-03 3.627440e-01
429 6.356880e-01 1.304000e-03 3.630080e-01
430 6.355200e-01 1.232000e-03 3.632480e-01
431 6.352760e-01 1.232000e-03 3.634920e-01
432 6.350200e-01 1.256000e-03 3.637240e-01
433 6.348200e-01 1.272000e-03 3.639080e-01
434 6.345640e-01 1.304000e-03 3.641320e-01
435 6.343400e-01 1.264000e-03 3.643960e-01
436 6.340920e-01 1.328000e-03 3.645800e-01
437 6.338200e-01 1.364000e-03 3.648160e-01
438 6.335400e-01 1.396000e-03 3.650640e-01
439 6.333320e-01 1.340000e-03 3.653280e-01
440 6.331280e-01 1.296000e-03 3.655760e-01
441 6.329400e-01 1.260000e-03 3.658000e-01
442 6.327520e-01 1.240000e-03 3.660080e-01
443 6.325600e-01 1.228000e-03 3.662120e-01
444 6.323880e-01 1.192000e-03 3.664200e-01
445 6.322240e-01 1.124000e-03 3.666520e-01
446 6.320840e-01 1.100000e-03 3.668160e-01
447 6.319560e-01 1.048000e-03 3.669960e-01
448 6.318320e-01 1.016000e-03 3.671520e-01
449 6.317240e-01 9.360000e-04 3.673400e-01
450 6.315320e-01 9.840000e-04 3.674840e-01
451 6.314040e-01 9.360000e-04 3.676600e-01
452 6.312840e-01 8.920000e-04 3.678240e-01
453 6.311640e-01 9.000000e-04 3.679360e-01
454 6.310080e-01 9.080000e-04 3.680840e-01
455 6.308400e-01 9.120000e-04 3.682480e-01
456 6.306480e-01 9.960000e-04 3.683560e-01
457 6.304200e-01 1.056000e-03 3.685240e-01
458 6.301960e-01 1.088000e-03 3.687160e-01
459 6.300280e-01 1.036000e-03 3.689360e-01
460 6.298400e-01 1.048000e-03 3.691120e-01
461 6.296400e-01 1.064000e-03 3.692960e-01
462 6.294720e-01 1.056000e-03 3.694720e-01
463 6.292720e-01 1.076000e-03 3.696520e-01
464 6.290880e-01 1.048000e-03 3.698640e-01
465 6.288720e-01 1.072000e-03 3.700560e-01
466 6.287680e-01 9.440000e-04 3.702880e-01
467 6.286600e-01 8.800000e-04 3.704600e-01
468 6.285080e-01 8.920000e-04 3.706000e-01
469 6.283520e-01 9.080000e-04 3.707400e-01
470 6.281640e-01 8.920000e-04 3.709440e-01
471 6.279680e-01 9.320000e-04 3.711000e-01
472 6.277840e-01 9.320000e-04 3.712840e-01
473 6.275960e-01 9.720000e-04 3.714320e-01
474 6.273960e-01 9.560000e-04 3.716480e-01
475 6.271960e-01 9.680000e-04 3.718360e-01
476 6.269480e-01 1.028000e-03 3.720240e-01
477 6.267360e-01 1.052000e-03 3.722120e-01
478 6.264760e-01 1.116000e-03 3.724080e-01
479 6.262200e-01 1.124000e-03 3.726560e-01
480 6.260120e-01 1.136000e-03 3.728520e-01
481 6.257600e-01 1.124000e-03 3.731160e-01
482 6.255440e-01 1.108000e-03 3.733480e-01
483 6.253640e-01 1.088000e-03 3.735480e-01
484 6.251720e-01 1.092000e-03 3.737360e-01
485 6.249800e-01 1.128000e-03 3.738920e-01
486 6.247960e-01 1.116000e-03 3.740880e-01
487 6.245400e-01 1.156000e-03 3.743040e-01
488 6.243680e-01 1.128000e-03 3.745040e-01
489 6.241800e-01 1.148000e-03 3.746720e-01
490 6.239680e-01 1.156000e-03 3.748760e-01
491 6.237800e-01 1.088000e-03 3.751320e-01
492 6.235640e-01 1.116000e-03 3.753200e-01
493 6.232960e-01 1.168000e-03 3.755360e-01
494 6.230640e-01 1.204000e-03 3.757320e-01
495 6.227680e-01 1.320000e-03 3.759120e-01
496 6.224960e-01 1.332000e-03 3.761720e-01
497 6.222320e-01 1.384000e-03 3.763840e-01
498 6.219760e-01 1.380000e-03 3.766440e-01
499 6.217280e-01 1.412000e-03 3.768600e-01
500 6.214160e-01 1.476000e-03 3.771080e-01
