1 9.991680e-01 7.320000e-04 1.000000e-04
2 9.985720e-01 1.208000e-03 2.200000e-04
3 9.978720e-01 1.652000e-03 4.760000e-04
4 9.971320e-01 2.028000e-03 8.400000e-04
5 9.962640e-01 2.516000e-03 1.220000e-03
6 9.954600e-01 2.852000e-03 1.688000e-03
7 9.945640e-01 3.144000e-03 2.292000e-03
8 9.937720e-01 3.368000e-03 2.860000e-03
9 9.927920e-01 3.676000e-03 3.532000e-03
10 9.918320e-01 4.024000e-03 4.144000e-03
11 9.908520e-01 4.272000e-03 4.876000e-03
12 9.897920e-01 4.544000e-03 5.664000e-03
13 9.887160e-01 4.848000e-03 6.436000e-03
14 9.876160e-01 5.212000e-03 7.172000e-03
15 9.865400e-01 5.360000e-03 8.100000e-03
16 9.853680e-01 5.604000e-03 9.028000e-03
17 9.841800e-01 5.800000e-03 1.002000e-02
18 9.830000e-01 5.980000e-03 1.102000e-02
19 9.817000e-01 6.240000e-03 1.206000e-02
20 9.804640e-01 6.400000e-03 1.313600e-02
21 9.791120e-01 6.660000e-03 1.422800e-02
22 9.777480e-01 6.772000e-03 1.548000e-02
23 9.764120e-01 6.976000e-03 1.661200e-02
24 9.750360e-01 7.084000e-03 1.788000e-02
25 9.737320e-01 7.100000e-03 1.916800e-02
26 9.724560e-01 7.140000e-03 2.040400e-02
27 9.711920e-01 7.148000e-03 2.166000e-02
28 9.698760e-01 7.168000e-03 2.295600e-02
29 9.684600e-01 7.480000e-03 2.406000e-02
30 9.668560e-01 7.836000e-03 2.530800e-02
31 9.654400e-01 7.880000e-03 2.668000e-02
32 9.640080e-01 7.816000e-03 2.817600e-02
33 9.624640e-01 7.892000e-03 2.964400e-02
34 9.607640e-01 8.192000e-03 3.104400e-02
35 9.590680e-01 8.520000e-03 3.241200e-02
36 9.574200e-01 8.720000e-03 3.386000e-02
37 9.558240e-01 8.728000e-03 3.544800e-02
38 9.544160e-01 8.576000e-03 3.700800e-02
39 9.528960e-01 8.488000e-03 3.861600e-02
40 9.513080e-01 8.564000e-03 4.012800e-02
41 9.496720e-01 8.724000e-03 4.160400e-02
42 9.479080e-01 8.972000e-03 4.312000e-02
43 9.463160e-01 8.996000e-03 4.468800e-02
44 9.447400e-01 9.000000e-03 4.626000e-02
45 9.430360e-01 9.160000e-03 4.780400e-02
46 9.413840e-01 9.284000e-03 4.933200e-02
47 9.398640e-01 9.060000e-03 5.107600e-02
48 9.382720e-01 9.048000e-03 5.268000e-02
49 9.367880e-01 8.972000e-03 5.424000e-02
50 9.352480e-01 9.040000e-03 5.571200e-02
51 9.336760e-01 8.968000e-03 5.735600e-02
52 9.321600e-01 8.768000e-03 5.907200e-02
53 9.307080e-01 8.544000e-03 6.074800e-02
54 9.291000e-01 8.644000e-03 6.225600e-02
55 9.275040e-01 8.780000e-03 6.371600e-02
56 9.259520e-01 8.756000e-03 6.529200e-02
57 9.243200e-01 8.908000e-03 6.677200e-02
58 9.226600e-01 9.004000e-03 6.833600e-02
59 9.210360e-01 9.168000e-03 6.979600e-02
60 9.193000e-01 9.268000e-03 7.143200e-02
61 9.176600e-01 9.204000e-03 7.313600e-02
62 9.159680e-01 9.304000e-03 7.472800e-02
63 9.142320e-01 9.440000e-03 7.632800e-02
64 9.125080e-01 9.468000e-03 7.802400e-02
65 9.107480e-01 9.452000e-03 7.980000e-02
66 9.089760e-01 9.632000e-03 8.139200e-02
67 9.072160e-01 9.708000e-03 8.307600e-02
68 9.055120e-01 9.804000e-03 8.468400e-02
69 9.037800e-01 9.856000e-03 8.636400e-02
70 9.021320e-01 9.908000e-03 8.796000e-02
71 9.004880e-01 9.672000e-03 8.984000e-02
72 8.987840e-01 9.592000e-03 9.162400e-02
73 8.970680e-01 9.628000e-03 9.330400e-02
74 8.953520e-01 9.760000e-03 9.488800e-02
75 8.936960e-01 9.632000e-03 9.667200e-02
76 8.921000e-01 9.560000e-03 9.834000e-02
77 8.905280e-01 9.456000e-03 1.000160e-01
78 8.889440e-01 9.480000e-03 1.015760e-01
79 8.873680e-01 9.368000e-03 1.032640e-01
80 8.858880e-01 9.304000e-03 1.048080e-01
81 8.842000e-01 9.336000e-03 1.064640e-01
82 8.824160e-01 9.476000e-03 1.081080e-01
83 8.807320e-01 9.488000e-03 1.097800e-01
84 8.788920e-01 9.740000e-03 1.113680e-01
85 8.771840e-01 9.788000e-03 1.130280e-01
86 8.756200e-01 9.696000e-03 1.146840e-01
87 8.739440e-01 9.732000e-03 1.163240e-01
88 8.722760e-01 9.596000e-03 1.181280e-01
89 8.707120e-01 9.544000e-03 1.197440e-01
90 8.692080e-01 9.508000e-03 1.212840e-01
91 8.676360e-01 9.380000e-03 1.229840e-01
92 8.659440e-01 9.516000e-03 1.245400e-01
93 8.642280e-01 9.580000e-03 1.261920e-01
94 8.623760e-01 9.708000e-03 1.279160e-01
95 8.607720e-01 9.692000e-03 1.295360e-01
96 8.591080e-01 9.624000e-03 1.312680e-01
97 8.573640e-01 9.708000e-03 1.329280e-01
98 8.557640e-01 9.692000e-03 1.345440e-01
99 8.542520e-01 9.440000e-03 1.363080e-01
100 8.527440e-01 9.404000e-03 1.378520e-01
101 8.513000e-01 9.192000e-03 1.395080e-01
102 8.498440e-01 9.068000e-03 1.410880e-01
103 8.484400e-01 8.960000e-03 1.426000e-01
104 8.469360e-01 8.804000e-03 1.442600e-01
105 8.455160e-01 8.728000e-03 1.457560e-01
106 8.441720e-01 8.532000e-03 1.472960e-01
107 8.426880e-01 8.472000e-03 1.488400e-01
108 8.413360e-01 8.356000e-03 1.503080e-01
109 8.397240e-01 8.408000e-03 1.518680e-01
110 8.382600e-01 8.348000e-03 1.533920e-01
111 8.368320e-01 8.204000e-03 1.549640e-01
112 8.354640e-01 8.184000e-03 1.563520e-01
113 8.340240e-01 8.232000e-03 1.577440e-01
114 8.326040e-01 8.160000e-03 1.592360e-01
115 8.310840e-01 8.132000e-03 1.607840e-01
116 8.296880e-01 8.080000e-03 1.622320e-01
117 8.283320e-01 8.004000e-03 1.636640e-01
118 8.269760e-01 7.992000e-03 1.650320e-01
119 8.255920e-01 7.968000e-03 1.664400e-01
120 8.243400e-01 7.840000e-03 1.678200e-01
121 8.229640e-01 7.892000e-03 1.691440e-01
122 8.216440e-01 7.904000e-03 1.704520e-01
123 8.202320e-01 7.888000e-03 1.718800e-01
124 8.189640e-01 7.780000e-03 1.732560e-01
125 8.175920e-01 7.724000e-03 1.746840e-01
126 8.163600e-01 7.580000e-03 1.760600e-01
127 8.151360e-01 7.484000e-03 1.773800e-01
128 8.139160e-01 7.440000e-03 1.786440e-01
129 8.126200e-01 7.396000e-03 1.799840e-01
130 8.113360e-01 7.452000e-03 1.812120e-01
131 8.100400e-01 7.292000e-03 1.826680e-01
132 8.087520e-01 7.384000e-03 1.838640e-01
133 8.074560e-01 7.528000e-03 1.850160e-01
134 8.062200e-01 7.320000e-03 1.864600e-01
135 8.050920e-01 7.180000e-03 1.877280e-01
136 8.037160e-01 7.368000e-03 1.889160e-01
137 8.024720e-01 7.284000e-03 1.902440e-01
138 8.011320e-01 7.416000e-03 1.914520e-01
139 7.998360e-01 7.340000e-03 1.928240e-01
140 7.985600e-01 7.408000e-03 1.940320e-01
141 7.972200e-01 7.300000e-03 1.954800e-01
142 7.957920e-01 7.560000e-03 1.966480e-01
143 7.946480e-01 7.368000e-03 1.979840e-01
144 7.934800e-01 7.160000e-03 1.993600e-01
145 7.922760e-01 7.132000e-03 2.005920e-01
146 7.910520e-01 7.200000e-03 2.017480e-01
147 7.898480e-01 7.092000e-03 2.030600e-01
148 7.887000e-01 6.980000e-03 2.043200e-01
149 7.874240e-01 7.008000e-03 2.055680e-01
150 7.862680e-01 7.016000e-03 2.067160e-01
151 7.851320e-01 6.916000e-03 2.079520e-01
152 7.838720e-01 7.016000e-03 2.091120e-01
153 7.827640e-01 6.760000e-03 2.104760e-01
154 7.816080e-01 6.596000e-03 2.117960e-01
155 7.803920e-01 6.744000e-03 2.128640e-01
156 7.792080e-01 6.720000e-03 2.140720e-01
157 7.780840e-01 6.636000e-03 2.152800e-01
158 7.771000e-01 6.468000e-03 2.164320e-01
159 7.760520e-01 6.444000e-03 2.175040e-01
160 7.749640e-01 6.344000e-03 2.186920e-01
161 7.737640e-01 6.356000e-03 2.198800e-01
162 7.727400e-01 6.260000e-03 2.210000e-01
163 7.716680e-01 6.304000e-03 2.220280e-01
164 7.706000e-01 6.236000e-03 2.231640e-01
165 7.695240e-01 6.220000e-03 2.242560e-01
166 7.683880e-01 6.240000e-03 2.253720e-01
167 7.672520e-01 6.220000e-03 2.265280e-01
168 7.661920e-01 6.156000e-03 2.276520e-01
169 7.651800e-01 6.144000e-03 2.286760e-01
170 7.641760e-01 5.948000e-03 2.298760e-01
171 7.632040e-01 5.896000e-03 2.309000e-01
172 7.622720e-01 5.792000e-03 2.319360e-01
173 7.613520e-01 5.748000e-03 2.329000e-01
174 7.605280e-01 5.488000e-03 2.339840e-01
175 7.594960e-01 5.564000e-03 2.349400e-01
176 7.586640e-01 5.400000e-03 2.359360e-01
177 7.578920e-01 5.212000e-03 2.368960e-01
178 7.570920e-01 5.084000e-03 2.378240e-01
179 7.562680e-01 5.016000e-03 2.387160e-01
180 7.553080e-01 5.100000e-03 2.395920e-01
181 7.542160e-01 5.272000e-03 2.405120e-01
182 7.533120e-01 5.244000e-03 2.414440e-01
183 7.525400e-01 5.084000e-03 2.423760e-01
184 7.517760e-01 5.000000e-03 2.432240e-01
185 7.509480e-01 5.028000e-03 2.440240e-01
186 7.501680e-01 4.948000e-03 2.448840e-01
187 7.492240e-01 5.044000e-03 2.457320e-01
188 7.483680e-01 5.076000e-03 2.465560e-01
189 7.475440e-01 5.064000e-03 2.473920e-01
190 7.468280e-01 4.948000e-03 2.482240e-01
191 7.460680e-01 4.816000e-03 2.491160e-01
192 7.452600e-01 4.844000e-03 2.498960e-01
193 7.444840e-01 4.724000e-03 2.507920e-01
194 7.436680e-01 4.676000e-03 2.516560e-01
195 7.428240e-01 4.616000e-03 2.525600e-01
196 7.420240e-01 4.572000e-03 2.534040e-01
197 7.411840e-01 4.656000e-03 2.541600e-01
198 7.405080e-01 4.508000e-03 2.549840e-01
199 7.397760e-01 4.428000e-03 2.557960e-01
200 7.390680e-01 4.296000e-03 2.566360e-01
201 7.382800e-01 4.268000e-03 2.574520e-01
202 7.374640e-01 4.328000e-03 2.582080e-01
203 7.368160e-01 4.188000e-03 2.589960e-01
204 7.361640e-01 4.024000e-03 2.598120e-01
205 7.355600e-01 3.860000e-03 2.605800e-01
206 7.349640e-01 3.848000e-03 2.611880e-01
207 7.343320e-01 3.796000e-03 2.618720e-01
208 7.336960e-01 3.848000e-03 2.624560e-01
209 7.331000e-01 3.904000e-03 2.629960e-01
210 7.324320e-01 3.928000e-03 2.636400e-01
211 7.317520e-01 3.908000e-03 2.643400e-01
212 7.311280e-01 3.892000e-03 2.649800e-01
213 7.305520e-01 3.836000e-03 2.656120e-01
214 7.298880e-01 3.680000e-03 2.664320e-01
215 7.292920e-01 3.528000e-03 2.671800e-01
216 7.287600e-01 3.488000e-03 2.677520e-01
217 7.281600e-01 3.416000e-03 2.684240e-01
218 7.275760e-01 3.352000e-03 2.690720e-01
219 7.270200e-01 3.404000e-03 2.695760e-01
220 7.264520e-01 3.444000e-03 2.701040e-01
221 7.259000e-01 3.428000e-03 2.706720e-01
222 7.251880e-01 3.596000e-03 2.712160e-01
223 7.245000e-01 3.580000e-03 2.719200e-01
224 7.238760e-01 3.608000e-03 2.725160e-01
225 7.233080e-01 3.464000e-03 2.732280e-01
226 7.227240e-01 3.408000e-03 2.738680e-01
227 7.222560e-01 3.340000e-03 2.744040e-01
228 7.217200e-01 3.144000e-03 2.751360e-01
229 7.210400e-01 3.232000e-03 2.757280e-01
230 7.204720e-01 3.232000e-03 2.762960e-01
231 7.200240e-01 3.216000e-03 2.767600e-01
232 7.195040e-01 3.108000e-03 2.773880e-01
233 7.190360e-01 3.084000e-03 2.778800e-01
234 7.184920e-01 3.116000e-03 2.783920e-01
235 7.180160e-01 3.076000e-03 2.789080e-01
236 7.174800e-01 3.076000e-03 2.794440e-01
237 7.169320e-01 3.112000e-03 2.799560e-01
238 7.164720e-01 3.048000e-03 2.804800e-01
239 7.159320e-01 3.112000e-03 2.809560e-01
240 7.153920e-01 3.080000e-03 2.815280e-01
241 7.147840e-01 3.128000e-03 2.820880e-01
242 7.142320e-01 3.184000e-03 2.825840e-01
243 7.136520e-01 3.236000e-03 2.831120e-01
244 7.131200e-01 3.172000e-03 2.837080e-01
245 7.125840e-01 3.236000e-03 2.841800e-01
246 7.120720e-01 3.204000e-03 2.847240e-01
247 7.114320e-01 3.280000e-03 2.852880e-01
248 7.108160e-01 3.308000e-03 2.858760e-01
249 7.102600e-01 3.356000e-03 2.863840e-01
250 7.096880e-01 3.356000e-03 2.869560e-01
251 7.091240e-01 3.332000e-03 2.875440e-01
252 7.085240e-01 3.348000e-03 2.881280e-01
253 7.079640e-01 3.344000e-03 2.886920e-01
254 7.073800e-01 3.372000e-03 2.892480e-01
255 7.067760e-01 3.476000e-03 2.897480e-01
256 7.062360e-01 3.356000e-03 2.904080e-01
257 7.057920e-01 3.184000e-03 2.910240e-01
258 7.052960e-01 3.200000e-03 2.915040e-01
259 7.047680e-01 3.196000e-03 2.920360e-01
260 7.042800e-01 3.152000e-03 2.925680e-01
261 7.039200e-01 3.028000e-03 2.930520e-01
262 7.034480e-01 2.956000e-03 2.935960e-01
263 7.030320e-01 2.848000e-03 2.941200e-01
264 7.026360e-01 2.716000e-03 2.946480e-01
265 7.022160e-01 2.620000e-03 2.951640e-01
266 7.017840e-01 2.616000e-03 2.956000e-01
267 7.013920e-01 2.536000e-03 2.960720e-01
268 7.010040e-01 2.444000e-03 2.965520e-01
269 7.006200e-01 2.468000e-03 2.969120e-01
270 7.002280e-01 2.412000e-03 2.973600e-01
271 6.998400e-01 2.380000e-03 2.977800e-01
272 6.994720e-01 2.336000e-03 2.981920e-01
273 6.991160e-01 2.272000e-03 2.986120e-01
274 6.987760e-01 2.192000e-03 2.990320e-01
275 6.984680e-01 2.136000e-03 2.993960e-01
276 6.980480e-01 2.232000e-03 2.997200e-01
277 6.976680e-01 2.200000e-03 3.001320e-01
278 6.972880e-01 2.220000e-03 3.004920e-01
279 6.969600e-01 2.200000e-03 3.008400e-01
280 6.966400e-01 2.104000e-03 3.012560e-01
281 6.963400e-01 2.084000e-03 3.015760e-01
282 6.959160e-01 2.184000e-03 3.019000e-01
283 6.955120e-01 2.128000e-03 3.023600e-01
284 6.951720e-01 2.032000e-03 3.027960e-01
285 6.947640e-01 2.136000e-03 3.031000e-01
286 6.943720e-01 2.172000e-03 3.034560e-01
287 6.939880e-01 2.176000e-03 3.038360e-01
288 6.936000e-01 2.196000e-03 3.042040e-01
289 6.931760e-01 2.184000e-03 3.046400e-01
290 6.928360e-01 2.100000e-03 3.050640e-01
291 6.925120e-01 2.092000e-03 3.053960e-01
292 6.922360e-01 1.992000e-03 3.057720e-01
293 6.918800e-01 2.056000e-03 3.060640e-01
294 6.915400e-01 2.016000e-03 3.064440e-01
295 6.912400e-01 1.924000e-03 3.068360e-01
296 6.908840e-01 1.980000e-03 3.071360e-01
297 6.905720e-01 1.944000e-03 3.074840e-01
298 6.903560e-01 1.800000e-03 3.078440e-01
299 6.900640e-01 1.688000e-03 3.082480e-01
300 6.898280e-01 1.552000e-03 3.086200e-01
301 6.896160e-01 1.508000e-03 3.088760e-01
302 6.894400e-01 1.392000e-03 3.091680e-01
303 6.892280e-01 1.356000e-03 3.094160e-01
304 6.890000e-01 1.404000e-03 3.095960e-01
305 6.887160e-01 1.508000e-03 3.097760e-01
306 6.884280e-01 1.524000e-03 3.100480e-01
307 6.882320e-01 1.444000e-03 3.103240e-01
308 6.879560e-01 1.484000e-03 3.105600e-01
309 6.877320e-01 1.496000e-03 3.107720e-01
310 6.875280e-01 1.440000e-03 3.110320e-01
311 6.873240e-01 1.396000e-03 3.112800e-01
312 6.871480e-01 1.332000e-03 3.115200e-01
313 6.869480e-01 1.324000e-03 3.117280e-01
314 6.867800e-01 1.252000e-03 3.119680e-01
315 6.866440e-01 1.148000e-03 3.122080e-01
316 6.865080e-01 1.076000e-03 3.124160e-01
317 6.863320e-01 1.064000e-03 3.126040e-01
318 6.861280e-01 1.104000e-03 3.127680e-01
319 6.859200e-01 1.116000e-03 3.129640e-01
320 6.857160e-01 1.156000e-03 3.131280e-01
321 6.855120e-01 1.116000e-03 3.133720e-01
322 6.852240e-01 1.180000e-03 3.135960e-01
323 6.850000e-01 1.148000e-03 3.138520e-01
324 6.847760e-01 1.188000e-03 3.140360e-01
325 6.846120e-01 1.156000e-03 3.142320e-01
326 6.844360e-01 1.156000e-03 3.144080e-01
327 6.843160e-01 1.092000e-03 3.145920e-01
328 6.841920e-01 1.008000e-03 3.148000e-01
329 6.840360e-01 9.760000e-04 3.149880e-01
330 6.839160e-01 9.080000e-04 3.151760e-01
331 6.837600e-01 9.040000e-04 3.153360e-01
332 6.836160e-01 8.560000e-04 3.155280e-01
333 6.835080e-01 7.880000e-04 3.157040e-01
334 6.834040e-01 7.720000e-04 3.158240e-01
335 6.832800e-01 7.520000e-04 3.159680e-01
336 6.831600e-01 7.240000e-04 3.161160e-01
337 6.829640e-01 7.840000e-04 3.162520e-01
338 6.827760e-01 8.360000e-04 3.163880e-01
339 6.826200e-01 8.160000e-04 3.165640e-01
340 6.824600e-01 8.240000e-04 3.167160e-01
341 6.822680e-01 9.000000e-04 3.168320e-01
342 6.821160e-01 8.760000e-04 3.170080e-01
343 6.819280e-01 9.000000e-04 3.171720e-01
344 6.818040e-01 8.880000e-04 3.173080e-01
345 6.815920e-01 9.240000e-04 3.174840e-01
346 6.814360e-01 9.160000e-04 3.176480e-01
347 6.813240e-01 8.840000e-04 3.177920e-01
348 6.811480e-01 8.920000e-04 3.179600e-01
349 6.809520e-01 9.520000e-04 3.180960e-01
350 6.807280e-01 1.072000e-03 3.182000e-01
351 6.805520e-01 1.084000e-03 3.183640e-01
352 6.803960e-01 1.028000e-03 3.185760e-01
353 6.801920e-01 1.048000e-03 3.187600e-01
354 6.800560e-01 9.760000e-04 3.189680e-01
355 6.798760e-01 9.520000e-04 3.191720e-01
356 6.796520e-01 9.960000e-04 3.193520e-01
357 6.795400e-01 9.240000e-04 3.195360e-01
358 6.794400e-01 8.400000e-04 3.197200e-01
359 6.793360e-01 8.280000e-04 3.198360e-01
360 6.792280e-01 8.400000e-04 3.199320e-01
361 6.790600e-01 8.280000e-04 3.201120e-01
362 6.788920e-01 8.120000e-04 3.202960e-01
363 6.787440e-01 7.880000e-04 3.204680e-01
364 6.786040e-01 7.840000e-04 3.206120e-01
365 6.784680e-01 7.960000e-04 3.207360e-01
366 6.783000e-01 8.160000e-04 3.208840e-01
367 6.781440e-01 8.080000e-04 3.210480e-01
368 6.780160e-01 8.080000e-04 3.211760e-01
369 6.778920e-01 7.920000e-04 3.213160e-01
370 6.777480e-01 8.040000e-04 3.214480e-01
371 6.776320e-01 7.840000e-04 3.215840e-01
372 6.775360e-01 7.440000e-04 3.217200e-01
373 6.774400e-01 7.160000e-04 3.218440e-01
374 6.773320e-01 6.960000e-04 3.219720e-01
375 6.772600e-01 6.640000e-04 3.220760e-01
376 6.771520e-01 6.240000e-04 3.222240e-01
377 6.770320e-01 6.480000e-04 3.223200e-01
378 6.768960e-01 6.840000e-04 3.224200e-01
379 6.768000e-01 6.440000e-04 3.225560e-01
380 6.766920e-01 6.640000e-04 3.226440e-01
381 6.766040e-01 6.400000e-04 3.227560e-01
382 6.765040e-01 6.440000e-04 3.228520e-01
383 6.763560e-01 6.920000e-04 3.229520e-01
384 6.762760e-01 6.240000e-04 3.231000e-01
385 6.761560e-01 6.400000e-04 3.232040e-01
386 6.760480e-01 6.360000e-04 3.233160e-01
387 6.759160e-01 6.680000e-04 3.234160e-01
388 6.758240e-01 6.080000e-04 3.235680e-01
389 6.757200e-01 6.160000e-04 3.236640e-01
390 6.756320e-01 6.040000e-04 3.237640e-01
391 6.754960e-01 6.080000e-04 3.238960e-01
392 6.753840e-01 6.000000e-04 3.240160e-01
393 6.753080e-01 5.600000e-04 3.241320e-01
394 6.752360e-01 5.280000e-04 3.242360e-01
395 6.751840e-01 4.800000e-04 3.243360e-01
396 6.750800e-01 4.920000e-04 3.244280e-01
397 6.750440e-01 4.720000e-04 3.244840e-01
398 6.749600e-01 4.520000e-04 3.245880e-01
399 6.748640e-01 4.920000e-04 3.246440e-01
400 6.747640e-01 5.240000e-04 3.247120e-01
401 6.746720e-01 5.320000e-04 3.247960e-01
402 6.745960e-01 5.120000e-04 3.248920e-01
403 6.745240e-01 4.840000e-04 3.249920e-01
404 6.744280e-01 4.800000e-04 3.250920e-01
405 6.743120e-01 5.040000e-04 3.251840e-01
406 6.741880e-01 5.320000e-04 3.252800e-01
407 6.740800e-01 5.480000e-04 3.253720e-01
408 6.739800e-01 5.880000e-04 3.254320e-01
409 6.738520e-01 6.280000e-04 3.255200e-01
410 6.736520e-01 7.200000e-04 3.256280e-01
411 6.735040e-01 7.160000e-04 3.257800e-01
412 6.733320e-01 7.720000e-04 3.258960e-01
413 6.731440e-01 8.080000e-04 3.260480e-01
414 6.729760e-01 8.680000e-04 3.261560e-01
415 6.728400e-01 8.560000e-04 3.263040e-01
416 6.726760e-01 8.720000e-04 3.264520e-01
417 6.725440e-01 8.640000e-04 3.265920e-01
418 6.724320e-01 8.160000e-04 3.267520e-01
419 6.722840e-01 8.520000e-04 3.268640e-01
420 6.721640e-01 8.480000e-04 3.269880e-01
421 6.720320e-01 8.280000e-04 3.271400e-01
422 6.718880e-01 8.200000e-04 3.272920e-01
423 6.717960e-01 7.400000e-04 3.274640e-01
424 6.717000e-01 6.960000e-04 3.276040e-01
425 6.715520e-01 7.000000e-04 3.277480e-01
426 6.713920e-01 7.000000e-04 3.279080e-01
427 6.712640e-01 7.200000e-04 3.280160e-01
428 6.711240e-01 6.800000e-04 3.281960e-01
429 6.710280e-01 6.440000e-04 3.283280e-01
430 6.709120e-01 6.200000e-04 3.284680e-01
431 6.708320e-01 5.720000e-04 3.285960e-01
432 6.707440e-01 5.360000e-04 3.287200e-01
433 6.706560e-01 5.360000e-04 3.288080e-01
434 6.705520e-01 5.320000e-04 3.289160e-01
435 6.704240e-01 5.520000e-04 3.290240e-01
436 6.703200e-01 5.680000e-04 3.291120e-01
437 6.702280e-01 5.840000e-04 3.291880e-01
438 6.701120e-01 6.040000e-04 3.292840e-01
439 6.699720e-01 6.120000e-04 3.294160e-01
440 6.698480e-01 6.000000e-04 3.295520e-01
441 6.697240e-01 6.360000e-04 3.296400e-01
442 6.696400e-01 5.960000e-04 3.297640e-01
443 6.695240e-01 6.320000e-04 3.298440e-01
444 6.694400e-01 6.440000e-04 3.299160e-01
445 6.693200e-01 6.240000e-04 3.300560e-01
446 6.692040e-01 6.280000e-04 3.301680e-01
447 6.690560e-01 6.880000e-04 3.302560e-01
448 6.689280e-01 6.880000e-04 3.303840e-01
449 6.687640e-01 7.240000e-04 3.305120e-01
450 6.686400e-01 7.080000e-04 3.306520e-01
451 6.684880e-01 7.200000e-04 3.307920e-01
452 6.683360e-01 7.440000e-04 3.309200e-01
453 6.682360e-01 7.240000e-04 3.310400e-01
454 6.681200e-01 7.000000e-04 3.311800e-01
455 6.680200e-01 6.880000e-04 3.312920e-01
456 6.679520e-01 6.520000e-04 3.313960e-01
457 6.678480e-01 6.440000e-04 3.315080e-01
458 6.677480e-01 6.400000e-04 3.316120e-01
459 6.676480e-01 6.560000e-04 3.316960e-01
460 6.675400e-01 6.480000e-04 3.318120e-01
461 6.674600e-01 6.120000e-04 3.319280e-01
462 6.673880e-01 5.680000e-04 3.320440e-01
463 6.673080e-01 5.520000e-04 3.321400e-01
464 6.672440e-01 5.240000e-04 3.322320e-01
465 6.671640e-01 5.240000e-04 3.323120e-01
466 6.670800e-01 5.160000e-04 3.324040e-01
467 6.670040e-01 5.000000e-04 3.324960e-01
468 6.669160e-01 5.080000e-04 3.325760e-01
469 6.668320e-01 5.360000e-04 3.326320e-01
470 6.667240e-01 5.320000e-04 3.327440e-01
471 6.666280e-01 5.400000e-04 3.328320e-01
472 6.664640e-01 6.240000e-04 3.329120e-01
473 6.662960e-01 7.040000e-04 3.330000e-01
474 6.661640e-01 7.280000e-04 3.331080e-01
475 6.660120e-01 7.640000e-04 3.332240e-01
476 6.658800e-01 7.400000e-04 3.333800e-01
477 6.658040e-01 6.360000e-04 3.335600e-01
478 6.657040e-01 5.640000e-04 3.337320e-01
479 6.656200e-01 5.280000e-04 3.338520e-01
480 6.655640e-01 5.080000e-04 3.339280e-01
481 6.654920e-01 4.680000e-04 3.340400e-01
482 6.654320e-01 4.320000e-04 3.341360e-01
483 6.653800e-01 3.880000e-04 3.342320e-01
484 6.653080e-01 4.120000e-04 3.342800e-01
485 6.652480e-01 3.800000e-04 3.343720e-01
486 6.651560e-01 4.080000e-04 3.344360e-01
487 6.650960e-01 4.080000e-04 3.344960e-01
488 6.649920e-01 4.360000e-04 3.345720e-01
489 6.648920e-01 4.560000e-04 3.346520e-01
490 6.647800e-01 4.600000e-04 3.347600e-01
491 6.647240e-01 4.360000e-04 3.348400e-01
492 6.646680e-01 4.040000e-04 3.349280e-01
493 6.646240e-01 3.800000e-04 3.349960e-01
494 6.645800e-01 3.840000e-04 3.350360e-01
495 6.645440e-01 3.360000e-04 3.351200e-01
496 6.645080e-01 3.160000e-04 3.351760e-01
497 6.644680e-01 3.080000e-04 3.352240e-01
498 6.644160e-01 3.160000e-04 3.352680e-01
499 6.643680e-01 3.080000e-04 3.353240e-01
500 6.643400e-01 2.840000e-04 3.353760e-01
