1 9.991880e-01 7.320000e-04 8.000000e-05
2 9.986200e-01 1.124000e-03 2.560000e-04
3 9.980120e-01 1.528000e-03 4.600000e-04
4 9.971400e-01 2.104000e-03 7.560000e-04
5 9.962480e-01 2.616000e-03 1.136000e-03
6 9.952200e-01 3.140000e-03 1.640000e-03
7 9.941400e-01 3.612000e-03 2.248000e-03
8 9.931600e-01 3.980000e-03 2.860000e-03
9 9.920560e-01 4.360000e-03 3.584000e-03
10 9.909280e-01 4.696000e-03 4.376000e-03
11 9.897600e-01 4.932000e-03 5.308000e-03
12 9.885840e-01 5.268000e-03 6.148000e-03
13 9.874800e-01 5.396000e-03 7.124000e-03
14 9.861640e-01 5.684000e-03 8.152000e-03
15 9.849920e-01 5.760000e-03 9.248000e-03
16 9.837320e-01 6.048000e-03 1.022000e-02
17 9.821840e-01 6.456000e-03 1.136000e-02
18 9.806200e-01 6.812000e-03 1.256800e-02
19 9.791400e-01 7.092000e-03 1.376800e-02
20 9.777720e-01 7.248000e-03 1.498000e-02
21 9.762640e-01 7.388000e-03 1.634800e-02
22 9.748640e-01 7.556000e-03 1.758000e-02
23 9.733120e-01 7.868000e-03 1.882000e-02
24 9.718320e-01 7.968000e-03 2.020000e-02
25 9.703240e-01 7.984000e-03 2.169200e-02
26 9.688200e-01 8.180000e-03 2.300000e-02
27 9.670840e-01 8.464000e-03 2.445200e-02
28 9.653840e-01 8.612000e-03 2.600400e-02
29 9.637400e-01 8.716000e-03 2.754400e-02
30 9.622120e-01 8.780000e-03 2.900800e-02
31 9.606280e-01 8.948000e-03 3.042400e-02
32 9.590520e-01 8.920000e-03 3.202800e-02
33 9.572320e-01 9.148000e-03 3.362000e-02
34 9.554080e-01 9.476000e-03 3.511600e-02
35 9.537920e-01 9.424000e-03 3.678400e-02
36 9.519360e-01 9.700000e-03 3.836400e-02
37 9.501680e-01 9.728000e-03 4.010400e-02
38 9.483880e-01 9.900000e-03 4.171200e-02
39 9.468520e-01 9.768000e-03 4.338000e-02
40 9.450760e-01 9.936000e-03 4.498800e-02
41 9.434600e-01 9.768000e-03 4.677200e-02
42 9.417840e-01 9.820000e-03 4.839600e-02
43 9.401840e-01 9.632000e-03 5.018400e-02
44 9.385560e-01 9.652000e-03 5.179200e-02
45 9.368640e-01 9.576000e-03 5.356000e-02
46 9.353040e-01 9.424000e-03 5.527200e-02
47 9.336160e-01 9.368000e-03 5.701600e-02
48 9.318840e-01 9.388000e-03 5.872800e-02
49 9.301840e-01 9.480000e-03 6.033600e-02
50 9.284560e-01 9.472000e-03 6.207200e-02
51 9.267000e-01 9.576000e-03 6.372400e-02
52 9.250000e-01 9.692000e-03 6.530800e-02
53 9.232520e-01 9.664000e-03 6.708400e-02
54 9.214960e-01 9.736000e-03 6.876800e-02
55 9.199320e-01 9.684000e-03 7.038400e-02
56 9.180960e-01 9.704000e-03 7.220000e-02
57 9.164160e-01 9.740000e-03 7.384400e-02
58 9.148840e-01 9.596000e-03 7.552000e-02
59 9.131240e-01 9.644000e-03 7.723200e-02
60 9.115600e-01 9.484000e-03 7.895600e-02
61 9.099320e-01 9.412000e-03 8.065600e-02
62 9.082640e-01 9.492000e-03 8.224400e-02
63 9.067480e-01 9.480000e-03 8.377200e-02
64 9.052160e-01 9.392000e-03 8.539200e-02
65 9.037320e-01 9.160000e-03 8.710800e-02
66 9.022000e-01 9.040000e-03 8.876000e-02
67 9.007600e-01 8.804000e-03 9.043600e-02
68 8.991440e-01 8.748000e-03 9.210800e-02
69 8.977800e-01 8.488000e-03 9.373200e-02
70 8.963240e-01 8.516000e-03 9.516000e-02
71 8.948120e-01 8.516000e-03 9.667200e-02
72 8.933720e-01 8.404000e-03 9.822400e-02
73 8.919440e-01 8.368000e-03 9.968800e-02
74 8.903880e-01 8.368000e-03 1.012440e-01
75 8.889480e-01 8.252000e-03 1.028000e-01
76 8.872960e-01 8.460000e-03 1.042440e-01
77 8.858280e-01 8.508000e-03 1.056640e-01
78 8.842200e-01 8.560000e-03 1.072200e-01
79 8.826400e-01 8.624000e-03 1.087360e-01
80 8.809840e-01 8.804000e-03 1.102120e-01
81 8.794320e-01 8.824000e-03 1.117440e-01
82 8.780080e-01 8.636000e-03 1.133560e-01
83 8.766120e-01 8.544000e-03 1.148440e-01
84 8.751280e-01 8.468000e-03 1.164040e-01
85 8.736400e-01 8.620000e-03 1.177400e-01
86 8.722680e-01 8.584000e-03 1.191480e-01
87 8.709040e-01 8.436000e-03 1.206600e-01
88 8.693960e-01 8.412000e-03 1.221920e-01
89 8.677640e-01 8.564000e-03 1.236720e-01
90 8.660880e-01 8.756000e-03 1.251560e-01
91 8.646680e-01 8.632000e-03 1.267000e-01
92 8.628920e-01 8.828000e-03 1.282800e-01
93 8.611880e-01 8.908000e-03 1.299040e-01
94 8.595920e-01 9.052000e-03 1.313560e-01
95 8.579360e-01 9.084000e-03 1.329800e-01
96 8.564640e-01 8.972000e-03 1.345640e-01
97 8.546960e-01 9.272000e-03 1.360320e-01
98 8.531600e-01 9.168000e-03 1.376720e-01
99 8.515760e-01 9.240000e-03 1.391840e-01
100 8.499560e-01 9.372000e-03 1.406720e-01
101 8.484200e-01 9.508000e-03 1.420720e-01
102 8.470560e-01 9.264000e-03 1.436800e-01
103 8.455880e-01 9.128000e-03 1.452840e-01
104 8.442000e-01 8.860000e-03 1.469400e-01
105 8.427840e-01 8.592000e-03 1.486240e-01
106 8.413800e-01 8.592000e-03 1.500280e-01
107 8.399640e-01 8.560000e-03 1.514760e-01
108 8.385360e-01 8.572000e-03 1.528920e-01
109 8.369320e-01 8.552000e-03 1.545160e-01
110 8.353200e-01 8.684000e-03 1.559960e-01
111 8.337240e-01 8.800000e-03 1.574760e-01
112 8.323720e-01 8.720000e-03 1.589080e-01
113 8.309040e-01 8.636000e-03 1.604600e-01
114 8.294440e-01 8.516000e-03 1.620400e-01
115 8.277280e-01 8.720000e-03 1.635520e-01
116 8.261120e-01 8.720000e-03 1.651680e-01
117 8.245320e-01 8.644000e-03 1.668240e-01
118 8.231080e-01 8.516000e-03 1.683760e-01
119 8.217360e-01 8.328000e-03 1.699360e-01
120 8.203120e-01 8.344000e-03 1.713440e-01
121 8.189360e-01 8.220000e-03 1.728440e-01
122 8.175840e-01 8.196000e-03 1.742200e-01
123 8.161600e-01 8.104000e-03 1.757360e-01
124 8.146880e-01 8.156000e-03 1.771560e-01
125 8.130560e-01 8.304000e-03 1.786400e-01
126 8.116560e-01 8.204000e-03 1.801400e-01
127 8.103080e-01 8.088000e-03 1.816040e-01
128 8.090040e-01 8.008000e-03 1.829880e-01
129 8.075960e-01 8.052000e-03 1.843520e-01
130 8.062520e-01 8.088000e-03 1.856600e-01
131 8.049840e-01 8.036000e-03 1.869800e-01
132 8.034960e-01 8.088000e-03 1.884160e-01
133 8.021360e-01 8.000000e-03 1.898640e-01
134 8.007880e-01 7.920000e-03 1.912920e-01
135 7.994000e-01 7.876000e-03 1.927240e-01
136 7.980640e-01 7.860000e-03 1.940760e-01
137 7.966360e-01 8.000000e-03 1.953640e-01
138 7.950800e-01 8.132000e-03 1.967880e-01
139 7.937520e-01 8.096000e-03 1.981520e-01
140 7.924120e-01 8.120000e-03 1.994680e-01
141 7.911280e-01 8.020000e-03 2.008520e-01
142 7.897440e-01 7.984000e-03 2.022720e-01
143 7.884520e-01 8.024000e-03 2.035240e-01
144 7.872640e-01 7.884000e-03 2.048520e-01
145 7.860040e-01 7.740000e-03 2.062560e-01
146 7.846920e-01 7.784000e-03 2.075240e-01
147 7.834840e-01 7.660000e-03 2.088560e-01
148 7.823560e-01 7.516000e-03 2.101280e-01
149 7.811640e-01 7.408000e-03 2.114280e-01
150 7.797600e-01 7.560000e-03 2.126800e-01
151 7.785080e-01 7.524000e-03 2.139680e-01
152 7.772600e-01 7.380000e-03 2.153600e-01
153 7.760760e-01 7.256000e-03 2.166680e-01
154 7.748600e-01 7.264000e-03 2.178760e-01
155 7.735640e-01 7.396000e-03 2.190400e-01
156 7.723880e-01 7.296000e-03 2.203160e-01
157 7.712600e-01 7.160000e-03 2.215800e-01
158 7.700680e-01 7.216000e-03 2.227160e-01
159 7.687960e-01 7.164000e-03 2.240400e-01
160 7.676600e-01 7.028000e-03 2.253120e-01
161 7.665600e-01 6.896000e-03 2.265440e-01
162 7.653880e-01 6.896000e-03 2.277160e-01
163 7.640200e-01 7.076000e-03 2.289040e-01
164 7.628160e-01 7.044000e-03 2.301400e-01
165 7.616720e-01 7.012000e-03 2.313160e-01
166 7.604360e-01 7.004000e-03 2.325600e-01
167 7.593000e-01 6.900000e-03 2.338000e-01
168 7.582440e-01 6.768000e-03 2.349880e-01
169 7.570600e-01 6.760000e-03 2.361800e-01
170 7.558920e-01 6.828000e-03 2.372800e-01
171 7.546600e-01 6.916000e-03 2.384240e-01
172 7.534760e-01 6.860000e-03 2.396640e-01
173 7.522520e-01 6.780000e-03 2.409680e-01
174 7.511440e-01 6.836000e-03 2.420200e-01
175 7.498840e-01 6.884000e-03 2.432320e-01
176 7.487520e-01 6.840000e-03 2.444080e-01
177 7.476520e-01 6.756000e-03 2.455920e-01
178 7.466400e-01 6.608000e-03 2.467520e-01
179 7.456200e-01 6.540000e-03 2.478400e-01
180 7.446440e-01 6.364000e-03 2.489920e-01
181 7.436160e-01 6.356000e-03 2.500280e-01
182 7.425840e-01 6.236000e-03 2.511800e-01
183 7.414880e-01 6.176000e-03 2.523360e-01
184 7.404920e-01 6.148000e-03 2.533600e-01
185 7.393960e-01 6.056000e-03 2.545480e-01
186 7.382560e-01 6.096000e-03 2.556480e-01
187 7.371360e-01 6.332000e-03 2.565320e-01
188 7.359640e-01 6.468000e-03 2.575680e-01
189 7.349480e-01 6.380000e-03 2.586720e-01
190 7.338800e-01 6.320000e-03 2.598000e-01
191 7.326560e-01 6.508000e-03 2.608360e-01
192 7.316200e-01 6.452000e-03 2.619280e-01
193 7.305840e-01 6.392000e-03 2.630240e-01
194 7.295320e-01 6.280000e-03 2.641880e-01
195 7.284360e-01 6.260000e-03 2.653040e-01
196 7.274040e-01 6.180000e-03 2.664160e-01
197 7.263120e-01 6.092000e-03 2.675960e-01
198 7.252960e-01 6.088000e-03 2.686160e-01
199 7.243280e-01 5.928000e-03 2.697440e-01
200 7.233120e-01 5.808000e-03 2.708800e-01
201 7.223080e-01 5.684000e-03 2.720080e-01
202 7.212560e-01 5.872000e-03 2.728720e-01
203 7.203080e-01 5.792000e-03 2.739000e-01
204 7.192320e-01 5.932000e-03 2.748360e-01
205 7.182280e-01 5.916000e-03 2.758560e-01
206 7.172040e-01 5.904000e-03 2.768920e-01
207 7.161560e-01 5.988000e-03 2.778560e-01
208 7.149400e-01 6.140000e-03 2.789200e-01
209 7.139280e-01 6.144000e-03 2.799280e-01
210 7.129560e-01 6.056000e-03 2.809880e-01
211 7.118800e-01 6.112000e-03 2.820080e-01
212 7.107520e-01 6.084000e-03 2.831640e-01
213 7.096720e-01 6.112000e-03 2.842160e-01
214 7.086040e-01 6.052000e-03 2.853440e-01
215 7.073880e-01 6.168000e-03 2.864440e-01
216 7.063480e-01 6.128000e-03 2.875240e-01
217 7.052640e-01 6.200000e-03 2.885360e-01
218 7.040880e-01 6.232000e-03 2.896800e-01
219 7.028440e-01 6.364000e-03 2.907920e-01
220 7.017960e-01 6.292000e-03 2.919120e-01
221 7.007320e-01 6.324000e-03 2.929440e-01
222 6.997440e-01 6.244000e-03 2.940120e-01
223 6.987000e-01 6.328000e-03 2.949720e-01
224 6.975320e-01 6.404000e-03 2.960640e-01
225 6.964880e-01 6.328000e-03 2.971840e-01
226 6.954480e-01 6.396000e-03 2.981560e-01
227 6.943960e-01 6.368000e-03 2.992360e-01
228 6.934000e-01 6.304000e-03 3.002960e-01
229 6.923360e-01 6.176000e-03 3.014880e-01
230 6.913680e-01 5.956000e-03 3.026760e-01
231 6.904000e-01 5.988000e-03 3.036120e-01
232 6.894800e-01 5.812000e-03 3.047080e-01
233 6.885080e-01 5.756000e-03 3.057360e-01
234 6.876440e-01 5.620000e-03 3.067360e-01
235 6.868000e-01 5.476000e-03 3.077240e-01
236 6.859000e-01 5.388000e-03 3.087120e-01
237 6.849720e-01 5.344000e-03 3.096840e-01
238 6.840920e-01 5.340000e-03 3.105680e-01
239 6.830560e-01 5.440000e-03 3.115040e-01
240 6.821400e-01 5.372000e-03 3.124880e-01
241 6.811600e-01 5.416000e-03 3.134240e-01
242 6.802960e-01 5.304000e-03 3.144000e-01
243 6.793240e-01 5.328000e-03 3.153480e-01
244 6.782920e-01 5.384000e-03 3.163240e-01
245 6.773560e-01 5.304000e-03 3.173400e-01
246 6.764040e-01 5.308000e-03 3.182880e-01
247 6.754560e-01 5.280000e-03 3.192640e-01
248 6.744760e-01 5.256000e-03 3.202680e-01
249 6.735760e-01 5.300000e-03 3.211240e-01
250 6.727000e-01 5.236000e-03 3.220640e-01
251 6.718600e-01 5.212000e-03 3.229280e-01
252 6.709720e-01 5.256000e-03 3.237720e-01
253 6.701000e-01 5.228000e-03 3.246720e-01
254 6.691520e-01 5.244000e-03 3.256040e-01
255 6.682520e-01 5.272000e-03 3.264760e-01
256 6.673320e-01 5.380000e-03 3.272880e-01
257 6.664480e-01 5.352000e-03 3.282000e-01
258 6.655920e-01 5.232000e-03 3.291760e-01
259 6.647240e-01 5.136000e-03 3.301400e-01
260 6.638440e-01 5.092000e-03 3.310640e-01
261 6.630200e-01 4.996000e-03 3.319840e-01
262 6.622400e-01 4.956000e-03 3.328040e-01
263 6.614280e-01 4.788000e-03 3.337840e-01
264 6.606560e-01 4.664000e-03 3.346800e-01
265 6.599680e-01 4.652000e-03 3.353800e-01
266 6.592640e-01 4.616000e-03 3.361200e-01
267 6.585800e-01 4.556000e-03 3.368640e-01
268 6.579880e-01 4.324000e-03 3.376880e-01
269 6.573720e-01 4.204000e-03 3.384240e-01
270 6.568600e-01 4.016000e-03 3.391240e-01
271 6.561880e-01 3.940000e-03 3.398720e-01
272 6.555240e-01 3.888000e-03 3.405880e-01
273 6.548440e-01 3.940000e-03 3.412160e-01
274 6.541840e-01 3.976000e-03 3.418400e-01
275 6.535480e-01 3.876000e-03 3.425760e-01
276 6.529120e-01 3.824000e-03 3.432640e-01
277 6.522000e-01 3.956000e-03 3.438440e-01
278 6.515760e-01 3.928000e-03 3.444960e-01
279 6.509920e-01 3.852000e-03 3.451560e-01
280 6.503400e-01 3.884000e-03 3.457760e-01
281 6.496320e-01 3.928000e-03 3.464400e-01
282 6.490240e-01 3.880000e-03 3.470960e-01
283 6.483120e-01 3.916000e-03 3.477720e-01
284 6.476120e-01 3.880000e-03 3.485080e-01
285 6.469440e-01 3.864000e-03 3.491920e-01
286 6.463880e-01 3.752000e-03 3.498600e-01
287 6.457400e-01 3.760000e-03 3.505000e-01
288 6.451160e-01 3.692000e-03 3.511920e-01
289 6.444520e-01 3.712000e-03 3.518360e-01
290 6.437960e-01 3.708000e-03 3.524960e-01
291 6.431320e-01 3.672000e-03 3.531960e-01
292 6.426280e-01 3.520000e-03 3.538520e-01
293 6.420080e-01 3.480000e-03 3.545120e-01
294 6.414920e-01 3.388000e-03 3.551200e-01
295 6.409040e-01 3.512000e-03 3.555840e-01
296 6.403000e-01 3.540000e-03 3.561600e-01
297 6.397640e-01 3.480000e-03 3.567560e-01
298 6.391160e-01 3.464000e-03 3.574200e-01
299 6.384600e-01 3.516000e-03 3.580240e-01
300 6.378800e-01 3.456000e-03 3.586640e-01
301 6.372920e-01 3.452000e-03 3.592560e-01
302 6.367520e-01 3.340000e-03 3.599080e-01
303 6.361560e-01 3.344000e-03 3.605000e-01
304 6.356560e-01 3.284000e-03 3.610600e-01
305 6.351280e-01 3.180000e-03 3.616920e-01
306 6.346480e-01 3.144000e-03 3.622080e-01
307 6.341400e-01 3.060000e-03 3.628000e-01
308 6.336640e-01 3.064000e-03 3.632720e-01
309 6.331080e-01 3.144000e-03 3.637480e-01
310 6.325760e-01 3.096000e-03 3.643280e-01
311 6.321080e-01 3.040000e-03 3.648520e-01
312 6.314720e-01 3.084000e-03 3.654440e-01
313 6.308960e-01 3.132000e-03 3.659720e-01
314 6.304120e-01 3.048000e-03 3.665400e-01
315 6.299640e-01 3.012000e-03 3.670240e-01
316 6.294200e-01 3.000000e-03 3.675800e-01
317 6.289240e-01 2.984000e-03 3.680920e-01
318 6.284000e-01 2.972000e-03 3.686280e-01
319 6.278240e-01 2.956000e-03 3.692200e-01
320 6.272600e-01 3.000000e-03 3.697400e-01
321 6.267920e-01 2.916000e-03 3.702920e-01
322 6.263200e-01 2.848000e-03 3.708320e-01
323 6.257720e-01 2.896000e-03 3.713320e-01
324 6.252720e-01 2.848000e-03 3.718800e-01
325 6.248480e-01 2.792000e-03 3.723600e-01
326 6.244000e-01 2.740000e-03 3.728600e-01
327 6.239480e-01 2.664000e-03 3.733880e-01
328 6.235440e-01 2.596000e-03 3.738600e-01
329 6.231080e-01 2.484000e-03 3.744080e-01
330 6.226360e-01 2.564000e-03 3.748000e-01
331 6.221840e-01 2.572000e-03 3.752440e-01
332 6.218440e-01 2.448000e-03 3.757080e-01
333 6.214320e-01 2.372000e-03 3.761960e-01
334 6.211040e-01 2.280000e-03 3.766160e-01
335 6.207600e-01 2.260000e-03 3.769800e-01
336 6.204000e-01 2.324000e-03 3.772760e-01
337 6.200520e-01 2.308000e-03 3.776400e-01
338 6.197120e-01 2.180000e-03 3.781080e-01
339 6.193600e-01 2.156000e-03 3.784840e-01
340 6.190160e-01 2.164000e-03 3.788200e-01
341 6.187720e-01 2.068000e-03 3.791600e-01
342 6.184000e-01 2.124000e-03 3.794760e-01
343 6.181240e-01 1.980000e-03 3.798960e-01
344 6.178480e-01 1.908000e-03 3.802440e-01
345 6.176120e-01 1.796000e-03 3.805920e-01
346 6.173400e-01 1.784000e-03 3.808760e-01
347 6.170880e-01 1.780000e-03 3.811320e-01
348 6.168320e-01 1.704000e-03 3.814640e-01
349 6.165440e-01 1.612000e-03 3.818440e-01
350 6.162360e-01 1.656000e-03 3.821080e-01
351 6.160040e-01 1.636000e-03 3.823600e-01
352 6.157480e-01 1.576000e-03 3.826760e-01
353 6.154760e-01 1.552000e-03 3.829720e-01
354 6.152320e-01 1.496000e-03 3.832720e-01
355 6.149600e-01 1.492000e-03 3.835480e-01
356 6.147440e-01 1.476000e-03 3.837800e-01
357 6.144920e-01 1.492000e-03 3.840160e-01
358 6.142720e-01 1.396000e-03 3.843320e-01
359 6.140080e-01 1.420000e-03 3.845720e-01
360 6.137760e-01 1.380000e-03 3.848440e-01
361 6.134840e-01 1.460000e-03 3.850560e-01
362 6.132680e-01 1.412000e-03 3.853200e-01
363 6.130200e-01 1.420000e-03 3.855600e-01
364 6.127520e-01 1.412000e-03 3.858360e-01
365 6.125440e-01 1.388000e-03 3.860680e-01
366 6.123360e-01 1.376000e-03 3.862880e-01
367 6.121520e-01 1.304000e-03 3.865440e-01
368 6.119720e-01 1.252000e-03 3.867760e-01
369 6.117800e-01 1.232000e-03 3.869880e-01
370 6.116240e-01 1.164000e-03 3.872120e-01
371 6.114120e-01 1.132000e-03 3.874560e-01
372 6.112240e-01 1.132000e-03 3.876440e-01
373 6.110400e-01 1.136000e-03 3.878240e-01
374 6.108720e-01 1.128000e-03 3.880000e-01
375 6.106640e-01 1.108000e-03 3.882280e-01
376 6.105360e-01 1.060000e-03 3.884040e-01
377 6.103600e-01 1.036000e-03 3.886040e-01
378 6.102240e-01 9.720000e-04 3.888040e-01
379 6.100520e-01 9.880000e-04 3.889600e-01
380 6.098800e-01 1.012000e-03 3.891080e-01
381 6.096800e-01 1.012000e-03 3.893080e-01
382 6.095040e-01 1.012000e-03 3.894840e-01
383 6.093120e-01 1.036000e-03 3.896520e-01
384 6.091400e-01 1.044000e-03 3.898160e-01
385 6.089600e-01 1.056000e-03 3.899840e-01
386 6.087440e-01 1.112000e-03 3.901440e-01
387 6.085800e-01 1.092000e-03 3.903280e-01
388 6.083720e-01 1.096000e-03 3.905320e-01
389 6.082320e-01 1.084000e-03 3.906840e-01
390 6.080560e-01 1.056000e-03 3.908880e-01
391 6.079040e-01 1.024000e-03 3.910720e-01
392 6.077720e-01 9.680000e-04 3.912600e-01
393 6.076000e-01 9.760000e-04 3.914240e-01
394 6.074440e-01 9.360000e-04 3.916200e-01
395 6.073280e-01 8.400000e-04 3.918320e-01
396 6.071720e-01 8.640000e-04 3.919640e-01
397 6.070200e-01 8.800000e-04 3.921000e-01
398 6.069080e-01 8.160000e-04 3.922760e-01
399 6.067960e-01 7.840000e-04 3.924200e-01
400 6.066960e-01 7.360000e-04 3.925680e-01
401 6.065680e-01 6.960000e-04 3.927360e-01
402 6.064560e-01 6.960000e-04 3.928480e-01
403 6.063240e-01 7.320000e-04 3.929440e-01
404 6.061960e-01 7.000000e-04 3.931040e-01
405 6.060560e-01 7.000000e-04 3.932440e-01
406 6.059360e-01 6.640000e-04 3.934000e-01
407 6.058080e-01 6.680000e-04 3.935240e-01
408 6.056720e-01 7.040000e-04 3.936240e-01
409 6.055560e-01 7.160000e-04 3.937280e-01
410 6.054080e-01 7.320000e-04 3.938600e-01
411 6.052960e-01 7.200000e-04 3.939840e-01
412 6.051160e-01 7.880000e-04 3.940960e-01
413 6.049720e-01 8.160000e-04 3.942120e-01
414 6.048400e-01 8.200000e-04 3.943400e-01
415 6.047360e-01 7.960000e-04 3.944680e-01
416 6.046120e-01 7.960000e-04 3.945920e-01
417 6.045000e-01 7.480000e-04 3.947520e-01
418 6.044240e-01 7.040000e-04 3.948720e-01
419 6.042920e-01 7.280000e-04 3.949800e-01
420 6.041440e-01 7.520000e-04 3.951040e-01
421 6.040400e-01 7.280000e-04 3.952320e-01
422 6.039640e-01 6.840000e-04 3.953520e-01
423 6.038680e-01 6.520000e-04 3.954800e-01
424 6.037360e-01 6.800000e-04 3.955840e-01
425 6.036360e-01 6.600000e-04 3.957040e-01
426 6.035360e-01 6.480000e-04 3.958160e-01
427 6.034360e-01 6.080000e-04 3.959560e-01
428 6.033520e-01 5.680000e-04 3.960800e-01
429 6.032600e-01 5.720000e-04 3.961680e-01
430 6.031440e-01 5.680000e-04 3.962880e-01
431 6.030480e-01 6.040000e-04 3.963480e-01
432 6.029400e-01 6.160000e-04 3.964440e-01
433 6.028280e-01 6.240000e-04 3.965480e-01
434 6.027120e-01 6.040000e-04 3.966840e-01
435 6.025720e-01 6.560000e-04 3.967720e-01
436 6.024320e-01 6.840000e-04 3.968840e-01
437 6.022920e-01 6.960000e-04 3.970120e-01
438 6.022160e-01 6.600000e-04 3.971240e-01
439 6.021080e-01 6.520000e-04 3.972400e-01
440 6.019920e-01 6.640000e-04 3.973440e-01
441 6.019480e-01 5.840000e-04 3.974680e-01
442 6.018120e-01 6.160000e-04 3.975720e-01
443 6.017320e-01 5.680000e-04 3.977000e-01
444 6.016360e-01 5.440000e-04 3.978200e-01
445 6.015520e-01 4.960000e-04 3.979520e-01
446 6.015040e-01 4.640000e-04 3.980320e-01
447 6.014160e-01 4.440000e-04 3.981400e-01
448 6.012960e-01 4.800000e-04 3.982240e-01
449 6.012040e-01 4.680000e-04 3.983280e-01
450 6.011240e-01 4.760000e-04 3.984000e-01
451 6.010680e-01 4.320000e-04 3.985000e-01
452 6.010200e-01 4.240000e-04 3.985560e-01
453 6.009640e-01 4.320000e-04 3.986040e-01
454 6.008840e-01 4.280000e-04 3.986880e-01
455 6.008440e-01 3.760000e-04 3.987800e-01
456 6.007960e-01 3.480000e-04 3.988560e-01
457 6.007320e-01 3.440000e-04 3.989240e-01
458 6.006720e-01 3.760000e-04 3.989520e-01
459 6.006160e-01 3.640000e-04 3.990200e-01
460 6.005520e-01 3.720000e-04 3.990760e-01
461 6.004840e-01 3.760000e-04 3.991400e-01
462 6.004040e-01 4.000000e-04 3.991960e-01
463 6.003480e-01 3.920000e-04 3.992600e-01
464 6.002840e-01 3.960000e-04 3.993200e-01
465 6.002000e-01 4.120000e-04 3.993880e-01
466 6.000840e-01 4.560000e-04 3.994600e-01
467 5.999560e-01 5.240000e-04 3.995200e-01
468 5.998680e-01 4.960000e-04 3.996360e-01
469 5.998080e-01 4.880000e-04 3.997040e-01
470 5.997400e-01 4.360000e-04 3.998240e-01
471 5.997080e-01 3.640000e-04 3.999280e-01
472 5.996560e-01 3.520000e-04 3.999920e-01
473 5.996120e-01 3.720000e-04 4.000160e-01
474 5.995680e-01 3.600000e-04 4.000720e-01
475 5.995000e-01 3.840000e-04 4.001160e-01
476 5.994320e-01 4.120000e-04 4.001560e-01
477 5.993720e-01 4.200000e-04 4.002080e-01
478 5.993040e-01 3.880000e-04 4.003080e-01
479 5.992160e-01 4.160000e-04 4.003680e-01
480 5.991360e-01 4.000000e-04 4.004640e-01
481 5.990760e-01 4.040000e-04 4.005200e-01
482 5.990360e-01 3.720000e-04 4.005920e-01
483 5.989720e-01 3.720000e-04 4.006560e-01
484 5.989400e-01 3.480000e-04 4.007120e-01
485 5.989080e-01 3.000000e-04 4.007920e-01
486 5.988600e-01 2.960000e-04 4.008440e-01
487 5.988040e-01 3.000000e-04 4.008960e-01
488 5.987400e-01 2.960000e-04 4.009640e-01
489 5.986480e-01 3.440000e-04 4.010080e-01
490 5.985840e-01 3.400000e-04 4.010760e-01
491 5.985480e-01 3.280000e-04 4.011240e-01
492 5.984880e-01 3.440000e-04 4.011680e-01
493 5.984200e-01 3.560000e-04 4.012240e-01
494 5.983560e-01 3.480000e-04 4.012960e-01
495 5.982960e-01 3.520000e-04 4.013520e-01
496 5.982600e-01 3.480000e-04 4.013920e-01
497 5.982200e-01 3.240000e-04 4.014560e-01
498 5.981440e-01 3.560000e-04 4.015000e-01
499 5.980760e-01 3.400000e-04 4.015840e-01
500 5.980360e-01 3.240000e-04 4.016400e-01
