1 9.992320e-01 6.960000e-04 7.200000e-05
2 9.987760e-01 1.044000e-03 1.800000e-04
3 9.979840e-01 1.664000e-03 3.520000e-04
4 9.972960e-01 1.996000e-03 7.080000e-04
5 9.964800e-01 2.372000e-03 1.148000e-03
6 9.956760e-01 2.692000e-03 1.632000e-03
7 9.947840e-01 3.044000e-03 2.172000e-03
8 9.938040e-01 3.504000e-03 2.692000e-03
9 9.928480e-01 3.920000e-03 3.232000e-03
10 9.916520e-01 4.440000e-03 3.908000e-03
11 9.904920e-01 4.864000e-03 4.644000e-03
12 9.892800e-01 5.220000e-03 5.500000e-03
13 9.879880e-01 5.568000e-03 6.444000e-03
14 9.865320e-01 6.064000e-03 7.404000e-03
15 9.851960e-01 6.360000e-03 8.444000e-03
16 9.836400e-01 6.760000e-03 9.600000e-03
17 9.820840e-01 7.056000e-03 1.086000e-02
18 9.805640e-01 7.372000e-03 1.206400e-02
19 9.790800e-01 7.436000e-03 1.348400e-02
20 9.776600e-01 7.580000e-03 1.476000e-02
21 9.759960e-01 7.860000e-03 1.614400e-02
22 9.744920e-01 8.044000e-03 1.746400e-02
23 9.728280e-01 8.300000e-03 1.887200e-02
24 9.713920e-01 8.404000e-03 2.020400e-02
25 9.698920e-01 8.372000e-03 2.173600e-02
26 9.682240e-01 8.640000e-03 2.313600e-02
27 9.664680e-01 8.924000e-03 2.460800e-02
28 9.647160e-01 9.092000e-03 2.619200e-02
29 9.629760e-01 9.244000e-03 2.778000e-02
30 9.614040e-01 9.132000e-03 2.946400e-02
31 9.595240e-01 9.444000e-03 3.103200e-02
32 9.578680e-01 9.384000e-03 3.274800e-02
33 9.559720e-01 9.600000e-03 3.442800e-02
34 9.542840e-01 9.684000e-03 3.603200e-02
35 9.526360e-01 9.696000e-03 3.766800e-02
36 9.510240e-01 9.552000e-03 3.942400e-02
37 9.495600e-01 9.212000e-03 4.122800e-02
38 9.480680e-01 9.200000e-03 4.273200e-02
39 9.463840e-01 9.292000e-03 4.432400e-02
40 9.448200e-01 9.252000e-03 4.592800e-02
41 9.431800e-01 9.248000e-03 4.757200e-02
42 9.415960e-01 9.224000e-03 4.918000e-02
43 9.398840e-01 9.176000e-03 5.094000e-02
44 9.382120e-01 9.148000e-03 5.264000e-02
45 9.365320e-01 9.196000e-03 5.427200e-02
46 9.347560e-01 9.416000e-03 5.582800e-02
47 9.330760e-01 9.452000e-03 5.747200e-02
48 9.313160e-01 9.488000e-03 5.919600e-02
49 9.296160e-01 9.508000e-03 6.087600e-02
50 9.279520e-01 9.380000e-03 6.266800e-02
51 9.262360e-01 9.380000e-03 6.438400e-02
52 9.246680e-01 9.352000e-03 6.598000e-02
53 9.229160e-01 9.448000e-03 6.763600e-02
54 9.210440e-01 9.724000e-03 6.923200e-02
55 9.193600e-01 9.732000e-03 7.090800e-02
56 9.176120e-01 9.780000e-03 7.260800e-02
57 9.157600e-01 1.002800e-02 7.421200e-02
58 9.139120e-01 1.005200e-02 7.603600e-02
59 9.121600e-01 1.008800e-02 7.775200e-02
60 9.102040e-01 1.025600e-02 7.954000e-02
61 9.084320e-01 1.031600e-02 8.125200e-02
62 9.065480e-01 1.044000e-02 8.301200e-02
63 9.046760e-01 1.052000e-02 8.480400e-02
64 9.027880e-01 1.056800e-02 8.664400e-02
65 9.009000e-01 1.062400e-02 8.847600e-02
66 8.991360e-01 1.038400e-02 9.048000e-02
67 8.973680e-01 1.030000e-02 9.233200e-02
68 8.955120e-01 1.050400e-02 9.398400e-02
69 8.935880e-01 1.056800e-02 9.584400e-02
70 8.915600e-01 1.061200e-02 9.782800e-02
71 8.896320e-01 1.056000e-02 9.980800e-02
72 8.877520e-01 1.065200e-02 1.015960e-01
73 8.858480e-01 1.077600e-02 1.033760e-01
74 8.839400e-01 1.080400e-02 1.052560e-01
75 8.820720e-01 1.067600e-02 1.072520e-01
76 8.802560e-01 1.064400e-02 1.091000e-01
77 8.785080e-01 1.050400e-02 1.109880e-01
78 8.765640e-01 1.062800e-02 1.128080e-01
79 8.745080e-01 1.086000e-02 1.146320e-01
80 8.726480e-01 1.084000e-02 1.165120e-01
81 8.709000e-01 1.069600e-02 1.184040e-01
82 8.691520e-01 1.042400e-02 1.204240e-01
83 8.673000e-01 1.050800e-02 1.221920e-01
84 8.653920e-01 1.053200e-02 1.240760e-01
85 8.634920e-01 1.062800e-02 1.258800e-01
86 8.618600e-01 1.042400e-02 1.277160e-01
87 8.600120e-01 1.057600e-02 1.294120e-01
88 8.581000e-01 1.071600e-02 1.311840e-01
89 8.560880e-01 1.078800e-02 1.331240e-01
90 8.543680e-01 1.058400e-02 1.350480e-01
91 8.525800e-01 1.050000e-02 1.369200e-01
92 8.508520e-01 1.048800e-02 1.386600e-01
93 8.491440e-01 1.038800e-02 1.404680e-01
94 8.474880e-01 1.023200e-02 1.422800e-01
95 8.457880e-01 1.020000e-02 1.440120e-01
96 8.440760e-01 1.019600e-02 1.457280e-01
97 8.423920e-01 9.980000e-03 1.476280e-01
98 8.405400e-01 1.011200e-02 1.493480e-01
99 8.389520e-01 9.864000e-03 1.511840e-01
100 8.373160e-01 9.772000e-03 1.529120e-01
101 8.358040e-01 9.548000e-03 1.546480e-01
102 8.342480e-01 9.524000e-03 1.562280e-01
103 8.325760e-01 9.656000e-03 1.577680e-01
104 8.310000e-01 9.576000e-03 1.594240e-01
105 8.294080e-01 9.544000e-03 1.610480e-01
106 8.277560e-01 9.460000e-03 1.627840e-01
107 8.262720e-01 9.308000e-03 1.644200e-01
108 8.245960e-01 9.296000e-03 1.661080e-01
109 8.231160e-01 9.184000e-03 1.677000e-01
110 8.217440e-01 8.968000e-03 1.692880e-01
111 8.203560e-01 8.744000e-03 1.709000e-01
112 8.190520e-01 8.588000e-03 1.723600e-01
113 8.178480e-01 8.352000e-03 1.738000e-01
114 8.164800e-01 8.464000e-03 1.750560e-01
115 8.152440e-01 8.264000e-03 1.764920e-01
116 8.139520e-01 8.220000e-03 1.778280e-01
117 8.125960e-01 8.212000e-03 1.791920e-01
118 8.113560e-01 7.984000e-03 1.806600e-01
119 8.100480e-01 7.872000e-03 1.820800e-01
120 8.087680e-01 7.736000e-03 1.834960e-01
121 8.075200e-01 7.620000e-03 1.848600e-01
122 8.061600e-01 7.616000e-03 1.862240e-01
123 8.050520e-01 7.412000e-03 1.875360e-01
124 8.038960e-01 7.224000e-03 1.888800e-01
125 8.027400e-01 7.164000e-03 1.900960e-01
126 8.016080e-01 7.104000e-03 1.912880e-01
127 8.004520e-01 6.976000e-03 1.925720e-01
128 7.991880e-01 7.036000e-03 1.937760e-01
129 7.981080e-01 6.824000e-03 1.950680e-01
130 7.970320e-01 6.680000e-03 1.962880e-01
131 7.959600e-01 6.588000e-03 1.974520e-01
132 7.948000e-01 6.552000e-03 1.986480e-01
133 7.939240e-01 6.272000e-03 1.998040e-01
134 7.928280e-01 6.264000e-03 2.009080e-01
135 7.917880e-01 6.368000e-03 2.018440e-01
136 7.905760e-01 6.400000e-03 2.030240e-01
137 7.894040e-01 6.496000e-03 2.041000e-01
138 7.882240e-01 6.544000e-03 2.052320e-01
139 7.870800e-01 6.524000e-03 2.063960e-01
140 7.859040e-01 6.476000e-03 2.076200e-01
141 7.846640e-01 6.464000e-03 2.088720e-01
142 7.836480e-01 6.336000e-03 2.100160e-01
143 7.824160e-01 6.444000e-03 2.111400e-01
144 7.813760e-01 6.388000e-03 2.122360e-01
145 7.803960e-01 6.248000e-03 2.133560e-01
146 7.793080e-01 6.156000e-03 2.145360e-01
147 7.783560e-01 6.048000e-03 2.155960e-01
148 7.773920e-01 6.020000e-03 2.165880e-01
149 7.763680e-01 5.912000e-03 2.177200e-01
150 7.752800e-01 5.976000e-03 2.187440e-01
151 7.742160e-01 6.108000e-03 2.196760e-01
152 7.731000e-01 6.120000e-03 2.207800e-01
153 7.721080e-01 6.020000e-03 2.218720e-01
154 7.710960e-01 5.908000e-03 2.229960e-01
155 7.700080e-01 5.976000e-03 2.240160e-01
156 7.689120e-01 6.028000e-03 2.250600e-01
157 7.679400e-01 5.844000e-03 2.262160e-01
158 7.669240e-01 5.832000e-03 2.272440e-01
159 7.659400e-01 5.952000e-03 2.281080e-01
160 7.648800e-01 5.944000e-03 2.291760e-01
161 7.638640e-01 5.920000e-03 2.302160e-01
162 7.628360e-01 5.952000e-03 2.312120e-01
163 7.618080e-01 5.816000e-03 2.323760e-01
164 7.609760e-01 5.532000e-03 2.334920e-01
165 7.600000e-01 5.544000e-03 2.344560e-01
166 7.592400e-01 5.268000e-03 2.354920e-01
167 7.582640e-01 5.340000e-03 2.363960e-01
168 7.572880e-01 5.400000e-03 2.373120e-01
169 7.563360e-01 5.512000e-03 2.381520e-01
170 7.553400e-01 5.556000e-03 2.391040e-01
171 7.543560e-01 5.568000e-03 2.400760e-01
172 7.533560e-01 5.672000e-03 2.409720e-01
173 7.522360e-01 5.884000e-03 2.418800e-01
174 7.510280e-01 5.996000e-03 2.429760e-01
175 7.499680e-01 6.028000e-03 2.440040e-01
176 7.490880e-01 5.784000e-03 2.451280e-01
177 7.481960e-01 5.708000e-03 2.460960e-01
178 7.473200e-01 5.564000e-03 2.471160e-01
179 7.464240e-01 5.452000e-03 2.481240e-01
180 7.454400e-01 5.412000e-03 2.491480e-01
181 7.444400e-01 5.436000e-03 2.501240e-01
182 7.435120e-01 5.468000e-03 2.510200e-01
183 7.426120e-01 5.452000e-03 2.519360e-01
184 7.416840e-01 5.448000e-03 2.528680e-01
185 7.408720e-01 5.236000e-03 2.538920e-01
186 7.399840e-01 5.276000e-03 2.547400e-01
187 7.390880e-01 5.212000e-03 2.557000e-01
188 7.382480e-01 5.140000e-03 2.566120e-01
189 7.373520e-01 5.144000e-03 2.575040e-01
190 7.363600e-01 5.240000e-03 2.584000e-01
191 7.354840e-01 5.124000e-03 2.593920e-01
192 7.346160e-01 5.096000e-03 2.602880e-01
193 7.337080e-01 5.168000e-03 2.611240e-01
194 7.327400e-01 5.168000e-03 2.620920e-01
195 7.318600e-01 5.200000e-03 2.629400e-01
196 7.309680e-01 5.192000e-03 2.638400e-01
197 7.301680e-01 5.160000e-03 2.646720e-01
198 7.292040e-01 5.240000e-03 2.655560e-01
199 7.282600e-01 5.284000e-03 2.664560e-01
200 7.272840e-01 5.348000e-03 2.673680e-01
201 7.263920e-01 5.344000e-03 2.682640e-01
202 7.254920e-01 5.332000e-03 2.691760e-01
203 7.247480e-01 5.120000e-03 2.701320e-01
204 7.239840e-01 5.000000e-03 2.710160e-01
205 7.233040e-01 4.820000e-03 2.718760e-01
206 7.224680e-01 4.876000e-03 2.726560e-01
207 7.217400e-01 4.808000e-03 2.734520e-01
208 7.210480e-01 4.684000e-03 2.742680e-01
209 7.202640e-01 4.636000e-03 2.751000e-01
210 7.195040e-01 4.612000e-03 2.758840e-01
211 7.186400e-01 4.740000e-03 2.766200e-01
212 7.177360e-01 4.860000e-03 2.774040e-01
213 7.169000e-01 4.776000e-03 2.783240e-01
214 7.160440e-01 4.740000e-03 2.792160e-01
215 7.152600e-01 4.664000e-03 2.800760e-01
216 7.144000e-01 4.680000e-03 2.809200e-01
217 7.133920e-01 4.856000e-03 2.817520e-01
218 7.124880e-01 4.852000e-03 2.826600e-01
219 7.117160e-01 4.764000e-03 2.835200e-01
220 7.108040e-01 4.832000e-03 2.843640e-01
221 7.098920e-01 4.956000e-03 2.851520e-01
222 7.092520e-01 4.756000e-03 2.859920e-01
223 7.085480e-01 4.660000e-03 2.867920e-01
224 7.078320e-01 4.576000e-03 2.875920e-01
225 7.070080e-01 4.712000e-03 2.882800e-01
226 7.062400e-01 4.700000e-03 2.890600e-01
227 7.053760e-01 4.748000e-03 2.898760e-01
228 7.046240e-01 4.668000e-03 2.907080e-01
229 7.038400e-01 4.732000e-03 2.914280e-01
230 7.030920e-01 4.720000e-03 2.921880e-01
231 7.022320e-01 4.688000e-03 2.930800e-01
232 7.014360e-01 4.716000e-03 2.938480e-01
233 7.005760e-01 4.840000e-03 2.945840e-01
234 6.997840e-01 4.672000e-03 2.955440e-01
235 6.989720e-01 4.612000e-03 2.964160e-01
236 6.981760e-01 4.644000e-03 2.971800e-01
237 6.974880e-01 4.528000e-03 2.979840e-01
238 6.967920e-01 4.332000e-03 2.988760e-01
239 6.960880e-01 4.308000e-03 2.996040e-01
240 6.954840e-01 4.224000e-03 3.002920e-01
241 6.947880e-01 4.264000e-03 3.009480e-01
242 6.941360e-01 4.184000e-03 3.016800e-01
243 6.934920e-01 4.136000e-03 3.023720e-01
244 6.927360e-01 4.140000e-03 3.031240e-01
245 6.919920e-01 4.144000e-03 3.038640e-01
246 6.913040e-01 4.132000e-03 3.045640e-01
247 6.905480e-01 4.160000e-03 3.052920e-01
248 6.898520e-01 4.212000e-03 3.059360e-01
249 6.891440e-01 4.192000e-03 3.066640e-01
250 6.885400e-01 4.044000e-03 3.074160e-01
251 6.878040e-01 4.088000e-03 3.081080e-01
252 6.871560e-01 4.100000e-03 3.087440e-01
253 6.865000e-01 4.004000e-03 3.094960e-01
254 6.858320e-01 3.940000e-03 3.102280e-01
255 6.852000e-01 3.948000e-03 3.108520e-01
256 6.845280e-01 3.840000e-03 3.116320e-01
257 6.838600e-01 3.860000e-03 3.122800e-01
258 6.832960e-01 3.760000e-03 3.129440e-01
259 6.826880e-01 3.732000e-03 3.135800e-01
260 6.820520e-01 3.736000e-03 3.142120e-01
261 6.814800e-01 3.704000e-03 3.148160e-01
262 6.808960e-01 3.636000e-03 3.154680e-01
263 6.803280e-01 3.588000e-03 3.160840e-01
264 6.798040e-01 3.460000e-03 3.167360e-01
265 6.792680e-01 3.336000e-03 3.173960e-01
266 6.787280e-01 3.352000e-03 3.179200e-01
267 6.782640e-01 3.308000e-03 3.184280e-01
268 6.778480e-01 3.128000e-03 3.190240e-01
269 6.774000e-01 3.048000e-03 3.195520e-01
270 6.769320e-01 2.920000e-03 3.201480e-01
271 6.764320e-01 2.904000e-03 3.206640e-01
272 6.759280e-01 2.888000e-03 3.211840e-01
273 6.754400e-01 2.912000e-03 3.216480e-01
274 6.749040e-01 2.976000e-03 3.221200e-01
275 6.744240e-01 2.952000e-03 3.226240e-01
276 6.739560e-01 2.876000e-03 3.231680e-01
277 6.735200e-01 2.852000e-03 3.236280e-01
278 6.730560e-01 2.816000e-03 3.241280e-01
279 6.726120e-01 2.764000e-03 3.246240e-01
280 6.721080e-01 2.816000e-03 3.250760e-01
281 6.715960e-01 2.856000e-03 3.255480e-01
282 6.711000e-01 2.832000e-03 3.260680e-01
283 6.705640e-01 2.828000e-03 3.266080e-01
284 6.699800e-01 2.860000e-03 3.271600e-01
285 6.694920e-01 2.820000e-03 3.276880e-01
286 6.689840e-01 2.872000e-03 3.281440e-01
287 6.685040e-01 2.868000e-03 3.286280e-01
288 6.679880e-01 2.808000e-03 3.292040e-01
289 6.675000e-01 2.800000e-03 3.297000e-01
290 6.670240e-01 2.796000e-03 3.301800e-01
291 6.665800e-01 2.792000e-03 3.306280e-01
292 6.660840e-01 2.844000e-03 3.310720e-01
293 6.655560e-01 2.900000e-03 3.315440e-01
294 6.650880e-01 2.812000e-03 3.321000e-01
295 6.646320e-01 2.744000e-03 3.326240e-01
296 6.642080e-01 2.688000e-03 3.331040e-01
297 6.638160e-01 2.620000e-03 3.335640e-01
298 6.634160e-01 2.592000e-03 3.339920e-01
299 6.630200e-01 2.564000e-03 3.344160e-01
300 6.625480e-01 2.600000e-03 3.348520e-01
301 6.620560e-01 2.612000e-03 3.353320e-01
302 6.615720e-01 2.644000e-03 3.357840e-01
303 6.611560e-01 2.540000e-03 3.363040e-01
304 6.608200e-01 2.480000e-03 3.367000e-01
305 6.604400e-01 2.412000e-03 3.371480e-01
306 6.600720e-01 2.424000e-03 3.375040e-01
307 6.597720e-01 2.324000e-03 3.379040e-01
308 6.593960e-01 2.280000e-03 3.383240e-01
309 6.590360e-01 2.244000e-03 3.387200e-01
310 6.587080e-01 2.220000e-03 3.390720e-01
311 6.584200e-01 2.108000e-03 3.394720e-01
312 6.580640e-01 2.092000e-03 3.398440e-01
313 6.577160e-01 2.064000e-03 3.402200e-01
314 6.574720e-01 1.948000e-03 3.405800e-01
315 6.571760e-01 1.896000e-03 3.409280e-01
316 6.569080e-01 1.856000e-03 3.412360e-01
317 6.565680e-01 1.948000e-03 3.414840e-01
318 6.562120e-01 1.944000e-03 3.418440e-01
319 6.559080e-01 1.956000e-03 3.421360e-01
320 6.556400e-01 1.896000e-03 3.424640e-01
321 6.553520e-01 1.840000e-03 3.428080e-01
322 6.550400e-01 1.808000e-03 3.431520e-01
323 6.547560e-01 1.820000e-03 3.434240e-01
324 6.544120e-01 1.832000e-03 3.437560e-01
325 6.541080e-01 1.772000e-03 3.441200e-01
326 6.538080e-01 1.784000e-03 3.444080e-01
327 6.535280e-01 1.736000e-03 3.447360e-01
328 6.532080e-01 1.744000e-03 3.450480e-01
329 6.529280e-01 1.720000e-03 3.453520e-01
330 6.526480e-01 1.748000e-03 3.456040e-01
331 6.523400e-01 1.764000e-03 3.458960e-01
332 6.520520e-01 1.716000e-03 3.462320e-01
333 6.518600e-01 1.592000e-03 3.465480e-01
334 6.516680e-01 1.548000e-03 3.467840e-01
335 6.514000e-01 1.544000e-03 3.470560e-01
336 6.510600e-01 1.604000e-03 3.473360e-01
337 6.507720e-01 1.608000e-03 3.476200e-01
338 6.505080e-01 1.644000e-03 3.478480e-01
339 6.502440e-01 1.648000e-03 3.481080e-01
340 6.499160e-01 1.720000e-03 3.483640e-01
341 6.495880e-01 1.780000e-03 3.486320e-01
342 6.492840e-01 1.764000e-03 3.489520e-01
343 6.489760e-01 1.768000e-03 3.492560e-01
344 6.487200e-01 1.692000e-03 3.495880e-01
345 6.484920e-01 1.624000e-03 3.498840e-01
346 6.482560e-01 1.560000e-03 3.501840e-01
347 6.479920e-01 1.544000e-03 3.504640e-01
348 6.477840e-01 1.496000e-03 3.507200e-01
349 6.474800e-01 1.480000e-03 3.510400e-01
350 6.472440e-01 1.460000e-03 3.512960e-01
351 6.468720e-01 1.576000e-03 3.515520e-01
352 6.466000e-01 1.580000e-03 3.518200e-01
353 6.463440e-01 1.548000e-03 3.521080e-01
354 6.461640e-01 1.476000e-03 3.523600e-01
355 6.459640e-01 1.432000e-03 3.526040e-01
356 6.457880e-01 1.336000e-03 3.528760e-01
357 6.456480e-01 1.244000e-03 3.531080e-01
358 6.454480e-01 1.188000e-03 3.533640e-01
359 6.452280e-01 1.188000e-03 3.535840e-01
360 6.449880e-01 1.212000e-03 3.538000e-01
361 6.447840e-01 1.244000e-03 3.539720e-01
362 6.445240e-01 1.280000e-03 3.541960e-01
363 6.443400e-01 1.248000e-03 3.544120e-01
364 6.441480e-01 1.244000e-03 3.546080e-01
365 6.439840e-01 1.196000e-03 3.548200e-01
366 6.438320e-01 1.136000e-03 3.550320e-01
367 6.436680e-01 1.112000e-03 3.552200e-01
368 6.435400e-01 1.068000e-03 3.553920e-01
369 6.433960e-01 1.036000e-03 3.555680e-01
370 6.432400e-01 9.880000e-04 3.557720e-01
371 6.430640e-01 9.840000e-04 3.559520e-01
372 6.428720e-01 1.040000e-03 3.560880e-01
373 6.426720e-01 1.028000e-03 3.563000e-01
374 6.425000e-01 1.000000e-03 3.565000e-01
375 6.422960e-01 1.060000e-03 3.566440e-01
376 6.421080e-01 1.040000e-03 3.568520e-01
377 6.419640e-01 1.020000e-03 3.570160e-01
378 6.417360e-01 1.076000e-03 3.571880e-01
379 6.416080e-01 1.024000e-03 3.573680e-01
380 6.413960e-01 1.068000e-03 3.575360e-01
381 6.411600e-01 1.096000e-03 3.577440e-01
382 6.409360e-01 1.128000e-03 3.579360e-01
383 6.407360e-01 1.048000e-03 3.582160e-01
384 6.405440e-01 1.040000e-03 3.584160e-01
385 6.403800e-01 1.040000e-03 3.585800e-01
386 6.402240e-01 9.640000e-04 3.588120e-01
387 6.400560e-01 9.560000e-04 3.589880e-01
388 6.399000e-01 9.200000e-04 3.591800e-01
389 6.397760e-01 8.720000e-04 3.593520e-01
390 6.396840e-01 8.000000e-04 3.595160e-01
391 6.395720e-01 7.800000e-04 3.596480e-01
392 6.394560e-01 7.680000e-04 3.597760e-01
393 6.393720e-01 7.320000e-04 3.598960e-01
394 6.392600e-01 6.920000e-04 3.600480e-01
395 6.391680e-01 6.600000e-04 3.601720e-01
396 6.390680e-01 6.400000e-04 3.602920e-01
397 6.389440e-01 6.640000e-04 3.603920e-01
398 6.388200e-01 6.560000e-04 3.605240e-01
399 6.386880e-01 6.240000e-04 3.606880e-01
400 6.385920e-01 6.080000e-04 3.608000e-01
401 6.384720e-01 6.200000e-04 3.609080e-01
402 6.383240e-01 6.320000e-04 3.610440e-01
403 6.381960e-01 6.720000e-04 3.611320e-01
404 6.380720e-01 7.200000e-04 3.612080e-01
405 6.379880e-01 6.760000e-04 3.613360e-01
406 6.378440e-01 6.960000e-04 3.614600e-01
407 6.377320e-01 7.200000e-04 3.615480e-01
408 6.376440e-01 6.640000e-04 3.616920e-01
409 6.375200e-01 6.680000e-04 3.618120e-01
410 6.373960e-01 7.040000e-04 3.619000e-01
411 6.372600e-01 6.840000e-04 3.620560e-01
412 6.371200e-01 6.880000e-04 3.621920e-01
413 6.369720e-01 6.680000e-04 3.623600e-01
414 6.368400e-01 6.760000e-04 3.624840e-01
415 6.367400e-01 6.160000e-04 3.626440e-01
416 6.366240e-01 6.080000e-04 3.627680e-01
417 6.365400e-01 6.320000e-04 3.628280e-01
418 6.364080e-01 6.080000e-04 3.629840e-01
419 6.362920e-01 6.560000e-04 3.630520e-01
420 6.361360e-01 6.800000e-04 3.631840e-01
421 6.360240e-01 6.800000e-04 3.632960e-01
422 6.359280e-01 6.320000e-04 3.634400e-01
423 6.358400e-01 6.200000e-04 3.635400e-01
424 6.357680e-01 5.800000e-04 3.636520e-01
425 6.356400e-01 5.560000e-04 3.638040e-01
426 6.355360e-01 5.920000e-04 3.638720e-01
427 6.354440e-01 6.040000e-04 3.639520e-01
428 6.353520e-01 6.160000e-04 3.640320e-01
429 6.352200e-01 6.800000e-04 3.641000e-01
430 6.350920e-01 7.080000e-04 3.642000e-01
431 6.349920e-01 6.640000e-04 3.643440e-01
432 6.348840e-01 6.320000e-04 3.644840e-01
433 6.347760e-01 6.640000e-04 3.645600e-01
434 6.346720e-01 6.760000e-04 3.646520e-01
435 6.345920e-01 6.400000e-04 3.647680e-01
436 6.345160e-01 6.160000e-04 3.648680e-01
437 6.344280e-01 6.120000e-04 3.649600e-01
438 6.343440e-01 5.880000e-04 3.650680e-01
439 6.343000e-01 5.000000e-04 3.652000e-01
440 6.342040e-01 5.160000e-04 3.652800e-01
441 6.341120e-01 5.200000e-04 3.653680e-01
442 6.340480e-01 5.120000e-04 3.654400e-01
443 6.339600e-01 5.040000e-04 3.655360e-01
444 6.338200e-01 5.520000e-04 3.656280e-01
445 6.337240e-01 5.400000e-04 3.657360e-01
446 6.336000e-01 5.800000e-04 3.658200e-01
447 6.335240e-01 5.480000e-04 3.659280e-01
448 6.334120e-01 5.800000e-04 3.660080e-01
449 6.332760e-01 5.920000e-04 3.661320e-01
450 6.331640e-01 6.160000e-04 3.662200e-01
451 6.330720e-01 5.760000e-04 3.663520e-01
452 6.329760e-01 5.800000e-04 3.664440e-01
453 6.329200e-01 5.320000e-04 3.665480e-01
454 6.327920e-01 5.880000e-04 3.666200e-01
455 6.327080e-01 5.480000e-04 3.667440e-01
456 6.326160e-01 5.400000e-04 3.668440e-01
457 6.325360e-01 5.000000e-04 3.669640e-01
458 6.324640e-01 4.640000e-04 3.670720e-01
459 6.323800e-01 4.680000e-04 3.671520e-01
460 6.322960e-01 4.600000e-04 3.672440e-01
461 6.322240e-01 4.520000e-04 3.673240e-01
462 6.321360e-01 4.600000e-04 3.674040e-01
463 6.320560e-01 4.680000e-04 3.674760e-01
464 6.319600e-01 4.800000e-04 3.675600e-01
465 6.319000e-01 4.680000e-04 3.676320e-01
466 6.318120e-01 4.760000e-04 3.677120e-01
467 6.317280e-01 4.720000e-04 3.678000e-01
468 6.316520e-01 4.560000e-04 3.678920e-01
469 6.315600e-01 4.640000e-04 3.679760e-01
470 6.314680e-01 4.880000e-04 3.680440e-01
471 6.314120e-01 4.720000e-04 3.681160e-01
472 6.313360e-01 4.600000e-04 3.682040e-01
473 6.312720e-01 4.360000e-04 3.682920e-01
474 6.312240e-01 4.080000e-04 3.683680e-01
475 6.311600e-01 4.080000e-04 3.684320e-01
476 6.311320e-01 3.680000e-04 3.685000e-01
477 6.310840e-01 3.520000e-04 3.685640e-01
478 6.310480e-01 3.320000e-04 3.686200e-01
479 6.310200e-01 3.160000e-04 3.686640e-01
480 6.309640e-01 3.040000e-04 3.687320e-01
481 6.309200e-01 2.880000e-04 3.687920e-01
482 6.308520e-01 2.880000e-04 3.688600e-01
483 6.308120e-01 2.680000e-04 3.689200e-01
484 6.307320e-01 3.000000e-04 3.689680e-01
485 6.306640e-01 2.920000e-04 3.690440e-01
486 6.305840e-01 3.280000e-04 3.690880e-01
487 6.305400e-01 3.040000e-04 3.691560e-01
488 6.304920e-01 3.160000e-04 3.691920e-01
489 6.304720e-01 3.000000e-04 3.692280e-01
490 6.304280e-01 3.080000e-04 3.692640e-01
491 6.303520e-01 3.320000e-04 3.693160e-01
492 6.302840e-01 3.560000e-04 3.693600e-01
493 6.302280e-01 3.320000e-04 3.694400e-01
494 6.301520e-01 3.560000e-04 3.694920e-01
495 6.300960e-01 3.440000e-04 3.695600e-01
496 6.300480e-01 3.240000e-04 3.696280e-01
497 6.299960e-01 3.280000e-04 3.696760e-01
498 6.299400e-01 3.360000e-04 3.697240e-01
499 6.298840e-01 3.160000e-04 3.698000e-01
500 6.298040e-01 3.560000e-04 3.698400e-01
