1 9.991840e-01 7.000000e-04 1.160000e-04
2 9.988240e-01 9.240000e-04 2.520000e-04
3 9.981680e-01 1.348000e-03 4.840000e-04
4 9.975960e-01 1.612000e-03 7.920000e-04
5 9.968840e-01 2.000000e-03 1.116000e-03
6 9.959760e-01 2.560000e-03 1.464000e-03
7 9.951040e-01 2.944000e-03 1.952000e-03
8 9.939840e-01 3.484000e-03 2.532000e-03
9 9.929600e-01 3.896000e-03 3.144000e-03
10 9.919760e-01 4.048000e-03 3.976000e-03
11 9.908920e-01 4.468000e-03 4.640000e-03
12 9.897720e-01 4.828000e-03 5.400000e-03
13 9.886280e-01 5.084000e-03 6.288000e-03
14 9.873680e-01 5.392000e-03 7.240000e-03
15 9.861720e-01 5.636000e-03 8.192000e-03
16 9.848800e-01 5.904000e-03 9.216000e-03
17 9.835120e-01 6.332000e-03 1.015600e-02
18 9.821760e-01 6.604000e-03 1.122000e-02
19 9.809040e-01 6.772000e-03 1.232400e-02
20 9.793640e-01 7.140000e-03 1.349600e-02
21 9.780280e-01 7.140000e-03 1.483200e-02
22 9.767080e-01 7.228000e-03 1.606400e-02
23 9.755760e-01 7.088000e-03 1.733600e-02
24 9.742000e-01 7.260000e-03 1.854000e-02
25 9.729600e-01 7.132000e-03 1.990800e-02
26 9.715520e-01 7.252000e-03 2.119600e-02
27 9.702120e-01 7.416000e-03 2.237200e-02
28 9.687240e-01 7.684000e-03 2.359200e-02
29 9.671920e-01 7.884000e-03 2.492400e-02
30 9.657640e-01 8.004000e-03 2.623200e-02
31 9.642560e-01 8.136000e-03 2.760800e-02
32 9.627720e-01 8.316000e-03 2.891200e-02
33 9.612080e-01 8.368000e-03 3.042400e-02
34 9.597720e-01 8.284000e-03 3.194400e-02
35 9.582560e-01 8.376000e-03 3.336800e-02
36 9.565640e-01 8.564000e-03 3.487200e-02
37 9.548400e-01 8.792000e-03 3.636800e-02
38 9.530720e-01 9.092000e-03 3.783600e-02
39 9.512200e-01 9.340000e-03 3.944000e-02
40 9.493560e-01 9.656000e-03 4.098800e-02
41 9.475560e-01 9.748000e-03 4.269600e-02
42 9.459160e-01 9.684000e-03 4.440000e-02
43 9.442320e-01 9.616000e-03 4.615200e-02
44 9.424560e-01 9.724000e-03 4.782000e-02
45 9.407280e-01 9.884000e-03 4.938800e-02
46 9.391360e-01 9.864000e-03 5.100000e-02
47 9.374760e-01 9.688000e-03 5.283600e-02
48 9.357640e-01 9.656000e-03 5.458000e-02
49 9.339880e-01 9.620000e-03 5.639200e-02
50 9.322200e-01 9.764000e-03 5.801600e-02
51 9.304760e-01 9.776000e-03 5.974800e-02
52 9.287440e-01 9.808000e-03 6.144800e-02
53 9.270360e-01 9.700000e-03 6.326400e-02
54 9.253080e-01 9.752000e-03 6.494000e-02
55 9.234920e-01 9.884000e-03 6.662400e-02
56 9.215840e-01 9.904000e-03 6.851200e-02
57 9.199080e-01 9.804000e-03 7.028800e-02
58 9.181240e-01 9.928000e-03 7.194800e-02
59 9.162480e-01 9.940000e-03 7.381200e-02
60 9.143880e-01 9.968000e-03 7.564400e-02
61 9.125120e-01 1.016400e-02 7.732400e-02
62 9.106920e-01 1.013600e-02 7.917200e-02
63 9.088720e-01 1.019600e-02 8.093200e-02
64 9.071320e-01 1.016800e-02 8.270000e-02
65 9.053040e-01 1.028400e-02 8.441200e-02
66 9.035800e-01 1.026000e-02 8.616000e-02
67 9.018040e-01 1.026400e-02 8.793200e-02
68 8.999640e-01 1.030400e-02 8.973200e-02
69 8.981720e-01 1.030400e-02 9.152400e-02
70 8.964480e-01 1.022000e-02 9.333200e-02
71 8.946120e-01 1.015200e-02 9.523600e-02
72 8.928840e-01 9.964000e-03 9.715200e-02
73 8.911360e-01 9.992000e-03 9.887200e-02
74 8.893160e-01 1.011600e-02 1.005680e-01
75 8.875720e-01 1.012800e-02 1.023000e-01
76 8.857880e-01 1.026800e-02 1.039440e-01
77 8.840160e-01 1.020000e-02 1.057840e-01
78 8.822160e-01 1.017600e-02 1.076080e-01
79 8.804680e-01 1.003200e-02 1.095000e-01
80 8.785880e-01 1.008400e-02 1.113280e-01
81 8.767120e-01 1.015200e-02 1.131360e-01
82 8.748080e-01 1.032800e-02 1.148640e-01
83 8.728120e-01 1.054800e-02 1.166400e-01
84 8.709960e-01 1.043600e-02 1.185680e-01
85 8.691800e-01 1.054800e-02 1.202720e-01
86 8.674160e-01 1.039200e-02 1.221920e-01
87 8.656000e-01 1.046000e-02 1.239400e-01
88 8.639640e-01 1.029200e-02 1.257440e-01
89 8.621080e-01 1.038000e-02 1.275120e-01
90 8.602600e-01 1.040800e-02 1.293320e-01
91 8.585800e-01 1.029600e-02 1.311240e-01
92 8.568400e-01 1.032800e-02 1.328320e-01
93 8.550840e-01 1.025600e-02 1.346600e-01
94 8.531560e-01 1.032800e-02 1.365160e-01
95 8.511840e-01 1.058000e-02 1.382360e-01
96 8.494560e-01 1.038400e-02 1.401600e-01
97 8.474920e-01 1.048800e-02 1.420200e-01
98 8.457320e-01 1.044000e-02 1.438280e-01
99 8.440400e-01 1.027600e-02 1.456840e-01
100 8.423520e-01 1.020800e-02 1.474400e-01
101 8.406280e-01 1.012400e-02 1.492480e-01
102 8.389760e-01 9.932000e-03 1.510920e-01
103 8.373880e-01 9.800000e-03 1.528120e-01
104 8.357680e-01 9.564000e-03 1.546680e-01
105 8.341480e-01 9.612000e-03 1.562400e-01
106 8.325000e-01 9.628000e-03 1.578720e-01
107 8.308160e-01 9.608000e-03 1.595760e-01
108 8.291040e-01 9.680000e-03 1.612160e-01
109 8.274680e-01 9.644000e-03 1.628880e-01
110 8.258560e-01 9.576000e-03 1.645680e-01
111 8.242760e-01 9.576000e-03 1.661480e-01
112 8.228400e-01 9.304000e-03 1.678560e-01
113 8.210600e-01 9.440000e-03 1.695000e-01
114 8.194920e-01 9.408000e-03 1.711000e-01
115 8.178040e-01 9.324000e-03 1.728720e-01
116 8.161840e-01 9.316000e-03 1.745000e-01
117 8.145880e-01 9.264000e-03 1.761480e-01
118 8.131280e-01 9.048000e-03 1.778240e-01
119 8.117280e-01 8.780000e-03 1.794920e-01
120 8.102680e-01 8.676000e-03 1.810560e-01
121 8.087720e-01 8.648000e-03 1.825800e-01
122 8.074160e-01 8.612000e-03 1.839720e-01
123 8.060760e-01 8.436000e-03 1.854880e-01
124 8.047520e-01 8.352000e-03 1.868960e-01
125 8.033560e-01 8.312000e-03 1.883320e-01
126 8.018720e-01 8.368000e-03 1.897600e-01
127 8.004320e-01 8.432000e-03 1.911360e-01
128 7.989720e-01 8.360000e-03 1.926680e-01
129 7.974480e-01 8.460000e-03 1.940920e-01
130 7.960080e-01 8.556000e-03 1.954360e-01
131 7.945560e-01 8.520000e-03 1.969240e-01
132 7.931920e-01 8.444000e-03 1.983640e-01
133 7.917600e-01 8.300000e-03 1.999400e-01
134 7.904320e-01 8.256000e-03 2.013120e-01
135 7.890120e-01 8.272000e-03 2.027160e-01
136 7.876800e-01 8.192000e-03 2.041280e-01
137 7.861800e-01 8.120000e-03 2.057000e-01
138 7.848760e-01 7.976000e-03 2.071480e-01
139 7.835560e-01 7.856000e-03 2.085880e-01
140 7.821840e-01 7.908000e-03 2.099080e-01
141 7.810000e-01 7.820000e-03 2.111800e-01
142 7.796800e-01 7.820000e-03 2.125000e-01
143 7.784040e-01 7.876000e-03 2.137200e-01
144 7.770280e-01 7.980000e-03 2.149920e-01
145 7.754760e-01 8.136000e-03 2.163880e-01
146 7.740920e-01 8.176000e-03 2.177320e-01
147 7.727360e-01 8.064000e-03 2.192000e-01
148 7.712720e-01 8.160000e-03 2.205680e-01
149 7.699200e-01 8.080000e-03 2.220000e-01
150 7.686000e-01 8.044000e-03 2.233560e-01
151 7.672320e-01 7.980000e-03 2.247880e-01
152 7.658720e-01 8.044000e-03 2.260840e-01
153 7.646320e-01 7.896000e-03 2.274720e-01
154 7.634320e-01 7.656000e-03 2.289120e-01
155 7.620880e-01 7.580000e-03 2.303320e-01
156 7.607400e-01 7.648000e-03 2.316120e-01
157 7.593360e-01 7.748000e-03 2.329160e-01
158 7.580720e-01 7.620000e-03 2.343080e-01
159 7.566880e-01 7.708000e-03 2.356040e-01
160 7.553600e-01 7.656000e-03 2.369840e-01
161 7.540440e-01 7.680000e-03 2.382760e-01
162 7.526720e-01 7.648000e-03 2.396800e-01
163 7.513640e-01 7.584000e-03 2.410520e-01
164 7.502200e-01 7.408000e-03 2.423720e-01
165 7.490240e-01 7.328000e-03 2.436480e-01
166 7.475960e-01 7.312000e-03 2.450920e-01
167 7.464320e-01 7.168000e-03 2.464000e-01
168 7.452680e-01 7.116000e-03 2.476160e-01
169 7.441200e-01 6.988000e-03 2.488920e-01
170 7.429520e-01 7.016000e-03 2.500320e-01
171 7.416880e-01 6.996000e-03 2.513160e-01
172 7.405280e-01 6.956000e-03 2.525160e-01
173 7.394200e-01 6.808000e-03 2.537720e-01
174 7.383520e-01 6.696000e-03 2.549520e-01
175 7.371400e-01 6.636000e-03 2.562240e-01
176 7.360200e-01 6.500000e-03 2.574800e-01
177 7.349280e-01 6.372000e-03 2.587000e-01
178 7.338560e-01 6.292000e-03 2.598520e-01
179 7.328640e-01 6.224000e-03 2.609120e-01
180 7.317120e-01 6.264000e-03 2.620240e-01
181 7.305760e-01 6.276000e-03 2.631480e-01
182 7.294040e-01 6.304000e-03 2.642920e-01
183 7.283400e-01 6.116000e-03 2.655440e-01
184 7.272640e-01 6.104000e-03 2.666320e-01
185 7.263040e-01 6.112000e-03 2.675840e-01
186 7.253200e-01 5.992000e-03 2.686880e-01
187 7.242160e-01 6.036000e-03 2.697480e-01
188 7.231120e-01 6.092000e-03 2.707960e-01
189 7.220240e-01 6.128000e-03 2.718480e-01
190 7.209240e-01 6.172000e-03 2.729040e-01
191 7.198720e-01 6.152000e-03 2.739760e-01
192 7.187960e-01 6.212000e-03 2.749920e-01
193 7.176960e-01 6.212000e-03 2.760920e-01
194 7.165880e-01 6.260000e-03 2.771520e-01
195 7.153880e-01 6.408000e-03 2.782040e-01
196 7.143000e-01 6.408000e-03 2.792920e-01
197 7.132760e-01 6.232000e-03 2.804920e-01
198 7.122760e-01 6.248000e-03 2.814760e-01
199 7.112320e-01 6.180000e-03 2.825880e-01
200 7.101840e-01 6.112000e-03 2.837040e-01
201 7.088720e-01 6.248000e-03 2.848800e-01
202 7.077960e-01 6.232000e-03 2.859720e-01
203 7.066720e-01 6.224000e-03 2.871040e-01
204 7.055560e-01 6.236000e-03 2.882080e-01
205 7.043960e-01 6.276000e-03 2.893280e-01
206 7.034480e-01 6.100000e-03 2.904520e-01
207 7.023800e-01 6.088000e-03 2.915320e-01
208 7.014400e-01 6.024000e-03 2.925360e-01
209 7.005720e-01 5.684000e-03 2.937440e-01
210 6.996160e-01 5.584000e-03 2.948000e-01
211 6.986080e-01 5.544000e-03 2.958480e-01
212 6.975960e-01 5.560000e-03 2.968440e-01
213 6.966360e-01 5.488000e-03 2.978760e-01
214 6.955920e-01 5.516000e-03 2.988920e-01
215 6.946240e-01 5.512000e-03 2.998640e-01
216 6.936680e-01 5.568000e-03 3.007640e-01
217 6.927880e-01 5.444000e-03 3.017680e-01
218 6.918760e-01 5.572000e-03 3.025520e-01
219 6.910840e-01 5.348000e-03 3.035680e-01
220 6.902360e-01 5.344000e-03 3.044200e-01
221 6.893200e-01 5.408000e-03 3.052720e-01
222 6.884280e-01 5.360000e-03 3.062120e-01
223 6.875680e-01 5.212000e-03 3.072200e-01
224 6.867600e-01 5.040000e-03 3.082000e-01
225 6.859760e-01 4.936000e-03 3.090880e-01
226 6.850720e-01 5.040000e-03 3.098880e-01
227 6.841800e-01 5.124000e-03 3.106960e-01
228 6.832880e-01 5.104000e-03 3.116080e-01
229 6.826160e-01 4.932000e-03 3.124520e-01
230 6.819040e-01 4.732000e-03 3.133640e-01
231 6.811080e-01 4.712000e-03 3.141800e-01
232 6.802880e-01 4.672000e-03 3.150400e-01
233 6.794920e-01 4.664000e-03 3.158440e-01
234 6.785960e-01 4.808000e-03 3.165960e-01
235 6.777440e-01 4.844000e-03 3.174120e-01
236 6.769960e-01 4.748000e-03 3.182560e-01
237 6.761800e-01 4.764000e-03 3.190560e-01
238 6.754120e-01 4.740000e-03 3.198480e-01
239 6.746560e-01 4.600000e-03 3.207440e-01
240 6.738040e-01 4.672000e-03 3.215240e-01
241 6.730920e-01 4.524000e-03 3.223840e-01
242 6.723520e-01 4.536000e-03 3.231120e-01
243 6.716800e-01 4.492000e-03 3.238280e-01
244 6.709800e-01 4.496000e-03 3.245240e-01
245 6.703720e-01 4.324000e-03 3.253040e-01
246 6.696680e-01 4.248000e-03 3.260840e-01
247 6.688800e-01 4.300000e-03 3.268200e-01
248 6.681600e-01 4.164000e-03 3.276760e-01
249 6.675000e-01 4.056000e-03 3.284440e-01
250 6.668560e-01 3.964000e-03 3.291800e-01
251 6.661400e-01 3.956000e-03 3.299040e-01
252 6.653880e-01 3.992000e-03 3.306200e-01
253 6.647360e-01 3.984000e-03 3.312800e-01
254 6.640360e-01 4.008000e-03 3.319560e-01
255 6.632120e-01 4.004000e-03 3.327840e-01
256 6.626160e-01 3.900000e-03 3.334840e-01
257 6.618800e-01 3.960000e-03 3.341600e-01
258 6.612080e-01 3.972000e-03 3.348200e-01
259 6.606280e-01 3.772000e-03 3.356000e-01
260 6.600280e-01 3.696000e-03 3.362760e-01
261 6.593760e-01 3.752000e-03 3.368720e-01
262 6.588720e-01 3.616000e-03 3.375120e-01
263 6.583800e-01 3.444000e-03 3.381760e-01
264 6.578560e-01 3.452000e-03 3.386920e-01
265 6.573720e-01 3.284000e-03 3.393440e-01
266 6.568920e-01 3.224000e-03 3.398840e-01
267 6.563880e-01 3.144000e-03 3.404680e-01
268 6.558960e-01 3.020000e-03 3.410840e-01
269 6.553800e-01 3.000000e-03 3.416200e-01
270 6.548360e-01 2.964000e-03 3.422000e-01
271 6.544120e-01 2.848000e-03 3.427400e-01
272 6.538600e-01 2.932000e-03 3.432080e-01
273 6.531960e-01 3.064000e-03 3.437400e-01
274 6.526320e-01 3.104000e-03 3.442640e-01
275 6.519960e-01 3.276000e-03 3.447280e-01
276 6.514320e-01 3.208000e-03 3.453600e-01
277 6.508320e-01 3.288000e-03 3.458800e-01
278 6.502240e-01 3.288000e-03 3.464880e-01
279 6.496760e-01 3.332000e-03 3.469920e-01
280 6.491080e-01 3.268000e-03 3.476240e-01
281 6.486320e-01 3.168000e-03 3.482000e-01
282 6.481640e-01 3.172000e-03 3.486640e-01
283 6.477240e-01 2.956000e-03 3.493200e-01
284 6.471840e-01 2.888000e-03 3.499280e-01
285 6.467000e-01 2.968000e-03 3.503320e-01
286 6.462920e-01 2.852000e-03 3.508560e-01
287 6.458040e-01 2.828000e-03 3.513680e-01
288 6.453320e-01 2.808000e-03 3.518600e-01
289 6.449400e-01 2.716000e-03 3.523440e-01
290 6.445720e-01 2.624000e-03 3.528040e-01
291 6.441880e-01 2.596000e-03 3.532160e-01
292 6.438320e-01 2.552000e-03 3.536160e-01
293 6.434240e-01 2.536000e-03 3.540400e-01
294 6.429960e-01 2.552000e-03 3.544520e-01
295 6.424360e-01 2.736000e-03 3.548280e-01
296 6.419400e-01 2.792000e-03 3.552680e-01
297 6.414640e-01 2.760000e-03 3.557760e-01
298 6.410040e-01 2.688000e-03 3.563080e-01
299 6.405720e-01 2.668000e-03 3.567600e-01
300 6.400800e-01 2.732000e-03 3.571880e-01
301 6.396760e-01 2.692000e-03 3.576320e-01
302 6.391920e-01 2.688000e-03 3.581200e-01
303 6.387000e-01 2.676000e-03 3.586240e-01
304 6.382560e-01 2.684000e-03 3.590600e-01
305 6.378480e-01 2.656000e-03 3.594960e-01
306 6.373840e-01 2.640000e-03 3.599760e-01
307 6.369200e-01 2.656000e-03 3.604240e-01
308 6.365080e-01 2.616000e-03 3.608760e-01
309 6.360920e-01 2.584000e-03 3.613240e-01
310 6.356680e-01 2.528000e-03 3.618040e-01
311 6.352240e-01 2.548000e-03 3.622280e-01
312 6.348080e-01 2.504000e-03 3.626880e-01
313 6.343440e-01 2.552000e-03 3.631040e-01
314 6.339200e-01 2.524000e-03 3.635560e-01
315 6.334920e-01 2.560000e-03 3.639480e-01
316 6.330520e-01 2.524000e-03 3.644240e-01
317 6.326560e-01 2.548000e-03 3.647960e-01
318 6.321560e-01 2.592000e-03 3.652520e-01
319 6.317960e-01 2.464000e-03 3.657400e-01
320 6.314080e-01 2.448000e-03 3.661440e-01
321 6.310640e-01 2.408000e-03 3.665280e-01
322 6.306280e-01 2.420000e-03 3.669520e-01
323 6.302280e-01 2.420000e-03 3.673520e-01
324 6.298960e-01 2.348000e-03 3.677560e-01
325 6.294800e-01 2.360000e-03 3.681600e-01
326 6.291360e-01 2.284000e-03 3.685800e-01
327 6.288240e-01 2.192000e-03 3.689840e-01
328 6.285520e-01 2.148000e-03 3.693000e-01
329 6.282120e-01 2.204000e-03 3.695840e-01
330 6.278680e-01 2.120000e-03 3.700120e-01
331 6.275240e-01 2.056000e-03 3.704200e-01
332 6.272640e-01 1.960000e-03 3.707760e-01
333 6.269480e-01 1.932000e-03 3.711200e-01
334 6.266320e-01 1.940000e-03 3.714280e-01
335 6.262600e-01 1.940000e-03 3.718000e-01
336 6.259520e-01 1.880000e-03 3.721680e-01
337 6.256680e-01 1.796000e-03 3.725360e-01
338 6.253800e-01 1.764000e-03 3.728560e-01
339 6.250080e-01 1.752000e-03 3.732400e-01
340 6.246200e-01 1.748000e-03 3.736320e-01
341 6.242440e-01 1.784000e-03 3.739720e-01
342 6.239000e-01 1.816000e-03 3.742840e-01
343 6.235520e-01 1.860000e-03 3.745880e-01
344 6.232360e-01 1.868000e-03 3.748960e-01
345 6.228360e-01 1.956000e-03 3.752080e-01
346 6.224920e-01 1.944000e-03 3.755640e-01
347 6.221600e-01 1.964000e-03 3.758760e-01
348 6.218480e-01 1.956000e-03 3.761960e-01
349 6.215360e-01 1.876000e-03 3.765880e-01
350 6.212160e-01 1.848000e-03 3.769360e-01
351 6.208560e-01 1.872000e-03 3.772720e-01
352 6.205520e-01 1.868000e-03 3.775800e-01
353 6.202360e-01 1.808000e-03 3.779560e-01
354 6.198840e-01 1.844000e-03 3.782720e-01
355 6.196520e-01 1.788000e-03 3.785600e-01
356 6.193640e-01 1.720000e-03 3.789160e-01
357 6.190120e-01 1.800000e-03 3.791880e-01
358 6.186960e-01 1.764000e-03 3.795400e-01
359 6.183480e-01 1.848000e-03 3.798040e-01
360 6.180120e-01 1.864000e-03 3.801240e-01
361 6.176600e-01 1.900000e-03 3.804400e-01
362 6.173680e-01 1.868000e-03 3.807640e-01
363 6.170680e-01 1.788000e-03 3.811440e-01
364 6.167720e-01 1.772000e-03 3.814560e-01
365 6.164280e-01 1.828000e-03 3.817440e-01
366 6.160800e-01 1.884000e-03 3.820360e-01
367 6.157040e-01 1.900000e-03 3.823960e-01
368 6.152560e-01 2.088000e-03 3.826560e-01
369 6.147760e-01 2.164000e-03 3.830600e-01
370 6.143800e-01 2.200000e-03 3.834200e-01
371 6.140280e-01 2.140000e-03 3.838320e-01
372 6.135920e-01 2.104000e-03 3.843040e-01
373 6.133280e-01 1.992000e-03 3.846800e-01
374 6.130640e-01 1.896000e-03 3.850400e-01
375 6.127640e-01 1.928000e-03 3.853080e-01
376 6.124520e-01 1.820000e-03 3.857280e-01
377 6.120840e-01 1.852000e-03 3.860640e-01
378 6.118320e-01 1.768000e-03 3.864000e-01
379 6.115120e-01 1.760000e-03 3.867280e-01
380 6.112560e-01 1.644000e-03 3.871000e-01
381 6.110080e-01 1.680000e-03 3.873120e-01
382 6.107040e-01 1.696000e-03 3.876000e-01
383 6.104920e-01 1.636000e-03 3.878720e-01
384 6.102240e-01 1.660000e-03 3.881160e-01
385 6.099400e-01 1.628000e-03 3.884320e-01
386 6.097520e-01 1.508000e-03 3.887400e-01
387 6.093440e-01 1.684000e-03 3.889720e-01
388 6.090360e-01 1.760000e-03 3.892040e-01
389 6.087720e-01 1.716000e-03 3.895120e-01
390 6.084560e-01 1.744000e-03 3.898000e-01
391 6.081480e-01 1.772000e-03 3.900800e-01
392 6.079080e-01 1.660000e-03 3.904320e-01
393 6.076360e-01 1.624000e-03 3.907400e-01
394 6.074160e-01 1.568000e-03 3.910160e-01
395 6.071760e-01 1.540000e-03 3.912840e-01
396 6.069000e-01 1.544000e-03 3.915560e-01
397 6.066400e-01 1.532000e-03 3.918280e-01
398 6.063880e-01 1.524000e-03 3.920880e-01
399 6.061320e-01 1.516000e-03 3.923520e-01
400 6.059160e-01 1.484000e-03 3.926000e-01
401 6.056760e-01 1.488000e-03 3.928360e-01
402 6.053920e-01 1.500000e-03 3.931080e-01
403 6.051920e-01 1.400000e-03 3.934080e-01
404 6.049880e-01 1.376000e-03 3.936360e-01
405 6.047760e-01 1.376000e-03 3.938480e-01
406 6.044840e-01 1.448000e-03 3.940680e-01
407 6.041440e-01 1.512000e-03 3.943440e-01
408 6.038480e-01 1.588000e-03 3.945640e-01
409 6.035840e-01 1.528000e-03 3.948880e-01
410 6.033280e-01 1.512000e-03 3.951600e-01
411 6.030440e-01 1.512000e-03 3.954440e-01
412 6.028400e-01 1.448000e-03 3.957120e-01
413 6.025640e-01 1.464000e-03 3.959720e-01
414 6.023320e-01 1.420000e-03 3.962480e-01
415 6.021880e-01 1.328000e-03 3.964840e-01
416 6.019400e-01 1.372000e-03 3.966880e-01
417 6.016800e-01 1.376000e-03 3.969440e-01
418 6.014600e-01 1.336000e-03 3.972040e-01
419 6.012280e-01 1.344000e-03 3.974280e-01
420 6.009760e-01 1.316000e-03 3.977080e-01
421 6.007480e-01 1.272000e-03 3.979800e-01
422 6.005280e-01 1.296000e-03 3.981760e-01
423 6.003320e-01 1.292000e-03 3.983760e-01
424 6.001440e-01 1.260000e-03 3.985960e-01
425 5.999360e-01 1.240000e-03 3.988240e-01
426 5.996880e-01 1.252000e-03 3.990600e-01
427 5.995080e-01 1.220000e-03 3.992720e-01
428 5.993400e-01 1.196000e-03 3.994640e-01
429 5.991480e-01 1.216000e-03 3.996360e-01
430 5.989760e-01 1.204000e-03 3.998200e-01
431 5.987880e-01 1.116000e-03 4.000960e-01
432 5.986360e-01 1.112000e-03 4.002520e-01
433 5.985120e-01 1.016000e-03 4.004720e-01
434 5.983680e-01 1.004000e-03 4.006280e-01
435 5.982440e-01 9.600000e-04 4.007960e-01
436 5.981400e-01 9.360000e-04 4.009240e-01
437 5.980120e-01 9.320000e-04 4.010560e-01
438 5.978640e-01 9.120000e-04 4.012240e-01
439 5.977720e-01 8.680000e-04 4.013600e-01
440 5.976320e-01 8.520000e-04 4.015160e-01
441 5.975320e-01 8.360000e-04 4.016320e-01
442 5.973960e-01 8.320000e-04 4.017720e-01
443 5.973040e-01 7.840000e-04 4.019120e-01
444 5.971680e-01 7.960000e-04 4.020360e-01
445 5.970680e-01 7.560000e-04 4.021760e-01
446 5.969680e-01 7.680000e-04 4.022640e-01
447 5.968280e-01 7.720000e-04 4.024000e-01
448 5.967360e-01 7.600000e-04 4.025040e-01
449 5.966440e-01 7.240000e-04 4.026320e-01
450 5.965520e-01 7.240000e-04 4.027240e-01
451 5.964400e-01 7.120000e-04 4.028480e-01
452 5.963240e-01 7.080000e-04 4.029680e-01
453 5.962040e-01 6.920000e-04 4.031040e-01
454 5.960800e-01 7.000000e-04 4.032200e-01
455 5.959680e-01 7.040000e-04 4.033280e-01
456 5.958600e-01 7.080000e-04 4.034320e-01
457 5.957680e-01 6.200000e-04 4.036120e-01
458 5.956800e-01 5.920000e-04 4.037280e-01
459 5.956120e-01 5.800000e-04 4.038080e-01
460 5.955120e-01 5.720000e-04 4.039160e-01
461 5.953960e-01 6.080000e-04 4.039960e-01
462 5.952200e-01 6.960000e-04 4.040840e-01
463 5.950800e-01 7.280000e-04 4.041920e-01
464 5.949640e-01 6.960000e-04 4.043400e-01
465 5.948840e-01 6.400000e-04 4.044760e-01
466 5.947680e-01 6.440000e-04 4.045880e-01
467 5.946640e-01 6.360000e-04 4.047000e-01
468 5.945280e-01 6.720000e-04 4.048000e-01
469 5.944160e-01 6.520000e-04 4.049320e-01
470 5.943440e-01 5.680000e-04 4.050880e-01
471 5.942600e-01 5.680000e-04 4.051720e-01
472 5.941840e-01 5.320000e-04 4.052840e-01
473 5.941320e-01 5.160000e-04 4.053520e-01
474 5.940440e-01 5.160000e-04 4.054400e-01
475 5.939520e-01 5.560000e-04 4.054920e-01
476 5.938640e-01 5.440000e-04 4.055920e-01
477 5.938000e-01 5.040000e-04 4.056960e-01
478 5.937200e-01 5.080000e-04 4.057720e-01
479 5.936440e-01 4.960000e-04 4.058600e-01
480 5.935840e-01 4.440000e-04 4.059720e-01
481 5.935080e-01 4.440000e-04 4.060480e-01
482 5.934440e-01 4.480000e-04 4.061080e-01
483 5.934040e-01 4.040000e-04 4.061920e-01
484 5.933640e-01 3.880000e-04 4.062480e-01
485 5.932960e-01 3.880000e-04 4.063160e-01
486 5.932640e-01 3.480000e-04 4.063880e-01
487 5.932320e-01 3.240000e-04 4.064440e-01
488 5.931880e-01 3.200000e-04 4.064920e-01
489 5.931440e-01 2.920000e-04 4.065640e-01
490 5.931200e-01 2.840000e-04 4.065960e-01
491 5.930680e-01 2.880000e-04 4.066440e-01
492 5.930360e-01 2.640000e-04 4.067000e-01
493 5.930040e-01 2.440000e-04 4.067520e-01
494 5.929640e-01 2.400000e-04 4.067960e-01
495 5.929360e-01 2.320000e-04 4.068320e-01
496 5.928800e-01 2.440000e-04 4.068760e-01
497 5.928080e-01 2.920000e-04 4.069000e-01
498 5.927720e-01 2.840000e-04 4.069440e-01
499 5.927400e-01 2.760000e-04 4.069840e-01
500 5.927160e-01 2.360000e-04 4.070480e-01
