1 9.992240e-01 7.000000e-04 7.600000e-05
2 9.986960e-01 1.080000e-03 2.240000e-04
3 9.981840e-01 1.352000e-03 4.640000e-04
4 9.975080e-01 1.780000e-03 7.120000e-04
5 9.967560e-01 2.160000e-03 1.084000e-03
6 9.959800e-01 2.528000e-03 1.492000e-03
7 9.951600e-01 2.908000e-03 1.932000e-03
8 9.942440e-01 3.296000e-03 2.460000e-03
9 9.932880e-01 3.672000e-03 3.040000e-03
10 9.922520e-01 4.068000e-03 3.680000e-03
11 9.911280e-01 4.452000e-03 4.420000e-03
12 9.901800e-01 4.728000e-03 5.092000e-03
13 9.892240e-01 4.704000e-03 6.072000e-03
14 9.882000e-01 4.840000e-03 6.960000e-03
15 9.871240e-01 5.036000e-03 7.840000e-03
16 9.860600e-01 5.164000e-03 8.776000e-03
17 9.848680e-01 5.416000e-03 9.716000e-03
18 9.836200e-01 5.788000e-03 1.059200e-02
19 9.823000e-01 6.104000e-03 1.159600e-02
20 9.808800e-01 6.468000e-03 1.265200e-02
21 9.794680e-01 6.644000e-03 1.388800e-02
22 9.781680e-01 6.780000e-03 1.505200e-02
23 9.767960e-01 6.988000e-03 1.621600e-02
24 9.753960e-01 7.112000e-03 1.749200e-02
25 9.738680e-01 7.432000e-03 1.870000e-02
26 9.725080e-01 7.512000e-03 1.998000e-02
27 9.709240e-01 7.860000e-03 2.121600e-02
28 9.694960e-01 7.968000e-03 2.253600e-02
29 9.679280e-01 8.244000e-03 2.382800e-02
30 9.662440e-01 8.524000e-03 2.523200e-02
31 9.646960e-01 8.536000e-03 2.676800e-02
32 9.631960e-01 8.548000e-03 2.825600e-02
33 9.616080e-01 8.656000e-03 2.973600e-02
34 9.598400e-01 8.788000e-03 3.137200e-02
35 9.582080e-01 8.824000e-03 3.296800e-02
36 9.566200e-01 8.784000e-03 3.459600e-02
37 9.551080e-01 8.804000e-03 3.608800e-02
38 9.535280e-01 8.892000e-03 3.758000e-02
39 9.519320e-01 8.900000e-03 3.916800e-02
40 9.503440e-01 8.916000e-03 4.074000e-02
41 9.486440e-01 9.044000e-03 4.231200e-02
42 9.470280e-01 9.108000e-03 4.386400e-02
43 9.453320e-01 9.108000e-03 4.556000e-02
44 9.435400e-01 9.236000e-03 4.722400e-02
45 9.419560e-01 9.224000e-03 4.882000e-02
46 9.402440e-01 9.320000e-03 5.043600e-02
47 9.384560e-01 9.540000e-03 5.200400e-02
48 9.366880e-01 9.700000e-03 5.361200e-02
49 9.349960e-01 9.712000e-03 5.529200e-02
50 9.333160e-01 9.572000e-03 5.711200e-02
51 9.313600e-01 9.708000e-03 5.893200e-02
52 9.294160e-01 9.944000e-03 6.064000e-02
53 9.274920e-01 1.005600e-02 6.245200e-02
54 9.255440e-01 1.015600e-02 6.430000e-02
55 9.237680e-01 1.006000e-02 6.617200e-02
56 9.219960e-01 1.007600e-02 6.792800e-02
57 9.201800e-01 1.017600e-02 6.964400e-02
58 9.184280e-01 1.013200e-02 7.144000e-02
59 9.167280e-01 1.011600e-02 7.315600e-02
60 9.148520e-01 1.033200e-02 7.481600e-02
61 9.128160e-01 1.061600e-02 7.656800e-02
62 9.108440e-01 1.082400e-02 7.833200e-02
63 9.088520e-01 1.090400e-02 8.024400e-02
64 9.069720e-01 1.079600e-02 8.223200e-02
65 9.049960e-01 1.092400e-02 8.408000e-02
66 9.029080e-01 1.134800e-02 8.574400e-02
67 9.010000e-01 1.137200e-02 8.762800e-02
68 8.990880e-01 1.138000e-02 8.953200e-02
69 8.971320e-01 1.135200e-02 9.151600e-02
70 8.952480e-01 1.128000e-02 9.347200e-02
71 8.932480e-01 1.138400e-02 9.536800e-02
72 8.912680e-01 1.147200e-02 9.726000e-02
73 8.893440e-01 1.149600e-02 9.916000e-02
74 8.875440e-01 1.130000e-02 1.011560e-01
75 8.858720e-01 1.106400e-02 1.030640e-01
76 8.841360e-01 1.087200e-02 1.049920e-01
77 8.823080e-01 1.093600e-02 1.067560e-01
78 8.805400e-01 1.076400e-02 1.086960e-01
79 8.787600e-01 1.065600e-02 1.105840e-01
80 8.768600e-01 1.064400e-02 1.124960e-01
81 8.747880e-01 1.091600e-02 1.142960e-01
82 8.727600e-01 1.100400e-02 1.162360e-01
83 8.708120e-01 1.106400e-02 1.181240e-01
84 8.688280e-01 1.099600e-02 1.201760e-01
85 8.668320e-01 1.103600e-02 1.221320e-01
86 8.649240e-01 1.114800e-02 1.239280e-01
87 8.628840e-01 1.126000e-02 1.258560e-01
88 8.610920e-01 1.112400e-02 1.277840e-01
89 8.591040e-01 1.120400e-02 1.296920e-01
90 8.571400e-01 1.131200e-02 1.315480e-01
91 8.554000e-01 1.120400e-02 1.333960e-01
92 8.535040e-01 1.120400e-02 1.352920e-01
93 8.517160e-01 1.103200e-02 1.372520e-01
94 8.498600e-01 1.096400e-02 1.391760e-01
95 8.479280e-01 1.100400e-02 1.410680e-01
96 8.459600e-01 1.110800e-02 1.429320e-01
97 8.441080e-01 1.091200e-02 1.449800e-01
98 8.420840e-01 1.102000e-02 1.468960e-01
99 8.403440e-01 1.076400e-02 1.488920e-01
100 8.385560e-01 1.060800e-02 1.508360e-01
101 8.369360e-01 1.036400e-02 1.527000e-01
102 8.353080e-01 1.030000e-02 1.543920e-01
103 8.336200e-01 1.030000e-02 1.560800e-01
104 8.318800e-01 1.020800e-02 1.579120e-01
105 8.300640e-01 1.026400e-02 1.596720e-01
106 8.284600e-01 1.017200e-02 1.613680e-01
107 8.268080e-01 1.013600e-02 1.630560e-01
108 8.252640e-01 9.996000e-03 1.647400e-01
109 8.237640e-01 9.772000e-03 1.664640e-01
110 8.220680e-01 9.632000e-03 1.683000e-01
111 8.204360e-01 9.540000e-03 1.700240e-01
112 8.187760e-01 9.528000e-03 1.716960e-01
113 8.170920e-01 9.576000e-03 1.733320e-01
114 8.153920e-01 9.592000e-03 1.750160e-01
115 8.138360e-01 9.448000e-03 1.767160e-01
116 8.121640e-01 9.420000e-03 1.784160e-01
117 8.108480e-01 9.148000e-03 1.800040e-01
118 8.093480e-01 9.072000e-03 1.815800e-01
119 8.079240e-01 8.988000e-03 1.830880e-01
120 8.063560e-01 8.940000e-03 1.847040e-01
121 8.048920e-01 8.892000e-03 1.862160e-01
122 8.033640e-01 8.800000e-03 1.878360e-01
123 8.019360e-01 8.644000e-03 1.894200e-01
124 8.005720e-01 8.560000e-03 1.908680e-01
125 7.991360e-01 8.460000e-03 1.924040e-01
126 7.978640e-01 8.316000e-03 1.938200e-01
127 7.965240e-01 8.352000e-03 1.951240e-01
128 7.951120e-01 8.332000e-03 1.965560e-01
129 7.937720e-01 8.400000e-03 1.978280e-01
130 7.923920e-01 8.464000e-03 1.991440e-01
131 7.909160e-01 8.448000e-03 2.006360e-01
132 7.895600e-01 8.328000e-03 2.021120e-01
133 7.882040e-01 8.268000e-03 2.035280e-01
134 7.868000e-01 8.276000e-03 2.049240e-01
135 7.854680e-01 8.060000e-03 2.064720e-01
136 7.841200e-01 7.980000e-03 2.079000e-01
137 7.829440e-01 7.796000e-03 2.092600e-01
138 7.816360e-01 7.808000e-03 2.105560e-01
139 7.803880e-01 7.576000e-03 2.120360e-01
140 7.790360e-01 7.556000e-03 2.134080e-01
141 7.778520e-01 7.412000e-03 2.147360e-01
142 7.767160e-01 7.300000e-03 2.159840e-01
143 7.753560e-01 7.396000e-03 2.172480e-01
144 7.741720e-01 7.372000e-03 2.184560e-01
145 7.730280e-01 7.240000e-03 2.197320e-01
146 7.719440e-01 7.028000e-03 2.210280e-01
147 7.707640e-01 7.008000e-03 2.222280e-01
148 7.697520e-01 6.796000e-03 2.234520e-01
149 7.686720e-01 6.636000e-03 2.246920e-01
150 7.675320e-01 6.556000e-03 2.259120e-01
151 7.665440e-01 6.408000e-03 2.270480e-01
152 7.655200e-01 6.228000e-03 2.282520e-01
153 7.645120e-01 6.168000e-03 2.293200e-01
154 7.635080e-01 6.204000e-03 2.302880e-01
155 7.625160e-01 6.104000e-03 2.313800e-01
156 7.613480e-01 6.156000e-03 2.324960e-01
157 7.601200e-01 6.244000e-03 2.336360e-01
158 7.590120e-01 6.256000e-03 2.347320e-01
159 7.579080e-01 6.264000e-03 2.358280e-01
160 7.567240e-01 6.416000e-03 2.368600e-01
161 7.557320e-01 6.308000e-03 2.379600e-01
162 7.546880e-01 6.252000e-03 2.390600e-01
163 7.535040e-01 6.388000e-03 2.401080e-01
164 7.521880e-01 6.600000e-03 2.412120e-01
165 7.509320e-01 6.628000e-03 2.424400e-01
166 7.498720e-01 6.448000e-03 2.436800e-01
167 7.487720e-01 6.388000e-03 2.448400e-01
168 7.476800e-01 6.348000e-03 2.459720e-01
169 7.466240e-01 6.408000e-03 2.469680e-01
170 7.455360e-01 6.468000e-03 2.479960e-01
171 7.444240e-01 6.376000e-03 2.492000e-01
172 7.433560e-01 6.276000e-03 2.503680e-01
173 7.421960e-01 6.284000e-03 2.515200e-01
174 7.410560e-01 6.268000e-03 2.526760e-01
175 7.399240e-01 6.232000e-03 2.538440e-01
176 7.387240e-01 6.436000e-03 2.548400e-01
177 7.376120e-01 6.416000e-03 2.559720e-01
178 7.363320e-01 6.584000e-03 2.570840e-01
179 7.349640e-01 6.888000e-03 2.581480e-01
180 7.337280e-01 6.888000e-03 2.593840e-01
181 7.324960e-01 6.932000e-03 2.605720e-01
182 7.314200e-01 6.796000e-03 2.617840e-01
183 7.302840e-01 6.732000e-03 2.629840e-01
184 7.290520e-01 6.884000e-03 2.640640e-01
185 7.279240e-01 6.812000e-03 2.652640e-01
186 7.266760e-01 6.740000e-03 2.665840e-01
187 7.255000e-01 6.672000e-03 2.678280e-01
188 7.242320e-01 6.796000e-03 2.689720e-01
189 7.230360e-01 6.784000e-03 2.701800e-01
190 7.219560e-01 6.724000e-03 2.713200e-01
191 7.207280e-01 6.712000e-03 2.725600e-01
192 7.196360e-01 6.664000e-03 2.737000e-01
193 7.186160e-01 6.532000e-03 2.748520e-01
194 7.176040e-01 6.332000e-03 2.760640e-01
195 7.165800e-01 6.280000e-03 2.771400e-01
196 7.155200e-01 6.348000e-03 2.781320e-01
197 7.144440e-01 6.296000e-03 2.792600e-01
198 7.133880e-01 6.264000e-03 2.803480e-01
199 7.122000e-01 6.296000e-03 2.815040e-01
200 7.110360e-01 6.392000e-03 2.825720e-01
201 7.099240e-01 6.320000e-03 2.837560e-01
202 7.088640e-01 6.340000e-03 2.847960e-01
203 7.077040e-01 6.376000e-03 2.859200e-01
204 7.065160e-01 6.356000e-03 2.871280e-01
205 7.054200e-01 6.340000e-03 2.882400e-01
206 7.042680e-01 6.320000e-03 2.894120e-01
207 7.031800e-01 6.324000e-03 2.904960e-01
208 7.020840e-01 6.236000e-03 2.916800e-01
209 7.010800e-01 6.192000e-03 2.927280e-01
210 7.000840e-01 6.196000e-03 2.937200e-01
211 6.990080e-01 6.144000e-03 2.948480e-01
212 6.980480e-01 6.000000e-03 2.959520e-01
213 6.970200e-01 5.976000e-03 2.970040e-01
214 6.960960e-01 5.820000e-03 2.980840e-01
215 6.952800e-01 5.652000e-03 2.990680e-01
216 6.942600e-01 5.676000e-03 3.000640e-01
217 6.932200e-01 5.804000e-03 3.009760e-01
218 6.921600e-01 5.972000e-03 3.018680e-01
219 6.911000e-01 6.052000e-03 3.028480e-01
220 6.900520e-01 6.036000e-03 3.039120e-01
221 6.889080e-01 6.116000e-03 3.049760e-01
222 6.878520e-01 6.160000e-03 3.059880e-01
223 6.868480e-01 6.012000e-03 3.071400e-01
224 6.859040e-01 6.012000e-03 3.080840e-01
225 6.849160e-01 5.940000e-03 3.091440e-01
226 6.838840e-01 5.844000e-03 3.102720e-01
227 6.828320e-01 5.796000e-03 3.113720e-01
228 6.818640e-01 5.712000e-03 3.124240e-01
229 6.808720e-01 5.808000e-03 3.133200e-01
230 6.799360e-01 5.764000e-03 3.143000e-01
231 6.789880e-01 5.688000e-03 3.153240e-01
232 6.780720e-01 5.564000e-03 3.163640e-01
233 6.772480e-01 5.452000e-03 3.173000e-01
234 6.764520e-01 5.360000e-03 3.181880e-01
235 6.755880e-01 5.304000e-03 3.191080e-01
236 6.748920e-01 5.100000e-03 3.200080e-01
237 6.741600e-01 4.868000e-03 3.209720e-01
238 6.734000e-01 4.764000e-03 3.218360e-01
239 6.726200e-01 4.608000e-03 3.227720e-01
240 6.719360e-01 4.556000e-03 3.235080e-01
241 6.712920e-01 4.288000e-03 3.244200e-01
242 6.707440e-01 4.072000e-03 3.251840e-01
243 6.701520e-01 3.944000e-03 3.259040e-01
244 6.695640e-01 3.916000e-03 3.265200e-01
245 6.690680e-01 3.756000e-03 3.271760e-01
246 6.685040e-01 3.656000e-03 3.278400e-01
247 6.678760e-01 3.628000e-03 3.284960e-01
248 6.673280e-01 3.620000e-03 3.290520e-01
249 6.668320e-01 3.492000e-03 3.296760e-01
250 6.662040e-01 3.516000e-03 3.302800e-01
251 6.656040e-01 3.520000e-03 3.308760e-01
252 6.651120e-01 3.392000e-03 3.314960e-01
253 6.646040e-01 3.324000e-03 3.320720e-01
254 6.641560e-01 3.176000e-03 3.326680e-01
255 6.636000e-01 3.140000e-03 3.332600e-01
256 6.630720e-01 3.140000e-03 3.337880e-01
257 6.626040e-01 3.092000e-03 3.343040e-01
258 6.620680e-01 3.012000e-03 3.349200e-01
259 6.615440e-01 2.980000e-03 3.354760e-01
260 6.610600e-01 2.980000e-03 3.359600e-01
261 6.606480e-01 2.864000e-03 3.364880e-01
262 6.602840e-01 2.736000e-03 3.369800e-01
263 6.598480e-01 2.760000e-03 3.373920e-01
264 6.593920e-01 2.736000e-03 3.378720e-01
265 6.589840e-01 2.668000e-03 3.383480e-01
266 6.584800e-01 2.704000e-03 3.388160e-01
267 6.580480e-01 2.688000e-03 3.392640e-01
268 6.574880e-01 2.752000e-03 3.397600e-01
269 6.570360e-01 2.652000e-03 3.403120e-01
270 6.566080e-01 2.588000e-03 3.408040e-01
271 6.562000e-01 2.496000e-03 3.413040e-01
272 6.558000e-01 2.436000e-03 3.417640e-01
273 6.552640e-01 2.588000e-03 3.421480e-01
274 6.548040e-01 2.580000e-03 3.426160e-01
275 6.543360e-01 2.596000e-03 3.430680e-01
276 6.538960e-01 2.592000e-03 3.435120e-01
277 6.533680e-01 2.648000e-03 3.439840e-01
278 6.528680e-01 2.700000e-03 3.444320e-01
279 6.524560e-01 2.664000e-03 3.448800e-01
280 6.521080e-01 2.488000e-03 3.454040e-01
281 6.517280e-01 2.476000e-03 3.457960e-01
282 6.513600e-01 2.460000e-03 3.461800e-01
283 6.509720e-01 2.388000e-03 3.466400e-01
284 6.505960e-01 2.360000e-03 3.470440e-01
285 6.502320e-01 2.288000e-03 3.474800e-01
286 6.498720e-01 2.196000e-03 3.479320e-01
287 6.495120e-01 2.140000e-03 3.483480e-01
288 6.491040e-01 2.192000e-03 3.487040e-01
289 6.487400e-01 2.180000e-03 3.490800e-01
290 6.483880e-01 2.148000e-03 3.494640e-01
291 6.480360e-01 2.196000e-03 3.497680e-01
292 6.475800e-01 2.280000e-03 3.501400e-01
293 6.471120e-01 2.328000e-03 3.505600e-01
294 6.466600e-01 2.324000e-03 3.510160e-01
295 6.462480e-01 2.320000e-03 3.514320e-01
296 6.458360e-01 2.340000e-03 3.518240e-01
297 6.453520e-01 2.412000e-03 3.522360e-01
298 6.449360e-01 2.460000e-03 3.526040e-01
299 6.445560e-01 2.432000e-03 3.530120e-01
300 6.441160e-01 2.448000e-03 3.534360e-01
301 6.437040e-01 2.372000e-03 3.539240e-01
302 6.433360e-01 2.328000e-03 3.543360e-01
303 6.429240e-01 2.320000e-03 3.547560e-01
304 6.425280e-01 2.364000e-03 3.551080e-01
305 6.421040e-01 2.344000e-03 3.555520e-01
306 6.417120e-01 2.300000e-03 3.559880e-01
307 6.413280e-01 2.292000e-03 3.563800e-01
308 6.409680e-01 2.252000e-03 3.567800e-01
309 6.406600e-01 2.156000e-03 3.571840e-01
310 6.403680e-01 2.052000e-03 3.575800e-01
311 6.400440e-01 2.000000e-03 3.579560e-01
312 6.397280e-01 2.020000e-03 3.582520e-01
313 6.394080e-01 2.024000e-03 3.585680e-01
314 6.390440e-01 2.036000e-03 3.589200e-01
315 6.386720e-01 1.996000e-03 3.593320e-01
316 6.382680e-01 2.084000e-03 3.596480e-01
317 6.378960e-01 2.104000e-03 3.600000e-01
318 6.374520e-01 2.168000e-03 3.603800e-01
319 6.370880e-01 2.108000e-03 3.608040e-01
320 6.366880e-01 2.120000e-03 3.611920e-01
321 6.363800e-01 2.028000e-03 3.615920e-01
322 6.360760e-01 2.008000e-03 3.619160e-01
323 6.358040e-01 1.916000e-03 3.622800e-01
324 6.355400e-01 1.860000e-03 3.626000e-01
325 6.352160e-01 1.832000e-03 3.629520e-01
326 6.348520e-01 1.776000e-03 3.633720e-01
327 6.345720e-01 1.752000e-03 3.636760e-01
328 6.342920e-01 1.764000e-03 3.639440e-01
329 6.340720e-01 1.684000e-03 3.642440e-01
330 6.338320e-01 1.696000e-03 3.644720e-01
331 6.335560e-01 1.704000e-03 3.647400e-01
332 6.333160e-01 1.648000e-03 3.650360e-01
333 6.330120e-01 1.640000e-03 3.653480e-01
334 6.328040e-01 1.568000e-03 3.656280e-01
335 6.325880e-01 1.472000e-03 3.659400e-01
336 6.323320e-01 1.484000e-03 3.661840e-01
337 6.320240e-01 1.548000e-03 3.664280e-01
338 6.317440e-01 1.576000e-03 3.666800e-01
339 6.314560e-01 1.612000e-03 3.669320e-01
340 6.312120e-01 1.600000e-03 3.671880e-01
341 6.309600e-01 1.560000e-03 3.674800e-01
342 6.307080e-01 1.508000e-03 3.677840e-01
343 6.304520e-01 1.496000e-03 3.680520e-01
344 6.302280e-01 1.464000e-03 3.683080e-01
345 6.299080e-01 1.548000e-03 3.685440e-01
346 6.296120e-01 1.532000e-03 3.688560e-01
347 6.293280e-01 1.516000e-03 3.691560e-01
348 6.290160e-01 1.548000e-03 3.694360e-01
349 6.287280e-01 1.524000e-03 3.697480e-01
350 6.284560e-01 1.472000e-03 3.700720e-01
351 6.281120e-01 1.568000e-03 3.703200e-01
352 6.277760e-01 1.604000e-03 3.706200e-01
353 6.274400e-01 1.692000e-03 3.708680e-01
354 6.271600e-01 1.684000e-03 3.711560e-01
355 6.269000e-01 1.704000e-03 3.713960e-01
356 6.266360e-01 1.592000e-03 3.717720e-01
357 6.262680e-01 1.624000e-03 3.721080e-01
358 6.259360e-01 1.664000e-03 3.724000e-01
359 6.256440e-01 1.660000e-03 3.726960e-01
360 6.253280e-01 1.636000e-03 3.730360e-01
361 6.251040e-01 1.572000e-03 3.733240e-01
362 6.248360e-01 1.644000e-03 3.735200e-01
363 6.245760e-01 1.632000e-03 3.737920e-01
364 6.243160e-01 1.568000e-03 3.741160e-01
365 6.240240e-01 1.576000e-03 3.744000e-01
366 6.237360e-01 1.636000e-03 3.746280e-01
367 6.234720e-01 1.636000e-03 3.748920e-01
368 6.231480e-01 1.688000e-03 3.751640e-01
369 6.228200e-01 1.724000e-03 3.754560e-01
370 6.224680e-01 1.752000e-03 3.757800e-01
371 6.222040e-01 1.656000e-03 3.761400e-01
372 6.218880e-01 1.672000e-03 3.764400e-01
373 6.216440e-01 1.612000e-03 3.767440e-01
374 6.214040e-01 1.556000e-03 3.770400e-01
375 6.211880e-01 1.492000e-03 3.773200e-01
376 6.209320e-01 1.440000e-03 3.776280e-01
377 6.206840e-01 1.432000e-03 3.778840e-01
378 6.204360e-01 1.408000e-03 3.781560e-01
379 6.201760e-01 1.468000e-03 3.783560e-01
380 6.198600e-01 1.568000e-03 3.785720e-01
381 6.195960e-01 1.580000e-03 3.788240e-01
382 6.193520e-01 1.616000e-03 3.790320e-01
383 6.190640e-01 1.584000e-03 3.793520e-01
384 6.187720e-01 1.608000e-03 3.796200e-01
385 6.185520e-01 1.648000e-03 3.798000e-01
386 6.182520e-01 1.640000e-03 3.801080e-01
387 6.179960e-01 1.568000e-03 3.804360e-01
388 6.177320e-01 1.556000e-03 3.807120e-01
389 6.175000e-01 1.508000e-03 3.809920e-01
390 6.172040e-01 1.516000e-03 3.812800e-01
391 6.169880e-01 1.464000e-03 3.815480e-01
392 6.167920e-01 1.412000e-03 3.817960e-01
393 6.165400e-01 1.468000e-03 3.819920e-01
394 6.162880e-01 1.484000e-03 3.822280e-01
395 6.160360e-01 1.504000e-03 3.824600e-01
396 6.157600e-01 1.536000e-03 3.827040e-01
397 6.154320e-01 1.640000e-03 3.829280e-01
398 6.151240e-01 1.664000e-03 3.832120e-01
399 6.148640e-01 1.672000e-03 3.834640e-01
400 6.146440e-01 1.652000e-03 3.837040e-01
401 6.144000e-01 1.560000e-03 3.840400e-01
402 6.141600e-01 1.508000e-03 3.843320e-01
403 6.139640e-01 1.444000e-03 3.845920e-01
404 6.138080e-01 1.352000e-03 3.848400e-01
405 6.135560e-01 1.348000e-03 3.850960e-01
406 6.133800e-01 1.336000e-03 3.852840e-01
407 6.132480e-01 1.212000e-03 3.855400e-01
408 6.130920e-01 1.148000e-03 3.857600e-01
409 6.129520e-01 1.096000e-03 3.859520e-01
410 6.127840e-01 1.088000e-03 3.861280e-01
411 6.126080e-01 1.068000e-03 3.863240e-01
412 6.124520e-01 1.076000e-03 3.864720e-01
413 6.122000e-01 1.176000e-03 3.866240e-01
414 6.120360e-01 1.160000e-03 3.868040e-01
415 6.118480e-01 1.140000e-03 3.870120e-01
416 6.116640e-01 1.148000e-03 3.871880e-01
417 6.114600e-01 1.152000e-03 3.873880e-01
418 6.112880e-01 1.116000e-03 3.875960e-01
419 6.110840e-01 1.104000e-03 3.878120e-01
420 6.108480e-01 1.208000e-03 3.879440e-01
421 6.106200e-01 1.208000e-03 3.881720e-01
422 6.103840e-01 1.236000e-03 3.883800e-01
423 6.101560e-01 1.232000e-03 3.886120e-01
424 6.098760e-01 1.316000e-03 3.888080e-01
425 6.095800e-01 1.372000e-03 3.890480e-01
426 6.092800e-01 1.496000e-03 3.892240e-01
427 6.090360e-01 1.456000e-03 3.895080e-01
428 6.087640e-01 1.496000e-03 3.897400e-01
429 6.085760e-01 1.388000e-03 3.900360e-01
430 6.082800e-01 1.440000e-03 3.902800e-01
431 6.080840e-01 1.392000e-03 3.905240e-01
432 6.077720e-01 1.464000e-03 3.907640e-01
433 6.074920e-01 1.476000e-03 3.910320e-01
434 6.072360e-01 1.484000e-03 3.912800e-01
435 6.070400e-01 1.420000e-03 3.915400e-01
436 6.068240e-01 1.460000e-03 3.917160e-01
437 6.066000e-01 1.380000e-03 3.920200e-01
438 6.064880e-01 1.212000e-03 3.923000e-01
439 6.063040e-01 1.156000e-03 3.925400e-01
440 6.060800e-01 1.200000e-03 3.927200e-01
441 6.058760e-01 1.188000e-03 3.929360e-01
442 6.056840e-01 1.168000e-03 3.931480e-01
443 6.054960e-01 1.176000e-03 3.933280e-01
444 6.052920e-01 1.152000e-03 3.935560e-01
445 6.051000e-01 1.136000e-03 3.937640e-01
446 6.049400e-01 1.056000e-03 3.940040e-01
447 6.047360e-01 1.096000e-03 3.941680e-01
448 6.045920e-01 1.072000e-03 3.943360e-01
449 6.043920e-01 1.056000e-03 3.945520e-01
450 6.042000e-01 1.068000e-03 3.947320e-01
451 6.039720e-01 1.084000e-03 3.949440e-01
452 6.037800e-01 1.064000e-03 3.951560e-01
453 6.036320e-01 1.044000e-03 3.953240e-01
454 6.034160e-01 1.064000e-03 3.955200e-01
455 6.032080e-01 1.064000e-03 3.957280e-01
456 6.030800e-01 1.000000e-03 3.959200e-01
457 6.028880e-01 1.012000e-03 3.961000e-01
458 6.026960e-01 1.016000e-03 3.962880e-01
459 6.025160e-01 1.020000e-03 3.964640e-01
460 6.023120e-01 1.036000e-03 3.966520e-01
461 6.021440e-01 1.040000e-03 3.968160e-01
462 6.020040e-01 9.560000e-04 3.970400e-01
463 6.018080e-01 9.960000e-04 3.971960e-01
464 6.016400e-01 9.920000e-04 3.973680e-01
465 6.014680e-01 1.004000e-03 3.975280e-01
466 6.012800e-01 1.024000e-03 3.976960e-01
467 6.011000e-01 1.052000e-03 3.978480e-01
468 6.008640e-01 1.132000e-03 3.980040e-01
469 6.007240e-01 1.084000e-03 3.981920e-01
470 6.005800e-01 1.040000e-03 3.983800e-01
471 6.003760e-01 1.084000e-03 3.985400e-01
472 6.002080e-01 1.056000e-03 3.987360e-01
473 6.000400e-01 1.056000e-03 3.989040e-01
474 5.998640e-01 1.032000e-03 3.991040e-01
475 5.996720e-01 1.100000e-03 3.992280e-01
476 5.994600e-01 1.116000e-03 3.994240e-01
477 5.992760e-01 1.124000e-03 3.996000e-01
478 5.991240e-01 1.088000e-03 3.997880e-01
479 5.989680e-01 1.048000e-03 3.999840e-01
480 5.987880e-01 1.004000e-03 4.002080e-01
481 5.986440e-01 9.640000e-04 4.003920e-01
482 5.984880e-01 9.520000e-04 4.005600e-01
483 5.982960e-01 9.560000e-04 4.007480e-01
484 5.981680e-01 9.480000e-04 4.008840e-01
485 5.979800e-01 9.560000e-04 4.010640e-01
486 5.978160e-01 9.440000e-04 4.012400e-01
487 5.975960e-01 1.040000e-03 4.013640e-01
488 5.973760e-01 1.076000e-03 4.015480e-01
489 5.971320e-01 1.156000e-03 4.017120e-01
490 5.969760e-01 1.172000e-03 4.018520e-01
491 5.968160e-01 1.140000e-03 4.020440e-01
492 5.966560e-01 1.116000e-03 4.022280e-01
493 5.965040e-01 1.068000e-03 4.024280e-01
494 5.963320e-01 1.024000e-03 4.026440e-01
495 5.961960e-01 9.440000e-04 4.028600e-01
496 5.960080e-01 9.880000e-04 4.030040e-01
497 5.958120e-01 9.760000e-04 4.032120e-01
498 5.956560e-01 9.800000e-04 4.033640e-01
499 5.954640e-01 1.004000e-03 4.035320e-01
500 5.953000e-01 1.012000e-03 4.036880e-01
