1 9.991440e-01 7.320000e-04 1.240000e-04
2 9.985480e-01 1.180000e-03 2.720000e-04
3 9.978240e-01 1.608000e-03 5.680000e-04
4 9.971640e-01 1.948000e-03 8.880000e-04
5 9.964440e-01 2.312000e-03 1.244000e-03
6 9.956520e-01 2.720000e-03 1.628000e-03
7 9.946760e-01 3.224000e-03 2.100000e-03
8 9.937960e-01 3.528000e-03 2.676000e-03
9 9.927600e-01 3.948000e-03 3.292000e-03
10 9.917680e-01 4.244000e-03 3.988000e-03
11 9.907840e-01 4.528000e-03 4.688000e-03
12 9.897520e-01 4.664000e-03 5.584000e-03
13 9.887160e-01 4.884000e-03 6.400000e-03
14 9.875880e-01 5.100000e-03 7.312000e-03
15 9.865480e-01 5.272000e-03 8.180000e-03
16 9.853840e-01 5.388000e-03 9.228000e-03
17 9.841320e-01 5.652000e-03 1.021600e-02
18 9.830160e-01 5.764000e-03 1.122000e-02
19 9.819080e-01 5.776000e-03 1.231600e-02
20 9.807920e-01 5.856000e-03 1.335200e-02
21 9.796680e-01 5.976000e-03 1.435600e-02
22 9.785040e-01 6.108000e-03 1.538800e-02
23 9.771480e-01 6.432000e-03 1.642000e-02
24 9.758640e-01 6.596000e-03 1.754000e-02
25 9.745040e-01 6.764000e-03 1.873200e-02
26 9.731320e-01 6.988000e-03 1.988000e-02
27 9.719920e-01 6.968000e-03 2.104000e-02
28 9.707200e-01 6.972000e-03 2.230800e-02
29 9.695720e-01 6.876000e-03 2.355200e-02
30 9.683760e-01 6.904000e-03 2.472000e-02
31 9.671440e-01 6.860000e-03 2.599600e-02
32 9.657560e-01 7.004000e-03 2.724000e-02
33 9.645360e-01 6.964000e-03 2.850000e-02
34 9.633800e-01 6.996000e-03 2.962400e-02
35 9.621960e-01 7.020000e-03 3.078400e-02
36 9.609680e-01 6.928000e-03 3.210400e-02
37 9.596960e-01 6.956000e-03 3.334800e-02
38 9.585040e-01 6.904000e-03 3.459200e-02
39 9.572520e-01 6.852000e-03 3.589600e-02
40 9.560480e-01 7.020000e-03 3.693200e-02
41 9.547680e-01 6.980000e-03 3.825200e-02
42 9.535440e-01 6.944000e-03 3.951200e-02
43 9.522200e-01 7.008000e-03 4.077200e-02
44 9.509520e-01 7.124000e-03 4.192400e-02
45 9.494800e-01 7.368000e-03 4.315200e-02
46 9.481680e-01 7.348000e-03 4.448400e-02
47 9.467280e-01 7.568000e-03 4.570400e-02
48 9.452960e-01 7.656000e-03 4.704800e-02
49 9.439760e-01 7.620000e-03 4.840400e-02
50 9.426800e-01 7.540000e-03 4.978000e-02
51 9.414040e-01 7.580000e-03 5.101600e-02
52 9.401560e-01 7.448000e-03 5.239600e-02
53 9.389160e-01 7.384000e-03 5.370000e-02
54 9.378080e-01 7.292000e-03 5.490000e-02
55 9.367240e-01 7.136000e-03 5.614000e-02
56 9.355240e-01 7.136000e-03 5.734000e-02
57 9.343440e-01 6.956000e-03 5.870000e-02
58 9.333680e-01 6.748000e-03 5.988400e-02
59 9.322280e-01 6.624000e-03 6.114800e-02
60 9.309840e-01 6.804000e-03 6.221200e-02
61 9.298000e-01 6.768000e-03 6.343200e-02
62 9.286240e-01 6.796000e-03 6.458000e-02
63 9.274080e-01 6.940000e-03 6.565200e-02
64 9.261440e-01 7.072000e-03 6.678400e-02
65 9.248240e-01 7.136000e-03 6.804000e-02
66 9.235240e-01 7.132000e-03 6.934400e-02
67 9.223320e-01 7.132000e-03 7.053600e-02
68 9.210840e-01 7.080000e-03 7.183600e-02
69 9.197560e-01 7.140000e-03 7.310400e-02
70 9.184680e-01 7.112000e-03 7.442000e-02
71 9.171120e-01 7.108000e-03 7.578000e-02
72 9.158120e-01 7.116000e-03 7.707200e-02
73 9.145480e-01 7.284000e-03 7.816800e-02
74 9.130520e-01 7.464000e-03 7.948400e-02
75 9.115760e-01 7.584000e-03 8.084000e-02
76 9.102640e-01 7.524000e-03 8.221200e-02
77 9.087920e-01 7.660000e-03 8.354800e-02
78 9.072400e-01 7.924000e-03 8.483600e-02
79 9.057920e-01 8.088000e-03 8.612000e-02
80 9.044120e-01 8.008000e-03 8.758000e-02
81 9.032440e-01 7.784000e-03 8.897200e-02
82 9.017440e-01 7.844000e-03 9.041200e-02
83 9.003400e-01 7.812000e-03 9.184800e-02
84 8.989400e-01 7.816000e-03 9.324400e-02
85 8.975640e-01 7.856000e-03 9.458000e-02
86 8.962560e-01 7.728000e-03 9.601600e-02
87 8.948960e-01 7.864000e-03 9.724000e-02
88 8.935240e-01 7.716000e-03 9.876000e-02
89 8.922560e-01 7.680000e-03 1.000640e-01
90 8.907760e-01 7.812000e-03 1.014120e-01
91 8.895440e-01 7.628000e-03 1.028280e-01
92 8.880520e-01 7.804000e-03 1.041440e-01
93 8.866440e-01 7.820000e-03 1.055360e-01
94 8.853160e-01 7.760000e-03 1.069240e-01
95 8.839320e-01 7.704000e-03 1.083640e-01
96 8.825160e-01 7.704000e-03 1.097800e-01
97 8.810400e-01 7.892000e-03 1.110680e-01
98 8.794680e-01 8.128000e-03 1.124040e-01
99 8.779360e-01 8.284000e-03 1.137800e-01
100 8.766080e-01 8.176000e-03 1.152160e-01
101 8.752120e-01 8.204000e-03 1.165840e-01
102 8.738440e-01 8.200000e-03 1.179560e-01
103 8.724120e-01 8.184000e-03 1.194040e-01
104 8.710840e-01 8.060000e-03 1.208560e-01
105 8.697120e-01 7.980000e-03 1.223080e-01
106 8.684880e-01 7.744000e-03 1.237680e-01
107 8.671960e-01 7.776000e-03 1.250280e-01
108 8.658840e-01 7.824000e-03 1.262920e-01
109 8.646680e-01 7.788000e-03 1.275440e-01
110 8.634440e-01 7.696000e-03 1.288600e-01
111 8.620200e-01 7.756000e-03 1.302240e-01
112 8.606920e-01 7.760000e-03 1.315480e-01
113 8.593480e-01 7.796000e-03 1.328560e-01
114 8.580400e-01 7.724000e-03 1.342360e-01
115 8.567400e-01 7.712000e-03 1.355480e-01
116 8.554040e-01 7.664000e-03 1.369320e-01
117 8.539960e-01 7.832000e-03 1.381720e-01
118 8.525880e-01 7.912000e-03 1.395000e-01
119 8.512640e-01 7.808000e-03 1.409280e-01
120 8.499280e-01 7.688000e-03 1.423840e-01
121 8.484000e-01 7.824000e-03 1.437760e-01
122 8.471400e-01 7.720000e-03 1.451400e-01
123 8.457960e-01 7.752000e-03 1.464520e-01
124 8.444080e-01 7.696000e-03 1.478960e-01
125 8.431040e-01 7.544000e-03 1.493520e-01
126 8.418080e-01 7.428000e-03 1.507640e-01
127 8.406440e-01 7.260000e-03 1.520960e-01
128 8.395000e-01 7.160000e-03 1.533400e-01
129 8.384280e-01 6.856000e-03 1.547160e-01
130 8.371840e-01 6.868000e-03 1.559480e-01
131 8.360800e-01 6.800000e-03 1.571200e-01
132 8.349240e-01 6.768000e-03 1.583080e-01
133 8.338800e-01 6.696000e-03 1.594240e-01
134 8.327200e-01 6.648000e-03 1.606320e-01
135 8.316120e-01 6.628000e-03 1.617600e-01
136 8.306080e-01 6.520000e-03 1.628720e-01
137 8.294040e-01 6.568000e-03 1.640280e-01
138 8.281960e-01 6.820000e-03 1.649840e-01
139 8.270280e-01 6.932000e-03 1.660400e-01
140 8.259400e-01 6.724000e-03 1.673360e-01
141 8.248040e-01 6.816000e-03 1.683800e-01
142 8.237760e-01 6.628000e-03 1.695960e-01
143 8.226920e-01 6.520000e-03 1.707880e-01
144 8.214880e-01 6.564000e-03 1.719480e-01
145 8.203760e-01 6.620000e-03 1.730040e-01
146 8.191480e-01 6.644000e-03 1.742080e-01
147 8.179680e-01 6.624000e-03 1.754080e-01
148 8.168440e-01 6.608000e-03 1.765480e-01
149 8.158400e-01 6.496000e-03 1.776640e-01
150 8.147240e-01 6.508000e-03 1.787680e-01
151 8.136280e-01 6.512000e-03 1.798600e-01
152 8.125080e-01 6.572000e-03 1.809200e-01
153 8.113640e-01 6.548000e-03 1.820880e-01
154 8.102640e-01 6.468000e-03 1.832680e-01
155 8.091640e-01 6.372000e-03 1.844640e-01
156 8.082360e-01 6.072000e-03 1.856920e-01
157 8.070760e-01 6.156000e-03 1.867680e-01
158 8.061240e-01 6.028000e-03 1.878480e-01
159 8.050960e-01 5.996000e-03 1.889080e-01
160 8.041160e-01 5.904000e-03 1.899800e-01
161 8.031680e-01 5.800000e-03 1.910320e-01
162 8.022960e-01 5.652000e-03 1.920520e-01
163 8.013720e-01 5.564000e-03 1.930640e-01
164 8.003440e-01 5.612000e-03 1.940440e-01
165 7.992080e-01 5.680000e-03 1.951120e-01
166 7.981680e-01 5.732000e-03 1.961000e-01
167 7.973160e-01 5.556000e-03 1.971280e-01
168 7.964760e-01 5.436000e-03 1.980880e-01
169 7.955320e-01 5.428000e-03 1.990400e-01
170 7.946760e-01 5.340000e-03 1.999840e-01
171 7.937800e-01 5.288000e-03 2.009320e-01
172 7.928160e-01 5.360000e-03 2.018240e-01
173 7.917800e-01 5.508000e-03 2.027120e-01
174 7.909200e-01 5.512000e-03 2.035680e-01
175 7.899040e-01 5.524000e-03 2.045720e-01
176 7.889880e-01 5.460000e-03 2.055520e-01
177 7.880480e-01 5.456000e-03 2.064960e-01
178 7.871560e-01 5.344000e-03 2.075000e-01
179 7.861680e-01 5.316000e-03 2.085160e-01
180 7.852160e-01 5.276000e-03 2.095080e-01
181 7.842800e-01 5.320000e-03 2.104000e-01
182 7.833200e-01 5.396000e-03 2.112840e-01
183 7.823680e-01 5.428000e-03 2.122040e-01
184 7.815640e-01 5.328000e-03 2.131080e-01
185 7.805920e-01 5.388000e-03 2.140200e-01
186 7.796960e-01 5.240000e-03 2.150640e-01
187 7.786520e-01 5.336000e-03 2.160120e-01
188 7.777520e-01 5.284000e-03 2.169640e-01
189 7.768440e-01 5.224000e-03 2.179320e-01
190 7.758920e-01 5.456000e-03 2.186520e-01
191 7.749280e-01 5.540000e-03 2.195320e-01
192 7.738640e-01 5.704000e-03 2.204320e-01
193 7.730560e-01 5.612000e-03 2.213320e-01
194 7.721040e-01 5.552000e-03 2.223440e-01
195 7.711000e-01 5.548000e-03 2.233520e-01
196 7.700920e-01 5.536000e-03 2.243720e-01
197 7.692000e-01 5.460000e-03 2.253400e-01
198 7.683640e-01 5.296000e-03 2.263400e-01
199 7.673720e-01 5.372000e-03 2.272560e-01
200 7.664720e-01 5.356000e-03 2.281720e-01
201 7.654520e-01 5.468000e-03 2.290800e-01
202 7.645120e-01 5.448000e-03 2.300400e-01
203 7.635040e-01 5.452000e-03 2.310440e-01
204 7.625440e-01 5.480000e-03 2.319760e-01
205 7.615000e-01 5.604000e-03 2.328960e-01
206 7.605880e-01 5.460000e-03 2.339520e-01
207 7.596120e-01 5.564000e-03 2.348240e-01
208 7.586840e-01 5.496000e-03 2.358200e-01
209 7.577040e-01 5.500000e-03 2.367960e-01
210 7.567040e-01 5.488000e-03 2.378080e-01
211 7.557000e-01 5.568000e-03 2.387320e-01
212 7.547640e-01 5.504000e-03 2.397320e-01
213 7.538640e-01 5.428000e-03 2.407080e-01
214 7.529080e-01 5.460000e-03 2.416320e-01
215 7.520960e-01 5.408000e-03 2.424960e-01
216 7.512800e-01 5.396000e-03 2.433240e-01
217 7.504400e-01 5.356000e-03 2.442040e-01
218 7.495280e-01 5.188000e-03 2.452840e-01
219 7.485640e-01 5.204000e-03 2.462320e-01
220 7.475320e-01 5.356000e-03 2.471120e-01
221 7.465320e-01 5.408000e-03 2.480600e-01
222 7.454440e-01 5.556000e-03 2.490000e-01
223 7.444440e-01 5.560000e-03 2.499960e-01
224 7.435920e-01 5.392000e-03 2.510160e-01
225 7.426720e-01 5.392000e-03 2.519360e-01
226 7.417320e-01 5.428000e-03 2.528400e-01
227 7.408440e-01 5.276000e-03 2.538800e-01
228 7.399760e-01 5.252000e-03 2.547720e-01
229 7.392360e-01 5.024000e-03 2.557400e-01
230 7.384040e-01 5.080000e-03 2.565160e-01
231 7.375920e-01 5.080000e-03 2.573280e-01
232 7.366560e-01 5.244000e-03 2.581000e-01
233 7.357560e-01 5.140000e-03 2.591040e-01
234 7.349040e-01 5.064000e-03 2.600320e-01
235 7.341320e-01 4.816000e-03 2.610520e-01
236 7.332080e-01 4.892000e-03 2.619000e-01
237 7.324800e-01 4.800000e-03 2.627200e-01
238 7.317240e-01 4.708000e-03 2.635680e-01
239 7.309320e-01 4.684000e-03 2.643840e-01
240 7.302400e-01 4.552000e-03 2.652080e-01
241 7.294080e-01 4.556000e-03 2.660360e-01
242 7.287320e-01 4.476000e-03 2.667920e-01
243 7.280520e-01 4.376000e-03 2.675720e-01
244 7.272640e-01 4.388000e-03 2.683480e-01
245 7.264640e-01 4.512000e-03 2.690240e-01
246 7.257120e-01 4.552000e-03 2.697360e-01
247 7.249760e-01 4.492000e-03 2.705320e-01
248 7.242920e-01 4.504000e-03 2.712040e-01
249 7.236160e-01 4.452000e-03 2.719320e-01
250 7.229000e-01 4.464000e-03 2.726360e-01
251 7.222040e-01 4.388000e-03 2.734080e-01
252 7.214480e-01 4.304000e-03 2.742480e-01
253 7.206720e-01 4.268000e-03 2.750600e-01
254 7.198960e-01 4.424000e-03 2.756800e-01
255 7.191680e-01 4.468000e-03 2.763640e-01
256 7.183920e-01 4.480000e-03 2.771280e-01
257 7.177440e-01 4.352000e-03 2.779040e-01
258 7.170520e-01 4.284000e-03 2.786640e-01
259 7.163880e-01 4.192000e-03 2.794200e-01
260 7.157160e-01 4.104000e-03 2.801800e-01
261 7.150400e-01 4.092000e-03 2.808680e-01
262 7.143720e-01 3.980000e-03 2.816480e-01
263 7.137280e-01 3.916000e-03 2.823560e-01
264 7.130280e-01 3.880000e-03 2.830920e-01
265 7.125040e-01 3.748000e-03 2.837480e-01
266 7.119120e-01 3.736000e-03 2.843520e-01
267 7.112760e-01 3.640000e-03 2.850840e-01
268 7.106400e-01 3.680000e-03 2.856800e-01
269 7.100680e-01 3.608000e-03 2.863240e-01
270 7.094400e-01 3.520000e-03 2.870400e-01
271 7.087560e-01 3.556000e-03 2.876880e-01
272 7.082120e-01 3.480000e-03 2.883080e-01
273 7.076960e-01 3.376000e-03 2.889280e-01
274 7.072040e-01 3.340000e-03 2.894560e-01
275 7.066560e-01 3.224000e-03 2.901200e-01
276 7.060880e-01 3.208000e-03 2.907040e-01
277 7.054840e-01 3.252000e-03 2.912640e-01
278 7.048680e-01 3.356000e-03 2.917760e-01
279 7.042080e-01 3.380000e-03 2.924120e-01
280 7.036080e-01 3.384000e-03 2.930080e-01
281 7.029560e-01 3.428000e-03 2.936160e-01
282 7.023360e-01 3.448000e-03 2.942160e-01
283 7.017960e-01 3.432000e-03 2.947720e-01
284 7.011920e-01 3.480000e-03 2.953280e-01
285 7.005560e-01 3.536000e-03 2.959080e-01
286 6.999960e-01 3.488000e-03 2.965160e-01
287 6.993640e-01 3.560000e-03 2.970760e-01
288 6.987880e-01 3.488000e-03 2.977240e-01
289 6.981840e-01 3.456000e-03 2.983600e-01
290 6.975720e-01 3.512000e-03 2.989160e-01
291 6.970800e-01 3.352000e-03 2.995680e-01
292 6.964440e-01 3.420000e-03 3.001360e-01
293 6.958360e-01 3.468000e-03 3.006960e-01
294 6.952480e-01 3.480000e-03 3.012720e-01
295 6.946280e-01 3.580000e-03 3.017920e-01
296 6.940800e-01 3.416000e-03 3.025040e-01
297 6.935960e-01 3.292000e-03 3.031120e-01
298 6.930560e-01 3.240000e-03 3.037040e-01
299 6.925600e-01 3.144000e-03 3.042960e-01
300 6.919840e-01 3.256000e-03 3.047600e-01
301 6.913480e-01 3.324000e-03 3.053280e-01
302 6.907640e-01 3.336000e-03 3.059000e-01
303 6.902360e-01 3.264000e-03 3.065000e-01
304 6.897480e-01 3.192000e-03 3.070600e-01
305 6.892760e-01 3.168000e-03 3.075560e-01
306 6.887480e-01 3.176000e-03 3.080760e-01
307 6.882120e-01 3.180000e-03 3.086080e-01
308 6.877760e-01 3.064000e-03 3.091600e-01
309 6.873920e-01 2.888000e-03 3.097200e-01
310 6.869200e-01 2.876000e-03 3.102040e-01
311 6.864600e-01 2.828000e-03 3.107120e-01
312 6.860080e-01 2.780000e-03 3.112120e-01
313 6.855720e-01 2.772000e-03 3.116560e-01
314 6.851000e-01 2.748000e-03 3.121520e-01
315 6.846760e-01 2.624000e-03 3.127000e-01
316 6.842200e-01 2.620000e-03 3.131600e-01
317 6.837760e-01 2.596000e-03 3.136280e-01
318 6.833240e-01 2.540000e-03 3.141360e-01
319 6.828440e-01 2.580000e-03 3.145760e-01
320 6.823800e-01 2.604000e-03 3.150160e-01
321 6.819240e-01 2.492000e-03 3.155840e-01
322 6.815160e-01 2.436000e-03 3.160480e-01
323 6.810760e-01 2.420000e-03 3.165040e-01
324 6.805680e-01 2.488000e-03 3.169440e-01
325 6.801960e-01 2.428000e-03 3.173760e-01
326 6.797720e-01 2.436000e-03 3.177920e-01
327 6.793680e-01 2.392000e-03 3.182400e-01
328 6.788960e-01 2.416000e-03 3.186880e-01
329 6.785120e-01 2.368000e-03 3.191200e-01
330 6.781280e-01 2.300000e-03 3.195720e-01
331 6.776400e-01 2.332000e-03 3.200280e-01
332 6.772080e-01 2.308000e-03 3.204840e-01
333 6.768320e-01 2.308000e-03 3.208600e-01
334 6.764800e-01 2.236000e-03 3.212840e-01
335 6.760400e-01 2.232000e-03 3.217280e-01
336 6.756560e-01 2.180000e-03 3.221640e-01
337 6.752880e-01 2.144000e-03 3.225680e-01
338 6.749200e-01 2.104000e-03 3.229760e-01
339 6.745000e-01 2.136000e-03 3.233640e-01
340 6.740680e-01 2.196000e-03 3.237360e-01
341 6.736000e-01 2.312000e-03 3.240880e-01
342 6.732240e-01 2.316000e-03 3.244600e-01
343 6.728520e-01 2.272000e-03 3.248760e-01
344 6.724600e-01 2.300000e-03 3.252400e-01
345 6.721280e-01 2.276000e-03 3.255960e-01
346 6.717240e-01 2.268000e-03 3.260080e-01
347 6.713760e-01 2.192000e-03 3.264320e-01
348 6.710320e-01 2.120000e-03 3.268480e-01
349 6.706240e-01 2.112000e-03 3.272640e-01
350 6.701920e-01 2.176000e-03 3.276320e-01
351 6.698000e-01 2.212000e-03 3.279880e-01
352 6.694240e-01 2.192000e-03 3.283840e-01
353 6.690360e-01 2.172000e-03 3.287920e-01
354 6.686280e-01 2.256000e-03 3.291160e-01
355 6.683680e-01 2.116000e-03 3.295160e-01
356 6.679920e-01 2.072000e-03 3.299360e-01
357 6.676560e-01 2.064000e-03 3.302800e-01
358 6.672840e-01 2.100000e-03 3.306160e-01
359 6.668840e-01 2.120000e-03 3.309960e-01
360 6.665600e-01 2.064000e-03 3.313760e-01
361 6.662320e-01 2.076000e-03 3.316920e-01
362 6.659120e-01 2.036000e-03 3.320520e-01
363 6.655760e-01 2.024000e-03 3.324000e-01
364 6.651280e-01 2.184000e-03 3.326880e-01
365 6.646920e-01 2.240000e-03 3.330680e-01
366 6.642760e-01 2.228000e-03 3.334960e-01
367 6.637720e-01 2.404000e-03 3.338240e-01
368 6.633000e-01 2.440000e-03 3.342600e-01
369 6.629120e-01 2.348000e-03 3.347400e-01
370 6.625200e-01 2.348000e-03 3.351320e-01
371 6.621520e-01 2.340000e-03 3.355080e-01
372 6.618080e-01 2.312000e-03 3.358800e-01
373 6.614280e-01 2.328000e-03 3.362440e-01
374 6.611680e-01 2.196000e-03 3.366360e-01
375 6.608480e-01 2.200000e-03 3.369520e-01
376 6.604040e-01 2.260000e-03 3.373360e-01
377 6.601160e-01 2.236000e-03 3.376480e-01
378 6.597000e-01 2.336000e-03 3.379640e-01
379 6.592880e-01 2.368000e-03 3.383440e-01
380 6.588280e-01 2.388000e-03 3.387840e-01
381 6.583840e-01 2.456000e-03 3.391600e-01
382 6.579560e-01 2.476000e-03 3.395680e-01
383 6.575360e-01 2.520000e-03 3.399440e-01
384 6.571080e-01 2.520000e-03 3.403720e-01
385 6.566200e-01 2.612000e-03 3.407680e-01
386 6.561400e-01 2.684000e-03 3.411760e-01
387 6.556360e-01 2.732000e-03 3.416320e-01
388 6.551760e-01 2.712000e-03 3.421120e-01
389 6.547920e-01 2.576000e-03 3.426320e-01
390 6.544160e-01 2.452000e-03 3.431320e-01
391 6.541040e-01 2.324000e-03 3.435720e-01
392 6.537480e-01 2.272000e-03 3.439800e-01
393 6.534840e-01 2.160000e-03 3.443560e-01
394 6.531440e-01 2.108000e-03 3.447480e-01
395 6.528360e-01 2.072000e-03 3.450920e-01
396 6.524720e-01 2.012000e-03 3.455160e-01
397 6.521720e-01 1.964000e-03 3.458640e-01
398 6.518520e-01 1.948000e-03 3.462000e-01
399 6.515080e-01 1.940000e-03 3.465520e-01
400 6.511560e-01 1.920000e-03 3.469240e-01
401 6.507840e-01 2.020000e-03 3.471960e-01
402 6.503840e-01 2.100000e-03 3.475160e-01
403 6.500400e-01 2.068000e-03 3.478920e-01
404 6.497200e-01 2.052000e-03 3.482280e-01
405 6.493440e-01 2.056000e-03 3.486000e-01
406 6.490040e-01 2.072000e-03 3.489240e-01
407 6.487480e-01 2.040000e-03 3.492120e-01
408 6.484560e-01 2.020000e-03 3.495240e-01
409 6.480720e-01 2.020000e-03 3.499080e-01
410 6.477880e-01 1.952000e-03 3.502600e-01
411 6.474200e-01 1.924000e-03 3.506560e-01
412 6.470320e-01 1.972000e-03 3.509960e-01
413 6.467120e-01 1.964000e-03 3.513240e-01
414 6.463440e-01 1.992000e-03 3.516640e-01
415 6.459160e-01 2.040000e-03 3.520440e-01
416 6.456200e-01 2.020000e-03 3.523600e-01
417 6.453320e-01 1.956000e-03 3.527120e-01
418 6.450120e-01 1.924000e-03 3.530640e-01
419 6.447000e-01 1.936000e-03 3.533640e-01
420 6.443720e-01 1.868000e-03 3.537600e-01
421 6.441000e-01 1.832000e-03 3.540680e-01
422 6.438480e-01 1.796000e-03 3.543560e-01
423 6.435360e-01 1.808000e-03 3.546560e-01
424 6.432760e-01 1.744000e-03 3.549800e-01
425 6.429880e-01 1.744000e-03 3.552680e-01
426 6.426920e-01 1.744000e-03 3.555640e-01
427 6.424200e-01 1.728000e-03 3.558520e-01
428 6.421520e-01 1.712000e-03 3.561360e-01
429 6.418720e-01 1.700000e-03 3.564280e-01
430 6.416120e-01 1.668000e-03 3.567200e-01
431 6.414000e-01 1.548000e-03 3.570520e-01
432 6.411320e-01 1.544000e-03 3.573240e-01
433 6.408600e-01 1.632000e-03 3.575080e-01
434 6.405680e-01 1.608000e-03 3.578240e-01
435 6.402640e-01 1.608000e-03 3.581280e-01
436 6.398760e-01 1.752000e-03 3.583720e-01
437 6.395600e-01 1.764000e-03 3.586760e-01
438 6.392320e-01 1.760000e-03 3.590080e-01
439 6.388520e-01 1.792000e-03 3.593560e-01
440 6.385720e-01 1.800000e-03 3.596280e-01
441 6.382040e-01 1.880000e-03 3.599160e-01
442 6.378240e-01 1.948000e-03 3.602280e-01
443 6.374920e-01 1.928000e-03 3.605800e-01
444 6.371680e-01 1.920000e-03 3.609120e-01
445 6.368360e-01 1.912000e-03 3.612520e-01
446 6.365640e-01 1.836000e-03 3.616000e-01
447 6.363000e-01 1.816000e-03 3.618840e-01
448 6.360360e-01 1.812000e-03 3.621520e-01
449 6.357640e-01 1.800000e-03 3.624360e-01
450 6.355240e-01 1.720000e-03 3.627560e-01
451 6.351680e-01 1.772000e-03 3.630600e-01
452 6.348240e-01 1.748000e-03 3.634280e-01
453 6.344600e-01 1.808000e-03 3.637320e-01
454 6.340880e-01 1.884000e-03 3.640280e-01
455 6.337000e-01 1.992000e-03 3.643080e-01
456 6.333560e-01 2.048000e-03 3.645960e-01
457 6.330880e-01 1.932000e-03 3.649800e-01
458 6.328080e-01 1.820000e-03 3.653720e-01
459 6.325200e-01 1.764000e-03 3.657160e-01
460 6.323280e-01 1.628000e-03 3.660440e-01
461 6.320240e-01 1.692000e-03 3.662840e-01
462 6.317520e-01 1.632000e-03 3.666160e-01
463 6.314720e-01 1.652000e-03 3.668760e-01
464 6.312000e-01 1.700000e-03 3.671000e-01
465 6.309520e-01 1.664000e-03 3.673840e-01
466 6.307280e-01 1.596000e-03 3.676760e-01
467 6.304800e-01 1.544000e-03 3.679760e-01
468 6.302600e-01 1.500000e-03 3.682400e-01
469 6.299520e-01 1.520000e-03 3.685280e-01
470 6.297440e-01 1.440000e-03 3.688160e-01
471 6.295600e-01 1.356000e-03 3.690840e-01
472 6.294560e-01 1.208000e-03 3.693360e-01
473 6.293360e-01 1.168000e-03 3.694960e-01
474 6.291320e-01 1.148000e-03 3.697200e-01
475 6.289520e-01 1.120000e-03 3.699280e-01
476 6.287640e-01 1.112000e-03 3.701240e-01
477 6.285680e-01 1.100000e-03 3.703320e-01
478 6.283360e-01 1.148000e-03 3.705160e-01
479 6.281840e-01 1.056000e-03 3.707600e-01
480 6.279800e-01 1.104000e-03 3.709160e-01
481 6.278320e-01 1.096000e-03 3.710720e-01
482 6.276040e-01 1.104000e-03 3.712920e-01
483 6.273920e-01 1.100000e-03 3.715080e-01
484 6.272040e-01 1.080000e-03 3.717160e-01
485 6.270000e-01 1.136000e-03 3.718640e-01
486 6.267920e-01 1.176000e-03 3.720320e-01
487 6.266400e-01 1.168000e-03 3.721920e-01
488 6.265040e-01 1.084000e-03 3.724120e-01
489 6.263240e-01 1.096000e-03 3.725800e-01
490 6.260960e-01 1.148000e-03 3.727560e-01
491 6.259080e-01 1.076000e-03 3.730160e-01
492 6.256760e-01 1.128000e-03 3.731960e-01
493 6.255360e-01 1.084000e-03 3.733800e-01
494 6.253480e-01 1.092000e-03 3.735600e-01
495 6.252160e-01 1.048000e-03 3.737360e-01
496 6.250880e-01 9.760000e-04 3.739360e-01
497 6.249960e-01 8.960000e-04 3.741080e-01
498 6.248920e-01 8.360000e-04 3.742720e-01
499 6.247840e-01 8.280000e-04 3.743880e-01
500 6.246680e-01 8.000000e-04 3.745320e-01
