1 9.993120e-01 6.000000e-04 8.800000e-05
2 9.988480e-01 9.520000e-04 2.000000e-04
3 9.983240e-01 1.328000e-03 3.480000e-04
4 9.977040e-01 1.700000e-03 5.960000e-04
5 9.969560e-01 2.144000e-03 9.000000e-04
6 9.962240e-01 2.420000e-03 1.356000e-03
7 9.953760e-01 2.812000e-03 1.812000e-03
8 9.944520e-01 3.284000e-03 2.264000e-03
9 9.935720e-01 3.600000e-03 2.828000e-03
10 9.925800e-01 3.880000e-03 3.540000e-03
11 9.916240e-01 4.176000e-03 4.200000e-03
12 9.905360e-01 4.508000e-03 4.956000e-03
13 9.894160e-01 4.724000e-03 5.860000e-03
14 9.883240e-01 4.948000e-03 6.728000e-03
15 9.870360e-01 5.284000e-03 7.680000e-03
16 9.859280e-01 5.456000e-03 8.616000e-03
17 9.846400e-01 5.716000e-03 9.644000e-03
18 9.834600e-01 5.956000e-03 1.058400e-02
19 9.819800e-01 6.348000e-03 1.167200e-02
20 9.805960e-01 6.580000e-03 1.282400e-02
21 9.791640e-01 6.792000e-03 1.404400e-02
22 9.777320e-01 6.924000e-03 1.534400e-02
23 9.762000e-01 7.276000e-03 1.652400e-02
24 9.746200e-01 7.360000e-03 1.802000e-02
25 9.730640e-01 7.672000e-03 1.926400e-02
26 9.713360e-01 8.072000e-03 2.059200e-02
27 9.698440e-01 8.068000e-03 2.208800e-02
28 9.681720e-01 8.404000e-03 2.342400e-02
29 9.666600e-01 8.368000e-03 2.497200e-02
30 9.651280e-01 8.424000e-03 2.644800e-02
31 9.634680e-01 8.560000e-03 2.797200e-02
32 9.619400e-01 8.608000e-03 2.945200e-02
33 9.603680e-01 8.656000e-03 3.097600e-02
34 9.589320e-01 8.508000e-03 3.256000e-02
35 9.574160e-01 8.440000e-03 3.414400e-02
36 9.559400e-01 8.536000e-03 3.552400e-02
37 9.544080e-01 8.568000e-03 3.702400e-02
38 9.529240e-01 8.572000e-03 3.850400e-02
39 9.513320e-01 8.648000e-03 4.002000e-02
40 9.497960e-01 8.592000e-03 4.161200e-02
41 9.482040e-01 8.748000e-03 4.304800e-02
42 9.465880e-01 8.768000e-03 4.464400e-02
43 9.450800e-01 8.824000e-03 4.609600e-02
44 9.433680e-01 8.948000e-03 4.768400e-02
45 9.418080e-01 8.924000e-03 4.926800e-02
46 9.403600e-01 8.828000e-03 5.081200e-02
47 9.387640e-01 8.856000e-03 5.238000e-02
48 9.370960e-01 8.868000e-03 5.403600e-02
49 9.356520e-01 8.744000e-03 5.560400e-02
50 9.340120e-01 8.944000e-03 5.704400e-02
51 9.324560e-01 9.044000e-03 5.850000e-02
52 9.310240e-01 8.856000e-03 6.012000e-02
53 9.295600e-01 8.684000e-03 6.175600e-02
54 9.281600e-01 8.628000e-03 6.321200e-02
55 9.268440e-01 8.428000e-03 6.472800e-02
56 9.254080e-01 8.348000e-03 6.624400e-02
57 9.238280e-01 8.416000e-03 6.775600e-02
58 9.222760e-01 8.680000e-03 6.904400e-02
59 9.206840e-01 8.764000e-03 7.055200e-02
60 9.191760e-01 8.844000e-03 7.198000e-02
61 9.177160e-01 8.816000e-03 7.346800e-02
62 9.162960e-01 8.716000e-03 7.498800e-02
63 9.148440e-01 8.816000e-03 7.634000e-02
64 9.133000e-01 8.832000e-03 7.786800e-02
65 9.118800e-01 8.760000e-03 7.936000e-02
66 9.102600e-01 8.820000e-03 8.092000e-02
67 9.087000e-01 8.712000e-03 8.258800e-02
68 9.071480e-01 8.792000e-03 8.406000e-02
69 9.056600e-01 8.836000e-03 8.550400e-02
70 9.041200e-01 8.860000e-03 8.702000e-02
71 9.025360e-01 8.924000e-03 8.854000e-02
72 9.008880e-01 8.852000e-03 9.026000e-02
73 8.991400e-01 9.064000e-03 9.179600e-02
74 8.975920e-01 9.052000e-03 9.335600e-02
75 8.959200e-01 9.016000e-03 9.506400e-02
76 8.941480e-01 9.232000e-03 9.662000e-02
77 8.924440e-01 9.328000e-03 9.822800e-02
78 8.908360e-01 9.300000e-03 9.986400e-02
79 8.893800e-01 9.108000e-03 1.015120e-01
80 8.877840e-01 9.136000e-03 1.030800e-01
81 8.862400e-01 9.080000e-03 1.046800e-01
82 8.847240e-01 8.996000e-03 1.062800e-01
83 8.832400e-01 8.864000e-03 1.078960e-01
84 8.818080e-01 8.768000e-03 1.094240e-01
85 8.802840e-01 8.816000e-03 1.109000e-01
86 8.787960e-01 8.732000e-03 1.124720e-01
87 8.773520e-01 8.752000e-03 1.138960e-01
88 8.758400e-01 8.624000e-03 1.155360e-01
89 8.743080e-01 8.764000e-03 1.169280e-01
90 8.727760e-01 8.756000e-03 1.184680e-01
91 8.712280e-01 8.784000e-03 1.199880e-01
92 8.697240e-01 8.728000e-03 1.215480e-01
93 8.683600e-01 8.728000e-03 1.229120e-01
94 8.668440e-01 8.612000e-03 1.245440e-01
95 8.654880e-01 8.520000e-03 1.259920e-01
96 8.639520e-01 8.428000e-03 1.276200e-01
97 8.623440e-01 8.692000e-03 1.289640e-01
98 8.608320e-01 8.632000e-03 1.305360e-01
99 8.593480e-01 8.644000e-03 1.320080e-01
100 8.578040e-01 8.780000e-03 1.334160e-01
101 8.562960e-01 8.660000e-03 1.350440e-01
102 8.549720e-01 8.444000e-03 1.365840e-01
103 8.533800e-01 8.500000e-03 1.381200e-01
104 8.518640e-01 8.600000e-03 1.395360e-01
105 8.504840e-01 8.444000e-03 1.410720e-01
106 8.490280e-01 8.512000e-03 1.424600e-01
107 8.475840e-01 8.312000e-03 1.441040e-01
108 8.462680e-01 8.184000e-03 1.455480e-01
109 8.448760e-01 8.160000e-03 1.469640e-01
110 8.435400e-01 8.096000e-03 1.483640e-01
111 8.422320e-01 7.976000e-03 1.497920e-01
112 8.410760e-01 7.804000e-03 1.511200e-01
113 8.398680e-01 7.584000e-03 1.525480e-01
114 8.387120e-01 7.424000e-03 1.538640e-01
115 8.374400e-01 7.344000e-03 1.552160e-01
116 8.361840e-01 7.216000e-03 1.566000e-01
117 8.348720e-01 7.344000e-03 1.577840e-01
118 8.336000e-01 7.340000e-03 1.590600e-01
119 8.323320e-01 7.328000e-03 1.603400e-01
120 8.311280e-01 7.280000e-03 1.615920e-01
121 8.299760e-01 7.220000e-03 1.628040e-01
122 8.286920e-01 7.260000e-03 1.640480e-01
123 8.273880e-01 7.368000e-03 1.652440e-01
124 8.261640e-01 7.264000e-03 1.665720e-01
125 8.248560e-01 7.336000e-03 1.678080e-01
126 8.235120e-01 7.420000e-03 1.690680e-01
127 8.222960e-01 7.288000e-03 1.704160e-01
128 8.210960e-01 7.240000e-03 1.716640e-01
129 8.197600e-01 7.316000e-03 1.729240e-01
130 8.184600e-01 7.392000e-03 1.741480e-01
131 8.172440e-01 7.300000e-03 1.754560e-01
132 8.159280e-01 7.420000e-03 1.766520e-01
133 8.146560e-01 7.328000e-03 1.780160e-01
134 8.135120e-01 7.168000e-03 1.793200e-01
135 8.121880e-01 7.368000e-03 1.804440e-01
136 8.109320e-01 7.396000e-03 1.816720e-01
137 8.096800e-01 7.308000e-03 1.830120e-01
138 8.084560e-01 7.396000e-03 1.841480e-01
139 8.072040e-01 7.296000e-03 1.855000e-01
140 8.059880e-01 7.264000e-03 1.867480e-01
141 8.047720e-01 7.244000e-03 1.879840e-01
142 8.034920e-01 7.264000e-03 1.892440e-01
143 8.022240e-01 7.328000e-03 1.904480e-01
144 8.009720e-01 7.256000e-03 1.917720e-01
145 7.997960e-01 7.084000e-03 1.931200e-01
146 7.985680e-01 7.064000e-03 1.943680e-01
147 7.972400e-01 7.088000e-03 1.956720e-01
148 7.959800e-01 7.136000e-03 1.968840e-01
149 7.947320e-01 7.152000e-03 1.981160e-01
150 7.935160e-01 6.972000e-03 1.995120e-01
151 7.922600e-01 7.028000e-03 2.007120e-01
152 7.910800e-01 6.904000e-03 2.020160e-01
153 7.900680e-01 6.688000e-03 2.032440e-01
154 7.891680e-01 6.356000e-03 2.044760e-01
155 7.879880e-01 6.528000e-03 2.054840e-01
156 7.867960e-01 6.636000e-03 2.065680e-01
157 7.857520e-01 6.532000e-03 2.077160e-01
158 7.845560e-01 6.568000e-03 2.088760e-01
159 7.835760e-01 6.484000e-03 2.099400e-01
160 7.824600e-01 6.496000e-03 2.110440e-01
161 7.813040e-01 6.508000e-03 2.121880e-01
162 7.802880e-01 6.268000e-03 2.134440e-01
163 7.792520e-01 6.316000e-03 2.144320e-01
164 7.782080e-01 6.264000e-03 2.155280e-01
165 7.772080e-01 6.216000e-03 2.165760e-01
166 7.762640e-01 6.028000e-03 2.177080e-01
167 7.752840e-01 5.968000e-03 2.187480e-01
168 7.744000e-01 5.808000e-03 2.197920e-01
169 7.734240e-01 5.664000e-03 2.209120e-01
170 7.723080e-01 5.724000e-03 2.219680e-01
171 7.713360e-01 5.668000e-03 2.229960e-01
172 7.703160e-01 5.820000e-03 2.238640e-01
173 7.692600e-01 5.884000e-03 2.248560e-01
174 7.681680e-01 5.900000e-03 2.259320e-01
175 7.670400e-01 6.040000e-03 2.269200e-01
176 7.659800e-01 6.004000e-03 2.280160e-01
177 7.648600e-01 6.076000e-03 2.290640e-01
178 7.639320e-01 5.912000e-03 2.301560e-01
179 7.628560e-01 5.884000e-03 2.312600e-01
180 7.619360e-01 5.736000e-03 2.323280e-01
181 7.608680e-01 5.784000e-03 2.333480e-01
182 7.599480e-01 5.808000e-03 2.342440e-01
183 7.590080e-01 5.736000e-03 2.352560e-01
184 7.581400e-01 5.708000e-03 2.361520e-01
185 7.571600e-01 5.648000e-03 2.371920e-01
186 7.561960e-01 5.612000e-03 2.381920e-01
187 7.553680e-01 5.492000e-03 2.391400e-01
188 7.543120e-01 5.604000e-03 2.400840e-01
189 7.533920e-01 5.552000e-03 2.410560e-01
190 7.524200e-01 5.508000e-03 2.420720e-01
191 7.513560e-01 5.708000e-03 2.429360e-01
192 7.503280e-01 5.868000e-03 2.438040e-01
193 7.492080e-01 5.860000e-03 2.449320e-01
194 7.481400e-01 5.832000e-03 2.460280e-01
195 7.472560e-01 5.696000e-03 2.470480e-01
196 7.463680e-01 5.652000e-03 2.479800e-01
197 7.454160e-01 5.588000e-03 2.489960e-01
198 7.442880e-01 5.756000e-03 2.499560e-01
199 7.434080e-01 5.652000e-03 2.509400e-01
200 7.424240e-01 5.604000e-03 2.519720e-01
201 7.416520e-01 5.312000e-03 2.530360e-01
202 7.408120e-01 5.268000e-03 2.539200e-01
203 7.399240e-01 5.268000e-03 2.548080e-01
204 7.390440e-01 5.148000e-03 2.558080e-01
205 7.381200e-01 5.088000e-03 2.567920e-01
206 7.371960e-01 5.188000e-03 2.576160e-01
207 7.362400e-01 5.272000e-03 2.584880e-01
208 7.352440e-01 5.348000e-03 2.594080e-01
209 7.342720e-01 5.500000e-03 2.602280e-01
210 7.333560e-01 5.416000e-03 2.612280e-01
211 7.324080e-01 5.408000e-03 2.621840e-01
212 7.314560e-01 5.372000e-03 2.631720e-01
213 7.306680e-01 5.244000e-03 2.640880e-01
214 7.298920e-01 5.096000e-03 2.650120e-01
215 7.290640e-01 5.128000e-03 2.658080e-01
216 7.282880e-01 5.020000e-03 2.666920e-01
217 7.274280e-01 4.944000e-03 2.676280e-01
218 7.265960e-01 5.004000e-03 2.684000e-01
219 7.258720e-01 4.868000e-03 2.692600e-01
220 7.251840e-01 4.728000e-03 2.700880e-01
221 7.244400e-01 4.668000e-03 2.708920e-01
222 7.236320e-01 4.712000e-03 2.716560e-01
223 7.229200e-01 4.644000e-03 2.724360e-01
224 7.221960e-01 4.656000e-03 2.731480e-01
225 7.214720e-01 4.628000e-03 2.739000e-01
226 7.207240e-01 4.592000e-03 2.746840e-01
227 7.199440e-01 4.516000e-03 2.755400e-01
228 7.192480e-01 4.496000e-03 2.762560e-01
229 7.186720e-01 4.188000e-03 2.771400e-01
230 7.182080e-01 3.888000e-03 2.779040e-01
231 7.176240e-01 3.800000e-03 2.785760e-01
232 7.170600e-01 3.552000e-03 2.793880e-01
233 7.165680e-01 3.420000e-03 2.800120e-01
234 7.159240e-01 3.452000e-03 2.806240e-01
235 7.154800e-01 3.292000e-03 2.812280e-01
236 7.149440e-01 3.268000e-03 2.817880e-01
237 7.144760e-01 3.100000e-03 2.824240e-01
238 7.140440e-01 3.028000e-03 2.829280e-01
239 7.135760e-01 2.960000e-03 2.834640e-01
240 7.131480e-01 2.892000e-03 2.839600e-01
241 7.126680e-01 2.764000e-03 2.845680e-01
242 7.122200e-01 2.732000e-03 2.850480e-01
243 7.117640e-01 2.716000e-03 2.855200e-01
244 7.113240e-01 2.644000e-03 2.860320e-01
245 7.109080e-01 2.576000e-03 2.865160e-01
246 7.104400e-01 2.564000e-03 2.869960e-01
247 7.100080e-01 2.488000e-03 2.875040e-01
248 7.095920e-01 2.444000e-03 2.879640e-01
249 7.091560e-01 2.452000e-03 2.883920e-01
250 7.087760e-01 2.460000e-03 2.887640e-01
251 7.083760e-01 2.436000e-03 2.891880e-01
252 7.079120e-01 2.496000e-03 2.895920e-01
253 7.075160e-01 2.500000e-03 2.899840e-01
254 7.070200e-01 2.612000e-03 2.903680e-01
255 7.065560e-01 2.640000e-03 2.908040e-01
256 7.062400e-01 2.500000e-03 2.912600e-01
257 7.058400e-01 2.484000e-03 2.916760e-01
258 7.053600e-01 2.468000e-03 2.921720e-01
259 7.049880e-01 2.384000e-03 2.926280e-01
260 7.046040e-01 2.344000e-03 2.930520e-01
261 7.042280e-01 2.344000e-03 2.934280e-01
262 7.037280e-01 2.460000e-03 2.938120e-01
263 7.033000e-01 2.492000e-03 2.942080e-01
264 7.027600e-01 2.628000e-03 2.946120e-01
265 7.022680e-01 2.684000e-03 2.950480e-01
266 7.017600e-01 2.676000e-03 2.955640e-01
267 7.013480e-01 2.628000e-03 2.960240e-01
268 7.009000e-01 2.604000e-03 2.964960e-01
269 7.004920e-01 2.580000e-03 2.969280e-01
270 7.000360e-01 2.544000e-03 2.974200e-01
271 6.995360e-01 2.620000e-03 2.978440e-01
272 6.990160e-01 2.696000e-03 2.982880e-01
273 6.986160e-01 2.620000e-03 2.987640e-01
274 6.981720e-01 2.616000e-03 2.992120e-01
275 6.977960e-01 2.504000e-03 2.997000e-01
276 6.974320e-01 2.412000e-03 3.001560e-01
277 6.970960e-01 2.348000e-03 3.005560e-01
278 6.966800e-01 2.388000e-03 3.009320e-01
279 6.963720e-01 2.284000e-03 3.013440e-01
280 6.960680e-01 2.180000e-03 3.017520e-01
281 6.957400e-01 2.104000e-03 3.021560e-01
282 6.954080e-01 2.052000e-03 3.025400e-01
283 6.950840e-01 2.024000e-03 3.028920e-01
284 6.948000e-01 1.964000e-03 3.032360e-01
285 6.945440e-01 1.912000e-03 3.035440e-01
286 6.942480e-01 1.896000e-03 3.038560e-01
287 6.939200e-01 1.920000e-03 3.041600e-01
288 6.936480e-01 1.912000e-03 3.044400e-01
289 6.933800e-01 1.844000e-03 3.047760e-01
290 6.931040e-01 1.732000e-03 3.051640e-01
291 6.928960e-01 1.600000e-03 3.055040e-01
292 6.926800e-01 1.508000e-03 3.058120e-01
293 6.924400e-01 1.516000e-03 3.060440e-01
294 6.922120e-01 1.452000e-03 3.063360e-01
295 6.919520e-01 1.448000e-03 3.066000e-01
296 6.917200e-01 1.412000e-03 3.068680e-01
297 6.914840e-01 1.416000e-03 3.071000e-01
298 6.912880e-01 1.384000e-03 3.073280e-01
299 6.910200e-01 1.432000e-03 3.075480e-01
300 6.907360e-01 1.460000e-03 3.078040e-01
301 6.904440e-01 1.432000e-03 3.081240e-01
302 6.901960e-01 1.412000e-03 3.083920e-01
303 6.898920e-01 1.384000e-03 3.087240e-01
304 6.895480e-01 1.484000e-03 3.089680e-01
305 6.892680e-01 1.504000e-03 3.092280e-01
306 6.890280e-01 1.564000e-03 3.094080e-01
307 6.886720e-01 1.628000e-03 3.097000e-01
308 6.884080e-01 1.640000e-03 3.099520e-01
309 6.881240e-01 1.684000e-03 3.101920e-01
310 6.878920e-01 1.672000e-03 3.104360e-01
311 6.876120e-01 1.700000e-03 3.106880e-01
312 6.872920e-01 1.756000e-03 3.109520e-01
313 6.869760e-01 1.768000e-03 3.112560e-01
314 6.867160e-01 1.692000e-03 3.115920e-01
315 6.864960e-01 1.644000e-03 3.118600e-01
316 6.862720e-01 1.588000e-03 3.121400e-01
317 6.860360e-01 1.600000e-03 3.123640e-01
318 6.857360e-01 1.596000e-03 3.126680e-01
319 6.854160e-01 1.644000e-03 3.129400e-01
320 6.852520e-01 1.536000e-03 3.132120e-01
321 6.850000e-01 1.508000e-03 3.134920e-01
322 6.847040e-01 1.548000e-03 3.137480e-01
323 6.844800e-01 1.512000e-03 3.140080e-01
324 6.842520e-01 1.488000e-03 3.142600e-01
325 6.840280e-01 1.472000e-03 3.145000e-01
326 6.837920e-01 1.472000e-03 3.147360e-01
327 6.835520e-01 1.460000e-03 3.149880e-01
328 6.832920e-01 1.464000e-03 3.152440e-01
329 6.830720e-01 1.448000e-03 3.154800e-01
330 6.828440e-01 1.388000e-03 3.157680e-01
331 6.826520e-01 1.308000e-03 3.160400e-01
332 6.824160e-01 1.312000e-03 3.162720e-01
333 6.822200e-01 1.320000e-03 3.164600e-01
334 6.820040e-01 1.280000e-03 3.167160e-01
335 6.818240e-01 1.252000e-03 3.169240e-01
336 6.816560e-01 1.212000e-03 3.171320e-01
337 6.814560e-01 1.244000e-03 3.173000e-01
338 6.812440e-01 1.276000e-03 3.174800e-01
339 6.810800e-01 1.184000e-03 3.177360e-01
340 6.809440e-01 1.100000e-03 3.179560e-01
341 6.806680e-01 1.212000e-03 3.181200e-01
342 6.804920e-01 1.132000e-03 3.183760e-01
343 6.803240e-01 1.084000e-03 3.185920e-01
344 6.801080e-01 1.140000e-03 3.187520e-01
345 6.799160e-01 1.116000e-03 3.189680e-01
346 6.797520e-01 1.080000e-03 3.191680e-01
347 6.795960e-01 1.036000e-03 3.193680e-01
348 6.794400e-01 1.056000e-03 3.195040e-01
349 6.792160e-01 1.100000e-03 3.196840e-01
350 6.790640e-01 1.068000e-03 3.198680e-01
351 6.788680e-01 1.116000e-03 3.200160e-01
352 6.786760e-01 1.084000e-03 3.202400e-01
353 6.784960e-01 1.088000e-03 3.204160e-01
354 6.782720e-01 1.124000e-03 3.206040e-01
355 6.780760e-01 1.116000e-03 3.208080e-01
356 6.778200e-01 1.200000e-03 3.209800e-01
357 6.776240e-01 1.196000e-03 3.211800e-01
358 6.774320e-01 1.180000e-03 3.213880e-01
359 6.772280e-01 1.168000e-03 3.216040e-01
360 6.770360e-01 1.112000e-03 3.218520e-01
361 6.768480e-01 1.060000e-03 3.220920e-01
362 6.767160e-01 1.048000e-03 3.222360e-01
363 6.765080e-01 1.084000e-03 3.224080e-01
364 6.763720e-01 9.960000e-04 3.226320e-01
365 6.762320e-01 1.000000e-03 3.227680e-01
366 6.760800e-01 9.840000e-04 3.229360e-01
367 6.759320e-01 9.600000e-04 3.231080e-01
368 6.757720e-01 8.840000e-04 3.233440e-01
369 6.756480e-01 8.400000e-04 3.235120e-01
370 6.755120e-01 8.000000e-04 3.236880e-01
371 6.753480e-01 7.960000e-04 3.238560e-01
372 6.752440e-01 7.680000e-04 3.239880e-01
373 6.751080e-01 7.480000e-04 3.241440e-01
374 6.749640e-01 7.480000e-04 3.242880e-01
375 6.748640e-01 7.320000e-04 3.244040e-01
376 6.747120e-01 7.400000e-04 3.245480e-01
377 6.745640e-01 7.680000e-04 3.246680e-01
378 6.744320e-01 7.800000e-04 3.247880e-01
379 6.742560e-01 8.360000e-04 3.249080e-01
380 6.740960e-01 8.440000e-04 3.250600e-01
381 6.739480e-01 8.640000e-04 3.251880e-01
382 6.737720e-01 8.760000e-04 3.253520e-01
383 6.736040e-01 8.720000e-04 3.255240e-01
384 6.734560e-01 8.560000e-04 3.256880e-01
385 6.732760e-01 8.760000e-04 3.258480e-01
386 6.730520e-01 9.560000e-04 3.259920e-01
387 6.729120e-01 9.440000e-04 3.261440e-01
388 6.727760e-01 9.160000e-04 3.263080e-01
389 6.726440e-01 8.920000e-04 3.264640e-01
390 6.724840e-01 8.400000e-04 3.266760e-01
391 6.723280e-01 8.680000e-04 3.268040e-01
392 6.721840e-01 8.600000e-04 3.269560e-01
393 6.720480e-01 8.520000e-04 3.271000e-01
394 6.719400e-01 8.360000e-04 3.272240e-01
395 6.718080e-01 8.040000e-04 3.273880e-01
396 6.716680e-01 8.000000e-04 3.275320e-01
397 6.715360e-01 7.760000e-04 3.276880e-01
398 6.713480e-01 8.320000e-04 3.278200e-01
399 6.712360e-01 8.080000e-04 3.279560e-01
400 6.711000e-01 7.840000e-04 3.281160e-01
401 6.709240e-01 8.560000e-04 3.282200e-01
402 6.707640e-01 8.560000e-04 3.283800e-01
403 6.705200e-01 9.320000e-04 3.285480e-01
404 6.703000e-01 9.400000e-04 3.287600e-01
405 6.701160e-01 9.360000e-04 3.289480e-01
406 6.699200e-01 9.360000e-04 3.291440e-01
407 6.696720e-01 1.000000e-03 3.293280e-01
408 6.695000e-01 9.880000e-04 3.295120e-01
409 6.693240e-01 9.840000e-04 3.296920e-01
410 6.691720e-01 9.560000e-04 3.298720e-01
411 6.689880e-01 9.920000e-04 3.300200e-01
412 6.688360e-01 1.004000e-03 3.301600e-01
413 6.686560e-01 9.800000e-04 3.303640e-01
414 6.684880e-01 1.020000e-03 3.304920e-01
415 6.683400e-01 1.012000e-03 3.306480e-01
416 6.682120e-01 9.920000e-04 3.307960e-01
417 6.680600e-01 9.480000e-04 3.309920e-01
418 6.679400e-01 8.960000e-04 3.311640e-01
419 6.678280e-01 8.480000e-04 3.313240e-01
420 6.677040e-01 8.240000e-04 3.314720e-01
421 6.675880e-01 8.080000e-04 3.316040e-01
422 6.674160e-01 8.400000e-04 3.317440e-01
423 6.673240e-01 7.920000e-04 3.318840e-01
424 6.671720e-01 8.200000e-04 3.320080e-01
425 6.670200e-01 8.560000e-04 3.321240e-01
426 6.668600e-01 8.880000e-04 3.322520e-01
427 6.667480e-01 8.440000e-04 3.324080e-01
428 6.666680e-01 7.680000e-04 3.325640e-01
429 6.665640e-01 7.600000e-04 3.326760e-01
430 6.664840e-01 7.440000e-04 3.327720e-01
431 6.663760e-01 7.640000e-04 3.328600e-01
432 6.661800e-01 8.200000e-04 3.330000e-01
433 6.660760e-01 8.080000e-04 3.331160e-01
434 6.659920e-01 7.800000e-04 3.332280e-01
435 6.658600e-01 7.480000e-04 3.333920e-01
436 6.657720e-01 7.400000e-04 3.334880e-01
437 6.656760e-01 6.640000e-04 3.336600e-01
438 6.656040e-01 6.160000e-04 3.337800e-01
439 6.655040e-01 6.120000e-04 3.338840e-01
440 6.653800e-01 6.120000e-04 3.340080e-01
441 6.652320e-01 6.680000e-04 3.341000e-01
442 6.651240e-01 6.400000e-04 3.342360e-01
443 6.649920e-01 6.600000e-04 3.343480e-01
444 6.648800e-01 6.560000e-04 3.344640e-01
445 6.647920e-01 5.840000e-04 3.346240e-01
446 6.646760e-01 6.080000e-04 3.347160e-01
447 6.645200e-01 6.120000e-04 3.348680e-01
448 6.643800e-01 6.400000e-04 3.349800e-01
449 6.642120e-01 6.880000e-04 3.351000e-01
450 6.640480e-01 7.360000e-04 3.352160e-01
451 6.639000e-01 7.440000e-04 3.353560e-01
452 6.637720e-01 7.480000e-04 3.354800e-01
453 6.636080e-01 7.720000e-04 3.356200e-01
454 6.635200e-01 7.240000e-04 3.357560e-01
455 6.634120e-01 7.200000e-04 3.358680e-01
456 6.633080e-01 7.200000e-04 3.359720e-01
457 6.632040e-01 7.160000e-04 3.360800e-01
458 6.630840e-01 6.880000e-04 3.362280e-01
459 6.629440e-01 6.720000e-04 3.363840e-01
460 6.628280e-01 6.800000e-04 3.364920e-01
461 6.627280e-01 6.880000e-04 3.365840e-01
462 6.626080e-01 6.440000e-04 3.367480e-01
463 6.624840e-01 6.560000e-04 3.368600e-01
464 6.623920e-01 6.280000e-04 3.369800e-01
465 6.622720e-01 6.200000e-04 3.371080e-01
466 6.621480e-01 6.120000e-04 3.372400e-01
467 6.620440e-01 5.960000e-04 3.373600e-01
468 6.619280e-01 6.280000e-04 3.374440e-01
469 6.618080e-01 6.320000e-04 3.375600e-01
470 6.617280e-01 5.960000e-04 3.376760e-01
471 6.615760e-01 6.440000e-04 3.377800e-01
472 6.614520e-01 6.760000e-04 3.378720e-01
473 6.613560e-01 6.680000e-04 3.379760e-01
474 6.612680e-01 6.360000e-04 3.380960e-01
475 6.611360e-01 6.640000e-04 3.382000e-01
476 6.609960e-01 6.920000e-04 3.383120e-01
477 6.609000e-01 6.560000e-04 3.384440e-01
478 6.608000e-01 6.320000e-04 3.385680e-01
479 6.606880e-01 6.080000e-04 3.387040e-01
480 6.605440e-01 6.440000e-04 3.388120e-01
481 6.604440e-01 6.600000e-04 3.388960e-01
482 6.603760e-01 6.200000e-04 3.390040e-01
483 6.602760e-01 6.440000e-04 3.390800e-01
484 6.601960e-01 6.120000e-04 3.391920e-01
485 6.601040e-01 5.800000e-04 3.393160e-01
486 6.600240e-01 5.440000e-04 3.394320e-01
487 6.599040e-01 5.960000e-04 3.395000e-01
488 6.597600e-01 6.120000e-04 3.396280e-01
489 6.595880e-01 6.440000e-04 3.397680e-01
490 6.594560e-01 6.840000e-04 3.398600e-01
491 6.592960e-01 7.080000e-04 3.399960e-01
492 6.591960e-01 6.960000e-04 3.401080e-01
493 6.590600e-01 7.000000e-04 3.402400e-01
494 6.589600e-01 6.960000e-04 3.403440e-01
495 6.588240e-01 7.080000e-04 3.404680e-01
496 6.586400e-01 7.560000e-04 3.406040e-01
497 6.584640e-01 7.720000e-04 3.407640e-01
498 6.583160e-01 7.520000e-04 3.409320e-01
499 6.581120e-01 8.280000e-04 3.410600e-01
500 6.579720e-01 8.400000e-04 3.411880e-01
