1 9.991880e-01 7.320000e-04 8.000000e-05
2 9.986040e-01 1.148000e-03 2.480000e-04
3 9.979440e-01 1.548000e-03 5.080000e-04
4 9.971360e-01 2.088000e-03 7.760000e-04
5 9.962600e-01 2.528000e-03 1.212000e-03
6 9.952680e-01 3.092000e-03 1.640000e-03
7 9.942520e-01 3.600000e-03 2.148000e-03
8 9.931400e-01 4.044000e-03 2.816000e-03
9 9.918960e-01 4.628000e-03 3.476000e-03
10 9.908560e-01 4.856000e-03 4.288000e-03
11 9.897640e-01 5.008000e-03 5.228000e-03
12 9.885880e-01 5.216000e-03 6.196000e-03
13 9.873520e-01 5.516000e-03 7.132000e-03
14 9.862160e-01 5.664000e-03 8.120000e-03
15 9.849120e-01 5.924000e-03 9.164000e-03
16 9.837280e-01 6.048000e-03 1.022400e-02
17 9.822200e-01 6.484000e-03 1.129600e-02
18 9.810120e-01 6.472000e-03 1.251600e-02
19 9.795680e-01 6.768000e-03 1.366400e-02
20 9.781560e-01 7.000000e-03 1.484400e-02
21 9.767600e-01 7.220000e-03 1.602000e-02
22 9.752640e-01 7.472000e-03 1.726400e-02
23 9.737480e-01 7.692000e-03 1.856000e-02
24 9.723200e-01 7.704000e-03 1.997600e-02
25 9.708080e-01 7.912000e-03 2.128000e-02
26 9.693080e-01 7.940000e-03 2.275200e-02
27 9.678840e-01 7.952000e-03 2.416400e-02
28 9.665600e-01 8.052000e-03 2.538800e-02
29 9.653440e-01 7.760000e-03 2.689600e-02
30 9.639320e-01 7.848000e-03 2.822000e-02
31 9.624640e-01 7.836000e-03 2.970000e-02
32 9.609600e-01 7.888000e-03 3.115200e-02
33 9.596080e-01 7.824000e-03 3.256800e-02
34 9.582960e-01 7.740000e-03 3.396400e-02
35 9.570680e-01 7.528000e-03 3.540400e-02
36 9.556280e-01 7.620000e-03 3.675200e-02
37 9.540640e-01 7.868000e-03 3.806800e-02
38 9.524960e-01 8.040000e-03 3.946400e-02
39 9.508720e-01 8.220000e-03 4.090800e-02
40 9.491520e-01 8.432000e-03 4.241600e-02
41 9.476840e-01 8.448000e-03 4.386800e-02
42 9.459080e-01 8.688000e-03 4.540400e-02
43 9.442480e-01 8.824000e-03 4.692800e-02
44 9.425320e-01 9.100000e-03 4.836800e-02
45 9.408600e-01 9.160000e-03 4.998000e-02
46 9.391800e-01 9.216000e-03 5.160400e-02
47 9.374440e-01 9.328000e-03 5.322800e-02
48 9.357760e-01 9.208000e-03 5.501600e-02
49 9.339160e-01 9.384000e-03 5.670000e-02
50 9.323080e-01 9.296000e-03 5.839600e-02
51 9.307440e-01 9.256000e-03 6.000000e-02
52 9.289440e-01 9.328000e-03 6.172800e-02
53 9.273120e-01 9.364000e-03 6.332400e-02
54 9.255760e-01 9.528000e-03 6.489600e-02
55 9.239880e-01 9.408000e-03 6.660400e-02
56 9.223480e-01 9.484000e-03 6.816800e-02
57 9.208920e-01 9.304000e-03 6.980400e-02
58 9.191360e-01 9.480000e-03 7.138400e-02
59 9.173280e-01 9.704000e-03 7.296800e-02
60 9.154760e-01 9.888000e-03 7.463600e-02
61 9.137440e-01 9.768000e-03 7.648800e-02
62 9.119720e-01 9.748000e-03 7.828000e-02
63 9.103200e-01 9.744000e-03 7.993600e-02
64 9.086360e-01 9.748000e-03 8.161600e-02
65 9.068120e-01 9.900000e-03 8.328800e-02
66 9.049600e-01 1.005600e-02 8.498400e-02
67 9.029000e-01 1.032800e-02 8.677200e-02
68 9.010160e-01 1.051200e-02 8.847200e-02
69 8.991160e-01 1.067200e-02 9.021200e-02
70 8.972040e-01 1.071600e-02 9.208000e-02
71 8.952040e-01 1.092800e-02 9.386800e-02
72 8.932640e-01 1.088000e-02 9.585600e-02
73 8.913520e-01 1.103200e-02 9.761600e-02
74 8.893560e-01 1.101600e-02 9.962800e-02
75 8.875520e-01 1.086000e-02 1.015880e-01
76 8.858800e-01 1.059600e-02 1.035240e-01
77 8.841240e-01 1.051600e-02 1.053600e-01
78 8.823200e-01 1.043600e-02 1.072440e-01
79 8.806560e-01 1.030800e-02 1.090360e-01
80 8.789760e-01 1.029600e-02 1.107280e-01
81 8.771160e-01 1.040400e-02 1.124800e-01
82 8.752520e-01 1.050400e-02 1.142440e-01
83 8.735920e-01 1.029600e-02 1.161120e-01
84 8.716240e-01 1.058800e-02 1.177880e-01
85 8.697560e-01 1.065600e-02 1.195880e-01
86 8.678480e-01 1.064400e-02 1.215080e-01
87 8.659200e-01 1.066800e-02 1.234120e-01
88 8.640160e-01 1.071600e-02 1.252680e-01
89 8.622600e-01 1.064400e-02 1.270960e-01
90 8.605480e-01 1.055200e-02 1.289000e-01
91 8.587680e-01 1.056800e-02 1.306640e-01
92 8.569880e-01 1.041600e-02 1.325960e-01
93 8.551200e-01 1.050000e-02 1.343800e-01
94 8.534400e-01 1.042400e-02 1.361360e-01
95 8.517600e-01 1.032800e-02 1.379120e-01
96 8.499920e-01 1.031200e-02 1.396960e-01
97 8.482520e-01 1.023600e-02 1.415120e-01
98 8.464640e-01 1.027200e-02 1.432640e-01
99 8.446800e-01 1.030000e-02 1.450200e-01
100 8.428240e-01 1.046400e-02 1.467120e-01
101 8.410600e-01 1.044400e-02 1.484960e-01
102 8.393680e-01 1.036000e-02 1.502720e-01
103 8.377040e-01 1.026800e-02 1.520280e-01
104 8.359160e-01 1.025600e-02 1.538280e-01
105 8.343120e-01 1.003200e-02 1.556560e-01
106 8.324880e-01 1.009600e-02 1.574160e-01
107 8.307560e-01 1.016000e-02 1.590840e-01
108 8.290160e-01 1.024400e-02 1.607400e-01
109 8.272600e-01 1.018000e-02 1.625600e-01
110 8.255520e-01 1.007600e-02 1.643720e-01
111 8.238360e-01 1.001200e-02 1.661520e-01
112 8.221640e-01 9.944000e-03 1.678920e-01
113 8.204520e-01 9.928000e-03 1.696200e-01
114 8.187360e-01 1.003600e-02 1.712280e-01
115 8.170760e-01 9.968000e-03 1.729560e-01
116 8.154000e-01 9.876000e-03 1.747240e-01
117 8.137520e-01 9.808000e-03 1.764400e-01
118 8.121760e-01 9.656000e-03 1.781680e-01
119 8.105320e-01 9.484000e-03 1.799840e-01
120 8.090320e-01 9.476000e-03 1.814920e-01
121 8.072960e-01 9.576000e-03 1.831280e-01
122 8.057480e-01 9.436000e-03 1.848160e-01
123 8.041640e-01 9.344000e-03 1.864920e-01
124 8.027320e-01 9.092000e-03 1.881760e-01
125 8.012360e-01 8.972000e-03 1.897920e-01
126 7.997400e-01 8.872000e-03 1.913880e-01
127 7.982960e-01 8.744000e-03 1.929600e-01
128 7.968360e-01 8.724000e-03 1.944400e-01
129 7.955080e-01 8.576000e-03 1.959160e-01
130 7.942160e-01 8.440000e-03 1.973440e-01
131 7.928880e-01 8.380000e-03 1.987320e-01
132 7.915640e-01 8.180000e-03 2.002560e-01
133 7.902200e-01 8.152000e-03 2.016280e-01
134 7.889280e-01 8.196000e-03 2.028760e-01
135 7.875720e-01 8.184000e-03 2.042440e-01
136 7.861560e-01 8.356000e-03 2.054880e-01
137 7.848280e-01 8.252000e-03 2.069200e-01
138 7.833240e-01 8.360000e-03 2.083160e-01
139 7.819840e-01 8.136000e-03 2.098800e-01
140 7.806600e-01 7.952000e-03 2.113880e-01
141 7.792840e-01 7.964000e-03 2.127520e-01
142 7.780040e-01 7.820000e-03 2.141760e-01
143 7.767840e-01 7.816000e-03 2.154000e-01
144 7.755520e-01 7.708000e-03 2.167400e-01
145 7.742920e-01 7.648000e-03 2.180600e-01
146 7.729360e-01 7.708000e-03 2.193560e-01
147 7.717240e-01 7.508000e-03 2.207680e-01
148 7.704680e-01 7.464000e-03 2.220680e-01
149 7.692800e-01 7.396000e-03 2.233240e-01
150 7.680240e-01 7.392000e-03 2.245840e-01
151 7.667320e-01 7.444000e-03 2.258240e-01
152 7.656600e-01 7.132000e-03 2.272080e-01
153 7.643160e-01 7.220000e-03 2.284640e-01
154 7.630160e-01 7.248000e-03 2.297360e-01
155 7.616280e-01 7.536000e-03 2.308360e-01
156 7.603040e-01 7.592000e-03 2.321040e-01
157 7.588840e-01 7.704000e-03 2.334120e-01
158 7.576320e-01 7.568000e-03 2.348000e-01
159 7.563120e-01 7.552000e-03 2.361360e-01
160 7.550080e-01 7.536000e-03 2.374560e-01
161 7.536720e-01 7.508000e-03 2.388200e-01
162 7.525200e-01 7.388000e-03 2.400920e-01
163 7.513800e-01 7.260000e-03 2.413600e-01
164 7.500880e-01 7.108000e-03 2.428040e-01
165 7.489040e-01 7.156000e-03 2.439400e-01
166 7.476920e-01 7.064000e-03 2.452440e-01
167 7.465040e-01 6.972000e-03 2.465240e-01
168 7.453160e-01 6.940000e-03 2.477440e-01
169 7.442960e-01 6.764000e-03 2.489400e-01
170 7.431040e-01 6.828000e-03 2.500680e-01
171 7.421000e-01 6.572000e-03 2.513280e-01
172 7.410680e-01 6.380000e-03 2.525520e-01
173 7.398720e-01 6.480000e-03 2.536480e-01
174 7.386840e-01 6.544000e-03 2.547720e-01
175 7.376160e-01 6.448000e-03 2.559360e-01
176 7.365200e-01 6.460000e-03 2.570200e-01
177 7.354960e-01 6.416000e-03 2.580880e-01
178 7.345480e-01 6.336000e-03 2.591160e-01
179 7.334040e-01 6.312000e-03 2.602840e-01
180 7.323640e-01 6.336000e-03 2.613000e-01
181 7.313400e-01 6.224000e-03 2.624360e-01
182 7.302560e-01 6.248000e-03 2.634960e-01
183 7.293640e-01 6.120000e-03 2.645160e-01
184 7.283480e-01 6.072000e-03 2.655800e-01
185 7.273200e-01 6.036000e-03 2.666440e-01
186 7.264520e-01 5.888000e-03 2.676600e-01
187 7.254680e-01 5.752000e-03 2.687800e-01
188 7.244920e-01 5.740000e-03 2.697680e-01
189 7.234960e-01 5.652000e-03 2.708520e-01
190 7.224880e-01 5.568000e-03 2.719440e-01
191 7.215760e-01 5.492000e-03 2.729320e-01
192 7.206520e-01 5.456000e-03 2.738920e-01
193 7.197320e-01 5.384000e-03 2.748840e-01
194 7.188880e-01 5.260000e-03 2.758520e-01
195 7.180440e-01 5.132000e-03 2.768240e-01
196 7.171360e-01 5.120000e-03 2.777440e-01
197 7.162640e-01 5.132000e-03 2.786040e-01
198 7.153640e-01 5.096000e-03 2.795400e-01
199 7.143760e-01 5.168000e-03 2.804560e-01
200 7.134560e-01 5.152000e-03 2.813920e-01
201 7.126440e-01 5.016000e-03 2.823400e-01
202 7.118640e-01 4.876000e-03 2.832600e-01
203 7.110680e-01 4.868000e-03 2.840640e-01
204 7.102600e-01 4.804000e-03 2.849360e-01
205 7.094560e-01 4.788000e-03 2.857560e-01
206 7.085320e-01 4.912000e-03 2.865560e-01
207 7.076880e-01 4.860000e-03 2.874520e-01
208 7.068360e-01 4.880000e-03 2.882840e-01
209 7.059880e-01 4.920000e-03 2.890920e-01
210 7.050640e-01 5.012000e-03 2.899240e-01
211 7.041240e-01 5.104000e-03 2.907720e-01
212 7.032560e-01 5.056000e-03 2.916880e-01
213 7.024240e-01 5.068000e-03 2.925080e-01
214 7.016200e-01 4.940000e-03 2.934400e-01
215 7.008120e-01 4.904000e-03 2.942840e-01
216 7.000360e-01 4.720000e-03 2.952440e-01
217 6.992200e-01 4.752000e-03 2.960280e-01
218 6.984960e-01 4.628000e-03 2.968760e-01
219 6.977200e-01 4.552000e-03 2.977280e-01
220 6.970200e-01 4.488000e-03 2.984920e-01
221 6.962240e-01 4.516000e-03 2.992600e-01
222 6.954720e-01 4.512000e-03 3.000160e-01
223 6.947400e-01 4.456000e-03 3.008040e-01
224 6.940400e-01 4.440000e-03 3.015200e-01
225 6.932080e-01 4.504000e-03 3.022880e-01
226 6.925680e-01 4.404000e-03 3.030280e-01
227 6.919440e-01 4.220000e-03 3.038360e-01
228 6.912840e-01 4.172000e-03 3.045440e-01
229 6.905840e-01 4.096000e-03 3.053200e-01
230 6.899240e-01 4.024000e-03 3.060520e-01
231 6.893040e-01 4.012000e-03 3.066840e-01
232 6.887320e-01 3.912000e-03 3.073560e-01
233 6.881920e-01 3.792000e-03 3.080160e-01
234 6.875600e-01 3.740000e-03 3.087000e-01
235 6.870600e-01 3.588000e-03 3.093520e-01
236 6.865920e-01 3.448000e-03 3.099600e-01
237 6.860840e-01 3.428000e-03 3.104880e-01
238 6.855600e-01 3.236000e-03 3.112040e-01
239 6.850440e-01 3.192000e-03 3.117640e-01
240 6.845160e-01 3.148000e-03 3.123360e-01
241 6.840160e-01 3.108000e-03 3.128760e-01
242 6.835120e-01 3.140000e-03 3.133480e-01
243 6.830120e-01 3.144000e-03 3.138440e-01
244 6.824520e-01 3.068000e-03 3.144800e-01
245 6.818840e-01 3.128000e-03 3.149880e-01
246 6.812720e-01 3.168000e-03 3.155600e-01
247 6.806880e-01 3.192000e-03 3.161200e-01
248 6.800320e-01 3.304000e-03 3.166640e-01
249 6.794160e-01 3.328000e-03 3.172560e-01
250 6.788480e-01 3.352000e-03 3.178000e-01
251 6.781680e-01 3.444000e-03 3.183880e-01
252 6.776360e-01 3.388000e-03 3.189760e-01
253 6.770760e-01 3.312000e-03 3.196120e-01
254 6.765280e-01 3.328000e-03 3.201440e-01
255 6.760040e-01 3.228000e-03 3.207680e-01
256 6.754920e-01 3.196000e-03 3.213120e-01
257 6.749120e-01 3.224000e-03 3.218640e-01
258 6.744480e-01 3.092000e-03 3.224600e-01
259 6.739240e-01 3.060000e-03 3.230160e-01
260 6.733920e-01 3.060000e-03 3.235480e-01
261 6.729280e-01 2.976000e-03 3.240960e-01
262 6.724000e-01 3.064000e-03 3.245360e-01
263 6.718400e-01 3.128000e-03 3.250320e-01
264 6.712800e-01 3.140000e-03 3.255800e-01
265 6.707320e-01 3.184000e-03 3.260840e-01
266 6.701240e-01 3.236000e-03 3.266400e-01
267 6.695560e-01 3.240000e-03 3.272040e-01
268 6.689080e-01 3.344000e-03 3.277480e-01
269 6.683440e-01 3.288000e-03 3.283680e-01
270 6.676960e-01 3.364000e-03 3.289400e-01
271 6.670960e-01 3.456000e-03 3.294480e-01
272 6.664680e-01 3.508000e-03 3.300240e-01
273 6.658480e-01 3.516000e-03 3.306360e-01
274 6.651760e-01 3.536000e-03 3.312880e-01
275 6.646480e-01 3.448000e-03 3.319040e-01
276 6.640520e-01 3.416000e-03 3.325320e-01
277 6.635760e-01 3.244000e-03 3.331800e-01
278 6.629720e-01 3.224000e-03 3.338040e-01
279 6.623760e-01 3.232000e-03 3.343920e-01
280 6.617200e-01 3.260000e-03 3.350200e-01
281 6.611520e-01 3.224000e-03 3.356240e-01
282 6.605520e-01 3.260000e-03 3.361880e-01
283 6.600080e-01 3.304000e-03 3.366880e-01
284 6.595000e-01 3.212000e-03 3.372880e-01
285 6.590560e-01 3.104000e-03 3.378400e-01
286 6.585440e-01 3.032000e-03 3.384240e-01
287 6.580960e-01 2.924000e-03 3.389800e-01
288 6.576480e-01 2.828000e-03 3.395240e-01
289 6.572080e-01 2.836000e-03 3.399560e-01
290 6.567320e-01 2.764000e-03 3.405040e-01
291 6.564080e-01 2.620000e-03 3.409720e-01
292 6.560600e-01 2.532000e-03 3.414080e-01
293 6.555760e-01 2.544000e-03 3.418800e-01
294 6.551920e-01 2.496000e-03 3.423120e-01
295 6.547120e-01 2.480000e-03 3.428080e-01
296 6.543360e-01 2.428000e-03 3.432360e-01
297 6.539840e-01 2.400000e-03 3.436160e-01
298 6.536440e-01 2.320000e-03 3.440360e-01
299 6.532160e-01 2.404000e-03 3.443800e-01
300 6.528120e-01 2.352000e-03 3.448360e-01
301 6.524840e-01 2.316000e-03 3.452000e-01
302 6.521520e-01 2.220000e-03 3.456280e-01
303 6.518160e-01 2.108000e-03 3.460760e-01
304 6.515000e-01 2.056000e-03 3.464440e-01
305 6.512400e-01 1.996000e-03 3.467640e-01
306 6.509680e-01 1.896000e-03 3.471360e-01
307 6.507040e-01 1.788000e-03 3.475080e-01
308 6.504760e-01 1.720000e-03 3.478040e-01
309 6.501600e-01 1.772000e-03 3.480680e-01
310 6.498360e-01 1.752000e-03 3.484120e-01
311 6.495880e-01 1.724000e-03 3.486880e-01
312 6.493680e-01 1.628000e-03 3.490040e-01
313 6.491120e-01 1.592000e-03 3.492960e-01
314 6.488760e-01 1.572000e-03 3.495520e-01
315 6.485760e-01 1.568000e-03 3.498560e-01
316 6.483040e-01 1.588000e-03 3.501080e-01
317 6.479320e-01 1.688000e-03 3.503800e-01
318 6.476320e-01 1.660000e-03 3.507080e-01
319 6.472760e-01 1.732000e-03 3.509920e-01
320 6.468160e-01 1.860000e-03 3.513240e-01
321 6.464960e-01 1.888000e-03 3.516160e-01
322 6.462040e-01 1.784000e-03 3.520120e-01
323 6.459320e-01 1.732000e-03 3.523360e-01
324 6.456200e-01 1.760000e-03 3.526200e-01
325 6.453120e-01 1.740000e-03 3.529480e-01
326 6.451040e-01 1.708000e-03 3.531880e-01
327 6.448640e-01 1.624000e-03 3.535120e-01
328 6.446320e-01 1.604000e-03 3.537640e-01
329 6.443640e-01 1.592000e-03 3.540440e-01
330 6.441480e-01 1.492000e-03 3.543600e-01
331 6.439200e-01 1.472000e-03 3.546080e-01
332 6.436840e-01 1.468000e-03 3.548480e-01
333 6.435080e-01 1.424000e-03 3.550680e-01
334 6.431920e-01 1.480000e-03 3.553280e-01
335 6.429720e-01 1.436000e-03 3.555920e-01
336 6.427440e-01 1.392000e-03 3.558640e-01
337 6.425320e-01 1.380000e-03 3.560880e-01
338 6.422720e-01 1.416000e-03 3.563120e-01
339 6.420800e-01 1.444000e-03 3.564760e-01
340 6.418520e-01 1.432000e-03 3.567160e-01
341 6.416200e-01 1.364000e-03 3.570160e-01
342 6.413760e-01 1.364000e-03 3.572600e-01
343 6.411680e-01 1.308000e-03 3.575240e-01
344 6.409000e-01 1.312000e-03 3.577880e-01
345 6.407240e-01 1.264000e-03 3.580120e-01
346 6.404600e-01 1.288000e-03 3.582520e-01
347 6.402600e-01 1.264000e-03 3.584760e-01
348 6.400760e-01 1.232000e-03 3.586920e-01
349 6.398760e-01 1.208000e-03 3.589160e-01
350 6.397280e-01 1.164000e-03 3.591080e-01
351 6.394960e-01 1.196000e-03 3.593080e-01
352 6.392840e-01 1.164000e-03 3.595520e-01
353 6.390920e-01 1.164000e-03 3.597440e-01
354 6.388880e-01 1.188000e-03 3.599240e-01
355 6.386600e-01 1.192000e-03 3.601480e-01
356 6.383800e-01 1.292000e-03 3.603280e-01
357 6.381400e-01 1.340000e-03 3.605200e-01
358 6.378880e-01 1.380000e-03 3.607320e-01
359 6.376000e-01 1.444000e-03 3.609560e-01
360 6.374200e-01 1.344000e-03 3.612360e-01
361 6.371920e-01 1.332000e-03 3.614760e-01
362 6.369480e-01 1.356000e-03 3.616960e-01
363 6.367280e-01 1.356000e-03 3.619160e-01
364 6.364440e-01 1.412000e-03 3.621440e-01
365 6.361600e-01 1.460000e-03 3.623800e-01
366 6.359200e-01 1.416000e-03 3.626640e-01
367 6.357000e-01 1.348000e-03 3.629520e-01
368 6.354480e-01 1.388000e-03 3.631640e-01
369 6.352480e-01 1.364000e-03 3.633880e-01
370 6.350200e-01 1.332000e-03 3.636480e-01
371 6.348200e-01 1.288000e-03 3.638920e-01
372 6.346520e-01 1.172000e-03 3.641760e-01
373 6.344840e-01 1.160000e-03 3.643560e-01
374 6.343440e-01 1.096000e-03 3.645600e-01
375 6.341880e-01 1.012000e-03 3.648000e-01
376 6.340600e-01 9.800000e-04 3.649600e-01
377 6.339080e-01 1.016000e-03 3.650760e-01
378 6.337640e-01 1.016000e-03 3.652200e-01
379 6.336000e-01 1.012000e-03 3.653880e-01
380 6.334040e-01 1.032000e-03 3.655640e-01
381 6.332280e-01 1.016000e-03 3.657560e-01
382 6.330440e-01 1.028000e-03 3.659280e-01
383 6.328600e-01 1.032000e-03 3.661080e-01
384 6.326640e-01 1.036000e-03 3.663000e-01
385 6.323920e-01 1.096000e-03 3.665120e-01
386 6.321280e-01 1.180000e-03 3.666920e-01
387 6.319560e-01 1.128000e-03 3.669160e-01
388 6.317480e-01 1.152000e-03 3.671000e-01
389 6.315480e-01 1.144000e-03 3.673080e-01
390 6.313080e-01 1.160000e-03 3.675320e-01
391 6.311400e-01 1.112000e-03 3.677480e-01
392 6.309040e-01 1.212000e-03 3.678840e-01
393 6.307160e-01 1.168000e-03 3.681160e-01
394 6.305440e-01 1.148000e-03 3.683080e-01
395 6.303280e-01 1.136000e-03 3.685360e-01
396 6.300960e-01 1.160000e-03 3.687440e-01
397 6.298680e-01 1.184000e-03 3.689480e-01
398 6.296880e-01 1.188000e-03 3.691240e-01
399 6.294600e-01 1.204000e-03 3.693360e-01
400 6.292040e-01 1.212000e-03 3.695840e-01
401 6.289960e-01 1.240000e-03 3.697640e-01
402 6.287720e-01 1.260000e-03 3.699680e-01
403 6.284960e-01 1.312000e-03 3.701920e-01
404 6.282760e-01 1.340000e-03 3.703840e-01
405 6.280920e-01 1.284000e-03 3.706240e-01
406 6.279160e-01 1.252000e-03 3.708320e-01
407 6.276120e-01 1.264000e-03 3.711240e-01
408 6.274040e-01 1.272000e-03 3.713240e-01
409 6.271880e-01 1.268000e-03 3.715440e-01
410 6.269560e-01 1.280000e-03 3.717640e-01
411 6.267920e-01 1.256000e-03 3.719520e-01
412 6.265240e-01 1.316000e-03 3.721600e-01
413 6.262960e-01 1.316000e-03 3.723880e-01
414 6.260680e-01 1.300000e-03 3.726320e-01
415 6.258560e-01 1.260000e-03 3.728840e-01
416 6.256520e-01 1.276000e-03 3.730720e-01
417 6.255080e-01 1.228000e-03 3.732640e-01
418 6.253280e-01 1.200000e-03 3.734720e-01
419 6.251760e-01 1.148000e-03 3.736760e-01
420 6.250320e-01 1.072000e-03 3.738960e-01
421 6.248320e-01 1.096000e-03 3.740720e-01
422 6.246560e-01 1.024000e-03 3.743200e-01
423 6.245400e-01 9.480000e-04 3.745120e-01
424 6.244360e-01 9.120000e-04 3.746520e-01
425 6.243520e-01 8.400000e-04 3.748080e-01
426 6.242440e-01 8.160000e-04 3.749400e-01
427 6.241600e-01 7.440000e-04 3.750960e-01
428 6.240480e-01 7.040000e-04 3.752480e-01
429 6.239480e-01 6.840000e-04 3.753680e-01
430 6.238400e-01 6.680000e-04 3.754920e-01
431 6.237520e-01 6.280000e-04 3.756200e-01
432 6.236600e-01 6.000000e-04 3.757400e-01
433 6.235400e-01 6.240000e-04 3.758360e-01
434 6.234520e-01 6.280000e-04 3.759200e-01
435 6.233080e-01 6.640000e-04 3.760280e-01
436 6.231960e-01 6.320000e-04 3.761720e-01
437 6.230840e-01 6.600000e-04 3.762560e-01
438 6.229640e-01 6.400000e-04 3.763960e-01
439 6.228240e-01 6.520000e-04 3.765240e-01
440 6.227520e-01 5.960000e-04 3.766520e-01
441 6.226680e-01 5.840000e-04 3.767480e-01
442 6.225120e-01 6.560000e-04 3.768320e-01
443 6.224200e-01 6.320000e-04 3.769480e-01
444 6.222960e-01 6.640000e-04 3.770400e-01
445 6.221520e-01 7.120000e-04 3.771360e-01
446 6.220440e-01 7.320000e-04 3.772240e-01
447 6.219480e-01 6.600000e-04 3.773920e-01
448 6.218240e-01 7.040000e-04 3.774720e-01
449 6.217320e-01 6.720000e-04 3.775960e-01
450 6.216240e-01 6.560000e-04 3.777200e-01
451 6.215000e-01 6.400000e-04 3.778600e-01
452 6.214400e-01 5.960000e-04 3.779640e-01
453 6.213680e-01 6.000000e-04 3.780320e-01
454 6.212720e-01 5.840000e-04 3.781440e-01
455 6.211640e-01 5.640000e-04 3.782720e-01
456 6.210800e-01 5.400000e-04 3.783800e-01
457 6.209920e-01 5.280000e-04 3.784800e-01
458 6.209280e-01 4.880000e-04 3.785840e-01
459 6.208680e-01 4.720000e-04 3.786600e-01
460 6.207520e-01 4.800000e-04 3.787680e-01
461 6.206560e-01 4.840000e-04 3.788600e-01
462 6.205440e-01 4.920000e-04 3.789640e-01
463 6.204440e-01 4.960000e-04 3.790600e-01
464 6.202960e-01 5.640000e-04 3.791400e-01
465 6.201840e-01 5.520000e-04 3.792640e-01
466 6.200360e-01 6.200000e-04 3.793440e-01
467 6.198960e-01 6.360000e-04 3.794680e-01
468 6.197720e-01 6.640000e-04 3.795640e-01
469 6.196440e-01 7.080000e-04 3.796480e-01
470 6.194680e-01 7.520000e-04 3.797800e-01
471 6.193080e-01 7.680000e-04 3.799240e-01
472 6.191880e-01 7.240000e-04 3.800880e-01
473 6.190520e-01 7.160000e-04 3.802320e-01
474 6.189040e-01 7.640000e-04 3.803320e-01
475 6.187840e-01 7.440000e-04 3.804720e-01
476 6.186400e-01 7.680000e-04 3.805920e-01
477 6.185360e-01 7.880000e-04 3.806760e-01
478 6.183800e-01 8.160000e-04 3.808040e-01
479 6.182400e-01 8.720000e-04 3.808880e-01
480 6.181200e-01 8.120000e-04 3.810680e-01
481 6.179640e-01 8.080000e-04 3.812280e-01
482 6.178000e-01 8.480000e-04 3.813520e-01
483 6.177080e-01 8.360000e-04 3.814560e-01
484 6.175880e-01 7.880000e-04 3.816240e-01
485 6.174640e-01 7.320000e-04 3.818040e-01
486 6.173800e-01 6.640000e-04 3.819560e-01
487 6.172840e-01 6.440000e-04 3.820720e-01
488 6.171640e-01 6.560000e-04 3.821800e-01
489 6.170440e-01 6.600000e-04 3.822960e-01
490 6.169200e-01 6.560000e-04 3.824240e-01
491 6.168160e-01 6.520000e-04 3.825320e-01
492 6.167120e-01 6.200000e-04 3.826680e-01
493 6.165840e-01 6.360000e-04 3.827800e-01
494 6.164520e-01 6.520000e-04 3.828960e-01
495 6.163040e-01 6.760000e-04 3.830200e-01
496 6.161600e-01 6.640000e-04 3.831760e-01
497 6.160440e-01 6.400000e-04 3.833160e-01
498 6.159720e-01 5.960000e-04 3.834320e-01
499 6.158920e-01 6.160000e-04 3.834920e-01
500 6.158240e-01 5.880000e-04 3.835880e-01
