1 9.991320e-01 7.440000e-04 1.240000e-04
2 9.985760e-01 1.160000e-03 2.640000e-04
3 9.978000e-01 1.692000e-03 5.080000e-04
4 9.969240e-01 2.244000e-03 8.320000e-04
5 9.960520e-01 2.680000e-03 1.268000e-03
6 9.952040e-01 3.040000e-03 1.756000e-03
7 9.942320e-01 3.440000e-03 2.328000e-03
8 9.932520e-01 3.820000e-03 2.928000e-03
9 9.922200e-01 4.124000e-03 3.656000e-03
10 9.911600e-01 4.484000e-03 4.356000e-03
11 9.900080e-01 4.868000e-03 5.124000e-03
12 9.889320e-01 5.052000e-03 6.016000e-03
13 9.878400e-01 5.124000e-03 7.036000e-03
14 9.866360e-01 5.476000e-03 7.888000e-03
15 9.853840e-01 5.864000e-03 8.752000e-03
16 9.841520e-01 6.196000e-03 9.652000e-03
17 9.827880e-01 6.412000e-03 1.080000e-02
18 9.815160e-01 6.496000e-03 1.198800e-02
19 9.801320e-01 6.848000e-03 1.302000e-02
20 9.787320e-01 7.136000e-03 1.413200e-02
21 9.773400e-01 7.272000e-03 1.538800e-02
22 9.759720e-01 7.384000e-03 1.664400e-02
23 9.746120e-01 7.312000e-03 1.807600e-02
24 9.731200e-01 7.556000e-03 1.932400e-02
25 9.716840e-01 7.640000e-03 2.067600e-02
26 9.701640e-01 7.892000e-03 2.194400e-02
27 9.685640e-01 8.024000e-03 2.341200e-02
28 9.671080e-01 8.192000e-03 2.470000e-02
29 9.656320e-01 8.180000e-03 2.618800e-02
30 9.641160e-01 8.136000e-03 2.774800e-02
31 9.624440e-01 8.304000e-03 2.925200e-02
32 9.607080e-01 8.524000e-03 3.076800e-02
33 9.592080e-01 8.656000e-03 3.213600e-02
34 9.577800e-01 8.576000e-03 3.364400e-02
35 9.562520e-01 8.684000e-03 3.506400e-02
36 9.547400e-01 8.720000e-03 3.654000e-02
37 9.533040e-01 8.808000e-03 3.788800e-02
38 9.518280e-01 8.676000e-03 3.949600e-02
39 9.503080e-01 8.720000e-03 4.097200e-02
40 9.487360e-01 8.836000e-03 4.242800e-02
41 9.470400e-01 8.940000e-03 4.402000e-02
42 9.454720e-01 9.052000e-03 4.547600e-02
43 9.438600e-01 9.060000e-03 4.708000e-02
44 9.421720e-01 8.992000e-03 4.883600e-02
45 9.405360e-01 9.136000e-03 5.032800e-02
46 9.389280e-01 9.164000e-03 5.190800e-02
47 9.371600e-01 9.308000e-03 5.353200e-02
48 9.354200e-01 9.480000e-03 5.510000e-02
49 9.336120e-01 9.664000e-03 5.672400e-02
50 9.317960e-01 9.864000e-03 5.834000e-02
51 9.302040e-01 9.672000e-03 6.012400e-02
52 9.286720e-01 9.564000e-03 6.176400e-02
53 9.271360e-01 9.360000e-03 6.350400e-02
54 9.255720e-01 9.192000e-03 6.523600e-02
55 9.240760e-01 9.028000e-03 6.689600e-02
56 9.226240e-01 8.792000e-03 6.858400e-02
57 9.211120e-01 8.836000e-03 7.005200e-02
58 9.195680e-01 8.856000e-03 7.157600e-02
59 9.180880e-01 8.768000e-03 7.314400e-02
60 9.164000e-01 8.964000e-03 7.463600e-02
61 9.148320e-01 8.960000e-03 7.620800e-02
62 9.132040e-01 8.948000e-03 7.784800e-02
63 9.117080e-01 8.872000e-03 7.942000e-02
64 9.101760e-01 8.868000e-03 8.095600e-02
65 9.086400e-01 8.856000e-03 8.250400e-02
66 9.070720e-01 8.804000e-03 8.412400e-02
67 9.055320e-01 8.852000e-03 8.561600e-02
68 9.037720e-01 9.088000e-03 8.714000e-02
69 9.022880e-01 8.840000e-03 8.887200e-02
70 9.007000e-01 8.968000e-03 9.033200e-02
71 8.991000e-01 9.072000e-03 9.182800e-02
72 8.974960e-01 9.116000e-03 9.338800e-02
73 8.960480e-01 9.196000e-03 9.475600e-02
74 8.944120e-01 9.188000e-03 9.640000e-02
75 8.927400e-01 9.256000e-03 9.800400e-02
76 8.909600e-01 9.300000e-03 9.974000e-02
77 8.893880e-01 9.336000e-03 1.012760e-01
78 8.877640e-01 9.332000e-03 1.029040e-01
79 8.860520e-01 9.388000e-03 1.045600e-01
80 8.844080e-01 9.440000e-03 1.061520e-01
81 8.828360e-01 9.324000e-03 1.078400e-01
82 8.810080e-01 9.544000e-03 1.094480e-01
83 8.791920e-01 9.556000e-03 1.112520e-01
84 8.774800e-01 9.596000e-03 1.129240e-01
85 8.758120e-01 9.504000e-03 1.146840e-01
86 8.740080e-01 9.652000e-03 1.163400e-01
87 8.723600e-01 9.676000e-03 1.179640e-01
88 8.706360e-01 9.608000e-03 1.197560e-01
89 8.689720e-01 9.568000e-03 1.214600e-01
90 8.673560e-01 9.416000e-03 1.232280e-01
91 8.656280e-01 9.424000e-03 1.249480e-01
92 8.637760e-01 9.648000e-03 1.265760e-01
93 8.618880e-01 9.800000e-03 1.283120e-01
94 8.601520e-01 9.844000e-03 1.300040e-01
95 8.585160e-01 9.832000e-03 1.316520e-01
96 8.568720e-01 9.776000e-03 1.333520e-01
97 8.551880e-01 9.700000e-03 1.351120e-01
98 8.535200e-01 9.808000e-03 1.366720e-01
99 8.519320e-01 9.632000e-03 1.384360e-01
100 8.503840e-01 9.512000e-03 1.401040e-01
101 8.487200e-01 9.376000e-03 1.419040e-01
102 8.472720e-01 9.224000e-03 1.435040e-01
103 8.458640e-01 8.856000e-03 1.452800e-01
104 8.442760e-01 8.828000e-03 1.468960e-01
105 8.425600e-01 9.012000e-03 1.484280e-01
106 8.408080e-01 9.036000e-03 1.501560e-01
107 8.390760e-01 9.116000e-03 1.518080e-01
108 8.373240e-01 9.168000e-03 1.535080e-01
109 8.356720e-01 9.184000e-03 1.551440e-01
110 8.340160e-01 9.184000e-03 1.568000e-01
111 8.322840e-01 9.332000e-03 1.583840e-01
112 8.306240e-01 9.344000e-03 1.600320e-01
113 8.289360e-01 9.440000e-03 1.616240e-01
114 8.273080e-01 9.360000e-03 1.633320e-01
115 8.257040e-01 9.308000e-03 1.649880e-01
116 8.240280e-01 9.396000e-03 1.665760e-01
117 8.225520e-01 9.316000e-03 1.681320e-01
118 8.211080e-01 9.100000e-03 1.697920e-01
119 8.195520e-01 8.988000e-03 1.714600e-01
120 8.179440e-01 9.108000e-03 1.729480e-01
121 8.164760e-01 8.832000e-03 1.746920e-01
122 8.148440e-01 9.024000e-03 1.761320e-01
123 8.131560e-01 9.084000e-03 1.777600e-01
124 8.116080e-01 9.004000e-03 1.793880e-01
125 8.099600e-01 8.952000e-03 1.810880e-01
126 8.082800e-01 9.052000e-03 1.826680e-01
127 8.066120e-01 9.244000e-03 1.841440e-01
128 8.050680e-01 9.228000e-03 1.857040e-01
129 8.034560e-01 9.200000e-03 1.873440e-01
130 8.018560e-01 9.288000e-03 1.888560e-01
131 8.002320e-01 9.276000e-03 1.904920e-01
132 7.984480e-01 9.308000e-03 1.922440e-01
133 7.968520e-01 9.292000e-03 1.938560e-01
134 7.952320e-01 9.120000e-03 1.956480e-01
135 7.937640e-01 9.076000e-03 1.971600e-01
136 7.921920e-01 9.096000e-03 1.987120e-01
137 7.906480e-01 9.072000e-03 2.002800e-01
138 7.889960e-01 9.036000e-03 2.019680e-01
139 7.874280e-01 9.012000e-03 2.035600e-01
140 7.857840e-01 9.132000e-03 2.050840e-01
141 7.842000e-01 8.988000e-03 2.068120e-01
142 7.824880e-01 9.024000e-03 2.084880e-01
143 7.809080e-01 9.196000e-03 2.098960e-01
144 7.793040e-01 9.148000e-03 2.115480e-01
145 7.777800e-01 9.024000e-03 2.131960e-01
146 7.761680e-01 9.144000e-03 2.146880e-01
147 7.746920e-01 9.024000e-03 2.162840e-01
148 7.732240e-01 8.956000e-03 2.178200e-01
149 7.717440e-01 8.860000e-03 2.193960e-01
150 7.703280e-01 8.872000e-03 2.208000e-01
151 7.688800e-01 8.724000e-03 2.223960e-01
152 7.676240e-01 8.440000e-03 2.239360e-01
153 7.662000e-01 8.372000e-03 2.254280e-01
154 7.647160e-01 8.464000e-03 2.268200e-01
155 7.632200e-01 8.560000e-03 2.282200e-01
156 7.616960e-01 8.624000e-03 2.296800e-01
157 7.604240e-01 8.268000e-03 2.313080e-01
158 7.591120e-01 8.292000e-03 2.325960e-01
159 7.577640e-01 8.080000e-03 2.341560e-01
160 7.564320e-01 7.936000e-03 2.356320e-01
161 7.551320e-01 8.024000e-03 2.368440e-01
162 7.537920e-01 8.004000e-03 2.382040e-01
163 7.524600e-01 7.920000e-03 2.396200e-01
164 7.511520e-01 7.864000e-03 2.409840e-01
165 7.498120e-01 7.784000e-03 2.424040e-01
166 7.486320e-01 7.528000e-03 2.438400e-01
167 7.475120e-01 7.392000e-03 2.450960e-01
168 7.463640e-01 7.404000e-03 2.462320e-01
169 7.453560e-01 7.220000e-03 2.474240e-01
170 7.442480e-01 7.084000e-03 2.486680e-01
171 7.430600e-01 7.056000e-03 2.498840e-01
172 7.419280e-01 6.928000e-03 2.511440e-01
173 7.408920e-01 6.708000e-03 2.524000e-01
174 7.397640e-01 6.664000e-03 2.535720e-01
175 7.387520e-01 6.472000e-03 2.547760e-01
176 7.376480e-01 6.404000e-03 2.559480e-01
177 7.366360e-01 6.280000e-03 2.570840e-01
178 7.355000e-01 6.260000e-03 2.582400e-01
179 7.346040e-01 6.016000e-03 2.593800e-01
180 7.335600e-01 6.060000e-03 2.603800e-01
181 7.326320e-01 5.940000e-03 2.614280e-01
182 7.317720e-01 5.820000e-03 2.624080e-01
183 7.308880e-01 5.696000e-03 2.634160e-01
184 7.298320e-01 5.692000e-03 2.644760e-01
185 7.288480e-01 5.652000e-03 2.655000e-01
186 7.279560e-01 5.568000e-03 2.664760e-01
187 7.270520e-01 5.472000e-03 2.674760e-01
188 7.261120e-01 5.432000e-03 2.684560e-01
189 7.252840e-01 5.268000e-03 2.694480e-01
190 7.243840e-01 5.240000e-03 2.703760e-01
191 7.235640e-01 5.128000e-03 2.713080e-01
192 7.227040e-01 5.076000e-03 2.722200e-01
193 7.218240e-01 5.092000e-03 2.730840e-01
194 7.211040e-01 4.980000e-03 2.739160e-01
195 7.203480e-01 4.888000e-03 2.747640e-01
196 7.195400e-01 4.816000e-03 2.756440e-01
197 7.186200e-01 4.840000e-03 2.765400e-01
198 7.178680e-01 4.800000e-03 2.773320e-01
199 7.172040e-01 4.568000e-03 2.782280e-01
200 7.164800e-01 4.452000e-03 2.790680e-01
201 7.157120e-01 4.388000e-03 2.799000e-01
202 7.148360e-01 4.568000e-03 2.805960e-01
203 7.138520e-01 4.748000e-03 2.814000e-01
204 7.131160e-01 4.668000e-03 2.822160e-01
205 7.122800e-01 4.700000e-03 2.830200e-01
206 7.114600e-01 4.628000e-03 2.839120e-01
207 7.106480e-01 4.616000e-03 2.847360e-01
208 7.098440e-01 4.616000e-03 2.855400e-01
209 7.090800e-01 4.716000e-03 2.862040e-01
210 7.085120e-01 4.460000e-03 2.870280e-01
211 7.077880e-01 4.396000e-03 2.878160e-01
212 7.070720e-01 4.404000e-03 2.885240e-01
213 7.063480e-01 4.364000e-03 2.892880e-01
214 7.056160e-01 4.320000e-03 2.900640e-01
215 7.050080e-01 4.108000e-03 2.908840e-01
216 7.044000e-01 4.040000e-03 2.915600e-01
217 7.037480e-01 4.032000e-03 2.922200e-01
218 7.031200e-01 3.976000e-03 2.929040e-01
219 7.025120e-01 3.896000e-03 2.935920e-01
220 7.019680e-01 3.784000e-03 2.942480e-01
221 7.013520e-01 3.712000e-03 2.949360e-01
222 7.006760e-01 3.748000e-03 2.955760e-01
223 7.000800e-01 3.676000e-03 2.962440e-01
224 6.994440e-01 3.612000e-03 2.969440e-01
225 6.989280e-01 3.556000e-03 2.975160e-01
226 6.984160e-01 3.368000e-03 2.982160e-01
227 6.979360e-01 3.248000e-03 2.988160e-01
228 6.974680e-01 3.148000e-03 2.993840e-01
229 6.969680e-01 3.056000e-03 2.999760e-01
230 6.963920e-01 3.108000e-03 3.005000e-01
231 6.959040e-01 3.084000e-03 3.010120e-01
232 6.953520e-01 3.092000e-03 3.015560e-01
233 6.947600e-01 3.176000e-03 3.020640e-01
234 6.942520e-01 3.120000e-03 3.026280e-01
235 6.936560e-01 3.068000e-03 3.032760e-01
236 6.931040e-01 3.100000e-03 3.037960e-01
237 6.924760e-01 3.200000e-03 3.043240e-01
238 6.918360e-01 3.316000e-03 3.048480e-01
239 6.912840e-01 3.368000e-03 3.053480e-01
240 6.906880e-01 3.344000e-03 3.059680e-01
241 6.900120e-01 3.404000e-03 3.065840e-01
242 6.894160e-01 3.448000e-03 3.071360e-01
243 6.887400e-01 3.536000e-03 3.077240e-01
244 6.881000e-01 3.544000e-03 3.083560e-01
245 6.873400e-01 3.700000e-03 3.089600e-01
246 6.866560e-01 3.692000e-03 3.096520e-01
247 6.859760e-01 3.760000e-03 3.102640e-01
248 6.853160e-01 3.720000e-03 3.109640e-01
249 6.846920e-01 3.712000e-03 3.115960e-01
250 6.840080e-01 3.808000e-03 3.121840e-01
251 6.834040e-01 3.768000e-03 3.128280e-01
252 6.826600e-01 3.840000e-03 3.135000e-01
253 6.820680e-01 3.696000e-03 3.142360e-01
254 6.813800e-01 3.760000e-03 3.148600e-01
255 6.806920e-01 3.744000e-03 3.155640e-01
256 6.801520e-01 3.740000e-03 3.161080e-01
257 6.796680e-01 3.484000e-03 3.168480e-01
258 6.790720e-01 3.516000e-03 3.174120e-01
259 6.785200e-01 3.464000e-03 3.180160e-01
260 6.779960e-01 3.428000e-03 3.185760e-01
261 6.773760e-01 3.552000e-03 3.190720e-01
262 6.768440e-01 3.456000e-03 3.197000e-01
263 6.762840e-01 3.384000e-03 3.203320e-01
264 6.757040e-01 3.356000e-03 3.209400e-01
265 6.751760e-01 3.240000e-03 3.215840e-01
266 6.747280e-01 3.096000e-03 3.221760e-01
267 6.742120e-01 3.164000e-03 3.226240e-01
268 6.737040e-01 3.208000e-03 3.230880e-01
269 6.732360e-01 3.144000e-03 3.236200e-01
270 6.727160e-01 3.160000e-03 3.241240e-01
271 6.722040e-01 3.176000e-03 3.246200e-01
272 6.716080e-01 3.164000e-03 3.252280e-01
273 6.710280e-01 3.196000e-03 3.257760e-01
274 6.705120e-01 3.108000e-03 3.263800e-01
275 6.698880e-01 3.092000e-03 3.270200e-01
276 6.693400e-01 3.084000e-03 3.275760e-01
277 6.689240e-01 3.016000e-03 3.280600e-01
278 6.684160e-01 2.952000e-03 3.286320e-01
279 6.679760e-01 2.940000e-03 3.290840e-01
280 6.675680e-01 2.832000e-03 3.296000e-01
281 6.670720e-01 2.824000e-03 3.301040e-01
282 6.666720e-01 2.696000e-03 3.306320e-01
283 6.662800e-01 2.600000e-03 3.311200e-01
284 6.658880e-01 2.520000e-03 3.315920e-01
285 6.653960e-01 2.544000e-03 3.320600e-01
286 6.650040e-01 2.492000e-03 3.325040e-01
287 6.646440e-01 2.376000e-03 3.329800e-01
288 6.642440e-01 2.348000e-03 3.334080e-01
289 6.637880e-01 2.424000e-03 3.337880e-01
290 6.633880e-01 2.424000e-03 3.341880e-01
291 6.629480e-01 2.480000e-03 3.345720e-01
292 6.625360e-01 2.412000e-03 3.350520e-01
293 6.620880e-01 2.424000e-03 3.354880e-01
294 6.616200e-01 2.488000e-03 3.358920e-01
295 6.612760e-01 2.416000e-03 3.363080e-01
296 6.608600e-01 2.428000e-03 3.367120e-01
297 6.604680e-01 2.364000e-03 3.371680e-01
298 6.601360e-01 2.220000e-03 3.376440e-01
299 6.597600e-01 2.240000e-03 3.380000e-01
300 6.594240e-01 2.140000e-03 3.384360e-01
301 6.590680e-01 2.164000e-03 3.387680e-01
302 6.587120e-01 2.104000e-03 3.391840e-01
303 6.583520e-01 2.032000e-03 3.396160e-01
304 6.579640e-01 2.080000e-03 3.399560e-01
305 6.576320e-01 2.048000e-03 3.403200e-01
306 6.572120e-01 2.064000e-03 3.407240e-01
307 6.568320e-01 2.116000e-03 3.410520e-01
308 6.564880e-01 2.136000e-03 3.413760e-01
309 6.561480e-01 2.124000e-03 3.417280e-01
310 6.557760e-01 2.104000e-03 3.421200e-01
311 6.554000e-01 2.044000e-03 3.425560e-01
312 6.550360e-01 2.092000e-03 3.428720e-01
313 6.546760e-01 1.988000e-03 3.433360e-01
314 6.544120e-01 1.948000e-03 3.436400e-01
315 6.540400e-01 1.948000e-03 3.440120e-01
316 6.537120e-01 1.920000e-03 3.443680e-01
317 6.534160e-01 1.888000e-03 3.446960e-01
318 6.530840e-01 1.832000e-03 3.450840e-01
319 6.528080e-01 1.784000e-03 3.454080e-01
320 6.525040e-01 1.840000e-03 3.456560e-01
321 6.521440e-01 1.824000e-03 3.460320e-01
322 6.518000e-01 1.876000e-03 3.463240e-01
323 6.514520e-01 1.860000e-03 3.466880e-01
324 6.511400e-01 1.812000e-03 3.470480e-01
325 6.508520e-01 1.788000e-03 3.473600e-01
326 6.505800e-01 1.792000e-03 3.476280e-01
327 6.502200e-01 1.848000e-03 3.479320e-01
328 6.499320e-01 1.840000e-03 3.482280e-01
329 6.495360e-01 1.916000e-03 3.485480e-01
330 6.492160e-01 1.904000e-03 3.488800e-01
331 6.488440e-01 1.904000e-03 3.492520e-01
332 6.485400e-01 1.900000e-03 3.495600e-01
333 6.481560e-01 1.928000e-03 3.499160e-01
334 6.477840e-01 1.948000e-03 3.502680e-01
335 6.473840e-01 1.964000e-03 3.506520e-01
336 6.470120e-01 1.976000e-03 3.510120e-01
337 6.466640e-01 1.996000e-03 3.513400e-01
338 6.462280e-01 2.108000e-03 3.516640e-01
339 6.457840e-01 2.216000e-03 3.520000e-01
340 6.454480e-01 2.136000e-03 3.524160e-01
341 6.450960e-01 2.048000e-03 3.528560e-01
342 6.447160e-01 2.092000e-03 3.531920e-01
343 6.443160e-01 2.168000e-03 3.535160e-01
344 6.439400e-01 2.144000e-03 3.539160e-01
345 6.435960e-01 2.020000e-03 3.543840e-01
346 6.432720e-01 1.996000e-03 3.547320e-01
347 6.429880e-01 2.020000e-03 3.549920e-01
348 6.426320e-01 2.024000e-03 3.553440e-01
349 6.422600e-01 2.060000e-03 3.556800e-01
350 6.419040e-01 2.052000e-03 3.560440e-01
351 6.414960e-01 2.100000e-03 3.564040e-01
352 6.411440e-01 2.080000e-03 3.567760e-01
353 6.408080e-01 2.068000e-03 3.571240e-01
354 6.403640e-01 2.188000e-03 3.574480e-01
355 6.399600e-01 2.212000e-03 3.578280e-01
356 6.395640e-01 2.312000e-03 3.581240e-01
357 6.391080e-01 2.404000e-03 3.584880e-01
358 6.387560e-01 2.324000e-03 3.589200e-01
359 6.383040e-01 2.340000e-03 3.593560e-01
360 6.378960e-01 2.348000e-03 3.597560e-01
361 6.374760e-01 2.348000e-03 3.601760e-01
362 6.371080e-01 2.332000e-03 3.605600e-01
363 6.366680e-01 2.344000e-03 3.609880e-01
364 6.363080e-01 2.292000e-03 3.614000e-01
365 6.358720e-01 2.352000e-03 3.617760e-01
366 6.354160e-01 2.452000e-03 3.621320e-01
367 6.349600e-01 2.472000e-03 3.625680e-01
368 6.345880e-01 2.412000e-03 3.630000e-01
369 6.340840e-01 2.460000e-03 3.634560e-01
370 6.335920e-01 2.484000e-03 3.639240e-01
371 6.331520e-01 2.484000e-03 3.643640e-01
372 6.325640e-01 2.656000e-03 3.647800e-01
373 6.321040e-01 2.640000e-03 3.652560e-01
374 6.316480e-01 2.668000e-03 3.656840e-01
375 6.311840e-01 2.716000e-03 3.661000e-01
376 6.307080e-01 2.684000e-03 3.666080e-01
377 6.302560e-01 2.704000e-03 3.670400e-01
378 6.297960e-01 2.720000e-03 3.674840e-01
379 6.293560e-01 2.672000e-03 3.679720e-01
380 6.290200e-01 2.568000e-03 3.684120e-01
381 6.285600e-01 2.620000e-03 3.688200e-01
382 6.282000e-01 2.560000e-03 3.692400e-01
383 6.278240e-01 2.452000e-03 3.697240e-01
384 6.274040e-01 2.488000e-03 3.701080e-01
385 6.269880e-01 2.436000e-03 3.705760e-01
386 6.266840e-01 2.332000e-03 3.709840e-01
387 6.263400e-01 2.196000e-03 3.714640e-01
388 6.260760e-01 2.088000e-03 3.718360e-01
389 6.257600e-01 2.000000e-03 3.722400e-01
390 6.254480e-01 1.988000e-03 3.725640e-01
391 6.251960e-01 1.844000e-03 3.729600e-01
392 6.249000e-01 1.828000e-03 3.732720e-01
393 6.246520e-01 1.796000e-03 3.735520e-01
394 6.244000e-01 1.688000e-03 3.739120e-01
395 6.240600e-01 1.732000e-03 3.742080e-01
396 6.238240e-01 1.716000e-03 3.744600e-01
397 6.235400e-01 1.676000e-03 3.747840e-01
398 6.232240e-01 1.684000e-03 3.750920e-01
399 6.229480e-01 1.696000e-03 3.753560e-01
400 6.226440e-01 1.756000e-03 3.756000e-01
401 6.223280e-01 1.672000e-03 3.760000e-01
402 6.220360e-01 1.716000e-03 3.762480e-01
403 6.217520e-01 1.704000e-03 3.765440e-01
404 6.214800e-01 1.588000e-03 3.769320e-01
405 6.212440e-01 1.592000e-03 3.771640e-01
406 6.209160e-01 1.696000e-03 3.773880e-01
407 6.205760e-01 1.740000e-03 3.776840e-01
408 6.201960e-01 1.804000e-03 3.780000e-01
409 6.197920e-01 1.960000e-03 3.782480e-01
410 6.193720e-01 1.972000e-03 3.786560e-01
411 6.190360e-01 1.952000e-03 3.790120e-01
412 6.187280e-01 1.896000e-03 3.793760e-01
413 6.184560e-01 1.812000e-03 3.797320e-01
414 6.182280e-01 1.744000e-03 3.800280e-01
415 6.179560e-01 1.700000e-03 3.803440e-01
416 6.176280e-01 1.772000e-03 3.806000e-01
417 6.173360e-01 1.760000e-03 3.809040e-01
418 6.171000e-01 1.636000e-03 3.812640e-01
419 6.168520e-01 1.600000e-03 3.815480e-01
420 6.165880e-01 1.636000e-03 3.817760e-01
421 6.163160e-01 1.672000e-03 3.820120e-01
422 6.160160e-01 1.692000e-03 3.822920e-01
423 6.157360e-01 1.664000e-03 3.826000e-01
424 6.153440e-01 1.748000e-03 3.829080e-01
425 6.149880e-01 1.712000e-03 3.833000e-01
426 6.147000e-01 1.708000e-03 3.835920e-01
427 6.143480e-01 1.780000e-03 3.838720e-01
428 6.139680e-01 1.832000e-03 3.842000e-01
429 6.136360e-01 1.844000e-03 3.845200e-01
430 6.133480e-01 1.796000e-03 3.848560e-01
431 6.129920e-01 1.796000e-03 3.852120e-01
432 6.127280e-01 1.728000e-03 3.855440e-01
433 6.124280e-01 1.756000e-03 3.858160e-01
434 6.120400e-01 1.808000e-03 3.861520e-01
435 6.117080e-01 1.784000e-03 3.865080e-01
436 6.114080e-01 1.780000e-03 3.868120e-01
437 6.111160e-01 1.764000e-03 3.871200e-01
438 6.108440e-01 1.704000e-03 3.874520e-01
439 6.105200e-01 1.732000e-03 3.877480e-01
440 6.101720e-01 1.828000e-03 3.880000e-01
441 6.098200e-01 1.848000e-03 3.883320e-01
442 6.094520e-01 1.904000e-03 3.886440e-01
443 6.090520e-01 1.972000e-03 3.889760e-01
444 6.087160e-01 1.996000e-03 3.892880e-01
445 6.083960e-01 1.956000e-03 3.896480e-01
446 6.080400e-01 2.048000e-03 3.899120e-01
447 6.077360e-01 1.940000e-03 3.903240e-01
448 6.074120e-01 1.924000e-03 3.906640e-01
449 6.071040e-01 1.848000e-03 3.910480e-01
450 6.068640e-01 1.756000e-03 3.913800e-01
451 6.065520e-01 1.720000e-03 3.917280e-01
452 6.062520e-01 1.692000e-03 3.920560e-01
453 6.059920e-01 1.648000e-03 3.923600e-01
454 6.057560e-01 1.552000e-03 3.926920e-01
455 6.055160e-01 1.480000e-03 3.930040e-01
456 6.053040e-01 1.460000e-03 3.932360e-01
457 6.050920e-01 1.464000e-03 3.934440e-01
458 6.048520e-01 1.448000e-03 3.937000e-01
459 6.046000e-01 1.492000e-03 3.939080e-01
460 6.043800e-01 1.472000e-03 3.941480e-01
461 6.040960e-01 1.528000e-03 3.943760e-01
462 6.038560e-01 1.516000e-03 3.946280e-01
463 6.035720e-01 1.580000e-03 3.948480e-01
464 6.033360e-01 1.540000e-03 3.951240e-01
465 6.031200e-01 1.524000e-03 3.953560e-01
466 6.028880e-01 1.456000e-03 3.956560e-01
467 6.026880e-01 1.392000e-03 3.959200e-01
468 6.024080e-01 1.484000e-03 3.961080e-01
469 6.022080e-01 1.436000e-03 3.963560e-01
470 6.019640e-01 1.448000e-03 3.965880e-01
471 6.017720e-01 1.372000e-03 3.968560e-01
472 6.015360e-01 1.348000e-03 3.971160e-01
473 6.013520e-01 1.336000e-03 3.973120e-01
474 6.011960e-01 1.268000e-03 3.975360e-01
475 6.010400e-01 1.212000e-03 3.977480e-01
476 6.008600e-01 1.192000e-03 3.979480e-01
477 6.006560e-01 1.216000e-03 3.981280e-01
478 6.005000e-01 1.176000e-03 3.983240e-01
479 6.003400e-01 1.132000e-03 3.985280e-01
480 6.001160e-01 1.128000e-03 3.987560e-01
481 5.999400e-01 1.108000e-03 3.989520e-01
482 5.997680e-01 1.076000e-03 3.991560e-01
483 5.995680e-01 1.096000e-03 3.993360e-01
484 5.993640e-01 1.104000e-03 3.995320e-01
485 5.991360e-01 1.136000e-03 3.997280e-01
486 5.989720e-01 1.104000e-03 3.999240e-01
487 5.987760e-01 1.092000e-03 4.001320e-01
488 5.986040e-01 1.068000e-03 4.003280e-01
489 5.984480e-01 1.052000e-03 4.005000e-01
490 5.982560e-01 1.056000e-03 4.006880e-01
491 5.980520e-01 1.076000e-03 4.008720e-01
492 5.979040e-01 1.012000e-03 4.010840e-01
493 5.977520e-01 9.840000e-04 4.012640e-01
494 5.976280e-01 9.720000e-04 4.014000e-01
495 5.974240e-01 9.760000e-04 4.016000e-01
496 5.972800e-01 9.440000e-04 4.017760e-01
497 5.970760e-01 9.800000e-04 4.019440e-01
498 5.968960e-01 9.880000e-04 4.021160e-01
499 5.966960e-01 1.028000e-03 4.022760e-01
500 5.965800e-01 9.880000e-04 4.024320e-01
