1 9.992440e-01 6.480000e-04 1.080000e-04
2 9.986800e-01 1.068000e-03 2.520000e-04
3 9.980080e-01 1.496000e-03 4.960000e-04
4 9.973040e-01 1.936000e-03 7.600000e-04
5 9.965920e-01 2.308000e-03 1.100000e-03
6 9.956640e-01 2.792000e-03 1.544000e-03
7 9.948440e-01 3.096000e-03 2.060000e-03
8 9.938480e-01 3.520000e-03 2.632000e-03
9 9.929800e-01 3.632000e-03 3.388000e-03
10 9.920040e-01 3.996000e-03 4.000000e-03
11 9.908400e-01 4.472000e-03 4.688000e-03
12 9.897320e-01 4.936000e-03 5.332000e-03
13 9.885080e-01 5.268000e-03 6.224000e-03
14 9.873320e-01 5.480000e-03 7.188000e-03
15 9.861840e-01 5.744000e-03 8.072000e-03
16 9.850760e-01 5.860000e-03 9.064000e-03
17 9.840400e-01 5.908000e-03 1.005200e-02
18 9.829200e-01 5.956000e-03 1.112400e-02
19 9.816960e-01 6.116000e-03 1.218800e-02
20 9.805840e-01 6.252000e-03 1.316400e-02
21 9.793480e-01 6.320000e-03 1.433200e-02
22 9.780960e-01 6.352000e-03 1.555200e-02
23 9.768680e-01 6.372000e-03 1.676000e-02
24 9.757040e-01 6.440000e-03 1.785600e-02
25 9.745320e-01 6.508000e-03 1.896000e-02
26 9.733200e-01 6.448000e-03 2.023200e-02
27 9.719840e-01 6.680000e-03 2.133600e-02
28 9.707680e-01 6.756000e-03 2.247600e-02
29 9.694880e-01 6.832000e-03 2.368000e-02
30 9.682120e-01 6.948000e-03 2.484000e-02
31 9.667680e-01 7.124000e-03 2.610800e-02
32 9.654840e-01 7.224000e-03 2.729200e-02
33 9.640800e-01 7.348000e-03 2.857200e-02
34 9.624960e-01 7.636000e-03 2.986800e-02
35 9.610920e-01 7.824000e-03 3.108400e-02
36 9.595600e-01 7.888000e-03 3.255200e-02
37 9.580720e-01 8.044000e-03 3.388400e-02
38 9.564680e-01 8.256000e-03 3.527600e-02
39 9.548400e-01 8.456000e-03 3.670400e-02
40 9.532720e-01 8.460000e-03 3.826800e-02
41 9.517520e-01 8.456000e-03 3.979200e-02
42 9.502480e-01 8.448000e-03 4.130400e-02
43 9.486600e-01 8.492000e-03 4.284800e-02
44 9.471520e-01 8.420000e-03 4.442800e-02
45 9.456240e-01 8.540000e-03 4.583600e-02
46 9.440800e-01 8.632000e-03 4.728800e-02
47 9.425120e-01 8.624000e-03 4.886400e-02
48 9.409160e-01 8.808000e-03 5.027600e-02
49 9.394800e-01 8.732000e-03 5.178800e-02
50 9.378640e-01 8.912000e-03 5.322400e-02
51 9.363440e-01 8.824000e-03 5.483200e-02
52 9.347320e-01 8.812000e-03 5.645600e-02
53 9.330400e-01 8.888000e-03 5.807200e-02
54 9.314560e-01 9.056000e-03 5.948800e-02
55 9.299360e-01 9.000000e-03 6.106400e-02
56 9.282480e-01 9.148000e-03 6.260400e-02
57 9.266480e-01 9.120000e-03 6.423200e-02
58 9.249960e-01 9.256000e-03 6.574800e-02
59 9.234120e-01 9.324000e-03 6.726400e-02
60 9.218360e-01 9.328000e-03 6.883600e-02
61 9.203040e-01 9.152000e-03 7.054400e-02
62 9.186200e-01 9.192000e-03 7.218800e-02
63 9.168560e-01 9.432000e-03 7.371200e-02
64 9.152320e-01 9.204000e-03 7.556400e-02
65 9.136600e-01 9.124000e-03 7.721600e-02
66 9.123320e-01 8.832000e-03 7.883600e-02
67 9.107160e-01 8.896000e-03 8.038800e-02
68 9.092920e-01 8.748000e-03 8.196000e-02
69 9.078480e-01 8.748000e-03 8.340400e-02
70 9.062400e-01 8.840000e-03 8.492000e-02
71 9.046480e-01 8.928000e-03 8.642400e-02
72 9.030520e-01 8.828000e-03 8.812000e-02
73 9.015320e-01 8.852000e-03 8.961600e-02
74 8.998680e-01 8.980000e-03 9.115200e-02
75 8.983000e-01 9.072000e-03 9.262800e-02
76 8.967560e-01 9.044000e-03 9.420000e-02
77 8.950200e-01 9.032000e-03 9.594800e-02
78 8.933960e-01 9.128000e-03 9.747600e-02
79 8.919440e-01 9.052000e-03 9.900400e-02
80 8.903600e-01 9.064000e-03 1.005760e-01
81 8.887240e-01 9.120000e-03 1.021560e-01
82 8.873040e-01 8.788000e-03 1.039080e-01
83 8.855480e-01 8.952000e-03 1.055000e-01
84 8.839760e-01 9.104000e-03 1.069200e-01
85 8.825440e-01 8.932000e-03 1.085240e-01
86 8.811040e-01 8.804000e-03 1.100920e-01
87 8.796480e-01 8.740000e-03 1.116120e-01
88 8.781400e-01 8.768000e-03 1.130920e-01
89 8.766000e-01 8.900000e-03 1.145000e-01
90 8.751120e-01 8.696000e-03 1.161920e-01
91 8.736840e-01 8.644000e-03 1.176720e-01
92 8.722200e-01 8.588000e-03 1.191920e-01
93 8.706560e-01 8.548000e-03 1.207960e-01
94 8.692200e-01 8.492000e-03 1.222880e-01
95 8.678160e-01 8.528000e-03 1.236560e-01
96 8.662400e-01 8.700000e-03 1.250600e-01
97 8.646240e-01 8.724000e-03 1.266520e-01
98 8.630720e-01 8.740000e-03 1.281880e-01
99 8.616800e-01 8.560000e-03 1.297600e-01
100 8.601840e-01 8.516000e-03 1.313000e-01
101 8.587560e-01 8.476000e-03 1.327680e-01
102 8.571440e-01 8.560000e-03 1.342960e-01
103 8.556280e-01 8.548000e-03 1.358240e-01
104 8.539960e-01 8.548000e-03 1.374560e-01
105 8.526200e-01 8.316000e-03 1.390640e-01
106 8.512800e-01 8.232000e-03 1.404880e-01
107 8.498720e-01 8.188000e-03 1.419400e-01
108 8.483200e-01 8.288000e-03 1.433920e-01
109 8.469200e-01 8.268000e-03 1.448120e-01
110 8.456200e-01 8.116000e-03 1.462640e-01
111 8.444560e-01 7.856000e-03 1.476880e-01
112 8.431880e-01 7.848000e-03 1.489640e-01
113 8.418920e-01 7.816000e-03 1.502920e-01
114 8.406840e-01 7.708000e-03 1.516080e-01
115 8.393880e-01 7.700000e-03 1.529120e-01
116 8.379560e-01 7.800000e-03 1.542440e-01
117 8.365240e-01 7.900000e-03 1.555760e-01
118 8.352400e-01 7.828000e-03 1.569320e-01
119 8.337000e-01 8.028000e-03 1.582720e-01
120 8.323240e-01 8.052000e-03 1.596240e-01
121 8.309480e-01 8.000000e-03 1.610520e-01
122 8.296600e-01 8.036000e-03 1.623040e-01
123 8.283000e-01 7.908000e-03 1.637920e-01
124 8.268800e-01 7.936000e-03 1.651840e-01
125 8.255520e-01 7.940000e-03 1.665080e-01
126 8.241680e-01 7.736000e-03 1.680960e-01
127 8.227240e-01 7.888000e-03 1.693880e-01
128 8.213760e-01 7.848000e-03 1.707760e-01
129 8.199320e-01 8.004000e-03 1.720640e-01
130 8.187120e-01 7.848000e-03 1.734400e-01
131 8.174080e-01 7.796000e-03 1.747960e-01
132 8.162200e-01 7.648000e-03 1.761320e-01
133 8.149840e-01 7.492000e-03 1.775240e-01
134 8.136720e-01 7.612000e-03 1.787160e-01
135 8.124080e-01 7.604000e-03 1.799880e-01
136 8.110080e-01 7.740000e-03 1.812520e-01
137 8.096320e-01 7.700000e-03 1.826680e-01
138 8.083200e-01 7.636000e-03 1.840440e-01
139 8.069280e-01 7.676000e-03 1.853960e-01
140 8.054480e-01 7.864000e-03 1.866880e-01
141 8.040760e-01 7.936000e-03 1.879880e-01
142 8.027320e-01 7.860000e-03 1.894080e-01
143 8.014800e-01 7.692000e-03 1.908280e-01
144 8.000640e-01 7.732000e-03 1.922040e-01
145 7.987680e-01 7.812000e-03 1.934200e-01
146 7.972480e-01 7.972000e-03 1.947800e-01
147 7.957680e-01 8.208000e-03 1.960240e-01
148 7.942920e-01 8.292000e-03 1.974160e-01
149 7.928240e-01 8.296000e-03 1.988800e-01
150 7.914480e-01 8.176000e-03 2.003760e-01
151 7.901960e-01 7.936000e-03 2.018680e-01
152 7.888280e-01 7.856000e-03 2.033160e-01
153 7.876080e-01 7.628000e-03 2.047640e-01
154 7.863720e-01 7.536000e-03 2.060920e-01
155 7.850920e-01 7.496000e-03 2.074120e-01
156 7.837960e-01 7.508000e-03 2.086960e-01
157 7.825680e-01 7.420000e-03 2.100120e-01
158 7.813120e-01 7.352000e-03 2.113360e-01
159 7.800880e-01 7.348000e-03 2.125640e-01
160 7.788280e-01 7.316000e-03 2.138560e-01
161 7.776440e-01 7.236000e-03 2.151200e-01
162 7.764120e-01 7.164000e-03 2.164240e-01
163 7.752480e-01 6.888000e-03 2.178640e-01
164 7.740080e-01 6.892000e-03 2.191000e-01
165 7.729600e-01 6.836000e-03 2.202040e-01
166 7.718680e-01 6.688000e-03 2.214440e-01
167 7.708960e-01 6.496000e-03 2.226080e-01
168 7.699040e-01 6.428000e-03 2.236680e-01
169 7.688600e-01 6.344000e-03 2.247960e-01
170 7.677160e-01 6.300000e-03 2.259840e-01
171 7.667240e-01 6.332000e-03 2.269440e-01
172 7.657040e-01 6.256000e-03 2.280400e-01
173 7.645000e-01 6.340000e-03 2.291600e-01
174 7.633440e-01 6.296000e-03 2.303600e-01
175 7.622840e-01 6.352000e-03 2.313640e-01
176 7.612440e-01 6.304000e-03 2.324520e-01
177 7.601920e-01 6.236000e-03 2.335720e-01
178 7.591400e-01 6.244000e-03 2.346160e-01
179 7.581520e-01 6.148000e-03 2.357000e-01
180 7.572600e-01 5.884000e-03 2.368560e-01
181 7.562920e-01 5.920000e-03 2.377880e-01
182 7.553000e-01 5.864000e-03 2.388360e-01
183 7.544400e-01 5.704000e-03 2.398560e-01
184 7.536480e-01 5.484000e-03 2.408680e-01
185 7.527000e-01 5.460000e-03 2.418400e-01
186 7.519160e-01 5.328000e-03 2.427560e-01
187 7.511600e-01 5.124000e-03 2.437160e-01
188 7.503200e-01 4.972000e-03 2.447080e-01
189 7.494560e-01 4.956000e-03 2.455880e-01
190 7.487200e-01 4.984000e-03 2.462960e-01
191 7.479000e-01 4.924000e-03 2.471760e-01
192 7.470560e-01 4.840000e-03 2.481040e-01
193 7.462640e-01 4.824000e-03 2.489120e-01
194 7.454040e-01 4.836000e-03 2.497600e-01
195 7.447160e-01 4.728000e-03 2.505560e-01
196 7.439760e-01 4.656000e-03 2.513680e-01
197 7.431880e-01 4.736000e-03 2.520760e-01
198 7.424200e-01 4.648000e-03 2.529320e-01
199 7.416640e-01 4.636000e-03 2.537000e-01
200 7.407880e-01 4.668000e-03 2.545440e-01
201 7.398960e-01 4.820000e-03 2.552840e-01
202 7.389120e-01 4.916000e-03 2.561720e-01
203 7.380840e-01 4.864000e-03 2.570520e-01
204 7.373600e-01 4.788000e-03 2.578520e-01
205 7.365880e-01 4.704000e-03 2.587080e-01
206 7.358960e-01 4.624000e-03 2.594800e-01
207 7.351400e-01 4.504000e-03 2.603560e-01
208 7.344120e-01 4.476000e-03 2.611120e-01
209 7.337720e-01 4.312000e-03 2.619160e-01
210 7.332320e-01 4.104000e-03 2.626640e-01
211 7.326240e-01 3.940000e-03 2.634360e-01
212 7.319960e-01 3.896000e-03 2.641080e-01
213 7.313400e-01 3.908000e-03 2.647520e-01
214 7.307600e-01 3.832000e-03 2.654080e-01
215 7.300200e-01 3.864000e-03 2.661160e-01
216 7.292880e-01 3.912000e-03 2.668000e-01
217 7.285440e-01 3.952000e-03 2.675040e-01
218 7.278760e-01 3.852000e-03 2.682720e-01
219 7.272160e-01 3.728000e-03 2.690560e-01
220 7.265360e-01 3.724000e-03 2.697400e-01
221 7.259480e-01 3.628000e-03 2.704240e-01
222 7.253760e-01 3.592000e-03 2.710320e-01
223 7.247640e-01 3.592000e-03 2.716440e-01
224 7.241960e-01 3.476000e-03 2.723280e-01
225 7.235840e-01 3.428000e-03 2.729880e-01
226 7.230080e-01 3.416000e-03 2.735760e-01
227 7.224560e-01 3.432000e-03 2.741120e-01
228 7.216960e-01 3.520000e-03 2.747840e-01
229 7.210600e-01 3.572000e-03 2.753680e-01
230 7.204000e-01 3.632000e-03 2.759680e-01
231 7.197160e-01 3.712000e-03 2.765720e-01
232 7.191000e-01 3.700000e-03 2.772000e-01
233 7.184160e-01 3.764000e-03 2.778200e-01
234 7.176160e-01 3.892000e-03 2.784920e-01
235 7.169760e-01 3.888000e-03 2.791360e-01
236 7.162640e-01 3.880000e-03 2.798560e-01
237 7.155240e-01 3.904000e-03 2.805720e-01
238 7.147560e-01 3.952000e-03 2.812920e-01
239 7.141520e-01 3.828000e-03 2.820200e-01
240 7.134920e-01 3.960000e-03 2.825480e-01
241 7.128200e-01 3.932000e-03 2.832480e-01
242 7.122320e-01 3.796000e-03 2.839720e-01
243 7.116040e-01 3.708000e-03 2.846880e-01
244 7.109480e-01 3.736000e-03 2.853160e-01
245 7.102280e-01 3.864000e-03 2.859080e-01
246 7.095880e-01 3.872000e-03 2.865400e-01
247 7.089600e-01 3.796000e-03 2.872440e-01
248 7.084200e-01 3.736000e-03 2.878440e-01
249 7.079040e-01 3.624000e-03 2.884720e-01
250 7.073200e-01 3.644000e-03 2.890360e-01
251 7.067800e-01 3.548000e-03 2.896720e-01
252 7.062920e-01 3.492000e-03 2.902160e-01
253 7.056600e-01 3.576000e-03 2.907640e-01
254 7.051160e-01 3.528000e-03 2.913560e-01
255 7.045200e-01 3.460000e-03 2.920200e-01
256 7.039560e-01 3.468000e-03 2.925760e-01
257 7.033120e-01 3.500000e-03 2.931880e-01
258 7.027560e-01 3.456000e-03 2.937880e-01
259 7.022440e-01 3.356000e-03 2.944000e-01
260 7.016760e-01 3.320000e-03 2.950040e-01
261 7.011160e-01 3.240000e-03 2.956440e-01
262 7.004960e-01 3.272000e-03 2.962320e-01
263 6.997720e-01 3.372000e-03 2.968560e-01
264 6.990960e-01 3.444000e-03 2.974600e-01
265 6.984320e-01 3.432000e-03 2.981360e-01
266 6.977600e-01 3.492000e-03 2.987480e-01
267 6.970480e-01 3.600000e-03 2.993520e-01
268 6.964400e-01 3.580000e-03 2.999800e-01
269 6.958480e-01 3.532000e-03 3.006200e-01
270 6.952000e-01 3.580000e-03 3.012200e-01
271 6.945760e-01 3.484000e-03 3.019400e-01
272 6.938840e-01 3.560000e-03 3.025560e-01
273 6.933120e-01 3.488000e-03 3.032000e-01
274 6.927200e-01 3.492000e-03 3.037880e-01
275 6.920760e-01 3.512000e-03 3.044120e-01
276 6.913920e-01 3.536000e-03 3.050720e-01
277 6.908400e-01 3.452000e-03 3.057080e-01
278 6.903560e-01 3.308000e-03 3.063360e-01
279 6.898360e-01 3.184000e-03 3.069800e-01
280 6.894520e-01 3.044000e-03 3.075040e-01
281 6.889120e-01 3.148000e-03 3.079400e-01
282 6.883520e-01 3.168000e-03 3.084800e-01
283 6.878200e-01 3.060000e-03 3.091200e-01
284 6.873160e-01 3.000000e-03 3.096840e-01
285 6.868400e-01 2.964000e-03 3.101960e-01
286 6.863400e-01 2.952000e-03 3.107080e-01
287 6.858160e-01 2.968000e-03 3.112160e-01
288 6.852360e-01 3.040000e-03 3.117240e-01
289 6.847520e-01 2.980000e-03 3.122680e-01
290 6.842720e-01 2.928000e-03 3.128000e-01
291 6.836880e-01 3.036000e-03 3.132760e-01
292 6.832440e-01 2.904000e-03 3.138520e-01
293 6.827880e-01 2.840000e-03 3.143720e-01
294 6.823360e-01 2.804000e-03 3.148600e-01
295 6.819720e-01 2.636000e-03 3.153920e-01
296 6.816000e-01 2.532000e-03 3.158680e-01
297 6.812720e-01 2.424000e-03 3.163040e-01
298 6.808680e-01 2.384000e-03 3.167480e-01
299 6.804880e-01 2.404000e-03 3.171080e-01
300 6.801600e-01 2.292000e-03 3.175480e-01
301 6.798440e-01 2.180000e-03 3.179760e-01
302 6.794920e-01 2.152000e-03 3.183560e-01
303 6.791200e-01 2.168000e-03 3.187120e-01
304 6.787720e-01 2.132000e-03 3.190960e-01
305 6.784200e-01 2.092000e-03 3.194880e-01
306 6.781000e-01 2.024000e-03 3.198760e-01
307 6.777560e-01 2.012000e-03 3.202320e-01
308 6.774560e-01 1.948000e-03 3.205960e-01
309 6.771040e-01 1.880000e-03 3.210160e-01
310 6.767160e-01 1.908000e-03 3.213760e-01
311 6.763200e-01 2.008000e-03 3.216720e-01
312 6.759960e-01 1.980000e-03 3.220240e-01
313 6.756800e-01 1.988000e-03 3.223320e-01
314 6.753160e-01 1.980000e-03 3.227040e-01
315 6.750160e-01 1.864000e-03 3.231200e-01
316 6.747280e-01 1.800000e-03 3.234720e-01
317 6.744120e-01 1.792000e-03 3.237960e-01
318 6.741840e-01 1.740000e-03 3.240760e-01
319 6.737920e-01 1.808000e-03 3.244000e-01
320 6.734320e-01 1.852000e-03 3.247160e-01
321 6.731640e-01 1.852000e-03 3.249840e-01
322 6.729120e-01 1.824000e-03 3.252640e-01
323 6.727360e-01 1.712000e-03 3.255520e-01
324 6.724520e-01 1.704000e-03 3.258440e-01
325 6.721600e-01 1.728000e-03 3.261120e-01
326 6.718520e-01 1.720000e-03 3.264280e-01
327 6.715120e-01 1.800000e-03 3.266880e-01
328 6.711480e-01 1.852000e-03 3.270000e-01
329 6.707960e-01 1.884000e-03 3.273200e-01
330 6.705120e-01 1.888000e-03 3.276000e-01
331 6.701520e-01 1.912000e-03 3.279360e-01
332 6.697400e-01 1.992000e-03 3.282680e-01
333 6.693600e-01 2.036000e-03 3.286040e-01
334 6.690600e-01 2.032000e-03 3.289080e-01
335 6.687360e-01 2.008000e-03 3.292560e-01
336 6.684040e-01 2.080000e-03 3.295160e-01
337 6.680600e-01 2.080000e-03 3.298600e-01
338 6.676960e-01 2.004000e-03 3.303000e-01
339 6.673640e-01 2.004000e-03 3.306320e-01
340 6.669440e-01 2.040000e-03 3.310160e-01
341 6.666520e-01 1.996000e-03 3.313520e-01
342 6.663200e-01 1.944000e-03 3.317360e-01
343 6.660160e-01 1.912000e-03 3.320720e-01
344 6.656680e-01 1.940000e-03 3.323920e-01
345 6.653600e-01 1.932000e-03 3.327080e-01
346 6.650600e-01 1.960000e-03 3.329800e-01
347 6.648040e-01 1.892000e-03 3.333040e-01
348 6.645840e-01 1.780000e-03 3.336360e-01
349 6.642800e-01 1.864000e-03 3.338560e-01
350 6.639400e-01 1.868000e-03 3.341920e-01
351 6.636080e-01 1.840000e-03 3.345520e-01
352 6.632600e-01 1.812000e-03 3.349280e-01
353 6.629520e-01 1.764000e-03 3.352840e-01
354 6.625640e-01 1.900000e-03 3.355360e-01
355 6.622600e-01 1.908000e-03 3.358320e-01
356 6.620240e-01 1.792000e-03 3.361840e-01
357 6.617560e-01 1.752000e-03 3.364920e-01
358 6.615240e-01 1.704000e-03 3.367720e-01
359 6.612880e-01 1.628000e-03 3.370840e-01
360 6.610640e-01 1.608000e-03 3.373280e-01
361 6.608800e-01 1.504000e-03 3.376160e-01
362 6.606600e-01 1.472000e-03 3.378680e-01
363 6.604800e-01 1.384000e-03 3.381360e-01
364 6.602720e-01 1.348000e-03 3.383800e-01
365 6.600440e-01 1.308000e-03 3.386480e-01
366 6.598480e-01 1.244000e-03 3.389080e-01
367 6.596840e-01 1.168000e-03 3.391480e-01
368 6.594520e-01 1.204000e-03 3.393440e-01
369 6.592760e-01 1.180000e-03 3.395440e-01
370 6.590800e-01 1.124000e-03 3.397960e-01
371 6.588960e-01 1.112000e-03 3.399920e-01
372 6.586760e-01 1.132000e-03 3.401920e-01
373 6.584960e-01 1.092000e-03 3.404120e-01
374 6.582840e-01 1.060000e-03 3.406560e-01
375 6.581000e-01 1.072000e-03 3.408280e-01
376 6.579240e-01 1.084000e-03 3.409920e-01
377 6.577720e-01 1.052000e-03 3.411760e-01
378 6.576160e-01 1.008000e-03 3.413760e-01
379 6.573760e-01 1.072000e-03 3.415520e-01
380 6.572000e-01 1.040000e-03 3.417600e-01
381 6.570040e-01 1.060000e-03 3.419360e-01
382 6.568040e-01 1.100000e-03 3.420960e-01
383 6.565880e-01 1.152000e-03 3.422600e-01
384 6.564000e-01 1.136000e-03 3.424640e-01
385 6.562080e-01 1.132000e-03 3.426600e-01
386 6.560000e-01 1.124000e-03 3.428760e-01
387 6.558320e-01 1.080000e-03 3.430880e-01
388 6.556360e-01 1.092000e-03 3.432720e-01
389 6.554440e-01 1.080000e-03 3.434760e-01
390 6.552600e-01 1.092000e-03 3.436480e-01
391 6.551160e-01 1.076000e-03 3.438080e-01
392 6.549600e-01 1.088000e-03 3.439520e-01
393 6.547440e-01 1.092000e-03 3.441640e-01
394 6.545720e-01 1.060000e-03 3.443680e-01
395 6.543880e-01 1.040000e-03 3.445720e-01
396 6.542280e-01 1.028000e-03 3.447440e-01
397 6.540800e-01 9.920000e-04 3.449280e-01
398 6.539520e-01 9.880000e-04 3.450600e-01
399 6.538640e-01 9.560000e-04 3.451800e-01
400 6.536960e-01 9.720000e-04 3.453320e-01
401 6.535200e-01 9.960000e-04 3.454840e-01
402 6.533320e-01 1.000000e-03 3.456680e-01
403 6.531320e-01 1.028000e-03 3.458400e-01
404 6.529320e-01 1.044000e-03 3.460240e-01
405 6.527480e-01 1.028000e-03 3.462240e-01
406 6.526240e-01 9.680000e-04 3.464080e-01
407 6.525080e-01 9.280000e-04 3.465640e-01
408 6.523160e-01 9.640000e-04 3.467200e-01
409 6.521240e-01 1.024000e-03 3.468520e-01
410 6.519280e-01 1.064000e-03 3.470080e-01
411 6.517320e-01 1.024000e-03 3.472440e-01
412 6.516000e-01 9.800000e-04 3.474200e-01
413 6.514600e-01 9.480000e-04 3.475920e-01
414 6.513120e-01 9.280000e-04 3.477600e-01
415 6.511320e-01 9.440000e-04 3.479240e-01
416 6.509440e-01 9.400000e-04 3.481160e-01
417 6.507400e-01 9.640000e-04 3.482960e-01
418 6.505880e-01 9.520000e-04 3.484600e-01
419 6.504040e-01 9.880000e-04 3.486080e-01
420 6.502200e-01 1.008000e-03 3.487720e-01
421 6.501000e-01 9.520000e-04 3.489480e-01
422 6.499720e-01 9.160000e-04 3.491120e-01
423 6.497400e-01 9.400000e-04 3.493200e-01
424 6.495200e-01 9.400000e-04 3.495400e-01
425 6.493360e-01 9.480000e-04 3.497160e-01
426 6.491840e-01 9.480000e-04 3.498680e-01
427 6.489600e-01 1.020000e-03 3.500200e-01
428 6.487240e-01 1.060000e-03 3.502160e-01
429 6.485560e-01 1.028000e-03 3.504160e-01
430 6.483600e-01 1.060000e-03 3.505800e-01
431 6.482320e-01 1.008000e-03 3.507600e-01
432 6.480840e-01 9.960000e-04 3.509200e-01
433 6.479240e-01 9.880000e-04 3.510880e-01
434 6.477440e-01 9.520000e-04 3.513040e-01
435 6.476120e-01 8.680000e-04 3.515200e-01
436 6.474880e-01 8.520000e-04 3.516600e-01
437 6.473560e-01 8.320000e-04 3.518120e-01
438 6.471880e-01 8.800000e-04 3.519320e-01
439 6.470240e-01 9.200000e-04 3.520560e-01
440 6.468880e-01 9.160000e-04 3.521960e-01
441 6.466840e-01 9.520000e-04 3.523640e-01
442 6.464520e-01 1.004000e-03 3.525440e-01
443 6.462600e-01 1.004000e-03 3.527360e-01
444 6.461040e-01 1.004000e-03 3.528920e-01
445 6.459160e-01 9.960000e-04 3.530880e-01
446 6.457440e-01 9.960000e-04 3.532600e-01
447 6.455840e-01 1.020000e-03 3.533960e-01
448 6.454840e-01 9.360000e-04 3.535800e-01
449 6.453320e-01 9.120000e-04 3.537560e-01
450 6.451800e-01 9.280000e-04 3.538920e-01
451 6.450200e-01 8.880000e-04 3.540920e-01
452 6.448720e-01 9.000000e-04 3.542280e-01
453 6.446960e-01 9.160000e-04 3.543880e-01
454 6.445040e-01 9.480000e-04 3.545480e-01
455 6.442440e-01 1.048000e-03 3.547080e-01
456 6.440800e-01 1.024000e-03 3.548960e-01
457 6.438080e-01 1.112000e-03 3.550800e-01
458 6.436160e-01 1.088000e-03 3.552960e-01
459 6.434040e-01 1.132000e-03 3.554640e-01
460 6.432480e-01 1.112000e-03 3.556400e-01
461 6.430760e-01 1.092000e-03 3.558320e-01
462 6.428640e-01 1.096000e-03 3.560400e-01
463 6.426640e-01 1.120000e-03 3.562160e-01
464 6.424520e-01 1.128000e-03 3.564200e-01
465 6.422720e-01 1.096000e-03 3.566320e-01
466 6.420880e-01 1.104000e-03 3.568080e-01
467 6.418880e-01 1.116000e-03 3.569960e-01
468 6.416920e-01 1.156000e-03 3.571520e-01
469 6.414920e-01 1.112000e-03 3.573960e-01
470 6.412520e-01 1.120000e-03 3.576280e-01
471 6.410880e-01 1.060000e-03 3.578520e-01
472 6.409360e-01 1.020000e-03 3.580440e-01
473 6.407600e-01 1.012000e-03 3.582280e-01
474 6.405920e-01 1.012000e-03 3.583960e-01
475 6.404120e-01 1.020000e-03 3.585680e-01
476 6.402400e-01 1.040000e-03 3.587200e-01
477 6.401000e-01 1.040000e-03 3.588600e-01
478 6.398920e-01 1.060000e-03 3.590480e-01
479 6.397280e-01 1.072000e-03 3.592000e-01
480 6.395800e-01 1.040000e-03 3.593800e-01
481 6.393880e-01 1.060000e-03 3.595520e-01
482 6.391960e-01 1.040000e-03 3.597640e-01
483 6.390480e-01 9.800000e-04 3.599720e-01
484 6.388920e-01 1.012000e-03 3.600960e-01
485 6.387080e-01 1.020000e-03 3.602720e-01
486 6.385440e-01 1.028000e-03 3.604280e-01
487 6.383920e-01 1.008000e-03 3.606000e-01
488 6.382080e-01 1.008000e-03 3.607840e-01
489 6.380240e-01 1.004000e-03 3.609720e-01
490 6.378240e-01 1.044000e-03 3.611320e-01
491 6.376200e-01 1.068000e-03 3.613120e-01
492 6.374400e-01 1.076000e-03 3.614840e-01
493 6.372240e-01 1.072000e-03 3.617040e-01
494 6.370720e-01 1.032000e-03 3.618960e-01
495 6.368960e-01 1.048000e-03 3.620560e-01
496 6.367560e-01 1.016000e-03 3.622280e-01
497 6.365880e-01 1.024000e-03 3.623880e-01
498 6.364560e-01 9.840000e-04 3.625600e-01
499 6.362840e-01 9.960000e-04 3.627200e-01
500 6.360160e-01 1.056000e-03 3.629280e-01
