1 9.991360e-01 7.840000e-04 8.000000e-05
2 9.984920e-01 1.280000e-03 2.280000e-04
3 9.977680e-01 1.724000e-03 5.080000e-04
4 9.969920e-01 2.200000e-03 8.080000e-04
5 9.962000e-01 2.580000e-03 1.220000e-03
6 9.952520e-01 3.040000e-03 1.708000e-03
7 9.943480e-01 3.428000e-03 2.224000e-03
8 9.933600e-01 3.800000e-03 2.840000e-03
9 9.923200e-01 4.220000e-03 3.460000e-03
10 9.913440e-01 4.508000e-03 4.148000e-03
11 9.902720e-01 4.720000e-03 5.008000e-03
12 9.890160e-01 5.196000e-03 5.788000e-03
13 9.879600e-01 5.308000e-03 6.732000e-03
14 9.867800e-01 5.560000e-03 7.660000e-03
15 9.854080e-01 5.940000e-03 8.652000e-03
16 9.841000e-01 6.148000e-03 9.752000e-03
17 9.828440e-01 6.320000e-03 1.083600e-02
18 9.815080e-01 6.484000e-03 1.200800e-02
19 9.802160e-01 6.596000e-03 1.318800e-02
20 9.788880e-01 6.864000e-03 1.424800e-02
21 9.775160e-01 7.088000e-03 1.539600e-02
22 9.761200e-01 7.240000e-03 1.664000e-02
23 9.745120e-01 7.532000e-03 1.795600e-02
24 9.730040e-01 7.640000e-03 1.935600e-02
25 9.716640e-01 7.540000e-03 2.079600e-02
26 9.702800e-01 7.496000e-03 2.222400e-02
27 9.689480e-01 7.476000e-03 2.357600e-02
28 9.675520e-01 7.592000e-03 2.485600e-02
29 9.662000e-01 7.680000e-03 2.612000e-02
30 9.647000e-01 7.768000e-03 2.753200e-02
31 9.633000e-01 7.828000e-03 2.887200e-02
32 9.618480e-01 7.960000e-03 3.019200e-02
33 9.603560e-01 8.108000e-03 3.153600e-02
34 9.587680e-01 8.128000e-03 3.310400e-02
35 9.572160e-01 8.328000e-03 3.445600e-02
36 9.557440e-01 8.356000e-03 3.590000e-02
37 9.540640e-01 8.624000e-03 3.731200e-02
38 9.525120e-01 8.620000e-03 3.886800e-02
39 9.510240e-01 8.632000e-03 4.034400e-02
40 9.496120e-01 8.556000e-03 4.183200e-02
41 9.480480e-01 8.592000e-03 4.336000e-02
42 9.463760e-01 8.796000e-03 4.482800e-02
43 9.445960e-01 9.148000e-03 4.625600e-02
44 9.429280e-01 9.240000e-03 4.783200e-02
45 9.414080e-01 9.004000e-03 4.958800e-02
46 9.395440e-01 9.244000e-03 5.121200e-02
47 9.376840e-01 9.500000e-03 5.281600e-02
48 9.359680e-01 9.604000e-03 5.442800e-02
49 9.342080e-01 9.624000e-03 5.616800e-02
50 9.324520e-01 9.728000e-03 5.782000e-02
51 9.306640e-01 9.796000e-03 5.954000e-02
52 9.287880e-01 9.984000e-03 6.122800e-02
53 9.269200e-01 1.001200e-02 6.306800e-02
54 9.252080e-01 9.952000e-03 6.484000e-02
55 9.235080e-01 9.820000e-03 6.667200e-02
56 9.218600e-01 9.800000e-03 6.834000e-02
57 9.201560e-01 9.752000e-03 7.009200e-02
58 9.186840e-01 9.444000e-03 7.187200e-02
59 9.169840e-01 9.416000e-03 7.360000e-02
60 9.153320e-01 9.484000e-03 7.518400e-02
61 9.136000e-01 9.524000e-03 7.687600e-02
62 9.118240e-01 9.564000e-03 7.861200e-02
63 9.102360e-01 9.452000e-03 8.031200e-02
64 9.086120e-01 9.396000e-03 8.199200e-02
65 9.070360e-01 9.272000e-03 8.369200e-02
66 9.054440e-01 9.284000e-03 8.527200e-02
67 9.039000e-01 9.400000e-03 8.670000e-02
68 9.021640e-01 9.524000e-03 8.831200e-02
69 9.003280e-01 9.804000e-03 8.986800e-02
70 8.986600e-01 9.752000e-03 9.158800e-02
71 8.968600e-01 9.836000e-03 9.330400e-02
72 8.952080e-01 9.828000e-03 9.496400e-02
73 8.933600e-01 1.006400e-02 9.657600e-02
74 8.917920e-01 9.860000e-03 9.834800e-02
75 8.902920e-01 9.524000e-03 1.001840e-01
76 8.886680e-01 9.388000e-03 1.019440e-01
77 8.872120e-01 9.112000e-03 1.036760e-01
78 8.856360e-01 9.072000e-03 1.052920e-01
79 8.841640e-01 8.928000e-03 1.069080e-01
80 8.827560e-01 8.848000e-03 1.083960e-01
81 8.813000e-01 8.832000e-03 1.098680e-01
82 8.797920e-01 8.796000e-03 1.114120e-01
83 8.782000e-01 8.840000e-03 1.129600e-01
84 8.766080e-01 8.948000e-03 1.144440e-01
85 8.749560e-01 9.088000e-03 1.159560e-01
86 8.733440e-01 9.136000e-03 1.175200e-01
87 8.717520e-01 9.036000e-03 1.192120e-01
88 8.702000e-01 9.020000e-03 1.207800e-01
89 8.686320e-01 8.956000e-03 1.224120e-01
90 8.671320e-01 8.832000e-03 1.240360e-01
91 8.655240e-01 8.904000e-03 1.255720e-01
92 8.639120e-01 9.088000e-03 1.270000e-01
93 8.623640e-01 9.008000e-03 1.286280e-01
94 8.608320e-01 8.876000e-03 1.302920e-01
95 8.592760e-01 8.860000e-03 1.318640e-01
96 8.577760e-01 8.900000e-03 1.333240e-01
97 8.563920e-01 8.696000e-03 1.349120e-01
98 8.549000e-01 8.572000e-03 1.365280e-01
99 8.532800e-01 8.564000e-03 1.381560e-01
100 8.518400e-01 8.528000e-03 1.396320e-01
101 8.503480e-01 8.592000e-03 1.410600e-01
102 8.487640e-01 8.624000e-03 1.426120e-01
103 8.472960e-01 8.604000e-03 1.441000e-01
104 8.458200e-01 8.584000e-03 1.455960e-01
105 8.440920e-01 8.836000e-03 1.470720e-01
106 8.424720e-01 8.936000e-03 1.485920e-01
107 8.410280e-01 8.848000e-03 1.501240e-01
108 8.395600e-01 8.732000e-03 1.517080e-01
109 8.379920e-01 8.780000e-03 1.532280e-01
110 8.363520e-01 8.840000e-03 1.548080e-01
111 8.346600e-01 8.944000e-03 1.563960e-01
112 8.331600e-01 8.924000e-03 1.579160e-01
113 8.317920e-01 8.796000e-03 1.594120e-01
114 8.303200e-01 8.824000e-03 1.608560e-01
115 8.288280e-01 8.756000e-03 1.624160e-01
116 8.272760e-01 8.716000e-03 1.640080e-01
117 8.258040e-01 8.700000e-03 1.654960e-01
118 8.241320e-01 8.924000e-03 1.669440e-01
119 8.225840e-01 8.856000e-03 1.685600e-01
120 8.210000e-01 8.808000e-03 1.701920e-01
121 8.193720e-01 8.892000e-03 1.717360e-01
122 8.176880e-01 9.156000e-03 1.731560e-01
123 8.160240e-01 9.136000e-03 1.748400e-01
124 8.145840e-01 9.124000e-03 1.762920e-01
125 8.130440e-01 9.000000e-03 1.779560e-01
126 8.114520e-01 8.920000e-03 1.796280e-01
127 8.100520e-01 8.876000e-03 1.810720e-01
128 8.086160e-01 8.760000e-03 1.826240e-01
129 8.070840e-01 8.748000e-03 1.841680e-01
130 8.055800e-01 8.880000e-03 1.855400e-01
131 8.040280e-01 8.796000e-03 1.871760e-01
132 8.024720e-01 8.796000e-03 1.887320e-01
133 8.009480e-01 8.840000e-03 1.902120e-01
134 7.993400e-01 8.832000e-03 1.918280e-01
135 7.978280e-01 8.820000e-03 1.933520e-01
136 7.963720e-01 8.760000e-03 1.948680e-01
137 7.947960e-01 8.948000e-03 1.962560e-01
138 7.934120e-01 8.844000e-03 1.977440e-01
139 7.919280e-01 8.644000e-03 1.994280e-01
140 7.906400e-01 8.396000e-03 2.009640e-01
141 7.893000e-01 8.220000e-03 2.024800e-01
142 7.877840e-01 8.332000e-03 2.038840e-01
143 7.862760e-01 8.304000e-03 2.054200e-01
144 7.848560e-01 8.156000e-03 2.069880e-01
145 7.834800e-01 8.144000e-03 2.083760e-01
146 7.819760e-01 8.204000e-03 2.098200e-01
147 7.805160e-01 8.128000e-03 2.113560e-01
148 7.790640e-01 8.260000e-03 2.126760e-01
149 7.777120e-01 8.224000e-03 2.140640e-01
150 7.764280e-01 8.040000e-03 2.155320e-01
151 7.751680e-01 7.848000e-03 2.169840e-01
152 7.737200e-01 8.020000e-03 2.182600e-01
153 7.723560e-01 7.896000e-03 2.197480e-01
154 7.711400e-01 7.888000e-03 2.209720e-01
155 7.697800e-01 7.828000e-03 2.223920e-01
156 7.685120e-01 7.716000e-03 2.237720e-01
157 7.672360e-01 7.676000e-03 2.250880e-01
158 7.659080e-01 7.680000e-03 2.264120e-01
159 7.645040e-01 7.800000e-03 2.276960e-01
160 7.631760e-01 7.648000e-03 2.291760e-01
161 7.618880e-01 7.684000e-03 2.304280e-01
162 7.605920e-01 7.616000e-03 2.317920e-01
163 7.590840e-01 7.668000e-03 2.332480e-01
164 7.575200e-01 7.840000e-03 2.346400e-01
165 7.560800e-01 7.748000e-03 2.361720e-01
166 7.547280e-01 7.716000e-03 2.375560e-01
167 7.534040e-01 7.736000e-03 2.388600e-01
168 7.522120e-01 7.496000e-03 2.402920e-01
169 7.508880e-01 7.380000e-03 2.417320e-01
170 7.496040e-01 7.392000e-03 2.430040e-01
171 7.482920e-01 7.404000e-03 2.443040e-01
172 7.468960e-01 7.380000e-03 2.457240e-01
173 7.455920e-01 7.296000e-03 2.471120e-01
174 7.443680e-01 7.216000e-03 2.484160e-01
175 7.432200e-01 7.192000e-03 2.495880e-01
176 7.419320e-01 7.216000e-03 2.508520e-01
177 7.406600e-01 7.304000e-03 2.520360e-01
178 7.392040e-01 7.480000e-03 2.533160e-01
179 7.377960e-01 7.564000e-03 2.546400e-01
180 7.364680e-01 7.540000e-03 2.559920e-01
181 7.352440e-01 7.340000e-03 2.574160e-01
182 7.340920e-01 7.300000e-03 2.586080e-01
183 7.328320e-01 7.364000e-03 2.598040e-01
184 7.316320e-01 7.248000e-03 2.611200e-01
185 7.304320e-01 7.216000e-03 2.623520e-01
186 7.293040e-01 6.964000e-03 2.637320e-01
187 7.280640e-01 7.012000e-03 2.649240e-01
188 7.269120e-01 6.840000e-03 2.662480e-01
189 7.258120e-01 6.748000e-03 2.674400e-01
190 7.247080e-01 6.704000e-03 2.685880e-01
191 7.236960e-01 6.504000e-03 2.698000e-01
192 7.227640e-01 6.312000e-03 2.709240e-01
193 7.218000e-01 6.056000e-03 2.721440e-01
194 7.208320e-01 5.924000e-03 2.732440e-01
195 7.197240e-01 5.976000e-03 2.743000e-01
196 7.187520e-01 5.872000e-03 2.753760e-01
197 7.177480e-01 5.864000e-03 2.763880e-01
198 7.168040e-01 5.772000e-03 2.774240e-01
199 7.157760e-01 5.828000e-03 2.783960e-01
200 7.147680e-01 5.820000e-03 2.794120e-01
201 7.138200e-01 5.716000e-03 2.804640e-01
202 7.127720e-01 5.728000e-03 2.815000e-01
203 7.117120e-01 5.788000e-03 2.825000e-01
204 7.107000e-01 5.796000e-03 2.835040e-01
205 7.096520e-01 5.804000e-03 2.845440e-01
206 7.087160e-01 5.652000e-03 2.856320e-01
207 7.077960e-01 5.604000e-03 2.866000e-01
208 7.068760e-01 5.564000e-03 2.875600e-01
209 7.058320e-01 5.588000e-03 2.885800e-01
210 7.049040e-01 5.496000e-03 2.896000e-01
211 7.040080e-01 5.384000e-03 2.906080e-01
212 7.030040e-01 5.476000e-03 2.915200e-01
213 7.020280e-01 5.528000e-03 2.924440e-01
214 7.010280e-01 5.476000e-03 2.934960e-01
215 7.000200e-01 5.428000e-03 2.945520e-01
216 6.991080e-01 5.500000e-03 2.953920e-01
217 6.982360e-01 5.440000e-03 2.963240e-01
218 6.974800e-01 5.284000e-03 2.972360e-01
219 6.967320e-01 5.096000e-03 2.981720e-01
220 6.958400e-01 5.044000e-03 2.991160e-01
221 6.950960e-01 4.848000e-03 3.000560e-01
222 6.943880e-01 4.684000e-03 3.009280e-01
223 6.936480e-01 4.552000e-03 3.018000e-01
224 6.929600e-01 4.440000e-03 3.026000e-01
225 6.922960e-01 4.424000e-03 3.032800e-01
226 6.913640e-01 4.664000e-03 3.039720e-01
227 6.906360e-01 4.528000e-03 3.048360e-01
228 6.898640e-01 4.460000e-03 3.056760e-01
229 6.890600e-01 4.464000e-03 3.064760e-01
230 6.882440e-01 4.540000e-03 3.072160e-01
231 6.874760e-01 4.520000e-03 3.080040e-01
232 6.866440e-01 4.524000e-03 3.088320e-01
233 6.858680e-01 4.340000e-03 3.097920e-01
234 6.851000e-01 4.348000e-03 3.105520e-01
235 6.843480e-01 4.384000e-03 3.112680e-01
236 6.836800e-01 4.268000e-03 3.120520e-01
237 6.829040e-01 4.336000e-03 3.127600e-01
238 6.821600e-01 4.296000e-03 3.135440e-01
239 6.813480e-01 4.336000e-03 3.143160e-01
240 6.805040e-01 4.420000e-03 3.150760e-01
241 6.797280e-01 4.368000e-03 3.159040e-01
242 6.790120e-01 4.276000e-03 3.167120e-01
243 6.782920e-01 4.212000e-03 3.174960e-01
244 6.775000e-01 4.220000e-03 3.182800e-01
245 6.768480e-01 4.148000e-03 3.190040e-01
246 6.761240e-01 4.120000e-03 3.197560e-01
247 6.753640e-01 4.204000e-03 3.204320e-01
248 6.746320e-01 4.140000e-03 3.212280e-01
249 6.738840e-01 4.140000e-03 3.219760e-01
250 6.731680e-01 4.104000e-03 3.227280e-01
251 6.724440e-01 4.204000e-03 3.233520e-01
252 6.716840e-01 4.300000e-03 3.240160e-01
253 6.709640e-01 4.332000e-03 3.247040e-01
254 6.702560e-01 4.248000e-03 3.254960e-01
255 6.694880e-01 4.228000e-03 3.262840e-01
256 6.687320e-01 4.272000e-03 3.269960e-01
257 6.679960e-01 4.156000e-03 3.278480e-01
258 6.671160e-01 4.280000e-03 3.286040e-01
259 6.663400e-01 4.296000e-03 3.293640e-01
260 6.655960e-01 4.288000e-03 3.301160e-01
261 6.648240e-01 4.360000e-03 3.308160e-01
262 6.641240e-01 4.388000e-03 3.314880e-01
263 6.633400e-01 4.408000e-03 3.322520e-01
264 6.626320e-01 4.412000e-03 3.329560e-01
265 6.618880e-01 4.368000e-03 3.337440e-01
266 6.612320e-01 4.236000e-03 3.345320e-01
267 6.605560e-01 4.232000e-03 3.352120e-01
268 6.598960e-01 4.288000e-03 3.358160e-01
269 6.592240e-01 4.208000e-03 3.365680e-01
270 6.585200e-01 4.240000e-03 3.372400e-01
271 6.578600e-01 4.104000e-03 3.380360e-01
272 6.571640e-01 4.056000e-03 3.387800e-01
273 6.564880e-01 4.104000e-03 3.394080e-01
274 6.557680e-01 4.108000e-03 3.401240e-01
275 6.550800e-01 4.060000e-03 3.408600e-01
276 6.544960e-01 4.000000e-03 3.415040e-01
277 6.538040e-01 3.912000e-03 3.422840e-01
278 6.532240e-01 3.876000e-03 3.429000e-01
279 6.525800e-01 3.792000e-03 3.436280e-01
280 6.519800e-01 3.804000e-03 3.442160e-01
281 6.513600e-01 3.740000e-03 3.449000e-01
282 6.506880e-01 3.692000e-03 3.456200e-01
283 6.501000e-01 3.620000e-03 3.462800e-01
284 6.495280e-01 3.608000e-03 3.468640e-01
285 6.489960e-01 3.476000e-03 3.475280e-01
286 6.484520e-01 3.416000e-03 3.481320e-01
287 6.478760e-01 3.356000e-03 3.487680e-01
288 6.473560e-01 3.276000e-03 3.493680e-01
289 6.467720e-01 3.312000e-03 3.499160e-01
290 6.461600e-01 3.336000e-03 3.505040e-01
291 6.456320e-01 3.296000e-03 3.510720e-01
292 6.450360e-01 3.384000e-03 3.515800e-01
293 6.443920e-01 3.456000e-03 3.521520e-01
294 6.438000e-01 3.452000e-03 3.527480e-01
295 6.431120e-01 3.568000e-03 3.533200e-01
296 6.424480e-01 3.612000e-03 3.539400e-01
297 6.418520e-01 3.632000e-03 3.545160e-01
298 6.413040e-01 3.528000e-03 3.551680e-01
299 6.407360e-01 3.504000e-03 3.557600e-01
300 6.401520e-01 3.488000e-03 3.563600e-01
301 6.396160e-01 3.400000e-03 3.569840e-01
302 6.390560e-01 3.384000e-03 3.575600e-01
303 6.385960e-01 3.240000e-03 3.581640e-01
304 6.381440e-01 3.100000e-03 3.587560e-01
305 6.376880e-01 2.984000e-03 3.593280e-01
306 6.372080e-01 2.932000e-03 3.598600e-01
307 6.368160e-01 2.728000e-03 3.604560e-01
308 6.363840e-01 2.748000e-03 3.608680e-01
309 6.359360e-01 2.708000e-03 3.613560e-01
310 6.355960e-01 2.532000e-03 3.618720e-01
311 6.352960e-01 2.348000e-03 3.623560e-01
312 6.349360e-01 2.348000e-03 3.627160e-01
313 6.345880e-01 2.272000e-03 3.631400e-01
314 6.342040e-01 2.260000e-03 3.635360e-01
315 6.338720e-01 2.196000e-03 3.639320e-01
316 6.334680e-01 2.208000e-03 3.643240e-01
317 6.331160e-01 2.216000e-03 3.646680e-01
318 6.328200e-01 2.152000e-03 3.650280e-01
319 6.324440e-01 2.188000e-03 3.653680e-01
320 6.320400e-01 2.200000e-03 3.657600e-01
321 6.316640e-01 2.204000e-03 3.661320e-01
322 6.312480e-01 2.248000e-03 3.665040e-01
323 6.308880e-01 2.176000e-03 3.669360e-01
324 6.305080e-01 2.220000e-03 3.672720e-01
325 6.301880e-01 2.132000e-03 3.676800e-01
326 6.298720e-01 2.088000e-03 3.680400e-01
327 6.295400e-01 2.064000e-03 3.683960e-01
328 6.291600e-01 2.100000e-03 3.687400e-01
329 6.287920e-01 2.048000e-03 3.691600e-01
330 6.284360e-01 2.028000e-03 3.695360e-01
331 6.281480e-01 1.964000e-03 3.698880e-01
332 6.278440e-01 1.904000e-03 3.702520e-01
333 6.275080e-01 1.916000e-03 3.705760e-01
334 6.271240e-01 1.992000e-03 3.708840e-01
335 6.268240e-01 1.968000e-03 3.712080e-01
336 6.264720e-01 1.992000e-03 3.715360e-01
337 6.261400e-01 1.896000e-03 3.719640e-01
338 6.258000e-01 1.936000e-03 3.722640e-01
339 6.255200e-01 1.920000e-03 3.725600e-01
340 6.252240e-01 1.920000e-03 3.728560e-01
341 6.249160e-01 1.876000e-03 3.732080e-01
342 6.246240e-01 1.848000e-03 3.735280e-01
343 6.243240e-01 1.836000e-03 3.738400e-01
344 6.240760e-01 1.844000e-03 3.740800e-01
345 6.238320e-01 1.776000e-03 3.743920e-01
346 6.235440e-01 1.720000e-03 3.747360e-01
347 6.232440e-01 1.728000e-03 3.750280e-01
348 6.229480e-01 1.744000e-03 3.753080e-01
349 6.226480e-01 1.640000e-03 3.757120e-01
350 6.223720e-01 1.612000e-03 3.760160e-01
351 6.221320e-01 1.576000e-03 3.762920e-01
352 6.218840e-01 1.588000e-03 3.765280e-01
353 6.215960e-01 1.616000e-03 3.767880e-01
354 6.214240e-01 1.548000e-03 3.770280e-01
355 6.212120e-01 1.468000e-03 3.773200e-01
356 6.210000e-01 1.432000e-03 3.775680e-01
357 6.208200e-01 1.380000e-03 3.778000e-01
358 6.206800e-01 1.320000e-03 3.780000e-01
359 6.204520e-01 1.296000e-03 3.782520e-01
360 6.202840e-01 1.248000e-03 3.784680e-01
361 6.201120e-01 1.180000e-03 3.787080e-01
362 6.198920e-01 1.200000e-03 3.789080e-01
363 6.196320e-01 1.264000e-03 3.791040e-01
364 6.193840e-01 1.288000e-03 3.793280e-01
365 6.191760e-01 1.188000e-03 3.796360e-01
366 6.188760e-01 1.312000e-03 3.798120e-01
367 6.186680e-01 1.288000e-03 3.800440e-01
368 6.184480e-01 1.288000e-03 3.802640e-01
369 6.182200e-01 1.344000e-03 3.804360e-01
370 6.179880e-01 1.352000e-03 3.806600e-01
371 6.177480e-01 1.332000e-03 3.809200e-01
372 6.175240e-01 1.284000e-03 3.811920e-01
373 6.173160e-01 1.300000e-03 3.813840e-01
374 6.171520e-01 1.240000e-03 3.816080e-01
375 6.169600e-01 1.244000e-03 3.817960e-01
376 6.167880e-01 1.172000e-03 3.820400e-01
377 6.165760e-01 1.180000e-03 3.822440e-01
378 6.163320e-01 1.252000e-03 3.824160e-01
379 6.160960e-01 1.264000e-03 3.826400e-01
380 6.159520e-01 1.220000e-03 3.828280e-01
381 6.157880e-01 1.132000e-03 3.830800e-01
382 6.155840e-01 1.120000e-03 3.832960e-01
383 6.153800e-01 1.160000e-03 3.834600e-01
384 6.152360e-01 1.092000e-03 3.836720e-01
385 6.151040e-01 9.600000e-04 3.839360e-01
386 6.149360e-01 1.004000e-03 3.840600e-01
387 6.147680e-01 1.008000e-03 3.842240e-01
388 6.145880e-01 9.560000e-04 3.844560e-01
389 6.143800e-01 9.960000e-04 3.846240e-01
390 6.141600e-01 1.044000e-03 3.847960e-01
391 6.139640e-01 1.008000e-03 3.850280e-01
392 6.137760e-01 1.024000e-03 3.852000e-01
393 6.136200e-01 9.880000e-04 3.853920e-01
394 6.134640e-01 9.920000e-04 3.855440e-01
395 6.132840e-01 1.016000e-03 3.857000e-01
396 6.131440e-01 9.480000e-04 3.859080e-01
397 6.129640e-01 1.016000e-03 3.860200e-01
398 6.128120e-01 1.028000e-03 3.861600e-01
399 6.126040e-01 1.040000e-03 3.863560e-01
400 6.123800e-01 1.100000e-03 3.865200e-01
401 6.121840e-01 1.120000e-03 3.866960e-01
402 6.120000e-01 1.120000e-03 3.868800e-01
403 6.118480e-01 1.100000e-03 3.870520e-01
404 6.116880e-01 1.052000e-03 3.872600e-01
405 6.115560e-01 1.012000e-03 3.874320e-01
406 6.113560e-01 1.044000e-03 3.876000e-01
407 6.111960e-01 9.960000e-04 3.878080e-01
408 6.110800e-01 9.480000e-04 3.879720e-01
409 6.109520e-01 8.600000e-04 3.881880e-01
410 6.108200e-01 8.360000e-04 3.883440e-01
411 6.107080e-01 7.840000e-04 3.885080e-01
412 6.106080e-01 7.320000e-04 3.886600e-01
413 6.105440e-01 6.600000e-04 3.887960e-01
414 6.104600e-01 6.240000e-04 3.889160e-01
415 6.103680e-01 6.040000e-04 3.890280e-01
416 6.102200e-01 6.280000e-04 3.891520e-01
417 6.101280e-01 6.320000e-04 3.892400e-01
418 6.100280e-01 6.280000e-04 3.893440e-01
419 6.099240e-01 6.320000e-04 3.894440e-01
420 6.097920e-01 6.640000e-04 3.895440e-01
421 6.096960e-01 6.520000e-04 3.896520e-01
422 6.095320e-01 6.800000e-04 3.897880e-01
423 6.094200e-01 6.720000e-04 3.899080e-01
424 6.093120e-01 6.760000e-04 3.900120e-01
425 6.092480e-01 6.400000e-04 3.901120e-01
426 6.090800e-01 6.840000e-04 3.902360e-01
427 6.090120e-01 5.920000e-04 3.903960e-01
428 6.089480e-01 5.720000e-04 3.904800e-01
429 6.088360e-01 6.160000e-04 3.905480e-01
430 6.087520e-01 6.120000e-04 3.906360e-01
431 6.086640e-01 5.800000e-04 3.907560e-01
432 6.085200e-01 6.080000e-04 3.908720e-01
433 6.083880e-01 6.240000e-04 3.909880e-01
434 6.082400e-01 6.760000e-04 3.910840e-01
435 6.080880e-01 6.800000e-04 3.912320e-01
436 6.079200e-01 7.480000e-04 3.913320e-01
437 6.077920e-01 7.400000e-04 3.914680e-01
438 6.076520e-01 7.600000e-04 3.915880e-01
439 6.075640e-01 7.520000e-04 3.916840e-01
440 6.074280e-01 7.600000e-04 3.918120e-01
441 6.073120e-01 7.160000e-04 3.919720e-01
442 6.071800e-01 7.480000e-04 3.920720e-01
443 6.070520e-01 7.440000e-04 3.922040e-01
444 6.069800e-01 6.880000e-04 3.923320e-01
445 6.068960e-01 6.680000e-04 3.924360e-01
446 6.067880e-01 6.640000e-04 3.925480e-01
447 6.067040e-01 6.280000e-04 3.926680e-01
448 6.066280e-01 6.360000e-04 3.927360e-01
449 6.065560e-01 5.880000e-04 3.928560e-01
450 6.064760e-01 5.560000e-04 3.929680e-01
451 6.063600e-01 5.600000e-04 3.930800e-01
452 6.062240e-01 5.800000e-04 3.931960e-01
453 6.061640e-01 5.440000e-04 3.932920e-01
454 6.060520e-01 5.640000e-04 3.933840e-01
455 6.059200e-01 6.160000e-04 3.934640e-01
456 6.058240e-01 5.920000e-04 3.935840e-01
457 6.056840e-01 6.160000e-04 3.937000e-01
458 6.055640e-01 6.120000e-04 3.938240e-01
459 6.054080e-01 6.680000e-04 3.939240e-01
460 6.053280e-01 6.480000e-04 3.940240e-01
461 6.052040e-01 6.600000e-04 3.941360e-01
462 6.051120e-01 5.840000e-04 3.943040e-01
463 6.050200e-01 5.720000e-04 3.944080e-01
464 6.049240e-01 5.600000e-04 3.945160e-01
465 6.048040e-01 6.040000e-04 3.945920e-01
466 6.046960e-01 5.920000e-04 3.947120e-01
467 6.045640e-01 5.880000e-04 3.948480e-01
468 6.044520e-01 5.920000e-04 3.949560e-01
469 6.043240e-01 5.960000e-04 3.950800e-01
470 6.042040e-01 6.240000e-04 3.951720e-01
471 6.041480e-01 5.440000e-04 3.953080e-01
472 6.040520e-01 5.560000e-04 3.953920e-01
473 6.039280e-01 5.800000e-04 3.954920e-01
474 6.038400e-01 5.960000e-04 3.955640e-01
475 6.036640e-01 6.680000e-04 3.956680e-01
476 6.035000e-01 7.400000e-04 3.957600e-01
477 6.033840e-01 6.760000e-04 3.959400e-01
478 6.032640e-01 6.840000e-04 3.960520e-01
479 6.031560e-01 6.680000e-04 3.961760e-01
480 6.030680e-01 6.440000e-04 3.962880e-01
481 6.029440e-01 6.440000e-04 3.964120e-01
482 6.028160e-01 6.520000e-04 3.965320e-01
483 6.026760e-01 6.640000e-04 3.966600e-01
484 6.025360e-01 7.040000e-04 3.967600e-01
485 6.023880e-01 7.400000e-04 3.968720e-01
486 6.022880e-01 7.240000e-04 3.969880e-01
487 6.021800e-01 7.200000e-04 3.971000e-01
488 6.020720e-01 7.000000e-04 3.972280e-01
489 6.019560e-01 7.040000e-04 3.973400e-01
490 6.018520e-01 6.760000e-04 3.974720e-01
491 6.017880e-01 6.280000e-04 3.975840e-01
492 6.016960e-01 6.160000e-04 3.976880e-01
493 6.015920e-01 6.280000e-04 3.977800e-01
494 6.015080e-01 5.680000e-04 3.979240e-01
495 6.014200e-01 5.520000e-04 3.980280e-01
496 6.013480e-01 5.360000e-04 3.981160e-01
497 6.012800e-01 4.920000e-04 3.982280e-01
498 6.011760e-01 5.160000e-04 3.983080e-01
499 6.011000e-01 5.200000e-04 3.983800e-01
500 6.010440e-01 4.760000e-04 3.984800e-01
