1 9.991360e-01 7.480000e-04 1.160000e-04
2 9.984920e-01 1.196000e-03 3.120000e-04
3 9.978840e-01 1.552000e-03 5.640000e-04
4 9.972680e-01 1.852000e-03 8.800000e-04
5 9.964360e-01 2.264000e-03 1.300000e-03
6 9.956360e-01 2.640000e-03 1.724000e-03
7 9.946960e-01 3.012000e-03 2.292000e-03
8 9.938560e-01 3.296000e-03 2.848000e-03
9 9.929120e-01 3.676000e-03 3.412000e-03
10 9.920240e-01 3.864000e-03 4.112000e-03
11 9.909640e-01 4.216000e-03 4.820000e-03
12 9.898520e-01 4.552000e-03 5.596000e-03
13 9.887320e-01 4.840000e-03 6.428000e-03
14 9.875720e-01 5.156000e-03 7.272000e-03
15 9.864040e-01 5.416000e-03 8.180000e-03
16 9.852280e-01 5.616000e-03 9.156000e-03
17 9.841240e-01 5.688000e-03 1.018800e-02
18 9.830360e-01 5.720000e-03 1.124400e-02
19 9.819920e-01 5.752000e-03 1.225600e-02
20 9.809000e-01 5.780000e-03 1.332000e-02
21 9.798560e-01 5.812000e-03 1.433200e-02
22 9.786840e-01 5.984000e-03 1.533200e-02
23 9.775640e-01 6.144000e-03 1.629200e-02
24 9.764200e-01 6.376000e-03 1.720400e-02
25 9.751480e-01 6.540000e-03 1.831200e-02
26 9.739760e-01 6.616000e-03 1.940800e-02
27 9.728040e-01 6.612000e-03 2.058400e-02
28 9.714160e-01 6.908000e-03 2.167600e-02
29 9.701400e-01 7.004000e-03 2.285600e-02
30 9.687720e-01 7.168000e-03 2.406000e-02
31 9.674920e-01 7.156000e-03 2.535200e-02
32 9.660120e-01 7.540000e-03 2.644800e-02
33 9.646760e-01 7.496000e-03 2.782800e-02
34 9.632880e-01 7.488000e-03 2.922400e-02
35 9.618640e-01 7.568000e-03 3.056800e-02
36 9.603760e-01 7.720000e-03 3.190400e-02
37 9.586760e-01 8.164000e-03 3.316000e-02
38 9.572320e-01 8.244000e-03 3.452400e-02
39 9.556840e-01 8.252000e-03 3.606400e-02
40 9.540040e-01 8.448000e-03 3.754800e-02
41 9.523560e-01 8.576000e-03 3.906800e-02
42 9.506720e-01 8.652000e-03 4.067600e-02
43 9.490040e-01 8.776000e-03 4.222000e-02
44 9.474400e-01 8.716000e-03 4.384400e-02
45 9.457480e-01 8.848000e-03 4.540400e-02
46 9.442520e-01 8.744000e-03 4.700400e-02
47 9.426400e-01 8.744000e-03 4.861600e-02
48 9.410280e-01 8.804000e-03 5.016800e-02
49 9.394600e-01 8.896000e-03 5.164400e-02
50 9.378520e-01 8.932000e-03 5.321600e-02
51 9.362880e-01 8.880000e-03 5.483200e-02
52 9.346440e-01 8.900000e-03 5.645600e-02
53 9.330040e-01 8.960000e-03 5.803600e-02
54 9.314080e-01 8.968000e-03 5.962400e-02
55 9.297160e-01 9.148000e-03 6.113600e-02
56 9.280720e-01 9.204000e-03 6.272400e-02
57 9.264520e-01 9.196000e-03 6.435200e-02
58 9.247360e-01 9.340000e-03 6.592400e-02
59 9.230320e-01 9.320000e-03 6.764800e-02
60 9.213280e-01 9.332000e-03 6.934000e-02
61 9.194320e-01 9.580000e-03 7.098800e-02
62 9.177720e-01 9.576000e-03 7.265200e-02
63 9.162080e-01 9.532000e-03 7.426000e-02
64 9.145400e-01 9.536000e-03 7.592400e-02
65 9.130200e-01 9.428000e-03 7.755200e-02
66 9.113880e-01 9.528000e-03 7.908400e-02
67 9.098320e-01 9.448000e-03 8.072000e-02
68 9.082680e-01 9.312000e-03 8.242000e-02
69 9.064400e-01 9.392000e-03 8.416800e-02
70 9.049920e-01 9.204000e-03 8.580400e-02
71 9.034360e-01 9.044000e-03 8.752000e-02
72 9.017200e-01 9.252000e-03 8.902800e-02
73 9.003520e-01 9.064000e-03 9.058400e-02
74 8.988640e-01 8.868000e-03 9.226800e-02
75 8.973360e-01 8.760000e-03 9.390400e-02
76 8.958040e-01 8.680000e-03 9.551600e-02
77 8.942480e-01 8.832000e-03 9.692000e-02
78 8.927600e-01 8.764000e-03 9.847600e-02
79 8.912720e-01 8.712000e-03 1.000160e-01
80 8.898080e-01 8.704000e-03 1.014880e-01
81 8.882520e-01 8.744000e-03 1.030040e-01
82 8.868080e-01 8.692000e-03 1.045000e-01
83 8.854040e-01 8.428000e-03 1.061680e-01
84 8.838520e-01 8.468000e-03 1.076800e-01
85 8.821680e-01 8.636000e-03 1.091960e-01
86 8.803160e-01 9.012000e-03 1.106720e-01
87 8.785080e-01 9.200000e-03 1.122920e-01
88 8.767800e-01 9.404000e-03 1.138160e-01
89 8.751480e-01 9.368000e-03 1.154840e-01
90 8.734400e-01 9.368000e-03 1.171920e-01
91 8.717600e-01 9.488000e-03 1.187520e-01
92 8.700080e-01 9.460000e-03 1.205320e-01
93 8.683000e-01 9.560000e-03 1.221400e-01
94 8.667840e-01 9.516000e-03 1.237000e-01
95 8.651400e-01 9.412000e-03 1.254480e-01
96 8.635000e-01 9.488000e-03 1.270120e-01
97 8.618040e-01 9.608000e-03 1.285880e-01
98 8.603280e-01 9.284000e-03 1.303880e-01
99 8.586720e-01 9.128000e-03 1.322000e-01
100 8.572120e-01 9.036000e-03 1.337520e-01
101 8.557800e-01 8.952000e-03 1.352680e-01
102 8.543040e-01 8.768000e-03 1.369280e-01
103 8.527720e-01 8.864000e-03 1.383640e-01
104 8.512520e-01 8.804000e-03 1.399440e-01
105 8.498240e-01 8.704000e-03 1.414720e-01
106 8.484240e-01 8.584000e-03 1.429920e-01
107 8.470720e-01 8.388000e-03 1.445400e-01
108 8.457200e-01 8.264000e-03 1.460160e-01
109 8.443760e-01 8.196000e-03 1.474280e-01
110 8.427920e-01 8.464000e-03 1.487440e-01
111 8.412400e-01 8.420000e-03 1.503400e-01
112 8.396840e-01 8.504000e-03 1.518120e-01
113 8.380880e-01 8.700000e-03 1.532120e-01
114 8.363640e-01 8.964000e-03 1.546720e-01
115 8.347120e-01 9.132000e-03 1.561560e-01
116 8.331320e-01 9.196000e-03 1.576720e-01
117 8.318080e-01 9.044000e-03 1.591480e-01
118 8.303400e-01 8.928000e-03 1.607320e-01
119 8.287640e-01 9.076000e-03 1.621600e-01
120 8.273600e-01 8.844000e-03 1.637960e-01
121 8.259560e-01 8.756000e-03 1.652880e-01
122 8.243760e-01 8.836000e-03 1.667880e-01
123 8.228720e-01 8.904000e-03 1.682240e-01
124 8.212720e-01 8.756000e-03 1.699720e-01
125 8.198720e-01 8.640000e-03 1.714880e-01
126 8.184520e-01 8.568000e-03 1.729800e-01
127 8.170080e-01 8.508000e-03 1.744840e-01
128 8.154880e-01 8.564000e-03 1.759480e-01
129 8.139600e-01 8.748000e-03 1.772920e-01
130 8.125400e-01 8.544000e-03 1.789160e-01
131 8.112800e-01 8.320000e-03 1.804000e-01
132 8.098960e-01 8.284000e-03 1.818200e-01
133 8.086400e-01 8.084000e-03 1.832760e-01
134 8.073400e-01 8.060000e-03 1.846000e-01
135 8.060240e-01 7.932000e-03 1.860440e-01
136 8.046680e-01 7.888000e-03 1.874440e-01
137 8.032120e-01 7.896000e-03 1.888920e-01
138 8.018840e-01 7.936000e-03 1.901800e-01
139 8.005720e-01 7.900000e-03 1.915280e-01
140 7.993320e-01 7.876000e-03 1.927920e-01
141 7.980320e-01 7.872000e-03 1.940960e-01
142 7.966280e-01 7.888000e-03 1.954840e-01
143 7.952200e-01 7.828000e-03 1.969520e-01
144 7.939040e-01 7.736000e-03 1.983600e-01
145 7.926400e-01 7.648000e-03 1.997120e-01
146 7.914040e-01 7.632000e-03 2.009640e-01
147 7.901440e-01 7.524000e-03 2.023320e-01
148 7.889360e-01 7.432000e-03 2.036320e-01
149 7.876440e-01 7.400000e-03 2.049560e-01
150 7.863560e-01 7.508000e-03 2.061360e-01
151 7.849360e-01 7.568000e-03 2.074960e-01
152 7.835360e-01 7.624000e-03 2.088400e-01
153 7.820840e-01 7.756000e-03 2.101600e-01
154 7.806920e-01 7.832000e-03 2.114760e-01
155 7.794360e-01 7.760000e-03 2.128040e-01
156 7.782040e-01 7.712000e-03 2.140840e-01
157 7.770000e-01 7.600000e-03 2.154000e-01
158 7.757360e-01 7.660000e-03 2.166040e-01
159 7.745000e-01 7.508000e-03 2.179920e-01
160 7.734000e-01 7.260000e-03 2.193400e-01
161 7.722800e-01 7.072000e-03 2.206480e-01
162 7.710440e-01 6.988000e-03 2.219680e-01
163 7.699280e-01 6.952000e-03 2.231200e-01
164 7.688880e-01 6.860000e-03 2.242520e-01
165 7.677760e-01 6.836000e-03 2.253880e-01
166 7.667160e-01 6.688000e-03 2.265960e-01
167 7.655720e-01 6.656000e-03 2.277720e-01
168 7.646720e-01 6.332000e-03 2.289960e-01
169 7.636800e-01 6.168000e-03 2.301520e-01
170 7.624920e-01 6.204000e-03 2.313040e-01
171 7.614920e-01 6.088000e-03 2.324200e-01
172 7.606400e-01 5.888000e-03 2.334720e-01
173 7.596080e-01 5.932000e-03 2.344600e-01
174 7.586040e-01 5.968000e-03 2.354280e-01
175 7.575480e-01 5.940000e-03 2.365120e-01
176 7.565840e-01 5.928000e-03 2.374880e-01
177 7.554200e-01 6.064000e-03 2.385160e-01
178 7.541960e-01 6.300000e-03 2.395040e-01
179 7.530920e-01 6.360000e-03 2.405480e-01
180 7.520680e-01 6.272000e-03 2.416600e-01
181 7.509560e-01 6.388000e-03 2.426560e-01
182 7.498240e-01 6.352000e-03 2.438240e-01
183 7.488200e-01 6.280000e-03 2.449000e-01
184 7.476440e-01 6.372000e-03 2.459840e-01
185 7.466560e-01 6.208000e-03 2.471360e-01
186 7.456320e-01 6.104000e-03 2.482640e-01
187 7.448360e-01 5.836000e-03 2.493280e-01
188 7.438680e-01 5.768000e-03 2.503640e-01
189 7.429440e-01 5.520000e-03 2.515360e-01
190 7.420320e-01 5.412000e-03 2.525560e-01
191 7.411840e-01 5.368000e-03 2.534480e-01
192 7.402480e-01 5.308000e-03 2.544440e-01
193 7.394400e-01 5.248000e-03 2.553120e-01
194 7.386760e-01 5.028000e-03 2.562960e-01
195 7.378080e-01 4.956000e-03 2.572360e-01
196 7.369720e-01 4.960000e-03 2.580680e-01
197 7.361720e-01 4.916000e-03 2.589120e-01
198 7.352520e-01 4.888000e-03 2.598600e-01
199 7.344920e-01 4.788000e-03 2.607200e-01
200 7.336880e-01 4.876000e-03 2.614360e-01
201 7.328040e-01 4.856000e-03 2.623400e-01
202 7.319320e-01 4.812000e-03 2.632560e-01
203 7.311480e-01 4.772000e-03 2.640800e-01
204 7.303920e-01 4.644000e-03 2.649640e-01
205 7.294680e-01 4.736000e-03 2.657960e-01
206 7.285640e-01 4.724000e-03 2.667120e-01
207 7.276680e-01 4.780000e-03 2.675520e-01
208 7.266720e-01 4.892000e-03 2.684360e-01
209 7.257400e-01 5.000000e-03 2.692600e-01
210 7.248280e-01 4.988000e-03 2.701840e-01
211 7.238920e-01 5.156000e-03 2.709520e-01
212 7.229800e-01 5.228000e-03 2.717920e-01
213 7.220880e-01 5.196000e-03 2.727160e-01
214 7.211400e-01 5.212000e-03 2.736480e-01
215 7.202000e-01 5.200000e-03 2.746000e-01
216 7.192600e-01 5.216000e-03 2.755240e-01
217 7.183480e-01 5.176000e-03 2.764760e-01
218 7.174640e-01 5.180000e-03 2.773560e-01
219 7.166960e-01 5.068000e-03 2.782360e-01
220 7.157160e-01 5.064000e-03 2.792200e-01
221 7.147520e-01 5.148000e-03 2.801000e-01
222 7.139360e-01 5.124000e-03 2.809400e-01
223 7.130640e-01 5.168000e-03 2.817680e-01
224 7.121480e-01 5.140000e-03 2.827120e-01
225 7.112080e-01 5.024000e-03 2.837680e-01
226 7.103960e-01 4.972000e-03 2.846320e-01
227 7.096160e-01 4.784000e-03 2.856000e-01
228 7.088640e-01 4.768000e-03 2.863680e-01
229 7.079080e-01 4.876000e-03 2.872160e-01
230 7.070520e-01 4.848000e-03 2.881000e-01
231 7.061040e-01 4.876000e-03 2.890200e-01
232 7.053080e-01 4.844000e-03 2.898480e-01
233 7.046200e-01 4.652000e-03 2.907280e-01
234 7.038200e-01 4.652000e-03 2.915280e-01
235 7.030440e-01 4.584000e-03 2.923720e-01
236 7.023120e-01 4.540000e-03 2.931480e-01
237 7.016240e-01 4.504000e-03 2.938720e-01
238 7.007960e-01 4.360000e-03 2.948440e-01
239 6.999120e-01 4.508000e-03 2.955800e-01
240 6.989600e-01 4.604000e-03 2.964360e-01
241 6.981680e-01 4.676000e-03 2.971560e-01
242 6.972440e-01 4.808000e-03 2.979480e-01
243 6.965360e-01 4.804000e-03 2.986600e-01
244 6.957520e-01 4.744000e-03 2.995040e-01
245 6.951760e-01 4.596000e-03 3.002280e-01
246 6.944240e-01 4.504000e-03 3.010720e-01
247 6.937000e-01 4.492000e-03 3.018080e-01
248 6.929680e-01 4.444000e-03 3.025880e-01
249 6.922600e-01 4.468000e-03 3.032720e-01
250 6.914160e-01 4.604000e-03 3.039800e-01
251 6.906760e-01 4.500000e-03 3.048240e-01
252 6.899640e-01 4.332000e-03 3.057040e-01
253 6.891840e-01 4.444000e-03 3.063720e-01
254 6.884520e-01 4.464000e-03 3.070840e-01
255 6.877160e-01 4.392000e-03 3.078920e-01
256 6.870840e-01 4.308000e-03 3.086080e-01
257 6.863600e-01 4.244000e-03 3.093960e-01
258 6.855640e-01 4.296000e-03 3.101400e-01
259 6.848920e-01 4.160000e-03 3.109480e-01
260 6.841280e-01 4.264000e-03 3.116080e-01
261 6.835160e-01 4.216000e-03 3.122680e-01
262 6.829160e-01 4.068000e-03 3.130160e-01
263 6.823840e-01 3.924000e-03 3.136920e-01
264 6.818400e-01 3.796000e-03 3.143640e-01
265 6.812160e-01 3.752000e-03 3.150320e-01
266 6.805520e-01 3.764000e-03 3.156840e-01
267 6.798960e-01 3.748000e-03 3.163560e-01
268 6.792680e-01 3.688000e-03 3.170440e-01
269 6.786560e-01 3.708000e-03 3.176360e-01
270 6.780400e-01 3.676000e-03 3.182840e-01
271 6.773440e-01 3.632000e-03 3.190240e-01
272 6.766800e-01 3.688000e-03 3.196320e-01
273 6.760760e-01 3.616000e-03 3.203080e-01
274 6.754920e-01 3.576000e-03 3.209320e-01
275 6.749840e-01 3.356000e-03 3.216600e-01
276 6.744880e-01 3.324000e-03 3.221880e-01
277 6.739520e-01 3.264000e-03 3.227840e-01
278 6.734560e-01 3.276000e-03 3.232680e-01
279 6.730200e-01 3.160000e-03 3.238200e-01
280 6.726160e-01 3.000000e-03 3.243840e-01
281 6.721760e-01 2.900000e-03 3.249240e-01
282 6.717320e-01 2.820000e-03 3.254480e-01
283 6.713760e-01 2.696000e-03 3.259280e-01
284 6.709920e-01 2.560000e-03 3.264480e-01
285 6.706720e-01 2.452000e-03 3.268760e-01
286 6.702720e-01 2.408000e-03 3.273200e-01
287 6.698920e-01 2.420000e-03 3.276880e-01
288 6.694880e-01 2.368000e-03 3.281440e-01
289 6.691720e-01 2.312000e-03 3.285160e-01
290 6.688480e-01 2.232000e-03 3.289200e-01
291 6.684400e-01 2.272000e-03 3.292880e-01
292 6.680800e-01 2.280000e-03 3.296400e-01
293 6.677040e-01 2.268000e-03 3.300280e-01
294 6.672440e-01 2.340000e-03 3.304160e-01
295 6.668480e-01 2.316000e-03 3.308360e-01
296 6.664000e-01 2.324000e-03 3.312760e-01
297 6.659240e-01 2.392000e-03 3.316840e-01
298 6.655640e-01 2.316000e-03 3.321200e-01
299 6.650760e-01 2.408000e-03 3.325160e-01
300 6.647640e-01 2.380000e-03 3.328560e-01
301 6.643480e-01 2.328000e-03 3.333240e-01
302 6.639440e-01 2.316000e-03 3.337400e-01
303 6.635440e-01 2.372000e-03 3.340840e-01
304 6.631720e-01 2.332000e-03 3.344960e-01
305 6.627280e-01 2.396000e-03 3.348760e-01
306 6.623080e-01 2.408000e-03 3.352840e-01
307 6.619400e-01 2.340000e-03 3.357200e-01
308 6.615400e-01 2.360000e-03 3.361000e-01
309 6.611440e-01 2.296000e-03 3.365600e-01
310 6.607120e-01 2.372000e-03 3.369160e-01
311 6.602600e-01 2.304000e-03 3.374360e-01
312 6.598320e-01 2.372000e-03 3.377960e-01
313 6.594720e-01 2.260000e-03 3.382680e-01
314 6.591400e-01 2.184000e-03 3.386760e-01
315 6.587560e-01 2.224000e-03 3.390200e-01
316 6.583840e-01 2.192000e-03 3.394240e-01
317 6.580440e-01 2.144000e-03 3.398120e-01
318 6.577320e-01 2.088000e-03 3.401800e-01
319 6.573840e-01 2.020000e-03 3.405960e-01
320 6.570360e-01 2.028000e-03 3.409360e-01
321 6.567920e-01 1.916000e-03 3.412920e-01
322 6.565120e-01 1.840000e-03 3.416480e-01
323 6.562760e-01 1.764000e-03 3.419600e-01
324 6.559760e-01 1.776000e-03 3.422480e-01
325 6.557200e-01 1.756000e-03 3.425240e-01
326 6.554000e-01 1.756000e-03 3.428440e-01
327 6.551280e-01 1.736000e-03 3.431360e-01
328 6.547880e-01 1.772000e-03 3.434400e-01
329 6.544200e-01 1.812000e-03 3.437680e-01
330 6.540800e-01 1.900000e-03 3.440200e-01
331 6.537240e-01 1.924000e-03 3.443520e-01
332 6.533880e-01 1.868000e-03 3.447440e-01
333 6.530600e-01 1.852000e-03 3.450880e-01
334 6.526920e-01 1.880000e-03 3.454280e-01
335 6.523800e-01 1.872000e-03 3.457480e-01
336 6.520840e-01 1.880000e-03 3.460360e-01
337 6.517920e-01 1.868000e-03 3.463400e-01
338 6.515600e-01 1.780000e-03 3.466600e-01
339 6.512760e-01 1.784000e-03 3.469400e-01
340 6.510560e-01 1.736000e-03 3.472080e-01
341 6.507680e-01 1.748000e-03 3.474840e-01
342 6.505120e-01 1.700000e-03 3.477880e-01
343 6.502560e-01 1.620000e-03 3.481240e-01
344 6.500360e-01 1.556000e-03 3.484080e-01
345 6.498280e-01 1.504000e-03 3.486680e-01
346 6.495920e-01 1.452000e-03 3.489560e-01
347 6.492880e-01 1.468000e-03 3.492440e-01
348 6.490280e-01 1.516000e-03 3.494560e-01
349 6.487760e-01 1.560000e-03 3.496640e-01
350 6.484960e-01 1.572000e-03 3.499320e-01
351 6.482280e-01 1.516000e-03 3.502560e-01
352 6.479760e-01 1.516000e-03 3.505080e-01
353 6.477240e-01 1.528000e-03 3.507480e-01
354 6.474600e-01 1.576000e-03 3.509640e-01
355 6.471600e-01 1.592000e-03 3.512480e-01
356 6.468760e-01 1.604000e-03 3.515200e-01
357 6.466000e-01 1.612000e-03 3.517880e-01
358 6.463200e-01 1.652000e-03 3.520280e-01
359 6.459840e-01 1.704000e-03 3.523120e-01
360 6.456600e-01 1.748000e-03 3.525920e-01
361 6.453960e-01 1.696000e-03 3.529080e-01
362 6.451040e-01 1.692000e-03 3.532040e-01
363 6.448800e-01 1.640000e-03 3.534800e-01
364 6.445520e-01 1.672000e-03 3.537760e-01
365 6.442600e-01 1.664000e-03 3.540760e-01
366 6.439000e-01 1.720000e-03 3.543800e-01
367 6.436240e-01 1.664000e-03 3.547120e-01
368 6.433440e-01 1.696000e-03 3.549600e-01
369 6.431360e-01 1.576000e-03 3.552880e-01
370 6.428120e-01 1.656000e-03 3.555320e-01
371 6.425440e-01 1.608000e-03 3.558480e-01
372 6.422720e-01 1.592000e-03 3.561360e-01
373 6.420040e-01 1.604000e-03 3.563920e-01
374 6.417640e-01 1.580000e-03 3.566560e-01
375 6.415120e-01 1.556000e-03 3.569320e-01
376 6.412920e-01 1.492000e-03 3.572160e-01
377 6.410160e-01 1.480000e-03 3.575040e-01
378 6.407240e-01 1.556000e-03 3.577200e-01
379 6.404520e-01 1.528000e-03 3.580200e-01
380 6.401680e-01 1.608000e-03 3.582240e-01
381 6.399440e-01 1.596000e-03 3.584600e-01
382 6.397280e-01 1.516000e-03 3.587560e-01
383 6.395120e-01 1.492000e-03 3.589960e-01
384 6.392280e-01 1.496000e-03 3.592760e-01
385 6.389960e-01 1.472000e-03 3.595320e-01
386 6.387480e-01 1.476000e-03 3.597760e-01
387 6.385440e-01 1.452000e-03 3.600040e-01
388 6.383520e-01 1.400000e-03 3.602480e-01
389 6.381320e-01 1.360000e-03 3.605080e-01
390 6.379200e-01 1.388000e-03 3.606920e-01
391 6.376680e-01 1.388000e-03 3.609440e-01
392 6.374560e-01 1.320000e-03 3.612240e-01
393 6.372960e-01 1.248000e-03 3.614560e-01
394 6.370920e-01 1.224000e-03 3.616840e-01
395 6.368760e-01 1.256000e-03 3.618680e-01
396 6.366840e-01 1.200000e-03 3.621160e-01
397 6.364080e-01 1.280000e-03 3.623120e-01
398 6.362040e-01 1.276000e-03 3.625200e-01
399 6.359880e-01 1.268000e-03 3.627440e-01
400 6.357120e-01 1.300000e-03 3.629880e-01
401 6.355120e-01 1.236000e-03 3.632520e-01
402 6.352480e-01 1.284000e-03 3.634680e-01
403 6.350360e-01 1.224000e-03 3.637400e-01
404 6.347160e-01 1.304000e-03 3.639800e-01
405 6.345160e-01 1.264000e-03 3.642200e-01
406 6.343120e-01 1.280000e-03 3.644080e-01
407 6.340320e-01 1.328000e-03 3.646400e-01
408 6.337240e-01 1.464000e-03 3.648120e-01
409 6.334200e-01 1.512000e-03 3.650680e-01
410 6.331640e-01 1.472000e-03 3.653640e-01
411 6.329520e-01 1.372000e-03 3.656760e-01
412 6.327080e-01 1.432000e-03 3.658600e-01
413 6.324840e-01 1.408000e-03 3.661080e-01
414 6.322920e-01 1.380000e-03 3.663280e-01
415 6.321040e-01 1.296000e-03 3.666000e-01
416 6.319040e-01 1.232000e-03 3.668640e-01
417 6.317320e-01 1.172000e-03 3.670960e-01
418 6.315080e-01 1.180000e-03 3.673120e-01
419 6.313080e-01 1.176000e-03 3.675160e-01
420 6.311280e-01 1.156000e-03 3.677160e-01
421 6.308520e-01 1.260000e-03 3.678880e-01
422 6.306400e-01 1.224000e-03 3.681360e-01
423 6.303880e-01 1.264000e-03 3.683480e-01
424 6.301320e-01 1.276000e-03 3.685920e-01
425 6.299480e-01 1.224000e-03 3.688280e-01
426 6.296760e-01 1.240000e-03 3.690840e-01
427 6.294680e-01 1.256000e-03 3.692760e-01
428 6.291760e-01 1.264000e-03 3.695600e-01
429 6.289680e-01 1.252000e-03 3.697800e-01
430 6.288000e-01 1.248000e-03 3.699520e-01
431 6.285560e-01 1.268000e-03 3.701760e-01
432 6.282320e-01 1.412000e-03 3.703560e-01
433 6.279280e-01 1.504000e-03 3.705680e-01
434 6.276120e-01 1.524000e-03 3.708640e-01
435 6.273400e-01 1.540000e-03 3.711200e-01
436 6.271000e-01 1.488000e-03 3.714120e-01
437 6.268000e-01 1.524000e-03 3.716760e-01
438 6.265040e-01 1.568000e-03 3.719280e-01
439 6.261760e-01 1.644000e-03 3.721800e-01
440 6.259160e-01 1.568000e-03 3.725160e-01
441 6.256760e-01 1.560000e-03 3.727640e-01
442 6.254280e-01 1.572000e-03 3.730000e-01
443 6.251880e-01 1.528000e-03 3.732840e-01
444 6.249160e-01 1.556000e-03 3.735280e-01
445 6.246960e-01 1.508000e-03 3.737960e-01
446 6.244640e-01 1.384000e-03 3.741520e-01
447 6.241640e-01 1.452000e-03 3.743840e-01
448 6.239160e-01 1.464000e-03 3.746200e-01
449 6.236520e-01 1.444000e-03 3.749040e-01
450 6.234040e-01 1.468000e-03 3.751280e-01
451 6.231760e-01 1.432000e-03 3.753920e-01
452 6.228600e-01 1.568000e-03 3.755720e-01
453 6.225400e-01 1.568000e-03 3.758920e-01
454 6.222440e-01 1.588000e-03 3.761680e-01
455 6.220680e-01 1.480000e-03 3.764520e-01
456 6.218520e-01 1.432000e-03 3.767160e-01
457 6.215680e-01 1.472000e-03 3.769600e-01
458 6.213680e-01 1.372000e-03 3.772600e-01
459 6.211760e-01 1.312000e-03 3.775120e-01
460 6.209840e-01 1.312000e-03 3.777040e-01
461 6.207560e-01 1.320000e-03 3.779240e-01
462 6.205160e-01 1.352000e-03 3.781320e-01
463 6.202960e-01 1.348000e-03 3.783560e-01
464 6.201240e-01 1.304000e-03 3.785720e-01
465 6.198960e-01 1.272000e-03 3.788320e-01
466 6.197480e-01 1.188000e-03 3.790640e-01
467 6.196080e-01 1.068000e-03 3.793240e-01
468 6.194200e-01 1.092000e-03 3.794880e-01
469 6.192680e-01 1.092000e-03 3.796400e-01
470 6.191040e-01 1.104000e-03 3.797920e-01
471 6.189600e-01 1.100000e-03 3.799400e-01
472 6.188200e-01 1.108000e-03 3.800720e-01
473 6.186360e-01 1.136000e-03 3.802280e-01
474 6.184240e-01 1.136000e-03 3.804400e-01
475 6.182400e-01 1.160000e-03 3.806000e-01
476 6.180280e-01 1.208000e-03 3.807640e-01
477 6.178160e-01 1.188000e-03 3.809960e-01
478 6.175800e-01 1.232000e-03 3.811880e-01
479 6.173240e-01 1.256000e-03 3.814200e-01
480 6.170080e-01 1.360000e-03 3.816320e-01
481 6.167360e-01 1.428000e-03 3.818360e-01
482 6.165560e-01 1.324000e-03 3.821200e-01
483 6.163520e-01 1.324000e-03 3.823240e-01
484 6.160640e-01 1.400000e-03 3.825360e-01
485 6.157640e-01 1.476000e-03 3.827600e-01
486 6.153640e-01 1.580000e-03 3.830560e-01
487 6.150160e-01 1.592000e-03 3.833920e-01
488 6.147400e-01 1.604000e-03 3.836560e-01
489 6.144600e-01 1.584000e-03 3.839560e-01
490 6.142840e-01 1.400000e-03 3.843160e-01
491 6.140400e-01 1.400000e-03 3.845600e-01
492 6.138040e-01 1.396000e-03 3.848000e-01
493 6.135280e-01 1.432000e-03 3.850400e-01
494 6.133480e-01 1.352000e-03 3.853000e-01
495 6.131240e-01 1.388000e-03 3.854880e-01
496 6.128880e-01 1.388000e-03 3.857240e-01
497 6.126360e-01 1.404000e-03 3.859600e-01
498 6.123880e-01 1.420000e-03 3.861920e-01
499 6.121280e-01 1.468000e-03 3.864040e-01
500 6.119040e-01 1.436000e-03 3.866600e-01
