1 9.991840e-01 7.320000e-04 8.400000e-05
2 9.985960e-01 1.144000e-03 2.600000e-04
3 9.979280e-01 1.548000e-03 5.240000e-04
4 9.971760e-01 2.020000e-03 8.040000e-04
5 9.963240e-01 2.480000e-03 1.196000e-03
6 9.953080e-01 3.044000e-03 1.648000e-03
7 9.942680e-01 3.504000e-03 2.228000e-03
8 9.931080e-01 4.004000e-03 2.888000e-03
9 9.920600e-01 4.292000e-03 3.648000e-03
10 9.909440e-01 4.636000e-03 4.420000e-03
11 9.898720e-01 4.788000e-03 5.340000e-03
12 9.886800e-01 4.980000e-03 6.340000e-03
13 9.873920e-01 5.308000e-03 7.300000e-03
14 9.859920e-01 5.652000e-03 8.356000e-03
15 9.848080e-01 5.908000e-03 9.284000e-03
16 9.834960e-01 6.088000e-03 1.041600e-02
17 9.822200e-01 6.216000e-03 1.156400e-02
18 9.810040e-01 6.408000e-03 1.258800e-02
19 9.796560e-01 6.636000e-03 1.370800e-02
20 9.782520e-01 6.816000e-03 1.493200e-02
21 9.769280e-01 6.976000e-03 1.609600e-02
22 9.754320e-01 7.220000e-03 1.734800e-02
23 9.739040e-01 7.492000e-03 1.860400e-02
24 9.723280e-01 7.752000e-03 1.992000e-02
25 9.708400e-01 7.776000e-03 2.138400e-02
26 9.694520e-01 7.744000e-03 2.280400e-02
27 9.680400e-01 7.748000e-03 2.421200e-02
28 9.665560e-01 7.940000e-03 2.550400e-02
29 9.649400e-01 8.176000e-03 2.688400e-02
30 9.632840e-01 8.356000e-03 2.836000e-02
31 9.614040e-01 8.720000e-03 2.987600e-02
32 9.598360e-01 8.872000e-03 3.129200e-02
33 9.580040e-01 9.228000e-03 3.276800e-02
34 9.565160e-01 9.136000e-03 3.434800e-02
35 9.549360e-01 9.124000e-03 3.594000e-02
36 9.534520e-01 9.000000e-03 3.754800e-02
37 9.518120e-01 9.076000e-03 3.911200e-02
38 9.501960e-01 9.092000e-03 4.071200e-02
39 9.485280e-01 9.184000e-03 4.228800e-02
40 9.468040e-01 9.364000e-03 4.383200e-02
41 9.452400e-01 9.256000e-03 4.550400e-02
42 9.437880e-01 9.028000e-03 4.718400e-02
43 9.422200e-01 9.032000e-03 4.874800e-02
44 9.407160e-01 9.020000e-03 5.026400e-02
45 9.390480e-01 8.960000e-03 5.199200e-02
46 9.372680e-01 9.320000e-03 5.341200e-02
47 9.354240e-01 9.496000e-03 5.508000e-02
48 9.336800e-01 9.552000e-03 5.676800e-02
49 9.318040e-01 9.708000e-03 5.848800e-02
50 9.301520e-01 9.764000e-03 6.008400e-02
51 9.283240e-01 9.756000e-03 6.192000e-02
52 9.265320e-01 9.888000e-03 6.358000e-02
53 9.249480e-01 9.696000e-03 6.535600e-02
54 9.232480e-01 9.748000e-03 6.700400e-02
55 9.215920e-01 9.640000e-03 6.876800e-02
56 9.198040e-01 9.880000e-03 7.031600e-02
57 9.180080e-01 9.928000e-03 7.206400e-02
58 9.163880e-01 9.776000e-03 7.383600e-02
59 9.148000e-01 9.668000e-03 7.553200e-02
60 9.131000e-01 9.720000e-03 7.718000e-02
61 9.114560e-01 9.524000e-03 7.902000e-02
62 9.097600e-01 9.548000e-03 8.069200e-02
63 9.082960e-01 9.384000e-03 8.232000e-02
64 9.068000e-01 9.244000e-03 8.395600e-02
65 9.054280e-01 8.976000e-03 8.559600e-02
66 9.039480e-01 8.880000e-03 8.717200e-02
67 9.024680e-01 8.848000e-03 8.868400e-02
68 9.009720e-01 8.852000e-03 9.017600e-02
69 8.993080e-01 8.916000e-03 9.177600e-02
70 8.977320e-01 8.964000e-03 9.330400e-02
71 8.962040e-01 8.992000e-03 9.480400e-02
72 8.945880e-01 9.004000e-03 9.640800e-02
73 8.929920e-01 8.932000e-03 9.807600e-02
74 8.914960e-01 8.736000e-03 9.976800e-02
75 8.899400e-01 8.768000e-03 1.012920e-01
76 8.883080e-01 8.832000e-03 1.028600e-01
77 8.867040e-01 8.892000e-03 1.044040e-01
78 8.850560e-01 8.908000e-03 1.060360e-01
79 8.835320e-01 8.968000e-03 1.075000e-01
80 8.821640e-01 8.880000e-03 1.089560e-01
81 8.807680e-01 8.824000e-03 1.104080e-01
82 8.791200e-01 8.960000e-03 1.119200e-01
83 8.775760e-01 8.924000e-03 1.135000e-01
84 8.760080e-01 8.956000e-03 1.150360e-01
85 8.745000e-01 8.824000e-03 1.166760e-01
86 8.731360e-01 8.704000e-03 1.181600e-01
87 8.715720e-01 8.636000e-03 1.197920e-01
88 8.701840e-01 8.480000e-03 1.213360e-01
89 8.688240e-01 8.392000e-03 1.227840e-01
90 8.675600e-01 8.264000e-03 1.241760e-01
91 8.662960e-01 8.012000e-03 1.256920e-01
92 8.649480e-01 7.968000e-03 1.270840e-01
93 8.637080e-01 7.888000e-03 1.284040e-01
94 8.623680e-01 7.852000e-03 1.297800e-01
95 8.609520e-01 7.948000e-03 1.311000e-01
96 8.594520e-01 8.016000e-03 1.325320e-01
97 8.582400e-01 7.800000e-03 1.339600e-01
98 8.567680e-01 7.868000e-03 1.353640e-01
99 8.554120e-01 7.788000e-03 1.368000e-01
100 8.540680e-01 7.800000e-03 1.381320e-01
101 8.526000e-01 7.900000e-03 1.395000e-01
102 8.514360e-01 7.756000e-03 1.408080e-01
103 8.502320e-01 7.468000e-03 1.423000e-01
104 8.489200e-01 7.368000e-03 1.437120e-01
105 8.477720e-01 7.272000e-03 1.449560e-01
106 8.465840e-01 7.236000e-03 1.461800e-01
107 8.452760e-01 7.316000e-03 1.474080e-01
108 8.438480e-01 7.408000e-03 1.487440e-01
109 8.425560e-01 7.388000e-03 1.500560e-01
110 8.411480e-01 7.492000e-03 1.513600e-01
111 8.398680e-01 7.432000e-03 1.527000e-01
112 8.386360e-01 7.316000e-03 1.540480e-01
113 8.374240e-01 7.140000e-03 1.554360e-01
114 8.361960e-01 7.132000e-03 1.566720e-01
115 8.351120e-01 7.036000e-03 1.578520e-01
116 8.340680e-01 6.900000e-03 1.590320e-01
117 8.329400e-01 6.844000e-03 1.602160e-01
118 8.317320e-01 6.868000e-03 1.614000e-01
119 8.305800e-01 6.788000e-03 1.626320e-01
120 8.293840e-01 6.736000e-03 1.638800e-01
121 8.281560e-01 6.796000e-03 1.650480e-01
122 8.269960e-01 6.856000e-03 1.661480e-01
123 8.256640e-01 6.824000e-03 1.675120e-01
124 8.244120e-01 6.836000e-03 1.687520e-01
125 8.231280e-01 6.908000e-03 1.699640e-01
126 8.217400e-01 6.976000e-03 1.712840e-01
127 8.205520e-01 6.952000e-03 1.724960e-01
128 8.192640e-01 7.052000e-03 1.736840e-01
129 8.180680e-01 6.984000e-03 1.749480e-01
130 8.168680e-01 7.032000e-03 1.761000e-01
131 8.156240e-01 6.980000e-03 1.773960e-01
132 8.144600e-01 6.896000e-03 1.786440e-01
133 8.133200e-01 6.852000e-03 1.798280e-01
134 8.122040e-01 6.788000e-03 1.810080e-01
135 8.110840e-01 6.784000e-03 1.821320e-01
136 8.100120e-01 6.564000e-03 1.834240e-01
137 8.089120e-01 6.480000e-03 1.846080e-01
138 8.076600e-01 6.632000e-03 1.857080e-01
139 8.064360e-01 6.676000e-03 1.868880e-01
140 8.050840e-01 6.816000e-03 1.881000e-01
141 8.039200e-01 6.900000e-03 1.891800e-01
142 8.026160e-01 6.980000e-03 1.904040e-01
143 8.013480e-01 7.084000e-03 1.915680e-01
144 8.001560e-01 7.060000e-03 1.927840e-01
145 7.988840e-01 7.016000e-03 1.941000e-01
146 7.976440e-01 7.048000e-03 1.953080e-01
147 7.962920e-01 7.260000e-03 1.964480e-01
148 7.950760e-01 7.160000e-03 1.977640e-01
149 7.937560e-01 7.136000e-03 1.991080e-01
150 7.924880e-01 7.176000e-03 2.003360e-01
151 7.912240e-01 7.152000e-03 2.016240e-01
152 7.901720e-01 6.992000e-03 2.028360e-01
153 7.890520e-01 6.856000e-03 2.040920e-01
154 7.880080e-01 6.756000e-03 2.052360e-01
155 7.868600e-01 6.748000e-03 2.063920e-01
156 7.855600e-01 6.892000e-03 2.075480e-01
157 7.842840e-01 6.964000e-03 2.087520e-01
158 7.830800e-01 7.056000e-03 2.098640e-01
159 7.817760e-01 7.132000e-03 2.110920e-01
160 7.805920e-01 7.016000e-03 2.123920e-01
161 7.795000e-01 6.848000e-03 2.136520e-01
162 7.783640e-01 6.848000e-03 2.147880e-01
163 7.771400e-01 6.940000e-03 2.159200e-01
164 7.758400e-01 7.056000e-03 2.171040e-01
165 7.746960e-01 6.912000e-03 2.183920e-01
166 7.734120e-01 6.984000e-03 2.196040e-01
167 7.722280e-01 6.908000e-03 2.208640e-01
168 7.710080e-01 6.920000e-03 2.220720e-01
169 7.697880e-01 6.924000e-03 2.232880e-01
170 7.685000e-01 7.008000e-03 2.244920e-01
171 7.673800e-01 6.896000e-03 2.257240e-01
172 7.662240e-01 6.848000e-03 2.269280e-01
173 7.648880e-01 6.892000e-03 2.282200e-01
174 7.635280e-01 7.072000e-03 2.294000e-01
175 7.623000e-01 7.032000e-03 2.306680e-01
176 7.608440e-01 7.236000e-03 2.319200e-01
177 7.596000e-01 7.088000e-03 2.333120e-01
178 7.584360e-01 7.108000e-03 2.344560e-01
179 7.572080e-01 7.144000e-03 2.356480e-01
180 7.561200e-01 6.980000e-03 2.369000e-01
181 7.550680e-01 6.768000e-03 2.381640e-01
182 7.540960e-01 6.560000e-03 2.393440e-01
183 7.528840e-01 6.548000e-03 2.405680e-01
184 7.516920e-01 6.564000e-03 2.417440e-01
185 7.506320e-01 6.392000e-03 2.429760e-01
186 7.495560e-01 6.348000e-03 2.440960e-01
187 7.486120e-01 6.180000e-03 2.452080e-01
188 7.476440e-01 6.104000e-03 2.462520e-01
189 7.467640e-01 5.980000e-03 2.472560e-01
190 7.457480e-01 5.856000e-03 2.483960e-01
191 7.447600e-01 5.784000e-03 2.494560e-01
192 7.437880e-01 5.688000e-03 2.505240e-01
193 7.427800e-01 5.700000e-03 2.515200e-01
194 7.418200e-01 5.712000e-03 2.524680e-01
195 7.409640e-01 5.616000e-03 2.534200e-01
196 7.398880e-01 5.704000e-03 2.544080e-01
197 7.390920e-01 5.484000e-03 2.554240e-01
198 7.381920e-01 5.440000e-03 2.563680e-01
199 7.373840e-01 5.284000e-03 2.573320e-01
200 7.365120e-01 5.208000e-03 2.582800e-01
201 7.357520e-01 5.032000e-03 2.592160e-01
202 7.350160e-01 4.772000e-03 2.602120e-01
203 7.342240e-01 4.708000e-03 2.610680e-01
204 7.334840e-01 4.592000e-03 2.619240e-01
205 7.327040e-01 4.612000e-03 2.626840e-01
206 7.319480e-01 4.492000e-03 2.635600e-01
207 7.311960e-01 4.436000e-03 2.643680e-01
208 7.304920e-01 4.280000e-03 2.652280e-01
209 7.298600e-01 4.224000e-03 2.659160e-01
210 7.292240e-01 4.132000e-03 2.666440e-01
211 7.285640e-01 4.100000e-03 2.673360e-01
212 7.279960e-01 3.948000e-03 2.680560e-01
213 7.273360e-01 3.836000e-03 2.688280e-01
214 7.266680e-01 3.896000e-03 2.694360e-01
215 7.261600e-01 3.692000e-03 2.701480e-01
216 7.255400e-01 3.684000e-03 2.707760e-01
217 7.248280e-01 3.708000e-03 2.714640e-01
218 7.241240e-01 3.708000e-03 2.721680e-01
219 7.236520e-01 3.552000e-03 2.727960e-01
220 7.231360e-01 3.484000e-03 2.733800e-01
221 7.225760e-01 3.316000e-03 2.741080e-01
222 7.220840e-01 3.228000e-03 2.746880e-01
223 7.215400e-01 3.212000e-03 2.752480e-01
224 7.210400e-01 3.100000e-03 2.758600e-01
225 7.205480e-01 3.000000e-03 2.764520e-01
226 7.201080e-01 2.968000e-03 2.769240e-01
227 7.196000e-01 2.904000e-03 2.774960e-01
228 7.189800e-01 3.044000e-03 2.779760e-01
229 7.184880e-01 2.968000e-03 2.785440e-01
230 7.179560e-01 2.908000e-03 2.791360e-01
231 7.174000e-01 2.984000e-03 2.796160e-01
232 7.168800e-01 3.088000e-03 2.800320e-01
233 7.164280e-01 3.012000e-03 2.805600e-01
234 7.159200e-01 2.968000e-03 2.811120e-01
235 7.154720e-01 2.908000e-03 2.816200e-01
236 7.150680e-01 2.836000e-03 2.820960e-01
237 7.145640e-01 2.764000e-03 2.826720e-01
238 7.141520e-01 2.712000e-03 2.831360e-01
239 7.136480e-01 2.684000e-03 2.836680e-01
240 7.131880e-01 2.688000e-03 2.841240e-01
241 7.127240e-01 2.728000e-03 2.845480e-01
242 7.122200e-01 2.744000e-03 2.850360e-01
243 7.117160e-01 2.744000e-03 2.855400e-01
244 7.112440e-01 2.804000e-03 2.859520e-01
245 7.107600e-01 2.768000e-03 2.864720e-01
246 7.102880e-01 2.756000e-03 2.869560e-01
247 7.098400e-01 2.740000e-03 2.874200e-01
248 7.093920e-01 2.680000e-03 2.879280e-01
249 7.089960e-01 2.676000e-03 2.883280e-01
250 7.084920e-01 2.676000e-03 2.888320e-01
251 7.080600e-01 2.676000e-03 2.892640e-01
252 7.076240e-01 2.640000e-03 2.897360e-01
253 7.071960e-01 2.624000e-03 2.901800e-01
254 7.067840e-01 2.552000e-03 2.906640e-01
255 7.062680e-01 2.704000e-03 2.910280e-01
256 7.058240e-01 2.696000e-03 2.914800e-01
257 7.054040e-01 2.708000e-03 2.918880e-01
258 7.049280e-01 2.636000e-03 2.924360e-01
259 7.045280e-01 2.572000e-03 2.929000e-01
260 7.041440e-01 2.436000e-03 2.934200e-01
261 7.038280e-01 2.296000e-03 2.938760e-01
262 7.034920e-01 2.204000e-03 2.943040e-01
263 7.031480e-01 2.104000e-03 2.947480e-01
264 7.029000e-01 2.040000e-03 2.950600e-01
265 7.026280e-01 1.984000e-03 2.953880e-01
266 7.023160e-01 2.032000e-03 2.956520e-01
267 7.020080e-01 1.980000e-03 2.960120e-01
268 7.016280e-01 2.008000e-03 2.963640e-01
269 7.013160e-01 2.024000e-03 2.966600e-01
270 7.009920e-01 2.028000e-03 2.969800e-01
271 7.005840e-01 2.108000e-03 2.973080e-01
272 7.002680e-01 2.012000e-03 2.977200e-01
273 6.999320e-01 2.036000e-03 2.980320e-01
274 6.995640e-01 2.012000e-03 2.984240e-01
275 6.992040e-01 2.020000e-03 2.987760e-01
276 6.989120e-01 1.960000e-03 2.991280e-01
277 6.986480e-01 1.864000e-03 2.994880e-01
278 6.984000e-01 1.752000e-03 2.998480e-01
279 6.981240e-01 1.684000e-03 3.001920e-01
280 6.978880e-01 1.580000e-03 3.005320e-01
281 6.976720e-01 1.528000e-03 3.008000e-01
282 6.974480e-01 1.464000e-03 3.010880e-01
283 6.972200e-01 1.416000e-03 3.013640e-01
284 6.969280e-01 1.480000e-03 3.015920e-01
285 6.966680e-01 1.484000e-03 3.018480e-01
286 6.964760e-01 1.408000e-03 3.021160e-01
287 6.962360e-01 1.388000e-03 3.023760e-01
288 6.960360e-01 1.332000e-03 3.026320e-01
289 6.957760e-01 1.348000e-03 3.028760e-01
290 6.955680e-01 1.312000e-03 3.031200e-01
291 6.953520e-01 1.264000e-03 3.033840e-01
292 6.950760e-01 1.324000e-03 3.036000e-01
293 6.948280e-01 1.316000e-03 3.038560e-01
294 6.946160e-01 1.228000e-03 3.041560e-01
295 6.944040e-01 1.232000e-03 3.043640e-01
296 6.941400e-01 1.264000e-03 3.045960e-01
297 6.939440e-01 1.232000e-03 3.048240e-01
298 6.938040e-01 1.176000e-03 3.050200e-01
299 6.936440e-01 1.148000e-03 3.052080e-01
300 6.934720e-01 1.104000e-03 3.054240e-01
301 6.933160e-01 1.068000e-03 3.056160e-01
302 6.931520e-01 9.920000e-04 3.058560e-01
303 6.929560e-01 1.020000e-03 3.060240e-01
304 6.928040e-01 9.680000e-04 3.062280e-01
305 6.926200e-01 9.720000e-04 3.064080e-01
306 6.924160e-01 9.600000e-04 3.066240e-01
307 6.922600e-01 9.360000e-04 3.068040e-01
308 6.921200e-01 9.400000e-04 3.069400e-01
309 6.919200e-01 9.640000e-04 3.071160e-01
310 6.917120e-01 9.960000e-04 3.072920e-01
311 6.915240e-01 1.008000e-03 3.074680e-01
312 6.912920e-01 1.096000e-03 3.076120e-01
313 6.910000e-01 1.188000e-03 3.078120e-01
314 6.907480e-01 1.188000e-03 3.080640e-01
315 6.905160e-01 1.220000e-03 3.082640e-01
316 6.902760e-01 1.244000e-03 3.084800e-01
317 6.900120e-01 1.300000e-03 3.086880e-01
318 6.897240e-01 1.380000e-03 3.088960e-01
319 6.894720e-01 1.388000e-03 3.091400e-01
320 6.891440e-01 1.464000e-03 3.093920e-01
321 6.889120e-01 1.444000e-03 3.096440e-01
322 6.886880e-01 1.428000e-03 3.098840e-01
323 6.884240e-01 1.464000e-03 3.101120e-01
324 6.881800e-01 1.428000e-03 3.103920e-01
325 6.879040e-01 1.460000e-03 3.106360e-01
326 6.876560e-01 1.448000e-03 3.108960e-01
327 6.874120e-01 1.428000e-03 3.111600e-01
328 6.872040e-01 1.364000e-03 3.114320e-01
329 6.868880e-01 1.456000e-03 3.116560e-01
330 6.864920e-01 1.592000e-03 3.119160e-01
331 6.862600e-01 1.592000e-03 3.121480e-01
332 6.859960e-01 1.588000e-03 3.124160e-01
333 6.857920e-01 1.540000e-03 3.126680e-01
334 6.854800e-01 1.560000e-03 3.129600e-01
335 6.852280e-01 1.508000e-03 3.132640e-01
336 6.850680e-01 1.420000e-03 3.135120e-01
337 6.848360e-01 1.444000e-03 3.137200e-01
338 6.845440e-01 1.516000e-03 3.139400e-01
339 6.842400e-01 1.568000e-03 3.141920e-01
340 6.840480e-01 1.492000e-03 3.144600e-01
341 6.838520e-01 1.440000e-03 3.147080e-01
342 6.836280e-01 1.416000e-03 3.149560e-01
343 6.833920e-01 1.408000e-03 3.152000e-01
344 6.831960e-01 1.332000e-03 3.154720e-01
345 6.830320e-01 1.260000e-03 3.157080e-01
346 6.828360e-01 1.172000e-03 3.159920e-01
347 6.827000e-01 1.112000e-03 3.161880e-01
348 6.824920e-01 1.120000e-03 3.163880e-01
349 6.823240e-01 1.088000e-03 3.165880e-01
350 6.822000e-01 1.036000e-03 3.167640e-01
351 6.820280e-01 1.028000e-03 3.169440e-01
352 6.818720e-01 1.012000e-03 3.171160e-01
353 6.817040e-01 1.044000e-03 3.172520e-01
354 6.815440e-01 1.060000e-03 3.173960e-01
355 6.813880e-01 1.040000e-03 3.175720e-01
356 6.811520e-01 1.128000e-03 3.177200e-01
357 6.809800e-01 1.124000e-03 3.178960e-01
358 6.807640e-01 1.116000e-03 3.181200e-01
359 6.805880e-01 1.080000e-03 3.183320e-01
360 6.804080e-01 1.020000e-03 3.185720e-01
361 6.802640e-01 9.800000e-04 3.187560e-01
362 6.801200e-01 9.480000e-04 3.189320e-01
363 6.799560e-01 8.920000e-04 3.191520e-01
364 6.798080e-01 8.520000e-04 3.193400e-01
365 6.796600e-01 8.520000e-04 3.194880e-01
366 6.795080e-01 8.080000e-04 3.196840e-01
367 6.793640e-01 8.360000e-04 3.198000e-01
368 6.791880e-01 9.080000e-04 3.199040e-01
369 6.790040e-01 9.600000e-04 3.200360e-01
370 6.788440e-01 9.560000e-04 3.202000e-01
371 6.786680e-01 9.840000e-04 3.203480e-01
372 6.784920e-01 9.960000e-04 3.205120e-01
373 6.783080e-01 1.020000e-03 3.206720e-01
374 6.781120e-01 1.040000e-03 3.208480e-01
375 6.779200e-01 1.104000e-03 3.209760e-01
376 6.777560e-01 1.048000e-03 3.211960e-01
377 6.775680e-01 1.040000e-03 3.213920e-01
378 6.773560e-01 1.092000e-03 3.215520e-01
379 6.771320e-01 1.108000e-03 3.217600e-01
380 6.769200e-01 1.128000e-03 3.219520e-01
381 6.766960e-01 1.164000e-03 3.221400e-01
382 6.764600e-01 1.192000e-03 3.223480e-01
383 6.762840e-01 1.084000e-03 3.226320e-01
384 6.761320e-01 1.048000e-03 3.228200e-01
385 6.760040e-01 9.960000e-04 3.230000e-01
386 6.757960e-01 1.024000e-03 3.231800e-01
387 6.756400e-01 1.012000e-03 3.233480e-01
388 6.754440e-01 1.060000e-03 3.234960e-01
389 6.753040e-01 9.960000e-04 3.237000e-01
390 6.751480e-01 9.960000e-04 3.238560e-01
391 6.749840e-01 9.640000e-04 3.240520e-01
392 6.748160e-01 1.000000e-03 3.241840e-01
393 6.746200e-01 1.008000e-03 3.243720e-01
394 6.744240e-01 1.016000e-03 3.245600e-01
395 6.742280e-01 1.020000e-03 3.247520e-01
396 6.741080e-01 9.840000e-04 3.249080e-01
397 6.739960e-01 9.280000e-04 3.250760e-01
398 6.738560e-01 8.920000e-04 3.252520e-01
399 6.737480e-01 8.480000e-04 3.254040e-01
400 6.735920e-01 8.720000e-04 3.255360e-01
401 6.734560e-01 8.440000e-04 3.257000e-01
402 6.733400e-01 8.320000e-04 3.258280e-01
403 6.731560e-01 9.080000e-04 3.259360e-01
404 6.730360e-01 8.840000e-04 3.260800e-01
405 6.729160e-01 8.520000e-04 3.262320e-01
406 6.727880e-01 8.440000e-04 3.263680e-01
407 6.726560e-01 8.360000e-04 3.265080e-01
408 6.725280e-01 8.320000e-04 3.266400e-01
409 6.723920e-01 8.360000e-04 3.267720e-01
410 6.722560e-01 8.080000e-04 3.269360e-01
411 6.721400e-01 7.720000e-04 3.270880e-01
412 6.719960e-01 8.040000e-04 3.272000e-01
413 6.719160e-01 7.320000e-04 3.273520e-01
414 6.717640e-01 7.320000e-04 3.275040e-01
415 6.716480e-01 7.360000e-04 3.276160e-01
416 6.715320e-01 7.360000e-04 3.277320e-01
417 6.714160e-01 7.360000e-04 3.278480e-01
418 6.713360e-01 6.840000e-04 3.279800e-01
419 6.712120e-01 6.880000e-04 3.281000e-01
420 6.711560e-01 6.280000e-04 3.282160e-01
421 6.710920e-01 5.800000e-04 3.283280e-01
422 6.710200e-01 5.600000e-04 3.284200e-01
423 6.709560e-01 5.480000e-04 3.284960e-01
424 6.708480e-01 5.280000e-04 3.286240e-01
425 6.707440e-01 5.520000e-04 3.287040e-01
426 6.706440e-01 5.360000e-04 3.288200e-01
427 6.705640e-01 5.360000e-04 3.289000e-01
428 6.704920e-01 5.280000e-04 3.289800e-01
429 6.703840e-01 5.480000e-04 3.290680e-01
430 6.702760e-01 5.520000e-04 3.291720e-01
431 6.701280e-01 6.080000e-04 3.292640e-01
432 6.700520e-01 5.920000e-04 3.293560e-01
433 6.699320e-01 5.720000e-04 3.294960e-01
434 6.698240e-01 5.960000e-04 3.295800e-01
435 6.696880e-01 6.240000e-04 3.296880e-01
436 6.696000e-01 6.000000e-04 3.298000e-01
437 6.695160e-01 5.960000e-04 3.298880e-01
438 6.694720e-01 5.280000e-04 3.300000e-01
439 6.693880e-01 5.200000e-04 3.300920e-01
440 6.693200e-01 5.120000e-04 3.301680e-01
441 6.692360e-01 5.280000e-04 3.302360e-01
442 6.691560e-01 5.080000e-04 3.303360e-01
443 6.690760e-01 5.040000e-04 3.304200e-01
444 6.690440e-01 4.240000e-04 3.305320e-01
445 6.689160e-01 5.000000e-04 3.305840e-01
446 6.688160e-01 5.240000e-04 3.306600e-01
447 6.687120e-01 5.440000e-04 3.307440e-01
448 6.686240e-01 5.400000e-04 3.308360e-01
449 6.685560e-01 4.880000e-04 3.309560e-01
450 6.684800e-01 4.440000e-04 3.310760e-01
451 6.683680e-01 4.800000e-04 3.311520e-01
452 6.682800e-01 4.920000e-04 3.312280e-01
453 6.681840e-01 5.160000e-04 3.313000e-01
454 6.680360e-01 5.320000e-04 3.314320e-01
455 6.679520e-01 5.400000e-04 3.315080e-01
456 6.678560e-01 5.440000e-04 3.316000e-01
457 6.677520e-01 5.440000e-04 3.317040e-01
458 6.676520e-01 5.440000e-04 3.318040e-01
459 6.675840e-01 5.120000e-04 3.319040e-01
460 6.675120e-01 4.720000e-04 3.320160e-01
461 6.674640e-01 4.560000e-04 3.320800e-01
462 6.674200e-01 3.800000e-04 3.322000e-01
463 6.673960e-01 3.440000e-04 3.322600e-01
464 6.673480e-01 3.640000e-04 3.322880e-01
465 6.672920e-01 3.760000e-04 3.323320e-01
466 6.672280e-01 3.800000e-04 3.323920e-01
467 6.671640e-01 3.880000e-04 3.324480e-01
468 6.670880e-01 3.880000e-04 3.325240e-01
469 6.670480e-01 3.560000e-04 3.325960e-01
470 6.669600e-01 3.880000e-04 3.326520e-01
471 6.668480e-01 4.280000e-04 3.327240e-01
472 6.667680e-01 4.320000e-04 3.328000e-01
473 6.667040e-01 4.640000e-04 3.328320e-01
474 6.666120e-01 4.520000e-04 3.329360e-01
475 6.665320e-01 4.200000e-04 3.330480e-01
476 6.664800e-01 3.840000e-04 3.331360e-01
477 6.664280e-01 3.640000e-04 3.332080e-01
478 6.663640e-01 3.640000e-04 3.332720e-01
479 6.663120e-01 3.440000e-04 3.333440e-01
480 6.662480e-01 3.440000e-04 3.334080e-01
481 6.662160e-01 3.160000e-04 3.334680e-01
482 6.661520e-01 3.200000e-04 3.335280e-01
483 6.661240e-01 2.760000e-04 3.336000e-01
484 6.660840e-01 2.640000e-04 3.336520e-01
485 6.660320e-01 2.720000e-04 3.336960e-01
486 6.659960e-01 2.520000e-04 3.337520e-01
487 6.659640e-01 2.560000e-04 3.337800e-01
488 6.659040e-01 2.800000e-04 3.338160e-01
489 6.658600e-01 2.760000e-04 3.338640e-01
490 6.658320e-01 2.280000e-04 3.339400e-01
491 6.657880e-01 2.320000e-04 3.339800e-01
492 6.657720e-01 2.200000e-04 3.340080e-01
493 6.657360e-01 2.120000e-04 3.340520e-01
494 6.657000e-01 2.200000e-04 3.340800e-01
495 6.656840e-01 2.120000e-04 3.341040e-01
496 6.656600e-01 1.920000e-04 3.341480e-01
497 6.656320e-01 1.880000e-04 3.341800e-01
498 6.656080e-01 1.920000e-04 3.342000e-01
499 6.655880e-01 1.600000e-04 3.342520e-01
500 6.655560e-01 1.760000e-04 3.342680e-01
