1 9.991320e-01 7.800000e-04 8.800000e-05
2 9.985760e-01 1.156000e-03 2.680000e-04
3 9.978560e-01 1.656000e-03 4.880000e-04
4 9.971280e-01 2.056000e-03 8.160000e-04
5 9.963360e-01 2.432000e-03 1.232000e-03
6 9.955320e-01 2.732000e-03 1.736000e-03
7 9.947400e-01 2.988000e-03 2.272000e-03
8 9.939800e-01 3.212000e-03 2.808000e-03
9 9.931640e-01 3.456000e-03 3.380000e-03
10 9.923960e-01 3.552000e-03 4.052000e-03
11 9.914960e-01 3.836000e-03 4.668000e-03
12 9.906120e-01 3.964000e-03 5.424000e-03
13 9.897080e-01 4.200000e-03 6.092000e-03
14 9.886800e-01 4.408000e-03 6.912000e-03
15 9.876160e-01 4.736000e-03 7.648000e-03
16 9.865280e-01 5.024000e-03 8.448000e-03
17 9.853760e-01 5.224000e-03 9.400000e-03
18 9.841760e-01 5.500000e-03 1.032400e-02
19 9.829560e-01 5.728000e-03 1.131600e-02
20 9.816840e-01 5.996000e-03 1.232000e-02
21 9.805080e-01 6.136000e-03 1.335600e-02
22 9.792640e-01 6.364000e-03 1.437200e-02
23 9.779840e-01 6.520000e-03 1.549600e-02
24 9.766360e-01 6.816000e-03 1.654800e-02
25 9.752600e-01 7.040000e-03 1.770000e-02
26 9.738240e-01 7.096000e-03 1.908000e-02
27 9.725040e-01 7.176000e-03 2.032000e-02
28 9.710640e-01 7.232000e-03 2.170400e-02
29 9.694680e-01 7.528000e-03 2.300400e-02
30 9.678400e-01 7.832000e-03 2.432800e-02
31 9.661720e-01 8.144000e-03 2.568400e-02
32 9.645640e-01 8.140000e-03 2.729600e-02
33 9.630040e-01 8.192000e-03 2.880400e-02
34 9.614160e-01 8.308000e-03 3.027600e-02
35 9.598520e-01 8.404000e-03 3.174400e-02
36 9.583040e-01 8.540000e-03 3.315600e-02
37 9.565840e-01 8.732000e-03 3.468400e-02
38 9.550160e-01 8.824000e-03 3.616000e-02
39 9.534720e-01 8.876000e-03 3.765200e-02
40 9.519040e-01 8.960000e-03 3.913600e-02
41 9.501880e-01 9.100000e-03 4.071200e-02
42 9.484080e-01 9.292000e-03 4.230000e-02
43 9.468280e-01 9.132000e-03 4.404000e-02
44 9.452000e-01 9.180000e-03 4.562000e-02
45 9.436760e-01 9.044000e-03 4.728000e-02
46 9.421120e-01 9.016000e-03 4.887200e-02
47 9.404840e-01 8.960000e-03 5.055600e-02
48 9.390040e-01 8.864000e-03 5.213200e-02
49 9.374560e-01 8.848000e-03 5.369600e-02
50 9.358480e-01 8.932000e-03 5.522000e-02
51 9.341960e-01 9.080000e-03 5.672400e-02
52 9.326360e-01 9.020000e-03 5.834400e-02
53 9.312480e-01 8.816000e-03 5.993600e-02
54 9.294840e-01 9.012000e-03 6.150400e-02
55 9.277920e-01 9.168000e-03 6.304000e-02
56 9.260840e-01 9.340000e-03 6.457600e-02
57 9.243640e-01 9.220000e-03 6.641600e-02
58 9.226360e-01 9.236000e-03 6.812800e-02
59 9.210200e-01 9.276000e-03 6.970400e-02
60 9.193840e-01 9.336000e-03 7.128000e-02
61 9.177760e-01 9.356000e-03 7.286800e-02
62 9.161520e-01 9.292000e-03 7.455600e-02
63 9.145560e-01 9.124000e-03 7.632000e-02
64 9.128960e-01 9.124000e-03 7.798000e-02
65 9.110800e-01 9.432000e-03 7.948800e-02
66 9.093680e-01 9.488000e-03 8.114400e-02
67 9.075840e-01 9.680000e-03 8.273600e-02
68 9.056240e-01 1.004800e-02 8.432800e-02
69 9.038000e-01 1.013600e-02 8.606400e-02
70 9.020200e-01 1.002400e-02 8.795600e-02
71 9.003120e-01 9.924000e-03 8.976400e-02
72 8.986800e-01 9.748000e-03 9.157200e-02
73 8.969880e-01 9.732000e-03 9.328000e-02
74 8.952600e-01 9.780000e-03 9.496000e-02
75 8.936240e-01 9.668000e-03 9.670800e-02
76 8.919200e-01 9.820000e-03 9.826000e-02
77 8.901280e-01 9.912000e-03 9.996000e-02
78 8.883000e-01 9.904000e-03 1.017960e-01
79 8.865600e-01 1.000400e-02 1.034360e-01
80 8.845600e-01 1.018800e-02 1.052520e-01
81 8.828240e-01 1.008000e-02 1.070960e-01
82 8.810920e-01 1.005200e-02 1.088560e-01
83 8.794200e-01 9.932000e-03 1.106480e-01
84 8.777960e-01 9.860000e-03 1.123440e-01
85 8.759320e-01 1.008800e-02 1.139800e-01
86 8.741000e-01 1.013600e-02 1.157640e-01
87 8.725840e-01 9.928000e-03 1.174880e-01
88 8.707640e-01 9.916000e-03 1.193200e-01
89 8.689160e-01 9.884000e-03 1.212000e-01
90 8.672880e-01 9.720000e-03 1.229920e-01
91 8.657000e-01 9.676000e-03 1.246240e-01
92 8.640280e-01 9.624000e-03 1.263480e-01
93 8.625400e-01 9.484000e-03 1.279760e-01
94 8.609920e-01 9.408000e-03 1.296000e-01
95 8.594640e-01 9.248000e-03 1.312880e-01
96 8.579360e-01 9.140000e-03 1.329240e-01
97 8.563080e-01 9.132000e-03 1.345600e-01
98 8.546360e-01 9.272000e-03 1.360920e-01
99 8.528800e-01 9.396000e-03 1.377240e-01
100 8.511440e-01 9.460000e-03 1.393960e-01
101 8.496120e-01 9.428000e-03 1.409600e-01
102 8.479840e-01 9.392000e-03 1.426240e-01
103 8.462920e-01 9.444000e-03 1.442640e-01
104 8.446040e-01 9.484000e-03 1.459120e-01
105 8.429120e-01 9.516000e-03 1.475720e-01
106 8.410520e-01 9.716000e-03 1.492320e-01
107 8.394200e-01 9.704000e-03 1.508760e-01
108 8.377960e-01 9.616000e-03 1.525880e-01
109 8.362720e-01 9.588000e-03 1.541400e-01
110 8.344880e-01 9.600000e-03 1.559120e-01
111 8.328680e-01 9.612000e-03 1.575200e-01
112 8.312920e-01 9.420000e-03 1.592880e-01
113 8.297000e-01 9.432000e-03 1.608680e-01
114 8.279920e-01 9.440000e-03 1.625680e-01
115 8.263600e-01 9.472000e-03 1.641680e-01
116 8.248720e-01 9.372000e-03 1.657560e-01
117 8.233480e-01 9.268000e-03 1.673840e-01
118 8.218480e-01 9.180000e-03 1.689720e-01
119 8.202560e-01 9.152000e-03 1.705920e-01
120 8.187520e-01 9.092000e-03 1.721560e-01
121 8.170920e-01 9.212000e-03 1.736960e-01
122 8.153560e-01 9.356000e-03 1.752880e-01
123 8.138720e-01 9.264000e-03 1.768640e-01
124 8.121120e-01 9.424000e-03 1.784640e-01
125 8.104440e-01 9.404000e-03 1.801520e-01
126 8.087800e-01 9.520000e-03 1.817000e-01
127 8.070760e-01 9.472000e-03 1.834520e-01
128 8.054000e-01 9.496000e-03 1.851040e-01
129 8.037680e-01 9.464000e-03 1.867680e-01
130 8.020960e-01 9.556000e-03 1.883480e-01
131 8.005120e-01 9.412000e-03 1.900760e-01
132 7.988280e-01 9.480000e-03 1.916920e-01
133 7.972400e-01 9.476000e-03 1.932840e-01
134 7.955520e-01 9.444000e-03 1.950040e-01
135 7.939520e-01 9.528000e-03 1.965200e-01
136 7.923560e-01 9.384000e-03 1.982600e-01
137 7.909480e-01 9.152000e-03 1.999000e-01
138 7.894360e-01 9.100000e-03 2.014640e-01
139 7.879280e-01 8.948000e-03 2.031240e-01
140 7.865080e-01 8.760000e-03 2.047320e-01
141 7.850040e-01 8.764000e-03 2.062320e-01
142 7.836680e-01 8.456000e-03 2.078760e-01
143 7.823240e-01 8.312000e-03 2.093640e-01
144 7.811160e-01 7.992000e-03 2.108920e-01
145 7.798200e-01 7.940000e-03 2.122400e-01
146 7.783560e-01 8.000000e-03 2.136440e-01
147 7.770200e-01 7.948000e-03 2.150320e-01
148 7.757600e-01 7.752000e-03 2.164880e-01
149 7.743800e-01 7.748000e-03 2.178720e-01
150 7.728800e-01 7.948000e-03 2.191720e-01
151 7.715560e-01 7.848000e-03 2.205960e-01
152 7.701640e-01 7.720000e-03 2.221160e-01
153 7.688400e-01 7.792000e-03 2.233680e-01
154 7.674000e-01 7.948000e-03 2.246520e-01
155 7.660920e-01 7.912000e-03 2.259960e-01
156 7.646560e-01 7.836000e-03 2.275080e-01
157 7.632840e-01 7.816000e-03 2.289000e-01
158 7.620200e-01 7.664000e-03 2.303160e-01
159 7.606080e-01 7.860000e-03 2.315320e-01
160 7.590160e-01 7.980000e-03 2.330040e-01
161 7.577760e-01 7.852000e-03 2.343720e-01
162 7.564000e-01 8.012000e-03 2.355880e-01
163 7.550520e-01 7.908000e-03 2.370400e-01
164 7.537200e-01 7.748000e-03 2.385320e-01
165 7.522480e-01 7.744000e-03 2.400080e-01
166 7.508720e-01 7.732000e-03 2.413960e-01
167 7.496240e-01 7.552000e-03 2.428240e-01
168 7.483480e-01 7.444000e-03 2.442080e-01
169 7.467920e-01 7.704000e-03 2.455040e-01
170 7.455040e-01 7.700000e-03 2.467960e-01
171 7.442760e-01 7.540000e-03 2.481840e-01
172 7.430520e-01 7.464000e-03 2.494840e-01
173 7.418760e-01 7.304000e-03 2.508200e-01
174 7.406160e-01 7.396000e-03 2.519880e-01
175 7.393520e-01 7.332000e-03 2.533160e-01
176 7.381000e-01 7.344000e-03 2.545560e-01
177 7.367960e-01 7.392000e-03 2.558120e-01
178 7.355360e-01 7.288000e-03 2.571760e-01
179 7.342640e-01 7.296000e-03 2.584400e-01
180 7.329320e-01 7.468000e-03 2.596000e-01
181 7.316160e-01 7.500000e-03 2.608840e-01
182 7.303800e-01 7.516000e-03 2.621040e-01
183 7.289840e-01 7.484000e-03 2.635320e-01
184 7.278320e-01 7.212000e-03 2.649560e-01
185 7.265480e-01 7.228000e-03 2.662240e-01
186 7.252320e-01 7.272000e-03 2.674960e-01
187 7.240240e-01 7.300000e-03 2.686760e-01
188 7.227520e-01 7.356000e-03 2.698920e-01
189 7.215160e-01 7.256000e-03 2.712280e-01
190 7.202000e-01 7.220000e-03 2.725800e-01
191 7.189640e-01 7.188000e-03 2.738480e-01
192 7.178360e-01 6.992000e-03 2.751720e-01
193 7.168440e-01 6.868000e-03 2.762880e-01
194 7.157120e-01 6.816000e-03 2.774720e-01
195 7.145760e-01 6.812000e-03 2.786120e-01
196 7.134880e-01 6.776000e-03 2.797360e-01
197 7.123760e-01 6.756000e-03 2.808680e-01
198 7.111680e-01 6.784000e-03 2.820480e-01
199 7.100960e-01 6.608000e-03 2.832960e-01
200 7.089280e-01 6.684000e-03 2.843880e-01
201 7.077440e-01 6.608000e-03 2.856480e-01
202 7.065800e-01 6.592000e-03 2.868280e-01
203 7.054280e-01 6.520000e-03 2.880520e-01
204 7.043360e-01 6.488000e-03 2.891760e-01
205 7.031160e-01 6.672000e-03 2.902120e-01
206 7.020120e-01 6.524000e-03 2.914640e-01
207 7.009600e-01 6.524000e-03 2.925160e-01
208 6.999000e-01 6.524000e-03 2.935760e-01
209 6.988320e-01 6.376000e-03 2.947920e-01
210 6.978280e-01 6.204000e-03 2.959680e-01
211 6.967480e-01 6.164000e-03 2.970880e-01
212 6.957080e-01 6.060000e-03 2.982320e-01
213 6.947600e-01 5.988000e-03 2.992520e-01
214 6.937440e-01 5.940000e-03 3.003160e-01
215 6.926920e-01 5.932000e-03 3.013760e-01
216 6.915560e-01 6.136000e-03 3.023080e-01
217 6.904120e-01 6.172000e-03 3.034160e-01
218 6.893600e-01 6.096000e-03 3.045440e-01
219 6.882880e-01 6.100000e-03 3.056120e-01
220 6.872760e-01 6.148000e-03 3.065760e-01
221 6.862320e-01 6.132000e-03 3.076360e-01
222 6.852960e-01 6.036000e-03 3.086680e-01
223 6.843880e-01 5.896000e-03 3.097160e-01
224 6.835200e-01 5.676000e-03 3.108040e-01
225 6.825920e-01 5.732000e-03 3.116760e-01
226 6.817240e-01 5.560000e-03 3.127160e-01
227 6.808760e-01 5.520000e-03 3.136040e-01
228 6.800600e-01 5.244000e-03 3.146960e-01
229 6.792760e-01 5.156000e-03 3.155680e-01
230 6.785400e-01 4.940000e-03 3.165200e-01
231 6.776200e-01 4.936000e-03 3.174440e-01
232 6.766920e-01 4.960000e-03 3.183480e-01
233 6.758680e-01 4.908000e-03 3.192240e-01
234 6.749080e-01 5.104000e-03 3.199880e-01
235 6.741040e-01 5.000000e-03 3.208960e-01
236 6.733240e-01 4.992000e-03 3.216840e-01
237 6.724520e-01 4.968000e-03 3.225800e-01
238 6.715600e-01 4.968000e-03 3.234720e-01
239 6.708080e-01 4.860000e-03 3.243320e-01
240 6.700000e-01 4.868000e-03 3.251320e-01
241 6.692200e-01 4.728000e-03 3.260520e-01
242 6.684760e-01 4.640000e-03 3.268840e-01
243 6.676240e-01 4.716000e-03 3.276600e-01
244 6.668880e-01 4.644000e-03 3.284680e-01
245 6.660880e-01 4.604000e-03 3.293080e-01
246 6.652840e-01 4.600000e-03 3.301160e-01
247 6.645720e-01 4.480000e-03 3.309480e-01
248 6.638720e-01 4.384000e-03 3.317440e-01
249 6.630520e-01 4.412000e-03 3.325360e-01
250 6.621640e-01 4.480000e-03 3.333560e-01
251 6.613320e-01 4.552000e-03 3.341160e-01
252 6.603720e-01 4.740000e-03 3.348880e-01
253 6.596840e-01 4.668000e-03 3.356480e-01
254 6.589280e-01 4.652000e-03 3.364200e-01
255 6.581760e-01 4.584000e-03 3.372400e-01
256 6.575000e-01 4.360000e-03 3.381400e-01
257 6.566920e-01 4.536000e-03 3.387720e-01
258 6.560720e-01 4.368000e-03 3.395600e-01
259 6.553800e-01 4.232000e-03 3.403880e-01
260 6.546040e-01 4.308000e-03 3.410880e-01
261 6.539000e-01 4.168000e-03 3.419320e-01
262 6.532560e-01 4.008000e-03 3.427360e-01
263 6.524840e-01 4.032000e-03 3.434840e-01
264 6.517880e-01 3.944000e-03 3.442680e-01
265 6.510960e-01 3.988000e-03 3.449160e-01
266 6.503600e-01 4.064000e-03 3.455760e-01
267 6.496600e-01 4.040000e-03 3.463000e-01
268 6.489200e-01 4.116000e-03 3.469640e-01
269 6.481800e-01 4.136000e-03 3.476840e-01
270 6.474840e-01 4.112000e-03 3.484040e-01
271 6.467560e-01 4.128000e-03 3.491160e-01
272 6.460600e-01 4.088000e-03 3.498520e-01
273 6.452840e-01 4.224000e-03 3.504920e-01
274 6.445720e-01 4.088000e-03 3.513400e-01
275 6.438960e-01 4.044000e-03 3.520600e-01
276 6.431480e-01 4.048000e-03 3.528040e-01
277 6.425080e-01 3.956000e-03 3.535360e-01
278 6.417320e-01 4.084000e-03 3.541840e-01
279 6.411280e-01 3.964000e-03 3.549080e-01
280 6.404680e-01 3.896000e-03 3.556360e-01
281 6.398360e-01 3.844000e-03 3.563200e-01
282 6.390480e-01 3.936000e-03 3.570160e-01
283 6.383200e-01 4.032000e-03 3.576480e-01
284 6.376240e-01 4.004000e-03 3.583720e-01
285 6.368120e-01 4.208000e-03 3.589800e-01
286 6.360720e-01 4.164000e-03 3.597640e-01
287 6.353800e-01 4.176000e-03 3.604440e-01
288 6.347360e-01 4.088000e-03 3.611760e-01
289 6.341240e-01 4.072000e-03 3.618040e-01
290 6.333840e-01 4.136000e-03 3.624800e-01
291 6.326600e-01 4.080000e-03 3.632600e-01
292 6.319840e-01 4.108000e-03 3.639080e-01
293 6.313720e-01 3.984000e-03 3.646440e-01
294 6.307520e-01 3.880000e-03 3.653680e-01
295 6.300640e-01 3.880000e-03 3.660560e-01
296 6.294600e-01 3.876000e-03 3.666640e-01
297 6.287960e-01 3.948000e-03 3.672560e-01
298 6.281640e-01 3.932000e-03 3.679040e-01
299 6.275600e-01 3.776000e-03 3.686640e-01
300 6.270000e-01 3.804000e-03 3.691960e-01
301 6.263920e-01 3.756000e-03 3.698520e-01
302 6.257800e-01 3.760000e-03 3.704600e-01
303 6.252520e-01 3.680000e-03 3.710680e-01
304 6.246680e-01 3.700000e-03 3.716320e-01
305 6.241640e-01 3.568000e-03 3.722680e-01
306 6.236240e-01 3.628000e-03 3.727480e-01
307 6.231080e-01 3.572000e-03 3.733200e-01
308 6.225680e-01 3.468000e-03 3.739640e-01
309 6.219640e-01 3.508000e-03 3.745280e-01
310 6.214360e-01 3.496000e-03 3.750680e-01
311 6.209400e-01 3.484000e-03 3.755760e-01
312 6.204080e-01 3.404000e-03 3.761880e-01
313 6.198600e-01 3.320000e-03 3.768200e-01
314 6.193800e-01 3.212000e-03 3.774080e-01
315 6.189360e-01 3.048000e-03 3.780160e-01
316 6.185080e-01 3.016000e-03 3.784760e-01
317 6.179800e-01 3.040000e-03 3.789800e-01
318 6.175200e-01 2.980000e-03 3.795000e-01
319 6.170320e-01 2.956000e-03 3.800120e-01
320 6.165600e-01 2.936000e-03 3.805040e-01
321 6.160720e-01 2.908000e-03 3.810200e-01
322 6.156280e-01 2.760000e-03 3.816120e-01
323 6.151360e-01 2.788000e-03 3.820760e-01
324 6.146280e-01 2.800000e-03 3.825720e-01
325 6.141760e-01 2.792000e-03 3.830320e-01
326 6.136680e-01 2.776000e-03 3.835560e-01
327 6.131840e-01 2.724000e-03 3.840920e-01
328 6.127160e-01 2.752000e-03 3.845320e-01
329 6.122560e-01 2.696000e-03 3.850480e-01
330 6.117160e-01 2.644000e-03 3.856400e-01
331 6.113200e-01 2.620000e-03 3.860600e-01
332 6.108840e-01 2.660000e-03 3.864560e-01
333 6.104120e-01 2.648000e-03 3.869400e-01
334 6.099440e-01 2.716000e-03 3.873400e-01
335 6.095080e-01 2.724000e-03 3.877680e-01
336 6.091040e-01 2.728000e-03 3.881680e-01
337 6.086360e-01 2.636000e-03 3.887280e-01
338 6.082200e-01 2.600000e-03 3.891800e-01
339 6.078040e-01 2.564000e-03 3.896320e-01
340 6.074920e-01 2.472000e-03 3.900360e-01
341 6.070760e-01 2.468000e-03 3.904560e-01
342 6.067560e-01 2.384000e-03 3.908600e-01
343 6.062680e-01 2.468000e-03 3.912640e-01
344 6.058640e-01 2.412000e-03 3.917240e-01
345 6.054720e-01 2.468000e-03 3.920600e-01
346 6.051440e-01 2.400000e-03 3.924560e-01
347 6.047560e-01 2.400000e-03 3.928440e-01
348 6.044120e-01 2.296000e-03 3.932920e-01
349 6.040120e-01 2.300000e-03 3.936880e-01
350 6.037080e-01 2.184000e-03 3.941080e-01
351 6.033840e-01 2.152000e-03 3.944640e-01
352 6.030760e-01 2.028000e-03 3.948960e-01
353 6.027880e-01 1.944000e-03 3.952680e-01
354 6.024360e-01 1.960000e-03 3.956040e-01
355 6.021320e-01 1.960000e-03 3.959080e-01
356 6.018600e-01 1.888000e-03 3.962520e-01
357 6.015600e-01 1.820000e-03 3.966200e-01
358 6.013320e-01 1.704000e-03 3.969640e-01
359 6.010680e-01 1.652000e-03 3.972800e-01
360 6.007200e-01 1.676000e-03 3.976040e-01
361 6.004480e-01 1.672000e-03 3.978800e-01
362 6.001320e-01 1.712000e-03 3.981560e-01
363 5.998320e-01 1.732000e-03 3.984360e-01
364 5.996160e-01 1.724000e-03 3.986600e-01
365 5.993640e-01 1.692000e-03 3.989440e-01
366 5.990840e-01 1.688000e-03 3.992280e-01
367 5.987760e-01 1.720000e-03 3.995040e-01
368 5.985480e-01 1.700000e-03 3.997520e-01
369 5.983120e-01 1.612000e-03 4.000760e-01
370 5.980440e-01 1.624000e-03 4.003320e-01
371 5.978000e-01 1.624000e-03 4.005760e-01
372 5.975440e-01 1.672000e-03 4.007840e-01
373 5.972760e-01 1.640000e-03 4.010840e-01
374 5.970760e-01 1.556000e-03 4.013680e-01
375 5.967800e-01 1.540000e-03 4.016800e-01
376 5.964520e-01 1.596000e-03 4.019520e-01
377 5.962600e-01 1.544000e-03 4.021960e-01
378 5.960400e-01 1.444000e-03 4.025160e-01
379 5.958440e-01 1.388000e-03 4.027680e-01
380 5.956720e-01 1.352000e-03 4.029760e-01
381 5.955320e-01 1.236000e-03 4.032320e-01
382 5.953840e-01 1.140000e-03 4.034760e-01
383 5.952440e-01 1.052000e-03 4.037040e-01
384 5.950720e-01 9.960000e-04 4.039320e-01
385 5.949160e-01 9.680000e-04 4.041160e-01
386 5.947560e-01 9.360000e-04 4.043080e-01
387 5.946000e-01 8.720000e-04 4.045280e-01
388 5.944440e-01 8.640000e-04 4.046920e-01
389 5.943200e-01 8.360000e-04 4.048440e-01
390 5.941120e-01 8.920000e-04 4.049960e-01
391 5.939160e-01 9.080000e-04 4.051760e-01
392 5.937600e-01 8.600000e-04 4.053800e-01
393 5.936200e-01 8.720000e-04 4.055080e-01
394 5.935080e-01 8.120000e-04 4.056800e-01
395 5.933240e-01 8.160000e-04 4.058600e-01
396 5.932080e-01 7.840000e-04 4.060080e-01
397 5.930760e-01 7.840000e-04 4.061400e-01
398 5.929480e-01 7.800000e-04 4.062720e-01
399 5.928160e-01 7.920000e-04 4.063920e-01
400 5.927280e-01 7.360000e-04 4.065360e-01
401 5.925800e-01 7.680000e-04 4.066520e-01
402 5.924320e-01 7.480000e-04 4.068200e-01
403 5.922800e-01 7.560000e-04 4.069640e-01
404 5.921400e-01 7.520000e-04 4.071080e-01
405 5.920360e-01 7.240000e-04 4.072400e-01
406 5.919440e-01 7.280000e-04 4.073280e-01
407 5.918440e-01 6.960000e-04 4.074600e-01
408 5.917040e-01 7.280000e-04 4.075680e-01
409 5.915760e-01 7.320000e-04 4.076920e-01
410 5.914520e-01 7.560000e-04 4.077920e-01
411 5.912960e-01 8.080000e-04 4.078960e-01
412 5.911560e-01 8.360000e-04 4.080080e-01
413 5.910480e-01 8.080000e-04 4.081440e-01
414 5.909280e-01 7.840000e-04 4.082880e-01
415 5.908160e-01 7.480000e-04 4.084360e-01
416 5.906920e-01 7.240000e-04 4.085840e-01
417 5.905280e-01 7.920000e-04 4.086800e-01
418 5.904120e-01 7.600000e-04 4.088280e-01
419 5.902280e-01 8.120000e-04 4.089600e-01
420 5.900480e-01 8.600000e-04 4.090920e-01
421 5.898760e-01 8.640000e-04 4.092600e-01
422 5.897440e-01 8.040000e-04 4.094520e-01
423 5.896280e-01 8.160000e-04 4.095560e-01
424 5.894320e-01 8.720000e-04 4.096960e-01
425 5.892760e-01 8.640000e-04 4.098600e-01
426 5.890760e-01 9.120000e-04 4.100120e-01
427 5.889560e-01 8.480000e-04 4.101960e-01
428 5.888280e-01 8.240000e-04 4.103480e-01
429 5.886800e-01 8.400000e-04 4.104800e-01
430 5.885480e-01 8.360000e-04 4.106160e-01
431 5.883600e-01 9.040000e-04 4.107360e-01
432 5.882280e-01 8.440000e-04 4.109280e-01
433 5.881080e-01 8.240000e-04 4.110680e-01
434 5.879200e-01 8.680000e-04 4.112120e-01
435 5.877760e-01 8.520000e-04 4.113720e-01
436 5.876600e-01 8.400000e-04 4.115000e-01
437 5.875240e-01 8.480000e-04 4.116280e-01
438 5.873920e-01 8.440000e-04 4.117640e-01
439 5.872480e-01 8.280000e-04 4.119240e-01
440 5.871000e-01 8.400000e-04 4.120600e-01
441 5.869720e-01 8.000000e-04 4.122280e-01
442 5.868480e-01 7.880000e-04 4.123640e-01
443 5.867760e-01 7.520000e-04 4.124720e-01
444 5.866720e-01 7.040000e-04 4.126240e-01
445 5.865800e-01 6.840000e-04 4.127360e-01
446 5.864880e-01 6.280000e-04 4.128840e-01
447 5.863880e-01 6.120000e-04 4.130000e-01
448 5.862920e-01 6.160000e-04 4.130920e-01
449 5.862160e-01 6.040000e-04 4.131800e-01
450 5.861400e-01 5.560000e-04 4.133040e-01
451 5.860520e-01 5.240000e-04 4.134240e-01
452 5.859960e-01 4.600000e-04 4.135440e-01
453 5.858760e-01 4.760000e-04 4.136480e-01
454 5.857360e-01 5.520000e-04 4.137120e-01
455 5.855920e-01 5.800000e-04 4.138280e-01
456 5.854440e-01 6.320000e-04 4.139240e-01
457 5.853040e-01 6.400000e-04 4.140560e-01
458 5.851880e-01 6.440000e-04 4.141680e-01
459 5.849960e-01 7.240000e-04 4.142800e-01
460 5.848360e-01 7.080000e-04 4.144560e-01
461 5.847480e-01 6.600000e-04 4.145920e-01
462 5.846400e-01 6.560000e-04 4.147040e-01
463 5.845160e-01 6.600000e-04 4.148240e-01
464 5.843840e-01 6.480000e-04 4.149680e-01
465 5.842360e-01 7.120000e-04 4.150520e-01
466 5.841240e-01 7.200000e-04 4.151560e-01
467 5.839400e-01 7.440000e-04 4.153160e-01
468 5.838320e-01 7.000000e-04 4.154680e-01
469 5.837040e-01 6.960000e-04 4.156000e-01
470 5.836160e-01 6.400000e-04 4.157440e-01
471 5.835200e-01 6.440000e-04 4.158360e-01
472 5.834360e-01 6.240000e-04 4.159400e-01
473 5.833520e-01 5.960000e-04 4.160520e-01
474 5.832360e-01 5.880000e-04 4.161760e-01
475 5.831080e-01 6.200000e-04 4.162720e-01
476 5.829960e-01 5.920000e-04 4.164120e-01
477 5.828600e-01 6.080000e-04 4.165320e-01
478 5.827520e-01 6.280000e-04 4.166200e-01
479 5.826120e-01 6.600000e-04 4.167280e-01
480 5.825000e-01 6.520000e-04 4.168480e-01
481 5.824280e-01 5.800000e-04 4.169920e-01
482 5.822800e-01 6.360000e-04 4.170840e-01
483 5.822000e-01 5.720000e-04 4.172280e-01
484 5.821320e-01 5.400000e-04 4.173280e-01
485 5.820240e-01 5.760000e-04 4.174000e-01
486 5.819480e-01 5.200000e-04 4.175320e-01
487 5.818680e-01 5.040000e-04 4.176280e-01
488 5.818160e-01 4.680000e-04 4.177160e-01
489 5.817640e-01 4.320000e-04 4.178040e-01
490 5.816880e-01 4.440000e-04 4.178680e-01
491 5.816080e-01 4.600000e-04 4.179320e-01
492 5.815760e-01 4.120000e-04 4.180120e-01
493 5.814920e-01 4.240000e-04 4.180840e-01
494 5.814280e-01 4.040000e-04 4.181680e-01
495 5.813680e-01 3.960000e-04 4.182360e-01
496 5.812800e-01 4.080000e-04 4.183120e-01
497 5.811960e-01 3.920000e-04 4.184120e-01
498 5.811160e-01 4.040000e-04 4.184800e-01
499 5.810400e-01 3.880000e-04 4.185720e-01
500 5.809520e-01 3.880000e-04 4.186600e-01
