1 9.992560e-01 6.600000e-04 8.400000e-05
2 9.987680e-01 1.004000e-03 2.280000e-04
3 9.980320e-01 1.524000e-03 4.440000e-04
4 9.972480e-01 1.976000e-03 7.760000e-04
5 9.964200e-01 2.388000e-03 1.192000e-03
6 9.956800e-01 2.628000e-03 1.692000e-03
7 9.948920e-01 2.932000e-03 2.176000e-03
8 9.940560e-01 3.212000e-03 2.732000e-03
9 9.930440e-01 3.696000e-03 3.260000e-03
10 9.920040e-01 4.060000e-03 3.936000e-03
11 9.908960e-01 4.464000e-03 4.640000e-03
12 9.897520e-01 4.944000e-03 5.304000e-03
13 9.885600e-01 5.084000e-03 6.356000e-03
14 9.874200e-01 5.284000e-03 7.296000e-03
15 9.862760e-01 5.460000e-03 8.264000e-03
16 9.852040e-01 5.472000e-03 9.324000e-03
17 9.841880e-01 5.552000e-03 1.026000e-02
18 9.831600e-01 5.528000e-03 1.131200e-02
19 9.819160e-01 5.748000e-03 1.233600e-02
20 9.808080e-01 5.912000e-03 1.328000e-02
21 9.794800e-01 6.216000e-03 1.430400e-02
22 9.782400e-01 6.364000e-03 1.539600e-02
23 9.768920e-01 6.624000e-03 1.648400e-02
24 9.755600e-01 6.752000e-03 1.768800e-02
25 9.742920e-01 6.780000e-03 1.892800e-02
26 9.728360e-01 7.064000e-03 2.010000e-02
27 9.714560e-01 7.224000e-03 2.132000e-02
28 9.701640e-01 7.240000e-03 2.259600e-02
29 9.687640e-01 7.452000e-03 2.378400e-02
30 9.671760e-01 7.684000e-03 2.514000e-02
31 9.655960e-01 7.996000e-03 2.640800e-02
32 9.639920e-01 8.232000e-03 2.777600e-02
33 9.625360e-01 8.384000e-03 2.908000e-02
34 9.611920e-01 8.220000e-03 3.058800e-02
35 9.596680e-01 8.248000e-03 3.208400e-02
36 9.581000e-01 8.272000e-03 3.362800e-02
37 9.565800e-01 8.336000e-03 3.508400e-02
38 9.552280e-01 8.048000e-03 3.672400e-02
39 9.538920e-01 7.896000e-03 3.821200e-02
40 9.526760e-01 7.592000e-03 3.973200e-02
41 9.514600e-01 7.496000e-03 4.104400e-02
42 9.501040e-01 7.472000e-03 4.242400e-02
43 9.487920e-01 7.536000e-03 4.367200e-02
44 9.473280e-01 7.652000e-03 4.502000e-02
45 9.459440e-01 7.692000e-03 4.636400e-02
46 9.446320e-01 7.728000e-03 4.764000e-02
47 9.431040e-01 7.908000e-03 4.898800e-02
48 9.416360e-01 8.004000e-03 5.036000e-02
49 9.401480e-01 8.116000e-03 5.173600e-02
50 9.385360e-01 8.228000e-03 5.323600e-02
51 9.368840e-01 8.536000e-03 5.458000e-02
52 9.351800e-01 8.720000e-03 5.610000e-02
53 9.334880e-01 8.928000e-03 5.758400e-02
54 9.318680e-01 9.028000e-03 5.910400e-02
55 9.301560e-01 9.100000e-03 6.074400e-02
56 9.284280e-01 9.148000e-03 6.242400e-02
57 9.266240e-01 9.380000e-03 6.399600e-02
58 9.248920e-01 9.432000e-03 6.567600e-02
59 9.233640e-01 9.224000e-03 6.741200e-02
60 9.218360e-01 9.200000e-03 6.896400e-02
61 9.203400e-01 9.120000e-03 7.054000e-02
62 9.187760e-01 9.028000e-03 7.219600e-02
63 9.173600e-01 8.848000e-03 7.379200e-02
64 9.156920e-01 8.972000e-03 7.533600e-02
65 9.140640e-01 8.996000e-03 7.694000e-02
66 9.125000e-01 8.964000e-03 7.853600e-02
67 9.109760e-01 9.004000e-03 8.002000e-02
68 9.093440e-01 9.064000e-03 8.159200e-02
69 9.077480e-01 9.064000e-03 8.318800e-02
70 9.061200e-01 9.000000e-03 8.488000e-02
71 9.044760e-01 9.100000e-03 8.642400e-02
72 9.027080e-01 9.248000e-03 8.804400e-02
73 9.010120e-01 9.292000e-03 8.969600e-02
74 8.992760e-01 9.380000e-03 9.134400e-02
75 8.974040e-01 9.540000e-03 9.305600e-02
76 8.955200e-01 9.780000e-03 9.470000e-02
77 8.939840e-01 9.688000e-03 9.632800e-02
78 8.921560e-01 9.808000e-03 9.803600e-02
79 8.904600e-01 9.720000e-03 9.982000e-02
80 8.887360e-01 9.716000e-03 1.015480e-01
81 8.867840e-01 9.964000e-03 1.032520e-01
82 8.850640e-01 9.968000e-03 1.049680e-01
83 8.832160e-01 1.006000e-02 1.067240e-01
84 8.815120e-01 9.888000e-03 1.086000e-01
85 8.798440e-01 9.876000e-03 1.102800e-01
86 8.781200e-01 9.860000e-03 1.120200e-01
87 8.764640e-01 9.716000e-03 1.138200e-01
88 8.749200e-01 9.528000e-03 1.155520e-01
89 8.732840e-01 9.452000e-03 1.172640e-01
90 8.714840e-01 9.604000e-03 1.189120e-01
91 8.698360e-01 9.484000e-03 1.206800e-01
92 8.683280e-01 9.224000e-03 1.224480e-01
93 8.666920e-01 9.340000e-03 1.239680e-01
94 8.652520e-01 9.188000e-03 1.255600e-01
95 8.636720e-01 9.284000e-03 1.270440e-01
96 8.621400e-01 9.264000e-03 1.285960e-01
97 8.604440e-01 9.396000e-03 1.301600e-01
98 8.586960e-01 9.556000e-03 1.317480e-01
99 8.571800e-01 9.316000e-03 1.335040e-01
100 8.554560e-01 9.468000e-03 1.350760e-01
101 8.538320e-01 9.464000e-03 1.367040e-01
102 8.521760e-01 9.460000e-03 1.383640e-01
103 8.505000e-01 9.548000e-03 1.399520e-01
104 8.489360e-01 9.480000e-03 1.415840e-01
105 8.472640e-01 9.508000e-03 1.432280e-01
106 8.455400e-01 9.572000e-03 1.448880e-01
107 8.437360e-01 9.860000e-03 1.464040e-01
108 8.418720e-01 1.001600e-02 1.481120e-01
109 8.401280e-01 1.005600e-02 1.498160e-01
110 8.382160e-01 1.016400e-02 1.516200e-01
111 8.364200e-01 1.028800e-02 1.532920e-01
112 8.344440e-01 1.047600e-02 1.550800e-01
113 8.326120e-01 1.052800e-02 1.568600e-01
114 8.307120e-01 1.060400e-02 1.586840e-01
115 8.286320e-01 1.080800e-02 1.605600e-01
116 8.265600e-01 1.108000e-02 1.623600e-01
117 8.243960e-01 1.132800e-02 1.642760e-01
118 8.224560e-01 1.132800e-02 1.662160e-01
119 8.204120e-01 1.142000e-02 1.681680e-01
120 8.183720e-01 1.160800e-02 1.700200e-01
121 8.164760e-01 1.138400e-02 1.721400e-01
122 8.144680e-01 1.138800e-02 1.741440e-01
123 8.124880e-01 1.130800e-02 1.762040e-01
124 8.107800e-01 1.104400e-02 1.781760e-01
125 8.090080e-01 1.100000e-02 1.799920e-01
126 8.071840e-01 1.090000e-02 1.819160e-01
127 8.054000e-01 1.080400e-02 1.837960e-01
128 8.035720e-01 1.066800e-02 1.857600e-01
129 8.017400e-01 1.059600e-02 1.876640e-01
130 7.997720e-01 1.074800e-02 1.894800e-01
131 7.978680e-01 1.068800e-02 1.914440e-01
132 7.960240e-01 1.064000e-02 1.933360e-01
133 7.942600e-01 1.056400e-02 1.951760e-01
134 7.924360e-01 1.056400e-02 1.970000e-01
135 7.905840e-01 1.053600e-02 1.988800e-01
136 7.888200e-01 1.047200e-02 2.007080e-01
137 7.871040e-01 1.038800e-02 2.025080e-01
138 7.855200e-01 1.007600e-02 2.044040e-01
139 7.839000e-01 1.001600e-02 2.060840e-01
140 7.822080e-01 9.932000e-03 2.078600e-01
141 7.804600e-01 9.888000e-03 2.096520e-01
142 7.788000e-01 9.748000e-03 2.114520e-01
143 7.773280e-01 9.404000e-03 2.132680e-01
144 7.757960e-01 9.284000e-03 2.149200e-01
145 7.742920e-01 9.076000e-03 2.166320e-01
146 7.726880e-01 9.124000e-03 2.181880e-01
147 7.710800e-01 9.120000e-03 2.198000e-01
148 7.695240e-01 9.108000e-03 2.213680e-01
149 7.680040e-01 9.012000e-03 2.229840e-01
150 7.665360e-01 8.912000e-03 2.245520e-01
151 7.651280e-01 8.768000e-03 2.261040e-01
152 7.637960e-01 8.484000e-03 2.277200e-01
153 7.623880e-01 8.508000e-03 2.291040e-01
154 7.609800e-01 8.460000e-03 2.305600e-01
155 7.594720e-01 8.560000e-03 2.319680e-01
156 7.582280e-01 8.188000e-03 2.335840e-01
157 7.567880e-01 8.268000e-03 2.349440e-01
158 7.552200e-01 8.368000e-03 2.364120e-01
159 7.536680e-01 8.400000e-03 2.379320e-01
160 7.521400e-01 8.432000e-03 2.394280e-01
161 7.506440e-01 8.380000e-03 2.409760e-01
162 7.493360e-01 8.248000e-03 2.424160e-01
163 7.478880e-01 8.308000e-03 2.438040e-01
164 7.464520e-01 8.224000e-03 2.453240e-01
165 7.451160e-01 8.100000e-03 2.467840e-01
166 7.437400e-01 8.176000e-03 2.480840e-01
167 7.423440e-01 8.148000e-03 2.495080e-01
168 7.409600e-01 8.044000e-03 2.509960e-01
169 7.396880e-01 7.748000e-03 2.525640e-01
170 7.382880e-01 7.784000e-03 2.539280e-01
171 7.370840e-01 7.592000e-03 2.553240e-01
172 7.358320e-01 7.488000e-03 2.566800e-01
173 7.345240e-01 7.520000e-03 2.579560e-01
174 7.332280e-01 7.388000e-03 2.593840e-01
175 7.318240e-01 7.612000e-03 2.605640e-01
176 7.304640e-01 7.656000e-03 2.618800e-01
177 7.291800e-01 7.656000e-03 2.631640e-01
178 7.278760e-01 7.496000e-03 2.646280e-01
179 7.266280e-01 7.516000e-03 2.658560e-01
180 7.253640e-01 7.592000e-03 2.670440e-01
181 7.241360e-01 7.672000e-03 2.681920e-01
182 7.227240e-01 7.812000e-03 2.694640e-01
183 7.213840e-01 7.780000e-03 2.708360e-01
184 7.201880e-01 7.724000e-03 2.720880e-01
185 7.190640e-01 7.424000e-03 2.735120e-01
186 7.177920e-01 7.436000e-03 2.747720e-01
187 7.165960e-01 7.320000e-03 2.760840e-01
188 7.153240e-01 7.376000e-03 2.773000e-01
189 7.142080e-01 7.204000e-03 2.785880e-01
190 7.131200e-01 7.160000e-03 2.797200e-01
191 7.119560e-01 7.104000e-03 2.809400e-01
192 7.107920e-01 6.972000e-03 2.822360e-01
193 7.095840e-01 7.024000e-03 2.833920e-01
194 7.083920e-01 7.040000e-03 2.845680e-01
195 7.072920e-01 6.960000e-03 2.857480e-01
196 7.062960e-01 6.736000e-03 2.869680e-01
197 7.053320e-01 6.476000e-03 2.881920e-01
198 7.042840e-01 6.424000e-03 2.892920e-01
199 7.032240e-01 6.388000e-03 2.903880e-01
200 7.021800e-01 6.276000e-03 2.915440e-01
201 7.011200e-01 6.248000e-03 2.926320e-01
202 7.000920e-01 6.204000e-03 2.937040e-01
203 6.990280e-01 6.144000e-03 2.948280e-01
204 6.980800e-01 6.036000e-03 2.958840e-01
205 6.970560e-01 6.076000e-03 2.968680e-01
206 6.960360e-01 6.048000e-03 2.979160e-01
207 6.950880e-01 5.896000e-03 2.990160e-01
208 6.942000e-01 5.832000e-03 2.999680e-01
209 6.933360e-01 5.736000e-03 3.009280e-01
210 6.924120e-01 5.600000e-03 3.019880e-01
211 6.915200e-01 5.504000e-03 3.029760e-01
212 6.908400e-01 5.164000e-03 3.039960e-01
213 6.900840e-01 4.896000e-03 3.050200e-01
214 6.894640e-01 4.592000e-03 3.059440e-01
215 6.887200e-01 4.524000e-03 3.067560e-01
216 6.879160e-01 4.464000e-03 3.076200e-01
217 6.871520e-01 4.476000e-03 3.083720e-01
218 6.864480e-01 4.376000e-03 3.091760e-01
219 6.857360e-01 4.340000e-03 3.099240e-01
220 6.850520e-01 4.344000e-03 3.106040e-01
221 6.844000e-01 4.200000e-03 3.114000e-01
222 6.837280e-01 4.204000e-03 3.120680e-01
223 6.830200e-01 4.220000e-03 3.127600e-01
224 6.822800e-01 4.264000e-03 3.134560e-01
225 6.815800e-01 4.308000e-03 3.141120e-01
226 6.807800e-01 4.380000e-03 3.148400e-01
227 6.800360e-01 4.456000e-03 3.155080e-01
228 6.792240e-01 4.520000e-03 3.162560e-01
229 6.784960e-01 4.252000e-03 3.172520e-01
230 6.778240e-01 4.120000e-03 3.180560e-01
231 6.771480e-01 4.120000e-03 3.187320e-01
232 6.764720e-01 4.176000e-03 3.193520e-01
233 6.758040e-01 4.136000e-03 3.200600e-01
234 6.751280e-01 4.024000e-03 3.208480e-01
235 6.743960e-01 4.148000e-03 3.214560e-01
236 6.737200e-01 4.240000e-03 3.220400e-01
237 6.730280e-01 4.268000e-03 3.227040e-01
238 6.723800e-01 4.136000e-03 3.234840e-01
239 6.718160e-01 4.000000e-03 3.241840e-01
240 6.711520e-01 3.944000e-03 3.249040e-01
241 6.706080e-01 3.844000e-03 3.255480e-01
242 6.700000e-01 3.732000e-03 3.262680e-01
243 6.694080e-01 3.656000e-03 3.269360e-01
244 6.688200e-01 3.584000e-03 3.275960e-01
245 6.682360e-01 3.548000e-03 3.282160e-01
246 6.676280e-01 3.440000e-03 3.289320e-01
247 6.670160e-01 3.460000e-03 3.295240e-01
248 6.664880e-01 3.368000e-03 3.301440e-01
249 6.659040e-01 3.320000e-03 3.307760e-01
250 6.653160e-01 3.296000e-03 3.313880e-01
251 6.648440e-01 3.148000e-03 3.320080e-01
252 6.643160e-01 3.020000e-03 3.326640e-01
253 6.637400e-01 3.064000e-03 3.331960e-01
254 6.632720e-01 2.952000e-03 3.337760e-01
255 6.628320e-01 2.748000e-03 3.344200e-01
256 6.623800e-01 2.640000e-03 3.349800e-01
257 6.620040e-01 2.516000e-03 3.354800e-01
258 6.615800e-01 2.504000e-03 3.359160e-01
259 6.612160e-01 2.392000e-03 3.363920e-01
260 6.608160e-01 2.380000e-03 3.368040e-01
261 6.604040e-01 2.344000e-03 3.372520e-01
262 6.600640e-01 2.288000e-03 3.376480e-01
263 6.597080e-01 2.244000e-03 3.380480e-01
264 6.592920e-01 2.248000e-03 3.384600e-01
265 6.589600e-01 2.188000e-03 3.388520e-01
266 6.585960e-01 2.188000e-03 3.392160e-01
267 6.582800e-01 2.088000e-03 3.396320e-01
268 6.579400e-01 2.064000e-03 3.399960e-01
269 6.575280e-01 2.184000e-03 3.402880e-01
270 6.571160e-01 2.244000e-03 3.406400e-01
271 6.567720e-01 2.164000e-03 3.410640e-01
272 6.564440e-01 2.104000e-03 3.414520e-01
273 6.562080e-01 2.012000e-03 3.417800e-01
274 6.558800e-01 1.976000e-03 3.421440e-01
275 6.556000e-01 1.936000e-03 3.424640e-01
276 6.552560e-01 1.888000e-03 3.428560e-01
277 6.548600e-01 2.028000e-03 3.431120e-01
278 6.545840e-01 1.996000e-03 3.434200e-01
279 6.542600e-01 1.908000e-03 3.438320e-01
280 6.539520e-01 1.896000e-03 3.441520e-01
281 6.535960e-01 1.880000e-03 3.445240e-01
282 6.532560e-01 1.848000e-03 3.448960e-01
283 6.530000e-01 1.772000e-03 3.452280e-01
284 6.526680e-01 1.792000e-03 3.455400e-01
285 6.522280e-01 1.908000e-03 3.458640e-01
286 6.518680e-01 1.900000e-03 3.462320e-01
287 6.514480e-01 1.932000e-03 3.466200e-01
288 6.510520e-01 2.008000e-03 3.469400e-01
289 6.506480e-01 2.044000e-03 3.473080e-01
290 6.502800e-01 2.032000e-03 3.476880e-01
291 6.499160e-01 2.036000e-03 3.480480e-01
292 6.495960e-01 1.968000e-03 3.484360e-01
293 6.491440e-01 2.056000e-03 3.488000e-01
294 6.488360e-01 2.020000e-03 3.491440e-01
295 6.485480e-01 1.984000e-03 3.494680e-01
296 6.482120e-01 2.004000e-03 3.497840e-01
297 6.478880e-01 2.024000e-03 3.500880e-01
298 6.475400e-01 2.012000e-03 3.504480e-01
299 6.471800e-01 1.992000e-03 3.508280e-01
300 6.467800e-01 2.020000e-03 3.512000e-01
301 6.464040e-01 2.096000e-03 3.515000e-01
302 6.460840e-01 2.056000e-03 3.518600e-01
303 6.457480e-01 2.012000e-03 3.522400e-01
304 6.453760e-01 2.032000e-03 3.525920e-01
305 6.450480e-01 2.000000e-03 3.529520e-01
306 6.447760e-01 1.944000e-03 3.532800e-01
307 6.444200e-01 1.908000e-03 3.536720e-01
308 6.440920e-01 1.880000e-03 3.540280e-01
309 6.437520e-01 1.932000e-03 3.543160e-01
310 6.433920e-01 1.940000e-03 3.546680e-01
311 6.430880e-01 1.916000e-03 3.549960e-01
312 6.427360e-01 1.920000e-03 3.553440e-01
313 6.424480e-01 1.836000e-03 3.557160e-01
314 6.422640e-01 1.772000e-03 3.559640e-01
315 6.420520e-01 1.652000e-03 3.562960e-01
316 6.418120e-01 1.608000e-03 3.565800e-01
317 6.415160e-01 1.588000e-03 3.568960e-01
318 6.412560e-01 1.560000e-03 3.571840e-01
319 6.409840e-01 1.564000e-03 3.574520e-01
320 6.407480e-01 1.480000e-03 3.577720e-01
321 6.405640e-01 1.364000e-03 3.580720e-01
322 6.403920e-01 1.348000e-03 3.582600e-01
323 6.402120e-01 1.264000e-03 3.585240e-01
324 6.400240e-01 1.216000e-03 3.587600e-01
325 6.398600e-01 1.176000e-03 3.589640e-01
326 6.396640e-01 1.200000e-03 3.591360e-01
327 6.395000e-01 1.152000e-03 3.593480e-01
328 6.393200e-01 1.120000e-03 3.595600e-01
329 6.391440e-01 1.132000e-03 3.597240e-01
330 6.389480e-01 1.088000e-03 3.599640e-01
331 6.386960e-01 1.124000e-03 3.601800e-01
332 6.385000e-01 1.148000e-03 3.603520e-01
333 6.383520e-01 1.136000e-03 3.605120e-01
334 6.381480e-01 1.108000e-03 3.607440e-01
335 6.379760e-01 1.092000e-03 3.609320e-01
336 6.377840e-01 1.120000e-03 3.610960e-01
337 6.375560e-01 1.112000e-03 3.613320e-01
338 6.373840e-01 1.092000e-03 3.615240e-01
339 6.371240e-01 1.184000e-03 3.616920e-01
340 6.369400e-01 1.152000e-03 3.619080e-01
341 6.367360e-01 1.128000e-03 3.621360e-01
342 6.365800e-01 1.072000e-03 3.623480e-01
343 6.364040e-01 1.044000e-03 3.625520e-01
344 6.362360e-01 1.016000e-03 3.627480e-01
345 6.360240e-01 1.044000e-03 3.629320e-01
346 6.358280e-01 1.072000e-03 3.631000e-01
347 6.356520e-01 1.068000e-03 3.632800e-01
348 6.355040e-01 1.044000e-03 3.634520e-01
349 6.353440e-01 1.020000e-03 3.636360e-01
350 6.352120e-01 9.520000e-04 3.638360e-01
351 6.350480e-01 9.920000e-04 3.639600e-01
352 6.349120e-01 9.560000e-04 3.641320e-01
353 6.347120e-01 1.000000e-03 3.642880e-01
354 6.345560e-01 1.004000e-03 3.644400e-01
355 6.343760e-01 9.720000e-04 3.646520e-01
356 6.341960e-01 9.840000e-04 3.648200e-01
357 6.340640e-01 9.240000e-04 3.650120e-01
358 6.338880e-01 9.680000e-04 3.651440e-01
359 6.337000e-01 1.028000e-03 3.652720e-01
360 6.335320e-01 9.480000e-04 3.655200e-01
361 6.334000e-01 9.200000e-04 3.656800e-01
362 6.332200e-01 9.560000e-04 3.658240e-01
363 6.330000e-01 9.960000e-04 3.660040e-01
364 6.328280e-01 9.800000e-04 3.661920e-01
365 6.326160e-01 1.020000e-03 3.663640e-01
366 6.324160e-01 1.028000e-03 3.665560e-01
367 6.322080e-01 1.100000e-03 3.666920e-01
368 6.320320e-01 1.068000e-03 3.669000e-01
369 6.318000e-01 1.096000e-03 3.671040e-01
370 6.315960e-01 1.080000e-03 3.673240e-01
371 6.314520e-01 1.052000e-03 3.674960e-01
372 6.312560e-01 1.052000e-03 3.676920e-01
373 6.310880e-01 1.104000e-03 3.678080e-01
374 6.308760e-01 1.084000e-03 3.680400e-01
375 6.307120e-01 1.080000e-03 3.682080e-01
376 6.304720e-01 1.160000e-03 3.683680e-01
377 6.302520e-01 1.192000e-03 3.685560e-01
378 6.300480e-01 1.164000e-03 3.687880e-01
379 6.298920e-01 1.124000e-03 3.689840e-01
380 6.297040e-01 1.112000e-03 3.691840e-01
381 6.295760e-01 1.080000e-03 3.693440e-01
382 6.294360e-01 1.044000e-03 3.695200e-01
383 6.292640e-01 1.052000e-03 3.696840e-01
384 6.290720e-01 1.040000e-03 3.698880e-01
385 6.288720e-01 1.092000e-03 3.700360e-01
386 6.287440e-01 1.048000e-03 3.702080e-01
387 6.285920e-01 9.800000e-04 3.704280e-01
388 6.284400e-01 9.680000e-04 3.705920e-01
389 6.283360e-01 9.080000e-04 3.707560e-01
390 6.282080e-01 8.840000e-04 3.709080e-01
391 6.281040e-01 8.240000e-04 3.710720e-01
392 6.279440e-01 8.480000e-04 3.712080e-01
393 6.278400e-01 8.160000e-04 3.713440e-01
394 6.277000e-01 8.040000e-04 3.714960e-01
395 6.276360e-01 7.480000e-04 3.716160e-01
396 6.274840e-01 7.840000e-04 3.717320e-01
397 6.273320e-01 8.480000e-04 3.718200e-01
398 6.271360e-01 8.880000e-04 3.719760e-01
399 6.269280e-01 9.760000e-04 3.720960e-01
400 6.268000e-01 8.960000e-04 3.723040e-01
401 6.266920e-01 8.960000e-04 3.724120e-01
402 6.265360e-01 9.080000e-04 3.725560e-01
403 6.263800e-01 8.920000e-04 3.727280e-01
404 6.262320e-01 8.600000e-04 3.729080e-01
405 6.261360e-01 8.120000e-04 3.730520e-01
406 6.260320e-01 7.640000e-04 3.732040e-01
407 6.259600e-01 6.920000e-04 3.733480e-01
408 6.258760e-01 6.560000e-04 3.734680e-01
409 6.257600e-01 6.560000e-04 3.735840e-01
410 6.256600e-01 6.200000e-04 3.737200e-01
411 6.255320e-01 6.320000e-04 3.738360e-01
412 6.254280e-01 6.600000e-04 3.739120e-01
413 6.253000e-01 6.920000e-04 3.740080e-01
414 6.251760e-01 7.240000e-04 3.741000e-01
415 6.250520e-01 7.320000e-04 3.742160e-01
416 6.249680e-01 6.680000e-04 3.743640e-01
417 6.248880e-01 6.400000e-04 3.744720e-01
418 6.247720e-01 6.680000e-04 3.745600e-01
419 6.246760e-01 6.520000e-04 3.746720e-01
420 6.246000e-01 5.960000e-04 3.748040e-01
421 6.244920e-01 6.080000e-04 3.749000e-01
422 6.243560e-01 6.480000e-04 3.749960e-01
423 6.242560e-01 6.400000e-04 3.751040e-01
424 6.241880e-01 6.000000e-04 3.752120e-01
425 6.240720e-01 6.200000e-04 3.753080e-01
426 6.239960e-01 5.960000e-04 3.754080e-01
427 6.239080e-01 6.120000e-04 3.754800e-01
428 6.237720e-01 6.200000e-04 3.756080e-01
429 6.236680e-01 5.800000e-04 3.757520e-01
430 6.236160e-01 4.840000e-04 3.759000e-01
431 6.235600e-01 4.400000e-04 3.760000e-01
432 6.234920e-01 4.240000e-04 3.760840e-01
433 6.234360e-01 3.880000e-04 3.761760e-01
434 6.234000e-01 3.520000e-04 3.762480e-01
435 6.233400e-01 3.120000e-04 3.763480e-01
436 6.233160e-01 2.520000e-04 3.764320e-01
437 6.232520e-01 2.680000e-04 3.764800e-01
438 6.232040e-01 2.520000e-04 3.765440e-01
439 6.231520e-01 2.760000e-04 3.765720e-01
440 6.231080e-01 2.680000e-04 3.766240e-01
441 6.230520e-01 2.720000e-04 3.766760e-01
442 6.229840e-01 3.080000e-04 3.767080e-01
443 6.229320e-01 2.880000e-04 3.767800e-01
444 6.228440e-01 3.360000e-04 3.768200e-01
445 6.227760e-01 3.240000e-04 3.769000e-01
446 6.227200e-01 3.200000e-04 3.769600e-01
447 6.226680e-01 3.240000e-04 3.770080e-01
448 6.226200e-01 2.960000e-04 3.770840e-01
449 6.225920e-01 2.680000e-04 3.771400e-01
450 6.225600e-01 2.440000e-04 3.771960e-01
451 6.225520e-01 2.160000e-04 3.772320e-01
452 6.225320e-01 2.040000e-04 3.772640e-01
453 6.224960e-01 1.960000e-04 3.773080e-01
454 6.224520e-01 2.160000e-04 3.773320e-01
455 6.223840e-01 2.480000e-04 3.773680e-01
456 6.223400e-01 2.320000e-04 3.774280e-01
457 6.223080e-01 2.320000e-04 3.774600e-01
458 6.222640e-01 2.520000e-04 3.774840e-01
459 6.222280e-01 2.240000e-04 3.775480e-01
460 6.221840e-01 2.360000e-04 3.775800e-01
461 6.221640e-01 2.240000e-04 3.776120e-01
462 6.221120e-01 2.440000e-04 3.776440e-01
463 6.220560e-01 2.360000e-04 3.777080e-01
464 6.220200e-01 2.200000e-04 3.777600e-01
465 6.220040e-01 2.000000e-04 3.777960e-01
466 6.219840e-01 1.840000e-04 3.778320e-01
467 6.219640e-01 1.800000e-04 3.778560e-01
468 6.219400e-01 1.720000e-04 3.778880e-01
469 6.219080e-01 1.640000e-04 3.779280e-01
470 6.218880e-01 1.440000e-04 3.779680e-01
471 6.218600e-01 1.360000e-04 3.780040e-01
472 6.218400e-01 1.160000e-04 3.780440e-01
473 6.218160e-01 1.320000e-04 3.780520e-01
474 6.217960e-01 1.240000e-04 3.780800e-01
475 6.217880e-01 1.120000e-04 3.781000e-01
476 6.217640e-01 1.160000e-04 3.781200e-01
477 6.217560e-01 1.080000e-04 3.781360e-01
478 6.217360e-01 1.040000e-04 3.781600e-01
479 6.217360e-01 9.200000e-05 3.781720e-01
480 6.217320e-01 8.800000e-05 3.781800e-01
481 6.217280e-01 8.800000e-05 3.781840e-01
482 6.217200e-01 8.800000e-05 3.781920e-01
483 6.216920e-01 1.000000e-04 3.782080e-01
484 6.216640e-01 1.120000e-04 3.782240e-01
485 6.216600e-01 9.200000e-05 3.782480e-01
486 6.216560e-01 6.400000e-05 3.782800e-01
487 6.216440e-01 6.400000e-05 3.782920e-01
488 6.216280e-01 6.000000e-05 3.783120e-01
489 6.216160e-01 7.200000e-05 3.783120e-01
490 6.216040e-01 7.200000e-05 3.783240e-01
491 6.215800e-01 9.200000e-05 3.783280e-01
492 6.215480e-01 1.000000e-04 3.783520e-01
493 6.215200e-01 1.200000e-04 3.783600e-01
494 6.214920e-01 1.240000e-04 3.783840e-01
495 6.214760e-01 1.240000e-04 3.784000e-01
496 6.214520e-01 1.280000e-04 3.784200e-01
497 6.214120e-01 1.440000e-04 3.784440e-01
498 6.213800e-01 1.480000e-04 3.784720e-01
499 6.213560e-01 1.360000e-04 3.785080e-01
500 6.213520e-01 1.160000e-04 3.785320e-01
