1 9.991800e-01 7.440000e-04 7.600000e-05
2 9.986400e-01 1.116000e-03 2.440000e-04
3 9.979000e-01 1.640000e-03 4.600000e-04
4 9.969080e-01 2.304000e-03 7.880000e-04
5 9.959640e-01 2.776000e-03 1.260000e-03
6 9.949280e-01 3.384000e-03 1.688000e-03
7 9.936400e-01 4.040000e-03 2.320000e-03
8 9.924000e-01 4.544000e-03 3.056000e-03
9 9.911800e-01 4.848000e-03 3.972000e-03
10 9.899280e-01 5.208000e-03 4.864000e-03
11 9.886400e-01 5.560000e-03 5.800000e-03
12 9.872440e-01 5.964000e-03 6.792000e-03
13 9.859080e-01 6.284000e-03 7.808000e-03
14 9.845880e-01 6.428000e-03 8.984000e-03
15 9.831440e-01 6.732000e-03 1.012400e-02
16 9.818720e-01 6.816000e-03 1.131200e-02
17 9.806200e-01 6.840000e-03 1.254000e-02
18 9.792080e-01 7.040000e-03 1.375200e-02
19 9.777720e-01 7.164000e-03 1.506400e-02
20 9.763000e-01 7.348000e-03 1.635200e-02
21 9.746640e-01 7.804000e-03 1.753200e-02
22 9.731440e-01 7.952000e-03 1.890400e-02
23 9.715080e-01 8.180000e-03 2.031200e-02
24 9.698120e-01 8.484000e-03 2.170400e-02
25 9.679440e-01 8.792000e-03 2.326400e-02
26 9.661080e-01 9.128000e-03 2.476400e-02
27 9.642880e-01 9.272000e-03 2.644000e-02
28 9.626600e-01 9.180000e-03 2.816000e-02
29 9.609920e-01 9.196000e-03 2.981200e-02
30 9.593200e-01 9.292000e-03 3.138800e-02
31 9.577600e-01 9.312000e-03 3.292800e-02
32 9.560960e-01 9.324000e-03 3.458000e-02
33 9.543880e-01 9.304000e-03 3.630800e-02
34 9.526720e-01 9.464000e-03 3.786400e-02
35 9.508520e-01 9.616000e-03 3.953200e-02
36 9.489120e-01 9.884000e-03 4.120400e-02
37 9.470280e-01 9.972000e-03 4.300000e-02
38 9.451360e-01 1.000800e-02 4.485600e-02
39 9.434520e-01 9.844000e-03 4.670400e-02
40 9.416840e-01 9.972000e-03 4.834400e-02
41 9.399200e-01 9.956000e-03 5.012400e-02
42 9.382520e-01 9.844000e-03 5.190400e-02
43 9.365480e-01 9.720000e-03 5.373200e-02
44 9.348360e-01 9.636000e-03 5.552800e-02
45 9.331440e-01 9.636000e-03 5.722000e-02
46 9.315760e-01 9.476000e-03 5.894800e-02
47 9.298440e-01 9.572000e-03 6.058400e-02
48 9.280480e-01 9.592000e-03 6.236000e-02
49 9.263160e-01 9.572000e-03 6.411200e-02
50 9.246240e-01 9.576000e-03 6.580000e-02
51 9.230080e-01 9.540000e-03 6.745200e-02
52 9.212200e-01 9.672000e-03 6.910800e-02
53 9.193040e-01 9.940000e-03 7.075600e-02
54 9.175560e-01 9.740000e-03 7.270400e-02
55 9.158280e-01 9.788000e-03 7.438400e-02
56 9.139560e-01 1.001200e-02 7.603200e-02
57 9.121960e-01 1.010800e-02 7.769600e-02
58 9.104560e-01 1.010000e-02 7.944400e-02
59 9.083760e-01 1.045200e-02 8.117200e-02
60 9.062400e-01 1.076800e-02 8.299200e-02
61 9.043360e-01 1.060400e-02 8.506000e-02
62 9.026640e-01 1.042400e-02 8.691200e-02
63 9.007680e-01 1.049600e-02 8.873600e-02
64 8.988920e-01 1.054000e-02 9.056800e-02
65 8.968920e-01 1.077200e-02 9.233600e-02
66 8.949440e-01 1.081600e-02 9.424000e-02
67 8.930080e-01 1.084000e-02 9.615200e-02
68 8.911440e-01 1.087200e-02 9.798400e-02
69 8.891160e-01 1.097600e-02 9.990800e-02
70 8.870720e-01 1.115200e-02 1.017760e-01
71 8.851880e-01 1.100000e-02 1.038120e-01
72 8.832360e-01 1.095600e-02 1.058080e-01
73 8.814080e-01 1.088800e-02 1.077040e-01
74 8.796040e-01 1.066000e-02 1.097360e-01
75 8.778560e-01 1.066400e-02 1.114800e-01
76 8.759760e-01 1.072000e-02 1.133040e-01
77 8.742320e-01 1.066000e-02 1.151080e-01
78 8.724880e-01 1.062000e-02 1.168920e-01
79 8.704720e-01 1.066000e-02 1.188680e-01
80 8.685560e-01 1.086800e-02 1.205760e-01
81 8.666200e-01 1.093200e-02 1.224480e-01
82 8.647920e-01 1.100800e-02 1.242000e-01
83 8.630120e-01 1.072800e-02 1.262600e-01
84 8.611840e-01 1.072800e-02 1.280880e-01
85 8.593960e-01 1.063200e-02 1.299720e-01
86 8.578440e-01 1.038400e-02 1.317720e-01
87 8.561560e-01 1.017200e-02 1.336720e-01
88 8.546120e-01 1.004800e-02 1.353400e-01
89 8.529320e-01 1.006400e-02 1.370040e-01
90 8.513840e-01 9.908000e-03 1.387080e-01
91 8.498840e-01 9.764000e-03 1.403520e-01
92 8.481560e-01 9.764000e-03 1.420800e-01
93 8.466080e-01 9.464000e-03 1.439280e-01
94 8.450920e-01 9.376000e-03 1.455320e-01
95 8.436600e-01 9.140000e-03 1.472000e-01
96 8.420600e-01 9.184000e-03 1.487560e-01
97 8.405320e-01 9.008000e-03 1.504600e-01
98 8.390800e-01 8.756000e-03 1.521640e-01
99 8.375960e-01 8.756000e-03 1.536480e-01
100 8.360040e-01 8.740000e-03 1.552560e-01
101 8.343240e-01 8.848000e-03 1.568280e-01
102 8.327960e-01 8.888000e-03 1.583160e-01
103 8.312800e-01 8.860000e-03 1.598600e-01
104 8.298120e-01 8.780000e-03 1.614080e-01
105 8.283360e-01 8.784000e-03 1.628800e-01
106 8.268400e-01 8.820000e-03 1.643400e-01
107 8.253280e-01 8.700000e-03 1.659720e-01
108 8.239160e-01 8.628000e-03 1.674560e-01
109 8.224560e-01 8.592000e-03 1.689520e-01
110 8.209880e-01 8.532000e-03 1.704800e-01
111 8.195920e-01 8.300000e-03 1.721080e-01
112 8.180680e-01 8.432000e-03 1.735000e-01
113 8.165160e-01 8.548000e-03 1.749360e-01
114 8.149480e-01 8.608000e-03 1.764440e-01
115 8.135760e-01 8.568000e-03 1.778560e-01
116 8.122360e-01 8.372000e-03 1.793920e-01
117 8.109360e-01 8.224000e-03 1.808400e-01
118 8.095600e-01 8.152000e-03 1.822880e-01
119 8.083440e-01 7.932000e-03 1.837240e-01
120 8.070080e-01 7.972000e-03 1.850200e-01
121 8.057640e-01 7.836000e-03 1.864000e-01
122 8.045840e-01 7.644000e-03 1.877720e-01
123 8.033400e-01 7.660000e-03 1.890000e-01
124 8.021680e-01 7.528000e-03 1.903040e-01
125 8.008520e-01 7.524000e-03 1.916240e-01
126 7.996760e-01 7.388000e-03 1.929360e-01
127 7.984160e-01 7.432000e-03 1.941520e-01
128 7.972360e-01 7.260000e-03 1.955040e-01
129 7.960680e-01 7.112000e-03 1.968200e-01
130 7.949360e-01 6.992000e-03 1.980720e-01
131 7.937720e-01 7.072000e-03 1.991560e-01
132 7.925880e-01 6.968000e-03 2.004440e-01
133 7.914040e-01 6.908000e-03 2.016880e-01
134 7.900520e-01 7.172000e-03 2.027760e-01
135 7.888920e-01 7.064000e-03 2.040440e-01
136 7.875360e-01 7.232000e-03 2.052320e-01
137 7.862880e-01 7.276000e-03 2.064360e-01
138 7.850240e-01 7.312000e-03 2.076640e-01
139 7.838040e-01 7.360000e-03 2.088360e-01
140 7.825800e-01 7.368000e-03 2.100520e-01
141 7.814120e-01 7.148000e-03 2.114400e-01
142 7.803560e-01 6.820000e-03 2.128240e-01
143 7.794200e-01 6.444000e-03 2.141360e-01
144 7.783280e-01 6.412000e-03 2.152600e-01
145 7.772320e-01 6.468000e-03 2.163000e-01
146 7.761040e-01 6.476000e-03 2.174200e-01
147 7.750480e-01 6.440000e-03 2.185120e-01
148 7.739520e-01 6.508000e-03 2.195400e-01
149 7.729120e-01 6.372000e-03 2.207160e-01
150 7.717880e-01 6.388000e-03 2.218240e-01
151 7.707640e-01 6.384000e-03 2.228520e-01
152 7.697720e-01 6.164000e-03 2.240640e-01
153 7.688040e-01 6.188000e-03 2.250080e-01
154 7.676520e-01 6.340000e-03 2.260080e-01
155 7.665560e-01 6.328000e-03 2.271160e-01
156 7.655960e-01 6.240000e-03 2.281640e-01
157 7.645000e-01 6.308000e-03 2.291920e-01
158 7.635560e-01 6.308000e-03 2.301360e-01
159 7.625040e-01 6.260000e-03 2.312360e-01
160 7.614720e-01 6.124000e-03 2.324040e-01
161 7.605160e-01 6.000000e-03 2.334840e-01
162 7.595760e-01 5.944000e-03 2.344800e-01
163 7.585760e-01 5.888000e-03 2.355360e-01
164 7.575520e-01 5.892000e-03 2.365560e-01
165 7.566080e-01 5.824000e-03 2.375680e-01
166 7.556520e-01 5.772000e-03 2.385760e-01
167 7.547040e-01 5.744000e-03 2.395520e-01
168 7.537360e-01 5.648000e-03 2.406160e-01
169 7.527600e-01 5.636000e-03 2.416040e-01
170 7.518640e-01 5.576000e-03 2.425600e-01
171 7.510920e-01 5.300000e-03 2.436080e-01
172 7.501760e-01 5.356000e-03 2.444680e-01
173 7.491280e-01 5.540000e-03 2.453320e-01
174 7.482920e-01 5.428000e-03 2.462800e-01
175 7.473080e-01 5.400000e-03 2.472920e-01
176 7.465080e-01 5.240000e-03 2.482520e-01
177 7.456480e-01 5.236000e-03 2.491160e-01
178 7.447600e-01 5.084000e-03 2.501560e-01
179 7.438600e-01 5.128000e-03 2.510120e-01
180 7.430040e-01 5.084000e-03 2.519120e-01
181 7.422800e-01 5.012000e-03 2.527080e-01
182 7.414120e-01 5.080000e-03 2.535080e-01
183 7.404280e-01 5.216000e-03 2.543560e-01
184 7.395840e-01 5.136000e-03 2.552800e-01
185 7.387080e-01 5.200000e-03 2.560920e-01
186 7.377200e-01 5.224000e-03 2.570560e-01
187 7.367600e-01 5.252000e-03 2.579880e-01
188 7.358440e-01 5.252000e-03 2.589040e-01
189 7.348160e-01 5.452000e-03 2.597320e-01
190 7.338640e-01 5.520000e-03 2.606160e-01
191 7.329080e-01 5.488000e-03 2.616040e-01
192 7.320720e-01 5.384000e-03 2.625440e-01
193 7.311160e-01 5.488000e-03 2.633960e-01
194 7.301760e-01 5.492000e-03 2.643320e-01
195 7.293960e-01 5.304000e-03 2.653000e-01
196 7.284960e-01 5.232000e-03 2.662720e-01
197 7.277560e-01 5.020000e-03 2.672240e-01
198 7.269120e-01 5.032000e-03 2.680560e-01
199 7.260960e-01 4.952000e-03 2.689520e-01
200 7.253840e-01 4.808000e-03 2.698080e-01
201 7.245720e-01 4.752000e-03 2.706760e-01
202 7.238480e-01 4.624000e-03 2.715280e-01
203 7.230320e-01 4.544000e-03 2.724240e-01
204 7.222480e-01 4.636000e-03 2.731160e-01
205 7.215680e-01 4.512000e-03 2.739200e-01
206 7.209080e-01 4.324000e-03 2.747680e-01
207 7.203000e-01 4.132000e-03 2.755680e-01
208 7.196160e-01 4.180000e-03 2.762040e-01
209 7.189240e-01 4.160000e-03 2.769160e-01
210 7.182520e-01 4.084000e-03 2.776640e-01
211 7.176080e-01 4.036000e-03 2.783560e-01
212 7.169520e-01 3.944000e-03 2.791040e-01
213 7.162480e-01 4.012000e-03 2.797400e-01
214 7.155600e-01 4.028000e-03 2.804120e-01
215 7.148440e-01 4.036000e-03 2.811200e-01
216 7.141800e-01 4.004000e-03 2.818160e-01
217 7.134560e-01 4.044000e-03 2.825000e-01
218 7.128320e-01 4.048000e-03 2.831200e-01
219 7.119640e-01 4.236000e-03 2.838000e-01
220 7.112120e-01 4.188000e-03 2.846000e-01
221 7.105120e-01 4.116000e-03 2.853720e-01
222 7.098520e-01 3.976000e-03 2.861720e-01
223 7.092160e-01 3.936000e-03 2.868480e-01
224 7.085320e-01 3.896000e-03 2.875720e-01
225 7.079200e-01 3.872000e-03 2.882080e-01
226 7.073280e-01 3.848000e-03 2.888240e-01
227 7.065840e-01 3.880000e-03 2.895360e-01
228 7.058920e-01 3.972000e-03 2.901360e-01
229 7.053000e-01 3.840000e-03 2.908600e-01
230 7.046400e-01 3.812000e-03 2.915480e-01
231 7.040240e-01 3.784000e-03 2.921920e-01
232 7.033080e-01 3.844000e-03 2.928480e-01
233 7.027640e-01 3.716000e-03 2.935200e-01
234 7.020400e-01 3.740000e-03 2.942200e-01
235 7.015080e-01 3.604000e-03 2.948880e-01
236 7.009160e-01 3.576000e-03 2.955080e-01
237 7.002960e-01 3.552000e-03 2.961520e-01
238 6.996480e-01 3.532000e-03 2.968200e-01
239 6.990000e-01 3.500000e-03 2.975000e-01
240 6.983520e-01 3.564000e-03 2.980840e-01
241 6.977680e-01 3.468000e-03 2.987640e-01
242 6.973080e-01 3.348000e-03 2.993440e-01
243 6.967920e-01 3.236000e-03 2.999720e-01
244 6.962400e-01 3.220000e-03 3.005400e-01
245 6.956800e-01 3.180000e-03 3.011400e-01
246 6.951360e-01 3.184000e-03 3.016800e-01
247 6.945280e-01 3.224000e-03 3.022480e-01
248 6.940080e-01 3.148000e-03 3.028440e-01
249 6.935000e-01 3.068000e-03 3.034320e-01
250 6.931280e-01 2.896000e-03 3.039760e-01
251 6.926840e-01 2.940000e-03 3.043760e-01
252 6.921520e-01 2.920000e-03 3.049280e-01
253 6.916920e-01 2.856000e-03 3.054520e-01
254 6.911880e-01 2.768000e-03 3.060440e-01
255 6.907280e-01 2.688000e-03 3.065840e-01
256 6.902240e-01 2.744000e-03 3.070320e-01
257 6.896880e-01 2.852000e-03 3.074600e-01
258 6.892160e-01 2.696000e-03 3.080880e-01
259 6.888480e-01 2.632000e-03 3.085200e-01
260 6.883720e-01 2.620000e-03 3.090080e-01
261 6.878840e-01 2.640000e-03 3.094760e-01
262 6.874120e-01 2.664000e-03 3.099240e-01
263 6.869480e-01 2.680000e-03 3.103720e-01
264 6.864880e-01 2.636000e-03 3.108760e-01
265 6.860880e-01 2.604000e-03 3.113080e-01
266 6.857120e-01 2.440000e-03 3.118480e-01
267 6.853040e-01 2.404000e-03 3.122920e-01
268 6.849520e-01 2.352000e-03 3.126960e-01
269 6.845200e-01 2.396000e-03 3.130840e-01
270 6.840880e-01 2.464000e-03 3.134480e-01
271 6.836080e-01 2.572000e-03 3.138200e-01
272 6.831040e-01 2.668000e-03 3.142280e-01
273 6.825920e-01 2.672000e-03 3.147360e-01
274 6.821440e-01 2.636000e-03 3.152200e-01
275 6.815640e-01 2.844000e-03 3.155920e-01
276 6.810640e-01 2.872000e-03 3.160640e-01
277 6.806200e-01 2.760000e-03 3.166200e-01
278 6.801200e-01 2.728000e-03 3.171520e-01
279 6.797000e-01 2.652000e-03 3.176480e-01
280 6.792040e-01 2.688000e-03 3.181080e-01
281 6.788200e-01 2.584000e-03 3.185960e-01
282 6.784160e-01 2.496000e-03 3.190880e-01
283 6.779760e-01 2.420000e-03 3.196040e-01
284 6.775320e-01 2.352000e-03 3.201160e-01
285 6.771800e-01 2.232000e-03 3.205880e-01
286 6.767480e-01 2.288000e-03 3.209640e-01
287 6.763560e-01 2.312000e-03 3.213320e-01
288 6.759640e-01 2.336000e-03 3.217000e-01
289 6.755520e-01 2.368000e-03 3.220800e-01
290 6.751760e-01 2.320000e-03 3.225040e-01
291 6.748200e-01 2.260000e-03 3.229200e-01
292 6.744360e-01 2.276000e-03 3.232880e-01
293 6.740280e-01 2.300000e-03 3.236720e-01
294 6.736640e-01 2.320000e-03 3.240160e-01
295 6.733240e-01 2.224000e-03 3.244520e-01
296 6.728840e-01 2.240000e-03 3.248760e-01
297 6.725200e-01 2.152000e-03 3.253280e-01
298 6.721880e-01 2.084000e-03 3.257280e-01
299 6.718560e-01 2.108000e-03 3.260360e-01
300 6.714800e-01 2.100000e-03 3.264200e-01
301 6.711160e-01 2.084000e-03 3.268000e-01
302 6.706880e-01 2.168000e-03 3.271440e-01
303 6.703920e-01 2.044000e-03 3.275640e-01
304 6.700360e-01 2.028000e-03 3.279360e-01
305 6.697320e-01 2.028000e-03 3.282400e-01
306 6.694760e-01 1.948000e-03 3.285760e-01
307 6.692160e-01 1.900000e-03 3.288840e-01
308 6.689600e-01 1.776000e-03 3.292640e-01
309 6.686920e-01 1.708000e-03 3.296000e-01
310 6.685000e-01 1.644000e-03 3.298560e-01
311 6.681880e-01 1.608000e-03 3.302040e-01
312 6.679480e-01 1.544000e-03 3.305080e-01
313 6.676840e-01 1.544000e-03 3.307720e-01
314 6.674120e-01 1.576000e-03 3.310120e-01
315 6.671360e-01 1.552000e-03 3.313120e-01
316 6.668800e-01 1.460000e-03 3.316600e-01
317 6.666280e-01 1.432000e-03 3.319400e-01
318 6.663720e-01 1.408000e-03 3.322200e-01
319 6.660920e-01 1.448000e-03 3.324600e-01
320 6.657960e-01 1.528000e-03 3.326760e-01
321 6.654960e-01 1.560000e-03 3.329440e-01
322 6.651640e-01 1.624000e-03 3.332120e-01
323 6.648160e-01 1.612000e-03 3.335720e-01
324 6.645480e-01 1.544000e-03 3.339080e-01
325 6.642440e-01 1.576000e-03 3.341800e-01
326 6.640000e-01 1.564000e-03 3.344360e-01
327 6.636640e-01 1.680000e-03 3.346560e-01
328 6.633640e-01 1.680000e-03 3.349560e-01
329 6.630560e-01 1.704000e-03 3.352400e-01
330 6.627320e-01 1.736000e-03 3.355320e-01
331 6.623800e-01 1.800000e-03 3.358200e-01
332 6.621240e-01 1.764000e-03 3.361120e-01
333 6.618080e-01 1.796000e-03 3.363960e-01
334 6.615760e-01 1.668000e-03 3.367560e-01
335 6.612760e-01 1.704000e-03 3.370200e-01
336 6.610440e-01 1.644000e-03 3.373120e-01
337 6.607720e-01 1.700000e-03 3.375280e-01
338 6.604080e-01 1.696000e-03 3.378960e-01
339 6.602000e-01 1.616000e-03 3.381840e-01
340 6.598840e-01 1.664000e-03 3.384520e-01
341 6.595760e-01 1.704000e-03 3.387200e-01
342 6.593320e-01 1.604000e-03 3.390640e-01
343 6.591080e-01 1.492000e-03 3.394000e-01
344 6.588760e-01 1.432000e-03 3.396920e-01
345 6.585800e-01 1.456000e-03 3.399640e-01
346 6.582720e-01 1.476000e-03 3.402520e-01
347 6.579840e-01 1.428000e-03 3.405880e-01
348 6.577120e-01 1.456000e-03 3.408320e-01
349 6.574960e-01 1.356000e-03 3.411480e-01
350 6.572400e-01 1.376000e-03 3.413840e-01
351 6.569560e-01 1.436000e-03 3.416080e-01
352 6.566440e-01 1.476000e-03 3.418800e-01
353 6.564200e-01 1.436000e-03 3.421440e-01
354 6.562320e-01 1.396000e-03 3.423720e-01
355 6.559920e-01 1.416000e-03 3.425920e-01
356 6.557360e-01 1.468000e-03 3.427960e-01
357 6.555040e-01 1.384000e-03 3.431120e-01
358 6.552880e-01 1.380000e-03 3.433320e-01
359 6.550560e-01 1.360000e-03 3.435840e-01
360 6.547560e-01 1.456000e-03 3.437880e-01
361 6.545280e-01 1.476000e-03 3.439960e-01
362 6.543160e-01 1.444000e-03 3.442400e-01
363 6.540440e-01 1.456000e-03 3.445000e-01
364 6.537960e-01 1.404000e-03 3.448000e-01
365 6.535600e-01 1.376000e-03 3.450640e-01
366 6.533520e-01 1.388000e-03 3.452600e-01
367 6.532280e-01 1.276000e-03 3.454960e-01
368 6.529920e-01 1.300000e-03 3.457080e-01
369 6.527800e-01 1.280000e-03 3.459400e-01
370 6.525400e-01 1.288000e-03 3.461720e-01
371 6.523320e-01 1.244000e-03 3.464240e-01
372 6.521160e-01 1.272000e-03 3.466120e-01
373 6.518640e-01 1.264000e-03 3.468720e-01
374 6.516520e-01 1.232000e-03 3.471160e-01
375 6.514600e-01 1.220000e-03 3.473200e-01
376 6.512600e-01 1.168000e-03 3.475720e-01
377 6.510600e-01 1.140000e-03 3.478000e-01
378 6.508520e-01 1.168000e-03 3.479800e-01
379 6.506800e-01 1.104000e-03 3.482160e-01
380 6.505200e-01 1.092000e-03 3.483880e-01
381 6.503440e-01 1.076000e-03 3.485800e-01
382 6.501240e-01 1.068000e-03 3.488080e-01
383 6.499720e-01 9.880000e-04 3.490400e-01
384 6.498040e-01 1.012000e-03 3.491840e-01
385 6.496760e-01 9.760000e-04 3.493480e-01
386 6.495360e-01 9.520000e-04 3.495120e-01
387 6.493880e-01 9.320000e-04 3.496800e-01
388 6.491640e-01 9.320000e-04 3.499040e-01
389 6.490360e-01 9.240000e-04 3.500400e-01
390 6.488280e-01 9.640000e-04 3.502080e-01
391 6.486720e-01 9.720000e-04 3.503560e-01
392 6.484920e-01 1.000000e-03 3.505080e-01
393 6.483040e-01 9.880000e-04 3.507080e-01
394 6.482000e-01 9.040000e-04 3.508960e-01
395 6.480760e-01 8.760000e-04 3.510480e-01
396 6.479240e-01 8.960000e-04 3.511800e-01
397 6.477320e-01 9.600000e-04 3.513080e-01
398 6.475760e-01 9.560000e-04 3.514680e-01
399 6.474400e-01 9.320000e-04 3.516280e-01
400 6.473240e-01 8.760000e-04 3.518000e-01
401 6.472200e-01 8.600000e-04 3.519200e-01
402 6.470960e-01 8.240000e-04 3.520800e-01
403 6.469920e-01 7.320000e-04 3.522760e-01
404 6.468680e-01 7.440000e-04 3.523880e-01
405 6.467640e-01 7.400000e-04 3.524960e-01
406 6.466160e-01 7.640000e-04 3.526200e-01
407 6.464880e-01 7.880000e-04 3.527240e-01
408 6.463400e-01 8.040000e-04 3.528560e-01
409 6.462320e-01 7.880000e-04 3.529800e-01
410 6.460640e-01 8.240000e-04 3.531120e-01
411 6.459720e-01 7.560000e-04 3.532720e-01
412 6.458360e-01 7.360000e-04 3.534280e-01
413 6.457160e-01 7.080000e-04 3.535760e-01
414 6.455960e-01 6.960000e-04 3.537080e-01
415 6.454920e-01 6.800000e-04 3.538280e-01
416 6.454040e-01 6.520000e-04 3.539440e-01
417 6.453080e-01 6.160000e-04 3.540760e-01
418 6.452120e-01 6.320000e-04 3.541560e-01
419 6.450800e-01 6.440000e-04 3.542760e-01
420 6.449800e-01 6.160000e-04 3.544040e-01
421 6.448960e-01 5.800000e-04 3.545240e-01
422 6.448080e-01 5.680000e-04 3.546240e-01
423 6.447080e-01 5.680000e-04 3.547240e-01
424 6.446320e-01 5.480000e-04 3.548200e-01
425 6.445080e-01 5.760000e-04 3.549160e-01
426 6.444160e-01 5.480000e-04 3.550360e-01
427 6.443320e-01 5.600000e-04 3.551080e-01
428 6.441680e-01 6.200000e-04 3.552120e-01
429 6.440520e-01 6.480000e-04 3.553000e-01
430 6.439200e-01 6.760000e-04 3.554040e-01
431 6.438080e-01 6.720000e-04 3.555200e-01
432 6.436240e-01 7.360000e-04 3.556400e-01
433 6.434840e-01 7.680000e-04 3.557480e-01
434 6.433360e-01 7.840000e-04 3.558800e-01
435 6.432080e-01 7.400000e-04 3.560520e-01
436 6.430760e-01 7.640000e-04 3.561600e-01
437 6.429760e-01 7.400000e-04 3.562840e-01
438 6.427920e-01 8.080000e-04 3.564000e-01
439 6.426760e-01 7.920000e-04 3.565320e-01
440 6.425560e-01 8.160000e-04 3.566280e-01
441 6.424080e-01 8.320000e-04 3.567600e-01
442 6.422760e-01 8.160000e-04 3.569080e-01
443 6.421080e-01 8.400000e-04 3.570520e-01
444 6.419160e-01 8.600000e-04 3.572240e-01
445 6.417600e-01 8.720000e-04 3.573680e-01
446 6.415640e-01 9.320000e-04 3.575040e-01
447 6.413800e-01 9.440000e-04 3.576760e-01
448 6.411960e-01 8.960000e-04 3.579080e-01
449 6.410480e-01 9.160000e-04 3.580360e-01
450 6.408320e-01 1.004000e-03 3.581640e-01
451 6.406480e-01 9.880000e-04 3.583640e-01
452 6.404480e-01 1.056000e-03 3.584960e-01
453 6.402240e-01 1.076000e-03 3.587000e-01
454 6.400160e-01 1.052000e-03 3.589320e-01
455 6.397960e-01 1.076000e-03 3.591280e-01
456 6.396040e-01 1.128000e-03 3.592680e-01
457 6.393880e-01 1.160000e-03 3.594520e-01
458 6.391440e-01 1.204000e-03 3.596520e-01
459 6.389080e-01 1.280000e-03 3.598120e-01
460 6.387160e-01 1.256000e-03 3.600280e-01
461 6.384960e-01 1.248000e-03 3.602560e-01
462 6.382760e-01 1.224000e-03 3.605000e-01
463 6.381160e-01 1.200000e-03 3.606840e-01
464 6.379560e-01 1.108000e-03 3.609360e-01
465 6.377640e-01 1.144000e-03 3.610920e-01
466 6.376200e-01 1.100000e-03 3.612800e-01
467 6.374960e-01 1.020000e-03 3.614840e-01
468 6.373320e-01 9.880000e-04 3.616800e-01
469 6.372200e-01 9.280000e-04 3.618520e-01
470 6.370880e-01 9.360000e-04 3.619760e-01
471 6.369920e-01 8.760000e-04 3.621320e-01
472 6.369120e-01 8.120000e-04 3.622760e-01
473 6.368080e-01 7.720000e-04 3.624200e-01
474 6.367240e-01 7.720000e-04 3.625040e-01
475 6.366600e-01 7.200000e-04 3.626200e-01
476 6.365920e-01 6.840000e-04 3.627240e-01
477 6.365080e-01 6.640000e-04 3.628280e-01
478 6.364440e-01 6.040000e-04 3.629520e-01
479 6.363360e-01 5.800000e-04 3.630840e-01
480 6.362560e-01 5.680000e-04 3.631760e-01
481 6.361760e-01 5.480000e-04 3.632760e-01
482 6.360880e-01 5.400000e-04 3.633720e-01
483 6.360360e-01 5.320000e-04 3.634320e-01
484 6.360000e-01 4.840000e-04 3.635160e-01
485 6.359200e-01 4.840000e-04 3.635960e-01
486 6.358320e-01 4.640000e-04 3.637040e-01
487 6.357960e-01 4.160000e-04 3.637880e-01
488 6.357160e-01 4.520000e-04 3.638320e-01
489 6.356360e-01 4.560000e-04 3.639080e-01
490 6.355120e-01 4.920000e-04 3.639960e-01
491 6.354200e-01 4.960000e-04 3.640840e-01
492 6.353560e-01 4.920000e-04 3.641520e-01
493 6.352760e-01 4.880000e-04 3.642360e-01
494 6.352240e-01 4.280000e-04 3.643480e-01
495 6.351760e-01 3.920000e-04 3.644320e-01
496 6.351360e-01 3.680000e-04 3.644960e-01
497 6.350800e-01 3.640000e-04 3.645560e-01
498 6.350520e-01 3.520000e-04 3.645960e-01
499 6.350200e-01 3.080000e-04 3.646720e-01
500 6.349720e-01 3.160000e-04 3.647120e-01
