1 9.992800e-01 6.080000e-04 1.120000e-04
2 9.989040e-01 8.560000e-04 2.400000e-04
3 9.983800e-01 1.180000e-03 4.400000e-04
4 9.978640e-01 1.444000e-03 6.920000e-04
5 9.973120e-01 1.724000e-03 9.640000e-04
6 9.966440e-01 2.072000e-03 1.284000e-03
7 9.959680e-01 2.428000e-03 1.604000e-03
8 9.953520e-01 2.608000e-03 2.040000e-03
9 9.946080e-01 2.800000e-03 2.592000e-03
10 9.938080e-01 3.144000e-03 3.048000e-03
11 9.930280e-01 3.392000e-03 3.580000e-03
12 9.922080e-01 3.608000e-03 4.184000e-03
13 9.913040e-01 3.888000e-03 4.808000e-03
14 9.904440e-01 4.020000e-03 5.536000e-03
15 9.895800e-01 4.124000e-03 6.296000e-03
16 9.885520e-01 4.480000e-03 6.968000e-03
17 9.876320e-01 4.620000e-03 7.748000e-03
18 9.865520e-01 4.820000e-03 8.628000e-03
19 9.854840e-01 4.968000e-03 9.548000e-03
20 9.842960e-01 5.204000e-03 1.050000e-02
21 9.833360e-01 5.220000e-03 1.144400e-02
22 9.823240e-01 5.360000e-03 1.231600e-02
23 9.813320e-01 5.468000e-03 1.320000e-02
24 9.803160e-01 5.500000e-03 1.418400e-02
25 9.793840e-01 5.496000e-03 1.512000e-02
26 9.782760e-01 5.544000e-03 1.618000e-02
27 9.771840e-01 5.564000e-03 1.725200e-02
28 9.761440e-01 5.608000e-03 1.824800e-02
29 9.751280e-01 5.484000e-03 1.938800e-02
30 9.740200e-01 5.564000e-03 2.041600e-02
31 9.729040e-01 5.664000e-03 2.143200e-02
32 9.716520e-01 5.924000e-03 2.242400e-02
33 9.704000e-01 6.096000e-03 2.350400e-02
34 9.694000e-01 6.008000e-03 2.459200e-02
35 9.683520e-01 5.960000e-03 2.568800e-02
36 9.672120e-01 6.096000e-03 2.669200e-02
37 9.661320e-01 6.064000e-03 2.780400e-02
38 9.649240e-01 6.156000e-03 2.892000e-02
39 9.637240e-01 6.220000e-03 3.005600e-02
40 9.626000e-01 6.224000e-03 3.117600e-02
41 9.615480e-01 6.188000e-03 3.226400e-02
42 9.603680e-01 6.352000e-03 3.328000e-02
43 9.592560e-01 6.388000e-03 3.435600e-02
44 9.581240e-01 6.416000e-03 3.546000e-02
45 9.570840e-01 6.356000e-03 3.656000e-02
46 9.561160e-01 6.152000e-03 3.773200e-02
47 9.550160e-01 6.272000e-03 3.871200e-02
48 9.538160e-01 6.476000e-03 3.970800e-02
49 9.527480e-01 6.448000e-03 4.080400e-02
50 9.514720e-01 6.596000e-03 4.193200e-02
51 9.503280e-01 6.632000e-03 4.304000e-02
52 9.493080e-01 6.592000e-03 4.410000e-02
53 9.481840e-01 6.500000e-03 4.531600e-02
54 9.471000e-01 6.448000e-03 4.645200e-02
55 9.458640e-01 6.572000e-03 4.756400e-02
56 9.447080e-01 6.628000e-03 4.866400e-02
57 9.434320e-01 6.796000e-03 4.977200e-02
58 9.421800e-01 6.956000e-03 5.086400e-02
59 9.410000e-01 6.920000e-03 5.208000e-02
60 9.395960e-01 6.972000e-03 5.343200e-02
61 9.382280e-01 7.136000e-03 5.463600e-02
62 9.368280e-01 7.236000e-03 5.593600e-02
63 9.355320e-01 7.252000e-03 5.721600e-02
64 9.342360e-01 7.268000e-03 5.849600e-02
65 9.330960e-01 7.096000e-03 5.980800e-02
66 9.317840e-01 7.048000e-03 6.116800e-02
67 9.306040e-01 6.920000e-03 6.247600e-02
68 9.294200e-01 6.900000e-03 6.368000e-02
69 9.282800e-01 6.876000e-03 6.484400e-02
70 9.270360e-01 6.920000e-03 6.604400e-02
71 9.258600e-01 6.892000e-03 6.724800e-02
72 9.247200e-01 6.872000e-03 6.840800e-02
73 9.233760e-01 6.980000e-03 6.964400e-02
74 9.220000e-01 7.136000e-03 7.086400e-02
75 9.207360e-01 7.004000e-03 7.226000e-02
76 9.194880e-01 7.100000e-03 7.341200e-02
77 9.181680e-01 7.216000e-03 7.461600e-02
78 9.168680e-01 7.088000e-03 7.604400e-02
79 9.155040e-01 7.136000e-03 7.736000e-02
80 9.141440e-01 7.212000e-03 7.864400e-02
81 9.130280e-01 7.072000e-03 7.990000e-02
82 9.117640e-01 7.076000e-03 8.116000e-02
83 9.105280e-01 7.120000e-03 8.235200e-02
84 9.093160e-01 7.112000e-03 8.357200e-02
85 9.080720e-01 7.100000e-03 8.482800e-02
86 9.068480e-01 7.120000e-03 8.603200e-02
87 9.056200e-01 7.148000e-03 8.723200e-02
88 9.042360e-01 7.268000e-03 8.849600e-02
89 9.029600e-01 7.340000e-03 8.970000e-02
90 9.017280e-01 7.284000e-03 9.098800e-02
91 9.003280e-01 7.376000e-03 9.229600e-02
92 8.991960e-01 7.192000e-03 9.361200e-02
93 8.979120e-01 7.184000e-03 9.490400e-02
94 8.967120e-01 7.172000e-03 9.611600e-02
95 8.956560e-01 6.912000e-03 9.743200e-02
96 8.945800e-01 6.812000e-03 9.860800e-02
97 8.935120e-01 6.728000e-03 9.976000e-02
98 8.924680e-01 6.740000e-03 1.007920e-01
99 8.914120e-01 6.676000e-03 1.019120e-01
100 8.903120e-01 6.580000e-03 1.031080e-01
101 8.891960e-01 6.576000e-03 1.042280e-01
102 8.880680e-01 6.432000e-03 1.055000e-01
103 8.869800e-01 6.444000e-03 1.065760e-01
104 8.859000e-01 6.364000e-03 1.077360e-01
105 8.848120e-01 6.364000e-03 1.088240e-01
106 8.838600e-01 6.236000e-03 1.099040e-01
107 8.827600e-01 6.336000e-03 1.109040e-01
108 8.818120e-01 6.076000e-03 1.121120e-01
109 8.807760e-01 6.056000e-03 1.131680e-01
110 8.795520e-01 6.240000e-03 1.142080e-01
111 8.785040e-01 6.304000e-03 1.151920e-01
112 8.773600e-01 6.400000e-03 1.162400e-01
113 8.761600e-01 6.424000e-03 1.174160e-01
114 8.748960e-01 6.460000e-03 1.186440e-01
115 8.738480e-01 6.512000e-03 1.196400e-01
116 8.727840e-01 6.448000e-03 1.207680e-01
117 8.716200e-01 6.452000e-03 1.219280e-01
118 8.704480e-01 6.496000e-03 1.230560e-01
119 8.694160e-01 6.432000e-03 1.241520e-01
120 8.684400e-01 6.368000e-03 1.251920e-01
121 8.674120e-01 6.324000e-03 1.262640e-01
122 8.664480e-01 6.136000e-03 1.274160e-01
123 8.655640e-01 5.984000e-03 1.284520e-01
124 8.647520e-01 5.808000e-03 1.294400e-01
125 8.639800e-01 5.672000e-03 1.303480e-01
126 8.631080e-01 5.592000e-03 1.313000e-01
127 8.622160e-01 5.472000e-03 1.323120e-01
128 8.612600e-01 5.452000e-03 1.332880e-01
129 8.602920e-01 5.504000e-03 1.342040e-01
130 8.593880e-01 5.432000e-03 1.351800e-01
131 8.585920e-01 5.288000e-03 1.361200e-01
132 8.577120e-01 5.304000e-03 1.369840e-01
133 8.569240e-01 5.084000e-03 1.379920e-01
134 8.560280e-01 5.028000e-03 1.389440e-01
135 8.551800e-01 4.988000e-03 1.398320e-01
136 8.542440e-01 5.072000e-03 1.406840e-01
137 8.534560e-01 4.924000e-03 1.416200e-01
138 8.526120e-01 4.960000e-03 1.424280e-01
139 8.518080e-01 4.908000e-03 1.432840e-01
140 8.510240e-01 4.872000e-03 1.441040e-01
141 8.503120e-01 4.796000e-03 1.448920e-01
142 8.495000e-01 4.736000e-03 1.457640e-01
143 8.485400e-01 4.896000e-03 1.465640e-01
144 8.478840e-01 4.720000e-03 1.473960e-01
145 8.470840e-01 4.716000e-03 1.482000e-01
146 8.463520e-01 4.740000e-03 1.489080e-01
147 8.454760e-01 4.832000e-03 1.496920e-01
148 8.447080e-01 4.780000e-03 1.505120e-01
149 8.439760e-01 4.768000e-03 1.512560e-01
150 8.432920e-01 4.652000e-03 1.520560e-01
151 8.426720e-01 4.356000e-03 1.529720e-01
152 8.418920e-01 4.416000e-03 1.536920e-01
153 8.410440e-01 4.516000e-03 1.544400e-01
154 8.403120e-01 4.468000e-03 1.552200e-01
155 8.394880e-01 4.540000e-03 1.559720e-01
156 8.387320e-01 4.556000e-03 1.567120e-01
157 8.379400e-01 4.572000e-03 1.574880e-01
158 8.371720e-01 4.516000e-03 1.583120e-01
159 8.363840e-01 4.560000e-03 1.590560e-01
160 8.356440e-01 4.512000e-03 1.598440e-01
161 8.348640e-01 4.600000e-03 1.605360e-01
162 8.342040e-01 4.488000e-03 1.613080e-01
163 8.335320e-01 4.404000e-03 1.620640e-01
164 8.329320e-01 4.144000e-03 1.629240e-01
165 8.321720e-01 4.320000e-03 1.635080e-01
166 8.314720e-01 4.212000e-03 1.643160e-01
167 8.306960e-01 4.232000e-03 1.650720e-01
168 8.298840e-01 4.300000e-03 1.658160e-01
169 8.291080e-01 4.368000e-03 1.665240e-01
170 8.283360e-01 4.384000e-03 1.672800e-01
171 8.276080e-01 4.412000e-03 1.679800e-01
172 8.268640e-01 4.424000e-03 1.687120e-01
173 8.262440e-01 4.208000e-03 1.695480e-01
174 8.255880e-01 4.096000e-03 1.703160e-01
175 8.249800e-01 4.044000e-03 1.709760e-01
176 8.242600e-01 4.112000e-03 1.716280e-01
177 8.235240e-01 4.172000e-03 1.723040e-01
178 8.228440e-01 4.072000e-03 1.730840e-01
179 8.221880e-01 4.052000e-03 1.737600e-01
180 8.213320e-01 4.228000e-03 1.744400e-01
181 8.205920e-01 4.232000e-03 1.751760e-01
182 8.198080e-01 4.260000e-03 1.759320e-01
183 8.189960e-01 4.180000e-03 1.768240e-01
184 8.181920e-01 4.320000e-03 1.774880e-01
185 8.175160e-01 4.332000e-03 1.781520e-01
186 8.167840e-01 4.304000e-03 1.789120e-01
187 8.160800e-01 4.216000e-03 1.797040e-01
188 8.154760e-01 4.072000e-03 1.804520e-01
189 8.147600e-01 4.152000e-03 1.810880e-01
190 8.140160e-01 4.216000e-03 1.817680e-01
191 8.132840e-01 4.160000e-03 1.825560e-01
192 8.125920e-01 4.240000e-03 1.831680e-01
193 8.118320e-01 4.288000e-03 1.838800e-01
194 8.111360e-01 4.216000e-03 1.846480e-01
195 8.104360e-01 4.168000e-03 1.853960e-01
196 8.096880e-01 4.248000e-03 1.860640e-01
197 8.090960e-01 4.100000e-03 1.868040e-01
198 8.082160e-01 4.332000e-03 1.874520e-01
199 8.074600e-01 4.436000e-03 1.881040e-01
200 8.067120e-01 4.468000e-03 1.888200e-01
201 8.059680e-01 4.388000e-03 1.896440e-01
202 8.051400e-01 4.472000e-03 1.903880e-01
203 8.043480e-01 4.432000e-03 1.912200e-01
204 8.036040e-01 4.300000e-03 1.920960e-01
205 8.027120e-01 4.460000e-03 1.928280e-01
206 8.020400e-01 4.268000e-03 1.936920e-01
207 8.013320e-01 4.256000e-03 1.944120e-01
208 8.006800e-01 4.040000e-03 1.952800e-01
209 7.999640e-01 4.012000e-03 1.960240e-01
210 7.993120e-01 3.916000e-03 1.967720e-01
211 7.986080e-01 3.936000e-03 1.974560e-01
212 7.979680e-01 3.840000e-03 1.981920e-01
213 7.973000e-01 3.820000e-03 1.988800e-01
214 7.965840e-01 3.812000e-03 1.996040e-01
215 7.958040e-01 3.968000e-03 2.002280e-01
216 7.950480e-01 4.048000e-03 2.009040e-01
217 7.944440e-01 3.916000e-03 2.016400e-01
218 7.938640e-01 3.784000e-03 2.023520e-01
219 7.932480e-01 3.692000e-03 2.030600e-01
220 7.926160e-01 3.664000e-03 2.037200e-01
221 7.919880e-01 3.632000e-03 2.043800e-01
222 7.913880e-01 3.636000e-03 2.049760e-01
223 7.907320e-01 3.688000e-03 2.055800e-01
224 7.900840e-01 3.644000e-03 2.062720e-01
225 7.895600e-01 3.552000e-03 2.068880e-01
226 7.889800e-01 3.464000e-03 2.075560e-01
227 7.883600e-01 3.500000e-03 2.081400e-01
228 7.877720e-01 3.532000e-03 2.086960e-01
229 7.871600e-01 3.500000e-03 2.093400e-01
230 7.866160e-01 3.448000e-03 2.099360e-01
231 7.860240e-01 3.452000e-03 2.105240e-01
232 7.854080e-01 3.480000e-03 2.111120e-01
233 7.848680e-01 3.376000e-03 2.117560e-01
234 7.842360e-01 3.404000e-03 2.123600e-01
235 7.836000e-01 3.432000e-03 2.129680e-01
236 7.828800e-01 3.448000e-03 2.136720e-01
237 7.821640e-01 3.564000e-03 2.142720e-01
238 7.813840e-01 3.716000e-03 2.149000e-01
239 7.807280e-01 3.696000e-03 2.155760e-01
240 7.799640e-01 3.808000e-03 2.162280e-01
241 7.792320e-01 3.800000e-03 2.169680e-01
242 7.785680e-01 3.840000e-03 2.175920e-01
243 7.778360e-01 3.892000e-03 2.182720e-01
244 7.770080e-01 4.000000e-03 2.189920e-01
245 7.762440e-01 4.088000e-03 2.196680e-01
246 7.755320e-01 4.088000e-03 2.203800e-01
247 7.748640e-01 4.020000e-03 2.211160e-01
248 7.741720e-01 4.044000e-03 2.217840e-01
249 7.735200e-01 4.008000e-03 2.224720e-01
250 7.729520e-01 3.832000e-03 2.232160e-01
251 7.723120e-01 3.728000e-03 2.239600e-01
252 7.716960e-01 3.700000e-03 2.246040e-01
253 7.711720e-01 3.648000e-03 2.251800e-01
254 7.705080e-01 3.720000e-03 2.257720e-01
255 7.699480e-01 3.612000e-03 2.264400e-01
256 7.693560e-01 3.608000e-03 2.270360e-01
257 7.687440e-01 3.684000e-03 2.275720e-01
258 7.681120e-01 3.648000e-03 2.282400e-01
259 7.675400e-01 3.648000e-03 2.288120e-01
260 7.669800e-01 3.692000e-03 2.293280e-01
261 7.664040e-01 3.632000e-03 2.299640e-01
262 7.658560e-01 3.556000e-03 2.305880e-01
263 7.653640e-01 3.380000e-03 2.312560e-01
264 7.648640e-01 3.344000e-03 2.317920e-01
265 7.643400e-01 3.284000e-03 2.323760e-01
266 7.637840e-01 3.348000e-03 2.328680e-01
267 7.632680e-01 3.296000e-03 2.334360e-01
268 7.628120e-01 3.180000e-03 2.340080e-01
269 7.624040e-01 3.012000e-03 2.345840e-01
270 7.619080e-01 3.032000e-03 2.350600e-01
271 7.614200e-01 2.916000e-03 2.356640e-01
272 7.610160e-01 2.780000e-03 2.362040e-01
273 7.605720e-01 2.720000e-03 2.367080e-01
274 7.600440e-01 2.792000e-03 2.371640e-01
275 7.595320e-01 2.832000e-03 2.376360e-01
276 7.591120e-01 2.784000e-03 2.381040e-01
277 7.586880e-01 2.720000e-03 2.385920e-01
278 7.582080e-01 2.724000e-03 2.390680e-01
279 7.577560e-01 2.696000e-03 2.395480e-01
280 7.572720e-01 2.772000e-03 2.399560e-01
281 7.567640e-01 2.760000e-03 2.404760e-01
282 7.562480e-01 2.748000e-03 2.410040e-01
283 7.557520e-01 2.772000e-03 2.414760e-01
284 7.552480e-01 2.824000e-03 2.419280e-01
285 7.547760e-01 2.836000e-03 2.423880e-01
286 7.542880e-01 2.848000e-03 2.428640e-01
287 7.538920e-01 2.764000e-03 2.433440e-01
288 7.534400e-01 2.776000e-03 2.437840e-01
289 7.530240e-01 2.732000e-03 2.442440e-01
290 7.526480e-01 2.628000e-03 2.447240e-01
291 7.522720e-01 2.532000e-03 2.451960e-01
292 7.519200e-01 2.404000e-03 2.456760e-01
293 7.515880e-01 2.324000e-03 2.460880e-01
294 7.511320e-01 2.360000e-03 2.465080e-01
295 7.507560e-01 2.320000e-03 2.469240e-01
296 7.503520e-01 2.292000e-03 2.473560e-01
297 7.499800e-01 2.304000e-03 2.477160e-01
298 7.496400e-01 2.256000e-03 2.481040e-01
299 7.492960e-01 2.164000e-03 2.485400e-01
300 7.489840e-01 2.120000e-03 2.488960e-01
301 7.485600e-01 2.220000e-03 2.492200e-01
302 7.481800e-01 2.240000e-03 2.495800e-01
303 7.478000e-01 2.188000e-03 2.500120e-01
304 7.474640e-01 2.196000e-03 2.503400e-01
305 7.471200e-01 2.132000e-03 2.507480e-01
306 7.467840e-01 2.112000e-03 2.511040e-01
307 7.463560e-01 2.192000e-03 2.514520e-01
308 7.459320e-01 2.212000e-03 2.518560e-01
309 7.454560e-01 2.256000e-03 2.522880e-01
310 7.450360e-01 2.260000e-03 2.527040e-01
311 7.445840e-01 2.376000e-03 2.530400e-01
312 7.442040e-01 2.312000e-03 2.534840e-01
313 7.437960e-01 2.352000e-03 2.538520e-01
314 7.433640e-01 2.352000e-03 2.542840e-01
315 7.428920e-01 2.412000e-03 2.546960e-01
316 7.424840e-01 2.464000e-03 2.550520e-01
317 7.420960e-01 2.396000e-03 2.555080e-01
318 7.416600e-01 2.428000e-03 2.559120e-01
319 7.412920e-01 2.388000e-03 2.563200e-01
320 7.408520e-01 2.444000e-03 2.567040e-01
321 7.404320e-01 2.452000e-03 2.571160e-01
322 7.400400e-01 2.420000e-03 2.575400e-01
323 7.395400e-01 2.568000e-03 2.578920e-01
324 7.391120e-01 2.524000e-03 2.583640e-01
325 7.387080e-01 2.520000e-03 2.587720e-01
326 7.383480e-01 2.392000e-03 2.592600e-01
327 7.379920e-01 2.356000e-03 2.596520e-01
328 7.376440e-01 2.344000e-03 2.600120e-01
329 7.372640e-01 2.380000e-03 2.603560e-01
330 7.368200e-01 2.360000e-03 2.608200e-01
331 7.364280e-01 2.360000e-03 2.612120e-01
332 7.360280e-01 2.304000e-03 2.616680e-01
333 7.356240e-01 2.308000e-03 2.620680e-01
334 7.352520e-01 2.256000e-03 2.624920e-01
335 7.349560e-01 2.184000e-03 2.628600e-01
336 7.346080e-01 2.200000e-03 2.631920e-01
337 7.342800e-01 2.096000e-03 2.636240e-01
338 7.338720e-01 2.124000e-03 2.640040e-01
339 7.334280e-01 2.172000e-03 2.644000e-01
340 7.329800e-01 2.212000e-03 2.648080e-01
341 7.325600e-01 2.268000e-03 2.651720e-01
342 7.320720e-01 2.384000e-03 2.655440e-01
343 7.316680e-01 2.392000e-03 2.659400e-01
344 7.312520e-01 2.468000e-03 2.662800e-01
345 7.308120e-01 2.484000e-03 2.667040e-01
346 7.303640e-01 2.488000e-03 2.671480e-01
347 7.300120e-01 2.316000e-03 2.676720e-01
348 7.296880e-01 2.204000e-03 2.681080e-01
349 7.292680e-01 2.288000e-03 2.684440e-01
350 7.288640e-01 2.292000e-03 2.688440e-01
351 7.284560e-01 2.316000e-03 2.692280e-01
352 7.280120e-01 2.332000e-03 2.696560e-01
353 7.275720e-01 2.384000e-03 2.700440e-01
354 7.271640e-01 2.424000e-03 2.704120e-01
355 7.267200e-01 2.480000e-03 2.708000e-01
356 7.262680e-01 2.468000e-03 2.712640e-01
357 7.258520e-01 2.412000e-03 2.717360e-01
358 7.254560e-01 2.416000e-03 2.721280e-01
359 7.251560e-01 2.340000e-03 2.725040e-01
360 7.247480e-01 2.340000e-03 2.729120e-01
361 7.243960e-01 2.284000e-03 2.733200e-01
362 7.240480e-01 2.252000e-03 2.737000e-01
363 7.235520e-01 2.324000e-03 2.741240e-01
364 7.231160e-01 2.324000e-03 2.745600e-01
365 7.227160e-01 2.364000e-03 2.749200e-01
366 7.222680e-01 2.420000e-03 2.753120e-01
367 7.217760e-01 2.528000e-03 2.756960e-01
368 7.213080e-01 2.580000e-03 2.761120e-01
369 7.209160e-01 2.560000e-03 2.765240e-01
370 7.205600e-01 2.416000e-03 2.770240e-01
371 7.201760e-01 2.344000e-03 2.774800e-01
372 7.197640e-01 2.332000e-03 2.779040e-01
373 7.193880e-01 2.340000e-03 2.782720e-01
374 7.190280e-01 2.280000e-03 2.786920e-01
375 7.186920e-01 2.232000e-03 2.790760e-01
376 7.183600e-01 2.152000e-03 2.794880e-01
377 7.180240e-01 2.096000e-03 2.798800e-01
378 7.177200e-01 2.076000e-03 2.802040e-01
379 7.174080e-01 2.048000e-03 2.805440e-01
380 7.171000e-01 1.940000e-03 2.809600e-01
381 7.168040e-01 1.888000e-03 2.813080e-01
382 7.165080e-01 1.844000e-03 2.816480e-01
383 7.162720e-01 1.736000e-03 2.819920e-01
384 7.159960e-01 1.680000e-03 2.823240e-01
385 7.156520e-01 1.780000e-03 2.825680e-01
386 7.153440e-01 1.768000e-03 2.828880e-01
387 7.150400e-01 1.764000e-03 2.831960e-01
388 7.147640e-01 1.760000e-03 2.834760e-01
389 7.144880e-01 1.748000e-03 2.837640e-01
390 7.142360e-01 1.696000e-03 2.840680e-01
391 7.139760e-01 1.620000e-03 2.844040e-01
392 7.136520e-01 1.676000e-03 2.846720e-01
393 7.133280e-01 1.748000e-03 2.849240e-01
394 7.129600e-01 1.812000e-03 2.852280e-01
395 7.126400e-01 1.824000e-03 2.855360e-01
396 7.123320e-01 1.876000e-03 2.857920e-01
397 7.120440e-01 1.824000e-03 2.861320e-01
398 7.117520e-01 1.836000e-03 2.864120e-01
399 7.115480e-01 1.712000e-03 2.867400e-01
400 7.112680e-01 1.708000e-03 2.870240e-01
401 7.109720e-01 1.680000e-03 2.873480e-01
402 7.107240e-01 1.644000e-03 2.876320e-01
403 7.104840e-01 1.556000e-03 2.879600e-01
404 7.102200e-01 1.560000e-03 2.882200e-01
405 7.099240e-01 1.588000e-03 2.884880e-01
406 7.095520e-01 1.672000e-03 2.887760e-01
407 7.092600e-01 1.604000e-03 2.891360e-01
408 7.089160e-01 1.648000e-03 2.894360e-01
409 7.086440e-01 1.640000e-03 2.897160e-01
410 7.084120e-01 1.556000e-03 2.900320e-01
411 7.081720e-01 1.516000e-03 2.903120e-01
412 7.079080e-01 1.484000e-03 2.906080e-01
413 7.076280e-01 1.536000e-03 2.908360e-01
414 7.073840e-01 1.484000e-03 2.911320e-01
415 7.071800e-01 1.416000e-03 2.914040e-01
416 7.069920e-01 1.360000e-03 2.916480e-01
417 7.067880e-01 1.332000e-03 2.918800e-01
418 7.066520e-01 1.236000e-03 2.921120e-01
419 7.064480e-01 1.228000e-03 2.923240e-01
420 7.062440e-01 1.240000e-03 2.925160e-01
421 7.060160e-01 1.244000e-03 2.927400e-01
422 7.057640e-01 1.212000e-03 2.930240e-01
423 7.055160e-01 1.264000e-03 2.932200e-01
424 7.053160e-01 1.256000e-03 2.934280e-01
425 7.051200e-01 1.252000e-03 2.936280e-01
426 7.049400e-01 1.236000e-03 2.938240e-01
427 7.047160e-01 1.264000e-03 2.940200e-01
428 7.045080e-01 1.236000e-03 2.942560e-01
429 7.042840e-01 1.228000e-03 2.944880e-01
430 7.041440e-01 1.176000e-03 2.946800e-01
431 7.039440e-01 1.204000e-03 2.948520e-01
432 7.037800e-01 1.160000e-03 2.950600e-01
433 7.035960e-01 1.144000e-03 2.952600e-01
434 7.033800e-01 1.168000e-03 2.954520e-01
435 7.031560e-01 1.168000e-03 2.956760e-01
436 7.029680e-01 1.124000e-03 2.959080e-01
437 7.028320e-01 1.084000e-03 2.960840e-01
438 7.026640e-01 1.048000e-03 2.962880e-01
439 7.025240e-01 1.012000e-03 2.964640e-01
440 7.023400e-01 9.800000e-04 2.966800e-01
441 7.022040e-01 9.640000e-04 2.968320e-01
442 7.020160e-01 9.880000e-04 2.969960e-01
443 7.018560e-01 9.360000e-04 2.972080e-01
444 7.017000e-01 8.960000e-04 2.974040e-01
445 7.015600e-01 8.760000e-04 2.975640e-01
446 7.014200e-01 8.680000e-04 2.977120e-01
447 7.012640e-01 8.640000e-04 2.978720e-01
448 7.011480e-01 8.440000e-04 2.980080e-01
449 7.010520e-01 7.640000e-04 2.981840e-01
450 7.009360e-01 7.440000e-04 2.983200e-01
451 7.007360e-01 7.760000e-04 2.984880e-01
452 7.006040e-01 7.800000e-04 2.986160e-01
453 7.004760e-01 7.360000e-04 2.987880e-01
454 7.003240e-01 7.560000e-04 2.989200e-01
455 7.001760e-01 7.720000e-04 2.990520e-01
456 6.999720e-01 8.560000e-04 2.991720e-01
457 6.998360e-01 8.640000e-04 2.993000e-01
458 6.996640e-01 9.000000e-04 2.994360e-01
459 6.995440e-01 8.480000e-04 2.996080e-01
460 6.994240e-01 8.440000e-04 2.997320e-01
461 6.993040e-01 8.160000e-04 2.998800e-01
462 6.992200e-01 8.120000e-04 2.999680e-01
463 6.991000e-01 7.800000e-04 3.001200e-01
464 6.989320e-01 7.920000e-04 3.002760e-01
465 6.987560e-01 8.440000e-04 3.004000e-01
466 6.985760e-01 8.840000e-04 3.005400e-01
467 6.983960e-01 9.200000e-04 3.006840e-01
468 6.982520e-01 8.960000e-04 3.008520e-01
469 6.980880e-01 9.000000e-04 3.010120e-01
470 6.979600e-01 8.800000e-04 3.011600e-01
471 6.978000e-01 8.440000e-04 3.013560e-01
472 6.976400e-01 8.600000e-04 3.015000e-01
473 6.974760e-01 8.680000e-04 3.016560e-01
474 6.973360e-01 8.520000e-04 3.018120e-01
475 6.972160e-01 7.960000e-04 3.019880e-01
476 6.970720e-01 8.000000e-04 3.021280e-01
477 6.969120e-01 8.320000e-04 3.022560e-01
478 6.967600e-01 8.560000e-04 3.023840e-01
479 6.966240e-01 8.680000e-04 3.025080e-01
480 6.964480e-01 9.160000e-04 3.026360e-01
481 6.963120e-01 9.200000e-04 3.027680e-01
482 6.961840e-01 9.360000e-04 3.028800e-01
483 6.960520e-01 9.000000e-04 3.030480e-01
484 6.959200e-01 9.120000e-04 3.031680e-01
485 6.957760e-01 8.600000e-04 3.033640e-01
486 6.956280e-01 8.400000e-04 3.035320e-01
487 6.954640e-01 8.360000e-04 3.037000e-01
488 6.953560e-01 8.440000e-04 3.038000e-01
489 6.952040e-01 8.320000e-04 3.039640e-01
490 6.951200e-01 7.640000e-04 3.041160e-01
491 6.950160e-01 7.200000e-04 3.042640e-01
492 6.949640e-01 6.480000e-04 3.043880e-01
493 6.948840e-01 6.320000e-04 3.044840e-01
494 6.947800e-01 6.080000e-04 3.046120e-01
495 6.947320e-01 5.320000e-04 3.047360e-01
496 6.946280e-01 5.640000e-04 3.048080e-01
497 6.945280e-01 5.640000e-04 3.049080e-01
498 6.944040e-01 5.760000e-04 3.050200e-01
499 6.943240e-01 5.720000e-04 3.051040e-01
500 6.942480e-01 5.480000e-04 3.052040e-01
