1 9.991400e-01 7.760000e-04 8.400000e-05
2 9.986200e-01 1.144000e-03 2.360000e-04
3 9.979040e-01 1.624000e-03 4.720000e-04
4 9.971000e-01 2.120000e-03 7.800000e-04
5 9.961000e-01 2.708000e-03 1.192000e-03
6 9.951240e-01 3.232000e-03 1.644000e-03
7 9.942120e-01 3.560000e-03 2.228000e-03
8 9.931360e-01 3.840000e-03 3.024000e-03
9 9.919760e-01 4.324000e-03 3.700000e-03
10 9.907880e-01 4.748000e-03 4.464000e-03
11 9.895720e-01 5.168000e-03 5.260000e-03
12 9.885000e-01 5.332000e-03 6.168000e-03
13 9.874560e-01 5.444000e-03 7.100000e-03
14 9.862320e-01 5.688000e-03 8.080000e-03
15 9.848880e-01 6.036000e-03 9.076000e-03
16 9.836400e-01 6.132000e-03 1.022800e-02
17 9.821880e-01 6.512000e-03 1.130000e-02
18 9.806840e-01 6.748000e-03 1.256800e-02
19 9.791080e-01 7.172000e-03 1.372000e-02
20 9.776360e-01 7.364000e-03 1.500000e-02
21 9.760480e-01 7.640000e-03 1.631200e-02
22 9.744000e-01 7.988000e-03 1.761200e-02
23 9.728920e-01 8.016000e-03 1.909200e-02
24 9.711840e-01 8.272000e-03 2.054400e-02
25 9.695080e-01 8.532000e-03 2.196000e-02
26 9.679240e-01 8.652000e-03 2.342400e-02
27 9.663080e-01 8.856000e-03 2.483600e-02
28 9.645000e-01 9.160000e-03 2.634000e-02
29 9.626520e-01 9.540000e-03 2.780800e-02
30 9.608280e-01 9.772000e-03 2.940000e-02
31 9.590680e-01 9.876000e-03 3.105600e-02
32 9.573320e-01 9.772000e-03 3.289600e-02
33 9.553680e-01 9.972000e-03 3.466000e-02
34 9.534800e-01 1.017200e-02 3.634800e-02
35 9.515760e-01 1.018000e-02 3.824400e-02
36 9.496560e-01 1.046800e-02 3.987600e-02
37 9.476400e-01 1.060400e-02 4.175600e-02
38 9.457400e-01 1.053600e-02 4.372400e-02
39 9.438160e-01 1.065600e-02 4.552800e-02
40 9.419520e-01 1.061600e-02 4.743200e-02
41 9.400560e-01 1.068800e-02 4.925600e-02
42 9.382120e-01 1.062800e-02 5.116000e-02
43 9.363680e-01 1.070000e-02 5.293200e-02
44 9.344600e-01 1.065600e-02 5.488400e-02
45 9.326360e-01 1.045600e-02 5.690800e-02
46 9.308320e-01 1.052400e-02 5.864400e-02
47 9.289760e-01 1.057200e-02 6.045200e-02
48 9.271680e-01 1.054400e-02 6.228800e-02
49 9.253800e-01 1.053600e-02 6.408400e-02
50 9.236000e-01 1.044000e-02 6.596000e-02
51 9.219000e-01 1.023200e-02 6.786800e-02
52 9.201160e-01 1.033200e-02 6.955200e-02
53 9.182160e-01 1.037200e-02 7.141200e-02
54 9.163280e-01 1.058000e-02 7.309200e-02
55 9.144760e-01 1.050000e-02 7.502400e-02
56 9.127000e-01 1.050400e-02 7.679600e-02
57 9.110440e-01 1.023200e-02 7.872400e-02
58 9.093520e-01 1.009200e-02 8.055600e-02
59 9.074880e-01 1.019600e-02 8.231600e-02
60 9.056560e-01 1.020400e-02 8.414000e-02
61 9.038360e-01 1.032000e-02 8.584400e-02
62 9.020760e-01 1.030000e-02 8.762400e-02
63 9.002640e-01 1.036400e-02 8.937200e-02
64 8.984520e-01 1.038800e-02 9.116000e-02
65 8.966440e-01 1.040000e-02 9.295600e-02
66 8.948400e-01 1.044400e-02 9.471600e-02
67 8.929200e-01 1.059600e-02 9.648400e-02
68 8.910680e-01 1.054400e-02 9.838800e-02
69 8.892760e-01 1.051600e-02 1.002080e-01
70 8.874240e-01 1.042000e-02 1.021560e-01
71 8.857000e-01 1.034000e-02 1.039600e-01
72 8.840920e-01 1.019200e-02 1.057160e-01
73 8.823840e-01 1.020800e-02 1.074080e-01
74 8.808080e-01 1.004000e-02 1.091520e-01
75 8.790560e-01 1.016400e-02 1.107800e-01
76 8.776000e-01 9.728000e-03 1.126720e-01
77 8.758760e-01 9.800000e-03 1.143240e-01
78 8.742360e-01 9.652000e-03 1.161120e-01
79 8.726440e-01 9.600000e-03 1.177560e-01
80 8.710800e-01 9.456000e-03 1.194640e-01
81 8.693880e-01 9.600000e-03 1.210120e-01
82 8.678720e-01 9.396000e-03 1.227320e-01
83 8.661560e-01 9.468000e-03 1.243760e-01
84 8.643400e-01 9.708000e-03 1.259520e-01
85 8.625160e-01 9.776000e-03 1.277080e-01
86 8.607760e-01 9.784000e-03 1.294400e-01
87 8.589400e-01 9.884000e-03 1.311760e-01
88 8.571880e-01 9.928000e-03 1.328840e-01
89 8.553720e-01 1.004000e-02 1.345880e-01
90 8.534320e-01 1.026800e-02 1.363000e-01
91 8.514840e-01 1.037600e-02 1.381400e-01
92 8.496080e-01 1.040000e-02 1.399920e-01
93 8.477520e-01 1.038000e-02 1.418680e-01
94 8.458200e-01 1.046000e-02 1.437200e-01
95 8.440520e-01 1.048800e-02 1.454600e-01
96 8.425360e-01 1.022400e-02 1.472400e-01
97 8.407600e-01 1.012400e-02 1.491160e-01
98 8.389960e-01 1.012800e-02 1.508760e-01
99 8.372840e-01 1.004000e-02 1.526760e-01
100 8.355680e-01 1.000400e-02 1.544280e-01
101 8.338120e-01 9.940000e-03 1.562480e-01
102 8.321160e-01 9.940000e-03 1.579440e-01
103 8.305200e-01 9.776000e-03 1.597040e-01
104 8.288280e-01 9.836000e-03 1.613360e-01
105 8.271160e-01 9.768000e-03 1.631160e-01
106 8.255000e-01 9.568000e-03 1.649320e-01
107 8.239360e-01 9.472000e-03 1.665920e-01
108 8.221600e-01 9.472000e-03 1.683680e-01
109 8.204200e-01 9.528000e-03 1.700520e-01
110 8.185800e-01 9.784000e-03 1.716360e-01
111 8.169200e-01 9.756000e-03 1.733240e-01
112 8.151640e-01 9.808000e-03 1.750280e-01
113 8.136080e-01 9.580000e-03 1.768120e-01
114 8.119640e-01 9.532000e-03 1.785040e-01
115 8.102400e-01 9.660000e-03 1.801000e-01
116 8.086480e-01 9.728000e-03 1.816240e-01
117 8.069160e-01 9.756000e-03 1.833280e-01
118 8.053200e-01 9.676000e-03 1.850040e-01
119 8.035640e-01 9.788000e-03 1.866480e-01
120 8.019840e-01 9.728000e-03 1.882880e-01
121 8.004560e-01 9.640000e-03 1.899040e-01
122 7.989240e-01 9.556000e-03 1.915200e-01
123 7.973720e-01 9.404000e-03 1.932240e-01
124 7.956760e-01 9.580000e-03 1.947440e-01
125 7.941800e-01 9.272000e-03 1.965480e-01
126 7.926840e-01 9.252000e-03 1.980640e-01
127 7.911400e-01 9.208000e-03 1.996520e-01
128 7.896280e-01 9.116000e-03 2.012560e-01
129 7.880440e-01 9.104000e-03 2.028520e-01
130 7.863840e-01 9.140000e-03 2.044760e-01
131 7.848800e-01 9.080000e-03 2.060400e-01
132 7.833680e-01 9.016000e-03 2.076160e-01
133 7.818160e-01 8.908000e-03 2.092760e-01
134 7.800240e-01 9.328000e-03 2.106480e-01
135 7.785240e-01 9.140000e-03 2.123360e-01
136 7.769600e-01 9.012000e-03 2.140280e-01
137 7.751960e-01 9.084000e-03 2.157200e-01
138 7.735800e-01 9.136000e-03 2.172840e-01
139 7.717600e-01 9.308000e-03 2.189320e-01
140 7.700400e-01 9.400000e-03 2.205600e-01
141 7.683800e-01 9.348000e-03 2.222720e-01
142 7.667760e-01 9.352000e-03 2.238720e-01
143 7.650160e-01 9.516000e-03 2.254680e-01
144 7.635040e-01 9.516000e-03 2.269800e-01
145 7.620000e-01 9.384000e-03 2.286160e-01
146 7.603160e-01 9.600000e-03 2.300840e-01
147 7.586040e-01 9.556000e-03 2.318400e-01
148 7.569760e-01 9.540000e-03 2.334840e-01
149 7.553560e-01 9.652000e-03 2.349920e-01
150 7.539360e-01 9.388000e-03 2.366760e-01
151 7.524720e-01 9.272000e-03 2.382560e-01
152 7.510520e-01 9.184000e-03 2.397640e-01
153 7.497200e-01 8.912000e-03 2.413680e-01
154 7.484120e-01 8.748000e-03 2.428400e-01
155 7.471080e-01 8.504000e-03 2.443880e-01
156 7.456760e-01 8.544000e-03 2.457800e-01
157 7.442360e-01 8.516000e-03 2.472480e-01
158 7.428920e-01 8.404000e-03 2.487040e-01
159 7.415800e-01 8.264000e-03 2.501560e-01
160 7.402800e-01 8.184000e-03 2.515360e-01
161 7.389400e-01 8.068000e-03 2.529920e-01
162 7.375680e-01 8.124000e-03 2.543080e-01
163 7.362800e-01 8.000000e-03 2.557200e-01
164 7.348920e-01 8.036000e-03 2.570720e-01
165 7.334640e-01 8.052000e-03 2.584840e-01
166 7.321600e-01 7.988000e-03 2.598520e-01
167 7.308200e-01 7.884000e-03 2.612960e-01
168 7.295600e-01 7.788000e-03 2.626520e-01
169 7.283160e-01 7.648000e-03 2.640360e-01
170 7.270880e-01 7.448000e-03 2.654640e-01
171 7.258080e-01 7.448000e-03 2.667440e-01
172 7.244440e-01 7.416000e-03 2.681400e-01
173 7.231680e-01 7.444000e-03 2.693880e-01
174 7.218480e-01 7.396000e-03 2.707560e-01
175 7.205520e-01 7.308000e-03 2.721400e-01
176 7.192120e-01 7.452000e-03 2.733360e-01
177 7.178720e-01 7.540000e-03 2.745880e-01
178 7.165120e-01 7.624000e-03 2.758640e-01
179 7.151480e-01 7.576000e-03 2.772760e-01
180 7.138960e-01 7.544000e-03 2.785600e-01
181 7.124240e-01 7.604000e-03 2.799720e-01
182 7.110600e-01 7.672000e-03 2.812680e-01
183 7.094640e-01 7.988000e-03 2.825480e-01
184 7.080120e-01 8.184000e-03 2.838040e-01
185 7.066600e-01 8.016000e-03 2.853240e-01
186 7.053680e-01 7.888000e-03 2.867440e-01
187 7.041080e-01 7.736000e-03 2.881560e-01
188 7.028080e-01 7.732000e-03 2.894600e-01
189 7.014840e-01 7.804000e-03 2.907120e-01
190 7.002520e-01 7.676000e-03 2.920720e-01
191 6.990600e-01 7.548000e-03 2.933920e-01
192 6.979400e-01 7.408000e-03 2.946520e-01
193 6.967880e-01 7.268000e-03 2.959440e-01
194 6.954360e-01 7.356000e-03 2.972080e-01
195 6.942000e-01 7.352000e-03 2.984480e-01
196 6.929200e-01 7.396000e-03 2.996840e-01
197 6.916440e-01 7.408000e-03 3.009480e-01
198 6.904800e-01 7.380000e-03 3.021400e-01
199 6.892880e-01 7.268000e-03 3.034440e-01
200 6.880720e-01 7.228000e-03 3.047000e-01
201 6.869040e-01 7.116000e-03 3.059800e-01
202 6.857400e-01 7.084000e-03 3.071760e-01
203 6.844880e-01 7.000000e-03 3.085120e-01
204 6.834880e-01 6.724000e-03 3.097880e-01
205 6.822040e-01 6.880000e-03 3.109160e-01
206 6.811680e-01 6.700000e-03 3.121320e-01
207 6.800920e-01 6.496000e-03 3.134120e-01
208 6.790640e-01 6.256000e-03 3.146800e-01
209 6.781240e-01 6.168000e-03 3.157080e-01
210 6.771600e-01 6.008000e-03 3.168320e-01
211 6.761640e-01 6.012000e-03 3.178240e-01
212 6.752200e-01 5.872000e-03 3.189080e-01
213 6.742320e-01 5.808000e-03 3.199600e-01
214 6.732880e-01 5.696000e-03 3.210160e-01
215 6.723200e-01 5.720000e-03 3.219600e-01
216 6.711840e-01 5.872000e-03 3.229440e-01
217 6.701280e-01 5.792000e-03 3.240800e-01
218 6.691320e-01 5.864000e-03 3.250040e-01
219 6.680960e-01 5.860000e-03 3.260440e-01
220 6.670800e-01 5.836000e-03 3.270840e-01
221 6.661480e-01 5.752000e-03 3.281000e-01
222 6.650640e-01 5.888000e-03 3.290480e-01
223 6.641920e-01 5.692000e-03 3.301160e-01
224 6.632440e-01 5.696000e-03 3.310600e-01
225 6.623760e-01 5.524000e-03 3.321000e-01
226 6.614280e-01 5.508000e-03 3.330640e-01
227 6.604760e-01 5.512000e-03 3.340120e-01
228 6.596080e-01 5.340000e-03 3.350520e-01
229 6.588000e-01 5.200000e-03 3.360000e-01
230 6.579760e-01 5.096000e-03 3.369280e-01
231 6.573040e-01 4.836000e-03 3.378600e-01
232 6.564720e-01 4.804000e-03 3.387240e-01
233 6.557000e-01 4.724000e-03 3.395760e-01
234 6.550280e-01 4.488000e-03 3.404840e-01
235 6.542160e-01 4.440000e-03 3.413440e-01
236 6.534200e-01 4.476000e-03 3.421040e-01
237 6.526320e-01 4.564000e-03 3.428040e-01
238 6.519360e-01 4.452000e-03 3.436120e-01
239 6.511640e-01 4.436000e-03 3.444000e-01
240 6.504960e-01 4.300000e-03 3.452040e-01
241 6.498720e-01 4.232000e-03 3.458960e-01
242 6.492040e-01 4.176000e-03 3.466200e-01
243 6.483720e-01 4.364000e-03 3.472640e-01
244 6.476480e-01 4.264000e-03 3.480880e-01
245 6.468480e-01 4.248000e-03 3.489040e-01
246 6.460080e-01 4.328000e-03 3.496640e-01
247 6.451680e-01 4.364000e-03 3.504680e-01
248 6.442800e-01 4.432000e-03 3.512880e-01
249 6.434320e-01 4.424000e-03 3.521440e-01
250 6.426040e-01 4.500000e-03 3.528960e-01
251 6.418920e-01 4.416000e-03 3.536920e-01
252 6.411960e-01 4.360000e-03 3.544440e-01
253 6.404240e-01 4.344000e-03 3.552320e-01
254 6.396600e-01 4.348000e-03 3.559920e-01
255 6.388400e-01 4.424000e-03 3.567360e-01
256 6.380920e-01 4.420000e-03 3.574880e-01
257 6.374080e-01 4.380000e-03 3.582120e-01
258 6.366600e-01 4.432000e-03 3.589080e-01
259 6.358760e-01 4.428000e-03 3.596960e-01
260 6.351200e-01 4.424000e-03 3.604560e-01
261 6.343920e-01 4.404000e-03 3.612040e-01
262 6.337520e-01 4.300000e-03 3.619480e-01
263 6.331040e-01 4.232000e-03 3.626640e-01
264 6.324280e-01 4.088000e-03 3.634840e-01
265 6.317640e-01 3.984000e-03 3.642520e-01
266 6.310400e-01 4.012000e-03 3.649480e-01
267 6.302920e-01 4.036000e-03 3.656720e-01
268 6.297080e-01 3.956000e-03 3.663360e-01
269 6.290000e-01 4.032000e-03 3.669680e-01
270 6.283240e-01 3.984000e-03 3.676920e-01
271 6.276880e-01 3.848000e-03 3.684640e-01
272 6.269600e-01 3.968000e-03 3.690720e-01
273 6.263920e-01 3.816000e-03 3.697920e-01
274 6.257320e-01 3.780000e-03 3.704880e-01
275 6.251080e-01 3.704000e-03 3.711880e-01
276 6.245440e-01 3.660000e-03 3.717960e-01
277 6.239920e-01 3.592000e-03 3.724160e-01
278 6.233280e-01 3.684000e-03 3.729880e-01
279 6.227720e-01 3.620000e-03 3.736080e-01
280 6.222200e-01 3.648000e-03 3.741320e-01
281 6.216320e-01 3.608000e-03 3.747600e-01
282 6.210640e-01 3.504000e-03 3.754320e-01
283 6.205040e-01 3.432000e-03 3.760640e-01
284 6.199240e-01 3.436000e-03 3.766400e-01
285 6.193640e-01 3.460000e-03 3.771760e-01
286 6.187880e-01 3.436000e-03 3.777760e-01
287 6.183200e-01 3.300000e-03 3.783800e-01
288 6.178200e-01 3.292000e-03 3.788880e-01
289 6.172360e-01 3.304000e-03 3.794600e-01
290 6.167520e-01 3.272000e-03 3.799760e-01
291 6.162400e-01 3.160000e-03 3.806000e-01
292 6.157480e-01 3.104000e-03 3.811480e-01
293 6.152600e-01 3.128000e-03 3.816120e-01
294 6.147160e-01 3.092000e-03 3.821920e-01
295 6.141120e-01 3.176000e-03 3.827120e-01
296 6.135920e-01 3.140000e-03 3.832680e-01
297 6.130760e-01 3.092000e-03 3.838320e-01
298 6.125760e-01 3.056000e-03 3.843680e-01
299 6.120560e-01 2.984000e-03 3.849600e-01
300 6.116160e-01 2.964000e-03 3.854200e-01
301 6.111760e-01 2.864000e-03 3.859600e-01
302 6.107040e-01 2.780000e-03 3.865160e-01
303 6.103080e-01 2.740000e-03 3.869520e-01
304 6.098760e-01 2.740000e-03 3.873840e-01
305 6.094520e-01 2.612000e-03 3.879360e-01
306 6.090320e-01 2.552000e-03 3.884160e-01
307 6.086840e-01 2.472000e-03 3.888440e-01
308 6.083680e-01 2.364000e-03 3.892680e-01
309 6.079280e-01 2.388000e-03 3.896840e-01
310 6.075240e-01 2.392000e-03 3.900840e-01
311 6.070600e-01 2.440000e-03 3.905000e-01
312 6.066040e-01 2.484000e-03 3.909120e-01
313 6.061840e-01 2.444000e-03 3.913720e-01
314 6.058120e-01 2.364000e-03 3.918240e-01
315 6.053960e-01 2.352000e-03 3.922520e-01
316 6.050200e-01 2.300000e-03 3.926800e-01
317 6.046960e-01 2.168000e-03 3.931360e-01
318 6.043640e-01 2.168000e-03 3.934680e-01
319 6.039800e-01 2.120000e-03 3.939000e-01
320 6.036040e-01 2.084000e-03 3.943120e-01
321 6.032600e-01 2.012000e-03 3.947280e-01
322 6.028800e-01 2.080000e-03 3.950400e-01
323 6.024880e-01 2.108000e-03 3.954040e-01
324 6.021560e-01 2.000000e-03 3.958440e-01
325 6.018520e-01 1.928000e-03 3.962200e-01
326 6.014640e-01 2.044000e-03 3.964920e-01
327 6.011040e-01 2.040000e-03 3.968560e-01
328 6.007240e-01 2.040000e-03 3.972360e-01
329 6.003120e-01 2.088000e-03 3.976000e-01
330 5.999720e-01 1.988000e-03 3.980400e-01
331 5.996520e-01 1.984000e-03 3.983640e-01
332 5.993200e-01 1.968000e-03 3.987120e-01
333 5.989720e-01 1.996000e-03 3.990320e-01
334 5.987080e-01 1.988000e-03 3.993040e-01
335 5.983720e-01 1.992000e-03 3.996360e-01
336 5.980400e-01 1.980000e-03 3.999800e-01
337 5.977360e-01 1.896000e-03 4.003680e-01
338 5.974480e-01 1.840000e-03 4.007120e-01
339 5.972000e-01 1.748000e-03 4.010520e-01
340 5.968800e-01 1.740000e-03 4.013800e-01
341 5.965520e-01 1.720000e-03 4.017280e-01
342 5.962560e-01 1.692000e-03 4.020520e-01
343 5.959160e-01 1.776000e-03 4.023080e-01
344 5.955520e-01 1.836000e-03 4.026120e-01
345 5.952240e-01 1.796000e-03 4.029800e-01
346 5.949840e-01 1.680000e-03 4.033360e-01
347 5.946520e-01 1.776000e-03 4.035720e-01
348 5.944200e-01 1.692000e-03 4.038880e-01
349 5.941200e-01 1.696000e-03 4.041840e-01
350 5.938480e-01 1.668000e-03 4.044840e-01
351 5.935560e-01 1.608000e-03 4.048360e-01
352 5.932480e-01 1.676000e-03 4.050760e-01
353 5.929480e-01 1.680000e-03 4.053720e-01
354 5.926200e-01 1.660000e-03 4.057200e-01
355 5.923520e-01 1.572000e-03 4.060760e-01
356 5.920800e-01 1.620000e-03 4.063000e-01
357 5.918680e-01 1.592000e-03 4.065400e-01
358 5.916600e-01 1.560000e-03 4.067800e-01
359 5.913800e-01 1.544000e-03 4.070760e-01
360 5.910520e-01 1.596000e-03 4.073520e-01
361 5.907720e-01 1.592000e-03 4.076360e-01
362 5.904600e-01 1.616000e-03 4.079240e-01
363 5.901840e-01 1.616000e-03 4.082000e-01
364 5.898800e-01 1.608000e-03 4.085120e-01
365 5.896320e-01 1.616000e-03 4.087520e-01
366 5.894040e-01 1.616000e-03 4.089800e-01
367 5.891320e-01 1.588000e-03 4.092800e-01
368 5.889160e-01 1.620000e-03 4.094640e-01
369 5.887000e-01 1.592000e-03 4.097080e-01
370 5.884240e-01 1.600000e-03 4.099760e-01
371 5.881880e-01 1.528000e-03 4.102840e-01
372 5.879840e-01 1.432000e-03 4.105840e-01
373 5.877880e-01 1.384000e-03 4.108280e-01
374 5.875480e-01 1.380000e-03 4.110720e-01
375 5.873360e-01 1.376000e-03 4.112880e-01
376 5.870800e-01 1.384000e-03 4.115360e-01
377 5.868560e-01 1.332000e-03 4.118120e-01
378 5.866520e-01 1.328000e-03 4.120200e-01
379 5.864960e-01 1.252000e-03 4.122520e-01
380 5.863000e-01 1.244000e-03 4.124560e-01
381 5.861080e-01 1.256000e-03 4.126360e-01
382 5.858560e-01 1.260000e-03 4.128840e-01
383 5.856600e-01 1.240000e-03 4.131000e-01
384 5.853960e-01 1.268000e-03 4.133360e-01
385 5.851280e-01 1.300000e-03 4.135720e-01
386 5.848560e-01 1.392000e-03 4.137520e-01
387 5.845560e-01 1.492000e-03 4.139520e-01
388 5.842600e-01 1.460000e-03 4.142800e-01
389 5.839280e-01 1.544000e-03 4.145280e-01
390 5.836760e-01 1.520000e-03 4.148040e-01
391 5.833840e-01 1.540000e-03 4.150760e-01
392 5.830960e-01 1.580000e-03 4.153240e-01
393 5.828240e-01 1.576000e-03 4.156000e-01
394 5.825240e-01 1.624000e-03 4.158520e-01
395 5.822760e-01 1.604000e-03 4.161200e-01
396 5.819880e-01 1.668000e-03 4.163440e-01
397 5.817200e-01 1.648000e-03 4.166320e-01
398 5.814360e-01 1.648000e-03 4.169160e-01
399 5.811840e-01 1.608000e-03 4.172080e-01
400 5.810000e-01 1.480000e-03 4.175200e-01
401 5.807960e-01 1.444000e-03 4.177600e-01
402 5.805880e-01 1.412000e-03 4.180000e-01
403 5.803560e-01 1.400000e-03 4.182440e-01
404 5.802120e-01 1.288000e-03 4.185000e-01
405 5.800120e-01 1.276000e-03 4.187120e-01
406 5.798040e-01 1.284000e-03 4.189120e-01
407 5.795840e-01 1.296000e-03 4.191200e-01
408 5.793160e-01 1.368000e-03 4.193160e-01
409 5.790800e-01 1.332000e-03 4.195880e-01
410 5.788440e-01 1.352000e-03 4.198040e-01
411 5.786320e-01 1.328000e-03 4.200400e-01
412 5.784440e-01 1.272000e-03 4.202840e-01
413 5.782880e-01 1.180000e-03 4.205320e-01
414 5.781360e-01 1.128000e-03 4.207360e-01
415 5.780080e-01 1.000000e-03 4.209920e-01
416 5.778640e-01 9.400000e-04 4.211960e-01
417 5.777040e-01 9.400000e-04 4.213560e-01
418 5.775680e-01 9.360000e-04 4.214960e-01
419 5.773520e-01 9.960000e-04 4.216520e-01
420 5.771560e-01 1.008000e-03 4.218360e-01
421 5.769800e-01 1.016000e-03 4.220040e-01
422 5.768280e-01 9.920000e-04 4.221800e-01
423 5.766520e-01 1.000000e-03 4.223480e-01
424 5.764680e-01 1.052000e-03 4.224800e-01
425 5.763120e-01 1.056000e-03 4.226320e-01
426 5.761280e-01 1.052000e-03 4.228200e-01
427 5.759680e-01 1.020000e-03 4.230120e-01
428 5.758000e-01 1.052000e-03 4.231480e-01
429 5.756320e-01 1.024000e-03 4.233440e-01
430 5.754320e-01 1.040000e-03 4.235280e-01
431 5.753040e-01 9.320000e-04 4.237640e-01
432 5.751800e-01 8.960000e-04 4.239240e-01
433 5.750720e-01 8.400000e-04 4.240880e-01
434 5.749400e-01 8.520000e-04 4.242080e-01
435 5.748080e-01 9.040000e-04 4.242880e-01
436 5.746440e-01 9.240000e-04 4.244320e-01
437 5.745280e-01 8.920000e-04 4.245800e-01
438 5.743920e-01 8.480000e-04 4.247600e-01
439 5.743000e-01 7.880000e-04 4.249120e-01
440 5.741360e-01 8.040000e-04 4.250600e-01
441 5.740240e-01 7.920000e-04 4.251840e-01
442 5.739440e-01 7.280000e-04 4.253280e-01
443 5.738600e-01 6.240000e-04 4.255160e-01
444 5.737520e-01 6.520000e-04 4.255960e-01
445 5.736760e-01 6.000000e-04 4.257240e-01
446 5.735760e-01 6.080000e-04 4.258160e-01
447 5.735120e-01 5.520000e-04 4.259360e-01
448 5.734360e-01 5.280000e-04 4.260360e-01
449 5.733280e-01 5.080000e-04 4.261640e-01
450 5.732480e-01 4.800000e-04 4.262720e-01
451 5.731440e-01 4.920000e-04 4.263640e-01
452 5.730920e-01 4.760000e-04 4.264320e-01
453 5.730240e-01 4.560000e-04 4.265200e-01
454 5.729160e-01 4.840000e-04 4.266000e-01
455 5.727920e-01 5.440000e-04 4.266640e-01
456 5.726760e-01 5.560000e-04 4.267680e-01
457 5.725960e-01 5.280000e-04 4.268760e-01
458 5.724520e-01 6.120000e-04 4.269360e-01
459 5.723440e-01 6.240000e-04 4.270320e-01
460 5.722120e-01 6.120000e-04 4.271760e-01
461 5.721120e-01 6.320000e-04 4.272560e-01
462 5.719960e-01 6.040000e-04 4.274000e-01
463 5.718600e-01 6.560000e-04 4.274840e-01
464 5.717560e-01 6.080000e-04 4.276360e-01
465 5.716520e-01 6.160000e-04 4.277320e-01
466 5.715200e-01 6.400000e-04 4.278400e-01
467 5.714160e-01 6.360000e-04 4.279480e-01
468 5.713240e-01 6.080000e-04 4.280680e-01
469 5.712440e-01 5.600000e-04 4.281960e-01
470 5.711480e-01 5.640000e-04 4.282880e-01
471 5.710240e-01 6.240000e-04 4.283520e-01
472 5.708680e-01 6.760000e-04 4.284560e-01
473 5.707600e-01 6.560000e-04 4.285840e-01
474 5.706400e-01 6.560000e-04 4.287040e-01
475 5.705200e-01 6.280000e-04 4.288520e-01
476 5.703920e-01 6.400000e-04 4.289680e-01
477 5.702920e-01 6.320000e-04 4.290760e-01
478 5.701800e-01 6.160000e-04 4.292040e-01
479 5.700800e-01 6.000000e-04 4.293200e-01
480 5.699760e-01 6.240000e-04 4.294000e-01
481 5.698720e-01 6.240000e-04 4.295040e-01
482 5.698040e-01 6.320000e-04 4.295640e-01
483 5.697080e-01 6.160000e-04 4.296760e-01
484 5.696240e-01 5.760000e-04 4.298000e-01
485 5.695360e-01 5.720000e-04 4.298920e-01
486 5.694280e-01 5.840000e-04 4.299880e-01
487 5.693760e-01 5.360000e-04 4.300880e-01
488 5.692720e-01 5.320000e-04 4.301960e-01
489 5.692000e-01 5.480000e-04 4.302520e-01
490 5.690640e-01 5.960000e-04 4.303400e-01
491 5.689200e-01 6.120000e-04 4.304680e-01
492 5.687960e-01 5.920000e-04 4.306120e-01
493 5.686840e-01 5.840000e-04 4.307320e-01
494 5.685720e-01 5.640000e-04 4.308640e-01
495 5.684440e-01 6.120000e-04 4.309440e-01
496 5.683840e-01 5.920000e-04 4.310240e-01
497 5.682920e-01 5.680000e-04 4.311400e-01
498 5.682040e-01 5.840000e-04 4.312120e-01
499 5.681040e-01 5.600000e-04 4.313360e-01
500 5.680000e-01 5.600000e-04 4.314400e-01
