1 9.991400e-01 7.680000e-04 9.200000e-05
2 9.985240e-01 1.192000e-03 2.840000e-04
3 9.978320e-01 1.572000e-03 5.960000e-04
4 9.970720e-01 2.064000e-03 8.640000e-04
5 9.961480e-01 2.604000e-03 1.248000e-03
6 9.951800e-01 3.052000e-03 1.768000e-03
7 9.941920e-01 3.480000e-03 2.328000e-03
8 9.931400e-01 3.864000e-03 2.996000e-03
9 9.920440e-01 4.272000e-03 3.684000e-03
10 9.909840e-01 4.480000e-03 4.536000e-03
11 9.898520e-01 4.760000e-03 5.388000e-03
12 9.886920e-01 5.076000e-03 6.232000e-03
13 9.875280e-01 5.416000e-03 7.056000e-03
14 9.863760e-01 5.576000e-03 8.048000e-03
15 9.852320e-01 5.668000e-03 9.100000e-03
16 9.841040e-01 5.636000e-03 1.026000e-02
17 9.828960e-01 5.852000e-03 1.125200e-02
18 9.818640e-01 5.900000e-03 1.223600e-02
19 9.807040e-01 6.028000e-03 1.326800e-02
20 9.794680e-01 6.224000e-03 1.430800e-02
21 9.782960e-01 6.348000e-03 1.535600e-02
22 9.771800e-01 6.216000e-03 1.660400e-02
23 9.758600e-01 6.356000e-03 1.778400e-02
24 9.747480e-01 6.224000e-03 1.902800e-02
25 9.735520e-01 6.332000e-03 2.011600e-02
26 9.723520e-01 6.380000e-03 2.126800e-02
27 9.710440e-01 6.576000e-03 2.238000e-02
28 9.698080e-01 6.648000e-03 2.354400e-02
29 9.684720e-01 6.816000e-03 2.471200e-02
30 9.670280e-01 7.084000e-03 2.588800e-02
31 9.657520e-01 7.076000e-03 2.717200e-02
32 9.645080e-01 7.116000e-03 2.837600e-02
33 9.631920e-01 7.184000e-03 2.962400e-02
34 9.619520e-01 7.164000e-03 3.088400e-02
35 9.607160e-01 7.092000e-03 3.219200e-02
36 9.593240e-01 7.240000e-03 3.343600e-02
37 9.578680e-01 7.472000e-03 3.466000e-02
38 9.564440e-01 7.636000e-03 3.592000e-02
39 9.549880e-01 7.756000e-03 3.725600e-02
40 9.535480e-01 7.804000e-03 3.864800e-02
41 9.521440e-01 7.824000e-03 4.003200e-02
42 9.508280e-01 7.772000e-03 4.140000e-02
43 9.494200e-01 7.780000e-03 4.280000e-02
44 9.480760e-01 7.700000e-03 4.422400e-02
45 9.466280e-01 7.768000e-03 4.560400e-02
46 9.452440e-01 7.808000e-03 4.694800e-02
47 9.439280e-01 7.744000e-03 4.832800e-02
48 9.424880e-01 7.776000e-03 4.973600e-02
49 9.410400e-01 7.912000e-03 5.104800e-02
50 9.395760e-01 8.032000e-03 5.239200e-02
51 9.380720e-01 8.148000e-03 5.378000e-02
52 9.367680e-01 8.048000e-03 5.518400e-02
53 9.352600e-01 8.156000e-03 5.658400e-02
54 9.336760e-01 8.272000e-03 5.805200e-02
55 9.322080e-01 8.152000e-03 5.964000e-02
56 9.307640e-01 8.228000e-03 6.100800e-02
57 9.292080e-01 8.356000e-03 6.243600e-02
58 9.278160e-01 8.276000e-03 6.390800e-02
59 9.263840e-01 8.284000e-03 6.533200e-02
60 9.249680e-01 8.336000e-03 6.669600e-02
61 9.234840e-01 8.352000e-03 6.816400e-02
62 9.222960e-01 8.156000e-03 6.954800e-02
63 9.209440e-01 8.064000e-03 7.099200e-02
64 9.193960e-01 8.132000e-03 7.247200e-02
65 9.179320e-01 8.204000e-03 7.386400e-02
66 9.165600e-01 8.284000e-03 7.515600e-02
67 9.150280e-01 8.344000e-03 7.662800e-02
68 9.136880e-01 8.240000e-03 7.807200e-02
69 9.122880e-01 8.140000e-03 7.957200e-02
70 9.107880e-01 8.176000e-03 8.103600e-02
71 9.092560e-01 8.184000e-03 8.256000e-02
72 9.076880e-01 8.380000e-03 8.393200e-02
73 9.062280e-01 8.456000e-03 8.531600e-02
74 9.045480e-01 8.624000e-03 8.682800e-02
75 9.029480e-01 8.608000e-03 8.844400e-02
76 9.013160e-01 8.776000e-03 8.990800e-02
77 8.997640e-01 8.812000e-03 9.142400e-02
78 8.981120e-01 8.892000e-03 9.299600e-02
79 8.963760e-01 8.960000e-03 9.466400e-02
80 8.949160e-01 8.936000e-03 9.614800e-02
81 8.934040e-01 8.872000e-03 9.772400e-02
82 8.919960e-01 8.836000e-03 9.916800e-02
83 8.905080e-01 8.700000e-03 1.007920e-01
84 8.889640e-01 8.744000e-03 1.022920e-01
85 8.872240e-01 8.996000e-03 1.037800e-01
86 8.856320e-01 9.088000e-03 1.052800e-01
87 8.840320e-01 9.176000e-03 1.067920e-01
88 8.823680e-01 9.236000e-03 1.083960e-01
89 8.808560e-01 9.060000e-03 1.100840e-01
90 8.792040e-01 9.216000e-03 1.115800e-01
91 8.774760e-01 9.256000e-03 1.132680e-01
92 8.758640e-01 9.280000e-03 1.148560e-01
93 8.742800e-01 9.356000e-03 1.163640e-01
94 8.726840e-01 9.372000e-03 1.179440e-01
95 8.709360e-01 9.480000e-03 1.195840e-01
96 8.693320e-01 9.464000e-03 1.212040e-01
97 8.677720e-01 9.400000e-03 1.228280e-01
98 8.661360e-01 9.352000e-03 1.245120e-01
99 8.645560e-01 9.300000e-03 1.261440e-01
100 8.629480e-01 9.220000e-03 1.278320e-01
101 8.614000e-01 9.256000e-03 1.293440e-01
102 8.598480e-01 9.164000e-03 1.309880e-01
103 8.583160e-01 9.092000e-03 1.325920e-01
104 8.569400e-01 8.932000e-03 1.341280e-01
105 8.554040e-01 8.960000e-03 1.356360e-01
106 8.537400e-01 9.032000e-03 1.372280e-01
107 8.522760e-01 8.952000e-03 1.387720e-01
108 8.508280e-01 8.952000e-03 1.402200e-01
109 8.494320e-01 8.872000e-03 1.416960e-01
110 8.479360e-01 8.736000e-03 1.433280e-01
111 8.465480e-01 8.764000e-03 1.446880e-01
112 8.451000e-01 8.672000e-03 1.462280e-01
113 8.437080e-01 8.568000e-03 1.477240e-01
114 8.423040e-01 8.416000e-03 1.492800e-01
115 8.408560e-01 8.464000e-03 1.506800e-01
116 8.392720e-01 8.588000e-03 1.521400e-01
117 8.377800e-01 8.624000e-03 1.535960e-01
118 8.364240e-01 8.456000e-03 1.551200e-01
119 8.349560e-01 8.488000e-03 1.565560e-01
120 8.335960e-01 8.376000e-03 1.580280e-01
121 8.322560e-01 8.232000e-03 1.595120e-01
122 8.307920e-01 8.200000e-03 1.610080e-01
123 8.295040e-01 7.992000e-03 1.625040e-01
124 8.282560e-01 7.916000e-03 1.638280e-01
125 8.270440e-01 7.936000e-03 1.650200e-01
126 8.257400e-01 7.840000e-03 1.664200e-01
127 8.245040e-01 7.700000e-03 1.677960e-01
128 8.233800e-01 7.532000e-03 1.690880e-01
129 8.220640e-01 7.548000e-03 1.703880e-01
130 8.207880e-01 7.376000e-03 1.718360e-01
131 8.195360e-01 7.312000e-03 1.731520e-01
132 8.182120e-01 7.432000e-03 1.743560e-01
133 8.167960e-01 7.544000e-03 1.756600e-01
134 8.154960e-01 7.500000e-03 1.770040e-01
135 8.140720e-01 7.496000e-03 1.784320e-01
136 8.127360e-01 7.476000e-03 1.797880e-01
137 8.114320e-01 7.544000e-03 1.810240e-01
138 8.102520e-01 7.416000e-03 1.823320e-01
139 8.090200e-01 7.464000e-03 1.835160e-01
140 8.078480e-01 7.304000e-03 1.848480e-01
141 8.066120e-01 7.240000e-03 1.861480e-01
142 8.054320e-01 7.168000e-03 1.874000e-01
143 8.043400e-01 7.044000e-03 1.886160e-01
144 8.032760e-01 6.920000e-03 1.898040e-01
145 8.021240e-01 6.776000e-03 1.911000e-01
146 8.010960e-01 6.680000e-03 1.922240e-01
147 7.998640e-01 6.624000e-03 1.935120e-01
148 7.987320e-01 6.652000e-03 1.946160e-01
149 7.976240e-01 6.544000e-03 1.958320e-01
150 7.965040e-01 6.560000e-03 1.969360e-01
151 7.954280e-01 6.444000e-03 1.981280e-01
152 7.943280e-01 6.372000e-03 1.993000e-01
153 7.932680e-01 6.384000e-03 2.003480e-01
154 7.922760e-01 6.208000e-03 2.015160e-01
155 7.912320e-01 6.168000e-03 2.026000e-01
156 7.901120e-01 6.172000e-03 2.037160e-01
157 7.890600e-01 6.172000e-03 2.047680e-01
158 7.879960e-01 6.264000e-03 2.057400e-01
159 7.869040e-01 6.264000e-03 2.068320e-01
160 7.856240e-01 6.532000e-03 2.078440e-01
161 7.843960e-01 6.520000e-03 2.090840e-01
162 7.832400e-01 6.556000e-03 2.102040e-01
163 7.821240e-01 6.480000e-03 2.113960e-01
164 7.810960e-01 6.380000e-03 2.125240e-01
165 7.800000e-01 6.236000e-03 2.137640e-01
166 7.789600e-01 6.276000e-03 2.147640e-01
167 7.779760e-01 6.208000e-03 2.158160e-01
168 7.769440e-01 6.132000e-03 2.169240e-01
169 7.757920e-01 6.208000e-03 2.180000e-01
170 7.747240e-01 6.152000e-03 2.191240e-01
171 7.737120e-01 6.016000e-03 2.202720e-01
172 7.728640e-01 5.844000e-03 2.212920e-01
173 7.718040e-01 5.804000e-03 2.223920e-01
174 7.709600e-01 5.576000e-03 2.234640e-01
175 7.700920e-01 5.472000e-03 2.244360e-01
176 7.693440e-01 5.272000e-03 2.253840e-01
177 7.684920e-01 5.252000e-03 2.262560e-01
178 7.677600e-01 5.104000e-03 2.271360e-01
179 7.670000e-01 5.000000e-03 2.280000e-01
180 7.662280e-01 4.892000e-03 2.288800e-01
181 7.654400e-01 4.928000e-03 2.296320e-01
182 7.646960e-01 4.920000e-03 2.303840e-01
183 7.638560e-01 4.932000e-03 2.312120e-01
184 7.630800e-01 4.844000e-03 2.320760e-01
185 7.623840e-01 4.708000e-03 2.329080e-01
186 7.616640e-01 4.592000e-03 2.337440e-01
187 7.609840e-01 4.496000e-03 2.345200e-01
188 7.602880e-01 4.452000e-03 2.352600e-01
189 7.596880e-01 4.312000e-03 2.360000e-01
190 7.589400e-01 4.356000e-03 2.367040e-01
191 7.582640e-01 4.264000e-03 2.374720e-01
192 7.574520e-01 4.324000e-03 2.382240e-01
193 7.567640e-01 4.240000e-03 2.389960e-01
194 7.561240e-01 4.156000e-03 2.397200e-01
195 7.554520e-01 4.112000e-03 2.404360e-01
196 7.547080e-01 4.176000e-03 2.411160e-01
197 7.540440e-01 4.152000e-03 2.418040e-01
198 7.532880e-01 4.156000e-03 2.425560e-01
199 7.524800e-01 4.188000e-03 2.433320e-01
200 7.517560e-01 4.260000e-03 2.439840e-01
201 7.510200e-01 4.228000e-03 2.447520e-01
202 7.503400e-01 4.192000e-03 2.454680e-01
203 7.494600e-01 4.272000e-03 2.462680e-01
204 7.486320e-01 4.408000e-03 2.469600e-01
205 7.478920e-01 4.368000e-03 2.477400e-01
206 7.471200e-01 4.340000e-03 2.485400e-01
207 7.463760e-01 4.284000e-03 2.493400e-01
208 7.455120e-01 4.404000e-03 2.500840e-01
209 7.447120e-01 4.388000e-03 2.509000e-01
210 7.439080e-01 4.500000e-03 2.515920e-01
211 7.430400e-01 4.452000e-03 2.525080e-01
212 7.423040e-01 4.524000e-03 2.531720e-01
213 7.415240e-01 4.536000e-03 2.539400e-01
214 7.406720e-01 4.692000e-03 2.546360e-01
215 7.397680e-01 4.764000e-03 2.554680e-01
216 7.389520e-01 4.632000e-03 2.564160e-01
217 7.382320e-01 4.576000e-03 2.571920e-01
218 7.375520e-01 4.412000e-03 2.580360e-01
219 7.369560e-01 4.284000e-03 2.587600e-01
220 7.362560e-01 4.252000e-03 2.594920e-01
221 7.356760e-01 4.140000e-03 2.601840e-01
222 7.350920e-01 3.932000e-03 2.609760e-01
223 7.345600e-01 3.800000e-03 2.616400e-01
224 7.339240e-01 3.764000e-03 2.623120e-01
225 7.333160e-01 3.696000e-03 2.629880e-01
226 7.326040e-01 3.824000e-03 2.635720e-01
227 7.319760e-01 3.624000e-03 2.644000e-01
228 7.312960e-01 3.748000e-03 2.649560e-01
229 7.306200e-01 3.756000e-03 2.656240e-01
230 7.299120e-01 3.820000e-03 2.662680e-01
231 7.294000e-01 3.656000e-03 2.669440e-01
232 7.287880e-01 3.524000e-03 2.676880e-01
233 7.282040e-01 3.480000e-03 2.683160e-01
234 7.276080e-01 3.528000e-03 2.688640e-01
235 7.270520e-01 3.444000e-03 2.695040e-01
236 7.264400e-01 3.492000e-03 2.700680e-01
237 7.258040e-01 3.532000e-03 2.706640e-01
238 7.252760e-01 3.388000e-03 2.713360e-01
239 7.246480e-01 3.416000e-03 2.719360e-01
240 7.240160e-01 3.436000e-03 2.725480e-01
241 7.234640e-01 3.416000e-03 2.731200e-01
242 7.228600e-01 3.340000e-03 2.738000e-01
243 7.222280e-01 3.368000e-03 2.744040e-01
244 7.216960e-01 3.292000e-03 2.750120e-01
245 7.211360e-01 3.248000e-03 2.756160e-01
246 7.205640e-01 3.256000e-03 2.761800e-01
247 7.200160e-01 3.232000e-03 2.767520e-01
248 7.195040e-01 3.156000e-03 2.773400e-01
249 7.189520e-01 3.260000e-03 2.777880e-01
250 7.184320e-01 3.180000e-03 2.783880e-01
251 7.178240e-01 3.252000e-03 2.789240e-01
252 7.171800e-01 3.252000e-03 2.795680e-01
253 7.165920e-01 3.284000e-03 2.801240e-01
254 7.160240e-01 3.264000e-03 2.807120e-01
255 7.154080e-01 3.356000e-03 2.812360e-01
256 7.148280e-01 3.384000e-03 2.817880e-01
257 7.142240e-01 3.376000e-03 2.824000e-01
258 7.136560e-01 3.300000e-03 2.830440e-01
259 7.131360e-01 3.272000e-03 2.835920e-01
260 7.125680e-01 3.268000e-03 2.841640e-01
261 7.120040e-01 3.276000e-03 2.847200e-01
262 7.114520e-01 3.272000e-03 2.852760e-01
263 7.109080e-01 3.280000e-03 2.858120e-01
264 7.104280e-01 3.220000e-03 2.863520e-01
265 7.099160e-01 3.160000e-03 2.869240e-01
266 7.094600e-01 3.072000e-03 2.874680e-01
267 7.089760e-01 2.968000e-03 2.880560e-01
268 7.084640e-01 3.008000e-03 2.885280e-01
269 7.079880e-01 2.960000e-03 2.890520e-01
270 7.075040e-01 2.924000e-03 2.895720e-01
271 7.071080e-01 2.824000e-03 2.900680e-01
272 7.066640e-01 2.792000e-03 2.905440e-01
273 7.061800e-01 2.784000e-03 2.910360e-01
274 7.057000e-01 2.752000e-03 2.915480e-01
275 7.052600e-01 2.700000e-03 2.920400e-01
276 7.047280e-01 2.716000e-03 2.925560e-01
277 7.041920e-01 2.732000e-03 2.930760e-01
278 7.036360e-01 2.804000e-03 2.935600e-01
279 7.031000e-01 2.856000e-03 2.940440e-01
280 7.025320e-01 2.876000e-03 2.945920e-01
281 7.020560e-01 2.860000e-03 2.950840e-01
282 7.014960e-01 2.924000e-03 2.955800e-01
283 7.009880e-01 2.908000e-03 2.961040e-01
284 7.003720e-01 3.012000e-03 2.966160e-01
285 6.998320e-01 2.996000e-03 2.971720e-01
286 6.992440e-01 3.048000e-03 2.977080e-01
287 6.988000e-01 2.968000e-03 2.982320e-01
288 6.983040e-01 2.892000e-03 2.988040e-01
289 6.978640e-01 2.832000e-03 2.993040e-01
290 6.974280e-01 2.796000e-03 2.997760e-01
291 6.970240e-01 2.696000e-03 3.002800e-01
292 6.965800e-01 2.556000e-03 3.008640e-01
293 6.961360e-01 2.556000e-03 3.013080e-01
294 6.957520e-01 2.504000e-03 3.017440e-01
295 6.952560e-01 2.552000e-03 3.021920e-01
296 6.947640e-01 2.612000e-03 3.026240e-01
297 6.943800e-01 2.592000e-03 3.030280e-01
298 6.939440e-01 2.612000e-03 3.034440e-01
299 6.934680e-01 2.588000e-03 3.039440e-01
300 6.929880e-01 2.540000e-03 3.044720e-01
301 6.926320e-01 2.440000e-03 3.049280e-01
302 6.922120e-01 2.424000e-03 3.053640e-01
303 6.917800e-01 2.452000e-03 3.057680e-01
304 6.913440e-01 2.484000e-03 3.061720e-01
305 6.909040e-01 2.416000e-03 3.066800e-01
306 6.904520e-01 2.452000e-03 3.070960e-01
307 6.899880e-01 2.480000e-03 3.075320e-01
308 6.895240e-01 2.484000e-03 3.079920e-01
309 6.890600e-01 2.560000e-03 3.083800e-01
310 6.884560e-01 2.744000e-03 3.088000e-01
311 6.880240e-01 2.696000e-03 3.092800e-01
312 6.875600e-01 2.644000e-03 3.097960e-01
313 6.870800e-01 2.676000e-03 3.102440e-01
314 6.866720e-01 2.620000e-03 3.107080e-01
315 6.863520e-01 2.500000e-03 3.111480e-01
316 6.859800e-01 2.440000e-03 3.115800e-01
317 6.856280e-01 2.400000e-03 3.119720e-01
318 6.852640e-01 2.416000e-03 3.123200e-01
319 6.847920e-01 2.480000e-03 3.127280e-01
320 6.843640e-01 2.472000e-03 3.131640e-01
321 6.839000e-01 2.464000e-03 3.136360e-01
322 6.833960e-01 2.452000e-03 3.141520e-01
323 6.829400e-01 2.552000e-03 3.145080e-01
324 6.825480e-01 2.520000e-03 3.149320e-01
325 6.821840e-01 2.404000e-03 3.154120e-01
326 6.818280e-01 2.348000e-03 3.158240e-01
327 6.814160e-01 2.432000e-03 3.161520e-01
328 6.810440e-01 2.360000e-03 3.165960e-01
329 6.807000e-01 2.296000e-03 3.170040e-01
330 6.804360e-01 2.136000e-03 3.174280e-01
331 6.801520e-01 2.052000e-03 3.177960e-01
332 6.798360e-01 1.968000e-03 3.181960e-01
333 6.795480e-01 1.900000e-03 3.185520e-01
334 6.792840e-01 1.884000e-03 3.188320e-01
335 6.789760e-01 1.876000e-03 3.191480e-01
336 6.786720e-01 1.884000e-03 3.194440e-01
337 6.784000e-01 1.848000e-03 3.197520e-01
338 6.781080e-01 1.824000e-03 3.200680e-01
339 6.778800e-01 1.672000e-03 3.204480e-01
340 6.775640e-01 1.704000e-03 3.207320e-01
341 6.772640e-01 1.644000e-03 3.210920e-01
342 6.770520e-01 1.540000e-03 3.214080e-01
343 6.768240e-01 1.532000e-03 3.216440e-01
344 6.764720e-01 1.640000e-03 3.218880e-01
345 6.762000e-01 1.616000e-03 3.221840e-01
346 6.759840e-01 1.516000e-03 3.225000e-01
347 6.757680e-01 1.484000e-03 3.227480e-01
348 6.754600e-01 1.528000e-03 3.230120e-01
349 6.752280e-01 1.468000e-03 3.233040e-01
350 6.749200e-01 1.524000e-03 3.235560e-01
351 6.746800e-01 1.476000e-03 3.238440e-01
352 6.743760e-01 1.500000e-03 3.241240e-01
353 6.741160e-01 1.540000e-03 3.243440e-01
354 6.737600e-01 1.616000e-03 3.246240e-01
355 6.734920e-01 1.588000e-03 3.249200e-01
356 6.732160e-01 1.580000e-03 3.252040e-01
357 6.728840e-01 1.604000e-03 3.255120e-01
358 6.726040e-01 1.548000e-03 3.258480e-01
359 6.722800e-01 1.560000e-03 3.261600e-01
360 6.719840e-01 1.604000e-03 3.264120e-01
361 6.716200e-01 1.740000e-03 3.266400e-01
362 6.712440e-01 1.768000e-03 3.269880e-01
363 6.709000e-01 1.848000e-03 3.272520e-01
364 6.705640e-01 1.892000e-03 3.275440e-01
365 6.701440e-01 1.912000e-03 3.279440e-01
366 6.698760e-01 1.872000e-03 3.282520e-01
367 6.695680e-01 1.932000e-03 3.285000e-01
368 6.691680e-01 1.996000e-03 3.288360e-01
369 6.687720e-01 2.060000e-03 3.291680e-01
370 6.683320e-01 2.172000e-03 3.294960e-01
371 6.680760e-01 2.092000e-03 3.298320e-01
372 6.677280e-01 2.104000e-03 3.301680e-01
373 6.673960e-01 2.072000e-03 3.305320e-01
374 6.671320e-01 1.992000e-03 3.308760e-01
375 6.667920e-01 1.996000e-03 3.312120e-01
376 6.664840e-01 1.936000e-03 3.315800e-01
377 6.661560e-01 1.936000e-03 3.319080e-01
378 6.658600e-01 1.904000e-03 3.322360e-01
379 6.655160e-01 1.872000e-03 3.326120e-01
380 6.652320e-01 1.824000e-03 3.329440e-01
381 6.649320e-01 1.816000e-03 3.332520e-01
382 6.646920e-01 1.720000e-03 3.335880e-01
383 6.643920e-01 1.756000e-03 3.338520e-01
384 6.640640e-01 1.760000e-03 3.341760e-01
385 6.638000e-01 1.720000e-03 3.344800e-01
386 6.635960e-01 1.648000e-03 3.347560e-01
387 6.633440e-01 1.664000e-03 3.349920e-01
388 6.630720e-01 1.656000e-03 3.352720e-01
389 6.628360e-01 1.624000e-03 3.355400e-01
390 6.626360e-01 1.544000e-03 3.358200e-01
391 6.623840e-01 1.484000e-03 3.361320e-01
392 6.622320e-01 1.416000e-03 3.363520e-01
393 6.620520e-01 1.360000e-03 3.365880e-01
394 6.618040e-01 1.344000e-03 3.368520e-01
395 6.615160e-01 1.376000e-03 3.371080e-01
396 6.613160e-01 1.376000e-03 3.373080e-01
397 6.610560e-01 1.388000e-03 3.375560e-01
398 6.608160e-01 1.376000e-03 3.378080e-01
399 6.606120e-01 1.336000e-03 3.380520e-01
400 6.603560e-01 1.380000e-03 3.382640e-01
401 6.601120e-01 1.376000e-03 3.385120e-01
402 6.598080e-01 1.444000e-03 3.387480e-01
403 6.596160e-01 1.348000e-03 3.390360e-01
404 6.594240e-01 1.300000e-03 3.392760e-01
405 6.591960e-01 1.316000e-03 3.394880e-01
406 6.589400e-01 1.364000e-03 3.396960e-01
407 6.587120e-01 1.412000e-03 3.398760e-01
408 6.584600e-01 1.360000e-03 3.401800e-01
409 6.582280e-01 1.308000e-03 3.404640e-01
410 6.579880e-01 1.284000e-03 3.407280e-01
411 6.577600e-01 1.272000e-03 3.409680e-01
412 6.575560e-01 1.252000e-03 3.411920e-01
413 6.573520e-01 1.268000e-03 3.413800e-01
414 6.572080e-01 1.200000e-03 3.415920e-01
415 6.570080e-01 1.184000e-03 3.418080e-01
416 6.568160e-01 1.156000e-03 3.420280e-01
417 6.566880e-01 1.132000e-03 3.421800e-01
418 6.565480e-01 1.044000e-03 3.424080e-01
419 6.563560e-01 1.072000e-03 3.425720e-01
420 6.561880e-01 1.052000e-03 3.427600e-01
421 6.559760e-01 1.064000e-03 3.429600e-01
422 6.557840e-01 1.084000e-03 3.431320e-01
423 6.555640e-01 1.140000e-03 3.432960e-01
424 6.553800e-01 1.156000e-03 3.434640e-01
425 6.552680e-01 1.012000e-03 3.437200e-01
426 6.550800e-01 9.960000e-04 3.439240e-01
427 6.549440e-01 9.560000e-04 3.441000e-01
428 6.548160e-01 9.440000e-04 3.442400e-01
429 6.546960e-01 9.200000e-04 3.443840e-01
430 6.545600e-01 9.040000e-04 3.445360e-01
431 6.544600e-01 8.400000e-04 3.447000e-01
432 6.543120e-01 8.360000e-04 3.448520e-01
433 6.541960e-01 8.200000e-04 3.449840e-01
434 6.540840e-01 7.920000e-04 3.451240e-01
435 6.539440e-01 7.960000e-04 3.452600e-01
436 6.538040e-01 8.080000e-04 3.453880e-01
437 6.536840e-01 7.600000e-04 3.455560e-01
438 6.535240e-01 8.120000e-04 3.456640e-01
439 6.533520e-01 8.040000e-04 3.458440e-01
440 6.531960e-01 8.320000e-04 3.459720e-01
441 6.530680e-01 7.960000e-04 3.461360e-01
442 6.528800e-01 8.680000e-04 3.462520e-01
443 6.527480e-01 8.880000e-04 3.463640e-01
444 6.525560e-01 9.000000e-04 3.465440e-01
445 6.524280e-01 8.800000e-04 3.466920e-01
446 6.522600e-01 8.680000e-04 3.468720e-01
447 6.521280e-01 8.800000e-04 3.469920e-01
448 6.519880e-01 8.640000e-04 3.471480e-01
449 6.517920e-01 8.720000e-04 3.473360e-01
450 6.516000e-01 9.160000e-04 3.474840e-01
451 6.513880e-01 9.640000e-04 3.476480e-01
452 6.511200e-01 1.068000e-03 3.478120e-01
453 6.508320e-01 1.140000e-03 3.480280e-01
454 6.506160e-01 1.192000e-03 3.481920e-01
455 6.503880e-01 1.204000e-03 3.484080e-01
456 6.501720e-01 1.200000e-03 3.486280e-01
457 6.499320e-01 1.200000e-03 3.488680e-01
458 6.497080e-01 1.240000e-03 3.490520e-01
459 6.495000e-01 1.240000e-03 3.492600e-01
460 6.492800e-01 1.236000e-03 3.494840e-01
461 6.491000e-01 1.220000e-03 3.496800e-01
462 6.488760e-01 1.220000e-03 3.499040e-01
463 6.486760e-01 1.172000e-03 3.501520e-01
464 6.484880e-01 1.172000e-03 3.503400e-01
465 6.483000e-01 1.168000e-03 3.505320e-01
466 6.481160e-01 1.188000e-03 3.506960e-01
467 6.479120e-01 1.196000e-03 3.508920e-01
468 6.477560e-01 1.168000e-03 3.510760e-01
469 6.475200e-01 1.188000e-03 3.512920e-01
470 6.472520e-01 1.204000e-03 3.515440e-01
471 6.470400e-01 1.224000e-03 3.517360e-01
472 6.468360e-01 1.240000e-03 3.519240e-01
473 6.466320e-01 1.212000e-03 3.521560e-01
474 6.464800e-01 1.152000e-03 3.523680e-01
475 6.463000e-01 1.108000e-03 3.525920e-01
476 6.461120e-01 1.172000e-03 3.527160e-01
477 6.459360e-01 1.124000e-03 3.529400e-01
478 6.457760e-01 1.048000e-03 3.531760e-01
479 6.456000e-01 1.020000e-03 3.533800e-01
480 6.454200e-01 1.044000e-03 3.535360e-01
481 6.452680e-01 1.032000e-03 3.537000e-01
482 6.450920e-01 1.048000e-03 3.538600e-01
483 6.449000e-01 1.076000e-03 3.540240e-01
484 6.447240e-01 1.012000e-03 3.542640e-01
485 6.445640e-01 9.600000e-04 3.544760e-01
486 6.444160e-01 9.240000e-04 3.546600e-01
487 6.442160e-01 1.008000e-03 3.547760e-01
488 6.440560e-01 9.320000e-04 3.550120e-01
489 6.438760e-01 9.600000e-04 3.551640e-01
490 6.437040e-01 9.880000e-04 3.553080e-01
491 6.435880e-01 8.600000e-04 3.555520e-01
492 6.434720e-01 8.280000e-04 3.557000e-01
493 6.433480e-01 8.280000e-04 3.558240e-01
494 6.432320e-01 7.800000e-04 3.559880e-01
495 6.431000e-01 7.960000e-04 3.561040e-01
496 6.429840e-01 7.440000e-04 3.562720e-01
497 6.428960e-01 7.080000e-04 3.563960e-01
498 6.427840e-01 7.320000e-04 3.564840e-01
499 6.426400e-01 7.640000e-04 3.565960e-01
500 6.425080e-01 7.560000e-04 3.567360e-01
