1 9.992640e-01 6.440000e-04 9.200000e-05
2 9.987600e-01 9.680000e-04 2.720000e-04
3 9.982000e-01 1.348000e-03 4.520000e-04
4 9.975160e-01 1.752000e-03 7.320000e-04
5 9.967320e-01 2.204000e-03 1.064000e-03
6 9.959440e-01 2.592000e-03 1.464000e-03
7 9.951080e-01 2.908000e-03 1.984000e-03
8 9.941360e-01 3.304000e-03 2.560000e-03
9 9.931840e-01 3.620000e-03 3.196000e-03
10 9.921560e-01 4.064000e-03 3.780000e-03
11 9.912280e-01 4.276000e-03 4.496000e-03
12 9.902000e-01 4.592000e-03 5.208000e-03
13 9.890760e-01 4.872000e-03 6.052000e-03
14 9.880440e-01 5.060000e-03 6.896000e-03
15 9.868880e-01 5.332000e-03 7.780000e-03
16 9.857920e-01 5.464000e-03 8.744000e-03
17 9.847680e-01 5.448000e-03 9.784000e-03
18 9.837360e-01 5.564000e-03 1.070000e-02
19 9.827600e-01 5.472000e-03 1.176800e-02
20 9.817680e-01 5.560000e-03 1.267200e-02
21 9.807720e-01 5.584000e-03 1.364400e-02
22 9.796200e-01 5.716000e-03 1.466400e-02
23 9.785240e-01 5.712000e-03 1.576400e-02
24 9.775480e-01 5.768000e-03 1.668400e-02
25 9.765000e-01 5.876000e-03 1.762400e-02
26 9.752400e-01 6.048000e-03 1.871200e-02
27 9.741560e-01 6.092000e-03 1.975200e-02
28 9.730280e-01 6.140000e-03 2.083200e-02
29 9.719400e-01 6.100000e-03 2.196000e-02
30 9.707360e-01 6.196000e-03 2.306800e-02
31 9.694600e-01 6.276000e-03 2.426400e-02
32 9.682800e-01 6.324000e-03 2.539600e-02
33 9.670080e-01 6.428000e-03 2.656400e-02
34 9.656240e-01 6.752000e-03 2.762400e-02
35 9.643640e-01 6.760000e-03 2.887600e-02
36 9.630760e-01 6.844000e-03 3.008000e-02
37 9.617440e-01 7.028000e-03 3.122800e-02
38 9.605080e-01 7.144000e-03 3.234800e-02
39 9.591600e-01 7.200000e-03 3.364000e-02
40 9.577800e-01 7.316000e-03 3.490400e-02
41 9.564720e-01 7.336000e-03 3.619200e-02
42 9.551200e-01 7.392000e-03 3.748800e-02
43 9.536600e-01 7.516000e-03 3.882400e-02
44 9.521760e-01 7.740000e-03 4.008400e-02
45 9.509600e-01 7.544000e-03 4.149600e-02
46 9.495840e-01 7.516000e-03 4.290000e-02
47 9.482160e-01 7.572000e-03 4.421200e-02
48 9.467760e-01 7.696000e-03 4.552800e-02
49 9.453120e-01 7.856000e-03 4.683200e-02
50 9.440240e-01 7.764000e-03 4.821200e-02
51 9.426480e-01 7.760000e-03 4.959200e-02
52 9.412880e-01 7.636000e-03 5.107600e-02
53 9.400760e-01 7.476000e-03 5.244800e-02
54 9.387480e-01 7.500000e-03 5.375200e-02
55 9.373200e-01 7.716000e-03 5.496400e-02
56 9.359440e-01 7.828000e-03 5.622800e-02
57 9.346000e-01 7.936000e-03 5.746400e-02
58 9.333760e-01 7.752000e-03 5.887200e-02
59 9.322120e-01 7.556000e-03 6.023200e-02
60 9.309880e-01 7.488000e-03 6.152400e-02
61 9.296480e-01 7.544000e-03 6.280800e-02
62 9.283520e-01 7.512000e-03 6.413600e-02
63 9.271320e-01 7.480000e-03 6.538800e-02
64 9.259200e-01 7.420000e-03 6.666000e-02
65 9.246680e-01 7.276000e-03 6.805600e-02
66 9.233840e-01 7.340000e-03 6.927600e-02
67 9.218760e-01 7.704000e-03 7.042000e-02
68 9.205440e-01 7.632000e-03 7.182400e-02
69 9.191720e-01 7.648000e-03 7.318000e-02
70 9.178000e-01 7.900000e-03 7.430000e-02
71 9.163320e-01 7.996000e-03 7.567200e-02
72 9.149680e-01 8.040000e-03 7.699200e-02
73 9.136680e-01 8.016000e-03 7.831600e-02
74 9.121840e-01 8.112000e-03 7.970400e-02
75 9.109240e-01 7.944000e-03 8.113200e-02
76 9.095120e-01 7.988000e-03 8.250000e-02
77 9.080840e-01 8.012000e-03 8.390400e-02
78 9.067280e-01 7.996000e-03 8.527600e-02
79 9.053840e-01 7.952000e-03 8.666400e-02
80 9.040240e-01 7.812000e-03 8.816400e-02
81 9.025800e-01 7.944000e-03 8.947600e-02
82 9.010960e-01 8.088000e-03 9.081600e-02
83 8.998080e-01 8.040000e-03 9.215200e-02
84 8.983840e-01 7.956000e-03 9.366000e-02
85 8.969360e-01 8.108000e-03 9.495600e-02
86 8.956000e-01 8.040000e-03 9.636000e-02
87 8.942880e-01 7.984000e-03 9.772800e-02
88 8.928560e-01 8.004000e-03 9.914000e-02
89 8.915280e-01 7.872000e-03 1.006000e-01
90 8.900760e-01 7.828000e-03 1.020960e-01
91 8.887960e-01 7.672000e-03 1.035320e-01
92 8.876120e-01 7.456000e-03 1.049320e-01
93 8.862160e-01 7.544000e-03 1.062400e-01
94 8.849600e-01 7.548000e-03 1.074920e-01
95 8.835920e-01 7.612000e-03 1.087960e-01
96 8.822040e-01 7.644000e-03 1.101520e-01
97 8.807480e-01 7.700000e-03 1.115520e-01
98 8.795680e-01 7.536000e-03 1.128960e-01
99 8.781080e-01 7.672000e-03 1.142200e-01
100 8.768440e-01 7.608000e-03 1.155480e-01
101 8.754960e-01 7.596000e-03 1.169080e-01
102 8.742200e-01 7.632000e-03 1.181480e-01
103 8.730160e-01 7.616000e-03 1.193680e-01
104 8.717680e-01 7.684000e-03 1.205480e-01
105 8.704640e-01 7.664000e-03 1.218720e-01
106 8.692320e-01 7.440000e-03 1.233280e-01
107 8.679800e-01 7.208000e-03 1.248120e-01
108 8.667960e-01 7.032000e-03 1.261720e-01
109 8.655160e-01 7.128000e-03 1.273560e-01
110 8.643720e-01 7.016000e-03 1.286120e-01
111 8.630840e-01 7.172000e-03 1.297440e-01
112 8.617720e-01 7.376000e-03 1.308520e-01
113 8.604520e-01 7.320000e-03 1.322280e-01
114 8.592400e-01 7.216000e-03 1.335440e-01
115 8.579880e-01 7.144000e-03 1.348680e-01
116 8.568040e-01 7.132000e-03 1.360640e-01
117 8.555200e-01 7.180000e-03 1.373000e-01
118 8.542200e-01 7.244000e-03 1.385360e-01
119 8.529640e-01 7.364000e-03 1.396720e-01
120 8.516800e-01 7.304000e-03 1.410160e-01
121 8.504880e-01 7.328000e-03 1.421840e-01
122 8.492720e-01 7.380000e-03 1.433480e-01
123 8.480440e-01 7.288000e-03 1.446680e-01
124 8.468840e-01 7.144000e-03 1.459720e-01
125 8.456720e-01 7.052000e-03 1.472760e-01
126 8.445640e-01 6.996000e-03 1.484400e-01
127 8.433280e-01 7.040000e-03 1.496320e-01
128 8.423880e-01 6.752000e-03 1.508600e-01
129 8.412720e-01 6.636000e-03 1.520920e-01
130 8.401280e-01 6.712000e-03 1.531600e-01
131 8.390280e-01 6.628000e-03 1.543440e-01
132 8.378840e-01 6.564000e-03 1.555520e-01
133 8.367240e-01 6.664000e-03 1.566120e-01
134 8.356680e-01 6.560000e-03 1.577720e-01
135 8.345200e-01 6.616000e-03 1.588640e-01
136 8.334720e-01 6.540000e-03 1.599880e-01
137 8.323560e-01 6.552000e-03 1.610920e-01
138 8.313320e-01 6.440000e-03 1.622280e-01
139 8.303360e-01 6.220000e-03 1.634440e-01
140 8.292600e-01 6.252000e-03 1.644880e-01
141 8.281880e-01 6.288000e-03 1.655240e-01
142 8.270240e-01 6.252000e-03 1.667240e-01
143 8.260080e-01 6.048000e-03 1.679440e-01
144 8.250680e-01 5.876000e-03 1.690560e-01
145 8.242000e-01 5.820000e-03 1.699800e-01
146 8.232600e-01 5.756000e-03 1.709840e-01
147 8.222320e-01 5.796000e-03 1.719720e-01
148 8.212400e-01 5.772000e-03 1.729880e-01
149 8.200800e-01 5.896000e-03 1.740240e-01
150 8.190000e-01 5.992000e-03 1.750080e-01
151 8.179520e-01 6.048000e-03 1.760000e-01
152 8.168440e-01 6.116000e-03 1.770400e-01
153 8.157880e-01 6.132000e-03 1.780800e-01
154 8.147480e-01 6.160000e-03 1.790920e-01
155 8.138240e-01 6.120000e-03 1.800560e-01
156 8.127040e-01 6.196000e-03 1.811000e-01
157 8.116000e-01 6.144000e-03 1.822560e-01
158 8.106640e-01 6.152000e-03 1.831840e-01
159 8.096640e-01 6.152000e-03 1.841840e-01
160 8.083360e-01 6.488000e-03 1.851760e-01
161 8.072400e-01 6.472000e-03 1.862880e-01
162 8.061240e-01 6.524000e-03 1.873520e-01
163 8.050120e-01 6.576000e-03 1.884120e-01
164 8.039160e-01 6.540000e-03 1.895440e-01
165 8.026800e-01 6.660000e-03 1.906600e-01
166 8.015920e-01 6.572000e-03 1.918360e-01
167 8.005320e-01 6.460000e-03 1.930080e-01
168 7.993640e-01 6.500000e-03 1.941360e-01
169 7.981920e-01 6.556000e-03 1.952520e-01
170 7.970040e-01 6.532000e-03 1.964640e-01
171 7.959280e-01 6.340000e-03 1.977320e-01
172 7.948800e-01 6.336000e-03 1.987840e-01
173 7.939080e-01 6.212000e-03 1.998800e-01
174 7.928400e-01 6.220000e-03 2.009400e-01
175 7.918240e-01 6.168000e-03 2.020080e-01
176 7.908800e-01 6.084000e-03 2.030360e-01
177 7.896920e-01 6.152000e-03 2.041560e-01
178 7.887320e-01 6.064000e-03 2.052040e-01
179 7.877040e-01 6.128000e-03 2.061680e-01
180 7.867040e-01 6.080000e-03 2.072160e-01
181 7.856440e-01 6.124000e-03 2.082320e-01
182 7.844920e-01 6.148000e-03 2.093600e-01
183 7.835760e-01 5.980000e-03 2.104440e-01
184 7.826920e-01 5.816000e-03 2.114920e-01
185 7.817040e-01 5.840000e-03 2.124560e-01
186 7.806240e-01 5.816000e-03 2.135600e-01
187 7.796200e-01 5.896000e-03 2.144840e-01
188 7.785520e-01 5.916000e-03 2.155320e-01
189 7.776480e-01 5.812000e-03 2.165400e-01
190 7.766400e-01 5.740000e-03 2.176200e-01
191 7.757240e-01 5.716000e-03 2.185600e-01
192 7.746640e-01 5.796000e-03 2.195400e-01
193 7.736880e-01 5.752000e-03 2.205600e-01
194 7.728040e-01 5.552000e-03 2.216440e-01
195 7.719880e-01 5.444000e-03 2.225680e-01
196 7.711080e-01 5.380000e-03 2.235120e-01
197 7.704080e-01 5.180000e-03 2.244120e-01
198 7.695440e-01 5.244000e-03 2.252120e-01
199 7.686560e-01 5.196000e-03 2.261480e-01
200 7.678320e-01 5.084000e-03 2.270840e-01
201 7.670880e-01 4.904000e-03 2.280080e-01
202 7.661120e-01 5.072000e-03 2.288160e-01
203 7.652320e-01 5.140000e-03 2.296280e-01
204 7.643440e-01 5.136000e-03 2.305200e-01
205 7.634960e-01 5.148000e-03 2.313560e-01
206 7.626240e-01 5.068000e-03 2.323080e-01
207 7.617440e-01 4.972000e-03 2.332840e-01
208 7.608520e-01 5.008000e-03 2.341400e-01
209 7.600240e-01 5.056000e-03 2.349200e-01
210 7.592960e-01 4.864000e-03 2.358400e-01
211 7.584320e-01 4.880000e-03 2.366880e-01
212 7.574640e-01 5.120000e-03 2.374160e-01
213 7.565320e-01 5.076000e-03 2.383920e-01
214 7.556720e-01 5.076000e-03 2.392520e-01
215 7.547520e-01 5.056000e-03 2.401920e-01
216 7.538120e-01 5.200000e-03 2.409880e-01
217 7.529880e-01 5.056000e-03 2.419560e-01
218 7.520280e-01 5.116000e-03 2.428560e-01
219 7.513440e-01 4.924000e-03 2.437320e-01
220 7.504840e-01 4.948000e-03 2.445680e-01
221 7.496760e-01 4.916000e-03 2.454080e-01
222 7.488880e-01 4.760000e-03 2.463520e-01
223 7.482000e-01 4.700000e-03 2.471000e-01
224 7.474120e-01 4.708000e-03 2.478800e-01
225 7.466440e-01 4.692000e-03 2.486640e-01
226 7.457560e-01 4.800000e-03 2.494440e-01
227 7.449400e-01 4.712000e-03 2.503480e-01
228 7.441720e-01 4.644000e-03 2.511840e-01
229 7.434040e-01 4.640000e-03 2.519560e-01
230 7.426840e-01 4.548000e-03 2.527680e-01
231 7.418240e-01 4.564000e-03 2.536120e-01
232 7.411720e-01 4.436000e-03 2.543920e-01
233 7.405080e-01 4.376000e-03 2.551160e-01
234 7.398360e-01 4.336000e-03 2.558280e-01
235 7.391760e-01 4.224000e-03 2.566000e-01
236 7.386000e-01 4.088000e-03 2.573120e-01
237 7.379760e-01 4.020000e-03 2.580040e-01
238 7.374080e-01 3.912000e-03 2.586800e-01
239 7.367920e-01 3.896000e-03 2.593120e-01
240 7.362520e-01 3.784000e-03 2.599640e-01
241 7.357000e-01 3.684000e-03 2.606160e-01
242 7.351120e-01 3.556000e-03 2.613320e-01
243 7.344680e-01 3.592000e-03 2.619400e-01
244 7.339000e-01 3.564000e-03 2.625360e-01
245 7.334120e-01 3.388000e-03 2.632000e-01
246 7.328600e-01 3.360000e-03 2.637800e-01
247 7.323360e-01 3.292000e-03 2.643720e-01
248 7.318280e-01 3.240000e-03 2.649320e-01
249 7.313440e-01 3.132000e-03 2.655240e-01
250 7.308920e-01 3.060000e-03 2.660480e-01
251 7.303440e-01 3.044000e-03 2.666120e-01
252 7.298080e-01 2.972000e-03 2.672200e-01
253 7.293640e-01 2.892000e-03 2.677440e-01
254 7.288840e-01 2.932000e-03 2.681840e-01
255 7.284000e-01 2.844000e-03 2.687560e-01
256 7.279520e-01 2.832000e-03 2.692160e-01
257 7.275160e-01 2.836000e-03 2.696480e-01
258 7.270920e-01 2.724000e-03 2.701840e-01
259 7.266880e-01 2.696000e-03 2.706160e-01
260 7.262800e-01 2.644000e-03 2.710760e-01
261 7.259200e-01 2.536000e-03 2.715440e-01
262 7.255000e-01 2.520000e-03 2.719800e-01
263 7.250280e-01 2.496000e-03 2.724760e-01
264 7.246400e-01 2.444000e-03 2.729160e-01
265 7.242680e-01 2.404000e-03 2.733280e-01
266 7.238520e-01 2.348000e-03 2.738000e-01
267 7.233320e-01 2.412000e-03 2.742560e-01
268 7.228800e-01 2.424000e-03 2.746960e-01
269 7.224360e-01 2.412000e-03 2.751520e-01
270 7.220000e-01 2.460000e-03 2.755400e-01
271 7.215600e-01 2.448000e-03 2.759920e-01
272 7.211480e-01 2.396000e-03 2.764560e-01
273 7.208240e-01 2.296000e-03 2.768800e-01
274 7.205080e-01 2.180000e-03 2.773120e-01
275 7.200920e-01 2.196000e-03 2.777120e-01
276 7.197360e-01 2.092000e-03 2.781720e-01
277 7.193120e-01 2.140000e-03 2.785480e-01
278 7.189320e-01 2.184000e-03 2.788840e-01
279 7.184760e-01 2.260000e-03 2.792640e-01
280 7.181440e-01 2.196000e-03 2.796600e-01
281 7.177560e-01 2.196000e-03 2.800480e-01
282 7.173320e-01 2.156000e-03 2.805120e-01
283 7.168760e-01 2.268000e-03 2.808560e-01
284 7.164400e-01 2.292000e-03 2.812680e-01
285 7.160400e-01 2.280000e-03 2.816800e-01
286 7.157000e-01 2.224000e-03 2.820760e-01
287 7.153280e-01 2.192000e-03 2.824800e-01
288 7.149160e-01 2.184000e-03 2.829000e-01
289 7.145800e-01 2.136000e-03 2.832840e-01
290 7.141000e-01 2.248000e-03 2.836520e-01
291 7.136480e-01 2.296000e-03 2.840560e-01
292 7.133160e-01 2.248000e-03 2.844360e-01
293 7.128800e-01 2.264000e-03 2.848560e-01
294 7.124960e-01 2.268000e-03 2.852360e-01
295 7.120520e-01 2.324000e-03 2.856240e-01
296 7.116840e-01 2.260000e-03 2.860560e-01
297 7.113080e-01 2.240000e-03 2.864520e-01
298 7.109360e-01 2.232000e-03 2.868320e-01
299 7.105400e-01 2.200000e-03 2.872600e-01
300 7.101600e-01 2.172000e-03 2.876680e-01
301 7.097080e-01 2.248000e-03 2.880440e-01
302 7.092560e-01 2.292000e-03 2.884520e-01
303 7.088760e-01 2.260000e-03 2.888640e-01
304 7.084360e-01 2.276000e-03 2.892880e-01
305 7.080200e-01 2.276000e-03 2.897040e-01
306 7.075920e-01 2.348000e-03 2.900600e-01
307 7.071200e-01 2.432000e-03 2.904480e-01
308 7.066840e-01 2.472000e-03 2.908440e-01
309 7.062800e-01 2.468000e-03 2.912520e-01
310 7.058520e-01 2.448000e-03 2.917000e-01
311 7.055400e-01 2.344000e-03 2.921160e-01
312 7.052000e-01 2.312000e-03 2.924880e-01
313 7.048480e-01 2.320000e-03 2.928320e-01
314 7.044760e-01 2.340000e-03 2.931840e-01
315 7.040840e-01 2.352000e-03 2.935640e-01
316 7.037040e-01 2.392000e-03 2.939040e-01
317 7.033280e-01 2.368000e-03 2.943040e-01
318 7.029320e-01 2.340000e-03 2.947280e-01
319 7.025240e-01 2.336000e-03 2.951400e-01
320 7.021200e-01 2.332000e-03 2.955480e-01
321 7.016280e-01 2.436000e-03 2.959360e-01
322 7.011600e-01 2.364000e-03 2.964760e-01
323 7.006520e-01 2.504000e-03 2.968440e-01
324 7.001840e-01 2.548000e-03 2.972680e-01
325 6.997040e-01 2.616000e-03 2.976800e-01
326 6.992000e-01 2.712000e-03 2.980880e-01
327 6.987400e-01 2.748000e-03 2.985120e-01
328 6.982720e-01 2.716000e-03 2.990120e-01
329 6.979040e-01 2.644000e-03 2.994520e-01
330 6.975040e-01 2.576000e-03 2.999200e-01
331 6.971200e-01 2.496000e-03 3.003840e-01
332 6.966960e-01 2.500000e-03 3.008040e-01
333 6.962520e-01 2.556000e-03 3.011920e-01
334 6.957720e-01 2.564000e-03 3.016640e-01
335 6.953960e-01 2.544000e-03 3.020600e-01
336 6.949760e-01 2.508000e-03 3.025160e-01
337 6.945720e-01 2.504000e-03 3.029240e-01
338 6.941560e-01 2.464000e-03 3.033800e-01
339 6.937560e-01 2.444000e-03 3.038000e-01
340 6.933560e-01 2.380000e-03 3.042640e-01
341 6.930080e-01 2.364000e-03 3.046280e-01
342 6.926520e-01 2.284000e-03 3.050640e-01
343 6.922920e-01 2.252000e-03 3.054560e-01
344 6.919000e-01 2.192000e-03 3.059080e-01
345 6.915360e-01 2.192000e-03 3.062720e-01
346 6.911720e-01 2.148000e-03 3.066800e-01
347 6.908560e-01 2.100000e-03 3.070440e-01
348 6.905920e-01 2.040000e-03 3.073680e-01
349 6.902840e-01 2.040000e-03 3.076760e-01
350 6.899640e-01 1.984000e-03 3.080520e-01
351 6.897000e-01 1.856000e-03 3.084440e-01
352 6.894880e-01 1.804000e-03 3.087080e-01
353 6.891960e-01 1.784000e-03 3.090200e-01
354 6.889680e-01 1.752000e-03 3.092800e-01
355 6.887320e-01 1.664000e-03 3.096040e-01
356 6.884280e-01 1.684000e-03 3.098880e-01
357 6.881000e-01 1.716000e-03 3.101840e-01
358 6.878440e-01 1.684000e-03 3.104720e-01
359 6.875520e-01 1.704000e-03 3.107440e-01
360 6.872800e-01 1.696000e-03 3.110240e-01
361 6.869520e-01 1.704000e-03 3.113440e-01
362 6.866720e-01 1.676000e-03 3.116520e-01
363 6.863480e-01 1.672000e-03 3.119800e-01
364 6.861360e-01 1.624000e-03 3.122400e-01
365 6.858440e-01 1.620000e-03 3.125360e-01
366 6.855560e-01 1.604000e-03 3.128400e-01
367 6.852280e-01 1.648000e-03 3.131240e-01
368 6.848800e-01 1.756000e-03 3.133640e-01
369 6.845880e-01 1.760000e-03 3.136520e-01
370 6.843080e-01 1.716000e-03 3.139760e-01
371 6.839840e-01 1.760000e-03 3.142560e-01
372 6.836480e-01 1.756000e-03 3.145960e-01
373 6.832840e-01 1.856000e-03 3.148600e-01
374 6.829120e-01 1.904000e-03 3.151840e-01
375 6.825160e-01 2.012000e-03 3.154720e-01
376 6.821080e-01 2.120000e-03 3.157720e-01
377 6.817000e-01 2.188000e-03 3.161120e-01
378 6.813720e-01 2.112000e-03 3.165160e-01
379 6.811040e-01 2.068000e-03 3.168280e-01
380 6.808440e-01 1.948000e-03 3.172080e-01
381 6.805760e-01 1.836000e-03 3.175880e-01
382 6.802720e-01 1.816000e-03 3.179120e-01
383 6.800320e-01 1.780000e-03 3.181880e-01
384 6.798080e-01 1.700000e-03 3.184920e-01
385 6.795680e-01 1.688000e-03 3.187440e-01
386 6.792880e-01 1.636000e-03 3.190760e-01
387 6.790280e-01 1.604000e-03 3.193680e-01
388 6.787080e-01 1.652000e-03 3.196400e-01
389 6.784640e-01 1.668000e-03 3.198680e-01
390 6.782440e-01 1.640000e-03 3.201160e-01
391 6.779920e-01 1.604000e-03 3.204040e-01
392 6.777360e-01 1.548000e-03 3.207160e-01
393 6.775480e-01 1.444000e-03 3.210080e-01
394 6.772760e-01 1.400000e-03 3.213240e-01
395 6.770440e-01 1.388000e-03 3.215680e-01
396 6.768000e-01 1.376000e-03 3.218240e-01
397 6.765280e-01 1.440000e-03 3.220320e-01
398 6.763320e-01 1.392000e-03 3.222760e-01
399 6.760440e-01 1.404000e-03 3.225520e-01
400 6.757360e-01 1.488000e-03 3.227760e-01
401 6.755000e-01 1.436000e-03 3.230640e-01
402 6.753080e-01 1.356000e-03 3.233360e-01
403 6.750280e-01 1.432000e-03 3.235400e-01
404 6.747480e-01 1.488000e-03 3.237640e-01
405 6.744880e-01 1.420000e-03 3.240920e-01
406 6.742800e-01 1.388000e-03 3.243320e-01
407 6.741040e-01 1.304000e-03 3.245920e-01
408 6.738840e-01 1.264000e-03 3.248520e-01
409 6.736640e-01 1.240000e-03 3.250960e-01
410 6.734400e-01 1.224000e-03 3.253360e-01
411 6.732400e-01 1.200000e-03 3.255600e-01
412 6.730320e-01 1.216000e-03 3.257520e-01
413 6.728480e-01 1.188000e-03 3.259640e-01
414 6.726720e-01 1.148000e-03 3.261800e-01
415 6.724320e-01 1.160000e-03 3.264080e-01
416 6.722080e-01 1.144000e-03 3.266480e-01
417 6.720400e-01 1.116000e-03 3.268440e-01
418 6.718560e-01 1.140000e-03 3.270040e-01
419 6.716840e-01 1.156000e-03 3.271600e-01
420 6.714920e-01 1.180000e-03 3.273280e-01
421 6.713200e-01 1.168000e-03 3.275120e-01
422 6.711200e-01 1.180000e-03 3.277000e-01
423 6.709480e-01 1.156000e-03 3.278960e-01
424 6.707560e-01 1.140000e-03 3.281040e-01
425 6.705400e-01 1.152000e-03 3.283080e-01
426 6.703840e-01 1.136000e-03 3.284800e-01
427 6.701760e-01 1.136000e-03 3.286880e-01
428 6.699880e-01 1.128000e-03 3.288840e-01
429 6.697800e-01 1.136000e-03 3.290840e-01
430 6.696400e-01 1.096000e-03 3.292640e-01
431 6.695040e-01 1.064000e-03 3.294320e-01
432 6.693680e-01 1.028000e-03 3.296040e-01
433 6.691960e-01 1.036000e-03 3.297680e-01
434 6.690120e-01 1.036000e-03 3.299520e-01
435 6.688320e-01 1.020000e-03 3.301480e-01
436 6.686480e-01 1.032000e-03 3.303200e-01
437 6.684960e-01 9.920000e-04 3.305120e-01
438 6.683600e-01 9.400000e-04 3.307000e-01
439 6.682080e-01 8.920000e-04 3.309000e-01
440 6.681080e-01 8.160000e-04 3.310760e-01
441 6.679680e-01 8.120000e-04 3.312200e-01
442 6.678320e-01 7.800000e-04 3.313880e-01
443 6.676840e-01 7.760000e-04 3.315400e-01
444 6.675360e-01 8.040000e-04 3.316600e-01
445 6.674120e-01 7.760000e-04 3.318120e-01
446 6.672400e-01 7.840000e-04 3.319760e-01
447 6.670600e-01 8.040000e-04 3.321360e-01
448 6.669200e-01 8.120000e-04 3.322680e-01
449 6.667520e-01 8.120000e-04 3.324360e-01
450 6.665800e-01 8.600000e-04 3.325600e-01
451 6.663840e-01 9.200000e-04 3.326960e-01
452 6.662240e-01 9.040000e-04 3.328720e-01
453 6.660520e-01 8.880000e-04 3.330600e-01
454 6.659120e-01 8.760000e-04 3.332120e-01
455 6.657800e-01 8.600000e-04 3.333600e-01
456 6.656040e-01 8.760000e-04 3.335200e-01
457 6.654320e-01 9.080000e-04 3.336600e-01
458 6.652680e-01 9.520000e-04 3.337800e-01
459 6.651200e-01 9.240000e-04 3.339560e-01
460 6.649640e-01 9.200000e-04 3.341160e-01
461 6.647960e-01 9.360000e-04 3.342680e-01
462 6.646600e-01 8.920000e-04 3.344480e-01
463 6.644880e-01 9.600000e-04 3.345520e-01
464 6.643280e-01 9.400000e-04 3.347320e-01
465 6.642040e-01 9.000000e-04 3.348960e-01
466 6.640800e-01 8.760000e-04 3.350440e-01
467 6.639360e-01 9.000000e-04 3.351640e-01
468 6.638160e-01 8.800000e-04 3.353040e-01
469 6.636640e-01 8.560000e-04 3.354800e-01
470 6.635680e-01 7.960000e-04 3.356360e-01
471 6.634400e-01 8.000000e-04 3.357600e-01
472 6.632720e-01 8.240000e-04 3.359040e-01
473 6.631080e-01 8.200000e-04 3.360720e-01
474 6.629680e-01 7.960000e-04 3.362360e-01
475 6.628680e-01 7.400000e-04 3.363920e-01
476 6.627560e-01 7.080000e-04 3.365360e-01
477 6.626760e-01 6.520000e-04 3.366720e-01
478 6.625680e-01 6.600000e-04 3.367720e-01
479 6.624680e-01 6.720000e-04 3.368600e-01
480 6.623480e-01 6.880000e-04 3.369640e-01
481 6.622600e-01 6.600000e-04 3.370800e-01
482 6.621600e-01 6.360000e-04 3.372040e-01
483 6.620880e-01 6.160000e-04 3.372960e-01
484 6.619840e-01 6.240000e-04 3.373920e-01
485 6.619000e-01 5.640000e-04 3.375360e-01
486 6.618040e-01 5.560000e-04 3.376400e-01
487 6.617360e-01 5.360000e-04 3.377280e-01
488 6.616280e-01 5.280000e-04 3.378440e-01
489 6.615520e-01 5.120000e-04 3.379360e-01
490 6.614960e-01 4.840000e-04 3.380200e-01
491 6.614360e-01 4.720000e-04 3.380920e-01
492 6.613320e-01 5.200000e-04 3.381480e-01
493 6.612640e-01 5.120000e-04 3.382240e-01
494 6.612000e-01 4.840000e-04 3.383160e-01
495 6.611560e-01 4.080000e-04 3.384360e-01
496 6.610920e-01 4.040000e-04 3.385040e-01
497 6.610200e-01 4.240000e-04 3.385560e-01
498 6.609680e-01 3.720000e-04 3.386600e-01
499 6.609040e-01 3.600000e-04 3.387360e-01
500 6.608680e-01 3.400000e-04 3.387920e-01
