1 9.992080e-01 7.200000e-04 7.200000e-05
2 9.986320e-01 1.128000e-03 2.400000e-04
3 9.979400e-01 1.596000e-03 4.640000e-04
4 9.972760e-01 1.936000e-03 7.880000e-04
5 9.965520e-01 2.312000e-03 1.136000e-03
6 9.956000e-01 2.828000e-03 1.572000e-03
7 9.947800e-01 3.124000e-03 2.096000e-03
8 9.939280e-01 3.440000e-03 2.632000e-03
9 9.929360e-01 3.720000e-03 3.344000e-03
10 9.919880e-01 4.040000e-03 3.972000e-03
11 9.909280e-01 4.324000e-03 4.748000e-03
12 9.898080e-01 4.696000e-03 5.496000e-03
13 9.887520e-01 4.900000e-03 6.348000e-03
14 9.876440e-01 5.124000e-03 7.232000e-03
15 9.866440e-01 5.232000e-03 8.124000e-03
16 9.851920e-01 5.800000e-03 9.008000e-03
17 9.837200e-01 6.112000e-03 1.016800e-02
18 9.822800e-01 6.516000e-03 1.120400e-02
19 9.808640e-01 6.804000e-03 1.233200e-02
20 9.794640e-01 7.092000e-03 1.344400e-02
21 9.780400e-01 7.292000e-03 1.466800e-02
22 9.765480e-01 7.544000e-03 1.590800e-02
23 9.750720e-01 7.724000e-03 1.720400e-02
24 9.735280e-01 7.944000e-03 1.852800e-02
25 9.720560e-01 8.048000e-03 1.989600e-02
26 9.704720e-01 8.216000e-03 2.131200e-02
27 9.688400e-01 8.312000e-03 2.284800e-02
28 9.673120e-01 8.452000e-03 2.423600e-02
29 9.656680e-01 8.636000e-03 2.569600e-02
30 9.640520e-01 8.896000e-03 2.705200e-02
31 9.625920e-01 8.780000e-03 2.862800e-02
32 9.610600e-01 8.660000e-03 3.028000e-02
33 9.595200e-01 8.604000e-03 3.187600e-02
34 9.577920e-01 8.812000e-03 3.339600e-02
35 9.561400e-01 9.040000e-03 3.482000e-02
36 9.546520e-01 8.912000e-03 3.643600e-02
37 9.531560e-01 8.800000e-03 3.804400e-02
38 9.516760e-01 8.888000e-03 3.943600e-02
39 9.502520e-01 8.776000e-03 4.097200e-02
40 9.487160e-01 8.612000e-03 4.267200e-02
41 9.472640e-01 8.648000e-03 4.408800e-02
42 9.456480e-01 8.752000e-03 4.560000e-02
43 9.438960e-01 9.088000e-03 4.701600e-02
44 9.423560e-01 9.144000e-03 4.850000e-02
45 9.407640e-01 9.120000e-03 5.011600e-02
46 9.392440e-01 9.032000e-03 5.172400e-02
47 9.378000e-01 8.848000e-03 5.335200e-02
48 9.363080e-01 8.736000e-03 5.495600e-02
49 9.347160e-01 8.876000e-03 5.640800e-02
50 9.331840e-01 8.864000e-03 5.795200e-02
51 9.315560e-01 9.008000e-03 5.943600e-02
52 9.299000e-01 9.092000e-03 6.100800e-02
53 9.283200e-01 9.176000e-03 6.250400e-02
54 9.267080e-01 9.120000e-03 6.417200e-02
55 9.250560e-01 9.352000e-03 6.559200e-02
56 9.234920e-01 9.304000e-03 6.720400e-02
57 9.219400e-01 9.044000e-03 6.901600e-02
58 9.203480e-01 9.028000e-03 7.062400e-02
59 9.187120e-01 9.148000e-03 7.214000e-02
60 9.171200e-01 9.112000e-03 7.376800e-02
61 9.156480e-01 9.036000e-03 7.531600e-02
62 9.140600e-01 9.000000e-03 7.694000e-02
63 9.126000e-01 8.872000e-03 7.852800e-02
64 9.110480e-01 8.892000e-03 8.006000e-02
65 9.093960e-01 8.876000e-03 8.172800e-02
66 9.079440e-01 8.820000e-03 8.323600e-02
67 9.064440e-01 8.840000e-03 8.471600e-02
68 9.049720e-01 8.844000e-03 8.618400e-02
69 9.033440e-01 8.872000e-03 8.778400e-02
70 9.017320e-01 9.032000e-03 8.923600e-02
71 9.000920e-01 9.300000e-03 9.060800e-02
72 8.982640e-01 9.544000e-03 9.219200e-02
73 8.969040e-01 9.276000e-03 9.382000e-02
74 8.955160e-01 9.104000e-03 9.538000e-02
75 8.940000e-01 9.024000e-03 9.697600e-02
76 8.925960e-01 8.816000e-03 9.858800e-02
77 8.912440e-01 8.624000e-03 1.001320e-01
78 8.898680e-01 8.480000e-03 1.016520e-01
79 8.883760e-01 8.504000e-03 1.031200e-01
80 8.870160e-01 8.480000e-03 1.045040e-01
81 8.856640e-01 8.320000e-03 1.060160e-01
82 8.843920e-01 8.184000e-03 1.074240e-01
83 8.831080e-01 8.096000e-03 1.087960e-01
84 8.816800e-01 8.040000e-03 1.102800e-01
85 8.803160e-01 8.068000e-03 1.116160e-01
86 8.787520e-01 8.160000e-03 1.130880e-01
87 8.773080e-01 8.140000e-03 1.145520e-01
88 8.759320e-01 8.176000e-03 1.158920e-01
89 8.746240e-01 8.196000e-03 1.171800e-01
90 8.732200e-01 8.104000e-03 1.186760e-01
91 8.717840e-01 8.000000e-03 1.202160e-01
92 8.703920e-01 7.980000e-03 1.216280e-01
93 8.690440e-01 7.984000e-03 1.229720e-01
94 8.676360e-01 8.064000e-03 1.243000e-01
95 8.662080e-01 8.080000e-03 1.257120e-01
96 8.647440e-01 8.212000e-03 1.270440e-01
97 8.631760e-01 8.364000e-03 1.284600e-01
98 8.615800e-01 8.528000e-03 1.298920e-01
99 8.603000e-01 8.376000e-03 1.313240e-01
100 8.586720e-01 8.424000e-03 1.329040e-01
101 8.574640e-01 8.196000e-03 1.343400e-01
102 8.560680e-01 8.076000e-03 1.358560e-01
103 8.546560e-01 8.084000e-03 1.372600e-01
104 8.533160e-01 8.088000e-03 1.385960e-01
105 8.519600e-01 8.024000e-03 1.400160e-01
106 8.506000e-01 7.936000e-03 1.414640e-01
107 8.491800e-01 7.976000e-03 1.428440e-01
108 8.478360e-01 8.036000e-03 1.441280e-01
109 8.464680e-01 7.944000e-03 1.455880e-01
110 8.450920e-01 7.956000e-03 1.469520e-01
111 8.437480e-01 7.836000e-03 1.484160e-01
112 8.425360e-01 7.804000e-03 1.496600e-01
113 8.411960e-01 7.688000e-03 1.511160e-01
114 8.397480e-01 7.864000e-03 1.523880e-01
115 8.383480e-01 7.948000e-03 1.537040e-01
116 8.369760e-01 7.960000e-03 1.550640e-01
117 8.356360e-01 7.912000e-03 1.564520e-01
118 8.342040e-01 7.992000e-03 1.578040e-01
119 8.329320e-01 7.972000e-03 1.590960e-01
120 8.315680e-01 7.968000e-03 1.604640e-01
121 8.302360e-01 7.928000e-03 1.618360e-01
122 8.288840e-01 7.888000e-03 1.632280e-01
123 8.274400e-01 7.920000e-03 1.646400e-01
124 8.260640e-01 7.976000e-03 1.659600e-01
125 8.247800e-01 7.884000e-03 1.673360e-01
126 8.235360e-01 7.804000e-03 1.686600e-01
127 8.222640e-01 7.664000e-03 1.700720e-01
128 8.209800e-01 7.544000e-03 1.714760e-01
129 8.197040e-01 7.500000e-03 1.727960e-01
130 8.182640e-01 7.576000e-03 1.741600e-01
131 8.170040e-01 7.556000e-03 1.754400e-01
132 8.157360e-01 7.576000e-03 1.766880e-01
133 8.145440e-01 7.384000e-03 1.780720e-01
134 8.132920e-01 7.324000e-03 1.793840e-01
135 8.120880e-01 7.292000e-03 1.806200e-01
136 8.107400e-01 7.276000e-03 1.819840e-01
137 8.094200e-01 7.308000e-03 1.832720e-01
138 8.082400e-01 7.156000e-03 1.846040e-01
139 8.070040e-01 7.168000e-03 1.858280e-01
140 8.057280e-01 7.144000e-03 1.871280e-01
141 8.045920e-01 7.012000e-03 1.883960e-01
142 8.033360e-01 7.068000e-03 1.895960e-01
143 8.022240e-01 6.964000e-03 1.908120e-01
144 8.011640e-01 6.824000e-03 1.920120e-01
145 8.000920e-01 6.764000e-03 1.931440e-01
146 7.989760e-01 6.728000e-03 1.942960e-01
147 7.978160e-01 6.804000e-03 1.953800e-01
148 7.966880e-01 6.676000e-03 1.966360e-01
149 7.953600e-01 6.912000e-03 1.977280e-01
150 7.942960e-01 6.760000e-03 1.989440e-01
151 7.932120e-01 6.700000e-03 2.000880e-01
152 7.920920e-01 6.700000e-03 2.012080e-01
153 7.909600e-01 6.576000e-03 2.024640e-01
154 7.898280e-01 6.536000e-03 2.036360e-01
155 7.887400e-01 6.492000e-03 2.047680e-01
156 7.875800e-01 6.472000e-03 2.059480e-01
157 7.864800e-01 6.340000e-03 2.071800e-01
158 7.854640e-01 6.072000e-03 2.084640e-01
159 7.843880e-01 6.076000e-03 2.095360e-01
160 7.834040e-01 5.860000e-03 2.107360e-01
161 7.825320e-01 5.604000e-03 2.118640e-01
162 7.817080e-01 5.432000e-03 2.128600e-01
163 7.809240e-01 5.260000e-03 2.138160e-01
164 7.801360e-01 5.188000e-03 2.146760e-01
165 7.793040e-01 5.152000e-03 2.155440e-01
166 7.784640e-01 5.056000e-03 2.164800e-01
167 7.776480e-01 5.024000e-03 2.173280e-01
168 7.768160e-01 5.008000e-03 2.181760e-01
169 7.760280e-01 4.860000e-03 2.191120e-01
170 7.751640e-01 4.892000e-03 2.199440e-01
171 7.743560e-01 4.764000e-03 2.208800e-01
172 7.734960e-01 4.760000e-03 2.217440e-01
173 7.727440e-01 4.656000e-03 2.226000e-01
174 7.719600e-01 4.584000e-03 2.234560e-01
175 7.711920e-01 4.472000e-03 2.243360e-01
176 7.704040e-01 4.500000e-03 2.250960e-01
177 7.695400e-01 4.588000e-03 2.258720e-01
178 7.687920e-01 4.444000e-03 2.267640e-01
179 7.681080e-01 4.304000e-03 2.275880e-01
180 7.674160e-01 4.376000e-03 2.282080e-01
181 7.667200e-01 4.252000e-03 2.290280e-01
182 7.659760e-01 4.184000e-03 2.298400e-01
183 7.652200e-01 4.184000e-03 2.305960e-01
184 7.645640e-01 4.156000e-03 2.312800e-01
185 7.637960e-01 4.156000e-03 2.320480e-01
186 7.630520e-01 4.112000e-03 2.328360e-01
187 7.622600e-01 4.264000e-03 2.334760e-01
188 7.614480e-01 4.348000e-03 2.342040e-01
189 7.606600e-01 4.420000e-03 2.349200e-01
190 7.599600e-01 4.396000e-03 2.356440e-01
191 7.592160e-01 4.320000e-03 2.364640e-01
192 7.584560e-01 4.264000e-03 2.372800e-01
193 7.577720e-01 4.232000e-03 2.379960e-01
194 7.569920e-01 4.316000e-03 2.386920e-01
195 7.561920e-01 4.396000e-03 2.394120e-01
196 7.554800e-01 4.360000e-03 2.401600e-01
197 7.547480e-01 4.320000e-03 2.409320e-01
198 7.537760e-01 4.548000e-03 2.416760e-01
199 7.529520e-01 4.640000e-03 2.424080e-01
200 7.520680e-01 4.776000e-03 2.431560e-01
201 7.512400e-01 4.784000e-03 2.439760e-01
202 7.503760e-01 4.828000e-03 2.447960e-01
203 7.496040e-01 4.740000e-03 2.456560e-01
204 7.489080e-01 4.612000e-03 2.464800e-01
205 7.482320e-01 4.408000e-03 2.473600e-01
206 7.476160e-01 4.308000e-03 2.480760e-01
207 7.470280e-01 4.144000e-03 2.488280e-01
208 7.464880e-01 3.964000e-03 2.495480e-01
209 7.459320e-01 3.808000e-03 2.502600e-01
210 7.453320e-01 3.736000e-03 2.509320e-01
211 7.447160e-01 3.716000e-03 2.515680e-01
212 7.440480e-01 3.856000e-03 2.520960e-01
213 7.434200e-01 3.776000e-03 2.528040e-01
214 7.428200e-01 3.756000e-03 2.534240e-01
215 7.422240e-01 3.772000e-03 2.540040e-01
216 7.416880e-01 3.660000e-03 2.546520e-01
217 7.410480e-01 3.696000e-03 2.552560e-01
218 7.403960e-01 3.748000e-03 2.558560e-01
219 7.397000e-01 3.776000e-03 2.565240e-01
220 7.390720e-01 3.752000e-03 2.571760e-01
221 7.384840e-01 3.656000e-03 2.578600e-01
222 7.379680e-01 3.536000e-03 2.584960e-01
223 7.374200e-01 3.500000e-03 2.590800e-01
224 7.367400e-01 3.592000e-03 2.596680e-01
225 7.359920e-01 3.720000e-03 2.602880e-01
226 7.352840e-01 3.872000e-03 2.608440e-01
227 7.346920e-01 3.912000e-03 2.613960e-01
228 7.340320e-01 3.864000e-03 2.621040e-01
229 7.333440e-01 3.956000e-03 2.627000e-01
230 7.326680e-01 3.968000e-03 2.633640e-01
231 7.319800e-01 3.976000e-03 2.640440e-01
232 7.313960e-01 3.828000e-03 2.647760e-01
233 7.308560e-01 3.744000e-03 2.654000e-01
234 7.301200e-01 3.816000e-03 2.660640e-01
235 7.294960e-01 3.756000e-03 2.667480e-01
236 7.288560e-01 3.728000e-03 2.674160e-01
237 7.281120e-01 3.936000e-03 2.679520e-01
238 7.273680e-01 4.024000e-03 2.686080e-01
239 7.267480e-01 3.960000e-03 2.692920e-01
240 7.260720e-01 3.936000e-03 2.699920e-01
241 7.254760e-01 3.792000e-03 2.707320e-01
242 7.249080e-01 3.636000e-03 2.714560e-01
243 7.242760e-01 3.592000e-03 2.721320e-01
244 7.236680e-01 3.548000e-03 2.727840e-01
245 7.230960e-01 3.452000e-03 2.734520e-01
246 7.224160e-01 3.552000e-03 2.740320e-01
247 7.217120e-01 3.616000e-03 2.746720e-01
248 7.211400e-01 3.552000e-03 2.753080e-01
249 7.204920e-01 3.552000e-03 2.759560e-01
250 7.199720e-01 3.532000e-03 2.764960e-01
251 7.194400e-01 3.464000e-03 2.770960e-01
252 7.188800e-01 3.412000e-03 2.777080e-01
253 7.183160e-01 3.348000e-03 2.783360e-01
254 7.177440e-01 3.288000e-03 2.789680e-01
255 7.172240e-01 3.284000e-03 2.794920e-01
256 7.166160e-01 3.336000e-03 2.800480e-01
257 7.160440e-01 3.268000e-03 2.806880e-01
258 7.154040e-01 3.300000e-03 2.812960e-01
259 7.148200e-01 3.344000e-03 2.818360e-01
260 7.142720e-01 3.336000e-03 2.823920e-01
261 7.135680e-01 3.416000e-03 2.830160e-01
262 7.129880e-01 3.432000e-03 2.835800e-01
263 7.125200e-01 3.272000e-03 2.842080e-01
264 7.119840e-01 3.252000e-03 2.847640e-01
265 7.115040e-01 3.180000e-03 2.853160e-01
266 7.109360e-01 3.116000e-03 2.859480e-01
267 7.103840e-01 3.088000e-03 2.865280e-01
268 7.098960e-01 3.000000e-03 2.871040e-01
269 7.094360e-01 2.944000e-03 2.876200e-01
270 7.089000e-01 2.980000e-03 2.881200e-01
271 7.084640e-01 2.836000e-03 2.887000e-01
272 7.079600e-01 2.864000e-03 2.891760e-01
273 7.074120e-01 2.928000e-03 2.896600e-01
274 7.069040e-01 3.044000e-03 2.900520e-01
275 7.062840e-01 3.076000e-03 2.906400e-01
276 7.057360e-01 3.080000e-03 2.911840e-01
277 7.050960e-01 3.200000e-03 2.917040e-01
278 7.045840e-01 3.160000e-03 2.922560e-01
279 7.039720e-01 3.128000e-03 2.929000e-01
280 7.034720e-01 3.092000e-03 2.934360e-01
281 7.029040e-01 3.172000e-03 2.939240e-01
282 7.023320e-01 3.156000e-03 2.945120e-01
283 7.017840e-01 3.156000e-03 2.950600e-01
284 7.012320e-01 3.180000e-03 2.955880e-01
285 7.007360e-01 3.116000e-03 2.961480e-01
286 7.001920e-01 3.036000e-03 2.967720e-01
287 6.996520e-01 2.980000e-03 2.973680e-01
288 6.992240e-01 2.940000e-03 2.978360e-01
289 6.987800e-01 2.872000e-03 2.983480e-01
290 6.983360e-01 2.824000e-03 2.988400e-01
291 6.978000e-01 2.880000e-03 2.993200e-01
292 6.973400e-01 2.868000e-03 2.997920e-01
293 6.969280e-01 2.848000e-03 3.002240e-01
294 6.964960e-01 2.836000e-03 3.006680e-01
295 6.960680e-01 2.788000e-03 3.011440e-01
296 6.956360e-01 2.724000e-03 3.016400e-01
297 6.951600e-01 2.696000e-03 3.021440e-01
298 6.947280e-01 2.560000e-03 3.027120e-01
299 6.943480e-01 2.488000e-03 3.031640e-01
300 6.939200e-01 2.508000e-03 3.035720e-01
301 6.935200e-01 2.456000e-03 3.040240e-01
302 6.930800e-01 2.496000e-03 3.044240e-01
303 6.926800e-01 2.476000e-03 3.048440e-01
304 6.922520e-01 2.392000e-03 3.053560e-01
305 6.918560e-01 2.336000e-03 3.058080e-01
306 6.915080e-01 2.284000e-03 3.062080e-01
307 6.910720e-01 2.348000e-03 3.065800e-01
308 6.906400e-01 2.364000e-03 3.069960e-01
309 6.902000e-01 2.396000e-03 3.074040e-01
310 6.898640e-01 2.336000e-03 3.078000e-01
311 6.894120e-01 2.384000e-03 3.082040e-01
312 6.890080e-01 2.308000e-03 3.086840e-01
313 6.886680e-01 2.272000e-03 3.090600e-01
314 6.883240e-01 2.136000e-03 3.095400e-01
315 6.880080e-01 2.060000e-03 3.099320e-01
316 6.876680e-01 2.012000e-03 3.103200e-01
317 6.872520e-01 2.116000e-03 3.106320e-01
318 6.869400e-01 2.056000e-03 3.110040e-01
319 6.866360e-01 2.064000e-03 3.113000e-01
320 6.862600e-01 2.100000e-03 3.116400e-01
321 6.858920e-01 2.120000e-03 3.119880e-01
322 6.855040e-01 2.176000e-03 3.123200e-01
323 6.850840e-01 2.236000e-03 3.126800e-01
324 6.847080e-01 2.216000e-03 3.130760e-01
325 6.843440e-01 2.208000e-03 3.134480e-01
326 6.839520e-01 2.236000e-03 3.138120e-01
327 6.836120e-01 2.136000e-03 3.142520e-01
328 6.833200e-01 2.024000e-03 3.146560e-01
329 6.830440e-01 1.988000e-03 3.149680e-01
330 6.827720e-01 1.932000e-03 3.152960e-01
331 6.824960e-01 1.912000e-03 3.155920e-01
332 6.821360e-01 1.980000e-03 3.158840e-01
333 6.818240e-01 1.912000e-03 3.162640e-01
334 6.814680e-01 1.944000e-03 3.165880e-01
335 6.811080e-01 1.996000e-03 3.168960e-01
336 6.807640e-01 2.016000e-03 3.172200e-01
337 6.804160e-01 2.012000e-03 3.175720e-01
338 6.800960e-01 2.000000e-03 3.179040e-01
339 6.797680e-01 1.984000e-03 3.182480e-01
340 6.794720e-01 1.940000e-03 3.185880e-01
341 6.791880e-01 1.864000e-03 3.189480e-01
342 6.788280e-01 1.908000e-03 3.192640e-01
343 6.784960e-01 1.868000e-03 3.196360e-01
344 6.781040e-01 1.920000e-03 3.199760e-01
345 6.776800e-01 2.048000e-03 3.202720e-01
346 6.773440e-01 1.984000e-03 3.206720e-01
347 6.769880e-01 1.988000e-03 3.210240e-01
348 6.765720e-01 2.032000e-03 3.213960e-01
349 6.762480e-01 1.968000e-03 3.217840e-01
350 6.759080e-01 1.932000e-03 3.221600e-01
351 6.755880e-01 1.964000e-03 3.224480e-01
352 6.753520e-01 1.796000e-03 3.228520e-01
353 6.751760e-01 1.664000e-03 3.231600e-01
354 6.749360e-01 1.652000e-03 3.234120e-01
355 6.747280e-01 1.600000e-03 3.236720e-01
356 6.744800e-01 1.500000e-03 3.240200e-01
357 6.741800e-01 1.540000e-03 3.242800e-01
358 6.738920e-01 1.600000e-03 3.245080e-01
359 6.736400e-01 1.544000e-03 3.248160e-01
360 6.734080e-01 1.496000e-03 3.250960e-01
361 6.732080e-01 1.464000e-03 3.253280e-01
362 6.730280e-01 1.424000e-03 3.255480e-01
363 6.728120e-01 1.448000e-03 3.257400e-01
364 6.725720e-01 1.472000e-03 3.259560e-01
365 6.723240e-01 1.468000e-03 3.262080e-01
366 6.721320e-01 1.360000e-03 3.265080e-01
367 6.719440e-01 1.332000e-03 3.267240e-01
368 6.717440e-01 1.352000e-03 3.269040e-01
369 6.715800e-01 1.272000e-03 3.271480e-01
370 6.713840e-01 1.208000e-03 3.274080e-01
371 6.711920e-01 1.200000e-03 3.276080e-01
372 6.710120e-01 1.176000e-03 3.278120e-01
373 6.708320e-01 1.132000e-03 3.280360e-01
374 6.706160e-01 1.160000e-03 3.282240e-01
375 6.703920e-01 1.160000e-03 3.284480e-01
376 6.702120e-01 1.144000e-03 3.286440e-01
377 6.700520e-01 1.092000e-03 3.288560e-01
378 6.698320e-01 1.152000e-03 3.290160e-01
379 6.696440e-01 1.176000e-03 3.291800e-01
380 6.694520e-01 1.112000e-03 3.294360e-01
381 6.693320e-01 1.048000e-03 3.296200e-01
382 6.692040e-01 9.720000e-04 3.298240e-01
383 6.690920e-01 9.360000e-04 3.299720e-01
384 6.689560e-01 8.800000e-04 3.301640e-01
385 6.688160e-01 8.880000e-04 3.302960e-01
386 6.686840e-01 8.560000e-04 3.304600e-01
387 6.685520e-01 8.480000e-04 3.306000e-01
388 6.683680e-01 9.080000e-04 3.307240e-01
389 6.681760e-01 9.320000e-04 3.308920e-01
390 6.680280e-01 9.200000e-04 3.310520e-01
391 6.678440e-01 9.160000e-04 3.312400e-01
392 6.676760e-01 9.400000e-04 3.313840e-01
393 6.675600e-01 8.760000e-04 3.315640e-01
394 6.674400e-01 8.560000e-04 3.317040e-01
395 6.673200e-01 8.760000e-04 3.318040e-01
396 6.672120e-01 7.760000e-04 3.320120e-01
397 6.670800e-01 7.680000e-04 3.321520e-01
398 6.669640e-01 7.400000e-04 3.322960e-01
399 6.668400e-01 7.240000e-04 3.324360e-01
400 6.667400e-01 6.760000e-04 3.325840e-01
401 6.666080e-01 6.720000e-04 3.327200e-01
402 6.664520e-01 6.760000e-04 3.328720e-01
403 6.663720e-01 6.480000e-04 3.329800e-01
404 6.662160e-01 6.880000e-04 3.330960e-01
405 6.661000e-01 6.640000e-04 3.332360e-01
406 6.659600e-01 6.920000e-04 3.333480e-01
407 6.658960e-01 6.240000e-04 3.334800e-01
408 6.657960e-01 6.280000e-04 3.335760e-01
409 6.656360e-01 6.560000e-04 3.337080e-01
410 6.655520e-01 6.160000e-04 3.338320e-01
411 6.654920e-01 6.080000e-04 3.339000e-01
412 6.654000e-01 6.040000e-04 3.339960e-01
413 6.652800e-01 6.400000e-04 3.340800e-01
414 6.651200e-01 6.600000e-04 3.342200e-01
415 6.649960e-01 6.840000e-04 3.343200e-01
416 6.649160e-01 6.800000e-04 3.344040e-01
417 6.647920e-01 6.600000e-04 3.345480e-01
418 6.646680e-01 7.040000e-04 3.346280e-01
419 6.645920e-01 6.360000e-04 3.347720e-01
420 6.645040e-01 6.360000e-04 3.348600e-01
421 6.643720e-01 6.800000e-04 3.349480e-01
422 6.642800e-01 6.640000e-04 3.350560e-01
423 6.642040e-01 6.400000e-04 3.351560e-01
424 6.641160e-01 6.080000e-04 3.352760e-01
425 6.640280e-01 5.760000e-04 3.353960e-01
426 6.639360e-01 5.800000e-04 3.354840e-01
427 6.638040e-01 6.120000e-04 3.355840e-01
428 6.636720e-01 6.080000e-04 3.357200e-01
429 6.635400e-01 6.440000e-04 3.358160e-01
430 6.633840e-01 7.120000e-04 3.359040e-01
431 6.632840e-01 7.000000e-04 3.360160e-01
432 6.631720e-01 7.200000e-04 3.361080e-01
433 6.630600e-01 7.400000e-04 3.362000e-01
434 6.629400e-01 7.040000e-04 3.363560e-01
435 6.628360e-01 7.000000e-04 3.364640e-01
436 6.627480e-01 6.680000e-04 3.365840e-01
437 6.626560e-01 6.640000e-04 3.366800e-01
438 6.625440e-01 6.840000e-04 3.367720e-01
439 6.624280e-01 7.000000e-04 3.368720e-01
440 6.623080e-01 7.200000e-04 3.369720e-01
441 6.622280e-01 6.840000e-04 3.370880e-01
442 6.621160e-01 6.920000e-04 3.371920e-01
443 6.620080e-01 6.880000e-04 3.373040e-01
444 6.619200e-01 6.440000e-04 3.374360e-01
445 6.618520e-01 6.280000e-04 3.375200e-01
446 6.617520e-01 6.160000e-04 3.376320e-01
447 6.616800e-01 5.920000e-04 3.377280e-01
448 6.616240e-01 5.240000e-04 3.378520e-01
449 6.615360e-01 5.000000e-04 3.379640e-01
450 6.614240e-01 5.360000e-04 3.380400e-01
451 6.613440e-01 5.040000e-04 3.381520e-01
452 6.612720e-01 5.000000e-04 3.382280e-01
453 6.611680e-01 5.280000e-04 3.383040e-01
454 6.610880e-01 5.200000e-04 3.383920e-01
455 6.610040e-01 5.200000e-04 3.384760e-01
456 6.609400e-01 4.840000e-04 3.385760e-01
457 6.608720e-01 4.480000e-04 3.386800e-01
458 6.607720e-01 4.480000e-04 3.387800e-01
459 6.607160e-01 4.200000e-04 3.388640e-01
460 6.606440e-01 4.240000e-04 3.389320e-01
461 6.605680e-01 4.440000e-04 3.389880e-01
462 6.605040e-01 4.320000e-04 3.390640e-01
463 6.604480e-01 4.200000e-04 3.391320e-01
464 6.603800e-01 4.040000e-04 3.392160e-01
465 6.603360e-01 3.720000e-04 3.392920e-01
466 6.602760e-01 3.800000e-04 3.393440e-01
467 6.602360e-01 3.320000e-04 3.394320e-01
468 6.601920e-01 3.000000e-04 3.395080e-01
469 6.601320e-01 3.040000e-04 3.395640e-01
470 6.600440e-01 3.440000e-04 3.396120e-01
471 6.600040e-01 3.320000e-04 3.396640e-01
472 6.599640e-01 3.160000e-04 3.397200e-01
473 6.598840e-01 3.280000e-04 3.397880e-01
474 6.598200e-01 3.440000e-04 3.398360e-01
475 6.597560e-01 3.360000e-04 3.399080e-01
476 6.597120e-01 3.120000e-04 3.399760e-01
477 6.596880e-01 2.680000e-04 3.400440e-01
478 6.596440e-01 2.520000e-04 3.401040e-01
479 6.596240e-01 2.400000e-04 3.401360e-01
480 6.595880e-01 2.400000e-04 3.401720e-01
481 6.595720e-01 2.400000e-04 3.401880e-01
482 6.595080e-01 2.600000e-04 3.402320e-01
483 6.594960e-01 2.320000e-04 3.402720e-01
484 6.594600e-01 2.440000e-04 3.402960e-01
485 6.594240e-01 2.160000e-04 3.403600e-01
486 6.593960e-01 1.960000e-04 3.404080e-01
487 6.593680e-01 1.800000e-04 3.404520e-01
488 6.593240e-01 1.840000e-04 3.404920e-01
489 6.593040e-01 1.800000e-04 3.405160e-01
490 6.592840e-01 1.720000e-04 3.405440e-01
491 6.592400e-01 1.920000e-04 3.405680e-01
492 6.592120e-01 1.720000e-04 3.406160e-01
493 6.591600e-01 1.880000e-04 3.406520e-01
494 6.591280e-01 1.960000e-04 3.406760e-01
495 6.590920e-01 2.120000e-04 3.406960e-01
496 6.590520e-01 2.120000e-04 3.407360e-01
497 6.590120e-01 2.000000e-04 3.407880e-01
498 6.589760e-01 1.960000e-04 3.408280e-01
499 6.589400e-01 1.960000e-04 3.408640e-01
500 6.588960e-01 1.960000e-04 3.409080e-01
