1 9.991760e-01 7.120000e-04 1.120000e-04
2 9.986520e-01 1.100000e-03 2.480000e-04
3 9.980240e-01 1.544000e-03 4.320000e-04
4 9.973160e-01 1.956000e-03 7.280000e-04
5 9.966760e-01 2.168000e-03 1.156000e-03
6 9.959240e-01 2.532000e-03 1.544000e-03
7 9.952240e-01 2.788000e-03 1.988000e-03
8 9.943840e-01 3.144000e-03 2.472000e-03
9 9.935360e-01 3.328000e-03 3.136000e-03
10 9.925960e-01 3.700000e-03 3.704000e-03
11 9.915360e-01 3.988000e-03 4.476000e-03
12 9.904960e-01 4.280000e-03 5.224000e-03
13 9.893960e-01 4.624000e-03 5.980000e-03
14 9.883720e-01 4.752000e-03 6.876000e-03
15 9.872080e-01 5.084000e-03 7.708000e-03
16 9.862200e-01 5.184000e-03 8.596000e-03
17 9.851960e-01 5.348000e-03 9.456000e-03
18 9.840240e-01 5.516000e-03 1.046000e-02
19 9.828000e-01 5.712000e-03 1.148800e-02
20 9.816280e-01 5.872000e-03 1.250000e-02
21 9.804520e-01 5.984000e-03 1.356400e-02
22 9.792200e-01 6.184000e-03 1.459600e-02
23 9.779920e-01 6.304000e-03 1.570400e-02
24 9.768640e-01 6.364000e-03 1.677200e-02
25 9.756320e-01 6.440000e-03 1.792800e-02
26 9.744720e-01 6.540000e-03 1.898800e-02
27 9.731560e-01 6.756000e-03 2.008800e-02
28 9.720320e-01 6.712000e-03 2.125600e-02
29 9.707000e-01 6.804000e-03 2.249600e-02
30 9.694080e-01 6.928000e-03 2.366400e-02
31 9.680640e-01 7.116000e-03 2.482000e-02
32 9.667000e-01 7.248000e-03 2.605200e-02
33 9.653520e-01 7.372000e-03 2.727600e-02
34 9.638400e-01 7.668000e-03 2.849200e-02
35 9.625000e-01 7.736000e-03 2.976400e-02
36 9.611680e-01 7.712000e-03 3.112000e-02
37 9.598720e-01 7.620000e-03 3.250800e-02
38 9.585240e-01 7.608000e-03 3.386800e-02
39 9.573680e-01 7.516000e-03 3.511600e-02
40 9.560720e-01 7.564000e-03 3.636400e-02
41 9.547400e-01 7.516000e-03 3.774400e-02
42 9.534520e-01 7.444000e-03 3.910400e-02
43 9.521040e-01 7.548000e-03 4.034800e-02
44 9.506240e-01 7.708000e-03 4.166800e-02
45 9.491080e-01 7.792000e-03 4.310000e-02
46 9.477200e-01 7.768000e-03 4.451200e-02
47 9.463240e-01 7.836000e-03 4.584000e-02
48 9.450040e-01 7.784000e-03 4.721200e-02
49 9.435200e-01 7.900000e-03 4.858000e-02
50 9.420760e-01 7.880000e-03 5.004400e-02
51 9.405960e-01 7.928000e-03 5.147600e-02
52 9.391800e-01 7.944000e-03 5.287600e-02
53 9.377280e-01 7.920000e-03 5.435200e-02
54 9.362400e-01 8.008000e-03 5.575200e-02
55 9.347120e-01 8.072000e-03 5.721600e-02
56 9.333200e-01 8.148000e-03 5.853200e-02
57 9.317480e-01 8.332000e-03 5.992000e-02
58 9.303160e-01 8.316000e-03 6.136800e-02
59 9.288520e-01 8.324000e-03 6.282400e-02
60 9.274520e-01 8.348000e-03 6.420000e-02
61 9.261600e-01 8.264000e-03 6.557600e-02
62 9.247840e-01 8.200000e-03 6.701600e-02
63 9.233560e-01 8.216000e-03 6.842800e-02
64 9.218600e-01 8.216000e-03 6.992400e-02
65 9.203400e-01 8.244000e-03 7.141600e-02
66 9.189560e-01 8.128000e-03 7.291600e-02
67 9.175000e-01 8.020000e-03 7.448000e-02
68 9.160760e-01 8.020000e-03 7.590400e-02
69 9.147000e-01 7.800000e-03 7.750000e-02
70 9.132920e-01 7.904000e-03 7.880400e-02
71 9.119640e-01 7.832000e-03 8.020400e-02
72 9.105520e-01 7.864000e-03 8.158400e-02
73 9.092080e-01 7.804000e-03 8.298800e-02
74 9.077960e-01 7.916000e-03 8.428800e-02
75 9.064880e-01 7.816000e-03 8.569600e-02
76 9.052440e-01 7.740000e-03 8.701600e-02
77 9.038360e-01 7.856000e-03 8.830800e-02
78 9.022600e-01 8.128000e-03 8.961200e-02
79 9.008120e-01 8.272000e-03 9.091600e-02
80 8.994920e-01 8.108000e-03 9.240000e-02
81 8.980440e-01 8.208000e-03 9.374800e-02
82 8.966200e-01 8.104000e-03 9.527600e-02
83 8.952920e-01 8.040000e-03 9.666800e-02
84 8.939160e-01 8.104000e-03 9.798000e-02
85 8.924120e-01 8.176000e-03 9.941200e-02
86 8.909320e-01 8.240000e-03 1.008280e-01
87 8.894120e-01 8.272000e-03 1.023160e-01
88 8.880440e-01 8.292000e-03 1.036640e-01
89 8.866280e-01 8.296000e-03 1.050760e-01
90 8.849920e-01 8.392000e-03 1.066160e-01
91 8.835920e-01 8.292000e-03 1.081160e-01
92 8.822800e-01 8.208000e-03 1.095120e-01
93 8.808360e-01 8.140000e-03 1.110240e-01
94 8.793680e-01 8.120000e-03 1.125120e-01
95 8.779840e-01 8.124000e-03 1.138920e-01
96 8.766120e-01 8.108000e-03 1.152800e-01
97 8.751560e-01 8.152000e-03 1.166920e-01
98 8.736720e-01 8.076000e-03 1.182520e-01
99 8.722160e-01 8.008000e-03 1.197760e-01
100 8.708640e-01 7.896000e-03 1.212400e-01
101 8.695480e-01 7.868000e-03 1.225840e-01
102 8.681760e-01 7.876000e-03 1.239480e-01
103 8.667280e-01 7.928000e-03 1.253440e-01
104 8.653680e-01 7.892000e-03 1.267400e-01
105 8.640040e-01 7.812000e-03 1.281840e-01
106 8.626720e-01 7.868000e-03 1.294600e-01
107 8.612000e-01 7.924000e-03 1.308760e-01
108 8.597880e-01 7.924000e-03 1.322880e-01
109 8.584680e-01 7.768000e-03 1.337640e-01
110 8.570320e-01 7.824000e-03 1.351440e-01
111 8.556400e-01 7.864000e-03 1.364960e-01
112 8.542760e-01 7.848000e-03 1.378760e-01
113 8.529480e-01 7.852000e-03 1.392000e-01
114 8.515320e-01 7.856000e-03 1.406120e-01
115 8.502280e-01 7.940000e-03 1.418320e-01
116 8.490480e-01 7.748000e-03 1.432040e-01
117 8.477680e-01 7.684000e-03 1.445480e-01
118 8.465560e-01 7.568000e-03 1.458760e-01
119 8.452840e-01 7.536000e-03 1.471800e-01
120 8.440400e-01 7.512000e-03 1.484480e-01
121 8.427560e-01 7.520000e-03 1.497240e-01
122 8.414240e-01 7.524000e-03 1.510520e-01
123 8.400320e-01 7.480000e-03 1.524880e-01
124 8.387360e-01 7.588000e-03 1.536760e-01
125 8.375000e-01 7.556000e-03 1.549440e-01
126 8.360680e-01 7.572000e-03 1.563600e-01
127 8.346160e-01 7.788000e-03 1.575960e-01
128 8.332360e-01 7.812000e-03 1.589520e-01
129 8.317520e-01 8.000000e-03 1.602480e-01
130 8.303520e-01 7.996000e-03 1.616520e-01
131 8.289280e-01 8.016000e-03 1.630560e-01
132 8.276000e-01 8.020000e-03 1.643800e-01
133 8.264320e-01 7.836000e-03 1.657320e-01
134 8.250200e-01 7.872000e-03 1.671080e-01
135 8.235680e-01 7.928000e-03 1.685040e-01
136 8.221640e-01 7.988000e-03 1.698480e-01
137 8.206600e-01 8.092000e-03 1.712480e-01
138 8.192120e-01 8.148000e-03 1.726400e-01
139 8.177000e-01 8.220000e-03 1.740800e-01
140 8.162200e-01 8.268000e-03 1.755120e-01
141 8.149520e-01 8.176000e-03 1.768720e-01
142 8.134080e-01 8.384000e-03 1.782080e-01
143 8.120440e-01 8.268000e-03 1.796880e-01
144 8.105960e-01 8.240000e-03 1.811640e-01
145 8.091400e-01 8.440000e-03 1.824200e-01
146 8.077000e-01 8.356000e-03 1.839440e-01
147 8.063320e-01 8.260000e-03 1.854080e-01
148 8.049400e-01 8.276000e-03 1.867840e-01
149 8.034040e-01 8.324000e-03 1.882720e-01
150 8.018680e-01 8.384000e-03 1.897480e-01
151 8.004480e-01 8.224000e-03 1.913280e-01
152 7.989600e-01 8.312000e-03 1.927280e-01
153 7.975000e-01 8.208000e-03 1.942920e-01
154 7.961440e-01 8.108000e-03 1.957480e-01
155 7.948160e-01 8.016000e-03 1.971680e-01
156 7.933840e-01 8.024000e-03 1.985920e-01
157 7.920680e-01 8.004000e-03 1.999280e-01
158 7.907440e-01 7.760000e-03 2.014960e-01
159 7.895680e-01 7.648000e-03 2.027840e-01
160 7.882360e-01 7.632000e-03 2.041320e-01
161 7.868640e-01 7.616000e-03 2.055200e-01
162 7.854800e-01 7.732000e-03 2.067880e-01
163 7.842640e-01 7.664000e-03 2.080720e-01
164 7.830680e-01 7.524000e-03 2.094080e-01
165 7.818680e-01 7.480000e-03 2.106520e-01
166 7.805640e-01 7.392000e-03 2.120440e-01
167 7.793800e-01 7.372000e-03 2.132480e-01
168 7.782680e-01 7.172000e-03 2.145600e-01
169 7.772040e-01 6.908000e-03 2.158880e-01
170 7.761400e-01 6.788000e-03 2.170720e-01
171 7.749760e-01 6.776000e-03 2.182480e-01
172 7.737400e-01 6.860000e-03 2.194000e-01
173 7.724720e-01 6.936000e-03 2.205920e-01
174 7.713160e-01 6.860000e-03 2.218240e-01
175 7.701600e-01 6.812000e-03 2.230280e-01
176 7.689880e-01 6.736000e-03 2.242760e-01
177 7.678280e-01 6.552000e-03 2.256200e-01
178 7.668240e-01 6.372000e-03 2.268040e-01
179 7.657560e-01 6.304000e-03 2.279400e-01
180 7.645600e-01 6.400000e-03 2.290400e-01
181 7.635000e-01 6.416000e-03 2.300840e-01
182 7.626000e-01 6.044000e-03 2.313560e-01
183 7.617600e-01 5.904000e-03 2.323360e-01
184 7.607200e-01 5.980000e-03 2.333000e-01
185 7.597080e-01 5.940000e-03 2.343520e-01
186 7.588560e-01 5.724000e-03 2.354200e-01
187 7.579040e-01 5.592000e-03 2.365040e-01
188 7.569720e-01 5.428000e-03 2.376000e-01
189 7.560800e-01 5.372000e-03 2.385480e-01
190 7.550880e-01 5.368000e-03 2.395440e-01
191 7.540680e-01 5.424000e-03 2.405080e-01
192 7.531640e-01 5.356000e-03 2.414800e-01
193 7.521800e-01 5.416000e-03 2.424040e-01
194 7.513280e-01 5.312000e-03 2.433600e-01
195 7.502280e-01 5.508000e-03 2.442640e-01
196 7.493200e-01 5.428000e-03 2.452520e-01
197 7.483000e-01 5.496000e-03 2.462040e-01
198 7.472920e-01 5.456000e-03 2.472520e-01
199 7.462720e-01 5.568000e-03 2.481600e-01
200 7.452400e-01 5.720000e-03 2.490400e-01
201 7.443000e-01 5.712000e-03 2.499880e-01
202 7.432360e-01 5.764000e-03 2.510000e-01
203 7.422600e-01 5.808000e-03 2.519320e-01
204 7.412240e-01 5.876000e-03 2.529000e-01
205 7.400520e-01 6.044000e-03 2.539040e-01
206 7.390640e-01 5.992000e-03 2.549440e-01
207 7.379720e-01 6.088000e-03 2.559400e-01
208 7.370960e-01 5.848000e-03 2.570560e-01
209 7.361720e-01 5.808000e-03 2.580200e-01
210 7.351640e-01 5.860000e-03 2.589760e-01
211 7.342880e-01 5.736000e-03 2.599760e-01
212 7.334080e-01 5.684000e-03 2.609080e-01
213 7.323920e-01 5.668000e-03 2.619400e-01
214 7.315000e-01 5.496000e-03 2.630040e-01
215 7.304960e-01 5.484000e-03 2.640200e-01
216 7.296080e-01 5.452000e-03 2.649400e-01
217 7.286120e-01 5.440000e-03 2.659480e-01
218 7.275640e-01 5.496000e-03 2.669400e-01
219 7.265560e-01 5.568000e-03 2.678760e-01
220 7.255040e-01 5.748000e-03 2.687480e-01
221 7.244640e-01 5.740000e-03 2.697960e-01
222 7.235240e-01 5.584000e-03 2.708920e-01
223 7.225480e-01 5.568000e-03 2.718840e-01
224 7.215760e-01 5.492000e-03 2.729320e-01
225 7.205560e-01 5.564000e-03 2.738800e-01
226 7.195920e-01 5.552000e-03 2.748560e-01
227 7.185320e-01 5.656000e-03 2.758120e-01
228 7.175160e-01 5.576000e-03 2.769080e-01
229 7.166760e-01 5.404000e-03 2.779200e-01
230 7.158840e-01 5.308000e-03 2.788080e-01
231 7.150360e-01 5.240000e-03 2.797240e-01
232 7.140800e-01 5.340000e-03 2.805800e-01
233 7.131280e-01 5.472000e-03 2.814000e-01
234 7.123840e-01 5.288000e-03 2.823280e-01
235 7.114920e-01 5.284000e-03 2.832240e-01
236 7.105640e-01 5.160000e-03 2.842760e-01
237 7.096920e-01 5.176000e-03 2.851320e-01
238 7.086320e-01 5.352000e-03 2.860160e-01
239 7.076760e-01 5.324000e-03 2.870000e-01
240 7.066960e-01 5.360000e-03 2.879440e-01
241 7.057040e-01 5.412000e-03 2.888840e-01
242 7.046840e-01 5.412000e-03 2.899040e-01
243 7.037560e-01 5.300000e-03 2.909440e-01
244 7.027400e-01 5.492000e-03 2.917680e-01
245 7.019200e-01 5.288000e-03 2.927920e-01
246 7.008680e-01 5.476000e-03 2.936560e-01
247 6.999320e-01 5.552000e-03 2.945160e-01
248 6.991200e-01 5.392000e-03 2.954880e-01
249 6.983680e-01 5.184000e-03 2.964480e-01
250 6.975520e-01 5.092000e-03 2.973560e-01
251 6.966640e-01 5.132000e-03 2.982040e-01
252 6.958840e-01 5.076000e-03 2.990400e-01
253 6.950560e-01 5.016000e-03 2.999280e-01
254 6.942040e-01 4.948000e-03 3.008480e-01
255 6.933080e-01 5.012000e-03 3.016800e-01
256 6.924360e-01 4.904000e-03 3.026600e-01
257 6.917120e-01 4.812000e-03 3.034760e-01
258 6.908040e-01 4.880000e-03 3.043160e-01
259 6.901040e-01 4.664000e-03 3.052320e-01
260 6.894040e-01 4.468000e-03 3.061280e-01
261 6.887680e-01 4.360000e-03 3.068720e-01
262 6.880760e-01 4.332000e-03 3.075920e-01
263 6.872720e-01 4.360000e-03 3.083680e-01
264 6.865560e-01 4.320000e-03 3.091240e-01
265 6.858320e-01 4.348000e-03 3.098200e-01
266 6.851200e-01 4.316000e-03 3.105640e-01
267 6.843760e-01 4.248000e-03 3.113760e-01
268 6.836680e-01 4.240000e-03 3.120920e-01
269 6.830040e-01 4.096000e-03 3.129000e-01
270 6.823360e-01 3.968000e-03 3.136960e-01
271 6.816160e-01 4.136000e-03 3.142480e-01
272 6.808440e-01 4.180000e-03 3.149760e-01
273 6.801920e-01 4.128000e-03 3.156800e-01
274 6.794000e-01 4.216000e-03 3.163840e-01
275 6.787600e-01 4.136000e-03 3.171040e-01
276 6.781160e-01 4.076000e-03 3.178080e-01
277 6.774960e-01 3.920000e-03 3.185840e-01
278 6.768120e-01 3.912000e-03 3.192760e-01
279 6.760680e-01 4.004000e-03 3.199280e-01
280 6.754000e-01 3.924000e-03 3.206760e-01
281 6.747320e-01 3.912000e-03 3.213560e-01
282 6.740040e-01 3.868000e-03 3.221280e-01
283 6.733920e-01 3.744000e-03 3.228640e-01
284 6.726960e-01 3.692000e-03 3.236120e-01
285 6.720560e-01 3.640000e-03 3.243040e-01
286 6.714000e-01 3.696000e-03 3.249040e-01
287 6.707360e-01 3.780000e-03 3.254840e-01
288 6.700200e-01 3.760000e-03 3.262200e-01
289 6.693880e-01 3.684000e-03 3.269280e-01
290 6.687640e-01 3.700000e-03 3.275360e-01
291 6.681320e-01 3.668000e-03 3.282000e-01
292 6.674480e-01 3.644000e-03 3.289080e-01
293 6.668400e-01 3.644000e-03 3.295160e-01
294 6.661560e-01 3.608000e-03 3.302360e-01
295 6.655720e-01 3.596000e-03 3.308320e-01
296 6.650080e-01 3.536000e-03 3.314560e-01
297 6.644600e-01 3.452000e-03 3.320880e-01
298 6.638520e-01 3.504000e-03 3.326440e-01
299 6.632160e-01 3.448000e-03 3.333360e-01
300 6.625840e-01 3.428000e-03 3.339880e-01
301 6.619000e-01 3.492000e-03 3.346080e-01
302 6.613360e-01 3.520000e-03 3.351440e-01
303 6.607200e-01 3.464000e-03 3.358160e-01
304 6.600840e-01 3.532000e-03 3.363840e-01
305 6.594240e-01 3.528000e-03 3.370480e-01
306 6.587680e-01 3.528000e-03 3.377040e-01
307 6.581320e-01 3.540000e-03 3.383280e-01
308 6.575240e-01 3.528000e-03 3.389480e-01
309 6.568760e-01 3.492000e-03 3.396320e-01
310 6.562680e-01 3.444000e-03 3.402880e-01
311 6.557240e-01 3.388000e-03 3.408880e-01
312 6.551120e-01 3.396000e-03 3.414920e-01
313 6.544880e-01 3.428000e-03 3.420840e-01
314 6.538600e-01 3.436000e-03 3.427040e-01
315 6.531360e-01 3.556000e-03 3.433080e-01
316 6.522760e-01 3.792000e-03 3.439320e-01
317 6.515560e-01 3.832000e-03 3.446120e-01
318 6.508720e-01 3.848000e-03 3.452800e-01
319 6.501080e-01 3.972000e-03 3.459200e-01
320 6.493840e-01 4.020000e-03 3.465960e-01
321 6.487120e-01 3.944000e-03 3.473440e-01
322 6.480600e-01 3.896000e-03 3.480440e-01
323 6.473720e-01 3.928000e-03 3.487000e-01
324 6.466200e-01 4.004000e-03 3.493760e-01
325 6.458160e-01 4.132000e-03 3.500520e-01
326 6.450600e-01 4.160000e-03 3.507800e-01
327 6.442840e-01 4.252000e-03 3.514640e-01
328 6.435320e-01 4.196000e-03 3.522720e-01
329 6.429440e-01 4.064000e-03 3.529920e-01
330 6.423000e-01 4.004000e-03 3.536960e-01
331 6.417480e-01 3.816000e-03 3.544360e-01
332 6.411680e-01 3.740000e-03 3.550920e-01
333 6.406960e-01 3.588000e-03 3.557160e-01
334 6.400720e-01 3.644000e-03 3.562840e-01
335 6.394680e-01 3.584000e-03 3.569480e-01
336 6.389680e-01 3.448000e-03 3.575840e-01
337 6.383520e-01 3.408000e-03 3.582400e-01
338 6.377120e-01 3.464000e-03 3.588240e-01
339 6.371120e-01 3.428000e-03 3.594600e-01
340 6.365080e-01 3.448000e-03 3.600440e-01
341 6.358680e-01 3.516000e-03 3.606160e-01
342 6.352440e-01 3.476000e-03 3.612800e-01
343 6.346640e-01 3.424000e-03 3.619120e-01
344 6.340960e-01 3.388000e-03 3.625160e-01
345 6.335040e-01 3.396000e-03 3.631000e-01
346 6.328640e-01 3.408000e-03 3.637280e-01
347 6.323320e-01 3.324000e-03 3.643440e-01
348 6.317200e-01 3.364000e-03 3.649160e-01
349 6.310880e-01 3.392000e-03 3.655200e-01
350 6.304520e-01 3.436000e-03 3.661120e-01
351 6.299240e-01 3.332000e-03 3.667440e-01
352 6.293680e-01 3.204000e-03 3.674280e-01
353 6.288440e-01 3.184000e-03 3.679720e-01
354 6.282840e-01 3.108000e-03 3.686080e-01
355 6.278200e-01 3.036000e-03 3.691440e-01
356 6.273040e-01 3.084000e-03 3.696120e-01
357 6.268440e-01 3.020000e-03 3.701360e-01
358 6.263400e-01 2.976000e-03 3.706840e-01
359 6.258800e-01 2.920000e-03 3.712000e-01
360 6.254280e-01 2.864000e-03 3.717080e-01
361 6.248800e-01 2.900000e-03 3.722200e-01
362 6.243320e-01 2.912000e-03 3.727560e-01
363 6.236840e-01 3.016000e-03 3.733000e-01
364 6.231920e-01 3.024000e-03 3.737840e-01
365 6.226200e-01 3.040000e-03 3.743400e-01
366 6.220560e-01 3.076000e-03 3.748680e-01
367 6.215400e-01 3.020000e-03 3.754400e-01
368 6.209480e-01 3.120000e-03 3.759320e-01
369 6.203720e-01 3.112000e-03 3.765160e-01
370 6.198480e-01 3.104000e-03 3.770480e-01
371 6.193880e-01 3.004000e-03 3.776080e-01
372 6.189120e-01 2.924000e-03 3.781640e-01
373 6.184600e-01 2.816000e-03 3.787240e-01
374 6.180440e-01 2.800000e-03 3.791560e-01
375 6.175880e-01 2.780000e-03 3.796320e-01
376 6.170880e-01 2.748000e-03 3.801640e-01
377 6.166320e-01 2.636000e-03 3.807320e-01
378 6.162960e-01 2.476000e-03 3.812280e-01
379 6.158840e-01 2.496000e-03 3.816200e-01
380 6.154960e-01 2.480000e-03 3.820240e-01
381 6.151160e-01 2.396000e-03 3.824880e-01
382 6.146480e-01 2.524000e-03 3.828280e-01
383 6.142480e-01 2.460000e-03 3.832920e-01
384 6.138640e-01 2.412000e-03 3.837240e-01
385 6.134040e-01 2.476000e-03 3.841200e-01
386 6.130000e-01 2.456000e-03 3.845440e-01
387 6.126000e-01 2.496000e-03 3.849040e-01
388 6.121520e-01 2.528000e-03 3.853200e-01
389 6.116880e-01 2.600000e-03 3.857120e-01
390 6.113240e-01 2.476000e-03 3.862000e-01
391 6.109400e-01 2.412000e-03 3.866480e-01
392 6.105360e-01 2.372000e-03 3.870920e-01
393 6.101360e-01 2.292000e-03 3.875720e-01
394 6.097560e-01 2.272000e-03 3.879720e-01
395 6.093000e-01 2.308000e-03 3.883920e-01
396 6.089120e-01 2.312000e-03 3.887760e-01
397 6.085360e-01 2.320000e-03 3.891440e-01
398 6.081040e-01 2.388000e-03 3.895080e-01
399 6.076320e-01 2.436000e-03 3.899320e-01
400 6.071800e-01 2.428000e-03 3.903920e-01
401 6.068120e-01 2.424000e-03 3.907640e-01
402 6.063880e-01 2.424000e-03 3.911880e-01
403 6.060680e-01 2.348000e-03 3.915840e-01
404 6.056320e-01 2.388000e-03 3.919800e-01
405 6.052000e-01 2.388000e-03 3.924120e-01
406 6.048800e-01 2.280000e-03 3.928400e-01
407 6.044840e-01 2.284000e-03 3.932320e-01
408 6.040880e-01 2.252000e-03 3.936600e-01
409 6.036880e-01 2.204000e-03 3.941080e-01
410 6.033000e-01 2.296000e-03 3.944040e-01
411 6.030040e-01 2.168000e-03 3.948280e-01
412 6.026720e-01 2.132000e-03 3.951960e-01
413 6.023560e-01 2.144000e-03 3.955000e-01
414 6.020000e-01 2.144000e-03 3.958560e-01
415 6.016400e-01 2.140000e-03 3.962200e-01
416 6.013760e-01 2.032000e-03 3.965920e-01
417 6.010600e-01 2.052000e-03 3.968880e-01
418 6.007000e-01 2.036000e-03 3.972640e-01
419 6.003560e-01 1.980000e-03 3.976640e-01
420 5.999760e-01 2.028000e-03 3.979960e-01
421 5.996720e-01 2.000000e-03 3.983280e-01
422 5.993280e-01 1.996000e-03 3.986760e-01
423 5.989280e-01 2.040000e-03 3.990320e-01
424 5.985360e-01 2.080000e-03 3.993840e-01
425 5.981960e-01 2.044000e-03 3.997600e-01
426 5.978360e-01 2.076000e-03 4.000880e-01
427 5.973320e-01 2.224000e-03 4.004440e-01
428 5.968840e-01 2.280000e-03 4.008360e-01
429 5.964440e-01 2.264000e-03 4.012920e-01
430 5.960200e-01 2.308000e-03 4.016720e-01
431 5.955240e-01 2.328000e-03 4.021480e-01
432 5.951720e-01 2.248000e-03 4.025800e-01
433 5.948480e-01 2.268000e-03 4.028840e-01
434 5.945320e-01 2.156000e-03 4.033120e-01
435 5.941320e-01 2.156000e-03 4.037120e-01
436 5.937320e-01 2.180000e-03 4.040880e-01
437 5.933160e-01 2.236000e-03 4.044480e-01
438 5.929480e-01 2.264000e-03 4.047880e-01
439 5.925200e-01 2.284000e-03 4.051960e-01
440 5.921400e-01 2.284000e-03 4.055760e-01
441 5.917680e-01 2.240000e-03 4.059920e-01
442 5.914560e-01 2.128000e-03 4.064160e-01
443 5.911880e-01 2.048000e-03 4.067640e-01
444 5.908440e-01 2.004000e-03 4.071520e-01
445 5.905240e-01 1.980000e-03 4.074960e-01
446 5.902040e-01 1.952000e-03 4.078440e-01
447 5.899360e-01 1.876000e-03 4.081880e-01
448 5.897640e-01 1.732000e-03 4.085040e-01
449 5.894720e-01 1.780000e-03 4.087480e-01
450 5.891760e-01 1.768000e-03 4.090560e-01
451 5.888600e-01 1.752000e-03 4.093880e-01
452 5.886160e-01 1.700000e-03 4.096840e-01
453 5.883720e-01 1.640000e-03 4.099880e-01
454 5.881000e-01 1.564000e-03 4.103360e-01
455 5.878480e-01 1.568000e-03 4.105840e-01
456 5.876240e-01 1.508000e-03 4.108680e-01
457 5.874520e-01 1.448000e-03 4.111000e-01
458 5.872600e-01 1.356000e-03 4.113840e-01
459 5.870840e-01 1.340000e-03 4.115760e-01
460 5.868840e-01 1.308000e-03 4.118080e-01
461 5.867280e-01 1.228000e-03 4.120440e-01
462 5.865360e-01 1.244000e-03 4.122200e-01
463 5.863000e-01 1.232000e-03 4.124680e-01
464 5.861240e-01 1.188000e-03 4.126880e-01
465 5.859560e-01 1.156000e-03 4.128880e-01
466 5.857400e-01 1.160000e-03 4.131000e-01
467 5.855880e-01 1.128000e-03 4.132840e-01
468 5.854000e-01 1.076000e-03 4.135240e-01
469 5.852480e-01 1.048000e-03 4.137040e-01
470 5.850720e-01 1.020000e-03 4.139080e-01
471 5.848920e-01 1.008000e-03 4.141000e-01
472 5.847000e-01 1.040000e-03 4.142600e-01
473 5.844920e-01 1.040000e-03 4.144680e-01
474 5.842840e-01 1.060000e-03 4.146560e-01
475 5.840720e-01 1.068000e-03 4.148600e-01
476 5.838240e-01 1.076000e-03 4.151000e-01
477 5.835960e-01 1.116000e-03 4.152880e-01
478 5.833160e-01 1.192000e-03 4.154920e-01
479 5.830960e-01 1.152000e-03 4.157520e-01
480 5.829520e-01 1.100000e-03 4.159480e-01
481 5.827960e-01 1.100000e-03 4.161040e-01
482 5.825960e-01 1.156000e-03 4.162480e-01
483 5.823720e-01 1.188000e-03 4.164400e-01
484 5.822160e-01 1.128000e-03 4.166560e-01
485 5.820640e-01 1.076000e-03 4.168600e-01
486 5.818400e-01 1.144000e-03 4.170160e-01
487 5.816200e-01 1.144000e-03 4.172360e-01
488 5.814440e-01 1.144000e-03 4.174120e-01
489 5.812760e-01 1.108000e-03 4.176160e-01
490 5.811160e-01 1.040000e-03 4.178440e-01
491 5.809520e-01 9.960000e-04 4.180520e-01
492 5.807640e-01 1.044000e-03 4.181920e-01
493 5.805560e-01 1.056000e-03 4.183880e-01
494 5.804000e-01 9.880000e-04 4.186120e-01
495 5.801600e-01 1.044000e-03 4.187960e-01
496 5.799640e-01 1.068000e-03 4.189680e-01
497 5.797960e-01 1.016000e-03 4.191880e-01
498 5.795760e-01 1.048000e-03 4.193760e-01
499 5.793840e-01 1.044000e-03 4.195720e-01
500 5.792080e-01 1.064000e-03 4.197280e-01
