1 9.993040e-01 5.720000e-04 1.240000e-04
2 9.988080e-01 9.280000e-04 2.640000e-04
3 9.981920e-01 1.324000e-03 4.840000e-04
4 9.976440e-01 1.628000e-03 7.280000e-04
5 9.969080e-01 2.060000e-03 1.032000e-03
6 9.960880e-01 2.496000e-03 1.416000e-03
7 9.951960e-01 2.876000e-03 1.928000e-03
8 9.942360e-01 3.324000e-03 2.440000e-03
9 9.933320e-01 3.660000e-03 3.008000e-03
10 9.923960e-01 3.932000e-03 3.672000e-03
11 9.914480e-01 4.200000e-03 4.352000e-03
12 9.905120e-01 4.396000e-03 5.092000e-03
13 9.895000e-01 4.584000e-03 5.916000e-03
14 9.884600e-01 4.808000e-03 6.732000e-03
15 9.874160e-01 5.016000e-03 7.568000e-03
16 9.863720e-01 5.200000e-03 8.428000e-03
17 9.852640e-01 5.356000e-03 9.380000e-03
18 9.841200e-01 5.572000e-03 1.030800e-02
19 9.830160e-01 5.596000e-03 1.138800e-02
20 9.818640e-01 5.776000e-03 1.236000e-02
21 9.807840e-01 5.804000e-03 1.341200e-02
22 9.796080e-01 6.004000e-03 1.438800e-02
23 9.784920e-01 5.956000e-03 1.555200e-02
24 9.772400e-01 6.072000e-03 1.668800e-02
25 9.760720e-01 6.188000e-03 1.774000e-02
26 9.749880e-01 6.084000e-03 1.892800e-02
27 9.736480e-01 6.412000e-03 1.994000e-02
28 9.724120e-01 6.456000e-03 2.113200e-02
29 9.710640e-01 6.592000e-03 2.234400e-02
30 9.696560e-01 6.856000e-03 2.348800e-02
31 9.683160e-01 7.044000e-03 2.464000e-02
32 9.668600e-01 7.244000e-03 2.589600e-02
33 9.652360e-01 7.568000e-03 2.719600e-02
34 9.636680e-01 7.792000e-03 2.854000e-02
35 9.619080e-01 8.188000e-03 2.990400e-02
36 9.602240e-01 8.432000e-03 3.134400e-02
37 9.587640e-01 8.472000e-03 3.276400e-02
38 9.570560e-01 8.712000e-03 3.423200e-02
39 9.553360e-01 8.780000e-03 3.588400e-02
40 9.536520e-01 9.048000e-03 3.730000e-02
41 9.518640e-01 9.296000e-03 3.884000e-02
42 9.500880e-01 9.516000e-03 4.039600e-02
43 9.481920e-01 9.796000e-03 4.201200e-02
44 9.462960e-01 9.996000e-03 4.370800e-02
45 9.444280e-01 1.010400e-02 4.546800e-02
46 9.426160e-01 1.006400e-02 4.732000e-02
47 9.407240e-01 1.014800e-02 4.912800e-02
48 9.390240e-01 1.000400e-02 5.097200e-02
49 9.372880e-01 9.896000e-03 5.281600e-02
50 9.353280e-01 1.010400e-02 5.456800e-02
51 9.333960e-01 1.028400e-02 5.632000e-02
52 9.315080e-01 1.048800e-02 5.800400e-02
53 9.297520e-01 1.037200e-02 5.987600e-02
54 9.279520e-01 1.038800e-02 6.166000e-02
55 9.263280e-01 1.020400e-02 6.346800e-02
56 9.244520e-01 1.025600e-02 6.529200e-02
57 9.227600e-01 1.023200e-02 6.700800e-02
58 9.211000e-01 1.008000e-02 6.882000e-02
59 9.191680e-01 1.023200e-02 7.060000e-02
60 9.175480e-01 1.019200e-02 7.226000e-02
61 9.158040e-01 1.016400e-02 7.403200e-02
62 9.139680e-01 1.007600e-02 7.595600e-02
63 9.124040e-01 9.848000e-03 7.774800e-02
64 9.106360e-01 9.896000e-03 7.946800e-02
65 9.088760e-01 9.760000e-03 8.136400e-02
66 9.072800e-01 9.716000e-03 8.300400e-02
67 9.055120e-01 9.740000e-03 8.474800e-02
68 9.039040e-01 9.612000e-03 8.648400e-02
69 9.022680e-01 9.384000e-03 8.834800e-02
70 9.007600e-01 9.248000e-03 8.999200e-02
71 8.992200e-01 9.160000e-03 9.162000e-02
72 8.977560e-01 8.928000e-03 9.331600e-02
73 8.960840e-01 8.968000e-03 9.494800e-02
74 8.944800e-01 9.040000e-03 9.648000e-02
75 8.928480e-01 9.008000e-03 9.814400e-02
76 8.914720e-01 8.916000e-03 9.961200e-02
77 8.898840e-01 8.932000e-03 1.011840e-01
78 8.883560e-01 8.884000e-03 1.027600e-01
79 8.869640e-01 8.664000e-03 1.043720e-01
80 8.854160e-01 8.788000e-03 1.057960e-01
81 8.838600e-01 8.800000e-03 1.073400e-01
82 8.824400e-01 8.600000e-03 1.089600e-01
83 8.809480e-01 8.648000e-03 1.104040e-01
84 8.795520e-01 8.564000e-03 1.118840e-01
85 8.782600e-01 8.340000e-03 1.134000e-01
86 8.768120e-01 8.276000e-03 1.149120e-01
87 8.754840e-01 8.136000e-03 1.163800e-01
88 8.741320e-01 8.100000e-03 1.177680e-01
89 8.727720e-01 7.944000e-03 1.192840e-01
90 8.714680e-01 7.868000e-03 1.206640e-01
91 8.701400e-01 7.880000e-03 1.219800e-01
92 8.686280e-01 7.968000e-03 1.234040e-01
93 8.671040e-01 8.100000e-03 1.247960e-01
94 8.657200e-01 8.120000e-03 1.261600e-01
95 8.642280e-01 8.192000e-03 1.275800e-01
96 8.630480e-01 7.804000e-03 1.291480e-01
97 8.618480e-01 7.756000e-03 1.303960e-01
98 8.603680e-01 7.892000e-03 1.317400e-01
99 8.590480e-01 7.796000e-03 1.331560e-01
100 8.575480e-01 7.956000e-03 1.344960e-01
101 8.562240e-01 7.900000e-03 1.358760e-01
102 8.548440e-01 7.880000e-03 1.372760e-01
103 8.535200e-01 7.792000e-03 1.386880e-01
104 8.523480e-01 7.656000e-03 1.399960e-01
105 8.510520e-01 7.732000e-03 1.412160e-01
106 8.496840e-01 7.688000e-03 1.426280e-01
107 8.483080e-01 7.636000e-03 1.440560e-01
108 8.471520e-01 7.372000e-03 1.454760e-01
109 8.458880e-01 7.348000e-03 1.467640e-01
110 8.445640e-01 7.484000e-03 1.479520e-01
111 8.432400e-01 7.488000e-03 1.492720e-01
112 8.419240e-01 7.384000e-03 1.506920e-01
113 8.406960e-01 7.336000e-03 1.519680e-01
114 8.394400e-01 7.212000e-03 1.533480e-01
115 8.381520e-01 7.324000e-03 1.545240e-01
116 8.368520e-01 7.252000e-03 1.558960e-01
117 8.356760e-01 7.124000e-03 1.572000e-01
118 8.344720e-01 6.980000e-03 1.585480e-01
119 8.331960e-01 7.048000e-03 1.597560e-01
120 8.320320e-01 6.956000e-03 1.610120e-01
121 8.307280e-01 7.072000e-03 1.622000e-01
122 8.295880e-01 6.860000e-03 1.635520e-01
123 8.283920e-01 6.880000e-03 1.647280e-01
124 8.270080e-01 7.196000e-03 1.657960e-01
125 8.255600e-01 7.404000e-03 1.670360e-01
126 8.243880e-01 7.224000e-03 1.683880e-01
127 8.232120e-01 7.144000e-03 1.696440e-01
128 8.219120e-01 7.148000e-03 1.709400e-01
129 8.206840e-01 7.032000e-03 1.722840e-01
130 8.195160e-01 6.828000e-03 1.736560e-01
131 8.184760e-01 6.724000e-03 1.748000e-01
132 8.172800e-01 6.716000e-03 1.760040e-01
133 8.162400e-01 6.560000e-03 1.772000e-01
134 8.151120e-01 6.596000e-03 1.782920e-01
135 8.139960e-01 6.624000e-03 1.793800e-01
136 8.127000e-01 6.764000e-03 1.805360e-01
137 8.116000e-01 6.756000e-03 1.816440e-01
138 8.103320e-01 6.936000e-03 1.827320e-01
139 8.090440e-01 6.972000e-03 1.839840e-01
140 8.077120e-01 7.128000e-03 1.851600e-01
141 8.064880e-01 7.044000e-03 1.864680e-01
142 8.053600e-01 7.004000e-03 1.876360e-01
143 8.042600e-01 6.852000e-03 1.888880e-01
144 8.031720e-01 6.692000e-03 1.901360e-01
145 8.019200e-01 6.796000e-03 1.912840e-01
146 8.007480e-01 6.716000e-03 1.925360e-01
147 7.995680e-01 6.760000e-03 1.936720e-01
148 7.985880e-01 6.452000e-03 1.949600e-01
149 7.975360e-01 6.336000e-03 1.961280e-01
150 7.963160e-01 6.408000e-03 1.972760e-01
151 7.952360e-01 6.400000e-03 1.983640e-01
152 7.942360e-01 6.200000e-03 1.995640e-01
153 7.931640e-01 6.272000e-03 2.005640e-01
154 7.919520e-01 6.368000e-03 2.016800e-01
155 7.908040e-01 6.440000e-03 2.027560e-01
156 7.897920e-01 6.212000e-03 2.039960e-01
157 7.887080e-01 6.248000e-03 2.050440e-01
158 7.875800e-01 6.256000e-03 2.061640e-01
159 7.864280e-01 6.324000e-03 2.072480e-01
160 7.852640e-01 6.356000e-03 2.083800e-01
161 7.842200e-01 6.368000e-03 2.094120e-01
162 7.831160e-01 6.492000e-03 2.103920e-01
163 7.821160e-01 6.332000e-03 2.115520e-01
164 7.810000e-01 6.336000e-03 2.126640e-01
165 7.799280e-01 6.296000e-03 2.137760e-01
166 7.787240e-01 6.264000e-03 2.150120e-01
167 7.775320e-01 6.336000e-03 2.161320e-01
168 7.765040e-01 6.212000e-03 2.172840e-01
169 7.753680e-01 6.312000e-03 2.183200e-01
170 7.743920e-01 6.340000e-03 2.192680e-01
171 7.732920e-01 6.352000e-03 2.203560e-01
172 7.722160e-01 6.312000e-03 2.214720e-01
173 7.712800e-01 6.156000e-03 2.225640e-01
174 7.702800e-01 6.020000e-03 2.237000e-01
175 7.694480e-01 5.816000e-03 2.247360e-01
176 7.684200e-01 5.856000e-03 2.257240e-01
177 7.675360e-01 5.768000e-03 2.266960e-01
178 7.666760e-01 5.528000e-03 2.277960e-01
179 7.657800e-01 5.504000e-03 2.287160e-01
180 7.648680e-01 5.460000e-03 2.296720e-01
181 7.639720e-01 5.284000e-03 2.307440e-01
182 7.629920e-01 5.324000e-03 2.316840e-01
183 7.621200e-01 5.200000e-03 2.326800e-01
184 7.612320e-01 5.100000e-03 2.336680e-01
185 7.602960e-01 5.160000e-03 2.345440e-01
186 7.593560e-01 5.248000e-03 2.353960e-01
187 7.585000e-01 5.156000e-03 2.363440e-01
188 7.576960e-01 5.124000e-03 2.371800e-01
189 7.567360e-01 5.064000e-03 2.382000e-01
190 7.558320e-01 5.060000e-03 2.391080e-01
191 7.550360e-01 4.920000e-03 2.400440e-01
192 7.543000e-01 4.796000e-03 2.409040e-01
193 7.535480e-01 4.740000e-03 2.417120e-01
194 7.527720e-01 4.684000e-03 2.425440e-01
195 7.520320e-01 4.664000e-03 2.433040e-01
196 7.512760e-01 4.600000e-03 2.441240e-01
197 7.505640e-01 4.516000e-03 2.449200e-01
198 7.498040e-01 4.540000e-03 2.456560e-01
199 7.490800e-01 4.488000e-03 2.464320e-01
200 7.484440e-01 4.332000e-03 2.472240e-01
201 7.475760e-01 4.392000e-03 2.480320e-01
202 7.468920e-01 4.264000e-03 2.488440e-01
203 7.462640e-01 4.116000e-03 2.496200e-01
204 7.455960e-01 4.028000e-03 2.503760e-01
205 7.449440e-01 3.972000e-03 2.510840e-01
206 7.443000e-01 3.984000e-03 2.517160e-01
207 7.436640e-01 3.880000e-03 2.524560e-01
208 7.429720e-01 3.992000e-03 2.530360e-01
209 7.423120e-01 3.984000e-03 2.537040e-01
210 7.415800e-01 3.924000e-03 2.544960e-01
211 7.408280e-01 4.016000e-03 2.551560e-01
212 7.402640e-01 3.896000e-03 2.558400e-01
213 7.395680e-01 3.976000e-03 2.564560e-01
214 7.388400e-01 4.004000e-03 2.571560e-01
215 7.381680e-01 3.964000e-03 2.578680e-01
216 7.374840e-01 3.988000e-03 2.585280e-01
217 7.367360e-01 4.012000e-03 2.592520e-01
218 7.361000e-01 3.908000e-03 2.599920e-01
219 7.354840e-01 3.804000e-03 2.607120e-01
220 7.349720e-01 3.668000e-03 2.613600e-01
221 7.343880e-01 3.692000e-03 2.619200e-01
222 7.337680e-01 3.704000e-03 2.625280e-01
223 7.330760e-01 3.644000e-03 2.632800e-01
224 7.324880e-01 3.636000e-03 2.638760e-01
225 7.318520e-01 3.628000e-03 2.645200e-01
226 7.312960e-01 3.568000e-03 2.651360e-01
227 7.306440e-01 3.692000e-03 2.656640e-01
228 7.301080e-01 3.532000e-03 2.663600e-01
229 7.294560e-01 3.576000e-03 2.669680e-01
230 7.288240e-01 3.660000e-03 2.675160e-01
231 7.282400e-01 3.628000e-03 2.681320e-01
232 7.275680e-01 3.620000e-03 2.688120e-01
233 7.270760e-01 3.472000e-03 2.694520e-01
234 7.263880e-01 3.604000e-03 2.700080e-01
235 7.257520e-01 3.596000e-03 2.706520e-01
236 7.251440e-01 3.560000e-03 2.712960e-01
237 7.246200e-01 3.392000e-03 2.719880e-01
238 7.239560e-01 3.484000e-03 2.725600e-01
239 7.232880e-01 3.548000e-03 2.731640e-01
240 7.226880e-01 3.476000e-03 2.738360e-01
241 7.220920e-01 3.436000e-03 2.744720e-01
242 7.214800e-01 3.416000e-03 2.751040e-01
243 7.209480e-01 3.412000e-03 2.756400e-01
244 7.203560e-01 3.420000e-03 2.762240e-01
245 7.196760e-01 3.460000e-03 2.768640e-01
246 7.191000e-01 3.424000e-03 2.774760e-01
247 7.185200e-01 3.432000e-03 2.780480e-01
248 7.179280e-01 3.356000e-03 2.787160e-01
249 7.173280e-01 3.360000e-03 2.793120e-01
250 7.166760e-01 3.396000e-03 2.799280e-01
251 7.160520e-01 3.432000e-03 2.805160e-01
252 7.155960e-01 3.292000e-03 2.811120e-01
253 7.151040e-01 3.232000e-03 2.816640e-01
254 7.146080e-01 3.232000e-03 2.821600e-01
255 7.140240e-01 3.252000e-03 2.827240e-01
256 7.134800e-01 3.196000e-03 2.833240e-01
257 7.130320e-01 3.052000e-03 2.839160e-01
258 7.126080e-01 2.976000e-03 2.844160e-01
259 7.121600e-01 2.824000e-03 2.850160e-01
260 7.116600e-01 2.788000e-03 2.855520e-01
261 7.111640e-01 2.780000e-03 2.860560e-01
262 7.107560e-01 2.716000e-03 2.865280e-01
263 7.102920e-01 2.748000e-03 2.869600e-01
264 7.098160e-01 2.752000e-03 2.874320e-01
265 7.093320e-01 2.804000e-03 2.878640e-01
266 7.088520e-01 2.800000e-03 2.883480e-01
267 7.083920e-01 2.780000e-03 2.888280e-01
268 7.079480e-01 2.732000e-03 2.893200e-01
269 7.074840e-01 2.708000e-03 2.898080e-01
270 7.070280e-01 2.628000e-03 2.903440e-01
271 7.065640e-01 2.664000e-03 2.907720e-01
272 7.060640e-01 2.716000e-03 2.912200e-01
273 7.056000e-01 2.616000e-03 2.917840e-01
274 7.052040e-01 2.552000e-03 2.922440e-01
275 7.047960e-01 2.444000e-03 2.927600e-01
276 7.044960e-01 2.320000e-03 2.931840e-01
277 7.040880e-01 2.304000e-03 2.936080e-01
278 7.036480e-01 2.300000e-03 2.940520e-01
279 7.032560e-01 2.220000e-03 2.945240e-01
280 7.028360e-01 2.196000e-03 2.949680e-01
281 7.024600e-01 2.248000e-03 2.952920e-01
282 7.020520e-01 2.248000e-03 2.957000e-01
283 7.016440e-01 2.244000e-03 2.961120e-01
284 7.012360e-01 2.188000e-03 2.965760e-01
285 7.008360e-01 2.148000e-03 2.970160e-01
286 7.004800e-01 2.144000e-03 2.973760e-01
287 7.000360e-01 2.220000e-03 2.977440e-01
288 6.996000e-01 2.264000e-03 2.981360e-01
289 6.992400e-01 2.252000e-03 2.985080e-01
290 6.989280e-01 2.180000e-03 2.988920e-01
291 6.985960e-01 2.136000e-03 2.992680e-01
292 6.983000e-01 2.068000e-03 2.996320e-01
293 6.979560e-01 2.004000e-03 3.000400e-01
294 6.976600e-01 1.952000e-03 3.003880e-01
295 6.973080e-01 1.972000e-03 3.007200e-01
296 6.970320e-01 1.884000e-03 3.010840e-01
297 6.967000e-01 1.956000e-03 3.013440e-01
298 6.963400e-01 1.992000e-03 3.016680e-01
299 6.960640e-01 1.908000e-03 3.020280e-01
300 6.957040e-01 1.896000e-03 3.024000e-01
301 6.953960e-01 1.828000e-03 3.027760e-01
302 6.951320e-01 1.800000e-03 3.030680e-01
303 6.948240e-01 1.768000e-03 3.034080e-01
304 6.945240e-01 1.856000e-03 3.036200e-01
305 6.941600e-01 1.900000e-03 3.039400e-01
306 6.938240e-01 1.928000e-03 3.042480e-01
307 6.935760e-01 1.840000e-03 3.045840e-01
308 6.932720e-01 1.764000e-03 3.049640e-01
309 6.929960e-01 1.744000e-03 3.052600e-01
310 6.927400e-01 1.696000e-03 3.055640e-01
311 6.925280e-01 1.648000e-03 3.058240e-01
312 6.922240e-01 1.720000e-03 3.060560e-01
313 6.919600e-01 1.640000e-03 3.064000e-01
314 6.917040e-01 1.524000e-03 3.067720e-01
315 6.914360e-01 1.524000e-03 3.070400e-01
316 6.912440e-01 1.452000e-03 3.073040e-01
317 6.910520e-01 1.408000e-03 3.075400e-01
318 6.908440e-01 1.364000e-03 3.077920e-01
319 6.906600e-01 1.344000e-03 3.079960e-01
320 6.904120e-01 1.344000e-03 3.082440e-01
321 6.901840e-01 1.320000e-03 3.084960e-01
322 6.899680e-01 1.300000e-03 3.087320e-01
323 6.896840e-01 1.392000e-03 3.089240e-01
324 6.893840e-01 1.452000e-03 3.091640e-01
325 6.891200e-01 1.488000e-03 3.093920e-01
326 6.888880e-01 1.456000e-03 3.096560e-01
327 6.887120e-01 1.396000e-03 3.098920e-01
328 6.884960e-01 1.348000e-03 3.101560e-01
329 6.882360e-01 1.396000e-03 3.103680e-01
330 6.880320e-01 1.364000e-03 3.106040e-01
331 6.878400e-01 1.312000e-03 3.108480e-01
332 6.876440e-01 1.288000e-03 3.110680e-01
333 6.874440e-01 1.280000e-03 3.112760e-01
334 6.871960e-01 1.336000e-03 3.114680e-01
335 6.869880e-01 1.328000e-03 3.116840e-01
336 6.867720e-01 1.264000e-03 3.119640e-01
337 6.865520e-01 1.228000e-03 3.122200e-01
338 6.863640e-01 1.164000e-03 3.124720e-01
339 6.861560e-01 1.180000e-03 3.126640e-01
340 6.858720e-01 1.208000e-03 3.129200e-01
341 6.855920e-01 1.244000e-03 3.131640e-01
342 6.854480e-01 1.176000e-03 3.133760e-01
343 6.852800e-01 1.148000e-03 3.135720e-01
344 6.850920e-01 1.080000e-03 3.138280e-01
345 6.849400e-01 1.012000e-03 3.140480e-01
346 6.847800e-01 9.920000e-04 3.142280e-01
347 6.846200e-01 9.440000e-04 3.144360e-01
348 6.844440e-01 9.200000e-04 3.146360e-01
349 6.842360e-01 9.800000e-04 3.147840e-01
350 6.840960e-01 9.120000e-04 3.149920e-01
351 6.839520e-01 8.800000e-04 3.151680e-01
352 6.838200e-01 8.680000e-04 3.153120e-01
353 6.836800e-01 8.600000e-04 3.154600e-01
354 6.835200e-01 8.480000e-04 3.156320e-01
355 6.833960e-01 7.920000e-04 3.158120e-01
356 6.832600e-01 8.160000e-04 3.159240e-01
357 6.830760e-01 8.680000e-04 3.160560e-01
358 6.829640e-01 8.040000e-04 3.162320e-01
359 6.828040e-01 8.080000e-04 3.163880e-01
360 6.826240e-01 8.320000e-04 3.165440e-01
361 6.824880e-01 8.000000e-04 3.167120e-01
362 6.823520e-01 7.920000e-04 3.168560e-01
363 6.822240e-01 8.000000e-04 3.169760e-01
364 6.821120e-01 8.160000e-04 3.170720e-01
365 6.819160e-01 8.920000e-04 3.171920e-01
366 6.817720e-01 8.560000e-04 3.173720e-01
367 6.815680e-01 8.920000e-04 3.175400e-01
368 6.813480e-01 9.720000e-04 3.176800e-01
369 6.811120e-01 1.044000e-03 3.178440e-01
370 6.808880e-01 1.084000e-03 3.180280e-01
371 6.807320e-01 1.044000e-03 3.182240e-01
372 6.805400e-01 9.920000e-04 3.184680e-01
373 6.803280e-01 1.052000e-03 3.186200e-01
374 6.801000e-01 1.092000e-03 3.188080e-01
375 6.798800e-01 1.104000e-03 3.190160e-01
376 6.796680e-01 1.112000e-03 3.192200e-01
377 6.794960e-01 1.100000e-03 3.194040e-01
378 6.793480e-01 1.068000e-03 3.195840e-01
379 6.791760e-01 9.800000e-04 3.198440e-01
380 6.790600e-01 9.400000e-04 3.200000e-01
381 6.789280e-01 9.080000e-04 3.201640e-01
382 6.787200e-01 9.600000e-04 3.203200e-01
383 6.785360e-01 9.680000e-04 3.204960e-01
384 6.784160e-01 9.120000e-04 3.206720e-01
385 6.782680e-01 9.000000e-04 3.208320e-01
386 6.781200e-01 9.040000e-04 3.209760e-01
387 6.779880e-01 8.960000e-04 3.211160e-01
388 6.778640e-01 8.680000e-04 3.212680e-01
389 6.777360e-01 8.480000e-04 3.214160e-01
390 6.776240e-01 8.000000e-04 3.215760e-01
391 6.775000e-01 7.680000e-04 3.217320e-01
392 6.773840e-01 7.040000e-04 3.219120e-01
393 6.772960e-01 6.680000e-04 3.220360e-01
394 6.772440e-01 5.960000e-04 3.221600e-01
395 6.772160e-01 5.080000e-04 3.222760e-01
396 6.771640e-01 4.560000e-04 3.223800e-01
397 6.770960e-01 4.200000e-04 3.224840e-01
398 6.770360e-01 3.960000e-04 3.225680e-01
399 6.769560e-01 4.160000e-04 3.226280e-01
400 6.768960e-01 4.000000e-04 3.227040e-01
401 6.768320e-01 3.920000e-04 3.227760e-01
402 6.767880e-01 3.720000e-04 3.228400e-01
403 6.767360e-01 3.400000e-04 3.229240e-01
404 6.766800e-01 3.520000e-04 3.229680e-01
405 6.766360e-01 3.080000e-04 3.230560e-01
406 6.765920e-01 3.000000e-04 3.231080e-01
407 6.765080e-01 3.160000e-04 3.231760e-01
408 6.764560e-01 3.200000e-04 3.232240e-01
409 6.764000e-01 3.400000e-04 3.232600e-01
410 6.763520e-01 3.200000e-04 3.233280e-01
411 6.762560e-01 3.480000e-04 3.233960e-01
412 6.761680e-01 3.760000e-04 3.234560e-01
413 6.761000e-01 3.880000e-04 3.235120e-01
414 6.760520e-01 3.720000e-04 3.235760e-01
415 6.760200e-01 3.280000e-04 3.236520e-01
416 6.759920e-01 2.960000e-04 3.237120e-01
417 6.759600e-01 3.000000e-04 3.237400e-01
418 6.758920e-01 3.160000e-04 3.237920e-01
419 6.758080e-01 3.520000e-04 3.238400e-01
420 6.757760e-01 3.040000e-04 3.239200e-01
421 6.757280e-01 3.040000e-04 3.239680e-01
422 6.756440e-01 3.280000e-04 3.240280e-01
423 6.755720e-01 3.280000e-04 3.241000e-01
424 6.755280e-01 2.840000e-04 3.241880e-01
425 6.754960e-01 2.600000e-04 3.242440e-01
426 6.754800e-01 2.400000e-04 3.242800e-01
427 6.754560e-01 2.360000e-04 3.243080e-01
428 6.754240e-01 2.400000e-04 3.243360e-01
429 6.754040e-01 2.320000e-04 3.243640e-01
430 6.753760e-01 2.200000e-04 3.244040e-01
431 6.753240e-01 2.120000e-04 3.244640e-01
432 6.753160e-01 1.840000e-04 3.245000e-01
433 6.752840e-01 1.960000e-04 3.245200e-01
434 6.752640e-01 1.760000e-04 3.245600e-01
435 6.752520e-01 1.680000e-04 3.245800e-01
436 6.752200e-01 1.680000e-04 3.246120e-01
437 6.751800e-01 1.720000e-04 3.246480e-01
438 6.751560e-01 1.480000e-04 3.246960e-01
439 6.751320e-01 1.480000e-04 3.247200e-01
440 6.751080e-01 1.480000e-04 3.247440e-01
441 6.750960e-01 1.400000e-04 3.247640e-01
442 6.750560e-01 1.560000e-04 3.247880e-01
443 6.750440e-01 1.480000e-04 3.248080e-01
444 6.750120e-01 1.600000e-04 3.248280e-01
445 6.749840e-01 1.520000e-04 3.248640e-01
446 6.749400e-01 1.760000e-04 3.248840e-01
447 6.749040e-01 1.680000e-04 3.249280e-01
448 6.748960e-01 1.480000e-04 3.249560e-01
449 6.748720e-01 1.520000e-04 3.249760e-01
450 6.748480e-01 1.520000e-04 3.250000e-01
451 6.748200e-01 1.520000e-04 3.250280e-01
452 6.748000e-01 1.480000e-04 3.250520e-01
453 6.747600e-01 1.520000e-04 3.250880e-01
454 6.747240e-01 1.720000e-04 3.251040e-01
455 6.747000e-01 1.880000e-04 3.251120e-01
456 6.746520e-01 1.880000e-04 3.251600e-01
457 6.746040e-01 1.920000e-04 3.252040e-01
458 6.745680e-01 1.960000e-04 3.252360e-01
459 6.745240e-01 2.000000e-04 3.252760e-01
460 6.745000e-01 1.880000e-04 3.253120e-01
461 6.744840e-01 1.960000e-04 3.253200e-01
462 6.744760e-01 1.800000e-04 3.253440e-01
463 6.744560e-01 1.680000e-04 3.253760e-01
464 6.744320e-01 1.760000e-04 3.253920e-01
465 6.744040e-01 1.800000e-04 3.254160e-01
466 6.743640e-01 1.800000e-04 3.254560e-01
467 6.743440e-01 1.640000e-04 3.254920e-01
468 6.743240e-01 1.600000e-04 3.255160e-01
469 6.742920e-01 1.640000e-04 3.255440e-01
470 6.742760e-01 1.640000e-04 3.255600e-01
471 6.742600e-01 1.640000e-04 3.255760e-01
472 6.742480e-01 1.280000e-04 3.256240e-01
473 6.742480e-01 1.080000e-04 3.256440e-01
474 6.742320e-01 1.080000e-04 3.256600e-01
475 6.742160e-01 1.160000e-04 3.256680e-01
476 6.742000e-01 1.040000e-04 3.256960e-01
477 6.742000e-01 9.200000e-05 3.257080e-01
478 6.741960e-01 7.600000e-05 3.257280e-01
479 6.741960e-01 6.800000e-05 3.257360e-01
480 6.741880e-01 6.800000e-05 3.257440e-01
481 6.741840e-01 6.000000e-05 3.257560e-01
482 6.741640e-01 6.800000e-05 3.257680e-01
483 6.741600e-01 6.400000e-05 3.257760e-01
484 6.741480e-01 6.400000e-05 3.257880e-01
485 6.741400e-01 6.400000e-05 3.257960e-01
486 6.741360e-01 5.200000e-05 3.258120e-01
487 6.741240e-01 5.200000e-05 3.258240e-01
488 6.741200e-01 5.200000e-05 3.258280e-01
489 6.741040e-01 5.600000e-05 3.258400e-01
490 6.741040e-01 4.000000e-05 3.258560e-01
491 6.741040e-01 4.000000e-05 3.258560e-01
492 6.741000e-01 3.600000e-05 3.258640e-01
493 6.741000e-01 3.600000e-05 3.258640e-01
494 6.740960e-01 4.000000e-05 3.258640e-01
495 6.740960e-01 1.600000e-05 3.258880e-01
496 6.740920e-01 2.000000e-05 3.258880e-01
497 6.740880e-01 2.000000e-05 3.258920e-01
498 6.740880e-01 2.000000e-05 3.258920e-01
499 6.740840e-01 2.000000e-05 3.258960e-01
500 6.740800e-01 2.400000e-05 3.258960e-01
