1 9.992560e-01 6.720000e-04 7.200000e-05
2 9.987280e-01 1.036000e-03 2.360000e-04
3 9.981200e-01 1.464000e-03 4.160000e-04
4 9.973800e-01 1.932000e-03 6.880000e-04
5 9.965360e-01 2.416000e-03 1.048000e-03
6 9.955360e-01 2.912000e-03 1.552000e-03
7 9.946880e-01 3.280000e-03 2.032000e-03
8 9.936400e-01 3.684000e-03 2.676000e-03
9 9.925200e-01 4.104000e-03 3.376000e-03
10 9.913080e-01 4.552000e-03 4.140000e-03
11 9.899680e-01 4.992000e-03 5.040000e-03
12 9.886880e-01 5.300000e-03 6.012000e-03
13 9.874640e-01 5.580000e-03 6.956000e-03
14 9.862480e-01 5.908000e-03 7.844000e-03
15 9.848240e-01 6.260000e-03 8.916000e-03
16 9.835640e-01 6.296000e-03 1.014000e-02
17 9.824120e-01 6.308000e-03 1.128000e-02
18 9.811480e-01 6.492000e-03 1.236000e-02
19 9.799320e-01 6.516000e-03 1.355200e-02
20 9.787120e-01 6.444000e-03 1.484400e-02
21 9.773360e-01 6.628000e-03 1.603600e-02
22 9.759400e-01 6.860000e-03 1.720000e-02
23 9.745880e-01 6.956000e-03 1.845600e-02
24 9.730200e-01 7.348000e-03 1.963200e-02
25 9.715240e-01 7.524000e-03 2.095200e-02
26 9.699720e-01 7.720000e-03 2.230800e-02
27 9.685120e-01 7.860000e-03 2.362800e-02
28 9.670160e-01 7.896000e-03 2.508800e-02
29 9.655480e-01 8.144000e-03 2.630800e-02
30 9.637880e-01 8.344000e-03 2.786800e-02
31 9.622960e-01 8.376000e-03 2.932800e-02
32 9.606600e-01 8.520000e-03 3.082000e-02
33 9.590640e-01 8.720000e-03 3.221600e-02
34 9.573680e-01 8.852000e-03 3.378000e-02
35 9.556160e-01 8.992000e-03 3.539200e-02
36 9.539040e-01 9.084000e-03 3.701200e-02
37 9.524040e-01 9.088000e-03 3.850800e-02
38 9.506880e-01 9.184000e-03 4.012800e-02
39 9.489880e-01 9.216000e-03 4.179600e-02
40 9.473800e-01 9.268000e-03 4.335200e-02
41 9.458840e-01 9.156000e-03 4.496000e-02
42 9.441720e-01 9.348000e-03 4.648000e-02
43 9.424680e-01 9.548000e-03 4.798400e-02
44 9.407240e-01 9.676000e-03 4.960000e-02
45 9.390600e-01 9.592000e-03 5.134800e-02
46 9.373000e-01 9.604000e-03 5.309600e-02
47 9.355840e-01 9.584000e-03 5.483200e-02
48 9.339600e-01 9.476000e-03 5.656400e-02
49 9.323320e-01 9.620000e-03 5.804800e-02
50 9.307960e-01 9.460000e-03 5.974400e-02
51 9.293360e-01 9.212000e-03 6.145200e-02
52 9.279160e-01 9.100000e-03 6.298400e-02
53 9.263520e-01 9.052000e-03 6.459600e-02
54 9.247080e-01 9.116000e-03 6.617600e-02
55 9.230720e-01 9.088000e-03 6.784000e-02
56 9.214960e-01 9.052000e-03 6.945200e-02
57 9.197240e-01 9.152000e-03 7.112400e-02
58 9.181160e-01 9.076000e-03 7.280800e-02
59 9.164200e-01 9.156000e-03 7.442400e-02
60 9.148480e-01 8.984000e-03 7.616800e-02
61 9.133200e-01 8.944000e-03 7.773600e-02
62 9.117360e-01 9.004000e-03 7.926000e-02
63 9.100480e-01 9.048000e-03 8.090400e-02
64 9.084160e-01 9.072000e-03 8.251200e-02
65 9.068280e-01 9.108000e-03 8.406400e-02
66 9.052760e-01 9.040000e-03 8.568400e-02
67 9.037920e-01 8.980000e-03 8.722800e-02
68 9.022840e-01 9.004000e-03 8.871200e-02
69 9.006440e-01 8.996000e-03 9.036000e-02
70 8.991840e-01 8.884000e-03 9.193200e-02
71 8.978000e-01 8.784000e-03 9.341600e-02
72 8.963400e-01 8.728000e-03 9.493200e-02
73 8.948160e-01 8.716000e-03 9.646800e-02
74 8.933040e-01 8.672000e-03 9.802400e-02
75 8.919800e-01 8.492000e-03 9.952800e-02
76 8.906280e-01 8.352000e-03 1.010200e-01
77 8.894240e-01 8.096000e-03 1.024800e-01
78 8.880240e-01 8.208000e-03 1.037680e-01
79 8.866120e-01 8.328000e-03 1.050600e-01
80 8.851120e-01 8.368000e-03 1.065200e-01
81 8.837040e-01 8.280000e-03 1.080160e-01
82 8.823360e-01 8.088000e-03 1.095760e-01
83 8.810760e-01 7.880000e-03 1.110440e-01
84 8.797400e-01 7.852000e-03 1.124080e-01
85 8.784640e-01 7.684000e-03 1.138520e-01
86 8.771720e-01 7.584000e-03 1.152440e-01
87 8.758600e-01 7.560000e-03 1.165800e-01
88 8.744320e-01 7.700000e-03 1.178680e-01
89 8.730520e-01 7.816000e-03 1.191320e-01
90 8.717480e-01 7.788000e-03 1.204640e-01
91 8.704320e-01 7.756000e-03 1.218120e-01
92 8.691480e-01 7.644000e-03 1.232080e-01
93 8.677120e-01 7.824000e-03 1.244640e-01
94 8.663480e-01 7.892000e-03 1.257600e-01
95 8.650880e-01 7.892000e-03 1.270200e-01
96 8.638000e-01 7.732000e-03 1.284680e-01
97 8.626200e-01 7.648000e-03 1.297320e-01
98 8.613120e-01 7.592000e-03 1.310960e-01
99 8.599720e-01 7.584000e-03 1.324440e-01
100 8.587200e-01 7.444000e-03 1.338360e-01
101 8.573760e-01 7.488000e-03 1.351360e-01
102 8.560160e-01 7.564000e-03 1.364200e-01
103 8.547000e-01 7.432000e-03 1.378680e-01
104 8.535200e-01 7.340000e-03 1.391400e-01
105 8.522560e-01 7.196000e-03 1.405480e-01
106 8.509440e-01 7.264000e-03 1.417920e-01
107 8.495800e-01 7.324000e-03 1.430960e-01
108 8.482680e-01 7.340000e-03 1.443920e-01
109 8.470000e-01 7.336000e-03 1.456640e-01
110 8.455640e-01 7.448000e-03 1.469880e-01
111 8.440200e-01 7.660000e-03 1.483200e-01
112 8.426760e-01 7.720000e-03 1.496040e-01
113 8.412600e-01 7.776000e-03 1.509640e-01
114 8.398600e-01 7.712000e-03 1.524280e-01
115 8.384320e-01 7.788000e-03 1.537800e-01
116 8.370120e-01 7.972000e-03 1.550160e-01
117 8.355520e-01 8.040000e-03 1.564080e-01
118 8.341440e-01 7.976000e-03 1.578800e-01
119 8.327400e-01 7.980000e-03 1.592800e-01
120 8.313160e-01 8.108000e-03 1.605760e-01
121 8.298720e-01 8.100000e-03 1.620280e-01
122 8.283840e-01 8.188000e-03 1.634280e-01
123 8.269440e-01 8.192000e-03 1.648640e-01
124 8.253440e-01 8.400000e-03 1.662560e-01
125 8.239760e-01 8.216000e-03 1.678080e-01
126 8.224720e-01 8.284000e-03 1.692440e-01
127 8.211120e-01 8.264000e-03 1.706240e-01
128 8.196240e-01 8.240000e-03 1.721360e-01
129 8.180280e-01 8.496000e-03 1.734760e-01
130 8.165320e-01 8.496000e-03 1.749720e-01
131 8.151880e-01 8.256000e-03 1.765560e-01
132 8.138560e-01 8.096000e-03 1.780480e-01
133 8.123200e-01 8.236000e-03 1.794440e-01
134 8.108480e-01 8.260000e-03 1.808920e-01
135 8.093880e-01 8.360000e-03 1.822520e-01
136 8.079080e-01 8.468000e-03 1.836240e-01
137 8.064240e-01 8.532000e-03 1.850440e-01
138 8.048760e-01 8.684000e-03 1.864400e-01
139 8.034640e-01 8.528000e-03 1.880080e-01
140 8.020600e-01 8.416000e-03 1.895240e-01
141 8.006000e-01 8.392000e-03 1.910080e-01
142 7.991640e-01 8.372000e-03 1.924640e-01
143 7.976400e-01 8.428000e-03 1.939320e-01
144 7.961960e-01 8.372000e-03 1.954320e-01
145 7.946480e-01 8.560000e-03 1.967920e-01
146 7.931000e-01 8.628000e-03 1.982720e-01
147 7.915400e-01 8.780000e-03 1.996800e-01
148 7.900400e-01 8.852000e-03 2.011080e-01
149 7.885400e-01 8.720000e-03 2.027400e-01
150 7.870360e-01 8.648000e-03 2.043160e-01
151 7.856520e-01 8.360000e-03 2.059880e-01
152 7.841360e-01 8.524000e-03 2.073400e-01
153 7.826840e-01 8.552000e-03 2.087640e-01
154 7.811040e-01 8.652000e-03 2.102440e-01
155 7.797240e-01 8.608000e-03 2.116680e-01
156 7.782520e-01 8.556000e-03 2.131920e-01
157 7.767840e-01 8.648000e-03 2.145680e-01
158 7.752840e-01 8.732000e-03 2.159840e-01
159 7.739280e-01 8.576000e-03 2.174960e-01
160 7.725720e-01 8.448000e-03 2.189800e-01
161 7.711920e-01 8.244000e-03 2.205640e-01
162 7.697920e-01 8.216000e-03 2.219920e-01
163 7.683720e-01 8.156000e-03 2.234720e-01
164 7.669960e-01 8.160000e-03 2.248440e-01
165 7.656080e-01 8.244000e-03 2.261480e-01
166 7.642800e-01 8.104000e-03 2.276160e-01
167 7.630760e-01 7.800000e-03 2.291240e-01
168 7.618560e-01 7.604000e-03 2.305400e-01
169 7.607400e-01 7.412000e-03 2.318480e-01
170 7.595000e-01 7.344000e-03 2.331560e-01
171 7.582760e-01 7.212000e-03 2.345120e-01
172 7.570000e-01 7.284000e-03 2.357160e-01
173 7.558000e-01 7.188000e-03 2.370120e-01
174 7.546480e-01 7.068000e-03 2.382840e-01
175 7.533800e-01 7.148000e-03 2.394720e-01
176 7.522240e-01 7.056000e-03 2.407200e-01
177 7.511160e-01 6.944000e-03 2.419400e-01
178 7.499200e-01 6.896000e-03 2.431840e-01
179 7.487400e-01 6.756000e-03 2.445040e-01
180 7.475600e-01 6.700000e-03 2.457400e-01
181 7.464400e-01 6.540000e-03 2.470200e-01
182 7.452680e-01 6.524000e-03 2.482080e-01
183 7.441480e-01 6.496000e-03 2.493560e-01
184 7.429360e-01 6.624000e-03 2.504400e-01
185 7.416480e-01 6.736000e-03 2.516160e-01
186 7.404880e-01 6.700000e-03 2.528120e-01
187 7.393720e-01 6.600000e-03 2.540280e-01
188 7.381680e-01 6.640000e-03 2.551920e-01
189 7.369800e-01 6.608000e-03 2.564120e-01
190 7.359400e-01 6.460000e-03 2.576000e-01
191 7.347880e-01 6.396000e-03 2.588160e-01
192 7.338120e-01 6.372000e-03 2.598160e-01
193 7.326280e-01 6.376000e-03 2.609960e-01
194 7.313720e-01 6.504000e-03 2.621240e-01
195 7.302440e-01 6.468000e-03 2.632880e-01
196 7.290720e-01 6.504000e-03 2.644240e-01
197 7.279200e-01 6.468000e-03 2.656120e-01
198 7.268760e-01 6.412000e-03 2.667120e-01
199 7.258000e-01 6.340000e-03 2.678600e-01
200 7.246920e-01 6.320000e-03 2.689880e-01
201 7.237880e-01 6.096000e-03 2.701160e-01
202 7.227880e-01 6.012000e-03 2.712000e-01
203 7.216880e-01 6.040000e-03 2.722720e-01
204 7.207080e-01 6.012000e-03 2.732800e-01
205 7.196040e-01 6.196000e-03 2.742000e-01
206 7.185960e-01 6.192000e-03 2.752120e-01
207 7.177080e-01 5.996000e-03 2.762960e-01
208 7.167480e-01 5.960000e-03 2.772920e-01
209 7.158400e-01 5.912000e-03 2.782480e-01
210 7.148920e-01 5.968000e-03 2.791400e-01
211 7.139800e-01 5.768000e-03 2.802520e-01
212 7.130840e-01 5.648000e-03 2.812680e-01
213 7.121960e-01 5.572000e-03 2.822320e-01
214 7.111840e-01 5.616000e-03 2.832000e-01
215 7.101440e-01 5.652000e-03 2.842040e-01
216 7.092960e-01 5.528000e-03 2.851760e-01
217 7.084880e-01 5.380000e-03 2.861320e-01
218 7.076080e-01 5.396000e-03 2.869960e-01
219 7.065840e-01 5.472000e-03 2.879440e-01
220 7.056640e-01 5.468000e-03 2.888680e-01
221 7.047200e-01 5.416000e-03 2.898640e-01
222 7.036840e-01 5.492000e-03 2.908240e-01
223 7.027320e-01 5.512000e-03 2.917560e-01
224 7.019120e-01 5.292000e-03 2.927960e-01
225 7.008840e-01 5.376000e-03 2.937400e-01
226 6.999440e-01 5.344000e-03 2.947120e-01
227 6.990640e-01 5.156000e-03 2.957800e-01
228 6.981760e-01 5.232000e-03 2.965920e-01
229 6.972000e-01 5.212000e-03 2.975880e-01
230 6.963000e-01 5.160000e-03 2.985400e-01
231 6.954800e-01 5.144000e-03 2.993760e-01
232 6.947120e-01 5.032000e-03 3.002560e-01
233 6.938400e-01 5.076000e-03 3.010840e-01
234 6.930960e-01 4.880000e-03 3.020240e-01
235 6.921400e-01 5.024000e-03 3.028360e-01
236 6.911880e-01 5.136000e-03 3.036760e-01
237 6.903680e-01 4.980000e-03 3.046520e-01
238 6.895480e-01 4.916000e-03 3.055360e-01
239 6.886120e-01 4.944000e-03 3.064440e-01
240 6.877280e-01 5.048000e-03 3.072240e-01
241 6.867720e-01 5.072000e-03 3.081560e-01
242 6.859280e-01 5.004000e-03 3.090680e-01
243 6.850720e-01 5.084000e-03 3.098440e-01
244 6.841960e-01 5.084000e-03 3.107200e-01
245 6.833240e-01 5.064000e-03 3.116120e-01
246 6.824520e-01 5.092000e-03 3.124560e-01
247 6.816040e-01 5.064000e-03 3.133320e-01
248 6.807400e-01 5.052000e-03 3.142080e-01
249 6.799120e-01 5.036000e-03 3.150520e-01
250 6.790840e-01 4.944000e-03 3.159720e-01
251 6.783960e-01 4.728000e-03 3.168760e-01
252 6.776760e-01 4.612000e-03 3.177120e-01
253 6.768920e-01 4.620000e-03 3.184880e-01
254 6.761080e-01 4.576000e-03 3.193160e-01
255 6.754200e-01 4.488000e-03 3.200920e-01
256 6.746200e-01 4.424000e-03 3.209560e-01
257 6.737720e-01 4.376000e-03 3.218520e-01
258 6.730000e-01 4.344000e-03 3.226560e-01
259 6.722040e-01 4.348000e-03 3.234480e-01
260 6.714560e-01 4.336000e-03 3.242080e-01
261 6.706920e-01 4.396000e-03 3.249120e-01
262 6.698840e-01 4.516000e-03 3.256000e-01
263 6.689200e-01 4.628000e-03 3.264520e-01
264 6.681240e-01 4.612000e-03 3.272640e-01
265 6.673480e-01 4.564000e-03 3.280880e-01
266 6.665600e-01 4.600000e-03 3.288400e-01
267 6.658480e-01 4.508000e-03 3.296440e-01
268 6.650440e-01 4.504000e-03 3.304520e-01
269 6.642960e-01 4.440000e-03 3.312640e-01
270 6.636120e-01 4.324000e-03 3.320640e-01
271 6.629360e-01 4.220000e-03 3.328440e-01
272 6.623320e-01 4.036000e-03 3.336320e-01
273 6.616280e-01 4.076000e-03 3.342960e-01
274 6.609360e-01 4.044000e-03 3.350200e-01
275 6.602440e-01 3.924000e-03 3.358320e-01
276 6.595880e-01 3.920000e-03 3.364920e-01
277 6.588760e-01 3.876000e-03 3.372480e-01
278 6.582440e-01 3.808000e-03 3.379480e-01
279 6.576440e-01 3.808000e-03 3.385480e-01
280 6.570320e-01 3.808000e-03 3.391600e-01
281 6.563680e-01 3.860000e-03 3.397720e-01
282 6.557760e-01 3.720000e-03 3.405040e-01
283 6.551640e-01 3.672000e-03 3.411640e-01
284 6.545680e-01 3.580000e-03 3.418520e-01
285 6.539120e-01 3.548000e-03 3.425400e-01
286 6.533040e-01 3.520000e-03 3.431760e-01
287 6.527120e-01 3.428000e-03 3.438600e-01
288 6.521720e-01 3.436000e-03 3.443920e-01
289 6.516240e-01 3.452000e-03 3.449240e-01
290 6.510120e-01 3.404000e-03 3.455840e-01
291 6.505080e-01 3.284000e-03 3.462080e-01
292 6.499280e-01 3.240000e-03 3.468320e-01
293 6.493360e-01 3.332000e-03 3.473320e-01
294 6.488000e-01 3.164000e-03 3.480360e-01
295 6.481880e-01 3.256000e-03 3.485560e-01
296 6.476000e-01 3.288000e-03 3.491120e-01
297 6.470400e-01 3.276000e-03 3.496840e-01
298 6.464920e-01 3.312000e-03 3.501960e-01
299 6.457960e-01 3.404000e-03 3.508000e-01
300 6.452720e-01 3.272000e-03 3.514560e-01
301 6.447080e-01 3.248000e-03 3.520440e-01
302 6.441520e-01 3.280000e-03 3.525680e-01
303 6.435520e-01 3.312000e-03 3.531360e-01
304 6.430600e-01 3.260000e-03 3.536800e-01
305 6.425560e-01 3.160000e-03 3.542840e-01
306 6.419720e-01 3.224000e-03 3.548040e-01
307 6.414480e-01 3.136000e-03 3.554160e-01
308 6.409560e-01 3.036000e-03 3.560080e-01
309 6.404840e-01 2.920000e-03 3.565960e-01
310 6.399760e-01 2.928000e-03 3.570960e-01
311 6.395240e-01 2.896000e-03 3.575800e-01
312 6.391200e-01 2.844000e-03 3.580360e-01
313 6.385920e-01 2.852000e-03 3.585560e-01
314 6.381280e-01 2.768000e-03 3.591040e-01
315 6.376520e-01 2.720000e-03 3.596280e-01
316 6.371600e-01 2.816000e-03 3.600240e-01
317 6.367280e-01 2.768000e-03 3.605040e-01
318 6.362920e-01 2.692000e-03 3.610160e-01
319 6.359040e-01 2.592000e-03 3.615040e-01
320 6.354920e-01 2.468000e-03 3.620400e-01
321 6.351400e-01 2.460000e-03 3.624000e-01
322 6.347760e-01 2.388000e-03 3.628360e-01
323 6.343520e-01 2.332000e-03 3.633160e-01
324 6.339600e-01 2.300000e-03 3.637400e-01
325 6.335520e-01 2.328000e-03 3.641200e-01
326 6.331760e-01 2.228000e-03 3.645960e-01
327 6.328040e-01 2.236000e-03 3.649600e-01
328 6.324240e-01 2.284000e-03 3.652920e-01
329 6.320600e-01 2.212000e-03 3.657280e-01
330 6.316280e-01 2.212000e-03 3.661600e-01
331 6.312000e-01 2.276000e-03 3.665240e-01
332 6.308600e-01 2.216000e-03 3.669240e-01
333 6.304800e-01 2.192000e-03 3.673280e-01
334 6.300600e-01 2.220000e-03 3.677200e-01
335 6.295920e-01 2.276000e-03 3.681320e-01
336 6.291640e-01 2.284000e-03 3.685520e-01
337 6.287880e-01 2.336000e-03 3.688760e-01
338 6.283720e-01 2.368000e-03 3.692600e-01
339 6.280080e-01 2.396000e-03 3.695960e-01
340 6.276080e-01 2.440000e-03 3.699520e-01
341 6.271960e-01 2.432000e-03 3.703720e-01
342 6.267680e-01 2.380000e-03 3.708520e-01
343 6.264360e-01 2.292000e-03 3.712720e-01
344 6.260480e-01 2.300000e-03 3.716520e-01
345 6.257680e-01 2.192000e-03 3.720400e-01
346 6.252920e-01 2.320000e-03 3.723880e-01
347 6.249040e-01 2.316000e-03 3.727800e-01
348 6.245120e-01 2.332000e-03 3.731560e-01
349 6.241200e-01 2.312000e-03 3.735680e-01
350 6.237160e-01 2.308000e-03 3.739760e-01
351 6.233000e-01 2.360000e-03 3.743400e-01
352 6.228360e-01 2.388000e-03 3.747760e-01
353 6.224240e-01 2.396000e-03 3.751800e-01
354 6.219960e-01 2.384000e-03 3.756200e-01
355 6.215880e-01 2.376000e-03 3.760360e-01
356 6.211360e-01 2.444000e-03 3.764200e-01
357 6.207880e-01 2.360000e-03 3.768520e-01
358 6.204280e-01 2.296000e-03 3.772760e-01
359 6.200760e-01 2.220000e-03 3.777040e-01
360 6.197160e-01 2.192000e-03 3.780920e-01
361 6.193920e-01 2.124000e-03 3.784840e-01
362 6.190960e-01 2.024000e-03 3.788800e-01
363 6.187440e-01 2.020000e-03 3.792360e-01
364 6.184400e-01 1.940000e-03 3.796200e-01
365 6.181720e-01 1.860000e-03 3.799680e-01
366 6.178280e-01 1.800000e-03 3.803720e-01
367 6.175320e-01 1.748000e-03 3.807200e-01
368 6.172880e-01 1.724000e-03 3.809880e-01
369 6.170640e-01 1.660000e-03 3.812760e-01
370 6.167920e-01 1.672000e-03 3.815360e-01
371 6.165240e-01 1.648000e-03 3.818280e-01
372 6.161720e-01 1.776000e-03 3.820520e-01
373 6.158840e-01 1.780000e-03 3.823360e-01
374 6.155200e-01 1.820000e-03 3.826600e-01
375 6.151440e-01 1.880000e-03 3.829760e-01
376 6.147720e-01 1.900000e-03 3.833280e-01
377 6.143800e-01 1.948000e-03 3.836720e-01
378 6.140440e-01 1.984000e-03 3.839720e-01
379 6.136920e-01 1.952000e-03 3.843560e-01
380 6.132840e-01 2.044000e-03 3.846720e-01
381 6.129080e-01 2.048000e-03 3.850440e-01
382 6.125480e-01 2.092000e-03 3.853600e-01
383 6.122040e-01 2.040000e-03 3.857560e-01
384 6.118080e-01 2.020000e-03 3.861720e-01
385 6.113840e-01 2.140000e-03 3.864760e-01
386 6.110560e-01 2.072000e-03 3.868720e-01
387 6.107000e-01 2.024000e-03 3.872760e-01
388 6.103600e-01 1.992000e-03 3.876480e-01
389 6.100480e-01 1.932000e-03 3.880200e-01
390 6.096840e-01 2.008000e-03 3.883080e-01
391 6.094000e-01 1.928000e-03 3.886720e-01
392 6.091080e-01 1.868000e-03 3.890240e-01
393 6.087400e-01 1.880000e-03 3.893800e-01
394 6.084120e-01 1.884000e-03 3.897040e-01
395 6.080720e-01 1.860000e-03 3.900680e-01
396 6.077200e-01 1.876000e-03 3.904040e-01
397 6.073560e-01 1.884000e-03 3.907600e-01
398 6.069960e-01 1.928000e-03 3.910760e-01
399 6.066480e-01 1.960000e-03 3.913920e-01
400 6.062920e-01 2.016000e-03 3.916920e-01
401 6.058800e-01 2.064000e-03 3.920560e-01
402 6.055560e-01 2.024000e-03 3.924200e-01
403 6.051400e-01 2.052000e-03 3.928080e-01
404 6.047440e-01 2.116000e-03 3.931400e-01
405 6.044080e-01 2.100000e-03 3.934920e-01
406 6.040560e-01 2.172000e-03 3.937720e-01
407 6.037920e-01 2.004000e-03 3.942040e-01
408 6.035960e-01 1.884000e-03 3.945200e-01
409 6.033000e-01 1.868000e-03 3.948320e-01
410 6.029880e-01 1.856000e-03 3.951560e-01
411 6.027080e-01 1.784000e-03 3.955080e-01
412 6.024440e-01 1.740000e-03 3.958160e-01
413 6.022040e-01 1.676000e-03 3.961200e-01
414 6.018920e-01 1.728000e-03 3.963800e-01
415 6.016880e-01 1.652000e-03 3.966600e-01
416 6.014240e-01 1.644000e-03 3.969320e-01
417 6.011320e-01 1.648000e-03 3.972200e-01
418 6.009400e-01 1.568000e-03 3.974920e-01
419 6.006440e-01 1.580000e-03 3.977760e-01
420 6.004000e-01 1.572000e-03 3.980280e-01
421 6.001280e-01 1.504000e-03 3.983680e-01
422 5.998440e-01 1.536000e-03 3.986200e-01
423 5.996600e-01 1.416000e-03 3.989240e-01
424 5.993720e-01 1.472000e-03 3.991560e-01
425 5.992000e-01 1.412000e-03 3.993880e-01
426 5.989760e-01 1.412000e-03 3.996120e-01
427 5.987160e-01 1.432000e-03 3.998520e-01
428 5.984480e-01 1.472000e-03 4.000800e-01
429 5.982360e-01 1.344000e-03 4.004200e-01
430 5.980440e-01 1.308000e-03 4.006480e-01
431 5.978600e-01 1.248000e-03 4.008920e-01
432 5.976320e-01 1.276000e-03 4.010920e-01
433 5.975080e-01 1.184000e-03 4.013080e-01
434 5.973040e-01 1.184000e-03 4.015120e-01
435 5.971560e-01 1.080000e-03 4.017640e-01
436 5.969680e-01 1.096000e-03 4.019360e-01
437 5.967840e-01 1.080000e-03 4.021360e-01
438 5.966160e-01 1.044000e-03 4.023400e-01
439 5.964680e-01 1.032000e-03 4.025000e-01
440 5.963320e-01 1.016000e-03 4.026520e-01
441 5.961640e-01 1.000000e-03 4.028360e-01
442 5.960080e-01 9.800000e-04 4.030120e-01
443 5.958840e-01 9.360000e-04 4.031800e-01
444 5.957360e-01 9.320000e-04 4.033320e-01
445 5.955960e-01 8.840000e-04 4.035200e-01
446 5.954240e-01 9.080000e-04 4.036680e-01
447 5.952520e-01 9.040000e-04 4.038440e-01
448 5.951400e-01 8.520000e-04 4.040080e-01
449 5.950600e-01 8.040000e-04 4.041360e-01
450 5.949280e-01 7.800000e-04 4.042920e-01
451 5.948320e-01 7.480000e-04 4.044200e-01
452 5.947720e-01 6.760000e-04 4.045520e-01
453 5.946520e-01 6.360000e-04 4.047120e-01
454 5.945280e-01 6.200000e-04 4.048520e-01
455 5.944360e-01 5.880000e-04 4.049760e-01
456 5.943560e-01 5.320000e-04 4.051120e-01
457 5.942720e-01 5.320000e-04 4.051960e-01
458 5.942080e-01 4.600000e-04 4.053320e-01
459 5.941520e-01 4.600000e-04 4.053880e-01
460 5.940880e-01 4.440000e-04 4.054680e-01
461 5.939800e-01 4.760000e-04 4.055440e-01
462 5.939160e-01 4.480000e-04 4.056360e-01
463 5.938400e-01 4.280000e-04 4.057320e-01
464 5.937680e-01 4.000000e-04 4.058320e-01
465 5.937080e-01 4.080000e-04 4.058840e-01
466 5.936680e-01 3.720000e-04 4.059600e-01
467 5.936200e-01 3.600000e-04 4.060200e-01
468 5.935480e-01 3.640000e-04 4.060880e-01
469 5.934960e-01 3.480000e-04 4.061560e-01
470 5.934280e-01 3.560000e-04 4.062160e-01
471 5.933920e-01 3.200000e-04 4.062880e-01
472 5.933600e-01 2.960000e-04 4.063440e-01
473 5.933040e-01 3.040000e-04 4.063920e-01
474 5.932560e-01 3.160000e-04 4.064280e-01
475 5.932160e-01 2.960000e-04 4.064880e-01
476 5.931880e-01 2.680000e-04 4.065440e-01
477 5.931320e-01 2.840000e-04 4.065840e-01
478 5.930920e-01 2.800000e-04 4.066280e-01
479 5.930480e-01 2.800000e-04 4.066720e-01
480 5.929800e-01 3.080000e-04 4.067120e-01
481 5.929280e-01 3.040000e-04 4.067680e-01
482 5.928880e-01 3.000000e-04 4.068120e-01
483 5.928400e-01 2.680000e-04 4.068920e-01
484 5.927800e-01 2.640000e-04 4.069560e-01
485 5.927280e-01 2.640000e-04 4.070080e-01
486 5.926840e-01 2.600000e-04 4.070560e-01
487 5.926360e-01 2.520000e-04 4.071120e-01
488 5.925760e-01 2.640000e-04 4.071600e-01
489 5.925160e-01 2.840000e-04 4.072000e-01
490 5.924480e-01 2.960000e-04 4.072560e-01
491 5.923400e-01 3.400000e-04 4.073200e-01
492 5.922880e-01 3.080000e-04 4.074040e-01
493 5.922400e-01 3.080000e-04 4.074520e-01
494 5.921680e-01 3.320000e-04 4.075000e-01
495 5.921120e-01 3.280000e-04 4.075600e-01
496 5.920520e-01 3.360000e-04 4.076120e-01
497 5.919840e-01 3.640000e-04 4.076520e-01
498 5.919160e-01 3.920000e-04 4.076920e-01
499 5.918520e-01 3.760000e-04 4.077720e-01
500 5.918080e-01 3.520000e-04 4.078400e-01
