1 9.991720e-01 7.200000e-04 1.080000e-04
2 9.987080e-01 1.036000e-03 2.560000e-04
3 9.980400e-01 1.528000e-03 4.320000e-04
4 9.973200e-01 1.964000e-03 7.160000e-04
5 9.965440e-01 2.440000e-03 1.016000e-03
6 9.956680e-01 2.888000e-03 1.444000e-03
7 9.948040e-01 3.264000e-03 1.932000e-03
8 9.938160e-01 3.632000e-03 2.552000e-03
9 9.928840e-01 3.964000e-03 3.152000e-03
10 9.918720e-01 4.324000e-03 3.804000e-03
11 9.909480e-01 4.452000e-03 4.600000e-03
12 9.898400e-01 4.720000e-03 5.440000e-03
13 9.886440e-01 5.116000e-03 6.240000e-03
14 9.875480e-01 5.340000e-03 7.112000e-03
15 9.863680e-01 5.504000e-03 8.128000e-03
16 9.850200e-01 5.904000e-03 9.076000e-03
17 9.836560e-01 6.144000e-03 1.020000e-02
18 9.823360e-01 6.356000e-03 1.130800e-02
19 9.810080e-01 6.488000e-03 1.250400e-02
20 9.796120e-01 6.764000e-03 1.362400e-02
21 9.782600e-01 6.912000e-03 1.482800e-02
22 9.769880e-01 7.016000e-03 1.599600e-02
23 9.756240e-01 7.064000e-03 1.731200e-02
24 9.743160e-01 7.116000e-03 1.856800e-02
25 9.727800e-01 7.412000e-03 1.980800e-02
26 9.713120e-01 7.632000e-03 2.105600e-02
27 9.698280e-01 7.852000e-03 2.232000e-02
28 9.682440e-01 8.144000e-03 2.361200e-02
29 9.667280e-01 8.256000e-03 2.501600e-02
30 9.653320e-01 8.260000e-03 2.640800e-02
31 9.638560e-01 8.264000e-03 2.788000e-02
32 9.624040e-01 8.076000e-03 2.952000e-02
33 9.610800e-01 7.904000e-03 3.101600e-02
34 9.596520e-01 8.000000e-03 3.234800e-02
35 9.580720e-01 8.080000e-03 3.384800e-02
36 9.566840e-01 8.064000e-03 3.525200e-02
37 9.552560e-01 7.956000e-03 3.678800e-02
38 9.537200e-01 8.204000e-03 3.807600e-02
39 9.519960e-01 8.484000e-03 3.952000e-02
40 9.505280e-01 8.532000e-03 4.094000e-02
41 9.489720e-01 8.600000e-03 4.242800e-02
42 9.474440e-01 8.584000e-03 4.397200e-02
43 9.460280e-01 8.460000e-03 4.551200e-02
44 9.444000e-01 8.492000e-03 4.710800e-02
45 9.430160e-01 8.320000e-03 4.866400e-02
46 9.414280e-01 8.496000e-03 5.007600e-02
47 9.399040e-01 8.460000e-03 5.163600e-02
48 9.383080e-01 8.536000e-03 5.315600e-02
49 9.368200e-01 8.476000e-03 5.470400e-02
50 9.353680e-01 8.480000e-03 5.615200e-02
51 9.338680e-01 8.408000e-03 5.772400e-02
52 9.324320e-01 8.308000e-03 5.926000e-02
53 9.309320e-01 8.448000e-03 6.062000e-02
54 9.295320e-01 8.400000e-03 6.206800e-02
55 9.279800e-01 8.452000e-03 6.356800e-02
56 9.264880e-01 8.432000e-03 6.508000e-02
57 9.250000e-01 8.440000e-03 6.656000e-02
58 9.234760e-01 8.420000e-03 6.810400e-02
59 9.220360e-01 8.416000e-03 6.954800e-02
60 9.205360e-01 8.476000e-03 7.098800e-02
61 9.190560e-01 8.424000e-03 7.252000e-02
62 9.175840e-01 8.436000e-03 7.398000e-02
63 9.159760e-01 8.612000e-03 7.541200e-02
64 9.145360e-01 8.576000e-03 7.688800e-02
65 9.131000e-01 8.512000e-03 7.838800e-02
66 9.115720e-01 8.616000e-03 7.981200e-02
67 9.102080e-01 8.412000e-03 8.138000e-02
68 9.087600e-01 8.484000e-03 8.275600e-02
69 9.073840e-01 8.324000e-03 8.429200e-02
70 9.060680e-01 8.208000e-03 8.572400e-02
71 9.047120e-01 8.164000e-03 8.712400e-02
72 9.031320e-01 8.256000e-03 8.861200e-02
73 9.016200e-01 8.300000e-03 9.008000e-02
74 9.001360e-01 8.212000e-03 9.165200e-02
75 8.986840e-01 8.108000e-03 9.320800e-02
76 8.971880e-01 8.172000e-03 9.464000e-02
77 8.956280e-01 8.160000e-03 9.621200e-02
78 8.941800e-01 8.124000e-03 9.769600e-02
79 8.926840e-01 8.192000e-03 9.912400e-02
80 8.911640e-01 8.216000e-03 1.006200e-01
81 8.896800e-01 8.272000e-03 1.020480e-01
82 8.881960e-01 8.316000e-03 1.034880e-01
83 8.865520e-01 8.540000e-03 1.049080e-01
84 8.850000e-01 8.640000e-03 1.063600e-01
85 8.834840e-01 8.764000e-03 1.077520e-01
86 8.817560e-01 9.064000e-03 1.091800e-01
87 8.803080e-01 8.964000e-03 1.107280e-01
88 8.788680e-01 8.940000e-03 1.121920e-01
89 8.773520e-01 8.836000e-03 1.138120e-01
90 8.756760e-01 9.000000e-03 1.153240e-01
91 8.740640e-01 9.048000e-03 1.168880e-01
92 8.725840e-01 8.868000e-03 1.185480e-01
93 8.710920e-01 8.728000e-03 1.201800e-01
94 8.697160e-01 8.656000e-03 1.216280e-01
95 8.682600e-01 8.680000e-03 1.230600e-01
96 8.666640e-01 8.776000e-03 1.245600e-01
97 8.651840e-01 8.812000e-03 1.260040e-01
98 8.637760e-01 8.728000e-03 1.274960e-01
99 8.625400e-01 8.384000e-03 1.290760e-01
100 8.611120e-01 8.248000e-03 1.306400e-01
101 8.595640e-01 8.240000e-03 1.321960e-01
102 8.581520e-01 8.164000e-03 1.336840e-01
103 8.567080e-01 8.196000e-03 1.350960e-01
104 8.551520e-01 8.392000e-03 1.364560e-01
105 8.536800e-01 8.460000e-03 1.378600e-01
106 8.523040e-01 8.236000e-03 1.394600e-01
107 8.509800e-01 8.076000e-03 1.409440e-01
108 8.496480e-01 7.996000e-03 1.423560e-01
109 8.484080e-01 7.784000e-03 1.438080e-01
110 8.472800e-01 7.600000e-03 1.451200e-01
111 8.459040e-01 7.536000e-03 1.465600e-01
112 8.446680e-01 7.496000e-03 1.478360e-01
113 8.435440e-01 7.296000e-03 1.491600e-01
114 8.424760e-01 6.976000e-03 1.505480e-01
115 8.412520e-01 7.012000e-03 1.517360e-01
116 8.400640e-01 7.080000e-03 1.528560e-01
117 8.388360e-01 7.148000e-03 1.540160e-01
118 8.376320e-01 6.988000e-03 1.553800e-01
119 8.363240e-01 7.124000e-03 1.565520e-01
120 8.350240e-01 7.136000e-03 1.578400e-01
121 8.337880e-01 7.160000e-03 1.590520e-01
122 8.326280e-01 7.136000e-03 1.602360e-01
123 8.314280e-01 7.040000e-03 1.615320e-01
124 8.302040e-01 6.980000e-03 1.628160e-01
125 8.290440e-01 6.876000e-03 1.640800e-01
126 8.279680e-01 6.772000e-03 1.652600e-01
127 8.267160e-01 6.836000e-03 1.664480e-01
128 8.256440e-01 6.808000e-03 1.675480e-01
129 8.243600e-01 6.892000e-03 1.687480e-01
130 8.229160e-01 7.168000e-03 1.699160e-01
131 8.215000e-01 7.360000e-03 1.711400e-01
132 8.202200e-01 7.308000e-03 1.724720e-01
133 8.188560e-01 7.324000e-03 1.738200e-01
134 8.174840e-01 7.436000e-03 1.750800e-01
135 8.161120e-01 7.544000e-03 1.763440e-01
136 8.146000e-01 7.660000e-03 1.777400e-01
137 8.131720e-01 7.760000e-03 1.790680e-01
138 8.117440e-01 7.852000e-03 1.804040e-01
139 8.103720e-01 7.908000e-03 1.817200e-01
140 8.091680e-01 7.752000e-03 1.830800e-01
141 8.077880e-01 7.840000e-03 1.843720e-01
142 8.064520e-01 7.652000e-03 1.858960e-01
143 8.051640e-01 7.628000e-03 1.872080e-01
144 8.039560e-01 7.516000e-03 1.885280e-01
145 8.026240e-01 7.560000e-03 1.898160e-01
146 8.014000e-01 7.376000e-03 1.912240e-01
147 8.001800e-01 7.304000e-03 1.925160e-01
148 7.989600e-01 7.224000e-03 1.938160e-01
149 7.978880e-01 6.968000e-03 1.951440e-01
150 7.967480e-01 6.788000e-03 1.964640e-01
151 7.955040e-01 6.872000e-03 1.976240e-01
152 7.942640e-01 6.900000e-03 1.988360e-01
153 7.930680e-01 6.784000e-03 2.001480e-01
154 7.919760e-01 6.736000e-03 2.012880e-01
155 7.907040e-01 6.780000e-03 2.025160e-01
156 7.895000e-01 6.704000e-03 2.037960e-01
157 7.882920e-01 6.772000e-03 2.049360e-01
158 7.872000e-01 6.696000e-03 2.061040e-01
159 7.859680e-01 6.676000e-03 2.073560e-01
160 7.848320e-01 6.548000e-03 2.086200e-01
161 7.838120e-01 6.436000e-03 2.097520e-01
162 7.827960e-01 6.280000e-03 2.109240e-01
163 7.818240e-01 6.120000e-03 2.120560e-01
164 7.807680e-01 6.164000e-03 2.130680e-01
165 7.797120e-01 6.168000e-03 2.141200e-01
166 7.786520e-01 6.044000e-03 2.153040e-01
167 7.775320e-01 6.116000e-03 2.163520e-01
168 7.766480e-01 5.864000e-03 2.174880e-01
169 7.756560e-01 5.768000e-03 2.185760e-01
170 7.746280e-01 5.760000e-03 2.196120e-01
171 7.736920e-01 5.636000e-03 2.206720e-01
172 7.728440e-01 5.516000e-03 2.216400e-01
173 7.719400e-01 5.484000e-03 2.225760e-01
174 7.709560e-01 5.520000e-03 2.235240e-01
175 7.699960e-01 5.480000e-03 2.245240e-01
176 7.691320e-01 5.304000e-03 2.255640e-01
177 7.681480e-01 5.312000e-03 2.265400e-01
178 7.672520e-01 5.204000e-03 2.275440e-01
179 7.663680e-01 5.132000e-03 2.285000e-01
180 7.655320e-01 5.056000e-03 2.294120e-01
181 7.647120e-01 5.008000e-03 2.302800e-01
182 7.639800e-01 4.748000e-03 2.312720e-01
183 7.632440e-01 4.596000e-03 2.321600e-01
184 7.625160e-01 4.472000e-03 2.330120e-01
185 7.617240e-01 4.476000e-03 2.338000e-01
186 7.609640e-01 4.448000e-03 2.345880e-01
187 7.602000e-01 4.376000e-03 2.354240e-01
188 7.594640e-01 4.292000e-03 2.362440e-01
189 7.587280e-01 4.308000e-03 2.369640e-01
190 7.579960e-01 4.248000e-03 2.377560e-01
191 7.572360e-01 4.308000e-03 2.384560e-01
192 7.564960e-01 4.336000e-03 2.391680e-01
193 7.557120e-01 4.380000e-03 2.399080e-01
194 7.549520e-01 4.276000e-03 2.407720e-01
195 7.542040e-01 4.244000e-03 2.415520e-01
196 7.533080e-01 4.404000e-03 2.422880e-01
197 7.524880e-01 4.500000e-03 2.430120e-01
198 7.516280e-01 4.588000e-03 2.437840e-01
199 7.508080e-01 4.652000e-03 2.445400e-01
200 7.500040e-01 4.716000e-03 2.452800e-01
201 7.492000e-01 4.660000e-03 2.461400e-01
202 7.482880e-01 4.792000e-03 2.469200e-01
203 7.475320e-01 4.676000e-03 2.477920e-01
204 7.466920e-01 4.732000e-03 2.485760e-01
205 7.457320e-01 4.800000e-03 2.494680e-01
206 7.449080e-01 4.716000e-03 2.503760e-01
207 7.441480e-01 4.592000e-03 2.512600e-01
208 7.433000e-01 4.628000e-03 2.520720e-01
209 7.426000e-01 4.616000e-03 2.527840e-01
210 7.417920e-01 4.684000e-03 2.535240e-01
211 7.410760e-01 4.564000e-03 2.543600e-01
212 7.403120e-01 4.648000e-03 2.550400e-01
213 7.395160e-01 4.620000e-03 2.558640e-01
214 7.386280e-01 4.704000e-03 2.566680e-01
215 7.377600e-01 4.704000e-03 2.575360e-01
216 7.370400e-01 4.600000e-03 2.583600e-01
217 7.361840e-01 4.648000e-03 2.591680e-01
218 7.353560e-01 4.644000e-03 2.600000e-01
219 7.345960e-01 4.608000e-03 2.607960e-01
220 7.337680e-01 4.688000e-03 2.615440e-01
221 7.330760e-01 4.544000e-03 2.623800e-01
222 7.324400e-01 4.392000e-03 2.631680e-01
223 7.316480e-01 4.400000e-03 2.639520e-01
224 7.308760e-01 4.464000e-03 2.646600e-01
225 7.301040e-01 4.396000e-03 2.655000e-01
226 7.293440e-01 4.416000e-03 2.662400e-01
227 7.285440e-01 4.476000e-03 2.669800e-01
228 7.277240e-01 4.484000e-03 2.677920e-01
229 7.269880e-01 4.520000e-03 2.684920e-01
230 7.262040e-01 4.580000e-03 2.692160e-01
231 7.254360e-01 4.484000e-03 2.700800e-01
232 7.246080e-01 4.576000e-03 2.708160e-01
233 7.239440e-01 4.456000e-03 2.716000e-01
234 7.231440e-01 4.520000e-03 2.723360e-01
235 7.224360e-01 4.488000e-03 2.730760e-01
236 7.217160e-01 4.368000e-03 2.739160e-01
237 7.209440e-01 4.436000e-03 2.746200e-01
238 7.201520e-01 4.480000e-03 2.753680e-01
239 7.194240e-01 4.436000e-03 2.761400e-01
240 7.186480e-01 4.312000e-03 2.770400e-01
241 7.179520e-01 4.248000e-03 2.778000e-01
242 7.172800e-01 4.240000e-03 2.784800e-01
243 7.167000e-01 4.112000e-03 2.791880e-01
244 7.160880e-01 3.984000e-03 2.799280e-01
245 7.154840e-01 3.916000e-03 2.806000e-01
246 7.148680e-01 3.756000e-03 2.813760e-01
247 7.143440e-01 3.552000e-03 2.821040e-01
248 7.137640e-01 3.552000e-03 2.826840e-01
249 7.131000e-01 3.560000e-03 2.833400e-01
250 7.125400e-01 3.468000e-03 2.839920e-01
251 7.119160e-01 3.420000e-03 2.846640e-01
252 7.113800e-01 3.356000e-03 2.852640e-01
253 7.108080e-01 3.364000e-03 2.858280e-01
254 7.102680e-01 3.284000e-03 2.864480e-01
255 7.096600e-01 3.324000e-03 2.870160e-01
256 7.089960e-01 3.348000e-03 2.876560e-01
257 7.084160e-01 3.344000e-03 2.882400e-01
258 7.078000e-01 3.268000e-03 2.889320e-01
259 7.071480e-01 3.372000e-03 2.894800e-01
260 7.065520e-01 3.364000e-03 2.900840e-01
261 7.058880e-01 3.436000e-03 2.906760e-01
262 7.052640e-01 3.408000e-03 2.913280e-01
263 7.045840e-01 3.532000e-03 2.918840e-01
264 7.039360e-01 3.596000e-03 2.924680e-01
265 7.034200e-01 3.444000e-03 2.931360e-01
266 7.028800e-01 3.368000e-03 2.937520e-01
267 7.023280e-01 3.360000e-03 2.943120e-01
268 7.017320e-01 3.348000e-03 2.949200e-01
269 7.011520e-01 3.296000e-03 2.955520e-01
270 7.006080e-01 3.340000e-03 2.960520e-01
271 7.000120e-01 3.312000e-03 2.966760e-01
272 6.994080e-01 3.380000e-03 2.972120e-01
273 6.987400e-01 3.452000e-03 2.978080e-01
274 6.981920e-01 3.372000e-03 2.984360e-01
275 6.976040e-01 3.348000e-03 2.990480e-01
276 6.970360e-01 3.360000e-03 2.996040e-01
277 6.966240e-01 3.208000e-03 3.001680e-01
278 6.961320e-01 3.120000e-03 3.007480e-01
279 6.956600e-01 3.068000e-03 3.012720e-01
280 6.951160e-01 3.032000e-03 3.018520e-01
281 6.946960e-01 2.836000e-03 3.024680e-01
282 6.942840e-01 2.760000e-03 3.029560e-01
283 6.938360e-01 2.708000e-03 3.034560e-01
284 6.932960e-01 2.780000e-03 3.039240e-01
285 6.928000e-01 2.736000e-03 3.044640e-01
286 6.923640e-01 2.644000e-03 3.049920e-01
287 6.920000e-01 2.592000e-03 3.054080e-01
288 6.915600e-01 2.576000e-03 3.058640e-01
289 6.910720e-01 2.628000e-03 3.063000e-01
290 6.906800e-01 2.632000e-03 3.066880e-01
291 6.902640e-01 2.612000e-03 3.071240e-01
292 6.898200e-01 2.652000e-03 3.075280e-01
293 6.894440e-01 2.548000e-03 3.080080e-01
294 6.890600e-01 2.524000e-03 3.084160e-01
295 6.887160e-01 2.452000e-03 3.088320e-01
296 6.883360e-01 2.440000e-03 3.092240e-01
297 6.879720e-01 2.416000e-03 3.096120e-01
298 6.875440e-01 2.408000e-03 3.100480e-01
299 6.871240e-01 2.448000e-03 3.104280e-01
300 6.867320e-01 2.324000e-03 3.109440e-01
301 6.864200e-01 2.196000e-03 3.113840e-01
302 6.861280e-01 2.080000e-03 3.117920e-01
303 6.857080e-01 2.124000e-03 3.121680e-01
304 6.853440e-01 2.044000e-03 3.126120e-01
305 6.849960e-01 2.092000e-03 3.129120e-01
306 6.846840e-01 2.052000e-03 3.132640e-01
307 6.844000e-01 1.960000e-03 3.136400e-01
308 6.840680e-01 1.888000e-03 3.140440e-01
309 6.837840e-01 1.856000e-03 3.143600e-01
310 6.834480e-01 1.880000e-03 3.146720e-01
311 6.831680e-01 1.888000e-03 3.149440e-01
312 6.828800e-01 1.848000e-03 3.152720e-01
313 6.825720e-01 1.820000e-03 3.156080e-01
314 6.822960e-01 1.796000e-03 3.159080e-01
315 6.820400e-01 1.776000e-03 3.161840e-01
316 6.818160e-01 1.700000e-03 3.164840e-01
317 6.816040e-01 1.576000e-03 3.168200e-01
318 6.813840e-01 1.532000e-03 3.170840e-01
319 6.812080e-01 1.412000e-03 3.173800e-01
320 6.810520e-01 1.332000e-03 3.176160e-01
321 6.808520e-01 1.308000e-03 3.178400e-01
322 6.806240e-01 1.316000e-03 3.180600e-01
323 6.804320e-01 1.288000e-03 3.182800e-01
324 6.802320e-01 1.288000e-03 3.184800e-01
325 6.799920e-01 1.348000e-03 3.186600e-01
326 6.798120e-01 1.284000e-03 3.189040e-01
327 6.795880e-01 1.272000e-03 3.191400e-01
328 6.793720e-01 1.276000e-03 3.193520e-01
329 6.791080e-01 1.316000e-03 3.195760e-01
330 6.789000e-01 1.292000e-03 3.198080e-01
331 6.787040e-01 1.236000e-03 3.200600e-01
332 6.784920e-01 1.232000e-03 3.202760e-01
333 6.783280e-01 1.156000e-03 3.205160e-01
334 6.780840e-01 1.216000e-03 3.207000e-01
335 6.778960e-01 1.176000e-03 3.209280e-01
336 6.776600e-01 1.184000e-03 3.211560e-01
337 6.775000e-01 1.100000e-03 3.214000e-01
338 6.773040e-01 1.104000e-03 3.215920e-01
339 6.771840e-01 1.064000e-03 3.217520e-01
340 6.770640e-01 9.680000e-04 3.219680e-01
341 6.768760e-01 9.960000e-04 3.221280e-01
342 6.766920e-01 1.044000e-03 3.222640e-01
343 6.765640e-01 9.960000e-04 3.224400e-01
344 6.764800e-01 9.440000e-04 3.225760e-01
345 6.763880e-01 8.920000e-04 3.227200e-01
346 6.763160e-01 8.240000e-04 3.228600e-01
347 6.762280e-01 7.720000e-04 3.230000e-01
348 6.761120e-01 7.200000e-04 3.231680e-01
349 6.760240e-01 7.160000e-04 3.232600e-01
350 6.758960e-01 7.400000e-04 3.233640e-01
351 6.757760e-01 6.920000e-04 3.235320e-01
352 6.757200e-01 6.280000e-04 3.236520e-01
353 6.756000e-01 6.640000e-04 3.237360e-01
354 6.754960e-01 6.400000e-04 3.238640e-01
355 6.754080e-01 6.080000e-04 3.239840e-01
356 6.752800e-01 6.000000e-04 3.241200e-01
357 6.751520e-01 6.400000e-04 3.242080e-01
358 6.750760e-01 6.240000e-04 3.243000e-01
359 6.749560e-01 6.480000e-04 3.243960e-01
360 6.748080e-01 6.920000e-04 3.245000e-01
361 6.746560e-01 7.000000e-04 3.246440e-01
362 6.745280e-01 7.000000e-04 3.247720e-01
363 6.744440e-01 6.360000e-04 3.249200e-01
364 6.743080e-01 6.720000e-04 3.250200e-01
365 6.741600e-01 7.760000e-04 3.250640e-01
366 6.740160e-01 8.160000e-04 3.251680e-01
367 6.738640e-01 8.240000e-04 3.253120e-01
368 6.737600e-01 7.800000e-04 3.254600e-01
369 6.736480e-01 7.320000e-04 3.256200e-01
370 6.735400e-01 7.080000e-04 3.257520e-01
371 6.734120e-01 7.000000e-04 3.258880e-01
372 6.733080e-01 6.840000e-04 3.260080e-01
373 6.732080e-01 7.000000e-04 3.260920e-01
374 6.730680e-01 7.440000e-04 3.261880e-01
375 6.729920e-01 6.800000e-04 3.263280e-01
376 6.729120e-01 6.680000e-04 3.264200e-01
377 6.728120e-01 6.560000e-04 3.265320e-01
378 6.726960e-01 7.040000e-04 3.266000e-01
379 6.725400e-01 7.560000e-04 3.267040e-01
380 6.724280e-01 7.760000e-04 3.267960e-01
381 6.722880e-01 7.640000e-04 3.269480e-01
382 6.721480e-01 7.760000e-04 3.270760e-01
383 6.720120e-01 7.920000e-04 3.271960e-01
384 6.718720e-01 7.720000e-04 3.273560e-01
385 6.716680e-01 8.840000e-04 3.274480e-01
386 6.715240e-01 8.920000e-04 3.275840e-01
387 6.714000e-01 8.600000e-04 3.277400e-01
388 6.712760e-01 8.440000e-04 3.278800e-01
389 6.711120e-01 8.880000e-04 3.280000e-01
390 6.710120e-01 8.160000e-04 3.281720e-01
391 6.708720e-01 8.080000e-04 3.283200e-01
392 6.707440e-01 7.840000e-04 3.284720e-01
393 6.706720e-01 7.080000e-04 3.286200e-01
394 6.705680e-01 6.680000e-04 3.287640e-01
395 6.704840e-01 6.240000e-04 3.288920e-01
396 6.703800e-01 5.920000e-04 3.290280e-01
397 6.702680e-01 5.840000e-04 3.291480e-01
398 6.701360e-01 6.000000e-04 3.292640e-01
399 6.700080e-01 6.400000e-04 3.293520e-01
400 6.699040e-01 6.160000e-04 3.294800e-01
401 6.697840e-01 5.840000e-04 3.296320e-01
402 6.696800e-01 5.760000e-04 3.297440e-01
403 6.695480e-01 5.960000e-04 3.298560e-01
404 6.694520e-01 6.040000e-04 3.299440e-01
405 6.693360e-01 6.520000e-04 3.300120e-01
406 6.692600e-01 5.800000e-04 3.301600e-01
407 6.691640e-01 5.760000e-04 3.302600e-01
408 6.690840e-01 5.760000e-04 3.303400e-01
409 6.689640e-01 5.760000e-04 3.304600e-01
410 6.688400e-01 6.200000e-04 3.305400e-01
411 6.686960e-01 6.160000e-04 3.306880e-01
412 6.686000e-01 6.240000e-04 3.307760e-01
413 6.685040e-01 6.240000e-04 3.308720e-01
414 6.684240e-01 6.280000e-04 3.309480e-01
415 6.683320e-01 5.960000e-04 3.310720e-01
416 6.682320e-01 5.720000e-04 3.311960e-01
417 6.681200e-01 5.520000e-04 3.313280e-01
418 6.680440e-01 5.320000e-04 3.314240e-01
419 6.679560e-01 5.080000e-04 3.315360e-01
420 6.679120e-01 4.480000e-04 3.316400e-01
421 6.678600e-01 4.240000e-04 3.317160e-01
422 6.678080e-01 4.080000e-04 3.317840e-01
423 6.677760e-01 3.680000e-04 3.318560e-01
424 6.676960e-01 3.760000e-04 3.319280e-01
425 6.676320e-01 3.880000e-04 3.319800e-01
426 6.675720e-01 3.840000e-04 3.320440e-01
427 6.675080e-01 3.840000e-04 3.321080e-01
428 6.674360e-01 3.960000e-04 3.321680e-01
429 6.673880e-01 4.000000e-04 3.322120e-01
430 6.673080e-01 4.040000e-04 3.322880e-01
431 6.672040e-01 4.320000e-04 3.323640e-01
432 6.671040e-01 4.520000e-04 3.324440e-01
433 6.670520e-01 4.440000e-04 3.325040e-01
434 6.669840e-01 4.320000e-04 3.325840e-01
435 6.669040e-01 4.200000e-04 3.326760e-01
436 6.668360e-01 4.240000e-04 3.327400e-01
437 6.667920e-01 4.000000e-04 3.328080e-01
438 6.667040e-01 4.120000e-04 3.328840e-01
439 6.666520e-01 3.920000e-04 3.329560e-01
440 6.665760e-01 4.000000e-04 3.330240e-01
441 6.665120e-01 3.600000e-04 3.331280e-01
442 6.664880e-01 3.040000e-04 3.332080e-01
443 6.664440e-01 3.080000e-04 3.332480e-01
444 6.664080e-01 3.000000e-04 3.332920e-01
445 6.663800e-01 2.600000e-04 3.333600e-01
446 6.663440e-01 2.600000e-04 3.333960e-01
447 6.663080e-01 2.440000e-04 3.334480e-01
448 6.662560e-01 2.560000e-04 3.334880e-01
449 6.662120e-01 2.640000e-04 3.335240e-01
450 6.661840e-01 2.640000e-04 3.335520e-01
451 6.661440e-01 2.600000e-04 3.335960e-01
452 6.660920e-01 2.800000e-04 3.336280e-01
453 6.660520e-01 2.840000e-04 3.336640e-01
454 6.659920e-01 2.920000e-04 3.337160e-01
455 6.659120e-01 3.400000e-04 3.337480e-01
456 6.658400e-01 3.640000e-04 3.337960e-01
457 6.657800e-01 3.480000e-04 3.338720e-01
458 6.657400e-01 3.480000e-04 3.339120e-01
459 6.657200e-01 3.160000e-04 3.339640e-01
460 6.656560e-01 3.360000e-04 3.340080e-01
461 6.656040e-01 3.280000e-04 3.340680e-01
462 6.655480e-01 3.560000e-04 3.340960e-01
463 6.654960e-01 3.600000e-04 3.341440e-01
464 6.654400e-01 3.360000e-04 3.342240e-01
465 6.653880e-01 3.160000e-04 3.342960e-01
466 6.653200e-01 3.160000e-04 3.343640e-01
467 6.652640e-01 3.320000e-04 3.344040e-01
468 6.651880e-01 3.520000e-04 3.344600e-01
469 6.651080e-01 3.680000e-04 3.345240e-01
470 6.650480e-01 3.680000e-04 3.345840e-01
471 6.649960e-01 3.680000e-04 3.346360e-01
472 6.649200e-01 3.920000e-04 3.346880e-01
473 6.648480e-01 3.880000e-04 3.347640e-01
474 6.648120e-01 3.680000e-04 3.348200e-01
475 6.647600e-01 3.320000e-04 3.349080e-01
476 6.647360e-01 3.120000e-04 3.349520e-01
477 6.647000e-01 2.920000e-04 3.350080e-01
478 6.646640e-01 2.920000e-04 3.350440e-01
479 6.646400e-01 2.720000e-04 3.350880e-01
480 6.645960e-01 2.840000e-04 3.351200e-01
481 6.645760e-01 2.680000e-04 3.351560e-01
482 6.645600e-01 2.200000e-04 3.352200e-01
483 6.645520e-01 1.800000e-04 3.352680e-01
484 6.645480e-01 1.680000e-04 3.352840e-01
485 6.645240e-01 1.480000e-04 3.353280e-01
486 6.645040e-01 1.600000e-04 3.353360e-01
487 6.644720e-01 1.640000e-04 3.353640e-01
488 6.644680e-01 1.320000e-04 3.354000e-01
489 6.644520e-01 1.240000e-04 3.354240e-01
490 6.644480e-01 1.160000e-04 3.354360e-01
491 6.644480e-01 1.080000e-04 3.354440e-01
492 6.644360e-01 9.200000e-05 3.354720e-01
493 6.644240e-01 8.800000e-05 3.354880e-01
494 6.644080e-01 7.600000e-05 3.355160e-01
495 6.644040e-01 5.600000e-05 3.355400e-01
496 6.644000e-01 5.200000e-05 3.355480e-01
497 6.643960e-01 5.600000e-05 3.355480e-01
498 6.643920e-01 4.800000e-05 3.355600e-01
499 6.643600e-01 7.200000e-05 3.355680e-01
500 6.643440e-01 6.800000e-05 3.355880e-01
