1 9.991640e-01 7.160000e-04 1.200000e-04
2 9.987000e-01 1.012000e-03 2.880000e-04
3 9.980880e-01 1.396000e-03 5.160000e-04
4 9.973600e-01 1.808000e-03 8.320000e-04
5 9.965600e-01 2.248000e-03 1.192000e-03
6 9.958480e-01 2.520000e-03 1.632000e-03
7 9.950960e-01 2.780000e-03 2.124000e-03
8 9.944320e-01 2.872000e-03 2.696000e-03
9 9.935840e-01 3.148000e-03 3.268000e-03
10 9.926320e-01 3.552000e-03 3.816000e-03
11 9.916160e-01 4.008000e-03 4.376000e-03
12 9.907000e-01 4.240000e-03 5.060000e-03
13 9.898560e-01 4.324000e-03 5.820000e-03
14 9.888680e-01 4.652000e-03 6.480000e-03
15 9.877680e-01 4.860000e-03 7.372000e-03
16 9.866440e-01 5.048000e-03 8.308000e-03
17 9.855440e-01 5.316000e-03 9.140000e-03
18 9.844480e-01 5.540000e-03 1.001200e-02
19 9.833840e-01 5.764000e-03 1.085200e-02
20 9.823120e-01 5.772000e-03 1.191600e-02
21 9.812400e-01 5.836000e-03 1.292400e-02
22 9.801200e-01 6.028000e-03 1.385200e-02
23 9.788600e-01 6.308000e-03 1.483200e-02
24 9.775200e-01 6.476000e-03 1.600400e-02
25 9.761600e-01 6.664000e-03 1.717600e-02
26 9.749080e-01 6.664000e-03 1.842800e-02
27 9.735880e-01 6.804000e-03 1.960800e-02
28 9.722280e-01 7.064000e-03 2.070800e-02
29 9.710760e-01 6.984000e-03 2.194000e-02
30 9.698000e-01 7.048000e-03 2.315200e-02
31 9.684600e-01 7.192000e-03 2.434800e-02
32 9.672400e-01 7.172000e-03 2.558800e-02
33 9.657880e-01 7.228000e-03 2.698400e-02
34 9.644520e-01 7.256000e-03 2.829200e-02
35 9.631200e-01 7.204000e-03 2.967600e-02
36 9.617480e-01 7.288000e-03 3.096400e-02
37 9.604400e-01 7.280000e-03 3.228000e-02
38 9.590880e-01 7.456000e-03 3.345600e-02
39 9.577880e-01 7.384000e-03 3.482800e-02
40 9.562880e-01 7.568000e-03 3.614400e-02
41 9.547520e-01 7.848000e-03 3.740000e-02
42 9.533960e-01 7.868000e-03 3.873600e-02
43 9.519480e-01 7.848000e-03 4.020400e-02
44 9.505960e-01 7.696000e-03 4.170800e-02
45 9.491280e-01 7.708000e-03 4.316400e-02
46 9.478120e-01 7.772000e-03 4.441600e-02
47 9.462960e-01 7.808000e-03 4.589600e-02
48 9.447080e-01 7.944000e-03 4.734800e-02
49 9.432880e-01 7.960000e-03 4.875200e-02
50 9.417680e-01 7.972000e-03 5.026000e-02
51 9.403400e-01 8.104000e-03 5.155600e-02
52 9.388200e-01 8.044000e-03 5.313600e-02
53 9.373280e-01 8.056000e-03 5.461600e-02
54 9.356920e-01 8.272000e-03 5.603600e-02
55 9.341440e-01 8.432000e-03 5.742400e-02
56 9.323640e-01 8.704000e-03 5.893200e-02
57 9.308480e-01 8.736000e-03 6.041600e-02
58 9.292960e-01 8.816000e-03 6.188800e-02
59 9.278160e-01 8.744000e-03 6.344000e-02
60 9.262960e-01 8.684000e-03 6.502000e-02
61 9.246720e-01 8.688000e-03 6.664000e-02
62 9.230640e-01 8.704000e-03 6.823200e-02
63 9.214720e-01 8.928000e-03 6.960000e-02
64 9.198840e-01 8.908000e-03 7.120800e-02
65 9.181560e-01 9.028000e-03 7.281600e-02
66 9.164720e-01 9.112000e-03 7.441600e-02
67 9.148600e-01 9.140000e-03 7.600000e-02
68 9.132360e-01 9.128000e-03 7.763600e-02
69 9.116240e-01 9.180000e-03 7.919600e-02
70 9.099400e-01 9.228000e-03 8.083200e-02
71 9.081560e-01 9.408000e-03 8.243600e-02
72 9.063920e-01 9.416000e-03 8.419200e-02
73 9.045640e-01 9.628000e-03 8.580800e-02
74 9.027560e-01 9.696000e-03 8.754800e-02
75 9.010080e-01 9.816000e-03 8.917600e-02
76 8.993000e-01 9.844000e-03 9.085600e-02
77 8.976720e-01 9.672000e-03 9.265600e-02
78 8.961120e-01 9.588000e-03 9.430000e-02
79 8.944000e-01 9.728000e-03 9.587200e-02
80 8.927400e-01 9.624000e-03 9.763600e-02
81 8.909840e-01 9.740000e-03 9.927600e-02
82 8.891360e-01 9.968000e-03 1.008960e-01
83 8.871360e-01 1.023200e-02 1.026320e-01
84 8.852120e-01 1.027200e-02 1.045160e-01
85 8.832360e-01 1.048800e-02 1.062760e-01
86 8.815120e-01 1.036000e-02 1.081280e-01
87 8.796440e-01 1.043200e-02 1.099240e-01
88 8.779040e-01 1.016400e-02 1.119320e-01
89 8.760480e-01 1.019600e-02 1.137560e-01
90 8.743720e-01 1.014000e-02 1.154880e-01
91 8.728120e-01 9.840000e-03 1.173480e-01
92 8.712960e-01 9.664000e-03 1.190400e-01
93 8.697080e-01 9.544000e-03 1.207480e-01
94 8.682520e-01 9.400000e-03 1.223480e-01
95 8.667400e-01 9.236000e-03 1.240240e-01
96 8.653400e-01 9.092000e-03 1.255680e-01
97 8.639360e-01 8.984000e-03 1.270800e-01
98 8.625000e-01 8.868000e-03 1.286320e-01
99 8.609680e-01 8.908000e-03 1.301240e-01
100 8.596640e-01 8.748000e-03 1.315880e-01
101 8.582560e-01 8.612000e-03 1.331320e-01
102 8.568520e-01 8.456000e-03 1.346920e-01
103 8.554320e-01 8.420000e-03 1.361480e-01
104 8.538560e-01 8.612000e-03 1.375320e-01
105 8.525400e-01 8.400000e-03 1.390600e-01
106 8.510360e-01 8.516000e-03 1.404480e-01
107 8.496880e-01 8.412000e-03 1.419000e-01
108 8.483520e-01 8.296000e-03 1.433520e-01
109 8.470000e-01 8.260000e-03 1.447400e-01
110 8.456400e-01 8.188000e-03 1.461720e-01
111 8.443000e-01 8.080000e-03 1.476200e-01
112 8.430120e-01 7.956000e-03 1.490320e-01
113 8.416040e-01 8.044000e-03 1.503520e-01
114 8.401640e-01 8.068000e-03 1.517680e-01
115 8.386040e-01 8.156000e-03 1.532400e-01
116 8.372040e-01 8.176000e-03 1.546200e-01
117 8.355920e-01 8.352000e-03 1.560560e-01
118 8.339960e-01 8.556000e-03 1.574480e-01
119 8.324920e-01 8.416000e-03 1.590920e-01
120 8.310760e-01 8.372000e-03 1.605520e-01
121 8.296640e-01 8.312000e-03 1.620240e-01
122 8.283440e-01 8.176000e-03 1.634800e-01
123 8.269440e-01 8.332000e-03 1.647240e-01
124 8.256280e-01 8.184000e-03 1.661880e-01
125 8.242040e-01 8.204000e-03 1.675920e-01
126 8.227440e-01 8.280000e-03 1.689760e-01
127 8.212160e-01 8.348000e-03 1.704360e-01
128 8.198520e-01 8.268000e-03 1.718800e-01
129 8.185960e-01 8.068000e-03 1.733360e-01
130 8.171720e-01 8.100000e-03 1.747280e-01
131 8.158800e-01 7.984000e-03 1.761360e-01
132 8.144680e-01 7.932000e-03 1.776000e-01
133 8.131280e-01 7.968000e-03 1.789040e-01
134 8.117400e-01 7.928000e-03 1.803320e-01
135 8.103920e-01 7.860000e-03 1.817480e-01
136 8.089960e-01 7.848000e-03 1.831560e-01
137 8.076760e-01 7.872000e-03 1.844520e-01
138 8.062840e-01 7.880000e-03 1.858360e-01
139 8.049720e-01 7.908000e-03 1.871200e-01
140 8.036120e-01 7.948000e-03 1.884400e-01
141 8.023080e-01 7.964000e-03 1.897280e-01
142 8.010160e-01 7.876000e-03 1.911080e-01
143 7.994360e-01 8.024000e-03 1.925400e-01
144 7.979600e-01 8.232000e-03 1.938080e-01
145 7.964520e-01 8.172000e-03 1.953760e-01
146 7.950000e-01 8.140000e-03 1.968600e-01
147 7.934840e-01 8.232000e-03 1.982840e-01
148 7.920480e-01 8.244000e-03 1.997080e-01
149 7.905680e-01 8.300000e-03 2.011320e-01
150 7.891040e-01 8.268000e-03 2.026280e-01
151 7.876760e-01 8.144000e-03 2.041800e-01
152 7.863320e-01 8.048000e-03 2.056200e-01
153 7.851840e-01 7.832000e-03 2.069840e-01
154 7.837840e-01 7.912000e-03 2.083040e-01
155 7.824800e-01 7.680000e-03 2.098400e-01
156 7.811520e-01 7.688000e-03 2.111600e-01
157 7.797600e-01 7.744000e-03 2.124960e-01
158 7.783480e-01 7.836000e-03 2.138160e-01
159 7.771000e-01 7.704000e-03 2.151960e-01
160 7.759040e-01 7.396000e-03 2.167000e-01
161 7.747040e-01 7.256000e-03 2.180400e-01
162 7.734720e-01 7.228000e-03 2.193000e-01
163 7.722840e-01 7.160000e-03 2.205560e-01
164 7.710840e-01 7.200000e-03 2.217160e-01
165 7.697760e-01 7.240000e-03 2.229840e-01
166 7.685720e-01 7.116000e-03 2.243120e-01
167 7.672840e-01 7.192000e-03 2.255240e-01
168 7.660200e-01 7.236000e-03 2.267440e-01
169 7.646240e-01 7.384000e-03 2.279920e-01
170 7.634920e-01 7.256000e-03 2.292520e-01
171 7.621600e-01 7.356000e-03 2.304840e-01
172 7.608280e-01 7.320000e-03 2.318520e-01
173 7.597880e-01 7.048000e-03 2.331640e-01
174 7.586640e-01 6.916000e-03 2.344200e-01
175 7.574400e-01 6.904000e-03 2.356560e-01
176 7.562200e-01 6.880000e-03 2.369000e-01
177 7.551280e-01 6.752000e-03 2.381200e-01
178 7.538280e-01 6.964000e-03 2.392080e-01
179 7.525800e-01 7.000000e-03 2.404200e-01
180 7.514920e-01 6.900000e-03 2.416080e-01
181 7.503360e-01 6.876000e-03 2.427880e-01
182 7.491960e-01 6.820000e-03 2.439840e-01
183 7.481160e-01 6.764000e-03 2.451200e-01
184 7.468320e-01 6.856000e-03 2.463120e-01
185 7.456520e-01 6.752000e-03 2.475960e-01
186 7.444480e-01 6.720000e-03 2.488320e-01
187 7.433400e-01 6.652000e-03 2.500080e-01
188 7.422760e-01 6.548000e-03 2.511760e-01
189 7.409920e-01 6.664000e-03 2.523440e-01
190 7.398840e-01 6.564000e-03 2.535520e-01
191 7.386400e-01 6.680000e-03 2.546800e-01
192 7.375120e-01 6.636000e-03 2.558520e-01
193 7.364400e-01 6.572000e-03 2.569880e-01
194 7.353280e-01 6.528000e-03 2.581440e-01
195 7.342080e-01 6.600000e-03 2.591920e-01
196 7.332000e-01 6.368000e-03 2.604320e-01
197 7.321840e-01 6.296000e-03 2.615200e-01
198 7.312440e-01 6.160000e-03 2.625960e-01
199 7.302000e-01 6.112000e-03 2.636880e-01
200 7.292520e-01 5.936000e-03 2.648120e-01
201 7.282240e-01 5.900000e-03 2.658760e-01
202 7.273440e-01 5.824000e-03 2.668320e-01
203 7.263720e-01 5.788000e-03 2.678400e-01
204 7.253760e-01 5.744000e-03 2.688800e-01
205 7.244440e-01 5.736000e-03 2.698200e-01
206 7.234800e-01 5.680000e-03 2.708400e-01
207 7.226440e-01 5.596000e-03 2.717600e-01
208 7.217880e-01 5.532000e-03 2.726800e-01
209 7.208920e-01 5.496000e-03 2.736120e-01
210 7.201160e-01 5.264000e-03 2.746200e-01
211 7.192480e-01 5.216000e-03 2.755360e-01
212 7.184120e-01 5.156000e-03 2.764320e-01
213 7.174120e-01 5.256000e-03 2.773320e-01
214 7.165280e-01 5.200000e-03 2.782720e-01
215 7.156880e-01 5.160000e-03 2.791520e-01
216 7.148600e-01 5.080000e-03 2.800600e-01
217 7.140280e-01 5.048000e-03 2.809240e-01
218 7.131120e-01 5.076000e-03 2.818120e-01
219 7.123600e-01 4.892000e-03 2.827480e-01
220 7.116360e-01 4.760000e-03 2.836040e-01
221 7.107360e-01 4.860000e-03 2.844040e-01
222 7.099920e-01 4.784000e-03 2.852240e-01
223 7.092160e-01 4.732000e-03 2.860520e-01
224 7.084680e-01 4.656000e-03 2.868760e-01
225 7.076320e-01 4.728000e-03 2.876400e-01
226 7.068400e-01 4.680000e-03 2.884800e-01
227 7.060840e-01 4.588000e-03 2.893280e-01
228 7.053960e-01 4.480000e-03 2.901240e-01
229 7.046560e-01 4.448000e-03 2.908960e-01
230 7.039200e-01 4.404000e-03 2.916760e-01
231 7.031520e-01 4.404000e-03 2.924440e-01
232 7.024360e-01 4.328000e-03 2.932360e-01
233 7.017920e-01 4.188000e-03 2.940200e-01
234 7.011240e-01 4.120000e-03 2.947560e-01
235 7.005000e-01 3.992000e-03 2.955080e-01
236 6.998400e-01 3.996000e-03 2.961640e-01
237 6.992600e-01 3.924000e-03 2.968160e-01
238 6.986520e-01 3.764000e-03 2.975840e-01
239 6.980640e-01 3.708000e-03 2.982280e-01
240 6.975440e-01 3.456000e-03 2.990000e-01
241 6.970000e-01 3.424000e-03 2.995760e-01
242 6.964160e-01 3.416000e-03 3.001680e-01
243 6.958440e-01 3.364000e-03 3.007920e-01
244 6.953360e-01 3.164000e-03 3.015000e-01
245 6.949160e-01 3.056000e-03 3.020280e-01
246 6.944600e-01 2.940000e-03 3.026000e-01
247 6.940080e-01 2.852000e-03 3.031400e-01
248 6.936200e-01 2.652000e-03 3.037280e-01
249 6.932560e-01 2.524000e-03 3.042200e-01
250 6.928480e-01 2.552000e-03 3.046000e-01
251 6.923560e-01 2.652000e-03 3.049920e-01
252 6.918840e-01 2.728000e-03 3.053880e-01
253 6.913520e-01 2.740000e-03 3.059080e-01
254 6.908200e-01 2.820000e-03 3.063600e-01
255 6.903960e-01 2.744000e-03 3.068600e-01
256 6.899640e-01 2.640000e-03 3.073960e-01
257 6.895280e-01 2.620000e-03 3.078520e-01
258 6.890720e-01 2.604000e-03 3.083240e-01
259 6.886200e-01 2.572000e-03 3.088080e-01
260 6.882160e-01 2.536000e-03 3.092480e-01
261 6.878840e-01 2.412000e-03 3.097040e-01
262 6.874160e-01 2.376000e-03 3.102080e-01
263 6.870040e-01 2.324000e-03 3.106720e-01
264 6.865760e-01 2.364000e-03 3.110600e-01
265 6.861480e-01 2.380000e-03 3.114720e-01
266 6.857560e-01 2.404000e-03 3.118400e-01
267 6.853760e-01 2.332000e-03 3.122920e-01
268 6.849000e-01 2.412000e-03 3.126880e-01
269 6.843600e-01 2.536000e-03 3.131040e-01
270 6.838920e-01 2.496000e-03 3.136120e-01
271 6.834600e-01 2.480000e-03 3.140600e-01
272 6.830120e-01 2.556000e-03 3.144320e-01
273 6.825800e-01 2.544000e-03 3.148760e-01
274 6.821360e-01 2.548000e-03 3.153160e-01
275 6.817000e-01 2.500000e-03 3.158000e-01
276 6.812640e-01 2.528000e-03 3.162080e-01
277 6.807720e-01 2.564000e-03 3.166640e-01
278 6.802720e-01 2.632000e-03 3.170960e-01
279 6.798360e-01 2.644000e-03 3.175200e-01
280 6.794280e-01 2.620000e-03 3.179520e-01
281 6.789880e-01 2.652000e-03 3.183600e-01
282 6.784760e-01 2.764000e-03 3.187600e-01
283 6.780360e-01 2.776000e-03 3.191880e-01
284 6.776200e-01 2.764000e-03 3.196160e-01
285 6.771920e-01 2.708000e-03 3.201000e-01
286 6.767800e-01 2.704000e-03 3.205160e-01
287 6.763720e-01 2.708000e-03 3.209200e-01
288 6.758760e-01 2.696000e-03 3.214280e-01
289 6.754600e-01 2.640000e-03 3.219000e-01
290 6.750080e-01 2.612000e-03 3.223800e-01
291 6.744800e-01 2.700000e-03 3.228200e-01
292 6.740320e-01 2.724000e-03 3.232440e-01
293 6.735360e-01 2.760000e-03 3.237040e-01
294 6.731040e-01 2.716000e-03 3.241800e-01
295 6.727080e-01 2.600000e-03 3.246920e-01
296 6.722240e-01 2.564000e-03 3.252120e-01
297 6.718640e-01 2.520000e-03 3.256160e-01
298 6.713200e-01 2.592000e-03 3.260880e-01
299 6.709080e-01 2.540000e-03 3.265520e-01
300 6.703440e-01 2.684000e-03 3.269720e-01
301 6.698600e-01 2.692000e-03 3.274480e-01
302 6.694800e-01 2.624000e-03 3.278960e-01
303 6.690400e-01 2.620000e-03 3.283400e-01
304 6.685200e-01 2.652000e-03 3.288280e-01
305 6.681240e-01 2.616000e-03 3.292600e-01
306 6.677000e-01 2.544000e-03 3.297560e-01
307 6.673560e-01 2.440000e-03 3.302040e-01
308 6.669120e-01 2.540000e-03 3.305480e-01
309 6.664400e-01 2.456000e-03 3.311040e-01
310 6.659960e-01 2.528000e-03 3.314760e-01
311 6.656280e-01 2.404000e-03 3.319680e-01
312 6.651320e-01 2.416000e-03 3.324520e-01
313 6.647160e-01 2.436000e-03 3.328480e-01
314 6.643440e-01 2.388000e-03 3.332680e-01
315 6.638640e-01 2.440000e-03 3.336960e-01
316 6.634440e-01 2.384000e-03 3.341720e-01
317 6.630080e-01 2.392000e-03 3.346000e-01
318 6.625560e-01 2.408000e-03 3.350360e-01
319 6.621360e-01 2.424000e-03 3.354400e-01
320 6.616680e-01 2.536000e-03 3.357960e-01
321 6.612080e-01 2.540000e-03 3.362520e-01
322 6.608320e-01 2.496000e-03 3.366720e-01
323 6.603880e-01 2.544000e-03 3.370680e-01
324 6.600040e-01 2.512000e-03 3.374840e-01
325 6.595840e-01 2.460000e-03 3.379560e-01
326 6.592080e-01 2.356000e-03 3.384360e-01
327 6.587280e-01 2.476000e-03 3.387960e-01
328 6.582040e-01 2.540000e-03 3.392560e-01
329 6.577600e-01 2.552000e-03 3.396880e-01
330 6.573520e-01 2.592000e-03 3.400560e-01
331 6.569760e-01 2.524000e-03 3.405000e-01
332 6.565280e-01 2.500000e-03 3.409720e-01
333 6.560400e-01 2.496000e-03 3.414640e-01
334 6.556960e-01 2.412000e-03 3.418920e-01
335 6.552360e-01 2.520000e-03 3.422440e-01
336 6.548240e-01 2.476000e-03 3.427000e-01
337 6.543000e-01 2.568000e-03 3.431320e-01
338 6.538440e-01 2.540000e-03 3.436160e-01
339 6.533720e-01 2.608000e-03 3.440200e-01
340 6.529920e-01 2.476000e-03 3.445320e-01
341 6.525640e-01 2.492000e-03 3.449440e-01
342 6.521840e-01 2.444000e-03 3.453720e-01
343 6.518000e-01 2.320000e-03 3.458800e-01
344 6.513000e-01 2.436000e-03 3.462640e-01
345 6.509160e-01 2.384000e-03 3.467000e-01
346 6.504800e-01 2.436000e-03 3.470840e-01
347 6.501520e-01 2.372000e-03 3.474760e-01
348 6.497200e-01 2.356000e-03 3.479240e-01
349 6.493280e-01 2.348000e-03 3.483240e-01
350 6.489560e-01 2.296000e-03 3.487480e-01
351 6.486560e-01 2.196000e-03 3.491480e-01
352 6.482880e-01 2.212000e-03 3.495000e-01
353 6.479200e-01 2.188000e-03 3.498920e-01
354 6.474800e-01 2.316000e-03 3.502040e-01
355 6.470720e-01 2.384000e-03 3.505440e-01
356 6.467200e-01 2.340000e-03 3.509400e-01
357 6.462720e-01 2.380000e-03 3.513480e-01
358 6.459000e-01 2.264000e-03 3.518360e-01
359 6.455680e-01 2.180000e-03 3.522520e-01
360 6.452000e-01 2.200000e-03 3.526000e-01
361 6.448080e-01 2.244000e-03 3.529480e-01
362 6.445240e-01 2.152000e-03 3.533240e-01
363 6.441640e-01 2.128000e-03 3.537080e-01
364 6.438400e-01 2.024000e-03 3.541360e-01
365 6.434960e-01 1.988000e-03 3.545160e-01
366 6.432000e-01 1.924000e-03 3.548760e-01
367 6.429440e-01 1.848000e-03 3.552080e-01
368 6.426080e-01 1.824000e-03 3.555680e-01
369 6.422960e-01 1.828000e-03 3.558760e-01
370 6.420000e-01 1.816000e-03 3.561840e-01
371 6.417440e-01 1.736000e-03 3.565200e-01
372 6.414400e-01 1.776000e-03 3.567840e-01
373 6.411840e-01 1.712000e-03 3.571040e-01
374 6.408440e-01 1.728000e-03 3.574280e-01
375 6.405080e-01 1.744000e-03 3.577480e-01
376 6.402320e-01 1.736000e-03 3.580320e-01
377 6.399800e-01 1.708000e-03 3.583120e-01
378 6.396760e-01 1.716000e-03 3.586080e-01
379 6.394280e-01 1.652000e-03 3.589200e-01
380 6.391680e-01 1.600000e-03 3.592320e-01
381 6.388880e-01 1.592000e-03 3.595200e-01
382 6.384880e-01 1.708000e-03 3.598040e-01
383 6.382320e-01 1.616000e-03 3.601520e-01
384 6.380320e-01 1.532000e-03 3.604360e-01
385 6.377400e-01 1.556000e-03 3.607040e-01
386 6.375400e-01 1.452000e-03 3.610080e-01
387 6.372560e-01 1.496000e-03 3.612480e-01
388 6.370240e-01 1.464000e-03 3.615120e-01
389 6.368200e-01 1.448000e-03 3.617320e-01
390 6.366080e-01 1.404000e-03 3.619880e-01
391 6.364480e-01 1.308000e-03 3.622440e-01
392 6.363120e-01 1.220000e-03 3.624680e-01
393 6.361520e-01 1.164000e-03 3.626840e-01
394 6.359920e-01 1.180000e-03 3.628280e-01
395 6.357880e-01 1.200000e-03 3.630120e-01
396 6.356040e-01 1.156000e-03 3.632400e-01
397 6.353880e-01 1.176000e-03 3.634360e-01
398 6.352520e-01 1.168000e-03 3.635800e-01
399 6.351120e-01 1.116000e-03 3.637720e-01
400 6.349640e-01 1.084000e-03 3.639520e-01
401 6.348320e-01 1.036000e-03 3.641320e-01
402 6.347000e-01 9.840000e-04 3.643160e-01
403 6.345480e-01 9.440000e-04 3.645080e-01
404 6.343800e-01 9.640000e-04 3.646560e-01
405 6.342080e-01 9.880000e-04 3.648040e-01
406 6.340680e-01 9.360000e-04 3.649960e-01
407 6.339600e-01 8.840000e-04 3.651560e-01
408 6.338320e-01 8.680000e-04 3.653000e-01
409 6.337280e-01 8.160000e-04 3.654560e-01
410 6.336640e-01 6.920000e-04 3.656440e-01
411 6.335720e-01 6.840000e-04 3.657440e-01
412 6.334840e-01 6.640000e-04 3.658520e-01
413 6.333880e-01 6.400000e-04 3.659720e-01
414 6.332960e-01 6.480000e-04 3.660560e-01
415 6.331800e-01 6.760000e-04 3.661440e-01
416 6.330760e-01 6.480000e-04 3.662760e-01
417 6.329920e-01 6.560000e-04 3.663520e-01
418 6.329120e-01 6.520000e-04 3.664360e-01
419 6.328360e-01 6.320000e-04 3.665320e-01
420 6.327440e-01 6.200000e-04 3.666360e-01
421 6.325880e-01 6.600000e-04 3.667520e-01
422 6.324320e-01 6.960000e-04 3.668720e-01
423 6.322680e-01 7.440000e-04 3.669880e-01
424 6.321240e-01 7.640000e-04 3.671120e-01
425 6.320160e-01 7.320000e-04 3.672520e-01
426 6.319120e-01 7.280000e-04 3.673600e-01
427 6.318160e-01 6.880000e-04 3.674960e-01
428 6.317360e-01 6.480000e-04 3.676160e-01
429 6.316600e-01 6.240000e-04 3.677160e-01
430 6.315960e-01 5.600000e-04 3.678440e-01
431 6.315520e-01 5.200000e-04 3.679280e-01
432 6.315040e-01 4.760000e-04 3.680200e-01
433 6.314440e-01 4.600000e-04 3.680960e-01
434 6.313800e-01 4.560000e-04 3.681640e-01
435 6.313360e-01 4.360000e-04 3.682280e-01
436 6.312920e-01 3.960000e-04 3.683120e-01
437 6.312640e-01 3.880000e-04 3.683480e-01
438 6.312120e-01 3.800000e-04 3.684080e-01
439 6.311840e-01 3.440000e-04 3.684720e-01
440 6.311600e-01 3.080000e-04 3.685320e-01
441 6.311240e-01 2.880000e-04 3.685880e-01
442 6.310920e-01 2.760000e-04 3.686320e-01
443 6.310640e-01 2.320000e-04 3.687040e-01
444 6.310240e-01 2.320000e-04 3.687440e-01
445 6.310000e-01 2.320000e-04 3.687680e-01
446 6.309640e-01 2.360000e-04 3.688000e-01
447 6.309200e-01 2.480000e-04 3.688320e-01
448 6.308640e-01 2.600000e-04 3.688760e-01
449 6.307960e-01 2.920000e-04 3.689120e-01
450 6.307560e-01 3.120000e-04 3.689320e-01
451 6.306840e-01 3.360000e-04 3.689800e-01
452 6.306160e-01 3.520000e-04 3.690320e-01
453 6.305720e-01 3.440000e-04 3.690840e-01
454 6.305360e-01 3.080000e-04 3.691560e-01
455 6.305000e-01 2.840000e-04 3.692160e-01
456 6.304680e-01 2.520000e-04 3.692800e-01
457 6.304520e-01 2.160000e-04 3.693320e-01
458 6.303920e-01 2.320000e-04 3.693760e-01
459 6.303440e-01 2.280000e-04 3.694280e-01
460 6.303200e-01 1.960000e-04 3.694840e-01
461 6.302720e-01 2.160000e-04 3.695120e-01
462 6.302480e-01 2.120000e-04 3.695400e-01
463 6.302040e-01 2.320000e-04 3.695640e-01
464 6.301360e-01 2.360000e-04 3.696280e-01
465 6.301080e-01 2.080000e-04 3.696840e-01
466 6.300720e-01 2.080000e-04 3.697200e-01
467 6.300360e-01 2.120000e-04 3.697520e-01
468 6.300200e-01 2.000000e-04 3.697800e-01
469 6.299920e-01 1.840000e-04 3.698240e-01
470 6.299760e-01 1.440000e-04 3.698800e-01
471 6.299440e-01 1.320000e-04 3.699240e-01
472 6.299160e-01 1.440000e-04 3.699400e-01
473 6.298800e-01 1.600000e-04 3.699600e-01
474 6.298280e-01 1.840000e-04 3.699880e-01
475 6.297680e-01 2.320000e-04 3.700000e-01
476 6.297120e-01 2.720000e-04 3.700160e-01
477 6.296600e-01 2.640000e-04 3.700760e-01
478 6.296040e-01 2.880000e-04 3.701080e-01
479 6.295440e-01 3.000000e-04 3.701560e-01
480 6.294960e-01 3.080000e-04 3.701960e-01
481 6.294360e-01 3.080000e-04 3.702560e-01
482 6.293880e-01 3.000000e-04 3.703120e-01
483 6.293240e-01 3.280000e-04 3.703480e-01
484 6.292160e-01 3.840000e-04 3.704000e-01
485 6.291600e-01 3.960000e-04 3.704440e-01
486 6.291040e-01 3.960000e-04 3.705000e-01
487 6.289960e-01 4.320000e-04 3.705720e-01
488 6.289400e-01 4.280000e-04 3.706320e-01
489 6.288240e-01 4.680000e-04 3.707080e-01
490 6.287120e-01 4.800000e-04 3.708080e-01
491 6.286440e-01 4.880000e-04 3.708680e-01
492 6.285600e-01 4.920000e-04 3.709480e-01
493 6.284400e-01 5.240000e-04 3.710360e-01
494 6.283360e-01 5.480000e-04 3.711160e-01
495 6.282160e-01 5.680000e-04 3.712160e-01
496 6.281480e-01 5.560000e-04 3.712960e-01
497 6.280600e-01 5.240000e-04 3.714160e-01
498 6.279920e-01 5.120000e-04 3.714960e-01
499 6.279160e-01 5.000000e-04 3.715840e-01
500 6.278760e-01 4.360000e-04 3.716880e-01
