1 9.992240e-01 6.920000e-04 8.400000e-05
2 9.986640e-01 1.052000e-03 2.840000e-04
3 9.981000e-01 1.404000e-03 4.960000e-04
4 9.973800e-01 1.880000e-03 7.400000e-04
5 9.964760e-01 2.460000e-03 1.064000e-03
6 9.956400e-01 2.876000e-03 1.484000e-03
7 9.947040e-01 3.288000e-03 2.008000e-03
8 9.937080e-01 3.648000e-03 2.644000e-03
9 9.926240e-01 4.180000e-03 3.196000e-03
10 9.915320e-01 4.532000e-03 3.936000e-03
11 9.904120e-01 4.856000e-03 4.732000e-03
12 9.892480e-01 5.036000e-03 5.716000e-03
13 9.880520e-01 5.276000e-03 6.672000e-03
14 9.868680e-01 5.372000e-03 7.760000e-03
15 9.856320e-01 5.588000e-03 8.780000e-03
16 9.843200e-01 5.828000e-03 9.852000e-03
17 9.830960e-01 6.036000e-03 1.086800e-02
18 9.819120e-01 6.168000e-03 1.192000e-02
19 9.805600e-01 6.516000e-03 1.292400e-02
20 9.792480e-01 6.716000e-03 1.403600e-02
21 9.778800e-01 6.940000e-03 1.518000e-02
22 9.765560e-01 7.032000e-03 1.641200e-02
23 9.750960e-01 7.208000e-03 1.769600e-02
24 9.736440e-01 7.336000e-03 1.902000e-02
25 9.721800e-01 7.572000e-03 2.024800e-02
26 9.707040e-01 7.772000e-03 2.152400e-02
27 9.692440e-01 7.832000e-03 2.292400e-02
28 9.679560e-01 7.780000e-03 2.426400e-02
29 9.665160e-01 7.896000e-03 2.558800e-02
30 9.651080e-01 7.908000e-03 2.698400e-02
31 9.635680e-01 8.040000e-03 2.839200e-02
32 9.621120e-01 7.984000e-03 2.990400e-02
33 9.605000e-01 8.228000e-03 3.127200e-02
34 9.589720e-01 8.440000e-03 3.258800e-02
35 9.573880e-01 8.492000e-03 3.412000e-02
36 9.558480e-01 8.528000e-03 3.562400e-02
37 9.543760e-01 8.484000e-03 3.714000e-02
38 9.529280e-01 8.368000e-03 3.870400e-02
39 9.514240e-01 8.396000e-03 4.018000e-02
40 9.498640e-01 8.360000e-03 4.177600e-02
41 9.483680e-01 8.276000e-03 4.335600e-02
42 9.468000e-01 8.432000e-03 4.476800e-02
43 9.454040e-01 8.256000e-03 4.634000e-02
44 9.439960e-01 8.204000e-03 4.780000e-02
45 9.424560e-01 8.276000e-03 4.926800e-02
46 9.410040e-01 8.336000e-03 5.066000e-02
47 9.396560e-01 8.284000e-03 5.206000e-02
48 9.382080e-01 8.160000e-03 5.363200e-02
49 9.366320e-01 8.268000e-03 5.510000e-02
50 9.353440e-01 8.004000e-03 5.665200e-02
51 9.339440e-01 8.120000e-03 5.793600e-02
52 9.324200e-01 8.232000e-03 5.934800e-02
53 9.307080e-01 8.364000e-03 6.092800e-02
54 9.291960e-01 8.444000e-03 6.236000e-02
55 9.277160e-01 8.436000e-03 6.384800e-02
56 9.260480e-01 8.644000e-03 6.530800e-02
57 9.243160e-01 9.048000e-03 6.663600e-02
58 9.225520e-01 9.188000e-03 6.826000e-02
59 9.208480e-01 9.300000e-03 6.985200e-02
60 9.190840e-01 9.376000e-03 7.154000e-02
61 9.173600e-01 9.520000e-03 7.312000e-02
62 9.157640e-01 9.352000e-03 7.488400e-02
63 9.142600e-01 9.340000e-03 7.640000e-02
64 9.128280e-01 9.116000e-03 7.805600e-02
65 9.112400e-01 9.248000e-03 7.951200e-02
66 9.096320e-01 9.164000e-03 8.120400e-02
67 9.079600e-01 9.288000e-03 8.275200e-02
68 9.064800e-01 9.160000e-03 8.436000e-02
69 9.049480e-01 9.112000e-03 8.594000e-02
70 9.034280e-01 9.016000e-03 8.755600e-02
71 9.020000e-01 8.940000e-03 8.906000e-02
72 9.006400e-01 8.668000e-03 9.069200e-02
73 8.991760e-01 8.596000e-03 9.222800e-02
74 8.976440e-01 8.588000e-03 9.376800e-02
75 8.961120e-01 8.580000e-03 9.530800e-02
76 8.944360e-01 8.968000e-03 9.659600e-02
77 8.929080e-01 9.000000e-03 9.809200e-02
78 8.913000e-01 8.976000e-03 9.972400e-02
79 8.895760e-01 9.132000e-03 1.012920e-01
80 8.879320e-01 9.176000e-03 1.028920e-01
81 8.863880e-01 9.188000e-03 1.044240e-01
82 8.847040e-01 9.144000e-03 1.061520e-01
83 8.830240e-01 9.220000e-03 1.077560e-01
84 8.813880e-01 9.232000e-03 1.093800e-01
85 8.797880e-01 9.240000e-03 1.109720e-01
86 8.783280e-01 9.188000e-03 1.124840e-01
87 8.768440e-01 9.032000e-03 1.141240e-01
88 8.752280e-01 9.184000e-03 1.155880e-01
89 8.736600e-01 9.216000e-03 1.171240e-01
90 8.720040e-01 9.252000e-03 1.187440e-01
91 8.704320e-01 9.220000e-03 1.203480e-01
92 8.688320e-01 9.304000e-03 1.218640e-01
93 8.675160e-01 9.120000e-03 1.233640e-01
94 8.660520e-01 9.032000e-03 1.249160e-01
95 8.645080e-01 8.900000e-03 1.265920e-01
96 8.630800e-01 8.748000e-03 1.281720e-01
97 8.616680e-01 8.712000e-03 1.296200e-01
98 8.601600e-01 8.656000e-03 1.311840e-01
99 8.585920e-01 8.636000e-03 1.327720e-01
100 8.571200e-01 8.716000e-03 1.341640e-01
101 8.557200e-01 8.700000e-03 1.355800e-01
102 8.541560e-01 8.756000e-03 1.370880e-01
103 8.526280e-01 8.784000e-03 1.385880e-01
104 8.513560e-01 8.528000e-03 1.401160e-01
105 8.499920e-01 8.416000e-03 1.415920e-01
106 8.486560e-01 8.296000e-03 1.430480e-01
107 8.471240e-01 8.296000e-03 1.445800e-01
108 8.456640e-01 8.380000e-03 1.459560e-01
109 8.442960e-01 8.216000e-03 1.474880e-01
110 8.430120e-01 8.068000e-03 1.489200e-01
111 8.417400e-01 8.028000e-03 1.502320e-01
112 8.404400e-01 7.772000e-03 1.517880e-01
113 8.391000e-01 7.776000e-03 1.531240e-01
114 8.376160e-01 7.900000e-03 1.544840e-01
115 8.361800e-01 7.932000e-03 1.558880e-01
116 8.347160e-01 7.940000e-03 1.573440e-01
117 8.332800e-01 7.928000e-03 1.587920e-01
118 8.319160e-01 7.900000e-03 1.601840e-01
119 8.305320e-01 8.004000e-03 1.614640e-01
120 8.292560e-01 7.864000e-03 1.628800e-01
121 8.279680e-01 7.912000e-03 1.641200e-01
122 8.266920e-01 7.800000e-03 1.655080e-01
123 8.252720e-01 7.912000e-03 1.668160e-01
124 8.239960e-01 7.896000e-03 1.681080e-01
125 8.228760e-01 7.596000e-03 1.695280e-01
126 8.216720e-01 7.600000e-03 1.707280e-01
127 8.203360e-01 7.576000e-03 1.720880e-01
128 8.191400e-01 7.480000e-03 1.733800e-01
129 8.178480e-01 7.520000e-03 1.746320e-01
130 8.164360e-01 7.584000e-03 1.759800e-01
131 8.151240e-01 7.612000e-03 1.772640e-01
132 8.138560e-01 7.452000e-03 1.786920e-01
133 8.126320e-01 7.356000e-03 1.800120e-01
134 8.113560e-01 7.320000e-03 1.813240e-01
135 8.101480e-01 7.260000e-03 1.825920e-01
136 8.088080e-01 7.264000e-03 1.839280e-01
137 8.075400e-01 7.212000e-03 1.852480e-01
138 8.062680e-01 7.204000e-03 1.865280e-01
139 8.049480e-01 7.236000e-03 1.878160e-01
140 8.037240e-01 7.204000e-03 1.890720e-01
141 8.024760e-01 7.248000e-03 1.902760e-01
142 8.013040e-01 7.156000e-03 1.915400e-01
143 8.001120e-01 7.060000e-03 1.928280e-01
144 7.988440e-01 6.912000e-03 1.942440e-01
145 7.975760e-01 6.924000e-03 1.955000e-01
146 7.964040e-01 6.840000e-03 1.967560e-01
147 7.951320e-01 6.976000e-03 1.978920e-01
148 7.938880e-01 6.908000e-03 1.992040e-01
149 7.927120e-01 6.944000e-03 2.003440e-01
150 7.914560e-01 7.008000e-03 2.015360e-01
151 7.902040e-01 7.048000e-03 2.027480e-01
152 7.888720e-01 7.080000e-03 2.040480e-01
153 7.876320e-01 7.020000e-03 2.053480e-01
154 7.862480e-01 7.152000e-03 2.066000e-01
155 7.849240e-01 7.208000e-03 2.078680e-01
156 7.836160e-01 7.244000e-03 2.091400e-01
157 7.823560e-01 7.324000e-03 2.103200e-01
158 7.811760e-01 7.272000e-03 2.115520e-01
159 7.799160e-01 7.124000e-03 2.129600e-01
160 7.786160e-01 7.120000e-03 2.142640e-01
161 7.774680e-01 7.124000e-03 2.154080e-01
162 7.762840e-01 7.108000e-03 2.166080e-01
163 7.749760e-01 7.140000e-03 2.178840e-01
164 7.736920e-01 7.196000e-03 2.191120e-01
165 7.724280e-01 7.224000e-03 2.203480e-01
166 7.712760e-01 7.180000e-03 2.215440e-01
167 7.700680e-01 7.108000e-03 2.228240e-01
168 7.690200e-01 6.980000e-03 2.240000e-01
169 7.678280e-01 6.932000e-03 2.252400e-01
170 7.666880e-01 6.684000e-03 2.266280e-01
171 7.656520e-01 6.620000e-03 2.277280e-01
172 7.644440e-01 6.748000e-03 2.288080e-01
173 7.632360e-01 6.844000e-03 2.299200e-01
174 7.620160e-01 6.884000e-03 2.311000e-01
175 7.607840e-01 7.104000e-03 2.321120e-01
176 7.597560e-01 6.816000e-03 2.334280e-01
177 7.586920e-01 6.704000e-03 2.346040e-01
178 7.576440e-01 6.544000e-03 2.358120e-01
179 7.565120e-01 6.620000e-03 2.368680e-01
180 7.554200e-01 6.560000e-03 2.380200e-01
181 7.543560e-01 6.428000e-03 2.392160e-01
182 7.533720e-01 6.256000e-03 2.403720e-01
183 7.523680e-01 6.204000e-03 2.414280e-01
184 7.514800e-01 6.096000e-03 2.424240e-01
185 7.505720e-01 6.008000e-03 2.434200e-01
186 7.495800e-01 5.868000e-03 2.445520e-01
187 7.486760e-01 5.728000e-03 2.455960e-01
188 7.476480e-01 5.736000e-03 2.466160e-01
189 7.466600e-01 5.620000e-03 2.477200e-01
190 7.458040e-01 5.500000e-03 2.486960e-01
191 7.448760e-01 5.436000e-03 2.496880e-01
192 7.439200e-01 5.420000e-03 2.506600e-01
193 7.430280e-01 5.248000e-03 2.517240e-01
194 7.420960e-01 5.272000e-03 2.526320e-01
195 7.411120e-01 5.420000e-03 2.534680e-01
196 7.401680e-01 5.400000e-03 2.544320e-01
197 7.391400e-01 5.592000e-03 2.552680e-01
198 7.382760e-01 5.516000e-03 2.562080e-01
199 7.373920e-01 5.448000e-03 2.571600e-01
200 7.364480e-01 5.412000e-03 2.581400e-01
201 7.356080e-01 5.332000e-03 2.590600e-01
202 7.347280e-01 5.240000e-03 2.600320e-01
203 7.340320e-01 5.004000e-03 2.609640e-01
204 7.331840e-01 5.016000e-03 2.618000e-01
205 7.324760e-01 4.764000e-03 2.627600e-01
206 7.317560e-01 4.664000e-03 2.635800e-01
207 7.310440e-01 4.488000e-03 2.644680e-01
208 7.303680e-01 4.412000e-03 2.652200e-01
209 7.294800e-01 4.380000e-03 2.661400e-01
210 7.287440e-01 4.412000e-03 2.668440e-01
211 7.280280e-01 4.308000e-03 2.676640e-01
212 7.273480e-01 4.204000e-03 2.684480e-01
213 7.267280e-01 4.092000e-03 2.691800e-01
214 7.260880e-01 4.148000e-03 2.697640e-01
215 7.253600e-01 4.156000e-03 2.704840e-01
216 7.247560e-01 4.012000e-03 2.712320e-01
217 7.241160e-01 4.000000e-03 2.718840e-01
218 7.234520e-01 3.956000e-03 2.725920e-01
219 7.227480e-01 4.016000e-03 2.732360e-01
220 7.220400e-01 4.076000e-03 2.738840e-01
221 7.213800e-01 4.016000e-03 2.746040e-01
222 7.207040e-01 3.896000e-03 2.754000e-01
223 7.199240e-01 4.012000e-03 2.760640e-01
224 7.192680e-01 3.924000e-03 2.768080e-01
225 7.185800e-01 4.000000e-03 2.774200e-01
226 7.178120e-01 4.024000e-03 2.781640e-01
227 7.171720e-01 3.952000e-03 2.788760e-01
228 7.164440e-01 3.876000e-03 2.796800e-01
229 7.158680e-01 3.768000e-03 2.803640e-01
230 7.153080e-01 3.720000e-03 2.809720e-01
231 7.146680e-01 3.600000e-03 2.817320e-01
232 7.140360e-01 3.664000e-03 2.823000e-01
233 7.134120e-01 3.708000e-03 2.828800e-01
234 7.128120e-01 3.696000e-03 2.834920e-01
235 7.121720e-01 3.748000e-03 2.840800e-01
236 7.115160e-01 3.876000e-03 2.846080e-01
237 7.109080e-01 3.828000e-03 2.852640e-01
238 7.102480e-01 3.784000e-03 2.859680e-01
239 7.095440e-01 3.832000e-03 2.866240e-01
240 7.088040e-01 3.836000e-03 2.873600e-01
241 7.080920e-01 3.816000e-03 2.880920e-01
242 7.074480e-01 3.808000e-03 2.887440e-01
243 7.067160e-01 3.824000e-03 2.894600e-01
244 7.059840e-01 3.888000e-03 2.901280e-01
245 7.053440e-01 3.820000e-03 2.908360e-01
246 7.046240e-01 3.880000e-03 2.914960e-01
247 7.039440e-01 3.892000e-03 2.921640e-01
248 7.034120e-01 3.820000e-03 2.927680e-01
249 7.027720e-01 3.796000e-03 2.934320e-01
250 7.020760e-01 3.868000e-03 2.940560e-01
251 7.014080e-01 3.896000e-03 2.946960e-01
252 7.006880e-01 3.856000e-03 2.954560e-01
253 7.000920e-01 3.764000e-03 2.961440e-01
254 6.994200e-01 3.772000e-03 2.968080e-01
255 6.987520e-01 3.776000e-03 2.974720e-01
256 6.981880e-01 3.652000e-03 2.981600e-01
257 6.975760e-01 3.532000e-03 2.988920e-01
258 6.970800e-01 3.368000e-03 2.995520e-01
259 6.965120e-01 3.328000e-03 3.001600e-01
260 6.959600e-01 3.316000e-03 3.007240e-01
261 6.954160e-01 3.356000e-03 3.012280e-01
262 6.948120e-01 3.460000e-03 3.017280e-01
263 6.942080e-01 3.452000e-03 3.023400e-01
264 6.935320e-01 3.588000e-03 3.028800e-01
265 6.930200e-01 3.424000e-03 3.035560e-01
266 6.924760e-01 3.360000e-03 3.041640e-01
267 6.918680e-01 3.364000e-03 3.047680e-01
268 6.912280e-01 3.388000e-03 3.053840e-01
269 6.906280e-01 3.324000e-03 3.060480e-01
270 6.900120e-01 3.356000e-03 3.066320e-01
271 6.895120e-01 3.272000e-03 3.072160e-01
272 6.889600e-01 3.236000e-03 3.078040e-01
273 6.884560e-01 3.200000e-03 3.083440e-01
274 6.879560e-01 3.124000e-03 3.089200e-01
275 6.875280e-01 2.976000e-03 3.094960e-01
276 6.871200e-01 2.856000e-03 3.100240e-01
277 6.865560e-01 2.932000e-03 3.105120e-01
278 6.860480e-01 2.920000e-03 3.110320e-01
279 6.855760e-01 2.852000e-03 3.115720e-01
280 6.850680e-01 2.944000e-03 3.119880e-01
281 6.845600e-01 2.860000e-03 3.125800e-01
282 6.839480e-01 2.892000e-03 3.131600e-01
283 6.834600e-01 2.840000e-03 3.137000e-01
284 6.829560e-01 2.844000e-03 3.142000e-01
285 6.824400e-01 2.868000e-03 3.146920e-01
286 6.818880e-01 2.984000e-03 3.151280e-01
287 6.813480e-01 3.008000e-03 3.156440e-01
288 6.809040e-01 2.960000e-03 3.161360e-01
289 6.803400e-01 2.976000e-03 3.166840e-01
290 6.797280e-01 3.060000e-03 3.172120e-01
291 6.792120e-01 3.052000e-03 3.177360e-01
292 6.785120e-01 3.216000e-03 3.182720e-01
293 6.780040e-01 3.228000e-03 3.187680e-01
294 6.774800e-01 3.160000e-03 3.193600e-01
295 6.769720e-01 3.092000e-03 3.199360e-01
296 6.764360e-01 3.088000e-03 3.204760e-01
297 6.759080e-01 3.072000e-03 3.210200e-01
298 6.753800e-01 3.104000e-03 3.215160e-01
299 6.749640e-01 2.928000e-03 3.221080e-01
300 6.744200e-01 2.952000e-03 3.226280e-01
301 6.738640e-01 2.940000e-03 3.231960e-01
302 6.733360e-01 2.924000e-03 3.237400e-01
303 6.728320e-01 2.976000e-03 3.241920e-01
304 6.723000e-01 2.996000e-03 3.247040e-01
305 6.718040e-01 2.908000e-03 3.252880e-01
306 6.713440e-01 2.852000e-03 3.258040e-01
307 6.709000e-01 2.768000e-03 3.263320e-01
308 6.704800e-01 2.688000e-03 3.268320e-01
309 6.700480e-01 2.644000e-03 3.273080e-01
310 6.696400e-01 2.620000e-03 3.277400e-01
311 6.691880e-01 2.576000e-03 3.282360e-01
312 6.688480e-01 2.484000e-03 3.286680e-01
313 6.684320e-01 2.500000e-03 3.290680e-01
314 6.681040e-01 2.392000e-03 3.295040e-01
315 6.677440e-01 2.356000e-03 3.299000e-01
316 6.674040e-01 2.324000e-03 3.302720e-01
317 6.669280e-01 2.436000e-03 3.306360e-01
318 6.664920e-01 2.472000e-03 3.310360e-01
319 6.661280e-01 2.372000e-03 3.315000e-01
320 6.657280e-01 2.356000e-03 3.319160e-01
321 6.653640e-01 2.248000e-03 3.323880e-01
322 6.649840e-01 2.272000e-03 3.327440e-01
323 6.645880e-01 2.272000e-03 3.331400e-01
324 6.641640e-01 2.264000e-03 3.335720e-01
325 6.637880e-01 2.244000e-03 3.339680e-01
326 6.634520e-01 2.160000e-03 3.343880e-01
327 6.631200e-01 2.120000e-03 3.347600e-01
328 6.628800e-01 1.932000e-03 3.351880e-01
329 6.625760e-01 1.932000e-03 3.354920e-01
330 6.623080e-01 1.852000e-03 3.358400e-01
331 6.619960e-01 1.888000e-03 3.361160e-01
332 6.616680e-01 1.888000e-03 3.364440e-01
333 6.613360e-01 1.940000e-03 3.367240e-01
334 6.610480e-01 1.860000e-03 3.370920e-01
335 6.606840e-01 1.900000e-03 3.374160e-01
336 6.602880e-01 1.952000e-03 3.377600e-01
337 6.599360e-01 1.972000e-03 3.380920e-01
338 6.596120e-01 1.932000e-03 3.384560e-01
339 6.593440e-01 1.880000e-03 3.387760e-01
340 6.590400e-01 1.804000e-03 3.391560e-01
341 6.587120e-01 1.828000e-03 3.394600e-01
342 6.583880e-01 1.792000e-03 3.398200e-01
343 6.581320e-01 1.760000e-03 3.401080e-01
344 6.579000e-01 1.704000e-03 3.403960e-01
345 6.576280e-01 1.716000e-03 3.406560e-01
346 6.572920e-01 1.740000e-03 3.409680e-01
347 6.569640e-01 1.784000e-03 3.412520e-01
348 6.566840e-01 1.788000e-03 3.415280e-01
349 6.563840e-01 1.768000e-03 3.418480e-01
350 6.560880e-01 1.772000e-03 3.421400e-01
351 6.558160e-01 1.676000e-03 3.425080e-01
352 6.555480e-01 1.688000e-03 3.427640e-01
353 6.552080e-01 1.720000e-03 3.430720e-01
354 6.549520e-01 1.700000e-03 3.433480e-01
355 6.546480e-01 1.684000e-03 3.436680e-01
356 6.543600e-01 1.736000e-03 3.439040e-01
357 6.540720e-01 1.784000e-03 3.441440e-01
358 6.537880e-01 1.804000e-03 3.444080e-01
359 6.535040e-01 1.700000e-03 3.447960e-01
360 6.532360e-01 1.628000e-03 3.451360e-01
361 6.530240e-01 1.564000e-03 3.454120e-01
362 6.528160e-01 1.512000e-03 3.456720e-01
363 6.526160e-01 1.464000e-03 3.459200e-01
364 6.523880e-01 1.432000e-03 3.461800e-01
365 6.521480e-01 1.424000e-03 3.464280e-01
366 6.519280e-01 1.384000e-03 3.466880e-01
367 6.516680e-01 1.404000e-03 3.469280e-01
368 6.514720e-01 1.396000e-03 3.471320e-01
369 6.512560e-01 1.316000e-03 3.474280e-01
370 6.510120e-01 1.368000e-03 3.476200e-01
371 6.508280e-01 1.304000e-03 3.478680e-01
372 6.506360e-01 1.272000e-03 3.480920e-01
373 6.504520e-01 1.256000e-03 3.482920e-01
374 6.502320e-01 1.268000e-03 3.485000e-01
375 6.500400e-01 1.216000e-03 3.487440e-01
376 6.498680e-01 1.152000e-03 3.489800e-01
377 6.496560e-01 1.192000e-03 3.491520e-01
378 6.494480e-01 1.192000e-03 3.493600e-01
379 6.492080e-01 1.192000e-03 3.496000e-01
380 6.489880e-01 1.212000e-03 3.498000e-01
381 6.487840e-01 1.244000e-03 3.499720e-01
382 6.485640e-01 1.244000e-03 3.501920e-01
383 6.484160e-01 1.204000e-03 3.503800e-01
384 6.482240e-01 1.156000e-03 3.506200e-01
385 6.480280e-01 1.156000e-03 3.508160e-01
386 6.478160e-01 1.136000e-03 3.510480e-01
387 6.476440e-01 1.148000e-03 3.512080e-01
388 6.474880e-01 1.124000e-03 3.513880e-01
389 6.472760e-01 1.144000e-03 3.515800e-01
390 6.470600e-01 1.164000e-03 3.517760e-01
391 6.468360e-01 1.216000e-03 3.519480e-01
392 6.466480e-01 1.212000e-03 3.521400e-01
393 6.464160e-01 1.284000e-03 3.523000e-01
394 6.461760e-01 1.284000e-03 3.525400e-01
395 6.459720e-01 1.284000e-03 3.527440e-01
396 6.457280e-01 1.328000e-03 3.529440e-01
397 6.454840e-01 1.284000e-03 3.532320e-01
398 6.452840e-01 1.232000e-03 3.534840e-01
399 6.450320e-01 1.308000e-03 3.536600e-01
400 6.448440e-01 1.284000e-03 3.538720e-01
401 6.446200e-01 1.272000e-03 3.541080e-01
402 6.444360e-01 1.228000e-03 3.543360e-01
403 6.442800e-01 1.148000e-03 3.545720e-01
404 6.440840e-01 1.164000e-03 3.547520e-01
405 6.438520e-01 1.164000e-03 3.549840e-01
406 6.436920e-01 1.132000e-03 3.551760e-01
407 6.434600e-01 1.144000e-03 3.553960e-01
408 6.432960e-01 1.104000e-03 3.556000e-01
409 6.431760e-01 1.040000e-03 3.557840e-01
410 6.430440e-01 9.960000e-04 3.559600e-01
411 6.428640e-01 9.960000e-04 3.561400e-01
412 6.426880e-01 9.680000e-04 3.563440e-01
413 6.425080e-01 9.640000e-04 3.565280e-01
414 6.423120e-01 1.020000e-03 3.566680e-01
415 6.421360e-01 1.032000e-03 3.568320e-01
416 6.419320e-01 1.028000e-03 3.570400e-01
417 6.417840e-01 9.960000e-04 3.572200e-01
418 6.416280e-01 9.840000e-04 3.573880e-01
419 6.415000e-01 9.440000e-04 3.575560e-01
420 6.413520e-01 9.200000e-04 3.577280e-01
421 6.412040e-01 8.920000e-04 3.579040e-01
422 6.411000e-01 8.360000e-04 3.580640e-01
423 6.409600e-01 8.440000e-04 3.581960e-01
424 6.408520e-01 8.000000e-04 3.583480e-01
425 6.406960e-01 8.480000e-04 3.584560e-01
426 6.405880e-01 8.320000e-04 3.585800e-01
427 6.404520e-01 8.440000e-04 3.587040e-01
428 6.403280e-01 8.120000e-04 3.588600e-01
429 6.402000e-01 7.520000e-04 3.590480e-01
430 6.400760e-01 7.040000e-04 3.592200e-01
431 6.399640e-01 7.080000e-04 3.593280e-01
432 6.398360e-01 7.240000e-04 3.594400e-01
433 6.397280e-01 7.320000e-04 3.595400e-01
434 6.396320e-01 6.520000e-04 3.597160e-01
435 6.395320e-01 5.960000e-04 3.598720e-01
436 6.394360e-01 5.880000e-04 3.599760e-01
437 6.393520e-01 5.680000e-04 3.600800e-01
438 6.392520e-01 5.960000e-04 3.601520e-01
439 6.391640e-01 5.640000e-04 3.602720e-01
440 6.390760e-01 5.480000e-04 3.603760e-01
441 6.389440e-01 6.080000e-04 3.604480e-01
442 6.388440e-01 6.200000e-04 3.605360e-01
443 6.387560e-01 6.160000e-04 3.606280e-01
444 6.386840e-01 5.920000e-04 3.607240e-01
445 6.385760e-01 5.960000e-04 3.608280e-01
446 6.384560e-01 6.400000e-04 3.609040e-01
447 6.383960e-01 5.840000e-04 3.610200e-01
448 6.382840e-01 6.520000e-04 3.610640e-01
449 6.382160e-01 5.720000e-04 3.612120e-01
450 6.381440e-01 5.440000e-04 3.613120e-01
451 6.380440e-01 5.480000e-04 3.614080e-01
452 6.379240e-01 5.800000e-04 3.614960e-01
453 6.378600e-01 5.440000e-04 3.615960e-01
454 6.378080e-01 4.840000e-04 3.617080e-01
455 6.377280e-01 4.720000e-04 3.618000e-01
456 6.376040e-01 4.920000e-04 3.619040e-01
457 6.375280e-01 4.920000e-04 3.619800e-01
458 6.374480e-01 4.840000e-04 3.620680e-01
459 6.373920e-01 4.440000e-04 3.621640e-01
460 6.373160e-01 4.200000e-04 3.622640e-01
461 6.372440e-01 4.080000e-04 3.623480e-01
462 6.371840e-01 4.200000e-04 3.623960e-01
463 6.370840e-01 4.280000e-04 3.624880e-01
464 6.369560e-01 4.920000e-04 3.625520e-01
465 6.368480e-01 5.320000e-04 3.626200e-01
466 6.367320e-01 5.200000e-04 3.627480e-01
467 6.366680e-01 5.000000e-04 3.628320e-01
468 6.365800e-01 5.040000e-04 3.629160e-01
469 6.365000e-01 4.560000e-04 3.630440e-01
470 6.363800e-01 5.040000e-04 3.631160e-01
471 6.362440e-01 5.560000e-04 3.632000e-01
472 6.361560e-01 5.320000e-04 3.633120e-01
473 6.360440e-01 5.520000e-04 3.634040e-01
474 6.359560e-01 5.600000e-04 3.634840e-01
475 6.358760e-01 5.360000e-04 3.635880e-01
476 6.357960e-01 5.240000e-04 3.636800e-01
477 6.357360e-01 4.760000e-04 3.637880e-01
478 6.356640e-01 4.640000e-04 3.638720e-01
479 6.355920e-01 4.600000e-04 3.639480e-01
480 6.355040e-01 5.080000e-04 3.639880e-01
481 6.354120e-01 5.080000e-04 3.640800e-01
482 6.353080e-01 5.280000e-04 3.641640e-01
483 6.352400e-01 4.960000e-04 3.642640e-01
484 6.351480e-01 5.040000e-04 3.643480e-01
485 6.350520e-01 5.200000e-04 3.644280e-01
486 6.349800e-01 5.320000e-04 3.644880e-01
487 6.349040e-01 5.040000e-04 3.645920e-01
488 6.348320e-01 5.080000e-04 3.646600e-01
489 6.347440e-01 5.240000e-04 3.647320e-01
490 6.346680e-01 5.120000e-04 3.648200e-01
491 6.346040e-01 4.920000e-04 3.649040e-01
492 6.345200e-01 5.080000e-04 3.649720e-01
493 6.344480e-01 4.640000e-04 3.650880e-01
494 6.343480e-01 4.880000e-04 3.651640e-01
495 6.343160e-01 4.320000e-04 3.652520e-01
496 6.342520e-01 4.160000e-04 3.653320e-01
497 6.341800e-01 4.320000e-04 3.653880e-01
498 6.341000e-01 4.280000e-04 3.654720e-01
499 6.340120e-01 4.280000e-04 3.655600e-01
500 6.339360e-01 4.160000e-04 3.656480e-01
