1 9.991960e-01 7.040000e-04 1.000000e-04
2 9.986320e-01 1.068000e-03 3.000000e-04
3 9.978320e-01 1.628000e-03 5.400000e-04
4 9.971280e-01 2.036000e-03 8.360000e-04
5 9.961520e-01 2.596000e-03 1.252000e-03
6 9.951120e-01 3.108000e-03 1.780000e-03
7 9.941360e-01 3.524000e-03 2.340000e-03
8 9.930680e-01 3.928000e-03 3.004000e-03
9 9.920040e-01 4.256000e-03 3.740000e-03
10 9.908480e-01 4.616000e-03 4.536000e-03
11 9.896320e-01 5.064000e-03 5.304000e-03
12 9.883840e-01 5.384000e-03 6.232000e-03
13 9.870080e-01 5.856000e-03 7.136000e-03
14 9.857120e-01 6.052000e-03 8.236000e-03
15 9.844600e-01 6.200000e-03 9.340000e-03
16 9.831400e-01 6.380000e-03 1.048000e-02
17 9.817400e-01 6.576000e-03 1.168400e-02
18 9.802720e-01 6.952000e-03 1.277600e-02
19 9.788880e-01 7.136000e-03 1.397600e-02
20 9.774160e-01 7.304000e-03 1.528000e-02
21 9.759520e-01 7.480000e-03 1.656800e-02
22 9.743800e-01 7.700000e-03 1.792000e-02
23 9.727960e-01 7.924000e-03 1.928000e-02
24 9.711600e-01 8.156000e-03 2.068400e-02
25 9.696400e-01 8.120000e-03 2.224000e-02
26 9.680960e-01 8.248000e-03 2.365600e-02
27 9.664000e-01 8.480000e-03 2.512000e-02
28 9.647720e-01 8.536000e-03 2.669200e-02
29 9.631400e-01 8.616000e-03 2.824400e-02
30 9.615840e-01 8.632000e-03 2.978400e-02
31 9.599800e-01 8.696000e-03 3.132400e-02
32 9.582920e-01 8.932000e-03 3.277600e-02
33 9.565640e-01 9.104000e-03 3.433200e-02
34 9.548480e-01 9.204000e-03 3.594800e-02
35 9.532560e-01 9.140000e-03 3.760400e-02
36 9.516400e-01 9.084000e-03 3.927600e-02
37 9.500640e-01 9.128000e-03 4.080800e-02
38 9.485320e-01 9.236000e-03 4.223200e-02
39 9.471040e-01 9.224000e-03 4.367200e-02
40 9.454840e-01 9.120000e-03 4.539600e-02
41 9.437360e-01 9.212000e-03 4.705200e-02
42 9.421000e-01 9.088000e-03 4.881200e-02
43 9.406280e-01 9.032000e-03 5.034000e-02
44 9.389320e-01 9.084000e-03 5.198400e-02
45 9.372800e-01 8.996000e-03 5.372400e-02
46 9.357320e-01 8.792000e-03 5.547600e-02
47 9.340440e-01 9.040000e-03 5.691600e-02
48 9.323880e-01 9.080000e-03 5.853200e-02
49 9.306160e-01 9.192000e-03 6.019200e-02
50 9.290240e-01 9.088000e-03 6.188800e-02
51 9.274320e-01 9.004000e-03 6.356400e-02
52 9.258920e-01 8.980000e-03 6.512800e-02
53 9.243400e-01 8.968000e-03 6.669200e-02
54 9.226960e-01 9.032000e-03 6.827200e-02
55 9.211480e-01 9.160000e-03 6.969200e-02
56 9.196000e-01 9.088000e-03 7.131200e-02
57 9.179600e-01 9.124000e-03 7.291600e-02
58 9.165040e-01 8.920000e-03 7.457600e-02
59 9.148760e-01 8.808000e-03 7.631600e-02
60 9.134080e-01 8.696000e-03 7.789600e-02
61 9.117840e-01 8.824000e-03 7.939200e-02
62 9.100400e-01 9.068000e-03 8.089200e-02
63 9.084160e-01 8.932000e-03 8.265200e-02
64 9.067920e-01 8.956000e-03 8.425200e-02
65 9.050720e-01 9.020000e-03 8.590800e-02
66 9.034000e-01 9.024000e-03 8.757600e-02
67 9.017680e-01 9.268000e-03 8.896400e-02
68 9.002800e-01 9.132000e-03 9.058800e-02
69 8.985480e-01 9.228000e-03 9.222400e-02
70 8.968720e-01 9.236000e-03 9.389200e-02
71 8.953880e-01 9.096000e-03 9.551600e-02
72 8.938480e-01 9.000000e-03 9.715200e-02
73 8.922120e-01 9.212000e-03 9.857600e-02
74 8.904720e-01 9.320000e-03 1.002080e-01
75 8.888080e-01 9.408000e-03 1.017840e-01
76 8.871960e-01 9.500000e-03 1.033040e-01
77 8.854400e-01 9.616000e-03 1.049440e-01
78 8.838200e-01 9.568000e-03 1.066120e-01
79 8.822960e-01 9.404000e-03 1.083000e-01
80 8.808640e-01 9.236000e-03 1.099000e-01
81 8.792160e-01 9.312000e-03 1.114720e-01
82 8.776920e-01 9.128000e-03 1.131800e-01
83 8.762320e-01 9.012000e-03 1.147560e-01
84 8.747520e-01 8.916000e-03 1.163320e-01
85 8.734520e-01 8.692000e-03 1.178560e-01
86 8.719600e-01 8.624000e-03 1.194160e-01
87 8.704720e-01 8.632000e-03 1.208960e-01
88 8.690320e-01 8.636000e-03 1.223320e-01
89 8.677400e-01 8.356000e-03 1.239040e-01
90 8.663600e-01 8.232000e-03 1.254080e-01
91 8.650440e-01 8.044000e-03 1.269120e-01
92 8.636880e-01 7.832000e-03 1.284800e-01
93 8.624840e-01 7.688000e-03 1.298280e-01
94 8.612240e-01 7.620000e-03 1.311560e-01
95 8.599320e-01 7.592000e-03 1.324760e-01
96 8.583280e-01 7.872000e-03 1.338000e-01
97 8.569560e-01 7.844000e-03 1.352000e-01
98 8.556440e-01 7.876000e-03 1.364800e-01
99 8.544400e-01 7.880000e-03 1.376800e-01
100 8.530600e-01 7.880000e-03 1.390600e-01
101 8.518560e-01 7.668000e-03 1.404760e-01
102 8.505480e-01 7.588000e-03 1.418640e-01
103 8.493400e-01 7.344000e-03 1.433160e-01
104 8.481200e-01 7.332000e-03 1.445480e-01
105 8.467680e-01 7.412000e-03 1.458200e-01
106 8.456240e-01 7.216000e-03 1.471600e-01
107 8.444200e-01 7.204000e-03 1.483760e-01
108 8.431520e-01 7.188000e-03 1.496600e-01
109 8.421240e-01 6.960000e-03 1.509160e-01
110 8.410280e-01 7.024000e-03 1.519480e-01
111 8.398720e-01 6.864000e-03 1.532640e-01
112 8.387040e-01 6.892000e-03 1.544040e-01
113 8.375280e-01 6.800000e-03 1.556720e-01
114 8.362560e-01 6.924000e-03 1.568200e-01
115 8.351240e-01 6.844000e-03 1.580320e-01
116 8.339320e-01 6.728000e-03 1.593400e-01
117 8.329120e-01 6.600000e-03 1.604880e-01
118 8.318640e-01 6.472000e-03 1.616640e-01
119 8.307960e-01 6.392000e-03 1.628120e-01
120 8.297720e-01 6.320000e-03 1.639080e-01
121 8.286280e-01 6.328000e-03 1.650440e-01
122 8.275560e-01 6.232000e-03 1.662120e-01
123 8.265800e-01 6.160000e-03 1.672600e-01
124 8.255160e-01 6.156000e-03 1.683280e-01
125 8.243680e-01 6.280000e-03 1.693520e-01
126 8.232240e-01 6.292000e-03 1.704840e-01
127 8.220480e-01 6.416000e-03 1.715360e-01
128 8.209960e-01 6.348000e-03 1.726560e-01
129 8.198000e-01 6.396000e-03 1.738040e-01
130 8.186000e-01 6.384000e-03 1.750160e-01
131 8.174520e-01 6.364000e-03 1.761840e-01
132 8.165080e-01 6.176000e-03 1.773160e-01
133 8.154640e-01 6.140000e-03 1.783960e-01
134 8.144520e-01 5.936000e-03 1.796120e-01
135 8.134640e-01 5.788000e-03 1.807480e-01
136 8.123400e-01 5.868000e-03 1.817920e-01
137 8.113520e-01 5.796000e-03 1.828520e-01
138 8.104120e-01 5.712000e-03 1.838760e-01
139 8.093720e-01 5.736000e-03 1.848920e-01
140 8.082440e-01 5.784000e-03 1.859720e-01
141 8.071960e-01 5.928000e-03 1.868760e-01
142 8.060400e-01 6.016000e-03 1.879440e-01
143 8.050560e-01 6.016000e-03 1.889280e-01
144 8.039560e-01 6.100000e-03 1.899440e-01
145 8.028600e-01 6.212000e-03 1.909280e-01
146 8.017920e-01 6.260000e-03 1.919480e-01
147 8.007240e-01 6.228000e-03 1.930480e-01
148 7.996560e-01 6.096000e-03 1.942480e-01
149 7.985320e-01 6.192000e-03 1.952760e-01
150 7.975120e-01 6.052000e-03 1.964360e-01
151 7.964600e-01 6.048000e-03 1.974920e-01
152 7.953520e-01 6.040000e-03 1.986080e-01
153 7.943160e-01 6.044000e-03 1.996400e-01
154 7.932760e-01 6.112000e-03 2.006120e-01
155 7.923080e-01 5.928000e-03 2.017640e-01
156 7.912640e-01 6.024000e-03 2.027120e-01
157 7.903040e-01 5.936000e-03 2.037600e-01
158 7.892200e-01 6.012000e-03 2.047680e-01
159 7.882440e-01 5.944000e-03 2.058120e-01
160 7.872400e-01 5.872000e-03 2.068880e-01
161 7.862960e-01 5.840000e-03 2.078640e-01
162 7.852920e-01 5.872000e-03 2.088360e-01
163 7.843200e-01 5.832000e-03 2.098480e-01
164 7.833000e-01 6.020000e-03 2.106800e-01
165 7.822120e-01 6.024000e-03 2.117640e-01
166 7.811920e-01 5.860000e-03 2.129480e-01
167 7.801920e-01 5.796000e-03 2.140120e-01
168 7.791440e-01 5.856000e-03 2.150000e-01
169 7.782120e-01 5.760000e-03 2.160280e-01
170 7.770560e-01 5.884000e-03 2.170600e-01
171 7.760680e-01 5.852000e-03 2.180800e-01
172 7.751440e-01 5.912000e-03 2.189440e-01
173 7.741240e-01 5.912000e-03 2.199640e-01
174 7.730200e-01 5.952000e-03 2.210280e-01
175 7.719280e-01 6.052000e-03 2.220200e-01
176 7.707880e-01 6.088000e-03 2.231240e-01
177 7.697200e-01 6.064000e-03 2.242160e-01
178 7.686000e-01 6.048000e-03 2.253520e-01
179 7.675040e-01 6.164000e-03 2.263320e-01
180 7.664840e-01 6.176000e-03 2.273400e-01
181 7.654520e-01 6.104000e-03 2.284440e-01
182 7.644040e-01 5.996000e-03 2.296000e-01
183 7.634200e-01 5.952000e-03 2.306280e-01
184 7.624400e-01 5.928000e-03 2.316320e-01
185 7.614680e-01 5.800000e-03 2.327320e-01
186 7.604680e-01 5.800000e-03 2.337320e-01
187 7.595120e-01 5.828000e-03 2.346600e-01
188 7.587560e-01 5.584000e-03 2.356600e-01
189 7.578880e-01 5.516000e-03 2.365960e-01
190 7.569920e-01 5.380000e-03 2.376280e-01
191 7.562600e-01 5.148000e-03 2.385920e-01
192 7.554280e-01 5.148000e-03 2.394240e-01
193 7.544960e-01 5.184000e-03 2.403200e-01
194 7.536240e-01 5.144000e-03 2.412320e-01
195 7.527720e-01 5.152000e-03 2.420760e-01
196 7.518520e-01 5.272000e-03 2.428760e-01
197 7.510120e-01 5.188000e-03 2.438000e-01
198 7.501760e-01 4.976000e-03 2.448480e-01
199 7.493560e-01 4.980000e-03 2.456640e-01
200 7.484480e-01 5.000000e-03 2.465520e-01
201 7.476320e-01 4.932000e-03 2.474360e-01
202 7.466920e-01 4.952000e-03 2.483560e-01
203 7.458200e-01 4.916000e-03 2.492640e-01
204 7.449200e-01 5.064000e-03 2.500160e-01
205 7.440760e-01 5.024000e-03 2.509000e-01
206 7.432200e-01 5.024000e-03 2.517560e-01
207 7.423440e-01 5.128000e-03 2.525280e-01
208 7.415600e-01 5.000000e-03 2.534400e-01
209 7.407800e-01 4.896000e-03 2.543240e-01
210 7.399040e-01 4.976000e-03 2.551200e-01
211 7.390040e-01 5.024000e-03 2.559720e-01
212 7.381560e-01 5.076000e-03 2.567680e-01
213 7.373160e-01 4.964000e-03 2.577200e-01
214 7.366240e-01 4.764000e-03 2.586120e-01
215 7.357720e-01 4.764000e-03 2.594640e-01
216 7.350240e-01 4.716000e-03 2.602600e-01
217 7.342280e-01 4.652000e-03 2.611200e-01
218 7.334280e-01 4.664000e-03 2.619080e-01
219 7.326240e-01 4.684000e-03 2.626920e-01
220 7.316960e-01 4.732000e-03 2.635720e-01
221 7.309640e-01 4.656000e-03 2.643800e-01
222 7.301360e-01 4.716000e-03 2.651480e-01
223 7.292320e-01 4.848000e-03 2.659200e-01
224 7.283520e-01 4.832000e-03 2.668160e-01
225 7.275880e-01 4.756000e-03 2.676560e-01
226 7.267640e-01 4.684000e-03 2.685520e-01
227 7.260560e-01 4.548000e-03 2.693960e-01
228 7.252880e-01 4.536000e-03 2.701760e-01
229 7.244880e-01 4.480000e-03 2.710320e-01
230 7.237600e-01 4.432000e-03 2.718080e-01
231 7.230120e-01 4.412000e-03 2.725760e-01
232 7.222440e-01 4.428000e-03 2.733280e-01
233 7.214720e-01 4.488000e-03 2.740400e-01
234 7.206440e-01 4.488000e-03 2.748680e-01
235 7.199080e-01 4.456000e-03 2.756360e-01
236 7.192720e-01 4.320000e-03 2.764080e-01
237 7.186360e-01 4.136000e-03 2.772280e-01
238 7.180440e-01 3.972000e-03 2.779840e-01
239 7.175000e-01 3.840000e-03 2.786600e-01
240 7.168600e-01 3.852000e-03 2.792880e-01
241 7.162320e-01 3.884000e-03 2.798840e-01
242 7.156120e-01 3.828000e-03 2.805600e-01
243 7.150200e-01 3.724000e-03 2.812560e-01
244 7.145480e-01 3.508000e-03 2.819440e-01
245 7.139520e-01 3.616000e-03 2.824320e-01
246 7.133720e-01 3.544000e-03 2.830840e-01
247 7.126760e-01 3.612000e-03 2.837120e-01
248 7.119640e-01 3.660000e-03 2.843760e-01
249 7.111480e-01 3.764000e-03 2.850880e-01
250 7.104480e-01 3.860000e-03 2.856920e-01
251 7.097560e-01 3.904000e-03 2.863400e-01
252 7.090840e-01 3.836000e-03 2.870800e-01
253 7.083240e-01 3.916000e-03 2.877600e-01
254 7.077280e-01 3.848000e-03 2.884240e-01
255 7.070880e-01 3.816000e-03 2.890960e-01
256 7.064000e-01 3.844000e-03 2.897560e-01
257 7.057760e-01 3.760000e-03 2.904640e-01
258 7.051760e-01 3.712000e-03 2.911120e-01
259 7.045120e-01 3.768000e-03 2.917200e-01
260 7.038800e-01 3.740000e-03 2.923800e-01
261 7.032840e-01 3.648000e-03 2.930680e-01
262 7.028360e-01 3.444000e-03 2.937200e-01
263 7.023880e-01 3.296000e-03 2.943160e-01
264 7.019520e-01 3.192000e-03 2.948560e-01
265 7.014640e-01 3.100000e-03 2.954360e-01
266 7.008480e-01 3.112000e-03 2.960400e-01
267 7.002960e-01 3.156000e-03 2.965480e-01
268 6.997200e-01 3.160000e-03 2.971200e-01
269 6.991040e-01 3.140000e-03 2.977560e-01
270 6.985120e-01 3.172000e-03 2.983160e-01
271 6.979920e-01 3.068000e-03 2.989400e-01
272 6.974200e-01 3.068000e-03 2.995120e-01
273 6.969120e-01 3.056000e-03 3.000320e-01
274 6.963680e-01 3.092000e-03 3.005400e-01
275 6.958320e-01 3.124000e-03 3.010440e-01
276 6.952680e-01 3.092000e-03 3.016400e-01
277 6.947160e-01 3.148000e-03 3.021360e-01
278 6.942080e-01 3.132000e-03 3.026600e-01
279 6.936560e-01 3.188000e-03 3.031560e-01
280 6.930760e-01 3.180000e-03 3.037440e-01
281 6.924480e-01 3.196000e-03 3.043560e-01
282 6.919360e-01 3.152000e-03 3.049120e-01
283 6.912080e-01 3.296000e-03 3.054960e-01
284 6.906440e-01 3.244000e-03 3.061120e-01
285 6.900200e-01 3.392000e-03 3.065880e-01
286 6.894280e-01 3.320000e-03 3.072520e-01
287 6.888440e-01 3.344000e-03 3.078120e-01
288 6.882120e-01 3.356000e-03 3.084320e-01
289 6.876920e-01 3.200000e-03 3.091080e-01
290 6.871360e-01 3.204000e-03 3.096600e-01
291 6.865080e-01 3.312000e-03 3.101800e-01
292 6.859120e-01 3.300000e-03 3.107880e-01
293 6.853600e-01 3.152000e-03 3.114880e-01
294 6.847800e-01 3.100000e-03 3.121200e-01
295 6.842440e-01 3.144000e-03 3.126120e-01
296 6.836920e-01 3.180000e-03 3.131280e-01
297 6.831640e-01 3.092000e-03 3.137440e-01
298 6.825760e-01 3.080000e-03 3.143440e-01
299 6.820040e-01 3.140000e-03 3.148560e-01
300 6.814720e-01 3.120000e-03 3.154080e-01
301 6.809920e-01 3.048000e-03 3.159600e-01
302 6.805200e-01 3.032000e-03 3.164480e-01
303 6.800240e-01 3.016000e-03 3.169600e-01
304 6.795320e-01 2.872000e-03 3.175960e-01
305 6.789760e-01 2.888000e-03 3.181360e-01
306 6.784800e-01 2.868000e-03 3.186520e-01
307 6.780040e-01 2.860000e-03 3.191360e-01
308 6.775240e-01 2.784000e-03 3.196920e-01
309 6.770360e-01 2.796000e-03 3.201680e-01
310 6.764800e-01 2.856000e-03 3.206640e-01
311 6.759920e-01 2.828000e-03 3.211800e-01
312 6.755640e-01 2.712000e-03 3.217240e-01
313 6.751240e-01 2.756000e-03 3.221200e-01
314 6.746440e-01 2.800000e-03 3.225560e-01
315 6.742360e-01 2.680000e-03 3.230840e-01
316 6.738520e-01 2.584000e-03 3.235640e-01
317 6.734680e-01 2.488000e-03 3.240440e-01
318 6.729160e-01 2.612000e-03 3.244720e-01
319 6.724840e-01 2.592000e-03 3.249240e-01
320 6.720200e-01 2.604000e-03 3.253760e-01
321 6.715960e-01 2.584000e-03 3.258200e-01
322 6.711840e-01 2.556000e-03 3.262600e-01
323 6.707880e-01 2.500000e-03 3.267120e-01
324 6.703640e-01 2.496000e-03 3.271400e-01
325 6.699400e-01 2.448000e-03 3.276120e-01
326 6.695680e-01 2.324000e-03 3.281080e-01
327 6.691960e-01 2.280000e-03 3.285240e-01
328 6.688280e-01 2.320000e-03 3.288520e-01
329 6.683640e-01 2.356000e-03 3.292800e-01
330 6.680120e-01 2.296000e-03 3.296920e-01
331 6.676120e-01 2.276000e-03 3.301120e-01
332 6.672200e-01 2.256000e-03 3.305240e-01
333 6.667520e-01 2.316000e-03 3.309320e-01
334 6.663720e-01 2.312000e-03 3.313160e-01
335 6.659520e-01 2.332000e-03 3.317160e-01
336 6.655000e-01 2.436000e-03 3.320640e-01
337 6.651280e-01 2.404000e-03 3.324680e-01
338 6.647240e-01 2.428000e-03 3.328480e-01
339 6.642560e-01 2.520000e-03 3.332240e-01
340 6.639040e-01 2.384000e-03 3.337120e-01
341 6.635440e-01 2.356000e-03 3.341000e-01
342 6.631280e-01 2.400000e-03 3.344720e-01
343 6.627200e-01 2.400000e-03 3.348800e-01
344 6.622960e-01 2.392000e-03 3.353120e-01
345 6.618920e-01 2.308000e-03 3.358000e-01
346 6.614720e-01 2.344000e-03 3.361840e-01
347 6.610480e-01 2.320000e-03 3.366320e-01
348 6.607320e-01 2.208000e-03 3.370600e-01
349 6.602920e-01 2.280000e-03 3.374280e-01
350 6.598640e-01 2.284000e-03 3.378520e-01
351 6.594680e-01 2.244000e-03 3.382880e-01
352 6.591360e-01 2.144000e-03 3.387200e-01
353 6.588480e-01 2.052000e-03 3.391000e-01
354 6.585040e-01 2.012000e-03 3.394840e-01
355 6.582080e-01 1.956000e-03 3.398360e-01
356 6.578600e-01 2.016000e-03 3.401240e-01
357 6.575160e-01 2.008000e-03 3.404760e-01
358 6.571320e-01 1.944000e-03 3.409240e-01
359 6.567120e-01 2.016000e-03 3.412720e-01
360 6.563560e-01 1.988000e-03 3.416560e-01
361 6.559960e-01 2.000000e-03 3.420040e-01
362 6.556720e-01 2.000000e-03 3.423280e-01
363 6.553480e-01 1.944000e-03 3.427080e-01
364 6.549520e-01 2.040000e-03 3.430080e-01
365 6.545920e-01 2.060000e-03 3.433480e-01
366 6.543160e-01 1.952000e-03 3.437320e-01
367 6.539440e-01 1.980000e-03 3.440760e-01
368 6.536200e-01 1.892000e-03 3.444880e-01
369 6.533800e-01 1.800000e-03 3.448200e-01
370 6.531000e-01 1.776000e-03 3.451240e-01
371 6.527680e-01 1.780000e-03 3.454520e-01
372 6.524880e-01 1.736000e-03 3.457760e-01
373 6.521120e-01 1.852000e-03 3.460360e-01
374 6.518200e-01 1.816000e-03 3.463640e-01
375 6.515080e-01 1.812000e-03 3.466800e-01
376 6.512600e-01 1.736000e-03 3.470040e-01
377 6.509600e-01 1.740000e-03 3.473000e-01
378 6.507240e-01 1.612000e-03 3.476640e-01
379 6.504200e-01 1.640000e-03 3.479400e-01
380 6.501880e-01 1.592000e-03 3.482200e-01
381 6.499240e-01 1.608000e-03 3.484680e-01
382 6.496480e-01 1.564000e-03 3.487880e-01
383 6.493720e-01 1.544000e-03 3.490840e-01
384 6.490240e-01 1.668000e-03 3.493080e-01
385 6.487400e-01 1.624000e-03 3.496360e-01
386 6.485200e-01 1.576000e-03 3.499040e-01
387 6.483160e-01 1.484000e-03 3.502000e-01
388 6.481080e-01 1.468000e-03 3.504240e-01
389 6.478560e-01 1.492000e-03 3.506520e-01
390 6.476560e-01 1.416000e-03 3.509280e-01
391 6.475040e-01 1.352000e-03 3.511440e-01
392 6.472400e-01 1.340000e-03 3.514200e-01
393 6.470000e-01 1.340000e-03 3.516600e-01
394 6.468360e-01 1.260000e-03 3.519040e-01
395 6.466320e-01 1.268000e-03 3.521000e-01
396 6.464440e-01 1.232000e-03 3.523240e-01
397 6.462160e-01 1.220000e-03 3.525640e-01
398 6.460680e-01 1.156000e-03 3.527760e-01
399 6.458560e-01 1.160000e-03 3.529840e-01
400 6.456360e-01 1.188000e-03 3.531760e-01
401 6.453720e-01 1.252000e-03 3.533760e-01
402 6.452000e-01 1.204000e-03 3.535960e-01
403 6.450120e-01 1.184000e-03 3.538040e-01
404 6.448160e-01 1.168000e-03 3.540160e-01
405 6.445920e-01 1.220000e-03 3.541880e-01
406 6.444160e-01 1.212000e-03 3.543720e-01
407 6.442200e-01 1.188000e-03 3.545920e-01
408 6.439880e-01 1.212000e-03 3.548000e-01
409 6.438200e-01 1.180000e-03 3.550000e-01
410 6.436600e-01 1.128000e-03 3.552120e-01
411 6.434840e-01 1.080000e-03 3.554360e-01
412 6.433600e-01 1.064000e-03 3.555760e-01
413 6.431960e-01 1.020000e-03 3.557840e-01
414 6.430280e-01 9.960000e-04 3.559760e-01
415 6.428320e-01 1.012000e-03 3.561560e-01
416 6.426160e-01 1.060000e-03 3.563240e-01
417 6.424520e-01 1.020000e-03 3.565280e-01
418 6.422880e-01 9.800000e-04 3.567320e-01
419 6.421800e-01 9.640000e-04 3.568560e-01
420 6.420640e-01 9.280000e-04 3.570080e-01
421 6.419080e-01 9.520000e-04 3.571400e-01
422 6.417760e-01 9.440000e-04 3.572800e-01
423 6.416040e-01 9.280000e-04 3.574680e-01
424 6.414640e-01 9.200000e-04 3.576160e-01
425 6.412760e-01 9.640000e-04 3.577600e-01
426 6.411200e-01 9.720000e-04 3.579080e-01
427 6.410000e-01 8.800000e-04 3.581200e-01
428 6.408960e-01 8.160000e-04 3.582880e-01
429 6.407840e-01 7.680000e-04 3.584480e-01
430 6.406560e-01 7.520000e-04 3.585920e-01
431 6.405400e-01 7.240000e-04 3.587360e-01
432 6.404040e-01 7.000000e-04 3.588960e-01
433 6.402760e-01 7.080000e-04 3.590160e-01
434 6.401320e-01 7.320000e-04 3.591360e-01
435 6.399600e-01 7.520000e-04 3.592880e-01
436 6.398160e-01 7.600000e-04 3.594240e-01
437 6.396840e-01 7.400000e-04 3.595760e-01
438 6.395520e-01 7.640000e-04 3.596840e-01
439 6.394680e-01 6.800000e-04 3.598520e-01
440 6.394080e-01 6.200000e-04 3.599720e-01
441 6.393440e-01 6.040000e-04 3.600520e-01
442 6.392560e-01 6.000000e-04 3.601440e-01
443 6.391600e-01 6.080000e-04 3.602320e-01
444 6.390240e-01 6.400000e-04 3.603360e-01
445 6.388680e-01 6.840000e-04 3.604480e-01
446 6.387080e-01 7.080000e-04 3.605840e-01
447 6.385960e-01 6.840000e-04 3.607200e-01
448 6.385040e-01 6.640000e-04 3.608320e-01
449 6.383960e-01 6.480000e-04 3.609560e-01
450 6.382640e-01 6.880000e-04 3.610480e-01
451 6.381320e-01 6.720000e-04 3.611960e-01
452 6.380040e-01 7.040000e-04 3.612920e-01
453 6.378760e-01 7.280000e-04 3.613960e-01
454 6.377800e-01 6.880000e-04 3.615320e-01
455 6.376800e-01 6.760000e-04 3.616440e-01
456 6.375680e-01 6.600000e-04 3.617720e-01
457 6.374280e-01 7.040000e-04 3.618680e-01
458 6.373560e-01 6.840000e-04 3.619600e-01
459 6.372920e-01 6.480000e-04 3.620600e-01
460 6.372160e-01 5.840000e-04 3.622000e-01
461 6.371400e-01 5.280000e-04 3.623320e-01
462 6.371000e-01 4.600000e-04 3.624400e-01
463 6.370280e-01 4.440000e-04 3.625280e-01
464 6.369480e-01 4.440000e-04 3.626080e-01
465 6.368920e-01 4.000000e-04 3.627080e-01
466 6.368560e-01 3.680000e-04 3.627760e-01
467 6.368320e-01 3.280000e-04 3.628400e-01
468 6.368040e-01 2.880000e-04 3.629080e-01
469 6.367720e-01 2.800000e-04 3.629480e-01
470 6.367360e-01 2.560000e-04 3.630080e-01
471 6.367080e-01 2.440000e-04 3.630480e-01
472 6.366680e-01 2.400000e-04 3.630920e-01
473 6.366320e-01 2.240000e-04 3.631440e-01
474 6.366080e-01 1.960000e-04 3.631960e-01
475 6.365520e-01 2.240000e-04 3.632240e-01
476 6.365000e-01 2.440000e-04 3.632560e-01
477 6.364560e-01 2.360000e-04 3.633080e-01
478 6.363960e-01 2.680000e-04 3.633360e-01
479 6.363480e-01 2.840000e-04 3.633680e-01
480 6.362800e-01 3.000000e-04 3.634200e-01
481 6.362400e-01 2.680000e-04 3.634920e-01
482 6.361880e-01 2.880000e-04 3.635240e-01
483 6.361240e-01 3.000000e-04 3.635760e-01
484 6.360560e-01 3.000000e-04 3.636440e-01
485 6.359880e-01 3.160000e-04 3.636960e-01
486 6.359360e-01 2.840000e-04 3.637800e-01
487 6.359040e-01 2.600000e-04 3.638360e-01
488 6.358360e-01 2.800000e-04 3.638840e-01
489 6.358000e-01 2.840000e-04 3.639160e-01
490 6.357600e-01 2.880000e-04 3.639520e-01
491 6.357200e-01 2.720000e-04 3.640080e-01
492 6.356680e-01 2.640000e-04 3.640680e-01
493 6.356200e-01 2.840000e-04 3.640960e-01
494 6.355960e-01 2.400000e-04 3.641640e-01
495 6.355680e-01 1.920000e-04 3.642400e-01
496 6.355280e-01 2.000000e-04 3.642720e-01
497 6.354760e-01 2.120000e-04 3.643120e-01
498 6.354400e-01 2.120000e-04 3.643480e-01
499 6.354040e-01 2.000000e-04 3.643960e-01
500 6.353560e-01 2.200000e-04 3.644240e-01
