1 9.990960e-01 8.160000e-04 8.800000e-05
2 9.985280e-01 1.228000e-03 2.440000e-04
3 9.978360e-01 1.712000e-03 4.520000e-04
4 9.971280e-01 2.100000e-03 7.720000e-04
5 9.962400e-01 2.592000e-03 1.168000e-03
6 9.954880e-01 2.820000e-03 1.692000e-03
7 9.945960e-01 3.232000e-03 2.172000e-03
8 9.937200e-01 3.500000e-03 2.780000e-03
9 9.927280e-01 3.820000e-03 3.452000e-03
10 9.915320e-01 4.320000e-03 4.148000e-03
11 9.903360e-01 4.688000e-03 4.976000e-03
12 9.891680e-01 5.068000e-03 5.764000e-03
13 9.880560e-01 5.200000e-03 6.744000e-03
14 9.869040e-01 5.452000e-03 7.644000e-03
15 9.857480e-01 5.700000e-03 8.552000e-03
16 9.845160e-01 5.932000e-03 9.552000e-03
17 9.829440e-01 6.448000e-03 1.060800e-02
18 9.816280e-01 6.676000e-03 1.169600e-02
19 9.803160e-01 6.760000e-03 1.292400e-02
20 9.789720e-01 6.904000e-03 1.412400e-02
21 9.775840e-01 7.104000e-03 1.531200e-02
22 9.762080e-01 7.208000e-03 1.658400e-02
23 9.747920e-01 7.268000e-03 1.794000e-02
24 9.734240e-01 7.380000e-03 1.919600e-02
25 9.718080e-01 7.684000e-03 2.050800e-02
26 9.703200e-01 7.872000e-03 2.180800e-02
27 9.687160e-01 8.072000e-03 2.321200e-02
28 9.671080e-01 8.208000e-03 2.468400e-02
29 9.655840e-01 8.388000e-03 2.602800e-02
30 9.640920e-01 8.340000e-03 2.756800e-02
31 9.623880e-01 8.468000e-03 2.914400e-02
32 9.607760e-01 8.572000e-03 3.065200e-02
33 9.590920e-01 8.812000e-03 3.209600e-02
34 9.574880e-01 8.724000e-03 3.378800e-02
35 9.558920e-01 8.772000e-03 3.533600e-02
36 9.543560e-01 8.848000e-03 3.679600e-02
37 9.527240e-01 8.912000e-03 3.836400e-02
38 9.511760e-01 8.856000e-03 3.996800e-02
39 9.495840e-01 8.880000e-03 4.153600e-02
40 9.478680e-01 8.960000e-03 4.317200e-02
41 9.462200e-01 9.004000e-03 4.477600e-02
42 9.447480e-01 8.940000e-03 4.631200e-02
43 9.429640e-01 9.192000e-03 4.784400e-02
44 9.415480e-01 8.988000e-03 4.946400e-02
45 9.400120e-01 8.976000e-03 5.101200e-02
46 9.385520e-01 8.880000e-03 5.256800e-02
47 9.371600e-01 8.760000e-03 5.408000e-02
48 9.356880e-01 8.624000e-03 5.568800e-02
49 9.341520e-01 8.528000e-03 5.732000e-02
50 9.326400e-01 8.620000e-03 5.874000e-02
51 9.310400e-01 8.712000e-03 6.024800e-02
52 9.293040e-01 8.840000e-03 6.185600e-02
53 9.278320e-01 8.720000e-03 6.344800e-02
54 9.262440e-01 8.756000e-03 6.500000e-02
55 9.247360e-01 8.776000e-03 6.648800e-02
56 9.231640e-01 8.904000e-03 6.793200e-02
57 9.215520e-01 8.940000e-03 6.950800e-02
58 9.199960e-01 8.988000e-03 7.101600e-02
59 9.183760e-01 9.052000e-03 7.257200e-02
60 9.167880e-01 9.040000e-03 7.417200e-02
61 9.152120e-01 8.932000e-03 7.585600e-02
62 9.136120e-01 8.872000e-03 7.751600e-02
63 9.120120e-01 8.840000e-03 7.914800e-02
64 9.103480e-01 8.952000e-03 8.070000e-02
65 9.088160e-01 8.932000e-03 8.225200e-02
66 9.071640e-01 8.964000e-03 8.387200e-02
67 9.056320e-01 8.752000e-03 8.561600e-02
68 9.041560e-01 8.568000e-03 8.727600e-02
69 9.025720e-01 8.668000e-03 8.876000e-02
70 9.011480e-01 8.644000e-03 9.020800e-02
71 8.995040e-01 8.832000e-03 9.166400e-02
72 8.979640e-01 8.684000e-03 9.335200e-02
73 8.964240e-01 8.684000e-03 9.489200e-02
74 8.948440e-01 8.804000e-03 9.635200e-02
75 8.931520e-01 8.956000e-03 9.789200e-02
76 8.915360e-01 8.960000e-03 9.950400e-02
77 8.901240e-01 8.880000e-03 1.009960e-01
78 8.884680e-01 8.944000e-03 1.025880e-01
79 8.870480e-01 8.868000e-03 1.040840e-01
80 8.855680e-01 8.776000e-03 1.056560e-01
81 8.840240e-01 8.652000e-03 1.073240e-01
82 8.823200e-01 8.708000e-03 1.089720e-01
83 8.806960e-01 8.880000e-03 1.104240e-01
84 8.790200e-01 9.072000e-03 1.119080e-01
85 8.773840e-01 9.204000e-03 1.134120e-01
86 8.755840e-01 9.188000e-03 1.152280e-01
87 8.740320e-01 9.056000e-03 1.169120e-01
88 8.727440e-01 8.792000e-03 1.184640e-01
89 8.712600e-01 8.772000e-03 1.199680e-01
90 8.696480e-01 8.964000e-03 1.213880e-01
91 8.679160e-01 9.024000e-03 1.230600e-01
92 8.662640e-01 8.988000e-03 1.247480e-01
93 8.645840e-01 9.036000e-03 1.263800e-01
94 8.630000e-01 8.964000e-03 1.280360e-01
95 8.613040e-01 9.176000e-03 1.295200e-01
96 8.597720e-01 9.200000e-03 1.310280e-01
97 8.582320e-01 8.948000e-03 1.328200e-01
98 8.567040e-01 8.948000e-03 1.343480e-01
99 8.550920e-01 9.028000e-03 1.358800e-01
100 8.534160e-01 9.108000e-03 1.374760e-01
101 8.518040e-01 9.140000e-03 1.390560e-01
102 8.503560e-01 8.960000e-03 1.406840e-01
103 8.486800e-01 9.216000e-03 1.421040e-01
104 8.470920e-01 9.176000e-03 1.437320e-01
105 8.456200e-01 8.956000e-03 1.454240e-01
106 8.441560e-01 8.828000e-03 1.470160e-01
107 8.428000e-01 8.696000e-03 1.485040e-01
108 8.413640e-01 8.588000e-03 1.500480e-01
109 8.400280e-01 8.552000e-03 1.514200e-01
110 8.384840e-01 8.652000e-03 1.528640e-01
111 8.370680e-01 8.484000e-03 1.544480e-01
112 8.354200e-01 8.548000e-03 1.560320e-01
113 8.338400e-01 8.620000e-03 1.575400e-01
114 8.321000e-01 8.844000e-03 1.590560e-01
115 8.303280e-01 9.020000e-03 1.606520e-01
116 8.287320e-01 8.880000e-03 1.623880e-01
117 8.272400e-01 8.792000e-03 1.639680e-01
118 8.257560e-01 8.812000e-03 1.654320e-01
119 8.241600e-01 8.828000e-03 1.670120e-01
120 8.227720e-01 8.572000e-03 1.686560e-01
121 8.210400e-01 8.900000e-03 1.700600e-01
122 8.194840e-01 8.908000e-03 1.716080e-01
123 8.178640e-01 8.948000e-03 1.731880e-01
124 8.160560e-01 9.080000e-03 1.748640e-01
125 8.144280e-01 9.152000e-03 1.764200e-01
126 8.128560e-01 9.100000e-03 1.780440e-01
127 8.112440e-01 9.140000e-03 1.796160e-01
128 8.096080e-01 9.156000e-03 1.812360e-01
129 8.079520e-01 9.212000e-03 1.828360e-01
130 8.065520e-01 9.064000e-03 1.843840e-01
131 8.049400e-01 9.140000e-03 1.859200e-01
132 8.033440e-01 9.264000e-03 1.873920e-01
133 8.018640e-01 9.272000e-03 1.888640e-01
134 8.003280e-01 9.188000e-03 1.904840e-01
135 7.987480e-01 9.176000e-03 1.920760e-01
136 7.970600e-01 9.292000e-03 1.936480e-01
137 7.955040e-01 9.360000e-03 1.951360e-01
138 7.938360e-01 9.384000e-03 1.967800e-01
139 7.923120e-01 9.340000e-03 1.983480e-01
140 7.909560e-01 9.032000e-03 2.000120e-01
141 7.892320e-01 9.232000e-03 2.015360e-01
142 7.876120e-01 9.212000e-03 2.031760e-01
143 7.859240e-01 9.280000e-03 2.047960e-01
144 7.842200e-01 9.408000e-03 2.063720e-01
145 7.824800e-01 9.656000e-03 2.078640e-01
146 7.808240e-01 9.636000e-03 2.095400e-01
147 7.791040e-01 9.696000e-03 2.112000e-01
148 7.773600e-01 9.656000e-03 2.129840e-01
149 7.756160e-01 9.632000e-03 2.147520e-01
150 7.740440e-01 9.484000e-03 2.164720e-01
151 7.725000e-01 9.332000e-03 2.181680e-01
152 7.708960e-01 9.304000e-03 2.198000e-01
153 7.694200e-01 9.124000e-03 2.214560e-01
154 7.679840e-01 8.968000e-03 2.230480e-01
155 7.664720e-01 8.856000e-03 2.246720e-01
156 7.648720e-01 8.980000e-03 2.261480e-01
157 7.632120e-01 8.884000e-03 2.279040e-01
158 7.616160e-01 8.968000e-03 2.294160e-01
159 7.601280e-01 8.820000e-03 2.310520e-01
160 7.586440e-01 8.764000e-03 2.325920e-01
161 7.573440e-01 8.476000e-03 2.341800e-01
162 7.558360e-01 8.636000e-03 2.355280e-01
163 7.544240e-01 8.440000e-03 2.371360e-01
164 7.530520e-01 8.388000e-03 2.385600e-01
165 7.516640e-01 8.328000e-03 2.400080e-01
166 7.502280e-01 8.220000e-03 2.415520e-01
167 7.487480e-01 8.180000e-03 2.430720e-01
168 7.473160e-01 8.232000e-03 2.444520e-01
169 7.460600e-01 8.220000e-03 2.457200e-01
170 7.446360e-01 8.120000e-03 2.472440e-01
171 7.431160e-01 8.220000e-03 2.486640e-01
172 7.416680e-01 8.180000e-03 2.501520e-01
173 7.401920e-01 8.132000e-03 2.516760e-01
174 7.387600e-01 8.216000e-03 2.530240e-01
175 7.374560e-01 8.120000e-03 2.544240e-01
176 7.360360e-01 8.096000e-03 2.558680e-01
177 7.347600e-01 7.956000e-03 2.572840e-01
178 7.333880e-01 7.836000e-03 2.587760e-01
179 7.321080e-01 7.684000e-03 2.602080e-01
180 7.308480e-01 7.600000e-03 2.615520e-01
181 7.296520e-01 7.460000e-03 2.628880e-01
182 7.283880e-01 7.492000e-03 2.641200e-01
183 7.270920e-01 7.596000e-03 2.653120e-01
184 7.258760e-01 7.476000e-03 2.666480e-01
185 7.246400e-01 7.480000e-03 2.678800e-01
186 7.234320e-01 7.444000e-03 2.691240e-01
187 7.223440e-01 7.308000e-03 2.703480e-01
188 7.210480e-01 7.328000e-03 2.716240e-01
189 7.199200e-01 7.132000e-03 2.729480e-01
190 7.187320e-01 7.108000e-03 2.741600e-01
191 7.175960e-01 7.100000e-03 2.753040e-01
192 7.164320e-01 7.084000e-03 2.764840e-01
193 7.152320e-01 7.040000e-03 2.777280e-01
194 7.140720e-01 6.996000e-03 2.789320e-01
195 7.129440e-01 6.800000e-03 2.802560e-01
196 7.118000e-01 6.820000e-03 2.813800e-01
197 7.105320e-01 6.840000e-03 2.826280e-01
198 7.092480e-01 6.872000e-03 2.838800e-01
199 7.081280e-01 6.828000e-03 2.850440e-01
200 7.069440e-01 6.828000e-03 2.862280e-01
201 7.057400e-01 6.748000e-03 2.875120e-01
202 7.045080e-01 6.824000e-03 2.886680e-01
203 7.031680e-01 6.988000e-03 2.898440e-01
204 7.018560e-01 7.132000e-03 2.910120e-01
205 7.006320e-01 7.176000e-03 2.921920e-01
206 6.993280e-01 7.188000e-03 2.934840e-01
207 6.981520e-01 7.100000e-03 2.947480e-01
208 6.969000e-01 7.108000e-03 2.959920e-01
209 6.956960e-01 7.064000e-03 2.972400e-01
210 6.943120e-01 7.180000e-03 2.985080e-01
211 6.930120e-01 7.260000e-03 2.997280e-01
212 6.917520e-01 7.216000e-03 3.010320e-01
213 6.905480e-01 7.240000e-03 3.022120e-01
214 6.893280e-01 7.268000e-03 3.034040e-01
215 6.881800e-01 7.188000e-03 3.046320e-01
216 6.869480e-01 7.124000e-03 3.059280e-01
217 6.858520e-01 6.972000e-03 3.071760e-01
218 6.845400e-01 6.920000e-03 3.085400e-01
219 6.832760e-01 6.968000e-03 3.097560e-01
220 6.821000e-01 6.836000e-03 3.110640e-01
221 6.809960e-01 6.716000e-03 3.122880e-01
222 6.798800e-01 6.652000e-03 3.134680e-01
223 6.788560e-01 6.580000e-03 3.145640e-01
224 6.777280e-01 6.520000e-03 3.157520e-01
225 6.768880e-01 6.216000e-03 3.168960e-01
226 6.760160e-01 5.960000e-03 3.180240e-01
227 6.749800e-01 6.008000e-03 3.190120e-01
228 6.739440e-01 6.072000e-03 3.199840e-01
229 6.728440e-01 6.028000e-03 3.211280e-01
230 6.719000e-01 5.964000e-03 3.221360e-01
231 6.709040e-01 5.956000e-03 3.231400e-01
232 6.698320e-01 5.948000e-03 3.242200e-01
233 6.687200e-01 6.024000e-03 3.252560e-01
234 6.677600e-01 5.920000e-03 3.263200e-01
235 6.667000e-01 5.992000e-03 3.273080e-01
236 6.656760e-01 5.916000e-03 3.284080e-01
237 6.646280e-01 6.032000e-03 3.293400e-01
238 6.637120e-01 5.904000e-03 3.303840e-01
239 6.626680e-01 5.940000e-03 3.313920e-01
240 6.616720e-01 5.900000e-03 3.324280e-01
241 6.607160e-01 5.880000e-03 3.334040e-01
242 6.597480e-01 5.820000e-03 3.344320e-01
243 6.587440e-01 5.928000e-03 3.353280e-01
244 6.578000e-01 5.828000e-03 3.363720e-01
245 6.568920e-01 5.644000e-03 3.374640e-01
246 6.559920e-01 5.588000e-03 3.384200e-01
247 6.550720e-01 5.488000e-03 3.394400e-01
248 6.541480e-01 5.428000e-03 3.404240e-01
249 6.531920e-01 5.380000e-03 3.414280e-01
250 6.523400e-01 5.244000e-03 3.424160e-01
251 6.514560e-01 5.236000e-03 3.433080e-01
252 6.505520e-01 5.264000e-03 3.441840e-01
253 6.496280e-01 5.300000e-03 3.450720e-01
254 6.485400e-01 5.452000e-03 3.460080e-01
255 6.477800e-01 5.324000e-03 3.468960e-01
256 6.468120e-01 5.340000e-03 3.478480e-01
257 6.459040e-01 5.276000e-03 3.488200e-01
258 6.450320e-01 5.244000e-03 3.497240e-01
259 6.441000e-01 5.204000e-03 3.506960e-01
260 6.432960e-01 5.076000e-03 3.516280e-01
261 6.423400e-01 5.064000e-03 3.525960e-01
262 6.414760e-01 4.988000e-03 3.535360e-01
263 6.406840e-01 4.908000e-03 3.544080e-01
264 6.398360e-01 4.848000e-03 3.553160e-01
265 6.388880e-01 4.896000e-03 3.562160e-01
266 6.381840e-01 4.744000e-03 3.570720e-01
267 6.374520e-01 4.620000e-03 3.579280e-01
268 6.364840e-01 4.768000e-03 3.587480e-01
269 6.355400e-01 4.908000e-03 3.595520e-01
270 6.346280e-01 4.956000e-03 3.604160e-01
271 6.336920e-01 5.012000e-03 3.612960e-01
272 6.328080e-01 5.060000e-03 3.621320e-01
273 6.319240e-01 5.012000e-03 3.630640e-01
274 6.311120e-01 4.912000e-03 3.639760e-01
275 6.304280e-01 4.612000e-03 3.649600e-01
276 6.296440e-01 4.636000e-03 3.657200e-01
277 6.289320e-01 4.600000e-03 3.664680e-01
278 6.282480e-01 4.568000e-03 3.671840e-01
279 6.275280e-01 4.544000e-03 3.679280e-01
280 6.267400e-01 4.476000e-03 3.687840e-01
281 6.259480e-01 4.508000e-03 3.695440e-01
282 6.251200e-01 4.548000e-03 3.703320e-01
283 6.243360e-01 4.552000e-03 3.711120e-01
284 6.237040e-01 4.392000e-03 3.719040e-01
285 6.230920e-01 4.248000e-03 3.726600e-01
286 6.224280e-01 4.224000e-03 3.733480e-01
287 6.216920e-01 4.184000e-03 3.741240e-01
288 6.208920e-01 4.276000e-03 3.748320e-01
289 6.202320e-01 4.204000e-03 3.755640e-01
290 6.195640e-01 4.196000e-03 3.762400e-01
291 6.188880e-01 4.164000e-03 3.769480e-01
292 6.181600e-01 4.192000e-03 3.776480e-01
293 6.175440e-01 4.136000e-03 3.783200e-01
294 6.169440e-01 4.028000e-03 3.790280e-01
295 6.163400e-01 3.912000e-03 3.797480e-01
296 6.157120e-01 3.808000e-03 3.804800e-01
297 6.151120e-01 3.832000e-03 3.810560e-01
298 6.144440e-01 3.860000e-03 3.816960e-01
299 6.138760e-01 3.780000e-03 3.823440e-01
300 6.133320e-01 3.648000e-03 3.830200e-01
301 6.127440e-01 3.528000e-03 3.837280e-01
302 6.122880e-01 3.380000e-03 3.843320e-01
303 6.118360e-01 3.212000e-03 3.849520e-01
304 6.113560e-01 3.120000e-03 3.855240e-01
305 6.108120e-01 3.056000e-03 3.861320e-01
306 6.103080e-01 3.044000e-03 3.866480e-01
307 6.097760e-01 2.996000e-03 3.872280e-01
308 6.092720e-01 2.896000e-03 3.878320e-01
309 6.088320e-01 2.716000e-03 3.884520e-01
310 6.084560e-01 2.620000e-03 3.889240e-01
311 6.080400e-01 2.580000e-03 3.893800e-01
312 6.076280e-01 2.524000e-03 3.898480e-01
313 6.072560e-01 2.460000e-03 3.902840e-01
314 6.067880e-01 2.432000e-03 3.907800e-01
315 6.063760e-01 2.416000e-03 3.912080e-01
316 6.060000e-01 2.356000e-03 3.916440e-01
317 6.056960e-01 2.220000e-03 3.920840e-01
318 6.053480e-01 2.260000e-03 3.923920e-01
319 6.049800e-01 2.208000e-03 3.928120e-01
320 6.046000e-01 2.188000e-03 3.932120e-01
321 6.041920e-01 2.168000e-03 3.936400e-01
322 6.038640e-01 2.200000e-03 3.939360e-01
323 6.033480e-01 2.312000e-03 3.943400e-01
324 6.028400e-01 2.400000e-03 3.947600e-01
325 6.024320e-01 2.464000e-03 3.951040e-01
326 6.020360e-01 2.412000e-03 3.955520e-01
327 6.016280e-01 2.364000e-03 3.960080e-01
328 6.012320e-01 2.380000e-03 3.963880e-01
329 6.007880e-01 2.420000e-03 3.967920e-01
330 6.004160e-01 2.336000e-03 3.972480e-01
331 6.000200e-01 2.320000e-03 3.976600e-01
332 5.996920e-01 2.224000e-03 3.980840e-01
333 5.993160e-01 2.204000e-03 3.984800e-01
334 5.989920e-01 2.180000e-03 3.988280e-01
335 5.986520e-01 2.104000e-03 3.992440e-01
336 5.982600e-01 2.176000e-03 3.995640e-01
337 5.978680e-01 2.116000e-03 4.000160e-01
338 5.975280e-01 2.064000e-03 4.004080e-01
339 5.972040e-01 1.984000e-03 4.008120e-01
340 5.968880e-01 1.992000e-03 4.011200e-01
341 5.965480e-01 1.972000e-03 4.014800e-01
342 5.961480e-01 2.024000e-03 4.018280e-01
343 5.958200e-01 1.968000e-03 4.022120e-01
344 5.955080e-01 1.916000e-03 4.025760e-01
345 5.951720e-01 1.884000e-03 4.029440e-01
346 5.947560e-01 1.980000e-03 4.032640e-01
347 5.943640e-01 1.976000e-03 4.036600e-01
348 5.939120e-01 2.040000e-03 4.040480e-01
349 5.935480e-01 2.036000e-03 4.044160e-01
350 5.931240e-01 2.104000e-03 4.047720e-01
351 5.927480e-01 2.104000e-03 4.051480e-01
352 5.923960e-01 2.148000e-03 4.054560e-01
353 5.920040e-01 2.204000e-03 4.057920e-01
354 5.915640e-01 2.212000e-03 4.062240e-01
355 5.911960e-01 2.220000e-03 4.065840e-01
356 5.908440e-01 2.196000e-03 4.069600e-01
357 5.905320e-01 2.188000e-03 4.072800e-01
358 5.901640e-01 2.144000e-03 4.076920e-01
359 5.898320e-01 2.112000e-03 4.080560e-01
360 5.895240e-01 2.048000e-03 4.084280e-01
361 5.891640e-01 2.048000e-03 4.087880e-01
362 5.887920e-01 2.100000e-03 4.091080e-01
363 5.884000e-01 2.092000e-03 4.095080e-01
364 5.880760e-01 2.044000e-03 4.098800e-01
365 5.877280e-01 2.036000e-03 4.102360e-01
366 5.874680e-01 2.008000e-03 4.105240e-01
367 5.871320e-01 2.004000e-03 4.108640e-01
368 5.868240e-01 1.996000e-03 4.111800e-01
369 5.864960e-01 2.008000e-03 4.114960e-01
370 5.861840e-01 2.008000e-03 4.118080e-01
371 5.857800e-01 2.068000e-03 4.121520e-01
372 5.854280e-01 2.064000e-03 4.125080e-01
373 5.850280e-01 2.088000e-03 4.128840e-01
374 5.846800e-01 2.072000e-03 4.132480e-01
375 5.842840e-01 2.164000e-03 4.135520e-01
376 5.839480e-01 2.148000e-03 4.139040e-01
377 5.835760e-01 2.204000e-03 4.142200e-01
378 5.832880e-01 2.144000e-03 4.145680e-01
379 5.829560e-01 2.132000e-03 4.149120e-01
380 5.826280e-01 2.080000e-03 4.152920e-01
381 5.823200e-01 1.996000e-03 4.156840e-01
382 5.819880e-01 1.948000e-03 4.160640e-01
383 5.817120e-01 1.856000e-03 4.164320e-01
384 5.814400e-01 1.780000e-03 4.167800e-01
385 5.811880e-01 1.752000e-03 4.170600e-01
386 5.808680e-01 1.736000e-03 4.173960e-01
387 5.806200e-01 1.652000e-03 4.177280e-01
388 5.803040e-01 1.640000e-03 4.180560e-01
389 5.800120e-01 1.664000e-03 4.183240e-01
390 5.797640e-01 1.608000e-03 4.186280e-01
391 5.795000e-01 1.556000e-03 4.189440e-01
392 5.792680e-01 1.500000e-03 4.192320e-01
393 5.790400e-01 1.480000e-03 4.194800e-01
394 5.788400e-01 1.380000e-03 4.197800e-01
395 5.786200e-01 1.408000e-03 4.199720e-01
396 5.783840e-01 1.420000e-03 4.201960e-01
397 5.781360e-01 1.420000e-03 4.204440e-01
398 5.779120e-01 1.324000e-03 4.207640e-01
399 5.776440e-01 1.288000e-03 4.210680e-01
400 5.773600e-01 1.344000e-03 4.212960e-01
401 5.770840e-01 1.424000e-03 4.214920e-01
402 5.767840e-01 1.452000e-03 4.217640e-01
403 5.764920e-01 1.476000e-03 4.220320e-01
404 5.762680e-01 1.428000e-03 4.223040e-01
405 5.760280e-01 1.424000e-03 4.225480e-01
406 5.758000e-01 1.404000e-03 4.227960e-01
407 5.755480e-01 1.440000e-03 4.230120e-01
408 5.753680e-01 1.356000e-03 4.232760e-01
409 5.751560e-01 1.332000e-03 4.235120e-01
410 5.749480e-01 1.304000e-03 4.237480e-01
411 5.747720e-01 1.296000e-03 4.239320e-01
412 5.746080e-01 1.160000e-03 4.242320e-01
413 5.743760e-01 1.192000e-03 4.244320e-01
414 5.742000e-01 1.100000e-03 4.247000e-01
415 5.740120e-01 1.120000e-03 4.248680e-01
416 5.738400e-01 1.100000e-03 4.250600e-01
417 5.737160e-01 1.040000e-03 4.252440e-01
418 5.735600e-01 1.000000e-03 4.254400e-01
419 5.733840e-01 1.032000e-03 4.255840e-01
420 5.732240e-01 1.024000e-03 4.257520e-01
421 5.731000e-01 9.600000e-04 4.259400e-01
422 5.729680e-01 1.000000e-03 4.260320e-01
423 5.727720e-01 1.008000e-03 4.262200e-01
424 5.725200e-01 1.088000e-03 4.263920e-01
425 5.723480e-01 1.012000e-03 4.266400e-01
426 5.721840e-01 1.000000e-03 4.268160e-01
427 5.720040e-01 1.016000e-03 4.269800e-01
428 5.718160e-01 1.044000e-03 4.271400e-01
429 5.715960e-01 1.076000e-03 4.273280e-01
430 5.713680e-01 1.112000e-03 4.275200e-01
431 5.712200e-01 1.072000e-03 4.277080e-01
432 5.710760e-01 1.008000e-03 4.279160e-01
433 5.709320e-01 1.008000e-03 4.280600e-01
434 5.707840e-01 1.032000e-03 4.281840e-01
435 5.706120e-01 1.052000e-03 4.283360e-01
436 5.704280e-01 1.084000e-03 4.284880e-01
437 5.702760e-01 1.064000e-03 4.286600e-01
438 5.701280e-01 1.008000e-03 4.288640e-01
439 5.698960e-01 1.080000e-03 4.290240e-01
440 5.696800e-01 1.108000e-03 4.292120e-01
441 5.695120e-01 1.088000e-03 4.294000e-01
442 5.693640e-01 1.040000e-03 4.295960e-01
443 5.691720e-01 1.076000e-03 4.297520e-01
444 5.689840e-01 1.040000e-03 4.299760e-01
445 5.688280e-01 1.028000e-03 4.301440e-01
446 5.686880e-01 1.008000e-03 4.303040e-01
447 5.685560e-01 9.600000e-04 4.304840e-01
448 5.684160e-01 9.160000e-04 4.306680e-01
449 5.682120e-01 9.280000e-04 4.308600e-01
450 5.680520e-01 9.120000e-04 4.310360e-01
451 5.678760e-01 9.680000e-04 4.311560e-01
452 5.676960e-01 9.440000e-04 4.313600e-01
453 5.675520e-01 9.280000e-04 4.315200e-01
454 5.674080e-01 9.200000e-04 4.316720e-01
455 5.672360e-01 9.440000e-04 4.318200e-01
456 5.671000e-01 8.880000e-04 4.320120e-01
457 5.669880e-01 8.360000e-04 4.321760e-01
458 5.667760e-01 8.960000e-04 4.323280e-01
459 5.666280e-01 8.800000e-04 4.324920e-01
460 5.664800e-01 8.960000e-04 4.326240e-01
461 5.663600e-01 8.280000e-04 4.328120e-01
462 5.661720e-01 8.480000e-04 4.329800e-01
463 5.660120e-01 8.680000e-04 4.331200e-01
464 5.659360e-01 8.000000e-04 4.332640e-01
465 5.658080e-01 8.360000e-04 4.333560e-01
466 5.657080e-01 7.800000e-04 4.335120e-01
467 5.655880e-01 7.600000e-04 4.336520e-01
468 5.655200e-01 7.040000e-04 4.337760e-01
469 5.653920e-01 7.000000e-04 4.339080e-01
470 5.652680e-01 7.440000e-04 4.339880e-01
471 5.651800e-01 7.120000e-04 4.341080e-01
472 5.650560e-01 7.120000e-04 4.342320e-01
473 5.649240e-01 7.200000e-04 4.343560e-01
474 5.647640e-01 8.040000e-04 4.344320e-01
475 5.646640e-01 7.400000e-04 4.345960e-01
476 5.645360e-01 7.480000e-04 4.347160e-01
477 5.644040e-01 7.560000e-04 4.348400e-01
478 5.642280e-01 8.000000e-04 4.349720e-01
479 5.641160e-01 7.920000e-04 4.350920e-01
480 5.639960e-01 8.120000e-04 4.351920e-01
481 5.638880e-01 8.040000e-04 4.353080e-01
482 5.637720e-01 8.040000e-04 4.354240e-01
483 5.636680e-01 8.120000e-04 4.355200e-01
484 5.635480e-01 8.040000e-04 4.356480e-01
485 5.634200e-01 7.560000e-04 4.358240e-01
486 5.632880e-01 7.760000e-04 4.359360e-01
487 5.632000e-01 7.560000e-04 4.360440e-01
488 5.630800e-01 7.640000e-04 4.361560e-01
489 5.630120e-01 6.880000e-04 4.363000e-01
490 5.629360e-01 6.400000e-04 4.364240e-01
491 5.628280e-01 6.520000e-04 4.365200e-01
492 5.627400e-01 6.280000e-04 4.366320e-01
493 5.626560e-01 6.040000e-04 4.367400e-01
494 5.625400e-01 6.120000e-04 4.368480e-01
495 5.624680e-01 5.840000e-04 4.369480e-01
496 5.623840e-01 5.680000e-04 4.370480e-01
497 5.623280e-01 5.320000e-04 4.371400e-01
498 5.622440e-01 5.440000e-04 4.372120e-01
499 5.622040e-01 4.840000e-04 4.373120e-01
500 5.621240e-01 4.880000e-04 4.373880e-01
