1 9.992240e-01 7.040000e-04 7.200000e-05
2 9.986760e-01 1.080000e-03 2.440000e-04
3 9.980400e-01 1.532000e-03 4.280000e-04
4 9.971600e-01 2.060000e-03 7.800000e-04
5 9.962280e-01 2.664000e-03 1.108000e-03
6 9.953560e-01 3.048000e-03 1.596000e-03
7 9.944760e-01 3.404000e-03 2.120000e-03
8 9.933600e-01 3.940000e-03 2.700000e-03
9 9.922080e-01 4.368000e-03 3.424000e-03
10 9.909640e-01 4.820000e-03 4.216000e-03
11 9.897560e-01 5.068000e-03 5.176000e-03
12 9.885560e-01 5.340000e-03 6.104000e-03
13 9.872560e-01 5.776000e-03 6.968000e-03
14 9.858880e-01 5.992000e-03 8.120000e-03
15 9.846680e-01 6.048000e-03 9.284000e-03
16 9.834040e-01 6.220000e-03 1.037600e-02
17 9.821480e-01 6.392000e-03 1.146000e-02
18 9.808160e-01 6.596000e-03 1.258800e-02
19 9.795880e-01 6.604000e-03 1.380800e-02
20 9.782960e-01 6.760000e-03 1.494400e-02
21 9.768960e-01 6.932000e-03 1.617200e-02
22 9.755320e-01 7.040000e-03 1.742800e-02
23 9.742040e-01 7.064000e-03 1.873200e-02
24 9.728000e-01 7.172000e-03 2.002800e-02
25 9.712880e-01 7.368000e-03 2.134400e-02
26 9.697800e-01 7.500000e-03 2.272000e-02
27 9.683200e-01 7.564000e-03 2.411600e-02
28 9.669280e-01 7.572000e-03 2.550000e-02
29 9.655200e-01 7.636000e-03 2.684400e-02
30 9.641000e-01 7.816000e-03 2.808400e-02
31 9.626120e-01 7.908000e-03 2.948000e-02
32 9.612560e-01 7.904000e-03 3.084000e-02
33 9.598640e-01 7.924000e-03 3.221200e-02
34 9.585520e-01 7.752000e-03 3.369600e-02
35 9.569760e-01 8.012000e-03 3.501200e-02
36 9.554960e-01 8.088000e-03 3.641600e-02
37 9.541560e-01 7.980000e-03 3.786400e-02
38 9.526680e-01 7.916000e-03 3.941600e-02
39 9.512960e-01 7.992000e-03 4.071200e-02
40 9.498920e-01 7.972000e-03 4.213600e-02
41 9.484640e-01 7.972000e-03 4.356400e-02
42 9.470040e-01 8.000000e-03 4.499600e-02
43 9.455760e-01 8.020000e-03 4.640400e-02
44 9.441480e-01 8.080000e-03 4.777200e-02
45 9.426240e-01 8.156000e-03 4.922000e-02
46 9.409760e-01 8.372000e-03 5.065200e-02
47 9.393880e-01 8.440000e-03 5.217200e-02
48 9.378440e-01 8.616000e-03 5.354000e-02
49 9.362560e-01 8.744000e-03 5.500000e-02
50 9.346760e-01 8.680000e-03 5.664400e-02
51 9.332600e-01 8.648000e-03 5.809200e-02
52 9.316640e-01 8.768000e-03 5.956800e-02
53 9.301080e-01 8.808000e-03 6.108400e-02
54 9.286080e-01 8.800000e-03 6.259200e-02
55 9.271240e-01 8.764000e-03 6.411200e-02
56 9.256080e-01 8.708000e-03 6.568400e-02
57 9.239720e-01 8.888000e-03 6.714000e-02
58 9.222760e-01 9.052000e-03 6.867200e-02
59 9.206520e-01 9.000000e-03 7.034800e-02
60 9.188360e-01 9.184000e-03 7.198000e-02
61 9.170880e-01 9.360000e-03 7.355200e-02
62 9.152240e-01 9.508000e-03 7.526800e-02
63 9.135000e-01 9.640000e-03 7.686000e-02
64 9.119040e-01 9.628000e-03 7.846800e-02
65 9.102480e-01 9.616000e-03 8.013600e-02
66 9.085560e-01 9.520000e-03 8.192400e-02
67 9.069200e-01 9.528000e-03 8.355200e-02
68 9.051240e-01 9.688000e-03 8.518800e-02
69 9.033840e-01 9.756000e-03 8.686000e-02
70 9.016960e-01 9.712000e-03 8.859200e-02
71 8.999200e-01 9.700000e-03 9.038000e-02
72 8.980280e-01 9.912000e-03 9.206000e-02
73 8.962520e-01 9.920000e-03 9.382800e-02
74 8.947080e-01 9.776000e-03 9.551600e-02
75 8.929760e-01 9.828000e-03 9.719600e-02
76 8.913560e-01 9.620000e-03 9.902400e-02
77 8.896880e-01 9.592000e-03 1.007200e-01
78 8.879040e-01 9.596000e-03 1.025000e-01
79 8.861760e-01 9.760000e-03 1.040640e-01
80 8.845280e-01 9.660000e-03 1.058120e-01
81 8.829040e-01 9.652000e-03 1.074440e-01
82 8.812240e-01 9.688000e-03 1.090880e-01
83 8.795280e-01 9.536000e-03 1.109360e-01
84 8.776880e-01 9.764000e-03 1.125480e-01
85 8.760600e-01 9.792000e-03 1.141480e-01
86 8.743880e-01 9.800000e-03 1.158120e-01
87 8.726320e-01 9.956000e-03 1.174120e-01
88 8.709400e-01 9.980000e-03 1.190800e-01
89 8.692400e-01 9.880000e-03 1.208800e-01
90 8.674280e-01 9.940000e-03 1.226320e-01
91 8.657880e-01 9.912000e-03 1.243000e-01
92 8.643040e-01 9.592000e-03 1.261040e-01
93 8.627400e-01 9.500000e-03 1.277600e-01
94 8.610720e-01 9.588000e-03 1.293400e-01
95 8.593400e-01 9.572000e-03 1.310880e-01
96 8.576080e-01 9.592000e-03 1.328000e-01
97 8.558840e-01 9.680000e-03 1.344360e-01
98 8.542440e-01 9.708000e-03 1.360480e-01
99 8.525240e-01 9.752000e-03 1.377240e-01
100 8.508480e-01 9.788000e-03 1.393640e-01
101 8.491080e-01 9.836000e-03 1.410560e-01
102 8.473520e-01 9.936000e-03 1.427120e-01
103 8.455680e-01 1.009200e-02 1.443400e-01
104 8.438640e-01 1.015200e-02 1.459840e-01
105 8.422280e-01 1.000800e-02 1.477640e-01
106 8.406760e-01 9.760000e-03 1.495640e-01
107 8.390200e-01 9.828000e-03 1.511520e-01
108 8.375360e-01 9.572000e-03 1.528920e-01
109 8.362000e-01 9.248000e-03 1.545520e-01
110 8.347080e-01 9.100000e-03 1.561920e-01
111 8.332520e-01 8.940000e-03 1.578080e-01
112 8.318520e-01 8.716000e-03 1.594320e-01
113 8.305520e-01 8.396000e-03 1.610520e-01
114 8.291040e-01 8.412000e-03 1.624840e-01
115 8.277120e-01 8.372000e-03 1.639160e-01
116 8.262480e-01 8.316000e-03 1.654360e-01
117 8.248680e-01 8.256000e-03 1.668760e-01
118 8.233320e-01 8.300000e-03 1.683680e-01
119 8.220240e-01 8.056000e-03 1.699200e-01
120 8.207000e-01 7.904000e-03 1.713960e-01
121 8.193040e-01 7.840000e-03 1.728560e-01
122 8.179000e-01 7.892000e-03 1.742080e-01
123 8.164080e-01 8.112000e-03 1.754800e-01
124 8.149360e-01 8.104000e-03 1.769600e-01
125 8.134600e-01 8.112000e-03 1.784280e-01
126 8.120000e-01 8.156000e-03 1.798440e-01
127 8.106480e-01 8.136000e-03 1.812160e-01
128 8.092080e-01 8.184000e-03 1.826080e-01
129 8.078120e-01 8.128000e-03 1.840600e-01
130 8.063840e-01 8.156000e-03 1.854600e-01
131 8.048680e-01 8.276000e-03 1.868560e-01
132 8.034080e-01 8.384000e-03 1.882080e-01
133 8.019000e-01 8.320000e-03 1.897800e-01
134 8.004920e-01 8.284000e-03 1.912240e-01
135 7.990760e-01 8.364000e-03 1.925600e-01
136 7.975400e-01 8.464000e-03 1.939960e-01
137 7.960680e-01 8.400000e-03 1.955320e-01
138 7.945800e-01 8.304000e-03 1.971160e-01
139 7.930000e-01 8.464000e-03 1.985360e-01
140 7.915720e-01 8.412000e-03 2.000160e-01
141 7.900000e-01 8.572000e-03 2.014280e-01
142 7.882920e-01 8.680000e-03 2.030280e-01
143 7.868040e-01 8.564000e-03 2.046320e-01
144 7.853880e-01 8.448000e-03 2.061640e-01
145 7.840320e-01 8.260000e-03 2.077080e-01
146 7.826400e-01 8.116000e-03 2.092440e-01
147 7.813960e-01 7.988000e-03 2.106160e-01
148 7.801360e-01 7.968000e-03 2.118960e-01
149 7.788360e-01 7.860000e-03 2.133040e-01
150 7.774040e-01 7.864000e-03 2.147320e-01
151 7.759080e-01 7.912000e-03 2.161800e-01
152 7.744560e-01 7.744000e-03 2.178000e-01
153 7.731520e-01 7.764000e-03 2.190840e-01
154 7.717200e-01 7.824000e-03 2.204560e-01
155 7.704160e-01 7.732000e-03 2.218520e-01
156 7.689240e-01 7.824000e-03 2.232520e-01
157 7.675920e-01 7.720000e-03 2.246880e-01
158 7.661280e-01 7.852000e-03 2.260200e-01
159 7.648600e-01 7.584000e-03 2.275560e-01
160 7.634600e-01 7.812000e-03 2.287280e-01
161 7.621200e-01 7.888000e-03 2.299920e-01
162 7.607040e-01 7.920000e-03 2.313760e-01
163 7.593960e-01 7.868000e-03 2.327360e-01
164 7.579680e-01 7.992000e-03 2.340400e-01
165 7.566320e-01 7.924000e-03 2.354440e-01
166 7.553680e-01 7.820000e-03 2.368120e-01
167 7.542240e-01 7.632000e-03 2.381440e-01
168 7.528560e-01 7.572000e-03 2.395720e-01
169 7.515200e-01 7.400000e-03 2.410800e-01
170 7.502480e-01 7.288000e-03 2.424640e-01
171 7.490040e-01 7.216000e-03 2.437800e-01
172 7.478160e-01 7.088000e-03 2.450960e-01
173 7.467040e-01 6.972000e-03 2.463240e-01
174 7.455280e-01 7.052000e-03 2.474200e-01
175 7.442440e-01 7.068000e-03 2.486880e-01
176 7.429720e-01 7.136000e-03 2.498920e-01
177 7.417360e-01 7.176000e-03 2.510880e-01
178 7.403520e-01 7.280000e-03 2.523680e-01
179 7.390480e-01 7.260000e-03 2.536920e-01
180 7.377240e-01 7.340000e-03 2.549360e-01
181 7.364560e-01 7.328000e-03 2.562160e-01
182 7.351360e-01 7.360000e-03 2.575040e-01
183 7.337400e-01 7.424000e-03 2.588360e-01
184 7.325120e-01 7.364000e-03 2.601240e-01
185 7.311840e-01 7.340000e-03 2.614760e-01
186 7.298560e-01 7.340000e-03 2.628040e-01
187 7.285320e-01 7.336000e-03 2.641320e-01
188 7.274200e-01 7.248000e-03 2.653320e-01
189 7.262960e-01 7.036000e-03 2.666680e-01
190 7.251840e-01 7.016000e-03 2.678000e-01
191 7.239280e-01 6.996000e-03 2.690760e-01
192 7.228480e-01 6.852000e-03 2.703000e-01
193 7.216960e-01 6.784000e-03 2.715200e-01
194 7.205720e-01 6.648000e-03 2.727800e-01
195 7.193480e-01 6.500000e-03 2.741520e-01
196 7.182200e-01 6.468000e-03 2.753120e-01
197 7.171400e-01 6.548000e-03 2.763120e-01
198 7.160320e-01 6.600000e-03 2.773680e-01
199 7.149280e-01 6.552000e-03 2.785200e-01
200 7.138320e-01 6.552000e-03 2.796160e-01
201 7.127800e-01 6.512000e-03 2.807080e-01
202 7.117640e-01 6.572000e-03 2.816640e-01
203 7.106920e-01 6.560000e-03 2.827480e-01
204 7.095320e-01 6.592000e-03 2.838760e-01
205 7.083000e-01 6.680000e-03 2.850200e-01
206 7.071640e-01 6.624000e-03 2.862120e-01
207 7.061000e-01 6.508000e-03 2.873920e-01
208 7.050040e-01 6.432000e-03 2.885640e-01
209 7.038920e-01 6.456000e-03 2.896520e-01
210 7.027840e-01 6.360000e-03 2.908560e-01
211 7.016000e-01 6.476000e-03 2.919240e-01
212 7.004920e-01 6.464000e-03 2.930440e-01
213 6.994120e-01 6.420000e-03 2.941680e-01
214 6.983680e-01 6.356000e-03 2.952760e-01
215 6.971640e-01 6.488000e-03 2.963480e-01
216 6.961200e-01 6.360000e-03 2.975200e-01
217 6.951200e-01 6.184000e-03 2.986960e-01
218 6.940880e-01 6.072000e-03 2.998400e-01
219 6.931240e-01 5.960000e-03 3.009160e-01
220 6.921600e-01 5.940000e-03 3.019000e-01
221 6.911440e-01 5.960000e-03 3.028960e-01
222 6.901320e-01 5.944000e-03 3.039240e-01
223 6.892400e-01 5.728000e-03 3.050320e-01
224 6.883520e-01 5.584000e-03 3.060640e-01
225 6.874880e-01 5.548000e-03 3.069640e-01
226 6.864840e-01 5.596000e-03 3.079200e-01
227 6.855480e-01 5.540000e-03 3.089120e-01
228 6.845800e-01 5.488000e-03 3.099320e-01
229 6.836400e-01 5.392000e-03 3.109680e-01
230 6.828280e-01 5.208000e-03 3.119640e-01
231 6.819560e-01 5.088000e-03 3.129560e-01
232 6.811000e-01 5.068000e-03 3.138320e-01
233 6.803840e-01 4.888000e-03 3.147280e-01
234 6.795160e-01 4.844000e-03 3.156400e-01
235 6.785880e-01 4.872000e-03 3.165400e-01
236 6.776320e-01 4.948000e-03 3.174200e-01
237 6.767800e-01 4.924000e-03 3.182960e-01
238 6.760360e-01 4.776000e-03 3.191880e-01
239 6.753440e-01 4.628000e-03 3.200280e-01
240 6.745520e-01 4.580000e-03 3.208680e-01
241 6.739000e-01 4.532000e-03 3.215680e-01
242 6.731880e-01 4.476000e-03 3.223360e-01
243 6.724960e-01 4.344000e-03 3.231600e-01
244 6.718280e-01 4.216000e-03 3.239560e-01
245 6.710720e-01 4.240000e-03 3.246880e-01
246 6.703920e-01 4.160000e-03 3.254480e-01
247 6.696640e-01 4.132000e-03 3.262040e-01
248 6.689480e-01 4.120000e-03 3.269320e-01
249 6.682840e-01 4.092000e-03 3.276240e-01
250 6.675840e-01 4.124000e-03 3.282920e-01
251 6.669280e-01 4.072000e-03 3.290000e-01
252 6.662680e-01 3.916000e-03 3.298160e-01
253 6.655040e-01 4.044000e-03 3.304520e-01
254 6.648120e-01 4.136000e-03 3.310520e-01
255 6.641320e-01 4.024000e-03 3.318440e-01
256 6.635120e-01 3.844000e-03 3.326440e-01
257 6.628400e-01 3.780000e-03 3.333800e-01
258 6.620600e-01 3.836000e-03 3.341040e-01
259 6.614360e-01 3.856000e-03 3.347080e-01
260 6.606520e-01 4.000000e-03 3.353480e-01
261 6.598600e-01 3.980000e-03 3.361600e-01
262 6.591360e-01 3.980000e-03 3.368840e-01
263 6.584360e-01 3.932000e-03 3.376320e-01
264 6.577280e-01 3.916000e-03 3.383560e-01
265 6.570480e-01 3.908000e-03 3.390440e-01
266 6.563040e-01 3.940000e-03 3.397560e-01
267 6.556000e-01 4.040000e-03 3.403600e-01
268 6.548480e-01 4.112000e-03 3.410400e-01
269 6.542000e-01 4.012000e-03 3.417880e-01
270 6.535160e-01 4.032000e-03 3.424520e-01
271 6.529200e-01 3.876000e-03 3.432040e-01
272 6.521840e-01 3.908000e-03 3.439080e-01
273 6.514920e-01 3.888000e-03 3.446200e-01
274 6.508200e-01 3.860000e-03 3.453200e-01
275 6.502080e-01 3.784000e-03 3.460080e-01
276 6.495960e-01 3.752000e-03 3.466520e-01
277 6.490240e-01 3.712000e-03 3.472640e-01
278 6.482440e-01 3.876000e-03 3.478800e-01
279 6.475040e-01 3.920000e-03 3.485760e-01
280 6.468320e-01 3.900000e-03 3.492680e-01
281 6.461880e-01 3.784000e-03 3.500280e-01
282 6.455680e-01 3.716000e-03 3.507160e-01
283 6.449360e-01 3.784000e-03 3.512800e-01
284 6.444480e-01 3.592000e-03 3.519600e-01
285 6.439680e-01 3.448000e-03 3.525840e-01
286 6.434840e-01 3.380000e-03 3.531360e-01
287 6.428600e-01 3.468000e-03 3.536720e-01
288 6.423480e-01 3.368000e-03 3.542840e-01
289 6.418800e-01 3.236000e-03 3.548840e-01
290 6.413200e-01 3.216000e-03 3.554640e-01
291 6.408240e-01 3.152000e-03 3.560240e-01
292 6.402880e-01 3.104000e-03 3.566080e-01
293 6.398120e-01 3.120000e-03 3.570680e-01
294 6.393400e-01 3.020000e-03 3.576400e-01
295 6.389120e-01 2.928000e-03 3.581600e-01
296 6.384200e-01 2.836000e-03 3.587440e-01
297 6.380200e-01 2.784000e-03 3.591960e-01
298 6.375600e-01 2.688000e-03 3.597520e-01
299 6.370640e-01 2.712000e-03 3.602240e-01
300 6.365880e-01 2.628000e-03 3.607840e-01
301 6.360480e-01 2.804000e-03 3.611480e-01
302 6.355640e-01 2.852000e-03 3.615840e-01
303 6.350720e-01 2.848000e-03 3.620800e-01
304 6.345720e-01 2.860000e-03 3.625680e-01
305 6.340600e-01 2.908000e-03 3.630320e-01
306 6.335960e-01 2.892000e-03 3.635120e-01
307 6.331320e-01 2.868000e-03 3.640000e-01
308 6.326200e-01 2.900000e-03 3.644800e-01
309 6.321440e-01 2.840000e-03 3.650160e-01
310 6.317200e-01 2.760000e-03 3.655200e-01
311 6.313400e-01 2.732000e-03 3.659280e-01
312 6.308760e-01 2.736000e-03 3.663880e-01
313 6.304360e-01 2.636000e-03 3.669280e-01
314 6.299680e-01 2.648000e-03 3.673840e-01
315 6.295640e-01 2.644000e-03 3.677920e-01
316 6.292160e-01 2.520000e-03 3.682640e-01
317 6.288720e-01 2.488000e-03 3.686400e-01
318 6.285120e-01 2.384000e-03 3.691040e-01
319 6.282000e-01 2.288000e-03 3.695120e-01
320 6.277680e-01 2.328000e-03 3.699040e-01
321 6.273360e-01 2.408000e-03 3.702560e-01
322 6.268360e-01 2.444000e-03 3.707200e-01
323 6.264560e-01 2.372000e-03 3.711720e-01
324 6.260560e-01 2.336000e-03 3.716080e-01
325 6.257120e-01 2.308000e-03 3.719800e-01
326 6.253600e-01 2.336000e-03 3.723040e-01
327 6.249960e-01 2.260000e-03 3.727440e-01
328 6.246280e-01 2.216000e-03 3.731560e-01
329 6.242320e-01 2.204000e-03 3.735640e-01
330 6.237840e-01 2.296000e-03 3.739200e-01
331 6.233320e-01 2.396000e-03 3.742720e-01
332 6.228960e-01 2.448000e-03 3.746560e-01
333 6.225000e-01 2.504000e-03 3.749960e-01
334 6.220960e-01 2.484000e-03 3.754200e-01
335 6.217000e-01 2.500000e-03 3.758000e-01
336 6.213280e-01 2.496000e-03 3.761760e-01
337 6.209000e-01 2.520000e-03 3.765800e-01
338 6.205080e-01 2.524000e-03 3.769680e-01
339 6.201280e-01 2.488000e-03 3.773840e-01
340 6.197320e-01 2.340000e-03 3.779280e-01
341 6.193880e-01 2.336000e-03 3.782760e-01
342 6.189640e-01 2.388000e-03 3.786480e-01
343 6.185960e-01 2.340000e-03 3.790640e-01
344 6.182400e-01 2.224000e-03 3.795360e-01
345 6.178240e-01 2.284000e-03 3.798920e-01
346 6.175000e-01 2.160000e-03 3.803400e-01
347 6.171680e-01 2.100000e-03 3.807320e-01
348 6.168360e-01 2.024000e-03 3.811400e-01
349 6.165320e-01 1.928000e-03 3.815400e-01
350 6.162600e-01 1.836000e-03 3.819040e-01
351 6.159920e-01 1.848000e-03 3.821600e-01
352 6.157040e-01 1.816000e-03 3.824800e-01
353 6.153800e-01 1.804000e-03 3.828160e-01
354 6.150120e-01 1.880000e-03 3.831080e-01
355 6.147280e-01 1.832000e-03 3.834400e-01
356 6.144600e-01 1.804000e-03 3.837360e-01
357 6.141240e-01 1.828000e-03 3.840480e-01
358 6.137680e-01 1.880000e-03 3.843520e-01
359 6.134040e-01 1.884000e-03 3.847120e-01
360 6.131080e-01 1.768000e-03 3.851240e-01
361 6.127280e-01 1.832000e-03 3.854400e-01
362 6.124040e-01 1.840000e-03 3.857560e-01
363 6.120640e-01 1.868000e-03 3.860680e-01
364 6.117800e-01 1.832000e-03 3.863880e-01
365 6.114280e-01 1.852000e-03 3.867200e-01
366 6.111080e-01 1.884000e-03 3.870080e-01
367 6.107680e-01 1.828000e-03 3.874040e-01
368 6.104760e-01 1.844000e-03 3.876800e-01
369 6.102400e-01 1.768000e-03 3.879920e-01
370 6.100040e-01 1.772000e-03 3.882240e-01
371 6.097320e-01 1.756000e-03 3.885120e-01
372 6.094240e-01 1.684000e-03 3.888920e-01
373 6.091560e-01 1.644000e-03 3.892000e-01
374 6.088920e-01 1.632000e-03 3.894760e-01
375 6.086120e-01 1.640000e-03 3.897480e-01
376 6.083520e-01 1.640000e-03 3.900080e-01
377 6.080240e-01 1.704000e-03 3.902720e-01
378 6.076920e-01 1.744000e-03 3.905640e-01
379 6.073800e-01 1.720000e-03 3.909000e-01
380 6.070240e-01 1.676000e-03 3.913000e-01
381 6.067800e-01 1.596000e-03 3.916240e-01
382 6.064240e-01 1.644000e-03 3.919320e-01
383 6.060480e-01 1.712000e-03 3.922400e-01
384 6.057320e-01 1.696000e-03 3.925720e-01
385 6.054040e-01 1.768000e-03 3.928280e-01
386 6.051600e-01 1.700000e-03 3.931400e-01
387 6.048000e-01 1.680000e-03 3.935200e-01
388 6.045080e-01 1.708000e-03 3.937840e-01
389 6.041880e-01 1.760000e-03 3.940520e-01
390 6.038880e-01 1.760000e-03 3.943520e-01
391 6.036480e-01 1.716000e-03 3.946360e-01
392 6.034160e-01 1.688000e-03 3.948960e-01
393 6.031760e-01 1.640000e-03 3.951840e-01
394 6.029240e-01 1.572000e-03 3.955040e-01
395 6.027160e-01 1.512000e-03 3.957720e-01
396 6.025040e-01 1.476000e-03 3.960200e-01
397 6.022160e-01 1.480000e-03 3.963040e-01
398 6.019480e-01 1.480000e-03 3.965720e-01
399 6.017560e-01 1.364000e-03 3.968800e-01
400 6.015560e-01 1.372000e-03 3.970720e-01
401 6.013640e-01 1.376000e-03 3.972600e-01
402 6.011360e-01 1.376000e-03 3.974880e-01
403 6.008400e-01 1.424000e-03 3.977360e-01
404 6.006360e-01 1.388000e-03 3.979760e-01
405 6.003320e-01 1.440000e-03 3.982280e-01
406 6.001080e-01 1.420000e-03 3.984720e-01
407 5.998960e-01 1.356000e-03 3.987480e-01
408 5.996760e-01 1.356000e-03 3.989680e-01
409 5.994000e-01 1.344000e-03 3.992560e-01
410 5.991600e-01 1.380000e-03 3.994600e-01
411 5.988760e-01 1.456000e-03 3.996680e-01
412 5.986640e-01 1.408000e-03 3.999280e-01
413 5.984280e-01 1.432000e-03 4.001400e-01
414 5.982000e-01 1.388000e-03 4.004120e-01
415 5.979280e-01 1.448000e-03 4.006240e-01
416 5.977040e-01 1.408000e-03 4.008880e-01
417 5.974640e-01 1.364000e-03 4.011720e-01
418 5.972640e-01 1.344000e-03 4.013920e-01
419 5.970360e-01 1.332000e-03 4.016320e-01
420 5.967720e-01 1.336000e-03 4.018920e-01
421 5.965840e-01 1.312000e-03 4.021040e-01
422 5.963440e-01 1.376000e-03 4.022800e-01
423 5.961560e-01 1.372000e-03 4.024720e-01
424 5.960080e-01 1.276000e-03 4.027160e-01
425 5.958680e-01 1.144000e-03 4.029880e-01
426 5.956960e-01 1.112000e-03 4.031920e-01
427 5.955440e-01 1.076000e-03 4.033800e-01
428 5.953240e-01 1.136000e-03 4.035400e-01
429 5.951400e-01 1.140000e-03 4.037200e-01
430 5.949840e-01 1.112000e-03 4.039040e-01
431 5.948400e-01 1.060000e-03 4.041000e-01
432 5.947200e-01 9.840000e-04 4.042960e-01
433 5.946040e-01 9.280000e-04 4.044680e-01
434 5.944160e-01 9.560000e-04 4.046280e-01
435 5.942800e-01 9.400000e-04 4.047800e-01
436 5.941400e-01 9.120000e-04 4.049480e-01
437 5.940160e-01 8.880000e-04 4.050960e-01
438 5.938520e-01 8.800000e-04 4.052680e-01
439 5.937040e-01 8.840000e-04 4.054120e-01
440 5.935400e-01 8.880000e-04 4.055720e-01
441 5.934000e-01 8.400000e-04 4.057600e-01
442 5.932920e-01 7.920000e-04 4.059160e-01
443 5.931640e-01 7.960000e-04 4.060400e-01
444 5.930440e-01 7.880000e-04 4.061680e-01
445 5.928760e-01 8.160000e-04 4.063080e-01
446 5.926880e-01 8.480000e-04 4.064640e-01
447 5.925200e-01 8.600000e-04 4.066200e-01
448 5.924000e-01 8.360000e-04 4.067640e-01
449 5.922960e-01 8.520000e-04 4.068520e-01
450 5.921400e-01 8.520000e-04 4.070080e-01
451 5.920440e-01 8.360000e-04 4.071200e-01
452 5.919160e-01 8.600000e-04 4.072240e-01
453 5.917880e-01 8.520000e-04 4.073600e-01
454 5.916560e-01 8.280000e-04 4.075160e-01
455 5.915400e-01 8.240000e-04 4.076360e-01
456 5.914200e-01 7.960000e-04 4.077840e-01
457 5.912920e-01 7.560000e-04 4.079520e-01
458 5.911640e-01 7.360000e-04 4.081000e-01
459 5.910840e-01 6.920000e-04 4.082240e-01
460 5.910160e-01 5.920000e-04 4.083920e-01
461 5.909480e-01 5.640000e-04 4.084880e-01
462 5.909200e-01 4.920000e-04 4.085880e-01
463 5.908440e-01 4.840000e-04 4.086720e-01
464 5.907880e-01 4.760000e-04 4.087360e-01
465 5.907400e-01 4.440000e-04 4.088160e-01
466 5.906840e-01 4.080000e-04 4.089080e-01
467 5.906000e-01 4.360000e-04 4.089640e-01
468 5.905640e-01 4.000000e-04 4.090360e-01
469 5.904960e-01 3.760000e-04 4.091280e-01
470 5.904400e-01 3.560000e-04 4.092040e-01
471 5.903760e-01 3.640000e-04 4.092600e-01
472 5.903120e-01 3.840000e-04 4.093040e-01
473 5.902720e-01 3.680000e-04 4.093600e-01
474 5.901960e-01 3.800000e-04 4.094240e-01
475 5.901360e-01 3.720000e-04 4.094920e-01
476 5.900520e-01 3.880000e-04 4.095600e-01
477 5.899560e-01 4.160000e-04 4.096280e-01
478 5.898640e-01 4.360000e-04 4.097000e-01
479 5.897920e-01 4.120000e-04 4.097960e-01
480 5.897200e-01 3.800000e-04 4.099000e-01
481 5.896200e-01 4.360000e-04 4.099440e-01
482 5.895400e-01 4.240000e-04 4.100360e-01
483 5.894760e-01 4.040000e-04 4.101200e-01
484 5.893800e-01 4.320000e-04 4.101880e-01
485 5.893080e-01 4.200000e-04 4.102720e-01
486 5.892120e-01 4.440000e-04 4.103440e-01
487 5.891080e-01 4.560000e-04 4.104360e-01
488 5.890400e-01 4.520000e-04 4.105080e-01
489 5.889920e-01 4.200000e-04 4.105880e-01
490 5.889360e-01 4.160000e-04 4.106480e-01
491 5.888360e-01 4.640000e-04 4.107000e-01
492 5.887760e-01 4.880000e-04 4.107360e-01
493 5.886840e-01 4.960000e-04 4.108200e-01
494 5.886160e-01 4.800000e-04 4.109040e-01
495 5.885560e-01 4.600000e-04 4.109840e-01
496 5.884880e-01 4.440000e-04 4.110680e-01
497 5.884600e-01 4.200000e-04 4.111200e-01
498 5.883760e-01 4.400000e-04 4.111840e-01
499 5.883480e-01 4.000000e-04 4.112520e-01
500 5.882960e-01 3.760000e-04 4.113280e-01
