1 9.991800e-01 7.280000e-04 9.200000e-05
2 9.986120e-01 1.108000e-03 2.800000e-04
3 9.979760e-01 1.520000e-03 5.040000e-04
4 9.973320e-01 1.896000e-03 7.720000e-04
5 9.965040e-01 2.376000e-03 1.120000e-03
6 9.956760e-01 2.788000e-03 1.536000e-03
7 9.947440e-01 3.264000e-03 1.992000e-03
8 9.938000e-01 3.524000e-03 2.676000e-03
9 9.927760e-01 3.948000e-03 3.276000e-03
10 9.916360e-01 4.364000e-03 4.000000e-03
11 9.905640e-01 4.632000e-03 4.804000e-03
12 9.893200e-01 5.000000e-03 5.680000e-03
13 9.882960e-01 5.208000e-03 6.496000e-03
14 9.871880e-01 5.428000e-03 7.384000e-03
15 9.861240e-01 5.488000e-03 8.388000e-03
16 9.850640e-01 5.600000e-03 9.336000e-03
17 9.838520e-01 5.808000e-03 1.034000e-02
18 9.825880e-01 6.032000e-03 1.138000e-02
19 9.813120e-01 6.272000e-03 1.241600e-02
20 9.799120e-01 6.616000e-03 1.347200e-02
21 9.785280e-01 6.840000e-03 1.463200e-02
22 9.770440e-01 7.084000e-03 1.587200e-02
23 9.755400e-01 7.244000e-03 1.721600e-02
24 9.741640e-01 7.396000e-03 1.844000e-02
25 9.727280e-01 7.656000e-03 1.961600e-02
26 9.713400e-01 7.656000e-03 2.100400e-02
27 9.699360e-01 7.740000e-03 2.232400e-02
28 9.686040e-01 7.772000e-03 2.362400e-02
29 9.672240e-01 7.804000e-03 2.497200e-02
30 9.657720e-01 7.940000e-03 2.628800e-02
31 9.642520e-01 8.012000e-03 2.773600e-02
32 9.628320e-01 8.052000e-03 2.911600e-02
33 9.614400e-01 8.072000e-03 3.048800e-02
34 9.597520e-01 8.400000e-03 3.184800e-02
35 9.580920e-01 8.604000e-03 3.330400e-02
36 9.564200e-01 8.640000e-03 3.494000e-02
37 9.548080e-01 8.744000e-03 3.644800e-02
38 9.532560e-01 8.756000e-03 3.798800e-02
39 9.516520e-01 8.848000e-03 3.950000e-02
40 9.501000e-01 8.728000e-03 4.117200e-02
41 9.484000e-01 8.816000e-03 4.278400e-02
42 9.466920e-01 9.024000e-03 4.428400e-02
43 9.450160e-01 9.236000e-03 4.574800e-02
44 9.433200e-01 9.308000e-03 4.737200e-02
45 9.416440e-01 9.452000e-03 4.890400e-02
46 9.400200e-01 9.584000e-03 5.039600e-02
47 9.382800e-01 9.732000e-03 5.198800e-02
48 9.364760e-01 9.932000e-03 5.359200e-02
49 9.348160e-01 9.848000e-03 5.533600e-02
50 9.328920e-01 1.006400e-02 5.704400e-02
51 9.311120e-01 1.023600e-02 5.865200e-02
52 9.294040e-01 1.008000e-02 6.051600e-02
53 9.275320e-01 1.012000e-02 6.234800e-02
54 9.256720e-01 1.033200e-02 6.399600e-02
55 9.238000e-01 1.032800e-02 6.587200e-02
56 9.218040e-01 1.058000e-02 6.761600e-02
57 9.199800e-01 1.067600e-02 6.934400e-02
58 9.179600e-01 1.080800e-02 7.123200e-02
59 9.160520e-01 1.083200e-02 7.311600e-02
60 9.141000e-01 1.084800e-02 7.505200e-02
61 9.120280e-01 1.081600e-02 7.715600e-02
62 9.102880e-01 1.072400e-02 7.898800e-02
63 9.084080e-01 1.066400e-02 8.092800e-02
64 9.065240e-01 1.069600e-02 8.278000e-02
65 9.045120e-01 1.078400e-02 8.470400e-02
66 9.026000e-01 1.084800e-02 8.655200e-02
67 9.007040e-01 1.086800e-02 8.842800e-02
68 8.987920e-01 1.102000e-02 9.018800e-02
69 8.969920e-01 1.078000e-02 9.222800e-02
70 8.950400e-01 1.086800e-02 9.409200e-02
71 8.932560e-01 1.070000e-02 9.604400e-02
72 8.914520e-01 1.073200e-02 9.781600e-02
73 8.898000e-01 1.058000e-02 9.962000e-02
74 8.880880e-01 1.042400e-02 1.014880e-01
75 8.863200e-01 1.038400e-02 1.032960e-01
76 8.846400e-01 1.021200e-02 1.051480e-01
77 8.828880e-01 1.028400e-02 1.068280e-01
78 8.810960e-01 1.042800e-02 1.084760e-01
79 8.793680e-01 1.049600e-02 1.101360e-01
80 8.773320e-01 1.084000e-02 1.118280e-01
81 8.755440e-01 1.082400e-02 1.136320e-01
82 8.737440e-01 1.062400e-02 1.156320e-01
83 8.717800e-01 1.071200e-02 1.175080e-01
84 8.698240e-01 1.086000e-02 1.193160e-01
85 8.680160e-01 1.089600e-02 1.210880e-01
86 8.661440e-01 1.068800e-02 1.231680e-01
87 8.644160e-01 1.050000e-02 1.250840e-01
88 8.628240e-01 1.035600e-02 1.268200e-01
89 8.612240e-01 1.015600e-02 1.286200e-01
90 8.595680e-01 9.964000e-03 1.304680e-01
91 8.579920e-01 9.740000e-03 1.322680e-01
92 8.563080e-01 9.848000e-03 1.338440e-01
93 8.547480e-01 9.660000e-03 1.355920e-01
94 8.532120e-01 9.372000e-03 1.374160e-01
95 8.517920e-01 9.240000e-03 1.389680e-01
96 8.502120e-01 9.096000e-03 1.406920e-01
97 8.487200e-01 8.952000e-03 1.423280e-01
98 8.471800e-01 8.916000e-03 1.439040e-01
99 8.458400e-01 8.624000e-03 1.455360e-01
100 8.442680e-01 8.672000e-03 1.470600e-01
101 8.425600e-01 8.880000e-03 1.485600e-01
102 8.408720e-01 8.896000e-03 1.502320e-01
103 8.392200e-01 8.936000e-03 1.518440e-01
104 8.374760e-01 9.088000e-03 1.534360e-01
105 8.357200e-01 9.280000e-03 1.550000e-01
106 8.341360e-01 9.264000e-03 1.566000e-01
107 8.325280e-01 9.148000e-03 1.583240e-01
108 8.309360e-01 9.028000e-03 1.600360e-01
109 8.295480e-01 8.872000e-03 1.615800e-01
110 8.280600e-01 8.792000e-03 1.631480e-01
111 8.268000e-01 8.532000e-03 1.646680e-01
112 8.254320e-01 8.404000e-03 1.661640e-01
113 8.242000e-01 8.104000e-03 1.676960e-01
114 8.229320e-01 7.908000e-03 1.691600e-01
115 8.215520e-01 7.852000e-03 1.705960e-01
116 8.202160e-01 7.724000e-03 1.720600e-01
117 8.188480e-01 7.620000e-03 1.735320e-01
118 8.173800e-01 7.724000e-03 1.748960e-01
119 8.158920e-01 7.872000e-03 1.762360e-01
120 8.143600e-01 7.932000e-03 1.777080e-01
121 8.129560e-01 7.940000e-03 1.791040e-01
122 8.115440e-01 7.892000e-03 1.805640e-01
123 8.102000e-01 7.936000e-03 1.818640e-01
124 8.087880e-01 7.976000e-03 1.832360e-01
125 8.074920e-01 7.888000e-03 1.846200e-01
126 8.061360e-01 7.844000e-03 1.860200e-01
127 8.047280e-01 7.752000e-03 1.875200e-01
128 8.032680e-01 7.912000e-03 1.888200e-01
129 8.018480e-01 8.016000e-03 1.901360e-01
130 8.004440e-01 7.940000e-03 1.916160e-01
131 7.988920e-01 8.128000e-03 1.929800e-01
132 7.971640e-01 8.340000e-03 1.944960e-01
133 7.955720e-01 8.496000e-03 1.959320e-01
134 7.941720e-01 8.388000e-03 1.974400e-01
135 7.927640e-01 8.224000e-03 1.990120e-01
136 7.913080e-01 8.140000e-03 2.005520e-01
137 7.899280e-01 8.104000e-03 2.019680e-01
138 7.885560e-01 8.064000e-03 2.033800e-01
139 7.872280e-01 7.804000e-03 2.049680e-01
140 7.858200e-01 7.884000e-03 2.062960e-01
141 7.843520e-01 8.032000e-03 2.076160e-01
142 7.829760e-01 7.968000e-03 2.090560e-01
143 7.816080e-01 7.928000e-03 2.104640e-01
144 7.803840e-01 7.796000e-03 2.118200e-01
145 7.790720e-01 7.772000e-03 2.131560e-01
146 7.777640e-01 7.756000e-03 2.144800e-01
147 7.765160e-01 7.592000e-03 2.158920e-01
148 7.754160e-01 7.328000e-03 2.172560e-01
149 7.741720e-01 7.252000e-03 2.185760e-01
150 7.729160e-01 7.240000e-03 2.198440e-01
151 7.718000e-01 7.120000e-03 2.210800e-01
152 7.706760e-01 7.000000e-03 2.223240e-01
153 7.695000e-01 6.920000e-03 2.235800e-01
154 7.683240e-01 6.876000e-03 2.248000e-01
155 7.671000e-01 6.812000e-03 2.260880e-01
156 7.657800e-01 6.976000e-03 2.272440e-01
157 7.645200e-01 6.972000e-03 2.285080e-01
158 7.632800e-01 6.884000e-03 2.298360e-01
159 7.620600e-01 6.868000e-03 2.310720e-01
160 7.609280e-01 6.792000e-03 2.322800e-01
161 7.599040e-01 6.552000e-03 2.335440e-01
162 7.588640e-01 6.468000e-03 2.346680e-01
163 7.577960e-01 6.452000e-03 2.357520e-01
164 7.567480e-01 6.296000e-03 2.369560e-01
165 7.558360e-01 6.160000e-03 2.380040e-01
166 7.549040e-01 6.108000e-03 2.389880e-01
167 7.539520e-01 5.968000e-03 2.400800e-01
168 7.530960e-01 5.804000e-03 2.411000e-01
169 7.521760e-01 5.744000e-03 2.420800e-01
170 7.511320e-01 5.816000e-03 2.430520e-01
171 7.501480e-01 5.780000e-03 2.440720e-01
172 7.492560e-01 5.652000e-03 2.450920e-01
173 7.483320e-01 5.500000e-03 2.461680e-01
174 7.474160e-01 5.544000e-03 2.470400e-01
175 7.464600e-01 5.664000e-03 2.478760e-01
176 7.454600e-01 5.760000e-03 2.487800e-01
177 7.443200e-01 5.972000e-03 2.497080e-01
178 7.432800e-01 6.048000e-03 2.506720e-01
179 7.422720e-01 6.040000e-03 2.516880e-01
180 7.412320e-01 6.060000e-03 2.527080e-01
181 7.402840e-01 6.088000e-03 2.536280e-01
182 7.393760e-01 5.928000e-03 2.546960e-01
183 7.384240e-01 5.928000e-03 2.556480e-01
184 7.373320e-01 6.036000e-03 2.566320e-01
185 7.363800e-01 5.852000e-03 2.577680e-01
186 7.354240e-01 5.764000e-03 2.588120e-01
187 7.343920e-01 5.840000e-03 2.597680e-01
188 7.333560e-01 5.844000e-03 2.608000e-01
189 7.323680e-01 5.860000e-03 2.617720e-01
190 7.312920e-01 5.848000e-03 2.628600e-01
191 7.303040e-01 5.816000e-03 2.638800e-01
192 7.292200e-01 5.872000e-03 2.649080e-01
193 7.282280e-01 5.848000e-03 2.659240e-01
194 7.272000e-01 5.800000e-03 2.670000e-01
195 7.262560e-01 5.764000e-03 2.679800e-01
196 7.251520e-01 5.824000e-03 2.690240e-01
197 7.241240e-01 5.856000e-03 2.700200e-01
198 7.232120e-01 5.724000e-03 2.710640e-01
199 7.223240e-01 5.440000e-03 2.722360e-01
200 7.214000e-01 5.476000e-03 2.731240e-01
201 7.205840e-01 5.380000e-03 2.740360e-01
202 7.197080e-01 5.228000e-03 2.750640e-01
203 7.188680e-01 5.176000e-03 2.759560e-01
204 7.180640e-01 5.068000e-03 2.768680e-01
205 7.171720e-01 5.024000e-03 2.778040e-01
206 7.163440e-01 4.896000e-03 2.787600e-01
207 7.156320e-01 4.836000e-03 2.795320e-01
208 7.147920e-01 4.884000e-03 2.803240e-01
209 7.139840e-01 4.840000e-03 2.811760e-01
210 7.130920e-01 4.928000e-03 2.819800e-01
211 7.121800e-01 4.928000e-03 2.828920e-01
212 7.113520e-01 4.948000e-03 2.837000e-01
213 7.105160e-01 4.924000e-03 2.845600e-01
214 7.097520e-01 4.856000e-03 2.853920e-01
215 7.089960e-01 4.772000e-03 2.862320e-01
216 7.081320e-01 4.776000e-03 2.870920e-01
217 7.072760e-01 4.744000e-03 2.879800e-01
218 7.065080e-01 4.604000e-03 2.888880e-01
219 7.057320e-01 4.512000e-03 2.897560e-01
220 7.049640e-01 4.512000e-03 2.905240e-01
221 7.041240e-01 4.604000e-03 2.912720e-01
222 7.033120e-01 4.644000e-03 2.920440e-01
223 7.024760e-01 4.708000e-03 2.928160e-01
224 7.016280e-01 4.600000e-03 2.937720e-01
225 7.008520e-01 4.664000e-03 2.944840e-01
226 6.999640e-01 4.640000e-03 2.953960e-01
227 6.991120e-01 4.780000e-03 2.961080e-01
228 6.983720e-01 4.732000e-03 2.968960e-01
229 6.973840e-01 4.952000e-03 2.976640e-01
230 6.964920e-01 4.980000e-03 2.985280e-01
231 6.956600e-01 5.000000e-03 2.993400e-01
232 6.946840e-01 5.132000e-03 3.001840e-01
233 6.937800e-01 5.260000e-03 3.009600e-01
234 6.928720e-01 5.268000e-03 3.018600e-01
235 6.919240e-01 5.260000e-03 3.028160e-01
236 6.910200e-01 5.196000e-03 3.037840e-01
237 6.901720e-01 5.188000e-03 3.046400e-01
238 6.893440e-01 5.124000e-03 3.055320e-01
239 6.884800e-01 5.128000e-03 3.063920e-01
240 6.875560e-01 5.236000e-03 3.072080e-01
241 6.866360e-01 5.228000e-03 3.081360e-01
242 6.856120e-01 5.400000e-03 3.089880e-01
243 6.845640e-01 5.544000e-03 3.098920e-01
244 6.836800e-01 5.508000e-03 3.108120e-01
245 6.828600e-01 5.296000e-03 3.118440e-01
246 6.820240e-01 5.196000e-03 3.127800e-01
247 6.811840e-01 5.088000e-03 3.137280e-01
248 6.802880e-01 5.128000e-03 3.145840e-01
249 6.794640e-01 4.992000e-03 3.155440e-01
250 6.785520e-01 4.960000e-03 3.164880e-01
251 6.777240e-01 4.952000e-03 3.173240e-01
252 6.768120e-01 5.048000e-03 3.181400e-01
253 6.758880e-01 5.076000e-03 3.190360e-01
254 6.749680e-01 5.076000e-03 3.199560e-01
255 6.740960e-01 5.048000e-03 3.208560e-01
256 6.732880e-01 5.120000e-03 3.215920e-01
257 6.724760e-01 5.056000e-03 3.224680e-01
258 6.717800e-01 4.916000e-03 3.233040e-01
259 6.710160e-01 4.892000e-03 3.240920e-01
260 6.702600e-01 4.764000e-03 3.249760e-01
261 6.695160e-01 4.724000e-03 3.257600e-01
262 6.687200e-01 4.756000e-03 3.265240e-01
263 6.678680e-01 4.816000e-03 3.273160e-01
264 6.670320e-01 4.724000e-03 3.282440e-01
265 6.661760e-01 4.692000e-03 3.291320e-01
266 6.653680e-01 4.704000e-03 3.299280e-01
267 6.645560e-01 4.748000e-03 3.306960e-01
268 6.637960e-01 4.644000e-03 3.315600e-01
269 6.630040e-01 4.620000e-03 3.323760e-01
270 6.622600e-01 4.548000e-03 3.331920e-01
271 6.615120e-01 4.464000e-03 3.340240e-01
272 6.608400e-01 4.360000e-03 3.348000e-01
273 6.600440e-01 4.448000e-03 3.355080e-01
274 6.593360e-01 4.408000e-03 3.362560e-01
275 6.586600e-01 4.272000e-03 3.370680e-01
276 6.580240e-01 4.204000e-03 3.377720e-01
277 6.574440e-01 4.100000e-03 3.384560e-01
278 6.568040e-01 4.080000e-03 3.391160e-01
279 6.561960e-01 3.996000e-03 3.398080e-01
280 6.554880e-01 3.944000e-03 3.405680e-01
281 6.548920e-01 3.888000e-03 3.412200e-01
282 6.540480e-01 4.036000e-03 3.419160e-01
283 6.533280e-01 3.964000e-03 3.427080e-01
284 6.526000e-01 4.004000e-03 3.433960e-01
285 6.518800e-01 4.128000e-03 3.439920e-01
286 6.511880e-01 4.172000e-03 3.446400e-01
287 6.505040e-01 4.132000e-03 3.453640e-01
288 6.497520e-01 4.068000e-03 3.461800e-01
289 6.491240e-01 4.040000e-03 3.468360e-01
290 6.485440e-01 3.928000e-03 3.475280e-01
291 6.477880e-01 3.920000e-03 3.482920e-01
292 6.471280e-01 3.852000e-03 3.490200e-01
293 6.465360e-01 3.744000e-03 3.497200e-01
294 6.459400e-01 3.680000e-03 3.503800e-01
295 6.453120e-01 3.648000e-03 3.510400e-01
296 6.447400e-01 3.620000e-03 3.516400e-01
297 6.440880e-01 3.668000e-03 3.522440e-01
298 6.434400e-01 3.648000e-03 3.529120e-01
299 6.428800e-01 3.516000e-03 3.536040e-01
300 6.423880e-01 3.388000e-03 3.542240e-01
301 6.419080e-01 3.240000e-03 3.548520e-01
302 6.412760e-01 3.284000e-03 3.554400e-01
303 6.407000e-01 3.332000e-03 3.559680e-01
304 6.402200e-01 3.236000e-03 3.565440e-01
305 6.396440e-01 3.312000e-03 3.570440e-01
306 6.391240e-01 3.256000e-03 3.576200e-01
307 6.386040e-01 3.252000e-03 3.581440e-01
308 6.380160e-01 3.212000e-03 3.587720e-01
309 6.375480e-01 3.080000e-03 3.593720e-01
310 6.370240e-01 3.120000e-03 3.598560e-01
311 6.364280e-01 3.108000e-03 3.604640e-01
312 6.359200e-01 3.116000e-03 3.609640e-01
313 6.353600e-01 3.136000e-03 3.615040e-01
314 6.347960e-01 3.132000e-03 3.620720e-01
315 6.342840e-01 3.044000e-03 3.626720e-01
316 6.337520e-01 3.028000e-03 3.632200e-01
317 6.332520e-01 2.988000e-03 3.637600e-01
318 6.326520e-01 3.008000e-03 3.643400e-01
319 6.320800e-01 3.040000e-03 3.648800e-01
320 6.316120e-01 3.016000e-03 3.653720e-01
321 6.310600e-01 3.008000e-03 3.659320e-01
322 6.306120e-01 2.988000e-03 3.664000e-01
323 6.301400e-01 2.856000e-03 3.670040e-01
324 6.296320e-01 2.840000e-03 3.675280e-01
325 6.290600e-01 2.940000e-03 3.680000e-01
326 6.285960e-01 2.888000e-03 3.685160e-01
327 6.280040e-01 3.008000e-03 3.689880e-01
328 6.275040e-01 2.916000e-03 3.695800e-01
329 6.269720e-01 2.920000e-03 3.701080e-01
330 6.264640e-01 2.968000e-03 3.705680e-01
331 6.259040e-01 2.992000e-03 3.711040e-01
332 6.253680e-01 2.996000e-03 3.716360e-01
333 6.249040e-01 2.908000e-03 3.721880e-01
334 6.244360e-01 2.824000e-03 3.727400e-01
335 6.240360e-01 2.696000e-03 3.732680e-01
336 6.235640e-01 2.676000e-03 3.737600e-01
337 6.231360e-01 2.572000e-03 3.742920e-01
338 6.226320e-01 2.640000e-03 3.747280e-01
339 6.222360e-01 2.576000e-03 3.751880e-01
340 6.217920e-01 2.616000e-03 3.755920e-01
341 6.213000e-01 2.648000e-03 3.760520e-01
342 6.208920e-01 2.636000e-03 3.764720e-01
343 6.204440e-01 2.652000e-03 3.769040e-01
344 6.200000e-01 2.616000e-03 3.773840e-01
345 6.195040e-01 2.640000e-03 3.778560e-01
346 6.190480e-01 2.584000e-03 3.783680e-01
347 6.186080e-01 2.572000e-03 3.788200e-01
348 6.181840e-01 2.504000e-03 3.793120e-01
349 6.176800e-01 2.516000e-03 3.798040e-01
350 6.171680e-01 2.680000e-03 3.801520e-01
351 6.167160e-01 2.744000e-03 3.805400e-01
352 6.162360e-01 2.780000e-03 3.809840e-01
353 6.157400e-01 2.804000e-03 3.814560e-01
354 6.153160e-01 2.740000e-03 3.819440e-01
355 6.148480e-01 2.660000e-03 3.824920e-01
356 6.143920e-01 2.676000e-03 3.829320e-01
357 6.139400e-01 2.676000e-03 3.833840e-01
358 6.135760e-01 2.624000e-03 3.838000e-01
359 6.131160e-01 2.636000e-03 3.842480e-01
360 6.126320e-01 2.664000e-03 3.847040e-01
361 6.121680e-01 2.712000e-03 3.851200e-01
362 6.117480e-01 2.716000e-03 3.855360e-01
363 6.112840e-01 2.788000e-03 3.859280e-01
364 6.109560e-01 2.616000e-03 3.864280e-01
365 6.106040e-01 2.584000e-03 3.868120e-01
366 6.102040e-01 2.568000e-03 3.872280e-01
367 6.099160e-01 2.372000e-03 3.877120e-01
368 6.095360e-01 2.320000e-03 3.881440e-01
369 6.091640e-01 2.304000e-03 3.885320e-01
370 6.088160e-01 2.240000e-03 3.889440e-01
371 6.084080e-01 2.280000e-03 3.893120e-01
372 6.080360e-01 2.272000e-03 3.896920e-01
373 6.076760e-01 2.256000e-03 3.900680e-01
374 6.073400e-01 2.232000e-03 3.904280e-01
375 6.070160e-01 2.224000e-03 3.907600e-01
376 6.067080e-01 2.120000e-03 3.911720e-01
377 6.063360e-01 2.120000e-03 3.915440e-01
378 6.060040e-01 2.048000e-03 3.919480e-01
379 6.056160e-01 2.044000e-03 3.923400e-01
380 6.051800e-01 2.036000e-03 3.927840e-01
381 6.048440e-01 1.972000e-03 3.931840e-01
382 6.044800e-01 2.020000e-03 3.935000e-01
383 6.041480e-01 1.944000e-03 3.939080e-01
384 6.038880e-01 1.876000e-03 3.942360e-01
385 6.035400e-01 1.952000e-03 3.945080e-01
386 6.032320e-01 1.872000e-03 3.948960e-01
387 6.029440e-01 1.860000e-03 3.951960e-01
388 6.026320e-01 1.852000e-03 3.955160e-01
389 6.023440e-01 1.828000e-03 3.958280e-01
390 6.020880e-01 1.760000e-03 3.961520e-01
391 6.017920e-01 1.780000e-03 3.964280e-01
392 6.014760e-01 1.832000e-03 3.966920e-01
393 6.012040e-01 1.816000e-03 3.969800e-01
394 6.009280e-01 1.840000e-03 3.972320e-01
395 6.006440e-01 1.812000e-03 3.975440e-01
396 6.004000e-01 1.748000e-03 3.978520e-01
397 6.001400e-01 1.688000e-03 3.981720e-01
398 5.998320e-01 1.688000e-03 3.984800e-01
399 5.996160e-01 1.624000e-03 3.987600e-01
400 5.993400e-01 1.628000e-03 3.990320e-01
401 5.990640e-01 1.532000e-03 3.994040e-01
402 5.988360e-01 1.452000e-03 3.997120e-01
403 5.986320e-01 1.444000e-03 3.999240e-01
404 5.984240e-01 1.396000e-03 4.001800e-01
405 5.981920e-01 1.376000e-03 4.004320e-01
406 5.979040e-01 1.424000e-03 4.006720e-01
407 5.976240e-01 1.496000e-03 4.008800e-01
408 5.973680e-01 1.468000e-03 4.011640e-01
409 5.970840e-01 1.468000e-03 4.014480e-01
410 5.967440e-01 1.556000e-03 4.017000e-01
411 5.964920e-01 1.508000e-03 4.020000e-01
412 5.961960e-01 1.540000e-03 4.022640e-01
413 5.958600e-01 1.636000e-03 4.025040e-01
414 5.955080e-01 1.676000e-03 4.028160e-01
415 5.952000e-01 1.648000e-03 4.031520e-01
416 5.949640e-01 1.548000e-03 4.034880e-01
417 5.946360e-01 1.580000e-03 4.037840e-01
418 5.943320e-01 1.620000e-03 4.040480e-01
419 5.940200e-01 1.664000e-03 4.043160e-01
420 5.937640e-01 1.640000e-03 4.045960e-01
421 5.935160e-01 1.564000e-03 4.049200e-01
422 5.933040e-01 1.480000e-03 4.052160e-01
423 5.930840e-01 1.416000e-03 4.055000e-01
424 5.928560e-01 1.412000e-03 4.057320e-01
425 5.926760e-01 1.324000e-03 4.060000e-01
426 5.923760e-01 1.400000e-03 4.062240e-01
427 5.920920e-01 1.440000e-03 4.064680e-01
428 5.918320e-01 1.448000e-03 4.067200e-01
429 5.916000e-01 1.436000e-03 4.069640e-01
430 5.913840e-01 1.404000e-03 4.072120e-01
431 5.911360e-01 1.408000e-03 4.074560e-01
432 5.908400e-01 1.464000e-03 4.076960e-01
433 5.905800e-01 1.536000e-03 4.078840e-01
434 5.903600e-01 1.480000e-03 4.081600e-01
435 5.901520e-01 1.416000e-03 4.084320e-01
436 5.898960e-01 1.448000e-03 4.086560e-01
437 5.895960e-01 1.496000e-03 4.089080e-01
438 5.894200e-01 1.436000e-03 4.091440e-01
439 5.892120e-01 1.372000e-03 4.094160e-01
440 5.889880e-01 1.316000e-03 4.096960e-01
441 5.886960e-01 1.360000e-03 4.099440e-01
442 5.884400e-01 1.356000e-03 4.102040e-01
443 5.882400e-01 1.264000e-03 4.104960e-01
444 5.880080e-01 1.280000e-03 4.107120e-01
445 5.878200e-01 1.232000e-03 4.109480e-01
446 5.877120e-01 1.104000e-03 4.111840e-01
447 5.875160e-01 1.080000e-03 4.114040e-01
448 5.873720e-01 1.040000e-03 4.115880e-01
449 5.871880e-01 1.020000e-03 4.117920e-01
450 5.870240e-01 1.008000e-03 4.119680e-01
451 5.868480e-01 1.012000e-03 4.121400e-01
452 5.866560e-01 1.040000e-03 4.123040e-01
453 5.865040e-01 1.000000e-03 4.124960e-01
454 5.863080e-01 1.044000e-03 4.126480e-01
455 5.861080e-01 1.056000e-03 4.128360e-01
456 5.859680e-01 1.020000e-03 4.130120e-01
457 5.857560e-01 1.060000e-03 4.131840e-01
458 5.855840e-01 1.032000e-03 4.133840e-01
459 5.853760e-01 1.116000e-03 4.135080e-01
460 5.852240e-01 1.088000e-03 4.136880e-01
461 5.850800e-01 9.680000e-04 4.139520e-01
462 5.849680e-01 9.520000e-04 4.140800e-01
463 5.848320e-01 9.040000e-04 4.142640e-01
464 5.846880e-01 8.720000e-04 4.144400e-01
465 5.845600e-01 8.440000e-04 4.145960e-01
466 5.844240e-01 8.280000e-04 4.147480e-01
467 5.843080e-01 8.200000e-04 4.148720e-01
468 5.841800e-01 7.880000e-04 4.150320e-01
469 5.841040e-01 7.280000e-04 4.151680e-01
470 5.840240e-01 7.160000e-04 4.152600e-01
471 5.839440e-01 6.960000e-04 4.153600e-01
472 5.838760e-01 6.360000e-04 4.154880e-01
473 5.837920e-01 6.320000e-04 4.155760e-01
474 5.837120e-01 6.120000e-04 4.156760e-01
475 5.835880e-01 5.840000e-04 4.158280e-01
476 5.834800e-01 6.200000e-04 4.159000e-01
477 5.833560e-01 6.600000e-04 4.159840e-01
478 5.832480e-01 6.600000e-04 4.160920e-01
479 5.831200e-01 6.800000e-04 4.162000e-01
480 5.830000e-01 7.000000e-04 4.163000e-01
481 5.829000e-01 7.000000e-04 4.164000e-01
482 5.827920e-01 6.880000e-04 4.165200e-01
483 5.826840e-01 6.560000e-04 4.166600e-01
484 5.825680e-01 6.360000e-04 4.167960e-01
485 5.824720e-01 6.160000e-04 4.169120e-01
486 5.823880e-01 5.960000e-04 4.170160e-01
487 5.822880e-01 6.160000e-04 4.170960e-01
488 5.821640e-01 6.200000e-04 4.172160e-01
489 5.820320e-01 6.560000e-04 4.173120e-01
490 5.819200e-01 6.560000e-04 4.174240e-01
491 5.817640e-01 6.920000e-04 4.175440e-01
492 5.816360e-01 7.080000e-04 4.176560e-01
493 5.814800e-01 7.440000e-04 4.177760e-01
494 5.813160e-01 7.760000e-04 4.179080e-01
495 5.812200e-01 7.880000e-04 4.179920e-01
496 5.811320e-01 7.360000e-04 4.181320e-01
497 5.810040e-01 7.160000e-04 4.182800e-01
498 5.808560e-01 7.400000e-04 4.184040e-01
499 5.807440e-01 7.160000e-04 4.185400e-01
500 5.806400e-01 7.040000e-04 4.186560e-01
