1 9.993040e-01 6.000000e-04 9.600000e-05
2 9.987360e-01 1.028000e-03 2.360000e-04
3 9.980720e-01 1.488000e-03 4.400000e-04
4 9.973120e-01 1.948000e-03 7.400000e-04
5 9.963560e-01 2.556000e-03 1.088000e-03
6 9.953720e-01 3.016000e-03 1.612000e-03
7 9.944800e-01 3.280000e-03 2.240000e-03
8 9.934360e-01 3.808000e-03 2.756000e-03
9 9.922840e-01 4.292000e-03 3.424000e-03
10 9.912120e-01 4.588000e-03 4.200000e-03
11 9.900720e-01 4.832000e-03 5.096000e-03
12 9.889760e-01 5.092000e-03 5.932000e-03
13 9.876840e-01 5.496000e-03 6.820000e-03
14 9.864160e-01 5.800000e-03 7.784000e-03
15 9.852120e-01 6.012000e-03 8.776000e-03
16 9.839240e-01 6.176000e-03 9.900000e-03
17 9.826680e-01 6.336000e-03 1.099600e-02
18 9.813880e-01 6.520000e-03 1.209200e-02
19 9.799640e-01 6.792000e-03 1.324400e-02
20 9.786760e-01 6.940000e-03 1.438400e-02
21 9.773000e-01 7.172000e-03 1.552800e-02
22 9.759680e-01 7.288000e-03 1.674400e-02
23 9.745120e-01 7.440000e-03 1.804800e-02
24 9.730000e-01 7.648000e-03 1.935200e-02
25 9.714680e-01 7.808000e-03 2.072400e-02
26 9.700400e-01 7.944000e-03 2.201600e-02
27 9.684960e-01 8.104000e-03 2.340000e-02
28 9.668800e-01 8.380000e-03 2.474000e-02
29 9.652280e-01 8.524000e-03 2.624800e-02
30 9.635240e-01 8.804000e-03 2.767200e-02
31 9.617040e-01 9.140000e-03 2.915600e-02
32 9.600360e-01 9.336000e-03 3.062800e-02
33 9.583000e-01 9.436000e-03 3.226400e-02
34 9.566400e-01 9.444000e-03 3.391600e-02
35 9.547760e-01 9.540000e-03 3.568400e-02
36 9.530000e-01 9.748000e-03 3.725200e-02
37 9.511840e-01 9.900000e-03 3.891600e-02
38 9.492600e-01 9.920000e-03 4.082000e-02
39 9.473360e-01 1.013200e-02 4.253200e-02
40 9.454120e-01 1.030000e-02 4.428800e-02
41 9.436000e-01 1.042000e-02 4.598000e-02
42 9.418200e-01 1.038400e-02 4.779600e-02
43 9.398120e-01 1.052400e-02 4.966400e-02
44 9.379240e-01 1.051600e-02 5.156000e-02
45 9.360400e-01 1.070400e-02 5.325600e-02
46 9.343040e-01 1.062000e-02 5.507600e-02
47 9.324320e-01 1.049200e-02 5.707600e-02
48 9.305040e-01 1.049200e-02 5.900400e-02
49 9.285040e-01 1.066400e-02 6.083200e-02
50 9.265280e-01 1.085600e-02 6.261600e-02
51 9.243760e-01 1.108800e-02 6.453600e-02
52 9.224080e-01 1.106000e-02 6.653200e-02
53 9.205160e-01 1.116000e-02 6.832400e-02
54 9.185440e-01 1.129200e-02 7.016400e-02
55 9.166320e-01 1.119600e-02 7.217200e-02
56 9.146440e-01 1.128800e-02 7.406800e-02
57 9.125080e-01 1.150400e-02 7.598800e-02
58 9.105120e-01 1.143600e-02 7.805200e-02
59 9.084280e-01 1.141200e-02 8.016000e-02
60 9.062800e-01 1.168800e-02 8.203200e-02
61 9.042760e-01 1.161200e-02 8.411200e-02
62 9.020920e-01 1.168800e-02 8.622000e-02
63 9.000920e-01 1.163600e-02 8.827200e-02
64 8.981840e-01 1.150000e-02 9.031600e-02
65 8.960960e-01 1.158400e-02 9.232000e-02
66 8.941240e-01 1.156000e-02 9.431600e-02
67 8.922320e-01 1.153600e-02 9.623200e-02
68 8.899960e-01 1.170400e-02 9.830000e-02
69 8.880520e-01 1.152800e-02 1.004200e-01
70 8.861720e-01 1.142800e-02 1.024000e-01
71 8.840960e-01 1.154400e-02 1.043600e-01
72 8.823880e-01 1.122800e-02 1.063840e-01
73 8.805000e-01 1.108000e-02 1.084200e-01
74 8.787520e-01 1.088400e-02 1.103640e-01
75 8.768960e-01 1.089200e-02 1.122120e-01
76 8.750200e-01 1.100000e-02 1.139800e-01
77 8.731080e-01 1.105200e-02 1.158400e-01
78 8.712280e-01 1.098400e-02 1.177880e-01
79 8.692680e-01 1.107600e-02 1.196560e-01
80 8.675600e-01 1.086800e-02 1.215720e-01
81 8.658160e-01 1.076400e-02 1.234200e-01
82 8.639400e-01 1.072800e-02 1.253320e-01
83 8.621600e-01 1.056400e-02 1.272760e-01
84 8.602160e-01 1.061600e-02 1.291680e-01
85 8.582800e-01 1.062000e-02 1.311000e-01
86 8.564120e-01 1.070000e-02 1.328880e-01
87 8.545400e-01 1.074800e-02 1.347120e-01
88 8.526280e-01 1.062800e-02 1.367440e-01
89 8.508760e-01 1.057200e-02 1.385520e-01
90 8.490440e-01 1.048800e-02 1.404680e-01
91 8.473160e-01 1.029600e-02 1.423880e-01
92 8.454880e-01 1.032400e-02 1.441880e-01
93 8.436440e-01 1.036000e-02 1.459960e-01
94 8.416280e-01 1.052400e-02 1.478480e-01
95 8.396920e-01 1.043600e-02 1.498720e-01
96 8.379000e-01 1.039200e-02 1.517080e-01
97 8.361000e-01 1.031600e-02 1.535840e-01
98 8.342320e-01 1.023600e-02 1.555320e-01
99 8.322840e-01 1.039200e-02 1.573240e-01
100 8.306120e-01 1.033200e-02 1.590560e-01
101 8.288880e-01 1.027200e-02 1.608400e-01
102 8.271280e-01 1.022400e-02 1.626480e-01
103 8.254800e-01 9.976000e-03 1.645440e-01
104 8.236480e-01 9.968000e-03 1.663840e-01
105 8.219960e-01 9.824000e-03 1.681800e-01
106 8.202080e-01 9.860000e-03 1.699320e-01
107 8.184800e-01 9.904000e-03 1.716160e-01
108 8.166120e-01 9.952000e-03 1.734360e-01
109 8.149480e-01 9.948000e-03 1.751040e-01
110 8.131040e-01 1.016800e-02 1.767280e-01
111 8.114800e-01 1.003600e-02 1.784840e-01
112 8.097120e-01 1.010400e-02 1.801840e-01
113 8.079480e-01 1.007600e-02 1.819760e-01
114 8.062360e-01 9.896000e-03 1.838680e-01
115 8.045240e-01 9.904000e-03 1.855720e-01
116 8.027960e-01 9.904000e-03 1.873000e-01
117 8.010880e-01 9.932000e-03 1.889800e-01
118 7.993120e-01 9.912000e-03 1.907760e-01
119 7.976080e-01 9.828000e-03 1.925640e-01
120 7.959560e-01 9.672000e-03 1.943720e-01
121 7.943840e-01 9.612000e-03 1.960040e-01
122 7.928760e-01 9.416000e-03 1.977080e-01
123 7.913040e-01 9.476000e-03 1.992200e-01
124 7.897560e-01 9.340000e-03 2.009040e-01
125 7.882200e-01 9.264000e-03 2.025160e-01
126 7.867040e-01 9.220000e-03 2.040760e-01
127 7.852520e-01 9.160000e-03 2.055880e-01
128 7.837520e-01 8.980000e-03 2.072680e-01
129 7.822800e-01 8.920000e-03 2.088000e-01
130 7.807760e-01 8.924000e-03 2.103000e-01
131 7.792920e-01 8.832000e-03 2.118760e-01
132 7.778720e-01 8.684000e-03 2.134440e-01
133 7.765520e-01 8.496000e-03 2.149520e-01
134 7.751800e-01 8.416000e-03 2.164040e-01
135 7.738000e-01 8.256000e-03 2.179440e-01
136 7.725160e-01 8.164000e-03 2.193200e-01
137 7.711240e-01 8.112000e-03 2.207640e-01
138 7.698360e-01 8.048000e-03 2.221160e-01
139 7.685520e-01 8.016000e-03 2.234320e-01
140 7.672480e-01 7.868000e-03 2.248840e-01
141 7.658600e-01 7.780000e-03 2.263600e-01
142 7.644160e-01 7.848000e-03 2.277360e-01
143 7.630400e-01 7.856000e-03 2.291040e-01
144 7.617360e-01 7.832000e-03 2.304320e-01
145 7.603640e-01 7.800000e-03 2.318360e-01
146 7.590480e-01 7.784000e-03 2.331680e-01
147 7.577560e-01 7.692000e-03 2.345520e-01
148 7.565920e-01 7.552000e-03 2.358560e-01
149 7.552840e-01 7.492000e-03 2.372240e-01
150 7.540040e-01 7.592000e-03 2.384040e-01
151 7.526680e-01 7.560000e-03 2.397720e-01
152 7.514040e-01 7.520000e-03 2.410760e-01
153 7.502000e-01 7.256000e-03 2.425440e-01
154 7.490640e-01 7.028000e-03 2.439080e-01
155 7.478400e-01 6.952000e-03 2.452080e-01
156 7.467560e-01 6.868000e-03 2.463760e-01
157 7.455800e-01 6.916000e-03 2.475040e-01
158 7.444000e-01 6.940000e-03 2.486600e-01
159 7.431760e-01 7.004000e-03 2.498200e-01
160 7.420680e-01 6.968000e-03 2.509640e-01
161 7.407440e-01 7.084000e-03 2.521720e-01
162 7.395640e-01 7.088000e-03 2.533480e-01
163 7.382960e-01 7.116000e-03 2.545880e-01
164 7.370440e-01 7.100000e-03 2.558560e-01
165 7.357360e-01 7.080000e-03 2.571840e-01
166 7.344760e-01 7.132000e-03 2.583920e-01
167 7.331920e-01 7.024000e-03 2.597840e-01
168 7.319320e-01 6.984000e-03 2.610840e-01
169 7.306680e-01 6.952000e-03 2.623800e-01
170 7.295640e-01 6.936000e-03 2.635000e-01
171 7.283120e-01 6.992000e-03 2.646960e-01
172 7.270400e-01 6.948000e-03 2.660120e-01
173 7.258960e-01 6.892000e-03 2.672120e-01
174 7.246840e-01 6.944000e-03 2.683720e-01
175 7.235040e-01 6.820000e-03 2.696760e-01
176 7.223280e-01 6.820000e-03 2.708520e-01
177 7.212080e-01 6.812000e-03 2.719800e-01
178 7.200480e-01 6.808000e-03 2.731440e-01
179 7.189600e-01 6.788000e-03 2.742520e-01
180 7.179240e-01 6.584000e-03 2.754920e-01
181 7.168800e-01 6.544000e-03 2.765760e-01
182 7.157480e-01 6.580000e-03 2.776720e-01
183 7.145760e-01 6.552000e-03 2.788720e-01
184 7.135280e-01 6.448000e-03 2.800240e-01
185 7.124480e-01 6.412000e-03 2.811400e-01
186 7.115160e-01 6.364000e-03 2.821200e-01
187 7.104320e-01 6.424000e-03 2.831440e-01
188 7.095120e-01 6.224000e-03 2.842640e-01
189 7.085200e-01 6.080000e-03 2.854000e-01
190 7.075040e-01 6.132000e-03 2.863640e-01
191 7.065920e-01 6.020000e-03 2.873880e-01
192 7.056880e-01 5.828000e-03 2.884840e-01
193 7.046640e-01 5.764000e-03 2.895720e-01
194 7.037000e-01 5.660000e-03 2.906400e-01
195 7.026360e-01 5.732000e-03 2.916320e-01
196 7.015760e-01 5.744000e-03 2.926800e-01
197 7.005240e-01 5.812000e-03 2.936640e-01
198 6.994520e-01 5.828000e-03 2.947200e-01
199 6.983320e-01 5.904000e-03 2.957640e-01
200 6.972680e-01 5.944000e-03 2.967880e-01
201 6.962640e-01 5.844000e-03 2.978920e-01
202 6.953760e-01 5.768000e-03 2.988560e-01
203 6.944680e-01 5.652000e-03 2.998800e-01
204 6.933880e-01 5.808000e-03 3.008040e-01
205 6.923880e-01 5.824000e-03 3.017880e-01
206 6.915480e-01 5.720000e-03 3.027320e-01
207 6.904880e-01 5.776000e-03 3.037360e-01
208 6.896360e-01 5.544000e-03 3.048200e-01
209 6.886120e-01 5.688000e-03 3.057000e-01
210 6.875840e-01 5.684000e-03 3.067320e-01
211 6.866200e-01 5.656000e-03 3.077240e-01
212 6.856240e-01 5.652000e-03 3.087240e-01
213 6.845680e-01 5.720000e-03 3.097120e-01
214 6.835920e-01 5.588000e-03 3.108200e-01
215 6.825280e-01 5.700000e-03 3.117720e-01
216 6.816080e-01 5.628000e-03 3.127640e-01
217 6.806840e-01 5.576000e-03 3.137400e-01
218 6.798440e-01 5.480000e-03 3.146760e-01
219 6.788920e-01 5.388000e-03 3.157200e-01
220 6.779200e-01 5.388000e-03 3.166920e-01
221 6.770960e-01 5.244000e-03 3.176600e-01
222 6.761880e-01 5.304000e-03 3.185080e-01
223 6.753240e-01 5.240000e-03 3.194360e-01
224 6.744200e-01 5.208000e-03 3.203720e-01
225 6.735800e-01 5.184000e-03 3.212360e-01
226 6.726760e-01 5.252000e-03 3.220720e-01
227 6.718040e-01 5.076000e-03 3.231200e-01
228 6.709320e-01 5.128000e-03 3.239400e-01
229 6.700880e-01 5.176000e-03 3.247360e-01
230 6.693480e-01 5.096000e-03 3.255560e-01
231 6.686240e-01 4.916000e-03 3.264600e-01
232 6.678160e-01 4.872000e-03 3.273120e-01
233 6.670680e-01 4.756000e-03 3.281760e-01
234 6.662960e-01 4.688000e-03 3.290160e-01
235 6.655800e-01 4.588000e-03 3.298320e-01
236 6.648600e-01 4.548000e-03 3.305920e-01
237 6.641120e-01 4.516000e-03 3.313720e-01
238 6.633920e-01 4.424000e-03 3.321840e-01
239 6.626040e-01 4.428000e-03 3.329680e-01
240 6.618360e-01 4.412000e-03 3.337520e-01
241 6.610560e-01 4.500000e-03 3.344440e-01
242 6.601800e-01 4.612000e-03 3.352080e-01
243 6.594120e-01 4.512000e-03 3.360760e-01
244 6.585360e-01 4.604000e-03 3.368600e-01
245 6.577520e-01 4.576000e-03 3.376720e-01
246 6.569640e-01 4.540000e-03 3.384960e-01
247 6.561480e-01 4.488000e-03 3.393640e-01
248 6.553040e-01 4.564000e-03 3.401320e-01
249 6.546160e-01 4.408000e-03 3.409760e-01
250 6.539080e-01 4.236000e-03 3.418560e-01
251 6.531120e-01 4.348000e-03 3.425400e-01
252 6.523960e-01 4.236000e-03 3.433680e-01
253 6.517480e-01 4.092000e-03 3.441600e-01
254 6.510080e-01 4.164000e-03 3.448280e-01
255 6.503120e-01 4.128000e-03 3.455600e-01
256 6.496360e-01 4.108000e-03 3.462560e-01
257 6.489480e-01 4.060000e-03 3.469920e-01
258 6.483560e-01 3.980000e-03 3.476640e-01
259 6.477520e-01 3.868000e-03 3.483800e-01
260 6.471400e-01 3.768000e-03 3.490920e-01
261 6.465640e-01 3.708000e-03 3.497280e-01
262 6.459000e-01 3.736000e-03 3.503640e-01
263 6.452360e-01 3.704000e-03 3.510600e-01
264 6.446520e-01 3.616000e-03 3.517320e-01
265 6.440360e-01 3.584000e-03 3.523800e-01
266 6.434280e-01 3.536000e-03 3.530360e-01
267 6.428400e-01 3.580000e-03 3.535800e-01
268 6.422200e-01 3.500000e-03 3.542800e-01
269 6.416000e-01 3.524000e-03 3.548760e-01
270 6.409360e-01 3.564000e-03 3.555000e-01
271 6.402120e-01 3.612000e-03 3.561760e-01
272 6.395880e-01 3.652000e-03 3.567600e-01
273 6.388200e-01 3.804000e-03 3.573760e-01
274 6.380960e-01 3.908000e-03 3.579960e-01
275 6.373800e-01 3.936000e-03 3.586840e-01
276 6.366400e-01 3.992000e-03 3.593680e-01
277 6.359880e-01 3.976000e-03 3.600360e-01
278 6.353280e-01 3.940000e-03 3.607320e-01
279 6.347160e-01 3.872000e-03 3.614120e-01
280 6.340240e-01 3.984000e-03 3.619920e-01
281 6.333720e-01 3.868000e-03 3.627600e-01
282 6.328000e-01 3.828000e-03 3.633720e-01
283 6.322120e-01 3.772000e-03 3.640160e-01
284 6.316120e-01 3.652000e-03 3.647360e-01
285 6.309680e-01 3.612000e-03 3.654200e-01
286 6.303720e-01 3.616000e-03 3.660120e-01
287 6.297280e-01 3.608000e-03 3.666640e-01
288 6.291440e-01 3.536000e-03 3.673200e-01
289 6.286240e-01 3.480000e-03 3.678960e-01
290 6.280800e-01 3.484000e-03 3.684360e-01
291 6.275440e-01 3.392000e-03 3.690640e-01
292 6.269400e-01 3.456000e-03 3.696040e-01
293 6.263160e-01 3.476000e-03 3.702080e-01
294 6.257400e-01 3.448000e-03 3.708120e-01
295 6.252040e-01 3.372000e-03 3.714240e-01
296 6.246600e-01 3.264000e-03 3.720760e-01
297 6.241760e-01 3.188000e-03 3.726360e-01
298 6.235840e-01 3.304000e-03 3.731120e-01
299 6.229920e-01 3.284000e-03 3.737240e-01
300 6.223760e-01 3.288000e-03 3.743360e-01
301 6.217600e-01 3.320000e-03 3.749200e-01
302 6.212240e-01 3.260000e-03 3.755160e-01
303 6.206160e-01 3.316000e-03 3.760680e-01
304 6.200880e-01 3.284000e-03 3.766280e-01
305 6.196280e-01 3.160000e-03 3.772120e-01
306 6.192000e-01 2.996000e-03 3.778040e-01
307 6.187480e-01 2.928000e-03 3.783240e-01
308 6.182080e-01 3.016000e-03 3.787760e-01
309 6.177520e-01 2.952000e-03 3.792960e-01
310 6.172800e-01 2.848000e-03 3.798720e-01
311 6.167880e-01 2.804000e-03 3.804080e-01
312 6.162840e-01 2.828000e-03 3.808880e-01
313 6.157920e-01 2.768000e-03 3.814400e-01
314 6.152800e-01 2.780000e-03 3.819400e-01
315 6.148760e-01 2.692000e-03 3.824320e-01
316 6.144560e-01 2.568000e-03 3.829760e-01
317 6.140360e-01 2.612000e-03 3.833520e-01
318 6.136560e-01 2.572000e-03 3.837720e-01
319 6.132400e-01 2.520000e-03 3.842400e-01
320 6.128240e-01 2.508000e-03 3.846680e-01
321 6.122880e-01 2.684000e-03 3.850280e-01
322 6.119240e-01 2.584000e-03 3.854920e-01
323 6.114680e-01 2.572000e-03 3.859600e-01
324 6.110040e-01 2.544000e-03 3.864520e-01
325 6.106200e-01 2.392000e-03 3.869880e-01
326 6.101160e-01 2.460000e-03 3.874240e-01
327 6.096760e-01 2.548000e-03 3.877760e-01
328 6.092320e-01 2.548000e-03 3.882200e-01
329 6.088040e-01 2.536000e-03 3.886600e-01
330 6.083600e-01 2.568000e-03 3.890720e-01
331 6.079160e-01 2.572000e-03 3.895120e-01
332 6.075080e-01 2.592000e-03 3.899000e-01
333 6.070280e-01 2.604000e-03 3.903680e-01
334 6.066080e-01 2.616000e-03 3.907760e-01
335 6.062200e-01 2.524000e-03 3.912560e-01
336 6.058200e-01 2.500000e-03 3.916800e-01
337 6.053800e-01 2.444000e-03 3.921760e-01
338 6.049320e-01 2.516000e-03 3.925520e-01
339 6.045120e-01 2.484000e-03 3.930040e-01
340 6.040840e-01 2.448000e-03 3.934680e-01
341 6.036880e-01 2.428000e-03 3.938840e-01
342 6.032360e-01 2.468000e-03 3.942960e-01
343 6.028040e-01 2.424000e-03 3.947720e-01
344 6.024720e-01 2.296000e-03 3.952320e-01
345 6.020720e-01 2.320000e-03 3.956080e-01
346 6.017240e-01 2.228000e-03 3.960480e-01
347 6.014040e-01 2.212000e-03 3.963840e-01
348 6.010320e-01 2.268000e-03 3.967000e-01
349 6.006840e-01 2.292000e-03 3.970240e-01
350 6.002720e-01 2.272000e-03 3.974560e-01
351 5.998560e-01 2.296000e-03 3.978480e-01
352 5.993960e-01 2.340000e-03 3.982640e-01
353 5.989880e-01 2.340000e-03 3.986720e-01
354 5.985600e-01 2.376000e-03 3.990640e-01
355 5.981480e-01 2.372000e-03 3.994800e-01
356 5.977680e-01 2.320000e-03 3.999120e-01
357 5.974200e-01 2.232000e-03 4.003480e-01
358 5.971080e-01 2.108000e-03 4.007840e-01
359 5.968200e-01 2.092000e-03 4.010880e-01
360 5.964720e-01 2.100000e-03 4.014280e-01
361 5.961160e-01 2.128000e-03 4.017560e-01
362 5.957160e-01 2.168000e-03 4.021160e-01
363 5.952760e-01 2.204000e-03 4.025200e-01
364 5.948920e-01 2.184000e-03 4.029240e-01
365 5.945400e-01 2.144000e-03 4.033160e-01
366 5.941880e-01 2.148000e-03 4.036640e-01
367 5.938160e-01 2.204000e-03 4.039800e-01
368 5.934000e-01 2.228000e-03 4.043720e-01
369 5.930520e-01 2.188000e-03 4.047600e-01
370 5.927640e-01 2.100000e-03 4.051360e-01
371 5.924600e-01 2.036000e-03 4.055040e-01
372 5.920680e-01 2.004000e-03 4.059280e-01
373 5.917680e-01 1.964000e-03 4.062680e-01
374 5.914400e-01 1.908000e-03 4.066520e-01
375 5.910920e-01 1.896000e-03 4.070120e-01
376 5.908160e-01 1.820000e-03 4.073640e-01
377 5.905800e-01 1.728000e-03 4.076920e-01
378 5.903080e-01 1.660000e-03 4.080320e-01
379 5.900920e-01 1.588000e-03 4.083200e-01
380 5.899360e-01 1.468000e-03 4.085960e-01
381 5.897520e-01 1.388000e-03 4.088600e-01
382 5.895440e-01 1.364000e-03 4.090920e-01
383 5.893600e-01 1.304000e-03 4.093360e-01
384 5.892040e-01 1.240000e-03 4.095560e-01
385 5.890240e-01 1.224000e-03 4.097520e-01
386 5.887800e-01 1.228000e-03 4.099920e-01
387 5.886120e-01 1.144000e-03 4.102440e-01
388 5.884200e-01 1.140000e-03 4.104400e-01
389 5.882720e-01 1.100000e-03 4.106280e-01
390 5.881600e-01 1.024000e-03 4.108160e-01
391 5.880120e-01 1.032000e-03 4.109560e-01
392 5.878640e-01 9.960000e-04 4.111400e-01
393 5.876840e-01 1.012000e-03 4.113040e-01
394 5.875440e-01 1.012000e-03 4.114440e-01
395 5.873880e-01 9.880000e-04 4.116240e-01
396 5.872400e-01 9.800000e-04 4.117800e-01
397 5.870520e-01 1.020000e-03 4.119280e-01
398 5.868800e-01 9.440000e-04 4.121760e-01
399 5.867560e-01 8.800000e-04 4.123640e-01
400 5.866560e-01 8.280000e-04 4.125160e-01
401 5.864960e-01 8.720000e-04 4.126320e-01
402 5.863560e-01 8.760000e-04 4.127680e-01
403 5.862240e-01 8.320000e-04 4.129440e-01
404 5.860560e-01 8.680000e-04 4.130760e-01
405 5.858760e-01 8.640000e-04 4.132600e-01
406 5.856720e-01 8.840000e-04 4.134440e-01
407 5.854560e-01 9.120000e-04 4.136320e-01
408 5.853480e-01 8.560000e-04 4.137960e-01
409 5.851840e-01 8.600000e-04 4.139560e-01
410 5.850240e-01 8.440000e-04 4.141320e-01
411 5.847880e-01 9.320000e-04 4.142800e-01
412 5.845280e-01 1.056000e-03 4.144160e-01
413 5.842960e-01 1.084000e-03 4.146200e-01
414 5.840640e-01 1.128000e-03 4.148080e-01
415 5.838920e-01 1.072000e-03 4.150360e-01
416 5.837160e-01 1.028000e-03 4.152560e-01
417 5.835920e-01 9.880000e-04 4.154200e-01
418 5.833960e-01 1.032000e-03 4.155720e-01
419 5.832440e-01 1.024000e-03 4.157320e-01
420 5.830520e-01 1.052000e-03 4.158960e-01
421 5.828840e-01 1.052000e-03 4.160640e-01
422 5.827160e-01 1.052000e-03 4.162320e-01
423 5.825480e-01 1.068000e-03 4.163840e-01
424 5.824200e-01 1.028000e-03 4.165520e-01
425 5.822440e-01 1.076000e-03 4.166800e-01
426 5.820440e-01 1.080000e-03 4.168760e-01
427 5.818480e-01 1.088000e-03 4.170640e-01
428 5.816680e-01 1.068000e-03 4.172640e-01
429 5.815200e-01 1.020000e-03 4.174600e-01
430 5.813320e-01 1.024000e-03 4.176440e-01
431 5.811600e-01 1.004000e-03 4.178360e-01
432 5.809760e-01 1.028000e-03 4.179960e-01
433 5.808240e-01 9.800000e-04 4.181960e-01
434 5.806880e-01 9.160000e-04 4.183960e-01
435 5.805680e-01 8.880000e-04 4.185440e-01
436 5.804040e-01 9.200000e-04 4.186760e-01
437 5.801560e-01 9.680000e-04 4.188760e-01
438 5.799560e-01 9.880000e-04 4.190560e-01
439 5.797520e-01 1.064000e-03 4.191840e-01
440 5.795160e-01 1.096000e-03 4.193880e-01
441 5.793080e-01 1.132000e-03 4.195600e-01
442 5.791320e-01 1.120000e-03 4.197480e-01
443 5.788840e-01 1.108000e-03 4.200080e-01
444 5.787000e-01 1.104000e-03 4.201960e-01
445 5.784960e-01 1.132000e-03 4.203720e-01
446 5.782600e-01 1.160000e-03 4.205800e-01
447 5.780360e-01 1.172000e-03 4.207920e-01
448 5.778960e-01 1.076000e-03 4.210280e-01
449 5.777320e-01 1.060000e-03 4.212080e-01
450 5.774640e-01 1.084000e-03 4.214520e-01
451 5.772360e-01 1.124000e-03 4.216400e-01
452 5.770480e-01 1.112000e-03 4.218400e-01
453 5.769000e-01 1.052000e-03 4.220480e-01
454 5.767120e-01 1.116000e-03 4.221720e-01
455 5.765080e-01 1.140000e-03 4.223520e-01
456 5.763480e-01 1.068000e-03 4.225840e-01
457 5.761480e-01 1.024000e-03 4.228280e-01
458 5.759080e-01 1.072000e-03 4.230200e-01
459 5.757440e-01 1.036000e-03 4.232200e-01
460 5.755080e-01 1.088000e-03 4.234040e-01
461 5.753400e-01 1.084000e-03 4.235760e-01
462 5.751920e-01 9.760000e-04 4.238320e-01
463 5.750280e-01 9.680000e-04 4.240040e-01
464 5.749120e-01 9.200000e-04 4.241680e-01
465 5.747440e-01 9.400000e-04 4.243160e-01
466 5.745680e-01 9.440000e-04 4.244880e-01
467 5.743960e-01 9.720000e-04 4.246320e-01
468 5.742080e-01 9.960000e-04 4.247960e-01
469 5.740160e-01 9.920000e-04 4.249920e-01
470 5.738320e-01 1.024000e-03 4.251440e-01
471 5.736600e-01 1.040000e-03 4.253000e-01
472 5.734840e-01 1.088000e-03 4.254280e-01
473 5.733320e-01 9.440000e-04 4.257240e-01
474 5.731800e-01 8.840000e-04 4.259360e-01
475 5.730040e-01 9.280000e-04 4.260680e-01
476 5.728600e-01 9.120000e-04 4.262280e-01
477 5.727080e-01 9.440000e-04 4.263480e-01
478 5.725240e-01 9.600000e-04 4.265160e-01
479 5.723680e-01 9.400000e-04 4.266920e-01
480 5.722040e-01 9.560000e-04 4.268400e-01
481 5.720120e-01 1.008000e-03 4.269800e-01
482 5.717720e-01 1.080000e-03 4.271480e-01
483 5.716120e-01 1.088000e-03 4.273000e-01
484 5.714640e-01 1.056000e-03 4.274800e-01
485 5.711960e-01 1.124000e-03 4.276800e-01
486 5.709520e-01 1.164000e-03 4.278840e-01
487 5.706800e-01 1.220000e-03 4.281000e-01
488 5.703600e-01 1.316000e-03 4.283240e-01
489 5.701320e-01 1.328000e-03 4.285400e-01
490 5.698400e-01 1.404000e-03 4.287560e-01
491 5.695800e-01 1.388000e-03 4.290320e-01
492 5.693240e-01 1.368000e-03 4.293080e-01
493 5.690160e-01 1.468000e-03 4.295160e-01
494 5.687680e-01 1.468000e-03 4.297640e-01
495 5.684720e-01 1.572000e-03 4.299560e-01
496 5.682520e-01 1.496000e-03 4.302520e-01
497 5.679920e-01 1.532000e-03 4.304760e-01
498 5.676800e-01 1.536000e-03 4.307840e-01
499 5.674400e-01 1.504000e-03 4.310560e-01
500 5.671520e-01 1.528000e-03 4.313200e-01
