1 9.991640e-01 7.360000e-04 1.000000e-04
2 9.987080e-01 1.052000e-03 2.400000e-04
3 9.980600e-01 1.476000e-03 4.640000e-04
4 9.973200e-01 1.920000e-03 7.600000e-04
5 9.965480e-01 2.384000e-03 1.068000e-03
6 9.955400e-01 2.912000e-03 1.548000e-03
7 9.946840e-01 3.164000e-03 2.152000e-03
8 9.937280e-01 3.516000e-03 2.756000e-03
9 9.928520e-01 3.768000e-03 3.380000e-03
10 9.919760e-01 3.964000e-03 4.060000e-03
11 9.909120e-01 4.364000e-03 4.724000e-03
12 9.896960e-01 4.792000e-03 5.512000e-03
13 9.885680e-01 5.128000e-03 6.304000e-03
14 9.874200e-01 5.284000e-03 7.296000e-03
15 9.862000e-01 5.608000e-03 8.192000e-03
16 9.848840e-01 5.916000e-03 9.200000e-03
17 9.837200e-01 6.128000e-03 1.015200e-02
18 9.823560e-01 6.420000e-03 1.122400e-02
19 9.810000e-01 6.716000e-03 1.228400e-02
20 9.797000e-01 6.836000e-03 1.346400e-02
21 9.782720e-01 7.024000e-03 1.470400e-02
22 9.768520e-01 7.288000e-03 1.586000e-02
23 9.754080e-01 7.440000e-03 1.715200e-02
24 9.739640e-01 7.572000e-03 1.846400e-02
25 9.723000e-01 7.900000e-03 1.980000e-02
26 9.708000e-01 8.080000e-03 2.112000e-02
27 9.693960e-01 8.032000e-03 2.257200e-02
28 9.680560e-01 7.948000e-03 2.399600e-02
29 9.665360e-01 8.096000e-03 2.536800e-02
30 9.651040e-01 7.976000e-03 2.692000e-02
31 9.634360e-01 8.324000e-03 2.824000e-02
32 9.618440e-01 8.588000e-03 2.956800e-02
33 9.600600e-01 8.868000e-03 3.107200e-02
34 9.582880e-01 8.980000e-03 3.273200e-02
35 9.564720e-01 9.316000e-03 3.421200e-02
36 9.546360e-01 9.356000e-03 3.600800e-02
37 9.529120e-01 9.480000e-03 3.760800e-02
38 9.512360e-01 9.444000e-03 3.932000e-02
39 9.495680e-01 9.380000e-03 4.105200e-02
40 9.480080e-01 9.332000e-03 4.266000e-02
41 9.464800e-01 9.252000e-03 4.426800e-02
42 9.448680e-01 9.144000e-03 4.598800e-02
43 9.430200e-01 9.348000e-03 4.763200e-02
44 9.414920e-01 9.200000e-03 4.930800e-02
45 9.397600e-01 9.396000e-03 5.084400e-02
46 9.381480e-01 9.124000e-03 5.272800e-02
47 9.364400e-01 9.256000e-03 5.430400e-02
48 9.348160e-01 9.372000e-03 5.581200e-02
49 9.332040e-01 9.388000e-03 5.740800e-02
50 9.316000e-01 9.292000e-03 5.910800e-02
51 9.300720e-01 9.204000e-03 6.072400e-02
52 9.284080e-01 9.176000e-03 6.241600e-02
53 9.268520e-01 9.268000e-03 6.388000e-02
54 9.254520e-01 8.944000e-03 6.560400e-02
55 9.240080e-01 8.760000e-03 6.723200e-02
56 9.224360e-01 8.880000e-03 6.868400e-02
57 9.207160e-01 8.880000e-03 7.040400e-02
58 9.190600e-01 8.952000e-03 7.198800e-02
59 9.175240e-01 8.876000e-03 7.360000e-02
60 9.159880e-01 8.912000e-03 7.510000e-02
61 9.143720e-01 9.012000e-03 7.661600e-02
62 9.127640e-01 9.044000e-03 7.819200e-02
63 9.110360e-01 9.116000e-03 7.984800e-02
64 9.093520e-01 9.108000e-03 8.154000e-02
65 9.075920e-01 9.256000e-03 8.315200e-02
66 9.058440e-01 9.308000e-03 8.484800e-02
67 9.042720e-01 9.020000e-03 8.670800e-02
68 9.025320e-01 9.148000e-03 8.832000e-02
69 9.009000e-01 9.148000e-03 8.995200e-02
70 8.993160e-01 9.224000e-03 9.146000e-02
71 8.975520e-01 9.284000e-03 9.316400e-02
72 8.958400e-01 9.364000e-03 9.479600e-02
73 8.940280e-01 9.348000e-03 9.662400e-02
74 8.923160e-01 9.556000e-03 9.812800e-02
75 8.904480e-01 9.752000e-03 9.980000e-02
76 8.888040e-01 9.640000e-03 1.015560e-01
77 8.872720e-01 9.540000e-03 1.031880e-01
78 8.856960e-01 9.436000e-03 1.048680e-01
79 8.841600e-01 9.268000e-03 1.065720e-01
80 8.826160e-01 9.268000e-03 1.081160e-01
81 8.809200e-01 9.244000e-03 1.098360e-01
82 8.794920e-01 9.128000e-03 1.113800e-01
83 8.779880e-01 9.088000e-03 1.129240e-01
84 8.765920e-01 8.752000e-03 1.146560e-01
85 8.750280e-01 8.832000e-03 1.161400e-01
86 8.735920e-01 8.712000e-03 1.176960e-01
87 8.721120e-01 8.592000e-03 1.192960e-01
88 8.707520e-01 8.416000e-03 1.208320e-01
89 8.692600e-01 8.288000e-03 1.224520e-01
90 8.677320e-01 8.468000e-03 1.238000e-01
91 8.663640e-01 8.376000e-03 1.252600e-01
92 8.647760e-01 8.504000e-03 1.267200e-01
93 8.633920e-01 8.388000e-03 1.282200e-01
94 8.620080e-01 8.284000e-03 1.297080e-01
95 8.605840e-01 8.284000e-03 1.311320e-01
96 8.590960e-01 8.284000e-03 1.326200e-01
97 8.576120e-01 8.316000e-03 1.340720e-01
98 8.561840e-01 8.204000e-03 1.356120e-01
99 8.547480e-01 8.176000e-03 1.370760e-01
100 8.533920e-01 8.184000e-03 1.384240e-01
101 8.521240e-01 8.056000e-03 1.398200e-01
102 8.508640e-01 7.972000e-03 1.411640e-01
103 8.495800e-01 7.848000e-03 1.425720e-01
104 8.483360e-01 7.752000e-03 1.439120e-01
105 8.470080e-01 7.776000e-03 1.452160e-01
106 8.458040e-01 7.500000e-03 1.466960e-01
107 8.445040e-01 7.500000e-03 1.479960e-01
108 8.432000e-01 7.560000e-03 1.492400e-01
109 8.418280e-01 7.588000e-03 1.505840e-01
110 8.405040e-01 7.572000e-03 1.519240e-01
111 8.392400e-01 7.516000e-03 1.532440e-01
112 8.380200e-01 7.440000e-03 1.545400e-01
113 8.366960e-01 7.444000e-03 1.558600e-01
114 8.353400e-01 7.440000e-03 1.572200e-01
115 8.342440e-01 7.244000e-03 1.585120e-01
116 8.330760e-01 7.056000e-03 1.598680e-01
117 8.318800e-01 7.020000e-03 1.611000e-01
118 8.307320e-01 6.888000e-03 1.623800e-01
119 8.295760e-01 6.812000e-03 1.636120e-01
120 8.285880e-01 6.608000e-03 1.648040e-01
121 8.273520e-01 6.588000e-03 1.660600e-01
122 8.260800e-01 6.756000e-03 1.671640e-01
123 8.249680e-01 6.708000e-03 1.683240e-01
124 8.239880e-01 6.580000e-03 1.694320e-01
125 8.228920e-01 6.644000e-03 1.704640e-01
126 8.219280e-01 6.560000e-03 1.715120e-01
127 8.208640e-01 6.528000e-03 1.726080e-01
128 8.198960e-01 6.364000e-03 1.737400e-01
129 8.188600e-01 6.276000e-03 1.748640e-01
130 8.177040e-01 6.388000e-03 1.759080e-01
131 8.165360e-01 6.484000e-03 1.769800e-01
132 8.154320e-01 6.348000e-03 1.782200e-01
133 8.143400e-01 6.328000e-03 1.793320e-01
134 8.132320e-01 6.296000e-03 1.804720e-01
135 8.122600e-01 6.156000e-03 1.815840e-01
136 8.111680e-01 6.136000e-03 1.826960e-01
137 8.100680e-01 6.252000e-03 1.836800e-01
138 8.089640e-01 6.252000e-03 1.847840e-01
139 8.079480e-01 6.252000e-03 1.858000e-01
140 8.069120e-01 6.288000e-03 1.868000e-01
141 8.059480e-01 6.084000e-03 1.879680e-01
142 8.050600e-01 5.860000e-03 1.890800e-01
143 8.041400e-01 5.788000e-03 1.900720e-01
144 8.031800e-01 5.588000e-03 1.912320e-01
145 8.023800e-01 5.412000e-03 1.922080e-01
146 8.013960e-01 5.464000e-03 1.931400e-01
147 8.004520e-01 5.472000e-03 1.940760e-01
148 7.995840e-01 5.404000e-03 1.950120e-01
149 7.985960e-01 5.432000e-03 1.959720e-01
150 7.976960e-01 5.436000e-03 1.968680e-01
151 7.967480e-01 5.432000e-03 1.978200e-01
152 7.958440e-01 5.408000e-03 1.987480e-01
153 7.950000e-01 5.396000e-03 1.996040e-01
154 7.941720e-01 5.260000e-03 2.005680e-01
155 7.934080e-01 5.104000e-03 2.014880e-01
156 7.925960e-01 4.992000e-03 2.024120e-01
157 7.918120e-01 4.872000e-03 2.033160e-01
158 7.910720e-01 4.836000e-03 2.040920e-01
159 7.902560e-01 4.920000e-03 2.048240e-01
160 7.893680e-01 4.964000e-03 2.056680e-01
161 7.885280e-01 4.928000e-03 2.065440e-01
162 7.877600e-01 4.832000e-03 2.074080e-01
163 7.870120e-01 4.712000e-03 2.082760e-01
164 7.863120e-01 4.636000e-03 2.090520e-01
165 7.855960e-01 4.576000e-03 2.098280e-01
166 7.849080e-01 4.476000e-03 2.106160e-01
167 7.841560e-01 4.364000e-03 2.114800e-01
168 7.834080e-01 4.348000e-03 2.122440e-01
169 7.827600e-01 4.176000e-03 2.130640e-01
170 7.821400e-01 4.068000e-03 2.137920e-01
171 7.814160e-01 4.088000e-03 2.144960e-01
172 7.807000e-01 4.132000e-03 2.151680e-01
173 7.800400e-01 4.156000e-03 2.158040e-01
174 7.793360e-01 4.084000e-03 2.165800e-01
175 7.786360e-01 4.092000e-03 2.172720e-01
176 7.779720e-01 4.004000e-03 2.180240e-01
177 7.773200e-01 3.944000e-03 2.187360e-01
178 7.766000e-01 4.052000e-03 2.193480e-01
179 7.758680e-01 4.160000e-03 2.199720e-01
180 7.752840e-01 4.012000e-03 2.207040e-01
181 7.746040e-01 3.972000e-03 2.214240e-01
182 7.740120e-01 3.924000e-03 2.220640e-01
183 7.733800e-01 3.844000e-03 2.227760e-01
184 7.727440e-01 3.788000e-03 2.234680e-01
185 7.720320e-01 3.860000e-03 2.241080e-01
186 7.714280e-01 3.824000e-03 2.247480e-01
187 7.708200e-01 3.736000e-03 2.254440e-01
188 7.702640e-01 3.592000e-03 2.261440e-01
189 7.697040e-01 3.440000e-03 2.268560e-01
190 7.691840e-01 3.388000e-03 2.274280e-01
191 7.686520e-01 3.304000e-03 2.280440e-01
192 7.681640e-01 3.172000e-03 2.286640e-01
193 7.676400e-01 3.156000e-03 2.292040e-01
194 7.670440e-01 3.176000e-03 2.297800e-01
195 7.664520e-01 3.244000e-03 2.303040e-01
196 7.658640e-01 3.280000e-03 2.308560e-01
197 7.653280e-01 3.252000e-03 2.314200e-01
198 7.647440e-01 3.280000e-03 2.319760e-01
199 7.641880e-01 3.272000e-03 2.325400e-01
200 7.636600e-01 3.212000e-03 2.331280e-01
201 7.630320e-01 3.264000e-03 2.337040e-01
202 7.625040e-01 3.212000e-03 2.342840e-01
203 7.619840e-01 3.156000e-03 2.348600e-01
204 7.614400e-01 3.176000e-03 2.353840e-01
205 7.608400e-01 3.220000e-03 2.359400e-01
206 7.602400e-01 3.288000e-03 2.364720e-01
207 7.597560e-01 3.260000e-03 2.369840e-01
208 7.591720e-01 3.276000e-03 2.375520e-01
209 7.586960e-01 3.128000e-03 2.381760e-01
210 7.581480e-01 3.128000e-03 2.387240e-01
211 7.575080e-01 3.172000e-03 2.393200e-01
212 7.569560e-01 3.204000e-03 2.398400e-01
213 7.564280e-01 3.180000e-03 2.403920e-01
214 7.558760e-01 3.156000e-03 2.409680e-01
215 7.553880e-01 3.048000e-03 2.415640e-01
216 7.549280e-01 3.004000e-03 2.420680e-01
217 7.544480e-01 2.976000e-03 2.425760e-01
218 7.540160e-01 2.860000e-03 2.431240e-01
219 7.535200e-01 2.872000e-03 2.436080e-01
220 7.530560e-01 2.876000e-03 2.440680e-01
221 7.526160e-01 2.836000e-03 2.445480e-01
222 7.521120e-01 2.828000e-03 2.450600e-01
223 7.515560e-01 2.888000e-03 2.455560e-01
224 7.510440e-01 2.924000e-03 2.460320e-01
225 7.505200e-01 2.892000e-03 2.465880e-01
226 7.500720e-01 2.808000e-03 2.471200e-01
227 7.496680e-01 2.704000e-03 2.476280e-01
228 7.493560e-01 2.608000e-03 2.480360e-01
229 7.489280e-01 2.600000e-03 2.484720e-01
230 7.485200e-01 2.524000e-03 2.489560e-01
231 7.481240e-01 2.592000e-03 2.492840e-01
232 7.477720e-01 2.496000e-03 2.497320e-01
233 7.474160e-01 2.476000e-03 2.501080e-01
234 7.470760e-01 2.376000e-03 2.505480e-01
235 7.467200e-01 2.356000e-03 2.509240e-01
236 7.463600e-01 2.304000e-03 2.513360e-01
237 7.460840e-01 2.144000e-03 2.517720e-01
238 7.457960e-01 2.100000e-03 2.521040e-01
239 7.454720e-01 2.044000e-03 2.524840e-01
240 7.451840e-01 1.968000e-03 2.528480e-01
241 7.448080e-01 1.988000e-03 2.532040e-01
242 7.444880e-01 1.920000e-03 2.535920e-01
243 7.441240e-01 1.940000e-03 2.539360e-01
244 7.437800e-01 1.932000e-03 2.542880e-01
245 7.434080e-01 1.984000e-03 2.546080e-01
246 7.430280e-01 2.012000e-03 2.549600e-01
247 7.426760e-01 2.016000e-03 2.553080e-01
248 7.422920e-01 2.040000e-03 2.556680e-01
249 7.419120e-01 2.076000e-03 2.560120e-01
250 7.414720e-01 2.196000e-03 2.563320e-01
251 7.410320e-01 2.252000e-03 2.567160e-01
252 7.406400e-01 2.248000e-03 2.571120e-01
253 7.403160e-01 2.164000e-03 2.575200e-01
254 7.399080e-01 2.228000e-03 2.578640e-01
255 7.394880e-01 2.276000e-03 2.582360e-01
256 7.389240e-01 2.456000e-03 2.586200e-01
257 7.384200e-01 2.560000e-03 2.590200e-01
258 7.379560e-01 2.592000e-03 2.594520e-01
259 7.374000e-01 2.740000e-03 2.598600e-01
260 7.368880e-01 2.740000e-03 2.603720e-01
261 7.364120e-01 2.732000e-03 2.608560e-01
262 7.359080e-01 2.728000e-03 2.613640e-01
263 7.354720e-01 2.692000e-03 2.618360e-01
264 7.350160e-01 2.684000e-03 2.623000e-01
265 7.345640e-01 2.684000e-03 2.627520e-01
266 7.341320e-01 2.572000e-03 2.632960e-01
267 7.337560e-01 2.484000e-03 2.637600e-01
268 7.333320e-01 2.524000e-03 2.641440e-01
269 7.329160e-01 2.512000e-03 2.645720e-01
270 7.324560e-01 2.568000e-03 2.649760e-01
271 7.319960e-01 2.604000e-03 2.654000e-01
272 7.315880e-01 2.508000e-03 2.659040e-01
273 7.312160e-01 2.432000e-03 2.663520e-01
274 7.308960e-01 2.324000e-03 2.667800e-01
275 7.305080e-01 2.264000e-03 2.672280e-01
276 7.301640e-01 2.220000e-03 2.676160e-01
277 7.298000e-01 2.220000e-03 2.679800e-01
278 7.293920e-01 2.280000e-03 2.683280e-01
279 7.290280e-01 2.152000e-03 2.688200e-01
280 7.286280e-01 2.148000e-03 2.692240e-01
281 7.282640e-01 2.176000e-03 2.695600e-01
282 7.278240e-01 2.252000e-03 2.699240e-01
283 7.274240e-01 2.236000e-03 2.703400e-01
284 7.270400e-01 2.220000e-03 2.707400e-01
285 7.265960e-01 2.260000e-03 2.711440e-01
286 7.262440e-01 2.176000e-03 2.715800e-01
287 7.258880e-01 2.176000e-03 2.719360e-01
288 7.254600e-01 2.232000e-03 2.723080e-01
289 7.250920e-01 2.160000e-03 2.727480e-01
290 7.247200e-01 2.152000e-03 2.731280e-01
291 7.244240e-01 2.064000e-03 2.735120e-01
292 7.241200e-01 1.988000e-03 2.738920e-01
293 7.237560e-01 1.948000e-03 2.742960e-01
294 7.234840e-01 1.904000e-03 2.746120e-01
295 7.231560e-01 1.856000e-03 2.749880e-01
296 7.229200e-01 1.760000e-03 2.753200e-01
297 7.226720e-01 1.712000e-03 2.756160e-01
298 7.224200e-01 1.672000e-03 2.759080e-01
299 7.221480e-01 1.692000e-03 2.761600e-01
300 7.217600e-01 1.756000e-03 2.764840e-01
301 7.214120e-01 1.808000e-03 2.767800e-01
302 7.210680e-01 1.868000e-03 2.770640e-01
303 7.206880e-01 1.912000e-03 2.774000e-01
304 7.203080e-01 1.956000e-03 2.777360e-01
305 7.199560e-01 1.980000e-03 2.780640e-01
306 7.196120e-01 2.000000e-03 2.783880e-01
307 7.192800e-01 1.964000e-03 2.787560e-01
308 7.189560e-01 1.912000e-03 2.791320e-01
309 7.186200e-01 1.968000e-03 2.794120e-01
310 7.182840e-01 1.920000e-03 2.797960e-01
311 7.179240e-01 1.904000e-03 2.801720e-01
312 7.175240e-01 1.988000e-03 2.804880e-01
313 7.171440e-01 2.040000e-03 2.808160e-01
314 7.167400e-01 2.116000e-03 2.811440e-01
315 7.163640e-01 2.180000e-03 2.814560e-01
316 7.159480e-01 2.196000e-03 2.818560e-01
317 7.155840e-01 2.200000e-03 2.822160e-01
318 7.151840e-01 2.164000e-03 2.826520e-01
319 7.147920e-01 2.220000e-03 2.829880e-01
320 7.144320e-01 2.204000e-03 2.833640e-01
321 7.141520e-01 2.116000e-03 2.837320e-01
322 7.138520e-01 2.044000e-03 2.841040e-01
323 7.135280e-01 2.008000e-03 2.844640e-01
324 7.132080e-01 1.988000e-03 2.848040e-01
325 7.128600e-01 1.980000e-03 2.851600e-01
326 7.125840e-01 1.944000e-03 2.854720e-01
327 7.122840e-01 1.928000e-03 2.857880e-01
328 7.119600e-01 1.828000e-03 2.862120e-01
329 7.115960e-01 1.836000e-03 2.865680e-01
330 7.112840e-01 1.808000e-03 2.869080e-01
331 7.109000e-01 1.912000e-03 2.871880e-01
332 7.105720e-01 1.828000e-03 2.876000e-01
333 7.102040e-01 1.832000e-03 2.879640e-01
334 7.098440e-01 1.868000e-03 2.882880e-01
335 7.096120e-01 1.844000e-03 2.885440e-01
336 7.093160e-01 1.804000e-03 2.888800e-01
337 7.089520e-01 1.864000e-03 2.891840e-01
338 7.087000e-01 1.792000e-03 2.895080e-01
339 7.084120e-01 1.732000e-03 2.898560e-01
340 7.080880e-01 1.744000e-03 2.901680e-01
341 7.077960e-01 1.732000e-03 2.904720e-01
342 7.074360e-01 1.832000e-03 2.907320e-01
343 7.071320e-01 1.780000e-03 2.910880e-01
344 7.068520e-01 1.744000e-03 2.914040e-01
345 7.066000e-01 1.704000e-03 2.916960e-01
346 7.062560e-01 1.788000e-03 2.919560e-01
347 7.059120e-01 1.836000e-03 2.922520e-01
348 7.055480e-01 1.912000e-03 2.925400e-01
349 7.052160e-01 1.872000e-03 2.929120e-01
350 7.048480e-01 1.896000e-03 2.932560e-01
351 7.044920e-01 1.880000e-03 2.936280e-01
352 7.042000e-01 1.816000e-03 2.939840e-01
353 7.038560e-01 1.848000e-03 2.942960e-01
354 7.034640e-01 1.900000e-03 2.946360e-01
355 7.031440e-01 1.852000e-03 2.950040e-01
356 7.027880e-01 1.860000e-03 2.953520e-01
357 7.023800e-01 1.908000e-03 2.957120e-01
358 7.020600e-01 1.796000e-03 2.961440e-01
359 7.017120e-01 1.832000e-03 2.964560e-01
360 7.013680e-01 1.860000e-03 2.967720e-01
361 7.010520e-01 1.800000e-03 2.971480e-01
362 7.007520e-01 1.740000e-03 2.975080e-01
363 7.004240e-01 1.724000e-03 2.978520e-01
364 7.001200e-01 1.692000e-03 2.981880e-01
365 6.998400e-01 1.656000e-03 2.985040e-01
366 6.996080e-01 1.608000e-03 2.987840e-01
367 6.992800e-01 1.684000e-03 2.990360e-01
368 6.990240e-01 1.636000e-03 2.993400e-01
369 6.988200e-01 1.564000e-03 2.996160e-01
370 6.985280e-01 1.536000e-03 2.999360e-01
371 6.982880e-01 1.432000e-03 3.002800e-01
372 6.980920e-01 1.388000e-03 3.005200e-01
373 6.978560e-01 1.412000e-03 3.007320e-01
374 6.976320e-01 1.408000e-03 3.009600e-01
375 6.974240e-01 1.368000e-03 3.012080e-01
376 6.971840e-01 1.304000e-03 3.015120e-01
377 6.969600e-01 1.276000e-03 3.017640e-01
378 6.966960e-01 1.296000e-03 3.020080e-01
379 6.964960e-01 1.252000e-03 3.022520e-01
380 6.963200e-01 1.200000e-03 3.024800e-01
381 6.961080e-01 1.204000e-03 3.026880e-01
382 6.958760e-01 1.220000e-03 3.029040e-01
383 6.956680e-01 1.232000e-03 3.031000e-01
384 6.954640e-01 1.176000e-03 3.033600e-01
385 6.952120e-01 1.252000e-03 3.035360e-01
386 6.949600e-01 1.288000e-03 3.037520e-01
387 6.947360e-01 1.216000e-03 3.040480e-01
388 6.945320e-01 1.212000e-03 3.042560e-01
389 6.942400e-01 1.332000e-03 3.044280e-01
390 6.939600e-01 1.360000e-03 3.046800e-01
391 6.936680e-01 1.440000e-03 3.048920e-01
392 6.934040e-01 1.472000e-03 3.051240e-01
393 6.931480e-01 1.528000e-03 3.053240e-01
394 6.928520e-01 1.544000e-03 3.056040e-01
395 6.926120e-01 1.528000e-03 3.058600e-01
396 6.923760e-01 1.492000e-03 3.061320e-01
397 6.921160e-01 1.540000e-03 3.063440e-01
398 6.918560e-01 1.576000e-03 3.065680e-01
399 6.915960e-01 1.576000e-03 3.068280e-01
400 6.913200e-01 1.568000e-03 3.071120e-01
401 6.910320e-01 1.568000e-03 3.074000e-01
402 6.908040e-01 1.496000e-03 3.077000e-01
403 6.905600e-01 1.468000e-03 3.079720e-01
404 6.903080e-01 1.468000e-03 3.082240e-01
405 6.900440e-01 1.500000e-03 3.084560e-01
406 6.897640e-01 1.480000e-03 3.087560e-01
407 6.895720e-01 1.428000e-03 3.090000e-01
408 6.893360e-01 1.376000e-03 3.092880e-01
409 6.891040e-01 1.364000e-03 3.095320e-01
410 6.889160e-01 1.280000e-03 3.098040e-01
411 6.886880e-01 1.320000e-03 3.099920e-01
412 6.884600e-01 1.272000e-03 3.102680e-01
413 6.882560e-01 1.280000e-03 3.104640e-01
414 6.880640e-01 1.244000e-03 3.106920e-01
415 6.878560e-01 1.280000e-03 3.108640e-01
416 6.875680e-01 1.356000e-03 3.110760e-01
417 6.872800e-01 1.424000e-03 3.112960e-01
418 6.869640e-01 1.496000e-03 3.115400e-01
419 6.866960e-01 1.488000e-03 3.118160e-01
420 6.864880e-01 1.408000e-03 3.121040e-01
421 6.862040e-01 1.452000e-03 3.123440e-01
422 6.859320e-01 1.452000e-03 3.126160e-01
423 6.857040e-01 1.460000e-03 3.128360e-01
424 6.855080e-01 1.452000e-03 3.130400e-01
425 6.852840e-01 1.412000e-03 3.133040e-01
426 6.850800e-01 1.344000e-03 3.135760e-01
427 6.848560e-01 1.312000e-03 3.138320e-01
428 6.846880e-01 1.216000e-03 3.140960e-01
429 6.844720e-01 1.224000e-03 3.143040e-01
430 6.842880e-01 1.216000e-03 3.144960e-01
431 6.840840e-01 1.188000e-03 3.147280e-01
432 6.839680e-01 1.148000e-03 3.148840e-01
433 6.837200e-01 1.172000e-03 3.151080e-01
434 6.834640e-01 1.208000e-03 3.153280e-01
435 6.831840e-01 1.220000e-03 3.155960e-01
436 6.829320e-01 1.248000e-03 3.158200e-01
437 6.826680e-01 1.336000e-03 3.159960e-01
438 6.824640e-01 1.288000e-03 3.162480e-01
439 6.822600e-01 1.276000e-03 3.164640e-01
440 6.821040e-01 1.212000e-03 3.166840e-01
441 6.819000e-01 1.248000e-03 3.168520e-01
442 6.816320e-01 1.284000e-03 3.170840e-01
443 6.813720e-01 1.316000e-03 3.173120e-01
444 6.811280e-01 1.340000e-03 3.175320e-01
445 6.809240e-01 1.308000e-03 3.177680e-01
446 6.807560e-01 1.280000e-03 3.179640e-01
447 6.805360e-01 1.216000e-03 3.182480e-01
448 6.803480e-01 1.160000e-03 3.184920e-01
449 6.801960e-01 1.116000e-03 3.186880e-01
450 6.800360e-01 1.068000e-03 3.188960e-01
451 6.799280e-01 9.440000e-04 3.191280e-01
452 6.798120e-01 9.120000e-04 3.192760e-01
453 6.796640e-01 8.920000e-04 3.194440e-01
454 6.795280e-01 8.800000e-04 3.195920e-01
455 6.793640e-01 9.000000e-04 3.197360e-01
456 6.791800e-01 9.520000e-04 3.198680e-01
457 6.790200e-01 9.560000e-04 3.200240e-01
458 6.787680e-01 1.004000e-03 3.202280e-01
459 6.785800e-01 1.032000e-03 3.203880e-01
460 6.784280e-01 1.016000e-03 3.205560e-01
461 6.782520e-01 1.056000e-03 3.206920e-01
462 6.781160e-01 9.840000e-04 3.209000e-01
463 6.779680e-01 9.720000e-04 3.210600e-01
464 6.778160e-01 9.640000e-04 3.212200e-01
465 6.776360e-01 9.600000e-04 3.214040e-01
466 6.775040e-01 9.160000e-04 3.215800e-01
467 6.773600e-01 9.400000e-04 3.217000e-01
468 6.772040e-01 9.520000e-04 3.218440e-01
469 6.769880e-01 9.880000e-04 3.220240e-01
470 6.768280e-01 9.880000e-04 3.221840e-01
471 6.766520e-01 9.960000e-04 3.223520e-01
472 6.764280e-01 1.044000e-03 3.225280e-01
473 6.762800e-01 1.004000e-03 3.227160e-01
474 6.761520e-01 9.800000e-04 3.228680e-01
475 6.759920e-01 1.028000e-03 3.229800e-01
476 6.759000e-01 9.720000e-04 3.231280e-01
477 6.757080e-01 9.560000e-04 3.233360e-01
478 6.756080e-01 8.760000e-04 3.235160e-01
479 6.754800e-01 8.320000e-04 3.236880e-01
480 6.753600e-01 8.320000e-04 3.238080e-01
481 6.752000e-01 8.160000e-04 3.239840e-01
482 6.750080e-01 8.600000e-04 3.241320e-01
483 6.748440e-01 8.560000e-04 3.243000e-01
484 6.747160e-01 8.280000e-04 3.244560e-01
485 6.745880e-01 7.800000e-04 3.246320e-01
486 6.744360e-01 7.640000e-04 3.248000e-01
487 6.743280e-01 7.520000e-04 3.249200e-01
488 6.742200e-01 7.240000e-04 3.250560e-01
489 6.740960e-01 7.280000e-04 3.251760e-01
490 6.739160e-01 8.040000e-04 3.252800e-01
491 6.737680e-01 8.040000e-04 3.254280e-01
492 6.735920e-01 8.520000e-04 3.255560e-01
493 6.734400e-01 8.720000e-04 3.256880e-01
494 6.732880e-01 8.920000e-04 3.258200e-01
495 6.731320e-01 9.120000e-04 3.259560e-01
496 6.729880e-01 8.720000e-04 3.261400e-01
497 6.728320e-01 8.760000e-04 3.262920e-01
498 6.726960e-01 8.680000e-04 3.264360e-01
499 6.725520e-01 8.800000e-04 3.265680e-01
500 6.723400e-01 9.840000e-04 3.266760e-01
