1 9.991280e-01 7.800000e-04 9.200000e-05
2 9.985240e-01 1.176000e-03 3.000000e-04
3 9.978680e-01 1.588000e-03 5.440000e-04
4 9.970720e-01 2.120000e-03 8.080000e-04
5 9.961960e-01 2.568000e-03 1.236000e-03
6 9.952800e-01 2.968000e-03 1.752000e-03
7 9.942920e-01 3.400000e-03 2.308000e-03
8 9.931880e-01 3.808000e-03 3.004000e-03
9 9.921280e-01 4.180000e-03 3.692000e-03
10 9.909480e-01 4.680000e-03 4.372000e-03
11 9.898640e-01 4.920000e-03 5.216000e-03
12 9.886800e-01 5.252000e-03 6.068000e-03
13 9.874840e-01 5.560000e-03 6.956000e-03
14 9.862080e-01 5.860000e-03 7.932000e-03
15 9.847560e-01 6.316000e-03 8.928000e-03
16 9.834400e-01 6.432000e-03 1.012800e-02
17 9.819160e-01 6.728000e-03 1.135600e-02
18 9.804040e-01 7.016000e-03 1.258000e-02
19 9.790920e-01 7.176000e-03 1.373200e-02
20 9.775320e-01 7.312000e-03 1.515600e-02
21 9.759280e-01 7.684000e-03 1.638800e-02
22 9.744400e-01 7.848000e-03 1.771200e-02
23 9.729560e-01 8.024000e-03 1.902000e-02
24 9.711400e-01 8.324000e-03 2.053600e-02
25 9.694560e-01 8.596000e-03 2.194800e-02
26 9.679160e-01 8.576000e-03 2.350800e-02
27 9.662160e-01 8.848000e-03 2.493600e-02
28 9.645160e-01 8.972000e-03 2.651200e-02
29 9.628520e-01 9.096000e-03 2.805200e-02
30 9.611640e-01 9.240000e-03 2.959600e-02
31 9.596280e-01 9.200000e-03 3.117200e-02
32 9.579120e-01 9.228000e-03 3.286000e-02
33 9.562480e-01 9.256000e-03 3.449600e-02
34 9.545520e-01 9.316000e-03 3.613200e-02
35 9.527880e-01 9.456000e-03 3.775600e-02
36 9.510600e-01 9.460000e-03 3.948000e-02
37 9.494000e-01 9.520000e-03 4.108000e-02
38 9.477760e-01 9.292000e-03 4.293200e-02
39 9.462400e-01 9.208000e-03 4.455200e-02
40 9.447760e-01 9.104000e-03 4.612000e-02
41 9.432120e-01 9.052000e-03 4.773600e-02
42 9.415320e-01 9.096000e-03 4.937200e-02
43 9.400320e-01 9.112000e-03 5.085600e-02
44 9.385000e-01 9.044000e-03 5.245600e-02
45 9.368920e-01 9.172000e-03 5.393600e-02
46 9.353760e-01 9.008000e-03 5.561600e-02
47 9.338000e-01 9.092000e-03 5.710800e-02
48 9.323920e-01 8.944000e-03 5.866400e-02
49 9.307920e-01 9.132000e-03 6.007600e-02
50 9.290360e-01 9.260000e-03 6.170400e-02
51 9.273840e-01 9.396000e-03 6.322000e-02
52 9.255560e-01 9.624000e-03 6.482000e-02
53 9.236560e-01 9.844000e-03 6.650000e-02
54 9.218320e-01 9.836000e-03 6.833200e-02
55 9.200640e-01 9.804000e-03 7.013200e-02
56 9.183960e-01 9.768000e-03 7.183600e-02
57 9.167400e-01 9.712000e-03 7.354800e-02
58 9.149880e-01 9.764000e-03 7.524800e-02
59 9.133880e-01 9.576000e-03 7.703600e-02
60 9.117320e-01 9.608000e-03 7.866000e-02
61 9.101000e-01 9.568000e-03 8.033200e-02
62 9.086560e-01 9.388000e-03 8.195600e-02
63 9.070400e-01 9.540000e-03 8.342000e-02
64 9.053840e-01 9.464000e-03 8.515200e-02
65 9.038040e-01 9.424000e-03 8.677200e-02
66 9.021400e-01 9.444000e-03 8.841600e-02
67 9.005600e-01 9.212000e-03 9.022800e-02
68 8.989920e-01 9.156000e-03 9.185200e-02
69 8.974960e-01 9.016000e-03 9.348800e-02
70 8.958200e-01 9.072000e-03 9.510800e-02
71 8.942640e-01 8.944000e-03 9.679200e-02
72 8.929680e-01 8.540000e-03 9.849200e-02
73 8.914360e-01 8.552000e-03 1.000120e-01
74 8.899120e-01 8.544000e-03 1.015440e-01
75 8.882480e-01 8.604000e-03 1.031480e-01
76 8.866400e-01 8.680000e-03 1.046800e-01
77 8.850680e-01 8.828000e-03 1.061040e-01
78 8.836000e-01 8.796000e-03 1.076040e-01
79 8.819680e-01 8.876000e-03 1.091560e-01
80 8.803400e-01 8.824000e-03 1.108360e-01
81 8.787840e-01 8.668000e-03 1.125480e-01
82 8.772600e-01 8.596000e-03 1.141440e-01
83 8.758680e-01 8.520000e-03 1.156120e-01
84 8.744760e-01 8.352000e-03 1.171720e-01
85 8.730240e-01 8.236000e-03 1.187400e-01
86 8.716720e-01 8.032000e-03 1.202960e-01
87 8.702240e-01 8.060000e-03 1.217160e-01
88 8.688320e-01 7.852000e-03 1.233160e-01
89 8.673120e-01 7.880000e-03 1.248080e-01
90 8.658160e-01 8.028000e-03 1.261560e-01
91 8.642200e-01 8.212000e-03 1.275680e-01
92 8.627280e-01 8.376000e-03 1.288960e-01
93 8.611360e-01 8.576000e-03 1.302880e-01
94 8.594200e-01 8.740000e-03 1.318400e-01
95 8.578080e-01 8.848000e-03 1.333440e-01
96 8.564680e-01 8.660000e-03 1.348720e-01
97 8.548640e-01 8.792000e-03 1.363440e-01
98 8.533840e-01 8.684000e-03 1.379320e-01
99 8.519240e-01 8.600000e-03 1.394760e-01
100 8.504760e-01 8.488000e-03 1.410360e-01
101 8.492160e-01 8.360000e-03 1.424240e-01
102 8.478800e-01 8.300000e-03 1.438200e-01
103 8.465000e-01 8.340000e-03 1.451600e-01
104 8.451760e-01 8.244000e-03 1.465800e-01
105 8.439120e-01 8.048000e-03 1.480400e-01
106 8.425560e-01 7.976000e-03 1.494680e-01
107 8.412560e-01 7.872000e-03 1.508720e-01
108 8.400000e-01 7.716000e-03 1.522840e-01
109 8.386160e-01 7.704000e-03 1.536800e-01
110 8.372240e-01 7.756000e-03 1.550200e-01
111 8.359120e-01 7.668000e-03 1.564200e-01
112 8.346480e-01 7.600000e-03 1.577520e-01
113 8.333160e-01 7.732000e-03 1.589520e-01
114 8.321000e-01 7.568000e-03 1.603320e-01
115 8.309000e-01 7.472000e-03 1.616280e-01
116 8.297000e-01 7.372000e-03 1.629280e-01
117 8.284760e-01 7.268000e-03 1.642560e-01
118 8.272680e-01 7.208000e-03 1.655240e-01
119 8.260560e-01 7.136000e-03 1.668080e-01
120 8.248560e-01 7.084000e-03 1.680600e-01
121 8.236560e-01 6.980000e-03 1.693640e-01
122 8.224080e-01 6.928000e-03 1.706640e-01
123 8.213960e-01 6.756000e-03 1.718480e-01
124 8.204400e-01 6.604000e-03 1.729560e-01
125 8.194160e-01 6.364000e-03 1.742200e-01
126 8.183280e-01 6.408000e-03 1.752640e-01
127 8.172040e-01 6.460000e-03 1.763360e-01
128 8.159800e-01 6.584000e-03 1.774360e-01
129 8.147480e-01 6.824000e-03 1.784280e-01
130 8.136160e-01 6.812000e-03 1.795720e-01
131 8.125520e-01 6.712000e-03 1.807360e-01
132 8.114240e-01 6.720000e-03 1.818560e-01
133 8.103920e-01 6.628000e-03 1.829800e-01
134 8.091720e-01 6.676000e-03 1.841520e-01
135 8.081800e-01 6.412000e-03 1.854080e-01
136 8.069720e-01 6.456000e-03 1.865720e-01
137 8.057080e-01 6.492000e-03 1.878000e-01
138 8.047200e-01 6.444000e-03 1.888360e-01
139 8.036680e-01 6.432000e-03 1.899000e-01
140 8.026600e-01 6.384000e-03 1.909560e-01
141 8.015440e-01 6.464000e-03 1.919920e-01
142 8.004800e-01 6.412000e-03 1.931080e-01
143 7.994440e-01 6.280000e-03 1.942760e-01
144 7.985360e-01 6.068000e-03 1.953960e-01
145 7.974040e-01 6.148000e-03 1.964480e-01
146 7.964440e-01 6.020000e-03 1.975360e-01
147 7.954280e-01 5.976000e-03 1.985960e-01
148 7.945240e-01 5.824000e-03 1.996520e-01
149 7.937120e-01 5.656000e-03 2.006320e-01
150 7.926960e-01 5.576000e-03 2.017280e-01
151 7.917360e-01 5.636000e-03 2.026280e-01
152 7.908160e-01 5.580000e-03 2.036040e-01
153 7.899760e-01 5.444000e-03 2.045800e-01
154 7.890160e-01 5.428000e-03 2.055560e-01
155 7.881520e-01 5.424000e-03 2.064240e-01
156 7.872680e-01 5.472000e-03 2.072600e-01
157 7.863120e-01 5.464000e-03 2.082240e-01
158 7.853800e-01 5.400000e-03 2.092200e-01
159 7.844400e-01 5.424000e-03 2.101360e-01
160 7.835120e-01 5.392000e-03 2.110960e-01
161 7.825080e-01 5.524000e-03 2.119680e-01
162 7.815720e-01 5.456000e-03 2.129720e-01
163 7.806520e-01 5.460000e-03 2.138880e-01
164 7.797520e-01 5.396000e-03 2.148520e-01
165 7.788920e-01 5.248000e-03 2.158600e-01
166 7.780520e-01 5.236000e-03 2.167120e-01
167 7.772080e-01 5.184000e-03 2.176080e-01
168 7.763320e-01 5.108000e-03 2.185600e-01
169 7.753880e-01 5.136000e-03 2.194760e-01
170 7.743560e-01 5.280000e-03 2.203640e-01
171 7.733360e-01 5.400000e-03 2.212640e-01
172 7.722240e-01 5.556000e-03 2.222200e-01
173 7.711960e-01 5.528000e-03 2.232760e-01
174 7.702680e-01 5.452000e-03 2.242800e-01
175 7.693720e-01 5.484000e-03 2.251440e-01
176 7.684520e-01 5.428000e-03 2.261200e-01
177 7.676480e-01 5.308000e-03 2.270440e-01
178 7.667080e-01 5.344000e-03 2.279480e-01
179 7.659000e-01 5.164000e-03 2.289360e-01
180 7.650200e-01 5.224000e-03 2.297560e-01
181 7.640400e-01 5.308000e-03 2.306520e-01
182 7.632480e-01 5.276000e-03 2.314760e-01
183 7.623000e-01 5.232000e-03 2.324680e-01
184 7.613760e-01 5.200000e-03 2.334240e-01
185 7.603920e-01 5.232000e-03 2.343760e-01
186 7.594000e-01 5.316000e-03 2.352840e-01
187 7.584760e-01 5.328000e-03 2.361960e-01
188 7.574680e-01 5.464000e-03 2.370680e-01
189 7.565360e-01 5.324000e-03 2.381400e-01
190 7.556720e-01 5.312000e-03 2.390160e-01
191 7.549040e-01 5.108000e-03 2.399880e-01
192 7.541120e-01 5.032000e-03 2.408560e-01
193 7.533600e-01 4.868000e-03 2.417720e-01
194 7.526120e-01 4.764000e-03 2.426240e-01
195 7.517520e-01 4.860000e-03 2.433880e-01
196 7.509240e-01 4.888000e-03 2.441880e-01
197 7.501440e-01 4.808000e-03 2.450480e-01
198 7.492880e-01 4.844000e-03 2.458680e-01
199 7.485040e-01 4.708000e-03 2.467880e-01
200 7.477280e-01 4.752000e-03 2.475200e-01
201 7.469200e-01 4.744000e-03 2.483360e-01
202 7.460920e-01 4.652000e-03 2.492560e-01
203 7.453160e-01 4.620000e-03 2.500640e-01
204 7.443800e-01 4.712000e-03 2.509080e-01
205 7.435960e-01 4.696000e-03 2.517080e-01
206 7.427280e-01 4.744000e-03 2.525280e-01
207 7.420040e-01 4.656000e-03 2.533400e-01
208 7.412040e-01 4.580000e-03 2.542160e-01
209 7.404440e-01 4.536000e-03 2.550200e-01
210 7.396760e-01 4.488000e-03 2.558360e-01
211 7.388840e-01 4.472000e-03 2.566440e-01
212 7.381200e-01 4.484000e-03 2.573960e-01
213 7.373440e-01 4.460000e-03 2.581960e-01
214 7.366200e-01 4.404000e-03 2.589760e-01
215 7.359280e-01 4.344000e-03 2.597280e-01
216 7.351280e-01 4.368000e-03 2.605040e-01
217 7.344120e-01 4.292000e-03 2.612960e-01
218 7.337320e-01 4.224000e-03 2.620440e-01
219 7.329440e-01 4.268000e-03 2.627880e-01
220 7.321360e-01 4.324000e-03 2.635400e-01
221 7.314320e-01 4.308000e-03 2.642600e-01
222 7.306960e-01 4.324000e-03 2.649800e-01
223 7.299000e-01 4.316000e-03 2.657840e-01
224 7.291120e-01 4.384000e-03 2.665040e-01
225 7.282920e-01 4.400000e-03 2.673080e-01
226 7.275440e-01 4.224000e-03 2.682320e-01
227 7.267360e-01 4.212000e-03 2.690520e-01
228 7.260760e-01 4.216000e-03 2.697080e-01
229 7.252920e-01 4.236000e-03 2.704720e-01
230 7.244560e-01 4.308000e-03 2.712360e-01
231 7.237160e-01 4.296000e-03 2.719880e-01
232 7.229760e-01 4.280000e-03 2.727440e-01
233 7.222760e-01 4.280000e-03 2.734440e-01
234 7.216800e-01 4.208000e-03 2.741120e-01
235 7.210560e-01 4.144000e-03 2.748000e-01
236 7.204120e-01 4.060000e-03 2.755280e-01
237 7.198200e-01 3.976000e-03 2.762040e-01
238 7.190640e-01 3.972000e-03 2.769640e-01
239 7.184280e-01 3.828000e-03 2.777440e-01
240 7.176080e-01 3.936000e-03 2.784560e-01
241 7.168760e-01 3.940000e-03 2.791840e-01
242 7.161560e-01 3.948000e-03 2.798960e-01
243 7.154600e-01 4.016000e-03 2.805240e-01
244 7.147240e-01 4.008000e-03 2.812680e-01
245 7.139960e-01 4.044000e-03 2.819600e-01
246 7.132760e-01 4.056000e-03 2.826680e-01
247 7.126120e-01 3.996000e-03 2.833920e-01
248 7.118480e-01 4.112000e-03 2.840400e-01
249 7.111560e-01 4.100000e-03 2.847440e-01
250 7.104440e-01 4.196000e-03 2.853600e-01
251 7.097880e-01 4.160000e-03 2.860520e-01
252 7.090720e-01 4.200000e-03 2.867280e-01
253 7.083280e-01 4.192000e-03 2.874800e-01
254 7.076480e-01 4.152000e-03 2.882000e-01
255 7.069520e-01 4.188000e-03 2.888600e-01
256 7.062880e-01 4.176000e-03 2.895360e-01
257 7.057280e-01 3.996000e-03 2.902760e-01
258 7.050760e-01 4.024000e-03 2.909000e-01
259 7.044240e-01 3.980000e-03 2.915960e-01
260 7.036440e-01 4.104000e-03 2.922520e-01
261 7.029000e-01 4.124000e-03 2.929760e-01
262 7.021640e-01 4.124000e-03 2.937120e-01
263 7.014880e-01 4.068000e-03 2.944440e-01
264 7.008360e-01 3.984000e-03 2.951800e-01
265 7.002360e-01 3.940000e-03 2.958240e-01
266 6.994880e-01 3.976000e-03 2.965360e-01
267 6.987720e-01 4.076000e-03 2.971520e-01
268 6.980440e-01 4.092000e-03 2.978640e-01
269 6.973360e-01 4.080000e-03 2.985840e-01
270 6.967000e-01 4.016000e-03 2.992840e-01
271 6.960280e-01 3.996000e-03 2.999760e-01
272 6.953920e-01 3.916000e-03 3.006920e-01
273 6.946920e-01 3.880000e-03 3.014280e-01
274 6.940160e-01 3.856000e-03 3.021280e-01
275 6.934360e-01 3.712000e-03 3.028520e-01
276 6.927360e-01 3.812000e-03 3.034520e-01
277 6.921440e-01 3.780000e-03 3.040760e-01
278 6.915280e-01 3.732000e-03 3.047400e-01
279 6.909080e-01 3.640000e-03 3.054520e-01
280 6.904000e-01 3.596000e-03 3.060040e-01
281 6.897240e-01 3.572000e-03 3.067040e-01
282 6.891040e-01 3.480000e-03 3.074160e-01
283 6.885560e-01 3.488000e-03 3.079560e-01
284 6.879320e-01 3.660000e-03 3.084080e-01
285 6.874000e-01 3.532000e-03 3.090680e-01
286 6.867120e-01 3.680000e-03 3.096080e-01
287 6.862040e-01 3.520000e-03 3.102760e-01
288 6.857040e-01 3.412000e-03 3.108840e-01
289 6.851680e-01 3.296000e-03 3.115360e-01
290 6.845560e-01 3.336000e-03 3.121080e-01
291 6.839520e-01 3.400000e-03 3.126480e-01
292 6.834200e-01 3.284000e-03 3.132960e-01
293 6.828560e-01 3.236000e-03 3.139080e-01
294 6.823400e-01 3.232000e-03 3.144280e-01
295 6.818600e-01 3.096000e-03 3.150440e-01
296 6.813720e-01 3.048000e-03 3.155800e-01
297 6.808880e-01 2.984000e-03 3.161280e-01
298 6.804080e-01 2.956000e-03 3.166360e-01
299 6.799440e-01 2.928000e-03 3.171280e-01
300 6.794280e-01 2.944000e-03 3.176280e-01
301 6.789680e-01 2.832000e-03 3.182000e-01
302 6.785120e-01 2.824000e-03 3.186640e-01
303 6.780040e-01 2.844000e-03 3.191520e-01
304 6.775080e-01 2.896000e-03 3.195960e-01
305 6.770400e-01 2.792000e-03 3.201680e-01
306 6.765160e-01 2.812000e-03 3.206720e-01
307 6.760200e-01 2.800000e-03 3.211800e-01
308 6.755520e-01 2.876000e-03 3.215720e-01
309 6.751080e-01 2.792000e-03 3.221000e-01
310 6.746480e-01 2.756000e-03 3.225960e-01
311 6.741760e-01 2.732000e-03 3.230920e-01
312 6.737000e-01 2.736000e-03 3.235640e-01
313 6.733520e-01 2.580000e-03 3.240680e-01
314 6.729800e-01 2.404000e-03 3.246160e-01
315 6.726120e-01 2.388000e-03 3.250000e-01
316 6.721920e-01 2.392000e-03 3.254160e-01
317 6.718760e-01 2.300000e-03 3.258240e-01
318 6.715120e-01 2.316000e-03 3.261720e-01
319 6.711720e-01 2.240000e-03 3.265880e-01
320 6.708320e-01 2.164000e-03 3.270040e-01
321 6.705160e-01 2.060000e-03 3.274240e-01
322 6.701840e-01 2.036000e-03 3.277800e-01
323 6.698440e-01 2.088000e-03 3.280680e-01
324 6.695440e-01 2.012000e-03 3.284440e-01
325 6.692000e-01 2.028000e-03 3.287720e-01
326 6.688960e-01 1.968000e-03 3.291360e-01
327 6.686080e-01 1.944000e-03 3.294480e-01
328 6.682240e-01 2.044000e-03 3.297320e-01
329 6.679560e-01 1.976000e-03 3.300680e-01
330 6.676080e-01 2.036000e-03 3.303560e-01
331 6.673440e-01 1.924000e-03 3.307320e-01
332 6.670440e-01 1.936000e-03 3.310200e-01
333 6.667400e-01 1.904000e-03 3.313560e-01
334 6.665040e-01 1.864000e-03 3.316320e-01
335 6.661480e-01 1.952000e-03 3.319000e-01
336 6.658880e-01 1.848000e-03 3.322640e-01
337 6.656000e-01 1.792000e-03 3.326080e-01
338 6.652560e-01 1.820000e-03 3.329240e-01
339 6.649280e-01 1.848000e-03 3.332240e-01
340 6.646240e-01 1.856000e-03 3.335200e-01
341 6.642520e-01 1.940000e-03 3.338080e-01
342 6.639960e-01 1.808000e-03 3.341960e-01
343 6.636960e-01 1.812000e-03 3.344920e-01
344 6.633080e-01 1.828000e-03 3.348640e-01
345 6.629560e-01 1.848000e-03 3.351960e-01
346 6.625920e-01 1.892000e-03 3.355160e-01
347 6.622840e-01 1.860000e-03 3.358560e-01
348 6.620080e-01 1.820000e-03 3.361720e-01
349 6.617120e-01 1.872000e-03 3.364160e-01
350 6.613840e-01 1.868000e-03 3.367480e-01
351 6.611440e-01 1.808000e-03 3.370480e-01
352 6.607640e-01 1.884000e-03 3.373520e-01
353 6.604280e-01 1.840000e-03 3.377320e-01
354 6.600960e-01 1.852000e-03 3.380520e-01
355 6.598280e-01 1.812000e-03 3.383600e-01
356 6.595720e-01 1.728000e-03 3.387000e-01
357 6.592960e-01 1.732000e-03 3.389720e-01
358 6.591080e-01 1.612000e-03 3.392800e-01
359 6.588400e-01 1.644000e-03 3.395160e-01
360 6.586080e-01 1.636000e-03 3.397560e-01
361 6.582720e-01 1.700000e-03 3.400280e-01
362 6.580400e-01 1.612000e-03 3.403480e-01
363 6.578480e-01 1.520000e-03 3.406320e-01
364 6.576480e-01 1.496000e-03 3.408560e-01
365 6.573680e-01 1.516000e-03 3.411160e-01
366 6.571360e-01 1.548000e-03 3.413160e-01
367 6.569320e-01 1.492000e-03 3.415760e-01
368 6.567160e-01 1.464000e-03 3.418200e-01
369 6.564400e-01 1.452000e-03 3.421080e-01
370 6.561880e-01 1.472000e-03 3.423400e-01
371 6.559720e-01 1.440000e-03 3.425880e-01
372 6.558160e-01 1.316000e-03 3.428680e-01
373 6.556080e-01 1.264000e-03 3.431280e-01
374 6.554240e-01 1.236000e-03 3.433400e-01
375 6.552120e-01 1.244000e-03 3.435440e-01
376 6.550040e-01 1.244000e-03 3.437520e-01
377 6.548280e-01 1.204000e-03 3.439680e-01
378 6.546960e-01 1.104000e-03 3.442000e-01
379 6.545400e-01 1.024000e-03 3.444360e-01
380 6.543760e-01 1.032000e-03 3.445920e-01
381 6.541920e-01 1.016000e-03 3.447920e-01
382 6.539880e-01 1.060000e-03 3.449520e-01
383 6.537840e-01 1.092000e-03 3.451240e-01
384 6.535680e-01 1.152000e-03 3.452800e-01
385 6.533680e-01 1.116000e-03 3.455160e-01
386 6.532160e-01 1.048000e-03 3.457360e-01
387 6.530720e-01 1.036000e-03 3.458920e-01
388 6.529320e-01 9.960000e-04 3.460720e-01
389 6.527720e-01 9.720000e-04 3.462560e-01
390 6.525760e-01 1.020000e-03 3.464040e-01
391 6.524320e-01 9.720000e-04 3.465960e-01
392 6.522400e-01 9.760000e-04 3.467840e-01
393 6.520520e-01 9.720000e-04 3.469760e-01
394 6.518200e-01 1.020000e-03 3.471600e-01
395 6.516040e-01 1.072000e-03 3.473240e-01
396 6.513840e-01 1.108000e-03 3.475080e-01
397 6.511720e-01 1.132000e-03 3.476960e-01
398 6.509080e-01 1.180000e-03 3.479120e-01
399 6.507040e-01 1.180000e-03 3.481160e-01
400 6.505560e-01 1.140000e-03 3.483040e-01
401 6.503560e-01 1.124000e-03 3.485200e-01
402 6.501160e-01 1.168000e-03 3.487160e-01
403 6.499320e-01 1.132000e-03 3.489360e-01
404 6.497520e-01 1.084000e-03 3.491640e-01
405 6.496240e-01 1.044000e-03 3.493320e-01
406 6.494640e-01 1.052000e-03 3.494840e-01
407 6.493240e-01 9.920000e-04 3.496840e-01
408 6.491800e-01 9.680000e-04 3.498520e-01
409 6.489600e-01 1.024000e-03 3.500160e-01
410 6.487760e-01 9.960000e-04 3.502280e-01
411 6.486040e-01 1.000000e-03 3.503960e-01
412 6.484200e-01 1.024000e-03 3.505560e-01
413 6.482720e-01 9.840000e-04 3.507440e-01
414 6.481240e-01 9.480000e-04 3.509280e-01
415 6.479920e-01 9.280000e-04 3.510800e-01
416 6.478640e-01 9.040000e-04 3.512320e-01
417 6.477440e-01 8.920000e-04 3.513640e-01
418 6.475600e-01 9.280000e-04 3.515120e-01
419 6.473960e-01 9.480000e-04 3.516560e-01
420 6.472560e-01 9.200000e-04 3.518240e-01
421 6.471320e-01 8.880000e-04 3.519800e-01
422 6.470200e-01 8.520000e-04 3.521280e-01
423 6.468960e-01 8.560000e-04 3.522480e-01
424 6.467920e-01 8.160000e-04 3.523920e-01
425 6.466440e-01 8.200000e-04 3.525360e-01
426 6.464920e-01 8.240000e-04 3.526840e-01
427 6.464080e-01 7.760000e-04 3.528160e-01
428 6.462520e-01 8.440000e-04 3.529040e-01
429 6.461240e-01 8.040000e-04 3.530720e-01
430 6.459520e-01 8.200000e-04 3.532280e-01
431 6.457840e-01 8.320000e-04 3.533840e-01
432 6.456600e-01 8.240000e-04 3.535160e-01
433 6.455320e-01 7.960000e-04 3.536720e-01
434 6.453840e-01 8.000000e-04 3.538160e-01
435 6.452600e-01 7.640000e-04 3.539760e-01
436 6.451080e-01 8.080000e-04 3.540840e-01
437 6.449880e-01 8.360000e-04 3.541760e-01
438 6.448280e-01 8.640000e-04 3.543080e-01
439 6.446840e-01 8.840000e-04 3.544320e-01
440 6.445320e-01 8.680000e-04 3.546000e-01
441 6.443960e-01 8.520000e-04 3.547520e-01
442 6.441800e-01 9.400000e-04 3.548800e-01
443 6.440000e-01 9.480000e-04 3.550520e-01
444 6.438240e-01 9.560000e-04 3.552200e-01
445 6.436640e-01 9.760000e-04 3.553600e-01
446 6.435120e-01 9.440000e-04 3.555440e-01
447 6.433600e-01 9.080000e-04 3.557320e-01
448 6.432200e-01 9.440000e-04 3.558360e-01
449 6.430720e-01 9.360000e-04 3.559920e-01
450 6.429160e-01 9.600000e-04 3.561240e-01
451 6.427520e-01 9.600000e-04 3.562880e-01
452 6.425960e-01 9.240000e-04 3.564800e-01
453 6.424600e-01 8.960000e-04 3.566440e-01
454 6.423320e-01 8.440000e-04 3.568240e-01
455 6.421880e-01 8.480000e-04 3.569640e-01
456 6.420320e-01 8.440000e-04 3.571240e-01
457 6.418760e-01 8.440000e-04 3.572800e-01
458 6.416960e-01 8.800000e-04 3.574240e-01
459 6.414680e-01 9.480000e-04 3.575840e-01
460 6.412920e-01 9.400000e-04 3.577680e-01
461 6.411440e-01 9.000000e-04 3.579560e-01
462 6.409920e-01 9.200000e-04 3.580880e-01
463 6.407960e-01 9.560000e-04 3.582480e-01
464 6.406360e-01 9.480000e-04 3.584160e-01
465 6.404600e-01 9.760000e-04 3.585640e-01
466 6.402760e-01 1.016000e-03 3.587080e-01
467 6.400600e-01 1.028000e-03 3.589120e-01
468 6.398360e-01 1.052000e-03 3.591120e-01
469 6.396200e-01 1.072000e-03 3.593080e-01
470 6.394480e-01 1.052000e-03 3.595000e-01
471 6.392840e-01 1.032000e-03 3.596840e-01
472 6.391360e-01 1.024000e-03 3.598400e-01
473 6.389920e-01 9.920000e-04 3.600160e-01
474 6.388480e-01 9.680000e-04 3.601840e-01
475 6.386920e-01 9.480000e-04 3.603600e-01
476 6.384680e-01 1.004000e-03 3.605280e-01
477 6.383040e-01 1.012000e-03 3.606840e-01
478 6.381400e-01 9.760000e-04 3.608840e-01
479 6.379720e-01 9.440000e-04 3.610840e-01
480 6.378440e-01 9.200000e-04 3.612360e-01
481 6.377200e-01 9.000000e-04 3.613800e-01
482 6.375080e-01 9.360000e-04 3.615560e-01
483 6.373640e-01 9.240000e-04 3.617120e-01
484 6.372160e-01 8.760000e-04 3.619080e-01
485 6.370400e-01 9.040000e-04 3.620560e-01
486 6.369120e-01 8.880000e-04 3.622000e-01
487 6.367520e-01 8.720000e-04 3.623760e-01
488 6.366120e-01 8.640000e-04 3.625240e-01
489 6.365080e-01 8.160000e-04 3.626760e-01
490 6.364000e-01 7.520000e-04 3.628480e-01
491 6.362920e-01 6.920000e-04 3.630160e-01
492 6.362040e-01 6.360000e-04 3.631600e-01
493 6.361320e-01 6.120000e-04 3.632560e-01
494 6.360360e-01 5.840000e-04 3.633800e-01
495 6.359560e-01 5.400000e-04 3.635040e-01
496 6.358920e-01 5.120000e-04 3.635960e-01
497 6.358360e-01 4.720000e-04 3.636920e-01
498 6.357720e-01 4.560000e-04 3.637720e-01
499 6.356920e-01 4.640000e-04 3.638440e-01
500 6.356240e-01 4.480000e-04 3.639280e-01
