1 9.992280e-01 6.480000e-04 1.240000e-04
2 9.987960e-01 9.240000e-04 2.800000e-04
3 9.982440e-01 1.332000e-03 4.240000e-04
4 9.975280e-01 1.824000e-03 6.480000e-04
5 9.968240e-01 2.220000e-03 9.560000e-04
6 9.960480e-01 2.568000e-03 1.384000e-03
7 9.951320e-01 2.928000e-03 1.940000e-03
8 9.944440e-01 3.108000e-03 2.448000e-03
9 9.936120e-01 3.424000e-03 2.964000e-03
10 9.926880e-01 3.712000e-03 3.600000e-03
11 9.917720e-01 4.028000e-03 4.200000e-03
12 9.908920e-01 4.132000e-03 4.976000e-03
13 9.896800e-01 4.584000e-03 5.736000e-03
14 9.884320e-01 4.924000e-03 6.644000e-03
15 9.871800e-01 5.372000e-03 7.448000e-03
16 9.859440e-01 5.648000e-03 8.408000e-03
17 9.847720e-01 5.768000e-03 9.460000e-03
18 9.834960e-01 5.988000e-03 1.051600e-02
19 9.822440e-01 6.296000e-03 1.146000e-02
20 9.808400e-01 6.564000e-03 1.259600e-02
21 9.796240e-01 6.640000e-03 1.373600e-02
22 9.782040e-01 6.856000e-03 1.494000e-02
23 9.767200e-01 7.012000e-03 1.626800e-02
24 9.752240e-01 7.268000e-03 1.750800e-02
25 9.737520e-01 7.476000e-03 1.877200e-02
26 9.722840e-01 7.692000e-03 2.002400e-02
27 9.707120e-01 7.876000e-03 2.141200e-02
28 9.691280e-01 8.104000e-03 2.276800e-02
29 9.676360e-01 8.124000e-03 2.424000e-02
30 9.660800e-01 8.264000e-03 2.565600e-02
31 9.645400e-01 8.404000e-03 2.705600e-02
32 9.628680e-01 8.588000e-03 2.854400e-02
33 9.611720e-01 8.772000e-03 3.005600e-02
34 9.594720e-01 9.076000e-03 3.145200e-02
35 9.578640e-01 9.052000e-03 3.308400e-02
36 9.561920e-01 9.168000e-03 3.464000e-02
37 9.545200e-01 9.244000e-03 3.623600e-02
38 9.528520e-01 9.292000e-03 3.785600e-02
39 9.510640e-01 9.488000e-03 3.944800e-02
40 9.493280e-01 9.560000e-03 4.111200e-02
41 9.477080e-01 9.468000e-03 4.282400e-02
42 9.462320e-01 9.436000e-03 4.433200e-02
43 9.446000e-01 9.364000e-03 4.603600e-02
44 9.429000e-01 9.500000e-03 4.760000e-02
45 9.411680e-01 9.460000e-03 4.937200e-02
46 9.395320e-01 9.392000e-03 5.107600e-02
47 9.378160e-01 9.508000e-03 5.267600e-02
48 9.362040e-01 9.584000e-03 5.421200e-02
49 9.344840e-01 9.644000e-03 5.587200e-02
50 9.327440e-01 9.716000e-03 5.754000e-02
51 9.310760e-01 9.640000e-03 5.928400e-02
52 9.294680e-01 9.672000e-03 6.086000e-02
53 9.279720e-01 9.504000e-03 6.252400e-02
54 9.263760e-01 9.688000e-03 6.393600e-02
55 9.246000e-01 9.792000e-03 6.560800e-02
56 9.227920e-01 9.860000e-03 6.734800e-02
57 9.210960e-01 9.836000e-03 6.906800e-02
58 9.195760e-01 9.628000e-03 7.079600e-02
59 9.180160e-01 9.556000e-03 7.242800e-02
60 9.165360e-01 9.420000e-03 7.404400e-02
61 9.150280e-01 9.300000e-03 7.567200e-02
62 9.135920e-01 9.144000e-03 7.726400e-02
63 9.120680e-01 8.976000e-03 7.895600e-02
64 9.103160e-01 9.112000e-03 8.057200e-02
65 9.087360e-01 9.116000e-03 8.214800e-02
66 9.070920e-01 9.112000e-03 8.379600e-02
67 9.055640e-01 9.028000e-03 8.540800e-02
68 9.040320e-01 8.908000e-03 8.706000e-02
69 9.024600e-01 9.052000e-03 8.848800e-02
70 9.009720e-01 8.908000e-03 9.012000e-02
71 8.993560e-01 8.880000e-03 9.176400e-02
72 8.976200e-01 9.036000e-03 9.334400e-02
73 8.960000e-01 9.152000e-03 9.484800e-02
74 8.944160e-01 9.008000e-03 9.657600e-02
75 8.928160e-01 9.052000e-03 9.813200e-02
76 8.911240e-01 9.176000e-03 9.970000e-02
77 8.894400e-01 9.324000e-03 1.012360e-01
78 8.877400e-01 9.416000e-03 1.028440e-01
79 8.859880e-01 9.516000e-03 1.044960e-01
80 8.843400e-01 9.392000e-03 1.062680e-01
81 8.825440e-01 9.444000e-03 1.080120e-01
82 8.808200e-01 9.492000e-03 1.096880e-01
83 8.791440e-01 9.596000e-03 1.112600e-01
84 8.775360e-01 9.580000e-03 1.128840e-01
85 8.758480e-01 9.620000e-03 1.145320e-01
86 8.742560e-01 9.552000e-03 1.161920e-01
87 8.726320e-01 9.588000e-03 1.177800e-01
88 8.709720e-01 9.664000e-03 1.193640e-01
89 8.692760e-01 9.596000e-03 1.211280e-01
90 8.676560e-01 9.612000e-03 1.227320e-01
91 8.659200e-01 9.704000e-03 1.243760e-01
92 8.643280e-01 9.676000e-03 1.259960e-01
93 8.626000e-01 9.684000e-03 1.277160e-01
94 8.610200e-01 9.440000e-03 1.295400e-01
95 8.590760e-01 9.620000e-03 1.313040e-01
96 8.570920e-01 9.944000e-03 1.329640e-01
97 8.554040e-01 1.008000e-02 1.345160e-01
98 8.536120e-01 1.014400e-02 1.362440e-01
99 8.518600e-01 1.012000e-02 1.380200e-01
100 8.502600e-01 1.002000e-02 1.397200e-01
101 8.485560e-01 9.952000e-03 1.414920e-01
102 8.468600e-01 9.964000e-03 1.431760e-01
103 8.452280e-01 9.804000e-03 1.449680e-01
104 8.435720e-01 9.764000e-03 1.466640e-01
105 8.420160e-01 9.656000e-03 1.483280e-01
106 8.403920e-01 9.544000e-03 1.500640e-01
107 8.386560e-01 9.548000e-03 1.517960e-01
108 8.371760e-01 9.424000e-03 1.534000e-01
109 8.356720e-01 9.368000e-03 1.549600e-01
110 8.340960e-01 9.276000e-03 1.566280e-01
111 8.324560e-01 9.320000e-03 1.582240e-01
112 8.307280e-01 9.420000e-03 1.598520e-01
113 8.292960e-01 9.076000e-03 1.616280e-01
114 8.276720e-01 8.996000e-03 1.633320e-01
115 8.261480e-01 8.968000e-03 1.648840e-01
116 8.246000e-01 8.936000e-03 1.664640e-01
117 8.232480e-01 8.720000e-03 1.680320e-01
118 8.218000e-01 8.620000e-03 1.695800e-01
119 8.204800e-01 8.548000e-03 1.709720e-01
120 8.190400e-01 8.552000e-03 1.724080e-01
121 8.176080e-01 8.464000e-03 1.739280e-01
122 8.162840e-01 8.324000e-03 1.753920e-01
123 8.146880e-01 8.476000e-03 1.768360e-01
124 8.133720e-01 8.372000e-03 1.782560e-01
125 8.120160e-01 8.308000e-03 1.796760e-01
126 8.105680e-01 8.312000e-03 1.811200e-01
127 8.091800e-01 8.236000e-03 1.825840e-01
128 8.078480e-01 8.188000e-03 1.839640e-01
129 8.064360e-01 8.152000e-03 1.854120e-01
130 8.050360e-01 8.212000e-03 1.867520e-01
131 8.037120e-01 8.048000e-03 1.882400e-01
132 8.023520e-01 7.908000e-03 1.897400e-01
133 8.010480e-01 7.700000e-03 1.912520e-01
134 7.997400e-01 7.720000e-03 1.925400e-01
135 7.983760e-01 7.740000e-03 1.938840e-01
136 7.971080e-01 7.780000e-03 1.951120e-01
137 7.957520e-01 7.744000e-03 1.965040e-01
138 7.943920e-01 7.820000e-03 1.977880e-01
139 7.930480e-01 7.696000e-03 1.992560e-01
140 7.917480e-01 7.692000e-03 2.005600e-01
141 7.903600e-01 7.644000e-03 2.019960e-01
142 7.890720e-01 7.584000e-03 2.033440e-01
143 7.877480e-01 7.572000e-03 2.046800e-01
144 7.864360e-01 7.552000e-03 2.060120e-01
145 7.852040e-01 7.548000e-03 2.072480e-01
146 7.839040e-01 7.548000e-03 2.085480e-01
147 7.826400e-01 7.500000e-03 2.098600e-01
148 7.812160e-01 7.576000e-03 2.112080e-01
149 7.798400e-01 7.592000e-03 2.125680e-01
150 7.784360e-01 7.628000e-03 2.139360e-01
151 7.769600e-01 7.708000e-03 2.153320e-01
152 7.757200e-01 7.556000e-03 2.167240e-01
153 7.743560e-01 7.580000e-03 2.180640e-01
154 7.729680e-01 7.644000e-03 2.193880e-01
155 7.715800e-01 7.716000e-03 2.207040e-01
156 7.701720e-01 7.736000e-03 2.220920e-01
157 7.689560e-01 7.544000e-03 2.235000e-01
158 7.675840e-01 7.664000e-03 2.247520e-01
159 7.662360e-01 7.716000e-03 2.260480e-01
160 7.649080e-01 7.632000e-03 2.274600e-01
161 7.636720e-01 7.612000e-03 2.287160e-01
162 7.624440e-01 7.508000e-03 2.300480e-01
163 7.611640e-01 7.572000e-03 2.312640e-01
164 7.599200e-01 7.488000e-03 2.325920e-01
165 7.586400e-01 7.304000e-03 2.340560e-01
166 7.572640e-01 7.340000e-03 2.353960e-01
167 7.560040e-01 7.244000e-03 2.367520e-01
168 7.547760e-01 7.248000e-03 2.379760e-01
169 7.535120e-01 7.248000e-03 2.392400e-01
170 7.523080e-01 7.216000e-03 2.404760e-01
171 7.511200e-01 7.268000e-03 2.416120e-01
172 7.500040e-01 7.084000e-03 2.429120e-01
173 7.489160e-01 6.872000e-03 2.442120e-01
174 7.478360e-01 6.924000e-03 2.452400e-01
175 7.466840e-01 6.928000e-03 2.463880e-01
176 7.456000e-01 6.764000e-03 2.476360e-01
177 7.444360e-01 6.684000e-03 2.488800e-01
178 7.432400e-01 6.676000e-03 2.500840e-01
179 7.422240e-01 6.564000e-03 2.512120e-01
180 7.413160e-01 6.328000e-03 2.523560e-01
181 7.402480e-01 6.360000e-03 2.533920e-01
182 7.391400e-01 6.324000e-03 2.545360e-01
183 7.380080e-01 6.268000e-03 2.557240e-01
184 7.368640e-01 6.256000e-03 2.568800e-01
185 7.357440e-01 6.260000e-03 2.579960e-01
186 7.345720e-01 6.432000e-03 2.589960e-01
187 7.334800e-01 6.392000e-03 2.601280e-01
188 7.323440e-01 6.328000e-03 2.613280e-01
189 7.312520e-01 6.356000e-03 2.623920e-01
190 7.302160e-01 6.300000e-03 2.634840e-01
191 7.291760e-01 6.216000e-03 2.646080e-01
192 7.281480e-01 6.156000e-03 2.656960e-01
193 7.270200e-01 6.268000e-03 2.667120e-01
194 7.260440e-01 6.144000e-03 2.678120e-01
195 7.249680e-01 6.112000e-03 2.689200e-01
196 7.239480e-01 6.012000e-03 2.700400e-01
197 7.228840e-01 5.972000e-03 2.711440e-01
198 7.218560e-01 6.000000e-03 2.721440e-01
199 7.207240e-01 5.836000e-03 2.734400e-01
200 7.196640e-01 5.896000e-03 2.744400e-01
201 7.186680e-01 5.772000e-03 2.755600e-01
202 7.176560e-01 5.712000e-03 2.766320e-01
203 7.166880e-01 5.640000e-03 2.776720e-01
204 7.156720e-01 5.660000e-03 2.786680e-01
205 7.145280e-01 5.876000e-03 2.795960e-01
206 7.135880e-01 5.764000e-03 2.806480e-01
207 7.124320e-01 5.924000e-03 2.816440e-01
208 7.112080e-01 6.020000e-03 2.827720e-01
209 7.102320e-01 5.888000e-03 2.838800e-01
210 7.091800e-01 5.988000e-03 2.848320e-01
211 7.081560e-01 5.988000e-03 2.858560e-01
212 7.072560e-01 5.860000e-03 2.868840e-01
213 7.062400e-01 5.940000e-03 2.878200e-01
214 7.052720e-01 5.920000e-03 2.888080e-01
215 7.042880e-01 5.888000e-03 2.898240e-01
216 7.033600e-01 5.788000e-03 2.908520e-01
217 7.024200e-01 5.624000e-03 2.919560e-01
218 7.014920e-01 5.508000e-03 2.930000e-01
219 7.004760e-01 5.540000e-03 2.939840e-01
220 6.995560e-01 5.452000e-03 2.949920e-01
221 6.986160e-01 5.476000e-03 2.959080e-01
222 6.976480e-01 5.524000e-03 2.968280e-01
223 6.967160e-01 5.456000e-03 2.978280e-01
224 6.958800e-01 5.320000e-03 2.988000e-01
225 6.950320e-01 5.156000e-03 2.998120e-01
226 6.942160e-01 5.056000e-03 3.007280e-01
227 6.933080e-01 5.064000e-03 3.016280e-01
228 6.924880e-01 4.996000e-03 3.025160e-01
229 6.916960e-01 4.944000e-03 3.033600e-01
230 6.909080e-01 5.004000e-03 3.040880e-01
231 6.900480e-01 4.980000e-03 3.049720e-01
232 6.891280e-01 5.068000e-03 3.058040e-01
233 6.882080e-01 5.036000e-03 3.067560e-01
234 6.873600e-01 5.048000e-03 3.075920e-01
235 6.866360e-01 4.996000e-03 3.083680e-01
236 6.858400e-01 4.984000e-03 3.091760e-01
237 6.850040e-01 5.004000e-03 3.099920e-01
238 6.841960e-01 4.964000e-03 3.108400e-01
239 6.834120e-01 4.996000e-03 3.115920e-01
240 6.824960e-01 5.064000e-03 3.124400e-01
241 6.816120e-01 5.124000e-03 3.132640e-01
242 6.807760e-01 5.088000e-03 3.141360e-01
243 6.800120e-01 5.092000e-03 3.148960e-01
244 6.791080e-01 5.164000e-03 3.157280e-01
245 6.783200e-01 5.012000e-03 3.166680e-01
246 6.775520e-01 4.720000e-03 3.177280e-01
247 6.767440e-01 4.604000e-03 3.186520e-01
248 6.761080e-01 4.424000e-03 3.194680e-01
249 6.754640e-01 4.264000e-03 3.202720e-01
250 6.746800e-01 4.272000e-03 3.210480e-01
251 6.740000e-01 4.180000e-03 3.218200e-01
252 6.733320e-01 4.140000e-03 3.225280e-01
253 6.726160e-01 4.148000e-03 3.232360e-01
254 6.718120e-01 4.152000e-03 3.240360e-01
255 6.711560e-01 4.052000e-03 3.247920e-01
256 6.703840e-01 4.136000e-03 3.254800e-01
257 6.695320e-01 4.344000e-03 3.261240e-01
258 6.686840e-01 4.444000e-03 3.268720e-01
259 6.679320e-01 4.452000e-03 3.276160e-01
260 6.671200e-01 4.408000e-03 3.284720e-01
261 6.663840e-01 4.368000e-03 3.292480e-01
262 6.656800e-01 4.308000e-03 3.300120e-01
263 6.650000e-01 4.232000e-03 3.307680e-01
264 6.644440e-01 4.076000e-03 3.314800e-01
265 6.638160e-01 4.020000e-03 3.321640e-01
266 6.631360e-01 4.048000e-03 3.328160e-01
267 6.624560e-01 4.036000e-03 3.335080e-01
268 6.618600e-01 3.860000e-03 3.342800e-01
269 6.612440e-01 3.852000e-03 3.349040e-01
270 6.606240e-01 3.836000e-03 3.355400e-01
271 6.600160e-01 3.816000e-03 3.361680e-01
272 6.592600e-01 3.960000e-03 3.367800e-01
273 6.585440e-01 4.028000e-03 3.374280e-01
274 6.578840e-01 3.960000e-03 3.381560e-01
275 6.571680e-01 4.052000e-03 3.387800e-01
276 6.565040e-01 4.024000e-03 3.394720e-01
277 6.558240e-01 4.008000e-03 3.401680e-01
278 6.551800e-01 3.888000e-03 3.409320e-01
279 6.545160e-01 3.844000e-03 3.416400e-01
280 6.538440e-01 3.904000e-03 3.422520e-01
281 6.532560e-01 3.872000e-03 3.428720e-01
282 6.526440e-01 3.772000e-03 3.435840e-01
283 6.519560e-01 3.828000e-03 3.442160e-01
284 6.513400e-01 3.800000e-03 3.448600e-01
285 6.507160e-01 3.844000e-03 3.454400e-01
286 6.501080e-01 3.736000e-03 3.461560e-01
287 6.493720e-01 3.808000e-03 3.468200e-01
288 6.488200e-01 3.732000e-03 3.474480e-01
289 6.482760e-01 3.620000e-03 3.481040e-01
290 6.477760e-01 3.524000e-03 3.487000e-01
291 6.473120e-01 3.360000e-03 3.493280e-01
292 6.468880e-01 3.156000e-03 3.499560e-01
293 6.464760e-01 3.036000e-03 3.504880e-01
294 6.460640e-01 2.952000e-03 3.509840e-01
295 6.455360e-01 2.936000e-03 3.515280e-01
296 6.450560e-01 2.968000e-03 3.519760e-01
297 6.445560e-01 2.968000e-03 3.524760e-01
298 6.440400e-01 2.976000e-03 3.529840e-01
299 6.435600e-01 2.936000e-03 3.535040e-01
300 6.430600e-01 2.912000e-03 3.540280e-01
301 6.426880e-01 2.760000e-03 3.545520e-01
302 6.422320e-01 2.716000e-03 3.550520e-01
303 6.417640e-01 2.736000e-03 3.555000e-01
304 6.413040e-01 2.636000e-03 3.560600e-01
305 6.408920e-01 2.588000e-03 3.565200e-01
306 6.403600e-01 2.792000e-03 3.568480e-01
307 6.397680e-01 2.860000e-03 3.573720e-01
308 6.392480e-01 2.932000e-03 3.578200e-01
309 6.387960e-01 2.888000e-03 3.583160e-01
310 6.383200e-01 2.884000e-03 3.587960e-01
311 6.377720e-01 2.912000e-03 3.593160e-01
312 6.373200e-01 2.832000e-03 3.598480e-01
313 6.368320e-01 2.820000e-03 3.603480e-01
314 6.363400e-01 2.800000e-03 3.608600e-01
315 6.358680e-01 2.784000e-03 3.613480e-01
316 6.353600e-01 2.812000e-03 3.618280e-01
317 6.348360e-01 2.820000e-03 3.623440e-01
318 6.342280e-01 2.952000e-03 3.628200e-01
319 6.336720e-01 2.936000e-03 3.633920e-01
320 6.331240e-01 2.928000e-03 3.639480e-01
321 6.325960e-01 2.896000e-03 3.645080e-01
322 6.321160e-01 2.848000e-03 3.650360e-01
323 6.316920e-01 2.804000e-03 3.655040e-01
324 6.312160e-01 2.812000e-03 3.659720e-01
325 6.306560e-01 2.844000e-03 3.665000e-01
326 6.302400e-01 2.664000e-03 3.670960e-01
327 6.298000e-01 2.656000e-03 3.675440e-01
328 6.293240e-01 2.652000e-03 3.680240e-01
329 6.288480e-01 2.684000e-03 3.684680e-01
330 6.282640e-01 2.784000e-03 3.689520e-01
331 6.278040e-01 2.808000e-03 3.693880e-01
332 6.273200e-01 2.776000e-03 3.699040e-01
333 6.268240e-01 2.840000e-03 3.703360e-01
334 6.263640e-01 2.796000e-03 3.708400e-01
335 6.259280e-01 2.744000e-03 3.713280e-01
336 6.254360e-01 2.760000e-03 3.718040e-01
337 6.249720e-01 2.772000e-03 3.722560e-01
338 6.244160e-01 2.828000e-03 3.727560e-01
339 6.239200e-01 2.796000e-03 3.732840e-01
340 6.234400e-01 2.784000e-03 3.737760e-01
341 6.229920e-01 2.744000e-03 3.742640e-01
342 6.226160e-01 2.612000e-03 3.747720e-01
343 6.221600e-01 2.648000e-03 3.751920e-01
344 6.217360e-01 2.704000e-03 3.755600e-01
345 6.212720e-01 2.720000e-03 3.760080e-01
346 6.207640e-01 2.704000e-03 3.765320e-01
347 6.204040e-01 2.544000e-03 3.770520e-01
348 6.200640e-01 2.468000e-03 3.774680e-01
349 6.196440e-01 2.476000e-03 3.778800e-01
350 6.192400e-01 2.472000e-03 3.782880e-01
351 6.188760e-01 2.464000e-03 3.786600e-01
352 6.185240e-01 2.424000e-03 3.790520e-01
353 6.181520e-01 2.388000e-03 3.794600e-01
354 6.177360e-01 2.404000e-03 3.798600e-01
355 6.173200e-01 2.412000e-03 3.802680e-01
356 6.169520e-01 2.416000e-03 3.806320e-01
357 6.165560e-01 2.424000e-03 3.810200e-01
358 6.162880e-01 2.248000e-03 3.814640e-01
359 6.159000e-01 2.204000e-03 3.818960e-01
360 6.155560e-01 2.192000e-03 3.822520e-01
361 6.152480e-01 2.156000e-03 3.825960e-01
362 6.148400e-01 2.212000e-03 3.829480e-01
363 6.145040e-01 2.184000e-03 3.833120e-01
364 6.141520e-01 2.132000e-03 3.837160e-01
365 6.137840e-01 2.120000e-03 3.840960e-01
366 6.134200e-01 2.108000e-03 3.844720e-01
367 6.129760e-01 2.240000e-03 3.847840e-01
368 6.126160e-01 2.232000e-03 3.851520e-01
369 6.122600e-01 2.200000e-03 3.855400e-01
370 6.118240e-01 2.192000e-03 3.859840e-01
371 6.113680e-01 2.212000e-03 3.864200e-01
372 6.109360e-01 2.164000e-03 3.869000e-01
373 6.105640e-01 2.120000e-03 3.873160e-01
374 6.102000e-01 2.136000e-03 3.876640e-01
375 6.097080e-01 2.264000e-03 3.880280e-01
376 6.092640e-01 2.320000e-03 3.884160e-01
377 6.088000e-01 2.348000e-03 3.888520e-01
378 6.082840e-01 2.516000e-03 3.892000e-01
379 6.078680e-01 2.528000e-03 3.896040e-01
380 6.074120e-01 2.564000e-03 3.900240e-01
381 6.070320e-01 2.568000e-03 3.904000e-01
382 6.066040e-01 2.500000e-03 3.908960e-01
383 6.061560e-01 2.472000e-03 3.913720e-01
384 6.058080e-01 2.348000e-03 3.918440e-01
385 6.053520e-01 2.372000e-03 3.922760e-01
386 6.049920e-01 2.312000e-03 3.926960e-01
387 6.046360e-01 2.220000e-03 3.931440e-01
388 6.043000e-01 2.168000e-03 3.935320e-01
389 6.039800e-01 2.104000e-03 3.939160e-01
390 6.036240e-01 2.112000e-03 3.942640e-01
391 6.032560e-01 2.136000e-03 3.946080e-01
392 6.029200e-01 2.128000e-03 3.949520e-01
393 6.024600e-01 2.200000e-03 3.953400e-01
394 6.021480e-01 2.104000e-03 3.957480e-01
395 6.017440e-01 2.160000e-03 3.960960e-01
396 6.013720e-01 2.124000e-03 3.965040e-01
397 6.009600e-01 2.152000e-03 3.968880e-01
398 6.005880e-01 2.172000e-03 3.972400e-01
399 6.001960e-01 2.164000e-03 3.976400e-01
400 5.997760e-01 2.256000e-03 3.979680e-01
401 5.994400e-01 2.216000e-03 3.983440e-01
402 5.990800e-01 2.132000e-03 3.987880e-01
403 5.987240e-01 2.100000e-03 3.991760e-01
404 5.982520e-01 2.196000e-03 3.995520e-01
405 5.978560e-01 2.160000e-03 3.999840e-01
406 5.973640e-01 2.264000e-03 4.003720e-01
407 5.969840e-01 2.228000e-03 4.007880e-01
408 5.965880e-01 2.200000e-03 4.012120e-01
409 5.962440e-01 2.080000e-03 4.016760e-01
410 5.958280e-01 2.120000e-03 4.020520e-01
411 5.955200e-01 1.968000e-03 4.025120e-01
412 5.951880e-01 1.928000e-03 4.028840e-01
413 5.949000e-01 1.912000e-03 4.031880e-01
414 5.945240e-01 2.040000e-03 4.034360e-01
415 5.941800e-01 2.040000e-03 4.037800e-01
416 5.939200e-01 1.904000e-03 4.041760e-01
417 5.935640e-01 1.916000e-03 4.045200e-01
418 5.933040e-01 1.880000e-03 4.048160e-01
419 5.929680e-01 1.896000e-03 4.051360e-01
420 5.926840e-01 1.844000e-03 4.054720e-01
421 5.923400e-01 1.892000e-03 4.057680e-01
422 5.919960e-01 1.892000e-03 4.061120e-01
423 5.916000e-01 1.968000e-03 4.064320e-01
424 5.912120e-01 2.020000e-03 4.067680e-01
425 5.908080e-01 2.096000e-03 4.070960e-01
426 5.903480e-01 2.208000e-03 4.074440e-01
427 5.899760e-01 2.220000e-03 4.078040e-01
428 5.896280e-01 2.164000e-03 4.082080e-01
429 5.892440e-01 2.156000e-03 4.086000e-01
430 5.889240e-01 2.124000e-03 4.089520e-01
431 5.884640e-01 2.248000e-03 4.092880e-01
432 5.881080e-01 2.172000e-03 4.097200e-01
433 5.877080e-01 2.224000e-03 4.100680e-01
434 5.872960e-01 2.272000e-03 4.104320e-01
435 5.869240e-01 2.192000e-03 4.108840e-01
436 5.865200e-01 2.220000e-03 4.112600e-01
437 5.861840e-01 2.120000e-03 4.116960e-01
438 5.859480e-01 1.972000e-03 4.120800e-01
439 5.856760e-01 1.912000e-03 4.124120e-01
440 5.854480e-01 1.820000e-03 4.127320e-01
441 5.851520e-01 1.824000e-03 4.130240e-01
442 5.849440e-01 1.748000e-03 4.133080e-01
443 5.845920e-01 1.832000e-03 4.135760e-01
444 5.842240e-01 1.904000e-03 4.138720e-01
445 5.840040e-01 1.808000e-03 4.141880e-01
446 5.836520e-01 1.892000e-03 4.144560e-01
447 5.834080e-01 1.808000e-03 4.147840e-01
448 5.831280e-01 1.796000e-03 4.150760e-01
449 5.828640e-01 1.768000e-03 4.153680e-01
450 5.826120e-01 1.696000e-03 4.156920e-01
451 5.823000e-01 1.728000e-03 4.159720e-01
452 5.820320e-01 1.692000e-03 4.162760e-01
453 5.817760e-01 1.640000e-03 4.165840e-01
454 5.814760e-01 1.652000e-03 4.168720e-01
455 5.811360e-01 1.696000e-03 4.171680e-01
456 5.808760e-01 1.704000e-03 4.174200e-01
457 5.806240e-01 1.688000e-03 4.176880e-01
458 5.803440e-01 1.696000e-03 4.179600e-01
459 5.800720e-01 1.716000e-03 4.182120e-01
460 5.798400e-01 1.660000e-03 4.185000e-01
461 5.795480e-01 1.660000e-03 4.187920e-01
462 5.792920e-01 1.620000e-03 4.190880e-01
463 5.790000e-01 1.600000e-03 4.194000e-01
464 5.786800e-01 1.632000e-03 4.196880e-01
465 5.783760e-01 1.692000e-03 4.199320e-01
466 5.780720e-01 1.724000e-03 4.202040e-01
467 5.777640e-01 1.760000e-03 4.204760e-01
468 5.774760e-01 1.756000e-03 4.207680e-01
469 5.772200e-01 1.708000e-03 4.210720e-01
470 5.769880e-01 1.676000e-03 4.213360e-01
471 5.767600e-01 1.604000e-03 4.216360e-01
472 5.765920e-01 1.536000e-03 4.218720e-01
473 5.764200e-01 1.444000e-03 4.221360e-01
474 5.762200e-01 1.416000e-03 4.223640e-01
475 5.759120e-01 1.500000e-03 4.225880e-01
476 5.756320e-01 1.520000e-03 4.228480e-01
477 5.753760e-01 1.560000e-03 4.230640e-01
478 5.751240e-01 1.512000e-03 4.233640e-01
479 5.748800e-01 1.464000e-03 4.236560e-01
480 5.747200e-01 1.360000e-03 4.239200e-01
481 5.745240e-01 1.300000e-03 4.241760e-01
482 5.743280e-01 1.292000e-03 4.243800e-01
483 5.741200e-01 1.268000e-03 4.246120e-01
484 5.738920e-01 1.304000e-03 4.248040e-01
485 5.736160e-01 1.360000e-03 4.250240e-01
486 5.734200e-01 1.372000e-03 4.252080e-01
487 5.732120e-01 1.308000e-03 4.254800e-01
488 5.730520e-01 1.180000e-03 4.257680e-01
489 5.729440e-01 1.052000e-03 4.260040e-01
490 5.727760e-01 1.032000e-03 4.261920e-01
491 5.726880e-01 9.800000e-04 4.263320e-01
492 5.725520e-01 9.560000e-04 4.264920e-01
493 5.724680e-01 8.680000e-04 4.266640e-01
494 5.723400e-01 8.640000e-04 4.267960e-01
495 5.722280e-01 8.200000e-04 4.269520e-01
496 5.721080e-01 8.120000e-04 4.270800e-01
497 5.719960e-01 8.080000e-04 4.271960e-01
498 5.719240e-01 7.520000e-04 4.273240e-01
499 5.718000e-01 7.680000e-04 4.274320e-01
500 5.717200e-01 7.200000e-04 4.275600e-01
