1 9.992040e-01 6.880000e-04 1.080000e-04
2 9.986960e-01 1.040000e-03 2.640000e-04
3 9.980520e-01 1.432000e-03 5.160000e-04
4 9.973360e-01 1.880000e-03 7.840000e-04
5 9.965440e-01 2.328000e-03 1.128000e-03
6 9.956960e-01 2.760000e-03 1.544000e-03
7 9.948240e-01 3.088000e-03 2.088000e-03
8 9.938680e-01 3.468000e-03 2.664000e-03
9 9.928880e-01 3.756000e-03 3.356000e-03
10 9.918880e-01 3.972000e-03 4.140000e-03
11 9.908720e-01 4.204000e-03 4.924000e-03
12 9.897400e-01 4.568000e-03 5.692000e-03
13 9.886960e-01 4.828000e-03 6.476000e-03
14 9.876880e-01 5.000000e-03 7.312000e-03
15 9.866440e-01 5.096000e-03 8.260000e-03
16 9.855200e-01 5.368000e-03 9.112000e-03
17 9.844120e-01 5.460000e-03 1.012800e-02
18 9.831160e-01 5.744000e-03 1.114000e-02
19 9.819320e-01 6.016000e-03 1.205200e-02
20 9.807040e-01 6.240000e-03 1.305600e-02
21 9.793760e-01 6.500000e-03 1.412400e-02
22 9.779040e-01 6.800000e-03 1.529600e-02
23 9.766120e-01 6.888000e-03 1.650000e-02
24 9.751840e-01 7.112000e-03 1.770400e-02
25 9.738200e-01 7.212000e-03 1.896800e-02
26 9.725600e-01 7.272000e-03 2.016800e-02
27 9.713840e-01 7.096000e-03 2.152000e-02
28 9.701240e-01 7.104000e-03 2.277200e-02
29 9.688320e-01 7.144000e-03 2.402400e-02
30 9.675520e-01 7.112000e-03 2.533600e-02
31 9.662520e-01 7.088000e-03 2.666000e-02
32 9.648480e-01 7.324000e-03 2.782800e-02
33 9.634600e-01 7.412000e-03 2.912800e-02
34 9.619480e-01 7.620000e-03 3.043200e-02
35 9.602640e-01 8.012000e-03 3.172400e-02
36 9.587120e-01 8.100000e-03 3.318800e-02
37 9.573360e-01 7.988000e-03 3.467600e-02
38 9.558080e-01 8.088000e-03 3.610400e-02
39 9.542360e-01 8.200000e-03 3.756400e-02
40 9.527800e-01 8.072000e-03 3.914800e-02
41 9.512120e-01 8.092000e-03 4.069600e-02
42 9.498760e-01 8.104000e-03 4.202000e-02
43 9.485040e-01 7.968000e-03 4.352800e-02
44 9.472200e-01 7.872000e-03 4.490800e-02
45 9.459000e-01 7.800000e-03 4.630000e-02
46 9.445440e-01 7.796000e-03 4.766000e-02
47 9.431080e-01 7.760000e-03 4.913200e-02
48 9.417160e-01 7.932000e-03 5.035200e-02
49 9.402360e-01 7.960000e-03 5.180400e-02
50 9.387840e-01 8.088000e-03 5.312800e-02
51 9.373640e-01 8.128000e-03 5.450800e-02
52 9.359760e-01 8.020000e-03 5.600400e-02
53 9.345080e-01 8.140000e-03 5.735200e-02
54 9.330640e-01 8.064000e-03 5.887200e-02
55 9.316360e-01 8.072000e-03 6.029200e-02
56 9.300920e-01 8.144000e-03 6.176400e-02
57 9.285840e-01 8.252000e-03 6.316400e-02
58 9.270120e-01 8.360000e-03 6.462800e-02
59 9.253880e-01 8.588000e-03 6.602400e-02
60 9.238400e-01 8.708000e-03 6.745200e-02
61 9.222800e-01 8.868000e-03 6.885200e-02
62 9.206760e-01 8.872000e-03 7.045200e-02
63 9.190880e-01 8.808000e-03 7.210400e-02
64 9.175080e-01 8.884000e-03 7.360800e-02
65 9.158440e-01 8.884000e-03 7.527200e-02
66 9.141960e-01 8.932000e-03 7.687200e-02
67 9.124760e-01 9.120000e-03 7.840400e-02
68 9.109000e-01 9.200000e-03 7.990000e-02
69 9.091400e-01 9.396000e-03 8.146400e-02
70 9.074720e-01 9.352000e-03 8.317600e-02
71 9.056880e-01 9.444000e-03 8.486800e-02
72 9.039240e-01 9.592000e-03 8.648400e-02
73 9.022880e-01 9.732000e-03 8.798000e-02
74 9.005960e-01 9.748000e-03 8.965600e-02
75 8.988800e-01 9.796000e-03 9.132400e-02
76 8.971880e-01 9.704000e-03 9.310800e-02
77 8.956000e-01 9.636000e-03 9.476400e-02
78 8.939120e-01 9.660000e-03 9.642800e-02
79 8.922320e-01 9.516000e-03 9.825200e-02
80 8.905760e-01 9.548000e-03 9.987600e-02
81 8.888520e-01 9.708000e-03 1.014400e-01
82 8.873120e-01 9.608000e-03 1.030800e-01
83 8.858200e-01 9.504000e-03 1.046760e-01
84 8.841840e-01 9.492000e-03 1.063240e-01
85 8.825400e-01 9.428000e-03 1.080320e-01
86 8.810720e-01 9.216000e-03 1.097120e-01
87 8.793600e-01 9.172000e-03 1.114680e-01
88 8.777320e-01 9.112000e-03 1.131560e-01
89 8.760520e-01 9.252000e-03 1.146960e-01
90 8.744600e-01 9.048000e-03 1.164920e-01
91 8.729200e-01 8.932000e-03 1.181480e-01
92 8.713120e-01 8.920000e-03 1.197680e-01
93 8.696160e-01 8.872000e-03 1.215120e-01
94 8.680800e-01 8.960000e-03 1.229600e-01
95 8.665280e-01 8.916000e-03 1.245560e-01
96 8.650320e-01 8.872000e-03 1.260960e-01
97 8.635280e-01 8.908000e-03 1.275640e-01
98 8.620840e-01 8.752000e-03 1.291640e-01
99 8.606120e-01 8.700000e-03 1.306880e-01
100 8.591520e-01 8.800000e-03 1.320480e-01
101 8.577480e-01 8.576000e-03 1.336760e-01
102 8.562040e-01 8.748000e-03 1.350480e-01
103 8.548200e-01 8.692000e-03 1.364880e-01
104 8.533960e-01 8.564000e-03 1.380400e-01
105 8.517920e-01 8.756000e-03 1.394520e-01
106 8.505040e-01 8.624000e-03 1.408720e-01
107 8.491120e-01 8.552000e-03 1.423360e-01
108 8.477720e-01 8.464000e-03 1.437640e-01
109 8.463640e-01 8.428000e-03 1.452080e-01
110 8.449200e-01 8.380000e-03 1.467000e-01
111 8.434680e-01 8.340000e-03 1.481920e-01
112 8.419480e-01 8.384000e-03 1.496680e-01
113 8.404680e-01 8.440000e-03 1.510920e-01
114 8.388960e-01 8.640000e-03 1.524640e-01
115 8.373640e-01 8.716000e-03 1.539200e-01
116 8.357680e-01 8.856000e-03 1.553760e-01
117 8.342120e-01 8.968000e-03 1.568200e-01
118 8.326880e-01 8.956000e-03 1.583560e-01
119 8.311880e-01 8.812000e-03 1.600000e-01
120 8.297560e-01 8.656000e-03 1.615880e-01
121 8.284120e-01 8.416000e-03 1.631720e-01
122 8.269440e-01 8.496000e-03 1.645600e-01
123 8.255320e-01 8.416000e-03 1.660520e-01
124 8.240800e-01 8.436000e-03 1.674840e-01
125 8.225680e-01 8.452000e-03 1.689800e-01
126 8.210880e-01 8.456000e-03 1.704560e-01
127 8.196240e-01 8.476000e-03 1.719000e-01
128 8.180480e-01 8.600000e-03 1.733520e-01
129 8.165840e-01 8.596000e-03 1.748200e-01
130 8.150320e-01 8.628000e-03 1.763400e-01
131 8.135600e-01 8.604000e-03 1.778360e-01
132 8.122200e-01 8.332000e-03 1.794480e-01
133 8.106840e-01 8.240000e-03 1.810760e-01
134 8.092600e-01 8.180000e-03 1.825600e-01
135 8.078560e-01 8.140000e-03 1.840040e-01
136 8.063720e-01 8.264000e-03 1.853640e-01
137 8.050400e-01 8.228000e-03 1.867320e-01
138 8.034480e-01 8.320000e-03 1.882320e-01
139 8.018080e-01 8.468000e-03 1.897240e-01
140 8.002320e-01 8.528000e-03 1.912400e-01
141 7.987520e-01 8.360000e-03 1.928880e-01
142 7.974120e-01 8.208000e-03 1.943800e-01
143 7.959800e-01 8.176000e-03 1.958440e-01
144 7.945840e-01 7.936000e-03 1.974800e-01
145 7.932640e-01 7.792000e-03 1.989440e-01
146 7.917960e-01 7.956000e-03 2.002480e-01
147 7.904720e-01 7.844000e-03 2.016840e-01
148 7.891320e-01 7.724000e-03 2.031440e-01
149 7.877440e-01 7.644000e-03 2.046120e-01
150 7.864760e-01 7.468000e-03 2.060560e-01
151 7.850760e-01 7.560000e-03 2.073640e-01
152 7.837720e-01 7.492000e-03 2.087360e-01
153 7.824080e-01 7.604000e-03 2.099880e-01
154 7.811000e-01 7.664000e-03 2.112360e-01
155 7.798000e-01 7.580000e-03 2.126200e-01
156 7.786640e-01 7.500000e-03 2.138360e-01
157 7.773880e-01 7.488000e-03 2.151240e-01
158 7.760720e-01 7.576000e-03 2.163520e-01
159 7.748000e-01 7.528000e-03 2.176720e-01
160 7.735480e-01 7.568000e-03 2.188840e-01
161 7.723480e-01 7.444000e-03 2.202080e-01
162 7.710400e-01 7.516000e-03 2.214440e-01
163 7.697800e-01 7.376000e-03 2.228440e-01
164 7.684560e-01 7.280000e-03 2.242640e-01
165 7.671960e-01 7.332000e-03 2.254720e-01
166 7.659840e-01 7.272000e-03 2.267440e-01
167 7.647320e-01 7.328000e-03 2.279400e-01
168 7.634240e-01 7.332000e-03 2.292440e-01
169 7.621200e-01 7.312000e-03 2.305680e-01
170 7.607840e-01 7.328000e-03 2.318880e-01
171 7.595800e-01 7.216000e-03 2.332040e-01
172 7.583720e-01 7.264000e-03 2.343640e-01
173 7.573040e-01 7.032000e-03 2.356640e-01
174 7.560760e-01 7.016000e-03 2.369080e-01
175 7.549360e-01 7.108000e-03 2.379560e-01
176 7.537520e-01 7.140000e-03 2.391080e-01
177 7.525480e-01 7.204000e-03 2.402480e-01
178 7.513320e-01 7.156000e-03 2.415120e-01
179 7.502160e-01 7.052000e-03 2.427320e-01
180 7.490000e-01 6.912000e-03 2.440880e-01
181 7.476720e-01 7.104000e-03 2.452240e-01
182 7.463920e-01 7.164000e-03 2.464440e-01
183 7.451920e-01 7.128000e-03 2.476800e-01
184 7.439440e-01 7.068000e-03 2.489880e-01
185 7.427960e-01 6.944000e-03 2.502600e-01
186 7.416480e-01 6.848000e-03 2.515040e-01
187 7.406080e-01 6.744000e-03 2.526480e-01
188 7.395760e-01 6.632000e-03 2.537920e-01
189 7.385960e-01 6.448000e-03 2.549560e-01
190 7.374760e-01 6.436000e-03 2.560880e-01
191 7.364440e-01 6.252000e-03 2.573040e-01
192 7.354200e-01 6.132000e-03 2.584480e-01
193 7.344160e-01 6.008000e-03 2.595760e-01
194 7.334000e-01 5.948000e-03 2.606520e-01
195 7.324200e-01 5.812000e-03 2.617680e-01
196 7.315080e-01 5.624000e-03 2.628680e-01
197 7.305720e-01 5.636000e-03 2.637920e-01
198 7.296520e-01 5.556000e-03 2.647920e-01
199 7.285960e-01 5.684000e-03 2.657200e-01
200 7.276840e-01 5.672000e-03 2.666440e-01
201 7.266600e-01 5.648000e-03 2.676920e-01
202 7.257560e-01 5.704000e-03 2.685400e-01
203 7.248600e-01 5.632000e-03 2.695080e-01
204 7.238760e-01 5.588000e-03 2.705360e-01
205 7.229120e-01 5.504000e-03 2.715840e-01
206 7.218120e-01 5.628000e-03 2.725600e-01
207 7.207120e-01 5.672000e-03 2.736160e-01
208 7.198040e-01 5.624000e-03 2.745720e-01
209 7.188360e-01 5.660000e-03 2.755040e-01
210 7.179040e-01 5.636000e-03 2.764600e-01
211 7.167520e-01 5.716000e-03 2.775320e-01
212 7.159720e-01 5.472000e-03 2.785560e-01
213 7.152480e-01 5.372000e-03 2.793800e-01
214 7.145040e-01 5.224000e-03 2.802720e-01
215 7.136040e-01 5.204000e-03 2.811920e-01
216 7.128760e-01 5.040000e-03 2.820840e-01
217 7.120640e-01 5.020000e-03 2.829160e-01
218 7.113120e-01 4.784000e-03 2.839040e-01
219 7.105400e-01 4.652000e-03 2.848080e-01
220 7.098640e-01 4.484000e-03 2.856520e-01
221 7.091000e-01 4.456000e-03 2.864440e-01
222 7.084800e-01 4.268000e-03 2.872520e-01
223 7.078520e-01 4.152000e-03 2.879960e-01
224 7.071240e-01 4.208000e-03 2.886680e-01
225 7.063800e-01 4.244000e-03 2.893760e-01
226 7.056920e-01 4.172000e-03 2.901360e-01
227 7.049760e-01 4.188000e-03 2.908360e-01
228 7.043480e-01 4.124000e-03 2.915280e-01
229 7.037200e-01 4.048000e-03 2.922320e-01
230 7.029800e-01 4.052000e-03 2.929680e-01
231 7.022880e-01 4.076000e-03 2.936360e-01
232 7.016560e-01 3.992000e-03 2.943520e-01
233 7.010800e-01 3.856000e-03 2.950640e-01
234 7.003680e-01 3.832000e-03 2.958000e-01
235 6.997680e-01 3.788000e-03 2.964440e-01
236 6.991200e-01 3.788000e-03 2.970920e-01
237 6.984680e-01 3.748000e-03 2.977840e-01
238 6.977800e-01 3.872000e-03 2.983480e-01
239 6.971480e-01 3.848000e-03 2.990040e-01
240 6.965000e-01 3.812000e-03 2.996880e-01
241 6.958200e-01 3.792000e-03 3.003880e-01
242 6.951800e-01 3.740000e-03 3.010800e-01
243 6.946720e-01 3.544000e-03 3.017840e-01
244 6.940120e-01 3.552000e-03 3.024360e-01
245 6.934920e-01 3.456000e-03 3.030520e-01
246 6.928640e-01 3.408000e-03 3.037280e-01
247 6.922360e-01 3.428000e-03 3.043360e-01
248 6.916520e-01 3.372000e-03 3.049760e-01
249 6.911000e-01 3.384000e-03 3.055160e-01
250 6.904880e-01 3.376000e-03 3.061360e-01
251 6.899520e-01 3.356000e-03 3.066920e-01
252 6.894360e-01 3.292000e-03 3.072720e-01
253 6.888160e-01 3.384000e-03 3.078000e-01
254 6.882440e-01 3.332000e-03 3.084240e-01
255 6.876000e-01 3.376000e-03 3.090240e-01
256 6.870440e-01 3.336000e-03 3.096200e-01
257 6.864960e-01 3.280000e-03 3.102240e-01
258 6.858960e-01 3.324000e-03 3.107800e-01
259 6.853120e-01 3.232000e-03 3.114560e-01
260 6.847880e-01 3.176000e-03 3.120360e-01
261 6.842240e-01 3.176000e-03 3.126000e-01
262 6.836560e-01 3.216000e-03 3.131280e-01
263 6.829880e-01 3.352000e-03 3.136600e-01
264 6.823440e-01 3.336000e-03 3.143200e-01
265 6.818200e-01 3.248000e-03 3.149320e-01
266 6.813240e-01 3.176000e-03 3.155000e-01
267 6.807840e-01 3.096000e-03 3.161200e-01
268 6.801200e-01 3.232000e-03 3.166480e-01
269 6.793960e-01 3.420000e-03 3.171840e-01
270 6.787320e-01 3.484000e-03 3.177840e-01
271 6.779400e-01 3.648000e-03 3.184120e-01
272 6.772720e-01 3.576000e-03 3.191520e-01
273 6.766400e-01 3.572000e-03 3.197880e-01
274 6.760800e-01 3.548000e-03 3.203720e-01
275 6.754360e-01 3.568000e-03 3.209960e-01
276 6.748400e-01 3.564000e-03 3.215960e-01
277 6.742960e-01 3.520000e-03 3.221840e-01
278 6.738120e-01 3.348000e-03 3.228400e-01
279 6.733240e-01 3.272000e-03 3.234040e-01
280 6.728640e-01 3.116000e-03 3.240200e-01
281 6.724240e-01 3.008000e-03 3.245680e-01
282 6.719160e-01 3.076000e-03 3.250080e-01
283 6.713480e-01 3.180000e-03 3.254720e-01
284 6.708640e-01 3.088000e-03 3.260480e-01
285 6.702720e-01 3.128000e-03 3.266000e-01
286 6.697160e-01 3.064000e-03 3.272200e-01
287 6.691560e-01 3.016000e-03 3.278280e-01
288 6.686440e-01 3.016000e-03 3.283400e-01
289 6.681320e-01 2.956000e-03 3.289120e-01
290 6.676760e-01 2.828000e-03 3.294960e-01
291 6.671880e-01 2.824000e-03 3.299880e-01
292 6.667560e-01 2.808000e-03 3.304360e-01
293 6.662960e-01 2.612000e-03 3.310920e-01
294 6.659320e-01 2.560000e-03 3.315080e-01
295 6.654880e-01 2.548000e-03 3.319640e-01
296 6.651080e-01 2.464000e-03 3.324280e-01
297 6.646400e-01 2.492000e-03 3.328680e-01
298 6.641760e-01 2.516000e-03 3.333080e-01
299 6.637400e-01 2.464000e-03 3.337960e-01
300 6.633160e-01 2.452000e-03 3.342320e-01
301 6.629160e-01 2.400000e-03 3.346840e-01
302 6.625320e-01 2.384000e-03 3.350840e-01
303 6.621840e-01 2.340000e-03 3.354760e-01
304 6.617880e-01 2.348000e-03 3.358640e-01
305 6.614160e-01 2.312000e-03 3.362720e-01
306 6.610760e-01 2.232000e-03 3.366920e-01
307 6.606720e-01 2.260000e-03 3.370680e-01
308 6.603640e-01 2.164000e-03 3.374720e-01
309 6.600320e-01 2.200000e-03 3.377680e-01
310 6.595880e-01 2.208000e-03 3.382040e-01
311 6.592080e-01 2.216000e-03 3.385760e-01
312 6.587920e-01 2.236000e-03 3.389720e-01
313 6.583680e-01 2.276000e-03 3.393560e-01
314 6.579680e-01 2.228000e-03 3.398040e-01
315 6.575960e-01 2.196000e-03 3.402080e-01
316 6.571640e-01 2.208000e-03 3.406280e-01
317 6.567760e-01 2.228000e-03 3.409960e-01
318 6.563640e-01 2.264000e-03 3.413720e-01
319 6.559920e-01 2.248000e-03 3.417600e-01
320 6.556200e-01 2.200000e-03 3.421800e-01
321 6.552720e-01 2.200000e-03 3.425280e-01
322 6.549440e-01 2.208000e-03 3.428480e-01
323 6.546040e-01 2.184000e-03 3.432120e-01
324 6.543560e-01 2.048000e-03 3.435960e-01
325 6.541000e-01 1.928000e-03 3.439720e-01
326 6.537480e-01 1.888000e-03 3.443640e-01
327 6.534640e-01 1.824000e-03 3.447120e-01
328 6.531720e-01 1.760000e-03 3.450680e-01
329 6.528680e-01 1.756000e-03 3.453760e-01
330 6.525840e-01 1.780000e-03 3.456360e-01
331 6.522680e-01 1.804000e-03 3.459280e-01
332 6.520040e-01 1.768000e-03 3.462280e-01
333 6.517080e-01 1.760000e-03 3.465320e-01
334 6.513840e-01 1.832000e-03 3.467840e-01
335 6.510840e-01 1.784000e-03 3.471320e-01
336 6.507680e-01 1.776000e-03 3.474560e-01
337 6.504680e-01 1.812000e-03 3.477200e-01
338 6.501480e-01 1.824000e-03 3.480280e-01
339 6.498720e-01 1.760000e-03 3.483680e-01
340 6.495800e-01 1.768000e-03 3.486520e-01
341 6.492840e-01 1.688000e-03 3.490280e-01
342 6.490040e-01 1.648000e-03 3.493480e-01
343 6.487160e-01 1.676000e-03 3.496080e-01
344 6.483920e-01 1.692000e-03 3.499160e-01
345 6.480200e-01 1.768000e-03 3.502120e-01
346 6.477280e-01 1.788000e-03 3.504840e-01
347 6.473400e-01 1.840000e-03 3.508200e-01
348 6.470440e-01 1.800000e-03 3.511560e-01
349 6.467520e-01 1.716000e-03 3.515320e-01
350 6.464360e-01 1.748000e-03 3.518160e-01
351 6.460880e-01 1.780000e-03 3.521320e-01
352 6.457960e-01 1.764000e-03 3.524400e-01
353 6.454920e-01 1.764000e-03 3.527440e-01
354 6.452040e-01 1.768000e-03 3.530280e-01
355 6.449400e-01 1.700000e-03 3.533600e-01
356 6.446720e-01 1.740000e-03 3.535880e-01
357 6.444480e-01 1.632000e-03 3.539200e-01
358 6.442000e-01 1.616000e-03 3.541840e-01
359 6.439480e-01 1.556000e-03 3.544960e-01
360 6.437440e-01 1.452000e-03 3.548040e-01
361 6.435160e-01 1.380000e-03 3.551040e-01
362 6.433160e-01 1.376000e-03 3.553080e-01
363 6.431040e-01 1.372000e-03 3.555240e-01
364 6.428960e-01 1.340000e-03 3.557640e-01
365 6.426600e-01 1.324000e-03 3.560160e-01
366 6.424440e-01 1.296000e-03 3.562600e-01
367 6.422080e-01 1.300000e-03 3.564920e-01
368 6.418960e-01 1.380000e-03 3.567240e-01
369 6.416360e-01 1.428000e-03 3.569360e-01
370 6.413640e-01 1.500000e-03 3.571360e-01
371 6.411000e-01 1.472000e-03 3.574280e-01
372 6.408520e-01 1.516000e-03 3.576320e-01
373 6.406200e-01 1.468000e-03 3.579120e-01
374 6.404240e-01 1.456000e-03 3.581200e-01
375 6.401480e-01 1.480000e-03 3.583720e-01
376 6.399200e-01 1.492000e-03 3.585880e-01
377 6.396400e-01 1.564000e-03 3.587960e-01
378 6.392840e-01 1.652000e-03 3.590640e-01
379 6.389800e-01 1.656000e-03 3.593640e-01
380 6.386280e-01 1.680000e-03 3.596920e-01
381 6.383680e-01 1.624000e-03 3.600080e-01
382 6.380920e-01 1.616000e-03 3.602920e-01
383 6.377760e-01 1.636000e-03 3.605880e-01
384 6.374760e-01 1.620000e-03 3.609040e-01
385 6.371920e-01 1.676000e-03 3.611320e-01
386 6.369040e-01 1.664000e-03 3.614320e-01
387 6.366040e-01 1.656000e-03 3.617400e-01
388 6.362600e-01 1.716000e-03 3.620240e-01
389 6.359400e-01 1.724000e-03 3.623360e-01
390 6.356000e-01 1.740000e-03 3.626600e-01
391 6.352000e-01 1.864000e-03 3.629360e-01
392 6.349040e-01 1.808000e-03 3.632880e-01
393 6.346360e-01 1.768000e-03 3.635960e-01
394 6.343760e-01 1.716000e-03 3.639080e-01
395 6.341800e-01 1.576000e-03 3.642440e-01
396 6.339640e-01 1.512000e-03 3.645240e-01
397 6.337560e-01 1.408000e-03 3.648360e-01
398 6.335800e-01 1.360000e-03 3.650600e-01
399 6.333800e-01 1.256000e-03 3.653640e-01
400 6.331640e-01 1.268000e-03 3.655680e-01
401 6.329960e-01 1.228000e-03 3.657760e-01
402 6.328000e-01 1.176000e-03 3.660240e-01
403 6.326000e-01 1.168000e-03 3.662320e-01
404 6.324320e-01 1.124000e-03 3.664440e-01
405 6.322560e-01 1.108000e-03 3.666360e-01
406 6.321280e-01 1.044000e-03 3.668280e-01
407 6.319440e-01 1.060000e-03 3.669960e-01
408 6.318360e-01 9.880000e-04 3.671760e-01
409 6.316920e-01 9.840000e-04 3.673240e-01
410 6.315840e-01 9.520000e-04 3.674640e-01
411 6.314600e-01 9.280000e-04 3.676120e-01
412 6.313280e-01 9.160000e-04 3.677560e-01
413 6.311800e-01 8.720000e-04 3.679480e-01
414 6.310480e-01 8.440000e-04 3.681080e-01
415 6.309360e-01 7.880000e-04 3.682760e-01
416 6.308240e-01 7.160000e-04 3.684600e-01
417 6.307480e-01 6.720000e-04 3.685800e-01
418 6.306280e-01 6.480000e-04 3.687240e-01
419 6.305160e-01 6.600000e-04 3.688240e-01
420 6.304080e-01 6.520000e-04 3.689400e-01
421 6.303000e-01 6.520000e-04 3.690480e-01
422 6.302120e-01 6.640000e-04 3.691240e-01
423 6.301440e-01 6.200000e-04 3.692360e-01
424 6.301000e-01 5.480000e-04 3.693520e-01
425 6.300320e-01 5.240000e-04 3.694440e-01
426 6.299320e-01 5.480000e-04 3.695200e-01
427 6.298640e-01 5.200000e-04 3.696160e-01
428 6.297920e-01 5.000000e-04 3.697080e-01
429 6.297200e-01 5.000000e-04 3.697800e-01
430 6.296400e-01 5.080000e-04 3.698520e-01
431 6.295320e-01 5.480000e-04 3.699200e-01
432 6.294560e-01 5.400000e-04 3.700040e-01
433 6.293200e-01 5.680000e-04 3.701120e-01
434 6.292240e-01 5.640000e-04 3.702120e-01
435 6.291200e-01 5.520000e-04 3.703280e-01
436 6.290080e-01 5.800000e-04 3.704120e-01
437 6.289440e-01 5.960000e-04 3.704600e-01
438 6.288480e-01 6.040000e-04 3.705480e-01
439 6.287560e-01 5.680000e-04 3.706760e-01
440 6.286560e-01 5.800000e-04 3.707640e-01
441 6.286040e-01 5.280000e-04 3.708680e-01
442 6.285560e-01 4.960000e-04 3.709480e-01
443 6.285080e-01 4.560000e-04 3.710360e-01
444 6.284400e-01 4.520000e-04 3.711080e-01
445 6.283440e-01 4.400000e-04 3.712160e-01
446 6.282680e-01 4.360000e-04 3.712960e-01
447 6.281960e-01 4.480000e-04 3.713560e-01
448 6.281120e-01 4.440000e-04 3.714440e-01
449 6.280280e-01 4.120000e-04 3.715600e-01
450 6.279520e-01 4.240000e-04 3.716240e-01
451 6.278760e-01 4.360000e-04 3.716880e-01
452 6.278320e-01 3.960000e-04 3.717720e-01
453 6.277960e-01 3.720000e-04 3.718320e-01
454 6.277400e-01 3.680000e-04 3.718920e-01
455 6.276960e-01 3.280000e-04 3.719760e-01
456 6.276360e-01 3.120000e-04 3.720520e-01
457 6.275720e-01 3.320000e-04 3.720960e-01
458 6.275360e-01 3.120000e-04 3.721520e-01
459 6.274640e-01 3.160000e-04 3.722200e-01
460 6.273800e-01 3.520000e-04 3.722680e-01
461 6.273040e-01 3.440000e-04 3.723520e-01
462 6.272640e-01 3.120000e-04 3.724240e-01
463 6.272440e-01 2.720000e-04 3.724840e-01
464 6.272240e-01 2.720000e-04 3.725040e-01
465 6.271880e-01 2.560000e-04 3.725560e-01
466 6.271600e-01 2.640000e-04 3.725760e-01
467 6.271200e-01 2.560000e-04 3.726240e-01
468 6.270720e-01 2.600000e-04 3.726680e-01
469 6.270200e-01 2.880000e-04 3.726920e-01
470 6.269880e-01 2.840000e-04 3.727280e-01
471 6.269520e-01 2.600000e-04 3.727880e-01
472 6.269000e-01 2.760000e-04 3.728240e-01
473 6.268560e-01 2.720000e-04 3.728720e-01
474 6.268040e-01 2.920000e-04 3.729040e-01
475 6.267480e-01 3.200000e-04 3.729320e-01
476 6.266920e-01 3.160000e-04 3.729920e-01
477 6.266480e-01 3.280000e-04 3.730240e-01
478 6.266160e-01 3.120000e-04 3.730720e-01
479 6.265920e-01 3.000000e-04 3.731080e-01
480 6.265800e-01 2.560000e-04 3.731640e-01
481 6.265520e-01 2.560000e-04 3.731920e-01
482 6.265400e-01 2.280000e-04 3.732320e-01
483 6.265040e-01 1.920000e-04 3.733040e-01
484 6.264520e-01 2.160000e-04 3.733320e-01
485 6.264280e-01 2.080000e-04 3.733640e-01
486 6.264040e-01 1.880000e-04 3.734080e-01
487 6.263680e-01 1.680000e-04 3.734640e-01
488 6.263480e-01 1.600000e-04 3.734920e-01
489 6.263280e-01 1.480000e-04 3.735240e-01
490 6.263120e-01 1.480000e-04 3.735400e-01
491 6.262960e-01 1.480000e-04 3.735560e-01
492 6.262800e-01 1.320000e-04 3.735880e-01
493 6.262720e-01 8.800000e-05 3.736400e-01
494 6.262640e-01 9.200000e-05 3.736440e-01
495 6.262560e-01 9.200000e-05 3.736520e-01
496 6.262560e-01 6.800000e-05 3.736760e-01
497 6.262360e-01 7.200000e-05 3.736920e-01
498 6.262360e-01 6.400000e-05 3.737000e-01
499 6.262240e-01 6.400000e-05 3.737120e-01
500 6.262160e-01 6.000000e-05 3.737240e-01
