1 9.991480e-01 7.600000e-04 9.200000e-05
2 9.985960e-01 1.152000e-03 2.520000e-04
3 9.979800e-01 1.536000e-03 4.840000e-04
4 9.971200e-01 2.068000e-03 8.120000e-04
5 9.963040e-01 2.444000e-03 1.252000e-03
6 9.954600e-01 2.864000e-03 1.676000e-03
7 9.944520e-01 3.284000e-03 2.264000e-03
8 9.933720e-01 3.744000e-03 2.884000e-03
9 9.923160e-01 4.064000e-03 3.620000e-03
10 9.913440e-01 4.244000e-03 4.412000e-03
11 9.903080e-01 4.496000e-03 5.196000e-03
12 9.890480e-01 5.004000e-03 5.948000e-03
13 9.877360e-01 5.460000e-03 6.804000e-03
14 9.865680e-01 5.716000e-03 7.716000e-03
15 9.853200e-01 5.864000e-03 8.816000e-03
16 9.841880e-01 5.936000e-03 9.876000e-03
17 9.828880e-01 6.124000e-03 1.098800e-02
18 9.815680e-01 6.288000e-03 1.214400e-02
19 9.802400e-01 6.484000e-03 1.327600e-02
20 9.788880e-01 6.620000e-03 1.449200e-02
21 9.775040e-01 6.840000e-03 1.565600e-02
22 9.760160e-01 7.076000e-03 1.690800e-02
23 9.746960e-01 7.192000e-03 1.811200e-02
24 9.733360e-01 7.244000e-03 1.942000e-02
25 9.718840e-01 7.504000e-03 2.061200e-02
26 9.704120e-01 7.676000e-03 2.191200e-02
27 9.689600e-01 7.800000e-03 2.324000e-02
28 9.675240e-01 7.768000e-03 2.470800e-02
29 9.661760e-01 7.836000e-03 2.598800e-02
30 9.646200e-01 8.020000e-03 2.736000e-02
31 9.631240e-01 8.032000e-03 2.884400e-02
32 9.615560e-01 8.088000e-03 3.035600e-02
33 9.600520e-01 8.164000e-03 3.178400e-02
34 9.584080e-01 8.436000e-03 3.315600e-02
35 9.568320e-01 8.440000e-03 3.472800e-02
36 9.555280e-01 8.232000e-03 3.624000e-02
37 9.541920e-01 8.264000e-03 3.754400e-02
38 9.526560e-01 8.372000e-03 3.897200e-02
39 9.511440e-01 8.276000e-03 4.058000e-02
40 9.497000e-01 8.276000e-03 4.202400e-02
41 9.482960e-01 8.128000e-03 4.357600e-02
42 9.468600e-01 8.100000e-03 4.504000e-02
43 9.454040e-01 8.128000e-03 4.646800e-02
44 9.441920e-01 7.892000e-03 4.791600e-02
45 9.430720e-01 7.596000e-03 4.933200e-02
46 9.417320e-01 7.724000e-03 5.054400e-02
47 9.403720e-01 7.712000e-03 5.191600e-02
48 9.389840e-01 7.660000e-03 5.335600e-02
49 9.375000e-01 7.700000e-03 5.480000e-02
50 9.359600e-01 7.868000e-03 5.617200e-02
51 9.344280e-01 8.120000e-03 5.745200e-02
52 9.330120e-01 8.160000e-03 5.882800e-02
53 9.316880e-01 8.104000e-03 6.020800e-02
54 9.303240e-01 8.072000e-03 6.160400e-02
55 9.289080e-01 8.336000e-03 6.275600e-02
56 9.274320e-01 8.372000e-03 6.419600e-02
57 9.259200e-01 8.352000e-03 6.572800e-02
58 9.243840e-01 8.444000e-03 6.717200e-02
59 9.227080e-01 8.652000e-03 6.864000e-02
60 9.212000e-01 8.616000e-03 7.018400e-02
61 9.197400e-01 8.524000e-03 7.173600e-02
62 9.181640e-01 8.656000e-03 7.318000e-02
63 9.166120e-01 8.744000e-03 7.464400e-02
64 9.152480e-01 8.556000e-03 7.619600e-02
65 9.135680e-01 8.772000e-03 7.766000e-02
66 9.120120e-01 8.916000e-03 7.907200e-02
67 9.105240e-01 8.836000e-03 8.064000e-02
68 9.090640e-01 8.640000e-03 8.229600e-02
69 9.077080e-01 8.576000e-03 8.371600e-02
70 9.063160e-01 8.508000e-03 8.517600e-02
71 9.048600e-01 8.476000e-03 8.666400e-02
72 9.035960e-01 8.400000e-03 8.800400e-02
73 9.023760e-01 8.120000e-03 8.950400e-02
74 9.008760e-01 8.232000e-03 9.089200e-02
75 8.995320e-01 8.156000e-03 9.231200e-02
76 8.981200e-01 8.128000e-03 9.375200e-02
77 8.966280e-01 8.088000e-03 9.528400e-02
78 8.952120e-01 8.092000e-03 9.669600e-02
79 8.937080e-01 8.100000e-03 9.819200e-02
80 8.922560e-01 8.128000e-03 9.961600e-02
81 8.907240e-01 8.188000e-03 1.010880e-01
82 8.892560e-01 8.284000e-03 1.024600e-01
83 8.877160e-01 8.296000e-03 1.039880e-01
84 8.861680e-01 8.552000e-03 1.052800e-01
85 8.848320e-01 8.556000e-03 1.066120e-01
86 8.834120e-01 8.460000e-03 1.081280e-01
87 8.819120e-01 8.504000e-03 1.095840e-01
88 8.805480e-01 8.352000e-03 1.111000e-01
89 8.790520e-01 8.396000e-03 1.125520e-01
90 8.774600e-01 8.520000e-03 1.140200e-01
91 8.759960e-01 8.452000e-03 1.155520e-01
92 8.745080e-01 8.548000e-03 1.169440e-01
93 8.730720e-01 8.380000e-03 1.185480e-01
94 8.714880e-01 8.508000e-03 1.200040e-01
95 8.698040e-01 8.668000e-03 1.215280e-01
96 8.682720e-01 8.696000e-03 1.230320e-01
97 8.668320e-01 8.544000e-03 1.246240e-01
98 8.652640e-01 8.640000e-03 1.260960e-01
99 8.637920e-01 8.576000e-03 1.276320e-01
100 8.622880e-01 8.540000e-03 1.291720e-01
101 8.608640e-01 8.440000e-03 1.306960e-01
102 8.593760e-01 8.352000e-03 1.322720e-01
103 8.578840e-01 8.348000e-03 1.337680e-01
104 8.563640e-01 8.344000e-03 1.352920e-01
105 8.547960e-01 8.488000e-03 1.367160e-01
106 8.533000e-01 8.500000e-03 1.382000e-01
107 8.517560e-01 8.500000e-03 1.397440e-01
108 8.502280e-01 8.484000e-03 1.412880e-01
109 8.484640e-01 8.748000e-03 1.427880e-01
110 8.468760e-01 8.780000e-03 1.443440e-01
111 8.452600e-01 8.852000e-03 1.458880e-01
112 8.438320e-01 8.784000e-03 1.473840e-01
113 8.423240e-01 8.660000e-03 1.490160e-01
114 8.408960e-01 8.584000e-03 1.505200e-01
115 8.394120e-01 8.644000e-03 1.519440e-01
116 8.378560e-01 8.788000e-03 1.533560e-01
117 8.364320e-01 8.732000e-03 1.548360e-01
118 8.350280e-01 8.584000e-03 1.563880e-01
119 8.335760e-01 8.548000e-03 1.578760e-01
120 8.321480e-01 8.512000e-03 1.593400e-01
121 8.307400e-01 8.388000e-03 1.608720e-01
122 8.293200e-01 8.380000e-03 1.623000e-01
123 8.278720e-01 8.516000e-03 1.636120e-01
124 8.266080e-01 8.400000e-03 1.649920e-01
125 8.252960e-01 8.204000e-03 1.665000e-01
126 8.238880e-01 8.256000e-03 1.678560e-01
127 8.224560e-01 8.220000e-03 1.693240e-01
128 8.211800e-01 8.016000e-03 1.708040e-01
129 8.198640e-01 7.968000e-03 1.721680e-01
130 8.185880e-01 7.912000e-03 1.735000e-01
131 8.172880e-01 7.884000e-03 1.748280e-01
132 8.160280e-01 7.696000e-03 1.762760e-01
133 8.148480e-01 7.464000e-03 1.776880e-01
134 8.136000e-01 7.420000e-03 1.789800e-01
135 8.124520e-01 7.248000e-03 1.803000e-01
136 8.112520e-01 7.192000e-03 1.815560e-01
137 8.100840e-01 7.176000e-03 1.827400e-01
138 8.089280e-01 7.104000e-03 1.839680e-01
139 8.078600e-01 6.932000e-03 1.852080e-01
140 8.068280e-01 6.808000e-03 1.863640e-01
141 8.057080e-01 6.804000e-03 1.874880e-01
142 8.046320e-01 6.712000e-03 1.886560e-01
143 8.035360e-01 6.724000e-03 1.897400e-01
144 8.024360e-01 6.580000e-03 1.909840e-01
145 8.013120e-01 6.556000e-03 1.921320e-01
146 8.003280e-01 6.480000e-03 1.931920e-01
147 7.992440e-01 6.408000e-03 1.943480e-01
148 7.980480e-01 6.544000e-03 1.954080e-01
149 7.969320e-01 6.596000e-03 1.964720e-01
150 7.958600e-01 6.564000e-03 1.975760e-01
151 7.945520e-01 6.648000e-03 1.988000e-01
152 7.933640e-01 6.716000e-03 1.999200e-01
153 7.923160e-01 6.656000e-03 2.010280e-01
154 7.912000e-01 6.604000e-03 2.021960e-01
155 7.900680e-01 6.616000e-03 2.033160e-01
156 7.890280e-01 6.464000e-03 2.045080e-01
157 7.879040e-01 6.456000e-03 2.056400e-01
158 7.867720e-01 6.528000e-03 2.067000e-01
159 7.856120e-01 6.592000e-03 2.077960e-01
160 7.844160e-01 6.624000e-03 2.089600e-01
161 7.832600e-01 6.644000e-03 2.100960e-01
162 7.821320e-01 6.620000e-03 2.112480e-01
163 7.810640e-01 6.468000e-03 2.124680e-01
164 7.800080e-01 6.416000e-03 2.135760e-01
165 7.788560e-01 6.528000e-03 2.146160e-01
166 7.777720e-01 6.600000e-03 2.156280e-01
167 7.767320e-01 6.532000e-03 2.167360e-01
168 7.756400e-01 6.508000e-03 2.178520e-01
169 7.744960e-01 6.592000e-03 2.189120e-01
170 7.733920e-01 6.504000e-03 2.201040e-01
171 7.722800e-01 6.496000e-03 2.212240e-01
172 7.712120e-01 6.444000e-03 2.223440e-01
173 7.701960e-01 6.408000e-03 2.233960e-01
174 7.692800e-01 6.224000e-03 2.244960e-01
175 7.683280e-01 6.036000e-03 2.256360e-01
176 7.673480e-01 5.900000e-03 2.267520e-01
177 7.664760e-01 5.712000e-03 2.278120e-01
178 7.654360e-01 5.792000e-03 2.287720e-01
179 7.644320e-01 5.772000e-03 2.297960e-01
180 7.634440e-01 5.708000e-03 2.308480e-01
181 7.624120e-01 5.816000e-03 2.317720e-01
182 7.615400e-01 5.744000e-03 2.327160e-01
183 7.606200e-01 5.616000e-03 2.337640e-01
184 7.596920e-01 5.592000e-03 2.347160e-01
185 7.587320e-01 5.540000e-03 2.357280e-01
186 7.578720e-01 5.488000e-03 2.366400e-01
187 7.569960e-01 5.372000e-03 2.376320e-01
188 7.561360e-01 5.220000e-03 2.386440e-01
189 7.552800e-01 5.168000e-03 2.395520e-01
190 7.543160e-01 5.172000e-03 2.405120e-01
191 7.532760e-01 5.248000e-03 2.414760e-01
192 7.523520e-01 5.204000e-03 2.424440e-01
193 7.514680e-01 5.272000e-03 2.432600e-01
194 7.504200e-01 5.416000e-03 2.441640e-01
195 7.494720e-01 5.516000e-03 2.450120e-01
196 7.485000e-01 5.476000e-03 2.460240e-01
197 7.475040e-01 5.584000e-03 2.469120e-01
198 7.465520e-01 5.620000e-03 2.478280e-01
199 7.455760e-01 5.576000e-03 2.488480e-01
200 7.446280e-01 5.600000e-03 2.497720e-01
201 7.437200e-01 5.584000e-03 2.506960e-01
202 7.426960e-01 5.676000e-03 2.516280e-01
203 7.417360e-01 5.632000e-03 2.526320e-01
204 7.408360e-01 5.556000e-03 2.536080e-01
205 7.398640e-01 5.456000e-03 2.546800e-01
206 7.389440e-01 5.440000e-03 2.556160e-01
207 7.380200e-01 5.392000e-03 2.565880e-01
208 7.370440e-01 5.448000e-03 2.575080e-01
209 7.361520e-01 5.376000e-03 2.584720e-01
210 7.351000e-01 5.420000e-03 2.594800e-01
211 7.340760e-01 5.420000e-03 2.605040e-01
212 7.331440e-01 5.360000e-03 2.614960e-01
213 7.322400e-01 5.328000e-03 2.624320e-01
214 7.311320e-01 5.468000e-03 2.634000e-01
215 7.300640e-01 5.520000e-03 2.644160e-01
216 7.289640e-01 5.668000e-03 2.653680e-01
217 7.279760e-01 5.612000e-03 2.664120e-01
218 7.269960e-01 5.624000e-03 2.673800e-01
219 7.260160e-01 5.600000e-03 2.683840e-01
220 7.250040e-01 5.776000e-03 2.692200e-01
221 7.239480e-01 5.828000e-03 2.702240e-01
222 7.230360e-01 5.684000e-03 2.712800e-01
223 7.220800e-01 5.636000e-03 2.722840e-01
224 7.210840e-01 5.712000e-03 2.732040e-01
225 7.203080e-01 5.544000e-03 2.741480e-01
226 7.194680e-01 5.460000e-03 2.750720e-01
227 7.185760e-01 5.340000e-03 2.760840e-01
228 7.177360e-01 5.284000e-03 2.769800e-01
229 7.168320e-01 5.268000e-03 2.779000e-01
230 7.159320e-01 5.100000e-03 2.789680e-01
231 7.149960e-01 5.032000e-03 2.799720e-01
232 7.141200e-01 4.988000e-03 2.808920e-01
233 7.133600e-01 4.820000e-03 2.818200e-01
234 7.125240e-01 4.852000e-03 2.826240e-01
235 7.116160e-01 4.888000e-03 2.834960e-01
236 7.109360e-01 4.672000e-03 2.843920e-01
237 7.101000e-01 4.776000e-03 2.851240e-01
238 7.092040e-01 4.788000e-03 2.860080e-01
239 7.083080e-01 4.804000e-03 2.868880e-01
240 7.074760e-01 4.852000e-03 2.876720e-01
241 7.066920e-01 4.832000e-03 2.884760e-01
242 7.058640e-01 4.840000e-03 2.892960e-01
243 7.049720e-01 4.872000e-03 2.901560e-01
244 7.041560e-01 4.812000e-03 2.910320e-01
245 7.033920e-01 4.848000e-03 2.917600e-01
246 7.024480e-01 4.908000e-03 2.926440e-01
247 7.015680e-01 4.816000e-03 2.936160e-01
248 7.007680e-01 4.760000e-03 2.944720e-01
249 7.000280e-01 4.764000e-03 2.952080e-01
250 6.992040e-01 4.688000e-03 2.961080e-01
251 6.984160e-01 4.532000e-03 2.970520e-01
252 6.976160e-01 4.612000e-03 2.977720e-01
253 6.969160e-01 4.604000e-03 2.984800e-01
254 6.961440e-01 4.540000e-03 2.993160e-01
255 6.954720e-01 4.420000e-03 3.001080e-01
256 6.947160e-01 4.404000e-03 3.008800e-01
257 6.940480e-01 4.328000e-03 3.016240e-01
258 6.933760e-01 4.200000e-03 3.024240e-01
259 6.926360e-01 4.256000e-03 3.031080e-01
260 6.920160e-01 4.092000e-03 3.038920e-01
261 6.914200e-01 4.016000e-03 3.045640e-01
262 6.907960e-01 3.912000e-03 3.052920e-01
263 6.902520e-01 3.760000e-03 3.059880e-01
264 6.895480e-01 3.852000e-03 3.066000e-01
265 6.888480e-01 3.956000e-03 3.071960e-01
266 6.881560e-01 4.036000e-03 3.078080e-01
267 6.875800e-01 3.900000e-03 3.085200e-01
268 6.869160e-01 3.900000e-03 3.091840e-01
269 6.862360e-01 3.984000e-03 3.097800e-01
270 6.855800e-01 3.948000e-03 3.104720e-01
271 6.848840e-01 3.896000e-03 3.112200e-01
272 6.842440e-01 3.832000e-03 3.119240e-01
273 6.834920e-01 3.872000e-03 3.126360e-01
274 6.828360e-01 3.816000e-03 3.133480e-01
275 6.821560e-01 3.764000e-03 3.140800e-01
276 6.815560e-01 3.728000e-03 3.147160e-01
277 6.809440e-01 3.812000e-03 3.152440e-01
278 6.804200e-01 3.680000e-03 3.159000e-01
279 6.799280e-01 3.540000e-03 3.165320e-01
280 6.792760e-01 3.564000e-03 3.171600e-01
281 6.787240e-01 3.516000e-03 3.177600e-01
282 6.782400e-01 3.392000e-03 3.183680e-01
283 6.777520e-01 3.352000e-03 3.188960e-01
284 6.773400e-01 3.148000e-03 3.195120e-01
285 6.768560e-01 3.060000e-03 3.200840e-01
286 6.763800e-01 3.016000e-03 3.206040e-01
287 6.757800e-01 3.140000e-03 3.210800e-01
288 6.752080e-01 3.160000e-03 3.216320e-01
289 6.746560e-01 3.216000e-03 3.221280e-01
290 6.741120e-01 3.192000e-03 3.226960e-01
291 6.736200e-01 3.180000e-03 3.232000e-01
292 6.730520e-01 3.172000e-03 3.237760e-01
293 6.725080e-01 3.156000e-03 3.243360e-01
294 6.720680e-01 3.060000e-03 3.248720e-01
295 6.715800e-01 2.988000e-03 3.254320e-01
296 6.710280e-01 3.000000e-03 3.259720e-01
297 6.705200e-01 2.996000e-03 3.264840e-01
298 6.701160e-01 2.944000e-03 3.269400e-01
299 6.696000e-01 2.992000e-03 3.274080e-01
300 6.690640e-01 3.004000e-03 3.279320e-01
301 6.684720e-01 2.980000e-03 3.285480e-01
302 6.678400e-01 3.072000e-03 3.290880e-01
303 6.672720e-01 3.024000e-03 3.297040e-01
304 6.667840e-01 2.960000e-03 3.302560e-01
305 6.662480e-01 2.904000e-03 3.308480e-01
306 6.657120e-01 2.876000e-03 3.314120e-01
307 6.653240e-01 2.788000e-03 3.318880e-01
308 6.647560e-01 2.872000e-03 3.323720e-01
309 6.641520e-01 2.948000e-03 3.329000e-01
310 6.636080e-01 2.976000e-03 3.334160e-01
311 6.630440e-01 2.992000e-03 3.339640e-01
312 6.624880e-01 3.004000e-03 3.345080e-01
313 6.620400e-01 2.944000e-03 3.350160e-01
314 6.615920e-01 2.928000e-03 3.354800e-01
315 6.610880e-01 2.948000e-03 3.359640e-01
316 6.605280e-01 2.924000e-03 3.365480e-01
317 6.600480e-01 2.900000e-03 3.370520e-01
318 6.594840e-01 2.904000e-03 3.376120e-01
319 6.589160e-01 3.012000e-03 3.380720e-01
320 6.583480e-01 3.020000e-03 3.386320e-01
321 6.578680e-01 2.980000e-03 3.391520e-01
322 6.574240e-01 2.944000e-03 3.396320e-01
323 6.568920e-01 3.028000e-03 3.400800e-01
324 6.563760e-01 3.068000e-03 3.405560e-01
325 6.559440e-01 2.960000e-03 3.410960e-01
326 6.553600e-01 3.084000e-03 3.415560e-01
327 6.547960e-01 3.128000e-03 3.420760e-01
328 6.542240e-01 3.092000e-03 3.426840e-01
329 6.536760e-01 3.076000e-03 3.432480e-01
330 6.531800e-01 3.072000e-03 3.437480e-01
331 6.527080e-01 2.996000e-03 3.442960e-01
332 6.521920e-01 2.892000e-03 3.449160e-01
333 6.517200e-01 2.900000e-03 3.453800e-01
334 6.512480e-01 2.816000e-03 3.459360e-01
335 6.508920e-01 2.672000e-03 3.464360e-01
336 6.505200e-01 2.588000e-03 3.468920e-01
337 6.501160e-01 2.504000e-03 3.473800e-01
338 6.496840e-01 2.520000e-03 3.477960e-01
339 6.493160e-01 2.428000e-03 3.482560e-01
340 6.489800e-01 2.336000e-03 3.486840e-01
341 6.486400e-01 2.288000e-03 3.490720e-01
342 6.483440e-01 2.116000e-03 3.495400e-01
343 6.480920e-01 1.932000e-03 3.499760e-01
344 6.477520e-01 1.908000e-03 3.503400e-01
345 6.474080e-01 1.964000e-03 3.506280e-01
346 6.471040e-01 1.896000e-03 3.510000e-01
347 6.468160e-01 1.896000e-03 3.512880e-01
348 6.465000e-01 1.888000e-03 3.516120e-01
349 6.462160e-01 1.768000e-03 3.520160e-01
350 6.459400e-01 1.760000e-03 3.523000e-01
351 6.456520e-01 1.800000e-03 3.525480e-01
352 6.452600e-01 1.904000e-03 3.528360e-01
353 6.449320e-01 1.892000e-03 3.531760e-01
354 6.445440e-01 1.996000e-03 3.534600e-01
355 6.442120e-01 1.948000e-03 3.538400e-01
356 6.439320e-01 1.892000e-03 3.541760e-01
357 6.436240e-01 1.864000e-03 3.545120e-01
358 6.432760e-01 1.848000e-03 3.548760e-01
359 6.429800e-01 1.840000e-03 3.551800e-01
360 6.426640e-01 1.816000e-03 3.555200e-01
361 6.423000e-01 1.904000e-03 3.557960e-01
362 6.419720e-01 1.940000e-03 3.560880e-01
363 6.417040e-01 1.908000e-03 3.563880e-01
364 6.413960e-01 1.872000e-03 3.567320e-01
365 6.411760e-01 1.804000e-03 3.570200e-01
366 6.409680e-01 1.640000e-03 3.573920e-01
367 6.407200e-01 1.588000e-03 3.576920e-01
368 6.404040e-01 1.664000e-03 3.579320e-01
369 6.401600e-01 1.628000e-03 3.582120e-01
370 6.399400e-01 1.592000e-03 3.584680e-01
371 6.397040e-01 1.552000e-03 3.587440e-01
372 6.394840e-01 1.484000e-03 3.590320e-01
373 6.392800e-01 1.448000e-03 3.592720e-01
374 6.390440e-01 1.456000e-03 3.595000e-01
375 6.387920e-01 1.472000e-03 3.597360e-01
376 6.385880e-01 1.476000e-03 3.599360e-01
377 6.383320e-01 1.484000e-03 3.601840e-01
378 6.381000e-01 1.460000e-03 3.604400e-01
379 6.377800e-01 1.548000e-03 3.606720e-01
380 6.375400e-01 1.496000e-03 3.609640e-01
381 6.373280e-01 1.496000e-03 3.611760e-01
382 6.370760e-01 1.492000e-03 3.614320e-01
383 6.368520e-01 1.508000e-03 3.616400e-01
384 6.366120e-01 1.484000e-03 3.619040e-01
385 6.364120e-01 1.444000e-03 3.621440e-01
386 6.361680e-01 1.444000e-03 3.623880e-01
387 6.359360e-01 1.476000e-03 3.625880e-01
388 6.357120e-01 1.412000e-03 3.628760e-01
389 6.354520e-01 1.464000e-03 3.630840e-01
390 6.351160e-01 1.544000e-03 3.633400e-01
391 6.348920e-01 1.536000e-03 3.635720e-01
392 6.346400e-01 1.488000e-03 3.638720e-01
393 6.343760e-01 1.472000e-03 3.641520e-01
394 6.341680e-01 1.440000e-03 3.643920e-01
395 6.339240e-01 1.456000e-03 3.646200e-01
396 6.336200e-01 1.508000e-03 3.648720e-01
397 6.334320e-01 1.384000e-03 3.651840e-01
398 6.332040e-01 1.384000e-03 3.654120e-01
399 6.330640e-01 1.260000e-03 3.656760e-01
400 6.329040e-01 1.244000e-03 3.658520e-01
401 6.327520e-01 1.164000e-03 3.660840e-01
402 6.325920e-01 1.088000e-03 3.663200e-01
403 6.324640e-01 1.036000e-03 3.665000e-01
404 6.322960e-01 1.016000e-03 3.666880e-01
405 6.321040e-01 1.036000e-03 3.668600e-01
406 6.319280e-01 1.036000e-03 3.670360e-01
407 6.317440e-01 1.004000e-03 3.672520e-01
408 6.315440e-01 1.028000e-03 3.674280e-01
409 6.313200e-01 1.032000e-03 3.676480e-01
410 6.311680e-01 9.400000e-04 3.678920e-01
411 6.310000e-01 9.640000e-04 3.680360e-01
412 6.308240e-01 9.680000e-04 3.682080e-01
413 6.306560e-01 1.024000e-03 3.683200e-01
414 6.305200e-01 1.020000e-03 3.684600e-01
415 6.303720e-01 9.960000e-04 3.686320e-01
416 6.301800e-01 1.068000e-03 3.687520e-01
417 6.300080e-01 1.060000e-03 3.689320e-01
418 6.297440e-01 1.120000e-03 3.691360e-01
419 6.295240e-01 1.140000e-03 3.693360e-01
420 6.292400e-01 1.220000e-03 3.695400e-01
421 6.290360e-01 1.248000e-03 3.697160e-01
422 6.288800e-01 1.172000e-03 3.699480e-01
423 6.286680e-01 1.208000e-03 3.701240e-01
424 6.284160e-01 1.264000e-03 3.703200e-01
425 6.281520e-01 1.316000e-03 3.705320e-01
426 6.279440e-01 1.304000e-03 3.707520e-01
427 6.277520e-01 1.224000e-03 3.710240e-01
428 6.276120e-01 1.164000e-03 3.712240e-01
429 6.273920e-01 1.176000e-03 3.714320e-01
430 6.272280e-01 1.160000e-03 3.716120e-01
431 6.271040e-01 1.084000e-03 3.718120e-01
432 6.269080e-01 1.144000e-03 3.719480e-01
433 6.266960e-01 1.144000e-03 3.721600e-01
434 6.264200e-01 1.184000e-03 3.723960e-01
435 6.262480e-01 1.176000e-03 3.725760e-01
436 6.260240e-01 1.180000e-03 3.727960e-01
437 6.258360e-01 1.168000e-03 3.729960e-01
438 6.256800e-01 1.172000e-03 3.731480e-01
439 6.255040e-01 1.132000e-03 3.733640e-01
440 6.253200e-01 1.108000e-03 3.735720e-01
441 6.251360e-01 1.072000e-03 3.737920e-01
442 6.249720e-01 1.044000e-03 3.739840e-01
443 6.247360e-01 1.132000e-03 3.741320e-01
444 6.245480e-01 1.092000e-03 3.743600e-01
445 6.242960e-01 1.152000e-03 3.745520e-01
446 6.240720e-01 1.172000e-03 3.747560e-01
447 6.238720e-01 1.112000e-03 3.750160e-01
448 6.236840e-01 1.096000e-03 3.752200e-01
449 6.235480e-01 1.088000e-03 3.753640e-01
450 6.233960e-01 1.096000e-03 3.755080e-01
451 6.232320e-01 1.088000e-03 3.756800e-01
452 6.230320e-01 1.076000e-03 3.758920e-01
453 6.228920e-01 1.032000e-03 3.760760e-01
454 6.227080e-01 1.056000e-03 3.762360e-01
455 6.225400e-01 1.036000e-03 3.764240e-01
456 6.223960e-01 1.004000e-03 3.766000e-01
457 6.222360e-01 9.600000e-04 3.768040e-01
458 6.221040e-01 9.240000e-04 3.769720e-01
459 6.219560e-01 9.080000e-04 3.771360e-01
460 6.218080e-01 8.520000e-04 3.773400e-01
461 6.216560e-01 8.880000e-04 3.774560e-01
462 6.214960e-01 9.120000e-04 3.775920e-01
463 6.213280e-01 8.920000e-04 3.777800e-01
464 6.211720e-01 8.840000e-04 3.779440e-01
465 6.210400e-01 8.680000e-04 3.780920e-01
466 6.208920e-01 9.040000e-04 3.782040e-01
467 6.208040e-01 8.320000e-04 3.783640e-01
468 6.206840e-01 7.920000e-04 3.785240e-01
469 6.205720e-01 7.920000e-04 3.786360e-01
470 6.204560e-01 7.800000e-04 3.787640e-01
471 6.203760e-01 7.080000e-04 3.789160e-01
472 6.202400e-01 6.960000e-04 3.790640e-01
473 6.201400e-01 6.680000e-04 3.791920e-01
474 6.200120e-01 6.720000e-04 3.793160e-01
475 6.198840e-01 7.000000e-04 3.794160e-01
476 6.198000e-01 6.720000e-04 3.795280e-01
477 6.197560e-01 6.000000e-04 3.796440e-01
478 6.196920e-01 5.640000e-04 3.797440e-01
479 6.196360e-01 5.160000e-04 3.798480e-01
480 6.195720e-01 4.960000e-04 3.799320e-01
481 6.194960e-01 5.120000e-04 3.799920e-01
482 6.194280e-01 4.680000e-04 3.801040e-01
483 6.193600e-01 4.720000e-04 3.801680e-01
484 6.192920e-01 4.680000e-04 3.802400e-01
485 6.192440e-01 4.440000e-04 3.803120e-01
486 6.191800e-01 4.040000e-04 3.804160e-01
487 6.191440e-01 3.600000e-04 3.804960e-01
488 6.190960e-01 3.520000e-04 3.805520e-01
489 6.190320e-01 3.600000e-04 3.806080e-01
490 6.189800e-01 3.240000e-04 3.806960e-01
491 6.189320e-01 3.120000e-04 3.807560e-01
492 6.188720e-01 3.080000e-04 3.808200e-01
493 6.188480e-01 2.760000e-04 3.808760e-01
494 6.188000e-01 2.960000e-04 3.809040e-01
495 6.187480e-01 3.000000e-04 3.809520e-01
496 6.187000e-01 3.000000e-04 3.810000e-01
497 6.186760e-01 2.720000e-04 3.810520e-01
498 6.185840e-01 3.240000e-04 3.810920e-01
499 6.185360e-01 3.040000e-04 3.811600e-01
500 6.184840e-01 3.320000e-04 3.811840e-01
