1 9.992000e-01 7.040000e-04 9.600000e-05
2 9.986400e-01 1.152000e-03 2.080000e-04
3 9.979320e-01 1.668000e-03 4.000000e-04
4 9.970800e-01 2.212000e-03 7.080000e-04
5 9.960800e-01 2.732000e-03 1.188000e-03
6 9.952120e-01 3.184000e-03 1.604000e-03
7 9.941680e-01 3.688000e-03 2.144000e-03
8 9.931040e-01 4.144000e-03 2.752000e-03
9 9.918640e-01 4.688000e-03 3.448000e-03
10 9.906360e-01 4.936000e-03 4.428000e-03
11 9.894880e-01 5.168000e-03 5.344000e-03
12 9.880160e-01 5.652000e-03 6.332000e-03
13 9.866640e-01 6.012000e-03 7.324000e-03
14 9.851680e-01 6.392000e-03 8.440000e-03
15 9.836000e-01 6.776000e-03 9.624000e-03
16 9.820280e-01 7.108000e-03 1.086400e-02
17 9.804760e-01 7.384000e-03 1.214000e-02
18 9.788920e-01 7.592000e-03 1.351600e-02
19 9.775160e-01 7.520000e-03 1.496400e-02
20 9.760600e-01 7.700000e-03 1.624000e-02
21 9.744760e-01 7.908000e-03 1.761600e-02
22 9.730520e-01 7.932000e-03 1.901600e-02
23 9.716840e-01 7.936000e-03 2.038000e-02
24 9.702600e-01 7.940000e-03 2.180000e-02
25 9.688840e-01 7.960000e-03 2.315600e-02
26 9.675960e-01 7.872000e-03 2.453200e-02
27 9.661440e-01 7.956000e-03 2.590000e-02
28 9.647080e-01 8.004000e-03 2.728800e-02
29 9.631560e-01 8.132000e-03 2.871200e-02
30 9.616760e-01 8.108000e-03 3.021600e-02
31 9.602880e-01 8.088000e-03 3.162400e-02
32 9.587920e-01 8.192000e-03 3.301600e-02
33 9.572400e-01 8.256000e-03 3.450400e-02
34 9.556680e-01 8.448000e-03 3.588400e-02
35 9.539880e-01 8.640000e-03 3.737200e-02
36 9.521720e-01 8.904000e-03 3.892400e-02
37 9.504800e-01 9.008000e-03 4.051200e-02
38 9.488080e-01 9.144000e-03 4.204800e-02
39 9.471000e-01 9.212000e-03 4.368800e-02
40 9.455440e-01 9.100000e-03 4.535600e-02
41 9.439920e-01 8.988000e-03 4.702000e-02
42 9.424640e-01 8.976000e-03 4.856000e-02
43 9.410240e-01 8.808000e-03 5.016800e-02
44 9.393400e-01 8.976000e-03 5.168400e-02
45 9.377480e-01 8.996000e-03 5.325600e-02
46 9.359520e-01 9.272000e-03 5.477600e-02
47 9.342040e-01 9.404000e-03 5.639200e-02
48 9.325920e-01 9.340000e-03 5.806800e-02
49 9.307440e-01 9.524000e-03 5.973200e-02
50 9.290880e-01 9.448000e-03 6.146400e-02
51 9.273320e-01 9.480000e-03 6.318800e-02
52 9.255720e-01 9.536000e-03 6.489200e-02
53 9.238920e-01 9.528000e-03 6.658000e-02
54 9.220760e-01 9.640000e-03 6.828400e-02
55 9.203520e-01 9.640000e-03 7.000800e-02
56 9.185480e-01 9.668000e-03 7.178400e-02
57 9.166520e-01 9.880000e-03 7.346800e-02
58 9.148440e-01 9.876000e-03 7.528000e-02
59 9.130360e-01 9.984000e-03 7.698000e-02
60 9.113120e-01 1.004000e-02 7.864800e-02
61 9.094480e-01 1.018800e-02 8.036400e-02
62 9.076280e-01 1.004400e-02 8.232800e-02
63 9.058720e-01 9.984000e-03 8.414400e-02
64 9.041840e-01 9.888000e-03 8.592800e-02
65 9.023880e-01 9.984000e-03 8.762800e-02
66 9.005800e-01 1.008400e-02 8.933600e-02
67 8.989040e-01 1.000000e-02 9.109600e-02
68 8.971080e-01 1.012400e-02 9.276800e-02
69 8.954320e-01 1.001200e-02 9.455600e-02
70 8.936080e-01 1.012800e-02 9.626400e-02
71 8.918920e-01 1.005200e-02 9.805600e-02
72 8.901360e-01 1.000800e-02 9.985600e-02
73 8.884120e-01 1.003600e-02 1.015520e-01
74 8.865640e-01 1.020800e-02 1.032280e-01
75 8.848600e-01 1.017200e-02 1.049680e-01
76 8.832040e-01 9.876000e-03 1.069200e-01
77 8.816000e-01 9.696000e-03 1.087040e-01
78 8.797720e-01 9.924000e-03 1.103040e-01
79 8.779440e-01 1.008800e-02 1.119680e-01
80 8.763120e-01 9.936000e-03 1.137520e-01
81 8.747480e-01 9.728000e-03 1.155240e-01
82 8.729400e-01 9.852000e-03 1.172080e-01
83 8.712320e-01 9.924000e-03 1.188440e-01
84 8.694440e-01 1.006800e-02 1.204880e-01
85 8.675880e-01 1.018400e-02 1.222280e-01
86 8.656120e-01 1.040000e-02 1.239880e-01
87 8.638440e-01 1.032000e-02 1.258360e-01
88 8.619760e-01 1.050000e-02 1.275240e-01
89 8.602040e-01 1.043600e-02 1.293600e-01
90 8.584760e-01 1.031600e-02 1.312080e-01
91 8.567560e-01 1.017600e-02 1.330680e-01
92 8.551360e-01 1.005200e-02 1.348120e-01
93 8.534120e-01 1.010000e-02 1.364880e-01
94 8.518320e-01 9.844000e-03 1.383240e-01
95 8.503480e-01 9.584000e-03 1.400680e-01
96 8.489840e-01 9.320000e-03 1.416960e-01
97 8.475320e-01 9.092000e-03 1.433760e-01
98 8.459560e-01 9.144000e-03 1.449000e-01
99 8.443680e-01 9.184000e-03 1.464480e-01
100 8.428240e-01 8.936000e-03 1.482400e-01
101 8.412360e-01 8.912000e-03 1.498520e-01
102 8.397160e-01 8.872000e-03 1.514120e-01
103 8.381760e-01 8.744000e-03 1.530800e-01
104 8.366560e-01 8.748000e-03 1.545960e-01
105 8.352920e-01 8.584000e-03 1.561240e-01
106 8.338640e-01 8.516000e-03 1.576200e-01
107 8.321440e-01 8.892000e-03 1.589640e-01
108 8.306960e-01 8.712000e-03 1.605920e-01
109 8.292200e-01 8.724000e-03 1.620560e-01
110 8.277560e-01 8.688000e-03 1.635560e-01
111 8.264240e-01 8.492000e-03 1.650840e-01
112 8.251640e-01 8.292000e-03 1.665440e-01
113 8.238600e-01 8.192000e-03 1.679480e-01
114 8.224760e-01 8.200000e-03 1.693240e-01
115 8.211560e-01 8.096000e-03 1.707480e-01
116 8.198880e-01 8.020000e-03 1.720920e-01
117 8.183840e-01 8.192000e-03 1.734240e-01
118 8.169040e-01 8.232000e-03 1.748640e-01
119 8.153480e-01 8.400000e-03 1.762520e-01
120 8.137840e-01 8.480000e-03 1.777360e-01
121 8.122960e-01 8.532000e-03 1.791720e-01
122 8.108080e-01 8.472000e-03 1.807200e-01
123 8.091960e-01 8.572000e-03 1.822320e-01
124 8.077400e-01 8.512000e-03 1.837480e-01
125 8.063200e-01 8.564000e-03 1.851160e-01
126 8.047280e-01 8.524000e-03 1.867480e-01
127 8.032720e-01 8.512000e-03 1.882160e-01
128 8.017000e-01 8.640000e-03 1.896600e-01
129 8.002960e-01 8.496000e-03 1.912080e-01
130 7.988600e-01 8.436000e-03 1.927040e-01
131 7.973320e-01 8.608000e-03 1.940600e-01
132 7.960560e-01 8.380000e-03 1.955640e-01
133 7.948600e-01 8.156000e-03 1.969840e-01
134 7.936160e-01 8.048000e-03 1.983360e-01
135 7.922640e-01 8.124000e-03 1.996120e-01
136 7.909560e-01 7.908000e-03 2.011360e-01
137 7.897120e-01 7.796000e-03 2.024920e-01
138 7.882280e-01 7.928000e-03 2.038440e-01
139 7.868920e-01 7.812000e-03 2.052960e-01
140 7.855400e-01 7.812000e-03 2.066480e-01
141 7.841800e-01 7.856000e-03 2.079640e-01
142 7.829240e-01 7.848000e-03 2.092280e-01
143 7.816640e-01 7.624000e-03 2.107120e-01
144 7.803400e-01 7.620000e-03 2.120400e-01
145 7.790120e-01 7.456000e-03 2.135320e-01
146 7.778600e-01 7.360000e-03 2.147800e-01
147 7.767240e-01 7.156000e-03 2.161200e-01
148 7.754800e-01 7.168000e-03 2.173520e-01
149 7.743480e-01 7.124000e-03 2.185280e-01
150 7.731320e-01 7.068000e-03 2.198000e-01
151 7.719440e-01 6.968000e-03 2.210880e-01
152 7.706360e-01 7.080000e-03 2.222840e-01
153 7.693440e-01 7.004000e-03 2.236520e-01
154 7.682280e-01 6.836000e-03 2.249360e-01
155 7.669720e-01 6.864000e-03 2.261640e-01
156 7.657000e-01 6.936000e-03 2.273640e-01
157 7.646320e-01 6.952000e-03 2.284160e-01
158 7.634560e-01 6.892000e-03 2.296520e-01
159 7.621280e-01 7.116000e-03 2.307560e-01
160 7.610440e-01 6.904000e-03 2.320520e-01
161 7.599200e-01 6.824000e-03 2.332560e-01
162 7.587400e-01 6.848000e-03 2.344120e-01
163 7.575040e-01 6.928000e-03 2.355680e-01
164 7.562560e-01 6.892000e-03 2.368520e-01
165 7.551160e-01 6.928000e-03 2.379560e-01
166 7.539320e-01 6.856000e-03 2.392120e-01
167 7.529640e-01 6.624000e-03 2.404120e-01
168 7.518760e-01 6.588000e-03 2.415360e-01
169 7.507320e-01 6.644000e-03 2.426240e-01
170 7.496560e-01 6.604000e-03 2.437400e-01
171 7.485080e-01 6.548000e-03 2.449440e-01
172 7.474120e-01 6.596000e-03 2.459920e-01
173 7.463760e-01 6.468000e-03 2.471560e-01
174 7.451880e-01 6.516000e-03 2.482960e-01
175 7.441560e-01 6.440000e-03 2.494040e-01
176 7.431720e-01 6.320000e-03 2.505080e-01
177 7.421600e-01 6.268000e-03 2.515720e-01
178 7.411040e-01 6.168000e-03 2.527280e-01
179 7.400480e-01 6.124000e-03 2.538280e-01
180 7.389160e-01 6.024000e-03 2.550600e-01
181 7.377040e-01 6.208000e-03 2.560880e-01
182 7.367480e-01 6.092000e-03 2.571600e-01
183 7.358880e-01 5.984000e-03 2.581280e-01
184 7.349120e-01 5.808000e-03 2.592800e-01
185 7.340240e-01 5.684000e-03 2.602920e-01
186 7.329600e-01 5.704000e-03 2.613360e-01
187 7.318840e-01 5.876000e-03 2.622400e-01
188 7.308200e-01 5.912000e-03 2.632680e-01
189 7.298800e-01 5.732000e-03 2.643880e-01
190 7.288520e-01 5.636000e-03 2.655120e-01
191 7.278440e-01 5.604000e-03 2.665520e-01
192 7.268920e-01 5.700000e-03 2.674080e-01
193 7.260400e-01 5.488000e-03 2.684720e-01
194 7.250480e-01 5.468000e-03 2.694840e-01
195 7.241440e-01 5.308000e-03 2.705480e-01
196 7.230920e-01 5.456000e-03 2.714520e-01
197 7.221200e-01 5.468000e-03 2.724120e-01
198 7.210680e-01 5.500000e-03 2.734320e-01
199 7.200320e-01 5.576000e-03 2.743920e-01
200 7.191840e-01 5.380000e-03 2.754360e-01
201 7.182800e-01 5.392000e-03 2.763280e-01
202 7.172640e-01 5.404000e-03 2.773320e-01
203 7.162920e-01 5.424000e-03 2.782840e-01
204 7.154840e-01 5.224000e-03 2.792920e-01
205 7.146240e-01 5.112000e-03 2.802640e-01
206 7.138520e-01 4.964000e-03 2.811840e-01
207 7.129720e-01 4.884000e-03 2.821440e-01
208 7.120640e-01 4.888000e-03 2.830480e-01
209 7.112280e-01 4.896000e-03 2.838760e-01
210 7.104520e-01 4.796000e-03 2.847520e-01
211 7.097000e-01 4.704000e-03 2.855960e-01
212 7.088480e-01 4.776000e-03 2.863760e-01
213 7.080760e-01 4.608000e-03 2.873160e-01
214 7.073680e-01 4.560000e-03 2.880720e-01
215 7.066200e-01 4.460000e-03 2.889200e-01
216 7.058360e-01 4.400000e-03 2.897640e-01
217 7.049520e-01 4.464000e-03 2.905840e-01
218 7.041320e-01 4.512000e-03 2.913560e-01
219 7.033280e-01 4.488000e-03 2.921840e-01
220 7.026040e-01 4.376000e-03 2.930200e-01
221 7.018400e-01 4.292000e-03 2.938680e-01
222 7.010920e-01 4.340000e-03 2.945680e-01
223 7.002800e-01 4.456000e-03 2.952640e-01
224 6.993960e-01 4.640000e-03 2.959640e-01
225 6.984960e-01 4.668000e-03 2.968360e-01
226 6.976800e-01 4.668000e-03 2.976520e-01
227 6.968840e-01 4.584000e-03 2.985320e-01
228 6.960920e-01 4.556000e-03 2.993520e-01
229 6.952480e-01 4.676000e-03 3.000760e-01
230 6.944400e-01 4.744000e-03 3.008160e-01
231 6.936120e-01 4.732000e-03 3.016560e-01
232 6.927880e-01 4.624000e-03 3.025880e-01
233 6.919120e-01 4.596000e-03 3.034920e-01
234 6.911960e-01 4.560000e-03 3.042440e-01
235 6.904240e-01 4.472000e-03 3.051040e-01
236 6.896960e-01 4.492000e-03 3.058120e-01
237 6.891040e-01 4.296000e-03 3.066000e-01
238 6.884000e-01 4.308000e-03 3.072920e-01
239 6.876920e-01 4.320000e-03 3.079880e-01
240 6.870720e-01 4.216000e-03 3.087120e-01
241 6.863040e-01 4.224000e-03 3.094720e-01
242 6.855720e-01 4.224000e-03 3.102040e-01
243 6.847520e-01 4.232000e-03 3.110160e-01
244 6.840160e-01 4.232000e-03 3.117520e-01
245 6.831600e-01 4.436000e-03 3.124040e-01
246 6.824040e-01 4.428000e-03 3.131680e-01
247 6.815840e-01 4.484000e-03 3.139320e-01
248 6.808000e-01 4.528000e-03 3.146720e-01
249 6.799280e-01 4.648000e-03 3.154240e-01
250 6.792160e-01 4.500000e-03 3.162840e-01
251 6.783920e-01 4.568000e-03 3.170400e-01
252 6.776360e-01 4.552000e-03 3.178120e-01
253 6.769000e-01 4.464000e-03 3.186360e-01
254 6.762600e-01 4.296000e-03 3.194440e-01
255 6.754960e-01 4.304000e-03 3.202000e-01
256 6.746960e-01 4.360000e-03 3.209440e-01
257 6.739200e-01 4.412000e-03 3.216680e-01
258 6.731600e-01 4.432000e-03 3.224080e-01
259 6.724440e-01 4.428000e-03 3.231280e-01
260 6.716760e-01 4.372000e-03 3.239520e-01
261 6.710160e-01 4.376000e-03 3.246080e-01
262 6.701520e-01 4.448000e-03 3.254000e-01
263 6.694280e-01 4.360000e-03 3.262120e-01
264 6.686400e-01 4.368000e-03 3.269920e-01
265 6.679240e-01 4.348000e-03 3.277280e-01
266 6.671640e-01 4.348000e-03 3.284880e-01
267 6.665000e-01 4.188000e-03 3.293120e-01
268 6.658880e-01 4.100000e-03 3.300120e-01
269 6.651680e-01 4.132000e-03 3.307000e-01
270 6.644840e-01 4.076000e-03 3.314400e-01
271 6.638680e-01 3.996000e-03 3.321360e-01
272 6.631080e-01 3.960000e-03 3.329320e-01
273 6.623880e-01 3.948000e-03 3.336640e-01
274 6.616800e-01 4.016000e-03 3.343040e-01
275 6.610360e-01 3.960000e-03 3.350040e-01
276 6.603800e-01 3.856000e-03 3.357640e-01
277 6.598520e-01 3.800000e-03 3.363480e-01
278 6.592640e-01 3.676000e-03 3.370600e-01
279 6.586920e-01 3.600000e-03 3.377080e-01
280 6.581520e-01 3.576000e-03 3.382720e-01
281 6.575160e-01 3.580000e-03 3.389040e-01
282 6.568640e-01 3.652000e-03 3.394840e-01
283 6.561360e-01 3.744000e-03 3.401200e-01
284 6.554520e-01 3.736000e-03 3.408120e-01
285 6.546960e-01 3.848000e-03 3.414560e-01
286 6.539600e-01 3.904000e-03 3.421360e-01
287 6.532720e-01 3.884000e-03 3.428440e-01
288 6.525560e-01 3.952000e-03 3.434920e-01
289 6.517200e-01 4.128000e-03 3.441520e-01
290 6.510440e-01 4.084000e-03 3.448720e-01
291 6.501640e-01 4.288000e-03 3.455480e-01
292 6.495080e-01 4.124000e-03 3.463680e-01
293 6.488720e-01 4.060000e-03 3.470680e-01
294 6.481960e-01 4.064000e-03 3.477400e-01
295 6.474160e-01 4.060000e-03 3.485240e-01
296 6.467560e-01 3.916000e-03 3.493280e-01
297 6.460120e-01 3.956000e-03 3.500320e-01
298 6.452880e-01 4.016000e-03 3.506960e-01
299 6.446120e-01 3.992000e-03 3.513960e-01
300 6.440160e-01 3.888000e-03 3.520960e-01
301 6.433840e-01 3.800000e-03 3.528160e-01
302 6.427440e-01 3.732000e-03 3.535240e-01
303 6.421320e-01 3.724000e-03 3.541440e-01
304 6.414520e-01 3.844000e-03 3.547040e-01
305 6.408560e-01 3.804000e-03 3.553400e-01
306 6.402440e-01 3.696000e-03 3.560600e-01
307 6.395520e-01 3.636000e-03 3.568120e-01
308 6.391080e-01 3.364000e-03 3.575280e-01
309 6.385400e-01 3.356000e-03 3.581040e-01
310 6.380560e-01 3.324000e-03 3.586200e-01
311 6.375560e-01 3.232000e-03 3.592120e-01
312 6.370600e-01 3.100000e-03 3.598400e-01
313 6.365080e-01 3.124000e-03 3.603680e-01
314 6.359000e-01 3.204000e-03 3.608960e-01
315 6.354720e-01 3.004000e-03 3.615240e-01
316 6.349720e-01 2.948000e-03 3.620800e-01
317 6.343720e-01 2.932000e-03 3.626960e-01
318 6.337920e-01 3.024000e-03 3.631840e-01
319 6.332400e-01 2.984000e-03 3.637760e-01
320 6.326840e-01 2.984000e-03 3.643320e-01
321 6.321560e-01 2.992000e-03 3.648520e-01
322 6.315280e-01 3.104000e-03 3.653680e-01
323 6.309520e-01 3.176000e-03 3.658720e-01
324 6.303240e-01 3.176000e-03 3.665000e-01
325 6.299040e-01 3.008000e-03 3.670880e-01
326 6.294280e-01 2.916000e-03 3.676560e-01
327 6.289840e-01 2.936000e-03 3.680800e-01
328 6.285240e-01 2.860000e-03 3.686160e-01
329 6.280720e-01 2.764000e-03 3.691640e-01
330 6.276760e-01 2.648000e-03 3.696760e-01
331 6.273120e-01 2.528000e-03 3.701600e-01
332 6.268920e-01 2.488000e-03 3.706200e-01
333 6.264720e-01 2.496000e-03 3.710320e-01
334 6.261240e-01 2.424000e-03 3.714520e-01
335 6.256840e-01 2.472000e-03 3.718440e-01
336 6.253520e-01 2.340000e-03 3.723080e-01
337 6.249040e-01 2.328000e-03 3.727680e-01
338 6.244400e-01 2.444000e-03 3.731160e-01
339 6.240440e-01 2.440000e-03 3.735160e-01
340 6.236880e-01 2.396000e-03 3.739160e-01
341 6.232760e-01 2.364000e-03 3.743600e-01
342 6.229520e-01 2.312000e-03 3.747360e-01
343 6.226040e-01 2.200000e-03 3.751960e-01
344 6.223080e-01 2.140000e-03 3.755520e-01
345 6.219560e-01 2.176000e-03 3.758680e-01
346 6.215720e-01 2.200000e-03 3.762280e-01
347 6.212080e-01 2.172000e-03 3.766200e-01
348 6.209000e-01 2.040000e-03 3.770600e-01
349 6.206560e-01 1.988000e-03 3.773560e-01
350 6.204080e-01 1.860000e-03 3.777320e-01
351 6.201800e-01 1.772000e-03 3.780480e-01
352 6.199200e-01 1.652000e-03 3.784280e-01
353 6.196760e-01 1.616000e-03 3.787080e-01
354 6.194240e-01 1.580000e-03 3.789960e-01
355 6.192400e-01 1.520000e-03 3.792400e-01
356 6.190200e-01 1.452000e-03 3.795280e-01
357 6.187760e-01 1.468000e-03 3.797560e-01
358 6.185920e-01 1.388000e-03 3.800200e-01
359 6.183360e-01 1.360000e-03 3.803040e-01
360 6.180760e-01 1.368000e-03 3.805560e-01
361 6.177480e-01 1.436000e-03 3.808160e-01
362 6.174600e-01 1.448000e-03 3.810920e-01
363 6.172320e-01 1.380000e-03 3.813880e-01
364 6.170000e-01 1.332000e-03 3.816680e-01
365 6.167160e-01 1.344000e-03 3.819400e-01
366 6.165080e-01 1.316000e-03 3.821760e-01
367 6.162440e-01 1.376000e-03 3.823800e-01
368 6.159040e-01 1.444000e-03 3.826520e-01
369 6.156800e-01 1.360000e-03 3.829600e-01
370 6.154480e-01 1.388000e-03 3.831640e-01
371 6.152080e-01 1.368000e-03 3.834240e-01
372 6.149800e-01 1.396000e-03 3.836240e-01
373 6.147440e-01 1.360000e-03 3.838960e-01
374 6.145440e-01 1.376000e-03 3.840800e-01
375 6.143560e-01 1.304000e-03 3.843400e-01
376 6.141360e-01 1.328000e-03 3.845360e-01
377 6.139240e-01 1.324000e-03 3.847520e-01
378 6.137400e-01 1.312000e-03 3.849480e-01
379 6.135400e-01 1.240000e-03 3.852200e-01
380 6.133320e-01 1.240000e-03 3.854280e-01
381 6.130720e-01 1.308000e-03 3.856200e-01
382 6.128840e-01 1.272000e-03 3.858440e-01
383 6.126680e-01 1.220000e-03 3.861120e-01
384 6.124440e-01 1.252000e-03 3.863040e-01
385 6.122600e-01 1.176000e-03 3.865640e-01
386 6.120840e-01 1.136000e-03 3.867800e-01
387 6.119120e-01 1.100000e-03 3.869880e-01
388 6.117360e-01 1.068000e-03 3.871960e-01
389 6.115600e-01 1.028000e-03 3.874120e-01
390 6.113600e-01 1.008000e-03 3.876320e-01
391 6.111400e-01 1.052000e-03 3.878080e-01
392 6.109680e-01 1.004000e-03 3.880280e-01
393 6.107880e-01 1.016000e-03 3.881960e-01
394 6.105760e-01 1.068000e-03 3.883560e-01
395 6.103720e-01 1.096000e-03 3.885320e-01
396 6.101520e-01 1.124000e-03 3.887240e-01
397 6.099480e-01 1.128000e-03 3.889240e-01
398 6.097760e-01 1.096000e-03 3.891280e-01
399 6.096160e-01 1.052000e-03 3.893320e-01
400 6.094360e-01 1.008000e-03 3.895560e-01
401 6.092920e-01 9.800000e-04 3.897280e-01
402 6.091480e-01 9.480000e-04 3.899040e-01
403 6.089720e-01 9.840000e-04 3.900440e-01
404 6.088200e-01 9.680000e-04 3.902120e-01
405 6.086560e-01 9.400000e-04 3.904040e-01
406 6.085200e-01 8.880000e-04 3.905920e-01
407 6.083680e-01 8.920000e-04 3.907400e-01
408 6.082040e-01 8.920000e-04 3.909040e-01
409 6.080280e-01 9.120000e-04 3.910600e-01
410 6.078280e-01 9.520000e-04 3.912200e-01
411 6.076440e-01 1.020000e-03 3.913360e-01
412 6.074320e-01 1.024000e-03 3.915440e-01
413 6.072040e-01 1.052000e-03 3.917440e-01
414 6.070200e-01 1.060000e-03 3.919200e-01
415 6.068160e-01 1.080000e-03 3.921040e-01
416 6.066360e-01 1.052000e-03 3.923120e-01
417 6.064400e-01 1.028000e-03 3.925320e-01
418 6.062640e-01 1.044000e-03 3.926920e-01
419 6.060760e-01 1.020000e-03 3.929040e-01
420 6.059640e-01 9.680000e-04 3.930680e-01
421 6.057240e-01 1.052000e-03 3.932240e-01
422 6.055400e-01 9.880000e-04 3.934720e-01
423 6.053720e-01 9.840000e-04 3.936440e-01
424 6.051480e-01 1.036000e-03 3.938160e-01
425 6.049240e-01 1.112000e-03 3.939640e-01
426 6.047440e-01 1.160000e-03 3.940960e-01
427 6.046000e-01 1.116000e-03 3.942840e-01
428 6.044000e-01 1.128000e-03 3.944720e-01
429 6.042120e-01 1.164000e-03 3.946240e-01
430 6.040240e-01 1.160000e-03 3.948160e-01
431 6.038200e-01 1.156000e-03 3.950240e-01
432 6.036640e-01 1.128000e-03 3.952080e-01
433 6.035040e-01 1.092000e-03 3.954040e-01
434 6.033080e-01 1.072000e-03 3.956200e-01
435 6.031200e-01 1.092000e-03 3.957880e-01
436 6.029600e-01 1.044000e-03 3.959960e-01
437 6.027960e-01 1.048000e-03 3.961560e-01
438 6.025960e-01 1.052000e-03 3.963520e-01
439 6.023640e-01 1.100000e-03 3.965360e-01
440 6.021640e-01 1.152000e-03 3.966840e-01
441 6.019960e-01 1.148000e-03 3.968560e-01
442 6.018360e-01 1.080000e-03 3.970840e-01
443 6.016840e-01 1.032000e-03 3.972840e-01
444 6.015600e-01 9.800000e-04 3.974600e-01
445 6.014680e-01 9.240000e-04 3.976080e-01
446 6.013560e-01 8.880000e-04 3.977560e-01
447 6.012800e-01 8.360000e-04 3.978840e-01
448 6.011800e-01 8.040000e-04 3.980160e-01
449 6.010800e-01 7.480000e-04 3.981720e-01
450 6.009640e-01 7.160000e-04 3.983200e-01
451 6.008920e-01 6.560000e-04 3.984520e-01
452 6.008000e-01 6.360000e-04 3.985640e-01
453 6.007000e-01 6.280000e-04 3.986720e-01
454 6.006080e-01 6.040000e-04 3.987880e-01
455 6.005520e-01 5.840000e-04 3.988640e-01
456 6.004600e-01 5.760000e-04 3.989640e-01
457 6.003800e-01 5.400000e-04 3.990800e-01
458 6.003200e-01 5.240000e-04 3.991560e-01
459 6.002480e-01 4.800000e-04 3.992720e-01
460 6.001640e-01 4.760000e-04 3.993600e-01
461 6.000720e-01 4.880000e-04 3.994400e-01
462 6.000120e-01 4.520000e-04 3.995360e-01
463 5.999240e-01 4.360000e-04 3.996400e-01
464 5.998440e-01 4.320000e-04 3.997240e-01
465 5.997960e-01 4.000000e-04 3.998040e-01
466 5.997200e-01 3.920000e-04 3.998880e-01
467 5.996480e-01 3.920000e-04 3.999600e-01
468 5.995720e-01 3.720000e-04 4.000560e-01
469 5.995040e-01 3.560000e-04 4.001400e-01
470 5.994640e-01 3.240000e-04 4.002120e-01
471 5.993640e-01 3.640000e-04 4.002720e-01
472 5.992760e-01 3.880000e-04 4.003360e-01
473 5.991760e-01 4.200000e-04 4.004040e-01
474 5.991080e-01 4.200000e-04 4.004720e-01
475 5.990240e-01 4.400000e-04 4.005360e-01
476 5.989440e-01 4.560000e-04 4.006000e-01
477 5.988280e-01 5.040000e-04 4.006680e-01
478 5.987360e-01 4.880000e-04 4.007760e-01
479 5.986000e-01 5.360000e-04 4.008640e-01
480 5.985040e-01 5.240000e-04 4.009720e-01
481 5.984240e-01 5.200000e-04 4.010560e-01
482 5.983600e-01 5.120000e-04 4.011280e-01
483 5.982560e-01 5.400000e-04 4.012040e-01
484 5.981480e-01 5.320000e-04 4.013200e-01
485 5.980440e-01 5.440000e-04 4.014120e-01
486 5.979560e-01 5.040000e-04 4.015400e-01
487 5.978600e-01 5.200000e-04 4.016200e-01
488 5.977600e-01 5.280000e-04 4.017120e-01
489 5.976640e-01 5.000000e-04 4.018360e-01
490 5.976080e-01 4.640000e-04 4.019280e-01
491 5.974800e-01 5.200000e-04 4.020000e-01
492 5.973960e-01 5.200000e-04 4.020840e-01
493 5.973320e-01 5.080000e-04 4.021600e-01
494 5.972360e-01 5.160000e-04 4.022480e-01
495 5.971480e-01 5.400000e-04 4.023120e-01
496 5.970560e-01 5.360000e-04 4.024080e-01
497 5.969960e-01 4.880000e-04 4.025160e-01
498 5.969440e-01 4.680000e-04 4.025880e-01
499 5.968720e-01 4.640000e-04 4.026640e-01
500 5.968080e-01 4.520000e-04 4.027400e-01
