1 9.991240e-01 7.920000e-04 8.400000e-05
2 9.986280e-01 1.144000e-03 2.280000e-04
3 9.979360e-01 1.568000e-03 4.960000e-04
4 9.972520e-01 1.892000e-03 8.560000e-04
5 9.964520e-01 2.332000e-03 1.216000e-03
6 9.956240e-01 2.756000e-03 1.620000e-03
7 9.947280e-01 3.096000e-03 2.176000e-03
8 9.937400e-01 3.500000e-03 2.760000e-03
9 9.926880e-01 3.952000e-03 3.360000e-03
10 9.916640e-01 4.248000e-03 4.088000e-03
11 9.906840e-01 4.464000e-03 4.852000e-03
12 9.895520e-01 4.792000e-03 5.656000e-03
13 9.883480e-01 5.112000e-03 6.540000e-03
14 9.871560e-01 5.392000e-03 7.452000e-03
15 9.859040e-01 5.624000e-03 8.472000e-03
16 9.845760e-01 5.968000e-03 9.456000e-03
17 9.831760e-01 6.364000e-03 1.046000e-02
18 9.817480e-01 6.700000e-03 1.155200e-02
19 9.804080e-01 6.880000e-03 1.271200e-02
20 9.790920e-01 6.928000e-03 1.398000e-02
21 9.778400e-01 6.988000e-03 1.517200e-02
22 9.762440e-01 7.360000e-03 1.639600e-02
23 9.747840e-01 7.500000e-03 1.771600e-02
24 9.734640e-01 7.448000e-03 1.908800e-02
25 9.719800e-01 7.680000e-03 2.034000e-02
26 9.705520e-01 7.852000e-03 2.159600e-02
27 9.691960e-01 7.740000e-03 2.306400e-02
28 9.677720e-01 7.804000e-03 2.442400e-02
29 9.662280e-01 7.976000e-03 2.579600e-02
30 9.648360e-01 8.036000e-03 2.712800e-02
31 9.633360e-01 8.124000e-03 2.854000e-02
32 9.619720e-01 8.064000e-03 2.996400e-02
33 9.604080e-01 8.256000e-03 3.133600e-02
34 9.588760e-01 8.272000e-03 3.285200e-02
35 9.572760e-01 8.320000e-03 3.440400e-02
36 9.557920e-01 8.340000e-03 3.586800e-02
37 9.543520e-01 8.308000e-03 3.734000e-02
38 9.528400e-01 8.304000e-03 3.885600e-02
39 9.514400e-01 8.324000e-03 4.023600e-02
40 9.497560e-01 8.580000e-03 4.166400e-02
41 9.482400e-01 8.636000e-03 4.312400e-02
42 9.465720e-01 8.888000e-03 4.454000e-02
43 9.449160e-01 8.956000e-03 4.612800e-02
44 9.432680e-01 9.000000e-03 4.773200e-02
45 9.414800e-01 9.240000e-03 4.928000e-02
46 9.397720e-01 9.352000e-03 5.087600e-02
47 9.379560e-01 9.472000e-03 5.257200e-02
48 9.362320e-01 9.652000e-03 5.411600e-02
49 9.345640e-01 9.636000e-03 5.580000e-02
50 9.328680e-01 9.688000e-03 5.744400e-02
51 9.312400e-01 9.684000e-03 5.907600e-02
52 9.296960e-01 9.588000e-03 6.071600e-02
53 9.282000e-01 9.408000e-03 6.239200e-02
54 9.266720e-01 9.236000e-03 6.409200e-02
55 9.252680e-01 9.072000e-03 6.566000e-02
56 9.236720e-01 9.088000e-03 6.724000e-02
57 9.221200e-01 9.040000e-03 6.884000e-02
58 9.205600e-01 9.004000e-03 7.043600e-02
59 9.191120e-01 8.948000e-03 7.194000e-02
60 9.174600e-01 9.116000e-03 7.342400e-02
61 9.158640e-01 9.168000e-03 7.496800e-02
62 9.144200e-01 8.920000e-03 7.666000e-02
63 9.130160e-01 8.632000e-03 7.835200e-02
64 9.115200e-01 8.480000e-03 8.000000e-02
65 9.100840e-01 8.388000e-03 8.152800e-02
66 9.085480e-01 8.476000e-03 8.297600e-02
67 9.069080e-01 8.568000e-03 8.452400e-02
68 9.054720e-01 8.592000e-03 8.593600e-02
69 9.041600e-01 8.184000e-03 8.765600e-02
70 9.025800e-01 8.248000e-03 8.917200e-02
71 9.011120e-01 8.416000e-03 9.047200e-02
72 8.996200e-01 8.452000e-03 9.192800e-02
73 8.981240e-01 8.492000e-03 9.338400e-02
74 8.966120e-01 8.588000e-03 9.480000e-02
75 8.949880e-01 8.624000e-03 9.638800e-02
76 8.933520e-01 8.716000e-03 9.793200e-02
77 8.919240e-01 8.664000e-03 9.941200e-02
78 8.904160e-01 8.672000e-03 1.009120e-01
79 8.888600e-01 8.716000e-03 1.024240e-01
80 8.874320e-01 8.676000e-03 1.038920e-01
81 8.859320e-01 8.560000e-03 1.055080e-01
82 8.843920e-01 8.616000e-03 1.069920e-01
83 8.827920e-01 8.748000e-03 1.084600e-01
84 8.812320e-01 8.784000e-03 1.099840e-01
85 8.796520e-01 8.836000e-03 1.115120e-01
86 8.782480e-01 8.676000e-03 1.130760e-01
87 8.765840e-01 8.844000e-03 1.145720e-01
88 8.746960e-01 9.064000e-03 1.162400e-01
89 8.730280e-01 9.096000e-03 1.178760e-01
90 8.715120e-01 9.048000e-03 1.194400e-01
91 8.699360e-01 9.088000e-03 1.209760e-01
92 8.683080e-01 9.224000e-03 1.224680e-01
93 8.668840e-01 9.096000e-03 1.240200e-01
94 8.653240e-01 9.096000e-03 1.255800e-01
95 8.637480e-01 9.064000e-03 1.271880e-01
96 8.622040e-01 9.056000e-03 1.287400e-01
97 8.607960e-01 8.824000e-03 1.303800e-01
98 8.594040e-01 8.632000e-03 1.319640e-01
99 8.580560e-01 8.592000e-03 1.333520e-01
100 8.565760e-01 8.544000e-03 1.348800e-01
101 8.550760e-01 8.552000e-03 1.363720e-01
102 8.536680e-01 8.496000e-03 1.378360e-01
103 8.522480e-01 8.336000e-03 1.394160e-01
104 8.509440e-01 8.196000e-03 1.408600e-01
105 8.494360e-01 8.272000e-03 1.422920e-01
106 8.479200e-01 8.408000e-03 1.436720e-01
107 8.463400e-01 8.648000e-03 1.450120e-01
108 8.448360e-01 8.596000e-03 1.465680e-01
109 8.433880e-01 8.492000e-03 1.481200e-01
110 8.419640e-01 8.516000e-03 1.495200e-01
111 8.402800e-01 8.832000e-03 1.508880e-01
112 8.386080e-01 8.900000e-03 1.524920e-01
113 8.371240e-01 8.776000e-03 1.541000e-01
114 8.355880e-01 8.788000e-03 1.556240e-01
115 8.341240e-01 8.724000e-03 1.571520e-01
116 8.324640e-01 8.856000e-03 1.586800e-01
117 8.307920e-01 8.980000e-03 1.602280e-01
118 8.291800e-01 9.060000e-03 1.617600e-01
119 8.276440e-01 9.000000e-03 1.633560e-01
120 8.259720e-01 9.072000e-03 1.649560e-01
121 8.243200e-01 9.216000e-03 1.664640e-01
122 8.227840e-01 9.200000e-03 1.680160e-01
123 8.212120e-01 9.160000e-03 1.696280e-01
124 8.197120e-01 9.168000e-03 1.711200e-01
125 8.182080e-01 9.104000e-03 1.726880e-01
126 8.166760e-01 9.036000e-03 1.742880e-01
127 8.151040e-01 9.104000e-03 1.757920e-01
128 8.134360e-01 9.244000e-03 1.773200e-01
129 8.116680e-01 9.320000e-03 1.790120e-01
130 8.100760e-01 9.324000e-03 1.806000e-01
131 8.085240e-01 9.300000e-03 1.821760e-01
132 8.068800e-01 9.444000e-03 1.836760e-01
133 8.051960e-01 9.572000e-03 1.852320e-01
134 8.035240e-01 9.612000e-03 1.868640e-01
135 8.019200e-01 9.572000e-03 1.885080e-01
136 8.003160e-01 9.512000e-03 1.901720e-01
137 7.987400e-01 9.292000e-03 1.919680e-01
138 7.973000e-01 9.084000e-03 1.936160e-01
139 7.958480e-01 8.964000e-03 1.951880e-01
140 7.944440e-01 8.828000e-03 1.967280e-01
141 7.929960e-01 8.852000e-03 1.981520e-01
142 7.914440e-01 8.932000e-03 1.996240e-01
143 7.899880e-01 8.828000e-03 2.011840e-01
144 7.886280e-01 8.612000e-03 2.027600e-01
145 7.871000e-01 8.672000e-03 2.042280e-01
146 7.855680e-01 8.620000e-03 2.058120e-01
147 7.839720e-01 8.780000e-03 2.072480e-01
148 7.824320e-01 8.740000e-03 2.088280e-01
149 7.809560e-01 8.728000e-03 2.103160e-01
150 7.793480e-01 8.904000e-03 2.117480e-01
151 7.777880e-01 8.856000e-03 2.133560e-01
152 7.759880e-01 9.048000e-03 2.149640e-01
153 7.744520e-01 9.096000e-03 2.164520e-01
154 7.728320e-01 9.288000e-03 2.178800e-01
155 7.712640e-01 9.264000e-03 2.194720e-01
156 7.698480e-01 9.060000e-03 2.210920e-01
157 7.683640e-01 9.060000e-03 2.225760e-01
158 7.668520e-01 8.996000e-03 2.241520e-01
159 7.653480e-01 8.972000e-03 2.256800e-01
160 7.638080e-01 8.972000e-03 2.272200e-01
161 7.622080e-01 9.004000e-03 2.287880e-01
162 7.607480e-01 8.928000e-03 2.303240e-01
163 7.591680e-01 8.948000e-03 2.318840e-01
164 7.577280e-01 8.812000e-03 2.334600e-01
165 7.564920e-01 8.568000e-03 2.349400e-01
166 7.551560e-01 8.420000e-03 2.364240e-01
167 7.538400e-01 8.244000e-03 2.379160e-01
168 7.526120e-01 8.008000e-03 2.393800e-01
169 7.513200e-01 7.928000e-03 2.407520e-01
170 7.500520e-01 7.808000e-03 2.421400e-01
171 7.488280e-01 7.796000e-03 2.433760e-01
172 7.476360e-01 7.584000e-03 2.447800e-01
173 7.464080e-01 7.388000e-03 2.462040e-01
174 7.450760e-01 7.460000e-03 2.474640e-01
175 7.438720e-01 7.372000e-03 2.487560e-01
176 7.427920e-01 7.120000e-03 2.500880e-01
177 7.416280e-01 7.104000e-03 2.512680e-01
178 7.405240e-01 6.840000e-03 2.526360e-01
179 7.394800e-01 6.648000e-03 2.538720e-01
180 7.384160e-01 6.544000e-03 2.550400e-01
181 7.373600e-01 6.412000e-03 2.562280e-01
182 7.362960e-01 6.268000e-03 2.574360e-01
183 7.351240e-01 6.284000e-03 2.585920e-01
184 7.340320e-01 6.228000e-03 2.597400e-01
185 7.330760e-01 6.128000e-03 2.607960e-01
186 7.320000e-01 6.004000e-03 2.619960e-01
187 7.308840e-01 6.104000e-03 2.630120e-01
188 7.297640e-01 6.152000e-03 2.640840e-01
189 7.287160e-01 6.060000e-03 2.652240e-01
190 7.276160e-01 6.252000e-03 2.661320e-01
191 7.264520e-01 6.336000e-03 2.672120e-01
192 7.253840e-01 6.280000e-03 2.683360e-01
193 7.243960e-01 6.176000e-03 2.694280e-01
194 7.235240e-01 5.944000e-03 2.705320e-01
195 7.225600e-01 5.872000e-03 2.715680e-01
196 7.215200e-01 5.876000e-03 2.726040e-01
197 7.205560e-01 5.816000e-03 2.736280e-01
198 7.196360e-01 5.764000e-03 2.746000e-01
199 7.186440e-01 5.720000e-03 2.756360e-01
200 7.176280e-01 5.764000e-03 2.766080e-01
201 7.167160e-01 5.636000e-03 2.776480e-01
202 7.158160e-01 5.568000e-03 2.786160e-01
203 7.149520e-01 5.532000e-03 2.795160e-01
204 7.139960e-01 5.496000e-03 2.805080e-01
205 7.132280e-01 5.336000e-03 2.814360e-01
206 7.124000e-01 5.192000e-03 2.824080e-01
207 7.114600e-01 5.280000e-03 2.832600e-01
208 7.105960e-01 5.092000e-03 2.843120e-01
209 7.098600e-01 4.988000e-03 2.851520e-01
210 7.090840e-01 5.096000e-03 2.858200e-01
211 7.082440e-01 5.028000e-03 2.867280e-01
212 7.073960e-01 5.116000e-03 2.874880e-01
213 7.065920e-01 5.044000e-03 2.883640e-01
214 7.057120e-01 4.960000e-03 2.893280e-01
215 7.046800e-01 5.040000e-03 2.902800e-01
216 7.038320e-01 4.968000e-03 2.912000e-01
217 7.030000e-01 4.788000e-03 2.922120e-01
218 7.022840e-01 4.580000e-03 2.931360e-01
219 7.015000e-01 4.596000e-03 2.939040e-01
220 7.007600e-01 4.556000e-03 2.946840e-01
221 6.999480e-01 4.624000e-03 2.954280e-01
222 6.992320e-01 4.552000e-03 2.962160e-01
223 6.984600e-01 4.536000e-03 2.970040e-01
224 6.976720e-01 4.588000e-03 2.977400e-01
225 6.968920e-01 4.580000e-03 2.985280e-01
226 6.961480e-01 4.532000e-03 2.993200e-01
227 6.953880e-01 4.496000e-03 3.001160e-01
228 6.947200e-01 4.360000e-03 3.009200e-01
229 6.939720e-01 4.316000e-03 3.017120e-01
230 6.933120e-01 4.232000e-03 3.024560e-01
231 6.926760e-01 4.052000e-03 3.032720e-01
232 6.919880e-01 4.056000e-03 3.039560e-01
233 6.912280e-01 4.168000e-03 3.046040e-01
234 6.904000e-01 4.376000e-03 3.052240e-01
235 6.896920e-01 4.360000e-03 3.059480e-01
236 6.890240e-01 4.284000e-03 3.066920e-01
237 6.881960e-01 4.352000e-03 3.074520e-01
238 6.874560e-01 4.356000e-03 3.081880e-01
239 6.866200e-01 4.460000e-03 3.089200e-01
240 6.859680e-01 4.280000e-03 3.097520e-01
241 6.853440e-01 4.140000e-03 3.105160e-01
242 6.845960e-01 4.048000e-03 3.113560e-01
243 6.839480e-01 4.040000e-03 3.120120e-01
244 6.832480e-01 4.032000e-03 3.127200e-01
245 6.825360e-01 4.124000e-03 3.133400e-01
246 6.819240e-01 3.960000e-03 3.141160e-01
247 6.813320e-01 3.832000e-03 3.148360e-01
248 6.807880e-01 3.736000e-03 3.154760e-01
249 6.802080e-01 3.664000e-03 3.161280e-01
250 6.795840e-01 3.692000e-03 3.167240e-01
251 6.789880e-01 3.664000e-03 3.173480e-01
252 6.785520e-01 3.448000e-03 3.180000e-01
253 6.780880e-01 3.288000e-03 3.186240e-01
254 6.776400e-01 3.128000e-03 3.192320e-01
255 6.771040e-01 3.072000e-03 3.198240e-01
256 6.765000e-01 3.144000e-03 3.203560e-01
257 6.760560e-01 3.016000e-03 3.209280e-01
258 6.755000e-01 3.048000e-03 3.214520e-01
259 6.749600e-01 3.084000e-03 3.219560e-01
260 6.744560e-01 3.048000e-03 3.224960e-01
261 6.739640e-01 3.068000e-03 3.229680e-01
262 6.734560e-01 3.048000e-03 3.234960e-01
263 6.728520e-01 3.108000e-03 3.240400e-01
264 6.723200e-01 3.092000e-03 3.245880e-01
265 6.716720e-01 3.236000e-03 3.250920e-01
266 6.711240e-01 3.148000e-03 3.257280e-01
267 6.705720e-01 3.188000e-03 3.262400e-01
268 6.700640e-01 3.092000e-03 3.268440e-01
269 6.695640e-01 2.976000e-03 3.274600e-01
270 6.691680e-01 2.836000e-03 3.279960e-01
271 6.687720e-01 2.660000e-03 3.285680e-01
272 6.683960e-01 2.576000e-03 3.290280e-01
273 6.680120e-01 2.488000e-03 3.295000e-01
274 6.675560e-01 2.516000e-03 3.299280e-01
275 6.671440e-01 2.500000e-03 3.303560e-01
276 6.667680e-01 2.504000e-03 3.307280e-01
277 6.663680e-01 2.452000e-03 3.311800e-01
278 6.659040e-01 2.500000e-03 3.315960e-01
279 6.654440e-01 2.512000e-03 3.320440e-01
280 6.650440e-01 2.392000e-03 3.325640e-01
281 6.646040e-01 2.528000e-03 3.328680e-01
282 6.641680e-01 2.540000e-03 3.332920e-01
283 6.636880e-01 2.556000e-03 3.337560e-01
284 6.632160e-01 2.568000e-03 3.342160e-01
285 6.627560e-01 2.568000e-03 3.346760e-01
286 6.623760e-01 2.504000e-03 3.351200e-01
287 6.620200e-01 2.484000e-03 3.354960e-01
288 6.616440e-01 2.456000e-03 3.359000e-01
289 6.612400e-01 2.432000e-03 3.363280e-01
290 6.609760e-01 2.296000e-03 3.367280e-01
291 6.606160e-01 2.284000e-03 3.371000e-01
292 6.602520e-01 2.252000e-03 3.374960e-01
293 6.598760e-01 2.200000e-03 3.379240e-01
294 6.595400e-01 2.156000e-03 3.383040e-01
295 6.592600e-01 2.068000e-03 3.386720e-01
296 6.590360e-01 1.956000e-03 3.390080e-01
297 6.587720e-01 1.856000e-03 3.393720e-01
298 6.584880e-01 1.804000e-03 3.397080e-01
299 6.582120e-01 1.812000e-03 3.399760e-01
300 6.578160e-01 1.888000e-03 3.402960e-01
301 6.574920e-01 1.892000e-03 3.406160e-01
302 6.571640e-01 1.868000e-03 3.409680e-01
303 6.568840e-01 1.820000e-03 3.412960e-01
304 6.565880e-01 1.760000e-03 3.416520e-01
305 6.563880e-01 1.672000e-03 3.419400e-01
306 6.561600e-01 1.584000e-03 3.422560e-01
307 6.558960e-01 1.616000e-03 3.424880e-01
308 6.556880e-01 1.580000e-03 3.427320e-01
309 6.554600e-01 1.592000e-03 3.429480e-01
310 6.552240e-01 1.572000e-03 3.432040e-01
311 6.550080e-01 1.516000e-03 3.434760e-01
312 6.547600e-01 1.572000e-03 3.436680e-01
313 6.545200e-01 1.552000e-03 3.439280e-01
314 6.543040e-01 1.496000e-03 3.442000e-01
315 6.540520e-01 1.480000e-03 3.444680e-01
316 6.538400e-01 1.396000e-03 3.447640e-01
317 6.536840e-01 1.296000e-03 3.450200e-01
318 6.534600e-01 1.312000e-03 3.452280e-01
319 6.532720e-01 1.236000e-03 3.454920e-01
320 6.530840e-01 1.184000e-03 3.457320e-01
321 6.528920e-01 1.176000e-03 3.459320e-01
322 6.526320e-01 1.232000e-03 3.461360e-01
323 6.524400e-01 1.184000e-03 3.463760e-01
324 6.522560e-01 1.168000e-03 3.465760e-01
325 6.520600e-01 1.164000e-03 3.467760e-01
326 6.519040e-01 1.124000e-03 3.469720e-01
327 6.517160e-01 1.128000e-03 3.471560e-01
328 6.515160e-01 1.104000e-03 3.473800e-01
329 6.513520e-01 1.048000e-03 3.476000e-01
330 6.511800e-01 1.016000e-03 3.478040e-01
331 6.510200e-01 1.012000e-03 3.479680e-01
332 6.508520e-01 9.880000e-04 3.481600e-01
333 6.507280e-01 1.000000e-03 3.482720e-01
334 6.506040e-01 9.840000e-04 3.484120e-01
335 6.504280e-01 1.000000e-03 3.485720e-01
336 6.502840e-01 9.240000e-04 3.487920e-01
337 6.501400e-01 9.120000e-04 3.489480e-01
338 6.499760e-01 9.560000e-04 3.490680e-01
339 6.498320e-01 9.040000e-04 3.492640e-01
340 6.497120e-01 8.320000e-04 3.494560e-01
341 6.495720e-01 8.160000e-04 3.496120e-01
342 6.494440e-01 7.760000e-04 3.497800e-01
343 6.493240e-01 7.440000e-04 3.499320e-01
344 6.491720e-01 7.400000e-04 3.500880e-01
345 6.490680e-01 7.000000e-04 3.502320e-01
346 6.489440e-01 7.040000e-04 3.503520e-01
347 6.488240e-01 6.760000e-04 3.505000e-01
348 6.487000e-01 6.880000e-04 3.506120e-01
349 6.485520e-01 7.000000e-04 3.507480e-01
350 6.483880e-01 7.280000e-04 3.508840e-01
351 6.482520e-01 7.200000e-04 3.510280e-01
352 6.480680e-01 7.960000e-04 3.511360e-01
353 6.479120e-01 7.720000e-04 3.513160e-01
354 6.477720e-01 7.520000e-04 3.514760e-01
355 6.476600e-01 7.480000e-04 3.515920e-01
356 6.475760e-01 7.240000e-04 3.517000e-01
357 6.474760e-01 6.960000e-04 3.518280e-01
358 6.474040e-01 6.720000e-04 3.519240e-01
359 6.473200e-01 6.560000e-04 3.520240e-01
360 6.472400e-01 6.160000e-04 3.521440e-01
361 6.471600e-01 6.160000e-04 3.522240e-01
362 6.470680e-01 6.160000e-04 3.523160e-01
363 6.469720e-01 6.040000e-04 3.524240e-01
364 6.468640e-01 5.760000e-04 3.525600e-01
365 6.467880e-01 5.560000e-04 3.526560e-01
366 6.466840e-01 5.800000e-04 3.527360e-01
367 6.466000e-01 5.800000e-04 3.528200e-01
368 6.464880e-01 6.080000e-04 3.529040e-01
369 6.464040e-01 5.840000e-04 3.530120e-01
370 6.463320e-01 5.760000e-04 3.530920e-01
371 6.462040e-01 6.240000e-04 3.531720e-01
372 6.461000e-01 6.080000e-04 3.532920e-01
373 6.459880e-01 6.040000e-04 3.534080e-01
374 6.458840e-01 5.800000e-04 3.535360e-01
375 6.458160e-01 5.920000e-04 3.535920e-01
376 6.457480e-01 5.200000e-04 3.537320e-01
377 6.456760e-01 5.120000e-04 3.538120e-01
378 6.456040e-01 5.200000e-04 3.538760e-01
379 6.455400e-01 5.040000e-04 3.539560e-01
380 6.454280e-01 5.360000e-04 3.540360e-01
381 6.452960e-01 5.640000e-04 3.541400e-01
382 6.451560e-01 6.040000e-04 3.542400e-01
383 6.450760e-01 5.800000e-04 3.543440e-01
384 6.449800e-01 5.680000e-04 3.544520e-01
385 6.448480e-01 5.960000e-04 3.545560e-01
386 6.447440e-01 6.040000e-04 3.546520e-01
387 6.446760e-01 5.920000e-04 3.547320e-01
388 6.446040e-01 6.040000e-04 3.547920e-01
389 6.444720e-01 6.040000e-04 3.549240e-01
390 6.443520e-01 6.360000e-04 3.550120e-01
391 6.442160e-01 6.600000e-04 3.551240e-01
392 6.441440e-01 6.400000e-04 3.552160e-01
393 6.440200e-01 6.600000e-04 3.553200e-01
394 6.438880e-01 6.320000e-04 3.554800e-01
395 6.438360e-01 5.920000e-04 3.555720e-01
396 6.437520e-01 5.160000e-04 3.557320e-01
397 6.436720e-01 5.080000e-04 3.558200e-01
398 6.435800e-01 4.760000e-04 3.559440e-01
399 6.434920e-01 4.600000e-04 3.560480e-01
400 6.434200e-01 4.520000e-04 3.561280e-01
401 6.433160e-01 4.920000e-04 3.561920e-01
402 6.432400e-01 5.000000e-04 3.562600e-01
403 6.431120e-01 5.560000e-04 3.563320e-01
404 6.430400e-01 5.440000e-04 3.564160e-01
405 6.429880e-01 5.080000e-04 3.565040e-01
406 6.428960e-01 4.920000e-04 3.566120e-01
407 6.428120e-01 5.080000e-04 3.566800e-01
408 6.427440e-01 4.880000e-04 3.567680e-01
409 6.426840e-01 4.640000e-04 3.568520e-01
410 6.425920e-01 4.840000e-04 3.569240e-01
411 6.425160e-01 4.840000e-04 3.570000e-01
412 6.424520e-01 4.520000e-04 3.570960e-01
413 6.424000e-01 4.520000e-04 3.571480e-01
414 6.423240e-01 4.640000e-04 3.572120e-01
415 6.422400e-01 4.840000e-04 3.572760e-01
416 6.421440e-01 4.960000e-04 3.573600e-01
417 6.420800e-01 4.960000e-04 3.574240e-01
418 6.420200e-01 4.880000e-04 3.574920e-01
419 6.419440e-01 4.880000e-04 3.575680e-01
420 6.418480e-01 5.000000e-04 3.576520e-01
421 6.417280e-01 5.680000e-04 3.577040e-01
422 6.416760e-01 4.720000e-04 3.578520e-01
423 6.416000e-01 4.640000e-04 3.579360e-01
424 6.415720e-01 3.920000e-04 3.580360e-01
425 6.415280e-01 3.760000e-04 3.580960e-01
426 6.414760e-01 3.520000e-04 3.581720e-01
427 6.414440e-01 3.360000e-04 3.582200e-01
428 6.413680e-01 3.560000e-04 3.582760e-01
429 6.413160e-01 3.520000e-04 3.583320e-01
430 6.412800e-01 3.120000e-04 3.584080e-01
431 6.412480e-01 2.920000e-04 3.584600e-01
432 6.411880e-01 3.120000e-04 3.585000e-01
433 6.411360e-01 2.960000e-04 3.585680e-01
434 6.410880e-01 2.680000e-04 3.586440e-01
435 6.410440e-01 2.880000e-04 3.586680e-01
436 6.410240e-01 2.680000e-04 3.587080e-01
437 6.410000e-01 2.400000e-04 3.587600e-01
438 6.409760e-01 2.240000e-04 3.588000e-01
439 6.409720e-01 1.840000e-04 3.588440e-01
440 6.409400e-01 1.760000e-04 3.588840e-01
441 6.409120e-01 1.800000e-04 3.589080e-01
442 6.408840e-01 1.720000e-04 3.589440e-01
443 6.408680e-01 1.640000e-04 3.589680e-01
444 6.408360e-01 1.560000e-04 3.590080e-01
445 6.408160e-01 1.560000e-04 3.590280e-01
446 6.407720e-01 1.680000e-04 3.590600e-01
447 6.407360e-01 1.840000e-04 3.590800e-01
448 6.406920e-01 2.000000e-04 3.591080e-01
449 6.406640e-01 1.920000e-04 3.591440e-01
450 6.406320e-01 2.080000e-04 3.591600e-01
451 6.406040e-01 2.200000e-04 3.591760e-01
452 6.405680e-01 2.120000e-04 3.592200e-01
453 6.405520e-01 1.920000e-04 3.592560e-01
454 6.405200e-01 2.040000e-04 3.592760e-01
455 6.404600e-01 2.400000e-04 3.593000e-01
456 6.404200e-01 2.200000e-04 3.593600e-01
457 6.404000e-01 1.840000e-04 3.594160e-01
458 6.403520e-01 2.000000e-04 3.594480e-01
459 6.403280e-01 1.960000e-04 3.594760e-01
460 6.403000e-01 1.960000e-04 3.595040e-01
461 6.402360e-01 2.160000e-04 3.595480e-01
462 6.401880e-01 2.360000e-04 3.595760e-01
463 6.401520e-01 2.320000e-04 3.596160e-01
464 6.401240e-01 2.360000e-04 3.596400e-01
465 6.400880e-01 2.240000e-04 3.596880e-01
466 6.400360e-01 2.400000e-04 3.597240e-01
467 6.400040e-01 2.480000e-04 3.597480e-01
468 6.399840e-01 2.160000e-04 3.598000e-01
469 6.399360e-01 2.080000e-04 3.598560e-01
470 6.399120e-01 1.880000e-04 3.599000e-01
471 6.398960e-01 1.760000e-04 3.599280e-01
472 6.398880e-01 1.600000e-04 3.599520e-01
473 6.398720e-01 1.480000e-04 3.599800e-01
474 6.398200e-01 1.800000e-04 3.600000e-01
475 6.397800e-01 1.840000e-04 3.600360e-01
476 6.397520e-01 1.880000e-04 3.600600e-01
477 6.397160e-01 1.720000e-04 3.601120e-01
478 6.396880e-01 1.760000e-04 3.601360e-01
479 6.396600e-01 1.560000e-04 3.601840e-01
480 6.396240e-01 1.640000e-04 3.602120e-01
481 6.395840e-01 1.760000e-04 3.602400e-01
482 6.395320e-01 1.880000e-04 3.602800e-01
483 6.395000e-01 2.000000e-04 3.603000e-01
484 6.394760e-01 1.960000e-04 3.603280e-01
485 6.394480e-01 2.080000e-04 3.603440e-01
486 6.394160e-01 2.080000e-04 3.603760e-01
487 6.393880e-01 2.120000e-04 3.604000e-01
488 6.393640e-01 1.960000e-04 3.604400e-01
489 6.393080e-01 2.320000e-04 3.604600e-01
490 6.392520e-01 2.560000e-04 3.604920e-01
491 6.392240e-01 2.440000e-04 3.605320e-01
492 6.391560e-01 2.680000e-04 3.605760e-01
493 6.390960e-01 2.960000e-04 3.606080e-01
494 6.390600e-01 2.840000e-04 3.606560e-01
495 6.390360e-01 2.360000e-04 3.607280e-01
496 6.390120e-01 2.240000e-04 3.607640e-01
497 6.389800e-01 2.080000e-04 3.608120e-01
498 6.389640e-01 1.920000e-04 3.608440e-01
499 6.389520e-01 1.760000e-04 3.608720e-01
500 6.389320e-01 1.760000e-04 3.608920e-01
