1 9.993120e-01 5.960000e-04 9.200000e-05
2 9.987920e-01 9.560000e-04 2.520000e-04
3 9.981760e-01 1.368000e-03 4.560000e-04
4 9.975400e-01 1.688000e-03 7.720000e-04
5 9.968560e-01 2.060000e-03 1.084000e-03
6 9.960440e-01 2.460000e-03 1.496000e-03
7 9.951920e-01 2.864000e-03 1.944000e-03
8 9.943920e-01 3.144000e-03 2.464000e-03
9 9.935640e-01 3.372000e-03 3.064000e-03
10 9.927480e-01 3.628000e-03 3.624000e-03
11 9.919080e-01 3.808000e-03 4.284000e-03
12 9.910080e-01 3.932000e-03 5.060000e-03
13 9.901000e-01 4.096000e-03 5.804000e-03
14 9.890760e-01 4.428000e-03 6.496000e-03
15 9.880680e-01 4.640000e-03 7.292000e-03
16 9.870720e-01 4.704000e-03 8.224000e-03
17 9.859400e-01 5.068000e-03 8.992000e-03
18 9.846920e-01 5.448000e-03 9.860000e-03
19 9.834720e-01 5.744000e-03 1.078400e-02
20 9.821600e-01 5.992000e-03 1.184800e-02
21 9.809400e-01 6.168000e-03 1.289200e-02
22 9.796920e-01 6.300000e-03 1.400800e-02
23 9.783680e-01 6.508000e-03 1.512400e-02
24 9.771440e-01 6.684000e-03 1.617200e-02
25 9.758240e-01 6.764000e-03 1.741200e-02
26 9.746720e-01 6.852000e-03 1.847600e-02
27 9.734360e-01 6.960000e-03 1.960400e-02
28 9.720960e-01 7.076000e-03 2.082800e-02
29 9.707440e-01 7.248000e-03 2.200800e-02
30 9.693000e-01 7.404000e-03 2.329600e-02
31 9.679840e-01 7.284000e-03 2.473200e-02
32 9.665720e-01 7.328000e-03 2.610000e-02
33 9.651200e-01 7.380000e-03 2.750000e-02
34 9.636960e-01 7.580000e-03 2.872400e-02
35 9.622440e-01 7.612000e-03 3.014400e-02
36 9.607800e-01 7.788000e-03 3.143200e-02
37 9.593800e-01 7.844000e-03 3.277600e-02
38 9.578960e-01 7.936000e-03 3.416800e-02
39 9.563720e-01 7.980000e-03 3.564800e-02
40 9.549160e-01 7.964000e-03 3.712000e-02
41 9.535440e-01 7.896000e-03 3.856000e-02
42 9.521760e-01 8.008000e-03 3.981600e-02
43 9.507840e-01 7.984000e-03 4.123200e-02
44 9.493880e-01 8.000000e-03 4.261200e-02
45 9.479680e-01 7.956000e-03 4.407600e-02
46 9.464800e-01 7.932000e-03 4.558800e-02
47 9.449480e-01 8.160000e-03 4.689200e-02
48 9.435840e-01 8.116000e-03 4.830000e-02
49 9.420400e-01 8.316000e-03 4.964400e-02
50 9.405440e-01 8.324000e-03 5.113200e-02
51 9.390480e-01 8.372000e-03 5.258000e-02
52 9.374120e-01 8.548000e-03 5.404000e-02
53 9.358160e-01 8.516000e-03 5.566800e-02
54 9.341160e-01 8.676000e-03 5.720800e-02
55 9.324720e-01 8.872000e-03 5.865600e-02
56 9.308240e-01 8.936000e-03 6.024000e-02
57 9.291760e-01 8.932000e-03 6.189200e-02
58 9.274240e-01 9.104000e-03 6.347200e-02
59 9.256520e-01 9.160000e-03 6.518800e-02
60 9.240520e-01 9.220000e-03 6.672800e-02
61 9.223440e-01 9.268000e-03 6.838800e-02
62 9.206320e-01 9.280000e-03 7.008800e-02
63 9.187560e-01 9.632000e-03 7.161200e-02
64 9.169200e-01 9.760000e-03 7.332000e-02
65 9.150880e-01 1.000400e-02 7.490800e-02
66 9.132080e-01 1.014800e-02 7.664400e-02
67 9.113920e-01 1.008400e-02 7.852400e-02
68 9.096680e-01 1.006400e-02 8.026800e-02
69 9.077800e-01 1.015600e-02 8.206400e-02
70 9.062080e-01 9.988000e-03 8.380400e-02
71 9.043320e-01 1.013200e-02 8.553600e-02
72 9.026720e-01 9.952000e-03 8.737600e-02
73 9.011040e-01 9.736000e-03 8.916000e-02
74 8.994640e-01 9.720000e-03 9.081600e-02
75 8.980080e-01 9.456000e-03 9.253600e-02
76 8.964680e-01 9.352000e-03 9.418000e-02
77 8.950440e-01 9.192000e-03 9.576400e-02
78 8.935080e-01 9.184000e-03 9.730800e-02
79 8.920960e-01 8.952000e-03 9.895200e-02
80 8.905720e-01 8.968000e-03 1.004600e-01
81 8.891360e-01 8.804000e-03 1.020600e-01
82 8.876320e-01 8.792000e-03 1.035760e-01
83 8.861480e-01 8.836000e-03 1.050160e-01
84 8.847440e-01 8.620000e-03 1.066360e-01
85 8.832120e-01 8.744000e-03 1.080440e-01
86 8.817960e-01 8.536000e-03 1.096680e-01
87 8.802440e-01 8.712000e-03 1.110440e-01
88 8.787680e-01 8.664000e-03 1.125680e-01
89 8.773600e-01 8.560000e-03 1.140800e-01
90 8.757600e-01 8.652000e-03 1.155880e-01
91 8.743600e-01 8.660000e-03 1.169800e-01
92 8.728320e-01 8.648000e-03 1.185200e-01
93 8.713120e-01 8.572000e-03 1.201160e-01
94 8.697240e-01 8.652000e-03 1.216240e-01
95 8.681480e-01 8.752000e-03 1.231000e-01
96 8.667240e-01 8.660000e-03 1.246160e-01
97 8.653440e-01 8.560000e-03 1.260960e-01
98 8.639960e-01 8.484000e-03 1.275200e-01
99 8.625200e-01 8.652000e-03 1.288280e-01
100 8.609240e-01 8.552000e-03 1.305240e-01
101 8.594800e-01 8.380000e-03 1.321400e-01
102 8.579240e-01 8.548000e-03 1.335280e-01
103 8.564560e-01 8.472000e-03 1.350720e-01
104 8.548480e-01 8.696000e-03 1.364560e-01
105 8.532600e-01 8.820000e-03 1.379200e-01
106 8.517280e-01 8.792000e-03 1.394800e-01
107 8.502600e-01 8.704000e-03 1.410360e-01
108 8.487240e-01 8.776000e-03 1.425000e-01
109 8.471280e-01 8.856000e-03 1.440160e-01
110 8.456680e-01 8.832000e-03 1.455000e-01
111 8.442720e-01 8.612000e-03 1.471160e-01
112 8.427960e-01 8.660000e-03 1.485440e-01
113 8.412720e-01 8.560000e-03 1.501680e-01
114 8.397520e-01 8.528000e-03 1.517200e-01
115 8.383840e-01 8.460000e-03 1.531560e-01
116 8.369120e-01 8.364000e-03 1.547240e-01
117 8.354000e-01 8.440000e-03 1.561600e-01
118 8.340880e-01 8.248000e-03 1.576640e-01
119 8.326360e-01 8.160000e-03 1.592040e-01
120 8.313200e-01 8.252000e-03 1.604280e-01
121 8.299760e-01 8.232000e-03 1.617920e-01
122 8.285960e-01 8.132000e-03 1.632720e-01
123 8.271520e-01 8.152000e-03 1.646960e-01
124 8.258800e-01 8.032000e-03 1.660880e-01
125 8.245560e-01 7.928000e-03 1.675160e-01
126 8.232040e-01 7.892000e-03 1.689040e-01
127 8.219080e-01 7.868000e-03 1.702240e-01
128 8.205320e-01 7.896000e-03 1.715720e-01
129 8.192320e-01 7.808000e-03 1.729600e-01
130 8.180280e-01 7.616000e-03 1.743560e-01
131 8.167080e-01 7.672000e-03 1.756200e-01
132 8.153760e-01 7.732000e-03 1.768920e-01
133 8.140000e-01 7.720000e-03 1.782800e-01
134 8.126280e-01 7.748000e-03 1.796240e-01
135 8.114160e-01 7.652000e-03 1.809320e-01
136 8.101360e-01 7.528000e-03 1.823360e-01
137 8.088920e-01 7.548000e-03 1.835600e-01
138 8.076720e-01 7.520000e-03 1.848080e-01
139 8.064160e-01 7.448000e-03 1.861360e-01
140 8.051560e-01 7.308000e-03 1.875360e-01
141 8.040040e-01 7.196000e-03 1.888000e-01
142 8.027840e-01 7.132000e-03 1.900840e-01
143 8.016840e-01 6.952000e-03 1.913640e-01
144 8.005440e-01 6.812000e-03 1.926440e-01
145 7.994800e-01 6.556000e-03 1.939640e-01
146 7.983160e-01 6.516000e-03 1.951680e-01
147 7.970480e-01 6.668000e-03 1.962840e-01
148 7.958880e-01 6.636000e-03 1.974760e-01
149 7.946600e-01 6.652000e-03 1.986880e-01
150 7.934520e-01 6.676000e-03 1.998720e-01
151 7.921520e-01 6.720000e-03 2.011280e-01
152 7.909720e-01 6.740000e-03 2.022880e-01
153 7.896640e-01 6.848000e-03 2.034880e-01
154 7.885960e-01 6.644000e-03 2.047600e-01
155 7.873040e-01 6.820000e-03 2.058760e-01
156 7.861520e-01 6.692000e-03 2.071560e-01
157 7.851320e-01 6.676000e-03 2.081920e-01
158 7.840960e-01 6.564000e-03 2.093400e-01
159 7.830120e-01 6.424000e-03 2.105640e-01
160 7.818800e-01 6.476000e-03 2.116440e-01
161 7.807720e-01 6.392000e-03 2.128360e-01
162 7.796280e-01 6.460000e-03 2.139120e-01
163 7.783680e-01 6.600000e-03 2.150320e-01
164 7.772520e-01 6.600000e-03 2.161480e-01
165 7.760800e-01 6.748000e-03 2.171720e-01
166 7.747800e-01 6.896000e-03 2.183240e-01
167 7.736720e-01 6.864000e-03 2.194640e-01
168 7.725520e-01 6.832000e-03 2.206160e-01
169 7.714600e-01 6.628000e-03 2.219120e-01
170 7.705000e-01 6.444000e-03 2.230560e-01
171 7.695200e-01 6.372000e-03 2.241080e-01
172 7.684800e-01 6.212000e-03 2.253080e-01
173 7.675720e-01 6.052000e-03 2.263760e-01
174 7.667320e-01 5.696000e-03 2.275720e-01
175 7.657160e-01 5.688000e-03 2.285960e-01
176 7.648280e-01 5.616000e-03 2.295560e-01
177 7.638480e-01 5.724000e-03 2.304280e-01
178 7.628200e-01 5.696000e-03 2.314840e-01
179 7.618960e-01 5.648000e-03 2.324560e-01
180 7.610000e-01 5.512000e-03 2.334880e-01
181 7.600800e-01 5.464000e-03 2.344560e-01
182 7.592160e-01 5.392000e-03 2.353920e-01
183 7.583160e-01 5.440000e-03 2.362440e-01
184 7.573640e-01 5.480000e-03 2.371560e-01
185 7.564600e-01 5.432000e-03 2.381080e-01
186 7.555680e-01 5.360000e-03 2.390720e-01
187 7.546480e-01 5.288000e-03 2.400640e-01
188 7.537720e-01 5.296000e-03 2.409320e-01
189 7.529080e-01 5.236000e-03 2.418560e-01
190 7.520680e-01 5.048000e-03 2.428840e-01
191 7.511800e-01 5.044000e-03 2.437760e-01
192 7.503640e-01 4.976000e-03 2.446600e-01
193 7.494000e-01 5.056000e-03 2.455440e-01
194 7.485000e-01 5.036000e-03 2.464640e-01
195 7.475920e-01 5.088000e-03 2.473200e-01
196 7.467240e-01 5.040000e-03 2.482360e-01
197 7.458720e-01 5.056000e-03 2.490720e-01
198 7.448680e-01 5.108000e-03 2.500240e-01
199 7.438840e-01 5.156000e-03 2.509600e-01
200 7.429880e-01 5.184000e-03 2.518280e-01
201 7.419800e-01 5.220000e-03 2.528000e-01
202 7.410200e-01 5.272000e-03 2.537080e-01
203 7.401040e-01 5.308000e-03 2.545880e-01
204 7.391560e-01 5.356000e-03 2.554880e-01
205 7.383800e-01 5.156000e-03 2.564640e-01
206 7.374880e-01 5.136000e-03 2.573760e-01
207 7.366640e-01 5.124000e-03 2.582120e-01
208 7.358560e-01 5.040000e-03 2.591040e-01
209 7.349600e-01 5.000000e-03 2.600400e-01
210 7.341120e-01 5.068000e-03 2.608200e-01
211 7.331680e-01 5.044000e-03 2.617880e-01
212 7.322080e-01 5.136000e-03 2.626560e-01
213 7.314240e-01 5.108000e-03 2.634680e-01
214 7.305840e-01 5.128000e-03 2.642880e-01
215 7.297160e-01 5.032000e-03 2.652520e-01
216 7.288000e-01 5.024000e-03 2.661760e-01
217 7.278320e-01 5.172000e-03 2.669960e-01
218 7.270640e-01 4.960000e-03 2.679760e-01
219 7.263160e-01 4.812000e-03 2.688720e-01
220 7.254640e-01 4.732000e-03 2.698040e-01
221 7.247840e-01 4.628000e-03 2.705880e-01
222 7.238520e-01 4.772000e-03 2.713760e-01
223 7.230560e-01 4.720000e-03 2.722240e-01
224 7.223120e-01 4.656000e-03 2.730320e-01
225 7.215080e-01 4.620000e-03 2.738720e-01
226 7.207240e-01 4.544000e-03 2.747320e-01
227 7.199040e-01 4.488000e-03 2.756080e-01
228 7.191040e-01 4.532000e-03 2.763640e-01
229 7.184720e-01 4.376000e-03 2.771520e-01
230 7.176760e-01 4.324000e-03 2.780000e-01
231 7.170160e-01 4.212000e-03 2.787720e-01
232 7.163440e-01 4.124000e-03 2.795320e-01
233 7.156360e-01 4.128000e-03 2.802360e-01
234 7.151520e-01 3.836000e-03 2.810120e-01
235 7.144920e-01 3.924000e-03 2.815840e-01
236 7.138840e-01 3.816000e-03 2.823000e-01
237 7.132480e-01 3.748000e-03 2.830040e-01
238 7.127320e-01 3.576000e-03 2.836920e-01
239 7.121040e-01 3.636000e-03 2.842600e-01
240 7.114880e-01 3.560000e-03 2.849520e-01
241 7.108960e-01 3.544000e-03 2.855600e-01
242 7.103800e-01 3.480000e-03 2.861400e-01
243 7.097000e-01 3.524000e-03 2.867760e-01
244 7.090920e-01 3.516000e-03 2.873920e-01
245 7.084240e-01 3.564000e-03 2.880120e-01
246 7.077560e-01 3.580000e-03 2.886640e-01
247 7.070960e-01 3.532000e-03 2.893720e-01
248 7.063560e-01 3.680000e-03 2.899640e-01
249 7.057400e-01 3.720000e-03 2.905400e-01
250 7.051480e-01 3.700000e-03 2.911520e-01
251 7.044760e-01 3.704000e-03 2.918200e-01
252 7.038680e-01 3.612000e-03 2.925200e-01
253 7.032920e-01 3.556000e-03 2.931520e-01
254 7.026760e-01 3.560000e-03 2.937640e-01
255 7.020800e-01 3.492000e-03 2.944280e-01
256 7.015160e-01 3.444000e-03 2.950400e-01
257 7.009160e-01 3.424000e-03 2.956600e-01
258 7.003840e-01 3.396000e-03 2.962200e-01
259 6.998120e-01 3.416000e-03 2.967720e-01
260 6.992800e-01 3.416000e-03 2.973040e-01
261 6.988120e-01 3.320000e-03 2.978680e-01
262 6.983240e-01 3.216000e-03 2.984600e-01
263 6.977440e-01 3.188000e-03 2.990680e-01
264 6.972360e-01 3.160000e-03 2.996040e-01
265 6.966760e-01 3.228000e-03 3.000960e-01
266 6.960400e-01 3.372000e-03 3.005880e-01
267 6.954560e-01 3.360000e-03 3.011840e-01
268 6.948720e-01 3.360000e-03 3.017680e-01
269 6.942720e-01 3.332000e-03 3.023960e-01
270 6.936760e-01 3.308000e-03 3.030160e-01
271 6.931280e-01 3.248000e-03 3.036240e-01
272 6.924920e-01 3.344000e-03 3.041640e-01
273 6.919040e-01 3.392000e-03 3.047040e-01
274 6.912160e-01 3.532000e-03 3.052520e-01
275 6.906480e-01 3.428000e-03 3.059240e-01
276 6.900920e-01 3.356000e-03 3.065520e-01
277 6.895200e-01 3.372000e-03 3.071080e-01
278 6.889440e-01 3.320000e-03 3.077360e-01
279 6.884680e-01 3.204000e-03 3.083280e-01
280 6.879440e-01 3.080000e-03 3.089760e-01
281 6.874480e-01 3.020000e-03 3.095320e-01
282 6.868720e-01 3.116000e-03 3.100120e-01
283 6.863400e-01 3.120000e-03 3.105400e-01
284 6.858400e-01 3.104000e-03 3.110560e-01
285 6.853760e-01 2.984000e-03 3.116400e-01
286 6.849240e-01 2.972000e-03 3.121040e-01
287 6.844240e-01 3.000000e-03 3.125760e-01
288 6.839600e-01 2.968000e-03 3.130720e-01
289 6.834880e-01 2.960000e-03 3.135520e-01
290 6.829720e-01 2.964000e-03 3.140640e-01
291 6.824120e-01 2.996000e-03 3.145920e-01
292 6.818760e-01 3.052000e-03 3.150720e-01
293 6.813160e-01 3.044000e-03 3.156400e-01
294 6.807760e-01 3.020000e-03 3.162040e-01
295 6.802520e-01 3.028000e-03 3.167200e-01
296 6.797920e-01 2.928000e-03 3.172800e-01
297 6.792640e-01 2.952000e-03 3.177840e-01
298 6.787440e-01 3.036000e-03 3.182200e-01
299 6.782480e-01 2.996000e-03 3.187560e-01
300 6.777080e-01 3.060000e-03 3.192320e-01
301 6.771920e-01 3.048000e-03 3.197600e-01
302 6.767400e-01 2.892000e-03 3.203680e-01
303 6.762040e-01 2.936000e-03 3.208600e-01
304 6.756160e-01 3.008000e-03 3.213760e-01
305 6.751120e-01 3.068000e-03 3.218200e-01
306 6.746480e-01 2.976000e-03 3.223760e-01
307 6.741640e-01 2.956000e-03 3.228800e-01
308 6.736120e-01 2.984000e-03 3.234040e-01
309 6.731280e-01 2.904000e-03 3.239680e-01
310 6.726320e-01 2.920000e-03 3.244480e-01
311 6.722000e-01 2.836000e-03 3.249640e-01
312 6.717000e-01 2.768000e-03 3.255320e-01
313 6.712280e-01 2.768000e-03 3.260040e-01
314 6.707240e-01 2.788000e-03 3.264880e-01
315 6.702160e-01 2.772000e-03 3.270120e-01
316 6.696680e-01 2.896000e-03 3.274360e-01
317 6.691800e-01 2.856000e-03 3.279640e-01
318 6.687240e-01 2.852000e-03 3.284240e-01
319 6.682240e-01 2.840000e-03 3.289360e-01
320 6.677880e-01 2.848000e-03 3.293640e-01
321 6.673440e-01 2.804000e-03 3.298520e-01
322 6.668440e-01 2.804000e-03 3.303520e-01
323 6.663520e-01 2.828000e-03 3.308200e-01
324 6.659640e-01 2.792000e-03 3.312440e-01
325 6.656040e-01 2.676000e-03 3.317200e-01
326 6.651080e-01 2.712000e-03 3.321800e-01
327 6.647320e-01 2.640000e-03 3.326280e-01
328 6.642800e-01 2.664000e-03 3.330560e-01
329 6.639360e-01 2.552000e-03 3.335120e-01
330 6.635760e-01 2.532000e-03 3.338920e-01
331 6.632160e-01 2.400000e-03 3.343840e-01
332 6.628040e-01 2.384000e-03 3.348120e-01
333 6.622840e-01 2.496000e-03 3.352200e-01
334 6.618360e-01 2.524000e-03 3.356400e-01
335 6.613840e-01 2.552000e-03 3.360640e-01
336 6.608800e-01 2.620000e-03 3.365000e-01
337 6.603880e-01 2.656000e-03 3.369560e-01
338 6.598160e-01 2.780000e-03 3.374040e-01
339 6.592960e-01 2.848000e-03 3.378560e-01
340 6.587680e-01 2.928000e-03 3.383040e-01
341 6.582400e-01 2.960000e-03 3.388000e-01
342 6.577960e-01 2.944000e-03 3.392600e-01
343 6.573040e-01 2.932000e-03 3.397640e-01
344 6.568480e-01 2.872000e-03 3.402800e-01
345 6.563960e-01 2.780000e-03 3.408240e-01
346 6.559520e-01 2.716000e-03 3.413320e-01
347 6.555240e-01 2.716000e-03 3.417600e-01
348 6.549920e-01 2.756000e-03 3.422520e-01
349 6.545240e-01 2.676000e-03 3.428000e-01
350 6.540520e-01 2.756000e-03 3.431920e-01
351 6.536400e-01 2.696000e-03 3.436640e-01
352 6.530840e-01 2.716000e-03 3.442000e-01
353 6.525760e-01 2.720000e-03 3.447040e-01
354 6.521360e-01 2.672000e-03 3.451920e-01
355 6.516440e-01 2.760000e-03 3.455960e-01
356 6.511920e-01 2.772000e-03 3.460360e-01
357 6.506680e-01 2.788000e-03 3.465440e-01
358 6.501840e-01 2.808000e-03 3.470080e-01
359 6.496960e-01 2.860000e-03 3.474440e-01
360 6.492520e-01 2.824000e-03 3.479240e-01
361 6.487960e-01 2.752000e-03 3.484520e-01
362 6.483120e-01 2.704000e-03 3.489840e-01
363 6.479440e-01 2.524000e-03 3.495320e-01
364 6.475560e-01 2.476000e-03 3.499680e-01
365 6.470880e-01 2.512000e-03 3.504000e-01
366 6.467000e-01 2.464000e-03 3.508360e-01
367 6.462640e-01 2.464000e-03 3.512720e-01
368 6.458560e-01 2.448000e-03 3.516960e-01
369 6.454320e-01 2.420000e-03 3.521480e-01
370 6.450920e-01 2.304000e-03 3.526040e-01
371 6.447840e-01 2.160000e-03 3.530560e-01
372 6.444840e-01 2.116000e-03 3.534000e-01
373 6.441840e-01 2.036000e-03 3.537800e-01
374 6.438320e-01 2.024000e-03 3.541440e-01
375 6.435440e-01 1.940000e-03 3.545160e-01
376 6.432520e-01 1.916000e-03 3.548320e-01
377 6.429320e-01 1.900000e-03 3.551680e-01
378 6.425480e-01 1.972000e-03 3.554800e-01
379 6.422200e-01 1.924000e-03 3.558560e-01
380 6.419800e-01 1.836000e-03 3.561840e-01
381 6.416480e-01 1.868000e-03 3.564840e-01
382 6.413880e-01 1.796000e-03 3.568160e-01
383 6.410640e-01 1.816000e-03 3.571200e-01
384 6.407720e-01 1.816000e-03 3.574120e-01
385 6.405560e-01 1.724000e-03 3.577200e-01
386 6.403280e-01 1.636000e-03 3.580360e-01
387 6.401440e-01 1.612000e-03 3.582440e-01
388 6.398080e-01 1.656000e-03 3.585360e-01
389 6.394800e-01 1.768000e-03 3.587520e-01
390 6.391320e-01 1.832000e-03 3.590360e-01
391 6.387400e-01 1.908000e-03 3.593520e-01
392 6.383840e-01 1.964000e-03 3.596520e-01
393 6.380320e-01 1.972000e-03 3.599960e-01
394 6.376840e-01 1.988000e-03 3.603280e-01
395 6.373360e-01 2.004000e-03 3.606600e-01
396 6.370200e-01 2.012000e-03 3.609680e-01
397 6.366720e-01 1.984000e-03 3.613440e-01
398 6.363360e-01 1.928000e-03 3.617360e-01
399 6.360200e-01 1.944000e-03 3.620360e-01
400 6.357360e-01 1.880000e-03 3.623840e-01
401 6.354560e-01 1.800000e-03 3.627440e-01
402 6.352120e-01 1.716000e-03 3.630720e-01
403 6.349240e-01 1.756000e-03 3.633200e-01
404 6.345280e-01 1.824000e-03 3.636480e-01
405 6.341840e-01 1.888000e-03 3.639280e-01
406 6.338280e-01 1.960000e-03 3.642120e-01
407 6.334680e-01 1.964000e-03 3.645680e-01
408 6.331840e-01 1.840000e-03 3.649760e-01
409 6.328800e-01 1.840000e-03 3.652800e-01
410 6.326080e-01 1.768000e-03 3.656240e-01
411 6.323120e-01 1.764000e-03 3.659240e-01
412 6.320520e-01 1.736000e-03 3.662120e-01
413 6.317520e-01 1.752000e-03 3.664960e-01
414 6.314560e-01 1.740000e-03 3.668040e-01
415 6.312360e-01 1.640000e-03 3.671240e-01
416 6.309520e-01 1.636000e-03 3.674120e-01
417 6.307400e-01 1.588000e-03 3.676720e-01
418 6.305160e-01 1.520000e-03 3.679640e-01
419 6.303400e-01 1.456000e-03 3.682040e-01
420 6.301000e-01 1.400000e-03 3.685000e-01
421 6.298760e-01 1.356000e-03 3.687680e-01
422 6.296280e-01 1.368000e-03 3.690040e-01
423 6.293480e-01 1.424000e-03 3.692280e-01
424 6.291040e-01 1.432000e-03 3.694640e-01
425 6.288520e-01 1.484000e-03 3.696640e-01
426 6.286040e-01 1.472000e-03 3.699240e-01
427 6.283480e-01 1.452000e-03 3.702000e-01
428 6.280320e-01 1.484000e-03 3.704840e-01
429 6.276960e-01 1.572000e-03 3.707320e-01
430 6.273560e-01 1.624000e-03 3.710200e-01
431 6.270240e-01 1.704000e-03 3.712720e-01
432 6.267200e-01 1.692000e-03 3.715880e-01
433 6.263840e-01 1.696000e-03 3.719200e-01
434 6.260800e-01 1.712000e-03 3.722080e-01
435 6.257560e-01 1.784000e-03 3.724600e-01
436 6.254520e-01 1.744000e-03 3.728040e-01
437 6.251200e-01 1.776000e-03 3.731040e-01
438 6.247560e-01 1.848000e-03 3.733960e-01
439 6.244600e-01 1.872000e-03 3.736680e-01
440 6.240920e-01 1.900000e-03 3.740080e-01
441 6.238320e-01 1.848000e-03 3.743200e-01
442 6.235640e-01 1.816000e-03 3.746200e-01
443 6.232120e-01 1.780000e-03 3.750080e-01
444 6.229640e-01 1.704000e-03 3.753320e-01
445 6.226640e-01 1.740000e-03 3.755960e-01
446 6.223200e-01 1.724000e-03 3.759560e-01
447 6.219600e-01 1.744000e-03 3.762960e-01
448 6.217160e-01 1.712000e-03 3.765720e-01
449 6.214600e-01 1.716000e-03 3.768240e-01
450 6.212000e-01 1.632000e-03 3.771680e-01
451 6.208880e-01 1.628000e-03 3.774840e-01
452 6.206400e-01 1.580000e-03 3.777800e-01
453 6.203200e-01 1.616000e-03 3.780640e-01
454 6.200880e-01 1.588000e-03 3.783240e-01
455 6.198760e-01 1.508000e-03 3.786160e-01
456 6.196280e-01 1.516000e-03 3.788560e-01
457 6.193520e-01 1.548000e-03 3.791000e-01
458 6.191680e-01 1.464000e-03 3.793680e-01
459 6.189480e-01 1.440000e-03 3.796120e-01
460 6.187600e-01 1.388000e-03 3.798520e-01
461 6.185720e-01 1.320000e-03 3.801080e-01
462 6.184440e-01 1.232000e-03 3.803240e-01
463 6.182880e-01 1.172000e-03 3.805400e-01
464 6.181080e-01 1.136000e-03 3.807560e-01
465 6.179240e-01 1.080000e-03 3.809960e-01
466 6.177120e-01 1.104000e-03 3.811840e-01
467 6.175320e-01 1.116000e-03 3.813520e-01
468 6.173720e-01 1.104000e-03 3.815240e-01
469 6.171320e-01 1.124000e-03 3.817440e-01
470 6.169160e-01 1.176000e-03 3.819080e-01
471 6.166760e-01 1.216000e-03 3.821080e-01
472 6.164680e-01 1.184000e-03 3.823480e-01
473 6.163080e-01 1.120000e-03 3.825720e-01
474 6.161440e-01 1.064000e-03 3.827920e-01
475 6.159760e-01 1.048000e-03 3.829760e-01
476 6.158480e-01 9.880000e-04 3.831640e-01
477 6.157080e-01 9.520000e-04 3.833400e-01
478 6.156120e-01 8.880000e-04 3.835000e-01
479 6.154840e-01 8.600000e-04 3.836560e-01
480 6.153400e-01 8.600000e-04 3.838000e-01
481 6.152200e-01 8.400000e-04 3.839400e-01
482 6.151360e-01 7.520000e-04 3.841120e-01
483 6.149760e-01 7.480000e-04 3.842760e-01
484 6.148720e-01 7.320000e-04 3.843960e-01
485 6.147840e-01 6.840000e-04 3.845320e-01
486 6.146280e-01 6.960000e-04 3.846760e-01
487 6.145200e-01 7.240000e-04 3.847560e-01
488 6.144120e-01 7.120000e-04 3.848760e-01
489 6.143080e-01 7.000000e-04 3.849920e-01
490 6.141920e-01 7.040000e-04 3.851040e-01
491 6.140360e-01 7.240000e-04 3.852400e-01
492 6.138720e-01 7.320000e-04 3.853960e-01
493 6.136840e-01 7.880000e-04 3.855280e-01
494 6.134480e-01 9.480000e-04 3.856040e-01
495 6.132840e-01 9.280000e-04 3.857880e-01
496 6.131160e-01 9.520000e-04 3.859320e-01
497 6.129280e-01 9.720000e-04 3.861000e-01
498 6.128200e-01 9.040000e-04 3.862760e-01
499 6.126640e-01 9.080000e-04 3.864280e-01
500 6.125160e-01 8.920000e-04 3.865920e-01
