1 9.992120e-01 7.040000e-04 8.400000e-05
2 9.986520e-01 1.116000e-03 2.320000e-04
3 9.979520e-01 1.560000e-03 4.880000e-04
4 9.972440e-01 1.952000e-03 8.040000e-04
5 9.964640e-01 2.344000e-03 1.192000e-03
6 9.955640e-01 2.768000e-03 1.668000e-03
7 9.946840e-01 3.060000e-03 2.256000e-03
8 9.937560e-01 3.380000e-03 2.864000e-03
9 9.927440e-01 3.756000e-03 3.500000e-03
10 9.917240e-01 4.092000e-03 4.184000e-03
11 9.905920e-01 4.436000e-03 4.972000e-03
12 9.894360e-01 4.812000e-03 5.752000e-03
13 9.885080e-01 4.956000e-03 6.536000e-03
14 9.871680e-01 5.316000e-03 7.516000e-03
15 9.859000e-01 5.644000e-03 8.456000e-03
16 9.845640e-01 5.980000e-03 9.456000e-03
17 9.833240e-01 6.152000e-03 1.052400e-02
18 9.820080e-01 6.368000e-03 1.162400e-02
19 9.807200e-01 6.468000e-03 1.281200e-02
20 9.794640e-01 6.552000e-03 1.398400e-02
21 9.781480e-01 6.712000e-03 1.514000e-02
22 9.768360e-01 6.796000e-03 1.636800e-02
23 9.755640e-01 6.832000e-03 1.760400e-02
24 9.742000e-01 6.944000e-03 1.885600e-02
25 9.727600e-01 7.260000e-03 1.998000e-02
26 9.712040e-01 7.548000e-03 2.124800e-02
27 9.699360e-01 7.472000e-03 2.259200e-02
28 9.685560e-01 7.648000e-03 2.379600e-02
29 9.669360e-01 7.780000e-03 2.528400e-02
30 9.655040e-01 7.840000e-03 2.665600e-02
31 9.640560e-01 7.936000e-03 2.800800e-02
32 9.626960e-01 7.932000e-03 2.937200e-02
33 9.613120e-01 7.932000e-03 3.075600e-02
34 9.599200e-01 7.928000e-03 3.215200e-02
35 9.584240e-01 7.972000e-03 3.360400e-02
36 9.570360e-01 8.012000e-03 3.495200e-02
37 9.556280e-01 8.020000e-03 3.635200e-02
38 9.542120e-01 7.944000e-03 3.784400e-02
39 9.527920e-01 7.972000e-03 3.923600e-02
40 9.516160e-01 7.708000e-03 4.067600e-02
41 9.502320e-01 7.800000e-03 4.196800e-02
42 9.488720e-01 7.736000e-03 4.339200e-02
43 9.474280e-01 7.840000e-03 4.473200e-02
44 9.460640e-01 7.892000e-03 4.604400e-02
45 9.445880e-01 7.952000e-03 4.746000e-02
46 9.431440e-01 8.056000e-03 4.880000e-02
47 9.417840e-01 7.960000e-03 5.025600e-02
48 9.403440e-01 7.960000e-03 5.169600e-02
49 9.389000e-01 8.000000e-03 5.310000e-02
50 9.374360e-01 8.040000e-03 5.452400e-02
51 9.360760e-01 7.952000e-03 5.597200e-02
52 9.347400e-01 7.804000e-03 5.745600e-02
53 9.333400e-01 7.856000e-03 5.880400e-02
54 9.320120e-01 7.852000e-03 6.013600e-02
55 9.305040e-01 7.936000e-03 6.156000e-02
56 9.290920e-01 8.020000e-03 6.288800e-02
57 9.275240e-01 8.272000e-03 6.420400e-02
58 9.260600e-01 8.280000e-03 6.566000e-02
59 9.245480e-01 8.236000e-03 6.721600e-02
60 9.229960e-01 8.288000e-03 6.871600e-02
61 9.213960e-01 8.420000e-03 7.018400e-02
62 9.198400e-01 8.432000e-03 7.172800e-02
63 9.185280e-01 8.220000e-03 7.325200e-02
64 9.171680e-01 8.072000e-03 7.476000e-02
65 9.156920e-01 8.156000e-03 7.615200e-02
66 9.141600e-01 8.244000e-03 7.759600e-02
67 9.127320e-01 8.208000e-03 7.906000e-02
68 9.114000e-01 8.112000e-03 8.048800e-02
69 9.101280e-01 7.884000e-03 8.198800e-02
70 9.086760e-01 7.860000e-03 8.346400e-02
71 9.074440e-01 7.828000e-03 8.472800e-02
72 9.060920e-01 7.812000e-03 8.609600e-02
73 9.047920e-01 7.764000e-03 8.744400e-02
74 9.033080e-01 7.816000e-03 8.887600e-02
75 9.017680e-01 8.108000e-03 9.012400e-02
76 9.003200e-01 8.148000e-03 9.153200e-02
77 8.988360e-01 8.164000e-03 9.300000e-02
78 8.973440e-01 8.244000e-03 9.441200e-02
79 8.957760e-01 8.484000e-03 9.574000e-02
80 8.941640e-01 8.532000e-03 9.730400e-02
81 8.926840e-01 8.620000e-03 9.869600e-02
82 8.912200e-01 8.564000e-03 1.002160e-01
83 8.898000e-01 8.524000e-03 1.016760e-01
84 8.885000e-01 8.280000e-03 1.032200e-01
85 8.869680e-01 8.240000e-03 1.047920e-01
86 8.854760e-01 8.232000e-03 1.062920e-01
87 8.839280e-01 8.296000e-03 1.077760e-01
88 8.825400e-01 8.328000e-03 1.091320e-01
89 8.810200e-01 8.364000e-03 1.106160e-01
90 8.797360e-01 8.088000e-03 1.121760e-01
91 8.783600e-01 8.116000e-03 1.135240e-01
92 8.769440e-01 8.180000e-03 1.148760e-01
93 8.754440e-01 8.268000e-03 1.162880e-01
94 8.738560e-01 8.288000e-03 1.178560e-01
95 8.724480e-01 8.360000e-03 1.191920e-01
96 8.710360e-01 8.328000e-03 1.206360e-01
97 8.696200e-01 8.328000e-03 1.220520e-01
98 8.680840e-01 8.408000e-03 1.235080e-01
99 8.666960e-01 8.328000e-03 1.249760e-01
100 8.653920e-01 8.180000e-03 1.264280e-01
101 8.640120e-01 8.280000e-03 1.277080e-01
102 8.626760e-01 8.168000e-03 1.291560e-01
103 8.613000e-01 8.228000e-03 1.304720e-01
104 8.598800e-01 8.320000e-03 1.318000e-01
105 8.585600e-01 8.180000e-03 1.332600e-01
106 8.572240e-01 8.192000e-03 1.345840e-01
107 8.559760e-01 8.040000e-03 1.359840e-01
108 8.546720e-01 7.916000e-03 1.374120e-01
109 8.534560e-01 7.808000e-03 1.387360e-01
110 8.522360e-01 7.660000e-03 1.401040e-01
111 8.508400e-01 7.496000e-03 1.416640e-01
112 8.495560e-01 7.464000e-03 1.429800e-01
113 8.482520e-01 7.456000e-03 1.442920e-01
114 8.470360e-01 7.348000e-03 1.456160e-01
115 8.456880e-01 7.360000e-03 1.469520e-01
116 8.443400e-01 7.288000e-03 1.483720e-01
117 8.432080e-01 7.040000e-03 1.497520e-01
118 8.418600e-01 7.156000e-03 1.509840e-01
119 8.405000e-01 7.152000e-03 1.523480e-01
120 8.391200e-01 7.244000e-03 1.536360e-01
121 8.377240e-01 7.300000e-03 1.549760e-01
122 8.364840e-01 7.268000e-03 1.562480e-01
123 8.351080e-01 7.196000e-03 1.576960e-01
124 8.336280e-01 7.392000e-03 1.589800e-01
125 8.321320e-01 7.596000e-03 1.602720e-01
126 8.308400e-01 7.676000e-03 1.614840e-01
127 8.293800e-01 7.816000e-03 1.628040e-01
128 8.278840e-01 7.920000e-03 1.641960e-01
129 8.263200e-01 8.024000e-03 1.656560e-01
130 8.249520e-01 7.984000e-03 1.670640e-01
131 8.233640e-01 8.072000e-03 1.685640e-01
132 8.219120e-01 8.272000e-03 1.698160e-01
133 8.205280e-01 8.152000e-03 1.713200e-01
134 8.191520e-01 8.052000e-03 1.727960e-01
135 8.178480e-01 7.892000e-03 1.742600e-01
136 8.163840e-01 7.872000e-03 1.757440e-01
137 8.150440e-01 7.896000e-03 1.770600e-01
138 8.137840e-01 7.736000e-03 1.784800e-01
139 8.124360e-01 7.724000e-03 1.798400e-01
140 8.111760e-01 7.644000e-03 1.811800e-01
141 8.098760e-01 7.528000e-03 1.825960e-01
142 8.084400e-01 7.656000e-03 1.839040e-01
143 8.070240e-01 7.660000e-03 1.853160e-01
144 8.056760e-01 7.720000e-03 1.866040e-01
145 8.044040e-01 7.700000e-03 1.878960e-01
146 8.031360e-01 7.676000e-03 1.891880e-01
147 8.017880e-01 7.652000e-03 1.905600e-01
148 8.005160e-01 7.612000e-03 1.918720e-01
149 7.994000e-01 7.356000e-03 1.932440e-01
150 7.979840e-01 7.516000e-03 1.945000e-01
151 7.967240e-01 7.464000e-03 1.958120e-01
152 7.954080e-01 7.412000e-03 1.971800e-01
153 7.941600e-01 7.352000e-03 1.984880e-01
154 7.929560e-01 7.264000e-03 1.997800e-01
155 7.916480e-01 7.272000e-03 2.010800e-01
156 7.905920e-01 7.072000e-03 2.023360e-01
157 7.893120e-01 7.160000e-03 2.035280e-01
158 7.880560e-01 7.176000e-03 2.047680e-01
159 7.868760e-01 7.152000e-03 2.059720e-01
160 7.856320e-01 7.236000e-03 2.071320e-01
161 7.844560e-01 7.168000e-03 2.083760e-01
162 7.833080e-01 7.112000e-03 2.095800e-01
163 7.821000e-01 7.128000e-03 2.107720e-01
164 7.808560e-01 7.048000e-03 2.120960e-01
165 7.796760e-01 7.032000e-03 2.132920e-01
166 7.784600e-01 7.012000e-03 2.145280e-01
167 7.772120e-01 7.036000e-03 2.157520e-01
168 7.760360e-01 7.064000e-03 2.169000e-01
169 7.747640e-01 7.008000e-03 2.182280e-01
170 7.735760e-01 6.968000e-03 2.194560e-01
171 7.723760e-01 7.064000e-03 2.205600e-01
172 7.710440e-01 7.128000e-03 2.218280e-01
173 7.698880e-01 7.052000e-03 2.230600e-01
174 7.685720e-01 7.104000e-03 2.243240e-01
175 7.674080e-01 6.900000e-03 2.256920e-01
176 7.661520e-01 6.944000e-03 2.269040e-01
177 7.649200e-01 7.080000e-03 2.280000e-01
178 7.636560e-01 7.160000e-03 2.291840e-01
179 7.626160e-01 7.024000e-03 2.303600e-01
180 7.614840e-01 6.908000e-03 2.316080e-01
181 7.603560e-01 6.748000e-03 2.328960e-01
182 7.591600e-01 6.804000e-03 2.340360e-01
183 7.581720e-01 6.580000e-03 2.352480e-01
184 7.572000e-01 6.476000e-03 2.363240e-01
185 7.561320e-01 6.376000e-03 2.374920e-01
186 7.550520e-01 6.360000e-03 2.385880e-01
187 7.540280e-01 6.236000e-03 2.397360e-01
188 7.527240e-01 6.568000e-03 2.407080e-01
189 7.515880e-01 6.480000e-03 2.419320e-01
190 7.504560e-01 6.428000e-03 2.431160e-01
191 7.494560e-01 6.228000e-03 2.443160e-01
192 7.484600e-01 6.176000e-03 2.453640e-01
193 7.474160e-01 6.072000e-03 2.465120e-01
194 7.463360e-01 6.120000e-03 2.475440e-01
195 7.452280e-01 6.160000e-03 2.486120e-01
196 7.440880e-01 6.172000e-03 2.497400e-01
197 7.430920e-01 6.048000e-03 2.508600e-01
198 7.421200e-01 5.948000e-03 2.519320e-01
199 7.411560e-01 5.840000e-03 2.530040e-01
200 7.401240e-01 5.916000e-03 2.539600e-01
201 7.391680e-01 5.792000e-03 2.550400e-01
202 7.381560e-01 5.680000e-03 2.561640e-01
203 7.372200e-01 5.568000e-03 2.572120e-01
204 7.361560e-01 5.736000e-03 2.581080e-01
205 7.351800e-01 5.700000e-03 2.591200e-01
206 7.341720e-01 5.668000e-03 2.601600e-01
207 7.332880e-01 5.576000e-03 2.611360e-01
208 7.323400e-01 5.460000e-03 2.622000e-01
209 7.313480e-01 5.440000e-03 2.632120e-01
210 7.305240e-01 5.312000e-03 2.641640e-01
211 7.296040e-01 5.276000e-03 2.651200e-01
212 7.287720e-01 5.112000e-03 2.661160e-01
213 7.279520e-01 5.072000e-03 2.669760e-01
214 7.272360e-01 4.972000e-03 2.677920e-01
215 7.264200e-01 5.028000e-03 2.685520e-01
216 7.256680e-01 4.900000e-03 2.694320e-01
217 7.249640e-01 4.820000e-03 2.702160e-01
218 7.242000e-01 4.812000e-03 2.709880e-01
219 7.235560e-01 4.540000e-03 2.719040e-01
220 7.228200e-01 4.480000e-03 2.727000e-01
221 7.221120e-01 4.480000e-03 2.734080e-01
222 7.213360e-01 4.504000e-03 2.741600e-01
223 7.205080e-01 4.536000e-03 2.749560e-01
224 7.197760e-01 4.588000e-03 2.756360e-01
225 7.190160e-01 4.528000e-03 2.764560e-01
226 7.182960e-01 4.448000e-03 2.772560e-01
227 7.175240e-01 4.464000e-03 2.780120e-01
228 7.168400e-01 4.452000e-03 2.787080e-01
229 7.162720e-01 4.196000e-03 2.795320e-01
230 7.156000e-01 4.128000e-03 2.802720e-01
231 7.150400e-01 3.900000e-03 2.810600e-01
232 7.144800e-01 3.676000e-03 2.818440e-01
233 7.139120e-01 3.548000e-03 2.825400e-01
234 7.134240e-01 3.476000e-03 2.831000e-01
235 7.127840e-01 3.552000e-03 2.836640e-01
236 7.122840e-01 3.428000e-03 2.842880e-01
237 7.117520e-01 3.292000e-03 2.849560e-01
238 7.111120e-01 3.288000e-03 2.856000e-01
239 7.105200e-01 3.328000e-03 2.861520e-01
240 7.099120e-01 3.268000e-03 2.868200e-01
241 7.093120e-01 3.296000e-03 2.873920e-01
242 7.087800e-01 3.248000e-03 2.879720e-01
243 7.082960e-01 3.140000e-03 2.885640e-01
244 7.077320e-01 3.088000e-03 2.891800e-01
245 7.071120e-01 3.196000e-03 2.896920e-01
246 7.065680e-01 3.264000e-03 2.901680e-01
247 7.059320e-01 3.408000e-03 2.906600e-01
248 7.053480e-01 3.372000e-03 2.912800e-01
249 7.046360e-01 3.472000e-03 2.918920e-01
250 7.039800e-01 3.504000e-03 2.925160e-01
251 7.034400e-01 3.448000e-03 2.931120e-01
252 7.028800e-01 3.392000e-03 2.937280e-01
253 7.022880e-01 3.348000e-03 2.943640e-01
254 7.017440e-01 3.316000e-03 2.949400e-01
255 7.011240e-01 3.388000e-03 2.954880e-01
256 7.004400e-01 3.496000e-03 2.960640e-01
257 6.998160e-01 3.424000e-03 2.967600e-01
258 6.992000e-01 3.440000e-03 2.973600e-01
259 6.985840e-01 3.416000e-03 2.980000e-01
260 6.980880e-01 3.336000e-03 2.985760e-01
261 6.975760e-01 3.288000e-03 2.991360e-01
262 6.970080e-01 3.324000e-03 2.996680e-01
263 6.964400e-01 3.328000e-03 3.002320e-01
264 6.958240e-01 3.368000e-03 3.008080e-01
265 6.952640e-01 3.380000e-03 3.013560e-01
266 6.945920e-01 3.456000e-03 3.019520e-01
267 6.940080e-01 3.440000e-03 3.025520e-01
268 6.934320e-01 3.488000e-03 3.030800e-01
269 6.928440e-01 3.508000e-03 3.036480e-01
270 6.923040e-01 3.436000e-03 3.042600e-01
271 6.917720e-01 3.332000e-03 3.048960e-01
272 6.911440e-01 3.328000e-03 3.055280e-01
273 6.905360e-01 3.384000e-03 3.060800e-01
274 6.899480e-01 3.436000e-03 3.066160e-01
275 6.892920e-01 3.492000e-03 3.072160e-01
276 6.886560e-01 3.496000e-03 3.078480e-01
277 6.880680e-01 3.472000e-03 3.084600e-01
278 6.874920e-01 3.456000e-03 3.090520e-01
279 6.868960e-01 3.464000e-03 3.096400e-01
280 6.862600e-01 3.516000e-03 3.102240e-01
281 6.856040e-01 3.592000e-03 3.108040e-01
282 6.849920e-01 3.608000e-03 3.114000e-01
283 6.843800e-01 3.576000e-03 3.120440e-01
284 6.837640e-01 3.612000e-03 3.126240e-01
285 6.832200e-01 3.576000e-03 3.132040e-01
286 6.826560e-01 3.544000e-03 3.138000e-01
287 6.822240e-01 3.280000e-03 3.144960e-01
288 6.816800e-01 3.208000e-03 3.151120e-01
289 6.811680e-01 3.144000e-03 3.156880e-01
290 6.806240e-01 3.084000e-03 3.162920e-01
291 6.801400e-01 3.048000e-03 3.168120e-01
292 6.797200e-01 2.916000e-03 3.173640e-01
293 6.792360e-01 2.848000e-03 3.179160e-01
294 6.787840e-01 2.788000e-03 3.184280e-01
295 6.782360e-01 2.824000e-03 3.189400e-01
296 6.777240e-01 2.808000e-03 3.194680e-01
297 6.772600e-01 2.812000e-03 3.199280e-01
298 6.767440e-01 2.832000e-03 3.204240e-01
299 6.763000e-01 2.816000e-03 3.208840e-01
300 6.757520e-01 2.920000e-03 3.213280e-01
301 6.751920e-01 2.868000e-03 3.219400e-01
302 6.746760e-01 2.924000e-03 3.224000e-01
303 6.741800e-01 2.948000e-03 3.228720e-01
304 6.736880e-01 2.924000e-03 3.233880e-01
305 6.731920e-01 2.904000e-03 3.239040e-01
306 6.727400e-01 2.928000e-03 3.243320e-01
307 6.721880e-01 3.012000e-03 3.248000e-01
308 6.717080e-01 2.920000e-03 3.253720e-01
309 6.712080e-01 2.968000e-03 3.258240e-01
310 6.707200e-01 2.956000e-03 3.263240e-01
311 6.702280e-01 2.864000e-03 3.269080e-01
312 6.697280e-01 2.872000e-03 3.274000e-01
313 6.692080e-01 2.932000e-03 3.278600e-01
314 6.687880e-01 2.808000e-03 3.284040e-01
315 6.682680e-01 2.824000e-03 3.289080e-01
316 6.678080e-01 2.832000e-03 3.293600e-01
317 6.673720e-01 2.844000e-03 3.297840e-01
318 6.669000e-01 2.836000e-03 3.302640e-01
319 6.664520e-01 2.740000e-03 3.308080e-01
320 6.659880e-01 2.736000e-03 3.312760e-01
321 6.655240e-01 2.716000e-03 3.317600e-01
322 6.651080e-01 2.676000e-03 3.322160e-01
323 6.646840e-01 2.552000e-03 3.327640e-01
324 6.642240e-01 2.504000e-03 3.332720e-01
325 6.637840e-01 2.532000e-03 3.336840e-01
326 6.633880e-01 2.508000e-03 3.341040e-01
327 6.629440e-01 2.496000e-03 3.345600e-01
328 6.625200e-01 2.548000e-03 3.349320e-01
329 6.621320e-01 2.512000e-03 3.353560e-01
330 6.616920e-01 2.516000e-03 3.357920e-01
331 6.613280e-01 2.516000e-03 3.361560e-01
332 6.609280e-01 2.488000e-03 3.365840e-01
333 6.605680e-01 2.388000e-03 3.370440e-01
334 6.602520e-01 2.216000e-03 3.375320e-01
335 6.599520e-01 2.196000e-03 3.378520e-01
336 6.596400e-01 2.080000e-03 3.382800e-01
337 6.593600e-01 2.036000e-03 3.386040e-01
338 6.590160e-01 2.068000e-03 3.389160e-01
339 6.586640e-01 2.024000e-03 3.393120e-01
340 6.583280e-01 2.056000e-03 3.396160e-01
341 6.579800e-01 2.068000e-03 3.399520e-01
342 6.576320e-01 2.116000e-03 3.402520e-01
343 6.573000e-01 2.064000e-03 3.406360e-01
344 6.570080e-01 2.012000e-03 3.409800e-01
345 6.566400e-01 2.096000e-03 3.412640e-01
346 6.562840e-01 2.136000e-03 3.415800e-01
347 6.559560e-01 2.044000e-03 3.420000e-01
348 6.555960e-01 2.040000e-03 3.423640e-01
349 6.552520e-01 1.996000e-03 3.427520e-01
350 6.550200e-01 1.840000e-03 3.431400e-01
351 6.547280e-01 1.880000e-03 3.433920e-01
352 6.544120e-01 1.912000e-03 3.436760e-01
353 6.540880e-01 1.884000e-03 3.440280e-01
354 6.538560e-01 1.744000e-03 3.444000e-01
355 6.535600e-01 1.736000e-03 3.447040e-01
356 6.533080e-01 1.708000e-03 3.449840e-01
357 6.530400e-01 1.704000e-03 3.452560e-01
358 6.528120e-01 1.628000e-03 3.455600e-01
359 6.525800e-01 1.596000e-03 3.458240e-01
360 6.523520e-01 1.504000e-03 3.461440e-01
361 6.520880e-01 1.532000e-03 3.463800e-01
362 6.518120e-01 1.532000e-03 3.466560e-01
363 6.515880e-01 1.432000e-03 3.469800e-01
364 6.513440e-01 1.432000e-03 3.472240e-01
365 6.511240e-01 1.380000e-03 3.474960e-01
366 6.509240e-01 1.280000e-03 3.477960e-01
367 6.507280e-01 1.236000e-03 3.480360e-01
368 6.505880e-01 1.232000e-03 3.481800e-01
369 6.504080e-01 1.148000e-03 3.484440e-01
370 6.502200e-01 1.124000e-03 3.486560e-01
371 6.500480e-01 1.084000e-03 3.488680e-01
372 6.498560e-01 1.048000e-03 3.490960e-01
373 6.496880e-01 1.028000e-03 3.492840e-01
374 6.494760e-01 1.084000e-03 3.494400e-01
375 6.492640e-01 1.096000e-03 3.496400e-01
376 6.490280e-01 1.172000e-03 3.498000e-01
377 6.488000e-01 1.240000e-03 3.499600e-01
378 6.485800e-01 1.272000e-03 3.501480e-01
379 6.483000e-01 1.348000e-03 3.503520e-01
380 6.480720e-01 1.320000e-03 3.506080e-01
381 6.478480e-01 1.324000e-03 3.508280e-01
382 6.476440e-01 1.256000e-03 3.511000e-01
383 6.474080e-01 1.284000e-03 3.513080e-01
384 6.472080e-01 1.252000e-03 3.515400e-01
385 6.470400e-01 1.200000e-03 3.517600e-01
386 6.468280e-01 1.200000e-03 3.519720e-01
387 6.466400e-01 1.180000e-03 3.521800e-01
388 6.464000e-01 1.200000e-03 3.524000e-01
389 6.461720e-01 1.172000e-03 3.526560e-01
390 6.459400e-01 1.212000e-03 3.528480e-01
391 6.456920e-01 1.252000e-03 3.530560e-01
392 6.454800e-01 1.272000e-03 3.532480e-01
393 6.452640e-01 1.228000e-03 3.535080e-01
394 6.450240e-01 1.256000e-03 3.537200e-01
395 6.448240e-01 1.276000e-03 3.539000e-01
396 6.445440e-01 1.332000e-03 3.541240e-01
397 6.443080e-01 1.324000e-03 3.543680e-01
398 6.440320e-01 1.356000e-03 3.546120e-01
399 6.437400e-01 1.368000e-03 3.548920e-01
400 6.434840e-01 1.412000e-03 3.551040e-01
401 6.432440e-01 1.396000e-03 3.553600e-01
402 6.430160e-01 1.412000e-03 3.555720e-01
403 6.428240e-01 1.340000e-03 3.558360e-01
404 6.426800e-01 1.252000e-03 3.560680e-01
405 6.424840e-01 1.172000e-03 3.563440e-01
406 6.422800e-01 1.176000e-03 3.565440e-01
407 6.420760e-01 1.116000e-03 3.568080e-01
408 6.419200e-01 1.108000e-03 3.569720e-01
409 6.417000e-01 1.100000e-03 3.572000e-01
410 6.415320e-01 1.088000e-03 3.573800e-01
411 6.413240e-01 1.124000e-03 3.575520e-01
412 6.411640e-01 1.060000e-03 3.577760e-01
413 6.409800e-01 1.072000e-03 3.579480e-01
414 6.407680e-01 1.100000e-03 3.581320e-01
415 6.405760e-01 1.072000e-03 3.583520e-01
416 6.404240e-01 1.072000e-03 3.585040e-01
417 6.402600e-01 1.040000e-03 3.587000e-01
418 6.401000e-01 9.960000e-04 3.589040e-01
419 6.399920e-01 9.200000e-04 3.590880e-01
420 6.398840e-01 8.840000e-04 3.592320e-01
421 6.397760e-01 8.360000e-04 3.593880e-01
422 6.395920e-01 8.520000e-04 3.595560e-01
423 6.394600e-01 8.200000e-04 3.597200e-01
424 6.393440e-01 7.680000e-04 3.598880e-01
425 6.392240e-01 7.680000e-04 3.600080e-01
426 6.390840e-01 7.840000e-04 3.601320e-01
427 6.389280e-01 8.040000e-04 3.602680e-01
428 6.387640e-01 8.280000e-04 3.604080e-01
429 6.385920e-01 8.280000e-04 3.605800e-01
430 6.384720e-01 8.080000e-04 3.607200e-01
431 6.383320e-01 8.280000e-04 3.608400e-01
432 6.381280e-01 8.520000e-04 3.610200e-01
433 6.379480e-01 8.800000e-04 3.611720e-01
434 6.377840e-01 8.560000e-04 3.613600e-01
435 6.376160e-01 8.760000e-04 3.615080e-01
436 6.374200e-01 9.080000e-04 3.616720e-01
437 6.373200e-01 8.600000e-04 3.618200e-01
438 6.371560e-01 8.360000e-04 3.620080e-01
439 6.369680e-01 8.800000e-04 3.621520e-01
440 6.367880e-01 9.000000e-04 3.623120e-01
441 6.366360e-01 9.000000e-04 3.624640e-01
442 6.365000e-01 8.640000e-04 3.626360e-01
443 6.363120e-01 9.040000e-04 3.627840e-01
444 6.360480e-01 1.016000e-03 3.629360e-01
445 6.358400e-01 1.048000e-03 3.631120e-01
446 6.356480e-01 1.044000e-03 3.633080e-01
447 6.354480e-01 1.060000e-03 3.634920e-01
448 6.353000e-01 9.720000e-04 3.637280e-01
449 6.350640e-01 1.020000e-03 3.639160e-01
450 6.348680e-01 1.036000e-03 3.640960e-01
451 6.346840e-01 9.920000e-04 3.643240e-01
452 6.345040e-01 9.920000e-04 3.645040e-01
453 6.343160e-01 9.840000e-04 3.647000e-01
454 6.341680e-01 9.440000e-04 3.648880e-01
455 6.340560e-01 8.920000e-04 3.650520e-01
456 6.339400e-01 8.400000e-04 3.652200e-01
457 6.337680e-01 8.720000e-04 3.653600e-01
458 6.335880e-01 8.960000e-04 3.655160e-01
459 6.334480e-01 8.880000e-04 3.656640e-01
460 6.333200e-01 7.960000e-04 3.658840e-01
461 6.331960e-01 7.720000e-04 3.660320e-01
462 6.330360e-01 8.280000e-04 3.661360e-01
463 6.328880e-01 8.720000e-04 3.662400e-01
464 6.327560e-01 8.840000e-04 3.663600e-01
465 6.325800e-01 9.360000e-04 3.664840e-01
466 6.324400e-01 9.400000e-04 3.666200e-01
467 6.322800e-01 9.480000e-04 3.667720e-01
468 6.321160e-01 9.800000e-04 3.669040e-01
469 6.319840e-01 9.240000e-04 3.670920e-01
470 6.318880e-01 8.480000e-04 3.672640e-01
471 6.318160e-01 7.720000e-04 3.674120e-01
472 6.317600e-01 6.840000e-04 3.675560e-01
473 6.316840e-01 6.200000e-04 3.676960e-01
474 6.316240e-01 5.800000e-04 3.677960e-01
475 6.315600e-01 5.160000e-04 3.679240e-01
476 6.315320e-01 4.560000e-04 3.680120e-01
477 6.314960e-01 4.400000e-04 3.680640e-01
478 6.314680e-01 3.920000e-04 3.681400e-01
479 6.314360e-01 3.840000e-04 3.681800e-01
480 6.313800e-01 3.960000e-04 3.682240e-01
481 6.313520e-01 3.560000e-04 3.682920e-01
482 6.313240e-01 3.440000e-04 3.683320e-01
483 6.312880e-01 3.240000e-04 3.683880e-01
484 6.312440e-01 3.040000e-04 3.684520e-01
485 6.311800e-01 3.080000e-04 3.685120e-01
486 6.311120e-01 3.040000e-04 3.685840e-01
487 6.310680e-01 3.080000e-04 3.686240e-01
488 6.310280e-01 2.960000e-04 3.686760e-01
489 6.309680e-01 3.080000e-04 3.687240e-01
490 6.309400e-01 2.880000e-04 3.687720e-01
491 6.308800e-01 3.120000e-04 3.688080e-01
492 6.308120e-01 3.200000e-04 3.688680e-01
493 6.307520e-01 3.280000e-04 3.689200e-01
494 6.306880e-01 3.360000e-04 3.689760e-01
495 6.306360e-01 3.440000e-04 3.690200e-01
496 6.305480e-01 3.880000e-04 3.690640e-01
497 6.304520e-01 4.440000e-04 3.691040e-01
498 6.303320e-01 5.080000e-04 3.691600e-01
499 6.301920e-01 5.640000e-04 3.692440e-01
500 6.300440e-01 6.080000e-04 3.693480e-01
