1 9.991640e-01 7.120000e-04 1.240000e-04
2 9.986600e-01 1.060000e-03 2.800000e-04
3 9.980880e-01 1.428000e-03 4.840000e-04
4 9.973600e-01 1.828000e-03 8.120000e-04
5 9.965600e-01 2.288000e-03 1.152000e-03
6 9.957520e-01 2.668000e-03 1.580000e-03
7 9.949400e-01 2.976000e-03 2.084000e-03
8 9.939720e-01 3.420000e-03 2.608000e-03
9 9.929920e-01 3.688000e-03 3.320000e-03
10 9.920680e-01 3.972000e-03 3.960000e-03
11 9.911040e-01 4.256000e-03 4.640000e-03
12 9.902240e-01 4.412000e-03 5.364000e-03
13 9.891920e-01 4.704000e-03 6.104000e-03
14 9.880720e-01 5.040000e-03 6.888000e-03
15 9.869120e-01 5.404000e-03 7.684000e-03
16 9.857440e-01 5.612000e-03 8.644000e-03
17 9.845760e-01 5.828000e-03 9.596000e-03
18 9.833840e-01 5.968000e-03 1.064800e-02
19 9.822160e-01 6.064000e-03 1.172000e-02
20 9.810040e-01 6.172000e-03 1.282400e-02
21 9.796320e-01 6.588000e-03 1.378000e-02
22 9.785240e-01 6.520000e-03 1.495600e-02
23 9.771320e-01 6.760000e-03 1.610800e-02
24 9.757880e-01 6.900000e-03 1.731200e-02
25 9.742680e-01 7.280000e-03 1.845200e-02
26 9.729280e-01 7.396000e-03 1.967600e-02
27 9.714400e-01 7.612000e-03 2.094800e-02
28 9.699880e-01 7.648000e-03 2.236400e-02
29 9.685640e-01 7.724000e-03 2.371200e-02
30 9.671440e-01 7.712000e-03 2.514400e-02
31 9.658560e-01 7.592000e-03 2.655200e-02
32 9.645600e-01 7.680000e-03 2.776000e-02
33 9.631040e-01 7.708000e-03 2.918800e-02
34 9.617280e-01 7.736000e-03 3.053600e-02
35 9.603080e-01 7.728000e-03 3.196400e-02
36 9.589360e-01 7.576000e-03 3.348800e-02
37 9.575040e-01 7.684000e-03 3.481200e-02
38 9.560440e-01 7.920000e-03 3.603600e-02
39 9.545640e-01 8.028000e-03 3.740800e-02
40 9.531520e-01 8.088000e-03 3.876000e-02
41 9.517440e-01 8.160000e-03 4.009600e-02
42 9.500960e-01 8.336000e-03 4.156800e-02
43 9.486880e-01 8.288000e-03 4.302400e-02
44 9.472360e-01 8.496000e-03 4.426800e-02
45 9.457480e-01 8.440000e-03 4.581200e-02
46 9.442240e-01 8.424000e-03 4.735200e-02
47 9.426800e-01 8.616000e-03 4.870400e-02
48 9.411240e-01 8.560000e-03 5.031600e-02
49 9.396040e-01 8.496000e-03 5.190000e-02
50 9.380640e-01 8.628000e-03 5.330800e-02
51 9.365080e-01 8.656000e-03 5.483600e-02
52 9.349320e-01 8.616000e-03 5.645200e-02
53 9.332880e-01 8.852000e-03 5.786000e-02
54 9.318960e-01 8.784000e-03 5.932000e-02
55 9.303920e-01 8.740000e-03 6.086800e-02
56 9.287600e-01 8.868000e-03 6.237200e-02
57 9.271200e-01 8.968000e-03 6.391200e-02
58 9.256760e-01 8.952000e-03 6.537200e-02
59 9.241520e-01 8.888000e-03 6.696000e-02
60 9.225280e-01 9.060000e-03 6.841200e-02
61 9.210240e-01 9.032000e-03 6.994400e-02
62 9.194080e-01 9.160000e-03 7.143200e-02
63 9.176840e-01 9.276000e-03 7.304000e-02
64 9.161440e-01 9.108000e-03 7.474800e-02
65 9.145080e-01 9.168000e-03 7.632400e-02
66 9.129680e-01 9.132000e-03 7.790000e-02
67 9.113680e-01 9.156000e-03 7.947600e-02
68 9.098560e-01 9.032000e-03 8.111200e-02
69 9.081560e-01 9.208000e-03 8.263600e-02
70 9.066200e-01 9.144000e-03 8.423600e-02
71 9.050920e-01 9.136000e-03 8.577200e-02
72 9.035280e-01 9.016000e-03 8.745600e-02
73 9.018360e-01 9.204000e-03 8.896000e-02
74 9.001480e-01 9.140000e-03 9.071200e-02
75 8.986440e-01 9.080000e-03 9.227600e-02
76 8.970880e-01 9.144000e-03 9.376800e-02
77 8.954840e-01 9.144000e-03 9.537200e-02
78 8.939600e-01 9.044000e-03 9.699600e-02
79 8.923280e-01 9.140000e-03 9.853200e-02
80 8.906120e-01 9.048000e-03 1.003400e-01
81 8.890400e-01 9.144000e-03 1.018160e-01
82 8.874800e-01 9.180000e-03 1.033400e-01
83 8.859400e-01 9.124000e-03 1.049360e-01
84 8.843440e-01 9.180000e-03 1.064760e-01
85 8.825800e-01 9.448000e-03 1.079720e-01
86 8.810360e-01 9.468000e-03 1.094960e-01
87 8.794080e-01 9.324000e-03 1.112680e-01
88 8.776160e-01 9.564000e-03 1.128200e-01
89 8.759320e-01 9.664000e-03 1.144040e-01
90 8.741560e-01 9.760000e-03 1.160840e-01
91 8.724880e-01 9.560000e-03 1.179520e-01
92 8.709080e-01 9.524000e-03 1.195680e-01
93 8.692200e-01 9.460000e-03 1.213200e-01
94 8.676320e-01 9.388000e-03 1.229800e-01
95 8.659720e-01 9.496000e-03 1.245320e-01
96 8.641040e-01 9.616000e-03 1.262800e-01
97 8.624680e-01 9.476000e-03 1.280560e-01
98 8.610280e-01 9.188000e-03 1.297840e-01
99 8.594160e-01 9.144000e-03 1.314400e-01
100 8.577080e-01 9.264000e-03 1.330280e-01
101 8.561400e-01 9.136000e-03 1.347240e-01
102 8.545440e-01 9.172000e-03 1.362840e-01
103 8.527400e-01 9.264000e-03 1.379960e-01
104 8.510760e-01 9.412000e-03 1.395120e-01
105 8.494480e-01 9.324000e-03 1.412280e-01
106 8.478400e-01 9.232000e-03 1.429280e-01
107 8.463360e-01 9.104000e-03 1.445600e-01
108 8.447520e-01 9.092000e-03 1.461560e-01
109 8.432040e-01 9.036000e-03 1.477600e-01
110 8.416120e-01 9.068000e-03 1.493200e-01
111 8.401800e-01 8.896000e-03 1.509240e-01
112 8.385040e-01 9.008000e-03 1.524880e-01
113 8.370520e-01 8.832000e-03 1.541160e-01
114 8.356600e-01 8.600000e-03 1.557400e-01
115 8.343760e-01 8.420000e-03 1.572040e-01
116 8.330000e-01 8.332000e-03 1.586680e-01
117 8.315200e-01 8.396000e-03 1.600840e-01
118 8.301480e-01 8.332000e-03 1.615200e-01
119 8.285520e-01 8.632000e-03 1.628160e-01
120 8.270920e-01 8.660000e-03 1.642480e-01
121 8.254080e-01 8.960000e-03 1.656320e-01
122 8.239800e-01 8.796000e-03 1.672240e-01
123 8.224720e-01 8.748000e-03 1.687800e-01
124 8.211000e-01 8.512000e-03 1.703880e-01
125 8.196200e-01 8.564000e-03 1.718160e-01
126 8.180760e-01 8.688000e-03 1.732360e-01
127 8.165520e-01 8.792000e-03 1.746560e-01
128 8.151080e-01 8.732000e-03 1.761600e-01
129 8.136920e-01 8.556000e-03 1.777520e-01
130 8.123600e-01 8.300000e-03 1.793400e-01
131 8.110320e-01 8.212000e-03 1.807560e-01
132 8.095400e-01 8.256000e-03 1.822040e-01
133 8.080880e-01 8.320000e-03 1.835920e-01
134 8.066720e-01 8.296000e-03 1.850320e-01
135 8.050960e-01 8.340000e-03 1.865640e-01
136 8.036920e-01 8.360000e-03 1.879480e-01
137 8.021280e-01 8.488000e-03 1.893840e-01
138 8.004520e-01 8.640000e-03 1.909080e-01
139 7.989680e-01 8.596000e-03 1.924360e-01
140 7.974640e-01 8.476000e-03 1.940600e-01
141 7.959440e-01 8.552000e-03 1.955040e-01
142 7.944520e-01 8.528000e-03 1.970200e-01
143 7.929680e-01 8.524000e-03 1.985080e-01
144 7.914560e-01 8.520000e-03 2.000240e-01
145 7.900280e-01 8.380000e-03 2.015920e-01
146 7.885680e-01 8.424000e-03 2.030080e-01
147 7.872120e-01 8.356000e-03 2.044320e-01
148 7.858400e-01 8.232000e-03 2.059280e-01
149 7.845240e-01 8.132000e-03 2.073440e-01
150 7.831160e-01 8.084000e-03 2.088000e-01
151 7.817080e-01 8.016000e-03 2.102760e-01
152 7.801000e-01 8.220000e-03 2.116800e-01
153 7.787680e-01 8.136000e-03 2.130960e-01
154 7.772960e-01 8.192000e-03 2.145120e-01
155 7.758480e-01 8.224000e-03 2.159280e-01
156 7.743600e-01 8.216000e-03 2.174240e-01
157 7.728520e-01 8.312000e-03 2.188360e-01
158 7.715320e-01 8.228000e-03 2.202400e-01
159 7.701360e-01 8.164000e-03 2.217000e-01
160 7.687920e-01 8.088000e-03 2.231200e-01
161 7.673560e-01 8.096000e-03 2.245480e-01
162 7.658760e-01 8.148000e-03 2.259760e-01
163 7.646120e-01 7.984000e-03 2.274040e-01
164 7.632480e-01 7.956000e-03 2.287960e-01
165 7.617800e-01 7.976000e-03 2.302440e-01
166 7.603400e-01 7.964000e-03 2.316960e-01
167 7.589520e-01 7.988000e-03 2.330600e-01
168 7.575160e-01 8.020000e-03 2.344640e-01
169 7.562640e-01 7.784000e-03 2.359520e-01
170 7.548280e-01 7.836000e-03 2.373360e-01
171 7.534960e-01 7.788000e-03 2.387160e-01
172 7.522280e-01 7.576000e-03 2.401960e-01
173 7.511600e-01 7.424000e-03 2.414160e-01
174 7.500120e-01 7.288000e-03 2.427000e-01
175 7.488680e-01 7.064000e-03 2.440680e-01
176 7.476800e-01 7.108000e-03 2.452120e-01
177 7.466040e-01 6.876000e-03 2.465200e-01
178 7.455280e-01 6.736000e-03 2.477360e-01
179 7.445520e-01 6.432000e-03 2.490160e-01
180 7.434200e-01 6.496000e-03 2.500840e-01
181 7.422400e-01 6.444000e-03 2.513160e-01
182 7.411360e-01 6.480000e-03 2.523840e-01
183 7.401360e-01 6.352000e-03 2.535120e-01
184 7.389240e-01 6.468000e-03 2.546080e-01
185 7.377800e-01 6.484000e-03 2.557360e-01
186 7.367040e-01 6.456000e-03 2.568400e-01
187 7.356240e-01 6.352000e-03 2.580240e-01
188 7.345120e-01 6.336000e-03 2.591520e-01
189 7.332760e-01 6.436000e-03 2.602880e-01
190 7.322440e-01 6.296000e-03 2.614600e-01
191 7.312400e-01 6.128000e-03 2.626320e-01
192 7.301880e-01 5.932000e-03 2.638800e-01
193 7.291400e-01 5.964000e-03 2.648960e-01
194 7.281800e-01 5.924000e-03 2.658960e-01
195 7.272480e-01 5.764000e-03 2.669880e-01
196 7.263800e-01 5.656000e-03 2.679640e-01
197 7.254920e-01 5.576000e-03 2.689320e-01
198 7.246720e-01 5.364000e-03 2.699640e-01
199 7.236760e-01 5.476000e-03 2.708480e-01
200 7.227680e-01 5.368000e-03 2.718640e-01
201 7.219720e-01 5.260000e-03 2.727680e-01
202 7.210920e-01 5.252000e-03 2.736560e-01
203 7.203800e-01 5.020000e-03 2.746000e-01
204 7.196160e-01 4.932000e-03 2.754520e-01
205 7.187840e-01 4.892000e-03 2.763240e-01
206 7.180320e-01 4.844000e-03 2.771240e-01
207 7.173360e-01 4.664000e-03 2.780000e-01
208 7.165680e-01 4.688000e-03 2.787440e-01
209 7.158320e-01 4.648000e-03 2.795200e-01
210 7.151840e-01 4.648000e-03 2.801680e-01
211 7.144120e-01 4.584000e-03 2.810040e-01
212 7.136040e-01 4.560000e-03 2.818360e-01
213 7.128720e-01 4.504000e-03 2.826240e-01
214 7.120360e-01 4.596000e-03 2.833680e-01
215 7.112040e-01 4.604000e-03 2.841920e-01
216 7.103680e-01 4.744000e-03 2.848880e-01
217 7.096000e-01 4.756000e-03 2.856440e-01
218 7.087800e-01 4.680000e-03 2.865400e-01
219 7.079680e-01 4.672000e-03 2.873600e-01
220 7.071760e-01 4.668000e-03 2.881560e-01
221 7.064280e-01 4.652000e-03 2.889200e-01
222 7.056960e-01 4.636000e-03 2.896680e-01
223 7.049600e-01 4.556000e-03 2.904840e-01
224 7.040480e-01 4.644000e-03 2.913080e-01
225 7.033280e-01 4.436000e-03 2.922360e-01
226 7.026080e-01 4.312000e-03 2.930800e-01
227 7.020200e-01 4.212000e-03 2.937680e-01
228 7.013520e-01 4.176000e-03 2.944720e-01
229 7.006320e-01 4.264000e-03 2.951040e-01
230 6.999120e-01 4.332000e-03 2.957560e-01
231 6.992920e-01 4.172000e-03 2.965360e-01
232 6.986360e-01 4.088000e-03 2.972760e-01
233 6.981120e-01 4.016000e-03 2.978720e-01
234 6.974320e-01 4.040000e-03 2.985280e-01
235 6.967240e-01 4.008000e-03 2.992680e-01
236 6.960360e-01 3.932000e-03 3.000320e-01
237 6.953880e-01 3.952000e-03 3.006600e-01
238 6.948040e-01 3.860000e-03 3.013360e-01
239 6.941880e-01 3.800000e-03 3.020120e-01
240 6.935520e-01 3.772000e-03 3.026760e-01
241 6.927760e-01 3.948000e-03 3.032760e-01
242 6.920200e-01 4.080000e-03 3.039000e-01
243 6.914040e-01 3.992000e-03 3.046040e-01
244 6.907400e-01 3.896000e-03 3.053640e-01
245 6.900480e-01 3.924000e-03 3.060280e-01
246 6.893800e-01 3.916000e-03 3.067040e-01
247 6.887880e-01 3.832000e-03 3.073800e-01
248 6.881360e-01 3.792000e-03 3.080720e-01
249 6.875280e-01 3.784000e-03 3.086880e-01
250 6.869040e-01 3.720000e-03 3.093760e-01
251 6.862720e-01 3.696000e-03 3.100320e-01
252 6.856000e-01 3.740000e-03 3.106600e-01
253 6.848600e-01 3.840000e-03 3.113000e-01
254 6.841360e-01 3.852000e-03 3.120120e-01
255 6.834360e-01 3.940000e-03 3.126240e-01
256 6.827360e-01 3.912000e-03 3.133520e-01
257 6.821640e-01 3.752000e-03 3.140840e-01
258 6.815080e-01 3.792000e-03 3.147000e-01
259 6.809360e-01 3.708000e-03 3.153560e-01
260 6.803080e-01 3.644000e-03 3.160480e-01
261 6.797040e-01 3.672000e-03 3.166240e-01
262 6.791880e-01 3.504000e-03 3.173080e-01
263 6.785680e-01 3.520000e-03 3.179120e-01
264 6.780880e-01 3.368000e-03 3.185440e-01
265 6.776160e-01 3.228000e-03 3.191560e-01
266 6.771040e-01 3.120000e-03 3.197760e-01
267 6.765120e-01 3.236000e-03 3.202520e-01
268 6.760840e-01 3.000000e-03 3.209160e-01
269 6.755480e-01 3.020000e-03 3.214320e-01
270 6.750680e-01 2.964000e-03 3.219680e-01
271 6.745640e-01 3.012000e-03 3.224240e-01
272 6.740640e-01 2.960000e-03 3.229760e-01
273 6.735600e-01 2.960000e-03 3.234800e-01
274 6.730840e-01 3.012000e-03 3.239040e-01
275 6.725240e-01 3.000000e-03 3.244760e-01
276 6.719320e-01 3.080000e-03 3.249880e-01
277 6.714000e-01 3.056000e-03 3.255440e-01
278 6.707800e-01 3.220000e-03 3.260000e-01
279 6.702520e-01 3.188000e-03 3.265600e-01
280 6.697480e-01 3.188000e-03 3.270640e-01
281 6.692920e-01 3.112000e-03 3.275960e-01
282 6.687680e-01 3.088000e-03 3.281440e-01
283 6.682480e-01 3.076000e-03 3.286760e-01
284 6.677280e-01 2.944000e-03 3.293280e-01
285 6.672080e-01 2.928000e-03 3.298640e-01
286 6.667240e-01 2.916000e-03 3.303600e-01
287 6.662480e-01 2.848000e-03 3.309040e-01
288 6.657520e-01 2.892000e-03 3.313560e-01
289 6.652760e-01 2.812000e-03 3.319120e-01
290 6.648360e-01 2.800000e-03 3.323640e-01
291 6.644320e-01 2.696000e-03 3.328720e-01
292 6.639480e-01 2.784000e-03 3.332680e-01
293 6.634800e-01 2.772000e-03 3.337480e-01
294 6.629800e-01 2.768000e-03 3.342520e-01
295 6.626120e-01 2.680000e-03 3.347080e-01
296 6.622680e-01 2.600000e-03 3.351320e-01
297 6.618680e-01 2.596000e-03 3.355360e-01
298 6.614240e-01 2.524000e-03 3.360520e-01
299 6.610800e-01 2.492000e-03 3.364280e-01
300 6.606680e-01 2.516000e-03 3.368160e-01
301 6.603080e-01 2.440000e-03 3.372520e-01
302 6.599320e-01 2.452000e-03 3.376160e-01
303 6.596320e-01 2.320000e-03 3.380480e-01
304 6.593080e-01 2.220000e-03 3.384720e-01
305 6.589640e-01 2.152000e-03 3.388840e-01
306 6.586120e-01 2.088000e-03 3.393000e-01
307 6.582400e-01 2.116000e-03 3.396440e-01
308 6.578800e-01 2.108000e-03 3.400120e-01
309 6.575360e-01 2.100000e-03 3.403640e-01
310 6.572040e-01 2.028000e-03 3.407680e-01
311 6.569000e-01 2.036000e-03 3.410640e-01
312 6.566080e-01 1.908000e-03 3.414840e-01
313 6.562560e-01 1.912000e-03 3.418320e-01
314 6.559360e-01 1.884000e-03 3.421800e-01
315 6.554880e-01 1.992000e-03 3.425200e-01
316 6.551200e-01 1.964000e-03 3.429160e-01
317 6.547760e-01 1.964000e-03 3.432600e-01
318 6.544400e-01 2.020000e-03 3.435400e-01
319 6.541480e-01 1.972000e-03 3.438800e-01
320 6.537640e-01 2.008000e-03 3.442280e-01
321 6.534800e-01 1.900000e-03 3.446200e-01
322 6.531280e-01 1.940000e-03 3.449320e-01
323 6.528120e-01 1.856000e-03 3.453320e-01
324 6.524440e-01 1.872000e-03 3.456840e-01
325 6.521320e-01 1.832000e-03 3.460360e-01
326 6.518240e-01 1.836000e-03 3.463400e-01
327 6.515560e-01 1.800000e-03 3.466440e-01
328 6.512560e-01 1.812000e-03 3.469320e-01
329 6.508720e-01 1.908000e-03 3.472200e-01
330 6.505400e-01 1.924000e-03 3.475360e-01
331 6.501400e-01 1.964000e-03 3.478960e-01
332 6.496920e-01 2.044000e-03 3.482640e-01
333 6.493840e-01 1.964000e-03 3.486520e-01
334 6.490120e-01 1.984000e-03 3.490040e-01
335 6.487280e-01 1.892000e-03 3.493800e-01
336 6.483640e-01 1.936000e-03 3.497000e-01
337 6.479920e-01 1.988000e-03 3.500200e-01
338 6.475800e-01 2.020000e-03 3.504000e-01
339 6.471840e-01 2.104000e-03 3.507120e-01
340 6.468480e-01 2.068000e-03 3.510840e-01
341 6.465440e-01 2.028000e-03 3.514280e-01
342 6.462160e-01 1.960000e-03 3.518240e-01
343 6.458640e-01 2.008000e-03 3.521280e-01
344 6.455280e-01 1.956000e-03 3.525160e-01
345 6.451720e-01 1.952000e-03 3.528760e-01
346 6.449040e-01 1.844000e-03 3.532520e-01
347 6.445840e-01 1.848000e-03 3.535680e-01
348 6.443120e-01 1.868000e-03 3.538200e-01
349 6.438720e-01 2.000000e-03 3.541280e-01
350 6.434960e-01 2.040000e-03 3.544640e-01
351 6.430960e-01 2.032000e-03 3.548720e-01
352 6.428000e-01 1.960000e-03 3.552400e-01
353 6.424680e-01 1.912000e-03 3.556200e-01
354 6.421280e-01 1.912000e-03 3.559600e-01
355 6.417320e-01 1.932000e-03 3.563360e-01
356 6.413760e-01 1.872000e-03 3.567520e-01
357 6.410400e-01 1.860000e-03 3.571000e-01
358 6.407160e-01 1.872000e-03 3.574120e-01
359 6.403200e-01 1.952000e-03 3.577280e-01
360 6.399200e-01 1.996000e-03 3.580840e-01
361 6.396240e-01 1.944000e-03 3.584320e-01
362 6.392920e-01 1.968000e-03 3.587400e-01
363 6.389560e-01 1.900000e-03 3.591440e-01
364 6.386800e-01 1.848000e-03 3.594720e-01
365 6.383520e-01 1.812000e-03 3.598360e-01
366 6.380560e-01 1.780000e-03 3.601640e-01
367 6.377560e-01 1.788000e-03 3.604560e-01
368 6.374520e-01 1.824000e-03 3.607240e-01
369 6.371320e-01 1.832000e-03 3.610360e-01
370 6.367560e-01 1.848000e-03 3.613960e-01
371 6.364360e-01 1.856000e-03 3.617080e-01
372 6.360920e-01 1.872000e-03 3.620360e-01
373 6.357160e-01 1.940000e-03 3.623440e-01
374 6.353440e-01 1.944000e-03 3.627120e-01
375 6.349080e-01 2.044000e-03 3.630480e-01
376 6.345040e-01 2.092000e-03 3.634040e-01
377 6.341400e-01 2.176000e-03 3.636840e-01
378 6.337120e-01 2.172000e-03 3.641160e-01
379 6.333440e-01 2.144000e-03 3.645120e-01
380 6.329320e-01 2.132000e-03 3.649360e-01
381 6.325760e-01 2.120000e-03 3.653040e-01
382 6.322120e-01 2.120000e-03 3.656680e-01
383 6.318120e-01 2.152000e-03 3.660360e-01
384 6.314960e-01 2.040000e-03 3.664640e-01
385 6.310600e-01 2.140000e-03 3.668000e-01
386 6.307080e-01 2.096000e-03 3.671960e-01
387 6.304320e-01 2.000000e-03 3.675680e-01
388 6.300840e-01 1.992000e-03 3.679240e-01
389 6.297400e-01 1.992000e-03 3.682680e-01
390 6.294320e-01 2.000000e-03 3.685680e-01
391 6.290240e-01 2.092000e-03 3.688840e-01
392 6.285960e-01 2.104000e-03 3.693000e-01
393 6.281640e-01 2.136000e-03 3.697000e-01
394 6.278640e-01 2.076000e-03 3.700600e-01
395 6.274600e-01 2.136000e-03 3.704040e-01
396 6.271000e-01 2.156000e-03 3.707440e-01
397 6.267400e-01 2.132000e-03 3.711280e-01
398 6.264160e-01 2.108000e-03 3.714760e-01
399 6.260560e-01 2.072000e-03 3.718720e-01
400 6.257640e-01 1.912000e-03 3.723240e-01
401 6.255320e-01 1.800000e-03 3.726680e-01
402 6.253200e-01 1.688000e-03 3.729920e-01
403 6.250480e-01 1.660000e-03 3.732920e-01
404 6.247840e-01 1.620000e-03 3.735960e-01
405 6.245200e-01 1.596000e-03 3.738840e-01
406 6.242720e-01 1.588000e-03 3.741400e-01
407 6.240320e-01 1.568000e-03 3.744000e-01
408 6.236760e-01 1.624000e-03 3.747000e-01
409 6.234480e-01 1.588000e-03 3.749640e-01
410 6.232200e-01 1.520000e-03 3.752600e-01
411 6.229120e-01 1.624000e-03 3.754640e-01
412 6.226680e-01 1.612000e-03 3.757200e-01
413 6.223640e-01 1.580000e-03 3.760560e-01
414 6.221440e-01 1.556000e-03 3.763000e-01
415 6.218680e-01 1.568000e-03 3.765640e-01
416 6.215680e-01 1.528000e-03 3.769040e-01
417 6.212920e-01 1.532000e-03 3.771760e-01
418 6.210600e-01 1.448000e-03 3.774920e-01
419 6.208120e-01 1.456000e-03 3.777320e-01
420 6.205680e-01 1.488000e-03 3.779440e-01
421 6.203640e-01 1.436000e-03 3.782000e-01
422 6.201760e-01 1.372000e-03 3.784520e-01
423 6.198720e-01 1.424000e-03 3.787040e-01
424 6.195400e-01 1.488000e-03 3.789720e-01
425 6.192640e-01 1.464000e-03 3.792720e-01
426 6.189360e-01 1.508000e-03 3.795560e-01
427 6.187240e-01 1.420000e-03 3.798560e-01
428 6.184640e-01 1.436000e-03 3.801000e-01
429 6.182600e-01 1.376000e-03 3.803640e-01
430 6.180160e-01 1.388000e-03 3.805960e-01
431 6.178160e-01 1.320000e-03 3.808640e-01
432 6.175440e-01 1.356000e-03 3.811000e-01
433 6.173160e-01 1.356000e-03 3.813280e-01
434 6.170880e-01 1.340000e-03 3.815720e-01
435 6.168360e-01 1.392000e-03 3.817720e-01
436 6.165880e-01 1.344000e-03 3.820680e-01
437 6.163600e-01 1.352000e-03 3.822880e-01
438 6.160800e-01 1.416000e-03 3.825040e-01
439 6.158560e-01 1.360000e-03 3.827840e-01
440 6.155120e-01 1.468000e-03 3.830200e-01
441 6.152600e-01 1.468000e-03 3.832720e-01
442 6.150040e-01 1.484000e-03 3.835120e-01
443 6.147840e-01 1.436000e-03 3.837800e-01
444 6.145280e-01 1.452000e-03 3.840200e-01
445 6.142640e-01 1.512000e-03 3.842240e-01
446 6.140200e-01 1.500000e-03 3.844800e-01
447 6.137760e-01 1.496000e-03 3.847280e-01
448 6.134840e-01 1.524000e-03 3.849920e-01
449 6.131600e-01 1.576000e-03 3.852640e-01
450 6.129600e-01 1.484000e-03 3.855560e-01
451 6.127600e-01 1.420000e-03 3.858200e-01
452 6.125200e-01 1.428000e-03 3.860520e-01
453 6.122360e-01 1.468000e-03 3.862960e-01
454 6.120440e-01 1.364000e-03 3.865920e-01
455 6.118400e-01 1.316000e-03 3.868440e-01
456 6.116440e-01 1.308000e-03 3.870480e-01
457 6.114280e-01 1.304000e-03 3.872680e-01
458 6.112040e-01 1.304000e-03 3.874920e-01
459 6.109360e-01 1.384000e-03 3.876800e-01
460 6.106960e-01 1.408000e-03 3.878960e-01
461 6.104760e-01 1.364000e-03 3.881600e-01
462 6.102880e-01 1.312000e-03 3.884000e-01
463 6.101440e-01 1.208000e-03 3.886480e-01
464 6.099600e-01 1.196000e-03 3.888440e-01
465 6.098040e-01 1.120000e-03 3.890760e-01
466 6.096840e-01 1.020000e-03 3.892960e-01
467 6.095560e-01 9.640000e-04 3.894800e-01
468 6.094240e-01 9.560000e-04 3.896200e-01
469 6.092640e-01 9.520000e-04 3.897840e-01
470 6.091000e-01 9.280000e-04 3.899720e-01
471 6.089480e-01 9.200000e-04 3.901320e-01
472 6.088160e-01 9.080000e-04 3.902760e-01
473 6.086640e-01 9.160000e-04 3.904200e-01
474 6.085200e-01 8.920000e-04 3.905880e-01
475 6.083920e-01 8.760000e-04 3.907320e-01
476 6.082520e-01 8.440000e-04 3.909040e-01
477 6.080840e-01 8.440000e-04 3.910720e-01
478 6.079240e-01 8.080000e-04 3.912680e-01
479 6.077440e-01 8.720000e-04 3.913840e-01
480 6.076480e-01 8.440000e-04 3.915080e-01
481 6.075040e-01 8.240000e-04 3.916720e-01
482 6.073560e-01 8.720000e-04 3.917720e-01
483 6.071640e-01 9.040000e-04 3.919320e-01
484 6.070080e-01 9.160000e-04 3.920760e-01
485 6.068560e-01 9.000000e-04 3.922440e-01
486 6.067040e-01 9.320000e-04 3.923640e-01
487 6.065720e-01 8.680000e-04 3.925600e-01
488 6.064320e-01 8.520000e-04 3.927160e-01
489 6.062680e-01 8.600000e-04 3.928720e-01
490 6.061880e-01 7.840000e-04 3.930280e-01
491 6.060720e-01 7.880000e-04 3.931400e-01
492 6.059400e-01 7.960000e-04 3.932640e-01
493 6.058520e-01 7.240000e-04 3.934240e-01
494 6.057600e-01 6.640000e-04 3.935760e-01
495 6.056960e-01 6.280000e-04 3.936760e-01
496 6.055920e-01 6.080000e-04 3.938000e-01
497 6.055200e-01 5.960000e-04 3.938840e-01
498 6.054800e-01 5.400000e-04 3.939800e-01
499 6.053880e-01 5.640000e-04 3.940480e-01
500 6.052880e-01 5.600000e-04 3.941520e-01
