1 9.991400e-01 7.760000e-04 8.400000e-05
2 9.985960e-01 1.168000e-03 2.360000e-04
3 9.978920e-01 1.644000e-03 4.640000e-04
4 9.971440e-01 2.032000e-03 8.240000e-04
5 9.962280e-01 2.568000e-03 1.204000e-03
6 9.952040e-01 3.056000e-03 1.740000e-03
7 9.942840e-01 3.428000e-03 2.288000e-03
8 9.932520e-01 3.776000e-03 2.972000e-03
9 9.921480e-01 4.284000e-03 3.568000e-03
10 9.909880e-01 4.688000e-03 4.324000e-03
11 9.897840e-01 5.104000e-03 5.112000e-03
12 9.886360e-01 5.396000e-03 5.968000e-03
13 9.873400e-01 5.700000e-03 6.960000e-03
14 9.860000e-01 6.064000e-03 7.936000e-03
15 9.846200e-01 6.476000e-03 8.904000e-03
16 9.833520e-01 6.604000e-03 1.004400e-02
17 9.819480e-01 6.792000e-03 1.126000e-02
18 9.805280e-01 7.012000e-03 1.246000e-02
19 9.790680e-01 7.156000e-03 1.377600e-02
20 9.777320e-01 7.252000e-03 1.501600e-02
21 9.762360e-01 7.440000e-03 1.632400e-02
22 9.746720e-01 7.684000e-03 1.764400e-02
23 9.731280e-01 7.888000e-03 1.898400e-02
24 9.718360e-01 7.772000e-03 2.039200e-02
25 9.704120e-01 7.752000e-03 2.183600e-02
26 9.688720e-01 8.016000e-03 2.311200e-02
27 9.673720e-01 8.200000e-03 2.442800e-02
28 9.658240e-01 8.260000e-03 2.591600e-02
29 9.643600e-01 8.116000e-03 2.752400e-02
30 9.629000e-01 8.064000e-03 2.903600e-02
31 9.613080e-01 8.136000e-03 3.055600e-02
32 9.595480e-01 8.560000e-03 3.189200e-02
33 9.579320e-01 8.816000e-03 3.325200e-02
34 9.561040e-01 9.140000e-03 3.475600e-02
35 9.544320e-01 9.244000e-03 3.632400e-02
36 9.528280e-01 9.296000e-03 3.787600e-02
37 9.512280e-01 9.312000e-03 3.946000e-02
38 9.496000e-01 9.320000e-03 4.108000e-02
39 9.478000e-01 9.480000e-03 4.272000e-02
40 9.460640e-01 9.524000e-03 4.441200e-02
41 9.444000e-01 9.388000e-03 4.621200e-02
42 9.427080e-01 9.388000e-03 4.790400e-02
43 9.411840e-01 9.384000e-03 4.943200e-02
44 9.395880e-01 9.376000e-03 5.103600e-02
45 9.378640e-01 9.544000e-03 5.259200e-02
46 9.362920e-01 9.564000e-03 5.414400e-02
47 9.348560e-01 9.416000e-03 5.572800e-02
48 9.332800e-01 9.416000e-03 5.730400e-02
49 9.317240e-01 9.364000e-03 5.891200e-02
50 9.301720e-01 9.104000e-03 6.072400e-02
51 9.286920e-01 8.944000e-03 6.236400e-02
52 9.272360e-01 8.956000e-03 6.380800e-02
53 9.257440e-01 8.936000e-03 6.532000e-02
54 9.241040e-01 8.960000e-03 6.693600e-02
55 9.225560e-01 8.972000e-03 6.847200e-02
56 9.210400e-01 8.932000e-03 7.002800e-02
57 9.195800e-01 8.760000e-03 7.166000e-02
58 9.181400e-01 8.712000e-03 7.314800e-02
59 9.165760e-01 8.764000e-03 7.466000e-02
60 9.152520e-01 8.572000e-03 7.617600e-02
61 9.138840e-01 8.408000e-03 7.770800e-02
62 9.124520e-01 8.388000e-03 7.916000e-02
63 9.110080e-01 8.420000e-03 8.057200e-02
64 9.096040e-01 8.272000e-03 8.212400e-02
65 9.080600e-01 8.292000e-03 8.364800e-02
66 9.064800e-01 8.552000e-03 8.496800e-02
67 9.048800e-01 8.636000e-03 8.648400e-02
68 9.032720e-01 8.620000e-03 8.810800e-02
69 9.017600e-01 8.628000e-03 8.961200e-02
70 9.002640e-01 8.600000e-03 9.113600e-02
71 8.987320e-01 8.620000e-03 9.264800e-02
72 8.972440e-01 8.596000e-03 9.416000e-02
73 8.957400e-01 8.620000e-03 9.564000e-02
74 8.940960e-01 8.660000e-03 9.724400e-02
75 8.927200e-01 8.524000e-03 9.875600e-02
76 8.912520e-01 8.488000e-03 1.002600e-01
77 8.897240e-01 8.492000e-03 1.017840e-01
78 8.881320e-01 8.676000e-03 1.031920e-01
79 8.865080e-01 8.676000e-03 1.048160e-01
80 8.850800e-01 8.660000e-03 1.062600e-01
81 8.835880e-01 8.608000e-03 1.078040e-01
82 8.821080e-01 8.700000e-03 1.091920e-01
83 8.805360e-01 8.672000e-03 1.107920e-01
84 8.789200e-01 8.704000e-03 1.123760e-01
85 8.773560e-01 8.836000e-03 1.138080e-01
86 8.758640e-01 8.816000e-03 1.153200e-01
87 8.742000e-01 8.908000e-03 1.168920e-01
88 8.726640e-01 8.888000e-03 1.184480e-01
89 8.709960e-01 8.932000e-03 1.200720e-01
90 8.694240e-01 8.872000e-03 1.217040e-01
91 8.677640e-01 9.016000e-03 1.232200e-01
92 8.661120e-01 9.192000e-03 1.246960e-01
93 8.646240e-01 9.056000e-03 1.263200e-01
94 8.630680e-01 9.040000e-03 1.278920e-01
95 8.616760e-01 8.848000e-03 1.294760e-01
96 8.603080e-01 8.704000e-03 1.309880e-01
97 8.589000e-01 8.636000e-03 1.324640e-01
98 8.574680e-01 8.568000e-03 1.339640e-01
99 8.561560e-01 8.388000e-03 1.354560e-01
100 8.546320e-01 8.328000e-03 1.370400e-01
101 8.532880e-01 8.224000e-03 1.384880e-01
102 8.518880e-01 8.180000e-03 1.399320e-01
103 8.503520e-01 8.312000e-03 1.413360e-01
104 8.488880e-01 8.196000e-03 1.429160e-01
105 8.476040e-01 8.112000e-03 1.442840e-01
106 8.461800e-01 8.084000e-03 1.457360e-01
107 8.448800e-01 7.896000e-03 1.472240e-01
108 8.434240e-01 8.064000e-03 1.485120e-01
109 8.420800e-01 7.896000e-03 1.500240e-01
110 8.408240e-01 7.884000e-03 1.512920e-01
111 8.396480e-01 7.740000e-03 1.526120e-01
112 8.382960e-01 7.692000e-03 1.540120e-01
113 8.368520e-01 7.696000e-03 1.554520e-01
114 8.355760e-01 7.680000e-03 1.567440e-01
115 8.342920e-01 7.648000e-03 1.580600e-01
116 8.329120e-01 7.684000e-03 1.594040e-01
117 8.313280e-01 7.944000e-03 1.607280e-01
118 8.301080e-01 7.736000e-03 1.621560e-01
119 8.288320e-01 7.656000e-03 1.635120e-01
120 8.275520e-01 7.572000e-03 1.648760e-01
121 8.263840e-01 7.448000e-03 1.661680e-01
122 8.252440e-01 7.264000e-03 1.674920e-01
123 8.239880e-01 7.280000e-03 1.687320e-01
124 8.228080e-01 7.148000e-03 1.700440e-01
125 8.216360e-01 7.072000e-03 1.712920e-01
126 8.204880e-01 6.940000e-03 1.725720e-01
127 8.193600e-01 6.804000e-03 1.738360e-01
128 8.182480e-01 6.652000e-03 1.751000e-01
129 8.171040e-01 6.644000e-03 1.762520e-01
130 8.160920e-01 6.596000e-03 1.773120e-01
131 8.152040e-01 6.388000e-03 1.784080e-01
132 8.141800e-01 6.296000e-03 1.795240e-01
133 8.132040e-01 6.152000e-03 1.806440e-01
134 8.121200e-01 6.248000e-03 1.816320e-01
135 8.110960e-01 6.172000e-03 1.827320e-01
136 8.100040e-01 6.176000e-03 1.838200e-01
137 8.089920e-01 6.076000e-03 1.849320e-01
138 8.080240e-01 6.072000e-03 1.859040e-01
139 8.070280e-01 5.972000e-03 1.870000e-01
140 8.061080e-01 5.848000e-03 1.880440e-01
141 8.052120e-01 5.688000e-03 1.891000e-01
142 8.042640e-01 5.704000e-03 1.900320e-01
143 8.032600e-01 5.772000e-03 1.909680e-01
144 8.022720e-01 5.732000e-03 1.919960e-01
145 8.013200e-01 5.732000e-03 1.929480e-01
146 8.003560e-01 5.652000e-03 1.939920e-01
147 7.992400e-01 5.748000e-03 1.950120e-01
148 7.981880e-01 5.784000e-03 1.960280e-01
149 7.971920e-01 5.728000e-03 1.970800e-01
150 7.961880e-01 5.636000e-03 1.981760e-01
151 7.951600e-01 5.756000e-03 1.990840e-01
152 7.941640e-01 5.844000e-03 1.999920e-01
153 7.932080e-01 5.812000e-03 2.009800e-01
154 7.921280e-01 6.036000e-03 2.018360e-01
155 7.911120e-01 6.060000e-03 2.028280e-01
156 7.901920e-01 5.876000e-03 2.039320e-01
157 7.892240e-01 5.780000e-03 2.049960e-01
158 7.882360e-01 5.756000e-03 2.060080e-01
159 7.872000e-01 5.840000e-03 2.069600e-01
160 7.863800e-01 5.628000e-03 2.079920e-01
161 7.855920e-01 5.452000e-03 2.089560e-01
162 7.847920e-01 5.328000e-03 2.098800e-01
163 7.839280e-01 5.288000e-03 2.107840e-01
164 7.832000e-01 5.140000e-03 2.116600e-01
165 7.823360e-01 5.124000e-03 2.125400e-01
166 7.815080e-01 5.084000e-03 2.134080e-01
167 7.806280e-01 5.052000e-03 2.143200e-01
168 7.798360e-01 4.992000e-03 2.151720e-01
169 7.789840e-01 4.912000e-03 2.161040e-01
170 7.780320e-01 4.972000e-03 2.169960e-01
171 7.772320e-01 4.928000e-03 2.178400e-01
172 7.764240e-01 4.720000e-03 2.188560e-01
173 7.756960e-01 4.680000e-03 2.196240e-01
174 7.749200e-01 4.552000e-03 2.205280e-01
175 7.741320e-01 4.472000e-03 2.213960e-01
176 7.734360e-01 4.404000e-03 2.221600e-01
177 7.727280e-01 4.368000e-03 2.229040e-01
178 7.720520e-01 4.232000e-03 2.237160e-01
179 7.714360e-01 4.188000e-03 2.243760e-01
180 7.707560e-01 4.148000e-03 2.250960e-01
181 7.700840e-01 4.160000e-03 2.257560e-01
182 7.693880e-01 4.064000e-03 2.265480e-01
183 7.687360e-01 4.048000e-03 2.272160e-01
184 7.680640e-01 4.004000e-03 2.279320e-01
185 7.673880e-01 4.020000e-03 2.285920e-01
186 7.667360e-01 3.968000e-03 2.292960e-01
187 7.661160e-01 3.892000e-03 2.299920e-01
188 7.655640e-01 3.724000e-03 2.307120e-01
189 7.649280e-01 3.756000e-03 2.313160e-01
190 7.642920e-01 3.704000e-03 2.320040e-01
191 7.635600e-01 3.744000e-03 2.326960e-01
192 7.628640e-01 3.856000e-03 2.332800e-01
193 7.620160e-01 4.052000e-03 2.339320e-01
194 7.613600e-01 4.000000e-03 2.346400e-01
195 7.607040e-01 4.012000e-03 2.352840e-01
196 7.599560e-01 4.092000e-03 2.359520e-01
197 7.591760e-01 4.192000e-03 2.366320e-01
198 7.585160e-01 4.108000e-03 2.373760e-01
199 7.578400e-01 4.120000e-03 2.380400e-01
200 7.570920e-01 4.152000e-03 2.387560e-01
201 7.563360e-01 4.056000e-03 2.396080e-01
202 7.555280e-01 4.032000e-03 2.404400e-01
203 7.547920e-01 4.068000e-03 2.411400e-01
204 7.541560e-01 3.960000e-03 2.418840e-01
205 7.535320e-01 3.920000e-03 2.425480e-01
206 7.529480e-01 3.884000e-03 2.431680e-01
207 7.522920e-01 3.844000e-03 2.438640e-01
208 7.517000e-01 3.752000e-03 2.445480e-01
209 7.511640e-01 3.640000e-03 2.451960e-01
210 7.505200e-01 3.648000e-03 2.458320e-01
211 7.497840e-01 3.748000e-03 2.464680e-01
212 7.492000e-01 3.748000e-03 2.470520e-01
213 7.484520e-01 3.796000e-03 2.477520e-01
214 7.478080e-01 3.816000e-03 2.483760e-01
215 7.471520e-01 3.896000e-03 2.489520e-01
216 7.464920e-01 3.884000e-03 2.496240e-01
217 7.458200e-01 3.896000e-03 2.502840e-01
218 7.452920e-01 3.756000e-03 2.509520e-01
219 7.446280e-01 3.748000e-03 2.516240e-01
220 7.440320e-01 3.744000e-03 2.522240e-01
221 7.434400e-01 3.680000e-03 2.528800e-01
222 7.427920e-01 3.776000e-03 2.534320e-01
223 7.421920e-01 3.648000e-03 2.541600e-01
224 7.415800e-01 3.684000e-03 2.547360e-01
225 7.409600e-01 3.704000e-03 2.553360e-01
226 7.403560e-01 3.736000e-03 2.559080e-01
227 7.397000e-01 3.784000e-03 2.565160e-01
228 7.390960e-01 3.700000e-03 2.572040e-01
229 7.386160e-01 3.584000e-03 2.578000e-01
230 7.380800e-01 3.596000e-03 2.583240e-01
231 7.375160e-01 3.528000e-03 2.589560e-01
232 7.369920e-01 3.452000e-03 2.595560e-01
233 7.364600e-01 3.428000e-03 2.601120e-01
234 7.359760e-01 3.304000e-03 2.607200e-01
235 7.355080e-01 3.220000e-03 2.612720e-01
236 7.350600e-01 3.140000e-03 2.618000e-01
237 7.345320e-01 3.068000e-03 2.624000e-01
238 7.339840e-01 3.044000e-03 2.629720e-01
239 7.333920e-01 3.196000e-03 2.634120e-01
240 7.329000e-01 3.120000e-03 2.639800e-01
241 7.324480e-01 3.016000e-03 2.645360e-01
242 7.318760e-01 3.060000e-03 2.650640e-01
243 7.313600e-01 3.076000e-03 2.655640e-01
244 7.308120e-01 3.120000e-03 2.660680e-01
245 7.303400e-01 2.908000e-03 2.667520e-01
246 7.297600e-01 2.916000e-03 2.673240e-01
247 7.292480e-01 2.932000e-03 2.678200e-01
248 7.287480e-01 2.936000e-03 2.683160e-01
249 7.282960e-01 2.932000e-03 2.687720e-01
250 7.279000e-01 2.776000e-03 2.693240e-01
251 7.274680e-01 2.720000e-03 2.698120e-01
252 7.271000e-01 2.592000e-03 2.703080e-01
253 7.266880e-01 2.576000e-03 2.707360e-01
254 7.263320e-01 2.504000e-03 2.711640e-01
255 7.259640e-01 2.452000e-03 2.715840e-01
256 7.255400e-01 2.500000e-03 2.719600e-01
257 7.251040e-01 2.468000e-03 2.724280e-01
258 7.247560e-01 2.392000e-03 2.728520e-01
259 7.244400e-01 2.308000e-03 2.732520e-01
260 7.241320e-01 2.236000e-03 2.736320e-01
261 7.236960e-01 2.288000e-03 2.740160e-01
262 7.233320e-01 2.224000e-03 2.744440e-01
263 7.229800e-01 2.180000e-03 2.748400e-01
264 7.225960e-01 2.160000e-03 2.752440e-01
265 7.221440e-01 2.252000e-03 2.756040e-01
266 7.217120e-01 2.260000e-03 2.760280e-01
267 7.213120e-01 2.192000e-03 2.764960e-01
268 7.209120e-01 2.184000e-03 2.769040e-01
269 7.206160e-01 2.116000e-03 2.772680e-01
270 7.202920e-01 2.096000e-03 2.776120e-01
271 7.199360e-01 2.108000e-03 2.779560e-01
272 7.195920e-01 2.052000e-03 2.783560e-01
273 7.191880e-01 2.112000e-03 2.787000e-01
274 7.187960e-01 2.056000e-03 2.791480e-01
275 7.184800e-01 2.052000e-03 2.794680e-01
276 7.181200e-01 2.004000e-03 2.798760e-01
277 7.178240e-01 2.020000e-03 2.801560e-01
278 7.174320e-01 2.080000e-03 2.804880e-01
279 7.170840e-01 2.076000e-03 2.808400e-01
280 7.166640e-01 2.100000e-03 2.812360e-01
281 7.163320e-01 2.052000e-03 2.816160e-01
282 7.159360e-01 2.080000e-03 2.819840e-01
283 7.155840e-01 2.148000e-03 2.822680e-01
284 7.152440e-01 2.168000e-03 2.825880e-01
285 7.149480e-01 2.100000e-03 2.829520e-01
286 7.146720e-01 2.012000e-03 2.833160e-01
287 7.143840e-01 1.964000e-03 2.836520e-01
288 7.140800e-01 1.904000e-03 2.840160e-01
289 7.138120e-01 1.828000e-03 2.843600e-01
290 7.134880e-01 1.892000e-03 2.846200e-01
291 7.131640e-01 1.884000e-03 2.849520e-01
292 7.128800e-01 1.828000e-03 2.852920e-01
293 7.125760e-01 1.832000e-03 2.855920e-01
294 7.122680e-01 1.752000e-03 2.859800e-01
295 7.120120e-01 1.748000e-03 2.862400e-01
296 7.117600e-01 1.700000e-03 2.865400e-01
297 7.115080e-01 1.660000e-03 2.868320e-01
298 7.113440e-01 1.584000e-03 2.870720e-01
299 7.110960e-01 1.556000e-03 2.873480e-01
300 7.108600e-01 1.496000e-03 2.876440e-01
301 7.106200e-01 1.528000e-03 2.878520e-01
302 7.103720e-01 1.532000e-03 2.880960e-01
303 7.101160e-01 1.496000e-03 2.883880e-01
304 7.098000e-01 1.620000e-03 2.885800e-01
305 7.094880e-01 1.628000e-03 2.888840e-01
306 7.091720e-01 1.648000e-03 2.891800e-01
307 7.088720e-01 1.636000e-03 2.894920e-01
308 7.086840e-01 1.548000e-03 2.897680e-01
309 7.084480e-01 1.492000e-03 2.900600e-01
310 7.082560e-01 1.404000e-03 2.903400e-01
311 7.080200e-01 1.436000e-03 2.905440e-01
312 7.078400e-01 1.348000e-03 2.908120e-01
313 7.075920e-01 1.364000e-03 2.910440e-01
314 7.073280e-01 1.396000e-03 2.912760e-01
315 7.071080e-01 1.400000e-03 2.914920e-01
316 7.068560e-01 1.392000e-03 2.917520e-01
317 7.066520e-01 1.344000e-03 2.920040e-01
318 7.064440e-01 1.320000e-03 2.922360e-01
319 7.062080e-01 1.276000e-03 2.925160e-01
320 7.059560e-01 1.316000e-03 2.927280e-01
321 7.057280e-01 1.340000e-03 2.929320e-01
322 7.055160e-01 1.364000e-03 2.931200e-01
323 7.052720e-01 1.344000e-03 2.933840e-01
324 7.050560e-01 1.360000e-03 2.935840e-01
325 7.048320e-01 1.364000e-03 2.938040e-01
326 7.045640e-01 1.400000e-03 2.940360e-01
327 7.043720e-01 1.412000e-03 2.942160e-01
328 7.042160e-01 1.360000e-03 2.944240e-01
329 7.040800e-01 1.236000e-03 2.946840e-01
330 7.039440e-01 1.196000e-03 2.948600e-01
331 7.038040e-01 1.160000e-03 2.950360e-01
332 7.036080e-01 1.144000e-03 2.952480e-01
333 7.034000e-01 1.164000e-03 2.954360e-01
334 7.032880e-01 1.068000e-03 2.956440e-01
335 7.030880e-01 1.124000e-03 2.957880e-01
336 7.028880e-01 1.144000e-03 2.959680e-01
337 7.027160e-01 1.100000e-03 2.961840e-01
338 7.025280e-01 1.128000e-03 2.963440e-01
339 7.023840e-01 1.076000e-03 2.965400e-01
340 7.022200e-01 9.960000e-04 2.967840e-01
341 7.020240e-01 1.016000e-03 2.969600e-01
342 7.018840e-01 9.560000e-04 2.971600e-01
343 7.017400e-01 9.200000e-04 2.973400e-01
344 7.016160e-01 9.000000e-04 2.974840e-01
345 7.014160e-01 9.480000e-04 2.976360e-01
346 7.011800e-01 1.048000e-03 2.977720e-01
347 7.009680e-01 1.060000e-03 2.979720e-01
348 7.007800e-01 1.080000e-03 2.981400e-01
349 7.005800e-01 1.092000e-03 2.983280e-01
350 7.003960e-01 1.072000e-03 2.985320e-01
351 7.001800e-01 1.096000e-03 2.987240e-01
352 7.000320e-01 1.032000e-03 2.989360e-01
353 6.998000e-01 1.052000e-03 2.991480e-01
354 6.996320e-01 1.012000e-03 2.993560e-01
355 6.994520e-01 1.036000e-03 2.995120e-01
356 6.993200e-01 9.520000e-04 2.997280e-01
357 6.992160e-01 8.600000e-04 2.999240e-01
358 6.991160e-01 8.160000e-04 3.000680e-01
359 6.990280e-01 7.880000e-04 3.001840e-01
360 6.989440e-01 7.160000e-04 3.003400e-01
361 6.987920e-01 7.480000e-04 3.004600e-01
362 6.986880e-01 7.480000e-04 3.005640e-01
363 6.985840e-01 7.320000e-04 3.006840e-01
364 6.984920e-01 6.960000e-04 3.008120e-01
365 6.983760e-01 6.920000e-04 3.009320e-01
366 6.982920e-01 6.120000e-04 3.010960e-01
367 6.982080e-01 6.120000e-04 3.011800e-01
368 6.980920e-01 6.280000e-04 3.012800e-01
369 6.979680e-01 6.360000e-04 3.013960e-01
370 6.978200e-01 6.800000e-04 3.015000e-01
371 6.976760e-01 7.080000e-04 3.016160e-01
372 6.975560e-01 7.200000e-04 3.017240e-01
373 6.974120e-01 7.080000e-04 3.018800e-01
374 6.972200e-01 7.800000e-04 3.020000e-01
375 6.970120e-01 8.400000e-04 3.021480e-01
376 6.968320e-01 8.560000e-04 3.023120e-01
377 6.966800e-01 8.320000e-04 3.024880e-01
378 6.965240e-01 8.240000e-04 3.026520e-01
379 6.963760e-01 8.400000e-04 3.027840e-01
380 6.962400e-01 8.600000e-04 3.029000e-01
381 6.960800e-01 8.720000e-04 3.030480e-01
382 6.959960e-01 7.960000e-04 3.032080e-01
383 6.958720e-01 8.000000e-04 3.033280e-01
384 6.957760e-01 7.800000e-04 3.034440e-01
385 6.956880e-01 7.360000e-04 3.035760e-01
386 6.955400e-01 7.520000e-04 3.037080e-01
387 6.954240e-01 7.280000e-04 3.038480e-01
388 6.952800e-01 7.200000e-04 3.040000e-01
389 6.951760e-01 7.080000e-04 3.041160e-01
390 6.950200e-01 7.360000e-04 3.042440e-01
391 6.948760e-01 7.200000e-04 3.044040e-01
392 6.946880e-01 7.760000e-04 3.045360e-01
393 6.945000e-01 8.080000e-04 3.046920e-01
394 6.943360e-01 8.480000e-04 3.048160e-01
395 6.941720e-01 8.560000e-04 3.049720e-01
396 6.940640e-01 7.640000e-04 3.051720e-01
397 6.939640e-01 7.320000e-04 3.053040e-01
398 6.938760e-01 6.720000e-04 3.054520e-01
399 6.937800e-01 6.480000e-04 3.055720e-01
400 6.936560e-01 6.440000e-04 3.057000e-01
401 6.935520e-01 6.360000e-04 3.058120e-01
402 6.934520e-01 6.520000e-04 3.058960e-01
403 6.933280e-01 6.600000e-04 3.060120e-01
404 6.932360e-01 6.200000e-04 3.061440e-01
405 6.930880e-01 6.480000e-04 3.062640e-01
406 6.928880e-01 7.600000e-04 3.063520e-01
407 6.927440e-01 7.720000e-04 3.064840e-01
408 6.925720e-01 7.760000e-04 3.066520e-01
409 6.924000e-01 8.000000e-04 3.068000e-01
410 6.922440e-01 8.080000e-04 3.069480e-01
411 6.920800e-01 8.480000e-04 3.070720e-01
412 6.919440e-01 8.520000e-04 3.072040e-01
413 6.917800e-01 8.920000e-04 3.073280e-01
414 6.916120e-01 9.000000e-04 3.074880e-01
415 6.914160e-01 9.560000e-04 3.076280e-01
416 6.912320e-01 9.520000e-04 3.078160e-01
417 6.911400e-01 8.880000e-04 3.079720e-01
418 6.910000e-01 8.560000e-04 3.081440e-01
419 6.908720e-01 8.480000e-04 3.082800e-01
420 6.907560e-01 8.200000e-04 3.084240e-01
421 6.906560e-01 8.080000e-04 3.085360e-01
422 6.905520e-01 7.960000e-04 3.086520e-01
423 6.904200e-01 7.800000e-04 3.088000e-01
424 6.903400e-01 7.360000e-04 3.089240e-01
425 6.902760e-01 6.280000e-04 3.090960e-01
426 6.901680e-01 6.320000e-04 3.092000e-01
427 6.900600e-01 6.240000e-04 3.093160e-01
428 6.899880e-01 5.520000e-04 3.094600e-01
429 6.899040e-01 5.280000e-04 3.095680e-01
430 6.898280e-01 5.360000e-04 3.096360e-01
431 6.897560e-01 5.040000e-04 3.097400e-01
432 6.897040e-01 4.720000e-04 3.098240e-01
433 6.896000e-01 4.960000e-04 3.099040e-01
434 6.895320e-01 4.760000e-04 3.099920e-01
435 6.894760e-01 4.520000e-04 3.100720e-01
436 6.894280e-01 4.080000e-04 3.101640e-01
437 6.893400e-01 4.240000e-04 3.102360e-01
438 6.892920e-01 3.800000e-04 3.103280e-01
439 6.892040e-01 3.960000e-04 3.104000e-01
440 6.890920e-01 4.400000e-04 3.104680e-01
441 6.889760e-01 4.640000e-04 3.105600e-01
442 6.888920e-01 4.480000e-04 3.106600e-01
443 6.887840e-01 4.800000e-04 3.107360e-01
444 6.887280e-01 4.680000e-04 3.108040e-01
445 6.886440e-01 4.560000e-04 3.109000e-01
446 6.885880e-01 4.520000e-04 3.109600e-01
447 6.885000e-01 4.360000e-04 3.110640e-01
448 6.884240e-01 4.360000e-04 3.111400e-01
449 6.883600e-01 4.280000e-04 3.112120e-01
450 6.883240e-01 3.720000e-04 3.113040e-01
451 6.882240e-01 3.920000e-04 3.113840e-01
452 6.881360e-01 4.120000e-04 3.114520e-01
453 6.880720e-01 4.320000e-04 3.114960e-01
454 6.879880e-01 4.440000e-04 3.115680e-01
455 6.879560e-01 3.920000e-04 3.116520e-01
456 6.878960e-01 3.880000e-04 3.117160e-01
457 6.878520e-01 3.880000e-04 3.117600e-01
458 6.877640e-01 4.080000e-04 3.118280e-01
459 6.877000e-01 4.120000e-04 3.118880e-01
460 6.876600e-01 3.800000e-04 3.119600e-01
461 6.875840e-01 4.000000e-04 3.120160e-01
462 6.875040e-01 3.800000e-04 3.121160e-01
463 6.874520e-01 3.680000e-04 3.121800e-01
464 6.873720e-01 3.800000e-04 3.122480e-01
465 6.872960e-01 3.920000e-04 3.123120e-01
466 6.872200e-01 3.880000e-04 3.123920e-01
467 6.871560e-01 3.720000e-04 3.124720e-01
468 6.871040e-01 3.440000e-04 3.125520e-01
469 6.869920e-01 3.640000e-04 3.126440e-01
470 6.869320e-01 3.520000e-04 3.127160e-01
471 6.868840e-01 3.320000e-04 3.127840e-01
472 6.868360e-01 3.080000e-04 3.128560e-01
473 6.867840e-01 2.880000e-04 3.129280e-01
474 6.866600e-01 3.720000e-04 3.129680e-01
475 6.865480e-01 4.240000e-04 3.130280e-01
476 6.864680e-01 4.360000e-04 3.130960e-01
477 6.863880e-01 4.280000e-04 3.131840e-01
478 6.863000e-01 4.280000e-04 3.132720e-01
479 6.862480e-01 4.200000e-04 3.133320e-01
480 6.862000e-01 3.680000e-04 3.134320e-01
481 6.861440e-01 3.440000e-04 3.135120e-01
482 6.861040e-01 3.280000e-04 3.135680e-01
483 6.860760e-01 2.920000e-04 3.136320e-01
484 6.860520e-01 2.600000e-04 3.136880e-01
485 6.860000e-01 2.720000e-04 3.137280e-01
486 6.859840e-01 2.440000e-04 3.137720e-01
487 6.859600e-01 2.400000e-04 3.138000e-01
488 6.859320e-01 2.400000e-04 3.138280e-01
489 6.859080e-01 2.200000e-04 3.138720e-01
490 6.858800e-01 2.240000e-04 3.138960e-01
491 6.858600e-01 2.120000e-04 3.139280e-01
492 6.858440e-01 2.080000e-04 3.139480e-01
493 6.858360e-01 1.960000e-04 3.139680e-01
494 6.858320e-01 1.760000e-04 3.139920e-01
495 6.858200e-01 1.760000e-04 3.140040e-01
496 6.858000e-01 1.760000e-04 3.140240e-01
497 6.857840e-01 1.600000e-04 3.140560e-01
498 6.857720e-01 1.200000e-04 3.141080e-01
499 6.857680e-01 1.120000e-04 3.141200e-01
500 6.857520e-01 1.160000e-04 3.141320e-01
