1 9.992000e-01 7.160000e-04 8.400000e-05
2 9.985800e-01 1.172000e-03 2.480000e-04
3 9.979240e-01 1.604000e-03 4.720000e-04
4 9.971360e-01 2.120000e-03 7.440000e-04
5 9.962720e-01 2.604000e-03 1.124000e-03
6 9.952080e-01 3.172000e-03 1.620000e-03
7 9.942440e-01 3.456000e-03 2.300000e-03
8 9.932120e-01 3.880000e-03 2.908000e-03
9 9.920120e-01 4.332000e-03 3.656000e-03
10 9.908720e-01 4.652000e-03 4.476000e-03
11 9.896880e-01 5.040000e-03 5.272000e-03
12 9.884920e-01 5.324000e-03 6.184000e-03
13 9.872640e-01 5.608000e-03 7.128000e-03
14 9.860680e-01 5.880000e-03 8.052000e-03
15 9.847280e-01 6.224000e-03 9.048000e-03
16 9.833360e-01 6.528000e-03 1.013600e-02
17 9.819000e-01 6.844000e-03 1.125600e-02
18 9.803440e-01 7.236000e-03 1.242000e-02
19 9.789360e-01 7.380000e-03 1.368400e-02
20 9.773720e-01 7.648000e-03 1.498000e-02
21 9.758680e-01 7.896000e-03 1.623600e-02
22 9.744040e-01 8.016000e-03 1.758000e-02
23 9.728000e-01 8.312000e-03 1.888800e-02
24 9.713480e-01 8.288000e-03 2.036400e-02
25 9.699120e-01 8.280000e-03 2.180800e-02
26 9.684280e-01 8.336000e-03 2.323600e-02
27 9.669640e-01 8.328000e-03 2.470800e-02
28 9.652560e-01 8.424000e-03 2.632000e-02
29 9.636160e-01 8.552000e-03 2.783200e-02
30 9.619760e-01 8.584000e-03 2.944000e-02
31 9.603120e-01 8.848000e-03 3.084000e-02
32 9.585720e-01 8.984000e-03 3.244400e-02
33 9.569040e-01 9.108000e-03 3.398800e-02
34 9.551520e-01 9.380000e-03 3.546800e-02
35 9.534880e-01 9.396000e-03 3.711600e-02
36 9.517040e-01 9.588000e-03 3.870800e-02
37 9.497960e-01 9.696000e-03 4.050800e-02
38 9.479240e-01 9.880000e-03 4.219600e-02
39 9.460640e-01 1.007200e-02 4.386400e-02
40 9.441360e-01 1.016000e-02 4.570400e-02
41 9.423360e-01 1.030400e-02 4.736000e-02
42 9.405360e-01 1.038800e-02 4.907600e-02
43 9.384880e-01 1.065600e-02 5.085600e-02
44 9.364480e-01 1.074000e-02 5.281200e-02
45 9.344800e-01 1.078800e-02 5.473200e-02
46 9.325880e-01 1.070400e-02 5.670800e-02
47 9.307680e-01 1.056400e-02 5.866800e-02
48 9.288840e-01 1.049600e-02 6.062000e-02
49 9.268680e-01 1.059200e-02 6.254000e-02
50 9.250760e-01 1.059200e-02 6.433200e-02
51 9.231480e-01 1.086000e-02 6.599200e-02
52 9.211360e-01 1.102000e-02 6.784400e-02
53 9.191120e-01 1.103200e-02 6.985600e-02
54 9.170800e-01 1.098400e-02 7.193600e-02
55 9.149520e-01 1.116400e-02 7.388400e-02
56 9.128880e-01 1.123200e-02 7.588000e-02
57 9.109400e-01 1.129600e-02 7.776400e-02
58 9.089800e-01 1.129600e-02 7.972400e-02
59 9.069880e-01 1.126800e-02 8.174400e-02
60 9.049040e-01 1.136000e-02 8.373600e-02
61 9.028360e-01 1.137200e-02 8.579200e-02
62 9.007120e-01 1.147600e-02 8.781200e-02
63 8.986000e-01 1.175200e-02 8.964800e-02
64 8.964840e-01 1.190000e-02 9.161600e-02
65 8.945080e-01 1.179600e-02 9.369600e-02
66 8.922920e-01 1.201600e-02 9.569200e-02
67 8.899720e-01 1.203200e-02 9.799600e-02
68 8.877600e-01 1.206800e-02 1.001720e-01
69 8.855240e-01 1.224800e-02 1.022280e-01
70 8.832880e-01 1.231200e-02 1.044000e-01
71 8.810160e-01 1.241200e-02 1.065720e-01
72 8.789560e-01 1.248400e-02 1.085600e-01
73 8.768760e-01 1.241600e-02 1.107080e-01
74 8.747520e-01 1.224000e-02 1.130080e-01
75 8.726760e-01 1.192800e-02 1.153960e-01
76 8.704760e-01 1.204000e-02 1.174840e-01
77 8.682200e-01 1.218000e-02 1.196000e-01
78 8.662560e-01 1.206000e-02 1.216840e-01
79 8.642640e-01 1.196000e-02 1.237760e-01
80 8.621440e-01 1.198000e-02 1.258760e-01
81 8.600840e-01 1.204800e-02 1.278680e-01
82 8.580280e-01 1.209600e-02 1.298760e-01
83 8.557880e-01 1.224000e-02 1.319720e-01
84 8.537240e-01 1.214000e-02 1.341360e-01
85 8.515320e-01 1.221600e-02 1.362520e-01
86 8.496280e-01 1.190000e-02 1.384720e-01
87 8.474800e-01 1.197600e-02 1.405440e-01
88 8.452440e-01 1.206000e-02 1.426960e-01
89 8.432720e-01 1.187600e-02 1.448520e-01
90 8.413200e-01 1.168400e-02 1.469960e-01
91 8.394040e-01 1.152000e-02 1.490760e-01
92 8.371760e-01 1.176800e-02 1.510560e-01
93 8.352920e-01 1.162000e-02 1.530880e-01
94 8.333680e-01 1.152800e-02 1.551040e-01
95 8.314120e-01 1.156000e-02 1.570280e-01
96 8.294640e-01 1.149200e-02 1.590440e-01
97 8.276480e-01 1.121200e-02 1.611400e-01
98 8.257240e-01 1.118400e-02 1.630920e-01
99 8.237440e-01 1.122000e-02 1.650360e-01
100 8.216680e-01 1.135200e-02 1.669800e-01
101 8.197520e-01 1.116400e-02 1.690840e-01
102 8.178720e-01 1.125200e-02 1.708760e-01
103 8.158920e-01 1.132800e-02 1.727800e-01
104 8.139000e-01 1.148400e-02 1.746160e-01
105 8.119080e-01 1.137200e-02 1.767200e-01
106 8.099760e-01 1.119200e-02 1.788320e-01
107 8.081600e-01 1.121600e-02 1.806240e-01
108 8.063640e-01 1.099200e-02 1.826440e-01
109 8.045680e-01 1.077600e-02 1.846560e-01
110 8.029040e-01 1.056400e-02 1.865320e-01
111 8.010920e-01 1.036000e-02 1.885480e-01
112 7.993680e-01 1.030400e-02 1.903280e-01
113 7.975280e-01 1.043200e-02 1.920400e-01
114 7.957760e-01 1.051600e-02 1.937080e-01
115 7.940080e-01 1.037600e-02 1.956160e-01
116 7.923240e-01 1.027200e-02 1.974040e-01
117 7.905120e-01 1.034800e-02 1.991400e-01
118 7.887360e-01 1.028000e-02 2.009840e-01
119 7.869520e-01 1.034800e-02 2.027000e-01
120 7.851240e-01 1.014000e-02 2.047360e-01
121 7.834440e-01 1.025600e-02 2.063000e-01
122 7.814720e-01 1.039200e-02 2.081360e-01
123 7.795560e-01 1.048000e-02 2.099640e-01
124 7.777480e-01 1.051600e-02 2.117360e-01
125 7.757960e-01 1.054400e-02 2.136600e-01
126 7.738840e-01 1.076800e-02 2.153480e-01
127 7.720800e-01 1.058800e-02 2.173320e-01
128 7.705040e-01 1.037600e-02 2.191200e-01
129 7.689200e-01 1.028800e-02 2.207920e-01
130 7.670440e-01 1.035600e-02 2.226000e-01
131 7.652200e-01 1.033200e-02 2.244480e-01
132 7.635720e-01 1.018400e-02 2.262440e-01
133 7.619680e-01 1.004400e-02 2.279880e-01
134 7.601000e-01 1.008400e-02 2.298160e-01
135 7.583960e-01 1.004800e-02 2.315560e-01
136 7.565960e-01 1.006800e-02 2.333360e-01
137 7.548240e-01 1.006000e-02 2.351160e-01
138 7.530360e-01 1.007200e-02 2.368920e-01
139 7.514760e-01 9.948000e-03 2.385760e-01
140 7.497920e-01 9.992000e-03 2.402160e-01
141 7.480680e-01 1.007600e-02 2.418560e-01
142 7.463280e-01 1.007600e-02 2.435960e-01
143 7.446880e-01 1.000800e-02 2.453040e-01
144 7.431000e-01 9.820000e-03 2.470800e-01
145 7.416240e-01 9.500000e-03 2.488760e-01
146 7.401000e-01 9.336000e-03 2.505640e-01
147 7.386400e-01 9.164000e-03 2.521960e-01
148 7.369600e-01 9.204000e-03 2.538360e-01
149 7.354160e-01 9.168000e-03 2.554160e-01
150 7.339600e-01 9.136000e-03 2.569040e-01
151 7.324280e-01 9.056000e-03 2.585160e-01
152 7.309160e-01 8.920000e-03 2.601640e-01
153 7.293240e-01 9.112000e-03 2.615640e-01
154 7.276840e-01 9.148000e-03 2.631680e-01
155 7.262920e-01 8.940000e-03 2.647680e-01
156 7.246320e-01 8.948000e-03 2.664200e-01
157 7.230160e-01 9.108000e-03 2.678760e-01
158 7.214120e-01 9.140000e-03 2.694480e-01
159 7.198920e-01 9.036000e-03 2.710720e-01
160 7.182840e-01 9.016000e-03 2.727000e-01
161 7.167320e-01 8.936000e-03 2.743320e-01
162 7.151480e-01 8.892000e-03 2.759600e-01
163 7.134920e-01 9.108000e-03 2.774000e-01
164 7.119280e-01 9.200000e-03 2.788720e-01
165 7.103200e-01 9.236000e-03 2.804440e-01
166 7.089120e-01 9.164000e-03 2.819240e-01
167 7.074120e-01 9.040000e-03 2.835480e-01
168 7.058880e-01 8.980000e-03 2.851320e-01
169 7.043960e-01 8.876000e-03 2.867280e-01
170 7.030920e-01 8.640000e-03 2.882680e-01
171 7.017680e-01 8.460000e-03 2.897720e-01
172 7.003680e-01 8.420000e-03 2.912120e-01
173 6.990120e-01 8.324000e-03 2.926640e-01
174 6.976400e-01 8.208000e-03 2.941520e-01
175 6.962680e-01 8.144000e-03 2.955880e-01
176 6.950560e-01 7.856000e-03 2.970880e-01
177 6.939240e-01 7.632000e-03 2.984440e-01
178 6.927040e-01 7.516000e-03 2.997800e-01
179 6.915360e-01 7.380000e-03 3.010840e-01
180 6.902960e-01 7.244000e-03 3.024600e-01
181 6.890520e-01 7.160000e-03 3.037880e-01
182 6.878240e-01 7.304000e-03 3.048720e-01
183 6.866920e-01 7.228000e-03 3.060800e-01
184 6.857040e-01 6.928000e-03 3.073680e-01
185 6.846160e-01 6.896000e-03 3.084880e-01
186 6.835160e-01 6.692000e-03 3.097920e-01
187 6.824720e-01 6.556000e-03 3.109720e-01
188 6.812960e-01 6.552000e-03 3.121520e-01
189 6.802080e-01 6.520000e-03 3.132720e-01
190 6.791600e-01 6.392000e-03 3.144480e-01
191 6.781400e-01 6.384000e-03 3.154760e-01
192 6.771720e-01 6.376000e-03 3.164520e-01
193 6.762000e-01 6.280000e-03 3.175200e-01
194 6.750200e-01 6.400000e-03 3.185800e-01
195 6.739720e-01 6.356000e-03 3.196720e-01
196 6.729280e-01 6.356000e-03 3.207160e-01
197 6.718400e-01 6.332000e-03 3.218280e-01
198 6.708960e-01 6.204000e-03 3.229000e-01
199 6.699240e-01 6.108000e-03 3.239680e-01
200 6.690520e-01 5.952000e-03 3.249960e-01
201 6.680720e-01 5.924000e-03 3.260040e-01
202 6.670640e-01 5.916000e-03 3.270200e-01
203 6.661320e-01 5.844000e-03 3.280240e-01
204 6.652440e-01 5.716000e-03 3.290400e-01
205 6.643080e-01 5.656000e-03 3.300360e-01
206 6.635200e-01 5.568000e-03 3.309120e-01
207 6.626240e-01 5.532000e-03 3.318440e-01
208 6.618520e-01 5.344000e-03 3.328040e-01
209 6.611360e-01 5.136000e-03 3.337280e-01
210 6.603600e-01 5.188000e-03 3.344520e-01
211 6.594880e-01 5.196000e-03 3.353160e-01
212 6.585840e-01 5.316000e-03 3.361000e-01
213 6.576640e-01 5.260000e-03 3.370760e-01
214 6.568560e-01 5.204000e-03 3.379400e-01
215 6.560320e-01 5.264000e-03 3.387040e-01
216 6.551200e-01 5.276000e-03 3.396040e-01
217 6.541520e-01 5.232000e-03 3.406160e-01
218 6.532560e-01 5.200000e-03 3.415440e-01
219 6.523440e-01 5.140000e-03 3.425160e-01
220 6.514880e-01 5.188000e-03 3.433240e-01
221 6.505920e-01 5.220000e-03 3.441880e-01
222 6.497120e-01 5.252000e-03 3.450360e-01
223 6.487480e-01 5.324000e-03 3.459280e-01
224 6.478520e-01 5.288000e-03 3.468600e-01
225 6.470840e-01 5.124000e-03 3.477920e-01
226 6.463320e-01 5.000000e-03 3.486680e-01
227 6.455200e-01 4.948000e-03 3.495320e-01
228 6.448600e-01 4.736000e-03 3.504040e-01
229 6.441320e-01 4.604000e-03 3.512640e-01
230 6.434160e-01 4.620000e-03 3.519640e-01
231 6.425880e-01 4.688000e-03 3.527240e-01
232 6.416920e-01 4.708000e-03 3.536000e-01
233 6.408760e-01 4.740000e-03 3.543840e-01
234 6.400840e-01 4.656000e-03 3.552600e-01
235 6.394760e-01 4.468000e-03 3.560560e-01
236 6.388240e-01 4.292000e-03 3.568840e-01
237 6.381680e-01 4.224000e-03 3.576080e-01
238 6.375120e-01 4.240000e-03 3.582480e-01
239 6.368280e-01 4.136000e-03 3.590360e-01
240 6.361000e-01 4.124000e-03 3.597760e-01
241 6.353640e-01 4.092000e-03 3.605440e-01
242 6.346360e-01 4.156000e-03 3.612080e-01
243 6.339120e-01 4.156000e-03 3.619320e-01
244 6.332560e-01 4.056000e-03 3.626880e-01
245 6.326160e-01 3.996000e-03 3.633880e-01
246 6.318800e-01 4.040000e-03 3.640800e-01
247 6.311320e-01 4.072000e-03 3.647960e-01
248 6.305240e-01 4.020000e-03 3.654560e-01
249 6.297560e-01 4.044000e-03 3.662000e-01
250 6.291920e-01 4.000000e-03 3.668080e-01
251 6.285360e-01 3.980000e-03 3.674840e-01
252 6.278760e-01 3.900000e-03 3.682240e-01
253 6.273280e-01 3.640000e-03 3.690320e-01
254 6.266640e-01 3.672000e-03 3.696640e-01
255 6.260880e-01 3.620000e-03 3.702920e-01
256 6.255080e-01 3.556000e-03 3.709360e-01
257 6.249560e-01 3.468000e-03 3.715760e-01
258 6.244480e-01 3.380000e-03 3.721720e-01
259 6.238800e-01 3.424000e-03 3.726960e-01
260 6.232040e-01 3.460000e-03 3.733360e-01
261 6.226600e-01 3.392000e-03 3.739480e-01
262 6.220520e-01 3.344000e-03 3.746040e-01
263 6.215520e-01 3.252000e-03 3.751960e-01
264 6.210280e-01 3.232000e-03 3.757400e-01
265 6.204600e-01 3.292000e-03 3.762480e-01
266 6.199120e-01 3.224000e-03 3.768640e-01
267 6.192960e-01 3.336000e-03 3.773680e-01
268 6.186880e-01 3.344000e-03 3.779680e-01
269 6.180240e-01 3.456000e-03 3.785200e-01
270 6.174080e-01 3.480000e-03 3.791120e-01
271 6.168640e-01 3.408000e-03 3.797280e-01
272 6.162920e-01 3.392000e-03 3.803160e-01
273 6.157200e-01 3.408000e-03 3.808720e-01
274 6.151280e-01 3.372000e-03 3.815000e-01
275 6.145440e-01 3.384000e-03 3.820720e-01
276 6.139600e-01 3.324000e-03 3.827160e-01
277 6.134400e-01 3.216000e-03 3.833440e-01
278 6.129520e-01 3.144000e-03 3.839040e-01
279 6.124720e-01 2.996000e-03 3.845320e-01
280 6.120160e-01 2.996000e-03 3.849880e-01
281 6.115280e-01 2.968000e-03 3.855040e-01
282 6.110960e-01 2.952000e-03 3.859520e-01
283 6.106440e-01 2.888000e-03 3.864680e-01
284 6.101840e-01 2.848000e-03 3.869680e-01
285 6.097880e-01 2.772000e-03 3.874400e-01
286 6.093840e-01 2.680000e-03 3.879360e-01
287 6.089600e-01 2.608000e-03 3.884320e-01
288 6.084520e-01 2.640000e-03 3.889080e-01
289 6.078840e-01 2.680000e-03 3.894360e-01
290 6.074040e-01 2.744000e-03 3.898520e-01
291 6.069080e-01 2.796000e-03 3.902960e-01
292 6.064720e-01 2.680000e-03 3.908480e-01
293 6.060600e-01 2.588000e-03 3.913520e-01
294 6.056480e-01 2.608000e-03 3.917440e-01
295 6.052120e-01 2.548000e-03 3.922400e-01
296 6.047680e-01 2.584000e-03 3.926480e-01
297 6.043160e-01 2.624000e-03 3.930600e-01
298 6.039040e-01 2.516000e-03 3.935800e-01
299 6.035560e-01 2.424000e-03 3.940200e-01
300 6.031960e-01 2.356000e-03 3.944480e-01
301 6.027840e-01 2.364000e-03 3.948520e-01
302 6.023240e-01 2.440000e-03 3.952360e-01
303 6.018760e-01 2.424000e-03 3.957000e-01
304 6.014920e-01 2.416000e-03 3.960920e-01
305 6.010400e-01 2.432000e-03 3.965280e-01
306 6.007000e-01 2.368000e-03 3.969320e-01
307 6.003240e-01 2.348000e-03 3.973280e-01
308 5.998800e-01 2.356000e-03 3.977640e-01
309 5.995080e-01 2.312000e-03 3.981800e-01
310 5.991400e-01 2.248000e-03 3.986120e-01
311 5.987680e-01 2.184000e-03 3.990480e-01
312 5.984600e-01 2.104000e-03 3.994360e-01
313 5.980800e-01 2.060000e-03 3.998600e-01
314 5.977880e-01 2.028000e-03 4.001840e-01
315 5.973960e-01 2.076000e-03 4.005280e-01
316 5.969480e-01 2.192000e-03 4.008600e-01
317 5.965440e-01 2.184000e-03 4.012720e-01
318 5.961280e-01 2.260000e-03 4.016120e-01
319 5.957160e-01 2.216000e-03 4.020680e-01
320 5.953920e-01 2.160000e-03 4.024480e-01
321 5.950440e-01 2.120000e-03 4.028360e-01
322 5.947520e-01 2.100000e-03 4.031480e-01
323 5.944360e-01 2.060000e-03 4.035040e-01
324 5.940520e-01 2.116000e-03 4.038320e-01
325 5.936760e-01 2.136000e-03 4.041880e-01
326 5.932840e-01 2.112000e-03 4.046040e-01
327 5.929880e-01 2.064000e-03 4.049480e-01
328 5.927320e-01 1.952000e-03 4.053160e-01
329 5.924360e-01 1.948000e-03 4.056160e-01
330 5.921240e-01 1.952000e-03 4.059240e-01
331 5.918120e-01 1.860000e-03 4.063280e-01
332 5.914400e-01 1.892000e-03 4.066680e-01
333 5.911120e-01 1.896000e-03 4.069920e-01
334 5.907280e-01 1.964000e-03 4.073080e-01
335 5.903840e-01 1.936000e-03 4.076800e-01
336 5.900960e-01 1.880000e-03 4.080240e-01
337 5.897160e-01 1.936000e-03 4.083480e-01
338 5.894520e-01 1.876000e-03 4.086720e-01
339 5.891360e-01 1.812000e-03 4.090520e-01
340 5.888560e-01 1.792000e-03 4.093520e-01
341 5.886120e-01 1.744000e-03 4.096440e-01
342 5.883320e-01 1.688000e-03 4.099800e-01
343 5.881280e-01 1.696000e-03 4.101760e-01
344 5.878760e-01 1.656000e-03 4.104680e-01
345 5.875600e-01 1.692000e-03 4.107480e-01
346 5.871600e-01 1.876000e-03 4.109640e-01
347 5.868920e-01 1.800000e-03 4.113080e-01
348 5.865880e-01 1.764000e-03 4.116480e-01
349 5.863400e-01 1.692000e-03 4.119680e-01
350 5.859600e-01 1.744000e-03 4.122960e-01
351 5.856360e-01 1.792000e-03 4.125720e-01
352 5.853040e-01 1.844000e-03 4.128520e-01
353 5.849760e-01 1.872000e-03 4.131520e-01
354 5.846040e-01 1.936000e-03 4.134600e-01
355 5.842400e-01 2.028000e-03 4.137320e-01
356 5.838440e-01 2.040000e-03 4.141160e-01
357 5.835600e-01 2.000000e-03 4.144400e-01
358 5.832040e-01 2.008000e-03 4.147880e-01
359 5.828120e-01 2.072000e-03 4.151160e-01
360 5.824040e-01 2.136000e-03 4.154600e-01
361 5.820200e-01 2.084000e-03 4.158960e-01
362 5.816640e-01 2.060000e-03 4.162760e-01
363 5.812640e-01 2.044000e-03 4.166920e-01
364 5.809440e-01 2.012000e-03 4.170440e-01
365 5.806720e-01 1.956000e-03 4.173720e-01
366 5.802760e-01 1.944000e-03 4.177800e-01
367 5.799680e-01 1.876000e-03 4.181560e-01
368 5.797120e-01 1.776000e-03 4.185120e-01
369 5.794320e-01 1.732000e-03 4.188360e-01
370 5.791360e-01 1.700000e-03 4.191640e-01
371 5.788040e-01 1.756000e-03 4.194400e-01
372 5.784680e-01 1.788000e-03 4.197440e-01
373 5.782280e-01 1.748000e-03 4.200240e-01
374 5.780480e-01 1.636000e-03 4.203160e-01
375 5.777920e-01 1.604000e-03 4.206040e-01
376 5.775560e-01 1.520000e-03 4.209240e-01
377 5.773720e-01 1.404000e-03 4.212240e-01
378 5.771360e-01 1.384000e-03 4.214800e-01
379 5.768400e-01 1.440000e-03 4.217200e-01
380 5.766000e-01 1.392000e-03 4.220080e-01
381 5.763680e-01 1.296000e-03 4.223360e-01
382 5.761760e-01 1.268000e-03 4.225560e-01
383 5.759560e-01 1.292000e-03 4.227520e-01
384 5.757040e-01 1.316000e-03 4.229800e-01
385 5.754640e-01 1.308000e-03 4.232280e-01
386 5.752360e-01 1.280000e-03 4.234840e-01
387 5.750320e-01 1.272000e-03 4.236960e-01
388 5.748280e-01 1.196000e-03 4.239760e-01
389 5.747360e-01 1.064000e-03 4.242000e-01
390 5.745720e-01 1.056000e-03 4.243720e-01
391 5.744240e-01 1.000000e-03 4.245760e-01
392 5.742480e-01 1.016000e-03 4.247360e-01
393 5.741120e-01 9.680000e-04 4.249200e-01
394 5.739400e-01 9.920000e-04 4.250680e-01
395 5.737840e-01 9.800000e-04 4.252360e-01
396 5.736280e-01 9.440000e-04 4.254280e-01
397 5.734680e-01 9.560000e-04 4.255760e-01
398 5.732560e-01 9.760000e-04 4.257680e-01
399 5.730840e-01 1.008000e-03 4.259080e-01
400 5.729400e-01 1.008000e-03 4.260520e-01
401 5.727680e-01 1.016000e-03 4.262160e-01
402 5.725440e-01 1.052000e-03 4.264040e-01
403 5.723720e-01 1.044000e-03 4.265840e-01
404 5.722160e-01 1.048000e-03 4.267360e-01
405 5.720200e-01 1.052000e-03 4.269280e-01
406 5.718400e-01 1.028000e-03 4.271320e-01
407 5.716800e-01 1.000000e-03 4.273200e-01
408 5.715160e-01 9.520000e-04 4.275320e-01
409 5.713280e-01 9.480000e-04 4.277240e-01
410 5.711680e-01 9.480000e-04 4.278840e-01
411 5.710200e-01 9.760000e-04 4.280040e-01
412 5.708720e-01 9.600000e-04 4.281680e-01
413 5.707080e-01 9.440000e-04 4.283480e-01
414 5.705320e-01 9.520000e-04 4.285160e-01
415 5.703400e-01 1.020000e-03 4.286400e-01
416 5.701840e-01 1.036000e-03 4.287800e-01
417 5.700080e-01 1.024000e-03 4.289680e-01
418 5.698440e-01 1.032000e-03 4.291240e-01
419 5.696600e-01 1.028000e-03 4.293120e-01
420 5.694840e-01 1.044000e-03 4.294720e-01
421 5.693360e-01 1.008000e-03 4.296560e-01
422 5.692280e-01 9.160000e-04 4.298560e-01
423 5.691120e-01 8.920000e-04 4.299960e-01
424 5.690080e-01 8.200000e-04 4.301720e-01
425 5.688760e-01 8.320000e-04 4.302920e-01
426 5.687360e-01 8.160000e-04 4.304480e-01
427 5.686320e-01 7.960000e-04 4.305720e-01
428 5.684880e-01 8.120000e-04 4.307000e-01
429 5.683360e-01 8.120000e-04 4.308520e-01
430 5.682000e-01 8.400000e-04 4.309600e-01
431 5.680640e-01 8.000000e-04 4.311360e-01
432 5.679160e-01 8.080000e-04 4.312760e-01
433 5.677440e-01 7.640000e-04 4.314920e-01
434 5.675920e-01 8.120000e-04 4.315960e-01
435 5.673840e-01 8.960000e-04 4.317200e-01
436 5.672120e-01 9.000000e-04 4.318880e-01
437 5.669800e-01 9.760000e-04 4.320440e-01
438 5.667640e-01 1.016000e-03 4.322200e-01
439 5.665880e-01 1.044000e-03 4.323680e-01
440 5.663640e-01 1.084000e-03 4.325520e-01
441 5.661680e-01 1.048000e-03 4.327840e-01
442 5.660360e-01 9.880000e-04 4.329760e-01
443 5.658640e-01 9.480000e-04 4.331880e-01
444 5.656240e-01 1.020000e-03 4.333560e-01
445 5.654080e-01 1.064000e-03 4.335280e-01
446 5.652040e-01 1.080000e-03 4.337160e-01
447 5.650360e-01 1.044000e-03 4.339200e-01
448 5.648680e-01 1.020000e-03 4.341120e-01
449 5.647000e-01 1.004000e-03 4.342960e-01
450 5.645200e-01 1.020000e-03 4.344600e-01
451 5.643200e-01 1.040000e-03 4.346400e-01
452 5.641480e-01 1.020000e-03 4.348320e-01
453 5.639720e-01 1.048000e-03 4.349800e-01
454 5.638400e-01 1.044000e-03 4.351160e-01
455 5.637080e-01 1.020000e-03 4.352720e-01
456 5.635400e-01 1.024000e-03 4.354360e-01
457 5.633960e-01 9.960000e-04 4.356080e-01
458 5.632280e-01 9.600000e-04 4.358120e-01
459 5.631200e-01 9.360000e-04 4.359440e-01
460 5.629920e-01 8.920000e-04 4.361160e-01
461 5.628240e-01 8.880000e-04 4.362880e-01
462 5.627000e-01 8.520000e-04 4.364480e-01
463 5.625680e-01 8.520000e-04 4.365800e-01
464 5.624480e-01 7.880000e-04 4.367640e-01
465 5.623320e-01 7.800000e-04 4.368880e-01
466 5.621880e-01 7.640000e-04 4.370480e-01
467 5.620520e-01 7.840000e-04 4.371640e-01
468 5.619360e-01 7.920000e-04 4.372720e-01
469 5.618520e-01 7.320000e-04 4.374160e-01
470 5.617320e-01 7.360000e-04 4.375320e-01
471 5.616320e-01 7.400000e-04 4.376280e-01
472 5.614800e-01 7.760000e-04 4.377440e-01
473 5.613640e-01 7.920000e-04 4.378440e-01
474 5.612080e-01 7.640000e-04 4.380280e-01
475 5.610240e-01 8.160000e-04 4.381600e-01
476 5.608640e-01 8.320000e-04 4.383040e-01
477 5.607320e-01 7.960000e-04 4.384720e-01
478 5.606280e-01 7.760000e-04 4.385960e-01
479 5.605160e-01 7.480000e-04 4.387360e-01
480 5.604120e-01 7.600000e-04 4.388280e-01
481 5.602760e-01 7.400000e-04 4.389840e-01
482 5.601520e-01 7.280000e-04 4.391200e-01
483 5.600040e-01 7.360000e-04 4.392600e-01
484 5.599280e-01 6.840000e-04 4.393880e-01
485 5.597640e-01 7.280000e-04 4.395080e-01
486 5.595800e-01 7.880000e-04 4.396320e-01
487 5.593880e-01 8.280000e-04 4.397840e-01
488 5.591680e-01 8.760000e-04 4.399560e-01
489 5.590160e-01 8.320000e-04 4.401520e-01
490 5.588240e-01 9.120000e-04 4.402640e-01
491 5.586320e-01 9.240000e-04 4.404440e-01
492 5.584760e-01 9.400000e-04 4.405840e-01
493 5.582760e-01 9.600000e-04 4.407640e-01
494 5.580800e-01 9.360000e-04 4.409840e-01
495 5.579680e-01 8.920000e-04 4.411400e-01
496 5.577680e-01 9.400000e-04 4.412920e-01
497 5.575600e-01 9.800000e-04 4.414600e-01
498 5.573480e-01 1.036000e-03 4.416160e-01
499 5.571480e-01 1.064000e-03 4.417880e-01
500 5.569680e-01 1.056000e-03 4.419760e-01
