1 9.991920e-01 7.320000e-04 7.600000e-05
2 9.986440e-01 1.136000e-03 2.200000e-04
3 9.981000e-01 1.444000e-03 4.560000e-04
4 9.973960e-01 1.900000e-03 7.040000e-04
5 9.965440e-01 2.396000e-03 1.060000e-03
6 9.956520e-01 2.824000e-03 1.524000e-03
7 9.947120e-01 3.224000e-03 2.064000e-03
8 9.936600e-01 3.724000e-03 2.616000e-03
9 9.925040e-01 4.176000e-03 3.320000e-03
10 9.914120e-01 4.464000e-03 4.124000e-03
11 9.901040e-01 4.924000e-03 4.972000e-03
12 9.887720e-01 5.360000e-03 5.868000e-03
13 9.874640e-01 5.628000e-03 6.908000e-03
14 9.861480e-01 5.880000e-03 7.972000e-03
15 9.848120e-01 6.160000e-03 9.028000e-03
16 9.834840e-01 6.468000e-03 1.004800e-02
17 9.821080e-01 6.696000e-03 1.119600e-02
18 9.807200e-01 6.944000e-03 1.233600e-02
19 9.793480e-01 7.068000e-03 1.358400e-02
20 9.778680e-01 7.412000e-03 1.472000e-02
21 9.764400e-01 7.620000e-03 1.594000e-02
22 9.749440e-01 7.796000e-03 1.726000e-02
23 9.733120e-01 8.040000e-03 1.864800e-02
24 9.717520e-01 8.164000e-03 2.008400e-02
25 9.702720e-01 8.196000e-03 2.153200e-02
26 9.686760e-01 8.448000e-03 2.287600e-02
27 9.669320e-01 8.656000e-03 2.441200e-02
28 9.653480e-01 8.636000e-03 2.601600e-02
29 9.637560e-01 8.676000e-03 2.756800e-02
30 9.621040e-01 8.852000e-03 2.904400e-02
31 9.605040e-01 8.876000e-03 3.062000e-02
32 9.589080e-01 8.720000e-03 3.237200e-02
33 9.573280e-01 8.760000e-03 3.391200e-02
34 9.556960e-01 8.812000e-03 3.549200e-02
35 9.540280e-01 8.896000e-03 3.707600e-02
36 9.522640e-01 9.016000e-03 3.872000e-02
37 9.506040e-01 9.260000e-03 4.013600e-02
38 9.490000e-01 9.288000e-03 4.171200e-02
39 9.473640e-01 9.228000e-03 4.340800e-02
40 9.458840e-01 8.984000e-03 4.513200e-02
41 9.444960e-01 8.792000e-03 4.671200e-02
42 9.428000e-01 8.976000e-03 4.822400e-02
43 9.410520e-01 9.064000e-03 4.988400e-02
44 9.393680e-01 9.108000e-03 5.152400e-02
45 9.378040e-01 9.012000e-03 5.318400e-02
46 9.360360e-01 9.188000e-03 5.477600e-02
47 9.343320e-01 9.112000e-03 5.655600e-02
48 9.327400e-01 9.104000e-03 5.815600e-02
49 9.311280e-01 9.068000e-03 5.980400e-02
50 9.296520e-01 8.952000e-03 6.139600e-02
51 9.280440e-01 9.000000e-03 6.295600e-02
52 9.266000e-01 8.888000e-03 6.451200e-02
53 9.250440e-01 8.932000e-03 6.602400e-02
54 9.236080e-01 8.780000e-03 6.761200e-02
55 9.220720e-01 8.784000e-03 6.914400e-02
56 9.206600e-01 8.728000e-03 7.061200e-02
57 9.193000e-01 8.700000e-03 7.200000e-02
58 9.178480e-01 8.528000e-03 7.362400e-02
59 9.164720e-01 8.436000e-03 7.509200e-02
60 9.151320e-01 8.284000e-03 7.658400e-02
61 9.136480e-01 8.336000e-03 7.801600e-02
62 9.122720e-01 8.164000e-03 7.956400e-02
63 9.110000e-01 8.096000e-03 8.090400e-02
64 9.097400e-01 7.960000e-03 8.230000e-02
65 9.085520e-01 7.792000e-03 8.365600e-02
66 9.073880e-01 7.592000e-03 8.502000e-02
67 9.061240e-01 7.472000e-03 8.640400e-02
68 9.048760e-01 7.336000e-03 8.778800e-02
69 9.036000e-01 7.400000e-03 8.900000e-02
70 9.022680e-01 7.464000e-03 9.026800e-02
71 9.010080e-01 7.476000e-03 9.151600e-02
72 8.997920e-01 7.412000e-03 9.279600e-02
73 8.985960e-01 7.364000e-03 9.404000e-02
74 8.974080e-01 7.124000e-03 9.546800e-02
75 8.962200e-01 7.076000e-03 9.670400e-02
76 8.950320e-01 7.032000e-03 9.793600e-02
77 8.938520e-01 7.016000e-03 9.913200e-02
78 8.926000e-01 7.032000e-03 1.003680e-01
79 8.913880e-01 7.000000e-03 1.016120e-01
80 8.901120e-01 7.152000e-03 1.027360e-01
81 8.888120e-01 7.232000e-03 1.039560e-01
82 8.876040e-01 7.056000e-03 1.053400e-01
83 8.862640e-01 7.156000e-03 1.065800e-01
84 8.851120e-01 7.024000e-03 1.078640e-01
85 8.839120e-01 7.072000e-03 1.090160e-01
86 8.827720e-01 6.988000e-03 1.102400e-01
87 8.815360e-01 6.980000e-03 1.114840e-01
88 8.803640e-01 6.868000e-03 1.127680e-01
89 8.791560e-01 6.776000e-03 1.140680e-01
90 8.780560e-01 6.644000e-03 1.153000e-01
91 8.768360e-01 6.788000e-03 1.163760e-01
92 8.755880e-01 6.788000e-03 1.176240e-01
93 8.743080e-01 6.772000e-03 1.189200e-01
94 8.729200e-01 6.904000e-03 1.201760e-01
95 8.714800e-01 7.220000e-03 1.213000e-01
96 8.702760e-01 7.136000e-03 1.225880e-01
97 8.689880e-01 7.112000e-03 1.239000e-01
98 8.676920e-01 7.180000e-03 1.251280e-01
99 8.664520e-01 7.208000e-03 1.263400e-01
100 8.653240e-01 7.092000e-03 1.275840e-01
101 8.640920e-01 7.020000e-03 1.288880e-01
102 8.629040e-01 6.896000e-03 1.302000e-01
103 8.616680e-01 6.900000e-03 1.314320e-01
104 8.604160e-01 6.900000e-03 1.326840e-01
105 8.592040e-01 6.900000e-03 1.338960e-01
106 8.579840e-01 6.876000e-03 1.351400e-01
107 8.567240e-01 6.900000e-03 1.363760e-01
108 8.555520e-01 6.768000e-03 1.376800e-01
109 8.541960e-01 6.896000e-03 1.389080e-01
110 8.529920e-01 6.880000e-03 1.401280e-01
111 8.518080e-01 6.856000e-03 1.413360e-01
112 8.504440e-01 7.052000e-03 1.425040e-01
113 8.491120e-01 7.252000e-03 1.436360e-01
114 8.478280e-01 7.348000e-03 1.448240e-01
115 8.464920e-01 7.360000e-03 1.461480e-01
116 8.450680e-01 7.352000e-03 1.475800e-01
117 8.436440e-01 7.440000e-03 1.489160e-01
118 8.423200e-01 7.588000e-03 1.500920e-01
119 8.411160e-01 7.428000e-03 1.514560e-01
120 8.399480e-01 7.248000e-03 1.528040e-01
121 8.387080e-01 7.176000e-03 1.541160e-01
122 8.375400e-01 7.076000e-03 1.553840e-01
123 8.364320e-01 7.064000e-03 1.565040e-01
124 8.352840e-01 6.992000e-03 1.577240e-01
125 8.340760e-01 6.928000e-03 1.589960e-01
126 8.328880e-01 6.856000e-03 1.602560e-01
127 8.317400e-01 6.868000e-03 1.613920e-01
128 8.306400e-01 6.752000e-03 1.626080e-01
129 8.295520e-01 6.644000e-03 1.638040e-01
130 8.284720e-01 6.608000e-03 1.649200e-01
131 8.273960e-01 6.592000e-03 1.660120e-01
132 8.262520e-01 6.500000e-03 1.672480e-01
133 8.251000e-01 6.536000e-03 1.683640e-01
134 8.239400e-01 6.568000e-03 1.694920e-01
135 8.228200e-01 6.444000e-03 1.707360e-01
136 8.216280e-01 6.524000e-03 1.718480e-01
137 8.204320e-01 6.584000e-03 1.729840e-01
138 8.193840e-01 6.556000e-03 1.740600e-01
139 8.182000e-01 6.576000e-03 1.752240e-01
140 8.170400e-01 6.732000e-03 1.762280e-01
141 8.158440e-01 6.776000e-03 1.773800e-01
142 8.147160e-01 6.772000e-03 1.785120e-01
143 8.135120e-01 6.788000e-03 1.797000e-01
144 8.124320e-01 6.688000e-03 1.808800e-01
145 8.113240e-01 6.604000e-03 1.820720e-01
146 8.102400e-01 6.420000e-03 1.833400e-01
147 8.090880e-01 6.480000e-03 1.844320e-01
148 8.080400e-01 6.300000e-03 1.856600e-01
149 8.070440e-01 6.160000e-03 1.867960e-01
150 8.060080e-01 6.156000e-03 1.878360e-01
151 8.048000e-01 6.428000e-03 1.887720e-01
152 8.035800e-01 6.532000e-03 1.898880e-01
153 8.022080e-01 6.840000e-03 1.909520e-01
154 8.010760e-01 6.780000e-03 1.921440e-01
155 7.998520e-01 6.788000e-03 1.933600e-01
156 7.987240e-01 6.712000e-03 1.945640e-01
157 7.977080e-01 6.488000e-03 1.958040e-01
158 7.966200e-01 6.540000e-03 1.968400e-01
159 7.954600e-01 6.636000e-03 1.979040e-01
160 7.943480e-01 6.548000e-03 1.991040e-01
161 7.932560e-01 6.552000e-03 2.001920e-01
162 7.921440e-01 6.532000e-03 2.013240e-01
163 7.910520e-01 6.420000e-03 2.025280e-01
164 7.899560e-01 6.304000e-03 2.037400e-01
165 7.888280e-01 6.280000e-03 2.048920e-01
166 7.877160e-01 6.224000e-03 2.060600e-01
167 7.866880e-01 6.152000e-03 2.071600e-01
168 7.855760e-01 6.152000e-03 2.082720e-01
169 7.844280e-01 6.204000e-03 2.093680e-01
170 7.832080e-01 6.308000e-03 2.104840e-01
171 7.820160e-01 6.420000e-03 2.115640e-01
172 7.807640e-01 6.532000e-03 2.127040e-01
173 7.794760e-01 6.788000e-03 2.137360e-01
174 7.783560e-01 6.636000e-03 2.150080e-01
175 7.772440e-01 6.628000e-03 2.161280e-01
176 7.759880e-01 6.668000e-03 2.173440e-01
177 7.749480e-01 6.492000e-03 2.185600e-01
178 7.739360e-01 6.400000e-03 2.196640e-01
179 7.728760e-01 6.360000e-03 2.207640e-01
180 7.719720e-01 6.192000e-03 2.218360e-01
181 7.710440e-01 6.076000e-03 2.228800e-01
182 7.700600e-01 6.044000e-03 2.238960e-01
183 7.692080e-01 5.764000e-03 2.250280e-01
184 7.682600e-01 5.644000e-03 2.260960e-01
185 7.674000e-01 5.620000e-03 2.269800e-01
186 7.665200e-01 5.532000e-03 2.279480e-01
187 7.655280e-01 5.504000e-03 2.289680e-01
188 7.646520e-01 5.412000e-03 2.299360e-01
189 7.637680e-01 5.336000e-03 2.308960e-01
190 7.628440e-01 5.320000e-03 2.318360e-01
191 7.619920e-01 5.336000e-03 2.326720e-01
192 7.611440e-01 5.312000e-03 2.335440e-01
193 7.603120e-01 5.132000e-03 2.345560e-01
194 7.593040e-01 5.252000e-03 2.354440e-01
195 7.584720e-01 5.192000e-03 2.363360e-01
196 7.576480e-01 5.052000e-03 2.373000e-01
197 7.568720e-01 4.996000e-03 2.381320e-01
198 7.560120e-01 5.008000e-03 2.389800e-01
199 7.551200e-01 4.996000e-03 2.398840e-01
200 7.542160e-01 4.984000e-03 2.408000e-01
201 7.532480e-01 4.952000e-03 2.418000e-01
202 7.524840e-01 4.932000e-03 2.425840e-01
203 7.516760e-01 4.828000e-03 2.434960e-01
204 7.509280e-01 4.704000e-03 2.443680e-01
205 7.499920e-01 4.872000e-03 2.451360e-01
206 7.490400e-01 4.912000e-03 2.460480e-01
207 7.483040e-01 4.760000e-03 2.469360e-01
208 7.474440e-01 4.752000e-03 2.478040e-01
209 7.467280e-01 4.680000e-03 2.485920e-01
210 7.459200e-01 4.676000e-03 2.494040e-01
211 7.451120e-01 4.656000e-03 2.502320e-01
212 7.443400e-01 4.688000e-03 2.509720e-01
213 7.435200e-01 4.612000e-03 2.518680e-01
214 7.428320e-01 4.372000e-03 2.527960e-01
215 7.421360e-01 4.320000e-03 2.535440e-01
216 7.413520e-01 4.408000e-03 2.542400e-01
217 7.406160e-01 4.348000e-03 2.550360e-01
218 7.399000e-01 4.332000e-03 2.557680e-01
219 7.391440e-01 4.272000e-03 2.565840e-01
220 7.384560e-01 4.148000e-03 2.573960e-01
221 7.376480e-01 4.120000e-03 2.582320e-01
222 7.369680e-01 4.176000e-03 2.588560e-01
223 7.362040e-01 4.228000e-03 2.595680e-01
224 7.354360e-01 4.212000e-03 2.603520e-01
225 7.347080e-01 4.160000e-03 2.611320e-01
226 7.339560e-01 4.176000e-03 2.618680e-01
227 7.333800e-01 4.036000e-03 2.625840e-01
228 7.325000e-01 4.236000e-03 2.632640e-01
229 7.319160e-01 4.012000e-03 2.640720e-01
230 7.311800e-01 4.016000e-03 2.648040e-01
231 7.304520e-01 3.976000e-03 2.655720e-01
232 7.297640e-01 3.980000e-03 2.662560e-01
233 7.291200e-01 3.948000e-03 2.669320e-01
234 7.284120e-01 4.108000e-03 2.674800e-01
235 7.277560e-01 4.132000e-03 2.681120e-01
236 7.269880e-01 4.084000e-03 2.689280e-01
237 7.263400e-01 4.044000e-03 2.696160e-01
238 7.255600e-01 4.200000e-03 2.702400e-01
239 7.248080e-01 4.164000e-03 2.710280e-01
240 7.240720e-01 4.256000e-03 2.716720e-01
241 7.232680e-01 4.256000e-03 2.724760e-01
242 7.224400e-01 4.328000e-03 2.732320e-01
243 7.214680e-01 4.588000e-03 2.739440e-01
244 7.206880e-01 4.508000e-03 2.748040e-01
245 7.198480e-01 4.496000e-03 2.756560e-01
246 7.189360e-01 4.556000e-03 2.765080e-01
247 7.182080e-01 4.480000e-03 2.773120e-01
248 7.176520e-01 4.220000e-03 2.781280e-01
249 7.169960e-01 4.128000e-03 2.788760e-01
250 7.163200e-01 4.008000e-03 2.796720e-01
251 7.156040e-01 3.992000e-03 2.804040e-01
252 7.148960e-01 3.964000e-03 2.811400e-01
253 7.141280e-01 4.008000e-03 2.818640e-01
254 7.132400e-01 4.204000e-03 2.825560e-01
255 7.124040e-01 4.240000e-03 2.833560e-01
256 7.116880e-01 4.164000e-03 2.841480e-01
257 7.108720e-01 4.192000e-03 2.849360e-01
258 7.100600e-01 4.176000e-03 2.857640e-01
259 7.092120e-01 4.212000e-03 2.865760e-01
260 7.085760e-01 4.120000e-03 2.873040e-01
261 7.078480e-01 4.120000e-03 2.880320e-01
262 7.071480e-01 4.068000e-03 2.887840e-01
263 7.064800e-01 4.104000e-03 2.894160e-01
264 7.058120e-01 4.064000e-03 2.901240e-01
265 7.051200e-01 4.020000e-03 2.908600e-01
266 7.044080e-01 3.964000e-03 2.916280e-01
267 7.036800e-01 4.016000e-03 2.923040e-01
268 7.029600e-01 3.976000e-03 2.930640e-01
269 7.022960e-01 3.840000e-03 2.938640e-01
270 7.015720e-01 3.900000e-03 2.945280e-01
271 7.008680e-01 3.896000e-03 2.952360e-01
272 7.002120e-01 3.876000e-03 2.959120e-01
273 6.995120e-01 4.000000e-03 2.964880e-01
274 6.989160e-01 3.920000e-03 2.971640e-01
275 6.982240e-01 3.928000e-03 2.978480e-01
276 6.975920e-01 3.840000e-03 2.985680e-01
277 6.969480e-01 3.752000e-03 2.993000e-01
278 6.962600e-01 3.852000e-03 2.998880e-01
279 6.957200e-01 3.752000e-03 3.005280e-01
280 6.950480e-01 3.804000e-03 3.011480e-01
281 6.943800e-01 3.844000e-03 3.017760e-01
282 6.936160e-01 3.948000e-03 3.024360e-01
283 6.929920e-01 3.892000e-03 3.031160e-01
284 6.923560e-01 3.832000e-03 3.038120e-01
285 6.918120e-01 3.652000e-03 3.045360e-01
286 6.911520e-01 3.648000e-03 3.052000e-01
287 6.904600e-01 3.772000e-03 3.057680e-01
288 6.898040e-01 3.736000e-03 3.064600e-01
289 6.891240e-01 3.684000e-03 3.071920e-01
290 6.884320e-01 3.748000e-03 3.078200e-01
291 6.877920e-01 3.736000e-03 3.084720e-01
292 6.870880e-01 3.820000e-03 3.090920e-01
293 6.863720e-01 3.924000e-03 3.097040e-01
294 6.856400e-01 3.888000e-03 3.104720e-01
295 6.849960e-01 3.924000e-03 3.110800e-01
296 6.843560e-01 3.880000e-03 3.117640e-01
297 6.837800e-01 3.772000e-03 3.124480e-01
298 6.831000e-01 3.764000e-03 3.131360e-01
299 6.822840e-01 3.860000e-03 3.138560e-01
300 6.816480e-01 3.876000e-03 3.144760e-01
301 6.809880e-01 3.880000e-03 3.151320e-01
302 6.804240e-01 3.724000e-03 3.158520e-01
303 6.797960e-01 3.760000e-03 3.164440e-01
304 6.791160e-01 3.724000e-03 3.171600e-01
305 6.784760e-01 3.644000e-03 3.178800e-01
306 6.778120e-01 3.596000e-03 3.185920e-01
307 6.772840e-01 3.584000e-03 3.191320e-01
308 6.766120e-01 3.704000e-03 3.196840e-01
309 6.760240e-01 3.664000e-03 3.203120e-01
310 6.754040e-01 3.644000e-03 3.209520e-01
311 6.748520e-01 3.512000e-03 3.216360e-01
312 6.743040e-01 3.472000e-03 3.222240e-01
313 6.737440e-01 3.412000e-03 3.228440e-01
314 6.732040e-01 3.388000e-03 3.234080e-01
315 6.725960e-01 3.384000e-03 3.240200e-01
316 6.720360e-01 3.448000e-03 3.245160e-01
317 6.715280e-01 3.360000e-03 3.251120e-01
318 6.710000e-01 3.344000e-03 3.256560e-01
319 6.704000e-01 3.296000e-03 3.263040e-01
320 6.697200e-01 3.408000e-03 3.268720e-01
321 6.691720e-01 3.312000e-03 3.275160e-01
322 6.685880e-01 3.312000e-03 3.281000e-01
323 6.680840e-01 3.176000e-03 3.287400e-01
324 6.676200e-01 3.088000e-03 3.292920e-01
325 6.670760e-01 3.124000e-03 3.298000e-01
326 6.665920e-01 3.120000e-03 3.302880e-01
327 6.660360e-01 3.076000e-03 3.308880e-01
328 6.654560e-01 3.100000e-03 3.314440e-01
329 6.649800e-01 3.080000e-03 3.319400e-01
330 6.645400e-01 3.004000e-03 3.324560e-01
331 6.641160e-01 2.868000e-03 3.330160e-01
332 6.636760e-01 2.824000e-03 3.335000e-01
333 6.632040e-01 2.796000e-03 3.340000e-01
334 6.627480e-01 2.784000e-03 3.344680e-01
335 6.622640e-01 2.804000e-03 3.349320e-01
336 6.617560e-01 2.768000e-03 3.354760e-01
337 6.612880e-01 2.764000e-03 3.359480e-01
338 6.608680e-01 2.660000e-03 3.364720e-01
339 6.603560e-01 2.760000e-03 3.368840e-01
340 6.599360e-01 2.708000e-03 3.373560e-01
341 6.595360e-01 2.616000e-03 3.378480e-01
342 6.591360e-01 2.564000e-03 3.383000e-01
343 6.587520e-01 2.532000e-03 3.387160e-01
344 6.584000e-01 2.452000e-03 3.391480e-01
345 6.580400e-01 2.392000e-03 3.395680e-01
346 6.577080e-01 2.356000e-03 3.399360e-01
347 6.574080e-01 2.224000e-03 3.403680e-01
348 6.570560e-01 2.172000e-03 3.407720e-01
349 6.567560e-01 2.072000e-03 3.411720e-01
350 6.564320e-01 2.024000e-03 3.415440e-01
351 6.561480e-01 1.924000e-03 3.419280e-01
352 6.558280e-01 1.908000e-03 3.422640e-01
353 6.555560e-01 1.860000e-03 3.425840e-01
354 6.552400e-01 1.848000e-03 3.429120e-01
355 6.549640e-01 1.848000e-03 3.431880e-01
356 6.546560e-01 1.872000e-03 3.434720e-01
357 6.543280e-01 1.816000e-03 3.438560e-01
358 6.540520e-01 1.748000e-03 3.442000e-01
359 6.537120e-01 1.820000e-03 3.444680e-01
360 6.534520e-01 1.776000e-03 3.447720e-01
361 6.531760e-01 1.700000e-03 3.451240e-01
362 6.529040e-01 1.676000e-03 3.454200e-01
363 6.526040e-01 1.708000e-03 3.456880e-01
364 6.523800e-01 1.640000e-03 3.459800e-01
365 6.521520e-01 1.592000e-03 3.462560e-01
366 6.519160e-01 1.596000e-03 3.464880e-01
367 6.517320e-01 1.532000e-03 3.467360e-01
368 6.514960e-01 1.484000e-03 3.470200e-01
369 6.512080e-01 1.468000e-03 3.473240e-01
370 6.509800e-01 1.424000e-03 3.475960e-01
371 6.507440e-01 1.416000e-03 3.478400e-01
372 6.505120e-01 1.408000e-03 3.480800e-01
373 6.503080e-01 1.356000e-03 3.483360e-01
374 6.500440e-01 1.372000e-03 3.485840e-01
375 6.498680e-01 1.360000e-03 3.487720e-01
376 6.496600e-01 1.336000e-03 3.490040e-01
377 6.494360e-01 1.360000e-03 3.492040e-01
378 6.491800e-01 1.360000e-03 3.494600e-01
379 6.489160e-01 1.460000e-03 3.496240e-01
380 6.485760e-01 1.544000e-03 3.498800e-01
381 6.482280e-01 1.592000e-03 3.501800e-01
382 6.479160e-01 1.640000e-03 3.504440e-01
383 6.475480e-01 1.724000e-03 3.507280e-01
384 6.472120e-01 1.800000e-03 3.509880e-01
385 6.469120e-01 1.832000e-03 3.512560e-01
386 6.465720e-01 1.816000e-03 3.516120e-01
387 6.462160e-01 1.868000e-03 3.519160e-01
388 6.459600e-01 1.816000e-03 3.522240e-01
389 6.456520e-01 1.812000e-03 3.525360e-01
390 6.453360e-01 1.760000e-03 3.529040e-01
391 6.450560e-01 1.728000e-03 3.532160e-01
392 6.446920e-01 1.792000e-03 3.535160e-01
393 6.443400e-01 1.828000e-03 3.538320e-01
394 6.440200e-01 1.828000e-03 3.541520e-01
395 6.437280e-01 1.796000e-03 3.544760e-01
396 6.433880e-01 1.792000e-03 3.548200e-01
397 6.429960e-01 1.812000e-03 3.551920e-01
398 6.426440e-01 1.796000e-03 3.555600e-01
399 6.423360e-01 1.768000e-03 3.558960e-01
400 6.420120e-01 1.776000e-03 3.562120e-01
401 6.416480e-01 1.836000e-03 3.565160e-01
402 6.413600e-01 1.828000e-03 3.568120e-01
403 6.410720e-01 1.776000e-03 3.571520e-01
404 6.407880e-01 1.732000e-03 3.574800e-01
405 6.404240e-01 1.780000e-03 3.577960e-01
406 6.401520e-01 1.780000e-03 3.580680e-01
407 6.398600e-01 1.720000e-03 3.584200e-01
408 6.396120e-01 1.688000e-03 3.587000e-01
409 6.393560e-01 1.640000e-03 3.590040e-01
410 6.390640e-01 1.628000e-03 3.593080e-01
411 6.387840e-01 1.640000e-03 3.595760e-01
412 6.384880e-01 1.636000e-03 3.598760e-01
413 6.382200e-01 1.596000e-03 3.601840e-01
414 6.379440e-01 1.580000e-03 3.604760e-01
415 6.376760e-01 1.568000e-03 3.607560e-01
416 6.373680e-01 1.604000e-03 3.610280e-01
417 6.370200e-01 1.672000e-03 3.613080e-01
418 6.367320e-01 1.688000e-03 3.615800e-01
419 6.364280e-01 1.736000e-03 3.618360e-01
420 6.361560e-01 1.716000e-03 3.621280e-01
421 6.358920e-01 1.688000e-03 3.624200e-01
422 6.356240e-01 1.660000e-03 3.627160e-01
423 6.353800e-01 1.616000e-03 3.630040e-01
424 6.350560e-01 1.632000e-03 3.633120e-01
425 6.348000e-01 1.588000e-03 3.636120e-01
426 6.344960e-01 1.584000e-03 3.639200e-01
427 6.342600e-01 1.556000e-03 3.641840e-01
428 6.340320e-01 1.524000e-03 3.644440e-01
429 6.337600e-01 1.516000e-03 3.647240e-01
430 6.335000e-01 1.564000e-03 3.649360e-01
431 6.332680e-01 1.560000e-03 3.651720e-01
432 6.330520e-01 1.528000e-03 3.654200e-01
433 6.328040e-01 1.548000e-03 3.656480e-01
434 6.325400e-01 1.528000e-03 3.659320e-01
435 6.323560e-01 1.440000e-03 3.662040e-01
436 6.321400e-01 1.448000e-03 3.664120e-01
437 6.319640e-01 1.388000e-03 3.666480e-01
438 6.317920e-01 1.324000e-03 3.668840e-01
439 6.315960e-01 1.284000e-03 3.671200e-01
440 6.314040e-01 1.232000e-03 3.673640e-01
441 6.312200e-01 1.192000e-03 3.675880e-01
442 6.310720e-01 1.148000e-03 3.677800e-01
443 6.308800e-01 1.176000e-03 3.679440e-01
444 6.306640e-01 1.152000e-03 3.681840e-01
445 6.304880e-01 1.140000e-03 3.683720e-01
446 6.302960e-01 1.140000e-03 3.685640e-01
447 6.301400e-01 1.088000e-03 3.687720e-01
448 6.299560e-01 1.096000e-03 3.689480e-01
449 6.297360e-01 1.096000e-03 3.691680e-01
450 6.295680e-01 1.084000e-03 3.693480e-01
451 6.293960e-01 1.048000e-03 3.695560e-01
452 6.292640e-01 1.024000e-03 3.697120e-01
453 6.291480e-01 9.400000e-04 3.699120e-01
454 6.289760e-01 9.880000e-04 3.700360e-01
455 6.288000e-01 1.000000e-03 3.702000e-01
456 6.286440e-01 9.640000e-04 3.703920e-01
457 6.284840e-01 9.600000e-04 3.705560e-01
458 6.283120e-01 9.600000e-04 3.707280e-01
459 6.281880e-01 8.640000e-04 3.709480e-01
460 6.280360e-01 9.080000e-04 3.710560e-01
461 6.278760e-01 9.440000e-04 3.711800e-01
462 6.277200e-01 9.200000e-04 3.713600e-01
463 6.275840e-01 9.360000e-04 3.714800e-01
464 6.273920e-01 9.600000e-04 3.716480e-01
465 6.272440e-01 9.160000e-04 3.718400e-01
466 6.270640e-01 9.320000e-04 3.720040e-01
467 6.268520e-01 9.840000e-04 3.721640e-01
468 6.266320e-01 1.036000e-03 3.723320e-01
469 6.264000e-01 1.104000e-03 3.724960e-01
470 6.261800e-01 1.112000e-03 3.727080e-01
471 6.259760e-01 1.128000e-03 3.728960e-01
472 6.257880e-01 1.144000e-03 3.730680e-01
473 6.255600e-01 1.160000e-03 3.732800e-01
474 6.254000e-01 1.136000e-03 3.734640e-01
475 6.252200e-01 1.128000e-03 3.736520e-01
476 6.250440e-01 1.080000e-03 3.738760e-01
477 6.248040e-01 1.160000e-03 3.740360e-01
478 6.245520e-01 1.240000e-03 3.742080e-01
479 6.243440e-01 1.216000e-03 3.744400e-01
480 6.240760e-01 1.284000e-03 3.746400e-01
481 6.238640e-01 1.224000e-03 3.749120e-01
482 6.236280e-01 1.248000e-03 3.751240e-01
483 6.234280e-01 1.240000e-03 3.753320e-01
484 6.232440e-01 1.180000e-03 3.755760e-01
485 6.230400e-01 1.208000e-03 3.757520e-01
486 6.228120e-01 1.228000e-03 3.759600e-01
487 6.226240e-01 1.196000e-03 3.761800e-01
488 6.224320e-01 1.140000e-03 3.764280e-01
489 6.222400e-01 1.160000e-03 3.766000e-01
490 6.220560e-01 1.180000e-03 3.767640e-01
491 6.218600e-01 1.148000e-03 3.769920e-01
492 6.217080e-01 1.100000e-03 3.771920e-01
493 6.215240e-01 1.120000e-03 3.773560e-01
494 6.213400e-01 1.140000e-03 3.775200e-01
495 6.211840e-01 1.128000e-03 3.776880e-01
496 6.210080e-01 1.132000e-03 3.778600e-01
497 6.208520e-01 1.056000e-03 3.780920e-01
498 6.207320e-01 1.044000e-03 3.782240e-01
499 6.205480e-01 1.028000e-03 3.784240e-01
500 6.203880e-01 1.028000e-03 3.785840e-01
