1 9.990720e-01 8.160000e-04 1.120000e-04
2 9.985840e-01 1.120000e-03 2.960000e-04
3 9.979800e-01 1.544000e-03 4.760000e-04
4 9.972400e-01 1.972000e-03 7.880000e-04
5 9.965600e-01 2.228000e-03 1.212000e-03
6 9.957840e-01 2.608000e-03 1.608000e-03
7 9.949080e-01 3.056000e-03 2.036000e-03
8 9.940920e-01 3.300000e-03 2.608000e-03
9 9.931240e-01 3.704000e-03 3.172000e-03
10 9.921880e-01 4.016000e-03 3.796000e-03
11 9.911840e-01 4.240000e-03 4.576000e-03
12 9.901480e-01 4.544000e-03 5.308000e-03
13 9.891360e-01 4.756000e-03 6.108000e-03
14 9.879640e-01 5.008000e-03 7.028000e-03
15 9.867640e-01 5.312000e-03 7.924000e-03
16 9.856800e-01 5.428000e-03 8.892000e-03
17 9.843880e-01 5.728000e-03 9.884000e-03
18 9.830960e-01 6.000000e-03 1.090400e-02
19 9.817480e-01 6.304000e-03 1.194800e-02
20 9.805120e-01 6.420000e-03 1.306800e-02
21 9.791040e-01 6.784000e-03 1.411200e-02
22 9.776160e-01 7.016000e-03 1.536800e-02
23 9.763080e-01 7.080000e-03 1.661200e-02
24 9.748320e-01 7.356000e-03 1.781200e-02
25 9.733840e-01 7.508000e-03 1.910800e-02
26 9.717680e-01 7.772000e-03 2.046000e-02
27 9.702240e-01 7.888000e-03 2.188800e-02
28 9.685960e-01 8.168000e-03 2.323600e-02
29 9.670160e-01 8.428000e-03 2.455600e-02
30 9.652880e-01 8.724000e-03 2.598800e-02
31 9.634480e-01 8.984000e-03 2.756800e-02
32 9.616560e-01 9.248000e-03 2.909600e-02
33 9.596920e-01 9.620000e-03 3.068800e-02
34 9.578360e-01 9.872000e-03 3.229200e-02
35 9.559160e-01 1.010400e-02 3.398000e-02
36 9.538680e-01 1.038800e-02 3.574400e-02
37 9.519480e-01 1.039200e-02 3.766000e-02
38 9.501640e-01 1.043200e-02 3.940400e-02
39 9.483920e-01 1.026400e-02 4.134400e-02
40 9.463920e-01 1.044400e-02 4.316400e-02
41 9.442920e-01 1.048400e-02 4.522400e-02
42 9.423120e-01 1.054400e-02 4.714400e-02
43 9.403760e-01 1.063600e-02 4.898800e-02
44 9.382720e-01 1.094800e-02 5.078000e-02
45 9.363440e-01 1.091200e-02 5.274400e-02
46 9.344880e-01 1.092400e-02 5.458800e-02
47 9.327320e-01 1.076400e-02 5.650400e-02
48 9.308920e-01 1.052000e-02 5.858800e-02
49 9.289800e-01 1.057200e-02 6.044800e-02
50 9.271520e-01 1.072800e-02 6.212000e-02
51 9.252400e-01 1.088000e-02 6.388000e-02
52 9.232880e-01 1.097600e-02 6.573600e-02
53 9.212640e-01 1.106000e-02 6.767600e-02
54 9.193520e-01 1.110400e-02 6.954400e-02
55 9.173400e-01 1.123200e-02 7.142800e-02
56 9.152560e-01 1.130400e-02 7.344000e-02
57 9.131920e-01 1.140000e-02 7.540800e-02
58 9.113080e-01 1.121600e-02 7.747600e-02
59 9.094480e-01 1.098400e-02 7.956800e-02
60 9.077640e-01 1.065600e-02 8.158000e-02
61 9.058280e-01 1.091600e-02 8.325600e-02
62 9.040280e-01 1.073200e-02 8.524000e-02
63 9.021400e-01 1.093200e-02 8.692800e-02
64 9.002600e-01 1.082000e-02 8.892000e-02
65 8.984120e-01 1.083200e-02 9.075600e-02
66 8.963880e-01 1.082000e-02 9.279200e-02
67 8.945520e-01 1.086400e-02 9.458400e-02
68 8.926560e-01 1.083600e-02 9.650800e-02
69 8.907800e-01 1.087600e-02 9.834400e-02
70 8.889480e-01 1.077200e-02 1.002800e-01
71 8.870760e-01 1.071600e-02 1.022080e-01
72 8.854080e-01 1.052800e-02 1.040640e-01
73 8.835480e-01 1.058000e-02 1.058720e-01
74 8.815760e-01 1.076400e-02 1.076600e-01
75 8.796880e-01 1.074400e-02 1.095680e-01
76 8.779120e-01 1.060800e-02 1.114800e-01
77 8.758000e-01 1.101200e-02 1.131880e-01
78 8.739680e-01 1.098000e-02 1.150520e-01
79 8.721680e-01 1.094400e-02 1.168880e-01
80 8.701640e-01 1.099600e-02 1.188400e-01
81 8.681200e-01 1.112400e-02 1.207560e-01
82 8.661920e-01 1.099200e-02 1.228160e-01
83 8.642200e-01 1.112400e-02 1.246560e-01
84 8.625240e-01 1.094800e-02 1.265280e-01
85 8.606280e-01 1.090800e-02 1.284640e-01
86 8.588040e-01 1.086800e-02 1.303280e-01
87 8.570040e-01 1.091600e-02 1.320800e-01
88 8.554160e-01 1.046400e-02 1.341200e-01
89 8.538120e-01 1.023600e-02 1.359520e-01
90 8.519400e-01 1.026400e-02 1.377960e-01
91 8.499480e-01 1.050800e-02 1.395440e-01
92 8.480880e-01 1.044400e-02 1.414680e-01
93 8.461120e-01 1.057600e-02 1.433120e-01
94 8.440760e-01 1.070800e-02 1.452160e-01
95 8.421920e-01 1.063600e-02 1.471720e-01
96 8.404200e-01 1.050400e-02 1.490760e-01
97 8.387400e-01 1.031200e-02 1.509480e-01
98 8.370360e-01 1.011200e-02 1.528520e-01
99 8.351400e-01 1.018000e-02 1.546800e-01
100 8.334080e-01 1.021200e-02 1.563800e-01
101 8.316960e-01 1.005600e-02 1.582480e-01
102 8.300080e-01 1.002800e-02 1.599640e-01
103 8.282360e-01 9.988000e-03 1.617760e-01
104 8.263640e-01 1.010400e-02 1.635320e-01
105 8.246240e-01 1.005200e-02 1.653240e-01
106 8.228400e-01 9.936000e-03 1.672240e-01
107 8.211360e-01 9.964000e-03 1.689000e-01
108 8.194760e-01 9.840000e-03 1.706840e-01
109 8.178400e-01 9.808000e-03 1.723520e-01
110 8.163840e-01 9.536000e-03 1.740800e-01
111 8.148160e-01 9.500000e-03 1.756840e-01
112 8.131680e-01 9.680000e-03 1.771520e-01
113 8.114880e-01 9.668000e-03 1.788440e-01
114 8.099360e-01 9.460000e-03 1.806040e-01
115 8.081920e-01 9.608000e-03 1.822000e-01
116 8.063640e-01 9.816000e-03 1.838200e-01
117 8.045640e-01 9.916000e-03 1.855200e-01
118 8.028440e-01 9.792000e-03 1.873640e-01
119 8.011960e-01 9.708000e-03 1.890960e-01
120 7.996080e-01 9.776000e-03 1.906160e-01
121 7.980240e-01 9.604000e-03 1.923720e-01
122 7.963640e-01 9.584000e-03 1.940520e-01
123 7.947720e-01 9.448000e-03 1.957800e-01
124 7.930640e-01 9.624000e-03 1.973120e-01
125 7.912240e-01 9.748000e-03 1.990280e-01
126 7.895240e-01 9.716000e-03 2.007600e-01
127 7.878720e-01 9.732000e-03 2.023960e-01
128 7.860160e-01 9.884000e-03 2.041000e-01
129 7.843680e-01 9.916000e-03 2.057160e-01
130 7.828440e-01 9.892000e-03 2.072640e-01
131 7.812800e-01 9.584000e-03 2.091360e-01
132 7.797680e-01 9.452000e-03 2.107800e-01
133 7.783280e-01 9.296000e-03 2.123760e-01
134 7.767280e-01 9.288000e-03 2.139840e-01
135 7.754240e-01 8.944000e-03 2.156320e-01
136 7.738560e-01 9.092000e-03 2.170520e-01
137 7.723760e-01 9.012000e-03 2.186120e-01
138 7.706360e-01 9.176000e-03 2.201880e-01
139 7.690560e-01 9.148000e-03 2.217960e-01
140 7.675320e-01 9.088000e-03 2.233800e-01
141 7.660680e-01 9.012000e-03 2.249200e-01
142 7.647080e-01 8.820000e-03 2.264720e-01
143 7.634640e-01 8.476000e-03 2.280600e-01
144 7.620520e-01 8.312000e-03 2.296360e-01
145 7.607960e-01 8.196000e-03 2.310080e-01
146 7.593600e-01 8.168000e-03 2.324720e-01
147 7.579480e-01 8.124000e-03 2.339280e-01
148 7.565200e-01 8.076000e-03 2.354040e-01
149 7.551280e-01 7.972000e-03 2.369000e-01
150 7.537960e-01 7.896000e-03 2.383080e-01
151 7.524960e-01 7.736000e-03 2.397680e-01
152 7.512040e-01 7.688000e-03 2.411080e-01
153 7.500000e-01 7.704000e-03 2.422960e-01
154 7.487040e-01 7.708000e-03 2.435880e-01
155 7.473400e-01 7.748000e-03 2.449120e-01
156 7.459920e-01 7.844000e-03 2.461640e-01
157 7.447240e-01 7.728000e-03 2.475480e-01
158 7.433640e-01 7.856000e-03 2.487800e-01
159 7.420200e-01 7.924000e-03 2.500560e-01
160 7.405080e-01 8.116000e-03 2.513760e-01
161 7.391960e-01 8.008000e-03 2.527960e-01
162 7.378760e-01 7.968000e-03 2.541560e-01
163 7.365680e-01 7.928000e-03 2.555040e-01
164 7.352120e-01 7.832000e-03 2.569560e-01
165 7.337920e-01 7.828000e-03 2.583800e-01
166 7.325680e-01 7.648000e-03 2.597840e-01
167 7.311720e-01 7.664000e-03 2.611640e-01
168 7.298000e-01 7.628000e-03 2.625720e-01
169 7.283640e-01 7.664000e-03 2.639720e-01
170 7.270480e-01 7.752000e-03 2.652000e-01
171 7.257040e-01 7.860000e-03 2.664360e-01
172 7.244640e-01 7.728000e-03 2.678080e-01
173 7.231840e-01 7.692000e-03 2.691240e-01
174 7.219120e-01 7.476000e-03 2.706120e-01
175 7.204760e-01 7.728000e-03 2.717960e-01
176 7.191280e-01 7.740000e-03 2.731320e-01
177 7.178080e-01 7.764000e-03 2.744280e-01
178 7.165360e-01 7.764000e-03 2.757000e-01
179 7.154200e-01 7.544000e-03 2.770360e-01
180 7.141880e-01 7.364000e-03 2.784480e-01
181 7.129480e-01 7.260000e-03 2.797920e-01
182 7.117440e-01 7.068000e-03 2.811880e-01
183 7.105320e-01 7.036000e-03 2.824320e-01
184 7.093840e-01 6.988000e-03 2.836280e-01
185 7.081800e-01 6.916000e-03 2.849040e-01
186 7.070760e-01 6.856000e-03 2.860680e-01
187 7.059840e-01 6.828000e-03 2.871880e-01
188 7.048160e-01 6.868000e-03 2.883160e-01
189 7.035000e-01 6.932000e-03 2.895680e-01
190 7.023560e-01 6.936000e-03 2.907080e-01
191 7.010800e-01 7.020000e-03 2.919000e-01
192 6.998760e-01 6.912000e-03 2.932120e-01
193 6.987280e-01 6.756000e-03 2.945160e-01
194 6.976920e-01 6.584000e-03 2.957240e-01
195 6.964800e-01 6.664000e-03 2.968560e-01
196 6.954120e-01 6.676000e-03 2.979120e-01
197 6.942960e-01 6.636000e-03 2.990680e-01
198 6.931680e-01 6.592000e-03 3.002400e-01
199 6.921640e-01 6.296000e-03 3.015400e-01
200 6.911600e-01 6.180000e-03 3.026600e-01
201 6.900760e-01 6.140000e-03 3.037840e-01
202 6.890800e-01 6.072000e-03 3.048480e-01
203 6.880680e-01 6.008000e-03 3.059240e-01
204 6.870480e-01 5.988000e-03 3.069640e-01
205 6.859720e-01 6.012000e-03 3.080160e-01
206 6.850160e-01 5.932000e-03 3.090520e-01
207 6.840320e-01 5.816000e-03 3.101520e-01
208 6.829880e-01 5.780000e-03 3.112320e-01
209 6.819360e-01 5.868000e-03 3.121960e-01
210 6.809280e-01 5.764000e-03 3.133080e-01
211 6.799600e-01 5.720000e-03 3.143200e-01
212 6.790480e-01 5.664000e-03 3.152880e-01
213 6.780440e-01 5.624000e-03 3.163320e-01
214 6.771760e-01 5.532000e-03 3.172920e-01
215 6.761840e-01 5.548000e-03 3.182680e-01
216 6.751680e-01 5.644000e-03 3.191880e-01
217 6.741600e-01 5.660000e-03 3.201800e-01
218 6.731520e-01 5.732000e-03 3.211160e-01
219 6.722000e-01 5.632000e-03 3.221680e-01
220 6.710240e-01 5.712000e-03 3.232640e-01
221 6.700160e-01 5.724000e-03 3.242600e-01
222 6.690320e-01 5.716000e-03 3.252520e-01
223 6.679600e-01 5.892000e-03 3.261480e-01
224 6.668240e-01 6.008000e-03 3.271680e-01
225 6.656840e-01 6.048000e-03 3.282680e-01
226 6.646560e-01 6.036000e-03 3.293080e-01
227 6.636360e-01 6.048000e-03 3.303160e-01
228 6.623960e-01 6.288000e-03 3.313160e-01
229 6.612600e-01 6.368000e-03 3.323720e-01
230 6.602080e-01 6.336000e-03 3.334560e-01
231 6.592000e-01 6.264000e-03 3.345360e-01
232 6.582440e-01 6.220000e-03 3.355360e-01
233 6.573000e-01 6.088000e-03 3.366120e-01
234 6.564240e-01 5.984000e-03 3.375920e-01
235 6.555360e-01 5.848000e-03 3.386160e-01
236 6.547240e-01 5.572000e-03 3.397040e-01
237 6.537640e-01 5.508000e-03 3.407280e-01
238 6.528400e-01 5.488000e-03 3.416720e-01
239 6.518200e-01 5.548000e-03 3.426320e-01
240 6.509040e-01 5.520000e-03 3.435760e-01
241 6.499120e-01 5.532000e-03 3.445560e-01
242 6.490880e-01 5.408000e-03 3.455040e-01
243 6.482400e-01 5.304000e-03 3.464560e-01
244 6.473600e-01 5.300000e-03 3.473400e-01
245 6.465360e-01 5.212000e-03 3.482520e-01
246 6.456400e-01 5.204000e-03 3.491560e-01
247 6.447800e-01 5.116000e-03 3.501040e-01
248 6.439800e-01 4.952000e-03 3.510680e-01
249 6.430760e-01 4.976000e-03 3.519480e-01
250 6.421720e-01 5.000000e-03 3.528280e-01
251 6.413840e-01 4.984000e-03 3.536320e-01
252 6.406240e-01 4.824000e-03 3.545520e-01
253 6.399280e-01 4.680000e-03 3.553920e-01
254 6.392240e-01 4.544000e-03 3.562320e-01
255 6.385640e-01 4.504000e-03 3.569320e-01
256 6.379720e-01 4.312000e-03 3.577160e-01
257 6.372200e-01 4.356000e-03 3.584240e-01
258 6.365920e-01 4.216000e-03 3.591920e-01
259 6.359840e-01 3.992000e-03 3.600240e-01
260 6.355160e-01 3.804000e-03 3.606800e-01
261 6.349160e-01 3.672000e-03 3.614120e-01
262 6.343360e-01 3.628000e-03 3.620360e-01
263 6.337880e-01 3.540000e-03 3.626720e-01
264 6.332520e-01 3.404000e-03 3.633440e-01
265 6.327240e-01 3.404000e-03 3.638720e-01
266 6.321800e-01 3.432000e-03 3.643880e-01
267 6.316840e-01 3.348000e-03 3.649680e-01
268 6.311360e-01 3.320000e-03 3.655440e-01
269 6.307040e-01 3.176000e-03 3.661200e-01
270 6.302200e-01 3.040000e-03 3.667400e-01
271 6.296880e-01 3.100000e-03 3.672120e-01
272 6.291600e-01 3.068000e-03 3.677720e-01
273 6.286640e-01 2.996000e-03 3.683400e-01
274 6.281280e-01 2.936000e-03 3.689360e-01
275 6.276480e-01 2.868000e-03 3.694840e-01
276 6.271720e-01 2.844000e-03 3.699840e-01
277 6.267760e-01 2.752000e-03 3.704720e-01
278 6.263480e-01 2.636000e-03 3.710160e-01
279 6.258680e-01 2.704000e-03 3.714280e-01
280 6.254640e-01 2.664000e-03 3.718720e-01
281 6.249880e-01 2.716000e-03 3.722960e-01
282 6.245520e-01 2.676000e-03 3.727720e-01
283 6.241360e-01 2.648000e-03 3.732160e-01
284 6.236040e-01 2.692000e-03 3.737040e-01
285 6.231040e-01 2.752000e-03 3.741440e-01
286 6.226560e-01 2.760000e-03 3.745840e-01
287 6.222160e-01 2.652000e-03 3.751320e-01
288 6.217040e-01 2.692000e-03 3.756040e-01
289 6.213280e-01 2.588000e-03 3.760840e-01
290 6.208040e-01 2.656000e-03 3.765400e-01
291 6.203000e-01 2.688000e-03 3.770120e-01
292 6.197640e-01 2.712000e-03 3.775240e-01
293 6.192920e-01 2.724000e-03 3.779840e-01
294 6.188080e-01 2.644000e-03 3.785480e-01
295 6.183080e-01 2.656000e-03 3.790360e-01
296 6.178160e-01 2.728000e-03 3.794560e-01
297 6.173320e-01 2.688000e-03 3.799800e-01
298 6.167840e-01 2.788000e-03 3.804280e-01
299 6.163600e-01 2.768000e-03 3.808720e-01
300 6.158840e-01 2.780000e-03 3.813360e-01
301 6.154120e-01 2.788000e-03 3.818000e-01
302 6.148840e-01 2.872000e-03 3.822440e-01
303 6.144440e-01 2.804000e-03 3.827520e-01
304 6.139920e-01 2.756000e-03 3.832520e-01
305 6.135960e-01 2.764000e-03 3.836400e-01
306 6.133040e-01 2.484000e-03 3.842120e-01
307 6.129280e-01 2.432000e-03 3.846400e-01
308 6.125960e-01 2.336000e-03 3.850680e-01
309 6.122320e-01 2.320000e-03 3.854480e-01
310 6.119080e-01 2.216000e-03 3.858760e-01
311 6.115320e-01 2.276000e-03 3.861920e-01
312 6.111240e-01 2.244000e-03 3.866320e-01
313 6.107280e-01 2.248000e-03 3.870240e-01
314 6.103920e-01 2.152000e-03 3.874560e-01
315 6.101080e-01 2.008000e-03 3.878840e-01
316 6.098400e-01 1.928000e-03 3.882320e-01
317 6.095760e-01 1.880000e-03 3.885440e-01
318 6.092680e-01 1.904000e-03 3.888280e-01
319 6.089200e-01 1.928000e-03 3.891520e-01
320 6.086280e-01 1.856000e-03 3.895160e-01
321 6.083240e-01 1.844000e-03 3.898320e-01
322 6.079800e-01 1.888000e-03 3.901320e-01
323 6.076560e-01 1.936000e-03 3.904080e-01
324 6.073600e-01 1.888000e-03 3.907520e-01
325 6.070840e-01 1.820000e-03 3.910960e-01
326 6.067800e-01 1.812000e-03 3.914080e-01
327 6.064920e-01 1.788000e-03 3.917200e-01
328 6.062160e-01 1.744000e-03 3.920400e-01
329 6.059440e-01 1.716000e-03 3.923400e-01
330 6.056720e-01 1.760000e-03 3.925680e-01
331 6.054080e-01 1.732000e-03 3.928600e-01
332 6.051400e-01 1.704000e-03 3.931560e-01
333 6.048560e-01 1.688000e-03 3.934560e-01
334 6.046240e-01 1.628000e-03 3.937480e-01
335 6.043360e-01 1.632000e-03 3.940320e-01
336 6.041040e-01 1.580000e-03 3.943160e-01
337 6.038000e-01 1.632000e-03 3.945680e-01
338 6.035400e-01 1.584000e-03 3.948760e-01
339 6.032520e-01 1.604000e-03 3.951440e-01
340 6.029160e-01 1.744000e-03 3.953400e-01
341 6.026600e-01 1.684000e-03 3.956560e-01
342 6.024400e-01 1.656000e-03 3.959040e-01
343 6.021160e-01 1.760000e-03 3.961240e-01
344 6.018800e-01 1.688000e-03 3.964320e-01
345 6.016200e-01 1.668000e-03 3.967120e-01
346 6.013040e-01 1.776000e-03 3.969200e-01
347 6.010000e-01 1.752000e-03 3.972480e-01
348 6.007120e-01 1.704000e-03 3.975840e-01
349 6.003320e-01 1.740000e-03 3.979280e-01
350 6.000480e-01 1.740000e-03 3.982120e-01
351 5.996920e-01 1.768000e-03 3.985400e-01
352 5.993400e-01 1.824000e-03 3.988360e-01
353 5.990120e-01 1.824000e-03 3.991640e-01
354 5.987120e-01 1.816000e-03 3.994720e-01
355 5.984280e-01 1.784000e-03 3.997880e-01
356 5.981560e-01 1.700000e-03 4.001440e-01
357 5.978760e-01 1.692000e-03 4.004320e-01
358 5.975880e-01 1.712000e-03 4.007000e-01
359 5.973120e-01 1.684000e-03 4.010040e-01
360 5.970880e-01 1.668000e-03 4.012440e-01
361 5.967960e-01 1.632000e-03 4.015720e-01
362 5.964600e-01 1.656000e-03 4.018840e-01
363 5.961720e-01 1.708000e-03 4.021200e-01
364 5.958360e-01 1.748000e-03 4.024160e-01
365 5.955200e-01 1.740000e-03 4.027400e-01
366 5.952920e-01 1.632000e-03 4.030760e-01
367 5.950400e-01 1.608000e-03 4.033520e-01
368 5.947240e-01 1.596000e-03 4.036800e-01
369 5.944840e-01 1.580000e-03 4.039360e-01
370 5.942400e-01 1.576000e-03 4.041840e-01
371 5.939840e-01 1.516000e-03 4.045000e-01
372 5.937160e-01 1.520000e-03 4.047640e-01
373 5.934040e-01 1.584000e-03 4.050120e-01
374 5.931080e-01 1.592000e-03 4.053000e-01
375 5.927880e-01 1.608000e-03 4.056040e-01
376 5.924640e-01 1.632000e-03 4.059040e-01
377 5.921600e-01 1.648000e-03 4.061920e-01
378 5.918800e-01 1.568000e-03 4.065520e-01
379 5.915520e-01 1.632000e-03 4.068160e-01
380 5.912800e-01 1.604000e-03 4.071160e-01
381 5.909840e-01 1.604000e-03 4.074120e-01
382 5.906360e-01 1.684000e-03 4.076800e-01
383 5.903080e-01 1.696000e-03 4.079960e-01
384 5.900240e-01 1.720000e-03 4.082560e-01
385 5.896280e-01 1.816000e-03 4.085560e-01
386 5.893280e-01 1.824000e-03 4.088480e-01
387 5.890160e-01 1.824000e-03 4.091600e-01
388 5.887040e-01 1.792000e-03 4.095040e-01
389 5.883680e-01 1.740000e-03 4.098920e-01
390 5.881440e-01 1.688000e-03 4.101680e-01
391 5.879040e-01 1.656000e-03 4.104400e-01
392 5.876200e-01 1.676000e-03 4.107040e-01
393 5.873680e-01 1.628000e-03 4.110040e-01
394 5.870880e-01 1.620000e-03 4.112920e-01
395 5.868320e-01 1.616000e-03 4.115520e-01
396 5.865800e-01 1.580000e-03 4.118400e-01
397 5.863280e-01 1.544000e-03 4.121280e-01
398 5.861240e-01 1.536000e-03 4.123400e-01
399 5.858760e-01 1.556000e-03 4.125680e-01
400 5.856000e-01 1.560000e-03 4.128400e-01
401 5.853640e-01 1.516000e-03 4.131200e-01
402 5.851760e-01 1.420000e-03 4.134040e-01
403 5.848920e-01 1.460000e-03 4.136480e-01
404 5.847040e-01 1.424000e-03 4.138720e-01
405 5.844400e-01 1.412000e-03 4.141480e-01
406 5.841840e-01 1.472000e-03 4.143440e-01
407 5.839840e-01 1.392000e-03 4.146240e-01
408 5.837440e-01 1.388000e-03 4.148680e-01
409 5.834320e-01 1.456000e-03 4.151120e-01
410 5.832320e-01 1.436000e-03 4.153320e-01
411 5.830120e-01 1.380000e-03 4.156080e-01
412 5.827880e-01 1.404000e-03 4.158080e-01
413 5.826200e-01 1.356000e-03 4.160240e-01
414 5.824520e-01 1.244000e-03 4.163040e-01
415 5.822640e-01 1.216000e-03 4.165200e-01
416 5.821000e-01 1.160000e-03 4.167400e-01
417 5.819360e-01 1.148000e-03 4.169160e-01
418 5.817720e-01 1.108000e-03 4.171200e-01
419 5.815960e-01 1.088000e-03 4.173160e-01
420 5.814440e-01 1.092000e-03 4.174640e-01
421 5.812680e-01 1.116000e-03 4.176160e-01
422 5.810760e-01 1.140000e-03 4.177840e-01
423 5.808760e-01 1.160000e-03 4.179640e-01
424 5.807240e-01 1.140000e-03 4.181360e-01
425 5.805760e-01 1.116000e-03 4.183080e-01
426 5.803680e-01 1.120000e-03 4.185120e-01
427 5.801720e-01 1.156000e-03 4.186720e-01
428 5.799360e-01 1.168000e-03 4.188960e-01
429 5.797960e-01 1.108000e-03 4.190960e-01
430 5.796720e-01 1.040000e-03 4.192880e-01
431 5.794920e-01 1.016000e-03 4.194920e-01
432 5.792840e-01 1.044000e-03 4.196720e-01
433 5.790760e-01 1.048000e-03 4.198760e-01
434 5.788920e-01 1.080000e-03 4.200280e-01
435 5.787000e-01 1.076000e-03 4.202240e-01
436 5.784440e-01 1.096000e-03 4.204600e-01
437 5.782440e-01 1.144000e-03 4.206120e-01
438 5.780080e-01 1.160000e-03 4.208320e-01
439 5.777960e-01 1.168000e-03 4.210360e-01
440 5.776240e-01 1.120000e-03 4.212560e-01
441 5.774320e-01 1.108000e-03 4.214600e-01
442 5.772360e-01 1.068000e-03 4.216960e-01
443 5.771000e-01 1.040000e-03 4.218600e-01
444 5.769120e-01 1.064000e-03 4.220240e-01
445 5.767040e-01 1.060000e-03 4.222360e-01
446 5.764840e-01 1.104000e-03 4.224120e-01
447 5.762480e-01 1.160000e-03 4.225920e-01
448 5.760560e-01 1.144000e-03 4.228000e-01
449 5.758800e-01 1.056000e-03 4.230640e-01
450 5.756560e-01 1.108000e-03 4.232360e-01
451 5.754600e-01 1.180000e-03 4.233600e-01
452 5.752800e-01 1.180000e-03 4.235400e-01
453 5.751120e-01 1.172000e-03 4.237160e-01
454 5.748840e-01 1.212000e-03 4.239040e-01
455 5.746440e-01 1.244000e-03 4.241120e-01
456 5.744840e-01 1.172000e-03 4.243440e-01
457 5.743560e-01 1.132000e-03 4.245120e-01
458 5.742040e-01 1.076000e-03 4.247200e-01
459 5.740960e-01 1.016000e-03 4.248880e-01
460 5.739680e-01 9.440000e-04 4.250880e-01
461 5.738320e-01 9.120000e-04 4.252560e-01
462 5.736800e-01 9.360000e-04 4.253840e-01
463 5.735720e-01 8.520000e-04 4.255760e-01
464 5.734760e-01 7.880000e-04 4.257360e-01
465 5.733600e-01 7.400000e-04 4.259000e-01
466 5.732320e-01 7.840000e-04 4.259840e-01
467 5.731120e-01 7.360000e-04 4.261520e-01
468 5.730240e-01 7.000000e-04 4.262760e-01
469 5.729320e-01 6.760000e-04 4.263920e-01
470 5.728400e-01 6.720000e-04 4.264880e-01
471 5.727440e-01 6.320000e-04 4.266240e-01
472 5.726600e-01 5.840000e-04 4.267560e-01
473 5.725240e-01 6.120000e-04 4.268640e-01
474 5.724360e-01 6.160000e-04 4.269480e-01
475 5.723160e-01 6.320000e-04 4.270520e-01
476 5.722040e-01 6.160000e-04 4.271800e-01
477 5.720920e-01 6.160000e-04 4.272920e-01
478 5.720160e-01 5.840000e-04 4.274000e-01
479 5.718920e-01 6.160000e-04 4.274920e-01
480 5.717680e-01 6.600000e-04 4.275720e-01
481 5.716320e-01 6.800000e-04 4.276880e-01
482 5.715120e-01 6.720000e-04 4.278160e-01
483 5.713920e-01 6.680000e-04 4.279400e-01
484 5.712840e-01 6.480000e-04 4.280680e-01
485 5.711440e-01 6.280000e-04 4.282280e-01
486 5.710320e-01 6.360000e-04 4.283320e-01
487 5.709360e-01 6.000000e-04 4.284640e-01
488 5.708160e-01 5.840000e-04 4.286000e-01
489 5.707120e-01 5.840000e-04 4.287040e-01
490 5.706280e-01 5.360000e-04 4.288360e-01
491 5.705320e-01 5.240000e-04 4.289440e-01
492 5.704680e-01 4.920000e-04 4.290400e-01
493 5.703440e-01 5.440000e-04 4.291120e-01
494 5.702640e-01 5.160000e-04 4.292200e-01
495 5.701880e-01 4.960000e-04 4.293160e-01
496 5.701080e-01 4.600000e-04 4.294320e-01
497 5.700240e-01 4.560000e-04 4.295200e-01
498 5.699240e-01 4.920000e-04 4.295840e-01
499 5.698440e-01 4.760000e-04 4.296800e-01
500 5.697560e-01 4.800000e-04 4.297640e-01
