1 9.992040e-01 7.200000e-04 7.600000e-05
2 9.986040e-01 1.204000e-03 1.920000e-04
3 9.979080e-01 1.656000e-03 4.360000e-04
4 9.971200e-01 2.144000e-03 7.360000e-04
5 9.963440e-01 2.500000e-03 1.156000e-03
6 9.954040e-01 2.952000e-03 1.644000e-03
7 9.944240e-01 3.396000e-03 2.180000e-03
8 9.933840e-01 3.796000e-03 2.820000e-03
9 9.922720e-01 4.252000e-03 3.476000e-03
10 9.912080e-01 4.560000e-03 4.232000e-03
11 9.901880e-01 4.732000e-03 5.080000e-03
12 9.891160e-01 4.956000e-03 5.928000e-03
13 9.878680e-01 5.292000e-03 6.840000e-03
14 9.866280e-01 5.564000e-03 7.808000e-03
15 9.855360e-01 5.684000e-03 8.780000e-03
16 9.843760e-01 5.880000e-03 9.744000e-03
17 9.830480e-01 6.228000e-03 1.072400e-02
18 9.815280e-01 6.564000e-03 1.190800e-02
19 9.801400e-01 6.920000e-03 1.294000e-02
20 9.788160e-01 6.992000e-03 1.419200e-02
21 9.773800e-01 7.148000e-03 1.547200e-02
22 9.758920e-01 7.392000e-03 1.671600e-02
23 9.744120e-01 7.388000e-03 1.820000e-02
24 9.729720e-01 7.676000e-03 1.935200e-02
25 9.715680e-01 7.760000e-03 2.067200e-02
26 9.701280e-01 7.812000e-03 2.206000e-02
27 9.686520e-01 7.960000e-03 2.338800e-02
28 9.671920e-01 8.008000e-03 2.480000e-02
29 9.657720e-01 8.008000e-03 2.622000e-02
30 9.642480e-01 8.188000e-03 2.756400e-02
31 9.626520e-01 8.420000e-03 2.892800e-02
32 9.610640e-01 8.568000e-03 3.036800e-02
33 9.592560e-01 8.772000e-03 3.197200e-02
34 9.575760e-01 8.956000e-03 3.346800e-02
35 9.558440e-01 9.196000e-03 3.496000e-02
36 9.541640e-01 9.108000e-03 3.672800e-02
37 9.524040e-01 9.200000e-03 3.839600e-02
38 9.507320e-01 9.148000e-03 4.012000e-02
39 9.490200e-01 9.184000e-03 4.179600e-02
40 9.472320e-01 9.248000e-03 4.352000e-02
41 9.457200e-01 9.144000e-03 4.513600e-02
42 9.441760e-01 9.036000e-03 4.678800e-02
43 9.425000e-01 9.076000e-03 4.842400e-02
44 9.409720e-01 9.080000e-03 4.994800e-02
45 9.393440e-01 9.020000e-03 5.163600e-02
46 9.376440e-01 9.200000e-03 5.315600e-02
47 9.359080e-01 9.324000e-03 5.476800e-02
48 9.342200e-01 9.436000e-03 5.634400e-02
49 9.325320e-01 9.448000e-03 5.802000e-02
50 9.307360e-01 9.616000e-03 5.964800e-02
51 9.288920e-01 9.828000e-03 6.128000e-02
52 9.271680e-01 9.876000e-03 6.295600e-02
53 9.254160e-01 9.868000e-03 6.471600e-02
54 9.236080e-01 1.012000e-02 6.627200e-02
55 9.218440e-01 1.026000e-02 6.789600e-02
56 9.201920e-01 1.009200e-02 6.971600e-02
57 9.184160e-01 1.008400e-02 7.150000e-02
58 9.169160e-01 9.812000e-03 7.327200e-02
59 9.152720e-01 9.828000e-03 7.490000e-02
60 9.135480e-01 9.872000e-03 7.658000e-02
61 9.117720e-01 9.856000e-03 7.837200e-02
62 9.100440e-01 9.800000e-03 8.015600e-02
63 9.082880e-01 9.852000e-03 8.186000e-02
64 9.066080e-01 9.872000e-03 8.352000e-02
65 9.048600e-01 9.884000e-03 8.525600e-02
66 9.031880e-01 9.916000e-03 8.689600e-02
67 9.014960e-01 1.002400e-02 8.848000e-02
68 8.997160e-01 1.009600e-02 9.018800e-02
69 8.980320e-01 1.004000e-02 9.192800e-02
70 8.963800e-01 9.844000e-03 9.377600e-02
71 8.946520e-01 1.003600e-02 9.531200e-02
72 8.928160e-01 1.003200e-02 9.715200e-02
73 8.909400e-01 1.018000e-02 9.888000e-02
74 8.889760e-01 1.042800e-02 1.005960e-01
75 8.871600e-01 1.046400e-02 1.023760e-01
76 8.853120e-01 1.030800e-02 1.043800e-01
77 8.833440e-01 1.054800e-02 1.061080e-01
78 8.811680e-01 1.076400e-02 1.080680e-01
79 8.791920e-01 1.078800e-02 1.100200e-01
80 8.773640e-01 1.066800e-02 1.119680e-01
81 8.754320e-01 1.079200e-02 1.137760e-01
82 8.734880e-01 1.085600e-02 1.156560e-01
83 8.716480e-01 1.078400e-02 1.175680e-01
84 8.696040e-01 1.088400e-02 1.195120e-01
85 8.678040e-01 1.091600e-02 1.212800e-01
86 8.659920e-01 1.075600e-02 1.232520e-01
87 8.640560e-01 1.074000e-02 1.252040e-01
88 8.620280e-01 1.080000e-02 1.271720e-01
89 8.600320e-01 1.082000e-02 1.291480e-01
90 8.578480e-01 1.112400e-02 1.310280e-01
91 8.558680e-01 1.109200e-02 1.330400e-01
92 8.539640e-01 1.118000e-02 1.348560e-01
93 8.518840e-01 1.115600e-02 1.369600e-01
94 8.498920e-01 1.116400e-02 1.389440e-01
95 8.480280e-01 1.105200e-02 1.409200e-01
96 8.461760e-01 1.102800e-02 1.427960e-01
97 8.442560e-01 1.107600e-02 1.446680e-01
98 8.422240e-01 1.119200e-02 1.465840e-01
99 8.403480e-01 1.118800e-02 1.484640e-01
100 8.385760e-01 1.093200e-02 1.504920e-01
101 8.367600e-01 1.086000e-02 1.523800e-01
102 8.348480e-01 1.090000e-02 1.542520e-01
103 8.330680e-01 1.078400e-02 1.561480e-01
104 8.311920e-01 1.077600e-02 1.580320e-01
105 8.293640e-01 1.092400e-02 1.597120e-01
106 8.274000e-01 1.088000e-02 1.617200e-01
107 8.256080e-01 1.066000e-02 1.637320e-01
108 8.236840e-01 1.085600e-02 1.654600e-01
109 8.216240e-01 1.094800e-02 1.674280e-01
110 8.197520e-01 1.086000e-02 1.693880e-01
111 8.179000e-01 1.084000e-02 1.712600e-01
112 8.163440e-01 1.042800e-02 1.732280e-01
113 8.145520e-01 1.047600e-02 1.749720e-01
114 8.126040e-01 1.042800e-02 1.769680e-01
115 8.107760e-01 1.039200e-02 1.788320e-01
116 8.089680e-01 1.029200e-02 1.807400e-01
117 8.072440e-01 1.026400e-02 1.824920e-01
118 8.054520e-01 1.021200e-02 1.843360e-01
119 8.036720e-01 1.028000e-02 1.860480e-01
120 8.018200e-01 1.026400e-02 1.879160e-01
121 7.998480e-01 1.040400e-02 1.897480e-01
122 7.980320e-01 1.034400e-02 1.916240e-01
123 7.962760e-01 1.030000e-02 1.934240e-01
124 7.945280e-01 1.024000e-02 1.952320e-01
125 7.925600e-01 1.047600e-02 1.969640e-01
126 7.905800e-01 1.070400e-02 1.987160e-01
127 7.887000e-01 1.075200e-02 2.005480e-01
128 7.869400e-01 1.054400e-02 2.025160e-01
129 7.850400e-01 1.064000e-02 2.043200e-01
130 7.832920e-01 1.040800e-02 2.063000e-01
131 7.816680e-01 1.017200e-02 2.081600e-01
132 7.801600e-01 9.948000e-03 2.098920e-01
133 7.786440e-01 9.620000e-03 2.117360e-01
134 7.772000e-01 9.412000e-03 2.133880e-01
135 7.755800e-01 9.304000e-03 2.151160e-01
136 7.739240e-01 9.380000e-03 2.166960e-01
137 7.722200e-01 9.500000e-03 2.182800e-01
138 7.705400e-01 9.376000e-03 2.200840e-01
139 7.687080e-01 9.612000e-03 2.216800e-01
140 7.671440e-01 9.428000e-03 2.234280e-01
141 7.657480e-01 9.200000e-03 2.250520e-01
142 7.642200e-01 9.068000e-03 2.267120e-01
143 7.628040e-01 8.824000e-03 2.283720e-01
144 7.611320e-01 8.804000e-03 2.300640e-01
145 7.595920e-01 8.880000e-03 2.315280e-01
146 7.581440e-01 8.824000e-03 2.330320e-01
147 7.567120e-01 8.772000e-03 2.345160e-01
148 7.553920e-01 8.640000e-03 2.359680e-01
149 7.540240e-01 8.376000e-03 2.376000e-01
150 7.525880e-01 8.416000e-03 2.389960e-01
151 7.513240e-01 8.324000e-03 2.403520e-01
152 7.499280e-01 8.320000e-03 2.417520e-01
153 7.486520e-01 8.176000e-03 2.431720e-01
154 7.472160e-01 8.056000e-03 2.447280e-01
155 7.459080e-01 7.940000e-03 2.461520e-01
156 7.449560e-01 7.504000e-03 2.475400e-01
157 7.440440e-01 7.176000e-03 2.487800e-01
158 7.431960e-01 6.888000e-03 2.499160e-01
159 7.421200e-01 6.792000e-03 2.510880e-01
160 7.411080e-01 6.712000e-03 2.521800e-01
161 7.401400e-01 6.668000e-03 2.531920e-01
162 7.390600e-01 6.572000e-03 2.543680e-01
163 7.378400e-01 6.632000e-03 2.555280e-01
164 7.366880e-01 6.692000e-03 2.566200e-01
165 7.354880e-01 6.656000e-03 2.578560e-01
166 7.342560e-01 6.756000e-03 2.589880e-01
167 7.329200e-01 6.752000e-03 2.603280e-01
168 7.318480e-01 6.668000e-03 2.614840e-01
169 7.305280e-01 6.752000e-03 2.627200e-01
170 7.293920e-01 6.748000e-03 2.638600e-01
171 7.282120e-01 6.744000e-03 2.650440e-01
172 7.269800e-01 6.824000e-03 2.661960e-01
173 7.257960e-01 6.808000e-03 2.673960e-01
174 7.247160e-01 6.832000e-03 2.684520e-01
175 7.236280e-01 6.768000e-03 2.696040e-01
176 7.225000e-01 6.684000e-03 2.708160e-01
177 7.213720e-01 6.548000e-03 2.720800e-01
178 7.203360e-01 6.484000e-03 2.731800e-01
179 7.193320e-01 6.316000e-03 2.743520e-01
180 7.182960e-01 6.204000e-03 2.755000e-01
181 7.171760e-01 6.288000e-03 2.765360e-01
182 7.161880e-01 6.208000e-03 2.776040e-01
183 7.152080e-01 6.076000e-03 2.787160e-01
184 7.142240e-01 6.000000e-03 2.797760e-01
185 7.131160e-01 6.056000e-03 2.808280e-01
186 7.120040e-01 6.108000e-03 2.818880e-01
187 7.110000e-01 6.124000e-03 2.828760e-01
188 7.099920e-01 6.040000e-03 2.839680e-01
189 7.089560e-01 6.036000e-03 2.850080e-01
190 7.079680e-01 6.016000e-03 2.860160e-01
191 7.070040e-01 5.964000e-03 2.870320e-01
192 7.059320e-01 5.968000e-03 2.881000e-01
193 7.050600e-01 5.876000e-03 2.890640e-01
194 7.041520e-01 5.752000e-03 2.900960e-01
195 7.032680e-01 5.624000e-03 2.911080e-01
196 7.023720e-01 5.588000e-03 2.920400e-01
197 7.012880e-01 5.684000e-03 2.930280e-01
198 7.002520e-01 5.660000e-03 2.940880e-01
199 6.992160e-01 5.684000e-03 2.951000e-01
200 6.982920e-01 5.608000e-03 2.961000e-01
201 6.972840e-01 5.628000e-03 2.970880e-01
202 6.962520e-01 5.644000e-03 2.981040e-01
203 6.951920e-01 5.796000e-03 2.990120e-01
204 6.941160e-01 5.760000e-03 3.001240e-01
205 6.930240e-01 5.920000e-03 3.010560e-01
206 6.920240e-01 5.860000e-03 3.021160e-01
207 6.909200e-01 5.940000e-03 3.031400e-01
208 6.896960e-01 6.216000e-03 3.040880e-01
209 6.887040e-01 6.172000e-03 3.051240e-01
210 6.875880e-01 6.312000e-03 3.061000e-01
211 6.864880e-01 6.320000e-03 3.071920e-01
212 6.854960e-01 6.316000e-03 3.081880e-01
213 6.845880e-01 6.112000e-03 3.093000e-01
214 6.834480e-01 6.140000e-03 3.104120e-01
215 6.825040e-01 6.088000e-03 3.114080e-01
216 6.813920e-01 6.140000e-03 3.124680e-01
217 6.804840e-01 6.092000e-03 3.134240e-01
218 6.794600e-01 6.088000e-03 3.144520e-01
219 6.784240e-01 6.088000e-03 3.154880e-01
220 6.774480e-01 6.040000e-03 3.165120e-01
221 6.765160e-01 5.824000e-03 3.176600e-01
222 6.756440e-01 5.656000e-03 3.187000e-01
223 6.747040e-01 5.592000e-03 3.197040e-01
224 6.738720e-01 5.416000e-03 3.207120e-01
225 6.728280e-01 5.592000e-03 3.215800e-01
226 6.719560e-01 5.512000e-03 3.225320e-01
227 6.709880e-01 5.524000e-03 3.234880e-01
228 6.700360e-01 5.484000e-03 3.244800e-01
229 6.692080e-01 5.464000e-03 3.253280e-01
230 6.684120e-01 5.332000e-03 3.262560e-01
231 6.674960e-01 5.308000e-03 3.271960e-01
232 6.666600e-01 5.184000e-03 3.281560e-01
233 6.657560e-01 5.264000e-03 3.289800e-01
234 6.647480e-01 5.308000e-03 3.299440e-01
235 6.638920e-01 5.300000e-03 3.308080e-01
236 6.630200e-01 5.340000e-03 3.316400e-01
237 6.622400e-01 5.208000e-03 3.325520e-01
238 6.612800e-01 5.228000e-03 3.334920e-01
239 6.604920e-01 5.008000e-03 3.345000e-01
240 6.596960e-01 5.028000e-03 3.352760e-01
241 6.588520e-01 5.136000e-03 3.360120e-01
242 6.579920e-01 5.144000e-03 3.368640e-01
243 6.571640e-01 5.076000e-03 3.377600e-01
244 6.563280e-01 5.016000e-03 3.386560e-01
245 6.554480e-01 5.072000e-03 3.394800e-01
246 6.545960e-01 5.040000e-03 3.403640e-01
247 6.536960e-01 4.984000e-03 3.413200e-01
248 6.528720e-01 4.892000e-03 3.422360e-01
249 6.521800e-01 4.804000e-03 3.430160e-01
250 6.513320e-01 4.820000e-03 3.438480e-01
251 6.506200e-01 4.652000e-03 3.447280e-01
252 6.499000e-01 4.584000e-03 3.455160e-01
253 6.492080e-01 4.560000e-03 3.462320e-01
254 6.484400e-01 4.444000e-03 3.471160e-01
255 6.477480e-01 4.352000e-03 3.479000e-01
256 6.470600e-01 4.320000e-03 3.486200e-01
257 6.464720e-01 4.216000e-03 3.493120e-01
258 6.458600e-01 4.056000e-03 3.500840e-01
259 6.452840e-01 3.856000e-03 3.508600e-01
260 6.446840e-01 3.948000e-03 3.513680e-01
261 6.441960e-01 3.716000e-03 3.520880e-01
262 6.436840e-01 3.592000e-03 3.527240e-01
263 6.431240e-01 3.532000e-03 3.533440e-01
264 6.425160e-01 3.520000e-03 3.539640e-01
265 6.420280e-01 3.424000e-03 3.545480e-01
266 6.414840e-01 3.408000e-03 3.551080e-01
267 6.408800e-01 3.452000e-03 3.556680e-01
268 6.402400e-01 3.464000e-03 3.562960e-01
269 6.397000e-01 3.476000e-03 3.568240e-01
270 6.391320e-01 3.500000e-03 3.573680e-01
271 6.386400e-01 3.328000e-03 3.580320e-01
272 6.381720e-01 3.248000e-03 3.585800e-01
273 6.375560e-01 3.300000e-03 3.591440e-01
274 6.370520e-01 3.240000e-03 3.597080e-01
275 6.366280e-01 3.112000e-03 3.602600e-01
276 6.362040e-01 2.992000e-03 3.608040e-01
277 6.357400e-01 2.956000e-03 3.613040e-01
278 6.352440e-01 2.904000e-03 3.618520e-01
279 6.347480e-01 2.868000e-03 3.623840e-01
280 6.342800e-01 2.900000e-03 3.628200e-01
281 6.338000e-01 2.880000e-03 3.633200e-01
282 6.333160e-01 2.828000e-03 3.638560e-01
283 6.329000e-01 2.712000e-03 3.643880e-01
284 6.324800e-01 2.656000e-03 3.648640e-01
285 6.319880e-01 2.616000e-03 3.653960e-01
286 6.315560e-01 2.640000e-03 3.658040e-01
287 6.310960e-01 2.672000e-03 3.662320e-01
288 6.306160e-01 2.628000e-03 3.667560e-01
289 6.302160e-01 2.564000e-03 3.672200e-01
290 6.298680e-01 2.480000e-03 3.676520e-01
291 6.294720e-01 2.536000e-03 3.679920e-01
292 6.290800e-01 2.424000e-03 3.684960e-01
293 6.286640e-01 2.452000e-03 3.688840e-01
294 6.282680e-01 2.448000e-03 3.692840e-01
295 6.278360e-01 2.452000e-03 3.697120e-01
296 6.273920e-01 2.524000e-03 3.700840e-01
297 6.268960e-01 2.532000e-03 3.705720e-01
298 6.264240e-01 2.600000e-03 3.709760e-01
299 6.260040e-01 2.536000e-03 3.714600e-01
300 6.254640e-01 2.676000e-03 3.718600e-01
301 6.250720e-01 2.604000e-03 3.723240e-01
302 6.246240e-01 2.556000e-03 3.728200e-01
303 6.241640e-01 2.584000e-03 3.732520e-01
304 6.237800e-01 2.512000e-03 3.737080e-01
305 6.233440e-01 2.552000e-03 3.741040e-01
306 6.229640e-01 2.516000e-03 3.745200e-01
307 6.226000e-01 2.448000e-03 3.749520e-01
308 6.221760e-01 2.432000e-03 3.753920e-01
309 6.217600e-01 2.472000e-03 3.757680e-01
310 6.213360e-01 2.428000e-03 3.762360e-01
311 6.209360e-01 2.404000e-03 3.766600e-01
312 6.205760e-01 2.344000e-03 3.770800e-01
313 6.201760e-01 2.348000e-03 3.774760e-01
314 6.197400e-01 2.344000e-03 3.779160e-01
315 6.194120e-01 2.264000e-03 3.783240e-01
316 6.190680e-01 2.232000e-03 3.787000e-01
317 6.187560e-01 2.180000e-03 3.790640e-01
318 6.184520e-01 2.048000e-03 3.795000e-01
319 6.181920e-01 1.976000e-03 3.798320e-01
320 6.178440e-01 2.000000e-03 3.801560e-01
321 6.175520e-01 1.972000e-03 3.804760e-01
322 6.171600e-01 2.048000e-03 3.807920e-01
323 6.168480e-01 2.012000e-03 3.811400e-01
324 6.165400e-01 1.948000e-03 3.815120e-01
325 6.162880e-01 1.900000e-03 3.818120e-01
326 6.159680e-01 1.916000e-03 3.821160e-01
327 6.157160e-01 1.808000e-03 3.824760e-01
328 6.153680e-01 1.844000e-03 3.827880e-01
329 6.150160e-01 1.856000e-03 3.831280e-01
330 6.147080e-01 1.864000e-03 3.834280e-01
331 6.143760e-01 1.920000e-03 3.837040e-01
332 6.140120e-01 1.916000e-03 3.840720e-01
333 6.136600e-01 1.928000e-03 3.844120e-01
334 6.133200e-01 1.920000e-03 3.847600e-01
335 6.129520e-01 1.892000e-03 3.851560e-01
336 6.126520e-01 1.896000e-03 3.854520e-01
337 6.122640e-01 1.984000e-03 3.857520e-01
338 6.118680e-01 2.020000e-03 3.861120e-01
339 6.115800e-01 1.952000e-03 3.864680e-01
340 6.112160e-01 1.952000e-03 3.868320e-01
341 6.108200e-01 2.000000e-03 3.871800e-01
342 6.105040e-01 1.988000e-03 3.875080e-01
343 6.101600e-01 2.008000e-03 3.878320e-01
344 6.097520e-01 2.060000e-03 3.881880e-01
345 6.093920e-01 2.056000e-03 3.885520e-01
346 6.090800e-01 2.056000e-03 3.888640e-01
347 6.087120e-01 2.148000e-03 3.891400e-01
348 6.083280e-01 2.128000e-03 3.895440e-01
349 6.078080e-01 2.276000e-03 3.899160e-01
350 6.073520e-01 2.404000e-03 3.902440e-01
351 6.069200e-01 2.436000e-03 3.906440e-01
352 6.064640e-01 2.516000e-03 3.910200e-01
353 6.061160e-01 2.356000e-03 3.915280e-01
354 6.057760e-01 2.368000e-03 3.918560e-01
355 6.054440e-01 2.264000e-03 3.922920e-01
356 6.052000e-01 2.176000e-03 3.926240e-01
357 6.048680e-01 2.140000e-03 3.929920e-01
358 6.045600e-01 2.084000e-03 3.933560e-01
359 6.042640e-01 1.992000e-03 3.937440e-01
360 6.039600e-01 1.900000e-03 3.941400e-01
361 6.037200e-01 1.784000e-03 3.944960e-01
362 6.034440e-01 1.732000e-03 3.948240e-01
363 6.031640e-01 1.708000e-03 3.951280e-01
364 6.028600e-01 1.736000e-03 3.954040e-01
365 6.025200e-01 1.744000e-03 3.957360e-01
366 6.022960e-01 1.704000e-03 3.960000e-01
367 6.019960e-01 1.728000e-03 3.962760e-01
368 6.016840e-01 1.708000e-03 3.966080e-01
369 6.013560e-01 1.740000e-03 3.969040e-01
370 6.011280e-01 1.712000e-03 3.971600e-01
371 6.008120e-01 1.696000e-03 3.974920e-01
372 6.005960e-01 1.628000e-03 3.977760e-01
373 6.003600e-01 1.552000e-03 3.980880e-01
374 6.001120e-01 1.508000e-03 3.983800e-01
375 5.998280e-01 1.504000e-03 3.986680e-01
376 5.996160e-01 1.456000e-03 3.989280e-01
377 5.994280e-01 1.368000e-03 3.992040e-01
378 5.992480e-01 1.320000e-03 3.994320e-01
379 5.990760e-01 1.284000e-03 3.996400e-01
380 5.988640e-01 1.288000e-03 3.998480e-01
381 5.987120e-01 1.256000e-03 4.000320e-01
382 5.984760e-01 1.240000e-03 4.002840e-01
383 5.983200e-01 1.188000e-03 4.004920e-01
384 5.981520e-01 1.148000e-03 4.007000e-01
385 5.980040e-01 1.100000e-03 4.008960e-01
386 5.978760e-01 1.080000e-03 4.010440e-01
387 5.977520e-01 1.036000e-03 4.012120e-01
388 5.976080e-01 1.016000e-03 4.013760e-01
389 5.975000e-01 9.360000e-04 4.015640e-01
390 5.973560e-01 8.920000e-04 4.017520e-01
391 5.972760e-01 8.080000e-04 4.019160e-01
392 5.971280e-01 8.080000e-04 4.020640e-01
393 5.970200e-01 7.760000e-04 4.022040e-01
394 5.968960e-01 7.480000e-04 4.023560e-01
395 5.967640e-01 7.600000e-04 4.024760e-01
396 5.966720e-01 7.080000e-04 4.026200e-01
397 5.965600e-01 7.000000e-04 4.027400e-01
398 5.964960e-01 6.320000e-04 4.028720e-01
399 5.963760e-01 6.280000e-04 4.029960e-01
400 5.962720e-01 6.440000e-04 4.030840e-01
401 5.961560e-01 6.600000e-04 4.031840e-01
402 5.960520e-01 6.240000e-04 4.033240e-01
403 5.959520e-01 6.200000e-04 4.034280e-01
404 5.958160e-01 6.200000e-04 4.035640e-01
405 5.956960e-01 6.040000e-04 4.037000e-01
406 5.956000e-01 5.880000e-04 4.038120e-01
407 5.954880e-01 6.280000e-04 4.038840e-01
408 5.953720e-01 6.000000e-04 4.040280e-01
409 5.952600e-01 6.120000e-04 4.041280e-01
410 5.951400e-01 6.200000e-04 4.042400e-01
411 5.950240e-01 6.200000e-04 4.043560e-01
412 5.949320e-01 6.120000e-04 4.044560e-01
413 5.947920e-01 6.160000e-04 4.045920e-01
414 5.947040e-01 5.840000e-04 4.047120e-01
415 5.946240e-01 5.840000e-04 4.047920e-01
416 5.945480e-01 5.400000e-04 4.049120e-01
417 5.944000e-01 6.240000e-04 4.049760e-01
418 5.942840e-01 5.920000e-04 4.051240e-01
419 5.942120e-01 5.680000e-04 4.052200e-01
420 5.940880e-01 5.920000e-04 4.053200e-01
421 5.939720e-01 6.080000e-04 4.054200e-01
422 5.938720e-01 6.040000e-04 4.055240e-01
423 5.937680e-01 6.360000e-04 4.055960e-01
424 5.936560e-01 6.360000e-04 4.057080e-01
425 5.935440e-01 6.480000e-04 4.058080e-01
426 5.934720e-01 6.240000e-04 4.059040e-01
427 5.933680e-01 6.280000e-04 4.060040e-01
428 5.932640e-01 6.240000e-04 4.061120e-01
429 5.931640e-01 6.240000e-04 4.062120e-01
430 5.930760e-01 6.320000e-04 4.062920e-01
431 5.929800e-01 6.200000e-04 4.064000e-01
432 5.929280e-01 5.480000e-04 4.065240e-01
433 5.928400e-01 5.360000e-04 4.066240e-01
434 5.927640e-01 5.160000e-04 4.067200e-01
435 5.926680e-01 5.120000e-04 4.068200e-01
436 5.925960e-01 4.800000e-04 4.069240e-01
437 5.925480e-01 4.440000e-04 4.070080e-01
438 5.924880e-01 4.160000e-04 4.070960e-01
439 5.924080e-01 4.040000e-04 4.071880e-01
440 5.923640e-01 3.680000e-04 4.072680e-01
441 5.922840e-01 3.960000e-04 4.073200e-01
442 5.922040e-01 3.920000e-04 4.074040e-01
443 5.921320e-01 4.040000e-04 4.074640e-01
444 5.920600e-01 4.080000e-04 4.075320e-01
445 5.919840e-01 3.960000e-04 4.076200e-01
446 5.919280e-01 3.720000e-04 4.077000e-01
447 5.918920e-01 3.480000e-04 4.077600e-01
448 5.918440e-01 3.440000e-04 4.078120e-01
449 5.918120e-01 3.200000e-04 4.078680e-01
450 5.917640e-01 3.120000e-04 4.079240e-01
451 5.917160e-01 3.000000e-04 4.079840e-01
452 5.916680e-01 2.920000e-04 4.080400e-01
453 5.916040e-01 3.000000e-04 4.080960e-01
454 5.915680e-01 2.840000e-04 4.081480e-01
455 5.915120e-01 2.960000e-04 4.081920e-01
456 5.914280e-01 3.160000e-04 4.082560e-01
457 5.913400e-01 3.520000e-04 4.083080e-01
458 5.912680e-01 3.680000e-04 4.083640e-01
459 5.912200e-01 3.760000e-04 4.084040e-01
460 5.911640e-01 3.880000e-04 4.084480e-01
461 5.910600e-01 4.320000e-04 4.085080e-01
462 5.909680e-01 4.600000e-04 4.085720e-01
463 5.908680e-01 4.800000e-04 4.086520e-01
464 5.907760e-01 4.720000e-04 4.087520e-01
465 5.906880e-01 4.680000e-04 4.088440e-01
466 5.906440e-01 4.480000e-04 4.089080e-01
467 5.905680e-01 4.160000e-04 4.090160e-01
468 5.905000e-01 4.280000e-04 4.090720e-01
469 5.904080e-01 4.520000e-04 4.091400e-01
470 5.903160e-01 4.360000e-04 4.092480e-01
471 5.901840e-01 4.880000e-04 4.093280e-01
472 5.900800e-01 5.200000e-04 4.094000e-01
473 5.899360e-01 5.840000e-04 4.094800e-01
474 5.898240e-01 6.040000e-04 4.095720e-01
475 5.896880e-01 6.240000e-04 4.096880e-01
476 5.895600e-01 6.280000e-04 4.098120e-01
477 5.894560e-01 6.200000e-04 4.099240e-01
478 5.893640e-01 6.240000e-04 4.100120e-01
479 5.892520e-01 6.320000e-04 4.101160e-01
480 5.891720e-01 6.440000e-04 4.101840e-01
481 5.890960e-01 6.160000e-04 4.102880e-01
482 5.890280e-01 5.560000e-04 4.104160e-01
483 5.889720e-01 5.360000e-04 4.104920e-01
484 5.889160e-01 5.240000e-04 4.105600e-01
485 5.888400e-01 4.760000e-04 4.106840e-01
486 5.887800e-01 4.480000e-04 4.107720e-01
487 5.886520e-01 4.880000e-04 4.108600e-01
488 5.885600e-01 5.120000e-04 4.109280e-01
489 5.884680e-01 5.040000e-04 4.110280e-01
490 5.884000e-01 5.120000e-04 4.110880e-01
491 5.883320e-01 4.840000e-04 4.111840e-01
492 5.882640e-01 4.400000e-04 4.112960e-01
493 5.882200e-01 4.160000e-04 4.113640e-01
494 5.881800e-01 4.160000e-04 4.114040e-01
495 5.881440e-01 3.880000e-04 4.114680e-01
496 5.880880e-01 3.600000e-04 4.115520e-01
497 5.880320e-01 3.560000e-04 4.116120e-01
498 5.880000e-01 3.240000e-04 4.116760e-01
499 5.879640e-01 2.640000e-04 4.117720e-01
500 5.879480e-01 2.480000e-04 4.118040e-01
