1 9.992240e-01 6.680000e-04 1.080000e-04
2 9.987080e-01 1.068000e-03 2.240000e-04
3 9.981200e-01 1.440000e-03 4.400000e-04
4 9.974400e-01 1.816000e-03 7.440000e-04
5 9.965440e-01 2.380000e-03 1.076000e-03
6 9.955720e-01 2.896000e-03 1.532000e-03
7 9.943520e-01 3.596000e-03 2.052000e-03
8 9.933520e-01 4.028000e-03 2.620000e-03
9 9.920560e-01 4.536000e-03 3.408000e-03
10 9.908840e-01 4.808000e-03 4.308000e-03
11 9.896320e-01 5.232000e-03 5.136000e-03
12 9.883880e-01 5.560000e-03 6.052000e-03
13 9.870720e-01 5.916000e-03 7.012000e-03
14 9.856160e-01 6.416000e-03 7.968000e-03
15 9.841840e-01 6.644000e-03 9.172000e-03
16 9.829120e-01 6.772000e-03 1.031600e-02
17 9.812680e-01 7.200000e-03 1.153200e-02
18 9.796560e-01 7.516000e-03 1.282800e-02
19 9.781040e-01 7.812000e-03 1.408400e-02
20 9.764240e-01 8.180000e-03 1.539600e-02
21 9.747480e-01 8.388000e-03 1.686400e-02
22 9.730280e-01 8.684000e-03 1.828800e-02
23 9.713120e-01 8.900000e-03 1.978800e-02
24 9.695040e-01 9.016000e-03 2.148000e-02
25 9.679240e-01 8.980000e-03 2.309600e-02
26 9.662960e-01 9.008000e-03 2.469600e-02
27 9.644040e-01 9.396000e-03 2.620000e-02
28 9.627520e-01 9.432000e-03 2.781600e-02
29 9.609040e-01 9.616000e-03 2.948000e-02
30 9.589800e-01 9.800000e-03 3.122000e-02
31 9.570080e-01 1.007600e-02 3.291600e-02
32 9.550120e-01 1.037600e-02 3.461200e-02
33 9.532520e-01 1.028800e-02 3.646000e-02
34 9.512320e-01 1.039600e-02 3.837200e-02
35 9.492560e-01 1.056000e-02 4.018400e-02
36 9.473160e-01 1.060800e-02 4.207600e-02
37 9.452840e-01 1.079200e-02 4.392400e-02
38 9.431200e-01 1.104800e-02 4.583200e-02
39 9.409480e-01 1.118800e-02 4.786400e-02
40 9.388880e-01 1.117600e-02 4.993600e-02
41 9.369400e-01 1.109200e-02 5.196800e-02
42 9.349640e-01 1.116800e-02 5.386800e-02
43 9.328120e-01 1.162400e-02 5.556400e-02
44 9.307880e-01 1.160000e-02 5.761200e-02
45 9.285960e-01 1.171600e-02 5.968800e-02
46 9.266160e-01 1.177200e-02 6.161200e-02
47 9.245920e-01 1.168800e-02 6.372000e-02
48 9.224560e-01 1.169600e-02 6.584800e-02
49 9.204040e-01 1.168800e-02 6.790800e-02
50 9.184240e-01 1.158800e-02 6.998800e-02
51 9.165040e-01 1.146800e-02 7.202800e-02
52 9.144280e-01 1.138800e-02 7.418400e-02
53 9.123360e-01 1.156800e-02 7.609600e-02
54 9.102120e-01 1.162400e-02 7.816400e-02
55 9.082120e-01 1.166400e-02 8.012400e-02
56 9.062400e-01 1.173200e-02 8.202800e-02
57 9.043040e-01 1.155600e-02 8.414000e-02
58 9.023480e-01 1.143600e-02 8.621600e-02
59 9.002520e-01 1.146000e-02 8.828800e-02
60 8.981240e-01 1.160800e-02 9.026800e-02
61 8.959320e-01 1.183600e-02 9.223200e-02
62 8.938200e-01 1.184800e-02 9.433200e-02
63 8.914920e-01 1.207200e-02 9.643600e-02
64 8.893240e-01 1.224400e-02 9.843200e-02
65 8.871800e-01 1.230000e-02 1.005200e-01
66 8.849160e-01 1.221200e-02 1.028720e-01
67 8.826080e-01 1.252000e-02 1.048720e-01
68 8.803440e-01 1.258000e-02 1.070760e-01
69 8.780360e-01 1.274400e-02 1.092200e-01
70 8.757800e-01 1.296400e-02 1.112560e-01
71 8.736040e-01 1.306000e-02 1.133360e-01
72 8.713640e-01 1.306000e-02 1.155760e-01
73 8.690320e-01 1.322000e-02 1.177480e-01
74 8.668800e-01 1.302800e-02 1.200920e-01
75 8.646680e-01 1.302800e-02 1.223040e-01
76 8.627160e-01 1.276000e-02 1.245240e-01
77 8.606440e-01 1.263600e-02 1.267200e-01
78 8.585680e-01 1.239600e-02 1.290360e-01
79 8.564640e-01 1.251200e-02 1.310240e-01
80 8.542240e-01 1.259200e-02 1.331840e-01
81 8.520680e-01 1.260000e-02 1.353320e-01
82 8.501120e-01 1.220000e-02 1.376880e-01
83 8.480880e-01 1.217600e-02 1.397360e-01
84 8.459360e-01 1.233600e-02 1.417280e-01
85 8.435800e-01 1.240800e-02 1.440120e-01
86 8.414920e-01 1.246400e-02 1.460440e-01
87 8.395120e-01 1.222400e-02 1.482640e-01
88 8.375160e-01 1.217600e-02 1.503080e-01
89 8.354720e-01 1.210400e-02 1.524240e-01
90 8.335320e-01 1.195600e-02 1.545120e-01
91 8.317400e-01 1.176000e-02 1.565000e-01
92 8.296160e-01 1.193600e-02 1.584480e-01
93 8.278000e-01 1.168000e-02 1.605200e-01
94 8.258080e-01 1.153200e-02 1.626600e-01
95 8.238120e-01 1.141600e-02 1.647720e-01
96 8.218760e-01 1.137200e-02 1.667520e-01
97 8.201040e-01 1.108000e-02 1.688160e-01
98 8.181320e-01 1.111200e-02 1.707560e-01
99 8.163520e-01 1.100400e-02 1.726440e-01
100 8.145240e-01 1.104000e-02 1.744360e-01
101 8.128560e-01 1.076800e-02 1.763760e-01
102 8.112640e-01 1.041200e-02 1.783240e-01
103 8.097720e-01 1.023600e-02 1.799920e-01
104 8.082800e-01 9.968000e-03 1.817520e-01
105 8.065800e-01 9.956000e-03 1.834640e-01
106 8.048040e-01 1.006800e-02 1.851280e-01
107 8.030280e-01 1.014000e-02 1.868320e-01
108 8.011520e-01 1.026800e-02 1.885800e-01
109 7.994400e-01 1.028000e-02 1.902800e-01
110 7.976960e-01 1.021200e-02 1.920920e-01
111 7.960120e-01 1.014800e-02 1.938400e-01
112 7.944240e-01 9.824000e-03 1.957520e-01
113 7.928720e-01 9.676000e-03 1.974520e-01
114 7.912840e-01 9.532000e-03 1.991840e-01
115 7.897000e-01 9.484000e-03 2.008160e-01
116 7.880080e-01 9.428000e-03 2.025640e-01
117 7.863920e-01 9.500000e-03 2.041080e-01
118 7.848040e-01 9.340000e-03 2.058560e-01
119 7.831720e-01 9.380000e-03 2.074480e-01
120 7.817480e-01 9.128000e-03 2.091240e-01
121 7.802280e-01 9.000000e-03 2.107720e-01
122 7.788440e-01 8.828000e-03 2.123280e-01
123 7.773480e-01 8.748000e-03 2.139040e-01
124 7.756760e-01 8.848000e-03 2.154760e-01
125 7.741280e-01 8.884000e-03 2.169880e-01
126 7.722880e-01 9.244000e-03 2.184680e-01
127 7.706120e-01 9.428000e-03 2.199600e-01
128 7.687520e-01 9.664000e-03 2.215840e-01
129 7.670520e-01 9.600000e-03 2.233480e-01
130 7.653760e-01 9.572000e-03 2.250520e-01
131 7.636120e-01 9.708000e-03 2.266800e-01
132 7.619600e-01 9.580000e-03 2.284600e-01
133 7.601480e-01 9.712000e-03 2.301400e-01
134 7.584360e-01 9.764000e-03 2.318000e-01
135 7.570720e-01 9.376000e-03 2.335520e-01
136 7.554600e-01 9.332000e-03 2.352080e-01
137 7.539120e-01 9.352000e-03 2.367360e-01
138 7.521560e-01 9.480000e-03 2.383640e-01
139 7.505920e-01 9.324000e-03 2.400840e-01
140 7.489120e-01 9.416000e-03 2.416720e-01
141 7.470400e-01 9.684000e-03 2.432760e-01
142 7.454920e-01 9.516000e-03 2.449920e-01
143 7.440080e-01 9.424000e-03 2.465680e-01
144 7.425760e-01 9.160000e-03 2.482640e-01
145 7.409600e-01 9.016000e-03 2.500240e-01
146 7.394120e-01 9.052000e-03 2.515360e-01
147 7.378080e-01 8.940000e-03 2.532520e-01
148 7.361880e-01 9.080000e-03 2.547320e-01
149 7.345080e-01 9.240000e-03 2.562520e-01
150 7.330160e-01 9.072000e-03 2.579120e-01
151 7.313040e-01 9.224000e-03 2.594720e-01
152 7.297200e-01 9.132000e-03 2.611480e-01
153 7.281160e-01 9.232000e-03 2.626520e-01
154 7.265560e-01 9.204000e-03 2.642400e-01
155 7.251120e-01 8.904000e-03 2.659840e-01
156 7.236160e-01 8.928000e-03 2.674560e-01
157 7.220280e-01 9.004000e-03 2.689680e-01
158 7.204560e-01 9.020000e-03 2.705240e-01
159 7.189520e-01 8.864000e-03 2.721840e-01
160 7.174840e-01 8.952000e-03 2.735640e-01
161 7.160800e-01 8.784000e-03 2.751360e-01
162 7.146680e-01 8.664000e-03 2.766680e-01
163 7.133640e-01 8.348000e-03 2.782880e-01
164 7.121160e-01 8.100000e-03 2.797840e-01
165 7.108320e-01 7.972000e-03 2.811960e-01
166 7.096200e-01 7.808000e-03 2.825720e-01
167 7.083040e-01 7.816000e-03 2.838800e-01
168 7.069440e-01 7.796000e-03 2.852600e-01
169 7.055440e-01 7.724000e-03 2.867320e-01
170 7.043360e-01 7.692000e-03 2.879720e-01
171 7.031120e-01 7.532000e-03 2.893560e-01
172 7.020280e-01 7.332000e-03 2.906400e-01
173 7.009400e-01 7.120000e-03 2.919400e-01
174 6.998560e-01 6.980000e-03 2.931640e-01
175 6.986240e-01 7.080000e-03 2.942960e-01
176 6.973560e-01 7.096000e-03 2.955480e-01
177 6.962280e-01 6.988000e-03 2.967840e-01
178 6.950920e-01 6.912000e-03 2.979960e-01
179 6.940000e-01 6.908000e-03 2.990920e-01
180 6.929080e-01 6.832000e-03 3.002600e-01
181 6.917880e-01 6.784000e-03 3.014280e-01
182 6.906720e-01 6.700000e-03 3.026280e-01
183 6.895480e-01 6.628000e-03 3.038240e-01
184 6.885280e-01 6.488000e-03 3.049840e-01
185 6.874320e-01 6.484000e-03 3.060840e-01
186 6.864000e-01 6.412000e-03 3.071880e-01
187 6.853600e-01 6.408000e-03 3.082320e-01
188 6.842880e-01 6.444000e-03 3.092680e-01
189 6.832880e-01 6.276000e-03 3.104360e-01
190 6.823280e-01 6.140000e-03 3.115320e-01
191 6.813360e-01 6.124000e-03 3.125400e-01
192 6.801800e-01 6.256000e-03 3.135640e-01
193 6.790520e-01 6.304000e-03 3.146440e-01
194 6.780360e-01 6.172000e-03 3.157920e-01
195 6.769640e-01 6.100000e-03 3.169360e-01
196 6.758160e-01 6.032000e-03 3.181520e-01
197 6.747400e-01 5.880000e-03 3.193800e-01
198 6.737960e-01 5.828000e-03 3.203760e-01
199 6.728360e-01 5.756000e-03 3.214080e-01
200 6.719160e-01 5.668000e-03 3.224160e-01
201 6.709040e-01 5.576000e-03 3.235200e-01
202 6.699520e-01 5.568000e-03 3.244800e-01
203 6.689000e-01 5.776000e-03 3.253240e-01
204 6.679800e-01 5.692000e-03 3.263280e-01
205 6.670760e-01 5.548000e-03 3.273760e-01
206 6.662560e-01 5.308000e-03 3.284360e-01
207 6.654000e-01 5.216000e-03 3.293840e-01
208 6.646080e-01 5.060000e-03 3.303320e-01
209 6.638000e-01 4.920000e-03 3.312800e-01
210 6.628920e-01 4.928000e-03 3.321800e-01
211 6.620440e-01 4.876000e-03 3.330800e-01
212 6.611320e-01 4.860000e-03 3.340080e-01
213 6.603760e-01 4.732000e-03 3.348920e-01
214 6.596680e-01 4.668000e-03 3.356640e-01
215 6.588640e-01 4.564000e-03 3.365720e-01
216 6.579960e-01 4.620000e-03 3.373840e-01
217 6.572520e-01 4.608000e-03 3.381400e-01
218 6.564680e-01 4.500000e-03 3.390320e-01
219 6.554520e-01 4.760000e-03 3.397880e-01
220 6.545040e-01 4.824000e-03 3.406720e-01
221 6.536000e-01 4.908000e-03 3.414920e-01
222 6.527720e-01 4.800000e-03 3.424280e-01
223 6.520080e-01 4.740000e-03 3.432520e-01
224 6.511560e-01 4.796000e-03 3.440480e-01
225 6.503080e-01 4.776000e-03 3.449160e-01
226 6.493200e-01 4.860000e-03 3.458200e-01
227 6.484800e-01 4.924000e-03 3.465960e-01
228 6.476680e-01 4.980000e-03 3.473520e-01
229 6.468720e-01 4.924000e-03 3.482040e-01
230 6.460760e-01 4.856000e-03 3.490680e-01
231 6.452520e-01 4.864000e-03 3.498840e-01
232 6.446080e-01 4.636000e-03 3.507560e-01
233 6.439080e-01 4.496000e-03 3.515960e-01
234 6.433000e-01 4.344000e-03 3.523560e-01
235 6.426640e-01 4.128000e-03 3.532080e-01
236 6.420280e-01 4.016000e-03 3.539560e-01
237 6.415160e-01 3.800000e-03 3.546840e-01
238 6.409920e-01 3.600000e-03 3.554080e-01
239 6.403600e-01 3.736000e-03 3.559040e-01
240 6.397800e-01 3.732000e-03 3.564880e-01
241 6.392440e-01 3.624000e-03 3.571320e-01
242 6.386480e-01 3.616000e-03 3.577360e-01
243 6.380920e-01 3.500000e-03 3.584080e-01
244 6.375920e-01 3.420000e-03 3.589880e-01
245 6.369400e-01 3.500000e-03 3.595600e-01
246 6.363120e-01 3.544000e-03 3.601440e-01
247 6.357720e-01 3.432000e-03 3.607960e-01
248 6.352480e-01 3.300000e-03 3.614520e-01
249 6.346200e-01 3.344000e-03 3.620360e-01
250 6.341040e-01 3.260000e-03 3.626360e-01
251 6.336200e-01 3.200000e-03 3.631800e-01
252 6.330960e-01 3.188000e-03 3.637160e-01
253 6.327040e-01 2.924000e-03 3.643720e-01
254 6.322360e-01 2.904000e-03 3.648600e-01
255 6.317800e-01 2.852000e-03 3.653680e-01
256 6.312240e-01 2.888000e-03 3.658880e-01
257 6.308320e-01 2.772000e-03 3.663960e-01
258 6.303360e-01 2.764000e-03 3.669000e-01
259 6.299360e-01 2.600000e-03 3.674640e-01
260 6.295960e-01 2.536000e-03 3.678680e-01
261 6.291840e-01 2.516000e-03 3.683000e-01
262 6.287840e-01 2.464000e-03 3.687520e-01
263 6.284440e-01 2.364000e-03 3.691920e-01
264 6.280560e-01 2.356000e-03 3.695880e-01
265 6.277120e-01 2.296000e-03 3.699920e-01
266 6.274320e-01 2.108000e-03 3.704600e-01
267 6.271080e-01 2.036000e-03 3.708560e-01
268 6.267400e-01 2.064000e-03 3.711960e-01
269 6.264280e-01 2.040000e-03 3.715320e-01
270 6.261160e-01 2.024000e-03 3.718600e-01
271 6.258120e-01 1.928000e-03 3.722600e-01
272 6.255160e-01 1.868000e-03 3.726160e-01
273 6.251840e-01 1.924000e-03 3.728920e-01
274 6.248680e-01 1.920000e-03 3.732120e-01
275 6.246720e-01 1.768000e-03 3.735600e-01
276 6.244240e-01 1.740000e-03 3.738360e-01
277 6.241400e-01 1.708000e-03 3.741520e-01
278 6.238000e-01 1.768000e-03 3.744320e-01
279 6.235040e-01 1.712000e-03 3.747840e-01
280 6.231760e-01 1.696000e-03 3.751280e-01
281 6.228480e-01 1.692000e-03 3.754600e-01
282 6.225440e-01 1.708000e-03 3.757480e-01
283 6.222720e-01 1.732000e-03 3.759960e-01
284 6.219520e-01 1.696000e-03 3.763520e-01
285 6.216640e-01 1.668000e-03 3.766680e-01
286 6.213480e-01 1.748000e-03 3.769040e-01
287 6.210480e-01 1.716000e-03 3.772360e-01
288 6.208120e-01 1.644000e-03 3.775440e-01
289 6.205440e-01 1.612000e-03 3.778440e-01
290 6.202800e-01 1.608000e-03 3.781120e-01
291 6.200240e-01 1.600000e-03 3.783760e-01
292 6.198200e-01 1.496000e-03 3.786840e-01
293 6.195400e-01 1.548000e-03 3.789120e-01
294 6.192200e-01 1.612000e-03 3.791680e-01
295 6.189120e-01 1.652000e-03 3.794360e-01
296 6.186120e-01 1.692000e-03 3.796960e-01
297 6.183160e-01 1.684000e-03 3.800000e-01
298 6.180120e-01 1.668000e-03 3.803200e-01
299 6.176960e-01 1.712000e-03 3.805920e-01
300 6.173760e-01 1.740000e-03 3.808840e-01
301 6.171000e-01 1.744000e-03 3.811560e-01
302 6.168120e-01 1.740000e-03 3.814480e-01
303 6.166000e-01 1.660000e-03 3.817400e-01
304 6.163640e-01 1.616000e-03 3.820200e-01
305 6.161440e-01 1.540000e-03 3.823160e-01
306 6.159360e-01 1.492000e-03 3.825720e-01
307 6.157520e-01 1.436000e-03 3.828120e-01
308 6.154800e-01 1.472000e-03 3.830480e-01
309 6.152360e-01 1.480000e-03 3.832840e-01
310 6.150120e-01 1.404000e-03 3.835840e-01
311 6.148200e-01 1.284000e-03 3.838960e-01
312 6.146320e-01 1.244000e-03 3.841240e-01
313 6.144560e-01 1.208000e-03 3.843360e-01
314 6.142320e-01 1.236000e-03 3.845320e-01
315 6.140280e-01 1.236000e-03 3.847360e-01
316 6.137960e-01 1.264000e-03 3.849400e-01
317 6.135240e-01 1.284000e-03 3.851920e-01
318 6.132440e-01 1.336000e-03 3.854200e-01
319 6.129360e-01 1.416000e-03 3.856480e-01
320 6.125720e-01 1.548000e-03 3.858800e-01
321 6.123000e-01 1.568000e-03 3.861320e-01
322 6.119800e-01 1.560000e-03 3.864600e-01
323 6.117040e-01 1.584000e-03 3.867120e-01
324 6.113800e-01 1.668000e-03 3.869520e-01
325 6.110880e-01 1.668000e-03 3.872440e-01
326 6.107800e-01 1.668000e-03 3.875520e-01
327 6.105000e-01 1.672000e-03 3.878280e-01
328 6.102200e-01 1.668000e-03 3.881120e-01
329 6.099360e-01 1.632000e-03 3.884320e-01
330 6.096920e-01 1.604000e-03 3.887040e-01
331 6.094160e-01 1.612000e-03 3.889720e-01
332 6.092040e-01 1.540000e-03 3.892560e-01
333 6.090080e-01 1.480000e-03 3.895120e-01
334 6.087600e-01 1.492000e-03 3.897480e-01
335 6.084720e-01 1.544000e-03 3.899840e-01
336 6.082480e-01 1.472000e-03 3.902800e-01
337 6.080280e-01 1.424000e-03 3.905480e-01
338 6.078000e-01 1.392000e-03 3.908080e-01
339 6.075640e-01 1.408000e-03 3.910280e-01
340 6.073080e-01 1.436000e-03 3.912560e-01
341 6.071040e-01 1.412000e-03 3.914840e-01
342 6.068960e-01 1.388000e-03 3.917160e-01
343 6.067040e-01 1.360000e-03 3.919360e-01
344 6.064640e-01 1.392000e-03 3.921440e-01
345 6.062320e-01 1.396000e-03 3.923720e-01
346 6.059960e-01 1.332000e-03 3.926720e-01
347 6.057920e-01 1.312000e-03 3.928960e-01
348 6.056040e-01 1.284000e-03 3.931120e-01
349 6.053960e-01 1.284000e-03 3.933200e-01
350 6.052280e-01 1.240000e-03 3.935320e-01
351 6.051000e-01 1.196000e-03 3.937040e-01
352 6.049480e-01 1.100000e-03 3.939520e-01
353 6.046920e-01 1.188000e-03 3.941200e-01
354 6.044800e-01 1.180000e-03 3.943400e-01
355 6.042320e-01 1.228000e-03 3.945400e-01
356 6.040160e-01 1.224000e-03 3.947600e-01
357 6.038440e-01 1.172000e-03 3.949840e-01
358 6.036000e-01 1.212000e-03 3.951880e-01
359 6.034160e-01 1.172000e-03 3.954120e-01
360 6.032360e-01 1.188000e-03 3.955760e-01
361 6.030600e-01 1.232000e-03 3.957080e-01
362 6.028360e-01 1.228000e-03 3.959360e-01
363 6.026520e-01 1.196000e-03 3.961520e-01
364 6.024680e-01 1.148000e-03 3.963840e-01
365 6.022880e-01 1.136000e-03 3.965760e-01
366 6.021480e-01 1.128000e-03 3.967240e-01
367 6.019960e-01 1.096000e-03 3.969080e-01
368 6.018680e-01 1.016000e-03 3.971160e-01
369 6.016840e-01 1.036000e-03 3.972800e-01
370 6.014920e-01 1.012000e-03 3.974960e-01
371 6.013480e-01 1.024000e-03 3.976280e-01
372 6.011320e-01 1.080000e-03 3.977880e-01
373 6.009320e-01 1.116000e-03 3.979520e-01
374 6.007800e-01 1.048000e-03 3.981720e-01
375 6.006480e-01 1.008000e-03 3.983440e-01
376 6.004920e-01 9.840000e-04 3.985240e-01
377 6.003320e-01 9.600000e-04 3.987080e-01
378 6.001840e-01 9.520000e-04 3.988640e-01
379 6.000920e-01 8.720000e-04 3.990360e-01
380 5.999880e-01 8.280000e-04 3.991840e-01
381 5.998400e-01 8.400000e-04 3.993200e-01
382 5.997240e-01 8.160000e-04 3.994600e-01
383 5.996160e-01 7.800000e-04 3.996040e-01
384 5.994640e-01 8.040000e-04 3.997320e-01
385 5.993400e-01 7.920000e-04 3.998680e-01
386 5.992440e-01 7.880000e-04 3.999680e-01
387 5.991520e-01 7.360000e-04 4.001120e-01
388 5.990800e-01 6.720000e-04 4.002480e-01
389 5.990200e-01 6.320000e-04 4.003480e-01
390 5.989160e-01 6.240000e-04 4.004600e-01
391 5.987920e-01 6.640000e-04 4.005440e-01
392 5.987000e-01 6.400000e-04 4.006600e-01
393 5.985800e-01 6.640000e-04 4.007560e-01
394 5.984760e-01 6.680000e-04 4.008560e-01
395 5.984040e-01 6.040000e-04 4.009920e-01
396 5.982920e-01 6.040000e-04 4.011040e-01
397 5.982000e-01 5.880000e-04 4.012120e-01
398 5.981120e-01 5.720000e-04 4.013160e-01
399 5.979680e-01 6.080000e-04 4.014240e-01
400 5.978800e-01 6.080000e-04 4.015120e-01
401 5.978040e-01 5.480000e-04 4.016480e-01
402 5.977600e-01 4.920000e-04 4.017480e-01
403 5.976960e-01 4.840000e-04 4.018200e-01
404 5.976480e-01 4.320000e-04 4.019200e-01
405 5.976080e-01 4.000000e-04 4.019920e-01
406 5.975760e-01 3.480000e-04 4.020760e-01
407 5.975520e-01 3.240000e-04 4.021240e-01
408 5.975120e-01 3.200000e-04 4.021680e-01
409 5.974760e-01 3.120000e-04 4.022120e-01
410 5.973960e-01 3.320000e-04 4.022720e-01
411 5.973320e-01 3.440000e-04 4.023240e-01
412 5.972600e-01 3.560000e-04 4.023840e-01
413 5.972080e-01 3.600000e-04 4.024320e-01
414 5.971600e-01 3.240000e-04 4.025160e-01
415 5.971040e-01 3.160000e-04 4.025800e-01
416 5.970480e-01 3.040000e-04 4.026480e-01
417 5.969920e-01 2.720000e-04 4.027360e-01
418 5.969040e-01 3.000000e-04 4.027960e-01
419 5.968360e-01 3.120000e-04 4.028520e-01
420 5.967680e-01 3.240000e-04 4.029080e-01
421 5.967080e-01 3.240000e-04 4.029680e-01
422 5.966480e-01 3.320000e-04 4.030200e-01
423 5.965480e-01 3.800000e-04 4.030720e-01
424 5.964720e-01 3.880000e-04 4.031400e-01
425 5.964080e-01 3.480000e-04 4.032440e-01
426 5.963400e-01 3.400000e-04 4.033200e-01
427 5.962880e-01 3.200000e-04 4.033920e-01
428 5.962040e-01 3.080000e-04 4.034880e-01
429 5.961280e-01 3.400000e-04 4.035320e-01
430 5.960560e-01 3.520000e-04 4.035920e-01
431 5.959640e-01 3.600000e-04 4.036760e-01
432 5.958680e-01 3.840000e-04 4.037480e-01
433 5.957760e-01 4.280000e-04 4.037960e-01
434 5.956760e-01 4.480000e-04 4.038760e-01
435 5.955960e-01 4.640000e-04 4.039400e-01
436 5.954840e-01 5.000000e-04 4.040160e-01
437 5.953720e-01 5.160000e-04 4.041120e-01
438 5.953080e-01 4.600000e-04 4.042320e-01
439 5.952080e-01 4.920000e-04 4.043000e-01
440 5.950800e-01 5.160000e-04 4.044040e-01
441 5.950000e-01 5.120000e-04 4.044880e-01
442 5.949120e-01 5.320000e-04 4.045560e-01
443 5.948480e-01 5.040000e-04 4.046480e-01
444 5.947720e-01 4.720000e-04 4.047560e-01
445 5.946920e-01 4.600000e-04 4.048480e-01
446 5.946120e-01 4.480000e-04 4.049400e-01
447 5.945200e-01 4.360000e-04 4.050440e-01
448 5.944440e-01 4.200000e-04 4.051360e-01
449 5.943680e-01 4.360000e-04 4.051960e-01
450 5.942840e-01 4.520000e-04 4.052640e-01
451 5.941920e-01 4.800000e-04 4.053280e-01
452 5.940960e-01 4.280000e-04 4.054760e-01
453 5.939760e-01 4.560000e-04 4.055680e-01
454 5.938680e-01 5.120000e-04 4.056200e-01
455 5.937520e-01 5.240000e-04 4.057240e-01
456 5.936640e-01 5.040000e-04 4.058320e-01
457 5.935320e-01 5.800000e-04 4.058880e-01
458 5.933800e-01 6.080000e-04 4.060120e-01
459 5.932840e-01 6.160000e-04 4.061000e-01
460 5.932080e-01 5.920000e-04 4.062000e-01
461 5.931480e-01 5.480000e-04 4.063040e-01
462 5.931040e-01 4.800000e-04 4.064160e-01
463 5.930320e-01 4.960000e-04 4.064720e-01
464 5.929640e-01 4.760000e-04 4.065600e-01
465 5.929040e-01 4.800000e-04 4.066160e-01
466 5.928600e-01 4.480000e-04 4.066920e-01
467 5.927800e-01 4.240000e-04 4.067960e-01
468 5.927040e-01 4.200000e-04 4.068760e-01
469 5.926280e-01 4.160000e-04 4.069560e-01
470 5.925760e-01 3.680000e-04 4.070560e-01
471 5.925120e-01 3.960000e-04 4.070920e-01
472 5.924560e-01 3.680000e-04 4.071760e-01
473 5.924160e-01 3.360000e-04 4.072480e-01
474 5.923480e-01 3.440000e-04 4.073080e-01
475 5.923000e-01 3.600000e-04 4.073400e-01
476 5.922560e-01 3.120000e-04 4.074320e-01
477 5.922120e-01 3.080000e-04 4.074800e-01
478 5.921760e-01 2.880000e-04 4.075360e-01
479 5.921360e-01 2.960000e-04 4.075680e-01
480 5.920640e-01 3.320000e-04 4.076040e-01
481 5.920240e-01 3.280000e-04 4.076480e-01
482 5.919560e-01 3.280000e-04 4.077160e-01
483 5.919040e-01 3.080000e-04 4.077880e-01
484 5.918520e-01 3.160000e-04 4.078320e-01
485 5.918080e-01 2.920000e-04 4.079000e-01
486 5.917840e-01 2.680000e-04 4.079480e-01
487 5.917360e-01 2.600000e-04 4.080040e-01
488 5.916960e-01 2.760000e-04 4.080280e-01
489 5.916200e-01 3.040000e-04 4.080760e-01
490 5.915560e-01 3.280000e-04 4.081160e-01
491 5.915240e-01 3.200000e-04 4.081560e-01
492 5.914720e-01 3.240000e-04 4.082040e-01
493 5.914160e-01 3.040000e-04 4.082800e-01
494 5.913680e-01 2.960000e-04 4.083360e-01
495 5.913320e-01 2.800000e-04 4.083880e-01
496 5.912920e-01 2.720000e-04 4.084360e-01
497 5.912440e-01 2.680000e-04 4.084880e-01
498 5.912000e-01 2.960000e-04 4.085040e-01
499 5.911400e-01 3.200000e-04 4.085400e-01
500 5.910440e-01 3.680000e-04 4.085880e-01
