1 9.992440e-01 6.400000e-04 1.160000e-04
2 9.986520e-01 1.068000e-03 2.800000e-04
3 9.979160e-01 1.584000e-03 5.000000e-04
4 9.972240e-01 1.960000e-03 8.160000e-04
5 9.964880e-01 2.348000e-03 1.164000e-03
6 9.955320e-01 2.804000e-03 1.664000e-03
7 9.946240e-01 3.232000e-03 2.144000e-03
8 9.935680e-01 3.732000e-03 2.700000e-03
9 9.925720e-01 4.116000e-03 3.312000e-03
10 9.915040e-01 4.396000e-03 4.100000e-03
11 9.903160e-01 4.728000e-03 4.956000e-03
12 9.891400e-01 5.116000e-03 5.744000e-03
13 9.880720e-01 5.248000e-03 6.680000e-03
14 9.869160e-01 5.504000e-03 7.580000e-03
15 9.858000e-01 5.668000e-03 8.532000e-03
16 9.845960e-01 5.936000e-03 9.468000e-03
17 9.833000e-01 6.288000e-03 1.041200e-02
18 9.819520e-01 6.420000e-03 1.162800e-02
19 9.805600e-01 6.640000e-03 1.280000e-02
20 9.792920e-01 6.852000e-03 1.385600e-02
21 9.779160e-01 6.976000e-03 1.510800e-02
22 9.765440e-01 7.196000e-03 1.626000e-02
23 9.751680e-01 7.196000e-03 1.763600e-02
24 9.737800e-01 7.248000e-03 1.897200e-02
25 9.724280e-01 7.340000e-03 2.023200e-02
26 9.710440e-01 7.452000e-03 2.150400e-02
27 9.694520e-01 7.824000e-03 2.272400e-02
28 9.680560e-01 7.968000e-03 2.397600e-02
29 9.665480e-01 8.168000e-03 2.528400e-02
30 9.650080e-01 8.392000e-03 2.660000e-02
31 9.632560e-01 8.692000e-03 2.805200e-02
32 9.614720e-01 8.856000e-03 2.967200e-02
33 9.596600e-01 9.128000e-03 3.121200e-02
34 9.578720e-01 9.268000e-03 3.286000e-02
35 9.562680e-01 9.284000e-03 3.444800e-02
36 9.545200e-01 9.448000e-03 3.603200e-02
37 9.527360e-01 9.560000e-03 3.770400e-02
38 9.510680e-01 9.660000e-03 3.927200e-02
39 9.492080e-01 9.876000e-03 4.091600e-02
40 9.474440e-01 9.972000e-03 4.258400e-02
41 9.457200e-01 9.876000e-03 4.440400e-02
42 9.439600e-01 9.920000e-03 4.612000e-02
43 9.423280e-01 9.764000e-03 4.790800e-02
44 9.407440e-01 9.556000e-03 4.970000e-02
45 9.390840e-01 9.424000e-03 5.149200e-02
46 9.377000e-01 9.148000e-03 5.315200e-02
47 9.361840e-01 9.204000e-03 5.461200e-02
48 9.345360e-01 9.248000e-03 5.621600e-02
49 9.328080e-01 9.420000e-03 5.777200e-02
50 9.312360e-01 9.424000e-03 5.934000e-02
51 9.293920e-01 9.636000e-03 6.097200e-02
52 9.276880e-01 9.664000e-03 6.264800e-02
53 9.259800e-01 9.712000e-03 6.430800e-02
54 9.243680e-01 9.620000e-03 6.601200e-02
55 9.227440e-01 9.612000e-03 6.764400e-02
56 9.212560e-01 9.512000e-03 6.923200e-02
57 9.195280e-01 9.572000e-03 7.090000e-02
58 9.178040e-01 9.568000e-03 7.262800e-02
59 9.161520e-01 9.592000e-03 7.425600e-02
60 9.143480e-01 9.724000e-03 7.592800e-02
61 9.128080e-01 9.588000e-03 7.760400e-02
62 9.110440e-01 9.696000e-03 7.926000e-02
63 9.095080e-01 9.548000e-03 8.094400e-02
64 9.078280e-01 9.580000e-03 8.259200e-02
65 9.062000e-01 9.588000e-03 8.421200e-02
66 9.045880e-01 9.516000e-03 8.589600e-02
67 9.031840e-01 9.280000e-03 8.753600e-02
68 9.015440e-01 9.268000e-03 8.918800e-02
69 9.000600e-01 9.080000e-03 9.086000e-02
70 8.986520e-01 8.852000e-03 9.249600e-02
71 8.972560e-01 8.592000e-03 9.415200e-02
72 8.957840e-01 8.484000e-03 9.573200e-02
73 8.942480e-01 8.588000e-03 9.716400e-02
74 8.926720e-01 8.648000e-03 9.868000e-02
75 8.912440e-01 8.584000e-03 1.001720e-01
76 8.897440e-01 8.604000e-03 1.016520e-01
77 8.880400e-01 8.932000e-03 1.030280e-01
78 8.865160e-01 8.776000e-03 1.047080e-01
79 8.850200e-01 8.852000e-03 1.061280e-01
80 8.835560e-01 8.824000e-03 1.076200e-01
81 8.818760e-01 8.892000e-03 1.092320e-01
82 8.803360e-01 8.812000e-03 1.108520e-01
83 8.789680e-01 8.572000e-03 1.124600e-01
84 8.774400e-01 8.604000e-03 1.139560e-01
85 8.762840e-01 8.240000e-03 1.154760e-01
86 8.749800e-01 8.244000e-03 1.167760e-01
87 8.736560e-01 8.032000e-03 1.183120e-01
88 8.723640e-01 7.840000e-03 1.197960e-01
89 8.711520e-01 7.736000e-03 1.211120e-01
90 8.699200e-01 7.652000e-03 1.224280e-01
91 8.686040e-01 7.576000e-03 1.238200e-01
92 8.672960e-01 7.652000e-03 1.250520e-01
93 8.659040e-01 7.708000e-03 1.263880e-01
94 8.646080e-01 7.672000e-03 1.277200e-01
95 8.633720e-01 7.604000e-03 1.290240e-01
96 8.620600e-01 7.520000e-03 1.304200e-01
97 8.607480e-01 7.432000e-03 1.318200e-01
98 8.594680e-01 7.412000e-03 1.331200e-01
99 8.582200e-01 7.312000e-03 1.344680e-01
100 8.569480e-01 7.408000e-03 1.356440e-01
101 8.556040e-01 7.496000e-03 1.369000e-01
102 8.541880e-01 7.576000e-03 1.382360e-01
103 8.528240e-01 7.660000e-03 1.395160e-01
104 8.514080e-01 7.760000e-03 1.408320e-01
105 8.501120e-01 7.708000e-03 1.421800e-01
106 8.488320e-01 7.768000e-03 1.434000e-01
107 8.475440e-01 7.652000e-03 1.448040e-01
108 8.462800e-01 7.672000e-03 1.460480e-01
109 8.451680e-01 7.388000e-03 1.474440e-01
110 8.440040e-01 7.248000e-03 1.487480e-01
111 8.427960e-01 7.208000e-03 1.499960e-01
112 8.418280e-01 6.948000e-03 1.512240e-01
113 8.407600e-01 6.804000e-03 1.524360e-01
114 8.397360e-01 6.540000e-03 1.537240e-01
115 8.387120e-01 6.528000e-03 1.547600e-01
116 8.377920e-01 6.360000e-03 1.558480e-01
117 8.366760e-01 6.284000e-03 1.570400e-01
118 8.356400e-01 6.140000e-03 1.582200e-01
119 8.346400e-01 6.120000e-03 1.592400e-01
120 8.336920e-01 6.008000e-03 1.603000e-01
121 8.326880e-01 6.004000e-03 1.613080e-01
122 8.318600e-01 5.712000e-03 1.624280e-01
123 8.309800e-01 5.620000e-03 1.634000e-01
124 8.299880e-01 5.624000e-03 1.643880e-01
125 8.289520e-01 5.704000e-03 1.653440e-01
126 8.280880e-01 5.528000e-03 1.663840e-01
127 8.270880e-01 5.568000e-03 1.673440e-01
128 8.262080e-01 5.440000e-03 1.683520e-01
129 8.253320e-01 5.392000e-03 1.692760e-01
130 8.243560e-01 5.424000e-03 1.702200e-01
131 8.233360e-01 5.444000e-03 1.712200e-01
132 8.223880e-01 5.500000e-03 1.721120e-01
133 8.215320e-01 5.404000e-03 1.730640e-01
134 8.205960e-01 5.392000e-03 1.740120e-01
135 8.196560e-01 5.396000e-03 1.749480e-01
136 8.186920e-01 5.312000e-03 1.759960e-01
137 8.177160e-01 5.372000e-03 1.769120e-01
138 8.168120e-01 5.360000e-03 1.778280e-01
139 8.159200e-01 5.332000e-03 1.787480e-01
140 8.151200e-01 5.188000e-03 1.796920e-01
141 8.143240e-01 5.092000e-03 1.805840e-01
142 8.135880e-01 4.964000e-03 1.814480e-01
143 8.129440e-01 4.664000e-03 1.823920e-01
144 8.120720e-01 4.724000e-03 1.832040e-01
145 8.112800e-01 4.708000e-03 1.840120e-01
146 8.105000e-01 4.700000e-03 1.848000e-01
147 8.098320e-01 4.508000e-03 1.856600e-01
148 8.091000e-01 4.404000e-03 1.864960e-01
149 8.084920e-01 4.184000e-03 1.873240e-01
150 8.077520e-01 4.300000e-03 1.879480e-01
151 8.069920e-01 4.332000e-03 1.886760e-01
152 8.063160e-01 4.300000e-03 1.893840e-01
153 8.054800e-01 4.384000e-03 1.901360e-01
154 8.045920e-01 4.436000e-03 1.909720e-01
155 8.038480e-01 4.344000e-03 1.918080e-01
156 8.031880e-01 4.180000e-03 1.926320e-01
157 8.025400e-01 4.128000e-03 1.933320e-01
158 8.018480e-01 4.156000e-03 1.939960e-01
159 8.011720e-01 4.120000e-03 1.947080e-01
160 8.004200e-01 4.152000e-03 1.954280e-01
161 7.996680e-01 4.128000e-03 1.962040e-01
162 7.989480e-01 4.128000e-03 1.969240e-01
163 7.981920e-01 4.064000e-03 1.977440e-01
164 7.975360e-01 4.048000e-03 1.984160e-01
165 7.967320e-01 4.156000e-03 1.991120e-01
166 7.959320e-01 4.260000e-03 1.998080e-01
167 7.952200e-01 4.236000e-03 2.005440e-01
168 7.944680e-01 4.212000e-03 2.013200e-01
169 7.937480e-01 4.100000e-03 2.021520e-01
170 7.929360e-01 4.176000e-03 2.028880e-01
171 7.921800e-01 4.148000e-03 2.036720e-01
172 7.914640e-01 4.168000e-03 2.043680e-01
173 7.906600e-01 4.252000e-03 2.050880e-01
174 7.899120e-01 4.296000e-03 2.057920e-01
175 7.890920e-01 4.332000e-03 2.065760e-01
176 7.882240e-01 4.348000e-03 2.074280e-01
177 7.873760e-01 4.512000e-03 2.081120e-01
178 7.866040e-01 4.444000e-03 2.089520e-01
179 7.857800e-01 4.376000e-03 2.098440e-01
180 7.849880e-01 4.476000e-03 2.105360e-01
181 7.841720e-01 4.488000e-03 2.113400e-01
182 7.833760e-01 4.500000e-03 2.121240e-01
183 7.826840e-01 4.360000e-03 2.129560e-01
184 7.818880e-01 4.280000e-03 2.138320e-01
185 7.810200e-01 4.352000e-03 2.146280e-01
186 7.801600e-01 4.456000e-03 2.153840e-01
187 7.794360e-01 4.380000e-03 2.161840e-01
188 7.788120e-01 4.160000e-03 2.170280e-01
189 7.780880e-01 4.180000e-03 2.177320e-01
190 7.774840e-01 4.084000e-03 2.184320e-01
191 7.768320e-01 4.012000e-03 2.191560e-01
192 7.761400e-01 4.036000e-03 2.198240e-01
193 7.755160e-01 3.940000e-03 2.205440e-01
194 7.748400e-01 3.840000e-03 2.213200e-01
195 7.741120e-01 3.912000e-03 2.219760e-01
196 7.733120e-01 3.988000e-03 2.227000e-01
197 7.727360e-01 3.912000e-03 2.233520e-01
198 7.719840e-01 4.032000e-03 2.239840e-01
199 7.712880e-01 4.020000e-03 2.246920e-01
200 7.706400e-01 3.960000e-03 2.254000e-01
201 7.699640e-01 3.908000e-03 2.261280e-01
202 7.692720e-01 3.928000e-03 2.268000e-01
203 7.684800e-01 4.056000e-03 2.274640e-01
204 7.677360e-01 4.204000e-03 2.280600e-01
205 7.669040e-01 4.292000e-03 2.288040e-01
206 7.661960e-01 4.240000e-03 2.295640e-01
207 7.654240e-01 4.200000e-03 2.303760e-01
208 7.647600e-01 4.140000e-03 2.311000e-01
209 7.639760e-01 4.232000e-03 2.317920e-01
210 7.632800e-01 4.180000e-03 2.325400e-01
211 7.625480e-01 4.152000e-03 2.333000e-01
212 7.618600e-01 4.120000e-03 2.340200e-01
213 7.611320e-01 4.172000e-03 2.346960e-01
214 7.603800e-01 4.188000e-03 2.354320e-01
215 7.597080e-01 4.116000e-03 2.361760e-01
216 7.589920e-01 4.044000e-03 2.369640e-01
217 7.582400e-01 4.108000e-03 2.376520e-01
218 7.575400e-01 4.092000e-03 2.383680e-01
219 7.567120e-01 4.140000e-03 2.391480e-01
220 7.560120e-01 4.020000e-03 2.399680e-01
221 7.552600e-01 4.036000e-03 2.407040e-01
222 7.545320e-01 4.024000e-03 2.414440e-01
223 7.537480e-01 4.088000e-03 2.421640e-01
224 7.530160e-01 4.084000e-03 2.429000e-01
225 7.522240e-01 4.184000e-03 2.435920e-01
226 7.514680e-01 4.188000e-03 2.443440e-01
227 7.506520e-01 4.224000e-03 2.451240e-01
228 7.499720e-01 4.200000e-03 2.458280e-01
229 7.492520e-01 4.220000e-03 2.465280e-01
230 7.486520e-01 4.088000e-03 2.472600e-01
231 7.480040e-01 4.012000e-03 2.479840e-01
232 7.472840e-01 4.032000e-03 2.486840e-01
233 7.466800e-01 3.896000e-03 2.494240e-01
234 7.460000e-01 3.860000e-03 2.501400e-01
235 7.453920e-01 3.780000e-03 2.508280e-01
236 7.447320e-01 3.764000e-03 2.515040e-01
237 7.440200e-01 3.828000e-03 2.521520e-01
238 7.433600e-01 3.768000e-03 2.528720e-01
239 7.426600e-01 3.760000e-03 2.535800e-01
240 7.419720e-01 3.704000e-03 2.543240e-01
241 7.414440e-01 3.572000e-03 2.549840e-01
242 7.408120e-01 3.532000e-03 2.556560e-01
243 7.402320e-01 3.488000e-03 2.562800e-01
244 7.397080e-01 3.464000e-03 2.568280e-01
245 7.391440e-01 3.428000e-03 2.574280e-01
246 7.385960e-01 3.340000e-03 2.580640e-01
247 7.381480e-01 3.192000e-03 2.586600e-01
248 7.376400e-01 3.172000e-03 2.591880e-01
249 7.371440e-01 3.084000e-03 2.597720e-01
250 7.366560e-01 3.032000e-03 2.603120e-01
251 7.361840e-01 3.044000e-03 2.607720e-01
252 7.356440e-01 3.052000e-03 2.613040e-01
253 7.351720e-01 3.028000e-03 2.618000e-01
254 7.346200e-01 3.084000e-03 2.622960e-01
255 7.340840e-01 3.140000e-03 2.627760e-01
256 7.334840e-01 3.192000e-03 2.633240e-01
257 7.329440e-01 3.252000e-03 2.638040e-01
258 7.323800e-01 3.220000e-03 2.644000e-01
259 7.318400e-01 3.156000e-03 2.650040e-01
260 7.312720e-01 3.192000e-03 2.655360e-01
261 7.307120e-01 3.200000e-03 2.660880e-01
262 7.300880e-01 3.228000e-03 2.666840e-01
263 7.295120e-01 3.284000e-03 2.672040e-01
264 7.289120e-01 3.252000e-03 2.678360e-01
265 7.282920e-01 3.308000e-03 2.684000e-01
266 7.277440e-01 3.264000e-03 2.689920e-01
267 7.272480e-01 3.164000e-03 2.695880e-01
268 7.266960e-01 3.160000e-03 2.701440e-01
269 7.261600e-01 3.168000e-03 2.706720e-01
270 7.255960e-01 3.228000e-03 2.711760e-01
271 7.250800e-01 3.184000e-03 2.717360e-01
272 7.245320e-01 3.212000e-03 2.722560e-01
273 7.241280e-01 3.128000e-03 2.727440e-01
274 7.236720e-01 3.060000e-03 2.732680e-01
275 7.231080e-01 3.016000e-03 2.738760e-01
276 7.226320e-01 2.992000e-03 2.743760e-01
277 7.222360e-01 2.796000e-03 2.749680e-01
278 7.217560e-01 2.748000e-03 2.754960e-01
279 7.212640e-01 2.760000e-03 2.759760e-01
280 7.207480e-01 2.820000e-03 2.764320e-01
281 7.202240e-01 2.812000e-03 2.769640e-01
282 7.197200e-01 2.792000e-03 2.774880e-01
283 7.192560e-01 2.816000e-03 2.779280e-01
284 7.186640e-01 2.912000e-03 2.784240e-01
285 7.180760e-01 3.156000e-03 2.787680e-01
286 7.175200e-01 3.204000e-03 2.792760e-01
287 7.168240e-01 3.324000e-03 2.798520e-01
288 7.162200e-01 3.304000e-03 2.804760e-01
289 7.155480e-01 3.400000e-03 2.810520e-01
290 7.149480e-01 3.384000e-03 2.816680e-01
291 7.143960e-01 3.416000e-03 2.821880e-01
292 7.138000e-01 3.444000e-03 2.827560e-01
293 7.131280e-01 3.456000e-03 2.834160e-01
294 7.125880e-01 3.408000e-03 2.840040e-01
295 7.120280e-01 3.384000e-03 2.845880e-01
296 7.114400e-01 3.380000e-03 2.851800e-01
297 7.109680e-01 3.272000e-03 2.857600e-01
298 7.105080e-01 3.180000e-03 2.863120e-01
299 7.100120e-01 3.104000e-03 2.868840e-01
300 7.095120e-01 3.068000e-03 2.874200e-01
301 7.090400e-01 2.920000e-03 2.880400e-01
302 7.085840e-01 2.892000e-03 2.885240e-01
303 7.080920e-01 2.908000e-03 2.890000e-01
304 7.076640e-01 2.800000e-03 2.895360e-01
305 7.072680e-01 2.712000e-03 2.900200e-01
306 7.068320e-01 2.672000e-03 2.904960e-01
307 7.063200e-01 2.776000e-03 2.909040e-01
308 7.059240e-01 2.628000e-03 2.914480e-01
309 7.054720e-01 2.596000e-03 2.919320e-01
310 7.050760e-01 2.600000e-03 2.923240e-01
311 7.047560e-01 2.380000e-03 2.928640e-01
312 7.044480e-01 2.304000e-03 2.932480e-01
313 7.040240e-01 2.376000e-03 2.936000e-01
314 7.035400e-01 2.392000e-03 2.940680e-01
315 7.031840e-01 2.364000e-03 2.944520e-01
316 7.027240e-01 2.348000e-03 2.949280e-01
317 7.022760e-01 2.400000e-03 2.953240e-01
318 7.018480e-01 2.464000e-03 2.956880e-01
319 7.014480e-01 2.420000e-03 2.961320e-01
320 7.011040e-01 2.292000e-03 2.966040e-01
321 7.007400e-01 2.244000e-03 2.970160e-01
322 7.003680e-01 2.188000e-03 2.974440e-01
323 6.999400e-01 2.252000e-03 2.978080e-01
324 6.996320e-01 2.196000e-03 2.981720e-01
325 6.991560e-01 2.312000e-03 2.985320e-01
326 6.988040e-01 2.236000e-03 2.989600e-01
327 6.984120e-01 2.260000e-03 2.993280e-01
328 6.980080e-01 2.248000e-03 2.997440e-01
329 6.975880e-01 2.264000e-03 3.001480e-01
330 6.971280e-01 2.308000e-03 3.005640e-01
331 6.966880e-01 2.304000e-03 3.010080e-01
332 6.962800e-01 2.276000e-03 3.014440e-01
333 6.958960e-01 2.260000e-03 3.018440e-01
334 6.954760e-01 2.312000e-03 3.022120e-01
335 6.950440e-01 2.308000e-03 3.026480e-01
336 6.946720e-01 2.216000e-03 3.031120e-01
337 6.942680e-01 2.188000e-03 3.035440e-01
338 6.939240e-01 2.140000e-03 3.039360e-01
339 6.935520e-01 2.212000e-03 3.042360e-01
340 6.931680e-01 2.156000e-03 3.046760e-01
341 6.928280e-01 2.204000e-03 3.049680e-01
342 6.924400e-01 2.200000e-03 3.053600e-01
343 6.920880e-01 2.172000e-03 3.057400e-01
344 6.917280e-01 2.196000e-03 3.060760e-01
345 6.915000e-01 1.976000e-03 3.065240e-01
346 6.911600e-01 2.004000e-03 3.068360e-01
347 6.908440e-01 1.992000e-03 3.071640e-01
348 6.905440e-01 1.928000e-03 3.075280e-01
349 6.901720e-01 1.984000e-03 3.078440e-01
350 6.897720e-01 2.024000e-03 3.082040e-01
351 6.893920e-01 2.076000e-03 3.085320e-01
352 6.890680e-01 2.024000e-03 3.089080e-01
353 6.886320e-01 2.108000e-03 3.092600e-01
354 6.882960e-01 2.052000e-03 3.096520e-01
355 6.879160e-01 2.016000e-03 3.100680e-01
356 6.875560e-01 2.012000e-03 3.104320e-01
357 6.872560e-01 1.976000e-03 3.107680e-01
358 6.868840e-01 2.016000e-03 3.111000e-01
359 6.865680e-01 1.968000e-03 3.114640e-01
360 6.861360e-01 2.060000e-03 3.118040e-01
361 6.857600e-01 2.020000e-03 3.122200e-01
362 6.854440e-01 1.968000e-03 3.125880e-01
363 6.850960e-01 1.980000e-03 3.129240e-01
364 6.848200e-01 1.964000e-03 3.132160e-01
365 6.845320e-01 1.864000e-03 3.136040e-01
366 6.842000e-01 1.880000e-03 3.139200e-01
367 6.838600e-01 1.892000e-03 3.142480e-01
368 6.835520e-01 1.828000e-03 3.146200e-01
369 6.831360e-01 1.972000e-03 3.148920e-01
370 6.827040e-01 2.008000e-03 3.152880e-01
371 6.822960e-01 2.004000e-03 3.157000e-01
372 6.819400e-01 2.032000e-03 3.160280e-01
373 6.814960e-01 2.116000e-03 3.163880e-01
374 6.810800e-01 2.112000e-03 3.168080e-01
375 6.806840e-01 2.124000e-03 3.171920e-01
376 6.802240e-01 2.272000e-03 3.175040e-01
377 6.798480e-01 2.268000e-03 3.178840e-01
378 6.794120e-01 2.316000e-03 3.182720e-01
379 6.789720e-01 2.368000e-03 3.186600e-01
380 6.785440e-01 2.348000e-03 3.191080e-01
381 6.781200e-01 2.384000e-03 3.194960e-01
382 6.777240e-01 2.404000e-03 3.198720e-01
383 6.773000e-01 2.400000e-03 3.203000e-01
384 6.768360e-01 2.432000e-03 3.207320e-01
385 6.764040e-01 2.440000e-03 3.211560e-01
386 6.759760e-01 2.440000e-03 3.215840e-01
387 6.755720e-01 2.440000e-03 3.219880e-01
388 6.751720e-01 2.460000e-03 3.223680e-01
389 6.748040e-01 2.448000e-03 3.227480e-01
390 6.744360e-01 2.336000e-03 3.232280e-01
391 6.740360e-01 2.332000e-03 3.236320e-01
392 6.736440e-01 2.308000e-03 3.240480e-01
393 6.731960e-01 2.300000e-03 3.245040e-01
394 6.727320e-01 2.364000e-03 3.249040e-01
395 6.723640e-01 2.284000e-03 3.253520e-01
396 6.720040e-01 2.272000e-03 3.257240e-01
397 6.715480e-01 2.380000e-03 3.260720e-01
398 6.710800e-01 2.428000e-03 3.264920e-01
399 6.707720e-01 2.368000e-03 3.268600e-01
400 6.704080e-01 2.416000e-03 3.271760e-01
401 6.700520e-01 2.340000e-03 3.276080e-01
402 6.696360e-01 2.344000e-03 3.280200e-01
403 6.692560e-01 2.368000e-03 3.283760e-01
404 6.688400e-01 2.308000e-03 3.288520e-01
405 6.684400e-01 2.304000e-03 3.292560e-01
406 6.680440e-01 2.288000e-03 3.296680e-01
407 6.676240e-01 2.316000e-03 3.300600e-01
408 6.671680e-01 2.388000e-03 3.304440e-01
409 6.667360e-01 2.412000e-03 3.308520e-01
410 6.663320e-01 2.388000e-03 3.312800e-01
411 6.660160e-01 2.328000e-03 3.316560e-01
412 6.656840e-01 2.300000e-03 3.320160e-01
413 6.653600e-01 2.216000e-03 3.324240e-01
414 6.650480e-01 2.172000e-03 3.327800e-01
415 6.647160e-01 2.136000e-03 3.331480e-01
416 6.643640e-01 2.048000e-03 3.335880e-01
417 6.640560e-01 2.048000e-03 3.338960e-01
418 6.637920e-01 1.936000e-03 3.342720e-01
419 6.634680e-01 1.912000e-03 3.346200e-01
420 6.631920e-01 1.832000e-03 3.349760e-01
421 6.629040e-01 1.824000e-03 3.352720e-01
422 6.625920e-01 1.828000e-03 3.355800e-01
423 6.622800e-01 1.796000e-03 3.359240e-01
424 6.620120e-01 1.828000e-03 3.361600e-01
425 6.617680e-01 1.760000e-03 3.364720e-01
426 6.615120e-01 1.708000e-03 3.367800e-01
427 6.612480e-01 1.708000e-03 3.370440e-01
428 6.608960e-01 1.792000e-03 3.373120e-01
429 6.606200e-01 1.768000e-03 3.376120e-01
430 6.604400e-01 1.616000e-03 3.379440e-01
431 6.602080e-01 1.576000e-03 3.382160e-01
432 6.599360e-01 1.616000e-03 3.384480e-01
433 6.597000e-01 1.572000e-03 3.387280e-01
434 6.594280e-01 1.620000e-03 3.389520e-01
435 6.591480e-01 1.612000e-03 3.392400e-01
436 6.589000e-01 1.628000e-03 3.394720e-01
437 6.585960e-01 1.680000e-03 3.397240e-01
438 6.583040e-01 1.640000e-03 3.400560e-01
439 6.580480e-01 1.624000e-03 3.403280e-01
440 6.577680e-01 1.612000e-03 3.406200e-01
441 6.575120e-01 1.588000e-03 3.409000e-01
442 6.571720e-01 1.680000e-03 3.411480e-01
443 6.569160e-01 1.632000e-03 3.414520e-01
444 6.566360e-01 1.568000e-03 3.417960e-01
445 6.563360e-01 1.612000e-03 3.420520e-01
446 6.560800e-01 1.584000e-03 3.423360e-01
447 6.558480e-01 1.568000e-03 3.425840e-01
448 6.555640e-01 1.580000e-03 3.428560e-01
449 6.552600e-01 1.608000e-03 3.431320e-01
450 6.549680e-01 1.608000e-03 3.434240e-01
451 6.547200e-01 1.552000e-03 3.437280e-01
452 6.544200e-01 1.628000e-03 3.439520e-01
453 6.541560e-01 1.600000e-03 3.442440e-01
454 6.539000e-01 1.484000e-03 3.446160e-01
455 6.536680e-01 1.468000e-03 3.448640e-01
456 6.534080e-01 1.440000e-03 3.451520e-01
457 6.531920e-01 1.408000e-03 3.454000e-01
458 6.530440e-01 1.340000e-03 3.456160e-01
459 6.527800e-01 1.412000e-03 3.458080e-01
460 6.526200e-01 1.300000e-03 3.460800e-01
461 6.524280e-01 1.308000e-03 3.462640e-01
462 6.522320e-01 1.324000e-03 3.464440e-01
463 6.520320e-01 1.288000e-03 3.466800e-01
464 6.518160e-01 1.304000e-03 3.468800e-01
465 6.516080e-01 1.268000e-03 3.471240e-01
466 6.514080e-01 1.180000e-03 3.474120e-01
467 6.511960e-01 1.168000e-03 3.476360e-01
468 6.509720e-01 1.176000e-03 3.478520e-01
469 6.507960e-01 1.116000e-03 3.480880e-01
470 6.505960e-01 1.124000e-03 3.482800e-01
471 6.504280e-01 1.076000e-03 3.484960e-01
472 6.502440e-01 1.076000e-03 3.486800e-01
473 6.500320e-01 1.092000e-03 3.488760e-01
474 6.498040e-01 1.128000e-03 3.490680e-01
475 6.496320e-01 1.080000e-03 3.492880e-01
476 6.494840e-01 1.068000e-03 3.494480e-01
477 6.493200e-01 1.048000e-03 3.496320e-01
478 6.491160e-01 1.092000e-03 3.497920e-01
479 6.489240e-01 1.076000e-03 3.500000e-01
480 6.487640e-01 1.072000e-03 3.501640e-01
481 6.486160e-01 1.028000e-03 3.503560e-01
482 6.484040e-01 1.104000e-03 3.504920e-01
483 6.482680e-01 1.040000e-03 3.506920e-01
484 6.481400e-01 9.720000e-04 3.508880e-01
485 6.479480e-01 1.024000e-03 3.510280e-01
486 6.478080e-01 1.016000e-03 3.511760e-01
487 6.475800e-01 1.048000e-03 3.513720e-01
488 6.473720e-01 1.072000e-03 3.515560e-01
489 6.471000e-01 1.128000e-03 3.517720e-01
490 6.469200e-01 1.108000e-03 3.519720e-01
491 6.467000e-01 1.164000e-03 3.521360e-01
492 6.464960e-01 1.144000e-03 3.523600e-01
493 6.462800e-01 1.152000e-03 3.525680e-01
494 6.460960e-01 1.124000e-03 3.527800e-01
495 6.458440e-01 1.180000e-03 3.529760e-01
496 6.456440e-01 1.204000e-03 3.531520e-01
497 6.455120e-01 1.108000e-03 3.533800e-01
498 6.453360e-01 1.060000e-03 3.536040e-01
499 6.451600e-01 1.048000e-03 3.537920e-01
500 6.449720e-01 1.060000e-03 3.539680e-01
