1 9.991000e-01 7.840000e-04 1.160000e-04
2 9.984760e-01 1.220000e-03 3.040000e-04
3 9.977200e-01 1.688000e-03 5.920000e-04
4 9.969520e-01 2.224000e-03 8.240000e-04
5 9.959840e-01 2.744000e-03 1.272000e-03
6 9.950360e-01 3.200000e-03 1.764000e-03
7 9.940840e-01 3.528000e-03 2.388000e-03
8 9.931400e-01 3.796000e-03 3.064000e-03
9 9.920280e-01 4.196000e-03 3.776000e-03
10 9.909680e-01 4.472000e-03 4.560000e-03
11 9.899760e-01 4.584000e-03 5.440000e-03
12 9.889080e-01 4.972000e-03 6.120000e-03
13 9.877920e-01 5.160000e-03 7.048000e-03
14 9.866000e-01 5.364000e-03 8.036000e-03
15 9.854560e-01 5.544000e-03 9.000000e-03
16 9.842320e-01 5.776000e-03 9.992000e-03
17 9.830080e-01 5.908000e-03 1.108400e-02
18 9.816400e-01 6.208000e-03 1.215200e-02
19 9.803200e-01 6.416000e-03 1.326400e-02
20 9.789680e-01 6.652000e-03 1.438000e-02
21 9.776280e-01 6.876000e-03 1.549600e-02
22 9.760360e-01 7.312000e-03 1.665200e-02
23 9.744560e-01 7.636000e-03 1.790800e-02
24 9.730880e-01 7.576000e-03 1.933600e-02
25 9.715960e-01 7.820000e-03 2.058400e-02
26 9.701960e-01 7.796000e-03 2.200800e-02
27 9.687640e-01 7.844000e-03 2.339200e-02
28 9.671840e-01 8.100000e-03 2.471600e-02
29 9.657480e-01 8.164000e-03 2.608800e-02
30 9.642760e-01 8.204000e-03 2.752000e-02
31 9.627080e-01 8.408000e-03 2.888400e-02
32 9.612160e-01 8.352000e-03 3.043200e-02
33 9.595880e-01 8.480000e-03 3.193200e-02
34 9.580360e-01 8.500000e-03 3.346400e-02
35 9.564080e-01 8.652000e-03 3.494000e-02
36 9.548760e-01 8.676000e-03 3.644800e-02
37 9.532320e-01 8.772000e-03 3.799600e-02
38 9.515880e-01 8.856000e-03 3.955600e-02
39 9.500320e-01 8.964000e-03 4.100400e-02
40 9.485120e-01 8.856000e-03 4.263200e-02
41 9.467440e-01 9.056000e-03 4.420000e-02
42 9.451320e-01 9.024000e-03 4.584400e-02
43 9.435000e-01 9.052000e-03 4.744800e-02
44 9.417600e-01 9.060000e-03 4.918000e-02
45 9.401120e-01 9.048000e-03 5.084000e-02
46 9.384520e-01 9.088000e-03 5.246000e-02
47 9.370440e-01 8.780000e-03 5.417600e-02
48 9.355000e-01 8.680000e-03 5.582000e-02
49 9.339080e-01 8.720000e-03 5.737200e-02
50 9.322160e-01 8.904000e-03 5.888000e-02
51 9.304760e-01 9.000000e-03 6.052400e-02
52 9.287760e-01 9.024000e-03 6.220000e-02
53 9.272760e-01 8.844000e-03 6.388000e-02
54 9.256680e-01 8.896000e-03 6.543600e-02
55 9.241760e-01 8.948000e-03 6.687600e-02
56 9.227160e-01 8.864000e-03 6.842000e-02
57 9.212400e-01 8.740000e-03 7.002000e-02
58 9.195800e-01 8.768000e-03 7.165200e-02
59 9.180520e-01 8.784000e-03 7.316400e-02
60 9.164360e-01 8.804000e-03 7.476000e-02
61 9.149120e-01 8.664000e-03 7.642400e-02
62 9.134680e-01 8.560000e-03 7.797200e-02
63 9.119440e-01 8.620000e-03 7.943600e-02
64 9.103640e-01 8.668000e-03 8.096800e-02
65 9.087960e-01 8.728000e-03 8.247600e-02
66 9.071720e-01 8.780000e-03 8.404800e-02
67 9.057360e-01 8.736000e-03 8.552800e-02
68 9.041920e-01 8.796000e-03 8.701200e-02
69 9.026520e-01 8.824000e-03 8.852400e-02
70 9.011040e-01 8.924000e-03 8.997200e-02
71 8.994120e-01 8.988000e-03 9.160000e-02
72 8.978200e-01 9.088000e-03 9.309200e-02
73 8.960880e-01 9.228000e-03 9.468400e-02
74 8.944280e-01 9.312000e-03 9.626000e-02
75 8.929800e-01 9.020000e-03 9.800000e-02
76 8.914320e-01 8.928000e-03 9.964000e-02
77 8.897360e-01 9.116000e-03 1.011480e-01
78 8.880600e-01 9.076000e-03 1.028640e-01
79 8.862640e-01 9.140000e-03 1.045960e-01
80 8.846160e-01 9.276000e-03 1.061080e-01
81 8.831240e-01 9.076000e-03 1.078000e-01
82 8.817640e-01 8.844000e-03 1.093920e-01
83 8.802960e-01 8.780000e-03 1.109240e-01
84 8.786520e-01 8.852000e-03 1.124960e-01
85 8.771880e-01 8.864000e-03 1.139480e-01
86 8.755080e-01 8.952000e-03 1.155400e-01
87 8.738840e-01 8.928000e-03 1.171880e-01
88 8.723480e-01 8.868000e-03 1.187840e-01
89 8.708000e-01 8.868000e-03 1.203320e-01
90 8.692760e-01 8.832000e-03 1.218920e-01
91 8.676760e-01 8.740000e-03 1.235840e-01
92 8.659600e-01 8.936000e-03 1.251040e-01
93 8.643160e-01 9.004000e-03 1.266800e-01
94 8.627080e-01 9.060000e-03 1.282320e-01
95 8.611760e-01 9.116000e-03 1.297080e-01
96 8.595040e-01 9.312000e-03 1.311840e-01
97 8.577840e-01 9.316000e-03 1.329000e-01
98 8.561320e-01 9.332000e-03 1.345360e-01
99 8.545920e-01 9.216000e-03 1.361920e-01
100 8.529160e-01 9.260000e-03 1.378240e-01
101 8.512880e-01 9.320000e-03 1.393920e-01
102 8.496360e-01 9.372000e-03 1.409920e-01
103 8.481560e-01 9.316000e-03 1.425280e-01
104 8.465280e-01 9.396000e-03 1.440760e-01
105 8.449480e-01 9.284000e-03 1.457680e-01
106 8.434520e-01 9.204000e-03 1.473440e-01
107 8.417480e-01 9.236000e-03 1.490160e-01
108 8.402320e-01 9.176000e-03 1.505920e-01
109 8.386840e-01 9.072000e-03 1.522440e-01
110 8.370920e-01 9.064000e-03 1.538440e-01
111 8.354760e-01 9.116000e-03 1.554080e-01
112 8.339080e-01 9.080000e-03 1.570120e-01
113 8.323720e-01 9.020000e-03 1.586080e-01
114 8.308840e-01 9.024000e-03 1.600920e-01
115 8.293400e-01 9.104000e-03 1.615560e-01
116 8.278840e-01 8.904000e-03 1.632120e-01
117 8.264240e-01 8.880000e-03 1.646960e-01
118 8.248400e-01 8.860000e-03 1.663000e-01
119 8.232560e-01 8.860000e-03 1.678840e-01
120 8.216520e-01 8.880000e-03 1.694680e-01
121 8.199760e-01 8.864000e-03 1.711600e-01
122 8.182920e-01 9.008000e-03 1.727000e-01
123 8.163960e-01 9.296000e-03 1.743080e-01
124 8.147920e-01 9.300000e-03 1.759080e-01
125 8.132200e-01 9.176000e-03 1.776040e-01
126 8.117120e-01 9.048000e-03 1.792400e-01
127 8.103560e-01 8.900000e-03 1.807440e-01
128 8.088720e-01 8.908000e-03 1.822200e-01
129 8.074160e-01 8.752000e-03 1.838320e-01
130 8.058320e-01 8.792000e-03 1.853760e-01
131 8.042120e-01 8.848000e-03 1.869400e-01
132 8.026720e-01 9.004000e-03 1.883240e-01
133 8.009880e-01 9.152000e-03 1.898600e-01
134 7.993480e-01 9.152000e-03 1.915000e-01
135 7.977760e-01 9.192000e-03 1.930320e-01
136 7.960840e-01 9.292000e-03 1.946240e-01
137 7.943880e-01 9.440000e-03 1.961720e-01
138 7.929040e-01 9.284000e-03 1.978120e-01
139 7.914800e-01 9.080000e-03 1.994400e-01
140 7.899040e-01 9.136000e-03 2.009600e-01
141 7.885240e-01 8.952000e-03 2.025240e-01
142 7.870560e-01 8.972000e-03 2.039720e-01
143 7.854520e-01 8.988000e-03 2.055600e-01
144 7.837720e-01 9.156000e-03 2.070720e-01
145 7.823880e-01 8.960000e-03 2.086520e-01
146 7.809880e-01 8.888000e-03 2.101240e-01
147 7.794280e-01 8.876000e-03 2.116960e-01
148 7.779600e-01 8.912000e-03 2.131280e-01
149 7.765080e-01 8.812000e-03 2.146800e-01
150 7.751160e-01 8.588000e-03 2.162960e-01
151 7.738520e-01 8.240000e-03 2.179080e-01
152 7.725520e-01 7.976000e-03 2.194720e-01
153 7.711000e-01 8.148000e-03 2.207520e-01
154 7.697520e-01 8.092000e-03 2.221560e-01
155 7.685000e-01 7.956000e-03 2.235440e-01
156 7.672520e-01 7.836000e-03 2.249120e-01
157 7.659880e-01 7.844000e-03 2.261680e-01
158 7.645320e-01 7.888000e-03 2.275800e-01
159 7.631360e-01 7.852000e-03 2.290120e-01
160 7.618160e-01 7.824000e-03 2.303600e-01
161 7.604520e-01 7.860000e-03 2.316880e-01
162 7.590440e-01 7.832000e-03 2.331240e-01
163 7.577040e-01 7.768000e-03 2.345280e-01
164 7.564920e-01 7.648000e-03 2.358600e-01
165 7.551320e-01 7.492000e-03 2.373760e-01
166 7.538440e-01 7.484000e-03 2.386720e-01
167 7.526360e-01 7.384000e-03 2.399800e-01
168 7.514040e-01 7.316000e-03 2.412800e-01
169 7.500240e-01 7.404000e-03 2.425720e-01
170 7.488240e-01 7.304000e-03 2.438720e-01
171 7.476320e-01 7.272000e-03 2.450960e-01
172 7.464360e-01 7.188000e-03 2.463760e-01
173 7.451040e-01 7.244000e-03 2.476520e-01
174 7.437200e-01 7.424000e-03 2.488560e-01
175 7.425440e-01 7.224000e-03 2.502320e-01
176 7.413920e-01 7.164000e-03 2.514440e-01
177 7.402200e-01 7.096000e-03 2.526840e-01
178 7.388680e-01 7.216000e-03 2.539160e-01
179 7.375480e-01 7.352000e-03 2.551000e-01
180 7.363600e-01 7.188000e-03 2.564520e-01
181 7.351560e-01 7.048000e-03 2.577960e-01
182 7.339400e-01 6.968000e-03 2.590920e-01
183 7.326520e-01 7.036000e-03 2.603120e-01
184 7.314800e-01 6.888000e-03 2.616320e-01
185 7.302000e-01 6.872000e-03 2.629280e-01
186 7.290280e-01 6.840000e-03 2.641320e-01
187 7.278200e-01 6.900000e-03 2.652800e-01
188 7.265200e-01 6.968000e-03 2.665120e-01
189 7.253680e-01 6.908000e-03 2.677240e-01
190 7.242200e-01 6.772000e-03 2.690080e-01
191 7.232080e-01 6.692000e-03 2.701000e-01
192 7.219400e-01 6.772000e-03 2.712880e-01
193 7.208040e-01 6.744000e-03 2.724520e-01
194 7.196240e-01 6.844000e-03 2.735320e-01
195 7.186120e-01 6.688000e-03 2.747000e-01
196 7.175760e-01 6.616000e-03 2.758080e-01
197 7.165400e-01 6.464000e-03 2.769960e-01
198 7.154760e-01 6.472000e-03 2.780520e-01
199 7.145040e-01 6.224000e-03 2.792720e-01
200 7.135080e-01 6.084000e-03 2.804080e-01
201 7.124880e-01 6.032000e-03 2.814800e-01
202 7.115360e-01 5.960000e-03 2.825040e-01
203 7.106240e-01 5.800000e-03 2.835760e-01
204 7.096720e-01 5.716000e-03 2.846120e-01
205 7.088080e-01 5.552000e-03 2.856400e-01
206 7.078560e-01 5.552000e-03 2.865920e-01
207 7.069760e-01 5.536000e-03 2.874880e-01
208 7.061360e-01 5.408000e-03 2.884560e-01
209 7.051680e-01 5.476000e-03 2.893560e-01
210 7.043600e-01 5.348000e-03 2.902920e-01
211 7.035320e-01 5.228000e-03 2.912400e-01
212 7.026440e-01 5.124000e-03 2.922320e-01
213 7.018760e-01 5.088000e-03 2.930360e-01
214 7.009760e-01 5.108000e-03 2.939160e-01
215 7.001680e-01 5.072000e-03 2.947600e-01
216 6.994400e-01 4.872000e-03 2.956880e-01
217 6.986800e-01 4.756000e-03 2.965640e-01
218 6.979080e-01 4.744000e-03 2.973480e-01
219 6.971320e-01 4.748000e-03 2.981200e-01
220 6.963560e-01 4.696000e-03 2.989480e-01
221 6.954400e-01 4.824000e-03 2.997360e-01
222 6.944680e-01 4.852000e-03 3.006800e-01
223 6.935680e-01 4.848000e-03 3.015840e-01
224 6.926360e-01 4.964000e-03 3.024000e-01
225 6.916280e-01 5.100000e-03 3.032720e-01
226 6.908200e-01 5.044000e-03 3.041360e-01
227 6.899520e-01 5.028000e-03 3.050200e-01
228 6.892480e-01 4.880000e-03 3.058720e-01
229 6.884320e-01 4.856000e-03 3.067120e-01
230 6.875400e-01 4.880000e-03 3.075800e-01
231 6.866440e-01 4.896000e-03 3.084600e-01
232 6.857400e-01 4.984000e-03 3.092760e-01
233 6.848680e-01 4.904000e-03 3.102280e-01
234 6.839240e-01 4.940000e-03 3.111360e-01
235 6.831000e-01 4.924000e-03 3.119760e-01
236 6.822040e-01 5.008000e-03 3.127880e-01
237 6.813600e-01 4.996000e-03 3.136440e-01
238 6.804280e-01 5.096000e-03 3.144760e-01
239 6.795720e-01 5.092000e-03 3.153360e-01
240 6.787840e-01 5.096000e-03 3.161200e-01
241 6.779240e-01 5.072000e-03 3.170040e-01
242 6.770880e-01 4.976000e-03 3.179360e-01
243 6.763120e-01 4.876000e-03 3.188120e-01
244 6.756000e-01 4.808000e-03 3.195920e-01
245 6.747720e-01 4.848000e-03 3.203800e-01
246 6.739200e-01 4.876000e-03 3.212040e-01
247 6.730680e-01 4.908000e-03 3.220240e-01
248 6.723320e-01 4.768000e-03 3.229000e-01
249 6.715200e-01 4.720000e-03 3.237600e-01
250 6.707840e-01 4.608000e-03 3.246080e-01
251 6.700000e-01 4.672000e-03 3.253280e-01
252 6.692840e-01 4.520000e-03 3.261960e-01
253 6.685760e-01 4.452000e-03 3.269720e-01
254 6.678120e-01 4.436000e-03 3.277520e-01
255 6.669840e-01 4.476000e-03 3.285400e-01
256 6.662280e-01 4.372000e-03 3.294000e-01
257 6.654480e-01 4.360000e-03 3.301920e-01
258 6.646840e-01 4.348000e-03 3.309680e-01
259 6.638480e-01 4.364000e-03 3.317880e-01
260 6.630040e-01 4.436000e-03 3.325600e-01
261 6.622320e-01 4.388000e-03 3.333800e-01
262 6.614680e-01 4.392000e-03 3.341400e-01
263 6.607200e-01 4.440000e-03 3.348400e-01
264 6.600320e-01 4.216000e-03 3.357520e-01
265 6.593480e-01 4.128000e-03 3.365240e-01
266 6.586640e-01 4.092000e-03 3.372440e-01
267 6.579760e-01 4.036000e-03 3.379880e-01
268 6.572600e-01 4.048000e-03 3.386920e-01
269 6.564680e-01 4.112000e-03 3.394200e-01
270 6.557880e-01 4.056000e-03 3.401560e-01
271 6.550160e-01 4.144000e-03 3.408400e-01
272 6.543080e-01 4.132000e-03 3.415600e-01
273 6.536240e-01 4.136000e-03 3.422400e-01
274 6.530280e-01 4.104000e-03 3.428680e-01
275 6.523680e-01 4.100000e-03 3.435320e-01
276 6.516840e-01 4.116000e-03 3.442000e-01
277 6.510600e-01 4.108000e-03 3.448320e-01
278 6.503600e-01 4.120000e-03 3.455200e-01
279 6.495840e-01 4.100000e-03 3.463160e-01
280 6.488920e-01 4.100000e-03 3.470080e-01
281 6.481760e-01 4.224000e-03 3.476000e-01
282 6.474520e-01 4.164000e-03 3.483840e-01
283 6.467120e-01 4.124000e-03 3.491640e-01
284 6.458840e-01 4.196000e-03 3.499200e-01
285 6.452040e-01 4.192000e-03 3.506040e-01
286 6.445240e-01 4.056000e-03 3.514200e-01
287 6.438120e-01 4.080000e-03 3.521080e-01
288 6.431080e-01 4.012000e-03 3.528800e-01
289 6.423600e-01 4.080000e-03 3.535600e-01
290 6.416160e-01 4.084000e-03 3.543000e-01
291 6.408680e-01 4.124000e-03 3.550080e-01
292 6.400600e-01 4.224000e-03 3.557160e-01
293 6.393160e-01 4.200000e-03 3.564840e-01
294 6.385080e-01 4.276000e-03 3.572160e-01
295 6.377840e-01 4.232000e-03 3.579840e-01
296 6.370920e-01 4.212000e-03 3.586960e-01
297 6.362600e-01 4.312000e-03 3.594280e-01
298 6.355440e-01 4.336000e-03 3.601200e-01
299 6.348520e-01 4.236000e-03 3.609120e-01
300 6.341360e-01 4.148000e-03 3.617160e-01
301 6.335200e-01 4.064000e-03 3.624160e-01
302 6.329160e-01 3.924000e-03 3.631600e-01
303 6.322120e-01 3.908000e-03 3.638800e-01
304 6.316760e-01 3.696000e-03 3.646280e-01
305 6.310600e-01 3.592000e-03 3.653480e-01
306 6.305080e-01 3.460000e-03 3.660320e-01
307 6.298920e-01 3.488000e-03 3.666200e-01
308 6.293360e-01 3.476000e-03 3.671880e-01
309 6.287680e-01 3.572000e-03 3.676600e-01
310 6.281600e-01 3.576000e-03 3.682640e-01
311 6.276360e-01 3.500000e-03 3.688640e-01
312 6.270120e-01 3.508000e-03 3.694800e-01
313 6.263880e-01 3.532000e-03 3.700800e-01
314 6.258600e-01 3.416000e-03 3.707240e-01
315 6.252600e-01 3.460000e-03 3.712800e-01
316 6.246480e-01 3.432000e-03 3.719200e-01
317 6.240600e-01 3.344000e-03 3.725960e-01
318 6.234640e-01 3.308000e-03 3.732280e-01
319 6.229080e-01 3.320000e-03 3.737720e-01
320 6.223920e-01 3.256000e-03 3.743520e-01
321 6.218320e-01 3.236000e-03 3.749320e-01
322 6.212000e-01 3.224000e-03 3.755760e-01
323 6.206720e-01 3.240000e-03 3.760880e-01
324 6.202440e-01 3.084000e-03 3.766720e-01
325 6.197880e-01 2.996000e-03 3.772160e-01
326 6.194480e-01 2.816000e-03 3.777360e-01
327 6.190040e-01 2.716000e-03 3.782800e-01
328 6.186080e-01 2.644000e-03 3.787480e-01
329 6.181280e-01 2.776000e-03 3.790960e-01
330 6.176760e-01 2.776000e-03 3.795480e-01
331 6.173320e-01 2.628000e-03 3.800400e-01
332 6.168800e-01 2.584000e-03 3.805360e-01
333 6.164280e-01 2.576000e-03 3.809960e-01
334 6.160680e-01 2.512000e-03 3.814200e-01
335 6.156920e-01 2.508000e-03 3.818000e-01
336 6.153040e-01 2.488000e-03 3.822080e-01
337 6.148960e-01 2.496000e-03 3.826080e-01
338 6.144560e-01 2.492000e-03 3.830520e-01
339 6.140880e-01 2.480000e-03 3.834320e-01
340 6.136720e-01 2.504000e-03 3.838240e-01
341 6.132560e-01 2.500000e-03 3.842440e-01
342 6.128360e-01 2.488000e-03 3.846760e-01
343 6.124680e-01 2.396000e-03 3.851360e-01
344 6.120520e-01 2.384000e-03 3.855640e-01
345 6.116480e-01 2.300000e-03 3.860520e-01
346 6.112680e-01 2.296000e-03 3.864360e-01
347 6.108480e-01 2.300000e-03 3.868520e-01
348 6.104840e-01 2.248000e-03 3.872680e-01
349 6.101000e-01 2.208000e-03 3.876920e-01
350 6.097400e-01 2.192000e-03 3.880680e-01
351 6.093360e-01 2.184000e-03 3.884800e-01
352 6.090280e-01 2.052000e-03 3.889200e-01
353 6.086760e-01 2.012000e-03 3.893120e-01
354 6.083520e-01 1.968000e-03 3.896800e-01
355 6.080120e-01 1.956000e-03 3.900320e-01
356 6.076920e-01 1.908000e-03 3.904000e-01
357 6.073960e-01 1.852000e-03 3.907520e-01
358 6.070160e-01 1.952000e-03 3.910320e-01
359 6.065640e-01 2.092000e-03 3.913440e-01
360 6.061280e-01 2.140000e-03 3.917320e-01
361 6.057240e-01 2.172000e-03 3.921040e-01
362 6.052520e-01 2.284000e-03 3.924640e-01
363 6.048960e-01 2.204000e-03 3.929000e-01
364 6.045080e-01 2.188000e-03 3.933040e-01
365 6.040600e-01 2.380000e-03 3.935600e-01
366 6.036080e-01 2.348000e-03 3.940440e-01
367 6.032320e-01 2.292000e-03 3.944760e-01
368 6.029520e-01 2.168000e-03 3.948800e-01
369 6.026240e-01 2.092000e-03 3.952840e-01
370 6.022680e-01 2.056000e-03 3.956760e-01
371 6.019160e-01 2.076000e-03 3.960080e-01
372 6.015800e-01 2.084000e-03 3.963360e-01
373 6.012400e-01 2.072000e-03 3.966880e-01
374 6.009640e-01 1.968000e-03 3.970680e-01
375 6.006360e-01 1.924000e-03 3.974400e-01
376 6.003720e-01 1.824000e-03 3.978040e-01
377 6.000880e-01 1.840000e-03 3.980720e-01
378 5.998400e-01 1.808000e-03 3.983520e-01
379 5.995800e-01 1.780000e-03 3.986400e-01
380 5.993240e-01 1.740000e-03 3.989360e-01
381 5.990920e-01 1.628000e-03 3.992800e-01
382 5.988560e-01 1.504000e-03 3.996400e-01
383 5.986800e-01 1.396000e-03 3.999240e-01
384 5.983960e-01 1.432000e-03 4.001720e-01
385 5.981320e-01 1.404000e-03 4.004640e-01
386 5.979040e-01 1.396000e-03 4.007000e-01
387 5.976120e-01 1.420000e-03 4.009680e-01
388 5.973760e-01 1.396000e-03 4.012280e-01
389 5.971800e-01 1.308000e-03 4.015120e-01
390 5.969600e-01 1.288000e-03 4.017520e-01
391 5.967760e-01 1.264000e-03 4.019600e-01
392 5.966000e-01 1.264000e-03 4.021360e-01
393 5.964320e-01 1.208000e-03 4.023600e-01
394 5.962240e-01 1.244000e-03 4.025320e-01
395 5.960640e-01 1.148000e-03 4.027880e-01
396 5.958480e-01 1.168000e-03 4.029840e-01
397 5.955960e-01 1.256000e-03 4.031480e-01
398 5.954200e-01 1.220000e-03 4.033600e-01
399 5.952520e-01 1.200000e-03 4.035480e-01
400 5.950720e-01 1.208000e-03 4.037200e-01
401 5.949160e-01 1.104000e-03 4.039800e-01
402 5.947040e-01 1.188000e-03 4.041080e-01
403 5.944840e-01 1.172000e-03 4.043440e-01
404 5.943200e-01 1.148000e-03 4.045320e-01
405 5.941720e-01 1.096000e-03 4.047320e-01
406 5.940560e-01 1.024000e-03 4.049200e-01
407 5.939280e-01 9.840000e-04 4.050880e-01
408 5.937560e-01 1.016000e-03 4.052280e-01
409 5.935840e-01 9.840000e-04 4.054320e-01
410 5.934240e-01 9.520000e-04 4.056240e-01
411 5.932240e-01 9.360000e-04 4.058400e-01
412 5.930680e-01 9.760000e-04 4.059560e-01
413 5.929320e-01 9.720000e-04 4.060960e-01
414 5.927920e-01 9.160000e-04 4.062920e-01
415 5.926560e-01 8.440000e-04 4.065000e-01
416 5.925040e-01 8.600000e-04 4.066360e-01
417 5.922920e-01 9.200000e-04 4.067880e-01
418 5.921360e-01 9.560000e-04 4.069080e-01
419 5.919560e-01 1.012000e-03 4.070320e-01
420 5.917520e-01 1.032000e-03 4.072160e-01
421 5.915520e-01 1.064000e-03 4.073840e-01
422 5.913840e-01 1.048000e-03 4.075680e-01
423 5.912400e-01 1.008000e-03 4.077520e-01
424 5.911000e-01 9.400000e-04 4.079600e-01
425 5.909360e-01 8.760000e-04 4.081880e-01
426 5.908160e-01 8.480000e-04 4.083360e-01
427 5.907040e-01 8.240000e-04 4.084720e-01
428 5.905800e-01 8.400000e-04 4.085800e-01
429 5.904840e-01 8.120000e-04 4.087040e-01
430 5.903360e-01 7.920000e-04 4.088720e-01
431 5.902240e-01 7.480000e-04 4.090280e-01
432 5.901400e-01 6.960000e-04 4.091640e-01
433 5.900600e-01 6.920000e-04 4.092480e-01
434 5.899600e-01 6.920000e-04 4.093480e-01
435 5.898520e-01 6.960000e-04 4.094520e-01
436 5.897320e-01 6.840000e-04 4.095840e-01
437 5.895880e-01 7.080000e-04 4.097040e-01
438 5.894760e-01 6.720000e-04 4.098520e-01
439 5.893760e-01 6.560000e-04 4.099680e-01
440 5.893040e-01 6.080000e-04 4.100880e-01
441 5.892680e-01 5.280000e-04 4.102040e-01
442 5.892120e-01 4.560000e-04 4.103320e-01
443 5.891680e-01 4.200000e-04 4.104120e-01
444 5.890880e-01 4.440000e-04 4.104680e-01
445 5.890080e-01 4.320000e-04 4.105600e-01
446 5.889000e-01 4.680000e-04 4.106320e-01
447 5.887680e-01 5.200000e-04 4.107120e-01
448 5.886080e-01 6.000000e-04 4.107920e-01
449 5.885200e-01 6.040000e-04 4.108760e-01
450 5.884480e-01 5.680000e-04 4.109840e-01
451 5.883320e-01 5.840000e-04 4.110840e-01
452 5.882440e-01 5.600000e-04 4.111960e-01
453 5.881600e-01 5.680000e-04 4.112720e-01
454 5.880880e-01 5.480000e-04 4.113640e-01
455 5.879920e-01 5.600000e-04 4.114480e-01
456 5.879120e-01 5.360000e-04 4.115520e-01
457 5.878600e-01 4.840000e-04 4.116560e-01
458 5.878080e-01 4.160000e-04 4.117760e-01
459 5.877360e-01 4.120000e-04 4.118520e-01
460 5.876920e-01 3.760000e-04 4.119320e-01
461 5.876160e-01 3.560000e-04 4.120280e-01
462 5.875280e-01 4.000000e-04 4.120720e-01
463 5.874600e-01 4.000000e-04 4.121400e-01
464 5.873720e-01 4.080000e-04 4.122200e-01
465 5.873280e-01 3.840000e-04 4.122880e-01
466 5.872640e-01 3.920000e-04 4.123440e-01
467 5.871760e-01 4.000000e-04 4.124240e-01
468 5.871000e-01 3.800000e-04 4.125200e-01
469 5.870080e-01 3.920000e-04 4.126000e-01
470 5.869280e-01 4.160000e-04 4.126560e-01
471 5.868600e-01 3.920000e-04 4.127480e-01
472 5.867760e-01 4.120000e-04 4.128120e-01
473 5.867280e-01 4.040000e-04 4.128680e-01
474 5.866760e-01 3.760000e-04 4.129480e-01
475 5.866000e-01 3.960000e-04 4.130040e-01
476 5.865400e-01 3.920000e-04 4.130680e-01
477 5.864960e-01 3.760000e-04 4.131280e-01
478 5.864440e-01 3.640000e-04 4.131920e-01
479 5.863520e-01 4.200000e-04 4.132280e-01
480 5.862800e-01 4.040000e-04 4.133160e-01
481 5.861960e-01 3.840000e-04 4.134200e-01
482 5.860640e-01 4.400000e-04 4.134960e-01
483 5.859720e-01 4.360000e-04 4.135920e-01
484 5.858640e-01 4.520000e-04 4.136840e-01
485 5.858120e-01 4.320000e-04 4.137560e-01
486 5.857520e-01 4.320000e-04 4.138160e-01
487 5.857000e-01 3.920000e-04 4.139080e-01
488 5.856400e-01 4.000000e-04 4.139600e-01
489 5.855640e-01 4.120000e-04 4.140240e-01
490 5.855000e-01 4.160000e-04 4.140840e-01
491 5.854360e-01 4.080000e-04 4.141560e-01
492 5.853840e-01 3.720000e-04 4.142440e-01
493 5.853520e-01 3.560000e-04 4.142920e-01
494 5.853000e-01 3.280000e-04 4.143720e-01
495 5.852720e-01 2.880000e-04 4.144400e-01
496 5.852440e-01 2.760000e-04 4.144800e-01
497 5.852040e-01 2.520000e-04 4.145440e-01
498 5.851480e-01 2.520000e-04 4.146000e-01
499 5.851160e-01 2.320000e-04 4.146520e-01
500 5.850760e-01 2.160000e-04 4.147080e-01
